[name]
unknown

[dist]
# distance from previous block
# <min> <max>
0	0

[block]
# block no. 0 follows, 23 sequences, length 140
# corresponding to MSA columns:
# 0-139
name=unknown_A
#
# <colnr> <probs for GDERKNQSTAVLIFYWHMCP>
#	G	D	E	R	K	N	Q	S	T	A	V	L	I	F	Y	W	H	M	C	P
0	0.01308	0.00934	0.01308	0.01494	0.01681	0.00934	0.01308	0.01681	0.01868	0.02428	0.04296	0.09153	0.04670	0.02242	0.01121	0.00374	0.00747	0.60960	0.00747	0.00747
1	0.02795	0.03420	0.02529	0.02756	0.17236	0.52948	0.01780	0.03067	0.02195	0.02139	0.01317	0.01589	0.01101	0.00810	0.00748	0.00216	0.01348	0.00569	0.00414	0.01020
2	0.02110	0.40963	0.24333	0.01781	0.02601	0.11502	0.01932	0.02584	0.01757	0.02133	0.01251	0.01456	0.01037	0.00738	0.00630	0.00205	0.01055	0.00499	0.00355	0.01079
3	0.00987	0.00714	0.00933	0.01109	0.01171	0.00661	0.00744	0.01132	0.01574	0.02080	0.04732	0.66577	0.09576	0.02508	0.01030	0.00326	0.00467	0.02266	0.00753	0.00661
4	0.01295	0.01070	0.01565	0.01487	0.01600	0.01339	0.01182	0.01560	0.01290	0.01899	0.01929	0.02876	0.01816	0.05055	0.53771	0.01094	0.17160	0.00834	0.00417	0.00761
5	0.02926	0.02185	0.02348	0.01808	0.02452	0.02388	0.01487	0.56011	0.07198	0.04843	0.01991	0.01992	0.01431	0.00956	0.00798	0.00237	0.00858	0.00724	0.00790	0.06577
6	0.01024	0.00733	0.00973	0.01106	0.01185	0.00683	0.00756	0.01219	0.01718	0.02333	0.18066	0.56615	0.05873	0.02347	0.01018	0.00313	0.00451	0.02121	0.00784	0.00683
7	0.01238	0.00844	0.01182	0.01182	0.01337	0.00957	0.00915	0.01547	0.01393	0.02138	0.02279	0.03151	0.02040	0.04939	0.53167	0.01055	0.01773	0.00844	0.17287	0.00732
8	0.02072	0.03575	0.52829	0.02121	0.03194	0.01732	0.02599	0.02876	0.01848	0.16803	0.01842	0.01945	0.01245	0.00822	0.00781	0.00256	0.01087	0.00647	0.00489	0.01239
9	0.02440	0.41577	0.03402	0.01703	0.02238	0.26232	0.01486	0.02675	0.01844	0.01940	0.01167	0.01401	0.01045	0.00809	0.00785	0.00202	0.07197	0.00490	0.00373	0.00992
10	0.01160	0.00987	0.01021	0.00998	0.01300	0.00929	0.00765	0.01736	0.12824	0.02412	0.07180	0.07041	0.52139	0.01898	0.00943	0.00279	0.00467	0.04363	0.00766	0.00792
11	0.30390	0.01944	0.01900	0.01521	0.02096	0.02180	0.01253	0.38272	0.02821	0.04475	0.01678	0.01764	0.01226	0.00891	0.00686	0.00244	0.00772	0.00624	0.04095	0.01167
12	0.01627	0.04197	0.67279	0.02313	0.03512	0.01884	0.02998	0.02570	0.01713	0.02570	0.01456	0.01713	0.01028	0.00771	0.00771	0.00257	0.01199	0.00600	0.00343	0.01199
13	0.02486	0.02835	0.02829	0.03629	0.36543	0.32921	0.02059	0.02841	0.02059	0.02340	0.01399	0.01754	0.01173	0.00776	0.00770	0.00226	0.01197	0.00629	0.00409	0.01124
14	0.02169	0.71972	0.04252	0.01388	0.02083	0.03211	0.01388	0.02430	0.01649	0.01909	0.01128	0.01302	0.01041	0.00694	0.00521	0.00174	0.00868	0.00434	0.00347	0.01041
15	0.02003	0.01943	0.03380	0.04890	0.62831	0.01935	0.06012	0.02497	0.01852	0.02648	0.01533	0.02019	0.01282	0.00721	0.00812	0.00243	0.00987	0.00737	0.00402	0.01274
16	0.01552	0.01560	0.01729	0.02038	0.15818	0.10181	0.01269	0.01827	0.01882	0.02306	0.08510	0.05041	0.33920	0.01518	0.01045	0.00264	0.06831	0.01231	0.00604	0.00875
17	0.00983	0.00762	0.00885	0.00981	0.01129	0.00676	0.00681	0.01147	0.01673	0.02107	0.06090	0.39925	0.32685	0.04974	0.01120	0.00322	0.00456	0.01995	0.00743	0.00664
18	0.00976	0.00823	0.00845	0.00840	0.01106	0.00692	0.00630	0.01197	0.01889	0.02286	0.13333	0.07654	0.60921	0.02020	0.00959	0.00272	0.00409	0.01691	0.00766	0.00692
19	0.03085	0.02273	0.02435	0.01867	0.02516	0.02516	0.01542	0.63716	0.03815	0.05114	0.01948	0.01948	0.01380	0.00974	0.00812	0.00244	0.00893	0.00731	0.00812	0.01380
20	0.12305	0.03826	0.57944	0.02137	0.03237	0.01875	0.02699	0.02544	0.01666	0.02721	0.01410	0.01657	0.01007	0.00768	0.00733	0.00256	0.01118	0.00577	0.00365	0.01154
21	0.02079	0.02062	0.03225	0.04780	0.61992	0.06523	0.02426	0.02542	0.01879	0.02605	0.01507	0.01970	0.01269	0.00731	0.00798	0.00239	0.00999	0.00709	0.00403	0.01261
22	0.00989	0.00706	0.00942	0.01130	0.01177	0.00659	0.00753	0.01130	0.01554	0.02071	0.04472	0.70954	0.05367	0.02542	0.01036	0.00330	0.00471	0.02307	0.00753	0.00659
23	0.01643	0.01547	0.02506	0.22188	0.34905	0.01618	0.02010	0.02080	0.01785	0.02387	0.02982	0.03334	0.15548	0.01042	0.00840	0.00257	0.00875	0.00941	0.00468	0.01045
24	0.03043	0.03512	0.02330	0.02041	0.02510	0.53569	0.01562	0.16730	0.02638	0.02684	0.01409	0.01571	0.01120	0.00867	0.00750	0.00217	0.01336	0.00569	0.00506	0.01039
25	0.00966	0.00795	0.00850	0.00893	0.01115	0.00679	0.00648	0.01157	0.01781	0.02164	0.07356	0.22360	0.52099	0.02167	0.00977	0.00287	0.00425	0.01849	0.00753	0.00679
26	0.00989	0.00706	0.00942	0.01130	0.01177	0.00659	0.00753	0.01130	0.01554	0.02071	0.04472	0.70954	0.05367	0.02542	0.01036	0.00330	0.00471	0.02307	0.00753	0.00659
27	0.02469	0.43723	0.03466	0.01664	0.02241	0.22323	0.01470	0.06894	0.01972	0.02156	0.01219	0.01417	0.01067	0.00790	0.00704	0.00197	0.04307	0.00494	0.00401	0.01028
28	0.01954	0.06564	0.02298	0.01859	0.02151	0.18215	0.06145	0.04829	0.01715	0.02119	0.01602	0.02221	0.01436	0.02852	0.25725	0.00642	0.15639	0.00724	0.00423	0.00888
29	0.01258	0.00851	0.00957	0.00939	0.00970	0.00860	0.00550	0.04004	0.01314	0.01753	0.02605	0.07767	0.02975	0.65557	0.03857	0.00744	0.00779	0.01204	0.00517	0.00538
30	0.01842	0.02053	0.04371	0.03172	0.03894	0.01981	0.55043	0.02467	0.01829	0.02505	0.01662	0.02258	0.01294	0.01197	0.06995	0.00369	0.04670	0.00938	0.00410	0.01052
31	0.02450	0.49770	0.03615	0.01617	0.02221	0.24405	0.01447	0.02694	0.01861	0.01934	0.01169	0.01354	0.01043	0.00740	0.00589	0.00185	0.01062	0.00463	0.00370	0.01009
32	0.02051	0.01834	0.02910	0.09010	0.47709	0.01900	0.02202	0.02845	0.12851	0.05742	0.01908	0.02233	0.01512	0.00808	0.00808	0.00250	0.00904	0.00761	0.00501	0.01261
33	0.03031	0.03867	0.02299	0.02090	0.02508	0.68226	0.01568	0.03240	0.02299	0.01986	0.01254	0.01463	0.01045	0.00836	0.00732	0.00209	0.01463	0.00523	0.00418	0.00941
34	0.02008	0.01928	0.03294	0.04981	0.66422	0.01928	0.02490	0.02490	0.01848	0.02651	0.01526	0.02008	0.01285	0.00723	0.00803	0.00241	0.00964	0.00723	0.00402	0.01285
35	0.02042	0.01535	0.01406	0.01248	0.01569	0.10237	0.00972	0.16273	0.02228	0.03250	0.02250	0.02584	0.01774	0.01466	0.07615	0.00319	0.00827	0.00731	0.40753	0.00921
36	0.01378	0.01191	0.01723	0.01597	0.01691	0.01536	0.01284	0.01628	0.01282	0.01908	0.01780	0.02687	0.01687	0.04431	0.45001	0.00967	0.26228	0.00813	0.00406	0.00782
37	0.01148	0.00829	0.01085	0.01021	0.01212	0.00766	0.00766	0.01531	0.02297	0.03254	0.65994	0.06061	0.07656	0.01659	0.00957	0.00255	0.00383	0.01467	0.00893	0.00766
38	0.03085	0.02273	0.02435	0.01867	0.02516	0.02516	0.01542	0.63716	0.03815	0.05114	0.01948	0.01948	0.01380	0.00974	0.00812	0.00244	0.00893	0.00731	0.00812	0.01380
39	0.01627	0.04197	0.67279	0.02313	0.03512	0.01884	0.02998	0.02570	0.01713	0.02570	0.01456	0.01713	0.01028	0.00771	0.00771	0.00257	0.01199	0.00600	0.00343	0.01199
40	0.01180	0.00787	0.00885	0.00885	0.00885	0.00787	0.00492	0.01180	0.01180	0.01573	0.02557	0.05310	0.02950	0.71483	0.04130	0.00787	0.00787	0.01180	0.00492	0.00492
41	0.01148	0.00829	0.01085	0.01021	0.01212	0.00766	0.00766	0.01531	0.02297	0.03254	0.65994	0.06061	0.07656	0.01659	0.00957	0.00255	0.00383	0.01467	0.00893	0.00766
42	0.01148	0.00829	0.01085	0.01021	0.01212	0.00766	0.00766	0.01531	0.02297	0.03254	0.65994	0.06061	0.07656	0.01659	0.00957	0.00255	0.00383	0.01467	0.00893	0.00766
43	0.01106	0.00796	0.01046	0.01050	0.01203	0.00737	0.00762	0.01424	0.02097	0.02937	0.49490	0.23469	0.07042	0.01896	0.00978	0.00275	0.00406	0.01693	0.00856	0.00737
44	0.03085	0.02273	0.02435	0.01867	0.02516	0.02516	0.01542	0.63716	0.03815	0.05114	0.01948	0.01948	0.01380	0.00974	0.00812	0.00244	0.00893	0.00731	0.00812	0.01380
45	0.01532	0.01442	0.02434	0.69533	0.05589	0.01803	0.02253	0.02073	0.01622	0.02073	0.01442	0.02163	0.01082	0.00811	0.00811	0.00270	0.01082	0.00721	0.00361	0.00901
46	0.02018	0.01743	0.01835	0.01651	0.02110	0.02018	0.01284	0.04312	0.64956	0.03394	0.03303	0.03027	0.02477	0.01101	0.00826	0.00275	0.00642	0.00917	0.00826	0.01284
47	0.01532	0.01442	0.02434	0.69533	0.05589	0.01803	0.02253	0.02073	0.01622	0.02073	0.01442	0.02163	0.01082	0.00811	0.00811	0.00270	0.01082	0.00721	0.00361	0.00901
48	0.01180	0.00787	0.00885	0.00885	0.00885	0.00787	0.00492	0.01180	0.01180	0.01573	0.02557	0.05310	0.02950	0.71483	0.04130	0.00787	0.00787	0.01180	0.00492	0.00492
49	0.01138	0.00769	0.00897	0.00939	0.00950	0.00758	0.00549	0.01169	0.01263	0.01683	0.02980	0.19815	0.03484	0.56250	0.03446	0.00686	0.00717	0.01429	0.00549	0.00529
50	0.01984	0.02075	0.07439	0.04808	0.62345	0.01925	0.02523	0.02495	0.01839	0.02646	0.01522	0.01989	0.01269	0.00726	0.00801	0.00242	0.00979	0.00715	0.00398	0.01280
51	0.03031	0.02241	0.02406	0.01841	0.02494	0.02461	0.01520	0.61353	0.03733	0.05019	0.01929	0.01938	0.01373	0.00960	0.00804	0.00239	0.00882	0.00721	0.00799	0.04256
52	0.00959	0.00822	0.00822	0.00822	0.01096	0.00685	0.00617	0.01165	0.01850	0.02192	0.08220	0.07809	0.66092	0.02055	0.00959	0.00274	0.00411	0.01713	0.00754	0.00685
53	0.02962	0.11620	0.02679	0.01803	0.02458	0.02609	0.01522	0.55497	0.03525	0.04684	0.01838	0.01861	0.01335	0.00937	0.00773	0.00234	0.00890	0.00691	0.00749	0.01335
54	0.03035	0.03764	0.02308	0.02076	0.02509	0.63968	0.01566	0.07159	0.02398	0.02189	0.01299	0.01495	0.01067	0.00845	0.00737	0.00211	0.01426	0.00536	0.00444	0.00969
55	0.01435	0.10622	0.01846	0.01422	0.01641	0.04596	0.01155	0.01707	0.01392	0.01898	0.01897	0.02735	0.01769	0.04723	0.50486	0.01021	0.07669	0.00781	0.00415	0.00791
56	0.77215	0.01569	0.01193	0.01067	0.01569	0.01820	0.00879	0.02385	0.01381	0.03641	0.01130	0.01318	0.00879	0.00753	0.00502	0.00251	0.00628	0.00439	0.00502	0.00879
57	0.01627	0.04197	0.67279	0.02313	0.03512	0.01884	0.02998	0.02570	0.01713	0.02570	0.01456	0.01713	0.01028	0.00771	0.00771	0.00257	0.01199	0.00600	0.00343	0.01199
58	0.01180	0.00787	0.00885	0.00885	0.00885	0.00787	0.00492	0.01180	0.01180	0.01573	0.02557	0.05310	0.02950	0.71483	0.04130	0.00787	0.00787	0.01180	0.00492	0.00492
59	0.00989	0.00706	0.00942	0.01130	0.01177	0.00659	0.00753	0.01130	0.01554	0.02071	0.04472	0.70954	0.05367	0.02542	0.01036	0.00330	0.00471	0.02307	0.00753	0.00659
60	0.00989	0.00706	0.00942	0.01130	0.01177	0.00659	0.00753	0.01130	0.01554	0.02071	0.04472	0.70954	0.05367	0.02542	0.01036	0.00330	0.00471	0.02307	0.00753	0.00659
61	0.00989	0.00706	0.00942	0.01130	0.01177	0.00659	0.00753	0.01130	0.01554	0.02071	0.04472	0.70954	0.05367	0.02542	0.01036	0.00330	0.00471	0.02307	0.00753	0.00659
62	0.01915	0.02189	0.04788	0.03420	0.04241	0.02052	0.63475	0.02599	0.01915	0.02599	0.01642	0.02189	0.01231	0.00684	0.00958	0.00274	0.01368	0.00958	0.00410	0.01094
63	0.03085	0.02273	0.02435	0.01867	0.02516	0.02516	0.01542	0.63716	0.03815	0.05114	0.01948	0.01948	0.01380	0.00974	0.00812	0.00244	0.00893	0.00731	0.00812	0.01380
64	0.03159	0.02153	0.02361	0.01810	0.02457	0.02339	0.01495	0.55702	0.03615	0.13411	0.02116	0.02057	0.01464	0.00978	0.00812	0.00245	0.00866	0.00742	0.00838	0.01380
65	0.03085	0.02273	0.02435	0.01867	0.02516	0.02516	0.01542	0.63716	0.03815	0.05114	0.01948	0.01948	0.01380	0.00974	0.00812	0.00244	0.00893	0.00731	0.00812	0.01380
66	0.01532	0.01442	0.02434	0.69533	0.05589	0.01803	0.02253	0.02073	0.01622	0.02073	0.01442	0.02163	0.01082	0.00811	0.00811	0.00270	0.01082	0.00721	0.00361	0.00901
67	0.01088	0.00801	0.01018	0.01018	0.01189	0.00731	0.00743	0.01393	0.02073	0.02850	0.44652	0.20635	0.14987	0.01907	0.00975	0.00274	0.00406	0.01686	0.00844	0.00731
68	0.00959	0.00822	0.00822	0.00822	0.01096	0.00685	0.00617	0.01165	0.01850	0.02192	0.08220	0.07809	0.66092	0.02055	0.00959	0.00274	0.00411	0.01713	0.00754	0.00685
69	0.29717	0.02112	0.01981	0.01592	0.02176	0.06061	0.01305	0.38188	0.02853	0.04404	0.01614	0.01694	0.01181	0.00887	0.00696	0.00244	0.00831	0.00614	0.00678	0.01174
70	0.03058	0.03073	0.02367	0.01979	0.02512	0.35487	0.01555	0.33371	0.03055	0.03544	0.01600	0.01705	0.01212	0.00905	0.00772	0.00226	0.01179	0.00626	0.00614	0.01160
71	0.01159	0.00869	0.01304	0.01304	0.01449	0.01014	0.01014	0.01449	0.01304	0.01884	0.02173	0.03188	0.02029	0.06086	0.68268	0.01304	0.02173	0.00869	0.00435	0.00724
72	0.01627	0.04197	0.67279	0.02313	0.03512	0.01884	0.02998	0.02570	0.01713	0.02570	0.01456	0.01713	0.01028	0.00771	0.00771	0.00257	0.01199	0.00600	0.00343	0.01199
73	0.02674	0.03122	0.02365	0.02082	0.02400	0.43419	0.01625	0.08264	0.02130	0.02255	0.01262	0.01596	0.01081	0.01017	0.01295	0.00254	0.21163	0.00595	0.00435	0.00965
74	0.00972	0.00823	0.00840	0.00836	0.01104	0.00691	0.00627	0.01190	0.01881	0.02266	0.12224	0.07688	0.62042	0.02028	0.00959	0.00273	0.00409	0.01696	0.00763	0.00691
75	0.00987	0.00714	0.00934	0.01110	0.01172	0.00661	0.00744	0.01132	0.01573	0.02079	0.04715	0.66862	0.09301	0.02511	0.01031	0.00326	0.00467	0.02268	0.00753	0.00661
76	0.01555	0.01465	0.02474	0.66518	0.08430	0.01809	0.02265	0.02093	0.01633	0.02100	0.01446	0.02156	0.01091	0.00807	0.00811	0.00269	0.01076	0.00721	0.00362	0.00919
77	0.00989	0.00706	0.00942	0.01130	0.01177	0.00659	0.00753	0.01130	0.01554	0.02071	0.04472	0.70954	0.05367	0.02542	0.01036	0.00330	0.00471	0.02307	0.00753	0.00659
78	0.00989	0.00706	0.00942	0.01130	0.01177	0.00659	0.00753	0.01130	0.01554	0.02071	0.04472	0.70954	0.05367	0.02542	0.01036	0.00330	0.00471	0.02307	0.00753	0.00659
79	0.01639	0.01575	0.02224	0.01948	0.01980	0.02160	0.01607	0.01841	0.01256	0.01938	0.01310	0.02087	0.01278	0.02451	0.17159	0.00565	0.55011	0.00745	0.00373	0.00852
80	0.01987	0.01988	0.03638	0.04621	0.52093	0.01957	0.16543	0.02515	0.01863	0.02639	0.01553	0.02050	0.01273	0.00714	0.00839	0.00249	0.01057	0.00777	0.00404	0.01241
81	0.03497	0.01612	0.02026	0.01553	0.02187	0.01535	0.01283	0.19434	0.02709	0.50958	0.02877	0.02551	0.01846	0.00996	0.00815	0.00249	0.00743	0.00794	0.00954	0.01381
82	0.01906	0.01823	0.03108	0.18897	0.53307	0.01901	0.02439	0.02400	0.01799	0.02526	0.01508	0.02042	0.01241	0.00742	0.00805	0.00247	0.00989	0.00723	0.00393	0.01203
83	0.01148	0.00829	0.01085	0.01021	0.01212	0.00766	0.00766	0.01531	0.02297	0.03254	0.65994	0.06061	0.07656	0.01659	0.00957	0.00255	0.00383	0.01467	0.00893	0.00766
84	0.01159	0.00869	0.01304	0.01304	0.01449	0.01014	0.01014	0.01449	0.01304	0.01884	0.02173	0.03188	0.02029	0.06086	0.68268	0.01304	0.02173	0.00869	0.00435	0.00724
85	0.00989	0.00706	0.00942	0.01130	0.01177	0.00659	0.00753	0.01130	0.01554	0.02071	0.04472	0.70954	0.05367	0.02542	0.01036	0.00330	0.00471	0.02307	0.00753	0.00659
86	0.01627	0.04197	0.67279	0.02313	0.03512	0.01884	0.02998	0.02570	0.01713	0.02570	0.01456	0.01713	0.01028	0.00771	0.00771	0.00257	0.01199	0.00600	0.00343	0.01199
87	0.01242	0.00775	0.00860	0.00871	0.00915	0.00773	0.00523	0.01334	0.01317	0.01923	0.02687	0.08596	0.02897	0.51916	0.03164	0.00628	0.00678	0.01151	0.17189	0.00560
88	0.01292	0.00861	0.01131	0.01045	0.01262	0.00790	0.00790	0.01671	0.02298	0.06934	0.62368	0.05871	0.07330	0.01621	0.00949	0.00255	0.00401	0.01430	0.00900	0.00801
89	0.06914	0.01590	0.02593	0.46341	0.22694	0.01840	0.02226	0.02214	0.01670	0.02347	0.01445	0.02060	0.01126	0.00782	0.00788	0.00261	0.01017	0.00702	0.00382	0.01010
90	0.01513	0.00756	0.00756	0.00756	0.00945	0.00756	0.00567	0.01891	0.01702	0.03025	0.02647	0.03025	0.02080	0.00945	0.00567	0.00189	0.00378	0.00756	0.75988	0.00756
91	0.00989	0.00706	0.00942	0.01130	0.01177	0.00659	0.00753	0.01130	0.01554	0.02071	0.04472	0.70954	0.05367	0.02542	0.01036	0.00330	0.00471	0.02307	0.00753	0.00659
92	0.01965	0.02092	0.06112	0.04399	0.44863	0.01965	0.21381	0.02527	0.01864	0.02632	0.01559	0.02053	0.01259	0.00713	0.00850	0.00252	0.01098	0.00791	0.00402	0.01223
93	0.01706	0.01225	0.01378	0.01257	0.01482	0.01281	0.00897	0.20518	0.02129	0.02836	0.03140	0.23198	0.05638	0.27160	0.02091	0.00467	0.00714	0.01385	0.00676	0.00822
94	0.02579	0.02493	0.02394	0.13932	0.08659	0.21943	0.01737	0.24259	0.05052	0.03237	0.01777	0.02227	0.01417	0.00947	0.00802	0.00245	0.01086	0.03514	0.00577	0.01123
95	0.06400	0.19496	0.12144	0.01662	0.02251	0.21528	0.03697	0.02414	0.01889	0.02217	0.02800	0.02881	0.15412	0.01051	0.00732	0.00227	0.00996	0.00786	0.00468	0.00949
96	0.01386	0.10156	0.01517	0.01149	0.01375	0.01212	0.00923	0.01690	0.01475	0.02224	0.02277	0.05956	0.02065	0.03737	0.36833	0.00790	0.01408	0.00845	0.22210	0.00772
97	0.02928	0.12633	0.02593	0.01945	0.02453	0.44365	0.01538	0.17067	0.02561	0.02696	0.01397	0.01553	0.01122	0.00849	0.00722	0.00212	0.01252	0.00559	0.00499	0.01055
98	0.01167	0.00918	0.01143	0.01123	0.01346	0.00827	0.00814	0.01396	0.01719	0.02370	0.13706	0.37041	0.12986	0.01940	0.00996	0.00273	0.03148	0.01700	0.00709	0.14677
99	0.02289	0.17645	0.02380	0.01546	0.02041	0.17499	0.01276	0.18721	0.02412	0.02851	0.03061	0.03101	0.16170	0.01370	0.03945	0.00277	0.00970	0.00849	0.00586	0.01012
100	0.02183	0.18328	0.03381	0.03765	0.43025	0.11115	0.02113	0.02577	0.01862	0.02391	0.01398	0.01772	0.01197	0.00732	0.00729	0.00221	0.01009	0.00629	0.00391	0.01183
101	0.02981	0.03667	0.02317	0.02077	0.02493	0.60838	0.01575	0.07376	0.02359	0.02201	0.01294	0.01510	0.01069	0.00871	0.00820	0.00218	0.04377	0.00545	0.00443	0.00969
102	0.01921	0.02451	0.18038	0.04366	0.51925	0.01918	0.02607	0.02509	0.01817	0.02632	0.01510	0.01940	0.01226	0.00734	0.00796	0.00245	0.01018	0.00695	0.00388	0.01265
103	0.02075	0.02054	0.03229	0.04793	0.62280	0.06224	0.02430	0.02539	0.01877	0.02608	0.01509	0.01973	0.01270	0.00730	0.00799	0.00239	0.00996	0.00710	0.00403	0.01263
104	0.01504	0.01104	0.01798	0.01496	0.01812	0.01114	0.14591	0.01926	0.01639	0.02616	0.02294	0.02885	0.01878	0.02304	0.19314	0.00515	0.01092	0.00832	0.38463	0.00822
105	0.01627	0.04197	0.67279	0.02313	0.03512	0.01884	0.02998	0.02570	0.01713	0.02570	0.01456	0.01713	0.01028	0.00771	0.00771	0.00257	0.01199	0.00600	0.00343	0.01199
106	0.01787	0.15992	0.53261	0.02141	0.03216	0.05214	0.02651	0.02577	0.01729	0.02427	0.01390	0.01630	0.01031	0.00761	0.00725	0.00240	0.01154	0.00567	0.00347	0.01160
107	0.01981	0.36966	0.32576	0.01851	0.02755	0.06825	0.02127	0.02545	0.01720	0.02212	0.01284	0.01498	0.01035	0.00738	0.00647	0.00214	0.01056	0.00514	0.00350	0.01106
108	0.00959	0.00822	0.00822	0.00822	0.01096	0.00685	0.00617	0.01165	0.01850	0.02192	0.08220	0.07809	0.66092	0.02055	0.00959	0.00274	0.00411	0.01713	0.00754	0.00685
109	0.01470	0.01073	0.01280	0.01285	0.01482	0.01088	0.00929	0.15553	0.02089	0.02778	0.04067	0.52074	0.07313	0.02158	0.00980	0.00307	0.00565	0.01916	0.00767	0.00826
110	0.02010	0.01887	0.02971	0.04245	0.52211	0.01948	0.02224	0.02893	0.15792	0.02815	0.01919	0.02233	0.01549	0.00806	0.00808	0.00249	0.00893	0.00766	0.00495	0.01285
111	0.01179	0.00791	0.00909	0.00909	0.00918	0.00800	0.00522	0.01196	0.01187	0.01591	0.02535	0.05187	0.02897	0.67707	0.07834	0.00817	0.00867	0.01162	0.00488	0.00505
112	0.00959	0.00822	0.00822	0.00822	0.01096	0.00685	0.00617	0.01165	0.01850	0.02192	0.08220	0.07809	0.66092	0.02055	0.00959	0.00274	0.00411	0.01713	0.00754	0.00685
113	0.03031	0.03867	0.02299	0.02090	0.02508	0.68226	0.01568	0.03240	0.02299	0.01986	0.01254	0.01463	0.01045	0.00836	0.00732	0.00209	0.01463	0.00523	0.00418	0.00941
114	0.01159	0.00869	0.01304	0.01304	0.01449	0.01014	0.01014	0.01449	0.01304	0.01884	0.02173	0.03188	0.02029	0.06086	0.68268	0.01304	0.02173	0.00869	0.00435	0.00724
115	0.01006	0.00713	0.00937	0.01108	0.01151	0.00670	0.00730	0.01134	0.01520	0.02027	0.04303	0.65144	0.05153	0.08643	0.01310	0.00370	0.00499	0.02207	0.00730	0.00644
116	0.01627	0.04197	0.67279	0.02313	0.03512	0.01884	0.02998	0.02570	0.01713	0.02570	0.01456	0.01713	0.01028	0.00771	0.00771	0.00257	0.01199	0.00600	0.00343	0.01199
117	0.02962	0.02237	0.08023	0.01812	0.02489	0.02180	0.01586	0.42430	0.08691	0.15813	0.02247	0.02167	0.01557	0.00973	0.00810	0.00249	0.00862	0.00751	0.00806	0.01356
118	0.02008	0.01928	0.03294	0.04981	0.66422	0.01928	0.02490	0.02490	0.01848	0.02651	0.01526	0.02008	0.01285	0.00723	0.00803	0.00241	0.00964	0.00723	0.00402	0.01285
119	0.01899	0.01816	0.03095	0.19856	0.52404	0.01899	0.02436	0.02394	0.01796	0.02518	0.01507	0.02044	0.01238	0.00743	0.00805	0.00248	0.00991	0.00723	0.00392	0.01197
120	0.01903	0.01808	0.03007	0.19164	0.48685	0.01906	0.02359	0.02515	0.05886	0.02570	0.01623	0.02109	0.01317	0.00767	0.00807	0.00250	0.00969	0.00735	0.00420	0.01200
121	0.02008	0.01928	0.03294	0.04981	0.66422	0.01928	0.02490	0.02490	0.01848	0.02651	0.01526	0.02008	0.01285	0.00723	0.00803	0.00241	0.00964	0.00723	0.00402	0.01285
122	0.01369	0.01178	0.01706	0.01585	0.01681	0.01515	0.01273	0.01620	0.01283	0.01907	0.01796	0.02707	0.01701	0.04499	0.45951	0.00981	0.25246	0.00815	0.00408	0.00780
123	0.01159	0.00869	0.01304	0.01304	0.01449	0.01014	0.01014	0.01449	0.01304	0.01884	0.02173	0.03188	0.02029	0.06086	0.68268	0.01304	0.02173	0.00869	0.00435	0.00724
124	0.01376	0.01195	0.01797	0.01636	0.01763	0.01502	0.03635	0.01646	0.01309	0.01932	0.01816	0.02720	0.01705	0.04459	0.45730	0.00976	0.22782	0.00824	0.00410	0.00788
125	0.01626	0.01579	0.02419	0.02049	0.02176	0.02047	0.08219	0.01888	0.01331	0.02004	0.01422	0.02196	0.01339	0.02583	0.19941	0.00599	0.44553	0.00779	0.00382	0.00866
126	0.00983	0.00830	0.00856	0.00869	0.01137	0.00702	0.00664	0.01200	0.01851	0.02208	0.07948	0.07902	0.61835	0.02068	0.00970	0.00281	0.00434	0.05819	0.00753	0.00689
127	0.01492	0.00763	0.00788	0.00788	0.00974	0.00771	0.00593	0.01865	0.01679	0.02959	0.02620	0.03035	0.02077	0.01242	0.04477	0.00253	0.00482	0.00763	0.71625	0.00754
128	0.59819	0.01626	0.01749	0.09262	0.02341	0.01845	0.08217	0.02374	0.01470	0.03340	0.01225	0.01516	0.00943	0.00752	0.00590	0.00256	0.00765	0.00531	0.00475	0.00906
129	0.01679	0.01422	0.01531	0.01439	0.01819	0.01566	0.01134	0.03234	0.41953	0.02988	0.04569	0.04951	0.17430	0.01474	0.00896	0.00288	0.00603	0.09153	0.00799	0.01074
130	0.01003	0.00716	0.00958	0.01146	0.01200	0.00671	0.00778	0.01155	0.01568	0.02088	0.04464	0.68161	0.05335	0.02529	0.01040	0.00332	0.00483	0.04958	0.00753	0.00663
131	0.00959	0.00822	0.00822	0.00822	0.01096	0.00685	0.00617	0.01165	0.01850	0.02192	0.08220	0.07809	0.66092	0.02055	0.00959	0.00274	0.00411	0.01713	0.00754	0.00685
132	0.01996	0.01963	0.03494	0.04771	0.58083	0.01945	0.10669	0.02505	0.01857	0.02644	0.01542	0.02032	0.01278	0.00718	0.00824	0.00245	0.01018	0.00754	0.00403	0.01260
133	0.01150	0.00794	0.00985	0.01010	0.01049	0.00820	0.00642	0.01233	0.01258	0.01709	0.02729	0.13644	0.03070	0.47787	0.17887	0.00840	0.01051	0.01262	0.00514	0.00566
134	0.00990	0.00832	0.00865	0.00882	0.01148	0.00707	0.00678	0.01210	0.01851	0.02213	0.07873	0.07928	0.60657	0.02072	0.00973	0.00283	0.00441	0.06956	0.00753	0.00691
135	0.01003	0.00824	0.00883	0.00868	0.01123	0.00704	0.00651	0.01249	0.01953	0.02437	0.21533	0.07406	0.52627	0.01964	0.00959	0.00270	0.00405	0.01656	0.00786	0.00704
136	0.02264	0.01865	0.01973	0.01701	0.02204	0.02133	0.01344	0.18001	0.50867	0.03791	0.02990	0.02779	0.02224	0.01072	0.00822	0.00268	0.00700	0.00874	0.00822	0.01306
137	0.03085	0.02273	0.02435	0.01867	0.02516	0.02516	0.01542	0.63716	0.03815	0.05114	0.01948	0.01948	0.01380	0.00974	0.00812	0.00244	0.00893	0.00731	0.00812	0.01380
138	0.00989	0.00706	0.00942	0.01130	0.01177	0.00659	0.00753	0.01130	0.01554	0.02071	0.04472	0.70954	0.05367	0.02542	0.01036	0.00330	0.00471	0.02307	0.00753	0.00659
139	0.02256	0.02007	0.03096	0.04263	0.51696	0.02064	0.02272	0.16599	0.02301	0.03218	0.01623	0.01994	0.01307	0.00781	0.00805	0.00242	0.00948	0.00725	0.00496	0.01307

[dist]
# distance from previous block
# <min> <max>
0	2

[block]
# block no. 1 follows, 23 sequences, length 11
# corresponding to MSA columns:
# 142-152
name=unknown_B
#
# <colnr> <probs for GDERKNQSTAVLIFYWHMCP>
#	G	D	E	R	K	N	Q	S	T	A	V	L	I	F	Y	W	H	M	C	P
0	0.02266	0.64309	0.04032	0.01467	0.02131	0.10526	0.01409	0.02521	0.01722	0.01918	0.01142	0.01320	0.01042	0.00710	0.00544	0.00178	0.00935	0.00444	0.00355	0.01030
1	0.02680	0.02893	0.02307	0.02279	0.09576	0.36853	0.01600	0.06585	0.15516	0.05895	0.01847	0.01962	0.01443	0.00922	0.00855	0.00237	0.04240	0.00663	0.00551	0.01096
2	0.02157	0.01659	0.01848	0.01493	0.02040	0.01691	0.01190	0.18591	0.21198	0.06447	0.11073	0.02801	0.02550	0.01009	0.00781	0.00222	0.00662	0.00826	0.00749	0.21014
3	0.02065	0.01458	0.01486	0.01338	0.01700	0.08660	0.01024	0.05690	0.09740	0.17238	0.11169	0.16356	0.15618	0.01553	0.00891	0.00268	0.00653	0.01309	0.00800	0.00984
4	0.15712	0.42722	0.14367	0.01739	0.06734	0.02642	0.01647	0.02450	0.01625	0.02388	0.01212	0.01424	0.01027	0.00720	0.00580	0.00207	0.00887	0.00483	0.00378	0.01056
5	0.02884	0.15968	0.02677	0.01926	0.02432	0.45436	0.01531	0.13202	0.02435	0.02495	0.01347	0.01515	0.01100	0.00833	0.00707	0.00208	0.01260	0.00541	0.00471	0.01032
6	0.02137	0.15087	0.07854	0.03680	0.38517	0.10696	0.05766	0.02588	0.01864	0.02422	0.01421	0.01800	0.01189	0.00733	0.00749	0.00228	0.01051	0.00650	0.00390	0.01179
7	0.01789	0.01238	0.01391	0.01177	0.01549	0.01184	0.00888	0.14031	0.02043	0.05399	0.02804	0.11905	0.06047	0.13090	0.01319	0.00311	0.00626	0.01019	0.14350	0.17841
8	0.02452	0.24912	0.02729	0.01739	0.02209	0.36253	0.01438	0.02698	0.02020	0.02027	0.01893	0.02658	0.04221	0.01021	0.00724	0.00222	0.01140	0.08255	0.00452	0.00937
9	0.01743	0.11783	0.26335	0.01698	0.02386	0.13738	0.01785	0.02227	0.01839	0.02253	0.03319	0.06885	0.18404	0.01205	0.00795	0.00246	0.00958	0.00948	0.00487	0.00968
10	0.02278	0.01894	0.02049	0.02146	0.12907	0.11315	0.01435	0.06529	0.21764	0.11662	0.14273	0.03097	0.02907	0.01082	0.00831	0.00251	0.00788	0.00906	0.00730	0.01156

[dist]
# distance from previous block
# <min> <max>
0	2

[block]
# block no. 2 follows, 23 sequences, length 28
# corresponding to MSA columns:
# 155-182
name=unknown_C
#
# <colnr> <probs for GDERKNQSTAVLIFYWHMCP>
#	G	D	E	R	K	N	Q	S	T	A	V	L	I	F	Y	W	H	M	C	P
0	0.01592	0.02751	0.34148	0.02689	0.19343	0.01608	0.02279	0.02199	0.01664	0.02409	0.01992	0.11106	0.01881	0.09391	0.01213	0.00325	0.00995	0.00920	0.00428	0.01068
1	0.04458	0.15821	0.02112	0.01883	0.13641	0.01516	0.01210	0.01768	0.01649	0.02271	0.08911	0.24747	0.03351	0.07893	0.04924	0.00365	0.00767	0.01283	0.00566	0.00865
2	0.01801	0.05486	0.32204	0.02110	0.06963	0.14132	0.02112	0.02384	0.01866	0.02370	0.02737	0.03298	0.11707	0.01111	0.00818	0.00257	0.01056	0.06098	0.00462	0.01029
3	0.01804	0.03146	0.37647	0.03548	0.32646	0.01905	0.02763	0.02533	0.01775	0.02607	0.01489	0.01850	0.01147	0.00749	0.00786	0.00250	0.01090	0.00657	0.00370	0.01239
4	0.01815	0.02506	0.19386	0.09140	0.18630	0.02014	0.20934	0.02438	0.01739	0.02476	0.01478	0.01974	0.01160	0.00819	0.01078	0.00272	0.09876	0.00762	0.00380	0.01122
5	0.02668	0.29483	0.02909	0.01629	0.02183	0.24266	0.01381	0.05991	0.02128	0.12672	0.06078	0.01956	0.01678	0.00873	0.00684	0.00207	0.01004	0.00612	0.00538	0.01061
6	0.02733	0.03429	0.02087	0.01908	0.02305	0.58499	0.01431	0.02941	0.02235	0.02016	0.02257	0.02377	0.10413	0.01012	0.00764	0.00218	0.01312	0.00694	0.00466	0.00904
7	0.01015	0.00782	0.00869	0.00922	0.01073	0.00700	0.00628	0.01158	0.01622	0.02025	0.05942	0.25056	0.35362	0.17174	0.01665	0.00400	0.00509	0.01765	0.00697	0.00636
8	0.02037	0.56494	0.10715	0.01630	0.05317	0.02843	0.01554	0.02364	0.01634	0.01994	0.01279	0.01650	0.01180	0.05468	0.00804	0.00227	0.00902	0.00516	0.00359	0.01033
9	0.22852	0.01750	0.01484	0.01315	0.01728	0.11483	0.01040	0.13035	0.02192	0.03222	0.10947	0.03847	0.17363	0.01277	0.00777	0.00254	0.00724	0.03135	0.00660	0.00913
10	0.01404	0.01109	0.01404	0.01354	0.01550	0.04410	0.01056	0.05910	0.01549	0.02172	0.02137	0.03008	0.01937	0.05210	0.56800	0.01120	0.01958	0.00837	0.04294	0.00783
11	0.01775	0.16655	0.47139	0.02420	0.08782	0.02145	0.05252	0.02538	0.01721	0.02454	0.01409	0.01682	0.01062	0.00749	0.00735	0.00241	0.01124	0.00595	0.00352	0.01173
12	0.02008	0.01928	0.03294	0.04981	0.66422	0.01928	0.02490	0.02490	0.01848	0.02651	0.01526	0.02008	0.01285	0.00723	0.00803	0.00241	0.00964	0.00723	0.00402	0.01285
13	0.02607	0.05579	0.02290	0.02090	0.07897	0.33303	0.01506	0.15791	0.07103	0.02831	0.02369	0.02449	0.08697	0.01009	0.00779	0.00230	0.01094	0.00746	0.00566	0.01064
14	0.28516	0.06719	0.01891	0.01454	0.01949	0.11505	0.01181	0.19651	0.02362	0.03639	0.11683	0.02269	0.02132	0.00967	0.00696	0.00238	0.00800	0.00696	0.00629	0.01022
15	0.01915	0.01907	0.01554	0.01398	0.01786	0.17826	0.01075	0.10711	0.11318	0.02715	0.04929	0.04748	0.31973	0.01468	0.00863	0.00254	0.00771	0.01169	0.00689	0.00930
16	0.02141	0.07998	0.14134	0.03294	0.28258	0.14501	0.06977	0.02808	0.07424	0.02517	0.01597	0.01905	0.01278	0.00780	0.00777	0.00238	0.01094	0.00678	0.00428	0.01172
17	0.02149	0.02470	0.01687	0.01561	0.01923	0.35642	0.01186	0.05306	0.02178	0.02239	0.04127	0.04315	0.26355	0.01383	0.00842	0.00244	0.00994	0.03962	0.00583	0.00854
18	0.01880	0.43745	0.20554	0.01622	0.02371	0.02542	0.01762	0.02326	0.01616	0.02081	0.01366	0.01682	0.01180	0.01491	0.10343	0.00358	0.01144	0.00541	0.00359	0.01038
19	0.05314	0.20714	0.31423	0.01679	0.02471	0.01941	0.01917	0.02240	0.01791	0.02540	0.12929	0.02795	0.07095	0.01000	0.00739	0.00236	0.00886	0.00782	0.00477	0.01030
20	0.02092	0.02103	0.03213	0.04394	0.52154	0.07746	0.06590	0.02686	0.06139	0.02639	0.01630	0.02042	0.01341	0.00756	0.00809	0.00243	0.01014	0.00735	0.00432	0.01242
21	0.01956	0.01792	0.01544	0.01366	0.01738	0.17629	0.01038	0.07297	0.02177	0.07120	0.14704	0.08895	0.16451	0.03788	0.00957	0.00256	0.00763	0.01126	0.00680	0.08722
22	0.01984	0.02795	0.18624	0.02255	0.02685	0.14668	0.06191	0.02391	0.01603	0.02155	0.01236	0.01729	0.01063	0.01100	0.01717	0.00298	0.35485	0.00664	0.00368	0.00989
23	0.02035	0.55216	0.19834	0.01617	0.02436	0.02883	0.01786	0.02464	0.01665	0.02072	0.01209	0.01403	0.01038	0.00713	0.00583	0.00194	0.00950	0.00475	0.00346	0.01080
24	0.02272	0.01606	0.01870	0.01564	0.01979	0.01765	0.01247	0.33683	0.02655	0.06841	0.02248	0.05974	0.01920	0.07586	0.22271	0.00620	0.01257	0.00887	0.00678	0.01077
25	0.02536	0.02706	0.02080	0.01858	0.02313	0.30870	0.01426	0.08109	0.33297	0.02905	0.02314	0.02269	0.01775	0.00977	0.00784	0.00244	0.01018	0.00732	0.00647	0.01142
26	0.01282	0.01112	0.01139	0.01162	0.01396	0.04258	0.00846	0.01877	0.14264	0.02376	0.05527	0.29746	0.27988	0.01985	0.00950	0.00291	0.00530	0.01715	0.00751	0.00807
27	0.02435	0.02025	0.02071	0.04377	0.06714	0.11440	0.01423	0.30446	0.02705	0.03600	0.01931	0.02228	0.01509	0.01699	0.10956	0.00392	0.01109	0.00724	0.11108	0.01107

[dist]
# distance from previous block
# <min> <max>
4	22

[block]
# block no. 3 follows, 23 sequences, length 66
# corresponding to MSA columns:
# 205-270
name=unknown_D
#
# <colnr> <probs for GDERKNQSTAVLIFYWHMCP>
#	G	D	E	R	K	N	Q	S	T	A	V	L	I	F	Y	W	H	M	C	P
0	0.01766	0.01663	0.02410	0.03140	0.32121	0.04474	0.04390	0.02458	0.12379	0.02593	0.02919	0.16440	0.07235	0.01256	0.00869	0.00267	0.00808	0.01150	0.00571	0.01090
1	0.02804	0.03835	0.10995	0.02234	0.05161	0.56776	0.01795	0.03121	0.02204	0.02090	0.01292	0.01518	0.01052	0.00823	0.00740	0.00217	0.01408	0.00541	0.00407	0.00989
2	0.01875	0.18141	0.02157	0.01424	0.01752	0.15050	0.01171	0.02152	0.01657	0.02134	0.01771	0.02287	0.01554	0.02512	0.22050	0.00550	0.05296	0.00667	0.14941	0.00858
3	0.02199	0.02459	0.01720	0.01572	0.01937	0.34127	0.01192	0.08002	0.02226	0.02345	0.03820	0.04089	0.23038	0.04264	0.00972	0.00264	0.01003	0.03319	0.00583	0.00870
4	0.02091	0.63039	0.03895	0.01378	0.02025	0.02974	0.01340	0.02477	0.05348	0.02087	0.05701	0.01728	0.01578	0.00784	0.00568	0.00185	0.00821	0.00533	0.00412	0.01036
5	0.01627	0.04197	0.67279	0.02313	0.03512	0.01884	0.02998	0.02570	0.01713	0.02570	0.01456	0.01713	0.01028	0.00771	0.00771	0.00257	0.01199	0.00600	0.00343	0.01199
6	0.02008	0.01928	0.03294	0.04981	0.66422	0.01928	0.02490	0.02490	0.01848	0.02651	0.01526	0.02008	0.01285	0.00723	0.00803	0.00241	0.00964	0.00723	0.00402	0.01285
7	0.12343	0.01637	0.01667	0.01367	0.01847	0.01760	0.01107	0.32597	0.02746	0.03954	0.03399	0.03378	0.16550	0.01194	0.00772	0.00244	0.00676	0.00925	0.10771	0.01067
8	0.01071	0.00826	0.00977	0.00940	0.01165	0.00733	0.00705	0.01381	0.02114	0.02820	0.42369	0.06776	0.31551	0.01821	0.00958	0.00263	0.00394	0.01568	0.00836	0.00733
9	0.01066	0.00853	0.00971	0.01019	0.01265	0.00758	0.00816	0.01327	0.01878	0.02314	0.10213	0.08089	0.45938	0.02086	0.01004	0.00301	0.00503	0.18134	0.00759	0.00707
10	0.01627	0.04197	0.67279	0.02313	0.03512	0.01884	0.02998	0.02570	0.01713	0.02570	0.01456	0.01713	0.01028	0.00771	0.00771	0.00257	0.01199	0.00600	0.00343	0.01199
11	0.01683	0.01442	0.01683	0.01202	0.01923	0.01082	0.00961	0.02043	0.01683	0.02644	0.01442	0.01683	0.01202	0.00601	0.00601	0.00120	0.00601	0.00481	0.00481	0.76444
12	0.01180	0.00787	0.00885	0.00885	0.00885	0.00787	0.00492	0.01180	0.01180	0.01573	0.02557	0.05310	0.02950	0.71483	0.04130	0.00787	0.00787	0.01180	0.00492	0.00492
13	0.02422	0.51997	0.03679	0.01594	0.02208	0.22279	0.01441	0.02667	0.01840	0.01932	0.01165	0.01349	0.01042	0.00736	0.00583	0.00184	0.01042	0.00460	0.00368	0.01012
14	0.01627	0.04197	0.67279	0.02313	0.03512	0.01884	0.02998	0.02570	0.01713	0.02570	0.01456	0.01713	0.01028	0.00771	0.00771	0.00257	0.01199	0.00600	0.00343	0.01199
15	0.00989	0.00706	0.00942	0.01130	0.01177	0.00659	0.00753	0.01130	0.01554	0.02071	0.04472	0.70954	0.05367	0.02542	0.01036	0.00330	0.00471	0.02307	0.00753	0.00659
16	0.01627	0.04197	0.67279	0.02313	0.03512	0.01884	0.02998	0.02570	0.01713	0.02570	0.01456	0.01713	0.01028	0.00771	0.00771	0.00257	0.01199	0.00600	0.00343	0.01199
17	0.01656	0.07812	0.63917	0.02263	0.03436	0.01955	0.02912	0.02562	0.01710	0.02534	0.01439	0.01691	0.01029	0.00767	0.00758	0.00253	0.01182	0.00591	0.00343	0.01191
18	0.01159	0.00869	0.01304	0.01304	0.01449	0.01014	0.01014	0.01449	0.01304	0.01884	0.02173	0.03188	0.02029	0.06086	0.68268	0.01304	0.02173	0.00869	0.00435	0.00724
19	0.77215	0.01569	0.01193	0.01067	0.01569	0.01820	0.00879	0.02385	0.01381	0.03641	0.01130	0.01318	0.00879	0.00753	0.00502	0.00251	0.00628	0.00439	0.00502	0.00879
20	0.02439	0.50682	0.03642	0.01608	0.02216	0.23534	0.01444	0.02683	0.01852	0.01933	0.01168	0.01352	0.01043	0.00739	0.00587	0.00185	0.01054	0.00462	0.00369	0.01010
21	0.01159	0.00869	0.01304	0.01304	0.01449	0.01014	0.01014	0.01449	0.01304	0.01884	0.02173	0.03188	0.02029	0.06086	0.68268	0.01304	0.02173	0.00869	0.00435	0.00724
22	0.00989	0.00706	0.00942	0.01130	0.01177	0.00659	0.00753	0.01130	0.01554	0.02071	0.04472	0.70954	0.05367	0.02542	0.01036	0.00330	0.00471	0.02307	0.00753	0.00659
23	0.01230	0.00847	0.01194	0.01194	0.01348	0.00963	0.00925	0.01538	0.01384	0.02113	0.02268	0.03155	0.02039	0.05054	0.54683	0.01080	0.01813	0.00847	0.15595	0.00731
24	0.02885	0.07822	0.06867	0.02065	0.02553	0.59924	0.01656	0.03147	0.02222	0.02021	0.01261	0.01471	0.01044	0.00823	0.00722	0.00210	0.01411	0.00523	0.00409	0.00964
25	0.01130	0.00829	0.01059	0.01002	0.01201	0.00758	0.00751	0.01496	0.02254	0.03152	0.60423	0.06230	0.13290	0.01697	0.00957	0.00257	0.00386	0.01491	0.00880	0.00758
26	0.00989	0.00706	0.00942	0.01130	0.01177	0.00659	0.00753	0.01130	0.01554	0.02071	0.04472	0.70954	0.05367	0.02542	0.01036	0.00330	0.00471	0.02307	0.00753	0.00659
27	0.03031	0.03867	0.02299	0.02090	0.02508	0.68226	0.01568	0.03240	0.02299	0.01986	0.01254	0.01463	0.01045	0.00836	0.00732	0.00209	0.01463	0.00523	0.00418	0.00941
28	0.01907	0.02166	0.04661	0.03349	0.04124	0.02076	0.60065	0.02563	0.01878	0.02563	0.01610	0.02166	0.01222	0.00725	0.01052	0.00278	0.05161	0.00944	0.00407	0.01083
29	0.01284	0.00926	0.01274	0.01448	0.01641	0.00917	0.01260	0.01646	0.01867	0.02412	0.04565	0.09061	0.08881	0.02229	0.01110	0.00367	0.00724	0.56898	0.00748	0.00743
30	0.02169	0.71972	0.04252	0.01388	0.02083	0.03211	0.01388	0.02430	0.01649	0.01909	0.01128	0.01302	0.01041	0.00694	0.00521	0.00174	0.00868	0.00434	0.00347	0.01041
31	0.03067	0.02801	0.02390	0.01941	0.02514	0.24277	0.01551	0.43689	0.03313	0.04078	0.01718	0.01788	0.01269	0.00928	0.00785	0.00232	0.01082	0.00662	0.00681	0.01234
32	0.01950	0.01793	0.02594	0.03470	0.38128	0.01889	0.01922	0.03105	0.25838	0.02907	0.02596	0.02737	0.05553	0.00945	0.00821	0.00256	0.00809	0.00855	0.00584	0.01250
33	0.03085	0.02273	0.02435	0.01867	0.02516	0.02516	0.01542	0.63716	0.03815	0.05114	0.01948	0.01948	0.01380	0.00974	0.00812	0.00244	0.00893	0.00731	0.00812	0.01380
34	0.01409	0.00705	0.01057	0.01057	0.01057	0.00705	0.00705	0.01057	0.01057	0.01409	0.01409	0.02467	0.01409	0.02819	0.03171	0.76392	0.00705	0.00705	0.00352	0.00352
35	0.01966	0.02041	0.07024	0.07521	0.60176	0.01920	0.02510	0.02478	0.01830	0.02622	0.01519	0.01997	0.01262	0.00729	0.00802	0.00243	0.00983	0.00716	0.00396	0.01264
36	0.06646	0.63157	0.03938	0.01418	0.02082	0.07587	0.01371	0.02483	0.01678	0.02016	0.01137	0.01314	0.01032	0.00707	0.00534	0.00181	0.00894	0.00440	0.00361	0.01025
37	0.02008	0.01928	0.03294	0.04981	0.66422	0.01928	0.02490	0.02490	0.01848	0.02651	0.01526	0.02008	0.01285	0.00723	0.00803	0.00241	0.00964	0.00723	0.00402	0.01285
38	0.02222	0.02537	0.07448	0.04121	0.47151	0.17440	0.02309	0.02671	0.01944	0.02490	0.01458	0.01860	0.01211	0.00753	0.00784	0.00235	0.01097	0.00668	0.00401	0.01199
39	0.01303	0.01081	0.01581	0.01497	0.01608	0.01359	0.01192	0.01567	0.01290	0.01900	0.01914	0.02857	0.01803	0.04994	0.52915	0.01082	0.18046	0.00832	0.00416	0.00763
40	0.02075	0.03165	0.43640	0.01969	0.02928	0.01648	0.02313	0.02898	0.05516	0.17666	0.02435	0.02452	0.05802	0.00933	0.00798	0.00258	0.00994	0.00745	0.00554	0.01211
41	0.01627	0.04197	0.67279	0.02313	0.03512	0.01884	0.02998	0.02570	0.01713	0.02570	0.01456	0.01713	0.01028	0.00771	0.00771	0.00257	0.01199	0.00600	0.00343	0.01199
42	0.01164	0.00849	0.01201	0.01201	0.01310	0.00958	0.00886	0.01383	0.01274	0.01807	0.02268	0.03709	0.02255	0.22155	0.52508	0.01177	0.01833	0.00946	0.00449	0.00667
43	0.00989	0.00706	0.00942	0.01130	0.01177	0.00659	0.00753	0.01130	0.01554	0.02071	0.04472	0.70954	0.05367	0.02542	0.01036	0.00330	0.00471	0.02307	0.00753	0.00659
44	0.02008	0.01928	0.03294	0.04981	0.66422	0.01928	0.02490	0.02490	0.01848	0.02651	0.01526	0.02008	0.01285	0.00723	0.00803	0.00241	0.00964	0.00723	0.00402	0.01285
45	0.01270	0.00910	0.01255	0.01384	0.01571	0.00895	0.01181	0.01646	0.01968	0.02622	0.18735	0.08429	0.05369	0.02105	0.01082	0.00346	0.00662	0.47037	0.00781	0.00751
46	0.00959	0.00822	0.00822	0.00822	0.01096	0.00685	0.00617	0.01165	0.01850	0.02192	0.08220	0.07809	0.66092	0.02055	0.00959	0.00274	0.00411	0.01713	0.00754	0.00685
47	0.03085	0.02273	0.02435	0.01867	0.02516	0.02516	0.01542	0.63716	0.03815	0.05114	0.01948	0.01948	0.01380	0.00974	0.00812	0.00244	0.00893	0.00731	0.00812	0.01380
48	0.00989	0.00706	0.00942	0.01130	0.01177	0.00659	0.00753	0.01130	0.01554	0.02071	0.04472	0.70954	0.05367	0.02542	0.01036	0.00330	0.00471	0.02307	0.00753	0.00659
49	0.03031	0.03867	0.02299	0.02090	0.02508	0.68226	0.01568	0.03240	0.02299	0.01986	0.01254	0.01463	0.01045	0.00836	0.00732	0.00209	0.01463	0.00523	0.00418	0.00941
50	0.02169	0.71972	0.04252	0.01388	0.02083	0.03211	0.01388	0.02430	0.01649	0.01909	0.01128	0.01302	0.01041	0.00694	0.00521	0.00174	0.00868	0.00434	0.00347	0.01041
51	0.03204	0.01999	0.15038	0.01643	0.02387	0.01409	0.01575	0.07195	0.02288	0.50416	0.02777	0.02503	0.01775	0.00956	0.00807	0.00252	0.00804	0.00768	0.00860	0.01344
52	0.00959	0.00822	0.00822	0.00822	0.01096	0.00685	0.00617	0.01165	0.01850	0.02192	0.08220	0.07809	0.66092	0.02055	0.00959	0.00274	0.00411	0.01713	0.00754	0.00685
53	0.00959	0.00822	0.00822	0.00822	0.01096	0.00685	0.00617	0.01165	0.01850	0.02192	0.08220	0.07809	0.66092	0.02055	0.00959	0.00274	0.00411	0.01713	0.00754	0.00685
54	0.02213	0.02472	0.02419	0.03019	0.27934	0.28016	0.01760	0.02536	0.02033	0.02333	0.04959	0.05586	0.09211	0.01040	0.00809	0.00237	0.01053	0.00857	0.00484	0.01030
55	0.01874	0.38326	0.31475	0.01785	0.02667	0.02505	0.02066	0.02433	0.01656	0.02195	0.01332	0.01592	0.01094	0.01045	0.04618	0.00276	0.01089	0.00532	0.00350	0.01091
56	0.01764	0.21213	0.51455	0.02081	0.03153	0.02217	0.02594	0.02535	0.01697	0.02404	0.01374	0.01610	0.01031	0.00752	0.00708	0.00236	0.01116	0.00558	0.00344	0.01160
57	0.02830	0.03532	0.02329	0.02097	0.02448	0.57692	0.01601	0.03034	0.02130	0.01981	0.01224	0.01513	0.01048	0.00930	0.01041	0.00232	0.12445	0.00553	0.00408	0.00932
58	0.02057	0.47304	0.23344	0.01698	0.02543	0.02767	0.01888	0.06011	0.01793	0.02295	0.01275	0.01464	0.01057	0.00734	0.00614	0.00203	0.00970	0.00501	0.00373	0.01109
59	0.02008	0.01928	0.03294	0.04981	0.66422	0.01928	0.02490	0.02490	0.01848	0.02651	0.01526	0.02008	0.01285	0.00723	0.00803	0.00241	0.00964	0.00723	0.00402	0.01285
