[name]
unknown

[dist]
# distance from previous block
# <min> <max>
10	23

[block]
# block no. 0 follows, 22 sequences, length 34
# corresponding to MSA columns:
# 23-56
name=unknown_A
#
# <colnr> <probs for GDERKNQSTAVLIFYWHMCP>
#	G	D	E	R	K	N	Q	S	T	A	V	L	I	F	Y	W	H	M	C	P
0	0.01993	0.01930	0.02929	0.19631	0.40516	0.05155	0.02294	0.02716	0.09539	0.02635	0.01753	0.02195	0.01405	0.00815	0.00824	0.00257	0.01000	0.00754	0.00456	0.01205
1	0.01848	0.02370	0.20142	0.02416	0.14514	0.01713	0.04781	0.13716	0.02263	0.03082	0.06250	0.03627	0.17358	0.01182	0.00869	0.00262	0.00892	0.01003	0.00587	0.01124
2	0.05533	0.07493	0.02547	0.07915	0.09685	0.34174	0.04047	0.05215	0.02129	0.02353	0.01981	0.02234	0.06750	0.00959	0.00846	0.00238	0.03729	0.00706	0.00464	0.01003
3	0.13885	0.01694	0.02093	0.02205	0.15069	0.01744	0.01454	0.07288	0.17096	0.16376	0.04690	0.02481	0.01942	0.00940	0.00772	0.00249	0.00737	0.00771	0.00714	0.07802
4	0.02386	0.16389	0.02415	0.01608	0.02093	0.16715	0.01314	0.12907	0.09329	0.06330	0.17040	0.02923	0.02964	0.01091	0.00789	0.00234	0.00875	0.00845	0.00675	0.01079
5	0.34238	0.02804	0.18668	0.06299	0.02700	0.15354	0.03966	0.02657	0.01732	0.02947	0.01311	0.01576	0.01002	0.00795	0.00672	0.00252	0.01030	0.00549	0.00441	0.01008
6	0.16312	0.02548	0.21909	0.02449	0.15439	0.01896	0.02018	0.12332	0.02150	0.06446	0.07200	0.02221	0.01780	0.00901	0.00769	0.00256	0.00918	0.00719	0.00555	0.01184
7	0.23583	0.01619	0.05266	0.01356	0.01795	0.01604	0.01134	0.17679	0.02230	0.03625	0.07869	0.16286	0.02717	0.01308	0.00772	0.00266	0.00666	0.01054	0.08189	0.00983
8	0.01902	0.01511	0.01778	0.01767	0.09390	0.01501	0.01220	0.12522	0.14066	0.06103	0.04454	0.04322	0.24026	0.01333	0.00859	0.00251	0.00654	0.01108	0.00730	0.10504
9	0.02031	0.01908	0.07392	0.01817	0.02361	0.01864	0.08908	0.09441	0.33389	0.03410	0.02749	0.02772	0.02067	0.01003	0.00805	0.00260	0.00770	0.00867	0.14995	0.01190
10	0.02371	0.01784	0.01952	0.01618	0.02065	0.01982	0.01267	0.33312	0.15094	0.03862	0.02412	0.02999	0.02010	0.14883	0.08173	0.00471	0.00974	0.00888	0.00733	0.01152
11	0.01189	0.00881	0.01288	0.01288	0.01419	0.01013	0.00979	0.01453	0.01321	0.01893	0.02269	0.03505	0.02181	0.13391	0.60495	0.01276	0.02068	0.00925	0.00452	0.00715
12	0.07273	0.17003	0.23309	0.01826	0.02631	0.02309	0.01911	0.21534	0.02450	0.03450	0.07147	0.02106	0.01754	0.00917	0.00748	0.00241	0.00946	0.00688	0.00564	0.01192
13	0.02107	0.49384	0.03512	0.01483	0.02047	0.09943	0.01363	0.02373	0.01689	0.01958	0.01389	0.01747	0.01274	0.01860	0.14304	0.00419	0.01230	0.00546	0.00382	0.00988
14	0.01197	0.00801	0.00909	0.00921	0.00924	0.00798	0.00519	0.01205	0.01230	0.01641	0.02732	0.09234	0.03165	0.66810	0.04043	0.00778	0.00786	0.01276	0.00519	0.00513
15	0.01984	0.01260	0.01410	0.01198	0.01625	0.01194	0.00951	0.14435	0.02426	0.15618	0.08999	0.05645	0.36659	0.01642	0.00922	0.00268	0.00577	0.01352	0.00842	0.00993
16	0.01741	0.03853	0.54441	0.02890	0.15444	0.01938	0.02970	0.02615	0.01780	0.02647	0.01505	0.01812	0.01103	0.00780	0.00796	0.00260	0.01182	0.00638	0.00362	0.01245
17	0.01012	0.00723	0.00964	0.01157	0.01205	0.00675	0.00771	0.01157	0.01591	0.02121	0.04579	0.70262	0.05495	0.02603	0.01060	0.00337	0.00482	0.02362	0.00771	0.00675
18	0.01593	0.01501	0.02535	0.65679	0.08663	0.01852	0.02319	0.02144	0.01672	0.02152	0.01481	0.02207	0.01118	0.00826	0.00830	0.00275	0.01102	0.00738	0.00371	0.00942
19	0.02100	0.02643	0.15315	0.04241	0.46616	0.09400	0.02542	0.02652	0.01918	0.02621	0.01517	0.01935	0.01238	0.00763	0.00808	0.00246	0.01091	0.00693	0.00402	0.01259
20	0.02020	0.01851	0.02988	0.25452	0.39163	0.01999	0.02363	0.09098	0.02040	0.02801	0.01583	0.02101	0.01259	0.00798	0.00826	0.00257	0.01018	0.00740	0.00444	0.01199
21	0.00982	0.00842	0.00842	0.00842	0.01122	0.00701	0.00631	0.01192	0.01894	0.02244	0.08416	0.07995	0.65285	0.02104	0.00982	0.00281	0.00421	0.01753	0.00771	0.00701
22	0.01109	0.00920	0.00984	0.01006	0.01256	0.00847	0.00738	0.01542	0.08726	0.02353	0.07001	0.21357	0.44975	0.02107	0.00984	0.00293	0.00461	0.01799	0.00780	0.00763
23	0.01076	0.00825	0.01230	0.01315	0.01417	0.00771	0.04945	0.01258	0.01616	0.02157	0.04383	0.65670	0.05209	0.02474	0.01055	0.00334	0.00544	0.02268	0.00747	0.00705
24	0.02056	0.01974	0.03372	0.05099	0.65622	0.01974	0.02550	0.02550	0.01892	0.02714	0.01563	0.02056	0.01316	0.00740	0.00822	0.00247	0.00987	0.00740	0.00411	0.01316
25	0.01666	0.04297	0.66500	0.02368	0.03596	0.01929	0.03069	0.02631	0.01754	0.02631	0.01491	0.01754	0.01052	0.00789	0.00789	0.00263	0.01228	0.00614	0.00351	0.01228
26	0.02038	0.02025	0.03667	0.04791	0.53811	0.01998	0.14125	0.02571	0.01905	0.02704	0.01585	0.02092	0.01305	0.00732	0.00853	0.00253	0.01067	0.00786	0.00413	0.01278
27	0.01666	0.04297	0.66500	0.02368	0.03596	0.01929	0.03069	0.02631	0.01754	0.02631	0.01491	0.01754	0.01052	0.00789	0.00789	0.00263	0.01228	0.00614	0.00351	0.01228
28	0.00989	0.00813	0.00871	0.00916	0.01142	0.00695	0.00664	0.01184	0.01822	0.02215	0.07505	0.22769	0.51099	0.02222	0.01000	0.00294	0.00435	0.01898	0.00771	0.00695
29	0.01853	0.01276	0.01360	0.01315	0.01587	0.08238	0.00994	0.02108	0.02015	0.15498	0.13859	0.27119	0.10603	0.01866	0.00967	0.00293	0.00645	0.06710	0.00808	0.00886
30	0.05275	0.11480	0.52928	0.02269	0.03383	0.02087	0.06272	0.02608	0.01743	0.02609	0.01449	0.01717	0.01059	0.00774	0.00759	0.00254	0.01173	0.00609	0.00363	0.01188
31	0.01899	0.01814	0.03088	0.25616	0.46332	0.01933	0.02471	0.02412	0.01817	0.02524	0.01535	0.02107	0.01249	0.00769	0.00825	0.00256	0.01026	0.00740	0.00398	0.01189
32	0.01717	0.01628	0.02760	0.49391	0.23978	0.01885	0.02381	0.02253	0.01731	0.02303	0.01503	0.02166	0.01171	0.00803	0.00828	0.00268	0.01071	0.00739	0.00382	0.01043
33	0.02593	0.02800	0.02871	0.03573	0.33645	0.27994	0.02068	0.09541	0.02298	0.02724	0.01500	0.01828	0.01229	0.00815	0.00794	0.00234	0.01181	0.00660	0.00464	0.01187

[dist]
# distance from previous block
# <min> <max>
8	60

[block]
# block no. 1 follows, 22 sequences, length 39
# corresponding to MSA columns:
# 117-155
name=unknown_B
#
# <colnr> <probs for GDERKNQSTAVLIFYWHMCP>
#	G	D	E	R	K	N	Q	S	T	A	V	L	I	F	Y	W	H	M	C	P
0	0.02115	0.03340	0.27256	0.02855	0.12110	0.17162	0.14072	0.02755	0.01951	0.02514	0.01489	0.01829	0.01144	0.00771	0.00812	0.00245	0.01257	0.00678	0.00398	0.05247
1	0.09387	0.02268	0.02768	0.03547	0.35317	0.13357	0.02030	0.05335	0.06309	0.02785	0.01576	0.01940	0.01301	0.00871	0.00967	0.00256	0.07648	0.00690	0.00468	0.01180
2	0.23982	0.02900	0.02078	0.04964	0.05860	0.36465	0.01473	0.05690	0.04747	0.02765	0.01393	0.01609	0.01115	0.00842	0.00697	0.00235	0.01146	0.00558	0.00485	0.00998
3	0.02008	0.01912	0.03249	0.04878	0.62107	0.01909	0.02453	0.02496	0.01917	0.02748	0.05036	0.02283	0.01672	0.00793	0.00831	0.00248	0.00954	0.00782	0.00439	0.01287
4	0.01159	0.00823	0.01050	0.01034	0.01171	0.00773	0.00728	0.01441	0.02024	0.02829	0.44625	0.14965	0.06578	0.15222	0.01621	0.00377	0.00485	0.01565	0.00815	0.00714
5	0.01562	0.01221	0.01410	0.01341	0.01659	0.01262	0.01075	0.08204	0.15680	0.03123	0.19346	0.06234	0.17507	0.01730	0.00976	0.00297	0.00594	0.15015	0.00826	0.00939
6	0.01187	0.00890	0.01335	0.01335	0.01483	0.01038	0.01038	0.01483	0.01335	0.01928	0.02225	0.03264	0.02077	0.06231	0.67512	0.01335	0.02225	0.00890	0.00445	0.00742
7	0.01569	0.01477	0.02492	0.68808	0.05722	0.01846	0.02307	0.02123	0.01661	0.02123	0.01477	0.02215	0.01107	0.00831	0.00831	0.00277	0.01107	0.00738	0.00369	0.00923
8	0.02698	0.02098	0.02234	0.01818	0.02401	0.02361	0.01468	0.38231	0.29277	0.04494	0.02579	0.02460	0.01886	0.01052	0.00837	0.00263	0.00806	0.00829	0.00837	0.01372
9	0.01208	0.00805	0.00906	0.00906	0.00906	0.00805	0.00503	0.01208	0.01208	0.01611	0.02618	0.05436	0.03020	0.70804	0.04228	0.00805	0.00805	0.01208	0.00503	0.00503
10	0.02221	0.71304	0.04353	0.01421	0.02132	0.03287	0.01421	0.02488	0.01688	0.01955	0.01155	0.01333	0.01066	0.00711	0.00533	0.00178	0.00888	0.00444	0.00355	0.01066
11	0.01720	0.03961	0.57074	0.02694	0.09659	0.01943	0.06204	0.02625	0.01778	0.02641	0.01508	0.01809	0.01089	0.00780	0.00803	0.00262	0.01214	0.00646	0.00360	0.01231
12	0.01208	0.00805	0.00906	0.00906	0.00906	0.00805	0.00503	0.01208	0.01208	0.01611	0.02618	0.05436	0.03020	0.70804	0.04228	0.00805	0.00805	0.01208	0.00503	0.00503
13	0.01187	0.00890	0.01335	0.01335	0.01483	0.01038	0.01038	0.01483	0.01335	0.01928	0.02225	0.03264	0.02077	0.06231	0.67512	0.01335	0.02225	0.00890	0.00445	0.00742
14	0.02029	0.01947	0.03324	0.08586	0.62344	0.01967	0.02536	0.02526	0.01879	0.02682	0.01558	0.02065	0.01304	0.00745	0.00823	0.00248	0.00994	0.00740	0.00409	0.01294
15	0.01238	0.00874	0.01256	0.01256	0.01411	0.01001	0.00974	0.01547	0.01393	0.02094	0.02294	0.03240	0.02084	0.05487	0.58057	0.01174	0.01966	0.00874	0.11036	0.00746
16	0.02029	0.01947	0.03324	0.08589	0.62341	0.01967	0.02536	0.02526	0.01879	0.02682	0.01558	0.02065	0.01304	0.00745	0.00823	0.00248	0.00994	0.00740	0.00409	0.01294
17	0.02132	0.02140	0.03227	0.08163	0.56348	0.08327	0.02445	0.02602	0.01924	0.02617	0.01531	0.02010	0.01281	0.00756	0.00816	0.00245	0.01043	0.00720	0.00411	0.01261
18	0.02379	0.08944	0.02468	0.02218	0.10183	0.22536	0.01581	0.13224	0.02211	0.02654	0.01643	0.02072	0.01398	0.02143	0.16484	0.00492	0.05153	0.00684	0.00491	0.01042
19	0.01320	0.00818	0.00977	0.00977	0.01084	0.00858	0.00675	0.01533	0.01426	0.02209	0.02543	0.04042	0.02458	0.29267	0.20095	0.00738	0.01045	0.00973	0.26301	0.00661
20	0.01666	0.04297	0.66500	0.02368	0.03596	0.01929	0.03069	0.02631	0.01754	0.02631	0.01491	0.01754	0.01052	0.00789	0.00789	0.00263	0.01228	0.00614	0.00351	0.01228
21	0.01805	0.21074	0.50940	0.02131	0.03229	0.02269	0.02657	0.02595	0.01737	0.02462	0.01407	0.01648	0.01056	0.00770	0.00725	0.00242	0.01143	0.00571	0.00352	0.01187
22	0.01613	0.01537	0.01938	0.01764	0.01871	0.07043	0.01419	0.01853	0.01390	0.01967	0.01661	0.02499	0.01571	0.03741	0.34245	0.00827	0.31029	0.00791	0.00409	0.00831
23	0.01754	0.10084	0.54793	0.02548	0.09487	0.02055	0.02871	0.02610	0.01761	0.02578	0.01468	0.01745	0.01079	0.00777	0.00769	0.00254	0.01174	0.00611	0.00357	0.01222
24	0.02258	0.02050	0.01939	0.01661	0.02048	0.14638	0.01307	0.19720	0.08707	0.03527	0.23444	0.03425	0.03618	0.01258	0.01020	0.00259	0.06338	0.00980	0.00744	0.01060
25	0.02030	0.02110	0.06775	0.04870	0.59080	0.01978	0.05790	0.02560	0.01888	0.02707	0.01565	0.02050	0.01299	0.00741	0.00829	0.00249	0.01022	0.00746	0.00409	0.01301
26	0.01522	0.01032	0.01384	0.13088	0.02117	0.01005	0.01067	0.01880	0.02097	0.11011	0.29039	0.05582	0.22817	0.01576	0.00935	0.00269	0.00569	0.01353	0.00790	0.00867
27	0.01980	0.02190	0.08917	0.08072	0.46221	0.01986	0.13256	0.02553	0.01880	0.02665	0.01573	0.02072	0.01272	0.00742	0.00848	0.00256	0.01087	0.00772	0.00405	0.01252
28	0.02457	0.02862	0.02576	0.22649	0.14722	0.36156	0.01983	0.02823	0.02064	0.02181	0.01391	0.01812	0.01125	0.00828	0.00787	0.00239	0.01290	0.00632	0.00407	0.01014
29	0.01855	0.27125	0.45328	0.02045	0.03097	0.02392	0.02508	0.02582	0.01731	0.02400	0.01376	0.01610	0.01057	0.00763	0.00702	0.00234	0.01112	0.00556	0.00352	0.01173
30	0.03167	0.01539	0.01911	0.01550	0.02134	0.01506	0.01253	0.04172	0.23189	0.45057	0.03312	0.02919	0.02218	0.01062	0.00839	0.00265	0.00690	0.00870	0.00967	0.01380
31	0.01236	0.00797	0.01106	0.01234	0.01320	0.00774	0.00921	0.01305	0.01550	0.02036	0.03758	0.29498	0.06534	0.02574	0.01728	0.22598	0.00635	0.19139	0.00648	0.00610
32	0.01988	0.02007	0.03636	0.07112	0.37671	0.02054	0.19481	0.02599	0.04551	0.02648	0.01633	0.02142	0.01326	0.00807	0.01022	0.00268	0.06602	0.00816	0.00427	0.01210
33	0.02003	0.01507	0.01810	0.07575	0.02204	0.01679	0.01294	0.25281	0.02480	0.03395	0.02862	0.26731	0.02889	0.01597	0.01051	0.00289	0.06401	0.01330	0.06613	0.01010
34	0.01044	0.00746	0.01000	0.01193	0.01255	0.00702	0.00826	0.01212	0.01622	0.02156	0.04561	0.64349	0.05425	0.02573	0.01069	0.00342	0.00509	0.07962	0.00771	0.00684
35	0.02738	0.03036	0.02415	0.18439	0.03343	0.38881	0.01772	0.14493	0.02483	0.02672	0.01468	0.01769	0.01145	0.00877	0.00785	0.00236	0.01290	0.00626	0.00491	0.01040
36	0.01954	0.02134	0.09387	0.13195	0.51738	0.01953	0.02568	0.02501	0.01848	0.02628	0.01544	0.02048	0.01263	0.00757	0.00820	0.00252	0.01026	0.00728	0.00400	0.01256
37	0.01968	0.01314	0.01488	0.13152	0.02203	0.04245	0.01128	0.11332	0.02144	0.06666	0.05109	0.02825	0.02040	0.00978	0.00702	0.00224	0.00662	0.00789	0.40090	0.00941
38	0.16665	0.02246	0.02066	0.12279	0.02756	0.19074	0.03769	0.09402	0.08177	0.06338	0.02333	0.02475	0.07045	0.00993	0.00770	0.00253	0.00984	0.00756	0.00582	0.01035

[dist]
# distance from previous block
# <min> <max>
8	59

[block]
# block no. 2 follows, 22 sequences, length 55
# corresponding to MSA columns:
# 215-269
name=unknown_C
#
# <colnr> <probs for GDERKNQSTAVLIFYWHMCP>
#	G	D	E	R	K	N	Q	S	T	A	V	L	I	F	Y	W	H	M	C	P
0	0.01952	0.03150	0.34584	0.05151	0.03454	0.01984	0.13201	0.11165	0.05497	0.03035	0.01697	0.01965	0.01239	0.00808	0.00819	0.00254	0.01125	0.00711	0.00471	0.07738
1	0.21820	0.01800	0.01883	0.01546	0.02052	0.05876	0.06540	0.18628	0.05193	0.03597	0.02999	0.03057	0.13006	0.01108	0.00762	0.00254	0.00774	0.00871	0.07200	0.01034
2	0.05762	0.17548	0.26552	0.01651	0.02398	0.04975	0.01817	0.02209	0.01793	0.02410	0.03313	0.03586	0.17831	0.01182	0.00783	0.00252	0.00906	0.03535	0.00492	0.01005
3	0.01797	0.01684	0.02839	0.37953	0.25018	0.01888	0.05302	0.04898	0.01832	0.02469	0.01579	0.02212	0.01250	0.01097	0.04480	0.00324	0.01135	0.00760	0.00410	0.01074
4	0.28692	0.08369	0.02108	0.04577	0.02285	0.23272	0.01343	0.11831	0.02126	0.03106	0.01387	0.01618	0.01109	0.01076	0.03671	0.00285	0.01073	0.00555	0.00511	0.01006
5	0.02595	0.42941	0.03523	0.01709	0.02316	0.26168	0.01497	0.06554	0.02064	0.02188	0.01254	0.01433	0.01089	0.00781	0.00629	0.00195	0.01108	0.00496	0.00411	0.01051
6	0.01797	0.13824	0.40348	0.02238	0.03104	0.02276	0.05381	0.02474	0.01650	0.02393	0.01363	0.01727	0.01073	0.00917	0.01177	0.00273	0.15869	0.00630	0.00358	0.01129
7	0.01928	0.01843	0.03140	0.21876	0.49848	0.01940	0.02486	0.02437	0.01831	0.02558	0.01540	0.02098	0.01261	0.00764	0.00825	0.00255	0.01019	0.00740	0.00400	0.01212
8	0.01187	0.00890	0.01335	0.01335	0.01483	0.01038	0.01038	0.01483	0.01335	0.01928	0.02225	0.03264	0.02077	0.06231	0.67512	0.01335	0.02225	0.00890	0.00445	0.00742
9	0.03057	0.02230	0.02386	0.01840	0.02476	0.02464	0.01517	0.59048	0.03771	0.05102	0.02039	0.02063	0.01458	0.00995	0.00815	0.00246	0.00881	0.00750	0.05489	0.01373
10	0.01187	0.00890	0.01335	0.01335	0.01483	0.01038	0.01038	0.01483	0.01335	0.01928	0.02225	0.03264	0.02077	0.06231	0.67512	0.01335	0.02225	0.00890	0.00445	0.00742
11	0.01325	0.01104	0.01132	0.01055	0.01395	0.01058	0.00810	0.07025	0.10852	0.02679	0.07145	0.06781	0.50858	0.01870	0.00949	0.00278	0.00497	0.01551	0.00787	0.00850
12	0.02056	0.01974	0.03372	0.05099	0.65622	0.01974	0.02550	0.02550	0.01892	0.02714	0.01563	0.02056	0.01316	0.00740	0.00822	0.00247	0.00987	0.00740	0.00411	0.01316
13	0.01156	0.00784	0.00921	0.00972	0.00985	0.00771	0.00574	0.01195	0.01309	0.01745	0.03134	0.22508	0.03672	0.52844	0.03394	0.00682	0.00720	0.01512	0.00574	0.00549
14	0.02056	0.01974	0.03372	0.05099	0.65622	0.01974	0.02550	0.02550	0.01892	0.02714	0.01563	0.02056	0.01316	0.00740	0.00822	0.00247	0.00987	0.00740	0.00411	0.01316
15	0.01867	0.01631	0.02278	0.02891	0.25205	0.01734	0.01772	0.03010	0.24687	0.02932	0.02991	0.04404	0.02694	0.01300	0.00918	0.00296	0.00807	0.16750	0.00665	0.01167
16	0.01666	0.04297	0.66500	0.02368	0.03596	0.01929	0.03069	0.02631	0.01754	0.02631	0.01491	0.01754	0.01052	0.00789	0.00789	0.00263	0.01228	0.00614	0.00351	0.01228
17	0.01569	0.01477	0.02492	0.68808	0.05722	0.01846	0.02307	0.02123	0.01661	0.02123	0.01477	0.02215	0.01107	0.00831	0.00831	0.00277	0.01107	0.00738	0.00369	0.00923
18	0.02364	0.02052	0.04223	0.03039	0.03835	0.01900	0.48587	0.02978	0.02056	0.17170	0.02045	0.02375	0.01442	0.00775	0.00947	0.00275	0.01242	0.00947	0.00559	0.01187
19	0.76672	0.01607	0.01221	0.01092	0.01607	0.01864	0.00900	0.02442	0.01414	0.03727	0.01157	0.01350	0.00900	0.00771	0.00514	0.00257	0.00643	0.00450	0.00514	0.00900
20	0.02066	0.01785	0.01878	0.01691	0.02160	0.02066	0.01315	0.04414	0.64121	0.03475	0.03381	0.03099	0.02536	0.01127	0.00845	0.00282	0.00657	0.00939	0.00845	0.01315
21	0.01176	0.00849	0.01110	0.01045	0.01241	0.00784	0.00784	0.01568	0.02352	0.03331	0.65184	0.06206	0.07839	0.01698	0.00980	0.00261	0.00392	0.01502	0.00914	0.00784
22	0.02056	0.01974	0.03372	0.05099	0.65622	0.01974	0.02550	0.02550	0.01892	0.02714	0.01563	0.02056	0.01316	0.00740	0.00822	0.00247	0.00987	0.00740	0.00411	0.01316
23	0.01794	0.01950	0.04135	0.03036	0.03727	0.01872	0.49365	0.02408	0.01826	0.02504	0.01798	0.02461	0.01436	0.01890	0.15289	0.00507	0.01578	0.00961	0.00426	0.01039
24	0.01012	0.00723	0.00964	0.01157	0.01205	0.00675	0.00771	0.01157	0.01591	0.02121	0.04579	0.70262	0.05495	0.02603	0.01060	0.00337	0.00482	0.02362	0.00771	0.00675
25	0.02056	0.01974	0.03372	0.05099	0.65622	0.01974	0.02550	0.02550	0.01892	0.02714	0.01563	0.02056	0.01316	0.00740	0.00822	0.00247	0.00987	0.00740	0.00411	0.01316
26	0.01719	0.10673	0.60586	0.02278	0.03456	0.02059	0.02913	0.02617	0.01748	0.02567	0.01459	0.01714	0.01054	0.00782	0.00765	0.00255	0.01195	0.00598	0.00351	0.01212
27	0.01187	0.00890	0.01335	0.01335	0.01483	0.01038	0.01038	0.01483	0.01335	0.01928	0.02225	0.03264	0.02077	0.06231	0.67512	0.01335	0.02225	0.00890	0.00445	0.00742
28	0.01208	0.00805	0.00906	0.00906	0.00906	0.00805	0.00503	0.01208	0.01208	0.01611	0.02618	0.05436	0.03020	0.70804	0.04228	0.00805	0.00805	0.01208	0.00503	0.00503
29	0.01961	0.02241	0.04902	0.03501	0.04342	0.02101	0.62605	0.02661	0.01961	0.02661	0.01681	0.02241	0.01261	0.00700	0.00980	0.00280	0.01401	0.00980	0.00420	0.01120
30	0.02039	0.02021	0.03645	0.04814	0.54693	0.01996	0.13260	0.02569	0.01904	0.02705	0.01584	0.02089	0.01306	0.00733	0.00851	0.00253	0.01061	0.00783	0.00413	0.01281
31	0.01105	0.00881	0.01013	0.01079	0.01329	0.00789	0.00875	0.01375	0.01900	0.02328	0.07030	0.08470	0.44411	0.02170	0.01039	0.00316	0.00540	0.21859	0.00769	0.00723
32	0.01935	0.02421	0.10290	0.03402	0.04276	0.02086	0.57397	0.02658	0.01943	0.02658	0.01664	0.02198	0.01242	0.00708	0.00964	0.00279	0.01385	0.00948	0.00414	0.01130
33	0.02159	0.17571	0.28425	0.02319	0.03191	0.17204	0.12752	0.02764	0.01913	0.02361	0.01408	0.01694	0.01095	0.00773	0.00761	0.00237	0.01250	0.00625	0.00381	0.01116
34	0.01902	0.33308	0.35822	0.01868	0.02814	0.02458	0.02215	0.02530	0.01725	0.02362	0.01411	0.01644	0.01117	0.00765	0.00666	0.00222	0.01034	0.00549	0.04456	0.01133
35	0.02307	0.02562	0.03403	0.03826	0.32388	0.19691	0.15589	0.02759	0.02006	0.02489	0.01494	0.01937	0.01228	0.00792	0.00917	0.00250	0.04048	0.00738	0.00416	0.01160
36	0.01141	0.01005	0.04284	0.01229	0.01414	0.00851	0.00948	0.01497	0.05147	0.02368	0.09809	0.44342	0.13045	0.02265	0.01026	0.00321	0.00539	0.07246	0.00766	0.00758
37	0.01981	0.02183	0.04573	0.03845	0.17521	0.02074	0.49690	0.02637	0.01946	0.02672	0.01655	0.02201	0.01272	0.00709	0.00946	0.00273	0.01312	0.00929	0.00418	0.01162
38	0.02032	0.01949	0.03328	0.08249	0.62661	0.01968	0.02538	0.02528	0.01880	0.02685	0.01558	0.02064	0.01306	0.00745	0.00823	0.00248	0.00993	0.00740	0.00409	0.01296
39	0.01785	0.01697	0.02882	0.40558	0.32283	0.01903	0.02415	0.02312	0.01763	0.02385	0.01515	0.02144	0.01200	0.00790	0.00827	0.00263	0.01054	0.00739	0.00388	0.01097
40	0.02787	0.03359	0.02662	0.03035	0.21636	0.47663	0.01891	0.03085	0.02214	0.02239	0.01368	0.01667	0.01144	0.00821	0.00771	0.00224	0.01344	0.00597	0.00423	0.01070
41	0.02621	0.03128	0.03086	0.03159	0.19299	0.38451	0.13028	0.02997	0.02162	0.02325	0.01429	0.01779	0.01169	0.00797	0.00811	0.00235	0.01347	0.00670	0.00422	0.01084
42	0.02617	0.13103	0.19574	0.02025	0.02779	0.20516	0.01956	0.21892	0.02593	0.03195	0.01545	0.01699	0.01173	0.00863	0.00755	0.00233	0.01155	0.00610	0.00525	0.01190
43	0.01270	0.09823	0.01530	0.01306	0.01486	0.01116	0.01030	0.01507	0.01667	0.02181	0.03887	0.39254	0.04439	0.02595	0.06813	0.00416	0.00762	0.17476	0.00688	0.00755
44	0.01128	0.00806	0.00994	0.01059	0.01175	0.00753	0.00716	0.01298	0.01607	0.02193	0.09232	0.36672	0.10375	0.16417	0.04426	0.00446	0.00609	0.01775	0.04203	0.04117
45	0.01233	0.01023	0.01540	0.16708	0.02435	0.01059	0.03751	0.01530	0.01654	0.02185	0.03802	0.36357	0.09187	0.02201	0.05133	0.00371	0.00786	0.04451	0.00632	0.03963
46	0.02176	0.02255	0.03083	0.12734	0.47009	0.13332	0.02355	0.02628	0.01942	0.02520	0.01503	0.01979	0.01247	0.00772	0.00811	0.00245	0.01091	0.00704	0.00409	0.01204
47	0.02432	0.02328	0.02703	0.20432	0.20408	0.14956	0.02038	0.18912	0.02467	0.03107	0.01602	0.01972	0.01239	0.00856	0.00813	0.00249	0.01099	0.00702	0.00517	0.01169
48	0.02336	0.24217	0.02699	0.01629	0.02119	0.15307	0.01348	0.15778	0.05218	0.02801	0.02207	0.16418	0.02165	0.01229	0.00770	0.00240	0.00917	0.00965	0.00587	0.01050
49	0.02002	0.02340	0.16412	0.02991	0.22718	0.01873	0.05891	0.13220	0.05332	0.03144	0.04776	0.08526	0.02134	0.01089	0.00870	0.00269	0.00956	0.03694	0.00564	0.01198
50	0.01882	0.01796	0.03058	0.27855	0.44226	0.01928	0.02463	0.02397	0.01809	0.02503	0.01532	0.02113	0.01241	0.00772	0.00825	0.00257	0.01030	0.00740	0.00396	0.01176
51	0.26023	0.02164	0.01996	0.02227	0.15580	0.16771	0.01423	0.07899	0.01968	0.03069	0.01574	0.02001	0.01314	0.05195	0.00900	0.00273	0.00924	0.00634	0.07052	0.01013
52	0.08899	0.01497	0.01675	0.01419	0.01885	0.05441	0.01123	0.02945	0.10536	0.22325	0.05174	0.02720	0.02079	0.02005	0.12793	0.04213	0.00990	0.00786	0.00708	0.10785
53	0.02046	0.01674	0.01764	0.01540	0.01940	0.05776	0.01212	0.21439	0.13227	0.03375	0.06659	0.06692	0.10656	0.02396	0.15208	0.00495	0.01074	0.01048	0.00719	0.01061
54	0.02073	0.01645	0.01842	0.01773	0.04998	0.04472	0.01354	0.11399	0.25914	0.06491	0.11134	0.04562	0.03398	0.01399	0.00920	0.00291	0.00736	0.13661	0.00806	0.01132

[dist]
# distance from previous block
# <min> <max>
21	52

[block]
# block no. 3 follows, 22 sequences, length 6
# corresponding to MSA columns:
# 322-327
name=unknown_D
#
# <colnr> <probs for GDERKNQSTAVLIFYWHMCP>
#	G	D	E	R	K	N	Q	S	T	A	V	L	I	F	Y	W	H	M	C	P
0	0.02263	0.11662	0.14446	0.01882	0.02435	0.30607	0.01715	0.02621	0.01990	0.02168	0.02472	0.02629	0.11707	0.01083	0.00936	0.00242	0.06949	0.00757	0.00456	0.00978
1	0.02228	0.02583	0.20418	0.02002	0.06720	0.10040	0.01816	0.03077	0.13128	0.14507	0.03197	0.03135	0.11330	0.01100	0.00834	0.00261	0.00924	0.00886	0.00644	0.01170
2	0.02533	0.02848	0.02512	0.03012	0.24675	0.35743	0.01808	0.02868	0.02112	0.02411	0.01565	0.01901	0.01293	0.00829	0.00753	0.00223	0.01175	0.00638	0.10036	0.01064
3	0.02050	0.25682	0.19144	0.15023	0.09845	0.10482	0.02142	0.02563	0.01803	0.02244	0.01359	0.01702	0.01097	0.00774	0.00711	0.00230	0.01101	0.00585	0.00372	0.01092
4	0.01577	0.07765	0.01392	0.01090	0.01358	0.05735	0.00842	0.01894	0.01805	0.02688	0.10400	0.14258	0.03159	0.01582	0.04632	0.00288	0.00651	0.01068	0.32309	0.05507
5	0.01521	0.05174	0.09777	0.01357	0.01794	0.08716	0.01216	0.04961	0.01923	0.02356	0.04918	0.04969	0.31947	0.02408	0.12830	0.00453	0.01019	0.01198	0.00603	0.00861

[dist]
# distance from previous block
# <min> <max>
19	117

[block]
# block no. 4 follows, 22 sequences, length 34
# corresponding to MSA columns:
# 449-482
name=unknown_E
#
# <colnr> <probs for GDERKNQSTAVLIFYWHMCP>
#	G	D	E	R	K	N	Q	S	T	A	V	L	I	F	Y	W	H	M	C	P
0	0.01499	0.04442	0.20312	0.10915	0.02751	0.01505	0.05506	0.02046	0.01820	0.02572	0.10464	0.03685	0.13923	0.01197	0.00939	0.00263	0.04649	0.00990	0.09570	0.00951
1	0.02111	0.33959	0.07612	0.01717	0.05681	0.02278	0.04408	0.05802	0.01897	0.08037	0.02578	0.02701	0.10903	0.01114	0.00878	0.05155	0.00846	0.00767	0.00512	0.01044
2	0.02747	0.03691	0.13101	0.02509	0.10075	0.45300	0.01956	0.06506	0.02289	0.02394	0.01391	0.01634	0.01115	0.00840	0.00769	0.00228	0.01361	0.00584	0.00436	0.01074
3	0.05415	0.01892	0.05507	0.11621	0.09581	0.01857	0.16643	0.15186	0.02256	0.03091	0.02815	0.03103	0.11890	0.01277	0.03904	0.00316	0.01046	0.00956	0.00561	0.01084
4	0.01826	0.01847	0.13847	0.02057	0.10473	0.01358	0.04152	0.05542	0.01899	0.10624	0.03075	0.19654	0.06701	0.05768	0.03443	0.00343	0.00862	0.01230	0.00626	0.04675
5	0.02804	0.27233	0.03076	0.01852	0.02417	0.34452	0.01537	0.12737	0.02374	0.02528	0.01355	0.01521	0.01125	0.00828	0.00687	0.00207	0.01190	0.00538	0.00468	0.01072
6	0.02210	0.08183	0.10459	0.05099	0.07917	0.01602	0.01541	0.08974	0.02129	0.17366	0.03269	0.11159	0.10859	0.01251	0.00838	0.00257	0.00787	0.01045	0.00681	0.04375
7	0.01861	0.04871	0.15348	0.11606	0.11846	0.02115	0.27059	0.02488	0.01785	0.02490	0.01517	0.02043	0.01183	0.00828	0.01097	0.00279	0.09276	0.00803	0.00391	0.01113
8	0.01395	0.01039	0.01137	0.01079	0.01295	0.01019	0.00775	0.09893	0.01917	0.02448	0.04963	0.09364	0.26797	0.26663	0.02142	0.00475	0.00655	0.05528	0.00683	0.00733
9	0.01978	0.42006	0.31527	0.01835	0.02772	0.02693	0.02142	0.02550	0.01717	0.02250	0.01302	0.01517	0.01060	0.00745	0.00645	0.00215	0.01037	0.00518	0.00353	0.01137
10	0.02633	0.03191	0.02550	0.06895	0.02798	0.44127	0.05100	0.02890	0.02032	0.02067	0.01275	0.01664	0.01088	0.00985	0.01228	0.00257	0.17237	0.00619	0.00408	0.00956
11	0.01330	0.01000	0.01364	0.01484	0.01671	0.01034	0.01275	0.01683	0.01891	0.02478	0.08002	0.08534	0.10293	0.02184	0.01233	0.00365	0.05511	0.47151	0.00746	0.00770
12	0.02494	0.40603	0.06298	0.01941	0.06285	0.25532	0.01627	0.02787	0.01936	0.02058	0.01240	0.01454	0.01082	0.00767	0.00637	0.00198	0.01122	0.00502	0.00384	0.01053
13	0.01975	0.05337	0.16004	0.02301	0.12853	0.01794	0.01866	0.09479	0.12366	0.05981	0.05854	0.03764	0.05881	0.01206	0.00872	0.00276	0.00866	0.09526	0.00639	0.01160
14	0.01987	0.02225	0.10690	0.06508	0.43373	0.01985	0.06921	0.02794	0.09938	0.02778	0.01796	0.02175	0.01431	0.00796	0.00834	0.00257	0.01008	0.00769	0.00460	0.01277
15	0.01708	0.09295	0.61865	0.02297	0.03486	0.02031	0.02946	0.02620	0.01749	0.02580	0.01466	0.01722	0.01053	0.00783	0.00770	0.00257	0.01202	0.00601	0.00351	0.01216
16	0.01058	0.00876	0.01036	0.01201	0.05146	0.00772	0.00793	0.01266	0.01802	0.02236	0.06829	0.26476	0.43219	0.02170	0.00996	0.00296	0.00474	0.01875	0.00749	0.00731
17	0.02006	0.03637	0.39464	0.03040	0.19554	0.12793	0.02692	0.02723	0.01889	0.02554	0.01475	0.01790	0.01124	0.00788	0.00791	0.00251	0.01210	0.00634	0.00379	0.01207
18	0.01081	0.00792	0.01023	0.01191	0.01267	0.00765	0.00807	0.01368	0.05655	0.02209	0.04501	0.65897	0.05302	0.02507	0.01046	0.00334	0.00493	0.02269	0.00776	0.00716
19	0.01021	0.00740	0.00964	0.01126	0.01201	0.00684	0.00762	0.01186	0.01663	0.02209	0.08804	0.61454	0.10107	0.02507	0.01049	0.00328	0.00472	0.02260	0.00780	0.00684
20	0.01423	0.01261	0.02145	0.01837	0.02096	0.01411	0.13114	0.01777	0.01481	0.02137	0.02140	0.07222	0.02011	0.04089	0.39167	0.00894	0.10738	0.00977	0.03246	0.00835
21	0.02664	0.03687	0.19019	0.02139	0.02808	0.37588	0.01962	0.10791	0.06722	0.02697	0.01575	0.01740	0.01212	0.00876	0.00777	0.00236	0.01295	0.00611	0.00488	0.01114
22	0.01012	0.00723	0.00964	0.01157	0.01205	0.00675	0.00771	0.01157	0.01591	0.02121	0.04579	0.70262	0.05495	0.02603	0.01060	0.00337	0.00482	0.02362	0.00771	0.00675
23	0.00982	0.00842	0.00842	0.00842	0.01122	0.00701	0.00631	0.01192	0.01894	0.02244	0.08416	0.07995	0.65285	0.02104	0.00982	0.00281	0.00421	0.01753	0.00771	0.00701
24	0.14047	0.07945	0.02392	0.01834	0.02395	0.25604	0.01475	0.28153	0.02816	0.03627	0.01554	0.01672	0.01188	0.00892	0.00732	0.00233	0.01079	0.00605	0.00605	0.01150
25	0.02095	0.06401	0.49845	0.02178	0.03249	0.04279	0.02627	0.05583	0.01958	0.11575	0.01743	0.01889	0.01210	0.00831	0.00786	0.00257	0.01137	0.00641	0.00470	0.01246
26	0.01339	0.00956	0.01339	0.01530	0.01721	0.00956	0.01339	0.01721	0.01912	0.02486	0.04399	0.09371	0.04781	0.02295	0.01147	0.00382	0.00765	0.60031	0.00765	0.00765
27	0.02056	0.01974	0.03372	0.05099	0.65622	0.01974	0.02550	0.02550	0.01892	0.02714	0.01563	0.02056	0.01316	0.00740	0.00822	0.00247	0.00987	0.00740	0.00411	0.01316
28	0.02149	0.02150	0.03282	0.04836	0.60026	0.07787	0.02466	0.02618	0.01933	0.02654	0.01538	0.02007	0.01294	0.00750	0.00816	0.00244	0.01032	0.00722	0.00413	0.01285
29	0.15191	0.12089	0.02521	0.01743	0.02352	0.12593	0.01449	0.35217	0.02944	0.04033	0.01629	0.01719	0.01226	0.00898	0.00724	0.00235	0.00956	0.00623	0.00650	0.01210
30	0.01696	0.01275	0.01412	0.04394	0.01695	0.05839	0.01048	0.08015	0.01845	0.02729	0.02365	0.06975	0.02071	0.02629	0.20410	0.00558	0.04932	0.00883	0.28379	0.00851
31	0.07047	0.16440	0.16901	0.02653	0.18941	0.11778	0.02024	0.05562	0.01947	0.02658	0.01491	0.01780	0.01201	0.00791	0.00712	0.00229	0.01032	0.00607	0.05067	0.01139
32	0.02901	0.03386	0.02497	0.06254	0.10078	0.48139	0.01752	0.10480	0.02452	0.02511	0.01415	0.01665	0.01143	0.00859	0.00772	0.00226	0.01345	0.00597	0.00472	0.01057
33	0.28904	0.46325	0.03231	0.01304	0.01944	0.02777	0.01234	0.02471	0.01590	0.02590	0.01156	0.01339	0.01006	0.00732	0.00526	0.00206	0.00800	0.00446	0.00412	0.01006

[dist]
# distance from previous block
# <min> <max>
0	2

[block]
# block no. 5 follows, 22 sequences, length 15
# corresponding to MSA columns:
# 485-499
name=unknown_F
#
# <colnr> <probs for GDERKNQSTAVLIFYWHMCP>
#	G	D	E	R	K	N	Q	S	T	A	V	L	I	F	Y	W	H	M	C	P
0	0.01666	0.04297	0.66500	0.02368	0.03596	0.01929	0.03069	0.02631	0.01754	0.02631	0.01491	0.01754	0.01052	0.00789	0.00789	0.00263	0.01228	0.00614	0.00351	0.01228
1	0.15183	0.56054	0.03716	0.01398	0.02061	0.06046	0.01340	0.02519	0.01672	0.02266	0.01161	0.01343	0.01037	0.00728	0.00540	0.00193	0.00874	0.00449	0.00386	0.01032
2	0.01296	0.01051	0.01545	0.01482	0.01605	0.01300	0.01174	0.01573	0.01324	0.01941	0.02028	0.03013	0.01906	0.05402	0.56269	0.01166	0.13863	0.00862	0.00431	0.00771
3	0.00982	0.00842	0.00842	0.00842	0.01122	0.00701	0.00631	0.01192	0.01894	0.02244	0.08416	0.07995	0.65285	0.02104	0.00982	0.00281	0.00421	0.01753	0.00771	0.00701
4	0.03221	0.01991	0.02260	0.01752	0.02382	0.02100	0.01439	0.43158	0.03361	0.22536	0.02482	0.05405	0.01787	0.01081	0.00843	0.00256	0.00835	0.00848	0.00885	0.01379
5	0.02985	0.03642	0.02382	0.02128	0.02532	0.56792	0.01624	0.07327	0.02359	0.02252	0.01315	0.01563	0.01096	0.00923	0.00943	0.00231	0.07900	0.00568	0.00450	0.00989
6	0.01393	0.01008	0.01237	0.01282	0.01445	0.01010	0.00912	0.11885	0.02032	0.02724	0.07277	0.55089	0.04908	0.02277	0.01016	0.00318	0.00552	0.02037	0.00789	0.00809
7	0.01082	0.00836	0.00963	0.00946	0.01156	0.00743	0.00690	0.01345	0.02006	0.02628	0.30914	0.10232	0.33423	0.07848	0.01263	0.00321	0.00445	0.01635	0.00807	0.00717
8	0.01751	0.03709	0.48873	0.02692	0.03809	0.01978	0.20106	0.02640	0.01813	0.02640	0.01545	0.01893	0.01112	0.00764	0.00844	0.00268	0.01277	0.00719	0.00371	0.01197
9	0.01987	0.36462	0.25647	0.02105	0.03015	0.02618	0.12602	0.02567	0.01758	0.02308	0.01361	0.01634	0.01095	0.00736	0.00698	0.00225	0.01093	0.00595	0.00365	0.01131
10	0.01012	0.00723	0.00964	0.01157	0.01205	0.00675	0.00771	0.01157	0.01591	0.02121	0.04579	0.70262	0.05495	0.02603	0.01060	0.00337	0.00482	0.02362	0.00771	0.00675
11	0.01652	0.02045	0.13400	0.05566	0.02475	0.02101	0.01905	0.02013	0.01389	0.02101	0.01406	0.02116	0.01281	0.02257	0.15194	0.00535	0.40513	0.00740	0.00378	0.00932
12	0.02720	0.15195	0.02822	0.02432	0.12002	0.41881	0.01696	0.03133	0.06459	0.02223	0.01449	0.01665	0.01208	0.00832	0.00729	0.00217	0.01257	0.00578	0.00442	0.01059
13	0.03096	0.02627	0.02437	0.01947	0.02555	0.15478	0.01572	0.48272	0.06401	0.04516	0.01918	0.01947	0.01397	0.00975	0.00815	0.00244	0.01019	0.00714	0.00751	0.01319
14	0.02813	0.07173	0.13580	0.02146	0.02726	0.53089	0.01851	0.03159	0.02219	0.02133	0.01314	0.01535	0.01067	0.00838	0.00746	0.00221	0.01423	0.00544	0.00411	0.01014

[dist]
# distance from previous block
# <min> <max>
0	1

[block]
# block no. 6 follows, 22 sequences, length 31
# corresponding to MSA columns:
# 501-531
name=unknown_G
#
# <colnr> <probs for GDERKNQSTAVLIFYWHMCP>
#	G	D	E	R	K	N	Q	S	T	A	V	L	I	F	Y	W	H	M	C	P
0	0.01984	0.01988	0.03651	0.11109	0.44902	0.01991	0.16940	0.02533	0.01885	0.02642	0.01582	0.02116	0.01282	0.00740	0.00861	0.00258	0.01098	0.00798	0.00409	0.01230
1	0.16091	0.01598	0.02013	0.31497	0.03606	0.01874	0.01652	0.09928	0.11493	0.03029	0.02373	0.02659	0.06883	0.00996	0.00786	0.00271	0.00867	0.00803	0.00561	0.01020
2	0.01344	0.01122	0.01637	0.01546	0.01658	0.01415	0.01233	0.01612	0.01319	0.01946	0.01942	0.02902	0.01830	0.05037	0.51326	0.01092	0.18979	0.00849	0.00425	0.00783
3	0.01170	0.00862	0.01126	0.01270	0.01437	0.00819	0.01016	0.01451	0.01836	0.02374	0.08002	0.26675	0.16438	0.02321	0.01083	0.00345	0.00601	0.29672	0.00775	0.00728
4	0.01052	0.00844	0.00939	0.00915	0.01165	0.00731	0.00687	0.01328	0.02060	0.02638	0.28996	0.07346	0.44459	0.01957	0.00981	0.00274	0.00410	0.01662	0.00823	0.00731
5	0.01963	0.33373	0.13187	0.06845	0.02946	0.02507	0.12245	0.02632	0.08003	0.02352	0.01732	0.05612	0.01493	0.00876	0.00731	0.00235	0.00998	0.00739	0.00439	0.01093
6	0.02065	0.02034	0.03227	0.11329	0.56113	0.05594	0.02473	0.02549	0.01894	0.02617	0.01539	0.02041	0.01281	0.00756	0.00819	0.00248	0.01027	0.00729	0.00408	0.01257
7	0.00982	0.00842	0.00842	0.00842	0.01122	0.00701	0.00631	0.01192	0.01894	0.02244	0.08416	0.07995	0.65285	0.02104	0.00982	0.00281	0.00421	0.01753	0.00771	0.00701
8	0.01098	0.00806	0.01068	0.01186	0.01233	0.00822	0.00807	0.01236	0.01493	0.02020	0.03896	0.51024	0.04594	0.13322	0.07387	0.00497	0.04190	0.01974	0.00681	0.00666
9	0.02368	0.21272	0.03559	0.02294	0.02830	0.23125	0.16831	0.02712	0.01897	0.02163	0.01316	0.01692	0.01120	0.00877	0.01077	0.00246	0.12550	0.00654	0.00396	0.01021
10	0.01041	0.00848	0.00932	0.00980	0.01225	0.00739	0.00756	0.01272	0.01867	0.02270	0.07413	0.14207	0.49985	0.02182	0.01016	0.00302	0.00481	0.11004	0.00770	0.00709
11	0.01012	0.00723	0.00964	0.01157	0.01205	0.00675	0.00771	0.01157	0.01591	0.02121	0.04579	0.70262	0.05495	0.02603	0.01060	0.00337	0.00482	0.02362	0.00771	0.00675
12	0.02046	0.02002	0.03535	0.04929	0.59081	0.01987	0.08960	0.02561	0.01899	0.02708	0.01575	0.02076	0.01310	0.00736	0.00839	0.00250	0.01031	0.00766	0.00412	0.01295
13	0.02162	0.02148	0.01957	0.02062	0.11125	0.20337	0.01373	0.06052	0.11964	0.05010	0.07844	0.03725	0.14607	0.04769	0.01022	0.00280	0.00903	0.00995	0.00642	0.01023
14	0.01192	0.00833	0.01039	0.01010	0.01111	0.00819	0.00680	0.01393	0.01722	0.02397	0.30014	0.05556	0.05038	0.34020	0.09155	0.00620	0.00767	0.01305	0.00678	0.00650
15	0.02221	0.71304	0.04353	0.01421	0.02132	0.03287	0.01421	0.02488	0.01688	0.01955	0.01155	0.01333	0.01066	0.00711	0.00533	0.00178	0.00888	0.00444	0.00355	0.01066
16	0.09878	0.08943	0.03079	0.03297	0.29700	0.10413	0.06316	0.13219	0.02240	0.03096	0.01532	0.01848	0.01232	0.00797	0.00767	0.00240	0.01024	0.00676	0.00493	0.01209
17	0.02156	0.02759	0.14928	0.07554	0.38705	0.14430	0.02453	0.02687	0.01941	0.02536	0.01491	0.01902	0.01208	0.00776	0.00803	0.00245	0.01136	0.00677	0.00401	0.01210
18	0.07226	0.01064	0.03714	0.01087	0.01387	0.00908	0.00904	0.01540	0.01984	0.02729	0.23258	0.06897	0.31788	0.01855	0.00961	0.00288	0.00516	0.10349	0.00774	0.00772
19	0.01950	0.01572	0.01989	0.02178	0.14034	0.01633	0.01408	0.08656	0.22676	0.05664	0.02993	0.18766	0.02755	0.01340	0.00868	0.00268	0.00701	0.01175	0.00716	0.08658
20	0.02525	0.02021	0.02582	0.05661	0.02794	0.02093	0.09484	0.36725	0.02987	0.04078	0.01963	0.05614	0.01558	0.00962	0.00822	0.00236	0.00909	0.00815	0.00684	0.15488
21	0.01728	0.03510	0.44751	0.02207	0.03133	0.08079	0.05599	0.02480	0.01743	0.02441	0.01621	0.02042	0.01260	0.01827	0.13500	0.00463	0.01453	0.00678	0.00380	0.01104
22	0.02147	0.02284	0.09859	0.02889	0.10370	0.02077	0.26443	0.16957	0.02405	0.03316	0.07811	0.02474	0.01908	0.00916	0.00988	0.00269	0.04250	0.00899	0.00556	0.01181
23	0.31589	0.01368	0.01503	0.04691	0.10756	0.01468	0.01146	0.02093	0.04946	0.02945	0.03305	0.14450	0.14089	0.01350	0.00771	0.00276	0.00644	0.01100	0.00603	0.00906
24	0.02036	0.01855	0.02428	0.02771	0.21249	0.07991	0.06047	0.13699	0.02271	0.02966	0.02839	0.15801	0.05834	0.01374	0.00914	0.00279	0.00905	0.07046	0.00615	0.01079
25	0.02361	0.02391	0.02897	0.03748	0.39198	0.16192	0.02090	0.08718	0.02177	0.02818	0.01537	0.01895	0.01264	0.00779	0.00787	0.00227	0.01054	0.00671	0.00465	0.08732
26	0.01973	0.01609	0.02106	0.06927	0.11760	0.04613	0.04547	0.04815	0.11486	0.08925	0.02875	0.15481	0.05154	0.01242	0.00852	0.00255	0.00781	0.01097	0.00649	0.12853
27	0.01519	0.01086	0.01242	0.01211	0.01443	0.01091	0.00904	0.13047	0.02093	0.02816	0.04395	0.26516	0.15231	0.09112	0.01292	0.00348	0.00603	0.06983	0.08245	0.00821
28	0.05251	0.09169	0.20580	0.02231	0.08782	0.07816	0.02000	0.17467	0.05704	0.10402	0.01860	0.01958	0.01354	0.00878	0.00774	0.00246	0.01011	0.00672	0.00588	0.01257
29	0.12292	0.09394	0.12180	0.07836	0.02513	0.01958	0.01631	0.10411	0.01886	0.02862	0.04672	0.02232	0.01618	0.01933	0.13401	0.00458	0.08011	0.00705	0.00492	0.03514
30	0.07329	0.26168	0.05464	0.01585	0.02204	0.08629	0.01413	0.11633	0.02103	0.09118	0.01607	0.01836	0.01298	0.03411	0.00895	0.00235	0.04384	0.00593	0.00532	0.09564

[dist]
# distance from previous block
# <min> <max>
40	267

[block]
# block no. 7 follows, 22 sequences, length 34
# corresponding to MSA columns:
# 833-866
name=unknown_H
#
# <colnr> <probs for GDERKNQSTAVLIFYWHMCP>
#	G	D	E	R	K	N	Q	S	T	A	V	L	I	F	Y	W	H	M	C	P
0	0.05079	0.02512	0.11207	0.05504	0.20127	0.10574	0.01990	0.16094	0.09394	0.03243	0.01939	0.05170	0.01577	0.00953	0.00813	0.00255	0.01002	0.00785	0.00566	0.01218
1	0.02376	0.02279	0.02934	0.03548	0.33622	0.11431	0.05515	0.14215	0.07061	0.03106	0.01793	0.02192	0.01458	0.03670	0.00962	0.00270	0.01038	0.00760	0.00531	0.01240
2	0.08495	0.01906	0.06391	0.01448	0.01797	0.13935	0.01158	0.04968	0.08382	0.02521	0.03404	0.18911	0.10865	0.10597	0.01302	0.00345	0.00821	0.01253	0.00626	0.00874
3	0.04986	0.08394	0.07964	0.10182	0.16729	0.01782	0.01730	0.06905	0.01982	0.07969	0.03046	0.03201	0.14327	0.01093	0.00867	0.00252	0.03018	0.00894	0.00559	0.04123
4	0.02016	0.02280	0.11371	0.02420	0.10951	0.05515	0.12528	0.08834	0.04939	0.02932	0.01944	0.02201	0.03945	0.00809	0.00787	0.00218	0.00962	0.00730	0.00509	0.24110
5	0.02343	0.08287	0.02704	0.11592	0.14127	0.24805	0.04594	0.06230	0.05490	0.02479	0.01833	0.05430	0.01620	0.00990	0.00810	0.00248	0.01135	0.03736	0.00490	0.01058
6	0.16702	0.17693	0.09323	0.04069	0.02509	0.20067	0.01604	0.13821	0.02231	0.02994	0.01391	0.01577	0.01099	0.00827	0.00680	0.00228	0.01055	0.00554	0.00493	0.01082
7	0.06204	0.08792	0.05378	0.07604	0.05643	0.28341	0.01660	0.13697	0.02319	0.02749	0.01533	0.01850	0.01243	0.01418	0.07743	0.00346	0.01304	0.00629	0.00492	0.01053
8	0.02074	0.02308	0.14125	0.03049	0.26574	0.04873	0.02054	0.03031	0.16273	0.07643	0.02658	0.02769	0.06924	0.00979	0.00833	0.00260	0.00910	0.00845	0.00578	0.01239
9	0.02066	0.01938	0.04351	0.02239	0.15822	0.13109	0.01466	0.02618	0.08583	0.09947	0.08677	0.04058	0.19122	0.01276	0.00867	0.00257	0.00822	0.01062	0.00665	0.01055
10	0.01826	0.02003	0.09175	0.04071	0.48007	0.01743	0.02260	0.02316	0.01878	0.02622	0.02774	0.03082	0.12666	0.00988	0.00847	0.00254	0.00910	0.00908	0.00469	0.01198
11	0.10459	0.07950	0.02892	0.10274	0.31511	0.10338	0.02014	0.09881	0.02100	0.02920	0.01493	0.01858	0.01209	0.00796	0.00757	0.00241	0.01009	0.00659	0.00466	0.01176
12	0.01944	0.22687	0.43959	0.02068	0.03105	0.02359	0.02489	0.07609	0.01915	0.02661	0.01440	0.01657	0.01086	0.00785	0.00722	0.00238	0.01108	0.00578	0.00392	0.01198
13	0.08223	0.17324	0.02266	0.01385	0.01924	0.01782	0.01174	0.03156	0.11106	0.25843	0.14293	0.03049	0.02900	0.01077	0.00771	0.00243	0.00677	0.00857	0.00788	0.01162
14	0.02864	0.03506	0.02586	0.02815	0.16956	0.52524	0.01821	0.03142	0.02249	0.02189	0.01348	0.01625	0.01126	0.00830	0.00766	0.00221	0.01381	0.00582	0.00424	0.01044
15	0.02022	0.18197	0.05187	0.01758	0.02121	0.13673	0.01512	0.05214	0.01725	0.02160	0.01514	0.02055	0.01369	0.02450	0.19637	0.00553	0.16820	0.00669	0.00418	0.00946
16	0.02909	0.17468	0.02467	0.01526	0.02135	0.01934	0.01294	0.03797	0.19879	0.33600	0.02823	0.02564	0.01968	0.00984	0.00769	0.00246	0.00734	0.00776	0.00822	0.01306
17	0.24635	0.02367	0.02072	0.01694	0.02272	0.13850	0.01370	0.32075	0.02836	0.06873	0.01679	0.01754	0.01230	0.00907	0.00724	0.00246	0.00930	0.00627	0.00675	0.01183
18	0.02144	0.02243	0.03614	0.04424	0.45030	0.08867	0.16155	0.02655	0.01956	0.02631	0.01560	0.02040	0.01277	0.00743	0.00851	0.00251	0.01135	0.00774	0.00415	0.01234
