[name]
unknown

[dist]
# distance from previous block
# <min> <max>
0	66

[block]
# block no. 0 follows, 23 sequences, length 8
# corresponding to MSA columns:
# 86-93
name=unknown_A
#
# <colnr> <probs for GDERKNQSTAVLIFYWHMCP>
#	G	D	E	R	K	N	Q	S	T	A	V	L	I	F	Y	W	H	M	C	P
0	0.01735	0.01390	0.01710	0.11467	0.02402	0.04335	0.01410	0.05177	0.16425	0.05422	0.03028	0.04836	0.02800	0.02215	0.11727	0.00467	0.01035	0.20808	0.00658	0.00954
1	0.01251	0.00885	0.01014	0.00940	0.01057	0.00828	0.00578	0.01328	0.01325	0.01837	0.06442	0.04829	0.02995	0.56687	0.03413	0.00656	0.00734	0.01096	0.00516	0.11590
2	0.01080	0.01224	0.10611	0.01280	0.01512	0.00840	0.01071	0.01342	0.01599	0.02153	0.04309	0.56186	0.09221	0.02248	0.00991	0.00315	0.00573	0.02014	0.00693	0.00740
3	0.18150	0.29278	0.02844	0.01611	0.02092	0.19629	0.01384	0.02560	0.01701	0.02300	0.01152	0.01416	0.01012	0.00849	0.00884	0.00226	0.11057	0.00498	0.00399	0.00959
4	0.02123	0.02335	0.02279	0.06924	0.21928	0.26296	0.01675	0.02469	0.02086	0.02447	0.13964	0.02988	0.07009	0.01041	0.00817	0.00236	0.01009	0.00858	0.00522	0.00993
5	0.01791	0.21567	0.45988	0.02162	0.03200	0.02241	0.07410	0.02536	0.01713	0.02401	0.01386	0.01645	0.01048	0.00744	0.00721	0.00237	0.01127	0.00585	0.00349	0.01150
6	0.01932	0.01668	0.01752	0.01584	0.02027	0.01909	0.01230	0.04055	0.59799	0.03296	0.03704	0.03418	0.07675	0.01179	0.00837	0.00275	0.00623	0.00982	0.00820	0.01235
7	0.01530	0.01312	0.01501	0.01122	0.01749	0.00998	0.00889	0.01858	0.01718	0.02549	0.02871	0.02974	0.14877	0.00907	0.00676	0.00153	0.00561	0.00740	0.00538	0.60478

[dist]
# distance from previous block
# <min> <max>
0	3

[block]
# block no. 1 follows, 23 sequences, length 71
# corresponding to MSA columns:
# 97-167
name=unknown_B
#
# <colnr> <probs for GDERKNQSTAVLIFYWHMCP>
#	G	D	E	R	K	N	Q	S	T	A	V	L	I	F	Y	W	H	M	C	P
0	0.09224	0.41856	0.09609	0.01732	0.05516	0.05371	0.01583	0.12008	0.02003	0.02672	0.01312	0.01485	0.01090	0.00758	0.00611	0.00204	0.00910	0.00515	0.00439	0.01102
1	0.02143	0.68696	0.07298	0.01433	0.02152	0.03147	0.01466	0.02436	0.01652	0.01941	0.01144	0.01322	0.01041	0.00698	0.00533	0.00178	0.00884	0.00442	0.00347	0.01049
2	0.01707	0.24992	0.02213	0.01182	0.01542	0.01697	0.00977	0.04827	0.01891	0.05573	0.22414	0.06515	0.03783	0.15717	0.01454	0.00339	0.00673	0.01025	0.00621	0.00857
3	0.01128	0.00843	0.01082	0.01190	0.01330	0.00787	0.00840	0.01416	0.04800	0.02217	0.04120	0.56585	0.04784	0.02268	0.00991	0.00311	0.00512	0.06361	0.00731	0.07703
4	0.01892	0.01321	0.01529	0.01383	0.01670	0.01388	0.01032	0.23983	0.02343	0.05759	0.03140	0.31093	0.03304	0.11716	0.04179	0.00400	0.00748	0.01456	0.00735	0.00930
5	0.02241	0.02386	0.03015	0.06817	0.48291	0.18240	0.02254	0.02658	0.01950	0.02464	0.01456	0.01880	0.01218	0.00754	0.00786	0.00234	0.01092	0.00674	0.00404	0.01185
6	0.02234	0.02162	0.02029	0.01628	0.02158	0.17950	0.01293	0.08100	0.01992	0.05114	0.01456	0.01709	0.01191	0.00829	0.00963	0.00193	0.11019	0.00561	0.00498	0.36921
7	0.02709	0.01961	0.02171	0.01639	0.02308	0.01994	0.01344	0.41032	0.03073	0.08910	0.01890	0.01929	0.01373	0.00866	0.00749	0.00207	0.00791	0.00663	0.00728	0.23664
8	0.01159	0.00869	0.01304	0.01304	0.01449	0.01014	0.01014	0.01449	0.01304	0.01884	0.02173	0.03188	0.02029	0.06086	0.68268	0.01304	0.02173	0.00869	0.00435	0.00724
9	0.02991	0.02203	0.02368	0.01834	0.02456	0.02433	0.01507	0.60913	0.03714	0.04978	0.02061	0.05039	0.01558	0.01044	0.00822	0.00247	0.00874	0.00801	0.00809	0.01348
10	0.01155	0.00904	0.01321	0.01390	0.01500	0.00917	0.04114	0.01372	0.01611	0.02159	0.04045	0.50331	0.04706	0.02307	0.01167	0.00337	0.05660	0.13582	0.00706	0.00715
11	0.01847	0.49260	0.03310	0.01361	0.01880	0.02509	0.01269	0.02116	0.01539	0.01901	0.01462	0.01904	0.01357	0.02416	0.22161	0.00535	0.01285	0.00573	0.00375	0.00940
12	0.01113	0.00870	0.01014	0.00970	0.01208	0.00793	0.00730	0.01515	0.05101	0.02830	0.39596	0.06625	0.31089	0.01793	0.00952	0.00264	0.00407	0.01541	0.00833	0.00758
13	0.02018	0.01743	0.01835	0.01651	0.02110	0.02018	0.01284	0.04312	0.64956	0.03394	0.03303	0.03027	0.02477	0.01101	0.00826	0.00275	0.00642	0.00917	0.00826	0.01284
14	0.00989	0.00706	0.00942	0.01130	0.01177	0.00659	0.00753	0.01130	0.01554	0.02071	0.04472	0.70954	0.05367	0.02542	0.01036	0.00330	0.00471	0.02307	0.00753	0.00659
15	0.01627	0.04197	0.67279	0.02313	0.03512	0.01884	0.02998	0.02570	0.01713	0.02570	0.01456	0.01713	0.01028	0.00771	0.00771	0.00257	0.01199	0.00600	0.00343	0.01199
16	0.03031	0.03867	0.02299	0.02090	0.02508	0.68226	0.01568	0.03240	0.02299	0.01986	0.01254	0.01463	0.01045	0.00836	0.00732	0.00209	0.01463	0.00523	0.00418	0.00941
17	0.01180	0.00787	0.00885	0.00885	0.00885	0.00787	0.00492	0.01180	0.01180	0.01573	0.02557	0.05310	0.02950	0.71483	0.04130	0.00787	0.00787	0.01180	0.00492	0.00492
18	0.01683	0.01442	0.01683	0.01202	0.01923	0.01082	0.00961	0.02043	0.01683	0.02644	0.01442	0.01683	0.01202	0.00601	0.00601	0.00120	0.00601	0.00481	0.00481	0.76444
19	0.03031	0.03867	0.02299	0.02090	0.02508	0.68226	0.01568	0.03240	0.02299	0.01986	0.01254	0.01463	0.01045	0.00836	0.00732	0.00209	0.01463	0.00523	0.00418	0.00941
20	0.01683	0.01442	0.01683	0.01202	0.01923	0.01082	0.00961	0.02043	0.01683	0.02644	0.01442	0.01683	0.01202	0.00601	0.00601	0.00120	0.00601	0.00481	0.00481	0.76444
21	0.01180	0.00787	0.00885	0.00885	0.00885	0.00787	0.00492	0.01180	0.01180	0.01573	0.02557	0.05310	0.02950	0.71483	0.04130	0.00787	0.00787	0.01180	0.00492	0.00492
22	0.01027	0.00814	0.00857	0.00852	0.01053	0.00716	0.00597	0.01195	0.01717	0.02117	0.11056	0.07066	0.46274	0.19113	0.01739	0.00399	0.00501	0.01564	0.00699	0.00643
23	0.01867	0.01928	0.02472	0.02127	0.02158	0.07298	0.01760	0.02047	0.01320	0.01955	0.01079	0.01752	0.01064	0.01377	0.02522	0.00344	0.64981	0.00696	0.00360	0.00892
24	0.01683	0.01442	0.01683	0.01202	0.01923	0.01082	0.00961	0.02043	0.01683	0.02644	0.01442	0.01683	0.01202	0.00601	0.00601	0.00120	0.00601	0.00481	0.00481	0.76444
25	0.02929	0.02167	0.02317	0.01790	0.02412	0.02382	0.01474	0.59137	0.03671	0.04900	0.02407	0.02377	0.06117	0.01053	0.00823	0.00246	0.00858	0.00802	0.00807	0.01329
26	0.00989	0.00706	0.00942	0.01130	0.01177	0.00659	0.00753	0.01130	0.01554	0.02071	0.04472	0.70954	0.05367	0.02542	0.01036	0.00330	0.00471	0.02307	0.00753	0.00659
27	0.01513	0.00756	0.00756	0.00756	0.00945	0.00756	0.00567	0.01891	0.01702	0.03025	0.02647	0.03025	0.02080	0.00945	0.00567	0.00189	0.00378	0.00756	0.75988	0.00756
28	0.03031	0.03867	0.02299	0.02090	0.02508	0.68226	0.01568	0.03240	0.02299	0.01986	0.01254	0.01463	0.01045	0.00836	0.00732	0.00209	0.01463	0.00523	0.00418	0.00941
29	0.01532	0.01442	0.02434	0.69533	0.05589	0.01803	0.02253	0.02073	0.01622	0.02073	0.01442	0.02163	0.01082	0.00811	0.00811	0.00270	0.01082	0.00721	0.00361	0.00901
30	0.02578	0.02901	0.02074	0.01865	0.02249	0.42281	0.01428	0.11454	0.02271	0.02408	0.01580	0.01957	0.01335	0.02148	0.17365	0.00483	0.01556	0.00638	0.00479	0.00950
31	0.77215	0.01569	0.01193	0.01067	0.01569	0.01820	0.00879	0.02385	0.01381	0.03641	0.01130	0.01318	0.00879	0.00753	0.00502	0.00251	0.00628	0.00439	0.00502	0.00879
32	0.01013	0.00716	0.00934	0.01098	0.01139	0.00675	0.00720	0.01136	0.01506	0.02007	0.04226	0.62527	0.05056	0.11393	0.01433	0.00388	0.00511	0.02162	0.00720	0.00638
33	0.02205	0.02282	0.02951	0.12001	0.43390	0.15543	0.02234	0.05104	0.01994	0.02546	0.01478	0.01913	0.01215	0.00767	0.00790	0.00238	0.01078	0.00682	0.00417	0.01172
34	0.01154	0.00852	0.01207	0.01204	0.01333	0.00953	0.00902	0.01397	0.01348	0.01903	0.05188	0.03843	0.04997	0.16423	0.52220	0.01134	0.01800	0.00979	0.00476	0.00687
35	0.03085	0.02273	0.02435	0.01867	0.02516	0.02516	0.01542	0.63716	0.03815	0.05114	0.01948	0.01948	0.01380	0.00974	0.00812	0.00244	0.00893	0.00731	0.00812	0.01380
36	0.01159	0.00869	0.01304	0.01304	0.01449	0.01014	0.01014	0.01449	0.01304	0.01884	0.02173	0.03188	0.02029	0.06086	0.68268	0.01304	0.02173	0.00869	0.00435	0.00724
37	0.00977	0.00786	0.00871	0.00927	0.01126	0.00681	0.00666	0.01170	0.01777	0.02202	0.09644	0.27438	0.44516	0.02189	0.00983	0.00290	0.00428	0.01887	0.00760	0.00681
38	0.01513	0.00756	0.00756	0.00756	0.00945	0.00756	0.00567	0.01891	0.01702	0.03025	0.02647	0.03025	0.02080	0.00945	0.00567	0.00189	0.00378	0.00756	0.75988	0.00756
39	0.02169	0.71972	0.04252	0.01388	0.02083	0.03211	0.01388	0.02430	0.01649	0.01909	0.01128	0.01302	0.01041	0.00694	0.00521	0.00174	0.00868	0.00434	0.00347	0.01041
40	0.01683	0.01442	0.01683	0.01202	0.01923	0.01082	0.00961	0.02043	0.01683	0.02644	0.01442	0.01683	0.01202	0.00601	0.00601	0.00120	0.00601	0.00481	0.00481	0.76444
41	0.03034	0.03793	0.02306	0.02080	0.02509	0.65181	0.01567	0.06042	0.02370	0.02131	0.01286	0.01486	0.01061	0.00843	0.00735	0.00211	0.01437	0.00532	0.00436	0.00961
42	0.02008	0.01928	0.03294	0.04981	0.66422	0.01928	0.02490	0.02490	0.01848	0.02651	0.01526	0.02008	0.01285	0.00723	0.00803	0.00241	0.00964	0.00723	0.00402	0.01285
43	0.00991	0.00832	0.00867	0.00884	0.01150	0.00708	0.00680	0.01212	0.01851	0.02214	0.07857	0.07933	0.60414	0.02072	0.00974	0.00283	0.00442	0.07190	0.00753	0.00691
44	0.00989	0.00706	0.00942	0.01130	0.01177	0.00659	0.00753	0.01130	0.01554	0.02071	0.04472	0.70954	0.05367	0.02542	0.01036	0.00330	0.00471	0.02307	0.00753	0.00659
45	0.03085	0.02273	0.02435	0.01867	0.02516	0.02516	0.01542	0.63716	0.03815	0.05114	0.01948	0.01948	0.01380	0.00974	0.00812	0.00244	0.00893	0.00731	0.00812	0.01380
46	0.01626	0.01503	0.02347	0.53118	0.07835	0.01784	0.02053	0.02369	0.09496	0.02306	0.01677	0.02229	0.01273	0.00828	0.00798	0.00259	0.00987	0.00728	0.00429	0.06354
47	0.05766	0.02860	0.02087	0.01848	0.02264	0.38886	0.01426	0.15226	0.02377	0.02675	0.01571	0.01893	0.01299	0.01887	0.13934	0.00432	0.01451	0.00629	0.00505	0.00986
48	0.01606	0.01385	0.01441	0.01329	0.01715	0.01499	0.01024	0.03087	0.40394	0.02926	0.05217	0.04888	0.27237	0.01472	0.00878	0.00275	0.00552	0.01227	0.00798	0.01051
49	0.06808	0.01389	0.01853	0.01427	0.02050	0.01220	0.01179	0.03887	0.02282	0.64257	0.03112	0.02700	0.01960	0.00993	0.00802	0.00251	0.00688	0.00800	0.00983	0.01359
50	0.02169	0.71972	0.04252	0.01388	0.02083	0.03211	0.01388	0.02430	0.01649	0.01909	0.01128	0.01302	0.01041	0.00694	0.00521	0.00174	0.00868	0.00434	0.00347	0.01041
51	0.01985	0.01992	0.03661	0.04596	0.51118	0.01958	0.17499	0.02517	0.01864	0.02638	0.01555	0.02053	0.01272	0.00713	0.00841	0.00249	0.01063	0.00781	0.00404	0.01238
52	0.00975	0.00799	0.00860	0.00895	0.01118	0.00684	0.00652	0.01176	0.01811	0.02221	0.10377	0.20680	0.50670	0.02135	0.00975	0.00284	0.00422	0.01822	0.00761	0.00684
53	0.01627	0.04197	0.67279	0.02313	0.03512	0.01884	0.02998	0.02570	0.01713	0.02570	0.01456	0.01713	0.01028	0.00771	0.00771	0.00257	0.01199	0.00600	0.00343	0.01199
54	0.01627	0.04197	0.67279	0.02313	0.03512	0.01884	0.02998	0.02570	0.01713	0.02570	0.01456	0.01713	0.01028	0.00771	0.00771	0.00257	0.01199	0.00600	0.00343	0.01199
55	0.00959	0.00822	0.00822	0.00822	0.01096	0.00685	0.00617	0.01165	0.01850	0.02192	0.08220	0.07809	0.66092	0.02055	0.00959	0.00274	0.00411	0.01713	0.00754	0.00685
56	0.00989	0.00706	0.00942	0.01130	0.01177	0.00659	0.00753	0.01130	0.01554	0.02071	0.04472	0.70954	0.05367	0.02542	0.01036	0.00330	0.00471	0.02307	0.00753	0.00659
57	0.02865	0.02585	0.02242	0.01830	0.02378	0.20924	0.01461	0.40609	0.03198	0.03949	0.02354	0.02373	0.07496	0.01039	0.00803	0.00237	0.01008	0.00766	0.00695	0.01189
58	0.01159	0.00869	0.01304	0.01304	0.01449	0.01014	0.01014	0.01449	0.01304	0.01884	0.02173	0.03188	0.02029	0.06086	0.68268	0.01304	0.02173	0.00869	0.00435	0.00724
59	0.01894	0.02336	0.09363	0.03339	0.04187	0.02040	0.59047	0.02597	0.01900	0.02597	0.01628	0.02154	0.01216	0.00690	0.00944	0.00272	0.01356	0.00931	0.00405	0.01102
60	0.01532	0.01442	0.02434	0.69533	0.05589	0.01803	0.02253	0.02073	0.01622	0.02073	0.01442	0.02163	0.01082	0.00811	0.00811	0.00270	0.01082	0.00721	0.00361	0.00901
61	0.01624	0.01506	0.02438	0.61375	0.05189	0.01887	0.02185	0.05001	0.01699	0.02209	0.01439	0.02125	0.01095	0.00864	0.00947	0.00275	0.06118	0.00721	0.00382	0.00923
62	0.03031	0.03867	0.02299	0.02090	0.02508	0.68226	0.01568	0.03240	0.02299	0.01986	0.01254	0.01463	0.01045	0.00836	0.00732	0.00209	0.01463	0.00523	0.00418	0.00941
63	0.03085	0.02273	0.02435	0.01867	0.02516	0.02516	0.01542	0.63716	0.03815	0.05114	0.01948	0.01948	0.01380	0.00974	0.00812	0.00244	0.00893	0.00731	0.00812	0.01380
64	0.02815	0.02335	0.02634	0.02654	0.18244	0.08446	0.01778	0.43057	0.03191	0.04219	0.01780	0.01918	0.01326	0.00900	0.00802	0.00240	0.00963	0.00709	0.00674	0.01316
65	0.01775	0.01775	0.02485	0.02130	0.02130	0.02485	0.01775	0.01953	0.01243	0.01953	0.01065	0.01775	0.01065	0.01420	0.02663	0.00355	0.69998	0.00710	0.00355	0.00888
66	0.01191	0.00892	0.01265	0.01250	0.01356	0.01031	0.00934	0.01413	0.01274	0.01819	0.02207	0.03588	0.02187	0.20175	0.51299	0.01148	0.04915	0.00930	0.00444	0.00681
67	0.01513	0.00756	0.00756	0.00756	0.00945	0.00756	0.00567	0.01891	0.01702	0.03025	0.02647	0.03025	0.02080	0.00945	0.00567	0.00189	0.00378	0.00756	0.75988	0.00756
68	0.01700	0.00957	0.01203	0.01101	0.01410	0.00846	0.00854	0.01992	0.02082	0.18485	0.24887	0.11914	0.22929	0.01724	0.00938	0.00273	0.00493	0.04470	0.00860	0.00883
69	0.02148	0.56832	0.12590	0.01528	0.02277	0.02897	0.01594	0.02594	0.04520	0.04657	0.01352	0.01493	0.01142	0.00735	0.00580	0.00192	0.00896	0.00493	0.00394	0.01087
70	0.01912	0.01829	0.03119	0.18095	0.54063	0.01903	0.02442	0.02406	0.01802	0.02534	0.01509	0.02040	0.01244	0.00741	0.00805	0.00247	0.00988	0.00723	0.00393	0.01207

[dist]
# distance from previous block
# <min> <max>
0	1

[block]
# block no. 2 follows, 23 sequences, length 97
# corresponding to MSA columns:
# 169-265
name=unknown_C
#
# <colnr> <probs for GDERKNQSTAVLIFYWHMCP>
#	G	D	E	R	K	N	Q	S	T	A	V	L	I	F	Y	W	H	M	C	P
0	0.01741	0.07636	0.49764	0.02837	0.17056	0.01971	0.02795	0.02544	0.01739	0.02549	0.01452	0.01753	0.01084	0.00756	0.00763	0.00249	0.01129	0.00617	0.00356	0.01209
1	0.01148	0.00829	0.01085	0.01021	0.01212	0.00766	0.00766	0.01531	0.02297	0.03254	0.65994	0.06061	0.07656	0.01659	0.00957	0.00255	0.00383	0.01467	0.00893	0.00766
2	0.01749	0.01481	0.01718	0.01233	0.01951	0.01149	0.00989	0.04949	0.01783	0.02760	0.01466	0.01695	0.01210	0.00619	0.00611	0.00126	0.00615	0.00493	0.00496	0.72907
3	0.01159	0.00869	0.01304	0.01304	0.01449	0.01014	0.01014	0.01449	0.01304	0.01884	0.02173	0.03188	0.02029	0.06086	0.68268	0.01304	0.02173	0.00869	0.00435	0.00724
4	0.01113	0.00828	0.01036	0.00984	0.01191	0.00751	0.00738	0.01463	0.02213	0.03055	0.55195	0.06388	0.18579	0.01733	0.00957	0.00259	0.00388	0.01513	0.00867	0.00751
5	0.00989	0.00706	0.00942	0.01130	0.01177	0.00659	0.00753	0.01130	0.01554	0.02071	0.04472	0.70954	0.05367	0.02542	0.01036	0.00330	0.00471	0.02307	0.00753	0.00659
6	0.69446	0.01549	0.01266	0.01107	0.01622	0.01754	0.00912	0.02551	0.01480	0.10329	0.01349	0.01471	0.00998	0.00780	0.00535	0.00251	0.00634	0.00479	0.00555	0.00932
7	0.01148	0.00829	0.01085	0.01021	0.01212	0.00766	0.00766	0.01531	0.02297	0.03254	0.65994	0.06061	0.07656	0.01659	0.00957	0.00255	0.00383	0.01467	0.00893	0.00766
8	0.03641	0.01381	0.01883	0.01444	0.02071	0.01193	0.01193	0.03954	0.02322	0.66984	0.03201	0.02762	0.02009	0.01004	0.00816	0.00251	0.00690	0.00816	0.01004	0.01381
9	0.00989	0.00706	0.00942	0.01130	0.01177	0.00659	0.00753	0.01130	0.01554	0.02071	0.04472	0.70954	0.05367	0.02542	0.01036	0.00330	0.00471	0.02307	0.00753	0.00659
10	0.01000	0.00824	0.00879	0.00865	0.01121	0.00702	0.00649	0.01244	0.01946	0.02422	0.20735	0.07430	0.53434	0.01969	0.00959	0.00270	0.00405	0.01659	0.00784	0.00702
11	0.02117	0.03126	0.24296	0.03432	0.30868	0.17141	0.02447	0.02689	0.01907	0.02471	0.01441	0.01785	0.01145	0.00765	0.00776	0.00239	0.01157	0.00636	0.00386	0.01178
12	0.01878	0.01787	0.02993	0.22508	0.46882	0.01898	0.02371	0.02458	0.04614	0.02526	0.01583	0.02096	0.01283	0.00764	0.00806	0.00251	0.00982	0.00731	0.00409	0.01180
13	0.00987	0.00711	0.00936	0.01117	0.01173	0.00660	0.00747	0.01131	0.01566	0.02077	0.04633	0.68246	0.07971	0.02521	0.01032	0.00327	0.00468	0.02281	0.00753	0.00660
14	0.01683	0.01442	0.01683	0.01202	0.01923	0.01082	0.00961	0.02043	0.01683	0.02644	0.01442	0.01683	0.01202	0.00601	0.00601	0.00120	0.00601	0.00481	0.00481	0.76444
15	0.01159	0.00869	0.01304	0.01304	0.01449	0.01014	0.01014	0.01449	0.01304	0.01884	0.02173	0.03188	0.02029	0.06086	0.68268	0.01304	0.02173	0.00869	0.00435	0.00724
16	0.77215	0.01569	0.01193	0.01067	0.01569	0.01820	0.00879	0.02385	0.01381	0.03641	0.01130	0.01318	0.00879	0.00753	0.00502	0.00251	0.00628	0.00439	0.00502	0.00879
17	0.01020	0.00824	0.00906	0.00886	0.01133	0.00711	0.00664	0.01282	0.01993	0.02533	0.26762	0.07248	0.47337	0.01928	0.00958	0.00268	0.00402	0.01634	0.00798	0.00711
18	0.02987	0.02224	0.02380	0.01847	0.02479	0.02471	0.01519	0.58255	0.09436	0.04956	0.02073	0.02047	0.01481	0.00986	0.00813	0.00246	0.00870	0.00748	0.00813	0.01371
19	0.03641	0.01381	0.01883	0.01444	0.02071	0.01193	0.01193	0.03954	0.02322	0.66984	0.03201	0.02762	0.02009	0.01004	0.00816	0.00251	0.00690	0.00816	0.01004	0.01381
20	0.01990	0.49483	0.25165	0.01695	0.02557	0.02771	0.01922	0.02476	0.01670	0.02128	0.01237	0.01438	0.01037	0.00720	0.00604	0.00201	0.00978	0.00489	0.00346	0.01094
21	0.01935	0.01661	0.01763	0.01606	0.02043	0.01904	0.01256	0.04038	0.58934	0.03292	0.03572	0.03552	0.05424	0.01201	0.00847	0.00280	0.00637	0.04007	0.00818	0.01230
22	0.01172	0.00783	0.00887	0.00896	0.00898	0.00781	0.00503	0.01178	0.01196	0.01595	0.02640	0.08156	0.03055	0.68494	0.03996	0.00767	0.00773	0.01229	0.00503	0.00499
23	0.28955	0.01742	0.01827	0.01454	0.02045	0.01849	0.01200	0.23240	0.02491	0.24501	0.02068	0.01991	0.01408	0.00907	0.00706	0.00249	0.00736	0.00657	0.00766	0.01207
24	0.03064	0.02253	0.02350	0.01832	0.02457	0.05725	0.01501	0.52468	0.07165	0.09749	0.02090	0.02050	0.01476	0.00977	0.00809	0.00244	0.00891	0.00738	0.00808	0.01352
25	0.01909	0.02169	0.04679	0.03359	0.04141	0.02072	0.60568	0.02569	0.01884	0.02569	0.01614	0.02169	0.01223	0.00719	0.01038	0.00277	0.04601	0.00946	0.00408	0.01085
26	0.00959	0.00822	0.00822	0.00822	0.01096	0.00685	0.00617	0.01165	0.01850	0.02192	0.08220	0.07809	0.66092	0.02055	0.00959	0.00274	0.00411	0.01713	0.00754	0.00685
27	0.01035	0.00726	0.00928	0.01070	0.01105	0.00690	0.00689	0.01142	0.01462	0.01949	0.04003	0.54885	0.04775	0.19418	0.01793	0.00441	0.00548	0.02031	0.00689	0.00618
28	0.01676	0.10274	0.61628	0.02230	0.03384	0.02003	0.02854	0.02557	0.01707	0.02510	0.01427	0.01676	0.01029	0.00764	0.00748	0.00249	0.01169	0.00585	0.00343	0.01185
29	0.01441	0.01283	0.01844	0.01681	0.01760	0.01686	0.01362	0.01679	0.01276	0.01915	0.01667	0.02543	0.01589	0.03955	0.38303	0.00871	0.33152	0.00797	0.00398	0.00799
30	0.01409	0.00705	0.01057	0.01057	0.01057	0.00705	0.00705	0.01057	0.01057	0.01409	0.01409	0.02467	0.01409	0.02819	0.03171	0.76392	0.00705	0.00705	0.00352	0.00352
31	0.01905	0.01823	0.03107	0.18963	0.53244	0.01901	0.02439	0.02400	0.01799	0.02526	0.01508	0.02042	0.01241	0.00742	0.00805	0.00247	0.00989	0.00723	0.00393	0.01202
32	0.00989	0.00706	0.00942	0.01130	0.01177	0.00659	0.00753	0.01130	0.01554	0.02071	0.04472	0.70954	0.05367	0.02542	0.01036	0.00330	0.00471	0.02307	0.00753	0.00659
33	0.48991	0.01948	0.05424	0.01397	0.01986	0.02048	0.01215	0.22121	0.02183	0.04052	0.01412	0.01544	0.01049	0.00825	0.00617	0.00249	0.00746	0.00542	0.00592	0.01059
34	0.03031	0.03867	0.02299	0.02090	0.02508	0.68226	0.01568	0.03240	0.02299	0.01986	0.01254	0.01463	0.01045	0.00836	0.00732	0.00209	0.01463	0.00523	0.00418	0.00941
35	0.01803	0.01689	0.02707	0.28837	0.32372	0.01822	0.02169	0.02464	0.07535	0.02500	0.01651	0.02135	0.01311	0.00781	0.00792	0.00246	0.00950	0.00721	0.00431	0.07084
36	0.02716	0.16572	0.02721	0.02144	0.07442	0.44870	0.01584	0.05807	0.02173	0.02167	0.01319	0.01564	0.01117	0.01007	0.03274	0.00248	0.01310	0.00544	0.00422	0.01000
37	0.01513	0.00756	0.00756	0.00756	0.00945	0.00756	0.00567	0.01891	0.01702	0.03025	0.02647	0.03025	0.02080	0.00945	0.00567	0.00189	0.00378	0.00756	0.75988	0.00756
38	0.03035	0.03741	0.02310	0.02073	0.02509	0.63029	0.01566	0.08023	0.02419	0.02233	0.01309	0.01502	0.01072	0.00847	0.00738	0.00212	0.01418	0.00539	0.00449	0.00975
39	0.02169	0.71972	0.04252	0.01388	0.02083	0.03211	0.01388	0.02430	0.01649	0.01909	0.01128	0.01302	0.01041	0.00694	0.00521	0.00174	0.00868	0.00434	0.00347	0.01041
40	0.77215	0.01569	0.01193	0.01067	0.01569	0.01820	0.00879	0.02385	0.01381	0.03641	0.01130	0.01318	0.00879	0.00753	0.00502	0.00251	0.00628	0.00439	0.00502	0.00879
41	0.01003	0.00824	0.00882	0.00868	0.01123	0.00704	0.00651	0.01249	0.01952	0.02436	0.21490	0.07408	0.52670	0.01964	0.00959	0.00270	0.00405	0.01656	0.00786	0.00704
42	0.00989	0.00706	0.00942	0.01130	0.01177	0.00659	0.00753	0.01130	0.01554	0.02071	0.04472	0.70954	0.05367	0.02542	0.01036	0.00330	0.00471	0.02307	0.00753	0.00659
43	0.00989	0.00706	0.00942	0.01130	0.01177	0.00659	0.00753	0.01130	0.01554	0.02071	0.04472	0.70954	0.05367	0.02542	0.01036	0.00330	0.00471	0.02307	0.00753	0.00659
44	0.01050	0.00732	0.00923	0.01051	0.01083	0.00700	0.00669	0.01146	0.01433	0.01911	0.03856	0.49842	0.04589	0.24715	0.02031	0.00477	0.00572	0.01944	0.00669	0.00605
45	0.01180	0.00787	0.00885	0.00885	0.00885	0.00787	0.00492	0.01180	0.01180	0.01573	0.02557	0.05310	0.02950	0.71483	0.04130	0.00787	0.00787	0.01180	0.00492	0.00492
46	0.01148	0.00829	0.01085	0.01021	0.01212	0.00766	0.00766	0.01531	0.02297	0.03254	0.65994	0.06061	0.07656	0.01659	0.00957	0.00255	0.00383	0.01467	0.00893	0.00766
47	0.02008	0.01928	0.03294	0.04981	0.66422	0.01928	0.02490	0.02490	0.01848	0.02651	0.01526	0.02008	0.01285	0.00723	0.00803	0.00241	0.00964	0.00723	0.00402	0.01285
48	0.01816	0.27794	0.45335	0.01991	0.03014	0.02346	0.02438	0.02521	0.01691	0.02340	0.01342	0.01570	0.01033	0.00744	0.00684	0.00228	0.01084	0.00542	0.00344	0.01144
49	0.02252	0.65441	0.04065	0.01456	0.02123	0.09445	0.01406	0.02507	0.01711	0.01916	0.01140	0.01317	0.01042	0.00708	0.00541	0.00177	0.00925	0.00442	0.00354	0.01032
50	0.02687	0.01343	0.01642	0.01357	0.01869	0.01272	0.01089	0.03432	0.16606	0.38343	0.04312	0.03916	0.15998	0.01254	0.00849	0.00262	0.00619	0.01033	0.00909	0.01208
51	0.02171	0.02196	0.02083	0.04747	0.02349	0.16438	0.01479	0.03543	0.36766	0.02763	0.02361	0.02418	0.01843	0.01091	0.01148	0.00276	0.13795	0.00785	0.00630	0.01119
52	0.01180	0.00787	0.00885	0.00885	0.00885	0.00787	0.00492	0.01180	0.01180	0.01573	0.02557	0.05310	0.02950	0.71483	0.04130	0.00787	0.00787	0.01180	0.00492	0.00492
53	0.01123	0.00993	0.04389	0.01067	0.01317	0.00802	0.00864	0.01474	0.02090	0.02851	0.42263	0.11490	0.20448	0.01796	0.00960	0.00270	0.00451	0.03776	0.00817	0.00760
54	0.00989	0.00706	0.00942	0.01130	0.01177	0.00659	0.00753	0.01130	0.01554	0.02071	0.04472	0.70954	0.05367	0.02542	0.01036	0.00330	0.00471	0.02307	0.00753	0.00659
55	0.02008	0.01928	0.03294	0.04981	0.66422	0.01928	0.02490	0.02490	0.01848	0.02651	0.01526	0.02008	0.01285	0.00723	0.00803	0.00241	0.00964	0.00723	0.00402	0.01285
56	0.01409	0.00705	0.01057	0.01057	0.01057	0.00705	0.00705	0.01057	0.01057	0.01409	0.01409	0.02467	0.01409	0.02819	0.03171	0.76392	0.00705	0.00705	0.00352	0.00352
57	0.01918	0.01803	0.03008	0.23466	0.46103	0.01917	0.02381	0.05025	0.01868	0.02591	0.01520	0.02050	0.01231	0.00759	0.00806	0.00250	0.00995	0.00723	0.00408	0.01179
58	0.02008	0.01928	0.03294	0.04981	0.66422	0.01928	0.02490	0.02490	0.01848	0.02651	0.01526	0.02008	0.01285	0.00723	0.00803	0.00241	0.00964	0.00723	0.00402	0.01285
59	0.77215	0.01569	0.01193	0.01067	0.01569	0.01820	0.00879	0.02385	0.01381	0.03641	0.01130	0.01318	0.00879	0.00753	0.00502	0.00251	0.00628	0.00439	0.00502	0.00879
60	0.03546	0.01532	0.01977	0.01515	0.02147	0.01417	0.01252	0.14084	0.02575	0.56497	0.02989	0.02624	0.01902	0.00999	0.00815	0.00250	0.00725	0.00802	0.00972	0.01381
61	0.01915	0.02189	0.04788	0.03420	0.04241	0.02052	0.63475	0.02599	0.01915	0.02599	0.01642	0.02189	0.01231	0.00684	0.00958	0.00274	0.01368	0.00958	0.00410	0.01094
62	0.03023	0.02242	0.02400	0.01854	0.02493	0.02487	0.01527	0.60272	0.07360	0.05014	0.02027	0.02011	0.01444	0.00981	0.00813	0.00245	0.00878	0.00741	0.00813	0.01374
63	0.00976	0.00823	0.00846	0.00840	0.01107	0.00692	0.00630	0.01198	0.01891	0.02290	0.13531	0.07648	0.60720	0.02019	0.00959	0.00272	0.00408	0.01690	0.00766	0.00692
64	0.00959	0.00822	0.00822	0.00822	0.01096	0.00685	0.00617	0.01165	0.01850	0.02192	0.08220	0.07809	0.66092	0.02055	0.00959	0.00274	0.00411	0.01713	0.00754	0.00685
65	0.03031	0.03867	0.02299	0.02090	0.02508	0.68226	0.01568	0.03240	0.02299	0.01986	0.01254	0.01463	0.01045	0.00836	0.00732	0.00209	0.01463	0.00523	0.00418	0.00941
66	0.01180	0.00787	0.00885	0.00885	0.00885	0.00787	0.00492	0.01180	0.01180	0.01573	0.02557	0.05310	0.02950	0.71483	0.04130	0.00787	0.00787	0.01180	0.00492	0.00492
67	0.01532	0.01442	0.02434	0.69533	0.05589	0.01803	0.02253	0.02073	0.01622	0.02073	0.01442	0.02163	0.01082	0.00811	0.00811	0.00270	0.01082	0.00721	0.00361	0.00901
68	0.02018	0.01743	0.01835	0.01651	0.02110	0.02018	0.01284	0.04312	0.64956	0.03394	0.03303	0.03027	0.02477	0.01101	0.00826	0.00275	0.00642	0.00917	0.00826	0.01284
69	0.03641	0.01381	0.01883	0.01444	0.02071	0.01193	0.01193	0.03954	0.02322	0.66984	0.03201	0.02762	0.02009	0.01004	0.00816	0.00251	0.00690	0.00816	0.01004	0.01381
70	0.02249	0.01858	0.01965	0.01698	0.02198	0.02126	0.01340	0.17179	0.51712	0.03767	0.03009	0.02794	0.02239	0.01073	0.00823	0.00268	0.00696	0.00877	0.00823	0.01305
71	0.03263	0.01987	0.02258	0.01731	0.02374	0.02091	0.01430	0.44536	0.03336	0.24971	0.02350	0.02209	0.01582	0.00984	0.00813	0.00246	0.00828	0.00758	0.00874	0.01380
72	0.01308	0.00934	0.01308	0.01494	0.01681	0.00934	0.01308	0.01681	0.01868	0.02428	0.04296	0.09153	0.04670	0.02242	0.01121	0.00374	0.00747	0.60960	0.00747	0.00747
73	0.02807	0.03501	0.02259	0.02048	0.02412	0.58285	0.01555	0.03018	0.02145	0.01977	0.01290	0.01592	0.01104	0.01194	0.04825	0.00286	0.07805	0.00560	0.00413	0.00923
74	0.02008	0.01928	0.03294	0.04981	0.66422	0.01928	0.02490	0.02490	0.01848	0.02651	0.01526	0.02008	0.01285	0.00723	0.00803	0.00241	0.00964	0.00723	0.00402	0.01285
75	0.02987	0.02224	0.02380	0.01847	0.02479	0.02471	0.01519	0.58270	0.09421	0.04956	0.02072	0.02047	0.01481	0.00986	0.00813	0.00246	0.00870	0.00748	0.00813	0.01371
76	0.01180	0.00787	0.00885	0.00885	0.00885	0.00787	0.00492	0.01180	0.01180	0.01573	0.02557	0.05310	0.02950	0.71483	0.04130	0.00787	0.00787	0.01180	0.00492	0.00492
77	0.02810	0.03447	0.02515	0.02716	0.16353	0.53865	0.01768	0.03078	0.02202	0.02130	0.01313	0.01581	0.01097	0.00812	0.00747	0.00216	0.01355	0.00566	0.00415	0.01015
78	0.01714	0.01772	0.03633	0.02781	0.03391	0.01681	0.42847	0.02295	0.01900	0.02542	0.02522	0.04500	0.02372	0.01201	0.01012	0.00307	0.01162	0.20867	0.00522	0.00979
79	0.01254	0.01022	0.01355	0.01344	0.01503	0.04433	0.01042	0.01540	0.01355	0.01889	0.02127	0.03100	0.01979	0.05819	0.64832	0.01248	0.02137	0.00852	0.00434	0.00735
80	0.00986	0.00801	0.00874	0.00903	0.01125	0.00689	0.00659	0.01199	0.01842	0.02287	0.13937	0.19781	0.47879	0.02105	0.00974	0.00283	0.00419	0.01800	0.00769	0.00689
81	0.01532	0.01442	0.02434	0.69533	0.05589	0.01803	0.02253	0.02073	0.01622	0.02073	0.01442	0.02163	0.01082	0.00811	0.00811	0.00270	0.01082	0.00721	0.00361	0.00901
82	0.01642	0.01554	0.02631	0.54706	0.19561	0.01832	0.02308	0.02169	0.01674	0.02206	0.01462	0.02128	0.01128	0.00791	0.00809	0.00264	0.01055	0.00722	0.00370	0.00990
83	0.01159	0.00869	0.01304	0.01304	0.01449	0.01014	0.01014	0.01449	0.01304	0.01884	0.02173	0.03188	0.02029	0.06086	0.68268	0.01304	0.02173	0.00869	0.00435	0.00724
84	0.03085	0.02273	0.02435	0.01867	0.02516	0.02516	0.01542	0.63716	0.03815	0.05114	0.01948	0.01948	0.01380	0.00974	0.00812	0.00244	0.00893	0.00731	0.00812	0.01380
85	0.00989	0.00706	0.00942	0.01130	0.01177	0.00659	0.00753	0.01130	0.01554	0.02071	0.04472	0.70954	0.05367	0.02542	0.01036	0.00330	0.00471	0.02307	0.00753	0.00659
86	0.01666	0.09050	0.62766	0.02247	0.03410	0.01979	0.02883	0.02560	0.01709	0.02522	0.01433	0.01684	0.01029	0.00765	0.00753	0.00251	0.01175	0.00588	0.00343	0.01188
87	0.06637	0.00966	0.01356	0.01329	0.01492	0.01147	0.01043	0.01542	0.01306	0.02013	0.02042	0.02982	0.01897	0.05466	0.60078	0.01180	0.05513	0.00830	0.00435	0.00744
88	0.03019	0.07264	0.02565	0.01833	0.02485	0.02566	0.01531	0.59327	0.03660	0.04884	0.01889	0.01902	0.01356	0.00954	0.00791	0.00239	0.00891	0.00709	0.00778	0.01356
89	0.01035	0.00888	0.00895	0.00881	0.01169	0.00780	0.00664	0.01390	0.06368	0.02278	0.07868	0.07467	0.61537	0.01987	0.00949	0.00274	0.00428	0.01656	0.00759	0.00728
90	0.01135	0.00933	0.01039	0.01199	0.01272	0.05497	0.00812	0.01281	0.01607	0.02065	0.04242	0.65978	0.05057	0.02420	0.01014	0.00321	0.00542	0.02179	0.00729	0.00679
91	0.01919	0.01629	0.02395	0.31904	0.15385	0.01839	0.01951	0.16209	0.02182	0.02905	0.02017	0.07564	0.01778	0.01070	0.00850	0.00271	0.00947	0.05602	0.00530	0.01052
92	0.10467	0.01425	0.01814	0.01423	0.02027	0.01311	0.01170	0.03832	0.06719	0.56453	0.03013	0.02645	0.01936	0.00988	0.00787	0.00253	0.00681	0.00788	0.00944	0.01327
93	0.01277	0.01024	0.01247	0.01259	0.04377	0.03975	0.00885	0.01657	0.02276	0.03166	0.59898	0.05653	0.07044	0.01576	0.00939	0.00252	0.00461	0.01388	0.00848	0.00799
94	0.01988	0.01845	0.02799	0.03844	0.45069	0.01891	0.02067	0.02932	0.18257	0.02844	0.01982	0.02250	0.01589	0.00813	0.00795	0.00241	0.00854	0.00756	0.00518	0.06667
95	0.04798	0.05998	0.01254	0.01190	0.01323	0.04056	0.00843	0.01381	0.01587	0.02130	0.03923	0.59402	0.04641	0.02245	0.00959	0.00309	0.00553	0.02000	0.00697	0.00710
96	0.10828	0.04981	0.01781	0.01493	0.01951	0.01929	0.01180	0.03705	0.48616	0.03242	0.03394	0.03182	0.08067	0.01128	0.00785	0.00267	0.00630	0.00911	0.00758	0.01170

[dist]
# distance from previous block
# <min> <max>
2	6

[block]
# block no. 3 follows, 23 sequences, length 8
# corresponding to MSA columns:
# 272-279
name=unknown_D
#
# <colnr> <probs for GDERKNQSTAVLIFYWHMCP>
#	G	D	E	R	K	N	Q	S	T	A	V	L	I	F	Y	W	H	M	C	P
0	0.01426	0.01076	0.01310	0.01254	0.01496	0.01125	0.00954	0.12829	0.01958	0.02600	0.04102	0.21654	0.17307	0.03302	0.23006	0.00620	0.01093	0.01409	0.00660	0.00820
1	0.01674	0.01598	0.01508	0.01483	0.01728	0.13602	0.01102	0.02422	0.18146	0.02357	0.03051	0.25030	0.03057	0.02655	0.16173	0.00514	0.01085	0.01289	0.00638	0.00889
2	0.35752	0.02147	0.01654	0.01491	0.01959	0.16946	0.01168	0.03210	0.22420	0.03185	0.01870	0.01911	0.01440	0.00886	0.00660	0.00249	0.00822	0.00615	0.00589	0.01026
3	0.05567	0.02570	0.20740	0.19579	0.03556	0.02121	0.02110	0.27620	0.02541	0.03536	0.01641	0.01910	0.01180	0.00864	0.00786	0.00255	0.01017	0.00678	0.00548	0.01182
4	0.01942	0.15893	0.23617	0.01746	0.02438	0.19134	0.01787	0.02400	0.01885	0.02210	0.02877	0.02954	0.15791	0.01065	0.00757	0.00233	0.01028	0.00801	0.00456	0.00986
5	0.01089	0.00836	0.01048	0.01020	0.01228	0.00796	0.00773	0.01392	0.01925	0.02595	0.32590	0.05982	0.25527	0.02793	0.16224	0.00499	0.00798	0.01412	0.00743	0.00730
6	0.00967	0.00792	0.00853	0.00902	0.01117	0.00678	0.00652	0.01155	0.01772	0.02161	0.07244	0.24253	0.50278	0.02182	0.00979	0.00288	0.00427	0.01867	0.00753	0.00678
7	0.02007	0.02283	0.16895	0.14277	0.03116	0.01771	0.01814	0.18229	0.02234	0.03165	0.01577	0.01848	0.01187	0.00776	0.00733	0.00211	0.00902	0.00617	0.00513	0.25845

[dist]
# distance from previous block
# <min> <max>
0	39

# created by:
# /home/cegg/simao/soft/augustus-3.2.1/scripts/msa2prfl.pl ./align_prep/10016.fa
