[name]
unknown

[dist]
# distance from previous block
# <min> <max>
0	0

[block]
# block no. 0 follows, 21 sequences, length 64
# corresponding to MSA columns:
# 0-63
name=unknown_A
#
# <colnr> <probs for GDERKNQSTAVLIFYWHMCP>
#	G	D	E	R	K	N	Q	S	T	A	V	L	I	F	Y	W	H	M	C	P
0	0.01371	0.00980	0.01371	0.01567	0.01763	0.00980	0.01371	0.01763	0.01959	0.02547	0.04506	0.09599	0.04898	0.02351	0.01175	0.00392	0.00784	0.59056	0.00784	0.00784
1	0.02292	0.02026	0.03032	0.11181	0.39708	0.02147	0.02265	0.15346	0.07583	0.03329	0.01844	0.02202	0.01452	0.00858	0.00847	0.00260	0.00980	0.00777	0.00546	0.01324
2	0.02896	0.03462	0.02282	0.02070	0.02519	0.49473	0.01565	0.03698	0.18622	0.02476	0.01888	0.01972	0.01496	0.00951	0.00794	0.00238	0.01305	0.00658	0.00552	0.01083
3	0.01037	0.00741	0.00987	0.01185	0.01234	0.00691	0.00790	0.01185	0.01629	0.02172	0.04690	0.69537	0.05629	0.02666	0.01086	0.00346	0.00494	0.02419	0.00790	0.00691
4	0.02117	0.01828	0.01924	0.01732	0.02213	0.02117	0.01347	0.04522	0.63246	0.03560	0.03464	0.03175	0.02598	0.01155	0.00866	0.00289	0.00673	0.00962	0.00866	0.01347
5	0.02307	0.21386	0.35846	0.01974	0.02963	0.02192	0.02292	0.02965	0.01915	0.15841	0.01825	0.01916	0.01301	0.00839	0.00749	0.00245	0.01052	0.00631	0.00508	0.01254
6	0.03818	0.01448	0.01975	0.01514	0.02172	0.01251	0.01251	0.04147	0.02436	0.65373	0.03357	0.02897	0.02107	0.01053	0.00856	0.00263	0.00724	0.00856	0.01053	0.01448
7	0.01707	0.04402	0.65683	0.02426	0.03683	0.01976	0.03144	0.02695	0.01797	0.02695	0.01527	0.01797	0.01078	0.00809	0.00809	0.00270	0.01258	0.00629	0.00359	0.01258
8	0.01911	0.02977	0.24634	0.03211	0.04200	0.02095	0.42764	0.02716	0.01940	0.02716	0.01659	0.02134	0.01222	0.00747	0.00941	0.00281	0.01377	0.00883	0.00407	0.01183
9	0.02106	0.02022	0.03454	0.05223	0.64784	0.02022	0.02612	0.02612	0.01938	0.02780	0.01601	0.02106	0.01348	0.00758	0.00842	0.00253	0.01011	0.00758	0.00421	0.01348
10	0.01232	0.00848	0.01046	0.01046	0.01087	0.00889	0.00663	0.01313	0.01273	0.01738	0.02573	0.04971	0.02834	0.52969	0.21100	0.00971	0.01216	0.01150	0.00500	0.00581
11	0.01123	0.00879	0.01346	0.01399	0.01520	0.00821	0.06209	0.01322	0.01663	0.02222	0.04426	0.63554	0.05243	0.02493	0.01079	0.00340	0.00577	0.02293	0.00758	0.00732
12	0.02909	0.06693	0.02728	0.02803	0.15829	0.50005	0.01841	0.03192	0.02279	0.02227	0.01370	0.01648	0.01150	0.00845	0.00773	0.00225	0.01394	0.00588	0.00431	0.01068
13	0.01862	0.01862	0.02607	0.02234	0.02234	0.02607	0.01862	0.02048	0.01303	0.02048	0.01117	0.01862	0.01117	0.01489	0.02793	0.00372	0.68535	0.00745	0.00372	0.00931
14	0.02275	0.70604	0.04459	0.01456	0.02184	0.03367	0.01456	0.02548	0.01729	0.02002	0.01183	0.01365	0.01092	0.00728	0.00546	0.00182	0.00910	0.00455	0.00364	0.01092
15	0.01478	0.00739	0.01109	0.01109	0.01109	0.00739	0.00739	0.01109	0.01109	0.01478	0.01478	0.02587	0.01478	0.02956	0.03326	0.75240	0.00739	0.00739	0.00370	0.00370
16	0.01204	0.00870	0.01138	0.01071	0.01271	0.00803	0.00803	0.01606	0.02409	0.03413	0.64335	0.06357	0.08030	0.01740	0.01004	0.00268	0.00401	0.01539	0.00937	0.00803
17	0.03179	0.04056	0.02412	0.02192	0.02631	0.66676	0.01644	0.03398	0.02412	0.02083	0.01315	0.01535	0.01096	0.00877	0.00767	0.00219	0.01535	0.00548	0.00438	0.00987
18	0.02275	0.70604	0.04459	0.01456	0.02184	0.03367	0.01456	0.02548	0.01729	0.02002	0.01183	0.01365	0.01092	0.00728	0.00546	0.00182	0.00910	0.00455	0.00364	0.01092
19	0.02068	0.02129	0.06817	0.04878	0.58380	0.01977	0.02564	0.02594	0.01922	0.02775	0.01592	0.02073	0.01329	0.00755	0.00830	0.00248	0.01006	0.00739	0.00422	0.04903
20	0.02516	0.02798	0.03056	0.04067	0.41068	0.26692	0.02243	0.02912	0.02119	0.02514	0.01492	0.01888	0.01252	0.00804	0.00814	0.00240	0.01211	0.00678	0.00428	0.01210
21	0.01478	0.00739	0.01109	0.01109	0.01109	0.00739	0.00739	0.01109	0.01109	0.01478	0.01478	0.02587	0.01478	0.02956	0.03326	0.75240	0.00739	0.00739	0.00370	0.00370
22	0.02106	0.02022	0.03454	0.05223	0.64784	0.02022	0.02612	0.02612	0.01938	0.02780	0.01601	0.02106	0.01348	0.00758	0.00842	0.00253	0.01011	0.00758	0.00421	0.01348
23	0.01123	0.00879	0.01346	0.01399	0.01520	0.00821	0.06209	0.01322	0.01663	0.02222	0.04426	0.63554	0.05243	0.02493	0.01079	0.00340	0.00577	0.02293	0.00758	0.00732
24	0.01216	0.00912	0.01368	0.01368	0.01520	0.01064	0.01064	0.01520	0.01368	0.01976	0.02279	0.03343	0.02127	0.06382	0.66720	0.01368	0.02279	0.00912	0.00456	0.00760
25	0.01037	0.00741	0.00987	0.01185	0.01234	0.00691	0.00790	0.01185	0.01629	0.02172	0.04690	0.69537	0.05629	0.02666	0.01086	0.00346	0.00494	0.02419	0.00790	0.00691
26	0.03136	0.02334	0.02498	0.01938	0.02601	0.02593	0.01593	0.56837	0.09272	0.05203	0.02170	0.02144	0.01550	0.01033	0.00853	0.00258	0.00913	0.00784	0.00853	0.01438
27	0.03179	0.04056	0.02412	0.02192	0.02631	0.66676	0.01644	0.03398	0.02412	0.02083	0.01315	0.01535	0.01096	0.00877	0.00767	0.00219	0.01535	0.00548	0.00438	0.00987
28	0.01037	0.00741	0.00987	0.01185	0.01234	0.00691	0.00790	0.01185	0.01629	0.02172	0.04690	0.69537	0.05629	0.02666	0.01086	0.00346	0.00494	0.02419	0.00790	0.00691
29	0.01216	0.00912	0.01368	0.01368	0.01520	0.01064	0.01064	0.01520	0.01368	0.01976	0.02279	0.03343	0.02127	0.06382	0.66720	0.01368	0.02279	0.00912	0.00456	0.00760
30	0.01765	0.01513	0.01765	0.01260	0.02017	0.01134	0.01008	0.02143	0.01765	0.02773	0.01513	0.01765	0.01260	0.00630	0.00630	0.00126	0.00630	0.00504	0.00504	0.75295
31	0.03137	0.02307	0.02474	0.01908	0.02555	0.02550	0.01564	0.58975	0.03866	0.05182	0.02074	0.02216	0.01528	0.04402	0.01022	0.00283	0.00931	0.00789	0.00835	0.01402
32	0.01765	0.01513	0.01765	0.01260	0.02017	0.01134	0.01008	0.02143	0.01765	0.02773	0.01513	0.01765	0.01260	0.00630	0.00630	0.00126	0.00630	0.00504	0.00504	0.75295
33	0.03235	0.02384	0.02554	0.01958	0.02639	0.02639	0.01618	0.61946	0.04001	0.05363	0.02043	0.02043	0.01447	0.01022	0.00851	0.00255	0.00936	0.00766	0.00851	0.01447
34	0.01045	0.00875	0.00917	0.00938	0.01216	0.00747	0.00725	0.01280	0.01942	0.02326	0.08178	0.08342	0.58027	0.02176	0.01024	0.00299	0.00469	0.07962	0.00790	0.00725
35	0.02360	0.02692	0.02533	0.02218	0.02384	0.26858	0.01779	0.02559	0.01723	0.02061	0.01192	0.01738	0.01109	0.01258	0.02026	0.00314	0.43174	0.00670	0.00397	0.00952
36	0.03062	0.03861	0.02429	0.02196	0.02596	0.60975	0.01664	0.03278	0.02313	0.02080	0.01298	0.01564	0.01098	0.00931	0.00948	0.00233	0.07496	0.00566	0.00433	0.00982
37	0.01026	0.00869	0.00890	0.00901	0.01183	0.00733	0.00687	0.01251	0.01941	0.02313	0.08394	0.08268	0.61151	0.02166	0.01015	0.00293	0.00451	0.04957	0.00790	0.00722
38	0.01707	0.04402	0.65683	0.02426	0.03683	0.01976	0.03144	0.02695	0.01797	0.02695	0.01527	0.01797	0.01078	0.00809	0.00809	0.00270	0.01258	0.00629	0.00359	0.01258
39	0.02106	0.02022	0.03454	0.05223	0.64784	0.02022	0.02612	0.02612	0.01938	0.02780	0.01601	0.02106	0.01348	0.00758	0.00842	0.00253	0.01011	0.00758	0.00421	0.01348
40	0.01216	0.00912	0.01368	0.01368	0.01520	0.01064	0.01064	0.01520	0.01368	0.01976	0.02279	0.03343	0.02127	0.06382	0.66720	0.01368	0.02279	0.00912	0.00456	0.00760
41	0.02106	0.02022	0.03454	0.05223	0.64784	0.02022	0.02612	0.02612	0.01938	0.02780	0.01601	0.02106	0.01348	0.00758	0.00842	0.00253	0.01011	0.00758	0.00421	0.01348
42	0.02062	0.01977	0.03374	0.10813	0.59541	0.02010	0.02590	0.02573	0.01917	0.02726	0.01593	0.02121	0.01329	0.00766	0.00843	0.00255	0.01022	0.00758	0.00417	0.01312
43	0.02106	0.02022	0.03454	0.05223	0.64784	0.02022	0.02612	0.02612	0.01938	0.02780	0.01601	0.02106	0.01348	0.00758	0.00842	0.00253	0.01011	0.00758	0.00421	0.01348
44	0.01216	0.00912	0.01368	0.01368	0.01520	0.01064	0.01064	0.01520	0.01368	0.01976	0.02279	0.03343	0.02127	0.06382	0.66720	0.01368	0.02279	0.00912	0.00456	0.00760
45	0.01238	0.00825	0.00928	0.00928	0.00928	0.00825	0.00516	0.01238	0.01238	0.01650	0.02681	0.05569	0.03094	0.70092	0.04331	0.00825	0.00825	0.01238	0.00516	0.00516
46	0.02009	0.02296	0.05022	0.03587	0.04448	0.02152	0.61693	0.02726	0.02009	0.02726	0.01722	0.02296	0.01291	0.00717	0.01004	0.00287	0.01435	0.01004	0.00430	0.01148
47	0.02106	0.02022	0.03454	0.05223	0.64784	0.02022	0.02612	0.02612	0.01938	0.02780	0.01601	0.02106	0.01348	0.00758	0.00842	0.00253	0.01011	0.00758	0.00421	0.01348
48	0.03179	0.04056	0.02412	0.02192	0.02631	0.66676	0.01644	0.03398	0.02412	0.02083	0.01315	0.01535	0.01096	0.00877	0.00767	0.00219	0.01535	0.00548	0.00438	0.00987
49	0.01051	0.00864	0.00925	0.00909	0.01177	0.00738	0.00682	0.01308	0.02046	0.02551	0.21247	0.07775	0.51655	0.02061	0.01005	0.00283	0.00424	0.01738	0.00823	0.00738
50	0.02275	0.70604	0.04459	0.01456	0.02184	0.03367	0.01456	0.02548	0.01729	0.02002	0.01183	0.01365	0.01092	0.00728	0.00546	0.00182	0.00910	0.00455	0.00364	0.01092
51	0.02075	0.02062	0.03325	0.15678	0.48143	0.05576	0.05616	0.02587	0.01927	0.02636	0.01576	0.02112	0.01295	0.00778	0.00848	0.00258	0.01083	0.00759	0.00415	0.01249
52	0.02987	0.18209	0.02847	0.02036	0.02536	0.53211	0.01604	0.03217	0.02266	0.02066	0.01287	0.01499	0.01095	0.00845	0.00720	0.00211	0.01402	0.00528	0.00423	0.01009
53	0.01080	0.00759	0.00975	0.01130	0.01169	0.00720	0.00731	0.01196	0.01546	0.02061	0.04261	0.55876	0.05087	0.17066	0.01779	0.00448	0.00564	0.02167	0.00731	0.00654
54	0.02275	0.70604	0.04459	0.01456	0.02184	0.03367	0.01456	0.02548	0.01729	0.02002	0.01183	0.01365	0.01092	0.00728	0.00546	0.00182	0.00910	0.00455	0.00364	0.01092
55	0.01122	0.00911	0.01001	0.00984	0.01245	0.00817	0.00735	0.01504	0.05440	0.02658	0.22964	0.10816	0.42733	0.02017	0.01002	0.00285	0.00440	0.01716	0.00833	0.00774
56	0.03182	0.03963	0.02419	0.02179	0.02631	0.63135	0.01643	0.06635	0.02500	0.02264	0.01356	0.01563	0.01116	0.00885	0.00772	0.00221	0.01502	0.00560	0.00461	0.01012
57	0.02471	0.01760	0.02182	0.01812	0.02365	0.01879	0.06669	0.06863	0.38276	0.16998	0.03502	0.03259	0.05741	0.01143	0.00883	0.00281	0.00752	0.00979	0.00863	0.01321
58	0.02908	0.02987	0.02667	0.02779	0.16548	0.29619	0.01840	0.21264	0.05512	0.03313	0.01699	0.01892	0.01328	0.00907	0.00814	0.00241	0.01195	0.00681	0.00581	0.01225
59	0.01236	0.00833	0.00967	0.00967	0.00981	0.00846	0.00564	0.01263	0.01249	0.01679	0.02646	0.05371	0.03008	0.64424	0.09882	0.00873	0.00954	0.01209	0.00510	0.00537
60	0.22149	0.13662	0.06356	0.02034	0.02740	0.05250	0.14316	0.17918	0.02333	0.03546	0.01544	0.01773	0.01180	0.00829	0.00741	0.00251	0.01008	0.00667	0.00550	0.01154
61	0.02732	0.17251	0.03117	0.02054	0.02683	0.17318	0.08199	0.21636	0.10858	0.03362	0.01848	0.01961	0.01428	0.00910	0.00786	0.00239	0.01088	0.00702	0.00608	0.01219
62	0.02010	0.08938	0.19094	0.02001	0.05714	0.19118	0.01829	0.02502	0.02110	0.02596	0.15359	0.03459	0.06294	0.01175	0.00849	0.00255	0.01034	0.04087	0.00554	0.01022
63	0.02628	0.02261	0.05846	0.02914	0.22571	0.11192	0.01871	0.03562	0.17727	0.16977	0.02426	0.02458	0.01787	0.00945	0.00839	0.00260	0.00949	0.00795	0.00676	0.01313

[dist]
# distance from previous block
# <min> <max>
6	26

[block]
# block no. 1 follows, 21 sequences, length 10
# corresponding to MSA columns:
# 90-99
name=unknown_B
#
# <colnr> <probs for GDERKNQSTAVLIFYWHMCP>
#	G	D	E	R	K	N	Q	S	T	A	V	L	I	F	Y	W	H	M	C	P
0	0.02399	0.02013	0.02018	0.01636	0.02167	0.08881	0.01285	0.25414	0.06701	0.03549	0.02032	0.02524	0.01695	0.09300	0.07408	0.00394	0.01028	0.00763	0.00652	0.18141
1	0.02309	0.01939	0.02428	0.01863	0.02541	0.01942	0.08612	0.20151	0.17968	0.03717	0.02184	0.02266	0.01656	0.00887	0.00799	0.00224	0.00827	0.00756	0.00687	0.26243
2	0.03179	0.04056	0.02412	0.02192	0.02631	0.66676	0.01644	0.03398	0.02412	0.02083	0.01315	0.01535	0.01096	0.00877	0.00767	0.00219	0.01535	0.00548	0.00438	0.00987
3	0.01457	0.01022	0.01222	0.01155	0.01270	0.01089	0.00778	0.08141	0.01581	0.02150	0.02508	0.04610	0.02665	0.46232	0.19694	0.00898	0.01205	0.01102	0.00538	0.00682
4	0.01485	0.01367	0.02546	0.02063	0.02435	0.01402	0.21407	0.01892	0.01568	0.02190	0.02139	0.03254	0.01960	0.12004	0.37227	0.00940	0.01823	0.00981	0.00454	0.00862
5	0.10734	0.01891	0.02079	0.01602	0.02270	0.01910	0.01310	0.27233	0.06141	0.14902	0.02124	0.02113	0.01522	0.00911	0.00762	0.00227	0.00778	0.00694	0.00765	0.20033
6	0.01979	0.02108	0.02319	0.02035	0.02240	0.17272	0.05292	0.02243	0.01630	0.02076	0.01569	0.02280	0.01442	0.02843	0.22410	0.00645	0.27527	0.00767	0.00418	0.00904
7	0.23845	0.02801	0.01955	0.01768	0.02243	0.31781	0.01362	0.03425	0.17497	0.02954	0.01820	0.01905	0.01425	0.00922	0.00723	0.00249	0.01066	0.00628	0.00572	0.01059
8	0.03039	0.03763	0.02348	0.02132	0.02576	0.58191	0.01605	0.03546	0.10407	0.02277	0.01598	0.01750	0.01294	0.00913	0.00780	0.00228	0.01421	0.00603	0.00495	0.01034
9	0.02737	0.03202	0.02725	0.03178	0.23520	0.40000	0.01947	0.03219	0.06882	0.02430	0.01575	0.01852	0.01295	0.00858	0.00800	0.00236	0.01293	0.00650	0.00465	0.01136

[dist]
# distance from previous block
# <min> <max>
0	2

[block]
# block no. 2 follows, 21 sequences, length 232
# corresponding to MSA columns:
# 102-333
name=unknown_C
#
# <colnr> <probs for GDERKNQSTAVLIFYWHMCP>
#	G	D	E	R	K	N	Q	S	T	A	V	L	I	F	Y	W	H	M	C	P
0	0.02364	0.02306	0.02001	0.01763	0.02193	0.20699	0.01373	0.14798	0.12798	0.03009	0.02402	0.02673	0.04498	0.02374	0.17267	0.00524	0.01366	0.00807	0.00617	0.04169
1	0.01319	0.01078	0.01423	0.01411	0.01578	0.04529	0.01094	0.01619	0.01423	0.01981	0.02229	0.03248	0.02073	0.06092	0.63236	0.01307	0.02240	0.00893	0.00455	0.00772
2	0.05916	0.05769	0.02535	0.02530	0.14962	0.22863	0.01693	0.16601	0.05126	0.03129	0.02064	0.02280	0.04690	0.01275	0.04625	0.00308	0.01170	0.00738	0.00569	0.01157
3	0.53044	0.02287	0.17325	0.01442	0.02132	0.01860	0.01469	0.02496	0.01593	0.03514	0.05057	0.01784	0.01387	0.00852	0.00626	0.00265	0.00793	0.00567	0.00509	0.00998
4	0.02049	0.02060	0.03684	0.04429	0.42322	0.02135	0.15738	0.02557	0.01863	0.02663	0.01559	0.02114	0.01302	0.00854	0.01158	0.00278	0.10765	0.00811	0.00416	0.01243
5	0.01409	0.01086	0.01290	0.01277	0.01505	0.01108	0.00937	0.04799	0.14541	0.02999	0.23295	0.29392	0.09100	0.01961	0.01000	0.00302	0.00518	0.01733	0.00854	0.00896
6	0.02132	0.01730	0.01962	0.01435	0.02172	0.01510	0.01160	0.17069	0.02323	0.03420	0.01645	0.01834	0.01307	0.00728	0.00685	0.00158	0.00707	0.00570	0.00591	0.56863
7	0.01104	0.00825	0.01012	0.01078	0.01234	0.00753	0.00773	0.01340	0.01904	0.02511	0.20778	0.29744	0.21416	0.06553	0.01255	0.00344	0.00492	0.05353	0.00810	0.00721
8	0.01181	0.00886	0.01102	0.01179	0.01376	0.00824	0.00928	0.01470	0.01958	0.02538	0.16744	0.15635	0.23718	0.05794	0.01248	0.00354	0.00572	0.20951	0.00801	0.00742
9	0.01699	0.01465	0.01525	0.01405	0.01813	0.01591	0.01083	0.03280	0.40180	0.03085	0.05404	0.05062	0.25865	0.01531	0.00919	0.00288	0.00582	0.01276	0.00837	0.01110
10	0.01175	0.00799	0.00947	0.01008	0.01023	0.00784	0.00601	0.01221	0.01359	0.01812	0.03303	0.25370	0.03878	0.49221	0.03327	0.00677	0.00722	0.01603	0.00601	0.00570
11	0.01187	0.00804	0.00943	0.00992	0.01005	0.00792	0.00584	0.01224	0.01335	0.01780	0.03183	0.21535	0.03727	0.53264	0.03521	0.00705	0.00742	0.01533	0.00584	0.00559
12	0.01221	0.00890	0.01255	0.01255	0.01368	0.01003	0.00923	0.01447	0.01334	0.01892	0.02383	0.03914	0.02375	0.22728	0.50713	0.01228	0.01906	0.00995	0.00471	0.00697
13	0.02103	0.01428	0.01533	0.01300	0.01614	0.01528	0.00966	0.25203	0.02450	0.03466	0.02454	0.03619	0.02232	0.26642	0.02082	0.00453	0.00767	0.00947	0.18266	0.00946
14	0.02307	0.01722	0.01864	0.01587	0.02087	0.01868	0.01259	0.18112	0.29752	0.09114	0.06503	0.03896	0.13564	0.01316	0.00892	0.00277	0.00689	0.01077	0.00868	0.01246
15	0.01232	0.00847	0.01038	0.01038	0.01076	0.00885	0.00652	0.01308	0.01270	0.01731	0.02581	0.05013	0.02853	0.54191	0.19903	0.00960	0.01188	0.01156	0.00501	0.00577
16	0.01151	0.00837	0.01084	0.01087	0.01255	0.00770	0.00790	0.01478	0.02186	0.03036	0.46108	0.22236	0.10812	0.01996	0.01024	0.00288	0.00426	0.01774	0.00891	0.00770
17	0.01037	0.00741	0.00987	0.01185	0.01234	0.00691	0.00790	0.01185	0.01629	0.02172	0.04690	0.69537	0.05629	0.02666	0.01086	0.00346	0.00494	0.02419	0.00790	0.00691
18	0.01586	0.00793	0.00793	0.00793	0.00991	0.00793	0.00595	0.01983	0.01785	0.03173	0.02776	0.03173	0.02181	0.00991	0.00595	0.00198	0.00397	0.00793	0.74817	0.00793
19	0.02048	0.01322	0.01544	0.01376	0.01744	0.01362	0.01046	0.03090	0.24255	0.15648	0.16615	0.07319	0.07411	0.09755	0.01332	0.00347	0.00622	0.01209	0.00869	0.01086
20	0.03235	0.02384	0.02554	0.01958	0.02639	0.02639	0.01618	0.61946	0.04001	0.05363	0.02043	0.02043	0.01447	0.01022	0.00851	0.00255	0.00936	0.00766	0.00851	0.01447
21	0.01067	0.00764	0.01015	0.01164	0.01241	0.00711	0.00792	0.01261	0.01771	0.02397	0.15510	0.58076	0.06064	0.02498	0.01071	0.00331	0.00477	0.02260	0.00817	0.00711
22	0.01238	0.00825	0.00928	0.00928	0.00928	0.00825	0.00516	0.01238	0.01238	0.01650	0.02681	0.05569	0.03094	0.70092	0.04331	0.00825	0.00825	0.01238	0.00516	0.00516
23	0.01216	0.00912	0.01368	0.01368	0.01520	0.01064	0.01064	0.01520	0.01368	0.01976	0.02279	0.03343	0.02127	0.06382	0.66720	0.01368	0.02279	0.00912	0.00456	0.00760
24	0.01238	0.00825	0.00928	0.00928	0.00928	0.00825	0.00516	0.01238	0.01238	0.01650	0.02681	0.05569	0.03094	0.70092	0.04331	0.00825	0.00825	0.01238	0.00516	0.00516
25	0.01115	0.00856	0.01030	0.01080	0.01284	0.00771	0.00818	0.01389	0.02000	0.02594	0.21541	0.20310	0.29688	0.02179	0.01045	0.00309	0.00486	0.09934	0.00827	0.00744
26	0.01094	0.00824	0.01020	0.01160	0.01276	0.00778	0.00797	0.01384	0.05235	0.02274	0.05305	0.55021	0.15702	0.02490	0.01059	0.00332	0.00493	0.02227	0.00794	0.00734
27	0.01037	0.00741	0.00987	0.01185	0.01234	0.00691	0.00790	0.01185	0.01629	0.02172	0.04690	0.69537	0.05629	0.02666	0.01086	0.00346	0.00494	0.02419	0.00790	0.00691
28	0.03381	0.02150	0.02409	0.01847	0.02523	0.02293	0.01526	0.47520	0.03610	0.20341	0.02371	0.02256	0.01612	0.01029	0.00852	0.00257	0.00883	0.00789	0.00902	0.01447
29	0.01037	0.00741	0.00987	0.01185	0.01234	0.00691	0.00790	0.01185	0.01629	0.02172	0.04690	0.69537	0.05629	0.02666	0.01086	0.00346	0.00494	0.02419	0.00790	0.00691
30	0.03179	0.04056	0.02412	0.02192	0.02631	0.66676	0.01644	0.03398	0.02412	0.02083	0.01315	0.01535	0.01096	0.00877	0.00767	0.00219	0.01535	0.00548	0.00438	0.00987
31	0.01021	0.00801	0.00926	0.01025	0.01192	0.00705	0.00719	0.01203	0.01783	0.02235	0.06632	0.39234	0.34678	0.02414	0.01046	0.00317	0.00463	0.02111	0.00790	0.00705
32	0.21408	0.02634	0.02192	0.01810	0.02389	0.19108	0.01451	0.31886	0.02951	0.04125	0.01640	0.01746	0.01225	0.00926	0.00748	0.00248	0.01023	0.00633	0.00663	0.01196
33	0.01049	0.00746	0.00984	0.01170	0.01216	0.00699	0.00774	0.01188	0.01606	0.02141	0.04570	0.65702	0.05477	0.06709	0.01281	0.00374	0.00514	0.02348	0.00774	0.00681
34	0.01216	0.00912	0.01368	0.01368	0.01520	0.01064	0.01064	0.01520	0.01368	0.01976	0.02279	0.03343	0.02127	0.06382	0.66720	0.01368	0.02279	0.00912	0.00456	0.00760
35	0.02106	0.02022	0.03454	0.05223	0.64784	0.02022	0.02612	0.02612	0.01938	0.02780	0.01601	0.02106	0.01348	0.00758	0.00842	0.00253	0.01011	0.00758	0.00421	0.01348
36	0.02077	0.01992	0.03402	0.08869	0.61364	0.02014	0.02597	0.02586	0.01924	0.02745	0.01596	0.02116	0.01336	0.00764	0.00843	0.00255	0.01018	0.00758	0.00419	0.01325
37	0.01162	0.00879	0.01082	0.01195	0.01383	0.00817	0.00939	0.01418	0.01844	0.02328	0.05943	0.20957	0.26722	0.06274	0.01278	0.00369	0.00598	0.23314	0.00772	0.00726
38	0.69832	0.01629	0.01314	0.01153	0.01691	0.01852	0.00950	0.02644	0.01534	0.09158	0.01373	0.01514	0.01024	0.00813	0.00555	0.00263	0.00664	0.00495	0.00572	0.00967
39	0.02117	0.01828	0.01924	0.01732	0.02213	0.02117	0.01347	0.04522	0.63246	0.03560	0.03464	0.03175	0.02598	0.01155	0.00866	0.00289	0.00673	0.00962	0.00866	0.01347
40	0.01262	0.00893	0.01116	0.01086	0.01179	0.00918	0.00717	0.01380	0.01310	0.01819	0.02486	0.04644	0.02681	0.45987	0.23637	0.00953	0.01269	0.01092	0.00496	0.05076
41	0.01239	0.00930	0.01186	0.01290	0.01515	0.00878	0.01080	0.01578	0.02008	0.02576	0.13036	0.08773	0.23571	0.02217	0.01102	0.00345	0.00629	0.34479	0.00804	0.00766
42	0.03235	0.02384	0.02554	0.01958	0.02639	0.02639	0.01618	0.61946	0.04001	0.05363	0.02043	0.02043	0.01447	0.01022	0.00851	0.00255	0.00936	0.00766	0.00851	0.01447
43	0.01080	0.00759	0.00975	0.01129	0.01168	0.00720	0.00731	0.01196	0.01545	0.02059	0.04256	0.55692	0.05080	0.17259	0.01789	0.00449	0.00565	0.02164	0.00731	0.00653
44	0.03235	0.02384	0.02554	0.01958	0.02639	0.02639	0.01618	0.61946	0.04001	0.05363	0.02043	0.02043	0.01447	0.01022	0.00851	0.00255	0.00936	0.00766	0.00851	0.01447
45	0.01216	0.00912	0.01368	0.01368	0.01520	0.01064	0.01064	0.01520	0.01368	0.01976	0.02279	0.03343	0.02127	0.06382	0.66720	0.01368	0.02279	0.00912	0.00456	0.00760
46	0.01121	0.00783	0.00955	0.01058	0.01099	0.00750	0.00665	0.01209	0.01479	0.01956	0.04049	0.38844	0.07786	0.31428	0.02467	0.00547	0.00632	0.01880	0.00673	0.00618
47	0.01341	0.00803	0.00886	0.00909	0.00987	0.00798	0.00577	0.01503	0.01484	0.02268	0.02953	0.12242	0.03060	0.36910	0.02584	0.00540	0.00630	0.01215	0.27674	0.00638
48	0.03747	0.01562	0.02045	0.01568	0.02229	0.01419	0.01295	0.11167	0.02626	0.58085	0.03198	0.02793	0.02027	0.01049	0.00855	0.00262	0.00750	0.00845	0.01029	0.01448
49	0.01233	0.00843	0.01017	0.01017	0.01048	0.00873	0.00626	0.01295	0.01264	0.01716	0.02600	0.05119	0.02899	0.57224	0.16933	0.00935	0.01119	0.01172	0.00504	0.00565
50	0.01025	0.00786	0.00941	0.01065	0.01203	0.00701	0.00737	0.01198	0.01744	0.02219	0.06149	0.46775	0.27449	0.02477	0.01056	0.00324	0.00470	0.02188	0.00790	0.00701
51	0.26376	0.01792	0.01761	0.01443	0.01993	0.01948	0.01178	0.27699	0.02684	0.07006	0.03165	0.03120	0.14126	0.01179	0.00778	0.00265	0.00734	0.00881	0.00743	0.01129
52	0.01048	0.00745	0.00984	0.01170	0.01217	0.00699	0.00774	0.01188	0.01607	0.02142	0.04575	0.65849	0.05482	0.06553	0.01273	0.00373	0.00513	0.02351	0.00774	0.00681
53	0.01037	0.00741	0.00987	0.01185	0.01234	0.00691	0.00790	0.01185	0.01629	0.02172	0.04690	0.69537	0.05629	0.02666	0.01086	0.00346	0.00494	0.02419	0.00790	0.00691
54	0.01182	0.00867	0.01241	0.01281	0.01395	0.00962	0.00947	0.01420	0.01406	0.01979	0.02812	0.16965	0.02944	0.12817	0.46427	0.01100	0.01755	0.01253	0.00530	0.00718
55	0.01429	0.01031	0.01275	0.01361	0.01546	0.01052	0.00997	0.02092	0.14778	0.05316	0.04349	0.45450	0.04743	0.02237	0.01040	0.00335	0.00576	0.08701	0.00817	0.00875
56	0.02185	0.60080	0.14192	0.01610	0.02423	0.03146	0.01724	0.02572	0.01740	0.02112	0.01238	0.01434	0.01090	0.00741	0.00588	0.00196	0.00965	0.00483	0.00363	0.01118
57	0.01216	0.00912	0.01368	0.01368	0.01520	0.01064	0.01064	0.01520	0.01368	0.01976	0.02279	0.03343	0.02127	0.06382	0.66720	0.01368	0.02279	0.00912	0.00456	0.00760
58	0.02084	0.02000	0.03415	0.07969	0.62208	0.02016	0.02601	0.02593	0.01927	0.02754	0.01597	0.02113	0.01339	0.00762	0.00843	0.00254	0.01016	0.00758	0.00419	0.01330
59	0.02053	0.01751	0.01841	0.01649	0.02119	0.01991	0.01285	0.07061	0.53604	0.03514	0.03952	0.03662	0.09250	0.01256	0.00880	0.00287	0.00660	0.01043	0.00857	0.01284
60	0.02015	0.02278	0.04922	0.03691	0.08274	0.02144	0.57947	0.02719	0.02004	0.02729	0.01714	0.02284	0.01295	0.00720	0.00994	0.00285	0.01408	0.00989	0.00430	0.01160
61	0.02021	0.01935	0.03301	0.15891	0.54778	0.02000	0.02570	0.02537	0.01898	0.02677	0.01586	0.02134	0.01312	0.00774	0.00844	0.00258	0.01032	0.00758	0.00414	0.01280
62	0.02190	0.02512	0.03834	0.06883	0.03696	0.15266	0.33311	0.02685	0.01922	0.02419	0.01499	0.02048	0.01205	0.00921	0.01327	0.00291	0.15674	0.00842	0.00417	0.01057
63	0.03179	0.04056	0.02412	0.02192	0.02631	0.66676	0.01644	0.03398	0.02412	0.02083	0.01315	0.01535	0.01096	0.00877	0.00767	0.00219	0.01535	0.00548	0.00438	0.00987
64	0.01238	0.00825	0.00928	0.00928	0.00928	0.00825	0.00516	0.01238	0.01238	0.01650	0.02681	0.05569	0.03094	0.70092	0.04331	0.00825	0.00825	0.01238	0.00516	0.00516
65	0.03235	0.02384	0.02554	0.01958	0.02639	0.02639	0.01618	0.61946	0.04001	0.05363	0.02043	0.02043	0.01447	0.01022	0.00851	0.00255	0.00936	0.00766	0.00851	0.01447
66	0.01119	0.00807	0.01076	0.01262	0.01361	0.00765	0.00927	0.01331	0.01730	0.02273	0.04871	0.51041	0.08836	0.02558	0.01104	0.00354	0.00562	0.16519	0.00788	0.00716
67	0.01175	0.00847	0.01111	0.01091	0.01265	0.00783	0.00801	0.01533	0.02273	0.03197	0.53941	0.17367	0.07611	0.01901	0.01018	0.00281	0.00418	0.01692	0.00911	0.00783
68	0.02245	0.02651	0.04494	0.03305	0.04081	0.15185	0.49564	0.02862	0.02090	0.02596	0.01640	0.02142	0.01252	0.00750	0.00956	0.00273	0.01455	0.00912	0.00432	0.01115
69	0.01224	0.00825	0.00960	0.00971	0.00984	0.00832	0.00567	0.01252	0.01269	0.01702	0.02776	0.09263	0.03185	0.62010	0.08093	0.00831	0.00897	0.01288	0.00528	0.00542
70	0.01238	0.00825	0.00928	0.00928	0.00928	0.00825	0.00516	0.01238	0.01238	0.01650	0.02681	0.05569	0.03094	0.70092	0.04331	0.00825	0.00825	0.01238	0.00516	0.00516
71	0.03266	0.02334	0.02523	0.01934	0.02614	0.02565	0.01598	0.58858	0.03918	0.08569	0.02113	0.02089	0.01482	0.01023	0.00852	0.00256	0.00925	0.00771	0.00862	0.01447
72	0.02966	0.02124	0.02267	0.01768	0.02371	0.02338	0.01451	0.52171	0.03640	0.05006	0.02163	0.02227	0.01567	0.01017	0.00810	0.00246	0.00848	0.00771	0.12909	0.01341
73	0.01707	0.04402	0.65683	0.02426	0.03683	0.01976	0.03144	0.02695	0.01797	0.02695	0.01527	0.01797	0.01078	0.00809	0.00809	0.00270	0.01258	0.00629	0.00359	0.01258
74	0.02106	0.02022	0.03454	0.05223	0.64784	0.02022	0.02612	0.02612	0.01938	0.02780	0.01601	0.02106	0.01348	0.00758	0.00842	0.00253	0.01011	0.00758	0.00421	0.01348
75	0.76103	0.01646	0.01251	0.01119	0.01646	0.01909	0.00922	0.02502	0.01448	0.03818	0.01185	0.01382	0.00922	0.00790	0.00527	0.00263	0.00658	0.00461	0.00527	0.00922
76	0.01971	0.02185	0.04406	0.03242	0.03884	0.02268	0.46448	0.02553	0.01829	0.02553	0.01568	0.02185	0.01247	0.00914	0.01460	0.00309	0.18532	0.00938	0.00416	0.01093
77	0.01216	0.00912	0.01368	0.01368	0.01520	0.01064	0.01064	0.01520	0.01368	0.01976	0.02279	0.03343	0.02127	0.06382	0.66720	0.01368	0.02279	0.00912	0.00456	0.00760
78	0.01049	0.00746	0.00984	0.01170	0.01216	0.00699	0.00774	0.01188	0.01606	0.02141	0.04570	0.65702	0.05477	0.06709	0.01281	0.00374	0.00514	0.02348	0.00774	0.00681
79	0.03235	0.02384	0.02554	0.01958	0.02639	0.02639	0.01618	0.61946	0.04001	0.05363	0.02043	0.02043	0.01447	0.01022	0.00851	0.00255	0.00936	0.00766	0.00851	0.01447
80	0.01216	0.00912	0.01368	0.01368	0.01520	0.01064	0.01064	0.01520	0.01368	0.01976	0.02279	0.03343	0.02127	0.06382	0.66720	0.01368	0.02279	0.00912	0.00456	0.00760
81	0.03235	0.02384	0.02554	0.01958	0.02639	0.02639	0.01618	0.61946	0.04001	0.05363	0.02043	0.02043	0.01447	0.01022	0.00851	0.00255	0.00936	0.00766	0.00851	0.01447
82	0.01267	0.00900	0.01172	0.01291	0.01428	0.00882	0.01013	0.01523	0.01767	0.02315	0.07804	0.15075	0.08487	0.19246	0.01932	0.00481	0.00717	0.31269	0.00727	0.00703
83	0.01006	0.00862	0.00862	0.00862	0.01149	0.00718	0.00647	0.01221	0.01940	0.02299	0.08621	0.08190	0.64438	0.02155	0.01006	0.00287	0.00431	0.01796	0.00790	0.00718
84	0.01037	0.00741	0.00987	0.01185	0.01234	0.00691	0.00790	0.01185	0.01629	0.02172	0.04690	0.69537	0.05629	0.02666	0.01086	0.00346	0.00494	0.02419	0.00790	0.00691
85	0.01238	0.00825	0.00928	0.00928	0.00928	0.00825	0.00516	0.01238	0.01238	0.01650	0.02681	0.05569	0.03094	0.70092	0.04331	0.00825	0.00825	0.01238	0.00516	0.00516
86	0.01238	0.00825	0.00928	0.00928	0.00928	0.00825	0.00516	0.01238	0.01238	0.01650	0.02681	0.05569	0.03094	0.70092	0.04331	0.00825	0.00825	0.01238	0.00516	0.00516
87	0.01077	0.00871	0.00961	0.00956	0.01217	0.00755	0.00729	0.01350	0.02058	0.02592	0.22280	0.07817	0.46790	0.02063	0.01015	0.00289	0.00445	0.05165	0.00826	0.00743
88	0.02106	0.02022	0.03454	0.05223	0.64784	0.02022	0.02612	0.02612	0.01938	0.02780	0.01601	0.02106	0.01348	0.00758	0.00842	0.00253	0.01011	0.00758	0.00421	0.01348
89	0.02275	0.70604	0.04459	0.01456	0.02184	0.03367	0.01456	0.02548	0.01729	0.02002	0.01183	0.01365	0.01092	0.00728	0.00546	0.00182	0.00910	0.00455	0.00364	0.01092
90	0.03755	0.01550	0.02038	0.01562	0.02223	0.01401	0.01291	0.10419	0.02606	0.58861	0.03215	0.02804	0.02035	0.01050	0.00855	0.00262	0.00747	0.00846	0.01031	0.01448
91	0.01180	0.00869	0.01104	0.01045	0.01257	0.00793	0.00784	0.01559	0.02352	0.03277	0.57569	0.06579	0.14880	0.01790	0.01004	0.00270	0.00405	0.01570	0.00919	0.00793
92	0.01037	0.00741	0.00987	0.01185	0.01234	0.00691	0.00790	0.01185	0.01629	0.02172	0.04690	0.69537	0.05629	0.02666	0.01086	0.00346	0.00494	0.02419	0.00790	0.00691
93	0.01006	0.00862	0.00862	0.00862	0.01149	0.00718	0.00647	0.01221	0.01940	0.02299	0.08621	0.08190	0.64438	0.02155	0.01006	0.00287	0.00431	0.01796	0.00790	0.00718
94	0.01236	0.00830	0.00952	0.00952	0.00960	0.00838	0.00545	0.01253	0.01245	0.01667	0.02660	0.05450	0.03042	0.66689	0.07665	0.00854	0.00903	0.01220	0.00512	0.00529
95	0.01037	0.00741	0.00987	0.01185	0.01234	0.00691	0.00790	0.01185	0.01629	0.02172	0.04690	0.69537	0.05629	0.02666	0.01086	0.00346	0.00494	0.02419	0.00790	0.00691
96	0.01765	0.01513	0.01765	0.01260	0.02017	0.01134	0.01008	0.02143	0.01765	0.02773	0.01513	0.01765	0.01260	0.00630	0.00630	0.00126	0.00630	0.00504	0.00504	0.75295
97	0.01047	0.00864	0.00919	0.00905	0.01174	0.00736	0.00679	0.01300	0.02036	0.02527	0.20045	0.07814	0.52871	0.02070	0.01005	0.00283	0.00425	0.01743	0.00820	0.00736
98	0.01238	0.00825	0.00928	0.00928	0.00928	0.00825	0.00516	0.01238	0.01238	0.01650	0.02681	0.05569	0.03094	0.70092	0.04331	0.00825	0.00825	0.01238	0.00516	0.00516
99	0.01123	0.00777	0.00962	0.01075	0.01104	0.00748	0.00673	0.01207	0.01462	0.01949	0.03833	0.42224	0.04546	0.31456	0.02472	0.00550	0.00635	0.01915	0.00673	0.00616
100	0.02117	0.01828	0.01924	0.01732	0.02213	0.02117	0.01347	0.04522	0.63246	0.03560	0.03464	0.03175	0.02598	0.01155	0.00866	0.00289	0.00673	0.00962	0.00866	0.01347
101	0.01029	0.00771	0.00956	0.01104	0.01213	0.00698	0.00754	0.01194	0.01707	0.02204	0.05671	0.54225	0.20307	0.02539	0.01066	0.00331	0.00478	0.02264	0.00790	0.00698
102	0.01037	0.00741	0.00987	0.01185	0.01234	0.00691	0.00790	0.01185	0.01629	0.02172	0.04690	0.69537	0.05629	0.02666	0.01086	0.00346	0.00494	0.02419	0.00790	0.00691
103	0.01006	0.00862	0.00862	0.00862	0.01149	0.00718	0.00647	0.01221	0.01940	0.02299	0.08621	0.08190	0.64438	0.02155	0.01006	0.00287	0.00431	0.01796	0.00790	0.00718
104	0.03003	0.03588	0.02318	0.02078	0.02535	0.52860	0.01576	0.08461	0.07807	0.02503	0.01862	0.01992	0.03837	0.00966	0.00793	0.00231	0.01363	0.00654	0.00526	0.01047
105	0.02616	0.02005	0.02141	0.01735	0.02301	0.02206	0.01402	0.38497	0.17683	0.04486	0.05886	0.03232	0.09522	0.01220	0.00880	0.00268	0.00791	0.00969	0.00851	0.01308
106	0.01217	0.00906	0.01340	0.01340	0.01482	0.01049	0.01029	0.01502	0.01359	0.01955	0.02305	0.03484	0.02189	0.10422	0.62764	0.01333	0.02187	0.00932	0.00460	0.00744
107	0.01035	0.00748	0.00980	0.01164	0.01229	0.00693	0.00781	0.01187	0.01649	0.02180	0.04940	0.65647	0.09358	0.02634	0.01081	0.00342	0.00490	0.02380	0.00790	0.00693
108	0.01121	0.00899	0.01022	0.01084	0.01342	0.00800	0.00874	0.01392	0.01946	0.02377	0.07328	0.08633	0.45730	0.02217	0.01059	0.00320	0.00542	0.19788	0.00788	0.00739
109	0.01218	0.00901	0.01314	0.01314	0.01448	0.01035	0.00997	0.01485	0.01352	0.01936	0.02328	0.03614	0.02245	0.14120	0.59143	0.01302	0.02103	0.00951	0.00463	0.00730
110	0.02106	0.02022	0.03454	0.05223	0.64784	0.02022	0.02612	0.02612	0.01938	0.02780	0.01601	0.02106	0.01348	0.00758	0.00842	0.00253	0.01011	0.00758	0.00421	0.01348
111	0.02009	0.02296	0.05022	0.03587	0.04448	0.02152	0.61693	0.02726	0.02009	0.02726	0.01722	0.02296	0.01291	0.00717	0.01004	0.00287	0.01435	0.01004	0.00430	0.01148
112	0.01062	0.00840	0.00956	0.00979	0.01197	0.00734	0.00715	0.01310	0.01994	0.02551	0.21733	0.20124	0.38481	0.02155	0.01022	0.00294	0.00436	0.01858	0.00827	0.00734
113	0.02076	0.01991	0.03400	0.08990	0.61251	0.02014	0.02597	0.02586	0.01924	0.02744	0.01595	0.02116	0.01335	0.00764	0.00843	0.00255	0.01018	0.00758	0.00419	0.01324
114	0.02386	0.01787	0.01990	0.01598	0.02120	0.01856	0.01262	0.34088	0.02877	0.03938	0.02335	0.10388	0.02112	0.08562	0.04716	0.00360	0.00887	0.00969	0.00723	0.15045
115	0.02330	0.01734	0.01938	0.01638	0.02054	0.01891	0.01284	0.35698	0.02957	0.03956	0.03145	0.21166	0.06306	0.05366	0.01203	0.00319	0.03798	0.01306	0.00791	0.01123
116	0.01126	0.00768	0.00959	0.01088	0.01132	0.00736	0.00700	0.01246	0.01526	0.02080	0.04002	0.47310	0.04701	0.21966	0.01991	0.00475	0.00583	0.01986	0.04978	0.00647
117	0.01825	0.01486	0.01737	0.01323	0.01958	0.01245	0.01060	0.08785	0.02127	0.03157	0.11647	0.02865	0.02512	0.00925	0.00738	0.00175	0.00635	0.03257	0.00624	0.51919
118	0.01787	0.01507	0.01780	0.01350	0.01987	0.01265	0.01071	0.05830	0.01867	0.02835	0.01856	0.08859	0.01720	0.00915	0.00811	0.00171	0.04376	0.00734	0.00549	0.58731
119	0.01920	0.01914	0.17390	0.01496	0.02036	0.01256	0.01438	0.02451	0.05433	0.16057	0.09600	0.08009	0.10123	0.15234	0.01592	0.00388	0.00795	0.01151	0.00703	0.01013
120	0.01006	0.00862	0.00862	0.00862	0.01149	0.00718	0.00647	0.01221	0.01940	0.02299	0.08621	0.08190	0.64438	0.02155	0.01006	0.00287	0.00431	0.01796	0.00790	0.00718
121	0.02009	0.02296	0.05022	0.03587	0.04448	0.02152	0.61693	0.02726	0.02009	0.02726	0.01722	0.02296	0.01291	0.00717	0.01004	0.00287	0.01435	0.01004	0.00430	0.01148
122	0.01769	0.01677	0.02844	0.47728	0.24919	0.01933	0.02444	0.02316	0.01778	0.02370	0.01541	0.02216	0.01204	0.00821	0.00848	0.00274	0.01095	0.00757	0.00392	0.01076
123	0.03179	0.04056	0.02412	0.02192	0.02631	0.66676	0.01644	0.03398	0.02412	0.02083	0.01315	0.01535	0.01096	0.00877	0.00767	0.00219	0.01535	0.00548	0.00438	0.00987
124	0.01428	0.01238	0.01629	0.01556	0.01698	0.04825	0.01227	0.01708	0.01413	0.01993	0.02035	0.03001	0.01905	0.05276	0.52578	0.01141	0.13245	0.00865	0.00441	0.00800
125	0.01271	0.00994	0.01475	0.01442	0.01581	0.01197	0.01133	0.01565	0.01362	0.01982	0.02179	0.03215	0.02040	0.05960	0.61201	0.01282	0.07999	0.00897	0.00449	0.00775
126	0.01072	0.00836	0.00958	0.00984	0.01185	0.00738	0.00707	0.01306	0.01949	0.02504	0.20791	0.20630	0.35236	0.05753	0.01198	0.00323	0.00458	0.01837	0.00811	0.00722
127	0.03179	0.04056	0.02412	0.02192	0.02631	0.66676	0.01644	0.03398	0.02412	0.02083	0.01315	0.01535	0.01096	0.00877	0.00767	0.00219	0.01535	0.00548	0.00438	0.00987
128	0.02106	0.02022	0.03454	0.05223	0.64784	0.02022	0.02612	0.02612	0.01938	0.02780	0.01601	0.02106	0.01348	0.00758	0.00842	0.00253	0.01011	0.00758	0.00421	0.01348
129	0.01092	0.00814	0.01001	0.01058	0.01209	0.00740	0.00745	0.01327	0.01923	0.02558	0.23975	0.31802	0.20287	0.05972	0.01220	0.00334	0.00468	0.01933	0.00820	0.00723
130	0.01214	0.00876	0.01150	0.01098	0.01298	0.00813	0.00834	0.01615	0.02384	0.03365	0.61039	0.06535	0.07857	0.01773	0.01013	0.00274	0.00423	0.04708	0.00928	0.00802
131	0.21422	0.02200	0.02229	0.01749	0.02391	0.02457	0.01444	0.47109	0.03364	0.04978	0.01829	0.01878	0.01316	0.00964	0.00770	0.00257	0.00867	0.00690	0.00770	0.01316
132	0.01194	0.00891	0.01322	0.01345	0.01485	0.01019	0.01031	0.01479	0.01399	0.01999	0.02572	0.11382	0.02553	0.05931	0.58749	0.01244	0.02063	0.01095	0.00496	0.00751
133	0.01116	0.00794	0.01062	0.01247	0.01323	0.00757	0.00892	0.01305	0.01673	0.02218	0.04537	0.53743	0.05335	0.06489	0.01291	0.00383	0.00571	0.13791	0.00773	0.00700
134	0.02275	0.70604	0.04459	0.01456	0.02184	0.03367	0.01456	0.02548	0.01729	0.02002	0.01183	0.01365	0.01092	0.00728	0.00546	0.00182	0.00910	0.00455	0.00364	0.01092
135	0.01975	0.02352	0.11259	0.03743	0.26167	0.02186	0.19122	0.02526	0.01796	0.02588	0.01516	0.02066	0.01247	0.00919	0.01327	0.00292	0.16519	0.00809	0.00405	0.01186
136	0.02420	0.02089	0.02055	0.01820	0.02297	0.09879	0.01467	0.20500	0.26278	0.03699	0.03001	0.03945	0.02546	0.01324	0.00912	0.00291	0.00877	0.12589	0.00793	0.01219
137	0.01041	0.00870	0.00911	0.00919	0.01196	0.00740	0.00702	0.01279	0.01969	0.02381	0.11700	0.08169	0.57281	0.02143	0.01016	0.00293	0.00452	0.05412	0.00799	0.00728
138	0.05364	0.00793	0.01003	0.01181	0.01258	0.00761	0.00798	0.01261	0.01619	0.02267	0.04488	0.65608	0.05357	0.02558	0.01054	0.00341	0.00503	0.02306	0.00775	0.00705
139	0.03120	0.03847	0.02480	0.02354	0.06214	0.59421	0.01699	0.06578	0.02472	0.02304	0.01372	0.01596	0.01130	0.00878	0.00776	0.00223	0.01472	0.00572	0.00460	0.01033
140	0.01245	0.00983	0.01136	0.01077	0.01343	0.00933	0.00814	0.01824	0.09631	0.03036	0.37224	0.06619	0.27334	0.01816	0.00988	0.00277	0.00445	0.01560	0.00876	0.00839
141	0.01216	0.00912	0.01368	0.01368	0.01520	0.01064	0.01064	0.01520	0.01368	0.01976	0.02279	0.03343	0.02127	0.06382	0.66720	0.01368	0.02279	0.00912	0.00456	0.00760
142	0.01500	0.01151	0.01444	0.01543	0.01785	0.01214	0.01266	0.02353	0.17199	0.02736	0.04277	0.18200	0.04448	0.02106	0.01083	0.00358	0.00707	0.34915	0.00805	0.00909
143	0.01371	0.00980	0.01371	0.01567	0.01763	0.00980	0.01371	0.01763	0.01959	0.02547	0.04506	0.09599	0.04898	0.02351	0.01175	0.00392	0.00784	0.59056	0.00784	0.00784
144	0.01607	0.01513	0.02552	0.68047	0.05861	0.01891	0.02363	0.02174	0.01702	0.02174	0.01513	0.02269	0.01134	0.00851	0.00851	0.00284	0.01134	0.00756	0.00378	0.00945
145	0.03818	0.01448	0.01975	0.01514	0.02172	0.01251	0.01251	0.04147	0.02436	0.65373	0.03357	0.02897	0.02107	0.01053	0.00856	0.00263	0.00724	0.00856	0.01053	0.01448
146	0.03196	0.03542	0.02455	0.02120	0.02633	0.47002	0.01636	0.21386	0.02900	0.03091	0.01539	0.01691	0.01204	0.00921	0.00793	0.00230	0.01351	0.00615	0.00565	0.01128
147	0.01016	0.00863	0.00877	0.00873	0.01156	0.00723	0.00655	0.01242	0.01965	0.02358	0.11564	0.08093	0.61459	0.02133	0.01006	0.00286	0.00429	0.01782	0.00798	0.00723
148	0.01707	0.04402	0.65683	0.02426	0.03683	0.01976	0.03144	0.02695	0.01797	0.02695	0.01527	0.01797	0.01078	0.00809	0.00809	0.00270	0.01258	0.00629	0.00359	0.01258
149	0.01006	0.00862	0.00862	0.00862	0.01149	0.00718	0.00647	0.01221	0.01940	0.02299	0.08621	0.08190	0.64438	0.02155	0.01006	0.00287	0.00431	0.01796	0.00790	0.00718
150	0.01216	0.00912	0.01368	0.01368	0.01520	0.01064	0.01064	0.01520	0.01368	0.01976	0.02279	0.03343	0.02127	0.06382	0.66720	0.01368	0.02279	0.00912	0.00456	0.00760
151	0.03179	0.04056	0.02412	0.02192	0.02631	0.66676	0.01644	0.03398	0.02412	0.02083	0.01315	0.01535	0.01096	0.00877	0.00767	0.00219	0.01535	0.00548	0.00438	0.00987
152	0.01037	0.00741	0.00987	0.01185	0.01234	0.00691	0.00790	0.01185	0.01629	0.02172	0.04690	0.69537	0.05629	0.02666	0.01086	0.00346	0.00494	0.02419	0.00790	0.00691
153	0.01113	0.00815	0.01045	0.01096	0.01243	0.00747	0.00781	0.01389	0.02033	0.02774	0.33398	0.32922	0.13149	0.02171	0.01038	0.00302	0.00443	0.01934	0.00860	0.00747
154	0.01238	0.00825	0.00928	0.00928	0.00928	0.00825	0.00516	0.01238	0.01238	0.01650	0.02681	0.05569	0.03094	0.70092	0.04331	0.00825	0.00825	0.01238	0.00516	0.00516
155	0.01006	0.00862	0.00862	0.00862	0.01149	0.00718	0.00647	0.01221	0.01940	0.02299	0.08621	0.08190	0.64438	0.02155	0.01006	0.00287	0.00431	0.01796	0.00790	0.00718
156	0.01047	0.00857	0.00883	0.00880	0.01123	0.00737	0.00635	0.01240	0.01861	0.02255	0.10144	0.07743	0.53394	0.11722	0.01475	0.00362	0.00485	0.01706	0.00758	0.00693
157	0.01006	0.00862	0.00862	0.00862	0.01149	0.00718	0.00647	0.01221	0.01940	0.02299	0.08621	0.08190	0.64438	0.02155	0.01006	0.00287	0.00431	0.01796	0.00790	0.00718
158	0.01586	0.00793	0.00793	0.00793	0.00991	0.00793	0.00595	0.01983	0.01785	0.03173	0.02776	0.03173	0.02181	0.00991	0.00595	0.00198	0.00397	0.00793	0.74817	0.00793
159	0.01035	0.00747	0.00981	0.01168	0.01230	0.00693	0.00782	0.01187	0.01646	0.02179	0.04900	0.66259	0.08770	0.02639	0.01082	0.00342	0.00490	0.02386	0.00790	0.00693
160	0.01238	0.00825	0.00928	0.00928	0.00928	0.00825	0.00516	0.01238	0.01238	0.01650	0.02681	0.05569	0.03094	0.70092	0.04331	0.00825	0.00825	0.01238	0.00516	0.00516
161	0.01127	0.00783	0.00981	0.01104	0.01141	0.00754	0.00711	0.01229	0.01495	0.01991	0.03922	0.42784	0.04638	0.28175	0.02318	0.00529	0.00631	0.04372	0.00686	0.00629
162	0.02157	0.02206	0.03125	0.17486	0.44114	0.11116	0.02425	0.02634	0.01957	0.02559	0.01543	0.02058	0.01269	0.00794	0.00834	0.00254	0.01110	0.00728	0.00415	0.01216
163	0.01607	0.01513	0.02552	0.68047	0.05861	0.01891	0.02363	0.02174	0.01702	0.02174	0.01513	0.02269	0.01134	0.00851	0.00851	0.00284	0.01134	0.00756	0.00378	0.00945
164	0.02839	0.01420	0.01785	0.01474	0.01991	0.01372	0.01180	0.03702	0.17608	0.36798	0.16322	0.03700	0.03486	0.01224	0.00890	0.00271	0.00643	0.01027	0.00982	0.01286
165	0.03114	0.02324	0.02486	0.01934	0.02593	0.02583	0.01588	0.55739	0.10406	0.05168	0.02197	0.02166	0.01572	0.01036	0.00853	0.00259	0.00908	0.00787	0.00853	0.01436
