[name]
unknown

[dist]
# distance from previous block
# <min> <max>
4	14

[block]
# block no. 0 follows, 22 sequences, length 9
# corresponding to MSA columns:
# 14-22
name=unknown_A
#
# <colnr> <probs for GDERKNQSTAVLIFYWHMCP>
#	G	D	E	R	K	N	Q	S	T	A	V	L	I	F	Y	W	H	M	C	P
0	0.01267	0.00795	0.00945	0.00980	0.01067	0.00809	0.00657	0.01449	0.01449	0.02175	0.02935	0.16077	0.03064	0.28629	0.12441	0.00629	0.00848	0.01242	0.21892	0.00648
1	0.01181	0.00752	0.01019	0.01094	0.01151	0.00719	0.00737	0.01214	0.01550	0.02102	0.14407	0.34012	0.04553	0.08243	0.01935	0.21878	0.00561	0.01643	0.00657	0.00590
2	0.01936	0.01555	0.01413	0.01262	0.01658	0.10913	0.00977	0.05899	0.06917	0.12412	0.05789	0.05494	0.37304	0.01611	0.00905	0.00265	0.00673	0.01307	0.00770	0.00940
3	0.01014	0.00821	0.00901	0.00926	0.01153	0.00708	0.00677	0.01238	0.01902	0.02372	0.15558	0.18933	0.46620	0.02138	0.00996	0.00288	0.00428	0.01828	0.00791	0.00708
4	0.01009	0.00735	0.00951	0.01124	0.01196	0.00678	0.00757	0.01160	0.01622	0.02134	0.04978	0.63776	0.11723	0.02551	0.01052	0.00331	0.00476	0.02298	0.00771	0.00678
5	0.01753	0.01172	0.01638	0.01898	0.12892	0.01196	0.01141	0.02094	0.10739	0.06996	0.02287	0.07125	0.02149	0.13979	0.02311	0.27580	0.00759	0.00950	0.00542	0.00798
6	0.01953	0.08301	0.03123	0.03540	0.34870	0.07377	0.09941	0.02379	0.01921	0.02496	0.02749	0.03034	0.12756	0.00987	0.00839	0.00248	0.00974	0.00910	0.00473	0.01127
7	0.01563	0.01163	0.01281	0.01183	0.01435	0.01185	0.00858	0.12553	0.07677	0.02670	0.04455	0.12928	0.21488	0.17974	0.01883	0.06183	0.00651	0.01365	0.00695	0.00810
8	0.01995	0.01613	0.01496	0.01343	0.01628	0.11547	0.01013	0.14429	0.02114	0.02900	0.02239	0.03063	0.01965	0.14137	0.13320	0.00520	0.01071	0.00829	0.21898	0.00881

[dist]
# distance from previous block
# <min> <max>
0	1

[block]
# block no. 1 follows, 22 sequences, length 106
# corresponding to MSA columns:
# 24-129
name=unknown_B
#
# <colnr> <probs for GDERKNQSTAVLIFYWHMCP>
#	G	D	E	R	K	N	Q	S	T	A	V	L	I	F	Y	W	H	M	C	P
0	0.01851	0.01024	0.01475	0.01353	0.01634	0.01069	0.01069	0.02160	0.01678	0.18841	0.06834	0.03352	0.02468	0.04557	0.45487	0.00979	0.01702	0.00918	0.00630	0.00920
1	0.01687	0.01541	0.01621	0.01428	0.01738	0.13070	0.05206	0.02042	0.02235	0.05941	0.37571	0.04958	0.11417	0.01687	0.03913	0.00304	0.00764	0.01255	0.00762	0.00860
2	0.01666	0.02297	0.19011	0.02004	0.02500	0.06217	0.08048	0.02158	0.01595	0.02286	0.01733	0.02361	0.01475	0.02624	0.22043	0.00611	0.14245	0.00764	0.05407	0.00956
3	0.11558	0.07888	0.19167	0.01973	0.02694	0.23291	0.01885	0.16580	0.02394	0.03120	0.01477	0.01649	0.01123	0.00851	0.00736	0.00238	0.01150	0.00588	0.00505	0.01134
4	0.01896	0.02283	0.14605	0.01923	0.05429	0.06188	0.01672	0.03387	0.34098	0.02983	0.03364	0.03597	0.08681	0.01202	0.00861	0.00278	0.00825	0.04868	0.00686	0.01175
5	0.03037	0.02509	0.02565	0.02269	0.09051	0.11181	0.01682	0.48707	0.03492	0.04549	0.01855	0.01935	0.01357	0.00952	0.00819	0.00244	0.01000	0.00719	0.00734	0.01343
6	0.01203	0.00826	0.01012	0.01012	0.01048	0.00863	0.00635	0.01276	0.01239	0.01689	0.02521	0.04901	0.02788	0.54901	0.19814	0.00936	0.01155	0.01130	0.00489	0.00562
7	0.03212	0.02241	0.02440	0.01870	0.02533	0.02448	0.01545	0.57300	0.03762	0.10992	0.02116	0.02073	0.01474	0.01000	0.00831	0.00250	0.00895	0.00756	0.00850	0.01413
8	0.02971	0.03739	0.02374	0.02144	0.02528	0.60800	0.01627	0.03182	0.02243	0.02030	0.01264	0.01531	0.01072	0.00917	0.00952	0.00229	0.08461	0.00555	0.00421	0.00958
9	0.01032	0.00779	0.00937	0.01029	0.01163	0.00703	0.00710	0.01214	0.01739	0.02250	0.11882	0.39733	0.24411	0.06907	0.01239	0.00343	0.00475	0.02005	0.00768	0.00683
10	0.02007	0.02244	0.09643	0.04127	0.45204	0.04857	0.05305	0.02681	0.06882	0.02710	0.02028	0.02382	0.04492	0.00846	0.00833	0.00253	0.01001	0.00795	0.00459	0.01251
11	0.01443	0.00722	0.01082	0.01082	0.01082	0.00722	0.00722	0.01082	0.01082	0.01443	0.01443	0.02525	0.01443	0.02886	0.03247	0.75830	0.00722	0.00722	0.00361	0.00361
12	0.01768	0.13216	0.53757	0.02194	0.03301	0.02123	0.02729	0.02731	0.05909	0.02596	0.01572	0.01787	0.01153	0.00801	0.00758	0.00253	0.01144	0.00613	0.00384	0.01212
13	0.01643	0.01560	0.02209	0.01946	0.01988	0.02127	0.01601	0.01856	0.01290	0.01980	0.01405	0.02219	0.01364	0.02779	0.20693	0.00633	0.50687	0.00772	0.00386	0.00862
14	0.02211	0.66662	0.04188	0.01439	0.02134	0.03206	0.01414	0.02616	0.05857	0.02056	0.01304	0.01451	0.01164	0.00739	0.00554	0.00185	0.00873	0.00477	0.00388	0.01083
15	0.01075	0.00751	0.00953	0.01080	0.01120	0.00717	0.00694	0.01187	0.01508	0.02018	0.06244	0.49122	0.04864	0.22326	0.01975	0.00470	0.00572	0.01996	0.00699	0.00629
16	0.01200	0.00836	0.01060	0.01060	0.01113	0.00889	0.00695	0.01307	0.01254	0.01725	0.02477	0.04657	0.02682	0.47654	0.26916	0.00995	0.01314	0.01094	0.00482	0.00589
17	0.03158	0.02327	0.02493	0.01911	0.02576	0.02576	0.01579	0.62852	0.03906	0.05236	0.01995	0.01995	0.01413	0.00997	0.00831	0.00249	0.00914	0.00748	0.00831	0.01413
18	0.00982	0.00842	0.00842	0.00842	0.01122	0.00701	0.00631	0.01192	0.01894	0.02244	0.08416	0.07995	0.65285	0.02104	0.00982	0.00281	0.00421	0.01753	0.00771	0.00701
19	0.43025	0.01895	0.01778	0.01448	0.02030	0.02128	0.01195	0.27436	0.02486	0.07193	0.01599	0.01683	0.01164	0.00876	0.00659	0.00254	0.00758	0.00590	0.00668	0.01135
20	0.02221	0.71304	0.04353	0.01421	0.02132	0.03287	0.01421	0.02488	0.01688	0.01955	0.01155	0.01333	0.01066	0.00711	0.00533	0.00178	0.00888	0.00444	0.00355	0.01066
21	0.01010	0.00731	0.00956	0.01135	0.01199	0.00677	0.00762	0.01159	0.01611	0.02129	0.04843	0.65976	0.09610	0.02568	0.01055	0.00333	0.00478	0.02320	0.00771	0.00677
22	0.01818	0.01818	0.02545	0.02181	0.02181	0.02545	0.01818	0.01999	0.01272	0.01999	0.01091	0.01818	0.01091	0.01454	0.02726	0.00364	0.69284	0.00727	0.00364	0.00909
23	0.53658	0.01832	0.01619	0.01349	0.01910	0.02087	0.01112	0.21354	0.02194	0.04199	0.01419	0.01551	0.01060	0.00842	0.00613	0.00255	0.00728	0.00543	0.00613	0.01060
24	0.02221	0.71304	0.04353	0.01421	0.02132	0.03287	0.01421	0.02488	0.01688	0.01955	0.01155	0.01333	0.01066	0.00711	0.00533	0.00178	0.00888	0.00444	0.00355	0.01066
25	0.01444	0.01178	0.01810	0.02447	0.20070	0.01163	0.01512	0.01784	0.01805	0.02438	0.03634	0.26341	0.04001	0.01941	0.01026	0.00329	0.00741	0.24776	0.00664	0.00896
26	0.02261	0.68239	0.04262	0.01454	0.02152	0.06209	0.01430	0.02525	0.01718	0.01958	0.01161	0.01340	0.01066	0.00717	0.00543	0.00179	0.00916	0.00448	0.00359	0.01061
27	0.03689	0.01475	0.01966	0.01507	0.02151	0.01311	0.01245	0.07975	0.02480	0.62127	0.03192	0.02772	0.02013	0.01026	0.00835	0.00257	0.00721	0.00830	0.01015	0.01414
28	0.01160	0.00785	0.00920	0.00968	0.00980	0.00773	0.00569	0.01195	0.01302	0.01736	0.03101	0.21402	0.03630	0.54007	0.03448	0.00690	0.00726	0.01492	0.00569	0.00546
29	0.01260	0.01069	0.01518	0.02027	0.17043	0.01003	0.01164	0.01511	0.01762	0.02306	0.05066	0.33506	0.23629	0.01984	0.00977	0.00297	0.00587	0.01767	0.00683	0.00841
30	0.01960	0.01894	0.03285	0.16930	0.51316	0.01956	0.05548	0.02475	0.01852	0.02601	0.01553	0.02095	0.01274	0.00755	0.00832	0.00254	0.01030	0.00752	0.00404	0.01233
31	0.01038	0.00891	0.00895	0.00886	0.01176	0.00772	0.00667	0.01360	0.05126	0.02308	0.08154	0.07741	0.62026	0.02053	0.00975	0.00281	0.00433	0.01711	0.00775	0.00733
32	0.01012	0.00723	0.00964	0.01157	0.01205	0.00675	0.00771	0.01157	0.01591	0.02121	0.04579	0.70262	0.05495	0.02603	0.01060	0.00337	0.00482	0.02362	0.00771	0.00675
33	0.01151	0.00772	0.01010	0.01145	0.01246	0.00709	0.00784	0.01323	0.01691	0.05323	0.08045	0.59232	0.09568	0.02443	0.01040	0.00325	0.00484	0.02199	0.00791	0.00719
34	0.02832	0.03423	0.02267	0.05041	0.02630	0.51735	0.01580	0.03478	0.14404	0.02319	0.01703	0.01843	0.01358	0.00908	0.00772	0.00230	0.01316	0.00623	0.00507	0.01030
35	0.01666	0.04297	0.66500	0.02368	0.03596	0.01929	0.03069	0.02631	0.01754	0.02631	0.01491	0.01754	0.01052	0.00789	0.00789	0.00263	0.01228	0.00614	0.00351	0.01228
36	0.02562	0.02668	0.03108	0.03407	0.26841	0.21641	0.10107	0.14068	0.02415	0.02975	0.01576	0.01903	0.01253	0.00817	0.00823	0.00242	0.01181	0.00713	0.00496	0.01203
37	0.01059	0.00866	0.00949	0.00990	0.01252	0.00756	0.00784	0.01307	0.01898	0.02296	0.07548	0.08292	0.52208	0.02145	0.01018	0.00303	0.00495	0.14349	0.00770	0.00715
38	0.00982	0.00842	0.00842	0.00842	0.01122	0.00701	0.00631	0.01192	0.01894	0.02244	0.08416	0.07995	0.65285	0.02104	0.00982	0.00281	0.00421	0.01753	0.00771	0.00701
39	0.02221	0.71304	0.04353	0.01421	0.02132	0.03287	0.01421	0.02488	0.01688	0.01955	0.01155	0.01333	0.01066	0.00711	0.00533	0.00178	0.00888	0.00444	0.00355	0.01066
40	0.02087	0.02969	0.22483	0.02477	0.13216	0.16671	0.02056	0.08686	0.02127	0.02691	0.02377	0.09839	0.06520	0.01119	0.00835	0.00257	0.01072	0.00911	0.00506	0.01100
41	0.02232	0.23083	0.30709	0.02036	0.02890	0.20988	0.02188	0.02786	0.01906	0.02270	0.01337	0.01562	0.01061	0.00786	0.00706	0.00225	0.01209	0.00544	0.00374	0.01107
42	0.07650	0.06450	0.02166	0.01859	0.02228	0.42387	0.01434	0.02759	0.01986	0.02122	0.01463	0.01876	0.01277	0.02032	0.15241	0.00464	0.04651	0.00610	0.00431	0.00914
43	0.03026	0.03728	0.02438	0.02354	0.07369	0.59309	0.01676	0.06170	0.02395	0.02242	0.01340	0.01565	0.01106	0.00854	0.00759	0.00218	0.01431	0.00561	0.00446	0.01012
44	0.01748	0.00974	0.01242	0.01122	0.01430	0.00864	0.00859	0.02061	0.02187	0.18470	0.32223	0.12315	0.17800	0.01708	0.00953	0.00272	0.00485	0.01477	0.00899	0.00911
45	0.01004	0.00834	0.00877	0.00884	0.01140	0.00708	0.00656	0.01228	0.01920	0.02348	0.13991	0.11969	0.55392	0.02096	0.00987	0.00282	0.00422	0.01768	0.00786	0.00708
46	0.01667	0.01577	0.02670	0.55914	0.17844	0.01872	0.02356	0.02209	0.01708	0.02242	0.01494	0.02183	0.01150	0.00812	0.00829	0.00271	0.01083	0.00739	0.00378	0.01002
47	0.01958	0.03896	0.45426	0.05800	0.03582	0.14195	0.08398	0.02736	0.01881	0.02496	0.01469	0.01776	0.01078	0.00795	0.00802	0.00256	0.01289	0.00640	0.00373	0.01153
48	0.03103	0.03959	0.02354	0.02140	0.02568	0.67469	0.01605	0.03317	0.02354	0.02033	0.01284	0.01498	0.01070	0.00856	0.00749	0.00214	0.01498	0.00535	0.00428	0.00963
49	0.01224	0.00913	0.01145	0.01076	0.01296	0.00867	0.00810	0.01739	0.06573	0.03269	0.57139	0.06111	0.11310	0.01686	0.00971	0.00264	0.00412	0.01480	0.00900	0.00815
50	0.01022	0.00727	0.00961	0.01144	0.01189	0.00682	0.00757	0.01159	0.01571	0.02094	0.04477	0.66895	0.05366	0.06145	0.01225	0.00362	0.00499	0.02302	0.00757	0.00666
51	0.01232	0.01020	0.01102	0.01050	0.01346	0.00977	0.00797	0.01887	0.13641	0.02742	0.21456	0.06639	0.39405	0.01821	0.00956	0.00276	0.00458	0.01539	0.00820	0.00836
52	0.01147	0.00848	0.01070	0.01015	0.01223	0.00772	0.00761	0.01512	0.02283	0.03169	0.56691	0.06473	0.16432	0.01759	0.00980	0.00264	0.00396	0.01540	0.00893	0.00772
53	0.01006	0.00849	0.00876	0.00889	0.01163	0.00719	0.00680	0.01229	0.01895	0.02261	0.08139	0.08090	0.61121	0.02117	0.00993	0.00288	0.00444	0.05764	0.00771	0.00706
54	0.02066	0.01785	0.01878	0.01691	0.02160	0.02066	0.01315	0.04414	0.64121	0.03475	0.03381	0.03099	0.02536	0.01127	0.00845	0.00282	0.00657	0.00939	0.00845	0.01315
55	0.76672	0.01607	0.01221	0.01092	0.01607	0.01864	0.00900	0.02442	0.01414	0.03727	0.01157	0.01350	0.00900	0.00771	0.00514	0.00257	0.00643	0.00450	0.00514	0.00900
56	0.02221	0.71304	0.04353	0.01421	0.02132	0.03287	0.01421	0.02488	0.01688	0.01955	0.01155	0.01333	0.01066	0.00711	0.00533	0.00178	0.00888	0.00444	0.00355	0.01066
57	0.01143	0.00848	0.01065	0.01011	0.01221	0.00770	0.00758	0.01505	0.02275	0.03149	0.55643	0.06506	0.17493	0.01767	0.00980	0.00265	0.00397	0.01545	0.00890	0.00770
58	0.01012	0.00723	0.00964	0.01157	0.01205	0.00675	0.00771	0.01157	0.01591	0.02121	0.04579	0.70262	0.05495	0.02603	0.01060	0.00337	0.00482	0.02362	0.00771	0.00675
59	0.02221	0.71304	0.04353	0.01421	0.02132	0.03287	0.01421	0.02488	0.01688	0.01955	0.01155	0.01333	0.01066	0.00711	0.00533	0.00178	0.00888	0.00444	0.00355	0.01066
60	0.01723	0.01477	0.01723	0.01230	0.01969	0.01107	0.00984	0.02092	0.01723	0.02707	0.01477	0.01723	0.01230	0.00615	0.00615	0.00123	0.00615	0.00492	0.00492	0.75883
61	0.10435	0.02248	0.02110	0.01769	0.02282	0.13886	0.01414	0.19157	0.17276	0.12988	0.02241	0.02214	0.01640	0.01015	0.00914	0.00260	0.05465	0.00736	0.00727	0.01222
62	0.01229	0.00952	0.01416	0.01392	0.01530	0.01139	0.01090	0.01518	0.01331	0.01933	0.02149	0.03167	0.02011	0.05912	0.63186	0.01270	0.06703	0.00879	0.00440	0.00753
63	0.02221	0.71304	0.04353	0.01421	0.02132	0.03287	0.01421	0.02488	0.01688	0.01955	0.01155	0.01333	0.01066	0.00711	0.00533	0.00178	0.00888	0.00444	0.00355	0.01066
64	0.02221	0.71304	0.04353	0.01421	0.02132	0.03287	0.01421	0.02488	0.01688	0.01955	0.01155	0.01333	0.01066	0.00711	0.00533	0.00178	0.00888	0.00444	0.00355	0.01066
65	0.00982	0.00842	0.00842	0.00842	0.01122	0.00701	0.00631	0.01192	0.01894	0.02244	0.08416	0.07995	0.65285	0.02104	0.00982	0.00281	0.00421	0.01753	0.00771	0.00701
66	0.02514	0.23433	0.15531	0.02126	0.05839	0.32738	0.01886	0.02904	0.02020	0.02162	0.01301	0.01528	0.01078	0.00795	0.00698	0.00215	0.01243	0.00535	0.00391	0.01063
67	0.00992	0.00842	0.00856	0.00853	0.01129	0.00706	0.00639	0.01212	0.01918	0.02303	0.11475	0.07899	0.62189	0.02082	0.00982	0.00279	0.00419	0.01740	0.00779	0.00706
68	0.01015	0.00761	0.00943	0.01069	0.01186	0.00689	0.00736	0.01193	0.01718	0.02233	0.09599	0.50185	0.20823	0.02416	0.01035	0.00318	0.00460	0.02150	0.00781	0.00689
69	0.01165	0.00815	0.01042	0.01078	0.01130	0.00849	0.00710	0.01279	0.01317	0.01799	0.02870	0.16923	0.03208	0.39210	0.22103	0.00872	0.01159	0.01331	0.00536	0.00605
70	0.01208	0.00805	0.00906	0.00906	0.00906	0.00805	0.00503	0.01208	0.01208	0.01611	0.02618	0.05436	0.03020	0.70804	0.04228	0.00805	0.00805	0.01208	0.00503	0.00503
71	0.00982	0.00842	0.00842	0.00842	0.01122	0.00701	0.00631	0.01192	0.01894	0.02244	0.08416	0.07995	0.65285	0.02104	0.00982	0.00281	0.00421	0.01753	0.00771	0.00701
72	0.01803	0.03416	0.41302	0.03125	0.15355	0.01975	0.15919	0.02622	0.01825	0.02653	0.01546	0.01916	0.01147	0.00761	0.00837	0.00264	0.01220	0.00717	0.00377	0.01221
73	0.07132	0.03327	0.24777	0.02177	0.02866	0.23054	0.07050	0.02673	0.01898	0.02417	0.01850	0.02121	0.05490	0.00966	0.01002	0.00261	0.08778	0.00699	0.00423	0.01040
74	0.01177	0.00873	0.01282	0.01295	0.01426	0.00999	0.00985	0.01443	0.01344	0.01920	0.02409	0.07883	0.02368	0.10300	0.58849	0.01233	0.02014	0.01010	0.00471	0.00721
75	0.03103	0.03959	0.02354	0.02140	0.02568	0.67469	0.01605	0.03317	0.02354	0.02033	0.01284	0.01498	0.01070	0.00856	0.00749	0.00214	0.01498	0.00535	0.00428	0.00963
76	0.01536	0.08058	0.46052	0.01927	0.02886	0.01720	0.02355	0.02267	0.01784	0.02489	0.03173	0.03262	0.16873	0.01108	0.00819	0.00262	0.01006	0.00883	0.00455	0.01087
77	0.02229	0.02006	0.03147	0.08888	0.49712	0.02078	0.02351	0.13795	0.02252	0.03145	0.01637	0.02056	0.01320	0.00794	0.00825	0.00249	0.00982	0.00742	0.00487	0.01307
78	0.58707	0.01559	0.01395	0.01187	0.01733	0.01705	0.00979	0.02838	0.01651	0.19113	0.01679	0.01714	0.01185	0.00834	0.00593	0.00257	0.00658	0.00545	0.00641	0.01026
79	0.02056	0.01974	0.03372	0.05099	0.65622	0.01974	0.02550	0.02550	0.01892	0.02714	0.01563	0.02056	0.01316	0.00740	0.00822	0.00247	0.00987	0.00740	0.00411	0.01316
80	0.02302	0.11400	0.06630	0.01619	0.02281	0.02043	0.01414	0.20232	0.13758	0.05624	0.02132	0.05112	0.01707	0.00947	0.00748	0.00220	0.00785	0.00745	0.00658	0.19643
81	0.01356	0.01041	0.01455	0.01800	0.09991	0.01028	0.01162	0.05687	0.01846	0.02477	0.03967	0.45951	0.04532	0.02190	0.01028	0.00327	0.00628	0.11982	0.00726	0.00827
82	0.03103	0.03959	0.02354	0.02140	0.02568	0.67469	0.01605	0.03317	0.02354	0.02033	0.01284	0.01498	0.01070	0.00856	0.00749	0.00214	0.01498	0.00535	0.00428	0.00963
83	0.03028	0.02225	0.02387	0.01844	0.02465	0.02458	0.01507	0.58736	0.03726	0.04994	0.02036	0.02224	0.01520	0.05659	0.01058	0.00286	0.00907	0.00779	0.00809	0.01352
84	0.02038	0.01940	0.03316	0.15526	0.45166	0.02005	0.08416	0.06515	0.01994	0.02777	0.01589	0.02097	0.01282	0.00769	0.00840	0.00255	0.01044	0.00764	0.00433	0.01236
85	0.00982	0.00842	0.00842	0.00842	0.01122	0.00701	0.00631	0.01192	0.01894	0.02244	0.08416	0.07995	0.65285	0.02104	0.00982	0.00281	0.00421	0.01753	0.00771	0.00701
86	0.01238	0.01127	0.01903	0.01654	0.01956	0.01033	0.15964	0.01536	0.01759	0.02285	0.04839	0.37710	0.19623	0.02008	0.01021	0.00309	0.00693	0.01867	0.00685	0.00791
87	0.01131	0.00808	0.01100	0.01293	0.01393	0.00777	0.00978	0.01362	0.01708	0.02254	0.04513	0.48075	0.05235	0.02491	0.01092	0.00354	0.00585	0.23374	0.00769	0.00708
88	0.01152	0.00910	0.01050	0.01063	0.01281	0.00856	0.00777	0.01612	0.08328	0.02624	0.21771	0.22952	0.28514	0.02025	0.00987	0.00290	0.00453	0.01760	0.00816	0.00779
89	0.01027	0.00733	0.00981	0.01173	0.01228	0.00687	0.00797	0.01182	0.01605	0.02137	0.04571	0.67533	0.05463	0.02589	0.01064	0.00339	0.00495	0.04947	0.00771	0.00679
90	0.76672	0.01607	0.01221	0.01092	0.01607	0.01864	0.00900	0.02442	0.01414	0.03727	0.01157	0.01350	0.00900	0.00771	0.00514	0.00257	0.00643	0.00450	0.00514	0.00900
91	0.03103	0.03959	0.02354	0.02140	0.02568	0.67469	0.01605	0.03317	0.02354	0.02033	0.01284	0.01498	0.01070	0.00856	0.00749	0.00214	0.01498	0.00535	0.00428	0.00963
92	0.01818	0.01818	0.02545	0.02181	0.02181	0.02545	0.01818	0.01999	0.01272	0.01999	0.01091	0.01818	0.01091	0.01454	0.02726	0.00364	0.69284	0.00727	0.00364	0.00909
93	0.01666	0.04297	0.66500	0.02368	0.03596	0.01929	0.03069	0.02631	0.01754	0.02631	0.01491	0.01754	0.01052	0.00789	0.00789	0.00263	0.01228	0.00614	0.00351	0.01228
94	0.01167	0.00849	0.01098	0.01036	0.01236	0.00780	0.00777	0.01550	0.02330	0.03281	0.62573	0.06288	0.10481	0.01717	0.00980	0.00262	0.00393	0.01514	0.00908	0.00780
95	0.02404	0.02486	0.03200	0.03919	0.38277	0.16780	0.08286	0.09417	0.02226	0.02835	0.01560	0.01942	0.01266	0.00791	0.00823	0.00243	0.01136	0.00719	0.00462	0.01228
96	0.03103	0.03959	0.02354	0.02140	0.02568	0.67469	0.01605	0.03317	0.02354	0.02033	0.01284	0.01498	0.01070	0.00856	0.00749	0.00214	0.01498	0.00535	0.00428	0.00963
97	0.01090	0.00813	0.01032	0.01177	0.01320	0.00755	0.00885	0.01313	0.01749	0.02247	0.05477	0.38994	0.20033	0.02399	0.01064	0.00335	0.00541	0.17301	0.00770	0.00705
98	0.01549	0.00774	0.00774	0.00774	0.00968	0.00774	0.00581	0.01936	0.01742	0.03097	0.02710	0.03097	0.02129	0.00968	0.00581	0.00194	0.00387	0.00774	0.75416	0.00774
99	0.01012	0.00723	0.00964	0.01157	0.01205	0.00675	0.00771	0.01157	0.01591	0.02121	0.04579	0.70262	0.05495	0.02603	0.01060	0.00337	0.00482	0.02362	0.00771	0.00675
100	0.01958	0.19089	0.19201	0.02879	0.19635	0.05403	0.08389	0.02503	0.01786	0.02399	0.01509	0.01915	0.01245	0.01267	0.07077	0.00339	0.01208	0.00667	0.00388	0.01143
101	0.01208	0.00805	0.00906	0.00906	0.00906	0.00805	0.00503	0.01208	0.01208	0.01611	0.02618	0.05436	0.03020	0.70804	0.04228	0.00805	0.00805	0.01208	0.00503	0.00503
102	0.06213	0.02733	0.02606	0.03049	0.25053	0.27874	0.01855	0.11557	0.02344	0.02837	0.01852	0.02101	0.04535	0.00896	0.00788	0.00236	0.01132	0.00699	0.00503	0.01138
103	0.12972	0.05608	0.06753	0.09643	0.23328	0.09149	0.01868	0.02574	0.06490	0.02624	0.01616	0.02035	0.01327	0.01281	0.05463	0.04008	0.01064	0.00676	0.00450	0.01071
104	0.09628	0.01951	0.02129	0.02244	0.14861	0.14306	0.04485	0.02352	0.02025	0.02842	0.18103	0.02907	0.02913	0.00991	0.00787	0.00224	0.00847	0.00835	0.00572	0.14997
105	0.01995	0.02409	0.11432	0.03673	0.30578	0.08208	0.16500	0.02560	0.01982	0.02689	0.08089	0.02433	0.01916	0.00847	0.00865	0.00255	0.01103	0.00839	0.00459	0.01170

[dist]
# distance from previous block
# <min> <max>
0	27

[block]
# block no. 2 follows, 22 sequences, length 102
# corresponding to MSA columns:
# 157-258
name=unknown_C
#
# <colnr> <probs for GDERKNQSTAVLIFYWHMCP>
#	G	D	E	R	K	N	Q	S	T	A	V	L	I	F	Y	W	H	M	C	P
0	0.02204	0.15147	0.08039	0.01890	0.02384	0.27251	0.05483	0.02547	0.01868	0.02081	0.01571	0.02039	0.01366	0.02339	0.19672	0.00534	0.01565	0.00655	0.00413	0.00952
1	0.13002	0.01417	0.01445	0.01395	0.05087	0.05508	0.01009	0.07802	0.02172	0.05408	0.19802	0.04729	0.21804	0.01428	0.00850	0.00255	0.00615	0.01169	0.00729	0.04374
2	0.05943	0.06482	0.48092	0.02429	0.08371	0.05008	0.02660	0.02755	0.05807	0.02698	0.01578	0.01815	0.01163	0.00806	0.00768	0.00257	0.01138	0.00626	0.00400	0.01204
3	0.02065	0.10945	0.18003	0.09094	0.31224	0.09705	0.02406	0.02614	0.01869	0.02475	0.01458	0.01848	0.01179	0.00769	0.00772	0.00241	0.01101	0.00652	0.00389	0.01191
4	0.01189	0.00883	0.01300	0.01300	0.01436	0.01019	0.00995	0.01461	0.01325	0.01902	0.02257	0.03442	0.02154	0.11524	0.62325	0.01292	0.02109	0.00916	0.00450	0.00722
5	0.01984	0.02417	0.11700	0.20155	0.26816	0.09205	0.10791	0.02554	0.01876	0.02472	0.01517	0.02019	0.01193	0.00777	0.00834	0.00257	0.01163	0.00733	0.00396	0.01139
6	0.02623	0.15263	0.02498	0.01851	0.05103	0.24108	0.01430	0.05632	0.02080	0.13876	0.01858	0.02112	0.01478	0.01938	0.14107	0.00443	0.01335	0.00663	0.00545	0.01057
7	0.01569	0.01477	0.02492	0.68808	0.05722	0.01846	0.02307	0.02123	0.01661	0.02123	0.01477	0.02215	0.01107	0.00831	0.00831	0.00277	0.01107	0.00738	0.00369	0.00923
8	0.03103	0.03959	0.02354	0.02140	0.02568	0.67469	0.01605	0.03317	0.02354	0.02033	0.01284	0.01498	0.01070	0.00856	0.00749	0.00214	0.01498	0.00535	0.00428	0.00963
9	0.02365	0.34690	0.03603	0.02730	0.22069	0.17124	0.01815	0.02691	0.01899	0.02209	0.01311	0.01595	0.01145	0.00752	0.00671	0.00207	0.01055	0.00557	0.00389	0.01121
10	0.01182	0.00844	0.01159	0.01351	0.01474	0.00821	0.01067	0.01451	0.01758	0.02311	0.04485	0.38562	0.05123	0.02442	0.01106	0.00361	0.00629	0.32384	0.00768	0.00722
11	0.01208	0.00805	0.00906	0.00906	0.00906	0.00805	0.00503	0.01208	0.01208	0.01611	0.02618	0.05436	0.03020	0.70804	0.04228	0.00805	0.00805	0.01208	0.00503	0.00503
12	0.01980	0.01776	0.02756	0.22341	0.31713	0.01873	0.02151	0.09419	0.02046	0.02830	0.01709	0.02394	0.01417	0.00854	0.00819	0.00249	0.00965	0.03420	0.00473	0.08814
13	0.02195	0.02228	0.03168	0.04549	0.54328	0.10662	0.02367	0.02738	0.04830	0.02659	0.01610	0.02030	0.01340	0.00773	0.00814	0.00244	0.01039	0.00722	0.00434	0.01269
14	0.38660	0.07178	0.01935	0.01586	0.02074	0.31557	0.01252	0.02840	0.01856	0.02848	0.01214	0.01415	0.00987	0.00806	0.00621	0.00232	0.01045	0.00488	0.00465	0.00939
15	0.04766	0.04099	0.61182	0.02364	0.03546	0.01934	0.05523	0.02624	0.01749	0.02677	0.01485	0.01758	0.01055	0.00785	0.00786	0.00264	0.01211	0.00623	0.00360	0.01210
16	0.01621	0.01519	0.09248	0.01751	0.08825	0.01198	0.01356	0.02216	0.07155	0.08725	0.25913	0.05195	0.14156	0.01489	0.00930	0.00274	0.00643	0.06042	0.00762	0.00982
17	0.01010	0.00797	0.00911	0.00980	0.01164	0.00698	0.00698	0.01210	0.01816	0.02289	0.11763	0.31780	0.37420	0.02261	0.01012	0.00301	0.00442	0.01966	0.00783	0.00698
18	0.01187	0.00890	0.01335	0.01335	0.01483	0.01038	0.01038	0.01483	0.01335	0.01928	0.02225	0.03264	0.02077	0.06231	0.67512	0.01335	0.02225	0.00890	0.00445	0.00742
19	0.03103	0.03959	0.02354	0.02140	0.02568	0.67469	0.01605	0.03317	0.02354	0.02033	0.01284	0.01498	0.01070	0.00856	0.00749	0.00214	0.01498	0.00535	0.00428	0.00963
20	0.01132	0.00877	0.01204	0.01204	0.01388	0.00949	0.00930	0.01406	0.01483	0.02012	0.03867	0.04518	0.18840	0.05136	0.49868	0.01055	0.01747	0.01119	0.00532	0.00731
21	0.01012	0.00723	0.00964	0.01157	0.01205	0.00675	0.00771	0.01157	0.01591	0.02121	0.04579	0.70262	0.05495	0.02603	0.01060	0.00337	0.00482	0.02362	0.00771	0.00675
22	0.01085	0.00822	0.01008	0.01062	0.01242	0.00745	0.00789	0.01350	0.01949	0.02565	0.24209	0.25257	0.24734	0.02141	0.01020	0.00301	0.00464	0.07717	0.00814	0.00725
23	0.02385	0.33792	0.08708	0.02416	0.14794	0.20507	0.01828	0.02739	0.01916	0.02180	0.01298	0.01554	0.01115	0.00763	0.00670	0.00208	0.01103	0.00541	0.00386	0.01100
24	0.02285	0.02058	0.02501	0.02991	0.25828	0.09171	0.01805	0.17975	0.07705	0.03260	0.02319	0.11300	0.02120	0.01165	0.00864	0.00265	0.00921	0.03653	0.00620	0.01193
25	0.01723	0.01477	0.01723	0.01230	0.01969	0.01107	0.00984	0.02092	0.01723	0.02707	0.01477	0.01723	0.01230	0.00615	0.00615	0.00123	0.00615	0.00492	0.00492	0.75883
26	0.01197	0.00801	0.00909	0.00920	0.00923	0.00798	0.00518	0.01205	0.01229	0.01639	0.02726	0.09006	0.03156	0.67049	0.04054	0.00780	0.00788	0.01272	0.00518	0.00513
27	0.01147	0.00848	0.01071	0.01015	0.01224	0.00772	0.00761	0.01513	0.02284	0.03172	0.56857	0.06468	0.16265	0.01758	0.00980	0.00264	0.00396	0.01539	0.00894	0.00772
28	0.01059	0.00818	0.00967	0.00985	0.01184	0.00726	0.00718	0.01322	0.01995	0.02615	0.28357	0.21012	0.31124	0.02065	0.00998	0.00286	0.00424	0.01795	0.00824	0.00726
29	0.02153	0.02257	0.02965	0.19203	0.39172	0.15065	0.02304	0.02605	0.01931	0.02441	0.01487	0.01981	0.01219	0.00784	0.00810	0.00247	0.01117	0.00699	0.00405	0.01155
30	0.01176	0.00849	0.01110	0.01045	0.01241	0.00784	0.00784	0.01568	0.02352	0.03331	0.65184	0.06206	0.07839	0.01698	0.00980	0.00261	0.00392	0.01502	0.00914	0.00784
31	0.03103	0.03959	0.02354	0.02140	0.02568	0.67469	0.01605	0.03317	0.02354	0.02033	0.01284	0.01498	0.01070	0.00856	0.00749	0.00214	0.01498	0.00535	0.00428	0.00963
32	0.02295	0.45351	0.15511	0.01741	0.02492	0.15893	0.01765	0.02680	0.01834	0.02096	0.01243	0.01444	0.01064	0.00754	0.00624	0.00201	0.01074	0.00494	0.00369	0.01076
33	0.01076	0.00872	0.00973	0.01024	0.01281	0.00769	0.00819	0.01333	0.01899	0.02308	0.07350	0.08360	0.49239	0.02155	0.01026	0.00308	0.00512	0.17208	0.00770	0.00718
34	0.01201	0.00941	0.01104	0.01112	0.01326	0.00908	0.00813	0.01745	0.10546	0.02722	0.24520	0.24423	0.21552	0.01983	0.00985	0.00291	0.00462	0.01734	0.00827	0.00805
35	0.01208	0.00805	0.00906	0.00906	0.00906	0.00805	0.00503	0.01208	0.01208	0.01611	0.02618	0.05436	0.03020	0.70804	0.04228	0.00805	0.00805	0.01208	0.00503	0.00503
36	0.03019	0.02223	0.02394	0.01863	0.02488	0.02453	0.01527	0.58860	0.03756	0.05034	0.02162	0.06412	0.01677	0.01101	0.00846	0.00255	0.00886	0.00852	0.00827	0.01365
37	0.01818	0.01818	0.02545	0.02181	0.02181	0.02545	0.01818	0.01999	0.01272	0.01999	0.01091	0.01818	0.01091	0.01454	0.02726	0.00364	0.69284	0.00727	0.00364	0.00909
38	0.03727	0.01414	0.01928	0.01478	0.02121	0.01221	0.01221	0.04049	0.02378	0.66198	0.03277	0.02828	0.02056	0.01028	0.00835	0.00257	0.00707	0.00835	0.01028	0.01414
39	0.55813	0.01811	0.01582	0.01325	0.01882	0.02066	0.01092	0.19583	0.02121	0.04155	0.01394	0.01533	0.01045	0.00835	0.00604	0.00255	0.00720	0.00534	0.00604	0.01045
40	0.01108	0.00847	0.01017	0.00974	0.01200	0.00755	0.00731	0.01437	0.02192	0.02953	0.45403	0.06829	0.27856	0.01840	0.00981	0.00268	0.00402	0.01590	0.00865	0.00755
41	0.01039	0.00742	0.00995	0.01187	0.01247	0.00698	0.00818	0.01203	0.01617	0.02151	0.04564	0.65271	0.05436	0.02577	0.01067	0.00341	0.00505	0.07089	0.00771	0.00682
42	0.01723	0.01477	0.01723	0.01230	0.01969	0.01107	0.00984	0.02092	0.01723	0.02707	0.01477	0.01723	0.01230	0.00615	0.00615	0.00123	0.00615	0.00492	0.00492	0.75883
43	0.01254	0.04409	0.01201	0.01052	0.01129	0.00996	0.00699	0.01350	0.01268	0.01717	0.02434	0.04623	0.02658	0.49256	0.21671	0.00921	0.01205	0.01081	0.00480	0.00598
44	0.01191	0.00874	0.01256	0.01256	0.01377	0.00995	0.00940	0.01433	0.01312	0.01870	0.02298	0.03665	0.02251	0.18151	0.55830	0.01237	0.01963	0.00949	0.00456	0.00698
45	0.03587	0.01639	0.02067	0.01585	0.02233	0.01555	0.01309	0.18534	0.02754	0.51180	0.02961	0.02622	0.01898	0.01021	0.00834	0.00255	0.00758	0.00814	0.00980	0.01414
46	0.02332	0.02033	0.05708	0.02526	0.16980	0.02073	0.01723	0.25431	0.15024	0.03683	0.02200	0.02515	0.01742	0.05241	0.06681	0.00379	0.01001	0.00815	0.00661	0.01254
47	0.01225	0.00948	0.01450	0.08024	0.01904	0.01118	0.01164	0.01547	0.01367	0.01948	0.02151	0.03160	0.01981	0.05695	0.60902	0.01230	0.02114	0.00875	0.00438	0.00760
48	0.76672	0.01607	0.01221	0.01092	0.01607	0.01864	0.00900	0.02442	0.01414	0.03727	0.01157	0.01350	0.00900	0.00771	0.00514	0.00257	0.00643	0.00450	0.00514	0.00900
49	0.00982	0.00842	0.00842	0.00842	0.01122	0.00701	0.00631	0.01192	0.01894	0.02244	0.08416	0.07995	0.65285	0.02104	0.00982	0.00281	0.00421	0.01753	0.00771	0.00701
50	0.02262	0.68206	0.04261	0.01455	0.02152	0.06240	0.01430	0.02526	0.01719	0.01958	0.01161	0.01340	0.01066	0.00717	0.00543	0.00179	0.00916	0.00448	0.00359	0.01061
51	0.01236	0.01131	0.06483	0.01226	0.01396	0.01006	0.00964	0.01453	0.01312	0.01843	0.02342	0.04120	0.02418	0.34911	0.33499	0.01008	0.01503	0.01011	0.00464	0.00674
52	0.01001	0.00848	0.00869	0.00879	0.01155	0.00715	0.00670	0.01221	0.01895	0.02258	0.08195	0.08071	0.61953	0.02114	0.00991	0.00286	0.00440	0.04962	0.00771	0.00705
53	0.03103	0.03959	0.02354	0.02140	0.02568	0.67469	0.01605	0.03317	0.02354	0.02033	0.01284	0.01498	0.01070	0.00856	0.00749	0.00214	0.01498	0.00535	0.00428	0.00963
54	0.02009	0.13342	0.22414	0.09427	0.12635	0.10809	0.09536	0.02599	0.01867	0.02407	0.01577	0.02154	0.01296	0.00841	0.00794	0.00250	0.01164	0.03364	0.00400	0.01116
55	0.01666	0.04297	0.66500	0.02368	0.03596	0.01929	0.03069	0.02631	0.01754	0.02631	0.01491	0.01754	0.01052	0.00789	0.00789	0.00263	0.01228	0.00614	0.00351	0.01228
56	0.76672	0.01607	0.01221	0.01092	0.01607	0.01864	0.00900	0.02442	0.01414	0.03727	0.01157	0.01350	0.00900	0.00771	0.00514	0.00257	0.00643	0.00450	0.00514	0.00900
57	0.02008	0.01925	0.03285	0.11415	0.59684	0.01961	0.02526	0.02507	0.01869	0.02655	0.01554	0.02072	0.01295	0.00749	0.00823	0.00250	0.00999	0.00740	0.00407	0.01277
58	0.02351	0.02360	0.02829	0.17401	0.29570	0.16466	0.02144	0.11743	0.02249	0.02820	0.01548	0.01957	0.01232	0.00824	0.00809	0.00246	0.01114	0.00696	0.00470	0.01170
59	0.01666	0.04297	0.66500	0.02368	0.03596	0.01929	0.03069	0.02631	0.01754	0.02631	0.01491	0.01754	0.01052	0.00789	0.00789	0.00263	0.01228	0.00614	0.00351	0.01228
60	0.01012	0.00838	0.00887	0.00885	0.01143	0.00713	0.00660	0.01247	0.01949	0.02402	0.16747	0.10387	0.54134	0.02065	0.00985	0.00280	0.00419	0.01742	0.00793	0.00713
61	0.01661	0.02818	0.31958	0.02987	0.24115	0.01698	0.02405	0.02315	0.01829	0.02582	0.02902	0.03107	0.14010	0.01036	0.00839	0.00261	0.00984	0.00885	0.00456	0.01152
62	0.03046	0.08317	0.02484	0.02094	0.02540	0.63316	0.01593	0.03264	0.02311	0.02028	0.01276	0.01487	0.01070	0.00847	0.00735	0.00212	0.01459	0.00529	0.00423	0.00970
63	0.03103	0.03959	0.02354	0.02140	0.02568	0.67469	0.01605	0.03317	0.02354	0.02033	0.01284	0.01498	0.01070	0.00856	0.00749	0.00214	0.01498	0.00535	0.00428	0.00963
64	0.01549	0.00774	0.00774	0.00774	0.00968	0.00774	0.00581	0.01936	0.01742	0.03097	0.02710	0.03097	0.02129	0.00968	0.00581	0.00194	0.00387	0.00774	0.75416	0.00774
65	0.01940	0.03233	0.38341	0.02871	0.15461	0.01921	0.07818	0.02886	0.08022	0.06847	0.01824	0.02058	0.01334	0.00821	0.00821	0.00263	0.01106	0.00717	0.00461	0.01256
66	0.01035	0.00741	0.00984	0.01141	0.01210	0.00690	0.00773	0.01214	0.01697	0.02290	0.13064	0.61294	0.05823	0.02476	0.01049	0.00327	0.00469	0.02241	0.00791	0.00690
67	0.01028	0.00730	0.00959	0.01136	0.01180	0.00685	0.00749	0.01161	0.01559	0.02079	0.04418	0.64949	0.05292	0.08193	0.01320	0.00376	0.00508	0.02267	0.00749	0.00661
68	0.01955	0.01950	0.02297	0.06326	0.27358	0.14692	0.01703	0.02256	0.01793	0.02236	0.02023	0.03470	0.02002	0.19481	0.01739	0.00401	0.01028	0.05859	0.00467	0.00963
69	0.01823	0.05511	0.14652	0.02595	0.13431	0.09133	0.13967	0.02286	0.01795	0.02337	0.02277	0.08343	0.05065	0.11555	0.01368	0.00343	0.01071	0.00983	0.00463	0.01002
70	0.02056	0.01974	0.03372	0.05099	0.65622	0.01974	0.02550	0.02550	0.01892	0.02714	0.01563	0.02056	0.01316	0.00740	0.00822	0.00247	0.00987	0.00740	0.00411	0.01316
71	0.01584	0.01422	0.02228	0.40564	0.12125	0.01625	0.01928	0.05041	0.01838	0.02386	0.02750	0.08736	0.09664	0.01190	0.00880	0.00281	0.00932	0.03389	0.00497	0.00944
72	0.01786	0.02226	0.14722	0.08998	0.31645	0.01789	0.10035	0.02363	0.01858	0.02584	0.02404	0.03017	0.07975	0.00970	0.00870	0.00267	0.01025	0.03862	0.00453	0.01152
73	0.02066	0.01957	0.02623	0.19117	0.27708	0.07916	0.02024	0.10163	0.05155	0.02820	0.02362	0.02694	0.07871	0.00964	0.00836	0.00256	0.00980	0.00835	0.00514	0.01138
74	0.19339	0.01820	0.02817	0.14721	0.32839	0.01960	0.07142	0.02439	0.01722	0.02816	0.01444	0.01924	0.01170	0.00788	0.00842	0.00262	0.03716	0.00692	0.00427	0.01119
75	0.01779	0.03510	0.42928	0.02802	0.03881	0.01995	0.25852	0.02642	0.01833	0.02642	0.01563	0.01940	0.01132	0.00755	0.00862	0.00270	0.01294	0.00754	0.00377	0.01187
76	0.01664	0.03523	0.48384	0.17916	0.07305	0.01912	0.02866	0.02509	0.01740	0.02517	0.01491	0.01876	0.01079	0.00796	0.00801	0.00265	0.01187	0.00649	0.00358	0.01162
77	0.01137	0.00784	0.00967	0.01064	0.01100	0.00764	0.00686	0.01230	0.01427	0.01898	0.03586	0.32796	0.04201	0.36552	0.02646	0.00574	0.00667	0.06685	0.00637	0.00597
78	0.01549	0.00774	0.00774	0.00774	0.00968	0.00774	0.00581	0.01936	0.01742	0.03097	0.02710	0.03097	0.02129	0.00968	0.00581	0.00194	0.00387	0.00774	0.75416	0.00774
79	0.01045	0.00844	0.00929	0.00908	0.01161	0.00728	0.00681	0.01314	0.02042	0.02597	0.26855	0.07414	0.46625	0.01972	0.00981	0.00274	0.00411	0.01672	0.00818	0.00728
80	0.06092	0.01327	0.01380	0.01183	0.01570	0.03576	0.00937	0.11713	0.04710	0.15649	0.02610	0.02734	0.01924	0.00977	0.00681	0.00222	0.00591	0.00764	0.40330	0.01029
81	0.01549	0.00774	0.00774	0.00774	0.00968	0.00774	0.00581	0.01936	0.01742	0.03097	0.02710	0.03097	0.02129	0.00968	0.00581	0.00194	0.00387	0.00774	0.75416	0.00774
82	0.01850	0.24214	0.29009	0.01896	0.02650	0.05663	0.02072	0.02382	0.01682	0.02252	0.01625	0.07306	0.01475	0.01249	0.04164	0.00303	0.08026	0.00726	0.00397	0.01063
83	0.01628	0.05360	0.01859	0.01725	0.05065	0.11293	0.01287	0.01911	0.01531	0.01992	0.01898	0.02711	0.01750	0.04445	0.45046	0.00967	0.07475	0.00791	0.00429	0.00836
84	0.76672	0.01607	0.01221	0.01092	0.01607	0.01864	0.00900	0.02442	0.01414	0.03727	0.01157	0.01350	0.00900	0.00771	0.00514	0.00257	0.00643	0.00450	0.00514	0.00900
85	0.01698	0.01448	0.01695	0.01222	0.01936	0.01093	0.00975	0.02068	0.01751	0.02736	0.04383	0.01927	0.01532	0.00665	0.00632	0.00129	0.00605	0.00538	0.00511	0.72457
86	0.02066	0.01785	0.01878	0.01691	0.02160	0.02066	0.01315	0.04414	0.64121	0.03475	0.03381	0.03099	0.02536	0.01127	0.00845	0.00282	0.00657	0.00939	0.00845	0.01315
87	0.01068	0.00746	0.00948	0.01086	0.01120	0.00712	0.00695	0.01171	0.01482	0.01976	0.04022	0.51868	0.04792	0.21955	0.01959	0.00470	0.00574	0.02034	0.00695	0.00626
88	0.03050	0.03734	0.02337	0.02101	0.02546	0.59668	0.01587	0.07230	0.05856	0.02320	0.01446	0.01618	0.01173	0.00880	0.00760	0.00220	0.01414	0.00571	0.00477	0.01012
89	0.01569	0.01477	0.02492	0.68808	0.05722	0.01846	0.02307	0.02123	0.01661	0.02123	0.01477	0.02215	0.01107	0.00831	0.00831	0.00277	0.01107	0.00738	0.00369	0.00923
90	0.01187	0.00890	0.01335	0.01335	0.01483	0.01038	0.01038	0.01483	0.01335	0.01928	0.02225	0.03264	0.02077	0.06231	0.67512	0.01335	0.02225	0.00890	0.00445	0.00742
91	0.01198	0.00844	0.01100	0.01100	0.01167	0.00911	0.00745	0.01332	0.01265	0.01754	0.02441	0.04456	0.02595	0.41678	0.32773	0.01044	0.01446	0.01065	0.00477	0.00611
92	0.03205	0.02252	0.02447	0.01876	0.02539	0.02465	0.01550	0.58032	0.03781	0.10233	0.02100	0.02063	0.01466	0.01000	0.00831	0.00250	0.00897	0.00755	0.00847	0.01413
93	0.01457	0.01153	0.01621	0.20388	0.02606	0.01318	0.01280	0.06788	0.01643	0.02198	0.02438	0.03695	0.05476	0.21151	0.22481	0.00744	0.01321	0.00967	0.00490	0.00785
94	0.01892	0.01012	0.01345	0.01177	0.01501	0.00921	0.00917	0.02249	0.02272	0.21029	0.40933	0.05139	0.08468	0.01820	0.05244	0.00330	0.00601	0.01285	0.00910	0.00956
95	0.06586	0.02630	0.02210	0.11683	0.02865	0.28788	0.01575	0.10316	0.10060	0.12375	0.01950	0.02053	0.01438	0.00924	0.00784	0.00244	0.01105	0.00681	0.00613	0.01118
96	0.02041	0.24356	0.18134	0.02581	0.15306	0.08348	0.05213	0.02531	0.01777	0.02308	0.01420	0.01785	0.01190	0.01139	0.05129	0.00303	0.04318	0.00621	0.00382	0.01119
97	0.22073	0.02320	0.01721	0.01604	0.02001	0.25650	0.01258	0.07616	0.02084	0.02841	0.02413	0.08656	0.05238	0.01269	0.00791	0.00267	0.00973	0.09726	0.00582	0.00918
98	0.01650	0.01107	0.01312	0.01098	0.01540	0.00910	0.00855	0.01953	0.01992	0.12381	0.15946	0.07372	0.24670	0.01460	0.00858	0.00231	0.00517	0.01231	0.00758	0.22157
99	0.01199	0.00802	0.00909	0.00918	0.00920	0.00799	0.00516	0.01206	0.01226	0.01634	0.02708	0.08433	0.03135	0.67651	0.04082	0.00784	0.00790	0.01261	0.00516	0.00511
100	0.02120	0.01824	0.02849	0.27931	0.30889	0.01993	0.02251	0.12103	0.02149	0.05458	0.01669	0.02136	0.01284	0.00826	0.00827	0.00259	0.01008	0.00745	0.00488	0.01190
101	0.06760	0.10342	0.08050	0.29883	0.19316	0.07436	0.02175	0.02431	0.01769	0.02386	0.01424	0.01919	0.01133	0.00789	0.00763	0.00250	0.01064	0.00658	0.00391	0.01063

[dist]
# distance from previous block
# <min> <max>
0	1

[block]
# block no. 3 follows, 22 sequences, length 69
# corresponding to MSA columns:
# 260-328
name=unknown_D
#
# <colnr> <probs for GDERKNQSTAVLIFYWHMCP>
#	G	D	E	R	K	N	Q	S	T	A	V	L	I	F	Y	W	H	M	C	P
0	0.01651	0.01880	0.12548	0.05426	0.22080	0.01556	0.02059	0.02157	0.01833	0.02538	0.02743	0.05154	0.02746	0.01464	0.01069	0.00316	0.04922	0.26283	0.00550	0.01025
1	0.01166	0.00849	0.01097	0.01035	0.01235	0.00780	0.00776	0.01549	0.02329	0.03278	0.62398	0.06293	0.10658	0.01718	0.00980	0.00262	0.00393	0.01515	0.00907	0.00780
2	0.01549	0.00774	0.00774	0.00774	0.00968	0.00774	0.00581	0.01936	0.01742	0.03097	0.02710	0.03097	0.02129	0.00968	0.00581	0.00194	0.00387	0.00774	0.75416	0.00774
3	0.02782	0.02105	0.02641	0.02728	0.19715	0.02257	0.01796	0.39953	0.03136	0.07621	0.01957	0.02124	0.01456	0.01209	0.04404	0.00307	0.00993	0.00758	0.00706	0.01350
4	0.02577	0.02038	0.02166	0.01794	0.02355	0.02305	0.01439	0.31775	0.35929	0.04299	0.02732	0.02582	0.02010	0.01066	0.00839	0.00267	0.00778	0.00850	0.00839	0.01361
5	0.01012	0.00723	0.00964	0.01157	0.01205	0.00675	0.00771	0.01157	0.01591	0.02121	0.04579	0.70262	0.05495	0.02603	0.01060	0.00337	0.00482	0.02362	0.00771	0.00675
6	0.02108	0.02151	0.01741	0.01604	0.01908	0.24110	0.01196	0.08156	0.08472	0.02415	0.02492	0.07079	0.05037	0.12955	0.14357	0.00545	0.01279	0.00937	0.00561	0.00898
7	0.02056	0.01974	0.03372	0.05099	0.65622	0.01974	0.02550	0.02550	0.01892	0.02714	0.01563	0.02056	0.01316	0.00740	0.00822	0.00247	0.00987	0.00740	0.00411	0.01316
8	0.02919	0.02084	0.02267	0.01806	0.02415	0.02296	0.01470	0.40782	0.20196	0.11086	0.02507	0.02383	0.01786	0.01036	0.00835	0.00259	0.00823	0.00809	0.00855	0.01386
9	0.01012	0.00723	0.00964	0.01157	0.01205	0.00675	0.00771	0.01157	0.01591	0.02121	0.04579	0.70262	0.05495	0.02603	0.01060	0.00337	0.00482	0.02362	0.00771	0.00675
10	0.17074	0.02877	0.02114	0.02144	0.08874	0.38017	0.01494	0.02793	0.02006	0.02447	0.01756	0.05302	0.04092	0.01002	0.00842	0.00243	0.04795	0.00696	0.00472	0.00959
11	0.01254	0.01015	0.01504	0.02024	0.15395	0.00974	0.01180	0.01490	0.01687	0.02274	0.04111	0.49287	0.07722	0.02153	0.01008	0.00316	0.00602	0.04491	0.00692	0.00821
12	0.01012	0.00723	0.00964	0.01157	0.01205	0.00675	0.00771	0.01157	0.01591	0.02121	0.04579	0.70262	0.05495	0.02603	0.01060	0.00337	0.00482	0.02362	0.00771	0.00675
13	0.02766	0.02738	0.02746	0.03068	0.23968	0.23476	0.01917	0.23027	0.02718	0.03338	0.01617	0.01854	0.01268	0.00864	0.00801	0.00237	0.01129	0.00676	0.00558	0.01234
14	0.03313	0.02077	0.02339	0.01793	0.02452	0.02206	0.01481	0.46789	0.03488	0.21888	0.02345	0.02222	0.01589	0.01006	0.00832	0.00251	0.00858	0.00772	0.00885	0.01413
15	0.02729	0.02716	0.02725	0.05669	0.22605	0.23623	0.01923	0.21873	0.02672	0.03265	0.01605	0.01860	0.01258	0.00863	0.00801	0.00238	0.01136	0.00675	0.00548	0.01215
16	0.01825	0.01738	0.02955	0.35254	0.37270	0.01913	0.02435	0.02347	0.01783	0.02434	0.01522	0.02131	0.01217	0.00783	0.00826	0.00261	0.01044	0.00739	0.00391	0.01130
17	0.01249	0.00892	0.01236	0.01428	0.01580	0.00879	0.01184	0.01567	0.01824	0.02386	0.04448	0.26004	0.04976	0.02379	0.01124	0.00370	0.00688	0.44278	0.00767	0.00740
18	0.01121	0.00847	0.01034	0.00987	0.01207	0.00760	0.00741	0.01461	0.02222	0.03023	0.49082	0.06713	0.24133	0.01813	0.00980	0.00267	0.00400	0.01574	0.00874	0.00760
19	0.01607	0.01695	0.01318	0.01244	0.01545	0.18959	0.00933	0.01861	0.02127	0.02442	0.19791	0.05800	0.34261	0.01668	0.00918	0.00258	0.00708	0.01362	0.00711	0.00792
20	0.76672	0.01607	0.01221	0.01092	0.01607	0.01864	0.00900	0.02442	0.01414	0.03727	0.01157	0.01350	0.00900	0.00771	0.00514	0.00257	0.00643	0.00450	0.00514	0.00900
21	0.01818	0.01818	0.02545	0.02181	0.02181	0.02545	0.01818	0.01999	0.01272	0.01999	0.01091	0.01818	0.01091	0.01454	0.02726	0.00364	0.69284	0.00727	0.00364	0.00909
