[name]
unknown

[dist]
# distance from previous block
# <min> <max>
7	29

[block]
# block no. 0 follows, 17 sequences, length 22
# corresponding to MSA columns:
# 31-52
name=unknown_A
#
# <colnr> <probs for GDERKNQSTAVLIFYWHMCP>
#	G	D	E	R	K	N	Q	S	T	A	V	L	I	F	Y	W	H	M	C	P
0	0.01271	0.00857	0.01070	0.01199	0.01270	0.00818	0.00789	0.01447	0.01789	0.02489	0.08426	0.42672	0.05432	0.16628	0.01927	0.00476	0.00609	0.02146	0.07941	0.00744
1	0.01525	0.00921	0.01190	0.01184	0.01320	0.00969	0.00857	0.01726	0.01669	0.02561	0.06711	0.04061	0.02854	0.12068	0.21629	0.13443	0.01232	0.01033	0.22300	0.00745
2	0.01637	0.01254	0.01384	0.01322	0.01541	0.05066	0.01017	0.02003	0.02040	0.02989	0.15868	0.04665	0.09469	0.02883	0.16072	0.00575	0.05729	0.01181	0.22416	0.00889
3	0.01197	0.00883	0.01038	0.01137	0.01252	0.00813	0.00751	0.01340	0.01789	0.02295	0.05849	0.34315	0.20909	0.19522	0.02120	0.00504	0.00624	0.02142	0.00796	0.00724
4	0.01333	0.00908	0.01075	0.01095	0.01138	0.00889	0.00666	0.01427	0.01639	0.02219	0.12298	0.15172	0.04699	0.47269	0.03692	0.00739	0.00787	0.01617	0.00689	0.00650
5	0.01497	0.01062	0.01296	0.01308	0.01446	0.01068	0.00896	0.07068	0.02040	0.02764	0.11720	0.29819	0.05063	0.22112	0.05969	0.00589	0.00811	0.01868	0.00791	0.00813
6	0.01828	0.01182	0.01429	0.01317	0.01660	0.01121	0.01003	0.02480	0.09901	0.11933	0.28042	0.12377	0.18144	0.01934	0.01078	0.00312	0.00555	0.01669	0.00995	0.01042
7	0.01975	0.01814	0.02308	0.02023	0.02279	0.07191	0.05672	0.07585	0.01953	0.02645	0.02283	0.07601	0.02199	0.07402	0.25189	0.00822	0.16446	0.01066	0.00554	0.00994
8	0.01271	0.01075	0.01407	0.01359	0.01671	0.00958	0.05001	0.01574	0.02113	0.02611	0.07618	0.16481	0.39376	0.02386	0.01159	0.00347	0.00636	0.11270	0.00845	0.00839
9	0.01703	0.00896	0.00963	0.00963	0.01176	0.00919	0.00728	0.02129	0.01916	0.03340	0.03003	0.03541	0.02409	0.01892	0.08952	0.00392	0.00716	0.00896	0.62589	0.00874
10	0.02851	0.02836	0.03173	0.11818	0.25711	0.18000	0.02332	0.15551	0.02768	0.03445	0.01791	0.02179	0.01416	0.00954	0.00916	0.00276	0.01268	0.00782	0.00574	0.01357
11	0.46765	0.01823	0.01589	0.01365	0.01919	0.02062	0.01114	0.13805	0.02242	0.04451	0.01815	0.02029	0.01384	0.00967	0.00670	0.00277	0.00741	0.00644	0.13225	0.01114
12	0.01203	0.00959	0.01079	0.01049	0.01328	0.00834	0.00786	0.01526	0.02359	0.03046	0.30128	0.08255	0.39708	0.02202	0.01114	0.00310	0.00464	0.01875	0.00941	0.00834
13	0.02237	0.02142	0.03653	0.16062	0.51457	0.02215	0.02846	0.02809	0.02102	0.02963	0.01757	0.02365	0.01452	0.00858	0.00935	0.00286	0.01144	0.00840	0.00458	0.01416
14	0.01165	0.00845	0.01101	0.01274	0.01365	0.00781	0.00865	0.01363	0.01917	0.02555	0.11041	0.56171	0.10453	0.02811	0.01188	0.00370	0.00532	0.02533	0.00892	0.00781
15	0.02808	0.03142	0.05495	0.02495	0.02890	0.23707	0.04756	0.11550	0.02400	0.02926	0.01528	0.01990	0.01295	0.01259	0.01786	0.00324	0.27193	0.00762	0.00524	0.01170
16	0.03039	0.12012	0.03088	0.12268	0.07534	0.36913	0.01993	0.07425	0.02545	0.02640	0.01556	0.01890	0.01270	0.00948	0.00845	0.00254	0.01449	0.00665	0.00498	0.01168
17	0.06968	0.01331	0.01711	0.05789	0.05976	0.04199	0.01336	0.01991	0.01705	0.02540	0.02587	0.09519	0.02468	0.04667	0.36648	0.00997	0.01828	0.01089	0.05732	0.00919
18	0.13297	0.02821	0.03229	0.03188	0.15698	0.16984	0.10670	0.12251	0.02538	0.03477	0.01695	0.02066	0.01348	0.00976	0.01045	0.00289	0.05807	0.00779	0.00566	0.01279
19	0.02676	0.02804	0.02869	0.12329	0.18460	0.22523	0.02135	0.08471	0.02433	0.02939	0.01784	0.02266	0.01459	0.01343	0.04608	0.00348	0.04526	0.00774	0.04040	0.01214
20	0.18146	0.01847	0.05460	0.11779	0.13258	0.01813	0.08715	0.02470	0.01911	0.03157	0.02395	0.13458	0.02249	0.01255	0.00896	0.00305	0.00956	0.01117	0.07717	0.01099
21	0.01997	0.01950	0.02146	0.21493	0.03495	0.10704	0.01686	0.02768	0.11419	0.02742	0.03147	0.14128	0.06404	0.01421	0.00957	0.00294	0.00989	0.01206	0.00647	0.10405

[dist]
# distance from previous block
# <min> <max>
13	58

[block]
# block no. 1 follows, 17 sequences, length 103
# corresponding to MSA columns:
# 121-223
name=unknown_B
#
# <colnr> <probs for GDERKNQSTAVLIFYWHMCP>
#	G	D	E	R	K	N	Q	S	T	A	V	L	I	F	Y	W	H	M	C	P
0	0.02291	0.12511	0.07015	0.03172	0.23194	0.12454	0.02012	0.02703	0.02119	0.02648	0.02671	0.03172	0.08661	0.06236	0.01180	0.00310	0.01103	0.00905	0.00518	0.05125
1	0.02816	0.03112	0.03142	0.07118	0.17151	0.26484	0.04692	0.07428	0.02398	0.02812	0.01592	0.02050	0.01329	0.01063	0.01294	0.00293	0.12744	0.00758	0.00500	0.01224
2	0.02374	0.02374	0.02244	0.01893	0.02407	0.16500	0.04460	0.10398	0.06321	0.03140	0.03802	0.07504	0.14955	0.01439	0.01079	0.00277	0.04911	0.01137	0.00698	0.12087
3	0.02942	0.02013	0.02026	0.01664	0.02243	0.09436	0.01326	0.15278	0.02907	0.20619	0.07865	0.04388	0.16450	0.01450	0.00971	0.00282	0.00864	0.01159	0.00918	0.05201
4	0.18975	0.02641	0.05929	0.01916	0.04863	0.20012	0.01462	0.06700	0.02180	0.03034	0.02427	0.06483	0.05134	0.12652	0.01526	0.00392	0.01112	0.00942	0.00593	0.01026
5	0.20559	0.02551	0.02798	0.12910	0.24682	0.15745	0.02138	0.02983	0.02087	0.03097	0.01572	0.02017	0.01275	0.00894	0.00828	0.00280	0.01172	0.00704	0.00493	0.01216
6	0.06942	0.02575	0.16936	0.02510	0.13675	0.06902	0.01973	0.02742	0.02087	0.07605	0.03004	0.03391	0.08387	0.05167	0.01111	0.00317	0.00997	0.00940	0.11557	0.01182
7	0.06691	0.02243	0.05847	0.01686	0.02221	0.12985	0.01399	0.03118	0.11729	0.06004	0.05150	0.02892	0.02243	0.01717	0.07660	0.00388	0.01093	0.00834	0.12272	0.11830
8	0.06822	0.22172	0.03217	0.02399	0.12559	0.12308	0.01690	0.03001	0.06816	0.02799	0.02229	0.02424	0.05379	0.00972	0.00778	0.00236	0.01019	0.00734	0.00540	0.11908
9	0.02383	0.02568	0.15369	0.01908	0.02614	0.05886	0.01803	0.13297	0.06878	0.08570	0.15856	0.07001	0.03565	0.01334	0.00962	0.00285	0.00930	0.01100	0.00799	0.06893
10	0.07644	0.13061	0.03020	0.14445	0.06651	0.34980	0.01951	0.03248	0.02307	0.02485	0.01486	0.01853	0.01225	0.00928	0.00818	0.00256	0.01414	0.00643	0.00466	0.01119
11	0.02206	0.02110	0.03596	0.19439	0.48329	0.02207	0.02830	0.02782	0.02086	0.02925	0.01751	0.02376	0.01439	0.00864	0.00936	0.00288	0.01152	0.00840	0.00456	0.01390
12	0.01679	0.00926	0.01149	0.04541	0.01500	0.00970	0.00870	0.01918	0.01740	0.02849	0.02595	0.03334	0.02165	0.02359	0.09363	0.17185	0.00839	0.00880	0.42364	0.00774
13	0.03441	0.04177	0.02770	0.02653	0.07149	0.53673	0.01898	0.08165	0.02779	0.02664	0.01547	0.01793	0.01267	0.00975	0.00864	0.00249	0.01604	0.00644	0.00522	0.01165
14	0.01141	0.00956	0.00992	0.00983	0.01290	0.00807	0.00737	0.01405	0.02212	0.02696	0.15698	0.08830	0.54356	0.02333	0.01114	0.00316	0.00474	0.01956	0.00895	0.00807
15	0.01434	0.01024	0.01421	0.01638	0.01818	0.01011	0.01370	0.01805	0.02086	0.02726	0.05040	0.23546	0.05615	0.02686	0.01280	0.00422	0.00794	0.42570	0.00870	0.00845
16	0.01171	0.00958	0.01033	0.01014	0.01308	0.00820	0.00761	0.01462	0.02282	0.02863	0.22562	0.08556	0.47388	0.02271	0.01114	0.00313	0.00469	0.01917	0.00917	0.00820
17	0.03369	0.03346	0.02723	0.06436	0.03133	0.28897	0.01844	0.27805	0.06513	0.04022	0.01962	0.02106	0.01482	0.01058	0.00904	0.00270	0.01324	0.00756	0.00711	0.01339
18	0.01586	0.00934	0.01145	0.01145	0.01343	0.01004	0.00876	0.01983	0.01785	0.02962	0.02846	0.03595	0.02392	0.03593	0.26737	0.00761	0.01311	0.00934	0.42206	0.00863
19	0.01531	0.01280	0.01868	0.01762	0.01887	0.01617	0.01406	0.01834	0.01497	0.02210	0.02196	0.03284	0.02070	0.05682	0.47728	0.01233	0.18582	0.00963	0.00481	0.00891
20	0.02594	0.62838	0.04776	0.01673	0.02456	0.08058	0.01629	0.02892	0.01971	0.02225	0.01322	0.01526	0.01210	0.00819	0.00623	0.00205	0.01059	0.00512	0.00409	0.01202
21	0.02452	0.02583	0.04091	0.04962	0.40960	0.09614	0.15453	0.03029	0.02229	0.02974	0.01767	0.02306	0.01445	0.00846	0.00965	0.00284	0.01299	0.00875	0.00471	0.01394
22	0.07211	0.02050	0.02300	0.01840	0.02407	0.02209	0.01475	0.35283	0.03324	0.11392	0.02235	0.02473	0.01664	0.01619	0.01560	0.17064	0.00942	0.00834	0.00825	0.01293
23	0.15117	0.29385	0.03294	0.01824	0.02403	0.20773	0.01555	0.02969	0.02050	0.02611	0.01582	0.05468	0.01480	0.01047	0.00861	0.00253	0.05048	0.00685	0.00488	0.01105
24	0.01876	0.01108	0.01295	0.01163	0.01560	0.00949	0.00902	0.02181	0.02368	0.16479	0.17100	0.07359	0.38034	0.02024	0.01076	0.00308	0.00547	0.01699	0.00972	0.01000
25	0.01371	0.00914	0.01029	0.01029	0.01029	0.00914	0.00571	0.01371	0.01371	0.01828	0.02971	0.06171	0.03428	0.66859	0.04800	0.00914	0.00914	0.01371	0.00571	0.00571
26	0.01969	0.13096	0.02969	0.28141	0.04024	0.02218	0.05951	0.02464	0.01888	0.02652	0.01893	0.02515	0.01518	0.01021	0.01069	0.00285	0.08073	0.00807	0.16395	0.01053
27	0.02556	0.02744	0.03721	0.07709	0.39185	0.15646	0.08838	0.03077	0.02259	0.02871	0.01715	0.02227	0.01414	0.00869	0.00936	0.00278	0.01308	0.00820	0.00470	0.01359
28	0.03066	0.02666	0.02804	0.19809	0.03929	0.12320	0.02030	0.33552	0.03433	0.04365	0.01969	0.02244	0.01444	0.01053	0.00928	0.00285	0.01206	0.00807	0.00722	0.01365
29	0.01371	0.00914	0.01029	0.01029	0.01029	0.00914	0.00571	0.01371	0.01371	0.01828	0.02971	0.06171	0.03428	0.66859	0.04800	0.00914	0.00914	0.01371	0.00571	0.00571
30	0.01272	0.00872	0.01058	0.01156	0.01180	0.00848	0.00708	0.01345	0.01566	0.02088	0.03968	0.33077	0.04686	0.38237	0.03189	0.00676	0.00750	0.01958	0.00708	0.00659
31	0.01145	0.00837	0.01077	0.01270	0.01356	0.00770	0.00856	0.01318	0.01847	0.02424	0.05723	0.59346	0.12796	0.02886	0.01193	0.00375	0.00539	0.02597	0.00875	0.00770
32	0.02868	0.02267	0.02357	0.01974	0.02542	0.05227	0.01564	0.33162	0.16622	0.04691	0.03104	0.13711	0.02691	0.01477	0.00988	0.00307	0.00915	0.01208	0.00914	0.01408
33	0.01325	0.00987	0.01260	0.01338	0.01561	0.00921	0.01065	0.01685	0.02274	0.03002	0.22991	0.15892	0.19256	0.02391	0.01189	0.00359	0.00611	0.20125	0.00923	0.00846
34	0.11953	0.32496	0.23789	0.01971	0.02944	0.02928	0.02186	0.06883	0.02083	0.03024	0.01511	0.01733	0.01208	0.00870	0.00726	0.00253	0.01105	0.00596	0.00465	0.01276
35	0.01933	0.09054	0.58165	0.02616	0.03971	0.02293	0.03359	0.02976	0.01986	0.02935	0.01667	0.01959	0.01196	0.00890	0.00877	0.00292	0.01368	0.00684	0.00399	0.01381
36	0.02412	0.07145	0.03752	0.08821	0.48566	0.07362	0.02695	0.02931	0.02158	0.02913	0.01708	0.02233	0.01435	0.00855	0.00903	0.00273	0.01168	0.00796	0.00461	0.01413
37	0.02617	0.17386	0.08364	0.02522	0.06214	0.17106	0.10224	0.03250	0.06420	0.05933	0.02253	0.03137	0.01951	0.01125	0.00911	0.00283	0.01253	0.07251	0.00576	0.01223
38	0.03042	0.03237	0.02197	0.01964	0.02413	0.37560	0.01495	0.10756	0.02722	0.03142	0.02017	0.02281	0.01602	0.01029	0.00810	0.00242	0.01260	0.00716	0.20412	0.01104
39	0.01180	0.00958	0.01047	0.01024	0.01314	0.00824	0.00768	0.01481	0.02305	0.02916	0.24775	0.08468	0.45141	0.02251	0.01114	0.00312	0.00468	0.01905	0.00924	0.00824
40	0.02206	0.02110	0.03596	0.19439	0.48329	0.02207	0.02830	0.02782	0.02086	0.02925	0.01751	0.02376	0.01439	0.00864	0.00936	0.00288	0.01152	0.00840	0.00456	0.01390
41	0.02542	0.41781	0.03782	0.01723	0.02328	0.16481	0.01515	0.02799	0.01998	0.02193	0.01606	0.02217	0.01533	0.08713	0.04978	0.00372	0.01245	0.00657	0.00447	0.01089
42	0.01236	0.00956	0.01135	0.01167	0.01409	0.00856	0.00887	0.01552	0.02268	0.02943	0.24152	0.15946	0.31045	0.02345	0.01148	0.00334	0.00524	0.08342	0.00925	0.00830
43	0.02334	0.02241	0.03828	0.05788	0.60977	0.02241	0.02894	0.02894	0.02147	0.03081	0.01774	0.02334	0.01494	0.00840	0.00934	0.00280	0.01120	0.00840	0.00467	0.01494
44	0.02132	0.03422	0.29535	0.04295	0.31969	0.02229	0.07029	0.02944	0.02084	0.03035	0.01747	0.02198	0.01358	0.00862	0.00930	0.00291	0.01274	0.00796	0.00437	0.01434
45	0.02231	0.02496	0.07765	0.04456	0.27320	0.02376	0.25590	0.02877	0.02086	0.02952	0.01760	0.02369	0.01420	0.00922	0.01267	0.00313	0.09055	0.00944	0.00461	0.01340
46	0.01115	0.00955	0.00955	0.00955	0.01274	0.00796	0.00716	0.01353	0.02149	0.02547	0.09553	0.09075	0.60594	0.02388	0.01115	0.00318	0.00478	0.01990	0.00876	0.00796
47	0.01891	0.04878	0.61973	0.02688	0.04081	0.02190	0.03484	0.02986	0.01991	0.02986	0.01692	0.01991	0.01195	0.00896	0.00896	0.00299	0.01394	0.00697	0.00398	0.01394
48	0.08267	0.09067	0.10930	0.08036	0.14326	0.23729	0.02211	0.03311	0.06391	0.02818	0.01717	0.02031	0.01375	0.00934	0.00845	0.00269	0.01304	0.00700	0.00500	0.01240
49	0.01481	0.01057	0.01205	0.01218	0.01512	0.00963	0.00913	0.01895	0.06158	0.07278	0.07322	0.22582	0.34961	0.02368	0.01124	0.00340	0.00564	0.05251	0.00904	0.00906
50	0.01819	0.01704	0.02419	0.02148	0.02205	0.02304	0.01761	0.02069	0.01469	0.02242	0.01678	0.02624	0.01620	0.03503	0.23599	0.00789	0.43748	0.00888	0.00444	0.00967
51	0.73520	0.01824	0.01386	0.01240	0.01824	0.02115	0.01021	0.02772	0.01605	0.04231	0.01313	0.01532	0.01021	0.00875	0.00584	0.00292	0.00729	0.00511	0.00584	0.01021
52	0.01115	0.00955	0.00955	0.00955	0.01274	0.00796	0.00716	0.01353	0.02149	0.02547	0.09553	0.09075	0.60594	0.02388	0.01115	0.00318	0.00478	0.01990	0.00876	0.00796
53	0.01955	0.01676	0.01955	0.01397	0.02235	0.01257	0.01117	0.02374	0.01955	0.03073	0.01676	0.01955	0.01397	0.00698	0.00698	0.00140	0.00698	0.00559	0.00559	0.72624
54	0.01949	0.01445	0.01620	0.01506	0.01890	0.01498	0.01144	0.07411	0.20173	0.07518	0.09791	0.18944	0.17394	0.01942	0.01060	0.00327	0.00644	0.01665	0.00941	0.01138
55	0.02484	0.02326	0.06676	0.02368	0.09442	0.05577	0.01778	0.15370	0.22272	0.03939	0.03277	0.03589	0.05494	0.01269	0.00945	0.00299	0.00921	0.03918	0.06692	0.01364
56	0.01283	0.00889	0.01042	0.01108	0.01151	0.00860	0.00675	0.01352	0.01566	0.02062	0.04186	0.24528	0.08994	0.42265	0.03411	0.00705	0.00767	0.01817	0.00688	0.00649
57	0.02226	0.02544	0.05564	0.03975	0.04928	0.02385	0.57552	0.03021	0.02226	0.03021	0.01908	0.02544	0.01431	0.00795	0.01113	0.00318	0.01590	0.01113	0.00477	0.01272
58	0.01991	0.04180	0.45112	0.03072	0.04335	0.02248	0.19646	0.02997	0.02061	0.02997	0.01757	0.02156	0.01265	0.00866	0.00961	0.00304	0.01452	0.00821	0.00422	0.01357
59	0.01135	0.00940	0.00994	0.01015	0.01295	0.00799	0.00748	0.01380	0.02146	0.02621	0.12740	0.15825	0.50266	0.02423	0.01125	0.00325	0.00484	0.02053	0.00887	0.00799
60	0.01169	0.00856	0.01062	0.01216	0.01311	0.00789	0.00811	0.01327	0.01816	0.02364	0.05715	0.48953	0.15633	0.10365	0.01610	0.00434	0.00578	0.02403	0.00840	0.00748
61	0.01347	0.01010	0.01516	0.01516	0.01684	0.01179	0.01179	0.01684	0.01516	0.02189	0.02526	0.03705	0.02357	0.07072	0.63122	0.01516	0.02526	0.01010	0.00505	0.00842
62	0.02109	0.18277	0.36167	0.02747	0.03908	0.02579	0.15619	0.02958	0.02029	0.02823	0.01657	0.02013	0.01253	0.00853	0.00881	0.00282	0.01353	0.00750	0.00418	0.01324
63	0.19772	0.03874	0.02374	0.02153	0.02662	0.48922	0.01636	0.03535	0.02425	0.02754	0.01424	0.01661	0.01170	0.00949	0.00788	0.00254	0.01475	0.00585	0.00509	0.01077
64	0.02328	0.02258	0.03927	0.05684	0.57769	0.02249	0.06022	0.02901	0.02152	0.03077	0.01781	0.02346	0.01490	0.00838	0.00944	0.00282	0.01147	0.00856	0.00467	0.01481
65	0.02634	0.02209	0.02991	0.03487	0.27109	0.02225	0.02077	0.21838	0.02910	0.04046	0.02364	0.02621	0.04829	0.01004	0.00906	0.00259	0.00981	0.00858	0.00672	0.13982
66	0.01147	0.00827	0.01087	0.01296	0.01363	0.00767	0.00868	0.01315	0.01822	0.02414	0.05410	0.63457	0.08886	0.02927	0.01199	0.00380	0.00544	0.02647	0.00875	0.00767
67	0.02960	0.25746	0.13760	0.02098	0.02907	0.19266	0.02000	0.10286	0.02521	0.07757	0.01738	0.01883	0.01352	0.00938	0.00794	0.00248	0.01250	0.00646	0.00557	0.01293
68	0.02799	0.49944	0.04311	0.01840	0.02558	0.20217	0.01671	0.03085	0.02126	0.02243	0.01352	0.01565	0.01211	0.00853	0.00673	0.00213	0.01201	0.00533	0.00426	0.01178
69	0.03007	0.30042	0.03616	0.02099	0.02681	0.34428	0.01754	0.03271	0.02274	0.02269	0.01382	0.01650	0.01215	0.00954	0.00914	0.00238	0.06043	0.00581	0.00447	0.01137
70	0.01215	0.00947	0.01106	0.01118	0.01365	0.00838	0.00835	0.01525	0.02288	0.02973	0.26532	0.15749	0.33045	0.02310	0.01134	0.00324	0.00493	0.04442	0.00932	0.00828
71	0.01901	0.01582	0.01743	0.01622	0.02035	0.01728	0.01265	0.03592	0.35009	0.03638	0.16919	0.05579	0.11770	0.01671	0.01041	0.00324	0.00657	0.05744	0.00958	0.01222
72	0.01115	0.00955	0.00955	0.00955	0.01274	0.00796	0.00716	0.01353	0.02149	0.02547	0.09553	0.09075	0.60594	0.02388	0.01115	0.00318	0.00478	0.01990	0.00876	0.00796
73	0.02225	0.02791	0.14540	0.04718	0.34752	0.02273	0.18829	0.02947	0.02143	0.03047	0.01798	0.02334	0.01423	0.00837	0.00979	0.00294	0.01304	0.00894	0.00458	0.01412
74	0.02980	0.03378	0.02869	0.02684	0.07681	0.35417	0.06216	0.09639	0.02611	0.02852	0.01882	0.05869	0.01664	0.01461	0.04467	0.00345	0.05411	0.00854	0.00557	0.01163
75	0.01139	0.00858	0.01056	0.01214	0.01342	0.00774	0.00831	0.01324	0.01901	0.02446	0.06408	0.50361	0.21338	0.02797	0.01179	0.00365	0.00528	0.02489	0.00875	0.00774
76	0.01839	0.01598	0.01440	0.01338	0.01742	0.08595	0.01022	0.02461	0.11021	0.07383	0.07240	0.06871	0.39988	0.01951	0.01046	0.00307	0.00692	0.01600	0.00864	0.01002
77	0.02277	0.02578	0.11261	0.05392	0.53703	0.02234	0.02970	0.02906	0.02127	0.03069	0.01763	0.02290	0.01455	0.00847	0.00929	0.00282	0.01155	0.00822	0.00458	0.01481
78	0.39979	0.32816	0.03066	0.01417	0.02106	0.02879	0.01301	0.02796	0.01752	0.03280	0.01312	0.01523	0.01111	0.00843	0.00594	0.00249	0.00861	0.00508	0.00498	0.01111
79	0.02051	0.01942	0.03161	0.04666	0.47117	0.01905	0.02389	0.02536	0.02148	0.02957	0.03580	0.03899	0.15213	0.01200	0.00976	0.00289	0.00971	0.01107	0.00562	0.01332
80	0.02518	0.02702	0.04013	0.04797	0.38337	0.12905	0.14889	0.03075	0.02257	0.02932	0.01748	0.02270	0.01431	0.00853	0.00959	0.00282	0.01326	0.00860	0.00472	0.01374
81	0.01115	0.00955	0.00955	0.00955	0.01274	0.00796	0.00716	0.01353	0.02149	0.02547	0.09553	0.09075	0.60594	0.02388	0.01115	0.00318	0.00478	0.01990	0.00876	0.00796
82	0.02397	0.02425	0.03782	0.05122	0.47604	0.07092	0.06616	0.02920	0.02136	0.02949	0.01714	0.02277	0.01446	0.00914	0.01118	0.00291	0.06483	0.00840	0.00465	0.01408
83	0.01137	0.00868	0.01046	0.01188	0.01335	0.00776	0.00820	0.01327	0.01925	0.02456	0.06716	0.46309	0.25191	0.02757	0.01173	0.00360	0.00523	0.02440	0.00875	0.00776
84	0.01149	0.00821	0.01094	0.01313	0.01368	0.00766	0.00875	0.01313	0.01805	0.02407	0.05198	0.66244	0.06237	0.02954	0.01204	0.00383	0.00547	0.02681	0.00875	0.00766
85	0.03523	0.04494	0.02672	0.02429	0.02915	0.63073	0.01822	0.03766	0.02672	0.02308	0.01458	0.01701	0.01215	0.00972	0.00850	0.00243	0.01701	0.00607	0.00486	0.01093
86	0.01243	0.00865	0.01084	0.01201	0.01250	0.00829	0.00768	0.01371	0.01718	0.02308	0.08752	0.40105	0.05442	0.25723	0.02482	0.00566	0.00670	0.02136	0.00779	0.00706
87	0.02046	0.01889	0.02545	0.35462	0.04595	0.06091	0.04553	0.03106	0.15287	0.02920	0.02343	0.02815	0.01778	0.01035	0.00914	0.00300	0.01085	0.00893	0.09200	0.01144
88	0.01149	0.00821	0.01094	0.01313	0.01368	0.00766	0.00875	0.01313	0.01805	0.02407	0.05198	0.66244	0.06237	0.02954	0.01204	0.00383	0.00547	0.02681	0.00875	0.00766
89	0.01344	0.01097	0.01210	0.01186	0.01501	0.01027	0.00914	0.01936	0.09156	0.03006	0.19506	0.08094	0.37891	0.02173	0.01111	0.00323	0.00535	0.06162	0.00920	0.00906
90	0.02491	0.02069	0.02222	0.01867	0.02495	0.02248	0.01476	0.13761	0.39212	0.04135	0.03168	0.03013	0.02385	0.01147	0.00909	0.00280	0.00788	0.00935	0.00883	0.14513
91	0.01222	0.00986	0.01105	0.01151	0.01440	0.00869	0.00914	0.01519	0.02186	0.02687	0.11625	0.09313	0.44610	0.02410	0.01158	0.00344	0.00566	0.14192	0.00884	0.00819
92	0.01149	0.00821	0.01094	0.01313	0.01368	0.00766	0.00875	0.01313	0.01805	0.02407	0.05198	0.66244	0.06237	0.02954	0.01204	0.00383	0.00547	0.02681	0.00875	0.00766
93	0.01955	0.01676	0.01955	0.01397	0.02235	0.01257	0.01117	0.02374	0.01955	0.03073	0.01676	0.01955	0.01397	0.00698	0.00698	0.00140	0.00698	0.00559	0.00559	0.72624
94	0.02063	0.02063	0.02888	0.02476	0.02476	0.02888	0.02063	0.02269	0.01444	0.02269	0.01238	0.02063	0.01238	0.01651	0.03095	0.00413	0.65133	0.00825	0.00413	0.01032
95	0.01169	0.00911	0.01007	0.01067	0.01257	0.00808	0.00735	0.01345	0.01918	0.02383	0.07193	0.24449	0.35502	0.13814	0.01783	0.00440	0.00573	0.02074	0.00822	0.00748
96	0.01371	0.00914	0.01029	0.01029	0.01029	0.00914	0.00571	0.01371	0.01371	0.01828	0.02971	0.06171	0.03428	0.66859	0.04800	0.00914	0.00914	0.01371	0.00571	0.00571
97	0.02622	0.02319	0.02158	0.01830	0.02362	0.13115	0.01421	0.23224	0.03001	0.03830	0.03168	0.16829	0.06473	0.01528	0.00959	0.00279	0.00962	0.01246	0.00782	0.11894
98	0.02152	0.03445	0.31479	0.02683	0.03687	0.02166	0.14882	0.11611	0.02383	0.03352	0.02166	0.06992	0.01820	0.05462	0.01234	0.00348	0.01288	0.01000	0.00549	0.01301
99	0.07016	0.10655	0.17672	0.12740	0.19787	0.02437	0.02550	0.07271	0.05454	0.03202	0.01809	0.02187	0.01406	0.00916	0.00865	0.00284	0.01141	0.00756	0.00509	0.01344
100	0.02333	0.29131	0.21364	0.02438	0.09373	0.02817	0.02288	0.06396	0.06303	0.02946	0.01739	0.01963	0.01393	0.00885	0.00780	0.00249	0.01101	0.00664	0.00491	0.05346
101	0.06540	0.29705	0.12356	0.05749	0.03013	0.19135	0.01969	0.03206	0.05609	0.02584	0.01583	0.01818	0.01303	0.00905	0.00755	0.00246	0.01235	0.00615	0.00469	0.01203
102	0.02521	0.26550	0.24322	0.02458	0.07027	0.16868	0.02403	0.03104	0.02133	0.02566	0.01510	0.01779	0.01225	0.00879	0.00786	0.00250	0.01312	0.00618	0.00425	0.01266

[dist]
# distance from previous block
# <min> <max>
4	25

[block]
# block no. 2 follows, 17 sequences, length 33
# corresponding to MSA columns:
# 249-281
name=unknown_C
#
# <colnr> <probs for GDERKNQSTAVLIFYWHMCP>
#	G	D	E	R	K	N	Q	S	T	A	V	L	I	F	Y	W	H	M	C	P
0	0.07874	0.03504	0.26253	0.03159	0.16710	0.06803	0.02658	0.15443	0.02602	0.03723	0.01795	0.02076	0.01345	0.00941	0.00889	0.00286	0.01222	0.00744	0.00558	0.01415
1	0.03028	0.03618	0.02959	0.11060	0.16782	0.41314	0.02170	0.03393	0.02452	0.02499	0.01558	0.01950	0.01285	0.00938	0.00881	0.00261	0.01510	0.00690	0.00473	0.01180
2	0.02264	0.02169	0.03701	0.13218	0.54093	0.02222	0.02859	0.02833	0.02114	0.02996	0.01761	0.02357	0.01464	0.00853	0.00935	0.00284	0.01138	0.00840	0.00461	0.01437
3	0.02209	0.02113	0.03601	0.19123	0.48622	0.02208	0.02832	0.02784	0.02088	0.02929	0.01752	0.02375	0.01440	0.00863	0.00936	0.00288	0.01151	0.00840	0.00456	0.01393
4	0.01412	0.01253	0.01641	0.02089	0.15078	0.01137	0.01232	0.01740	0.02187	0.02761	0.11470	0.07370	0.43169	0.01997	0.01073	0.00308	0.00624	0.01704	0.00793	0.00964
5	0.02300	0.02185	0.03518	0.07839	0.40782	0.02267	0.06548	0.03358	0.15094	0.03237	0.02247	0.02627	0.01791	0.00942	0.00953	0.00294	0.01077	0.00911	0.00577	0.01454
6	0.01955	0.01965	0.02809	0.03070	0.18505	0.08487	0.10443	0.02396	0.02044	0.02642	0.03386	0.03904	0.12472	0.02849	0.18137	0.00630	0.01529	0.01114	0.00556	0.01107
7	0.01149	0.00821	0.01094	0.01313	0.01368	0.00766	0.00875	0.01313	0.01805	0.02407	0.05198	0.66244	0.06237	0.02954	0.01204	0.00383	0.00547	0.02681	0.00875	0.00766
8	0.02247	0.02691	0.12769	0.04968	0.41397	0.02262	0.13873	0.02933	0.02140	0.03055	0.01788	0.02325	0.01437	0.00839	0.00964	0.00290	0.01254	0.00873	0.00459	0.01435
9	0.07063	0.10686	0.14471	0.03078	0.10550	0.20085	0.15059	0.03178	0.02230	0.02801	0.01618	0.01994	0.01282	0.00877	0.00885	0.00273	0.01410	0.00751	0.00462	0.01247
10	0.02334	0.02241	0.03828	0.05788	0.60977	0.02241	0.02894	0.02894	0.02147	0.03081	0.01774	0.02334	0.01494	0.00840	0.00934	0.00280	0.01120	0.00840	0.00467	0.01494
11	0.01138	0.00862	0.01052	0.01204	0.01339	0.00775	0.00827	0.01325	0.01910	0.02450	0.06521	0.48866	0.22760	0.02782	0.01177	0.00363	0.00526	0.02471	0.00875	0.00775
12	0.02337	0.02192	0.03443	0.04911	0.47705	0.02264	0.02576	0.03374	0.15102	0.03277	0.02242	0.02603	0.01808	0.00940	0.00939	0.00289	0.01035	0.00891	0.00579	0.01493
13	0.01402	0.01085	0.01595	0.01564	0.01711	0.01294	0.01215	0.01713	0.01503	0.02177	0.02451	0.03702	0.02326	0.09596	0.55756	0.01403	0.07147	0.01014	0.00501	0.00843
14	0.01371	0.00971	0.01362	0.01351	0.01482	0.01058	0.00992	0.01604	0.01637	0.02314	0.11115	0.04617	0.03480	0.17674	0.38266	0.06400	0.01780	0.01169	0.00590	0.00765
15	0.53727	0.02001	0.01762	0.01478	0.02109	0.02264	0.01219	0.15589	0.02316	0.07637	0.01659	0.01789	0.01225	0.00950	0.00686	0.00290	0.00805	0.00612	0.00697	0.01186
16	0.01422	0.00986	0.01399	0.01399	0.01577	0.01124	0.01084	0.01778	0.01600	0.02431	0.02626	0.03670	0.02368	0.05983	0.51728	0.01279	0.02145	0.00986	0.13564	0.00849
17	0.01139	0.00860	0.01053	0.01208	0.01340	0.00775	0.00829	0.01325	0.01907	0.02448	0.06477	0.49443	0.22211	0.02788	0.01177	0.00364	0.00527	0.02478	0.00875	0.00775
18	0.02323	0.01827	0.01999	0.01786	0.02284	0.02045	0.01390	0.04470	0.46197	0.08131	0.12781	0.04053	0.03790	0.01374	0.00983	0.00314	0.00703	0.01159	0.00987	0.01406
19	0.01171	0.00836	0.01119	0.01338	0.01403	0.00785	0.00914	0.01351	0.01827	0.02432	0.05185	0.62939	0.06189	0.02934	0.01210	0.00386	0.00566	0.05768	0.00875	0.00772
20	0.01189	0.00838	0.01082	0.01261	0.01306	0.00793	0.00820	0.01324	0.01726	0.02302	0.04791	0.55285	0.05725	0.14612	0.01860	0.00480	0.00614	0.02442	0.00820	0.00730
21	0.03070	0.04440	0.16447	0.02703	0.06875	0.45140	0.02274	0.03530	0.02482	0.02514	0.01532	0.01808	0.01228	0.00946	0.00866	0.00258	0.01593	0.00643	0.00464	0.01188
22	0.01891	0.04878	0.61973	0.02688	0.04081	0.02190	0.03484	0.02986	0.01991	0.02986	0.01692	0.01991	0.01195	0.00896	0.00896	0.00299	0.01394	0.00697	0.00398	0.01394
23	0.01347	0.01010	0.01516	0.01516	0.01684	0.01179	0.01179	0.01684	0.01516	0.02189	0.02526	0.03705	0.02357	0.07072	0.63122	0.01516	0.02526	0.01010	0.00505	0.00842
24	0.02334	0.02241	0.03828	0.05788	0.60977	0.02241	0.02894	0.02894	0.02147	0.03081	0.01774	0.02334	0.01494	0.00840	0.00934	0.00280	0.01120	0.00840	0.00467	0.01494
25	0.02522	0.02597	0.03645	0.05257	0.51801	0.11854	0.02725	0.03032	0.02230	0.02959	0.01724	0.02234	0.01450	0.00861	0.00920	0.00274	0.01212	0.00803	0.00470	0.01430
26	0.01149	0.00821	0.01094	0.01313	0.01368	0.00766	0.00875	0.01313	0.01805	0.02407	0.05198	0.66244	0.06237	0.02954	0.01204	0.00383	0.00547	0.02681	0.00875	0.00766
27	0.01701	0.01234	0.01488	0.01507	0.01721	0.01255	0.01083	0.14130	0.02401	0.03209	0.04532	0.51735	0.05186	0.02541	0.01145	0.00360	0.00658	0.02265	0.00891	0.00956
28	0.02290	0.03001	0.13985	0.06917	0.09842	0.12103	0.07625	0.02786	0.01918	0.02576	0.01506	0.02096	0.01274	0.01190	0.01777	0.00335	0.26366	0.00797	0.00434	0.01182
29	0.01975	0.01895	0.02891	0.03685	0.29655	0.02110	0.02148	0.02355	0.01934	0.02713	0.03375	0.03780	0.14818	0.01438	0.01632	0.00329	0.20433	0.01096	0.00543	0.01195
30	0.01189	0.00846	0.01110	0.01276	0.01347	0.00793	0.00854	0.01376	0.01882	0.02537	0.12015	0.54254	0.06362	0.07622	0.01462	0.00412	0.00562	0.02459	0.00873	0.00767
31	0.02025	0.09602	0.46621	0.03164	0.14322	0.02328	0.03221	0.02956	0.02013	0.02940	0.01675	0.02014	0.01250	0.00878	0.00879	0.00287	0.01312	0.00707	0.00411	0.01397
32	0.02596	0.07678	0.24546	0.03102	0.12058	0.23787	0.07204	0.03241	0.02270	0.02721	0.01618	0.01958	0.01266	0.00901	0.00887	0.00272	0.01456	0.00710	0.00446	0.01282

[dist]
# distance from previous block
# <min> <max>
0	3

[block]
# block no. 3 follows, 17 sequences, length 157
# corresponding to MSA columns:
# 285-392,394-442
name=unknown_D
#
# <colnr> <probs for GDERKNQSTAVLIFYWHMCP>
#	G	D	E	R	K	N	Q	S	T	A	V	L	I	F	Y	W	H	M	C	P
0	0.02925	0.03391	0.03160	0.07563	0.27189	0.34196	0.02314	0.03323	0.02407	0.02634	0.01602	0.02012	0.01333	0.00916	0.00890	0.00263	0.01433	0.00718	0.00474	0.01256
1	0.01479	0.01117	0.01537	0.01506	0.01734	0.01244	0.01185	0.05414	0.01825	0.02521	0.03492	0.04663	0.09417	0.05850	0.47885	0.01226	0.02083	0.04331	0.00600	0.00889
2	0.01181	0.00939	0.01059	0.01069	0.01324	0.00818	0.00787	0.01467	0.02248	0.02873	0.23181	0.16295	0.38754	0.02337	0.01126	0.00321	0.00478	0.02005	0.00921	0.00818
3	0.01474	0.01221	0.01655	0.02042	0.12091	0.01172	0.01243	0.01958	0.06114	0.02951	0.16924	0.24334	0.18967	0.02111	0.01098	0.00327	0.00625	0.01870	0.00842	0.00979
4	0.02319	0.02177	0.06548	0.12420	0.33741	0.02115	0.02421	0.10183	0.02388	0.03434	0.02009	0.02499	0.01591	0.00934	0.00895	0.00278	0.01046	0.00838	0.10810	0.01354
5	0.06392	0.18185	0.15563	0.10797	0.03619	0.17281	0.06280	0.06377	0.02269	0.02817	0.01576	0.01915	0.01244	0.00906	0.00827	0.00265	0.01318	0.00680	0.00472	0.01216
6	0.02017	0.15320	0.14837	0.01896	0.02482	0.09435	0.01833	0.02480	0.02085	0.02687	0.12141	0.03645	0.09588	0.01711	0.04969	0.00364	0.09841	0.01004	0.00580	0.01086
7	0.02521	0.67426	0.04942	0.01614	0.02420	0.03731	0.01614	0.02824	0.01916	0.02219	0.01311	0.01513	0.01210	0.00807	0.00605	0.00202	0.01008	0.00504	0.00403	0.01210
8	0.01128	0.00956	0.00974	0.00969	0.01282	0.00802	0.00727	0.01379	0.02181	0.02621	0.12606	0.08954	0.57495	0.02361	0.01114	0.00317	0.00476	0.01973	0.00885	0.00802
9	0.01790	0.01057	0.01279	0.01218	0.01546	0.00921	0.00913	0.02061	0.02241	0.14813	0.13346	0.21428	0.29354	0.02219	0.01102	0.00326	0.00557	0.01909	0.00955	0.00966
10	0.02054	0.04298	0.45655	0.02736	0.03844	0.06566	0.07152	0.02946	0.01982	0.02844	0.01630	0.02021	0.01219	0.00996	0.01207	0.00312	0.10073	0.00739	0.00412	0.01315
11	0.03452	0.02538	0.02722	0.02101	0.02811	0.02804	0.01719	0.54447	0.04250	0.05696	0.02306	0.02498	0.01713	0.05073	0.01175	0.00321	0.01030	0.00880	0.00921	0.01542
12	0.01367	0.00932	0.01119	0.01119	0.01151	0.00964	0.00685	0.01430	0.01398	0.01896	0.02888	0.05711	0.03229	0.55701	0.15685	0.01026	0.01215	0.01304	0.00559	0.00622
13	0.02650	0.02586	0.03548	0.04883	0.45914	0.10259	0.02612	0.10099	0.02511	0.03350	0.01796	0.02242	0.01472	0.00895	0.00924	0.00276	0.01185	0.00811	0.00531	0.01456
14	0.03668	0.02264	0.02475	0.01959	0.02658	0.05864	0.01594	0.26602	0.11008	0.27303	0.02998	0.02769	0.02038	0.01156	0.00942	0.00289	0.00946	0.00903	0.01006	0.01559
15	0.01371	0.00914	0.01029	0.01029	0.01029	0.00914	0.00571	0.01371	0.01371	0.01828	0.02971	0.06171	0.03428	0.66859	0.04800	0.00914	0.00914	0.01371	0.00571	0.00571
16	0.02463	0.62328	0.04630	0.01557	0.02319	0.03513	0.01540	0.02776	0.01921	0.02318	0.01446	0.01666	0.01303	0.00829	0.00609	0.00203	0.00965	0.00533	0.05896	0.01185
17	0.02087	0.02029	0.03466	0.11626	0.34699	0.02054	0.10395	0.02773	0.05593	0.02972	0.02966	0.03376	0.09590	0.01083	0.00987	0.00297	0.01094	0.01050	0.00548	0.01313
18	0.06945	0.04462	0.53272	0.02824	0.08282	0.02189	0.03266	0.02964	0.01976	0.03081	0.01672	0.01985	0.01205	0.00890	0.00877	0.00297	0.01326	0.00695	0.00416	0.01375
19	0.01371	0.00914	0.01029	0.01029	0.01029	0.00914	0.00571	0.01371	0.01371	0.01828	0.02971	0.06171	0.03428	0.66859	0.04800	0.00914	0.00914	0.01371	0.00571	0.00571
20	0.01965	0.03860	0.41709	0.02845	0.11451	0.02005	0.02917	0.02848	0.02005	0.03017	0.01700	0.02030	0.01277	0.00848	0.00860	0.00263	0.01213	0.00688	0.00441	0.16058
21	0.02286	0.02275	0.03724	0.16042	0.44004	0.05258	0.06979	0.02860	0.02132	0.02917	0.01751	0.02351	0.01432	0.00862	0.00945	0.00287	0.01210	0.00849	0.00460	0.01377
22	0.01647	0.01288	0.01556	0.01597	0.01883	0.01353	0.01268	0.02674	0.18803	0.03191	0.12496	0.17937	0.08268	0.02178	0.01149	0.00367	0.00697	0.19698	0.00920	0.01031
23	0.01187	0.00850	0.01128	0.01287	0.01376	0.00791	0.00878	0.01409	0.01983	0.02690	0.16568	0.54067	0.06784	0.02743	0.01185	0.00365	0.00526	0.02480	0.00909	0.00791
24	0.02674	0.03013	0.03280	0.03554	0.20287	0.24028	0.06115	0.03040	0.02145	0.02578	0.01523	0.02049	0.01320	0.01107	0.01513	0.00306	0.19027	0.00773	0.00459	0.01208
25	0.03545	0.08609	0.02789	0.02252	0.02814	0.46137	0.01748	0.07945	0.02755	0.10237	0.01801	0.01925	0.01389	0.00997	0.00852	0.00249	0.01483	0.00662	0.00603	0.01207
26	0.03278	0.04031	0.02910	0.03120	0.14858	0.50561	0.02043	0.03586	0.02564	0.02467	0.01523	0.01831	0.01272	0.00945	0.00867	0.00251	0.01581	0.00655	0.00482	0.01176
27	0.17792	0.03738	0.02419	0.06758	0.02954	0.46049	0.01716	0.03461	0.02395	0.02711	0.01444	0.01726	0.01178	0.00950	0.00802	0.00258	0.01468	0.00604	0.00501	0.01075
28	0.01133	0.00948	0.00987	0.00995	0.01290	0.00801	0.00739	0.01384	0.02168	0.02634	0.13190	0.12387	0.53336	0.02387	0.01120	0.00321	0.00479	0.02010	0.00888	0.00801
29	0.03545	0.03816	0.02730	0.02334	0.02919	0.41059	0.01811	0.23554	0.03317	0.03638	0.01753	0.01907	0.01357	0.01030	0.00884	0.00258	0.01458	0.00696	0.00653	0.01280
30	0.01179	0.00833	0.01085	0.01274	0.01322	0.00786	0.00834	0.01321	0.01746	0.02328	0.04894	0.58061	0.05854	0.11658	0.01693	0.00455	0.00597	0.02502	0.00834	0.00739
31	0.02159	0.28617	0.31400	0.02242	0.03208	0.02886	0.02556	0.02820	0.01883	0.02586	0.01479	0.01817	0.01207	0.00971	0.01102	0.00278	0.10475	0.00641	0.00402	0.01270
32	0.02334	0.02241	0.03828	0.05788	0.60977	0.02241	0.02894	0.02894	0.02147	0.03081	0.01774	0.02334	0.01494	0.00840	0.00934	0.00280	0.01120	0.00840	0.00467	0.01494
33	0.01215	0.01030	0.01057	0.01038	0.01365	0.00910	0.00782	0.01636	0.06146	0.02727	0.12561	0.08554	0.53135	0.02281	0.01104	0.00317	0.00494	0.01907	0.00892	0.00851
34	0.02173	0.02047	0.03455	0.05179	0.52858	0.02040	0.02619	0.02679	0.02101	0.02989	0.02240	0.11039	0.02140	0.01128	0.00970	0.00294	0.01042	0.01091	0.00522	0.01395
35	0.02382	0.02599	0.08202	0.05318	0.52590	0.06456	0.02865	0.02962	0.02172	0.03020	0.01746	0.02264	0.01451	0.00854	0.00925	0.00279	0.01181	0.00813	0.00463	0.01458
36	0.01891	0.04878	0.61973	0.02688	0.04081	0.02190	0.03484	0.02986	0.01991	0.02986	0.01692	0.01991	0.01195	0.00896	0.00896	0.00299	0.01394	0.00697	0.00398	0.01394
37	0.01115	0.00955	0.00955	0.00955	0.01274	0.00796	0.00716	0.01353	0.02149	0.02547	0.09553	0.09075	0.60594	0.02388	0.01115	0.00318	0.00478	0.01990	0.00876	0.00796
38	0.02592	0.19744	0.22920	0.02498	0.03414	0.21509	0.08941	0.03193	0.02212	0.02592	0.01552	0.01850	0.01233	0.00886	0.00837	0.00260	0.01418	0.00672	0.00436	0.01241
39	0.02186	0.17470	0.19427	0.02806	0.08816	0.06105	0.11773	0.02818	0.02067	0.02732	0.02065	0.03175	0.01846	0.01129	0.01034	0.00299	0.04443	0.08085	0.00489	0.01234
40	0.01147	0.00827	0.01087	0.01295	0.01363	0.00767	0.00867	0.01315	0.01823	0.02414	0.05417	0.63360	0.08978	0.02926	0.01199	0.00380	0.00544	0.02646	0.00875	0.00767
41	0.02242	0.02231	0.04053	0.12857	0.42729	0.02251	0.13935	0.02858	0.02130	0.02984	0.01789	0.02399	0.01451	0.00844	0.00971	0.00292	0.01233	0.00895	0.00463	0.01392
42	0.02150	0.02199	0.02307	0.02072	0.02226	0.14894	0.01645	0.02397	0.01747	0.02311	0.01783	0.02671	0.01678	0.06220	0.16298	0.00645	0.30130	0.00854	0.04806	0.00967
43	0.01222	0.00932	0.01066	0.01076	0.01278	0.00837	0.00757	0.01462	0.02099	0.02720	0.21004	0.15702	0.29660	0.13877	0.01785	0.00428	0.00557	0.01898	0.00863	0.00776
44	0.02636	0.49935	0.04266	0.01746	0.02492	0.07083	0.01623	0.07225	0.09959	0.02733	0.01734	0.01853	0.01467	0.00905	0.00693	0.00226	0.01017	0.00612	0.00524	0.01270
45	0.02212	0.02116	0.03608	0.18740	0.48976	0.02209	0.02833	0.02787	0.02090	0.02933	0.01752	0.02374	0.01442	0.00863	0.00936	0.00288	0.01150	0.00840	0.00456	0.01395
46	0.02334	0.02241	0.03828	0.05788	0.60977	0.02241	0.02894	0.02894	0.02147	0.03081	0.01774	0.02334	0.01494	0.00840	0.00934	0.00280	0.01120	0.00840	0.00467	0.01494
47	0.02334	0.02241	0.03828	0.05788	0.60977	0.02241	0.02894	0.02894	0.02147	0.03081	0.01774	0.02334	0.01494	0.00840	0.00934	0.00280	0.01120	0.00840	0.00467	0.01494
48	0.01205	0.00881	0.01155	0.01319	0.01429	0.00800	0.00892	0.01387	0.01816	0.02454	0.04951	0.61738	0.05898	0.02796	0.01168	0.00366	0.00558	0.02532	0.00853	0.05802
49	0.01221	0.00872	0.01176	0.01395	0.01481	0.00828	0.01000	0.01437	0.01876	0.02487	0.05158	0.55500	0.06081	0.02887	0.01223	0.00393	0.00609	0.12718	0.00874	0.00786
50	0.01149	0.00821	0.01094	0.01313	0.01368	0.00766	0.00875	0.01313	0.01805	0.02407	0.05198	0.66244	0.06237	0.02954	0.01204	0.00383	0.00547	0.02681	0.00875	0.00766
51	0.01781	0.01676	0.02828	0.64592	0.06495	0.02095	0.02619	0.02409	0.01886	0.02409	0.01676	0.02514	0.01257	0.00943	0.00943	0.00314	0.01257	0.00838	0.00419	0.01048
52	0.01149	0.00821	0.01094	0.01313	0.01368	0.00766	0.00875	0.01313	0.01805	0.02407	0.05198	0.66244	0.06237	0.02954	0.01204	0.00383	0.00547	0.02681	0.00875	0.00766
53	0.21974	0.03465	0.31524	0.02592	0.03654	0.02216	0.15765	0.02935	0.01939	0.03342	0.01638	0.01995	0.01203	0.00866	0.00861	0.00301	0.01255	0.00745	0.00469	0.01260
54	0.01308	0.00963	0.01224	0.01159	0.01393	0.00879	0.00869	0.01728	0.02607	0.03633	0.54360	0.07288	0.15109	0.01983	0.01112	0.00299	0.00449	0.01740	0.01019	0.00879
55	0.02521	0.67426	0.04942	0.01614	0.02420	0.03731	0.01614	0.02824	0.01916	0.02219	0.01311	0.01513	0.01210	0.00807	0.00605	0.00202	0.01008	0.00504	0.00403	0.01210
56	0.01352	0.00991	0.01415	0.01415	0.01549	0.01124	0.01054	0.01620	0.01486	0.02115	0.02617	0.04212	0.02578	0.19370	0.51126	0.01392	0.02194	0.01085	0.00519	0.00786
57	0.01955	0.01676	0.01955	0.01397	0.02235	0.01257	0.01117	0.02374	0.01955	0.03073	0.01676	0.01955	0.01397	0.00698	0.00698	0.00140	0.00698	0.00559	0.00559	0.72624
58	0.01400	0.01189	0.01402	0.01518	0.01592	0.04768	0.01073	0.01574	0.01815	0.02385	0.04502	0.54741	0.05341	0.02680	0.01407	0.00378	0.08282	0.02336	0.00797	0.00817
59	0.01520	0.01085	0.01520	0.01737	0.01954	0.01085	0.01520	0.01954	0.02171	0.02822	0.04993	0.10637	0.05427	0.02605	0.01303	0.00434	0.00868	0.54629	0.00868	0.00868
60	0.03394	0.14230	0.03208	0.02070	0.02834	0.03069	0.01760	0.47992	0.03983	0.05277	0.02094	0.02130	0.01533	0.01074	0.00883	0.00268	0.01032	0.00787	0.00847	0.01533
61	0.03534	0.04150	0.02702	0.02381	0.02917	0.51882	0.01817	0.13825	0.03000	0.02984	0.01608	0.01805	0.01287	0.01002	0.00868	0.00250	0.01577	0.00652	0.00571	0.01188
62	0.02009	0.01900	0.01939	0.01812	0.02121	0.13106	0.05146	0.09603	0.02376	0.02920	0.04069	0.37853	0.07020	0.02147	0.01090	0.00335	0.00904	0.01890	0.00782	0.00980
63	0.01147	0.00830	0.01084	0.01288	0.01361	0.00768	0.00864	0.01316	0.01830	0.02417	0.05503	0.62237	0.10047	0.02915	0.01197	0.00378	0.00542	0.02632	0.00875	0.00768
64	0.01650	0.01259	0.01452	0.01395	0.01687	0.01264	0.01038	0.10047	0.07895	0.03383	0.16923	0.26750	0.17189	0.02199	0.01105	0.00331	0.00602	0.01914	0.00927	0.00989
65	0.02174	0.17723	0.11955	0.02674	0.12310	0.06871	0.05421	0.02797	0.05500	0.02715	0.02861	0.03464	0.08701	0.01238	0.01070	0.00292	0.05994	0.04485	0.00545	0.01210
66	0.01781	0.01676	0.02828	0.64592	0.06495	0.02095	0.02619	0.02409	0.01886	0.02409	0.01676	0.02514	0.01257	0.00943	0.00943	0.00314	0.01257	0.00838	0.00419	0.01048
67	0.01137	0.00934	0.00979	0.01009	0.01269	0.00800	0.00728	0.01349	0.02048	0.02478	0.08501	0.16624	0.49217	0.06984	0.01385	0.00369	0.00518	0.02040	0.00854	0.00776
68	0.02314	0.02228	0.03759	0.05544	0.56673	0.02288	0.02833	0.02848	0.02096	0.03021	0.01734	0.02314	0.01475	0.00900	0.01093	0.00290	0.05829	0.00839	0.00463	0.01460
69	0.02052	0.03755	0.34829	0.03307	0.04489	0.02284	0.29502	0.03003	0.02104	0.03003	0.01796	0.02257	0.01308	0.00847	0.01000	0.00308	0.01488	0.00897	0.00436	0.01335
70	0.01171	0.00837	0.01120	0.01339	0.01403	0.00785	0.00914	0.01352	0.01828	0.02432	0.05185	0.62871	0.06188	0.02933	0.01210	0.00386	0.00567	0.05832	0.00875	0.00772
71	0.01235	0.00948	0.01054	0.01034	0.01250	0.00849	0.00727	0.01471	0.02100	0.02701	0.21474	0.07835	0.33081	0.17829	0.02003	0.00456	0.00574	0.01765	0.00845	0.00767
72	0.02542	0.02745	0.03923	0.12013	0.14458	0.14689	0.21362	0.07219	0.02378	0.02982	0.01748	0.02281	0.01376	0.00937	0.01112	0.00299	0.05295	0.00887	0.00501	0.01256
73	0.01348	0.00930	0.01151	0.01168	0.01213	0.00967	0.00741	0.01442	0.01439	0.01960	0.03034	0.10178	0.03385	0.47531	0.18603	0.01019	0.01275	0.01385	0.00579	0.00652
74	0.01347	0.01010	0.01516	0.01516	0.01684	0.01179	0.01179	0.01684	0.01516	0.02189	0.02526	0.03705	0.02357	0.07072	0.63122	0.01516	0.02526	0.01010	0.00505	0.00842
75	0.01347	0.01010	0.01516	0.01516	0.01684	0.01179	0.01179	0.01684	0.01516	0.02189	0.02526	0.03705	0.02357	0.07072	0.63122	0.01516	0.02526	0.01010	0.00505	0.00842
76	0.01203	0.00859	0.01156	0.01375	0.01453	0.00812	0.00969	0.01406	0.01859	0.02468	0.05168	0.58161	0.06119	0.02904	0.01218	0.00390	0.00594	0.10231	0.00874	0.00781
77	0.73520	0.01824	0.01386	0.01240	0.01824	0.02115	0.01021	0.02772	0.01605	0.04231	0.01313	0.01532	0.01021	0.00875	0.00584	0.00292	0.00729	0.00511	0.00584	0.01021
78	0.02521	0.67426	0.04942	0.01614	0.02420	0.03731	0.01614	0.02824	0.01916	0.02219	0.01311	0.01513	0.01210	0.00807	0.00605	0.00202	0.01008	0.00504	0.00403	0.01210
79	0.01154	0.00957	0.01010	0.00997	0.01298	0.00813	0.00748	0.01430	0.02243	0.02770	0.18731	0.08709	0.51277	0.02305	0.01114	0.00314	0.00472	0.01939	0.00905	0.00813
80	0.02479	0.02550	0.03572	0.04072	0.28915	0.10577	0.12187	0.03546	0.16023	0.03173	0.02253	0.02571	0.01779	0.00956	0.00961	0.00291	0.01193	0.00912	0.00590	0.01399
