[name]
unknown

[dist]
# distance from previous block
# <min> <max>
0	0

[block]
# block no. 0 follows, 22 sequences, length 41
# corresponding to MSA columns:
# 0-40
name=unknown_A
#
# <colnr> <probs for GDERKNQSTAVLIFYWHMCP>
#	G	D	E	R	K	N	Q	S	T	A	V	L	I	F	Y	W	H	M	C	P
0	0.01339	0.00956	0.01339	0.01530	0.01721	0.00956	0.01339	0.01721	0.01912	0.02486	0.04399	0.09371	0.04781	0.02295	0.01147	0.00382	0.00765	0.60031	0.00765	0.00765
1	0.03146	0.02684	0.02463	0.01961	0.02574	0.16770	0.01585	0.49831	0.03567	0.04535	0.01839	0.01886	0.01338	0.00966	0.00813	0.00242	0.01042	0.00701	0.00743	0.01314
2	0.09403	0.03352	0.24178	0.02051	0.02833	0.18963	0.02032	0.21449	0.02544	0.03385	0.01563	0.01726	0.01155	0.00869	0.00767	0.00246	0.01146	0.00620	0.00534	0.01187
3	0.01821	0.07465	0.59411	0.02266	0.03431	0.01953	0.02873	0.02711	0.01789	0.06521	0.01584	0.01799	0.01115	0.00800	0.00779	0.00258	0.01179	0.00619	0.00393	0.01231
4	0.00982	0.00842	0.00842	0.00842	0.01122	0.00701	0.00631	0.01192	0.01894	0.02244	0.08416	0.07995	0.65285	0.02104	0.00982	0.00281	0.00421	0.01753	0.00771	0.00701
5	0.01165	0.00868	0.01123	0.01165	0.01349	0.00775	0.00838	0.01410	0.01795	0.02488	0.17398	0.43101	0.05379	0.02114	0.00987	0.00294	0.00498	0.05477	0.00764	0.11010
6	0.03103	0.03959	0.02354	0.02140	0.02568	0.67469	0.01605	0.03317	0.02354	0.02033	0.01284	0.01498	0.01070	0.00856	0.00749	0.00214	0.01498	0.00535	0.00428	0.00963
7	0.03447	0.01863	0.02206	0.01691	0.02345	0.01887	0.01397	0.32958	0.03129	0.36227	0.02647	0.02418	0.01740	0.01013	0.00833	0.00253	0.00809	0.00792	0.00931	0.01413
8	0.02066	0.01785	0.01878	0.01691	0.02160	0.02066	0.01315	0.04414	0.64121	0.03475	0.03381	0.03099	0.02536	0.01127	0.00845	0.00282	0.00657	0.00939	0.00845	0.01315
9	0.00982	0.00842	0.00842	0.00842	0.01122	0.00701	0.00631	0.01192	0.01894	0.02244	0.08416	0.07995	0.65285	0.02104	0.00982	0.00281	0.00421	0.01753	0.00771	0.00701
10	0.02221	0.71304	0.04353	0.01421	0.02132	0.03287	0.01421	0.02488	0.01688	0.01955	0.01155	0.01333	0.01066	0.00711	0.00533	0.00178	0.00888	0.00444	0.00355	0.01066
11	0.76672	0.01607	0.01221	0.01092	0.01607	0.01864	0.00900	0.02442	0.01414	0.03727	0.01157	0.01350	0.00900	0.00771	0.00514	0.00257	0.00643	0.00450	0.00514	0.00900
12	0.01147	0.00848	0.01070	0.01014	0.01223	0.00771	0.00761	0.01511	0.02282	0.03167	0.56614	0.06476	0.16511	0.01760	0.00980	0.00264	0.00396	0.01540	0.00893	0.00771
13	0.01255	0.00980	0.01223	0.01182	0.01466	0.00822	0.00844	0.01476	0.01636	0.02321	0.03520	0.46879	0.04040	0.01925	0.00908	0.00264	0.00527	0.01724	0.00676	0.26334
14	0.03103	0.03959	0.02354	0.02140	0.02568	0.67469	0.01605	0.03317	0.02354	0.02033	0.01284	0.01498	0.01070	0.00856	0.00749	0.00214	0.01498	0.00535	0.00428	0.00963
15	0.02391	0.11292	0.02263	0.01637	0.02176	0.02145	0.01332	0.07705	0.43056	0.12308	0.02976	0.02750	0.02197	0.01048	0.00800	0.00262	0.00712	0.00845	0.00803	0.01301
16	0.01779	0.01691	0.02872	0.41311	0.31575	0.01901	0.02412	0.02307	0.01761	0.02378	0.01514	0.02146	0.01197	0.00792	0.00827	0.00264	0.01055	0.00739	0.00387	0.01092
17	0.01010	0.00730	0.00957	0.01138	0.01200	0.00676	0.00763	0.01159	0.01608	0.02128	0.04805	0.66595	0.09016	0.02573	0.01056	0.00334	0.00478	0.02326	0.00771	0.00676
18	0.01818	0.01818	0.02545	0.02181	0.02181	0.02545	0.01818	0.01999	0.01272	0.01999	0.01091	0.01818	0.01091	0.01454	0.02726	0.00364	0.69284	0.00727	0.00364	0.00909
19	0.00982	0.00842	0.00842	0.00842	0.01122	0.00701	0.00631	0.01192	0.01894	0.02244	0.08416	0.07995	0.65285	0.02104	0.00982	0.00281	0.00421	0.01753	0.00771	0.00701
20	0.01961	0.02241	0.04902	0.03501	0.04342	0.02101	0.62605	0.02661	0.01961	0.02661	0.01681	0.02241	0.01261	0.00700	0.00980	0.00280	0.01401	0.00980	0.00420	0.01120
21	0.03103	0.03959	0.02354	0.02140	0.02568	0.67469	0.01605	0.03317	0.02354	0.02033	0.01284	0.01498	0.01070	0.00856	0.00749	0.00214	0.01498	0.00535	0.00428	0.00963
22	0.00982	0.00842	0.00842	0.00842	0.01122	0.00701	0.00631	0.01192	0.01894	0.02244	0.08416	0.07995	0.65285	0.02104	0.00982	0.00281	0.00421	0.01753	0.00771	0.00701
23	0.01723	0.01477	0.01723	0.01230	0.01969	0.01107	0.00984	0.02092	0.01723	0.02707	0.01477	0.01723	0.01230	0.00615	0.00615	0.00123	0.00615	0.00492	0.00492	0.75883
24	0.01723	0.01477	0.01723	0.01230	0.01969	0.01107	0.00984	0.02092	0.01723	0.02707	0.01477	0.01723	0.01230	0.00615	0.00615	0.00123	0.00615	0.00492	0.00492	0.75883
25	0.01818	0.01818	0.02545	0.02181	0.02181	0.02545	0.01818	0.01999	0.01272	0.01999	0.01091	0.01818	0.01091	0.01454	0.02726	0.00364	0.69284	0.00727	0.00364	0.00909
26	0.01012	0.00808	0.00907	0.00955	0.01159	0.00703	0.00689	0.01224	0.01858	0.02331	0.13710	0.25687	0.41629	0.02202	0.01004	0.00295	0.00435	0.01900	0.00787	0.00703
27	0.02066	0.01785	0.01878	0.01691	0.02160	0.02066	0.01315	0.04414	0.64121	0.03475	0.03381	0.03099	0.02536	0.01127	0.00845	0.00282	0.00657	0.00939	0.00845	0.01315
28	0.02032	0.48443	0.25556	0.01744	0.02631	0.02824	0.01984	0.02536	0.01710	0.02185	0.01270	0.01476	0.01061	0.00738	0.00620	0.00207	0.01004	0.00502	0.00354	0.01121
29	0.02563	0.01478	0.01786	0.01445	0.01921	0.01471	0.01163	0.21291	0.02841	0.22995	0.26841	0.03877	0.04095	0.01278	0.00890	0.00256	0.00649	0.01066	0.00923	0.01170
30	0.01818	0.01818	0.02545	0.02181	0.02181	0.02545	0.01818	0.01999	0.01272	0.01999	0.01091	0.01818	0.01091	0.01454	0.02726	0.00364	0.69284	0.00727	0.00364	0.00909
31	0.01012	0.00723	0.00964	0.01157	0.01205	0.00675	0.00771	0.01157	0.01591	0.02121	0.04579	0.70262	0.05495	0.02603	0.01060	0.00337	0.00482	0.02362	0.00771	0.00675
32	0.01569	0.01477	0.02492	0.68808	0.05722	0.01846	0.02307	0.02123	0.01661	0.02123	0.01477	0.02215	0.01107	0.00831	0.00831	0.00277	0.01107	0.00738	0.00369	0.00923
33	0.03084	0.02767	0.02420	0.01965	0.02552	0.21198	0.01572	0.42600	0.06699	0.04221	0.01865	0.01911	0.01375	0.00964	0.00808	0.00241	0.01068	0.00697	0.00716	0.01278
34	0.01292	0.00809	0.01079	0.01166	0.01296	0.00745	0.00815	0.01497	0.01800	0.08243	0.15345	0.52542	0.05599	0.02295	0.01025	0.00316	0.00487	0.02067	0.00821	0.00762
35	0.01079	0.00751	0.00944	0.01071	0.01103	0.00719	0.00680	0.01174	0.01460	0.01947	0.03910	0.48146	0.04650	0.25871	0.02141	0.00497	0.00592	0.01968	0.00680	0.00616
36	0.76672	0.01607	0.01221	0.01092	0.01607	0.01864	0.00900	0.02442	0.01414	0.03727	0.01157	0.01350	0.00900	0.00771	0.00514	0.00257	0.00643	0.00450	0.00514	0.00900
37	0.03106	0.03873	0.02362	0.02128	0.02569	0.64028	0.01604	0.06475	0.02436	0.02203	0.01322	0.01524	0.01088	0.00864	0.00753	0.00216	0.01467	0.00546	0.00449	0.00987
38	0.02589	0.01162	0.01563	0.01285	0.01728	0.01026	0.01026	0.02942	0.02366	0.38163	0.30884	0.04334	0.04635	0.01327	0.00900	0.00259	0.00566	0.01133	0.00978	0.01133
39	0.76672	0.01607	0.01221	0.01092	0.01607	0.01864	0.00900	0.02442	0.01414	0.03727	0.01157	0.01350	0.00900	0.00771	0.00514	0.00257	0.00643	0.00450	0.00514	0.00900
40	0.01460	0.01324	0.02322	0.01908	0.02198	0.01415	0.17726	0.01791	0.01472	0.02065	0.02059	0.03328	0.01971	0.18412	0.29624	0.00843	0.07864	0.00969	0.00444	0.00808

[dist]
# distance from previous block
# <min> <max>
0	1

[block]
# block no. 1 follows, 22 sequences, length 15
# corresponding to MSA columns:
# 42-56
name=unknown_B
#
# <colnr> <probs for GDERKNQSTAVLIFYWHMCP>
#	G	D	E	R	K	N	Q	S	T	A	V	L	I	F	Y	W	H	M	C	P
0	0.00982	0.00842	0.00842	0.00842	0.01122	0.00701	0.00631	0.01192	0.01894	0.02244	0.08416	0.07995	0.65285	0.02104	0.00982	0.00281	0.00421	0.01753	0.00771	0.00701
1	0.02059	0.01914	0.02903	0.04029	0.45689	0.02003	0.02162	0.03135	0.21438	0.02953	0.02134	0.02384	0.01699	0.00862	0.00830	0.00258	0.00883	0.00803	0.00548	0.01316
2	0.02221	0.71304	0.04353	0.01421	0.02132	0.03287	0.01421	0.02488	0.01688	0.01955	0.01155	0.01333	0.01066	0.00711	0.00533	0.00178	0.00888	0.00444	0.00355	0.01066
3	0.01051	0.00844	0.00938	0.00915	0.01165	0.00731	0.00686	0.01327	0.02058	0.02634	0.28776	0.07353	0.44682	0.01958	0.00981	0.00274	0.00410	0.01663	0.00823	0.00731
4	0.01549	0.00774	0.00774	0.00774	0.00968	0.00774	0.00581	0.01936	0.01742	0.03097	0.02710	0.03097	0.02129	0.00968	0.00581	0.00194	0.00387	0.00774	0.75416	0.00774
5	0.01187	0.00890	0.01335	0.01335	0.01483	0.01038	0.01038	0.01483	0.01335	0.01928	0.02225	0.03264	0.02077	0.06231	0.67512	0.01335	0.02225	0.00890	0.00445	0.00742
6	0.01208	0.00805	0.00906	0.00906	0.00906	0.00805	0.00503	0.01208	0.01208	0.01611	0.02618	0.05436	0.03020	0.70804	0.04228	0.00805	0.00805	0.01208	0.00503	0.00503
7	0.03103	0.03959	0.02354	0.02140	0.02568	0.67469	0.01605	0.03317	0.02354	0.02033	0.01284	0.01498	0.01070	0.00856	0.00749	0.00214	0.01498	0.00535	0.00428	0.00963
8	0.02056	0.01974	0.03372	0.05099	0.65622	0.01974	0.02550	0.02550	0.01892	0.02714	0.01563	0.02056	0.01316	0.00740	0.00822	0.00247	0.00987	0.00740	0.00411	0.01316
9	0.03122	0.03389	0.02403	0.02060	0.02571	0.44792	0.01596	0.24122	0.02896	0.03152	0.01532	0.01672	0.01190	0.00905	0.00778	0.00226	0.01294	0.00609	0.00569	0.01120
10	0.01950	0.01865	0.03180	0.18990	0.52562	0.01946	0.02497	0.02456	0.01841	0.02585	0.01544	0.02091	0.01270	0.00760	0.00824	0.00253	0.01013	0.00740	0.00402	0.01230
11	0.02056	0.01974	0.03372	0.05099	0.65622	0.01974	0.02550	0.02550	0.01892	0.02714	0.01563	0.02056	0.01316	0.00740	0.00822	0.00247	0.00987	0.00740	0.00411	0.01316
12	0.01961	0.02241	0.04902	0.03501	0.04342	0.02101	0.62605	0.02661	0.01961	0.02661	0.01681	0.02241	0.01261	0.00700	0.00980	0.00280	0.01401	0.00980	0.00420	0.01120
13	0.01912	0.01422	0.01642	0.01514	0.01895	0.01481	0.01268	0.23528	0.02623	0.03419	0.04427	0.06420	0.16992	0.01787	0.00997	0.00312	0.00742	0.25844	0.00790	0.00983
14	0.03103	0.03959	0.02354	0.02140	0.02568	0.67469	0.01605	0.03317	0.02354	0.02033	0.01284	0.01498	0.01070	0.00856	0.00749	0.00214	0.01498	0.00535	0.00428	0.00963

[dist]
# distance from previous block
# <min> <max>
3	5

[block]
# block no. 2 follows, 22 sequences, length 53
# corresponding to MSA columns:
# 62-114
name=unknown_C
#
# <colnr> <probs for GDERKNQSTAVLIFYWHMCP>
#	G	D	E	R	K	N	Q	S	T	A	V	L	I	F	Y	W	H	M	C	P
0	0.03103	0.03959	0.02354	0.02140	0.02568	0.67469	0.01605	0.03317	0.02354	0.02033	0.01284	0.01498	0.01070	0.00856	0.00749	0.00214	0.01498	0.00535	0.00428	0.00963
1	0.01977	0.01894	0.03230	0.15377	0.55959	0.01953	0.02510	0.02481	0.01854	0.02619	0.01549	0.02082	0.01282	0.00755	0.00824	0.00252	0.01006	0.00740	0.00404	0.01252
2	0.02011	0.01927	0.03290	0.11040	0.60036	0.01962	0.02527	0.02510	0.01870	0.02659	0.01555	0.02071	0.01296	0.00749	0.00823	0.00250	0.00998	0.00740	0.00407	0.01279
3	0.01021	0.00843	0.00895	0.00882	0.01146	0.00718	0.00662	0.01267	0.01985	0.02462	0.19783	0.07637	0.53782	0.02023	0.00981	0.00277	0.00415	0.01703	0.00800	0.00718
4	0.01187	0.00890	0.01335	0.01335	0.01483	0.01038	0.01038	0.01483	0.01335	0.01928	0.02225	0.03264	0.02077	0.06231	0.67512	0.01335	0.02225	0.00890	0.00445	0.00742
5	0.03103	0.03959	0.02354	0.02140	0.02568	0.67469	0.01605	0.03317	0.02354	0.02033	0.01284	0.01498	0.01070	0.00856	0.00749	0.00214	0.01498	0.00535	0.00428	0.00963
6	0.02066	0.01785	0.01878	0.01691	0.02160	0.02066	0.01315	0.04414	0.64121	0.03475	0.03381	0.03099	0.02536	0.01127	0.00845	0.00282	0.00657	0.00939	0.00845	0.01315
7	0.03727	0.01414	0.01928	0.01478	0.02121	0.01221	0.01221	0.04049	0.02378	0.66198	0.03277	0.02828	0.02056	0.01028	0.00835	0.00257	0.00707	0.00835	0.01028	0.01414
8	0.01012	0.00723	0.00964	0.01157	0.01205	0.00675	0.00771	0.01157	0.01591	0.02121	0.04579	0.70262	0.05495	0.02603	0.01060	0.00337	0.00482	0.02362	0.00771	0.00675
9	0.01022	0.00843	0.00898	0.00884	0.01147	0.00719	0.00663	0.01271	0.01990	0.02472	0.20318	0.07620	0.53241	0.02019	0.00981	0.00276	0.00415	0.01701	0.00801	0.00719
10	0.02066	0.01785	0.01878	0.01691	0.02160	0.02066	0.01315	0.04414	0.64121	0.03475	0.03381	0.03099	0.02536	0.01127	0.00845	0.00282	0.00657	0.00939	0.00845	0.01315
11	0.01208	0.00805	0.00906	0.00906	0.00906	0.00805	0.00503	0.01208	0.01208	0.01611	0.02618	0.05436	0.03020	0.70804	0.04228	0.00805	0.00805	0.01208	0.00503	0.00503
12	0.07046	0.03729	0.02302	0.02069	0.02517	0.59793	0.01566	0.07091	0.02403	0.02329	0.01323	0.01522	0.01083	0.00861	0.00742	0.00219	0.01415	0.00544	0.00459	0.00989
13	0.02132	0.01817	0.01915	0.01704	0.02185	0.02097	0.01331	0.07915	0.60515	0.03581	0.03298	0.03033	0.02469	0.01119	0.00844	0.00280	0.00673	0.00928	0.00844	0.01321
14	0.01818	0.01818	0.02545	0.02181	0.02181	0.02545	0.01818	0.01999	0.01272	0.01999	0.01091	0.01818	0.01091	0.01454	0.02726	0.00364	0.69284	0.00727	0.00364	0.00909
15	0.01699	0.08311	0.62778	0.02311	0.03508	0.02011	0.02971	0.02622	0.01750	0.02590	0.01471	0.01729	0.01053	0.00785	0.00774	0.00258	0.01207	0.00604	0.00351	0.01218
16	0.01666	0.04297	0.66500	0.02368	0.03596	0.01929	0.03069	0.02631	0.01754	0.02631	0.01491	0.01754	0.01052	0.00789	0.00789	0.00263	0.01228	0.00614	0.00351	0.01228
17	0.03727	0.01414	0.01928	0.01478	0.02121	0.01221	0.01221	0.04049	0.02378	0.66198	0.03277	0.02828	0.02056	0.01028	0.00835	0.00257	0.00707	0.00835	0.01028	0.01414
18	0.01012	0.00723	0.00964	0.01157	0.01205	0.00675	0.00771	0.01157	0.01591	0.02121	0.04579	0.70262	0.05495	0.02603	0.01060	0.00337	0.00482	0.02362	0.00771	0.00675
19	0.03121	0.03442	0.02398	0.02068	0.02571	0.46918	0.01597	0.22172	0.02846	0.03047	0.01509	0.01655	0.01179	0.00901	0.00775	0.00225	0.01313	0.00602	0.00556	0.01106
20	0.01176	0.00849	0.01110	0.01045	0.01241	0.00784	0.00784	0.01568	0.02352	0.03331	0.65184	0.06206	0.07839	0.01698	0.00980	0.00261	0.00392	0.01502	0.00914	0.00784
21	0.01012	0.00723	0.00964	0.01157	0.01205	0.00675	0.00771	0.01157	0.01591	0.02121	0.04579	0.70262	0.05495	0.02603	0.01060	0.00337	0.00482	0.02362	0.00771	0.00675
22	0.01949	0.01865	0.03179	0.19085	0.52472	0.01946	0.02496	0.02456	0.01841	0.02584	0.01544	0.02091	0.01270	0.00760	0.00824	0.00253	0.01013	0.00740	0.00402	0.01230
23	0.03103	0.03959	0.02354	0.02140	0.02568	0.67469	0.01605	0.03317	0.02354	0.02033	0.01284	0.01498	0.01070	0.00856	0.00749	0.00214	0.01498	0.00535	0.00428	0.00963
24	0.00982	0.00842	0.00842	0.00842	0.01122	0.00701	0.00631	0.01192	0.01894	0.02244	0.08416	0.07995	0.65285	0.02104	0.00982	0.00281	0.00421	0.01753	0.00771	0.00701
25	0.02032	0.01949	0.03328	0.08278	0.62633	0.01967	0.02537	0.02528	0.01880	0.02685	0.01558	0.02064	0.01305	0.00745	0.00823	0.00248	0.00993	0.00740	0.00409	0.01296
26	0.03088	0.02983	0.02408	0.01997	0.02555	0.29593	0.01578	0.35495	0.05888	0.03824	0.01759	0.01836	0.01319	0.00944	0.00798	0.00236	0.01146	0.00668	0.00664	0.01221
27	0.01098	0.00784	0.01063	0.01255	0.01341	0.00749	0.00921	0.01305	0.01675	0.02217	0.04531	0.54238	0.05307	0.02522	0.01083	0.00349	0.00556	0.17538	0.00770	0.00699
28	0.01002	0.00842	0.00869	0.00862	0.01134	0.00710	0.00647	0.01231	0.01940	0.02355	0.14223	0.07812	0.59409	0.02062	0.00982	0.00279	0.00418	0.01728	0.00786	0.00710
29	0.02221	0.71304	0.04353	0.01421	0.02132	0.03287	0.01421	0.02488	0.01688	0.01955	0.01155	0.01333	0.01066	0.00711	0.00533	0.00178	0.00888	0.00444	0.00355	0.01066
30	0.02066	0.01785	0.01878	0.01691	0.02160	0.02066	0.01315	0.04414	0.64121	0.03475	0.03381	0.03099	0.02536	0.01127	0.00845	0.00282	0.00657	0.00939	0.00845	0.01315
31	0.03053	0.02459	0.02422	0.01917	0.02538	0.09736	0.01558	0.50934	0.09202	0.04720	0.02042	0.02040	0.01477	0.00993	0.00823	0.00248	0.00956	0.00742	0.00788	0.01354
32	0.27790	0.02280	0.01865	0.08087	0.02401	0.18993	0.01333	0.15265	0.02236	0.03388	0.01542	0.01771	0.01187	0.00865	0.00679	0.00240	0.00944	0.00593	0.07529	0.01014
33	0.01772	0.03562	0.44475	0.02773	0.03862	0.01991	0.24357	0.02642	0.01828	0.02642	0.01559	0.01928	0.01127	0.00757	0.00858	0.00269	0.01290	0.00745	0.00376	0.01189
34	0.01702	0.08597	0.62512	0.02307	0.03502	0.02016	0.02964	0.02622	0.01750	0.02587	0.01469	0.01727	0.01053	0.00784	0.00773	0.00258	0.01206	0.00603	0.00351	0.01217
35	0.01762	0.01674	0.02841	0.43549	0.29471	0.01897	0.02403	0.02292	0.01753	0.02357	0.01511	0.02152	0.01190	0.00795	0.00827	0.00265	0.01060	0.00739	0.00386	0.01079
36	0.03095	0.02644	0.02435	0.01949	0.02555	0.16158	0.01572	0.47631	0.06403	0.04482	0.01911	0.01942	0.01394	0.00974	0.00815	0.00243	0.01025	0.00712	0.00747	0.01314
37	0.00982	0.00842	0.00842	0.00842	0.01122	0.00701	0.00631	0.01192	0.01894	0.02244	0.08416	0.07995	0.65285	0.02104	0.00982	0.00281	0.00421	0.01753	0.00771	0.00701
38	0.01760	0.15635	0.55985	0.02208	0.03348	0.02159	0.02791	0.02607	0.01743	0.02516	0.01434	0.01683	0.01055	0.00776	0.00746	0.00249	0.01170	0.00585	0.00352	0.01200
39	0.03727	0.01414	0.01928	0.01478	0.02121	0.01221	0.01221	0.04049	0.02378	0.66198	0.03277	0.02828	0.02056	0.01028	0.00835	0.00257	0.00707	0.00835	0.01028	0.01414
40	0.02056	0.01974	0.03372	0.05099	0.65622	0.01974	0.02550	0.02550	0.01892	0.02714	0.01563	0.02056	0.01316	0.00740	0.00822	0.00247	0.00987	0.00740	0.00411	0.01316
41	0.01208	0.00805	0.00906	0.00906	0.00906	0.00805	0.00503	0.01208	0.01208	0.01611	0.02618	0.05436	0.03020	0.70804	0.04228	0.00805	0.00805	0.01208	0.00503	0.00503
42	0.03727	0.01414	0.01928	0.01478	0.02121	0.01221	0.01221	0.04049	0.02378	0.66198	0.03277	0.02828	0.02056	0.01028	0.00835	0.00257	0.00707	0.00835	0.01028	0.01414
43	0.01176	0.00849	0.01110	0.01045	0.01241	0.00784	0.00784	0.01568	0.02352	0.03331	0.65184	0.06206	0.07839	0.01698	0.00980	0.00261	0.00392	0.01502	0.00914	0.00784
44	0.01723	0.01477	0.01723	0.01230	0.01969	0.01107	0.00984	0.02092	0.01723	0.02707	0.01477	0.01723	0.01230	0.00615	0.00615	0.00123	0.00615	0.00492	0.00492	0.75883
45	0.03103	0.03959	0.02354	0.02140	0.02568	0.67469	0.01605	0.03317	0.02354	0.02033	0.01284	0.01498	0.01070	0.00856	0.00749	0.00214	0.01498	0.00535	0.00428	0.00963
46	0.01141	0.00823	0.01080	0.01069	0.01234	0.00761	0.00781	0.01481	0.02192	0.03077	0.52469	0.19644	0.07347	0.01888	0.00997	0.00277	0.00411	0.01683	0.00884	0.00761
47	0.03115	0.03617	0.02383	0.02092	0.02570	0.53864	0.01600	0.15800	0.02680	0.02705	0.01433	0.01602	0.01142	0.00886	0.00766	0.00221	0.01376	0.00580	0.00513	0.01057
48	0.02664	0.03136	0.02051	0.01844	0.02266	0.46730	0.01398	0.09055	0.02419	0.02410	0.02853	0.02912	0.14569	0.01132	0.00806	0.00232	0.01212	0.00813	0.00542	0.00955
49	0.03103	0.03959	0.02354	0.02140	0.02568	0.67469	0.01605	0.03317	0.02354	0.02033	0.01284	0.01498	0.01070	0.00856	0.00749	0.00214	0.01498	0.00535	0.00428	0.00963
50	0.02558	0.02095	0.01954	0.01689	0.02116	0.15479	0.01338	0.24058	0.02688	0.09236	0.05039	0.03833	0.02441	0.10275	0.01315	0.00338	0.00957	0.10812	0.00715	0.01065
51	0.21812	0.01798	0.01444	0.01334	0.01656	0.15187	0.00993	0.05258	0.04427	0.02829	0.11102	0.08617	0.05293	0.13286	0.01364	0.00352	0.00808	0.00985	0.00610	0.00845
52	0.09409	0.02581	0.02016	0.01752	0.02193	0.31716	0.01368	0.03120	0.02137	0.19514	0.02458	0.02479	0.07311	0.01066	0.00953	0.00249	0.07265	0.00740	0.00624	0.01050

[dist]
# distance from previous block
# <min> <max>
10	63

[block]
# block no. 3 follows, 22 sequences, length 9
# corresponding to MSA columns:
# 178-186
name=unknown_D
#
# <colnr> <probs for GDERKNQSTAVLIFYWHMCP>
#	G	D	E	R	K	N	Q	S	T	A	V	L	I	F	Y	W	H	M	C	P
0	0.02565	0.03064	0.01943	0.01790	0.02096	0.48540	0.01292	0.02718	0.02029	0.01913	0.01663	0.02616	0.01624	0.20718	0.01737	0.00382	0.01301	0.00726	0.00449	0.00833
1	0.01760	0.01245	0.01395	0.01229	0.01431	0.01329	0.00856	0.18736	0.01985	0.02668	0.02406	0.04267	0.02480	0.45273	0.08859	0.00694	0.00962	0.01049	0.00591	0.00783
2	0.01934	0.02154	0.04541	0.03244	0.04072	0.01988	0.55613	0.02596	0.01934	0.02666	0.01658	0.02182	0.01257	0.00691	0.00939	0.00262	0.01311	0.00925	0.00428	0.09603
3	0.32970	0.02565	0.02004	0.08303	0.08731	0.27913	0.01476	0.02770	0.01858	0.02803	0.01278	0.01560	0.01028	0.00807	0.00668	0.00241	0.01060	0.00540	0.00456	0.00968
4	0.11483	0.02724	0.02308	0.01886	0.02464	0.21549	0.01510	0.38518	0.03168	0.04124	0.01691	0.01776	0.01254	0.00930	0.00771	0.00240	0.01055	0.00652	0.00677	0.01223
5	0.01452	0.01083	0.01182	0.01129	0.01262	0.01163	0.00734	0.02119	0.19072	0.02140	0.02834	0.04773	0.02883	0.51019	0.03268	0.00657	0.00763	0.01132	0.00600	0.00734
6	0.03108	0.03815	0.02367	0.02120	0.02569	0.61717	0.01603	0.08594	0.02492	0.02317	0.01347	0.01542	0.01100	0.00869	0.00756	0.00217	0.01446	0.00554	0.00464	0.01003
7	0.02559	0.03088	0.02065	0.01912	0.02260	0.48606	0.01444	0.02797	0.02065	0.02003	0.01551	0.01999	0.01356	0.02382	0.19707	0.00532	0.01705	0.00636	0.00433	0.00900
8	0.25710	0.02967	0.14926	0.01833	0.02454	0.21993	0.01688	0.10297	0.02073	0.03082	0.01364	0.01584	0.01057	0.00868	0.00806	0.00250	0.04951	0.00562	0.00486	0.01050

[dist]
# distance from previous block
# <min> <max>
3	11

[block]
# block no. 4 follows, 22 sequences, length 12
# corresponding to MSA columns:
# 198-209
name=unknown_E
#
# <colnr> <probs for GDERKNQSTAVLIFYWHMCP>
#	G	D	E	R	K	N	Q	S	T	A	V	L	I	F	Y	W	H	M	C	P
0	0.37988	0.02714	0.01828	0.01625	0.02113	0.31205	0.01269	0.07636	0.02032	0.03091	0.01280	0.01467	0.01017	0.00827	0.00644	0.00237	0.01046	0.00512	0.00501	0.00969
1	0.36992	0.02876	0.01832	0.01658	0.02125	0.37249	0.01280	0.02914	0.01921	0.02814	0.01225	0.01430	0.00992	0.00817	0.00641	0.00234	0.01104	0.00496	0.00468	0.00934
2	0.01461	0.01165	0.01409	0.01572	0.01780	0.05584	0.01357	0.01832	0.01943	0.02455	0.04182	0.08823	0.04523	0.02195	0.01120	0.00371	0.00816	0.55891	0.00742	0.00779
3	0.03111	0.03738	0.02373	0.02109	0.02569	0.58685	0.01602	0.11377	0.02564	0.02467	0.01380	0.01565	0.01116	0.00875	0.00760	0.00219	0.01419	0.00564	0.00483	0.01024
4	0.03115	0.03614	0.02384	0.02092	0.02570	0.53750	0.01600	0.15904	0.02682	0.02710	0.01434	0.01603	0.01143	0.00886	0.00766	0.00221	0.01375	0.00580	0.00513	0.01058
5	0.01194	0.00863	0.01199	0.01199	0.01300	0.00964	0.00868	0.01396	0.01295	0.01827	0.02350	0.03954	0.02377	0.26761	0.47392	0.01167	0.01774	0.00991	0.00464	0.00666
6	0.03103	0.03959	0.02354	0.02140	0.02568	0.67469	0.01605	0.03317	0.02354	0.02033	0.01284	0.01498	0.01070	0.00856	0.00749	0.00214	0.01498	0.00535	0.00428	0.00963
7	0.01277	0.00944	0.01191	0.01148	0.01178	0.01062	0.00772	0.01360	0.01242	0.01723	0.02353	0.04553	0.02594	0.49121	0.17156	0.00862	0.09304	0.01085	0.00475	0.00601
8	0.01195	0.00858	0.01172	0.01172	0.01263	0.00950	0.00834	0.01379	0.01287	0.01807	0.02375	0.04092	0.02436	0.30842	0.43392	0.01133	0.01684	0.01011	0.00467	0.00651
9	0.03117	0.03538	0.02390	0.02081	0.02570	0.50731	0.01598	0.18673	0.02754	0.02859	0.01467	0.01626	0.01158	0.00892	0.00770	0.00223	0.01348	0.00590	0.00532	0.01079
10	0.03028	0.03381	0.02347	0.02047	0.02535	0.46270	0.01574	0.17720	0.08019	0.02926	0.01635	0.01755	0.01278	0.00913	0.00777	0.00228	0.01286	0.00621	0.00561	0.01101
11	0.06341	0.02787	0.02185	0.01859	0.02385	0.32309	0.01453	0.13412	0.07868	0.18241	0.02057	0.02032	0.01483	0.00941	0.00782	0.00238	0.01102	0.00674	0.00679	0.01174

[dist]
# distance from previous block
# <min> <max>
0	13

[block]
# block no. 5 follows, 22 sequences, length 10
# corresponding to MSA columns:
# 223-232
name=unknown_F
#
# <colnr> <probs for GDERKNQSTAVLIFYWHMCP>
#	G	D	E	R	K	N	Q	S	T	A	V	L	I	F	Y	W	H	M	C	P
0	0.02269	0.01536	0.01765	0.01507	0.01945	0.01624	0.01186	0.17587	0.19447	0.13193	0.17994	0.09846	0.03743	0.01357	0.00893	0.00270	0.00647	0.01146	0.00879	0.01166
1	0.01931	0.02145	0.04505	0.03218	0.04045	0.01977	0.54908	0.02590	0.01931	0.02667	0.01655	0.02176	0.01257	0.00690	0.00935	0.00260	0.01302	0.00919	0.00429	0.10459
2	0.24394	0.03278	0.02026	0.01837	0.02290	0.48483	0.01401	0.03064	0.02082	0.02523	0.01247	0.01455	0.01021	0.00831	0.00681	0.00226	0.01251	0.00510	0.00453	0.00945
3	0.03115	0.03611	0.02384	0.02091	0.02570	0.53606	0.01600	0.16036	0.02686	0.02717	0.01436	0.01604	0.01143	0.00886	0.00767	0.00222	0.01373	0.00581	0.00514	0.01059
4	0.01144	0.00778	0.00925	0.00988	0.01004	0.00763	0.00591	0.01191	0.01334	0.01778	0.03262	0.26722	0.03833	0.48410	0.03188	0.00652	0.00699	0.01587	0.00591	0.00560
5	0.02123	0.01106	0.01532	0.01513	0.01852	0.01043	0.01300	0.02485	0.02065	0.23406	0.04030	0.07222	0.03886	0.01879	0.01045	0.00341	0.00746	0.40594	0.00851	0.00978
6	0.02803	0.03330	0.02217	0.02010	0.02450	0.48542	0.01521	0.03635	0.20230	0.02450	0.01891	0.01962	0.01494	0.00935	0.00777	0.00234	0.01255	0.00652	0.00549	0.01065
7	0.01615	0.01523	0.02574	0.62822	0.11350	0.01858	0.02330	0.02163	0.01683	0.02178	0.01485	0.02200	0.01127	0.00822	0.00830	0.00274	0.01096	0.00738	0.00373	0.00960
8	0.02974	0.03688	0.02295	0.02084	0.02517	0.59300	0.01569	0.03454	0.10069	0.02213	0.01546	0.01698	0.01253	0.00890	0.00761	0.00222	0.01393	0.00586	0.00480	0.01007
9	0.01234	0.00895	0.01192	0.01243	0.01443	0.00854	0.01016	0.01610	0.02129	0.02890	0.34880	0.07706	0.10338	0.01986	0.01053	0.00315	0.00557	0.27050	0.00840	0.00770

[dist]
# distance from previous block
# <min> <max>
0	1

[block]
# block no. 6 follows, 22 sequences, length 10
# corresponding to MSA columns:
# 234-243
name=unknown_G
#
# <colnr> <probs for GDERKNQSTAVLIFYWHMCP>
#	G	D	E	R	K	N	Q	S	T	A	V	L	I	F	Y	W	H	M	C	P
0	0.01948	0.01863	0.03176	0.19276	0.52292	0.01945	0.02496	0.02455	0.01840	0.02582	0.01543	0.02091	0.01270	0.00760	0.00824	0.00253	0.01014	0.00740	0.00402	0.01228
1	0.24809	0.03265	0.02020	0.01831	0.02284	0.48113	0.01397	0.03059	0.02077	0.02533	0.01247	0.01454	0.01020	0.00831	0.00680	0.00227	0.01246	0.00510	0.00453	0.00944
2	0.02056	0.01974	0.03372	0.05099	0.65622	0.01974	0.02550	0.02550	0.01892	0.02714	0.01563	0.02056	0.01316	0.00740	0.00822	0.00247	0.00987	0.00740	0.00411	0.01316
3	0.03103	0.03959	0.02354	0.02140	0.02568	0.67469	0.01605	0.03317	0.02354	0.02033	0.01284	0.01498	0.01070	0.00856	0.00749	0.00214	0.01498	0.00535	0.00428	0.00963
4	0.01934	0.01397	0.01649	0.01396	0.01924	0.01288	0.01131	0.02751	0.16455	0.10958	0.03213	0.04067	0.07105	0.01209	0.00823	0.00237	0.00650	0.11705	0.00715	0.29396
5	0.03103	0.03959	0.02354	0.02140	0.02568	0.67469	0.01605	0.03317	0.02354	0.02033	0.01284	0.01498	0.01070	0.00856	0.00749	0.00214	0.01498	0.00535	0.00428	0.00963
6	0.03108	0.03816	0.02366	0.02120	0.02569	0.61761	0.01603	0.08554	0.02491	0.02315	0.01347	0.01542	0.01100	0.00868	0.00756	0.00217	0.01447	0.00554	0.00463	0.01003
7	0.23807	0.01656	0.01379	0.01331	0.01662	0.13404	0.01049	0.02118	0.01919	0.02903	0.15854	0.08056	0.09032	0.01456	0.00833	0.00278	0.00741	0.11025	0.00661	0.00835
8	0.01630	0.01495	0.01479	0.01565	0.01806	0.13182	0.01304	0.01972	0.02026	0.02452	0.08625	0.07601	0.07901	0.01974	0.01052	0.00336	0.00852	0.41233	0.00714	0.00799
9	0.02559	0.03066	0.02022	0.01915	0.02279	0.47828	0.01480	0.02812	0.02223	0.02151	0.02467	0.03731	0.06140	0.01268	0.00856	0.00257	0.01259	0.14260	0.00528	0.00900

[dist]
# distance from previous block
# <min> <max>
9	48

[block]
# block no. 7 follows, 22 sequences, length 11
# corresponding to MSA columns:
# 292-302
name=unknown_H
#
# <colnr> <probs for GDERKNQSTAVLIFYWHMCP>
#	G	D	E	R	K	N	Q	S	T	A	V	L	I	F	Y	W	H	M	C	P
0	0.05839	0.01170	0.01458	0.01366	0.01770	0.01049	0.01142	0.01952	0.01846	0.05358	0.05876	0.08640	0.03435	0.01586	0.00911	0.00277	0.00677	0.29328	0.00678	0.25642
1	0.01203	0.00841	0.01091	0.01220	0.01308	0.00827	0.00904	0.01393	0.01591	0.02096	0.03868	0.25413	0.04409	0.24756	0.02129	0.00508	0.00698	0.24410	0.00681	0.00654
2	0.02388	0.02645	0.01858	0.01765	0.02097	0.38806	0.01343	0.02631	0.02165	0.05266	0.06234	0.12883	0.05434	0.01415	0.00877	0.00263	0.01104	0.09334	0.00595	0.00895
3	0.02452	0.02980	0.03806	0.02916	0.03579	0.30224	0.36362	0.02943	0.02130	0.02391	0.01510	0.01921	0.01179	0.00767	0.00881	0.00252	0.01443	0.00789	0.00424	0.01053
4	0.02278	0.02336	0.03803	0.03659	0.23925	0.08590	0.28153	0.11378	0.02258	0.02988	0.01648	0.02072	0.01282	0.00772	0.00884	0.00258	0.01205	0.00824	0.00477	0.01211
5	0.02801	0.03386	0.02216	0.01964	0.02441	0.51425	0.01487	0.03249	0.08369	0.02273	0.01519	0.01689	0.01238	0.00848	0.00739	0.00208	0.01288	0.00569	0.00479	0.11812
6	0.03103	0.03959	0.02354	0.02140	0.02568	0.67469	0.01605	0.03317	0.02354	0.02033	0.01284	0.01498	0.01070	0.00856	0.00749	0.00214	0.01498	0.00535	0.00428	0.00963
7	0.01208	0.00805	0.00906	0.00906	0.00906	0.00805	0.00503	0.01208	0.01208	0.01611	0.02618	0.05436	0.03020	0.70804	0.04228	0.00805	0.00805	0.01208	0.00503	0.00503
8	0.01315	0.00939	0.01311	0.01502	0.01683	0.00935	0.01297	0.01679	0.01889	0.02459	0.04412	0.13872	0.04834	0.02318	0.01141	0.00379	0.00744	0.55767	0.00765	0.00758
9	0.01183	0.00894	0.01190	0.01247	0.01337	0.00927	0.00913	0.01404	0.01744	0.02397	0.18870	0.35728	0.05338	0.08324	0.01497	0.00368	0.07320	0.07861	0.00741	0.00719
10	0.12230	0.03465	0.02231	0.01982	0.02450	0.51292	0.01514	0.10589	0.02430	0.02640	0.01356	0.01541	0.01091	0.00863	0.00730	0.00224	0.01320	0.00551	0.00489	0.01011

[dist]
# distance from previous block
# <min> <max>
2	7

[block]
# block no. 8 follows, 22 sequences, length 11
# corresponding to MSA columns:
# 310-320
name=unknown_I
#
# <colnr> <probs for GDERKNQSTAVLIFYWHMCP>
#	G	D	E	R	K	N	Q	S	T	A	V	L	I	F	Y	W	H	M	C	P
0	0.29827	0.02531	0.02064	0.02127	0.11131	0.24234	0.01459	0.08055	0.06208	0.03120	0.01478	0.01672	0.01170	0.00839	0.00687	0.00242	0.01006	0.00578	0.00520	0.01052
1	0.06936	0.03286	0.02302	0.01999	0.02496	0.43407	0.01544	0.18702	0.06344	0.03034	0.01584	0.01713	0.01236	0.00904	0.00764	0.00229	0.01253	0.00609	0.00561	0.01097
2	0.30143	0.02138	0.01836	0.01543	0.02091	0.14594	0.01237	0.12301	0.05397	0.18354	0.01923	0.01915	0.01367	0.00901	0.00701	0.00249	0.00866	0.00628	0.00684	0.01133
3	0.02017	0.01934	0.03302	0.10183	0.60842	0.01964	0.02530	0.02515	0.01873	0.02667	0.01556	0.02069	0.01299	0.00747	0.00823	0.00249	0.00997	0.00740	0.00408	0.01285
4	0.11005	0.03174	0.02157	0.01894	0.02368	0.43125	0.01458	0.14745	0.02525	0.02860	0.01886	0.02014	0.05414	0.00958	0.00755	0.00230	0.01218	0.00649	0.00539	0.01027
5	0.06223	0.00902	0.01148	0.01267	0.01439	0.00886	0.01001	0.01536	0.01846	0.02575	0.14209	0.27688	0.08511	0.02185	0.01041	0.00335	0.00588	0.25102	0.00775	0.00745
6	0.02838	0.03294	0.02245	0.01936	0.02451	0.47380	0.01480	0.09527	0.02398	0.02513	0.01399	0.01596	0.01139	0.00824	0.00732	0.00200	0.01261	0.00550	0.00484	0.15754
7	0.01957	0.39431	0.33915	0.01872	0.02828	0.02641	0.02205	0.02556	0.01719	0.02276	0.01315	0.01533	0.01060	0.00748	0.00655	0.00218	0.01050	0.00525	0.00353	0.01143
8	0.01399	0.01014	0.01338	0.01427	0.01654	0.01010	0.01214	0.05391	0.02105	0.02778	0.14572	0.08305	0.09124	0.02104	0.01089	0.00348	0.00689	0.42840	0.00794	0.00803
9	0.05882	0.00875	0.01113	0.01158	0.01328	0.00882	0.00866	0.01452	0.01754	0.02505	0.18864	0.24433	0.11120	0.03054	0.16682	0.00546	0.00893	0.05142	0.00712	0.00739
10	0.12398	0.01677	0.02634	0.35879	0.27070	0.01895	0.02196	0.02324	0.01710	0.02567	0.01463	0.02034	0.01154	0.00789	0.00783	0.00263	0.00997	0.00698	0.00405	0.01063

[dist]
# distance from previous block
# <min> <max>
10	96

[block]
# block no. 9 follows, 22 sequences, length 11
# corresponding to MSA columns:
# 419-429
name=unknown_J
#
# <colnr> <probs for GDERKNQSTAVLIFYWHMCP>
#	G	D	E	R	K	N	Q	S	T	A	V	L	I	F	Y	W	H	M	C	P
0	0.39599	0.02403	0.01792	0.01588	0.02036	0.22303	0.01258	0.06145	0.04726	0.03120	0.01340	0.01554	0.01074	0.00888	0.00819	0.00254	0.07087	0.00540	0.00507	0.00968
1	0.07911	0.03335	0.02247	0.01994	0.02458	0.47481	0.01538	0.14054	0.02550	0.02757	0.01581	0.02024	0.01331	0.00957	0.00771	0.00233	0.01293	0.03928	0.00526	0.01030
2	0.10018	0.02871	0.02258	0.04872	0.02582	0.30208	0.01534	0.23747	0.08200	0.03428	0.01709	0.01827	0.01302	0.00919	0.00767	0.00239	0.01124	0.00645	0.00609	0.01141
3	0.14464	0.02353	0.01957	0.01587	0.02188	0.20361	0.01252	0.13170	0.02236	0.03124	0.01461	0.01646	0.01163	0.00776	0.00675	0.00193	0.00923	0.00542	0.00537	0.29392
4	0.07493	0.01279	0.01585	0.01264	0.01799	0.01112	0.01018	0.02859	0.02138	0.33140	0.13593	0.03689	0.10111	0.01173	0.00816	0.00237	0.00602	0.00965	0.00851	0.14275
5	0.01407	0.01017	0.01340	0.01442	0.01656	0.01019	0.01209	0.06229	0.02063	0.02716	0.09864	0.15780	0.07405	0.02172	0.01091	0.00352	0.00694	0.40957	0.00784	0.00802
6	0.01207	0.00812	0.00938	0.00938	0.00949	0.00823	0.00543	0.01228	0.01217	0.01634	0.02589	0.05276	0.02951	0.66035	0.08902	0.00845	0.00910	0.01185	0.00499	0.00521
7	0.01602	0.01510	0.02551	0.64506	0.09766	0.01854	0.02323	0.02151	0.01677	0.02162	0.01482	0.02204	0.01121	0.00824	0.00830	0.00275	0.01099	0.00738	0.00372	0.00949
8	0.01968	0.02222	0.04792	0.03616	0.08730	0.02092	0.58305	0.02653	0.01956	0.02665	0.01672	0.02228	0.01264	0.00703	0.00969	0.00278	0.01371	0.00963	0.00420	0.01134
9	0.02500	0.02936	0.02056	0.01957	0.02291	0.43877	0.01536	0.02764	0.02163	0.02169	0.02218	0.03901	0.02196	0.01324	0.00974	0.00273	0.04859	0.18578	0.00527	0.00900
10	0.08307	0.03261	0.03041	0.02474	0.03033	0.42707	0.20041	0.03052	0.02164	0.02351	0.01395	0.01712	0.01115	0.00802	0.00801	0.00237	0.01404	0.00664	0.00432	0.01006

[dist]
# distance from previous block
# <min> <max>
15	22

[block]
# block no. 10 follows, 22 sequences, length 141
# corresponding to MSA columns:
# 453-593
name=unknown_K
#
# <colnr> <probs for GDERKNQSTAVLIFYWHMCP>
#	G	D	E	R	K	N	Q	S	T	A	V	L	I	F	Y	W	H	M	C	P
0	0.02545	0.03073	0.01987	0.01819	0.02185	0.48473	0.01364	0.02801	0.02332	0.02352	0.16835	0.02922	0.05678	0.01115	0.00815	0.00228	0.01184	0.00822	0.00560	0.00908
1	0.01765	0.16193	0.55467	0.02200	0.03336	0.02170	0.02777	0.02605	0.01742	0.02511	0.01431	0.01679	0.01055	0.00775	0.00744	0.00248	0.01168	0.00584	0.00352	0.01199
2	0.03103	0.03959	0.02354	0.02140	0.02568	0.67469	0.01605	0.03317	0.02354	0.02033	0.01284	0.01498	0.01070	0.00856	0.00749	0.00214	0.01498	0.00535	0.00428	0.00963
3	0.01519	0.01255	0.01383	0.01280	0.01614	0.01324	0.00980	0.02722	0.29183	0.03143	0.25110	0.05265	0.18806	0.01543	0.00922	0.00275	0.00514	0.01315	0.00851	0.00996
4	0.01798	0.20255	0.51700	0.02142	0.03247	0.02253	0.02677	0.02597	0.01738	0.02470	0.01411	0.01654	0.01056	0.00771	0.00728	0.00243	0.01147	0.00573	0.00352	0.01189
5	0.76672	0.01607	0.01221	0.01092	0.01607	0.01864	0.00900	0.02442	0.01414	0.03727	0.01157	0.01350	0.00900	0.00771	0.00514	0.00257	0.00643	0.00450	0.00514	0.00900
6	0.01011	0.00729	0.00958	0.01141	0.01201	0.00676	0.00764	0.01158	0.01605	0.02127	0.04766	0.67224	0.08412	0.02578	0.01057	0.00335	0.00479	0.02332	0.00771	0.00676
7	0.03158	0.02327	0.02493	0.01911	0.02576	0.02576	0.01579	0.62852	0.03906	0.05236	0.01995	0.01995	0.01413	0.00997	0.00831	0.00249	0.00914	0.00748	0.00831	0.01413
8	0.01012	0.00723	0.00964	0.01157	0.01205	0.00675	0.00771	0.01157	0.01591	0.02121	0.04579	0.70262	0.05495	0.02603	0.01060	0.00337	0.00482	0.02362	0.00771	0.00675
9	0.01443	0.00722	0.01082	0.01082	0.01082	0.00722	0.00722	0.01082	0.01082	0.01443	0.01443	0.02525	0.01443	0.02886	0.03247	0.75830	0.00722	0.00722	0.00361	0.00361
10	0.01666	0.04297	0.66500	0.02368	0.03596	0.01929	0.03069	0.02631	0.01754	0.02631	0.01491	0.01754	0.01052	0.00789	0.00789	0.00263	0.01228	0.00614	0.00351	0.01228
11	0.01067	0.00869	0.00960	0.01006	0.01265	0.00762	0.00800	0.01318	0.01898	0.02302	0.07459	0.08323	0.50876	0.02149	0.01021	0.00305	0.00503	0.15632	0.00770	0.00716
12	0.01187	0.00890	0.01335	0.01335	0.01483	0.01038	0.01038	0.01483	0.01335	0.01928	0.02225	0.03264	0.02077	0.06231	0.67512	0.01335	0.02225	0.00890	0.00445	0.00742
13	0.02056	0.01974	0.03372	0.05099	0.65622	0.01974	0.02550	0.02550	0.01892	0.02714	0.01563	0.02056	0.01316	0.00740	0.00822	0.00247	0.00987	0.00740	0.00411	0.01316
14	0.02221	0.71304	0.04353	0.01421	0.02132	0.03287	0.01421	0.02488	0.01688	0.01955	0.01155	0.01333	0.01066	0.00711	0.00533	0.00178	0.00888	0.00444	0.00355	0.01066
15	0.02056	0.01974	0.03372	0.05099	0.65622	0.01974	0.02550	0.02550	0.01892	0.02714	0.01563	0.02056	0.01316	0.00740	0.00822	0.00247	0.00987	0.00740	0.00411	0.01316
16	0.03103	0.03959	0.02354	0.02140	0.02568	0.67469	0.01605	0.03317	0.02354	0.02033	0.01284	0.01498	0.01070	0.00856	0.00749	0.00214	0.01498	0.00535	0.00428	0.00963
17	0.03103	0.03959	0.02354	0.02140	0.02568	0.67469	0.01605	0.03317	0.02354	0.02033	0.01284	0.01498	0.01070	0.00856	0.00749	0.00214	0.01498	0.00535	0.00428	0.00963
18	0.03103	0.03959	0.02354	0.02140	0.02568	0.67469	0.01605	0.03317	0.02354	0.02033	0.01284	0.01498	0.01070	0.00856	0.00749	0.00214	0.01498	0.00535	0.00428	0.00963
19	0.01818	0.01560	0.01645	0.01499	0.01919	0.01745	0.01160	0.03666	0.49325	0.03237	0.07451	0.04175	0.14575	0.01339	0.00878	0.00281	0.00600	0.01120	0.00835	0.01173
20	0.01206	0.00814	0.00948	0.00948	0.00963	0.00828	0.00556	0.01235	0.01221	0.01642	0.02579	0.05222	0.02927	0.64427	0.10479	0.00858	0.00946	0.01177	0.00498	0.00527
21	0.01187	0.00890	0.01335	0.01335	0.01483	0.01038	0.01038	0.01483	0.01335	0.01928	0.02225	0.03264	0.02077	0.06231	0.67512	0.01335	0.02225	0.00890	0.00445	0.00742
22	0.01191	0.00874	0.01254	0.01254	0.01375	0.00995	0.00938	0.01432	0.01311	0.01869	0.02299	0.03673	0.02255	0.18398	0.55588	0.01235	0.01958	0.00950	0.00456	0.00697
23	0.03103	0.03959	0.02354	0.02140	0.02568	0.67469	0.01605	0.03317	0.02354	0.02033	0.01284	0.01498	0.01070	0.00856	0.00749	0.00214	0.01498	0.00535	0.00428	0.00963
24	0.03049	0.03845	0.02329	0.02117	0.02547	0.64031	0.01590	0.03375	0.05601	0.02109	0.01394	0.01582	0.01147	0.00870	0.00754	0.00218	0.01454	0.00556	0.00450	0.00982
25	0.01012	0.00723	0.00964	0.01157	0.01205	0.00675	0.00771	0.01157	0.01591	0.02121	0.04579	0.70262	0.05495	0.02603	0.01060	0.00337	0.00482	0.02362	0.00771	0.00675
26	0.02066	0.01785	0.01878	0.01691	0.02160	0.02066	0.01315	0.04414	0.64121	0.03475	0.03381	0.03099	0.02536	0.01127	0.00845	0.00282	0.00657	0.00939	0.00845	0.01315
27	0.02056	0.01974	0.03372	0.05099	0.65622	0.01974	0.02550	0.02550	0.01892	0.02714	0.01563	0.02056	0.01316	0.00740	0.00822	0.00247	0.00987	0.00740	0.00411	0.01316
28	0.01818	0.01818	0.02545	0.02181	0.02181	0.02545	0.01818	0.01999	0.01272	0.01999	0.01091	0.01818	0.01091	0.01454	0.02726	0.00364	0.69284	0.00727	0.00364	0.00909
29	0.03158	0.02327	0.02493	0.01911	0.02576	0.02576	0.01579	0.62852	0.03906	0.05236	0.01995	0.01995	0.01413	0.00997	0.00831	0.00249	0.00914	0.00748	0.00831	0.01413
30	0.01961	0.02241	0.04902	0.03501	0.04342	0.02101	0.62605	0.02661	0.01961	0.02661	0.01681	0.02241	0.01261	0.00700	0.00980	0.00280	0.01401	0.00980	0.00420	0.01120
31	0.01443	0.00722	0.01082	0.01082	0.01082	0.00722	0.00722	0.01082	0.01082	0.01443	0.01443	0.02525	0.01443	0.02886	0.03247	0.75830	0.00722	0.00722	0.00361	0.00361
32	0.02797	0.03449	0.02400	0.02150	0.02476	0.52007	0.01656	0.03003	0.02097	0.02025	0.01238	0.01574	0.01075	0.00998	0.01220	0.00250	0.17641	0.00581	0.00413	0.00950
33	0.02056	0.01974	0.03372	0.05099	0.65622	0.01974	0.02550	0.02550	0.01892	0.02714	0.01563	0.02056	0.01316	0.00740	0.00822	0.00247	0.00987	0.00740	0.00411	0.01316
34	0.01723	0.01477	0.01723	0.01230	0.01969	0.01107	0.00984	0.02092	0.01723	0.02707	0.01477	0.01723	0.01230	0.00615	0.00615	0.00123	0.00615	0.00492	0.00492	0.75883
35	0.01037	0.00844	0.00918	0.00899	0.01156	0.00725	0.00675	0.01299	0.02024	0.02553	0.24558	0.07486	0.48950	0.01989	0.00981	0.00275	0.00413	0.01682	0.00812	0.00725
36	0.01818	0.01818	0.02545	0.02181	0.02181	0.02545	0.01818	0.01999	0.01272	0.01999	0.01091	0.01818	0.01091	0.01454	0.02726	0.00364	0.69284	0.00727	0.00364	0.00909
37	0.01723	0.01477	0.01723	0.01230	0.01969	0.01107	0.00984	0.02092	0.01723	0.02707	0.01477	0.01723	0.01230	0.00615	0.00615	0.00123	0.00615	0.00492	0.00492	0.75883
38	0.03106	0.03877	0.02361	0.02129	0.02569	0.64188	0.01604	0.06328	0.02433	0.02195	0.01320	0.01523	0.01087	0.00863	0.00753	0.00216	0.01469	0.00546	0.00448	0.00986
39	0.02056	0.01974	0.03372	0.05099	0.65622	0.01974	0.02550	0.02550	0.01892	0.02714	0.01563	0.02056	0.01316	0.00740	0.00822	0.00247	0.00987	0.00740	0.00411	0.01316
40	0.01012	0.00723	0.00964	0.01157	0.01205	0.00675	0.00771	0.01157	0.01591	0.02121	0.04579	0.70262	0.05495	0.02603	0.01060	0.00337	0.00482	0.02362	0.00771	0.00675
41	0.01208	0.00805	0.00906	0.00906	0.00906	0.00805	0.00503	0.01208	0.01208	0.01611	0.02618	0.05436	0.03020	0.70804	0.04228	0.00805	0.00805	0.01208	0.00503	0.00503
42	0.01921	0.02123	0.04244	0.03133	0.03739	0.02225	0.45639	0.02476	0.01769	0.02476	0.01516	0.02123	0.01213	0.00911	0.01468	0.00303	0.20347	0.00910	0.00404	0.01061
43	0.01385	0.01150	0.01585	0.01474	0.01535	0.01433	0.01127	0.01564	0.01280	0.01861	0.01988	0.03428	0.02039	0.22794	0.30062	0.00891	0.22311	0.00929	0.00436	0.00726
44	0.03103	0.03959	0.02354	0.02140	0.02568	0.67469	0.01605	0.03317	0.02354	0.02033	0.01284	0.01498	0.01070	0.00856	0.00749	0.00214	0.01498	0.00535	0.00428	0.00963
