[name]
unknown

[dist]
# distance from previous block
# <min> <max>
14	50

[block]
# block no. 0 follows, 21 sequences, length 6
# corresponding to MSA columns:
# 65-70
name=unknown_A
#
# <colnr> <probs for GDERKNQSTAVLIFYWHMCP>
#	G	D	E	R	K	N	Q	S	T	A	V	L	I	F	Y	W	H	M	C	P
0	0.02252	0.02583	0.08134	0.27377	0.11030	0.17693	0.07194	0.08737	0.02169	0.02637	0.01548	0.02012	0.01190	0.00850	0.00839	0.00261	0.01233	0.00717	0.00449	0.01095
1	0.02582	0.07846	0.07587	0.01675	0.02242	0.02110	0.01440	0.33304	0.02848	0.08083	0.02172	0.02878	0.01830	0.17701	0.01665	0.00389	0.00920	0.00849	0.00702	0.01176
2	0.02647	0.02520	0.02195	0.09023	0.02725	0.24385	0.01514	0.16652	0.02539	0.07165	0.02016	0.08827	0.01737	0.01069	0.00816	0.00238	0.01065	0.00828	0.00615	0.11423
3	0.01231	0.00875	0.01092	0.01198	0.01285	0.00856	0.00804	0.05625	0.01737	0.02318	0.04161	0.53897	0.04899	0.13843	0.01613	0.00419	0.00582	0.02101	0.00748	0.00717
4	0.01362	0.06095	0.12743	0.01460	0.01857	0.01228	0.01356	0.01858	0.04884	0.02566	0.12484	0.25312	0.10625	0.01906	0.00985	0.00309	0.00691	0.10687	0.00709	0.00883
5	0.02651	0.09749	0.07047	0.02477	0.13047	0.06316	0.06077	0.09850	0.08539	0.17023	0.02152	0.02237	0.01578	0.00923	0.00889	0.00252	0.03624	0.00754	0.00650	0.04164

[dist]
# distance from previous block
# <min> <max>
0	1

[block]
# block no. 1 follows, 21 sequences, length 16
# corresponding to MSA columns:
# 72-87
name=unknown_B
#
# <colnr> <probs for GDERKNQSTAVLIFYWHMCP>
#	G	D	E	R	K	N	Q	S	T	A	V	L	I	F	Y	W	H	M	C	P
0	0.01704	0.03999	0.56286	0.02465	0.03620	0.01936	0.08291	0.02626	0.01790	0.02654	0.01591	0.01936	0.01161	0.01141	0.04856	0.00338	0.01336	0.00680	0.00372	0.01217
1	0.01310	0.04315	0.01373	0.01225	0.01379	0.01101	0.00925	0.01560	0.01402	0.02033	0.02357	0.03678	0.02277	0.18431	0.44135	0.01081	0.01727	0.00943	0.08017	0.00730
2	0.02380	0.02542	0.03188	0.04449	0.48895	0.18550	0.02364	0.02813	0.02059	0.02602	0.01528	0.01960	0.01284	0.00789	0.00823	0.00244	0.01145	0.00705	0.00426	0.01256
3	0.02434	0.48458	0.09918	0.01724	0.02435	0.18188	0.01664	0.02763	0.01897	0.02088	0.01248	0.01447	0.01092	0.00771	0.00624	0.00199	0.01091	0.00494	0.00381	0.01083
4	0.02389	0.06032	0.02100	0.01708	0.02193	0.17861	0.01344	0.14517	0.21962	0.03219	0.03521	0.03411	0.13690	0.01228	0.00848	0.00259	0.00902	0.00954	0.00717	0.01144
5	0.01210	0.00833	0.00942	0.00935	0.00984	0.00812	0.00557	0.01272	0.01424	0.01888	0.09280	0.05917	0.09922	0.56426	0.03664	0.00715	0.00743	0.01325	0.00585	0.00565
6	0.01709	0.01716	0.02962	0.08826	0.03021	0.02008	0.18879	0.02085	0.01601	0.02271	0.01971	0.12950	0.01951	0.01685	0.05617	0.00394	0.27848	0.01098	0.00461	0.00946
7	0.01072	0.00854	0.00933	0.00928	0.01158	0.00746	0.00674	0.01304	0.01957	0.02469	0.19793	0.10441	0.43623	0.08684	0.01332	0.00338	0.00466	0.01716	0.00795	0.00716
8	0.02553	0.14040	0.19400	0.02434	0.08836	0.33887	0.02102	0.03009	0.02101	0.02298	0.01378	0.01633	0.01115	0.00825	0.00752	0.00230	0.01317	0.00575	0.00405	0.01108
9	0.06289	0.24766	0.09520	0.01860	0.02508	0.23980	0.01672	0.08892	0.08176	0.02675	0.01570	0.01710	0.01265	0.00859	0.00707	0.00225	0.01120	0.00584	0.00493	0.01126
10	0.01586	0.01476	0.01318	0.01305	0.01454	0.13746	0.00889	0.01717	0.01609	0.01958	0.02855	0.21434	0.03196	0.28827	0.09058	0.00603	0.01018	0.01351	0.00567	0.04031
11	0.02708	0.02071	0.02271	0.01708	0.02416	0.02100	0.01399	0.40506	0.03199	0.04435	0.01853	0.01943	0.01380	0.00881	0.00772	0.00209	0.00827	0.00672	0.00727	0.27922
12	0.01923	0.01944	0.02500	0.39715	0.12372	0.12079	0.02134	0.02502	0.04948	0.02344	0.01882	0.02892	0.01596	0.01005	0.00869	0.00280	0.01125	0.06423	0.00457	0.01008
13	0.09402	0.02067	0.02122	0.21913	0.03256	0.14160	0.01623	0.14964	0.02437	0.03234	0.13880	0.02797	0.02525	0.01060	0.00834	0.00260	0.00979	0.00844	0.00614	0.01029
14	0.02624	0.16465	0.02601	0.01842	0.02340	0.38642	0.01462	0.03037	0.06911	0.02234	0.01953	0.02120	0.05135	0.01143	0.03267	0.00260	0.01250	0.00650	0.00483	0.05583
15	0.02872	0.16474	0.02875	0.02241	0.06350	0.47305	0.01679	0.03118	0.02195	0.02109	0.01297	0.01555	0.01112	0.00873	0.00836	0.00222	0.04887	0.00554	0.00420	0.01026

[dist]
# distance from previous block
# <min> <max>
3	9

[block]
# block no. 2 follows, 21 sequences, length 6
# corresponding to MSA columns:
# 97-102
name=unknown_C
#
# <colnr> <probs for GDERKNQSTAVLIFYWHMCP>
#	G	D	E	R	K	N	Q	S	T	A	V	L	I	F	Y	W	H	M	C	P
0	0.01854	0.01794	0.01844	0.01891	0.06580	0.13819	0.01351	0.02621	0.15298	0.02406	0.02308	0.02871	0.01978	0.03764	0.34746	0.00828	0.01689	0.00843	0.00541	0.00976
1	0.18304	0.01894	0.01568	0.01481	0.01775	0.18545	0.01124	0.02201	0.01647	0.02375	0.01828	0.02681	0.01697	0.10824	0.27681	0.00759	0.01561	0.00752	0.00474	0.00828
2	0.28421	0.07785	0.07963	0.01664	0.02146	0.02168	0.01496	0.02776	0.07330	0.09961	0.01654	0.01882	0.01291	0.01035	0.01221	0.00288	0.18663	0.00642	0.00547	0.01068
3	0.19312	0.03523	0.02155	0.01955	0.02413	0.52347	0.01484	0.03200	0.02198	0.02467	0.01287	0.01501	0.01058	0.00858	0.00714	0.00229	0.01341	0.00529	0.00458	0.00972
4	0.10447	0.15755	0.16588	0.02140	0.06051	0.01992	0.10827	0.02365	0.01824	0.02645	0.02490	0.03730	0.05740	0.01169	0.00842	0.00279	0.00986	0.12580	0.00506	0.01045
5	0.02534	0.09719	0.14825	0.02969	0.19196	0.31553	0.02166	0.02979	0.02107	0.02375	0.01419	0.01719	0.01159	0.00819	0.00775	0.00234	0.01287	0.00610	0.00412	0.01143

[dist]
# distance from previous block
# <min> <max>
0	16

[block]
# block no. 3 follows, 21 sequences, length 8
# corresponding to MSA columns:
# 119-126
name=unknown_D
#
# <colnr> <probs for GDERKNQSTAVLIFYWHMCP>
#	G	D	E	R	K	N	Q	S	T	A	V	L	I	F	Y	W	H	M	C	P
0	0.06007	0.16093	0.08437	0.01589	0.02049	0.09962	0.01432	0.02303	0.01929	0.05303	0.14267	0.03441	0.11031	0.01272	0.01099	0.00262	0.11039	0.00932	0.00580	0.00972
1	0.02515	0.24193	0.19860	0.02033	0.02776	0.30394	0.01987	0.02955	0.02042	0.02221	0.01332	0.01553	0.01090	0.00814	0.00712	0.00221	0.01273	0.00542	0.00395	0.01090
2	0.11772	0.20550	0.02602	0.01666	0.02168	0.23883	0.01375	0.08097	0.02093	0.02578	0.01811	0.02081	0.04273	0.01648	0.09640	0.00377	0.01253	0.00642	0.00487	0.01005
3	0.01699	0.01748	0.01790	0.02178	0.16874	0.13564	0.01306	0.01973	0.01988	0.02337	0.05179	0.05295	0.33480	0.05568	0.01116	0.00298	0.00805	0.01274	0.00618	0.00910
4	0.01272	0.00833	0.00973	0.00973	0.01015	0.00854	0.00598	0.01356	0.01314	0.01858	0.02637	0.05010	0.02865	0.54039	0.12389	0.00831	0.00976	0.01146	0.08481	0.00579
5	0.43775	0.02166	0.16827	0.01388	0.02046	0.01699	0.01409	0.02305	0.01626	0.03257	0.02680	0.02776	0.13019	0.01054	0.00686	0.00269	0.00761	0.00755	0.00536	0.00965
6	0.08991	0.01692	0.01935	0.01911	0.07194	0.01840	0.01433	0.18617	0.16810	0.03655	0.03390	0.04585	0.07592	0.01424	0.00915	0.00299	0.00777	0.15024	0.00768	0.01147
7	0.32310	0.02883	0.01957	0.07087	0.02497	0.35452	0.01412	0.02939	0.01968	0.02786	0.01279	0.01533	0.01029	0.00840	0.00678	0.00242	0.01151	0.00530	0.00469	0.00957

[dist]
# distance from previous block
# <min> <max>
3	9

[block]
# block no. 4 follows, 21 sequences, length 22
# corresponding to MSA columns:
# 136-157
name=unknown_E
#
# <colnr> <probs for GDERKNQSTAVLIFYWHMCP>
#	G	D	E	R	K	N	Q	S	T	A	V	L	I	F	Y	W	H	M	C	P
0	0.02073	0.01674	0.02376	0.01947	0.02399	0.01740	0.12594	0.24680	0.02584	0.03478	0.02924	0.25704	0.02930	0.01977	0.06363	0.00384	0.00986	0.01399	0.00718	0.01071
1	0.03179	0.04056	0.02412	0.02192	0.02631	0.66676	0.01644	0.03398	0.02412	0.02083	0.01315	0.01535	0.01096	0.00877	0.00767	0.00219	0.01535	0.00548	0.00438	0.00987
2	0.06244	0.11289	0.09379	0.04229	0.47160	0.02189	0.02415	0.02605	0.01869	0.02728	0.01515	0.01938	0.01265	0.00761	0.00782	0.00246	0.01001	0.00689	0.00414	0.01282
3	0.02931	0.22346	0.02974	0.01990	0.02508	0.49276	0.01593	0.03165	0.02224	0.02061	0.01279	0.01488	0.01095	0.00836	0.00707	0.00209	0.01363	0.00523	0.00418	0.01016
4	0.01037	0.00741	0.00987	0.01185	0.01234	0.00691	0.00790	0.01185	0.01629	0.02172	0.04690	0.69537	0.05629	0.02666	0.01086	0.00346	0.00494	0.02419	0.00790	0.00691
5	0.01957	0.06706	0.02503	0.02928	0.26682	0.07141	0.01718	0.02782	0.15716	0.02733	0.03573	0.03639	0.16028	0.01174	0.00858	0.00261	0.00838	0.01003	0.00603	0.01156
6	0.01954	0.01653	0.01733	0.01551	0.02004	0.01840	0.01209	0.08475	0.44358	0.03419	0.04528	0.04230	0.16656	0.01373	0.00897	0.00286	0.00640	0.01137	0.00847	0.01211
7	0.01382	0.00991	0.01179	0.01106	0.01280	0.00952	0.00755	0.05680	0.01864	0.02578	0.20217	0.14739	0.04596	0.30247	0.02363	0.00499	0.00648	0.01405	0.00698	0.06820
8	0.03179	0.04056	0.02412	0.02192	0.02631	0.66676	0.01644	0.03398	0.02412	0.02083	0.01315	0.01535	0.01096	0.00877	0.00767	0.00219	0.01535	0.00548	0.00438	0.00987
9	0.01030	0.00769	0.00958	0.01109	0.01214	0.00698	0.00756	0.01194	0.01703	0.02202	0.05618	0.55062	0.19505	0.02546	0.01067	0.00332	0.00479	0.02272	0.00790	0.00698
10	0.02930	0.03092	0.03057	0.02433	0.03049	0.30428	0.15378	0.22884	0.02853	0.03330	0.01653	0.01879	0.01259	0.00889	0.00850	0.00247	0.01311	0.00726	0.00575	0.01178
11	0.02174	0.62710	0.06987	0.01473	0.02188	0.03124	0.01486	0.02489	0.01780	0.02133	0.05643	0.01736	0.01580	0.00803	0.00590	0.00192	0.00890	0.00539	0.00404	0.01079
12	0.01113	0.00891	0.01011	0.01053	0.01310	0.00790	0.00837	0.01388	0.01987	0.02459	0.12622	0.08369	0.44860	0.02166	0.01047	0.00311	0.00514	0.15729	0.00802	0.00742
13	0.02219	0.02235	0.03345	0.04906	0.58277	0.08790	0.02510	0.02694	0.01987	0.02707	0.01571	0.02046	0.01322	0.00771	0.00835	0.00249	0.01066	0.00736	0.00423	0.01310
14	0.02119	0.02211	0.02919	0.28336	0.30939	0.14076	0.02337	0.02594	0.01937	0.02421	0.01514	0.02061	0.01220	0.00815	0.00832	0.00258	0.01156	0.00718	0.00408	0.01129
15	0.37124	0.14553	0.14170	0.01722	0.05589	0.05461	0.01581	0.02693	0.01696	0.06681	0.01403	0.01591	0.01081	0.00800	0.00631	0.00247	0.00883	0.00535	0.00486	0.01072
16	0.22894	0.01403	0.01611	0.07707	0.02136	0.01538	0.01185	0.08368	0.01879	0.05991	0.07755	0.02682	0.02107	0.02537	0.19929	0.00575	0.01181	0.00777	0.00587	0.07160
17	0.15771	0.12972	0.06114	0.01771	0.02318	0.17072	0.01525	0.13901	0.02295	0.06011	0.04873	0.01945	0.01549	0.00975	0.00918	0.00250	0.07426	0.00650	0.00565	0.01099
18	0.09126	0.02091	0.01962	0.01958	0.08297	0.17473	0.01389	0.02624	0.07573	0.02635	0.02009	0.02783	0.01781	0.01799	0.10817	0.00403	0.01162	0.05919	0.00533	0.17666
19	0.06916	0.02746	0.02374	0.02306	0.11219	0.27121	0.01592	0.13918	0.02442	0.03050	0.01529	0.01753	0.01224	0.00827	0.00749	0.00212	0.01095	0.00604	0.00533	0.17790
20	0.02170	0.05829	0.02597	0.05112	0.05457	0.13470	0.10180	0.08961	0.11528	0.02856	0.02854	0.05953	0.08347	0.01188	0.00941	0.00268	0.03265	0.03917	0.00608	0.04498
21	0.18593	0.01528	0.02004	0.14090	0.02656	0.01765	0.04834	0.05449	0.01695	0.08629	0.01844	0.02710	0.01606	0.13876	0.04745	0.00438	0.11262	0.00808	0.00532	0.00937

[dist]
# distance from previous block
# <min> <max>
26	79

[block]
# block no. 5 follows, 21 sequences, length 13
# corresponding to MSA columns:
# 251-263
name=unknown_F
#
# <colnr> <probs for GDERKNQSTAVLIFYWHMCP>
#	G	D	E	R	K	N	Q	S	T	A	V	L	I	F	Y	W	H	M	C	P
0	0.02521	0.02452	0.02040	0.01829	0.02259	0.24305	0.01463	0.20105	0.02748	0.03260	0.06665	0.04273	0.06104	0.01395	0.00917	0.00278	0.01046	0.14599	0.00694	0.01048
1	0.01691	0.01517	0.06310	0.01635	0.02096	0.01312	0.07954	0.04864	0.01714	0.05761	0.02116	0.03054	0.01899	0.13543	0.24814	0.00718	0.01401	0.00859	0.00516	0.16225
2	0.01561	0.01497	0.02317	0.01955	0.02167	0.01783	0.10338	0.01859	0.01601	0.02261	0.06297	0.07449	0.12085	0.02326	0.11980	0.00493	0.29513	0.01121	0.00517	0.00881
3	0.01842	0.02644	0.20860	0.03160	0.13311	0.01960	0.25626	0.02531	0.01940	0.02760	0.08641	0.02557	0.01987	0.00912	0.01037	0.00280	0.05427	0.00906	0.00463	0.01157
4	0.08850	0.02121	0.02130	0.15179	0.06448	0.13305	0.01608	0.06136	0.24901	0.03018	0.02614	0.02718	0.05310	0.01041	0.00821	0.00270	0.00933	0.00830	0.00633	0.01134
5	0.14989	0.06764	0.18572	0.01929	0.02635	0.12520	0.01872	0.13414	0.04406	0.07427	0.01668	0.01832	0.01247	0.00931	0.00906	0.00261	0.06263	0.00638	0.00554	0.01173
6	0.08903	0.05416	0.02418	0.01773	0.02260	0.01469	0.17540	0.01984	0.01692	0.02471	0.02820	0.08645	0.09061	0.16325	0.01612	0.00376	0.00880	0.01089	0.00535	0.12730
7	0.01135	0.00782	0.00959	0.01060	0.01085	0.00757	0.00656	0.01211	0.01438	0.01917	0.03709	0.38299	0.04391	0.35593	0.02671	0.00580	0.00656	0.01842	0.00656	0.00605
8	0.02119	0.04092	0.48309	0.02331	0.03395	0.11537	0.02728	0.10408	0.02170	0.02948	0.01562	0.01790	0.01128	0.00846	0.00808	0.00260	0.01257	0.00635	0.00434	0.01242
9	0.02355	0.02809	0.08224	0.03913	0.33353	0.19811	0.11813	0.02853	0.02068	0.02573	0.01536	0.01955	0.01249	0.00788	0.00845	0.00250	0.01242	0.00730	0.00423	0.01210
10	0.01916	0.02345	0.20758	0.02753	0.19360	0.01588	0.05251	0.02511	0.02054	0.09877	0.15191	0.03410	0.07073	0.01102	0.00887	0.00266	0.00907	0.00977	0.00606	0.01167
11	0.01236	0.00920	0.01206	0.01226	0.01275	0.01012	0.00847	0.01366	0.01382	0.01908	0.02991	0.22277	0.03376	0.30027	0.18058	0.00779	0.07449	0.01439	0.00563	0.00661
12	0.02812	0.03032	0.02686	0.02949	0.19685	0.32697	0.01883	0.13528	0.07258	0.02963	0.01687	0.01908	0.01343	0.00891	0.00810	0.00240	0.01219	0.00676	0.00539	0.01194

[dist]
# distance from previous block
# <min> <max>
4	11

[block]
# block no. 6 follows, 21 sequences, length 22
# corresponding to MSA columns:
# 275-296
name=unknown_G
#
# <colnr> <probs for GDERKNQSTAVLIFYWHMCP>
#	G	D	E	R	K	N	Q	S	T	A	V	L	I	F	Y	W	H	M	C	P
0	0.06010	0.09912	0.24878	0.02204	0.03015	0.14752	0.10057	0.02788	0.04841	0.02563	0.01607	0.01925	0.01261	0.01215	0.05579	0.00327	0.01286	0.00668	0.00432	0.04680
1	0.02167	0.02434	0.06644	0.02162	0.08653	0.22397	0.01626	0.06949	0.05093	0.02632	0.02956	0.12065	0.05659	0.01475	0.00925	0.00287	0.01036	0.13221	0.00615	0.01003
2	0.02625	0.03131	0.02414	0.02100	0.02543	0.44037	0.07650	0.02925	0.02156	0.02223	0.01582	0.01970	0.01330	0.01649	0.10287	0.00386	0.01530	0.00658	0.04339	0.04467
3	0.01613	0.01198	0.01546	0.01448	0.01642	0.01374	0.01100	0.04909	0.09772	0.05360	0.02627	0.08899	0.02510	0.15633	0.28665	0.00836	0.08336	0.01073	0.00587	0.00873
4	0.12969	0.02738	0.24239	0.13347	0.08262	0.02003	0.15960	0.02671	0.04782	0.02834	0.01618	0.02015	0.01206	0.00805	0.00823	0.00275	0.01142	0.00736	0.00433	0.01142
5	0.02562	0.07815	0.02742	0.02802	0.17741	0.29870	0.01830	0.03249	0.13184	0.02513	0.01751	0.01984	0.01431	0.00932	0.00935	0.00248	0.06083	0.00682	0.00501	0.01144
6	0.02610	0.02842	0.02078	0.01865	0.02246	0.37510	0.01437	0.07125	0.02400	0.05618	0.11153	0.03179	0.06639	0.01217	0.00984	0.00254	0.05716	0.03539	0.00605	0.00985
7	0.01241	0.01053	0.01148	0.01008	0.01421	0.00844	0.00768	0.01501	0.01863	0.02435	0.06156	0.10687	0.40793	0.01725	0.00897	0.00242	0.00497	0.01445	0.00703	0.23573
8	0.07521	0.07005	0.02875	0.02114	0.02736	0.02246	0.13324	0.31075	0.02902	0.03987	0.02306	0.03368	0.01980	0.01166	0.00896	0.00282	0.00986	0.11328	0.00699	0.01207
9	0.76103	0.01646	0.01251	0.01119	0.01646	0.01909	0.00922	0.02502	0.01448	0.03818	0.01185	0.01382	0.00922	0.00790	0.00527	0.00263	0.00658	0.00461	0.00527	0.00922
10	0.02106	0.02022	0.03454	0.05223	0.64784	0.02022	0.02612	0.02612	0.01938	0.02780	0.01601	0.02106	0.01348	0.00758	0.00842	0.00253	0.01011	0.00758	0.00421	0.01348
11	0.01371	0.00980	0.01371	0.01567	0.01763	0.00980	0.01371	0.01763	0.01959	0.02547	0.04506	0.09599	0.04898	0.02351	0.01175	0.00392	0.00784	0.59056	0.00784	0.00784
12	0.03179	0.04056	0.02412	0.02192	0.02631	0.66676	0.01644	0.03398	0.02412	0.02083	0.01315	0.01535	0.01096	0.00877	0.00767	0.00219	0.01535	0.00548	0.00438	0.00987
13	0.01006	0.00862	0.00862	0.00862	0.01149	0.00718	0.00647	0.01221	0.01940	0.02299	0.08621	0.08190	0.64438	0.02155	0.01006	0.00287	0.00431	0.01796	0.00790	0.00718
14	0.01028	0.00859	0.00868	0.00868	0.01128	0.00729	0.00634	0.01223	0.01873	0.02237	0.08057	0.07941	0.58610	0.08610	0.01322	0.00338	0.00468	0.01743	0.00764	0.00699
15	0.03043	0.14078	0.02720	0.02082	0.02564	0.57142	0.01616	0.03270	0.02309	0.02071	0.01296	0.01509	0.01096	0.00855	0.00734	0.00214	0.01441	0.00534	0.00427	0.01002
16	0.01345	0.00971	0.01207	0.01293	0.01431	0.00964	0.00906	0.09702	0.01962	0.02620	0.04319	0.60076	0.05042	0.02436	0.01053	0.00333	0.00556	0.02188	0.00799	0.00797
17	0.03222	0.02778	0.02520	0.02013	0.02637	0.17752	0.01624	0.48129	0.03626	0.04589	0.01871	0.01923	0.01364	0.00987	0.00831	0.00247	0.01078	0.00715	0.00754	0.01339
18	0.09523	0.39496	0.08102	0.01667	0.02395	0.02645	0.05569	0.02942	0.06286	0.11601	0.01726	0.01815	0.01345	0.00817	0.00663	0.00223	0.00903	0.00600	0.00520	0.01162
19	0.02872	0.07112	0.02976	0.02624	0.08530	0.48517	0.10048	0.03189	0.02277	0.02231	0.01391	0.01683	0.01146	0.00836	0.00795	0.00230	0.01440	0.00626	0.00432	0.01047
20	0.09491	0.07625	0.18342	0.01674	0.02327	0.09708	0.01644	0.02761	0.14188	0.02762	0.03541	0.03509	0.16662	0.01203	0.00814	0.00264	0.00887	0.00937	0.00592	0.01065
21	0.02760	0.03173	0.02129	0.01895	0.02341	0.43928	0.01444	0.11914	0.02562	0.02626	0.02863	0.02921	0.13602	0.01150	0.00827	0.00238	0.01226	0.00827	0.00571	0.01004

[dist]
# distance from previous block
# <min> <max>
0	21

[block]
# block no. 7 follows, 21 sequences, length 73
# corresponding to MSA columns:
# 318-390
name=unknown_H
#
# <colnr> <probs for GDERKNQSTAVLIFYWHMCP>
#	G	D	E	R	K	N	Q	S	T	A	V	L	I	F	Y	W	H	M	C	P
0	0.25692	0.19565	0.05263	0.01638	0.02258	0.15507	0.01430	0.14237	0.02223	0.03268	0.01392	0.01555	0.01108	0.00838	0.00655	0.00233	0.00977	0.00543	0.00524	0.01093
1	0.23878	0.02848	0.20107	0.02831	0.20868	0.10550	0.02136	0.02707	0.01817	0.02969	0.01420	0.01731	0.01114	0.00797	0.00730	0.00256	0.01046	0.00607	0.00437	0.01149
2	0.02719	0.10524	0.06100	0.12317	0.03126	0.43963	0.01807	0.03125	0.04580	0.02180	0.01428	0.01709	0.01160	0.00865	0.00763	0.00231	0.01359	0.00591	0.00434	0.01020
3	0.02982	0.03506	0.02330	0.02087	0.02552	0.49536	0.01586	0.08084	0.14074	0.02614	0.01779	0.01885	0.01408	0.00941	0.00792	0.00235	0.01326	0.00643	0.00551	0.01090
4	0.03086	0.02295	0.02474	0.01887	0.02576	0.02486	0.01556	0.55871	0.03774	0.05100	0.01989	0.02015	0.01428	0.00982	0.00829	0.00242	0.00905	0.00740	0.00816	0.08949
5	0.01229	0.00821	0.00931	0.00939	0.00941	0.00819	0.00528	0.01235	0.01255	0.01673	0.02769	0.08348	0.03204	0.67163	0.04190	0.00804	0.00811	0.01289	0.00528	0.00523
6	0.16140	0.39831	0.16296	0.01638	0.02392	0.02760	0.01725	0.02540	0.01664	0.02492	0.01250	0.01487	0.01058	0.00802	0.00731	0.00227	0.04980	0.00509	0.00394	0.01084
7	0.01087	0.00804	0.00965	0.01072	0.01185	0.00741	0.00734	0.01239	0.01659	0.02130	0.05362	0.37218	0.21015	0.15301	0.01685	0.00424	0.00557	0.05415	0.00738	0.00671
8	0.01219	0.00817	0.00934	0.00952	0.00956	0.00813	0.00541	0.01233	0.01273	0.01698	0.02865	0.11417	0.03326	0.63928	0.04035	0.00781	0.00795	0.01346	0.00541	0.00532
9	0.01765	0.01513	0.01765	0.01260	0.02017	0.01134	0.01008	0.02143	0.01765	0.02773	0.01513	0.01765	0.01260	0.00630	0.00630	0.00126	0.00630	0.00504	0.00504	0.75295
10	0.01199	0.00809	0.00939	0.00977	0.00986	0.00800	0.00568	0.01228	0.01312	0.01749	0.03063	0.17704	0.03575	0.57301	0.03716	0.00734	0.00762	0.01462	0.00568	0.00549
11	0.01439	0.00982	0.01092	0.01032	0.01101	0.01008	0.00627	0.07354	0.01516	0.02024	0.02617	0.05214	0.02928	0.63134	0.03981	0.00768	0.00836	0.01190	0.00549	0.00610
12	0.02078	0.01993	0.03403	0.08779	0.61449	0.02015	0.02598	0.02587	0.01924	0.02746	0.01596	0.02115	0.01336	0.00763	0.00843	0.00254	0.01018	0.00758	0.00419	0.01325
13	0.06417	0.02208	0.02835	0.03170	0.26445	0.02366	0.01965	0.36221	0.03082	0.04295	0.01831	0.02035	0.01383	0.00909	0.00832	0.00255	0.00951	0.00748	0.00670	0.01383
14	0.01100	0.00783	0.00998	0.01145	0.01210	0.00741	0.00773	0.01242	0.01597	0.02107	0.04521	0.48867	0.08600	0.15703	0.01718	0.00439	0.00576	0.06479	0.00736	0.00666
15	0.02805	0.03133	0.02597	0.02738	0.15327	0.37877	0.01816	0.11573	0.02442	0.02695	0.01524	0.01839	0.01256	0.01201	0.04497	0.00301	0.04122	0.00651	0.00493	0.01113
16	0.17904	0.02456	0.02306	0.13671	0.03047	0.20684	0.04557	0.13100	0.02343	0.09755	0.01685	0.01904	0.01244	0.00890	0.00768	0.00254	0.01090	0.00660	0.00581	0.01102
17	0.01014	0.00862	0.00874	0.00871	0.01155	0.00722	0.00653	0.01238	0.01960	0.02346	0.10978	0.08112	0.62052	0.02138	0.01006	0.00287	0.00430	0.01785	0.00796	0.00722
18	0.01689	0.01557	0.02553	0.64709	0.05698	0.01929	0.02326	0.05194	0.01818	0.02335	0.01539	0.02257	0.01150	0.00859	0.00851	0.00282	0.01124	0.00757	0.00402	0.00971
19	0.02315	0.02106	0.02024	0.01798	0.02290	0.08995	0.01399	0.08790	0.52277	0.03541	0.03128	0.02915	0.02351	0.01115	0.00854	0.00279	0.00785	0.00903	0.00820	0.01316
20	0.02106	0.02022	0.03454	0.05223	0.64784	0.02022	0.02612	0.02612	0.01938	0.02780	0.01601	0.02106	0.01348	0.00758	0.00842	0.00253	0.01011	0.00758	0.00421	0.01348
21	0.01067	0.00764	0.01015	0.01164	0.01241	0.00712	0.00792	0.01262	0.01771	0.02399	0.15564	0.58018	0.06066	0.02497	0.01071	0.00331	0.00477	0.02259	0.00817	0.00712
22	0.01037	0.00741	0.00987	0.01185	0.01234	0.00691	0.00790	0.01185	0.01629	0.02172	0.04690	0.69537	0.05629	0.02666	0.01086	0.00346	0.00494	0.02419	0.00790	0.00691
23	0.02111	0.01589	0.01628	0.04829	0.01893	0.07275	0.01155	0.14790	0.02243	0.03346	0.02218	0.02578	0.01742	0.01043	0.00955	0.00239	0.09246	0.00758	0.39391	0.00974
24	0.01220	0.00895	0.01284	0.01284	0.01407	0.01018	0.00960	0.01466	0.01343	0.01914	0.02356	0.03765	0.02311	0.18469	0.54884	0.01265	0.02004	0.00974	0.00467	0.00713
25	0.01216	0.00912	0.01368	0.01368	0.01520	0.01064	0.01064	0.01520	0.01368	0.01976	0.02279	0.03343	0.02127	0.06382	0.66720	0.01368	0.02279	0.00912	0.00456	0.00760
26	0.02344	0.65520	0.04303	0.01512	0.02218	0.08204	0.01471	0.02613	0.01781	0.02008	0.01193	0.01378	0.01092	0.00739	0.00563	0.00185	0.00958	0.00462	0.00370	0.01084
27	0.01107	0.00859	0.01007	0.00984	0.01215	0.00759	0.00733	0.01412	0.02157	0.02849	0.36252	0.10723	0.32933	0.01976	0.01009	0.00281	0.00420	0.01703	0.00863	0.00759
28	0.02275	0.70604	0.04459	0.01456	0.02184	0.03367	0.01456	0.02548	0.01729	0.02002	0.01183	0.01365	0.01092	0.00728	0.00546	0.00182	0.00910	0.00455	0.00364	0.01092
29	0.02988	0.03158	0.02357	0.02038	0.02552	0.36312	0.01579	0.19917	0.14665	0.03283	0.01935	0.01995	0.01485	0.00971	0.00810	0.00243	0.01201	0.00689	0.00636	0.01185
30	0.02325	0.66953	0.04347	0.01497	0.02209	0.06841	0.01466	0.02595	0.01767	0.02007	0.01190	0.01374	0.01092	0.00736	0.00558	0.00184	0.00944	0.00460	0.00368	0.01086
31	0.01167	0.00868	0.01085	0.01031	0.01248	0.00787	0.00773	0.01533	0.02320	0.03201	0.53765	0.06705	0.18731	0.01819	0.01004	0.00271	0.00407	0.01588	0.00909	0.00787
32	0.01056	0.00864	0.00931	0.00914	0.01180	0.00740	0.00686	0.01318	0.02057	0.02578	0.22570	0.07731	0.50315	0.02051	0.01005	0.00282	0.00424	0.01732	0.00827	0.00740
33	0.01006	0.00862	0.00862	0.00862	0.01149	0.00718	0.00647	0.01221	0.01940	0.02299	0.08621	0.08190	0.64438	0.02155	0.01006	0.00287	0.00431	0.01796	0.00790	0.00718
34	0.01216	0.00912	0.01368	0.01368	0.01520	0.01064	0.01064	0.01520	0.01368	0.01976	0.02279	0.03343	0.02127	0.06382	0.66720	0.01368	0.02279	0.00912	0.00456	0.00760
35	0.01607	0.01513	0.02552	0.68047	0.05861	0.01891	0.02363	0.02174	0.01702	0.02174	0.01513	0.02269	0.01134	0.00851	0.00851	0.00284	0.01134	0.00756	0.00378	0.00945
36	0.01544	0.00789	0.00808	0.00823	0.01010	0.00785	0.00610	0.01922	0.01773	0.03096	0.02922	0.08243	0.02445	0.01119	0.00632	0.00210	0.00404	0.00917	0.69161	0.00785
37	0.01371	0.00980	0.01371	0.01567	0.01763	0.00980	0.01371	0.01763	0.01959	0.02547	0.04506	0.09599	0.04898	0.02351	0.01175	0.00392	0.00784	0.59056	0.00784	0.00784
38	0.01586	0.00793	0.00793	0.00793	0.00991	0.00793	0.00595	0.01983	0.01785	0.03173	0.02776	0.03173	0.02181	0.00991	0.00595	0.00198	0.00397	0.00793	0.74817	0.00793
39	0.03818	0.01448	0.01975	0.01514	0.02172	0.01251	0.01251	0.04147	0.02436	0.65373	0.03357	0.02897	0.02107	0.01053	0.00856	0.00263	0.00724	0.00856	0.01053	0.01448
40	0.01055	0.00762	0.01004	0.01190	0.01261	0.00710	0.00817	0.01222	0.01666	0.02202	0.04895	0.62584	0.08812	0.02619	0.01087	0.00345	0.00508	0.05774	0.00790	0.00698
41	0.01129	0.00796	0.00971	0.01050	0.01114	0.00757	0.00675	0.01253	0.01585	0.02113	0.10537	0.33603	0.09403	0.28412	0.02317	0.00517	0.00606	0.01825	0.00700	0.00638
42	0.01765	0.01513	0.01765	0.01260	0.02017	0.01134	0.01008	0.02143	0.01765	0.02773	0.01513	0.01765	0.01260	0.00630	0.00630	0.00126	0.00630	0.00504	0.00504	0.75295
43	0.01216	0.00912	0.01368	0.01368	0.01520	0.01064	0.01064	0.01520	0.01368	0.01976	0.02279	0.03343	0.02127	0.06382	0.66720	0.01368	0.02279	0.00912	0.00456	0.00760
44	0.01152	0.00755	0.00947	0.01096	0.01171	0.00718	0.00738	0.01339	0.01637	0.02333	0.04214	0.53350	0.04832	0.06139	0.01175	0.00345	0.00494	0.02044	0.14818	0.00701
45	0.02764	0.16267	0.03193	0.02539	0.09678	0.40613	0.08077	0.03078	0.02187	0.02213	0.01365	0.01647	0.01144	0.00819	0.00759	0.00223	0.01347	0.00602	0.00422	0.01064
46	0.01204	0.00870	0.01138	0.01071	0.01271	0.00803	0.00803	0.01606	0.02409	0.03413	0.64335	0.06357	0.08030	0.01740	0.01004	0.00268	0.00401	0.01539	0.00937	0.00803
47	0.02184	0.63053	0.07645	0.01504	0.02229	0.03161	0.01527	0.02498	0.01713	0.02039	0.01264	0.01500	0.01150	0.01050	0.04281	0.00253	0.01006	0.00490	0.00369	0.01083
48	0.02084	0.01999	0.03414	0.08007	0.62173	0.02016	0.02601	0.02592	0.01927	0.02753	0.01597	0.02113	0.01339	0.00762	0.00843	0.00254	0.01016	0.00758	0.00419	0.01330
49	0.02628	0.02372	0.02498	0.07586	0.14534	0.14678	0.01776	0.16292	0.18513	0.07112	0.02227	0.02320	0.01676	0.00967	0.00837	0.00259	0.01000	0.00778	0.00669	0.01274
50	0.01601	0.01182	0.01546	0.01433	0.01669	0.01337	0.01111	0.12953	0.01854	0.02584	0.02277	0.03332	0.02101	0.12113	0.47616	0.01099	0.01871	0.00919	0.00537	0.00864
51	0.01989	0.47438	0.13070	0.01585	0.02283	0.02721	0.01635	0.02375	0.01671	0.02101	0.01443	0.01805	0.01286	0.01813	0.13139	0.00420	0.01222	0.00568	0.00381	0.01054
52	0.02138	0.01532	0.04469	0.01432	0.01830	0.01494	0.01165	0.20225	0.02474	0.09299	0.12009	0.03637	0.02945	0.12766	0.10527	0.00497	0.00959	0.00986	0.08588	0.01027
53	0.01371	0.00980	0.01223	0.01251	0.01533	0.00893	0.01033	0.01700	0.02017	0.05674	0.12542	0.07974	0.25160	0.02053	0.01051	0.00321	0.00608	0.26803	0.00801	0.05013
54	0.02807	0.22390	0.02993	0.07018	0.02753	0.44100	0.01647	0.03068	0.02167	0.02067	0.01294	0.01544	0.01098	0.00834	0.00712	0.00214	0.01330	0.00538	0.00413	0.01013
55	0.09841	0.03306	0.02270	0.01996	0.02475	0.43792	0.01537	0.15039	0.02581	0.02901	0.01508	0.01732	0.01213	0.01228	0.04708	0.00299	0.01377	0.00606	0.00531	0.01060
56	0.01194	0.00827	0.01012	0.01097	0.01153	0.00808	0.00731	0.01305	0.01486	0.01960	0.03748	0.24109	0.06371	0.38160	0.02809	0.00604	0.00712	0.10656	0.00644	0.00614
57	0.02300	0.30916	0.02973	0.01652	0.02146	0.23924	0.01397	0.02558	0.01899	0.02041	0.01858	0.02190	0.04856	0.01956	0.13494	0.00431	0.01358	0.00650	0.00431	0.00971
58	0.02275	0.70604	0.04459	0.01456	0.02184	0.03367	0.01456	0.02548	0.01729	0.02002	0.01183	0.01365	0.01092	0.00728	0.00546	0.00182	0.00910	0.00455	0.00364	0.01092
59	0.01009	0.00850	0.00875	0.00894	0.01158	0.00716	0.00661	0.01218	0.01909	0.02286	0.08227	0.14332	0.58550	0.02206	0.01014	0.00293	0.00437	0.01858	0.00790	0.00716
60	0.01707	0.04402	0.65683	0.02426	0.03683	0.01976	0.03144	0.02695	0.01797	0.02695	0.01527	0.01797	0.01078	0.00809	0.00809	0.00270	0.01258	0.00629	0.00359	0.01258
61	0.02171	0.02259	0.03587	0.08351	0.43228	0.08887	0.13703	0.02691	0.01987	0.02660	0.01588	0.02091	0.01298	0.00769	0.00866	0.00258	0.01154	0.00783	0.00422	0.01248
62	0.16948	0.03490	0.02201	0.01991	0.02424	0.51210	0.01518	0.03161	0.02174	0.02410	0.01281	0.01522	0.01064	0.00891	0.00822	0.00235	0.04692	0.00541	0.00452	0.00971
63	0.02294	0.04732	0.08080	0.01444	0.01918	0.04597	0.01276	0.02808	0.05220	0.20624	0.16571	0.03449	0.03239	0.01177	0.00917	0.00253	0.04201	0.00942	0.15173	0.01085
64	0.04502	0.01937	0.01707	0.10985	0.02345	0.19631	0.01297	0.02219	0.02045	0.02532	0.12932	0.04133	0.14455	0.01348	0.00965	0.00263	0.04684	0.03119	0.08034	0.00869
65	0.02007	0.14589	0.34813	0.02478	0.03442	0.08426	0.14742	0.02720	0.01869	0.02506	0.01476	0.01807	0.01127	0.00809	0.00878	0.00258	0.03826	0.00675	0.00383	0.01170
66	0.06637	0.01784	0.05469	0.04965	0.02358	0.01727	0.01403	0.09231	0.23119	0.10691	0.02846	0.08033	0.02339	0.01183	0.00841	0.00267	0.00748	0.04185	0.00753	0.11422
67	0.10498	0.13120	0.02855	0.05735	0.14411	0.14954	0.01750	0.20831	0.02564	0.03392	0.01567	0.01792	0.01234	0.00865	0.00751	0.00239	0.01043	0.00641	0.00556	0.01203
68	0.02148	0.06043	0.14221	0.01621	0.02213	0.08399	0.01527	0.05572	0.05217	0.13851	0.08154	0.03737	0.14015	0.01762	0.07392	0.00371	0.01006	0.00994	0.00677	0.01081
69	0.15450	0.02445	0.05745	0.16073	0.07107	0.14605	0.16469	0.07219	0.02063	0.02885	0.01513	0.01927	0.01161	0.00818	0.00812	0.00264	0.01184	0.00719	0.00467	0.01073
70	0.10562	0.05488	0.02533	0.20856	0.14255	0.24729	0.01887	0.02697	0.01975	0.02429	0.01686	0.02076	0.03613	0.00883	0.00777	0.00249	0.01163	0.00678	0.00439	0.01025
71	0.02442	0.05707	0.02170	0.05456	0.02371	0.14084	0.01423	0.23533	0.05657	0.03299	0.02273	0.03382	0.02051	0.12102	0.03906	0.00394	0.01063	0.06971	0.00648	0.01067
72	0.01994	0.20427	0.02620	0.06769	0.02298	0.08625	0.01445	0.02562	0.09851	0.02372	0.02165	0.02494	0.04966	0.01489	0.06141	0.00341	0.13658	0.00752	0.08034	0.00998

[dist]
# distance from previous block
# <min> <max>
2	50

[block]
# block no. 8 follows, 21 sequences, length 15
# corresponding to MSA columns:
# 445-459
name=unknown_I
#
# <colnr> <probs for GDERKNQSTAVLIFYWHMCP>
#	G	D	E	R	K	N	Q	S	T	A	V	L	I	F	Y	W	H	M	C	P
0	0.02134	0.08804	0.14888	0.01804	0.02384	0.18325	0.01666	0.02903	0.11953	0.04748	0.10934	0.02938	0.04558	0.01535	0.06451	0.00346	0.01124	0.00845	0.00589	0.01070
1	0.01830	0.24695	0.02737	0.01591	0.02069	0.02144	0.04927	0.02661	0.16807	0.02440	0.02561	0.02872	0.05702	0.02584	0.20140	0.00570	0.01257	0.00831	0.00545	0.01037
2	0.02125	0.45268	0.03446	0.01525	0.02075	0.10570	0.01383	0.02399	0.01724	0.02006	0.01469	0.01873	0.01348	0.02139	0.16875	0.00479	0.01324	0.00579	0.00396	0.00997
3	0.01847	0.20710	0.50601	0.02187	0.03314	0.02319	0.02728	0.02659	0.01780	0.02524	0.01442	0.01690	0.01081	0.00789	0.00744	0.00248	0.01172	0.00586	0.00360	0.01217
4	0.02816	0.04141	0.17998	0.02250	0.02890	0.50738	0.02014	0.03225	0.02260	0.02234	0.01368	0.01599	0.01092	0.00860	0.00777	0.00232	0.01466	0.00568	0.00419	0.01053
5	0.02238	0.03659	0.49666	0.02196	0.03303	0.01794	0.02668	0.03060	0.01957	0.18453	0.01987	0.02073	0.01337	0.00870	0.00820	0.00268	0.01124	0.00686	0.00534	0.01306
6	0.02864	0.03532	0.02458	0.02202	0.02536	0.51377	0.01696	0.03076	0.02147	0.02074	0.01268	0.01613	0.01101	0.01023	0.01251	0.00256	0.17533	0.00595	0.00423	0.00973
7	0.01190	0.01006	0.01248	0.01449	0.08990	0.00899	0.00926	0.01487	0.02055	0.02632	0.21484	0.06992	0.42799	0.01881	0.00985	0.00278	0.00495	0.01605	0.00781	0.00817
8	0.01651	0.01540	0.02499	0.62380	0.05549	0.01910	0.02277	0.02375	0.06960	0.02293	0.01679	0.02346	0.01259	0.00877	0.00852	0.00284	0.01095	0.00774	0.00420	0.00980
9	0.02359	0.02724	0.10764	0.06451	0.36677	0.14586	0.02380	0.08721	0.02210	0.02870	0.01577	0.01958	0.01268	0.00818	0.00825	0.00250	0.01140	0.00702	0.00459	0.01261
10	0.01594	0.01238	0.01332	0.01173	0.01540	0.01208	0.00916	0.16255	0.02539	0.03270	0.17830	0.06319	0.37956	0.01795	0.00967	0.00276	0.00550	0.01492	0.00834	0.00914
11	0.02972	0.02677	0.08829	0.02004	0.02703	0.07995	0.01748	0.45597	0.09204	0.04645	0.02062	0.02081	0.01488	0.01000	0.00841	0.00257	0.00995	0.00752	0.00768	0.01379
12	0.02914	0.03379	0.02292	0.02041	0.02441	0.48150	0.01563	0.09026	0.02410	0.02512	0.01507	0.01770	0.01235	0.00959	0.00946	0.00235	0.07543	0.00611	0.07455	0.01010
13	0.01333	0.00918	0.01139	0.01100	0.01355	0.00829	0.00857	0.01674	0.02216	0.06897	0.36496	0.07089	0.23845	0.01896	0.01017	0.00289	0.00479	0.08873	0.00882	0.00816
14	0.02998	0.03765	0.02573	0.02273	0.02697	0.57453	0.04990	0.03242	0.02292	0.02115	0.01320	0.01606	0.01109	0.00922	0.00959	0.00236	0.07436	0.00591	0.00432	0.00991

[dist]
# distance from previous block
# <min> <max>
0	1

[block]
# block no. 9 follows, 21 sequences, length 46
# corresponding to MSA columns:
# 461-506
name=unknown_J
#
# <colnr> <probs for GDERKNQSTAVLIFYWHMCP>
#	G	D	E	R	K	N	Q	S	T	A	V	L	I	F	Y	W	H	M	C	P
0	0.02358	0.64534	0.04273	0.01523	0.02225	0.09143	0.01473	0.02626	0.01791	0.02010	0.01195	0.01381	0.01092	0.00742	0.00566	0.00185	0.00967	0.00464	0.00371	0.01082
1	0.03760	0.01686	0.02015	0.01576	0.02214	0.07219	0.01287	0.04079	0.02434	0.59600	0.03171	0.02772	0.02014	0.01037	0.00848	0.00259	0.00798	0.00828	0.00997	0.01406
2	0.01196	0.00810	0.00950	0.00986	0.01006	0.00797	0.00585	0.01245	0.01374	0.01842	0.06146	0.18366	0.03845	0.53248	0.03519	0.00702	0.00738	0.01488	0.00591	0.00565
3	0.02358	0.64534	0.04273	0.01523	0.02225	0.09143	0.01473	0.02626	0.01791	0.02010	0.01195	0.01381	0.01092	0.00742	0.00566	0.00185	0.00967	0.00464	0.00371	0.01082
4	0.01652	0.01386	0.01614	0.01518	0.01764	0.07250	0.01187	0.09387	0.01798	0.02417	0.02161	0.03013	0.01947	0.05197	0.52314	0.01121	0.02040	0.00860	0.00505	0.00868
5	0.01217	0.00907	0.01345	0.01345	0.01489	0.01051	0.01035	0.01505	0.01361	0.01958	0.02301	0.03460	0.02178	0.09727	0.63444	0.01339	0.02203	0.00929	0.00459	0.00747
6	0.02358	0.64534	0.04273	0.01523	0.02225	0.09143	0.01473	0.02626	0.01791	0.02010	0.01195	0.01381	0.01092	0.00742	0.00566	0.00185	0.00967	0.00464	0.00371	0.01082
7	0.03126	0.07955	0.02532	0.02149	0.02605	0.62966	0.01633	0.03348	0.02372	0.02078	0.01308	0.01525	0.01096	0.00868	0.00754	0.00217	0.01498	0.00543	0.00434	0.00993
8	0.02106	0.02022	0.03454	0.05223	0.64784	0.02022	0.02612	0.02612	0.01938	0.02780	0.01601	0.02106	0.01348	0.00758	0.00842	0.00253	0.01011	0.00758	0.00421	0.01348
9	0.01037	0.00741	0.00987	0.01185	0.01234	0.00691	0.00790	0.01185	0.01629	0.02172	0.04690	0.69537	0.05629	0.02666	0.01086	0.00346	0.00494	0.02419	0.00790	0.00691
10	0.13662	0.02358	0.02139	0.05217	0.02476	0.14036	0.01445	0.32621	0.02966	0.04122	0.01838	0.01991	0.01371	0.00949	0.00759	0.00245	0.00955	0.00684	0.08978	0.01186
11	0.01039	0.00834	0.00928	0.00967	0.01186	0.00723	0.00701	0.01261	0.01924	0.02410	0.14760	0.22885	0.42943	0.02227	0.01025	0.00299	0.00443	0.01915	0.00809	0.00723
12	0.01556	0.10641	0.38748	0.01873	0.02740	0.01736	0.02199	0.02216	0.01794	0.02479	0.03193	0.11549	0.13285	0.01283	0.00851	0.00273	0.00970	0.01052	0.00494	0.01068
13	0.04924	0.02146	0.03074	0.21090	0.36174	0.10224	0.05129	0.02598	0.01921	0.02569	0.01531	0.02057	0.01241	0.00797	0.00831	0.00259	0.01117	0.00731	0.00417	0.01171
14	0.03179	0.04056	0.02412	0.02192	0.02631	0.66676	0.01644	0.03398	0.02412	0.02083	0.01315	0.01535	0.01096	0.00877	0.00767	0.00219	0.01535	0.00548	0.00438	0.00987
15	0.01765	0.01513	0.01765	0.01260	0.02017	0.01134	0.01008	0.02143	0.01765	0.02773	0.01513	0.01765	0.01260	0.00630	0.00630	0.00126	0.00630	0.00504	0.00504	0.75295
16	0.02275	0.70604	0.04459	0.01456	0.02184	0.03367	0.01456	0.02548	0.01729	0.02002	0.01183	0.01365	0.01092	0.00728	0.00546	0.00182	0.00910	0.00455	0.00364	0.01092
17	0.01058	0.00827	0.00959	0.01004	0.01201	0.00728	0.00723	0.01293	0.01948	0.02500	0.19419	0.26191	0.34678	0.02219	0.01029	0.00301	0.00443	0.01928	0.00822	0.00728
18	0.01216	0.00912	0.01368	0.01368	0.01520	0.01064	0.01064	0.01520	0.01368	0.01976	0.02279	0.03343	0.02127	0.06382	0.66720	0.01368	0.02279	0.00912	0.00456	0.00760
19	0.46857	0.01804	0.01690	0.01391	0.01976	0.01997	0.01147	0.17860	0.02244	0.13339	0.01725	0.01775	0.01231	0.00888	0.00658	0.00261	0.00739	0.00597	0.00687	0.01133
20	0.01238	0.00825	0.00928	0.00928	0.00928	0.00825	0.00516	0.01238	0.01238	0.01650	0.02681	0.05569	0.03094	0.70092	0.04331	0.00825	0.00825	0.01238	0.00516	0.00516
21	0.01146	0.00868	0.01056	0.01009	0.01235	0.00778	0.00757	0.01492	0.02270	0.03084	0.47879	0.06898	0.24691	0.01862	0.01004	0.00273	0.00410	0.01615	0.00894	0.00778
22	0.01478	0.00739	0.01109	0.01109	0.01109	0.00739	0.00739	0.01109	0.01109	0.01478	0.01478	0.02587	0.01478	0.02956	0.03326	0.75240	0.00739	0.00739	0.00370	0.00370
23	0.01078	0.00773	0.01025	0.01157	0.01243	0.00719	0.00793	0.01289	0.01822	0.02479	0.19434	0.53920	0.06222	0.02437	0.01066	0.00326	0.00471	0.02202	0.00826	0.00719
24	0.03179	0.04056	0.02412	0.02192	0.02631	0.66676	0.01644	0.03398	0.02412	0.02083	0.01315	0.01535	0.01096	0.00877	0.00767	0.00219	0.01535	0.00548	0.00438	0.00987
25	0.01199	0.00934	0.01074	0.01126	0.01358	0.00861	0.00861	0.04633	0.01976	0.02477	0.06547	0.23831	0.35703	0.02258	0.01047	0.00318	0.00535	0.11706	0.00792	0.00763
26	0.01213	0.00815	0.00935	0.00960	0.00966	0.00809	0.00549	0.01231	0.01286	0.01714	0.02929	0.13449	0.03406	0.61787	0.03932	0.00766	0.00784	0.01383	0.00549	0.00537
27	0.01028	0.00863	0.00893	0.00885	0.01163	0.00728	0.00664	0.01264	0.01992	0.02424	0.14854	0.07985	0.58128	0.02109	0.01006	0.00285	0.00428	0.01767	0.00807	0.00728
28	0.02908	0.02135	0.02277	0.01799	0.02400	0.02366	0.01469	0.47924	0.11299	0.04889	0.02306	0.02314	0.01676	0.01035	0.00824	0.00253	0.00843	0.00794	0.09128	0.01361
29	0.01282	0.00821	0.00911	0.00911	0.00936	0.00821	0.00526	0.01332	0.01307	0.01844	0.02693	0.05264	0.02978	0.61291	0.03856	0.00745	0.00770	0.01181	0.09979	0.00551
30	0.01313	0.01067	0.01193	0.01186	0.01447	0.01063	0.00876	0.02070	0.16810	0.02738	0.14632	0.22299	0.26112	0.01981	0.00992	0.00300	0.00501	0.01714	0.00830	0.00877
31	0.01141	0.00873	0.01078	0.01049	0.01262	0.00823	0.00787	0.01445	0.02013	0.02703	0.31664	0.06393	0.25841	0.05426	0.13194	0.00498	0.00773	0.01499	0.00782	0.00755
32	0.01238	0.00825	0.00928	0.00928	0.00928	0.00825	0.00516	0.01238	0.01238	0.01650	0.02681	0.05569	0.03094	0.70092	0.04331	0.00825	0.00825	0.01238	0.00516	0.00516
33	0.01238	0.00825	0.00928	0.00928	0.00928	0.00825	0.00516	0.01238	0.01238	0.01650	0.02681	0.05569	0.03094	0.70092	0.04331	0.00825	0.00825	0.01238	0.00516	0.00516
34	0.01042	0.00773	0.00956	0.01098	0.01197	0.00705	0.00742	0.01196	0.01676	0.02170	0.05449	0.52114	0.18589	0.06503	0.01258	0.00361	0.00499	0.02211	0.00774	0.00687
35	0.01238	0.00825	0.00928	0.00928	0.00928	0.00825	0.00516	0.01238	0.01238	0.01650	0.02681	0.05569	0.03094	0.70092	0.04331	0.00825	0.00825	0.01238	0.00516	0.00516
36	0.03179	0.04056	0.02412	0.02192	0.02631	0.66676	0.01644	0.03398	0.02412	0.02083	0.01315	0.01535	0.01096	0.00877	0.00767	0.00219	0.01535	0.00548	0.00438	0.00987
37	0.01153	0.00796	0.00995	0.01075	0.01203	0.00728	0.00759	0.01210	0.01627	0.02065	0.05253	0.28370	0.25013	0.02543	0.01617	0.18841	0.00548	0.04891	0.00686	0.00626
38	0.02279	0.02220	0.03222	0.08328	0.49928	0.08311	0.02417	0.07820	0.02149	0.02902	0.01606	0.02055	0.01320	0.00798	0.00836	0.00252	0.01062	0.00739	0.00458	0.01298
39	0.03179	0.04056	0.02412	0.02192	0.02631	0.66676	0.01644	0.03398	0.02412	0.02083	0.01315	0.01535	0.01096	0.00877	0.00767	0.00219	0.01535	0.00548	0.00438	0.00987
40	0.01279	0.01035	0.01165	0.01162	0.01431	0.01009	0.00885	0.01934	0.13226	0.02716	0.15792	0.15195	0.30777	0.01990	0.01006	0.00302	0.00511	0.06907	0.00827	0.00850
41	0.01195	0.00832	0.00916	0.00916	0.00969	0.00805	0.00540	0.01235	0.01366	0.01769	0.03771	0.06050	0.14350	0.57626	0.03721	0.00726	0.00753	0.01340	0.00566	0.00553
42	0.01322	0.00905	0.01056	0.01029	0.01079	0.00935	0.00634	0.03938	0.01375	0.01855	0.02602	0.05131	0.02899	0.58946	0.12125	0.00869	0.01015	0.01175	0.00523	0.00588
43	0.21221	0.02966	0.02167	0.01858	0.02390	0.31731	0.01458	0.20489	0.02644	0.03482	0.01498	0.01647	0.01157	0.00898	0.00733	0.00241	0.01141	0.00591	0.00582	0.01107
44	0.02280	0.36864	0.07069	0.02114	0.10272	0.11356	0.01685	0.02920	0.10506	0.02423	0.03978	0.01949	0.01598	0.00855	0.00691	0.00219	0.00974	0.00628	0.00473	0.01145
45	0.02284	0.01666	0.01847	0.01579	0.02056	0.01772	0.01281	0.25044	0.14032	0.07656	0.08029	0.04681	0.14194	0.01473	0.00934	0.00286	0.00727	0.08441	0.00852	0.01168

[dist]
# distance from previous block
# <min> <max>
4	26

[block]
# block no. 10 follows, 21 sequences, length 149
# corresponding to MSA columns:
# 533-681
name=unknown_K
#
# <colnr> <probs for GDERKNQSTAVLIFYWHMCP>
#	G	D	E	R	K	N	Q	S	T	A	V	L	I	F	Y	W	H	M	C	P
0	0.02283	0.06529	0.27367	0.02107	0.02876	0.26320	0.02126	0.03061	0.09129	0.02507	0.02154	0.02287	0.05702	0.00965	0.00802	0.00250	0.01222	0.00711	0.00478	0.01121
