[name]
unknown

[dist]
# distance from previous block
# <min> <max>
0	5

[block]
# block no. 0 follows, 21 sequences, length 63
# corresponding to MSA columns:
# 5-67
name=unknown_A
#
# <colnr> <probs for GDERKNQSTAVLIFYWHMCP>
#	G	D	E	R	K	N	Q	S	T	A	V	L	I	F	Y	W	H	M	C	P
0	0.01483	0.01065	0.01273	0.01252	0.01548	0.01021	0.01014	0.04821	0.05940	0.06254	0.16626	0.07370	0.26219	0.01959	0.01031	0.00312	0.00586	0.18521	0.00837	0.00868
1	0.27321	0.03040	0.35939	0.01817	0.02700	0.01817	0.02105	0.02502	0.01748	0.03166	0.08717	0.02184	0.01833	0.00910	0.00734	0.00267	0.00951	0.00677	0.00484	0.01089
2	0.02418	0.22123	0.03526	0.03372	0.31954	0.06052	0.02043	0.13380	0.02277	0.02984	0.01544	0.01848	0.01278	0.00804	0.00754	0.00231	0.00997	0.00660	0.00483	0.01272
3	0.01607	0.01513	0.02552	0.68047	0.05861	0.01891	0.02363	0.02174	0.01702	0.02174	0.01513	0.02269	0.01134	0.00851	0.00851	0.00284	0.01134	0.00756	0.00378	0.00945
4	0.01257	0.01000	0.01078	0.01048	0.01328	0.00920	0.00783	0.07601	0.02127	0.02663	0.10494	0.18546	0.43874	0.02105	0.01004	0.00293	0.00494	0.01786	0.00805	0.00795
5	0.02275	0.70604	0.04459	0.01456	0.02184	0.03367	0.01456	0.02548	0.01729	0.02002	0.01183	0.01365	0.01092	0.00728	0.00546	0.00182	0.00910	0.00455	0.00364	0.01092
6	0.02770	0.02756	0.02204	0.01884	0.02302	0.28536	0.01443	0.23454	0.02691	0.03153	0.01806	0.02463	0.01582	0.13496	0.01561	0.00351	0.05134	0.00761	0.00593	0.01060
7	0.01607	0.01513	0.02552	0.68047	0.05861	0.01891	0.02363	0.02174	0.01702	0.02174	0.01513	0.02269	0.01134	0.00851	0.00851	0.00284	0.01134	0.00756	0.00378	0.00945
8	0.02706	0.11012	0.02863	0.02174	0.02595	0.33959	0.05199	0.09082	0.02218	0.02447	0.01354	0.01689	0.01149	0.01007	0.01234	0.00258	0.16921	0.00633	0.00457	0.01044
9	0.01238	0.00825	0.00928	0.00928	0.00928	0.00825	0.00516	0.01238	0.01238	0.01650	0.02681	0.05569	0.03094	0.70092	0.04331	0.00825	0.00825	0.01238	0.00516	0.00516
10	0.02275	0.70604	0.04459	0.01456	0.02184	0.03367	0.01456	0.02548	0.01729	0.02002	0.01183	0.01365	0.01092	0.00728	0.00546	0.00182	0.00910	0.00455	0.00364	0.01092
11	0.15116	0.09286	0.01719	0.01284	0.01588	0.01590	0.01003	0.08078	0.01667	0.02585	0.02031	0.03184	0.01962	0.20250	0.24366	0.00776	0.01318	0.00844	0.00515	0.00838
12	0.01162	0.00858	0.01090	0.01085	0.01278	0.00786	0.00812	0.01501	0.02206	0.03024	0.44195	0.15256	0.16124	0.01964	0.01026	0.00289	0.00442	0.05242	0.00885	0.00774
13	0.01037	0.00741	0.00987	0.01185	0.01234	0.00691	0.00790	0.01185	0.01629	0.02172	0.04690	0.69537	0.05629	0.02666	0.01086	0.00346	0.00494	0.02419	0.00790	0.00691
14	0.01765	0.01513	0.01765	0.01260	0.02017	0.01134	0.01008	0.02143	0.01765	0.02773	0.01513	0.01765	0.01260	0.00630	0.00630	0.00126	0.00630	0.00504	0.00504	0.75295
15	0.01162	0.00868	0.01079	0.01027	0.01246	0.00785	0.00770	0.01525	0.02310	0.03177	0.52559	0.06744	0.19953	0.01828	0.01004	0.00272	0.00408	0.01593	0.00906	0.00785
16	0.01862	0.01862	0.02607	0.02234	0.02234	0.02607	0.01862	0.02048	0.01303	0.02048	0.01117	0.01862	0.01117	0.01489	0.02793	0.00372	0.68535	0.00745	0.00372	0.00931
17	0.01148	0.00868	0.01059	0.01011	0.01237	0.00779	0.00758	0.01496	0.02275	0.03094	0.48408	0.06881	0.24155	0.01859	0.01004	0.00273	0.00410	0.01612	0.00895	0.00779
18	0.02275	0.70604	0.04459	0.01456	0.02184	0.03367	0.01456	0.02548	0.01729	0.02002	0.01183	0.01365	0.01092	0.00728	0.00546	0.00182	0.00910	0.00455	0.00364	0.01092
19	0.01065	0.00864	0.00944	0.00924	0.01185	0.00743	0.00693	0.01335	0.02078	0.02628	0.25089	0.07648	0.47765	0.02032	0.01005	0.00282	0.00422	0.01720	0.00834	0.00743
20	0.02275	0.70604	0.04459	0.01456	0.02184	0.03367	0.01456	0.02548	0.01729	0.02002	0.01183	0.01365	0.01092	0.00728	0.00546	0.00182	0.00910	0.00455	0.00364	0.01092
21	0.02005	0.02394	0.09013	0.03801	0.15318	0.02116	0.46869	0.02703	0.01981	0.02734	0.01686	0.02226	0.01286	0.00731	0.00961	0.00280	0.01346	0.00933	0.00424	0.01192
22	0.01006	0.00862	0.00862	0.00862	0.01149	0.00718	0.00647	0.01221	0.01940	0.02299	0.08621	0.08190	0.64438	0.02155	0.01006	0.00287	0.00431	0.01796	0.00790	0.00718
23	0.03182	0.03965	0.02419	0.02180	0.02631	0.63182	0.01643	0.06592	0.02498	0.02262	0.01355	0.01562	0.01115	0.00885	0.00772	0.00221	0.01502	0.00560	0.00461	0.01012
24	0.01707	0.04402	0.65683	0.02426	0.03683	0.01976	0.03144	0.02695	0.01797	0.02695	0.01527	0.01797	0.01078	0.00809	0.00809	0.00270	0.01258	0.00629	0.00359	0.01258
25	0.01737	0.02235	0.22683	0.01795	0.02422	0.01434	0.05444	0.02317	0.02035	0.09781	0.23222	0.03842	0.06023	0.01625	0.05653	0.00353	0.04641	0.01055	0.00659	0.01045
26	0.02985	0.03688	0.02600	0.02741	0.13885	0.54969	0.01819	0.03256	0.02326	0.02209	0.01367	0.01638	0.01142	0.00855	0.00781	0.00225	0.01440	0.00586	0.00435	0.01052
27	0.02106	0.02022	0.03454	0.05223	0.64784	0.02022	0.02612	0.02612	0.01938	0.02780	0.01601	0.02106	0.01348	0.00758	0.00842	0.00253	0.01011	0.00758	0.00421	0.01348
28	0.02117	0.01828	0.01924	0.01732	0.02213	0.02117	0.01347	0.04522	0.63246	0.03560	0.03464	0.03175	0.02598	0.01155	0.00866	0.00289	0.00673	0.00962	0.00866	0.01347
29	0.01586	0.00793	0.00793	0.00793	0.00991	0.00793	0.00595	0.01983	0.01785	0.03173	0.02776	0.03173	0.02181	0.00991	0.00595	0.00198	0.00397	0.00793	0.74817	0.00793
30	0.01726	0.01622	0.02560	0.03718	0.42825	0.01572	0.01934	0.02132	0.01938	0.02614	0.04023	0.04206	0.23119	0.01240	0.00899	0.00265	0.00811	0.01116	0.00549	0.01131
31	0.01216	0.00912	0.01368	0.01368	0.01520	0.01064	0.01064	0.01520	0.01368	0.01976	0.02279	0.03343	0.02127	0.06382	0.66720	0.01368	0.02279	0.00912	0.00456	0.00760
32	0.01037	0.00863	0.00906	0.00895	0.01169	0.00732	0.00672	0.01283	0.02015	0.02477	0.17506	0.07898	0.55443	0.02089	0.01005	0.00284	0.00426	0.01755	0.00814	0.00732
33	0.03043	0.02199	0.02349	0.01822	0.02447	0.02424	0.01499	0.54969	0.03743	0.05108	0.02128	0.02175	0.01533	0.01018	0.00821	0.00249	0.00874	0.00769	0.09457	0.01371
34	0.76103	0.01646	0.01251	0.01119	0.01646	0.01909	0.00922	0.02502	0.01448	0.03818	0.01185	0.01382	0.00922	0.00790	0.00527	0.00263	0.00658	0.00461	0.00527	0.00922
35	0.03179	0.04056	0.02412	0.02192	0.02631	0.66676	0.01644	0.03398	0.02412	0.02083	0.01315	0.01535	0.01096	0.00877	0.00767	0.00219	0.01535	0.00548	0.00438	0.00987
36	0.01207	0.00921	0.01117	0.01074	0.01311	0.00855	0.00817	0.01659	0.05277	0.03091	0.44071	0.06829	0.22124	0.01847	0.01006	0.00280	0.00441	0.04378	0.00888	0.00807
37	0.03179	0.04056	0.02412	0.02192	0.02631	0.66676	0.01644	0.03398	0.02412	0.02083	0.01315	0.01535	0.01096	0.00877	0.00767	0.00219	0.01535	0.00548	0.00438	0.00987
38	0.05928	0.01532	0.01814	0.01371	0.01997	0.01346	0.01105	0.02122	0.01674	0.02709	0.01485	0.01831	0.01267	0.01019	0.04087	0.00223	0.08613	0.00550	0.00488	0.58841
39	0.01710	0.15131	0.28964	0.01941	0.02638	0.02082	0.02111	0.02282	0.01661	0.02373	0.05078	0.02283	0.01680	0.02025	0.13784	0.00481	0.11586	0.00721	0.00413	0.01056
40	0.01123	0.00861	0.01032	0.01029	0.01248	0.00770	0.00773	0.01431	0.02137	0.02835	0.34779	0.13093	0.28798	0.02014	0.01021	0.00289	0.00441	0.04708	0.00860	0.00760
41	0.01216	0.00912	0.01368	0.01368	0.01520	0.01064	0.01064	0.01520	0.01368	0.01976	0.02279	0.03343	0.02127	0.06382	0.66720	0.01368	0.02279	0.00912	0.00456	0.00760
42	0.02859	0.02737	0.02163	0.01863	0.02357	0.28033	0.01450	0.18626	0.13842	0.06401	0.02153	0.02209	0.01627	0.00986	0.00793	0.00241	0.01060	0.00721	0.08706	0.01173
43	0.02106	0.02022	0.03454	0.05223	0.64784	0.02022	0.02612	0.02612	0.01938	0.02780	0.01601	0.02106	0.01348	0.00758	0.00842	0.00253	0.01011	0.00758	0.00421	0.01348
44	0.03179	0.04056	0.02412	0.02192	0.02631	0.66676	0.01644	0.03398	0.02412	0.02083	0.01315	0.01535	0.01096	0.00877	0.00767	0.00219	0.01535	0.00548	0.00438	0.00987
45	0.02117	0.01828	0.01924	0.01732	0.02213	0.02117	0.01347	0.04522	0.63246	0.03560	0.03464	0.03175	0.02598	0.01155	0.00866	0.00289	0.00673	0.00962	0.00866	0.01347
46	0.03198	0.03479	0.02461	0.02112	0.02634	0.44578	0.01635	0.23602	0.02960	0.03215	0.01567	0.01710	0.01217	0.00927	0.00796	0.00232	0.01328	0.00623	0.00581	0.01146
47	0.28344	0.03224	0.02011	0.01822	0.02291	0.44326	0.01395	0.03089	0.02079	0.02682	0.01270	0.01482	0.01036	0.00847	0.00684	0.00234	0.01232	0.00518	0.00469	0.00964
48	0.02097	0.02056	0.03145	0.14355	0.47571	0.05995	0.02425	0.02728	0.06252	0.02700	0.01701	0.02171	0.01388	0.00808	0.00841	0.00258	0.01038	0.00759	0.00447	0.01264
49	0.01029	0.00771	0.00956	0.01103	0.01213	0.00698	0.00754	0.01194	0.01708	0.02204	0.05684	0.54034	0.20490	0.02537	0.01066	0.00331	0.00478	0.02262	0.00790	0.00698
50	0.02021	0.01716	0.01802	0.01611	0.02076	0.01934	0.01256	0.08051	0.49459	0.03489	0.04172	0.03882	0.12213	0.01302	0.00887	0.00286	0.00654	0.01079	0.00853	0.01256
51	0.02107	0.02008	0.03346	0.04977	0.60374	0.02029	0.02523	0.02746	0.06258	0.02835	0.01732	0.02182	0.01436	0.00786	0.00844	0.00255	0.00987	0.00773	0.00453	0.01348
52	0.01055	0.00820	0.00959	0.01017	0.01203	0.00725	0.00728	0.01282	0.01918	0.02466	0.17822	0.29765	0.32683	0.02259	0.01034	0.00304	0.00448	0.01970	0.00818	0.00725
53	0.01031	0.00806	0.00935	0.01023	0.01195	0.00711	0.00722	0.01226	0.01823	0.02303	0.09939	0.36394	0.34131	0.02368	0.01043	0.00313	0.00458	0.02069	0.00798	0.00711
54	0.76103	0.01646	0.01251	0.01119	0.01646	0.01909	0.00922	0.02502	0.01448	0.03818	0.01185	0.01382	0.00922	0.00790	0.00527	0.00263	0.00658	0.00461	0.00527	0.00922
55	0.76103	0.01646	0.01251	0.01119	0.01646	0.01909	0.00922	0.02502	0.01448	0.03818	0.01185	0.01382	0.00922	0.00790	0.00527	0.00263	0.00658	0.00461	0.00527	0.00922
56	0.06987	0.24029	0.13122	0.01751	0.02487	0.13976	0.01678	0.05932	0.02090	0.13994	0.01720	0.01801	0.01292	0.00840	0.00704	0.00223	0.01017	0.00592	0.00544	0.05220
57	0.01272	0.01009	0.01625	0.01524	0.01726	0.01140	0.05336	0.01605	0.01413	0.02028	0.02240	0.03269	0.02069	0.05983	0.62089	0.01292	0.02220	0.00918	0.00454	0.00787
58	0.02556	0.03107	0.01983	0.01821	0.02204	0.47069	0.01366	0.02796	0.02326	0.02277	0.09971	0.03301	0.13372	0.01209	0.00838	0.00237	0.01203	0.00889	0.00560	0.00917
59	0.01216	0.00912	0.01368	0.01368	0.01520	0.01064	0.01064	0.01520	0.01368	0.01976	0.02279	0.03343	0.02127	0.06382	0.66720	0.01368	0.02279	0.00912	0.00456	0.00760
60	0.02177	0.20065	0.24814	0.02349	0.03241	0.02317	0.16694	0.02801	0.01880	0.09787	0.01680	0.01941	0.01255	0.00830	0.00899	0.00256	0.04650	0.00709	0.00459	0.01194
61	0.01622	0.01201	0.01343	0.01206	0.01522	0.01187	0.00922	0.15646	0.02383	0.03094	0.14650	0.10120	0.29248	0.01951	0.01245	0.09002	0.00586	0.01433	0.00779	0.00862
62	0.01827	0.01804	0.13913	0.01841	0.08562	0.01274	0.01515	0.02392	0.05130	0.13173	0.19262	0.08084	0.14829	0.01441	0.00923	0.00275	0.00707	0.01235	0.00753	0.01060

[dist]
# distance from previous block
# <min> <max>
1	66

[block]
# block no. 1 follows, 21 sequences, length 147
# corresponding to MSA columns:
# 134-280
name=unknown_B
#
# <colnr> <probs for GDERKNQSTAVLIFYWHMCP>
#	G	D	E	R	K	N	Q	S	T	A	V	L	I	F	Y	W	H	M	C	P
0	0.10871	0.05857	0.17169	0.02439	0.14463	0.05281	0.01948	0.07056	0.02109	0.17831	0.02112	0.05626	0.01624	0.00967	0.00797	0.00260	0.00951	0.00780	0.00616	0.01243
1	0.02356	0.26374	0.03620	0.03366	0.31823	0.14002	0.02035	0.02730	0.01949	0.02384	0.01404	0.01745	0.01214	0.00769	0.00725	0.00222	0.01069	0.00615	0.00404	0.01194
2	0.01933	0.01845	0.03142	0.27006	0.44354	0.01976	0.02526	0.02460	0.01856	0.02570	0.01570	0.02163	0.01274	0.00790	0.00845	0.00263	0.01054	0.00758	0.00406	0.01208
3	0.01465	0.01203	0.01332	0.01240	0.01565	0.01238	0.00947	0.02513	0.23551	0.03136	0.26632	0.05784	0.22745	0.01657	0.00956	0.00281	0.00505	0.01413	0.00869	0.00968
4	0.01036	0.00783	0.00958	0.01085	0.01211	0.00705	0.00748	0.01216	0.01758	0.02269	0.08710	0.48468	0.23033	0.02471	0.01059	0.00325	0.00471	0.02194	0.00797	0.00705
5	0.01031	0.00764	0.00963	0.01123	0.01218	0.00696	0.00763	0.01192	0.01689	0.02197	0.05443	0.57789	0.16890	0.02568	0.01071	0.00334	0.00482	0.02300	0.00790	0.00696
6	0.76103	0.01646	0.01251	0.01119	0.01646	0.01909	0.00922	0.02502	0.01448	0.03818	0.01185	0.01382	0.00922	0.00790	0.00527	0.00263	0.00658	0.00461	0.00527	0.00922
7	0.03179	0.04056	0.02412	0.02192	0.02631	0.66676	0.01644	0.03398	0.02412	0.02083	0.01315	0.01535	0.01096	0.00877	0.00767	0.00219	0.01535	0.00548	0.00438	0.00987
8	0.76103	0.01646	0.01251	0.01119	0.01646	0.01909	0.00922	0.02502	0.01448	0.03818	0.01185	0.01382	0.00922	0.00790	0.00527	0.00263	0.00658	0.00461	0.00527	0.00922
9	0.02799	0.02073	0.02254	0.01841	0.02427	0.02299	0.01501	0.37673	0.21573	0.07597	0.02705	0.02949	0.02064	0.01155	0.00878	0.00275	0.00836	0.04866	0.00861	0.01371
10	0.03100	0.02932	0.02596	0.02375	0.09005	0.24975	0.01729	0.35386	0.03234	0.03951	0.01743	0.01872	0.01314	0.00944	0.00821	0.00242	0.01153	0.00689	0.00663	0.01276
11	0.03235	0.02384	0.02554	0.01958	0.02639	0.02639	0.01618	0.61946	0.04001	0.05363	0.02043	0.02043	0.01447	0.01022	0.00851	0.00255	0.00936	0.00766	0.00851	0.01447
12	0.01100	0.00853	0.01001	0.00991	0.01214	0.00754	0.00733	0.01394	0.02123	0.02797	0.33777	0.13636	0.32534	0.02017	0.01013	0.00284	0.00424	0.01742	0.00857	0.00754
13	0.01204	0.00870	0.01138	0.01071	0.01271	0.00803	0.00803	0.01606	0.02409	0.03413	0.64335	0.06357	0.08030	0.01740	0.01004	0.00268	0.00401	0.01539	0.00937	0.00803
14	0.02598	0.01284	0.01542	0.01297	0.01771	0.01217	0.01034	0.03276	0.12668	0.31617	0.04201	0.03940	0.13301	0.01255	0.00834	0.00259	0.00601	0.01029	0.15100	0.01176
15	0.02192	0.01781	0.01876	0.01656	0.02130	0.02035	0.01297	0.11064	0.49515	0.03732	0.03220	0.03040	0.02416	0.01121	0.00835	0.00275	0.00675	0.00920	0.08922	0.01299
16	0.02170	0.01855	0.01955	0.01743	0.02233	0.02142	0.01360	0.07279	0.60402	0.03646	0.03396	0.03121	0.02543	0.01148	0.00865	0.00287	0.00686	0.00953	0.00865	0.01352
17	0.01045	0.00747	0.00995	0.01179	0.01236	0.00697	0.00791	0.01206	0.01668	0.02234	0.07657	0.66394	0.05748	0.02620	0.01082	0.00342	0.00489	0.02375	0.00797	0.00697
18	0.01006	0.00862	0.00862	0.00862	0.01149	0.00718	0.00647	0.01221	0.01940	0.02299	0.08621	0.08190	0.64438	0.02155	0.01006	0.00287	0.00431	0.01796	0.00790	0.00718
19	0.76103	0.01646	0.01251	0.01119	0.01646	0.01909	0.00922	0.02502	0.01448	0.03818	0.01185	0.01382	0.00922	0.00790	0.00527	0.00263	0.00658	0.00461	0.00527	0.00922
20	0.01765	0.01513	0.01765	0.01260	0.02017	0.01134	0.01008	0.02143	0.01765	0.02773	0.01513	0.01765	0.01260	0.00630	0.00630	0.00126	0.00630	0.00504	0.00504	0.75295
21	0.02077	0.01997	0.01808	0.01644	0.02056	0.13292	0.01261	0.03607	0.37941	0.03196	0.14235	0.03747	0.06964	0.01269	0.00881	0.00272	0.00764	0.01041	0.00798	0.01149
22	0.02322	0.01606	0.02148	0.01659	0.02275	0.01454	0.07346	0.13071	0.02294	0.15116	0.02516	0.13487	0.02194	0.01132	0.00828	0.00229	0.00762	0.00992	0.00712	0.27858
23	0.03179	0.04056	0.02412	0.02192	0.02631	0.66676	0.01644	0.03398	0.02412	0.02083	0.01315	0.01535	0.01096	0.00877	0.00767	0.00219	0.01535	0.00548	0.00438	0.00987
24	0.02729	0.03262	0.02148	0.01967	0.02370	0.47723	0.01478	0.03278	0.11148	0.02430	0.07952	0.05540	0.02211	0.01088	0.00820	0.00240	0.01249	0.00795	0.00566	0.01006
25	0.01661	0.01503	0.02597	0.02113	0.02538	0.01457	0.22195	0.09624	0.02083	0.02786	0.03463	0.34826	0.05885	0.01751	0.01024	0.00311	0.00878	0.01685	0.00672	0.00950
26	0.01305	0.00953	0.01279	0.01423	0.01633	0.00927	0.01218	0.01673	0.01997	0.02591	0.10550	0.09106	0.13495	0.02268	0.01136	0.00366	0.00699	0.45805	0.00799	0.00776
27	0.01234	0.00840	0.01006	0.01006	0.01033	0.00868	0.00613	0.01288	0.01261	0.01708	0.02610	0.05173	0.02922	0.58751	0.15437	0.00922	0.01084	0.01180	0.00505	0.00559
28	0.03177	0.02658	0.02502	0.01990	0.02619	0.14016	0.01611	0.49063	0.06257	0.04702	0.01974	0.02001	0.01434	0.01002	0.00837	0.00250	0.01032	0.00736	0.00778	0.01361
29	0.01986	0.01899	0.03237	0.20365	0.50583	0.01990	0.02552	0.02506	0.01881	0.02634	0.01579	0.02145	0.01297	0.00781	0.00845	0.00260	0.01041	0.00758	0.00411	0.01251
30	0.52833	0.09232	0.01830	0.01385	0.01913	0.16006	0.01132	0.02699	0.01685	0.03258	0.01213	0.01413	0.00977	0.00802	0.00580	0.00245	0.00873	0.00479	0.00491	0.00953
31	0.01079	0.00872	0.01001	0.00989	0.01237	0.00795	0.00749	0.01343	0.01922	0.02440	0.17421	0.07001	0.43294	0.02834	0.12703	0.00476	0.00755	0.01593	0.00757	0.00741
32	0.01707	0.04402	0.65683	0.02426	0.03683	0.01976	0.03144	0.02695	0.01797	0.02695	0.01527	0.01797	0.01078	0.00809	0.00809	0.00270	0.01258	0.00629	0.00359	0.01258
33	0.02444	0.14065	0.02469	0.01650	0.02162	0.02240	0.01363	0.33546	0.02857	0.03786	0.02342	0.12461	0.02155	0.04490	0.07721	0.00392	0.00998	0.00996	0.00701	0.01162
34	0.02238	0.01653	0.01872	0.01521	0.02094	0.01647	0.01208	0.11163	0.23359	0.10279	0.10136	0.02972	0.02665	0.01045	0.00811	0.00232	0.00669	0.00862	0.00788	0.22788
35	0.01836	0.02019	0.04303	0.03159	0.03876	0.01892	0.50852	0.02452	0.01941	0.02627	0.02250	0.14265	0.02063	0.01064	0.01019	0.00297	0.01267	0.01256	0.00494	0.01067
36	0.01178	0.00805	0.00941	0.00990	0.01014	0.00787	0.00590	0.01224	0.01362	0.01806	0.03409	0.21784	0.06023	0.50567	0.03390	0.00684	0.00727	0.01556	0.00595	0.00567
37	0.02944	0.03665	0.02446	0.02200	0.02560	0.55271	0.01683	0.03158	0.02214	0.02077	0.01280	0.01593	0.01100	0.00986	0.01128	0.00246	0.13461	0.00583	0.00427	0.00977
38	0.01016	0.00863	0.00877	0.00873	0.01156	0.00723	0.00655	0.01242	0.01964	0.02358	0.11560	0.08093	0.61463	0.02133	0.01006	0.00286	0.00429	0.01782	0.00798	0.00723
39	0.01747	0.01655	0.02805	0.50441	0.22374	0.01928	0.02433	0.02297	0.01768	0.02344	0.01537	0.02223	0.01194	0.00825	0.00848	0.00275	0.01100	0.00757	0.00390	0.01058
40	0.01006	0.00862	0.00862	0.00862	0.01149	0.00718	0.00647	0.01221	0.01940	0.02299	0.08621	0.08190	0.64438	0.02155	0.01006	0.00287	0.00431	0.01796	0.00790	0.00718
41	0.02106	0.02022	0.03454	0.05223	0.64784	0.02022	0.02612	0.02612	0.01938	0.02780	0.01601	0.02106	0.01348	0.00758	0.00842	0.00253	0.01011	0.00758	0.00421	0.01348
42	0.03179	0.04056	0.02412	0.02192	0.02631	0.66676	0.01644	0.03398	0.02412	0.02083	0.01315	0.01535	0.01096	0.00877	0.00767	0.00219	0.01535	0.00548	0.00438	0.00987
43	0.01385	0.01124	0.01273	0.01267	0.01569	0.01128	0.01010	0.02191	0.16771	0.02785	0.12442	0.07126	0.28830	0.01917	0.01013	0.00311	0.00572	0.15567	0.00823	0.00895
44	0.02129	0.02476	0.04754	0.03444	0.04261	0.08765	0.55539	0.02795	0.02050	0.02660	0.01680	0.02218	0.01271	0.00734	0.00980	0.00280	0.01445	0.00958	0.00431	0.01131
45	0.76103	0.01646	0.01251	0.01119	0.01646	0.01909	0.00922	0.02502	0.01448	0.03818	0.01185	0.01382	0.00922	0.00790	0.00527	0.00263	0.00658	0.00461	0.00527	0.00922
46	0.01450	0.01195	0.01281	0.01259	0.01390	0.07686	0.00899	0.01646	0.01458	0.01956	0.02356	0.03925	0.02364	0.27730	0.33558	0.00979	0.01564	0.00980	0.05625	0.00700
47	0.01607	0.01513	0.02552	0.68047	0.05861	0.01891	0.02363	0.02174	0.01702	0.02174	0.01513	0.02269	0.01134	0.00851	0.00851	0.00284	0.01134	0.00756	0.00378	0.00945
48	0.02621	0.19158	0.02741	0.01868	0.02390	0.30748	0.01503	0.03560	0.21920	0.02541	0.01979	0.02025	0.01581	0.00931	0.00747	0.00233	0.01108	0.00660	0.00559	0.01128
49	0.01987	0.26792	0.41207	0.02084	0.03113	0.06283	0.02484	0.02687	0.01810	0.02424	0.01398	0.01635	0.01084	0.00785	0.00717	0.00237	0.01156	0.00565	0.00366	0.01186
50	0.01607	0.01513	0.02552	0.68047	0.05861	0.01891	0.02363	0.02174	0.01702	0.02174	0.01513	0.02269	0.01134	0.00851	0.00851	0.00284	0.01134	0.00756	0.00378	0.00945
51	0.01707	0.04402	0.65683	0.02426	0.03683	0.01976	0.03144	0.02695	0.01797	0.02695	0.01527	0.01797	0.01078	0.00809	0.00809	0.00270	0.01258	0.00629	0.00359	0.01258
52	0.02057	0.01972	0.03366	0.11383	0.59007	0.02009	0.02587	0.02569	0.01915	0.02721	0.01592	0.02122	0.01327	0.00767	0.00843	0.00256	0.01023	0.00758	0.00417	0.01309
53	0.01402	0.01193	0.01252	0.01201	0.01547	0.01203	0.00931	0.02360	0.22401	0.02737	0.06615	0.06614	0.39676	0.01835	0.00971	0.00295	0.00536	0.05483	0.00815	0.00933
54	0.01177	0.00810	0.00993	0.01051	0.01082	0.00812	0.00655	0.01253	0.01366	0.01837	0.03221	0.23910	0.03725	0.43562	0.10186	0.00745	0.00887	0.01545	0.00589	0.00593
55	0.01707	0.04402	0.65683	0.02426	0.03683	0.01976	0.03144	0.02695	0.01797	0.02695	0.01527	0.01797	0.01078	0.00809	0.00809	0.00270	0.01258	0.00629	0.00359	0.01258
56	0.01761	0.04027	0.54885	0.02632	0.03819	0.02008	0.13566	0.02701	0.01834	0.02701	0.01562	0.01886	0.01116	0.00792	0.00843	0.00273	0.01289	0.00696	0.00372	0.01238
57	0.01034	0.00855	0.00907	0.00912	0.01171	0.00728	0.00677	0.01269	0.01979	0.02435	0.15591	0.12200	0.53032	0.02137	0.01011	0.00289	0.00432	0.01806	0.00809	0.00728
58	0.01077	0.00865	0.00962	0.00937	0.01193	0.00749	0.00703	0.01360	0.02109	0.02701	0.28729	0.07528	0.44080	0.02005	0.01005	0.00280	0.00420	0.01703	0.00843	0.00749
59	0.01779	0.01391	0.01566	0.01421	0.01791	0.01498	0.01096	0.03205	0.33898	0.06085	0.27252	0.04657	0.07938	0.01429	0.00926	0.00279	0.00558	0.01224	0.00897	0.01108
60	0.02106	0.02022	0.03454	0.05223	0.64784	0.02022	0.02612	0.02612	0.01938	0.02780	0.01601	0.02106	0.01348	0.00758	0.00842	0.00253	0.01011	0.00758	0.00421	0.01348
61	0.02672	0.03253	0.02086	0.01970	0.02322	0.50380	0.01473	0.02891	0.02241	0.02131	0.02137	0.14198	0.02166	0.01298	0.00852	0.00254	0.01297	0.04933	0.00525	0.00920
62	0.01263	0.00808	0.00916	0.00945	0.00983	0.00800	0.00569	0.01347	0.01381	0.01967	0.02993	0.14630	0.03324	0.49265	0.03264	0.00656	0.00709	0.01342	0.12254	0.00585
63	0.01721	0.04300	0.62742	0.02482	0.03720	0.01985	0.05983	0.02697	0.01807	0.02697	0.01537	0.01821	0.01088	0.00804	0.00818	0.00270	0.01266	0.00647	0.00363	0.01252
64	0.02032	0.02231	0.04650	0.03975	0.18765	0.02121	0.47674	0.02699	0.01992	0.02739	0.01693	0.02251	0.01305	0.00727	0.00966	0.00279	0.01334	0.00946	0.00428	0.01195
65	0.01065	0.00864	0.00945	0.00925	0.01186	0.00744	0.00694	0.01337	0.02081	0.02634	0.25361	0.07639	0.47490	0.02030	0.01005	0.00281	0.00422	0.01719	0.00834	0.00744
66	0.01027	0.00824	0.00903	0.00961	0.01163	0.00716	0.00682	0.01211	0.01810	0.02227	0.07140	0.26256	0.43735	0.05908	0.01206	0.00333	0.00471	0.01951	0.00776	0.00700
67	0.02275	0.70604	0.04459	0.01456	0.02184	0.03367	0.01456	0.02548	0.01729	0.02002	0.01183	0.01365	0.01092	0.00728	0.00546	0.00182	0.00910	0.00455	0.00364	0.01092
68	0.02171	0.02274	0.03719	0.02835	0.03343	0.06834	0.29852	0.08986	0.02004	0.02729	0.01515	0.02062	0.01233	0.01034	0.01603	0.00309	0.25091	0.00855	0.00456	0.01093
69	0.32108	0.02340	0.01982	0.01644	0.02220	0.13676	0.01327	0.24939	0.02625	0.07333	0.01643	0.01736	0.01211	0.00906	0.00708	0.00253	0.00922	0.00611	0.00660	0.01157
70	0.01412	0.00946	0.01240	0.01327	0.01497	0.00917	0.01003	0.05126	0.01976	0.05919	0.10918	0.40886	0.05283	0.02308	0.01072	0.00338	0.00591	0.15609	0.00822	0.00810
71	0.01216	0.00912	0.01368	0.01368	0.01520	0.01064	0.01064	0.01520	0.01368	0.01976	0.02279	0.03343	0.02127	0.06382	0.66720	0.01368	0.02279	0.00912	0.00456	0.00760
72	0.02080	0.01995	0.03407	0.08537	0.61676	0.02015	0.02599	0.02589	0.01925	0.02748	0.01596	0.02115	0.01337	0.00763	0.00843	0.00254	0.01018	0.00758	0.00419	0.01327
73	0.01236	0.00830	0.00954	0.00954	0.00963	0.00839	0.00548	0.01254	0.01245	0.01669	0.02658	0.05437	0.03037	0.66316	0.08030	0.00857	0.00911	0.01218	0.00512	0.00530
74	0.02009	0.02296	0.05022	0.03587	0.04448	0.02152	0.61693	0.02726	0.02009	0.02726	0.01722	0.02296	0.01291	0.00717	0.01004	0.00287	0.01435	0.01004	0.00430	0.01148
75	0.01941	0.02188	0.04742	0.03420	0.04225	0.02051	0.57475	0.02619	0.01982	0.02688	0.01927	0.06952	0.01592	0.00852	0.01010	0.00291	0.01370	0.01102	0.00455	0.01116
76	0.01238	0.00825	0.00928	0.00928	0.00928	0.00825	0.00516	0.01238	0.01238	0.01650	0.02681	0.05569	0.03094	0.70092	0.04331	0.00825	0.00825	0.01238	0.00516	0.00516
77	0.02391	0.02451	0.02536	0.02151	0.02444	0.19139	0.04580	0.13041	0.02113	0.02673	0.01482	0.01982	0.01282	0.01711	0.08384	0.00409	0.28988	0.00727	0.00486	0.01030
78	0.01128	0.00857	0.00978	0.00953	0.01148	0.00772	0.00677	0.01367	0.01965	0.02574	0.28009	0.06957	0.30566	0.16366	0.01708	0.00394	0.00503	0.01583	0.00786	0.00707
79	0.01808	0.01718	0.02916	0.42733	0.29604	0.01944	0.02463	0.02351	0.01797	0.02418	0.01548	0.02203	0.01220	0.00814	0.00847	0.00271	0.01085	0.00757	0.00396	0.01108
80	0.01159	0.00868	0.01075	0.01023	0.01244	0.00784	0.00767	0.01518	0.02302	0.03159	0.51648	0.06774	0.20875	0.01834	0.01004	0.00272	0.00408	0.01598	0.00903	0.00784
81	0.02009	0.02296	0.05022	0.03587	0.04448	0.02152	0.61693	0.02726	0.02009	0.02726	0.01722	0.02296	0.01291	0.00717	0.01004	0.00287	0.01435	0.01004	0.00430	0.01148
82	0.01006	0.00862	0.00862	0.00862	0.01149	0.00718	0.00647	0.01221	0.01940	0.02299	0.08621	0.08190	0.64438	0.02155	0.01006	0.00287	0.00431	0.01796	0.00790	0.00718
83	0.01035	0.00747	0.00981	0.01169	0.01230	0.00693	0.00783	0.01187	0.01645	0.02179	0.04885	0.66500	0.08540	0.02641	0.01082	0.00343	0.00491	0.02388	0.00790	0.00693
84	0.01682	0.01600	0.02707	0.21359	0.03499	0.01911	0.13235	0.02116	0.01599	0.02280	0.01670	0.02418	0.01409	0.01993	0.13113	0.00495	0.19592	0.00831	0.05556	0.00937
85	0.01707	0.04402	0.65683	0.02426	0.03683	0.01976	0.03144	0.02695	0.01797	0.02695	0.01527	0.01797	0.01078	0.00809	0.00809	0.00270	0.01258	0.00629	0.00359	0.01258
86	0.01922	0.01131	0.01184	0.01078	0.01385	0.01190	0.00835	0.08318	0.11165	0.06110	0.02832	0.03051	0.02168	0.01021	0.00671	0.00220	0.00505	0.00818	0.53429	0.00968
87	0.03030	0.02222	0.02394	0.01889	0.02527	0.02463	0.01543	0.47157	0.16293	0.07896	0.02403	0.02321	0.01719	0.01051	0.00855	0.00263	0.00871	0.00811	0.00864	0.01426
88	0.01221	0.00890	0.01259	0.01259	0.01373	0.01005	0.00928	0.01450	0.01336	0.01895	0.02379	0.03894	0.02366	0.22136	0.51293	0.01234	0.01920	0.00992	0.00471	0.00699
89	0.01043	0.00864	0.00914	0.00902	0.01173	0.00734	0.00676	0.01294	0.02029	0.02510	0.19167	0.07843	0.53761	0.02077	0.01005	0.00284	0.00425	0.01747	0.00818	0.00734
90	0.01037	0.00741	0.00987	0.01185	0.01234	0.00691	0.00790	0.01185	0.01629	0.02172	0.04690	0.69537	0.05629	0.02666	0.01086	0.00346	0.00494	0.02419	0.00790	0.00691
91	0.03057	0.02157	0.02374	0.01805	0.02496	0.02269	0.01486	0.46994	0.03498	0.10623	0.02083	0.02080	0.01480	0.00962	0.00817	0.00236	0.00868	0.00733	0.00815	0.13167
92	0.03235	0.02384	0.02554	0.01958	0.02639	0.02639	0.01618	0.61946	0.04001	0.05363	0.02043	0.02043	0.01447	0.01022	0.00851	0.00255	0.00936	0.00766	0.00851	0.01447
93	0.01006	0.00862	0.00862	0.00862	0.01149	0.00718	0.00647	0.01221	0.01940	0.02299	0.08621	0.08190	0.64438	0.02155	0.01006	0.00287	0.00431	0.01796	0.00790	0.00718
94	0.01017	0.00863	0.00877	0.00874	0.01156	0.00723	0.00655	0.01243	0.01966	0.02360	0.11697	0.08089	0.61324	0.02132	0.01006	0.00286	0.00429	0.01782	0.00798	0.00723
95	0.03179	0.04056	0.02412	0.02192	0.02631	0.66676	0.01644	0.03398	0.02412	0.02083	0.01315	0.01535	0.01096	0.00877	0.00767	0.00219	0.01535	0.00548	0.00438	0.00987
96	0.03299	0.02282	0.02491	0.01910	0.02588	0.02488	0.01578	0.55648	0.03831	0.11902	0.02186	0.02136	0.01519	0.01025	0.00852	0.00256	0.00913	0.00776	0.00873	0.01447
97	0.01049	0.00863	0.00926	0.00938	0.01198	0.00740	0.00708	0.01292	0.01980	0.02436	0.14771	0.11096	0.51935	0.02142	0.01018	0.00293	0.00448	0.04630	0.00807	0.00730
98	0.01263	0.01061	0.01128	0.01115	0.01428	0.01018	0.00869	0.01920	0.13682	0.02571	0.07130	0.07402	0.45317	0.01988	0.01000	0.00300	0.00521	0.08637	0.00804	0.00847
99	0.01035	0.00747	0.00981	0.01168	0.01230	0.00693	0.00782	0.01187	0.01646	0.02179	0.04899	0.66285	0.08746	0.02639	0.01082	0.00343	0.00490	0.02386	0.00790	0.00693
100	0.02956	0.03655	0.02282	0.02076	0.02512	0.56378	0.01563	0.03413	0.09017	0.02254	0.01911	0.02043	0.04394	0.00970	0.00790	0.00230	0.01386	0.00655	0.00502	0.01013
101	0.01264	0.00818	0.00917	0.00927	0.00949	0.00815	0.00537	0.01311	0.01313	0.01831	0.02788	0.08413	0.03123	0.59754	0.03792	0.00738	0.00765	0.01249	0.08144	0.00553
102	0.01006	0.00862	0.00862	0.00862	0.01149	0.00718	0.00647	0.01221	0.01940	0.02299	0.08621	0.08190	0.64438	0.02155	0.01006	0.00287	0.00431	0.01796	0.00790	0.00718
103	0.01397	0.01051	0.01469	0.01405	0.01540	0.01275	0.01110	0.01698	0.01437	0.02217	0.02177	0.03058	0.01966	0.04517	0.43172	0.00974	0.13201	0.00861	0.14682	0.00795
104	0.03179	0.04056	0.02412	0.02192	0.02631	0.66676	0.01644	0.03398	0.02412	0.02083	0.01315	0.01535	0.01096	0.00877	0.00767	0.00219	0.01535	0.00548	0.00438	0.00987
105	0.03179	0.04056	0.02412	0.02192	0.02631	0.66676	0.01644	0.03398	0.02412	0.02083	0.01315	0.01535	0.01096	0.00877	0.00767	0.00219	0.01535	0.00548	0.00438	0.00987
106	0.01006	0.00862	0.00862	0.00862	0.01149	0.00718	0.00647	0.01221	0.01940	0.02299	0.08621	0.08190	0.64438	0.02155	0.01006	0.00287	0.00431	0.01796	0.00790	0.00718
107	0.03235	0.02384	0.02554	0.01958	0.02639	0.02639	0.01618	0.61946	0.04001	0.05363	0.02043	0.02043	0.01447	0.01022	0.00851	0.00255	0.00936	0.00766	0.00851	0.01447
108	0.01147	0.00820	0.01111	0.01295	0.01397	0.00784	0.00967	0.01381	0.01768	0.02348	0.07601	0.48201	0.05526	0.02524	0.01109	0.00356	0.00577	0.19566	0.00795	0.00725
109	0.03179	0.04056	0.02412	0.02192	0.02631	0.66676	0.01644	0.03398	0.02412	0.02083	0.01315	0.01535	0.01096	0.00877	0.00767	0.00219	0.01535	0.00548	0.00438	0.00987
110	0.01223	0.00881	0.01214	0.01214	0.01313	0.00980	0.00872	0.01421	0.01322	0.01862	0.02420	0.04122	0.02466	0.28668	0.44897	0.01178	0.01771	0.01026	0.00477	0.00674
111	0.01193	0.00869	0.01121	0.01058	0.01264	0.00798	0.00794	0.01583	0.02381	0.03347	0.61032	0.06466	0.11374	0.01764	0.01004	0.00269	0.00403	0.01554	0.00928	0.00798
112	0.01075	0.00865	0.00958	0.00935	0.01192	0.00748	0.00701	0.01356	0.02104	0.02688	0.28109	0.07549	0.44707	0.02010	0.01005	0.00280	0.00421	0.01706	0.00842	0.00748
113	0.03223	0.03875	0.02381	0.02145	0.02599	0.62145	0.01617	0.03450	0.02413	0.06466	0.01457	0.01629	0.01166	0.00889	0.00773	0.00222	0.01479	0.00569	0.00481	0.01019
114	0.03339	0.02217	0.02451	0.01879	0.02556	0.02392	0.01552	0.51646	0.03722	0.16058	0.02277	0.02195	0.01565	0.01027	0.00852	0.00257	0.00899	0.00782	0.00887	0.01447
115	0.01108	0.00866	0.01003	0.00969	0.01212	0.00762	0.00727	0.01419	0.02180	0.02870	0.37184	0.07250	0.35519	0.01942	0.01005	0.00277	0.00416	0.01664	0.00865	0.00762
116	0.03123	0.03843	0.02392	0.02154	0.02608	0.59670	0.01626	0.06607	0.05856	0.02341	0.01473	0.01653	0.01198	0.00900	0.00777	0.00225	0.01455	0.00583	0.00484	0.01031
117	0.01037	0.00863	0.00905	0.00895	0.01169	0.00732	0.00671	0.01282	0.02013	0.02474	0.17372	0.07902	0.55578	0.02090	0.01005	0.00284	0.00426	0.01756	0.00813	0.00732
118	0.76103	0.01646	0.01251	0.01119	0.01646	0.01909	0.00922	0.02502	0.01448	0.03818	0.01185	0.01382	0.00922	0.00790	0.00527	0.00263	0.00658	0.00461	0.00527	0.00922
119	0.01006	0.00862	0.00862	0.00862	0.01149	0.00718	0.00647	0.01221	0.01940	0.02299	0.08621	0.08190	0.64438	0.02155	0.01006	0.00287	0.00431	0.01796	0.00790	0.00718
120	0.01188	0.00869	0.01115	0.01053	0.01261	0.00796	0.00790	0.01574	0.02370	0.03321	0.59752	0.06508	0.12669	0.01774	0.01004	0.00269	0.00404	0.01560	0.00925	0.00796
121	0.02275	0.70604	0.04459	0.01456	0.02184	0.03367	0.01456	0.02548	0.01729	0.02002	0.01183	0.01365	0.01092	0.00728	0.00546	0.00182	0.00910	0.00455	0.00364	0.01092
122	0.01881	0.01793	0.03093	0.19784	0.39498	0.01867	0.06447	0.02405	0.01937	0.02699	0.08423	0.02622	0.02021	0.00885	0.00873	0.00264	0.01004	0.00860	0.00468	0.01178
123	0.09876	0.03130	0.25909	0.02194	0.03051	0.09121	0.08230	0.14190	0.05955	0.07643	0.01829	0.01982	0.01317	0.00883	0.00810	0.00263	0.01113	0.00703	0.00563	0.01237
124	0.02026	0.01908	0.03227	0.04825	0.57917	0.01908	0.02477	0.02519	0.01940	0.02755	0.01917	0.02923	0.01735	0.00932	0.00879	0.00268	0.00986	0.07110	0.00461	0.01287
125	0.01217	0.00907	0.01342	0.01342	0.01485	0.01050	0.01031	0.01503	0.01360	0.01956	0.02303	0.03475	0.02185	0.10159	0.63022	0.01336	0.02193	0.00931	0.00459	0.00745
126	0.27803	0.02279	0.13480	0.02311	0.12839	0.05269	0.07826	0.02435	0.01774	0.03014	0.02483	0.02691	0.10510	0.00988	0.00763	0.00266	0.00917	0.00799	0.00504	0.01049
127	0.03000	0.02502	0.02597	0.02103	0.02673	0.20937	0.09582	0.09995	0.10993	0.20406	0.02311	0.02316	0.01654	0.00986	0.00935	0.00261	0.04018	0.00786	0.00711	0.01235
128	0.01226	0.00871	0.01160	0.01160	0.01240	0.00951	0.00805	0.01387	0.01306	0.01822	0.02469	0.04394	0.02584	0.36453	0.37273	0.01112	0.01593	0.01066	0.00484	0.00645
129	0.01072	0.00841	0.00969	0.00987	0.01202	0.00739	0.00721	0.01330	0.02022	0.02610	0.24666	0.19385	0.36170	0.02128	0.01021	0.00293	0.00434	0.01838	0.00834	0.00739
130	0.02388	0.09892	0.29121	0.02560	0.13953	0.01951	0.02310	0.03122	0.05033	0.18461	0.02062	0.02153	0.01462	0.00870	0.00802	0.00257	0.01015	0.00708	0.00571	0.01309
131	0.01917	0.10029	0.30981	0.05702	0.21683	0.02150	0.10399	0.02641	0.01855	0.02635	0.01539	0.01926	0.01189	0.00775	0.00819	0.00258	0.01168	0.00703	0.00388	0.01242
132	0.01762	0.01627	0.02747	0.08299	0.38659	0.01634	0.05000	0.02187	0.01848	0.02571	0.02520	0.19481	0.02580	0.01320	0.00929	0.00287	0.00899	0.04005	0.00529	0.01117
133	0.02128	0.05221	0.08925	0.06251	0.02403	0.04443	0.01536	0.11255	0.02055	0.12140	0.02176	0.02662	0.01744	0.03268	0.29062	0.00732	0.01553	0.00802	0.00584	0.01060
134	0.02679	0.01868	0.02334	0.17563	0.03216	0.02100	0.01691	0.22894	0.13541	0.15579	0.02367	0.02451	0.01684	0.01038	0.00970	0.00276	0.04903	0.00815	0.00752	0.01280
135	0.01786	0.01357	0.01653	0.08808	0.02153	0.01423	0.01188	0.18524	0.02671	0.03614	0.29623	0.09264	0.11391	0.01548	0.00950	0.00274	0.00643	0.01324	0.00824	0.00983
136	0.02911	0.02248	0.02695	0.08433	0.12691	0.02475	0.01841	0.47233	0.03470	0.04670	0.01926	0.02073	0.01403	0.00965	0.00850	0.00258	0.00966	0.00764	0.00741	0.01386
137	0.02821	0.06034	0.04953	0.01751	0.02314	0.17640	0.01452	0.17663	0.05983	0.15742	0.08275	0.02923	0.06483	0.01119	0.00839	0.00250	0.00954	0.00861	0.00748	0.01194
138	0.19150	0.01121	0.01266	0.01234	0.01449	0.01232	0.00918	0.01784	0.01516	0.05779	0.03013	0.19966	0.06239	0.13221	0.13245	0.00577	0.05623	0.01268	0.00610	0.00789
139	0.01618	0.01261	0.01535	0.04999	0.05006	0.01247	0.01132	0.02383	0.15782	0.06381	0.04684	0.17241	0.19149	0.01666	0.00932	0.00283	0.00621	0.04258	0.00751	0.09071
140	0.04962	0.01054	0.01265	0.01158	0.01386	0.01014	0.00827	0.01600	0.01705	0.02512	0.17568	0.15867	0.04161	0.20953	0.01970	0.00418	0.04633	0.01311	0.00656	0.14980
141	0.05934	0.10382	0.17586	0.04870	0.02439	0.05525	0.01665	0.05318	0.02035	0.08683	0.11842	0.14604	0.03066	0.01311	0.00848	0.00268	0.00861	0.01087	0.00630	0.01046
142	0.05844	0.12562	0.24118	0.06231	0.09159	0.02002	0.06274	0.02877	0.01914	0.14636	0.01830	0.02016	0.01324	0.00825	0.00776	0.00248	0.01024	0.00679	0.00521	0.05142
143	0.09434	0.15932	0.02490	0.01650	0.02216	0.17553	0.01358	0.08934	0.08527	0.12235	0.06246	0.02253	0.01906	0.00955	0.00742	0.00231	0.00937	0.00697	0.00645	0.05059
144	0.02328	0.05817	0.05700	0.01816	0.05609	0.08920	0.01448	0.23010	0.02657	0.03465	0.03025	0.03066	0.13392	0.01107	0.00811	0.00230	0.00867	0.00866	0.00653	0.15214
145	0.08642	0.05914	0.05210	0.05411	0.14101	0.08292	0.01543	0.06297	0.01966	0.02747	0.08489	0.11429	0.02662	0.05087	0.08181	0.00411	0.01039	0.01021	0.00563	0.00995
146	0.09274	0.05182	0.09816	0.02425	0.13472	0.11658	0.05256	0.02772	0.11809	0.02745	0.02559	0.12349	0.04764	0.01189	0.00840	0.00271	0.00950	0.01008	0.00568	0.01093

[dist]
# distance from previous block
# <min> <max>
3	35

[block]
# block no. 2 follows, 21 sequences, length 13
# corresponding to MSA columns:
# 319-331
name=unknown_C
#
# <colnr> <probs for GDERKNQSTAVLIFYWHMCP>
#	G	D	E	R	K	N	Q	S	T	A	V	L	I	F	Y	W	H	M	C	P
0	0.07422	0.12234	0.24384	0.02312	0.10939	0.05226	0.02079	0.05622	0.06153	0.07595	0.01836	0.02198	0.01452	0.05825	0.01018	0.00292	0.01020	0.00697	0.00507	0.01186
1	0.02068	0.06210	0.02446	0.09294	0.02723	0.06085	0.09451	0.10240	0.02304	0.06810	0.14006	0.03292	0.07219	0.01088	0.00850	0.00240	0.00865	0.00945	0.00648	0.13216
2	0.01956	0.01908	0.10118	0.01575	0.02037	0.06153	0.01370	0.05519	0.15241	0.08959	0.03217	0.03694	0.08974	0.11322	0.13607	0.00549	0.01124	0.00987	0.00655	0.01035
3	0.02171	0.01743	0.05556	0.01899	0.02409	0.01717	0.09516	0.14759	0.08834	0.10584	0.02374	0.02784	0.01870	0.03028	0.25943	0.00688	0.01478	0.00879	0.00644	0.01125
4	0.01951	0.02442	0.10711	0.01953	0.02550	0.15002	0.09520	0.02370	0.01915	0.02443	0.02782	0.03001	0.12973	0.01099	0.01048	0.00244	0.08698	0.00865	0.00500	0.17935
5	0.02312	0.02656	0.10683	0.01924	0.02565	0.18227	0.05470	0.13649	0.02351	0.02990	0.01997	0.10759	0.01809	0.01065	0.00815	0.00233	0.01035	0.00867	0.00566	0.18027
6	0.01549	0.01426	0.01860	0.02178	0.13368	0.05605	0.01385	0.01791	0.01654	0.02222	0.03171	0.26188	0.07243	0.05335	0.08620	0.00454	0.13069	0.01429	0.00575	0.00877
7	0.02495	0.14633	0.03133	0.07707	0.30315	0.02095	0.01978	0.03058	0.06403	0.16925	0.02051	0.02236	0.01549	0.00855	0.00792	0.00247	0.00911	0.00738	0.00584	0.01296
8	0.02253	0.27691	0.16608	0.02237	0.03000	0.14668	0.13096	0.02740	0.01897	0.02297	0.01375	0.01689	0.01129	0.00816	0.00862	0.00238	0.05279	0.00628	0.00390	0.01107
9	0.02587	0.02599	0.03024	0.03852	0.37566	0.18342	0.02183	0.13923	0.02443	0.03089	0.01612	0.01951	0.01303	0.00837	0.00825	0.00245	0.01128	0.00707	0.00506	0.01276
10	0.01064	0.00752	0.00980	0.01151	0.01194	0.00709	0.00753	0.01192	0.01577	0.02103	0.04423	0.61033	0.05292	0.11630	0.01518	0.00409	0.00538	0.02262	0.00753	0.00668
11	0.01238	0.00825	0.00928	0.00928	0.00928	0.00825	0.00516	0.01238	0.01238	0.01650	0.02681	0.05569	0.03094	0.70092	0.04331	0.00825	0.00825	0.01238	0.00516	0.00516
12	0.01216	0.00912	0.01368	0.01368	0.01520	0.01064	0.01064	0.01520	0.01368	0.01976	0.02279	0.03343	0.02127	0.06382	0.66720	0.01368	0.02279	0.00912	0.00456	0.00760

[dist]
# distance from previous block
# <min> <max>
2	3

[block]
# block no. 3 follows, 21 sequences, length 91
# corresponding to MSA columns:
# 335-425
name=unknown_D
#
# <colnr> <probs for GDERKNQSTAVLIFYWHMCP>
#	G	D	E	R	K	N	Q	S	T	A	V	L	I	F	Y	W	H	M	C	P
0	0.06584	0.07799	0.02796	0.11424	0.06803	0.40694	0.06961	0.03021	0.02154	0.02278	0.01379	0.01716	0.01124	0.00838	0.00776	0.00236	0.01352	0.00618	0.00428	0.01020
1	0.07723	0.02910	0.06352	0.02529	0.06204	0.21859	0.15170	0.20732	0.02678	0.03399	0.01642	0.01891	0.01246	0.00869	0.00835	0.00253	0.01232	0.00725	0.00562	0.01190
2	0.01801	0.01601	0.02275	0.29704	0.10431	0.01856	0.01910	0.02958	0.22553	0.02759	0.02593	0.03567	0.02170	0.01150	0.00900	0.00297	0.00917	0.08853	0.00603	0.01102
3	0.01236	0.00905	0.01336	0.01336	0.01491	0.01049	0.01038	0.01545	0.01390	0.02041	0.02307	0.03334	0.02130	0.06089	0.63118	0.01304	0.02177	0.00905	0.04507	0.00762
4	0.01006	0.00862	0.00862	0.00862	0.01149	0.00718	0.00647	0.01221	0.01940	0.02299	0.08621	0.08190	0.64438	0.02155	0.01006	0.00287	0.00431	0.01796	0.00790	0.00718
5	0.01765	0.01513	0.01765	0.01260	0.02017	0.01134	0.01008	0.02143	0.01765	0.02773	0.01513	0.01765	0.01260	0.00630	0.00630	0.00126	0.00630	0.00504	0.00504	0.75295
6	0.02100	0.02040	0.03560	0.05113	0.60712	0.02031	0.06599	0.02619	0.01943	0.02777	0.01609	0.02119	0.01344	0.00755	0.00853	0.00255	0.01040	0.00775	0.00422	0.01334
7	0.01016	0.00862	0.00876	0.00872	0.01155	0.00723	0.00654	0.01240	0.01963	0.02354	0.11366	0.08100	0.61659	0.02135	0.01006	0.00286	0.00430	0.01783	0.00797	0.00723
8	0.01010	0.00845	0.00880	0.00908	0.01162	0.00715	0.00667	0.01216	0.01896	0.02281	0.08061	0.16927	0.56063	0.02228	0.01017	0.00296	0.00440	0.01885	0.00790	0.00715
9	0.01045	0.00763	0.00984	0.01142	0.01228	0.00702	0.00775	0.01217	0.01716	0.02270	0.09143	0.58608	0.12180	0.02548	0.01072	0.00334	0.00481	0.02292	0.00800	0.00702
10	0.02275	0.70604	0.04459	0.01456	0.02184	0.03367	0.01456	0.02548	0.01729	0.02002	0.01183	0.01365	0.01092	0.00728	0.00546	0.00182	0.00910	0.00455	0.00364	0.01092
11	0.01765	0.01513	0.01765	0.01260	0.02017	0.01134	0.01008	0.02143	0.01765	0.02773	0.01513	0.01765	0.01260	0.00630	0.00630	0.00126	0.00630	0.00504	0.00504	0.75295
12	0.01037	0.00741	0.00987	0.01185	0.01234	0.00691	0.00790	0.01185	0.01629	0.02172	0.04690	0.69537	0.05629	0.02666	0.01086	0.00346	0.00494	0.02419	0.00790	0.00691
13	0.02502	0.48200	0.07107	0.01717	0.02390	0.21285	0.01599	0.02798	0.01927	0.02062	0.01239	0.01436	0.01093	0.00775	0.00623	0.00197	0.01106	0.00491	0.00385	0.01071
14	0.01861	0.03609	0.45772	0.02866	0.15396	0.01966	0.02810	0.06618	0.02006	0.02931	0.04998	0.02122	0.01534	0.00864	0.00829	0.00265	0.01141	0.00713	0.00436	0.01263
