[name]
unknown

[dist]
# distance from previous block
# <min> <max>
0	3

[block]
# block no. 0 follows, 22 sequences, length 24
# corresponding to MSA columns:
# 3-26
name=unknown_A
#
# <colnr> <probs for GDERKNQSTAVLIFYWHMCP>
#	G	D	E	R	K	N	Q	S	T	A	V	L	I	F	Y	W	H	M	C	P
0	0.08554	0.01081	0.01459	0.10186	0.06890	0.01123	0.01200	0.01703	0.01813	0.02612	0.16138	0.18319	0.07496	0.05917	0.01146	0.00333	0.00666	0.11878	0.00679	0.00808
1	0.10887	0.01551	0.01931	0.01740	0.05268	0.06656	0.10856	0.05443	0.01984	0.02721	0.08058	0.09615	0.24516	0.01637	0.03222	0.00309	0.00816	0.01260	0.00638	0.00892
2	0.01730	0.01247	0.01858	0.06327	0.19460	0.01201	0.01399	0.02064	0.01937	0.11393	0.11988	0.19405	0.13475	0.01560	0.00926	0.00278	0.00670	0.01390	0.00702	0.00989
3	0.02203	0.02269	0.03102	0.04423	0.51785	0.13220	0.02331	0.02644	0.01972	0.02586	0.01646	0.02299	0.01434	0.00832	0.00825	0.00247	0.01065	0.03455	0.00431	0.01230
4	0.13529	0.01769	0.02053	0.02332	0.17743	0.09698	0.01476	0.02699	0.01900	0.17465	0.02508	0.02720	0.06474	0.01838	0.11779	0.00429	0.01094	0.00797	0.00607	0.01090
5	0.02087	0.01584	0.01599	0.01466	0.03781	0.07665	0.01081	0.18804	0.02449	0.05928	0.09155	0.09504	0.08397	0.06686	0.01085	0.00290	0.00716	0.01080	0.15667	0.00978
6	0.01168	0.00873	0.01026	0.01089	0.01210	0.00854	0.00734	0.01513	0.07702	0.02196	0.07269	0.34249	0.14249	0.19815	0.01835	0.00439	0.00568	0.01791	0.00716	0.00703
7	0.16324	0.00935	0.01029	0.01035	0.01191	0.00968	0.00723	0.01534	0.01502	0.02468	0.10629	0.17282	0.03344	0.14219	0.01884	0.14920	0.00598	0.01198	0.07566	0.00652
8	0.18804	0.01081	0.01147	0.01123	0.01378	0.01135	0.00867	0.01621	0.01749	0.02724	0.13782	0.16894	0.23149	0.01779	0.01029	0.00293	0.05826	0.04143	0.00701	0.00774
9	0.02164	0.01751	0.02706	0.02097	0.02632	0.01804	0.18335	0.14608	0.07762	0.08684	0.02159	0.02682	0.01734	0.07168	0.11886	0.00476	0.04233	0.00880	0.00607	0.05633
10	0.01238	0.00917	0.01094	0.01170	0.01271	0.00935	0.00781	0.01693	0.11493	0.02190	0.03819	0.40732	0.04304	0.22119	0.01943	0.00464	0.00604	0.01800	0.00705	0.00728
11	0.01708	0.01117	0.01349	0.01261	0.01519	0.01102	0.00932	0.12562	0.02224	0.09167	0.16204	0.29512	0.08653	0.07227	0.01221	0.00331	0.00584	0.01622	0.00815	0.00889
12	0.01262	0.00830	0.01029	0.01086	0.01267	0.00741	0.00773	0.01463	0.01816	0.08014	0.10958	0.40710	0.22480	0.02238	0.01011	0.00307	0.00477	0.01974	0.00807	0.00758
13	0.01727	0.01163	0.01395	0.01257	0.01513	0.01227	0.00959	0.15939	0.02013	0.02746	0.03101	0.03581	0.13047	0.02778	0.14852	0.22064	0.00981	0.00951	0.07917	0.00788
14	0.01533	0.00929	0.01091	0.01039	0.01215	0.00961	0.00759	0.07022	0.01698	0.02550	0.02794	0.03591	0.07333	0.10290	0.11189	0.15433	0.00816	0.00911	0.28139	0.00707
15	0.01266	0.00899	0.01075	0.01127	0.01226	0.00888	0.00749	0.06672	0.01687	0.02238	0.03902	0.39943	0.07323	0.24649	0.02068	0.00479	0.00623	0.01812	0.00689	0.00686
16	0.01685	0.01074	0.01313	0.01232	0.01451	0.01064	0.00890	0.10907	0.02087	0.08897	0.16030	0.26116	0.04430	0.14229	0.01636	0.03207	0.00618	0.01525	0.00771	0.00838
17	0.02121	0.01732	0.01929	0.01649	0.02010	0.05246	0.01326	0.19341	0.09193	0.05762	0.03166	0.03350	0.12798	0.02119	0.11872	0.00451	0.13258	0.00957	0.00664	0.01056
18	0.06151	0.01148	0.01338	0.03687	0.01668	0.01098	0.00937	0.04939	0.06153	0.04978	0.22284	0.13173	0.15302	0.01545	0.00882	0.00255	0.00538	0.01320	0.00758	0.11848
19	0.01847	0.01104	0.01288	0.01153	0.01493	0.01078	0.00894	0.02546	0.13208	0.14690	0.21176	0.04694	0.13885	0.01392	0.00850	0.00254	0.00501	0.01174	0.15792	0.00979
20	0.02001	0.02883	0.26523	0.03098	0.23990	0.05335	0.02390	0.08075	0.07610	0.02905	0.01906	0.06134	0.01576	0.00935	0.00823	0.00260	0.01037	0.00799	0.00488	0.01234
21	0.59969	0.01562	0.01383	0.01181	0.01724	0.01716	0.00973	0.02810	0.01635	0.18032	0.01642	0.01688	0.01165	0.00830	0.00588	0.00257	0.00657	0.00538	0.00632	0.01017
22	0.01415	0.06555	0.01517	0.01285	0.01425	0.05782	0.00943	0.01580	0.01431	0.01874	0.02510	0.14313	0.02713	0.24692	0.23560	0.00786	0.05253	0.01156	0.00503	0.00707
23	0.02043	0.14750	0.12899	0.02231	0.10657	0.06760	0.01805	0.03201	0.24408	0.02720	0.02132	0.02271	0.01685	0.01211	0.04345	0.00310	0.04107	0.00732	0.00550	0.01184

[dist]
# distance from previous block
# <min> <max>
0	1

[block]
# block no. 1 follows, 22 sequences, length 12
# corresponding to MSA columns:
# 28-39
name=unknown_B
#
# <colnr> <probs for GDERKNQSTAVLIFYWHMCP>
#	G	D	E	R	K	N	Q	S	T	A	V	L	I	F	Y	W	H	M	C	P
0	0.01593	0.01508	0.02105	0.01892	0.01912	0.02020	0.01528	0.01773	0.01350	0.02023	0.01970	0.17836	0.02174	0.02005	0.06179	0.00415	0.49292	0.01117	0.00463	0.00844
1	0.01826	0.01669	0.02300	0.01911	0.02397	0.01784	0.13744	0.03386	0.38062	0.03104	0.07358	0.07578	0.08636	0.01254	0.00907	0.00283	0.00761	0.01143	0.00751	0.01147
2	0.01549	0.00774	0.00774	0.00774	0.00968	0.00774	0.00581	0.01936	0.01742	0.03097	0.02710	0.03097	0.02129	0.00968	0.00581	0.00194	0.00387	0.00774	0.75416	0.00774
3	0.02221	0.71304	0.04353	0.01421	0.02132	0.03287	0.01421	0.02488	0.01688	0.01955	0.01155	0.01333	0.01066	0.00711	0.00533	0.00178	0.00888	0.00444	0.00355	0.01066
4	0.01208	0.00805	0.00906	0.00906	0.00906	0.00805	0.00503	0.01208	0.01208	0.01611	0.02618	0.05436	0.03020	0.70804	0.04228	0.00805	0.00805	0.01208	0.00503	0.00503
5	0.03103	0.03959	0.02354	0.02140	0.02568	0.67469	0.01605	0.03317	0.02354	0.02033	0.01284	0.01498	0.01070	0.00856	0.00749	0.00214	0.01498	0.00535	0.00428	0.00963
6	0.02070	0.28739	0.31896	0.01980	0.02850	0.11233	0.02206	0.02639	0.01786	0.02271	0.01320	0.01568	0.01062	0.00803	0.00786	0.00230	0.04535	0.00547	0.00363	0.01117
7	0.02107	0.15471	0.20165	0.01845	0.02491	0.22276	0.01816	0.02579	0.02044	0.02440	0.12862	0.02808	0.02473	0.01040	0.00784	0.00239	0.01076	0.03973	0.00499	0.01012
8	0.01355	0.01166	0.01626	0.09017	0.01997	0.01405	0.01236	0.01605	0.01515	0.02104	0.07867	0.09340	0.10572	0.09727	0.17499	0.00608	0.18918	0.01142	0.00527	0.00774
9	0.02468	0.02182	0.02504	0.02688	0.20074	0.09246	0.01720	0.23295	0.09281	0.03610	0.04980	0.02251	0.01762	0.00915	0.00804	0.00235	0.00912	0.00751	0.00636	0.09689
10	0.01290	0.00812	0.01056	0.01149	0.01290	0.00739	0.00802	0.01474	0.01746	0.08621	0.08348	0.53169	0.11672	0.02340	0.01025	0.00319	0.00493	0.02094	0.00805	0.00758
11	0.01758	0.13080	0.35801	0.02273	0.09140	0.01997	0.02298	0.02640	0.08803	0.02629	0.04836	0.07362	0.01903	0.00993	0.00791	0.00257	0.00994	0.00814	0.00472	0.01160

[dist]
# distance from previous block
# <min> <max>
0	1

[block]
# block no. 2 follows, 22 sequences, length 51
# corresponding to MSA columns:
# 41-91
name=unknown_C
#
# <colnr> <probs for GDERKNQSTAVLIFYWHMCP>
#	G	D	E	R	K	N	Q	S	T	A	V	L	I	F	Y	W	H	M	C	P
0	0.20342	0.08900	0.05422	0.01735	0.02241	0.02112	0.05326	0.05814	0.07299	0.10420	0.01702	0.01916	0.01319	0.00979	0.01146	0.00268	0.16202	0.00660	0.00556	0.05642
1	0.02152	0.33885	0.12499	0.02167	0.12919	0.02437	0.01780	0.05292	0.01868	0.05278	0.01449	0.01666	0.01189	0.00740	0.00657	0.00200	0.00907	0.00556	0.00435	0.11922
2	0.05717	0.02730	0.02584	0.06440	0.07950	0.26740	0.06885	0.13977	0.10824	0.02993	0.01753	0.01964	0.01363	0.00913	0.00871	0.00249	0.03666	0.00699	0.00553	0.01127
3	0.01885	0.02772	0.20827	0.03208	0.04149	0.02056	0.47213	0.02653	0.01907	0.02653	0.01632	0.02115	0.01207	0.00723	0.00931	0.00276	0.01356	0.00886	0.00402	0.01148
4	0.02102	0.02200	0.02781	0.02802	0.15658	0.15228	0.13162	0.02845	0.12195	0.02648	0.05158	0.03317	0.02216	0.01114	0.00997	0.00278	0.04834	0.08824	0.00556	0.01085
5	0.02147	0.06062	0.02475	0.02353	0.12887	0.02206	0.01653	0.09477	0.21653	0.05622	0.02423	0.02578	0.04596	0.01147	0.01313	0.00286	0.18488	0.00833	0.00620	0.01181
6	0.06327	0.20888	0.02850	0.01853	0.02412	0.33012	0.01519	0.16637	0.02492	0.02822	0.01407	0.01562	0.01139	0.00847	0.00701	0.00215	0.01167	0.00556	0.00505	0.01089
7	0.06182	0.04112	0.04192	0.04564	0.12505	0.05553	0.01308	0.04794	0.02052	0.02779	0.17783	0.08568	0.19511	0.01448	0.00879	0.00262	0.00694	0.01226	0.00661	0.00927
8	0.01975	0.13127	0.24411	0.01796	0.02563	0.02053	0.01874	0.06710	0.20194	0.05659	0.02840	0.02811	0.08403	0.01040	0.00792	0.00256	0.00881	0.00823	0.00600	0.01192
9	0.02208	0.02156	0.03162	0.09105	0.40943	0.07897	0.05978	0.08986	0.02095	0.02829	0.01555	0.02008	0.01271	0.00827	0.00947	0.00256	0.05361	0.00737	0.00452	0.01227
10	0.01578	0.01500	0.02068	0.01737	0.02148	0.04502	0.13962	0.02424	0.17192	0.02709	0.10230	0.14057	0.19309	0.01542	0.00948	0.00284	0.00743	0.01396	0.00713	0.00957
11	0.01549	0.00774	0.00774	0.00774	0.00968	0.00774	0.00581	0.01936	0.01742	0.03097	0.02710	0.03097	0.02129	0.00968	0.00581	0.00194	0.00387	0.00774	0.75416	0.00774
12	0.02021	0.01816	0.01939	0.01994	0.09906	0.08297	0.01366	0.10133	0.25296	0.03260	0.13091	0.06985	0.07783	0.01276	0.00874	0.00266	0.00744	0.01075	0.00749	0.01128
13	0.01012	0.00723	0.00964	0.01157	0.01205	0.00675	0.00771	0.01157	0.01591	0.02121	0.04579	0.70262	0.05495	0.02603	0.01060	0.00337	0.00482	0.02362	0.00771	0.00675
14	0.02205	0.02428	0.06887	0.03067	0.22287	0.13300	0.08503	0.03342	0.23408	0.02848	0.02149	0.02320	0.01671	0.00892	0.00833	0.00258	0.01022	0.00791	0.00561	0.01228
15	0.01723	0.01477	0.01723	0.01230	0.01969	0.01107	0.00984	0.02092	0.01723	0.02707	0.01477	0.01723	0.01230	0.00615	0.00615	0.00123	0.00615	0.00492	0.00492	0.75883
16	0.05881	0.23022	0.07183	0.09388	0.10954	0.14475	0.04688	0.06404	0.02018	0.06554	0.01499	0.01757	0.01188	0.00799	0.00716	0.00227	0.01062	0.00610	0.00460	0.01112
17	0.01191	0.01012	0.03997	0.01178	0.01395	0.00864	0.00928	0.01614	0.04640	0.02886	0.37641	0.23391	0.09017	0.01929	0.00997	0.00290	0.00486	0.04918	0.00834	0.00792
18	0.01111	0.00777	0.00993	0.01129	0.01180	0.00749	0.00762	0.01243	0.01517	0.02014	0.03971	0.43308	0.04667	0.22919	0.02017	0.00483	0.00614	0.09222	0.00690	0.00635
19	0.02111	0.56484	0.13156	0.01614	0.02346	0.03036	0.01688	0.02472	0.01666	0.02055	0.01198	0.01429	0.01066	0.00777	0.00734	0.00204	0.06039	0.00490	0.00355	0.01078
20	0.01910	0.01821	0.03046	0.08722	0.54913	0.01830	0.02330	0.02378	0.01877	0.02626	0.02288	0.02699	0.08122	0.00891	0.00840	0.00252	0.00934	0.00848	0.00447	0.01225
21	0.01155	0.00848	0.01082	0.01023	0.01228	0.00775	0.00768	0.01528	0.02303	0.03215	0.59132	0.06396	0.13963	0.01742	0.00980	0.00263	0.00395	0.01529	0.00899	0.00775
22	0.02019	0.01581	0.01721	0.01471	0.01906	0.01704	0.01162	0.21126	0.21255	0.03785	0.18307	0.04270	0.13408	0.01377	0.00894	0.00267	0.00636	0.01143	0.00845	0.01122
23	0.01000	0.00842	0.00866	0.00860	0.01133	0.00709	0.00645	0.01226	0.01935	0.02343	0.13593	0.07832	0.60046	0.02067	0.00982	0.00279	0.00418	0.01730	0.00784	0.00709
24	0.01741	0.01609	0.02610	0.06823	0.43313	0.01597	0.01983	0.02182	0.01959	0.02729	0.13261	0.03558	0.10932	0.01089	0.00871	0.00255	0.00816	0.01004	0.00543	0.01125
25	0.01549	0.00774	0.00774	0.00774	0.00968	0.00774	0.00581	0.01936	0.01742	0.03097	0.02710	0.03097	0.02129	0.00968	0.00581	0.00194	0.00387	0.00774	0.75416	0.00774
26	0.76672	0.01607	0.01221	0.01092	0.01607	0.01864	0.00900	0.02442	0.01414	0.03727	0.01157	0.01350	0.00900	0.00771	0.00514	0.00257	0.00643	0.00450	0.00514	0.00900
27	0.03193	0.02271	0.02458	0.01885	0.02548	0.02493	0.01557	0.59248	0.03812	0.08972	0.02073	0.02046	0.01452	0.00999	0.00831	0.00250	0.00901	0.00753	0.00843	0.01413
28	0.02096	0.29188	0.17739	0.02901	0.23635	0.06459	0.02175	0.02591	0.01811	0.02363	0.01373	0.01678	0.01146	0.00747	0.00700	0.00222	0.01034	0.00586	0.00377	0.01179
29	0.02307	0.07296	0.02714	0.06945	0.22690	0.08242	0.01844	0.12368	0.20898	0.03172	0.02113	0.02264	0.01643	0.00910	0.00803	0.00251	0.00924	0.00760	0.00601	0.01255
30	0.01275	0.01122	0.01492	0.01768	0.10449	0.03591	0.03599	0.01511	0.01757	0.02255	0.04893	0.38966	0.20010	0.02062	0.00991	0.00303	0.00616	0.01845	0.00692	0.00802
31	0.02674	0.09906	0.02897	0.03029	0.23289	0.35426	0.01896	0.06732	0.02233	0.02451	0.01408	0.01697	0.01172	0.00812	0.00757	0.00223	0.01232	0.00607	0.00441	0.01118
32	0.01226	0.00948	0.01411	0.01388	0.01527	0.01133	0.01087	0.01516	0.01331	0.01933	0.02154	0.03173	0.02015	0.05930	0.63432	0.01274	0.06449	0.00880	0.00440	0.00752
33	0.02244	0.03011	0.17158	0.03716	0.35295	0.19123	0.02418	0.02769	0.01982	0.02517	0.01474	0.01843	0.01193	0.00781	0.00796	0.00242	0.01174	0.00658	0.00402	0.01204
34	0.01012	0.00723	0.00964	0.01157	0.01205	0.00675	0.00771	0.01157	0.01591	0.02121	0.04579	0.70262	0.05495	0.02603	0.01060	0.00337	0.00482	0.02362	0.00771	0.00675
35	0.01560	0.01509	0.01513	0.01496	0.01671	0.14284	0.01129	0.01801	0.01592	0.01996	0.02508	0.17757	0.02590	0.04124	0.36325	0.00843	0.04873	0.01139	0.00510	0.00779
36	0.01723	0.01477	0.01723	0.01230	0.01969	0.01107	0.00984	0.02092	0.01723	0.02707	0.01477	0.01723	0.01230	0.00615	0.00615	0.00123	0.00615	0.00492	0.00492	0.75883
37	0.02019	0.09790	0.17640	0.01694	0.02446	0.10560	0.01655	0.02490	0.01843	0.05272	0.03828	0.01877	0.01422	0.00796	0.00786	0.00197	0.04047	0.00585	0.00468	0.30586
38	0.02900	0.03554	0.02403	0.02375	0.08482	0.54724	0.01665	0.03355	0.08506	0.02242	0.01521	0.01711	0.01240	0.00872	0.00766	0.00224	0.01366	0.00595	0.00468	0.01032
39	0.01549	0.00774	0.00774	0.00774	0.00968	0.00774	0.00581	0.01936	0.01742	0.03097	0.02710	0.03097	0.02129	0.00968	0.00581	0.00194	0.00387	0.00774	0.75416	0.00774
40	0.01184	0.00795	0.00913	0.00937	0.00943	0.00789	0.00537	0.01202	0.01256	0.01674	0.02863	0.13535	0.03329	0.62284	0.03833	0.00747	0.00765	0.01352	0.00537	0.00525
41	0.01703	0.04040	0.58804	0.02509	0.03689	0.01951	0.10507	0.02635	0.01780	0.02635	0.01515	0.01815	0.01078	0.00778	0.00813	0.00265	0.01249	0.00660	0.00359	0.01214
42	0.01976	0.03394	0.36459	0.02496	0.03442	0.07818	0.16219	0.08456	0.02036	0.02792	0.01611	0.01960	0.01201	0.01138	0.05036	0.00329	0.01324	0.00721	0.00426	0.01167
43	0.01176	0.00849	0.01110	0.01045	0.01241	0.00784	0.00784	0.01568	0.02352	0.03331	0.65184	0.06206	0.07839	0.01698	0.00980	0.00261	0.00392	0.01502	0.00914	0.00784
44	0.01188	0.00885	0.01309	0.01309	0.01448	0.01024	0.01006	0.01467	0.01327	0.01909	0.02249	0.03397	0.02135	0.10189	0.63633	0.01303	0.02138	0.00910	0.00449	0.00727
45	0.02170	0.32590	0.07064	0.01564	0.02191	0.02481	0.01438	0.03283	0.25743	0.06813	0.02493	0.02432	0.04537	0.00958	0.00709	0.00233	0.00789	0.00729	0.00606	0.01179
46	0.10766	0.02222	0.02211	0.01782	0.02367	0.06451	0.01444	0.42427	0.11807	0.04521	0.02142	0.04412	0.01634	0.01038	0.00802	0.00255	0.00871	0.00785	0.00772	0.01291
47	0.02206	0.01982	0.02405	0.12209	0.19757	0.09941	0.01755	0.10391	0.04916	0.06116	0.02123	0.05507	0.03902	0.00953	0.00803	0.00236	0.00928	0.00806	0.00555	0.12508
48	0.02682	0.02512	0.02153	0.01859	0.02368	0.20928	0.01452	0.17004	0.30239	0.06319	0.02467	0.02383	0.01845	0.01016	0.00814	0.00254	0.00958	0.00776	0.00731	0.01240
49	0.01572	0.01245	0.01542	0.01682	0.06844	0.01284	0.01218	0.07493	0.12561	0.02787	0.04430	0.14234	0.14526	0.05126	0.01148	0.00339	0.00684	0.19613	0.00745	0.00926
50	0.01705	0.04457	0.08870	0.05042	0.09874	0.06700	0.01547	0.02503	0.13923	0.02739	0.13253	0.08401	0.08968	0.01384	0.00895	0.00276	0.00790	0.07002	0.00658	0.01013

[dist]
# distance from previous block
# <min> <max>
0	17

[block]
# block no. 3 follows, 22 sequences, length 23
# corresponding to MSA columns:
# 109-131
name=unknown_D
#
# <colnr> <probs for GDERKNQSTAVLIFYWHMCP>
#	G	D	E	R	K	N	Q	S	T	A	V	L	I	F	Y	W	H	M	C	P
0	0.02242	0.02450	0.02177	0.06967	0.06138	0.26866	0.01558	0.05122	0.05618	0.02408	0.07927	0.02733	0.05534	0.04030	0.01331	0.00288	0.14315	0.00820	0.00520	0.00959
1	0.05358	0.01465	0.01920	0.07270	0.10284	0.01442	0.01361	0.09408	0.05067	0.16758	0.03005	0.15298	0.06048	0.01272	0.00843	0.00257	0.00723	0.01091	0.00714	0.10415
2	0.01964	0.02454	0.15136	0.04250	0.40779	0.01994	0.15990	0.02589	0.01882	0.02687	0.01576	0.02042	0.01256	0.00740	0.00852	0.00257	0.01122	0.00771	0.00402	0.01257
3	0.02062	0.02268	0.07774	0.03860	0.39891	0.07924	0.06961	0.02560	0.01902	0.02639	0.01527	0.01942	0.01255	0.00731	0.00791	0.00227	0.01023	0.00690	0.00422	0.13549
4	0.00996	0.00786	0.00899	0.00990	0.01161	0.00689	0.00697	0.01176	0.01751	0.02186	0.06607	0.37341	0.37106	0.02339	0.01019	0.00307	0.00450	0.02040	0.00771	0.00689
5	0.02050	0.02010	0.02022	0.02075	0.10049	0.14613	0.01429	0.05731	0.19566	0.02970	0.16471	0.03427	0.06147	0.01219	0.01008	0.00264	0.06222	0.00973	0.00681	0.01071
6	0.01829	0.12202	0.42394	0.02808	0.13811	0.02125	0.08307	0.02602	0.01788	0.02562	0.01478	0.01796	0.01117	0.00763	0.00780	0.00251	0.01161	0.00647	0.00368	0.01212
7	0.01174	0.00854	0.01157	0.01145	0.01296	0.00894	0.00852	0.01395	0.01567	0.02153	0.14132	0.04680	0.12956	0.11186	0.34354	0.06414	0.01369	0.01151	0.00577	0.00690
8	0.01077	0.00784	0.01014	0.01086	0.01213	0.00722	0.00765	0.01328	0.01927	0.02627	0.29734	0.38992	0.11265	0.02192	0.01021	0.00302	0.00440	0.01960	0.00830	0.00722
9	0.01775	0.07447	0.07205	0.01752	0.05160	0.05055	0.01441	0.02291	0.06914	0.02435	0.02303	0.02590	0.07925	0.01419	0.06012	0.00312	0.13549	0.00752	0.00494	0.23169
10	0.76672	0.01607	0.01221	0.01092	0.01607	0.01864	0.00900	0.02442	0.01414	0.03727	0.01157	0.01350	0.00900	0.00771	0.00514	0.00257	0.00643	0.00450	0.00514	0.00900
11	0.02780	0.01509	0.01830	0.01462	0.01981	0.01480	0.01185	0.20431	0.02789	0.29378	0.18245	0.03709	0.06995	0.01245	0.00878	0.00257	0.00674	0.01026	0.00928	0.01219
12	0.02788	0.01754	0.02021	0.01598	0.02140	0.01826	0.01300	0.34423	0.03177	0.18306	0.18118	0.03235	0.03166	0.01180	0.00869	0.00254	0.00737	0.00956	0.00896	0.01255
13	0.02596	0.02090	0.01910	0.01707	0.02158	0.18040	0.01364	0.08015	0.15529	0.16949	0.03129	0.03969	0.05006	0.01294	0.00882	0.00276	0.00910	0.12291	0.00762	0.01124
14	0.01063	0.00835	0.00934	0.00953	0.01161	0.00739	0.00697	0.01285	0.01869	0.02361	0.16737	0.13255	0.39730	0.09598	0.01353	0.00346	0.00484	0.05138	0.00766	0.00695
15	0.01447	0.01094	0.01384	0.01447	0.01685	0.01138	0.01196	0.02202	0.14242	0.02789	0.14831	0.07387	0.04793	0.05214	0.01205	0.00361	0.00680	0.35246	0.00795	0.00864
16	0.02006	0.01862	0.02610	0.10209	0.34696	0.05490	0.01964	0.10520	0.02170	0.02867	0.02936	0.03193	0.13795	0.01058	0.00851	0.00255	0.00908	0.00927	0.00536	0.01149
17	0.01903	0.01862	0.02435	0.46092	0.07646	0.09399	0.02072	0.05185	0.10378	0.02459	0.01741	0.02237	0.01321	0.00877	0.00823	0.00268	0.01076	0.00743	0.00463	0.01021
18	0.02337	0.06090	0.02698	0.02926	0.24201	0.11535	0.01821	0.16666	0.02434	0.03193	0.10252	0.02468	0.02162	0.01004	0.00972	0.00250	0.06451	0.00799	0.00574	0.01168
19	0.01943	0.23434	0.03137	0.01930	0.02427	0.12472	0.14866	0.02271	0.01806	0.02161	0.02177	0.17920	0.02226	0.01583	0.05722	0.00329	0.01102	0.01062	0.00486	0.00946
20	0.01978	0.07478	0.02495	0.02188	0.10860	0.07370	0.04998	0.02696	0.13399	0.02608	0.01920	0.05494	0.01659	0.00973	0.01014	0.00233	0.09906	0.00763	0.00524	0.21445
21	0.01826	0.02843	0.29149	0.02999	0.21921	0.01799	0.05456	0.02580	0.04462	0.02708	0.01600	0.01921	0.01240	0.00751	0.00778	0.00233	0.01022	0.00661	0.00421	0.15630
22	0.02330	0.07882	0.09941	0.01942	0.02493	0.24580	0.04384	0.06592	0.16382	0.02686	0.04568	0.02299	0.01803	0.01418	0.06774	0.00340	0.01210	0.00735	0.00554	0.01088

[dist]
# distance from previous block
# <min> <max>
0	7

[block]
# block no. 4 follows, 22 sequences, length 15
# corresponding to MSA columns:
# 139-153
name=unknown_E
#
# <colnr> <probs for GDERKNQSTAVLIFYWHMCP>
#	G	D	E	R	K	N	Q	S	T	A	V	L	I	F	Y	W	H	M	C	P
0	0.22207	0.20666	0.02775	0.02205	0.13779	0.17904	0.01542	0.05645	0.01920	0.02744	0.01302	0.01542	0.01086	0.00781	0.00647	0.00224	0.00988	0.00537	0.00448	0.01060
1	0.01689	0.01690	0.01481	0.01430	0.01659	0.18570	0.01080	0.01943	0.01833	0.02193	0.11622	0.04377	0.08962	0.10465	0.21999	0.00653	0.01333	0.05671	0.00569	0.00779
2	0.02480	0.25353	0.06324	0.02663	0.18779	0.21312	0.01857	0.07519	0.02111	0.02465	0.01380	0.01640	0.01159	0.00787	0.00706	0.00216	0.01108	0.00579	0.00428	0.01136
3	0.01742	0.34437	0.20269	0.01524	0.02261	0.02233	0.01658	0.02183	0.01760	0.02215	0.03173	0.03215	0.18107	0.01102	0.00722	0.00228	0.00856	0.00838	0.00465	0.01013
4	0.01191	0.00859	0.01132	0.01091	0.01287	0.00800	0.00837	0.01582	0.02310	0.03251	0.59373	0.06508	0.07546	0.01755	0.00996	0.00273	0.00428	0.07098	0.00900	0.00782
5	0.02952	0.02196	0.02352	0.01838	0.02450	0.02436	0.01498	0.54068	0.09523	0.04879	0.02159	0.02279	0.01604	0.04631	0.01009	0.00281	0.00884	0.00790	0.00815	0.01356
6	0.01224	0.00837	0.01027	0.01096	0.01152	0.00833	0.00751	0.01339	0.01432	0.01893	0.03281	0.12802	0.03729	0.45971	0.03102	0.00648	0.00763	0.16933	0.00599	0.00590
7	0.01569	0.01477	0.02492	0.68808	0.05722	0.01846	0.02307	0.02123	0.01661	0.02123	0.01477	0.02215	0.01107	0.00831	0.00831	0.00277	0.01107	0.00738	0.00369	0.00923
8	0.01347	0.00896	0.01110	0.01028	0.01286	0.00800	0.00781	0.01684	0.02231	0.08536	0.44511	0.06391	0.22776	0.01749	0.00968	0.00266	0.00427	0.01512	0.00886	0.00817
9	0.01848	0.01473	0.01735	0.01246	0.01978	0.01115	0.00999	0.02214	0.01764	0.06676	0.01589	0.01792	0.01282	0.00641	0.00629	0.00131	0.00621	0.00514	0.00526	0.71228
10	0.01723	0.01477	0.01723	0.01230	0.01969	0.01107	0.00984	0.02092	0.01723	0.02707	0.01477	0.01723	0.01230	0.00615	0.00615	0.00123	0.00615	0.00492	0.00492	0.75883
11	0.03108	0.03817	0.02366	0.02120	0.02569	0.61796	0.01603	0.08522	0.02490	0.02313	0.01346	0.01542	0.01100	0.00868	0.00756	0.00217	0.01447	0.00554	0.00463	0.01002
12	0.01626	0.01206	0.01300	0.01281	0.01542	0.04828	0.00983	0.02121	0.09845	0.08444	0.04664	0.12069	0.18201	0.13118	0.01512	0.00389	0.00686	0.14604	0.00741	0.00843
13	0.04751	0.16048	0.24122	0.01634	0.02285	0.01745	0.01759	0.02114	0.01748	0.02427	0.06254	0.04160	0.07389	0.08032	0.01154	0.00322	0.00898	0.11685	0.00515	0.00959
14	0.02138	0.02687	0.21802	0.02086	0.05843	0.06731	0.05380	0.11647	0.02148	0.06341	0.01691	0.01934	0.01282	0.01043	0.03927	0.00271	0.01058	0.00648	0.00514	0.20831

[dist]
# distance from previous block
# <min> <max>
0	1

[block]
# block no. 5 follows, 22 sequences, length 15
# corresponding to MSA columns:
# 155-169
name=unknown_F
#
# <colnr> <probs for GDERKNQSTAVLIFYWHMCP>
#	G	D	E	R	K	N	Q	S	T	A	V	L	I	F	Y	W	H	M	C	P
0	0.02361	0.08045	0.21375	0.02766	0.13560	0.23638	0.08520	0.02897	0.02018	0.05077	0.01507	0.01787	0.01167	0.00798	0.00786	0.00240	0.01250	0.00645	0.00422	0.01141
1	0.02043	0.02010	0.03577	0.04885	0.57399	0.01991	0.10608	0.02565	0.01901	0.02707	0.01578	0.02081	0.01308	0.00735	0.00844	0.00251	0.01042	0.00772	0.00412	0.01290
2	0.02099	0.01735	0.10556	0.07941	0.09403	0.01356	0.01573	0.02647	0.04421	0.18587	0.19414	0.03359	0.03264	0.01089	0.00844	0.00246	0.00746	0.00936	0.00715	0.09070
3	0.01013	0.00835	0.00890	0.00893	0.01146	0.00712	0.00663	0.01247	0.01944	0.02402	0.16821	0.11731	0.52680	0.02074	0.00987	0.00281	0.00420	0.01754	0.00793	0.00712
4	0.01190	0.00877	0.01267	0.01267	0.01392	0.01001	0.00954	0.01440	0.01315	0.01878	0.02287	0.03608	0.02227	0.16479	0.57468	0.01251	0.02000	0.00941	0.00454	0.00704
5	0.01549	0.00774	0.00774	0.00774	0.00968	0.00774	0.00581	0.01936	0.01742	0.03097	0.02710	0.03097	0.02129	0.00968	0.00581	0.00194	0.00387	0.00774	0.75416	0.00774
6	0.01282	0.00992	0.01183	0.01157	0.01346	0.01043	0.00838	0.01812	0.11459	0.02258	0.07935	0.07548	0.15998	0.20217	0.20508	0.00709	0.01063	0.01253	0.00634	0.00765
7	0.01549	0.00774	0.00774	0.00774	0.00968	0.00774	0.00581	0.01936	0.01742	0.03097	0.02710	0.03097	0.02129	0.00968	0.00581	0.00194	0.00387	0.00774	0.75416	0.00774
8	0.01787	0.19689	0.35203	0.02196	0.03149	0.02173	0.12583	0.02472	0.01786	0.02439	0.02068	0.02299	0.06891	0.00874	0.00778	0.00247	0.01103	0.00738	0.00402	0.01123
9	0.02552	0.02904	0.02248	0.02003	0.02323	0.38194	0.01558	0.08143	0.02118	0.02299	0.01454	0.01880	0.01261	0.01820	0.11471	0.00421	0.15291	0.00648	0.00454	0.00958
10	0.01985	0.02456	0.12984	0.23851	0.28905	0.10716	0.02431	0.02534	0.01861	0.02428	0.01487	0.01982	0.01177	0.00791	0.00810	0.00254	0.01131	0.00692	0.00391	0.01134
11	0.02381	0.16814	0.03117	0.03156	0.31302	0.02089	0.01894	0.02755	0.01905	0.15814	0.02083	0.02289	0.04036	0.00902	0.00906	0.00244	0.05807	0.00737	0.00540	0.01228
12	0.01922	0.01872	0.02131	0.07893	0.17602	0.10194	0.01586	0.02922	0.21779	0.02782	0.07294	0.03572	0.12599	0.01171	0.00857	0.00263	0.00827	0.00992	0.00640	0.01102
13	0.01405	0.06962	0.01401	0.01221	0.05422	0.01050	0.00874	0.01648	0.01920	0.08041	0.06894	0.06580	0.50005	0.01801	0.00920	0.00267	0.00523	0.01494	0.00736	0.00836
14	0.02180	0.01925	0.02597	0.22209	0.22055	0.05952	0.02011	0.09542	0.14299	0.05923	0.02006	0.02303	0.01525	0.00891	0.00826	0.00261	0.00967	0.00772	0.00560	0.01196

[dist]
# distance from previous block
# <min> <max>
1	6

[block]
# block no. 6 follows, 22 sequences, length 23
# corresponding to MSA columns:
# 176-198
name=unknown_G
#
# <colnr> <probs for GDERKNQSTAVLIFYWHMCP>
#	G	D	E	R	K	N	Q	S	T	A	V	L	I	F	Y	W	H	M	C	P
0	0.25649	0.05980	0.02107	0.01653	0.02213	0.20139	0.01330	0.20855	0.02457	0.03560	0.01465	0.01608	0.01131	0.00849	0.00682	0.00230	0.00970	0.00566	0.00576	0.05981
1	0.15686	0.05715	0.11616	0.10161	0.14892	0.10653	0.05710	0.10902	0.02093	0.03037	0.01481	0.01801	0.01146	0.00810	0.00751	0.00249	0.01050	0.00645	0.00474	0.01127
2	0.02076	0.02263	0.15210	0.01977	0.05835	0.01897	0.01747	0.19974	0.06081	0.03368	0.05824	0.04510	0.01933	0.01469	0.06491	0.00342	0.07125	0.00808	0.00599	0.10471
3	0.01446	0.01795	0.13398	0.01595	0.02157	0.01291	0.09912	0.07209	0.02075	0.02681	0.07699	0.05455	0.36859	0.01555	0.00933	0.00274	0.00748	0.01340	0.00657	0.00922
4	0.05589	0.01507	0.01826	0.01585	0.01932	0.01732	0.01276	0.24145	0.02281	0.03236	0.02023	0.02620	0.01718	0.03763	0.35964	0.00827	0.05576	0.00807	0.00586	0.01006
5	0.02228	0.15066	0.16111	0.02007	0.06383	0.08670	0.01795	0.06899	0.18603	0.05690	0.02028	0.02090	0.01549	0.00879	0.00748	0.00235	0.00938	0.00679	0.00566	0.06834
6	0.02241	0.02189	0.03448	0.04264	0.44000	0.06348	0.12113	0.09849	0.02175	0.02963	0.01615	0.02042	0.01302	0.00772	0.00844	0.00250	0.01079	0.00767	0.00464	0.01273
7	0.01850	0.33042	0.32765	0.01825	0.02716	0.02397	0.02118	0.02442	0.01756	0.02360	0.05419	0.04658	0.01661	0.00886	0.00701	0.00229	0.00998	0.00667	0.00405	0.01107
8	0.01063	0.00912	0.00920	0.00905	0.01200	0.00804	0.00683	0.01434	0.06572	0.02337	0.08037	0.07627	0.60567	0.02030	0.00972	0.00281	0.00439	0.01692	0.00777	0.00747
9	0.01847	0.01457	0.02000	0.02434	0.21792	0.01466	0.01414	0.10009	0.04983	0.05708	0.10582	0.04162	0.12000	0.14742	0.01530	0.00365	0.00760	0.01087	0.00645	0.01021
10	0.02846	0.07561	0.02373	0.01995	0.02425	0.52181	0.01531	0.06960	0.02305	0.02226	0.01425	0.01712	0.01201	0.01439	0.07973	0.00336	0.01502	0.00582	0.00452	0.00975
11	0.01460	0.01262	0.01771	0.17339	0.10526	0.01364	0.01431	0.02150	0.13016	0.02457	0.03738	0.26104	0.10786	0.01630	0.00929	0.00295	0.00714	0.01450	0.00646	0.00932
12	0.76672	0.01607	0.01221	0.01092	0.01607	0.01864	0.00900	0.02442	0.01414	0.03727	0.01157	0.01350	0.00900	0.00771	0.00514	0.00257	0.00643	0.00450	0.00514	0.00900
13	0.01178	0.00983	0.01046	0.01023	0.01307	0.00925	0.00768	0.01744	0.11800	0.02554	0.13776	0.11696	0.44305	0.01940	0.00966	0.00283	0.00460	0.01641	0.00799	0.00806
14	0.01734	0.00976	0.01268	0.01123	0.01428	0.00875	0.00867	0.02092	0.02311	0.17468	0.45407	0.05621	0.12344	0.01588	0.00947	0.00262	0.00466	0.01377	0.00926	0.00918
15	0.01835	0.03274	0.38353	0.03496	0.27767	0.01957	0.06338	0.02601	0.01820	0.02665	0.01530	0.01900	0.01167	0.00765	0.00813	0.00258	0.01144	0.00684	0.00378	0.01256
16	0.01016	0.00843	0.00890	0.00878	0.01143	0.00716	0.00658	0.01259	0.01975	0.02438	0.18560	0.07675	0.55020	0.02031	0.00981	0.00277	0.00416	0.01708	0.00797	0.00716
17	0.01158	0.00894	0.01064	0.01030	0.01258	0.00828	0.00769	0.01594	0.05862	0.02921	0.39776	0.11319	0.24750	0.01854	0.00978	0.00274	0.00423	0.01608	0.00856	0.00783
18	0.01034	0.00827	0.00929	0.00966	0.01187	0.00722	0.00717	0.01267	0.01902	0.02387	0.15462	0.19430	0.42794	0.02150	0.01005	0.00294	0.00447	0.04978	0.00791	0.00711
19	0.01723	0.01477	0.01723	0.01230	0.01969	0.01107	0.00984	0.02092	0.01723	0.02707	0.01477	0.01723	0.01230	0.00615	0.00615	0.00123	0.00615	0.00492	0.00492	0.75883
20	0.02172	0.01768	0.01854	0.01570	0.02025	0.05099	0.01239	0.21258	0.21780	0.03868	0.21276	0.03559	0.03657	0.01225	0.00868	0.00256	0.00697	0.01012	0.00827	0.03988
21	0.01279	0.00892	0.01180	0.01262	0.01412	0.00875	0.00961	0.01522	0.01805	0.05582	0.11633	0.35917	0.11464	0.02241	0.01135	0.00330	0.04009	0.14963	0.00779	0.00759
22	0.01962	0.01963	0.05541	0.02079	0.12474	0.07429	0.01460	0.05635	0.10768	0.02893	0.05257	0.02439	0.04261	0.00871	0.00747	0.00201	0.00790	0.00720	0.00565	0.31946

[dist]
# distance from previous block
# <min> <max>
0	1

[block]
# block no. 7 follows, 22 sequences, length 25
# corresponding to MSA columns:
# 200-224
name=unknown_H
#
# <colnr> <probs for GDERKNQSTAVLIFYWHMCP>
#	G	D	E	R	K	N	Q	S	T	A	V	L	I	F	Y	W	H	M	C	P
0	0.01938	0.01852	0.03088	0.09400	0.50857	0.01955	0.02358	0.02384	0.01792	0.02561	0.01667	0.05698	0.01500	0.00923	0.01039	0.00266	0.08265	0.00826	0.00422	0.01208
1	0.01017	0.00843	0.00890	0.00878	0.01144	0.00716	0.00659	0.01260	0.01976	0.02441	0.18686	0.07671	0.54892	0.02031	0.00981	0.00277	0.00416	0.01708	0.00797	0.00716
2	0.07313	0.33148	0.03394	0.02462	0.18731	0.13003	0.01682	0.02608	0.01832	0.02334	0.01303	0.01575	0.01131	0.00740	0.00647	0.00203	0.00978	0.00540	0.00401	0.05975
3	0.76672	0.01607	0.01221	0.01092	0.01607	0.01864	0.00900	0.02442	0.01414	0.03727	0.01157	0.01350	0.00900	0.00771	0.00514	0.00257	0.00643	0.00450	0.00514	0.00900
4	0.01549	0.00774	0.00774	0.00774	0.00968	0.00774	0.00581	0.01936	0.01742	0.03097	0.02710	0.03097	0.02129	0.00968	0.00581	0.00194	0.00387	0.00774	0.75416	0.00774
5	0.02221	0.71304	0.04353	0.01421	0.02132	0.03287	0.01421	0.02488	0.01688	0.01955	0.01155	0.01333	0.01066	0.00711	0.00533	0.00178	0.00888	0.00444	0.00355	0.01066
6	0.01208	0.00805	0.00906	0.00906	0.00906	0.00805	0.00503	0.01208	0.01208	0.01611	0.02618	0.05436	0.03020	0.70804	0.04228	0.00805	0.00805	0.01208	0.00503	0.00503
7	0.02064	0.01830	0.02239	0.02513	0.17481	0.02044	0.01613	0.03964	0.49098	0.03291	0.02942	0.02848	0.02241	0.01034	0.00840	0.00273	0.00737	0.00891	0.00741	0.01315
8	0.02076	0.02333	0.09501	0.03494	0.29319	0.06434	0.11264	0.03113	0.18165	0.02850	0.02029	0.02288	0.01583	0.00848	0.00844	0.00260	0.01022	0.00802	0.00521	0.01254
9	0.02490	0.03701	0.26447	0.02430	0.07982	0.28745	0.02225	0.11244	0.02308	0.02755	0.01482	0.01707	0.01131	0.00841	0.00781	0.00240	0.01275	0.00610	0.00454	0.01152
10	0.02010	0.12870	0.27829	0.02169	0.07013	0.10007	0.02112	0.03048	0.16478	0.02651	0.02151	0.02255	0.04053	0.00916	0.00771	0.00249	0.01029	0.00712	0.00498	0.01178
11	0.03158	0.02327	0.02493	0.01911	0.02576	0.02576	0.01579	0.62852	0.03906	0.05236	0.01995	0.01995	0.01413	0.00997	0.00831	0.00249	0.00914	0.00748	0.00831	0.01413
12	0.02428	0.06229	0.14221	0.01790	0.02502	0.07256	0.01662	0.13684	0.17805	0.10899	0.02229	0.02213	0.01632	0.00916	0.00776	0.00237	0.00890	0.00713	0.00665	0.11251
13	0.01008	0.00802	0.00904	0.00964	0.01160	0.00699	0.00691	0.01211	0.01829	0.02291	0.11719	0.28774	0.40546	0.02239	0.01008	0.00298	0.00439	0.01937	0.00783	0.00699
14	0.01208	0.00805	0.00906	0.00906	0.00906	0.00805	0.00503	0.01208	0.01208	0.01611	0.02618	0.05436	0.03020	0.70804	0.04228	0.00805	0.00805	0.01208	0.00503	0.00503
15	0.02264	0.01883	0.01990	0.01731	0.02236	0.02159	0.01363	0.15010	0.53204	0.03794	0.03130	0.02899	0.02332	0.01104	0.00843	0.00276	0.00704	0.00905	0.00843	0.01333
16	0.02218	0.02281	0.03214	0.04641	0.55862	0.12112	0.02403	0.02668	0.01963	0.02609	0.01520	0.01970	0.01278	0.00758	0.00811	0.00242	0.01066	0.00708	0.00414	0.01261
17	0.76672	0.01607	0.01221	0.01092	0.01607	0.01864	0.00900	0.02442	0.01414	0.03727	0.01157	0.01350	0.00900	0.00771	0.00514	0.00257	0.00643	0.00450	0.00514	0.00900
18	0.01158	0.00879	0.01245	0.01238	0.01409	0.00966	0.00956	0.01453	0.01519	0.02121	0.09784	0.04215	0.11199	0.05191	0.51451	0.01078	0.01787	0.01072	0.00539	0.00741
19	0.02529	0.43023	0.03597	0.01881	0.06184	0.20016	0.01553	0.08241	0.02079	0.02322	0.01291	0.01481	0.01114	0.00777	0.00635	0.00198	0.01057	0.00514	0.00421	0.01086
20	0.01446	0.01080	0.01252	0.01156	0.01451	0.01068	0.00907	0.05431	0.04492	0.06818	0.13045	0.06216	0.37049	0.02123	0.05569	0.00356	0.05096	0.03839	0.00763	0.00845
21	0.02885	0.15783	0.02711	0.01940	0.02464	0.40222	0.01548	0.13617	0.06526	0.02671	0.01521	0.01659	0.01225	0.00872	0.00730	0.00218	0.01231	0.00582	0.00512	0.01083
22	0.02057	0.13513	0.08031	0.01483	0.01932	0.01843	0.01288	0.16664	0.02165	0.06763	0.06301	0.07690	0.02463	0.19434	0.01772	0.00396	0.03634	0.00968	0.00615	0.00987
23	0.01805	0.10708	0.01882	0.01384	0.01742	0.05649	0.01096	0.12631	0.07129	0.02696	0.03474	0.10846	0.13594	0.07929	0.13229	0.00498	0.01020	0.01126	0.00631	0.00929
24	0.02279	0.05817	0.07837	0.02695	0.19113	0.07216	0.05523	0.16689	0.02392	0.06518	0.02629	0.07207	0.08241	0.01093	0.00844	0.00255	0.00943	0.00934	0.00599	0.01176

[dist]
# distance from previous block
# <min> <max>
1	4

[block]
# block no. 8 follows, 22 sequences, length 86
# corresponding to MSA columns:
# 229-314
name=unknown_I
#
# <colnr> <probs for GDERKNQSTAVLIFYWHMCP>
#	G	D	E	R	K	N	Q	S	T	A	V	L	I	F	Y	W	H	M	C	P
0	0.02218	0.08641	0.28008	0.02276	0.06588	0.26309	0.02176	0.02759	0.01940	0.02296	0.01465	0.01792	0.01175	0.01333	0.07224	0.00341	0.01386	0.00606	0.00393	0.01076
1	0.02679	0.11468	0.12653	0.02200	0.05695	0.39708	0.01843	0.06614	0.05246	0.02408	0.01458	0.01653	0.01170	0.00845	0.00743	0.00224	0.01286	0.00579	0.00451	0.01077
2	0.01784	0.10520	0.11256	0.02664	0.19485	0.05593	0.07994	0.02271	0.01990	0.02672	0.16903	0.03359	0.07882	0.01079	0.00844	0.00248	0.00895	0.00959	0.00545	0.01060
3	0.02421	0.28754	0.07453	0.02205	0.02882	0.24266	0.15967	0.02813	0.01977	0.02186	0.01341	0.01626	0.01112	0.00761	0.00725	0.00219	0.01231	0.00610	0.00394	0.01054
4	0.02199	0.62075	0.04223	0.01911	0.10584	0.03112	0.01572	0.02496	0.01715	0.02056	0.01209	0.01429	0.01099	0.00715	0.00572	0.00187	0.00902	0.00484	0.00363	0.01099
5	0.01061	0.00839	0.00955	0.00938	0.01173	0.00733	0.00699	0.01340	0.02061	0.02671	0.30838	0.10280	0.39530	0.01966	0.00985	0.00276	0.00412	0.01683	0.00828	0.00733
6	0.01194	0.00962	0.01067	0.01032	0.01290	0.00910	0.00768	0.01730	0.10267	0.02692	0.23859	0.09747	0.34562	0.04863	0.01108	0.00301	0.00464	0.01578	0.00811	0.00797
7	0.01549	0.00774	0.00774	0.00774	0.00968	0.00774	0.00581	0.01936	0.01742	0.03097	0.02710	0.03097	0.02129	0.00968	0.00581	0.00194	0.00387	0.00774	0.75416	0.00774
8	0.02068	0.01975	0.02831	0.09447	0.39751	0.05183	0.02139	0.03070	0.19230	0.02842	0.02048	0.02333	0.01626	0.00861	0.00826	0.00257	0.00930	0.00785	0.00529	0.01265
9	0.01078	0.00845	0.00975	0.00943	0.01181	0.00742	0.00707	0.01379	0.02121	0.02784	0.36604	0.07106	0.36760	0.01903	0.00981	0.00271	0.00406	0.01629	0.00842	0.00742
10	0.01920	0.05995	0.14470	0.17518	0.14518	0.08261	0.07004	0.02456	0.01796	0.02415	0.01453	0.01902	0.01156	0.00801	0.00893	0.00243	0.05081	0.00667	0.00398	0.11052
11	0.03215	0.01289	0.01751	0.01410	0.01947	0.01123	0.01135	0.03517	0.02271	0.53963	0.07098	0.12004	0.02855	0.01277	0.00874	0.00268	0.00658	0.01078	0.00987	0.01278
12	0.01903	0.02316	0.14574	0.14709	0.15097	0.02088	0.10628	0.05537	0.08998	0.02686	0.01708	0.02135	0.01334	0.00926	0.01136	0.00282	0.11570	0.00771	0.00457	0.01145
13	0.06622	0.02428	0.23833	0.01941	0.07183	0.01503	0.01847	0.02759	0.01918	0.17709	0.05619	0.02258	0.01737	0.00853	0.00757	0.00227	0.00861	0.00689	0.00590	0.18663
14	0.17735	0.03274	0.02146	0.01934	0.02337	0.47837	0.01485	0.03010	0.02058	0.02370	0.01239	0.01500	0.01038	0.00899	0.00899	0.00238	0.08082	0.00537	0.00439	0.00945
15	0.01994	0.12877	0.14939	0.03495	0.31156	0.05003	0.08362	0.02539	0.01865	0.02532	0.01697	0.02425	0.01469	0.00860	0.00809	0.00251	0.01064	0.05057	0.00420	0.01186
16	0.01062	0.00753	0.00951	0.01080	0.01136	0.00710	0.00705	0.01189	0.01555	0.02068	0.07096	0.49687	0.08129	0.17743	0.01759	0.00435	0.00547	0.02034	0.00718	0.00643
17	0.01006	0.00843	0.00875	0.00867	0.01137	0.00712	0.00650	0.01239	0.01951	0.02380	0.15523	0.07771	0.58093	0.02053	0.00982	0.00278	0.00417	0.01722	0.00789	0.00712
18	0.76672	0.01607	0.01221	0.01092	0.01607	0.01864	0.00900	0.02442	0.01414	0.03727	0.01157	0.01350	0.00900	0.00771	0.00514	0.00257	0.00643	0.00450	0.00514	0.00900
19	0.01208	0.00805	0.00906	0.00906	0.00906	0.00805	0.00503	0.01208	0.01208	0.01611	0.02618	0.05436	0.03020	0.70804	0.04228	0.00805	0.00805	0.01208	0.00503	0.00503
20	0.01942	0.01858	0.03166	0.19974	0.51636	0.01944	0.02493	0.02450	0.01838	0.02576	0.01543	0.02093	0.01267	0.00761	0.00824	0.00254	0.01015	0.00740	0.00401	0.01224
21	0.01549	0.00774	0.00774	0.00774	0.00968	0.00774	0.00581	0.01936	0.01742	0.03097	0.02710	0.03097	0.02129	0.00968	0.00581	0.00194	0.00387	0.00774	0.75416	0.00774
22	0.01723	0.01477	0.01723	0.01230	0.01969	0.01107	0.00984	0.02092	0.01723	0.02707	0.01477	0.01723	0.01230	0.00615	0.00615	0.00123	0.00615	0.00492	0.00492	0.75883
23	0.02513	0.15147	0.02753	0.02302	0.14374	0.05044	0.01597	0.24078	0.02590	0.08304	0.02179	0.11391	0.01930	0.01112	0.00801	0.00246	0.00873	0.00910	0.00650	0.01206
24	0.02629	0.36229	0.03292	0.01773	0.02339	0.33466	0.01503	0.02971	0.05008	0.02065	0.01323	0.01496	0.01139	0.00799	0.00650	0.00200	0.01165	0.00511	0.00413	0.01030
25	0.01452	0.01071	0.01436	0.01359	0.01557	0.01214	0.01044	0.09619	0.01662	0.02329	0.02243	0.03365	0.02106	0.13560	0.50769	0.01125	0.01874	0.00911	0.00504	0.00801
26	0.02514	0.05740	0.17236	0.01897	0.02577	0.17256	0.01790	0.19119	0.02515	0.08231	0.02308	0.02418	0.06446	0.01301	0.04703	0.00308	0.01143	0.00750	0.00594	0.01154
27	0.01070	0.00845	0.00964	0.00935	0.01176	0.00739	0.00701	0.01364	0.02103	0.02741	0.34355	0.07177	0.39036	0.01919	0.00981	0.00272	0.00408	0.01639	0.00837	0.00739
28	0.02081	0.03441	0.40804	0.02726	0.13922	0.02088	0.02633	0.16678	0.02280	0.03253	0.01621	0.01862	0.01181	0.00829	0.00805	0.00257	0.01114	0.00667	0.00473	0.01286
29	0.01723	0.01477	0.01723	0.01230	0.01969	0.01107	0.00984	0.02092	0.01723	0.02707	0.01477	0.01723	0.01230	0.00615	0.00615	0.00123	0.00615	0.00492	0.00492	0.75883
30	0.01732	0.02935	0.32732	0.02125	0.02927	0.01892	0.05771	0.02358	0.01645	0.02502	0.01404	0.01790	0.01115	0.00900	0.01215	0.00255	0.17099	0.00634	0.00391	0.18577
31	0.02000	0.44620	0.29102	0.01798	0.02715	0.02746	0.02078	0.02545	0.01714	0.02224	0.01289	0.01500	0.01061	0.00742	0.00635	0.00212	0.01024	0.00512	0.00354	0.01130
32	0.01549	0.00774	0.00774	0.00774	0.00968	0.00774	0.00581	0.01936	0.01742	0.03097	0.02710	0.03097	0.02129	0.00968	0.00581	0.00194	0.00387	0.00774	0.75416	0.00774
33	0.01208	0.00805	0.00906	0.00906	0.00906	0.00805	0.00503	0.01208	0.01208	0.01611	0.02618	0.05436	0.03020	0.70804	0.04228	0.00805	0.00805	0.01208	0.00503	0.00503
34	0.01072	0.00819	0.00984	0.00997	0.01191	0.00731	0.00727	0.01347	0.02026	0.02687	0.32090	0.20637	0.27611	0.02036	0.00998	0.00284	0.00422	0.01776	0.00833	0.00731
35	0.02767	0.02901	0.03026	0.02693	0.10331	0.27546	0.13947	0.20634	0.02678	0.03183	0.01606	0.01859	0.01238	0.00853	0.00828	0.00242	0.01246	0.00711	0.00543	0.01169
36	0.42487	0.01516	0.01552	0.01273	0.01848	0.01562	0.01050	0.03195	0.01866	0.33004	0.02151	0.02042	0.01442	0.00892	0.00665	0.00257	0.00673	0.00631	0.00755	0.01141
37	0.01189	0.00849	0.01146	0.01153	0.01236	0.00930	0.00809	0.01359	0.01292	0.01805	0.02472	0.06594	0.02588	0.32584	0.39136	0.01082	0.01579	0.01074	0.00481	0.00642
38	0.03103	0.03959	0.02354	0.02140	0.02568	0.67469	0.01605	0.03317	0.02354	0.02033	0.01284	0.01498	0.01070	0.00856	0.00749	0.00214	0.01498	0.00535	0.00428	0.00963
39	0.01179	0.00876	0.01078	0.01194	0.01291	0.00878	0.00807	0.01597	0.09863	0.02231	0.04152	0.52473	0.04763	0.11715	0.01464	0.00394	0.00549	0.02015	0.00744	0.00737
40	0.02566	0.06591	0.18205	0.02400	0.09586	0.21515	0.02035	0.18582	0.05255	0.03146	0.01636	0.01813	0.01246	0.00869	0.00782	0.00240	0.01158	0.00645	0.00527	0.01203
41	0.76672	0.01607	0.01221	0.01092	0.01607	0.01864	0.00900	0.02442	0.01414	0.03727	0.01157	0.01350	0.00900	0.00771	0.00514	0.00257	0.00643	0.00450	0.00514	0.00900
42	0.02026	0.02118	0.06612	0.04779	0.55419	0.01987	0.09627	0.02567	0.01893	0.02704	0.01573	0.02063	0.01297	0.00738	0.00839	0.00251	0.01047	0.00762	0.00409	0.01289
