[name]
unknown

[dist]
# distance from previous block
# <min> <max>
0	0

[block]
# block no. 0 follows, 21 sequences, length 13
# corresponding to MSA columns:
# 0-12
name=unknown_A
#
# <colnr> <probs for GDERKNQSTAVLIFYWHMCP>
#	G	D	E	R	K	N	Q	S	T	A	V	L	I	F	Y	W	H	M	C	P
0	0.01371	0.00980	0.01371	0.01567	0.01763	0.00980	0.01371	0.01763	0.01959	0.02547	0.04506	0.09599	0.04898	0.02351	0.01175	0.00392	0.00784	0.59056	0.00784	0.00784
1	0.02807	0.02050	0.02206	0.01737	0.02272	0.02250	0.01381	0.48937	0.03409	0.04568	0.02180	0.02799	0.01800	0.15822	0.01597	0.00377	0.00913	0.00867	0.00779	0.01248
2	0.02117	0.01828	0.01924	0.01732	0.02213	0.02117	0.01347	0.04522	0.63246	0.03560	0.03464	0.03175	0.02598	0.01155	0.00866	0.00289	0.00673	0.00962	0.00866	0.01347
3	0.01006	0.00862	0.00862	0.00862	0.01149	0.00718	0.00647	0.01221	0.01940	0.02299	0.08621	0.08190	0.64438	0.02155	0.01006	0.00287	0.00431	0.01796	0.00790	0.00718
4	0.01607	0.01513	0.02552	0.68047	0.05861	0.01891	0.02363	0.02174	0.01702	0.02174	0.01513	0.02269	0.01134	0.00851	0.00851	0.00284	0.01134	0.00756	0.00378	0.00945
5	0.01478	0.00739	0.01109	0.01109	0.01109	0.00739	0.00739	0.01109	0.01109	0.01478	0.01478	0.02587	0.01478	0.02956	0.03326	0.75240	0.00739	0.00739	0.00370	0.00370
6	0.01204	0.00870	0.01138	0.01071	0.01271	0.00803	0.00803	0.01606	0.02409	0.03413	0.64335	0.06357	0.08030	0.01740	0.01004	0.00268	0.00401	0.01539	0.00937	0.00803
7	0.02275	0.70604	0.04459	0.01456	0.02184	0.03367	0.01456	0.02548	0.01729	0.02002	0.01183	0.01365	0.01092	0.00728	0.00546	0.00182	0.00910	0.00455	0.00364	0.01092
8	0.01037	0.00741	0.00987	0.01185	0.01234	0.00691	0.00790	0.01185	0.01629	0.02172	0.04690	0.69537	0.05629	0.02666	0.01086	0.00346	0.00494	0.02419	0.00790	0.00691
9	0.01037	0.00741	0.00987	0.01185	0.01234	0.00691	0.00790	0.01185	0.01629	0.02172	0.04690	0.69537	0.05629	0.02666	0.01086	0.00346	0.00494	0.02419	0.00790	0.00691
10	0.03235	0.02384	0.02554	0.01958	0.02639	0.02639	0.01618	0.61946	0.04001	0.05363	0.02043	0.02043	0.01447	0.01022	0.00851	0.00255	0.00936	0.00766	0.00851	0.01447
11	0.03235	0.02384	0.02554	0.01958	0.02639	0.02639	0.01618	0.61946	0.04001	0.05363	0.02043	0.02043	0.01447	0.01022	0.00851	0.00255	0.00936	0.00766	0.00851	0.01447
12	0.01707	0.04402	0.65683	0.02426	0.03683	0.01976	0.03144	0.02695	0.01797	0.02695	0.01527	0.01797	0.01078	0.00809	0.00809	0.00270	0.01258	0.00629	0.00359	0.01258

[dist]
# distance from previous block
# <min> <max>
4	9

[block]
# block no. 1 follows, 21 sequences, length 12
# corresponding to MSA columns:
# 22-33
name=unknown_B
#
# <colnr> <probs for GDERKNQSTAVLIFYWHMCP>
#	G	D	E	R	K	N	Q	S	T	A	V	L	I	F	Y	W	H	M	C	P
0	0.03179	0.04056	0.02412	0.02192	0.02631	0.66676	0.01644	0.03398	0.02412	0.02083	0.01315	0.01535	0.01096	0.00877	0.00767	0.00219	0.01535	0.00548	0.00438	0.00987
1	0.02114	0.51786	0.21862	0.01732	0.02610	0.02972	0.01936	0.02590	0.01748	0.02199	0.01281	0.01488	0.01088	0.00751	0.00621	0.00207	0.01009	0.00504	0.00363	0.01139
2	0.02422	0.50100	0.09517	0.01704	0.02417	0.17085	0.01649	0.02747	0.01884	0.02082	0.01243	0.01441	0.01092	0.00768	0.00618	0.00198	0.01078	0.00491	0.00380	0.01084
3	0.01061	0.00864	0.00939	0.00920	0.01183	0.00742	0.00690	0.01329	0.02071	0.02609	0.24155	0.07679	0.48710	0.02039	0.01005	0.00282	0.00423	0.01724	0.00831	0.00742
4	0.08497	0.02883	0.02133	0.01848	0.02337	0.35795	0.01430	0.10094	0.02529	0.14282	0.08172	0.02322	0.02014	0.01007	0.00799	0.00240	0.01137	0.00724	0.00656	0.01101
5	0.01763	0.10926	0.59649	0.02330	0.03536	0.02113	0.02978	0.02681	0.01790	0.02627	0.01493	0.01754	0.01079	0.00801	0.00783	0.00261	0.01223	0.00612	0.00360	0.01241
6	0.02331	0.02494	0.03381	0.04399	0.45248	0.16171	0.08223	0.02795	0.02048	0.02622	0.01550	0.02000	0.01287	0.00780	0.00842	0.00249	0.01167	0.00737	0.00426	0.01249
7	0.01877	0.01213	0.06055	0.01370	0.01682	0.00945	0.01095	0.02139	0.01871	0.20176	0.04077	0.45582	0.04291	0.02070	0.01000	0.00317	0.00616	0.01842	0.00833	0.00948
8	0.02106	0.02022	0.03454	0.05223	0.64784	0.02022	0.02612	0.02612	0.01938	0.02780	0.01601	0.02106	0.01348	0.00758	0.00842	0.00253	0.01011	0.00758	0.00421	0.01348
9	0.02341	0.02467	0.03226	0.04561	0.51194	0.16159	0.02400	0.02784	0.02041	0.02628	0.01538	0.01981	0.01293	0.00784	0.00826	0.00245	0.01125	0.00712	0.00425	0.01269
10	0.02106	0.02022	0.03454	0.05223	0.64784	0.02022	0.02612	0.02612	0.01938	0.02780	0.01601	0.02106	0.01348	0.00758	0.00842	0.00253	0.01011	0.00758	0.00421	0.01348
11	0.02106	0.02022	0.03454	0.05223	0.64784	0.02022	0.02612	0.02612	0.01938	0.02780	0.01601	0.02106	0.01348	0.00758	0.00842	0.00253	0.01011	0.00758	0.00421	0.01348

[dist]
# distance from previous block
# <min> <max>
0	1

[block]
# block no. 2 follows, 21 sequences, length 44
# corresponding to MSA columns:
# 35-78
name=unknown_C
#
# <colnr> <probs for GDERKNQSTAVLIFYWHMCP>
#	G	D	E	R	K	N	Q	S	T	A	V	L	I	F	Y	W	H	M	C	P
0	0.01409	0.01149	0.01333	0.01128	0.01559	0.00928	0.00834	0.01663	0.01706	0.02423	0.03652	0.16991	0.14445	0.09968	0.01253	0.00288	0.00589	0.01225	0.00617	0.36841
1	0.01441	0.01147	0.01438	0.01390	0.01571	0.04356	0.01059	0.05350	0.01567	0.02152	0.02267	0.03450	0.02155	0.13702	0.51607	0.01174	0.01978	0.00925	0.00487	0.00784
2	0.08789	0.07423	0.14999	0.02679	0.15363	0.21041	0.02051	0.05694	0.05886	0.02733	0.01553	0.01821	0.01240	0.00877	0.00866	0.00251	0.04477	0.00639	0.00465	0.01156
3	0.02308	0.02175	0.03724	0.04083	0.34635	0.02186	0.19510	0.14755	0.02379	0.03292	0.01726	0.02148	0.01352	0.00800	0.00891	0.00263	0.01118	0.00831	0.00512	0.01310
4	0.01751	0.04136	0.58740	0.02738	0.10500	0.01981	0.03085	0.02686	0.01812	0.02705	0.01535	0.01831	0.01108	0.00803	0.00812	0.00268	0.01230	0.00643	0.00366	0.01268
5	0.02610	0.02239	0.02396	0.15672	0.12322	0.17920	0.01762	0.03179	0.07672	0.15991	0.02050	0.02231	0.01510	0.00894	0.00810	0.00244	0.01039	0.00721	0.00601	0.08138
6	0.02275	0.70604	0.04459	0.01456	0.02184	0.03367	0.01456	0.02548	0.01729	0.02002	0.01183	0.01365	0.01092	0.00728	0.00546	0.00182	0.00910	0.00455	0.00364	0.01092
7	0.01037	0.00741	0.00987	0.01185	0.01234	0.00691	0.00790	0.01185	0.01629	0.02172	0.04690	0.69537	0.05629	0.02666	0.01086	0.00346	0.00494	0.02419	0.00790	0.00691
8	0.03179	0.04056	0.02412	0.02192	0.02631	0.66676	0.01644	0.03398	0.02412	0.02083	0.01315	0.01535	0.01096	0.00877	0.00767	0.00219	0.01535	0.00548	0.00438	0.00987
9	0.03203	0.03340	0.02473	0.02092	0.02634	0.39274	0.01633	0.28451	0.03092	0.03487	0.01627	0.01752	0.01246	0.00939	0.00803	0.00235	0.01279	0.00641	0.00615	0.01184
10	0.03235	0.02384	0.02554	0.01958	0.02639	0.02639	0.01618	0.61946	0.04001	0.05363	0.02043	0.02043	0.01447	0.01022	0.00851	0.00255	0.00936	0.00766	0.00851	0.01447
11	0.01238	0.00825	0.00928	0.00928	0.00928	0.00825	0.00516	0.01238	0.01238	0.01650	0.02681	0.05569	0.03094	0.70092	0.04331	0.00825	0.00825	0.01238	0.00516	0.00516
12	0.01035	0.00748	0.00980	0.01165	0.01229	0.00693	0.00781	0.01187	0.01649	0.02180	0.04936	0.65707	0.09300	0.02634	0.01081	0.00342	0.00490	0.02380	0.00790	0.00693
13	0.03179	0.04056	0.02412	0.02192	0.02631	0.66676	0.01644	0.03398	0.02412	0.02083	0.01315	0.01535	0.01096	0.00877	0.00767	0.00219	0.01535	0.00548	0.00438	0.00987
14	0.03235	0.02384	0.02554	0.01958	0.02639	0.02639	0.01618	0.61946	0.04001	0.05363	0.02043	0.02043	0.01447	0.01022	0.00851	0.00255	0.00936	0.00766	0.00851	0.01447
15	0.01216	0.00912	0.01368	0.01368	0.01520	0.01064	0.01064	0.01520	0.01368	0.01976	0.02279	0.03343	0.02127	0.06382	0.66720	0.01368	0.02279	0.00912	0.00456	0.00760
16	0.03062	0.03810	0.02358	0.02142	0.02585	0.59551	0.01611	0.03522	0.09125	0.02246	0.01553	0.01716	0.01262	0.00908	0.00778	0.00227	0.01440	0.00594	0.00486	0.01026
17	0.34441	0.01489	0.01606	0.01326	0.01891	0.01497	0.01082	0.03265	0.01966	0.35290	0.02513	0.06323	0.01817	0.01040	0.00730	0.00268	0.00682	0.00783	0.00813	0.01178
18	0.02275	0.70604	0.04459	0.01456	0.02184	0.03367	0.01456	0.02548	0.01729	0.02002	0.01183	0.01365	0.01092	0.00728	0.00546	0.00182	0.00910	0.00455	0.00364	0.01092
19	0.01037	0.00741	0.00987	0.01185	0.01234	0.00691	0.00790	0.01185	0.01629	0.02172	0.04690	0.69537	0.05629	0.02666	0.01086	0.00346	0.00494	0.02419	0.00790	0.00691
20	0.02275	0.70604	0.04459	0.01456	0.02184	0.03367	0.01456	0.02548	0.01729	0.02002	0.01183	0.01365	0.01092	0.00728	0.00546	0.00182	0.00910	0.00455	0.00364	0.01092
21	0.03179	0.04056	0.02412	0.02192	0.02631	0.66676	0.01644	0.03398	0.02412	0.02083	0.01315	0.01535	0.01096	0.00877	0.00767	0.00219	0.01535	0.00548	0.00438	0.00987
22	0.03235	0.02384	0.02554	0.01958	0.02639	0.02639	0.01618	0.61946	0.04001	0.05363	0.02043	0.02043	0.01447	0.01022	0.00851	0.00255	0.00936	0.00766	0.00851	0.01447
23	0.03179	0.04056	0.02412	0.02192	0.02631	0.66676	0.01644	0.03398	0.02412	0.02083	0.01315	0.01535	0.01096	0.00877	0.00767	0.00219	0.01535	0.00548	0.00438	0.00987
24	0.01194	0.00869	0.01123	0.01060	0.01265	0.00799	0.00795	0.01586	0.02385	0.03355	0.61436	0.06452	0.10964	0.01761	0.01004	0.00269	0.00403	0.01552	0.00929	0.00799
25	0.76103	0.01646	0.01251	0.01119	0.01646	0.01909	0.00922	0.02502	0.01448	0.03818	0.01185	0.01382	0.00922	0.00790	0.00527	0.00263	0.00658	0.00461	0.00527	0.00922
26	0.01006	0.00862	0.00862	0.00862	0.01149	0.00718	0.00647	0.01221	0.01940	0.02299	0.08621	0.08190	0.64438	0.02155	0.01006	0.00287	0.00431	0.01796	0.00790	0.00718
27	0.03179	0.04056	0.02412	0.02192	0.02631	0.66676	0.01644	0.03398	0.02412	0.02083	0.01315	0.01535	0.01096	0.00877	0.00767	0.00219	0.01535	0.00548	0.00438	0.00987
28	0.01037	0.00741	0.00987	0.01185	0.01234	0.00691	0.00790	0.01185	0.01629	0.02172	0.04690	0.69537	0.05629	0.02666	0.01086	0.00346	0.00494	0.02419	0.00790	0.00691
29	0.02106	0.02022	0.03454	0.05223	0.64784	0.02022	0.02612	0.02612	0.01938	0.02780	0.01601	0.02106	0.01348	0.00758	0.00842	0.00253	0.01011	0.00758	0.00421	0.01348
30	0.01010	0.00845	0.00880	0.00909	0.01162	0.00714	0.00667	0.01216	0.01895	0.02281	0.08054	0.17043	0.55951	0.02229	0.01017	0.00296	0.00440	0.01886	0.00790	0.00714
31	0.02106	0.02022	0.03454	0.05223	0.64784	0.02022	0.02612	0.02612	0.01938	0.02780	0.01601	0.02106	0.01348	0.00758	0.00842	0.00253	0.01011	0.00758	0.00421	0.01348
32	0.03179	0.04056	0.02412	0.02192	0.02631	0.66676	0.01644	0.03398	0.02412	0.02083	0.01315	0.01535	0.01096	0.00877	0.00767	0.00219	0.01535	0.00548	0.00438	0.00987
33	0.01306	0.00933	0.01296	0.01493	0.01660	0.00923	0.01258	0.01650	0.01895	0.02474	0.04542	0.21306	0.05040	0.02412	0.01158	0.00383	0.00727	0.47994	0.00785	0.00766
34	0.02118	0.01470	0.01796	0.01986	0.13910	0.01545	0.01273	0.17025	0.04971	0.03654	0.02395	0.02686	0.01855	0.00960	0.00718	0.00227	0.00662	0.00787	0.38876	0.01087
35	0.01009	0.00851	0.00874	0.00893	0.01157	0.00716	0.00660	0.01218	0.01910	0.02287	0.08250	0.13988	0.58880	0.02204	0.01013	0.00293	0.00437	0.01855	0.00790	0.00716
36	0.09034	0.01726	0.02148	0.02277	0.14824	0.01821	0.01500	0.14543	0.14586	0.10739	0.14704	0.03176	0.02992	0.01120	0.00854	0.00265	0.00744	0.00940	0.00777	0.01231
37	0.05489	0.33279	0.32655	0.01928	0.02878	0.05848	0.02225	0.02657	0.01782	0.02413	0.01350	0.01575	0.01078	0.00776	0.00678	0.00228	0.01091	0.00541	0.00373	0.01156
38	0.02332	0.02698	0.06906	0.03756	0.36321	0.21755	0.02192	0.02771	0.02115	0.02615	0.06930	0.02278	0.01831	0.00883	0.00831	0.00245	0.01135	0.00753	0.00467	0.01184
39	0.02100	0.06300	0.07122	0.03904	0.41749	0.02009	0.02231	0.05666	0.05016	0.02896	0.01672	0.02041	0.01369	0.00774	0.00793	0.00233	0.00945	0.00705	0.00470	0.12003
40	0.10060	0.27919	0.32510	0.02111	0.06818	0.02476	0.02256	0.02615	0.01743	0.02572	0.01370	0.01615	0.01083	0.00774	0.00685	0.00236	0.01051	0.00556	0.00383	0.01167
41	0.01856	0.01937	0.06897	0.04155	0.47896	0.01753	0.02245	0.02333	0.01929	0.02677	0.03029	0.03328	0.14208	0.01047	0.00874	0.00261	0.00908	0.00962	0.00493	0.01214
42	0.12475	0.02275	0.17885	0.02790	0.22077	0.01675	0.02029	0.02437	0.01843	0.05625	0.05213	0.08375	0.02144	0.01078	0.00823	0.00267	0.00898	0.03889	0.00531	0.05673
43	0.10275	0.02555	0.25840	0.01961	0.06500	0.01626	0.01922	0.06193	0.02092	0.10955	0.12936	0.02993	0.05238	0.01060	0.00822	0.00260	0.00876	0.00859	0.00624	0.04411

[dist]
# distance from previous block
# <min> <max>
12	32

[block]
# block no. 3 follows, 21 sequences, length 6
# corresponding to MSA columns:
# 111-116
name=unknown_D
#
# <colnr> <probs for GDERKNQSTAVLIFYWHMCP>
#	G	D	E	R	K	N	Q	S	T	A	V	L	I	F	Y	W	H	M	C	P
0	0.07182	0.01142	0.01327	0.01225	0.01472	0.01189	0.00912	0.07079	0.10177	0.02807	0.16484	0.04124	0.11692	0.02007	0.01742	0.26291	0.00625	0.01071	0.00672	0.00779
1	0.17254	0.02118	0.07727	0.19510	0.03250	0.06719	0.01837	0.06309	0.01765	0.02763	0.01369	0.01850	0.01106	0.00996	0.01249	0.00286	0.17903	0.00654	0.00448	0.04888
2	0.06333	0.06390	0.07793	0.02676	0.16732	0.27801	0.01863	0.06063	0.02185	0.02654	0.01745	0.02394	0.01507	0.00957	0.00790	0.00245	0.01162	0.05001	0.04616	0.01093
3	0.10548	0.08026	0.06425	0.01507	0.02029	0.15325	0.01290	0.02739	0.02131	0.16405	0.11631	0.03568	0.12560	0.01215	0.00815	0.00252	0.00851	0.00943	0.00697	0.01040
4	0.02264	0.17919	0.11484	0.01890	0.02526	0.19340	0.05185	0.06787	0.02088	0.02504	0.01883	0.11146	0.01780	0.01060	0.00774	0.00233	0.01070	0.00838	0.00496	0.08731
5	0.08573	0.08400	0.12511	0.02785	0.14869	0.12532	0.11616	0.06162	0.02008	0.02740	0.01589	0.01997	0.01286	0.01376	0.07611	0.00366	0.01289	0.00710	0.00450	0.01130

[dist]
# distance from previous block
# <min> <max>
86	156

[block]
# block no. 4 follows, 21 sequences, length 8
# corresponding to MSA columns:
# 305-312
name=unknown_E
#
# <colnr> <probs for GDERKNQSTAVLIFYWHMCP>
#	G	D	E	R	K	N	Q	S	T	A	V	L	I	F	Y	W	H	M	C	P
0	0.02014	0.02123	0.08823	0.01850	0.04553	0.10831	0.05068	0.12062	0.02190	0.02916	0.02664	0.03010	0.08467	0.02162	0.14524	0.00474	0.01236	0.00864	0.08491	0.05677
1	0.02431	0.03127	0.10106	0.01881	0.02485	0.34884	0.01589	0.02787	0.02091	0.02365	0.01646	0.06610	0.01473	0.00928	0.00757	0.00208	0.01164	0.00683	0.00473	0.22312
2	0.02929	0.03127	0.02285	0.02020	0.02407	0.43078	0.01559	0.03172	0.02251	0.11134	0.06217	0.02131	0.01753	0.01056	0.01097	0.00252	0.11255	0.00694	0.00552	0.01030
3	0.06352	0.05453	0.07840	0.01890	0.02456	0.14481	0.07924	0.10245	0.02359	0.10929	0.13269	0.02874	0.02619	0.01455	0.05803	0.00337	0.01096	0.00870	0.00654	0.01095
4	0.06757	0.23348	0.19205	0.01976	0.02715	0.27895	0.01933	0.02919	0.01999	0.02317	0.01324	0.01544	0.01080	0.00811	0.00700	0.00224	0.01231	0.00537	0.00402	0.01083
5	0.10422	0.02484	0.07035	0.02592	0.16706	0.13931	0.01782	0.19131	0.02456	0.03354	0.01734	0.02184	0.01425	0.05697	0.05130	0.00356	0.01134	0.00721	0.00559	0.01166
6	0.02680	0.03050	0.02528	0.07521	0.14803	0.37706	0.01815	0.06891	0.05593	0.02598	0.05477	0.02120	0.01683	0.00930	0.00813	0.00240	0.01249	0.00702	0.00511	0.01091
7	0.05666	0.02181	0.01952	0.01620	0.02144	0.16906	0.01269	0.16327	0.02465	0.03256	0.08510	0.05370	0.02226	0.01358	0.04914	0.00287	0.00989	0.00796	0.00627	0.21135

[dist]
# distance from previous block
# <min> <max>
5	60

[block]
# block no. 5 follows, 21 sequences, length 13
# corresponding to MSA columns:
# 373-385
name=unknown_F
#
# <colnr> <probs for GDERKNQSTAVLIFYWHMCP>
#	G	D	E	R	K	N	Q	S	T	A	V	L	I	F	Y	W	H	M	C	P
0	0.02331	0.02085	0.06318	0.01930	0.06501	0.05445	0.01507	0.09471	0.25944	0.08844	0.02483	0.02452	0.01858	0.00945	0.00798	0.00238	0.00804	0.00767	0.00710	0.18569
1	0.02936	0.02646	0.03112	0.02382	0.03064	0.13351	0.15786	0.38085	0.03263	0.04187	0.01844	0.02017	0.01351	0.00925	0.00873	0.00257	0.01155	0.00785	0.00682	0.01299
2	0.03203	0.03350	0.02472	0.02093	0.02634	0.39631	0.01633	0.28125	0.03083	0.03468	0.01623	0.01749	0.01244	0.00938	0.00803	0.00235	0.01282	0.00640	0.00613	0.01181
3	0.06640	0.01841	0.01757	0.01496	0.01960	0.09544	0.01180	0.19709	0.05465	0.09850	0.08838	0.06925	0.18442	0.01420	0.00885	0.00267	0.00768	0.01138	0.00792	0.01084
4	0.02711	0.01868	0.02089	0.01717	0.02235	0.02007	0.01369	0.38367	0.06724	0.10650	0.02884	0.18109	0.02567	0.01420	0.00908	0.00279	0.00795	0.01176	0.00858	0.01263
5	0.02336	0.01758	0.02238	0.02354	0.14051	0.06312	0.04235	0.10013	0.07542	0.13180	0.06950	0.04054	0.02740	0.08283	0.01268	0.00337	0.00888	0.09611	0.00716	0.01134
6	0.02006	0.10298	0.02591	0.02562	0.18485	0.09753	0.04008	0.06565	0.02020	0.02615	0.02398	0.20577	0.02466	0.01302	0.00850	0.00254	0.00893	0.01140	0.00558	0.08660
7	0.02030	0.01829	0.02081	0.11891	0.08972	0.09060	0.01537	0.08615	0.10393	0.02976	0.06703	0.07227	0.02314	0.01132	0.00953	0.00258	0.05341	0.00916	0.08717	0.07056
8	0.02316	0.02142	0.02514	0.02981	0.25358	0.11550	0.01788	0.16929	0.02591	0.03381	0.12758	0.03129	0.06655	0.01099	0.00872	0.00253	0.00929	0.00930	0.00640	0.01184
9	0.22738	0.01759	0.01905	0.04612	0.02237	0.02011	0.01356	0.16460	0.11768	0.08009	0.05632	0.02831	0.02075	0.01149	0.00993	0.00286	0.07694	0.04646	0.00708	0.01131
10	0.02595	0.13307	0.02833	0.02484	0.13298	0.25081	0.01728	0.12680	0.02330	0.02729	0.01560	0.01899	0.01308	0.01466	0.07825	0.00354	0.04260	0.00654	0.00492	0.01117
11	0.02073	0.02129	0.02949	0.29110	0.32659	0.11642	0.02371	0.02560	0.01917	0.02441	0.01524	0.02084	0.01228	0.00812	0.00834	0.00260	0.01137	0.00726	0.00407	0.01138
12	0.08152	0.03102	0.02121	0.01873	0.02339	0.40554	0.01438	0.13576	0.02558	0.02833	0.02530	0.02611	0.10621	0.01088	0.00801	0.00239	0.01198	0.00768	0.00572	0.01025

[dist]
# distance from previous block
# <min> <max>
1	3

[block]
# block no. 6 follows, 21 sequences, length 12
# corresponding to MSA columns:
# 389-400
name=unknown_G
#
# <colnr> <probs for GDERKNQSTAVLIFYWHMCP>
#	G	D	E	R	K	N	Q	S	T	A	V	L	I	F	Y	W	H	M	C	P
0	0.06437	0.02141	0.02380	0.06319	0.23723	0.14579	0.01749	0.07358	0.05069	0.02908	0.08099	0.03187	0.10297	0.01100	0.00848	0.00256	0.00948	0.00916	0.00579	0.01107
1	0.02618	0.02929	0.02142	0.02259	0.10964	0.40594	0.01510	0.02923	0.02183	0.02462	0.01732	0.02037	0.01411	0.00890	0.00733	0.00219	0.01168	0.00641	0.19599	0.00988
2	0.01639	0.01560	0.02212	0.09360	0.08621	0.07364	0.10186	0.02099	0.02226	0.02989	0.36150	0.04441	0.04974	0.01314	0.00949	0.00266	0.00800	0.01205	0.00704	0.00940
3	0.02752	0.02410	0.02630	0.02152	0.05802	0.11269	0.06836	0.32882	0.03026	0.03993	0.01778	0.01938	0.01340	0.00879	0.00806	0.00226	0.01004	0.00701	0.00661	0.16915
4	0.01657	0.01621	0.01727	0.18615	0.02748	0.13673	0.01413	0.01998	0.01982	0.02436	0.15111	0.21307	0.04018	0.01643	0.00956	0.00294	0.00865	0.06447	0.00645	0.00844
5	0.06685	0.46472	0.08776	0.01679	0.02374	0.17248	0.01604	0.02746	0.01870	0.02181	0.01241	0.01439	0.01082	0.00771	0.00615	0.00202	0.01063	0.00490	0.00390	0.01072
6	0.02389	0.02138	0.03352	0.04246	0.43765	0.02192	0.07259	0.17908	0.02475	0.03441	0.01725	0.02106	0.01369	0.00823	0.00858	0.00256	0.01027	0.00781	0.00533	0.01357
7	0.02312	0.02604	0.15721	0.03738	0.33406	0.02179	0.05571	0.17921	0.02445	0.03426	0.01706	0.02038	0.01317	0.00834	0.00847	0.00259	0.01063	0.00747	0.00520	0.01345
8	0.02385	0.20874	0.08702	0.02608	0.18486	0.02407	0.01875	0.14326	0.07387	0.06713	0.02151	0.02284	0.04374	0.00921	0.00771	0.00241	0.00919	0.00737	0.00574	0.01266
9	0.01231	0.01072	0.01424	0.11760	0.08437	0.01039	0.01140	0.01541	0.01914	0.02410	0.11076	0.11901	0.38287	0.01820	0.00972	0.00287	0.00603	0.01562	0.00701	0.00823
10	0.01961	0.01938	0.03495	0.21124	0.39099	0.02011	0.12833	0.02519	0.01889	0.02615	0.01599	0.02181	0.01283	0.00775	0.00873	0.00267	0.01117	0.00801	0.00412	0.01209
11	0.03179	0.04056	0.02412	0.02192	0.02631	0.66676	0.01644	0.03398	0.02412	0.02083	0.01315	0.01535	0.01096	0.00877	0.00767	0.00219	0.01535	0.00548	0.00438	0.00987

[dist]
# distance from previous block
# <min> <max>
0	2

[block]
# block no. 7 follows, 21 sequences, length 14
# corresponding to MSA columns:
# 403-416
name=unknown_H
#
# <colnr> <probs for GDERKNQSTAVLIFYWHMCP>
#	G	D	E	R	K	N	Q	S	T	A	V	L	I	F	Y	W	H	M	C	P
0	0.02988	0.02203	0.02352	0.01845	0.02468	0.02442	0.01511	0.51120	0.10327	0.05000	0.02254	0.02253	0.01629	0.01034	0.00834	0.00255	0.00867	0.00790	0.06444	0.01387
1	0.12822	0.01549	0.08618	0.01917	0.10691	0.01387	0.01393	0.01904	0.01485	0.02392	0.02005	0.03096	0.01890	0.15506	0.28854	0.00823	0.01479	0.00848	0.00462	0.00879
2	0.02046	0.01456	0.01586	0.01345	0.01621	0.01559	0.00962	0.25807	0.02356	0.03153	0.02423	0.04142	0.02427	0.42139	0.02923	0.00595	0.00870	0.01047	0.00651	0.00893
3	0.03055	0.01934	0.02195	0.01748	0.02340	0.02048	0.01417	0.36959	0.07677	0.19565	0.02758	0.09732	0.02151	0.01219	0.00879	0.00270	0.00817	0.00984	0.00895	0.01357
4	0.01994	0.01908	0.03252	0.19328	0.51555	0.01993	0.02556	0.02514	0.01885	0.02644	0.01581	0.02143	0.01300	0.00779	0.00844	0.00260	0.01039	0.00758	0.00412	0.01258
5	0.01662	0.01567	0.01906	0.02204	0.13478	0.10598	0.01435	0.01991	0.01623	0.02141	0.02015	0.02855	0.01835	0.04548	0.45028	0.00996	0.01937	0.00831	0.00447	0.00902
6	0.01081	0.00865	0.00967	0.00941	0.01196	0.00750	0.00706	0.01367	0.02118	0.02721	0.29749	0.07495	0.43047	0.01998	0.01005	0.00280	0.00420	0.01699	0.00846	0.00750
7	0.01194	0.00934	0.01091	0.01052	0.01298	0.00868	0.00788	0.01670	0.06896	0.02957	0.36383	0.10000	0.27948	0.01893	0.00998	0.00280	0.00438	0.01633	0.00871	0.00809
8	0.15873	0.02616	0.15495	0.12894	0.19313	0.10387	0.02194	0.02607	0.01801	0.02726	0.01426	0.01842	0.01133	0.00852	0.00896	0.00266	0.05498	0.00648	0.00421	0.01114
9	0.02045	0.01846	0.02765	0.08253	0.35134	0.01769	0.01992	0.06990	0.02023	0.02932	0.01599	0.02001	0.01311	0.00743	0.00774	0.00214	0.00889	0.00675	0.00478	0.25565
10	0.28194	0.01421	0.01729	0.02076	0.16510	0.01488	0.01276	0.02165	0.01953	0.03407	0.26841	0.03568	0.03900	0.01167	0.00795	0.00263	0.00638	0.00968	0.00668	0.00975
11	0.21415	0.30170	0.12146	0.02010	0.09749	0.07243	0.01711	0.02627	0.01740	0.02672	0.01292	0.01532	0.01077	0.00770	0.00630	0.00227	0.00952	0.00524	0.00418	0.01094
12	0.06684	0.17308	0.11559	0.02278	0.07992	0.35806	0.01856	0.03012	0.02095	0.02306	0.01335	0.01577	0.01105	0.00822	0.00721	0.00224	0.01277	0.00554	0.00416	0.01073
13	0.02617	0.02870	0.02837	0.06992	0.28177	0.29257	0.02065	0.07560	0.04700	0.02683	0.01583	0.01912	0.01287	0.00849	0.00813	0.00242	0.01219	0.00678	0.00477	0.01182

[dist]
# distance from previous block
# <min> <max>
14	297

[block]
# block no. 8 follows, 21 sequences, length 14
# corresponding to MSA columns:
# 727-740
name=unknown_I
#
# <colnr> <probs for GDERKNQSTAVLIFYWHMCP>
#	G	D	E	R	K	N	Q	S	T	A	V	L	I	F	Y	W	H	M	C	P
0	0.01907	0.02435	0.21697	0.06191	0.15874	0.01724	0.02123	0.06291	0.06890	0.06347	0.11955	0.03339	0.04943	0.01112	0.00881	0.00272	0.00922	0.03315	0.00604	0.01178
1	0.37504	0.09627	0.02104	0.01762	0.07390	0.02167	0.01332	0.02368	0.01516	0.03044	0.01329	0.01698	0.01124	0.00963	0.01103	0.00274	0.16891	0.00580	0.06253	0.00971
2	0.02370	0.08228	0.06647	0.01809	0.02412	0.02343	0.01544	0.17922	0.39473	0.03793	0.02791	0.02651	0.02086	0.01061	0.00830	0.00270	0.00797	0.00848	0.00783	0.01342
3	0.01660	0.01327	0.01791	0.05590	0.13444	0.01289	0.01310	0.02276	0.09888	0.06226	0.13407	0.12817	0.14324	0.01467	0.00909	0.00266	0.00650	0.01285	0.00715	0.09359
4	0.02605	0.02189	0.02904	0.02891	0.17495	0.05827	0.07172	0.21444	0.06366	0.08356	0.01908	0.02160	0.01459	0.01011	0.01177	0.00277	0.12060	0.00789	0.00627	0.01281
5	0.19809	0.02056	0.02786	0.08292	0.40858	0.07026	0.02116	0.02617	0.01842	0.02932	0.01473	0.01900	0.01212	0.00781	0.00762	0.00255	0.00976	0.00671	0.00445	0.01191
6	0.49846	0.01637	0.01724	0.02061	0.16632	0.01807	0.01287	0.02468	0.01604	0.03496	0.01468	0.01762	0.01169	0.00806	0.00610	0.00253	0.00712	0.00570	0.09080	0.01009
7	0.02318	0.02424	0.03248	0.04624	0.52499	0.14801	0.02421	0.02767	0.02031	0.02642	0.01544	0.01993	0.01298	0.00782	0.00828	0.00246	0.01114	0.00717	0.00425	0.01277
8	0.02106	0.02022	0.03454	0.05223	0.64784	0.02022	0.02612	0.02612	0.01938	0.02780	0.01601	0.02106	0.01348	0.00758	0.00842	0.00253	0.01011	0.00758	0.00421	0.01348
9	0.01607	0.01513	0.02552	0.68047	0.05861	0.01891	0.02363	0.02174	0.01702	0.02174	0.01513	0.02269	0.01134	0.00851	0.00851	0.00284	0.01134	0.00756	0.00378	0.00945
10	0.02106	0.02022	0.03454	0.05223	0.64784	0.02022	0.02612	0.02612	0.01938	0.02780	0.01601	0.02106	0.01348	0.00758	0.00842	0.00253	0.01011	0.00758	0.00421	0.01348
11	0.02048	0.44099	0.28971	0.01844	0.02784	0.02810	0.02132	0.02607	0.01756	0.02280	0.01321	0.01538	0.01086	0.00760	0.00651	0.00217	0.01049	0.00525	0.00362	0.01158
12	0.01607	0.01513	0.02552	0.68047	0.05861	0.01891	0.02363	0.02174	0.01702	0.02174	0.01513	0.02269	0.01134	0.00851	0.00851	0.00284	0.01134	0.00756	0.00378	0.00945
13	0.03085	0.03034	0.02158	0.01920	0.02378	0.42107	0.01461	0.03436	0.05466	0.17079	0.02206	0.07963	0.01813	0.01091	0.00821	0.00244	0.01207	0.00808	0.00636	0.01088

[dist]
# distance from previous block
# <min> <max>
4	10

[block]
# block no. 9 follows, 21 sequences, length 41
# corresponding to MSA columns:
# 751-768,770-792
name=unknown_J
#
# <colnr> <probs for GDERKNQSTAVLIFYWHMCP>
#	G	D	E	R	K	N	Q	S	T	A	V	L	I	F	Y	W	H	M	C	P
0	0.02908	0.02885	0.02478	0.02326	0.08631	0.26743	0.01678	0.23951	0.13539	0.03554	0.01972	0.02054	0.01505	0.00964	0.00821	0.00247	0.01124	0.00717	0.00655	0.01246
1	0.02845	0.02190	0.02334	0.01879	0.02490	0.02457	0.01523	0.41905	0.24678	0.04734	0.02539	0.02438	0.01849	0.01068	0.00856	0.00267	0.00845	0.00835	0.00856	0.01412
2	0.01987	0.01098	0.01357	0.01248	0.01625	0.00991	0.01003	0.02371	0.04829	0.21653	0.08583	0.09524	0.26686	0.01814	0.00987	0.00300	0.00594	0.11486	0.00880	0.00983
3	0.03235	0.02384	0.02554	0.01958	0.02639	0.02639	0.01618	0.61946	0.04001	0.05363	0.02043	0.02043	0.01447	0.01022	0.00851	0.00255	0.00936	0.00766	0.00851	0.01447
4	0.01921	0.01781	0.02970	0.04359	0.51238	0.01770	0.02251	0.02404	0.02018	0.02876	0.12265	0.03163	0.02632	0.00996	0.00885	0.00262	0.00898	0.03558	0.00524	0.01231
5	0.01197	0.00833	0.01019	0.01085	0.01145	0.00825	0.00720	0.01307	0.01455	0.01926	0.03626	0.19716	0.07123	0.39683	0.07160	0.00677	0.00823	0.08449	0.00617	0.00612
6	0.02887	0.25527	0.03072	0.01955	0.02487	0.46250	0.01584	0.03124	0.02191	0.02057	0.01273	0.01480	0.01095	0.00829	0.00696	0.00207	0.01333	0.00518	0.00414	0.01021
7	0.01450	0.00833	0.00985	0.00985	0.01159	0.00882	0.00742	0.01798	0.01624	0.02714	0.02611	0.03342	0.02207	0.06030	0.22108	0.00606	0.01025	0.00853	0.47277	0.00769
8	0.02117	0.01828	0.01924	0.01732	0.02213	0.02117	0.01347	0.04522	0.63246	0.03560	0.03464	0.03175	0.02598	0.01155	0.00866	0.00289	0.00673	0.00962	0.00866	0.01347
9	0.01454	0.01035	0.01542	0.01392	0.01671	0.00940	0.07452	0.01761	0.02011	0.08757	0.20784	0.28189	0.15716	0.01961	0.01019	0.00300	0.00583	0.01769	0.00816	0.00849
10	0.03235	0.02384	0.02554	0.01958	0.02639	0.02639	0.01618	0.61946	0.04001	0.05363	0.02043	0.02043	0.01447	0.01022	0.00851	0.00255	0.00936	0.00766	0.00851	0.01447
11	0.01844	0.01792	0.02488	0.02140	0.02153	0.02488	0.01779	0.02044	0.01335	0.02122	0.01226	0.01948	0.01187	0.01457	0.02649	0.00361	0.64076	0.00748	0.05244	0.00922
12	0.02184	0.59927	0.14334	0.01612	0.02426	0.03143	0.01728	0.02572	0.01740	0.02114	0.01239	0.01435	0.01090	0.00741	0.00588	0.00196	0.00966	0.00483	0.00363	0.01119
13	0.01154	0.00868	0.01068	0.01018	0.01240	0.00782	0.00763	0.01508	0.02290	0.03130	0.50188	0.06822	0.22353	0.01845	0.01004	0.00273	0.00409	0.01604	0.00900	0.00782
14	0.02045	0.02277	0.13054	0.01853	0.02470	0.02092	0.01661	0.04203	0.52520	0.03409	0.03126	0.02934	0.02332	0.01094	0.00856	0.00285	0.00775	0.00904	0.00777	0.01331
15	0.01121	0.00825	0.01050	0.01081	0.01242	0.00754	0.00777	0.01413	0.02084	0.02845	0.36766	0.27784	0.14895	0.02107	0.01032	0.00296	0.00436	0.01869	0.00868	0.00754
16	0.02275	0.70604	0.04459	0.01456	0.02184	0.03367	0.01456	0.02548	0.01729	0.02002	0.01183	0.01365	0.01092	0.00728	0.00546	0.00182	0.00910	0.00455	0.00364	0.01092
17	0.01991	0.37517	0.35058	0.01941	0.02933	0.02672	0.02300	0.02622	0.01763	0.02348	0.01355	0.01581	0.01085	0.00768	0.00677	0.00226	0.01084	0.00542	0.00362	0.01175
18	0.03134	0.07546	0.02534	0.02135	0.02607	0.58358	0.01632	0.07811	0.02496	0.02328	0.01364	0.01564	0.01123	0.00880	0.00762	0.00220	0.01455	0.00560	0.00466	0.01027
19	0.03179	0.04056	0.02412	0.02192	0.02631	0.66676	0.01644	0.03398	0.02412	0.02083	0.01315	0.01535	0.01096	0.00877	0.00767	0.00219	0.01535	0.00548	0.00438	0.00987
20	0.01084	0.00865	0.00971	0.00944	0.01198	0.00752	0.00708	0.01373	0.02125	0.02738	0.30593	0.07467	0.42192	0.01991	0.01005	0.00280	0.00419	0.01695	0.00848	0.00752
21	0.01876	0.01509	0.01776	0.01274	0.02025	0.01141	0.01021	0.02251	0.01801	0.06160	0.01612	0.01826	0.01306	0.00653	0.00642	0.00133	0.00635	0.00523	0.00534	0.71299
22	0.01073	0.00766	0.01029	0.01226	0.01292	0.00722	0.00853	0.01248	0.01665	0.02213	0.04670	0.63039	0.05549	0.02632	0.01096	0.00351	0.00525	0.08560	0.00789	0.00701
23	0.03179	0.04056	0.02412	0.02192	0.02631	0.66676	0.01644	0.03398	0.02412	0.02083	0.01315	0.01535	0.01096	0.00877	0.00767	0.00219	0.01535	0.00548	0.00438	0.00987
24	0.01765	0.01513	0.01765	0.01260	0.02017	0.01134	0.01008	0.02143	0.01765	0.02773	0.01513	0.01765	0.01260	0.00630	0.00630	0.00126	0.00630	0.00504	0.00504	0.75295
25	0.02673	0.01728	0.01966	0.01653	0.02214	0.01832	0.01315	0.07504	0.38270	0.22245	0.03246	0.02951	0.02313	0.01088	0.00849	0.00270	0.00701	0.00894	0.00902	0.05384
26	0.02106	0.02022	0.03454	0.05223	0.64784	0.02022	0.02612	0.02612	0.01938	0.02780	0.01601	0.02106	0.01348	0.00758	0.00842	0.00253	0.01011	0.00758	0.00421	0.01348
27	0.02106	0.02022	0.03454	0.05223	0.64784	0.02022	0.02612	0.02612	0.01938	0.02780	0.01601	0.02106	0.01348	0.00758	0.00842	0.00253	0.01011	0.00758	0.00421	0.01348
28	0.01484	0.00967	0.01314	0.01345	0.01578	0.00922	0.01112	0.01876	0.02193	0.07713	0.30746	0.07662	0.06063	0.01983	0.01076	0.00327	0.00611	0.29313	0.00872	0.00843
29	0.02046	0.01961	0.03346	0.12757	0.57718	0.02006	0.02582	0.02559	0.01909	0.02708	0.01590	0.02126	0.01322	0.00769	0.00843	0.00256	0.01026	0.00758	0.00416	0.01300
30	0.08745	0.03504	0.02355	0.02059	0.02558	0.47619	0.01583	0.16243	0.02689	0.02938	0.01466	0.01635	0.01160	0.00902	0.00768	0.00231	0.01336	0.00590	0.00536	0.01083
31	0.01904	0.01815	0.03088	0.30712	0.40878	0.01969	0.02511	0.02434	0.01842	0.02534	0.01565	0.02172	0.01261	0.00796	0.00846	0.00265	0.01061	0.00757	0.00404	0.01185
32	0.01426	0.01064	0.01305	0.01343	0.01560	0.01070	0.01030	0.07558	0.06754	0.02843	0.12338	0.31184	0.10275	0.02157	0.01048	0.00327	0.00597	0.14447	0.00819	0.00852
33	0.02106	0.02022	0.03454	0.05223	0.64784	0.02022	0.02612	0.02612	0.01938	0.02780	0.01601	0.02106	0.01348	0.00758	0.00842	0.00253	0.01011	0.00758	0.00421	0.01348
34	0.09210	0.17628	0.20253	0.08634	0.03311	0.13579	0.10920	0.02722	0.01879	0.02501	0.01412	0.01739	0.01106	0.00792	0.00752	0.00245	0.01189	0.00630	0.00402	0.01096
35	0.08934	0.01583	0.02196	0.11330	0.16022	0.04307	0.04914	0.02274	0.01869	0.07417	0.05108	0.14418	0.06450	0.01250	0.00859	0.00266	0.00830	0.01105	0.00592	0.08278
36	0.05837	0.01599	0.02411	0.06795	0.15827	0.01594	0.07444	0.02981	0.09446	0.18484	0.08806	0.03585	0.05916	0.01142	0.00893	0.00277	0.00829	0.04220	0.00725	0.01188
37	0.08265	0.02537	0.06672	0.02239	0.05827	0.18589	0.07520	0.06263	0.02081	0.13657	0.01800	0.02149	0.01404	0.04069	0.01312	0.00298	0.12912	0.00734	0.00562	0.01110
38	0.09434	0.08300	0.07049	0.01876	0.04913	0.17193	0.04794	0.02555	0.01965	0.08249	0.04725	0.17383	0.02496	0.01282	0.00828	0.00260	0.00953	0.01062	0.00591	0.04091
39	0.08702	0.02799	0.21359	0.02576	0.09136	0.08309	0.13235	0.02979	0.04534	0.11649	0.02015	0.02479	0.01541	0.00922	0.00848	0.00272	0.01118	0.03790	0.00543	0.01196
40	0.08568	0.17487	0.02677	0.02416	0.19106	0.06167	0.01563	0.02459	0.01974	0.07433	0.09961	0.03376	0.08260	0.01118	0.00795	0.00248	0.00829	0.03897	0.00583	0.01081

[dist]
# distance from previous block
# <min> <max>
20	104

[block]
# block no. 10 follows, 21 sequences, length 111
# corresponding to MSA columns:
# 907-1017
name=unknown_K
#
# <colnr> <probs for GDERKNQSTAVLIFYWHMCP>
#	G	D	E	R	K	N	Q	S	T	A	V	L	I	F	Y	W	H	M	C	P
0	0.02629	0.10018	0.03068	0.02303	0.02809	0.31979	0.12509	0.08490	0.02244	0.02492	0.01482	0.01844	0.01228	0.01235	0.04909	0.00315	0.08249	0.00684	0.00463	0.01051
1	0.01891	0.01878	0.05127	0.01726	0.02177	0.04861	0.01452	0.05670	0.01753	0.02587	0.01581	0.04899	0.01442	0.01312	0.04421	0.00293	0.23244	0.00711	0.00482	0.32493
2	0.01393	0.01167	0.01836	0.01611	0.01787	0.01288	0.09069	0.01634	0.01416	0.01988	0.02315	0.06787	0.02375	0.25446	0.27665	0.00890	0.09027	0.01080	0.00478	0.00749
3	0.02037	0.02047	0.02571	0.02680	0.15304	0.11455	0.07703	0.02870	0.15542	0.02595	0.02087	0.02527	0.01732	0.02169	0.15508	0.00516	0.08196	0.00830	0.00527	0.01103
4	0.02513	0.02888	0.02683	0.03030	0.20490	0.32516	0.01925	0.02806	0.02025	0.02282	0.01521	0.05014	0.01390	0.01046	0.01193	0.00264	0.14174	0.00736	0.00438	0.01066
5	0.01497	0.01229	0.01378	0.04642	0.01764	0.04932	0.01068	0.07727	0.02197	0.02843	0.17830	0.21372	0.15683	0.01960	0.01013	0.00305	0.00645	0.10289	0.00786	0.00842
6	0.02141	0.02009	0.01787	0.01657	0.02048	0.16290	0.01331	0.14029	0.08234	0.03036	0.04044	0.05398	0.15323	0.01604	0.00956	0.00295	0.00902	0.17192	0.00727	0.00999
7	0.03003	0.03207	0.02640	0.02669	0.13789	0.36537	0.01810	0.20202	0.02787	0.03157	0.01577	0.01784	0.01243	0.00898	0.00805	0.00236	0.01268	0.00649	0.00555	0.01185
8	0.02425	0.33011	0.12067	0.02345	0.11679	0.20626	0.01907	0.02814	0.01959	0.02233	0.01328	0.01580	0.01129	0.00785	0.00687	0.00215	0.01146	0.00549	0.00393	0.01123
9	0.03179	0.04056	0.02412	0.02192	0.02631	0.66676	0.01644	0.03398	0.02412	0.02083	0.01315	0.01535	0.01096	0.00877	0.00767	0.00219	0.01535	0.00548	0.00438	0.00987
10	0.01006	0.00862	0.00862	0.00862	0.01149	0.00718	0.00647	0.01221	0.01940	0.02299	0.08621	0.08190	0.64438	0.02155	0.01006	0.00287	0.00431	0.01796	0.00790	0.00718
11	0.02646	0.43315	0.03620	0.01758	0.02367	0.29328	0.01533	0.02897	0.02009	0.02035	0.01237	0.01435	0.01094	0.00789	0.00637	0.00197	0.01166	0.00493	0.00395	0.01049
12	0.01129	0.00804	0.01074	0.01233	0.01324	0.00765	0.00889	0.01342	0.01751	0.02343	0.10611	0.48208	0.05598	0.06058	0.01266	0.00372	0.00558	0.13174	0.00789	0.00711
13	0.01707	0.04402	0.65683	0.02426	0.03683	0.01976	0.03144	0.02695	0.01797	0.02695	0.01527	0.01797	0.01078	0.00809	0.00809	0.00270	0.01258	0.00629	0.00359	0.01258
14	0.02106	0.02022	0.03454	0.05223	0.64784	0.02022	0.02612	0.02612	0.01938	0.02780	0.01601	0.02106	0.01348	0.00758	0.00842	0.00253	0.01011	0.00758	0.00421	0.01348
15	0.01238	0.00825	0.00928	0.00928	0.00928	0.00825	0.00516	0.01238	0.01238	0.01650	0.02681	0.05569	0.03094	0.70092	0.04331	0.00825	0.00825	0.01238	0.00516	0.00516
16	0.02557	0.02898	0.02947	0.07022	0.34284	0.30677	0.02170	0.02938	0.02136	0.02441	0.01470	0.01861	0.01226	0.00815	0.00810	0.00239	0.01249	0.00665	0.00427	0.01168
17	0.03179	0.04056	0.02412	0.02192	0.02631	0.66676	0.01644	0.03398	0.02412	0.02083	0.01315	0.01535	0.01096	0.00877	0.00767	0.00219	0.01535	0.00548	0.00438	0.00987
18	0.01238	0.00825	0.00928	0.00928	0.00928	0.00825	0.00516	0.01238	0.01238	0.01650	0.02681	0.05569	0.03094	0.70092	0.04331	0.00825	0.00825	0.01238	0.00516	0.00516
19	0.02877	0.26399	0.03111	0.01930	0.02481	0.41531	0.01579	0.06581	0.02276	0.02250	0.01314	0.01508	0.01116	0.00835	0.00698	0.00209	0.01289	0.00530	0.00438	0.01049
20	0.03283	0.03319	0.02283	0.02006	0.02500	0.47782	0.01535	0.03633	0.05328	0.17443	0.01912	0.01942	0.01412	0.00933	0.00793	0.00233	0.01298	0.00642	0.00607	0.01115
21	0.03179	0.04056	0.02412	0.02192	0.02631	0.66676	0.01644	0.03398	0.02412	0.02083	0.01315	0.01535	0.01096	0.00877	0.00767	0.00219	0.01535	0.00548	0.00438	0.00987
22	0.01238	0.00825	0.00928	0.00928	0.00928	0.00825	0.00516	0.01238	0.01238	0.01650	0.02681	0.05569	0.03094	0.70092	0.04331	0.00825	0.00825	0.01238	0.00516	0.00516
23	0.01006	0.00862	0.00862	0.00862	0.01149	0.00718	0.00647	0.01221	0.01940	0.02299	0.08621	0.08190	0.64438	0.02155	0.01006	0.00287	0.00431	0.01796	0.00790	0.00718
24	0.03185	0.03884	0.02426	0.02168	0.02632	0.60085	0.01642	0.09424	0.02575	0.02420	0.01390	0.01587	0.01132	0.00892	0.00776	0.00223	0.01473	0.00571	0.00481	0.01034
25	0.01216	0.00912	0.01368	0.01368	0.01520	0.01064	0.01064	0.01520	0.01368	0.01976	0.02279	0.03343	0.02127	0.06382	0.66720	0.01368	0.02279	0.00912	0.00456	0.00760
26	0.01028	0.00773	0.00954	0.01098	0.01211	0.00699	0.00751	0.01195	0.01713	0.02207	0.05751	0.52987	0.21494	0.02528	0.01065	0.00330	0.00477	0.02251	0.00790	0.00699
27	0.76103	0.01646	0.01251	0.01119	0.01646	0.01909	0.00922	0.02502	0.01448	0.03818	0.01185	0.01382	0.00922	0.00790	0.00527	0.00263	0.00658	0.00461	0.00527	0.00922
28	0.02275	0.70604	0.04459	0.01456	0.02184	0.03367	0.01456	0.02548	0.01729	0.02002	0.01183	0.01365	0.01092	0.00728	0.00546	0.00182	0.00910	0.00455	0.00364	0.01092
29	0.01006	0.00862	0.00862	0.00862	0.01149	0.00718	0.00647	0.01221	0.01940	0.02299	0.08621	0.08190	0.64438	0.02155	0.01006	0.00287	0.00431	0.01796	0.00790	0.00718
30	0.01682	0.01659	0.03014	0.56006	0.05597	0.01940	0.13446	0.02277	0.01759	0.02277	0.01552	0.02274	0.01164	0.00826	0.00879	0.00284	0.01191	0.00803	0.00388	0.00983
31	0.03201	0.03402	0.02467	0.02101	0.02634	0.41634	0.01634	0.26294	0.03033	0.03366	0.01600	0.01734	0.01233	0.00934	0.00800	0.00233	0.01301	0.00633	0.00600	0.01167
32	0.02727	0.03313	0.02600	0.02274	0.02603	0.44313	0.04707	0.02961	0.02060	0.02104	0.01276	0.01670	0.01112	0.01052	0.01384	0.00268	0.21546	0.00630	0.00418	0.00978
33	0.01485	0.00985	0.01140	0.01023	0.01197	0.00906	0.00648	0.01572	0.01403	0.05628	0.02512	0.04728	0.02706	0.53533	0.03461	0.00666	0.00784	0.01083	0.00545	0.13993
34	0.02713	0.02300	0.02165	0.01773	0.02327	0.11649	0.01420	0.36609	0.09419	0.04148	0.03261	0.03187	0.12819	0.01217	0.00868	0.00259	0.00907	0.00939	0.00781	0.01239
35	0.02025	0.41459	0.31413	0.01883	0.02844	0.02755	0.02199	0.02613	0.01759	0.02307	0.01335	0.01555	0.01086	0.00763	0.00662	0.00221	0.01063	0.00532	0.00362	0.01165
36	0.02545	0.01959	0.02166	0.01635	0.02320	0.01946	0.01333	0.35060	0.03031	0.04234	0.05110	0.02160	0.01720	0.00904	0.00772	0.00205	0.00787	0.00703	0.00718	0.30693
37	0.01161	0.00824	0.01024	0.01134	0.01217	0.00791	0.00787	0.01310	0.01588	0.02076	0.04379	0.30971	0.10620	0.25296	0.02188	0.00510	0.00651	0.12123	0.00696	0.00651
38	0.01650	0.01422	0.01567	0.01433	0.01605	0.08038	0.01123	0.01970	0.01902	0.02751	0.22939	0.03782	0.03782	0.01899	0.07996	0.00384	0.16975	0.01020	0.16915	0.00846
39	0.02873	0.02742	0.02263	0.01920	0.02445	0.24399	0.01507	0.25691	0.16326	0.03711	0.02149	0.02184	0.01623	0.00999	0.00810	0.00247	0.01052	0.00736	0.05096	0.01228
40	0.02235	0.01457	0.01726	0.01429	0.01852	0.01481	0.01137	0.22292	0.02949	0.12277	0.35251	0.04444	0.05025	0.01407	0.00933	0.00263	0.00625	0.01188	0.00923	0.01106
41	0.03179	0.04056	0.02412	0.02192	0.02631	0.66676	0.01644	0.03398	0.02412	0.02083	0.01315	0.01535	0.01096	0.00877	0.00767	0.00219	0.01535	0.00548	0.00438	0.00987
42	0.02865	0.02573	0.02521	0.16515	0.03344	0.17031	0.01787	0.35520	0.03135	0.03918	0.01761	0.01977	0.01299	0.00951	0.00832	0.00253	0.01116	0.00714	0.00654	0.01232
43	0.03179	0.04056	0.02412	0.02192	0.02631	0.66676	0.01644	0.03398	0.02412	0.02083	0.01315	0.01535	0.01096	0.00877	0.00767	0.00219	0.01535	0.00548	0.00438	0.00987
44	0.01607	0.01513	0.02552	0.68047	0.05861	0.01891	0.02363	0.02174	0.01702	0.02174	0.01513	0.02269	0.01134	0.00851	0.00851	0.00284	0.01134	0.00756	0.00378	0.00945
45	0.01204	0.00870	0.01138	0.01071	0.01271	0.00803	0.00803	0.01606	0.02409	0.03413	0.64335	0.06357	0.08030	0.01740	0.01004	0.00268	0.00401	0.01539	0.00937	0.00803
46	0.03051	0.03661	0.02446	0.02173	0.02591	0.53573	0.01664	0.09287	0.02463	0.02417	0.01370	0.01620	0.01134	0.00954	0.00982	0.00239	0.08283	0.00591	0.00474	0.01028
47	0.03235	0.02384	0.02554	0.01958	0.02639	0.02639	0.01618	0.61946	0.04001	0.05363	0.02043	0.02043	0.01447	0.01022	0.00851	0.00255	0.00936	0.00766	0.00851	0.01447
48	0.01607	0.01513	0.02552	0.68047	0.05861	0.01891	0.02363	0.02174	0.01702	0.02174	0.01513	0.02269	0.01134	0.00851	0.00851	0.00284	0.01134	0.00756	0.00378	0.00945
49	0.01037	0.00741	0.00987	0.01185	0.01234	0.00691	0.00790	0.01185	0.01629	0.02172	0.04690	0.69537	0.05629	0.02666	0.01086	0.00346	0.00494	0.02419	0.00790	0.00691
50	0.02106	0.02022	0.03454	0.05223	0.64784	0.02022	0.02612	0.02612	0.01938	0.02780	0.01601	0.02106	0.01348	0.00758	0.00842	0.00253	0.01011	0.00758	0.00421	0.01348
