[name]
unknown

[dist]
# distance from previous block
# <min> <max>
1	38

[block]
# block no. 0 follows, 21 sequences, length 10
# corresponding to MSA columns:
# 38-47
name=unknown_A
#
# <colnr> <probs for GDERKNQSTAVLIFYWHMCP>
#	G	D	E	R	K	N	Q	S	T	A	V	L	I	F	Y	W	H	M	C	P
0	0.09725	0.02964	0.02551	0.02631	0.14905	0.30039	0.01762	0.19422	0.02670	0.03293	0.01562	0.01776	0.01228	0.00885	0.00783	0.00240	0.01183	0.00642	0.00558	0.01180
1	0.01446	0.01056	0.01258	0.01235	0.01438	0.01048	0.00891	0.11251	0.02177	0.02920	0.16765	0.34056	0.10965	0.07839	0.01296	0.00349	0.00569	0.01806	0.00807	0.00826
2	0.02077	0.01896	0.02067	0.15103	0.08808	0.11197	0.01523	0.14954	0.02320	0.02904	0.05910	0.03620	0.10489	0.11842	0.01406	0.00349	0.00958	0.00984	0.00599	0.00994
3	0.02111	0.01726	0.02053	0.13349	0.07111	0.08981	0.01514	0.02440	0.01907	0.12657	0.03016	0.07794	0.10932	0.01255	0.01105	0.00267	0.09664	0.00986	0.00604	0.10529
4	0.01802	0.01713	0.14047	0.01375	0.01786	0.01209	0.01227	0.02239	0.06022	0.12494	0.03003	0.04379	0.06467	0.35657	0.02597	0.00549	0.00858	0.01070	0.00616	0.00889
5	0.02283	0.02438	0.02652	0.16013	0.19436	0.20016	0.02013	0.03002	0.12022	0.02523	0.01763	0.02131	0.01418	0.00946	0.01018	0.00267	0.07717	0.00732	0.00486	0.01127
6	0.18887	0.06826	0.05212	0.15264	0.02707	0.01857	0.01522	0.04726	0.01603	0.02616	0.01588	0.02204	0.01355	0.02370	0.17517	0.03829	0.07853	0.00696	0.00450	0.00916
7	0.02121	0.01932	0.02853	0.10252	0.27192	0.02229	0.02119	0.12078	0.02063	0.02903	0.01810	0.02292	0.03878	0.01086	0.01430	0.00293	0.21010	0.00798	0.00488	0.01172
8	0.02651	0.14035	0.02511	0.01795	0.02308	0.30025	0.01438	0.14624	0.05648	0.02831	0.02681	0.02724	0.11065	0.01094	0.00790	0.00234	0.01098	0.00791	0.00585	0.01072
9	0.02125	0.01653	0.01864	0.01591	0.01971	0.01864	0.01254	0.19625	0.19386	0.03734	0.15277	0.03551	0.03254	0.06186	0.01308	0.00316	0.07310	0.01013	0.05590	0.01128

[dist]
# distance from previous block
# <min> <max>
5	17

[block]
# block no. 1 follows, 21 sequences, length 24
# corresponding to MSA columns:
# 65-88
name=unknown_B
#
# <colnr> <probs for GDERKNQSTAVLIFYWHMCP>
#	G	D	E	R	K	N	Q	S	T	A	V	L	I	F	Y	W	H	M	C	P
0	0.16358	0.02309	0.01785	0.01557	0.02024	0.21647	0.01217	0.14053	0.02405	0.05964	0.03143	0.03159	0.14583	0.01172	0.00783	0.00250	0.00922	0.00864	0.04788	0.01017
1	0.07483	0.02434	0.02597	0.02935	0.22889	0.15335	0.01825	0.21587	0.02661	0.03491	0.02227	0.02416	0.06432	0.00982	0.00822	0.00250	0.01024	0.00783	0.00599	0.01226
2	0.16367	0.20088	0.02852	0.01931	0.05421	0.20111	0.05342	0.08657	0.02134	0.02807	0.01853	0.02031	0.05306	0.00905	0.00709	0.00232	0.01045	0.00652	0.00499	0.01058
3	0.02297	0.09810	0.21540	0.01981	0.02838	0.09369	0.05488	0.10380	0.02191	0.06951	0.01661	0.01848	0.01250	0.00805	0.00756	0.00220	0.01043	0.00628	0.00515	0.18429
4	0.15291	0.02427	0.23520	0.01581	0.02229	0.05618	0.01649	0.02122	0.01818	0.02740	0.06425	0.10713	0.17866	0.01389	0.00842	0.00278	0.00836	0.01119	0.00576	0.00961
5	0.02197	0.01897	0.01709	0.01518	0.01935	0.11447	0.01178	0.12121	0.23797	0.03378	0.03354	0.03329	0.09171	0.01169	0.00802	0.00252	0.00751	0.00926	0.17959	0.01108
6	0.02191	0.02033	0.02104	0.10558	0.08431	0.13863	0.01530	0.17065	0.02462	0.03088	0.05242	0.16023	0.06518	0.01365	0.00890	0.00268	0.00928	0.01142	0.00647	0.03652
7	0.11696	0.18151	0.06304	0.02267	0.12536	0.10861	0.01680	0.02634	0.05949	0.02536	0.01790	0.02103	0.03689	0.01299	0.05189	0.00323	0.08783	0.00676	0.00461	0.01071
8	0.11113	0.18048	0.20157	0.01841	0.02611	0.12121	0.01862	0.12541	0.02211	0.03003	0.01927	0.02071	0.05260	0.00922	0.00731	0.00241	0.01044	0.00657	0.00503	0.01137
9	0.02120	0.27580	0.28562	0.01930	0.02797	0.02547	0.02133	0.11236	0.02047	0.02760	0.01515	0.01858	0.01233	0.04087	0.00976	0.00267	0.04114	0.00620	0.00441	0.01177
10	0.02290	0.01929	0.01780	0.01554	0.01922	0.12970	0.01211	0.21184	0.02586	0.03455	0.05210	0.11400	0.05453	0.01313	0.00930	0.00256	0.04585	0.01029	0.17917	0.01027
11	0.01721	0.00921	0.01205	0.01212	0.01393	0.00847	0.00844	0.01883	0.01741	0.16744	0.03992	0.41690	0.04320	0.15336	0.01661	0.00419	0.00611	0.01828	0.00798	0.00833
12	0.02087	0.02151	0.02521	0.02831	0.22334	0.14173	0.05250	0.02605	0.05937	0.02628	0.02559	0.02782	0.09504	0.00955	0.00811	0.00226	0.00953	0.00820	0.00521	0.18352
13	0.01765	0.01513	0.01765	0.01260	0.02017	0.01134	0.01008	0.02143	0.01765	0.02773	0.01513	0.01765	0.01260	0.00630	0.00630	0.00126	0.00630	0.00504	0.00504	0.75295
14	0.01783	0.01738	0.02423	0.02098	0.02107	0.02399	0.01727	0.01964	0.01303	0.02018	0.01288	0.02191	0.01306	0.06240	0.06715	0.00461	0.60174	0.00787	0.00387	0.00894
15	0.01478	0.00739	0.01109	0.01109	0.01109	0.00739	0.00739	0.01109	0.01109	0.01478	0.01478	0.02587	0.01478	0.02956	0.03326	0.75240	0.00739	0.00739	0.00370	0.00370
16	0.01058	0.00858	0.00947	0.01004	0.01242	0.00748	0.00763	0.01286	0.01894	0.02311	0.07475	0.17969	0.47549	0.02260	0.01040	0.00310	0.00486	0.09289	0.00789	0.00723
17	0.17303	0.03217	0.02219	0.01932	0.02442	0.39879	0.01498	0.16266	0.02579	0.03149	0.01452	0.01618	0.01141	0.00892	0.00739	0.00236	0.01232	0.00580	0.00547	0.01077
18	0.01215	0.01005	0.01361	0.12364	0.02107	0.01057	0.01147	0.01482	0.01748	0.02244	0.05049	0.29256	0.21610	0.02102	0.01145	0.00325	0.05054	0.08268	0.00693	0.00768
19	0.02492	0.22496	0.15309	0.02232	0.06740	0.28377	0.01958	0.02892	0.02004	0.02222	0.01326	0.01595	0.01109	0.00851	0.00839	0.00230	0.05278	0.00563	0.00397	0.01089
20	0.11088	0.03435	0.28828	0.02623	0.07293	0.15637	0.13856	0.02820	0.01934	0.02713	0.01484	0.01808	0.01122	0.00800	0.00806	0.00260	0.01262	0.00673	0.00414	0.01145
21	0.12072	0.02491	0.02971	0.05763	0.20154	0.15763	0.10734	0.14244	0.02374	0.03234	0.01587	0.01915	0.01242	0.00836	0.00812	0.00254	0.01129	0.00713	0.00521	0.01190
22	0.23923	0.05449	0.20857	0.06997	0.19002	0.05049	0.02158	0.02609	0.01750	0.02959	0.01420	0.01756	0.01107	0.00793	0.00724	0.00258	0.01007	0.00610	0.00430	0.01142
23	0.19209	0.01812	0.02368	0.07231	0.30011	0.05969	0.01789	0.02415	0.01931	0.03061	0.13620	0.02733	0.02512	0.00969	0.00796	0.00258	0.00853	0.00826	0.00544	0.01094

[dist]
# distance from previous block
# <min> <max>
8	16

[block]
# block no. 2 follows, 21 sequences, length 54
# corresponding to MSA columns:
# 105-158
name=unknown_C
#
# <colnr> <probs for GDERKNQSTAVLIFYWHMCP>
#	G	D	E	R	K	N	Q	S	T	A	V	L	I	F	Y	W	H	M	C	P
0	0.02053	0.02421	0.06120	0.02095	0.02542	0.22418	0.12955	0.02463	0.02065	0.02498	0.14729	0.03036	0.02764	0.02022	0.12600	0.00455	0.04355	0.00920	0.00537	0.00952
1	0.06665	0.16623	0.15737	0.02221	0.13716	0.05805	0.01784	0.02296	0.01887	0.02553	0.06324	0.03373	0.15477	0.01132	0.00793	0.00249	0.00889	0.00906	0.00513	0.01058
2	0.05675	0.07041	0.19542	0.13287	0.17003	0.02121	0.02276	0.13535	0.02234	0.03174	0.04922	0.02180	0.01577	0.00887	0.00810	0.00259	0.01027	0.00732	0.00506	0.01212
3	0.06569	0.02220	0.06477	0.03010	0.23940	0.02193	0.01962	0.25497	0.07692	0.08978	0.02037	0.02176	0.01510	0.00919	0.00830	0.00259	0.00928	0.00762	0.00674	0.01366
4	0.07018	0.07192	0.10071	0.05445	0.05315	0.26772	0.01656	0.02756	0.02001	0.02507	0.01476	0.01756	0.01195	0.00802	0.00712	0.00210	0.01105	0.00572	0.04893	0.16545
5	0.11894	0.01928	0.08417	0.02488	0.17316	0.04722	0.04117	0.05068	0.02035	0.10842	0.08762	0.13625	0.02747	0.01236	0.00859	0.00274	0.00844	0.01074	0.00643	0.01109
6	0.17520	0.03191	0.26828	0.02232	0.03051	0.13496	0.12114	0.02695	0.01860	0.02794	0.01640	0.05803	0.01357	0.00913	0.00792	0.00267	0.01166	0.00750	0.00446	0.01087
7	0.02475	0.29080	0.02991	0.01750	0.02252	0.30092	0.01467	0.02743	0.02058	0.02158	0.05496	0.02390	0.01833	0.01297	0.04672	0.00288	0.01220	0.04285	0.00464	0.00989
8	0.02853	0.03637	0.10476	0.05859	0.06657	0.43342	0.01926	0.10399	0.02464	0.02610	0.01459	0.01703	0.01154	0.00878	0.00792	0.00235	0.01374	0.00609	0.00475	0.01097
9	0.01768	0.03999	0.54444	0.02733	0.07305	0.02001	0.10495	0.02694	0.01832	0.02704	0.01556	0.01877	0.01120	0.00794	0.00835	0.00271	0.01266	0.00684	0.00372	0.01249
10	0.01221	0.00890	0.01258	0.01258	0.01372	0.01004	0.00927	0.01449	0.01335	0.01894	0.02380	0.03898	0.02368	0.22252	0.51180	0.01233	0.01917	0.00993	0.00471	0.00699
11	0.01037	0.00741	0.00987	0.01185	0.01234	0.00691	0.00790	0.01185	0.01629	0.02172	0.04690	0.69537	0.05629	0.02666	0.01086	0.00346	0.00494	0.02419	0.00790	0.00691
12	0.02543	0.02131	0.02190	0.04975	0.02482	0.09962	0.01465	0.31713	0.02863	0.03773	0.01910	0.02227	0.01507	0.02064	0.14545	0.00468	0.01261	0.00736	0.00651	0.10534
13	0.01006	0.00862	0.00862	0.00862	0.01149	0.00718	0.00647	0.01221	0.01940	0.02299	0.08621	0.08190	0.64438	0.02155	0.01006	0.00287	0.00431	0.01796	0.00790	0.00718
14	0.03235	0.02384	0.02554	0.01958	0.02639	0.02639	0.01618	0.61946	0.04001	0.05363	0.02043	0.02043	0.01447	0.01022	0.00851	0.00255	0.00936	0.00766	0.00851	0.01447
15	0.02106	0.02022	0.03454	0.05223	0.64784	0.02022	0.02612	0.02612	0.01938	0.02780	0.01601	0.02106	0.01348	0.00758	0.00842	0.00253	0.01011	0.00758	0.00421	0.01348
16	0.01738	0.01646	0.02788	0.51625	0.21264	0.01925	0.02428	0.02289	0.01763	0.02333	0.01536	0.02226	0.01190	0.00827	0.00849	0.00276	0.01102	0.00757	0.00389	0.01051
17	0.03235	0.02384	0.02554	0.01958	0.02639	0.02639	0.01618	0.61946	0.04001	0.05363	0.02043	0.02043	0.01447	0.01022	0.00851	0.00255	0.00936	0.00766	0.00851	0.01447
18	0.02042	0.01956	0.03338	0.13306	0.57203	0.02005	0.02580	0.02555	0.01907	0.02702	0.01589	0.02127	0.01321	0.00770	0.00844	0.00257	0.01027	0.00758	0.00416	0.01296
19	0.01297	0.00927	0.01287	0.01483	0.01646	0.00916	0.01243	0.01636	0.01886	0.02464	0.04547	0.22832	0.05059	0.02420	0.01156	0.00382	0.00720	0.46552	0.00785	0.00763
20	0.01371	0.00980	0.01371	0.01567	0.01763	0.00980	0.01371	0.01763	0.01959	0.02547	0.04506	0.09599	0.04898	0.02351	0.01175	0.00392	0.00784	0.59056	0.00784	0.00784
21	0.02106	0.02022	0.03454	0.05223	0.64784	0.02022	0.02612	0.02612	0.01938	0.02780	0.01601	0.02106	0.01348	0.00758	0.00842	0.00253	0.01011	0.00758	0.00421	0.01348
22	0.01216	0.00912	0.01368	0.01368	0.01520	0.01064	0.01064	0.01520	0.01368	0.01976	0.02279	0.03343	0.02127	0.06382	0.66720	0.01368	0.02279	0.00912	0.00456	0.00760
23	0.01031	0.00863	0.00897	0.00888	0.01165	0.00729	0.00666	0.01270	0.01999	0.02439	0.15645	0.07959	0.57326	0.02103	0.01006	0.00285	0.00427	0.01764	0.00809	0.00729
24	0.01006	0.00862	0.00862	0.00862	0.01149	0.00718	0.00647	0.01221	0.01940	0.02299	0.08621	0.08190	0.64438	0.02155	0.01006	0.00287	0.00431	0.01796	0.00790	0.00718
25	0.01607	0.01513	0.02552	0.68047	0.05861	0.01891	0.02363	0.02174	0.01702	0.02174	0.01513	0.02269	0.01134	0.00851	0.00851	0.00284	0.01134	0.00756	0.00378	0.00945
26	0.01037	0.00741	0.00987	0.01185	0.01234	0.00691	0.00790	0.01185	0.01629	0.02172	0.04690	0.69537	0.05629	0.02666	0.01086	0.00346	0.00494	0.02419	0.00790	0.00691
27	0.01607	0.01513	0.02552	0.68047	0.05861	0.01891	0.02363	0.02174	0.01702	0.02174	0.01513	0.02269	0.01134	0.00851	0.00851	0.00284	0.01134	0.00756	0.00378	0.00945
28	0.02106	0.02022	0.03454	0.05223	0.64784	0.02022	0.02612	0.02612	0.01938	0.02780	0.01601	0.02106	0.01348	0.00758	0.00842	0.00253	0.01011	0.00758	0.00421	0.01348
29	0.02106	0.02022	0.03454	0.05223	0.64784	0.02022	0.02612	0.02612	0.01938	0.02780	0.01601	0.02106	0.01348	0.00758	0.00842	0.00253	0.01011	0.00758	0.00421	0.01348
30	0.02406	0.02006	0.02800	0.23966	0.20683	0.02231	0.02128	0.26605	0.02702	0.03637	0.01753	0.02133	0.01320	0.00895	0.00849	0.00264	0.01020	0.00761	0.00582	0.01260
31	0.03179	0.04056	0.02412	0.02192	0.02631	0.66676	0.01644	0.03398	0.02412	0.02083	0.01315	0.01535	0.01096	0.00877	0.00767	0.00219	0.01535	0.00548	0.00438	0.00987
32	0.01235	0.00836	0.00984	0.00984	0.01003	0.00855	0.00585	0.01273	0.01254	0.01691	0.02631	0.05288	0.02972	0.62060	0.12198	0.00893	0.01008	0.01196	0.00508	0.00546
33	0.01607	0.01513	0.02552	0.68047	0.05861	0.01891	0.02363	0.02174	0.01702	0.02174	0.01513	0.02269	0.01134	0.00851	0.00851	0.00284	0.01134	0.00756	0.00378	0.00945
34	0.02106	0.02022	0.03454	0.05223	0.64784	0.02022	0.02612	0.02612	0.01938	0.02780	0.01601	0.02106	0.01348	0.00758	0.00842	0.00253	0.01011	0.00758	0.00421	0.01348
35	0.02106	0.02022	0.03454	0.05223	0.64784	0.02022	0.02612	0.02612	0.01938	0.02780	0.01601	0.02106	0.01348	0.00758	0.00842	0.00253	0.01011	0.00758	0.00421	0.01348
36	0.02197	0.02349	0.02123	0.02419	0.12590	0.26701	0.01684	0.02540	0.02132	0.02405	0.02782	0.05216	0.02828	0.01513	0.00961	0.00302	0.01114	0.26599	0.00589	0.00956
37	0.03179	0.04056	0.02412	0.02192	0.02631	0.66676	0.01644	0.03398	0.02412	0.02083	0.01315	0.01535	0.01096	0.00877	0.00767	0.00219	0.01535	0.00548	0.00438	0.00987
38	0.03333	0.02199	0.06481	0.01838	0.02549	0.02126	0.01593	0.38520	0.03328	0.25493	0.02454	0.02316	0.01646	0.01018	0.00850	0.00259	0.00886	0.00788	0.00888	0.01435
39	0.01238	0.00825	0.00928	0.00928	0.00928	0.00825	0.00516	0.01238	0.01238	0.01650	0.02681	0.05569	0.03094	0.70092	0.04331	0.00825	0.00825	0.01238	0.00516	0.00516
40	0.01238	0.00825	0.00928	0.00928	0.00928	0.00825	0.00516	0.01238	0.01238	0.01650	0.02681	0.05569	0.03094	0.70092	0.04331	0.00825	0.00825	0.01238	0.00516	0.00516
41	0.01204	0.00870	0.01138	0.01071	0.01271	0.00803	0.00803	0.01606	0.02409	0.03413	0.64335	0.06357	0.08030	0.01740	0.01004	0.00268	0.00401	0.01539	0.00937	0.00803
42	0.02106	0.02022	0.03454	0.05223	0.64784	0.02022	0.02612	0.02612	0.01938	0.02780	0.01601	0.02106	0.01348	0.00758	0.00842	0.00253	0.01011	0.00758	0.00421	0.01348
43	0.24798	0.27547	0.16016	0.01646	0.02388	0.10419	0.01669	0.02669	0.01741	0.02711	0.01272	0.01481	0.01038	0.00782	0.00622	0.00230	0.00983	0.00505	0.00422	0.01062
44	0.02988	0.02261	0.02415	0.01908	0.02545	0.02524	0.01558	0.49269	0.17081	0.04965	0.02357	0.02293	0.01701	0.01051	0.00855	0.00263	0.00878	0.00809	0.00855	0.01425
45	0.02508	0.02647	0.06796	0.07291	0.28992	0.15626	0.04958	0.15153	0.02449	0.03132	0.01630	0.01974	0.01285	0.00844	0.00835	0.00251	0.01146	0.00720	0.00509	0.01255
46	0.02117	0.01828	0.01924	0.01732	0.02213	0.02117	0.01347	0.04522	0.63246	0.03560	0.03464	0.03175	0.02598	0.01155	0.00866	0.00289	0.00673	0.00962	0.00866	0.01347
47	0.01006	0.00862	0.00862	0.00862	0.01149	0.00718	0.00647	0.01221	0.01940	0.02299	0.08621	0.08190	0.64438	0.02155	0.01006	0.00287	0.00431	0.01796	0.00790	0.00718
48	0.01438	0.01021	0.01273	0.01343	0.01542	0.01026	0.01016	0.02024	0.11674	0.05597	0.08054	0.32648	0.07565	0.05107	0.01191	0.00356	0.00606	0.14853	0.00810	0.00854
49	0.02190	0.02696	0.10351	0.02128	0.02457	0.20073	0.01854	0.05152	0.01802	0.02281	0.01409	0.01954	0.01246	0.01815	0.09757	0.00434	0.30295	0.00697	0.00421	0.00990
50	0.01059	0.00756	0.01013	0.01210	0.01269	0.00710	0.00828	0.01223	0.01651	0.02197	0.04678	0.65622	0.05581	0.02646	0.01092	0.00349	0.00513	0.06118	0.00790	0.00697
51	0.03388	0.02139	0.02402	0.01842	0.02517	0.02276	0.01522	0.46816	0.03591	0.21073	0.02387	0.02267	0.01620	0.01030	0.00852	0.00257	0.00881	0.00790	0.00904	0.01448
52	0.02429	0.02446	0.02863	0.17984	0.27027	0.17337	0.02169	0.12220	0.02328	0.02895	0.01585	0.01998	0.01257	0.00849	0.00828	0.00252	0.01150	0.00710	0.00485	0.01189
53	0.02979	0.18748	0.02864	0.02030	0.02532	0.52699	0.01603	0.03211	0.02261	0.02065	0.01286	0.01497	0.01095	0.00844	0.00718	0.00211	0.01397	0.00528	0.00422	0.01010

[dist]
# distance from previous block
# <min> <max>
0	1

[block]
# block no. 3 follows, 21 sequences, length 21
# corresponding to MSA columns:
# 160-180
name=unknown_D
#
# <colnr> <probs for GDERKNQSTAVLIFYWHMCP>
#	G	D	E	R	K	N	Q	S	T	A	V	L	I	F	Y	W	H	M	C	P
0	0.02281	0.02471	0.02864	0.03303	0.24916	0.18498	0.02078	0.02591	0.01811	0.02321	0.01342	0.01868	0.01195	0.01072	0.01580	0.00291	0.27318	0.00700	0.00407	0.01095
1	0.03049	0.13789	0.02722	0.02070	0.02565	0.53635	0.01615	0.06646	0.02402	0.02260	0.01338	0.01539	0.01116	0.00863	0.00739	0.00216	0.01408	0.00547	0.00451	0.01029
2	0.01029	0.00770	0.00957	0.01108	0.01214	0.00698	0.00756	0.01194	0.01704	0.02203	0.05632	0.54841	0.19717	0.02544	0.01067	0.00332	0.00479	0.02270	0.00790	0.00698
3	0.01843	0.01941	0.05210	0.01877	0.02309	0.09174	0.09485	0.02857	0.21408	0.02773	0.06600	0.14206	0.09946	0.01454	0.01036	0.00292	0.04604	0.01252	0.00688	0.01045
4	0.01264	0.00856	0.01017	0.01057	0.01096	0.00856	0.00688	0.01343	0.01383	0.01830	0.03048	0.06379	0.03456	0.56482	0.03697	0.00738	0.00817	0.12854	0.00569	0.00569
5	0.01707	0.04402	0.65683	0.02426	0.03683	0.01976	0.03144	0.02695	0.01797	0.02695	0.01527	0.01797	0.01078	0.00809	0.00809	0.00270	0.01258	0.00629	0.00359	0.01258
6	0.02685	0.01197	0.01612	0.01322	0.01782	0.01057	0.01057	0.03045	0.02424	0.38505	0.29799	0.04397	0.04675	0.01351	0.00920	0.00265	0.00584	0.01152	0.01003	0.01168
7	0.01100	0.00866	0.00993	0.00961	0.01208	0.00759	0.00721	0.01405	0.02163	0.02829	0.35161	0.07317	0.37567	0.01957	0.01005	0.00278	0.00417	0.01674	0.00860	0.00759
8	0.01037	0.00741	0.00987	0.01185	0.01234	0.00691	0.00790	0.01185	0.01629	0.02172	0.04690	0.69537	0.05629	0.02666	0.01086	0.00346	0.00494	0.02419	0.00790	0.00691
9	0.20691	0.02207	0.02242	0.01757	0.02401	0.02464	0.01451	0.47706	0.03390	0.04993	0.01838	0.01885	0.01321	0.00966	0.00774	0.00257	0.00870	0.00693	0.00774	0.01321
10	0.02873	0.03297	0.02359	0.02223	0.05771	0.43275	0.01622	0.07800	0.17074	0.02707	0.01897	0.01994	0.01494	0.00948	0.00801	0.00240	0.01258	0.00674	0.00569	0.01125
11	0.03145	0.02982	0.02643	0.02136	0.02739	0.25731	0.05055	0.37429	0.03314	0.04028	0.01762	0.01874	0.01312	0.00952	0.00830	0.00244	0.01181	0.00701	0.00678	0.01264
12	0.02050	0.01964	0.03352	0.12335	0.58114	0.02007	0.02584	0.02562	0.01911	0.02712	0.01591	0.02125	0.01324	0.00769	0.00843	0.00256	0.01025	0.00758	0.00416	0.01302
13	0.02618	0.23818	0.02943	0.01775	0.02376	0.17499	0.01488	0.14978	0.15331	0.03056	0.01882	0.01941	0.01490	0.00906	0.00730	0.00225	0.00997	0.00648	0.00591	0.04708
14	0.01080	0.00797	0.00937	0.01028	0.01131	0.00733	0.00679	0.01209	0.01616	0.02073	0.05279	0.35709	0.21548	0.19955	0.01903	0.00453	0.00562	0.01938	0.00719	0.00653
15	0.01037	0.00741	0.00987	0.01185	0.01234	0.00691	0.00790	0.01185	0.01629	0.02172	0.04690	0.69537	0.05629	0.02666	0.01086	0.00346	0.00494	0.02419	0.00790	0.00691
16	0.02236	0.18282	0.03459	0.03057	0.21696	0.14196	0.09564	0.02625	0.01897	0.02349	0.01500	0.01951	0.01292	0.01320	0.06864	0.00342	0.05144	0.00694	0.00413	0.01119
17	0.01934	0.02041	0.02346	0.02044	0.02214	0.13958	0.04597	0.02178	0.01591	0.02088	0.01834	0.02473	0.04842	0.02358	0.15075	0.00535	0.35743	0.00814	0.00427	0.00906
18	0.01224	0.00819	0.00932	0.00945	0.00949	0.00816	0.00534	0.01234	0.01264	0.01685	0.02816	0.09868	0.03264	0.65561	0.04113	0.00793	0.00803	0.01317	0.00534	0.00527
19	0.02052	0.02037	0.03685	0.09394	0.49227	0.02037	0.13714	0.02602	0.01934	0.02727	0.01617	0.02153	0.01322	0.00757	0.00874	0.00261	0.01100	0.00804	0.00420	0.01282
20	0.08085	0.20192	0.06163	0.01902	0.02506	0.31338	0.01619	0.13659	0.02428	0.02811	0.01416	0.01587	0.01145	0.00856	0.00712	0.00222	0.01194	0.00562	0.00497	0.01106

[dist]
# distance from previous block
# <min> <max>
0	1

[block]
# block no. 4 follows, 21 sequences, length 26
# corresponding to MSA columns:
# 182-207
name=unknown_E
#
# <colnr> <probs for GDERKNQSTAVLIFYWHMCP>
#	G	D	E	R	K	N	Q	S	T	A	V	L	I	F	Y	W	H	M	C	P
0	0.02025	0.02167	0.07186	0.09793	0.45213	0.02033	0.13788	0.02603	0.01924	0.02717	0.01612	0.02138	0.01305	0.00761	0.00872	0.00263	0.01115	0.00797	0.00416	0.01273
1	0.01586	0.00793	0.00793	0.00793	0.00991	0.00793	0.00595	0.01983	0.01785	0.03173	0.02776	0.03173	0.02181	0.00991	0.00595	0.00198	0.00397	0.00793	0.74817	0.00793
2	0.02580	0.02428	0.02534	0.02684	0.17396	0.14738	0.01754	0.18177	0.17582	0.03487	0.02108	0.02218	0.01625	0.00936	0.00821	0.00247	0.00986	0.00752	0.00648	0.06299
3	0.02106	0.02022	0.03454	0.05223	0.64784	0.02022	0.02612	0.02612	0.01938	0.02780	0.01601	0.02106	0.01348	0.00758	0.00842	0.00253	0.01011	0.00758	0.00421	0.01348
4	0.01037	0.00741	0.00987	0.01185	0.01234	0.00691	0.00790	0.01185	0.01629	0.02172	0.04690	0.69537	0.05629	0.02666	0.01086	0.00346	0.00494	0.02419	0.00790	0.00691
5	0.01216	0.00912	0.01368	0.01368	0.01520	0.01064	0.01064	0.01520	0.01368	0.01976	0.02279	0.03343	0.02127	0.06382	0.66720	0.01368	0.02279	0.00912	0.00456	0.00760
6	0.01216	0.00912	0.01368	0.01368	0.01520	0.01064	0.01064	0.01520	0.01368	0.01976	0.02279	0.03343	0.02127	0.06382	0.66720	0.01368	0.02279	0.00912	0.00456	0.00760
7	0.01894	0.01072	0.01314	0.01156	0.01523	0.00963	0.00901	0.02316	0.05333	0.19839	0.26612	0.05856	0.24514	0.01660	0.00957	0.00274	0.00512	0.01409	0.00917	0.00978
8	0.02951	0.20851	0.02928	0.02007	0.02518	0.50698	0.01597	0.03184	0.02239	0.02062	0.01282	0.01492	0.01095	0.00839	0.00711	0.00210	0.01377	0.00525	0.00420	0.01013
9	0.02265	0.07124	0.02405	0.02540	0.17456	0.23940	0.01629	0.05301	0.02148	0.02498	0.02803	0.03289	0.11145	0.01397	0.04118	0.00303	0.01118	0.03931	0.03559	0.01033
10	0.02275	0.70604	0.04459	0.01456	0.02184	0.03367	0.01456	0.02548	0.01729	0.02002	0.01183	0.01365	0.01092	0.00728	0.00546	0.00182	0.00910	0.00455	0.00364	0.01092
11	0.01311	0.01114	0.01165	0.01129	0.01459	0.01089	0.00872	0.02091	0.17413	0.02634	0.07041	0.07020	0.44808	0.01916	0.00982	0.00295	0.00516	0.05455	0.00809	0.00881
12	0.01033	0.00755	0.00973	0.01147	0.01224	0.00694	0.00773	0.01189	0.01666	0.02187	0.05150	0.62358	0.12510	0.02606	0.01077	0.00339	0.00486	0.02346	0.00790	0.00694
13	0.03105	0.03916	0.02483	0.02401	0.06914	0.62220	0.01711	0.03344	0.02379	0.02131	0.01335	0.01574	0.01114	0.00869	0.00773	0.00222	0.01499	0.00563	0.00437	0.01011
14	0.01216	0.00912	0.01368	0.01368	0.01520	0.01064	0.01064	0.01520	0.01368	0.01976	0.02279	0.03343	0.02127	0.06382	0.66720	0.01368	0.02279	0.00912	0.00456	0.00760
15	0.01006	0.00862	0.00862	0.00862	0.01149	0.00718	0.00647	0.01221	0.01940	0.02299	0.08621	0.08190	0.64438	0.02155	0.01006	0.00287	0.00431	0.01796	0.00790	0.00718
16	0.01238	0.00825	0.00928	0.00928	0.00928	0.00825	0.00516	0.01238	0.01238	0.01650	0.02681	0.05569	0.03094	0.70092	0.04331	0.00825	0.00825	0.01238	0.00516	0.00516
17	0.01802	0.01515	0.02086	0.18460	0.02927	0.01832	0.01616	0.13178	0.01988	0.02721	0.02259	0.15402	0.02211	0.02187	0.10983	0.00469	0.15743	0.01102	0.00558	0.00961
18	0.02275	0.70604	0.04459	0.01456	0.02184	0.03367	0.01456	0.02548	0.01729	0.02002	0.01183	0.01365	0.01092	0.00728	0.00546	0.00182	0.00910	0.00455	0.00364	0.01092
19	0.02904	0.02219	0.02368	0.01891	0.02513	0.02485	0.01537	0.44959	0.21527	0.04830	0.02463	0.02378	0.01788	0.01061	0.00856	0.00265	0.00859	0.00824	0.00856	0.01418
20	0.01094	0.00807	0.01042	0.01167	0.01286	0.00729	0.00798	0.01274	0.01694	0.02282	0.07658	0.58453	0.08572	0.02452	0.01046	0.00323	0.00495	0.02210	0.00778	0.05840
21	0.02467	0.02723	0.03043	0.03998	0.39587	0.24624	0.02232	0.02855	0.02068	0.02496	0.01474	0.01893	0.01247	0.00841	0.00925	0.00248	0.04973	0.00684	0.00425	0.01198
22	0.01200	0.00861	0.01082	0.01032	0.01198	0.00803	0.00739	0.01514	0.02156	0.03010	0.49380	0.06300	0.10047	0.15079	0.01652	0.00377	0.00486	0.01494	0.00847	0.00743
23	0.02123	0.02267	0.02322	0.15807	0.15027	0.22372	0.01866	0.02509	0.02047	0.02358	0.02502	0.04034	0.04845	0.01261	0.00908	0.00283	0.01123	0.14834	0.00522	0.00987
24	0.01984	0.01897	0.03233	0.20638	0.50326	0.01990	0.02551	0.02504	0.01880	0.02632	0.01579	0.02146	0.01296	0.00781	0.00845	0.00260	0.01041	0.00758	0.00411	0.01249
25	0.08175	0.13705	0.31230	0.02266	0.03167	0.02171	0.13516	0.02525	0.01778	0.02626	0.01937	0.02224	0.05391	0.00907	0.00906	0.00266	0.04922	0.00744	0.00418	0.01128

[dist]
# distance from previous block
# <min> <max>
0	1

[block]
# block no. 5 follows, 21 sequences, length 13
# corresponding to MSA columns:
# 209-221
name=unknown_F
#
# <colnr> <probs for GDERKNQSTAVLIFYWHMCP>
#	G	D	E	R	K	N	Q	S	T	A	V	L	I	F	Y	W	H	M	C	P
0	0.02322	0.02526	0.02716	0.11906	0.29529	0.23847	0.02048	0.02718	0.02061	0.02458	0.01920	0.02306	0.04600	0.00896	0.00814	0.00245	0.01144	0.00743	0.04089	0.01113
1	0.02544	0.02942	0.01969	0.01826	0.02171	0.43733	0.01378	0.02805	0.02104	0.02208	0.01720	0.02143	0.01464	0.02066	0.14796	0.00461	0.01539	0.00659	0.10561	0.00912
2	0.02275	0.70604	0.04459	0.01456	0.02184	0.03367	0.01456	0.02548	0.01729	0.02002	0.01183	0.01365	0.01092	0.00728	0.00546	0.00182	0.00910	0.00455	0.00364	0.01092
3	0.03524	0.01920	0.02267	0.01738	0.02408	0.01950	0.01436	0.33271	0.03225	0.35136	0.02695	0.02467	0.01774	0.01037	0.00854	0.00259	0.00831	0.00811	0.00952	0.01448
4	0.01165	0.00868	0.01083	0.01029	0.01247	0.00786	0.00772	0.01529	0.02315	0.03191	0.53241	0.06722	0.19262	0.01822	0.01004	0.00272	0.00407	0.01590	0.00908	0.00786
5	0.03818	0.01448	0.01975	0.01514	0.02172	0.01251	0.01251	0.04147	0.02436	0.65373	0.03357	0.02897	0.02107	0.01053	0.00856	0.00263	0.00724	0.00856	0.01053	0.01448
6	0.01078	0.00865	0.00962	0.00938	0.01194	0.00749	0.00703	0.01360	0.02109	0.02702	0.28772	0.07527	0.44036	0.02005	0.01005	0.00280	0.00420	0.01703	0.00843	0.00749
7	0.01102	0.00832	0.01018	0.01043	0.01226	0.00748	0.00755	0.01380	0.02060	0.02752	0.31975	0.24366	0.23414	0.02114	0.01027	0.00295	0.00435	0.01856	0.00854	0.00748
8	0.02106	0.02022	0.03454	0.05223	0.64784	0.02022	0.02612	0.02612	0.01938	0.02780	0.01601	0.02106	0.01348	0.00758	0.00842	0.00253	0.01011	0.00758	0.00421	0.01348
9	0.01051	0.00847	0.00943	0.01008	0.01232	0.00739	0.00754	0.01269	0.01872	0.02296	0.07309	0.22177	0.45015	0.02291	0.01041	0.00311	0.00482	0.07855	0.00790	0.00719
10	0.01871	0.01575	0.01822	0.01311	0.02062	0.01243	0.01052	0.06453	0.01926	0.02960	0.01551	0.01785	0.01274	0.00658	0.00646	0.00135	0.00652	0.00523	0.00529	0.69972
11	0.02470	0.02686	0.06041	0.02551	0.13039	0.21372	0.01826	0.10873	0.05642	0.02848	0.01634	0.01950	0.01330	0.00987	0.01145	0.00257	0.13168	0.00684	0.03683	0.05814
12	0.01778	0.01476	0.01510	0.01362	0.01724	0.05424	0.01039	0.14962	0.06821	0.03148	0.10189	0.19121	0.20461	0.01744	0.00943	0.00278	0.00651	0.01474	0.00784	0.05109

[dist]
# distance from previous block
# <min> <max>
0	2

[block]
# block no. 6 follows, 21 sequences, length 100
# corresponding to MSA columns:
# 224-323
name=unknown_G
#
# <colnr> <probs for GDERKNQSTAVLIFYWHMCP>
#	G	D	E	R	K	N	Q	S	T	A	V	L	I	F	Y	W	H	M	C	P
0	0.01741	0.01369	0.01567	0.01369	0.01766	0.01377	0.01056	0.10890	0.15452	0.03423	0.23178	0.12050	0.07697	0.01485	0.00908	0.00260	0.00582	0.01275	0.00822	0.11733
1	0.02402	0.02653	0.02947	0.03305	0.26136	0.23994	0.07863	0.02807	0.02076	0.02535	0.01499	0.01868	0.01240	0.00772	0.00794	0.00222	0.01163	0.00665	0.00443	0.14618
2	0.02296	0.01965	0.05845	0.03291	0.30889	0.01855	0.01972	0.03285	0.17956	0.11716	0.02319	0.02448	0.01758	0.00893	0.00829	0.00253	0.00861	0.00795	0.00630	0.08144
3	0.01499	0.01944	0.15501	0.02447	0.19559	0.01369	0.01741	0.01967	0.01912	0.02590	0.10364	0.04765	0.23657	0.05670	0.01125	0.00305	0.00792	0.01194	0.00592	0.01007
4	0.02057	0.13438	0.31117	0.03133	0.22425	0.08409	0.02584	0.02715	0.01890	0.02560	0.01479	0.01804	0.01166	0.00787	0.00776	0.00246	0.01156	0.00636	0.00387	0.01235
5	0.02412	0.02686	0.02512	0.05885	0.15916	0.28021	0.01762	0.02743	0.02014	0.02393	0.01412	0.01779	0.01192	0.00855	0.00960	0.00223	0.07933	0.00613	0.00440	0.18249
6	0.01006	0.00862	0.00862	0.00862	0.01149	0.00718	0.00647	0.01221	0.01940	0.02299	0.08621	0.08190	0.64438	0.02155	0.01006	0.00287	0.00431	0.01796	0.00790	0.00718
7	0.02129	0.02089	0.03357	0.08465	0.58715	0.05027	0.02553	0.02625	0.01947	0.02715	0.01583	0.02088	0.01325	0.00769	0.00839	0.00253	0.01042	0.00748	0.00420	0.01309
8	0.01238	0.00825	0.00928	0.00928	0.00928	0.00825	0.00516	0.01238	0.01238	0.01650	0.02681	0.05569	0.03094	0.70092	0.04331	0.00825	0.00825	0.01238	0.00516	0.00516
9	0.01037	0.00741	0.00987	0.01185	0.01234	0.00691	0.00790	0.01185	0.01629	0.02172	0.04690	0.69537	0.05629	0.02666	0.01086	0.00346	0.00494	0.02419	0.00790	0.00691
10	0.01037	0.00741	0.00987	0.01185	0.01234	0.00691	0.00790	0.01185	0.01629	0.02172	0.04690	0.69537	0.05629	0.02666	0.01086	0.00346	0.00494	0.02419	0.00790	0.00691
11	0.03180	0.01307	0.01770	0.01406	0.01952	0.01141	0.01141	0.03527	0.02429	0.50241	0.18249	0.03742	0.03553	0.01221	0.00892	0.00264	0.00645	0.01023	0.01025	0.01291
12	0.01115	0.00774	0.00964	0.01084	0.01114	0.00744	0.00683	0.01206	0.01476	0.01968	0.03904	0.44484	0.04636	0.29073	0.02357	0.00533	0.00623	0.01956	0.00683	0.00622
13	0.02275	0.70604	0.04459	0.01456	0.02184	0.03367	0.01456	0.02548	0.01729	0.02002	0.01183	0.01365	0.01092	0.00728	0.00546	0.00182	0.00910	0.00455	0.00364	0.01092
14	0.01657	0.01564	0.02643	0.61728	0.11788	0.01904	0.02388	0.02218	0.01725	0.02235	0.01521	0.02253	0.01156	0.00842	0.00850	0.00281	0.01122	0.00756	0.00382	0.00986
15	0.01006	0.00862	0.00862	0.00862	0.01149	0.00718	0.00647	0.01221	0.01940	0.02299	0.08621	0.08190	0.64438	0.02155	0.01006	0.00287	0.00431	0.01796	0.00790	0.00718
16	0.01607	0.01513	0.02552	0.68047	0.05861	0.01891	0.02363	0.02174	0.01702	0.02174	0.01513	0.02269	0.01134	0.00851	0.00851	0.00284	0.01134	0.00756	0.00378	0.00945
17	0.01216	0.00912	0.01368	0.01368	0.01520	0.01064	0.01064	0.01520	0.01368	0.01976	0.02279	0.03343	0.02127	0.06382	0.66720	0.01368	0.02279	0.00912	0.00456	0.00760
18	0.03669	0.01415	0.01927	0.01489	0.02121	0.01225	0.01225	0.04002	0.02434	0.61827	0.06847	0.03095	0.02446	0.01093	0.00864	0.00264	0.00706	0.00895	0.01047	0.01411
19	0.01318	0.01075	0.01422	0.01410	0.01577	0.04470	0.01094	0.01617	0.01422	0.01981	0.02229	0.03249	0.02074	0.06097	0.63296	0.01308	0.02241	0.00893	0.00455	0.00772
20	0.03179	0.04056	0.02412	0.02192	0.02631	0.66676	0.01644	0.03398	0.02412	0.02083	0.01315	0.01535	0.01096	0.00877	0.00767	0.00219	0.01535	0.00548	0.00438	0.00987
21	0.01037	0.00741	0.00987	0.01185	0.01234	0.00691	0.00790	0.01185	0.01629	0.02172	0.04690	0.69537	0.05629	0.02666	0.01086	0.00346	0.00494	0.02419	0.00790	0.00691
22	0.76103	0.01646	0.01251	0.01119	0.01646	0.01909	0.00922	0.02502	0.01448	0.03818	0.01185	0.01382	0.00922	0.00790	0.00527	0.00263	0.00658	0.00461	0.00527	0.00922
23	0.02214	0.02227	0.03349	0.04919	0.58532	0.08525	0.02514	0.02691	0.01985	0.02710	0.01572	0.02049	0.01323	0.00770	0.00835	0.00249	0.01064	0.00737	0.00423	0.01312
24	0.01006	0.00862	0.00862	0.00862	0.01149	0.00718	0.00647	0.01221	0.01940	0.02299	0.08621	0.08190	0.64438	0.02155	0.01006	0.00287	0.00431	0.01796	0.00790	0.00718
25	0.01037	0.00741	0.00987	0.01185	0.01234	0.00691	0.00790	0.01185	0.01629	0.02172	0.04690	0.69537	0.05629	0.02666	0.01086	0.00346	0.00494	0.02419	0.00790	0.00691
26	0.03182	0.03952	0.02420	0.02178	0.02631	0.62682	0.01643	0.07049	0.02511	0.02287	0.01361	0.01566	0.01118	0.00886	0.00773	0.00221	0.01497	0.00562	0.00464	0.01015
27	0.01475	0.01197	0.01349	0.01253	0.01568	0.01236	0.00956	0.02524	0.23186	0.03225	0.31517	0.05657	0.18244	0.01628	0.00957	0.00279	0.00501	0.01396	0.00881	0.00972
28	0.03818	0.01448	0.01975	0.01514	0.02172	0.01251	0.01251	0.04147	0.02436	0.65373	0.03357	0.02897	0.02107	0.01053	0.00856	0.00263	0.00724	0.00856	0.01053	0.01448
29	0.01346	0.00939	0.01398	0.01375	0.01552	0.01073	0.01073	0.01651	0.01421	0.05144	0.02333	0.03321	0.02126	0.06116	0.63429	0.01312	0.02202	0.00909	0.00486	0.00794
30	0.03235	0.02384	0.02554	0.01958	0.02639	0.02639	0.01618	0.61946	0.04001	0.05363	0.02043	0.02043	0.01447	0.01022	0.00851	0.00255	0.00936	0.00766	0.00851	0.01447
31	0.01347	0.00959	0.01329	0.01515	0.01693	0.00956	0.01298	0.01706	0.01906	0.02482	0.04425	0.12627	0.04847	0.05729	0.01327	0.00411	0.00770	0.53137	0.00771	0.00765
32	0.20051	0.03498	0.02143	0.01944	0.02403	0.51691	0.01477	0.03191	0.02189	0.02484	0.01285	0.01499	0.01056	0.00857	0.00712	0.00229	0.01332	0.00528	0.00459	0.00972
33	0.01094	0.00866	0.00984	0.00954	0.01203	0.00756	0.00716	0.01391	0.02147	0.02791	0.33243	0.07380	0.39509	0.01972	0.01005	0.00279	0.00418	0.01682	0.00855	0.00756
34	0.02275	0.70604	0.04459	0.01456	0.02184	0.03367	0.01456	0.02548	0.01729	0.02002	0.01183	0.01365	0.01092	0.00728	0.00546	0.00182	0.00910	0.00455	0.00364	0.01092
35	0.01586	0.00968	0.01105	0.01052	0.01246	0.01025	0.00777	0.07116	0.01787	0.02816	0.02581	0.03557	0.02274	0.15115	0.16181	0.00583	0.00948	0.00900	0.37588	0.00792
36	0.01040	0.00784	0.00944	0.01067	0.01189	0.00708	0.00728	0.01200	0.01703	0.02180	0.05802	0.46242	0.23978	0.06710	0.01263	0.00357	0.00495	0.02149	0.00773	0.00689
37	0.01232	0.00846	0.01036	0.01036	0.01073	0.00883	0.00650	0.01306	0.01269	0.01730	0.02583	0.05025	0.02858	0.54533	0.19568	0.00958	0.01180	0.01158	0.00501	0.00575
38	0.01216	0.00912	0.01368	0.01368	0.01520	0.01064	0.01064	0.01520	0.01368	0.01976	0.02279	0.03343	0.02127	0.06382	0.66720	0.01368	0.02279	0.00912	0.00456	0.00760
39	0.01329	0.01081	0.01207	0.01174	0.01451	0.01076	0.00877	0.02114	0.16978	0.02855	0.20130	0.15835	0.26879	0.01889	0.00983	0.00292	0.00493	0.01625	0.00844	0.00888
40	0.01962	0.01993	0.02631	0.02732	0.14509	0.08050	0.01910	0.02226	0.01533	0.02188	0.01347	0.02030	0.01262	0.01783	0.08659	0.00435	0.42605	0.00747	0.00396	0.01001
41	0.02857	0.03520	0.02459	0.02203	0.02534	0.51029	0.01697	0.03068	0.02141	0.02074	0.01267	0.01615	0.01101	0.01027	0.01262	0.00257	0.17898	0.00596	0.00422	0.00973
42	0.02117	0.01828	0.01924	0.01732	0.02213	0.02117	0.01347	0.04522	0.63246	0.03560	0.03464	0.03175	0.02598	0.01155	0.00866	0.00289	0.00673	0.00962	0.00866	0.01347
43	0.01719	0.00984	0.01302	0.01158	0.01449	0.00891	0.00891	0.02106	0.02414	0.15608	0.52333	0.05676	0.06864	0.01605	0.00975	0.00267	0.00465	0.01405	0.00960	0.00930
44	0.02275	0.70604	0.04459	0.01456	0.02184	0.03367	0.01456	0.02548	0.01729	0.02002	0.01183	0.01365	0.01092	0.00728	0.00546	0.00182	0.00910	0.00455	0.00364	0.01092
45	0.01765	0.01513	0.01765	0.01260	0.02017	0.01134	0.01008	0.02143	0.01765	0.02773	0.01513	0.01765	0.01260	0.00630	0.00630	0.00126	0.00630	0.00504	0.00504	0.75295
46	0.01228	0.00865	0.01130	0.01130	0.01199	0.00934	0.00767	0.01367	0.01297	0.01799	0.02497	0.04549	0.02651	0.40892	0.32926	0.01074	0.01492	0.01088	0.00488	0.00628
47	0.03179	0.04056	0.02412	0.02192	0.02631	0.66676	0.01644	0.03398	0.02412	0.02083	0.01315	0.01535	0.01096	0.00877	0.00767	0.00219	0.01535	0.00548	0.00438	0.00987
48	0.01973	0.01828	0.02396	0.01969	0.02221	0.02250	0.01629	0.07936	0.01680	0.02550	0.01304	0.01856	0.01184	0.01234	0.02075	0.00301	0.45332	0.00688	0.00451	0.19143
49	0.02190	0.02238	0.03556	0.04748	0.51702	0.07835	0.09878	0.02696	0.01989	0.02711	0.01590	0.02079	0.01318	0.00764	0.00856	0.00254	0.01111	0.00770	0.00424	0.01291
50	0.01204	0.00870	0.01138	0.01071	0.01271	0.00803	0.00803	0.01606	0.02409	0.03413	0.64335	0.06357	0.08030	0.01740	0.01004	0.00268	0.00401	0.01539	0.00937	0.00803
51	0.01146	0.00898	0.01062	0.01138	0.01377	0.00814	0.00918	0.01430	0.01953	0.02432	0.09547	0.11711	0.37724	0.02231	0.01070	0.00326	0.00558	0.22126	0.00795	0.00744
52	0.01846	0.18456	0.49102	0.02284	0.03406	0.02284	0.06134	0.02665	0.01794	0.02548	0.01465	0.01733	0.01093	0.00786	0.00764	0.00252	0.01193	0.00613	0.00364	0.01216
53	0.01094	0.00884	0.00985	0.01013	0.01274	0.00775	0.00796	0.01363	0.01996	0.02469	0.14133	0.08240	0.47301	0.02144	0.01036	0.00304	0.00492	0.12154	0.00806	0.00740
54	0.02117	0.01828	0.01924	0.01732	0.02213	0.02117	0.01347	0.04522	0.63246	0.03560	0.03464	0.03175	0.02598	0.01155	0.00866	0.00289	0.00673	0.00962	0.00866	0.01347
55	0.02551	0.02767	0.02887	0.10651	0.29689	0.26543	0.02136	0.07767	0.02262	0.02664	0.01520	0.01902	0.01238	0.00835	0.00816	0.00244	0.01217	0.00679	0.00459	0.01175
56	0.76103	0.01646	0.01251	0.01119	0.01646	0.01909	0.00922	0.02502	0.01448	0.03818	0.01185	0.01382	0.00922	0.00790	0.00527	0.00263	0.00658	0.00461	0.00527	0.00922
57	0.02720	0.02171	0.02593	0.02602	0.15841	0.02379	0.01764	0.35218	0.18028	0.04370	0.02295	0.02333	0.01707	0.00998	0.00853	0.00263	0.00888	0.00812	0.00763	0.01402
58	0.01862	0.01862	0.02607	0.02234	0.02234	0.02607	0.01862	0.02048	0.01303	0.02048	0.01117	0.01862	0.01117	0.01489	0.02793	0.00372	0.68535	0.00745	0.00372	0.00931
59	0.01115	0.00774	0.00964	0.01085	0.01115	0.00743	0.00683	0.01205	0.01477	0.01969	0.03907	0.44595	0.04640	0.28956	0.02352	0.00533	0.00623	0.01959	0.00683	0.00623
60	0.02138	0.02348	0.02772	0.02512	0.08838	0.20659	0.15388	0.02455	0.01843	0.02200	0.01757	0.02760	0.01649	0.15995	0.05159	0.00443	0.08835	0.00863	0.00445	0.00942
61	0.01006	0.00862	0.00862	0.00862	0.01149	0.00718	0.00647	0.01221	0.01940	0.02299	0.08621	0.08190	0.64438	0.02155	0.01006	0.00287	0.00431	0.01796	0.00790	0.00718
62	0.01844	0.01559	0.01807	0.01298	0.02050	0.01215	0.01041	0.05363	0.01885	0.02913	0.01541	0.01780	0.01271	0.00651	0.00642	0.00133	0.00647	0.00518	0.00523	0.71318
63	0.01439	0.01239	0.01795	0.01666	0.01766	0.01596	0.01339	0.01702	0.01345	0.02001	0.01879	0.02832	0.01779	0.04695	0.44677	0.01024	0.25125	0.00854	0.00427	0.00819
64	0.01606	0.01610	0.01672	0.01497	0.01845	0.12331	0.07051	0.04317	0.02098	0.02484	0.08506	0.14200	0.31177	0.01798	0.00977	0.00286	0.00767	0.04234	0.00703	0.00842
65	0.01225	0.00848	0.01037	0.01016	0.01094	0.00841	0.00660	0.01381	0.01619	0.02237	0.22044	0.05599	0.04553	0.42344	0.09393	0.00703	0.00834	0.01301	0.00642	0.00630
66	0.76103	0.01646	0.01251	0.01119	0.01646	0.01909	0.00922	0.02502	0.01448	0.03818	0.01185	0.01382	0.00922	0.00790	0.00527	0.00263	0.00658	0.00461	0.00527	0.00922
67	0.03178	0.05946	0.02616	0.01980	0.02616	0.15278	0.01615	0.47607	0.03581	0.04558	0.01859	0.01911	0.01361	0.00979	0.00820	0.00245	0.01053	0.00709	0.00747	0.01340
68	0.01216	0.00912	0.01368	0.01368	0.01520	0.01064	0.01064	0.01520	0.01368	0.01976	0.02279	0.03343	0.02127	0.06382	0.66720	0.01368	0.02279	0.00912	0.00456	0.00760
69	0.02069	0.02273	0.06615	0.02445	0.08743	0.12660	0.13421	0.05545	0.11362	0.02944	0.13871	0.05799	0.02905	0.01145	0.00997	0.00273	0.04207	0.01011	0.00620	0.01096
70	0.01852	0.10319	0.44364	0.02862	0.12669	0.02137	0.08789	0.02671	0.01832	0.02643	0.01524	0.01850	0.01141	0.00784	0.00808	0.00260	0.01205	0.00669	0.00376	0.01244
71	0.01037	0.00741	0.00987	0.01185	0.01234	0.00691	0.00790	0.01185	0.01629	0.02172	0.04690	0.69537	0.05629	0.02666	0.01086	0.00346	0.00494	0.02419	0.00790	0.00691
72	0.02073	0.03044	0.22056	0.21358	0.16198	0.15814	0.02498	0.02683	0.01930	0.02435	0.01492	0.01935	0.01151	0.00825	0.00818	0.00259	0.01233	0.00673	0.00394	0.01130
73	0.02193	0.12559	0.04437	0.03329	0.11839	0.09606	0.38235	0.02761	0.02004	0.02553	0.01580	0.02047	0.01247	0.00742	0.00888	0.00259	0.01313	0.00839	0.00420	0.01148
74	0.01154	0.00798	0.00944	0.01012	0.01047	0.00773	0.00618	0.01219	0.01415	0.01869	0.03739	0.27618	0.07787	0.42787	0.03014	0.00627	0.00687	0.01677	0.00627	0.00588
75	0.01586	0.00793	0.00793	0.00793	0.00991	0.00793	0.00595	0.01983	0.01785	0.03173	0.02776	0.03173	0.02181	0.00991	0.00595	0.00198	0.00397	0.00793	0.74817	0.00793
76	0.02170	0.15160	0.23142	0.02993	0.21266	0.08702	0.02354	0.05629	0.05824	0.02717	0.01612	0.01883	0.01275	0.00818	0.00773	0.00245	0.01099	0.00656	0.00441	0.01243
77	0.02110	0.02945	0.30712	0.02335	0.03231	0.01853	0.13784	0.05908	0.07921	0.11324	0.02285	0.07796	0.01799	0.01022	0.00883	0.00279	0.01085	0.00919	0.00576	0.01233
78	0.02243	0.02543	0.03156	0.02560	0.02889	0.19241	0.16691	0.02570	0.01768	0.02226	0.01319	0.01884	0.01155	0.01137	0.01818	0.00311	0.34328	0.00758	0.00404	0.00999
79	0.02703	0.03153	0.02875	0.03538	0.30225	0.37972	0.02074	0.03049	0.02201	0.02392	0.01442	0.01788	0.01208	0.00824	0.00801	0.00234	0.01302	0.00641	0.00431	0.01147
80	0.01045	0.00747	0.00995	0.01179	0.01236	0.00697	0.00791	0.01206	0.01668	0.02234	0.07639	0.66414	0.05747	0.02620	0.01082	0.00342	0.00489	0.02376	0.00797	0.00697
81	0.01082	0.00811	0.01004	0.01070	0.01225	0.00733	0.00759	0.01325	0.01948	0.02590	0.24261	0.34841	0.20740	0.02252	0.01041	0.00307	0.00450	0.01992	0.00836	0.00733
82	0.01765	0.01513	0.01765	0.01260	0.02017	0.01134	0.01008	0.02143	0.01765	0.02773	0.01513	0.01765	0.01260	0.00630	0.00630	0.00126	0.00630	0.00504	0.00504	0.75295
83	0.01033	0.00868	0.00900	0.00905	0.01184	0.00735	0.00688	0.01266	0.01964	0.02366	0.11213	0.08164	0.58846	0.02144	0.01014	0.00291	0.00446	0.04451	0.00797	0.00726
84	0.01193	0.00869	0.01122	0.01059	0.01264	0.00798	0.00794	0.01584	0.02382	0.03349	0.61146	0.06462	0.11258	0.01764	0.01004	0.00269	0.00403	0.01554	0.00928	0.00798
85	0.03818	0.01448	0.01975	0.01514	0.02172	0.01251	0.01251	0.04147	0.02436	0.65373	0.03357	0.02897	0.02107	0.01053	0.00856	0.00263	0.00724	0.00856	0.01053	0.01448
