[name]
unknown

[dist]
# distance from previous block
# <min> <max>
0	12

[block]
# block no. 0 follows, 22 sequences, length 21
# corresponding to MSA columns:
# 12-32
name=unknown_A
#
# <colnr> <probs for GDERKNQSTAVLIFYWHMCP>
#	G	D	E	R	K	N	Q	S	T	A	V	L	I	F	Y	W	H	M	C	P
0	0.01339	0.00956	0.01339	0.01530	0.01721	0.00956	0.01339	0.01721	0.01912	0.02486	0.04399	0.09371	0.04781	0.02295	0.01147	0.00382	0.00765	0.60031	0.00765	0.00765
1	0.03727	0.01414	0.01928	0.01478	0.02121	0.01221	0.01221	0.04049	0.02378	0.66198	0.03277	0.02828	0.02056	0.01028	0.00835	0.00257	0.00707	0.00835	0.01028	0.01414
2	0.02652	0.01654	0.01896	0.01616	0.02146	0.01768	0.01282	0.04285	0.42332	0.25610	0.03345	0.03004	0.02367	0.01092	0.00842	0.00273	0.00675	0.00903	0.00910	0.01350
3	0.02056	0.01974	0.03372	0.05099	0.65622	0.01974	0.02550	0.02550	0.01892	0.02714	0.01563	0.02056	0.01316	0.00740	0.00822	0.00247	0.00987	0.00740	0.00411	0.01316
4	0.00997	0.00833	0.00852	0.00863	0.01114	0.00706	0.00632	0.01191	0.01837	0.02200	0.07863	0.11316	0.58319	0.06141	0.01176	0.00314	0.00447	0.01755	0.00756	0.00688
5	0.01736	0.01794	0.03434	0.39597	0.04984	0.01985	0.25783	0.02326	0.01756	0.02326	0.01534	0.02203	0.01166	0.00815	0.00996	0.00283	0.05064	0.00832	0.00389	0.00999
6	0.01187	0.00890	0.01335	0.01335	0.01483	0.01038	0.01038	0.01483	0.01335	0.01928	0.02225	0.03264	0.02077	0.06231	0.67512	0.01335	0.02225	0.00890	0.00445	0.00742
7	0.03148	0.02628	0.02468	0.01954	0.02575	0.14549	0.01584	0.51868	0.03620	0.04645	0.01863	0.01903	0.01350	0.00971	0.00816	0.00243	0.01022	0.00709	0.00757	0.01330
8	0.01163	0.00849	0.01093	0.01032	0.01233	0.00778	0.00774	0.01543	0.02321	0.03260	0.61439	0.06324	0.11628	0.01725	0.00980	0.00263	0.00394	0.01519	0.00905	0.00778
9	0.01818	0.01818	0.02545	0.02181	0.02181	0.02545	0.01818	0.01999	0.01272	0.01999	0.01091	0.01818	0.01091	0.01454	0.02726	0.00364	0.69284	0.00727	0.00364	0.00909
10	0.02066	0.01785	0.01878	0.01691	0.02160	0.02066	0.01315	0.04414	0.64121	0.03475	0.03381	0.03099	0.02536	0.01127	0.00845	0.00282	0.00657	0.00939	0.00845	0.01315
11	0.02066	0.01785	0.01878	0.01691	0.02160	0.02066	0.01315	0.04414	0.64121	0.03475	0.03381	0.03099	0.02536	0.01127	0.00845	0.00282	0.00657	0.00939	0.00845	0.01315
12	0.03103	0.03959	0.02354	0.02140	0.02568	0.67469	0.01605	0.03317	0.02354	0.02033	0.01284	0.01498	0.01070	0.00856	0.00749	0.00214	0.01498	0.00535	0.00428	0.00963
13	0.02056	0.01974	0.03372	0.05099	0.65622	0.01974	0.02550	0.02550	0.01892	0.02714	0.01563	0.02056	0.01316	0.00740	0.00822	0.00247	0.00987	0.00740	0.00411	0.01316
14	0.01196	0.00855	0.01157	0.01157	0.01243	0.00942	0.00816	0.01369	0.01282	0.01796	0.02388	0.04167	0.02469	0.33071	0.41208	0.01115	0.01635	0.01022	0.00469	0.00643
15	0.03158	0.02327	0.02493	0.01911	0.02576	0.02576	0.01579	0.62852	0.03906	0.05236	0.01995	0.01995	0.01413	0.00997	0.00831	0.00249	0.00914	0.00748	0.00831	0.01413
16	0.01176	0.00849	0.01110	0.01045	0.01241	0.00784	0.00784	0.01568	0.02352	0.03331	0.65184	0.06206	0.07839	0.01698	0.00980	0.00261	0.00392	0.01502	0.00914	0.00784
17	0.01208	0.00805	0.00906	0.00906	0.00906	0.00805	0.00503	0.01208	0.01208	0.01611	0.02618	0.05436	0.03020	0.70804	0.04228	0.00805	0.00805	0.01208	0.00503	0.00503
18	0.02221	0.71304	0.04353	0.01421	0.02132	0.03287	0.01421	0.02488	0.01688	0.01955	0.01155	0.01333	0.01066	0.00711	0.00533	0.00178	0.00888	0.00444	0.00355	0.01066
19	0.02445	0.01973	0.02092	0.01767	0.02305	0.02243	0.01407	0.24711	0.43208	0.04087	0.02900	0.02716	0.02146	0.01082	0.00840	0.00270	0.00747	0.00873	0.00840	0.01349
20	0.02221	0.71304	0.04353	0.01421	0.02132	0.03287	0.01421	0.02488	0.01688	0.01955	0.01155	0.01333	0.01066	0.00711	0.00533	0.00178	0.00888	0.00444	0.00355	0.01066

[dist]
# distance from previous block
# <min> <max>
0	1

[block]
# block no. 1 follows, 22 sequences, length 15
# corresponding to MSA columns:
# 34-48
name=unknown_B
#
# <colnr> <probs for GDERKNQSTAVLIFYWHMCP>
#	G	D	E	R	K	N	Q	S	T	A	V	L	I	F	Y	W	H	M	C	P
0	0.02826	0.03170	0.02083	0.01912	0.02300	0.49766	0.01430	0.03039	0.02232	0.08624	0.02027	0.12869	0.01894	0.01159	0.00809	0.00239	0.01251	0.00864	0.00546	0.00962
1	0.03158	0.02327	0.02493	0.01911	0.02576	0.02576	0.01579	0.62852	0.03906	0.05236	0.01995	0.01995	0.01413	0.00997	0.00831	0.00249	0.00914	0.00748	0.00831	0.01413
2	0.02002	0.44909	0.28834	0.01794	0.02709	0.02752	0.02071	0.02544	0.01714	0.02221	0.01287	0.01499	0.01061	0.00742	0.00634	0.00211	0.01022	0.00511	0.00354	0.01130
3	0.01666	0.04297	0.66500	0.02368	0.03596	0.01929	0.03069	0.02631	0.01754	0.02631	0.01491	0.01754	0.01052	0.00789	0.00789	0.00263	0.01228	0.00614	0.00351	0.01228
4	0.01723	0.11165	0.60130	0.02271	0.03446	0.02068	0.02900	0.02616	0.01747	0.02562	0.01456	0.01711	0.01054	0.00781	0.00763	0.00254	0.01193	0.00596	0.00351	0.01211
5	0.02475	0.02772	0.02134	0.02005	0.05406	0.34703	0.01476	0.09001	0.05965	0.02521	0.02780	0.02893	0.12944	0.01170	0.01012	0.00251	0.08113	0.00834	0.00550	0.00995
6	0.09441	0.03168	0.39703	0.19955	0.03991	0.01909	0.05543	0.02478	0.01704	0.02611	0.01462	0.01858	0.01061	0.00794	0.00781	0.00267	0.01143	0.00648	0.00376	0.01107
7	0.02722	0.21441	0.03044	0.02356	0.11535	0.35509	0.01690	0.07997	0.02241	0.02380	0.01350	0.01576	0.01133	0.00813	0.00709	0.00212	0.01213	0.00558	0.00440	0.01079
8	0.02230	0.01916	0.03222	0.04723	0.59030	0.01896	0.02412	0.02705	0.01942	0.09304	0.01741	0.02136	0.01393	0.00770	0.00824	0.00248	0.00958	0.00750	0.00475	0.01326
9	0.05847	0.07930	0.02576	0.02518	0.14582	0.36745	0.01687	0.03211	0.05124	0.09752	0.01655	0.01819	0.01295	0.00853	0.00753	0.00228	0.01189	0.00619	0.00513	0.01105
10	0.01173	0.00916	0.01266	0.01604	0.08923	0.00867	0.01003	0.01384	0.01682	0.02219	0.04665	0.43974	0.13557	0.05701	0.01188	0.00346	0.00576	0.07485	0.00714	0.00755
11	0.02198	0.02232	0.03163	0.04537	0.54078	0.10803	0.02363	0.02743	0.04943	0.02659	0.01612	0.02031	0.01341	0.00774	0.00814	0.00244	0.01040	0.00722	0.00434	0.01268
12	0.01723	0.03353	0.43520	0.02969	0.19864	0.01833	0.02715	0.02509	0.01847	0.02719	0.07545	0.02256	0.01765	0.00862	0.00816	0.00259	0.01085	0.00732	0.00420	0.01209
13	0.05915	0.01769	0.02110	0.02090	0.11369	0.01880	0.01435	0.23567	0.13106	0.07869	0.05008	0.09010	0.02323	0.04540	0.01002	0.00286	0.00775	0.00966	0.00738	0.04241
14	0.02276	0.01797	0.02352	0.02605	0.20781	0.01824	0.01632	0.08942	0.22343	0.09789	0.02357	0.02409	0.01783	0.00897	0.00794	0.00237	0.00776	0.00770	0.00671	0.14964

[dist]
# distance from previous block
# <min> <max>
0	1

[block]
# block no. 2 follows, 22 sequences, length 9
# corresponding to MSA columns:
# 50-58
name=unknown_C
#
# <colnr> <probs for GDERKNQSTAVLIFYWHMCP>
#	G	D	E	R	K	N	Q	S	T	A	V	L	I	F	Y	W	H	M	C	P
0	0.02262	0.02457	0.02444	0.20429	0.03420	0.25510	0.06839	0.06975	0.02106	0.02447	0.01651	0.06019	0.01414	0.00918	0.00797	0.00234	0.01151	0.00750	0.00471	0.11706
1	0.01755	0.03767	0.52100	0.02991	0.17744	0.01939	0.02951	0.02612	0.01785	0.02650	0.01507	0.01823	0.01112	0.00778	0.00797	0.00259	0.01173	0.00643	0.00365	0.01248
2	0.01376	0.01322	0.01193	0.01078	0.01449	0.08725	0.00819	0.01628	0.01953	0.02380	0.10634	0.06010	0.42333	0.01669	0.00891	0.00244	0.00580	0.01373	0.00693	0.13647
3	0.02956	0.15392	0.02709	0.01998	0.02494	0.51258	0.01572	0.07937	0.02364	0.02276	0.01319	0.01509	0.01097	0.00842	0.00719	0.00211	0.01347	0.00536	0.00448	0.01017
4	0.02200	0.11781	0.16967	0.01732	0.02422	0.06841	0.01690	0.22624	0.02567	0.03336	0.05804	0.03103	0.13197	0.01135	0.00810	0.00247	0.00911	0.00879	0.00621	0.01133
5	0.06651	0.01518	0.02011	0.02269	0.16389	0.01563	0.01473	0.07302	0.13211	0.11802	0.15441	0.04015	0.03358	0.01250	0.00881	0.00274	0.00716	0.07985	0.00754	0.01137
6	0.01621	0.01578	0.02144	0.17091	0.02882	0.08660	0.06410	0.01985	0.01562	0.02051	0.01769	0.02573	0.01560	0.03386	0.31762	0.00768	0.10123	0.00804	0.00414	0.00858
7	0.11853	0.03932	0.57634	0.02195	0.03325	0.01920	0.02775	0.02605	0.01708	0.02780	0.01445	0.01699	0.01032	0.00787	0.00752	0.00262	0.01148	0.00592	0.00373	0.01183
8	0.07257	0.14652	0.29217	0.02232	0.06690	0.06015	0.02236	0.02483	0.01651	0.02423	0.01312	0.01673	0.01070	0.00927	0.01168	0.00267	0.16653	0.00603	0.00374	0.01095

[dist]
# distance from previous block
# <min> <max>
0	1

[block]
# block no. 3 follows, 22 sequences, length 16
# corresponding to MSA columns:
# 60-75
name=unknown_D
#
# <colnr> <probs for GDERKNQSTAVLIFYWHMCP>
#	G	D	E	R	K	N	Q	S	T	A	V	L	I	F	Y	W	H	M	C	P
0	0.01865	0.01499	0.01602	0.01400	0.01820	0.01601	0.01098	0.16020	0.24016	0.03473	0.12492	0.04736	0.22001	0.01468	0.00901	0.00272	0.00609	0.01216	0.00829	0.01083
1	0.02231	0.02223	0.02008	0.05679	0.02295	0.19445	0.01406	0.16365	0.02373	0.02840	0.03398	0.03502	0.18879	0.01329	0.01158	0.00269	0.12048	0.00964	0.00603	0.00985
2	0.02631	0.21594	0.03185	0.02565	0.17192	0.15055	0.01767	0.20696	0.02526	0.03127	0.01526	0.01731	0.01229	0.00831	0.00731	0.00222	0.01036	0.00622	0.00524	0.01208
3	0.02722	0.03305	0.02477	0.02378	0.07347	0.47232	0.01728	0.02950	0.02066	0.02078	0.01260	0.01616	0.01094	0.00987	0.01217	0.00251	0.17306	0.00596	0.00412	0.00978
4	0.02850	0.15258	0.06255	0.02035	0.05138	0.18735	0.01677	0.31509	0.02923	0.03607	0.01622	0.01742	0.01242	0.00889	0.00754	0.00228	0.01074	0.00633	0.00602	0.01225
5	0.02176	0.02343	0.02368	0.01964	0.02359	0.20029	0.05101	0.02613	0.06582	0.02345	0.01455	0.01829	0.01243	0.01003	0.01387	0.00249	0.23523	0.00645	0.00455	0.20332
6	0.01666	0.04297	0.66500	0.02368	0.03596	0.01929	0.03069	0.02631	0.01754	0.02631	0.01491	0.01754	0.01052	0.00789	0.00789	0.00263	0.01228	0.00614	0.00351	0.01228
7	0.01659	0.01446	0.02079	0.02610	0.24772	0.01418	0.01508	0.02345	0.10615	0.03005	0.24211	0.03946	0.07424	0.01192	0.00869	0.00247	0.00667	0.01066	0.00674	0.08247
8	0.02145	0.02858	0.17956	0.03953	0.40306	0.13197	0.02509	0.02700	0.01939	0.02578	0.01498	0.01890	0.01212	0.00772	0.00802	0.00245	0.01131	0.00675	0.00400	0.01235
9	0.01934	0.02485	0.18075	0.08523	0.47301	0.01955	0.02656	0.02541	0.01845	0.02657	0.01540	0.01996	0.01241	0.00757	0.00815	0.00252	0.01051	0.00711	0.00394	0.01270
10	0.01451	0.01080	0.01154	0.01069	0.01406	0.01009	0.00819	0.08005	0.05793	0.06699	0.06823	0.11558	0.46249	0.01900	0.00955	0.00280	0.00509	0.01589	0.00798	0.00855
11	0.06711	0.02195	0.01774	0.01540	0.02002	0.20301	0.01196	0.13661	0.08671	0.02987	0.03715	0.03655	0.20006	0.01250	0.00817	0.00242	0.00871	0.00962	0.00655	0.06788
12	0.12098	0.14709	0.47498	0.02040	0.03086	0.02139	0.02505	0.02582	0.01696	0.02673	0.01391	0.01630	0.01034	0.00774	0.00710	0.00249	0.01092	0.00564	0.00374	0.01156
13	0.01233	0.01044	0.01102	0.01072	0.01293	0.05248	0.00794	0.01535	0.02141	0.02806	0.38285	0.13093	0.23586	0.01852	0.00973	0.00272	0.00484	0.01599	0.00826	0.00761
14	0.02142	0.02159	0.03211	0.04595	0.54779	0.08483	0.02403	0.02585	0.01892	0.02595	0.01501	0.01984	0.01275	0.00804	0.00954	0.00252	0.06008	0.00719	0.00409	0.01251
15	0.02145	0.37908	0.20285	0.02103	0.06976	0.05735	0.05627	0.06062	0.01894	0.02417	0.01356	0.01592	0.01111	0.00756	0.00673	0.00217	0.01044	0.00562	0.00393	0.01143

[dist]
# distance from previous block
# <min> <max>
0	2

[block]
# block no. 4 follows, 22 sequences, length 14
# corresponding to MSA columns:
# 78-91
name=unknown_E
#
# <colnr> <probs for GDERKNQSTAVLIFYWHMCP>
#	G	D	E	R	K	N	Q	S	T	A	V	L	I	F	Y	W	H	M	C	P
0	0.02876	0.01990	0.02128	0.01631	0.02294	0.06716	0.01326	0.27029	0.02801	0.18659	0.02095	0.02076	0.01487	0.00884	0.00764	0.00212	0.00823	0.00679	0.00750	0.22781
1	0.02181	0.01723	0.01868	0.01588	0.02056	0.01875	0.01234	0.21353	0.27874	0.03629	0.02831	0.09569	0.02415	0.07740	0.01159	0.00312	0.00728	0.01007	0.00769	0.08089
2	0.01814	0.01316	0.01587	0.01233	0.01780	0.01099	0.00976	0.05718	0.02119	0.08924	0.22551	0.03310	0.03483	0.01031	0.00768	0.00188	0.00568	0.00870	0.00700	0.39963
3	0.05031	0.01161	0.01359	0.01197	0.01586	0.01087	0.00927	0.02388	0.10293	0.14901	0.19033	0.10145	0.17514	0.01515	0.00887	0.00260	0.00533	0.01285	0.00827	0.08071
4	0.01719	0.01665	0.01446	0.01332	0.01692	0.12471	0.01017	0.05293	0.16724	0.02741	0.10955	0.05289	0.31274	0.01572	0.00903	0.00266	0.00680	0.01284	0.00746	0.00932
5	0.02056	0.01974	0.03372	0.05099	0.65622	0.01974	0.02550	0.02550	0.01892	0.02714	0.01563	0.02056	0.01316	0.00740	0.00822	0.00247	0.00987	0.00740	0.00411	0.01316
6	0.02004	0.31336	0.31901	0.01896	0.02786	0.08637	0.02147	0.02585	0.01814	0.02334	0.04502	0.01780	0.01397	0.00809	0.00691	0.00224	0.01074	0.00582	0.00388	0.01115
7	0.01409	0.01035	0.01640	0.01466	0.01721	0.01079	0.06665	0.01770	0.01728	0.06250	0.19071	0.03929	0.03541	0.04194	0.39558	0.00886	0.01567	0.01059	0.00603	0.00829
8	0.06313	0.02857	0.02162	0.01886	0.02336	0.34634	0.01466	0.19612	0.02566	0.02992	0.01640	0.01936	0.01333	0.01825	0.12354	0.00421	0.01420	0.00652	0.00548	0.01047
9	0.03231	0.01986	0.02023	0.01663	0.02232	0.12981	0.01328	0.07257	0.15691	0.38237	0.02882	0.02609	0.01952	0.01018	0.00822	0.00254	0.00845	0.00801	0.00874	0.01314
10	0.02155	0.02162	0.03276	0.04819	0.59645	0.08182	0.02460	0.02622	0.01935	0.02649	0.01536	0.02003	0.01293	0.00751	0.00815	0.00244	0.01035	0.00721	0.00413	0.01282
11	0.01986	0.01902	0.03245	0.14292	0.56979	0.01955	0.02515	0.02488	0.01858	0.02629	0.01550	0.02079	0.01286	0.00753	0.00824	0.00251	0.01004	0.00740	0.00405	0.01259
12	0.05871	0.01070	0.01247	0.01135	0.01457	0.01011	0.00880	0.01916	0.07934	0.03093	0.36034	0.05461	0.13501	0.01537	0.00902	0.00255	0.00487	0.04772	0.00801	0.10638
13	0.02307	0.02208	0.01980	0.01698	0.02213	0.16048	0.01318	0.11116	0.27363	0.03167	0.02444	0.06062	0.01983	0.01034	0.00790	0.00235	0.00855	0.00819	0.00680	0.15681

[dist]
# distance from previous block
# <min> <max>
0	7

[block]
# block no. 5 follows, 22 sequences, length 6
# corresponding to MSA columns:
# 99-104
name=unknown_F
#
# <colnr> <probs for GDERKNQSTAVLIFYWHMCP>
#	G	D	E	R	K	N	Q	S	T	A	V	L	I	F	Y	W	H	M	C	P
0	0.06139	0.14455	0.02790	0.01854	0.02391	0.02144	0.09167	0.03166	0.16299	0.15205	0.02164	0.02252	0.01632	0.00985	0.01073	0.00261	0.11681	0.00752	0.00627	0.04963
1	0.01617	0.01569	0.01675	0.01590	0.01771	0.13371	0.01241	0.01884	0.01513	0.01957	0.01909	0.02757	0.01767	0.04640	0.47057	0.01006	0.10636	0.00804	0.00432	0.00803
2	0.02694	0.03304	0.02137	0.01968	0.02337	0.53293	0.01484	0.02926	0.02137	0.02011	0.01485	0.01875	0.01285	0.02003	0.14996	0.00453	0.01653	0.00611	0.00432	0.00916
3	0.02221	0.71304	0.04353	0.01421	0.02132	0.03287	0.01421	0.02488	0.01688	0.01955	0.01155	0.01333	0.01066	0.00711	0.00533	0.00178	0.00888	0.00444	0.00355	0.01066
4	0.01658	0.01567	0.02653	0.57165	0.16669	0.01869	0.02351	0.02201	0.01703	0.02231	0.01492	0.02186	0.01146	0.00814	0.00829	0.00271	0.01085	0.00739	0.00377	0.00995
5	0.01187	0.00890	0.01335	0.01335	0.01483	0.01038	0.01038	0.01483	0.01335	0.01928	0.02225	0.03264	0.02077	0.06231	0.67512	0.01335	0.02225	0.00890	0.00445	0.00742

[dist]
# distance from previous block
# <min> <max>
0	2

[block]
# block no. 6 follows, 22 sequences, length 16
# corresponding to MSA columns:
# 107-122
name=unknown_G
#
# <colnr> <probs for GDERKNQSTAVLIFYWHMCP>
#	G	D	E	R	K	N	Q	S	T	A	V	L	I	F	Y	W	H	M	C	P
0	0.01978	0.01877	0.03190	0.04762	0.59878	0.01890	0.02414	0.02454	0.01842	0.02644	0.01622	0.02164	0.01384	0.01232	0.06795	0.00344	0.01098	0.00754	0.00414	0.01264
1	0.01237	0.00935	0.01331	0.01287	0.01475	0.01023	0.00985	0.01513	0.01358	0.01969	0.02194	0.03322	0.02086	0.11575	0.55790	0.01179	0.01952	0.00883	0.00455	0.07450
2	0.08606	0.01578	0.01715	0.01322	0.01955	0.01443	0.01060	0.11544	0.07699	0.03205	0.02449	0.02533	0.08267	0.00895	0.00700	0.00186	0.00646	0.00704	0.00608	0.42885
3	0.01722	0.01618	0.01441	0.01320	0.01622	0.14225	0.01000	0.08431	0.02375	0.02972	0.29769	0.09231	0.17844	0.01598	0.00923	0.00259	0.00680	0.01336	0.00769	0.00863
4	0.02732	0.02424	0.02238	0.01813	0.02407	0.15175	0.01446	0.31252	0.13998	0.03896	0.02021	0.02051	0.01517	0.00934	0.00784	0.00229	0.00939	0.00700	0.00701	0.12744
5	0.02626	0.01982	0.02109	0.01678	0.02249	0.02157	0.01366	0.45288	0.08958	0.04481	0.03398	0.03289	0.14226	0.01229	0.00862	0.00258	0.00793	0.00965	0.00820	0.01262
6	0.01201	0.00967	0.01056	0.01035	0.01300	0.00902	0.00772	0.04450	0.06714	0.02616	0.15186	0.16646	0.40139	0.01996	0.00976	0.00285	0.00468	0.01701	0.00800	0.00790
7	0.03106	0.03866	0.02362	0.02127	0.02569	0.63749	0.01604	0.06730	0.02443	0.02217	0.01325	0.01527	0.01090	0.00864	0.00754	0.00216	0.01465	0.00547	0.00451	0.00989
8	0.01860	0.27735	0.44762	0.02037	0.03084	0.02404	0.02493	0.02581	0.01731	0.02394	0.01373	0.01607	0.01057	0.00762	0.00700	0.00233	0.01109	0.00555	0.00352	0.01171
9	0.01255	0.00831	0.01094	0.01154	0.01306	0.00755	0.00812	0.01479	0.01827	0.06474	0.18724	0.47682	0.05638	0.02198	0.01007	0.00304	0.00481	0.01976	0.00809	0.04195
10	0.02386	0.02738	0.02554	0.02479	0.09198	0.29871	0.01807	0.02615	0.01796	0.02091	0.01223	0.01709	0.01106	0.01125	0.01687	0.00288	0.33310	0.00647	0.00396	0.00976
11	0.01666	0.04297	0.66500	0.02368	0.03596	0.01929	0.03069	0.02631	0.01754	0.02631	0.01491	0.01754	0.01052	0.00789	0.00789	0.00263	0.01228	0.00614	0.00351	0.01228
12	0.03128	0.03230	0.02416	0.02038	0.02572	0.38485	0.01593	0.29909	0.03047	0.03464	0.01601	0.01720	0.01223	0.00919	0.00786	0.00230	0.01237	0.00630	0.00608	0.01164
13	0.09603	0.02437	0.02267	0.01841	0.02427	0.12566	0.01483	0.39563	0.12263	0.04342	0.02011	0.02021	0.01478	0.00974	0.00792	0.00249	0.00943	0.00716	0.00742	0.01282
14	0.01604	0.01588	0.02412	0.02009	0.02376	0.08503	0.17790	0.02001	0.01615	0.02138	0.01976	0.02796	0.01747	0.04151	0.42263	0.00928	0.01923	0.00876	0.00436	0.00868
15	0.17694	0.01629	0.01785	0.25461	0.03142	0.09528	0.01520	0.02149	0.01789	0.02581	0.05636	0.03839	0.08870	0.01221	0.00824	0.00281	0.00895	0.09750	0.00537	0.00868

[dist]
# distance from previous block
# <min> <max>
0	2

[block]
# block no. 7 follows, 22 sequences, length 10
# corresponding to MSA columns:
# 125-134
name=unknown_H
#
# <colnr> <probs for GDERKNQSTAVLIFYWHMCP>
#	G	D	E	R	K	N	Q	S	T	A	V	L	I	F	Y	W	H	M	C	P
0	0.33969	0.02206	0.01944	0.01594	0.02169	0.09484	0.01297	0.30917	0.02689	0.04248	0.01564	0.01669	0.01160	0.00887	0.00689	0.00249	0.00865	0.00599	0.00653	0.01148
1	0.01712	0.01731	0.01614	0.01556	0.01781	0.19240	0.01194	0.01986	0.01614	0.01957	0.01967	0.02780	0.01801	0.04758	0.49219	0.01028	0.02026	0.00793	0.00440	0.00802
2	0.01567	0.01408	0.02324	0.62155	0.05257	0.01741	0.02138	0.02104	0.01669	0.02218	0.01597	0.02301	0.01207	0.00844	0.00806	0.00269	0.01037	0.00742	0.07708	0.00908
3	0.02133	0.60684	0.14203	0.01571	0.02364	0.03072	0.01683	0.02510	0.01698	0.02062	0.01208	0.01399	0.01064	0.00723	0.00574	0.00191	0.00942	0.00471	0.00355	0.01092
4	0.03004	0.03061	0.02353	0.01997	0.02524	0.34231	0.01561	0.26925	0.10187	0.03465	0.01809	0.01881	0.01377	0.00943	0.00793	0.00236	0.01170	0.00666	0.00636	0.01182
5	0.01194	0.00863	0.01197	0.01197	0.01297	0.00963	0.00866	0.01395	0.01294	0.01826	0.02352	0.03964	0.02381	0.27044	0.47114	0.01164	0.01768	0.00993	0.00464	0.00665
6	0.02194	0.02445	0.02489	0.02169	0.02295	0.21575	0.01755	0.02386	0.01589	0.02009	0.01147	0.01724	0.01085	0.01279	0.02147	0.00320	0.49414	0.00671	0.00382	0.00925
7	0.01448	0.01094	0.01326	0.01312	0.01569	0.01072	0.01003	0.08435	0.06001	0.02793	0.10130	0.31278	0.08956	0.01985	0.00985	0.00302	0.00588	0.11811	0.00772	0.07139
8	0.01569	0.01477	0.02492	0.68808	0.05722	0.01846	0.02307	0.02123	0.01661	0.02123	0.01477	0.02215	0.01107	0.00831	0.00831	0.00277	0.01107	0.00738	0.00369	0.00923
9	0.76672	0.01607	0.01221	0.01092	0.01607	0.01864	0.00900	0.02442	0.01414	0.03727	0.01157	0.01350	0.00900	0.00771	0.00514	0.00257	0.00643	0.00450	0.00514	0.00900

[dist]
# distance from previous block
# <min> <max>
0	1

[block]
# block no. 8 follows, 22 sequences, length 11
# corresponding to MSA columns:
# 136-146
name=unknown_I
#
# <colnr> <probs for GDERKNQSTAVLIFYWHMCP>
#	G	D	E	R	K	N	Q	S	T	A	V	L	I	F	Y	W	H	M	C	P
0	0.03103	0.03959	0.02354	0.02140	0.02568	0.67469	0.01605	0.03317	0.02354	0.02033	0.01284	0.01498	0.01070	0.00856	0.00749	0.00214	0.01498	0.00535	0.00428	0.00963
1	0.00994	0.00793	0.00892	0.00971	0.01156	0.00690	0.00689	0.01178	0.01769	0.02193	0.06837	0.33609	0.40690	0.02309	0.01014	0.00304	0.00446	0.02004	0.00771	0.00690
2	0.01569	0.01477	0.02492	0.68808	0.05722	0.01846	0.02307	0.02123	0.01661	0.02123	0.01477	0.02215	0.01107	0.00831	0.00831	0.00277	0.01107	0.00738	0.00369	0.00923
3	0.03126	0.03275	0.02412	0.02044	0.02572	0.40251	0.01594	0.28288	0.03005	0.03376	0.01582	0.01706	0.01214	0.00915	0.00783	0.00229	0.01253	0.00624	0.00597	0.01152
4	0.02056	0.01974	0.03372	0.05099	0.65622	0.01974	0.02550	0.02550	0.01892	0.02714	0.01563	0.02056	0.01316	0.00740	0.00822	0.00247	0.00987	0.00740	0.00411	0.01316
5	0.01208	0.00805	0.00906	0.00906	0.00906	0.00805	0.00503	0.01208	0.01208	0.01611	0.02618	0.05436	0.03020	0.70804	0.04228	0.00805	0.00805	0.01208	0.00503	0.00503
6	0.02301	0.01633	0.01875	0.01467	0.02106	0.01536	0.01175	0.08856	0.19585	0.14088	0.02371	0.02326	0.01757	0.00866	0.00738	0.00203	0.00671	0.00701	0.00716	0.35028
7	0.01703	0.01548	0.02492	0.63161	0.05456	0.01907	0.02246	0.07249	0.01851	0.02385	0.01520	0.02196	0.01133	0.00845	0.00831	0.00275	0.01091	0.00739	0.00408	0.00964
8	0.02056	0.01974	0.03372	0.05099	0.65622	0.01974	0.02550	0.02550	0.01892	0.02714	0.01563	0.02056	0.01316	0.00740	0.00822	0.00247	0.00987	0.00740	0.00411	0.01316
9	0.01569	0.01477	0.02492	0.68808	0.05722	0.01846	0.02307	0.02123	0.01661	0.02123	0.01477	0.02215	0.01107	0.00831	0.00831	0.00277	0.01107	0.00738	0.00369	0.00923
10	0.70515	0.01590	0.01281	0.01125	0.01650	0.01809	0.00927	0.02578	0.01495	0.09000	0.01336	0.01474	0.00997	0.00793	0.00541	0.00257	0.00648	0.00482	0.00558	0.00943

[dist]
# distance from previous block
# <min> <max>
0	7

[block]
# block no. 9 follows, 22 sequences, length 26
# corresponding to MSA columns:
# 154-179
name=unknown_J
#
# <colnr> <probs for GDERKNQSTAVLIFYWHMCP>
#	G	D	E	R	K	N	Q	S	T	A	V	L	I	F	Y	W	H	M	C	P
0	0.63518	0.01652	0.01397	0.01200	0.01739	0.01866	0.00989	0.07862	0.01720	0.09630	0.01426	0.01542	0.01051	0.00815	0.00571	0.00256	0.00672	0.00511	0.00589	0.00992
1	0.01187	0.00890	0.01335	0.01335	0.01483	0.01038	0.01038	0.01483	0.01335	0.01928	0.02225	0.03264	0.02077	0.06231	0.67512	0.01335	0.02225	0.00890	0.00445	0.00742
2	0.03158	0.02327	0.02493	0.01911	0.02576	0.02576	0.01579	0.62852	0.03906	0.05236	0.01995	0.01995	0.01413	0.00997	0.00831	0.00249	0.00914	0.00748	0.00831	0.01413
3	0.03103	0.03959	0.02354	0.02140	0.02568	0.67469	0.01605	0.03317	0.02354	0.02033	0.01284	0.01498	0.01070	0.00856	0.00749	0.00214	0.01498	0.00535	0.00428	0.00963
4	0.02549	0.01586	0.01840	0.01552	0.02053	0.01668	0.01234	0.09572	0.30268	0.22807	0.12328	0.03367	0.03062	0.01168	0.00861	0.00268	0.00658	0.00972	0.00910	0.01276
5	0.03037	0.02255	0.02428	0.01854	0.02525	0.02452	0.01529	0.57726	0.03722	0.05022	0.01951	0.01972	0.01397	0.00965	0.00813	0.00239	0.00889	0.00726	0.00802	0.07695
6	0.02302	0.01777	0.01868	0.01647	0.02126	0.04631	0.01288	0.04176	0.49715	0.12306	0.06331	0.03147	0.02668	0.01130	0.00847	0.00274	0.00687	0.00935	0.00857	0.01288
7	0.03108	0.03822	0.02366	0.02121	0.02569	0.61995	0.01603	0.08340	0.02485	0.02303	0.01344	0.01540	0.01099	0.00868	0.00756	0.00217	0.01449	0.00553	0.00462	0.01001
8	0.01393	0.00900	0.01028	0.01004	0.01287	0.00772	0.00749	0.01606	0.01899	0.11648	0.06823	0.20776	0.42957	0.02054	0.00977	0.00289	0.00476	0.01750	0.00809	0.00801
9	0.01106	0.00811	0.01059	0.01223	0.01348	0.00764	0.00922	0.01332	0.01732	0.02249	0.05090	0.42721	0.14096	0.02436	0.01075	0.00343	0.00558	0.19659	0.00769	0.00706
10	0.43025	0.01749	0.01626	0.01356	0.01880	0.01963	0.01109	0.22221	0.02352	0.04174	0.09443	0.02169	0.01937	0.00962	0.00677	0.00255	0.00701	0.00680	0.00669	0.01054
11	0.16808	0.02970	0.02190	0.01868	0.02392	0.33334	0.01465	0.23274	0.02704	0.03431	0.01500	0.01638	0.01154	0.00888	0.00733	0.00234	0.01142	0.00591	0.00580	0.01103
12	0.03138	0.02924	0.02442	0.01995	0.02573	0.26307	0.01589	0.41081	0.03338	0.04065	0.01735	0.01813	0.01287	0.00946	0.00801	0.00236	0.01128	0.00670	0.00684	0.01248
13	0.03113	0.03656	0.02380	0.02098	0.02570	0.55404	0.01600	0.14387	0.02643	0.02629	0.01416	0.01590	0.01134	0.00882	0.00764	0.00221	0.01390	0.00575	0.00503	0.01047
14	0.01199	0.00840	0.01080	0.01080	0.01140	0.00900	0.00720	0.01320	0.01260	0.01739	0.02459	0.04556	0.02638	0.44646	0.29864	0.01020	0.01381	0.01079	0.00480	0.00600
15	0.01187	0.00890	0.01335	0.01335	0.01483	0.01038	0.01038	0.01483	0.01335	0.01928	0.02225	0.03264	0.02077	0.06231	0.67512	0.01335	0.02225	0.00890	0.00445	0.00742
16	0.01694	0.01563	0.02566	0.59914	0.10587	0.01895	0.02289	0.05374	0.01799	0.02337	0.01511	0.02190	0.01141	0.00832	0.00830	0.00273	0.01087	0.00739	0.00397	0.00982
17	0.72340	0.01649	0.01296	0.01141	0.01664	0.01906	0.00940	0.06002	0.01561	0.03816	0.01206	0.01388	0.00930	0.00784	0.00533	0.00257	0.00659	0.00467	0.00533	0.00930
18	0.03018	0.02249	0.02417	0.01858	0.02519	0.02461	0.01530	0.56380	0.06486	0.04997	0.02024	0.02027	0.01452	0.00979	0.00818	0.00243	0.00884	0.00740	0.00810	0.06107
19	0.01569	0.01477	0.02492	0.68808	0.05722	0.01846	0.02307	0.02123	0.01661	0.02123	0.01477	0.02215	0.01107	0.00831	0.00831	0.00277	0.01107	0.00738	0.00369	0.00923
20	0.03188	0.03613	0.02296	0.02050	0.02507	0.58457	0.01553	0.03417	0.02357	0.10762	0.01555	0.01679	0.01204	0.00879	0.00761	0.00220	0.01390	0.00576	0.00510	0.01024
21	0.01360	0.01145	0.01668	0.01568	0.01675	0.01452	0.01253	0.01625	0.01318	0.01948	0.01913	0.02866	0.01806	0.04918	0.49706	0.01068	0.20656	0.00845	0.00423	0.00788
22	0.02221	0.71304	0.04353	0.01421	0.02132	0.03287	0.01421	0.02488	0.01688	0.01955	0.01155	0.01333	0.01066	0.00711	0.00533	0.00178	0.00888	0.00444	0.00355	0.01066
23	0.01187	0.00890	0.01335	0.01335	0.01483	0.01038	0.01038	0.01483	0.01335	0.01928	0.02225	0.03264	0.02077	0.06231	0.67512	0.01335	0.02225	0.00890	0.00445	0.00742
24	0.02056	0.01974	0.03372	0.05099	0.65622	0.01974	0.02550	0.02550	0.01892	0.02714	0.01563	0.02056	0.01316	0.00740	0.00822	0.00247	0.00987	0.00740	0.00411	0.01316
25	0.01332	0.00948	0.01315	0.01496	0.01677	0.00948	0.01293	0.01693	0.01874	0.02439	0.04302	0.09157	0.04685	0.06019	0.01315	0.00405	0.00767	0.56833	0.00751	0.00751

[dist]
# distance from previous block
# <min> <max>
0	2

[block]
# block no. 10 follows, 22 sequences, length 25
# corresponding to MSA columns:
# 182-206
name=unknown_K
#
# <colnr> <probs for GDERKNQSTAVLIFYWHMCP>
#	G	D	E	R	K	N	Q	S	T	A	V	L	I	F	Y	W	H	M	C	P
0	0.02221	0.71304	0.04353	0.01421	0.02132	0.03287	0.01421	0.02488	0.01688	0.01955	0.01155	0.01333	0.01066	0.00711	0.00533	0.00178	0.00888	0.00444	0.00355	0.01066
1	0.01677	0.01535	0.02492	0.64246	0.05507	0.01896	0.02257	0.06264	0.01814	0.02335	0.01512	0.02200	0.01128	0.00842	0.00831	0.00275	0.01094	0.00739	0.00401	0.00956
2	0.01569	0.01477	0.02492	0.68808	0.05722	0.01846	0.02307	0.02123	0.01661	0.02123	0.01477	0.02215	0.01107	0.00831	0.00831	0.00277	0.01107	0.00738	0.00369	0.00923
3	0.03103	0.03959	0.02354	0.02140	0.02568	0.67469	0.01605	0.03317	0.02354	0.02033	0.01284	0.01498	0.01070	0.00856	0.00749	0.00214	0.01498	0.00535	0.00428	0.00963
4	0.01187	0.00890	0.01335	0.01335	0.01483	0.01038	0.01038	0.01483	0.01335	0.01928	0.02225	0.03264	0.02077	0.06231	0.67512	0.01335	0.02225	0.00890	0.00445	0.00742
5	0.03103	0.03959	0.02354	0.02140	0.02568	0.67469	0.01605	0.03317	0.02354	0.02033	0.01284	0.01498	0.01070	0.00856	0.00749	0.00214	0.01498	0.00535	0.00428	0.00963
6	0.02894	0.02197	0.02302	0.01765	0.02431	0.05676	0.01443	0.44482	0.03307	0.07612	0.01917	0.01955	0.01390	0.00914	0.00783	0.00222	0.00875	0.00689	0.00751	0.16396
7	0.03172	0.02072	0.02371	0.06380	0.02693	0.02235	0.01552	0.46055	0.03424	0.18144	0.02235	0.02189	0.01530	0.00993	0.00832	0.00253	0.00883	0.00766	0.00842	0.01380
8	0.01187	0.00890	0.01335	0.01335	0.01483	0.01038	0.01038	0.01483	0.01335	0.01928	0.02225	0.03264	0.02077	0.06231	0.67512	0.01335	0.02225	0.00890	0.00445	0.00742
9	0.03109	0.03796	0.02368	0.02117	0.02569	0.60972	0.01603	0.09278	0.02510	0.02354	0.01355	0.01548	0.01104	0.00870	0.00757	0.00218	0.01440	0.00556	0.00468	0.01008
10	0.01187	0.00890	0.01335	0.01335	0.01483	0.01038	0.01038	0.01483	0.01335	0.01928	0.02225	0.03264	0.02077	0.06231	0.67512	0.01335	0.02225	0.00890	0.00445	0.00742
11	0.03107	0.03837	0.02365	0.02123	0.02569	0.62622	0.01603	0.07764	0.02470	0.02272	0.01337	0.01535	0.01096	0.00867	0.00755	0.00217	0.01455	0.00551	0.00458	0.00997
12	0.02019	0.01936	0.03305	0.09971	0.61041	0.01964	0.02531	0.02517	0.01874	0.02669	0.01556	0.02068	0.01300	0.00747	0.00823	0.00249	0.00996	0.00740	0.00408	0.01286
13	0.01196	0.00807	0.00903	0.00903	0.00917	0.00800	0.00510	0.01207	0.01243	0.01643	0.02915	0.05568	0.06212	0.67283	0.04062	0.00778	0.00786	0.01236	0.00517	0.00514
14	0.02221	0.71304	0.04353	0.01421	0.02132	0.03287	0.01421	0.02488	0.01688	0.01955	0.01155	0.01333	0.01066	0.00711	0.00533	0.00178	0.00888	0.00444	0.00355	0.01066
15	0.01387	0.01179	0.01585	0.01461	0.01533	0.01457	0.01122	0.01558	0.01336	0.01900	0.02561	0.03817	0.08317	0.21231	0.22033	0.00758	0.24560	0.01005	0.00465	0.00732
16	0.05885	0.01534	0.02508	0.58582	0.11485	0.01860	0.02251	0.02183	0.01670	0.02273	0.01467	0.02150	0.01116	0.00818	0.00812	0.00273	0.01069	0.00722	0.00382	0.00961
17	0.01661	0.03944	0.58074	0.02379	0.03519	0.01877	0.07493	0.02573	0.01804	0.02673	0.05124	0.02044	0.01454	0.00834	0.00815	0.00264	0.01193	0.00692	0.00388	0.01194
18	0.01910	0.01825	0.03108	0.24174	0.47688	0.01935	0.02477	0.02422	0.01823	0.02537	0.01537	0.02104	0.01253	0.00767	0.00825	0.00256	0.01023	0.00740	0.00399	0.01198
19	0.01246	0.00944	0.01194	0.01313	0.01535	0.00912	0.01098	0.01645	0.04432	0.02436	0.05563	0.11758	0.22750	0.02206	0.01081	0.00346	0.00644	0.37363	0.00770	0.00764
20	0.01229	0.00870	0.01068	0.01057	0.01084	0.00932	0.00675	0.01295	0.01249	0.01706	0.02551	0.07569	0.02861	0.53354	0.14714	0.00852	0.04687	0.01177	0.00497	0.00572
21	0.03103	0.03959	0.02354	0.02140	0.02568	0.67469	0.01605	0.03317	0.02354	0.02033	0.01284	0.01498	0.01070	0.00856	0.00749	0.00214	0.01498	0.00535	0.00428	0.00963
22	0.01951	0.38638	0.34650	0.01883	0.02846	0.02625	0.02225	0.02557	0.01720	0.02284	0.01319	0.01538	0.01059	0.00749	0.00658	0.00219	0.01054	0.00527	0.00353	0.01145
23	0.01215	0.00934	0.01422	0.06375	0.01800	0.01099	0.01133	0.01531	0.01359	0.01943	0.02169	0.03185	0.02004	0.05827	0.62531	0.01256	0.02142	0.00879	0.00439	0.00755
24	0.03112	0.03695	0.02377	0.02103	0.02570	0.56966	0.01601	0.12953	0.02605	0.02551	0.01399	0.01578	0.01126	0.00879	0.00762	0.00220	0.01404	0.00570	0.00493	0.01036

[dist]
# distance from previous block
# <min> <max>
0	3

[block]
# block no. 11 follows, 22 sequences, length 10
# corresponding to MSA columns:
# 210-219
name=unknown_L
#
# <colnr> <probs for GDERKNQSTAVLIFYWHMCP>
#	G	D	E	R	K	N	Q	S	T	A	V	L	I	F	Y	W	H	M	C	P
0	0.23089	0.02248	0.02035	0.01654	0.02223	0.10340	0.01343	0.35667	0.02916	0.04310	0.01717	0.01818	0.01270	0.00917	0.00721	0.00244	0.00884	0.00642	0.04781	0.01182
1	0.01936	0.01816	0.03064	0.08647	0.53936	0.01839	0.02384	0.02420	0.01880	0.02649	0.01909	0.02974	0.01733	0.00939	0.00863	0.00265	0.00967	0.08101	0.00453	0.01223
2	0.01246	0.00977	0.01449	0.01415	0.01549	0.01180	0.01112	0.01532	0.01329	0.01935	0.02119	0.03128	0.01984	0.05782	0.61423	0.01244	0.08528	0.00875	0.00437	0.00757
3	0.07093	0.43232	0.25778	0.01729	0.02606	0.02718	0.01960	0.02534	0.01692	0.02311	0.01272	0.01480	0.01050	0.00742	0.00621	0.00213	0.00990	0.00504	0.00365	0.01111
4	0.02959	0.02900	0.02403	0.02137	0.06197	0.29064	0.01598	0.31735	0.03048	0.03621	0.02007	0.02102	0.04538	0.00981	0.00805	0.00236	0.01133	0.00712	0.00638	0.01186
5	0.10888	0.01323	0.01555	0.01699	0.06905	0.01408	0.01264	0.02514	0.18467	0.02885	0.04128	0.05890	0.12954	0.01638	0.00936	0.00313	0.00685	0.22859	0.00728	0.00963
6	0.02056	0.01974	0.03372	0.05099	0.65622	0.01974	0.02550	0.02550	0.01892	0.02714	0.01563	0.02056	0.01316	0.00740	0.00822	0.00247	0.00987	0.00740	0.00411	0.01316
7	0.01569	0.01477	0.02492	0.68808	0.05722	0.01846	0.02307	0.02123	0.01661	0.02123	0.01477	0.02215	0.01107	0.00831	0.00831	0.00277	0.01107	0.00738	0.00369	0.00923
8	0.01822	0.23115	0.49047	0.02102	0.03185	0.02311	0.02607	0.02591	0.01735	0.02441	0.01397	0.01636	0.01056	0.00767	0.00717	0.00239	0.01132	0.00566	0.00352	0.01182
9	0.03092	0.02954	0.02222	0.01919	0.02425	0.37321	0.01486	0.11004	0.11015	0.15345	0.02055	0.02043	0.01509	0.00945	0.00790	0.00236	0.01154	0.00676	0.00654	0.01156

[dist]
# distance from previous block
# <min> <max>
0	8

[block]
# block no. 12 follows, 22 sequences, length 35
# corresponding to MSA columns:
# 228-262
name=unknown_M
#
# <colnr> <probs for GDERKNQSTAVLIFYWHMCP>
#	G	D	E	R	K	N	Q	S	T	A	V	L	I	F	Y	W	H	M	C	P
0	0.01825	0.01726	0.01673	0.01560	0.01793	0.16016	0.01213	0.05599	0.01753	0.02284	0.01957	0.02650	0.01733	0.03715	0.35515	0.00808	0.07674	0.00775	0.08880	0.00849
1	0.22444	0.16974	0.36069	0.01827	0.02754	0.02183	0.02142	0.02550	0.01647	0.02798	0.01332	0.01558	0.01013	0.00769	0.00662	0.00244	0.00999	0.00535	0.00397	0.01105
2	0.01806	0.21218	0.50807	0.02129	0.03226	0.02272	0.02653	0.02595	0.01737	0.02460	0.01406	0.01648	0.01056	0.00769	0.00725	0.00242	0.01142	0.00571	0.00352	0.01187
3	0.03170	0.02773	0.02423	0.01959	0.02551	0.22031	0.01569	0.42014	0.03363	0.07307	0.01845	0.01887	0.01342	0.00956	0.00807	0.00239	0.01080	0.00688	0.00720	0.01278
4	0.02407	0.01853	0.02219	0.06040	0.10539	0.02007	0.01540	0.27952	0.14749	0.06719	0.06782	0.03100	0.08113	0.01130	0.00856	0.00261	0.00797	0.00930	0.00761	0.01246
5	0.02781	0.03157	0.02689	0.03042	0.22333	0.39784	0.01898	0.09643	0.02380	0.02600	0.01450	0.01728	0.01185	0.00835	0.00781	0.00228	0.01273	0.00623	0.00467	0.01123
6	0.02264	0.01722	0.01597	0.01404	0.01791	0.15412	0.01084	0.02697	0.06147	0.18702	0.24384	0.04382	0.12237	0.01366	0.00885	0.00254	0.00731	0.01124	0.00814	0.01003
7	0.30703	0.01615	0.01659	0.01385	0.01929	0.01713	0.01119	0.10358	0.10966	0.19433	0.02316	0.05884	0.01758	0.01008	0.00716	0.00257	0.00684	0.00761	0.00742	0.04995
8	0.01667	0.01577	0.02670	0.55927	0.17833	0.01872	0.02356	0.02209	0.01708	0.02242	0.01494	0.02183	0.01150	0.00812	0.00829	0.00271	0.01083	0.00739	0.00378	0.01002
9	0.02056	0.01974	0.03372	0.05099	0.65622	0.01974	0.02550	0.02550	0.01892	0.02714	0.01563	0.02056	0.01316	0.00740	0.00822	0.00247	0.00987	0.00740	0.00411	0.01316
10	0.01691	0.01631	0.02301	0.02011	0.02041	0.02242	0.01661	0.01896	0.01285	0.01985	0.01319	0.02108	0.01289	0.02414	0.15753	0.00559	0.55800	0.00760	0.00380	0.00875
11	0.01917	0.15577	0.36122	0.02728	0.15678	0.05154	0.02533	0.02583	0.01768	0.02463	0.01413	0.01732	0.01111	0.00808	0.00863	0.00248	0.05136	0.00612	0.00368	0.01186
12	0.03281	0.02129	0.02371	0.01818	0.02478	0.02283	0.01501	0.50111	0.03575	0.18445	0.02272	0.02175	0.01552	0.01004	0.00832	0.00251	0.00869	0.00767	0.00874	0.01413
13	0.01176	0.00849	0.01110	0.01045	0.01241	0.00784	0.00784	0.01568	0.02352	0.03331	0.65184	0.06206	0.07839	0.01698	0.00980	0.00261	0.00392	0.01502	0.00914	0.00784
14	0.02066	0.01785	0.01878	0.01691	0.02160	0.02066	0.01315	0.04414	0.64121	0.03475	0.03381	0.03099	0.02536	0.01127	0.00845	0.00282	0.00657	0.00939	0.00845	0.01315
15	0.00982	0.00842	0.00842	0.00842	0.01122	0.00701	0.00631	0.01192	0.01894	0.02244	0.08416	0.07995	0.65285	0.02104	0.00982	0.00281	0.00421	0.01753	0.00771	0.00701
16	0.02221	0.71304	0.04353	0.01421	0.02132	0.03287	0.01421	0.02488	0.01688	0.01955	0.01155	0.01333	0.01066	0.00711	0.00533	0.00178	0.00888	0.00444	0.00355	0.01066
17	0.01187	0.00890	0.01335	0.01335	0.01483	0.01038	0.01038	0.01483	0.01335	0.01928	0.02225	0.03264	0.02077	0.06231	0.67512	0.01335	0.02225	0.00890	0.00445	0.00742
18	0.02221	0.71304	0.04353	0.01421	0.02132	0.03287	0.01421	0.02488	0.01688	0.01955	0.01155	0.01333	0.01066	0.00711	0.00533	0.00178	0.00888	0.00444	0.00355	0.01066
19	0.01030	0.00736	0.00985	0.01177	0.01234	0.00690	0.00803	0.01188	0.01608	0.02141	0.04569	0.66891	0.05455	0.02586	0.01065	0.00340	0.00498	0.05554	0.00771	0.00680
20	0.01187	0.00890	0.01335	0.01335	0.01483	0.01038	0.01038	0.01483	0.01335	0.01928	0.02225	0.03264	0.02077	0.06231	0.67512	0.01335	0.02225	0.00890	0.00445	0.00742
21	0.01569	0.01477	0.02492	0.68808	0.05722	0.01846	0.02307	0.02123	0.01661	0.02123	0.01477	0.02215	0.01107	0.00831	0.00831	0.00277	0.01107	0.00738	0.00369	0.00923
22	0.01854	0.01768	0.03008	0.31476	0.40822	0.01921	0.02449	0.02373	0.01796	0.02469	0.01527	0.02122	0.01230	0.00778	0.00826	0.00259	0.01037	0.00739	0.00394	0.01153
23	0.01961	0.02241	0.04902	0.03501	0.04342	0.02101	0.62605	0.02661	0.01961	0.02661	0.01681	0.02241	0.01261	0.00700	0.00980	0.00280	0.01401	0.00980	0.00420	0.01120
24	0.01961	0.02241	0.04902	0.03501	0.04342	0.02101	0.62605	0.02661	0.01961	0.02661	0.01681	0.02241	0.01261	0.00700	0.00980	0.00280	0.01401	0.00980	0.00420	0.01120
25	0.01666	0.04297	0.66500	0.02368	0.03596	0.01929	0.03069	0.02631	0.01754	0.02631	0.01491	0.01754	0.01052	0.00789	0.00789	0.00263	0.01228	0.00614	0.00351	0.01228
26	0.02056	0.01974	0.03372	0.05099	0.65622	0.01974	0.02550	0.02550	0.01892	0.02714	0.01563	0.02056	0.01316	0.00740	0.00822	0.00247	0.00987	0.00740	0.00411	0.01316
27	0.02056	0.01974	0.03372	0.05099	0.65622	0.01974	0.02550	0.02550	0.01892	0.02714	0.01563	0.02056	0.01316	0.00740	0.00822	0.00247	0.00987	0.00740	0.00411	0.01316
28	0.01012	0.00723	0.00964	0.01157	0.01205	0.00675	0.00771	0.01157	0.01591	0.02121	0.04579	0.70262	0.05495	0.02603	0.01060	0.00337	0.00482	0.02362	0.00771	0.00675
29	0.02329	0.02715	0.01808	0.01650	0.02039	0.38951	0.01246	0.06248	0.02282	0.02310	0.03943	0.03911	0.24631	0.01322	0.00839	0.00241	0.01067	0.00995	0.00579	0.00895
30	0.02693	0.01979	0.02162	0.01748	0.02279	0.02164	0.01404	0.49484	0.03404	0.04561	0.02554	0.16786	0.02297	0.01345	0.00881	0.00268	0.00821	0.01098	0.00818	0.01253
31	0.03020	0.03354	0.02485	0.02357	0.08446	0.44672	0.01686	0.18561	0.02710	0.02920	0.01493	0.01678	0.01181	0.00882	0.00777	0.00226	0.01300	0.00609	0.00530	0.01112
32	0.02056	0.01974	0.03372	0.05099	0.65622	0.01974	0.02550	0.02550	0.01892	0.02714	0.01563	0.02056	0.01316	0.00740	0.00822	0.00247	0.00987	0.00740	0.00411	0.01316
33	0.02754	0.02714	0.02159	0.01828	0.02333	0.27661	0.01433	0.27330	0.06009	0.03443	0.02755	0.02761	0.10970	0.01115	0.00822	0.00242	0.01055	0.00826	0.00665	0.01125
34	0.01812	0.01075	0.01343	0.01248	0.01556	0.01009	0.00969	0.07318	0.02210	0.15616	0.18761	0.19642	0.14657	0.01823	0.00972	0.00291	0.00562	0.07346	0.00861	0.00927

[dist]
# distance from previous block
# <min> <max>
4	8

[block]
# block no. 13 follows, 22 sequences, length 8
# corresponding to MSA columns:
# 271-278
name=unknown_N
#
# <colnr> <probs for GDERKNQSTAVLIFYWHMCP>
#	G	D	E	R	K	N	Q	S	T	A	V	L	I	F	Y	W	H	M	C	P
0	0.02182	0.01767	0.02636	0.03481	0.36173	0.01818	0.01969	0.03123	0.17960	0.10102	0.02487	0.03088	0.02034	0.01016	0.00860	0.00269	0.00850	0.06282	0.00626	0.01276
1	0.02289	0.02415	0.03146	0.04442	0.51619	0.16520	0.02340	0.02720	0.01994	0.02563	0.01501	0.01932	0.01261	0.00766	0.00806	0.00239	0.01100	0.00695	0.00415	0.01238
2	0.02056	0.01974	0.03372	0.05099	0.65622	0.01974	0.02550	0.02550	0.01892	0.02714	0.01563	0.02056	0.01316	0.00740	0.00822	0.00247	0.00987	0.00740	0.00411	0.01316
3	0.03103	0.03959	0.02354	0.02140	0.02568	0.67469	0.01605	0.03317	0.02354	0.02033	0.01284	0.01498	0.01070	0.00856	0.00749	0.00214	0.01498	0.00535	0.00428	0.00963
4	0.02162	0.03215	0.38715	0.02068	0.03010	0.01922	0.02325	0.08751	0.14790	0.11564	0.02163	0.02195	0.01524	0.00910	0.00811	0.00265	0.01012	0.00722	0.00587	0.01288
5	0.01416	0.04309	0.08692	0.01319	0.01687	0.01181	0.01153	0.08490	0.02077	0.02745	0.12967	0.23393	0.19836	0.01867	0.00957	0.00291	0.00623	0.05401	0.00732	0.00865
6	0.02583	0.03171	0.02084	0.01897	0.02258	0.48864	0.01439	0.02793	0.02168	0.02070	0.02624	0.02764	0.13292	0.01148	0.00973	0.00240	0.07452	0.00784	0.00488	0.00908
7	0.11337	0.03274	0.08564	0.01980	0.02562	0.35638	0.01662	0.19609	0.02617	0.03170	0.01486	0.01644	0.01144	0.00879	0.00749	0.00233	0.01213	0.00592	0.00542	0.01106

[dist]
# distance from previous block
# <min> <max>
9	23

[block]
# block no. 14 follows, 22 sequences, length 59
# corresponding to MSA columns:
# 302-360
name=unknown_O
#
# <colnr> <probs for GDERKNQSTAVLIFYWHMCP>
#	G	D	E	R	K	N	Q	S	T	A	V	L	I	F	Y	W	H	M	C	P
