[name]
unknown

[dist]
# distance from previous block
# <min> <max>
0	0

[block]
# block no. 0 follows, 23 sequences, length 21
# corresponding to MSA columns:
# 0-20
name=unknown_A
#
# <colnr> <probs for GDERKNQSTAVLIFYWHMCP>
#	G	D	E	R	K	N	Q	S	T	A	V	L	I	F	Y	W	H	M	C	P
0	0.01308	0.00934	0.01308	0.01494	0.01681	0.00934	0.01308	0.01681	0.01868	0.02428	0.04296	0.09153	0.04670	0.02242	0.01121	0.00374	0.00747	0.60960	0.00747	0.00747
1	0.03064	0.02879	0.02384	0.01952	0.02513	0.27511	0.01552	0.40712	0.03239	0.03924	0.01684	0.01764	0.01253	0.00922	0.00781	0.00230	0.01110	0.00651	0.00662	0.01213
2	0.01627	0.04197	0.67279	0.02313	0.03512	0.01884	0.02998	0.02570	0.01713	0.02570	0.01456	0.01713	0.01028	0.00771	0.00771	0.00257	0.01199	0.00600	0.00343	0.01199
3	0.00989	0.00706	0.00942	0.01130	0.01177	0.00659	0.00753	0.01130	0.01554	0.02071	0.04472	0.70954	0.05367	0.02542	0.01036	0.00330	0.00471	0.02307	0.00753	0.00659
4	0.00989	0.00706	0.00942	0.01130	0.01177	0.00659	0.00753	0.01130	0.01554	0.02071	0.04472	0.70954	0.05367	0.02542	0.01036	0.00330	0.00471	0.02307	0.00753	0.00659
5	0.00959	0.00822	0.00822	0.00822	0.01096	0.00685	0.00617	0.01165	0.01850	0.02192	0.08220	0.07809	0.66092	0.02055	0.00959	0.00274	0.00411	0.01713	0.00754	0.00685
6	0.01532	0.01442	0.02434	0.69533	0.05589	0.01803	0.02253	0.02073	0.01622	0.02073	0.01442	0.02163	0.01082	0.00811	0.00811	0.00270	0.01082	0.00721	0.00361	0.00901
7	0.02705	0.01985	0.02162	0.01707	0.02239	0.02192	0.01377	0.51320	0.03302	0.04436	0.02037	0.02440	0.01616	0.09573	0.06769	0.00394	0.00986	0.00794	0.00743	0.01223
8	0.02008	0.01928	0.03294	0.04981	0.66422	0.01928	0.02490	0.02490	0.01848	0.02651	0.01526	0.02008	0.01285	0.00723	0.00803	0.00241	0.00964	0.00723	0.00402	0.01285
9	0.03085	0.02273	0.02435	0.01867	0.02516	0.02516	0.01542	0.63716	0.03815	0.05114	0.01948	0.01948	0.01380	0.00974	0.00812	0.00244	0.00893	0.00731	0.00812	0.01380
10	0.77215	0.01569	0.01193	0.01067	0.01569	0.01820	0.00879	0.02385	0.01381	0.03641	0.01130	0.01318	0.00879	0.00753	0.00502	0.00251	0.00628	0.00439	0.00502	0.00879
11	0.01005	0.00824	0.00885	0.00870	0.01124	0.00704	0.00652	0.01253	0.01957	0.02448	0.22154	0.07387	0.51998	0.01959	0.00959	0.00269	0.00404	0.01653	0.00787	0.00704
12	0.01975	0.01894	0.03234	0.09462	0.62199	0.01919	0.02474	0.02461	0.01832	0.02611	0.01520	0.02019	0.01271	0.00729	0.00804	0.00243	0.00972	0.00723	0.00399	0.01259
13	0.01005	0.00719	0.00956	0.01119	0.01180	0.00670	0.00754	0.01170	0.01628	0.02190	0.10639	0.64449	0.05596	0.02454	0.01028	0.00322	0.00462	0.02223	0.00767	0.00670
14	0.01159	0.00869	0.01304	0.01304	0.01449	0.01014	0.01014	0.01449	0.01304	0.01884	0.02173	0.03188	0.02029	0.06086	0.68268	0.01304	0.02173	0.00869	0.00435	0.00724
15	0.01920	0.02418	0.18272	0.03302	0.31250	0.01946	0.02238	0.03076	0.21440	0.02863	0.02062	0.02254	0.01594	0.00852	0.00802	0.00255	0.00921	0.00754	0.00519	0.01264
16	0.01180	0.00787	0.00885	0.00885	0.00885	0.00787	0.00492	0.01180	0.01180	0.01573	0.02557	0.05310	0.02950	0.71483	0.04130	0.00787	0.00787	0.01180	0.00492	0.00492
17	0.01763	0.06601	0.45716	0.02881	0.18550	0.01962	0.02717	0.02631	0.04905	0.02601	0.01551	0.01831	0.01163	0.00772	0.00770	0.00250	0.01100	0.00638	0.00381	0.01217
18	0.01885	0.01802	0.03070	0.21734	0.50633	0.01895	0.02429	0.02382	0.01789	0.02501	0.01504	0.02049	0.01232	0.00746	0.00805	0.00249	0.00995	0.00722	0.00391	0.01186
19	0.02317	0.02727	0.02054	0.08820	0.06933	0.40669	0.01504	0.02562	0.02020	0.02061	0.02068	0.18332	0.02108	0.01237	0.00818	0.00246	0.01151	0.00987	0.00492	0.00893
20	0.01671	0.07575	0.60663	0.02325	0.03478	0.01962	0.06181	0.02564	0.01721	0.02537	0.01449	0.01718	0.01040	0.00762	0.00768	0.00254	0.01191	0.00610	0.00347	0.01185

[dist]
# distance from previous block
# <min> <max>
0	1

[block]
# block no. 1 follows, 23 sequences, length 44
# corresponding to MSA columns:
# 22-65
name=unknown_B
#
# <colnr> <probs for GDERKNQSTAVLIFYWHMCP>
#	G	D	E	R	K	N	Q	S	T	A	V	L	I	F	Y	W	H	M	C	P
0	0.02981	0.03772	0.02348	0.02233	0.05656	0.64961	0.01613	0.03203	0.02277	0.02019	0.01268	0.01490	0.01057	0.00831	0.00735	0.00211	0.01439	0.00532	0.00417	0.00958
1	0.01692	0.02211	0.18404	0.03447	0.36210	0.01634	0.02220	0.02222	0.01788	0.02563	0.05490	0.14124	0.02274	0.01101	0.00844	0.00261	0.00905	0.01008	0.00475	0.01128
2	0.01159	0.00869	0.01304	0.01304	0.01449	0.01014	0.01014	0.01449	0.01304	0.01884	0.02173	0.03188	0.02029	0.06086	0.68268	0.01304	0.02173	0.00869	0.00435	0.00724
3	0.02333	0.19908	0.17464	0.01822	0.02534	0.12054	0.01772	0.11332	0.14715	0.05720	0.01859	0.01916	0.01415	0.00866	0.00722	0.00231	0.00981	0.00638	0.00544	0.01172
4	0.21117	0.02019	0.02041	0.01612	0.02200	0.02252	0.01328	0.45400	0.03106	0.04641	0.01786	0.01852	0.01295	0.00919	0.00723	0.00242	0.00800	0.00661	0.04782	0.01224
5	0.02211	0.02530	0.07295	0.04067	0.44498	0.17010	0.05559	0.02672	0.01945	0.02492	0.01466	0.01875	0.01211	0.00750	0.00793	0.00236	0.01114	0.00682	0.00402	0.01191
6	0.01013	0.00824	0.00897	0.00879	0.01129	0.00708	0.00659	0.01269	0.01977	0.02495	0.24727	0.07310	0.49396	0.01942	0.00958	0.00269	0.00403	0.01642	0.00793	0.00708
7	0.01270	0.01092	0.01119	0.01066	0.01394	0.01076	0.00813	0.02089	0.20380	0.02545	0.06776	0.06405	0.47413	0.01775	0.00920	0.00274	0.00479	0.01479	0.00775	0.00861
8	0.01180	0.00787	0.00885	0.00885	0.00885	0.00787	0.00492	0.01180	0.01180	0.01573	0.02557	0.05310	0.02950	0.71483	0.04130	0.00787	0.00787	0.01180	0.00492	0.00492
9	0.01627	0.04197	0.67279	0.02313	0.03512	0.01884	0.02998	0.02570	0.01713	0.02570	0.01456	0.01713	0.01028	0.00771	0.00771	0.00257	0.01199	0.00600	0.00343	0.01199
10	0.01159	0.00869	0.01304	0.01304	0.01449	0.01014	0.01014	0.01449	0.01304	0.01884	0.02173	0.03188	0.02029	0.06086	0.68268	0.01304	0.02173	0.00869	0.00435	0.00724
11	0.02117	0.57719	0.14647	0.01573	0.02339	0.05837	0.01664	0.02488	0.01688	0.02022	0.01188	0.01377	0.01039	0.00713	0.00572	0.00189	0.00949	0.00465	0.00349	0.01063
12	0.77215	0.01569	0.01193	0.01067	0.01569	0.01820	0.00879	0.02385	0.01381	0.03641	0.01130	0.01318	0.00879	0.00753	0.00502	0.00251	0.00628	0.00439	0.00502	0.00879
13	0.01415	0.00788	0.00908	0.00908	0.01085	0.00828	0.00691	0.01768	0.01591	0.02709	0.02516	0.03070	0.02066	0.02370	0.19332	0.00498	0.00876	0.00788	0.55046	0.00747
14	0.00959	0.00822	0.00822	0.00822	0.01096	0.00685	0.00617	0.01165	0.01850	0.02192	0.08220	0.07809	0.66092	0.02055	0.00959	0.00274	0.00411	0.01713	0.00754	0.00685
15	0.01771	0.01760	0.02449	0.02088	0.02121	0.02421	0.01738	0.01957	0.01263	0.01984	0.01082	0.01771	0.01071	0.01383	0.02569	0.00344	0.66841	0.00700	0.00361	0.04325
16	0.02169	0.71972	0.04252	0.01388	0.02083	0.03211	0.01388	0.02430	0.01649	0.01909	0.01128	0.01302	0.01041	0.00694	0.00521	0.00174	0.00868	0.00434	0.00347	0.01041
17	0.02950	0.01228	0.01662	0.01326	0.01833	0.01074	0.01074	0.03283	0.02315	0.49319	0.20606	0.03676	0.03574	0.01186	0.00855	0.00252	0.00605	0.00997	0.00974	0.01210
18	0.00960	0.00817	0.00827	0.00836	0.01100	0.00684	0.00623	0.01163	0.01836	0.02187	0.08051	0.10649	0.63361	0.02077	0.00962	0.00276	0.00414	0.01739	0.00753	0.00684
19	0.01409	0.00705	0.01057	0.01057	0.01057	0.00705	0.00705	0.01057	0.01057	0.01409	0.01409	0.02467	0.01409	0.02819	0.03171	0.76392	0.00705	0.00705	0.00352	0.00352
20	0.03085	0.02273	0.02435	0.01867	0.02516	0.02516	0.01542	0.63716	0.03815	0.05114	0.01948	0.01948	0.01380	0.00974	0.00812	0.00244	0.00893	0.00731	0.00812	0.01380
21	0.01460	0.01389	0.09854	0.01325	0.01605	0.01234	0.01195	0.01856	0.01517	0.02467	0.02118	0.02719	0.01778	0.02530	0.21150	0.00556	0.11235	0.00763	0.32426	0.00824
22	0.02169	0.71972	0.04252	0.01388	0.02083	0.03211	0.01388	0.02430	0.01649	0.01909	0.01128	0.01302	0.01041	0.00694	0.00521	0.00174	0.00868	0.00434	0.00347	0.01041
23	0.77215	0.01569	0.01193	0.01067	0.01569	0.01820	0.00879	0.02385	0.01381	0.03641	0.01130	0.01318	0.00879	0.00753	0.00502	0.00251	0.00628	0.00439	0.00502	0.00879
24	0.02663	0.03254	0.06089	0.02926	0.20995	0.42588	0.01910	0.05700	0.02206	0.02349	0.01375	0.01656	0.01129	0.00806	0.00758	0.00222	0.01279	0.00594	0.00427	0.01074
25	0.03015	0.02238	0.02396	0.01853	0.02490	0.02484	0.01526	0.59865	0.07779	0.05002	0.02036	0.02018	0.01451	0.00982	0.00813	0.00246	0.00877	0.00743	0.00813	0.01374
26	0.01180	0.00787	0.00885	0.00885	0.00885	0.00787	0.00492	0.01180	0.01180	0.01573	0.02557	0.05310	0.02950	0.71483	0.04130	0.00787	0.00787	0.01180	0.00492	0.00492
27	0.00989	0.00706	0.00942	0.01130	0.01177	0.00659	0.00753	0.01130	0.01554	0.02071	0.04472	0.70954	0.05367	0.02542	0.01036	0.00330	0.00471	0.02307	0.00753	0.00659
28	0.00967	0.00791	0.00854	0.00905	0.01118	0.00678	0.00654	0.01155	0.01769	0.02159	0.07204	0.24935	0.49622	0.02187	0.00980	0.00289	0.00427	0.01874	0.00753	0.00678
29	0.01042	0.00728	0.00926	0.01062	0.01096	0.00694	0.00681	0.01144	0.01450	0.01933	0.03941	0.52759	0.04697	0.21651	0.01893	0.00456	0.00558	0.01994	0.00681	0.00613
30	0.01775	0.01775	0.02485	0.02130	0.02130	0.02485	0.01775	0.01953	0.01243	0.01953	0.01065	0.01775	0.01065	0.01420	0.02663	0.00355	0.69998	0.00710	0.00355	0.00888
31	0.03162	0.02148	0.02358	0.01808	0.02454	0.02331	0.01493	0.55342	0.03606	0.13784	0.02124	0.02062	0.01468	0.00978	0.00812	0.00245	0.00865	0.00743	0.00839	0.01380
32	0.01215	0.00988	0.01097	0.01052	0.01323	0.00954	0.00793	0.01857	0.13570	0.02743	0.25392	0.09487	0.32946	0.01779	0.00938	0.00271	0.00448	0.01518	0.00811	0.00819
33	0.01834	0.18511	0.49681	0.02103	0.03144	0.06521	0.02564	0.02584	0.01738	0.02392	0.01374	0.01610	0.01032	0.00759	0.00715	0.00236	0.01146	0.00559	0.00349	0.01149
34	0.77215	0.01569	0.01193	0.01067	0.01569	0.01820	0.00879	0.02385	0.01381	0.03641	0.01130	0.01318	0.00879	0.00753	0.00502	0.00251	0.00628	0.00439	0.00502	0.00879
35	0.01033	0.00740	0.00981	0.01100	0.01187	0.00689	0.00757	0.01241	0.01760	0.02399	0.21524	0.52967	0.06001	0.02297	0.01014	0.00309	0.00446	0.02074	0.00792	0.00689
36	0.00989	0.00706	0.00942	0.01130	0.01177	0.00659	0.00753	0.01130	0.01554	0.02071	0.04472	0.70954	0.05367	0.02542	0.01036	0.00330	0.00471	0.02307	0.00753	0.00659
37	0.00989	0.00706	0.00942	0.01130	0.01177	0.00659	0.00753	0.01130	0.01554	0.02071	0.04472	0.70954	0.05367	0.02542	0.01036	0.00330	0.00471	0.02307	0.00753	0.00659
38	0.01175	0.00860	0.00947	0.00905	0.01185	0.00735	0.00686	0.01425	0.01975	0.06671	0.20110	0.07108	0.49525	0.01902	0.00949	0.00269	0.00423	0.01602	0.00800	0.00748
39	0.02387	0.01780	0.01955	0.01639	0.02101	0.01947	0.01295	0.39853	0.09894	0.04082	0.02796	0.21193	0.02605	0.01423	0.00875	0.00271	0.00748	0.01188	0.00797	0.01170
40	0.02957	0.09745	0.02468	0.02030	0.02472	0.62614	0.01552	0.03170	0.02243	0.01979	0.01243	0.01449	0.01045	0.00824	0.00713	0.00206	0.01412	0.00515	0.00412	0.00949
41	0.01360	0.00938	0.01262	0.01225	0.01413	0.01058	0.00954	0.05631	0.01553	0.02337	0.02259	0.03072	0.01997	0.04663	0.49519	0.00999	0.01710	0.00836	0.16440	0.00774
42	0.05890	0.02711	0.22579	0.01891	0.02679	0.04498	0.01891	0.24763	0.07257	0.14779	0.02050	0.02050	0.01426	0.00910	0.00784	0.00250	0.00945	0.00698	0.00671	0.01278
43	0.02087	0.32203	0.20091	0.01860	0.04920	0.02535	0.01848	0.08951	0.13086	0.02694	0.01696	0.01806	0.01335	0.00815	0.00680	0.00223	0.00921	0.00603	0.00479	0.01169

[dist]
# distance from previous block
# <min> <max>
0	33

[block]
# block no. 2 follows, 23 sequences, length 112
# corresponding to MSA columns:
# 99-210
name=unknown_C
#
# <colnr> <probs for GDERKNQSTAVLIFYWHMCP>
#	G	D	E	R	K	N	Q	S	T	A	V	L	I	F	Y	W	H	M	C	P
0	0.02802	0.03264	0.02541	0.02731	0.17156	0.46498	0.01777	0.09081	0.02347	0.02449	0.01386	0.01636	0.01134	0.00824	0.00756	0.00220	0.01292	0.00589	0.00453	0.01063
1	0.01670	0.01202	0.01666	0.09368	0.14749	0.01139	0.01265	0.01986	0.01901	0.12879	0.05315	0.05203	0.35501	0.01480	0.00888	0.00263	0.00641	0.01259	0.00681	0.00942
2	0.01843	0.01793	0.03153	0.26001	0.40590	0.01899	0.08182	0.02364	0.01780	0.02457	0.01510	0.02076	0.01213	0.00748	0.00821	0.00254	0.01041	0.00745	0.00389	0.01141
3	0.01030	0.00825	0.00921	0.00897	0.01140	0.00715	0.00673	0.01303	0.02018	0.02592	0.29986	0.07151	0.44077	0.01906	0.00958	0.00267	0.00400	0.01620	0.00806	0.00715
4	0.02614	0.03576	0.17158	0.02076	0.02700	0.40024	0.01865	0.09097	0.08543	0.02565	0.01572	0.01723	0.01216	0.00861	0.00758	0.00230	0.01265	0.00600	0.00480	0.01077
5	0.01906	0.01864	0.03319	0.10999	0.48443	0.01888	0.10945	0.02413	0.01808	0.02548	0.01566	0.02107	0.01294	0.00991	0.04160	0.00301	0.01092	0.00763	0.00400	0.01193
6	0.00959	0.00822	0.00822	0.00822	0.01096	0.00685	0.00617	0.01165	0.01850	0.02192	0.08220	0.07809	0.66092	0.02055	0.00959	0.00274	0.00411	0.01713	0.00754	0.00685
7	0.02388	0.01703	0.02182	0.02372	0.16943	0.01808	0.01542	0.03809	0.36038	0.17796	0.02869	0.02731	0.02095	0.00992	0.00818	0.00262	0.00728	0.00849	0.00769	0.01307
8	0.01513	0.00756	0.00756	0.00756	0.00945	0.00756	0.00567	0.01891	0.01702	0.03025	0.02647	0.03025	0.02080	0.00945	0.00567	0.00189	0.00378	0.00756	0.75988	0.00756
9	0.01547	0.01463	0.02351	0.02033	0.04974	0.01483	0.17410	0.02213	0.11236	0.02501	0.03717	0.13465	0.14483	0.01476	0.01091	0.00291	0.06708	0.07196	0.00615	0.03746
10	0.08121	0.08494	0.08892	0.02258	0.10183	0.35298	0.01703	0.07528	0.02131	0.02463	0.01405	0.01754	0.01178	0.04216	0.00881	0.00249	0.01192	0.00589	0.00443	0.01024
11	0.01837	0.01753	0.02984	0.28220	0.44521	0.01883	0.02405	0.02340	0.01767	0.02443	0.01496	0.02064	0.01212	0.00755	0.00806	0.00252	0.01006	0.00722	0.00387	0.01147
12	0.01159	0.00869	0.01304	0.01304	0.01449	0.01014	0.01014	0.01449	0.01304	0.01884	0.02173	0.03188	0.02029	0.06086	0.68268	0.01304	0.02173	0.00869	0.00435	0.00724
13	0.02003	0.01959	0.03168	0.11281	0.57768	0.04618	0.02429	0.02479	0.01844	0.02566	0.01507	0.02001	0.01255	0.00736	0.00801	0.00243	0.00996	0.00715	0.00398	0.01233
14	0.01733	0.07230	0.52955	0.02292	0.03353	0.05465	0.07626	0.02559	0.01781	0.02536	0.04074	0.01895	0.01316	0.00800	0.00779	0.00252	0.01177	0.00652	0.00375	0.01151
15	0.00989	0.00706	0.00942	0.01130	0.01177	0.00659	0.00753	0.01130	0.01554	0.02071	0.04472	0.70954	0.05367	0.02542	0.01036	0.00330	0.00471	0.02307	0.00753	0.00659
16	0.01180	0.00787	0.00885	0.00885	0.00885	0.00787	0.00492	0.01180	0.01180	0.01573	0.02557	0.05310	0.02950	0.71483	0.04130	0.00787	0.00787	0.01180	0.00492	0.00492
17	0.02190	0.31731	0.02909	0.01587	0.02141	0.09592	0.01359	0.03400	0.31438	0.02615	0.02162	0.02129	0.01716	0.00900	0.00686	0.00225	0.00825	0.00670	0.00579	0.01145
18	0.02218	0.24039	0.03276	0.02364	0.12175	0.12556	0.09509	0.02557	0.01794	0.05883	0.01488	0.01831	0.01243	0.01048	0.03657	0.00274	0.08945	0.00643	0.03452	0.01047
19	0.02059	0.46877	0.23390	0.01716	0.02547	0.06986	0.01892	0.02525	0.01710	0.02116	0.01236	0.01438	0.01037	0.00727	0.00611	0.00201	0.01007	0.00490	0.00350	0.01083
20	0.02971	0.03766	0.02308	0.02092	0.02490	0.65056	0.01578	0.03178	0.02249	0.01984	0.01245	0.01478	0.01046	0.00864	0.00825	0.00216	0.04768	0.00532	0.00415	0.00938
21	0.00997	0.00796	0.00892	0.00925	0.01134	0.00692	0.00672	0.01216	0.01854	0.02337	0.16784	0.22096	0.42542	0.02103	0.00976	0.00284	0.00420	0.01810	0.00776	0.00692
22	0.02207	0.01877	0.02989	0.04204	0.51596	0.01897	0.02216	0.05661	0.07875	0.08661	0.01864	0.02169	0.01466	0.00796	0.00807	0.00245	0.00906	0.00750	0.00515	0.01298
23	0.00989	0.00706	0.00942	0.01130	0.01177	0.00659	0.00753	0.01130	0.01554	0.02071	0.04472	0.70954	0.05367	0.02542	0.01036	0.00330	0.00471	0.02307	0.00753	0.00659
24	0.00959	0.00822	0.00822	0.00822	0.01096	0.00685	0.00617	0.01165	0.01850	0.02192	0.08220	0.07809	0.66092	0.02055	0.00959	0.00274	0.00411	0.01713	0.00754	0.00685
25	0.02008	0.01928	0.03294	0.04981	0.66422	0.01928	0.02490	0.02490	0.01848	0.02651	0.01526	0.02008	0.01285	0.00723	0.00803	0.00241	0.00964	0.00723	0.00402	0.01285
26	0.01775	0.01775	0.02485	0.02130	0.02130	0.02485	0.01775	0.01953	0.01243	0.01953	0.01065	0.01775	0.01065	0.01420	0.02663	0.00355	0.69998	0.00710	0.00355	0.00888
27	0.01148	0.00829	0.01085	0.01021	0.01212	0.00766	0.00766	0.01531	0.02297	0.03254	0.65994	0.06061	0.07656	0.01659	0.00957	0.00255	0.00383	0.01467	0.00893	0.00766
28	0.01915	0.02189	0.04788	0.03420	0.04241	0.02052	0.63475	0.02599	0.01915	0.02599	0.01642	0.02189	0.01231	0.00684	0.00958	0.00274	0.01368	0.00958	0.00410	0.01094
29	0.01409	0.00705	0.01057	0.01057	0.01057	0.00705	0.00705	0.01057	0.01057	0.01409	0.01409	0.02467	0.01409	0.02819	0.03171	0.76392	0.00705	0.00705	0.00352	0.00352
30	0.03085	0.02273	0.02435	0.01867	0.02516	0.02516	0.01542	0.63716	0.03815	0.05114	0.01948	0.01948	0.01380	0.00974	0.00812	0.00244	0.00893	0.00731	0.00812	0.01380
31	0.01773	0.01496	0.01731	0.01245	0.01961	0.01174	0.00999	0.06009	0.01820	0.02803	0.01475	0.01700	0.01213	0.00625	0.00614	0.00128	0.00620	0.00497	0.00502	0.71617
32	0.08546	0.03003	0.02223	0.05760	0.02582	0.39388	0.01521	0.16873	0.02538	0.07861	0.01564	0.01703	0.01185	0.00873	0.00744	0.00227	0.01190	0.00598	0.00556	0.01067
33	0.03031	0.03867	0.02299	0.02090	0.02508	0.68226	0.01568	0.03240	0.02299	0.01986	0.01254	0.01463	0.01045	0.00836	0.00732	0.00209	0.01463	0.00523	0.00418	0.00941
34	0.01928	0.02042	0.06696	0.19478	0.45716	0.05192	0.02419	0.02436	0.01811	0.02481	0.01490	0.02000	0.01212	0.00752	0.00800	0.00247	0.01029	0.00706	0.00390	0.01175
35	0.01174	0.00811	0.01009	0.01009	0.01051	0.00854	0.00646	0.01259	0.01217	0.01665	0.02444	0.04684	0.02678	0.52186	0.23056	0.00939	0.01196	0.01088	0.00475	0.00560
36	0.01015	0.00824	0.00900	0.00881	0.01130	0.00709	0.00661	0.01273	0.01982	0.02506	0.25304	0.07292	0.48812	0.01938	0.00958	0.00268	0.00403	0.01640	0.00795	0.00709
37	0.01140	0.00829	0.01072	0.01012	0.01207	0.00762	0.00759	0.01514	0.02276	0.03204	0.63287	0.06143	0.10394	0.01677	0.00957	0.00256	0.00384	0.01479	0.00887	0.00762
38	0.01148	0.00801	0.00896	0.00906	0.00965	0.00777	0.00557	0.01204	0.01335	0.01729	0.03654	0.05959	0.14237	0.55471	0.03407	0.00674	0.00718	0.04471	0.00552	0.00540
39	0.01180	0.00787	0.00885	0.00885	0.00885	0.00787	0.00492	0.01180	0.01180	0.01573	0.02557	0.05310	0.02950	0.71483	0.04130	0.00787	0.00787	0.01180	0.00492	0.00492
40	0.01167	0.00791	0.00931	0.00942	0.00960	0.00803	0.00560	0.01205	0.01214	0.01634	0.02626	0.08835	0.02993	0.60823	0.10553	0.00814	0.00911	0.01212	0.00501	0.00525
41	0.01787	0.01504	0.01738	0.01251	0.01967	0.01188	0.01005	0.06620	0.01841	0.02827	0.01480	0.01702	0.01215	0.00629	0.00617	0.00129	0.00623	0.00499	0.00505	0.70873
42	0.01165	0.00845	0.01180	0.01180	0.01282	0.00947	0.00860	0.01369	0.01267	0.01792	0.02287	0.03815	0.02301	0.25424	0.49302	0.01151	0.01763	0.00961	0.00452	0.00656
43	0.01841	0.30935	0.42414	0.01948	0.02948	0.02408	0.02363	0.02514	0.01688	0.02309	0.01327	0.01551	0.01033	0.00741	0.00672	0.00224	0.01068	0.00534	0.00344	0.01137
44	0.01662	0.08555	0.63226	0.02253	0.03420	0.01970	0.02894	0.02561	0.01709	0.02527	0.01435	0.01687	0.01029	0.00766	0.00755	0.00252	0.01178	0.00589	0.00343	0.01189
45	0.02242	0.02988	0.17653	0.03460	0.32103	0.19925	0.02318	0.05169	0.02018	0.02551	0.01453	0.01790	0.01165	0.00775	0.00777	0.00236	0.01150	0.00641	0.00409	0.01176
46	0.02156	0.02279	0.02682	0.03510	0.36879	0.18249	0.01971	0.02653	0.06011	0.02508	0.05090	0.02418	0.04829	0.00922	0.00892	0.00243	0.04339	0.00771	0.00473	0.01125
47	0.01559	0.01443	0.01833	0.01649	0.01701	0.05004	0.01291	0.01721	0.01293	0.01849	0.01675	0.02915	0.01727	0.19144	0.17401	0.00660	0.35119	0.00848	0.00408	0.00760
48	0.01956	0.01916	0.01981	0.02254	0.16668	0.16661	0.01407	0.08280	0.02251	0.02847	0.22279	0.06324	0.06596	0.03858	0.00978	0.00264	0.00835	0.01041	0.00635	0.00968
49	0.02224	0.05813	0.14840	0.07838	0.18109	0.06392	0.08224	0.17247	0.05901	0.03141	0.01684	0.01959	0.01281	0.00822	0.00799	0.00247	0.01048	0.00710	0.00509	0.01211
50	0.00983	0.00775	0.00888	0.00961	0.01137	0.00680	0.00682	0.01174	0.01757	0.02211	0.10401	0.33536	0.37485	0.02229	0.00990	0.00296	0.00434	0.01940	0.00762	0.00680
51	0.77215	0.01569	0.01193	0.01067	0.01569	0.01820	0.00879	0.02385	0.01381	0.03641	0.01130	0.01318	0.00879	0.00753	0.00502	0.00251	0.00628	0.00439	0.00502	0.00879
52	0.03031	0.03867	0.02299	0.02090	0.02508	0.68226	0.01568	0.03240	0.02299	0.01986	0.01254	0.01463	0.01045	0.00836	0.00732	0.00209	0.01463	0.00523	0.00418	0.00941
53	0.01009	0.00722	0.00960	0.01116	0.01181	0.00673	0.00755	0.01181	0.01649	0.02223	0.12340	0.62655	0.05660	0.02429	0.01026	0.00320	0.00460	0.02199	0.00771	0.00673
54	0.00989	0.00706	0.00942	0.01130	0.01177	0.00659	0.00753	0.01130	0.01554	0.02071	0.04472	0.70954	0.05367	0.02542	0.01036	0.00330	0.00471	0.02307	0.00753	0.00659
55	0.01047	0.00751	0.00994	0.01090	0.01190	0.00698	0.00758	0.01276	0.01824	0.02502	0.26856	0.47344	0.06200	0.02221	0.01007	0.00302	0.00439	0.02001	0.00804	0.00698
56	0.01340	0.00734	0.01030	0.01030	0.01038	0.00742	0.00672	0.01109	0.01101	0.01476	0.01727	0.03186	0.01812	0.19394	0.07113	0.54064	0.00808	0.00828	0.00390	0.00407
57	0.03059	0.03022	0.02371	0.01972	0.02513	0.33381	0.01554	0.35310	0.03103	0.03645	0.01622	0.01720	0.01223	0.00909	0.00774	0.00227	0.01161	0.00633	0.00627	0.01174
58	0.01242	0.00946	0.01156	0.01083	0.01316	0.00918	0.00818	0.01852	0.10268	0.03172	0.52532	0.05838	0.12500	0.01625	0.00940	0.00260	0.00419	0.01420	0.00871	0.00824
59	0.02049	0.05156	0.15396	0.03018	0.20162	0.01843	0.16746	0.06049	0.01990	0.09091	0.02256	0.02698	0.05594	0.00910	0.00847	0.00258	0.01026	0.03235	0.00510	0.01168
60	0.01986	0.20823	0.03141	0.02586	0.16969	0.05191	0.01828	0.02257	0.01534	0.02103	0.01196	0.01689	0.01109	0.01040	0.01579	0.00274	0.32675	0.00631	0.00366	0.01023
61	0.02577	0.02980	0.02403	0.05030	0.14847	0.39776	0.01714	0.03267	0.14729	0.02399	0.01724	0.01907	0.01379	0.00866	0.00767	0.00231	0.01189	0.00647	0.00494	0.01074
62	0.06003	0.02582	0.05990	0.09272	0.35074	0.22448	0.02129	0.02686	0.01938	0.02441	0.01412	0.01804	0.01161	0.00769	0.00765	0.00235	0.01124	0.00641	0.00405	0.01121
63	0.01094	0.00827	0.01009	0.00964	0.01179	0.00743	0.00723	0.01426	0.02169	0.02950	0.49458	0.06561	0.24381	0.01772	0.00958	0.00261	0.00391	0.01538	0.00853	0.00743
64	0.00992	0.00741	0.00923	0.01052	0.01161	0.00672	0.00722	0.01164	0.01670	0.02175	0.09293	0.52209	0.19528	0.02373	0.01013	0.00312	0.00451	0.02116	0.00762	0.00672
65	0.01875	0.01106	0.01144	0.01013	0.01308	0.01162	0.00792	0.16158	0.02189	0.03507	0.02486	0.02777	0.01918	0.00952	0.00624	0.00202	0.00497	0.00750	0.58639	0.00900
66	0.03085	0.02273	0.02435	0.01867	0.02516	0.02516	0.01542	0.63716	0.03815	0.05114	0.01948	0.01948	0.01380	0.00974	0.00812	0.00244	0.00893	0.00731	0.00812	0.01380
67	0.01180	0.00787	0.00885	0.00885	0.00885	0.00787	0.00492	0.01180	0.01180	0.01573	0.02557	0.05310	0.02950	0.71483	0.04130	0.00787	0.00787	0.01180	0.00492	0.00492
68	0.01981	0.01900	0.03245	0.08662	0.62952	0.01921	0.02477	0.02466	0.01835	0.02618	0.01521	0.02017	0.01274	0.00728	0.00804	0.00243	0.00971	0.00723	0.00399	0.01263
69	0.00959	0.00822	0.00822	0.00822	0.01096	0.00685	0.00617	0.01165	0.01850	0.02192	0.08220	0.07809	0.66092	0.02055	0.00959	0.00274	0.00411	0.01713	0.00754	0.00685
70	0.01868	0.01784	0.03039	0.24069	0.48433	0.01891	0.02420	0.02367	0.01781	0.02480	0.01501	0.02054	0.01225	0.00749	0.00806	0.00250	0.00999	0.00722	0.00390	0.01172
71	0.02008	0.01928	0.03294	0.04981	0.66422	0.01928	0.02490	0.02490	0.01848	0.02651	0.01526	0.02008	0.01285	0.00723	0.00803	0.00241	0.00964	0.00723	0.00402	0.01285
72	0.02244	0.02375	0.03064	0.04314	0.51672	0.17228	0.02277	0.02663	0.01952	0.02497	0.01464	0.01883	0.01230	0.00749	0.00787	0.00234	0.01079	0.00677	0.00405	0.01206
73	0.01617	0.01271	0.01322	0.01146	0.01536	0.01252	0.00903	0.20542	0.02458	0.03097	0.06277	0.05993	0.46045	0.01720	0.00913	0.00265	0.00560	0.01408	0.00772	0.00900
74	0.01513	0.00756	0.00756	0.00756	0.00945	0.00756	0.00567	0.01891	0.01702	0.03025	0.02647	0.03025	0.02080	0.00945	0.00567	0.00189	0.00378	0.00756	0.75988	0.00756
75	0.02975	0.02218	0.02373	0.01845	0.02475	0.02465	0.01516	0.57604	0.10106	0.04937	0.02087	0.02059	0.01493	0.00987	0.00813	0.00247	0.00867	0.00750	0.00813	0.01370
76	0.02976	0.08246	0.02425	0.02045	0.02481	0.64045	0.01556	0.03188	0.02258	0.01981	0.01246	0.01453	0.01045	0.00827	0.00718	0.00207	0.01425	0.00517	0.00414	0.00947
77	0.01409	0.00705	0.01057	0.01057	0.01057	0.00705	0.00705	0.01057	0.01057	0.01409	0.01409	0.02467	0.01409	0.02819	0.03171	0.76392	0.00705	0.00705	0.00352	0.00352
78	0.01683	0.01442	0.01683	0.01202	0.01923	0.01082	0.00961	0.02043	0.01683	0.02644	0.01442	0.01683	0.01202	0.00601	0.00601	0.00120	0.00601	0.00481	0.00481	0.76444
79	0.01007	0.00805	0.00902	0.00918	0.01136	0.00699	0.00673	0.01243	0.01904	0.02416	0.20847	0.17747	0.42758	0.02044	0.00971	0.00279	0.00414	0.01754	0.00785	0.00699
80	0.00959	0.00822	0.00822	0.00822	0.01096	0.00685	0.00617	0.01165	0.01850	0.02192	0.08220	0.07809	0.66092	0.02055	0.00959	0.00274	0.00411	0.01713	0.00754	0.00685
81	0.02245	0.02558	0.02416	0.02115	0.02272	0.27078	0.01698	0.02434	0.01638	0.01965	0.01136	0.01659	0.01058	0.01202	0.01940	0.00300	0.44360	0.00640	0.00379	0.00907
82	0.01180	0.00787	0.00885	0.00885	0.00885	0.00787	0.00492	0.01180	0.01180	0.01573	0.02557	0.05310	0.02950	0.71483	0.04130	0.00787	0.00787	0.01180	0.00492	0.00492
83	0.02075	0.01771	0.01867	0.01663	0.02132	0.02045	0.01298	0.07488	0.61686	0.03486	0.03230	0.02970	0.02418	0.01094	0.00825	0.00274	0.00656	0.00907	0.00825	0.01289
84	0.02394	0.19115	0.02795	0.01838	0.02376	0.23785	0.05406	0.06288	0.14094	0.02500	0.01687	0.01829	0.01363	0.00855	0.00787	0.00218	0.03903	0.00620	0.00503	0.07645
85	0.02040	0.55795	0.19295	0.01609	0.02424	0.02894	0.01773	0.02463	0.01664	0.02067	0.01206	0.01400	0.01038	0.00713	0.00580	0.00193	0.00947	0.00473	0.00346	0.01079
86	0.02169	0.71972	0.04252	0.01388	0.02083	0.03211	0.01388	0.02430	0.01649	0.01909	0.01128	0.01302	0.01041	0.00694	0.00521	0.00174	0.00868	0.00434	0.00347	0.01041
87	0.05301	0.02383	0.02431	0.30661	0.10569	0.23718	0.01923	0.08952	0.02088	0.02487	0.01430	0.01860	0.01114	0.00825	0.00772	0.00244	0.01156	0.00646	0.00437	0.01004
88	0.01159	0.00869	0.01304	0.01304	0.01449	0.01014	0.01014	0.01449	0.01304	0.01884	0.02173	0.03188	0.02029	0.06086	0.68268	0.01304	0.02173	0.00869	0.00435	0.00724
89	0.01180	0.00787	0.00885	0.00885	0.00885	0.00787	0.00492	0.01180	0.01180	0.01573	0.02557	0.05310	0.02950	0.71483	0.04130	0.00787	0.00787	0.01180	0.00492	0.00492
90	0.01172	0.00783	0.00887	0.00895	0.00897	0.00781	0.00503	0.01178	0.01196	0.01594	0.02636	0.08040	0.03050	0.68616	0.04001	0.00768	0.00774	0.01227	0.00503	0.00499
91	0.00989	0.00706	0.00942	0.01130	0.01177	0.00659	0.00753	0.01130	0.01554	0.02071	0.04472	0.70954	0.05367	0.02542	0.01036	0.00330	0.00471	0.02307	0.00753	0.00659
92	0.01830	0.02783	0.23267	0.03093	0.04025	0.02002	0.45591	0.02590	0.01855	0.02590	0.01587	0.02048	0.01171	0.00710	0.00902	0.00269	0.01318	0.00852	0.00390	0.01125
93	0.01939	0.01829	0.03096	0.04634	0.59984	0.01829	0.02373	0.02410	0.01850	0.02629	0.01802	0.02719	0.01622	0.00874	0.00835	0.00254	0.00942	0.06712	0.00436	0.01232
94	0.02008	0.01928	0.03294	0.04981	0.66422	0.01928	0.02490	0.02490	0.01848	0.02651	0.01526	0.02008	0.01285	0.00723	0.00803	0.00241	0.00964	0.00723	0.00402	0.01285
95	0.02734	0.02099	0.02238	0.01796	0.02383	0.02353	0.01458	0.44196	0.23906	0.04549	0.02393	0.02303	0.01740	0.01016	0.00816	0.00254	0.00811	0.00792	0.00816	0.01349
96	0.02499	0.44473	0.06080	0.01626	0.02266	0.19085	0.01493	0.05689	0.01960	0.06294	0.01345	0.01483	0.01120	0.00766	0.00616	0.00194	0.01018	0.00501	0.00429	0.01061
97	0.01018	0.00809	0.00923	0.00990	0.01195	0.00714	0.00744	0.01237	0.01799	0.02236	0.09162	0.22981	0.41379	0.02179	0.00998	0.00299	0.00467	0.09421	0.00758	0.00690
98	0.01159	0.00869	0.01304	0.01304	0.01449	0.01014	0.01014	0.01449	0.01304	0.01884	0.02173	0.03188	0.02029	0.06086	0.68268	0.01304	0.02173	0.00869	0.00435	0.00724
99	0.01035	0.00825	0.00927	0.00902	0.01143	0.00717	0.00676	0.01311	0.02029	0.02617	0.31357	0.07109	0.42690	0.01896	0.00958	0.00266	0.00400	0.01614	0.00809	0.00717
100	0.01159	0.00869	0.01304	0.01304	0.01449	0.01014	0.01014	0.01449	0.01304	0.01884	0.02173	0.03188	0.02029	0.06086	0.68268	0.01304	0.02173	0.00869	0.00435	0.00724
101	0.02169	0.71972	0.04252	0.01388	0.02083	0.03211	0.01388	0.02430	0.01649	0.01909	0.01128	0.01302	0.01041	0.00694	0.00521	0.00174	0.00868	0.00434	0.00347	0.01041
102	0.02018	0.01743	0.01835	0.01651	0.02110	0.02018	0.01284	0.04312	0.64956	0.03394	0.03303	0.03027	0.02477	0.01101	0.00826	0.00275	0.00642	0.00917	0.00826	0.01284
103	0.01170	0.00829	0.01092	0.01193	0.01269	0.00830	0.00827	0.04262	0.01632	0.02197	0.06266	0.55586	0.04698	0.02415	0.01297	0.07886	0.03190	0.01976	0.00706	0.00677
104	0.01731	0.01766	0.03244	0.03302	0.25180	0.01692	0.25407	0.02292	0.04145	0.02552	0.03179	0.03453	0.16263	0.01029	0.00899	0.00262	0.00980	0.01048	0.00501	0.01074
105	0.00989	0.00706	0.00942	0.01130	0.01177	0.00659	0.00753	0.01130	0.01554	0.02071	0.04472	0.70954	0.05367	0.02542	0.01036	0.00330	0.00471	0.02307	0.00753	0.00659
106	0.01193	0.01656	0.16322	0.01435	0.05382	0.01039	0.01284	0.01580	0.01795	0.02325	0.08605	0.09952	0.38243	0.04351	0.01033	0.00290	0.00641	0.01405	0.00635	0.00833
107	0.01923	0.02427	0.10601	0.06458	0.03695	0.09038	0.38131	0.02501	0.01836	0.02414	0.01655	0.05440	0.01372	0.00880	0.01074	0.00275	0.07927	0.00904	0.00413	0.01037
108	0.02371	0.31731	0.02979	0.01667	0.02212	0.21448	0.01409	0.03218	0.20555	0.02370	0.01807	0.01858	0.01467	0.00855	0.00671	0.00214	0.00971	0.00602	0.00509	0.01084
109	0.05393	0.09940	0.20044	0.01983	0.02586	0.22156	0.01911	0.02774	0.01843	0.08660	0.01450	0.01697	0.01133	0.00927	0.01083	0.00252	0.14079	0.00596	0.00441	0.01052
110	0.05640	0.18608	0.02590	0.01687	0.02250	0.27016	0.01383	0.09051	0.04623	0.10517	0.01627	0.01711	0.01260	0.00823	0.00684	0.00205	0.01029	0.00567	0.00539	0.08189
111	0.02202	0.06804	0.15056	0.01791	0.02378	0.23928	0.01630	0.03045	0.16543	0.04986	0.02811	0.02803	0.10510	0.01053	0.00784	0.00243	0.01010	0.00802	0.00563	0.01059

[dist]
# distance from previous block
# <min> <max>
0	123

[block]
# block no. 3 follows, 23 sequences, length 67
# corresponding to MSA columns:
# 334-400
name=unknown_D
#
# <colnr> <probs for GDERKNQSTAVLIFYWHMCP>
#	G	D	E	R	K	N	Q	S	T	A	V	L	I	F	Y	W	H	M	C	P
0	0.01981	0.09970	0.02284	0.04406	0.02187	0.16054	0.01473	0.02500	0.10432	0.02204	0.02316	0.02868	0.07393	0.01461	0.04413	0.00326	0.22161	0.04139	0.00494	0.00938
1	0.02444	0.17612	0.02497	0.01772	0.02189	0.39931	0.01410	0.02681	0.01946	0.01948	0.01427	0.01803	0.01257	0.01943	0.15311	0.00439	0.01491	0.00579	0.00407	0.00915
2	0.01256	0.00904	0.01129	0.01174	0.01314	0.00887	0.00828	0.07934	0.01936	0.02624	0.17113	0.46703	0.05308	0.05473	0.01142	0.00326	0.00513	0.01906	0.00777	0.00751
3	0.02082	0.05152	0.09486	0.01851	0.05289	0.04473	0.01544	0.17640	0.02278	0.06316	0.12531	0.06605	0.02630	0.04824	0.01326	0.00295	0.13078	0.00928	0.00625	0.01047
4	0.02851	0.14092	0.02612	0.01974	0.02428	0.52330	0.01548	0.06095	0.02233	0.02130	0.01262	0.01476	0.01062	0.00845	0.00782	0.00211	0.04141	0.00527	0.00424	0.00976
5	0.02146	0.02091	0.02132	0.02356	0.15658	0.16100	0.01550	0.09729	0.15869	0.02914	0.05996	0.03566	0.07679	0.01181	0.00849	0.00260	0.00895	0.07309	0.00635	0.01086
6	0.02169	0.71972	0.04252	0.01388	0.02083	0.03211	0.01388	0.02430	0.01649	0.01909	0.01128	0.01302	0.01041	0.00694	0.00521	0.00174	0.00868	0.00434	0.00347	0.01041
7	0.00988	0.00823	0.00863	0.00853	0.01114	0.00697	0.00640	0.01221	0.01919	0.02356	0.17136	0.07539	0.57074	0.01994	0.00959	0.00271	0.00407	0.01675	0.00775	0.00697
8	0.01683	0.01442	0.01683	0.01202	0.01923	0.01082	0.00961	0.02043	0.01683	0.02644	0.01442	0.01683	0.01202	0.00601	0.00601	0.00120	0.00601	0.00481	0.00481	0.76444
9	0.01745	0.02005	0.08872	0.05311	0.07429	0.12659	0.04271	0.04820	0.07505	0.02462	0.03434	0.18145	0.12151	0.01464	0.00887	0.00274	0.00865	0.04162	0.00598	0.00941
10	0.10993	0.03621	0.02181	0.01981	0.02408	0.61098	0.01494	0.03148	0.02201	0.02163	0.01241	0.01448	0.01027	0.00827	0.00707	0.00214	0.01374	0.00514	0.00427	0.00934
11	0.01159	0.00869	0.01304	0.01304	0.01449	0.01014	0.01014	0.01449	0.01304	0.01884	0.02173	0.03188	0.02029	0.06086	0.68268	0.01304	0.02173	0.00869	0.00435	0.00724
12	0.00968	0.00787	0.00859	0.00916	0.01121	0.00677	0.00658	0.01154	0.01759	0.02155	0.07072	0.27155	0.47488	0.02204	0.00982	0.00291	0.00429	0.01895	0.00753	0.00677
13	0.01165	0.00844	0.01177	0.01177	0.01278	0.00945	0.00856	0.01368	0.01267	0.01790	0.02289	0.03829	0.02307	0.25860	0.48874	0.01148	0.01754	0.00963	0.00452	0.00654
14	0.02306	0.01886	0.01997	0.01709	0.02220	0.02153	0.01354	0.20341	0.48458	0.03858	0.02937	0.02736	0.02181	0.01067	0.00822	0.00267	0.00710	0.00867	0.00822	0.01310
15	0.01409	0.00705	0.01057	0.01057	0.01057	0.00705	0.00705	0.01057	0.01057	0.01409	0.01409	0.02467	0.01409	0.02819	0.03171	0.76392	0.00705	0.00705	0.00352	0.00352
16	0.02512	0.03002	0.02376	0.02107	0.02352	0.41029	0.01654	0.02708	0.01862	0.01972	0.01176	0.01592	0.01053	0.01078	0.01531	0.00269	0.29816	0.00600	0.00392	0.00919
17	0.01821	0.01912	0.03245	0.02556	0.02826	0.02342	0.22118	0.02166	0.01464	0.02166	0.01255	0.01912	0.01120	0.01177	0.02101	0.00328	0.47370	0.00792	0.00373	0.00956
18	0.01536	0.01287	0.01526	0.01187	0.01765	0.00992	0.00917	0.01850	0.01655	0.02523	0.02083	0.16323	0.02082	0.01011	0.00693	0.00164	0.00573	0.00867	0.00538	0.60426
19	0.03031	0.03867	0.02299	0.02090	0.02508	0.68226	0.01568	0.03240	0.02299	0.01986	0.01254	0.01463	0.01045	0.00836	0.00732	0.00209	0.01463	0.00523	0.00418	0.00941
20	0.01127	0.00829	0.01055	0.00998	0.01199	0.00756	0.00749	0.01490	0.02246	0.03134	0.59455	0.06259	0.14270	0.01704	0.00957	0.00257	0.00386	0.01495	0.00877	0.00756
21	0.00986	0.00798	0.00876	0.00910	0.01126	0.00688	0.00662	0.01196	0.01833	0.02280	0.13609	0.21295	0.46671	0.02118	0.00975	0.00284	0.00421	0.01815	0.00768	0.00688
22	0.03578	0.01482	0.01946	0.01492	0.02122	0.01342	0.01232	0.10718	0.02491	0.59982	0.03059	0.02670	0.01937	0.01001	0.00816	0.00250	0.00713	0.00806	0.00983	0.01381
23	0.01066	0.00856	0.00971	0.01028	0.01275	0.00761	0.00828	0.01323	0.01855	0.02264	0.07018	0.08221	0.47274	0.02112	0.01009	0.00305	0.00514	0.19864	0.00752	0.00704
24	0.01159	0.00869	0.01304	0.01304	0.01449	0.01014	0.01014	0.01449	0.01304	0.01884	0.02173	0.03188	0.02029	0.06086	0.68268	0.01304	0.02173	0.00869	0.00435	0.00724
25	0.01215	0.00891	0.01122	0.01125	0.01314	0.00822	0.00842	0.01467	0.01763	0.02415	0.19557	0.16087	0.07825	0.16588	0.01638	0.00392	0.00588	0.14841	0.00703	0.08806
26	0.03085	0.02273	0.02435	0.01867	0.02516	0.02516	0.01542	0.63716	0.03815	0.05114	0.01948	0.01948	0.01380	0.00974	0.00812	0.00244	0.00893	0.00731	0.00812	0.01380
27	0.02214	0.01819	0.02271	0.02220	0.15751	0.01734	0.01476	0.22472	0.02421	0.03460	0.01627	0.01839	0.01278	0.00750	0.00713	0.00186	0.00774	0.00614	0.00573	0.35809
28	0.01159	0.00869	0.01304	0.01304	0.01449	0.01014	0.01014	0.01449	0.01304	0.01884	0.02173	0.03188	0.02029	0.06086	0.68268	0.01304	0.02173	0.00869	0.00435	0.00724
29	0.01090	0.00840	0.01008	0.01025	0.01245	0.00757	0.00798	0.01387	0.02003	0.02613	0.28238	0.09876	0.31720	0.01964	0.00990	0.00287	0.00463	0.12169	0.00803	0.00724
30	0.21710	0.35345	0.02982	0.01433	0.02066	0.02669	0.01298	0.18707	0.02156	0.03206	0.01346	0.01478	0.01090	0.00784	0.00593	0.00212	0.00813	0.00514	0.00510	0.01090
31	0.05308	0.27627	0.39407	0.01914	0.02881	0.02372	0.02276	0.05244	0.01770	0.02502	0.01349	0.01562	0.01042	0.00752	0.00673	0.00227	0.01044	0.00540	0.00372	0.01138
32	0.02298	0.32956	0.03685	0.02334	0.09827	0.18421	0.11882	0.02637	0.01853	0.02128	0.01286	0.01589	0.01102	0.00763	0.00773	0.00215	0.04238	0.00587	0.00381	0.01047
33	0.02295	0.17637	0.03105	0.02765	0.19767	0.23000	0.05391	0.02618	0.01868	0.02177	0.01351	0.01732	0.01171	0.01078	0.04220	0.00281	0.07484	0.00617	0.00393	0.01049
34	0.02594	0.01396	0.01611	0.01308	0.01746	0.01409	0.01037	0.20491	0.02452	0.23326	0.02605	0.02888	0.01952	0.08955	0.01119	0.00292	0.00672	0.00815	0.22230	0.01102
35	0.01532	0.01442	0.02434	0.69533	0.05589	0.01803	0.02253	0.02073	0.01622	0.02073	0.01442	0.02163	0.01082	0.00811	0.00811	0.00270	0.01082	0.00721	0.00361	0.00901
36	0.01168	0.00834	0.01123	0.01123	0.01206	0.00916	0.00789	0.01333	0.01251	0.01750	0.02339	0.04104	0.02426	0.34313	0.40584	0.01081	0.01575	0.01003	0.00459	0.00624
37	0.01180	0.00787	0.00885	0.00885	0.00885	0.00787	0.00492	0.01180	0.01180	0.01573	0.02557	0.05310	0.02950	0.71483	0.04130	0.00787	0.00787	0.01180	0.00492	0.00492
38	0.01032	0.00825	0.00924	0.00899	0.01141	0.00716	0.00674	0.01306	0.02023	0.02603	0.30583	0.07132	0.43472	0.01902	0.00958	0.00267	0.00400	0.01618	0.00808	0.00716
39	0.01397	0.00866	0.01145	0.01092	0.01302	0.00791	0.00811	0.01721	0.02143	0.10216	0.45884	0.19403	0.06533	0.01771	0.00958	0.00270	0.00436	0.01571	0.00876	0.00813
40	0.01775	0.01775	0.02485	0.02130	0.02130	0.02485	0.01775	0.01953	0.01243	0.01953	0.01065	0.01775	0.01065	0.01420	0.02663	0.00355	0.69998	0.00710	0.00355	0.00888
41	0.02018	0.01743	0.01835	0.01651	0.02110	0.02018	0.01284	0.04312	0.64956	0.03394	0.03303	0.03027	0.02477	0.01101	0.00826	0.00275	0.00642	0.00917	0.00826	0.01284
42	0.02008	0.01928	0.03294	0.04981	0.66422	0.01928	0.02490	0.02490	0.01848	0.02651	0.01526	0.02008	0.01285	0.00723	0.00803	0.00241	0.00964	0.00723	0.00402	0.01285
43	0.02721	0.03266	0.02353	0.02089	0.02415	0.48550	0.01618	0.05950	0.02112	0.02134	0.01242	0.01565	0.01067	0.00989	0.01217	0.00247	0.18513	0.00580	0.00422	0.00949
44	0.03031	0.03867	0.02299	0.02090	0.02508	0.68226	0.01568	0.03240	0.02299	0.01986	0.01254	0.01463	0.01045	0.00836	0.00732	0.00209	0.01463	0.00523	0.00418	0.00941
45	0.01180	0.00787	0.00885	0.00885	0.00885	0.00787	0.00492	0.01180	0.01180	0.01573	0.02557	0.05310	0.02950	0.71483	0.04130	0.00787	0.00787	0.01180	0.00492	0.00492
46	0.00989	0.00706	0.00942	0.01130	0.01177	0.00659	0.00753	0.01130	0.01554	0.02071	0.04472	0.70954	0.05367	0.02542	0.01036	0.00330	0.00471	0.02307	0.00753	0.00659
47	0.77215	0.01569	0.01193	0.01067	0.01569	0.01820	0.00879	0.02385	0.01381	0.03641	0.01130	0.01318	0.00879	0.00753	0.00502	0.00251	0.00628	0.00439	0.00502	0.00879
48	0.02169	0.71972	0.04252	0.01388	0.02083	0.03211	0.01388	0.02430	0.01649	0.01909	0.01128	0.01302	0.01041	0.00694	0.00521	0.00174	0.00868	0.00434	0.00347	0.01041
49	0.01087	0.00827	0.00999	0.00956	0.01175	0.00739	0.00717	0.01412	0.02152	0.02909	0.47245	0.06628	0.26620	0.01787	0.00958	0.00261	0.00392	0.01547	0.00848	0.00739
50	0.01159	0.00869	0.01304	0.01304	0.01449	0.01014	0.01014	0.01449	0.01304	0.01884	0.02173	0.03188	0.02029	0.06086	0.68268	0.01304	0.02173	0.00869	0.00435	0.00724
51	0.01057	0.00826	0.00958	0.00925	0.01156	0.00727	0.00694	0.01355	0.02081	0.02742	0.38163	0.06903	0.35806	0.01850	0.00958	0.00264	0.00396	0.01585	0.00826	0.00727
52	0.01164	0.00851	0.01213	0.01213	0.01327	0.00965	0.00901	0.01391	0.01277	0.01816	0.02256	0.03647	0.02228	0.20247	0.54379	0.01192	0.01873	0.00937	0.00447	0.00674
53	0.01934	0.01852	0.03159	0.15087	0.56897	0.01908	0.02453	0.02425	0.01812	0.02560	0.01513	0.02033	0.01253	0.00737	0.00805	0.00246	0.00982	0.00723	0.00395	0.01225
54	0.01010	0.00838	0.00893	0.00921	0.01182	0.00722	0.00718	0.01240	0.01852	0.02227	0.07644	0.08006	0.57071	0.02082	0.00983	0.00289	0.00460	0.10414	0.00753	0.00694
55	0.10334	0.08826	0.35294	0.02770	0.16860	0.02011	0.07789	0.02523	0.01717	0.02657	0.01424	0.01740	0.01086	0.00745	0.00743	0.00247	0.01071	0.00626	0.00380	0.01159
56	0.77215	0.01569	0.01193	0.01067	0.01569	0.01820	0.00879	0.02385	0.01381	0.03641	0.01130	0.01318	0.00879	0.00753	0.00502	0.00251	0.00628	0.00439	0.00502	0.00879
57	0.00989	0.00706	0.00942	0.01130	0.01177	0.00659	0.00753	0.01130	0.01554	0.02071	0.04472	0.70954	0.05367	0.02542	0.01036	0.00330	0.00471	0.02307	0.00753	0.00659
58	0.02548	0.02435	0.02202	0.04837	0.02482	0.23167	0.04203	0.20521	0.05042	0.05815	0.02232	0.05601	0.05283	0.01016	0.00790	0.00229	0.01008	0.00793	0.00614	0.09181
59	0.02855	0.02924	0.02211	0.01863	0.02376	0.35449	0.01453	0.24700	0.02758	0.03217	0.01596	0.01742	0.01236	0.00872	0.00740	0.00213	0.01128	0.00607	0.04794	0.07266
60	0.02461	0.16915	0.02894	0.05468	0.16563	0.07304	0.01696	0.24566	0.05127	0.03352	0.01696	0.01894	0.01328	0.00846	0.00731	0.00226	0.00920	0.00659	0.04157	0.01199
61	0.02080	0.02306	0.05398	0.02832	0.16871	0.16396	0.15066	0.05376	0.02011	0.02546	0.04478	0.07680	0.01917	0.01020	0.00931	0.00254	0.04201	0.03324	0.00488	0.04826
