[name]
unknown

[dist]
# distance from previous block
# <min> <max>
0	17

[block]
# block no. 0 follows, 22 sequences, length 42
# corresponding to MSA columns:
# 17-58
name=unknown_A
#
# <colnr> <probs for GDERKNQSTAVLIFYWHMCP>
#	G	D	E	R	K	N	Q	S	T	A	V	L	I	F	Y	W	H	M	C	P
0	0.01659	0.01467	0.01798	0.02204	0.12647	0.08629	0.01574	0.02042	0.01959	0.02474	0.03567	0.07243	0.03775	0.01869	0.01047	0.00340	0.00885	0.43273	0.00667	0.00881
1	0.04685	0.07630	0.19982	0.02690	0.20097	0.07223	0.02049	0.04673	0.02035	0.02846	0.15296	0.02746	0.02609	0.00980	0.00809	0.00247	0.00943	0.00822	0.00521	0.01117
2	0.01678	0.15345	0.37227	0.01986	0.02873	0.01934	0.06165	0.02377	0.01885	0.02664	0.15264	0.02677	0.02541	0.00967	0.00797	0.00249	0.00997	0.00800	0.00478	0.01096
3	0.07346	0.02693	0.13896	0.02035	0.02791	0.11584	0.09189	0.20258	0.02469	0.03398	0.01606	0.01814	0.01210	0.00814	0.00767	0.00226	0.01039	0.00652	0.00550	0.15661
4	0.14606	0.01800	0.01602	0.01424	0.01854	0.13507	0.01121	0.04669	0.05899	0.02739	0.02366	0.02962	0.05912	0.01940	0.12411	0.00420	0.01066	0.04589	0.03694	0.15419
5	0.02208	0.02386	0.03285	0.12036	0.34873	0.16190	0.11825	0.02681	0.01975	0.02485	0.01510	0.01984	0.01228	0.00770	0.00833	0.00249	0.01178	0.00733	0.00411	0.01160
6	0.01187	0.00890	0.01335	0.01335	0.01483	0.01038	0.01038	0.01483	0.01335	0.01928	0.02225	0.03264	0.02077	0.06231	0.67512	0.01335	0.02225	0.00890	0.00445	0.00742
7	0.01584	0.01453	0.02383	0.59932	0.05176	0.01822	0.02162	0.02102	0.01641	0.02178	0.01532	0.02246	0.01173	0.00881	0.00940	0.00277	0.05592	0.00740	0.05274	0.00912
8	0.01122	0.00836	0.01044	0.01015	0.01214	0.00757	0.00753	0.01455	0.02190	0.03004	0.48353	0.12522	0.18942	0.01862	0.00988	0.00272	0.00406	0.01632	0.00873	0.00757
9	0.11685	0.02808	0.02615	0.03150	0.26655	0.31243	0.01891	0.02854	0.02011	0.02501	0.01366	0.01709	0.01145	0.00829	0.00840	0.00239	0.04330	0.00612	0.00429	0.01088
10	0.02216	0.02336	0.03030	0.13253	0.43670	0.16168	0.02311	0.02657	0.01960	0.02485	0.01490	0.01957	0.01234	0.00778	0.00808	0.00244	0.01114	0.00695	0.00409	0.01185
11	0.01053	0.00849	0.00941	0.00931	0.01184	0.00737	0.00707	0.01323	0.02024	0.02562	0.24250	0.07554	0.46235	0.01998	0.00989	0.00280	0.00429	0.04415	0.00812	0.00728
12	0.01922	0.01822	0.02719	0.03901	0.45419	0.05973	0.02032	0.02299	0.01797	0.02452	0.01924	0.03119	0.01840	0.13745	0.01466	0.00356	0.00972	0.04682	0.00452	0.01107
13	0.02221	0.71304	0.04353	0.01421	0.02132	0.03287	0.01421	0.02488	0.01688	0.01955	0.01155	0.01333	0.01066	0.00711	0.00533	0.00178	0.00888	0.00444	0.00355	0.01066
14	0.01005	0.00801	0.00901	0.00964	0.01158	0.00698	0.00690	0.01205	0.01819	0.02273	0.10801	0.29389	0.40875	0.02250	0.01009	0.00299	0.00440	0.01947	0.00781	0.00698
15	0.01666	0.04297	0.66500	0.02368	0.03596	0.01929	0.03069	0.02631	0.01754	0.02631	0.01491	0.01754	0.01052	0.00789	0.00789	0.00263	0.01228	0.00614	0.00351	0.01228
16	0.02066	0.01785	0.01878	0.01691	0.02160	0.02066	0.01315	0.04414	0.64121	0.03475	0.03381	0.03099	0.02536	0.01127	0.00845	0.00282	0.00657	0.00939	0.00845	0.01315
17	0.01723	0.01477	0.01723	0.01230	0.01969	0.01107	0.00984	0.02092	0.01723	0.02707	0.01477	0.01723	0.01230	0.00615	0.00615	0.00123	0.00615	0.00492	0.00492	0.75883
18	0.02219	0.01545	0.01738	0.01524	0.01982	0.01669	0.01194	0.03815	0.41069	0.15540	0.11748	0.03689	0.06123	0.01230	0.00868	0.00274	0.00621	0.01032	0.00886	0.01235
19	0.02218	0.01965	0.01940	0.01712	0.02146	0.09984	0.01343	0.15161	0.31037	0.03309	0.02599	0.02720	0.02035	0.02176	0.15296	0.00496	0.01152	0.00841	0.00704	0.01167
20	0.02066	0.01785	0.01878	0.01691	0.02160	0.02066	0.01315	0.04414	0.64121	0.03475	0.03381	0.03099	0.02536	0.01127	0.00845	0.00282	0.00657	0.00939	0.00845	0.01315
21	0.01009	0.00847	0.00879	0.00883	0.01154	0.00717	0.00670	0.01238	0.01924	0.02325	0.11956	0.07934	0.59081	0.02085	0.00988	0.00283	0.00433	0.04103	0.00781	0.00709
22	0.01012	0.00723	0.00964	0.01157	0.01205	0.00675	0.00771	0.01157	0.01591	0.02121	0.04579	0.70262	0.05495	0.02603	0.01060	0.00337	0.00482	0.02362	0.00771	0.00675
23	0.02066	0.01785	0.01878	0.01691	0.02160	0.02066	0.01315	0.04414	0.64121	0.03475	0.03381	0.03099	0.02536	0.01127	0.00845	0.00282	0.00657	0.00939	0.00845	0.01315
24	0.03103	0.03959	0.02354	0.02140	0.02568	0.67469	0.01605	0.03317	0.02354	0.02033	0.01284	0.01498	0.01070	0.00856	0.00749	0.00214	0.01498	0.00535	0.00428	0.00963
25	0.02412	0.56691	0.03919	0.01577	0.02227	0.17214	0.01461	0.02668	0.01833	0.01972	0.01183	0.01369	0.01067	0.00742	0.00580	0.00186	0.01021	0.00464	0.00371	0.01044
26	0.01069	0.00828	0.00930	0.00983	0.01162	0.00745	0.00709	0.01248	0.01716	0.02131	0.06236	0.18063	0.36841	0.15144	0.01625	0.00400	0.00542	0.08241	0.00720	0.00667
27	0.01505	0.01377	0.02261	0.01927	0.02287	0.01375	0.18137	0.02283	0.15262	0.02565	0.03511	0.36715	0.03671	0.01752	0.00991	0.00309	0.00776	0.01668	0.00689	0.00938
28	0.01723	0.01477	0.01723	0.01230	0.01969	0.01107	0.00984	0.02092	0.01723	0.02707	0.01477	0.01723	0.01230	0.00615	0.00615	0.00123	0.00615	0.00492	0.00492	0.75883
29	0.01666	0.04297	0.66500	0.02368	0.03596	0.01929	0.03069	0.02631	0.01754	0.02631	0.01491	0.01754	0.01052	0.00789	0.00789	0.00263	0.01228	0.00614	0.00351	0.01228
30	0.01198	0.00847	0.01119	0.01119	0.01192	0.00921	0.00769	0.01345	0.01271	0.01768	0.02423	0.04359	0.02552	0.38780	0.35613	0.01068	0.01510	0.01050	0.00474	0.00622
31	0.00984	0.00834	0.00850	0.00863	0.01128	0.00700	0.00640	0.01190	0.01873	0.02236	0.08161	0.12134	0.61311	0.02137	0.00987	0.00284	0.00425	0.01794	0.00771	0.00700
32	0.03103	0.03959	0.02354	0.02140	0.02568	0.67469	0.01605	0.03317	0.02354	0.02033	0.01284	0.01498	0.01070	0.00856	0.00749	0.00214	0.01498	0.00535	0.00428	0.00963
33	0.01084	0.00778	0.01014	0.01176	0.01260	0.00737	0.00834	0.01260	0.01630	0.02144	0.04616	0.49794	0.09044	0.08867	0.01365	0.00385	0.00556	0.12035	0.00745	0.00676
34	0.01673	0.03840	0.55632	0.10665	0.06804	0.01921	0.02951	0.02565	0.01749	0.02572	0.01492	0.01825	0.01072	0.00792	0.00796	0.00264	0.01202	0.00635	0.00356	0.01194
35	0.01012	0.00723	0.00964	0.01157	0.01205	0.00675	0.00771	0.01157	0.01591	0.02121	0.04579	0.70262	0.05495	0.02603	0.01060	0.00337	0.00482	0.02362	0.00771	0.00675
36	0.01032	0.00738	0.00982	0.01143	0.01209	0.00688	0.00773	0.01207	0.01684	0.02270	0.12029	0.62388	0.05783	0.02491	0.01050	0.00328	0.00471	0.02256	0.00789	0.00688
37	0.01569	0.01477	0.02492	0.68808	0.05722	0.01846	0.02307	0.02123	0.01661	0.02123	0.01477	0.02215	0.01107	0.00831	0.00831	0.00277	0.01107	0.00738	0.00369	0.00923
38	0.02008	0.02259	0.11132	0.04763	0.57997	0.01968	0.02613	0.02560	0.01875	0.02704	0.01554	0.02019	0.01284	0.00746	0.00818	0.00249	0.01017	0.00725	0.00404	0.01305
39	0.00982	0.00842	0.00842	0.00842	0.01122	0.00701	0.00631	0.01192	0.01894	0.02244	0.08416	0.07995	0.65285	0.02104	0.00982	0.00281	0.00421	0.01753	0.00771	0.00701
40	0.01855	0.27074	0.45375	0.02046	0.03098	0.02391	0.02509	0.02582	0.01732	0.02401	0.01377	0.01611	0.01057	0.00763	0.00702	0.00234	0.01112	0.00556	0.00352	0.01173
41	0.05008	0.02201	0.05316	0.05993	0.37506	0.06329	0.02139	0.16605	0.02361	0.03253	0.01888	0.02202	0.03751	0.00866	0.00814	0.00249	0.00983	0.00752	0.00524	0.01260

[dist]
# distance from previous block
# <min> <max>
0	1

[block]
# block no. 1 follows, 22 sequences, length 26
# corresponding to MSA columns:
# 60-85
name=unknown_B
#
# <colnr> <probs for GDERKNQSTAVLIFYWHMCP>
#	G	D	E	R	K	N	Q	S	T	A	V	L	I	F	Y	W	H	M	C	P
0	0.02252	0.02403	0.02882	0.03893	0.42332	0.18909	0.02116	0.02651	0.02003	0.02511	0.01860	0.02218	0.04742	0.00838	0.00801	0.00234	0.01070	0.00729	0.00440	0.05117
1	0.01204	0.00811	0.00930	0.00923	0.00946	0.00803	0.00537	0.01251	0.01344	0.01815	0.10034	0.05528	0.03591	0.62613	0.03843	0.00741	0.00756	0.01243	0.00552	0.00537
2	0.00982	0.00842	0.00842	0.00842	0.01122	0.00701	0.00631	0.01192	0.01894	0.02244	0.08416	0.07995	0.65285	0.02104	0.00982	0.00281	0.00421	0.01753	0.00771	0.00701
3	0.01014	0.00755	0.00945	0.01083	0.01189	0.00686	0.00742	0.01186	0.01695	0.02210	0.08540	0.53479	0.18553	0.02448	0.01039	0.00321	0.00464	0.02186	0.00779	0.00686
4	0.03103	0.03959	0.02354	0.02140	0.02568	0.67469	0.01605	0.03317	0.02354	0.02033	0.01284	0.01498	0.01070	0.00856	0.00749	0.00214	0.01498	0.00535	0.00428	0.00963
5	0.01549	0.00774	0.00774	0.00774	0.00968	0.00774	0.00581	0.01936	0.01742	0.03097	0.02710	0.03097	0.02129	0.00968	0.00581	0.00194	0.00387	0.00774	0.75416	0.00774
6	0.02033	0.01661	0.01889	0.01378	0.02100	0.01425	0.01113	0.15239	0.02195	0.03254	0.01589	0.01781	0.01270	0.00698	0.00662	0.00150	0.00680	0.00548	0.00566	0.59769
7	0.01020	0.00729	0.00971	0.01151	0.01207	0.00680	0.00772	0.01178	0.01629	0.02182	0.07656	0.67009	0.05614	0.02557	0.01056	0.00334	0.00477	0.02318	0.00778	0.00680
8	0.01962	0.01812	0.06439	0.01937	0.02410	0.01723	0.14081	0.20165	0.02309	0.03116	0.02680	0.14858	0.04913	0.13148	0.01561	0.00373	0.03691	0.01190	0.00627	0.01006
9	0.01666	0.04297	0.66500	0.02368	0.03596	0.01929	0.03069	0.02631	0.01754	0.02631	0.01491	0.01754	0.01052	0.00789	0.00789	0.00263	0.01228	0.00614	0.00351	0.01228
10	0.01123	0.00847	0.01038	0.00990	0.01209	0.00761	0.00742	0.01466	0.02227	0.03037	0.49799	0.06690	0.23407	0.01808	0.00980	0.00266	0.00400	0.01570	0.00876	0.00761
11	0.01187	0.00890	0.01335	0.01335	0.01483	0.01038	0.01038	0.01483	0.01335	0.01928	0.02225	0.03264	0.02077	0.06231	0.67512	0.01335	0.02225	0.00890	0.00445	0.00742
12	0.02764	0.03316	0.02684	0.03099	0.22997	0.46250	0.01911	0.03069	0.02204	0.02254	0.01374	0.01679	0.01150	0.00819	0.00773	0.00225	0.01333	0.00602	0.00423	0.01077
13	0.02816	0.03503	0.02679	0.02306	0.02733	0.52053	0.08861	0.03084	0.02180	0.02104	0.01308	0.01624	0.01095	0.00908	0.01010	0.00240	0.09493	0.00611	0.00419	0.00975
14	0.01025	0.00739	0.00974	0.01157	0.01223	0.00689	0.00789	0.01183	0.01621	0.02143	0.04773	0.64308	0.08612	0.02563	0.01060	0.00336	0.00491	0.04863	0.00771	0.00680
15	0.02220	0.61652	0.09785	0.01545	0.02286	0.06672	0.01578	0.02546	0.01730	0.02019	0.01192	0.01379	0.01065	0.00726	0.00568	0.00187	0.00952	0.00464	0.00359	0.01075
16	0.01121	0.00841	0.01038	0.01001	0.01210	0.00759	0.00746	0.01457	0.02204	0.03009	0.48480	0.09740	0.21660	0.01841	0.00984	0.00270	0.00403	0.01605	0.00873	0.00759
17	0.01174	0.00838	0.01125	0.01148	0.01227	0.00905	0.00800	0.01338	0.01316	0.01829	0.02656	0.12044	0.02846	0.30736	0.35198	0.01012	0.01470	0.01187	0.00506	0.00642
18	0.01775	0.03763	0.54134	0.02203	0.03282	0.01867	0.02708	0.02837	0.08512	0.05400	0.04423	0.02129	0.01537	0.00873	0.00805	0.00265	0.01110	0.00695	0.00456	0.01226
19	0.02107	0.02097	0.03237	0.08896	0.56932	0.07060	0.02461	0.02582	0.01913	0.02624	0.01536	0.02023	0.01284	0.00755	0.00817	0.00246	0.01034	0.00724	0.00410	0.01264
20	0.03588	0.01383	0.01883	0.01454	0.02073	0.01197	0.01197	0.03913	0.02376	0.62759	0.06664	0.03012	0.02373	0.01065	0.00843	0.00257	0.00690	0.00872	0.01022	0.01379
21	0.02056	0.01974	0.03372	0.05099	0.65622	0.01974	0.02550	0.02550	0.01892	0.02714	0.01563	0.02056	0.01316	0.00740	0.00822	0.00247	0.00987	0.00740	0.00411	0.01316
22	0.01666	0.04297	0.66500	0.02368	0.03596	0.01929	0.03069	0.02631	0.01754	0.02631	0.01491	0.01754	0.01052	0.00789	0.00789	0.00263	0.01228	0.00614	0.00351	0.01228
23	0.01380	0.01169	0.01762	0.01593	0.01728	0.01404	0.05018	0.01629	0.01340	0.01940	0.02000	0.03222	0.01955	0.15074	0.38807	0.00968	0.16901	0.00910	0.00435	0.00765
24	0.01199	0.00842	0.01094	0.01094	0.01158	0.00907	0.00737	0.01328	0.01264	0.01750	0.02446	0.04487	0.02608	0.42579	0.31890	0.01037	0.01426	0.01069	0.00478	0.00608
25	0.02524	0.01978	0.02126	0.01901	0.05932	0.05884	0.01410	0.39259	0.03059	0.04041	0.02531	0.17345	0.02368	0.04427	0.01027	0.00291	0.00852	0.01115	0.00754	0.01175

[dist]
# distance from previous block
# <min> <max>
3	6

[block]
# block no. 2 follows, 22 sequences, length 107
# corresponding to MSA columns:
# 92-198
name=unknown_C
#
# <colnr> <probs for GDERKNQSTAVLIFYWHMCP>
#	G	D	E	R	K	N	Q	S	T	A	V	L	I	F	Y	W	H	M	C	P
0	0.01956	0.05742	0.16946	0.03491	0.32088	0.08435	0.05421	0.02484	0.01867	0.02521	0.01859	0.09885	0.01708	0.00977	0.00830	0.00256	0.01049	0.00880	0.00440	0.01165
1	0.17911	0.01457	0.04128	0.01787	0.09694	0.01424	0.01276	0.09031	0.02062	0.03203	0.14348	0.13769	0.06234	0.01485	0.00868	0.00285	0.00677	0.08731	0.00686	0.00945
2	0.05678	0.02481	0.05179	0.02249	0.05817	0.09970	0.09070	0.34758	0.09541	0.04079	0.01945	0.02051	0.01433	0.00929	0.00827	0.00253	0.01020	0.00754	0.00684	0.01282
3	0.08754	0.05392	0.11108	0.14586	0.28438	0.12959	0.02223	0.02604	0.01861	0.02547	0.01439	0.01857	0.01157	0.00783	0.00768	0.00247	0.01090	0.00651	0.00406	0.01131
4	0.02768	0.02306	0.02416	0.01946	0.02411	0.08938	0.01584	0.40718	0.03048	0.04039	0.01755	0.02067	0.01383	0.04346	0.01397	0.00297	0.15948	0.00744	0.00673	0.01215
5	0.01187	0.00890	0.01335	0.01335	0.01483	0.01038	0.01038	0.01483	0.01335	0.01928	0.02225	0.03264	0.02077	0.06231	0.67512	0.01335	0.02225	0.00890	0.00445	0.00742
6	0.01012	0.00723	0.00964	0.01157	0.01205	0.00675	0.00771	0.01157	0.01591	0.02121	0.04579	0.70262	0.05495	0.02603	0.01060	0.00337	0.00482	0.02362	0.00771	0.00675
7	0.01846	0.08008	0.02554	0.02012	0.02115	0.05799	0.01680	0.02051	0.01373	0.01989	0.01239	0.01927	0.01203	0.01915	0.10003	0.00453	0.51840	0.00711	0.00376	0.00906
8	0.02739	0.03053	0.05721	0.02445	0.05306	0.30152	0.12381	0.18386	0.02577	0.03017	0.01545	0.01807	0.01201	0.00893	0.00931	0.00247	0.05258	0.00690	0.00523	0.01128
9	0.01208	0.00805	0.00906	0.00906	0.00906	0.00805	0.00503	0.01208	0.01208	0.01611	0.02618	0.05436	0.03020	0.70804	0.04228	0.00805	0.00805	0.01208	0.00503	0.00503
10	0.02333	0.01282	0.01412	0.01186	0.01577	0.01313	0.00946	0.17932	0.02406	0.14391	0.02623	0.02768	0.01933	0.00986	0.00688	0.00219	0.00577	0.00778	0.43605	0.01047
11	0.02221	0.71304	0.04353	0.01421	0.02132	0.03287	0.01421	0.02488	0.01688	0.01955	0.01155	0.01333	0.01066	0.00711	0.00533	0.00178	0.00888	0.00444	0.00355	0.01066
12	0.01208	0.00805	0.00906	0.00906	0.00906	0.00805	0.00503	0.01208	0.01208	0.01611	0.02618	0.05436	0.03020	0.70804	0.04228	0.00805	0.00805	0.01208	0.00503	0.00503
13	0.02028	0.15731	0.20553	0.02943	0.16322	0.02278	0.15506	0.06215	0.05591	0.02729	0.01624	0.01937	0.01264	0.00777	0.00796	0.00248	0.01100	0.00716	0.00436	0.01208
14	0.12120	0.18286	0.02583	0.01793	0.02284	0.42343	0.01433	0.02967	0.02064	0.02274	0.01299	0.01510	0.01092	0.00818	0.00665	0.00211	0.01210	0.00514	0.03561	0.00970
15	0.03055	0.02276	0.02435	0.01891	0.02537	0.02528	0.01554	0.57326	0.09600	0.05069	0.02126	0.02099	0.01519	0.01010	0.00832	0.00252	0.00890	0.00766	0.00832	0.01404
16	0.01187	0.00890	0.01335	0.01335	0.01483	0.01038	0.01038	0.01483	0.01335	0.01928	0.02225	0.03264	0.02077	0.06231	0.67512	0.01335	0.02225	0.00890	0.00445	0.00742
17	0.01569	0.01477	0.02492	0.68808	0.05722	0.01846	0.02307	0.02123	0.01661	0.02123	0.01477	0.02215	0.01107	0.00831	0.00831	0.00277	0.01107	0.00738	0.00369	0.00923
18	0.01187	0.00890	0.01335	0.01335	0.01483	0.01038	0.01038	0.01483	0.01335	0.01928	0.02225	0.03264	0.02077	0.06231	0.67512	0.01335	0.02225	0.00890	0.00445	0.00742
19	0.01297	0.00939	0.01279	0.01455	0.01626	0.00940	0.01213	0.01708	0.04393	0.02447	0.04396	0.22456	0.04845	0.02314	0.01116	0.00368	0.00699	0.44971	0.00770	0.00768
20	0.03103	0.03959	0.02354	0.02140	0.02568	0.67469	0.01605	0.03317	0.02354	0.02033	0.01284	0.01498	0.01070	0.00856	0.00749	0.00214	0.01498	0.00535	0.00428	0.00963
21	0.01050	0.00844	0.00936	0.00913	0.01164	0.00730	0.00685	0.01325	0.02055	0.02628	0.28457	0.07363	0.45004	0.01961	0.00981	0.00274	0.00411	0.01665	0.00822	0.00730
22	0.01569	0.01477	0.02492	0.68808	0.05722	0.01846	0.02307	0.02123	0.01661	0.02123	0.01477	0.02215	0.01107	0.00831	0.00831	0.00277	0.01107	0.00738	0.00369	0.00923
23	0.03103	0.03959	0.02354	0.02140	0.02568	0.67469	0.01605	0.03317	0.02354	0.02033	0.01284	0.01498	0.01070	0.00856	0.00749	0.00214	0.01498	0.00535	0.00428	0.00963
24	0.01134	0.00848	0.01052	0.01001	0.01215	0.00766	0.00751	0.01486	0.02252	0.03096	0.52879	0.06593	0.20291	0.01786	0.00980	0.00265	0.00398	0.01557	0.00883	0.00766
25	0.01012	0.00723	0.00964	0.01157	0.01205	0.00675	0.00771	0.01157	0.01591	0.02121	0.04579	0.70262	0.05495	0.02603	0.01060	0.00337	0.00482	0.02362	0.00771	0.00675
26	0.02008	0.01300	0.01529	0.01346	0.01741	0.01324	0.01049	0.03064	0.24308	0.16434	0.24624	0.04569	0.10402	0.01395	0.00902	0.00270	0.00555	0.01187	0.00900	0.01097
27	0.02805	0.18517	0.02894	0.02280	0.08799	0.46835	0.01660	0.03058	0.02162	0.02084	0.01284	0.01518	0.01094	0.00813	0.00709	0.00209	0.01313	0.00536	0.00410	0.01021
28	0.02612	0.24881	0.03045	0.02186	0.09722	0.32726	0.01602	0.06038	0.02116	0.02238	0.01378	0.01728	0.01210	0.04197	0.00862	0.00237	0.01180	0.00574	0.00428	0.01039
29	0.01203	0.00824	0.01000	0.01000	0.01033	0.00856	0.00621	0.01268	0.01236	0.01680	0.02532	0.04960	0.02814	0.56655	0.18095	0.00921	0.01117	0.01138	0.00491	0.00556
30	0.02941	0.02805	0.02280	0.01899	0.02406	0.27485	0.01481	0.33653	0.03035	0.03634	0.01782	0.02148	0.01442	0.07946	0.01140	0.00291	0.01129	0.00712	0.00642	0.01148
31	0.00993	0.00797	0.00888	0.00961	0.01154	0.00691	0.00684	0.01179	0.01779	0.02197	0.06959	0.31630	0.42590	0.02293	0.01012	0.00302	0.00444	0.01984	0.00771	0.00691
32	0.03103	0.03959	0.02354	0.02140	0.02568	0.67469	0.01605	0.03317	0.02354	0.02033	0.01284	0.01498	0.01070	0.00856	0.00749	0.00214	0.01498	0.00535	0.00428	0.00963
33	0.01016	0.00843	0.00888	0.00877	0.01143	0.00716	0.00658	0.01258	0.01973	0.02434	0.18305	0.07683	0.55277	0.02033	0.00981	0.00277	0.00416	0.01710	0.00796	0.00716
34	0.02822	0.03490	0.02396	0.02149	0.02483	0.53243	0.01652	0.03028	0.02117	0.02026	0.01242	0.01568	0.01075	0.00987	0.01182	0.00247	0.16351	0.00577	0.00414	0.00951
35	0.02056	0.01974	0.03372	0.05099	0.65622	0.01974	0.02550	0.02550	0.01892	0.02714	0.01563	0.02056	0.01316	0.00740	0.00822	0.00247	0.00987	0.00740	0.00411	0.01316
36	0.01816	0.01765	0.01526	0.01426	0.01599	0.18453	0.01016	0.04624	0.01659	0.01970	0.02084	0.03621	0.02147	0.32469	0.16365	0.00715	0.04611	0.00921	0.00479	0.00734
37	0.01021	0.00843	0.00896	0.00883	0.01146	0.00718	0.00662	0.01269	0.01987	0.02465	0.19970	0.07631	0.53593	0.02021	0.00981	0.00277	0.00415	0.01702	0.00801	0.00718
38	0.02256	0.01879	0.01985	0.01729	0.02233	0.02155	0.01361	0.14580	0.53646	0.03781	0.03140	0.02907	0.02341	0.01104	0.00843	0.00276	0.00702	0.00906	0.00843	0.01332
39	0.01082	0.00780	0.01039	0.01221	0.01313	0.00738	0.00888	0.01282	0.01677	0.02207	0.04744	0.53630	0.08529	0.02509	0.01075	0.00344	0.00541	0.14934	0.00770	0.00696
40	0.02056	0.01974	0.03372	0.05099	0.65622	0.01974	0.02550	0.02550	0.01892	0.02714	0.01563	0.02056	0.01316	0.00740	0.00822	0.00247	0.00987	0.00740	0.00411	0.01316
41	0.01757	0.16225	0.03399	0.02236	0.02735	0.02070	0.23488	0.02180	0.01628	0.02207	0.01671	0.02320	0.01455	0.02516	0.21844	0.00597	0.09488	0.00810	0.00408	0.00966
42	0.02825	0.26040	0.03073	0.01822	0.02424	0.24022	0.01535	0.23112	0.02654	0.03086	0.01480	0.01610	0.01184	0.00855	0.00704	0.00214	0.01096	0.00576	0.00539	0.01149
43	0.03115	0.03608	0.02384	0.02091	0.02570	0.53486	0.01600	0.16146	0.02689	0.02723	0.01437	0.01605	0.01144	0.00886	0.00767	0.00222	0.01372	0.00581	0.00515	0.01060
44	0.02515	0.01904	0.02248	0.01798	0.02252	0.02171	0.03829	0.36861	0.02892	0.04063	0.01963	0.02224	0.01507	0.01311	0.04349	0.00313	0.12444	0.00765	0.13417	0.01175
45	0.02025	0.01860	0.01794	0.01626	0.02069	0.07618	0.01257	0.03926	0.51137	0.03199	0.03811	0.03556	0.10055	0.01222	0.00854	0.00276	0.00702	0.01003	0.00800	0.01209
46	0.02621	0.04953	0.09374	0.01474	0.02071	0.01376	0.01336	0.05987	0.04732	0.33361	0.14190	0.03673	0.08787	0.01205	0.00855	0.00258	0.00703	0.00993	0.00857	0.01195
47	0.01271	0.01041	0.01145	0.01085	0.01378	0.01014	0.00823	0.01988	0.15066	0.02852	0.25657	0.06394	0.33638	0.01769	0.00953	0.00275	0.00461	0.01502	0.00833	0.00856
48	0.01208	0.00805	0.00906	0.00906	0.00906	0.00805	0.00503	0.01208	0.01208	0.01611	0.02618	0.05436	0.03020	0.70804	0.04228	0.00805	0.00805	0.01208	0.00503	0.00503
49	0.03025	0.02261	0.02418	0.01885	0.02526	0.02514	0.01547	0.55730	0.11244	0.05021	0.02164	0.02129	0.01550	0.01013	0.00833	0.00253	0.00883	0.00771	0.00833	0.01401
50	0.01120	0.00992	0.01332	0.01184	0.01485	0.00873	0.07877	0.01363	0.01813	0.02224	0.06778	0.12065	0.47183	0.08415	0.01292	0.00334	0.00576	0.01661	0.00705	0.00730
51	0.02221	0.71304	0.04353	0.01421	0.02132	0.03287	0.01421	0.02488	0.01688	0.01955	0.01155	0.01333	0.01066	0.00711	0.00533	0.00178	0.00888	0.00444	0.00355	0.01066
52	0.02221	0.71304	0.04353	0.01421	0.02132	0.03287	0.01421	0.02488	0.01688	0.01955	0.01155	0.01333	0.01066	0.00711	0.00533	0.00178	0.00888	0.00444	0.00355	0.01066
53	0.01206	0.00813	0.00944	0.00944	0.00958	0.00826	0.00551	0.01233	0.01219	0.01639	0.02583	0.05243	0.02936	0.65050	0.09868	0.00853	0.00932	0.01180	0.00498	0.00525
54	0.01264	0.00892	0.00952	0.00958	0.01199	0.00828	0.00721	0.04692	0.01919	0.02616	0.05873	0.15484	0.34302	0.01834	0.00890	0.00269	0.00463	0.04154	0.19934	0.00757
55	0.01958	0.01874	0.03196	0.17867	0.53617	0.01948	0.02501	0.02464	0.01845	0.02595	0.01545	0.02088	0.01274	0.00758	0.00824	0.00253	0.01011	0.00740	0.00403	0.01237
56	0.01549	0.00774	0.00774	0.00774	0.00968	0.00774	0.00581	0.01936	0.01742	0.03097	0.02710	0.03097	0.02129	0.00968	0.00581	0.00194	0.00387	0.00774	0.75416	0.00774
57	0.01102	0.00820	0.01026	0.01030	0.01210	0.00744	0.00752	0.01405	0.02096	0.02856	0.40931	0.20587	0.18429	0.01975	0.00998	0.00282	0.00417	0.01739	0.00855	0.00744
58	0.01907	0.11092	0.29055	0.02745	0.14046	0.05050	0.05350	0.02499	0.01706	0.02411	0.01381	0.01784	0.01119	0.00908	0.01176	0.00270	0.15333	0.00654	0.00371	0.01141
59	0.01005	0.00842	0.00873	0.00865	0.01136	0.00711	0.00649	0.01236	0.01947	0.02371	0.15053	0.07786	0.58568	0.02057	0.00982	0.00278	0.00417	0.01724	0.00788	0.00711
60	0.01208	0.00805	0.00906	0.00906	0.00906	0.00805	0.00503	0.01208	0.01208	0.01611	0.02618	0.05436	0.03020	0.70804	0.04228	0.00805	0.00805	0.01208	0.00503	0.00503
61	0.01666	0.04297	0.66500	0.02368	0.03596	0.01929	0.03069	0.02631	0.01754	0.02631	0.01491	0.01754	0.01052	0.00789	0.00789	0.00263	0.01228	0.00614	0.00351	0.01228
62	0.01723	0.01477	0.01723	0.01230	0.01969	0.01107	0.00984	0.02092	0.01723	0.02707	0.01477	0.01723	0.01230	0.00615	0.00615	0.00123	0.00615	0.00492	0.00492	0.75883
63	0.02381	0.46273	0.11109	0.01716	0.02415	0.19518	0.01661	0.02716	0.01866	0.02054	0.01227	0.01424	0.01066	0.00757	0.00618	0.00197	0.01084	0.00487	0.00373	0.01059
64	0.00984	0.00835	0.00849	0.00860	0.01127	0.00700	0.00639	0.01190	0.01876	0.02237	0.08191	0.11639	0.61786	0.02133	0.00986	0.00284	0.00424	0.01789	0.00771	0.00700
65	0.01167	0.00788	0.00918	0.00959	0.00969	0.00778	0.00559	0.01197	0.01288	0.01718	0.03028	0.19005	0.03538	0.56530	0.03565	0.00707	0.00738	0.01450	0.00559	0.00539
66	0.01549	0.00774	0.00774	0.00774	0.00968	0.00774	0.00581	0.01936	0.01742	0.03097	0.02710	0.03097	0.02129	0.00968	0.00581	0.00194	0.00387	0.00774	0.75416	0.00774
67	0.00982	0.00842	0.00842	0.00842	0.01122	0.00701	0.00631	0.01192	0.01894	0.02244	0.08416	0.07995	0.65285	0.02104	0.00982	0.00281	0.00421	0.01753	0.00771	0.00701
68	0.01723	0.01477	0.01723	0.01230	0.01969	0.01107	0.00984	0.02092	0.01723	0.02707	0.01477	0.01723	0.01230	0.00615	0.00615	0.00123	0.00615	0.00492	0.00492	0.75883
69	0.02449	0.01810	0.01916	0.01590	0.02088	0.02015	0.01274	0.30440	0.23076	0.04193	0.02604	0.02597	0.01936	0.01033	0.00781	0.00248	0.00715	0.00816	0.17179	0.01241
70	0.01666	0.04297	0.66500	0.02368	0.03596	0.01929	0.03069	0.02631	0.01754	0.02631	0.01491	0.01754	0.01052	0.00789	0.00789	0.00263	0.01228	0.00614	0.00351	0.01228
71	0.01666	0.04297	0.66500	0.02368	0.03596	0.01929	0.03069	0.02631	0.01754	0.02631	0.01491	0.01754	0.01052	0.00789	0.00789	0.00263	0.01228	0.00614	0.00351	0.01228
72	0.00992	0.00842	0.00856	0.00852	0.01128	0.00706	0.00639	0.01212	0.01918	0.02302	0.11445	0.07899	0.62220	0.02082	0.00982	0.00279	0.00419	0.01740	0.00779	0.00706
73	0.02033	0.01951	0.03331	0.08077	0.62822	0.01968	0.02538	0.02530	0.01881	0.02686	0.01559	0.02064	0.01306	0.00744	0.00823	0.00248	0.00993	0.00740	0.00409	0.01298
74	0.01049	0.00874	0.00924	0.00948	0.01205	0.00770	0.00711	0.01353	0.04570	0.02295	0.07558	0.15127	0.52708	0.02129	0.00993	0.00292	0.00454	0.04537	0.00774	0.00728
75	0.02951	0.11740	0.02636	0.02196	0.05490	0.56877	0.01628	0.03184	0.02254	0.02056	0.01282	0.01505	0.01081	0.00834	0.00727	0.00211	0.01403	0.00534	0.00419	0.00992
76	0.01712	0.04025	0.59119	0.02687	0.10848	0.01935	0.03009	0.02621	0.01770	0.02641	0.01499	0.01789	0.01083	0.00784	0.00793	0.00261	0.01200	0.00629	0.00358	0.01238
77	0.01912	0.17912	0.26666	0.02649	0.03599	0.02297	0.28219	0.02613	0.01828	0.02497	0.01500	0.01871	0.01145	0.00734	0.00816	0.00252	0.01228	0.00734	0.00382	0.01147
78	0.01157	0.00848	0.01084	0.01025	0.01229	0.00776	0.00769	0.01531	0.02307	0.03225	0.59628	0.06381	0.13461	0.01738	0.00980	0.00263	0.00395	0.01527	0.00900	0.00776
79	0.76672	0.01607	0.01221	0.01092	0.01607	0.01864	0.00900	0.02442	0.01414	0.03727	0.01157	0.01350	0.00900	0.00771	0.00514	0.00257	0.00643	0.00450	0.00514	0.00900
80	0.02056	0.01974	0.03372	0.05099	0.65622	0.01974	0.02550	0.02550	0.01892	0.02714	0.01563	0.02056	0.01316	0.00740	0.00822	0.00247	0.00987	0.00740	0.00411	0.01316
81	0.02056	0.01974	0.03372	0.05099	0.65622	0.01974	0.02550	0.02550	0.01892	0.02714	0.01563	0.02056	0.01316	0.00740	0.00822	0.00247	0.00987	0.00740	0.00411	0.01316
82	0.02014	0.01931	0.03297	0.10541	0.60506	0.01963	0.02529	0.02513	0.01872	0.02664	0.01555	0.02070	0.01298	0.00748	0.00823	0.00249	0.00997	0.00740	0.00408	0.01282
83	0.02056	0.01974	0.03372	0.05099	0.65622	0.01974	0.02550	0.02550	0.01892	0.02714	0.01563	0.02056	0.01316	0.00740	0.00822	0.00247	0.00987	0.00740	0.00411	0.01316
84	0.01359	0.01385	0.01116	0.01076	0.01379	0.12336	0.00807	0.01577	0.01992	0.02251	0.09440	0.06792	0.51805	0.01870	0.00941	0.00268	0.00607	0.01531	0.00717	0.00750
85	0.01569	0.01477	0.02492	0.68808	0.05722	0.01846	0.02307	0.02123	0.01661	0.02123	0.01477	0.02215	0.01107	0.00831	0.00831	0.00277	0.01107	0.00738	0.00369	0.00923
86	0.00983	0.00835	0.00848	0.00858	0.01126	0.00700	0.00638	0.01190	0.01878	0.02238	0.08217	0.11221	0.62187	0.02130	0.00986	0.00283	0.00424	0.01785	0.00771	0.00700
87	0.01008	0.00847	0.00878	0.00884	0.01156	0.00717	0.00672	0.01235	0.01917	0.02309	0.10990	0.07973	0.59636	0.02093	0.00990	0.00284	0.00436	0.04489	0.00778	0.00708
88	0.02392	0.02396	0.02104	0.01981	0.05280	0.19429	0.01462	0.06767	0.41994	0.03139	0.02675	0.02574	0.02037	0.01031	0.00818	0.00261	0.00908	0.00814	0.00714	0.01226
89	0.01011	0.00729	0.00958	0.01141	0.01201	0.00676	0.00764	0.01158	0.01605	0.02127	0.04766	0.67231	0.08405	0.02578	0.01057	0.00335	0.00479	0.02332	0.00771	0.00676
90	0.01339	0.00956	0.01339	0.01530	0.01721	0.00956	0.01339	0.01721	0.01912	0.02486	0.04399	0.09371	0.04781	0.02295	0.01147	0.00382	0.00765	0.60031	0.00765	0.00765
91	0.02814	0.21309	0.05664	0.01965	0.02501	0.48093	0.01622	0.03074	0.02157	0.02039	0.01260	0.01467	0.01068	0.00816	0.00695	0.00207	0.01329	0.00515	0.00406	0.01001
92	0.01707	0.07466	0.60693	0.02373	0.03558	0.02003	0.05678	0.02625	0.01760	0.02599	0.01483	0.01755	0.01062	0.00781	0.00785	0.00260	0.01219	0.00622	0.00354	0.01215
93	0.01208	0.00805	0.00906	0.00906	0.00906	0.00805	0.00503	0.01208	0.01208	0.01611	0.02618	0.05436	0.03020	0.70804	0.04228	0.00805	0.00805	0.01208	0.00503	0.00503
94	0.01012	0.00723	0.00964	0.01157	0.01205	0.00675	0.00771	0.01157	0.01591	0.02121	0.04579	0.70262	0.05495	0.02603	0.01060	0.00337	0.00482	0.02362	0.00771	0.00675
95	0.01787	0.03577	0.46928	0.03215	0.22826	0.01943	0.02908	0.02606	0.01797	0.02657	0.01513	0.01848	0.01134	0.00774	0.00800	0.00258	0.01153	0.00653	0.00370	0.01255
96	0.02056	0.01974	0.03372	0.05099	0.65622	0.01974	0.02550	0.02550	0.01892	0.02714	0.01563	0.02056	0.01316	0.00740	0.00822	0.00247	0.00987	0.00740	0.00411	0.01316
97	0.01071	0.00909	0.01025	0.01118	0.04905	0.00787	0.00764	0.01322	0.01955	0.02418	0.15638	0.07408	0.53836	0.01970	0.00972	0.00276	0.00450	0.01660	0.00770	0.00748
98	0.02029	0.02013	0.03601	0.04689	0.52097	0.02022	0.12964	0.02544	0.01876	0.02673	0.01562	0.02077	0.01296	0.00765	0.00936	0.00258	0.04143	0.00781	0.00411	0.01264
99	0.01661	0.01449	0.01383	0.01254	0.01628	0.06393	0.00981	0.12717	0.08380	0.02896	0.06005	0.06010	0.39494	0.01723	0.00932	0.00275	0.00635	0.04508	0.00762	0.00912
100	0.01073	0.00829	0.00986	0.01030	0.01229	0.00742	0.00770	0.01333	0.01947	0.02520	0.21761	0.21184	0.31642	0.02127	0.01015	0.00298	0.00460	0.07525	0.00807	0.00723
101	0.02056	0.01974	0.03372	0.05099	0.65622	0.01974	0.02550	0.02550	0.01892	0.02714	0.01563	0.02056	0.01316	0.00740	0.00822	0.00247	0.00987	0.00740	0.00411	0.01316
102	0.02328	0.25755	0.24937	0.01987	0.02779	0.24391	0.02047	0.02815	0.01934	0.02212	0.01313	0.01532	0.01063	0.00786	0.00693	0.00219	0.01209	0.00533	0.00378	0.01087
103	0.02377	0.02511	0.02562	0.03058	0.25208	0.21833	0.01849	0.03409	0.22943	0.02764	0.02089	0.02238	0.01651	0.00905	0.00808	0.00249	0.01031	0.00745	0.00562	0.01209
104	0.02726	0.05694	0.03251	0.02486	0.03103	0.31106	0.20505	0.15567	0.02532	0.02896	0.01551	0.01826	0.01201	0.00832	0.00830	0.00241	0.01322	0.00714	0.00507	0.01110
105	0.01526	0.01616	0.04469	0.01373	0.01612	0.14748	0.01053	0.01798	0.01989	0.02475	0.21006	0.31190	0.08203	0.01868	0.00955	0.00284	0.00702	0.01620	0.00719	0.00794
106	0.30942	0.04826	0.02212	0.01698	0.02239	0.05129	0.08380	0.18023	0.02194	0.03588	0.01881	0.02102	0.04595	0.01208	0.04261	0.00314	0.04083	0.00698	0.00578	0.01050

[dist]
# distance from previous block
# <min> <max>
0	2

[block]
# block no. 3 follows, 22 sequences, length 15
# corresponding to MSA columns:
# 201-215
name=unknown_D
#
# <colnr> <probs for GDERKNQSTAVLIFYWHMCP>
#	G	D	E	R	K	N	Q	S	T	A	V	L	I	F	Y	W	H	M	C	P
0	0.10177	0.26761	0.07564	0.02147	0.10636	0.18793	0.01682	0.05834	0.01983	0.02501	0.01445	0.01873	0.01256	0.00844	0.00683	0.00223	0.01048	0.03038	0.00439	0.01073
1	0.02953	0.02057	0.02272	0.01754	0.02392	0.02179	0.01436	0.47027	0.03393	0.11178	0.02209	0.05624	0.01674	0.01044	0.00821	0.00241	0.00838	0.00814	0.00813	0.09279
2	0.01057	0.00767	0.00999	0.01105	0.01210	0.00708	0.00766	0.01277	0.01828	0.02476	0.22232	0.48023	0.09846	0.02312	0.01032	0.00312	0.00452	0.02077	0.00812	0.00708
3	0.01549	0.00774	0.00774	0.00774	0.00968	0.00774	0.00581	0.01936	0.01742	0.03097	0.02710	0.03097	0.02129	0.00968	0.00581	0.00194	0.00387	0.00774	0.75416	0.00774
4	0.00982	0.00842	0.00842	0.00842	0.01122	0.00701	0.00631	0.01192	0.01894	0.02244	0.08416	0.07995	0.65285	0.02104	0.00982	0.00281	0.00421	0.01753	0.00771	0.00701
5	0.01069	0.00767	0.01015	0.01118	0.01218	0.00713	0.00776	0.01300	0.01856	0.02543	0.25724	0.47913	0.06312	0.02287	0.01032	0.00311	0.00451	0.02062	0.00821	0.00713
6	0.02777	0.02138	0.02279	0.01834	0.02431	0.02398	0.01487	0.42463	0.24915	0.04621	0.02478	0.02380	0.01805	0.01043	0.00836	0.00261	0.00825	0.00815	0.00836	0.01379
7	0.01101	0.00846	0.01007	0.00967	0.01195	0.00752	0.00725	0.01423	0.02175	0.02913	0.43326	0.06895	0.29958	0.01855	0.00981	0.00269	0.00403	0.01599	0.00859	0.00752
8	0.01723	0.01477	0.01723	0.01230	0.01969	0.01107	0.00984	0.02092	0.01723	0.02707	0.01477	0.01723	0.01230	0.00615	0.00615	0.00123	0.00615	0.00492	0.00492	0.75883
9	0.02613	0.01829	0.01950	0.01555	0.02053	0.01998	0.01251	0.43166	0.03167	0.04431	0.02218	0.02532	0.01713	0.06428	0.01035	0.00279	0.00777	0.00790	0.19030	0.01186
10	0.02106	0.01703	0.01818	0.01625	0.02094	0.01928	0.01267	0.04192	0.56327	0.07420	0.03685	0.03384	0.06374	0.01181	0.00853	0.00280	0.00646	0.00983	0.00852	0.01283
11	0.01037	0.00844	0.00919	0.00900	0.01156	0.00725	0.00675	0.01300	0.02025	0.02556	0.24672	0.07483	0.48835	0.01988	0.00981	0.00275	0.00413	0.01681	0.00812	0.00725
12	0.02450	0.19700	0.03093	0.02082	0.02495	0.29100	0.06369	0.02706	0.01868	0.02054	0.01231	0.01602	0.01089	0.00970	0.01250	0.00251	0.19712	0.00600	0.00392	0.00986
13	0.01006	0.00801	0.00885	0.00946	0.01135	0.00700	0.00668	0.01182	0.01753	0.02164	0.06820	0.27700	0.42220	0.06662	0.01215	0.00332	0.00465	0.01912	0.00754	0.00680
14	0.02524	0.28650	0.06841	0.01892	0.02415	0.31341	0.01650	0.02797	0.01930	0.02034	0.01223	0.01494	0.01070	0.00877	0.00932	0.00223	0.10178	0.00531	0.00388	0.01009

[dist]
# distance from previous block
# <min> <max>
0	1

[block]
# block no. 4 follows, 22 sequences, length 92
# corresponding to MSA columns:
# 217-308
name=unknown_E
#
# <colnr> <probs for GDERKNQSTAVLIFYWHMCP>
#	G	D	E	R	K	N	Q	S	T	A	V	L	I	F	Y	W	H	M	C	P
0	0.19109	0.09481	0.02258	0.01835	0.04941	0.21332	0.01403	0.10253	0.16024	0.03130	0.01806	0.01888	0.01410	0.00895	0.00709	0.00241	0.00968	0.00631	0.00580	0.01106
1	0.01483	0.01094	0.01325	0.01314	0.01556	0.01129	0.00989	0.02321	0.18752	0.05476	0.21608	0.25656	0.05167	0.01853	0.00978	0.00301	0.00537	0.06700	0.00842	0.00917
2	0.01054	0.00854	0.00948	0.01002	0.01245	0.00748	0.00780	0.01292	0.01871	0.02280	0.07307	0.13622	0.48409	0.02184	0.01021	0.00305	0.00493	0.13103	0.00770	0.00711
3	0.01863	0.02724	0.25829	0.02852	0.18909	0.01931	0.05149	0.03059	0.19774	0.02879	0.02383	0.02531	0.04530	0.00931	0.00832	0.00266	0.00973	0.00810	0.00531	0.01246
4	0.01696	0.07923	0.63137	0.02317	0.03516	0.02003	0.02980	0.02623	0.01750	0.02594	0.01473	0.01731	0.01053	0.00785	0.00775	0.00258	0.01209	0.00605	0.00351	0.01219
5	0.01739	0.01448	0.01614	0.01519	0.01911	0.01573	0.01214	0.03238	0.37788	0.03081	0.06563	0.05054	0.09237	0.01482	0.00920	0.00295	0.00646	0.14509	0.00803	0.05367
6	0.01006	0.00749	0.00937	0.01088	0.01187	0.00681	0.00741	0.01164	0.01656	0.02148	0.05414	0.56712	0.18506	0.02494	0.01043	0.00325	0.00469	0.02229	0.00771	0.00681
7	0.02831	0.17088	0.02979	0.02107	0.02637	0.46219	0.06890	0.05687	0.02255	0.02212	0.01324	0.01552	0.01101	0.00820	0.00730	0.00214	0.01343	0.00565	0.00430	0.01017
8	0.02056	0.01974	0.03372	0.05099	0.65622	0.01974	0.02550	0.02550	0.01892	0.02714	0.01563	0.02056	0.01316	0.00740	0.00822	0.00247	0.00987	0.00740	0.00411	0.01316
9	0.01217	0.00934	0.01393	0.01375	0.01517	0.01110	0.01075	0.01508	0.01332	0.01932	0.02171	0.03195	0.02030	0.06003	0.64432	0.01289	0.05413	0.00882	0.00441	0.00750
10	0.02366	0.60242	0.04025	0.01540	0.02204	0.13830	0.01452	0.02624	0.01797	0.01967	0.01176	0.01360	0.01067	0.00735	0.00569	0.00184	0.00989	0.00459	0.00367	0.01049
11	0.02924	0.06100	0.02452	0.01803	0.02428	0.02475	0.01493	0.51105	0.08851	0.04783	0.02105	0.02112	0.01529	0.00991	0.00802	0.00245	0.00862	0.00749	0.04841	0.01350
12	0.01013	0.00826	0.00896	0.00914	0.01150	0.00709	0.00672	0.01239	0.01914	0.02376	0.15689	0.16607	0.48866	0.02119	0.00993	0.00286	0.00426	0.01805	0.00791	0.00709
13	0.00985	0.00828	0.00855	0.00876	0.01131	0.00698	0.00647	0.01188	0.01860	0.02231	0.07991	0.14888	0.58666	0.02159	0.00991	0.00287	0.00428	0.01821	0.00771	0.00698
14	0.22461	0.41855	0.03192	0.01446	0.02059	0.13035	0.01310	0.02606	0.01719	0.02446	0.01176	0.01363	0.01022	0.00750	0.00562	0.00205	0.00918	0.00460	0.00410	0.01005
15	0.70308	0.01590	0.01283	0.01126	0.01651	0.01808	0.00928	0.02582	0.01498	0.09178	0.01342	0.01478	0.01001	0.00794	0.00542	0.00257	0.00648	0.00483	0.00559	0.00945
16	0.01146	0.00860	0.01126	0.01126	0.01270	0.00910	0.00825	0.01355	0.01431	0.01926	0.03697	0.04818	0.16399	0.20131	0.38140	0.00978	0.01497	0.01156	0.00531	0.00678
17	0.01129	0.00806	0.01098	0.01290	0.01389	0.00775	0.00974	0.01358	0.01706	0.02251	0.04514	0.48509	0.05240	0.02493	0.01091	0.00353	0.00583	0.22963	0.00769	0.00707
18	0.01012	0.00723	0.00964	0.01157	0.01205	0.00675	0.00771	0.01157	0.01591	0.02121	0.04579	0.70262	0.05495	0.02603	0.01060	0.00337	0.00482	0.02362	0.00771	0.00675
19	0.03158	0.02327	0.02493	0.01911	0.02576	0.02576	0.01579	0.62852	0.03906	0.05236	0.01995	0.01995	0.01413	0.00997	0.00831	0.00249	0.00914	0.00748	0.00831	0.01413
20	0.76672	0.01607	0.01221	0.01092	0.01607	0.01864	0.00900	0.02442	0.01414	0.03727	0.01157	0.01350	0.00900	0.00771	0.00514	0.00257	0.00643	0.00450	0.00514	0.00900
21	0.00990	0.00808	0.00876	0.00930	0.01145	0.00694	0.00670	0.01182	0.01809	0.02210	0.07340	0.25447	0.48527	0.02244	0.01004	0.00296	0.00438	0.01924	0.00771	0.00694
22	0.76672	0.01607	0.01221	0.01092	0.01607	0.01864	0.00900	0.02442	0.01414	0.03727	0.01157	0.01350	0.00900	0.00771	0.00514	0.00257	0.00643	0.00450	0.00514	0.00900
23	0.01187	0.00890	0.01335	0.01335	0.01483	0.01038	0.01038	0.01483	0.01335	0.01928	0.02225	0.03264	0.02077	0.06231	0.67512	0.01335	0.02225	0.00890	0.00445	0.00742
24	0.02140	0.61529	0.13419	0.01560	0.02346	0.03089	0.01662	0.02508	0.01698	0.02053	0.01204	0.01394	0.01064	0.00722	0.00570	0.00190	0.00938	0.00469	0.00355	0.01090
25	0.01666	0.04297	0.66500	0.02368	0.03596	0.01929	0.03069	0.02631	0.01754	0.02631	0.01491	0.01754	0.01052	0.00789	0.00789	0.00263	0.01228	0.00614	0.00351	0.01228
26	0.03158	0.02327	0.02493	0.01911	0.02576	0.02576	0.01579	0.62852	0.03906	0.05236	0.01995	0.01995	0.01413	0.00997	0.00831	0.00249	0.00914	0.00748	0.00831	0.01413
27	0.03103	0.03959	0.02354	0.02140	0.02568	0.67469	0.01605	0.03317	0.02354	0.02033	0.01284	0.01498	0.01070	0.00856	0.00749	0.00214	0.01498	0.00535	0.00428	0.00963
28	0.01760	0.03583	0.45522	0.02699	0.03761	0.02005	0.20800	0.02614	0.01796	0.02614	0.01531	0.01902	0.01116	0.00790	0.00925	0.00272	0.04026	0.00728	0.00372	0.01183
29	0.01418	0.01939	0.18837	0.01477	0.02012	0.01298	0.01462	0.02262	0.12988	0.02887	0.22506	0.07369	0.17276	0.01474	0.00908	0.00273	0.00674	0.01251	0.00714	0.00976
30	0.01569	0.01477	0.02492	0.68808	0.05722	0.01846	0.02307	0.02123	0.01661	0.02123	0.01477	0.02215	0.01107	0.00831	0.00831	0.00277	0.01107	0.00738	0.00369	0.00923
31	0.02129	0.01816	0.01914	0.01703	0.02184	0.02095	0.01330	0.07752	0.60682	0.03576	0.03302	0.03036	0.02472	0.01120	0.00844	0.00280	0.00672	0.00928	0.00844	0.01321
32	0.02852	0.02582	0.02304	0.02032	0.05814	0.20304	0.01532	0.32888	0.08439	0.03879	0.01956	0.02050	0.01471	0.00953	0.00788	0.00238	0.01013	0.00708	0.06977	0.01221
33	0.01978	0.01300	0.01827	0.01609	0.01822	0.01552	0.01305	0.02248	0.01570	0.16360	0.02120	0.02689	0.01756	0.03226	0.27883	0.00716	0.23479	0.00819	0.04792	0.00948
34	0.01057	0.00776	0.00917	0.01009	0.01103	0.00717	0.00663	0.01180	0.01564	0.02014	0.05026	0.36847	0.20061	0.20938	0.01898	0.00450	0.00554	0.01894	0.00699	0.00635
35	0.02176	0.02243	0.03060	0.04367	0.51141	0.13120	0.02286	0.02602	0.01954	0.02564	0.01687	0.05856	0.01512	0.00866	0.00823	0.00246	0.01046	0.00798	0.00435	0.01219
36	0.02893	0.16912	0.02755	0.01936	0.02465	0.39906	0.01551	0.14200	0.05202	0.02672	0.01481	0.01627	0.01197	0.00865	0.00726	0.00216	0.01233	0.00574	0.00506	0.01082
37	0.01048	0.00890	0.00909	0.00896	0.01182	0.00776	0.00674	0.01377	0.05100	0.02365	0.11198	0.07649	0.59000	0.02032	0.00975	0.00280	0.00431	0.01698	0.00783	0.00737
38	0.01021	0.00727	0.00961	0.01145	0.01191	0.00681	0.00759	0.01159	0.01573	0.02097	0.04488	0.67262	0.05380	0.05759	0.01207	0.00359	0.00497	0.02308	0.00759	0.00667
39	0.02930	0.03138	0.15020	0.02163	0.06253	0.29376	0.01844	0.06523	0.02298	0.19686	0.01917	0.01966	0.01365	0.00890	0.00789	0.00239	0.01170	0.00655	0.00595	0.01181
40	0.01732	0.01013	0.01247	0.01119	0.01447	0.00914	0.00863	0.02136	0.05089	0.17202	0.29162	0.08519	0.22931	0.01676	0.00945	0.00270	0.00488	0.01434	0.00889	0.00923
41	0.01007	0.00742	0.00945	0.01107	0.01192	0.00679	0.00749	0.01162	0.01638	0.02140	0.05184	0.60432	0.14933	0.02524	0.01048	0.00328	0.00472	0.02266	0.00771	0.00679
42	0.01723	0.01477	0.01723	0.01230	0.01969	0.01107	0.00984	0.02092	0.01723	0.02707	0.01477	0.01723	0.01230	0.00615	0.00615	0.00123	0.00615	0.00492	0.00492	0.75883
43	0.02383	0.06733	0.13861	0.02702	0.16631	0.22417	0.02006	0.06373	0.13605	0.02723	0.01801	0.01980	0.01410	0.00868	0.00783	0.00242	0.01118	0.00676	0.00505	0.01182
44	0.02578	0.35638	0.06138	0.01942	0.05188	0.31463	0.01624	0.02862	0.01994	0.02052	0.01245	0.01456	0.01078	0.00780	0.00652	0.00200	0.01176	0.00505	0.00390	0.01039
45	0.02056	0.01974	0.03372	0.05099	0.65622	0.01974	0.02550	0.02550	0.01892	0.02714	0.01563	0.02056	0.01316	0.00740	0.00822	0.00247	0.00987	0.00740	0.00411	0.01316
46	0.01012	0.00723	0.00964	0.01157	0.01205	0.00675	0.00771	0.01157	0.01591	0.02121	0.04579	0.70262	0.05495	0.02603	0.01060	0.00337	0.00482	0.02362	0.00771	0.00675
