[name]
unknown

[dist]
# distance from previous block
# <min> <max>
0	0

[block]
# block no. 0 follows, 21 sequences, length 9
# corresponding to MSA columns:
# 0-8
name=unknown_A
#
# <colnr> <probs for GDERKNQSTAVLIFYWHMCP>
#	G	D	E	R	K	N	Q	S	T	A	V	L	I	F	Y	W	H	M	C	P
0	0.01371	0.00980	0.01371	0.01567	0.01763	0.00980	0.01371	0.01763	0.01959	0.02547	0.04506	0.09599	0.04898	0.02351	0.01175	0.00392	0.00784	0.59056	0.00784	0.00784
1	0.01839	0.08345	0.01832	0.01591	0.06881	0.01384	0.01126	0.02389	0.09469	0.11345	0.17108	0.09237	0.10815	0.08795	0.01273	0.00332	0.00654	0.03836	0.00764	0.00985
2	0.01725	0.01194	0.01351	0.01153	0.01478	0.01118	0.00830	0.09268	0.01947	0.07178	0.06551	0.04785	0.13715	0.28916	0.02246	0.00469	0.00707	0.01139	0.00665	0.13566
3	0.01456	0.01191	0.01471	0.01491	0.06632	0.01057	0.01048	0.04807	0.02039	0.02764	0.12276	0.11143	0.22695	0.01634	0.00920	0.00258	0.00589	0.07280	0.00714	0.18535
4	0.02374	0.01818	0.02899	0.03969	0.43803	0.01797	0.02133	0.02977	0.06554	0.14907	0.06391	0.02629	0.02045	0.00911	0.00858	0.00258	0.00889	0.00846	0.00611	0.01330
5	0.01743	0.01452	0.01955	0.23821	0.05516	0.04285	0.01561	0.06775	0.01783	0.02462	0.01914	0.02806	0.01662	0.08945	0.10721	0.03697	0.06775	0.00823	0.10417	0.00887
6	0.01384	0.01069	0.01234	0.01135	0.01423	0.01035	0.00867	0.06583	0.07479	0.03247	0.37511	0.06295	0.23987	0.01758	0.00981	0.00274	0.00476	0.01506	0.00880	0.00875
7	0.02008	0.01121	0.01374	0.01202	0.01560	0.01040	0.00921	0.02496	0.07910	0.20945	0.22871	0.05361	0.17181	0.08623	0.01292	0.00330	0.00570	0.01310	0.00890	0.00993
8	0.01461	0.01077	0.01236	0.01159	0.01438	0.01041	0.00852	0.02081	0.12636	0.05902	0.19255	0.12267	0.19586	0.10904	0.01409	0.00352	0.00550	0.01467	0.00801	0.04525

[dist]
# distance from previous block
# <min> <max>
0	1

[block]
# block no. 1 follows, 21 sequences, length 10
# corresponding to MSA columns:
# 10-19
name=unknown_B
#
# <colnr> <probs for GDERKNQSTAVLIFYWHMCP>
#	G	D	E	R	K	N	Q	S	T	A	V	L	I	F	Y	W	H	M	C	P
0	0.01131	0.00780	0.00960	0.01065	0.01091	0.00754	0.00661	0.01210	0.01446	0.01928	0.03749	0.39552	0.04440	0.34272	0.02607	0.00570	0.00649	0.01865	0.00661	0.00609
1	0.01073	0.00824	0.00963	0.01023	0.01180	0.00762	0.00713	0.01244	0.01678	0.02127	0.05849	0.26042	0.30572	0.13210	0.08334	0.00500	0.00702	0.01809	0.00713	0.00683
2	0.01167	0.00795	0.00949	0.01018	0.01036	0.00778	0.00612	0.01219	0.01375	0.01834	0.03387	0.28051	0.03985	0.46394	0.03191	0.00657	0.00709	0.01653	0.00612	0.00577
3	0.02738	0.01600	0.01864	0.01525	0.02019	0.01636	0.01221	0.26211	0.02870	0.20717	0.07917	0.11768	0.02807	0.01305	0.00866	0.00264	0.00712	0.01077	0.09667	0.01217
4	0.02240	0.02260	0.01794	0.01630	0.01942	0.25247	0.01257	0.05926	0.05567	0.02626	0.02480	0.02783	0.06517	0.01598	0.07014	0.00347	0.08076	0.00796	0.18963	0.00938
5	0.15895	0.01375	0.01538	0.01296	0.01752	0.01378	0.01028	0.08204	0.05724	0.22326	0.14182	0.03815	0.08540	0.05205	0.01026	0.00297	0.00638	0.01008	0.03687	0.01087
6	0.01206	0.00917	0.01296	0.01244	0.01381	0.00868	0.05315	0.01401	0.01696	0.02287	0.15371	0.28156	0.08243	0.24254	0.02116	0.00479	0.00652	0.01725	0.00701	0.00691
7	0.01129	0.00835	0.01055	0.01151	0.01282	0.00751	0.00779	0.01291	0.01625	0.02194	0.04399	0.53204	0.08262	0.08613	0.01332	0.00364	0.00535	0.02078	0.00735	0.08387
8	0.02551	0.02496	0.02164	0.08096	0.07265	0.25358	0.01542	0.15777	0.02484	0.03075	0.01852	0.02173	0.01463	0.01212	0.04268	0.00293	0.01144	0.00698	0.15029	0.01062
9	0.12665	0.01411	0.01578	0.01421	0.01747	0.01577	0.01109	0.05770	0.16978	0.06685	0.11701	0.08505	0.06580	0.01513	0.01237	0.06054	0.07628	0.01069	0.03781	0.00991

[dist]
# distance from previous block
# <min> <max>
7	14

[block]
# block no. 2 follows, 21 sequences, length 37
# corresponding to MSA columns:
# 35-71
name=unknown_C
#
# <colnr> <probs for GDERKNQSTAVLIFYWHMCP>
#	G	D	E	R	K	N	Q	S	T	A	V	L	I	F	Y	W	H	M	C	P
0	0.05061	0.06661	0.15005	0.33715	0.04158	0.01836	0.02122	0.02467	0.01838	0.08630	0.06322	0.02422	0.01723	0.00909	0.00812	0.00264	0.01010	0.00757	0.00492	0.03797
1	0.02404	0.02182	0.02390	0.12101	0.14222	0.13907	0.01759	0.08160	0.18916	0.07096	0.02191	0.02394	0.01679	0.01082	0.00993	0.04960	0.00991	0.00781	0.00615	0.01176
2	0.10214	0.17981	0.11343	0.02712	0.19059	0.14557	0.01956	0.02903	0.06950	0.02638	0.01552	0.01802	0.01265	0.00817	0.00726	0.00237	0.01055	0.00619	0.00451	0.01165
3	0.18725	0.02569	0.16630	0.07412	0.29166	0.06303	0.02269	0.02631	0.01813	0.02911	0.01466	0.01847	0.01162	0.00790	0.00759	0.00259	0.01029	0.00648	0.00430	0.01183
4	0.25822	0.02301	0.10462	0.05027	0.05397	0.12934	0.01473	0.02546	0.05462	0.02891	0.04815	0.02770	0.06806	0.06748	0.01035	0.00307	0.00919	0.00778	0.00534	0.00972
5	0.02411	0.02483	0.02915	0.08707	0.14532	0.18150	0.11722	0.09340	0.12353	0.02961	0.01945	0.02224	0.01508	0.00892	0.00846	0.00257	0.01133	0.00782	0.03665	0.01176
6	0.01138	0.00807	0.00934	0.00992	0.01057	0.00767	0.00619	0.01219	0.01475	0.01917	0.04306	0.24868	0.14508	0.38417	0.02797	0.00590	0.00659	0.01683	0.00644	0.00603
7	0.01581	0.00991	0.01160	0.01106	0.01225	0.00988	0.00715	0.06518	0.01633	0.07287	0.03028	0.16008	0.03310	0.47127	0.03201	0.00649	0.00769	0.01369	0.00635	0.00700
8	0.01966	0.02169	0.04316	0.03192	0.03801	0.02285	0.44215	0.02528	0.01803	0.02528	0.01545	0.02169	0.01240	0.00943	0.01527	0.00312	0.21036	0.00928	0.00413	0.01084
9	0.05933	0.02174	0.04624	0.02461	0.16300	0.12777	0.01620	0.15633	0.02327	0.03060	0.02428	0.06777	0.05980	0.07216	0.06607	0.00396	0.01095	0.00926	0.00581	0.01085
10	0.01525	0.00959	0.01206	0.01166	0.01437	0.00837	0.00854	0.01771	0.01928	0.11419	0.13815	0.33164	0.15251	0.02006	0.00981	0.00290	0.00515	0.01765	0.00821	0.08290
11	0.01838	0.01748	0.02969	0.39036	0.33071	0.01951	0.02478	0.02376	0.01811	0.02454	0.01553	0.02194	0.01233	0.00808	0.00847	0.00269	0.01077	0.00757	0.00398	0.01131
12	0.02711	0.03974	0.20944	0.02363	0.05337	0.41268	0.02118	0.06831	0.02313	0.02494	0.01434	0.01665	0.01123	0.00861	0.00788	0.00237	0.01396	0.00593	0.00441	0.01109
13	0.02212	0.02091	0.03223	0.11489	0.49589	0.04844	0.02444	0.08540	0.02139	0.02944	0.01623	0.02093	0.01324	0.00800	0.00841	0.00255	0.01039	0.00750	0.00460	0.01299
14	0.01092	0.00809	0.00947	0.01014	0.01135	0.00742	0.00679	0.01244	0.01689	0.02182	0.10325	0.29755	0.22843	0.19419	0.01873	0.00442	0.00551	0.01861	0.00733	0.00664
15	0.01006	0.00862	0.00862	0.00862	0.01149	0.00718	0.00647	0.01221	0.01940	0.02299	0.08621	0.08190	0.64438	0.02155	0.01006	0.00287	0.00431	0.01796	0.00790	0.00718
16	0.03082	0.11177	0.02631	0.02114	0.02583	0.59901	0.01624	0.03307	0.02339	0.02074	0.01301	0.01517	0.01096	0.00861	0.00744	0.00215	0.01468	0.00538	0.00431	0.00998
17	0.01242	0.00864	0.01098	0.01115	0.01177	0.00910	0.00753	0.01367	0.01337	0.01823	0.02711	0.05229	0.02951	0.45138	0.22988	0.00954	0.01263	0.05948	0.00520	0.00612
18	0.01009	0.00851	0.00873	0.00891	0.01157	0.00716	0.00659	0.01218	0.01912	0.02288	0.08271	0.13649	0.59205	0.02201	0.01013	0.00293	0.00437	0.01852	0.00790	0.00716
19	0.03818	0.01448	0.01975	0.01514	0.02172	0.01251	0.01251	0.04147	0.02436	0.65373	0.03357	0.02897	0.02107	0.01053	0.00856	0.00263	0.00724	0.00856	0.01053	0.01448
20	0.02694	0.02609	0.02941	0.03540	0.31683	0.17469	0.02089	0.20391	0.02661	0.03381	0.01665	0.01953	0.01318	0.00864	0.00827	0.00246	0.01113	0.00711	0.00553	0.01292
21	0.02090	0.02067	0.03713	0.04953	0.54805	0.02044	0.12383	0.02631	0.01949	0.02771	0.01621	0.02138	0.01339	0.00751	0.00869	0.00258	0.01081	0.00799	0.00423	0.01315
22	0.02106	0.02022	0.03454	0.05223	0.64784	0.02022	0.02612	0.02612	0.01938	0.02780	0.01601	0.02106	0.01348	0.00758	0.00842	0.00253	0.01011	0.00758	0.00421	0.01348
23	0.56520	0.01745	0.01834	0.02205	0.18355	0.01939	0.01369	0.02531	0.01578	0.03543	0.01295	0.01574	0.01034	0.00782	0.00610	0.00261	0.00752	0.00540	0.00499	0.01034
24	0.01225	0.00875	0.01183	0.01183	0.01271	0.00964	0.00834	0.01401	0.01313	0.01839	0.02448	0.04278	0.02533	0.33134	0.40523	0.01140	0.01669	0.01049	0.00481	0.00657
25	0.02275	0.70604	0.04459	0.01456	0.02184	0.03367	0.01456	0.02548	0.01729	0.02002	0.01183	0.01365	0.01092	0.00728	0.00546	0.00182	0.00910	0.00455	0.00364	0.01092
26	0.02193	0.01823	0.02349	0.17820	0.11016	0.02049	0.01761	0.18611	0.18757	0.03595	0.08905	0.02867	0.02371	0.01060	0.00870	0.00272	0.00866	0.00898	0.00698	0.01221
27	0.03064	0.03838	0.02523	0.02517	0.09282	0.59757	0.01748	0.03314	0.02361	0.02157	0.01346	0.01596	0.01123	0.00864	0.00775	0.00223	0.01479	0.00571	0.00437	0.01025
28	0.66684	0.06214	0.01472	0.01157	0.01674	0.01956	0.00966	0.02446	0.01462	0.03586	0.01250	0.01499	0.01005	0.01121	0.04490	0.00324	0.00772	0.00487	0.00512	0.00923
29	0.01478	0.00739	0.01109	0.01109	0.01109	0.00739	0.00739	0.01109	0.01109	0.01478	0.01478	0.02587	0.01478	0.02956	0.03326	0.75240	0.00739	0.00739	0.00370	0.00370
30	0.01193	0.00887	0.01122	0.01114	0.01332	0.00816	0.00870	0.01554	0.02235	0.03034	0.42550	0.07295	0.19037	0.01931	0.01034	0.00293	0.00474	0.11567	0.00880	0.00782
31	0.02888	0.25475	0.03071	0.01955	0.02487	0.46299	0.01584	0.03125	0.02192	0.02057	0.01273	0.01480	0.01095	0.00829	0.00696	0.00207	0.01334	0.00518	0.00415	0.01021
32	0.01117	0.00824	0.01061	0.01212	0.01345	0.00769	0.00902	0.01344	0.01794	0.02332	0.07688	0.41738	0.16273	0.02462	0.01089	0.00343	0.00547	0.15643	0.00794	0.00722
33	0.03054	0.02249	0.02425	0.01894	0.02524	0.02479	0.01549	0.56951	0.03806	0.05101	0.02261	0.07592	0.01791	0.01157	0.00871	0.00263	0.00900	0.00902	0.00846	0.01385
34	0.01739	0.10307	0.02212	0.01650	0.02019	0.07016	0.07589	0.05838	0.06999	0.02532	0.03883	0.24321	0.13674	0.01688	0.01021	0.00289	0.04184	0.01448	0.00657	0.00933
35	0.02022	0.01078	0.01406	0.01305	0.01604	0.01000	0.00979	0.05946	0.02178	0.21097	0.16741	0.32487	0.04845	0.01896	0.00987	0.00299	0.00569	0.01673	0.00902	0.00983
36	0.02170	0.20199	0.07543	0.03032	0.09985	0.07811	0.31984	0.02722	0.01952	0.02489	0.01526	0.01947	0.01219	0.00742	0.00839	0.00250	0.01254	0.00780	0.00409	0.01146

[dist]
# distance from previous block
# <min> <max>
0	3

[block]
# block no. 3 follows, 21 sequences, length 12
# corresponding to MSA columns:
# 75-86
name=unknown_D
#
# <colnr> <probs for GDERKNQSTAVLIFYWHMCP>
#	G	D	E	R	K	N	Q	S	T	A	V	L	I	F	Y	W	H	M	C	P
0	0.17761	0.07687	0.18838	0.01891	0.02542	0.02101	0.04401	0.02396	0.01598	0.02735	0.01331	0.01708	0.01093	0.00937	0.01204	0.00265	0.17812	0.00605	0.00425	0.12670
1	0.11161	0.19430	0.03082	0.11674	0.19033	0.14433	0.01860	0.05448	0.01980	0.02617	0.01402	0.01747	0.01162	0.00802	0.00718	0.00234	0.01055	0.00608	0.00437	0.01115
2	0.01127	0.00831	0.00948	0.00979	0.01095	0.00786	0.00644	0.01245	0.01544	0.01974	0.04957	0.16288	0.23984	0.31954	0.07422	0.00611	0.00751	0.01585	0.00646	0.00630
3	0.08978	0.08117	0.06694	0.02337	0.02943	0.32107	0.14270	0.07452	0.02240	0.02643	0.01440	0.01734	0.01148	0.00854	0.00862	0.00246	0.03742	0.00658	0.00463	0.01071
4	0.02349	0.02491	0.07084	0.06688	0.02737	0.17958	0.03794	0.15170	0.02396	0.03021	0.01899	0.02614	0.01614	0.01390	0.05794	0.00322	0.01173	0.05657	0.00559	0.15290
5	0.01014	0.00832	0.00893	0.00943	0.01171	0.00712	0.00682	0.01212	0.01862	0.02267	0.07639	0.23509	0.49753	0.02283	0.01026	0.00302	0.00447	0.01952	0.00790	0.00712
6	0.02799	0.32642	0.03340	0.01813	0.02438	0.23094	0.01556	0.17648	0.02511	0.02867	0.01439	0.01588	0.01182	0.00848	0.00692	0.00212	0.01113	0.00562	0.00509	0.01148
7	0.01109	0.00798	0.00980	0.01061	0.01153	0.00746	0.00705	0.01269	0.01693	0.02252	0.14027	0.35775	0.12948	0.19292	0.01873	0.00446	0.00554	0.01906	0.00744	0.00668
8	0.01740	0.01676	0.02924	0.50322	0.17797	0.01937	0.06910	0.02306	0.01773	0.02340	0.01546	0.02238	0.01190	0.00822	0.00861	0.00278	0.01132	0.00775	0.00391	0.01043
9	0.01054	0.00855	0.00935	0.00935	0.01184	0.00736	0.00694	0.01307	0.02024	0.02546	0.21182	0.12449	0.46929	0.02098	0.01011	0.00287	0.00429	0.01784	0.00824	0.00736
10	0.01886	0.20484	0.38752	0.02226	0.03167	0.02415	0.05951	0.02577	0.01729	0.02440	0.01400	0.01726	0.01099	0.00871	0.01010	0.00262	0.09849	0.00622	0.00366	0.01168
11	0.02577	0.18466	0.03259	0.02809	0.17514	0.28749	0.05546	0.03044	0.05898	0.02363	0.01512	0.01782	0.01261	0.00822	0.00756	0.00227	0.01207	0.00631	0.00443	0.01130

[dist]
# distance from previous block
# <min> <max>
0	1

[block]
# block no. 4 follows, 21 sequences, length 38
# corresponding to MSA columns:
# 88-96,98-126
name=unknown_E
#
# <colnr> <probs for GDERKNQSTAVLIFYWHMCP>
#	G	D	E	R	K	N	Q	S	T	A	V	L	I	F	Y	W	H	M	C	P
0	0.20717	0.38606	0.05581	0.01546	0.02190	0.14774	0.01422	0.02701	0.01790	0.02493	0.01221	0.01417	0.01050	0.00774	0.00592	0.00212	0.00977	0.00480	0.00418	0.01036
1	0.02047	0.18912	0.03297	0.10715	0.21138	0.02453	0.04069	0.02727	0.10430	0.02505	0.01676	0.02060	0.01396	0.00935	0.01096	0.00265	0.11942	0.00718	0.00457	0.01162
2	0.01130	0.00851	0.01046	0.01032	0.01235	0.00766	0.00760	0.01449	0.02182	0.02956	0.41801	0.15314	0.22418	0.01972	0.01015	0.00283	0.00422	0.01724	0.00879	0.00766
3	0.01018	0.00856	0.00883	0.00890	0.01160	0.00721	0.00662	0.01240	0.01948	0.02351	0.11347	0.11361	0.58334	0.02161	0.01010	0.00289	0.00433	0.01816	0.00798	0.00721
4	0.01586	0.00793	0.00793	0.00793	0.00991	0.00793	0.00595	0.01983	0.01785	0.03173	0.02776	0.03173	0.02181	0.00991	0.00595	0.00198	0.00397	0.00793	0.74817	0.00793
5	0.03108	0.09291	0.02573	0.02134	0.02596	0.61695	0.01629	0.03331	0.02358	0.02076	0.01305	0.01521	0.01096	0.00865	0.00750	0.00216	0.01486	0.00541	0.00433	0.00995
6	0.10875	0.03232	0.28097	0.02237	0.06522	0.09895	0.02193	0.16156	0.02383	0.08098	0.01721	0.01874	0.01239	0.00878	0.00787	0.00258	0.01096	0.00655	0.00554	0.01249
7	0.13229	0.31957	0.13400	0.01751	0.02468	0.17226	0.01701	0.05141	0.01945	0.02534	0.01304	0.01503	0.01080	0.00796	0.00648	0.00220	0.01072	0.00518	0.00423	0.01084
8	0.03126	0.03955	0.02463	0.02343	0.05717	0.63465	0.01692	0.03359	0.02388	0.02117	0.01330	0.01563	0.01109	0.00871	0.00771	0.00221	0.01509	0.00559	0.00438	0.01005
9	0.02011	0.02231	0.04658	0.03701	0.11914	0.02167	0.50121	0.02665	0.01951	0.02686	0.01665	0.02242	0.01286	0.00776	0.01107	0.00288	0.05993	0.00955	0.00425	0.01158
10	0.01771	0.01010	0.01233	0.01095	0.01445	0.00879	0.00850	0.02079	0.02224	0.18311	0.26488	0.06248	0.29583	0.01739	0.00968	0.00275	0.00494	0.01475	0.00906	0.00928
11	0.01177	0.00839	0.01113	0.01213	0.01337	0.00799	0.00900	0.01445	0.01911	0.02596	0.22892	0.31907	0.06010	0.07616	0.01336	0.00369	0.00555	0.14440	0.00812	0.00732
12	0.01707	0.04402	0.65683	0.02426	0.03683	0.01976	0.03144	0.02695	0.01797	0.02695	0.01527	0.01797	0.01078	0.00809	0.00809	0.00270	0.01258	0.00629	0.00359	0.01258
13	0.01166	0.00868	0.01085	0.01031	0.01248	0.00787	0.00773	0.01532	0.02319	0.03199	0.53624	0.06709	0.18874	0.01820	0.01004	0.00271	0.00407	0.01588	0.00909	0.00787
14	0.02644	0.02245	0.07510	0.01964	0.02609	0.02224	0.05246	0.32112	0.18317	0.07523	0.02581	0.06788	0.02005	0.01129	0.00876	0.00273	0.00886	0.00932	0.00796	0.01339
15	0.01104	0.00829	0.01024	0.01054	0.01230	0.00748	0.00760	0.01383	0.02056	0.02760	0.32399	0.26017	0.21277	0.02124	0.01029	0.00296	0.00437	0.01870	0.00856	0.00748
16	0.01464	0.01369	0.05680	0.01604	0.06596	0.01216	0.01192	0.02272	0.13819	0.03233	0.38257	0.07599	0.09201	0.01549	0.00955	0.00275	0.00562	0.01356	0.00831	0.00970
17	0.08345	0.11724	0.02952	0.13687	0.23054	0.21576	0.01989	0.02759	0.01974	0.02452	0.01411	0.01803	0.01169	0.00807	0.00756	0.00239	0.01146	0.00630	0.00420	0.01105
18	0.01934	0.02817	0.20053	0.03299	0.04258	0.02109	0.47185	0.02718	0.01956	0.02718	0.01673	0.02172	0.01238	0.00740	0.00956	0.00283	0.01391	0.00911	0.00413	0.01175
19	0.02254	0.02312	0.03134	0.07991	0.47307	0.12529	0.02358	0.02841	0.06022	0.02684	0.01672	0.02092	0.01377	0.00809	0.00832	0.00251	0.01081	0.00737	0.00451	0.01267
20	0.01049	0.00783	0.00963	0.01085	0.01200	0.00711	0.00742	0.01222	0.01734	0.02253	0.09185	0.47324	0.20221	0.05832	0.01222	0.00350	0.00489	0.02153	0.00785	0.00696
21	0.01042	0.00770	0.00958	0.01105	0.01200	0.00704	0.00745	0.01195	0.01671	0.02169	0.05384	0.53412	0.17540	0.06306	0.01250	0.00360	0.00499	0.02226	0.00775	0.00687
22	0.05949	0.01970	0.03482	0.14910	0.40594	0.02019	0.13497	0.02556	0.01887	0.02727	0.01587	0.02129	0.01280	0.00767	0.00857	0.00265	0.01091	0.00788	0.00422	0.01223
23	0.01947	0.05582	0.03446	0.02560	0.03016	0.02221	0.25146	0.07091	0.01831	0.02567	0.01621	0.02261	0.01375	0.01904	0.12205	0.00481	0.22400	0.00860	0.00447	0.01038
24	0.02206	0.01808	0.01927	0.01720	0.02211	0.02071	0.01342	0.04502	0.60042	0.06817	0.03458	0.03160	0.02572	0.01149	0.00865	0.00287	0.00676	0.00957	0.00876	0.01352
25	0.15428	0.20998	0.11110	0.02244	0.14373	0.02215	0.01730	0.02730	0.05863	0.07148	0.06992	0.02218	0.01869	0.00892	0.00716	0.00242	0.00859	0.00691	0.00533	0.01149
26	0.02287	0.45986	0.17851	0.01745	0.02584	0.02952	0.01856	0.11149	0.02072	0.02642	0.01384	0.01559	0.01140	0.00788	0.00649	0.00212	0.00991	0.00539	0.00433	0.01180
27	0.21252	0.01463	0.01750	0.01392	0.01992	0.01385	0.01145	0.03599	0.02194	0.46802	0.06368	0.02729	0.02162	0.01029	0.00784	0.00264	0.00689	0.00799	0.00918	0.01283
28	0.02092	0.01680	0.01767	0.01515	0.01993	0.01816	0.01199	0.20894	0.25095	0.03694	0.04726	0.04479	0.22565	0.01443	0.00907	0.00278	0.00674	0.01177	0.00837	0.01171
29	0.01220	0.00897	0.01291	0.01291	0.01417	0.01022	0.00968	0.01470	0.01345	0.01919	0.02350	0.03731	0.02296	0.17489	0.55844	0.01273	0.02026	0.00969	0.00466	0.00717
30	0.02448	0.02417	0.02451	0.02093	0.02363	0.16913	0.01687	0.17142	0.02241	0.02885	0.01608	0.05941	0.01468	0.01307	0.01752	0.00307	0.32580	0.00807	0.00531	0.01057
31	0.01707	0.04402	0.65683	0.02426	0.03683	0.01976	0.03144	0.02695	0.01797	0.02695	0.01527	0.01797	0.01078	0.00809	0.00809	0.00270	0.01258	0.00629	0.00359	0.01258
32	0.01056	0.00779	0.00989	0.01116	0.01226	0.00712	0.00769	0.01252	0.01792	0.02372	0.13932	0.50453	0.15533	0.02449	0.01061	0.00325	0.00470	0.02191	0.00811	0.00712
33	0.02121	0.01674	0.01900	0.01668	0.02051	0.01888	0.01308	0.22008	0.18910	0.03569	0.03202	0.18025	0.04966	0.01836	0.05069	0.00363	0.06287	0.01240	0.00776	0.01139
34	0.01088	0.00806	0.00975	0.01047	0.01176	0.00737	0.00717	0.01277	0.01789	0.02350	0.16030	0.33822	0.20264	0.12100	0.01520	0.00386	0.00510	0.01937	0.00777	0.00693
35	0.02190	0.04460	0.02846	0.09686	0.03015	0.07272	0.11954	0.15878	0.02284	0.03038	0.06073	0.06721	0.01992	0.01197	0.01350	0.00293	0.17177	0.00934	0.00563	0.01073
36	0.02420	0.01843	0.02100	0.01682	0.02252	0.01945	0.01359	0.22753	0.15539	0.07498	0.02251	0.02357	0.01717	0.01407	0.06109	0.00326	0.05330	0.00758	0.00718	0.19637
37	0.02235	0.02096	0.02935	0.12600	0.37713	0.07105	0.02212	0.12167	0.02279	0.03032	0.02099	0.02472	0.05453	0.00914	0.00850	0.00257	0.01019	0.00811	0.00511	0.01240

[dist]
# distance from previous block
# <min> <max>
0	1

[block]
# block no. 5 follows, 21 sequences, length 22
# corresponding to MSA columns:
# 128-149
name=unknown_F
#
# <colnr> <probs for GDERKNQSTAVLIFYWHMCP>
#	G	D	E	R	K	N	Q	S	T	A	V	L	I	F	Y	W	H	M	C	P
0	0.01515	0.01018	0.01236	0.01207	0.01466	0.00966	0.00909	0.04709	0.05579	0.08677	0.18617	0.24653	0.18787	0.02008	0.01009	0.00302	0.00529	0.05084	0.00855	0.00873
1	0.16457	0.01972	0.05668	0.01819	0.02532	0.01824	0.09247	0.16324	0.02408	0.18749	0.02048	0.02103	0.01440	0.00872	0.00774	0.00243	0.00866	0.00713	0.00703	0.13238
2	0.05587	0.01714	0.02049	0.01574	0.02220	0.01623	0.04796	0.13805	0.10810	0.03480	0.07790	0.02459	0.02104	0.00895	0.00758	0.00203	0.00722	0.00743	0.00658	0.36009
3	0.02853	0.17571	0.02784	0.01964	0.02483	0.41068	0.01564	0.06889	0.10398	0.02458	0.01615	0.01746	0.01315	0.00891	0.00739	0.00223	0.01254	0.00596	0.00504	0.01084
4	0.11554	0.05295	0.02431	0.01938	0.05670	0.02344	0.01519	0.38717	0.06068	0.12927	0.02126	0.02108	0.01508	0.00978	0.00801	0.00255	0.00866	0.00737	0.00797	0.01360
5	0.05787	0.02371	0.11229	0.07173	0.23614	0.05571	0.10013	0.08213	0.05600	0.06010	0.01851	0.02176	0.01413	0.00845	0.00832	0.00260	0.01050	0.00766	0.03995	0.01233
6	0.01593	0.01312	0.01343	0.01286	0.01414	0.07076	0.00883	0.07293	0.01771	0.02290	0.06372	0.19661	0.03512	0.33509	0.02636	0.00545	0.04759	0.01394	0.00620	0.00729
7	0.01396	0.01307	0.01271	0.01303	0.01499	0.09483	0.00972	0.01615	0.01890	0.02304	0.08867	0.27797	0.23606	0.02117	0.01119	0.00312	0.04492	0.07154	0.00729	0.00768
8	0.02818	0.12180	0.02642	0.01878	0.02470	0.14921	0.01534	0.28419	0.17726	0.03823	0.02126	0.02124	0.01608	0.00985	0.00796	0.00246	0.00984	0.00728	0.00707	0.01284
9	0.01814	0.01658	0.02548	0.12423	0.31565	0.01635	0.01914	0.02356	0.04503	0.02764	0.08532	0.02903	0.05734	0.00946	0.00830	0.00238	0.00844	0.00859	0.00525	0.15409
10	0.01048	0.00835	0.00941	0.00975	0.01191	0.00727	0.00708	0.01281	0.01950	0.02467	0.17596	0.22364	0.40511	0.02202	0.01024	0.00298	0.00441	0.01898	0.00816	0.00727
11	0.01809	0.01579	0.01986	0.01779	0.10236	0.01251	0.01218	0.02204	0.01787	0.02774	0.01524	0.01809	0.01272	0.00647	0.00658	0.00143	0.00680	0.00537	0.00493	0.65611
12	0.01432	0.00878	0.01104	0.01131	0.01316	0.00794	0.00799	0.01630	0.01839	0.10556	0.11438	0.36580	0.16171	0.08602	0.01337	0.00361	0.00533	0.01893	0.00814	0.00791
13	0.01465	0.01143	0.01710	0.02200	0.13465	0.01136	0.01527	0.01846	0.01912	0.02541	0.03987	0.16049	0.04330	0.02095	0.01102	0.00360	0.00788	0.40750	0.00717	0.00877
14	0.02033	0.01942	0.03217	0.13327	0.45131	0.02024	0.05687	0.02808	0.09938	0.02796	0.01839	0.02279	0.01479	0.00821	0.00856	0.00264	0.01007	0.00798	0.00474	0.01281
15	0.01845	0.01564	0.02340	0.02324	0.10575	0.01578	0.09396	0.08710	0.07873	0.02967	0.02907	0.04922	0.02771	0.01875	0.06971	0.00399	0.01027	0.21159	0.00648	0.08149
16	0.02420	0.02453	0.02843	0.15320	0.27798	0.17535	0.02139	0.10590	0.05485	0.02882	0.01672	0.02047	0.01327	0.00859	0.00828	0.00253	0.01131	0.00719	0.00497	0.01201
17	0.02412	0.02430	0.02122	0.01894	0.02268	0.21378	0.01467	0.11496	0.20184	0.02985	0.02477	0.11328	0.02201	0.01301	0.01119	0.00282	0.09906	0.00979	0.00661	0.01110
18	0.09243	0.01951	0.02223	0.02131	0.08627	0.08743	0.04779	0.12986	0.10196	0.03065	0.02032	0.02620	0.01730	0.08345	0.11791	0.00498	0.06574	0.00818	0.00578	0.01070
19	0.02242	0.01959	0.02984	0.03067	0.20842	0.02003	0.13129	0.19903	0.04457	0.03484	0.02765	0.03486	0.07698	0.01133	0.00925	0.00278	0.00981	0.06805	0.00634	0.01223
20	0.02732	0.09579	0.05278	0.02356	0.06372	0.33421	0.07033	0.10713	0.02374	0.02660	0.01458	0.01726	0.01183	0.00879	0.00890	0.00234	0.05014	0.00632	0.00481	0.04986
21	0.09838	0.02505	0.02836	0.10894	0.03274	0.22647	0.16600	0.02923	0.02094	0.09286	0.04442	0.02176	0.01555	0.00870	0.00827	0.00252	0.01191	0.00756	0.00528	0.04507

[dist]
# distance from previous block
# <min> <max>
3	43

[block]
# block no. 6 follows, 21 sequences, length 112
# corresponding to MSA columns:
# 193-304
name=unknown_G
#
# <colnr> <probs for GDERKNQSTAVLIFYWHMCP>
#	G	D	E	R	K	N	Q	S	T	A	V	L	I	F	Y	W	H	M	C	P
0	0.16929	0.02067	0.05893	0.02185	0.13324	0.10280	0.01503	0.07425	0.07167	0.03112	0.07985	0.08152	0.05582	0.03695	0.00940	0.00286	0.00857	0.00954	0.00612	0.01052
1	0.06681	0.17499	0.02794	0.01903	0.02324	0.23787	0.05201	0.02576	0.01864	0.02206	0.01819	0.02177	0.05201	0.01514	0.07047	0.00353	0.12950	0.00697	0.00439	0.00969
2	0.11755	0.02190	0.02139	0.04487	0.11135	0.17823	0.01497	0.06551	0.02273	0.19582	0.06374	0.02734	0.05763	0.01038	0.00810	0.00253	0.00948	0.00810	0.00686	0.01151
3	0.01356	0.00970	0.01186	0.01251	0.01377	0.00968	0.00861	0.09230	0.01887	0.02520	0.04055	0.51534	0.04716	0.12014	0.01516	0.00402	0.00599	0.02033	0.00759	0.00766
4	0.01790	0.01407	0.01674	0.01265	0.01922	0.01083	0.00994	0.02135	0.01786	0.06399	0.02042	0.10796	0.01888	0.00925	0.00704	0.00163	0.00618	0.00778	0.00574	0.61056
5	0.02354	0.13947	0.02410	0.01524	0.02157	0.01984	0.01274	0.19615	0.06113	0.07391	0.05688	0.06209	0.02070	0.01003	0.00756	0.00213	0.00755	0.00794	0.00678	0.23066
6	0.16072	0.06443	0.02292	0.01971	0.02437	0.52514	0.01508	0.03203	0.02212	0.02387	0.01287	0.01501	0.01065	0.00855	0.00715	0.00225	0.01353	0.00529	0.00451	0.00980
7	0.01736	0.01214	0.01334	0.01185	0.01355	0.01278	0.00791	0.16399	0.01928	0.02577	0.02522	0.04688	0.02683	0.52842	0.03462	0.00683	0.00853	0.01120	0.00599	0.00748
8	0.01723	0.04303	0.63101	0.02542	0.06218	0.01978	0.03122	0.02692	0.01803	0.02699	0.01530	0.01810	0.01089	0.00806	0.00810	0.00269	0.01247	0.00634	0.00362	0.01261
9	0.58051	0.01596	0.01432	0.01218	0.01777	0.01745	0.01004	0.02913	0.01695	0.19191	0.01727	0.01761	0.01218	0.00856	0.00609	0.00263	0.00675	0.00559	0.00658	0.01053
10	0.01216	0.00912	0.01368	0.01368	0.01520	0.01064	0.01064	0.01520	0.01368	0.01976	0.02279	0.03343	0.02127	0.06382	0.66720	0.01368	0.02279	0.00912	0.00456	0.00760
11	0.01036	0.00793	0.00951	0.01059	0.01206	0.00708	0.00738	0.01225	0.01793	0.02297	0.09907	0.43018	0.27371	0.02420	0.01051	0.00319	0.00465	0.02135	0.00799	0.00708
12	0.01169	0.00869	0.01089	0.01034	0.01250	0.00788	0.00775	0.01538	0.02326	0.03215	0.54455	0.06682	0.18032	0.01813	0.01004	0.00271	0.00407	0.01585	0.00911	0.00788
13	0.01586	0.00793	0.00793	0.00793	0.00991	0.00793	0.00595	0.01983	0.01785	0.03173	0.02776	0.03173	0.02181	0.00991	0.00595	0.00198	0.00397	0.00793	0.74817	0.00793
14	0.02241	0.02454	0.21156	0.01845	0.02571	0.01800	0.01827	0.03655	0.27999	0.15064	0.07932	0.02970	0.02497	0.01079	0.00858	0.00276	0.00837	0.00889	0.00754	0.01294
15	0.02106	0.02022	0.03454	0.05223	0.64784	0.02022	0.02612	0.02612	0.01938	0.02780	0.01601	0.02106	0.01348	0.00758	0.00842	0.00253	0.01011	0.00758	0.00421	0.01348
16	0.02106	0.02022	0.03454	0.05223	0.64784	0.02022	0.02612	0.02612	0.01938	0.02780	0.01601	0.02106	0.01348	0.00758	0.00842	0.00253	0.01011	0.00758	0.00421	0.01348
17	0.02828	0.29884	0.03206	0.01907	0.02458	0.42106	0.01571	0.03068	0.02147	0.02051	0.01264	0.01469	0.01095	0.00819	0.00681	0.00205	0.01292	0.00512	0.00410	0.01028
18	0.02789	0.02090	0.02249	0.01835	0.02428	0.02332	0.01480	0.33850	0.29366	0.08141	0.02731	0.02580	0.01981	0.01081	0.00858	0.00270	0.00811	0.00856	0.00870	0.01404
19	0.02782	0.05938	0.03056	0.02657	0.08097	0.41467	0.12376	0.05540	0.02283	0.02386	0.01426	0.01749	0.01167	0.00871	0.00915	0.00242	0.04874	0.00662	0.00446	0.01066
20	0.03165	0.01304	0.01766	0.01403	0.01947	0.01139	0.01139	0.03513	0.02429	0.49899	0.18586	0.03761	0.03586	0.01225	0.00893	0.00264	0.00644	0.01026	0.01024	0.01287
21	0.01104	0.00791	0.01053	0.01175	0.01276	0.00740	0.00828	0.01338	0.01870	0.02546	0.21564	0.48103	0.06265	0.02385	0.01068	0.00326	0.00485	0.05523	0.00831	0.00728
22	0.01055	0.00748	0.00982	0.01162	0.01207	0.00703	0.00765	0.01190	0.01594	0.02125	0.04509	0.63755	0.05399	0.08761	0.01380	0.00389	0.00524	0.02312	0.00765	0.00675
23	0.01302	0.00898	0.01130	0.01055	0.01295	0.00810	0.00797	0.01666	0.02324	0.06397	0.50923	0.06517	0.18126	0.01781	0.00996	0.00271	0.00424	0.01551	0.00916	0.00821
24	0.01765	0.01513	0.01765	0.01260	0.02017	0.01134	0.01008	0.02143	0.01765	0.02773	0.01513	0.01765	0.01260	0.00630	0.00630	0.00126	0.00630	0.00504	0.00504	0.75295
25	0.02106	0.02022	0.03454	0.05223	0.64784	0.02022	0.02612	0.02612	0.01938	0.02780	0.01601	0.02106	0.01348	0.00758	0.00842	0.00253	0.01011	0.00758	0.00421	0.01348
26	0.02139	0.01991	0.02392	0.02120	0.06063	0.09940	0.09367	0.07773	0.14644	0.06050	0.06503	0.03581	0.13114	0.01269	0.01127	0.00282	0.08841	0.01034	0.00669	0.01101
27	0.01631	0.01193	0.01252	0.01195	0.01468	0.05217	0.00889	0.02007	0.06076	0.09848	0.13415	0.13434	0.23502	0.10393	0.01397	0.00357	0.00625	0.04463	0.00789	0.00850
28	0.01950	0.11370	0.35338	0.03027	0.19482	0.04877	0.02660	0.02643	0.01819	0.02568	0.01471	0.01821	0.01154	0.00833	0.00915	0.00259	0.05557	0.00647	0.00380	0.01229
29	0.02270	0.02435	0.06725	0.02566	0.14096	0.13354	0.06723	0.07458	0.13437	0.02982	0.01912	0.02114	0.01499	0.00843	0.00797	0.00228	0.01000	0.00713	0.00554	0.18294
30	0.01204	0.00870	0.01138	0.01071	0.01271	0.00803	0.00803	0.01606	0.02409	0.03413	0.64335	0.06357	0.08030	0.01740	0.01004	0.00268	0.00401	0.01539	0.00937	0.00803
31	0.01783	0.03867	0.50292	0.02720	0.03877	0.02021	0.17999	0.02703	0.01850	0.02703	0.01577	0.01923	0.01132	0.00785	0.00858	0.00274	0.01303	0.00724	0.00377	0.01230
32	0.01238	0.00825	0.00928	0.00928	0.00928	0.00825	0.00516	0.01238	0.01238	0.01650	0.02681	0.05569	0.03094	0.70092	0.04331	0.00825	0.00825	0.01238	0.00516	0.00516
33	0.01064	0.00869	0.00943	0.00938	0.01203	0.00748	0.00713	0.01326	0.02038	0.02541	0.19952	0.07877	0.49980	0.02078	0.01013	0.00288	0.00441	0.04427	0.00820	0.00739
34	0.03039	0.02107	0.02337	0.01775	0.02467	0.02190	0.01460	0.43780	0.03396	0.12402	0.02111	0.02099	0.01496	0.00954	0.00811	0.00233	0.00854	0.00730	0.00813	0.14945
35	0.43554	0.01570	0.01534	0.01248	0.01851	0.01595	0.01023	0.02864	0.01764	0.19672	0.01812	0.01848	0.01293	0.00829	0.00632	0.00238	0.00670	0.00572	0.00660	0.14771
36	0.01765	0.01513	0.01765	0.01260	0.02017	0.01134	0.01008	0.02143	0.01765	0.02773	0.01513	0.01765	0.01260	0.00630	0.00630	0.00126	0.00630	0.00504	0.00504	0.75295
37	0.01478	0.00739	0.01109	0.01109	0.01109	0.00739	0.00739	0.01109	0.01109	0.01478	0.01478	0.02587	0.01478	0.02956	0.03326	0.75240	0.00739	0.00739	0.00370	0.00370
38	0.01979	0.01754	0.02718	0.03787	0.41128	0.01768	0.02024	0.09685	0.02137	0.02959	0.02657	0.15364	0.05856	0.01238	0.00900	0.00273	0.00869	0.01138	0.00567	0.01198
39	0.01204	0.00870	0.01138	0.01071	0.01271	0.00803	0.00803	0.01606	0.02409	0.03413	0.64335	0.06357	0.08030	0.01740	0.01004	0.00268	0.00401	0.01539	0.00937	0.00803
40	0.01637	0.01543	0.02606	0.64329	0.09348	0.01898	0.02378	0.02200	0.01716	0.02210	0.01518	0.02259	0.01147	0.00845	0.00850	0.00282	0.01127	0.00756	0.00381	0.00969
41	0.01511	0.00938	0.01236	0.01123	0.01377	0.00856	0.00856	0.01904	0.02412	0.10691	0.57172	0.05950	0.07334	0.01659	0.00986	0.00267	0.00439	0.01459	0.00950	0.00879
42	0.03159	0.02359	0.02614	0.02177	0.06801	0.02598	0.01684	0.57973	0.03863	0.05190	0.02014	0.02047	0.01441	0.01004	0.00851	0.00255	0.00941	0.00766	0.00823	0.01441
43	0.01064	0.00864	0.00943	0.00923	0.01185	0.00743	0.00692	0.01334	0.02077	0.02626	0.24979	0.07652	0.47876	0.02033	0.01005	0.00282	0.00422	0.01721	0.00833	0.00743
44	0.02586	0.47860	0.03772	0.01691	0.02337	0.20719	0.01518	0.06661	0.02065	0.02244	0.01276	0.01456	0.01116	0.00788	0.00627	0.00197	0.01083	0.00501	0.00416	0.01086
45	0.01202	0.00841	0.00974	0.00957	0.01043	0.00807	0.00605	0.01330	0.01622	0.02180	0.19252	0.06080	0.11571	0.44514	0.03084	0.00618	0.00670	0.01381	0.00656	0.00613
46	0.01217	0.00906	0.01340	0.01340	0.01482	0.01049	0.01029	0.01502	0.01359	0.01955	0.02305	0.03484	0.02189	0.10413	0.62773	0.01333	0.02187	0.00932	0.00460	0.00744
47	0.01858	0.01769	0.03006	0.36464	0.35483	0.01957	0.02488	0.02394	0.01820	0.02479	0.01557	0.02187	0.01242	0.00804	0.00847	0.00268	0.01072	0.00757	0.00400	0.01148
48	0.01958	0.18636	0.01911	0.01134	0.01495	0.09684	0.00941	0.02301	0.01849	0.02744	0.02195	0.02516	0.01773	0.00911	0.00604	0.00197	0.00667	0.00678	0.46911	0.00892
49	0.01765	0.01513	0.01765	0.01260	0.02017	0.01134	0.01008	0.02143	0.01765	0.02773	0.01513	0.01765	0.01260	0.00630	0.00630	0.00126	0.00630	0.00504	0.00504	0.75295
50	0.01026	0.00784	0.00943	0.01071	0.01204	0.00701	0.00739	0.01198	0.01739	0.02217	0.06082	0.47821	0.26447	0.02485	0.01058	0.00325	0.00472	0.02199	0.00790	0.00701
51	0.02755	0.02195	0.02667	0.02733	0.18084	0.02392	0.01818	0.36945	0.13991	0.04398	0.02185	0.02260	0.01626	0.00979	0.00852	0.00261	0.00908	0.00799	0.00747	0.01405
52	0.02635	0.03088	0.02529	0.02378	0.09355	0.39191	0.05390	0.02957	0.02173	0.02372	0.01421	0.01702	0.01177	0.00792	0.00756	0.00204	0.01245	0.00589	0.00453	0.19594
53	0.01236	0.00831	0.00956	0.00956	0.00966	0.00840	0.00550	0.01255	0.01246	0.01671	0.02656	0.05428	0.03033	0.66062	0.08278	0.00859	0.00917	0.01217	0.00512	0.00531
54	0.76103	0.01646	0.01251	0.01119	0.01646	0.01909	0.00922	0.02502	0.01448	0.03818	0.01185	0.01382	0.00922	0.00790	0.00527	0.00263	0.00658	0.00461	0.00527	0.00922
55	0.01607	0.01513	0.02552	0.68047	0.05861	0.01891	0.02363	0.02174	0.01702	0.02174	0.01513	0.02269	0.01134	0.00851	0.00851	0.00284	0.01134	0.00756	0.00378	0.00945
56	0.01710	0.01152	0.01671	0.01386	0.01788	0.01022	0.08447	0.02065	0.02181	0.14322	0.23602	0.05922	0.28012	0.01647	0.00977	0.00277	0.00602	0.01446	0.00838	0.00932
57	0.01238	0.00825	0.00928	0.00928	0.00928	0.00825	0.00516	0.01238	0.01238	0.01650	0.02681	0.05569	0.03094	0.70092	0.04331	0.00825	0.00825	0.01238	0.00516	0.00516
58	0.01720	0.01780	0.03521	0.27412	0.04520	0.01846	0.30767	0.02299	0.01839	0.02440	0.02066	0.11871	0.01851	0.01045	0.00958	0.00294	0.01188	0.01113	0.00462	0.01007
59	0.01078	0.00859	0.00965	0.00951	0.01197	0.00747	0.00709	0.01356	0.02091	0.02687	0.28141	0.10418	0.41732	0.02032	0.01009	0.00283	0.00424	0.01734	0.00842	0.00747
60	0.01920	0.01657	0.01736	0.01578	0.02024	0.01869	0.01223	0.03937	0.52375	0.03336	0.04378	0.04064	0.13564	0.01332	0.00891	0.00288	0.00631	0.01110	0.00853	0.01236
61	0.01037	0.00863	0.00906	0.00895	0.01169	0.00732	0.00671	0.01282	0.02014	0.02476	0.17454	0.07899	0.55495	0.02089	0.01005	0.00284	0.00426	0.01755	0.00813	0.00732
62	0.01078	0.00871	0.00962	0.00958	0.01218	0.00756	0.00731	0.01351	0.02058	0.02592	0.22280	0.07819	0.46664	0.02064	0.01016	0.00289	0.00445	0.05277	0.00826	0.00744
63	0.02275	0.70604	0.04459	0.01456	0.02184	0.03367	0.01456	0.02548	0.01729	0.02002	0.01183	0.01365	0.01092	0.00728	0.00546	0.00182	0.00910	0.00455	0.00364	0.01092
64	0.20637	0.02464	0.08452	0.02815	0.11069	0.10169	0.22305	0.02689	0.01843	0.02875	0.01463	0.01876	0.01152	0.00822	0.00944	0.00273	0.05888	0.00730	0.00444	0.01091
65	0.01151	0.00868	0.01063	0.01014	0.01238	0.00780	0.00761	0.01502	0.02282	0.03111	0.49267	0.06853	0.23285	0.01852	0.01004	0.00273	0.00409	0.01609	0.00897	0.00780
66	0.03182	0.03952	0.02420	0.02178	0.02631	0.62711	0.01643	0.07024	0.02510	0.02286	0.01360	0.01566	0.01118	0.00886	0.00773	0.00221	0.01498	0.00562	0.00464	0.01015
67	0.01150	0.00868	0.01062	0.01013	0.01238	0.00780	0.00760	0.01500	0.02280	0.03107	0.49027	0.06861	0.23529	0.01854	0.01004	0.00273	0.00410	0.01610	0.00897	0.00780
68	0.01037	0.00741	0.00987	0.01185	0.01234	0.00691	0.00790	0.01185	0.01629	0.02172	0.04690	0.69537	0.05629	0.02666	0.01086	0.00346	0.00494	0.02419	0.00790	0.00691
69	0.01655	0.01074	0.01398	0.01466	0.01709	0.01074	0.01177	0.02232	0.10021	0.09947	0.04289	0.26255	0.04489	0.02136	0.01070	0.00349	0.00674	0.27249	0.00828	0.00908
70	0.03179	0.04056	0.02412	0.02192	0.02631	0.66676	0.01644	0.03398	0.02412	0.02083	0.01315	0.01535	0.01096	0.00877	0.00767	0.00219	0.01535	0.00548	0.00438	0.00987
71	0.02857	0.03446	0.02724	0.03101	0.21260	0.47297	0.01934	0.03162	0.02270	0.02292	0.01401	0.01706	0.01172	0.00841	0.00790	0.00229	0.01378	0.00611	0.00433	0.01095
72	0.01959	0.05243	0.18073	0.03353	0.07770	0.02151	0.43279	0.02706	0.01948	0.02696	0.01653	0.02142	0.01241	0.00740	0.00935	0.00277	0.01352	0.00888	0.00412	0.01181
73	0.02397	0.02455	0.02868	0.18916	0.27546	0.18215	0.02187	0.10133	0.02259	0.02786	0.01564	0.01994	0.01247	0.00843	0.00827	0.00252	0.01162	0.00706	0.00469	0.01175
74	0.03063	0.02271	0.02454	0.01912	0.02553	0.02521	0.01572	0.55678	0.06623	0.05078	0.02124	0.02173	0.01541	0.01345	0.04750	0.00323	0.01004	0.00784	0.00829	0.01402
75	0.01238	0.00825	0.00928	0.00928	0.00928	0.00825	0.00516	0.01238	0.01238	0.01650	0.02681	0.05569	0.03094	0.70092	0.04331	0.00825	0.00825	0.01238	0.00516	0.00516
76	0.01271	0.01113	0.01078	0.01041	0.01296	0.04913	0.00760	0.01619	0.05531	0.02471	0.16962	0.06814	0.38796	0.10930	0.01422	0.00351	0.00560	0.01551	0.00763	0.00760
77	0.01478	0.00739	0.01109	0.01109	0.01109	0.00739	0.00739	0.01109	0.01109	0.01478	0.01478	0.02587	0.01478	0.02956	0.03326	0.75240	0.00739	0.00739	0.00370	0.00370
78	0.01633	0.01341	0.01556	0.01177	0.01745	0.01057	0.00885	0.01917	0.01633	0.02493	0.01804	0.02715	0.01718	0.17978	0.01555	0.00301	0.00679	0.00687	0.00507	0.56619
79	0.01096	0.00883	0.00988	0.01012	0.01271	0.00775	0.00792	0.01369	0.02011	0.02503	0.16020	0.08162	0.46184	0.02128	0.01034	0.00302	0.00486	0.11433	0.00810	0.00742
80	0.01765	0.01513	0.01765	0.01260	0.02017	0.01134	0.01008	0.02143	0.01765	0.02773	0.01513	0.01765	0.01260	0.00630	0.00630	0.00126	0.00630	0.00504	0.00504	0.75295
81	0.01058	0.00767	0.00963	0.01110	0.01185	0.00712	0.00737	0.01196	0.01621	0.02124	0.04959	0.53414	0.13090	0.11039	0.01482	0.00398	0.00527	0.02189	0.00756	0.00673
82	0.02430	0.02172	0.10396	0.02807	0.20570	0.01949	0.01938	0.07071	0.23475	0.14293	0.02578	0.02576	0.01890	0.00970	0.00849	0.00269	0.00869	0.00831	0.00706	0.01360
83	0.03086	0.02323	0.02573	0.02162	0.06773	0.02564	0.01666	0.54222	0.07732	0.05073	0.02106	0.02121	0.01516	0.01013	0.00852	0.00257	0.00924	0.00778	0.00823	0.01434
84	0.01238	0.00825	0.00928	0.00928	0.00928	0.00825	0.00516	0.01238	0.01238	0.01650	0.02681	0.05569	0.03094	0.70092	0.04331	0.00825	0.00825	0.01238	0.00516	0.00516
85	0.02719	0.01981	0.02134	0.01692	0.02197	0.02170	0.01333	0.46264	0.03287	0.04404	0.02208	0.02954	0.01873	0.18864	0.01750	0.00403	0.00908	0.00888	0.00765	0.01207
86	0.01761	0.04022	0.54750	0.02635	0.03821	0.02008	0.13697	0.02701	0.01835	0.02701	0.01562	0.01887	0.01116	0.00792	0.00844	0.00273	0.01290	0.00697	0.00372	0.01238
87	0.01178	0.00869	0.01101	0.01043	0.01255	0.00792	0.00782	0.01555	0.02347	0.03265	0.56965	0.06599	0.15491	0.01795	0.01004	0.00270	0.00405	0.01573	0.00917	0.00792
88	0.01216	0.00912	0.01368	0.01368	0.01520	0.01064	0.01064	0.01520	0.01368	0.01976	0.02279	0.03343	0.02127	0.06382	0.66720	0.01368	0.02279	0.00912	0.00456	0.00760
89	0.02172	0.53436	0.03997	0.01650	0.02197	0.03177	0.01557	0.02423	0.01623	0.02014	0.01167	0.01489	0.01098	0.00918	0.01107	0.00230	0.17799	0.00527	0.00366	0.01052
90	0.01234	0.00829	0.00954	0.00974	0.00986	0.00826	0.00573	0.01262	0.01294	0.01722	0.02876	0.08974	0.03313	0.63235	0.04007	0.00779	0.00806	0.04273	0.00543	0.00538
91	0.01862	0.01862	0.02607	0.02234	0.02234	0.02607	0.01862	0.02048	0.01303	0.02048	0.01117	0.01862	0.01117	0.01489	0.02793	0.00372	0.68535	0.00745	0.00372	0.00931
92	0.01138	0.00813	0.01103	0.01300	0.01394	0.00778	0.00965	0.01359	0.01729	0.02285	0.04635	0.51484	0.05408	0.02571	0.01113	0.00360	0.00581	0.19478	0.00788	0.00719
93	0.09844	0.01465	0.01915	0.01481	0.02129	0.01306	0.01223	0.04010	0.02353	0.60242	0.03176	0.02770	0.02008	0.01031	0.00828	0.00263	0.00719	0.00823	0.01009	0.01404
94	0.01957	0.01036	0.01379	0.01198	0.01531	0.00932	0.00932	0.02338	0.02417	0.21258	0.46773	0.05360	0.06324	0.01542	0.00961	0.00266	0.00494	0.01342	0.00970	0.00989
95	0.01706	0.01578	0.02586	0.32695	0.23197	0.01781	0.02134	0.02202	0.01877	0.02575	0.12657	0.02919	0.02423	0.01017	0.00990	0.00276	0.04955	0.00895	0.00490	0.01045
96	0.05974	0.55220	0.15239	0.01612	0.02424	0.03044	0.01730	0.02572	0.01727	0.02220	0.01245	0.01443	0.01081	0.00746	0.00592	0.00202	0.00959	0.00486	0.00372	0.01113
97	0.02534	0.01800	0.01905	0.01562	0.02061	0.01983	0.01257	0.33463	0.13830	0.04375	0.02519	0.02589	0.01875	0.01036	0.00776	0.00244	0.00725	0.00809	0.23428	0.01230
98	0.02182	0.01975	0.03430	0.08729	0.51912	0.01973	0.07430	0.02697	0.01962	0.06930	0.01723	0.02185	0.01381	0.00780	0.00857	0.00258	0.01035	0.00785	0.00462	0.01313
99	0.02382	0.02847	0.10938	0.03948	0.38413	0.18195	0.02386	0.05873	0.02145	0.02728	0.01543	0.01921	0.01256	0.00808	0.00820	0.00247	0.01169	0.00690	0.00440	0.01252
100	0.76103	0.01646	0.01251	0.01119	0.01646	0.01909	0.00922	0.02502	0.01448	0.03818	0.01185	0.01382	0.00922	0.00790	0.00527	0.00263	0.00658	0.00461	0.00527	0.00922
101	0.02190	0.02402	0.02266	0.12863	0.09417	0.23958	0.01698	0.02752	0.09176	0.02366	0.02610	0.02886	0.09723	0.01324	0.03406	0.00308	0.08276	0.00851	0.00517	0.01011
102	0.01231	0.00850	0.01054	0.01054	0.01097	0.00893	0.00672	0.01318	0.01275	0.01743	0.02567	0.04933	0.02818	0.51898	0.22149	0.00980	0.01240	0.01145	0.00499	0.00585
103	0.01586	0.00793	0.00793	0.00793	0.00991	0.00793	0.00595	0.01983	0.01785	0.03173	0.02776	0.03173	0.02181	0.00991	0.00595	0.00198	0.00397	0.00793	0.74817	0.00793
104	0.02039	0.07102	0.36402	0.02180	0.03065	0.18059	0.04623	0.02704	0.02002	0.02528	0.05802	0.02416	0.05530	0.00961	0.00817	0.00254	0.01211	0.00745	0.00445	0.01115
105	0.01063	0.00752	0.00980	0.01151	0.01194	0.00709	0.00754	0.01192	0.01577	0.02103	0.04425	0.61076	0.05293	0.11585	0.01515	0.00409	0.00538	0.02263	0.00754	0.00668
