[name]
unknown

[dist]
# distance from previous block
# <min> <max>
7	70

[block]
# block no. 0 follows, 22 sequences, length 15
# corresponding to MSA columns:
# 93-107
name=unknown_A
#
# <colnr> <probs for GDERKNQSTAVLIFYWHMCP>
#	G	D	E	R	K	N	Q	S	T	A	V	L	I	F	Y	W	H	M	C	P
0	0.10871	0.07495	0.13085	0.03417	0.33026	0.09050	0.02197	0.06471	0.01977	0.02853	0.01473	0.01811	0.01188	0.00778	0.00753	0.00242	0.01028	0.00644	0.00438	0.01204
1	0.02036	0.02779	0.23744	0.03179	0.26022	0.05847	0.02370	0.10087	0.02154	0.02982	0.05275	0.02591	0.01799	0.00943	0.00837	0.00260	0.01041	0.04344	0.00494	0.01215
2	0.02188	0.21052	0.05379	0.02304	0.14095	0.15476	0.01636	0.02854	0.12429	0.02376	0.01812	0.02200	0.01551	0.05419	0.05552	0.00337	0.01092	0.00686	0.00479	0.01085
3	0.02545	0.32547	0.11508	0.01855	0.02516	0.28970	0.01715	0.05400	0.02059	0.02213	0.01286	0.01482	0.01081	0.00792	0.00666	0.00206	0.01179	0.00516	0.00404	0.01060
4	0.01708	0.01865	0.09398	0.01658	0.02104	0.09761	0.11581	0.02152	0.01927	0.02694	0.12562	0.03612	0.07214	0.06392	0.01064	0.00283	0.00836	0.00979	0.21323	0.00886
5	0.01638	0.01267	0.01578	0.01430	0.01779	0.01228	0.03383	0.14328	0.02180	0.02937	0.03852	0.29314	0.09922	0.01817	0.00948	0.00286	0.00656	0.09022	0.00729	0.11705
6	0.01054	0.00774	0.00988	0.01084	0.01204	0.00709	0.00756	0.01275	0.01842	0.02473	0.21894	0.44270	0.14044	0.02286	0.01028	0.00309	0.00449	0.02043	0.00811	0.00709
7	0.02069	0.01948	0.02672	0.08469	0.33323	0.04869	0.02004	0.03285	0.26395	0.02939	0.02260	0.02455	0.01770	0.00904	0.00829	0.00261	0.00889	0.00809	0.00580	0.01270
8	0.01208	0.00805	0.00906	0.00906	0.00906	0.00805	0.00503	0.01208	0.01208	0.01611	0.02618	0.05436	0.03020	0.70804	0.04228	0.00805	0.00805	0.01208	0.00503	0.00503
9	0.01919	0.06702	0.02389	0.02606	0.20410	0.12863	0.01644	0.02277	0.02013	0.02616	0.19292	0.03590	0.03303	0.01225	0.01080	0.00264	0.08833	0.05401	0.00571	0.01002
10	0.07140	0.47445	0.21860	0.01669	0.02514	0.02803	0.01856	0.02525	0.01688	0.02268	0.01251	0.01454	0.01051	0.00737	0.00605	0.00207	0.00968	0.00493	0.00365	0.01101
11	0.02945	0.03331	0.07057	0.02289	0.07008	0.37781	0.01767	0.21993	0.02769	0.03133	0.01542	0.01712	0.01194	0.00888	0.00783	0.00231	0.01259	0.00622	0.00548	0.01148
12	0.05593	0.11576	0.01952	0.01348	0.01798	0.01743	0.01101	0.16082	0.09181	0.03308	0.14988	0.08029	0.14717	0.01378	0.00836	0.00252	0.00644	0.01125	0.00737	0.03614
13	0.02757	0.11241	0.02545	0.09827	0.02820	0.44399	0.01620	0.07599	0.02288	0.02327	0.01408	0.01671	0.01146	0.00852	0.00733	0.00219	0.01288	0.00575	0.03688	0.00997
14	0.02737	0.10640	0.02469	0.02064	0.07078	0.29611	0.01522	0.03120	0.05834	0.14074	0.02009	0.06805	0.01677	0.01044	0.00908	0.00243	0.05741	0.00764	0.00575	0.01082

[dist]
# distance from previous block
# <min> <max>
9	31

[block]
# block no. 1 follows, 22 sequences, length 70
# corresponding to MSA columns:
# 142-211
name=unknown_B
#
# <colnr> <probs for GDERKNQSTAVLIFYWHMCP>
#	G	D	E	R	K	N	Q	S	T	A	V	L	I	F	Y	W	H	M	C	P
0	0.01438	0.01697	0.09367	0.01909	0.02482	0.01314	0.20366	0.01917	0.01936	0.02561	0.10686	0.05033	0.26567	0.01404	0.00946	0.00272	0.00837	0.03515	0.00614	0.05137
1	0.01564	0.22965	0.02081	0.01120	0.01525	0.01564	0.00956	0.01856	0.02000	0.05552	0.24241	0.05081	0.23570	0.01485	0.00833	0.00241	0.00572	0.01218	0.00699	0.00876
2	0.02040	0.49455	0.03913	0.18661	0.03176	0.02850	0.05290	0.02405	0.01697	0.02039	0.01268	0.01611	0.01088	0.00741	0.00635	0.00209	0.00975	0.00551	0.00363	0.01033
3	0.02342	0.41042	0.15770	0.01789	0.02526	0.19606	0.01785	0.02729	0.01873	0.02105	0.01253	0.01456	0.01064	0.00763	0.00638	0.00203	0.01111	0.00500	0.00373	0.01071
4	0.02275	0.01888	0.01996	0.01733	0.02240	0.02164	0.01365	0.15579	0.52617	0.03811	0.03116	0.02888	0.02321	0.01102	0.00843	0.00276	0.00707	0.00903	0.00843	0.01334
5	0.01208	0.00805	0.00906	0.00906	0.00906	0.00805	0.00503	0.01208	0.01208	0.01611	0.02618	0.05436	0.03020	0.70804	0.04228	0.00805	0.00805	0.01208	0.00503	0.00503
6	0.01903	0.01155	0.01248	0.04858	0.01589	0.01230	0.00897	0.15319	0.02213	0.03512	0.02483	0.02805	0.01914	0.00967	0.00650	0.00211	0.00543	0.00766	0.54814	0.00923
7	0.08143	0.05094	0.02073	0.01478	0.02163	0.04225	0.01210	0.21440	0.02412	0.03528	0.01593	0.01753	0.01249	0.00762	0.00677	0.00180	0.00758	0.00569	0.00593	0.40098
8	0.01187	0.00890	0.01335	0.01335	0.01483	0.01038	0.01038	0.01483	0.01335	0.01928	0.02225	0.03264	0.02077	0.06231	0.67512	0.01335	0.02225	0.00890	0.00445	0.00742
9	0.00996	0.00786	0.00899	0.00989	0.01161	0.00689	0.00696	0.01176	0.01752	0.02187	0.06626	0.37040	0.37396	0.02337	0.01018	0.00307	0.00449	0.02037	0.00771	0.00689
10	0.01812	0.01586	0.01806	0.01880	0.09139	0.01737	0.01296	0.03450	0.42520	0.03101	0.04349	0.04123	0.17039	0.01311	0.00875	0.00277	0.00640	0.01107	0.00779	0.01172
11	0.02057	0.01962	0.03275	0.04878	0.61506	0.01980	0.02469	0.02671	0.05928	0.02763	0.01681	0.02124	0.01395	0.00765	0.00824	0.00249	0.00966	0.00753	0.00439	0.01316
12	0.01696	0.01606	0.02722	0.52161	0.21373	0.01879	0.02370	0.02234	0.01721	0.02277	0.01499	0.02173	0.01162	0.00807	0.00828	0.00269	0.01076	0.00739	0.00380	0.01026
13	0.01910	0.01825	0.03108	0.24173	0.47689	0.01935	0.02477	0.02422	0.01823	0.02537	0.01537	0.02104	0.01253	0.00767	0.00825	0.00256	0.01023	0.00740	0.00399	0.01198
14	0.02098	0.01894	0.02685	0.06757	0.33873	0.02038	0.01993	0.06667	0.26701	0.03129	0.02305	0.02475	0.01795	0.00913	0.00832	0.00262	0.00858	0.00820	0.00605	0.01301
15	0.01803	0.00960	0.01159	0.01057	0.01265	0.00888	0.00721	0.01924	0.01630	0.18141	0.03766	0.09016	0.12206	0.38777	0.02694	0.00560	0.00704	0.01263	0.00693	0.00774
16	0.01053	0.00740	0.00952	0.01104	0.01142	0.00702	0.00715	0.01167	0.01511	0.02014	0.04169	0.56719	0.04978	0.16852	0.01722	0.00435	0.00550	0.02121	0.00715	0.00639
17	0.06202	0.02978	0.02642	0.02984	0.22296	0.33962	0.01864	0.12138	0.02403	0.02815	0.01474	0.01742	0.01192	0.00837	0.00774	0.00232	0.01209	0.00628	0.00488	0.01140
18	0.01138	0.00811	0.00939	0.00976	0.01061	0.00772	0.00634	0.01247	0.01509	0.01964	0.07705	0.16297	0.16193	0.38671	0.02728	0.00573	0.00653	0.04893	0.00637	0.00600
19	0.01102	0.00819	0.00933	0.00984	0.01115	0.00758	0.00676	0.01242	0.01597	0.02018	0.05294	0.17963	0.26910	0.26854	0.02176	0.00488	0.00602	0.07162	0.00675	0.00632
20	0.02995	0.02235	0.02404	0.01848	0.02509	0.02437	0.01520	0.55367	0.06533	0.04955	0.02018	0.02025	0.01451	0.00973	0.00815	0.00241	0.00879	0.00737	0.00805	0.07253
21	0.01187	0.00890	0.01335	0.01335	0.01483	0.01038	0.01038	0.01483	0.01335	0.01928	0.02225	0.03264	0.02077	0.06231	0.67512	0.01335	0.02225	0.00890	0.00445	0.00742
22	0.02080	0.38704	0.13960	0.01812	0.02410	0.06660	0.01803	0.02436	0.01632	0.02081	0.01201	0.01535	0.01070	0.00921	0.01145	0.00241	0.18352	0.00549	0.00361	0.01047
23	0.01068	0.00845	0.00962	0.00932	0.01175	0.00738	0.00699	0.01360	0.02098	0.02729	0.33736	0.07197	0.39662	0.01923	0.00981	0.00272	0.00408	0.01641	0.00835	0.00738
24	0.02056	0.01974	0.03372	0.05099	0.65622	0.01974	0.02550	0.02550	0.01892	0.02714	0.01563	0.02056	0.01316	0.00740	0.00822	0.00247	0.00987	0.00740	0.00411	0.01316
25	0.01764	0.02316	0.18749	0.03165	0.29329	0.01729	0.02165	0.02565	0.09446	0.02806	0.09093	0.03102	0.08119	0.01029	0.00848	0.00260	0.00892	0.00908	0.00535	0.01180
26	0.01205	0.00917	0.01389	0.04487	0.01681	0.01076	0.01098	0.01513	0.01350	0.01938	0.02190	0.03215	0.02032	0.05978	0.64397	0.01286	0.02173	0.00883	0.00441	0.00750
27	0.01882	0.10856	0.27505	0.02848	0.03816	0.02173	0.33737	0.02630	0.01854	0.02570	0.01551	0.01958	0.01162	0.00734	0.00859	0.00262	0.01279	0.00785	0.00387	0.01154
28	0.01938	0.15192	0.23628	0.05408	0.05932	0.07014	0.04641	0.02443	0.01654	0.02264	0.01309	0.01735	0.01091	0.00971	0.01319	0.00274	0.21110	0.00638	0.00367	0.01072
29	0.21660	0.13542	0.02390	0.01737	0.02258	0.33542	0.01395	0.09741	0.02189	0.02816	0.01313	0.01491	0.01065	0.00828	0.00665	0.00223	0.01121	0.00524	0.00485	0.01014
30	0.01229	0.00921	0.01185	0.01318	0.01536	0.00878	0.01120	0.01558	0.01907	0.02412	0.05637	0.08947	0.23440	0.02236	0.01096	0.00351	0.00659	0.42058	0.00767	0.00745
31	0.01045	0.00737	0.00954	0.01114	0.01155	0.00697	0.00726	0.01165	0.01526	0.02035	0.04248	0.59333	0.05077	0.14101	0.01594	0.00416	0.00536	0.02167	0.00726	0.00646
32	0.01188	0.00885	0.01311	0.01311	0.01451	0.01025	0.01008	0.01468	0.01328	0.01911	0.02247	0.03386	0.02130	0.09869	0.63946	0.01305	0.02145	0.00908	0.00448	0.00728
33	0.02056	0.01974	0.03372	0.05099	0.65622	0.01974	0.02550	0.02550	0.01892	0.02714	0.01563	0.02056	0.01316	0.00740	0.00822	0.00247	0.00987	0.00740	0.00411	0.01316
34	0.01993	0.01970	0.03578	0.04545	0.48719	0.01940	0.15313	0.02524	0.01908	0.02689	0.01757	0.02531	0.01510	0.00824	0.00876	0.00262	0.01062	0.04323	0.00434	0.01241
35	0.03158	0.02327	0.02493	0.01911	0.02576	0.02576	0.01579	0.62852	0.03906	0.05236	0.01995	0.01995	0.01413	0.00997	0.00831	0.00249	0.00914	0.00748	0.00831	0.01413
36	0.02278	0.66936	0.04224	0.01468	0.02160	0.07450	0.01433	0.02541	0.01731	0.01960	0.01163	0.01343	0.01066	0.00720	0.00547	0.00180	0.00928	0.00450	0.00360	0.01059
37	0.76672	0.01607	0.01221	0.01092	0.01607	0.01864	0.00900	0.02442	0.01414	0.03727	0.01157	0.01350	0.00900	0.00771	0.00514	0.00257	0.00643	0.00450	0.00514	0.00900
38	0.06928	0.01697	0.01768	0.01433	0.01910	0.01853	0.01161	0.36225	0.02939	0.04337	0.02215	0.02373	0.01653	0.00973	0.00718	0.00229	0.00699	0.00740	0.29009	0.01141
39	0.01843	0.06064	0.38282	0.02045	0.02858	0.14799	0.02257	0.02468	0.01839	0.02384	0.02052	0.15345	0.01942	0.01161	0.00826	0.00265	0.01120	0.00940	0.00450	0.01059
40	0.02420	0.02810	0.02336	0.02696	0.18312	0.37517	0.01679	0.02692	0.02084	0.02224	0.02012	0.15349	0.02015	0.01175	0.00830	0.00247	0.01166	0.00951	0.00492	0.00995
41	0.03727	0.01414	0.01928	0.01478	0.02121	0.01221	0.01221	0.04049	0.02378	0.66198	0.03277	0.02828	0.02056	0.01028	0.00835	0.00257	0.00707	0.00835	0.01028	0.01414
42	0.01213	0.00844	0.01102	0.01102	0.01180	0.00914	0.00758	0.01368	0.01290	0.01823	0.02437	0.04316	0.02539	0.37484	0.33821	0.01028	0.01455	0.01040	0.03658	0.00627
43	0.01049	0.00750	0.01007	0.01199	0.01264	0.00707	0.00836	0.01221	0.01627	0.02162	0.04558	0.63334	0.05413	0.02568	0.01070	0.00343	0.00514	0.08924	0.00770	0.00685
44	0.01187	0.00890	0.01335	0.01335	0.01483	0.01038	0.01038	0.01483	0.01335	0.01928	0.02225	0.03264	0.02077	0.06231	0.67512	0.01335	0.02225	0.00890	0.00445	0.00742
45	0.03158	0.02327	0.02493	0.01911	0.02576	0.02576	0.01579	0.62852	0.03906	0.05236	0.01995	0.01995	0.01413	0.00997	0.00831	0.00249	0.00914	0.00748	0.00831	0.01413
46	0.02386	0.02455	0.02025	0.01829	0.02286	0.22236	0.01404	0.04076	0.45073	0.03030	0.02734	0.02606	0.02084	0.01044	0.00816	0.00261	0.00917	0.00815	0.00717	0.01206
47	0.02104	0.02113	0.03087	0.07093	0.52236	0.09351	0.02328	0.02562	0.01962	0.02649	0.05278	0.02244	0.01664	0.00814	0.00824	0.00245	0.01015	0.00762	0.00441	0.01229
48	0.01010	0.00819	0.00897	0.00928	0.01152	0.00705	0.00676	0.01228	0.01885	0.02343	0.14110	0.20207	0.46827	0.02157	0.00997	0.00290	0.00430	0.01846	0.00788	0.00705
49	0.02056	0.01974	0.03372	0.05099	0.65622	0.01974	0.02550	0.02550	0.01892	0.02714	0.01563	0.02056	0.01316	0.00740	0.00822	0.00247	0.00987	0.00740	0.00411	0.01316
50	0.02238	0.02010	0.02722	0.02964	0.25217	0.04968	0.05705	0.15647	0.02307	0.03228	0.01625	0.01925	0.01295	0.00761	0.00767	0.00210	0.00908	0.00671	0.00529	0.24304
51	0.01297	0.00873	0.01052	0.01142	0.01275	0.00866	0.00801	0.05130	0.04317	0.02570	0.03978	0.49137	0.04413	0.02098	0.00936	0.00299	0.00495	0.01869	0.16686	0.00766
52	0.01739	0.01755	0.03192	0.03375	0.26301	0.01707	0.21701	0.02210	0.01872	0.02539	0.03128	0.07353	0.14291	0.01139	0.00997	0.00275	0.03730	0.01117	0.00505	0.01075
53	0.01440	0.01292	0.01519	0.01474	0.01646	0.08682	0.01147	0.01721	0.01448	0.01944	0.02054	0.02981	0.01907	0.05350	0.56265	0.01153	0.05921	0.00840	0.00439	0.00776
54	0.03096	0.01976	0.02193	0.01701	0.02310	0.02110	0.01399	0.44487	0.03365	0.17156	0.02328	0.02281	0.01619	0.01000	0.00805	0.00245	0.00815	0.00768	0.09002	0.01343
55	0.02221	0.71304	0.04353	0.01421	0.02132	0.03287	0.01421	0.02488	0.01688	0.01955	0.01155	0.01333	0.01066	0.00711	0.00533	0.00178	0.00888	0.00444	0.00355	0.01066
56	0.01569	0.01477	0.02492	0.68808	0.05722	0.01846	0.02307	0.02123	0.01661	0.02123	0.01477	0.02215	0.01107	0.00831	0.00831	0.00277	0.01107	0.00738	0.00369	0.00923
57	0.01004	0.00842	0.00872	0.00865	0.01136	0.00711	0.00649	0.01235	0.01946	0.02368	0.14875	0.07791	0.58749	0.02058	0.00982	0.00278	0.00418	0.01725	0.00788	0.00711
58	0.03153	0.02481	0.02480	0.01933	0.02575	0.08700	0.01581	0.57234	0.03759	0.04933	0.01927	0.01948	0.01380	0.00984	0.00823	0.00246	0.00969	0.00728	0.00793	0.01370
59	0.02864	0.14450	0.02679	0.01904	0.02455	0.30303	0.01536	0.21280	0.09206	0.03139	0.01698	0.01789	0.01327	0.00903	0.00748	0.00226	0.01132	0.00627	0.00582	0.01153
60	0.02106	0.02389	0.01742	0.01649	0.01955	0.33654	0.01252	0.02360	0.02040	0.02184	0.08343	0.06064	0.10200	0.02306	0.14145	0.00464	0.01331	0.04417	0.00550	0.00848
61	0.01010	0.00731	0.00956	0.01136	0.01200	0.00676	0.00762	0.01159	0.01610	0.02129	0.04828	0.66223	0.09373	0.02570	0.01055	0.00334	0.00478	0.02322	0.00771	0.00676
62	0.01543	0.01464	0.01426	0.01415	0.01585	0.14196	0.01043	0.01762	0.01565	0.01943	0.02474	0.14251	0.02554	0.12253	0.35669	0.00883	0.01623	0.01101	0.00503	0.00746
63	0.01164	0.00849	0.01095	0.01033	0.01234	0.00779	0.00775	0.01546	0.02325	0.03267	0.61837	0.06311	0.11225	0.01722	0.00980	0.00262	0.00394	0.01517	0.00906	0.00779
64	0.02967	0.03433	0.02396	0.04828	0.02673	0.49212	0.01643	0.13608	0.02527	0.02595	0.01404	0.01635	0.01133	0.00919	0.00895	0.00232	0.05777	0.00593	0.00492	0.01037
65	0.01374	0.00778	0.00840	0.00866	0.01023	0.00758	0.00617	0.01672	0.01708	0.02753	0.06944	0.14028	0.07157	0.08592	0.01082	0.00289	0.00447	0.01166	0.47177	0.00727
66	0.01170	0.00820	0.00915	0.00924	0.00990	0.00792	0.00571	0.01231	0.01380	0.01781	0.03863	0.06144	0.15522	0.53677	0.03427	0.00680	0.00727	0.04262	0.00570	0.00556
67	0.02654	0.10551	0.02490	0.01861	0.02365	0.25708	0.01494	0.18217	0.09007	0.03022	0.01717	0.01894	0.01372	0.01194	0.04207	0.00286	0.05172	0.00648	0.00567	0.05574
68	0.06556	0.04820	0.02054	0.01781	0.05085	0.13234	0.01342	0.15505	0.05942	0.07952	0.02012	0.02415	0.01642	0.04889	0.17541	0.00530	0.01283	0.00742	0.00597	0.04078
69	0.26885	0.01921	0.03985	0.01465	0.01913	0.08922	0.01212	0.14320	0.02238	0.03539	0.15286	0.02880	0.05505	0.01129	0.00877	0.00260	0.05200	0.00827	0.00649	0.00987

[dist]
# distance from previous block
# <min> <max>
0	33

[block]
# block no. 2 follows, 22 sequences, length 46
# corresponding to MSA columns:
# 245-290
name=unknown_C
#
# <colnr> <probs for GDERKNQSTAVLIFYWHMCP>
#	G	D	E	R	K	N	Q	S	T	A	V	L	I	F	Y	W	H	M	C	P
0	0.16276	0.06401	0.09983	0.04440	0.02513	0.21751	0.01589	0.11473	0.02270	0.10274	0.04368	0.01947	0.01491	0.00900	0.00734	0.00240	0.01039	0.00639	0.00575	0.01096
1	0.07532	0.02048	0.17078	0.02198	0.13682	0.01534	0.01746	0.06750	0.01927	0.02841	0.10194	0.03333	0.09422	0.02093	0.13548	0.00465	0.01111	0.00924	0.00546	0.01026
2	0.01379	0.01163	0.01476	0.15670	0.02359	0.01186	0.01159	0.01919	0.09107	0.02357	0.04292	0.09512	0.20998	0.09294	0.01270	0.00331	0.00691	0.05255	0.00629	0.09952
3	0.01261	0.01058	0.01412	0.01721	0.13452	0.00976	0.01036	0.01569	0.01992	0.02631	0.24346	0.06145	0.31313	0.06077	0.01157	0.00301	0.00544	0.01448	0.00730	0.00832
4	0.02089	0.02128	0.14165	0.01814	0.05313	0.01767	0.01578	0.24377	0.05773	0.03524	0.02793	0.11033	0.06289	0.05647	0.01054	0.00297	0.00825	0.01027	0.07393	0.01116
5	0.01843	0.01757	0.02988	0.32902	0.39481	0.01918	0.02444	0.02363	0.01791	0.02456	0.01525	0.02125	0.01225	0.00780	0.00826	0.00260	0.01040	0.00739	0.00393	0.01144
6	0.02056	0.01974	0.03372	0.05099	0.65622	0.01974	0.02550	0.02550	0.01892	0.02714	0.01563	0.02056	0.01316	0.00740	0.00822	0.00247	0.00987	0.00740	0.00411	0.01316
7	0.03136	0.02977	0.02438	0.02003	0.02573	0.28430	0.01589	0.39133	0.03288	0.03960	0.01711	0.01797	0.01276	0.00941	0.00798	0.00235	0.01147	0.00663	0.00670	0.01234
8	0.01012	0.00723	0.00964	0.01157	0.01205	0.00675	0.00771	0.01157	0.01591	0.02121	0.04579	0.70262	0.05495	0.02603	0.01060	0.00337	0.00482	0.02362	0.00771	0.00675
9	0.01208	0.00805	0.00906	0.00906	0.00906	0.00805	0.00503	0.01208	0.01208	0.01611	0.02618	0.05436	0.03020	0.70804	0.04228	0.00805	0.00805	0.01208	0.00503	0.00503
10	0.02193	0.67887	0.07522	0.01470	0.02207	0.03218	0.01506	0.02495	0.01691	0.01989	0.01172	0.01354	0.01065	0.00715	0.00546	0.00182	0.00906	0.00453	0.00355	0.01074
11	0.01005	0.00842	0.00873	0.00866	0.01136	0.00711	0.00649	0.01237	0.01948	0.02373	0.15149	0.07783	0.58472	0.02056	0.00982	0.00278	0.00417	0.01724	0.00788	0.00711
12	0.01012	0.00723	0.00964	0.01157	0.01205	0.00675	0.00771	0.01157	0.01591	0.02121	0.04579	0.70262	0.05495	0.02603	0.01060	0.00337	0.00482	0.02362	0.00771	0.00675
13	0.01194	0.00862	0.01194	0.01194	0.01293	0.00962	0.00862	0.01393	0.01293	0.01824	0.02354	0.03979	0.02388	0.27497	0.46671	0.01161	0.01758	0.00995	0.00464	0.00663
14	0.09131	0.01854	0.03016	0.15542	0.49301	0.01941	0.02350	0.02467	0.01807	0.02711	0.01509	0.02015	0.01241	0.00759	0.00794	0.00253	0.00974	0.00712	0.00414	0.01209
15	0.02056	0.01974	0.03372	0.05099	0.65622	0.01974	0.02550	0.02550	0.01892	0.02714	0.01563	0.02056	0.01316	0.00740	0.00822	0.00247	0.00987	0.00740	0.00411	0.01316
16	0.01387	0.01123	0.01381	0.01326	0.01434	0.04386	0.00988	0.01592	0.01370	0.01935	0.02178	0.03568	0.02162	0.22207	0.35112	0.00946	0.09852	0.00930	0.05412	0.00712
17	0.03158	0.02327	0.02493	0.01911	0.02576	0.02576	0.01579	0.62852	0.03906	0.05236	0.01995	0.01995	0.01413	0.00997	0.00831	0.00249	0.00914	0.00748	0.00831	0.01413
18	0.01008	0.00737	0.00949	0.01118	0.01195	0.00678	0.00754	0.01161	0.01627	0.02136	0.05046	0.62684	0.12772	0.02542	0.01051	0.00330	0.00475	0.02288	0.00771	0.00678
19	0.01106	0.00792	0.01036	0.01086	0.01207	0.00737	0.00763	0.01369	0.01959	0.02711	0.35402	0.34119	0.06559	0.05775	0.01188	0.00323	0.00453	0.01862	0.00830	0.00721
20	0.01193	0.00864	0.01201	0.01201	0.01303	0.00966	0.00871	0.01397	0.01295	0.01829	0.02348	0.03943	0.02372	0.26410	0.47736	0.01170	0.01781	0.00989	0.00463	0.00667
21	0.01046	0.00744	0.00947	0.01094	0.01146	0.00700	0.00715	0.01168	0.01537	0.02034	0.04426	0.55143	0.08230	0.14993	0.01633	0.00420	0.00538	0.02119	0.00722	0.00645
22	0.01208	0.00805	0.00906	0.00906	0.00906	0.00805	0.00503	0.01208	0.01208	0.01611	0.02618	0.05436	0.03020	0.70804	0.04228	0.00805	0.00805	0.01208	0.00503	0.00503
23	0.02218	0.01803	0.01963	0.01646	0.02196	0.01934	0.01318	0.18006	0.33457	0.03691	0.02748	0.02983	0.02162	0.01075	0.00818	0.00250	0.00719	0.04718	0.00769	0.15525
24	0.02192	0.67762	0.07638	0.01471	0.02210	0.03215	0.01509	0.02495	0.01691	0.01990	0.01173	0.01355	0.01065	0.00715	0.00547	0.00182	0.00906	0.00453	0.00355	0.01075
25	0.01727	0.01490	0.01554	0.01425	0.01836	0.01640	0.01101	0.03407	0.44675	0.03090	0.04955	0.04629	0.22145	0.01432	0.00888	0.00281	0.00583	0.01194	0.00822	0.01123
26	0.02570	0.02302	0.02716	0.03109	0.26329	0.09847	0.01909	0.24262	0.12093	0.03642	0.01959	0.02127	0.01506	0.00903	0.00820	0.00249	0.00971	0.00749	0.00628	0.01309
27	0.01707	0.01669	0.02470	0.02107	0.02191	0.02228	0.05692	0.01945	0.01330	0.02030	0.01346	0.02121	0.01290	0.02315	0.14968	0.00543	0.52001	0.00775	0.00383	0.00891
28	0.01070	0.00857	0.00964	0.00973	0.01223	0.00751	0.00753	0.01344	0.02002	0.02526	0.21084	0.07748	0.44607	0.02033	0.01002	0.00288	0.00456	0.08788	0.00804	0.00728
29	0.02056	0.19292	0.11604	0.01896	0.02350	0.10160	0.01758	0.06160	0.01743	0.02276	0.01380	0.01840	0.01217	0.01663	0.09455	0.00398	0.22696	0.00641	0.00407	0.01009
30	0.01666	0.04297	0.66500	0.02368	0.03596	0.01929	0.03069	0.02631	0.01754	0.02631	0.01491	0.01754	0.01052	0.00789	0.00789	0.00263	0.01228	0.00614	0.00351	0.01228
31	0.01238	0.00909	0.01198	0.01290	0.01497	0.00869	0.01077	0.01595	0.02026	0.02672	0.21206	0.08308	0.15329	0.02106	0.01076	0.00334	0.00610	0.35092	0.00806	0.00760
32	0.11260	0.11476	0.05814	0.02572	0.15885	0.34875	0.01773	0.02917	0.02036	0.02395	0.01323	0.01592	0.01101	0.00801	0.00713	0.00224	0.01202	0.00562	0.00422	0.01056
33	0.02056	0.01974	0.03372	0.05099	0.65622	0.01974	0.02550	0.02550	0.01892	0.02714	0.01563	0.02056	0.01316	0.00740	0.00822	0.00247	0.00987	0.00740	0.00411	0.01316
34	0.01187	0.00890	0.01335	0.01335	0.01483	0.01038	0.01038	0.01483	0.01335	0.01928	0.02225	0.03264	0.02077	0.06231	0.67512	0.01335	0.02225	0.00890	0.00445	0.00742
35	0.01058	0.00754	0.00954	0.01083	0.01145	0.00708	0.00712	0.01194	0.01582	0.02105	0.08131	0.50206	0.08799	0.15530	0.01655	0.00419	0.00534	0.02052	0.00729	0.00650
36	0.02533	0.13289	0.09895	0.01648	0.02245	0.19367	0.01477	0.05258	0.02159	0.16742	0.03128	0.03062	0.13556	0.01108	0.00787	0.00238	0.00963	0.00839	0.00625	0.01080
37	0.01865	0.41969	0.03238	0.01488	0.01946	0.02530	0.01356	0.02130	0.01533	0.01952	0.01464	0.01964	0.01369	0.02438	0.20659	0.00543	0.09609	0.00611	0.00383	0.00951
38	0.01208	0.00805	0.00906	0.00906	0.00906	0.00805	0.00503	0.01208	0.01208	0.01611	0.02618	0.05436	0.03020	0.70804	0.04228	0.00805	0.00805	0.01208	0.00503	0.00503
39	0.02784	0.03059	0.17612	0.01946	0.02631	0.24197	0.01815	0.10838	0.02414	0.17172	0.05930	0.02222	0.01762	0.00950	0.00803	0.00243	0.01109	0.00711	0.00628	0.01175
40	0.01827	0.01751	0.02706	0.15839	0.38797	0.05148	0.02122	0.02256	0.01802	0.02445	0.02006	0.12099	0.01914	0.01303	0.04111	0.00317	0.01022	0.00974	0.00459	0.01104
41	0.01953	0.02165	0.03719	0.27197	0.04635	0.09761	0.33343	0.02542	0.01898	0.02390	0.01559	0.02143	0.01182	0.00766	0.00898	0.00271	0.01305	0.00839	0.00402	0.01030
42	0.01958	0.01897	0.02880	0.04176	0.49382	0.05916	0.02203	0.02399	0.01923	0.02608	0.02402	0.03308	0.06722	0.01029	0.00867	0.00263	0.00950	0.07454	0.00480	0.01183
43	0.18983	0.07228	0.06030	0.02976	0.26558	0.16942	0.01859	0.02765	0.01890	0.05461	0.01451	0.01739	0.01168	0.00787	0.00716	0.00238	0.01021	0.00606	0.00457	0.01125
44	0.02070	0.02650	0.15906	0.02128	0.06536	0.14189	0.04995	0.09461	0.08959	0.02796	0.03025	0.03120	0.13545	0.01151	0.00974	0.00264	0.05679	0.00902	0.00563	0.01086
45	0.01926	0.05120	0.02169	0.01899	0.05984	0.01941	0.01442	0.16418	0.01980	0.02769	0.01816	0.02568	0.01634	0.07429	0.23545	0.00670	0.18390	0.00804	0.00514	0.00981

[dist]
# distance from previous block
# <min> <max>
5	36

[block]
# block no. 3 follows, 22 sequences, length 48
# corresponding to MSA columns:
# 327-352,354-375
name=unknown_D
#
# <colnr> <probs for GDERKNQSTAVLIFYWHMCP>
#	G	D	E	R	K	N	Q	S	T	A	V	L	I	F	Y	W	H	M	C	P
0	0.02076	0.02299	0.01758	0.01636	0.01933	0.29716	0.01234	0.02460	0.06577	0.02175	0.05516	0.03317	0.10081	0.06746	0.15824	0.00520	0.03840	0.00894	0.00531	0.00868
1	0.02015	0.12874	0.30951	0.02325	0.07031	0.10444	0.06541	0.02838	0.07974	0.02556	0.01621	0.01847	0.01245	0.00800	0.00759	0.00238	0.01118	0.00639	0.00427	0.05757
2	0.06882	0.14057	0.33319	0.02181	0.03083	0.14050	0.07534	0.05101	0.01934	0.02595	0.01417	0.01669	0.01080	0.00789	0.00744	0.00242	0.01190	0.00600	0.00401	0.01132
3	0.49190	0.04724	0.04816	0.01950	0.13302	0.01962	0.01372	0.06245	0.01720	0.06138	0.01385	0.01596	0.01068	0.00789	0.00616	0.00252	0.00761	0.00544	0.00523	0.01049
4	0.02541	0.02849	0.02328	0.02663	0.18801	0.37941	0.01663	0.02860	0.02120	0.02409	0.01621	0.01941	0.01331	0.00846	0.00737	0.00219	0.01158	0.00633	0.14319	0.01021
5	0.01218	0.00853	0.00942	0.00922	0.01084	0.00788	0.00618	0.01341	0.01575	0.04815	0.05242	0.06373	0.30985	0.33778	0.05493	0.00568	0.00692	0.01422	0.00645	0.00644
6	0.01032	0.00796	0.00944	0.01008	0.01179	0.00707	0.00717	0.01252	0.01863	0.02410	0.18099	0.32505	0.30061	0.02223	0.01013	0.00299	0.00440	0.01947	0.00800	0.00707
7	0.01759	0.01622	0.02727	0.06753	0.41757	0.01643	0.04404	0.02168	0.01741	0.02455	0.02047	0.10051	0.01976	0.06662	0.08207	0.00416	0.01071	0.00981	0.00460	0.01098
8	0.01012	0.00723	0.00964	0.01157	0.01205	0.00675	0.00771	0.01157	0.01591	0.02121	0.04579	0.70262	0.05495	0.02603	0.01060	0.00337	0.00482	0.02362	0.00771	0.00675
9	0.01778	0.01690	0.02869	0.41490	0.31406	0.01901	0.02411	0.02306	0.01760	0.02376	0.01513	0.02147	0.01197	0.00792	0.00827	0.00264	0.01056	0.00739	0.00387	0.01091
10	0.02328	0.31845	0.07594	0.02729	0.21164	0.16731	0.01901	0.02695	0.01897	0.02240	0.01325	0.01610	0.01140	0.00756	0.00682	0.00212	0.01072	0.00563	0.00387	0.01128
11	0.02018	0.01999	0.02968	0.19828	0.42482	0.08330	0.02323	0.02463	0.01849	0.02454	0.01510	0.02058	0.01247	0.00862	0.00917	0.03371	0.01055	0.00719	0.00401	0.01148
12	0.02162	0.02082	0.04164	0.03768	0.21967	0.01977	0.39084	0.02765	0.01982	0.08922	0.01803	0.02245	0.01355	0.00744	0.00920	0.00268	0.01212	0.00896	0.00477	0.01206
13	0.01931	0.02531	0.18179	0.03988	0.37731	0.02034	0.09658	0.02528	0.01807	0.02618	0.01513	0.01984	0.01226	0.00817	0.01020	0.00266	0.07805	0.00738	0.00393	0.01232
14	0.01937	0.01607	0.01836	0.01344	0.02061	0.01351	0.01081	0.10651	0.04546	0.03090	0.01626	0.01816	0.01309	0.00689	0.00655	0.00147	0.00659	0.00546	0.00554	0.62497
15	0.00982	0.00842	0.00842	0.00842	0.01122	0.00701	0.00631	0.01192	0.01894	0.02244	0.08416	0.07995	0.65285	0.02104	0.00982	0.00281	0.00421	0.01753	0.00771	0.00701
16	0.02037	0.02296	0.05163	0.02182	0.02308	0.13901	0.01832	0.02257	0.01482	0.02031	0.01141	0.01759	0.01085	0.01322	0.02299	0.00333	0.54578	0.00689	0.00374	0.00932
17	0.00992	0.00800	0.00884	0.00951	0.01151	0.00692	0.00680	0.01180	0.01788	0.02201	0.07082	0.29639	0.44502	0.02277	0.01009	0.00300	0.00442	0.01965	0.00771	0.00692
18	0.01277	0.00942	0.01181	0.01137	0.01164	0.01056	0.00759	0.01353	0.01239	0.01715	0.02363	0.04605	0.02616	0.50677	0.15635	0.00849	0.09266	0.01092	0.00476	0.00596
19	0.01187	0.00890	0.01335	0.01335	0.01483	0.01038	0.01038	0.01483	0.01335	0.01928	0.02225	0.03264	0.02077	0.06231	0.67512	0.01335	0.02225	0.00890	0.00445	0.00742
20	0.18127	0.00958	0.00873	0.00845	0.01109	0.01015	0.00651	0.02047	0.01670	0.03236	0.02367	0.02712	0.01858	0.00924	0.00566	0.00208	0.00444	0.00703	0.58887	0.00802
21	0.01187	0.00890	0.01335	0.01335	0.01483	0.01038	0.01038	0.01483	0.01335	0.01928	0.02225	0.03264	0.02077	0.06231	0.67512	0.01335	0.02225	0.00890	0.00445	0.00742
22	0.01119	0.00821	0.01049	0.01048	0.01220	0.00751	0.00765	0.01437	0.02135	0.02948	0.45764	0.20532	0.13439	0.01941	0.00998	0.00280	0.00415	0.01719	0.00868	0.00751
23	0.03017	0.02243	0.02417	0.01844	0.02517	0.02432	0.01521	0.56879	0.03691	0.04987	0.01944	0.01968	0.01395	0.00960	0.00810	0.00237	0.00885	0.00723	0.00798	0.08733
24	0.01807	0.01629	0.01761	0.01286	0.02006	0.05178	0.01022	0.02167	0.01761	0.02666	0.01465	0.01709	0.01221	0.00630	0.00623	0.00129	0.00669	0.00495	0.00488	0.71287
25	0.01187	0.00890	0.01335	0.01335	0.01483	0.01038	0.01038	0.01483	0.01335	0.01928	0.02225	0.03264	0.02077	0.06231	0.67512	0.01335	0.02225	0.00890	0.00445	0.00742
26	0.02210	0.02367	0.02899	0.19565	0.35044	0.18832	0.02248	0.02645	0.01956	0.02397	0.01470	0.01950	0.01203	0.00792	0.00805	0.00245	0.01148	0.00687	0.00405	0.01131
27	0.01202	0.00831	0.01036	0.01036	0.01081	0.00876	0.00665	0.01291	0.01247	0.01707	0.02499	0.04778	0.02735	0.51249	0.23394	0.00966	0.01235	0.01112	0.00486	0.00576
28	0.01052	0.00787	0.00950	0.01022	0.01158	0.00715	0.00707	0.01246	0.01776	0.02323	0.16367	0.34666	0.22682	0.09003	0.01335	0.00354	0.00480	0.01921	0.00771	0.00685
29	0.01010	0.00731	0.00956	0.01137	0.01200	0.00676	0.00762	0.01159	0.01610	0.02129	0.04824	0.66289	0.09310	0.02571	0.01055	0.00334	0.00478	0.02323	0.00771	0.00676
30	0.03158	0.02327	0.02493	0.01911	0.02576	0.02576	0.01579	0.62852	0.03906	0.05236	0.01995	0.01995	0.01413	0.00997	0.00831	0.00249	0.00914	0.00748	0.00831	0.01413
31	0.02748	0.02634	0.02229	0.01902	0.02424	0.22359	0.01492	0.23504	0.25098	0.03617	0.02275	0.02239	0.01712	0.01001	0.00811	0.00250	0.01001	0.00751	0.00712	0.01239
32	0.01231	0.00956	0.01421	0.01395	0.01533	0.01145	0.01094	0.01520	0.01331	0.01934	0.02145	0.03161	0.02007	0.05892	0.62919	0.01266	0.06980	0.00879	0.00439	0.00754
33	0.01207	0.00811	0.00936	0.00936	0.00947	0.00822	0.00541	0.01228	0.01217	0.01633	0.02590	0.05282	0.02953	0.66226	0.08715	0.00843	0.00906	0.01186	0.00499	0.00520
34	0.03051	0.02274	0.02433	0.01890	0.02535	0.02526	0.01553	0.57108	0.09825	0.05063	0.02131	0.02103	0.01523	0.01010	0.00832	0.00253	0.00889	0.00767	0.00832	0.01403
35	0.02024	0.01897	0.02980	0.08864	0.47371	0.01985	0.02260	0.02931	0.15608	0.02840	0.01958	0.02298	0.01570	0.00832	0.00828	0.00257	0.00923	0.00784	0.00504	0.01288
36	0.02209	0.02332	0.03006	0.14705	0.42062	0.16407	0.02302	0.02650	0.01957	0.02469	0.01487	0.01959	0.01228	0.00780	0.00808	0.00244	0.01119	0.00695	0.00408	0.01175
37	0.01153	0.00939	0.00971	0.00950	0.01190	0.00876	0.00679	0.01555	0.08681	0.02242	0.06575	0.06884	0.44548	0.17156	0.01683	0.00396	0.00532	0.01542	0.00721	0.00726
38	0.03175	0.01359	0.01757	0.01395	0.01938	0.01257	0.01139	0.08671	0.02345	0.46897	0.03011	0.02825	0.02013	0.01335	0.04884	0.00312	0.00767	0.00821	0.12828	0.01271
39	0.01766	0.01990	0.08846	0.03034	0.14427	0.01738	0.27035	0.02448	0.05699	0.02637	0.02465	0.10041	0.02308	0.01182	0.00962	0.00295	0.01074	0.10448	0.00528	0.01076
40	0.02679	0.22082	0.02983	0.02044	0.04969	0.33460	0.01614	0.08762	0.02183	0.02350	0.01308	0.01560	0.01115	0.00892	0.00921	0.00225	0.08810	0.00561	0.00440	0.01044
41	0.01012	0.00723	0.00964	0.01157	0.01205	0.00675	0.00771	0.01157	0.01591	0.02121	0.04579	0.70262	0.05495	0.02603	0.01060	0.00337	0.00482	0.02362	0.00771	0.00675
42	0.01977	0.01893	0.03229	0.15427	0.55912	0.01953	0.02510	0.02480	0.01854	0.02618	0.01549	0.02082	0.01282	0.00755	0.00824	0.00252	0.01006	0.00740	0.00404	0.01252
43	0.02749	0.02561	0.06270	0.09314	0.02784	0.22736	0.01619	0.10648	0.11292	0.15764	0.02370	0.02390	0.03837	0.00985	0.00811	0.00249	0.01045	0.00752	0.00660	0.01163
44	0.02856	0.03062	0.02171	0.01941	0.02403	0.41494	0.01481	0.03716	0.20737	0.08770	0.02104	0.02105	0.01603	0.00954	0.00786	0.00238	0.01170	0.00685	0.00611	0.01112
45	0.01272	0.01016	0.01499	0.01450	0.01578	0.01242	0.01144	0.01553	0.01327	0.01938	0.02071	0.03068	0.01943	0.05583	0.58734	0.01203	0.11311	0.00868	0.00434	0.00764
46	0.01208	0.00805	0.00906	0.00906	0.00906	0.00805	0.00503	0.01208	0.01208	0.01611	0.02618	0.05436	0.03020	0.70804	0.04228	0.00805	0.00805	0.01208	0.00503	0.00503
47	0.02529	0.12398	0.02561	0.06664	0.05202	0.29720	0.01528	0.09031	0.02215	0.02540	0.01408	0.01650	0.01153	0.00791	0.00707	0.00198	0.01108	0.00558	0.00469	0.17569

[dist]
# distance from previous block
# <min> <max>
0	3

[block]
# block no. 4 follows, 22 sequences, length 23
# corresponding to MSA columns:
# 379-401
name=unknown_E
#
# <colnr> <probs for GDERKNQSTAVLIFYWHMCP>
#	G	D	E	R	K	N	Q	S	T	A	V	L	I	F	Y	W	H	M	C	P
0	0.18649	0.13336	0.02540	0.02251	0.12788	0.25775	0.01552	0.02981	0.08173	0.02647	0.01494	0.01694	0.01221	0.00823	0.00687	0.00230	0.01048	0.00577	0.00475	0.01060
1	0.02357	0.13822	0.03446	0.07779	0.19643	0.22628	0.13630	0.02770	0.02000	0.02327	0.01426	0.01812	0.01173	0.00770	0.00784	0.00234	0.01219	0.00675	0.00406	0.01100
2	0.03103	0.03959	0.02354	0.02140	0.02568	0.67469	0.01605	0.03317	0.02354	0.02033	0.01284	0.01498	0.01070	0.00856	0.00749	0.00214	0.01498	0.00535	0.00428	0.00963
3	0.01208	0.00805	0.00906	0.00906	0.00906	0.00805	0.00503	0.01208	0.01208	0.01611	0.02618	0.05436	0.03020	0.70804	0.04228	0.00805	0.00805	0.01208	0.00503	0.00503
4	0.01188	0.00797	0.00912	0.00931	0.00936	0.00792	0.00530	0.01203	0.01247	0.01662	0.02815	0.11947	0.03269	0.63955	0.03910	0.00758	0.00773	0.01324	0.00530	0.00521
5	0.01201	0.00835	0.01058	0.01058	0.01111	0.00888	0.00693	0.01306	0.01253	0.01723	0.02478	0.04666	0.02686	0.47916	0.26660	0.00993	0.01309	0.01095	0.00483	0.00588
6	0.01009	0.00820	0.00899	0.00955	0.01176	0.00710	0.00704	0.01214	0.01824	0.02229	0.07290	0.22611	0.47861	0.02231	0.01010	0.00300	0.00455	0.05233	0.00771	0.00699
7	0.02860	0.16785	0.02706	0.01970	0.02455	0.50474	0.01549	0.03235	0.06594	0.02120	0.01408	0.01579	0.01173	0.00847	0.00714	0.00212	0.01321	0.00546	0.00444	0.01008
8	0.02631	0.20413	0.09307	0.01839	0.02515	0.12144	0.01661	0.25718	0.09961	0.03455	0.01787	0.01857	0.01369	0.00897	0.00740	0.00231	0.00994	0.00648	0.00603	0.01228
9	0.01882	0.01796	0.03058	0.27857	0.44224	0.01928	0.02463	0.02397	0.01809	0.02503	0.01532	0.02113	0.01241	0.00772	0.00825	0.00257	0.01030	0.00740	0.00396	0.01175
10	0.01009	0.00735	0.00952	0.01125	0.01197	0.00677	0.00757	0.01160	0.01621	0.02133	0.04964	0.64008	0.11500	0.02553	0.01052	0.00332	0.00476	0.02301	0.00771	0.00677
11	0.03035	0.03234	0.02412	0.05875	0.02752	0.40530	0.01636	0.24517	0.02869	0.03182	0.01549	0.01716	0.01195	0.00905	0.00783	0.00230	0.01267	0.00623	0.00569	0.01121
12	0.01647	0.01299	0.04286	0.01260	0.01642	0.01182	0.01028	0.02499	0.17648	0.09882	0.25250	0.05329	0.20625	0.01548	0.00922	0.00271	0.00538	0.01315	0.00847	0.00984
13	0.02452	0.28680	0.12359	0.01974	0.02661	0.24303	0.06046	0.05468	0.04592	0.02330	0.01410	0.01613	0.01154	0.00799	0.00699	0.00216	0.01167	0.00570	0.00424	0.01084
14	0.02160	0.53258	0.03587	0.01360	0.01975	0.02680	0.01293	0.02453	0.01861	0.07413	0.12569	0.02310	0.02336	0.00910	0.00636	0.00199	0.00787	0.00662	0.00508	0.01045
15	0.01672	0.03345	0.43637	0.02459	0.03442	0.01806	0.14702	0.02490	0.01821	0.02614	0.01999	0.03083	0.01697	0.01015	0.00885	0.00286	0.01187	0.10297	0.00432	0.01131
16	0.02964	0.14578	0.02669	0.02027	0.02499	0.57349	0.01576	0.03186	0.02249	0.02021	0.01264	0.01472	0.01069	0.00833	0.00715	0.00208	0.01402	0.00521	0.00417	0.00979
17	0.02555	0.01453	0.01728	0.01463	0.01957	0.01468	0.01162	0.03686	0.27042	0.28892	0.10555	0.03735	0.08113	0.01230	0.00867	0.00269	0.00629	0.01026	0.00921	0.01246
18	0.01012	0.00723	0.00964	0.01157	0.01205	0.00675	0.00771	0.01157	0.01591	0.02121	0.04579	0.70262	0.05495	0.02603	0.01060	0.00337	0.00482	0.02362	0.00771	0.00675
19	0.01035	0.00739	0.00990	0.01183	0.01241	0.00694	0.00811	0.01196	0.01613	0.02146	0.04566	0.65999	0.05445	0.02581	0.01066	0.00341	0.00502	0.06399	0.00771	0.00681
20	0.01044	0.00736	0.00955	0.01116	0.01156	0.00696	0.00728	0.01165	0.01528	0.02038	0.04260	0.59738	0.05093	0.13675	0.01575	0.00413	0.00534	0.02174	0.00728	0.00647
21	0.01786	0.01668	0.02779	0.02074	0.02702	0.01519	0.22838	0.06429	0.01881	0.02690	0.01872	0.05263	0.01639	0.05437	0.08839	0.00378	0.01109	0.00851	0.00498	0.27749
22	0.32001	0.04959	0.10063	0.05549	0.02404	0.14694	0.01580	0.02534	0.01635	0.02782	0.01229	0.01566	0.01006	0.00919	0.01029	0.00268	0.13829	0.00555	0.00435	0.00962

[dist]
# distance from previous block
# <min> <max>
0	19

[block]
# block no. 5 follows, 22 sequences, length 39
# corresponding to MSA columns:
# 421-459
name=unknown_F
#
# <colnr> <probs for GDERKNQSTAVLIFYWHMCP>
#	G	D	E	R	K	N	Q	S	T	A	V	L	I	F	Y	W	H	M	C	P
0	0.02027	0.09973	0.02444	0.19242	0.03099	0.18535	0.01749	0.02364	0.01823	0.02133	0.01915	0.03310	0.01832	0.01227	0.01167	0.00286	0.12872	0.12624	0.00461	0.00915
1	0.02547	0.23240	0.03517	0.02174	0.02793	0.20043	0.14352	0.13319	0.02292	0.02702	0.01444	0.01708	0.01170	0.00835	0.00846	0.00231	0.04564	0.00648	0.00472	0.01103
2	0.02534	0.02447	0.02405	0.02535	0.15143	0.19046	0.01705	0.17611	0.15660	0.03287	0.02223	0.02746	0.01831	0.01048	0.00838	0.00258	0.01013	0.05830	0.00639	0.01200
3	0.01010	0.00730	0.00957	0.01139	0.01200	0.00676	0.00763	0.01159	0.01608	0.02128	0.04798	0.66706	0.08909	0.02574	0.01056	0.00334	0.00478	0.02327	0.00771	0.00676
4	0.01723	0.01477	0.01723	0.01230	0.01969	0.01107	0.00984	0.02092	0.01723	0.02707	0.01477	0.01723	0.01230	0.00615	0.00615	0.00123	0.00615	0.00492	0.00492	0.75883
5	0.03158	0.02327	0.02493	0.01911	0.02576	0.02576	0.01579	0.62852	0.03906	0.05236	0.01995	0.01995	0.01413	0.00997	0.00831	0.00249	0.00914	0.00748	0.00831	0.01413
6	0.01004	0.00754	0.00932	0.01075	0.01183	0.00682	0.00735	0.01166	0.01669	0.02153	0.05574	0.54105	0.21009	0.02473	0.01040	0.00323	0.00466	0.02204	0.00771	0.00682
7	0.01012	0.00723	0.00964	0.01157	0.01205	0.00675	0.00771	0.01157	0.01591	0.02121	0.04579	0.70262	0.05495	0.02603	0.01060	0.00337	0.00482	0.02362	0.00771	0.00675
8	0.01012	0.00723	0.00964	0.01157	0.01205	0.00675	0.00771	0.01157	0.01591	0.02121	0.04579	0.70262	0.05495	0.02603	0.01060	0.00337	0.00482	0.02362	0.00771	0.00675
9	0.01166	0.00831	0.01001	0.00968	0.01098	0.00783	0.00658	0.01386	0.01857	0.02542	0.34521	0.06111	0.12485	0.28504	0.02238	0.00474	0.00555	0.01417	0.00739	0.00666
10	0.02221	0.71304	0.04353	0.01421	0.02132	0.03287	0.01421	0.02488	0.01688	0.01955	0.01155	0.01333	0.01066	0.00711	0.00533	0.00178	0.00888	0.00444	0.00355	0.01066
11	0.02145	0.24025	0.31315	0.02202	0.06632	0.15570	0.02253	0.02722	0.01864	0.02314	0.01353	0.01595	0.01076	0.00776	0.00707	0.00227	0.01167	0.00555	0.00371	0.01131
12	0.01423	0.00902	0.01127	0.01097	0.01250	0.01015	0.00843	0.01742	0.01531	0.02514	0.02399	0.03165	0.02069	0.06236	0.25164	0.00650	0.06649	0.00833	0.38630	0.00760
13	0.01549	0.00774	0.00774	0.00774	0.00968	0.00774	0.00581	0.01936	0.01742	0.03097	0.02710	0.03097	0.02129	0.00968	0.00581	0.00194	0.00387	0.00774	0.75416	0.00774
14	0.01187	0.00890	0.01335	0.01335	0.01483	0.01038	0.01038	0.01483	0.01335	0.01928	0.02225	0.03264	0.02077	0.06231	0.67512	0.01335	0.02225	0.00890	0.00445	0.00742
15	0.01118	0.00847	0.01030	0.00984	0.01206	0.00759	0.00738	0.01456	0.02215	0.03007	0.48241	0.06740	0.24984	0.01819	0.00980	0.00267	0.00401	0.01577	0.00872	0.00759
16	0.01569	0.01477	0.02492	0.68808	0.05722	0.01846	0.02307	0.02123	0.01661	0.02123	0.01477	0.02215	0.01107	0.00831	0.00831	0.00277	0.01107	0.00738	0.00369	0.00923
17	0.01187	0.00890	0.01335	0.01335	0.01483	0.01038	0.01038	0.01483	0.01335	0.01928	0.02225	0.03264	0.02077	0.06231	0.67512	0.01335	0.02225	0.00890	0.00445	0.00742
18	0.01818	0.01818	0.02545	0.02181	0.02181	0.02545	0.01818	0.01999	0.01272	0.01999	0.01091	0.01818	0.01091	0.01454	0.02726	0.00364	0.69284	0.00727	0.00364	0.00909
19	0.00982	0.00842	0.00842	0.00842	0.01122	0.00701	0.00631	0.01192	0.01894	0.02244	0.08416	0.07995	0.65285	0.02104	0.00982	0.00281	0.00421	0.01753	0.00771	0.00701
20	0.02056	0.01974	0.03372	0.05099	0.65622	0.01974	0.02550	0.02550	0.01892	0.02714	0.01563	0.02056	0.01316	0.00740	0.00822	0.00247	0.00987	0.00740	0.00411	0.01316
21	0.76672	0.01607	0.01221	0.01092	0.01607	0.01864	0.00900	0.02442	0.01414	0.03727	0.01157	0.01350	0.00900	0.00771	0.00514	0.00257	0.00643	0.00450	0.00514	0.00900
22	0.01012	0.00723	0.00964	0.01157	0.01205	0.00675	0.00771	0.01157	0.01591	0.02121	0.04579	0.70262	0.05495	0.02603	0.01060	0.00337	0.00482	0.02362	0.00771	0.00675
23	0.01202	0.00831	0.01035	0.01035	0.01079	0.00875	0.00664	0.01291	0.01246	0.01706	0.02500	0.04784	0.02737	0.51414	0.23231	0.00964	0.01232	0.01113	0.00486	0.00575
24	0.02066	0.01785	0.01878	0.01691	0.02160	0.02066	0.01315	0.04414	0.64121	0.03475	0.03381	0.03099	0.02536	0.01127	0.00845	0.00282	0.00657	0.00939	0.00845	0.01315
25	0.02647	0.03221	0.02395	0.21973	0.03506	0.47947	0.01814	0.02962	0.02148	0.02060	0.01341	0.01711	0.01081	0.00848	0.00773	0.00233	0.01382	0.00596	0.00411	0.00951
26	0.01666	0.04297	0.66500	0.02368	0.03596	0.01929	0.03069	0.02631	0.01754	0.02631	0.01491	0.01754	0.01052	0.00789	0.00789	0.00263	0.01228	0.00614	0.00351	0.01228
27	0.03487	0.01799	0.02166	0.01661	0.02313	0.01793	0.01372	0.28850	0.03022	0.40486	0.02736	0.02476	0.01785	0.01015	0.00834	0.00254	0.00794	0.00799	0.00945	0.01413
28	0.03370	0.01986	0.02282	0.01750	0.02406	0.02071	0.01446	0.40928	0.03336	0.27965	0.02473	0.02305	0.01653	0.01009	0.00833	0.00252	0.00837	0.00781	0.00905	0.01413
29	0.01573	0.01458	0.02076	0.01853	0.01911	0.01961	0.01516	0.01800	0.01297	0.01972	0.01530	0.02377	0.01472	0.03304	0.27812	0.00740	0.43318	0.00790	0.00395	0.00844
30	0.01187	0.00890	0.01335	0.01335	0.01483	0.01038	0.01038	0.01483	0.01335	0.01928	0.02225	0.03264	0.02077	0.06231	0.67512	0.01335	0.02225	0.00890	0.00445	0.00742
31	0.01033	0.00732	0.00958	0.01130	0.01173	0.00689	0.00742	0.01162	0.01549	0.02066	0.04367	0.63277	0.05228	0.09951	0.01402	0.00388	0.00517	0.02237	0.00742	0.00656
32	0.01183	0.00807	0.00970	0.00992	0.01017	0.00822	0.00605	0.01239	0.01268	0.01711	0.02787	0.12495	0.03175	0.54453	0.12317	0.00823	0.00958	0.01296	0.00526	0.00555
33	0.02880	0.03585	0.02417	0.09836	0.05877	0.56964	0.01729	0.03146	0.02254	0.02075	0.01319	0.01605	0.01086	0.00848	0.00762	0.00223	0.01430	0.00568	0.00421	0.00975
