[name]
unknown

[dist]
# distance from previous block
# <min> <max>
0	0

[block]
# block no. 0 follows, 22 sequences, length 6
# corresponding to MSA columns:
# 0-5
name=unknown_A
#
# <colnr> <probs for GDERKNQSTAVLIFYWHMCP>
#	G	D	E	R	K	N	Q	S	T	A	V	L	I	F	Y	W	H	M	C	P
0	0.01339	0.00956	0.01339	0.01530	0.01721	0.00956	0.01339	0.01721	0.01912	0.02486	0.04399	0.09371	0.04781	0.02295	0.01147	0.00382	0.00765	0.60031	0.00765	0.00765
1	0.01270	0.00914	0.01097	0.01153	0.01273	0.00899	0.00783	0.07449	0.01769	0.02338	0.04214	0.43999	0.09591	0.17188	0.01717	0.00425	0.00591	0.01896	0.00719	0.00715
2	0.01536	0.01384	0.02217	0.16175	0.27797	0.01429	0.01772	0.01908	0.01756	0.02370	0.03148	0.23156	0.09038	0.01456	0.00912	0.00283	0.00802	0.01329	0.00547	0.00983
3	0.02575	0.02786	0.02200	0.02066	0.06739	0.32364	0.01493	0.09891	0.14186	0.02799	0.02184	0.02268	0.04839	0.00956	0.00779	0.00227	0.01083	0.00710	0.00577	0.09276
4	0.01224	0.00951	0.01151	0.01126	0.01396	0.00830	0.00851	0.01482	0.01794	0.02415	0.11341	0.21224	0.18706	0.06861	0.01190	0.00316	0.00551	0.10835	0.00713	0.15043
5	0.08350	0.02901	0.02319	0.22043	0.03440	0.37500	0.01759	0.07656	0.02198	0.02448	0.01389	0.01741	0.01096	0.00853	0.00762	0.00239	0.01268	0.00606	0.00449	0.00982

[dist]
# distance from previous block
# <min> <max>
0	1

[block]
# block no. 1 follows, 22 sequences, length 24
# corresponding to MSA columns:
# 7-30
name=unknown_B
#
# <colnr> <probs for GDERKNQSTAVLIFYWHMCP>
#	G	D	E	R	K	N	Q	S	T	A	V	L	I	F	Y	W	H	M	C	P
0	0.02011	0.01928	0.03291	0.10977	0.60096	0.01962	0.02527	0.02510	0.01870	0.02659	0.01555	0.02071	0.01297	0.00749	0.00823	0.00250	0.00998	0.00740	0.00407	0.01280
1	0.02199	0.01789	0.01970	0.01543	0.02184	0.01772	0.01237	0.18696	0.20482	0.03594	0.02167	0.02195	0.01659	0.00865	0.00739	0.00202	0.00706	0.00690	0.00684	0.34628
2	0.01328	0.00845	0.01063	0.01064	0.01206	0.00787	0.00732	0.01528	0.01802	0.07479	0.22533	0.24714	0.08917	0.20050	0.01844	0.00427	0.00554	0.01640	0.00765	0.00723
3	0.01103	0.00763	0.00925	0.01036	0.01144	0.00717	0.00709	0.01287	0.01624	0.02230	0.04742	0.42567	0.15055	0.07868	0.03631	0.00381	0.00547	0.01891	0.11099	0.00682
4	0.01358	0.00840	0.00995	0.00996	0.01074	0.00807	0.00620	0.01424	0.01417	0.06906	0.03402	0.17921	0.07208	0.47863	0.03147	0.00639	0.00712	0.01435	0.00613	0.00621
5	0.02176	0.01041	0.01330	0.01166	0.01440	0.00955	0.00834	0.02350	0.01802	0.27169	0.08515	0.10460	0.03290	0.31085	0.02320	0.00499	0.00701	0.01194	0.00770	0.00901
6	0.03103	0.03959	0.02354	0.02140	0.02568	0.67469	0.01605	0.03317	0.02354	0.02033	0.01284	0.01498	0.01070	0.00856	0.00749	0.00214	0.01498	0.00535	0.00428	0.00963
7	0.01393	0.00905	0.01136	0.01046	0.01305	0.00811	0.00796	0.01739	0.02257	0.09463	0.46876	0.06243	0.19440	0.01717	0.00966	0.00265	0.00430	0.01488	0.00896	0.00830
8	0.02673	0.01229	0.01616	0.01366	0.01814	0.01125	0.01076	0.03153	0.07623	0.38815	0.14167	0.15104	0.03689	0.01425	0.00900	0.00274	0.00609	0.01223	0.00948	0.01169
9	0.02617	0.01968	0.02141	0.01732	0.02258	0.02192	0.01390	0.41699	0.13856	0.04310	0.02310	0.02603	0.01809	0.07592	0.07282	0.00404	0.00981	0.00834	0.00769	0.01255
10	0.15303	0.01251	0.01463	0.01232	0.01689	0.01195	0.00986	0.02811	0.04825	0.29047	0.18565	0.04080	0.11585	0.01291	0.00834	0.00262	0.00580	0.01055	0.00870	0.01075
11	0.01228	0.00807	0.00953	0.00998	0.01174	0.00757	0.00744	0.01531	0.01886	0.02729	0.18230	0.20173	0.15432	0.01810	0.00896	0.00272	0.00448	0.06631	0.22559	0.00741
12	0.02242	0.01096	0.01392	0.01176	0.01594	0.00952	0.00932	0.02550	0.02230	0.30690	0.21385	0.05240	0.22037	0.01522	0.00917	0.00265	0.00539	0.01282	0.00923	0.01037
13	0.01041	0.00825	0.00900	0.00912	0.01120	0.00723	0.00651	0.01242	0.01835	0.02298	0.15024	0.14163	0.42950	0.10930	0.01407	0.00351	0.00473	0.01715	0.00757	0.00684
14	0.01286	0.00868	0.01027	0.01039	0.01276	0.00762	0.00770	0.01515	0.01904	0.08433	0.12835	0.25012	0.33833	0.02106	0.00996	0.00296	0.00475	0.03982	0.00811	0.00773
15	0.01220	0.00871	0.01243	0.01243	0.01380	0.00992	0.00944	0.01495	0.01358	0.01998	0.02307	0.03469	0.02177	0.12307	0.55269	0.01182	0.01921	0.00912	0.06991	0.00720
16	0.01928	0.01005	0.01326	0.01272	0.01542	0.00927	0.00940	0.02265	0.05097	0.22255	0.10433	0.39180	0.04519	0.01943	0.00971	0.00302	0.00552	0.01725	0.00870	0.00949
17	0.01058	0.00738	0.00981	0.01131	0.01189	0.00693	0.00758	0.01193	0.01618	0.02175	0.09923	0.58014	0.05394	0.05575	0.01305	0.04193	0.00500	0.02147	0.00752	0.00661
18	0.02290	0.02414	0.02720	0.13381	0.25091	0.19545	0.02041	0.05644	0.06983	0.02549	0.01593	0.01988	0.01297	0.00900	0.00999	0.00257	0.08024	0.00700	0.00459	0.01125
19	0.08868	0.02441	0.02704	0.13154	0.28803	0.19958	0.02033	0.07504	0.02103	0.02729	0.01473	0.01860	0.01189	0.00809	0.00777	0.00243	0.01109	0.00659	0.00452	0.01132
20	0.01187	0.00890	0.01335	0.01335	0.01483	0.01038	0.01038	0.01483	0.01335	0.01928	0.02225	0.03264	0.02077	0.06231	0.67512	0.01335	0.02225	0.00890	0.00445	0.00742
21	0.10173	0.02883	0.02230	0.13434	0.02937	0.36354	0.01624	0.09914	0.02248	0.02634	0.01431	0.01739	0.01140	0.00892	0.00837	0.00240	0.04451	0.00604	0.03242	0.00993
22	0.01757	0.02094	0.13575	0.21088	0.19795	0.01678	0.02116	0.02312	0.01755	0.02534	0.01501	0.01950	0.01188	0.00737	0.00759	0.00222	0.00954	0.00646	0.00413	0.22926
23	0.09756	0.10525	0.25849	0.02551	0.13651	0.19133	0.02207	0.02762	0.01893	0.02530	0.01381	0.01654	0.01088	0.00788	0.00730	0.00238	0.01162	0.00581	0.00398	0.01124

[dist]
# distance from previous block
# <min> <max>
0	24

[block]
# block no. 2 follows, 22 sequences, length 25
# corresponding to MSA columns:
# 55-79
name=unknown_C
#
# <colnr> <probs for GDERKNQSTAVLIFYWHMCP>
#	G	D	E	R	K	N	Q	S	T	A	V	L	I	F	Y	W	H	M	C	P
0	0.16148	0.02523	0.02387	0.02765	0.22001	0.23222	0.01708	0.09789	0.02191	0.02946	0.01871	0.02104	0.05117	0.00898	0.00753	0.00240	0.01046	0.00684	0.00507	0.01098
1	0.04776	0.02382	0.19709	0.16216	0.14855	0.01957	0.05089	0.02286	0.01674	0.02442	0.01902	0.02356	0.05597	0.01002	0.01183	0.00284	0.14042	0.00773	0.00407	0.01066
2	0.01021	0.00818	0.00913	0.00942	0.01160	0.00710	0.00687	0.01249	0.01908	0.02403	0.17260	0.20792	0.42939	0.02140	0.00998	0.00289	0.00429	0.01839	0.00796	0.00710
3	0.01051	0.00750	0.00988	0.01124	0.01198	0.00701	0.00761	0.01235	0.01712	0.02319	0.15604	0.55462	0.05808	0.05645	0.01195	0.00345	0.00481	0.02150	0.00785	0.00687
4	0.11613	0.10204	0.02663	0.02484	0.13881	0.25635	0.01719	0.02679	0.01836	0.02351	0.01262	0.01636	0.01098	0.00944	0.01157	0.00255	0.16556	0.00596	0.00413	0.01019
5	0.01934	0.01937	0.03537	0.08664	0.42470	0.01918	0.17313	0.02465	0.01894	0.02633	0.02009	0.02479	0.05234	0.00820	0.00872	0.00259	0.01063	0.00862	0.00433	0.01203
6	0.01051	0.00784	0.00951	0.01057	0.01180	0.00717	0.00736	0.01222	0.01685	0.02173	0.08019	0.39414	0.22160	0.09833	0.01385	0.00372	0.00512	0.05329	0.00748	0.00673
7	0.05608	0.02247	0.14464	0.01955	0.06887	0.13660	0.01648	0.02178	0.01652	0.02237	0.01802	0.02450	0.01571	0.03473	0.33578	0.00780	0.01720	0.00736	0.00424	0.00929
8	0.13756	0.08857	0.20247	0.01952	0.02686	0.13418	0.04999	0.14003	0.02188	0.03083	0.01531	0.01787	0.01183	0.01205	0.05384	0.00319	0.01175	0.00624	0.00490	0.01113
9	0.01408	0.00880	0.01120	0.01096	0.01318	0.00791	0.00807	0.01684	0.02046	0.10542	0.29307	0.25229	0.16684	0.01958	0.00986	0.00287	0.00463	0.01721	0.00860	0.00814
10	0.02678	0.01751	0.02721	0.03492	0.37152	0.01701	0.01961	0.03250	0.06850	0.26364	0.02339	0.02423	0.01685	0.00877	0.00829	0.00253	0.00858	0.00791	0.00674	0.01352
11	0.02250	0.03267	0.22344	0.03140	0.23338	0.21517	0.02341	0.02934	0.06323	0.02538	0.01584	0.01869	0.01247	0.00817	0.00792	0.00244	0.01190	0.00654	0.00428	0.01183
12	0.10714	0.00836	0.01061	0.01060	0.01146	0.00864	0.00734	0.01336	0.01224	0.01933	0.01768	0.07635	0.01752	0.02422	0.02490	0.53562	0.00662	0.00819	0.07492	0.00490
13	0.01006	0.00745	0.00941	0.01097	0.01189	0.00680	0.00745	0.01163	0.01648	0.02144	0.05303	0.58503	0.16786	0.02508	0.01046	0.00327	0.00470	0.02247	0.00771	0.00680
14	0.01055	0.00792	0.00948	0.01011	0.01154	0.00718	0.00701	0.01251	0.01785	0.02331	0.16987	0.31942	0.24021	0.09757	0.01368	0.00357	0.00482	0.01886	0.00769	0.00685
15	0.02365	0.02323	0.03378	0.03859	0.34954	0.09814	0.13600	0.13831	0.02332	0.03091	0.01632	0.02014	0.01294	0.00794	0.00845	0.00250	0.01112	0.00763	0.00493	0.01255
16	0.05409	0.02006	0.13623	0.01791	0.04778	0.01709	0.01570	0.10166	0.18788	0.03206	0.11515	0.03075	0.02687	0.02064	0.13426	0.00468	0.01064	0.00897	0.00654	0.01105
17	0.15743	0.01661	0.01776	0.01334	0.02017	0.01524	0.01081	0.13631	0.02078	0.03372	0.01516	0.01706	0.01204	0.00716	0.00637	0.00171	0.00677	0.00533	0.00560	0.48064
18	0.01449	0.01269	0.02168	0.01726	0.02107	0.01186	0.20741	0.01810	0.01745	0.02421	0.03863	0.09089	0.17439	0.13556	0.01482	0.00360	0.00805	0.01264	0.14707	0.00815
19	0.01887	0.01755	0.09693	0.01534	0.02054	0.01461	0.04168	0.16409	0.04897	0.07640	0.11412	0.09552	0.21098	0.01491	0.00912	0.00272	0.00714	0.01260	0.00754	0.01036
20	0.01090	0.00775	0.00922	0.01005	0.01067	0.00734	0.00638	0.01184	0.01473	0.01924	0.04313	0.33784	0.13206	0.31314	0.02386	0.00527	0.00610	0.01786	0.00658	0.00606
21	0.01218	0.00896	0.01149	0.01191	0.01327	0.00921	0.00853	0.05071	0.01643	0.02206	0.03894	0.30970	0.10534	0.11966	0.21436	0.00684	0.01067	0.01609	0.00644	0.00722
22	0.01768	0.01866	0.06208	0.32188	0.18996	0.02037	0.06937	0.02267	0.01667	0.02306	0.01438	0.02077	0.01162	0.00919	0.01210	0.00286	0.14492	0.00749	0.00381	0.01044
23	0.01996	0.01913	0.03263	0.12953	0.58238	0.01958	0.02520	0.02497	0.01863	0.02641	0.01552	0.02076	0.01290	0.00751	0.00823	0.00250	0.01002	0.00740	0.00406	0.01267
24	0.01302	0.00832	0.01192	0.01192	0.01310	0.00922	0.00894	0.01449	0.01331	0.01975	0.02101	0.03057	0.01927	0.04648	0.41994	0.19651	0.01589	0.00832	0.11151	0.00652

[dist]
# distance from previous block
# <min> <max>
0	9

[block]
# block no. 3 follows, 22 sequences, length 66
# corresponding to MSA columns:
# 89-154
name=unknown_D
#
# <colnr> <probs for GDERKNQSTAVLIFYWHMCP>
#	G	D	E	R	K	N	Q	S	T	A	V	L	I	F	Y	W	H	M	C	P
0	0.01819	0.05098	0.13358	0.21449	0.28944	0.01950	0.07722	0.02403	0.01805	0.02486	0.01782	0.02262	0.03634	0.00820	0.00827	0.00259	0.01069	0.00767	0.00402	0.01144
1	0.01795	0.01597	0.02503	0.14816	0.32687	0.01666	0.01947	0.07504	0.01969	0.02688	0.02577	0.16736	0.05492	0.01242	0.00883	0.00273	0.00866	0.01134	0.00536	0.01090
2	0.01003	0.00801	0.00898	0.00962	0.01157	0.00696	0.00688	0.01200	0.01812	0.02258	0.10060	0.29658	0.41373	0.02257	0.01009	0.00299	0.00441	0.01953	0.00779	0.00696
3	0.01973	0.06192	0.03829	0.10082	0.31220	0.02119	0.23202	0.02512	0.01845	0.02552	0.01543	0.02077	0.01249	0.00776	0.00974	0.00264	0.05209	0.00805	0.00404	0.01172
4	0.01052	0.00763	0.01002	0.01179	0.01264	0.00713	0.00833	0.01232	0.01657	0.02178	0.04870	0.57339	0.10302	0.02522	0.01065	0.00339	0.00513	0.09719	0.00770	0.00689
5	0.01723	0.01477	0.01723	0.01230	0.01969	0.01107	0.00984	0.02092	0.01723	0.02707	0.01477	0.01723	0.01230	0.00615	0.00615	0.00123	0.00615	0.00492	0.00492	0.75883
6	0.01414	0.01200	0.01623	0.01893	0.14883	0.01105	0.01161	0.01855	0.04546	0.02839	0.26141	0.05120	0.20747	0.01446	0.00896	0.00247	0.00564	0.01259	0.00715	0.10347
7	0.01024	0.00837	0.00904	0.00901	0.01151	0.00717	0.00671	0.01269	0.01974	0.02466	0.20111	0.10894	0.50102	0.02045	0.00986	0.00279	0.00418	0.01733	0.00801	0.00717
8	0.02341	0.62116	0.04080	0.01520	0.02192	0.12044	0.01447	0.02601	0.01779	0.01965	0.01173	0.01355	0.01067	0.00731	0.00563	0.00183	0.00972	0.00457	0.00365	0.01052
9	0.02056	0.01974	0.03372	0.05099	0.65622	0.01974	0.02550	0.02550	0.01892	0.02714	0.01563	0.02056	0.01316	0.00740	0.00822	0.00247	0.00987	0.00740	0.00411	0.01316
10	0.02650	0.34655	0.03287	0.01798	0.02353	0.31506	0.01528	0.06474	0.02099	0.02189	0.01260	0.01465	0.01090	0.00822	0.00735	0.00206	0.03919	0.00514	0.00416	0.01035
11	0.01089	0.00846	0.00990	0.00954	0.01188	0.00747	0.00715	0.01399	0.02146	0.02844	0.39713	0.07008	0.33614	0.01880	0.00981	0.00270	0.00405	0.01615	0.00850	0.00747
12	0.01516	0.01289	0.01360	0.01265	0.01626	0.01357	0.00971	0.02758	0.31447	0.02937	0.11730	0.05494	0.29761	0.01600	0.00917	0.00279	0.00530	0.01342	0.00821	0.01001
13	0.01003	0.00842	0.00871	0.00864	0.01135	0.00710	0.00648	0.01233	0.01943	0.02361	0.14537	0.07802	0.59090	0.02060	0.00982	0.00278	0.00418	0.01726	0.00787	0.00710
14	0.02489	0.25706	0.03014	0.01856	0.02316	0.30165	0.01547	0.02724	0.01894	0.02041	0.01217	0.01516	0.01082	0.00905	0.01038	0.00224	0.13876	0.00538	0.00396	0.05456
15	0.01088	0.00790	0.01041	0.01200	0.01308	0.00743	0.00879	0.01303	0.01732	0.02282	0.08544	0.47947	0.10903	0.02438	0.01067	0.00337	0.00531	0.14387	0.00779	0.00703
16	0.03059	0.02357	0.02433	0.01903	0.02539	0.05637	0.01557	0.54870	0.09121	0.04928	0.02082	0.02068	0.01495	0.01002	0.00828	0.00250	0.00920	0.00755	0.00813	0.01383
17	0.02251	0.59396	0.09633	0.01569	0.02300	0.08907	0.01583	0.02574	0.01753	0.02021	0.01196	0.01384	0.01065	0.00731	0.00575	0.00188	0.00973	0.00467	0.00361	0.01071
18	0.01889	0.20854	0.37410	0.02702	0.16273	0.02284	0.02541	0.02577	0.01766	0.02476	0.01420	0.01710	0.01111	0.00759	0.00731	0.00238	0.01091	0.00597	0.00365	0.01205
19	0.01746	0.13906	0.57588	0.02232	0.03386	0.02124	0.02833	0.02610	0.01744	0.02534	0.01443	0.01694	0.01054	0.00778	0.00753	0.00251	0.01179	0.00590	0.00351	0.01205
20	0.01012	0.00723	0.00964	0.01157	0.01205	0.00675	0.00771	0.01157	0.01591	0.02121	0.04579	0.70262	0.05495	0.02603	0.01060	0.00337	0.00482	0.02362	0.00771	0.00675
21	0.01884	0.20186	0.47919	0.02130	0.03187	0.06161	0.02591	0.02638	0.01774	0.02435	0.01399	0.01639	0.01057	0.00775	0.00726	0.00240	0.01163	0.00569	0.00356	0.01174
22	0.01772	0.03650	0.48634	0.03068	0.18309	0.01948	0.05776	0.02613	0.01796	0.02652	0.01517	0.01849	0.01125	0.00773	0.00806	0.00260	0.01179	0.00661	0.00368	0.01244
23	0.02056	0.01974	0.03372	0.05099	0.65622	0.01974	0.02550	0.02550	0.01892	0.02714	0.01563	0.02056	0.01316	0.00740	0.00822	0.00247	0.00987	0.00740	0.00411	0.01316
24	0.01208	0.00805	0.00906	0.00906	0.00906	0.00805	0.00503	0.01208	0.01208	0.01611	0.02618	0.05436	0.03020	0.70804	0.04228	0.00805	0.00805	0.01208	0.00503	0.00503
25	0.01709	0.01296	0.01360	0.01269	0.01611	0.04147	0.00988	0.04706	0.15950	0.08027	0.10515	0.08747	0.23853	0.01635	0.00916	0.00279	0.00591	0.06141	0.05310	0.00951
26	0.01942	0.02181	0.04679	0.07480	0.07609	0.02079	0.55887	0.02623	0.01939	0.02632	0.01662	0.02230	0.01254	0.00710	0.00963	0.00278	0.01362	0.00953	0.00417	0.01119
27	0.02750	0.01452	0.01771	0.01498	0.02010	0.01441	0.01199	0.03754	0.23508	0.34784	0.03738	0.07012	0.06327	0.01262	0.00872	0.00276	0.00663	0.03487	0.00925	0.01271
28	0.01698	0.00918	0.00934	0.00880	0.01117	0.00941	0.00673	0.07583	0.01943	0.03295	0.02644	0.02995	0.02063	0.00971	0.00604	0.00199	0.00436	0.00772	0.68501	0.00833
29	0.02893	0.03604	0.02386	0.02382	0.08984	0.57498	0.01655	0.03135	0.02284	0.02113	0.01658	0.01870	0.04206	0.00905	0.00768	0.00221	0.01393	0.00615	0.00443	0.00987
30	0.03604	0.07141	0.02127	0.01473	0.02122	0.01390	0.01237	0.03921	0.02321	0.60933	0.03103	0.02705	0.01975	0.01002	0.00811	0.00251	0.00722	0.00803	0.00973	0.01385
31	0.01176	0.00849	0.01110	0.01045	0.01241	0.00784	0.00784	0.01568	0.02352	0.03331	0.65184	0.06206	0.07839	0.01698	0.00980	0.00261	0.00392	0.01502	0.00914	0.00784
32	0.02056	0.01974	0.03372	0.05099	0.65622	0.01974	0.02550	0.02550	0.01892	0.02714	0.01563	0.02056	0.01316	0.00740	0.00822	0.00247	0.00987	0.00740	0.00411	0.01316
33	0.01233	0.00938	0.01172	0.01261	0.01485	0.00900	0.01037	0.01647	0.04914	0.02534	0.12124	0.11521	0.23028	0.02134	0.01061	0.00332	0.00602	0.30520	0.00787	0.00770
34	0.01475	0.01359	0.01555	0.01457	0.01611	0.07809	0.01128	0.01711	0.01567	0.02079	0.07820	0.03846	0.10534	0.09527	0.28566	0.00763	0.14896	0.01012	0.00513	0.00774
35	0.01750	0.01738	0.03176	0.42227	0.17505	0.01925	0.15042	0.02322	0.01771	0.02355	0.01537	0.02188	0.01182	0.00785	0.00860	0.00271	0.01145	0.00790	0.00388	0.01044
36	0.26009	0.02274	0.01945	0.01642	0.02184	0.14182	0.01313	0.20931	0.12448	0.06625	0.01882	0.01916	0.01398	0.00923	0.00719	0.00251	0.00886	0.00650	0.00669	0.01154
37	0.02016	0.02048	0.03799	0.04484	0.44183	0.02038	0.20741	0.02559	0.01885	0.02666	0.01577	0.02101	0.01289	0.00760	0.00956	0.00262	0.04173	0.00812	0.00412	0.01238
38	0.01051	0.00748	0.00994	0.01177	0.01235	0.00706	0.00808	0.01209	0.01600	0.02127	0.04464	0.61654	0.05307	0.06005	0.01227	0.00365	0.00523	0.07369	0.00757	0.00674
39	0.02161	0.02230	0.03455	0.04564	0.50713	0.09301	0.10158	0.02650	0.01952	0.02631	0.01547	0.02018	0.01281	0.00748	0.00835	0.00247	0.01097	0.00748	0.00414	0.01251
40	0.01369	0.01009	0.01118	0.01074	0.01199	0.01054	0.00698	0.01889	0.14086	0.02168	0.08528	0.05145	0.06135	0.47539	0.03112	0.00628	0.00722	0.01204	0.00621	0.00701
41	0.01695	0.07728	0.63318	0.02319	0.03521	0.01999	0.02985	0.02624	0.01751	0.02596	0.01474	0.01732	0.01053	0.00785	0.00776	0.00259	0.01210	0.00605	0.00351	0.01219
42	0.01854	0.02988	0.27289	0.03089	0.04071	0.02039	0.40967	0.02650	0.01886	0.02650	0.01612	0.02064	0.01185	0.00733	0.00911	0.00274	0.01338	0.00847	0.00395	0.01159
43	0.01443	0.00722	0.01082	0.01082	0.01082	0.00722	0.00722	0.01082	0.01082	0.01443	0.01443	0.02525	0.01443	0.02886	0.03247	0.75830	0.00722	0.00722	0.00361	0.00361
44	0.01055	0.00823	0.00968	0.01050	0.01242	0.00736	0.00787	0.01282	0.01833	0.02308	0.10098	0.26732	0.34996	0.02257	0.01030	0.00311	0.00488	0.10515	0.00779	0.00708
45	0.01316	0.01074	0.01559	0.01486	0.01597	0.01332	0.01170	0.01575	0.01316	0.01927	0.02014	0.03076	0.01923	0.08390	0.51321	0.01113	0.15743	0.00872	0.00431	0.00764
46	0.01012	0.00723	0.00964	0.01157	0.01205	0.00675	0.00771	0.01157	0.01591	0.02121	0.04579	0.70262	0.05495	0.02603	0.01060	0.00337	0.00482	0.02362	0.00771	0.00675
47	0.01187	0.00890	0.01335	0.01335	0.01483	0.01038	0.01038	0.01483	0.01335	0.01928	0.02225	0.03264	0.02077	0.06231	0.67512	0.01335	0.02225	0.00890	0.00445	0.00742
48	0.76672	0.01607	0.01221	0.01092	0.01607	0.01864	0.00900	0.02442	0.01414	0.03727	0.01157	0.01350	0.00900	0.00771	0.00514	0.00257	0.00643	0.00450	0.00514	0.00900
49	0.01012	0.00723	0.00964	0.01157	0.01205	0.00675	0.00771	0.01157	0.01591	0.02121	0.04579	0.70262	0.05495	0.02603	0.01060	0.00337	0.00482	0.02362	0.00771	0.00675
50	0.01191	0.00873	0.01248	0.01248	0.01366	0.00991	0.00930	0.01428	0.01309	0.01864	0.02305	0.03704	0.02268	0.19313	0.54691	0.01228	0.01938	0.00955	0.00457	0.00693
51	0.02056	0.01974	0.03372	0.05099	0.65622	0.01974	0.02550	0.02550	0.01892	0.02714	0.01563	0.02056	0.01316	0.00740	0.00822	0.00247	0.00987	0.00740	0.00411	0.01316
52	0.01961	0.02241	0.04902	0.03501	0.04342	0.02101	0.62605	0.02661	0.01961	0.02661	0.01681	0.02241	0.01261	0.00700	0.00980	0.00280	0.01401	0.00980	0.00420	0.01120
53	0.01548	0.00958	0.01075	0.00981	0.01330	0.00811	0.00758	0.01790	0.02015	0.15256	0.10229	0.06858	0.49586	0.01866	0.00952	0.00275	0.00477	0.01555	0.00831	0.00850
54	0.01867	0.01615	0.01783	0.01744	0.05794	0.01803	0.01266	0.03703	0.48449	0.03249	0.07144	0.03884	0.11564	0.01270	0.00870	0.00278	0.00630	0.01071	0.00812	0.01201
55	0.02478	0.01784	0.05684	0.01524	0.02053	0.04060	0.01296	0.21919	0.02655	0.18048	0.06750	0.04116	0.15028	0.04444	0.01033	0.00289	0.00769	0.04130	0.00806	0.01135
56	0.76672	0.01607	0.01221	0.01092	0.01607	0.01864	0.00900	0.02442	0.01414	0.03727	0.01157	0.01350	0.00900	0.00771	0.00514	0.00257	0.00643	0.00450	0.00514	0.00900
57	0.02560	0.45457	0.03586	0.01697	0.02300	0.27920	0.01492	0.02806	0.01944	0.01985	0.01205	0.01396	0.01068	0.00767	0.00616	0.00192	0.01122	0.00479	0.00383	0.01027
58	0.01173	0.00894	0.01107	0.01181	0.01408	0.00828	0.00971	0.01489	0.01977	0.02531	0.15968	0.08313	0.28900	0.02122	0.01055	0.00323	0.00569	0.27654	0.00792	0.00743
59	0.02106	0.02206	0.02595	0.03020	0.25169	0.17209	0.07091	0.06020	0.02129	0.02592	0.03069	0.03520	0.14399	0.01137	0.00869	0.00256	0.01014	0.04000	0.00532	0.01068
60	0.01774	0.01525	0.01636	0.01474	0.01826	0.09673	0.03602	0.06805	0.01957	0.05607	0.03119	0.35603	0.03369	0.01681	0.00896	0.00264	0.00726	0.01478	0.00672	0.16315
61	0.02241	0.37381	0.06634	0.04829	0.02484	0.08506	0.03790	0.10283	0.02063	0.02531	0.01790	0.01962	0.05005	0.00847	0.00669	0.00205	0.00945	0.00617	0.00462	0.06755
62	0.02877	0.02725	0.07789	0.01851	0.02423	0.24990	0.01558	0.15820	0.05843	0.15868	0.08038	0.02423	0.02059	0.01009	0.00814	0.00242	0.01043	0.00760	0.00695	0.01173
63	0.17693	0.21875	0.15817	0.02326	0.15646	0.05661	0.01855	0.02538	0.01724	0.02678	0.01386	0.01661	0.01129	0.00765	0.00655	0.00229	0.00936	0.00562	0.03767	0.01098
64	0.02288	0.21887	0.19082	0.01862	0.02590	0.05873	0.01865	0.17985	0.06024	0.03045	0.01654	0.01930	0.01326	0.03918	0.00995	0.00264	0.05075	0.00649	0.00516	0.01171
65	0.09211	0.05622	0.12797	0.01882	0.02556	0.11938	0.01712	0.32673	0.02874	0.03880	0.01852	0.05869	0.01487	0.01006	0.00785	0.00249	0.01001	0.00752	0.00642	0.01212

[dist]
# distance from previous block
# <min> <max>
0	124

[block]
# block no. 4 follows, 22 sequences, length 40
# corresponding to MSA columns:
# 279-318
name=unknown_E
#
# <colnr> <probs for GDERKNQSTAVLIFYWHMCP>
#	G	D	E	R	K	N	Q	S	T	A	V	L	I	F	Y	W	H	M	C	P
0	0.06527	0.08677	0.12122	0.11269	0.15184	0.13543	0.01970	0.09810	0.02095	0.02752	0.01731	0.07403	0.01513	0.00962	0.00783	0.00250	0.01050	0.00776	0.00481	0.01102
1	0.02272	0.05530	0.08649	0.08256	0.02636	0.19621	0.01608	0.15873	0.04912	0.02889	0.02301	0.17191	0.02201	0.01275	0.00844	0.00262	0.01014	0.01032	0.00595	0.01040
2	0.06364	0.06874	0.19503	0.02324	0.11146	0.14375	0.01943	0.08577	0.04214	0.02695	0.01654	0.02200	0.01402	0.08950	0.01242	0.00313	0.03976	0.00696	0.00467	0.01086
3	0.18671	0.08143	0.05544	0.02148	0.08882	0.32696	0.01596	0.05613	0.04867	0.02698	0.01411	0.01618	0.01138	0.00830	0.00700	0.00231	0.01138	0.00563	0.00472	0.01042
4	0.11586	0.16713	0.02450	0.01760	0.02197	0.32037	0.01443	0.02707	0.01982	0.02303	0.01782	0.02844	0.01702	0.01094	0.00828	0.00248	0.03930	0.10975	0.00480	0.00939
5	0.05562	0.12497	0.27940	0.05336	0.06641	0.02301	0.04711	0.19524	0.02347	0.03302	0.01583	0.01804	0.01175	0.00832	0.00765	0.00248	0.01054	0.00649	0.00501	0.01229
6	0.01226	0.00871	0.01170	0.01208	0.01308	0.00931	0.00892	0.01425	0.01403	0.01919	0.02818	0.05344	0.02991	0.30441	0.29544	0.00937	0.01379	0.13007	0.00533	0.00654
7	0.01043	0.00807	0.00957	0.01042	0.01218	0.00721	0.00762	0.01260	0.01822	0.02319	0.11844	0.31704	0.31794	0.02274	0.01026	0.00309	0.00472	0.07136	0.00784	0.00704
8	0.01656	0.02252	0.20348	0.02807	0.18459	0.01575	0.07534	0.02258	0.01891	0.02645	0.05952	0.04606	0.02726	0.01311	0.00942	0.00299	0.00986	0.20150	0.00538	0.01065
9	0.02343	0.28350	0.02733	0.01452	0.02015	0.08961	0.01259	0.10787	0.04504	0.10302	0.03224	0.03156	0.15454	0.01126	0.00743	0.00227	0.00821	0.00850	0.00619	0.01074
10	0.02518	0.02817	0.30614	0.02222	0.03154	0.01685	0.12821	0.03186	0.02032	0.27301	0.02217	0.02256	0.01479	0.00866	0.00841	0.00264	0.01056	0.00764	0.00626	0.01281
11	0.02037	0.02028	0.03682	0.04775	0.53194	0.02000	0.14729	0.02572	0.01906	0.02703	0.01587	0.02094	0.01305	0.00732	0.00854	0.00254	0.01071	0.00789	0.00413	0.01276
12	0.01228	0.00951	0.01342	0.13130	0.02146	0.00985	0.01201	0.01522	0.01720	0.02226	0.04256	0.27717	0.10523	0.06109	0.01225	0.00363	0.00699	0.21233	0.00683	0.00741
13	0.02670	0.02846	0.02437	0.05674	0.13679	0.32245	0.01712	0.16376	0.02549	0.02899	0.02136	0.02319	0.06894	0.00977	0.00805	0.00237	0.01162	0.00737	0.00544	0.01101
14	0.03668	0.01508	0.01986	0.01523	0.02168	0.01361	0.01258	0.10129	0.02536	0.59894	0.03145	0.02741	0.01990	0.01025	0.00835	0.00256	0.00728	0.00826	0.01008	0.01414
15	0.01443	0.00722	0.01082	0.01082	0.01082	0.00722	0.00722	0.01082	0.01082	0.01443	0.01443	0.02525	0.01443	0.02886	0.03247	0.75830	0.00722	0.00722	0.00361	0.00361
16	0.07576	0.01977	0.05583	0.12398	0.51141	0.01948	0.02417	0.02493	0.01822	0.02715	0.01519	0.02010	0.01249	0.00755	0.00799	0.00252	0.00985	0.00713	0.00411	0.01234
17	0.02674	0.03255	0.02556	0.02231	0.02562	0.45349	0.05218	0.02907	0.02026	0.02060	0.01253	0.01631	0.01087	0.01016	0.01320	0.00260	0.20613	0.00615	0.00409	0.00957
18	0.01504	0.00778	0.00792	0.00792	0.00960	0.00778	0.00571	0.01840	0.01672	0.02902	0.02698	0.03404	0.02246	0.10137	0.01060	0.00274	0.00442	0.00831	0.65581	0.00739
19	0.01484	0.01365	0.02292	0.06946	0.02440	0.01605	0.11815	0.01844	0.01453	0.02083	0.01832	0.02699	0.01652	0.03852	0.37187	0.00866	0.16455	0.00859	0.00418	0.00856
20	0.56081	0.05931	0.01646	0.01346	0.01851	0.16688	0.01087	0.02641	0.01640	0.03250	0.01185	0.01382	0.00947	0.00787	0.00568	0.00243	0.00848	0.00469	0.00486	0.00923
21	0.01153	0.00838	0.01085	0.01044	0.01232	0.00771	0.00775	0.01515	0.02266	0.03178	0.57382	0.11602	0.10456	0.01793	0.00987	0.00269	0.00401	0.01586	0.00896	0.00771
22	0.08596	0.06688	0.02443	0.01916	0.02476	0.28755	0.01530	0.31005	0.02972	0.03651	0.01599	0.01710	0.01217	0.00908	0.00758	0.00232	0.01128	0.00623	0.00619	0.01174
23	0.02003	0.02123	0.08061	0.08067	0.57989	0.01964	0.02576	0.02534	0.01870	0.02678	0.01553	0.02041	0.01286	0.00748	0.00820	0.00249	0.01011	0.00731	0.00405	0.01290
24	0.02099	0.02178	0.02937	0.23087	0.37133	0.13453	0.02313	0.02560	0.01906	0.02422	0.01489	0.02004	0.01212	0.00787	0.00812	0.00250	0.01112	0.00704	0.00402	0.01140
25	0.01366	0.01049	0.01275	0.01183	0.01438	0.01058	0.00897	0.02177	0.15566	0.03362	0.51963	0.05541	0.06704	0.01576	0.00951	0.00266	0.00449	0.01382	0.00900	0.00897
26	0.05648	0.00820	0.00799	0.00792	0.01003	0.00834	0.00598	0.01963	0.01724	0.03132	0.02625	0.03002	0.02062	0.00957	0.00577	0.00197	0.00401	0.00757	0.71329	0.00781
27	0.02056	0.01974	0.03372	0.05099	0.65622	0.01974	0.02550	0.02550	0.01892	0.02714	0.01563	0.02056	0.01316	0.00740	0.00822	0.00247	0.00987	0.00740	0.00411	0.01316
28	0.01200	0.00837	0.01069	0.01069	0.01125	0.00894	0.00706	0.01312	0.01256	0.01731	0.02469	0.04614	0.02663	0.46354	0.28190	0.01006	0.01343	0.01088	0.00481	0.00594
29	0.01012	0.00723	0.00964	0.01157	0.01205	0.00675	0.00771	0.01157	0.01591	0.02121	0.04579	0.70262	0.05495	0.02603	0.01060	0.00337	0.00482	0.02362	0.00771	0.00675
30	0.01187	0.00890	0.01335	0.01335	0.01483	0.01038	0.01038	0.01483	0.01335	0.01928	0.02225	0.03264	0.02077	0.06231	0.67512	0.01335	0.02225	0.00890	0.00445	0.00742
31	0.01194	0.00861	0.01137	0.01101	0.01296	0.00804	0.00847	0.01585	0.02301	0.03235	0.58220	0.06568	0.07488	0.01767	0.00999	0.00275	0.00435	0.08208	0.00897	0.00782
32	0.01915	0.02674	0.19768	0.03685	0.22025	0.02021	0.30294	0.02621	0.01889	0.02669	0.01599	0.02066	0.01225	0.00734	0.00887	0.00266	0.01237	0.00819	0.00400	0.01204
33	0.01200	0.00837	0.01069	0.01069	0.01125	0.00894	0.00706	0.01312	0.01256	0.01731	0.02469	0.04614	0.02663	0.46354	0.28190	0.01006	0.01343	0.01088	0.00481	0.00594
34	0.01195	0.00826	0.01003	0.00978	0.01060	0.00808	0.00634	0.01358	0.01650	0.02281	0.26467	0.05633	0.04816	0.41553	0.05821	0.00622	0.00711	0.01306	0.00658	0.00621
35	0.02506	0.03984	0.26801	0.02206	0.02941	0.39348	0.02150	0.03108	0.05072	0.02330	0.01463	0.01672	0.01133	0.00844	0.00769	0.00236	0.01355	0.00584	0.00418	0.01081
36	0.01913	0.02825	0.26512	0.04098	0.42886	0.01958	0.02740	0.02579	0.01841	0.02684	0.01536	0.01945	0.01219	0.00758	0.00810	0.00253	0.01075	0.00694	0.00389	0.01284
37	0.01528	0.00994	0.01233	0.01272	0.01477	0.00980	0.00913	0.02070	0.12279	0.10350	0.04392	0.47599	0.07340	0.02134	0.00992	0.00315	0.00537	0.01902	0.00816	0.00876
38	0.01141	0.00777	0.00926	0.00991	0.01008	0.00761	0.00595	0.01191	0.01338	0.01784	0.03285	0.27497	0.03862	0.47595	0.03150	0.00646	0.00695	0.01601	0.00595	0.00562
39	0.01723	0.01477	0.01723	0.01230	0.01969	0.01107	0.00984	0.02092	0.01723	0.02707	0.01477	0.01723	0.01230	0.00615	0.00615	0.00123	0.00615	0.00492	0.00492	0.75883

[dist]
# distance from previous block
# <min> <max>
0	1

[block]
# block no. 5 follows, 22 sequences, length 7
# corresponding to MSA columns:
# 320-326
name=unknown_F
#
# <colnr> <probs for GDERKNQSTAVLIFYWHMCP>
#	G	D	E	R	K	N	Q	S	T	A	V	L	I	F	Y	W	H	M	C	P
0	0.02235	0.11759	0.04006	0.02987	0.08777	0.16049	0.32461	0.02723	0.01956	0.02396	0.01478	0.01920	0.01188	0.00787	0.00973	0.00255	0.05780	0.00778	0.00409	0.01083
1	0.28798	0.01746	0.07628	0.01426	0.02078	0.01509	0.01280	0.03362	0.01987	0.38712	0.02379	0.02217	0.01563	0.00917	0.00720	0.00258	0.00733	0.00682	0.00788	0.01219
2	0.01086	0.00825	0.01009	0.01080	0.01261	0.00749	0.00810	0.01342	0.01907	0.02481	0.19084	0.26054	0.26306	0.02190	0.01029	0.00308	0.00483	0.10474	0.00802	0.00721
3	0.01808	0.03455	0.43617	0.03358	0.26080	0.01945	0.02881	0.02601	0.01804	0.02661	0.01517	0.01863	0.01148	0.00771	0.00801	0.00257	0.01140	0.00660	0.00373	0.01260
4	0.07537	0.02931	0.15420	0.02665	0.16833	0.21443	0.01996	0.03128	0.07526	0.10063	0.01799	0.01963	0.01355	0.00855	0.00776	0.00245	0.01103	0.00662	0.00522	0.01176
5	0.01786	0.08032	0.29265	0.01850	0.02568	0.01766	0.01977	0.12865	0.02100	0.02901	0.02534	0.19572	0.02496	0.01382	0.00870	0.00281	0.00926	0.05181	0.00571	0.01076
6	0.08192	0.03015	0.02097	0.01839	0.02304	0.39695	0.01416	0.15764	0.02557	0.02874	0.02393	0.02474	0.09827	0.01049	0.00781	0.00234	0.01164	0.00740	0.00567	0.01020

[dist]
# distance from previous block
# <min> <max>
1	3

[block]
# block no. 6 follows, 22 sequences, length 22
# corresponding to MSA columns:
# 330-351
name=unknown_G
#
# <colnr> <probs for GDERKNQSTAVLIFYWHMCP>
#	G	D	E	R	K	N	Q	S	T	A	V	L	I	F	Y	W	H	M	C	P
0	0.02910	0.14345	0.02651	0.01989	0.02477	0.50004	0.01559	0.06682	0.05756	0.02285	0.01421	0.01589	0.01170	0.00856	0.00725	0.00214	0.01322	0.00555	0.00463	0.01025
1	0.01602	0.13482	0.06859	0.01248	0.01574	0.01407	0.01041	0.04611	0.01780	0.05488	0.13854	0.13717	0.03631	0.23950	0.01939	0.00434	0.00732	0.01209	0.00620	0.00822
2	0.02661	0.02447	0.02798	0.02217	0.02824	0.14985	0.14467	0.21026	0.17659	0.07009	0.02195	0.02263	0.01620	0.00940	0.00850	0.00257	0.01058	0.00807	0.00679	0.01239
3	0.01186	0.00839	0.00993	0.01035	0.01131	0.00811	0.00713	0.01321	0.01531	0.01991	0.06997	0.09561	0.13962	0.39724	0.02794	0.00589	0.00700	0.12883	0.00630	0.00608
4	0.02163	0.43888	0.13010	0.02323	0.14804	0.06803	0.01892	0.02572	0.01779	0.02206	0.01291	0.01545	0.01113	0.00737	0.00640	0.00206	0.00994	0.00532	0.00370	0.01132
5	0.01130	0.00794	0.00908	0.00949	0.01004	0.00761	0.00581	0.01195	0.01399	0.01820	0.03961	0.19619	0.13499	0.45331	0.03036	0.00622	0.00675	0.01540	0.00603	0.00571
6	0.02507	0.02065	0.02599	0.02854	0.22310	0.02245	0.01811	0.27602	0.20031	0.03952	0.02244	0.02321	0.01695	0.00952	0.00832	0.00258	0.00866	0.00799	0.00703	0.01355
7	0.02056	0.01974	0.03372	0.05099	0.65622	0.01974	0.02550	0.02550	0.01892	0.02714	0.01563	0.02056	0.01316	0.00740	0.00822	0.00247	0.00987	0.00740	0.00411	0.01316
8	0.10893	0.02162	0.02006	0.01730	0.02245	0.10338	0.01365	0.17609	0.35335	0.03732	0.02546	0.02445	0.01907	0.01023	0.00792	0.00263	0.00820	0.00789	0.00752	0.01247
9	0.01155	0.00877	0.01082	0.01114	0.01338	0.00805	0.00891	0.01480	0.02063	0.02703	0.27572	0.07753	0.27217	0.02014	0.01029	0.00303	0.00510	0.18526	0.00821	0.00749
10	0.03158	0.02327	0.02493	0.01911	0.02576	0.02576	0.01579	0.62852	0.03906	0.05236	0.01995	0.01995	0.01413	0.00997	0.00831	0.00249	0.00914	0.00748	0.00831	0.01413
11	0.02056	0.01974	0.03372	0.05099	0.65622	0.01974	0.02550	0.02550	0.01892	0.02714	0.01563	0.02056	0.01316	0.00740	0.00822	0.00247	0.00987	0.00740	0.00411	0.01316
12	0.01339	0.00956	0.01339	0.01530	0.01721	0.00956	0.01339	0.01721	0.01912	0.02486	0.04399	0.09371	0.04781	0.02295	0.01147	0.00382	0.00765	0.60031	0.00765	0.00765
13	0.02056	0.01974	0.03372	0.05099	0.65622	0.01974	0.02550	0.02550	0.01892	0.02714	0.01563	0.02056	0.01316	0.00740	0.00822	0.00247	0.00987	0.00740	0.00411	0.01316
14	0.02026	0.01656	0.01885	0.01374	0.02097	0.01417	0.01110	0.14912	0.02183	0.03241	0.01586	0.01780	0.01269	0.00696	0.00661	0.00150	0.00678	0.00546	0.00564	0.60170
15	0.01073	0.00748	0.00946	0.01079	0.01113	0.00715	0.00688	0.01173	0.01472	0.01963	0.03973	0.50230	0.04730	0.23678	0.02039	0.00482	0.00582	0.02005	0.00688	0.00622
16	0.02380	0.01787	0.02835	0.03340	0.31107	0.01775	0.08022	0.03169	0.12707	0.17125	0.05408	0.02632	0.02007	0.00914	0.00853	0.00259	0.00880	0.00858	0.00650	0.01292
17	0.01868	0.28647	0.43916	0.02024	0.03064	0.02423	0.02471	0.02579	0.01730	0.02385	0.01369	0.01601	0.01057	0.00761	0.00696	0.00232	0.01104	0.00552	0.00352	0.01169
18	0.02017	0.02090	0.02498	0.16251	0.03215	0.18478	0.13483	0.02437	0.02045	0.05151	0.08858	0.03693	0.08341	0.01168	0.00899	0.00269	0.01078	0.06532	0.00554	0.00943
19	0.02011	0.02212	0.01579	0.01538	0.01746	0.31001	0.01080	0.02150	0.01838	0.01949	0.02577	0.22285	0.02847	0.19477	0.01740	0.00403	0.01027	0.01234	0.00546	0.00761
20	0.01811	0.01679	0.01961	0.02328	0.17343	0.08949	0.01407	0.02540	0.15829	0.02428	0.02438	0.07058	0.02278	0.16629	0.11193	0.00532	0.01081	0.00977	0.00557	0.00983
21	0.42794	0.04974	0.01889	0.02000	0.14228	0.05077	0.01318	0.02496	0.04624	0.03147	0.01472	0.01797	0.01211	0.01402	0.08186	0.00372	0.00943	0.00584	0.00491	0.00994

[dist]
# distance from previous block
# <min> <max>
2	29

[block]
# block no. 7 follows, 22 sequences, length 116
# corresponding to MSA columns:
# 381-496
name=unknown_H
#
# <colnr> <probs for GDERKNQSTAVLIFYWHMCP>
#	G	D	E	R	K	N	Q	S	T	A	V	L	I	F	Y	W	H	M	C	P
0	0.05971	0.35337	0.11755	0.01762	0.02455	0.19533	0.01677	0.08341	0.02062	0.02454	0.01311	0.01494	0.01090	0.00788	0.00650	0.00209	0.01082	0.00519	0.00425	0.01085
1	0.02674	0.22643	0.02985	0.07445	0.02686	0.09836	0.01581	0.29795	0.06649	0.03547	0.01713	0.01833	0.01317	0.00892	0.00735	0.00229	0.00971	0.00646	0.00609	0.01214
2	0.05212	0.21216	0.16727	0.01767	0.02486	0.05996	0.01739	0.12435	0.12428	0.05858	0.01996	0.05190	0.01611	0.00957	0.00738	0.00241	0.00925	0.00726	0.00571	0.01182
3	0.06144	0.09536	0.13606	0.02035	0.02665	0.37830	0.01807	0.11986	0.02381	0.02686	0.01409	0.01595	0.01110	0.00849	0.00739	0.00227	0.01272	0.00569	0.00473	0.01082
4	0.03118	0.03511	0.02392	0.02077	0.02570	0.49652	0.01598	0.19663	0.02780	0.02912	0.01479	0.01634	0.01164	0.00895	0.00772	0.00224	0.01338	0.00593	0.00539	0.01087
5	0.01006	0.00748	0.00939	0.01091	0.01188	0.00680	0.00742	0.01164	0.01653	0.02146	0.05374	0.57352	0.17891	0.02499	0.01044	0.00326	0.00469	0.02236	0.00771	0.00680
6	0.02275	0.01505	0.01583	0.01310	0.01729	0.01615	0.01051	0.30435	0.02763	0.04058	0.02647	0.02815	0.04809	0.01036	0.00717	0.00224	0.00636	0.00809	0.36914	0.01070
7	0.02221	0.71304	0.04353	0.01421	0.02132	0.03287	0.01421	0.02488	0.01688	0.01955	0.01155	0.01333	0.01066	0.00711	0.00533	0.00178	0.00888	0.00444	0.00355	0.01066
8	0.01022	0.00830	0.00917	0.00958	0.01183	0.00709	0.00690	0.01218	0.01790	0.02224	0.06908	0.27603	0.43588	0.02202	0.00992	0.00292	0.00448	0.01896	0.00760	0.03771
9	0.01026	0.00729	0.00960	0.01139	0.01184	0.00684	0.00752	0.01160	0.01563	0.02085	0.04440	0.65676	0.05319	0.07428	0.01284	0.00370	0.00505	0.02280	0.00752	0.00663
10	0.01549	0.00774	0.00774	0.00774	0.00968	0.00774	0.00581	0.01936	0.01742	0.03097	0.02710	0.03097	0.02129	0.00968	0.00581	0.00194	0.00387	0.00774	0.75416	0.00774
11	0.02136	0.02515	0.06903	0.14891	0.16823	0.16335	0.18984	0.02643	0.01925	0.02397	0.01486	0.01982	0.01181	0.00818	0.00969	0.00262	0.05507	0.00754	0.00404	0.01085
12	0.07570	0.02590	0.02099	0.01900	0.02167	0.32189	0.01484	0.02527	0.01796	0.02122	0.01433	0.01953	0.01283	0.02173	0.15816	0.00499	0.18426	0.00654	0.00422	0.00897
13	0.01133	0.00848	0.01052	0.01001	0.01215	0.00766	0.00750	0.01486	0.02251	0.03094	0.52776	0.06597	0.20394	0.01787	0.00980	0.00265	0.00398	0.01557	0.00883	0.00766
14	0.01176	0.00849	0.01110	0.01045	0.01241	0.00784	0.00784	0.01568	0.02352	0.03331	0.65184	0.06206	0.07839	0.01698	0.00980	0.00261	0.00392	0.01502	0.00914	0.00784
15	0.02197	0.02062	0.07400	0.02275	0.02892	0.01943	0.19730	0.24159	0.02593	0.03489	0.02403	0.03795	0.02141	0.05516	0.01150	0.00322	0.01043	0.13128	0.00641	0.01122
16	0.18194	0.02008	0.09977	0.02121	0.08372	0.01703	0.09256	0.06901	0.02102	0.28029	0.02186	0.02197	0.01489	0.00877	0.00780	0.00259	0.00882	0.00733	0.00695	0.01239
17	0.02920	0.17922	0.02769	0.01991	0.02478	0.54162	0.01567	0.03145	0.02216	0.02017	0.01257	0.01464	0.01069	0.00826	0.00704	0.00206	0.01372	0.00516	0.00413	0.00984
18	0.01078	0.00796	0.01023	0.01179	0.01302	0.00741	0.00869	0.01287	0.01718	0.02224	0.05265	0.45178	0.16645	0.02441	0.01065	0.00336	0.00532	0.14851	0.00770	0.00699
19	0.02542	0.08610	0.18301	0.02284	0.03126	0.02085	0.17092	0.16082	0.02400	0.16328	0.01989	0.02114	0.01393	0.00855	0.00833	0.00256	0.01065	0.00766	0.00614	0.01266
20	0.01698	0.07537	0.01999	0.01596	0.01907	0.06997	0.05484	0.09309	0.01869	0.02441	0.02500	0.17361	0.02511	0.03467	0.28596	0.00713	0.01446	0.01132	0.00553	0.00884
21	0.01005	0.00842	0.00873	0.00866	0.01136	0.00711	0.00649	0.01237	0.01948	0.02373	0.15134	0.07783	0.58486	0.02056	0.00982	0.00278	0.00417	0.01724	0.00788	0.00711
22	0.02056	0.01974	0.03372	0.05099	0.65622	0.01974	0.02550	0.02550	0.01892	0.02714	0.01563	0.02056	0.01316	0.00740	0.00822	0.00247	0.00987	0.00740	0.00411	0.01316
23	0.05966	0.02259	0.02971	0.03912	0.42351	0.09685	0.02163	0.14976	0.02335	0.03200	0.01599	0.01945	0.01287	0.00808	0.00801	0.00244	0.01015	0.00704	0.00504	0.01275
24	0.02853	0.02034	0.01931	0.01649	0.02165	0.15216	0.01296	0.03845	0.23664	0.27247	0.03220	0.02968	0.05960	0.01094	0.00830	0.00258	0.00836	0.00866	0.00825	0.01242
25	0.01013	0.00755	0.00944	0.01083	0.01188	0.00685	0.00741	0.01183	0.01691	0.02202	0.08156	0.53758	0.18669	0.02453	0.01040	0.00322	0.00465	0.02190	0.00778	0.00685
26	0.02076	0.10179	0.03488	0.04664	0.58108	0.02129	0.02416	0.02542	0.01868	0.02624	0.01514	0.01970	0.01286	0.00737	0.00788	0.00239	0.00975	0.00705	0.00405	0.01286
27	0.02818	0.02266	0.02432	0.07629	0.08524	0.15078	0.01695	0.17542	0.02458	0.16900	0.01902	0.02072	0.01398	0.01014	0.01129	0.00265	0.12328	0.00720	0.00640	0.01191
28	0.02329	0.02676	0.02321	0.02173	0.05126	0.32152	0.01641	0.02556	0.01807	0.02037	0.01364	0.01889	0.01233	0.01832	0.11020	0.00429	0.25418	0.00663	0.00407	0.00928
29	0.01723	0.01477	0.01723	0.01230	0.01969	0.01107	0.00984	0.02092	0.01723	0.02707	0.01477	0.01723	0.01230	0.00615	0.00615	0.00123	0.00615	0.00492	0.00492	0.75883
30	0.02101	0.13779	0.02501	0.01726	0.02139	0.05079	0.03810	0.18910	0.02175	0.02894	0.01786	0.02296	0.01530	0.02830	0.24566	0.00633	0.08947	0.00743	0.00526	0.01028
31	0.01010	0.00733	0.00954	0.01130	0.01198	0.00677	0.00759	0.01160	0.01616	0.02131	0.04903	0.64998	0.10549	0.02561	0.01054	0.00333	0.00477	0.02310	0.00771	0.00677
32	0.01059	0.00895	0.00923	0.00907	0.01191	0.00785	0.00683	0.01405	0.05418	0.02407	0.13049	0.07566	0.56798	0.02014	0.00974	0.00279	0.00432	0.01686	0.00788	0.00743
33	0.03110	0.03766	0.02371	0.02113	0.02569	0.59789	0.01602	0.10363	0.02538	0.02412	0.01368	0.01557	0.01111	0.00873	0.00759	0.00218	0.01429	0.00560	0.00476	0.01016
34	0.02317	0.02014	0.06169	0.04159	0.44557	0.01856	0.09451	0.02826	0.01978	0.13698	0.01870	0.02198	0.01426	0.00788	0.00842	0.00253	0.00998	0.00779	0.00516	0.01306
35	0.01911	0.01826	0.03110	0.24060	0.47795	0.01936	0.02477	0.02422	0.01823	0.02538	0.01537	0.02103	0.01254	0.00767	0.00825	0.00256	0.01023	0.00740	0.00399	0.01199
36	0.03103	0.03959	0.02354	0.02140	0.02568	0.67469	0.01605	0.03317	0.02354	0.02033	0.01284	0.01498	0.01070	0.00856	0.00749	0.00214	0.01498	0.00535	0.00428	0.00963
37	0.02638	0.02055	0.02396	0.16498	0.03198	0.02336	0.01696	0.40338	0.12938	0.04277	0.02101	0.02217	0.01524	0.00981	0.00833	0.00260	0.00916	0.00776	0.00732	0.01290
38	0.02482	0.52123	0.03836	0.01558	0.02256	0.03089	0.01465	0.19274	0.02305	0.02867	0.01388	0.01517	0.01163	0.00790	0.00616	0.00198	0.00896	0.00529	0.00488	0.01163
39	0.76672	0.01607	0.01221	0.01092	0.01607	0.01864	0.00900	0.02442	0.01414	0.03727	0.01157	0.01350	0.00900	0.00771	0.00514	0.00257	0.00643	0.00450	0.00514	0.00900
40	0.01012	0.00723	0.00964	0.01157	0.01205	0.00675	0.00771	0.01157	0.01591	0.02121	0.04579	0.70262	0.05495	0.02603	0.01060	0.00337	0.00482	0.02362	0.00771	0.00675
41	0.01912	0.01484	0.01550	0.01418	0.01805	0.01682	0.01096	0.03677	0.45557	0.03363	0.03181	0.03099	0.02415	0.01080	0.00767	0.00256	0.00577	0.00890	0.23038	0.01154
42	0.02874	0.01441	0.01840	0.01373	0.02056	0.01173	0.01120	0.03215	0.02099	0.39157	0.02510	0.02357	0.01705	0.00852	0.00742	0.00200	0.00668	0.00689	0.00800	0.33130
