[name]
unknown

[dist]
# distance from previous block
# <min> <max>
0	0

[block]
# block no. 0 follows, 23 sequences, length 68
# corresponding to MSA columns:
# 0-67
name=unknown_A
#
# <colnr> <probs for GDERKNQSTAVLIFYWHMCP>
#	G	D	E	R	K	N	Q	S	T	A	V	L	I	F	Y	W	H	M	C	P
0	0.01308	0.00934	0.01308	0.01494	0.01681	0.00934	0.01308	0.01681	0.01868	0.02428	0.04296	0.09153	0.04670	0.02242	0.01121	0.00374	0.00747	0.60960	0.00747	0.00747
1	0.01148	0.00829	0.01085	0.01021	0.01212	0.00766	0.00766	0.01531	0.02297	0.03254	0.65994	0.06061	0.07656	0.01659	0.00957	0.00255	0.00383	0.01467	0.00893	0.00766
2	0.00989	0.00706	0.00942	0.01130	0.01177	0.00659	0.00753	0.01130	0.01554	0.02071	0.04472	0.70954	0.05367	0.02542	0.01036	0.00330	0.00471	0.02307	0.00753	0.00659
3	0.00959	0.00822	0.00822	0.00822	0.01096	0.00685	0.00617	0.01165	0.01850	0.02192	0.08220	0.07809	0.66092	0.02055	0.00959	0.00274	0.00411	0.01713	0.00754	0.00685
4	0.01647	0.01587	0.02240	0.01959	0.01989	0.02180	0.01617	0.01848	0.01255	0.01938	0.01295	0.02069	0.01265	0.02390	0.16297	0.00552	0.55902	0.00743	0.00372	0.00854
5	0.02252	0.01306	0.01570	0.01346	0.01778	0.01301	0.01062	0.03203	0.22186	0.24810	0.19418	0.04140	0.09507	0.01296	0.00868	0.00262	0.00572	0.01094	0.00896	0.01132
6	0.02008	0.01928	0.03294	0.04981	0.66422	0.01928	0.02490	0.02490	0.01848	0.02651	0.01526	0.02008	0.01285	0.00723	0.00803	0.00241	0.00964	0.00723	0.00402	0.01285
7	0.20437	0.01605	0.01650	0.01505	0.01944	0.01812	0.01225	0.11410	0.27916	0.03489	0.02792	0.03734	0.02391	0.01235	0.00806	0.00285	0.00695	0.13253	0.00728	0.01086
8	0.01796	0.02149	0.18558	0.01568	0.02197	0.01571	0.01545	0.17793	0.06112	0.03273	0.12166	0.03937	0.18056	0.01271	0.00848	0.00252	0.00756	0.01038	0.00673	0.04439
9	0.01627	0.04197	0.67279	0.02313	0.03512	0.01884	0.02998	0.02570	0.01713	0.02570	0.01456	0.01713	0.01028	0.00771	0.00771	0.00257	0.01199	0.00600	0.00343	0.01199
10	0.01857	0.32959	0.40532	0.01920	0.02905	0.02447	0.02315	0.02510	0.01686	0.02289	0.01317	0.01539	0.01034	0.00738	0.00665	0.00222	0.01059	0.00529	0.00345	0.01132
11	0.09484	0.02576	0.02466	0.05606	0.20299	0.24500	0.01763	0.13228	0.07211	0.02968	0.01604	0.01836	0.01267	0.00840	0.00755	0.00235	0.01070	0.00645	0.00517	0.01130
12	0.01782	0.05275	0.02736	0.02177	0.02294	0.02419	0.07439	0.02015	0.01328	0.02008	0.01169	0.01850	0.01120	0.01515	0.05199	0.00379	0.57298	0.00726	0.00363	0.00907
13	0.02158	0.02206	0.04299	0.03097	0.03882	0.02148	0.50603	0.15301	0.02310	0.03122	0.01705	0.02139	0.01262	0.00744	0.00927	0.00267	0.01269	0.00910	0.00494	0.01154
14	0.01180	0.00787	0.00885	0.00885	0.00885	0.00787	0.00492	0.01180	0.01180	0.01573	0.02557	0.05310	0.02950	0.71483	0.04130	0.00787	0.00787	0.01180	0.00492	0.00492
15	0.01069	0.00764	0.01032	0.01209	0.01294	0.00727	0.00881	0.01274	0.01657	0.02203	0.07015	0.54013	0.05303	0.02436	0.01052	0.00337	0.00531	0.15764	0.00758	0.00684
16	0.01165	0.00848	0.01196	0.01196	0.01303	0.00955	0.00879	0.01379	0.01272	0.01803	0.02273	0.03737	0.02267	0.23001	0.51679	0.01170	0.01815	0.00950	0.00449	0.00664
17	0.01627	0.04197	0.67279	0.02313	0.03512	0.01884	0.02998	0.02570	0.01713	0.02570	0.01456	0.01713	0.01028	0.00771	0.00771	0.00257	0.01199	0.00600	0.00343	0.01199
18	0.02018	0.01743	0.01835	0.01651	0.02110	0.02018	0.01284	0.04312	0.64956	0.03394	0.03303	0.03027	0.02477	0.01101	0.00826	0.00275	0.00642	0.00917	0.00826	0.01284
19	0.02841	0.03344	0.02262	0.05248	0.02608	0.50886	0.01564	0.08917	0.10045	0.02452	0.01577	0.01732	0.01252	0.00880	0.00754	0.00223	0.01292	0.00600	0.00501	0.01021
20	0.01148	0.00829	0.01085	0.01021	0.01212	0.00766	0.00766	0.01531	0.02297	0.03254	0.65994	0.06061	0.07656	0.01659	0.00957	0.00255	0.00383	0.01467	0.00893	0.00766
21	0.02726	0.18473	0.02879	0.02018	0.02503	0.47456	0.05208	0.02973	0.02092	0.02004	0.01242	0.01484	0.01056	0.00821	0.00779	0.00211	0.04169	0.00537	0.00400	0.00969
22	0.01500	0.01459	0.01283	0.01202	0.01458	0.14769	0.00901	0.01810	0.02205	0.02770	0.40575	0.05468	0.18384	0.01570	0.00911	0.00250	0.00613	0.01322	0.00766	0.00785
23	0.00989	0.00706	0.00942	0.01130	0.01177	0.00659	0.00753	0.01130	0.01554	0.02071	0.04472	0.70954	0.05367	0.02542	0.01036	0.00330	0.00471	0.02307	0.00753	0.00659
24	0.01077	0.00816	0.00993	0.00971	0.01174	0.00732	0.00720	0.01384	0.02094	0.02826	0.42950	0.12597	0.24988	0.01860	0.00965	0.00268	0.00399	0.01619	0.00838	0.00732
25	0.02132	0.02145	0.09998	0.07499	0.36514	0.04544	0.02169	0.05751	0.07638	0.08019	0.04324	0.02269	0.01652	0.00844	0.00807	0.00248	0.00941	0.00755	0.00519	0.01231
26	0.02380	0.22689	0.06299	0.01967	0.02458	0.22007	0.05301	0.08259	0.01972	0.02312	0.01274	0.01585	0.01090	0.00923	0.01113	0.00240	0.16107	0.00587	0.00416	0.01021
27	0.00989	0.00706	0.00942	0.01130	0.01177	0.00659	0.00753	0.01130	0.01554	0.02071	0.04472	0.70954	0.05367	0.02542	0.01036	0.00330	0.00471	0.02307	0.00753	0.00659
28	0.02008	0.01928	0.03294	0.04981	0.66422	0.01928	0.02490	0.02490	0.01848	0.02651	0.01526	0.02008	0.01285	0.00723	0.00803	0.00241	0.00964	0.00723	0.00402	0.01285
29	0.01818	0.13850	0.39579	0.02928	0.21116	0.02098	0.02610	0.02526	0.01741	0.02492	0.01426	0.01734	0.01103	0.00746	0.00742	0.00240	0.01082	0.00609	0.00360	0.01200
30	0.01906	0.38981	0.34931	0.01838	0.02778	0.02565	0.02172	0.02498	0.01680	0.02231	0.01288	0.01502	0.01035	0.00732	0.00642	0.00214	0.01029	0.00515	0.00345	0.01118
31	0.00989	0.00706	0.00942	0.01130	0.01177	0.00659	0.00753	0.01130	0.01554	0.02071	0.04472	0.70954	0.05367	0.02542	0.01036	0.00330	0.00471	0.02307	0.00753	0.00659
32	0.01311	0.01051	0.01198	0.01122	0.01401	0.01051	0.00853	0.02114	0.17527	0.03005	0.35204	0.05785	0.21997	0.01628	0.00925	0.00265	0.00454	0.01398	0.00839	0.00871
33	0.02289	0.02500	0.03161	0.03126	0.20060	0.22064	0.19922	0.05145	0.02070	0.02566	0.01598	0.01987	0.01274	0.00777	0.00805	0.00236	0.01178	0.00734	0.07427	0.01079
34	0.01051	0.00795	0.00970	0.00990	0.01169	0.00714	0.00718	0.01319	0.01973	0.02635	0.33061	0.23360	0.24279	0.02004	0.00978	0.00280	0.00414	0.01757	0.00816	0.00714
35	0.01578	0.01486	0.02128	0.05243	0.02098	0.02009	0.01570	0.01807	0.01280	0.01938	0.01417	0.02219	0.01355	0.02792	0.22282	0.00636	0.46183	0.00759	0.00379	0.00839
36	0.03031	0.03867	0.02299	0.02090	0.02508	0.68226	0.01568	0.03240	0.02299	0.01986	0.01254	0.01463	0.01045	0.00836	0.00732	0.00209	0.01463	0.00523	0.00418	0.00941
37	0.01058	0.00739	0.00942	0.01076	0.01116	0.00708	0.00703	0.01169	0.01460	0.01945	0.03916	0.49417	0.04644	0.22275	0.01926	0.00462	0.00573	0.04579	0.00678	0.00615
38	0.01647	0.01647	0.03049	0.50443	0.07986	0.01869	0.17262	0.02221	0.01704	0.02228	0.01495	0.02163	0.01127	0.00776	0.00847	0.00270	0.01147	0.00779	0.00375	0.00966
39	0.01834	0.01067	0.01100	0.00984	0.01267	0.01117	0.00767	0.14545	0.02134	0.03453	0.02504	0.02805	0.01937	0.00951	0.00617	0.00200	0.00483	0.00751	0.60601	0.00884
40	0.02008	0.01928	0.03294	0.04981	0.66422	0.01928	0.02490	0.02490	0.01848	0.02651	0.01526	0.02008	0.01285	0.00723	0.00803	0.00241	0.00964	0.00723	0.00402	0.01285
41	0.01008	0.00824	0.00898	0.00943	0.01181	0.00715	0.00721	0.01228	0.01820	0.02210	0.07307	0.14753	0.51572	0.02132	0.00988	0.00293	0.00461	0.09503	0.00753	0.00690
42	0.00989	0.00706	0.00942	0.01130	0.01177	0.00659	0.00753	0.01130	0.01554	0.02071	0.04472	0.70954	0.05367	0.02542	0.01036	0.00330	0.00471	0.02307	0.00753	0.00659
43	0.01857	0.01774	0.03020	0.25504	0.47081	0.01888	0.02415	0.02358	0.01776	0.02467	0.01500	0.02058	0.01221	0.00751	0.00806	0.00250	0.01001	0.00722	0.00389	0.01163
44	0.00989	0.00706	0.00942	0.01130	0.01177	0.00659	0.00753	0.01130	0.01554	0.02071	0.04472	0.70954	0.05367	0.02542	0.01036	0.00330	0.00471	0.02307	0.00753	0.00659
45	0.01121	0.00734	0.00892	0.01006	0.01115	0.00690	0.00696	0.01337	0.01649	0.02368	0.07083	0.45791	0.10097	0.02068	0.00911	0.00287	0.00439	0.01837	0.19190	0.00690
46	0.02119	0.65710	0.10075	0.01474	0.02215	0.03088	0.01537	0.02443	0.01655	0.01970	0.01158	0.01340	0.01040	0.00701	0.00544	0.00181	0.00898	0.00449	0.00347	0.01056
47	0.03608	0.01434	0.01916	0.01469	0.02098	0.01271	0.01213	0.07497	0.02411	0.63316	0.03127	0.02714	0.01971	0.01003	0.00816	0.00251	0.00702	0.00811	0.00993	0.01381
48	0.03112	0.02229	0.02408	0.01846	0.02495	0.02451	0.01525	0.60786	0.03742	0.08147	0.02010	0.01988	0.01411	0.00976	0.00812	0.00244	0.00883	0.00735	0.00821	0.01380
49	0.01314	0.01025	0.01136	0.01117	0.01370	0.00993	0.00826	0.09905	0.05107	0.02609	0.05772	0.29432	0.32283	0.02034	0.00960	0.00290	0.00510	0.01752	0.00765	0.00801
50	0.01755	0.09919	0.44652	0.02525	0.03576	0.02052	0.19112	0.02565	0.01762	0.02517	0.01476	0.01803	0.01084	0.00740	0.00798	0.00254	0.01214	0.00681	0.00361	0.01156
51	0.00989	0.00706	0.00942	0.01130	0.01177	0.00659	0.00753	0.01130	0.01554	0.02071	0.04472	0.70954	0.05367	0.02542	0.01036	0.00330	0.00471	0.02307	0.00753	0.00659
52	0.03641	0.01381	0.01883	0.01444	0.02071	0.01193	0.01193	0.03954	0.02322	0.66984	0.03201	0.02762	0.02009	0.01004	0.00816	0.00251	0.00690	0.00816	0.01004	0.01381
53	0.02251	0.02396	0.02934	0.06707	0.44500	0.18903	0.02187	0.02753	0.04978	0.02493	0.01538	0.01924	0.01273	0.00774	0.00786	0.00236	0.01081	0.00681	0.00425	0.01181
54	0.01718	0.01692	0.02376	0.02054	0.02067	0.02350	0.01705	0.01906	0.01248	0.01946	0.01167	0.01906	0.01154	0.01851	0.08715	0.00443	0.63741	0.00725	0.00362	0.00873
55	0.77215	0.01569	0.01193	0.01067	0.01569	0.01820	0.00879	0.02385	0.01381	0.03641	0.01130	0.01318	0.00879	0.00753	0.00502	0.00251	0.00628	0.00439	0.00502	0.00879
56	0.01683	0.01442	0.01683	0.01202	0.01923	0.01082	0.00961	0.02043	0.01683	0.02644	0.01442	0.01683	0.01202	0.00601	0.00601	0.00120	0.00601	0.00481	0.00481	0.76444
57	0.01015	0.00732	0.00967	0.01145	0.01216	0.00684	0.00794	0.01179	0.01596	0.02109	0.04652	0.62310	0.08462	0.02491	0.01039	0.00330	0.00492	0.07365	0.00753	0.00668
58	0.01532	0.01442	0.02434	0.69533	0.05589	0.01803	0.02253	0.02073	0.01622	0.02073	0.01442	0.02163	0.01082	0.00811	0.00811	0.00270	0.01082	0.00721	0.00361	0.00901
59	0.01683	0.01442	0.01683	0.01202	0.01923	0.01082	0.00961	0.02043	0.01683	0.02644	0.01442	0.01683	0.01202	0.00601	0.00601	0.00120	0.00601	0.00481	0.00481	0.76444
60	0.01647	0.04079	0.63954	0.02451	0.06781	0.01887	0.02972	0.02566	0.01720	0.02574	0.01460	0.01728	0.01041	0.00768	0.00773	0.00256	0.01187	0.00606	0.00346	0.01204
61	0.11112	0.05416	0.24524	0.01811	0.02555	0.05237	0.01873	0.05277	0.01933	0.23154	0.01932	0.01986	0.01341	0.00911	0.00919	0.00257	0.07333	0.00655	0.00594	0.01178
62	0.01019	0.00760	0.00892	0.00981	0.01091	0.00694	0.00655	0.01151	0.01570	0.02006	0.05266	0.37235	0.24171	0.16715	0.01654	0.00407	0.00517	0.01884	0.00699	0.00633
63	0.01532	0.01442	0.02434	0.69533	0.05589	0.01803	0.02253	0.02073	0.01622	0.02073	0.01442	0.02163	0.01082	0.00811	0.00811	0.00270	0.01082	0.00721	0.00361	0.00901
64	0.77215	0.01569	0.01193	0.01067	0.01569	0.01820	0.00879	0.02385	0.01381	0.03641	0.01130	0.01318	0.00879	0.00753	0.00502	0.00251	0.00628	0.00439	0.00502	0.00879
65	0.00998	0.00755	0.00926	0.01056	0.01182	0.00683	0.00744	0.01173	0.01663	0.02130	0.05618	0.47809	0.24060	0.02374	0.01017	0.00315	0.00469	0.05601	0.00753	0.00672
66	0.02293	0.01699	0.01795	0.01513	0.01976	0.01895	0.01205	0.25901	0.26630	0.03946	0.02636	0.02624	0.01970	0.01015	0.00757	0.00242	0.00671	0.00808	0.19233	0.01191
67	0.01877	0.35403	0.38259	0.01887	0.02854	0.02495	0.02257	0.02505	0.01683	0.02266	0.01305	0.01524	0.01034	0.00736	0.00656	0.00219	0.01047	0.00523	0.00345	0.01126

[dist]
# distance from previous block
# <min> <max>
0	7

[block]
# block no. 1 follows, 23 sequences, length 46
# corresponding to MSA columns:
# 75-120
name=unknown_B
#
# <colnr> <probs for GDERKNQSTAVLIFYWHMCP>
#	G	D	E	R	K	N	Q	S	T	A	V	L	I	F	Y	W	H	M	C	P
0	0.01722	0.01310	0.01472	0.01279	0.01709	0.01276	0.01005	0.07000	0.16136	0.02996	0.02715	0.10301	0.02425	0.01160	0.00752	0.00223	0.00585	0.06061	0.16091	0.23781
1	0.02411	0.27876	0.17659	0.01894	0.02585	0.30396	0.01828	0.02804	0.01938	0.02091	0.01256	0.01463	0.01040	0.00772	0.00666	0.00207	0.01194	0.00509	0.00376	0.01034
2	0.18708	0.01318	0.01367	0.01273	0.01652	0.01384	0.01052	0.14384	0.02151	0.03181	0.04273	0.05507	0.21500	0.01590	0.00869	0.00290	0.00650	0.17256	0.00707	0.00888
3	0.01159	0.00869	0.01304	0.01304	0.01449	0.01014	0.01014	0.01449	0.01304	0.01884	0.02173	0.03188	0.02029	0.06086	0.68268	0.01304	0.02173	0.00869	0.00435	0.00724
4	0.02789	0.17542	0.05896	0.01961	0.02473	0.51916	0.01602	0.03045	0.02140	0.01999	0.01239	0.01443	0.01044	0.00804	0.00691	0.00204	0.01331	0.00509	0.00400	0.00974
5	0.02267	0.01622	0.01872	0.01418	0.02032	0.01506	0.01138	0.21673	0.02348	0.08841	0.01751	0.01943	0.01350	0.00990	0.00960	0.08293	0.00712	0.00613	0.00617	0.38053
6	0.02373	0.02620	0.02939	0.03949	0.43603	0.25598	0.02161	0.02758	0.02009	0.02413	0.01429	0.01814	0.01200	0.00763	0.00778	0.00230	0.01142	0.00651	0.00408	0.01162
7	0.01797	0.25342	0.47615	0.02024	0.03066	0.02298	0.02496	0.02526	0.01693	0.02364	0.01354	0.01585	0.01032	0.00747	0.00693	0.00231	0.01096	0.00548	0.00344	0.01150
8	0.02128	0.01046	0.01398	0.01187	0.01550	0.00933	0.00933	0.02483	0.02307	0.28291	0.41325	0.04765	0.05437	0.01402	0.00902	0.00254	0.00504	0.01212	0.00937	0.01007
9	0.02012	0.01792	0.01807	0.01631	0.02080	0.04824	0.01265	0.04118	0.59279	0.03277	0.03445	0.03184	0.05400	0.01134	0.00828	0.00272	0.00667	0.00938	0.00805	0.01241
10	0.02717	0.02718	0.02023	0.01911	0.06023	0.37194	0.01384	0.09817	0.02323	0.08194	0.01802	0.01983	0.01392	0.00882	0.00719	0.00214	0.01080	0.00631	0.15981	0.01011
11	0.01553	0.01295	0.01546	0.01216	0.01797	0.01009	0.00961	0.01883	0.01680	0.02545	0.02112	0.12159	0.02084	0.01014	0.00706	0.00171	0.00595	0.05796	0.00542	0.59338
12	0.02169	0.71972	0.04252	0.01388	0.02083	0.03211	0.01388	0.02430	0.01649	0.01909	0.01128	0.01302	0.01041	0.00694	0.00521	0.00174	0.00868	0.00434	0.00347	0.01041
13	0.02145	0.02926	0.32968	0.02669	0.10081	0.01785	0.16231	0.02851	0.01898	0.15770	0.01863	0.02067	0.01302	0.00794	0.00826	0.00258	0.01108	0.00738	0.00500	0.01222
14	0.02315	0.02715	0.01983	0.01832	0.02128	0.40984	0.01399	0.02549	0.01890	0.01949	0.01546	0.02060	0.01373	0.02624	0.23318	0.00584	0.06816	0.00652	0.00419	0.00865
15	0.03031	0.03867	0.02299	0.02090	0.02508	0.68226	0.01568	0.03240	0.02299	0.01986	0.01254	0.01463	0.01045	0.00836	0.00732	0.00209	0.01463	0.00523	0.00418	0.00941
16	0.01180	0.00787	0.00885	0.00885	0.00885	0.00787	0.00492	0.01180	0.01180	0.01573	0.02557	0.05310	0.02950	0.71483	0.04130	0.00787	0.00787	0.01180	0.00492	0.00492
17	0.01532	0.01442	0.02434	0.69533	0.05589	0.01803	0.02253	0.02073	0.01622	0.02073	0.01442	0.02163	0.01082	0.00811	0.00811	0.00270	0.01082	0.00721	0.00361	0.00901
18	0.02018	0.01743	0.01835	0.01651	0.02110	0.02018	0.01284	0.04312	0.64956	0.03394	0.03303	0.03027	0.02477	0.01101	0.00826	0.00275	0.00642	0.00917	0.00826	0.01284
19	0.77215	0.01569	0.01193	0.01067	0.01569	0.01820	0.00879	0.02385	0.01381	0.03641	0.01130	0.01318	0.00879	0.00753	0.00502	0.00251	0.00628	0.00439	0.00502	0.00879
20	0.00970	0.00822	0.00838	0.00834	0.01103	0.00690	0.00626	0.01187	0.01877	0.02256	0.11719	0.07703	0.62553	0.02031	0.00959	0.00273	0.00409	0.01698	0.00762	0.00690
21	0.01708	0.01465	0.01694	0.01235	0.01937	0.01152	0.00986	0.02213	0.06406	0.02700	0.01581	0.01783	0.01297	0.00638	0.00618	0.00132	0.00604	0.00513	0.00506	0.70833
22	0.01683	0.01442	0.01683	0.01202	0.01923	0.01082	0.00961	0.02043	0.01683	0.02644	0.01442	0.01683	0.01202	0.00601	0.00601	0.00120	0.00601	0.00481	0.00481	0.76444
23	0.02205	0.01476	0.01771	0.01294	0.01990	0.01189	0.01047	0.06002	0.01949	0.17314	0.01868	0.01941	0.01394	0.00713	0.00662	0.00157	0.00638	0.00571	0.00618	0.55201
24	0.01842	0.01634	0.02519	0.17017	0.30411	0.01706	0.01934	0.08686	0.01929	0.02686	0.01848	0.08032	0.01653	0.01313	0.05843	0.00323	0.00994	0.00848	0.00477	0.08305
25	0.01796	0.25288	0.47666	0.02025	0.03067	0.02297	0.02497	0.02526	0.01693	0.02364	0.01354	0.01585	0.01032	0.00747	0.00693	0.00231	0.01096	0.00548	0.00344	0.01150
26	0.30444	0.04845	0.14285	0.01675	0.04563	0.05641	0.01524	0.06401	0.07294	0.13526	0.01782	0.01843	0.01286	0.00841	0.00674	0.00248	0.00832	0.00603	0.00584	0.01109
27	0.19543	0.02123	0.17720	0.01564	0.02272	0.01548	0.01552	0.06498	0.02044	0.28604	0.06922	0.02379	0.01899	0.00938	0.00744	0.00252	0.00790	0.00722	0.00710	0.01177
28	0.01295	0.01430	0.09268	0.01658	0.08448	0.01144	0.01250	0.01793	0.07203	0.02428	0.09326	0.22345	0.23068	0.01752	0.00994	0.00285	0.03270	0.01506	0.00668	0.00869
29	0.02030	0.02108	0.05773	0.04668	0.57680	0.04617	0.06166	0.02530	0.01865	0.02618	0.01520	0.01986	0.01263	0.00727	0.00809	0.00242	0.01018	0.00724	0.00401	0.01257
30	0.00989	0.00706	0.00942	0.01130	0.01177	0.00659	0.00753	0.01130	0.01554	0.02071	0.04472	0.70954	0.05367	0.02542	0.01036	0.00330	0.00471	0.02307	0.00753	0.00659
31	0.01395	0.01218	0.01867	0.25313	0.12584	0.01311	0.01628	0.01791	0.01753	0.02264	0.03713	0.10010	0.15550	0.01505	0.00927	0.00294	0.00806	0.14645	0.00564	0.00862
32	0.07893	0.20252	0.23626	0.02014	0.05663	0.19019	0.01955	0.02767	0.01863	0.06026	0.01403	0.01593	0.01093	0.00778	0.00684	0.00223	0.01102	0.00546	0.00415	0.01085
33	0.01799	0.01011	0.01291	0.01159	0.01464	0.00926	0.00888	0.04935	0.02209	0.18510	0.31889	0.15491	0.11853	0.01649	0.00929	0.00267	0.00498	0.01433	0.00879	0.00918
34	0.01190	0.00853	0.01017	0.00961	0.01206	0.00753	0.00726	0.01499	0.02118	0.05850	0.39780	0.06608	0.30890	0.01787	0.00951	0.00263	0.00409	0.01535	0.00842	0.00762
35	0.02158	0.27733	0.23469	0.01859	0.02626	0.16102	0.01921	0.02875	0.09663	0.02318	0.01528	0.01679	0.01216	0.00798	0.00681	0.00220	0.01068	0.00565	0.00420	0.01101
36	0.02014	0.02080	0.03136	0.07790	0.34925	0.08413	0.09259	0.02428	0.01748	0.02389	0.01404	0.01934	0.01194	0.00892	0.01235	0.00269	0.16654	0.00728	0.00391	0.01117
37	0.01321	0.00884	0.01164	0.01132	0.01354	0.00821	0.00894	0.01688	0.02185	0.06884	0.46258	0.06594	0.10044	0.01761	0.00982	0.00280	0.00478	0.13620	0.00862	0.00795
38	0.02004	0.01940	0.03361	0.04910	0.63617	0.01934	0.05241	0.02495	0.01851	0.02649	0.01531	0.02016	0.01283	0.00721	0.00810	0.00242	0.00982	0.00734	0.00402	0.01277
39	0.06376	0.02049	0.02369	0.28012	0.14813	0.14371	0.01877	0.09911	0.02063	0.02632	0.01972	0.02350	0.05989	0.00910	0.00788	0.00249	0.01034	0.00743	0.00472	0.01018
40	0.02180	0.03096	0.38467	0.02326	0.03308	0.01749	0.14935	0.02915	0.01904	0.18356	0.01922	0.02067	0.01310	0.00810	0.00820	0.00259	0.01109	0.00726	0.00519	0.01222
41	0.00989	0.00706	0.00942	0.01130	0.01177	0.00659	0.00753	0.01130	0.01554	0.02071	0.04472	0.70954	0.05367	0.02542	0.01036	0.00330	0.00471	0.02307	0.00753	0.00659
42	0.02714	0.01679	0.01959	0.01558	0.02079	0.01748	0.01267	0.32786	0.02995	0.19705	0.15378	0.03060	0.02856	0.01414	0.04700	0.00308	0.00812	0.00910	0.00854	0.01217
43	0.01322	0.01576	0.14615	0.01261	0.01733	0.01002	0.01206	0.01735	0.01920	0.05488	0.20632	0.10869	0.24784	0.01576	0.00893	0.00258	0.00597	0.01341	0.00696	0.06496
44	0.02021	0.28918	0.15816	0.01993	0.02594	0.08539	0.07157	0.02423	0.01640	0.02114	0.01231	0.01592	0.01061	0.00905	0.01170	0.00248	0.18599	0.00589	0.00360	0.01028
45	0.27249	0.01678	0.02597	0.19388	0.10124	0.01818	0.16726	0.02298	0.01632	0.02794	0.01568	0.05801	0.01316	0.00850	0.00755	0.00265	0.00951	0.00775	0.00448	0.00968

[dist]
# distance from previous block
# <min> <max>
0	5

[block]
# block no. 2 follows, 23 sequences, length 157
# corresponding to MSA columns:
# 126-282
name=unknown_C
#
# <colnr> <probs for GDERKNQSTAVLIFYWHMCP>
#	G	D	E	R	K	N	Q	S	T	A	V	L	I	F	Y	W	H	M	C	P
0	0.01906	0.01888	0.03449	0.04081	0.41012	0.01835	0.18782	0.02428	0.01860	0.02617	0.01800	0.02678	0.01568	0.00842	0.00864	0.00256	0.01038	0.06129	0.00438	0.04527
1	0.06849	0.02688	0.02278	0.04805	0.11027	0.29561	0.01593	0.15805	0.08145	0.03015	0.01699	0.01884	0.01326	0.00874	0.00748	0.00230	0.01081	0.00645	0.04651	0.01096
2	0.01721	0.01537	0.01500	0.01547	0.04694	0.13110	0.01163	0.02137	0.05475	0.06141	0.15195	0.05915	0.16886	0.01644	0.00940	0.00284	0.00743	0.17788	0.00717	0.00862
3	0.15516	0.01582	0.04465	0.01387	0.01885	0.01550	0.01141	0.03025	0.25405	0.08402	0.10961	0.05748	0.02716	0.01080	0.00758	0.00245	0.00620	0.00879	0.00717	0.11918
4	0.01132	0.00900	0.01026	0.00994	0.01238	0.00835	0.00744	0.01592	0.07624	0.02726	0.31155	0.10225	0.33168	0.01836	0.00951	0.00270	0.00423	0.01575	0.00817	0.00770
5	0.02638	0.02659	0.02144	0.01865	0.02351	0.26967	0.01449	0.17281	0.27690	0.03253	0.02229	0.02198	0.01693	0.00973	0.00787	0.00243	0.01007	0.00727	0.00670	0.01177
6	0.01270	0.01106	0.01801	0.01605	0.01886	0.01047	0.13560	0.01678	0.04734	0.02418	0.10928	0.33013	0.12066	0.01913	0.01000	0.00305	0.00671	0.07499	0.00702	0.00800
7	0.02649	0.30328	0.03047	0.01786	0.02324	0.36806	0.01483	0.05655	0.05030	0.02160	0.01331	0.01494	0.01125	0.00799	0.00657	0.00200	0.01167	0.00516	0.00427	0.01016
8	0.02286	0.02455	0.03023	0.04195	0.49052	0.19946	0.02240	0.02694	0.01970	0.02470	0.01452	0.01860	0.01220	0.00754	0.00784	0.00232	0.01100	0.00669	0.00406	0.01192
9	0.00989	0.00706	0.00942	0.01130	0.01177	0.00659	0.00753	0.01130	0.01554	0.02071	0.04472	0.70954	0.05367	0.02542	0.01036	0.00330	0.00471	0.02307	0.00753	0.00659
10	0.02895	0.03495	0.02273	0.02035	0.02444	0.56404	0.01549	0.08511	0.02343	0.02260	0.01351	0.01600	0.01122	0.01119	0.03974	0.00269	0.04370	0.00565	0.00451	0.00968
11	0.01713	0.03686	0.52877	0.02913	0.17672	0.01894	0.02884	0.02552	0.01743	0.02588	0.01472	0.01780	0.01086	0.00760	0.00778	0.00253	0.01146	0.00627	0.00356	0.01219
12	0.01328	0.13699	0.04826	0.01341	0.01591	0.01386	0.01114	0.01583	0.01473	0.01992	0.02742	0.27473	0.02980	0.03363	0.25406	0.00653	0.04440	0.01297	0.00527	0.00787
13	0.01014	0.00722	0.00959	0.01139	0.01192	0.00679	0.00772	0.01162	0.01555	0.02070	0.04382	0.64820	0.05227	0.05435	0.01171	0.00351	0.00499	0.05451	0.00742	0.00657
14	0.02559	0.15426	0.02976	0.02851	0.22494	0.29825	0.01823	0.08233	0.02175	0.02459	0.01379	0.01648	0.01150	0.00787	0.00723	0.00216	0.01148	0.00588	0.00435	0.01106
15	0.01232	0.00856	0.01103	0.01205	0.01308	0.00842	0.00844	0.06711	0.01720	0.02292	0.03933	0.55083	0.04584	0.02416	0.01233	0.07935	0.00545	0.04745	0.00718	0.00697
16	0.00979	0.00828	0.00849	0.00860	0.01129	0.00699	0.00655	0.01194	0.01851	0.02205	0.07999	0.07885	0.62635	0.02066	0.00968	0.00280	0.00430	0.05047	0.00753	0.00689
17	0.05561	0.00946	0.01107	0.01042	0.01310	0.00892	0.00802	0.01747	0.05031	0.06423	0.37466	0.06087	0.22608	0.01680	0.00925	0.00266	0.00449	0.04020	0.00829	0.00807
18	0.01805	0.12935	0.23687	0.05548	0.03619	0.02096	0.30232	0.02476	0.01785	0.02442	0.01629	0.05037	0.01322	0.00802	0.00833	0.00256	0.01189	0.00822	0.00394	0.01091
19	0.03373	0.02195	0.02015	0.01661	0.02213	0.22750	0.01317	0.03741	0.05093	0.43296	0.02581	0.02357	0.01720	0.00955	0.00789	0.00239	0.00936	0.00726	0.00808	0.01235
20	0.00985	0.00722	0.00925	0.01089	0.01166	0.00663	0.00735	0.01134	0.01593	0.02088	0.04975	0.62482	0.13514	0.02477	0.01025	0.00322	0.00463	0.02227	0.00753	0.00663
21	0.02712	0.03056	0.02491	0.02670	0.16841	0.40748	0.01743	0.11353	0.02356	0.02563	0.01459	0.01742	0.01196	0.01100	0.04233	0.00277	0.01308	0.00614	0.00470	0.01068
22	0.05696	0.01325	0.01572	0.01296	0.01788	0.01247	0.01054	0.11998	0.02338	0.31188	0.04576	0.04486	0.22451	0.01382	0.00862	0.00263	0.00632	0.03874	0.00862	0.01108
23	0.01513	0.00756	0.00756	0.00756	0.00945	0.00756	0.00567	0.01891	0.01702	0.03025	0.02647	0.03025	0.02080	0.00945	0.00567	0.00189	0.00378	0.00756	0.75988	0.00756
24	0.01159	0.00869	0.01304	0.01304	0.01449	0.01014	0.01014	0.01449	0.01304	0.01884	0.02173	0.03188	0.02029	0.06086	0.68268	0.01304	0.02173	0.00869	0.00435	0.00724
25	0.01683	0.01442	0.01683	0.01202	0.01923	0.01082	0.00961	0.02043	0.01683	0.02644	0.01442	0.01683	0.01202	0.00601	0.00601	0.00120	0.00601	0.00481	0.00481	0.76444
26	0.02670	0.02099	0.05110	0.01735	0.02326	0.02173	0.01468	0.49766	0.03447	0.04664	0.13459	0.02678	0.02494	0.01088	0.00836	0.00246	0.00815	0.00857	0.00805	0.01261
27	0.01216	0.00894	0.01188	0.01341	0.01531	0.00865	0.01134	0.01539	0.01837	0.02354	0.05018	0.14404	0.15793	0.02235	0.01084	0.00352	0.00662	0.45078	0.00749	0.00728
28	0.01650	0.06988	0.64683	0.02275	0.03453	0.01939	0.02932	0.02564	0.01710	0.02542	0.01443	0.01696	0.01028	0.00768	0.00761	0.00254	0.01186	0.00593	0.00343	0.01193
29	0.32556	0.01881	0.01824	0.01749	0.07709	0.05392	0.01273	0.16922	0.13544	0.03699	0.02068	0.02130	0.04221	0.00926	0.00691	0.00252	0.00755	0.00679	0.00630	0.01099
30	0.00989	0.00706	0.00942	0.01130	0.01177	0.00659	0.00753	0.01130	0.01554	0.02071	0.04472	0.70954	0.05367	0.02542	0.01036	0.00330	0.00471	0.02307	0.00753	0.00659
31	0.01683	0.01442	0.01683	0.01202	0.01923	0.01082	0.00961	0.02043	0.01683	0.02644	0.01442	0.01683	0.01202	0.00601	0.00601	0.00120	0.00601	0.00481	0.00481	0.76444
32	0.02535	0.01742	0.01938	0.01471	0.02129	0.04481	0.01190	0.16932	0.05053	0.18105	0.02037	0.02041	0.01477	0.00813	0.00715	0.00190	0.00730	0.00637	0.00691	0.35094
33	0.01159	0.00869	0.01304	0.01304	0.01449	0.01014	0.01014	0.01449	0.01304	0.01884	0.02173	0.03188	0.02029	0.06086	0.68268	0.01304	0.02173	0.00869	0.00435	0.00724
34	0.02047	0.56717	0.18438	0.01596	0.02404	0.02912	0.01751	0.02461	0.01663	0.02058	0.01202	0.01394	0.01038	0.00711	0.00577	0.00192	0.00942	0.00471	0.00346	0.01077
35	0.01683	0.01442	0.01683	0.01202	0.01923	0.01082	0.00961	0.02043	0.01683	0.02644	0.01442	0.01683	0.01202	0.00601	0.00601	0.00120	0.00601	0.00481	0.00481	0.76444
36	0.02029	0.01642	0.01771	0.01584	0.02028	0.01862	0.01233	0.04045	0.55978	0.06842	0.08869	0.03283	0.02912	0.01145	0.00837	0.00272	0.00622	0.00961	0.00841	0.01243
37	0.01532	0.01442	0.02434	0.69533	0.05589	0.01803	0.02253	0.02073	0.01622	0.02073	0.01442	0.02163	0.01082	0.00811	0.00811	0.00270	0.01082	0.00721	0.00361	0.00901
38	0.00986	0.00717	0.00931	0.01102	0.01170	0.00661	0.00741	0.01133	0.01580	0.02082	0.04807	0.65311	0.10793	0.02499	0.01029	0.00325	0.00465	0.02254	0.00753	0.00661
39	0.00969	0.00782	0.00864	0.00929	0.01124	0.00676	0.00664	0.01152	0.01746	0.02150	0.06913	0.29836	0.44910	0.02225	0.00986	0.00293	0.00432	0.01920	0.00753	0.00676
40	0.00979	0.00743	0.00903	0.01031	0.01151	0.00667	0.00709	0.01141	0.01648	0.02110	0.05674	0.50702	0.24842	0.02386	0.01011	0.00312	0.00452	0.02116	0.00753	0.00667
41	0.01627	0.04197	0.67279	0.02313	0.03512	0.01884	0.02998	0.02570	0.01713	0.02570	0.01456	0.01713	0.01028	0.00771	0.00771	0.00257	0.01199	0.00600	0.00343	0.01199
42	0.02325	0.02549	0.03049	0.04002	0.43534	0.22743	0.04973	0.02731	0.01993	0.02440	0.01446	0.01845	0.01207	0.00757	0.00788	0.00232	0.01139	0.00671	0.00407	0.01168
43	0.01806	0.26528	0.46513	0.02008	0.03041	0.02321	0.02468	0.02524	0.01692	0.02352	0.01348	0.01578	0.01032	0.00746	0.00688	0.00229	0.01090	0.00545	0.00344	0.01147
44	0.03031	0.03867	0.02299	0.02090	0.02508	0.68226	0.01568	0.03240	0.02299	0.01986	0.01254	0.01463	0.01045	0.00836	0.00732	0.00209	0.01463	0.00523	0.00418	0.00941
45	0.01957	0.01115	0.01444	0.01215	0.01612	0.01019	0.00948	0.02256	0.01734	0.19099	0.05820	0.03061	0.02225	0.08645	0.19700	0.00555	0.01044	0.00816	0.07338	0.18397
46	0.01180	0.00787	0.00885	0.00885	0.00885	0.00787	0.00492	0.01180	0.01180	0.01573	0.02557	0.05310	0.02950	0.71483	0.04130	0.00787	0.00787	0.01180	0.00492	0.00492
47	0.02923	0.03662	0.02405	0.02396	0.09274	0.61208	0.01665	0.03161	0.02252	0.02056	0.01283	0.01521	0.01071	0.00824	0.00739	0.00212	0.01410	0.00544	0.00416	0.00977
48	0.02169	0.71972	0.04252	0.01388	0.02083	0.03211	0.01388	0.02430	0.01649	0.01909	0.01128	0.01302	0.01041	0.00694	0.00521	0.00174	0.00868	0.00434	0.00347	0.01041
49	0.01857	0.15061	0.35611	0.02392	0.03316	0.05131	0.16585	0.02548	0.01749	0.02404	0.01413	0.01746	0.01080	0.00777	0.00876	0.00250	0.05066	0.00657	0.00363	0.01119
50	0.01126	0.00770	0.00894	0.00937	0.00962	0.00753	0.00557	0.01168	0.01299	0.01717	0.03279	0.20214	0.06742	0.52395	0.03270	0.00657	0.00696	0.01461	0.00564	0.00539
51	0.01406	0.01107	0.01256	0.01164	0.01444	0.01124	0.00880	0.05540	0.16230	0.03031	0.30214	0.08171	0.18626	0.04871	0.01071	0.00291	0.00498	0.01378	0.00818	0.00882
52	0.02193	0.01728	0.01880	0.01530	0.02058	0.01823	0.01218	0.25713	0.19509	0.03656	0.02805	0.02905	0.07380	0.04424	0.03786	0.00302	0.00780	0.00848	0.00720	0.14743
53	0.02460	0.15469	0.08960	0.01843	0.02421	0.25355	0.01596	0.08988	0.19686	0.02714	0.01886	0.01939	0.01472	0.00891	0.00731	0.00229	0.01048	0.00643	0.00548	0.01121
54	0.01676	0.10214	0.61684	0.02231	0.03385	0.02002	0.02855	0.02557	0.01707	0.02511	0.01427	0.01677	0.01029	0.00764	0.00749	0.00250	0.01170	0.00585	0.00343	0.01185
55	0.01839	0.01551	0.01693	0.01587	0.01987	0.01757	0.01261	0.03682	0.50359	0.03161	0.03694	0.04389	0.05514	0.01357	0.00887	0.00294	0.00653	0.12369	0.00808	0.01158
56	0.03109	0.02233	0.02410	0.01848	0.02496	0.02457	0.01527	0.61045	0.03748	0.07880	0.02004	0.01985	0.01408	0.00975	0.00812	0.00244	0.00884	0.00734	0.00820	0.01380
57	0.01066	0.00804	0.01003	0.01132	0.01288	0.00742	0.00860	0.01290	0.01731	0.02206	0.05600	0.34436	0.24218	0.02308	0.01035	0.00324	0.00527	0.17988	0.00752	0.00691
58	0.01409	0.00705	0.01057	0.01057	0.01057	0.00705	0.00705	0.01057	0.01057	0.01409	0.01409	0.02467	0.01409	0.02819	0.03171	0.76392	0.00705	0.00705	0.00352	0.00352
59	0.01409	0.00705	0.01057	0.01057	0.01057	0.00705	0.00705	0.01057	0.01057	0.01409	0.01409	0.02467	0.01409	0.02819	0.03171	0.76392	0.00705	0.00705	0.00352	0.00352
60	0.03641	0.01381	0.01883	0.01444	0.02071	0.01193	0.01193	0.03954	0.02322	0.66984	0.03201	0.02762	0.02009	0.01004	0.00816	0.00251	0.00690	0.00816	0.01004	0.01381
61	0.77215	0.01569	0.01193	0.01067	0.01569	0.01820	0.00879	0.02385	0.01381	0.03641	0.01130	0.01318	0.00879	0.00753	0.00502	0.00251	0.00628	0.00439	0.00502	0.00879
62	0.02008	0.01928	0.03294	0.04981	0.66422	0.01928	0.02490	0.02490	0.01848	0.02651	0.01526	0.02008	0.01285	0.00723	0.00803	0.00241	0.00964	0.00723	0.00402	0.01285
63	0.01627	0.04197	0.67279	0.02313	0.03512	0.01884	0.02998	0.02570	0.01713	0.02570	0.01456	0.01713	0.01028	0.00771	0.00771	0.00257	0.01199	0.00600	0.00343	0.01199
64	0.01105	0.00789	0.01075	0.01263	0.01361	0.00760	0.00956	0.01331	0.01668	0.02202	0.04408	0.48365	0.05112	0.02432	0.01067	0.00346	0.00572	0.23745	0.00751	0.00691
65	0.08959	0.17138	0.02337	0.11262	0.02455	0.11775	0.01337	0.10295	0.02004	0.02736	0.01694	0.05374	0.01447	0.00893	0.00670	0.00214	0.00861	0.00670	0.10199	0.07681
66	0.21309	0.09405	0.40969	0.01871	0.02805	0.01993	0.02212	0.02604	0.05063	0.02834	0.01443	0.01646	0.01069	0.00777	0.00682	0.00249	0.00991	0.00561	0.00411	0.01107
67	0.12511	0.20923	0.08439	0.01732	0.02329	0.24431	0.01531	0.08959	0.07400	0.02669	0.01465	0.01605	0.01175	0.00818	0.00666	0.00219	0.01047	0.00549	0.00478	0.01054
68	0.01816	0.01321	0.01506	0.01391	0.01677	0.01397	0.01041	0.23521	0.05607	0.03239	0.03352	0.37099	0.03553	0.04859	0.01060	0.00310	0.00639	0.01558	0.04111	0.00944
69	0.01449	0.01303	0.05074	0.01367	0.01706	0.01237	0.01148	0.01789	0.01470	0.02280	0.01863	0.02510	0.01640	0.03072	0.29355	0.00666	0.10362	0.00718	0.10567	0.20423
70	0.00989	0.00706	0.00942	0.01130	0.01177	0.00659	0.00753	0.01130	0.01554	0.02071	0.04472	0.70954	0.05367	0.02542	0.01036	0.00330	0.00471	0.02307	0.00753	0.00659
71	0.01817	0.01732	0.02947	0.30980	0.41920	0.01878	0.02395	0.02322	0.01757	0.02418	0.01492	0.02071	0.01203	0.00759	0.00807	0.00253	0.01011	0.00722	0.00385	0.01131
72	0.03048	0.03372	0.02342	0.02021	0.02511	0.47796	0.01560	0.22042	0.02771	0.02958	0.01470	0.01614	0.01149	0.00879	0.00757	0.00220	0.01286	0.00587	0.00540	0.01077
73	0.01023	0.00831	0.00979	0.00989	0.01211	0.00787	0.00748	0.01252	0.01663	0.02089	0.06129	0.09607	0.42860	0.03345	0.22090	0.00600	0.00967	0.01478	0.00653	0.00696
74	0.00959	0.00822	0.00822	0.00822	0.01096	0.00685	0.00617	0.01165	0.01850	0.02192	0.08220	0.07809	0.66092	0.02055	0.00959	0.00274	0.00411	0.01713	0.00754	0.00685
75	0.77215	0.01569	0.01193	0.01067	0.01569	0.01820	0.00879	0.02385	0.01381	0.03641	0.01130	0.01318	0.00879	0.00753	0.00502	0.00251	0.00628	0.00439	0.00502	0.00879
76	0.01802	0.01659	0.02762	0.07756	0.47969	0.01673	0.02145	0.02263	0.01886	0.02656	0.08821	0.03336	0.02379	0.01016	0.00860	0.00261	0.00881	0.08238	0.00495	0.01141
77	0.03031	0.03867	0.02299	0.02090	0.02508	0.68226	0.01568	0.03240	0.02299	0.01986	0.01254	0.01463	0.01045	0.00836	0.00732	0.00209	0.01463	0.00523	0.00418	0.00941
78	0.01627	0.04197	0.67279	0.02313	0.03512	0.01884	0.02998	0.02570	0.01713	0.02570	0.01456	0.01713	0.01028	0.00771	0.00771	0.00257	0.01199	0.00600	0.00343	0.01199
79	0.02008	0.01928	0.03294	0.04981	0.66422	0.01928	0.02490	0.02490	0.01848	0.02651	0.01526	0.02008	0.01285	0.00723	0.00803	0.00241	0.00964	0.00723	0.00402	0.01285
80	0.02018	0.01743	0.01835	0.01651	0.02110	0.02018	0.01284	0.04312	0.64956	0.03394	0.03303	0.03027	0.02477	0.01101	0.00826	0.00275	0.00642	0.00917	0.00826	0.01284
81	0.02008	0.01928	0.03294	0.04981	0.66422	0.01928	0.02490	0.02490	0.01848	0.02651	0.01526	0.02008	0.01285	0.00723	0.00803	0.00241	0.00964	0.00723	0.00402	0.01285
82	0.00984	0.00801	0.00875	0.00928	0.01145	0.00692	0.00684	0.01183	0.01782	0.02176	0.07151	0.22487	0.48884	0.02177	0.00985	0.00292	0.00442	0.04898	0.00753	0.00682
83	0.00976	0.00823	0.00845	0.00840	0.01106	0.00692	0.00630	0.01197	0.01889	0.02286	0.13355	0.07654	0.60899	0.02020	0.00959	0.00272	0.00408	0.01691	0.00766	0.00692
84	0.01138	0.00829	0.01070	0.01010	0.01206	0.00761	0.00757	0.01511	0.02272	0.03194	0.62742	0.06160	0.10945	0.01681	0.00957	0.00256	0.00384	0.01481	0.00885	0.00761
85	0.01944	0.01862	0.03177	0.13732	0.58175	0.01911	0.02458	0.02434	0.01817	0.02573	0.01515	0.02029	0.01258	0.00735	0.00804	0.00245	0.00980	0.00723	0.00396	0.01233
86	0.01022	0.00751	0.00959	0.01062	0.01174	0.00688	0.00738	0.01229	0.01769	0.02367	0.19492	0.47042	0.14184	0.02267	0.01007	0.00304	0.00442	0.02028	0.00786	0.00688
87	0.02115	0.02416	0.03387	0.02650	0.03080	0.17105	0.27000	0.02507	0.01756	0.02225	0.01344	0.01874	0.01129	0.00987	0.01530	0.00289	0.26462	0.00769	0.00392	0.00984
88	0.01762	0.01440	0.01691	0.01212	0.01929	0.01086	0.00971	0.02121	0.01709	0.05263	0.01514	0.01727	0.01235	0.00617	0.00610	0.00126	0.00605	0.00494	0.00502	0.73388
89	0.01985	0.01827	0.02665	0.07289	0.37407	0.01957	0.01997	0.03192	0.26947	0.02914	0.02228	0.02423	0.01748	0.00878	0.00813	0.00256	0.00843	0.00800	0.00568	0.01263
90	0.02008	0.01928	0.03294	0.04981	0.66422	0.01928	0.02490	0.02490	0.01848	0.02651	0.01526	0.02008	0.01285	0.00723	0.00803	0.00241	0.00964	0.00723	0.00402	0.01285
91	0.01337	0.00935	0.01210	0.01315	0.01470	0.00941	0.01054	0.04705	0.01785	0.02375	0.03802	0.16687	0.04168	0.15415	0.01646	0.00432	0.00708	0.35581	0.03715	0.00719
92	0.77215	0.01569	0.01193	0.01067	0.01569	0.01820	0.00879	0.02385	0.01381	0.03641	0.01130	0.01318	0.00879	0.00753	0.00502	0.00251	0.00628	0.00439	0.00502	0.00879
93	0.02136	0.01428	0.01729	0.01258	0.01957	0.01107	0.01015	0.02485	0.01831	0.17529	0.01849	0.01932	0.01388	0.00694	0.00651	0.00150	0.00622	0.00558	0.00602	0.59078
94	0.01683	0.01442	0.01683	0.01202	0.01923	0.01082	0.00961	0.02043	0.01683	0.02644	0.01442	0.01683	0.01202	0.00601	0.00601	0.00120	0.00601	0.00481	0.00481	0.76444
95	0.01465	0.03117	0.46037	0.01889	0.02769	0.01522	0.02275	0.02220	0.01879	0.02740	0.19457	0.03189	0.05882	0.01074	0.00831	0.00257	0.00939	0.00889	0.00513	0.01056
96	0.01532	0.01442	0.02434	0.69533	0.05589	0.01803	0.02253	0.02073	0.01622	0.02073	0.01442	0.02163	0.01082	0.00811	0.00811	0.00270	0.01082	0.00721	0.00361	0.00901
97	0.01627	0.04197	0.67279	0.02313	0.03512	0.01884	0.02998	0.02570	0.01713	0.02570	0.01456	0.01713	0.01028	0.00771	0.00771	0.00257	0.01199	0.00600	0.00343	0.01199
98	0.02439	0.01395	0.01986	0.22764	0.03125	0.01348	0.01478	0.02837	0.01939	0.29373	0.02300	0.02604	0.01650	0.00906	0.00779	0.00233	0.00796	0.03277	0.00673	0.18099
99	0.01664	0.01576	0.02671	0.51706	0.22388	0.01837	0.02319	0.02188	0.01685	0.02233	0.01465	0.02121	0.01138	0.00787	0.00809	0.00262	0.01049	0.00722	0.00372	0.01007
100	0.01010	0.00824	0.00893	0.00876	0.01127	0.00707	0.00657	0.01264	0.01970	0.02479	0.23842	0.07336	0.50291	0.01948	0.00958	0.00269	0.00403	0.01646	0.00791	0.00707
101	0.02169	0.71972	0.04252	0.01388	0.02083	0.03211	0.01388	0.02430	0.01649	0.01909	0.01128	0.01302	0.01041	0.00694	0.00521	0.00174	0.00868	0.00434	0.00347	0.01041
102	0.02264	0.02889	0.22832	0.02248	0.06026	0.08255	0.02104	0.21586	0.02321	0.03173	0.01505	0.01793	0.01161	0.00988	0.01219	0.00270	0.17032	0.00665	0.00502	0.01164
103	0.02150	0.03466	0.50311	0.02087	0.03138	0.01705	0.02530	0.02929	0.01871	0.19283	0.01909	0.01985	0.01282	0.00831	0.00783	0.00255	0.01067	0.00656	0.00514	0.01246
104	0.02018	0.01743	0.01835	0.01651	0.02110	0.02018	0.01284	0.04312	0.64956	0.03394	0.03303	0.03027	0.02477	0.01101	0.00826	0.00275	0.00642	0.00917	0.00826	0.01284
105	0.01159	0.00869	0.01304	0.01304	0.01449	0.01014	0.01014	0.01449	0.01304	0.01884	0.02173	0.03188	0.02029	0.06086	0.68268	0.01304	0.02173	0.00869	0.00435	0.00724
106	0.01981	0.01901	0.03245	0.08614	0.62998	0.01921	0.02477	0.02467	0.01835	0.02618	0.01522	0.02017	0.01274	0.00728	0.00804	0.00243	0.00971	0.00723	0.00399	0.01264
107	0.03618	0.01417	0.01905	0.01461	0.02089	0.01246	0.01207	0.06347	0.02382	0.64506	0.03151	0.02729	0.01983	0.01003	0.00816	0.00251	0.00699	0.00813	0.00997	0.01381
108	0.01308	0.00934	0.01308	0.01494	0.01681	0.00934	0.01308	0.01681	0.01868	0.02428	0.04296	0.09153	0.04670	0.02242	0.01121	0.00374	0.00747	0.60960	0.00747	0.00747
109	0.00989	0.00706	0.00942	0.01130	0.01177	0.00659	0.00753	0.01130	0.01554	0.02071	0.04472	0.70954	0.05367	0.02542	0.01036	0.00330	0.00471	0.02307	0.00753	0.00659
110	0.03641	0.01381	0.01883	0.01444	0.02071	0.01193	0.01193	0.03954	0.02322	0.66984	0.03201	0.02762	0.02009	0.01004	0.00816	0.00251	0.00690	0.00816	0.01004	0.01381
111	0.01193	0.00919	0.01368	0.01349	0.01486	0.01094	0.01056	0.01476	0.01301	0.01887	0.02113	0.03111	0.01976	0.05832	0.64698	0.01252	0.05864	0.00861	0.00430	0.00733
112	0.01159	0.00869	0.01304	0.01304	0.01449	0.01014	0.01014	0.01449	0.01304	0.01884	0.02173	0.03188	0.02029	0.06086	0.68268	0.01304	0.02173	0.00869	0.00435	0.00724
113	0.01633	0.01566	0.02212	0.01939	0.01973	0.02145	0.01599	0.01836	0.01257	0.01937	0.01322	0.02102	0.01288	0.02500	0.17841	0.00575	0.54307	0.00747	0.00373	0.00850
114	0.02000	0.01951	0.03427	0.04841	0.60859	0.01939	0.07946	0.02500	0.01854	0.02646	0.01537	0.02024	0.01280	0.00719	0.00817	0.00244	0.01000	0.00744	0.00402	0.01268
115	0.02008	0.01928	0.03294	0.04981	0.66422	0.01928	0.02490	0.02490	0.01848	0.02651	0.01526	0.02008	0.01285	0.00723	0.00803	0.00241	0.00964	0.00723	0.00402	0.01285
116	0.01965	0.02048	0.03983	0.04261	0.37754	0.01985	0.30606	0.02540	0.01879	0.02627	0.01579	0.02091	0.01260	0.00705	0.00874	0.00256	0.01150	0.00831	0.00406	0.01197
117	0.02008	0.01928	0.03294	0.04981	0.66422	0.01928	0.02490	0.02490	0.01848	0.02651	0.01526	0.02008	0.01285	0.00723	0.00803	0.00241	0.00964	0.00723	0.00402	0.01285
118	0.01627	0.04197	0.67279	0.02313	0.03512	0.01884	0.02998	0.02570	0.01713	0.02570	0.01456	0.01713	0.01028	0.00771	0.00771	0.00257	0.01199	0.00600	0.00343	0.01199
119	0.01627	0.04197	0.67279	0.02313	0.03512	0.01884	0.02998	0.02570	0.01713	0.02570	0.01456	0.01713	0.01028	0.00771	0.00771	0.00257	0.01199	0.00600	0.00343	0.01199
120	0.02102	0.05159	0.03251	0.04577	0.58162	0.07630	0.02363	0.02551	0.01877	0.02562	0.01486	0.01931	0.01254	0.00731	0.00785	0.00235	0.01002	0.00693	0.00401	0.01245
121	0.01627	0.04197	0.67279	0.02313	0.03512	0.01884	0.02998	0.02570	0.01713	0.02570	0.01456	0.01713	0.01028	0.00771	0.00771	0.00257	0.01199	0.00600	0.00343	0.01199
122	0.01180	0.00787	0.00885	0.00885	0.00885	0.00787	0.00492	0.01180	0.01180	0.01573	0.02557	0.05310	0.02950	0.71483	0.04130	0.00787	0.00787	0.01180	0.00492	0.00492
123	0.01717	0.04072	0.64372	0.02274	0.03448	0.01854	0.02918	0.02631	0.01740	0.05433	0.01534	0.01760	0.01071	0.00781	0.00773	0.00257	0.01177	0.00609	0.00372	0.01207
124	0.01668	0.07595	0.61301	0.02314	0.03470	0.01960	0.05563	0.02564	0.01719	0.02537	0.01447	0.01713	0.01037	0.00763	0.00766	0.00253	0.01190	0.00607	0.00346	0.01186
125	0.02169	0.71972	0.04252	0.01388	0.02083	0.03211	0.01388	0.02430	0.01649	0.01909	0.01128	0.01302	0.01041	0.00694	0.00521	0.00174	0.00868	0.00434	0.00347	0.01041
