[name]
unknown

[dist]
# distance from previous block
# <min> <max>
0	0

[block]
# block no. 0 follows, 22 sequences, length 53
# corresponding to MSA columns:
# 0-52
name=unknown_A
#
# <colnr> <probs for GDERKNQSTAVLIFYWHMCP>
#	G	D	E	R	K	N	Q	S	T	A	V	L	I	F	Y	W	H	M	C	P
0	0.01339	0.00956	0.01339	0.01530	0.01721	0.00956	0.01339	0.01721	0.01912	0.02486	0.04399	0.09371	0.04781	0.02295	0.01147	0.00382	0.00765	0.60031	0.00765	0.00765
1	0.02465	0.40429	0.03468	0.01753	0.02283	0.24508	0.01531	0.02703	0.01858	0.01986	0.01190	0.01447	0.01070	0.00850	0.00873	0.00213	0.09470	0.00509	0.00380	0.01013
2	0.01124	0.00854	0.01039	0.01013	0.01236	0.00769	0.00773	0.01456	0.02170	0.02915	0.42244	0.07018	0.26453	0.01874	0.00992	0.00276	0.00428	0.05754	0.00857	0.00755
3	0.01071	0.00845	0.00965	0.00935	0.01177	0.00739	0.00701	0.01365	0.02104	0.02745	0.34548	0.07171	0.38841	0.01917	0.00981	0.00272	0.00408	0.01638	0.00837	0.00739
4	0.01666	0.04297	0.66500	0.02368	0.03596	0.01929	0.03069	0.02631	0.01754	0.02631	0.01491	0.01754	0.01052	0.00789	0.00789	0.00263	0.01228	0.00614	0.00351	0.01228
5	0.01012	0.00723	0.00964	0.01157	0.01205	0.00675	0.00771	0.01157	0.01591	0.02121	0.04579	0.70262	0.05495	0.02603	0.01060	0.00337	0.00482	0.02362	0.00771	0.00675
6	0.00992	0.00800	0.00884	0.00951	0.01151	0.00692	0.00680	0.01180	0.01788	0.02201	0.07084	0.29608	0.44532	0.02277	0.01009	0.00300	0.00442	0.01964	0.00771	0.00692
7	0.01666	0.04297	0.66500	0.02368	0.03596	0.01929	0.03069	0.02631	0.01754	0.02631	0.01491	0.01754	0.01052	0.00789	0.00789	0.00263	0.01228	0.00614	0.00351	0.01228
8	0.02142	0.02219	0.03027	0.16880	0.43226	0.13210	0.02340	0.02599	0.01927	0.02483	0.01498	0.01991	0.01233	0.00778	0.00811	0.00247	0.01098	0.00705	0.00406	0.01179
9	0.01738	0.01649	0.02797	0.46695	0.26513	0.01890	0.02391	0.02271	0.01741	0.02328	0.01506	0.02160	0.01180	0.00799	0.00828	0.00266	0.01066	0.00739	0.00384	0.01059
10	0.01983	0.01949	0.03246	0.04177	0.43750	0.02142	0.06461	0.02404	0.01724	0.02511	0.01439	0.02002	0.01249	0.00936	0.01364	0.00282	0.20041	0.00753	0.00399	0.01189
11	0.01208	0.00805	0.00906	0.00906	0.00906	0.00805	0.00503	0.01208	0.01208	0.01611	0.02618	0.05436	0.03020	0.70804	0.04228	0.00805	0.00805	0.01208	0.00503	0.00503
12	0.02017	0.02208	0.09730	0.04824	0.59375	0.01969	0.02602	0.02558	0.01878	0.02706	0.01555	0.02026	0.01289	0.00745	0.00819	0.00248	0.01011	0.00727	0.00405	0.01307
13	0.02272	0.01381	0.02207	0.01746	0.02234	0.01307	0.12931	0.05271	0.02142	0.24313	0.14547	0.03667	0.06365	0.02100	0.13119	0.00461	0.01054	0.01043	0.00760	0.01078
14	0.01001	0.00819	0.00884	0.00916	0.01146	0.00702	0.00669	0.01211	0.01866	0.02295	0.11566	0.19884	0.49814	0.02172	0.00997	0.00290	0.00431	0.01853	0.00781	0.00702
15	0.01671	0.12466	0.34488	0.02067	0.02869	0.01972	0.06535	0.02320	0.01679	0.02405	0.04533	0.02199	0.01563	0.01787	0.12215	0.00442	0.06606	0.00714	0.00400	0.01070
16	0.01920	0.01835	0.03127	0.22846	0.48936	0.01938	0.02482	0.02431	0.01827	0.02549	0.01539	0.02100	0.01258	0.00765	0.00825	0.00255	0.01020	0.00740	0.00399	0.01206
17	0.06534	0.03273	0.02343	0.06797	0.02731	0.44771	0.01625	0.14231	0.02503	0.02718	0.01416	0.01648	0.01129	0.00902	0.00842	0.00233	0.04171	0.00593	0.00500	0.01039
18	0.01148	0.00848	0.01072	0.01016	0.01224	0.00772	0.00762	0.01514	0.02286	0.03177	0.57112	0.06460	0.16006	0.01756	0.00980	0.00264	0.00396	0.01538	0.00894	0.00772
19	0.02045	0.02466	0.13534	0.04427	0.49402	0.05475	0.05406	0.02609	0.01897	0.02662	0.01542	0.01986	0.01258	0.00752	0.00821	0.00249	0.01072	0.00720	0.00403	0.01274
20	0.10622	0.01419	0.04411	0.22791	0.07340	0.01419	0.01555	0.02276	0.01772	0.13654	0.02823	0.18603	0.05307	0.01330	0.00854	0.00283	0.00799	0.01149	0.00618	0.00976
21	0.01915	0.02024	0.07665	0.19657	0.47333	0.01941	0.02530	0.02456	0.01828	0.02571	0.01538	0.02071	0.01249	0.00765	0.00822	0.00255	0.01032	0.00731	0.00397	0.01219
22	0.02005	0.01922	0.03280	0.11774	0.59346	0.01960	0.02524	0.02505	0.01867	0.02652	0.01554	0.02073	0.01294	0.00750	0.00823	0.00250	0.01000	0.00740	0.00407	0.01275
23	0.01012	0.00723	0.00964	0.01157	0.01205	0.00675	0.00771	0.01157	0.01591	0.02121	0.04579	0.70262	0.05495	0.02603	0.01060	0.00337	0.00482	0.02362	0.00771	0.00675
24	0.01958	0.16053	0.21386	0.03261	0.21914	0.02244	0.16487	0.02586	0.01830	0.02532	0.01492	0.01876	0.01182	0.00739	0.00794	0.00246	0.01131	0.00704	0.00386	0.01198
25	0.02409	0.07533	0.02787	0.03271	0.30605	0.26581	0.01908	0.02770	0.02035	0.02444	0.01549	0.01904	0.01291	0.00806	0.00749	0.00224	0.01109	0.00646	0.08272	0.01109
26	0.01187	0.00831	0.01021	0.01021	0.01082	0.00863	0.00661	0.01284	0.01290	0.01743	0.02906	0.05007	0.07025	0.48121	0.21622	0.00917	0.01174	0.01157	0.00506	0.00583
27	0.01208	0.00805	0.00906	0.00906	0.00906	0.00805	0.00503	0.01208	0.01208	0.01611	0.02618	0.05436	0.03020	0.70804	0.04228	0.00805	0.00805	0.01208	0.00503	0.00503
28	0.01208	0.00805	0.00906	0.00906	0.00906	0.00805	0.00503	0.01208	0.01208	0.01611	0.02618	0.05436	0.03020	0.70804	0.04228	0.00805	0.00805	0.01208	0.00503	0.00503
29	0.02473	0.01159	0.01355	0.01138	0.01537	0.01118	0.00908	0.09051	0.02189	0.25223	0.02832	0.02888	0.02029	0.00992	0.00695	0.00221	0.00553	0.00793	0.41782	0.01063
30	0.01122	0.00803	0.00897	0.00924	0.01004	0.00760	0.00574	0.01197	0.01441	0.01847	0.04407	0.15142	0.19643	0.43337	0.02938	0.00603	0.00660	0.01511	0.00611	0.00579
31	0.01350	0.01028	0.01441	0.01413	0.01598	0.01057	0.04261	0.08356	0.01813	0.02458	0.03556	0.42533	0.03970	0.03198	0.17172	0.00567	0.01004	0.01746	0.00680	0.00799
32	0.01569	0.01477	0.02492	0.68808	0.05722	0.01846	0.02307	0.02123	0.01661	0.02123	0.01477	0.02215	0.01107	0.00831	0.00831	0.00277	0.01107	0.00738	0.00369	0.00923
33	0.01161	0.00842	0.01173	0.01206	0.01303	0.00922	0.00870	0.01364	0.01350	0.01889	0.02723	0.15371	0.02885	0.20360	0.41533	0.01041	0.01599	0.01218	0.00515	0.00676
34	0.03103	0.03959	0.02354	0.02140	0.02568	0.67469	0.01605	0.03317	0.02354	0.02033	0.01284	0.01498	0.01070	0.00856	0.00749	0.00214	0.01498	0.00535	0.00428	0.00963
35	0.03059	0.03620	0.02350	0.02085	0.02549	0.55030	0.01587	0.11783	0.05663	0.02558	0.01489	0.01648	0.01192	0.00890	0.00765	0.00222	0.01374	0.00585	0.00506	0.01044
36	0.01012	0.00723	0.00964	0.01157	0.01205	0.00675	0.00771	0.01157	0.01591	0.02121	0.04579	0.70262	0.05495	0.02603	0.01060	0.00337	0.00482	0.02362	0.00771	0.00675
37	0.01187	0.00890	0.01335	0.01335	0.01483	0.01038	0.01038	0.01483	0.01335	0.01928	0.02225	0.03264	0.02077	0.06231	0.67512	0.01335	0.02225	0.00890	0.00445	0.00742
38	0.02056	0.01974	0.03372	0.05099	0.65622	0.01974	0.02550	0.02550	0.01892	0.02714	0.01563	0.02056	0.01316	0.00740	0.00822	0.00247	0.00987	0.00740	0.00411	0.01316
39	0.76672	0.01607	0.01221	0.01092	0.01607	0.01864	0.00900	0.02442	0.01414	0.03727	0.01157	0.01350	0.00900	0.00771	0.00514	0.00257	0.00643	0.00450	0.00514	0.00900
40	0.02056	0.01974	0.03372	0.05099	0.65622	0.01974	0.02550	0.02550	0.01892	0.02714	0.01563	0.02056	0.01316	0.00740	0.00822	0.00247	0.00987	0.00740	0.00411	0.01316
41	0.03045	0.03862	0.02363	0.02142	0.02551	0.64527	0.01615	0.03258	0.02305	0.02032	0.01275	0.01513	0.01071	0.00883	0.00839	0.00221	0.04570	0.00544	0.00425	0.00961
42	0.01946	0.02387	0.15487	0.09110	0.49390	0.01956	0.02633	0.02535	0.01849	0.02656	0.01543	0.02009	0.01250	0.00756	0.00817	0.00252	0.01042	0.00716	0.00397	0.01271
43	0.02029	0.01248	0.01617	0.01461	0.01755	0.04719	0.01160	0.02323	0.01677	0.19841	0.02410	0.02974	0.01967	0.04249	0.42045	0.00925	0.05203	0.00848	0.00602	0.00949
44	0.01093	0.00815	0.01017	0.01032	0.01207	0.00738	0.00749	0.01383	0.02058	0.02791	0.37675	0.23320	0.19030	0.02018	0.01001	0.00285	0.00421	0.01779	0.00848	0.00738
45	0.22374	0.01338	0.01357	0.01345	0.01577	0.04369	0.01009	0.02029	0.07840	0.02688	0.02989	0.33993	0.03253	0.01744	0.01047	0.00307	0.07820	0.01431	0.00649	0.00840
46	0.02085	0.02246	0.07814	0.04745	0.57806	0.05501	0.02536	0.02597	0.01907	0.02671	0.01543	0.02004	0.01284	0.00750	0.00816	0.00246	0.01032	0.00720	0.00408	0.01291
47	0.00991	0.00806	0.00879	0.00937	0.01147	0.00693	0.00674	0.01181	0.01802	0.02207	0.07252	0.26879	0.47152	0.02255	0.01006	0.00298	0.00439	0.01938	0.00771	0.00693
48	0.01443	0.00722	0.01082	0.01082	0.01082	0.00722	0.00722	0.01082	0.01082	0.01443	0.01443	0.02525	0.01443	0.02886	0.03247	0.75830	0.00722	0.00722	0.00361	0.00361
49	0.01886	0.01801	0.03065	0.27281	0.44766	0.01929	0.02465	0.02401	0.01811	0.02508	0.01533	0.02111	0.01243	0.00772	0.00825	0.00257	0.01029	0.00740	0.00397	0.01179
50	0.13372	0.21166	0.02572	0.13785	0.02672	0.06703	0.01435	0.12658	0.02086	0.02860	0.02272	0.05220	0.08023	0.01027	0.00720	0.00240	0.00872	0.00775	0.00530	0.01013
51	0.01001	0.00820	0.00882	0.00913	0.01145	0.00702	0.00667	0.01211	0.01869	0.02296	0.11603	0.19285	0.50389	0.02168	0.00996	0.00290	0.00430	0.01848	0.00781	0.00702
52	0.02060	0.01547	0.01687	0.01473	0.01904	0.01646	0.01161	0.20674	0.18491	0.06459	0.04364	0.11893	0.17908	0.01534	0.00910	0.00281	0.00663	0.03420	0.00820	0.01105

[dist]
# distance from previous block
# <min> <max>
0	1

[block]
# block no. 1 follows, 22 sequences, length 30
# corresponding to MSA columns:
# 54-83
name=unknown_B
#
# <colnr> <probs for GDERKNQSTAVLIFYWHMCP>
#	G	D	E	R	K	N	Q	S	T	A	V	L	I	F	Y	W	H	M	C	P
0	0.07808	0.03084	0.05063	0.09396	0.02831	0.39667	0.01643	0.05593	0.05442	0.09416	0.01661	0.01827	0.01259	0.00883	0.00762	0.00236	0.01232	0.00618	0.00527	0.01051
1	0.16255	0.03131	0.36991	0.06140	0.16658	0.01922	0.02498	0.02551	0.01713	0.02835	0.01441	0.01764	0.01082	0.00777	0.00745	0.00259	0.01057	0.00616	0.00396	0.01167
2	0.25696	0.02529	0.01985	0.01968	0.08470	0.26290	0.01385	0.02976	0.09191	0.02865	0.01537	0.01717	0.01229	0.00826	0.00681	0.00230	0.00995	0.00572	0.00508	0.08350
3	0.10368	0.03352	0.31938	0.02875	0.18843	0.13547	0.02437	0.02711	0.01857	0.02668	0.01435	0.01740	0.01105	0.00787	0.00760	0.00250	0.01150	0.00614	0.00398	0.01167
4	0.01233	0.00985	0.01595	0.01498	0.01694	0.01088	0.06205	0.01546	0.01416	0.02012	0.02441	0.10635	0.02388	0.05360	0.54500	0.01135	0.01962	0.01062	0.00479	0.00766
5	0.10235	0.00940	0.01097	0.01098	0.01249	0.00949	0.00749	0.01638	0.01477	0.08364	0.03090	0.24745	0.03370	0.29041	0.07814	0.00586	0.00796	0.01416	0.00635	0.00712
6	0.02611	0.29200	0.03046	0.01773	0.02311	0.30164	0.01484	0.09473	0.02187	0.02351	0.01393	0.01639	0.01192	0.01270	0.06311	0.00299	0.01262	0.00554	0.00447	0.01034
7	0.02078	0.01662	0.02390	0.08551	0.26981	0.01733	0.01783	0.03038	0.19056	0.10305	0.06061	0.03158	0.07442	0.01051	0.00852	0.00264	0.00796	0.00930	0.00655	0.01215
8	0.01165	0.00862	0.01159	0.01156	0.01288	0.00928	0.00847	0.01384	0.01421	0.01955	0.05897	0.04522	0.10675	0.20961	0.40875	0.01025	0.01572	0.01104	0.00522	0.00681
9	0.02715	0.03222	0.02732	0.03239	0.25974	0.43158	0.01956	0.03032	0.02182	0.02286	0.01387	0.01705	0.01161	0.00813	0.00776	0.00226	0.01308	0.00611	0.00422	0.01094
10	0.02200	0.30547	0.21605	0.01841	0.02636	0.09354	0.01913	0.07251	0.10398	0.02602	0.01628	0.01759	0.01287	0.00826	0.00693	0.00225	0.01020	0.00592	0.00462	0.01161
11	0.01221	0.00842	0.01051	0.01105	0.01166	0.00855	0.00760	0.01346	0.01399	0.01868	0.03088	0.10377	0.03459	0.44323	0.10398	0.00742	0.00933	0.13898	0.00571	0.00598
12	0.02897	0.09713	0.02459	0.01715	0.02332	0.02282	0.01429	0.35907	0.11402	0.14183	0.05483	0.02413	0.01951	0.01023	0.00808	0.00248	0.00818	0.00792	0.00815	0.01329
13	0.01186	0.00809	0.00900	0.00900	0.00927	0.00795	0.00516	0.01207	0.01275	0.01673	0.03185	0.05687	0.09112	0.64083	0.03911	0.00754	0.00768	0.01261	0.00530	0.00523
14	0.01176	0.00849	0.01110	0.01045	0.01241	0.00784	0.00784	0.01568	0.02352	0.03331	0.65184	0.06206	0.07839	0.01698	0.00980	0.00261	0.00392	0.01502	0.00914	0.00784
15	0.03103	0.03959	0.02354	0.02140	0.02568	0.67469	0.01605	0.03317	0.02354	0.02033	0.01284	0.01498	0.01070	0.00856	0.00749	0.00214	0.01498	0.00535	0.00428	0.00963
16	0.01208	0.00805	0.00906	0.00906	0.00906	0.00805	0.00503	0.01208	0.01208	0.01611	0.02618	0.05436	0.03020	0.70804	0.04228	0.00805	0.00805	0.01208	0.00503	0.00503
17	0.02012	0.01968	0.03476	0.09344	0.54859	0.01979	0.09011	0.02532	0.01883	0.02667	0.01569	0.02087	0.01295	0.00742	0.00840	0.00252	0.01040	0.00766	0.00409	0.01268
18	0.01187	0.00890	0.01335	0.01335	0.01483	0.01038	0.01038	0.01483	0.01335	0.01928	0.02225	0.03264	0.02077	0.06231	0.67512	0.01335	0.02225	0.00890	0.00445	0.00742
19	0.01114	0.00847	0.01025	0.00980	0.01203	0.00757	0.00735	0.01448	0.02205	0.02984	0.47039	0.06777	0.26201	0.01828	0.00980	0.00267	0.00401	0.01583	0.00869	0.00757
20	0.01549	0.00774	0.00774	0.00774	0.00968	0.00774	0.00581	0.01936	0.01742	0.03097	0.02710	0.03097	0.02129	0.00968	0.00581	0.00194	0.00387	0.00774	0.75416	0.00774
21	0.02001	0.27289	0.38727	0.02020	0.02990	0.08953	0.02357	0.02650	0.01791	0.02339	0.01355	0.01584	0.01059	0.00769	0.00697	0.00229	0.01138	0.00548	0.00360	0.01146
22	0.01367	0.01077	0.01057	0.01039	0.01085	0.06448	0.00632	0.01405	0.01313	0.01668	0.02479	0.04959	0.02793	0.60581	0.08168	0.00791	0.00959	0.01130	0.00493	0.00558
23	0.01117	0.00805	0.00974	0.00999	0.01115	0.00752	0.00674	0.01306	0.01760	0.02365	0.23485	0.21511	0.14557	0.22573	0.01968	0.00445	0.00541	0.01657	0.00736	0.00662
24	0.01647	0.01434	0.01981	0.02526	0.21601	0.01481	0.01513	0.02515	0.18195	0.02719	0.03827	0.16043	0.11506	0.01531	0.00929	0.00292	0.00709	0.07818	0.00678	0.01057
25	0.02329	0.02462	0.02125	0.18225	0.03052	0.29055	0.01607	0.09273	0.02160	0.02486	0.01665	0.02116	0.01350	0.01642	0.10288	0.00392	0.01347	0.00679	0.06790	0.00956
26	0.01316	0.01656	0.15148	0.01355	0.01793	0.01099	0.01280	0.05684	0.02005	0.02690	0.15616	0.21196	0.22366	0.01798	0.00949	0.00285	0.00637	0.01546	0.00710	0.00870
27	0.21071	0.01251	0.01360	0.04735	0.01767	0.01327	0.01004	0.09930	0.01898	0.03037	0.05471	0.33615	0.03404	0.01683	0.00850	0.00288	0.00617	0.01435	0.00684	0.04574
28	0.22300	0.02589	0.12212	0.02113	0.07791	0.13173	0.04704	0.13300	0.02143	0.03282	0.01505	0.01758	0.01161	0.00866	0.00817	0.00252	0.04452	0.00622	0.03866	0.01093
29	0.11757	0.06463	0.09936	0.06999	0.16830	0.14497	0.01857	0.02957	0.12460	0.02751	0.01726	0.01955	0.01360	0.00837	0.00744	0.00242	0.00998	0.00655	0.00492	0.04486

[dist]
# distance from previous block
# <min> <max>
7	35

[block]
# block no. 2 follows, 22 sequences, length 29
# corresponding to MSA columns:
# 119-147
name=unknown_C
#
# <colnr> <probs for GDERKNQSTAVLIFYWHMCP>
#	G	D	E	R	K	N	Q	S	T	A	V	L	I	F	Y	W	H	M	C	P
0	0.02155	0.06245	0.24129	0.02309	0.09818	0.19158	0.02044	0.06517	0.02032	0.02542	0.01833	0.02228	0.04009	0.05516	0.01000	0.00271	0.01134	0.00689	0.00447	0.05924
1	0.02136	0.02079	0.11244	0.21306	0.08188	0.01909	0.01943	0.10765	0.15718	0.08710	0.02130	0.02329	0.01560	0.00909	0.00815	0.00259	0.00926	0.00760	0.00600	0.05713
2	0.02482	0.26419	0.03171	0.02429	0.15839	0.23291	0.01679	0.06375	0.02081	0.02411	0.01430	0.01690	0.01208	0.00797	0.00685	0.00209	0.01075	0.00575	0.05062	0.01090
3	0.11912	0.02138	0.01733	0.01476	0.01985	0.20204	0.01149	0.05693	0.05602	0.06958	0.02951	0.02965	0.13426	0.01063	0.00749	0.00221	0.00858	0.00799	0.00603	0.17517
4	0.02071	0.02057	0.02718	0.11124	0.10807	0.14101	0.15050	0.02631	0.05815	0.06520	0.11118	0.03146	0.07063	0.01042	0.00881	0.00259	0.01028	0.00954	0.00572	0.01041
5	0.04890	0.09709	0.02466	0.16673	0.08055	0.02043	0.01662	0.07240	0.13657	0.10475	0.02074	0.02338	0.01591	0.01360	0.05962	0.00346	0.06995	0.00755	0.00585	0.01125
6	0.01044	0.00844	0.00927	0.00906	0.01160	0.00728	0.00680	0.01312	0.02039	0.02590	0.26478	0.07426	0.47007	0.01975	0.00981	0.00274	0.00412	0.01673	0.00817	0.00728
7	0.02191	0.01118	0.01474	0.01225	0.01638	0.00978	0.00967	0.02554	0.02306	0.27092	0.36122	0.04531	0.05066	0.01349	0.00893	0.00248	0.00531	0.01161	0.00920	0.07635
8	0.02172	0.34062	0.11343	0.02479	0.15976	0.09632	0.01924	0.02558	0.01769	0.02213	0.01291	0.01606	0.01121	0.00817	0.00870	0.00225	0.07888	0.00567	0.00375	0.01113
9	0.01117	0.00833	0.01047	0.01086	0.01268	0.00763	0.00818	0.01412	0.02023	0.02708	0.31029	0.21163	0.19981	0.02067	0.01020	0.00298	0.00467	0.09331	0.00831	0.00739
10	0.01208	0.00805	0.00906	0.00906	0.00906	0.00805	0.00503	0.01208	0.01208	0.01611	0.02618	0.05436	0.03020	0.70804	0.04228	0.00805	0.00805	0.01208	0.00503	0.00503
11	0.01012	0.00723	0.00964	0.01157	0.01205	0.00675	0.00771	0.01157	0.01591	0.02121	0.04579	0.70262	0.05495	0.02603	0.01060	0.00337	0.00482	0.02362	0.00771	0.00675
12	0.01645	0.01294	0.01820	0.02121	0.15300	0.01320	0.01374	0.05950	0.02082	0.05662	0.18046	0.05169	0.14020	0.01849	0.05389	0.00354	0.05196	0.09758	0.00694	0.00957
13	0.01961	0.02241	0.04902	0.03501	0.04342	0.02101	0.62605	0.02661	0.01961	0.02661	0.01681	0.02241	0.01261	0.00700	0.00980	0.00280	0.01401	0.00980	0.00420	0.01120
14	0.01049	0.00739	0.00953	0.01109	0.01148	0.00700	0.00720	0.01166	0.01518	0.02024	0.04207	0.57971	0.05025	0.15534	0.01661	0.00426	0.00543	0.02143	0.00720	0.00642
15	0.01148	0.00819	0.00959	0.00961	0.01056	0.00789	0.00624	0.01279	0.01554	0.02064	0.14210	0.10197	0.14938	0.38573	0.06815	0.00623	0.00735	0.01411	0.00634	0.00611
16	0.01703	0.13042	0.06016	0.37988	0.04115	0.02166	0.02034	0.02147	0.01579	0.02087	0.01398	0.02037	0.01153	0.01250	0.05156	0.00340	0.13780	0.00691	0.00369	0.00948
17	0.01102	0.00846	0.01009	0.00968	0.01196	0.00753	0.00726	0.01425	0.02178	0.02919	0.43658	0.06884	0.29621	0.01852	0.00981	0.00269	0.00403	0.01598	0.00860	0.00753
18	0.01049	0.00844	0.00934	0.00912	0.01163	0.00730	0.00684	0.01321	0.02051	0.02618	0.27956	0.07379	0.45511	0.01964	0.00981	0.00274	0.00411	0.01667	0.00821	0.00730
19	0.04998	0.02034	0.14531	0.18935	0.20532	0.01722	0.02139	0.02163	0.01694	0.02445	0.02043	0.14709	0.01962	0.01164	0.00966	0.00282	0.05177	0.01004	0.00458	0.01040
20	0.05276	0.07351	0.01962	0.01585	0.01793	0.01553	0.04873	0.01720	0.01452	0.02123	0.02344	0.17445	0.02442	0.03408	0.26992	0.00706	0.14534	0.01127	0.00495	0.00819
21	0.02140	0.05262	0.02746	0.02180	0.02484	0.18223	0.11909	0.02448	0.01734	0.02260	0.01451	0.01956	0.01248	0.01084	0.01572	0.00283	0.29245	0.00717	0.10111	0.00947
22	0.16395	0.01744	0.04722	0.01530	0.02180	0.01619	0.01312	0.14710	0.02467	0.41002	0.02585	0.02364	0.01688	0.00967	0.00776	0.00256	0.00757	0.00741	0.00871	0.01315
23	0.02430	0.05331	0.06254	0.14014	0.09306	0.24220	0.01925	0.11342	0.02188	0.02603	0.01425	0.01806	0.01152	0.00942	0.01077	0.00257	0.11551	0.00652	0.00457	0.01066
24	0.02002	0.14899	0.04714	0.02209	0.15540	0.06016	0.01528	0.02346	0.01939	0.09513	0.09251	0.03727	0.13561	0.01227	0.00945	0.00254	0.05245	0.03449	0.00594	0.01041
25	0.01467	0.01360	0.05952	0.02089	0.15610	0.01192	0.01314	0.05137	0.01826	0.02523	0.11040	0.26171	0.03879	0.14794	0.01567	0.00386	0.00717	0.01466	0.00635	0.00877
26	0.07128	0.02061	0.02277	0.08443	0.19994	0.15715	0.01684	0.06453	0.02062	0.09068	0.02243	0.14911	0.02092	0.01174	0.00834	0.00261	0.00956	0.00995	0.00576	0.01074
27	0.12398	0.11091	0.08909	0.08188	0.10111	0.01876	0.01579	0.02616	0.13605	0.02890	0.12780	0.02778	0.02542	0.01084	0.00872	0.03461	0.00785	0.00815	0.00575	0.01045
28	0.06107	0.01583	0.01663	0.04563	0.08487	0.10909	0.01208	0.04733	0.01865	0.06584	0.03581	0.03840	0.18993	0.02166	0.09803	0.10485	0.00995	0.00995	0.00574	0.00864

[dist]
# distance from previous block
# <min> <max>
23	83

[block]
# block no. 3 follows, 22 sequences, length 37
# corresponding to MSA columns:
# 247-283
name=unknown_D
#
# <colnr> <probs for GDERKNQSTAVLIFYWHMCP>
#	G	D	E	R	K	N	Q	S	T	A	V	L	I	F	Y	W	H	M	C	P
0	0.02530	0.33330	0.03312	0.07537	0.06128	0.27113	0.01634	0.05466	0.02046	0.02186	0.01290	0.01538	0.01100	0.00790	0.00668	0.00207	0.01142	0.00533	0.00408	0.01045
1	0.01018	0.00780	0.00919	0.01013	0.01157	0.00697	0.00701	0.01192	0.01724	0.02196	0.08700	0.39084	0.29210	0.06138	0.01201	0.00337	0.00472	0.02018	0.00763	0.00681
2	0.01150	0.00967	0.01026	0.00966	0.01284	0.00855	0.00733	0.01574	0.07130	0.02520	0.14807	0.06908	0.48084	0.01864	0.00944	0.00267	0.00451	0.01563	0.00776	0.06131
3	0.01138	0.00834	0.00981	0.00960	0.01105	0.00784	0.00659	0.01339	0.01772	0.02364	0.24922	0.06227	0.20514	0.26622	0.05817	0.00519	0.00648	0.01428	0.00706	0.00661
4	0.01128	0.00912	0.00968	0.00971	0.01209	0.00838	0.00717	0.01469	0.06220	0.02243	0.06720	0.07319	0.44998	0.13908	0.01546	0.00380	0.00533	0.06474	0.00730	0.00716
5	0.03103	0.03959	0.02354	0.02140	0.02568	0.67469	0.01605	0.03317	0.02354	0.02033	0.01284	0.01498	0.01070	0.00856	0.00749	0.00214	0.01498	0.00535	0.00428	0.00963
6	0.01811	0.03458	0.40726	0.02605	0.03544	0.04516	0.17080	0.02579	0.01761	0.02530	0.01474	0.01869	0.01108	0.00860	0.01095	0.00279	0.10469	0.00714	0.00372	0.01149
7	0.02611	0.03072	0.02840	0.03169	0.22836	0.38112	0.05413	0.02940	0.02106	0.02285	0.01382	0.01742	0.01161	0.00853	0.00927	0.00239	0.06175	0.00640	0.00418	0.01081
8	0.06280	0.01986	0.02463	0.34496	0.14252	0.12417	0.02016	0.06701	0.01935	0.02506	0.01529	0.02079	0.01211	0.01191	0.05276	0.00330	0.01185	0.00700	0.00432	0.01015
9	0.01666	0.04297	0.66500	0.02368	0.03596	0.01929	0.03069	0.02631	0.01754	0.02631	0.01491	0.01754	0.01052	0.00789	0.00789	0.00263	0.01228	0.00614	0.00351	0.01228
10	0.01208	0.00805	0.00906	0.00906	0.00906	0.00805	0.00503	0.01208	0.01208	0.01611	0.02618	0.05436	0.03020	0.70804	0.04228	0.00805	0.00805	0.01208	0.00503	0.00503
11	0.01780	0.17995	0.53796	0.02174	0.03296	0.02207	0.02733	0.02602	0.01740	0.02493	0.01422	0.01668	0.01055	0.00773	0.00737	0.00246	0.01158	0.00579	0.00352	0.01195
12	0.01003	0.00838	0.00847	0.00847	0.01102	0.00711	0.00619	0.01194	0.01831	0.02186	0.07883	0.07760	0.59565	0.08416	0.01280	0.00329	0.00456	0.01703	0.00747	0.00683
13	0.01012	0.00723	0.00964	0.01157	0.01205	0.00675	0.00771	0.01157	0.01591	0.02121	0.04579	0.70262	0.05495	0.02603	0.01060	0.00337	0.00482	0.02362	0.00771	0.00675
14	0.01194	0.00800	0.00910	0.00924	0.00927	0.00796	0.00522	0.01204	0.01235	0.01647	0.02758	0.10065	0.03197	0.65934	0.04002	0.00772	0.00782	0.01290	0.00522	0.00516
15	0.03116	0.03581	0.02386	0.02087	0.02570	0.52431	0.01599	0.17114	0.02714	0.02775	0.01449	0.01613	0.01150	0.00889	0.00768	0.00222	0.01363	0.00584	0.00521	0.01067
16	0.01095	0.00914	0.01144	0.06045	0.05168	0.00847	0.00906	0.01325	0.01780	0.02223	0.06299	0.27184	0.37888	0.02095	0.00987	0.00297	0.00522	0.01818	0.00722	0.00744
17	0.01264	0.01045	0.01138	0.01105	0.01403	0.01015	0.00854	0.01955	0.14688	0.02688	0.16046	0.06826	0.38286	0.01856	0.00967	0.00286	0.00493	0.06430	0.00809	0.00845
18	0.01818	0.01818	0.02545	0.02181	0.02181	0.02545	0.01818	0.01999	0.01272	0.01999	0.01091	0.01818	0.01091	0.01454	0.02726	0.00364	0.69284	0.00727	0.00364	0.00909
19	0.01793	0.01540	0.01755	0.01325	0.02008	0.01303	0.01052	0.02567	0.14478	0.02864	0.01866	0.02004	0.01497	0.00720	0.00662	0.00155	0.00624	0.00584	0.00564	0.60640
20	0.01027	0.00737	0.00995	0.01172	0.01228	0.00705	0.00793	0.01184	0.01569	0.02105	0.04382	0.64674	0.05209	0.02905	0.06603	0.00421	0.00627	0.02239	0.00744	0.00680
21	0.01035	0.00844	0.00916	0.00898	0.01155	0.00724	0.00673	0.01296	0.02020	0.02544	0.24062	0.07502	0.49451	0.01992	0.00981	0.00275	0.00413	0.01684	0.00811	0.00724
22	0.01361	0.01146	0.01668	0.01568	0.01676	0.01454	0.01253	0.01626	0.01318	0.01948	0.01912	0.02865	0.01805	0.04914	0.49656	0.01067	0.20708	0.00845	0.00423	0.00788
23	0.03112	0.03706	0.02376	0.02105	0.02569	0.57418	0.01601	0.12539	0.02595	0.02529	0.01394	0.01575	0.01123	0.00878	0.00762	0.00219	0.01408	0.00568	0.00490	0.01033
24	0.01991	0.01636	0.01718	0.01502	0.01959	0.01794	0.01180	0.15472	0.34661	0.03496	0.04485	0.04223	0.19601	0.01370	0.00880	0.00275	0.00645	0.01124	0.00822	0.01166
25	0.01187	0.00890	0.01335	0.01335	0.01483	0.01038	0.01038	0.01483	0.01335	0.01928	0.02225	0.03264	0.02077	0.06231	0.67512	0.01335	0.02225	0.00890	0.00445	0.00742
26	0.01552	0.00979	0.01167	0.01060	0.01376	0.00878	0.00816	0.01943	0.04878	0.13167	0.28946	0.06255	0.30345	0.01731	0.00951	0.00269	0.00467	0.01472	0.00871	0.00876
27	0.02212	0.01707	0.02153	0.01777	0.02282	0.01848	0.09101	0.10670	0.33799	0.07993	0.02875	0.02838	0.02134	0.01022	0.00815	0.00261	0.00740	0.00886	0.13673	0.01215
28	0.03103	0.03959	0.02354	0.02140	0.02568	0.67469	0.01605	0.03317	0.02354	0.02033	0.01284	0.01498	0.01070	0.00856	0.00749	0.00214	0.01498	0.00535	0.00428	0.00963
29	0.01084	0.00797	0.01031	0.01181	0.01303	0.00744	0.00870	0.01301	0.01742	0.02275	0.07994	0.44534	0.14864	0.02416	0.01063	0.00334	0.00528	0.14458	0.00777	0.00703
30	0.01087	0.00837	0.00993	0.00972	0.01191	0.00743	0.00722	0.01389	0.02115	0.02811	0.38214	0.11498	0.30579	0.01925	0.00986	0.00274	0.00410	0.01664	0.00847	0.00743
31	0.02427	0.01280	0.01743	0.01739	0.09764	0.01167	0.01196	0.02848	0.04785	0.31116	0.16655	0.04372	0.14662	0.01329	0.00890	0.00262	0.00624	0.01131	0.00873	0.01139
32	0.02187	0.65509	0.04202	0.01485	0.02136	0.03225	0.01454	0.02447	0.01653	0.01958	0.01150	0.01373	0.01068	0.00773	0.00716	0.00193	0.06593	0.00468	0.00356	0.01053
33	0.01418	0.01167	0.01721	0.02189	0.18273	0.01123	0.01347	0.01813	0.02083	0.02859	0.28763	0.05996	0.12447	0.01621	0.00974	0.00285	0.00631	0.13647	0.00733	0.00910
34	0.01144	0.00828	0.01097	0.01197	0.01340	0.00781	0.00909	0.01430	0.01930	0.02604	0.24066	0.31243	0.09372	0.02210	0.01052	0.00321	0.00520	0.16406	0.00815	0.00733
35	0.02149	0.07934	0.08312	0.02688	0.20541	0.10760	0.01844	0.05971	0.02092	0.07211	0.06664	0.03484	0.02358	0.01312	0.03214	0.00301	0.01011	0.10486	0.00567	0.01102
36	0.01937	0.01780	0.01984	0.02292	0.16665	0.09970	0.01428	0.12640	0.04876	0.02873	0.03735	0.18050	0.15337	0.01500	0.00900	0.00271	0.00801	0.01283	0.00657	0.01022

[dist]
# distance from previous block
# <min> <max>
0	2

[block]
# block no. 4 follows, 22 sequences, length 39
# corresponding to MSA columns:
# 286-324
name=unknown_E
#
# <colnr> <probs for GDERKNQSTAVLIFYWHMCP>
#	G	D	E	R	K	N	Q	S	T	A	V	L	I	F	Y	W	H	M	C	P
0	0.02164	0.01655	0.01833	0.01398	0.02022	0.01562	0.01127	0.21350	0.04980	0.03594	0.01899	0.02067	0.01474	0.00809	0.00688	0.00180	0.00678	0.00633	0.11601	0.38288
1	0.01787	0.01733	0.01707	0.09096	0.02267	0.13780	0.01236	0.05330	0.04557	0.02421	0.02906	0.12550	0.09342	0.02069	0.11361	0.00411	0.01069	0.01035	0.00564	0.14779
2	0.01003	0.00831	0.00878	0.00890	0.01141	0.00707	0.00659	0.01224	0.01908	0.02334	0.13361	0.13701	0.54274	0.02113	0.00989	0.00284	0.00424	0.01787	0.00785	0.00707
3	0.02634	0.39745	0.03416	0.01758	0.02337	0.33364	0.01508	0.02876	0.02000	0.01991	0.01215	0.01410	0.01068	0.00779	0.00634	0.00195	0.01174	0.00487	0.00389	0.01018
4	0.01345	0.00983	0.01130	0.01138	0.01433	0.00910	0.00918	0.01773	0.06678	0.06649	0.06583	0.07658	0.39618	0.02011	0.01007	0.00307	0.00553	0.17700	0.00792	0.00813
5	0.02778	0.22301	0.02925	0.01933	0.02423	0.42035	0.01567	0.06172	0.02182	0.02180	0.01274	0.01500	0.01089	0.00863	0.00824	0.00216	0.05768	0.00534	0.00425	0.01012
6	0.01816	0.03201	0.37142	0.07078	0.26240	0.01949	0.05676	0.02575	0.01809	0.02634	0.01525	0.01912	0.01161	0.00770	0.00813	0.00259	0.01142	0.00684	0.00377	0.01238
7	0.01854	0.01069	0.01100	0.00990	0.01273	0.01116	0.00770	0.13491	0.02153	0.03503	0.02574	0.02888	0.01993	0.00973	0.00628	0.00204	0.00487	0.00769	0.61267	0.00895
8	0.01201	0.00834	0.01053	0.01053	0.01103	0.00885	0.00686	0.01302	0.01251	0.01719	0.02483	0.04694	0.02698	0.48741	0.25851	0.00986	0.01291	0.01099	0.00483	0.00585
9	0.01154	0.00852	0.01103	0.01261	0.01381	0.00832	0.00929	0.01501	0.05801	0.02299	0.04646	0.48976	0.08058	0.02411	0.01062	0.00341	0.00555	0.15323	0.00775	0.00739
10	0.01918	0.02049	0.04090	0.13098	0.17969	0.02061	0.37370	0.02523	0.01865	0.02559	0.01593	0.02173	0.01242	0.00769	0.01020	0.00277	0.05013	0.00879	0.00408	0.01124
11	0.01145	0.00846	0.01229	0.01295	0.01417	0.00930	0.00978	0.01403	0.01440	0.02014	0.03019	0.22796	0.03205	0.04974	0.44812	0.00997	0.01645	0.04575	0.00556	0.00724
12	0.01141	0.00842	0.01069	0.01171	0.01330	0.00790	0.00899	0.01398	0.01836	0.02397	0.13851	0.25160	0.18079	0.06771	0.01268	0.00359	0.00564	0.19590	0.00772	0.00712
13	0.01013	0.00767	0.00936	0.01054	0.01182	0.00690	0.00729	0.01193	0.01731	0.02235	0.09572	0.47257	0.23850	0.02394	0.01031	0.00315	0.00458	0.02122	0.00780	0.00690
14	0.01853	0.01474	0.01690	0.01517	0.01815	0.05640	0.01188	0.18503	0.02100	0.02826	0.02128	0.02945	0.01892	0.08706	0.40739	0.00930	0.01724	0.00849	0.00554	0.00925
15	0.01406	0.01099	0.01254	0.01174	0.01419	0.01134	0.00860	0.02245	0.19203	0.02920	0.29672	0.05404	0.12045	0.14696	0.01559	0.00372	0.00547	0.01319	0.00801	0.00868
16	0.01054	0.00775	0.00998	0.01160	0.01265	0.00719	0.00830	0.01243	0.01684	0.02192	0.05159	0.51738	0.14839	0.02480	0.01060	0.00335	0.00513	0.10492	0.00770	0.00692
17	0.01140	0.00838	0.01204	0.01258	0.01369	0.00923	0.00929	0.01375	0.01397	0.01961	0.02900	0.21881	0.03081	0.09488	0.45016	0.01025	0.01651	0.01317	0.00539	0.00708
18	0.02337	0.02655	0.02340	0.02224	0.06469	0.30495	0.01649	0.02683	0.05098	0.02219	0.05418	0.02100	0.01640	0.01351	0.04323	0.00322	0.24543	0.00711	0.00458	0.00965
19	0.01093	0.00874	0.00985	0.01007	0.01229	0.00796	0.00735	0.01456	0.05833	0.02491	0.17532	0.22158	0.36646	0.02087	0.00992	0.00291	0.00445	0.01801	0.00802	0.00749
20	0.01187	0.00890	0.01335	0.01335	0.01483	0.01038	0.01038	0.01483	0.01335	0.01928	0.02225	0.03264	0.02077	0.06231	0.67512	0.01335	0.02225	0.00890	0.00445	0.00742
21	0.01745	0.11894	0.02326	0.02381	0.19325	0.01619	0.01536	0.02239	0.06007	0.05026	0.08061	0.08339	0.09265	0.01453	0.00899	0.00281	0.00758	0.15199	0.00633	0.01014
22	0.02177	0.02248	0.03266	0.07628	0.50509	0.11318	0.05601	0.02645	0.01950	0.02586	0.01525	0.01994	0.01268	0.00759	0.00821	0.00245	0.01088	0.00724	0.00412	0.01236
23	0.13090	0.02736	0.02319	0.02578	0.16675	0.32968	0.01666	0.02756	0.01954	0.02417	0.01426	0.01815	0.01215	0.01443	0.08263	0.00359	0.04259	0.00618	0.00436	0.01007
24	0.01956	0.01872	0.03191	0.18209	0.53296	0.01947	0.02500	0.02462	0.01844	0.02592	0.01545	0.02089	0.01273	0.00759	0.00824	0.00253	0.01012	0.00740	0.00403	0.01235
25	0.02416	0.51549	0.03779	0.01633	0.02241	0.18844	0.01485	0.02665	0.01830	0.01976	0.01183	0.01397	0.01068	0.00782	0.00693	0.00196	0.04377	0.00480	0.00373	0.01033
26	0.01456	0.00926	0.01112	0.01019	0.01315	0.00811	0.00781	0.01760	0.02159	0.11833	0.31968	0.06492	0.31690	0.01777	0.00960	0.00269	0.00449	0.01515	0.00869	0.00838
27	0.01012	0.00723	0.00964	0.01157	0.01205	0.00675	0.00771	0.01157	0.01591	0.02121	0.04579	0.70262	0.05495	0.02603	0.01060	0.00337	0.00482	0.02362	0.00771	0.00675
28	0.01208	0.00805	0.00906	0.00906	0.00906	0.00805	0.00503	0.01208	0.01208	0.01611	0.02618	0.05436	0.03020	0.70804	0.04228	0.00805	0.00805	0.01208	0.00503	0.00503
29	0.01206	0.00812	0.00939	0.00939	0.00950	0.00823	0.00544	0.01229	0.01218	0.01635	0.02588	0.05271	0.02948	0.65878	0.09056	0.00846	0.00914	0.01184	0.00499	0.00522
30	0.01187	0.00890	0.01335	0.01335	0.01483	0.01038	0.01038	0.01483	0.01335	0.01928	0.02225	0.03264	0.02077	0.06231	0.67512	0.01335	0.02225	0.00890	0.00445	0.00742
31	0.01202	0.00831	0.01037	0.01037	0.01082	0.00876	0.00666	0.01292	0.01247	0.01708	0.02498	0.04775	0.02733	0.51146	0.23494	0.00967	0.01238	0.01111	0.00486	0.00576
32	0.01163	0.00893	0.01098	0.01205	0.01428	0.00828	0.00995	0.01457	0.01887	0.02360	0.06193	0.11902	0.31698	0.02226	0.01069	0.00335	0.00597	0.31163	0.00768	0.00732
33	0.00982	0.00842	0.00842	0.00842	0.01122	0.00701	0.00631	0.01192	0.01894	0.02244	0.08416	0.07995	0.65285	0.02104	0.00982	0.00281	0.00421	0.01753	0.00771	0.00701
34	0.01187	0.00890	0.01335	0.01335	0.01483	0.01038	0.01038	0.01483	0.01335	0.01928	0.02225	0.03264	0.02077	0.06231	0.67512	0.01335	0.02225	0.00890	0.00445	0.00742
35	0.02058	0.01947	0.03159	0.04613	0.56569	0.01987	0.02373	0.02816	0.10769	0.02823	0.01822	0.02205	0.01490	0.00795	0.00826	0.00252	0.00940	0.00769	0.00473	0.01316
36	0.02234	0.02271	0.02918	0.03955	0.42992	0.12993	0.02157	0.03032	0.13774	0.02744	0.01861	0.02160	0.01506	0.00833	0.00814	0.00248	0.01010	0.00743	0.00496	0.01256
37	0.01264	0.00741	0.01008	0.01065	0.01079	0.00726	0.00688	0.01132	0.01260	0.01680	0.02626	0.23106	0.02985	0.17836	0.02821	0.37004	0.00670	0.01312	0.00513	0.00485
38	0.02056	0.01974	0.03372	0.05099	0.65622	0.01974	0.02550	0.02550	0.01892	0.02714	0.01563	0.02056	0.01316	0.00740	0.00822	0.00247	0.00987	0.00740	0.00411	0.01316

[dist]
# distance from previous block
# <min> <max>
0	1

[block]
# block no. 5 follows, 22 sequences, length 26
# corresponding to MSA columns:
# 326-351
name=unknown_F
#
# <colnr> <probs for GDERKNQSTAVLIFYWHMCP>
#	G	D	E	R	K	N	Q	S	T	A	V	L	I	F	Y	W	H	M	C	P
0	0.19234	0.01859	0.02822	0.08054	0.47212	0.01941	0.02154	0.02499	0.01767	0.02912	0.01464	0.01903	0.01207	0.00753	0.00752	0.00251	0.00915	0.00673	0.00432	0.01196
1	0.01069	0.00853	0.00963	0.00957	0.01204	0.00746	0.00732	0.01349	0.02038	0.02601	0.25820	0.07540	0.42829	0.01992	0.00994	0.00282	0.00438	0.06047	0.00816	0.00732
2	0.01904	0.01819	0.03098	0.24927	0.46980	0.01934	0.02474	0.02417	0.01820	0.02530	0.01536	0.02105	0.01251	0.00768	0.00825	0.00256	0.01024	0.00740	0.00398	0.01194
3	0.02325	0.02379	0.03000	0.10148	0.41383	0.15945	0.02245	0.07683	0.02136	0.02723	0.01531	0.01947	0.01252	0.00795	0.00808	0.00243	0.01101	0.00697	0.00446	0.01212
4	0.03103	0.03959	0.02354	0.02140	0.02568	0.67469	0.01605	0.03317	0.02354	0.02033	0.01284	0.01498	0.01070	0.00856	0.00749	0.00214	0.01498	0.00535	0.00428	0.00963
5	0.01083	0.00930	0.00938	0.00921	0.01219	0.00829	0.00695	0.01493	0.07698	0.02359	0.07946	0.07538	0.59432	0.02013	0.00969	0.00281	0.00443	0.01677	0.00778	0.00759
6	0.01493	0.01140	0.01203	0.01078	0.01405	0.01104	0.00825	0.13889	0.02283	0.02948	0.11058	0.06148	0.39176	0.06933	0.01172	0.00307	0.00546	0.01430	0.05020	0.00843
7	0.03103	0.03959	0.02354	0.02140	0.02568	0.67469	0.01605	0.03317	0.02354	0.02033	0.01284	0.01498	0.01070	0.00856	0.00749	0.00214	0.01498	0.00535	0.00428	0.00963
8	0.02526	0.02196	0.02281	0.05206	0.02538	0.08807	0.01562	0.26092	0.23352	0.03732	0.02236	0.02300	0.01694	0.01081	0.01088	0.00274	0.10297	0.00787	0.00709	0.01242
9	0.01900	0.01956	0.02620	0.02799	0.19110	0.13112	0.12473	0.02333	0.02086	0.02666	0.15687	0.04045	0.05918	0.01211	0.00919	0.00268	0.00972	0.08333	0.00583	0.01010
10	0.06303	0.11810	0.29183	0.02185	0.03004	0.02309	0.08222	0.12655	0.02043	0.02962	0.01478	0.01775	0.01132	0.00896	0.01033	0.00265	0.10473	0.00657	0.00450	0.01165
11	0.01053	0.00813	0.00968	0.01043	0.01224	0.00728	0.00767	0.01282	0.01854	0.02374	0.14519	0.29341	0.31064	0.02238	0.01024	0.00307	0.00470	0.07432	0.00790	0.00710
12	0.01203	0.00966	0.01098	0.01151	0.01368	0.00944	0.00843	0.01772	0.12747	0.02424	0.05793	0.32141	0.27287	0.02141	0.00997	0.00309	0.00504	0.04726	0.00784	0.00802
13	0.01126	0.00935	0.00999	0.00994	0.01268	0.00855	0.00753	0.01570	0.08119	0.02472	0.12811	0.10943	0.47549	0.02006	0.00980	0.00287	0.00461	0.04310	0.00792	0.00771
14	0.01553	0.03200	0.44139	0.02082	0.02925	0.01747	0.02434	0.02278	0.01604	0.02395	0.01650	0.02154	0.01324	0.02268	0.18405	0.00552	0.07142	0.00696	0.00376	0.01074
15	0.01469	0.00929	0.01512	0.13148	0.02066	0.00985	0.04032	0.01347	0.01253	0.01657	0.01618	0.05866	0.01579	0.02402	0.02600	0.55009	0.00811	0.00820	0.00386	0.00513
16	0.01953	0.02924	0.26950	0.03957	0.39851	0.04621	0.02706	0.02611	0.01859	0.02655	0.01524	0.01920	0.01207	0.00763	0.00807	0.00252	0.01098	0.00685	0.00389	0.01269
17	0.01940	0.01075	0.01310	0.01157	0.01485	0.00985	0.00874	0.05800	0.02109	0.20154	0.15611	0.11342	0.19546	0.11160	0.01386	0.00346	0.00583	0.01376	0.00835	0.00926
18	0.01392	0.00885	0.01006	0.00945	0.01221	0.00786	0.00720	0.01694	0.02039	0.08665	0.22640	0.06154	0.32347	0.01691	0.00897	0.00258	0.00434	0.01426	0.13999	0.00804
19	0.02093	0.02095	0.03150	0.04363	0.49704	0.06988	0.02350	0.02510	0.01817	0.02537	0.01458	0.01972	0.01258	0.00875	0.01153	0.00265	0.13070	0.00722	0.00404	0.01218
20	0.01162	0.00842	0.01170	0.01203	0.01299	0.00921	0.00866	0.01363	0.01348	0.01885	0.02718	0.15140	0.02881	0.20991	0.41178	0.01040	0.01592	0.01215	0.00514	0.00674
21	0.01114	0.00897	0.01049	0.01033	0.01215	0.00865	0.00757	0.01330	0.01834	0.02375	0.18906	0.14836	0.33940	0.09312	0.01466	0.00346	0.05629	0.01643	0.00743	0.00710
22	0.01738	0.01582	0.02605	0.14718	0.37560	0.01630	0.02049	0.02212	0.01955	0.02736	0.15643	0.03436	0.02919	0.01060	0.00878	0.00263	0.00863	0.04517	0.00536	0.01100
23	0.02040	0.02083	0.02943	0.25630	0.37266	0.10937	0.02340	0.02515	0.01879	0.02426	0.01496	0.02032	0.01214	0.00786	0.00815	0.00252	0.01097	0.00711	0.00400	0.01138
24	0.01960	0.01880	0.03183	0.16216	0.52473	0.01975	0.02477	0.02452	0.01826	0.02581	0.01528	0.02074	0.01270	0.00785	0.00901	0.00257	0.03792	0.00739	0.00402	0.01230
25	0.02582	0.03060	0.02298	0.02450	0.12928	0.44382	0.01608	0.02828	0.02079	0.02097	0.01540	0.02128	0.01388	0.08220	0.06580	0.00370	0.01403	0.00665	0.00434	0.00959

[dist]
# distance from previous block
# <min> <max>
0	2

[block]
# block no. 6 follows, 22 sequences, length 56
# corresponding to MSA columns:
# 354-409
name=unknown_G
#
# <colnr> <probs for GDERKNQSTAVLIFYWHMCP>
#	G	D	E	R	K	N	Q	S	T	A	V	L	I	F	Y	W	H	M	C	P
0	0.01969	0.02007	0.02321	0.06234	0.26030	0.14954	0.01738	0.02518	0.08566	0.02476	0.02654	0.17448	0.05008	0.01280	0.00870	0.00267	0.00926	0.01122	0.00554	0.01056
1	0.02109	0.02098	0.03103	0.04314	0.49296	0.07123	0.02314	0.02657	0.05634	0.02622	0.01595	0.02048	0.01344	0.00858	0.01046	0.00260	0.09172	0.00735	0.00433	0.01240
2	0.01529	0.16905	0.02057	0.01518	0.07496	0.01558	0.01104	0.02040	0.07791	0.02713	0.25279	0.04868	0.19191	0.01432	0.00853	0.00248	0.00591	0.01202	0.00700	0.00926
3	0.00992	0.00842	0.00856	0.00852	0.01128	0.00706	0.00639	0.01212	0.01918	0.02302	0.11458	0.07899	0.62207	0.02082	0.00982	0.00279	0.00419	0.01740	0.00779	0.00706
4	0.02049	0.02205	0.02505	0.02100	0.02484	0.21523	0.14899	0.02466	0.05569	0.02174	0.01757	0.02348	0.01508	0.02503	0.19041	0.07785	0.04956	0.00781	0.00447	0.00900
5	0.02756	0.18325	0.02841	0.01874	0.02416	0.24151	0.01550	0.21883	0.02578	0.03056	0.01471	0.01655	0.01186	0.00912	0.00895	0.00227	0.07105	0.00597	0.00536	0.03985
6	0.01208	0.00805	0.00906	0.00906	0.00906	0.00805	0.00503	0.01208	0.01208	0.01611	0.02618	0.05436	0.03020	0.70804	0.04228	0.00805	0.00805	0.01208	0.00503	0.00503
7	0.02056	0.01974	0.03372	0.05099	0.65622	0.01974	0.02550	0.02550	0.01892	0.02714	0.01563	0.02056	0.01316	0.00740	0.00822	0.00247	0.00987	0.00740	0.00411	0.01316
8	0.01369	0.00796	0.00796	0.00796	0.01017	0.00751	0.00597	0.01700	0.01790	0.02826	0.04523	0.04653	0.22195	0.01329	0.00708	0.00221	0.00398	0.01085	0.51700	0.00751
9	0.01012	0.00723	0.00964	0.01157	0.01205	0.00675	0.00771	0.01157	0.01591	0.02121	0.04579	0.70262	0.05495	0.02603	0.01060	0.00337	0.00482	0.02362	0.00771	0.00675
10	0.01569	0.01477	0.02492	0.68808	0.05722	0.01846	0.02307	0.02123	0.01661	0.02123	0.01477	0.02215	0.01107	0.00831	0.00831	0.00277	0.01107	0.00738	0.00369	0.00923
11	0.01542	0.01392	0.02091	0.20261	0.07969	0.01711	0.01676	0.02013	0.05105	0.02165	0.02082	0.02779	0.04619	0.02760	0.22488	0.00631	0.16524	0.00845	0.00442	0.00906
12	0.01208	0.00805	0.00906	0.00906	0.00906	0.00805	0.00503	0.01208	0.01208	0.01611	0.02618	0.05436	0.03020	0.70804	0.04228	0.00805	0.00805	0.01208	0.00503	0.00503
13	0.01064	0.00745	0.00949	0.01091	0.01126	0.00709	0.00700	0.01170	0.01490	0.01986	0.04061	0.53145	0.04841	0.20611	0.01897	0.00461	0.00567	0.02057	0.00700	0.00630
14	0.01029	0.00738	0.00951	0.01115	0.01172	0.00689	0.00737	0.01164	0.01571	0.02079	0.04612	0.60459	0.08708	0.09107	0.01359	0.00379	0.00509	0.02216	0.00746	0.00660
15	0.03103	0.03959	0.02354	0.02140	0.02568	0.67469	0.01605	0.03317	0.02354	0.02033	0.01284	0.01498	0.01070	0.00856	0.00749	0.00214	0.01498	0.00535	0.00428	0.00963
16	0.00994	0.00792	0.00892	0.00972	0.01156	0.00690	0.00689	0.01178	0.01768	0.02193	0.06827	0.33783	0.40522	0.02310	0.01014	0.00304	0.00446	0.02005	0.00771	0.00690
17	0.06470	0.01388	0.01427	0.01207	0.01591	0.01494	0.00963	0.24167	0.02512	0.03913	0.02360	0.02594	0.01797	0.00967	0.00668	0.00218	0.00594	0.00746	0.43910	0.01014
18	0.02221	0.71304	0.04353	0.01421	0.02132	0.03287	0.01421	0.02488	0.01688	0.01955	0.01155	0.01333	0.01066	0.00711	0.00533	0.00178	0.00888	0.00444	0.00355	0.01066
19	0.01942	0.01775	0.02861	0.35016	0.30485	0.01977	0.02331	0.08746	0.01996	0.02701	0.01568	0.02125	0.01227	0.00810	0.00827	0.00261	0.01036	0.00740	0.00436	0.01140
