[name]
unknown

[dist]
# distance from previous block
# <min> <max>
4	5

[block]
# block no. 0 follows, 20 sequences, length 12
# corresponding to MSA columns:
# 5-16
name=unknown_A
#
# <colnr> <probs for GDERKNQSTAVLIFYWHMCP>
#	G	D	E	R	K	N	Q	S	T	A	V	L	I	F	Y	W	H	M	C	P
0	0.01309	0.01062	0.01487	0.01889	0.13034	0.01002	0.01115	0.01580	0.01909	0.02564	0.15596	0.28339	0.16575	0.06941	0.01277	0.00346	0.00601	0.01780	0.00746	0.00849
1	0.01994	0.01782	0.02628	0.10735	0.03121	0.01690	0.13051	0.09874	0.05402	0.03088	0.02007	0.06980	0.01706	0.00926	0.00828	0.00226	0.00910	0.00855	0.00571	0.31626
2	0.02858	0.03060	0.02266	0.01985	0.02449	0.36343	0.01534	0.18106	0.02717	0.03011	0.02117	0.02368	0.04977	0.01819	0.10113	0.00406	0.01456	0.00747	0.00583	0.01086
3	0.01522	0.01097	0.01323	0.01350	0.01524	0.01112	0.00955	0.12983	0.02118	0.02829	0.04116	0.50819	0.04727	0.07506	0.01321	0.00374	0.00621	0.02053	0.00801	0.00847
4	0.35710	0.14401	0.02171	0.15989	0.02703	0.02085	0.01355	0.02361	0.01698	0.03075	0.06446	0.02363	0.04768	0.00957	0.00680	0.00260	0.00801	0.00693	0.00520	0.00963
5	0.01920	0.01821	0.02992	0.07745	0.49060	0.01814	0.02284	0.02385	0.01974	0.02724	0.02992	0.03343	0.13083	0.01052	0.00896	0.00267	0.00931	0.00978	0.00501	0.01239
6	0.02426	0.02597	0.03217	0.04383	0.44710	0.18443	0.02379	0.02851	0.02074	0.02624	0.01538	0.01995	0.01302	0.00851	0.00958	0.00257	0.04978	0.00721	0.00433	0.01262
7	0.13424	0.03532	0.02442	0.02496	0.10551	0.48394	0.01709	0.03247	0.02268	0.02482	0.01367	0.01627	0.01132	0.00870	0.00761	0.00236	0.01375	0.00577	0.00460	0.01050
8	0.02022	0.02807	0.20602	0.04150	0.32524	0.02094	0.17539	0.02730	0.01965	0.02812	0.01652	0.02122	0.01292	0.00781	0.00896	0.00273	0.01215	0.00805	0.00417	0.01305
9	0.02896	0.03572	0.02330	0.02129	0.02511	0.53083	0.01613	0.03131	0.02256	0.02117	0.01478	0.01856	0.01276	0.01739	0.10192	0.00401	0.05370	0.00626	0.00448	0.00975
10	0.01617	0.00976	0.01288	0.01162	0.01435	0.00889	0.00889	0.02018	0.02473	0.12204	0.54881	0.06010	0.07364	0.01683	0.01007	0.00274	0.00459	0.01478	0.00977	0.00917
11	0.01953	0.27389	0.43735	0.02138	0.03238	0.02525	0.02617	0.02710	0.01817	0.02514	0.01442	0.01687	0.01110	0.00800	0.00735	0.00245	0.01164	0.00582	0.00370	0.01230

[dist]
# distance from previous block
# <min> <max>
0	1

[block]
# block no. 1 follows, 20 sequences, length 27
# corresponding to MSA columns:
# 18-44
name=unknown_B
#
# <colnr> <probs for GDERKNQSTAVLIFYWHMCP>
#	G	D	E	R	K	N	Q	S	T	A	V	L	I	F	Y	W	H	M	C	P
0	0.02869	0.03300	0.02299	0.02033	0.02537	0.42053	0.01549	0.06257	0.15891	0.02701	0.01897	0.01998	0.01502	0.00944	0.00799	0.00233	0.01252	0.00663	0.00574	0.08650
1	0.01196	0.00864	0.01109	0.01248	0.01389	0.00815	0.00944	0.01402	0.01788	0.02303	0.05281	0.31497	0.16923	0.06213	0.01430	0.04333	0.00616	0.19164	0.00769	0.00716
2	0.09158	0.03353	0.02419	0.05584	0.02747	0.42224	0.01681	0.10804	0.02449	0.02732	0.01426	0.01703	0.01160	0.00974	0.00994	0.00253	0.08162	0.00616	0.00503	0.01060
3	0.02159	0.02073	0.03541	0.05354	0.63903	0.02073	0.02677	0.02677	0.01986	0.02850	0.01641	0.02159	0.01382	0.00777	0.00864	0.00259	0.01036	0.00777	0.00432	0.01382
4	0.01031	0.00884	0.00884	0.00884	0.01178	0.00736	0.00663	0.01252	0.01988	0.02356	0.08837	0.08395	0.63549	0.02209	0.01031	0.00295	0.00442	0.01841	0.00810	0.00736
5	0.03280	0.03519	0.02526	0.02158	0.02700	0.42331	0.01675	0.24900	0.03079	0.03387	0.01626	0.01767	0.01258	0.00954	0.00819	0.00239	0.01345	0.00645	0.00607	0.01187
6	0.03099	0.02321	0.02499	0.01921	0.02616	0.02518	0.01579	0.51876	0.07075	0.05124	0.02119	0.02129	0.01529	0.01014	0.00850	0.00250	0.00913	0.00769	0.00837	0.08964
7	0.01200	0.00924	0.01127	0.01236	0.01465	0.00852	0.01005	0.01493	0.01966	0.02456	0.06576	0.15003	0.31993	0.02349	0.01116	0.00348	0.00608	0.26715	0.00807	0.00763
8	0.01034	0.00871	0.00897	0.00917	0.01187	0.00734	0.00678	0.01248	0.01956	0.02343	0.08424	0.14570	0.57640	0.02263	0.01039	0.00301	0.00448	0.01906	0.00810	0.00734
9	0.03139	0.03814	0.02397	0.02149	0.02613	0.56311	0.01626	0.08732	0.02597	0.02461	0.01836	0.02002	0.04641	0.00986	0.00808	0.00232	0.01453	0.00654	0.00509	0.01040
10	0.01931	0.02016	0.03470	0.09384	0.03407	0.02445	0.21070	0.02338	0.01612	0.02338	0.01388	0.02095	0.01205	0.01203	0.02064	0.00344	0.39408	0.00851	0.00402	0.01028
11	0.01406	0.01004	0.01406	0.01606	0.01807	0.01004	0.01406	0.01807	0.02008	0.02610	0.04618	0.09839	0.05020	0.02410	0.01205	0.00402	0.00803	0.58032	0.00803	0.00803
12	0.02036	0.02248	0.09858	0.14757	0.48485	0.02047	0.02695	0.02616	0.01933	0.02743	0.01619	0.02152	0.01318	0.00798	0.00861	0.00266	0.01083	0.00763	0.00418	0.01307
13	0.01097	0.00781	0.00995	0.01151	0.01205	0.00734	0.00752	0.01226	0.01617	0.02140	0.04665	0.54454	0.08440	0.14380	0.01692	0.00437	0.00562	0.02233	0.00760	0.00678
14	0.01197	0.00917	0.01115	0.01141	0.01380	0.00834	0.00906	0.01532	0.02165	0.02829	0.27330	0.08083	0.29125	0.02107	0.01074	0.00314	0.00521	0.15785	0.00862	0.00784
15	0.02558	0.43757	0.09652	0.01815	0.02523	0.22222	0.01715	0.02890	0.01991	0.02145	0.01287	0.01494	0.01119	0.00800	0.00654	0.00207	0.01161	0.00512	0.00396	0.01103
16	0.02378	0.40101	0.13423	0.01874	0.02573	0.15223	0.01843	0.02753	0.01875	0.02184	0.01287	0.01553	0.01121	0.00867	0.00876	0.00228	0.07802	0.00543	0.00388	0.01109
17	0.03276	0.03646	0.02515	0.02175	0.02699	0.46997	0.01677	0.20650	0.02958	0.03139	0.01571	0.01729	0.01231	0.00943	0.00812	0.00236	0.01390	0.00629	0.00576	0.01152
18	0.01063	0.00759	0.01012	0.01215	0.01265	0.00709	0.00810	0.01215	0.01670	0.02227	0.04808	0.68775	0.05769	0.02733	0.01113	0.00354	0.00506	0.02480	0.00810	0.00709
19	0.02376	0.02484	0.03330	0.04741	0.51826	0.14656	0.02481	0.02836	0.02082	0.02709	0.01583	0.02043	0.01331	0.00801	0.00848	0.00252	0.01142	0.00735	0.00435	0.01309
20	0.02932	0.13154	0.02904	0.05878	0.09067	0.41781	0.01796	0.07898	0.02416	0.02475	0.01430	0.01690	0.01181	0.00875	0.00773	0.00229	0.01354	0.00600	0.00468	0.01101
21	0.01055	0.00790	0.00980	0.01132	0.01243	0.00715	0.00773	0.01224	0.01750	0.02259	0.05814	0.53690	0.20205	0.02602	0.01093	0.00339	0.00490	0.02320	0.00810	0.00715
22	0.01268	0.00846	0.00951	0.00951	0.00951	0.00846	0.00529	0.01268	0.01268	0.01691	0.02748	0.05708	0.03171	0.69345	0.04440	0.00846	0.00846	0.01268	0.00529	0.00529
23	0.02106	0.01624	0.02085	0.01926	0.05395	0.01696	0.05398	0.25710	0.02702	0.03629	0.03326	0.33540	0.03487	0.01806	0.00996	0.00307	0.00785	0.01600	0.00790	0.01092
24	0.02651	0.02083	0.02502	0.01986	0.02448	0.02380	0.04692	0.36952	0.03005	0.04089	0.01993	0.02638	0.01673	0.11834	0.01831	0.00379	0.14080	0.00870	0.00699	0.01213
25	0.01790	0.09032	0.60658	0.02417	0.03669	0.02124	0.03103	0.02752	0.01837	0.02713	0.01541	0.01811	0.01106	0.00823	0.00810	0.00270	0.01264	0.00632	0.00369	0.01277
26	0.02166	0.21295	0.19806	0.02540	0.03384	0.09037	0.19921	0.02759	0.01918	0.02470	0.01479	0.01854	0.01180	0.00834	0.00953	0.00259	0.05873	0.00713	0.00401	0.01158

[dist]
# distance from previous block
# <min> <max>
0	1

[block]
# block no. 2 follows, 20 sequences, length 35
# corresponding to MSA columns:
# 46-80
name=unknown_C
#
# <colnr> <probs for GDERKNQSTAVLIFYWHMCP>
#	G	D	E	R	K	N	Q	S	T	A	V	L	I	F	Y	W	H	M	C	P
0	0.10094	0.17515	0.05370	0.01352	0.01852	0.01869	0.01191	0.02523	0.13500	0.02957	0.15629	0.04268	0.15965	0.01355	0.00826	0.00262	0.00669	0.01086	0.00699	0.01019
1	0.01106	0.00777	0.00999	0.01159	0.01199	0.00737	0.00750	0.01226	0.01585	0.02114	0.04374	0.55481	0.05222	0.16775	0.01815	0.00458	0.00578	0.02224	0.00750	0.00671
2	0.03178	0.03602	0.02460	0.02156	0.02662	0.47114	0.01654	0.15705	0.07909	0.02973	0.01693	0.01826	0.01330	0.00954	0.00813	0.00239	0.01369	0.00645	0.00576	0.01142
3	0.02608	0.50749	0.03998	0.01663	0.02371	0.09475	0.01543	0.13633	0.02278	0.02706	0.01391	0.01547	0.01188	0.00818	0.00641	0.00204	0.01001	0.00536	0.00474	0.01177
4	0.01908	0.01908	0.02672	0.02290	0.02290	0.02672	0.01908	0.02099	0.01336	0.02099	0.01145	0.01908	0.01145	0.01527	0.02863	0.00382	0.67748	0.00763	0.00382	0.00954
5	0.02332	0.69869	0.04571	0.01493	0.02239	0.03451	0.01493	0.02612	0.01772	0.02052	0.01213	0.01399	0.01119	0.00746	0.00560	0.00187	0.00933	0.00466	0.00373	0.01119
6	0.03579	0.02022	0.02357	0.01807	0.02495	0.02079	0.01493	0.36045	0.03396	0.31443	0.02687	0.02479	0.01781	0.01061	0.00875	0.00265	0.00864	0.00826	0.00964	0.01484
7	0.01223	0.00855	0.01096	0.01135	0.01191	0.00892	0.00749	0.01344	0.01385	0.01892	0.03020	0.17086	0.03375	0.38030	0.21987	0.00916	0.01222	0.01401	0.00564	0.00637
8	0.01063	0.00759	0.01012	0.01215	0.01265	0.00709	0.00810	0.01215	0.01670	0.02227	0.04808	0.68775	0.05769	0.02733	0.01113	0.00354	0.00506	0.02480	0.00810	0.00709
9	0.01063	0.00759	0.01012	0.01215	0.01265	0.00709	0.00810	0.01215	0.01670	0.02227	0.04808	0.68775	0.05769	0.02733	0.01113	0.00354	0.00506	0.02480	0.00810	0.00709
10	0.01268	0.00846	0.00951	0.00951	0.00951	0.00846	0.00529	0.01268	0.01268	0.01691	0.02748	0.05708	0.03171	0.69345	0.04440	0.00846	0.00846	0.01268	0.00529	0.00529
11	0.01647	0.01550	0.02616	0.67248	0.06008	0.01938	0.02422	0.02229	0.01744	0.02229	0.01550	0.02326	0.01163	0.00872	0.00872	0.00291	0.01163	0.00775	0.00388	0.00969
12	0.67303	0.01773	0.01434	0.01245	0.01803	0.02042	0.01026	0.09204	0.01782	0.04094	0.01315	0.01494	0.01006	0.00837	0.00578	0.00269	0.00707	0.00508	0.00578	0.01006
13	0.01959	0.01867	0.03148	0.22219	0.44661	0.01966	0.02502	0.02479	0.01919	0.02653	0.01989	0.02528	0.04543	0.00878	0.00875	0.00270	0.01040	0.00832	0.00439	0.01234
14	0.01208	0.00891	0.01130	0.01070	0.01287	0.00812	0.00802	0.01595	0.02407	0.03351	0.56423	0.06757	0.15342	0.01838	0.01029	0.00277	0.00415	0.01611	0.00941	0.00812
15	0.03487	0.02169	0.02448	0.01877	0.02568	0.02298	0.01550	0.44761	0.03642	0.22379	0.02480	0.02344	0.01677	0.01056	0.00874	0.00264	0.00898	0.00812	0.00932	0.01484
16	0.02101	0.02013	0.03436	0.12387	0.57324	0.02057	0.02648	0.02626	0.01959	0.02779	0.01630	0.02178	0.01357	0.00788	0.00865	0.00263	0.01051	0.00777	0.00427	0.01335
17	0.01647	0.01550	0.02616	0.67248	0.06008	0.01938	0.02422	0.02229	0.01744	0.02229	0.01550	0.02326	0.01163	0.00872	0.00872	0.00291	0.01163	0.00775	0.00388	0.00969
18	0.01031	0.00884	0.00884	0.00884	0.01178	0.00736	0.00663	0.01252	0.01988	0.02356	0.08837	0.08395	0.63549	0.02209	0.01031	0.00295	0.00442	0.01841	0.00810	0.00736
19	0.01255	0.01199	0.06552	0.01191	0.01499	0.00916	0.01009	0.01696	0.02361	0.03306	0.51972	0.06331	0.13910	0.01750	0.01012	0.00277	0.00490	0.01528	0.00893	0.00853
20	0.02186	0.46407	0.03915	0.01768	0.02257	0.03182	0.01636	0.02435	0.01622	0.02068	0.01189	0.01575	0.01128	0.01016	0.01355	0.00254	0.24000	0.00569	0.00376	0.01062
21	0.01246	0.00935	0.01402	0.01402	0.01558	0.01090	0.01090	0.01558	0.01402	0.02025	0.02336	0.03427	0.02181	0.06542	0.65888	0.01402	0.02336	0.00935	0.00467	0.00779
22	0.03367	0.02362	0.02567	0.01968	0.02664	0.02584	0.01626	0.56166	0.03965	0.10519	0.02209	0.02169	0.01541	0.01050	0.00873	0.00262	0.00941	0.00793	0.00890	0.01484
23	0.02843	0.02944	0.03160	0.02663	0.06677	0.24178	0.14203	0.20573	0.02752	0.03330	0.01662	0.01958	0.01292	0.00955	0.01045	0.00266	0.06966	0.00758	0.00569	0.01206
24	0.01189	0.00886	0.01121	0.01278	0.01379	0.00875	0.00875	0.01603	0.08563	0.02388	0.04665	0.61330	0.05416	0.02557	0.01088	0.00348	0.00527	0.02310	0.00819	0.00785
25	0.01706	0.01024	0.01151	0.01040	0.01424	0.00864	0.00808	0.01954	0.02107	0.16916	0.07573	0.07124	0.49168	0.01945	0.00995	0.00289	0.00512	0.01615	0.00873	0.00912
26	0.03112	0.01996	0.02252	0.01803	0.02417	0.02130	0.01461	0.32560	0.14686	0.19642	0.02868	0.06478	0.02131	0.01181	0.00891	0.00276	0.00827	0.00947	0.00923	0.01418
27	0.02156	0.03740	0.32927	0.02732	0.03670	0.15560	0.17659	0.02887	0.02003	0.02602	0.01548	0.01920	0.01167	0.00857	0.00982	0.00276	0.04992	0.00733	0.00405	0.01183
28	0.01563	0.00824	0.00864	0.00864	0.01041	0.00833	0.00629	0.01918	0.01740	0.03002	0.02804	0.03541	0.02339	0.09108	0.04906	0.00347	0.00571	0.00872	0.61457	0.00779
29	0.02536	0.11894	0.03338	0.03535	0.28783	0.23912	0.04675	0.02914	0.02088	0.02455	0.01461	0.01852	0.01243	0.00855	0.00917	0.00246	0.05006	0.00673	0.00427	0.01188
30	0.08762	0.36249	0.03593	0.02300	0.12650	0.18707	0.01693	0.02837	0.01959	0.02365	0.01319	0.01572	0.01150	0.00795	0.00666	0.00215	0.01088	0.00543	0.00416	0.01121
31	0.02156	0.02247	0.02847	0.06917	0.38965	0.14029	0.02138	0.02571	0.02068	0.02601	0.02788	0.03101	0.11751	0.01045	0.00877	0.00260	0.01045	0.00914	0.00497	0.01183
32	0.01037	0.00860	0.00908	0.00947	0.01195	0.00731	0.00691	0.01245	0.01927	0.02332	0.08067	0.19934	0.52507	0.02309	0.01047	0.00306	0.00454	0.01963	0.00810	0.00731
33	0.01349	0.00994	0.01259	0.01465	0.04907	0.01002	0.00954	0.01853	0.09837	0.02541	0.04125	0.45333	0.04561	0.05823	0.01192	0.00350	0.00568	0.01928	0.09122	0.00839
34	0.06102	0.15913	0.07307	0.01298	0.01766	0.01740	0.01179	0.08832	0.02038	0.03133	0.02438	0.09952	0.02147	0.01130	0.00701	0.00234	0.00682	0.00893	0.31526	0.00990

[dist]
# distance from previous block
# <min> <max>
5	10

[block]
# block no. 3 follows, 20 sequences, length 10
# corresponding to MSA columns:
# 91-100
name=unknown_D
#
# <colnr> <probs for GDERKNQSTAVLIFYWHMCP>
#	G	D	E	R	K	N	Q	S	T	A	V	L	I	F	Y	W	H	M	C	P
0	0.02082	0.19983	0.05737	0.17887	0.03180	0.15764	0.01751	0.02466	0.01832	0.02140	0.01602	0.02155	0.01376	0.02156	0.15832	0.00506	0.01468	0.00680	0.00415	0.00988
1	0.01273	0.01025	0.01194	0.01080	0.01431	0.00856	0.00813	0.01578	0.02044	0.02778	0.22212	0.13812	0.26205	0.01790	0.00951	0.00258	0.00488	0.01538	0.00785	0.17887
2	0.02246	0.02406	0.03617	0.12696	0.32543	0.12411	0.15933	0.02775	0.02049	0.02638	0.01610	0.02131	0.01297	0.00800	0.00891	0.00266	0.01241	0.00800	0.00431	0.01219
3	0.02550	0.15784	0.16607	0.07152	0.03347	0.07782	0.13652	0.03108	0.02071	0.16840	0.01951	0.02131	0.01401	0.00862	0.00827	0.00258	0.01145	0.00743	0.00557	0.01231
4	0.02115	0.02361	0.12907	0.17849	0.04347	0.02020	0.27561	0.02962	0.07095	0.08998	0.02007	0.02409	0.01452	0.00854	0.00935	0.00288	0.01232	0.00894	0.00520	0.01194
5	0.01415	0.01082	0.01316	0.01326	0.01493	0.01175	0.00942	0.02105	0.15558	0.02375	0.03403	0.22031	0.03528	0.19636	0.17845	0.00719	0.01083	0.01456	0.00674	0.00837
6	0.01750	0.04512	0.64825	0.02486	0.03775	0.02026	0.03223	0.02762	0.01842	0.02762	0.01565	0.01842	0.01105	0.00829	0.00829	0.00276	0.01289	0.00645	0.00368	0.01289
7	0.01489	0.01807	0.13592	0.17072	0.06731	0.01507	0.01861	0.01989	0.01591	0.02241	0.01992	0.02926	0.01751	0.07280	0.31404	0.00835	0.01709	0.00853	0.00432	0.00940
8	0.01712	0.01642	0.02287	0.02041	0.02053	0.02217	0.01654	0.01894	0.01413	0.02129	0.01994	0.17399	0.02216	0.01806	0.02457	0.00375	0.52170	0.01161	0.00481	0.00897
9	0.01503	0.01323	0.02276	0.01910	0.02261	0.01259	0.17359	0.05098	0.02098	0.02861	0.17402	0.32330	0.04875	0.01868	0.01057	0.00314	0.00775	0.01777	0.00747	0.00907

[dist]
# distance from previous block
# <min> <max>
0	10

[block]
# block no. 4 follows, 20 sequences, length 7
# corresponding to MSA columns:
# 111-117
name=unknown_E
#
# <colnr> <probs for GDERKNQSTAVLIFYWHMCP>
#	G	D	E	R	K	N	Q	S	T	A	V	L	I	F	Y	W	H	M	C	P
0	0.19141	0.02190	0.02322	0.08052	0.02795	0.02466	0.01573	0.42440	0.03297	0.04834	0.01847	0.01966	0.01333	0.00978	0.00799	0.00266	0.00916	0.00715	0.00753	0.01315
1	0.01515	0.16347	0.01889	0.01198	0.01566	0.04491	0.00972	0.01878	0.04789	0.02520	0.15504	0.12819	0.27879	0.01762	0.00917	0.00271	0.00618	0.01464	0.00726	0.00876
2	0.02046	0.00919	0.01333	0.01228	0.01378	0.00874	0.00874	0.01826	0.01438	0.15463	0.01942	0.02722	0.01658	0.02598	0.02848	0.58158	0.00754	0.00784	0.00534	0.00624
3	0.01515	0.00758	0.01136	0.01136	0.01136	0.00758	0.00758	0.01136	0.01136	0.01515	0.01515	0.02652	0.01515	0.03030	0.03409	0.74621	0.00758	0.00758	0.00379	0.00379
4	0.02688	0.03807	0.16444	0.02750	0.11728	0.38902	0.02181	0.03128	0.02197	0.02375	0.01427	0.01736	0.01158	0.00902	0.00926	0.00250	0.05230	0.00623	0.00425	0.01123
5	0.26695	0.02268	0.06205	0.03075	0.26683	0.08137	0.01890	0.02944	0.08708	0.03222	0.01683	0.01961	0.01340	0.00849	0.00749	0.00265	0.00943	0.00671	0.00517	0.01195
6	0.02150	0.02275	0.02213	0.11445	0.13910	0.23479	0.01670	0.02393	0.01953	0.02229	0.02215	0.16788	0.02250	0.01521	0.01183	0.08716	0.01089	0.01078	0.00509	0.00935

[dist]
# distance from previous block
# <min> <max>
0	13

[block]
# block no. 5 follows, 20 sequences, length 21
# corresponding to MSA columns:
# 131-151
name=unknown_F
#
# <colnr> <probs for GDERKNQSTAVLIFYWHMCP>
#	G	D	E	R	K	N	Q	S	T	A	V	L	I	F	Y	W	H	M	C	P
0	0.15378	0.02713	0.23725	0.02832	0.19416	0.01870	0.02263	0.03017	0.01955	0.15963	0.01918	0.02089	0.01373	0.00864	0.00797	0.00269	0.00997	0.00699	0.00565	0.01294
1	0.02362	0.20788	0.03669	0.03864	0.38472	0.11488	0.02215	0.02774	0.01997	0.02532	0.01483	0.01869	0.01274	0.00786	0.00770	0.00234	0.01084	0.00662	0.00418	0.01258
2	0.02823	0.46912	0.03739	0.01559	0.02266	0.07018	0.01448	0.03115	0.02016	0.19026	0.01827	0.01837	0.01402	0.00847	0.00661	0.00212	0.00924	0.00584	0.00570	0.01211
3	0.01387	0.01891	0.18554	0.01617	0.02053	0.01301	0.01571	0.01834	0.01498	0.02167	0.02200	0.03398	0.02063	0.16055	0.37385	0.00998	0.01789	0.00915	0.00451	0.00873
4	0.01949	0.02029	0.03344	0.02667	0.02906	0.02545	0.17891	0.02288	0.01532	0.02288	0.01313	0.02029	0.01194	0.01312	0.02365	0.00358	0.49741	0.00836	0.00398	0.01015
5	0.01644	0.01420	0.02299	0.55542	0.05128	0.01740	0.02103	0.02194	0.01759	0.02409	0.01779	0.02489	0.01352	0.00897	0.00826	0.00275	0.01030	0.00782	0.13391	0.00942
6	0.01107	0.00803	0.01045	0.01161	0.01270	0.00741	0.00804	0.01334	0.01908	0.02581	0.21007	0.47838	0.10287	0.02440	0.01085	0.00329	0.00476	0.02192	0.00851	0.00741
7	0.01626	0.00813	0.00813	0.00813	0.01016	0.00813	0.00610	0.02033	0.01829	0.03252	0.02846	0.03252	0.02236	0.01016	0.00610	0.00203	0.00407	0.00813	0.74187	0.00813
8	0.01287	0.00929	0.01263	0.01451	0.01617	0.00905	0.01193	0.01608	0.01915	0.02489	0.04958	0.25753	0.09223	0.02484	0.01168	0.00381	0.00698	0.39099	0.00805	0.00773
9	0.02394	0.03010	0.11136	0.02340	0.08556	0.28621	0.01837	0.06709	0.02155	0.02494	0.01727	0.02208	0.01458	0.02420	0.18494	0.00558	0.01646	0.00711	0.00470	0.01056
10	0.02035	0.02779	0.12853	0.01741	0.02242	0.26119	0.01536	0.02404	0.02150	0.02406	0.07898	0.10407	0.19011	0.01482	0.00909	0.00269	0.01033	0.01180	0.00602	0.00943
11	0.01204	0.00856	0.00933	0.00933	0.01013	0.00816	0.00565	0.01264	0.01464	0.01872	0.04403	0.06438	0.19576	0.51104	0.03514	0.00696	0.00736	0.01424	0.00605	0.00585
12	0.01113	0.00807	0.01118	0.01265	0.01345	0.00812	0.00886	0.01308	0.01597	0.02172	0.04136	0.51021	0.04794	0.03768	0.18712	0.00639	0.01003	0.02060	0.00717	0.00728
13	0.02909	0.06144	0.02544	0.02189	0.05686	0.26968	0.01645	0.19307	0.17445	0.03450	0.02096	0.02146	0.01609	0.00995	0.00828	0.00252	0.01134	0.00732	0.00667	0.01254
14	0.01868	0.01385	0.02119	0.11906	0.23358	0.01417	0.01655	0.02288	0.01888	0.06975	0.02636	0.14272	0.02409	0.01221	0.00841	0.00266	0.00770	0.01093	0.20575	0.01057
15	0.01775	0.01661	0.02895	0.18947	0.22233	0.01730	0.12261	0.02206	0.01745	0.02374	0.01942	0.03198	0.01804	0.19422	0.01866	0.00432	0.01092	0.00955	0.00449	0.01013
16	0.01690	0.01523	0.02384	0.03336	0.34812	0.01476	0.01785	0.02122	0.02118	0.02931	0.19818	0.04544	0.15219	0.01326	0.00941	0.00270	0.00752	0.01200	0.00648	0.01106
17	0.22929	0.02238	0.02255	0.01773	0.02428	0.02502	0.01464	0.45120	0.03390	0.05067	0.01855	0.01910	0.01337	0.00983	0.00782	0.00264	0.00882	0.00700	0.00782	0.01337
18	0.02763	0.34845	0.06054	0.01905	0.02528	0.34057	0.01660	0.03046	0.02119	0.02122	0.01294	0.01503	0.01121	0.00825	0.00682	0.00209	0.01262	0.00521	0.00410	0.01073
19	0.07643	0.21178	0.02799	0.01686	0.02288	0.12993	0.01427	0.22835	0.02707	0.03433	0.02622	0.02662	0.10086	0.01088	0.00771	0.00240	0.00961	0.00788	0.00633	0.01162
20	0.02218	0.07351	0.02123	0.01728	0.01994	0.21698	0.01374	0.02497	0.01862	0.02413	0.01792	0.02280	0.01535	0.01627	0.07625	0.00370	0.17411	0.00709	0.20463	0.00929

[dist]
# distance from previous block
# <min> <max>
2	5

[block]
# block no. 6 follows, 20 sequences, length 101
# corresponding to MSA columns:
# 157-257
name=unknown_G
#
# <colnr> <probs for GDERKNQSTAVLIFYWHMCP>
#	G	D	E	R	K	N	Q	S	T	A	V	L	I	F	Y	W	H	M	C	P
0	0.02709	0.15345	0.10070	0.01897	0.02594	0.02578	0.01746	0.30642	0.05980	0.06794	0.02259	0.02322	0.04417	0.01062	0.00955	0.00261	0.05591	0.00772	0.00692	0.01314
1	0.07768	0.15081	0.05361	0.01909	0.06019	0.05711	0.01547	0.13728	0.12103	0.12274	0.02153	0.02166	0.01604	0.00928	0.00764	0.00240	0.00882	0.00704	0.00682	0.08378
2	0.02184	0.24093	0.27299	0.08417	0.06321	0.12817	0.02340	0.02779	0.01921	0.02397	0.01424	0.01724	0.01132	0.00816	0.00745	0.00241	0.01201	0.00595	0.00388	0.01166
3	0.02427	0.02646	0.06375	0.04191	0.41511	0.15533	0.02376	0.05848	0.05458	0.02869	0.01701	0.02075	0.01387	0.00841	0.00847	0.00255	0.01140	0.00737	0.00479	0.01304
4	0.02347	0.06447	0.03368	0.04417	0.46235	0.13304	0.02392	0.02782	0.02023	0.02637	0.01538	0.01998	0.01308	0.00837	0.00941	0.00255	0.04741	0.00720	0.00429	0.01278
5	0.04745	0.01607	0.05465	0.06581	0.02777	0.01464	0.18173	0.02163	0.05209	0.02740	0.09170	0.14068	0.12603	0.01575	0.01012	0.00311	0.00896	0.07821	0.00660	0.00959
6	0.02153	0.17900	0.02535	0.01652	0.02177	0.02346	0.01367	0.06964	0.36891	0.03269	0.07009	0.02986	0.02589	0.01432	0.04673	0.00332	0.00841	0.00890	0.00745	0.01250
7	0.02583	0.46538	0.03841	0.01761	0.02377	0.21897	0.01573	0.02841	0.01955	0.02079	0.01249	0.01480	0.01122	0.00836	0.00758	0.00209	0.04915	0.00512	0.00396	0.01078
8	0.02379	0.01402	0.01918	0.02056	0.13600	0.01282	0.01334	0.02833	0.05105	0.24663	0.10630	0.04537	0.18404	0.01370	0.00920	0.00269	0.00680	0.01167	0.00839	0.04612
9	0.03264	0.03978	0.02487	0.02222	0.02698	0.59242	0.01683	0.09496	0.02642	0.02486	0.01426	0.01628	0.01161	0.00914	0.00796	0.00229	0.01509	0.00585	0.00494	0.01061
10	0.01063	0.00759	0.01012	0.01215	0.01265	0.00709	0.00810	0.01215	0.01670	0.02227	0.04808	0.68775	0.05769	0.02733	0.01113	0.00354	0.00506	0.02480	0.00810	0.00709
11	0.02159	0.02073	0.03541	0.05354	0.63903	0.02073	0.02677	0.02677	0.01986	0.02850	0.01641	0.02159	0.01382	0.00777	0.00864	0.00259	0.01036	0.00777	0.00432	0.01382
12	0.02332	0.69869	0.04571	0.01493	0.02239	0.03451	0.01493	0.02612	0.01772	0.02052	0.01213	0.01399	0.01119	0.00746	0.00560	0.00187	0.00933	0.00466	0.00373	0.01119
13	0.02170	0.01874	0.01972	0.01775	0.02268	0.02170	0.01381	0.04635	0.62327	0.03649	0.03550	0.03254	0.02663	0.01183	0.00888	0.00296	0.00690	0.00986	0.00888	0.01381
14	0.02073	0.01985	0.03385	0.15759	0.54170	0.02050	0.02634	0.02602	0.01945	0.02745	0.01626	0.02187	0.01345	0.00793	0.00865	0.00264	0.01058	0.00777	0.00424	0.01312
15	0.02126	0.02166	0.04075	0.04796	0.44168	0.02117	0.21985	0.02716	0.02010	0.02831	0.01682	0.02223	0.01362	0.00763	0.00919	0.00271	0.01181	0.00861	0.00435	0.01313
16	0.01251	0.00929	0.01207	0.01360	0.01555	0.00884	0.01116	0.01563	0.01939	0.02477	0.05654	0.20726	0.19037	0.02424	0.01146	0.00367	0.00661	0.34127	0.00806	0.00769
17	0.01406	0.01004	0.01406	0.01606	0.01807	0.01004	0.01406	0.01807	0.02008	0.02610	0.04618	0.09839	0.05020	0.02410	0.01205	0.00402	0.00803	0.58032	0.00803	0.00803
18	0.01052	0.00890	0.00913	0.00925	0.01214	0.00752	0.00705	0.01283	0.01989	0.02371	0.08597	0.08477	0.60227	0.02221	0.01041	0.00301	0.00462	0.05030	0.00810	0.00740
19	0.02188	0.53698	0.19480	0.01738	0.02619	0.03099	0.01921	0.02649	0.01790	0.02228	0.01300	0.01509	0.01116	0.00767	0.00626	0.00209	0.01021	0.00510	0.00372	0.01161
20	0.01750	0.04512	0.64825	0.02486	0.03775	0.02026	0.03223	0.02762	0.01842	0.02762	0.01565	0.01842	0.01105	0.00829	0.00829	0.00276	0.01289	0.00645	0.00368	0.01289
21	0.01055	0.00885	0.00916	0.00908	0.01193	0.00746	0.00681	0.01298	0.02044	0.02489	0.15174	0.08177	0.57129	0.02160	0.01031	0.00292	0.00438	0.01810	0.00827	0.00746
22	0.03258	0.04157	0.02472	0.02247	0.02697	0.65843	0.01685	0.03483	0.02472	0.02135	0.01348	0.01573	0.01124	0.00899	0.00787	0.00225	0.01573	0.00562	0.00449	0.01011
23	0.01647	0.01550	0.02616	0.67248	0.06008	0.01938	0.02422	0.02229	0.01744	0.02229	0.01550	0.02326	0.01163	0.00872	0.00872	0.00291	0.01163	0.00775	0.00388	0.00969
24	0.01406	0.01004	0.01406	0.01606	0.01807	0.01004	0.01406	0.01807	0.02008	0.02610	0.04618	0.09839	0.05020	0.02410	0.01205	0.00402	0.00803	0.58032	0.00803	0.00803
25	0.02159	0.02073	0.03541	0.05354	0.63903	0.02073	0.02677	0.02677	0.01986	0.02850	0.01641	0.02159	0.01382	0.00777	0.00864	0.00259	0.01036	0.00777	0.00432	0.01382
26	0.03269	0.03835	0.02499	0.02202	0.02698	0.53964	0.01680	0.14303	0.02778	0.02767	0.01489	0.01671	0.01191	0.00927	0.00803	0.00232	0.01458	0.00604	0.00529	0.01100
27	0.01235	0.00892	0.01166	0.01097	0.01303	0.00823	0.00823	0.01646	0.02469	0.03498	0.63443	0.06516	0.08230	0.01783	0.01029	0.00274	0.00412	0.01578	0.00960	0.00823
28	0.01804	0.01710	0.02900	0.48271	0.23758	0.01979	0.02501	0.02366	0.01818	0.02419	0.01578	0.02274	0.01230	0.00843	0.00869	0.00281	0.01124	0.00776	0.00401	0.01096
29	0.03316	0.02443	0.02618	0.02007	0.02705	0.02705	0.01658	0.60995	0.04101	0.05497	0.02094	0.02094	0.01483	0.01047	0.00873	0.00262	0.00960	0.00785	0.00873	0.01483
30	0.01750	0.04512	0.64825	0.02486	0.03775	0.02026	0.03223	0.02762	0.01842	0.02762	0.01565	0.01842	0.01105	0.00829	0.00829	0.00276	0.01289	0.00645	0.00368	0.01289
31	0.01063	0.00759	0.01012	0.01215	0.01265	0.00709	0.00810	0.01215	0.01670	0.02227	0.04808	0.68775	0.05769	0.02733	0.01113	0.00354	0.00506	0.02480	0.00810	0.00709
32	0.01054	0.00792	0.00979	0.01128	0.01243	0.00716	0.00771	0.01224	0.01753	0.02260	0.05856	0.53070	0.20799	0.02597	0.01092	0.00339	0.00489	0.02314	0.00810	0.00716
33	0.01784	0.08388	0.61252	0.02427	0.03684	0.02110	0.03120	0.02754	0.01838	0.02720	0.01544	0.01815	0.01106	0.00824	0.00813	0.00271	0.01268	0.00634	0.00369	0.01279
34	0.03316	0.02443	0.02618	0.02007	0.02705	0.02705	0.01658	0.60995	0.04101	0.05497	0.02094	0.02094	0.01483	0.01047	0.00873	0.00262	0.00960	0.00785	0.00873	0.01483
35	0.03316	0.02443	0.02618	0.02007	0.02705	0.02705	0.01658	0.60995	0.04101	0.05497	0.02094	0.02094	0.01483	0.01047	0.00873	0.00262	0.00960	0.00785	0.00873	0.01483
36	0.02015	0.02224	0.04428	0.03274	0.03900	0.02341	0.43640	0.02592	0.01849	0.02592	0.01585	0.02224	0.01272	0.00965	0.01562	0.00320	0.20731	0.00952	0.00424	0.01112
37	0.02106	0.01998	0.03392	0.05093	0.59583	0.01998	0.02589	0.02617	0.01988	0.02833	0.01848	0.02693	0.01635	0.00891	0.00887	0.00269	0.01020	0.04761	0.00458	0.01341
38	0.01063	0.00759	0.01012	0.01215	0.01265	0.00709	0.00810	0.01215	0.01670	0.02227	0.04808	0.68775	0.05769	0.02733	0.01113	0.00354	0.00506	0.02480	0.00810	0.00709
39	0.01925	0.01834	0.03119	0.33600	0.37482	0.02011	0.02561	0.02472	0.01876	0.02566	0.01600	0.02235	0.01282	0.00821	0.00867	0.00274	0.01094	0.00776	0.00412	0.01193
40	0.02159	0.02073	0.03541	0.05354	0.63903	0.02073	0.02677	0.02677	0.01986	0.02850	0.01641	0.02159	0.01382	0.00777	0.00864	0.00259	0.01036	0.00777	0.00432	0.01382
41	0.02059	0.02353	0.05147	0.03676	0.04559	0.02206	0.60735	0.02794	0.02059	0.02794	0.01765	0.02353	0.01324	0.00735	0.01029	0.00294	0.01471	0.01029	0.00441	0.01176
42	0.02616	0.49721	0.03927	0.01724	0.02379	0.22582	0.01552	0.02879	0.01987	0.02078	0.01254	0.01453	0.01121	0.00793	0.00629	0.00198	0.01129	0.00496	0.00397	0.01086
43	0.01838	0.03898	0.47843	0.02825	0.03998	0.02077	0.19589	0.02771	0.01903	0.02771	0.01622	0.01987	0.01167	0.00802	0.00886	0.00281	0.01341	0.00754	0.00389	0.01257
44	0.01031	0.00884	0.00884	0.00884	0.01178	0.00736	0.00663	0.01252	0.01988	0.02356	0.08837	0.08395	0.63549	0.02209	0.01031	0.00295	0.00442	0.01841	0.00810	0.00736
45	0.01268	0.00846	0.00951	0.00951	0.00951	0.00846	0.00529	0.01268	0.01268	0.01691	0.02748	0.05708	0.03171	0.69345	0.04440	0.00846	0.00846	0.01268	0.00529	0.00529
46	0.03068	0.03829	0.02486	0.02415	0.06890	0.57732	0.01721	0.03318	0.02377	0.02178	0.01425	0.01719	0.01202	0.01211	0.04486	0.00294	0.01579	0.00598	0.00449	0.01024
47	0.01621	0.01146	0.01338	0.01301	0.01638	0.01092	0.01068	0.08579	0.02275	0.07130	0.06276	0.07766	0.32610	0.02062	0.01060	0.00325	0.00643	0.20338	0.00834	0.00897
48	0.01268	0.00846	0.00951	0.00951	0.00951	0.00846	0.00529	0.01268	0.01268	0.01691	0.02748	0.05708	0.03171	0.69345	0.04440	0.00846	0.00846	0.01268	0.00529	0.00529
49	0.01750	0.04512	0.64825	0.02486	0.03775	0.02026	0.03223	0.02762	0.01842	0.02762	0.01565	0.01842	0.01105	0.00829	0.00829	0.00276	0.01289	0.00645	0.00368	0.01289
50	0.02359	0.02492	0.16992	0.01998	0.02683	0.02023	0.01952	0.29044	0.02924	0.03964	0.02743	0.04409	0.02478	0.01413	0.00964	0.00308	0.00990	0.18304	0.00732	0.01229
51	0.02105	0.02018	0.03444	0.11825	0.57850	0.02058	0.02650	0.02630	0.01961	0.02785	0.01631	0.02176	0.01359	0.00787	0.00864	0.00262	0.01049	0.00777	0.00427	0.01339
52	0.01042	0.00841	0.00928	0.00998	0.01208	0.00727	0.00713	0.01239	0.01879	0.02312	0.07449	0.29190	0.43649	0.02389	0.01059	0.00315	0.00464	0.02061	0.00810	0.00727
53	0.01876	0.01783	0.03029	0.39638	0.31834	0.01998	0.02536	0.02429	0.01852	0.02506	0.01591	0.02251	0.01260	0.00830	0.00868	0.00277	0.01106	0.00776	0.00407	0.01153
54	0.03172	0.02338	0.02533	0.01965	0.02625	0.02593	0.01618	0.56859	0.03913	0.05256	0.02111	0.02187	0.01532	0.01429	0.05396	0.00341	0.01056	0.00796	0.00844	0.01434
55	0.03316	0.02443	0.02618	0.02007	0.02705	0.02705	0.01658	0.60995	0.04101	0.05497	0.02094	0.02094	0.01483	0.01047	0.00873	0.00262	0.00960	0.00785	0.00873	0.01483
56	0.03334	0.01614	0.02007	0.01626	0.02241	0.01577	0.01315	0.04379	0.22394	0.44269	0.03478	0.03064	0.02327	0.01114	0.00881	0.00279	0.00725	0.00913	0.01016	0.01450
57	0.02345	0.06460	0.10211	0.03423	0.15225	0.17312	0.26776	0.02922	0.02106	0.02607	0.01593	0.02030	0.01254	0.00792	0.00895	0.00264	0.01366	0.00802	0.00430	0.01185
58	0.01063	0.00759	0.01012	0.01215	0.01265	0.00709	0.00810	0.01215	0.01670	0.02227	0.04808	0.68775	0.05769	0.02733	0.01113	0.00354	0.00506	0.02480	0.00810	0.00709
59	0.01040	0.00848	0.00920	0.00978	0.01203	0.00728	0.00705	0.01241	0.01898	0.02320	0.07690	0.25577	0.47107	0.02358	0.01054	0.00312	0.00460	0.02023	0.00810	0.00728
60	0.01253	0.00858	0.01041	0.01051	0.01084	0.00885	0.00651	0.01321	0.01316	0.01784	0.02782	0.08693	0.03123	0.53766	0.15968	0.00925	0.01111	0.01271	0.00532	0.00586
61	0.03316	0.02443	0.02618	0.02007	0.02705	0.02705	0.01658	0.60995	0.04101	0.05497	0.02094	0.02094	0.01483	0.01047	0.00873	0.00262	0.00960	0.00785	0.00873	0.01483
62	0.01063	0.00759	0.01012	0.01215	0.01265	0.00709	0.00810	0.01215	0.01670	0.02227	0.04808	0.68775	0.05769	0.02733	0.01113	0.00354	0.00506	0.02480	0.00810	0.00709
63	0.02159	0.02073	0.03541	0.05354	0.63903	0.02073	0.02677	0.02677	0.01986	0.02850	0.01641	0.02159	0.01382	0.00777	0.00864	0.00259	0.01036	0.00777	0.00432	0.01382
64	0.02129	0.02063	0.03583	0.08234	0.57907	0.02073	0.05813	0.02662	0.01979	0.02817	0.01643	0.02177	0.01368	0.00779	0.00873	0.00262	0.01066	0.00791	0.00430	0.01351
65	0.02096	0.02008	0.03427	0.12991	0.56759	0.02056	0.02646	0.02622	0.01956	0.02773	0.01630	0.02179	0.01355	0.00789	0.00865	0.00263	0.01052	0.00777	0.00426	0.01331
66	0.03914	0.01484	0.02024	0.01552	0.02227	0.01282	0.01282	0.04251	0.02497	0.64507	0.03441	0.02969	0.02159	0.01080	0.00877	0.00270	0.00742	0.00877	0.01080	0.01484
67	0.02007	0.19170	0.27460	0.02711	0.03714	0.02433	0.25057	0.02739	0.01909	0.02606	0.01559	0.01935	0.01193	0.00773	0.00843	0.00262	0.01275	0.00751	0.00398	0.01205
68	0.03200	0.03476	0.02530	0.02172	0.02676	0.41862	0.01689	0.21983	0.02934	0.03219	0.01578	0.01760	0.01241	0.00982	0.00932	0.00246	0.05130	0.00645	0.00582	0.01161
69	0.02332	0.69869	0.04571	0.01493	0.02239	0.03451	0.01493	0.02612	0.01772	0.02052	0.01213	0.01399	0.01119	0.00746	0.00560	0.00187	0.00933	0.00466	0.00373	0.01119
70	0.07685	0.01768	0.01937	0.01679	0.02218	0.01944	0.01327	0.04400	0.43912	0.18094	0.03362	0.03059	0.02424	0.01133	0.00861	0.00288	0.00702	0.00925	0.00909	0.01375
71	0.01647	0.01550	0.02616	0.67248	0.06008	0.01938	0.02422	0.02229	0.01744	0.02229	0.01550	0.02326	0.01163	0.00872	0.00872	0.00291	0.01163	0.00775	0.00388	0.00969
72	0.01246	0.00935	0.01402	0.01402	0.01558	0.01090	0.01090	0.01558	0.01402	0.02025	0.02336	0.03427	0.02181	0.06542	0.65888	0.01402	0.02336	0.00935	0.00467	0.00779
73	0.01235	0.00892	0.01166	0.01097	0.01303	0.00823	0.00823	0.01646	0.02469	0.03498	0.63443	0.06516	0.08230	0.01783	0.01029	0.00274	0.00412	0.01578	0.00960	0.00823
74	0.01515	0.00758	0.01136	0.01136	0.01136	0.00758	0.00758	0.01136	0.01136	0.01515	0.01515	0.02652	0.01515	0.03030	0.03409	0.74621	0.00758	0.00758	0.00379	0.00379
75	0.01246	0.00935	0.01402	0.01402	0.01558	0.01090	0.01090	0.01558	0.01402	0.02025	0.02336	0.03427	0.02181	0.06542	0.65888	0.01402	0.02336	0.00935	0.00467	0.00779
76	0.03316	0.02443	0.02618	0.02007	0.02705	0.02705	0.01658	0.60995	0.04101	0.05497	0.02094	0.02094	0.01483	0.01047	0.00873	0.00262	0.00960	0.00785	0.00873	0.01483
77	0.01268	0.00846	0.00951	0.00951	0.00951	0.00846	0.00529	0.01268	0.01268	0.01691	0.02748	0.05708	0.03171	0.69345	0.04440	0.00846	0.00846	0.01268	0.00529	0.00529
78	0.01257	0.00841	0.00955	0.00966	0.00969	0.00838	0.00544	0.01265	0.01291	0.01722	0.02865	0.09287	0.03319	0.65565	0.04251	0.00818	0.00826	0.01337	0.00544	0.00539
79	0.01236	0.00839	0.00954	0.00974	0.00994	0.00826	0.00564	0.01262	0.01345	0.01779	0.03264	0.12179	0.06495	0.59248	0.03933	0.00768	0.00791	0.01419	0.00571	0.00557
80	0.01268	0.00846	0.00951	0.00951	0.00951	0.00846	0.00529	0.01268	0.01268	0.01691	0.02748	0.05708	0.03171	0.69345	0.04440	0.00846	0.00846	0.01268	0.00529	0.00529
81	0.01095	0.00784	0.01041	0.01192	0.01272	0.00730	0.00812	0.01297	0.01822	0.02469	0.15980	0.56912	0.06238	0.02552	0.01097	0.00339	0.00488	0.02308	0.00838	0.00730
82	0.07074	0.02404	0.02548	0.01962	0.02652	0.02666	0.01621	0.57953	0.03965	0.05415	0.02048	0.02059	0.01455	0.01035	0.00855	0.00262	0.00945	0.00769	0.00855	0.01455
83	0.01170	0.00889	0.01077	0.01030	0.01264	0.00796	0.00772	0.01521	0.02317	0.03136	0.46140	0.07111	0.25760	0.01918	0.01029	0.00281	0.00421	0.01661	0.00913	0.00796
84	0.01626	0.00813	0.00813	0.00813	0.01016	0.00813	0.00610	0.02033	0.01829	0.03252	0.02846	0.03252	0.02236	0.01016	0.00610	0.00203	0.00407	0.00813	0.74187	0.00813
85	0.19622	0.01562	0.01612	0.01358	0.01816	0.01657	0.01080	0.19100	0.02559	0.08176	0.14520	0.03816	0.10017	0.04970	0.01024	0.00300	0.00682	0.01018	0.04052	0.01062
86	0.01246	0.00935	0.01402	0.01402	0.01558	0.01090	0.01090	0.01558	0.01402	0.02025	0.02336	0.03427	0.02181	0.06542	0.65888	0.01402	0.02336	0.00935	0.00467	0.00779
87	0.01031	0.00884	0.00884	0.00884	0.01178	0.00736	0.00663	0.01252	0.01988	0.02356	0.08837	0.08395	0.63549	0.02209	0.01031	0.00295	0.00442	0.01841	0.00810	0.00736
88	0.01259	0.01073	0.01106	0.01065	0.01393	0.01014	0.00808	0.01918	0.13511	0.02664	0.10768	0.07314	0.48971	0.01991	0.01003	0.00294	0.00488	0.01664	0.00833	0.00864
89	0.01239	0.00885	0.01214	0.01415	0.01543	0.00860	0.01115	0.01518	0.01843	0.02423	0.04711	0.38558	0.05385	0.02567	0.01160	0.00379	0.00658	0.30962	0.00806	0.00757
90	0.01647	0.01550	0.02616	0.67248	0.06008	0.01938	0.02422	0.02229	0.01744	0.02229	0.01550	0.02326	0.01163	0.00872	0.00872	0.00291	0.01163	0.00775	0.00388	0.00969
91	0.01647	0.01550	0.02616	0.67248	0.06008	0.01938	0.02422	0.02229	0.01744	0.02229	0.01550	0.02326	0.01163	0.00872	0.00872	0.00291	0.01163	0.00775	0.00388	0.00969
92	0.01063	0.00759	0.01012	0.01215	0.01265	0.00709	0.00810	0.01215	0.01670	0.02227	0.04808	0.68775	0.05769	0.02733	0.01113	0.00354	0.00506	0.02480	0.00810	0.00709
93	0.75506	0.01687	0.01282	0.01147	0.01687	0.01957	0.00945	0.02564	0.01484	0.03914	0.01215	0.01417	0.00945	0.00810	0.00540	0.00270	0.00675	0.00472	0.00540	0.00945
94	0.01181	0.00830	0.01016	0.01066	0.01146	0.00790	0.00694	0.01336	0.01713	0.02314	0.17586	0.26418	0.08589	0.28625	0.02395	0.00525	0.00614	0.01763	0.00734	0.00666
95	0.01037	0.00860	0.00908	0.00947	0.01195	0.00731	0.00691	0.01245	0.01928	0.02332	0.08069	0.19900	0.52540	0.02309	0.01047	0.00306	0.00454	0.01963	0.00810	0.00731
96	0.01610	0.01325	0.02195	0.48435	0.04622	0.01602	0.01949	0.01918	0.01571	0.02026	0.01540	0.02418	0.01263	0.01486	0.01594	0.21442	0.01047	0.00770	0.00385	0.00801
97	0.03914	0.01484	0.02024	0.01552	0.02227	0.01282	0.01282	0.04251	0.02497	0.64507	0.03441	0.02969	0.02159	0.01080	0.00877	0.00270	0.00742	0.00877	0.01080	0.01484
98	0.01394	0.00989	0.01164	0.01192	0.01434	0.00918	0.00892	0.05609	0.02044	0.05920	0.06149	0.30673	0.28471	0.02284	0.01059	0.00324	0.00553	0.07278	0.00828	0.00825
99	0.01078	0.00871	0.00903	0.00912	0.01139	0.00756	0.00644	0.01253	0.01836	0.02224	0.07490	0.10677	0.49371	0.15025	0.01684	0.00402	0.00522	0.01761	0.00756	0.00695
100	0.02122	0.01719	0.01831	0.01644	0.02121	0.01927	0.01280	0.04164	0.50785	0.07087	0.04244	0.03919	0.10700	0.01313	0.00906	0.00294	0.00660	0.01093	0.00889	0.01301

[dist]
# distance from previous block
# <min> <max>
0	3

[block]
# block no. 7 follows, 20 sequences, length 24
# corresponding to MSA columns:
# 261-284
name=unknown_H
#
# <colnr> <probs for GDERKNQSTAVLIFYWHMCP>
#	G	D	E	R	K	N	Q	S	T	A	V	L	I	F	Y	W	H	M	C	P
0	0.01151	0.00796	0.00986	0.01102	0.01131	0.00767	0.00690	0.01238	0.01498	0.01998	0.03928	0.41823	0.04659	0.31200	0.02535	0.00564	0.00651	0.01962	0.00690	0.00632
1	0.01097	0.00824	0.01022	0.01136	0.01280	0.00749	0.00809	0.01316	0.01877	0.02448	0.13389	0.41193	0.21366	0.02452	0.01086	0.00331	0.00495	0.05566	0.00829	0.00736
2	0.01279	0.00850	0.01042	0.01091	0.01195	0.00798	0.00720	0.01425	0.01696	0.04993	0.11532	0.30406	0.10751	0.25605	0.02239	0.00505	0.00617	0.01815	0.00742	0.00697
3	0.03316	0.02443	0.02618	0.02007	0.02705	0.02705	0.01658	0.60995	0.04101	0.05497	0.02094	0.02094	0.01483	0.01047	0.00873	0.00262	0.00960	0.00785	0.00873	0.01483
4	0.01722	0.01032	0.01287	0.01245	0.01532	0.00952	0.00941	0.02125	0.05790	0.14568	0.15024	0.24737	0.18149	0.02026	0.01027	0.00311	0.00551	0.05159	0.00891	0.00930
5	0.01125	0.00820	0.01071	0.01234	0.01345	0.00766	0.00890	0.01340	0.01808	0.02380	0.08781	0.48865	0.12174	0.02565	0.01114	0.00350	0.00541	0.11280	0.00818	0.00734
6	0.01197	0.00815	0.00973	0.01043	0.01061	0.00798	0.00627	0.01250	0.01409	0.01878	0.03468	0.27749	0.04079	0.46065	0.03277	0.00674	0.00727	0.01692	0.00627	0.00591
7	0.01306	0.01022	0.01516	0.01482	0.01624	0.01233	0.01164	0.01606	0.01396	0.02032	0.02229	0.03290	0.02087	0.06090	0.60213	0.01310	0.08227	0.00919	0.00460	0.00795
8	0.01175	0.00893	0.01092	0.01166	0.01330	0.00845	0.00826	0.01566	0.06283	0.02642	0.18761	0.38510	0.17053	0.02307	0.01062	0.00321	0.00486	0.02047	0.00849	0.00788
9	0.15850	0.01382	0.01467	0.01290	0.01697	0.01426	0.01014	0.11896	0.05313	0.08181	0.19823	0.08596	0.15644	0.01537	0.00898	0.00281	0.00602	0.01263	0.00833	0.01008
10	0.09553	0.02222	0.03220	0.04656	0.52204	0.07803	0.02415	0.02738	0.01980	0.02891	0.01572	0.02032	0.01315	0.00791	0.00824	0.00257	0.01049	0.00727	0.00444	0.01305
11	0.01281	0.00957	0.01150	0.01234	0.01387	0.00947	0.00896	0.01689	0.07731	0.02345	0.04839	0.26884	0.14101	0.17296	0.01838	0.00458	0.00648	0.12808	0.00753	0.00758
12	0.02622	0.01401	0.01601	0.01321	0.01771	0.01410	0.01059	0.17394	0.02609	0.19734	0.06208	0.03071	0.02363	0.01083	0.00769	0.00239	0.00633	0.00866	0.32690	0.01156
13	0.01132	0.00815	0.00965	0.01053	0.01133	0.00764	0.00678	0.01242	0.01585	0.02056	0.04840	0.33868	0.16103	0.27043	0.02316	0.00523	0.00618	0.01911	0.00707	0.00648
14	0.40145	0.01921	0.02257	0.02753	0.23924	0.02094	0.01652	0.10132	0.02000	0.03740	0.01479	0.01768	0.01169	0.00829	0.00698	0.00265	0.00840	0.00621	0.00544	0.01169
15	0.01513	0.00959	0.01214	0.01206	0.01465	0.00869	0.00936	0.01820	0.02134	0.10360	0.22040	0.17800	0.20620	0.02075	0.01055	0.00314	0.00543	0.11334	0.00884	0.00859
16	0.01266	0.00855	0.00996	0.00996	0.01012	0.00870	0.00584	0.01297	0.01282	0.01725	0.02707	0.05481	0.03073	0.63098	0.10552	0.00901	0.00994	0.01235	0.00522	0.00553
17	0.01721	0.01723	0.04996	0.06736	0.02630	0.01902	0.08893	0.02496	0.13104	0.02524	0.02611	0.06965	0.05435	0.02378	0.14134	0.00536	0.18615	0.01032	0.00552	0.01016
18	0.01234	0.00831	0.00961	0.00995	0.01003	0.00823	0.00575	0.01260	0.01335	0.01780	0.03090	0.16164	0.03602	0.58301	0.03888	0.00764	0.00789	0.01469	0.00575	0.00558
19	0.01227	0.00886	0.01063	0.01061	0.01210	0.00835	0.00752	0.01455	0.01900	0.02541	0.25014	0.06952	0.16560	0.25953	0.02261	0.00495	0.00615	0.07757	0.00761	0.00700
