[name]
unknown

[dist]
# distance from previous block
# <min> <max>
2	80

[block]
# block no. 0 follows, 21 sequences, length 72
# corresponding to MSA columns:
# 80-151
name=unknown_A
#
# <colnr> <probs for GDERKNQSTAVLIFYWHMCP>
#	G	D	E	R	K	N	Q	S	T	A	V	L	I	F	Y	W	H	M	C	P
0	0.01688	0.11089	0.02221	0.01455	0.02052	0.01426	0.05830	0.02025	0.01748	0.02523	0.02216	0.17387	0.02247	0.01121	0.00753	0.00197	0.00702	0.00979	0.00545	0.41797
1	0.02487	0.22549	0.02870	0.01768	0.02329	0.28161	0.01460	0.02756	0.01977	0.02216	0.01307	0.01565	0.01135	0.00825	0.00832	0.00199	0.06455	0.00527	0.00427	0.18157
2	0.02196	0.03638	0.34015	0.02311	0.06169	0.16840	0.02351	0.07471	0.02116	0.02780	0.01521	0.01767	0.01151	0.00814	0.00779	0.00236	0.01196	0.00610	0.00440	0.11601
3	0.02228	0.37794	0.18200	0.02296	0.11365	0.10388	0.02030	0.02692	0.01855	0.02281	0.01337	0.01589	0.01125	0.00769	0.00675	0.00217	0.01079	0.00549	0.00380	0.01154
4	0.02166	0.54944	0.09764	0.01653	0.02327	0.03134	0.01666	0.02491	0.01676	0.02072	0.01205	0.01474	0.01094	0.00842	0.00885	0.00217	0.10428	0.00511	0.00365	0.01085
5	0.02275	0.70604	0.04459	0.01456	0.02184	0.03367	0.01456	0.02548	0.01729	0.02002	0.01183	0.01365	0.01092	0.00728	0.00546	0.00182	0.00910	0.00455	0.00364	0.01092
6	0.01693	0.32290	0.02760	0.01408	0.01819	0.02101	0.01240	0.01983	0.01530	0.01988	0.01786	0.02453	0.01661	0.03837	0.36926	0.00834	0.01663	0.00706	0.00415	0.00909
7	0.01117	0.00818	0.01159	0.01267	0.01363	0.00859	0.00913	0.01336	0.01512	0.02084	0.03605	0.39734	0.04052	0.04339	0.30637	0.00806	0.01298	0.01741	0.00640	0.00722
8	0.25061	0.01191	0.01305	0.01243	0.01586	0.01204	0.00941	0.02301	0.01765	0.17762	0.03282	0.32430	0.03324	0.01698	0.00857	0.00300	0.00600	0.01437	0.00771	0.00944
9	0.35423	0.01853	0.02462	0.03376	0.36356	0.01971	0.01851	0.02562	0.01717	0.03248	0.01414	0.01780	0.01156	0.00773	0.00700	0.00258	0.00852	0.00624	0.00469	0.01156
10	0.01518	0.01318	0.02098	0.03003	0.29847	0.01290	0.01610	0.01827	0.01768	0.02446	0.03299	0.39177	0.03701	0.01807	0.00976	0.00304	0.00727	0.01671	0.00624	0.00987
11	0.01020	0.00807	0.00919	0.01007	0.01188	0.00706	0.00711	0.01205	0.01800	0.02242	0.06851	0.35811	0.37960	0.02385	0.01042	0.00314	0.00459	0.02077	0.00790	0.00706
12	0.12916	0.10293	0.01832	0.01464	0.04228	0.17042	0.01103	0.02150	0.01954	0.02457	0.04580	0.04510	0.29599	0.01417	0.00815	0.00253	0.00810	0.01094	0.00600	0.00883
13	0.02041	0.02150	0.01745	0.01787	0.07227	0.24891	0.01232	0.02322	0.02219	0.04973	0.15629	0.04688	0.22856	0.01448	0.00899	0.00255	0.00889	0.01167	0.00668	0.00915
14	0.01414	0.01069	0.01132	0.01045	0.01285	0.01036	0.00740	0.10042	0.01983	0.02507	0.05499	0.06341	0.32908	0.26783	0.02197	0.00479	0.00648	0.01443	0.00699	0.00750
15	0.02724	0.02624	0.02451	0.02503	0.14113	0.22444	0.01659	0.23797	0.02724	0.03322	0.01820	0.02389	0.01549	0.10616	0.01311	0.00323	0.01123	0.00762	0.00593	0.01153
16	0.02475	0.19006	0.03375	0.03396	0.30812	0.22147	0.02040	0.02837	0.02033	0.02381	0.01414	0.01754	0.01210	0.00787	0.00749	0.00226	0.01147	0.00622	0.00413	0.01176
17	0.01666	0.07569	0.01969	0.02077	0.15697	0.10491	0.01296	0.01952	0.01987	0.02351	0.05384	0.05307	0.35975	0.01540	0.00896	0.00261	0.00757	0.01273	0.00622	0.00929
18	0.01402	0.00974	0.00988	0.00960	0.01240	0.00952	0.00727	0.02009	0.10776	0.02836	0.05508	0.05432	0.30273	0.01539	0.00819	0.00252	0.00452	0.01269	0.30752	0.00840
19	0.02183	0.01833	0.02144	0.01930	0.05108	0.06890	0.07256	0.06364	0.30229	0.05633	0.02694	0.02791	0.02061	0.01193	0.01043	0.06714	0.00814	0.00867	0.11106	0.01146
20	0.08010	0.01300	0.02074	0.01932	0.06419	0.01360	0.10488	0.02030	0.01628	0.06775	0.02572	0.03235	0.06209	0.03965	0.37069	0.00875	0.01683	0.00935	0.00521	0.00920
21	0.02355	0.01557	0.01904	0.01617	0.02046	0.01702	0.01301	0.23488	0.05541	0.12459	0.02411	0.02809	0.01907	0.03447	0.30510	0.00759	0.01497	0.00855	0.00703	0.01133
22	0.02186	0.01411	0.01857	0.08078	0.02326	0.01421	0.04005	0.10904	0.07645	0.17146	0.14087	0.09898	0.12516	0.01443	0.00930	0.00279	0.00705	0.01241	0.00831	0.01092
23	0.02306	0.02671	0.02582	0.07374	0.08390	0.31488	0.10543	0.02635	0.02079	0.02268	0.02180	0.17143	0.02176	0.01245	0.00888	0.00266	0.01207	0.01074	0.00511	0.00973
24	0.02994	0.03730	0.02505	0.02423	0.07253	0.56758	0.01734	0.03232	0.02288	0.02132	0.01321	0.01603	0.01117	0.00917	0.00933	0.00234	0.06805	0.00579	0.00432	0.01009
25	0.02589	0.02938	0.02985	0.03859	0.36800	0.31132	0.02176	0.02966	0.02151	0.02466	0.01472	0.01849	0.01235	0.00812	0.00809	0.00238	0.01247	0.00664	0.00429	0.01185
26	0.05527	0.02176	0.12238	0.03890	0.41493	0.01814	0.02296	0.02524	0.01923	0.05270	0.07391	0.02603	0.02005	0.04068	0.00999	0.00284	0.00956	0.00822	0.00493	0.01230
27	0.01996	0.01677	0.02645	0.03664	0.39555	0.01674	0.01968	0.02612	0.07507	0.07265	0.11825	0.08713	0.02911	0.01130	0.00891	0.00267	0.00822	0.01047	0.00616	0.01214
28	0.01501	0.01384	0.02029	0.02826	0.29800	0.01305	0.01531	0.01847	0.01939	0.02516	0.05460	0.05451	0.36032	0.01526	0.00932	0.00272	0.00692	0.01329	0.00624	0.01002
29	0.02327	0.01264	0.01682	0.01480	0.04312	0.01120	0.04049	0.02713	0.04549	0.28951	0.05580	0.05229	0.30120	0.01525	0.00931	0.00276	0.00637	0.01287	0.00871	0.01097
30	0.02731	0.01796	0.02784	0.03572	0.36597	0.01749	0.02007	0.03335	0.07393	0.25645	0.02401	0.02486	0.01732	0.00900	0.00849	0.00260	0.00877	0.00811	0.00690	0.01384
31	0.01529	0.01385	0.02067	0.02855	0.29817	0.01317	0.01553	0.01901	0.02004	0.02670	0.13186	0.05197	0.28210	0.01469	0.00932	0.00269	0.00688	0.01293	0.00644	0.01014
32	0.01268	0.00869	0.01032	0.01052	0.01276	0.00764	0.00765	0.01497	0.01943	0.07416	0.14955	0.27952	0.31736	0.02178	0.01020	0.00302	0.00471	0.01892	0.00832	0.00779
33	0.01941	0.01341	0.01556	0.01414	0.01761	0.01382	0.01079	0.13954	0.12540	0.09468	0.12557	0.24392	0.09562	0.01759	0.00962	0.00294	0.00614	0.01521	0.00861	0.01041
34	0.09121	0.01727	0.01875	0.01628	0.02153	0.01904	0.01287	0.04257	0.44096	0.17426	0.03236	0.02952	0.02338	0.01099	0.00833	0.00281	0.00683	0.00893	0.00878	0.01332
35	0.02731	0.02134	0.02270	0.01856	0.02447	0.02404	0.01496	0.36091	0.30676	0.04551	0.02683	0.02553	0.01965	0.01081	0.00858	0.00270	0.00818	0.00854	0.00858	0.01402
36	0.02845	0.01689	0.01983	0.01630	0.02143	0.01733	0.01298	0.29414	0.02934	0.22202	0.03106	0.19543	0.02710	0.01451	0.00913	0.00281	0.00761	0.01215	0.00895	0.01254
37	0.01475	0.00882	0.01154	0.01180	0.01372	0.00800	0.00848	0.01713	0.01949	0.11611	0.18437	0.40426	0.10504	0.02179	0.01027	0.00311	0.00501	0.01941	0.00862	0.00829
38	0.02241	0.01661	0.01831	0.01565	0.01995	0.01766	0.01225	0.34594	0.02977	0.03944	0.03786	0.23826	0.11580	0.01690	0.00946	0.00288	0.00728	0.01423	0.00824	0.01111
39	0.09366	0.01774	0.02010	0.01599	0.02165	0.01845	0.01302	0.29535	0.03026	0.21253	0.12295	0.04926	0.02752	0.01173	0.00855	0.00263	0.00756	0.00936	0.00890	0.01277
40	0.12528	0.01181	0.01540	0.01378	0.01740	0.01240	0.01102	0.02472	0.01710	0.21885	0.02460	0.02930	0.01952	0.03946	0.37019	0.00870	0.01570	0.00831	0.00651	0.00996
41	0.02117	0.01577	0.01873	0.01632	0.02033	0.01778	0.01301	0.21158	0.14844	0.05415	0.02482	0.02887	0.02009	0.03463	0.30511	0.00763	0.01481	0.00875	0.00683	0.01117
42	0.02108	0.01388	0.01585	0.01379	0.01780	0.01386	0.01073	0.20465	0.02600	0.12123	0.07706	0.19710	0.19689	0.01747	0.00955	0.00287	0.00642	0.01477	0.00853	0.01045
43	0.02200	0.02413	0.01757	0.01690	0.01963	0.31621	0.01225	0.05442	0.04064	0.02294	0.02769	0.26728	0.02985	0.07499	0.01198	0.00321	0.01036	0.01313	0.00608	0.00874
44	0.02959	0.02773	0.02291	0.01923	0.02414	0.26401	0.01500	0.31138	0.02985	0.03568	0.01688	0.01931	0.01320	0.01248	0.01179	0.11127	0.01132	0.00680	0.00626	0.01118
45	0.01516	0.00994	0.01239	0.01226	0.01388	0.01000	0.00880	0.09821	0.01972	0.02731	0.12093	0.30196	0.04165	0.02222	0.01501	0.17081	0.00589	0.01543	0.07094	0.00750
46	0.01173	0.00864	0.01230	0.01260	0.01399	0.00921	0.00943	0.01463	0.01660	0.02342	0.16722	0.18998	0.04242	0.04502	0.37150	0.00890	0.01455	0.01393	0.00639	0.00754
47	0.02125	0.02385	0.02320	0.02023	0.02394	0.27768	0.10100	0.02455	0.01883	0.02128	0.01808	0.02459	0.01589	0.03333	0.30496	0.00746	0.01855	0.00778	0.00445	0.00908
48	0.02783	0.02528	0.03062	0.02369	0.02988	0.11486	0.15083	0.32668	0.05834	0.03944	0.01855	0.02065	0.01388	0.00980	0.01041	0.00269	0.06935	0.00796	0.00659	0.01267
49	0.43217	0.01939	0.01794	0.01481	0.02063	0.02201	0.01216	0.25257	0.06734	0.04388	0.01671	0.01759	0.01239	0.00904	0.00674	0.00262	0.00765	0.00612	0.00674	0.01151
50	0.34890	0.01221	0.01137	0.01064	0.01430	0.01289	0.00841	0.01933	0.01863	0.03332	0.22203	0.04608	0.16698	0.01419	0.00795	0.00274	0.00535	0.02915	0.00716	0.00838
51	0.01692	0.01386	0.01557	0.01444	0.01786	0.01516	0.01101	0.03173	0.35788	0.03387	0.25740	0.10043	0.04837	0.01498	0.00935	0.00286	0.00559	0.01298	0.00885	0.01092
52	0.01604	0.01264	0.01385	0.01327	0.01551	0.01387	0.00930	0.02709	0.29213	0.02586	0.03325	0.13777	0.03238	0.29266	0.02300	0.00514	0.00709	0.01285	0.00713	0.00915
53	0.01611	0.01432	0.02371	0.02999	0.27195	0.01405	0.07495	0.01927	0.01703	0.02355	0.02692	0.21121	0.02894	0.16960	0.01714	0.00411	0.00871	0.01340	0.00543	0.00962
54	0.02110	0.02101	0.03851	0.07551	0.40083	0.02088	0.20862	0.05666	0.02054	0.02867	0.01657	0.02169	0.01325	0.00763	0.00894	0.00265	0.01144	0.00835	0.00444	0.01272
55	0.02637	0.16738	0.03105	0.07903	0.16862	0.22154	0.01877	0.13710	0.02400	0.02834	0.01502	0.01781	0.01220	0.00844	0.00761	0.00231	0.01146	0.00633	0.00490	0.01171
56	0.01990	0.17317	0.11660	0.01552	0.02347	0.07385	0.01470	0.02420	0.01817	0.02533	0.01425	0.01662	0.01183	0.00699	0.00649	0.00167	0.00860	0.00515	0.00447	0.41900
57	0.01818	0.01705	0.02228	0.01796	0.02136	0.01944	0.01478	0.02091	0.01511	0.02374	0.01295	0.01818	0.01182	0.01103	0.01819	0.00261	0.37961	0.00636	0.00432	0.34413
58	0.01507	0.01340	0.01925	0.01758	0.01841	0.01758	0.01423	0.01758	0.01339	0.02008	0.01756	0.02676	0.01673	0.04179	0.37937	0.00920	0.32110	0.00837	0.00418	0.00837
59	0.02326	0.01721	0.02020	0.01692	0.02135	0.01930	0.01368	0.34739	0.02815	0.03838	0.02150	0.02629	0.01754	0.03435	0.30508	0.00756	0.01541	0.00832	0.00673	0.01138
60	0.02082	0.01504	0.01676	0.01462	0.01782	0.01605	0.01086	0.28557	0.02588	0.03464	0.02940	0.21351	0.03041	0.20685	0.01883	0.00438	0.00785	0.01346	0.00741	0.00983
61	0.01164	0.00798	0.00967	0.01039	0.01063	0.00786	0.00637	0.01229	0.01385	0.01853	0.03397	0.28780	0.03979	0.43043	0.05589	0.00672	0.00761	0.01655	0.00613	0.00589
62	0.01173	0.00821	0.00972	0.00997	0.01069	0.00786	0.00632	0.01294	0.01590	0.02132	0.14953	0.18019	0.09973	0.38692	0.02808	0.00584	0.00649	0.01566	0.00670	0.00620
63	0.01505	0.01207	0.01442	0.01164	0.01630	0.00980	0.00875	0.01818	0.01832	0.02721	0.16684	0.08452	0.03436	0.10788	0.01271	0.00274	0.00594	0.00994	0.00629	0.41707
64	0.02573	0.01991	0.02199	0.01644	0.02359	0.01962	0.01343	0.35020	0.02994	0.04197	0.01804	0.01918	0.01363	0.00845	0.00752	0.00197	0.00799	0.00648	0.00695	0.34697
65	0.03013	0.02909	0.07246	0.02213	0.02887	0.20279	0.08770	0.29865	0.03043	0.08705	0.01870	0.01981	0.01357	0.00933	0.00843	0.00251	0.01168	0.00731	0.00668	0.01270
66	0.02638	0.03077	0.08105	0.02817	0.17462	0.29313	0.01941	0.11267	0.07002	0.02877	0.01949	0.02147	0.03792	0.00933	0.00817	0.00244	0.01195	0.00715	0.00530	0.01177
67	0.01911	0.01858	0.10758	0.01699	0.02170	0.01680	0.01527	0.20415	0.02244	0.03127	0.02101	0.02723	0.01769	0.03939	0.37057	0.00869	0.01720	0.00827	0.00565	0.01043
68	0.01128	0.00882	0.01122	0.01141	0.01340	0.00889	0.00870	0.01379	0.01640	0.02133	0.05144	0.09026	0.28270	0.06789	0.30737	0.00803	0.01298	0.04049	0.00628	0.00731
69	0.01626	0.01600	0.01797	0.02249	0.17654	0.10628	0.01334	0.01919	0.01989	0.02462	0.09808	0.17235	0.23029	0.01675	0.00945	0.00278	0.00749	0.01447	0.00657	0.00920
70	0.02782	0.03127	0.02817	0.03307	0.25960	0.36069	0.02005	0.08900	0.02391	0.02669	0.01495	0.01800	0.01225	0.00847	0.00804	0.00235	0.01279	0.00649	0.00473	0.01168
71	0.02445	0.02243	0.01811	0.01634	0.02005	0.25712	0.01238	0.07087	0.02396	0.11825	0.16069	0.13635	0.05514	0.01420	0.00895	0.00261	0.00929	0.01156	0.00733	0.00994

[dist]
# distance from previous block
# <min> <max>
4	7

[block]
# block no. 1 follows, 21 sequences, length 9
# corresponding to MSA columns:
# 160-168
name=unknown_B
#
# <colnr> <probs for GDERKNQSTAVLIFYWHMCP>
#	G	D	E	R	K	N	Q	S	T	A	V	L	I	F	Y	W	H	M	C	P
0	0.02078	0.01854	0.02843	0.10695	0.23259	0.01910	0.09802	0.15875	0.02392	0.03199	0.03084	0.03328	0.13706	0.01098	0.00899	0.00268	0.00951	0.00996	0.00588	0.01174
1	0.02394	0.02543	0.02998	0.04008	0.40915	0.19308	0.02206	0.03044	0.09179	0.02684	0.01741	0.02078	0.01426	0.00836	0.00825	0.00248	0.01112	0.00726	0.00477	0.01251
2	0.02707	0.03208	0.02629	0.03004	0.20572	0.42547	0.01877	0.03016	0.02189	0.02276	0.01477	0.01849	0.01254	0.01293	0.06189	0.00323	0.01444	0.00639	0.00435	0.01073
3	0.02116	0.16934	0.02389	0.01669	0.02043	0.24056	0.01347	0.02384	0.01803	0.02018	0.01714	0.02299	0.01552	0.03282	0.29916	0.00720	0.01730	0.00689	0.00430	0.00909
4	0.01537	0.02006	0.14674	0.01849	0.05740	0.04981	0.05650	0.01999	0.01788	0.02402	0.03602	0.03900	0.18305	0.02446	0.16271	0.00512	0.01217	0.01021	0.00527	0.09571
5	0.01600	0.01886	0.11875	0.02793	0.22027	0.01469	0.07192	0.02110	0.02019	0.02811	0.17914	0.07822	0.12285	0.01309	0.00928	0.00272	0.00826	0.01194	0.00611	0.01057
6	0.01810	0.01725	0.02560	0.12065	0.35313	0.05052	0.01968	0.02233	0.01946	0.02607	0.09044	0.03544	0.10762	0.04515	0.01052	0.00290	0.00903	0.00994	0.00525	0.01092
7	0.01897	0.01648	0.02226	0.02768	0.24400	0.01695	0.01647	0.09437	0.13954	0.03086	0.04077	0.04423	0.18691	0.01343	0.00914	0.00278	0.00768	0.04916	0.00679	0.01154
8	0.02124	0.24777	0.03150	0.02571	0.19320	0.06019	0.01711	0.05954	0.07675	0.02551	0.01771	0.02152	0.01516	0.01846	0.12913	0.00437	0.01206	0.00693	0.00476	0.01139

[dist]
# distance from previous block
# <min> <max>
1	2

[block]
# block no. 2 follows, 21 sequences, length 13
# corresponding to MSA columns:
# 171-183
name=unknown_C
#
# <colnr> <probs for GDERKNQSTAVLIFYWHMCP>
#	G	D	E	R	K	N	Q	S	T	A	V	L	I	F	Y	W	H	M	C	P
0	0.01737	0.01412	0.02104	0.12454	0.21332	0.01479	0.01593	0.02265	0.07780	0.05334	0.05684	0.11275	0.02728	0.17175	0.01693	0.00406	0.00848	0.01130	0.00579	0.00993
1	0.02002	0.13859	0.17064	0.03175	0.22964	0.05894	0.10010	0.02570	0.01923	0.02602	0.05970	0.02253	0.01725	0.01035	0.03154	0.00288	0.01136	0.00761	0.00438	0.01180
2	0.01909	0.13278	0.17510	0.02476	0.12450	0.08782	0.07558	0.02405	0.01894	0.02424	0.02877	0.03080	0.13823	0.01094	0.00937	0.00259	0.04803	0.00889	0.00472	0.01081
3	0.02196	0.18859	0.03428	0.03027	0.23706	0.09140	0.08433	0.02687	0.04178	0.02538	0.01536	0.01869	0.01284	0.00753	0.00746	0.00216	0.01015	0.00655	0.00440	0.13292
4	0.01382	0.01291	0.01965	0.02221	0.16299	0.01188	0.08339	0.01719	0.01923	0.02451	0.05871	0.10850	0.37766	0.01701	0.00974	0.00284	0.00689	0.01510	0.00662	0.00913
5	0.01142	0.00832	0.00909	0.00923	0.01027	0.00778	0.00581	0.01228	0.01511	0.01914	0.04903	0.11005	0.24756	0.41538	0.02938	0.00603	0.00664	0.01517	0.00631	0.00599
6	0.01566	0.02986	0.38291	0.01991	0.02778	0.01587	0.06774	0.02187	0.01617	0.02332	0.01947	0.03157	0.01801	0.25065	0.02057	0.00465	0.01120	0.00871	0.00420	0.00989
7	0.01717	0.02601	0.24796	0.35667	0.13914	0.01940	0.02674	0.02422	0.01770	0.02447	0.01531	0.02079	0.01147	0.00822	0.00835	0.00274	0.01159	0.00712	0.00378	0.01115
8	0.02007	0.09591	0.02386	0.19696	0.03132	0.14281	0.01651	0.02721	0.12762	0.02366	0.02380	0.02720	0.06395	0.01567	0.07146	0.00370	0.06497	0.00815	0.00514	0.01005
9	0.01690	0.09663	0.01641	0.01237	0.01473	0.11260	0.00886	0.01980	0.06498	0.02010	0.03285	0.04675	0.12090	0.35251	0.02546	0.00530	0.00870	0.01105	0.00557	0.00753
10	0.01664	0.01416	0.01589	0.01452	0.01715	0.01621	0.01095	0.02774	0.28244	0.02659	0.03929	0.04499	0.14308	0.17376	0.01974	0.00425	0.10434	0.01154	0.00699	0.00974
11	0.02140	0.07643	0.02166	0.01749	0.02025	0.20907	0.01390	0.05029	0.01906	0.02297	0.02450	0.05341	0.08944	0.01645	0.05083	0.03160	0.18461	0.00868	0.05887	0.00908
12	0.07848	0.05782	0.06664	0.02294	0.14521	0.08079	0.01605	0.02491	0.06685	0.02756	0.07709	0.02652	0.02144	0.01614	0.08227	0.00380	0.07402	0.00797	0.09313	0.01037

[dist]
# distance from previous block
# <min> <max>
1	3

[block]
# block no. 3 follows, 21 sequences, length 41
# corresponding to MSA columns:
# 187-227
name=unknown_D
#
# <colnr> <probs for GDERKNQSTAVLIFYWHMCP>
#	G	D	E	R	K	N	Q	S	T	A	V	L	I	F	Y	W	H	M	C	P
0	0.02786	0.10993	0.09272	0.02132	0.02795	0.25066	0.09213	0.10655	0.02407	0.11143	0.02023	0.02143	0.03759	0.00924	0.00807	0.00242	0.01193	0.00720	0.00570	0.01157
1	0.02238	0.02156	0.02029	0.01717	0.02187	0.16900	0.05154	0.17584	0.04976	0.03123	0.03852	0.09830	0.18304	0.01404	0.00894	0.00261	0.00911	0.01149	0.00689	0.04644
2	0.02333	0.02450	0.07770	0.02587	0.11754	0.11033	0.10560	0.16803	0.08670	0.03279	0.02734	0.02880	0.09342	0.01070	0.00930	0.00266	0.02825	0.00907	0.00612	0.01195
3	0.01927	0.02252	0.14609	0.02111	0.08628	0.07450	0.01789	0.11929	0.02338	0.03072	0.08850	0.04885	0.09208	0.01457	0.00946	0.00294	0.00923	0.15620	0.00657	0.01057
4	0.10475	0.01269	0.01475	0.01434	0.01755	0.01322	0.01189	0.12418	0.02320	0.03310	0.14208	0.09556	0.08256	0.01829	0.00996	0.00322	0.00693	0.25469	0.00792	0.00912
5	0.16490	0.02447	0.22548	0.04843	0.09338	0.01716	0.06627	0.02434	0.03609	0.03096	0.15762	0.02876	0.02712	0.01015	0.00819	0.00269	0.00911	0.00859	0.00551	0.01079
6	0.01549	0.01703	0.09976	0.06623	0.02575	0.01422	0.09171	0.02319	0.10202	0.02754	0.09983	0.05796	0.11149	0.01595	0.01004	0.00316	0.00854	0.19358	0.00684	0.00970
7	0.01284	0.01003	0.01324	0.01329	0.01546	0.01091	0.01048	0.01794	0.07809	0.02272	0.03942	0.05077	0.14938	0.04506	0.38749	0.00921	0.01561	0.08388	0.00605	0.00814
8	0.01463	0.01057	0.01313	0.01217	0.01493	0.01068	0.00945	0.07671	0.02104	0.05308	0.20220	0.05306	0.20642	0.03261	0.22322	0.00629	0.01086	0.01300	0.00737	0.00857
9	0.01379	0.01009	0.01270	0.01199	0.01438	0.00961	0.00908	0.06595	0.02357	0.03291	0.43067	0.16695	0.06607	0.01820	0.00997	0.00280	0.00492	0.04593	0.00877	0.04167
10	0.02593	0.02889	0.02047	0.01826	0.02224	0.38860	0.01388	0.10206	0.02610	0.02894	0.20331	0.03047	0.03222	0.01154	0.00849	0.00238	0.01119	0.00873	0.00640	0.00989
11	0.03179	0.04056	0.02412	0.02192	0.02631	0.66676	0.01644	0.03398	0.02412	0.02083	0.01315	0.01535	0.01096	0.00877	0.00767	0.00219	0.01535	0.00548	0.00438	0.00987
12	0.02000	0.02179	0.01573	0.01533	0.01746	0.28821	0.01076	0.02143	0.01874	0.02004	0.02901	0.21280	0.05590	0.19426	0.01791	0.00414	0.01020	0.01288	0.00569	0.00772
13	0.01225	0.00984	0.01289	0.01564	0.09333	0.00915	0.00970	0.01465	0.01835	0.02393	0.12442	0.21372	0.25222	0.10581	0.01429	0.00367	0.00583	0.04525	0.00726	0.00780
14	0.02383	0.02752	0.02179	0.02350	0.12787	0.35884	0.01540	0.02687	0.02283	0.02488	0.14658	0.03265	0.08921	0.01158	0.00851	0.00241	0.01108	0.00907	0.00570	0.00984
15	0.02064	0.02201	0.01560	0.01466	0.01653	0.28862	0.00996	0.02157	0.01737	0.01834	0.02100	0.03851	0.02243	0.40623	0.02814	0.00567	0.01127	0.00944	0.00483	0.00716
16	0.01414	0.01182	0.04287	0.01194	0.01394	0.01071	0.00875	0.07270	0.04769	0.02366	0.03895	0.21041	0.11678	0.30983	0.02410	0.00527	0.00715	0.01515	0.00662	0.00752
17	0.02173	0.02413	0.01760	0.01712	0.01982	0.32430	0.01251	0.05039	0.02100	0.02266	0.02833	0.30599	0.03093	0.01916	0.04150	0.00331	0.01101	0.01373	0.00608	0.00871
18	0.02062	0.02209	0.01604	0.01511	0.01713	0.28886	0.01052	0.02186	0.01751	0.01867	0.02059	0.03625	0.02145	0.34151	0.09152	0.00622	0.01275	0.00911	0.00477	0.00741
19	0.01148	0.00787	0.00955	0.01043	0.01065	0.00765	0.00638	0.01214	0.01412	0.01883	0.03578	0.34112	0.04225	0.40006	0.02883	0.00611	0.00677	0.01765	0.00638	0.00594
20	0.01536	0.01244	0.01456	0.01213	0.01686	0.01030	0.00913	0.04649	0.01822	0.02622	0.03159	0.20304	0.08908	0.05818	0.01037	0.00251	0.00602	0.01193	0.00625	0.39933
21	0.01818	0.10579	0.08558	0.01518	0.02139	0.07664	0.01356	0.02211	0.01724	0.02402	0.01648	0.02095	0.01424	0.02137	0.17348	0.00470	0.01231	0.00618	0.00453	0.32607
22	0.01951	0.10386	0.03010	0.03630	0.38002	0.02009	0.02031	0.02579	0.07993	0.02601	0.01872	0.02368	0.01597	0.01915	0.13933	0.00470	0.01217	0.00771	0.00466	0.01199
23	0.01498	0.01256	0.01940	0.09184	0.22296	0.01260	0.01501	0.01747	0.01705	0.02284	0.03489	0.20934	0.12017	0.04745	0.01377	0.09183	0.00760	0.01368	0.00567	0.00889
24	0.01707	0.01505	0.02219	0.13466	0.25145	0.04590	0.01724	0.01960	0.01719	0.02264	0.02645	0.11275	0.08240	0.01597	0.01382	0.15212	0.00879	0.01057	0.00488	0.00924
25	0.01960	0.01883	0.02889	0.15313	0.40766	0.05237	0.02258	0.02509	0.04311	0.02661	0.04698	0.05699	0.01974	0.00987	0.00872	0.00268	0.00987	0.03060	0.00485	0.01184
26	0.02054	0.04654	0.21592	0.03144	0.24293	0.06565	0.02347	0.02813	0.07057	0.05516	0.02144	0.03016	0.01825	0.01027	0.00863	0.00274	0.01050	0.08031	0.00513	0.01221
27	0.02448	0.01934	0.02264	0.02272	0.12454	0.02130	0.01561	0.24256	0.24954	0.04026	0.02574	0.02599	0.01936	0.01023	0.00825	0.00260	0.00789	0.00839	0.09538	0.01317
28	0.01706	0.01252	0.01443	0.01354	0.01567	0.01367	0.00993	0.12012	0.09237	0.02887	0.03190	0.24010	0.03287	0.15575	0.01739	0.00404	0.05565	0.01401	0.10119	0.00891
29	0.01424	0.01104	0.01421	0.01381	0.01612	0.01226	0.01061	0.05776	0.09939	0.02466	0.03366	0.12031	0.08882	0.04439	0.38723	0.00913	0.01566	0.01188	0.00612	0.00871
30	0.02188	0.02424	0.02118	0.02279	0.11133	0.29405	0.01537	0.02485	0.01899	0.02138	0.01767	0.02387	0.01572	0.03204	0.28858	0.00713	0.01776	0.00733	0.00443	0.00942
31	0.01919	0.02115	0.07964	0.01473	0.01760	0.17693	0.01146	0.06320	0.01790	0.02133	0.02174	0.03915	0.02267	0.40627	0.02824	0.00575	0.01056	0.00968	0.00505	0.00777
32	0.01871	0.01294	0.01426	0.01270	0.01512	0.01366	0.00907	0.20196	0.02218	0.03061	0.02785	0.13462	0.02841	0.30664	0.02337	0.00504	0.00761	0.01210	0.09451	0.00864
33	0.06876	0.01912	0.02748	0.03621	0.38037	0.01986	0.02005	0.15959	0.02354	0.03484	0.01837	0.02193	0.01458	0.00852	0.00791	0.00247	0.00888	0.00746	0.10738	0.01268
34	0.01595	0.01384	0.02256	0.03009	0.28455	0.01472	0.01723	0.01985	0.01610	0.02318	0.01990	0.02817	0.01796	0.03988	0.38672	0.00893	0.01739	0.00846	0.00441	0.01010
35	0.01715	0.01923	0.10611	0.06604	0.27009	0.01757	0.02088	0.02188	0.01658	0.02402	0.01758	0.02452	0.01532	0.02670	0.22427	0.00631	0.08284	0.00790	0.00417	0.01082
36	0.01827	0.03687	0.46996	0.03266	0.22031	0.01990	0.02984	0.02670	0.01839	0.02721	0.01549	0.01890	0.01159	0.00793	0.00819	0.00264	0.01184	0.00668	0.00378	0.01285
37	0.01437	0.02348	0.28498	0.01566	0.02101	0.01315	0.01635	0.01858	0.01476	0.02095	0.02190	0.03963	0.02236	0.40594	0.02832	0.00589	0.01009	0.00978	0.00449	0.00832
38	0.01620	0.09718	0.23540	0.02042	0.10171	0.01642	0.01775	0.02048	0.01569	0.02186	0.01991	0.03396	0.01972	0.30292	0.02284	0.00494	0.01004	0.00886	0.00434	0.00935
39	0.12292	0.11609	0.11024	0.02918	0.19806	0.19204	0.06322	0.02815	0.01957	0.02622	0.01416	0.01738	0.01153	0.00793	0.00750	0.00241	0.01151	0.00626	0.00425	0.01137
40	0.01900	0.10544	0.01860	0.01442	0.01720	0.20887	0.01076	0.02104	0.01950	0.02245	0.13203	0.15583	0.05972	0.14109	0.01502	0.00360	0.00901	0.01219	0.00606	0.00818

[dist]
# distance from previous block
# <min> <max>
2	17

[block]
# block no. 4 follows, 21 sequences, length 11
# corresponding to MSA columns:
# 245-255
name=unknown_E
#
# <colnr> <probs for GDERKNQSTAVLIFYWHMCP>
#	G	D	E	R	K	N	Q	S	T	A	V	L	I	F	Y	W	H	M	C	P
0	0.01880	0.08339	0.01774	0.01424	0.01760	0.17464	0.01070	0.02088	0.01889	0.04512	0.03467	0.24246	0.10548	0.06398	0.01114	0.00298	0.00831	0.01341	0.00621	0.08936
1	0.01153	0.00802	0.00940	0.01002	0.01044	0.00773	0.00613	0.01220	0.01426	0.01874	0.03871	0.25712	0.09713	0.42665	0.03006	0.00625	0.00685	0.01658	0.00627	0.00590
2	0.02128	0.10542	0.02003	0.01503	0.01824	0.17948	0.01117	0.06911	0.10831	0.02355	0.02221	0.03428	0.02152	0.29015	0.02208	0.00473	0.00999	0.00893	0.00553	0.00895
3	0.02020	0.17371	0.02804	0.01854	0.02285	0.13747	0.10091	0.02364	0.01779	0.02264	0.01753	0.02287	0.01518	0.02257	0.17384	0.00517	0.06382	0.00730	0.09646	0.00949
4	0.01171	0.00885	0.01179	0.01152	0.01349	0.00893	0.00879	0.01498	0.01897	0.02617	0.28535	0.05482	0.16367	0.03704	0.27689	0.00718	0.01170	0.01333	0.00714	0.00769
5	0.01668	0.01576	0.02692	0.07434	0.24775	0.01541	0.12002	0.02135	0.01993	0.02692	0.10754	0.04534	0.14521	0.01293	0.00953	0.00282	0.00886	0.06634	0.00587	0.01048
6	0.01486	0.01278	0.01934	0.10877	0.19462	0.01280	0.01520	0.01908	0.02081	0.02841	0.25846	0.05169	0.14008	0.01462	0.00952	0.00277	0.00696	0.05277	0.00688	0.00958
7	0.05292	0.00974	0.01129	0.01165	0.01384	0.00938	0.00872	0.05413	0.02000	0.02710	0.13267	0.29693	0.21942	0.02158	0.01016	0.00313	0.00531	0.07619	0.00799	0.00786
8	0.18672	0.01978	0.02295	0.02955	0.26447	0.11155	0.01760	0.02489	0.01930	0.02909	0.05865	0.03454	0.02260	0.01126	0.00830	0.00276	0.00930	0.11060	0.00544	0.01066
9	0.01844	0.01757	0.02676	0.03094	0.22919	0.02142	0.01997	0.02163	0.01569	0.02321	0.01641	0.02658	0.01571	0.01788	0.08269	0.00431	0.34628	0.05063	0.00427	0.01042
10	0.06014	0.02885	0.30093	0.02286	0.02969	0.02061	0.08299	0.02361	0.01605	0.02492	0.01500	0.02027	0.01227	0.01661	0.09281	0.00432	0.20617	0.00724	0.00391	0.01074

[dist]
# distance from previous block
# <min> <max>
0	1

[block]
# block no. 5 follows, 21 sequences, length 27
# corresponding to MSA columns:
# 257-283
name=unknown_F
#
# <colnr> <probs for GDERKNQSTAVLIFYWHMCP>
#	G	D	E	R	K	N	Q	S	T	A	V	L	I	F	Y	W	H	M	C	P
0	0.15382	0.11170	0.13451	0.01973	0.02681	0.22419	0.07383	0.02800	0.01937	0.02630	0.01376	0.01633	0.01101	0.00787	0.00711	0.00226	0.01137	0.00573	0.00439	0.10191
1	0.01405	0.11514	0.01872	0.01226	0.01705	0.01296	0.05419	0.01695	0.01883	0.02370	0.05738	0.05594	0.39088	0.01565	0.00871	0.00243	0.00613	0.01308	0.00649	0.13946
2	0.01061	0.00834	0.00897	0.00929	0.01116	0.00737	0.00642	0.01219	0.01738	0.02139	0.06704	0.17644	0.41666	0.16824	0.01733	0.00412	0.00526	0.01778	0.00731	0.00670
3	0.01086	0.00818	0.00966	0.01046	0.01190	0.00744	0.00731	0.01266	0.01751	0.02242	0.09725	0.30722	0.26188	0.12490	0.01543	0.00394	0.00531	0.05122	0.00758	0.00687
4	0.01146	0.00833	0.00996	0.01031	0.01130	0.00817	0.00684	0.01271	0.01486	0.01942	0.04304	0.17060	0.17165	0.32411	0.13330	0.00709	0.00919	0.01517	0.00616	0.00633
5	0.01668	0.01613	0.02862	0.02231	0.02561	0.01718	0.24322	0.01984	0.01548	0.02149	0.01977	0.03515	0.01977	0.28695	0.02722	0.00521	0.15596	0.01042	0.00452	0.00848
6	0.34412	0.01776	0.02340	0.01870	0.02359	0.02000	0.11895	0.02711	0.01678	0.13407	0.01624	0.01901	0.01227	0.00978	0.01174	0.00292	0.16058	0.00686	0.00562	0.01051
7	0.31772	0.01871	0.02571	0.03578	0.39472	0.01977	0.01934	0.02568	0.01742	0.03196	0.01434	0.01816	0.01177	0.00771	0.00716	0.00257	0.00870	0.00639	0.00464	0.01177
8	0.01644	0.01434	0.02131	0.02894	0.26873	0.01460	0.01612	0.02309	0.11943	0.02646	0.03249	0.31530	0.03411	0.01651	0.00952	0.00299	0.00731	0.01512	0.00655	0.01063
9	0.01678	0.01508	0.02465	0.03604	0.39307	0.01488	0.01881	0.02040	0.01814	0.02537	0.02839	0.29139	0.03064	0.01523	0.00940	0.00290	0.00804	0.01424	0.00569	0.01085
10	0.02106	0.02022	0.03454	0.05223	0.64784	0.02022	0.02612	0.02612	0.01938	0.02780	0.01601	0.02106	0.01348	0.00758	0.00842	0.00253	0.01011	0.00758	0.00421	0.01348
11	0.01958	0.01925	0.03153	0.03750	0.32689	0.02203	0.07187	0.02350	0.01673	0.02456	0.01464	0.02095	0.01297	0.01331	0.05105	0.00360	0.26674	0.00782	0.00405	0.01142
12	0.01524	0.01337	0.02130	0.01794	0.01992	0.01517	0.11737	0.01785	0.01445	0.02077	0.02065	0.03499	0.02051	0.23531	0.18770	0.00736	0.16491	0.00985	0.03742	0.00793
13	0.01375	0.00801	0.01177	0.01177	0.01226	0.00850	0.00826	0.01251	0.01202	0.01652	0.01831	0.03067	0.01816	0.09408	0.23767	0.45582	0.01241	0.00834	0.00409	0.00507
14	0.01198	0.00802	0.00972	0.00991	0.01141	0.00724	0.00697	0.01173	0.01578	0.01958	0.05396	0.11579	0.33795	0.02523	0.01943	0.30341	0.00560	0.01430	0.00622	0.00576
15	0.01519	0.01461	0.01907	0.01684	0.01799	0.01850	0.01375	0.01717	0.01558	0.02149	0.04125	0.04399	0.26503	0.01756	0.02076	0.00338	0.41232	0.01166	0.00540	0.00846
16	0.01364	0.01205	0.01622	0.01567	0.01625	0.01462	0.01203	0.01535	0.01536	0.02138	0.03728	0.35069	0.10854	0.02133	0.01761	0.00349	0.27764	0.01673	0.00623	0.00791
17	0.01468	0.01221	0.01434	0.01182	0.01690	0.00961	0.00899	0.01764	0.01757	0.02551	0.03374	0.19760	0.11807	0.01370	0.00801	0.00205	0.00566	0.01179	0.00619	0.45390
18	0.01402	0.01093	0.01335	0.01218	0.01561	0.00926	0.00902	0.01647	0.01658	0.02372	0.03062	0.24620	0.03371	0.12963	0.01451	0.00342	0.00638	0.08230	0.00629	0.30582
19	0.01728	0.01544	0.02523	0.03662	0.39386	0.01532	0.01968	0.02126	0.01863	0.02593	0.02812	0.20175	0.02955	0.01476	0.00954	0.00297	0.00847	0.09894	0.00568	0.01099
20	0.01587	0.01347	0.02190	0.02899	0.26859	0.01430	0.01666	0.01935	0.01582	0.02270	0.01963	0.02805	0.01779	0.03937	0.36775	0.05040	0.01685	0.00841	0.00437	0.00974
21	0.02062	0.02574	0.09981	0.02235	0.08298	0.23668	0.04105	0.02457	0.01856	0.02207	0.01771	0.02377	0.01539	0.03058	0.27229	0.00692	0.01745	0.00742	0.00434	0.00970
22	0.01532	0.02036	0.12650	0.01443	0.01887	0.10952	0.01320	0.01870	0.01898	0.02281	0.05383	0.05446	0.35622	0.05465	0.01255	0.00310	0.05882	0.01294	0.00615	0.00858
23	0.01229	0.01016	0.01099	0.01084	0.01362	0.00970	0.00808	0.01841	0.12705	0.02637	0.13884	0.15552	0.38688	0.02000	0.00992	0.00293	0.00479	0.01705	0.00821	0.00835
24	0.01942	0.01811	0.02935	0.03847	0.39701	0.01831	0.06544	0.02729	0.11195	0.03004	0.12942	0.03029	0.02708	0.00987	0.00887	0.00263	0.00885	0.00945	0.00579	0.01237
25	0.05133	0.01981	0.02457	0.03017	0.27183	0.07897	0.01769	0.09774	0.08098	0.05670	0.02868	0.05510	0.09632	0.01098	0.00848	0.00257	0.00883	0.00936	0.00612	0.04377
26	0.11632	0.13421	0.19987	0.01905	0.02732	0.02481	0.01925	0.29190	0.02731	0.03921	0.01663	0.01789	0.01226	0.00889	0.00752	0.00249	0.00986	0.00643	0.00601	0.01276

[dist]
# distance from previous block
# <min> <max>
0	3

[block]
# block no. 6 follows, 21 sequences, length 27
# corresponding to MSA columns:
# 287-313
name=unknown_G
#
# <colnr> <probs for GDERKNQSTAVLIFYWHMCP>
#	G	D	E	R	K	N	Q	S	T	A	V	L	I	F	Y	W	H	M	C	P
0	0.19827	0.15654	0.11510	0.01670	0.02319	0.07603	0.01551	0.03301	0.22704	0.03073	0.02022	0.02063	0.01563	0.00912	0.00707	0.00253	0.00871	0.00662	0.00579	0.01154
1	0.28208	0.20130	0.02460	0.01495	0.02080	0.05671	0.01275	0.10227	0.15123	0.03384	0.01784	0.01850	0.01399	0.00884	0.00656	0.00244	0.00806	0.00608	0.00591	0.01125
2	0.02388	0.09930	0.02276	0.01673	0.02180	0.05368	0.01364	0.26824	0.13511	0.03721	0.03113	0.11215	0.07142	0.01360	0.00871	0.00271	0.00816	0.04033	0.00761	0.01183
3	0.01285	0.00958	0.01179	0.01198	0.01400	0.01004	0.00897	0.01794	0.08792	0.02413	0.04285	0.18216	0.15697	0.03470	0.23737	0.00663	0.01109	0.01401	0.09693	0.00809
4	0.01789	0.01445	0.01562	0.01427	0.01773	0.01638	0.01112	0.03194	0.34154	0.03125	0.04011	0.03933	0.13162	0.01324	0.01004	0.00277	0.06574	0.01053	0.16360	0.01084
5	0.01485	0.01192	0.01376	0.01412	0.01641	0.01283	0.01021	0.02571	0.27216	0.02749	0.04181	0.41980	0.04370	0.02038	0.00995	0.00322	0.00568	0.01814	0.00822	0.00964
6	0.01412	0.01138	0.01302	0.01337	0.01582	0.01186	0.00993	0.02331	0.21925	0.02679	0.04975	0.32130	0.15078	0.02054	0.01007	0.00320	0.00564	0.06255	0.00814	0.00918
7	0.01404	0.01097	0.01170	0.01120	0.01323	0.01133	0.00768	0.02091	0.17617	0.02324	0.04493	0.05653	0.19561	0.33714	0.02527	0.00540	0.00679	0.01317	0.00681	0.00788
8	0.01295	0.01042	0.01092	0.01054	0.01294	0.01027	0.00746	0.01879	0.13853	0.02354	0.05827	0.06415	0.33885	0.22251	0.01972	0.00448	0.00597	0.01464	0.00723	0.00782
9	0.01701	0.01446	0.01638	0.01296	0.01891	0.01263	0.01019	0.02488	0.14771	0.02940	0.08307	0.03216	0.09503	0.01016	0.00757	0.00192	0.00596	0.00843	0.00652	0.44466
10	0.01339	0.01061	0.01310	0.01216	0.01559	0.00875	0.00881	0.01583	0.01686	0.02422	0.03371	0.41394	0.03815	0.01821	0.00897	0.00254	0.00550	0.01624	0.00671	0.31671
11	0.01260	0.01026	0.01544	0.01508	0.01635	0.01151	0.04083	0.01505	0.01501	0.02104	0.03111	0.30598	0.03416	0.03960	0.28394	0.00768	0.09559	0.01522	0.00583	0.00772
12	0.01872	0.01761	0.02848	0.03805	0.38663	0.01949	0.02137	0.02269	0.01687	0.02461	0.01638	0.02308	0.01459	0.02065	0.14756	0.00506	0.15470	0.00787	0.00418	0.01140
13	0.01687	0.01535	0.02288	0.03011	0.27848	0.04837	0.01736	0.02070	0.01658	0.02315	0.01948	0.02737	0.01751	0.03764	0.35971	0.00846	0.01714	0.00829	0.00441	0.01016
14	0.01216	0.00912	0.01368	0.01368	0.01520	0.01064	0.01064	0.01520	0.01368	0.01976	0.02279	0.03343	0.02127	0.06382	0.66720	0.01368	0.02279	0.00912	0.00456	0.00760
15	0.02396	0.01772	0.02061	0.01713	0.02174	0.01985	0.01388	0.36854	0.02908	0.03957	0.02141	0.02583	0.01730	0.03248	0.28204	0.00717	0.01494	0.00827	0.00687	0.01162
16	0.02987	0.19205	0.02958	0.01920	0.02528	0.25011	0.01588	0.27508	0.02909	0.03426	0.01586	0.01705	0.01241	0.00902	0.00750	0.00225	0.01138	0.00617	0.00592	0.01203
17	0.01761	0.24005	0.02520	0.01504	0.01864	0.07681	0.01275	0.02043	0.01576	0.01997	0.01790	0.02478	0.01658	0.03852	0.36709	0.00839	0.04410	0.00724	0.00421	0.00895
18	0.01244	0.01001	0.01223	0.01194	0.01442	0.01039	0.00917	0.01777	0.09191	0.02407	0.09796	0.05422	0.26556	0.03756	0.28277	0.00735	0.01226	0.01307	0.00672	0.00819
19	0.01326	0.01212	0.01140	0.01092	0.01411	0.05264	0.00826	0.01873	0.10871	0.02559	0.11980	0.06877	0.46693	0.01892	0.00970	0.00281	0.00536	0.01572	0.00790	0.00834
20	0.01456	0.02768	0.34049	0.01884	0.02701	0.01475	0.06694	0.02117	0.01911	0.02624	0.09056	0.04340	0.22780	0.01327	0.00906	0.00277	0.00926	0.01122	0.00556	0.01032
21	0.01385	0.02180	0.22894	0.01730	0.02371	0.01301	0.06611	0.01930	0.01901	0.02509	0.04974	0.05822	0.27763	0.01623	0.00970	0.00300	0.00850	0.11326	0.00616	0.00945
22	0.01670	0.01583	0.02605	0.03284	0.31392	0.01519	0.08735	0.02096	0.01949	0.02596	0.04166	0.04779	0.22275	0.01351	0.00944	0.00280	0.00851	0.06282	0.00575	0.01069
23	0.01482	0.01357	0.02144	0.02529	0.20527	0.01284	0.08350	0.01809	0.01828	0.02402	0.04550	0.12847	0.23936	0.09539	0.01354	0.00347	0.00775	0.01405	0.00606	0.00930
24	0.01461	0.01225	0.01796	0.01719	0.04953	0.01227	0.08393	0.02133	0.12575	0.02747	0.17925	0.23874	0.04632	0.09706	0.01384	0.00361	0.00683	0.01562	0.00744	0.00900
25	0.01873	0.01582	0.02271	0.02891	0.27520	0.01599	0.01640	0.10401	0.04496	0.03185	0.17798	0.03999	0.08765	0.06858	0.01185	0.00308	0.00773	0.01089	0.00663	0.01104
26	0.02139	0.06423	0.18609	0.03634	0.28868	0.10717	0.09397	0.02723	0.01938	0.02590	0.01518	0.01929	0.01220	0.00810	0.00909	0.00258	0.03979	0.00711	0.00405	0.01224

[dist]
# distance from previous block
# <min> <max>
1	3

[block]
# block no. 7 follows, 21 sequences, length 13
# corresponding to MSA columns:
# 317-329
name=unknown_H
#
# <colnr> <probs for GDERKNQSTAVLIFYWHMCP>
#	G	D	E	R	K	N	Q	S	T	A	V	L	I	F	Y	W	H	M	C	P
0	0.02755	0.08360	0.02685	0.02116	0.02628	0.33521	0.06009	0.10277	0.15255	0.02815	0.01864	0.01994	0.01467	0.00952	0.00875	0.00246	0.03784	0.00694	0.00567	0.01134
1	0.03112	0.09191	0.02585	0.02115	0.02596	0.56439	0.01627	0.08105	0.02487	0.02344	0.01364	0.01563	0.01124	0.00877	0.00757	0.00219	0.01436	0.00559	0.00466	0.01032
2	0.01905	0.02001	0.01715	0.01768	0.06567	0.22310	0.01243	0.02233	0.02282	0.02730	0.27600	0.04950	0.11626	0.01484	0.00929	0.00263	0.00851	0.05946	0.00706	0.00893
3	0.01744	0.01521	0.02134	0.02701	0.23501	0.01566	0.01605	0.02670	0.17567	0.03042	0.16203	0.04566	0.09443	0.01350	0.00930	0.00282	0.00720	0.06624	0.00712	0.01119
4	0.01575	0.01267	0.01659	0.01967	0.13453	0.01337	0.01150	0.02210	0.14434	0.02323	0.02718	0.07767	0.02718	0.33441	0.07845	0.00621	0.00929	0.01127	0.00582	0.00879
5	0.01645	0.01140	0.01291	0.01174	0.01424	0.01136	0.00845	0.10504	0.04728	0.06254	0.13383	0.10310	0.16080	0.23941	0.02055	0.00458	0.00660	0.01383	0.00750	0.00838
6	0.01860	0.01526	0.01620	0.01437	0.01863	0.01643	0.01122	0.11948	0.29717	0.03434	0.10647	0.04839	0.21826	0.01496	0.00920	0.00281	0.00613	0.01242	0.00847	0.01118
7	0.02069	0.01544	0.01676	0.01479	0.01871	0.01729	0.01153	0.14989	0.26800	0.03546	0.02841	0.03099	0.02245	0.05527	0.08654	0.00417	0.00859	0.00894	0.17481	0.01128
8	0.01823	0.01420	0.01523	0.01312	0.01725	0.01452	0.01034	0.20139	0.08508	0.03527	0.14728	0.05550	0.30571	0.01649	0.00945	0.00275	0.00604	0.01362	0.00839	0.01014
9	0.01707	0.01558	0.02473	0.03518	0.39290	0.01517	0.01857	0.02135	0.02037	0.02821	0.16123	0.04161	0.14795	0.01231	0.00908	0.00262	0.00772	0.01120	0.00600	0.01113
10	0.02277	0.02276	0.10263	0.07008	0.27847	0.02072	0.06582	0.18225	0.02445	0.03450	0.01818	0.02172	0.01401	0.00857	0.00831	0.00255	0.01003	0.00767	0.07175	0.01277
11	0.02372	0.02629	0.14336	0.09896	0.06481	0.13077	0.01944	0.13983	0.02297	0.06962	0.01812	0.02136	0.01383	0.01253	0.04580	0.00322	0.06501	0.00715	0.06183	0.01139
12	0.02584	0.02916	0.20848	0.02636	0.14602	0.12144	0.02151	0.06553	0.08057	0.16016	0.02106	0.02191	0.01514	0.00906	0.00826	0.00258	0.01069	0.00728	0.00605	0.01291

[dist]
# distance from previous block
# <min> <max>
2	4

[block]
# block no. 8 follows, 21 sequences, length 45
# corresponding to MSA columns:
# 334-378
name=unknown_I
#
# <colnr> <probs for GDERKNQSTAVLIFYWHMCP>
#	G	D	E	R	K	N	Q	S	T	A	V	L	I	F	Y	W	H	M	C	P
0	0.05473	0.14846	0.12859	0.02659	0.15496	0.05395	0.10527	0.02584	0.05598	0.02612	0.02559	0.02928	0.09136	0.01006	0.00819	0.00257	0.01003	0.02627	0.00492	0.01125
1	0.02191	0.06423	0.17233	0.03712	0.30368	0.12718	0.09904	0.02770	0.01983	0.02600	0.01531	0.01930	0.01227	0.00782	0.00828	0.00252	0.01199	0.00711	0.00409	0.01231
2	0.11609	0.02503	0.02389	0.02698	0.18636	0.21248	0.01710	0.03423	0.18877	0.05605	0.02052	0.02175	0.01596	0.00919	0.00788	0.00254	0.01018	0.00719	0.00589	0.01192
3	0.16209	0.06138	0.02313	0.02126	0.07289	0.34742	0.01536	0.05812	0.11017	0.02805	0.01649	0.01803	0.01316	0.00891	0.00737	0.00240	0.01154	0.00614	0.00529	0.01080
4	0.02629	0.02572	0.02202	0.02068	0.05921	0.24473	0.01520	0.21676	0.06421	0.03298	0.02408	0.13326	0.02247	0.01300	0.00877	0.00266	0.01053	0.03953	0.00670	0.01118
5	0.01639	0.01192	0.01390	0.01295	0.01491	0.01281	0.00919	0.12619	0.06729	0.02612	0.02846	0.13576	0.02949	0.31006	0.14013	0.00706	0.01043	0.01243	0.00634	0.00820
6	0.01355	0.01078	0.01479	0.01403	0.01475	0.01302	0.01050	0.01537	0.01313	0.01886	0.02171	0.03757	0.02232	0.25903	0.33551	0.00989	0.15360	0.00983	0.00458	0.00716
7	0.01331	0.01095	0.01588	0.01912	0.12621	0.01131	0.01219	0.01636	0.01631	0.02207	0.03848	0.04761	0.17435	0.07902	0.31931	0.00824	0.01440	0.04094	0.00552	0.00841
8	0.02254	0.18066	0.02640	0.02130	0.11120	0.23187	0.01490	0.04736	0.02099	0.02336	0.02954	0.08194	0.13063	0.01206	0.00800	0.00239	0.01010	0.00941	0.00527	0.01008
9	0.01949	0.01960	0.01583	0.01431	0.01785	0.19813	0.01091	0.09255	0.02451	0.02910	0.20939	0.05049	0.23379	0.01540	0.00919	0.00259	0.00799	0.01246	0.00737	0.00906
10	0.01086	0.00854	0.00981	0.00973	0.01205	0.00749	0.00721	0.01367	0.02093	0.02720	0.29893	0.13177	0.37068	0.02041	0.01012	0.00285	0.00425	0.01754	0.00847	0.00749
11	0.01691	0.01566	0.02527	0.03413	0.36106	0.01514	0.04648	0.02123	0.02028	0.02785	0.14624	0.04251	0.16665	0.01248	0.00916	0.00265	0.00790	0.01144	0.00598	0.01098
12	0.02836	0.03150	0.02773	0.03149	0.22946	0.36319	0.01957	0.11575	0.02486	0.02783	0.01514	0.01795	0.01229	0.00859	0.00804	0.00235	0.01277	0.00648	0.00492	0.01171
13	0.01888	0.02159	0.01491	0.01402	0.01751	0.27496	0.01052	0.02105	0.02131	0.02211	0.05655	0.05488	0.38723	0.01636	0.00909	0.00260	0.00879	0.01289	0.00647	0.00827
14	0.02587	0.01354	0.01612	0.01317	0.01829	0.01248	0.01062	0.11822	0.02474	0.30564	0.05293	0.04915	0.27311	0.01496	0.00916	0.00272	0.00638	0.01224	0.00916	0.01152
15	0.02685	0.01451	0.02014	0.02088	0.11637	0.01380	0.01474	0.05854	0.05398	0.30956	0.03627	0.04678	0.06424	0.01390	0.00940	0.00295	0.00772	0.14858	0.00857	0.01224
16	0.01373	0.01071	0.01507	0.01537	0.01667	0.01232	0.01254	0.01663	0.01597	0.02198	0.03130	0.08341	0.03312	0.09294	0.22507	0.00734	0.11640	0.24576	0.00594	0.00772
17	0.01129	0.00833	0.01058	0.01113	0.01227	0.00835	0.00775	0.01300	0.01523	0.02017	0.04297	0.23417	0.15572	0.19583	0.20619	0.00740	0.01071	0.01586	0.00630	0.00675
