[name]
unknown

[dist]
# distance from previous block
# <min> <max>
0	0

[block]
# block no. 0 follows, 21 sequences, length 170
# corresponding to MSA columns:
# 0-169
name=unknown_A
#
# <colnr> <probs for GDERKNQSTAVLIFYWHMCP>
#	G	D	E	R	K	N	Q	S	T	A	V	L	I	F	Y	W	H	M	C	P
0	0.01371	0.00980	0.01371	0.01567	0.01763	0.00980	0.01371	0.01763	0.01959	0.02547	0.04506	0.09599	0.04898	0.02351	0.01175	0.00392	0.00784	0.59056	0.00784	0.00784
1	0.76103	0.01646	0.01251	0.01119	0.01646	0.01909	0.00922	0.02502	0.01448	0.03818	0.01185	0.01382	0.00922	0.00790	0.00527	0.00263	0.00658	0.00461	0.00527	0.00922
2	0.03179	0.04056	0.02412	0.02192	0.02631	0.66676	0.01644	0.03398	0.02412	0.02083	0.01315	0.01535	0.01096	0.00877	0.00767	0.00219	0.01535	0.00548	0.00438	0.00987
3	0.01586	0.00793	0.00793	0.00793	0.00991	0.00793	0.00595	0.01983	0.01785	0.03173	0.02776	0.03173	0.02181	0.00991	0.00595	0.00198	0.00397	0.00793	0.74817	0.00793
4	0.01890	0.01746	0.02900	0.04229	0.49579	0.01730	0.02179	0.02371	0.02051	0.02932	0.16619	0.03124	0.02948	0.00993	0.00881	0.00256	0.00865	0.00945	0.00545	0.01218
5	0.03022	0.02225	0.02402	0.01883	0.02503	0.02451	0.01537	0.56065	0.03772	0.05054	0.02299	0.08576	0.01852	0.01181	0.00874	0.00264	0.00894	0.00926	0.00845	0.01374
6	0.01216	0.00912	0.01368	0.01368	0.01520	0.01064	0.01064	0.01520	0.01368	0.01976	0.02279	0.03343	0.02127	0.06382	0.66720	0.01368	0.02279	0.00912	0.00456	0.00760
7	0.03235	0.02384	0.02554	0.01958	0.02639	0.02639	0.01618	0.61946	0.04001	0.05363	0.02043	0.02043	0.01447	0.01022	0.00851	0.00255	0.00936	0.00766	0.00851	0.01447
8	0.03362	0.02008	0.02300	0.01782	0.02441	0.02103	0.01466	0.37022	0.07767	0.26754	0.02618	0.02432	0.01768	0.01043	0.00854	0.00261	0.00841	0.00813	0.00925	0.01440
9	0.02261	0.02526	0.02548	0.02222	0.02354	0.22001	0.01796	0.02457	0.01639	0.02059	0.01177	0.01763	0.01111	0.01304	0.02180	0.00326	0.48253	0.00685	0.00392	0.00948
10	0.01431	0.00976	0.01086	0.01028	0.01094	0.01001	0.00622	0.07113	0.01505	0.02009	0.02620	0.05228	0.02935	0.63407	0.03995	0.00770	0.00836	0.01192	0.00548	0.00606
11	0.02833	0.19430	0.03062	0.02370	0.10612	0.31908	0.01720	0.13332	0.02465	0.02728	0.01448	0.01657	0.01189	0.00851	0.00739	0.00221	0.01212	0.00591	0.00491	0.01139
12	0.01368	0.00948	0.01218	0.01127	0.01363	0.00896	0.00853	0.01879	0.05813	0.06097	0.58296	0.06029	0.07470	0.01677	0.00990	0.00269	0.00431	0.01477	0.00938	0.00861
13	0.01702	0.01627	0.01557	0.01507	0.01729	0.16185	0.01156	0.01995	0.01646	0.02107	0.02101	0.02910	0.01894	0.04629	0.45580	0.00998	0.01939	0.00817	0.07105	0.00815
14	0.02106	0.02022	0.03454	0.05223	0.64784	0.02022	0.02612	0.02612	0.01938	0.02780	0.01601	0.02106	0.01348	0.00758	0.00842	0.00253	0.01011	0.00758	0.00421	0.01348
15	0.02930	0.03351	0.02310	0.02058	0.02532	0.44641	0.01570	0.09683	0.17138	0.02773	0.01904	0.01980	0.01492	0.00958	0.00800	0.00240	0.01267	0.00670	0.00583	0.01120
16	0.03188	0.03798	0.02434	0.02156	0.02632	0.56814	0.01640	0.12415	0.02656	0.02588	0.01428	0.01613	0.01150	0.00899	0.00780	0.00225	0.01443	0.00582	0.00502	0.01058
17	0.02114	0.01874	0.02291	0.02568	0.17192	0.02094	0.01650	0.04065	0.48569	0.03373	0.03018	0.02919	0.02299	0.01060	0.00860	0.00280	0.00754	0.00913	0.00759	0.01347
18	0.03179	0.04056	0.02412	0.02192	0.02631	0.66676	0.01644	0.03398	0.02412	0.02083	0.01315	0.01535	0.01096	0.00877	0.00767	0.00219	0.01535	0.00548	0.00438	0.00987
19	0.01734	0.07571	0.62752	0.02379	0.03611	0.02043	0.03063	0.02688	0.01793	0.02662	0.01511	0.01776	0.01079	0.00805	0.00796	0.00265	0.01241	0.00621	0.00360	0.01250
20	0.01191	0.00937	0.01460	0.01439	0.01590	0.00948	0.06158	0.01432	0.01554	0.02127	0.03527	0.38346	0.03958	0.07490	0.22845	0.00703	0.01181	0.01734	0.00634	0.00744
21	0.01216	0.00912	0.01368	0.01368	0.01520	0.01064	0.01064	0.01520	0.01368	0.01976	0.02279	0.03343	0.02127	0.06382	0.66720	0.01368	0.02279	0.00912	0.00456	0.00760
22	0.01707	0.04402	0.65683	0.02426	0.03683	0.01976	0.03144	0.02695	0.01797	0.02695	0.01527	0.01797	0.01078	0.00809	0.00809	0.00270	0.01258	0.00629	0.00359	0.01258
23	0.03179	0.04056	0.02412	0.02192	0.02631	0.66676	0.01644	0.03398	0.02412	0.02083	0.01315	0.01535	0.01096	0.00877	0.00767	0.00219	0.01535	0.00548	0.00438	0.00987
24	0.01035	0.00748	0.00979	0.01164	0.01229	0.00693	0.00781	0.01187	0.01649	0.02181	0.04944	0.65577	0.09424	0.02633	0.01081	0.00342	0.00490	0.02379	0.00790	0.00693
25	0.01006	0.00862	0.00862	0.00862	0.01149	0.00718	0.00647	0.01221	0.01940	0.02299	0.08621	0.08190	0.64438	0.02155	0.01006	0.00287	0.00431	0.01796	0.00790	0.00718
26	0.01586	0.00793	0.00793	0.00793	0.00991	0.00793	0.00595	0.01983	0.01785	0.03173	0.02776	0.03173	0.02181	0.00991	0.00595	0.00198	0.00397	0.00793	0.74817	0.00793
27	0.02770	0.03374	0.02472	0.02205	0.02508	0.46764	0.01712	0.02979	0.02067	0.02072	0.01254	0.01636	0.01103	0.01067	0.01397	0.00267	0.22357	0.00609	0.00418	0.00969
28	0.01228	0.00821	0.00931	0.00940	0.00942	0.00819	0.00528	0.01235	0.01256	0.01674	0.02775	0.08551	0.03212	0.66949	0.04180	0.00803	0.00810	0.01293	0.00528	0.00524
29	0.01135	0.00867	0.01041	0.00997	0.01229	0.00773	0.00748	0.01471	0.02244	0.03022	0.44785	0.07000	0.27824	0.01886	0.01004	0.00275	0.00412	0.01629	0.00885	0.00773
30	0.02013	0.02401	0.14196	0.07516	0.47238	0.02014	0.02611	0.02729	0.05859	0.02787	0.01704	0.02129	0.01371	0.00797	0.00838	0.00259	0.01038	0.00749	0.00437	0.01313
31	0.19701	0.02525	0.16323	0.03043	0.14172	0.02035	0.24767	0.02646	0.01818	0.02991	0.01532	0.01941	0.01169	0.00761	0.00821	0.00272	0.01138	0.00754	0.00437	0.01151
32	0.02275	0.70604	0.04459	0.01456	0.02184	0.03367	0.01456	0.02548	0.01729	0.02002	0.01183	0.01365	0.01092	0.00728	0.00546	0.00182	0.00910	0.00455	0.00364	0.01092
33	0.02392	0.02564	0.03177	0.04416	0.48228	0.19244	0.02354	0.02821	0.02064	0.02594	0.01525	0.01954	0.01281	0.00790	0.00822	0.00244	0.01150	0.00702	0.00426	0.01252
34	0.01180	0.00944	0.01286	0.04517	0.01594	0.01023	0.01010	0.01357	0.01604	0.02162	0.04249	0.53234	0.08059	0.02383	0.01314	0.00343	0.10224	0.02066	0.00711	0.00739
35	0.02573	0.01975	0.02048	0.01694	0.02158	0.05631	0.01323	0.39691	0.03117	0.04111	0.02553	0.14304	0.02385	0.10805	0.01367	0.00348	0.00877	0.01108	0.00771	0.01161
36	0.01178	0.00800	0.00946	0.01004	0.01019	0.00786	0.00597	0.01222	0.01353	0.01804	0.03275	0.24460	0.03842	0.50180	0.03373	0.00683	0.00727	0.01587	0.00597	0.00568
37	0.01485	0.00811	0.00862	0.00849	0.01052	0.00791	0.00637	0.01873	0.01911	0.03174	0.14722	0.04027	0.06407	0.01191	0.00693	0.00216	0.00399	0.00985	0.57123	0.00791
38	0.01937	0.02101	0.04272	0.07889	0.04126	0.01955	0.46745	0.02584	0.01944	0.02694	0.01670	0.02201	0.01274	0.00712	0.00928	0.00259	0.01272	0.00899	0.00440	0.14101
39	0.02106	0.02022	0.03454	0.05223	0.64784	0.02022	0.02612	0.02612	0.01938	0.02780	0.01601	0.02106	0.01348	0.00758	0.00842	0.00253	0.01011	0.00758	0.00421	0.01348
40	0.03818	0.01448	0.01975	0.01514	0.02172	0.01251	0.01251	0.04147	0.02436	0.65373	0.03357	0.02897	0.02107	0.01053	0.00856	0.00263	0.00724	0.00856	0.01053	0.01448
41	0.01238	0.00825	0.00928	0.00928	0.00928	0.00825	0.00516	0.01238	0.01238	0.01650	0.02681	0.05569	0.03094	0.70092	0.04331	0.00825	0.00825	0.01238	0.00516	0.00516
42	0.01176	0.00869	0.01098	0.01041	0.01254	0.00791	0.00781	0.01551	0.02342	0.03254	0.56389	0.06618	0.16074	0.01799	0.01004	0.00270	0.00406	0.01576	0.00916	0.00791
43	0.01062	0.00864	0.00940	0.00921	0.01184	0.00742	0.00691	0.01329	0.02072	0.02612	0.24286	0.07675	0.48578	0.02038	0.01005	0.00282	0.00423	0.01724	0.00831	0.00742
44	0.01216	0.00912	0.01368	0.01368	0.01520	0.01064	0.01064	0.01520	0.01368	0.01976	0.02279	0.03343	0.02127	0.06382	0.66720	0.01368	0.02279	0.00912	0.00456	0.00760
45	0.01707	0.04402	0.65683	0.02426	0.03683	0.01976	0.03144	0.02695	0.01797	0.02695	0.01527	0.01797	0.01078	0.00809	0.00809	0.00270	0.01258	0.00629	0.00359	0.01258
46	0.01200	0.00838	0.00956	0.00944	0.01019	0.00807	0.00584	0.01300	0.01539	0.02048	0.14282	0.06067	0.12398	0.48790	0.03292	0.00654	0.00697	0.01367	0.00627	0.00594
47	0.01082	0.00813	0.01176	0.01297	0.01385	0.00760	0.03640	0.01257	0.01647	0.02198	0.04552	0.66390	0.05426	0.02575	0.01082	0.00343	0.00538	0.02353	0.00773	0.00713
48	0.01987	0.01900	0.03238	0.20263	0.50678	0.01991	0.02552	0.02507	0.01881	0.02635	0.01580	0.02145	0.01297	0.00780	0.00844	0.00260	0.01041	0.00758	0.00411	0.01252
49	0.01840	0.01750	0.02973	0.38743	0.33346	0.01952	0.02479	0.02378	0.01812	0.02457	0.01554	0.02193	0.01234	0.00808	0.00847	0.00269	0.01077	0.00757	0.00398	0.01133
50	0.02083	0.01998	0.03412	0.08178	0.62013	0.02016	0.02600	0.02591	0.01927	0.02752	0.01597	0.02114	0.01338	0.00763	0.00843	0.00254	0.01017	0.00758	0.00419	0.01329
51	0.01854	0.01443	0.01674	0.01400	0.01884	0.01335	0.01075	0.16114	0.02251	0.03177	0.02785	0.26254	0.02879	0.01458	0.00847	0.00236	0.00654	0.01257	0.00690	0.30732
52	0.01764	0.11110	0.59480	0.02327	0.03531	0.02117	0.02973	0.02680	0.01790	0.02625	0.01492	0.01753	0.01079	0.00800	0.00782	0.00261	0.01222	0.00611	0.00360	0.01241
53	0.03127	0.03566	0.02377	0.02086	0.02567	0.50282	0.01596	0.15902	0.02727	0.02831	0.01530	0.01710	0.01215	0.00913	0.00778	0.00226	0.01360	0.00605	0.03524	0.01078
54	0.02156	0.02016	0.03330	0.09040	0.56441	0.02059	0.02523	0.06918	0.02073	0.02930	0.01627	0.02112	0.01341	0.00783	0.00844	0.00255	0.01014	0.00759	0.00450	0.01329
55	0.02275	0.70604	0.04459	0.01456	0.02184	0.03367	0.01456	0.02548	0.01729	0.02002	0.01183	0.01365	0.01092	0.00728	0.00546	0.00182	0.00910	0.00455	0.00364	0.01092
56	0.01625	0.03906	0.56791	0.02247	0.03349	0.01807	0.02821	0.02514	0.01824	0.02703	0.05812	0.07039	0.01859	0.01004	0.00841	0.00275	0.01147	0.00818	0.00428	0.01187
57	0.01314	0.00866	0.01144	0.01144	0.01282	0.00953	0.00848	0.01588	0.01451	0.02224	0.02476	0.03689	0.02310	0.16151	0.38957	0.00975	0.01545	0.00939	0.19417	0.00726
58	0.01447	0.01051	0.01515	0.04549	0.09889	0.01009	0.01131	0.01804	0.02131	0.06445	0.35670	0.20552	0.05946	0.01755	0.00987	0.00285	0.00554	0.01575	0.00816	0.00890
59	0.01216	0.00912	0.01368	0.01368	0.01520	0.01064	0.01064	0.01520	0.01368	0.01976	0.02279	0.03343	0.02127	0.06382	0.66720	0.01368	0.02279	0.00912	0.00456	0.00760
60	0.01216	0.00912	0.01368	0.01368	0.01520	0.01064	0.01064	0.01520	0.01368	0.01976	0.02279	0.03343	0.02127	0.06382	0.66720	0.01368	0.02279	0.00912	0.00456	0.00760
61	0.01048	0.00860	0.00908	0.00924	0.01173	0.00740	0.00686	0.01262	0.01901	0.02311	0.10264	0.10944	0.52452	0.06556	0.01232	0.00329	0.00475	0.04448	0.00779	0.00711
62	0.01967	0.01153	0.01416	0.01243	0.01615	0.01090	0.00968	0.02604	0.11012	0.19035	0.30652	0.05333	0.15326	0.01552	0.00947	0.00273	0.00528	0.01326	0.00931	0.01031
63	0.02631	0.02523	0.03081	0.14054	0.06485	0.14897	0.14299	0.24949	0.02777	0.03495	0.01720	0.02039	0.01287	0.00888	0.00866	0.00260	0.01195	0.00771	0.00580	0.01202
64	0.02514	0.02180	0.01864	0.01611	0.02051	0.16835	0.01259	0.19680	0.13305	0.03606	0.02351	0.02474	0.01795	0.01002	0.00755	0.00235	0.00862	0.00758	0.23745	0.01120
65	0.02177	0.01361	0.01618	0.01420	0.01817	0.01376	0.01102	0.10914	0.13984	0.16749	0.17090	0.15585	0.08042	0.01571	0.00939	0.00284	0.00614	0.01347	0.00902	0.01108
66	0.02121	0.02408	0.04031	0.03041	0.03615	0.10670	0.37762	0.02631	0.01871	0.02460	0.01506	0.02080	0.01219	0.00946	0.01455	0.00301	0.19524	0.00875	0.00416	0.01068
67	0.01607	0.01513	0.02552	0.68047	0.05861	0.01891	0.02363	0.02174	0.01702	0.02174	0.01513	0.02269	0.01134	0.00851	0.00851	0.00284	0.01134	0.00756	0.00378	0.00945
68	0.02106	0.02022	0.03454	0.05223	0.64784	0.02022	0.02612	0.02612	0.01938	0.02780	0.01601	0.02106	0.01348	0.00758	0.00842	0.00253	0.01011	0.00758	0.00421	0.01348
69	0.02034	0.01948	0.03323	0.14358	0.56216	0.02003	0.02576	0.02548	0.01903	0.02692	0.01588	0.02130	0.01317	0.00772	0.00844	0.00257	0.01029	0.00758	0.00415	0.01289
70	0.01204	0.00870	0.01138	0.01071	0.01271	0.00803	0.00803	0.01606	0.02409	0.03413	0.64335	0.06357	0.08030	0.01740	0.01004	0.00268	0.00401	0.01539	0.00937	0.00803
71	0.02106	0.02022	0.03454	0.05223	0.64784	0.02022	0.02612	0.02612	0.01938	0.02780	0.01601	0.02106	0.01348	0.00758	0.00842	0.00253	0.01011	0.00758	0.00421	0.01348
72	0.03195	0.03578	0.02452	0.02125	0.02633	0.48361	0.01637	0.20143	0.02866	0.03021	0.01524	0.01680	0.01197	0.00918	0.00791	0.00230	0.01364	0.00610	0.00557	0.01118
73	0.03818	0.01448	0.01975	0.01514	0.02172	0.01251	0.01251	0.04147	0.02436	0.65373	0.03357	0.02897	0.02107	0.01053	0.00856	0.00263	0.00724	0.00856	0.01053	0.01448
74	0.01091	0.00788	0.01035	0.01160	0.01263	0.00732	0.00812	0.01314	0.01846	0.02494	0.19259	0.48859	0.08845	0.02405	0.01067	0.00326	0.00481	0.04675	0.00825	0.00724
75	0.01822	0.01013	0.01298	0.01145	0.01475	0.00900	0.00887	0.02173	0.02334	0.18672	0.39381	0.05814	0.16418	0.01641	0.00967	0.00270	0.00487	0.01414	0.00940	0.00949
76	0.14728	0.01688	0.01651	0.01678	0.05021	0.13577	0.01228	0.02100	0.01607	0.02360	0.01872	0.02597	0.01683	0.04080	0.39358	0.00901	0.01791	0.00757	0.00463	0.00861
77	0.01045	0.00747	0.00994	0.01180	0.01236	0.00696	0.00791	0.01205	0.01666	0.02230	0.07471	0.66592	0.05740	0.02623	0.01082	0.00342	0.00489	0.02378	0.00797	0.00696
78	0.16958	0.06359	0.02343	0.01872	0.02425	0.29263	0.01489	0.23283	0.02741	0.03533	0.01534	0.01672	0.01183	0.00903	0.00740	0.00238	0.01132	0.00602	0.00593	0.01138
79	0.01707	0.04402	0.65683	0.02426	0.03683	0.01976	0.03144	0.02695	0.01797	0.02695	0.01527	0.01797	0.01078	0.00809	0.00809	0.00270	0.01258	0.00629	0.00359	0.01258
80	0.05612	0.53604	0.17047	0.01642	0.02471	0.03010	0.01782	0.02577	0.01730	0.02231	0.01255	0.01456	0.01081	0.00748	0.00600	0.00204	0.00971	0.00491	0.00371	0.01119
81	0.01479	0.01252	0.01964	0.02358	0.16720	0.01413	0.01497	0.01822	0.01499	0.02174	0.02026	0.02932	0.01862	0.04655	0.45966	0.01023	0.07140	0.00862	0.00441	0.00914
82	0.02897	0.24848	0.03051	0.01962	0.02491	0.46896	0.01585	0.03133	0.02198	0.02058	0.01274	0.01482	0.01095	0.00830	0.00698	0.00208	0.01340	0.00519	0.00415	0.01020
83	0.01081	0.00917	0.00939	0.00924	0.01217	0.00802	0.00696	0.01431	0.05399	0.02441	0.11929	0.07791	0.57339	0.02072	0.00998	0.00286	0.00443	0.01733	0.00804	0.00759
84	0.02081	0.47971	0.25391	0.01788	0.02697	0.02892	0.02033	0.02598	0.01752	0.02239	0.01301	0.01513	0.01087	0.00756	0.00636	0.00212	0.01029	0.00514	0.00362	0.01149
85	0.01080	0.00863	0.00952	0.00931	0.01176	0.00750	0.00689	0.01342	0.02050	0.02613	0.25724	0.07482	0.43640	0.05537	0.01177	0.00309	0.00442	0.01687	0.00822	0.00734
86	0.01085	0.00761	0.00973	0.01123	0.01161	0.00723	0.00724	0.01198	0.01536	0.02047	0.04209	0.54223	0.05022	0.18808	0.01863	0.00460	0.00573	0.02136	0.00724	0.00649
87	0.03179	0.04056	0.02412	0.02192	0.02631	0.66676	0.01644	0.03398	0.02412	0.02083	0.01315	0.01535	0.01096	0.00877	0.00767	0.00219	0.01535	0.00548	0.00438	0.00987
88	0.01238	0.00825	0.00928	0.00928	0.00928	0.00825	0.00516	0.01238	0.01238	0.01650	0.02681	0.05569	0.03094	0.70092	0.04331	0.00825	0.00825	0.01238	0.00516	0.00516
89	0.01064	0.00752	0.00979	0.01150	0.01192	0.00710	0.00752	0.01192	0.01575	0.02101	0.04414	0.60735	0.05280	0.11943	0.01533	0.00412	0.00539	0.02257	0.00752	0.00667
90	0.01037	0.00741	0.00987	0.01185	0.01234	0.00691	0.00790	0.01185	0.01629	0.02172	0.04690	0.69537	0.05629	0.02666	0.01086	0.00346	0.00494	0.02419	0.00790	0.00691
91	0.02106	0.02022	0.03454	0.05223	0.64784	0.02022	0.02612	0.02612	0.01938	0.02780	0.01601	0.02106	0.01348	0.00758	0.00842	0.00253	0.01011	0.00758	0.00421	0.01348
92	0.01037	0.00741	0.00987	0.01185	0.01234	0.00691	0.00790	0.01185	0.01629	0.02172	0.04690	0.69537	0.05629	0.02666	0.01086	0.00346	0.00494	0.02419	0.00790	0.00691
93	0.01232	0.00846	0.01033	0.01033	0.01070	0.00882	0.00647	0.01305	0.01269	0.01728	0.02585	0.05036	0.02863	0.54841	0.19267	0.00955	0.01173	0.01160	0.00501	0.00574
94	0.02106	0.02022	0.03454	0.05223	0.64784	0.02022	0.02612	0.02612	0.01938	0.02780	0.01601	0.02106	0.01348	0.00758	0.00842	0.00253	0.01011	0.00758	0.00421	0.01348
95	0.02048	0.01963	0.03349	0.12546	0.57916	0.02007	0.02583	0.02561	0.01910	0.02710	0.01590	0.02125	0.01323	0.00769	0.00843	0.00256	0.01025	0.00758	0.00416	0.01301
96	0.01224	0.00932	0.01167	0.01284	0.01516	0.00875	0.01080	0.01545	0.01951	0.02447	0.06160	0.09033	0.28830	0.02272	0.01107	0.00350	0.00642	0.36040	0.00786	0.00757
97	0.03179	0.04056	0.02412	0.02192	0.02631	0.66676	0.01644	0.03398	0.02412	0.02083	0.01315	0.01535	0.01096	0.00877	0.00767	0.00219	0.01535	0.00548	0.00438	0.00987
98	0.03179	0.04056	0.02412	0.02192	0.02631	0.66676	0.01644	0.03398	0.02412	0.02083	0.01315	0.01535	0.01096	0.00877	0.00767	0.00219	0.01535	0.00548	0.00438	0.00987
99	0.01942	0.31829	0.40319	0.02024	0.03062	0.02553	0.02445	0.02634	0.01769	0.02408	0.01385	0.01618	0.01084	0.00775	0.00700	0.00233	0.01114	0.00557	0.00361	0.01189
100	0.01216	0.00912	0.01368	0.01368	0.01520	0.01064	0.01064	0.01520	0.01368	0.01976	0.02279	0.03343	0.02127	0.06382	0.66720	0.01368	0.02279	0.00912	0.00456	0.00760
101	0.01216	0.00912	0.01368	0.01368	0.01520	0.01064	0.01064	0.01520	0.01368	0.01976	0.02279	0.03343	0.02127	0.06382	0.66720	0.01368	0.02279	0.00912	0.00456	0.00760
102	0.02925	0.03565	0.02587	0.02748	0.14450	0.51351	0.01815	0.03301	0.05157	0.02284	0.01470	0.01720	0.01214	0.00867	0.00786	0.00229	0.01395	0.00607	0.00455	0.01072
103	0.03179	0.04056	0.02412	0.02192	0.02631	0.66676	0.01644	0.03398	0.02412	0.02083	0.01315	0.01535	0.01096	0.00877	0.00767	0.00219	0.01535	0.00548	0.00438	0.00987
104	0.01535	0.01170	0.01548	0.15456	0.05115	0.01178	0.01270	0.01990	0.05365	0.08035	0.05591	0.06078	0.32586	0.01686	0.00964	0.00295	0.00684	0.07837	0.00714	0.00901
105	0.02499	0.02579	0.01965	0.01772	0.02134	0.29731	0.01320	0.14947	0.05291	0.02791	0.02346	0.14166	0.02307	0.10756	0.01336	0.00335	0.01090	0.01035	0.00616	0.00983
106	0.02965	0.19921	0.02908	0.02007	0.02524	0.48976	0.01598	0.05521	0.02311	0.02194	0.01313	0.01514	0.01109	0.00847	0.00718	0.00212	0.01361	0.00534	0.00437	0.01030
107	0.01210	0.00814	0.00936	0.00963	0.00970	0.00807	0.00553	0.01230	0.01291	0.01721	0.02954	0.14254	0.03438	0.60938	0.03891	0.00760	0.00780	0.01398	0.00553	0.00539
108	0.02007	0.02175	0.02607	0.02198	0.02500	0.17398	0.12033	0.02330	0.01711	0.02153	0.01622	0.02308	0.01448	0.02689	0.21347	0.00622	0.20703	0.00794	0.00424	0.00930
109	0.01258	0.00933	0.01228	0.01222	0.01279	0.01042	0.00851	0.01394	0.01340	0.01863	0.02689	0.13317	0.02953	0.33988	0.24080	0.00896	0.07240	0.01250	0.00521	0.00656
110	0.02962	0.02400	0.02390	0.01925	0.02536	0.08243	0.01555	0.42961	0.18042	0.04638	0.02318	0.02269	0.01691	0.01040	0.00847	0.00260	0.00927	0.00794	0.00818	0.01382
111	0.03141	0.03043	0.02498	0.02069	0.02615	0.28923	0.01641	0.34818	0.03209	0.03845	0.01697	0.01825	0.01286	0.00986	0.00917	0.00247	0.04676	0.00676	0.00657	0.01231
112	0.01216	0.00912	0.01368	0.01368	0.01520	0.01064	0.01064	0.01520	0.01368	0.01976	0.02279	0.03343	0.02127	0.06382	0.66720	0.01368	0.02279	0.00912	0.00456	0.00760
113	0.01216	0.00912	0.01368	0.01368	0.01520	0.01064	0.01064	0.01520	0.01368	0.01976	0.02279	0.03343	0.02127	0.06382	0.66720	0.01368	0.02279	0.00912	0.00456	0.00760
114	0.03182	0.03962	0.02420	0.02179	0.02631	0.63094	0.01643	0.06673	0.02501	0.02266	0.01356	0.01563	0.01116	0.00885	0.00772	0.00221	0.01501	0.00560	0.00462	0.01012
115	0.01263	0.00905	0.01343	0.01371	0.01515	0.01020	0.01076	0.01515	0.01427	0.02009	0.02519	0.04162	0.02460	0.05476	0.51237	0.08378	0.01917	0.09187	0.00494	0.00725
116	0.01223	0.00819	0.00933	0.00947	0.00951	0.00815	0.00536	0.01234	0.01266	0.01688	0.02828	0.10242	0.03279	0.65167	0.04094	0.00790	0.00801	0.01324	0.00536	0.00528
117	0.01094	0.00775	0.01006	0.01130	0.01199	0.00729	0.00754	0.01266	0.01712	0.02317	0.14846	0.49685	0.05700	0.11781	0.01518	0.00398	0.00523	0.02103	0.00778	0.00687
118	0.01668	0.01596	0.02565	0.52292	0.04993	0.02062	0.02243	0.02144	0.01606	0.02144	0.01418	0.02171	0.01130	0.01004	0.01316	0.00305	0.17270	0.00754	0.00377	0.00942
119	0.01852	0.21345	0.50014	0.02177	0.03300	0.02332	0.02712	0.02657	0.01779	0.02518	0.01439	0.01686	0.01082	0.00788	0.00741	0.00247	0.01169	0.00584	0.00361	0.01215
120	0.02400	0.28679	0.22319	0.01992	0.02785	0.23766	0.02029	0.02872	0.01974	0.02238	0.01331	0.01552	0.01089	0.00801	0.00698	0.00221	0.01221	0.00538	0.00387	0.01108
121	0.02771	0.02153	0.02293	0.01864	0.02462	0.02422	0.01505	0.38120	0.28583	0.04615	0.02633	0.02513	0.01925	0.01077	0.00857	0.00269	0.00827	0.00847	0.00857	0.01406
122	0.02106	0.02022	0.03454	0.05223	0.64784	0.02022	0.02612	0.02612	0.01938	0.02780	0.01601	0.02106	0.01348	0.00758	0.00842	0.00253	0.01011	0.00758	0.00421	0.01348
123	0.01238	0.00825	0.00928	0.00928	0.00928	0.00825	0.00516	0.01238	0.01238	0.01650	0.02681	0.05569	0.03094	0.70092	0.04331	0.00825	0.00825	0.01238	0.00516	0.00516
124	0.02865	0.01596	0.01921	0.01552	0.02090	0.01603	0.01253	0.17472	0.11172	0.28766	0.16576	0.03498	0.03329	0.01212	0.00889	0.00266	0.00696	0.01000	0.00953	0.01291
125	0.02987	0.03382	0.02632	0.02720	0.14299	0.43340	0.01821	0.13491	0.02601	0.02787	0.01496	0.01731	0.01205	0.00880	0.00796	0.00232	0.01332	0.00626	0.00507	0.01135
126	0.01223	0.00833	0.00957	0.00957	0.00984	0.00837	0.00563	0.01257	0.01286	0.01710	0.02984	0.05553	0.06454	0.61638	0.08703	0.00835	0.00909	0.01245	0.00527	0.00545
127	0.02272	0.01730	0.02006	0.01612	0.02151	0.01802	0.01304	0.29337	0.02669	0.03718	0.01988	0.02370	0.01608	0.02551	0.20738	0.00561	0.01270	0.00748	0.00649	0.18918
128	0.01736	0.07824	0.62518	0.02375	0.03606	0.02048	0.03057	0.02687	0.01793	0.02659	0.01509	0.01774	0.01079	0.00804	0.00795	0.00265	0.01240	0.00620	0.00360	0.01249
129	0.02009	0.02296	0.05022	0.03587	0.04448	0.02152	0.61693	0.02726	0.02009	0.02726	0.01722	0.02296	0.01291	0.00717	0.01004	0.00287	0.01435	0.01004	0.00430	0.01148
130	0.01220	0.00931	0.01160	0.01275	0.01509	0.00871	0.01071	0.01539	0.01951	0.02444	0.06211	0.09015	0.29565	0.02270	0.01105	0.00349	0.00638	0.35333	0.00786	0.00757
131	0.03075	0.03433	0.02465	0.02136	0.02597	0.44624	0.01657	0.18198	0.02718	0.02916	0.01483	0.01694	0.01188	0.00969	0.00970	0.00242	0.07376	0.00621	0.00538	0.01099
132	0.01008	0.00853	0.00871	0.00886	0.01156	0.00716	0.00657	0.01219	0.01917	0.02290	0.08334	0.12671	0.60142	0.02193	0.01012	0.00292	0.00436	0.01842	0.00790	0.00716
133	0.01010	0.00845	0.00879	0.00907	0.01161	0.00715	0.00666	0.01216	0.01897	0.02282	0.08080	0.16631	0.56347	0.02226	0.01017	0.00295	0.00440	0.01882	0.00790	0.00715
134	0.01861	0.02199	0.08191	0.07891	0.04026	0.02032	0.43021	0.02489	0.01878	0.02576	0.01904	0.08169	0.01634	0.00972	0.01142	0.00298	0.07121	0.01065	0.00449	0.01081
135	0.02522	0.08509	0.03070	0.08542	0.29736	0.19616	0.02099	0.10717	0.02305	0.02823	0.01540	0.01893	0.01255	0.00830	0.00798	0.00240	0.01143	0.00676	0.00475	0.01210
136	0.01032	0.00871	0.00899	0.00914	0.01194	0.00737	0.00700	0.01261	0.01941	0.02317	0.08320	0.08293	0.60089	0.02170	0.01018	0.00295	0.00457	0.05979	0.00790	0.00723
137	0.01216	0.00912	0.01368	0.01368	0.01520	0.01064	0.01064	0.01520	0.01368	0.01976	0.02279	0.03343	0.02127	0.06382	0.66720	0.01368	0.02279	0.00912	0.00456	0.00760
138	0.03113	0.08917	0.02561	0.02139	0.02598	0.62051	0.01631	0.03336	0.02362	0.02077	0.01306	0.01522	0.01096	0.00866	0.00751	0.00217	0.01489	0.00541	0.00433	0.00994
139	0.01238	0.00825	0.00928	0.00928	0.00928	0.00825	0.00516	0.01238	0.01238	0.01650	0.02681	0.05569	0.03094	0.70092	0.04331	0.00825	0.00825	0.01238	0.00516	0.00516
140	0.01130	0.00867	0.01034	0.00992	0.01225	0.00771	0.00744	0.01461	0.02232	0.02993	0.43331	0.07048	0.29295	0.01896	0.01004	0.00275	0.00413	0.01636	0.00882	0.00771
141	0.01607	0.01513	0.02552	0.68047	0.05861	0.01891	0.02363	0.02174	0.01702	0.02174	0.01513	0.02269	0.01134	0.00851	0.00851	0.00284	0.01134	0.00756	0.00378	0.00945
142	0.01088	0.00811	0.01025	0.01175	0.01307	0.00748	0.00857	0.01295	0.01761	0.02268	0.05599	0.44368	0.19579	0.02489	0.01083	0.00340	0.00529	0.12176	0.00789	0.00714
143	0.02106	0.02022	0.03454	0.05223	0.64784	0.02022	0.02612	0.02612	0.01938	0.02780	0.01601	0.02106	0.01348	0.00758	0.00842	0.00253	0.01011	0.00758	0.00421	0.01348
144	0.01222	0.00887	0.01243	0.01243	0.01352	0.00996	0.00909	0.01440	0.01331	0.01883	0.02393	0.03973	0.02401	0.24412	0.49065	0.01214	0.01868	0.01004	0.00473	0.00691
145	0.01029	0.00854	0.00901	0.00908	0.01169	0.00726	0.00674	0.01260	0.01967	0.02409	0.14324	0.12474	0.54078	0.02148	0.01011	0.00290	0.00432	0.01814	0.00806	0.00726
146	0.01059	0.00766	0.01007	0.01192	0.01267	0.00714	0.00823	0.01230	0.01673	0.02208	0.04931	0.61199	0.09371	0.02610	0.01088	0.00345	0.00511	0.06516	0.00790	0.00700
147	0.01707	0.04402	0.65683	0.02426	0.03683	0.01976	0.03144	0.02695	0.01797	0.02695	0.01527	0.01797	0.01078	0.00809	0.00809	0.00270	0.01258	0.00629	0.00359	0.01258
148	0.03182	0.03978	0.02418	0.02182	0.02631	0.63710	0.01643	0.06110	0.02485	0.02235	0.01349	0.01558	0.01112	0.00884	0.00771	0.00221	0.01507	0.00558	0.00458	0.01008
149	0.01036	0.00863	0.00905	0.00894	0.01168	0.00731	0.00671	0.01281	0.02012	0.02471	0.17231	0.07907	0.55721	0.02091	0.01005	0.00284	0.00426	0.01756	0.00813	0.00731
150	0.01586	0.00793	0.00793	0.00793	0.00991	0.00793	0.00595	0.01983	0.01785	0.03173	0.02776	0.03173	0.02181	0.00991	0.00595	0.00198	0.00397	0.00793	0.74817	0.00793
151	0.01067	0.00762	0.01022	0.01219	0.01282	0.00717	0.00842	0.01237	0.01659	0.02206	0.04674	0.64175	0.05563	0.02638	0.01094	0.00350	0.00520	0.07486	0.00789	0.00699
152	0.01862	0.01862	0.02607	0.02234	0.02234	0.02607	0.01862	0.02048	0.01303	0.02048	0.01117	0.01862	0.01117	0.01489	0.02793	0.00372	0.68535	0.00745	0.00372	0.00931
153	0.01164	0.00847	0.01096	0.01079	0.01258	0.00779	0.00792	0.01511	0.02246	0.03133	0.50787	0.17509	0.10765	0.01925	0.01018	0.00282	0.00419	0.01707	0.00903	0.00779
154	0.01216	0.00912	0.01368	0.01368	0.01520	0.01064	0.01064	0.01520	0.01368	0.01976	0.02279	0.03343	0.02127	0.06382	0.66720	0.01368	0.02279	0.00912	0.00456	0.00760
155	0.01238	0.00825	0.00928	0.00928	0.00928	0.00825	0.00516	0.01238	0.01238	0.01650	0.02681	0.05569	0.03094	0.70092	0.04331	0.00825	0.00825	0.01238	0.00516	0.00516
156	0.01748	0.04112	0.57336	0.02585	0.03788	0.02001	0.11200	0.02699	0.01826	0.02699	0.01554	0.01865	0.01107	0.00796	0.00835	0.00272	0.01282	0.00681	0.00369	0.01243
157	0.05148	0.15688	0.02400	0.02231	0.16746	0.01689	0.01454	0.02048	0.01941	0.02697	0.16799	0.13191	0.03893	0.01461	0.00883	0.00274	0.00730	0.09111	0.00634	0.00981
158	0.01572	0.01598	0.07350	0.01620	0.01876	0.05070	0.01383	0.04261	0.01691	0.02386	0.05062	0.11449	0.02596	0.03304	0.24950	0.00690	0.13185	0.03759	0.05325	0.00871
159	0.16223	0.54234	0.06919	0.01441	0.02157	0.03022	0.01440	0.02547	0.01679	0.02381	0.01201	0.01390	0.01059	0.00744	0.00556	0.00202	0.00880	0.00465	0.00395	0.01068
160	0.02470	0.15651	0.02753	0.14788	0.05960	0.33373	0.01721	0.02783	0.02057	0.02123	0.01725	0.02061	0.04117	0.01138	0.03626	0.00279	0.01297	0.00655	0.00429	0.00993
161	0.02353	0.01727	0.01931	0.01612	0.02075	0.01914	0.01298	0.32276	0.08834	0.03987	0.02626	0.02877	0.04723	0.02367	0.16600	0.00520	0.01148	0.00871	0.09097	0.01165
162	0.02910	0.03092	0.02724	0.02934	0.19064	0.33264	0.01893	0.18111	0.02691	0.03103	0.01576	0.01815	0.01252	0.00882	0.00809	0.00237	0.01244	0.00659	0.00539	0.01200
163	0.01856	0.10099	0.44990	0.03004	0.18168	0.02119	0.02857	0.02661	0.01824	0.02650	0.01512	0.01830	0.01144	0.00789	0.00792	0.00257	0.01166	0.00643	0.00375	0.01264
164	0.01811	0.01494	0.01516	0.01368	0.01648	0.07077	0.01001	0.13060	0.04972	0.02686	0.03070	0.10315	0.07906	0.22987	0.10990	0.00585	0.01026	0.01154	0.00630	0.04705
165	0.01233	0.00906	0.01340	0.01340	0.01494	0.01051	0.01041	0.01542	0.01388	0.02033	0.02303	0.03335	0.02130	0.06124	0.63554	0.01312	0.02189	0.00906	0.04016	0.00761
166	0.01824	0.09754	0.44606	0.02534	0.03639	0.02102	0.15293	0.02665	0.01834	0.02643	0.01537	0.01862	0.01132	0.00774	0.00819	0.00259	0.01237	0.00687	0.00381	0.04418
167	0.01194	0.00880	0.01136	0.01172	0.01365	0.00849	0.00913	0.01453	0.01863	0.02457	0.17541	0.10267	0.21886	0.02935	0.12707	0.05972	0.00845	0.13105	0.00730	0.00729
168	0.02853	0.03460	0.02226	0.02026	0.02462	0.51127	0.01528	0.03454	0.13021	0.02355	0.02163	0.02251	0.05447	0.01008	0.00800	0.00236	0.01313	0.00701	0.00536	0.01032
169	0.06036	0.27587	0.16565	0.01930	0.02650	0.27362	0.01863	0.02904	0.01993	0.02268	0.01307	0.01523	0.01083	0.00805	0.00686	0.00219	0.01212	0.00528	0.00399	0.01079

[dist]
# distance from previous block
# <min> <max>
0	2

[block]
# block no. 1 follows, 21 sequences, length 15
# corresponding to MSA columns:
# 172-186
name=unknown_B
#
# <colnr> <probs for GDERKNQSTAVLIFYWHMCP>
#	G	D	E	R	K	N	Q	S	T	A	V	L	I	F	Y	W	H	M	C	P
0	0.03011	0.03786	0.02322	0.02122	0.02536	0.61053	0.01595	0.03237	0.02322	0.02074	0.01398	0.01690	0.01185	0.01349	0.06420	0.00318	0.01598	0.00579	0.00440	0.00967
1	0.10694	0.01376	0.04825	0.01210	0.01520	0.01297	0.00941	0.07019	0.08452	0.02751	0.08559	0.04788	0.13158	0.27394	0.02167	0.00483	0.00721	0.01156	0.00655	0.00834
2	0.01858	0.02277	0.18379	0.01712	0.02285	0.05156	0.01661	0.14501	0.02464	0.03364	0.21198	0.11572	0.04005	0.01441	0.00927	0.00279	0.00831	0.04325	0.00715	0.01052
3	0.02598	0.03064	0.02547	0.02958	0.21357	0.39294	0.01822	0.02904	0.02212	0.02320	0.02257	0.02488	0.08588	0.00991	0.00818	0.00237	0.01246	0.00758	0.00474	0.01065
4	0.02026	0.02503	0.16030	0.04658	0.52436	0.02013	0.02719	0.02629	0.01909	0.02763	0.01586	0.02044	0.01293	0.00768	0.00836	0.00256	0.01061	0.00732	0.00409	0.01330
5	0.02120	0.02177	0.02493	0.03182	0.29277	0.14879	0.01827	0.02842	0.12481	0.02721	0.05351	0.03277	0.11528	0.01103	0.00863	0.00258	0.00947	0.00941	0.00577	0.01156
6	0.01381	0.00951	0.01193	0.01242	0.01362	0.00952	0.00892	0.06483	0.01788	0.02385	0.06784	0.27943	0.04275	0.19408	0.02086	0.06881	0.00683	0.11909	0.00697	0.00706
7	0.02860	0.03210	0.02486	0.02161	0.02533	0.39248	0.01694	0.13521	0.02419	0.02660	0.01396	0.01707	0.01164	0.01056	0.01288	0.00264	0.18147	0.00636	0.00496	0.01055
8	0.02817	0.02885	0.02209	0.01951	0.02442	0.32038	0.01502	0.09032	0.25921	0.07004	0.02336	0.02297	0.01769	0.01008	0.00818	0.00252	0.01099	0.00746	0.00678	0.01195
9	0.02830	0.03379	0.02193	0.01977	0.02389	0.50795	0.01492	0.06838	0.02513	0.02531	0.12620	0.02429	0.02357	0.01040	0.00815	0.00230	0.01294	0.00739	0.00554	0.00983
10	0.07378	0.03769	0.49717	0.02827	0.14445	0.01979	0.02882	0.02666	0.01796	0.02795	0.01515	0.01821	0.01114	0.00798	0.00793	0.00266	0.01169	0.00639	0.00383	0.01249
11	0.01114	0.00836	0.01023	0.01108	0.01247	0.00781	0.00771	0.01404	0.04289	0.02448	0.15985	0.39824	0.17688	0.05878	0.01217	0.00343	0.00489	0.02015	0.00805	0.00734
12	0.01322	0.01174	0.04726	0.01204	0.01503	0.01014	0.00981	0.01974	0.09458	0.03296	0.49046	0.05892	0.11811	0.01656	0.00977	0.00272	0.00483	0.01444	0.00885	0.00884
13	0.02011	0.05571	0.03264	0.04570	0.54019	0.01982	0.02369	0.02480	0.01860	0.02644	0.01658	0.02211	0.01426	0.01415	0.08539	0.00379	0.01154	0.00760	0.00422	0.01265
14	0.16898	0.11344	0.41769	0.02037	0.03036	0.06147	0.02410	0.02683	0.01757	0.02805	0.01406	0.01648	0.01049	0.00800	0.00719	0.00255	0.01114	0.00570	0.00399	0.01154

[dist]
# distance from previous block
# <min> <max>
0	2

[block]
# block no. 2 follows, 21 sequences, length 14
# corresponding to MSA columns:
# 189-202
name=unknown_C
#
# <colnr> <probs for GDERKNQSTAVLIFYWHMCP>
#	G	D	E	R	K	N	Q	S	T	A	V	L	I	F	Y	W	H	M	C	P
0	0.01990	0.01940	0.03419	0.18509	0.46088	0.02007	0.08512	0.02530	0.01894	0.02645	0.01594	0.02160	0.01297	0.00774	0.00861	0.00263	0.01080	0.00783	0.00413	0.01242
1	0.03027	0.02243	0.02415	0.01894	0.02521	0.02480	0.01547	0.54794	0.06979	0.05052	0.02297	0.06669	0.01791	0.01140	0.00868	0.00263	0.00893	0.00888	0.00848	0.01391
2	0.02024	0.02063	0.01614	0.01487	0.01804	0.22382	0.01103	0.09158	0.02274	0.02619	0.10007	0.11475	0.17634	0.09060	0.01283	0.00325	0.00896	0.01249	0.00668	0.00875
3	0.01974	0.10695	0.46080	0.02570	0.09570	0.05827	0.02749	0.06071	0.01964	0.02750	0.01517	0.01784	0.01129	0.00811	0.00786	0.00255	0.01195	0.00628	0.00398	0.01245
4	0.01304	0.00932	0.01154	0.01240	0.01353	0.00923	0.00849	0.07913	0.01845	0.02464	0.04160	0.54492	0.04866	0.10471	0.01445	0.00392	0.00582	0.02096	0.00764	0.00754
5	0.01108	0.00771	0.00966	0.01093	0.01125	0.00739	0.00692	0.01204	0.01490	0.01986	0.03974	0.46723	0.04725	0.26713	0.02244	0.00517	0.00612	0.01998	0.00692	0.00629
6	0.02255	0.02566	0.03188	0.02578	0.02921	0.19722	0.17496	0.02589	0.01786	0.02235	0.01329	0.01888	0.01157	0.01122	0.01779	0.00309	0.32913	0.00760	0.00405	0.01003
7	0.01671	0.01228	0.01444	0.01355	0.01534	0.01318	0.00969	0.15539	0.02042	0.02750	0.03199	0.29041	0.03548	0.23432	0.02166	0.00477	0.05218	0.01548	0.00690	0.00830
8	0.02567	0.03212	0.09237	0.03525	0.29584	0.32229	0.02213	0.02988	0.02145	0.02446	0.01460	0.01808	0.01203	0.00819	0.00804	0.00239	0.01281	0.00647	0.00423	0.01170
9	0.02106	0.02022	0.03454	0.05223	0.64784	0.02022	0.02612	0.02612	0.01938	0.02780	0.01601	0.02106	0.01348	0.00758	0.00842	0.00253	0.01011	0.00758	0.00421	0.01348
10	0.06485	0.02688	0.02944	0.03828	0.37566	0.23228	0.02149	0.06183	0.02182	0.02752	0.01510	0.01877	0.01248	0.00814	0.00801	0.00242	0.01159	0.00674	0.00457	0.01212
11	0.01760	0.01564	0.01514	0.01416	0.01738	0.08706	0.01067	0.08363	0.15576	0.03029	0.15058	0.17976	0.15403	0.01709	0.00949	0.00285	0.00668	0.01451	0.00799	0.00969
12	0.01204	0.00899	0.01155	0.01298	0.01489	0.00850	0.01056	0.01498	0.01886	0.02403	0.05655	0.21506	0.21127	0.02363	0.01111	0.00354	0.00629	0.31982	0.00787	0.00747
13	0.31047	0.02664	0.02008	0.01716	0.02257	0.23896	0.01361	0.19552	0.02492	0.03670	0.01471	0.01620	0.01128	0.00884	0.00699	0.00246	0.01031	0.00576	0.00588	0.01092

[dist]
# distance from previous block
# <min> <max>
0	11

[block]
# block no. 3 follows, 21 sequences, length 30
# corresponding to MSA columns:
# 214-243
name=unknown_D
#
# <colnr> <probs for GDERKNQSTAVLIFYWHMCP>
#	G	D	E	R	K	N	Q	S	T	A	V	L	I	F	Y	W	H	M	C	P
0	0.01356	0.01050	0.01282	0.01358	0.01591	0.01060	0.01082	0.02016	0.12519	0.02659	0.09025	0.19852	0.15806	0.02130	0.01062	0.00338	0.00618	0.23534	0.00810	0.00852
1	0.02764	0.02032	0.02219	0.01793	0.02338	0.02222	0.01440	0.48937	0.03493	0.04680	0.02610	0.16494	0.02342	0.01374	0.00902	0.00275	0.00842	0.01120	0.00838	0.01285
2	0.08892	0.01563	0.01780	0.12986	0.02587	0.01785	0.01355	0.03295	0.34431	0.03191	0.08907	0.03691	0.09576	0.01231	0.00859	0.00283	0.00700	0.01023	0.00747	0.01118
3	0.06572	0.15675	0.50966	0.02174	0.03293	0.02213	0.02710	0.02657	0.01763	0.02647	0.01446	0.01696	0.01070	0.00793	0.00745	0.00254	0.01159	0.00588	0.00371	0.01208
4	0.01779	0.01688	0.02862	0.46458	0.26110	0.01936	0.02449	0.02325	0.01783	0.02383	0.01543	0.02213	0.01208	0.00819	0.00848	0.00273	0.01092	0.00757	0.00393	0.01084
5	0.02189	0.02276	0.03068	0.18542	0.40590	0.13634	0.02383	0.02657	0.01971	0.02521	0.01530	0.02039	0.01256	0.00800	0.00831	0.00254	0.01133	0.00720	0.00415	0.01194
6	0.02360	0.02504	0.03207	0.04505	0.50052	0.17346	0.02382	0.02798	0.02050	0.02615	0.01533	0.01971	0.01288	0.00786	0.00825	0.00245	0.01135	0.00708	0.00425	0.01262
7	0.01319	0.00992	0.01353	0.05697	0.01913	0.00990	0.01302	0.01690	0.01939	0.02477	0.05071	0.08870	0.15614	0.02219	0.01123	0.00366	0.00741	0.44783	0.00759	0.00782
8	0.01230	0.01020	0.01217	0.01372	0.05510	0.00949	0.00985	0.01640	0.05857	0.02459	0.06743	0.10723	0.40507	0.02067	0.01027	0.00311	0.00565	0.14235	0.00770	0.00813
9	0.01616	0.01467	0.02022	0.02354	0.15608	0.05621	0.01512	0.01930	0.01546	0.02153	0.01948	0.02886	0.01816	0.07322	0.37233	0.00902	0.09862	0.00851	0.00440	0.00913
10	0.01910	0.01403	0.01609	0.01482	0.01802	0.01469	0.01130	0.24996	0.02595	0.03448	0.03930	0.35957	0.08213	0.01971	0.00993	0.00308	0.00676	0.04302	0.00814	0.00993
11	0.01062	0.00864	0.00941	0.00922	0.01184	0.00743	0.00691	0.01331	0.02074	0.02617	0.24521	0.07667	0.48340	0.02037	0.01005	0.00282	0.00423	0.01723	0.00832	0.00743
12	0.01996	0.01910	0.03255	0.19087	0.51781	0.01993	0.02557	0.02515	0.01886	0.02647	0.01581	0.02142	0.01301	0.00779	0.00844	0.00260	0.01038	0.00758	0.00412	0.01259
13	0.02600	0.02664	0.02707	0.17559	0.17209	0.23630	0.02015	0.15869	0.02498	0.02983	0.01584	0.01939	0.01238	0.00877	0.00821	0.00249	0.01196	0.00690	0.00512	0.01160
14	0.02803	0.02766	0.02509	0.13496	0.03155	0.24813	0.01779	0.25492	0.02792	0.03352	0.01609	0.01888	0.01239	0.00986	0.01007	0.00259	0.07638	0.00686	0.00580	0.01151
15	0.01238	0.00825	0.00928	0.00928	0.00928	0.00825	0.00516	0.01238	0.01238	0.01650	0.02681	0.05569	0.03094	0.70092	0.04331	0.00825	0.00825	0.01238	0.00516	0.00516
16	0.01781	0.01680	0.02708	0.08622	0.43803	0.01670	0.02077	0.02215	0.01921	0.02610	0.03439	0.03716	0.17908	0.01132	0.00886	0.00264	0.00868	0.01031	0.00515	0.01153
17	0.02389	0.02544	0.03083	0.04205	0.44477	0.19014	0.02277	0.02940	0.05960	0.02647	0.01644	0.02024	0.01361	0.00815	0.00824	0.00246	0.01127	0.00716	0.00454	0.01253
18	0.01044	0.00864	0.00914	0.00902	0.01173	0.00734	0.00676	0.01294	0.02029	0.02510	0.19198	0.07842	0.53729	0.02076	0.01005	0.00284	0.00425	0.01747	0.00818	0.00734
19	0.01755	0.10544	0.55820	0.06505	0.03678	0.02104	0.02933	0.02648	0.01784	0.02596	0.01493	0.01785	0.01083	0.00804	0.00786	0.00262	0.01217	0.00620	0.00361	0.01222
20	0.02949	0.21317	0.02969	0.01968	0.02515	0.41535	0.01591	0.10954	0.02444	0.02497	0.01377	0.01558	0.01142	0.00857	0.00720	0.00214	0.01291	0.00553	0.00474	0.01076
21	0.01186	0.00833	0.00914	0.00914	0.00977	0.00802	0.00545	0.01234	0.01393	0.01793	0.03992	0.06147	0.16631	0.55100	0.03598	0.00706	0.00738	0.01361	0.00576	0.00560
22	0.02069	0.01259	0.01309	0.01135	0.01474	0.01334	0.00895	0.19553	0.02434	0.03815	0.02561	0.02842	0.01966	0.01000	0.00670	0.00215	0.00555	0.00785	0.53143	0.00985
23	0.01806	0.01670	0.02570	0.42547	0.15247	0.01963	0.02182	0.02768	0.15324	0.02585	0.01958	0.02441	0.01494	0.00902	0.00853	0.00279	0.01011	0.00802	0.00493	0.01104
24	0.03109	0.03923	0.02480	0.02390	0.06688	0.62455	0.01707	0.03347	0.02381	0.02128	0.01334	0.01572	0.01113	0.00869	0.00772	0.00221	0.01500	0.00562	0.00437	0.01010
25	0.02709	0.11488	0.02679	0.02240	0.06432	0.42619	0.01666	0.02949	0.02119	0.02123	0.01641	0.01918	0.04162	0.01000	0.01045	0.00242	0.10893	0.00638	0.00436	0.01002
26	0.01027	0.00779	0.00948	0.01083	0.01207	0.00700	0.00745	0.01196	0.01727	0.02212	0.05933	0.50137	0.24226	0.02505	0.01061	0.00327	0.00474	0.02222	0.00790	0.00700
27	0.02246	0.02134	0.03059	0.02399	0.02813	0.04896	0.14940	0.15666	0.02139	0.02994	0.01494	0.01978	0.01239	0.01128	0.01728	0.00304	0.31079	0.00782	0.00505	0.06476
28	0.01653	0.01133	0.01768	0.01451	0.01792	0.01113	0.14112	0.02113	0.01804	0.02988	0.02507	0.02991	0.01981	0.01321	0.05469	0.00302	0.00762	0.00848	0.53022	0.00869
29	0.02872	0.03335	0.02282	0.01964	0.02496	0.46094	0.01501	0.08715	0.02421	0.02549	0.01428	0.01634	0.01166	0.00836	0.00745	0.00202	0.01278	0.00559	0.00492	0.17429

[dist]
# distance from previous block
# <min> <max>
0	1

[block]
# block no. 4 follows, 21 sequences, length 49
# corresponding to MSA columns:
# 245-293
name=unknown_E
#
# <colnr> <probs for GDERKNQSTAVLIFYWHMCP>
#	G	D	E	R	K	N	Q	S	T	A	V	L	I	F	Y	W	H	M	C	P
0	0.02054	0.01071	0.01412	0.01260	0.01617	0.00963	0.01008	0.02412	0.02309	0.23272	0.30829	0.05857	0.11480	0.01642	0.00979	0.00285	0.00560	0.09049	0.00939	0.01001
1	0.01238	0.00825	0.00928	0.00928	0.00928	0.00825	0.00516	0.01238	0.01238	0.01650	0.02681	0.05569	0.03094	0.70092	0.04331	0.00825	0.00825	0.01238	0.00516	0.00516
2	0.02110	0.54237	0.15981	0.01636	0.02435	0.02979	0.01757	0.02521	0.01723	0.02133	0.01307	0.01553	0.01145	0.01046	0.04138	0.00262	0.01050	0.00513	0.00368	0.01106
3	0.02614	0.21308	0.02988	0.15541	0.03176	0.36440	0.01742	0.02919	0.02083	0.02080	0.01321	0.01640	0.01103	0.00832	0.00725	0.00223	0.01286	0.00566	0.00406	0.01006
4	0.01238	0.00825	0.00928	0.00928	0.00928	0.00825	0.00516	0.01238	0.01238	0.01650	0.02681	0.05569	0.03094	0.70092	0.04331	0.00825	0.00825	0.01238	0.00516	0.00516
5	0.02080	0.01995	0.03406	0.08586	0.61630	0.02015	0.02598	0.02588	0.01925	0.02748	0.01596	0.02115	0.01337	0.00763	0.00843	0.00254	0.01018	0.00758	0.00419	0.01326
6	0.01302	0.00957	0.01274	0.01433	0.01646	0.00930	0.01233	0.01660	0.01955	0.02499	0.05291	0.09330	0.16264	0.02314	0.01143	0.00372	0.00716	0.48125	0.00785	0.00771
7	0.03091	0.01783	0.02059	0.01620	0.02200	0.01850	0.01327	0.31736	0.03050	0.24342	0.02584	0.02544	0.01798	0.01296	0.04109	0.00306	0.00859	0.00806	0.11320	0.01321
