[name]
unknown

[dist]
# distance from previous block
# <min> <max>
0	0

[block]
# block no. 0 follows, 22 sequences, length 54
# corresponding to MSA columns:
# 0-53
name=unknown_A
#
# <colnr> <probs for GDERKNQSTAVLIFYWHMCP>
#	G	D	E	R	K	N	Q	S	T	A	V	L	I	F	Y	W	H	M	C	P
0	0.01339	0.00956	0.01339	0.01530	0.01721	0.00956	0.01339	0.01721	0.01912	0.02486	0.04399	0.09371	0.04781	0.02295	0.01147	0.00382	0.00765	0.60031	0.00765	0.00765
1	0.02289	0.01698	0.01886	0.01618	0.02042	0.01841	0.01263	0.35790	0.07668	0.03960	0.03047	0.27074	0.02993	0.01595	0.00916	0.00284	0.00736	0.01353	0.00810	0.01135
2	0.03106	0.03886	0.02360	0.02130	0.02569	0.64551	0.01604	0.05994	0.02424	0.02177	0.01316	0.01520	0.01086	0.00862	0.00753	0.00216	0.01472	0.00545	0.00446	0.00983
3	0.01896	0.02015	0.03683	0.14382	0.18504	0.04645	0.29652	0.02451	0.01880	0.02505	0.02020	0.02522	0.05421	0.00859	0.00979	0.00272	0.03885	0.00907	0.00431	0.01091
4	0.76672	0.01607	0.01221	0.01092	0.01607	0.01864	0.00900	0.02442	0.01414	0.03727	0.01157	0.01350	0.00900	0.00771	0.00514	0.00257	0.00643	0.00450	0.00514	0.00900
5	0.02322	0.63570	0.04124	0.01504	0.02182	0.10659	0.01443	0.02583	0.01765	0.01964	0.01170	0.01352	0.01067	0.00727	0.00558	0.00182	0.00958	0.00455	0.00364	0.01054
6	0.01204	0.00822	0.00988	0.00988	0.01016	0.00850	0.00605	0.01261	0.01232	0.01671	0.02543	0.05022	0.02840	0.58494	0.16293	0.00906	0.01076	0.01147	0.00492	0.00549
7	0.02743	0.03223	0.02173	0.01966	0.02362	0.48795	0.01495	0.08481	0.02304	0.02310	0.01529	0.01881	0.01294	0.01894	0.13485	0.00431	0.01583	0.00622	0.00469	0.00963
8	0.02678	0.02020	0.02186	0.01750	0.02313	0.02232	0.01419	0.43416	0.14940	0.04642	0.11037	0.02786	0.02516	0.01119	0.00854	0.00257	0.00794	0.00889	0.00845	0.01307
9	0.01187	0.00890	0.01335	0.01335	0.01483	0.01038	0.01038	0.01483	0.01335	0.01928	0.02225	0.03264	0.02077	0.06231	0.67512	0.01335	0.02225	0.00890	0.00445	0.00742
10	0.00982	0.00842	0.00842	0.00842	0.01122	0.00701	0.00631	0.01192	0.01894	0.02244	0.08416	0.07995	0.65285	0.02104	0.00982	0.00281	0.00421	0.01753	0.00771	0.00701
11	0.01187	0.00890	0.01335	0.01335	0.01483	0.01038	0.01038	0.01483	0.01335	0.01928	0.02225	0.03264	0.02077	0.06231	0.67512	0.01335	0.02225	0.00890	0.00445	0.00742
12	0.00982	0.00842	0.00842	0.00842	0.01122	0.00701	0.00631	0.01192	0.01894	0.02244	0.08416	0.07995	0.65285	0.02104	0.00982	0.00281	0.00421	0.01753	0.00771	0.00701
13	0.01723	0.01477	0.01723	0.01230	0.01969	0.01107	0.00984	0.02092	0.01723	0.02707	0.01477	0.01723	0.01230	0.00615	0.00615	0.00123	0.00615	0.00492	0.00492	0.75883
14	0.01176	0.00849	0.01110	0.01045	0.01241	0.00784	0.00784	0.01568	0.02352	0.03331	0.65184	0.06206	0.07839	0.01698	0.00980	0.00261	0.00392	0.01502	0.00914	0.00784
15	0.02127	0.01861	0.03065	0.12088	0.49766	0.01907	0.02342	0.02731	0.05788	0.07552	0.01797	0.02199	0.01424	0.00797	0.00826	0.00253	0.00959	0.00760	0.00481	0.01277
16	0.01953	0.01594	0.01415	0.01295	0.01606	0.12267	0.00998	0.09415	0.07307	0.02984	0.02750	0.03044	0.06026	0.01772	0.09990	0.00375	0.00915	0.00825	0.32549	0.00917
17	0.03071	0.03694	0.02408	0.02223	0.04913	0.57416	0.01637	0.10278	0.02519	0.02434	0.01378	0.01577	0.01119	0.00868	0.00761	0.00219	0.01411	0.00568	0.00475	0.01029
18	0.01960	0.12217	0.39281	0.02846	0.18206	0.02071	0.02616	0.02681	0.01817	0.06533	0.01576	0.01839	0.01180	0.00782	0.00767	0.00248	0.01094	0.00636	0.00408	0.01240
19	0.02293	0.15368	0.10347	0.04600	0.02653	0.09154	0.04880	0.18218	0.02307	0.02974	0.02013	0.02243	0.06088	0.01042	0.01089	0.00258	0.12102	0.00739	0.00524	0.01109
20	0.01085	0.00846	0.00984	0.00949	0.01185	0.00745	0.00712	0.01391	0.02136	0.02821	0.38513	0.07046	0.34828	0.01889	0.00981	0.00270	0.00405	0.01620	0.00847	0.00745
21	0.01913	0.01828	0.03113	0.23843	0.47999	0.01936	0.02478	0.02424	0.01824	0.02540	0.01537	0.02103	0.01255	0.00767	0.00825	0.00256	0.01022	0.00740	0.00399	0.01200
22	0.02057	0.01961	0.03274	0.04876	0.61471	0.01980	0.02469	0.02672	0.05962	0.02764	0.01682	0.02124	0.01396	0.00765	0.00824	0.00249	0.00965	0.00753	0.00440	0.01316
23	0.01759	0.01670	0.02835	0.43978	0.29068	0.01896	0.02402	0.02289	0.01751	0.02353	0.01510	0.02153	0.01189	0.00795	0.00827	0.00265	0.01060	0.00739	0.00386	0.01076
24	0.02538	0.01557	0.01693	0.01375	0.01836	0.01648	0.01111	0.29942	0.02803	0.11479	0.02451	0.02563	0.01794	0.00988	0.00725	0.00226	0.00665	0.00769	0.32696	0.01140
25	0.01810	0.03361	0.39513	0.03119	0.13869	0.01983	0.19162	0.02626	0.01832	0.02653	0.01554	0.01935	0.01152	0.00757	0.00847	0.00265	0.01236	0.00734	0.00379	0.01213
26	0.01386	0.01014	0.03961	0.01180	0.01380	0.00885	0.00899	0.01650	0.01789	0.07902	0.22109	0.20302	0.04775	0.15620	0.10845	0.00532	0.00810	0.01468	0.00722	0.00772
27	0.01549	0.00774	0.00774	0.00774	0.00968	0.00774	0.00581	0.01936	0.01742	0.03097	0.02710	0.03097	0.02129	0.00968	0.00581	0.00194	0.00387	0.00774	0.75416	0.00774
28	0.01267	0.00937	0.01182	0.01147	0.01177	0.01048	0.00770	0.01351	0.01256	0.01738	0.02449	0.07400	0.02723	0.47551	0.15840	0.00833	0.09098	0.01141	0.00488	0.00603
29	0.16490	0.29881	0.16093	0.01627	0.02351	0.04880	0.01665	0.02698	0.01734	0.09979	0.01475	0.01629	0.01149	0.00820	0.00739	0.00231	0.04452	0.00544	0.00467	0.01096
30	0.01049	0.00791	0.00971	0.01038	0.01192	0.00713	0.00736	0.01281	0.01888	0.02493	0.22580	0.35012	0.22813	0.02211	0.01016	0.00300	0.00440	0.01952	0.00811	0.00713
31	0.01012	0.00723	0.00964	0.01157	0.01205	0.00675	0.00771	0.01157	0.01591	0.02121	0.04579	0.70262	0.05495	0.02603	0.01060	0.00337	0.00482	0.02362	0.00771	0.00675
32	0.01578	0.01468	0.02612	0.14817	0.03039	0.01557	0.20641	0.01951	0.01569	0.02157	0.01974	0.03327	0.01867	0.23858	0.04761	0.00495	0.06378	0.00975	0.04142	0.00833
33	0.02031	0.01948	0.03326	0.08396	0.62523	0.01967	0.02537	0.02527	0.01880	0.02683	0.01558	0.02064	0.01305	0.00745	0.00823	0.00248	0.00993	0.00740	0.00409	0.01296
34	0.01012	0.00723	0.00964	0.01157	0.01205	0.00675	0.00771	0.01157	0.01591	0.02121	0.04579	0.70262	0.05495	0.02603	0.01060	0.00337	0.00482	0.02362	0.00771	0.00675
35	0.01127	0.00871	0.01035	0.01033	0.01243	0.00803	0.00759	0.01514	0.05253	0.02754	0.31935	0.18840	0.25835	0.01973	0.00989	0.00283	0.00432	0.01719	0.00837	0.00764
36	0.01776	0.04271	0.61589	0.02350	0.03517	0.06947	0.02957	0.02683	0.01800	0.02585	0.01475	0.01734	0.01054	0.00794	0.00786	0.00259	0.01248	0.00608	0.00357	0.01207
37	0.01974	0.01857	0.03139	0.04690	0.58305	0.01857	0.02411	0.02455	0.01894	0.02688	0.01887	0.02894	0.01713	0.00918	0.00860	0.00262	0.00962	0.07529	0.00452	0.01253
38	0.02043	0.02333	0.04621	0.03532	0.08807	0.06367	0.54125	0.02696	0.01981	0.02624	0.01646	0.02178	0.01252	0.00713	0.00953	0.00273	0.01376	0.00933	0.00420	0.01125
39	0.01194	0.00929	0.01287	0.01303	0.01368	0.00989	0.02976	0.01336	0.01458	0.01990	0.03462	0.40248	0.04037	0.19234	0.06166	0.00515	0.08445	0.01757	0.00628	0.00679
40	0.08243	0.04558	0.07438	0.02128	0.11686	0.06764	0.01590	0.13063	0.02382	0.23468	0.04649	0.02656	0.05700	0.01007	0.00802	0.00250	0.00860	0.00803	0.00720	0.01234
41	0.01115	0.01467	0.13129	0.01179	0.01598	0.00926	0.01110	0.01455	0.01817	0.02296	0.06482	0.17217	0.43309	0.01942	0.00959	0.00287	0.00582	0.01642	0.00693	0.00795
42	0.06653	0.05719	0.01811	0.01390	0.01834	0.04468	0.01129	0.26385	0.02591	0.03735	0.02518	0.02716	0.05791	0.01426	0.05831	0.00313	0.00831	0.00788	0.23015	0.01055
43	0.02095	0.02075	0.02242	0.02565	0.18057	0.14176	0.01628	0.03191	0.25115	0.02723	0.02313	0.02566	0.01867	0.01932	0.13277	0.00457	0.01192	0.00804	0.00583	0.01142
44	0.06775	0.36226	0.03186	0.01739	0.04564	0.22165	0.01435	0.02742	0.04411	0.02277	0.06199	0.01854	0.01644	0.00851	0.00654	0.00206	0.01013	0.00584	0.00451	0.01023
45	0.02060	0.15318	0.06332	0.04098	0.43776	0.02237	0.09406	0.02554	0.01855	0.02560	0.01496	0.01927	0.01251	0.00732	0.00784	0.00238	0.01027	0.00707	0.00399	0.01242
46	0.02395	0.03032	0.22571	0.05310	0.02878	0.14489	0.01991	0.22177	0.02486	0.03201	0.01609	0.01897	0.01222	0.01118	0.01086	0.09121	0.01112	0.00661	0.00524	0.01121
47	0.02285	0.15611	0.06626	0.03637	0.37420	0.11365	0.02167	0.06593	0.02042	0.02635	0.01471	0.01821	0.01227	0.00770	0.00756	0.00230	0.01047	0.00649	0.00427	0.01221
48	0.02190	0.10444	0.16832	0.01852	0.02520	0.05053	0.06346	0.07024	0.02011	0.13356	0.02441	0.10215	0.04689	0.01133	0.00933	0.00256	0.05190	0.00920	0.00589	0.06008
49	0.02606	0.02062	0.02279	0.02301	0.14083	0.10880	0.01545	0.10098	0.15092	0.15601	0.02273	0.02287	0.01677	0.00903	0.00788	0.00232	0.00868	0.00733	0.00685	0.13005
50	0.02949	0.08507	0.02410	0.01928	0.02420	0.43997	0.01504	0.12807	0.02527	0.06315	0.01951	0.02049	0.05193	0.00956	0.00765	0.00224	0.01243	0.00656	0.00544	0.01054
51	0.01603	0.01231	0.01419	0.01225	0.01590	0.01131	0.00899	0.10900	0.01927	0.02686	0.03040	0.20968	0.06747	0.15648	0.01527	0.00348	0.00653	0.01249	0.00637	0.24572
52	0.01405	0.01161	0.01904	0.01654	0.01892	0.01220	0.12662	0.01722	0.01568	0.02285	0.02718	0.19785	0.02769	0.07959	0.17097	0.00578	0.07000	0.01266	0.12556	0.00799
53	0.02300	0.02335	0.01975	0.06210	0.04682	0.25364	0.01412	0.09525	0.06939	0.02705	0.02272	0.06383	0.04329	0.01306	0.03546	0.00289	0.05052	0.00829	0.11563	0.00985

[dist]
# distance from previous block
# <min> <max>
0	6

[block]
# block no. 1 follows, 22 sequences, length 23
# corresponding to MSA columns:
# 60-82
name=unknown_B
#
# <colnr> <probs for GDERKNQSTAVLIFYWHMCP>
#	G	D	E	R	K	N	Q	S	T	A	V	L	I	F	Y	W	H	M	C	P
0	0.02658	0.10460	0.03084	0.02828	0.15457	0.39446	0.09276	0.02994	0.02142	0.02239	0.01375	0.01684	0.01143	0.00798	0.00769	0.00225	0.01319	0.00622	0.00416	0.01064
1	0.02238	0.02229	0.15506	0.07581	0.27241	0.01766	0.02174	0.02979	0.08506	0.15369	0.02193	0.04917	0.01687	0.00927	0.00831	0.00261	0.00933	0.00818	0.00579	0.01266
2	0.29532	0.02529	0.18519	0.13529	0.07732	0.07341	0.01912	0.05191	0.01768	0.03020	0.01376	0.01696	0.01043	0.00801	0.00696	0.00257	0.00982	0.00584	0.00446	0.01047
3	0.01725	0.11374	0.59937	0.02268	0.03441	0.02073	0.02895	0.02616	0.01747	0.02559	0.01455	0.01709	0.01054	0.00781	0.00762	0.00254	0.01192	0.00596	0.00351	0.01211
4	0.01629	0.01002	0.01142	0.01049	0.01374	0.00888	0.00793	0.04403	0.01997	0.14792	0.06349	0.13135	0.39773	0.06437	0.01170	0.00315	0.00530	0.01559	0.00806	0.00855
5	0.02451	0.01976	0.02495	0.02509	0.15059	0.02220	0.01718	0.32965	0.02775	0.03804	0.02066	0.10197	0.01830	0.01216	0.01178	0.00279	0.12445	0.00937	0.00660	0.01219
6	0.02103	0.02133	0.03219	0.12554	0.49094	0.08880	0.04875	0.02583	0.01915	0.02567	0.01527	0.02024	0.01262	0.00762	0.00822	0.00248	0.01073	0.00728	0.00408	0.01222
7	0.01818	0.01818	0.02545	0.02181	0.02181	0.02545	0.01818	0.01999	0.01272	0.01999	0.01091	0.01818	0.01091	0.01454	0.02726	0.00364	0.69284	0.00727	0.00364	0.00909
8	0.01060	0.00830	0.00960	0.00959	0.01178	0.00730	0.00707	0.01333	0.02033	0.02648	0.29843	0.14960	0.35774	0.02009	0.00991	0.00280	0.00417	0.01731	0.00827	0.00730
9	0.01202	0.00830	0.01030	0.01030	0.01073	0.00873	0.00658	0.01288	0.01245	0.01703	0.02504	0.04807	0.02747	0.52102	0.22557	0.00959	0.01217	0.01116	0.00486	0.00572
10	0.01187	0.00890	0.01335	0.01335	0.01483	0.01038	0.01038	0.01483	0.01335	0.01928	0.02225	0.03264	0.02077	0.06231	0.67512	0.01335	0.02225	0.00890	0.00445	0.00742
11	0.01966	0.02226	0.04815	0.03592	0.07834	0.02094	0.59182	0.02655	0.01957	0.02664	0.01674	0.02230	0.01264	0.00703	0.00971	0.00278	0.01377	0.00967	0.00420	0.01132
12	0.01008	0.00737	0.00949	0.01119	0.01195	0.00678	0.00754	0.01161	0.01627	0.02136	0.05041	0.62764	0.12694	0.02543	0.01051	0.00331	0.00475	0.02288	0.00771	0.00678
13	0.01968	0.43969	0.13902	0.01662	0.02306	0.02729	0.01698	0.02340	0.01608	0.02067	0.01317	0.01672	0.01176	0.01415	0.08098	0.00340	0.09773	0.00556	0.00365	0.01037
14	0.02288	0.07234	0.15847	0.03495	0.32774	0.08410	0.02319	0.10106	0.02161	0.05268	0.01612	0.01915	0.01262	0.00802	0.00791	0.00243	0.01059	0.00680	0.00472	0.01263
15	0.01012	0.00723	0.00964	0.01157	0.01205	0.00675	0.00771	0.01157	0.01591	0.02121	0.04579	0.70262	0.05495	0.02603	0.01060	0.00337	0.00482	0.02362	0.00771	0.00675
16	0.03103	0.03959	0.02354	0.02140	0.02568	0.67469	0.01605	0.03317	0.02354	0.02033	0.01284	0.01498	0.01070	0.00856	0.00749	0.00214	0.01498	0.00535	0.00428	0.00963
17	0.01797	0.16185	0.16356	0.02657	0.21330	0.01965	0.01955	0.02424	0.05976	0.02619	0.09906	0.05614	0.05745	0.01040	0.00797	0.00246	0.00871	0.00884	0.00512	0.01121
18	0.08251	0.32413	0.02719	0.01341	0.01739	0.02288	0.01183	0.02158	0.01554	0.02300	0.01602	0.02194	0.01470	0.08294	0.01302	0.00285	0.12334	0.00638	0.15027	0.00909
19	0.09136	0.01688	0.02842	0.17969	0.22555	0.01744	0.14119	0.02236	0.01807	0.02591	0.02686	0.03064	0.12041	0.00986	0.00853	0.00267	0.00968	0.00931	0.00475	0.01043
20	0.02049	0.02350	0.09130	0.07189	0.33829	0.11527	0.02139	0.02735	0.08907	0.02615	0.02327	0.02601	0.07111	0.00933	0.00826	0.00252	0.01006	0.00810	0.00486	0.01178
21	0.01822	0.02155	0.13568	0.12103	0.35431	0.01813	0.02311	0.02515	0.06062	0.02749	0.09322	0.02595	0.02112	0.00901	0.00838	0.00257	0.00949	0.00824	0.00485	0.01186
22	0.01998	0.02075	0.02785	0.02453	0.09306	0.12782	0.18809	0.02639	0.09724	0.02471	0.01965	0.02693	0.01705	0.11987	0.04390	0.00378	0.01136	0.00852	0.00497	0.09355

[dist]
# distance from previous block
# <min> <max>
1	15

[block]
# block no. 2 follows, 22 sequences, length 40
# corresponding to MSA columns:
# 98-137
name=unknown_C
#
# <colnr> <probs for GDERKNQSTAVLIFYWHMCP>
#	G	D	E	R	K	N	Q	S	T	A	V	L	I	F	Y	W	H	M	C	P
0	0.02096	0.02243	0.12559	0.05512	0.07068	0.07180	0.01658	0.12574	0.12745	0.06422	0.03348	0.03340	0.14196	0.01151	0.00840	0.00257	0.00865	0.00933	0.00650	0.04364
1	0.01864	0.03039	0.30816	0.03513	0.23104	0.01988	0.18398	0.02613	0.01851	0.02665	0.01563	0.01975	0.01189	0.00751	0.00849	0.00262	0.01198	0.00749	0.00388	0.01227
2	0.02226	0.06759	0.08778	0.06573	0.32907	0.15593	0.02179	0.02909	0.09188	0.02581	0.01681	0.01998	0.01358	0.00816	0.00790	0.00243	0.01076	0.00691	0.00454	0.01201
3	0.02182	0.34741	0.19974	0.01791	0.02541	0.16017	0.01845	0.02630	0.01891	0.02248	0.05906	0.01830	0.01554	0.00833	0.00677	0.00214	0.01067	0.00584	0.00410	0.01067
4	0.01659	0.01197	0.01321	0.01187	0.01382	0.01267	0.00817	0.14194	0.06368	0.02548	0.02872	0.04608	0.06322	0.44237	0.06023	0.00646	0.00860	0.01111	0.00609	0.00773
5	0.01958	0.02264	0.11188	0.03713	0.38085	0.08134	0.02276	0.02464	0.01923	0.02590	0.02112	0.03474	0.01973	0.01079	0.00878	0.00274	0.01023	0.12959	0.00478	0.01156
6	0.02268	0.33258	0.23412	0.01900	0.02703	0.19018	0.01986	0.02742	0.01876	0.02187	0.01293	0.01507	0.01063	0.00772	0.00668	0.00214	0.01149	0.00520	0.00372	0.01091
7	0.01748	0.04516	0.01944	0.01490	0.01960	0.01540	0.01232	0.05607	0.01814	0.02656	0.04684	0.03133	0.04672	0.01131	0.01160	0.00227	0.14949	0.07948	0.00542	0.37045
8	0.01056	0.00807	0.00988	0.01083	0.01239	0.00713	0.00751	0.01233	0.01676	0.02194	0.05320	0.49623	0.20238	0.02333	0.01008	0.00308	0.00476	0.02073	0.00751	0.06128
9	0.01818	0.01818	0.02545	0.02181	0.02181	0.02545	0.01818	0.01999	0.01272	0.01999	0.01091	0.01818	0.01091	0.01454	0.02726	0.00364	0.69284	0.00727	0.00364	0.00909
10	0.01004	0.00842	0.00872	0.00865	0.01136	0.00711	0.00649	0.01235	0.01946	0.02368	0.14867	0.07792	0.58756	0.02058	0.00982	0.00278	0.00418	0.01725	0.00788	0.00711
11	0.02066	0.01785	0.01878	0.01691	0.02160	0.02066	0.01315	0.04414	0.64121	0.03475	0.03381	0.03099	0.02536	0.01127	0.00845	0.00282	0.00657	0.00939	0.00845	0.01315
12	0.00982	0.00842	0.00842	0.00842	0.01122	0.00701	0.00631	0.01192	0.01894	0.02244	0.08416	0.07995	0.65285	0.02104	0.00982	0.00281	0.00421	0.01753	0.00771	0.00701
13	0.03253	0.01560	0.01957	0.01526	0.02115	0.01491	0.01250	0.17949	0.02744	0.43146	0.11142	0.03072	0.02664	0.01109	0.00853	0.00256	0.00715	0.00902	0.00965	0.01330
14	0.38078	0.33604	0.02734	0.01293	0.01906	0.02559	0.01180	0.06129	0.01691	0.03006	0.01207	0.01381	0.01007	0.00757	0.00542	0.00220	0.00772	0.00465	0.00461	0.01007
15	0.02749	0.02094	0.02271	0.01743	0.02407	0.02210	0.01426	0.44505	0.08583	0.04530	0.02000	0.02029	0.01469	0.00924	0.00785	0.00224	0.00827	0.00708	0.00758	0.17758
16	0.01109	0.00798	0.01051	0.01090	0.01226	0.00740	0.00779	0.01401	0.02043	0.02841	0.40626	0.32162	0.06889	0.02065	0.01012	0.00292	0.00428	0.01851	0.00856	0.00740
17	0.02185	0.02460	0.03709	0.03353	0.16316	0.15120	0.28508	0.02664	0.01916	0.02443	0.01485	0.01989	0.01207	0.00858	0.01177	0.00273	0.12027	0.00802	0.00411	0.01096
18	0.01010	0.00819	0.00896	0.00927	0.01152	0.00705	0.00676	0.01228	0.01885	0.02343	0.14106	0.20152	0.46888	0.02157	0.00997	0.00290	0.00430	0.01846	0.00788	0.00705
19	0.02056	0.01974	0.03372	0.05099	0.65622	0.01974	0.02550	0.02550	0.01892	0.02714	0.01563	0.02056	0.01316	0.00740	0.00822	0.00247	0.00987	0.00740	0.00411	0.01316
20	0.01690	0.01600	0.02711	0.52930	0.20651	0.01878	0.02368	0.02229	0.01719	0.02270	0.01498	0.02175	0.01159	0.00808	0.00829	0.00269	0.01077	0.00739	0.00380	0.01021
21	0.01655	0.01578	0.02232	0.01963	0.02001	0.02156	0.01616	0.01866	0.01288	0.01981	0.01383	0.02191	0.01345	0.02687	0.19449	0.00614	0.51974	0.00769	0.00385	0.00866
22	0.01339	0.00956	0.01339	0.01530	0.01721	0.00956	0.01339	0.01721	0.01912	0.02486	0.04399	0.09371	0.04781	0.02295	0.01147	0.00382	0.00765	0.60031	0.00765	0.00765
23	0.00982	0.00842	0.00842	0.00842	0.01122	0.00701	0.00631	0.01192	0.01894	0.02244	0.08416	0.07995	0.65285	0.02104	0.00982	0.00281	0.00421	0.01753	0.00771	0.00701
24	0.02335	0.02485	0.15349	0.01839	0.02513	0.06906	0.01702	0.14542	0.25059	0.08212	0.05187	0.02546	0.02045	0.01006	0.00818	0.00256	0.00877	0.00802	0.00709	0.04812
25	0.02798	0.02114	0.02300	0.01741	0.02424	0.02208	0.01430	0.47628	0.03359	0.04602	0.01865	0.01926	0.01367	0.00902	0.00777	0.00218	0.00839	0.00684	0.00746	0.20073
26	0.01208	0.00805	0.00906	0.00906	0.00906	0.00805	0.00503	0.01208	0.01208	0.01611	0.02618	0.05436	0.03020	0.70804	0.04228	0.00805	0.00805	0.01208	0.00503	0.00503
27	0.01036	0.00830	0.00926	0.00931	0.01163	0.00720	0.00687	0.01286	0.01978	0.02514	0.22832	0.14742	0.43318	0.02056	0.00990	0.00282	0.00420	0.01758	0.00809	0.00720
28	0.10761	0.03096	0.18186	0.05531	0.02782	0.23616	0.01856	0.03258	0.17610	0.02743	0.01860	0.01987	0.01417	0.00897	0.00761	0.00252	0.01101	0.00658	0.00520	0.01109
29	0.02056	0.01974	0.03372	0.05099	0.65622	0.01974	0.02550	0.02550	0.01892	0.02714	0.01563	0.02056	0.01316	0.00740	0.00822	0.00247	0.00987	0.00740	0.00411	0.01316
30	0.01009	0.00837	0.00883	0.00883	0.01142	0.00711	0.00658	0.01240	0.01940	0.02382	0.15740	0.10539	0.55030	0.02073	0.00985	0.00281	0.00420	0.01747	0.00790	0.00711
31	0.01836	0.01708	0.02821	0.41376	0.27981	0.01933	0.02359	0.05531	0.01867	0.02511	0.01536	0.02144	0.01202	0.00806	0.00828	0.00264	0.01052	0.00740	0.00410	0.01096
32	0.01666	0.04297	0.66500	0.02368	0.03596	0.01929	0.03069	0.02631	0.01754	0.02631	0.01491	0.01754	0.01052	0.00789	0.00789	0.00263	0.01228	0.00614	0.00351	0.01228
33	0.01955	0.03767	0.48666	0.02472	0.07859	0.04769	0.02714	0.10122	0.04671	0.02967	0.01629	0.01851	0.01179	0.00828	0.00797	0.00259	0.01159	0.00650	0.00438	0.01249
34	0.01041	0.00741	0.00984	0.01167	0.01222	0.00698	0.00792	0.01193	0.01592	0.02118	0.04475	0.63554	0.05335	0.05821	0.01216	0.00362	0.00514	0.05746	0.00758	0.00672
35	0.02114	0.02484	0.09520	0.04100	0.36994	0.09446	0.17869	0.02673	0.01949	0.02615	0.01555	0.02012	0.01249	0.00748	0.00851	0.00253	0.01173	0.00767	0.00410	0.01218
36	0.02572	0.02846	0.02111	0.01910	0.02359	0.33987	0.01457	0.03879	0.33976	0.02771	0.02358	0.02318	0.01821	0.00995	0.00798	0.00249	0.01068	0.00742	0.00642	0.01143
37	0.01961	0.02241	0.04902	0.03501	0.04342	0.02101	0.62605	0.02661	0.01961	0.02661	0.01681	0.02241	0.01261	0.00700	0.00980	0.00280	0.01401	0.00980	0.00420	0.01120
38	0.02688	0.02630	0.02497	0.02580	0.15481	0.23727	0.01727	0.23734	0.02684	0.03280	0.01697	0.01987	0.01355	0.01492	0.08380	0.00361	0.01271	0.00692	0.00567	0.01168
39	0.02051	0.01259	0.01311	0.01129	0.01470	0.01337	0.00892	0.20951	0.02418	0.03765	0.02487	0.02753	0.01906	0.00977	0.00659	0.00211	0.00552	0.00766	0.52135	0.00974

[dist]
# distance from previous block
# <min> <max>
0	8

[block]
# block no. 3 follows, 22 sequences, length 47
# corresponding to MSA columns:
# 146-192
name=unknown_D
#
# <colnr> <probs for GDERKNQSTAVLIFYWHMCP>
#	G	D	E	R	K	N	Q	S	T	A	V	L	I	F	Y	W	H	M	C	P
0	0.01163	0.00849	0.01092	0.01031	0.01233	0.00778	0.00774	0.01542	0.02321	0.03258	0.61360	0.06326	0.11708	0.01726	0.00980	0.00263	0.00394	0.01519	0.00905	0.00778
1	0.02221	0.71304	0.04353	0.01421	0.02132	0.03287	0.01421	0.02488	0.01688	0.01955	0.01155	0.01333	0.01066	0.00711	0.00533	0.00178	0.00888	0.00444	0.00355	0.01066
2	0.01012	0.00723	0.00964	0.01157	0.01205	0.00675	0.00771	0.01157	0.01591	0.02121	0.04579	0.70262	0.05495	0.02603	0.01060	0.00337	0.00482	0.02362	0.00771	0.00675
3	0.01187	0.00890	0.01335	0.01335	0.01483	0.01038	0.01038	0.01483	0.01335	0.01928	0.02225	0.03264	0.02077	0.06231	0.67512	0.01335	0.02225	0.00890	0.00445	0.00742
4	0.01869	0.01783	0.03035	0.29516	0.42665	0.01925	0.02457	0.02386	0.01803	0.02487	0.01530	0.02117	0.01236	0.00775	0.00826	0.00258	0.01033	0.00739	0.00395	0.01165
5	0.03154	0.02437	0.02484	0.01927	0.02576	0.06948	0.01581	0.58842	0.03801	0.05020	0.01947	0.01961	0.01390	0.00988	0.00826	0.00247	0.00953	0.00734	0.00804	0.01382
6	0.01953	0.02218	0.04776	0.03431	0.04226	0.02125	0.59353	0.02626	0.01924	0.02626	0.01649	0.02218	0.01251	0.00741	0.01074	0.00285	0.05032	0.00967	0.00417	0.01109
7	0.02056	0.01974	0.03372	0.05099	0.65622	0.01974	0.02550	0.02550	0.01892	0.02714	0.01563	0.02056	0.01316	0.00740	0.00822	0.00247	0.00987	0.00740	0.00411	0.01316
8	0.02368	0.02760	0.02496	0.02168	0.02440	0.32808	0.05737	0.02611	0.01832	0.02053	0.01332	0.01838	0.01189	0.01590	0.08014	0.00383	0.26375	0.00670	0.00406	0.00932
9	0.02221	0.07722	0.02159	0.01708	0.02213	0.05290	0.01360	0.09185	0.50881	0.03431	0.02979	0.02783	0.02249	0.01069	0.00814	0.00267	0.00738	0.00863	0.00784	0.01286
10	0.02056	0.01974	0.03372	0.05099	0.65622	0.01974	0.02550	0.02550	0.01892	0.02714	0.01563	0.02056	0.01316	0.00740	0.00822	0.00247	0.00987	0.00740	0.00411	0.01316
11	0.01187	0.00890	0.01335	0.01335	0.01483	0.01038	0.01038	0.01483	0.01335	0.01928	0.02225	0.03264	0.02077	0.06231	0.67512	0.01335	0.02225	0.00890	0.00445	0.00742
12	0.01208	0.00805	0.00906	0.00906	0.00906	0.00805	0.00503	0.01208	0.01208	0.01611	0.02618	0.05436	0.03020	0.70804	0.04228	0.00805	0.00805	0.01208	0.00503	0.00503
13	0.01549	0.00774	0.00774	0.00774	0.00968	0.00774	0.00581	0.01936	0.01742	0.03097	0.02710	0.03097	0.02129	0.00968	0.00581	0.00194	0.00387	0.00774	0.75416	0.00774
14	0.03444	0.01661	0.02043	0.01575	0.02202	0.01612	0.01298	0.21900	0.02813	0.44417	0.02857	0.02587	0.01864	0.01016	0.00821	0.00252	0.00754	0.00806	0.04699	0.01381
15	0.01249	0.00981	0.01454	0.01418	0.01552	0.01186	0.01115	0.01534	0.01329	0.01935	0.02114	0.03122	0.01980	0.05762	0.61159	0.01240	0.08801	0.00874	0.00437	0.00758
16	0.02870	0.02184	0.02331	0.01853	0.02466	0.02442	0.01509	0.47416	0.19812	0.04771	0.02361	0.02286	0.01709	0.01032	0.00835	0.00258	0.00846	0.00798	0.00835	0.01387
17	0.01176	0.00849	0.01110	0.01045	0.01241	0.00784	0.00784	0.01568	0.02352	0.03331	0.65184	0.06206	0.07839	0.01698	0.00980	0.00261	0.00392	0.01502	0.00914	0.00784
18	0.02088	0.01951	0.02738	0.03632	0.38913	0.04621	0.02006	0.05853	0.16418	0.02963	0.02301	0.02525	0.04506	0.00903	0.00821	0.00249	0.00882	0.00811	0.00554	0.05267
19	0.01829	0.06123	0.29901	0.08414	0.03059	0.01760	0.02078	0.08052	0.01903	0.02757	0.01514	0.01831	0.01162	0.00866	0.00860	0.04010	0.00975	0.00602	0.00438	0.21866
20	0.01972	0.41216	0.32259	0.01846	0.02789	0.02677	0.02161	0.02552	0.01718	0.02258	0.01306	0.01522	0.01060	0.00746	0.00648	0.00216	0.01041	0.00520	0.00353	0.01139
21	0.02010	0.17110	0.04667	0.02988	0.03759	0.02379	0.46413	0.02591	0.01868	0.02476	0.01538	0.02024	0.01210	0.00740	0.00970	0.00262	0.04641	0.00852	0.00403	0.01098
22	0.01966	0.02227	0.04822	0.03585	0.07536	0.02094	0.59475	0.02655	0.01957	0.02664	0.01675	0.02231	0.01263	0.00702	0.00972	0.00278	0.01379	0.00968	0.00420	0.01131
23	0.01769	0.03686	0.49887	0.03087	0.19919	0.01941	0.02933	0.02609	0.01790	0.02653	0.01510	0.01833	0.01122	0.00776	0.00798	0.00259	0.01164	0.00647	0.00367	0.01251
24	0.01380	0.01033	0.01200	0.01229	0.01468	0.01029	0.00911	0.02046	0.15349	0.05396	0.05263	0.31956	0.20488	0.02057	0.00988	0.00310	0.00533	0.05706	0.00799	0.00861
25	0.01620	0.01527	0.02165	0.01916	0.01962	0.02072	0.01573	0.01837	0.01292	0.01977	0.01446	0.02271	0.01400	0.02952	0.23049	0.00668	0.48248	0.00778	0.00389	0.00856
26	0.01009	0.00735	0.00952	0.01126	0.01197	0.00677	0.00757	0.01160	0.01620	0.02133	0.04955	0.64156	0.11358	0.02554	0.01053	0.00332	0.00476	0.02302	0.00771	0.00677
27	0.02732	0.32281	0.03195	0.01838	0.02385	0.40478	0.01528	0.02968	0.02074	0.02000	0.01230	0.01429	0.01068	0.00795	0.00658	0.00199	0.01242	0.00497	0.00397	0.01006
28	0.02304	0.01680	0.01832	0.01488	0.02017	0.01736	0.01196	0.27101	0.11437	0.08588	0.06395	0.03836	0.17580	0.01284	0.00857	0.00251	0.00693	0.01036	0.00806	0.07882
29	0.01006	0.00749	0.00938	0.01089	0.01187	0.00680	0.00741	0.01164	0.01656	0.02147	0.05406	0.56837	0.18386	0.02495	0.01043	0.00325	0.00469	0.02230	0.00771	0.00680
30	0.01235	0.00994	0.01320	0.05006	0.06516	0.00972	0.01098	0.01606	0.04857	0.02346	0.05145	0.27891	0.21113	0.02091	0.01017	0.00319	0.00606	0.14349	0.00725	0.00795
31	0.09284	0.06194	0.27407	0.03335	0.29365	0.05292	0.02487	0.02606	0.01805	0.02712	0.01462	0.01809	0.01150	0.00767	0.00762	0.00249	0.01067	0.00639	0.00396	0.01212
32	0.02004	0.01954	0.03437	0.10651	0.54490	0.01974	0.08183	0.02522	0.01877	0.02656	0.01566	0.02088	0.01292	0.00745	0.00838	0.00253	0.01037	0.00763	0.00408	0.01262
33	0.00982	0.00842	0.00842	0.00842	0.01122	0.00701	0.00631	0.01192	0.01894	0.02244	0.08416	0.07995	0.65285	0.02104	0.00982	0.00281	0.00421	0.01753	0.00771	0.00701
34	0.02718	0.07003	0.17914	0.02163	0.02797	0.48838	0.01950	0.03115	0.02180	0.02174	0.01328	0.01553	0.01066	0.00834	0.00749	0.00224	0.01406	0.00550	0.00406	0.01031
35	0.06020	0.02242	0.06069	0.06701	0.41694	0.06477	0.02250	0.13039	0.02232	0.03127	0.01591	0.01964	0.01274	0.00800	0.00802	0.00248	0.01008	0.00707	0.00486	0.01267
36	0.01047	0.00844	0.00932	0.00910	0.01162	0.00729	0.00682	0.01318	0.02047	0.02609	0.27452	0.07395	0.46021	0.01968	0.00981	0.00274	0.00411	0.01669	0.00819	0.00729
37	0.01012	0.00723	0.00964	0.01157	0.01205	0.00675	0.00771	0.01157	0.01591	0.02121	0.04579	0.70262	0.05495	0.02603	0.01060	0.00337	0.00482	0.02362	0.00771	0.00675
38	0.05697	0.09889	0.12539	0.02087	0.05160	0.28571	0.01782	0.11215	0.07478	0.05545	0.01666	0.01796	0.01281	0.00872	0.00750	0.00233	0.01158	0.00619	0.00527	0.01136
39	0.02099	0.11788	0.17024	0.02995	0.18704	0.10973	0.09926	0.02704	0.04582	0.02463	0.01506	0.01868	0.01218	0.00844	0.00976	0.00254	0.07830	0.00685	0.00409	0.01152
40	0.01208	0.00805	0.00906	0.00906	0.00906	0.00805	0.00503	0.01208	0.01208	0.01611	0.02618	0.05436	0.03020	0.70804	0.04228	0.00805	0.00805	0.01208	0.00503	0.00503
41	0.57006	0.20017	0.02048	0.01179	0.01745	0.02240	0.01038	0.02454	0.01486	0.03259	0.01156	0.01345	0.00944	0.00755	0.00519	0.00236	0.00708	0.00448	0.00472	0.00944
42	0.01012	0.00723	0.00964	0.01157	0.01205	0.00675	0.00771	0.01157	0.01591	0.02121	0.04579	0.70262	0.05495	0.02603	0.01060	0.00337	0.00482	0.02362	0.00771	0.00675
43	0.02261	0.01989	0.02213	0.02389	0.15807	0.07836	0.01561	0.14103	0.26134	0.03411	0.02723	0.02754	0.04766	0.01027	0.00813	0.00255	0.00816	0.00849	0.07066	0.01227
44	0.02723	0.33001	0.03216	0.01830	0.02380	0.39792	0.01526	0.02959	0.02067	0.01999	0.01228	0.01427	0.01068	0.00793	0.00656	0.00198	0.01235	0.00496	0.00397	0.01008
45	0.02009	0.08942	0.02922	0.02249	0.05764	0.14030	0.18772	0.02735	0.12324	0.02523	0.03285	0.03388	0.15225	0.01106	0.00864	0.00257	0.01013	0.00993	0.00561	0.01038
46	0.01327	0.01072	0.01503	0.01425	0.01509	0.01313	0.01091	0.01535	0.01294	0.01875	0.02065	0.03420	0.02068	0.19123	0.39898	0.01011	0.16379	0.00923	0.00440	0.00726

[dist]
# distance from previous block
# <min> <max>
0	1

[block]
# block no. 4 follows, 22 sequences, length 23
# corresponding to MSA columns:
# 194-216
name=unknown_E
#
# <colnr> <probs for GDERKNQSTAVLIFYWHMCP>
#	G	D	E	R	K	N	Q	S	T	A	V	L	I	F	Y	W	H	M	C	P
0	0.02259	0.05381	0.01733	0.01396	0.01807	0.01380	0.01097	0.03074	0.18048	0.23397	0.13355	0.16862	0.03736	0.01458	0.00888	0.00276	0.00609	0.01252	0.00872	0.01119
1	0.02887	0.11172	0.02690	0.02396	0.09659	0.52966	0.01692	0.03139	0.02228	0.02102	0.01301	0.01543	0.01097	0.00827	0.00734	0.00214	0.01373	0.00548	0.00418	0.01014
2	0.01569	0.01477	0.02492	0.68808	0.05722	0.01846	0.02307	0.02123	0.01661	0.02123	0.01477	0.02215	0.01107	0.00831	0.00831	0.00277	0.01107	0.00738	0.00369	0.00923
3	0.01210	0.01019	0.01075	0.01052	0.01356	0.00968	0.00811	0.01824	0.13054	0.02531	0.09770	0.07138	0.47113	0.01925	0.00969	0.00287	0.00487	0.05800	0.00791	0.00819
4	0.01476	0.00797	0.00887	0.00887	0.01071	0.00827	0.00672	0.01845	0.01661	0.02863	0.02613	0.03131	0.02119	0.02022	0.13991	0.00422	0.00755	0.00797	0.60395	0.00768
5	0.01818	0.01818	0.02545	0.02181	0.02181	0.02545	0.01818	0.01999	0.01272	0.01999	0.01091	0.01818	0.01091	0.01454	0.02726	0.00364	0.69284	0.00727	0.00364	0.00909
6	0.01143	0.00828	0.01101	0.01238	0.01373	0.00786	0.00949	0.01410	0.01841	0.02445	0.14630	0.35486	0.09955	0.02319	0.01070	0.00336	0.00555	0.21017	0.00792	0.00724
7	0.03158	0.02327	0.02493	0.01911	0.02576	0.02576	0.01579	0.62852	0.03906	0.05236	0.01995	0.01995	0.01413	0.00997	0.00831	0.00249	0.00914	0.00748	0.00831	0.01413
8	0.01012	0.00723	0.00964	0.01157	0.01205	0.00675	0.00771	0.01157	0.01591	0.02121	0.04579	0.70262	0.05495	0.02603	0.01060	0.00337	0.00482	0.02362	0.00771	0.00675
9	0.03727	0.01414	0.01928	0.01478	0.02121	0.01221	0.01221	0.04049	0.02378	0.66198	0.03277	0.02828	0.02056	0.01028	0.00835	0.00257	0.00707	0.00835	0.01028	0.01414
10	0.01187	0.00890	0.01335	0.01335	0.01483	0.01038	0.01038	0.01483	0.01335	0.01928	0.02225	0.03264	0.02077	0.06231	0.67512	0.01335	0.02225	0.00890	0.00445	0.00742
11	0.02066	0.01785	0.01878	0.01691	0.02160	0.02066	0.01315	0.04414	0.64121	0.03475	0.03381	0.03099	0.02536	0.01127	0.00845	0.00282	0.00657	0.00939	0.00845	0.01315
12	0.02532	0.47578	0.03649	0.01675	0.02286	0.25899	0.01486	0.02780	0.01923	0.01982	0.01200	0.01391	0.01068	0.00762	0.00609	0.00190	0.01103	0.00476	0.00381	0.01030
13	0.01115	0.00938	0.00979	0.00952	0.01242	0.00850	0.00719	0.01565	0.08276	0.02500	0.14700	0.07283	0.52027	0.01956	0.00968	0.00278	0.00441	0.01640	0.00796	0.00774
14	0.03029	0.03163	0.02310	0.01973	0.02474	0.39440	0.01533	0.25231	0.02890	0.03281	0.01633	0.01779	0.01261	0.00915	0.00769	0.00226	0.01215	0.00628	0.05133	0.01118
15	0.01012	0.00723	0.00964	0.01157	0.01205	0.00675	0.00771	0.01157	0.01591	0.02121	0.04579	0.70262	0.05495	0.02603	0.01060	0.00337	0.00482	0.02362	0.00771	0.00675
16	0.10224	0.39472	0.23553	0.01687	0.02537	0.02612	0.01877	0.02596	0.01709	0.05169	0.01354	0.01533	0.01087	0.00756	0.00625	0.00217	0.00961	0.00516	0.00401	0.01114
17	0.08009	0.01256	0.01448	0.01199	0.01633	0.01155	0.00912	0.02338	0.07768	0.11398	0.15257	0.03578	0.03133	0.13771	0.01394	0.00321	0.00622	0.00917	0.00690	0.23202
18	0.01017	0.00751	0.00952	0.01096	0.01193	0.00686	0.00748	0.01187	0.01687	0.02213	0.08793	0.55822	0.15889	0.02464	0.01042	0.00323	0.00466	0.02207	0.00780	0.00686
19	0.01005	0.00749	0.00937	0.01087	0.01187	0.00681	0.00740	0.01165	0.01657	0.02148	0.05424	0.56538	0.18673	0.02493	0.01043	0.00325	0.00468	0.02228	0.00771	0.00681
20	0.01781	0.03496	0.42506	0.02809	0.03886	0.01996	0.26260	0.02643	0.01835	0.02643	0.01565	0.01944	0.01133	0.00755	0.00864	0.00270	0.01295	0.00757	0.00378	0.01186
21	0.02287	0.03321	0.21801	0.03308	0.26323	0.23629	0.02392	0.02828	0.02004	0.02464	0.01449	0.01782	0.01156	0.00793	0.00788	0.00241	0.01228	0.00635	0.00399	0.01173
22	0.02756	0.03129	0.08510	0.02749	0.16465	0.30146	0.01940	0.18649	0.02603	0.03074	0.01550	0.01774	0.01212	0.00861	0.00790	0.00235	0.01209	0.00643	0.00523	0.01182

[dist]
# distance from previous block
# <min> <max>
1	4

[block]
# block no. 5 follows, 22 sequences, length 21
# corresponding to MSA columns:
# 221-241
name=unknown_F
#
# <colnr> <probs for GDERKNQSTAVLIFYWHMCP>
#	G	D	E	R	K	N	Q	S	T	A	V	L	I	F	Y	W	H	M	C	P
0	0.01176	0.00954	0.01080	0.01200	0.01299	0.04998	0.00827	0.01370	0.01776	0.02333	0.15253	0.54325	0.05631	0.02328	0.01026	0.00316	0.00531	0.02090	0.00775	0.00713
1	0.02656	0.11395	0.18229	0.02117	0.02771	0.44465	0.01942	0.03059	0.02135	0.02170	0.01320	0.01542	0.01065	0.00824	0.00735	0.00222	0.01366	0.00544	0.00401	0.01039
2	0.01297	0.01761	0.17036	0.01347	0.01846	0.01135	0.01330	0.01918	0.06855	0.02793	0.25063	0.05500	0.25770	0.01573	0.00924	0.00270	0.00627	0.01329	0.00722	0.00905
3	0.16722	0.09174	0.18104	0.04573	0.10904	0.22383	0.01956	0.02767	0.01883	0.02592	0.01341	0.01614	0.01066	0.00795	0.00707	0.00238	0.01133	0.00563	0.00415	0.01069
4	0.08164	0.35305	0.03138	0.01558	0.02186	0.02738	0.01386	0.14861	0.17342	0.03111	0.01864	0.01896	0.01480	0.00874	0.00667	0.00223	0.00818	0.00625	0.00581	0.01182
5	0.02188	0.01986	0.01845	0.01656	0.02053	0.12114	0.01266	0.11859	0.31823	0.03145	0.02857	0.06496	0.02451	0.10366	0.01297	0.00343	0.00842	0.03575	0.00726	0.01112
6	0.01187	0.00815	0.00918	0.00918	0.00980	0.00803	0.00561	0.01256	0.01348	0.01798	0.03506	0.05592	0.12684	0.52709	0.07632	0.00730	0.00818	0.01253	0.03932	0.00562
7	0.01443	0.00722	0.01082	0.01082	0.01082	0.00722	0.00722	0.01082	0.01082	0.01443	0.01443	0.02525	0.01443	0.02886	0.03247	0.75830	0.00722	0.00722	0.00361	0.00361
8	0.01818	0.01475	0.01689	0.01263	0.01876	0.01240	0.00982	0.09394	0.01909	0.02845	0.01719	0.02338	0.01533	0.11670	0.01208	0.00246	0.00682	0.00636	0.00535	0.54941
9	0.02696	0.35076	0.03278	0.01808	0.02367	0.37814	0.01520	0.02934	0.02046	0.01997	0.01224	0.01422	0.01068	0.00789	0.00649	0.00197	0.01216	0.00493	0.00394	0.01011
10	0.00982	0.00842	0.00842	0.00842	0.01122	0.00701	0.00631	0.01192	0.01894	0.02244	0.08416	0.07995	0.65285	0.02104	0.00982	0.00281	0.00421	0.01753	0.00771	0.00701
11	0.05918	0.03480	0.18921	0.02172	0.02816	0.31254	0.04048	0.10708	0.02250	0.02699	0.01420	0.01675	0.01111	0.00901	0.00941	0.00249	0.07280	0.00611	0.00459	0.01087
12	0.01833	0.03125	0.35307	0.07038	0.31076	0.01945	0.02800	0.02568	0.01810	0.02641	0.01522	0.01911	0.01172	0.00770	0.00806	0.00257	0.01115	0.00676	0.00378	0.01251
13	0.01231	0.00863	0.00967	0.00975	0.01230	0.00741	0.00717	0.01435	0.01862	0.07846	0.07027	0.22738	0.45124	0.02131	0.00988	0.00292	0.00461	0.01821	0.00794	0.00758
14	0.01043	0.00844	0.00926	0.00906	0.01160	0.00727	0.00679	0.01311	0.02038	0.02587	0.26322	0.07431	0.47165	0.01976	0.00981	0.00274	0.00412	0.01674	0.00817	0.00727
15	0.05630	0.02644	0.23817	0.02131	0.09287	0.11789	0.01881	0.02241	0.01843	0.02498	0.05838	0.18956	0.05365	0.01342	0.00857	0.00272	0.00952	0.01130	0.00529	0.00997
16	0.06571	0.34555	0.08126	0.01800	0.05182	0.17391	0.01565	0.02561	0.01794	0.02160	0.01365	0.01682	0.01196	0.01452	0.09080	0.00347	0.01213	0.00549	0.00395	0.01016
17	0.02502	0.03228	0.09325	0.02443	0.10920	0.40561	0.01823	0.02857	0.02109	0.02221	0.01691	0.02431	0.01506	0.01378	0.05995	0.00326	0.01393	0.05838	0.00448	0.01004
18	0.02568	0.19787	0.02755	0.01868	0.02310	0.35443	0.01516	0.05909	0.02066	0.02167	0.01375	0.01705	0.01199	0.01467	0.08165	0.00343	0.07367	0.00580	0.00428	0.00983
19	0.01865	0.12176	0.01838	0.01288	0.01669	0.01482	0.01029	0.12454	0.02170	0.09665	0.04385	0.24980	0.18306	0.01732	0.00894	0.00274	0.00631	0.01464	0.00745	0.00952
20	0.02218	0.05856	0.07913	0.02997	0.21888	0.05061	0.07755	0.13287	0.08983	0.03115	0.01827	0.02124	0.01439	0.00906	0.00976	0.00258	0.06997	0.00752	0.04433	0.01214

[dist]
# distance from previous block
# <min> <max>
0	16

[block]
# block no. 6 follows, 22 sequences, length 30
# corresponding to MSA columns:
# 258-287
name=unknown_G
#
# <colnr> <probs for GDERKNQSTAVLIFYWHMCP>
#	G	D	E	R	K	N	Q	S	T	A	V	L	I	F	Y	W	H	M	C	P
0	0.02552	0.02654	0.05062	0.01809	0.02300	0.27186	0.01450	0.08815	0.10313	0.07392	0.01903	0.02222	0.01542	0.06407	0.01149	0.00275	0.05032	0.00693	0.00573	0.10670
1	0.02088	0.16438	0.23607	0.07078	0.02916	0.09543	0.01998	0.09716	0.07962	0.02746	0.02163	0.02307	0.06115	0.00940	0.00763	0.00243	0.01031	0.00714	0.00496	0.01133
2	0.02444	0.07168	0.02207	0.01684	0.02179	0.07999	0.01354	0.31728	0.06408	0.03701	0.02345	0.12547	0.02102	0.01696	0.07136	0.00354	0.00996	0.00967	0.00700	0.04286
3	0.07920	0.49997	0.06435	0.01579	0.02242	0.15695	0.01490	0.02653	0.01801	0.02132	0.01195	0.01385	0.01054	0.00747	0.00585	0.00194	0.01004	0.00470	0.00381	0.01041
4	0.01909	0.34853	0.31502	0.01913	0.02829	0.02500	0.04945	0.02509	0.01766	0.02359	0.04796	0.01824	0.01436	0.00798	0.00691	0.00224	0.01034	0.00601	0.00387	0.01124
5	0.01171	0.00790	0.00917	0.00954	0.00963	0.00780	0.00555	0.01198	0.01281	0.01708	0.02993	0.17848	0.03494	0.57747	0.03622	0.00716	0.00743	0.01429	0.00555	0.00536
6	0.01280	0.00854	0.01161	0.01161	0.01310	0.00954	0.00883	0.01577	0.01429	0.02200	0.02377	0.03384	0.02160	0.09714	0.45878	0.01007	0.01655	0.00885	0.19398	0.00732
7	0.00982	0.00842	0.00842	0.00842	0.01122	0.00701	0.00631	0.01192	0.01894	0.02244	0.08416	0.07995	0.65285	0.02104	0.00982	0.00281	0.00421	0.01753	0.00771	0.00701
8	0.01187	0.00890	0.01335	0.01335	0.01483	0.01038	0.01038	0.01483	0.01335	0.01928	0.02225	0.03264	0.02077	0.06231	0.67512	0.01335	0.02225	0.00890	0.00445	0.00742
9	0.01176	0.00849	0.01110	0.01045	0.01241	0.00784	0.00784	0.01568	0.02352	0.03331	0.65184	0.06206	0.07839	0.01698	0.00980	0.00261	0.00392	0.01502	0.00914	0.00784
10	0.03037	0.09155	0.02519	0.02071	0.02534	0.58917	0.01589	0.06478	0.02386	0.02201	0.01312	0.01512	0.01088	0.00852	0.00737	0.00213	0.01419	0.00539	0.00444	0.00996
11	0.01874	0.01413	0.01929	0.33386	0.03546	0.01637	0.01598	0.13958	0.02127	0.03052	0.01983	0.02461	0.01502	0.00908	0.00749	0.00244	0.00833	0.00752	0.25078	0.00970
12	0.00982	0.00842	0.00842	0.00842	0.01122	0.00701	0.00631	0.01192	0.01894	0.02244	0.08416	0.07995	0.65285	0.02104	0.00982	0.00281	0.00421	0.01753	0.00771	0.00701
13	0.01952	0.01421	0.01692	0.01459	0.01681	0.01708	0.01182	0.13890	0.02012	0.03156	0.02039	0.02461	0.01648	0.01133	0.01334	0.00260	0.23091	0.00754	0.36185	0.00943
14	0.01046	0.00844	0.00930	0.00909	0.01161	0.00729	0.00681	0.01316	0.02044	0.02602	0.27119	0.07405	0.46359	0.01970	0.00981	0.00274	0.00411	0.01671	0.00819	0.00729
15	0.01539	0.01344	0.02184	0.56266	0.04855	0.01643	0.01998	0.02051	0.01669	0.02256	0.01794	0.05604	0.01458	0.00934	0.00807	0.00268	0.00979	0.00821	0.10638	0.00891
16	0.01119	0.00847	0.01032	0.00986	0.01206	0.00760	0.00739	0.01458	0.02218	0.03015	0.48666	0.06726	0.24554	0.01816	0.00980	0.00267	0.00400	0.01575	0.00873	0.00760
17	0.76672	0.01607	0.01221	0.01092	0.01607	0.01864	0.00900	0.02442	0.01414	0.03727	0.01157	0.01350	0.00900	0.00771	0.00514	0.00257	0.00643	0.00450	0.00514	0.00900
18	0.02637	0.03184	0.02255	0.02266	0.08325	0.48555	0.01586	0.02894	0.02115	0.02078	0.01491	0.01889	0.01286	0.01874	0.13538	0.00432	0.01589	0.00622	0.00430	0.00954
19	0.02041	0.01964	0.03183	0.03671	0.32847	0.02029	0.13910	0.03182	0.22273	0.02953	0.02181	0.02434	0.01704	0.00859	0.00861	0.00265	0.00960	0.00852	0.00555	0.01277
20	0.01075	0.00799	0.01002	0.01048	0.01204	0.00726	0.00749	0.01337	0.01971	0.02656	0.30899	0.31040	0.18196	0.02123	0.01011	0.00294	0.00432	0.01880	0.00832	0.00726
21	0.01187	0.00890	0.01335	0.01335	0.01483	0.01038	0.01038	0.01483	0.01335	0.01928	0.02225	0.03264	0.02077	0.06231	0.67512	0.01335	0.02225	0.00890	0.00445	0.00742
22	0.01748	0.03209	0.39607	0.03139	0.23720	0.01836	0.02683	0.02504	0.01856	0.02724	0.07539	0.02274	0.01781	0.00859	0.00818	0.00258	0.01070	0.00739	0.00424	0.01215
23	0.01694	0.01328	0.01382	0.01192	0.01598	0.01315	0.00941	0.21373	0.02552	0.03223	0.06314	0.06031	0.44380	0.01742	0.00932	0.00270	0.00582	0.01424	0.00791	0.00934
24	0.01697	0.01523	0.02029	0.18440	0.02946	0.01490	0.01432	0.02087	0.01646	0.02463	0.01424	0.01860	0.01180	0.00784	0.00958	0.00195	0.10118	0.00586	0.00444	0.46697
25	0.01193	0.00799	0.00911	0.00926	0.00930	0.00795	0.00524	0.01204	0.01238	0.01651	0.02771	0.10523	0.03214	0.65453	0.03980	0.00769	0.00780	0.01299	0.00524	0.00517
