[name]
unknown

[dist]
# distance from previous block
# <min> <max>
0	17

[block]
# block no. 0 follows, 21 sequences, length 13
# corresponding to MSA columns:
# 17-29
name=unknown_A
#
# <colnr> <probs for GDERKNQSTAVLIFYWHMCP>
#	G	D	E	R	K	N	Q	S	T	A	V	L	I	F	Y	W	H	M	C	P
0	0.01300	0.00929	0.01286	0.01462	0.01633	0.00915	0.01226	0.01650	0.01936	0.02548	0.09167	0.19843	0.05268	0.02359	0.01147	0.00374	0.00703	0.44690	0.00797	0.00769
1	0.01006	0.00862	0.00862	0.00862	0.01149	0.00718	0.00647	0.01221	0.01940	0.02299	0.08621	0.08190	0.64438	0.02155	0.01006	0.00287	0.00431	0.01796	0.00790	0.00718
2	0.01204	0.00870	0.01138	0.01071	0.01271	0.00803	0.00803	0.01606	0.02409	0.03413	0.64335	0.06357	0.08030	0.01740	0.01004	0.00268	0.00401	0.01539	0.00937	0.00803
3	0.01108	0.00790	0.01042	0.01166	0.01256	0.00743	0.00811	0.01321	0.01807	0.02452	0.18477	0.47291	0.05990	0.06548	0.01270	0.00359	0.00510	0.05538	0.00807	0.00712
4	0.01828	0.01738	0.02952	0.40220	0.31960	0.01949	0.02473	0.02368	0.01806	0.02443	0.01552	0.02197	0.01229	0.00810	0.00847	0.00270	0.01080	0.00757	0.00397	0.01124
5	0.02075	0.02071	0.03634	0.03841	0.29350	0.02089	0.22637	0.03099	0.16346	0.02944	0.02079	0.02422	0.01622	0.00837	0.00904	0.00273	0.01078	0.00891	0.00529	0.01279
6	0.02351	0.02367	0.02569	0.08878	0.18430	0.16037	0.01882	0.07253	0.20132	0.02919	0.02070	0.02289	0.01630	0.00985	0.00989	0.00269	0.06394	0.00772	0.00577	0.01206
7	0.11793	0.28147	0.17734	0.01728	0.02504	0.06046	0.01775	0.12239	0.02118	0.03005	0.01490	0.01677	0.01179	0.00824	0.00669	0.00228	0.00972	0.00569	0.04161	0.01146
8	0.27321	0.02714	0.26578	0.02417	0.14514	0.01863	0.02095	0.02496	0.01691	0.03057	0.01668	0.06954	0.01428	0.00936	0.00740	0.00270	0.00945	0.00734	0.00462	0.01116
9	0.09011	0.02496	0.28700	0.01770	0.02467	0.01496	0.01921	0.02302	0.01796	0.06942	0.09456	0.06112	0.02562	0.02169	0.13483	0.00489	0.01198	0.04040	0.00551	0.01037
10	0.01856	0.15367	0.14861	0.03075	0.26521	0.02048	0.02129	0.02360	0.01738	0.02427	0.01665	0.02195	0.01430	0.02075	0.16154	0.00503	0.01334	0.00712	0.00407	0.01145
11	0.05142	0.02288	0.14057	0.13928	0.09175	0.05684	0.01884	0.14113	0.02289	0.03062	0.03250	0.03408	0.15854	0.01169	0.00859	0.00268	0.00947	0.00950	0.00579	0.01093
12	0.01914	0.15410	0.12881	0.08201	0.19899	0.02287	0.05352	0.02388	0.01747	0.02402	0.01895	0.02306	0.05445	0.00991	0.01151	0.00270	0.13162	0.00761	0.00414	0.01125

[dist]
# distance from previous block
# <min> <max>
17	41

[block]
# block no. 1 follows, 21 sequences, length 94
# corresponding to MSA columns:
# 72-165
name=unknown_B
#
# <colnr> <probs for GDERKNQSTAVLIFYWHMCP>
#	G	D	E	R	K	N	Q	S	T	A	V	L	I	F	Y	W	H	M	C	P
0	0.09016	0.16072	0.02505	0.10430	0.12731	0.06954	0.01543	0.02174	0.01722	0.02366	0.02142	0.15533	0.02161	0.01849	0.08876	0.00396	0.01064	0.01001	0.00494	0.00970
1	0.21275	0.02827	0.02221	0.04870	0.06067	0.28628	0.01543	0.17163	0.02496	0.03349	0.01483	0.01683	0.01153	0.00882	0.00735	0.00244	0.01125	0.00600	0.00556	0.01100
2	0.02302	0.02078	0.05599	0.01762	0.02277	0.06985	0.01492	0.22706	0.17579	0.03722	0.05629	0.04200	0.07392	0.01373	0.00919	0.00288	0.00852	0.10882	0.00781	0.01181
3	0.01551	0.01464	0.01280	0.01272	0.01437	0.13986	0.00882	0.01734	0.01873	0.02290	0.16309	0.21401	0.09116	0.19467	0.01836	0.00423	0.00764	0.01506	0.00680	0.00731
4	0.01670	0.01302	0.01380	0.01212	0.01581	0.01302	0.00936	0.16890	0.05940	0.03187	0.10556	0.05994	0.35731	0.07029	0.01215	0.00319	0.00602	0.01423	0.00800	0.00931
5	0.01882	0.01339	0.01558	0.01334	0.01720	0.01271	0.00991	0.14353	0.02129	0.06491	0.02849	0.21548	0.02933	0.15196	0.01557	0.00362	0.00701	0.01260	0.00690	0.19837
6	0.01758	0.15603	0.02419	0.01626	0.01995	0.01869	0.04706	0.09239	0.01799	0.02443	0.01937	0.02645	0.01734	0.04000	0.38167	0.00877	0.04963	0.00797	0.00480	0.00943
7	0.03123	0.01985	0.02227	0.01743	0.02372	0.02097	0.01428	0.38052	0.08082	0.20252	0.02997	0.02824	0.06575	0.01128	0.00866	0.00262	0.00823	0.00884	0.00899	0.01383
8	0.01245	0.00902	0.01323	0.01323	0.01478	0.01043	0.01027	0.01556	0.01400	0.02069	0.02318	0.03330	0.02132	0.05960	0.61543	0.01276	0.02132	0.00902	0.06278	0.00762
9	0.01181	0.00831	0.00899	0.00907	0.01018	0.00782	0.00576	0.01288	0.01524	0.02002	0.04695	0.08983	0.22962	0.39818	0.02824	0.00582	0.00650	0.01434	0.06433	0.00610
10	0.02031	0.29497	0.03070	0.01736	0.02106	0.09314	0.01509	0.02280	0.01604	0.02018	0.01408	0.01939	0.01317	0.02146	0.15087	0.00489	0.20450	0.00643	0.00393	0.00966
11	0.01153	0.00948	0.01029	0.01060	0.01305	0.00885	0.00774	0.01622	0.09476	0.02421	0.06886	0.24638	0.40384	0.02173	0.01011	0.00304	0.00479	0.01866	0.00800	0.00789
12	0.01093	0.00764	0.00971	0.01114	0.01149	0.00728	0.00714	0.01200	0.01520	0.02027	0.04132	0.51761	0.04924	0.21403	0.01988	0.00479	0.00586	0.02091	0.00714	0.00642
13	0.01979	0.01892	0.03225	0.21206	0.49793	0.01989	0.02549	0.02500	0.01878	0.02626	0.01578	0.02148	0.01294	0.00782	0.00845	0.00261	0.01042	0.00758	0.00410	0.01246
14	0.01622	0.01509	0.02146	0.01912	0.01969	0.02033	0.01565	0.01852	0.01327	0.02021	0.01549	0.02412	0.01493	0.03308	0.26549	0.00742	0.43913	0.00807	0.00403	0.00867
15	0.01006	0.00862	0.00862	0.00862	0.01149	0.00718	0.00647	0.01221	0.01940	0.02299	0.08621	0.08190	0.64438	0.02155	0.01006	0.00287	0.00431	0.01796	0.00790	0.00718
16	0.02023	0.02131	0.02583	0.02229	0.02283	0.10467	0.01835	0.02214	0.01439	0.02052	0.01141	0.01822	0.01115	0.01414	0.02544	0.00354	0.60315	0.00721	0.00380	0.00938
17	0.01166	0.00814	0.01036	0.01102	0.01149	0.00828	0.00717	0.01277	0.01394	0.01889	0.03269	0.26388	0.03743	0.34899	0.15767	0.00775	0.01007	0.01565	0.00595	0.00623
18	0.01223	0.00884	0.01226	0.01226	0.01328	0.00987	0.00887	0.01428	0.01326	0.01870	0.02409	0.04063	0.02440	0.26978	0.46552	0.01192	0.01809	0.01017	0.00475	0.00681
19	0.03235	0.02384	0.02554	0.01958	0.02639	0.02639	0.01618	0.61946	0.04001	0.05363	0.02043	0.02043	0.01447	0.01022	0.00851	0.00255	0.00936	0.00766	0.00851	0.01447
20	0.01428	0.14891	0.01988	0.01385	0.01653	0.01526	0.01142	0.01726	0.01440	0.01981	0.02060	0.02946	0.01920	0.05248	0.53447	0.01130	0.02005	0.00820	0.00437	0.00826
21	0.01049	0.00856	0.00931	0.00950	0.01199	0.00737	0.00711	0.01289	0.01970	0.02440	0.15223	0.14157	0.48860	0.02161	0.01021	0.00295	0.00448	0.04166	0.00809	0.00729
22	0.01238	0.00825	0.00928	0.00928	0.00928	0.00825	0.00516	0.01238	0.01238	0.01650	0.02681	0.05569	0.03094	0.70092	0.04331	0.00825	0.00825	0.01238	0.00516	0.00516
23	0.01046	0.00810	0.00919	0.00996	0.01155	0.00721	0.00686	0.01209	0.01733	0.02170	0.06361	0.31774	0.33995	0.10689	0.01445	0.00376	0.00504	0.01970	0.00756	0.00683
24	0.02106	0.02022	0.03454	0.05223	0.64784	0.02022	0.02612	0.02612	0.01938	0.02780	0.01601	0.02106	0.01348	0.00758	0.00842	0.00253	0.01011	0.00758	0.00421	0.01348
25	0.02696	0.03276	0.02359	0.15941	0.03221	0.47950	0.01750	0.02994	0.02181	0.02094	0.01432	0.01830	0.01185	0.01303	0.05948	0.00323	0.01509	0.00620	0.00427	0.00960
26	0.02645	0.01989	0.02167	0.01743	0.02295	0.02186	0.01410	0.40468	0.13355	0.04678	0.14770	0.03093	0.02955	0.01187	0.00884	0.00263	0.00786	0.00953	0.00871	0.01302
27	0.01204	0.00870	0.01138	0.01071	0.01271	0.00803	0.00803	0.01606	0.02409	0.03413	0.64335	0.06357	0.08030	0.01740	0.01004	0.00268	0.00401	0.01539	0.00937	0.00803
28	0.01012	0.00837	0.00888	0.00930	0.01167	0.00713	0.00677	0.01214	0.01875	0.02272	0.07797	0.21057	0.52103	0.02262	0.01023	0.00300	0.00444	0.01927	0.00790	0.00713
29	0.02106	0.02022	0.03454	0.05223	0.64784	0.02022	0.02612	0.02612	0.01938	0.02780	0.01601	0.02106	0.01348	0.00758	0.00842	0.00253	0.01011	0.00758	0.00421	0.01348
30	0.01059	0.00864	0.00936	0.00918	0.01182	0.00741	0.00689	0.01325	0.02066	0.02599	0.23627	0.07696	0.49245	0.02043	0.01005	0.00282	0.00423	0.01727	0.00830	0.00741
31	0.01514	0.00930	0.01242	0.01215	0.01441	0.00859	0.00932	0.01855	0.02195	0.10648	0.36797	0.19044	0.06398	0.01924	0.01025	0.00300	0.00511	0.09412	0.00901	0.00857
32	0.02106	0.02022	0.03454	0.05223	0.64784	0.02022	0.02612	0.02612	0.01938	0.02780	0.01601	0.02106	0.01348	0.00758	0.00842	0.00253	0.01011	0.00758	0.00421	0.01348
33	0.01986	0.22850	0.30127	0.02949	0.20789	0.02391	0.02504	0.02629	0.01818	0.02519	0.01449	0.01761	0.01160	0.00771	0.00742	0.00239	0.01086	0.00616	0.00378	0.01236
34	0.03191	0.03702	0.02442	0.02143	0.02633	0.53135	0.01639	0.15778	0.02748	0.02776	0.01469	0.01642	0.01170	0.00908	0.00785	0.00227	0.01408	0.00594	0.00526	0.01084
35	0.01941	0.20338	0.43840	0.02355	0.07113	0.05422	0.02628	0.02688	0.01819	0.02503	0.01438	0.01699	0.01099	0.00789	0.00745	0.00245	0.01171	0.00591	0.00368	0.01210
36	0.01365	0.00935	0.01142	0.01126	0.01396	0.00841	0.00895	0.01684	0.02129	0.07636	0.24694	0.07500	0.29505	0.01981	0.01029	0.00301	0.00519	0.13653	0.00855	0.00816
37	0.02453	0.02679	0.03117	0.04244	0.44692	0.22922	0.02299	0.02866	0.02091	0.02555	0.01509	0.01921	0.01267	0.00797	0.00818	0.00242	0.01180	0.00690	0.00427	0.01231
38	0.02375	0.02652	0.01944	0.01777	0.02123	0.35669	0.01350	0.06330	0.02302	0.02547	0.14773	0.02941	0.02779	0.02171	0.14051	0.00462	0.01409	0.00843	0.00572	0.00932
39	0.01096	0.00787	0.01018	0.01121	0.01217	0.00733	0.00766	0.01304	0.01822	0.02471	0.20743	0.44996	0.08575	0.07608	0.01311	0.00359	0.00492	0.02065	0.00808	0.00709
40	0.03179	0.04056	0.02412	0.02192	0.02631	0.66676	0.01644	0.03398	0.02412	0.02083	0.01315	0.01535	0.01096	0.00877	0.00767	0.00219	0.01535	0.00548	0.00438	0.00987
41	0.01080	0.00865	0.00964	0.00940	0.01195	0.00750	0.00705	0.01364	0.02114	0.02712	0.29305	0.07509	0.43497	0.02001	0.01005	0.00280	0.00420	0.01701	0.00845	0.00750
42	0.01862	0.01425	0.01588	0.01492	0.01885	0.01529	0.01180	0.03253	0.33918	0.07867	0.04708	0.07845	0.15479	0.01600	0.00952	0.00305	0.00639	0.10511	0.00849	0.01112
43	0.01061	0.00751	0.00980	0.01153	0.01197	0.00708	0.00756	0.01191	0.01581	0.02108	0.04444	0.61689	0.05318	0.10938	0.01484	0.00404	0.00534	0.02274	0.00756	0.00670
44	0.02009	0.02296	0.05022	0.03587	0.04448	0.02152	0.61693	0.02726	0.02009	0.02726	0.01722	0.02296	0.01291	0.00717	0.01004	0.00287	0.01435	0.01004	0.00430	0.01148
45	0.01714	0.01699	0.01753	0.01657	0.01849	0.15033	0.01293	0.01985	0.01578	0.02008	0.01921	0.02765	0.01775	0.04571	0.44302	0.00993	0.11021	0.00813	0.00441	0.00830
46	0.01779	0.01814	0.01667	0.01604	0.01839	0.19898	0.01230	0.02059	0.01667	0.02006	0.02003	0.02824	0.01831	0.04802	0.47788	0.01038	0.02066	0.00807	0.00451	0.00825
47	0.01478	0.00739	0.01109	0.01109	0.01109	0.00739	0.00739	0.01109	0.01109	0.01478	0.01478	0.02587	0.01478	0.02956	0.03326	0.75240	0.00739	0.00739	0.00370	0.00370
48	0.01081	0.00812	0.01003	0.01067	0.01224	0.00733	0.00758	0.01326	0.01952	0.02592	0.24336	0.34246	0.21272	0.02247	0.01040	0.00306	0.00449	0.01986	0.00836	0.00733
49	0.02358	0.02518	0.03151	0.07119	0.46470	0.18465	0.02355	0.02793	0.02048	0.02577	0.01524	0.01968	0.01275	0.00792	0.00824	0.00246	0.01149	0.00705	0.00424	0.01239
50	0.02057	0.02314	0.11089	0.04880	0.57288	0.02016	0.02677	0.02622	0.01920	0.02770	0.01592	0.02068	0.01315	0.00764	0.00838	0.00255	0.01041	0.00742	0.00414	0.01337
51	0.01068	0.00819	0.00988	0.01107	0.01269	0.00739	0.00808	0.01274	0.01794	0.02270	0.06210	0.37748	0.28621	0.02425	0.01066	0.00329	0.00506	0.09457	0.00789	0.00714
52	0.02027	0.01448	0.01596	0.07082	0.02074	0.01615	0.01156	0.12558	0.22006	0.03568	0.02770	0.02912	0.02106	0.01037	0.00746	0.00244	0.00637	0.00840	0.32484	0.01092
53	0.01266	0.00986	0.01465	0.01436	0.01576	0.01185	0.01126	0.01561	0.01363	0.01981	0.02188	0.03227	0.02048	0.05999	0.61715	0.01290	0.07467	0.00899	0.00449	0.00773
54	0.02470	0.03069	0.07589	0.19512	0.14757	0.33455	0.02119	0.02890	0.02097	0.02280	0.01434	0.01845	0.01150	0.00844	0.00805	0.00246	0.01317	0.00645	0.00414	0.01063
55	0.05462	0.02829	0.11057	0.03780	0.35552	0.18689	0.02327	0.02796	0.01994	0.02602	0.01479	0.01878	0.01220	0.00828	0.00889	0.00252	0.04063	0.00674	0.00420	0.01207
56	0.01547	0.01217	0.01665	0.01966	0.14075	0.01202	0.01202	0.06378	0.02119	0.02910	0.24820	0.05410	0.09309	0.15906	0.01672	0.00392	0.00687	0.05915	0.00715	0.00894
57	0.02018	0.02104	0.04095	0.09887	0.32039	0.02070	0.29681	0.02626	0.01950	0.02703	0.01649	0.02207	0.01304	0.00747	0.00917	0.00271	0.01216	0.00871	0.00422	0.01221
58	0.01006	0.00862	0.00862	0.00862	0.01149	0.00718	0.00647	0.01221	0.01940	0.02299	0.08621	0.08190	0.64438	0.02155	0.01006	0.00287	0.00431	0.01796	0.00790	0.00718
59	0.01227	0.00827	0.00925	0.00925	0.00938	0.00820	0.00521	0.01237	0.01268	0.01678	0.02940	0.05683	0.05762	0.67138	0.04187	0.00802	0.00808	0.01262	0.00528	0.00524
60	0.02092	0.41968	0.28230	0.01865	0.02787	0.05525	0.02122	0.02642	0.01785	0.02276	0.01323	0.01541	0.01087	0.00766	0.00658	0.00218	0.01072	0.00527	0.00365	0.01152
61	0.02465	0.32845	0.03621	0.02756	0.20652	0.19769	0.01845	0.02792	0.01971	0.02252	0.01341	0.01627	0.01168	0.00776	0.00692	0.00213	0.01105	0.00569	0.00401	0.01139
62	0.02521	0.02436	0.02245	0.07009	0.02567	0.20545	0.01571	0.20194	0.02523	0.03132	0.02080	0.02386	0.04946	0.01442	0.05276	0.00334	0.11941	0.00769	0.05012	0.01071
63	0.01162	0.00833	0.01128	0.01194	0.01273	0.00878	0.00832	0.01336	0.01421	0.01957	0.03185	0.25938	0.03541	0.21518	0.28852	0.00888	0.01312	0.01497	0.00582	0.00674
64	0.01052	0.00747	0.00983	0.01165	0.01211	0.00702	0.00769	0.01189	0.01599	0.02132	0.04535	0.64592	0.05433	0.07879	0.01337	0.00383	0.00519	0.02328	0.00769	0.00678
65	0.02480	0.01152	0.01546	0.01287	0.01711	0.01022	0.01022	0.02846	0.02422	0.33651	0.34576	0.04668	0.05139	0.01405	0.00932	0.00266	0.00559	0.01206	0.00994	0.01118
66	0.02246	0.30406	0.03340	0.02207	0.09903	0.14147	0.01687	0.02522	0.01758	0.02120	0.01329	0.01744	0.01210	0.01356	0.06213	0.00329	0.15439	0.00605	0.00393	0.01045
67	0.03179	0.04056	0.02412	0.02192	0.02631	0.66676	0.01644	0.03398	0.02412	0.02083	0.01315	0.01535	0.01096	0.00877	0.00767	0.00219	0.01535	0.00548	0.00438	0.00987
68	0.03179	0.04056	0.02412	0.02192	0.02631	0.66676	0.01644	0.03398	0.02412	0.02083	0.01315	0.01535	0.01096	0.00877	0.00767	0.00219	0.01535	0.00548	0.00438	0.00987
69	0.01238	0.00825	0.00928	0.00928	0.00928	0.00825	0.00516	0.01238	0.01238	0.01650	0.02681	0.05569	0.03094	0.70092	0.04331	0.00825	0.00825	0.01238	0.00516	0.00516
70	0.01204	0.00870	0.01138	0.01071	0.01271	0.00803	0.00803	0.01606	0.02409	0.03413	0.64335	0.06357	0.08030	0.01740	0.01004	0.00268	0.00401	0.01539	0.00937	0.00803
71	0.01170	0.00869	0.01090	0.01035	0.01250	0.00788	0.00776	0.01540	0.02329	0.03222	0.54792	0.06671	0.17691	0.01811	0.01004	0.00271	0.00407	0.01583	0.00912	0.00788
72	0.01238	0.00825	0.00928	0.00928	0.00928	0.00825	0.00516	0.01238	0.01238	0.01650	0.02681	0.05569	0.03094	0.70092	0.04331	0.00825	0.00825	0.01238	0.00516	0.00516
73	0.02797	0.20743	0.02852	0.01941	0.02431	0.45498	0.01552	0.03037	0.02157	0.02054	0.01356	0.01631	0.01175	0.01265	0.05810	0.00299	0.01433	0.00553	0.00421	0.00996
74	0.03026	0.02617	0.02418	0.01914	0.02554	0.15869	0.01541	0.41635	0.03367	0.04327	0.01819	0.01899	0.01349	0.00939	0.00804	0.00230	0.01021	0.00685	0.00718	0.11268
75	0.01883	0.02600	0.19375	0.02780	0.03563	0.02019	0.30242	0.06034	0.01930	0.02717	0.01724	0.02270	0.01352	0.01618	0.10364	0.00440	0.06667	0.00863	0.00437	0.01122
76	0.01238	0.00825	0.00928	0.00928	0.00928	0.00825	0.00516	0.01238	0.01238	0.01650	0.02681	0.05569	0.03094	0.70092	0.04331	0.00825	0.00825	0.01238	0.00516	0.00516
77	0.02274	0.01800	0.01955	0.01664	0.02148	0.02004	0.01317	0.21792	0.32037	0.04091	0.15789	0.03490	0.03379	0.01236	0.00890	0.00274	0.00698	0.01022	0.00876	0.01264
78	0.02360	0.53445	0.06745	0.01889	0.07149	0.11767	0.01644	0.02674	0.01841	0.02103	0.01248	0.01464	0.01112	0.00754	0.00610	0.00196	0.01017	0.00499	0.00378	0.01105
79	0.01178	0.00810	0.00935	0.00977	0.01009	0.00789	0.00583	0.01225	0.01374	0.01810	0.03562	0.19189	0.08368	0.50698	0.03394	0.00683	0.00725	0.01529	0.00594	0.00568
80	0.01092	0.00865	0.00982	0.00953	0.01202	0.00755	0.00714	0.01388	0.02143	0.02782	0.32805	0.07394	0.39953	0.01975	0.01005	0.00279	0.00418	0.01684	0.00854	0.00755
81	0.08110	0.01822	0.02972	0.25678	0.40014	0.01969	0.02389	0.02458	0.01819	0.02666	0.01537	0.02100	0.01242	0.00792	0.00819	0.00264	0.01022	0.00733	0.00416	0.01179
82	0.02366	0.28647	0.03228	0.02060	0.07102	0.16158	0.01629	0.07210	0.01965	0.02348	0.01396	0.01766	0.01236	0.01407	0.06829	0.00336	0.12212	0.00610	0.00432	0.01062
83	0.02110	0.01674	0.01792	0.01561	0.02012	0.01824	0.01222	0.21332	0.24942	0.03698	0.04206	0.11970	0.15015	0.01499	0.00916	0.00285	0.00685	0.01247	0.00837	0.01172
84	0.01050	0.00794	0.00949	0.01053	0.01184	0.00716	0.00722	0.01221	0.01739	0.02233	0.08695	0.41219	0.24985	0.07732	0.01310	0.00360	0.00495	0.02079	0.00776	0.00692
85	0.04799	0.33039	0.17429	0.01724	0.04808	0.02344	0.01714	0.02388	0.01705	0.02403	0.01607	0.01956	0.01352	0.01468	0.08647	0.00354	0.01087	0.00604	0.09517	0.01057
86	0.01749	0.01547	0.02001	0.01923	0.06750	0.09368	0.08519	0.01814	0.01528	0.01942	0.01971	0.08128	0.02030	0.16198	0.02526	0.23739	0.06113	0.00984	0.00453	0.00717
87	0.01261	0.00897	0.01297	0.01297	0.01455	0.01031	0.01006	0.01576	0.01419	0.02122	0.02340	0.03322	0.02134	0.05721	0.58607	0.01224	0.02048	0.00897	0.09579	0.00764
88	0.02040	0.02002	0.02121	0.01872	0.02147	0.12161	0.01492	0.05222	0.14761	0.02541	0.01951	0.02402	0.01662	0.02280	0.15269	0.00520	0.22990	0.00782	0.00533	0.05251
89	0.01536	0.06647	0.01792	0.18229	0.02524	0.06461	0.01248	0.01774	0.01550	0.01949	0.02362	0.11769	0.02481	0.25496	0.10125	0.00597	0.01103	0.01108	0.00490	0.00758
90	0.21208	0.02471	0.07091	0.02364	0.14788	0.15487	0.01658	0.09962	0.02133	0.03230	0.01544	0.01805	0.01219	0.00831	0.00714	0.00237	0.00976	0.00612	0.04745	0.06927
91	0.11372	0.02335	0.02501	0.16045	0.20880	0.19263	0.01906	0.05153	0.01981	0.02608	0.01465	0.01932	0.01200	0.00996	0.00980	0.06122	0.01109	0.00664	0.00445	0.01046
92	0.02115	0.02128	0.02225	0.02599	0.19466	0.15301	0.01603	0.05682	0.14819	0.02858	0.06930	0.03666	0.14593	0.01214	0.00874	0.00261	0.00897	0.01009	0.00641	0.01119
93	0.01501	0.01257	0.01819	0.02388	0.19582	0.01264	0.01367	0.02040	0.09316	0.02584	0.08208	0.33448	0.04072	0.05703	0.01168	0.00333	0.00676	0.01627	0.00689	0.00959

[dist]
# distance from previous block
# <min> <max>
3	109

[block]
# block no. 2 follows, 21 sequences, length 50
# corresponding to MSA columns:
# 275-324
name=unknown_C
#
# <colnr> <probs for GDERKNQSTAVLIFYWHMCP>
#	G	D	E	R	K	N	Q	S	T	A	V	L	I	F	Y	W	H	M	C	P
0	0.01354	0.00946	0.01249	0.01423	0.07672	0.00935	0.00810	0.01424	0.01484	0.02032	0.12444	0.04947	0.03504	0.42971	0.03295	0.10388	0.00764	0.01172	0.00555	0.00630
1	0.01097	0.00837	0.01008	0.01026	0.01221	0.00748	0.00746	0.01376	0.02065	0.02741	0.31285	0.21831	0.26735	0.02099	0.01024	0.00293	0.00433	0.01834	0.00852	0.00748
2	0.02649	0.01933	0.02128	0.10330	0.07812	0.12164	0.01540	0.03418	0.14873	0.22455	0.02808	0.09543	0.02227	0.01164	0.00866	0.00272	0.00897	0.00970	0.00749	0.01201
3	0.01276	0.01029	0.01547	0.15233	0.02368	0.01192	0.01273	0.01616	0.01493	0.02040	0.02795	0.03701	0.08456	0.06978	0.43951	0.01010	0.01797	0.00983	0.00477	0.00786
4	0.01454	0.01262	0.01297	0.01384	0.01543	0.07806	0.00995	0.01920	0.09760	0.02345	0.04002	0.42128	0.04482	0.07483	0.01286	0.00367	0.00684	0.08257	0.00741	0.00804
5	0.02327	0.02123	0.02968	0.06330	0.23882	0.12277	0.12038	0.02765	0.02058	0.10735	0.02256	0.07950	0.01983	0.01080	0.00904	0.00273	0.01079	0.05252	0.00562	0.01156
6	0.01989	0.13913	0.23136	0.03344	0.27736	0.02276	0.02479	0.02667	0.04465	0.02604	0.01553	0.01915	0.01257	0.00843	0.00936	0.00257	0.06301	0.00676	0.00408	0.01245
7	0.02955	0.03631	0.02629	0.02826	0.15618	0.53166	0.01846	0.03234	0.02313	0.02229	0.01375	0.01654	0.01149	0.00852	0.00783	0.00226	0.01425	0.00592	0.00435	0.01062
8	0.02785	0.01840	0.02119	0.01752	0.02276	0.01964	0.01450	0.37102	0.03146	0.12306	0.02685	0.03776	0.02257	0.01454	0.01112	0.06107	0.00861	0.12956	0.00826	0.01225
9	0.02213	0.38949	0.08646	0.02423	0.15387	0.02781	0.01872	0.02582	0.01755	0.05167	0.01389	0.01689	0.01195	0.00855	0.00936	0.00232	0.09777	0.00588	0.00409	0.01154
10	0.01986	0.01930	0.02962	0.02937	0.17576	0.04607	0.14271	0.08487	0.02092	0.02838	0.06693	0.03193	0.10491	0.01188	0.01298	0.00289	0.14528	0.00995	0.00544	0.01095
11	0.01012	0.00837	0.00888	0.00930	0.01167	0.00713	0.00677	0.01214	0.01875	0.02272	0.07800	0.21009	0.52150	0.02262	0.01023	0.00300	0.00444	0.01926	0.00790	0.00713
12	0.01478	0.00996	0.01301	0.09821	0.01933	0.00948	0.01006	0.01776	0.01997	0.10299	0.17073	0.19222	0.25163	0.01874	0.00983	0.00292	0.00567	0.01624	0.00798	0.00849
13	0.01824	0.03581	0.42036	0.02878	0.03981	0.02045	0.25967	0.02707	0.01879	0.02707	0.01603	0.01991	0.01161	0.00773	0.00885	0.00276	0.01327	0.00775	0.00387	0.01215
14	0.02121	0.21377	0.05745	0.02386	0.11109	0.15390	0.09321	0.02475	0.01916	0.02283	0.02084	0.15884	0.02101	0.01170	0.00815	0.00251	0.01047	0.01004	0.00485	0.01036
15	0.01123	0.00974	0.01142	0.01342	0.07797	0.00852	0.00863	0.01364	0.01915	0.02339	0.07583	0.12319	0.53288	0.02049	0.00995	0.00288	0.00496	0.01736	0.00752	0.00782
16	0.01424	0.00975	0.01281	0.01275	0.01404	0.01059	0.00914	0.01805	0.11376	0.02068	0.02576	0.11950	0.02557	0.10614	0.20907	0.24330	0.01147	0.01096	0.00545	0.00698
17	0.02229	0.16475	0.02816	0.15103	0.03037	0.15664	0.06034	0.08728	0.04567	0.02481	0.01807	0.04504	0.01621	0.09984	0.01246	0.00319	0.01093	0.00794	0.00492	0.01004
18	0.02183	0.38055	0.03375	0.01951	0.08651	0.13047	0.01525	0.02478	0.01786	0.02091	0.01477	0.01883	0.01336	0.01937	0.14440	0.00443	0.01308	0.00597	0.00401	0.01032
19	0.01097	0.00877	0.00998	0.01067	0.01307	0.00778	0.00837	0.01348	0.01911	0.02345	0.07207	0.15101	0.43774	0.02257	0.01055	0.00319	0.00523	0.15677	0.00789	0.00731
20	0.02010	0.02556	0.16666	0.04421	0.43995	0.02030	0.10578	0.02644	0.01918	0.02755	0.01601	0.02067	0.01284	0.00763	0.00857	0.00261	0.01119	0.00764	0.00410	0.01303
21	0.02348	0.02098	0.09692	0.01634	0.02195	0.08343	0.01435	0.10684	0.12335	0.15111	0.08429	0.06567	0.12821	0.01322	0.00888	0.00270	0.00811	0.01078	0.00782	0.01156
22	0.01213	0.00829	0.00921	0.00921	0.00951	0.00814	0.00529	0.01236	0.01311	0.01718	0.03301	0.05843	0.09496	0.63002	0.03984	0.00769	0.00784	0.01296	0.00544	0.00537
23	0.01339	0.01137	0.01556	0.01926	0.14571	0.01033	0.01149	0.01627	0.01866	0.02498	0.09586	0.24096	0.23036	0.01822	0.00956	0.00279	0.00589	0.01607	0.00695	0.08631
24	0.02273	0.02447	0.02871	0.14325	0.33248	0.20410	0.02192	0.02693	0.01997	0.02429	0.01550	0.02051	0.01293	0.01180	0.05185	0.00322	0.01265	0.00708	0.00421	0.01140
25	0.01829	0.03831	0.01944	0.01610	0.01910	0.04027	0.04024	0.14294	0.02013	0.02706	0.02505	0.03389	0.06045	0.12739	0.26601	0.00768	0.07341	0.00946	0.00557	0.00920
26	0.01750	0.15585	0.01910	0.01232	0.01640	0.01476	0.01027	0.02196	0.06912	0.10045	0.11411	0.09583	0.24304	0.01648	0.00899	0.00272	0.00614	0.05795	0.00754	0.00947
27	0.02314	0.01698	0.01839	0.01572	0.02075	0.01833	0.01246	0.15744	0.31089	0.10801	0.04233	0.03955	0.15223	0.01324	0.00891	0.00279	0.00683	0.01083	0.00869	0.01248
28	0.02211	0.18660	0.03147	0.02650	0.17367	0.10660	0.06182	0.08672	0.02051	0.02599	0.01660	0.02119	0.01422	0.01966	0.14539	0.00467	0.01344	0.00709	0.00462	0.01112
29	0.01916	0.02476	0.18226	0.04115	0.43415	0.01884	0.02551	0.02527	0.01953	0.02826	0.08130	0.02475	0.01980	0.00873	0.00851	0.00258	0.01007	0.00809	0.00460	0.01269
30	0.02278	0.02758	0.11359	0.04225	0.43821	0.15526	0.02479	0.02787	0.02018	0.02623	0.01532	0.01946	0.01260	0.00790	0.00822	0.00248	0.01153	0.00697	0.00417	0.01261
31	0.02714	0.03271	0.03171	0.03105	0.15754	0.39938	0.14390	0.03096	0.02230	0.02360	0.01459	0.01811	0.01189	0.00819	0.00832	0.00240	0.01406	0.00687	0.00433	0.01094
32	0.01016	0.00824	0.00902	0.00964	0.01176	0.00710	0.00692	0.01210	0.01842	0.02259	0.07380	0.27562	0.45867	0.02317	0.01031	0.00306	0.00451	0.01993	0.00790	0.00710
33	0.02246	0.01708	0.02550	0.12747	0.03013	0.01865	0.11005	0.14827	0.02272	0.11196	0.06878	0.02960	0.02126	0.08469	0.03921	0.00382	0.09192	0.00926	0.00633	0.01083
34	0.12123	0.13599	0.02624	0.01837	0.02266	0.11759	0.04283	0.11943	0.02031	0.02833	0.01520	0.01942	0.01299	0.01813	0.11153	0.00432	0.14348	0.00671	0.00493	0.01032
35	0.01285	0.00898	0.01081	0.01083	0.01327	0.00800	0.00827	0.01567	0.02057	0.06665	0.22350	0.16178	0.30380	0.02065	0.01025	0.00300	0.00489	0.07985	0.00846	0.00791
36	0.01956	0.01931	0.02835	0.04086	0.46855	0.06568	0.02129	0.02380	0.01973	0.02628	0.03046	0.03335	0.14512	0.01059	0.00871	0.00257	0.00929	0.00959	0.00500	0.01190
37	0.01989	0.01866	0.03106	0.26399	0.41895	0.02006	0.02481	0.05218	0.01953	0.02694	0.01591	0.02159	0.01280	0.00802	0.00846	0.00263	0.01049	0.00758	0.00427	0.01216
38	0.01965	0.09196	0.02523	0.01951	0.02243	0.15493	0.06439	0.02252	0.01660	0.02081	0.01624	0.02299	0.01480	0.02940	0.24481	0.00664	0.18618	0.00754	0.00420	0.00917
39	0.01409	0.00948	0.01058	0.01010	0.01334	0.00811	0.00787	0.01662	0.02028	0.10603	0.10241	0.07518	0.49219	0.02006	0.00999	0.00291	0.00494	0.05928	0.00831	0.00823
40	0.01408	0.01265	0.02203	0.02022	0.06766	0.01186	0.15856	0.01808	0.02014	0.02763	0.23330	0.24583	0.07787	0.01721	0.01017	0.00296	0.00730	0.01633	0.00722	0.00890
41	0.02579	0.02438	0.02354	0.02371	0.12495	0.17256	0.01621	0.21669	0.12623	0.03498	0.02851	0.02884	0.09394	0.01108	0.00852	0.00256	0.00983	0.00874	0.00679	0.01216
42	0.01299	0.01025	0.01491	0.01444	0.01566	0.01240	0.01124	0.01565	0.01350	0.01960	0.02163	0.03322	0.02072	0.10513	0.54012	0.01202	0.10523	0.00915	0.00450	0.00763
43	0.01067	0.00776	0.00976	0.01106	0.01194	0.00717	0.00743	0.01228	0.01690	0.02231	0.09635	0.49799	0.13369	0.09563	0.01408	0.00382	0.00513	0.02145	0.00773	0.00685
44	0.01963	0.01881	0.02828	0.12446	0.39541	0.06347	0.02252	0.02433	0.01945	0.02603	0.02176	0.03653	0.02044	0.01111	0.00908	0.00283	0.01017	0.12925	0.00493	0.01152
45	0.02708	0.02356	0.03038	0.07838	0.17279	0.07358	0.08950	0.32452	0.03002	0.03972	0.01808	0.02065	0.01356	0.00902	0.00861	0.00258	0.01073	0.00775	0.00636	0.01316
46	0.01509	0.01164	0.01252	0.01249	0.01504	0.04072	0.00924	0.02056	0.11199	0.06681	0.09131	0.25857	0.21322	0.04036	0.01095	0.00321	0.00585	0.04369	0.00803	0.00869
47	0.02825	0.03090	0.02466	0.02459	0.10658	0.35744	0.01705	0.11762	0.15285	0.02944	0.01904	0.02024	0.01492	0.00940	0.00810	0.00243	0.01202	0.00693	0.00584	0.01174
48	0.01686	0.01592	0.02138	0.15909	0.15726	0.08261	0.01694	0.02085	0.01745	0.02307	0.06698	0.02910	0.02112	0.03138	0.27462	0.00707	0.01556	0.00859	0.00468	0.00948
49	0.02173	0.02303	0.02743	0.08222	0.27628	0.17332	0.02050	0.02539	0.01859	0.02351	0.01532	0.02096	0.01331	0.01610	0.09314	0.00405	0.12278	0.00725	0.00418	0.01091

[dist]
# distance from previous block
# <min> <max>
0	1

[block]
# block no. 3 follows, 21 sequences, length 15
# corresponding to MSA columns:
# 326-340
name=unknown_D
#
# <colnr> <probs for GDERKNQSTAVLIFYWHMCP>
#	G	D	E	R	K	N	Q	S	T	A	V	L	I	F	Y	W	H	M	C	P
0	0.01008	0.00854	0.00870	0.00882	0.01155	0.00717	0.00656	0.01219	0.01920	0.02291	0.08375	0.12035	0.60752	0.02187	0.01011	0.00291	0.00435	0.01835	0.00790	0.00717
1	0.01334	0.01261	0.05533	0.01380	0.01701	0.01014	0.06366	0.01635	0.01779	0.02465	0.15686	0.18365	0.08878	0.17822	0.01749	0.00402	0.00698	0.01441	0.00661	0.09832
2	0.01954	0.01953	0.03505	0.08630	0.25370	0.01845	0.21808	0.02505	0.01902	0.02713	0.01613	0.02101	0.01292	0.00722	0.00847	0.00237	0.01071	0.00780	0.00441	0.18712
3	0.01860	0.01907	0.02743	0.02194	0.02632	0.12269	0.22748	0.02269	0.01791	0.02329	0.02013	0.02925	0.01780	0.10738	0.18780	0.00620	0.01509	0.00914	0.07068	0.00909
4	0.01113	0.00842	0.01028	0.01033	0.01229	0.00756	0.00755	0.01411	0.02118	0.02843	0.36299	0.19461	0.23920	0.02045	0.01021	0.00289	0.00428	0.01789	0.00865	0.00756
5	0.01019	0.00809	0.00917	0.01003	0.01187	0.00707	0.00709	0.01205	0.01804	0.02244	0.06901	0.35037	0.38702	0.02379	0.01041	0.00313	0.00458	0.02069	0.00790	0.00707
6	0.01694	0.01708	0.10087	0.01801	0.06512	0.01383	0.05124	0.02174	0.04789	0.09540	0.05165	0.05078	0.31364	0.01552	0.01128	0.00289	0.07672	0.01268	0.00676	0.00994
7	0.01411	0.01059	0.01366	0.01291	0.01422	0.01240	0.00996	0.01665	0.01507	0.02273	0.02983	0.03866	0.09639	0.11383	0.22613	0.00693	0.14782	0.00998	0.18047	0.00767
8	0.01206	0.00843	0.01078	0.01102	0.01157	0.00886	0.00726	0.01322	0.01327	0.01819	0.02796	0.12635	0.03090	0.41275	0.24120	0.00942	0.01255	0.01276	0.00530	0.00616
9	0.02322	0.09234	0.17314	0.02000	0.02619	0.27918	0.01857	0.03007	0.09470	0.02384	0.01763	0.02058	0.01433	0.01724	0.10859	0.00412	0.01423	0.00665	0.00468	0.01069
10	0.02011	0.20916	0.02861	0.15637	0.03002	0.15103	0.06206	0.02363	0.01933	0.02191	0.02913	0.03329	0.13701	0.01128	0.00806	0.00248	0.01025	0.03181	0.00488	0.00959
11	0.01369	0.01033	0.01552	0.01768	0.09175	0.01148	0.01196	0.01709	0.01488	0.02219	0.02257	0.03172	0.02039	0.05040	0.50633	0.01089	0.01895	0.00879	0.09503	0.00836
12	0.01032	0.00829	0.00921	0.00969	0.01184	0.00718	0.00700	0.01245	0.01896	0.02362	0.12437	0.24899	0.43308	0.02259	0.01028	0.00302	0.00446	0.01945	0.00803	0.00718
13	0.02271	0.02362	0.02931	0.08164	0.35813	0.15097	0.02188	0.02930	0.09449	0.02637	0.01727	0.02113	0.01417	0.00894	0.00982	0.00262	0.06334	0.00740	0.00472	0.01216
14	0.01496	0.01286	0.01980	0.22960	0.10653	0.01367	0.04047	0.01931	0.01857	0.02462	0.03886	0.05173	0.16623	0.01450	0.00935	0.00295	0.00834	0.12756	0.07105	0.00904

[dist]
# distance from previous block
# <min> <max>
0	56

[block]
# block no. 4 follows, 21 sequences, length 28
# corresponding to MSA columns:
# 403-430
name=unknown_E
#
# <colnr> <probs for GDERKNQSTAVLIFYWHMCP>
#	G	D	E	R	K	N	Q	S	T	A	V	L	I	F	Y	W	H	M	C	P
0	0.02118	0.02225	0.03484	0.16565	0.33437	0.09754	0.14804	0.02646	0.01964	0.02569	0.01575	0.02109	0.01265	0.00782	0.00869	0.00262	0.01186	0.00784	0.00417	0.01186
1	0.02447	0.02727	0.01990	0.01811	0.02199	0.35061	0.01382	0.07765	0.07466	0.02489	0.02650	0.02889	0.09303	0.02127	0.13458	0.00457	0.01417	0.00826	0.00556	0.00979
2	0.02393	0.09646	0.02438	0.15616	0.02957	0.20015	0.01592	0.13887	0.02273	0.02723	0.01709	0.02346	0.01465	0.09193	0.01288	0.00314	0.04208	0.00727	0.04199	0.01009
3	0.01083	0.00860	0.00943	0.00925	0.01158	0.00752	0.00674	0.01326	0.01990	0.02527	0.22832	0.07422	0.42872	0.09284	0.01360	0.00339	0.00465	0.01668	0.00800	0.00719
4	0.76103	0.01646	0.01251	0.01119	0.01646	0.01909	0.00922	0.02502	0.01448	0.03818	0.01185	0.01382	0.00922	0.00790	0.00527	0.00263	0.00658	0.00461	0.00527	0.00922
5	0.01260	0.00898	0.01299	0.01299	0.01456	0.01031	0.01008	0.01575	0.01418	0.02119	0.02339	0.03323	0.02134	0.05738	0.58814	0.01228	0.02054	0.00898	0.09347	0.00764
6	0.01187	0.00856	0.01122	0.01083	0.01267	0.00791	0.00802	0.01561	0.02326	0.03280	0.57979	0.13089	0.07774	0.01838	0.01013	0.00276	0.00411	0.01633	0.00921	0.00791
7	0.01707	0.04402	0.65683	0.02426	0.03683	0.01976	0.03144	0.02695	0.01797	0.02695	0.01527	0.01797	0.01078	0.00809	0.00809	0.00270	0.01258	0.00629	0.00359	0.01258
8	0.01707	0.04402	0.65683	0.02426	0.03683	0.01976	0.03144	0.02695	0.01797	0.02695	0.01527	0.01797	0.01078	0.00809	0.00809	0.00270	0.01258	0.00629	0.00359	0.01258
9	0.03056	0.13146	0.02691	0.02092	0.02570	0.58028	0.01619	0.03282	0.02318	0.02072	0.01297	0.01512	0.01096	0.00857	0.00737	0.00214	0.01449	0.00535	0.00428	0.01001
10	0.01037	0.00741	0.00987	0.01185	0.01234	0.00691	0.00790	0.01185	0.01629	0.02172	0.04690	0.69537	0.05629	0.02666	0.01086	0.00346	0.00494	0.02419	0.00790	0.00691
11	0.01238	0.00825	0.00928	0.00928	0.00928	0.00825	0.00516	0.01238	0.01238	0.01650	0.02681	0.05569	0.03094	0.70092	0.04331	0.00825	0.00825	0.01238	0.00516	0.00516
12	0.02601	0.01592	0.01813	0.01472	0.01890	0.01654	0.01121	0.26563	0.02618	0.16764	0.02566	0.03564	0.02213	0.27248	0.02173	0.00473	0.00849	0.00964	0.00767	0.01094
13	0.01166	0.00967	0.01033	0.00998	0.01288	0.00885	0.00754	0.01653	0.08571	0.02666	0.19722	0.07272	0.46052	0.01962	0.00990	0.00283	0.00451	0.01653	0.00829	0.00803
14	0.01765	0.01513	0.01765	0.01260	0.02017	0.01134	0.01008	0.02143	0.01765	0.02773	0.01513	0.01765	0.01260	0.00630	0.00630	0.00126	0.00630	0.00504	0.00504	0.75295
15	0.02041	0.01598	0.01909	0.01566	0.02042	0.01654	0.01255	0.20880	0.02331	0.03296	0.02078	0.06909	0.01840	0.02480	0.18474	0.00528	0.05385	0.00842	0.00613	0.22281
16	0.01226	0.00872	0.01164	0.01164	0.01245	0.00953	0.00809	0.01389	0.01307	0.01824	0.02466	0.04376	0.02576	0.35952	0.37763	0.01116	0.01604	0.01063	0.00484	0.00646
17	0.01034	0.00754	0.00974	0.01151	0.01225	0.00694	0.00775	0.01189	0.01662	0.02186	0.05109	0.63000	0.11895	0.02612	0.01078	0.00339	0.00487	0.02353	0.00790	0.00694
18	0.01391	0.01326	0.04676	0.01737	0.01968	0.01293	0.10072	0.01695	0.01682	0.02377	0.05904	0.38198	0.03905	0.01948	0.01308	0.00325	0.11944	0.01706	0.05711	0.00835
19	0.09763	0.01848	0.02364	0.06375	0.02654	0.09236	0.13675	0.02272	0.01813	0.02616	0.02029	0.12364	0.01942	0.03706	0.00941	0.00257	0.00929	0.00947	0.00519	0.23749
20	0.11013	0.06693	0.02309	0.04649	0.15253	0.11741	0.01564	0.10329	0.04663	0.02943	0.02238	0.14915	0.02158	0.01478	0.04096	0.00320	0.00986	0.01006	0.00579	0.01068
21	0.21502	0.05522	0.12809	0.01937	0.05919	0.10085	0.01666	0.11705	0.04425	0.03235	0.01786	0.06442	0.01529	0.01250	0.03710	0.00313	0.03779	0.00748	0.00546	0.01093
22	0.21134	0.02342	0.06634	0.02439	0.14188	0.12351	0.04646	0.07702	0.08733	0.03153	0.01748	0.02036	0.01389	0.01331	0.06369	0.00352	0.01108	0.00688	0.00534	0.01123
23	0.01973	0.13393	0.02562	0.01997	0.06386	0.14798	0.04247	0.02246	0.01799	0.02168	0.02806	0.03142	0.13395	0.01869	0.09105	0.00401	0.15394	0.00892	0.00480	0.00946
24	0.02331	0.02265	0.02032	0.02078	0.09553	0.21362	0.01424	0.05647	0.15085	0.05834	0.12883	0.03227	0.05369	0.01141	0.00842	0.00251	0.00915	0.00918	0.05750	0.01091
25	0.08472	0.06080	0.12358	0.05711	0.17986	0.23466	0.02072	0.09049	0.02229	0.02829	0.01486	0.01780	0.01179	0.00838	0.00775	0.00244	0.01186	0.00632	0.00466	0.01162
26	0.07460	0.02284	0.02565	0.02123	0.02657	0.15459	0.12968	0.10210	0.15054	0.06002	0.02402	0.03086	0.01980	0.01354	0.04152	0.00332	0.01124	0.07009	0.00648	0.01132
27	0.19105	0.02482	0.15478	0.02265	0.12679	0.08701	0.01788	0.02753	0.09213	0.02970	0.02137	0.05534	0.04280	0.00983	0.00761	0.00257	0.00919	0.00774	0.00528	0.06391

[dist]
# distance from previous block
# <min> <max>
20	99

[block]
# block no. 5 follows, 21 sequences, length 40
# corresponding to MSA columns:
# 530-569
name=unknown_F
#
# <colnr> <probs for GDERKNQSTAVLIFYWHMCP>
#	G	D	E	R	K	N	Q	S	T	A	V	L	I	F	Y	W	H	M	C	P
0	0.11066	0.05768	0.02250	0.02145	0.08438	0.31736	0.01524	0.02680	0.01965	0.02350	0.01917	0.02269	0.05444	0.01696	0.09461	0.00392	0.06768	0.00701	0.00464	0.00968
1	0.01562	0.05322	0.06030	0.01997	0.12892	0.06965	0.01354	0.01969	0.04672	0.02407	0.04809	0.18400	0.24960	0.01692	0.00929	0.00281	0.00735	0.01447	0.00646	0.00932
2	0.02489	0.06603	0.06764	0.03328	0.27252	0.27712	0.02090	0.02877	0.02068	0.02422	0.01434	0.01794	0.01203	0.00836	0.00878	0.00237	0.04435	0.00639	0.00423	0.04516
3	0.04589	0.07168	0.01384	0.03746	0.01386	0.01193	0.00770	0.03894	0.01529	0.02056	0.03240	0.09296	0.10029	0.42923	0.02945	0.00604	0.00774	0.01240	0.00561	0.00675
4	0.02490	0.06840	0.02388	0.06948	0.02576	0.15813	0.01518	0.14151	0.05559	0.06333	0.01756	0.02104	0.01422	0.04094	0.01192	0.00267	0.09945	0.00689	0.00570	0.13344
5	0.01869	0.43349	0.03107	0.01277	0.01730	0.02389	0.01122	0.02053	0.01545	0.01884	0.01744	0.02872	0.01815	0.23950	0.05822	0.00466	0.00965	0.00741	0.00420	0.00882
6	0.02215	0.02295	0.03180	0.03360	0.23208	0.12868	0.15948	0.05328	0.09286	0.02805	0.02149	0.05708	0.01871	0.01018	0.00904	0.00273	0.01118	0.04752	0.00537	0.01177
7	0.01216	0.00912	0.01368	0.01368	0.01520	0.01064	0.01064	0.01520	0.01368	0.01976	0.02279	0.03343	0.02127	0.06382	0.66720	0.01368	0.02279	0.00912	0.00456	0.00760
8	0.01046	0.00864	0.00918	0.00904	0.01174	0.00736	0.00678	0.01299	0.02035	0.02524	0.19889	0.07819	0.53029	0.02071	0.01005	0.00283	0.00425	0.01744	0.00820	0.00736
9	0.03235	0.02384	0.02554	0.01958	0.02639	0.02639	0.01618	0.61946	0.04001	0.05363	0.02043	0.02043	0.01447	0.01022	0.00851	0.00255	0.00936	0.00766	0.00851	0.01447
10	0.01169	0.00868	0.01088	0.01033	0.01249	0.00788	0.00775	0.01537	0.02325	0.03213	0.54325	0.06686	0.18164	0.01814	0.01004	0.00271	0.00407	0.01585	0.00910	0.00788
11	0.01707	0.04402	0.65683	0.02426	0.03683	0.01976	0.03144	0.02695	0.01797	0.02695	0.01527	0.01797	0.01078	0.00809	0.00809	0.00270	0.01258	0.00629	0.00359	0.01258
12	0.01028	0.00774	0.00953	0.01097	0.01211	0.00699	0.00751	0.01195	0.01714	0.02207	0.05766	0.52754	0.21717	0.02526	0.01064	0.00330	0.00477	0.02249	0.00790	0.00699
13	0.02106	0.02022	0.03454	0.05223	0.64784	0.02022	0.02612	0.02612	0.01938	0.02780	0.01601	0.02106	0.01348	0.00758	0.00842	0.00253	0.01011	0.00758	0.00421	0.01348
14	0.01058	0.00749	0.00981	0.01158	0.01202	0.00705	0.00761	0.01190	0.01588	0.02118	0.04479	0.62819	0.05362	0.09748	0.01427	0.00396	0.00529	0.02295	0.00761	0.00673
15	0.02106	0.02022	0.03454	0.05223	0.64784	0.02022	0.02612	0.02612	0.01938	0.02780	0.01601	0.02106	0.01348	0.00758	0.00842	0.00253	0.01011	0.00758	0.00421	0.01348
16	0.01586	0.00793	0.00793	0.00793	0.00991	0.00793	0.00595	0.01983	0.01785	0.03173	0.02776	0.03173	0.02181	0.00991	0.00595	0.00198	0.00397	0.00793	0.74817	0.00793
17	0.76103	0.01646	0.01251	0.01119	0.01646	0.01909	0.00922	0.02502	0.01448	0.03818	0.01185	0.01382	0.00922	0.00790	0.00527	0.00263	0.00658	0.00461	0.00527	0.00922
18	0.01189	0.00890	0.01135	0.01261	0.01452	0.00835	0.01013	0.01481	0.01910	0.02450	0.09264	0.21765	0.21703	0.02327	0.01099	0.00346	0.00602	0.27734	0.00796	0.00747
19	0.02388	0.02117	0.11712	0.02208	0.08887	0.01706	0.06753	0.07096	0.12545	0.16855	0.02464	0.05521	0.01875	0.00980	0.00835	0.00250	0.00871	0.00853	0.00687	0.13397
20	0.02275	0.70604	0.04459	0.01456	0.02184	0.03367	0.01456	0.02548	0.01729	0.02002	0.01183	0.01365	0.01092	0.00728	0.00546	0.00182	0.00910	0.00455	0.00364	0.01092
21	0.01216	0.00912	0.01368	0.01368	0.01520	0.01064	0.01064	0.01520	0.01368	0.01976	0.02279	0.03343	0.02127	0.06382	0.66720	0.01368	0.02279	0.00912	0.00456	0.00760
22	0.06680	0.02798	0.02962	0.02687	0.10714	0.25901	0.14432	0.13396	0.02457	0.03050	0.01649	0.01950	0.01288	0.00856	0.00819	0.00245	0.01224	0.00720	0.05039	0.01133
23	0.02688	0.40185	0.03523	0.01793	0.02388	0.32306	0.01542	0.02937	0.02041	0.02039	0.01244	0.01443	0.01094	0.00796	0.00647	0.00199	0.01196	0.00498	0.00398	0.01044
24	0.01354	0.00967	0.01352	0.01548	0.01736	0.00965	0.01342	0.01734	0.01942	0.02528	0.04515	0.12626	0.04935	0.02367	0.01171	0.00389	0.00769	0.56196	0.00784	0.00779
25	0.01177	0.00830	0.01016	0.01058	0.01195	0.00818	0.00746	0.01387	0.01624	0.02239	0.07264	0.20226	0.16491	0.15290	0.15555	0.00616	0.00904	0.01522	0.09345	0.00697
26	0.02275	0.70604	0.04459	0.01456	0.02184	0.03367	0.01456	0.02548	0.01729	0.02002	0.01183	0.01365	0.01092	0.00728	0.00546	0.00182	0.00910	0.00455	0.00364	0.01092
27	0.01770	0.01679	0.02847	0.47493	0.25139	0.01934	0.02445	0.02317	0.01779	0.02373	0.01541	0.02216	0.01204	0.00821	0.00848	0.00274	0.01094	0.00757	0.00392	0.01077
28	0.01216	0.00912	0.01368	0.01368	0.01520	0.01064	0.01064	0.01520	0.01368	0.01976	0.02279	0.03343	0.02127	0.06382	0.66720	0.01368	0.02279	0.00912	0.00456	0.00760
29	0.03179	0.04056	0.02412	0.02192	0.02631	0.66676	0.01644	0.03398	0.02412	0.02083	0.01315	0.01535	0.01096	0.00877	0.00767	0.00219	0.01535	0.00548	0.00438	0.00987
30	0.01051	0.00870	0.00925	0.00929	0.01201	0.00744	0.00709	0.01299	0.01996	0.02444	0.14895	0.08061	0.54209	0.02119	0.01016	0.00291	0.00449	0.05251	0.00807	0.00732
31	0.01995	0.02256	0.04802	0.03464	0.04246	0.02193	0.56247	0.02664	0.01944	0.02664	0.01667	0.02256	0.01275	0.00788	0.01167	0.00295	0.07542	0.00981	0.00425	0.01128
32	0.02009	0.02296	0.05022	0.03587	0.04448	0.02152	0.61693	0.02726	0.02009	0.02726	0.01722	0.02296	0.01291	0.00717	0.01004	0.00287	0.01435	0.01004	0.00430	0.01148
33	0.01061	0.00786	0.00976	0.01090	0.01204	0.00717	0.00747	0.01245	0.01765	0.02316	0.12393	0.45837	0.18128	0.06049	0.01233	0.00350	0.00487	0.02122	0.00793	0.00701
34	0.01006	0.00862	0.00862	0.00862	0.01149	0.00718	0.00647	0.01221	0.01940	0.02299	0.08621	0.08190	0.64438	0.02155	0.01006	0.00287	0.00431	0.01796	0.00790	0.00718
35	0.02106	0.02022	0.03454	0.05223	0.64784	0.02022	0.02612	0.02612	0.01938	0.02780	0.01601	0.02106	0.01348	0.00758	0.00842	0.00253	0.01011	0.00758	0.00421	0.01348
