[name]
unknown

[dist]
# distance from previous block
# <min> <max>
12	29

[block]
# block no. 0 follows, 22 sequences, length 42
# corresponding to MSA columns:
# 29-70
name=unknown_A
#
# <colnr> <probs for GDERKNQSTAVLIFYWHMCP>
#	G	D	E	R	K	N	Q	S	T	A	V	L	I	F	Y	W	H	M	C	P
0	0.01851	0.03780	0.48551	0.02932	0.16691	0.06584	0.02855	0.02662	0.01826	0.02606	0.01491	0.01800	0.01110	0.00784	0.00793	0.00256	0.01196	0.00635	0.00369	0.01228
1	0.02059	0.02113	0.02661	0.03000	0.22928	0.14091	0.08282	0.02793	0.12340	0.02542	0.01970	0.02403	0.01631	0.01988	0.14988	0.00481	0.01335	0.00793	0.00496	0.01107
2	0.02717	0.03051	0.02324	0.10810	0.02893	0.40472	0.01648	0.12456	0.02398	0.02572	0.01473	0.01784	0.01190	0.01173	0.04394	0.00289	0.03596	0.00619	0.00485	0.03655
3	0.01671	0.03725	0.52958	0.13092	0.07225	0.01918	0.02920	0.02546	0.01746	0.02554	0.01492	0.01843	0.01075	0.00793	0.00798	0.00264	0.01196	0.00640	0.00357	0.01184
4	0.03269	0.05316	0.02427	0.01770	0.02431	0.02241	0.01474	0.44010	0.03386	0.21678	0.02304	0.02190	0.01572	0.00992	0.00818	0.00248	0.00857	0.00757	0.00862	0.01397
5	0.00982	0.00842	0.00842	0.00842	0.01122	0.00701	0.00631	0.01192	0.01894	0.02244	0.08416	0.07995	0.65285	0.02104	0.00982	0.00281	0.00421	0.01753	0.00771	0.00701
6	0.00982	0.00842	0.00842	0.00842	0.01122	0.00701	0.00631	0.01192	0.01894	0.02244	0.08416	0.07995	0.65285	0.02104	0.00982	0.00281	0.00421	0.01753	0.00771	0.00701
7	0.01755	0.01463	0.01706	0.01254	0.01929	0.01166	0.01001	0.05886	0.01928	0.02934	0.08339	0.02220	0.01950	0.00756	0.00668	0.00146	0.00610	0.00617	0.00559	0.63113
8	0.01273	0.01031	0.01437	0.15765	0.02358	0.01037	0.01226	0.01589	0.01729	0.02278	0.04055	0.26979	0.11968	0.01876	0.00971	0.00303	0.00683	0.13973	0.00653	0.08813
9	0.01750	0.03797	0.52910	0.02956	0.16949	0.01939	0.02957	0.02613	0.01784	0.02649	0.01506	0.01819	0.01109	0.00779	0.00796	0.00260	0.01176	0.00641	0.00364	0.01247
10	0.02830	0.03505	0.02395	0.02149	0.02486	0.53686	0.01650	0.03037	0.02125	0.02026	0.01243	0.01566	0.01074	0.00983	0.01169	0.00246	0.15889	0.00576	0.00414	0.00952
11	0.02173	0.02716	0.13930	0.04118	0.44062	0.13404	0.02473	0.02697	0.01949	0.02581	0.01502	0.01907	0.01228	0.00769	0.00804	0.00244	0.01117	0.00683	0.00404	0.01239
12	0.01655	0.01584	0.02711	0.29240	0.07938	0.01720	0.14927	0.02375	0.08423	0.02474	0.02718	0.03697	0.07656	0.01122	0.00916	0.00289	0.01011	0.08034	0.00518	0.00993
13	0.01021	0.00843	0.00895	0.00882	0.01146	0.00718	0.00662	0.01267	0.01985	0.02462	0.19764	0.07637	0.53802	0.02023	0.00981	0.00277	0.00415	0.01703	0.00800	0.00718
14	0.01759	0.00982	0.01305	0.01165	0.01461	0.00890	0.00908	0.02135	0.02338	0.17493	0.48452	0.05586	0.06394	0.01574	0.00955	0.00266	0.00480	0.03998	0.00933	0.00925
15	0.01119	0.00843	0.00988	0.01020	0.01178	0.00754	0.00687	0.01265	0.01582	0.02076	0.04767	0.31712	0.19615	0.19650	0.01806	0.00422	0.00561	0.01743	0.00678	0.07535
16	0.02032	0.01660	0.01889	0.01377	0.02100	0.01424	0.01112	0.15172	0.02193	0.03251	0.01588	0.01781	0.01270	0.00697	0.00662	0.00150	0.00680	0.00547	0.00565	0.59851
17	0.01772	0.01373	0.01685	0.01474	0.01608	0.01668	0.01139	0.10312	0.01724	0.02574	0.02005	0.03166	0.01917	0.21448	0.02441	0.00440	0.25136	0.00880	0.16404	0.00833
18	0.01697	0.01821	0.12514	0.10070	0.09093	0.05986	0.01546	0.02191	0.01750	0.02656	0.02076	0.02555	0.01654	0.01453	0.07860	0.00345	0.00958	0.00735	0.32104	0.00937
19	0.01278	0.00850	0.01141	0.01141	0.01280	0.00943	0.00855	0.01557	0.01417	0.02171	0.02396	0.03515	0.02216	0.13616	0.42691	0.00986	0.01586	0.00905	0.18739	0.00718
20	0.02305	0.02130	0.02782	0.22642	0.25346	0.09110	0.02131	0.17778	0.02384	0.03106	0.01617	0.02027	0.01253	0.00844	0.00819	0.00253	0.01059	0.00720	0.00507	0.01187
21	0.02187	0.02272	0.02515	0.08190	0.24964	0.18142	0.01872	0.02989	0.15140	0.02576	0.01944	0.02281	0.01579	0.01447	0.07959	0.00365	0.01186	0.00747	0.00508	0.01136
22	0.01793	0.01168	0.01372	0.04361	0.01672	0.01279	0.00998	0.14755	0.02088	0.03189	0.02369	0.02867	0.01915	0.02393	0.18770	0.00518	0.01031	0.00798	0.35758	0.00908
23	0.01198	0.00946	0.00987	0.00931	0.01261	0.00810	0.00709	0.01521	0.04800	0.05269	0.07575	0.07195	0.56041	0.01930	0.00949	0.00271	0.00455	0.01606	0.00772	0.04773
24	0.01082	0.00869	0.00981	0.01019	0.01271	0.00768	0.00808	0.01349	0.01940	0.02400	0.12695	0.08148	0.46054	0.02111	0.01020	0.00302	0.00498	0.15179	0.00783	0.00724
25	0.02360	0.02707	0.03207	0.06302	0.18397	0.25674	0.15677	0.02763	0.01987	0.02341	0.01427	0.01875	0.01177	0.00865	0.01067	0.00258	0.09710	0.00719	0.00411	0.01076
26	0.03109	0.03784	0.02369	0.02116	0.02569	0.60512	0.01602	0.09700	0.02521	0.02376	0.01360	0.01551	0.01107	0.00871	0.00758	0.00218	0.01436	0.00558	0.00471	0.01011
27	0.02561	0.01732	0.01909	0.01604	0.02120	0.01891	0.01279	0.17389	0.32524	0.15212	0.02975	0.02798	0.02150	0.01063	0.00812	0.00260	0.00696	0.00859	0.08870	0.01297
28	0.01170	0.00795	0.00902	0.00931	0.00978	0.00773	0.00562	0.01232	0.01365	0.01825	0.03543	0.15496	0.10032	0.49817	0.03229	0.00650	0.00696	0.01423	0.04020	0.00563
29	0.02291	0.01685	0.01868	0.01590	0.02003	0.01823	0.01234	0.36473	0.05343	0.03914	0.02919	0.24094	0.02875	0.06463	0.01146	0.00318	0.00758	0.01304	0.00789	0.01109
30	0.09113	0.30758	0.03293	0.02433	0.18224	0.07198	0.01671	0.06590	0.08595	0.02686	0.01559	0.01760	0.01294	0.00797	0.00672	0.00221	0.00911	0.00598	0.00472	0.01155
31	0.01040	0.00882	0.00902	0.00890	0.01174	0.00764	0.00670	0.01352	0.04556	0.02365	0.11800	0.07674	0.58989	0.02037	0.00976	0.00279	0.00429	0.01703	0.00784	0.00733
32	0.01318	0.00857	0.01113	0.01220	0.01343	0.00814	0.00846	0.04636	0.01769	0.06828	0.04349	0.61860	0.05034	0.02406	0.01032	0.00327	0.00521	0.02168	0.00793	0.00766
33	0.02592	0.02059	0.02603	0.09365	0.16380	0.02270	0.01828	0.38016	0.03017	0.04083	0.01951	0.05664	0.01566	0.01029	0.00916	0.00261	0.03615	0.00831	0.00672	0.01283
34	0.01759	0.01510	0.01739	0.01280	0.01989	0.01210	0.01020	0.02341	0.08412	0.02789	0.01681	0.01870	0.01370	0.00670	0.00640	0.00140	0.00620	0.00540	0.00530	0.67889
35	0.01197	0.00926	0.01112	0.01131	0.01355	0.00881	0.00870	0.01666	0.07273	0.02721	0.25141	0.15582	0.23785	0.01988	0.01007	0.00298	0.00495	0.10965	0.00823	0.00786
36	0.02064	0.29238	0.17159	0.02685	0.19946	0.07062	0.02080	0.02541	0.01787	0.02314	0.01406	0.01737	0.01186	0.01040	0.04256	0.00279	0.01103	0.00593	0.00380	0.01145
37	0.01723	0.01069	0.01221	0.01095	0.01466	0.00971	0.00851	0.02207	0.08722	0.16556	0.13056	0.06135	0.38274	0.01718	0.00935	0.00273	0.00506	0.01436	0.00852	0.00933
38	0.01718	0.02044	0.11480	0.26300	0.04125	0.01729	0.16931	0.02316	0.01763	0.02475	0.01529	0.02032	0.01170	0.00737	0.00806	0.00236	0.01068	0.00718	0.00411	0.20412
39	0.01396	0.01174	0.01641	0.05076	0.01766	0.01464	0.01198	0.01591	0.01313	0.01890	0.02042	0.06237	0.02109	0.20242	0.25863	0.00811	0.22027	0.00975	0.00445	0.00740
40	0.06546	0.02429	0.01900	0.01634	0.02085	0.24705	0.01276	0.21573	0.02637	0.03342	0.02515	0.02622	0.08238	0.01049	0.00758	0.00231	0.00959	0.00770	0.13692	0.01040
41	0.02405	0.39863	0.03649	0.02381	0.15719	0.18945	0.01707	0.02707	0.01897	0.02135	0.01274	0.01527	0.01120	0.00753	0.00648	0.00201	0.01061	0.00530	0.00385	0.01094

[dist]
# distance from previous block
# <min> <max>
0	1

[block]
# block no. 1 follows, 22 sequences, length 8
# corresponding to MSA columns:
# 72-79
name=unknown_B
#
# <colnr> <probs for GDERKNQSTAVLIFYWHMCP>
#	G	D	E	R	K	N	Q	S	T	A	V	L	I	F	Y	W	H	M	C	P
0	0.08976	0.00971	0.01050	0.01054	0.01301	0.00944	0.00780	0.01653	0.06922	0.02694	0.18086	0.21425	0.27315	0.01921	0.00941	0.00288	0.00472	0.01645	0.00780	0.00783
1	0.01423	0.01305	0.01177	0.01234	0.01347	0.12096	0.00828	0.01542	0.01629	0.01967	0.03679	0.36324	0.07520	0.21831	0.01911	0.00447	0.00744	0.01684	0.00636	0.00676
2	0.02963	0.03485	0.02302	0.02053	0.02512	0.51557	0.01562	0.09652	0.11180	0.02568	0.01652	0.01774	0.01311	0.00909	0.00771	0.00227	0.01320	0.00614	0.00528	0.01059
3	0.02321	0.01698	0.02196	0.09161	0.13404	0.01802	0.01585	0.07449	0.25933	0.14525	0.02883	0.02849	0.04684	0.01020	0.00831	0.00261	0.00774	0.00866	0.00732	0.05027
4	0.03103	0.03959	0.02354	0.02140	0.02568	0.67469	0.01605	0.03317	0.02354	0.02033	0.01284	0.01498	0.01070	0.00856	0.00749	0.00214	0.01498	0.00535	0.00428	0.00963
5	0.01951	0.01389	0.01565	0.01370	0.01690	0.01477	0.01022	0.16942	0.13883	0.06567	0.13464	0.09413	0.03511	0.19930	0.01786	0.00414	0.00702	0.01171	0.00766	0.00985
6	0.02008	0.02208	0.08748	0.04606	0.50154	0.01992	0.12826	0.02575	0.01892	0.02698	0.01577	0.02063	0.01285	0.00737	0.00847	0.00254	0.01077	0.00771	0.00408	0.01275
7	0.23012	0.07159	0.01983	0.01589	0.02072	0.26659	0.01258	0.11051	0.02203	0.02972	0.02340	0.02427	0.10079	0.01018	0.00714	0.00238	0.00989	0.00706	0.00551	0.00979

[dist]
# distance from previous block
# <min> <max>
0	1

[block]
# block no. 2 follows, 22 sequences, length 10
# corresponding to MSA columns:
# 81-90
name=unknown_C
#
# <colnr> <probs for GDERKNQSTAVLIFYWHMCP>
#	G	D	E	R	K	N	Q	S	T	A	V	L	I	F	Y	W	H	M	C	P
0	0.02705	0.02937	0.02343	0.02017	0.02428	0.34255	0.01582	0.13961	0.06710	0.02756	0.01536	0.01777	0.01249	0.01001	0.01145	0.00248	0.14385	0.00637	0.00523	0.05805
1	0.02945	0.03660	0.02508	0.02586	0.12068	0.57601	0.01747	0.03202	0.02285	0.02136	0.01326	0.01582	0.01107	0.00839	0.00760	0.00219	0.01421	0.00566	0.00426	0.01016
2	0.01093	0.00836	0.01002	0.00981	0.01196	0.00745	0.00728	0.01399	0.02125	0.02842	0.39856	0.12130	0.28218	0.01918	0.00987	0.00274	0.00410	0.01663	0.00851	0.00745
3	0.01150	0.00815	0.00890	0.00890	0.00962	0.00779	0.00536	0.01204	0.01384	0.01773	0.04106	0.06093	0.19005	0.53167	0.03395	0.00671	0.00707	0.01348	0.00572	0.00554
4	0.02382	0.01744	0.01908	0.01536	0.01979	0.01873	0.01189	0.37406	0.02828	0.03819	0.02162	0.03083	0.01921	0.22447	0.04953	0.00461	0.00923	0.00878	0.00692	0.05814
5	0.01084	0.00799	0.01041	0.01164	0.01282	0.00719	0.00793	0.01252	0.01604	0.02180	0.04264	0.63313	0.05062	0.02401	0.01015	0.00316	0.00495	0.02172	0.00743	0.08300
6	0.07701	0.01487	0.02388	0.63279	0.05386	0.01847	0.02192	0.02149	0.01641	0.02254	0.01450	0.02144	0.01090	0.00826	0.00805	0.00275	0.01069	0.00715	0.00381	0.00921
7	0.02386	0.02599	0.03052	0.04168	0.45781	0.22583	0.02252	0.02791	0.02037	0.02500	0.01475	0.01881	0.01239	0.00777	0.00799	0.00236	0.01148	0.00676	0.00417	0.01205
8	0.02368	0.02336	0.03167	0.04114	0.43997	0.11892	0.05229	0.11416	0.02257	0.02975	0.01589	0.01973	0.01290	0.00793	0.00820	0.00244	0.01073	0.00722	0.00475	0.01267
9	0.01905	0.01903	0.02479	0.03375	0.36367	0.09406	0.01843	0.02446	0.07079	0.02576	0.03439	0.03601	0.17810	0.01136	0.00857	0.00254	0.00875	0.00992	0.00541	0.01116

[dist]
# distance from previous block
# <min> <max>
3	10

[block]
# block no. 3 follows, 22 sequences, length 20
# corresponding to MSA columns:
# 101-120
name=unknown_D
#
# <colnr> <probs for GDERKNQSTAVLIFYWHMCP>
#	G	D	E	R	K	N	Q	S	T	A	V	L	I	F	Y	W	H	M	C	P
0	0.05919	0.02448	0.18005	0.03078	0.17381	0.02015	0.16592	0.02414	0.01701	0.02555	0.01521	0.02042	0.01238	0.01283	0.06223	0.00362	0.12950	0.00761	0.00399	0.01113
1	0.02165	0.02412	0.06973	0.03961	0.40816	0.12611	0.06900	0.02645	0.01948	0.02593	0.01514	0.01929	0.01247	0.00747	0.00801	0.00233	0.01082	0.00694	0.00419	0.08311
2	0.02169	0.02263	0.10389	0.09503	0.42213	0.02066	0.02415	0.13345	0.02218	0.03108	0.01625	0.02024	0.01286	0.00799	0.00821	0.00252	0.01012	0.00727	0.00476	0.01291
3	0.31768	0.01539	0.01701	0.05263	0.08007	0.01668	0.01231	0.07192	0.06773	0.10738	0.13638	0.02723	0.02543	0.01018	0.00734	0.00259	0.00683	0.00794	0.00680	0.01049
4	0.02680	0.06974	0.02424	0.13456	0.03007	0.41469	0.01659	0.09784	0.02350	0.02423	0.01782	0.02024	0.04630	0.00928	0.00773	0.00230	0.01271	0.00656	0.00479	0.00999
5	0.02137	0.02073	0.01880	0.05442	0.02283	0.15507	0.01332	0.07456	0.31304	0.03099	0.10254	0.03402	0.07891	0.01191	0.00850	0.00263	0.00826	0.00963	0.00732	0.01114
6	0.02220	0.02287	0.06665	0.04420	0.51396	0.07069	0.02413	0.08333	0.02111	0.02896	0.01578	0.01991	0.01292	0.00776	0.00816	0.00245	0.01033	0.00718	0.00449	0.01293
7	0.04463	0.39750	0.03214	0.01562	0.02073	0.14714	0.01382	0.02422	0.01716	0.02021	0.01385	0.01763	0.01260	0.01852	0.13760	0.00421	0.04316	0.00561	0.00392	0.00971
8	0.02262	0.11590	0.02488	0.06912	0.02458	0.20386	0.01553	0.10019	0.02054	0.02440	0.02060	0.02389	0.07271	0.01433	0.05241	0.00327	0.16908	0.00746	0.00483	0.00980
9	0.02008	0.02626	0.18641	0.04304	0.47753	0.04894	0.02633	0.02604	0.01879	0.02663	0.01533	0.01958	0.01241	0.00757	0.00811	0.00249	0.01068	0.00700	0.00397	0.01279
10	0.08979	0.14951	0.20381	0.01995	0.07708	0.02038	0.01849	0.05650	0.01788	0.02699	0.01573	0.05542	0.01367	0.00903	0.00854	0.00232	0.06088	0.00671	0.00448	0.14284
11	0.01726	0.02126	0.10317	0.02762	0.03507	0.01750	0.40871	0.02334	0.01888	0.02568	0.02664	0.08471	0.08940	0.01024	0.00948	0.00275	0.01152	0.01120	0.00486	0.05073
12	0.02917	0.03450	0.02338	0.02185	0.05311	0.52044	0.01601	0.09979	0.02434	0.02423	0.01450	0.01714	0.01197	0.01275	0.05828	0.00305	0.01463	0.00596	0.00475	0.01014
13	0.01918	0.25599	0.02473	0.01405	0.01806	0.13192	0.01161	0.02289	0.05235	0.02330	0.16504	0.03225	0.03035	0.09495	0.06677	0.00377	0.00966	0.00858	0.00549	0.00904
14	0.02268	0.22451	0.09427	0.01987	0.07101	0.18343	0.01629	0.09414	0.02112	0.02507	0.01937	0.13391	0.01885	0.01115	0.00760	0.00236	0.01015	0.00871	0.00503	0.01049
15	0.02034	0.01803	0.01847	0.07095	0.02349	0.09091	0.01266	0.03074	0.23678	0.06385	0.02743	0.04901	0.05707	0.01018	0.00778	0.00226	0.00761	0.00831	0.00654	0.23759
16	0.02513	0.06630	0.02096	0.01758	0.02171	0.41262	0.01349	0.07261	0.02360	0.02441	0.09116	0.03077	0.12300	0.01150	0.00806	0.00231	0.01130	0.00846	0.00561	0.00941
17	0.01369	0.01089	0.01322	0.04279	0.01713	0.01112	0.01055	0.02122	0.14586	0.02878	0.23645	0.06515	0.18084	0.01769	0.00985	0.00298	0.00570	0.14924	0.00811	0.00875
18	0.01562	0.01171	0.01098	0.01074	0.01230	0.08490	0.00762	0.01801	0.01583	0.02330	0.02429	0.03617	0.02254	0.22004	0.14138	0.00585	0.00978	0.00893	0.31291	0.00712
19	0.01800	0.03097	0.31997	0.03981	0.02811	0.12918	0.02113	0.02372	0.01792	0.02385	0.02015	0.14702	0.01916	0.01170	0.00935	0.00263	0.05096	0.00932	0.00457	0.07248

[dist]
# distance from previous block
# <min> <max>
0	1

[block]
# block no. 4 follows, 22 sequences, length 13
# corresponding to MSA columns:
# 122-134
name=unknown_E
#
# <colnr> <probs for GDERKNQSTAVLIFYWHMCP>
#	G	D	E	R	K	N	Q	S	T	A	V	L	I	F	Y	W	H	M	C	P
0	0.02259	0.02558	0.01784	0.01606	0.01989	0.35400	0.01219	0.02507	0.02069	0.02270	0.03021	0.03142	0.15279	0.01144	0.00854	0.00223	0.04043	0.00833	0.09083	0.08716
1	0.01322	0.00878	0.01155	0.01148	0.01331	0.00825	0.00870	0.01642	0.02082	0.06242	0.38769	0.14046	0.06291	0.08467	0.01319	0.00342	0.00520	0.11137	0.00840	0.00775
2	0.14333	0.03349	0.42054	0.02738	0.16521	0.01928	0.02594	0.02582	0.01726	0.02833	0.01450	0.01751	0.01083	0.00776	0.00750	0.00259	0.01078	0.00613	0.00391	0.01192
3	0.02514	0.01912	0.02110	0.01632	0.02257	0.01946	0.01320	0.38493	0.03021	0.04167	0.02097	0.08722	0.01765	0.01043	0.00789	0.00220	0.00781	0.00832	0.00724	0.23653
4	0.01339	0.01037	0.01314	0.01234	0.01251	0.01213	0.00852	0.01413	0.01237	0.01732	0.02238	0.04395	0.02490	0.48224	0.11137	0.00769	0.15972	0.01066	0.00466	0.00619
5	0.02696	0.07134	0.02255	0.01828	0.02327	0.42212	0.01411	0.03055	0.05112	0.05635	0.04853	0.01918	0.01572	0.00872	0.00734	0.00204	0.01171	0.00608	0.00511	0.13892
6	0.02525	0.02196	0.02022	0.01739	0.02177	0.15283	0.01350	0.32807	0.02918	0.03678	0.02598	0.21680	0.02526	0.01434	0.00881	0.00268	0.00908	0.01172	0.00731	0.01107
7	0.01908	0.02007	0.01489	0.01380	0.01714	0.25161	0.01040	0.02157	0.02165	0.05047	0.15810	0.05080	0.28802	0.01529	0.00890	0.00252	0.00822	0.01224	0.00682	0.00842
8	0.02420	0.15509	0.02766	0.01961	0.02431	0.33953	0.08402	0.02722	0.01990	0.02131	0.01533	0.01921	0.01309	0.01679	0.11425	0.00393	0.01432	0.00639	0.04430	0.00954
9	0.01192	0.00865	0.01125	0.01147	0.01199	0.00935	0.00780	0.01316	0.01329	0.01829	0.02846	0.18493	0.03182	0.34440	0.21234	0.00831	0.04750	0.01340	0.00537	0.00628
10	0.01829	0.18355	0.45996	0.02478	0.10376	0.02225	0.02658	0.02591	0.01756	0.02496	0.01427	0.01698	0.01085	0.00767	0.00738	0.00243	0.01128	0.00592	0.00359	0.01203
11	0.15053	0.02785	0.02065	0.01820	0.02306	0.30754	0.01411	0.11902	0.18114	0.03135	0.01897	0.01951	0.01463	0.00931	0.00746	0.00243	0.01060	0.00654	0.00606	0.01106
12	0.01842	0.01924	0.02228	0.01914	0.02163	0.15986	0.10082	0.02097	0.01626	0.02026	0.01887	0.05959	0.01861	0.14223	0.16071	0.00601	0.15315	0.00916	0.00446	0.00835

[dist]
# distance from previous block
# <min> <max>
0	1

[block]
# block no. 5 follows, 22 sequences, length 30
# corresponding to MSA columns:
# 136-165
name=unknown_F
#
# <colnr> <probs for GDERKNQSTAVLIFYWHMCP>
#	G	D	E	R	K	N	Q	S	T	A	V	L	I	F	Y	W	H	M	C	P
0	0.01709	0.01213	0.01341	0.01165	0.01541	0.01169	0.00915	0.14994	0.02462	0.08069	0.17808	0.05927	0.35064	0.01698	0.00937	0.00268	0.00545	0.01412	0.00833	0.00929
1	0.01908	0.02011	0.02074	0.02572	0.21284	0.18417	0.01565	0.02229	0.02015	0.02366	0.03932	0.04684	0.20928	0.01390	0.00895	0.00267	0.00919	0.09008	0.00572	0.00965
2	0.22632	0.09788	0.07172	0.02131	0.14460	0.06513	0.01518	0.02334	0.01831	0.02958	0.15294	0.02613	0.02553	0.00999	0.00815	0.00249	0.03827	0.00768	0.00538	0.01006
3	0.13112	0.02329	0.10063	0.03835	0.41762	0.07031	0.02243	0.02676	0.04293	0.02831	0.01545	0.01915	0.01254	0.00775	0.00768	0.00249	0.00990	0.00675	0.00438	0.01217
4	0.01890	0.01503	0.01643	0.01420	0.01894	0.01541	0.01106	0.08089	0.28804	0.05956	0.03940	0.08854	0.13983	0.01315	0.00844	0.00254	0.00617	0.01099	0.00770	0.14480
5	0.01135	0.00818	0.01136	0.01293	0.01399	0.00820	0.00977	0.01373	0.01631	0.02185	0.04089	0.40988	0.04659	0.03197	0.13515	0.00536	0.00886	0.17941	0.00708	0.00712
6	0.01997	0.01994	0.03639	0.09685	0.47558	0.01992	0.15686	0.02541	0.01889	0.02657	0.01582	0.02109	0.01288	0.00738	0.00858	0.00256	0.01087	0.00793	0.00410	0.01243
7	0.02866	0.03856	0.09688	0.02376	0.07171	0.55390	0.01838	0.03185	0.02253	0.02149	0.01327	0.01567	0.01086	0.00840	0.00759	0.00222	0.01431	0.00559	0.00418	0.01018
8	0.02010	0.01924	0.04810	0.01988	0.09404	0.09111	0.01413	0.03221	0.29451	0.05360	0.03212	0.03649	0.07571	0.09555	0.01259	0.00335	0.00821	0.03119	0.00682	0.01106
9	0.01325	0.00810	0.00940	0.00940	0.01036	0.00838	0.00631	0.01517	0.01421	0.02196	0.02577	0.04202	0.02528	0.34012	0.14776	0.00688	0.00923	0.00995	0.27001	0.00644
10	0.01786	0.01257	0.01377	0.01204	0.01401	0.01331	0.00822	0.19487	0.02008	0.02686	0.02433	0.04416	0.02544	0.50105	0.03221	0.00641	0.00838	0.01072	0.00601	0.00773
11	0.01827	0.03277	0.37650	0.03314	0.20152	0.01975	0.14674	0.02615	0.01831	0.02659	0.01547	0.01930	0.01163	0.00759	0.00836	0.00262	0.01198	0.00720	0.00380	0.01230
12	0.21193	0.02138	0.04715	0.27409	0.06288	0.14155	0.01766	0.02675	0.07398	0.02686	0.01535	0.01913	0.01183	0.00841	0.00733	0.00259	0.01020	0.00640	0.00462	0.00989
13	0.02164	0.02849	0.17013	0.03955	0.40411	0.14038	0.02489	0.02709	0.01947	0.02570	0.01496	0.01887	0.01213	0.00772	0.00802	0.00244	0.01134	0.00675	0.00401	0.01232
14	0.01169	0.00882	0.01056	0.01133	0.01326	0.00824	0.00895	0.01410	0.01775	0.02226	0.05713	0.08083	0.29204	0.14847	0.01648	0.00419	0.00632	0.25349	0.00719	0.00691
15	0.01967	0.14570	0.02105	0.01408	0.01767	0.06923	0.01169	0.09348	0.01918	0.02725	0.01906	0.02332	0.01596	0.01805	0.11683	0.00400	0.08737	0.00692	0.22697	0.04253
16	0.02694	0.08954	0.02382	0.01835	0.02330	0.27304	0.01462	0.22767	0.04855	0.03139	0.02005	0.02192	0.04191	0.01563	0.08328	0.00355	0.01254	0.00706	0.00587	0.01098
17	0.01904	0.01578	0.02164	0.02716	0.25455	0.01607	0.01586	0.02844	0.19862	0.07680	0.04025	0.03982	0.18593	0.01233	0.00872	0.00267	0.00721	0.01072	0.00679	0.01161
18	0.01256	0.00868	0.01228	0.01228	0.01385	0.00988	0.00951	0.01570	0.01413	0.02151	0.02318	0.03232	0.02087	0.05227	0.54750	0.01117	0.01875	0.00868	0.14741	0.00748
19	0.02859	0.01958	0.02140	0.01679	0.02225	0.02121	0.01349	0.46025	0.03285	0.10140	0.02231	0.02618	0.01735	0.11192	0.01317	0.00329	0.00858	0.00824	0.03863	0.01254
20	0.02619	0.03049	0.02089	0.01900	0.02329	0.42226	0.01439	0.03484	0.21167	0.02490	0.02488	0.02501	0.06599	0.01038	0.00797	0.00240	0.01156	0.00755	0.00583	0.01050
21	0.01282	0.00935	0.01128	0.01207	0.01380	0.00919	0.00854	0.01790	0.11496	0.04918	0.04905	0.47809	0.13721	0.02234	0.01006	0.00317	0.00510	0.01987	0.00793	0.00809
22	0.01743	0.03654	0.48095	0.02605	0.03713	0.01937	0.18027	0.02615	0.01805	0.02642	0.01538	0.01876	0.01113	0.00759	0.00830	0.00261	0.01245	0.00701	0.00375	0.04467
23	0.02295	0.02571	0.01794	0.01628	0.02017	0.34463	0.01234	0.09239	0.02340	0.02472	0.03946	0.06628	0.23313	0.01372	0.00851	0.00246	0.01021	0.01052	0.00606	0.00912
24	0.01808	0.02078	0.13781	0.01665	0.02222	0.01796	0.01508	0.03488	0.40934	0.03045	0.03543	0.03568	0.09396	0.06132	0.01091	0.00315	0.00748	0.00990	0.00720	0.01171
25	0.02711	0.03118	0.02602	0.06957	0.02932	0.40408	0.08612	0.09716	0.02362	0.02549	0.01445	0.01716	0.01151	0.00825	0.00776	0.00220	0.01293	0.00620	0.00476	0.09510
26	0.01944	0.01991	0.08244	0.03044	0.26629	0.01893	0.01951	0.03231	0.27515	0.02994	0.02626	0.03287	0.02187	0.01080	0.00866	0.00278	0.00848	0.07523	0.00625	0.01245
27	0.05219	0.06833	0.09483	0.09970	0.02611	0.01995	0.01670	0.14022	0.01965	0.02831	0.01701	0.02226	0.01413	0.02194	0.16292	0.00514	0.13442	0.00727	0.03878	0.01013
28	0.04699	0.15505	0.14838	0.09917	0.20965	0.07344	0.02158	0.10150	0.02077	0.02792	0.01483	0.01807	0.01178	0.00796	0.00748	0.00238	0.01045	0.00637	0.00443	0.01182
29	0.01842	0.01195	0.01500	0.06426	0.01931	0.01106	0.01038	0.04913	0.04368	0.14584	0.23529	0.04629	0.15519	0.01367	0.00875	0.00244	0.00577	0.01160	0.00796	0.12401

[dist]
# distance from previous block
# <min> <max>
0	1

[block]
# block no. 6 follows, 22 sequences, length 11
# corresponding to MSA columns:
# 167-177
name=unknown_G
#
# <colnr> <probs for GDERKNQSTAVLIFYWHMCP>
#	G	D	E	R	K	N	Q	S	T	A	V	L	I	F	Y	W	H	M	C	P
0	0.02658	0.03052	0.02192	0.02115	0.06970	0.42090	0.01510	0.09409	0.05840	0.02539	0.02561	0.02650	0.10782	0.01064	0.00803	0.00234	0.01190	0.00777	0.00544	0.01018
1	0.02215	0.07157	0.22975	0.15767	0.05898	0.08957	0.02152	0.03003	0.08717	0.12351	0.01930	0.02119	0.01394	0.00872	0.00792	0.00256	0.01058	0.00695	0.00524	0.01168
2	0.02225	0.15571	0.02891	0.02658	0.19413	0.22476	0.05038	0.02551	0.02002	0.02274	0.02580	0.02773	0.12162	0.01003	0.00781	0.00231	0.01054	0.00807	0.00468	0.01042
3	0.01478	0.01149	0.01574	0.01938	0.13520	0.01151	0.01145	0.08068	0.01824	0.02471	0.03355	0.37626	0.03791	0.15069	0.01594	0.00400	0.00686	0.01661	0.00658	0.00843
4	0.02017	0.08940	0.43685	0.02518	0.09257	0.14471	0.02620	0.02743	0.01876	0.02476	0.01434	0.01703	0.01082	0.00791	0.00766	0.00246	0.01231	0.00599	0.00372	0.01174
5	0.16239	0.02058	0.02059	0.06668	0.02392	0.16624	0.04745	0.02353	0.01683	0.02465	0.01453	0.01942	0.01247	0.01800	0.12356	0.00431	0.11414	0.00642	0.00442	0.10987
6	0.01169	0.00822	0.00992	0.00998	0.01067	0.00827	0.00643	0.01278	0.01401	0.01882	0.07842	0.08949	0.09338	0.44242	0.14357	0.00780	0.00964	0.01291	0.00564	0.00594
7	0.02245	0.61362	0.08809	0.01545	0.02273	0.07932	0.01557	0.02560	0.01742	0.02010	0.01189	0.01376	0.01065	0.00727	0.00568	0.00187	0.00959	0.00463	0.00360	0.01070
8	0.01229	0.00876	0.01269	0.01269	0.01423	0.01007	0.00985	0.01537	0.01383	0.02066	0.02282	0.03244	0.02083	0.05611	0.59632	0.01201	0.02009	0.00876	0.09272	0.00746
9	0.01995	0.01075	0.01394	0.01274	0.01551	0.01047	0.00949	0.06005	0.01857	0.20564	0.03375	0.19852	0.05293	0.15099	0.14164	0.00581	0.00961	0.01310	0.00738	0.00916
10	0.01605	0.01217	0.01485	0.01497	0.01793	0.01271	0.01255	0.08664	0.12037	0.02973	0.08516	0.07233	0.10089	0.01911	0.01038	0.00334	0.00705	0.34666	0.00796	0.00917

[dist]
# distance from previous block
# <min> <max>
2	3

[block]
# block no. 7 follows, 22 sequences, length 8
# corresponding to MSA columns:
# 181-188
name=unknown_H
#
# <colnr> <probs for GDERKNQSTAVLIFYWHMCP>
#	G	D	E	R	K	N	Q	S	T	A	V	L	I	F	Y	W	H	M	C	P
0	0.16440	0.01131	0.01306	0.01181	0.01545	0.01100	0.00947	0.02256	0.02075	0.16925	0.26155	0.05072	0.11210	0.01483	0.00876	0.00275	0.00554	0.07708	0.00829	0.00933
1	0.01470	0.01095	0.01252	0.01234	0.01534	0.01076	0.00987	0.04337	0.11069	0.05675	0.05745	0.07041	0.30286	0.05647	0.01171	0.00335	0.00605	0.17798	0.00781	0.00860
2	0.02161	0.02173	0.03270	0.04803	0.59302	0.08539	0.02455	0.02627	0.01938	0.02646	0.01535	0.02000	0.01291	0.00752	0.00815	0.00243	0.01038	0.00720	0.00413	0.01281
3	0.02761	0.11077	0.02497	0.01991	0.02401	0.50723	0.01546	0.02987	0.02128	0.02013	0.01343	0.01655	0.01161	0.01353	0.06786	0.00318	0.05323	0.00567	0.00418	0.00952
4	0.01807	0.06381	0.27221	0.15471	0.10158	0.02033	0.13953	0.02683	0.07344	0.02588	0.01682	0.02063	0.01262	0.00801	0.00829	0.00265	0.01145	0.00740	0.00418	0.01157
5	0.10209	0.07378	0.02704	0.02090	0.02262	0.02497	0.05861	0.02133	0.01369	0.02234	0.01144	0.01756	0.01079	0.01267	0.02184	0.00331	0.51494	0.00691	0.00384	0.00935
6	0.01846	0.01604	0.09586	0.13038	0.11933	0.01335	0.01648	0.02255	0.01835	0.13337	0.06601	0.16788	0.02942	0.06929	0.01169	0.00327	0.00823	0.04368	0.00633	0.01001
7	0.02330	0.11700	0.03201	0.03706	0.37844	0.18708	0.02122	0.02705	0.01948	0.02403	0.01413	0.01806	0.01208	0.00804	0.00868	0.00236	0.04774	0.00648	0.00405	0.01172

[dist]
# distance from previous block
# <min> <max>
9	22

[block]
# block no. 8 follows, 22 sequences, length 8
# corresponding to MSA columns:
# 211-218
name=unknown_I
#
# <colnr> <probs for GDERKNQSTAVLIFYWHMCP>
#	G	D	E	R	K	N	Q	S	T	A	V	L	I	F	Y	W	H	M	C	P
0	0.02678	0.03334	0.02051	0.01880	0.02278	0.54087	0.01410	0.02891	0.02262	0.02075	0.02713	0.02800	0.13940	0.01106	0.00796	0.00227	0.01282	0.00779	0.00497	0.00911
1	0.02117	0.02598	0.20226	0.17360	0.12041	0.02101	0.06563	0.17983	0.05233	0.03237	0.01728	0.02055	0.01276	0.00855	0.00830	0.00263	0.01074	0.00733	0.00514	0.01216
2	0.01771	0.01386	0.01837	0.06926	0.14751	0.01408	0.01395	0.02556	0.15607	0.08854	0.04647	0.04902	0.23580	0.01432	0.00906	0.00279	0.00688	0.05313	0.00711	0.01049
3	0.01963	0.02323	0.09000	0.03823	0.19802	0.02056	0.43065	0.02631	0.01928	0.02672	0.01637	0.02159	0.01259	0.00717	0.00926	0.00270	0.01283	0.00893	0.00413	0.01178
4	0.01389	0.01124	0.01288	0.01310	0.01606	0.01143	0.01065	0.02209	0.17803	0.02647	0.05661	0.07247	0.27136	0.01924	0.01007	0.00318	0.00607	0.22845	0.00788	0.00881
5	0.01187	0.00887	0.01122	0.01167	0.01356	0.00844	0.00895	0.01591	0.05003	0.02747	0.28564	0.20665	0.15066	0.02045	0.01024	0.00306	0.00503	0.13427	0.00829	0.00770
6	0.02633	0.23002	0.02902	0.01999	0.06260	0.33586	0.01537	0.08680	0.02250	0.02380	0.01851	0.02005	0.05780	0.00911	0.00716	0.00214	0.01154	0.00631	0.00470	0.01040
7	0.01779	0.01641	0.01542	0.01588	0.05161	0.16624	0.01137	0.02091	0.01711	0.02300	0.02093	0.02739	0.01812	0.03299	0.30782	0.00716	0.01509	0.00768	0.19875	0.00834

[dist]
# distance from previous block
# <min> <max>
0	1

[block]
# block no. 9 follows, 22 sequences, length 9
# corresponding to MSA columns:
# 220-228
name=unknown_J
#
# <colnr> <probs for GDERKNQSTAVLIFYWHMCP>
#	G	D	E	R	K	N	Q	S	T	A	V	L	I	F	Y	W	H	M	C	P
0	0.20118	0.12114	0.02256	0.01645	0.02173	0.22844	0.01329	0.06278	0.11949	0.09197	0.01804	0.01853	0.01378	0.00883	0.00692	0.00236	0.00970	0.00607	0.00585	0.01086
1	0.01033	0.00796	0.00944	0.01008	0.01179	0.00707	0.00718	0.01253	0.01865	0.02413	0.18286	0.32419	0.29954	0.02221	0.01013	0.00299	0.00439	0.01945	0.00800	0.00707
2	0.02066	0.02327	0.01808	0.01864	0.07926	0.28471	0.01282	0.02517	0.08276	0.02324	0.04327	0.04269	0.26525	0.01363	0.00857	0.00250	0.00942	0.01074	0.00603	0.00928
3	0.01571	0.01108	0.01309	0.01230	0.01437	0.01174	0.00898	0.13484	0.01928	0.02667	0.03106	0.16107	0.06404	0.19633	0.16520	0.00640	0.01022	0.01248	0.07710	0.00804
4	0.01448	0.00897	0.01147	0.01066	0.01306	0.00843	0.00814	0.01808	0.02140	0.09024	0.40758	0.05357	0.10696	0.02034	0.07594	0.00362	0.00607	0.01309	0.09959	0.00831
5	0.06398	0.11070	0.15249	0.02586	0.03363	0.02056	0.31793	0.02456	0.01768	0.02530	0.01624	0.02127	0.01290	0.01493	0.10136	0.00410	0.01374	0.00802	0.00409	0.01067
6	0.01257	0.01062	0.01200	0.01130	0.01322	0.01120	0.00837	0.01612	0.07420	0.02174	0.05526	0.06044	0.35544	0.18016	0.01983	0.00416	0.10538	0.01401	0.00656	0.00742
7	0.02812	0.03361	0.02157	0.01936	0.02367	0.51687	0.01467	0.08945	0.02444	0.02381	0.02351	0.02455	0.10072	0.01044	0.00790	0.00227	0.01290	0.00726	0.00516	0.00971
8	0.02150	0.02250	0.06751	0.09715	0.48031	0.07335	0.02420	0.06430	0.02031	0.02766	0.01556	0.02003	0.01270	0.00776	0.00816	0.00248	0.01047	0.00717	0.00432	0.01256

[dist]
# distance from previous block
# <min> <max>
0	1

[block]
# block no. 10 follows, 22 sequences, length 7
# corresponding to MSA columns:
# 230-236
name=unknown_K
#
# <colnr> <probs for GDERKNQSTAVLIFYWHMCP>
#	G	D	E	R	K	N	Q	S	T	A	V	L	I	F	Y	W	H	M	C	P
0	0.01707	0.01803	0.01403	0.01316	0.01648	0.19217	0.00992	0.02175	0.08920	0.02449	0.12527	0.05461	0.34022	0.01606	0.00903	0.00260	0.00740	0.01300	0.00702	0.00850
1	0.01449	0.00892	0.01150	0.01077	0.01273	0.00826	0.00779	0.01738	0.02074	0.09838	0.41328	0.11378	0.06096	0.14568	0.01576	0.00369	0.00512	0.01450	0.00838	0.00791
2	0.02776	0.03220	0.02136	0.01900	0.02341	0.47127	0.01447	0.11959	0.02515	0.02549	0.02519	0.02600	0.11274	0.01075	0.00798	0.00230	0.01240	0.00760	0.00543	0.00990
3	0.02440	0.01902	0.02108	0.01571	0.02273	0.01842	0.01282	0.32476	0.02814	0.03971	0.01736	0.01859	0.01322	0.00806	0.00723	0.00186	0.00765	0.00620	0.00662	0.38643
4	0.01706	0.02996	0.35047	0.02980	0.20333	0.01774	0.06574	0.02424	0.01866	0.02689	0.07403	0.02666	0.06014	0.00935	0.00840	0.00261	0.01048	0.00825	0.00448	0.01172
5	0.01473	0.01268	0.01528	0.13920	0.02341	0.01372	0.01191	0.02469	0.22124	0.02781	0.13807	0.05056	0.24418	0.01488	0.00909	0.00277	0.00622	0.01261	0.00741	0.00954
6	0.01732	0.01773	0.02769	0.25335	0.10691	0.07247	0.15503	0.02216	0.01870	0.02351	0.02826	0.03633	0.11306	0.01112	0.00906	0.00278	0.01059	0.05941	0.00485	0.00967

[dist]
# distance from previous block
# <min> <max>
0	1

[block]
# block no. 11 follows, 22 sequences, length 14
# corresponding to MSA columns:
# 238-251
name=unknown_L
#
# <colnr> <probs for GDERKNQSTAVLIFYWHMCP>
#	G	D	E	R	K	N	Q	S	T	A	V	L	I	F	Y	W	H	M	C	P
0	0.02043	0.02762	0.14783	0.06760	0.02682	0.22779	0.01860	0.02440	0.01754	0.02128	0.01506	0.02047	0.01293	0.02131	0.15731	0.00502	0.14765	0.00680	0.00400	0.00953
1	0.12542	0.02599	0.28671	0.02297	0.14097	0.01616	0.02038	0.02223	0.01765	0.02709	0.03211	0.03333	0.17369	0.01111	0.00804	0.00264	0.00893	0.00902	0.00493	0.01062
2	0.02517	0.02915	0.02104	0.01912	0.02231	0.41303	0.01467	0.02879	0.05725	0.02201	0.01608	0.01967	0.01361	0.01520	0.07877	0.00353	0.11191	0.00645	0.07288	0.00936
3	0.02560	0.02956	0.02794	0.07774	0.29444	0.35455	0.02051	0.02914	0.02113	0.02327	0.01415	0.01781	0.01177	0.00805	0.00785	0.00232	0.01256	0.00635	0.00417	0.01110
4	0.01844	0.19867	0.16491	0.26115	0.15396	0.02252	0.02286	0.02400	0.01730	0.02295	0.01414	0.01866	0.01124	0.00775	0.00745	0.00243	0.01055	0.00638	0.00370	0.01095
5	0.01790	0.01749	0.02562	0.03277	0.33216	0.05888	0.06332	0.02288	0.04655	0.02661	0.09909	0.03816	0.15999	0.01161	0.00882	0.00258	0.00850	0.01056	0.00564	0.01087
6	0.01603	0.01224	0.01368	0.01298	0.01557	0.01280	0.00948	0.12664	0.12991	0.02851	0.04186	0.27013	0.12867	0.12480	0.01458	0.00375	0.00630	0.01557	0.00754	0.00896
7	0.01990	0.02029	0.03798	0.04144	0.36712	0.01943	0.25047	0.02550	0.01902	0.02693	0.01599	0.02095	0.01287	0.00714	0.00863	0.00248	0.01109	0.00808	0.00422	0.08046
8	0.02481	0.21045	0.02600	0.01713	0.02188	0.38346	0.01378	0.02708	0.02095	0.02051	0.02563	0.02651	0.12892	0.01048	0.00735	0.00217	0.01140	0.00736	0.00472	0.00942
9	0.09040	0.02148	0.01877	0.01690	0.02106	0.17324	0.01314	0.08927	0.25113	0.03005	0.02312	0.02491	0.01839	0.02073	0.14572	0.00478	0.01203	0.00771	0.00632	0.01085
10	0.02336	0.02050	0.03043	0.04048	0.45117	0.02133	0.02216	0.17976	0.06830	0.03408	0.01802	0.02115	0.01427	0.00833	0.00826	0.00250	0.00945	0.00756	0.00549	0.01340
11	0.01904	0.05015	0.01579	0.11269	0.02074	0.11097	0.01107	0.02162	0.01736	0.05725	0.02049	0.02539	0.01652	0.01405	0.03468	0.11893	0.00821	0.00715	0.30983	0.00808
12	0.01927	0.14144	0.01992	0.01361	0.01797	0.01602	0.01170	0.12006	0.02239	0.08974	0.04501	0.05625	0.21430	0.01609	0.00902	0.00280	0.00703	0.16038	0.00728	0.00971
13	0.01222	0.00788	0.01000	0.01144	0.01261	0.00763	0.00851	0.01481	0.01701	0.02451	0.04064	0.39524	0.04480	0.02119	0.00958	0.00311	0.00522	0.14937	0.19701	0.00720

[dist]
# distance from previous block
# <min> <max>
4	6

[block]
# block no. 12 follows, 22 sequences, length 11
# corresponding to MSA columns:
# 258-268
name=unknown_M
#
# <colnr> <probs for GDERKNQSTAVLIFYWHMCP>
#	G	D	E	R	K	N	Q	S	T	A	V	L	I	F	Y	W	H	M	C	P
0	0.01059	0.00818	0.00973	0.01034	0.01222	0.00732	0.00764	0.01300	0.01894	0.02438	0.17853	0.26191	0.31255	0.02190	0.01019	0.00303	0.00463	0.06979	0.00798	0.00715
1	0.01772	0.01693	0.02109	0.02724	0.24149	0.10295	0.01643	0.02158	0.02042	0.02636	0.14180	0.05054	0.08548	0.01431	0.00936	0.00282	0.00848	0.15894	0.00622	0.00984
2	0.02648	0.26092	0.03177	0.02356	0.12128	0.36005	0.01689	0.02923	0.02061	0.02112	0.01284	0.01529	0.01107	0.00790	0.00688	0.00207	0.01216	0.00536	0.00401	0.01052
3	0.02251	0.06901	0.16707	0.03051	0.14890	0.15681	0.18792	0.06932	0.02106	0.02673	0.01529	0.01883	0.01188	0.00780	0.00828	0.00249	0.01246	0.00721	0.00431	0.01163
4	0.01422	0.01067	0.01150	0.01094	0.01373	0.01045	0.00800	0.02061	0.15294	0.06166	0.05752	0.09901	0.33206	0.14147	0.01529	0.00377	0.00562	0.01461	0.00755	0.00840
5	0.02345	0.02522	0.03091	0.04282	0.48208	0.20062	0.02289	0.02762	0.02019	0.02526	0.01486	0.01902	0.01248	0.00772	0.00802	0.00238	0.01128	0.00684	0.00416	0.01218
6	0.02143	0.10096	0.02095	0.01651	0.02061	0.16818	0.01329	0.07097	0.19321	0.02721	0.03002	0.04086	0.06174	0.05264	0.01045	0.00301	0.00909	0.12211	0.00653	0.01024
7	0.01538	0.01122	0.01288	0.01176	0.01384	0.01175	0.00843	0.13123	0.01876	0.02487	0.03455	0.04788	0.13656	0.31887	0.15926	0.00713	0.01048	0.01152	0.00602	0.00762
8	0.05131	0.05024	0.02199	0.08099	0.13596	0.21983	0.01522	0.02333	0.01776	0.02135	0.01793	0.05971	0.01773	0.16799	0.01686	0.00376	0.05613	0.00838	0.00450	0.00902
9	0.13495	0.26707	0.02820	0.01672	0.02210	0.30180	0.01395	0.05331	0.02025	0.02432	0.01310	0.01507	0.01102	0.00804	0.00636	0.00208	0.01091	0.00510	0.03564	0.01000
10	0.01555	0.06371	0.01552	0.01336	0.01546	0.08190	0.01006	0.05165	0.01702	0.02233	0.02751	0.21545	0.02888	0.09253	0.23418	0.00672	0.01248	0.01238	0.05540	0.00790

[dist]
# distance from previous block
# <min> <max>
12	16

[block]
# block no. 13 follows, 22 sequences, length 8
# corresponding to MSA columns:
# 285-292
name=unknown_N
#
# <colnr> <probs for GDERKNQSTAVLIFYWHMCP>
#	G	D	E	R	K	N	Q	S	T	A	V	L	I	F	Y	W	H	M	C	P
0	0.01581	0.21575	0.02072	0.01149	0.01573	0.01644	0.00979	0.07246	0.02108	0.02649	0.17097	0.05144	0.29189	0.01515	0.00837	0.00244	0.00597	0.01229	0.00684	0.00889
1	0.01874	0.01400	0.01614	0.01433	0.01791	0.01452	0.01102	0.24111	0.02457	0.03306	0.03489	0.27034	0.08731	0.02219	0.08243	0.00394	0.00838	0.01413	0.00737	0.06362
2	0.01401	0.01080	0.01458	0.10474	0.01986	0.01188	0.01101	0.01676	0.01513	0.02236	0.02471	0.15256	0.02492	0.11110	0.12308	0.00507	0.08721	0.01097	0.12915	0.09010
3	0.01365	0.01242	0.01161	0.01105	0.01337	0.09344	0.00809	0.01632	0.02078	0.02624	0.31771	0.06092	0.24965	0.09319	0.01308	0.00321	0.00589	0.01426	0.00761	0.00749
4	0.02424	0.26847	0.02784	0.01662	0.02163	0.33413	0.01370	0.02655	0.02041	0.02043	0.02491	0.02581	0.12342	0.01025	0.00715	0.00213	0.01097	0.00717	0.00463	0.00953
5	0.02260	0.02155	0.01861	0.01651	0.01948	0.21653	0.01294	0.11196	0.02120	0.02773	0.01849	0.02257	0.01525	0.01607	0.08501	0.00364	0.12418	0.00703	0.20922	0.00943
6	0.01666	0.04297	0.66500	0.02368	0.03596	0.01929	0.03069	0.02631	0.01754	0.02631	0.01491	0.01754	0.01052	0.00789	0.00789	0.00263	0.01228	0.00614	0.00351	0.01228
7	0.02937	0.08390	0.02485	0.01982	0.02493	0.40000	0.01553	0.17584	0.09437	0.02949	0.01674	0.01779	0.01312	0.00909	0.00763	0.00227	0.01221	0.00623	0.00564	0.01117

[dist]
# distance from previous block
# <min> <max>
0	1

[block]
# block no. 14 follows, 22 sequences, length 17
# corresponding to MSA columns:
# 294-310
name=unknown_O
#
# <colnr> <probs for GDERKNQSTAVLIFYWHMCP>
#	G	D	E	R	K	N	Q	S	T	A	V	L	I	F	Y	W	H	M	C	P
0	0.01166	0.00854	0.01065	0.01163	0.01291	0.00814	0.00811	0.05324	0.01843	0.02445	0.09953	0.53443	0.11980	0.02364	0.01030	0.00319	0.00497	0.02114	0.00787	0.00736
1	0.01721	0.01629	0.02848	0.24362	0.24496	0.01725	0.11328	0.02170	0.01696	0.02303	0.01758	0.02792	0.01572	0.14377	0.01511	0.00370	0.01054	0.00868	0.00417	0.01003
2	0.01993	0.01910	0.03258	0.13316	0.57896	0.01957	0.02518	0.02494	0.01862	0.02638	0.01552	0.02077	0.01289	0.00752	0.00823	0.00251	0.01002	0.00740	0.00406	0.01265
3	0.02229	0.03108	0.16337	0.02652	0.16673	0.28239	0.01986	0.02668	0.02049	0.02348	0.02490	0.02680	0.11016	0.01008	0.00810	0.00242	0.01159	0.00786	0.00460	0.01059
4	0.02143	0.02559	0.06082	0.02924	0.03524	0.14888	0.36081	0.02651	0.01887	0.02401	0.01475	0.01992	0.01181	0.00890	0.01290	0.00284	0.15463	0.00829	0.00408	0.01050
5	0.02625	0.01978	0.02148	0.01654	0.02292	0.02063	0.01349	0.39923	0.07422	0.04355	0.02013	0.02079	0.01495	0.00911	0.00763	0.00217	0.00788	0.00701	0.05741	0.19483
6	0.01238	0.00892	0.01126	0.01227	0.01345	0.00873	0.00853	0.07407	0.01865	0.02501	0.07592	0.59911	0.05209	0.02392	0.01033	0.00324	0.00521	0.02152	0.00785	0.00755
7	0.03158	0.02327	0.02493	0.01911	0.02576	0.02576	0.01579	0.62852	0.03906	0.05236	0.01995	0.01995	0.01413	0.00997	0.00831	0.00249	0.00914	0.00748	0.00831	0.01413
8	0.01108	0.00827	0.01047	0.01193	0.01314	0.00791	0.00857	0.01412	0.05051	0.02259	0.04997	0.50316	0.13144	0.02416	0.01050	0.00333	0.00521	0.09863	0.00774	0.00725
9	0.01421	0.01119	0.01391	0.01610	0.11206	0.01029	0.01022	0.01836	0.06116	0.06909	0.09680	0.06297	0.43776	0.01732	0.00938	0.00273	0.00542	0.01465	0.00746	0.00891
10	0.11251	0.49730	0.16045	0.01565	0.02352	0.02849	0.01678	0.02510	0.01667	0.02304	0.01220	0.01417	0.01043	0.00733	0.00581	0.00204	0.00924	0.00478	0.00374	0.01077
11	0.04486	0.07885	0.01995	0.01494	0.02003	0.03347	0.01229	0.07443	0.15895	0.24821	0.03372	0.03535	0.07793	0.01534	0.05295	0.00336	0.00826	0.04722	0.00805	0.01185
12	0.01880	0.12548	0.03058	0.05931	0.02590	0.02575	0.07920	0.02148	0.01428	0.02066	0.01182	0.01808	0.01105	0.01228	0.02106	0.00322	0.48072	0.00710	0.00368	0.00955
13	0.01972	0.02423	0.15563	0.03882	0.37605	0.01992	0.08523	0.02864	0.11461	0.02810	0.01841	0.02177	0.01447	0.00805	0.00835	0.00259	0.01025	0.00771	0.00467	0.01279
14	0.02104	0.02473	0.09285	0.06492	0.38885	0.14577	0.02237	0.02568	0.01958	0.02507	0.02109	0.02454	0.06943	0.00893	0.00819	0.00246	0.01065	0.00778	0.00439	0.01167
15	0.05545	0.09075	0.02268	0.01908	0.08453	0.08923	0.01391	0.16057	0.06692	0.10053	0.15085	0.02941	0.02813	0.01296	0.03630	0.00290	0.00878	0.00865	0.00706	0.01132
16	0.01254	0.00996	0.01157	0.01178	0.01428	0.00971	0.00916	0.01849	0.11524	0.02644	0.15701	0.14856	0.27098	0.01985	0.01002	0.00304	0.00527	0.12985	0.00805	0.00819

[dist]
# distance from previous block
# <min> <max>
0	1

[block]
# block no. 15 follows, 22 sequences, length 11
# corresponding to MSA columns:
# 312-322
name=unknown_P
#
# <colnr> <probs for GDERKNQSTAVLIFYWHMCP>
#	G	D	E	R	K	N	Q	S	T	A	V	L	I	F	Y	W	H	M	C	P
0	0.10549	0.02332	0.21432	0.18200	0.03355	0.01715	0.01994	0.02887	0.07352	0.16179	0.02270	0.02415	0.03929	0.00930	0.00791	0.00267	0.00939	0.00747	0.00578	0.01142
1	0.17044	0.08012	0.08195	0.15721	0.14865	0.14488	0.01895	0.05930	0.01921	0.02739	0.01396	0.01753	0.01107	0.00803	0.00723	0.00245	0.01049	0.00608	0.00440	0.01065
2	0.05296	0.02273	0.01969	0.07637	0.02446	0.19561	0.01384	0.18588	0.09647	0.03168	0.03305	0.03311	0.15557	0.01195	0.00831	0.00253	0.00940	0.00922	0.00657	0.01058
3	0.01597	0.01220	0.01340	0.01224	0.01548	0.01214	0.00934	0.18121	0.02397	0.03096	0.08900	0.21547	0.29845	0.01900	0.00960	0.00285	0.00570	0.01613	0.00796	0.00895
