[name]
unknown

[dist]
# distance from previous block
# <min> <max>
4	55

[block]
# block no. 0 follows, 22 sequences, length 16
# corresponding to MSA columns:
# 55-70
name=unknown_A
#
# <colnr> <probs for GDERKNQSTAVLIFYWHMCP>
#	G	D	E	R	K	N	Q	S	T	A	V	L	I	F	Y	W	H	M	C	P
0	0.02340	0.01961	0.05648	0.08707	0.02586	0.01975	0.01492	0.37017	0.03025	0.03982	0.03584	0.03567	0.17999	0.01256	0.00868	0.00261	0.00824	0.01001	0.00740	0.01165
1	0.05021	0.13337	0.27245	0.02350	0.09335	0.02249	0.02230	0.02364	0.01595	0.02379	0.01370	0.01805	0.01143	0.01249	0.04984	0.00334	0.18910	0.00639	0.00373	0.01088
2	0.01892	0.08957	0.02031	0.01578	0.01902	0.09197	0.01276	0.12658	0.01939	0.02530	0.01910	0.02566	0.01691	0.03884	0.37979	0.00847	0.04965	0.00770	0.00498	0.00928
3	0.02625	0.34539	0.03351	0.05583	0.02551	0.07202	0.01550	0.27210	0.02638	0.03311	0.01526	0.01666	0.01211	0.00845	0.00687	0.00215	0.00952	0.00592	0.00556	0.01193
4	0.02161	0.45939	0.03994	0.02767	0.25361	0.02807	0.01834	0.02510	0.01762	0.02232	0.01304	0.01597	0.01157	0.00722	0.00639	0.00203	0.00924	0.00552	0.00376	0.01157
5	0.08320	0.02843	0.20943	0.01981	0.02798	0.02335	0.01959	0.40805	0.03093	0.04366	0.01785	0.01876	0.01269	0.00920	0.00795	0.00254	0.00984	0.00686	0.00668	0.01320
6	0.01887	0.01348	0.01497	0.01318	0.01570	0.01430	0.00944	0.23752	0.02263	0.03027	0.02736	0.15622	0.02869	0.33223	0.02426	0.00519	0.00788	0.01243	0.00671	0.00866
7	0.01702	0.01367	0.04492	0.01300	0.01651	0.01275	0.01057	0.17503	0.02473	0.03422	0.21432	0.16098	0.11883	0.01605	0.00904	0.00267	0.00587	0.01369	0.08673	0.00938
8	0.01670	0.03039	0.39107	0.02070	0.02909	0.01681	0.05770	0.08594	0.01950	0.02774	0.02359	0.19654	0.02260	0.01278	0.00875	0.00282	0.01010	0.01105	0.00515	0.01097
9	0.01925	0.01998	0.01896	0.01704	0.01814	0.18609	0.01282	0.02049	0.01527	0.01866	0.01699	0.03059	0.01791	0.26673	0.02767	0.00487	0.26794	0.00854	0.00431	0.00774
10	0.01001	0.00766	0.00919	0.01041	0.01175	0.00684	0.00720	0.01170	0.01701	0.02166	0.05983	0.47481	0.27370	0.02420	0.01032	0.00317	0.00460	0.02139	0.00771	0.00684
11	0.01166	0.00822	0.01073	0.01107	0.01170	0.00868	0.00746	0.01300	0.01322	0.01817	0.02820	0.16087	0.03112	0.35138	0.26822	0.00917	0.01268	0.01295	0.00529	0.00621
12	0.08169	0.17647	0.02685	0.01918	0.02410	0.49585	0.01517	0.03084	0.02150	0.02138	0.01248	0.01453	0.01057	0.00820	0.00688	0.00210	0.01312	0.00510	0.00419	0.00980
13	0.01064	0.00815	0.00976	0.00998	0.01189	0.00727	0.00725	0.01328	0.01995	0.02634	0.29392	0.22738	0.28275	0.02071	0.01001	0.00287	0.00425	0.01807	0.00827	0.00727
14	0.03106	0.03872	0.02362	0.02128	0.02569	0.63986	0.01604	0.06513	0.02438	0.02205	0.01322	0.01525	0.01088	0.00864	0.00753	0.00216	0.01467	0.00546	0.00450	0.00987
15	0.04633	0.02319	0.13479	0.14739	0.14542	0.02070	0.02056	0.24310	0.02543	0.03508	0.02152	0.02399	0.05678	0.00954	0.00822	0.00259	0.00974	0.00782	0.00574	0.01208

[dist]
# distance from previous block
# <min> <max>
26	131

[block]
# block no. 1 follows, 22 sequences, length 67
# corresponding to MSA columns:
# 204-270
name=unknown_B
#
# <colnr> <probs for GDERKNQSTAVLIFYWHMCP>
#	G	D	E	R	K	N	Q	S	T	A	V	L	I	F	Y	W	H	M	C	P
0	0.05134	0.06232	0.08123	0.01706	0.02232	0.06931	0.05462	0.13632	0.02300	0.10179	0.13349	0.02965	0.02650	0.02001	0.12939	0.00446	0.01131	0.00875	0.00652	0.01064
1	0.10421	0.30015	0.07769	0.01420	0.02113	0.04883	0.01339	0.02444	0.01767	0.05411	0.04862	0.01811	0.01505	0.00773	0.00620	0.00188	0.00805	0.00550	0.00473	0.20829
2	0.02258	0.16974	0.08800	0.02019	0.07416	0.01852	0.08333	0.02786	0.06045	0.17922	0.02579	0.14835	0.02269	0.01176	0.00823	0.00259	0.00850	0.01029	0.00640	0.01136
3	0.12584	0.15166	0.10978	0.18268	0.03080	0.01917	0.05417	0.02217	0.01813	0.02691	0.15425	0.02740	0.02555	0.00977	0.00764	0.00250	0.00874	0.00807	0.00509	0.00969
4	0.10633	0.08785	0.27219	0.01962	0.02770	0.14983	0.02037	0.13881	0.02234	0.03052	0.01744	0.01907	0.03556	0.00883	0.00745	0.00244	0.01099	0.00635	0.00490	0.01140
5	0.02398	0.47491	0.09683	0.01697	0.02383	0.19844	0.01624	0.02717	0.01867	0.02039	0.01220	0.01415	0.01066	0.00756	0.00613	0.00195	0.01079	0.00484	0.00374	0.01055
6	0.01975	0.41532	0.31966	0.01842	0.02782	0.02684	0.02154	0.02551	0.01717	0.02255	0.01304	0.01520	0.01060	0.00746	0.00647	0.00216	0.01039	0.00520	0.00353	0.01138
7	0.02086	0.55000	0.19475	0.01652	0.02488	0.02957	0.01822	0.02522	0.01704	0.02119	0.01237	0.01435	0.01063	0.00730	0.00595	0.00198	0.00971	0.00485	0.00354	0.01105
8	0.01168	0.00849	0.01100	0.01037	0.01236	0.00781	0.00778	0.01553	0.02333	0.03288	0.62933	0.06276	0.10116	0.01714	0.00980	0.00262	0.00393	0.01512	0.00909	0.00781
9	0.01131	0.00808	0.01101	0.01293	0.01393	0.00777	0.00978	0.01362	0.01708	0.02254	0.04513	0.48072	0.05234	0.02491	0.01092	0.00354	0.00585	0.23378	0.00769	0.00708
10	0.02056	0.01974	0.03372	0.05099	0.65622	0.01974	0.02550	0.02550	0.01892	0.02714	0.01563	0.02056	0.01316	0.00740	0.00822	0.00247	0.00987	0.00740	0.00411	0.01316
11	0.01187	0.00890	0.01335	0.01335	0.01483	0.01038	0.01038	0.01483	0.01335	0.01928	0.02225	0.03264	0.02077	0.06231	0.67512	0.01335	0.02225	0.00890	0.00445	0.00742
12	0.01187	0.00890	0.01335	0.01335	0.01483	0.01038	0.01038	0.01483	0.01335	0.01928	0.02225	0.03264	0.02077	0.06231	0.67512	0.01335	0.02225	0.00890	0.00445	0.00742
13	0.03057	0.02709	0.02267	0.01899	0.02444	0.26057	0.01497	0.23678	0.12150	0.12725	0.02130	0.02101	0.01550	0.00970	0.00804	0.00242	0.01059	0.00712	0.00715	0.01234
14	0.01165	0.00863	0.01099	0.01103	0.01308	0.00797	0.00859	0.01512	0.02157	0.02930	0.41256	0.09652	0.17521	0.01918	0.01015	0.00290	0.00470	0.12469	0.00855	0.00761
15	0.01176	0.00849	0.01110	0.01045	0.01241	0.00784	0.00784	0.01568	0.02352	0.03331	0.65184	0.06206	0.07839	0.01698	0.00980	0.00261	0.00392	0.01502	0.00914	0.00784
16	0.02002	0.01918	0.03274	0.12225	0.58923	0.01960	0.02522	0.02502	0.01866	0.02648	0.01553	0.02074	0.01293	0.00750	0.00823	0.00250	0.01000	0.00740	0.00407	0.01272
17	0.07601	0.02794	0.02465	0.02294	0.09564	0.24380	0.01654	0.32234	0.03001	0.03778	0.01654	0.01794	0.01254	0.00907	0.00783	0.00238	0.01103	0.00657	0.00628	0.01218
18	0.03035	0.09274	0.02520	0.02074	0.02534	0.59723	0.01589	0.05653	0.02364	0.02156	0.01302	0.01505	0.01084	0.00850	0.00735	0.00213	0.01426	0.00536	0.00438	0.00989
19	0.02056	0.01974	0.03372	0.05099	0.65622	0.01974	0.02550	0.02550	0.01892	0.02714	0.01563	0.02056	0.01316	0.00740	0.00822	0.00247	0.00987	0.00740	0.00411	0.01316
20	0.01443	0.01104	0.01400	0.06570	0.01917	0.01116	0.01196	0.08218	0.02153	0.02788	0.11745	0.07307	0.20072	0.01925	0.01027	0.00320	0.00677	0.27431	0.00760	0.00833
21	0.02959	0.03720	0.02375	0.02145	0.02525	0.60208	0.01629	0.03170	0.02233	0.02029	0.01262	0.01534	0.01072	0.00923	0.00970	0.00231	0.09080	0.00557	0.00421	0.00957
22	0.02186	0.67125	0.08229	0.01480	0.02223	0.03202	0.01524	0.02497	0.01692	0.01997	0.01176	0.01359	0.01065	0.00716	0.00549	0.00183	0.00910	0.00455	0.00355	0.01076
23	0.01944	0.15752	0.33448	0.02496	0.03483	0.02265	0.19897	0.06328	0.01935	0.02677	0.01516	0.01833	0.01137	0.00762	0.00801	0.00252	0.01197	0.00697	0.00401	0.01179
24	0.02090	0.02197	0.01659	0.01491	0.01872	0.25392	0.01139	0.10912	0.02397	0.02704	0.10344	0.04581	0.27052	0.01449	0.00875	0.00250	0.00883	0.01138	0.00668	0.00908
25	0.01012	0.00723	0.00964	0.01157	0.01205	0.00675	0.00771	0.01157	0.01591	0.02121	0.04579	0.70262	0.05495	0.02603	0.01060	0.00337	0.00482	0.02362	0.00771	0.00675
26	0.01936	0.02327	0.08118	0.03358	0.04168	0.02119	0.55607	0.02619	0.01907	0.02619	0.01634	0.02188	0.01239	0.00752	0.01078	0.00284	0.05578	0.00945	0.00413	0.01113
27	0.02401	0.02686	0.02196	0.13997	0.06327	0.34636	0.01629	0.07743	0.02200	0.02375	0.01987	0.14081	0.01916	0.01172	0.00831	0.00252	0.01168	0.00930	0.00513	0.00962
28	0.01964	0.02313	0.08632	0.03810	0.19035	0.02059	0.44195	0.02632	0.01930	0.02672	0.01640	0.02164	0.01260	0.00716	0.00930	0.00271	0.01290	0.00898	0.00413	0.01175
29	0.00982	0.00842	0.00842	0.00842	0.01122	0.00701	0.00631	0.01192	0.01894	0.02244	0.08416	0.07995	0.65285	0.02104	0.00982	0.00281	0.00421	0.01753	0.00771	0.00701
30	0.02234	0.39144	0.19944	0.01871	0.02667	0.14836	0.04042	0.02685	0.01838	0.02168	0.01284	0.01504	0.01070	0.00758	0.00655	0.00210	0.01107	0.00524	0.00370	0.01090
31	0.02040	0.01982	0.02897	0.03305	0.27067	0.04706	0.04800	0.07124	0.01822	0.02578	0.01671	0.02176	0.03750	0.01107	0.01607	0.00296	0.28741	0.00779	0.00441	0.01112
32	0.01049	0.00749	0.01006	0.01198	0.01263	0.00706	0.00835	0.01220	0.01627	0.02162	0.04559	0.63452	0.05415	0.02568	0.01070	0.00342	0.00514	0.08812	0.00770	0.00685
33	0.01012	0.00723	0.00964	0.01157	0.01205	0.00675	0.00771	0.01157	0.01591	0.02121	0.04579	0.70262	0.05495	0.02603	0.01060	0.00337	0.00482	0.02362	0.00771	0.00675
34	0.02985	0.03770	0.02291	0.02091	0.02501	0.63371	0.01570	0.03204	0.02291	0.02027	0.01342	0.01607	0.01132	0.01188	0.04867	0.00283	0.01543	0.00557	0.00429	0.00949
35	0.01199	0.00831	0.00996	0.01004	0.01058	0.00825	0.00622	0.01268	0.01299	0.01766	0.02810	0.14403	0.03198	0.50813	0.10699	0.00769	0.00910	0.01309	0.00535	0.03688
36	0.02947	0.03548	0.02519	0.02576	0.12186	0.53161	0.01747	0.07161	0.02387	0.02350	0.01374	0.01616	0.01130	0.00848	0.00766	0.00221	0.01381	0.00581	0.00452	0.01047
37	0.02501	0.02703	0.02952	0.03836	0.39033	0.25276	0.02150	0.06834	0.02190	0.02640	0.01492	0.01854	0.01235	0.00798	0.00797	0.00235	0.01164	0.00668	0.00445	0.01197
38	0.02088	0.02082	0.03369	0.07732	0.55433	0.05754	0.06230	0.02581	0.01912	0.02644	0.01550	0.02043	0.01289	0.00749	0.00828	0.00248	0.01048	0.00743	0.00411	0.01265
39	0.01859	0.01475	0.01496	0.01330	0.01683	0.06428	0.01054	0.17619	0.02552	0.03397	0.19394	0.05066	0.16434	0.01509	0.00895	0.00262	0.00655	0.06808	0.09144	0.00942
40	0.01666	0.04297	0.66500	0.02368	0.03596	0.01929	0.03069	0.02631	0.01754	0.02631	0.01491	0.01754	0.01052	0.00789	0.00789	0.00263	0.01228	0.00614	0.00351	0.01228
41	0.02134	0.01818	0.01916	0.01704	0.02186	0.02098	0.01331	0.08019	0.60407	0.03584	0.03296	0.03031	0.02467	0.01119	0.00844	0.00280	0.00673	0.00927	0.00844	0.01321
42	0.01187	0.00890	0.01335	0.01335	0.01483	0.01038	0.01038	0.01483	0.01335	0.01928	0.02225	0.03264	0.02077	0.06231	0.67512	0.01335	0.02225	0.00890	0.00445	0.00742
43	0.01666	0.04297	0.66500	0.02368	0.03596	0.01929	0.03069	0.02631	0.01754	0.02631	0.01491	0.01754	0.01052	0.00789	0.00789	0.00263	0.01228	0.00614	0.00351	0.01228
44	0.01666	0.04297	0.66500	0.02368	0.03596	0.01929	0.03069	0.02631	0.01754	0.02631	0.01491	0.01754	0.01052	0.00789	0.00789	0.00263	0.01228	0.00614	0.00351	0.01228
45	0.02017	0.01934	0.03302	0.10189	0.60837	0.01964	0.02530	0.02515	0.01873	0.02667	0.01556	0.02069	0.01299	0.00747	0.00823	0.00249	0.00997	0.00740	0.00408	0.01284
46	0.01942	0.02391	0.09740	0.03498	0.07626	0.02080	0.54572	0.02653	0.01940	0.02662	0.01659	0.02192	0.01247	0.00710	0.00957	0.00277	0.01364	0.00938	0.00414	0.01140
47	0.02026	0.01943	0.03317	0.09073	0.61886	0.01966	0.02534	0.02523	0.01877	0.02677	0.01557	0.02066	0.01303	0.00746	0.00823	0.00249	0.00994	0.00740	0.00409	0.01291
48	0.02043	0.02072	0.02995	0.23088	0.40712	0.09892	0.02365	0.02520	0.01881	0.02461	0.01504	0.02034	0.01226	0.00780	0.00816	0.00251	0.01084	0.00715	0.00401	0.01160
49	0.01036	0.00768	0.00968	0.01078	0.01196	0.00699	0.00747	0.01237	0.01784	0.02362	0.16205	0.47145	0.17039	0.02347	0.01031	0.00313	0.00454	0.02094	0.00797	0.00699
50	0.01313	0.00941	0.01163	0.01193	0.01347	0.00927	0.00877	0.06278	0.01914	0.02565	0.15630	0.24738	0.08229	0.16489	0.01701	0.00419	0.00615	0.12179	0.00746	0.00736
51	0.01041	0.00723	0.00972	0.01152	0.01197	0.00678	0.00768	0.01152	0.01557	0.02076	0.04370	0.65755	0.05225	0.02622	0.01206	0.05360	0.00498	0.02253	0.00744	0.00654
52	0.60143	0.04707	0.01551	0.01300	0.01806	0.14122	0.01051	0.02607	0.01599	0.03344	0.01180	0.01377	0.00938	0.00785	0.00559	0.00246	0.00811	0.00465	0.00492	0.00918
53	0.02803	0.02068	0.02285	0.01808	0.02379	0.02299	0.01482	0.51802	0.03443	0.04640	0.02036	0.02223	0.01532	0.01940	0.12838	0.00445	0.01150	0.00774	0.00762	0.01292
54	0.01905	0.01074	0.01393	0.01274	0.01611	0.00967	0.00972	0.02281	0.04822	0.19428	0.15097	0.26475	0.04371	0.01712	0.00931	0.00278	0.00563	0.04671	0.00838	0.09336
55	0.02950	0.03714	0.02273	0.02076	0.02482	0.62162	0.01560	0.03171	0.02273	0.02025	0.01359	0.01639	0.01151	0.01285	0.06083	0.00304	0.01556	0.00563	0.00429	0.00945
56	0.02390	0.58392	0.03970	0.01559	0.02216	0.15593	0.01457	0.02647	0.01816	0.01970	0.01180	0.01364	0.01067	0.00739	0.00574	0.00185	0.01005	0.00462	0.00369	0.01046
57	0.01943	0.37694	0.35526	0.01896	0.02866	0.02606	0.02248	0.02559	0.01721	0.02294	0.01323	0.01544	0.01059	0.00750	0.00662	0.00221	0.01059	0.00529	0.00353	0.01147
58	0.06878	0.28520	0.35564	0.02007	0.02974	0.02433	0.06035	0.02568	0.01720	0.02458	0.01357	0.01603	0.01060	0.00754	0.00689	0.00232	0.01075	0.00564	0.00368	0.01140
59	0.00982	0.00842	0.00842	0.00842	0.01122	0.00701	0.00631	0.01192	0.01894	0.02244	0.08416	0.07995	0.65285	0.02104	0.00982	0.00281	0.00421	0.01753	0.00771	0.00701
60	0.02221	0.71304	0.04353	0.01421	0.02132	0.03287	0.01421	0.02488	0.01688	0.01955	0.01155	0.01333	0.01066	0.00711	0.00533	0.00178	0.00888	0.00444	0.00355	0.01066
61	0.01834	0.09606	0.09298	0.01552	0.02152	0.01752	0.01401	0.07258	0.10912	0.02757	0.02129	0.02388	0.04098	0.01677	0.10587	0.00375	0.04719	0.00708	0.00537	0.24260
62	0.06478	0.01146	0.01364	0.01391	0.03987	0.01164	0.01042	0.05970	0.06924	0.10016	0.03520	0.16668	0.05603	0.01556	0.00858	0.00281	0.00603	0.11775	0.18721	0.00934
63	0.01012	0.00723	0.00964	0.01157	0.01205	0.00675	0.00771	0.01157	0.01591	0.02121	0.04579	0.70262	0.05495	0.02603	0.01060	0.00337	0.00482	0.02362	0.00771	0.00675
64	0.01197	0.00869	0.01268	0.01284	0.01427	0.00992	0.00987	0.01487	0.01383	0.02022	0.02445	0.08605	0.02353	0.05591	0.57750	0.01179	0.01964	0.01000	0.05459	0.00739
65	0.02225	0.36709	0.10262	0.01569	0.02246	0.02516	0.01531	0.11344	0.04518	0.06592	0.02069	0.02205	0.05277	0.01325	0.06015	0.00306	0.00987	0.00668	0.00519	0.01118
66	0.07544	0.08214	0.17864	0.02699	0.16548	0.11751	0.07639	0.02606	0.04102	0.02573	0.04410	0.02067	0.01511	0.00966	0.00942	0.05275	0.01069	0.00698	0.00439	0.01086

[dist]
# distance from previous block
# <min> <max>
0	73

[block]
# block no. 2 follows, 22 sequences, length 25
# corresponding to MSA columns:
# 344-368
name=unknown_C
#
# <colnr> <probs for GDERKNQSTAVLIFYWHMCP>
#	G	D	E	R	K	N	Q	S	T	A	V	L	I	F	Y	W	H	M	C	P
0	0.20892	0.33695	0.22087	0.01620	0.02435	0.02522	0.01781	0.02519	0.01638	0.02605	0.01256	0.01462	0.01020	0.00749	0.00605	0.00223	0.00927	0.00496	0.00394	0.01072
1	0.06867	0.06404	0.30380	0.02483	0.11616	0.01925	0.05965	0.03001	0.08765	0.11807	0.01938	0.02080	0.01400	0.00843	0.00788	0.00258	0.01013	0.00702	0.00525	0.01240
2	0.01890	0.02135	0.13139	0.01614	0.02125	0.09657	0.01473	0.07378	0.11483	0.05839	0.14037	0.07579	0.11513	0.01399	0.00894	0.00272	0.00808	0.05035	0.00705	0.01026
3	0.01224	0.00804	0.00994	0.01020	0.01077	0.00827	0.00665	0.01327	0.01337	0.01894	0.02764	0.13521	0.03005	0.38032	0.16006	0.04222	0.00997	0.01235	0.08452	0.00597
4	0.01170	0.00827	0.01008	0.01057	0.01074	0.00846	0.00662	0.01229	0.01345	0.01808	0.03226	0.27872	0.03788	0.43569	0.03049	0.00620	0.04091	0.01587	0.00590	0.00583
5	0.02585	0.01990	0.02050	0.01658	0.02163	0.06009	0.01323	0.39530	0.03045	0.04065	0.02194	0.02979	0.01866	0.11552	0.01333	0.00329	0.00882	0.04553	0.03872	0.06023
6	0.01866	0.07668	0.06551	0.06328	0.02520	0.12750	0.06453	0.02182	0.01646	0.02112	0.01839	0.11631	0.01826	0.01822	0.08462	0.00404	0.21642	0.00935	0.00444	0.00917
7	0.01208	0.00805	0.00906	0.00906	0.00906	0.00805	0.00503	0.01208	0.01208	0.01611	0.02618	0.05436	0.03020	0.70804	0.04228	0.00805	0.00805	0.01208	0.00503	0.00503
8	0.01061	0.00799	0.00987	0.01078	0.01231	0.00726	0.00781	0.01289	0.01843	0.02408	0.16771	0.35801	0.22843	0.02270	0.01030	0.00311	0.00471	0.06795	0.00797	0.00710
9	0.01946	0.27823	0.40887	0.02022	0.03021	0.06264	0.02404	0.02621	0.01766	0.02358	0.01361	0.01591	0.01058	0.00766	0.00697	0.00230	0.01124	0.00550	0.00357	0.01155
10	0.02280	0.54129	0.11266	0.01632	0.02363	0.12108	0.01638	0.02620	0.01789	0.02044	0.01212	0.01405	0.01065	0.00740	0.00593	0.00193	0.01013	0.00477	0.00365	0.01070
11	0.01009	0.00736	0.00951	0.01123	0.01196	0.00678	0.00756	0.01160	0.01623	0.02134	0.04985	0.63671	0.11824	0.02550	0.01052	0.00331	0.00475	0.02297	0.00771	0.00678
12	0.03017	0.03387	0.02398	0.06418	0.02775	0.46883	0.01644	0.18211	0.02699	0.02844	0.01475	0.01670	0.01159	0.00890	0.00775	0.00227	0.01326	0.00602	0.00526	0.01074
13	0.02364	0.02660	0.02635	0.17497	0.19442	0.28859	0.02001	0.02829	0.05080	0.02297	0.01490	0.01899	0.01216	0.00872	0.00916	0.00249	0.05544	0.00665	0.00427	0.01059
14	0.01157	0.00807	0.01000	0.01011	0.01100	0.00771	0.00669	0.01345	0.01747	0.02410	0.28475	0.18228	0.05459	0.29533	0.02296	0.00494	0.00575	0.01550	0.00722	0.00651
15	0.02056	0.01974	0.03372	0.05099	0.65622	0.01974	0.02550	0.02550	0.01892	0.02714	0.01563	0.02056	0.01316	0.00740	0.00822	0.00247	0.00987	0.00740	0.00411	0.01316
16	0.02309	0.02453	0.03126	0.04385	0.50396	0.17789	0.02321	0.02735	0.02003	0.02550	0.01495	0.01921	0.01257	0.00768	0.00805	0.00239	0.01110	0.00691	0.00415	0.01231
17	0.01669	0.01537	0.01794	0.02132	0.15734	0.09504	0.01313	0.01963	0.01757	0.02354	0.06126	0.06472	0.10835	0.08318	0.11206	0.00466	0.05461	0.01027	0.09448	0.00884
18	0.06516	0.01661	0.01976	0.07141	0.02325	0.01914	0.01399	0.11859	0.15804	0.03046	0.02565	0.04981	0.06808	0.01378	0.03537	0.00312	0.15544	0.00877	0.00617	0.09741
19	0.01275	0.00952	0.01163	0.01248	0.01411	0.00941	0.00905	0.06368	0.05670	0.02501	0.04721	0.48014	0.11762	0.02298	0.01028	0.00324	0.00546	0.07308	0.00780	0.00784
20	0.02144	0.07994	0.02097	0.06112	0.07285	0.05765	0.01347	0.09413	0.15730	0.10277	0.03918	0.03812	0.18161	0.01249	0.00841	0.00258	0.00758	0.01018	0.00710	0.01109
21	0.01811	0.07787	0.58085	0.02300	0.03436	0.07266	0.02865	0.02679	0.01799	0.02547	0.01457	0.01711	0.01055	0.00791	0.00773	0.00255	0.01232	0.00599	0.00357	0.01198
22	0.01932	0.01988	0.05536	0.19125	0.12204	0.13056	0.01770	0.06125	0.01904	0.02481	0.01774	0.02338	0.01455	0.01955	0.14497	0.00468	0.01305	0.00732	0.08374	0.00981
23	0.09011	0.05443	0.18765	0.01771	0.02411	0.11000	0.01719	0.02918	0.06189	0.15767	0.02032	0.02284	0.01542	0.03817	0.08970	0.00402	0.03580	0.00706	0.00569	0.01105
24	0.05289	0.24673	0.14943	0.04464	0.04703	0.19981	0.01787	0.02804	0.01938	0.07375	0.01711	0.01875	0.03465	0.00848	0.00700	0.00223	0.01088	0.00601	0.00452	0.01080

[dist]
# distance from previous block
# <min> <max>
2	38

[block]
# block no. 3 follows, 22 sequences, length 47
# corresponding to MSA columns:
# 413-459
name=unknown_D
#
# <colnr> <probs for GDERKNQSTAVLIFYWHMCP>
#	G	D	E	R	K	N	Q	S	T	A	V	L	I	F	Y	W	H	M	C	P
0	0.14420	0.03704	0.01645	0.10163	0.07311	0.01365	0.01222	0.01964	0.01650	0.05526	0.05786	0.06381	0.09068	0.02477	0.17875	0.00534	0.01086	0.00949	0.05993	0.00880
1	0.24734	0.02130	0.07900	0.02897	0.21163	0.02033	0.12088	0.09745	0.04204	0.03331	0.01570	0.01879	0.01214	0.00791	0.00755	0.00258	0.00952	0.00691	0.00504	0.01161
2	0.02668	0.14116	0.02825	0.01995	0.02496	0.26285	0.05065	0.18039	0.02470	0.02875	0.01733	0.01941	0.03773	0.00981	0.00991	0.00241	0.09222	0.00672	0.00524	0.01086
3	0.17211	0.05184	0.25076	0.02615	0.17293	0.05761	0.02158	0.02819	0.09130	0.02916	0.01640	0.01872	0.01259	0.00815	0.00736	0.00255	0.00989	0.00638	0.00461	0.01171
4	0.00982	0.00842	0.00842	0.00842	0.01122	0.00701	0.00631	0.01192	0.01894	0.02244	0.08416	0.07995	0.65285	0.02104	0.00982	0.00281	0.00421	0.01753	0.00771	0.00701
5	0.01609	0.00979	0.01183	0.01074	0.01348	0.00899	0.00798	0.01966	0.04815	0.13557	0.27073	0.05817	0.20458	0.13000	0.01483	0.00356	0.00533	0.01378	0.00827	0.00849
6	0.01833	0.14076	0.02874	0.02018	0.02322	0.06619	0.10283	0.02123	0.01552	0.02086	0.01643	0.06989	0.01594	0.02056	0.12665	0.00469	0.26608	0.00847	0.00418	0.00926
7	0.03049	0.02246	0.02416	0.01873	0.02507	0.02480	0.01538	0.59720	0.03788	0.05077	0.02126	0.05460	0.01620	0.01079	0.00843	0.00254	0.00892	0.00830	0.00828	0.01375
8	0.01028	0.00807	0.00930	0.00976	0.01170	0.00709	0.00703	0.01253	0.01889	0.02415	0.18100	0.26508	0.36204	0.02177	0.01005	0.00294	0.00434	0.01890	0.00799	0.00709
9	0.02986	0.06991	0.02522	0.02321	0.07132	0.59681	0.01665	0.03222	0.02289	0.02079	0.01298	0.01531	0.01088	0.00841	0.00744	0.00215	0.01432	0.00546	0.00423	0.00994
10	0.03000	0.11048	0.02547	0.01855	0.02414	0.25369	0.01501	0.24672	0.02788	0.10766	0.01805	0.01898	0.01357	0.01163	0.03911	0.00280	0.01155	0.00653	0.00636	0.01180
11	0.01885	0.02271	0.15549	0.21962	0.08737	0.01992	0.05189	0.05974	0.21925	0.02888	0.02135	0.02383	0.01595	0.00912	0.00834	0.00272	0.00983	0.00790	0.00547	0.01177
12	0.02478	0.02878	0.02729	0.02816	0.15406	0.33000	0.04586	0.02762	0.01939	0.02191	0.01304	0.01735	0.01134	0.00993	0.01328	0.00266	0.20371	0.00651	0.00406	0.01027
13	0.01030	0.00843	0.00908	0.00892	0.01152	0.00722	0.00669	0.01286	0.02007	0.02514	0.22529	0.07550	0.51003	0.02003	0.00981	0.00276	0.00414	0.01691	0.00807	0.00722
14	0.01550	0.01255	0.01329	0.01243	0.01604	0.01295	0.00951	0.02661	0.28103	0.05307	0.05870	0.09311	0.32894	0.01678	0.00923	0.00283	0.00535	0.01409	0.00813	0.00987
15	0.01167	0.00829	0.00983	0.00983	0.01059	0.00836	0.00634	0.01262	0.01346	0.01780	0.03489	0.05413	0.13044	0.46355	0.16609	0.00827	0.01032	0.01233	0.00535	0.00584
16	0.12157	0.13427	0.02710	0.02465	0.15226	0.29006	0.01664	0.06399	0.05010	0.02629	0.01444	0.01671	0.01186	0.00820	0.00710	0.00226	0.01117	0.00583	0.00467	0.01085
17	0.01666	0.04297	0.66500	0.02368	0.03596	0.01929	0.03069	0.02631	0.01754	0.02631	0.01491	0.01754	0.01052	0.00789	0.00789	0.00263	0.01228	0.00614	0.00351	0.01228
18	0.01869	0.02552	0.21062	0.14363	0.38668	0.01941	0.02658	0.02505	0.01816	0.02597	0.01529	0.01996	0.01209	0.00768	0.00814	0.00256	0.01074	0.00704	0.00388	0.01229
19	0.01569	0.01477	0.02492	0.68808	0.05722	0.01846	0.02307	0.02123	0.01661	0.02123	0.01477	0.02215	0.01107	0.00831	0.00831	0.00277	0.01107	0.00738	0.00369	0.00923
20	0.01012	0.00723	0.00964	0.01157	0.01205	0.00675	0.00771	0.01157	0.01591	0.02121	0.04579	0.70262	0.05495	0.02603	0.01060	0.00337	0.00482	0.02362	0.00771	0.00675
21	0.01157	0.00877	0.01119	0.01172	0.01361	0.00763	0.00815	0.01348	0.01617	0.02240	0.03946	0.56276	0.04624	0.02197	0.00970	0.00294	0.00509	0.01980	0.00714	0.16022
22	0.02593	0.42941	0.03511	0.01724	0.02316	0.30318	0.01499	0.02837	0.01969	0.01988	0.01209	0.01402	0.01068	0.00772	0.00624	0.00193	0.01145	0.00482	0.00386	0.01023
23	0.01010	0.00845	0.00885	0.00909	0.01172	0.00720	0.00692	0.01231	0.01881	0.02257	0.07931	0.10998	0.57892	0.02142	0.00998	0.00291	0.00450	0.06223	0.00771	0.00705
24	0.02685	0.02776	0.02097	0.02001	0.06792	0.34969	0.01437	0.14531	0.02484	0.02947	0.01766	0.01998	0.01395	0.00900	0.00732	0.00219	0.01096	0.00646	0.17498	0.01033
25	0.03103	0.03959	0.02354	0.02140	0.02568	0.67469	0.01605	0.03317	0.02354	0.02033	0.01284	0.01498	0.01070	0.00856	0.00749	0.00214	0.01498	0.00535	0.00428	0.00963
26	0.01066	0.00865	0.00958	0.00994	0.01251	0.00758	0.00784	0.01322	0.01924	0.02356	0.10864	0.08173	0.49632	0.02120	0.01016	0.00300	0.00489	0.13631	0.00778	0.00719
27	0.03005	0.03796	0.02369	0.02143	0.02539	0.62521	0.01621	0.03217	0.02272	0.02031	0.01269	0.01522	0.01072	0.00902	0.00900	0.00225	0.06664	0.00550	0.00423	0.00959
28	0.01025	0.00762	0.00956	0.01079	0.01192	0.00693	0.00744	0.01213	0.01742	0.02289	0.12534	0.49975	0.17973	0.02394	0.01035	0.00317	0.00459	0.02136	0.00788	0.00693
29	0.03030	0.03736	0.02435	0.02344	0.07153	0.59557	0.01673	0.06152	0.02396	0.02238	0.01339	0.01563	0.01105	0.00855	0.00758	0.00218	0.01433	0.00560	0.00446	0.01011
30	0.03103	0.03959	0.02354	0.02140	0.02568	0.67469	0.01605	0.03317	0.02354	0.02033	0.01284	0.01498	0.01070	0.00856	0.00749	0.00214	0.01498	0.00535	0.00428	0.00963
31	0.00984	0.00833	0.00851	0.00866	0.01128	0.00699	0.00642	0.01190	0.01870	0.02235	0.08123	0.12740	0.60729	0.02142	0.00988	0.00285	0.00425	0.01800	0.00771	0.00699
32	0.01036	0.00740	0.00991	0.01184	0.01242	0.00695	0.00812	0.01198	0.01614	0.02147	0.04566	0.65835	0.05443	0.02580	0.01067	0.00341	0.00503	0.06555	0.00771	0.00681
33	0.01187	0.00890	0.01335	0.01335	0.01483	0.01038	0.01038	0.01483	0.01335	0.01928	0.02225	0.03264	0.02077	0.06231	0.67512	0.01335	0.02225	0.00890	0.00445	0.00742
34	0.01220	0.00821	0.00987	0.00987	0.01027	0.00851	0.00616	0.01298	0.01259	0.01745	0.02542	0.04884	0.02786	0.54367	0.16972	0.00885	0.01076	0.01123	0.03989	0.00565
35	0.01187	0.00890	0.01335	0.01335	0.01483	0.01038	0.01038	0.01483	0.01335	0.01928	0.02225	0.03264	0.02077	0.06231	0.67512	0.01335	0.02225	0.00890	0.00445	0.00742
36	0.01149	0.00780	0.00924	0.00982	0.00997	0.00766	0.00584	0.01193	0.01324	0.01765	0.03211	0.25066	0.03769	0.50152	0.03269	0.00664	0.00707	0.01557	0.00584	0.00555
37	0.01418	0.00950	0.01235	0.01192	0.01343	0.01102	0.00932	0.01740	0.01504	0.02443	0.02301	0.03020	0.01983	0.03386	0.30858	0.00726	0.09365	0.00821	0.32904	0.00776
38	0.02671	0.01857	0.01973	0.01567	0.02089	0.02031	0.01277	0.44406	0.03251	0.04588	0.02211	0.02328	0.01630	0.00988	0.00755	0.00232	0.00755	0.00756	0.23416	0.01219
39	0.03103	0.03959	0.02354	0.02140	0.02568	0.67469	0.01605	0.03317	0.02354	0.02033	0.01284	0.01498	0.01070	0.00856	0.00749	0.00214	0.01498	0.00535	0.00428	0.00963
40	0.01808	0.02912	0.27686	0.10869	0.06709	0.02001	0.30678	0.02581	0.01845	0.02588	0.01580	0.02047	0.01166	0.00751	0.00884	0.00272	0.01284	0.00804	0.00388	0.01145
41	0.01895	0.08672	0.43523	0.02064	0.03038	0.02003	0.02429	0.12375	0.02173	0.03090	0.09086	0.02288	0.01916	0.00925	0.00799	0.00254	0.01052	0.00728	0.00497	0.01193
42	0.01451	0.06543	0.01767	0.01488	0.01678	0.05212	0.01192	0.01727	0.01413	0.01945	0.01955	0.02844	0.01825	0.04935	0.50898	0.01067	0.10018	0.00816	0.00428	0.00799
43	0.05520	0.01206	0.01483	0.01342	0.01680	0.01203	0.03447	0.05240	0.12300	0.10570	0.14505	0.20593	0.14187	0.01689	0.00929	0.00286	0.00580	0.01468	0.00814	0.00958
44	0.01534	0.01063	0.01379	0.01476	0.04493	0.01029	0.01040	0.07433	0.01903	0.06293	0.03760	0.38217	0.04162	0.07062	0.01232	0.00348	0.00636	0.10931	0.00738	0.05271
45	0.02496	0.02579	0.02143	0.04860	0.09814	0.32198	0.01525	0.07073	0.02213	0.07260	0.02275	0.17312	0.02203	0.01261	0.00844	0.00254	0.01089	0.01020	0.00576	0.01005
46	0.10192	0.00899	0.00930	0.00965	0.01193	0.00887	0.00736	0.01665	0.01732	0.02743	0.04393	0.15720	0.18242	0.01620	0.00805	0.00264	0.00478	0.07010	0.28771	0.00754

[dist]
# distance from previous block
# <min> <max>
1	32

[block]
# block no. 4 follows, 22 sequences, length 14
# corresponding to MSA columns:
# 492-505
name=unknown_E
#
# <colnr> <probs for GDERKNQSTAVLIFYWHMCP>
#	G	D	E	R	K	N	Q	S	T	A	V	L	I	F	Y	W	H	M	C	P
0	0.12996	0.03001	0.05854	0.08301	0.02721	0.36548	0.01601	0.03213	0.08929	0.06859	0.01664	0.01828	0.01278	0.00880	0.00743	0.00239	0.01180	0.00612	0.00517	0.01035
1	0.01953	0.01957	0.02953	0.17254	0.35999	0.08078	0.06422	0.02435	0.01944	0.02593	0.08535	0.02505	0.01965	0.00872	0.00845	0.00254	0.01024	0.00821	0.00460	0.01130
2	0.02469	0.02743	0.02118	0.05546	0.02404	0.37390	0.01505	0.02690	0.02003	0.05775	0.01972	0.14056	0.01930	0.01277	0.01139	0.00267	0.12356	0.00924	0.00511	0.00926
3	0.01123	0.00839	0.01043	0.01009	0.01213	0.00759	0.00750	0.01460	0.02202	0.03017	0.48955	0.10968	0.19906	0.01847	0.00986	0.00271	0.00404	0.01615	0.00874	0.00759
4	0.01187	0.00890	0.01335	0.01335	0.01483	0.01038	0.01038	0.01483	0.01335	0.01928	0.02225	0.03264	0.02077	0.06231	0.67512	0.01335	0.02225	0.00890	0.00445	0.00742
5	0.02171	0.01836	0.01937	0.01712	0.02200	0.02115	0.01340	0.09993	0.58373	0.03643	0.03249	0.02994	0.02429	0.01115	0.00844	0.00279	0.00682	0.00921	0.00844	0.01324
6	0.01187	0.00890	0.01335	0.01335	0.01483	0.01038	0.01038	0.01483	0.01335	0.01928	0.02225	0.03264	0.02077	0.06231	0.67512	0.01335	0.02225	0.00890	0.00445	0.00742
7	0.02221	0.71304	0.04353	0.01421	0.02132	0.03287	0.01421	0.02488	0.01688	0.01955	0.01155	0.01333	0.01066	0.00711	0.00533	0.00178	0.00888	0.00444	0.00355	0.01066
8	0.03158	0.02327	0.02493	0.01911	0.02576	0.02576	0.01579	0.62852	0.03906	0.05236	0.01995	0.01995	0.01413	0.00997	0.00831	0.00249	0.00914	0.00748	0.00831	0.01413
9	0.01187	0.00890	0.01335	0.01335	0.01483	0.01038	0.01038	0.01483	0.01335	0.01928	0.02225	0.03264	0.02077	0.06231	0.67512	0.01335	0.02225	0.00890	0.00445	0.00742
10	0.01963	0.01290	0.01430	0.01213	0.01640	0.01238	0.00963	0.16374	0.02480	0.13536	0.09479	0.05608	0.36196	0.01639	0.00922	0.00268	0.00584	0.01348	0.00837	0.00993
11	0.01208	0.00805	0.00906	0.00906	0.00906	0.00805	0.00503	0.01208	0.01208	0.01611	0.02618	0.05436	0.03020	0.70804	0.04228	0.00805	0.00805	0.01208	0.00503	0.00503
12	0.10056	0.16091	0.41330	0.02114	0.03090	0.02209	0.06077	0.02558	0.01696	0.02601	0.01386	0.01664	0.01052	0.00797	0.00809	0.00252	0.04111	0.00592	0.00374	0.01141
13	0.09549	0.05688	0.09416	0.11913	0.06186	0.32355	0.01815	0.03017	0.07945	0.02443	0.01532	0.01792	0.01210	0.00851	0.00748	0.00239	0.01200	0.00611	0.00455	0.01036

[dist]
# distance from previous block
# <min> <max>
0	1

[block]
# block no. 5 follows, 22 sequences, length 6
# corresponding to MSA columns:
# 507-512
name=unknown_F
#
# <colnr> <probs for GDERKNQSTAVLIFYWHMCP>
#	G	D	E	R	K	N	Q	S	T	A	V	L	I	F	Y	W	H	M	C	P
0	0.02150	0.48470	0.20232	0.01725	0.02546	0.08212	0.01862	0.02593	0.01760	0.02136	0.01252	0.01455	0.01063	0.00743	0.00617	0.00203	0.01026	0.00495	0.00360	0.01099
1	0.23111	0.07048	0.17287	0.05343	0.06238	0.02089	0.17473	0.02502	0.01674	0.02840	0.01396	0.01777	0.01082	0.00804	0.00888	0.00267	0.06028	0.00670	0.00420	0.01064
2	0.20758	0.01268	0.05715	0.01331	0.01624	0.01151	0.01127	0.01754	0.01648	0.02677	0.03425	0.30199	0.03789	0.01913	0.00925	0.00324	0.00657	0.18242	0.00673	0.00797
3	0.02892	0.11257	0.02631	0.01855	0.02466	0.12215	0.01529	0.38941	0.11048	0.04121	0.01959	0.01977	0.01461	0.00956	0.00783	0.00239	0.00965	0.00702	0.00713	0.01290
4	0.02290	0.55358	0.10143	0.01614	0.02336	0.12116	0.01608	0.02617	0.01787	0.02032	0.01206	0.01397	0.01065	0.00739	0.00588	0.00191	0.01007	0.00473	0.00365	0.01067
5	0.01580	0.01354	0.09480	0.01273	0.01634	0.00993	0.01109	0.01936	0.01945	0.11999	0.23401	0.12318	0.11360	0.09363	0.06142	0.00408	0.00736	0.01340	0.00749	0.00879

[dist]
# distance from previous block
# <min> <max>
4	10

[block]
# block no. 6 follows, 22 sequences, length 22
# corresponding to MSA columns:
# 523-544
name=unknown_G
#
# <colnr> <probs for GDERKNQSTAVLIFYWHMCP>
#	G	D	E	R	K	N	Q	S	T	A	V	L	I	F	Y	W	H	M	C	P
0	0.02847	0.13994	0.02804	0.04670	0.02609	0.05603	0.01599	0.43625	0.03203	0.04204	0.01743	0.01858	0.01306	0.00964	0.00894	0.00244	0.05181	0.00685	0.00684	0.01282
1	0.02619	0.02086	0.02670	0.15903	0.15877	0.02309	0.01919	0.38610	0.03053	0.04107	0.01804	0.02051	0.01332	0.00912	0.00829	0.00254	0.00967	0.00744	0.00654	0.01296
2	0.02730	0.02868	0.11898	0.02138	0.02837	0.14796	0.07027	0.32310	0.08546	0.03866	0.01883	0.01985	0.01383	0.00926	0.00823	0.00250	0.01090	0.00725	0.00650	0.01266
3	0.02860	0.08801	0.02553	0.01822	0.02454	0.02547	0.01514	0.45929	0.15201	0.04586	0.02179	0.02143	0.01594	0.00995	0.00805	0.00249	0.00863	0.00756	0.00788	0.01361
4	0.02906	0.02202	0.02351	0.01860	0.02480	0.02458	0.01518	0.49352	0.17816	0.04829	0.02315	0.02250	0.01672	0.01027	0.00834	0.00257	0.00855	0.00792	0.00834	0.01390
5	0.00982	0.00842	0.00842	0.00842	0.01122	0.00701	0.00631	0.01192	0.01894	0.02244	0.08416	0.07995	0.65285	0.02104	0.00982	0.00281	0.00421	0.01753	0.00771	0.00701
6	0.03054	0.02275	0.02435	0.01890	0.02537	0.02528	0.01554	0.57280	0.09648	0.05068	0.02127	0.02100	0.01520	0.01010	0.00832	0.00252	0.00890	0.00766	0.00832	0.01403
7	0.02221	0.71304	0.04353	0.01421	0.02132	0.03287	0.01421	0.02488	0.01688	0.01955	0.01155	0.01333	0.01066	0.00711	0.00533	0.00178	0.00888	0.00444	0.00355	0.01066
8	0.01666	0.04297	0.66500	0.02368	0.03596	0.01929	0.03069	0.02631	0.01754	0.02631	0.01491	0.01754	0.01052	0.00789	0.00789	0.00263	0.01228	0.00614	0.00351	0.01228
9	0.01992	0.32808	0.36063	0.01951	0.02909	0.06568	0.02277	0.02612	0.01763	0.02306	0.01335	0.01559	0.01059	0.00760	0.00678	0.00224	0.01100	0.00537	0.00358	0.01143
10	0.01012	0.00723	0.00964	0.01157	0.01205	0.00675	0.00771	0.01157	0.01591	0.02121	0.04579	0.70262	0.05495	0.02603	0.01060	0.00337	0.00482	0.02362	0.00771	0.00675
11	0.01012	0.00723	0.00964	0.01157	0.01205	0.00675	0.00771	0.01157	0.01591	0.02121	0.04579	0.70262	0.05495	0.02603	0.01060	0.00337	0.00482	0.02362	0.00771	0.00675
12	0.01087	0.00776	0.01050	0.01242	0.01323	0.00739	0.00901	0.01286	0.01664	0.02204	0.04538	0.56343	0.05331	0.02532	0.01080	0.00348	0.00547	0.15545	0.00770	0.00695
13	0.01012	0.00723	0.00964	0.01157	0.01205	0.00675	0.00771	0.01157	0.01591	0.02121	0.04579	0.70262	0.05495	0.02603	0.01060	0.00337	0.00482	0.02362	0.00771	0.00675
14	0.01827	0.01721	0.02813	0.34887	0.31257	0.01922	0.02317	0.02526	0.07717	0.02507	0.01695	0.02231	0.01334	0.00820	0.00828	0.00264	0.01012	0.00758	0.00433	0.01130
15	0.01393	0.01193	0.01730	0.01611	0.01711	0.01530	0.01293	0.01652	0.01315	0.01952	0.01855	0.02792	0.01755	0.04672	0.46371	0.01018	0.24108	0.00837	0.00418	0.00796
16	0.18234	0.34246	0.03029	0.01590	0.02166	0.24278	0.01372	0.02753	0.01851	0.02355	0.01198	0.01391	0.01032	0.00772	0.00601	0.00206	0.01039	0.00476	0.00413	0.00997
17	0.02738	0.25488	0.06723	0.01924	0.02489	0.43159	0.01632	0.03012	0.02107	0.02043	0.01255	0.01460	0.01068	0.00806	0.00682	0.00205	0.01288	0.00511	0.00400	0.01011
18	0.09466	0.17701	0.07727	0.01701	0.02320	0.19664	0.01498	0.03286	0.07971	0.18143	0.01952	0.01949	0.01435	0.00879	0.00714	0.00231	0.00991	0.00626	0.00601	0.01146
19	0.02071	0.16139	0.34140	0.01965	0.02873	0.02231	0.02209	0.16420	0.02292	0.03168	0.07273	0.02131	0.01749	0.00904	0.00768	0.00244	0.01016	0.00693	0.00513	0.01200
20	0.20026	0.02911	0.31609	0.01863	0.02697	0.01943	0.02046	0.13972	0.02039	0.03319	0.01584	0.01862	0.01193	0.01399	0.07780	0.00372	0.01132	0.00629	0.00492	0.01132
21	0.10618	0.21838	0.21081	0.01677	0.02380	0.02150	0.01761	0.07270	0.01776	0.02622	0.01569	0.01957	0.01305	0.02039	0.16102	0.00485	0.01269	0.00622	0.00433	0.01047

[dist]
# distance from previous block
# <min> <max>
23	117

[block]
# block no. 7 follows, 22 sequences, length 125
# corresponding to MSA columns:
# 685-809
name=unknown_H
#
# <colnr> <probs for GDERKNQSTAVLIFYWHMCP>
#	G	D	E	R	K	N	Q	S	T	A	V	L	I	F	Y	W	H	M	C	P
0	0.01334	0.01064	0.01384	0.01267	0.01571	0.00952	0.03709	0.05022	0.01903	0.02607	0.11774	0.33497	0.12572	0.01856	0.00936	0.00271	0.00556	0.01653	0.00722	0.15350
1	0.11802	0.01918	0.02259	0.02319	0.14821	0.02081	0.01562	0.23172	0.17176	0.07916	0.02484	0.02494	0.04339	0.00997	0.00800	0.00259	0.00800	0.00802	0.00721	0.01276
2	0.02586	0.01940	0.02080	0.01670	0.02211	0.02124	0.01335	0.38591	0.15399	0.04283	0.02342	0.02586	0.01819	0.07552	0.01126	0.00298	0.00806	0.00817	0.05086	0.05347
3	0.09793	0.01805	0.01831	0.01539	0.02051	0.09746	0.01223	0.06312	0.15931	0.28045	0.10336	0.02956	0.02605	0.01085	0.00814	0.00257	0.00760	0.00862	0.00842	0.01211
4	0.01666	0.04297	0.66500	0.02368	0.03596	0.01929	0.03069	0.02631	0.01754	0.02631	0.01491	0.01754	0.01052	0.00789	0.00789	0.00263	0.01228	0.00614	0.00351	0.01228
5	0.01723	0.01477	0.01723	0.01230	0.01969	0.01107	0.00984	0.02092	0.01723	0.02707	0.01477	0.01723	0.01230	0.00615	0.00615	0.00123	0.00615	0.00492	0.00492	0.75883
6	0.02521	0.02010	0.02134	0.01783	0.02333	0.02279	0.01425	0.28744	0.39052	0.04208	0.02804	0.02639	0.02068	0.01073	0.00839	0.00268	0.00764	0.00860	0.00839	0.01356
7	0.02056	0.01974	0.03372	0.05099	0.65622	0.01974	0.02550	0.02550	0.01892	0.02714	0.01563	0.02056	0.01316	0.00740	0.00822	0.00247	0.00987	0.00740	0.00411	0.01316
8	0.01339	0.00956	0.01339	0.01530	0.01721	0.00956	0.01339	0.01721	0.01912	0.02486	0.04399	0.09371	0.04781	0.02295	0.01147	0.00382	0.00765	0.60031	0.00765	0.00765
9	0.03109	0.03792	0.02368	0.02117	0.02569	0.60814	0.01602	0.09423	0.02513	0.02362	0.01357	0.01549	0.01105	0.00871	0.00757	0.00218	0.01438	0.00557	0.00469	0.01009
10	0.02028	0.01945	0.03321	0.08773	0.62168	0.01966	0.02536	0.02525	0.01878	0.02680	0.01558	0.02065	0.01304	0.00745	0.00823	0.00248	0.00994	0.00740	0.00409	0.01293
11	0.01690	0.07137	0.63867	0.02328	0.03534	0.01987	0.03000	0.02625	0.01751	0.02602	0.01477	0.01736	0.01053	0.00786	0.00778	0.00259	0.01213	0.00607	0.00351	0.01221
12	0.01137	0.00848	0.01057	0.01005	0.01217	0.00767	0.00753	0.01493	0.02260	0.03115	0.53879	0.06562	0.19278	0.01779	0.00980	0.00265	0.00398	0.01552	0.00886	0.00767
13	0.01666	0.04297	0.66500	0.02368	0.03596	0.01929	0.03069	0.02631	0.01754	0.02631	0.01491	0.01754	0.01052	0.00789	0.00789	0.00263	0.01228	0.00614	0.00351	0.01228
14	0.03041	0.02236	0.02439	0.01914	0.02529	0.08224	0.04998	0.39530	0.05624	0.14381	0.02281	0.05077	0.01695	0.01046	0.00843	0.00254	0.00934	0.00833	0.00800	0.01319
15	0.01077	0.00769	0.01039	0.01231	0.01308	0.00731	0.00884	0.01269	0.01655	0.02193	0.04543	0.58137	0.05352	0.02541	0.01078	0.00346	0.00538	0.13845	0.00770	0.00693
16	0.01261	0.00931	0.01231	0.01380	0.01591	0.00901	0.01185	0.01606	0.01908	0.02434	0.05271	0.09072	0.17922	0.02253	0.01111	0.00360	0.00690	0.47373	0.00766	0.00751
17	0.03103	0.03959	0.02354	0.02140	0.02568	0.67469	0.01605	0.03317	0.02354	0.02033	0.01284	0.01498	0.01070	0.00856	0.00749	0.00214	0.01498	0.00535	0.00428	0.00963
18	0.02056	0.01974	0.03372	0.05099	0.65622	0.01974	0.02550	0.02550	0.01892	0.02714	0.01563	0.02056	0.01316	0.00740	0.00822	0.00247	0.00987	0.00740	0.00411	0.01316
19	0.03727	0.01414	0.01928	0.01478	0.02121	0.01221	0.01221	0.04049	0.02378	0.66198	0.03277	0.02828	0.02056	0.01028	0.00835	0.00257	0.00707	0.00835	0.01028	0.01414
20	0.03103	0.03959	0.02354	0.02140	0.02568	0.67469	0.01605	0.03317	0.02354	0.02033	0.01284	0.01498	0.01070	0.00856	0.00749	0.00214	0.01498	0.00535	0.00428	0.00963
21	0.03028	0.03357	0.02349	0.02043	0.02535	0.45344	0.01573	0.18542	0.08069	0.02971	0.01645	0.01762	0.01283	0.00915	0.00778	0.00229	0.01277	0.00624	0.00566	0.01108
22	0.01767	0.01420	0.01270	0.01220	0.01455	0.12501	0.00924	0.04661	0.01835	0.02662	0.02435	0.07121	0.02117	0.02317	0.16708	0.00483	0.01050	0.00861	0.36371	0.00821
23	0.01187	0.00890	0.01335	0.01335	0.01483	0.01038	0.01038	0.01483	0.01335	0.01928	0.02225	0.03264	0.02077	0.06231	0.67512	0.01335	0.02225	0.00890	0.00445	0.00742
24	0.00982	0.00842	0.00842	0.00842	0.01122	0.00701	0.00631	0.01192	0.01894	0.02244	0.08416	0.07995	0.65285	0.02104	0.00982	0.00281	0.00421	0.01753	0.00771	0.00701
25	0.03059	0.03108	0.02345	0.01980	0.02501	0.36266	0.01549	0.29194	0.03003	0.03475	0.01656	0.01785	0.01266	0.00922	0.00777	0.00228	0.01195	0.00638	0.03900	0.01151
26	0.01989	0.02163	0.04455	0.03968	0.22237	0.02064	0.45068	0.02629	0.01941	0.02677	0.01646	0.02187	0.01277	0.00712	0.00934	0.00270	0.01280	0.00910	0.00418	0.01178
27	0.02891	0.03613	0.02377	0.08399	0.02844	0.57881	0.01682	0.03136	0.02232	0.02040	0.01292	0.01582	0.01075	0.00885	0.00861	0.00228	0.05042	0.00564	0.00419	0.00956
28	0.01203	0.00824	0.00999	0.00999	0.01031	0.00856	0.00620	0.01268	0.01236	0.01680	0.02532	0.04964	0.02815	0.56779	0.17973	0.00920	0.01114	0.01139	0.00491	0.00555
29	0.02093	0.16788	0.30124	0.02148	0.05496	0.17983	0.02183	0.02658	0.01853	0.02293	0.01448	0.01765	0.01167	0.01299	0.06993	0.00335	0.01311	0.00593	0.00382	0.01090
30	0.01700	0.04079	0.60309	0.02565	0.06907	0.01940	0.05803	0.02628	0.01771	0.02637	0.01503	0.01792	0.01076	0.00783	0.00800	0.00263	0.01223	0.00638	0.00357	0.01227
31	0.01549	0.00774	0.00774	0.00774	0.00968	0.00774	0.00581	0.01936	0.01742	0.03097	0.02710	0.03097	0.02129	0.00968	0.00581	0.00194	0.00387	0.00774	0.75416	0.00774
32	0.00982	0.00842	0.00842	0.00842	0.01122	0.00701	0.00631	0.01192	0.01894	0.02244	0.08416	0.07995	0.65285	0.02104	0.00982	0.00281	0.00421	0.01753	0.00771	0.00701
33	0.01707	0.01402	0.01835	0.05056	0.15689	0.01439	0.01362	0.02601	0.19205	0.06246	0.08364	0.08285	0.20546	0.01424	0.00899	0.00274	0.00657	0.01231	0.00719	0.01058
34	0.01005	0.00793	0.00907	0.00984	0.01163	0.00695	0.00698	0.01198	0.01792	0.02252	0.09926	0.33821	0.37248	0.02289	0.01014	0.00303	0.00445	0.01993	0.00779	0.00695
35	0.01012	0.00723	0.00964	0.01157	0.01205	0.00675	0.00771	0.01157	0.01591	0.02121	0.04579	0.70262	0.05495	0.02603	0.01060	0.00337	0.00482	0.02362	0.00771	0.00675
