[name]
unknown

[dist]
# distance from previous block
# <min> <max>
5	16

[block]
# block no. 0 follows, 22 sequences, length 7
# corresponding to MSA columns:
# 17-23
name=unknown_A
#
# <colnr> <probs for GDERKNQSTAVLIFYWHMCP>
#	G	D	E	R	K	N	Q	S	T	A	V	L	I	F	Y	W	H	M	C	P
0	0.01296	0.00956	0.01191	0.01188	0.01350	0.00991	0.00858	0.06961	0.01700	0.02273	0.03829	0.21813	0.12649	0.16047	0.22253	0.00717	0.01114	0.01452	0.00626	0.00736
1	0.01196	0.00856	0.01146	0.01130	0.01278	0.00901	0.00837	0.01469	0.01625	0.02313	0.18210	0.04629	0.07729	0.14813	0.32771	0.00850	0.01322	0.01140	0.05072	0.00713
2	0.02462	0.01525	0.01759	0.01454	0.01907	0.01571	0.01148	0.21961	0.08648	0.17579	0.12645	0.06481	0.05765	0.06771	0.01131	0.00303	0.00692	0.01054	0.04000	0.01144
3	0.02205	0.01617	0.01743	0.01544	0.01905	0.07843	0.01210	0.02985	0.17686	0.17101	0.06495	0.09862	0.10223	0.01614	0.03860	0.00327	0.08838	0.01110	0.00761	0.01072
4	0.01144	0.00778	0.00925	0.00988	0.01004	0.00763	0.00591	0.01191	0.01333	0.01778	0.03261	0.26692	0.03832	0.48442	0.03190	0.00652	0.00699	0.01586	0.00591	0.00560
5	0.01053	0.00761	0.00969	0.01086	0.01174	0.00707	0.00734	0.01228	0.01699	0.02268	0.14018	0.48295	0.11297	0.09001	0.01346	0.00366	0.00494	0.02061	0.00767	0.00677
6	0.01334	0.00998	0.01199	0.01113	0.01304	0.00946	0.00765	0.01487	0.01456	0.02098	0.02759	0.20400	0.03060	0.29510	0.02312	0.00471	0.04852	0.01278	0.04902	0.17757

[dist]
# distance from previous block
# <min> <max>
1	4

[block]
# block no. 1 follows, 22 sequences, length 15
# corresponding to MSA columns:
# 28-42
name=unknown_B
#
# <colnr> <probs for GDERKNQSTAVLIFYWHMCP>
#	G	D	E	R	K	N	Q	S	T	A	V	L	I	F	Y	W	H	M	C	P
0	0.01187	0.00895	0.01162	0.01189	0.01303	0.00896	0.00831	0.01359	0.01535	0.02129	0.07663	0.36672	0.04205	0.15593	0.08657	0.00509	0.04951	0.01674	0.00648	0.06942
1	0.01060	0.00805	0.00903	0.00943	0.01091	0.00728	0.00638	0.01211	0.01670	0.02113	0.09393	0.21403	0.31749	0.20379	0.01859	0.00431	0.00535	0.01733	0.00709	0.00648
2	0.05735	0.01171	0.01520	0.14962	0.02356	0.01144	0.01156	0.01747	0.01646	0.02375	0.05083	0.12834	0.06783	0.09202	0.01291	0.02833	0.00715	0.05970	0.00560	0.20915
3	0.06336	0.01318	0.01623	0.12654	0.02328	0.01347	0.01205	0.05834	0.01817	0.02679	0.02901	0.03708	0.10941	0.05318	0.01106	0.00273	0.05169	0.05781	0.07953	0.19708
4	0.01390	0.01346	0.08037	0.01221	0.01600	0.01007	0.01037	0.01741	0.01764	0.02581	0.19103	0.04317	0.03669	0.17187	0.06021	0.00426	0.00763	0.03841	0.05073	0.17879
5	0.02050	0.02309	0.02806	0.02299	0.02690	0.21116	0.20006	0.02382	0.01858	0.02210	0.02084	0.15079	0.02091	0.05520	0.01386	0.00316	0.11304	0.01088	0.00486	0.00920
6	0.01753	0.01619	0.02537	0.06963	0.39647	0.01629	0.01959	0.02311	0.06201	0.02622	0.03320	0.03959	0.14741	0.01180	0.00884	0.00269	0.00836	0.05905	0.00542	0.01124
7	0.01740	0.01276	0.01357	0.01215	0.01553	0.01342	0.00934	0.12014	0.16234	0.03268	0.10498	0.04458	0.16428	0.05883	0.01047	0.00288	0.00568	0.01123	0.17808	0.00966
8	0.02746	0.02507	0.02224	0.01954	0.05334	0.20207	0.01459	0.33052	0.02968	0.03656	0.02257	0.02607	0.05608	0.08305	0.01172	0.00299	0.01036	0.00802	0.00661	0.01143
9	0.01760	0.00978	0.01000	0.00923	0.01179	0.01011	0.00712	0.09927	0.02026	0.03378	0.02616	0.02953	0.02035	0.00972	0.00614	0.00201	0.00456	0.00771	0.65631	0.00858
10	0.01232	0.01018	0.01254	0.05639	0.04533	0.00983	0.00968	0.01712	0.07183	0.02664	0.22310	0.08574	0.32264	0.01793	0.00964	0.00281	0.00523	0.04514	0.00773	0.00820
11	0.02097	0.02183	0.02019	0.01791	0.02100	0.21121	0.01407	0.05249	0.07015	0.02331	0.01729	0.02224	0.01503	0.02453	0.19411	0.00549	0.15294	0.00710	0.00479	0.08334
12	0.01258	0.01020	0.01289	0.08122	0.01822	0.00934	0.00967	0.01610	0.02016	0.02732	0.27751	0.05800	0.22683	0.01592	0.00917	0.00254	0.00535	0.05149	0.00738	0.12811
13	0.42039	0.02019	0.10003	0.01459	0.02052	0.01940	0.01322	0.03122	0.22298	0.03500	0.01940	0.01984	0.01463	0.00892	0.00660	0.00266	0.00724	0.00634	0.00603	0.01081
14	0.02739	0.03141	0.02660	0.02944	0.20029	0.39911	0.01878	0.07992	0.02289	0.02487	0.01409	0.01714	0.01168	0.00872	0.00898	0.00235	0.05466	0.00621	0.00453	0.01095

[dist]
# distance from previous block
# <min> <max>
0	14

[block]
# block no. 2 follows, 22 sequences, length 14
# corresponding to MSA columns:
# 57-70
name=unknown_C
#
# <colnr> <probs for GDERKNQSTAVLIFYWHMCP>
#	G	D	E	R	K	N	Q	S	T	A	V	L	I	F	Y	W	H	M	C	P
0	0.02382	0.59005	0.03988	0.01553	0.02212	0.15009	0.01455	0.02639	0.01810	0.01969	0.01179	0.01363	0.01067	0.00737	0.00573	0.00184	0.01000	0.00461	0.00369	0.01047
1	0.01187	0.00890	0.01335	0.01335	0.01483	0.01038	0.01038	0.01483	0.01335	0.01928	0.02225	0.03264	0.02077	0.06231	0.67512	0.01335	0.02225	0.00890	0.00445	0.00742
2	0.01059	0.00804	0.00957	0.01000	0.01166	0.00722	0.00708	0.01284	0.01877	0.02458	0.22167	0.26887	0.26924	0.06649	0.01219	0.00328	0.00457	0.01841	0.00792	0.00702
3	0.02540	0.02044	0.02671	0.15489	0.03329	0.02271	0.08576	0.37160	0.07058	0.04050	0.01957	0.02198	0.01439	0.01183	0.03963	0.00311	0.01052	0.00791	0.00675	0.01244
4	0.01970	0.40965	0.32492	0.01850	0.02795	0.02672	0.02168	0.02552	0.01718	0.02261	0.01307	0.01523	0.01060	0.00746	0.00649	0.00216	0.01042	0.00521	0.00353	0.01139
5	0.01012	0.00723	0.00964	0.01157	0.01205	0.00675	0.00771	0.01157	0.01591	0.02121	0.04579	0.70262	0.05495	0.02603	0.01060	0.00337	0.00482	0.02362	0.00771	0.00675
6	0.01120	0.00833	0.01145	0.01182	0.01278	0.00787	0.03683	0.01276	0.01580	0.02112	0.08727	0.42474	0.07457	0.20168	0.01871	0.00448	0.00601	0.01902	0.00695	0.00661
7	0.02123	0.08827	0.07383	0.04059	0.44505	0.08193	0.02328	0.02574	0.01855	0.02514	0.01454	0.01897	0.01234	0.00811	0.00945	0.00248	0.06746	0.00684	0.00400	0.01220
8	0.01247	0.00925	0.01205	0.01354	0.01527	0.00914	0.01087	0.01664	0.05831	0.02410	0.04792	0.28066	0.10915	0.02298	0.01084	0.00352	0.00634	0.32158	0.00773	0.00766
9	0.56514	0.14837	0.07259	0.01260	0.01871	0.02135	0.01178	0.02466	0.01493	0.03305	0.01184	0.01380	0.00943	0.00761	0.00541	0.00243	0.00737	0.00462	0.00471	0.00958
10	0.01009	0.00810	0.00900	0.00946	0.01156	0.00702	0.00684	0.01218	0.01855	0.02315	0.12795	0.24645	0.43653	0.02200	0.01003	0.00294	0.00435	0.01894	0.00785	0.00702
11	0.01208	0.00805	0.00906	0.00906	0.00906	0.00805	0.00503	0.01208	0.01208	0.01611	0.02618	0.05436	0.03020	0.70804	0.04228	0.00805	0.00805	0.01208	0.00503	0.00503
12	0.01952	0.42949	0.25432	0.01739	0.02584	0.02650	0.01957	0.02460	0.01684	0.02184	0.01352	0.01625	0.01139	0.01159	0.05738	0.00295	0.01107	0.00536	0.00361	0.01097
13	0.02370	0.02480	0.03058	0.08867	0.36556	0.18531	0.05475	0.07754	0.02163	0.02705	0.01528	0.01932	0.01243	0.00796	0.00814	0.00243	0.01141	0.00702	0.00448	0.01194

[dist]
# distance from previous block
# <min> <max>
0	1

[block]
# block no. 3 follows, 22 sequences, length 38
# corresponding to MSA columns:
# 72-109
name=unknown_D
#
# <colnr> <probs for GDERKNQSTAVLIFYWHMCP>
#	G	D	E	R	K	N	Q	S	T	A	V	L	I	F	Y	W	H	M	C	P
0	0.02785	0.03856	0.16822	0.02166	0.02801	0.45572	0.01932	0.09704	0.02389	0.02520	0.01409	0.01610	0.01104	0.00857	0.00767	0.00229	0.01373	0.00576	0.00455	0.01072
1	0.05548	0.01846	0.02161	0.13526	0.06133	0.02120	0.01587	0.16009	0.34704	0.03579	0.02568	0.02583	0.01918	0.01013	0.00824	0.00271	0.00805	0.00832	0.00722	0.01249
2	0.02095	0.01872	0.02051	0.06470	0.07886	0.08055	0.01531	0.09920	0.26491	0.03147	0.02830	0.03800	0.02427	0.01229	0.00877	0.00279	0.00843	0.12167	0.00700	0.05329
3	0.02027	0.01921	0.03145	0.08706	0.54560	0.01976	0.02392	0.02737	0.09037	0.02764	0.01766	0.02186	0.01443	0.00790	0.00826	0.00253	0.00957	0.00763	0.00459	0.01291
4	0.00982	0.00842	0.00842	0.00842	0.01122	0.00701	0.00631	0.01192	0.01894	0.02244	0.08416	0.07995	0.65285	0.02104	0.00982	0.00281	0.00421	0.01753	0.00771	0.00701
5	0.01990	0.01906	0.03252	0.13760	0.57479	0.01956	0.02517	0.02492	0.01860	0.02634	0.01551	0.02078	0.01288	0.00752	0.00824	0.00251	0.01003	0.00740	0.00405	0.01262
6	0.02376	0.02580	0.03061	0.04196	0.46384	0.21957	0.02261	0.02784	0.02033	0.02506	0.01478	0.01886	0.01241	0.00776	0.00800	0.00237	0.01143	0.00678	0.00416	0.01208
7	0.01666	0.04297	0.66500	0.02368	0.03596	0.01929	0.03069	0.02631	0.01754	0.02631	0.01491	0.01754	0.01052	0.00789	0.00789	0.00263	0.01228	0.00614	0.00351	0.01228
8	0.01063	0.00845	0.00955	0.00927	0.01172	0.00736	0.00695	0.01350	0.02086	0.02701	0.32285	0.07243	0.41130	0.01933	0.00981	0.00272	0.00409	0.01648	0.00832	0.00736
9	0.01191	0.00872	0.01243	0.01243	0.01359	0.00988	0.00923	0.01424	0.01308	0.01860	0.02310	0.03731	0.02280	0.20132	0.53888	0.01221	0.01920	0.00959	0.00458	0.00690
10	0.01836	0.23047	0.46229	0.02153	0.03218	0.02319	0.05308	0.02592	0.01745	0.02442	0.01405	0.01658	0.01066	0.00763	0.00726	0.00240	0.01140	0.00583	0.00355	0.01177
11	0.02446	0.02871	0.07779	0.02206	0.06264	0.30578	0.05095	0.10851	0.02363	0.02683	0.02347	0.03364	0.05116	0.01168	0.00862	0.00261	0.01177	0.10989	0.00551	0.01028
12	0.00982	0.00842	0.00842	0.00842	0.01122	0.00701	0.00631	0.01192	0.01894	0.02244	0.08416	0.07995	0.65285	0.02104	0.00982	0.00281	0.00421	0.01753	0.00771	0.00701
13	0.02936	0.16814	0.02744	0.01992	0.02485	0.52219	0.01569	0.05845	0.02296	0.02163	0.01291	0.01489	0.01085	0.00835	0.00711	0.00209	0.01355	0.00527	0.00432	0.01003
14	0.01918	0.02407	0.17336	0.20063	0.23511	0.02026	0.06030	0.07562	0.01939	0.02712	0.01539	0.02019	0.01195	0.00838	0.00947	0.00268	0.05377	0.00725	0.00420	0.01168
15	0.02115	0.01710	0.01838	0.01642	0.02107	0.01945	0.01280	0.04234	0.57016	0.07178	0.06830	0.03257	0.02804	0.01153	0.00852	0.00279	0.00646	0.00965	0.00860	0.01291
16	0.01818	0.01818	0.02545	0.02181	0.02181	0.02545	0.01818	0.01999	0.01272	0.01999	0.01091	0.01818	0.01091	0.01454	0.02726	0.00364	0.69284	0.00727	0.00364	0.00909
17	0.02055	0.02893	0.19264	0.03079	0.17275	0.13878	0.13881	0.02617	0.01866	0.02449	0.01518	0.01969	0.01222	0.01171	0.05179	0.00330	0.07109	0.00725	0.00399	0.01121
18	0.01809	0.01573	0.01726	0.01703	0.05898	0.01737	0.01230	0.03533	0.45460	0.03136	0.04461	0.04195	0.17338	0.01334	0.00876	0.00279	0.00622	0.01120	0.00801	0.01169
19	0.01195	0.00857	0.01167	0.01167	0.01257	0.00947	0.00829	0.01375	0.01285	0.01804	0.02379	0.04116	0.02447	0.31550	0.42698	0.01127	0.01668	0.01015	0.00468	0.00648
20	0.03257	0.02169	0.02395	0.01836	0.02497	0.02341	0.01517	0.52654	0.03641	0.15808	0.02217	0.02139	0.01524	0.01003	0.00832	0.00251	0.00878	0.00763	0.00865	0.01413
21	0.02671	0.01813	0.01982	0.01599	0.02110	0.01955	0.01289	0.41295	0.03163	0.08571	0.02500	0.10069	0.02048	0.01178	0.00814	0.00250	0.00759	0.00943	0.13772	0.01217
22	0.01549	0.00774	0.00774	0.00774	0.00968	0.00774	0.00581	0.01936	0.01742	0.03097	0.02710	0.03097	0.02129	0.00968	0.00581	0.00194	0.00387	0.00774	0.75416	0.00774
23	0.01981	0.01897	0.03236	0.14930	0.56379	0.01954	0.02512	0.02484	0.01856	0.02623	0.01549	0.02081	0.01284	0.00754	0.00824	0.00251	0.01006	0.00740	0.00405	0.01255
24	0.02066	0.01785	0.01878	0.01691	0.02160	0.02066	0.01315	0.04414	0.64121	0.03475	0.03381	0.03099	0.02536	0.01127	0.00845	0.00282	0.00657	0.00939	0.00845	0.01315
25	0.01549	0.00774	0.00774	0.00774	0.00968	0.00774	0.00581	0.01936	0.01742	0.03097	0.02710	0.03097	0.02129	0.00968	0.00581	0.00194	0.00387	0.00774	0.75416	0.00774
26	0.00982	0.00842	0.00842	0.00842	0.01122	0.00701	0.00631	0.01192	0.01894	0.02244	0.08416	0.07995	0.65285	0.02104	0.00982	0.00281	0.00421	0.01753	0.00771	0.00701
27	0.02056	0.01974	0.03372	0.05099	0.65622	0.01974	0.02550	0.02550	0.01892	0.02714	0.01563	0.02056	0.01316	0.00740	0.00822	0.00247	0.00987	0.00740	0.00411	0.01316
28	0.01005	0.00750	0.00936	0.01086	0.01186	0.00681	0.00740	0.01165	0.01659	0.02149	0.05443	0.56233	0.18966	0.02490	0.01043	0.00325	0.00468	0.02225	0.00771	0.00681
29	0.00995	0.00842	0.00859	0.00855	0.01130	0.00707	0.00641	0.01217	0.01924	0.02317	0.12199	0.07876	0.61456	0.02077	0.00982	0.00279	0.00419	0.01737	0.00781	0.00707
30	0.01961	0.02241	0.04902	0.03501	0.04342	0.02101	0.62605	0.02661	0.01961	0.02661	0.01681	0.02241	0.01261	0.00700	0.00980	0.00280	0.01401	0.00980	0.00420	0.01120
31	0.01012	0.00723	0.00964	0.01157	0.01205	0.00675	0.00771	0.01157	0.01591	0.02121	0.04579	0.70262	0.05495	0.02603	0.01060	0.00337	0.00482	0.02362	0.00771	0.00675
32	0.01001	0.00767	0.00919	0.01041	0.01174	0.00685	0.00720	0.01170	0.01702	0.02166	0.05990	0.47359	0.27487	0.02419	0.01031	0.00316	0.00459	0.02138	0.00771	0.00685
33	0.20753	0.01642	0.01607	0.01620	0.05758	0.08305	0.01176	0.02639	0.15336	0.02861	0.02339	0.02661	0.04189	0.02378	0.18552	0.00543	0.01155	0.00771	0.04750	0.00967
34	0.02006	0.01990	0.03595	0.09051	0.50347	0.01989	0.13591	0.02542	0.01889	0.02665	0.01579	0.02101	0.01292	0.00739	0.00852	0.00255	0.01071	0.00784	0.00410	0.01254
35	0.00982	0.00842	0.00842	0.00842	0.01122	0.00701	0.00631	0.01192	0.01894	0.02244	0.08416	0.07995	0.65285	0.02104	0.00982	0.00281	0.00421	0.01753	0.00771	0.00701
36	0.00982	0.00842	0.00842	0.00842	0.01122	0.00701	0.00631	0.01192	0.01894	0.02244	0.08416	0.07995	0.65285	0.02104	0.00982	0.00281	0.00421	0.01753	0.00771	0.00701
37	0.02010	0.02170	0.07150	0.04521	0.45737	0.02006	0.18826	0.02584	0.01903	0.02695	0.01591	0.02090	0.01287	0.00732	0.00863	0.00257	0.01112	0.00798	0.00410	0.01258

[dist]
# distance from previous block
# <min> <max>
0	2

[block]
# block no. 4 follows, 22 sequences, length 34
# corresponding to MSA columns:
# 112-145
name=unknown_E
#
# <colnr> <probs for GDERKNQSTAVLIFYWHMCP>
#	G	D	E	R	K	N	Q	S	T	A	V	L	I	F	Y	W	H	M	C	P
0	0.02317	0.06926	0.03115	0.03979	0.43183	0.17687	0.02187	0.02825	0.05213	0.02542	0.01564	0.01930	0.01304	0.00786	0.00787	0.00236	0.01085	0.00682	0.00434	0.01216
1	0.02056	0.01974	0.03372	0.05099	0.65622	0.01974	0.02550	0.02550	0.01892	0.02714	0.01563	0.02056	0.01316	0.00740	0.00822	0.00247	0.00987	0.00740	0.00411	0.01316
2	0.02012	0.01929	0.03293	0.10824	0.60239	0.01962	0.02528	0.02511	0.01871	0.02661	0.01555	0.02070	0.01297	0.00748	0.00823	0.00249	0.00998	0.00740	0.00407	0.01281
3	0.01666	0.04297	0.66500	0.02368	0.03596	0.01929	0.03069	0.02631	0.01754	0.02631	0.01491	0.01754	0.01052	0.00789	0.00789	0.00263	0.01228	0.00614	0.00351	0.01228
4	0.02020	0.01981	0.02494	0.02968	0.27056	0.09272	0.01758	0.02556	0.06855	0.02613	0.01732	0.04643	0.01507	0.00881	0.00922	0.00223	0.06519	0.00724	0.00482	0.22794
5	0.01187	0.00890	0.01335	0.01335	0.01483	0.01038	0.01038	0.01483	0.01335	0.01928	0.02225	0.03264	0.02077	0.06231	0.67512	0.01335	0.02225	0.00890	0.00445	0.00742
6	0.01061	0.00845	0.00952	0.00925	0.01171	0.00735	0.00694	0.01346	0.02081	0.02689	0.31658	0.07262	0.41765	0.01938	0.00981	0.00273	0.00409	0.01651	0.00830	0.00735
7	0.02221	0.71304	0.04353	0.01421	0.02132	0.03287	0.01421	0.02488	0.01688	0.01955	0.01155	0.01333	0.01066	0.00711	0.00533	0.00178	0.00888	0.00444	0.00355	0.01066
8	0.00982	0.00842	0.00842	0.00842	0.01122	0.00701	0.00631	0.01192	0.01894	0.02244	0.08416	0.07995	0.65285	0.02104	0.00982	0.00281	0.00421	0.01753	0.00771	0.00701
9	0.02947	0.01251	0.01619	0.01297	0.01837	0.01073	0.01053	0.03237	0.02240	0.48019	0.04738	0.04296	0.20029	0.01334	0.00877	0.00264	0.00626	0.01096	0.00955	0.01211
10	0.00982	0.00842	0.00842	0.00842	0.01122	0.00701	0.00631	0.01192	0.01894	0.02244	0.08416	0.07995	0.65285	0.02104	0.00982	0.00281	0.00421	0.01753	0.00771	0.00701
11	0.01666	0.04297	0.66500	0.02368	0.03596	0.01929	0.03069	0.02631	0.01754	0.02631	0.01491	0.01754	0.01052	0.00789	0.00789	0.00263	0.01228	0.00614	0.00351	0.01228
12	0.02051	0.50777	0.23391	0.01711	0.02580	0.02871	0.01926	0.02531	0.01708	0.02162	0.01258	0.01462	0.01062	0.00735	0.00612	0.00204	0.00992	0.00496	0.00354	0.01116
13	0.02051	0.01502	0.01630	0.01435	0.01887	0.01598	0.01125	0.07233	0.34278	0.11627	0.04709	0.04383	0.20235	0.01383	0.00882	0.00276	0.00613	0.01144	0.00848	0.01160
14	0.01012	0.00723	0.00964	0.01157	0.01205	0.00675	0.00771	0.01157	0.01591	0.02121	0.04579	0.70262	0.05495	0.02603	0.01060	0.00337	0.00482	0.02362	0.00771	0.00675
15	0.01666	0.04297	0.66500	0.02368	0.03596	0.01929	0.03069	0.02631	0.01754	0.02631	0.01491	0.01754	0.01052	0.00789	0.00789	0.00263	0.01228	0.00614	0.00351	0.01228
16	0.01380	0.01186	0.01303	0.01343	0.04567	0.01194	0.00952	0.02278	0.21623	0.02647	0.06166	0.11370	0.37273	0.01770	0.00937	0.00284	0.00528	0.01497	0.00778	0.00924
17	0.03005	0.03773	0.02450	0.02419	0.08500	0.61308	0.01694	0.03245	0.02311	0.02097	0.01310	0.01551	0.01093	0.00845	0.00756	0.00217	0.01450	0.00554	0.00426	0.00996
18	0.01012	0.00723	0.00964	0.01157	0.01205	0.00675	0.00771	0.01157	0.01591	0.02121	0.04579	0.70262	0.05495	0.02603	0.01060	0.00337	0.00482	0.02362	0.00771	0.00675
19	0.01549	0.00774	0.00774	0.00774	0.00968	0.00774	0.00581	0.01936	0.01742	0.03097	0.02710	0.03097	0.02129	0.00968	0.00581	0.00194	0.00387	0.00774	0.75416	0.00774
20	0.02728	0.22104	0.02978	0.02144	0.07624	0.35401	0.01616	0.08404	0.05275	0.02424	0.01437	0.01621	0.01191	0.00832	0.00708	0.00213	0.01195	0.00566	0.00463	0.01078
21	0.02350	0.01896	0.02295	0.01694	0.02409	0.01807	0.05987	0.27904	0.02667	0.03776	0.01712	0.01878	0.01310	0.00784	0.00735	0.00189	0.00803	0.00638	0.00630	0.38536
22	0.02189	0.07411	0.14416	0.02489	0.05528	0.20866	0.13953	0.02646	0.01859	0.02275	0.01418	0.01854	0.01172	0.01193	0.04710	0.00321	0.13570	0.00693	0.00397	0.01041
23	0.01012	0.00723	0.00964	0.01157	0.01205	0.00675	0.00771	0.01157	0.01591	0.02121	0.04579	0.70262	0.05495	0.02603	0.01060	0.00337	0.00482	0.02362	0.00771	0.00675
24	0.01443	0.00722	0.01082	0.01082	0.01082	0.00722	0.00722	0.01082	0.01082	0.01443	0.01443	0.02525	0.01443	0.02886	0.03247	0.75830	0.00722	0.00722	0.00361	0.00361
25	0.02288	0.02495	0.02855	0.03454	0.30216	0.20748	0.02079	0.02616	0.01852	0.02324	0.01353	0.01832	0.01184	0.00970	0.01326	0.00270	0.19954	0.00678	0.00403	0.01103
26	0.01876	0.02988	0.29788	0.03654	0.27856	0.01981	0.14631	0.02605	0.01848	0.02669	0.01556	0.01968	0.01196	0.00753	0.00840	0.00260	0.01168	0.00735	0.00388	0.01241
27	0.01461	0.01286	0.01831	0.01674	0.01748	0.01676	0.01341	0.01689	0.01300	0.01939	0.01759	0.02778	0.01711	0.08342	0.35351	0.00880	0.31182	0.00840	0.00413	0.00799
28	0.01208	0.00805	0.00906	0.00906	0.00906	0.00805	0.00503	0.01208	0.01208	0.01611	0.02618	0.05436	0.03020	0.70804	0.04228	0.00805	0.00805	0.01208	0.00503	0.00503
29	0.02741	0.03400	0.02132	0.01956	0.02344	0.55420	0.01471	0.02963	0.02213	0.02039	0.01932	0.02182	0.06125	0.01511	0.07703	0.00336	0.01491	0.00666	0.00456	0.00920
30	0.01235	0.00962	0.01428	0.01400	0.01537	0.01155	0.01098	0.01523	0.01330	0.01934	0.02138	0.03152	0.02001	0.05862	0.62517	0.01260	0.07395	0.00878	0.00439	0.00755
31	0.06256	0.52041	0.03727	0.01572	0.02207	0.18155	0.01437	0.02678	0.01829	0.02064	0.01185	0.01372	0.01058	0.00748	0.00582	0.00190	0.01018	0.00466	0.00380	0.01034
32	0.01472	0.03315	0.47837	0.01934	0.02892	0.01580	0.02376	0.02222	0.01794	0.02521	0.03459	0.03528	0.19310	0.01163	0.00844	0.00268	0.00998	0.00938	0.00470	0.01078
33	0.01678	0.01097	0.01327	0.01292	0.01538	0.01077	0.00948	0.12588	0.02123	0.09353	0.04395	0.44173	0.10903	0.02095	0.00987	0.00307	0.00577	0.01846	0.00809	0.00888

[dist]
# distance from previous block
# <min> <max>
0	1

[block]
# block no. 5 follows, 22 sequences, length 96
# corresponding to MSA columns:
# 147-242
name=unknown_F
#
# <colnr> <probs for GDERKNQSTAVLIFYWHMCP>
#	G	D	E	R	K	N	Q	S	T	A	V	L	I	F	Y	W	H	M	C	P
0	0.01012	0.00723	0.00964	0.01157	0.01205	0.00675	0.00771	0.01157	0.01591	0.02121	0.04579	0.70262	0.05495	0.02603	0.01060	0.00337	0.00482	0.02362	0.00771	0.00675
1	0.01187	0.00890	0.01335	0.01335	0.01483	0.01038	0.01038	0.01483	0.01335	0.01928	0.02225	0.03264	0.02077	0.06231	0.67512	0.01335	0.02225	0.00890	0.00445	0.00742
2	0.02828	0.02755	0.02248	0.01904	0.02427	0.26261	0.01495	0.26887	0.14847	0.03582	0.02293	0.02298	0.04410	0.01021	0.00811	0.00244	0.01057	0.00752	0.00683	0.01196
3	0.01727	0.11601	0.59726	0.02265	0.03436	0.02077	0.02890	0.02615	0.01747	0.02557	0.01454	0.01708	0.01054	0.00781	0.00761	0.00254	0.01191	0.00595	0.00351	0.01210
4	0.01440	0.01263	0.01822	0.01675	0.01764	0.01644	0.01352	0.01691	0.01310	0.01957	0.01769	0.02682	0.01680	0.04309	0.41454	0.00944	0.29198	0.00824	0.00412	0.00809
5	0.01285	0.00870	0.01041	0.00985	0.01183	0.00794	0.00704	0.01533	0.01963	0.06382	0.31991	0.06282	0.21126	0.18225	0.01746	0.00396	0.00517	0.01457	0.00787	0.00733
6	0.01029	0.00761	0.00962	0.01086	0.01195	0.00694	0.00748	0.01218	0.01746	0.02304	0.13334	0.50625	0.16471	0.02393	0.01036	0.00317	0.00459	0.02139	0.00790	0.00694
7	0.01985	0.33048	0.29821	0.01928	0.02763	0.05424	0.02155	0.02530	0.01699	0.02243	0.01293	0.01567	0.01063	0.00831	0.00888	0.00235	0.08511	0.00549	0.00358	0.01111
8	0.02124	0.02376	0.01980	0.01827	0.02071	0.30078	0.01415	0.02365	0.01766	0.01986	0.01626	0.02255	0.01474	0.03097	0.27666	0.00686	0.13210	0.00709	0.00424	0.00866
9	0.01549	0.00774	0.00774	0.00774	0.00968	0.00774	0.00581	0.01936	0.01742	0.03097	0.02710	0.03097	0.02129	0.00968	0.00581	0.00194	0.00387	0.00774	0.75416	0.00774
10	0.05047	0.02831	0.20358	0.03659	0.35287	0.10478	0.02449	0.02731	0.01916	0.05300	0.01563	0.01906	0.01227	0.00782	0.00792	0.00248	0.01094	0.00672	0.00427	0.01234
11	0.01834	0.01488	0.01803	0.01612	0.01849	0.08825	0.03452	0.02114	0.01663	0.09726	0.07145	0.03089	0.02286	0.06812	0.30932	0.00776	0.12289	0.00886	0.00539	0.00879
12	0.02066	0.01785	0.01878	0.01691	0.02160	0.02066	0.01315	0.04414	0.64121	0.03475	0.03381	0.03099	0.02536	0.01127	0.00845	0.00282	0.00657	0.00939	0.00845	0.01315
13	0.01156	0.00857	0.01173	0.01249	0.01309	0.00922	0.00884	0.01299	0.01444	0.01983	0.03423	0.39879	0.03932	0.10494	0.16510	0.04055	0.06430	0.01705	0.00619	0.00676
14	0.02267	0.02427	0.02946	0.07910	0.41949	0.19579	0.02207	0.02679	0.01976	0.02457	0.01515	0.01974	0.01274	0.01043	0.04036	0.00292	0.01192	0.00692	0.00415	0.01170
15	0.01056	0.00861	0.01050	0.07353	0.01588	0.00803	0.00843	0.01284	0.01788	0.02238	0.08908	0.28699	0.36282	0.02137	0.00994	0.00299	0.00505	0.01855	0.00740	0.00717
16	0.01236	0.01031	0.01101	0.01051	0.01353	0.00990	0.00798	0.01909	0.14410	0.02702	0.18486	0.06668	0.41546	0.01830	0.00954	0.00277	0.00462	0.01542	0.00814	0.00840
17	0.02083	0.01918	0.03108	0.16900	0.47328	0.02015	0.02398	0.09041	0.02067	0.02876	0.01593	0.02080	0.01287	0.00785	0.00825	0.00253	0.01002	0.00741	0.00449	0.01252
18	0.02195	0.49252	0.17780	0.01708	0.02501	0.09985	0.01803	0.02609	0.01775	0.02112	0.01243	0.01443	0.01064	0.00744	0.00613	0.00200	0.01029	0.00491	0.00362	0.01090
19	0.02671	0.02650	0.02368	0.02133	0.05979	0.24644	0.01608	0.23689	0.02636	0.03194	0.01948	0.02180	0.04794	0.01267	0.03658	0.00298	0.11866	0.00732	0.00577	0.01109
20	0.01003	0.00842	0.00871	0.00864	0.01135	0.00710	0.00648	0.01233	0.01943	0.02363	0.14604	0.07800	0.59023	0.02060	0.00982	0.00278	0.00418	0.01726	0.00787	0.00710
21	0.01666	0.04297	0.66500	0.02368	0.03596	0.01929	0.03069	0.02631	0.01754	0.02631	0.01491	0.01754	0.01052	0.00789	0.00789	0.00263	0.01228	0.00614	0.00351	0.01228
22	0.01919	0.15990	0.17309	0.03163	0.20817	0.02175	0.17343	0.02500	0.01822	0.02500	0.01677	0.05955	0.01446	0.00846	0.00813	0.00250	0.01093	0.00812	0.00411	0.01161
23	0.02161	0.02352	0.02091	0.01881	0.02101	0.26119	0.01469	0.04688	0.01787	0.02099	0.01555	0.02257	0.01440	0.06301	0.17439	0.00560	0.21660	0.00723	0.00433	0.00886
24	0.01002	0.00842	0.00870	0.00863	0.01135	0.00710	0.00647	0.01232	0.01942	0.02358	0.14374	0.07807	0.59256	0.02061	0.00982	0.00279	0.00418	0.01727	0.00786	0.00710
25	0.01187	0.00890	0.01335	0.01335	0.01483	0.01038	0.01038	0.01483	0.01335	0.01928	0.02225	0.03264	0.02077	0.06231	0.67512	0.01335	0.02225	0.00890	0.00445	0.00742
26	0.01910	0.02264	0.10468	0.03798	0.27435	0.01983	0.27464	0.02510	0.01878	0.02627	0.01932	0.02393	0.04511	0.00831	0.00980	0.00269	0.04270	0.00878	0.00425	0.01175
27	0.01562	0.01122	0.01317	0.01286	0.01472	0.01154	0.00910	0.15864	0.02066	0.02761	0.03571	0.41052	0.04028	0.15842	0.01638	0.00410	0.00650	0.01747	0.00732	0.00816
28	0.01222	0.00942	0.01403	0.01383	0.01523	0.01123	0.01082	0.01512	0.01332	0.01932	0.02161	0.03182	0.02021	0.05962	0.63866	0.01280	0.05999	0.00881	0.00440	0.00751
29	0.02564	0.06802	0.02950	0.03477	0.32088	0.30700	0.02036	0.05136	0.02158	0.02467	0.01434	0.01769	0.01198	0.00799	0.00774	0.00229	0.01202	0.00634	0.00431	0.01151
30	0.02784	0.06893	0.02804	0.02772	0.15241	0.47399	0.05257	0.03084	0.02205	0.02201	0.01356	0.01643	0.01130	0.00817	0.00766	0.00222	0.01359	0.00597	0.00421	0.01048
31	0.01708	0.05940	0.43043	0.02361	0.03354	0.01897	0.13297	0.02610	0.05026	0.02728	0.08293	0.02361	0.01878	0.00883	0.00837	0.00264	0.01129	0.00783	0.00448	0.01160
32	0.02085	0.03763	0.38903	0.02846	0.15452	0.17551	0.02619	0.02779	0.01924	0.02505	0.01456	0.01752	0.01108	0.00796	0.00786	0.00248	0.01245	0.00620	0.00381	0.01182
33	0.01383	0.07389	0.01360	0.01178	0.01371	0.00974	0.00860	0.01564	0.01709	0.08297	0.04552	0.50541	0.11267	0.02220	0.00981	0.00309	0.00535	0.01969	0.00757	0.00785
34	0.01161	0.00786	0.00920	0.00966	0.00977	0.00774	0.00567	0.01196	0.01299	0.01732	0.03085	0.20879	0.03610	0.54558	0.03474	0.00694	0.00728	0.01483	0.00567	0.00544
35	0.01187	0.00890	0.01335	0.01335	0.01483	0.01038	0.01038	0.01483	0.01335	0.01928	0.02225	0.03264	0.02077	0.06231	0.67512	0.01335	0.02225	0.00890	0.00445	0.00742
36	0.01680	0.02596	0.24336	0.18291	0.04091	0.01842	0.22150	0.02392	0.01842	0.02545	0.05652	0.02569	0.04439	0.00883	0.00882	0.00273	0.01170	0.00868	0.00430	0.01070
37	0.01913	0.01770	0.02467	0.07819	0.23302	0.04458	0.01846	0.05486	0.11889	0.02629	0.01913	0.02404	0.01603	0.01980	0.13775	0.00478	0.11872	0.00791	0.00499	0.01105
38	0.01139	0.00848	0.01060	0.01007	0.01219	0.00768	0.00755	0.01497	0.02266	0.03128	0.54551	0.06541	0.18599	0.01774	0.00980	0.00265	0.00397	0.01549	0.00888	0.00768
39	0.01549	0.00774	0.00774	0.00774	0.00968	0.00774	0.00581	0.01936	0.01742	0.03097	0.02710	0.03097	0.02129	0.00968	0.00581	0.00194	0.00387	0.00774	0.75416	0.00774
40	0.13721	0.01672	0.14537	0.01423	0.01821	0.01216	0.01298	0.01882	0.05345	0.02618	0.05625	0.38345	0.03736	0.01805	0.00898	0.00303	0.00669	0.01569	0.00652	0.00868
41	0.02002	0.02048	0.02715	0.02628	0.14781	0.09507	0.08333	0.02357	0.01717	0.02409	0.01375	0.01847	0.01189	0.00933	0.01356	0.00248	0.21843	0.00670	0.00422	0.21619
42	0.00982	0.00842	0.00842	0.00842	0.01122	0.00701	0.00631	0.01192	0.01894	0.02244	0.08416	0.07995	0.65285	0.02104	0.00982	0.00281	0.00421	0.01753	0.00771	0.00701
43	0.02543	0.10249	0.02633	0.02080	0.02382	0.37126	0.01663	0.02751	0.01891	0.02013	0.01200	0.01597	0.01077	0.01058	0.01445	0.00265	0.26081	0.00595	0.00397	0.00954
44	0.01816	0.04416	0.02532	0.01992	0.05411	0.01814	0.08324	0.02164	0.01610	0.02443	0.01366	0.01813	0.01186	0.00907	0.01349	0.00227	0.23028	0.00634	0.00433	0.36534
45	0.01032	0.00829	0.00920	0.00928	0.01160	0.00718	0.00684	0.01278	0.01967	0.02489	0.21493	0.14962	0.44491	0.02066	0.00991	0.00283	0.00421	0.01766	0.00806	0.00718
46	0.01549	0.00774	0.00774	0.00774	0.00968	0.00774	0.00581	0.01936	0.01742	0.03097	0.02710	0.03097	0.02129	0.00968	0.00581	0.00194	0.00387	0.00774	0.75416	0.00774
47	0.02056	0.01974	0.03372	0.05099	0.65622	0.01974	0.02550	0.02550	0.01892	0.02714	0.01563	0.02056	0.01316	0.00740	0.00822	0.00247	0.00987	0.00740	0.00411	0.01316
48	0.02140	0.01678	0.02084	0.02275	0.14452	0.01812	0.01508	0.03667	0.38006	0.10035	0.03362	0.03518	0.05952	0.01166	0.00866	0.00278	0.00720	0.04451	0.00772	0.01258
49	0.03727	0.01414	0.01928	0.01478	0.02121	0.01221	0.01221	0.04049	0.02378	0.66198	0.03277	0.02828	0.02056	0.01028	0.00835	0.00257	0.00707	0.00835	0.01028	0.01414
50	0.00982	0.00842	0.00842	0.00842	0.01122	0.00701	0.00631	0.01192	0.01894	0.02244	0.08416	0.07995	0.65285	0.02104	0.00982	0.00281	0.00421	0.01753	0.00771	0.00701
51	0.01691	0.02644	0.25424	0.09732	0.09840	0.05578	0.10122	0.02318	0.01856	0.02483	0.02784	0.03499	0.10770	0.01112	0.00881	0.00276	0.01068	0.06393	0.00472	0.01055
52	0.01666	0.04297	0.66500	0.02368	0.03596	0.01929	0.03069	0.02631	0.01754	0.02631	0.01491	0.01754	0.01052	0.00789	0.00789	0.00263	0.01228	0.00614	0.00351	0.01228
53	0.02109	0.03449	0.45350	0.02352	0.03411	0.01815	0.10974	0.02912	0.01904	0.15037	0.01866	0.02031	0.01277	0.00824	0.00825	0.00264	0.01150	0.00708	0.00493	0.01249
54	0.01938	0.02146	0.06984	0.11698	0.28551	0.02013	0.29098	0.02553	0.01889	0.02618	0.01601	0.02142	0.01254	0.00735	0.00892	0.00266	0.01195	0.00840	0.00407	0.01179
55	0.02289	0.02503	0.02216	0.02273	0.11193	0.28670	0.04257	0.07058	0.05926	0.02572	0.05615	0.09936	0.09531	0.01227	0.00852	0.00251	0.01045	0.01003	0.00578	0.01005
56	0.02939	0.06461	0.02458	0.06013	0.02721	0.45936	0.01622	0.14255	0.05156	0.02687	0.01509	0.01692	0.01197	0.00885	0.00763	0.00225	0.01304	0.00599	0.00513	0.01063
57	0.01557	0.01167	0.01422	0.04947	0.01761	0.01239	0.01034	0.13467	0.05447	0.02734	0.03549	0.32855	0.06263	0.09827	0.08304	0.00467	0.00825	0.01576	0.00702	0.00857
58	0.02851	0.03063	0.06011	0.02055	0.02567	0.30631	0.01687	0.24188	0.05756	0.03263	0.01627	0.01800	0.01264	0.00980	0.01000	0.00249	0.08625	0.00655	0.00579	0.01148
59	0.02543	0.02856	0.02500	0.04722	0.05510	0.32654	0.04626	0.06668	0.11678	0.02504	0.01651	0.01922	0.01342	0.01006	0.01161	0.00262	0.14153	0.00685	0.00501	0.01056
60	0.02324	0.13214	0.07904	0.01937	0.02523	0.14745	0.07950	0.17663	0.02359	0.02934	0.01985	0.02289	0.04267	0.01810	0.12024	0.00420	0.01298	0.00743	0.00530	0.01081
61	0.01872	0.01427	0.01843	0.01543	0.01951	0.01432	0.07721	0.16305	0.06005	0.06642	0.04373	0.10169	0.20527	0.09486	0.01317	0.00342	0.00743	0.04597	0.00735	0.00971
62	0.02306	0.02447	0.03130	0.04394	0.50602	0.17576	0.02325	0.02732	0.02002	0.02552	0.01496	0.01923	0.01257	0.00768	0.00805	0.00239	0.01109	0.00691	0.00415	0.01232
63	0.01198	0.00982	0.01073	0.01026	0.01310	0.00926	0.00777	0.01776	0.11166	0.02747	0.24468	0.06747	0.39079	0.01841	0.00961	0.00275	0.00447	0.01560	0.00825	0.00816
64	0.02033	0.02037	0.03736	0.04719	0.51024	0.02004	0.16856	0.02576	0.01908	0.02701	0.01591	0.02100	0.01303	0.00731	0.00860	0.00255	0.01085	0.00797	0.00413	0.01269
65	0.01338	0.01061	0.01159	0.01217	0.01334	0.03971	0.00830	0.01769	0.10537	0.02167	0.03622	0.33811	0.04042	0.24056	0.02030	0.00475	0.00670	0.04501	0.00680	0.00730
66	0.01088	0.00865	0.00990	0.01014	0.01262	0.00767	0.00798	0.01367	0.01984	0.02498	0.18403	0.07924	0.42581	0.02064	0.01014	0.00297	0.00482	0.13076	0.00797	0.00729
67	0.01194	0.00861	0.01188	0.01188	0.01285	0.00958	0.00855	0.01389	0.01292	0.01819	0.02360	0.04009	0.02401	0.28390	0.45795	0.01153	0.01738	0.00999	0.00465	0.00660
68	0.02200	0.23513	0.11255	0.02324	0.03087	0.05599	0.22482	0.11293	0.02121	0.02738	0.01567	0.01981	0.01270	0.03931	0.00936	0.00263	0.01132	0.00730	0.00456	0.01123
69	0.01081	0.00780	0.01036	0.01204	0.01299	0.00735	0.00871	0.01288	0.01710	0.02264	0.08191	0.52040	0.08538	0.02468	0.01068	0.00339	0.00527	0.13084	0.00778	0.00699
70	0.01187	0.00890	0.01335	0.01335	0.01483	0.01038	0.01038	0.01483	0.01335	0.01928	0.02225	0.03264	0.02077	0.06231	0.67512	0.01335	0.02225	0.00890	0.00445	0.00742
71	0.02778	0.01960	0.02087	0.01643	0.02196	0.02150	0.01343	0.48458	0.03395	0.04730	0.02164	0.02255	0.01582	0.00990	0.00772	0.00236	0.00790	0.00754	0.18455	0.01262
72	0.02043	0.22536	0.07391	0.03167	0.16302	0.02414	0.29407	0.02586	0.01857	0.02463	0.01493	0.01913	0.01205	0.00716	0.00807	0.00242	0.01157	0.00756	0.00396	0.01150
73	0.01187	0.00890	0.01335	0.01335	0.01483	0.01038	0.01038	0.01483	0.01335	0.01928	0.02225	0.03264	0.02077	0.06231	0.67512	0.01335	0.02225	0.00890	0.00445	0.00742
74	0.01012	0.00723	0.00964	0.01157	0.01205	0.00675	0.00771	0.01157	0.01591	0.02121	0.04579	0.70262	0.05495	0.02603	0.01060	0.00337	0.00482	0.02362	0.00771	0.00675
75	0.01591	0.01293	0.01442	0.01328	0.01662	0.01377	0.01016	0.04946	0.28566	0.03246	0.25436	0.08247	0.13402	0.01534	0.00922	0.00276	0.00533	0.01315	0.00854	0.01015
76	0.19861	0.16019	0.19949	0.01684	0.02443	0.02196	0.01734	0.13844	0.02091	0.06839	0.01700	0.05170	0.01370	0.00915	0.00699	0.00246	0.00897	0.00669	0.00540	0.01136
77	0.02061	0.03338	0.36100	0.02283	0.03109	0.05514	0.05050	0.13824	0.02103	0.02966	0.01505	0.01819	0.01137	0.00957	0.01181	0.00278	0.14468	0.00673	0.00450	0.01182
78	0.01789	0.11712	0.54145	0.02170	0.03272	0.02009	0.02713	0.02625	0.01796	0.05046	0.04189	0.01934	0.01377	0.00828	0.00770	0.00253	0.01134	0.00640	0.00401	0.01198
79	0.07189	0.03489	0.05970	0.02097	0.02506	0.49242	0.01681	0.03011	0.02088	0.02162	0.01257	0.01556	0.01062	0.00945	0.01060	0.00244	0.12491	0.00566	0.00418	0.00966
80	0.01199	0.00842	0.01091	0.01091	0.01155	0.00906	0.00734	0.01327	0.01263	0.01748	0.02448	0.04499	0.02613	0.42948	0.31529	0.01034	0.01418	0.01071	0.00478	0.00606
81	0.02397	0.02197	0.02070	0.11443	0.02686	0.15864	0.01465	0.26626	0.02769	0.03387	0.03297	0.03350	0.16511	0.01207	0.00849	0.00253	0.00949	0.00941	0.00664	0.01076
82	0.01407	0.01337	0.02191	0.12853	0.02735	0.01344	0.15630	0.01917	0.05482	0.02332	0.04444	0.04765	0.26142	0.05243	0.08087	0.00416	0.00988	0.01237	0.00579	0.00868
83	0.02066	0.01785	0.01878	0.01691	0.02160	0.02066	0.01315	0.04414	0.64121	0.03475	0.03381	0.03099	0.02536	0.01127	0.00845	0.00282	0.00657	0.00939	0.00845	0.01315
84	0.02474	0.05948	0.05362	0.01705	0.02346	0.02120	0.01445	0.24812	0.23210	0.06901	0.02363	0.02310	0.01751	0.00956	0.00783	0.00237	0.00786	0.00752	0.00742	0.12996
85	0.10432	0.06383	0.03306	0.03357	0.25220	0.18032	0.16267	0.02748	0.01957	0.02603	0.01455	0.01846	0.01183	0.00761	0.00792	0.00244	0.01166	0.00699	0.00426	0.01124
86	0.73320	0.01639	0.01279	0.01130	0.01651	0.01896	0.00931	0.05197	0.01527	0.03796	0.01195	0.01379	0.00923	0.00781	0.00529	0.00257	0.00655	0.00463	0.00529	0.00923
87	0.01060	0.00802	0.00983	0.01056	0.01218	0.00725	0.00764	0.01297	0.01881	0.02465	0.20056	0.32724	0.24190	0.02220	0.01022	0.00305	0.00458	0.05257	0.00805	0.00714
88	0.01723	0.01477	0.01723	0.01230	0.01969	0.01107	0.00984	0.02092	0.01723	0.02707	0.01477	0.01723	0.01230	0.00615	0.00615	0.00123	0.00615	0.00492	0.00492	0.75883
89	0.01187	0.00890	0.01335	0.01335	0.01483	0.01038	0.01038	0.01483	0.01335	0.01928	0.02225	0.03264	0.02077	0.06231	0.67512	0.01335	0.02225	0.00890	0.00445	0.00742
90	0.02056	0.01974	0.03372	0.05099	0.65622	0.01974	0.02550	0.02550	0.01892	0.02714	0.01563	0.02056	0.01316	0.00740	0.00822	0.00247	0.00987	0.00740	0.00411	0.01316
91	0.01364	0.01230	0.01776	0.09532	0.20545	0.01196	0.01391	0.01688	0.01836	0.02356	0.05247	0.12159	0.33257	0.01618	0.00927	0.00276	0.00668	0.01409	0.00622	0.00903
92	0.01003	0.00842	0.00871	0.00864	0.01135	0.00710	0.00648	0.01233	0.01943	0.02363	0.14604	0.07800	0.59023	0.02060	0.00982	0.00278	0.00418	0.01726	0.00787	0.00710
93	0.06037	0.07703	0.46966	0.02633	0.10220	0.02026	0.07854	0.02605	0.01763	0.02665	0.01476	0.01780	0.01091	0.00771	0.00778	0.00257	0.01163	0.00639	0.00373	0.01200
94	0.02634	0.02518	0.02408	0.02495	0.14721	0.21349	0.01667	0.13138	0.17969	0.06892	0.02105	0.02176	0.01606	0.00926	0.00801	0.00242	0.01013	0.00727	0.00633	0.03980
95	0.02586	0.05845	0.02434	0.02452	0.17248	0.08664	0.01614	0.12934	0.02274	0.17872	0.02117	0.02364	0.01616	0.01933	0.13814	0.00455	0.01198	0.00755	0.00633	0.01192

[dist]
# distance from previous block
# <min> <max>
2	32

[block]
# block no. 6 follows, 22 sequences, length 64
# corresponding to MSA columns:
# 275-338
name=unknown_G
#
# <colnr> <probs for GDERKNQSTAVLIFYWHMCP>
#	G	D	E	R	K	N	Q	S	T	A	V	L	I	F	Y	W	H	M	C	P
0	0.02586	0.03510	0.13175	0.02711	0.14949	0.41267	0.02001	0.02987	0.02164	0.02315	0.03830	0.01830	0.01375	0.00855	0.00779	0.00230	0.01311	0.00625	0.00431	0.01069
1	0.01319	0.01566	0.12603	0.01435	0.01847	0.01103	0.04350	0.05337	0.01959	0.02618	0.12629	0.25915	0.20385	0.01843	0.00964	0.00291	0.00657	0.01616	0.00703	0.00860
2	0.02392	0.02339	0.02684	0.03368	0.31836	0.16656	0.01950	0.03277	0.17615	0.06482	0.02056	0.02238	0.01610	0.00880	0.00812	0.00249	0.01003	0.00750	0.00560	0.01242
3	0.00999	0.00774	0.00911	0.01021	0.01169	0.00686	0.00711	0.01172	0.01721	0.02174	0.06226	0.43531	0.31163	0.02389	0.01027	0.00313	0.00456	0.02100	0.00771	0.00686
4	0.02224	0.02577	0.08615	0.04029	0.43040	0.16626	0.02327	0.02691	0.01984	0.02543	0.01625	0.02243	0.01398	0.00843	0.00818	0.00247	0.01113	0.03428	0.00426	0.01203
5	0.01890	0.01863	0.03347	0.24546	0.37193	0.01955	0.12179	0.02436	0.01831	0.02523	0.01555	0.02135	0.01242	0.00762	0.00850	0.00261	0.01091	0.00778	0.00400	0.01163
6	0.06160	0.03034	0.02338	0.01972	0.02507	0.33089	0.01547	0.28829	0.06608	0.03560	0.01706	0.01798	0.01296	0.00929	0.00780	0.00235	0.01163	0.00646	0.00629	0.01174
7	0.02829	0.20003	0.02926	0.01864	0.02439	0.19646	0.01561	0.28589	0.02789	0.03386	0.01545	0.01689	0.01217	0.00916	0.00848	0.00229	0.05151	0.00615	0.00579	0.01179
8	0.01189	0.00881	0.01287	0.01287	0.01419	0.01012	0.00979	0.01453	0.01321	0.01893	0.02269	0.03507	0.02182	0.13457	0.60430	0.01276	0.02066	0.00926	0.00452	0.00715
9	0.02493	0.01186	0.01489	0.01237	0.01707	0.01046	0.00989	0.02881	0.05080	0.35960	0.11842	0.04858	0.22793	0.01449	0.00899	0.00266	0.00579	0.01206	0.00926	0.01113
10	0.01018	0.00825	0.00904	0.00922	0.01154	0.00711	0.00677	0.01248	0.01923	0.02403	0.17097	0.16974	0.47020	0.02112	0.00993	0.00286	0.00425	0.01803	0.00795	0.00711
11	0.01042	0.00844	0.00925	0.00905	0.01159	0.00727	0.00678	0.01308	0.02035	0.02580	0.25974	0.07441	0.47517	0.01978	0.00981	0.00275	0.00412	0.01676	0.00816	0.00727
12	0.01961	0.02241	0.04902	0.03501	0.04342	0.02101	0.62605	0.02661	0.01961	0.02661	0.01681	0.02241	0.01261	0.00700	0.00980	0.00280	0.01401	0.00980	0.00420	0.01120
13	0.03106	0.02301	0.02464	0.01901	0.02557	0.02552	0.01567	0.60096	0.06746	0.05153	0.02060	0.02047	0.01466	0.01003	0.00832	0.00251	0.00902	0.00757	0.00832	0.01408
14	0.01815	0.03280	0.36360	0.03000	0.07003	0.02007	0.29144	0.02640	0.01851	0.02648	0.01578	0.01982	0.01157	0.00748	0.00875	0.00270	0.01292	0.00781	0.00384	0.01185
15	0.00982	0.00842	0.00842	0.00842	0.01122	0.00701	0.00631	0.01192	0.01894	0.02244	0.08416	0.07995	0.65285	0.02104	0.00982	0.00281	0.00421	0.01753	0.00771	0.00701
16	0.11325	0.01836	0.02940	0.16311	0.46579	0.01936	0.02298	0.02458	0.01789	0.02732	0.01496	0.01997	0.01225	0.00761	0.00785	0.00254	0.00966	0.00703	0.00416	0.01191
17	0.01824	0.01834	0.01544	0.01427	0.01786	0.16126	0.01085	0.02724	0.21315	0.02746	0.14065	0.04745	0.22549	0.01459	0.00887	0.00263	0.00731	0.01189	0.00739	0.00963
18	0.01211	0.00910	0.01161	0.01269	0.01489	0.00860	0.01066	0.01540	0.01945	0.02484	0.11029	0.08656	0.24213	0.02182	0.01080	0.00340	0.00623	0.36414	0.00780	0.00746
19	0.02175	0.08347	0.02783	0.02139	0.02412	0.13976	0.06535	0.07737	0.01794	0.02339	0.01325	0.01853	0.01185	0.01462	0.05681	0.00361	0.35785	0.00700	0.00425	0.00984
20	0.02161	0.02267	0.07283	0.03297	0.10769	0.02114	0.40630	0.09413	0.02147	0.05669	0.01735	0.02174	0.01300	0.00791	0.01011	0.00275	0.04404	0.00891	0.00485	0.01183
21	0.01949	0.02031	0.02616	0.09178	0.32289	0.13029	0.04529	0.02345	0.01955	0.02436	0.03050	0.03315	0.15613	0.01073	0.00853	0.00253	0.00977	0.00942	0.00492	0.01074
22	0.01740	0.01894	0.08037	0.03209	0.33184	0.05464	0.01896	0.02190	0.01945	0.02646	0.12436	0.03568	0.11535	0.01433	0.04953	0.00320	0.00941	0.00990	0.00539	0.01081
23	0.01150	0.00858	0.01042	0.01123	0.01273	0.00806	0.00790	0.04983	0.01863	0.02439	0.10267	0.46826	0.18860	0.02318	0.01022	0.00313	0.00487	0.02055	0.00787	0.00735
24	0.02056	0.01524	0.02559	0.02023	0.02517	0.01537	0.19133	0.06133	0.06840	0.13547	0.02353	0.02792	0.01835	0.02692	0.23394	0.00626	0.01412	0.00896	0.05078	0.01055
25	0.02486	0.51096	0.03753	0.01637	0.02263	0.22546	0.01477	0.02737	0.01888	0.01978	0.01194	0.01382	0.01067	0.00754	0.00598	0.00189	0.01071	0.00471	0.00377	0.01035
26	0.02275	0.67173	0.04231	0.01466	0.02159	0.07224	0.01433	0.02538	0.01729	0.01959	0.01163	0.01343	0.01066	0.00720	0.00546	0.00180	0.00926	0.00450	0.00360	0.01060
27	0.01208	0.00805	0.00906	0.00906	0.00906	0.00805	0.00503	0.01208	0.01208	0.01611	0.02618	0.05436	0.03020	0.70804	0.04228	0.00805	0.00805	0.01208	0.00503	0.00503
28	0.02747	0.02356	0.10227	0.02954	0.23886	0.07677	0.01996	0.15353	0.02450	0.19065	0.02048	0.02152	0.01468	0.00881	0.00817	0.00249	0.00975	0.00733	0.00646	0.01319
29	0.05853	0.08851	0.02288	0.01729	0.02234	0.20825	0.01394	0.17486	0.02464	0.13603	0.01930	0.02113	0.01479	0.01796	0.11859	0.00415	0.01252	0.00684	0.00626	0.01118
