[name]
unknown

[dist]
# distance from previous block
# <min> <max>
0	1

[block]
# block no. 0 follows, 22 sequences, length 53
# corresponding to MSA columns:
# 1-53
name=unknown_A
#
# <colnr> <probs for GDERKNQSTAVLIFYWHMCP>
#	G	D	E	R	K	N	Q	S	T	A	V	L	I	F	Y	W	H	M	C	P
0	0.01339	0.00956	0.01339	0.01530	0.01721	0.00956	0.01339	0.01721	0.01912	0.02486	0.04399	0.09371	0.04781	0.02295	0.01147	0.00382	0.00765	0.60031	0.00765	0.00765
1	0.02991	0.03690	0.02378	0.02133	0.02534	0.58585	0.01623	0.06025	0.02331	0.02182	0.01301	0.01550	0.01088	0.00916	0.00930	0.00229	0.07531	0.00562	0.00441	0.00980
2	0.02574	0.03052	0.02082	0.01916	0.02290	0.45674	0.01451	0.03056	0.09380	0.02180	0.01730	0.02061	0.01456	0.02031	0.14957	0.00460	0.01554	0.00658	0.00481	0.00957
3	0.01187	0.00890	0.01335	0.01335	0.01483	0.01038	0.01038	0.01483	0.01335	0.01928	0.02225	0.03264	0.02077	0.06231	0.67512	0.01335	0.02225	0.00890	0.00445	0.00742
4	0.01339	0.00956	0.01339	0.01530	0.01721	0.00956	0.01339	0.01721	0.01912	0.02486	0.04399	0.09371	0.04781	0.02295	0.01147	0.00382	0.00765	0.60031	0.00765	0.00765
5	0.01723	0.01477	0.01723	0.01230	0.01969	0.01107	0.00984	0.02092	0.01723	0.02707	0.01477	0.01723	0.01230	0.00615	0.00615	0.00123	0.00615	0.00492	0.00492	0.75883
6	0.02036	0.02031	0.03697	0.04759	0.52591	0.02001	0.15320	0.02573	0.01906	0.02703	0.01588	0.02095	0.01304	0.00732	0.00856	0.00254	0.01075	0.00791	0.00413	0.01274
7	0.03144	0.02752	0.02457	0.01971	0.02574	0.19470	0.01586	0.47353	0.03502	0.04402	0.01810	0.01865	0.01324	0.00961	0.00810	0.00240	0.01066	0.00693	0.00726	0.01296
8	0.01208	0.00805	0.00906	0.00906	0.00906	0.00805	0.00503	0.01208	0.01208	0.01611	0.02618	0.05436	0.03020	0.70804	0.04228	0.00805	0.00805	0.01208	0.00503	0.00503
9	0.02100	0.56730	0.17870	0.01627	0.02450	0.02992	0.01780	0.02519	0.01702	0.02102	0.01228	0.01424	0.01063	0.00728	0.00589	0.00196	0.00962	0.00481	0.00354	0.01101
10	0.01666	0.04297	0.66500	0.02368	0.03596	0.01929	0.03069	0.02631	0.01754	0.02631	0.01491	0.01754	0.01052	0.00789	0.00789	0.00263	0.01228	0.00614	0.00351	0.01228
11	0.00982	0.00842	0.00842	0.00842	0.01122	0.00701	0.00631	0.01192	0.01894	0.02244	0.08416	0.07995	0.65285	0.02104	0.00982	0.00281	0.00421	0.01753	0.00771	0.00701
12	0.01012	0.00723	0.00964	0.01157	0.01205	0.00675	0.00771	0.01157	0.01591	0.02121	0.04579	0.70262	0.05495	0.02603	0.01060	0.00337	0.00482	0.02362	0.00771	0.00675
13	0.01126	0.00858	0.01042	0.01027	0.01251	0.00774	0.00791	0.01454	0.02146	0.02865	0.39060	0.07163	0.27350	0.01902	0.00998	0.00281	0.00442	0.07866	0.00849	0.00753
14	0.02106	0.02299	0.02502	0.02172	0.02268	0.17135	0.01770	0.02295	0.01515	0.02007	0.01134	0.01746	0.01086	0.01320	0.02282	0.00330	0.54051	0.00684	0.00378	0.00921
15	0.01723	0.01477	0.01723	0.01230	0.01969	0.01107	0.00984	0.02092	0.01723	0.02707	0.01477	0.01723	0.01230	0.00615	0.00615	0.00123	0.00615	0.00492	0.00492	0.75883
16	0.02022	0.02126	0.06533	0.04700	0.52260	0.01994	0.12878	0.02572	0.01897	0.02701	0.01580	0.02074	0.01294	0.00736	0.00848	0.00253	0.01069	0.00776	0.00410	0.01278
17	0.02413	0.56657	0.03918	0.01578	0.02227	0.17246	0.01461	0.02668	0.01833	0.01972	0.01183	0.01369	0.01067	0.00742	0.00580	0.00186	0.01021	0.00464	0.00371	0.01044
18	0.01999	0.01916	0.03269	0.12570	0.58598	0.01959	0.02521	0.02499	0.01865	0.02645	0.01553	0.02075	0.01291	0.00751	0.00823	0.00250	0.01001	0.00740	0.00406	0.01270
19	0.01369	0.01176	0.01926	0.01724	0.01968	0.01161	0.13446	0.05188	0.01790	0.02411	0.03681	0.49330	0.04195	0.02069	0.01104	0.00322	0.03722	0.01912	0.00685	0.00820
20	0.02751	0.02267	0.02300	0.05283	0.02614	0.08061	0.01541	0.37363	0.21363	0.04279	0.02314	0.02287	0.01698	0.01015	0.00828	0.00257	0.00900	0.00785	0.00776	0.01320
21	0.01005	0.00842	0.00873	0.00865	0.01136	0.00711	0.00649	0.01236	0.01947	0.02372	0.15072	0.07785	0.58549	0.02056	0.00982	0.00278	0.00417	0.01724	0.00788	0.00711
22	0.01012	0.00723	0.00964	0.01157	0.01205	0.00675	0.00771	0.01157	0.01591	0.02121	0.04579	0.70262	0.05495	0.02603	0.01060	0.00337	0.00482	0.02362	0.00771	0.00675
23	0.02318	0.19910	0.05876	0.02303	0.09247	0.20002	0.04454	0.02875	0.09155	0.02304	0.01522	0.01803	0.01279	0.00930	0.01058	0.00247	0.12559	0.00637	0.00442	0.01078
24	0.01208	0.00805	0.00906	0.00906	0.00906	0.00805	0.00503	0.01208	0.01208	0.01611	0.02618	0.05436	0.03020	0.70804	0.04228	0.00805	0.00805	0.01208	0.00503	0.00503
25	0.01185	0.00796	0.00913	0.00935	0.00941	0.00790	0.00535	0.01202	0.01253	0.01671	0.02848	0.13038	0.03310	0.62807	0.03857	0.00751	0.00767	0.01343	0.00535	0.00523
26	0.01435	0.01235	0.01274	0.01196	0.01556	0.01271	0.00917	0.02537	0.27873	0.02758	0.06314	0.05951	0.39088	0.01696	0.00925	0.00281	0.00520	0.01413	0.00802	0.00957
27	0.02532	0.17795	0.03073	0.02381	0.09890	0.26230	0.04603	0.08329	0.02106	0.02417	0.01342	0.01660	0.01142	0.00913	0.01048	0.00240	0.12183	0.00611	0.00437	0.01067
28	0.00999	0.00774	0.00911	0.01021	0.01169	0.00686	0.00711	0.01172	0.01721	0.02174	0.06229	0.43479	0.31213	0.02388	0.01027	0.00313	0.00456	0.02100	0.00771	0.00686
29	0.00982	0.00842	0.00842	0.00842	0.01122	0.00701	0.00631	0.01192	0.01894	0.02244	0.08416	0.07995	0.65285	0.02104	0.00982	0.00281	0.00421	0.01753	0.00771	0.00701
30	0.02279	0.02396	0.03156	0.04470	0.52214	0.15901	0.02349	0.02713	0.01990	0.02569	0.01503	0.01937	0.01264	0.00765	0.00807	0.00240	0.01096	0.00697	0.00415	0.01241
31	0.01208	0.00805	0.00906	0.00906	0.00906	0.00805	0.00503	0.01208	0.01208	0.01611	0.02618	0.05436	0.03020	0.70804	0.04228	0.00805	0.00805	0.01208	0.00503	0.00503
32	0.03103	0.03959	0.02354	0.02140	0.02568	0.67469	0.01605	0.03317	0.02354	0.02033	0.01284	0.01498	0.01070	0.00856	0.00749	0.00214	0.01498	0.00535	0.00428	0.00963
33	0.03103	0.03959	0.02354	0.02140	0.02568	0.67469	0.01605	0.03317	0.02354	0.02033	0.01284	0.01498	0.01070	0.00856	0.00749	0.00214	0.01498	0.00535	0.00428	0.00963
34	0.02221	0.71304	0.04353	0.01421	0.02132	0.03287	0.01421	0.02488	0.01688	0.01955	0.01155	0.01333	0.01066	0.00711	0.00533	0.00178	0.00888	0.00444	0.00355	0.01066
35	0.01723	0.01477	0.01723	0.01230	0.01969	0.01107	0.00984	0.02092	0.01723	0.02707	0.01477	0.01723	0.01230	0.00615	0.00615	0.00123	0.00615	0.00492	0.00492	0.75883
36	0.01005	0.00842	0.00873	0.00865	0.01136	0.00711	0.00649	0.01236	0.01947	0.02372	0.15072	0.07785	0.58549	0.02056	0.00982	0.00278	0.00417	0.01724	0.00788	0.00711
37	0.01012	0.00723	0.00964	0.01157	0.01205	0.00675	0.00771	0.01157	0.01591	0.02121	0.04579	0.70262	0.05495	0.02603	0.01060	0.00337	0.00482	0.02362	0.00771	0.00675
38	0.02731	0.01997	0.02033	0.01623	0.02152	0.05253	0.01317	0.43896	0.03260	0.04516	0.02149	0.02261	0.01585	0.00983	0.00761	0.00233	0.00804	0.00745	0.20481	0.01223
39	0.02004	0.01966	0.03034	0.19804	0.44754	0.05863	0.02378	0.02582	0.04765	0.02569	0.01610	0.02109	0.01309	0.00786	0.00821	0.00254	0.01031	0.00737	0.00423	0.01202
40	0.01666	0.04297	0.66500	0.02368	0.03596	0.01929	0.03069	0.02631	0.01754	0.02631	0.01491	0.01754	0.01052	0.00789	0.00789	0.00263	0.01228	0.00614	0.00351	0.01228
41	0.01012	0.00723	0.00964	0.01157	0.01205	0.00675	0.00771	0.01157	0.01591	0.02121	0.04579	0.70262	0.05495	0.02603	0.01060	0.00337	0.00482	0.02362	0.00771	0.00675
42	0.01724	0.03566	0.46777	0.02719	0.07358	0.01914	0.15598	0.02568	0.01799	0.02620	0.01670	0.04856	0.01306	0.00846	0.00844	0.00269	0.01218	0.00775	0.00387	0.01186
43	0.02403	0.02203	0.01992	0.01824	0.05124	0.19164	0.01362	0.20474	0.02543	0.05797	0.02970	0.03140	0.12300	0.02047	0.12437	0.00434	0.01208	0.00890	0.00635	0.01051
44	0.01634	0.00920	0.01205	0.01175	0.01413	0.00846	0.00870	0.01848	0.01834	0.15832	0.10137	0.29217	0.15057	0.02498	0.08217	0.03330	0.00707	0.01629	0.00788	0.00842
45	0.02257	0.01458	0.01531	0.01275	0.01676	0.01567	0.01020	0.28750	0.02695	0.04038	0.02395	0.02612	0.01814	0.00981	0.00691	0.00218	0.00619	0.00763	0.42586	0.01055
46	0.02952	0.03277	0.02404	0.09246	0.02909	0.43900	0.01674	0.18342	0.02675	0.02858	0.01486	0.01701	0.01161	0.00889	0.00779	0.00230	0.01308	0.00611	0.00524	0.01073
47	0.05663	0.06335	0.05069	0.01626	0.02140	0.15952	0.01350	0.10501	0.10893	0.12895	0.05833	0.03054	0.09357	0.01369	0.04046	0.00301	0.00956	0.00865	0.00690	0.01105
48	0.02024	0.01834	0.03040	0.07474	0.52675	0.01864	0.02292	0.05452	0.01897	0.02679	0.01568	0.02111	0.01325	0.00988	0.01084	0.08371	0.00960	0.00738	0.00425	0.01200
49	0.02147	0.03052	0.17446	0.02964	0.03797	0.16282	0.36678	0.02797	0.02002	0.02518	0.01554	0.01976	0.01175	0.00753	0.00889	0.00262	0.01385	0.00806	0.00407	0.01109
50	0.02258	0.14669	0.05627	0.05371	0.05286	0.16190	0.01608	0.03443	0.28103	0.02688	0.02167	0.02231	0.01699	0.00963	0.00853	0.00250	0.04140	0.00721	0.00580	0.01153
51	0.01412	0.08826	0.26413	0.01535	0.02197	0.01438	0.01681	0.01965	0.01941	0.02650	0.19966	0.04504	0.19525	0.01362	0.00865	0.00259	0.00767	0.01127	0.00608	0.00959
52	0.02138	0.53846	0.17784	0.01658	0.02469	0.05741	0.01788	0.02554	0.01731	0.02105	0.01234	0.01431	0.01063	0.00734	0.00598	0.00198	0.00988	0.00485	0.00357	0.01097

[dist]
# distance from previous block
# <min> <max>
0	3

[block]
# block no. 1 follows, 22 sequences, length 54
# corresponding to MSA columns:
# 57-110
name=unknown_B
#
# <colnr> <probs for GDERKNQSTAVLIFYWHMCP>
#	G	D	E	R	K	N	Q	S	T	A	V	L	I	F	Y	W	H	M	C	P
0	0.01108	0.00839	0.01025	0.01014	0.01221	0.00756	0.00759	0.01422	0.02123	0.02854	0.39809	0.12871	0.24919	0.01930	0.00995	0.00279	0.00424	0.04052	0.00852	0.00748
1	0.01465	0.05138	0.05098	0.01976	0.02374	0.01408	0.20800	0.01839	0.01625	0.02206	0.02648	0.21116	0.02760	0.11054	0.14040	0.00556	0.01201	0.01321	0.00524	0.00852
2	0.02642	0.02523	0.02865	0.03421	0.31439	0.16508	0.02029	0.22209	0.02644	0.03380	0.01641	0.01914	0.01293	0.00849	0.00809	0.00240	0.01075	0.00698	0.00551	0.01270
3	0.01010	0.00730	0.00957	0.01138	0.01200	0.00676	0.00763	0.01159	0.01608	0.02128	0.04804	0.66604	0.09008	0.02573	0.01056	0.00334	0.00478	0.02326	0.00771	0.00676
4	0.01948	0.01863	0.03176	0.19254	0.52313	0.01945	0.02496	0.02455	0.01840	0.02583	0.01544	0.02091	0.01270	0.00760	0.00824	0.00253	0.01014	0.00740	0.00402	0.01229
5	0.03014	0.03511	0.02331	0.02064	0.02531	0.51631	0.01574	0.12337	0.08366	0.02648	0.01587	0.01722	0.01259	0.00903	0.00770	0.00226	0.01332	0.00605	0.00527	0.01063
6	0.01020	0.00843	0.00894	0.00881	0.01145	0.00717	0.00661	0.01265	0.01983	0.02456	0.19454	0.07647	0.54115	0.02025	0.00981	0.00277	0.00415	0.01704	0.00799	0.00717
7	0.01549	0.00774	0.00774	0.00774	0.00968	0.00774	0.00581	0.01936	0.01742	0.03097	0.02710	0.03097	0.02129	0.00968	0.00581	0.00194	0.00387	0.00774	0.75416	0.00774
8	0.01146	0.00848	0.01070	0.01014	0.01223	0.00771	0.00761	0.01511	0.02282	0.03167	0.56598	0.06476	0.16527	0.01760	0.00980	0.00264	0.00396	0.01540	0.00893	0.00771
9	0.00982	0.00842	0.00842	0.00842	0.01122	0.00701	0.00631	0.01192	0.01894	0.02244	0.08416	0.07995	0.65285	0.02104	0.00982	0.00281	0.00421	0.01753	0.00771	0.00701
10	0.01012	0.00723	0.00964	0.01157	0.01205	0.00675	0.00771	0.01157	0.01591	0.02121	0.04579	0.70262	0.05495	0.02603	0.01060	0.00337	0.00482	0.02362	0.00771	0.00675
11	0.76672	0.01607	0.01221	0.01092	0.01607	0.01864	0.00900	0.02442	0.01414	0.03727	0.01157	0.01350	0.00900	0.00771	0.00514	0.00257	0.00643	0.00450	0.00514	0.00900
12	0.02517	0.01298	0.01591	0.01310	0.01788	0.01207	0.01050	0.09213	0.05206	0.31312	0.14268	0.04548	0.18317	0.01398	0.00894	0.00264	0.00607	0.01161	0.00918	0.01135
13	0.01781	0.01773	0.05433	0.01748	0.02519	0.01381	0.13160	0.02325	0.04342	0.02726	0.01596	0.01882	0.01282	0.00661	0.00704	0.00167	0.00800	0.00612	0.00486	0.54623
14	0.76672	0.01607	0.01221	0.01092	0.01607	0.01864	0.00900	0.02442	0.01414	0.03727	0.01157	0.01350	0.00900	0.00771	0.00514	0.00257	0.00643	0.00450	0.00514	0.00900
15	0.03158	0.02327	0.02493	0.01911	0.02576	0.02576	0.01579	0.62852	0.03906	0.05236	0.01995	0.01995	0.01413	0.00997	0.00831	0.00249	0.00914	0.00748	0.00831	0.01413
16	0.76672	0.01607	0.01221	0.01092	0.01607	0.01864	0.00900	0.02442	0.01414	0.03727	0.01157	0.01350	0.00900	0.00771	0.00514	0.00257	0.00643	0.00450	0.00514	0.00900
17	0.02056	0.01974	0.03372	0.05099	0.65622	0.01974	0.02550	0.02550	0.01892	0.02714	0.01563	0.02056	0.01316	0.00740	0.00822	0.00247	0.00987	0.00740	0.00411	0.01316
18	0.02420	0.01960	0.02078	0.01762	0.02295	0.02232	0.01401	0.23353	0.44607	0.04046	0.02932	0.02741	0.02172	0.01085	0.00841	0.00271	0.00741	0.00877	0.00841	0.01347
19	0.02066	0.01785	0.01878	0.01691	0.02160	0.02066	0.01315	0.04414	0.64121	0.03475	0.03381	0.03099	0.02536	0.01127	0.00845	0.00282	0.00657	0.00939	0.00845	0.01315
20	0.01022	0.00733	0.00955	0.01127	0.01184	0.00684	0.00749	0.01161	0.01582	0.02096	0.04642	0.63549	0.08138	0.06587	0.01243	0.00362	0.00498	0.02266	0.00755	0.00666
21	0.01005	0.00830	0.00882	0.00896	0.01143	0.00707	0.00662	0.01226	0.01907	0.02340	0.13705	0.14529	0.53068	0.02117	0.00990	0.00285	0.00424	0.01794	0.00786	0.00707
22	0.02056	0.01974	0.03372	0.05099	0.65622	0.01974	0.02550	0.02550	0.01892	0.02714	0.01563	0.02056	0.01316	0.00740	0.00822	0.00247	0.00987	0.00740	0.00411	0.01316
23	0.01187	0.00890	0.01335	0.01335	0.01483	0.01038	0.01038	0.01483	0.01335	0.01928	0.02225	0.03264	0.02077	0.06231	0.67512	0.01335	0.02225	0.00890	0.00445	0.00742
24	0.01015	0.00762	0.00943	0.01069	0.01186	0.00689	0.00736	0.01194	0.01719	0.02234	0.09661	0.50040	0.20907	0.02414	0.01035	0.00318	0.00460	0.02148	0.00781	0.00689
25	0.01549	0.00774	0.00774	0.00774	0.00968	0.00774	0.00581	0.01936	0.01742	0.03097	0.02710	0.03097	0.02129	0.00968	0.00581	0.00194	0.00387	0.00774	0.75416	0.00774
26	0.02069	0.40064	0.11607	0.02240	0.03054	0.02727	0.22535	0.02563	0.01789	0.02273	0.01373	0.01691	0.01131	0.00716	0.00715	0.00222	0.01102	0.00647	0.00377	0.01103
27	0.02056	0.01974	0.03372	0.05099	0.65622	0.01974	0.02550	0.02550	0.01892	0.02714	0.01563	0.02056	0.01316	0.00740	0.00822	0.00247	0.00987	0.00740	0.00411	0.01316
28	0.01012	0.00723	0.00964	0.01157	0.01205	0.00675	0.00771	0.01157	0.01591	0.02121	0.04579	0.70262	0.05495	0.02603	0.01060	0.00337	0.00482	0.02362	0.00771	0.00675
29	0.03103	0.03959	0.02354	0.02140	0.02568	0.67469	0.01605	0.03317	0.02354	0.02033	0.01284	0.01498	0.01070	0.00856	0.00749	0.00214	0.01498	0.00535	0.00428	0.00963
30	0.01182	0.00906	0.01120	0.01227	0.01458	0.00844	0.01027	0.01489	0.01904	0.02380	0.06166	0.08766	0.31394	0.02211	0.01075	0.00338	0.00614	0.34397	0.00768	0.00737
31	0.01598	0.01507	0.02545	0.64942	0.09357	0.01853	0.02322	0.02148	0.01675	0.02158	0.01482	0.02205	0.01120	0.00825	0.00830	0.00275	0.01100	0.00738	0.00372	0.00947
32	0.01738	0.03797	0.51511	0.02644	0.03777	0.01971	0.17556	0.02638	0.01804	0.02638	0.01537	0.01872	0.01103	0.00768	0.00836	0.00267	0.01270	0.00703	0.00368	0.01202
33	0.01549	0.00774	0.00774	0.00774	0.00968	0.00774	0.00581	0.01936	0.01742	0.03097	0.02710	0.03097	0.02129	0.00968	0.00581	0.00194	0.00387	0.00774	0.75416	0.00774
34	0.01353	0.01134	0.01654	0.01558	0.01667	0.01435	0.01244	0.01619	0.01319	0.01947	0.01926	0.02883	0.01817	0.04972	0.50448	0.01079	0.19888	0.00847	0.00424	0.00786
35	0.01187	0.00890	0.01335	0.01335	0.01483	0.01038	0.01038	0.01483	0.01335	0.01928	0.02225	0.03264	0.02077	0.06231	0.67512	0.01335	0.02225	0.00890	0.00445	0.00742
36	0.01704	0.08834	0.62293	0.02304	0.03496	0.02021	0.02958	0.02621	0.01749	0.02585	0.01468	0.01725	0.01053	0.00784	0.00772	0.00257	0.01205	0.00602	0.00351	0.01217
37	0.02981	0.02528	0.02302	0.01833	0.02450	0.18045	0.01470	0.34832	0.03089	0.08959	0.01849	0.01901	0.01354	0.00910	0.00780	0.00223	0.00996	0.00666	0.00699	0.12133
38	0.01666	0.04297	0.66500	0.02368	0.03596	0.01929	0.03069	0.02631	0.01754	0.02631	0.01491	0.01754	0.01052	0.00789	0.00789	0.00263	0.01228	0.00614	0.00351	0.01228
39	0.02740	0.02057	0.02243	0.01731	0.02368	0.02168	0.01411	0.47112	0.03334	0.04543	0.02071	0.06565	0.01654	0.01033	0.00805	0.00231	0.00828	0.00809	0.00763	0.15536
40	0.01809	0.01928	0.04035	0.03022	0.03704	0.01822	0.47697	0.02432	0.01949	0.02618	0.02342	0.03976	0.02117	0.01088	0.01021	0.00305	0.01246	0.15349	0.00504	0.01034
41	0.01864	0.28181	0.44349	0.02030	0.03074	0.02413	0.02482	0.02580	0.01730	0.02390	0.01371	0.01604	0.01057	0.00761	0.00698	0.00233	0.01107	0.00553	0.00352	0.01170
42	0.01903	0.01993	0.02211	0.04992	0.02247	0.14770	0.01609	0.02136	0.01516	0.01994	0.01422	0.02125	0.01327	0.02472	0.18020	0.00567	0.36690	0.00730	0.00396	0.00879
43	0.01117	0.00954	0.01044	0.01119	0.03935	0.00855	0.00801	0.01481	0.05671	0.02355	0.07550	0.07542	0.54694	0.02000	0.00978	0.00286	0.00482	0.05607	0.00760	0.00769
44	0.02966	0.03352	0.02368	0.02070	0.02520	0.45951	0.01597	0.15476	0.06228	0.02771	0.01540	0.01715	0.01228	0.00941	0.00905	0.00235	0.05918	0.00615	0.00531	0.01072
45	0.01730	0.01555	0.01324	0.01272	0.01383	0.17015	0.00853	0.01701	0.01460	0.01684	0.01966	0.03613	0.02088	0.32979	0.05981	0.20446	0.01016	0.00902	0.00445	0.00588
46	0.01079	0.00823	0.00992	0.00998	0.01194	0.00735	0.00730	0.01363	0.02052	0.02733	0.34461	0.19002	0.26810	0.02008	0.00996	0.00282	0.00419	0.01751	0.00839	0.00735
47	0.01569	0.01477	0.02492	0.68808	0.05722	0.01846	0.02307	0.02123	0.01661	0.02123	0.01477	0.02215	0.01107	0.00831	0.00831	0.00277	0.01107	0.00738	0.00369	0.00923
48	0.17058	0.02590	0.02235	0.14308	0.08016	0.27315	0.01651	0.09219	0.02173	0.05929	0.01490	0.01763	0.01149	0.00849	0.00737	0.00242	0.01119	0.00610	0.00505	0.01042
49	0.01890	0.01258	0.01544	0.01500	0.01850	0.01287	0.01252	0.06132	0.14823	0.11779	0.04345	0.06579	0.10569	0.01780	0.01004	0.00325	0.00705	0.29557	0.00823	0.01000
50	0.02715	0.02765	0.02782	0.03218	0.26831	0.25177	0.01962	0.18703	0.02585	0.03139	0.01578	0.01844	0.01255	0.00849	0.00799	0.00236	0.01148	0.00670	0.00528	0.01217
51	0.01975	0.07784	0.50733	0.02273	0.03318	0.14745	0.02697	0.02757	0.01867	0.02479	0.01433	0.01682	0.01057	0.00798	0.00768	0.00249	0.01262	0.00590	0.00366	0.01168
52	0.02093	0.06200	0.35514	0.15184	0.06704	0.01841	0.02460	0.02797	0.01861	0.14865	0.01823	0.02047	0.01272	0.00838	0.00796	0.00260	0.01075	0.00679	0.00489	0.01202
53	0.02262	0.19905	0.31135	0.02072	0.02919	0.23488	0.02208	0.02820	0.01933	0.02279	0.01345	0.01572	0.01061	0.00792	0.00716	0.00227	0.01236	0.00549	0.00377	0.01104

[dist]
# distance from previous block
# <min> <max>
0	16

[block]
# block no. 2 follows, 22 sequences, length 30
# corresponding to MSA columns:
# 127-156
name=unknown_C
#
# <colnr> <probs for GDERKNQSTAVLIFYWHMCP>
#	G	D	E	R	K	N	Q	S	T	A	V	L	I	F	Y	W	H	M	C	P
0	0.02325	0.03110	0.22541	0.12592	0.03324	0.16697	0.02125	0.18148	0.02434	0.03070	0.01892	0.02120	0.04127	0.00925	0.00806	0.00252	0.01151	0.00703	0.00514	0.01144
1	0.01448	0.01328	0.02368	0.01974	0.02284	0.01461	0.16843	0.01836	0.01489	0.02123	0.01972	0.02857	0.01769	0.04337	0.43995	0.00968	0.08767	0.00897	0.00430	0.00855
2	0.01187	0.00890	0.01335	0.01335	0.01483	0.01038	0.01038	0.01483	0.01335	0.01928	0.02225	0.03264	0.02077	0.06231	0.67512	0.01335	0.02225	0.00890	0.00445	0.00742
3	0.01297	0.01673	0.16316	0.01573	0.01969	0.01243	0.01505	0.01747	0.01431	0.02090	0.02056	0.02917	0.01841	0.04980	0.52173	0.01089	0.01996	0.00827	0.00423	0.00853
4	0.01818	0.01818	0.02545	0.02181	0.02181	0.02545	0.01818	0.01999	0.01272	0.01999	0.01091	0.01818	0.01091	0.01454	0.02726	0.00364	0.69284	0.00727	0.00364	0.00909
5	0.01723	0.01477	0.01723	0.01230	0.01969	0.01107	0.00984	0.02092	0.01723	0.02707	0.01477	0.01723	0.01230	0.00615	0.00615	0.00123	0.00615	0.00492	0.00492	0.75883
6	0.01187	0.00890	0.01335	0.01335	0.01483	0.01038	0.01038	0.01483	0.01335	0.01928	0.02225	0.03264	0.02077	0.06231	0.67512	0.01335	0.02225	0.00890	0.00445	0.00742
7	0.02517	0.03098	0.01936	0.01781	0.02169	0.49017	0.01336	0.02730	0.02227	0.02091	0.03255	0.03294	0.18816	0.01201	0.00813	0.00232	0.01200	0.00872	0.00523	0.00891
8	0.02759	0.08655	0.15131	0.02136	0.02741	0.50144	0.01881	0.03125	0.02190	0.02146	0.01316	0.01537	0.01066	0.00833	0.00742	0.00221	0.01403	0.00544	0.00408	0.01022
9	0.01208	0.00805	0.00906	0.00906	0.00906	0.00805	0.00503	0.01208	0.01208	0.01611	0.02618	0.05436	0.03020	0.70804	0.04228	0.00805	0.00805	0.01208	0.00503	0.00503
10	0.01010	0.00730	0.00957	0.01138	0.01200	0.00676	0.00763	0.01159	0.01609	0.02128	0.04811	0.66494	0.09112	0.02572	0.01056	0.00334	0.00478	0.02325	0.00771	0.00676
11	0.01012	0.00723	0.00964	0.01157	0.01205	0.00675	0.00771	0.01157	0.01591	0.02121	0.04579	0.70262	0.05495	0.02603	0.01060	0.00337	0.00482	0.02362	0.00771	0.00675
12	0.01187	0.00890	0.01335	0.01335	0.01483	0.01038	0.01038	0.01483	0.01335	0.01928	0.02225	0.03264	0.02077	0.06231	0.67512	0.01335	0.02225	0.00890	0.00445	0.00742
13	0.03084	0.02209	0.02395	0.01856	0.02491	0.02424	0.01525	0.57234	0.03727	0.07923	0.02175	0.05227	0.01634	0.01074	0.00842	0.00254	0.00884	0.00827	0.00837	0.01378
14	0.03119	0.03493	0.02394	0.02075	0.02571	0.48923	0.01598	0.20332	0.02798	0.02948	0.01487	0.01640	0.01168	0.00896	0.00772	0.00224	0.01331	0.00596	0.00543	0.01092
15	0.01549	0.00774	0.00774	0.00774	0.00968	0.00774	0.00581	0.01936	0.01742	0.03097	0.02710	0.03097	0.02129	0.00968	0.00581	0.00194	0.00387	0.00774	0.75416	0.00774
16	0.01928	0.02122	0.04422	0.03653	0.15159	0.02007	0.48702	0.02567	0.01945	0.02649	0.02001	0.02500	0.04517	0.00779	0.00952	0.00274	0.01277	0.00977	0.00436	0.01134
17	0.00993	0.00842	0.00858	0.00854	0.01129	0.00706	0.00640	0.01215	0.01921	0.02309	0.11792	0.07889	0.61869	0.02080	0.00982	0.00279	0.00419	0.01738	0.00780	0.00706
18	0.76672	0.01607	0.01221	0.01092	0.01607	0.01864	0.00900	0.02442	0.01414	0.03727	0.01157	0.01350	0.00900	0.00771	0.00514	0.00257	0.00643	0.00450	0.00514	0.00900
19	0.03111	0.03723	0.02374	0.02107	0.02569	0.58086	0.01601	0.11926	0.02579	0.02496	0.01387	0.01570	0.01120	0.00876	0.00761	0.00219	0.01414	0.00566	0.00486	0.01028
20	0.02271	0.02213	0.01972	0.01779	0.02241	0.14954	0.01372	0.04198	0.51951	0.03191	0.02968	0.02784	0.02247	0.01074	0.00826	0.00268	0.00823	0.00860	0.00763	0.01246
21	0.01932	0.02712	0.23424	0.04232	0.45920	0.01960	0.02715	0.02575	0.01848	0.02688	0.01540	0.01960	0.01232	0.00756	0.00812	0.00252	0.01063	0.00700	0.00392	0.01288
22	0.02056	0.01974	0.03372	0.05099	0.65622	0.01974	0.02550	0.02550	0.01892	0.02714	0.01563	0.02056	0.01316	0.00740	0.00822	0.00247	0.00987	0.00740	0.00411	0.01316
23	0.13135	0.17497	0.02223	0.01292	0.01888	0.01778	0.01101	0.06501	0.01982	0.08689	0.12079	0.02437	0.02323	0.00903	0.00676	0.00199	0.00674	0.00690	0.00605	0.23325
24	0.02028	0.02198	0.12229	0.03610	0.37138	0.01890	0.02215	0.02956	0.14847	0.05840	0.02339	0.02548	0.04620	0.00907	0.00831	0.00259	0.00914	0.00816	0.00539	0.01278
25	0.01534	0.01348	0.01674	0.04734	0.12351	0.01389	0.01269	0.02464	0.20724	0.02704	0.05223	0.05365	0.29366	0.01540	0.00918	0.00281	0.00636	0.04762	0.00717	0.01002
26	0.02090	0.02132	0.06045	0.03159	0.23009	0.08763	0.15421	0.06632	0.02100	0.05616	0.05028	0.09355	0.04729	0.01064	0.00887	0.00263	0.01027	0.01010	0.00542	0.01128
27	0.02257	0.02421	0.08979	0.02219	0.06781	0.14877	0.04479	0.10592	0.04955	0.05913	0.01966	0.08871	0.01750	0.01408	0.04105	0.00327	0.15609	0.00880	0.00543	0.01071
28	0.32040	0.02443	0.23635	0.10985	0.02856	0.01779	0.01841	0.02478	0.01674	0.06057	0.05816	0.02011	0.01512	0.00861	0.00699	0.00262	0.00892	0.00636	0.00490	0.01031
29	0.02000	0.02059	0.06315	0.09284	0.56039	0.01968	0.05084	0.02529	0.01872	0.02667	0.01558	0.02061	0.01287	0.00747	0.00828	0.00251	0.01024	0.00744	0.00406	0.01277

[dist]
# distance from previous block
# <min> <max>
8	37

[block]
# block no. 3 follows, 22 sequences, length 7
# corresponding to MSA columns:
# 194-200
name=unknown_D
#
# <colnr> <probs for GDERKNQSTAVLIFYWHMCP>
#	G	D	E	R	K	N	Q	S	T	A	V	L	I	F	Y	W	H	M	C	P
0	0.01559	0.06241	0.01548	0.01336	0.01546	0.05324	0.00989	0.09435	0.01857	0.02415	0.03167	0.33331	0.03507	0.10640	0.12645	0.00531	0.00964	0.01518	0.00641	0.00808
1	0.01239	0.00878	0.00984	0.00979	0.01164	0.00854	0.00698	0.01601	0.05746	0.02452	0.11751	0.10490	0.22018	0.15404	0.06176	0.00442	0.00632	0.01373	0.14394	0.00726
2	0.01924	0.14308	0.22535	0.02154	0.02847	0.02087	0.12092	0.02452	0.01730	0.07449	0.01900	0.09767	0.01689	0.01098	0.01127	0.00276	0.12132	0.00884	0.00468	0.01082
3	0.36136	0.11617	0.08452	0.01409	0.02016	0.02083	0.01295	0.09351	0.09039	0.03396	0.02093	0.02168	0.06086	0.00932	0.00654	0.00250	0.00751	0.00655	0.00569	0.01046
4	0.08913	0.01657	0.13608	0.01316	0.01749	0.01209	0.01213	0.01950	0.08188	0.02580	0.08444	0.14544	0.20165	0.09341	0.01258	0.00341	0.00673	0.01332	0.00652	0.00865
5	0.02339	0.13745	0.02410	0.04293	0.02288	0.06247	0.01375	0.23639	0.14564	0.03613	0.11778	0.02942	0.05044	0.01107	0.00806	0.00245	0.00807	0.00872	0.00720	0.01165
6	0.17089	0.14037	0.02548	0.07052	0.02564	0.09753	0.01482	0.29378	0.02693	0.03778	0.01569	0.01719	0.01192	0.00876	0.00710	0.00237	0.00938	0.00614	0.00607	0.01165

[dist]
# distance from previous block
# <min> <max>
0	2

[block]
# block no. 4 follows, 22 sequences, length 14
# corresponding to MSA columns:
# 203-216
name=unknown_E
#
# <colnr> <probs for GDERKNQSTAVLIFYWHMCP>
#	G	D	E	R	K	N	Q	S	T	A	V	L	I	F	Y	W	H	M	C	P
0	0.02814	0.03516	0.02226	0.02022	0.02406	0.56639	0.01529	0.03025	0.02235	0.02051	0.01938	0.02129	0.07081	0.01015	0.00910	0.00231	0.06181	0.00663	0.00456	0.00935
1	0.02599	0.02542	0.02811	0.03121	0.24466	0.23514	0.07080	0.03068	0.04831	0.10998	0.01784	0.02016	0.01377	0.00823	0.00802	0.00234	0.01118	0.00700	0.00524	0.05592
2	0.01553	0.01402	0.02221	0.22012	0.23831	0.01474	0.01788	0.02000	0.01934	0.02621	0.17552	0.03930	0.11922	0.01187	0.00885	0.00264	0.00800	0.01064	0.00569	0.00988
3	0.02119	0.02090	0.02802	0.29199	0.27382	0.11057	0.02229	0.08387	0.02063	0.02636	0.01533	0.02035	0.01210	0.00817	0.00816	0.00254	0.01098	0.00712	0.00438	0.01123
4	0.02017	0.01971	0.02785	0.34660	0.26060	0.08736	0.02264	0.06951	0.01982	0.02553	0.01526	0.02069	0.01199	0.00814	0.00819	0.00258	0.01091	0.00719	0.00425	0.01101
5	0.01727	0.01453	0.01830	0.07783	0.13995	0.04244	0.01379	0.07856	0.06640	0.02759	0.03422	0.03702	0.14986	0.02015	0.11650	0.00427	0.00985	0.00988	0.11182	0.00978
6	0.01434	0.01221	0.01346	0.01276	0.01489	0.04881	0.00978	0.05840	0.01782	0.02275	0.04384	0.05347	0.23710	0.13299	0.16217	0.00601	0.06922	0.05625	0.00608	0.00768
7	0.02277	0.27113	0.26455	0.01977	0.02794	0.21594	0.02077	0.02783	0.01907	0.02224	0.01315	0.01535	0.01062	0.00782	0.00690	0.00220	0.01191	0.00533	0.00375	0.01095
8	0.05529	0.01919	0.07792	0.10342	0.12880	0.05646	0.01815	0.02288	0.01637	0.05942	0.01615	0.02164	0.01355	0.01902	0.13036	0.00461	0.16223	0.00714	0.00443	0.06297
9	0.12100	0.05315	0.14120	0.17972	0.14665	0.17451	0.02101	0.02630	0.01851	0.02508	0.01394	0.01784	0.01097	0.00800	0.00749	0.00248	0.01130	0.00618	0.00406	0.01061
10	0.01767	0.16411	0.55265	0.02197	0.03331	0.02175	0.02771	0.02605	0.01742	0.02509	0.01430	0.01678	0.01055	0.00775	0.00743	0.00248	0.01166	0.00583	0.00352	0.01199
11	0.02356	0.02835	0.01925	0.01894	0.05799	0.42034	0.01346	0.02585	0.02178	0.02141	0.03607	0.03632	0.21853	0.01253	0.00829	0.00237	0.01120	0.00941	0.00538	0.00899
12	0.07291	0.00998	0.01272	0.01194	0.01373	0.01052	0.00870	0.03827	0.03577	0.08100	0.02074	0.03076	0.01894	0.12842	0.17890	0.27043	0.01075	0.00831	0.03028	0.00693
13	0.02171	0.06444	0.02312	0.01823	0.02250	0.24057	0.04008	0.02453	0.01814	0.02201	0.01443	0.01881	0.01265	0.01649	0.10570	0.00377	0.12772	0.00621	0.00431	0.19457

[dist]
# distance from previous block
# <min> <max>
0	28

[block]
# block no. 5 follows, 22 sequences, length 19
# corresponding to MSA columns:
# 245-263
name=unknown_F
#
# <colnr> <probs for GDERKNQSTAVLIFYWHMCP>
#	G	D	E	R	K	N	Q	S	T	A	V	L	I	F	Y	W	H	M	C	P
0	0.01396	0.01071	0.01293	0.01211	0.01510	0.00968	0.00889	0.07195	0.01950	0.02704	0.11277	0.36161	0.08214	0.01849	0.00921	0.00266	0.00538	0.01633	0.00730	0.18225
1	0.02526	0.03029	0.02849	0.02386	0.02758	0.36998	0.12154	0.02814	0.01966	0.02131	0.01295	0.01720	0.01109	0.01006	0.01375	0.00270	0.21563	0.00668	0.00408	0.00974
2	0.02056	0.01974	0.03372	0.05099	0.65622	0.01974	0.02550	0.02550	0.01892	0.02714	0.01563	0.02056	0.01316	0.00740	0.00822	0.00247	0.00987	0.00740	0.00411	0.01316
3	0.01138	0.00860	0.01000	0.01037	0.01222	0.00793	0.00780	0.01359	0.01791	0.02276	0.12591	0.07512	0.30507	0.18056	0.01773	0.00423	0.00585	0.14893	0.00724	0.00679
4	0.01786	0.01049	0.01290	0.01189	0.01443	0.01016	0.00863	0.02261	0.09499	0.15654	0.17900	0.15072	0.06577	0.18586	0.01743	0.00409	0.00606	0.01368	0.00801	0.00890
5	0.02056	0.01974	0.03372	0.05099	0.65622	0.01974	0.02550	0.02550	0.01892	0.02714	0.01563	0.02056	0.01316	0.00740	0.00822	0.00247	0.00987	0.00740	0.00411	0.01316
6	0.01368	0.01092	0.01234	0.01247	0.01495	0.01112	0.00924	0.04880	0.16481	0.02638	0.05242	0.31039	0.21326	0.02026	0.00981	0.00306	0.00539	0.04408	0.00791	0.00872
7	0.10344	0.09049	0.20229	0.01677	0.02365	0.01977	0.01700	0.19008	0.02250	0.03369	0.01813	0.02178	0.01431	0.04666	0.05136	0.00337	0.00984	0.00683	0.09702	0.01105
8	0.02160	0.01966	0.01873	0.01768	0.05129	0.13659	0.01291	0.16855	0.13294	0.03294	0.12239	0.13385	0.06780	0.01392	0.00884	0.00265	0.00809	0.01156	0.00739	0.01063
9	0.29369	0.02700	0.24238	0.05517	0.02752	0.02051	0.01889	0.16519	0.02124	0.03607	0.01485	0.01688	0.01083	0.00833	0.00701	0.00258	0.00935	0.00592	0.00523	0.01134
10	0.02845	0.03112	0.02567	0.02681	0.15544	0.37648	0.01780	0.15103	0.05747	0.02887	0.01591	0.01795	0.01265	0.00874	0.00786	0.00231	0.01233	0.00641	0.00527	0.01144
11	0.03078	0.02987	0.02481	0.02174	0.05876	0.29530	0.01641	0.34936	0.03155	0.03772	0.01676	0.01791	0.01265	0.00925	0.00797	0.00235	0.01161	0.00659	0.00641	0.01221
12	0.02205	0.07374	0.02218	0.01742	0.02111	0.16699	0.01415	0.13493	0.02203	0.02708	0.02830	0.03240	0.13094	0.01300	0.01268	0.00269	0.16984	0.03750	0.00565	0.04534
13	0.02161	0.02275	0.02144	0.19385	0.03174	0.21133	0.01584	0.02941	0.14754	0.02512	0.01812	0.02070	0.01420	0.00849	0.00759	0.00223	0.01015	0.00662	0.00514	0.18615
14	0.02377	0.06685	0.02198	0.02013	0.05745	0.36618	0.01482	0.02770	0.05806	0.02158	0.01830	0.02510	0.01634	0.02194	0.16276	0.00489	0.01507	0.04289	0.00473	0.00947
15	0.17905	0.01375	0.01712	0.17085	0.05285	0.01486	0.01372	0.06102	0.01936	0.10662	0.05152	0.03887	0.11316	0.01231	0.00816	0.00276	0.00754	0.07410	0.03271	0.00966
16	0.17683	0.02074	0.10650	0.20654	0.12571	0.01900	0.14512	0.02518	0.01750	0.05858	0.01553	0.01989	0.01164	0.00783	0.00789	0.00266	0.01048	0.00717	0.00446	0.01075
17	0.01584	0.01854	0.14842	0.01599	0.02098	0.01405	0.01537	0.06196	0.13430	0.02941	0.11473	0.05601	0.12410	0.01588	0.00954	0.00302	0.00755	0.17719	0.00718	0.00995
18	0.02213	0.02522	0.01758	0.01662	0.02001	0.35490	0.01260	0.04941	0.02186	0.02270	0.03632	0.11372	0.16841	0.01482	0.00879	0.00261	0.01041	0.06723	0.00595	0.00870

[dist]
# distance from previous block
# <min> <max>
2	24

[block]
# block no. 6 follows, 22 sequences, length 42
# corresponding to MSA columns:
# 288-329
name=unknown_G
#
# <colnr> <probs for GDERKNQSTAVLIFYWHMCP>
#	G	D	E	R	K	N	Q	S	T	A	V	L	I	F	Y	W	H	M	C	P
0	0.02153	0.27545	0.02666	0.01434	0.01898	0.06208	0.01218	0.11185	0.01996	0.06498	0.02291	0.02875	0.06409	0.12630	0.06969	0.00408	0.03307	0.00788	0.00536	0.00983
1	0.07637	0.01450	0.01257	0.01230	0.01514	0.12304	0.00941	0.01927	0.01943	0.04961	0.10143	0.13344	0.21264	0.01668	0.00884	0.00273	0.00671	0.07322	0.08460	0.00808
2	0.02495	0.03554	0.17720	0.02020	0.02638	0.39317	0.01838	0.06545	0.02247	0.02401	0.02263	0.02397	0.09053	0.01003	0.00793	0.00236	0.01263	0.00718	0.00477	0.01022
3	0.02381	0.14934	0.02796	0.13492	0.06255	0.10396	0.01722	0.17682	0.09756	0.03033	0.01715	0.01967	0.01351	0.00948	0.00961	0.00252	0.07986	0.00685	0.00547	0.01142
4	0.27294	0.02144	0.09240	0.10835	0.02483	0.13199	0.01432	0.02317	0.01764	0.02792	0.07153	0.02665	0.08148	0.01099	0.00836	0.03547	0.00888	0.00754	0.00511	0.00900
5	0.01588	0.01263	0.01364	0.01267	0.01519	0.05183	0.00944	0.12052	0.02358	0.03146	0.29900	0.19766	0.09064	0.05386	0.01129	0.00303	0.00594	0.01508	0.00807	0.00858
6	0.02056	0.01974	0.03372	0.05099	0.65622	0.01974	0.02550	0.02550	0.01892	0.02714	0.01563	0.02056	0.01316	0.00740	0.00822	0.00247	0.00987	0.00740	0.00411	0.01316
7	0.01938	0.02488	0.18051	0.08036	0.47790	0.01956	0.02657	0.02545	0.01847	0.02661	0.01541	0.01994	0.01243	0.00757	0.00815	0.00252	0.01050	0.00711	0.00395	0.01273
8	0.01629	0.01610	0.05771	0.09758	0.25677	0.01494	0.05591	0.02110	0.01953	0.02691	0.14171	0.04453	0.07024	0.01277	0.00926	0.00281	0.00855	0.11120	0.00580	0.01029
9	0.00982	0.00842	0.00842	0.00842	0.01122	0.00701	0.00631	0.01192	0.01894	0.02244	0.08416	0.07995	0.65285	0.02104	0.00982	0.00281	0.00421	0.01753	0.00771	0.00701
10	0.01089	0.00854	0.00991	0.00979	0.01218	0.00755	0.00750	0.01387	0.02081	0.02705	0.31150	0.07379	0.37102	0.01955	0.00994	0.00281	0.00437	0.06325	0.00829	0.00740
11	0.02147	0.10659	0.46792	0.02087	0.03141	0.01925	0.02519	0.02907	0.01875	0.15613	0.01823	0.01931	0.01260	0.00830	0.00772	0.00253	0.01086	0.00642	0.00490	0.01249
12	0.02300	0.30015	0.14934	0.01989	0.05261	0.21584	0.01822	0.02688	0.01870	0.02135	0.01326	0.01609	0.01130	0.01086	0.04256	0.00275	0.03734	0.00549	0.00383	0.01054
13	0.01278	0.00922	0.01154	0.01250	0.01375	0.00911	0.00871	0.08810	0.01878	0.02507	0.04258	0.61793	0.04988	0.02403	0.01032	0.00326	0.00536	0.02161	0.00779	0.00766
14	0.01362	0.01098	0.01243	0.01163	0.01455	0.01106	0.00885	0.02229	0.18807	0.03073	0.33102	0.05860	0.22092	0.01656	0.00944	0.00272	0.00471	0.01420	0.00857	0.00904
15	0.01706	0.06963	0.60465	0.02392	0.03577	0.01995	0.06341	0.02627	0.01763	0.02605	0.01488	0.01764	0.01065	0.00781	0.00789	0.00260	0.01223	0.00627	0.00355	0.01215
16	0.09205	0.01013	0.01095	0.01058	0.01301	0.01110	0.00810	0.02160	0.09330	0.02876	0.02516	0.03047	0.02075	0.04873	0.16575	0.00504	0.00897	0.00805	0.37913	0.00836
17	0.03118	0.03509	0.02393	0.02077	0.02570	0.49552	0.01598	0.19755	0.02783	0.02917	0.01480	0.01635	0.01165	0.00895	0.00772	0.00224	0.01337	0.00594	0.00539	0.01087
18	0.01963	0.16882	0.08397	0.01719	0.02137	0.16427	0.01529	0.02260	0.01805	0.02139	0.02744	0.07015	0.11248	0.01333	0.01167	0.00270	0.13930	0.05616	0.00491	0.00928
19	0.01193	0.00870	0.01125	0.01241	0.01402	0.00832	0.00983	0.01467	0.01822	0.02374	0.10823	0.19451	0.14690	0.09275	0.01404	0.00390	0.00627	0.28561	0.00755	0.00714
20	0.02443	0.02958	0.01896	0.01745	0.02132	0.45122	0.01311	0.02757	0.05158	0.02163	0.03439	0.03446	0.19643	0.01229	0.00821	0.00236	0.01148	0.00905	0.00547	0.00904
21	0.54565	0.01570	0.01201	0.01097	0.01552	0.05559	0.00880	0.02203	0.01583	0.03279	0.02858	0.02909	0.15932	0.01087	0.00637	0.00260	0.00643	0.00759	0.00569	0.00857
22	0.01949	0.01929	0.03421	0.15628	0.34251	0.01990	0.16392	0.02691	0.08237	0.02675	0.01761	0.02234	0.01391	0.00786	0.00863	0.00263	0.01071	0.00816	0.00450	0.01201
23	0.01424	0.01099	0.01214	0.01123	0.01424	0.01058	0.00855	0.12602	0.02307	0.02984	0.17511	0.15569	0.33912	0.01895	0.00965	0.00279	0.00515	0.01609	0.00810	0.00844
24	0.02707	0.01478	0.01747	0.01430	0.01960	0.01446	0.01152	0.11908	0.13569	0.31246	0.04310	0.03962	0.16802	0.01292	0.00871	0.00266	0.00661	0.01056	0.00907	0.01230
25	0.02572	0.02532	0.02917	0.03622	0.35335	0.17710	0.02090	0.17346	0.02490	0.03163	0.01601	0.01908	0.01281	0.00830	0.00807	0.00240	0.01091	0.00693	0.00517	0.01255
26	0.26861	0.01093	0.01150	0.01181	0.01444	0.01154	0.00922	0.01782	0.01746	0.02983	0.15825	0.22450	0.04280	0.01737	0.00874	0.00303	0.00570	0.12143	0.00712	0.00790
27	0.01424	0.01023	0.01174	0.01147	0.01282	0.01078	0.00771	0.01958	0.16511	0.02122	0.03147	0.10798	0.06697	0.31452	0.02734	0.13469	0.00700	0.01205	0.00604	0.00704
28	0.01125	0.00770	0.00931	0.01013	0.01033	0.00750	0.00618	0.01186	0.01371	0.01828	0.03454	0.33071	0.04075	0.41730	0.02878	0.00606	0.00668	0.01700	0.00618	0.00576
29	0.02012	0.01911	0.03246	0.04879	0.61674	0.01911	0.02475	0.02498	0.01893	0.02700	0.01738	0.02508	0.01530	0.00836	0.00843	0.00255	0.00973	0.04404	0.00433	0.01282
30	0.01066	0.00776	0.01015	0.01172	0.01273	0.00725	0.00840	0.01268	0.01716	0.02263	0.08793	0.51167	0.11555	0.02451	0.01060	0.00333	0.00511	0.10541	0.00779	0.00697
31	0.01419	0.01064	0.01442	0.01364	0.01513	0.01257	0.01058	0.05014	0.01505	0.02225	0.02168	0.03216	0.02020	0.11348	0.41541	0.00968	0.10114	0.00881	0.09104	0.00779
32	0.02767	0.17546	0.02702	0.01844	0.02366	0.33669	0.01491	0.16406	0.02563	0.02848	0.06814	0.01973	0.01718	0.00928	0.00741	0.00218	0.01144	0.00646	0.00545	0.01071
33	0.01467	0.01190	0.01477	0.01608	0.07977	0.01202	0.01074	0.05269	0.13774	0.02947	0.20874	0.18394	0.16022	0.01717	0.00948	0.00282	0.00553	0.01502	0.00790	0.00933
34	0.01185	0.00843	0.01128	0.01140	0.01219	0.00916	0.00792	0.01345	0.01296	0.01804	0.02538	0.08313	0.02692	0.33720	0.36271	0.01046	0.01509	0.01117	0.00490	0.00635
35	0.01157	0.00890	0.01085	0.01155	0.01387	0.00818	0.00946	0.01464	0.01965	0.02496	0.14663	0.08316	0.32203	0.02127	0.01050	0.00320	0.00559	0.25871	0.00789	0.00739
36	0.02927	0.03535	0.02360	0.02108	0.02510	0.53656	0.01611	0.07022	0.05279	0.02302	0.01409	0.01638	0.01164	0.00939	0.00959	0.00235	0.08288	0.00587	0.00467	0.01003
37	0.01022	0.00848	0.00964	0.04735	0.01401	0.00759	0.00759	0.01236	0.01807	0.02207	0.07096	0.22760	0.47191	0.02153	0.00992	0.00294	0.00474	0.01844	0.00749	0.00707
38	0.01063	0.00755	0.00985	0.01110	0.01181	0.00708	0.00746	0.01239	0.01693	0.02294	0.15665	0.51698	0.05678	0.09415	0.01370	0.00371	0.00498	0.02084	0.00770	0.00678
39	0.02202	0.02607	0.14386	0.02664	0.14883	0.10953	0.05658	0.14924	0.02268	0.02988	0.02111	0.06548	0.04854	0.01079	0.01036	0.00267	0.08041	0.00860	0.00527	0.01145
40	0.01880	0.06723	0.16474	0.01741	0.02369	0.09889	0.01662	0.02607	0.10766	0.02545	0.02500	0.02834	0.08034	0.01065	0.00963	0.00242	0.07537	0.03124	0.00522	0.16525
41	0.01839	0.01322	0.01523	0.01432	0.01729	0.01402	0.01065	0.13476	0.17198	0.06932	0.03630	0.33879	0.03685	0.05436	0.01119	0.00327	0.00635	0.01566	0.00802	0.01002

[dist]
# distance from previous block
# <min> <max>
10	19

[block]
# block no. 7 follows, 22 sequences, length 146
# corresponding to MSA columns:
# 349-494
name=unknown_H
#
# <colnr> <probs for GDERKNQSTAVLIFYWHMCP>
#	G	D	E	R	K	N	Q	S	T	A	V	L	I	F	Y	W	H	M	C	P
0	0.01736	0.01727	0.01703	0.01650	0.04184	0.16674	0.05664	0.01998	0.04457	0.02036	0.02689	0.19338	0.02924	0.27084	0.02132	0.00471	0.00938	0.01275	0.00554	0.00767
1	0.01436	0.04289	0.01388	0.01117	0.01422	0.01087	0.00810	0.01738	0.05058	0.02153	0.02801	0.04398	0.07196	0.31713	0.05512	0.00518	0.00785	0.04402	0.00546	0.21632
2	0.05358	0.01323	0.01497	0.01260	0.01691	0.01226	0.00951	0.11767	0.01977	0.02918	0.02522	0.19717	0.02574	0.09084	0.01163	0.00285	0.00643	0.01102	0.04049	0.28892
3	0.05162	0.01404	0.01581	0.01320	0.01725	0.01389	0.01001	0.18205	0.02257	0.08592	0.05534	0.11558	0.05664	0.16867	0.01586	0.00367	0.00712	0.01083	0.00699	0.13295
4	0.04809	0.00977	0.01197	0.04444	0.01470	0.00978	0.00815	0.01815	0.04231	0.09801	0.10768	0.16949	0.03762	0.31659	0.02354	0.00513	0.00683	0.01349	0.00675	0.00751
5	0.01871	0.01552	0.01635	0.01641	0.04633	0.10125	0.01251	0.09375	0.02332	0.06054	0.19224	0.08550	0.07395	0.01665	0.00971	0.00294	0.00765	0.18981	0.00763	0.00924
6	0.02691	0.02269	0.05209	0.02102	0.02758	0.04674	0.12856	0.40120	0.03155	0.04291	0.01973	0.02139	0.01440	0.00925	0.00825	0.00248	0.00978	0.00781	0.09305	0.01261
7	0.03103	0.03959	0.02354	0.02140	0.02568	0.67469	0.01605	0.03317	0.02354	0.02033	0.01284	0.01498	0.01070	0.00856	0.00749	0.00214	0.01498	0.00535	0.00428	0.00963
8	0.02373	0.10864	0.03299	0.17309	0.03673	0.16219	0.17168	0.13952	0.02309	0.02803	0.01545	0.01920	0.01190	0.00820	0.00815	0.00247	0.01202	0.00722	0.00480	0.01091
9	0.01330	0.00928	0.01114	0.01092	0.01176	0.00969	0.00716	0.05942	0.01481	0.02005	0.02722	0.12227	0.03006	0.45531	0.15479	0.00809	0.01043	0.01246	0.00548	0.00637
10	0.10780	0.02424	0.01804	0.01688	0.02011	0.32553	0.01290	0.02461	0.01826	0.02185	0.01657	0.02208	0.01465	0.03060	0.28225	0.00681	0.01699	0.00671	0.00445	0.00865
11	0.01853	0.01767	0.03005	0.31636	0.40671	0.01920	0.02449	0.02372	0.01796	0.02468	0.01527	0.02122	0.01229	0.00778	0.00826	0.00259	0.01037	0.00739	0.00394	0.01152
12	0.01476	0.01326	0.01465	0.09155	0.05081	0.06074	0.01162	0.06326	0.02043	0.02492	0.05544	0.09358	0.34237	0.01762	0.00953	0.00287	0.00694	0.09041	0.00686	0.00838
13	0.01231	0.00973	0.01018	0.00986	0.01293	0.00886	0.00745	0.01699	0.09360	0.05114	0.07403	0.10273	0.52102	0.01966	0.00963	0.00282	0.00464	0.01647	0.00791	0.00804
