[name]
unknown

[dist]
# distance from previous block
# <min> <max>
0	41

[block]
# block no. 0 follows, 22 sequences, length 38
# corresponding to MSA columns:
# 43-80
name=unknown_A
#
# <colnr> <probs for GDERKNQSTAVLIFYWHMCP>
#	G	D	E	R	K	N	Q	S	T	A	V	L	I	F	Y	W	H	M	C	P
0	0.21716	0.01504	0.03713	0.01645	0.06851	0.05551	0.01201	0.02100	0.05528	0.02543	0.01892	0.02858	0.01729	0.02355	0.12776	0.17702	0.01046	0.05986	0.00492	0.00813
1	0.01675	0.00978	0.01182	0.01104	0.01333	0.00926	0.00800	0.03984	0.01805	0.13376	0.08073	0.10857	0.14987	0.23785	0.05078	0.00495	0.00712	0.04125	0.03927	0.00799
2	0.01587	0.01203	0.01345	0.01218	0.01536	0.01196	0.00933	0.17141	0.02448	0.03213	0.17605	0.17755	0.25930	0.01830	0.00957	0.00279	0.00553	0.01557	0.00816	0.00896
3	0.01647	0.01647	0.01985	0.08152	0.13083	0.10865	0.04144	0.01951	0.01834	0.02270	0.03749	0.19102	0.15776	0.01594	0.01046	0.00288	0.05255	0.04137	0.00582	0.00894
4	0.21775	0.01989	0.04042	0.04516	0.01997	0.13923	0.01181	0.11447	0.02090	0.03318	0.01825	0.02082	0.01413	0.00886	0.00652	0.00229	0.00807	0.00633	0.24233	0.00962
5	0.02470	0.02553	0.02359	0.05324	0.14693	0.26807	0.01735	0.13140	0.02430	0.02853	0.04451	0.03252	0.02074	0.01136	0.00858	0.00260	0.01113	0.10855	0.00569	0.01067
6	0.02601	0.03001	0.18650	0.01938	0.02601	0.22487	0.01815	0.08189	0.06255	0.14585	0.02201	0.08112	0.01770	0.01057	0.00817	0.00253	0.01086	0.00819	0.00612	0.01151
7	0.02558	0.28243	0.15089	0.01858	0.02574	0.21722	0.01786	0.08262	0.02139	0.06546	0.01468	0.01616	0.01160	0.00814	0.00691	0.00216	0.01122	0.00555	0.00462	0.01120
8	0.02314	0.17833	0.31872	0.02017	0.02915	0.10555	0.02202	0.11538	0.02169	0.06897	0.01583	0.01738	0.01175	0.00827	0.00740	0.00237	0.01112	0.00602	0.00475	0.01199
9	0.13684	0.07743	0.13140	0.01745	0.04799	0.05860	0.04414	0.02722	0.01924	0.18783	0.03019	0.05462	0.11096	0.01104	0.00785	0.00256	0.00846	0.00885	0.00638	0.01093
10	0.02166	0.05971	0.17581	0.02523	0.15324	0.14693	0.04230	0.02605	0.01859	0.07996	0.01827	0.02550	0.01577	0.13929	0.01432	0.00348	0.01097	0.00761	0.00470	0.01062
11	0.02172	0.02708	0.22049	0.03342	0.23147	0.01996	0.14618	0.09403	0.02126	0.07812	0.01744	0.02057	0.01295	0.00797	0.00847	0.00259	0.01112	0.00760	0.00489	0.01269
12	0.06192	0.09188	0.15894	0.02041	0.02679	0.38149	0.01845	0.06288	0.05771	0.02486	0.01469	0.01650	0.01161	0.00849	0.00739	0.00229	0.01271	0.00575	0.00455	0.01068
13	0.02480	0.06761	0.02587	0.05310	0.16222	0.21435	0.01744	0.09946	0.19409	0.02932	0.02002	0.02135	0.01567	0.00911	0.00791	0.00244	0.01037	0.00717	0.00577	0.01191
14	0.02193	0.03994	0.44057	0.02252	0.03222	0.18680	0.02543	0.06533	0.02059	0.04758	0.01528	0.01739	0.01112	0.00827	0.00783	0.00250	0.01260	0.00609	0.00422	0.01178
15	0.01003	0.00760	0.00925	0.01057	0.01179	0.00683	0.00727	0.01168	0.01686	0.02160	0.05793	0.50559	0.24414	0.02445	0.01036	0.00319	0.00463	0.02169	0.00771	0.00683
16	0.01714	0.01719	0.01922	0.01751	0.01943	0.13861	0.03511	0.01984	0.01534	0.01990	0.01778	0.02575	0.01640	0.03966	0.38253	0.00872	0.16940	0.00791	0.00423	0.00834
17	0.01004	0.00755	0.00931	0.01072	0.01183	0.00682	0.00734	0.01166	0.01672	0.02154	0.05610	0.53523	0.21568	0.02469	0.01039	0.00322	0.00466	0.02198	0.00771	0.00682
18	0.02807	0.02153	0.02296	0.01840	0.02443	0.02412	0.01494	0.44067	0.23262	0.04670	0.02440	0.02350	0.01774	0.01039	0.00836	0.00260	0.00832	0.00809	0.00836	0.01381
19	0.01723	0.01634	0.02770	0.48648	0.24676	0.01886	0.02384	0.02258	0.01734	0.02310	0.01504	0.02165	0.01173	0.00802	0.00828	0.00267	0.01069	0.00739	0.00382	0.01047
20	0.01585	0.01207	0.01367	0.04129	0.05742	0.01269	0.01016	0.02535	0.20792	0.02914	0.04351	0.04334	0.19435	0.01307	0.00797	0.00251	0.00547	0.01089	0.24374	0.00960
21	0.02357	0.24077	0.03535	0.03141	0.28416	0.05414	0.04421	0.13870	0.02228	0.02914	0.01507	0.01798	0.01242	0.00783	0.00736	0.00225	0.00982	0.00649	0.00473	0.01231
22	0.02212	0.17060	0.15983	0.03050	0.22791	0.02365	0.07608	0.13864	0.02206	0.03006	0.01555	0.01850	0.01225	0.00788	0.00771	0.00239	0.01037	0.00676	0.00467	0.01247
23	0.03045	0.01949	0.02192	0.01693	0.02303	0.02042	0.01377	0.41101	0.03217	0.18512	0.02304	0.02447	0.01678	0.06665	0.01096	0.00289	0.00841	0.00790	0.00829	0.05631
24	0.01590	0.01513	0.01558	0.01477	0.01726	0.13494	0.01140	0.01877	0.01558	0.02011	0.01988	0.02807	0.01819	0.04766	0.49553	0.01026	0.01958	0.00791	0.00446	0.06900
25	0.03117	0.03539	0.02390	0.02081	0.02570	0.50757	0.01598	0.18649	0.02754	0.02858	0.01467	0.01626	0.01158	0.00892	0.00770	0.00223	0.01348	0.00590	0.00532	0.01079
26	0.01208	0.00805	0.00906	0.00906	0.00906	0.00805	0.00503	0.01208	0.01208	0.01611	0.02618	0.05436	0.03020	0.70804	0.04228	0.00805	0.00805	0.01208	0.00503	0.00503
27	0.01012	0.00723	0.00964	0.01157	0.01205	0.00675	0.00771	0.01157	0.01591	0.02121	0.04579	0.70262	0.05495	0.02603	0.01060	0.00337	0.00482	0.02362	0.00771	0.00675
28	0.01666	0.04297	0.66500	0.02368	0.03596	0.01929	0.03069	0.02631	0.01754	0.02631	0.01491	0.01754	0.01052	0.00789	0.00789	0.00263	0.01228	0.00614	0.00351	0.01228
29	0.02776	0.08284	0.06460	0.01949	0.07420	0.09420	0.01525	0.09764	0.09666	0.24594	0.02578	0.07717	0.01989	0.01075	0.00813	0.00253	0.00870	0.00868	0.00741	0.01240
30	0.02856	0.02319	0.02497	0.02229	0.09990	0.07617	0.01627	0.43780	0.03287	0.04381	0.01825	0.01930	0.01352	0.00911	0.00798	0.00231	0.00936	0.00700	0.00709	0.10025
31	0.01232	0.00901	0.01136	0.01223	0.01365	0.00857	0.00850	0.06238	0.01787	0.02411	0.04172	0.60372	0.04893	0.02346	0.01014	0.00317	0.00526	0.02112	0.00758	0.05489
32	0.02857	0.03493	0.02593	0.02836	0.17387	0.52077	0.01827	0.03137	0.02245	0.02193	0.01350	0.01629	0.01128	0.00829	0.00766	0.00222	0.01378	0.00583	0.00424	0.01046
33	0.06344	0.01466	0.01640	0.01344	0.01844	0.05240	0.01070	0.06881	0.02242	0.36414	0.04123	0.03987	0.16649	0.05664	0.01063	0.00294	0.00705	0.01030	0.00861	0.01139
34	0.01511	0.01120	0.01303	0.01282	0.01513	0.01126	0.00938	0.15662	0.02185	0.02873	0.04608	0.43883	0.14459	0.02143	0.00993	0.00307	0.00573	0.01881	0.00785	0.00853
35	0.02088	0.21995	0.28913	0.02459	0.12218	0.11331	0.02275	0.02744	0.04261	0.02410	0.01455	0.01702	0.01155	0.00783	0.00721	0.00231	0.01115	0.00588	0.00391	0.01164
36	0.19964	0.04200	0.01867	0.01472	0.01979	0.07372	0.01190	0.21575	0.02577	0.07820	0.15908	0.02762	0.02722	0.01065	0.00764	0.00244	0.00756	0.00813	0.00723	0.04227
37	0.02609	0.02719	0.02447	0.02567	0.15970	0.28392	0.01683	0.15338	0.02463	0.02929	0.01715	0.05948	0.01483	0.00941	0.00786	0.00226	0.01106	0.00731	0.00537	0.09410

[dist]
# distance from previous block
# <min> <max>
0	3

[block]
# block no. 1 follows, 22 sequences, length 46
# corresponding to MSA columns:
# 84-129
name=unknown_B
#
# <colnr> <probs for GDERKNQSTAVLIFYWHMCP>
#	G	D	E	R	K	N	Q	S	T	A	V	L	I	F	Y	W	H	M	C	P
0	0.06417	0.04294	0.02081	0.05028	0.02307	0.19522	0.01404	0.06136	0.09439	0.07924	0.02122	0.10077	0.01881	0.01167	0.01046	0.00259	0.10044	0.00862	0.00588	0.07403
1	0.02343	0.01978	0.01990	0.01639	0.02143	0.09382	0.01290	0.27612	0.02673	0.03549	0.02301	0.15980	0.02165	0.01242	0.00883	0.00239	0.03076	0.00999	0.00681	0.17835
2	0.02056	0.01637	0.01707	0.01423	0.01907	0.05726	0.01117	0.15662	0.09802	0.06790	0.10773	0.08144	0.12082	0.01286	0.00840	0.00238	0.00684	0.01060	0.00745	0.16323
3	0.01352	0.05853	0.01932	0.01564	0.01821	0.01300	0.08387	0.01670	0.01423	0.01991	0.02120	0.03192	0.01989	0.10609	0.49667	0.01085	0.01916	0.00897	0.00441	0.00789
4	0.01878	0.20333	0.48104	0.02129	0.03189	0.05837	0.02595	0.02634	0.01771	0.02436	0.01399	0.01639	0.01057	0.00774	0.00726	0.00240	0.01161	0.00569	0.00356	0.01175
5	0.02358	0.26394	0.03006	0.12259	0.05833	0.14435	0.01612	0.06099	0.07203	0.06725	0.01685	0.01929	0.01351	0.01135	0.04403	0.00285	0.01083	0.00631	0.00492	0.01083
6	0.01347	0.05690	0.01320	0.01051	0.01325	0.00961	0.00819	0.01688	0.02210	0.06484	0.45251	0.06068	0.19336	0.01681	0.00942	0.00259	0.00449	0.01447	0.00852	0.00820
7	0.01905	0.01865	0.03326	0.04095	0.41921	0.01806	0.14671	0.02397	0.01863	0.02641	0.01894	0.09153	0.01732	0.00917	0.00866	0.00255	0.00995	0.00941	0.00456	0.06301
8	0.01930	0.01939	0.03189	0.27211	0.33721	0.05524	0.09599	0.02454	0.01844	0.02462	0.01531	0.02104	0.01222	0.00774	0.00840	0.00260	0.01107	0.00757	0.00398	0.01135
9	0.02039	0.02062	0.03225	0.17691	0.43300	0.07536	0.07083	0.02537	0.01889	0.02532	0.01531	0.02055	0.01248	0.00765	0.00830	0.00253	0.01087	0.00741	0.00405	0.01191
10	0.01109	0.00902	0.00996	0.01021	0.01264	0.00825	0.00765	0.01499	0.06684	0.02424	0.11881	0.18269	0.41588	0.02092	0.00995	0.00295	0.00468	0.05379	0.00789	0.00755
11	0.02590	0.01892	0.02068	0.01655	0.02139	0.02081	0.01311	0.44963	0.03133	0.04209	0.02143	0.02812	0.01801	0.15864	0.07127	0.00455	0.01002	0.00855	0.00731	0.01169
12	0.02467	0.16768	0.03005	0.02037	0.02521	0.18444	0.07960	0.07987	0.09492	0.05672	0.01671	0.01901	0.01346	0.00976	0.01128	0.00255	0.14083	0.00681	0.00513	0.01093
13	0.01664	0.01037	0.01304	0.01314	0.05761	0.00915	0.00921	0.01962	0.02108	0.15590	0.21238	0.06084	0.33517	0.01689	0.00941	0.00269	0.00510	0.01434	0.00835	0.00909
14	0.02148	0.49516	0.13983	0.01847	0.02639	0.06093	0.08825	0.02571	0.01763	0.02146	0.01275	0.01512	0.01087	0.00729	0.00636	0.00205	0.01031	0.00538	0.00366	0.01093
15	0.01058	0.00758	0.01009	0.01154	0.01237	0.00709	0.00801	0.01260	0.01747	0.02363	0.15825	0.55420	0.05895	0.02420	0.01050	0.00325	0.00479	0.04992	0.00797	0.00699
16	0.23066	0.02514	0.01950	0.01647	0.02192	0.25143	0.01299	0.11894	0.02266	0.10719	0.01614	0.01714	0.01209	0.00850	0.00694	0.00227	0.00992	0.00575	0.00590	0.08845
17	0.01998	0.02012	0.01764	0.01636	0.01992	0.18202	0.01256	0.03069	0.26201	0.02586	0.02959	0.03150	0.07305	0.02530	0.18977	0.00551	0.01277	0.00892	0.00625	0.01019
18	0.01755	0.00966	0.01196	0.01120	0.01427	0.00843	0.00844	0.01995	0.01986	0.19700	0.11375	0.23327	0.26399	0.01908	0.00963	0.00288	0.00512	0.01645	0.00855	0.00896
19	0.01818	0.01818	0.02545	0.02181	0.02181	0.02545	0.01818	0.01999	0.01272	0.01999	0.01091	0.01818	0.01091	0.01454	0.02726	0.00364	0.69284	0.00727	0.00364	0.00909
20	0.01912	0.18211	0.06779	0.01765	0.02107	0.10078	0.01559	0.02202	0.01727	0.02249	0.11260	0.02668	0.05653	0.01239	0.01493	0.00276	0.26599	0.00805	0.00474	0.00942
21	0.02280	0.03187	0.36057	0.02352	0.08319	0.01991	0.02383	0.15356	0.06329	0.10838	0.01937	0.02045	0.01365	0.00879	0.00810	0.00259	0.01043	0.00700	0.00568	0.01301
22	0.01148	0.00834	0.01104	0.01228	0.01371	0.00790	0.00944	0.01425	0.01874	0.02495	0.17180	0.32432	0.10758	0.02278	0.01065	0.00332	0.00549	0.20667	0.00798	0.00728
23	0.01030	0.00808	0.00935	0.01000	0.01189	0.00713	0.00725	0.01247	0.01847	0.02342	0.13709	0.28653	0.35964	0.02230	0.01015	0.00301	0.00452	0.04346	0.00788	0.00705
24	0.02118	0.02119	0.03083	0.04456	0.52937	0.09497	0.02338	0.02569	0.01947	0.02616	0.01768	0.02605	0.01578	0.00884	0.00841	0.00254	0.01028	0.05690	0.00443	0.01229
25	0.02323	0.16663	0.02813	0.02606	0.19426	0.26636	0.01680	0.02623	0.02024	0.02234	0.02396	0.02584	0.10699	0.00981	0.00760	0.00225	0.01074	0.00754	0.00460	0.01041
26	0.01012	0.00723	0.00964	0.01157	0.01205	0.00675	0.00771	0.01157	0.01591	0.02121	0.04579	0.70262	0.05495	0.02603	0.01060	0.00337	0.00482	0.02362	0.00771	0.00675
27	0.01933	0.01881	0.03303	0.19979	0.45949	0.01955	0.07929	0.02459	0.01844	0.02570	0.01553	0.02110	0.01262	0.00758	0.00839	0.00257	0.01053	0.00761	0.00402	0.01206
28	0.01262	0.01003	0.01003	0.00998	0.01116	0.04047	0.00643	0.01436	0.04083	0.01912	0.04257	0.10255	0.19596	0.41641	0.02842	0.00584	0.00709	0.01388	0.00603	0.00624
29	0.02487	0.10183	0.25390	0.02111	0.02980	0.04867	0.06234	0.25062	0.02623	0.07627	0.01763	0.01892	0.01267	0.00870	0.00793	0.00248	0.01065	0.00682	0.00581	0.01274
30	0.02120	0.02056	0.03089	0.04447	0.52937	0.06997	0.02337	0.04862	0.02007	0.02739	0.01796	0.02624	0.01591	0.00890	0.00844	0.00256	0.01005	0.05698	0.00458	0.01246
31	0.01044	0.00743	0.00985	0.01167	0.01222	0.00700	0.00793	0.01196	0.01590	0.02116	0.04459	0.62726	0.05311	0.06357	0.01241	0.00366	0.00518	0.06037	0.00756	0.00671
32	0.04871	0.07691	0.07150	0.14949	0.34096	0.12407	0.02245	0.02594	0.01883	0.02478	0.01453	0.01894	0.01190	0.00776	0.00776	0.00243	0.01084	0.00666	0.00402	0.01152
33	0.02859	0.11737	0.09280	0.02033	0.02624	0.40405	0.01730	0.14688	0.02513	0.02707	0.01428	0.01601	0.01134	0.00859	0.00743	0.00222	0.01284	0.00574	0.00489	0.01090
34	0.00982	0.00842	0.00842	0.00842	0.01122	0.00701	0.00631	0.01192	0.01894	0.02244	0.08416	0.07995	0.65285	0.02104	0.00982	0.00281	0.00421	0.01753	0.00771	0.00701
35	0.01302	0.01093	0.01162	0.01112	0.01423	0.01081	0.00842	0.02112	0.18870	0.02703	0.13641	0.09510	0.38402	0.01814	0.00948	0.00281	0.00485	0.01532	0.00809	0.00877
36	0.02790	0.27907	0.03065	0.01885	0.02413	0.44646	0.01540	0.03022	0.02117	0.02005	0.01238	0.01439	0.01069	0.00804	0.00672	0.00201	0.01281	0.00503	0.00402	0.01000
37	0.01018	0.00835	0.00896	0.00898	0.01148	0.00714	0.00667	0.01255	0.01954	0.02426	0.18068	0.11721	0.51389	0.02066	0.00987	0.00281	0.00420	0.01749	0.00796	0.00714
38	0.01907	0.01822	0.03103	0.24536	0.47347	0.01935	0.02476	0.02419	0.01821	0.02534	0.01536	0.02105	0.01252	0.00768	0.00825	0.00256	0.01024	0.00740	0.00398	0.01196
39	0.02696	0.07387	0.02518	0.02317	0.09995	0.32280	0.01638	0.11274	0.16273	0.02855	0.01872	0.01978	0.01472	0.00912	0.00776	0.00235	0.01132	0.00672	0.00568	0.01150
40	0.02169	0.01616	0.01666	0.01427	0.01815	0.06985	0.01100	0.16194	0.09961	0.10407	0.18964	0.04157	0.08656	0.09628	0.01283	0.00323	0.00722	0.01093	0.00798	0.01036
41	0.01013	0.00843	0.00885	0.00874	0.01141	0.00715	0.00656	0.01252	0.01967	0.02418	0.17504	0.07708	0.56088	0.02039	0.00982	0.00277	0.00416	0.01713	0.00794	0.00715
42	0.01432	0.01030	0.01188	0.01168	0.01328	0.01038	0.00804	0.11487	0.01884	0.02488	0.03910	0.31156	0.10286	0.24540	0.02048	0.00469	0.00653	0.01652	0.00694	0.00745
43	0.02514	0.03324	0.10068	0.20312	0.03549	0.41765	0.01971	0.02910	0.02094	0.02129	0.01361	0.01724	0.01078	0.00841	0.00776	0.00237	0.01359	0.00600	0.00403	0.00984
44	0.10538	0.00874	0.00828	0.00812	0.01044	0.00905	0.00619	0.01996	0.01703	0.03173	0.02524	0.02888	0.01982	0.00944	0.00573	0.00201	0.00418	0.00735	0.66453	0.00789
45	0.01041	0.00822	0.00938	0.00955	0.01170	0.00719	0.00699	0.01289	0.01963	0.02519	0.23258	0.18968	0.38543	0.02085	0.00996	0.00286	0.00424	0.01797	0.00811	0.00719

[dist]
# distance from previous block
# <min> <max>
0	4

[block]
# block no. 2 follows, 22 sequences, length 73
# corresponding to MSA columns:
# 134-206
name=unknown_C
#
# <colnr> <probs for GDERKNQSTAVLIFYWHMCP>
#	G	D	E	R	K	N	Q	S	T	A	V	L	I	F	Y	W	H	M	C	P
0	0.01446	0.01332	0.02350	0.11950	0.02835	0.01346	0.17853	0.01956	0.05453	0.02383	0.03242	0.31871	0.03448	0.01705	0.01000	0.00314	0.00862	0.07155	0.00620	0.00879
1	0.01865	0.01931	0.03174	0.02659	0.05963	0.02405	0.17004	0.02192	0.01476	0.02201	0.01262	0.01935	0.01144	0.01230	0.02194	0.00337	0.48875	0.00791	0.00380	0.00982
2	0.01553	0.01119	0.01425	0.01503	0.01773	0.01151	0.01274	0.02278	0.13283	0.05560	0.04474	0.07820	0.08950	0.02009	0.01065	0.00350	0.00716	0.42013	0.00792	0.00890
3	0.01835	0.01081	0.01379	0.01321	0.01596	0.01057	0.01027	0.02361	0.09459	0.15883	0.14473	0.14415	0.04341	0.10874	0.01412	0.00373	0.00642	0.14727	0.00822	0.00923
4	0.05210	0.01729	0.02971	0.37235	0.26327	0.01916	0.08072	0.02338	0.01759	0.02454	0.01511	0.02122	0.01185	0.00784	0.00828	0.00266	0.01072	0.00749	0.00395	0.01078
5	0.03593	0.01629	0.02061	0.01580	0.02228	0.01541	0.01305	0.17917	0.02738	0.51820	0.02975	0.02631	0.01905	0.01021	0.00834	0.00255	0.00756	0.00815	0.00982	0.01414
6	0.01151	0.00806	0.01022	0.01147	0.01288	0.00738	0.00830	0.01347	0.01729	0.04634	0.05357	0.46040	0.18532	0.02392	0.01046	0.00328	0.00513	0.09599	0.00780	0.00720
7	0.01795	0.07150	0.06940	0.01409	0.02109	0.01501	0.01231	0.02564	0.13137	0.02811	0.04712	0.02151	0.01744	0.00779	0.00681	0.00173	0.00681	0.00626	0.00554	0.47251
8	0.07542	0.01807	0.02077	0.01618	0.02252	0.01838	0.01326	0.25817	0.08724	0.28804	0.02542	0.02369	0.01729	0.00979	0.00799	0.00246	0.00769	0.00763	0.00865	0.07136
9	0.01011	0.00843	0.00882	0.00872	0.01140	0.00714	0.00654	0.01248	0.01962	0.02406	0.16883	0.07728	0.56717	0.02043	0.00982	0.00278	0.00416	0.01716	0.00793	0.00714
10	0.01047	0.00757	0.00990	0.01117	0.01209	0.00700	0.00767	0.01249	0.01773	0.02394	0.18149	0.53067	0.08941	0.02379	0.01039	0.00318	0.00459	0.02142	0.00803	0.00700
11	0.01706	0.04021	0.58223	0.02520	0.03696	0.01952	0.11069	0.02635	0.01782	0.02635	0.01516	0.01819	0.01080	0.00777	0.00815	0.00265	0.01251	0.00663	0.00360	0.01213
12	0.01666	0.04297	0.66500	0.02368	0.03596	0.01929	0.03069	0.02631	0.01754	0.02631	0.01491	0.01754	0.01052	0.00789	0.00789	0.00263	0.01228	0.00614	0.00351	0.01228
13	0.01206	0.00920	0.01116	0.01054	0.01288	0.00867	0.00794	0.01713	0.07040	0.03125	0.49038	0.06323	0.18927	0.01735	0.00970	0.00267	0.00418	0.01509	0.00881	0.00808
14	0.01243	0.00926	0.01107	0.01186	0.01294	0.00947	0.00797	0.01730	0.12257	0.02226	0.03879	0.42390	0.04363	0.19511	0.01821	0.00446	0.00594	0.01827	0.00717	0.00742
15	0.02349	0.02294	0.11495	0.02303	0.08934	0.02107	0.06503	0.17154	0.26916	0.07352	0.02480	0.02471	0.01822	0.00972	0.00842	0.00267	0.00890	0.00827	0.00707	0.01316
16	0.01298	0.01074	0.01747	0.01592	0.01797	0.01229	0.06951	0.01626	0.01391	0.02003	0.02106	0.03080	0.01940	0.05419	0.57318	0.01177	0.06137	0.00889	0.00438	0.00788
17	0.03040	0.09039	0.02523	0.02063	0.02535	0.56298	0.01588	0.08925	0.02450	0.02332	0.01342	0.01533	0.01102	0.00858	0.00740	0.00215	0.01395	0.00548	0.00461	0.01014
18	0.01700	0.03962	0.58037	0.02516	0.08305	0.01887	0.02914	0.02595	0.01763	0.02642	0.01496	0.01776	0.01083	0.00776	0.00782	0.00254	0.01175	0.00617	0.00363	0.05358
19	0.01208	0.00805	0.00906	0.00906	0.00906	0.00805	0.00503	0.01208	0.01208	0.01611	0.02618	0.05436	0.03020	0.70804	0.04228	0.00805	0.00805	0.01208	0.00503	0.00503
20	0.01549	0.00774	0.00774	0.00774	0.00968	0.00774	0.00581	0.01936	0.01742	0.03097	0.02710	0.03097	0.02129	0.00968	0.00581	0.00194	0.00387	0.00774	0.75416	0.00774
21	0.06799	0.01957	0.02292	0.02369	0.14432	0.02174	0.01599	0.19705	0.32188	0.03819	0.02525	0.02497	0.01901	0.00997	0.00817	0.00265	0.00789	0.00820	0.00738	0.01317
22	0.03073	0.02285	0.02445	0.01894	0.02544	0.02537	0.01558	0.58310	0.08587	0.05099	0.02102	0.02080	0.01500	0.01007	0.00832	0.00252	0.00894	0.00763	0.00832	0.01405
23	0.00996	0.00785	0.00900	0.00992	0.01162	0.00689	0.00698	0.01175	0.01749	0.02185	0.06582	0.37760	0.36704	0.02342	0.01019	0.00308	0.00450	0.02044	0.00771	0.00689
24	0.01836	0.24795	0.47489	0.02078	0.03148	0.02345	0.02565	0.02587	0.01734	0.02424	0.01388	0.01625	0.01057	0.00765	0.00711	0.00237	0.01124	0.00562	0.00352	0.01178
25	0.01974	0.02913	0.31977	0.05313	0.20384	0.01829	0.04906	0.02763	0.04941	0.08769	0.04882	0.02257	0.01634	0.00857	0.00824	0.00260	0.01046	0.00748	0.00487	0.01237
26	0.01830	0.01778	0.02775	0.02585	0.10823	0.02082	0.12359	0.02505	0.11249	0.02586	0.08035	0.02853	0.02182	0.01235	0.01646	0.00312	0.28341	0.03257	0.00524	0.01044
27	0.01208	0.00805	0.00906	0.00906	0.00906	0.00805	0.00503	0.01208	0.01208	0.01611	0.02618	0.05436	0.03020	0.70804	0.04228	0.00805	0.00805	0.01208	0.00503	0.00503
28	0.03007	0.02209	0.02370	0.01834	0.02447	0.02439	0.01496	0.58082	0.03697	0.04955	0.02043	0.02261	0.01537	0.06399	0.01094	0.00292	0.00906	0.00784	0.00806	0.01342
29	0.01241	0.00883	0.01101	0.01062	0.01165	0.00900	0.00704	0.01361	0.01287	0.01793	0.02409	0.04484	0.02593	0.45619	0.23308	0.00915	0.01225	0.01055	0.00485	0.06409
30	0.01012	0.00723	0.00964	0.01157	0.01205	0.00675	0.00771	0.01157	0.01591	0.02121	0.04579	0.70262	0.05495	0.02603	0.01060	0.00337	0.00482	0.02362	0.00771	0.00675
31	0.01523	0.01298	0.01474	0.01412	0.01608	0.08041	0.01076	0.05811	0.01602	0.02130	0.02154	0.03229	0.02029	0.12303	0.49179	0.01087	0.01907	0.00878	0.00476	0.00785
32	0.02014	0.23747	0.33009	0.01918	0.02781	0.02252	0.02179	0.02610	0.01735	0.08550	0.01584	0.01834	0.01223	0.01183	0.05130	0.00312	0.05759	0.00610	0.00425	0.01145
33	0.01554	0.01187	0.03897	0.01399	0.06440	0.00992	0.01015	0.01944	0.04831	0.11566	0.11994	0.09332	0.37199	0.01733	0.00938	0.00275	0.00549	0.01468	0.00781	0.00906
34	0.02491	0.50703	0.03742	0.01641	0.02266	0.22921	0.01478	0.02741	0.01892	0.01979	0.01194	0.01383	0.01067	0.00755	0.00599	0.00189	0.01075	0.00472	0.00378	0.01035
35	0.01763	0.14608	0.29492	0.01747	0.02494	0.04977	0.01918	0.02338	0.01909	0.05661	0.14190	0.08128	0.05116	0.01154	0.00810	0.00252	0.00910	0.00939	0.00544	0.01049
36	0.01796	0.02428	0.21700	0.05533	0.02697	0.01852	0.01858	0.03358	0.33614	0.02997	0.03133	0.03322	0.06966	0.01139	0.00853	0.00281	0.00845	0.03780	0.00657	0.01192
37	0.01176	0.00867	0.01199	0.01199	0.01324	0.00959	0.00885	0.01398	0.01350	0.01881	0.02796	0.04127	0.07205	0.20644	0.47901	0.01132	0.01761	0.01030	0.00484	0.00684
38	0.01916	0.02793	0.25347	0.04073	0.41103	0.01965	0.05672	0.02583	0.01847	0.02683	0.01544	0.01960	0.01222	0.00755	0.00819	0.00254	0.01091	0.00708	0.00391	0.01276
39	0.01717	0.07243	0.08699	0.02230	0.11535	0.04715	0.09045	0.05000	0.01835	0.02409	0.03113	0.03643	0.14764	0.08763	0.07575	0.00419	0.04827	0.00997	0.00508	0.00965
40	0.01529	0.01354	0.02065	0.02864	0.29767	0.01308	0.01608	0.01901	0.01914	0.02567	0.08968	0.08879	0.19930	0.01526	0.00941	0.00283	0.00725	0.10260	0.00622	0.00988
41	0.01019	0.00843	0.00893	0.00881	0.01145	0.00717	0.00661	0.01265	0.01982	0.02454	0.19350	0.07650	0.54220	0.02026	0.00981	0.00277	0.00415	0.01705	0.00799	0.00717
42	0.01933	0.02698	0.22822	0.04196	0.44117	0.01965	0.05115	0.02579	0.01852	0.02686	0.01545	0.01971	0.01233	0.00754	0.00819	0.00253	0.01077	0.00711	0.00393	0.01281
43	0.08611	0.08935	0.02554	0.02072	0.08659	0.05946	0.01554	0.32817	0.07772	0.10041	0.01996	0.02024	0.01460	0.00931	0.00774	0.00244	0.00890	0.00706	0.00716	0.01297
44	0.01549	0.00774	0.00774	0.00774	0.00968	0.00774	0.00581	0.01936	0.01742	0.03097	0.02710	0.03097	0.02129	0.00968	0.00581	0.00194	0.00387	0.00774	0.75416	0.00774
45	0.02179	0.01915	0.02224	0.34562	0.03892	0.13094	0.01793	0.07905	0.04522	0.09221	0.01958	0.05288	0.01588	0.05123	0.01030	0.00296	0.01052	0.00820	0.00535	0.01005
46	0.04826	0.09992	0.31524	0.10432	0.03237	0.02093	0.02231	0.03039	0.19008	0.02775	0.01965	0.02126	0.01466	0.00879	0.00773	0.00261	0.00996	0.00696	0.00497	0.01184
47	0.02181	0.02058	0.11019	0.01606	0.02121	0.08750	0.01420	0.12887	0.05796	0.12305	0.11918	0.13634	0.07977	0.01395	0.00885	0.00268	0.00801	0.01161	0.00745	0.01074
48	0.02066	0.01785	0.01878	0.01691	0.02160	0.02066	0.01315	0.04414	0.64121	0.03475	0.03381	0.03099	0.02536	0.01127	0.00845	0.00282	0.00657	0.00939	0.00845	0.01315
49	0.01881	0.02401	0.17318	0.09065	0.14489	0.01997	0.08576	0.02980	0.18580	0.02783	0.02001	0.02271	0.01538	0.00910	0.00977	0.00270	0.06278	0.00779	0.00511	0.04397
50	0.06056	0.36571	0.09391	0.01874	0.07213	0.07740	0.01627	0.08552	0.05691	0.02601	0.01776	0.01917	0.04133	0.00852	0.00664	0.00216	0.00931	0.00610	0.00468	0.01117
51	0.02123	0.02589	0.20965	0.06655	0.21093	0.01990	0.04878	0.08856	0.12813	0.06811	0.02001	0.02207	0.01491	0.00867	0.00826	0.00261	0.00999	0.00755	0.00545	0.01276
52	0.00991	0.00805	0.00879	0.00938	0.01147	0.00693	0.00674	0.01181	0.01801	0.02206	0.07242	0.27043	0.46995	0.02256	0.01006	0.00298	0.00440	0.01939	0.00771	0.00693
53	0.01182	0.00968	0.01308	0.16490	0.02228	0.00991	0.01099	0.01468	0.01760	0.02242	0.09552	0.19454	0.24301	0.07218	0.01228	0.00339	0.00645	0.06118	0.00669	0.00742
54	0.09497	0.07509	0.18385	0.01590	0.02125	0.04790	0.01554	0.02236	0.04634	0.04811	0.02111	0.07805	0.01938	0.08990	0.17881	0.00581	0.01259	0.00865	0.00493	0.00945
55	0.06590	0.03468	0.02266	0.02022	0.02482	0.51366	0.01540	0.09342	0.08519	0.02578	0.01555	0.01698	0.01240	0.00893	0.00755	0.00226	0.01316	0.00592	0.00513	0.01040
56	0.01187	0.00890	0.01335	0.01335	0.01483	0.01038	0.01038	0.01483	0.01335	0.01928	0.02225	0.03264	0.02077	0.06231	0.67512	0.01335	0.02225	0.00890	0.00445	0.00742
57	0.01148	0.00780	0.00924	0.00983	0.00997	0.00765	0.00585	0.01192	0.01325	0.01767	0.03217	0.25267	0.03777	0.49941	0.03259	0.00662	0.00706	0.01561	0.00585	0.00556
58	0.08152	0.05535	0.01977	0.01552	0.01966	0.11143	0.01202	0.26562	0.02507	0.03334	0.01967	0.02837	0.01776	0.19922	0.05656	0.00455	0.01023	0.00811	0.00615	0.01009
59	0.01475	0.01133	0.01377	0.01308	0.01517	0.01167	0.03131	0.08037	0.11088	0.02534	0.03796	0.28433	0.08438	0.20510	0.01850	0.00440	0.00669	0.01575	0.00703	0.00818
60	0.01337	0.01095	0.01573	0.01473	0.01641	0.01303	0.01168	0.01619	0.01354	0.02001	0.01972	0.02895	0.01842	0.04974	0.51185	0.01074	0.13642	0.00831	0.00435	0.06585
61	0.01202	0.01042	0.01065	0.01104	0.01292	0.05900	0.00793	0.01430	0.01923	0.02431	0.19414	0.29814	0.25357	0.02096	0.00992	0.00292	0.00520	0.01823	0.00777	0.00731
62	0.02197	0.11971	0.21270	0.02585	0.03413	0.18512	0.23149	0.02794	0.01967	0.02407	0.01463	0.01806	0.01131	0.00765	0.00813	0.00246	0.01312	0.00700	0.00395	0.01104
63	0.02221	0.71304	0.04353	0.01421	0.02132	0.03287	0.01421	0.02488	0.01688	0.01955	0.01155	0.01333	0.01066	0.00711	0.00533	0.00178	0.00888	0.00444	0.00355	0.01066
64	0.01326	0.01024	0.01108	0.01033	0.01283	0.00986	0.00751	0.07294	0.05181	0.02616	0.15029	0.06312	0.32874	0.17561	0.01701	0.00394	0.00563	0.01453	0.00742	0.00768
65	0.02302	0.13401	0.17384	0.02689	0.17081	0.14957	0.02092	0.08648	0.08597	0.02767	0.01661	0.01873	0.01307	0.00834	0.00760	0.00238	0.01085	0.00648	0.00478	0.01199
66	0.01831	0.16235	0.04902	0.01518	0.01918	0.08053	0.01250	0.04700	0.17395	0.02548	0.03027	0.27188	0.03074	0.01538	0.00847	0.00272	0.00755	0.01300	0.00654	0.00994
67	0.01133	0.00917	0.01015	0.00978	0.01244	0.00836	0.00737	0.01572	0.06868	0.02717	0.27720	0.06995	0.40501	0.01888	0.00971	0.00274	0.00429	0.01603	0.00827	0.00777
68	0.01064	0.00799	0.00987	0.01037	0.01197	0.00721	0.00741	0.01316	0.01945	0.02594	0.27670	0.31208	0.21396	0.02147	0.01011	0.00295	0.00434	0.01895	0.00824	0.00721
69	0.12175	0.06345	0.09213	0.02937	0.17676	0.13587	0.15752	0.02817	0.01940	0.07600	0.01591	0.01897	0.01223	0.00781	0.00787	0.00248	0.01122	0.00699	0.00469	0.01139
70	0.01830	0.01639	0.04290	0.04964	0.05252	0.07564	0.05997	0.02411	0.08848	0.09724	0.10948	0.04873	0.22871	0.01435	0.00913	0.00272	0.00761	0.03720	0.00710	0.00978
71	0.01135	0.00831	0.01181	0.01240	0.01343	0.00905	0.00906	0.01357	0.01401	0.01957	0.02983	0.23966	0.03212	0.11273	0.41155	0.00979	0.01557	0.01371	0.00550	0.00699
72	0.01916	0.01831	0.03120	0.23368	0.48446	0.01937	0.02480	0.02427	0.01826	0.02544	0.01538	0.02102	0.01256	0.00766	0.00825	0.00255	0.01021	0.00740	0.00399	0.01203

[dist]
# distance from previous block
# <min> <max>
0	1

[block]
# block no. 3 follows, 22 sequences, length 43
# corresponding to MSA columns:
# 208-250
name=unknown_D
#
# <colnr> <probs for GDERKNQSTAVLIFYWHMCP>
#	G	D	E	R	K	N	Q	S	T	A	V	L	I	F	Y	W	H	M	C	P
0	0.02262	0.23686	0.13642	0.02910	0.23612	0.06185	0.02095	0.11244	0.02123	0.02792	0.01473	0.01746	0.01197	0.00783	0.00726	0.00227	0.01014	0.00619	0.00446	0.01219
1	0.01817	0.01646	0.01766	0.01292	0.02010	0.05627	0.01027	0.02175	0.01766	0.02661	0.01463	0.01707	0.01220	0.00632	0.00624	0.00129	0.00675	0.00495	0.00488	0.70780
2	0.12782	0.05717	0.06193	0.01932	0.02388	0.20307	0.01632	0.17437	0.02284	0.03077	0.01402	0.01684	0.01135	0.01011	0.01201	0.00266	0.17343	0.00622	0.00516	0.01072
3	0.01462	0.07247	0.01531	0.01429	0.08075	0.01110	0.00970	0.01711	0.01891	0.08187	0.06210	0.12267	0.41295	0.01785	0.00919	0.00271	0.00554	0.01504	0.00721	0.00862
4	0.01710	0.01350	0.01571	0.01579	0.06046	0.01366	0.01175	0.16269	0.05921	0.03110	0.05291	0.06170	0.29458	0.01732	0.00962	0.00292	0.00662	0.13611	0.00764	0.00961
5	0.01208	0.00805	0.00906	0.00906	0.00906	0.00805	0.00503	0.01208	0.01208	0.01611	0.02618	0.05436	0.03020	0.70804	0.04228	0.00805	0.00805	0.01208	0.00503	0.00503
6	0.02086	0.01909	0.02425	0.19230	0.03226	0.07816	0.05850	0.17022	0.02210	0.02893	0.01993	0.12224	0.01844	0.01249	0.01228	0.00290	0.13954	0.00980	0.00551	0.01020
7	0.01913	0.22255	0.03264	0.24746	0.18931	0.02392	0.02043	0.02319	0.01676	0.02203	0.01353	0.01865	0.01144	0.00853	0.00983	0.00251	0.09724	0.00651	0.00375	0.01060
8	0.01169	0.00789	0.00918	0.00956	0.00966	0.00779	0.00557	0.01198	0.01285	0.01713	0.03010	0.18405	0.03515	0.57160	0.03595	0.00712	0.00741	0.01439	0.00557	0.00538
9	0.09232	0.41285	0.12401	0.01675	0.02381	0.16414	0.01644	0.02677	0.01811	0.02231	0.01230	0.01428	0.01050	0.00758	0.00613	0.00205	0.01041	0.00488	0.00385	0.01052
10	0.01832	0.22449	0.12352	0.01704	0.02243	0.02101	0.05668	0.07463	0.01751	0.02344	0.01729	0.02505	0.01585	0.11759	0.14514	0.00532	0.05309	0.00746	0.00440	0.00972
11	0.01036	0.00848	0.00917	0.00913	0.01174	0.00729	0.00694	0.01290	0.01982	0.02465	0.19132	0.07717	0.51363	0.02035	0.00989	0.00282	0.00432	0.04482	0.00799	0.00720
12	0.02075	0.02056	0.11652	0.01643	0.02224	0.01794	0.01499	0.24356	0.11973	0.03683	0.09101	0.04041	0.14734	0.01329	0.00885	0.00270	0.00773	0.04016	0.00752	0.01143
13	0.02057	0.02406	0.08096	0.02802	0.20958	0.16316	0.01872	0.02619	0.07849	0.02452	0.02626	0.02861	0.10915	0.01119	0.01115	0.00267	0.11243	0.00853	0.00498	0.01077
14	0.01549	0.00774	0.00774	0.00774	0.00968	0.00774	0.00581	0.01936	0.01742	0.03097	0.02710	0.03097	0.02129	0.00968	0.00581	0.00194	0.00387	0.00774	0.75416	0.00774
15	0.01065	0.00754	0.00994	0.01167	0.01224	0.00716	0.00798	0.01217	0.01582	0.02102	0.04354	0.57491	0.05164	0.09768	0.01403	0.00391	0.00544	0.07859	0.00742	0.00665
16	0.02628	0.09081	0.17937	0.01914	0.02570	0.21875	0.01820	0.03062	0.02081	0.17529	0.05424	0.02152	0.01687	0.00957	0.00908	0.00246	0.05744	0.00686	0.00569	0.01130
17	0.01759	0.03744	0.51461	0.03018	0.18372	0.01940	0.02946	0.02612	0.01787	0.02651	0.01508	0.01826	0.01115	0.00778	0.00797	0.00259	0.01170	0.00644	0.00365	0.01249
18	0.01188	0.00797	0.00912	0.00932	0.00937	0.00792	0.00531	0.01203	0.01248	0.01664	0.02823	0.12234	0.03280	0.63653	0.03896	0.00756	0.00771	0.01329	0.00531	0.00521
19	0.01187	0.00890	0.01335	0.01335	0.01483	0.01038	0.01038	0.01483	0.01335	0.01928	0.02225	0.03264	0.02077	0.06231	0.67512	0.01335	0.02225	0.00890	0.00445	0.00742
20	0.01837	0.01881	0.03606	0.19901	0.23272	0.01914	0.25694	0.02405	0.01844	0.02513	0.01767	0.06236	0.01492	0.00858	0.00900	0.00272	0.01147	0.00930	0.00426	0.01105
21	0.02381	0.02078	0.03113	0.04158	0.47011	0.02152	0.02263	0.20350	0.02486	0.03458	0.01690	0.02038	0.01344	0.00816	0.00825	0.00247	0.00965	0.00742	0.00535	0.01344
22	0.01105	0.00839	0.00939	0.00939	0.01116	0.00762	0.00663	0.01297	0.01775	0.02269	0.16761	0.06997	0.32876	0.22322	0.01950	0.00438	0.00550	0.05024	0.00718	0.00662
23	0.01808	0.01636	0.01601	0.01467	0.01878	0.05565	0.01130	0.03398	0.42067	0.03026	0.04742	0.04449	0.20972	0.01399	0.00880	0.00277	0.00638	0.01155	0.00799	0.01113
24	0.16898	0.02382	0.05624	0.11720	0.02886	0.11995	0.01625	0.26757	0.06176	0.03764	0.01702	0.01879	0.01262	0.00904	0.00756	0.00252	0.00980	0.00661	0.00616	0.01159
25	0.02293	0.02224	0.02002	0.01564	0.02214	0.17653	0.01233	0.12166	0.02229	0.02948	0.01513	0.01711	0.01220	0.00736	0.00683	0.00166	0.00880	0.00544	0.00531	0.45492
26	0.01208	0.00805	0.00906	0.00906	0.00906	0.00805	0.00503	0.01208	0.01208	0.01611	0.02618	0.05436	0.03020	0.70804	0.04228	0.00805	0.00805	0.01208	0.00503	0.00503
27	0.02017	0.17231	0.03374	0.02237	0.02732	0.11914	0.19494	0.02397	0.01739	0.02176	0.01526	0.02067	0.01322	0.01899	0.13888	0.00463	0.11397	0.00743	0.00404	0.00982
28	0.01831	0.02487	0.27064	0.01930	0.06818	0.01438	0.01893	0.02441	0.01935	0.09494	0.13763	0.02725	0.02507	0.00941	0.00790	0.00227	0.00847	0.00784	0.00568	0.19517
29	0.01337	0.01111	0.01624	0.01537	0.01650	0.01398	0.01224	0.01606	0.01320	0.01945	0.01955	0.02919	0.01842	0.05091	0.52059	0.01103	0.18221	0.00851	0.00426	0.00782
30	0.01132	0.00836	0.01057	0.01026	0.01220	0.00762	0.00760	0.01474	0.02214	0.03059	0.51217	0.12409	0.16067	0.01842	0.00988	0.00271	0.00405	0.01619	0.00880	0.00762
31	0.01966	0.01837	0.02967	0.03633	0.36821	0.01809	0.07624	0.05390	0.01898	0.02746	0.01600	0.02075	0.01340	0.01133	0.05431	0.00305	0.04348	0.00724	0.00449	0.15903
32	0.02044	0.26841	0.28973	0.05756	0.02958	0.06396	0.02175	0.02601	0.01747	0.05112	0.01406	0.01673	0.01109	0.00839	0.00876	0.00240	0.07166	0.00578	0.00389	0.01118
33	0.02066	0.01785	0.01878	0.01691	0.02160	0.02066	0.01315	0.04414	0.64121	0.03475	0.03381	0.03099	0.02536	0.01127	0.00845	0.00282	0.00657	0.00939	0.00845	0.01315
34	0.02392	0.02891	0.27328	0.02000	0.02840	0.02082	0.02070	0.20932	0.16014	0.09709	0.02223	0.02221	0.01578	0.00947	0.00818	0.00263	0.00961	0.00746	0.00665	0.01319
35	0.01145	0.00813	0.01032	0.01148	0.01224	0.00785	0.00769	0.03939	0.01679	0.02250	0.07426	0.54320	0.05077	0.12438	0.01508	0.00398	0.00544	0.02075	0.00742	0.00689
36	0.01197	0.00849	0.01127	0.01127	0.01204	0.00926	0.00779	0.01350	0.01274	0.01775	0.02415	0.04316	0.02534	0.37503	0.36864	0.01079	0.01538	0.01044	0.00473	0.00626
37	0.02069	0.01827	0.02689	0.13525	0.34127	0.05154	0.02105	0.05790	0.04824	0.05903	0.02161	0.03254	0.01900	0.01044	0.00872	0.00273	0.00965	0.09824	0.00533	0.01164
38	0.02231	0.15203	0.11152	0.03043	0.23756	0.14552	0.05120	0.02923	0.09407	0.02527	0.01652	0.01917	0.01335	0.00807	0.00763	0.00236	0.01077	0.00668	0.00449	0.01183
39	0.01204	0.00822	0.00989	0.00989	0.01017	0.00850	0.00606	0.01261	0.01233	0.01672	0.02542	0.05019	0.02839	0.58396	0.16388	0.00907	0.01078	0.01147	0.00492	0.00549
40	0.01200	0.00906	0.01145	0.01246	0.01468	0.00852	0.01041	0.01524	0.01949	0.02485	0.11703	0.08589	0.25899	0.02171	0.01074	0.00336	0.00610	0.34274	0.00782	0.00745
41	0.09351	0.05376	0.08794	0.02926	0.25039	0.07822	0.01900	0.11910	0.04913	0.03067	0.01961	0.09601	0.01757	0.01024	0.00799	0.00255	0.00936	0.00861	0.00539	0.01167
42	0.02453	0.09317	0.11958	0.01990	0.05271	0.18398	0.01693	0.06272	0.18720	0.09017	0.05130	0.02349	0.01902	0.00963	0.00787	0.00246	0.00994	0.00740	0.00621	0.01179

[dist]
# distance from previous block
# <min> <max>
0	2

[block]
# block no. 4 follows, 22 sequences, length 6
# corresponding to MSA columns:
# 253-258
name=unknown_E
#
# <colnr> <probs for GDERKNQSTAVLIFYWHMCP>
#	G	D	E	R	K	N	Q	S	T	A	V	L	I	F	Y	W	H	M	C	P
0	0.01369	0.01159	0.01442	0.01398	0.01533	0.05595	0.01066	0.01610	0.01381	0.01898	0.02125	0.03326	0.02059	0.14297	0.49214	0.01110	0.07339	0.00897	0.00445	0.00737
1	0.02102	0.02204	0.09912	0.07299	0.39106	0.05157	0.02256	0.02814	0.08569	0.06662	0.02107	0.02397	0.03960	0.00869	0.00825	0.00254	0.00971	0.00783	0.00502	0.01249
2	0.02342	0.11978	0.03100	0.10753	0.31248	0.21961	0.02083	0.02726	0.01978	0.02339	0.01413	0.01806	0.01184	0.00781	0.00762	0.00231	0.01142	0.00638	0.00404	0.01132
3	0.07332	0.01764	0.01704	0.01424	0.01905	0.10069	0.01095	0.10575	0.05515	0.05914	0.06106	0.10213	0.02362	0.06657	0.01040	0.00264	0.00767	0.00903	0.00635	0.23753
4	0.12308	0.07415	0.10019	0.02203	0.12317	0.18830	0.01655	0.02521	0.01876	0.02535	0.02131	0.02340	0.08209	0.00940	0.00797	0.00231	0.03320	0.00696	0.00465	0.09192
5	0.21917	0.15567	0.05168	0.02194	0.13031	0.14465	0.01583	0.07558	0.06348	0.02958	0.01486	0.01685	0.01196	0.00814	0.00674	0.00234	0.00954	0.00579	0.00492	0.01097

[dist]
# distance from previous block
# <min> <max>
0	1

[block]
# block no. 5 follows, 22 sequences, length 47
# corresponding to MSA columns:
# 260-306
name=unknown_F
#
# <colnr> <probs for GDERKNQSTAVLIFYWHMCP>
#	G	D	E	R	K	N	Q	S	T	A	V	L	I	F	Y	W	H	M	C	P
0	0.01976	0.01635	0.02341	0.02166	0.08782	0.01739	0.09985	0.13734	0.11135	0.05272	0.02825	0.08231	0.06576	0.05098	0.10874	0.00457	0.04415	0.01047	0.00636	0.01076
1	0.02394	0.19720	0.07517	0.02493	0.16309	0.18530	0.01784	0.06707	0.04236	0.04850	0.06427	0.02094	0.01749	0.00879	0.00744	0.00225	0.01035	0.00676	0.00500	0.01129
2	0.05975	0.12192	0.09165	0.01553	0.02040	0.15738	0.01377	0.02247	0.01843	0.02388	0.10131	0.02811	0.05088	0.02168	0.15621	0.00469	0.01235	0.00783	0.00501	0.06677
3	0.01483	0.04981	0.12522	0.01308	0.01770	0.01183	0.01231	0.02029	0.05506	0.07010	0.30937	0.05214	0.18577	0.01510	0.00909	0.00263	0.00601	0.01280	0.00762	0.00926
4	0.02444	0.35291	0.07625	0.02246	0.11554	0.23603	0.01751	0.02772	0.01936	0.02134	0.01277	0.01518	0.01103	0.00767	0.00661	0.00205	0.01120	0.00527	0.00386	0.01080
5	0.01349	0.01155	0.01375	0.01348	0.01495	0.06157	0.01017	0.01583	0.01443	0.01930	0.02659	0.06916	0.06357	0.13262	0.43236	0.01011	0.05467	0.01022	0.00484	0.00732
6	0.01077	0.00819	0.00992	0.01005	0.01195	0.00733	0.00732	0.01356	0.02036	0.02715	0.33574	0.21054	0.25633	0.02029	0.00998	0.00284	0.00421	0.01774	0.00837	0.00733
7	0.01903	0.02885	0.28141	0.04027	0.41286	0.01956	0.02754	0.02581	0.01838	0.02681	0.01534	0.01938	0.01212	0.00759	0.00809	0.00253	0.01081	0.00691	0.00388	0.01281
8	0.01992	0.02989	0.38529	0.01919	0.02811	0.01612	0.02200	0.02838	0.06741	0.14663	0.09795	0.02888	0.05312	0.01031	0.00834	0.00264	0.00948	0.00841	0.00603	0.01191
9	0.01208	0.00805	0.00906	0.00906	0.00906	0.00805	0.00503	0.01208	0.01208	0.01611	0.02618	0.05436	0.03020	0.70804	0.04228	0.00805	0.00805	0.01208	0.00503	0.00503
10	0.01005	0.00752	0.00934	0.01079	0.01184	0.00681	0.00736	0.01166	0.01666	0.02151	0.05529	0.54835	0.20308	0.02479	0.01041	0.00323	0.00467	0.02211	0.00771	0.00681
11	0.02105	0.22357	0.03660	0.04018	0.46956	0.02360	0.02218	0.02531	0.01832	0.02491	0.01443	0.01843	0.01242	0.00732	0.00737	0.00226	0.00958	0.00653	0.00395	0.01242
12	0.02070	0.01880	0.02093	0.08376	0.06973	0.08542	0.01530	0.10363	0.24589	0.02980	0.02345	0.02611	0.01864	0.02049	0.14042	0.00479	0.04651	0.00821	0.00622	0.01120
13	0.01180	0.00806	0.00935	0.00950	0.00977	0.00805	0.00565	0.01221	0.01280	0.01702	0.03029	0.10403	0.06221	0.57959	0.07954	0.00778	0.00854	0.01303	0.00533	0.00542
14	0.02090	0.23845	0.02956	0.18375	0.03058	0.15626	0.01704	0.02395	0.01739	0.02031	0.01473	0.06166	0.01370	0.01021	0.01061	0.00252	0.12772	0.00709	0.00402	0.00957
15	0.02390	0.02616	0.21439	0.02246	0.08799	0.01920	0.03913	0.18322	0.06471	0.11401	0.01980	0.02079	0.01423	0.00865	0.00797	0.00241	0.00949	0.00706	0.00618	0.10825
16	0.16088	0.03094	0.02150	0.10767	0.02794	0.44022	0.01555	0.03035	0.02095	0.05260	0.01377	0.01627	0.01089	0.00845	0.00722	0.00232	0.01257	0.00560	0.00463	0.00967
17	0.01423	0.00958	0.01227	0.01247	0.01465	0.00931	0.00988	0.01810	0.06667	0.05773	0.16386	0.09739	0.14872	0.02090	0.01338	0.10931	0.00603	0.20021	0.00758	0.00772
18	0.09506	0.17328	0.12540	0.01773	0.02457	0.02446	0.01688	0.23871	0.02420	0.03456	0.01523	0.01714	0.01186	0.00900	0.00909	0.00239	0.07954	0.00612	0.00550	0.06931
19	0.02134	0.02474	0.10155	0.10943	0.20099	0.13281	0.02031	0.03226	0.21492	0.02754	0.02067	0.02271	0.01600	0.00899	0.00814	0.00258	0.01015	0.00752	0.00538	0.01196
20	0.01723	0.06798	0.26727	0.02025	0.08522	0.01663	0.01931	0.04355	0.06342	0.04690	0.06295	0.03346	0.14223	0.01110	0.00818	0.00250	0.00868	0.00910	0.00551	0.06855
21	0.01913	0.16535	0.23301	0.06722	0.15648	0.05289	0.06172	0.02566	0.03868	0.02536	0.06396	0.02164	0.01695	0.00844	0.00774	0.00243	0.01046	0.00712	0.00433	0.01144
22	0.01044	0.00844	0.00927	0.00906	0.01160	0.00728	0.00680	0.01312	0.02040	0.02591	0.26516	0.07424	0.46968	0.01975	0.00981	0.00274	0.00412	0.01673	0.00817	0.00728
23	0.01409	0.01151	0.01292	0.01301	0.01570	0.01201	0.00980	0.02374	0.23912	0.02666	0.05106	0.25147	0.19484	0.01925	0.00972	0.00307	0.00555	0.06934	0.00797	0.00917
24	0.06709	0.08296	0.09338	0.01367	0.01697	0.07558	0.01159	0.01807	0.01700	0.02316	0.09272	0.27530	0.03657	0.12281	0.01387	0.00360	0.00759	0.01395	0.00604	0.00807
25	0.01208	0.00805	0.00906	0.00906	0.00906	0.00805	0.00503	0.01208	0.01208	0.01611	0.02618	0.05436	0.03020	0.70804	0.04228	0.00805	0.00805	0.01208	0.00503	0.00503
26	0.01187	0.00803	0.00906	0.00916	0.00932	0.00794	0.00523	0.01205	0.01261	0.01668	0.03004	0.08871	0.06219	0.63934	0.03906	0.00756	0.00770	0.01294	0.00530	0.00522
27	0.05739	0.44471	0.13243	0.01956	0.02758	0.02785	0.13844	0.02541	0.01738	0.02280	0.01308	0.01575	0.01095	0.00723	0.00658	0.00214	0.01027	0.00576	0.00375	0.01092
28	0.01846	0.07294	0.56774	0.02300	0.03419	0.09054	0.02837	0.02698	0.01816	0.02536	0.01453	0.01707	0.01055	0.00793	0.00773	0.00254	0.01242	0.00598	0.00359	0.01192
29	0.01039	0.00769	0.00976	0.01118	0.01228	0.00706	0.00786	0.01226	0.01712	0.02236	0.08617	0.50662	0.16860	0.02437	0.01047	0.00326	0.00486	0.06300	0.00779	0.00692
