[name]
unknown

[dist]
# distance from previous block
# <min> <max>
2	126

[block]
# block no. 0 follows, 22 sequences, length 9
# corresponding to MSA columns:
# 153-161
name=unknown_A
#
# <colnr> <probs for GDERKNQSTAVLIFYWHMCP>
#	G	D	E	R	K	N	Q	S	T	A	V	L	I	F	Y	W	H	M	C	P
0	0.06514	0.06520	0.12014	0.13152	0.26812	0.02052	0.16048	0.02513	0.01813	0.02621	0.01517	0.01992	0.01197	0.00751	0.00818	0.00257	0.01103	0.00741	0.00402	0.01162
1	0.11623	0.02622	0.07588	0.06986	0.19336	0.22816	0.01862	0.05227	0.02024	0.02662	0.04026	0.02013	0.01464	0.01179	0.04882	0.00309	0.01184	0.00668	0.00462	0.01066
2	0.01711	0.11956	0.13789	0.01840	0.07036	0.09680	0.01565	0.02146	0.01918	0.02522	0.18790	0.07327	0.03319	0.01929	0.10512	0.00403	0.01069	0.00976	0.00556	0.00955
3	0.05908	0.09977	0.21168	0.03213	0.26911	0.13931	0.02330	0.02700	0.01891	0.02542	0.01430	0.01760	0.01150	0.00774	0.00755	0.00239	0.01121	0.00623	0.00397	0.01181
4	0.22532	0.02637	0.01835	0.01685	0.02088	0.33797	0.01295	0.02814	0.05625	0.02558	0.01546	0.01875	0.01295	0.01825	0.12805	0.00433	0.01349	0.00601	0.00479	0.00927
5	0.02081	0.31181	0.02854	0.01563	0.02031	0.15523	0.01337	0.02515	0.06784	0.02086	0.01679	0.02081	0.01485	0.02408	0.20427	0.00536	0.01389	0.00635	0.00436	0.00969
6	0.01759	0.01316	0.01559	0.01371	0.01555	0.01488	0.01005	0.16484	0.01897	0.02594	0.02221	0.03837	0.02254	0.35947	0.12202	0.00690	0.09464	0.00991	0.00558	0.00810
7	0.01072	0.00748	0.00946	0.01080	0.01114	0.00715	0.00690	0.01172	0.01474	0.01965	0.03981	0.50520	0.04741	0.23373	0.02025	0.00480	0.00580	0.02010	0.00690	0.00623
8	0.01437	0.00848	0.01154	0.01172	0.01239	0.00852	0.00805	0.05946	0.01470	0.01962	0.02511	0.24615	0.02764	0.02645	0.02343	0.45243	0.00658	0.01259	0.00532	0.00546

[dist]
# distance from previous block
# <min> <max>
0	1

[block]
# block no. 1 follows, 22 sequences, length 9
# corresponding to MSA columns:
# 163-171
name=unknown_B
#
# <colnr> <probs for GDERKNQSTAVLIFYWHMCP>
#	G	D	E	R	K	N	Q	S	T	A	V	L	I	F	Y	W	H	M	C	P
0	0.01266	0.00943	0.01138	0.01111	0.01325	0.00895	0.00820	0.06747	0.02190	0.02954	0.31941	0.23541	0.18075	0.01963	0.00989	0.00285	0.00468	0.01719	0.00840	0.00793
1	0.01147	0.01543	0.14029	0.01202	0.01665	0.00967	0.01175	0.01522	0.01867	0.02341	0.06712	0.06854	0.47647	0.01856	0.00956	0.00285	0.00610	0.06125	0.00687	0.00812
2	0.07930	0.02569	0.02255	0.02231	0.10881	0.23698	0.01550	0.19935	0.07477	0.03372	0.01823	0.01991	0.01411	0.00907	0.00756	0.00235	0.01025	0.00673	0.08137	0.01142
3	0.02434	0.12150	0.21884	0.02338	0.11497	0.09145	0.02053	0.05393	0.02061	0.16092	0.02008	0.02408	0.01546	0.00929	0.00788	0.00249	0.01026	0.04235	0.00557	0.01208
4	0.01025	0.00733	0.00976	0.01148	0.01208	0.00683	0.00772	0.01189	0.01651	0.02216	0.09372	0.65196	0.05680	0.02531	0.01054	0.00331	0.00475	0.02294	0.00782	0.00683
5	0.03006	0.11366	0.02574	0.02061	0.02520	0.60411	0.01585	0.03226	0.02281	0.02025	0.01270	0.01480	0.01070	0.00840	0.00725	0.00210	0.01431	0.00525	0.00420	0.00974
6	0.15930	0.02548	0.13351	0.01732	0.02275	0.19888	0.01594	0.02656	0.01987	0.08251	0.06602	0.03532	0.02338	0.01189	0.00816	0.00271	0.00999	0.12469	0.00584	0.00986
7	0.20414	0.01124	0.01213	0.01137	0.01428	0.01176	0.00875	0.05580	0.02012	0.03231	0.29382	0.11586	0.08376	0.01939	0.06686	0.00363	0.00661	0.01244	0.00742	0.00832
8	0.01715	0.11116	0.06653	0.02402	0.16496	0.01797	0.04070	0.02427	0.11505	0.02442	0.02191	0.06787	0.01955	0.02620	0.21495	0.00589	0.01306	0.00882	0.00502	0.01050

[dist]
# distance from previous block
# <min> <max>
13	20

[block]
# block no. 2 follows, 22 sequences, length 136
# corresponding to MSA columns:
# 193-328
name=unknown_C
#
# <colnr> <probs for GDERKNQSTAVLIFYWHMCP>
#	G	D	E	R	K	N	Q	S	T	A	V	L	I	F	Y	W	H	M	C	P
0	0.05327	0.05043	0.02425	0.03037	0.30856	0.01729	0.01722	0.02417	0.10207	0.02704	0.05604	0.09644	0.10449	0.01220	0.00928	0.00267	0.03688	0.01058	0.00573	0.01102
1	0.02448	0.06192	0.02914	0.02473	0.06301	0.31669	0.09995	0.02737	0.01908	0.02143	0.01288	0.01722	0.01116	0.01006	0.01385	0.00269	0.22375	0.00662	0.00403	0.00993
2	0.02374	0.02775	0.05307	0.15227	0.27070	0.28281	0.02147	0.02785	0.02031	0.02331	0.01432	0.01848	0.01169	0.00805	0.00793	0.00240	0.01224	0.00652	0.00408	0.01100
3	0.01099	0.00791	0.01060	0.01244	0.01341	0.00752	0.00918	0.01310	0.01690	0.02224	0.04691	0.51243	0.07814	0.02499	0.01081	0.00347	0.00556	0.17872	0.00770	0.00700
4	0.01723	0.01477	0.01723	0.01230	0.01969	0.01107	0.00984	0.02092	0.01723	0.02707	0.01477	0.01723	0.01230	0.00615	0.00615	0.00123	0.00615	0.00492	0.00492	0.75883
5	0.02105	0.02176	0.03443	0.04095	0.40188	0.08277	0.15216	0.02604	0.01935	0.02636	0.01553	0.02009	0.01272	0.00731	0.00829	0.00239	0.01090	0.00748	0.00423	0.08432
6	0.01031	0.00857	0.00910	0.00937	0.01205	0.00737	0.00729	0.01265	0.01896	0.02278	0.07861	0.08185	0.56926	0.02130	0.01005	0.00295	0.00468	0.09805	0.00771	0.00710
7	0.01958	0.01976	0.02804	0.21093	0.29580	0.08832	0.02198	0.02377	0.01750	0.02331	0.01459	0.02051	0.01229	0.01132	0.03986	0.00318	0.12729	0.00722	0.00395	0.01081
8	0.01011	0.00771	0.00929	0.01041	0.01178	0.00690	0.00723	0.01192	0.01738	0.02230	0.09235	0.45088	0.26424	0.02380	0.01029	0.00313	0.00456	0.02103	0.00779	0.00690
9	0.07089	0.09486	0.02618	0.01815	0.02477	0.02611	0.01525	0.53241	0.03538	0.04811	0.01861	0.01890	0.01348	0.00955	0.00783	0.00242	0.00897	0.00700	0.00764	0.01348
10	0.02056	0.01974	0.03372	0.05099	0.65622	0.01974	0.02550	0.02550	0.01892	0.02714	0.01563	0.02056	0.01316	0.00740	0.00822	0.00247	0.00987	0.00740	0.00411	0.01316
11	0.02032	0.01949	0.03328	0.08303	0.62609	0.01967	0.02537	0.02528	0.01880	0.02684	0.01558	0.02064	0.01305	0.00745	0.00823	0.00248	0.00993	0.00740	0.00409	0.01296
12	0.01187	0.00890	0.01335	0.01335	0.01483	0.01038	0.01038	0.01483	0.01335	0.01928	0.02225	0.03264	0.02077	0.06231	0.67512	0.01335	0.02225	0.00890	0.00445	0.00742
13	0.01103	0.00846	0.01010	0.00969	0.01197	0.00753	0.00727	0.01427	0.02180	0.02925	0.43967	0.06874	0.29309	0.01850	0.00981	0.00268	0.00403	0.01596	0.00861	0.00753
14	0.01839	0.25163	0.47147	0.02073	0.03140	0.02352	0.02556	0.02586	0.01733	0.02420	0.01386	0.01623	0.01057	0.00765	0.00709	0.00236	0.01122	0.00561	0.00352	0.01177
15	0.01120	0.00820	0.01052	0.01050	0.01221	0.00751	0.00766	0.01439	0.02136	0.02954	0.46087	0.20741	0.12888	0.01940	0.00998	0.00280	0.00415	0.01719	0.00868	0.00751
16	0.76672	0.01607	0.01221	0.01092	0.01607	0.01864	0.00900	0.02442	0.01414	0.03727	0.01157	0.01350	0.00900	0.00771	0.00514	0.00257	0.00643	0.00450	0.00514	0.00900
17	0.01631	0.00891	0.00955	0.04560	0.01309	0.00924	0.00726	0.05010	0.01847	0.03151	0.02606	0.02993	0.02037	0.00962	0.00607	0.00201	0.00453	0.00771	0.67552	0.00815
18	0.01011	0.00729	0.00958	0.01141	0.01201	0.00676	0.00764	0.01158	0.01605	0.02127	0.04768	0.67194	0.08441	0.02578	0.01056	0.00335	0.00479	0.02332	0.00771	0.00676
19	0.61166	0.01566	0.01371	0.01174	0.01716	0.01727	0.00968	0.02784	0.01619	0.17007	0.01608	0.01664	0.01146	0.00826	0.00582	0.00257	0.00656	0.00532	0.00623	0.01009
20	0.01397	0.01062	0.01165	0.01094	0.01372	0.01043	0.00808	0.02065	0.15076	0.05327	0.16169	0.06031	0.29675	0.12335	0.01445	0.00357	0.00537	0.01414	0.00782	0.00846
21	0.01443	0.00722	0.01082	0.01082	0.01082	0.00722	0.00722	0.01082	0.01082	0.01443	0.01443	0.02525	0.01443	0.02886	0.03247	0.75830	0.00722	0.00722	0.00361	0.00361
22	0.02056	0.01974	0.03372	0.05099	0.65622	0.01974	0.02550	0.02550	0.01892	0.02714	0.01563	0.02056	0.01316	0.00740	0.00822	0.00247	0.00987	0.00740	0.00411	0.01316
23	0.01136	0.00815	0.01052	0.01200	0.01284	0.00784	0.00818	0.04711	0.01724	0.02300	0.04430	0.66330	0.05259	0.02510	0.01047	0.00332	0.00507	0.02269	0.00775	0.00717
24	0.03158	0.02327	0.02493	0.01911	0.02576	0.02576	0.01579	0.62852	0.03906	0.05236	0.01995	0.01995	0.01413	0.00997	0.00831	0.00249	0.00914	0.00748	0.00831	0.01413
25	0.03158	0.02327	0.02493	0.01911	0.02576	0.02576	0.01579	0.62852	0.03906	0.05236	0.01995	0.01995	0.01413	0.00997	0.00831	0.00249	0.00914	0.00748	0.00831	0.01413
26	0.02491	0.01831	0.02057	0.08128	0.02432	0.02024	0.01362	0.40287	0.02982	0.04021	0.02117	0.02839	0.01777	0.16630	0.01581	0.00374	0.00884	0.00851	0.04200	0.01131
27	0.02028	0.01946	0.03322	0.08719	0.62219	0.01967	0.02536	0.02525	0.01879	0.02680	0.01558	0.02065	0.01304	0.00745	0.00823	0.00248	0.00994	0.00740	0.00409	0.01294
28	0.02963	0.03201	0.02390	0.02173	0.05618	0.41046	0.01613	0.21119	0.02743	0.03026	0.01563	0.01772	0.01241	0.01187	0.04437	0.00288	0.01337	0.00629	0.00550	0.01104
29	0.01941	0.01827	0.03068	0.04574	0.56708	0.01822	0.02351	0.02412	0.01894	0.02672	0.02126	0.03016	0.04340	0.00948	0.00861	0.00261	0.00942	0.06540	0.00461	0.01237
30	0.02133	0.01566	0.01780	0.01496	0.01829	0.01736	0.01145	0.29846	0.02482	0.03359	0.02201	0.03330	0.02039	0.24826	0.13165	0.00618	0.03905	0.00922	0.00640	0.00981
31	0.02419	0.56206	0.03905	0.01583	0.02230	0.17677	0.01463	0.02674	0.01837	0.01972	0.01184	0.01370	0.01067	0.00743	0.00581	0.00186	0.01025	0.00465	0.00372	0.01043
32	0.01333	0.01089	0.01215	0.01188	0.01479	0.01090	0.00919	0.02135	0.17801	0.02768	0.16395	0.10176	0.29063	0.01834	0.00970	0.00292	0.00518	0.08042	0.00815	0.00878
33	0.02057	0.01963	0.03286	0.04903	0.61966	0.01979	0.02478	0.02657	0.05476	0.02758	0.01667	0.02116	0.01386	0.00762	0.00824	0.00249	0.00968	0.00752	0.00436	0.01316
34	0.02458	0.02735	0.02982	0.03965	0.41449	0.27083	0.02187	0.02844	0.02069	0.02453	0.01456	0.01842	0.01222	0.00785	0.00794	0.00234	0.01183	0.00662	0.00418	0.01181
35	0.01012	0.00723	0.00964	0.01157	0.01205	0.00675	0.00771	0.01157	0.01591	0.02121	0.04579	0.70262	0.05495	0.02603	0.01060	0.00337	0.00482	0.02362	0.00771	0.00675
36	0.01947	0.01862	0.03175	0.19382	0.52193	0.01945	0.02495	0.02454	0.01840	0.02581	0.01543	0.02092	0.01269	0.00760	0.00824	0.00253	0.01014	0.00740	0.00402	0.01228
37	0.02221	0.71304	0.04353	0.01421	0.02132	0.03287	0.01421	0.02488	0.01688	0.01955	0.01155	0.01333	0.01066	0.00711	0.00533	0.00178	0.00888	0.00444	0.00355	0.01066
38	0.02843	0.10380	0.06126	0.02026	0.02521	0.54573	0.01628	0.03104	0.02235	0.02069	0.01597	0.01783	0.03897	0.00893	0.00741	0.00216	0.01376	0.00584	0.00432	0.00977
39	0.02636	0.39614	0.03413	0.01760	0.02337	0.33489	0.01508	0.02878	0.02001	0.01992	0.01216	0.01411	0.01068	0.00779	0.00635	0.00195	0.01175	0.00487	0.00390	0.01018
40	0.02220	0.01173	0.01532	0.01265	0.01720	0.01011	0.01011	0.02582	0.02226	0.26324	0.27790	0.04357	0.04380	0.01296	0.00872	0.00242	0.00568	0.04405	0.00874	0.14151
41	0.03103	0.03959	0.02354	0.02140	0.02568	0.67469	0.01605	0.03317	0.02354	0.02033	0.01284	0.01498	0.01070	0.00856	0.00749	0.00214	0.01498	0.00535	0.00428	0.00963
42	0.02066	0.01785	0.01878	0.01691	0.02160	0.02066	0.01315	0.04414	0.64121	0.03475	0.03381	0.03099	0.02536	0.01127	0.00845	0.00282	0.00657	0.00939	0.00845	0.01315
43	0.01187	0.00890	0.01335	0.01335	0.01483	0.01038	0.01038	0.01483	0.01335	0.01928	0.02225	0.03264	0.02077	0.06231	0.67512	0.01335	0.02225	0.00890	0.00445	0.00742
44	0.01443	0.00722	0.01082	0.01082	0.01082	0.00722	0.00722	0.01082	0.01082	0.01443	0.01443	0.02525	0.01443	0.02886	0.03247	0.75830	0.00722	0.00722	0.00361	0.00361
45	0.01961	0.02241	0.04902	0.03501	0.04342	0.02101	0.62605	0.02661	0.01961	0.02661	0.01681	0.02241	0.01261	0.00700	0.00980	0.00280	0.01401	0.00980	0.00420	0.01120
46	0.02961	0.02229	0.02382	0.01872	0.02501	0.02484	0.01531	0.52317	0.14761	0.04918	0.02245	0.02194	0.01615	0.01021	0.00834	0.00255	0.00868	0.00782	0.00834	0.01395
47	0.03030	0.17660	0.02829	0.01739	0.02411	0.02541	0.01492	0.40860	0.03189	0.13269	0.01991	0.01966	0.01428	0.00937	0.00765	0.00234	0.00879	0.00692	0.00753	0.01335
48	0.21874	0.02144	0.02169	0.01703	0.02329	0.02395	0.01406	0.47473	0.03271	0.04852	0.01781	0.01830	0.01282	0.00940	0.00750	0.00251	0.00845	0.00672	0.00750	0.01282
49	0.01005	0.00753	0.00933	0.01078	0.01184	0.00681	0.00736	0.01166	0.01667	0.02152	0.05541	0.54645	0.20491	0.02478	0.01041	0.00323	0.00467	0.02209	0.00771	0.00681
50	0.52706	0.01543	0.01453	0.01219	0.01775	0.01652	0.01005	0.02970	0.01731	0.24253	0.01854	0.01835	0.01280	0.00856	0.00620	0.00257	0.00664	0.00577	0.00683	0.01069
51	0.01723	0.01477	0.01723	0.01230	0.01969	0.01107	0.00984	0.02092	0.01723	0.02707	0.01477	0.01723	0.01230	0.00615	0.00615	0.00123	0.00615	0.00492	0.00492	0.75883
52	0.01818	0.01818	0.02545	0.02181	0.02181	0.02545	0.01818	0.01999	0.01272	0.01999	0.01091	0.01818	0.01091	0.01454	0.02726	0.00364	0.69284	0.00727	0.00364	0.00909
53	0.02066	0.01785	0.01878	0.01691	0.02160	0.02066	0.01315	0.04414	0.64121	0.03475	0.03381	0.03099	0.02536	0.01127	0.00845	0.00282	0.00657	0.00939	0.00845	0.01315
54	0.00982	0.00842	0.00842	0.00842	0.01122	0.00701	0.00631	0.01192	0.01894	0.02244	0.08416	0.07995	0.65285	0.02104	0.00982	0.00281	0.00421	0.01753	0.00771	0.00701
55	0.02066	0.01785	0.01878	0.01691	0.02160	0.02066	0.01315	0.04414	0.64121	0.03475	0.03381	0.03099	0.02536	0.01127	0.00845	0.00282	0.00657	0.00939	0.00845	0.01315
56	0.00991	0.00842	0.00855	0.00851	0.01128	0.00705	0.00639	0.01210	0.01916	0.02297	0.11149	0.07909	0.62519	0.02084	0.00982	0.00280	0.00419	0.01741	0.00778	0.00705
57	0.01953	0.02217	0.04766	0.03425	0.04217	0.02126	0.59103	0.02623	0.01921	0.02623	0.01647	0.02217	0.01251	0.00744	0.01081	0.00285	0.05311	0.00966	0.00417	0.01108
58	0.01208	0.00805	0.00906	0.00906	0.00906	0.00805	0.00503	0.01208	0.01208	0.01611	0.02618	0.05436	0.03020	0.70804	0.04228	0.00805	0.00805	0.01208	0.00503	0.00503
59	0.01081	0.00802	0.00893	0.00934	0.01051	0.00738	0.00608	0.01191	0.01550	0.01960	0.05249	0.19910	0.27406	0.30272	0.02324	0.00507	0.00591	0.01657	0.00662	0.00615
60	0.02056	0.01974	0.03372	0.05099	0.65622	0.01974	0.02550	0.02550	0.01892	0.02714	0.01563	0.02056	0.01316	0.00740	0.00822	0.00247	0.00987	0.00740	0.00411	0.01316
61	0.01046	0.00737	0.00954	0.01113	0.01153	0.00698	0.00724	0.01166	0.01524	0.02031	0.04236	0.58923	0.05062	0.14533	0.01614	0.00419	0.00539	0.02160	0.00724	0.00645
62	0.01830	0.01547	0.01673	0.01571	0.01946	0.01754	0.01193	0.03684	0.50102	0.03171	0.03650	0.18157	0.03199	0.01458	0.00894	0.00294	0.00618	0.01258	0.00829	0.01171
63	0.02051	0.01987	0.03449	0.05019	0.62540	0.01980	0.05570	0.02555	0.01895	0.02711	0.01569	0.02065	0.01313	0.00738	0.00830	0.00248	0.01008	0.00752	0.00412	0.01306
64	0.01032	0.00844	0.00911	0.00894	0.01153	0.00723	0.00671	0.01289	0.02012	0.02524	0.23043	0.07534	0.50483	0.01999	0.00981	0.00276	0.00413	0.01689	0.00808	0.00723
65	0.03096	0.02296	0.02458	0.01899	0.02553	0.02547	0.01564	0.59532	0.07327	0.05136	0.02073	0.02057	0.01477	0.01005	0.00832	0.00251	0.00900	0.00759	0.00832	0.01407
66	0.02056	0.01974	0.03372	0.05099	0.65622	0.01974	0.02550	0.02550	0.01892	0.02714	0.01563	0.02056	0.01316	0.00740	0.00822	0.00247	0.00987	0.00740	0.00411	0.01316
67	0.00982	0.00842	0.00842	0.00842	0.01122	0.00701	0.00631	0.01192	0.01894	0.02244	0.08416	0.07995	0.65285	0.02104	0.00982	0.00281	0.00421	0.01753	0.00771	0.00701
68	0.01226	0.00861	0.01189	0.01189	0.01309	0.00963	0.00879	0.01467	0.01347	0.01972	0.02357	0.03718	0.02286	0.19696	0.47404	0.01111	0.01742	0.00948	0.07646	0.00693
69	0.01012	0.00723	0.00964	0.01157	0.01205	0.00675	0.00771	0.01157	0.01591	0.02121	0.04579	0.70262	0.05495	0.02603	0.01060	0.00337	0.00482	0.02362	0.00771	0.00675
70	0.01012	0.00723	0.00964	0.01157	0.01205	0.00675	0.00771	0.01157	0.01591	0.02121	0.04579	0.70262	0.05495	0.02603	0.01060	0.00337	0.00482	0.02362	0.00771	0.00675
71	0.01147	0.00780	0.00924	0.00984	0.00999	0.00765	0.00587	0.01192	0.01327	0.01770	0.03229	0.25637	0.03791	0.49552	0.03241	0.00660	0.00705	0.01568	0.00587	0.00557
72	0.03103	0.03959	0.02354	0.02140	0.02568	0.67469	0.01605	0.03317	0.02354	0.02033	0.01284	0.01498	0.01070	0.00856	0.00749	0.00214	0.01498	0.00535	0.00428	0.00963
73	0.01187	0.00890	0.01335	0.01335	0.01483	0.01038	0.01038	0.01483	0.01335	0.01928	0.02225	0.03264	0.02077	0.06231	0.67512	0.01335	0.02225	0.00890	0.00445	0.00742
74	0.01404	0.01021	0.01289	0.01305	0.01472	0.01067	0.00947	0.11090	0.01884	0.02550	0.03541	0.41123	0.03954	0.06538	0.16079	0.00570	0.00958	0.01717	0.00694	0.00799
75	0.01012	0.00723	0.00964	0.01157	0.01205	0.00675	0.00771	0.01157	0.01591	0.02121	0.04579	0.70262	0.05495	0.02603	0.01060	0.00337	0.00482	0.02362	0.00771	0.00675
76	0.02221	0.71304	0.04353	0.01421	0.02132	0.03287	0.01421	0.02488	0.01688	0.01955	0.01155	0.01333	0.01066	0.00711	0.00533	0.00178	0.00888	0.00444	0.00355	0.01066
77	0.01666	0.04297	0.66500	0.02368	0.03596	0.01929	0.03069	0.02631	0.01754	0.02631	0.01491	0.01754	0.01052	0.00789	0.00789	0.00263	0.01228	0.00614	0.00351	0.01228
78	0.03158	0.02327	0.02493	0.01911	0.02576	0.02576	0.01579	0.62852	0.03906	0.05236	0.01995	0.01995	0.01413	0.00997	0.00831	0.00249	0.00914	0.00748	0.00831	0.01413
79	0.01187	0.00890	0.01335	0.01335	0.01483	0.01038	0.01038	0.01483	0.01335	0.01928	0.02225	0.03264	0.02077	0.06231	0.67512	0.01335	0.02225	0.00890	0.00445	0.00742
80	0.02066	0.01785	0.01878	0.01691	0.02160	0.02066	0.01315	0.04414	0.64121	0.03475	0.03381	0.03099	0.02536	0.01127	0.00845	0.00282	0.00657	0.00939	0.00845	0.01315
81	0.01723	0.01477	0.01723	0.01230	0.01969	0.01107	0.00984	0.02092	0.01723	0.02707	0.01477	0.01723	0.01230	0.00615	0.00615	0.00123	0.00615	0.00492	0.00492	0.75883
82	0.01517	0.01237	0.01531	0.01434	0.01583	0.04580	0.01117	0.04078	0.01516	0.02199	0.02069	0.03044	0.01919	0.09936	0.35975	0.00872	0.13503	0.00851	0.10248	0.00791
83	0.01763	0.16018	0.55629	0.02202	0.03340	0.02167	0.02781	0.02606	0.01742	0.02513	0.01432	0.01680	0.01055	0.00776	0.00744	0.00248	0.01168	0.00584	0.00352	0.01199
84	0.00985	0.00830	0.00853	0.00872	0.01130	0.00699	0.00645	0.01189	0.01864	0.02232	0.08043	0.14041	0.59480	0.02152	0.00989	0.00286	0.00427	0.01812	0.00771	0.00699
85	0.02077	0.01595	0.01768	0.01577	0.01964	0.01746	0.01213	0.24211	0.19868	0.03617	0.03317	0.27019	0.03204	0.01615	0.00918	0.00290	0.00686	0.01386	0.00813	0.01118
86	0.01053	0.00896	0.00914	0.00900	0.01187	0.00783	0.00678	0.01394	0.05452	0.02368	0.10927	0.07629	0.58889	0.02028	0.00974	0.00280	0.00433	0.01695	0.00783	0.00740
87	0.02060	0.02048	0.03131	0.04283	0.47943	0.05691	0.02334	0.02468	0.01778	0.02516	0.01442	0.01972	0.01252	0.00907	0.01245	0.00271	0.16327	0.00726	0.00401	0.01205
88	0.01072	0.00845	0.00966	0.00936	0.01177	0.00740	0.00702	0.01366	0.02106	0.02748	0.34717	0.07166	0.38670	0.01916	0.00981	0.00272	0.00407	0.01637	0.00838	0.00740
89	0.76672	0.01607	0.01221	0.01092	0.01607	0.01864	0.00900	0.02442	0.01414	0.03727	0.01157	0.01350	0.00900	0.00771	0.00514	0.00257	0.00643	0.00450	0.00514	0.00900
90	0.03106	0.03870	0.02362	0.02128	0.02569	0.63913	0.01604	0.06580	0.02439	0.02209	0.01323	0.01525	0.01089	0.00864	0.00754	0.00216	0.01466	0.00547	0.00450	0.00988
91	0.02221	0.71304	0.04353	0.01421	0.02132	0.03287	0.01421	0.02488	0.01688	0.01955	0.01155	0.01333	0.01066	0.00711	0.00533	0.00178	0.00888	0.00444	0.00355	0.01066
92	0.01666	0.04297	0.66500	0.02368	0.03596	0.01929	0.03069	0.02631	0.01754	0.02631	0.01491	0.01754	0.01052	0.00789	0.00789	0.00263	0.01228	0.00614	0.00351	0.01228
93	0.02836	0.03514	0.02394	0.02149	0.02488	0.53956	0.01649	0.03043	0.02129	0.02026	0.01244	0.01565	0.01074	0.00981	0.01161	0.00245	0.15607	0.00575	0.00415	0.00952
94	0.02022	0.02177	0.02491	0.19135	0.03163	0.15880	0.01898	0.02305	0.01596	0.02038	0.01229	0.01852	0.01091	0.01171	0.01832	0.00310	0.37818	0.00690	0.00378	0.00924
95	0.01012	0.00723	0.00964	0.01157	0.01205	0.00675	0.00771	0.01157	0.01591	0.02121	0.04579	0.70262	0.05495	0.02603	0.01060	0.00337	0.00482	0.02362	0.00771	0.00675
96	0.01839	0.25163	0.47147	0.02073	0.03140	0.02352	0.02556	0.02586	0.01733	0.02420	0.01386	0.01623	0.01057	0.00765	0.00709	0.00236	0.01122	0.00561	0.00352	0.01177
97	0.01127	0.00826	0.01085	0.01115	0.01241	0.00832	0.00798	0.01353	0.01641	0.02244	0.16462	0.19734	0.10817	0.14327	0.21823	0.00695	0.01041	0.01488	0.00659	0.00693
98	0.01012	0.00723	0.00964	0.01157	0.01205	0.00675	0.00771	0.01157	0.01591	0.02121	0.04579	0.70262	0.05495	0.02603	0.01060	0.00337	0.00482	0.02362	0.00771	0.00675
99	0.01511	0.00786	0.00833	0.00833	0.01022	0.00802	0.00628	0.01889	0.01700	0.02975	0.02659	0.03115	0.02124	0.01517	0.07566	0.00313	0.00579	0.00786	0.67592	0.00771
100	0.02366	0.02699	0.16575	0.01944	0.02632	0.08379	0.01806	0.19474	0.28240	0.03618	0.02389	0.02352	0.01765	0.00991	0.00820	0.00263	0.00933	0.00777	0.00691	0.01288
101	0.02209	0.01889	0.01908	0.01705	0.02181	0.05740	0.01327	0.04334	0.57507	0.06548	0.03257	0.02995	0.02429	0.01107	0.00839	0.00277	0.00708	0.00911	0.00831	0.01300
102	0.01203	0.00827	0.01015	0.01015	0.01052	0.00864	0.00639	0.01278	0.01240	0.01691	0.02518	0.04887	0.02782	0.54468	0.20239	0.00939	0.01165	0.01128	0.00489	0.00564
103	0.01549	0.00774	0.00774	0.00774	0.00968	0.00774	0.00581	0.01936	0.01742	0.03097	0.02710	0.03097	0.02129	0.00968	0.00581	0.00194	0.00387	0.00774	0.75416	0.00774
104	0.02221	0.71304	0.04353	0.01421	0.02132	0.03287	0.01421	0.02488	0.01688	0.01955	0.01155	0.01333	0.01066	0.00711	0.00533	0.00178	0.00888	0.00444	0.00355	0.01066
105	0.01133	0.00870	0.01051	0.01070	0.01300	0.00789	0.00846	0.01448	0.02066	0.02697	0.28304	0.07648	0.30683	0.01998	0.01018	0.00296	0.00487	0.14727	0.00822	0.00746
106	0.02928	0.03643	0.02464	0.02430	0.08668	0.57370	0.01709	0.03167	0.02247	0.02097	0.01300	0.01571	0.01095	0.00879	0.00870	0.00226	0.05353	0.00566	0.00423	0.00994
107	0.02056	0.01974	0.03372	0.05099	0.65622	0.01974	0.02550	0.02550	0.01892	0.02714	0.01563	0.02056	0.01316	0.00740	0.00822	0.00247	0.00987	0.00740	0.00411	0.01316
108	0.01380	0.01173	0.01545	0.01474	0.01594	0.04121	0.01145	0.01624	0.01356	0.01914	0.02028	0.03150	0.01956	0.11448	0.47357	0.01068	0.13597	0.00878	0.00436	0.00757
109	0.02652	0.02033	0.02220	0.01688	0.02365	0.02093	0.01380	0.40733	0.06652	0.04353	0.01913	0.01973	0.01420	0.00886	0.00765	0.00212	0.00807	0.00680	0.00727	0.24448
110	0.01154	0.00871	0.01148	0.01200	0.01276	0.00899	0.00846	0.01349	0.01711	0.02360	0.19450	0.40073	0.05387	0.09874	0.01555	0.00373	0.07175	0.01855	0.00738	0.00706
111	0.02572	0.32294	0.05822	0.02132	0.08546	0.31358	0.01677	0.02864	0.02004	0.02089	0.01265	0.01492	0.01092	0.00781	0.00666	0.00204	0.01180	0.00520	0.00393	0.01051
112	0.08015	0.25636	0.23762	0.02028	0.05581	0.06250	0.02032	0.04855	0.01770	0.02487	0.01315	0.01599	0.01077	0.00854	0.00924	0.00243	0.09509	0.00565	0.00393	0.01105
113	0.01882	0.01511	0.01766	0.01272	0.02003	0.01177	0.01022	0.04855	0.01850	0.05875	0.01586	0.01788	0.01278	0.00652	0.00635	0.00135	0.00633	0.00520	0.00533	0.69026
114	0.01208	0.00805	0.00906	0.00906	0.00906	0.00805	0.00503	0.01208	0.01208	0.01611	0.02618	0.05436	0.03020	0.70804	0.04228	0.00805	0.00805	0.01208	0.00503	0.00503
115	0.01443	0.00722	0.01082	0.01082	0.01082	0.00722	0.00722	0.01082	0.01082	0.01443	0.01443	0.02525	0.01443	0.02886	0.03247	0.75830	0.00722	0.00722	0.00361	0.00361
116	0.01208	0.00805	0.00906	0.00906	0.00906	0.00805	0.00503	0.01208	0.01208	0.01611	0.02618	0.05436	0.03020	0.70804	0.04228	0.00805	0.00805	0.01208	0.00503	0.00503
117	0.01046	0.00817	0.00948	0.00972	0.01176	0.00720	0.00707	0.01295	0.01960	0.02536	0.24226	0.21430	0.35011	0.02097	0.00999	0.00288	0.00426	0.01816	0.00813	0.00720
118	0.00982	0.00842	0.00842	0.00842	0.01122	0.00701	0.00631	0.01192	0.01894	0.02244	0.08416	0.07995	0.65285	0.02104	0.00982	0.00281	0.00421	0.01753	0.00771	0.00701
119	0.02221	0.71304	0.04353	0.01421	0.02132	0.03287	0.01421	0.02488	0.01688	0.01955	0.01155	0.01333	0.01066	0.00711	0.00533	0.00178	0.00888	0.00444	0.00355	0.01066
120	0.01081	0.00764	0.00956	0.01062	0.01122	0.00723	0.00692	0.01212	0.01573	0.02103	0.10087	0.43225	0.07833	0.21345	0.01925	0.00457	0.00560	0.01931	0.00711	0.00639
121	0.05884	0.02493	0.20710	0.03391	0.32001	0.01801	0.02342	0.02877	0.01930	0.15845	0.01877	0.02096	0.01375	0.00815	0.00801	0.00254	0.00980	0.00710	0.00527	0.01291
122	0.02397	0.02621	0.03040	0.04135	0.45072	0.23320	0.02242	0.02800	0.02042	0.02492	0.01472	0.01874	0.01236	0.00778	0.00799	0.00236	0.01154	0.00673	0.00417	0.01201
123	0.01212	0.00818	0.00898	0.00898	0.01043	0.00789	0.00613	0.01393	0.01554	0.02173	0.04412	0.05501	0.22187	0.27409	0.08541	0.00556	0.00729	0.01250	0.17377	0.00649
124	0.02504	0.02880	0.03084	0.02465	0.03028	0.30359	0.20551	0.05933	0.08834	0.02565	0.01664	0.01953	0.01311	0.00865	0.00937	0.00247	0.05024	0.00736	0.00489	0.04571
125	0.01192	0.00848	0.01045	0.01109	0.01213	0.00806	0.00767	0.01335	0.01510	0.02013	0.03722	0.25578	0.06772	0.30841	0.02367	0.00526	0.00672	0.12088	0.00642	0.04953
126	0.01962	0.01551	0.01867	0.01618	0.01841	0.01817	0.01252	0.21217	0.02163	0.02975	0.02373	0.15439	0.02446	0.17030	0.02143	0.00421	0.19182	0.01146	0.00621	0.00936
127	0.03158	0.02327	0.02493	0.01911	0.02576	0.02576	0.01579	0.62852	0.03906	0.05236	0.01995	0.01995	0.01413	0.00997	0.00831	0.00249	0.00914	0.00748	0.00831	0.01413
128	0.01191	0.00872	0.01246	0.01246	0.01363	0.00990	0.00927	0.01426	0.01309	0.01862	0.02307	0.03716	0.02273	0.19671	0.54340	0.01225	0.01930	0.00956	0.00457	0.00692
129	0.01129	0.00793	0.01024	0.01098	0.01149	0.00808	0.00725	0.01250	0.01382	0.01876	0.03275	0.29597	0.03749	0.30396	0.17212	0.00746	0.01001	0.01575	0.00592	0.00622
130	0.01597	0.01189	0.01576	0.01455	0.01711	0.01359	0.01151	0.14257	0.01870	0.02617	0.02177	0.02999	0.01939	0.05141	0.53633	0.01109	0.01952	0.00860	0.00525	0.00881
131	0.03103	0.03959	0.02354	0.02140	0.02568	0.67469	0.01605	0.03317	0.02354	0.02033	0.01284	0.01498	0.01070	0.00856	0.00749	0.00214	0.01498	0.00535	0.00428	0.00963
132	0.01190	0.00877	0.01270	0.01270	0.01396	0.01003	0.00957	0.01442	0.01316	0.01880	0.02285	0.03594	0.02220	0.16039	0.57899	0.01255	0.02010	0.00938	0.00454	0.00706
133	0.03048	0.03868	0.02362	0.02142	0.02552	0.64687	0.01614	0.03261	0.02308	0.02032	0.01276	0.01512	0.01071	0.00882	0.00834	0.00220	0.04402	0.00543	0.00425	0.00961
134	0.01380	0.01119	0.01465	0.01445	0.01714	0.01130	0.04418	0.02097	0.14402	0.02625	0.08238	0.19970	0.15041	0.01969	0.01021	0.00322	0.00638	0.19368	0.00773	0.00866
135	0.02641	0.06105	0.02863	0.03299	0.28135	0.35244	0.01979	0.05509	0.02203	0.02443	0.01422	0.01738	0.01184	0.00809	0.00773	0.00227	0.01238	0.00623	0.00435	0.01130

[dist]
# distance from previous block
# <min> <max>
5	6

[block]
# block no. 3 follows, 22 sequences, length 44
# corresponding to MSA columns:
# 335-378
name=unknown_D
#
# <colnr> <probs for GDERKNQSTAVLIFYWHMCP>
#	G	D	E	R	K	N	Q	S	T	A	V	L	I	F	Y	W	H	M	C	P
0	0.02571	0.10032	0.02255	0.01807	0.02220	0.46311	0.01391	0.02812	0.02243	0.02207	0.09898	0.02692	0.08096	0.01066	0.00778	0.00223	0.01196	0.00763	0.00514	0.00926
1	0.01664	0.10321	0.01674	0.01192	0.01397	0.01481	0.00888	0.08738	0.01671	0.02333	0.02228	0.03785	0.02257	0.35314	0.05472	0.00560	0.06254	0.00941	0.11066	0.00764
2	0.00993	0.00842	0.00857	0.00854	0.01129	0.00706	0.00640	0.01214	0.01921	0.02308	0.11764	0.07889	0.61897	0.02080	0.00982	0.00279	0.00419	0.01738	0.00780	0.00706
3	0.01224	0.00945	0.01406	0.01385	0.01525	0.01127	0.01084	0.01514	0.01331	0.01933	0.02158	0.03178	0.02019	0.05949	0.63691	0.01278	0.06181	0.00880	0.00440	0.00752
4	0.01549	0.00774	0.00774	0.00774	0.00968	0.00774	0.00581	0.01936	0.01742	0.03097	0.02710	0.03097	0.02129	0.00968	0.00581	0.00194	0.00387	0.00774	0.75416	0.00774
5	0.01642	0.01577	0.02507	0.49205	0.04680	0.02051	0.02163	0.02086	0.01547	0.02086	0.01363	0.02098	0.01102	0.01014	0.01388	0.00302	0.21166	0.00735	0.00367	0.00919
6	0.01530	0.00780	0.00803	0.00803	0.00994	0.00788	0.00604	0.01913	0.01721	0.03037	0.02685	0.03106	0.02127	0.01237	0.04003	0.00252	0.00481	0.00780	0.71583	0.00773
7	0.01006	0.00748	0.00938	0.01089	0.01187	0.00680	0.00741	0.01164	0.01655	0.02147	0.05399	0.56959	0.18269	0.02496	0.01044	0.00325	0.00469	0.02232	0.00771	0.00680
8	0.01981	0.02185	0.04580	0.03838	0.17243	0.02074	0.49962	0.02638	0.01946	0.02672	0.01656	0.02202	0.01272	0.00709	0.00947	0.00273	0.01313	0.00930	0.00418	0.01162
9	0.01001	0.00842	0.00869	0.00862	0.01134	0.00710	0.00647	0.01230	0.01940	0.02354	0.14161	0.07814	0.59471	0.02063	0.00982	0.00279	0.00418	0.01728	0.00786	0.00710
10	0.01847	0.01107	0.01154	0.01028	0.01325	0.01151	0.00802	0.14713	0.02231	0.03522	0.05523	0.03207	0.04894	0.01054	0.00668	0.00212	0.00500	0.00842	0.53315	0.00906
11	0.01042	0.00844	0.00926	0.00905	0.01159	0.00727	0.00679	0.01309	0.02037	0.02584	0.26139	0.07436	0.47350	0.01977	0.00981	0.00275	0.00412	0.01675	0.00816	0.00727
12	0.01111	0.00823	0.01060	0.01211	0.01355	0.00771	0.00925	0.01347	0.01759	0.02265	0.05328	0.37439	0.17851	0.02398	0.01072	0.00340	0.00561	0.20904	0.00769	0.00710
13	0.03158	0.02327	0.02493	0.01911	0.02576	0.02576	0.01579	0.62852	0.03906	0.05236	0.01995	0.01995	0.01413	0.00997	0.00831	0.00249	0.00914	0.00748	0.00831	0.01413
14	0.03152	0.02507	0.02478	0.01937	0.02575	0.09722	0.01582	0.56297	0.03735	0.04883	0.01916	0.01940	0.01375	0.00982	0.00822	0.00245	0.00978	0.00725	0.00787	0.01363
15	0.01953	0.02218	0.04772	0.03428	0.04222	0.02125	0.59247	0.02625	0.01923	0.02625	0.01648	0.02218	0.01251	0.00742	0.01077	0.00285	0.05150	0.00966	0.00417	0.01109
16	0.01838	0.01877	0.02877	0.02367	0.02486	0.02482	0.10384	0.02093	0.01369	0.02093	0.01174	0.01877	0.01114	0.01348	0.02480	0.00352	0.59717	0.00763	0.00371	0.00939
17	0.01755	0.01800	0.01637	0.01574	0.01805	0.20724	0.01206	0.02027	0.01637	0.01960	0.01946	0.02740	0.01779	0.04638	0.47728	0.01003	0.02010	0.00785	0.00440	0.00807
18	0.76672	0.01607	0.01221	0.01092	0.01607	0.01864	0.00900	0.02442	0.01414	0.03727	0.01157	0.01350	0.00900	0.00771	0.00514	0.00257	0.00643	0.00450	0.00514	0.00900
19	0.01898	0.01813	0.03087	0.25725	0.46229	0.01932	0.02471	0.02411	0.01817	0.02523	0.01535	0.02107	0.01248	0.00769	0.00825	0.00256	0.01026	0.00740	0.00398	0.01189
20	0.02221	0.71304	0.04353	0.01421	0.02132	0.03287	0.01421	0.02488	0.01688	0.01955	0.01155	0.01333	0.01066	0.00711	0.00533	0.00178	0.00888	0.00444	0.00355	0.01066
21	0.02066	0.01785	0.01878	0.01691	0.02160	0.02066	0.01315	0.04414	0.64121	0.03475	0.03381	0.03099	0.02536	0.01127	0.00845	0.00282	0.00657	0.00939	0.00845	0.01315
22	0.01569	0.01477	0.02492	0.68808	0.05722	0.01846	0.02307	0.02123	0.01661	0.02123	0.01477	0.02215	0.01107	0.00831	0.00831	0.00277	0.01107	0.00738	0.00369	0.00923
23	0.01052	0.00849	0.00939	0.00931	0.01184	0.00736	0.00708	0.01320	0.02019	0.02552	0.23641	0.07577	0.46687	0.02003	0.00989	0.00280	0.00430	0.04565	0.00810	0.00727
24	0.01569	0.01477	0.02492	0.68808	0.05722	0.01846	0.02307	0.02123	0.01661	0.02123	0.01477	0.02215	0.01107	0.00831	0.00831	0.00277	0.01107	0.00738	0.00369	0.00923
25	0.01961	0.02241	0.04902	0.03501	0.04342	0.02101	0.62605	0.02661	0.01961	0.02661	0.01681	0.02241	0.01261	0.00700	0.00980	0.00280	0.01401	0.00980	0.00420	0.01120
26	0.01098	0.00821	0.01019	0.01023	0.01207	0.00742	0.00747	0.01397	0.02089	0.02833	0.39733	0.20091	0.20189	0.01979	0.00997	0.00282	0.00417	0.01739	0.00852	0.00742
27	0.02036	0.02030	0.03694	0.04763	0.52721	0.02001	0.15193	0.02573	0.01906	0.02703	0.01587	0.02095	0.01304	0.00732	0.00856	0.00254	0.01074	0.00791	0.00413	0.01275
28	0.00993	0.00842	0.00857	0.00853	0.01129	0.00706	0.00640	0.01214	0.01920	0.02307	0.11716	0.07891	0.61945	0.02080	0.00982	0.00279	0.00419	0.01739	0.00780	0.00706
29	0.01199	0.00842	0.01091	0.01091	0.01155	0.00906	0.00734	0.01327	0.01263	0.01748	0.02448	0.04500	0.02614	0.42967	0.31510	0.01034	0.01417	0.01071	0.00478	0.00606
30	0.64959	0.01721	0.01424	0.01223	0.01761	0.01977	0.01008	0.12068	0.01811	0.03968	0.01290	0.01452	0.00981	0.00807	0.00565	0.00256	0.00686	0.00497	0.00565	0.00981
31	0.01805	0.01525	0.01767	0.01269	0.02003	0.01191	0.01018	0.05559	0.01847	0.02851	0.01506	0.01738	0.01241	0.00637	0.00628	0.00130	0.00632	0.00507	0.00512	0.71633
32	0.02673	0.03132	0.02242	0.08768	0.02779	0.43511	0.01599	0.03487	0.18638	0.02424	0.01859	0.01995	0.01462	0.00925	0.00783	0.00238	0.01236	0.00663	0.00533	0.01052
33	0.01188	0.00886	0.01314	0.01314	0.01455	0.01027	0.01012	0.01470	0.01329	0.01913	0.02245	0.03372	0.02124	0.09445	0.64362	0.01309	0.02155	0.00906	0.00448	0.00730
34	0.02209	0.01685	0.01847	0.01460	0.01976	0.01703	0.01138	0.27702	0.06172	0.03570	0.02343	0.02970	0.04491	0.15715	0.01500	0.00337	0.00776	0.00831	0.00670	0.20902
35	0.01318	0.01013	0.01265	0.01202	0.01214	0.01159	0.00815	0.01386	0.01303	0.01809	0.05121	0.10270	0.03031	0.47418	0.03502	0.00649	0.15176	0.01218	0.00514	0.00615
36	0.01187	0.00890	0.01335	0.01335	0.01483	0.01038	0.01038	0.01483	0.01335	0.01928	0.02225	0.03264	0.02077	0.06231	0.67512	0.01335	0.02225	0.00890	0.00445	0.00742
37	0.02035	0.02092	0.06779	0.04765	0.58784	0.01976	0.02512	0.02654	0.05230	0.02750	0.01656	0.02095	0.01367	0.00764	0.00822	0.00250	0.00983	0.00744	0.00431	0.01311
38	0.01438	0.01223	0.01746	0.01613	0.01709	0.01575	0.01297	0.01698	0.01335	0.02021	0.01838	0.02725	0.01719	0.04182	0.39983	0.00914	0.26662	0.00824	0.04693	0.00805
39	0.02221	0.71304	0.04353	0.01421	0.02132	0.03287	0.01421	0.02488	0.01688	0.01955	0.01155	0.01333	0.01066	0.00711	0.00533	0.00178	0.00888	0.00444	0.00355	0.01066
40	0.02056	0.01974	0.03372	0.05099	0.65622	0.01974	0.02550	0.02550	0.01892	0.02714	0.01563	0.02056	0.01316	0.00740	0.00822	0.00247	0.00987	0.00740	0.00411	0.01316
41	0.01956	0.01355	0.01685	0.01632	0.01975	0.01414	0.01399	0.18607	0.02482	0.06389	0.03684	0.07024	0.03722	0.01876	0.01045	0.00340	0.00803	0.40842	0.00796	0.00975
42	0.01011	0.00761	0.00937	0.01064	0.01184	0.00687	0.00733	0.01185	0.01708	0.02209	0.08346	0.50147	0.22170	0.02424	0.01035	0.00318	0.00461	0.02155	0.00778	0.00687
43	0.01088	0.00882	0.00979	0.01030	0.01261	0.00801	0.00773	0.01425	0.05446	0.02313	0.06870	0.21584	0.42326	0.02176	0.01008	0.00303	0.00483	0.07738	0.00775	0.00738

[dist]
# distance from previous block
# <min> <max>
0	4

# created by:
# /home/cegg/simao/soft/augustus-3.2.1/scripts/msa2prfl.pl ./align_prep/10381.fa
