[name]
unknown

[dist]
# distance from previous block
# <min> <max>
3	48

[block]
# block no. 0 follows, 21 sequences, length 30
# corresponding to MSA columns:
# 48-77
name=unknown_A
#
# <colnr> <probs for GDERKNQSTAVLIFYWHMCP>
#	G	D	E	R	K	N	Q	S	T	A	V	L	I	F	Y	W	H	M	C	P
0	0.01808	0.16226	0.54748	0.02252	0.03415	0.02225	0.02843	0.02669	0.01785	0.02571	0.01466	0.01720	0.01081	0.00794	0.00762	0.00254	0.01196	0.00598	0.00360	0.01228
1	0.01924	0.29729	0.42260	0.02055	0.03110	0.02509	0.02498	0.02639	0.01771	0.02430	0.01396	0.01632	0.01083	0.00778	0.00708	0.00236	0.01125	0.00562	0.00361	0.01194
2	0.02893	0.02214	0.02361	0.01889	0.02509	0.02479	0.01535	0.44389	0.22116	0.04812	0.02477	0.02389	0.01799	0.01062	0.00856	0.00266	0.00856	0.00826	0.00856	0.01417
3	0.03179	0.04056	0.02412	0.02192	0.02631	0.66676	0.01644	0.03398	0.02412	0.02083	0.01315	0.01535	0.01096	0.00877	0.00767	0.00219	0.01535	0.00548	0.00438	0.00987
4	0.19763	0.09554	0.02461	0.01713	0.02363	0.02551	0.01441	0.41989	0.03174	0.04649	0.01755	0.01819	0.01289	0.00937	0.00744	0.00249	0.00870	0.00663	0.00725	0.01289
5	0.01006	0.00862	0.00862	0.00862	0.01149	0.00718	0.00647	0.01221	0.01940	0.02299	0.08621	0.08190	0.64438	0.02155	0.01006	0.00287	0.00431	0.01796	0.00790	0.00718
6	0.01543	0.01483	0.02859	0.02335	0.02776	0.01403	0.27862	0.01999	0.01872	0.02503	0.03335	0.26114	0.03543	0.01732	0.01070	0.00330	0.00976	0.14720	0.00629	0.00914
7	0.01238	0.00825	0.00928	0.00928	0.00928	0.00825	0.00516	0.01238	0.01238	0.01650	0.02681	0.05569	0.03094	0.70092	0.04331	0.00825	0.00825	0.01238	0.00516	0.00516
8	0.01588	0.00903	0.01207	0.01216	0.01415	0.00822	0.00877	0.01835	0.01978	0.14034	0.19839	0.41063	0.05605	0.02133	0.01023	0.00310	0.00512	0.01907	0.00876	0.00858
9	0.01707	0.04402	0.65683	0.02426	0.03683	0.01976	0.03144	0.02695	0.01797	0.02695	0.01527	0.01797	0.01078	0.00809	0.00809	0.00270	0.01258	0.00629	0.00359	0.01258
10	0.01987	0.37022	0.35516	0.01948	0.02945	0.02662	0.02312	0.02623	0.01763	0.02354	0.01358	0.01584	0.01085	0.00769	0.00679	0.00226	0.01086	0.00543	0.00362	0.01176
11	0.02900	0.07719	0.02543	0.01892	0.02506	0.09272	0.01546	0.38114	0.17181	0.04348	0.02225	0.02196	0.01646	0.01014	0.00822	0.00254	0.00937	0.00764	0.00774	0.01349
12	0.02853	0.02509	0.02319	0.01926	0.02496	0.14318	0.01533	0.32050	0.23371	0.04158	0.02380	0.02325	0.01764	0.01039	0.00841	0.00260	0.00960	0.00791	0.00780	0.01329
13	0.02567	0.03010	0.02290	0.01998	0.02381	0.42316	0.07812	0.02812	0.02100	0.02156	0.01728	0.02498	0.01575	0.13810	0.01446	0.00338	0.01303	0.00745	0.06217	0.00901
14	0.02905	0.02220	0.02368	0.01891	0.02513	0.02485	0.01538	0.44998	0.21487	0.04831	0.02462	0.02377	0.01787	0.01061	0.00856	0.00265	0.00859	0.00824	0.00856	0.01418
15	0.02077	0.02103	0.03917	0.04740	0.46976	0.02060	0.20049	0.02645	0.01959	0.02764	0.01636	0.02162	0.01331	0.00746	0.00890	0.00263	0.01136	0.00831	0.00424	0.01289
16	0.07020	0.06473	0.02469	0.02087	0.02516	0.48681	0.01617	0.07709	0.02336	0.02425	0.01338	0.01593	0.01116	0.00941	0.00963	0.00239	0.08418	0.00577	0.00465	0.01017
17	0.01981	0.36319	0.36166	0.01958	0.02961	0.02647	0.02330	0.02624	0.01764	0.02361	0.01361	0.01589	0.01085	0.00770	0.00682	0.00227	0.01090	0.00545	0.00362	0.01178
18	0.01156	0.00775	0.00920	0.01035	0.01163	0.00720	0.00719	0.01374	0.01723	0.02424	0.04988	0.42919	0.15838	0.02188	0.00959	0.00301	0.00460	0.01932	0.17686	0.00720
19	0.02255	0.01805	0.01928	0.01695	0.02194	0.02041	0.01329	0.09312	0.51505	0.07207	0.03596	0.03315	0.05605	0.01188	0.00871	0.00284	0.00687	0.00981	0.00872	0.01330
20	0.01342	0.01205	0.01643	0.02161	0.19937	0.01108	0.01235	0.01653	0.01966	0.02504	0.09702	0.06291	0.42625	0.01719	0.00957	0.00276	0.00601	0.01475	0.00690	0.00909
21	0.01037	0.00741	0.00987	0.01185	0.01234	0.00691	0.00790	0.01185	0.01629	0.02172	0.04690	0.69537	0.05629	0.02666	0.01086	0.00346	0.00494	0.02419	0.00790	0.00691
22	0.03179	0.04056	0.02412	0.02192	0.02631	0.66676	0.01644	0.03398	0.02412	0.02083	0.01315	0.01535	0.01096	0.00877	0.00767	0.00219	0.01535	0.00548	0.00438	0.00987
23	0.02261	0.01114	0.01418	0.01202	0.01621	0.00970	0.00950	0.02580	0.02291	0.29449	0.23020	0.05392	0.21091	0.01563	0.00941	0.00271	0.00547	0.01320	0.00946	0.01054
24	0.01892	0.01857	0.02515	0.22298	0.03349	0.05939	0.01951	0.05009	0.01620	0.02244	0.01352	0.02050	0.01187	0.01481	0.05176	0.00381	0.37592	0.00746	0.00405	0.00955
25	0.01044	0.00782	0.00947	0.01073	0.01186	0.00709	0.00728	0.01199	0.01688	0.02168	0.05658	0.47049	0.22237	0.07746	0.01315	0.00366	0.00501	0.02150	0.00769	0.00685
26	0.02161	0.02623	0.10639	0.10615	0.31521	0.16651	0.02282	0.02639	0.01978	0.02496	0.01768	0.07428	0.01582	0.00956	0.00842	0.00258	0.01132	0.00829	0.00443	0.01158
27	0.01179	0.00866	0.01088	0.01034	0.01235	0.00793	0.00765	0.01532	0.02277	0.03159	0.53174	0.06562	0.15457	0.05727	0.01195	0.00302	0.00430	0.01557	0.00893	0.00775
28	0.06189	0.49299	0.20476	0.01694	0.02551	0.02919	0.01873	0.02584	0.01732	0.02285	0.01274	0.01480	0.01079	0.00753	0.00614	0.00210	0.00988	0.00501	0.00372	0.01127
29	0.06368	0.18989	0.14397	0.06713	0.32340	0.02326	0.02314	0.02583	0.01822	0.02607	0.01458	0.01839	0.01203	0.00766	0.00747	0.00241	0.01015	0.00645	0.00401	0.01225

[dist]
# distance from previous block
# <min> <max>
5	6

[block]
# block no. 1 follows, 21 sequences, length 48
# corresponding to MSA columns:
# 84-131
name=unknown_B
#
# <colnr> <probs for GDERKNQSTAVLIFYWHMCP>
#	G	D	E	R	K	N	Q	S	T	A	V	L	I	F	Y	W	H	M	C	P
0	0.03042	0.03701	0.02425	0.02336	0.06915	0.56416	0.01668	0.06075	0.02429	0.02332	0.01430	0.01666	0.01175	0.00880	0.00770	0.00222	0.01423	0.00583	0.03486	0.01026
1	0.01917	0.01817	0.03087	0.07027	0.45294	0.01897	0.04923	0.02382	0.01798	0.02574	0.01687	0.02313	0.01453	0.01742	0.11958	0.00449	0.05266	0.00794	0.00423	0.01199
2	0.01756	0.01762	0.02334	0.02015	0.02233	0.09428	0.08510	0.02059	0.01544	0.02100	0.01711	0.02512	0.01570	0.03432	0.29846	0.00773	0.24279	0.00824	0.00423	0.00889
3	0.01707	0.04402	0.65683	0.02426	0.03683	0.01976	0.03144	0.02695	0.01797	0.02695	0.01527	0.01797	0.01078	0.00809	0.00809	0.00270	0.01258	0.00629	0.00359	0.01258
4	0.01074	0.00756	0.00977	0.01138	0.01178	0.00716	0.00739	0.01195	0.01557	0.02076	0.04320	0.57737	0.05161	0.15104	0.01685	0.00434	0.00555	0.02201	0.00739	0.00659
5	0.11115	0.01674	0.02645	0.41808	0.22049	0.01930	0.02253	0.02340	0.01737	0.02553	0.01496	0.02111	0.01168	0.00817	0.00808	0.00272	0.01040	0.00720	0.00409	0.01057
6	0.01216	0.00912	0.01368	0.01368	0.01520	0.01064	0.01064	0.01520	0.01368	0.01976	0.02279	0.03343	0.02127	0.06382	0.66720	0.01368	0.02279	0.00912	0.00456	0.00760
7	0.03055	0.01401	0.01807	0.01480	0.02017	0.01311	0.01187	0.03731	0.12695	0.43820	0.10003	0.07980	0.03071	0.01257	0.00889	0.00274	0.00665	0.01057	0.00991	0.01309
8	0.02275	0.70604	0.04459	0.01456	0.02184	0.03367	0.01456	0.02548	0.01729	0.02002	0.01183	0.01365	0.01092	0.00728	0.00546	0.00182	0.00910	0.00455	0.00364	0.01092
9	0.01006	0.00862	0.00862	0.00862	0.01149	0.00718	0.00647	0.01221	0.01940	0.02299	0.08621	0.08190	0.64438	0.02155	0.01006	0.00287	0.00431	0.01796	0.00790	0.00718
10	0.02557	0.03042	0.09897	0.02176	0.02614	0.25846	0.01872	0.12462	0.04752	0.02738	0.01485	0.01819	0.01220	0.01097	0.01427	0.00282	0.22460	0.00672	0.00493	0.01091
11	0.01124	0.00867	0.01026	0.00986	0.01222	0.00769	0.00740	0.01450	0.02219	0.02962	0.41779	0.07099	0.30867	0.01908	0.01005	0.00276	0.00413	0.01643	0.00877	0.00769
12	0.02217	0.02142	0.01871	0.01673	0.02126	0.15046	0.01293	0.09086	0.32962	0.03178	0.03922	0.03736	0.14548	0.01285	0.00872	0.00271	0.00826	0.01026	0.00762	0.01157
13	0.01054	0.00864	0.00930	0.00913	0.01179	0.00739	0.00685	0.01315	0.02055	0.02572	0.22258	0.07741	0.50631	0.02054	0.01005	0.00283	0.00424	0.01733	0.00826	0.00739
14	0.02275	0.70604	0.04459	0.01456	0.02184	0.03367	0.01456	0.02548	0.01729	0.02002	0.01183	0.01365	0.01092	0.00728	0.00546	0.00182	0.00910	0.00455	0.00364	0.01092
15	0.01238	0.00825	0.00928	0.00928	0.00928	0.00825	0.00516	0.01238	0.01238	0.01650	0.02681	0.05569	0.03094	0.70092	0.04331	0.00825	0.00825	0.01238	0.00516	0.00516
16	0.02655	0.03144	0.02240	0.02259	0.08249	0.45668	0.01577	0.02926	0.02155	0.02196	0.01590	0.01988	0.01357	0.01791	0.11769	0.00413	0.01541	0.00643	0.04866	0.00972
17	0.02040	0.02038	0.03729	0.10459	0.45867	0.02040	0.15964	0.02599	0.01933	0.02714	0.01620	0.02164	0.01316	0.00757	0.00880	0.00263	0.01118	0.00814	0.00419	0.01267
18	0.02116	0.02338	0.09317	0.04823	0.56221	0.04890	0.02619	0.02655	0.01945	0.02741	0.01581	0.02051	0.01311	0.00768	0.00836	0.00253	0.01058	0.00737	0.00416	0.01323
19	0.01766	0.02753	0.26824	0.05855	0.19401	0.01819	0.11925	0.02461	0.01924	0.02755	0.08760	0.05791	0.02185	0.00978	0.00886	0.00272	0.01084	0.00917	0.00473	0.01172
20	0.01249	0.00809	0.01006	0.01068	0.01159	0.00824	0.00732	0.01447	0.01511	0.02226	0.03253	0.24709	0.03488	0.20239	0.15181	0.00643	0.00920	0.01443	0.17410	0.00684
21	0.07726	0.02320	0.02355	0.02517	0.16401	0.15167	0.01644	0.17372	0.08348	0.06038	0.02697	0.02772	0.08842	0.01063	0.00829	0.00255	0.00962	0.00842	0.00650	0.01199
22	0.01216	0.00912	0.01368	0.01368	0.01520	0.01064	0.01064	0.01520	0.01368	0.01976	0.02279	0.03343	0.02127	0.06382	0.66720	0.01368	0.02279	0.00912	0.00456	0.00760
23	0.03232	0.02480	0.02546	0.01971	0.02639	0.06311	0.01619	0.58589	0.03910	0.05175	0.02001	0.02014	0.01427	0.01013	0.00847	0.00253	0.00971	0.00754	0.00828	0.01421
24	0.01016	0.00823	0.00902	0.00966	0.01177	0.00710	0.00693	0.01210	0.01840	0.02258	0.07359	0.27889	0.45554	0.02319	0.01032	0.00306	0.00451	0.01996	0.00790	0.00710
25	0.02147	0.55618	0.18319	0.01676	0.02524	0.03052	0.01838	0.02581	0.01744	0.02159	0.01261	0.01463	0.01089	0.00746	0.00605	0.00202	0.00989	0.00494	0.00363	0.01130
26	0.02936	0.03595	0.02648	0.02879	0.16701	0.52040	0.01863	0.03220	0.02304	0.02241	0.01380	0.01664	0.01153	0.00850	0.00784	0.00227	0.01416	0.00596	0.00435	0.01068
27	0.03129	0.02331	0.02494	0.01937	0.02599	0.02589	0.01592	0.56494	0.09627	0.05192	0.02178	0.02151	0.01556	0.01034	0.00853	0.00259	0.00911	0.00785	0.00853	0.01438
28	0.02424	0.02625	0.03145	0.04325	0.46363	0.21184	0.02325	0.02845	0.02078	0.02574	0.01516	0.01937	0.01273	0.00793	0.00820	0.00243	0.01166	0.00696	0.00426	0.01241
29	0.01077	0.00850	0.00983	0.01068	0.01277	0.00756	0.00809	0.01305	0.01861	0.02308	0.06877	0.24614	0.38697	0.02324	0.01056	0.00321	0.00508	0.11798	0.00789	0.00722
30	0.01862	0.01862	0.02607	0.02234	0.02234	0.02607	0.01862	0.02048	0.01303	0.02048	0.01117	0.01862	0.01117	0.01489	0.02793	0.00372	0.68535	0.00745	0.00372	0.00931
31	0.02106	0.02022	0.03454	0.05223	0.64784	0.02022	0.02612	0.02612	0.01938	0.02780	0.01601	0.02106	0.01348	0.00758	0.00842	0.00253	0.01011	0.00758	0.00421	0.01348
32	0.01586	0.00793	0.00793	0.00793	0.00991	0.00793	0.00595	0.01983	0.01785	0.03173	0.02776	0.03173	0.02181	0.00991	0.00595	0.00198	0.00397	0.00793	0.74817	0.00793
33	0.01328	0.01077	0.01584	0.01519	0.01644	0.01333	0.01203	0.01612	0.01356	0.01988	0.02077	0.03085	0.01951	0.05529	0.55571	0.01194	0.13835	0.00883	0.00441	0.00790
34	0.01480	0.01301	0.01875	0.01723	0.01812	0.01696	0.01391	0.01736	0.01341	0.02005	0.01803	0.02736	0.01714	0.04378	0.40527	0.00960	0.29426	0.00843	0.00422	0.00830
35	0.01216	0.00875	0.01200	0.01209	0.01304	0.00966	0.00864	0.01408	0.01334	0.01872	0.02521	0.06940	0.02609	0.28118	0.42472	0.01137	0.01703	0.01088	0.00491	0.00673
36	0.01971	0.01884	0.03210	0.22208	0.48854	0.01986	0.02545	0.02493	0.01874	0.02616	0.01577	0.02150	0.01290	0.00783	0.00845	0.00261	0.01044	0.00758	0.00410	0.01239
37	0.01090	0.00881	0.00985	0.01041	0.01293	0.00776	0.00819	0.01342	0.01925	0.02347	0.07454	0.12187	0.47434	0.02230	0.01049	0.00315	0.00515	0.14796	0.00789	0.00732
38	0.01907	0.01646	0.01923	0.02027	0.09383	0.01820	0.01421	0.03614	0.42179	0.03212	0.03932	0.04349	0.09499	0.01357	0.00915	0.00296	0.00699	0.07812	0.00796	0.01212
39	0.01893	0.01990	0.01590	0.01578	0.01840	0.23491	0.01193	0.02239	0.04648	0.02440	0.11939	0.20686	0.08274	0.01774	0.00965	0.00292	0.00889	0.10736	0.00692	0.00852
40	0.01453	0.01208	0.01855	0.02567	0.23072	0.01186	0.01422	0.01722	0.01709	0.02342	0.03363	0.34125	0.03788	0.10466	0.01417	0.00377	0.00733	0.05665	0.00628	0.00901
41	0.01030	0.00768	0.00959	0.01112	0.01215	0.00697	0.00758	0.01193	0.01700	0.02201	0.05580	0.55649	0.18942	0.02550	0.01068	0.00332	0.00480	0.02278	0.00790	0.00697
42	0.02619	0.41889	0.03622	0.01900	0.04992	0.27882	0.01578	0.02881	0.02003	0.02066	0.01252	0.01462	0.01104	0.00787	0.00644	0.00199	0.01157	0.00504	0.00395	0.01062
43	0.01441	0.01204	0.01723	0.01606	0.01713	0.01533	0.01287	0.01714	0.01372	0.02070	0.01943	0.02867	0.01813	0.04519	0.42633	0.00984	0.23022	0.00852	0.04887	0.00816
44	0.01006	0.00862	0.00862	0.00862	0.01149	0.00718	0.00647	0.01221	0.01940	0.02299	0.08621	0.08190	0.64438	0.02155	0.01006	0.00287	0.00431	0.01796	0.00790	0.00718
45	0.01825	0.01574	0.01645	0.01503	0.01933	0.01749	0.01163	0.03655	0.47134	0.03229	0.04819	0.04493	0.18850	0.01418	0.00903	0.00288	0.00610	0.01181	0.00846	0.01182
46	0.01750	0.03268	0.38685	0.18898	0.11436	0.01973	0.06989	0.02560	0.01805	0.02580	0.01546	0.01984	0.01138	0.00807	0.00837	0.00272	0.01211	0.00702	0.00376	0.01184
47	0.07065	0.03247	0.34756	0.03167	0.16168	0.02021	0.16134	0.02672	0.01849	0.02798	0.01562	0.01944	0.01170	0.00776	0.00840	0.00270	0.01206	0.00728	0.00400	0.01228

[dist]
# distance from previous block
# <min> <max>
0	1

[block]
# block no. 2 follows, 21 sequences, length 34
# corresponding to MSA columns:
# 133-166
name=unknown_C
#
# <colnr> <probs for GDERKNQSTAVLIFYWHMCP>
#	G	D	E	R	K	N	Q	S	T	A	V	L	I	F	Y	W	H	M	C	P
0	0.32204	0.02289	0.13545	0.03056	0.28253	0.01968	0.02017	0.02582	0.01713	0.03188	0.01418	0.01756	0.01126	0.00780	0.00708	0.00260	0.00911	0.00614	0.00453	0.01158
1	0.01104	0.00785	0.01048	0.01234	0.01305	0.00747	0.00871	0.01284	0.01662	0.02206	0.04547	0.55976	0.05365	0.06387	0.01283	0.00380	0.00561	0.11785	0.00774	0.00697
2	0.02846	0.06034	0.02383	0.01938	0.02484	0.38326	0.01507	0.12916	0.06452	0.02832	0.01601	0.01755	0.01278	0.00871	0.00755	0.00213	0.01203	0.00600	0.00542	0.13463
3	0.01238	0.00825	0.00928	0.00928	0.00928	0.00825	0.00516	0.01238	0.01238	0.01650	0.02681	0.05569	0.03094	0.70092	0.04331	0.00825	0.00825	0.01238	0.00516	0.00516
4	0.02077	0.01992	0.03401	0.08919	0.61317	0.02014	0.02597	0.02586	0.01924	0.02745	0.01596	0.02116	0.01335	0.00764	0.00843	0.00255	0.01018	0.00758	0.00419	0.01324
5	0.02093	0.49383	0.24085	0.01767	0.02665	0.02921	0.01997	0.02595	0.01751	0.02224	0.01293	0.01503	0.01088	0.00754	0.00630	0.00210	0.01022	0.00511	0.00363	0.01145
6	0.03235	0.02384	0.02554	0.01958	0.02639	0.02639	0.01618	0.61946	0.04001	0.05363	0.02043	0.02043	0.01447	0.01022	0.00851	0.00255	0.00936	0.00766	0.00851	0.01447
7	0.01029	0.00863	0.00894	0.00886	0.01163	0.00728	0.00664	0.01265	0.01993	0.02426	0.14993	0.07980	0.57987	0.02108	0.01006	0.00285	0.00428	0.01767	0.00807	0.00728
8	0.01098	0.00784	0.01058	0.01255	0.01331	0.00744	0.00897	0.01291	0.01690	0.02241	0.04657	0.58547	0.05495	0.02608	0.01103	0.00354	0.00547	0.12804	0.00789	0.00708
9	0.01338	0.01092	0.01603	0.01532	0.01655	0.01357	0.01215	0.01620	0.01355	0.01989	0.02059	0.03062	0.01936	0.05454	0.54588	0.01179	0.14853	0.00880	0.00440	0.00792
10	0.01033	0.00757	0.00970	0.01140	0.01223	0.00695	0.00770	0.01190	0.01672	0.02190	0.05232	0.61078	0.13738	0.02596	0.01075	0.00338	0.00485	0.02333	0.00790	0.00695
11	0.01259	0.00975	0.01450	0.01426	0.01567	0.01167	0.01117	0.01555	0.01363	0.01980	0.02202	0.03244	0.02060	0.06056	0.62449	0.01301	0.06705	0.00901	0.00450	0.00771
12	0.03068	0.03537	0.02495	0.02286	0.05358	0.48491	0.01694	0.14023	0.02620	0.02713	0.01450	0.01671	0.01173	0.00932	0.00899	0.00236	0.05151	0.00608	0.00510	0.01084
13	0.22398	0.01839	0.02022	0.05584	0.02352	0.02168	0.01428	0.13759	0.16332	0.08144	0.02037	0.02170	0.01542	0.01068	0.01123	0.00289	0.13190	0.00731	0.00666	0.01158
14	0.01170	0.01005	0.01019	0.00991	0.01307	0.00925	0.00750	0.01709	0.10996	0.02485	0.07859	0.07449	0.55303	0.02007	0.00985	0.00288	0.00467	0.01673	0.00801	0.00811
15	0.03179	0.04056	0.02412	0.02192	0.02631	0.66676	0.01644	0.03398	0.02412	0.02083	0.01315	0.01535	0.01096	0.00877	0.00767	0.00219	0.01535	0.00548	0.00438	0.00987
16	0.02342	0.65709	0.04309	0.01510	0.02217	0.08024	0.01470	0.02611	0.01779	0.02008	0.01193	0.01378	0.01092	0.00739	0.00562	0.00185	0.00956	0.00462	0.00370	0.01084
17	0.01954	0.01707	0.02701	0.07338	0.38465	0.01795	0.02045	0.06298	0.01938	0.02819	0.01843	0.02407	0.01545	0.01665	0.10617	0.00417	0.03536	0.00785	0.08960	0.01167
18	0.03001	0.03246	0.02637	0.02676	0.13833	0.38042	0.01812	0.18784	0.02748	0.03078	0.01560	0.01773	0.01235	0.00894	0.00803	0.00235	0.01282	0.00644	0.00545	0.01174
19	0.02622	0.01913	0.02089	0.01675	0.02159	0.02102	0.01321	0.43395	0.03165	0.04251	0.02209	0.02958	0.01880	0.17466	0.06505	0.00470	0.01009	0.00886	0.00744	0.01180
20	0.01349	0.00954	0.01298	0.01461	0.01624	0.00954	0.01229	0.01676	0.01839	0.02397	0.04202	0.08928	0.04597	0.13632	0.01701	0.00464	0.00791	0.49427	0.00739	0.00739
21	0.02099	0.02063	0.02991	0.03627	0.33042	0.06297	0.08842	0.03095	0.18237	0.02903	0.02541	0.02765	0.05715	0.00956	0.00873	0.00266	0.00968	0.00893	0.00565	0.01260
22	0.01586	0.00793	0.00793	0.00793	0.00991	0.00793	0.00595	0.01983	0.01785	0.03173	0.02776	0.03173	0.02181	0.00991	0.00595	0.00198	0.00397	0.00793	0.74817	0.00793
23	0.06570	0.01781	0.02170	0.03897	0.02424	0.01810	0.04859	0.20359	0.09498	0.10530	0.02282	0.05258	0.01790	0.01335	0.05044	0.00310	0.00902	0.00820	0.00712	0.17650
24	0.01586	0.00793	0.00793	0.00793	0.00991	0.00793	0.00595	0.01983	0.01785	0.03173	0.02776	0.03173	0.02181	0.00991	0.00595	0.00198	0.00397	0.00793	0.74817	0.00793
25	0.04511	0.00859	0.01116	0.01093	0.01174	0.00879	0.00752	0.03919	0.01372	0.02017	0.01891	0.05739	0.01839	0.06820	0.02693	0.50472	0.00691	0.00843	0.10801	0.00521
26	0.14960	0.05377	0.02000	0.01636	0.04007	0.01396	0.10262	0.01925	0.01853	0.02829	0.14538	0.14852	0.12006	0.01667	0.03504	0.00318	0.00761	0.01284	0.00651	0.04173
27	0.02585	0.35577	0.10629	0.01854	0.02540	0.25007	0.01725	0.06769	0.02122	0.02331	0.01325	0.01518	0.01115	0.00808	0.00673	0.00210	0.01167	0.00528	0.00421	0.01098
28	0.24630	0.28434	0.18862	0.01604	0.02400	0.02436	0.01709	0.02674	0.01707	0.06806	0.01411	0.01578	0.01102	0.00788	0.00627	0.00234	0.00910	0.00527	0.00457	0.01105
29	0.02375	0.07025	0.03270	0.04248	0.45740	0.17633	0.02303	0.02796	0.02038	0.02562	0.01505	0.01920	0.01271	0.00785	0.00805	0.00240	0.01130	0.00688	0.00422	0.01244
30	0.02648	0.02721	0.02587	0.02866	0.19956	0.24879	0.01818	0.15217	0.08407	0.03111	0.02222	0.02386	0.05459	0.00982	0.00831	0.00247	0.01111	0.00772	0.00582	0.01200
31	0.01973	0.09440	0.01825	0.01365	0.01713	0.12115	0.01073	0.02304	0.02284	0.10732	0.35030	0.08707	0.05179	0.01455	0.00899	0.00254	0.00695	0.01222	0.00793	0.00940
32	0.01780	0.25041	0.21589	0.01872	0.06566	0.02145	0.01834	0.02408	0.05864	0.02434	0.03249	0.03301	0.16413	0.01125	0.00775	0.00245	0.00890	0.00882	0.00502	0.01086
33	0.02023	0.02086	0.02524	0.02915	0.22061	0.14348	0.06902	0.02606	0.08627	0.02576	0.02769	0.15631	0.05958	0.01270	0.00894	0.00268	0.00965	0.01136	0.00570	0.03872

[dist]
# distance from previous block
# <min> <max>
34	91

[block]
# block no. 3 follows, 21 sequences, length 33
# corresponding to MSA columns:
# 263-295
name=unknown_D
#
# <colnr> <probs for GDERKNQSTAVLIFYWHMCP>
#	G	D	E	R	K	N	Q	S	T	A	V	L	I	F	Y	W	H	M	C	P
0	0.02815	0.03240	0.02577	0.02764	0.15798	0.40982	0.01810	0.06565	0.10365	0.02603	0.01697	0.01899	0.01366	0.00896	0.00801	0.00237	0.01278	0.00659	0.00513	0.01136
1	0.01459	0.01370	0.01580	0.01353	0.01738	0.05110	0.06549	0.05823	0.02083	0.02549	0.06434	0.06248	0.44759	0.01770	0.01045	0.00278	0.03716	0.01472	0.00709	0.03957
2	0.01574	0.01352	0.01298	0.01170	0.01545	0.04716	0.00906	0.12381	0.05085	0.02893	0.06812	0.06500	0.46917	0.01837	0.00959	0.00278	0.00593	0.01506	0.00785	0.00892
3	0.01235	0.00835	0.00976	0.00976	0.00993	0.00851	0.00576	0.01268	0.01252	0.01686	0.02637	0.05325	0.02988	0.63114	0.11165	0.00884	0.00984	0.01202	0.00509	0.00542
4	0.02416	0.01669	0.01852	0.01543	0.01999	0.01772	0.01206	0.26862	0.11292	0.10428	0.06297	0.08245	0.08453	0.10412	0.01351	0.00346	0.00758	0.01115	0.00825	0.01158
5	0.02959	0.20522	0.02939	0.01983	0.02520	0.43999	0.01594	0.09442	0.02411	0.02413	0.01360	0.01547	0.01133	0.00855	0.00721	0.00214	0.01315	0.00548	0.00464	0.01062
6	0.07523	0.03268	0.02614	0.02881	0.18415	0.41611	0.01843	0.07241	0.02341	0.02600	0.01431	0.01706	0.01174	0.00851	0.00777	0.00233	0.01304	0.00611	0.00469	0.01107
7	0.14785	0.02430	0.23887	0.02384	0.13698	0.01631	0.02037	0.02278	0.01757	0.02806	0.02394	0.13548	0.02349	0.01304	0.00860	0.00294	0.00921	0.09050	0.00527	0.01059
8	0.13211	0.03296	0.02400	0.02418	0.10635	0.43133	0.01668	0.08697	0.02365	0.02726	0.01403	0.01636	0.01138	0.00863	0.00752	0.00233	0.01287	0.00584	0.00487	0.01068
9	0.10573	0.33283	0.03206	0.01737	0.02328	0.27877	0.01482	0.06340	0.02098	0.02424	0.01285	0.01473	0.01096	0.00810	0.00648	0.00210	0.01128	0.00510	0.00439	0.01053
10	0.01667	0.18958	0.14822	0.01920	0.06522	0.01966	0.01699	0.02059	0.01635	0.02233	0.02257	0.18107	0.02333	0.02058	0.09914	0.00425	0.08885	0.01074	0.00482	0.00983
11	0.02681	0.09645	0.02418	0.01792	0.02307	0.13885	0.01439	0.32843	0.02996	0.03772	0.02351	0.15417	0.02185	0.01294	0.00851	0.00259	0.00953	0.01025	0.00712	0.01174
12	0.15921	0.41066	0.05596	0.01573	0.02237	0.12373	0.01457	0.06830	0.01940	0.02605	0.01275	0.01456	0.01086	0.00785	0.00606	0.00211	0.00971	0.00498	0.00439	0.01076
13	0.08608	0.11628	0.07195	0.02179	0.02927	0.02539	0.13686	0.33547	0.02951	0.04089	0.01761	0.01934	0.01303	0.00889	0.00812	0.00253	0.01031	0.00739	0.00644	0.01285
14	0.02420	0.11726	0.09890	0.05637	0.27978	0.14007	0.02193	0.11012	0.02260	0.02881	0.01545	0.01869	0.01246	0.00821	0.00788	0.00241	0.01113	0.00667	0.00469	0.01239
15	0.01976	0.14829	0.14902	0.05796	0.21488	0.02234	0.18458	0.02573	0.01886	0.02567	0.01829	0.02224	0.03809	0.00811	0.00834	0.00255	0.01132	0.00790	0.00416	0.01191
16	0.01876	0.02369	0.20430	0.01962	0.02589	0.01702	0.09557	0.14895	0.02145	0.02959	0.02354	0.11798	0.02261	0.17289	0.01704	0.00409	0.01009	0.01088	0.00568	0.01035
17	0.07263	0.02140	0.02022	0.02067	0.08605	0.19633	0.01421	0.02303	0.01728	0.02265	0.01861	0.07224	0.01858	0.13628	0.01891	0.00379	0.16942	0.00880	0.04999	0.00890
18	0.02176	0.02846	0.16201	0.09131	0.36067	0.13673	0.02528	0.02736	0.01975	0.02588	0.01527	0.01951	0.01229	0.00798	0.00822	0.00253	0.01167	0.00693	0.00408	0.01232
19	0.02714	0.02028	0.02158	0.01702	0.02291	0.02190	0.01390	0.47747	0.03519	0.04647	0.03581	0.03480	0.16176	0.01287	0.00887	0.00263	0.00818	0.01007	0.00837	0.01277
20	0.15372	0.01541	0.01765	0.01478	0.01953	0.01638	0.01195	0.17839	0.02346	0.14754	0.06508	0.02725	0.02110	0.02484	0.18783	0.00557	0.01166	0.00811	0.00714	0.04261
21	0.02223	0.02370	0.02785	0.02565	0.09241	0.17932	0.09939	0.05961	0.01922	0.02437	0.01521	0.02068	0.01317	0.01739	0.10026	0.00425	0.20676	0.00748	0.00445	0.03661
22	0.05115	0.01853	0.02025	0.01662	0.02163	0.02018	0.01330	0.37834	0.07494	0.04457	0.13608	0.10817	0.03183	0.01345	0.00896	0.00271	0.00760	0.01102	0.00849	0.01217
23	0.10465	0.01943	0.05174	0.11076	0.30213	0.01961	0.02039	0.13109	0.02188	0.03223	0.01950	0.09225	0.01739	0.01026	0.00834	0.00269	0.00927	0.00898	0.00543	0.01196
24	0.11191	0.01326	0.01611	0.01486	0.01635	0.01603	0.01169	0.01702	0.01533	0.02341	0.03701	0.15782	0.17540	0.05776	0.01840	0.00359	0.26721	0.01296	0.00579	0.00810
25	0.01855	0.01672	0.06346	0.01612	0.02176	0.01419	0.06900	0.08694	0.08822	0.06907	0.03799	0.12819	0.14839	0.01369	0.00881	0.00255	0.00734	0.01188	0.00696	0.17017
26	0.04368	0.02016	0.06553	0.03777	0.39904	0.01845	0.02155	0.02462	0.01828	0.02756	0.01528	0.01967	0.01282	0.00783	0.00916	0.00232	0.05623	0.00680	0.00437	0.18886
27	0.04853	0.01723	0.01767	0.18974	0.04760	0.14352	0.01413	0.02041	0.01947	0.02400	0.10015	0.15388	0.14077	0.01500	0.00906	0.00279	0.00873	0.01265	0.00604	0.00865
28	0.22520	0.07212	0.21346	0.08879	0.02900	0.13634	0.01906	0.02628	0.01840	0.02845	0.05743	0.01975	0.01529	0.00880	0.00725	0.00255	0.01047	0.00634	0.00462	0.01040
29	0.01520	0.01294	0.01792	0.02244	0.19564	0.01239	0.01317	0.05572	0.02203	0.02948	0.22042	0.05531	0.26271	0.01564	0.00948	0.00270	0.00621	0.01360	0.00730	0.00970
30	0.02131	0.02019	0.01901	0.01967	0.08654	0.16687	0.01344	0.08267	0.11154	0.05208	0.07757	0.15416	0.11010	0.01475	0.00906	0.00273	0.00855	0.01233	0.00705	0.01038
31	0.01864	0.01757	0.02695	0.07900	0.40192	0.04411	0.02043	0.02296	0.01944	0.02697	0.08700	0.11653	0.02613	0.01126	0.00880	0.00262	0.00889	0.01046	0.00528	0.04504
32	0.05061	0.02221	0.02365	0.11750	0.04910	0.13663	0.05741	0.18457	0.09045	0.03411	0.01988	0.02231	0.01512	0.00927	0.00796	0.00247	0.00993	0.00745	0.09828	0.04108

[dist]
# distance from previous block
# <min> <max>
4	36

[block]
# block no. 4 follows, 21 sequences, length 8
# corresponding to MSA columns:
# 332-339
name=unknown_E
#
# <colnr> <probs for GDERKNQSTAVLIFYWHMCP>
#	G	D	E	R	K	N	Q	S	T	A	V	L	I	F	Y	W	H	M	C	P
0	0.07135	0.02175	0.14048	0.01614	0.02246	0.05671	0.01521	0.12349	0.02420	0.16731	0.11899	0.03688	0.12417	0.01244	0.00864	0.00265	0.00817	0.00998	0.00755	0.01141
1	0.01957	0.08182	0.41393	0.02937	0.15187	0.02057	0.07538	0.02748	0.01870	0.05966	0.01630	0.01924	0.01202	0.00799	0.00815	0.00261	0.01173	0.00684	0.00414	0.01265
2	0.01970	0.01932	0.05799	0.01555	0.01925	0.12056	0.01266	0.14200	0.02227	0.02821	0.06741	0.03979	0.08438	0.14297	0.14190	0.00574	0.01206	0.03286	0.00614	0.00927
3	0.01526	0.00947	0.01188	0.01135	0.01375	0.00845	0.00818	0.01765	0.01923	0.11036	0.18748	0.24974	0.12428	0.10605	0.01407	0.00355	0.00547	0.01637	0.00806	0.05938
4	0.02100	0.07951	0.03076	0.20788	0.29156	0.10474	0.02243	0.02531	0.01850	0.02385	0.01453	0.01986	0.01213	0.00874	0.01021	0.00264	0.08401	0.00704	0.00402	0.01128
5	0.07830	0.03041	0.31150	0.08644	0.21285	0.01995	0.08851	0.02616	0.01823	0.02770	0.01540	0.01943	0.01170	0.00787	0.00819	0.00267	0.01147	0.00702	0.00399	0.01219
6	0.01852	0.02390	0.17341	0.02375	0.12532	0.06026	0.01921	0.05966	0.06063	0.02931	0.15645	0.03340	0.06846	0.01215	0.01125	0.00278	0.09504	0.00961	0.00591	0.01097
7	0.14329	0.02631	0.20294	0.06547	0.24258	0.02007	0.12675	0.02615	0.01818	0.02892	0.01528	0.01941	0.01183	0.00775	0.00809	0.00267	0.01099	0.00716	0.00421	0.01198

[dist]
# distance from previous block
# <min> <max>
28	88

[block]
# block no. 5 follows, 21 sequences, length 13
# corresponding to MSA columns:
# 457-469
name=unknown_F
#
# <colnr> <probs for GDERKNQSTAVLIFYWHMCP>
#	G	D	E	R	K	N	Q	S	T	A	V	L	I	F	Y	W	H	M	C	P
0	0.15060	0.07219	0.21947	0.02206	0.11318	0.06361	0.01906	0.02349	0.01777	0.02708	0.02431	0.12762	0.06253	0.01183	0.00799	0.00270	0.00934	0.00962	0.00502	0.01054
1	0.02021	0.17947	0.15104	0.02259	0.12778	0.01958	0.01844	0.02488	0.01760	0.09923	0.01895	0.02322	0.01550	0.02397	0.19517	0.00558	0.01362	0.00718	0.00482	0.01116
2	0.02691	0.02854	0.18266	0.02222	0.07136	0.10058	0.01973	0.19934	0.08029	0.12403	0.02084	0.02133	0.01492	0.00932	0.00823	0.00253	0.01031	0.00724	0.00663	0.04299
3	0.01346	0.01086	0.01371	0.01585	0.09164	0.01028	0.01006	0.05804	0.02036	0.02651	0.12792	0.20943	0.28399	0.05461	0.01164	0.00320	0.00571	0.01679	0.00752	0.00842
4	0.02321	0.21415	0.03752	0.03468	0.29534	0.13246	0.09449	0.02740	0.01968	0.02441	0.01452	0.01828	0.01228	0.00765	0.00768	0.00232	0.01123	0.00669	0.00409	0.01192
5	0.02095	0.01974	0.11662	0.01540	0.02131	0.05777	0.01406	0.06798	0.03966	0.12232	0.10045	0.03169	0.06031	0.01603	0.07375	0.00345	0.00936	0.00872	0.05879	0.14164
6	0.21795	0.01817	0.09224	0.01597	0.04315	0.01646	0.01360	0.12229	0.02091	0.06268	0.09380	0.02674	0.02226	0.01855	0.10237	0.03580	0.00980	0.00787	0.04920	0.01022
7	0.11012	0.02354	0.10142	0.02757	0.21214	0.10156	0.01856	0.02936	0.14488	0.02908	0.02722	0.02850	0.08996	0.01031	0.00815	0.00263	0.00928	0.00845	0.00564	0.01164
8	0.02301	0.11569	0.29890	0.02444	0.10996	0.05416	0.02307	0.09056	0.02171	0.10476	0.04229	0.02108	0.01552	0.00884	0.00796	0.00252	0.01065	0.00698	0.00530	0.01260
9	0.13534	0.06384	0.41600	0.01932	0.02873	0.01826	0.02306	0.02453	0.01819	0.02910	0.09399	0.02576	0.05002	0.00981	0.00785	0.00265	0.01002	0.00761	0.00477	0.01115
10	0.16589	0.01850	0.02640	0.09125	0.14572	0.01981	0.11026	0.13156	0.02174	0.03287	0.02486	0.02767	0.09329	0.01030	0.00925	0.00274	0.04245	0.00872	0.00562	0.01110
11	0.07092	0.09160	0.02631	0.02131	0.06799	0.19732	0.08706	0.10996	0.02278	0.02807	0.02679	0.02884	0.11156	0.01446	0.05562	0.00327	0.01163	0.00856	0.00550	0.01045
12	0.02288	0.21662	0.10786	0.02337	0.10481	0.07222	0.01909	0.12451	0.02098	0.02762	0.01466	0.01815	0.01231	0.01184	0.03899	0.00303	0.13842	0.00648	0.00463	0.01152

[dist]
# distance from previous block
# <min> <max>
0	1

[block]
# block no. 6 follows, 21 sequences, length 31
# corresponding to MSA columns:
# 471-501
name=unknown_G
#
# <colnr> <probs for GDERKNQSTAVLIFYWHMCP>
#	G	D	E	R	K	N	Q	S	T	A	V	L	I	F	Y	W	H	M	C	P
0	0.06436	0.17153	0.03193	0.18855	0.25117	0.10775	0.02074	0.02590	0.01869	0.02433	0.01427	0.01866	0.01183	0.00791	0.00752	0.00241	0.01067	0.00647	0.00407	0.01123
1	0.16403	0.17370	0.19651	0.01999	0.02743	0.07212	0.09285	0.02577	0.01790	0.02719	0.04993	0.01934	0.01483	0.00882	0.00866	0.00255	0.05664	0.00660	0.00442	0.01074
2	0.18197	0.13999	0.16394	0.02047	0.06608	0.06007	0.01857	0.02456	0.01625	0.02616	0.01349	0.01749	0.01139	0.01278	0.05201	0.00339	0.15068	0.00608	0.00414	0.01048
3	0.01469	0.01190	0.01395	0.01446	0.05988	0.01197	0.00956	0.02192	0.16076	0.02640	0.13360	0.05321	0.17748	0.19980	0.01840	0.00420	0.00640	0.01281	0.00717	0.04144
4	0.12179	0.01560	0.09920	0.01415	0.03867	0.01189	0.01200	0.02118	0.01871	0.12354	0.07900	0.13142	0.20407	0.05831	0.01100	0.00317	0.00670	0.01303	0.00715	0.00942
5	0.01767	0.01476	0.01346	0.01238	0.01388	0.10188	0.00816	0.09465	0.01761	0.02195	0.02409	0.04549	0.02602	0.51480	0.03383	0.00667	0.00938	0.01080	0.00549	0.00703
6	0.02635	0.01974	0.02099	0.01663	0.02238	0.02122	0.01356	0.45600	0.03446	0.04538	0.03814	0.03698	0.18403	0.01327	0.00893	0.00264	0.00800	0.01043	0.00835	0.01251
7	0.01423	0.19639	0.01948	0.01197	0.01550	0.01476	0.01015	0.01684	0.01866	0.02298	0.08108	0.15065	0.26331	0.01855	0.00922	0.00284	0.00627	0.11201	0.00682	0.00830
8	0.02054	0.02335	0.11633	0.04856	0.56754	0.02016	0.02682	0.02623	0.01919	0.02769	0.01591	0.02066	0.01313	0.00765	0.00838	0.00255	0.01043	0.00741	0.00413	0.01336
9	0.02106	0.52006	0.03892	0.14812	0.02911	0.02918	0.01608	0.02445	0.01726	0.02089	0.01272	0.01574	0.01112	0.00746	0.00613	0.00199	0.00936	0.00519	0.00376	0.06139
10	0.02581	0.01494	0.02544	0.02003	0.02556	0.01355	0.17427	0.02979	0.02117	0.31052	0.03275	0.17705	0.02819	0.01391	0.00965	0.00295	0.00868	0.04598	0.00812	0.01163
11	0.01860	0.22222	0.49203	0.02165	0.03280	0.02351	0.02690	0.02656	0.01779	0.02509	0.01435	0.01681	0.01082	0.00787	0.00738	0.00246	0.01164	0.00582	0.00361	0.01213
12	0.01750	0.09471	0.60995	0.02351	0.03568	0.02083	0.03015	0.02684	0.01792	0.02642	0.01501	0.01764	0.01079	0.00802	0.00788	0.00263	0.01231	0.00616	0.00360	0.01245
13	0.01006	0.00862	0.00862	0.00862	0.01149	0.00718	0.00647	0.01221	0.01940	0.02299	0.08621	0.08190	0.64438	0.02155	0.01006	0.00287	0.00431	0.01796	0.00790	0.00718
14	0.03232	0.02466	0.02547	0.01970	0.02639	0.05782	0.01619	0.59072	0.03923	0.05202	0.02007	0.02018	0.01430	0.01014	0.00847	0.00254	0.00966	0.00755	0.00831	0.01425
15	0.02591	0.07478	0.02492	0.04975	0.02551	0.40085	0.01653	0.02816	0.02022	0.02080	0.01513	0.06542	0.01430	0.01138	0.01251	0.00264	0.16989	0.00732	0.00441	0.00957
16	0.01238	0.00825	0.00928	0.00928	0.00928	0.00825	0.00516	0.01238	0.01238	0.01650	0.02681	0.05569	0.03094	0.70092	0.04331	0.00825	0.00825	0.01238	0.00516	0.00516
17	0.01028	0.00773	0.00954	0.01098	0.01211	0.00699	0.00751	0.01195	0.01713	0.02206	0.05748	0.53023	0.21459	0.02529	0.01065	0.00330	0.00477	0.02252	0.00790	0.00699
18	0.01965	0.02000	0.03769	0.18436	0.32165	0.02036	0.21872	0.02553	0.01909	0.02630	0.01621	0.02204	0.01283	0.00765	0.00897	0.00271	0.01177	0.00838	0.00415	0.01194
19	0.02281	0.13283	0.06436	0.01828	0.02324	0.19362	0.01585	0.07195	0.12479	0.02719	0.02580	0.04008	0.02395	0.01303	0.00867	0.00277	0.01028	0.16373	0.00616	0.01060
20	0.07139	0.39462	0.20458	0.01791	0.02611	0.11216	0.01900	0.02696	0.01818	0.02320	0.01293	0.01505	0.01078	0.00773	0.00644	0.00216	0.01069	0.00514	0.00383	0.01111
21	0.01364	0.04426	0.18636	0.01496	0.01952	0.01299	0.01467	0.01775	0.01544	0.02144	0.02955	0.03963	0.10201	0.17656	0.24613	0.00771	0.01401	0.01004	0.00483	0.00849
22	0.02029	0.02191	0.01777	0.06522	0.02274	0.27291	0.01407	0.02303	0.02039	0.02240	0.03058	0.20861	0.03286	0.01731	0.00966	0.00303	0.01037	0.17213	0.00618	0.00853
23	0.02293	0.02596	0.02052	0.02154	0.10309	0.32192	0.01454	0.05125	0.02206	0.02368	0.03431	0.03573	0.18280	0.01667	0.06293	0.00338	0.01204	0.00951	0.00550	0.00963
24	0.02472	0.02716	0.03098	0.04189	0.43566	0.24094	0.02281	0.02880	0.02100	0.02542	0.01503	0.01911	0.01262	0.00799	0.00817	0.00241	0.01190	0.00687	0.00427	0.01225
25	0.02245	0.15678	0.07443	0.06403	0.16267	0.15648	0.01897	0.02995	0.12275	0.02556	0.02004	0.02630	0.01718	0.00984	0.00799	0.00253	0.01050	0.05497	0.00512	0.01147
26	0.22335	0.01981	0.10330	0.02092	0.10233	0.01921	0.01635	0.02272	0.01543	0.02810	0.01518	0.02125	0.01324	0.05991	0.01499	0.00322	0.19044	0.00683	0.06584	0.03758
27	0.01807	0.01850	0.07104	0.03449	0.35086	0.01648	0.02027	0.02405	0.05845	0.02726	0.03061	0.03951	0.10610	0.01180	0.00893	0.00271	0.00871	0.08502	0.00549	0.06163
28	0.20331	0.02467	0.01843	0.01826	0.06518	0.27596	0.01300	0.04546	0.02116	0.02810	0.07761	0.03072	0.12299	0.01138	0.00777	0.00249	0.00985	0.00841	0.00573	0.00952
29	0.20243	0.25621	0.03003	0.02148	0.12669	0.10974	0.01552	0.07624	0.02000	0.05155	0.01421	0.01628	0.01161	0.00804	0.00657	0.00227	0.00944	0.00560	0.00488	0.01123
30	0.02530	0.02871	0.01993	0.01848	0.02216	0.39312	0.01393	0.07654	0.04542	0.02448	0.02647	0.11794	0.06365	0.03733	0.00987	0.00278	0.01168	0.04685	0.00583	0.00951

[dist]
# distance from previous block
# <min> <max>
0	11

[block]
# block no. 7 follows, 21 sequences, length 98
# corresponding to MSA columns:
# 513-610
name=unknown_H
#
# <colnr> <probs for GDERKNQSTAVLIFYWHMCP>
#	G	D	E	R	K	N	Q	S	T	A	V	L	I	F	Y	W	H	M	C	P
0	0.10469	0.05950	0.02149	0.02266	0.14529	0.18986	0.01443	0.02378	0.01910	0.02518	0.04511	0.16456	0.02442	0.03896	0.00947	0.00274	0.00938	0.01034	0.00542	0.06362
1	0.01372	0.02071	0.21497	0.06385	0.02444	0.01267	0.01714	0.01898	0.01874	0.02482	0.04779	0.05777	0.25623	0.01616	0.00951	0.00296	0.00820	0.12667	0.00612	0.03855
2	0.01892	0.02000	0.05137	0.01858	0.05547	0.14497	0.01461	0.02690	0.15227	0.02650	0.04019	0.05525	0.13344	0.01593	0.00960	0.00303	0.00889	0.18726	0.00690	0.00991
3	0.23189	0.02192	0.15735	0.15569	0.14324	0.01805	0.01965	0.02352	0.01719	0.02886	0.02243	0.02552	0.08273	0.00955	0.00764	0.00270	0.00921	0.00762	0.00472	0.01053
4	0.19640	0.01491	0.01515	0.01294	0.01730	0.01580	0.01033	0.19182	0.02539	0.03834	0.19249	0.04316	0.16569	0.01395	0.00846	0.00267	0.00624	0.01113	0.00783	0.00999
5	0.01634	0.05505	0.19918	0.26164	0.10837	0.01775	0.02250	0.02251	0.01860	0.02567	0.11202	0.06010	0.02409	0.01047	0.00859	0.00272	0.01001	0.00908	0.00482	0.01050
6	0.16479	0.07599	0.22124	0.05022	0.16180	0.02025	0.02144	0.06161	0.01951	0.10257	0.01693	0.01911	0.01249	0.00830	0.00752	0.00257	0.00979	0.00651	0.00514	0.01222
7	0.23923	0.16035	0.02562	0.06766	0.09199	0.16078	0.01510	0.02879	0.01896	0.09823	0.01528	0.01726	0.01190	0.00827	0.00678	0.00238	0.00978	0.00577	0.00512	0.01078
8	0.02089	0.03066	0.22213	0.03210	0.25269	0.15775	0.02346	0.02649	0.01996	0.02549	0.02312	0.02577	0.08359	0.00958	0.00834	0.00255	0.01134	0.00791	0.00448	0.01171
9	0.01433	0.05012	0.05429	0.02098	0.14313	0.01355	0.01422	0.01795	0.01648	0.02248	0.03408	0.03947	0.15268	0.03732	0.32152	0.00787	0.01497	0.01031	0.00511	0.00915
10	0.01578	0.01593	0.13006	0.01471	0.01903	0.01167	0.01372	0.02019	0.01823	0.09601	0.14964	0.04056	0.08949	0.03465	0.28305	0.00727	0.01378	0.01060	0.00631	0.00933
11	0.09637	0.02029	0.15658	0.21160	0.10331	0.01611	0.01944	0.02139	0.01820	0.02649	0.07478	0.03539	0.14349	0.01151	0.00848	0.00274	0.00901	0.00963	0.00519	0.01000
12	0.01853	0.03466	0.40096	0.03261	0.16987	0.02022	0.14799	0.02683	0.01870	0.02720	0.01582	0.01964	0.01179	0.00779	0.00855	0.00269	0.01240	0.00732	0.00387	0.01255
13	0.02155	0.21287	0.35238	0.02236	0.05391	0.14958	0.02397	0.02791	0.01905	0.02400	0.01400	0.01646	0.01095	0.00799	0.00734	0.00237	0.01213	0.00573	0.00378	0.01166
14	0.01790	0.14097	0.56717	0.02284	0.03464	0.02180	0.02897	0.02674	0.01787	0.02594	0.01477	0.01733	0.01080	0.00797	0.00770	0.00257	0.01207	0.00603	0.00360	0.01233
15	0.02075	0.02043	0.03230	0.16585	0.50461	0.05645	0.02512	0.02576	0.01921	0.02630	0.01568	0.02104	0.01295	0.00782	0.00840	0.00257	0.01063	0.00746	0.00414	0.01254
16	0.02078	0.01993	0.03403	0.08768	0.61460	0.02015	0.02598	0.02587	0.01924	0.02746	0.01596	0.02115	0.01336	0.00763	0.00843	0.00254	0.01018	0.00758	0.00419	0.01325
17	0.02085	0.02000	0.03416	0.07874	0.62298	0.02016	0.02601	0.02593	0.01928	0.02755	0.01597	0.02113	0.01339	0.00762	0.00843	0.00254	0.01016	0.00758	0.00419	0.01331
18	0.02106	0.02022	0.03454	0.05223	0.64784	0.02022	0.02612	0.02612	0.01938	0.02780	0.01601	0.02106	0.01348	0.00758	0.00842	0.00253	0.01011	0.00758	0.00421	0.01348
19	0.02130	0.01878	0.03166	0.17583	0.48396	0.01940	0.02463	0.02635	0.01926	0.07201	0.01710	0.02196	0.01360	0.00798	0.00845	0.00260	0.01015	0.00765	0.00458	0.01274
20	0.01212	0.00829	0.00921	0.00921	0.00952	0.00813	0.00530	0.01236	0.01314	0.01721	0.03327	0.05854	0.09766	0.62703	0.03970	0.00767	0.00782	0.01298	0.00546	0.00538
21	0.01423	0.01174	0.01358	0.01432	0.01675	0.04603	0.01183	0.01900	0.06340	0.02458	0.04816	0.07474	0.16932	0.02732	0.10693	0.00495	0.00960	0.30809	0.00724	0.00818
22	0.02030	0.01945	0.03317	0.14758	0.55841	0.02002	0.02574	0.02545	0.01902	0.02688	0.01587	0.02131	0.01316	0.00772	0.00844	0.00257	0.01030	0.00758	0.00415	0.01287
23	0.01679	0.01851	0.01342	0.01274	0.01608	0.21150	0.00956	0.01896	0.02086	0.02232	0.06358	0.06128	0.44817	0.01759	0.00932	0.00266	0.00773	0.01409	0.00681	0.00801
24	0.01298	0.00945	0.01269	0.01391	0.01598	0.00916	0.01178	0.01673	0.02047	0.02694	0.16980	0.08794	0.12003	0.02207	0.01122	0.00355	0.00668	0.41267	0.00815	0.00780
25	0.02897	0.07372	0.02752	0.02803	0.15982	0.49189	0.01842	0.03181	0.02271	0.02228	0.01369	0.01648	0.01150	0.00843	0.00771	0.00224	0.01387	0.00588	0.00431	0.01070
26	0.01821	0.17709	0.53376	0.02231	0.03382	0.02256	0.02805	0.02666	0.01783	0.02556	0.01458	0.01710	0.01081	0.00792	0.00756	0.00252	0.01188	0.00594	0.00360	0.01224
27	0.03185	0.03874	0.02427	0.02167	0.02632	0.59711	0.01641	0.09766	0.02585	0.02440	0.01395	0.01590	0.01134	0.00893	0.00776	0.00223	0.01470	0.00572	0.00483	0.01037
28	0.01308	0.01125	0.01151	0.01099	0.01439	0.01099	0.00837	0.02120	0.18640	0.02642	0.07216	0.06824	0.47593	0.01883	0.00968	0.00288	0.00497	0.01569	0.00811	0.00890
29	0.01765	0.01513	0.01765	0.01260	0.02017	0.01134	0.01008	0.02143	0.01765	0.02773	0.01513	0.01765	0.01260	0.00630	0.00630	0.00126	0.00630	0.00504	0.00504	0.75295
30	0.01087	0.00777	0.01042	0.01220	0.01297	0.00732	0.00857	0.01281	0.01723	0.02305	0.08998	0.58160	0.05720	0.02563	0.01090	0.00345	0.00520	0.08773	0.00800	0.00710
31	0.02310	0.01785	0.01930	0.01707	0.02208	0.02019	0.01336	0.04480	0.56355	0.10564	0.03452	0.03144	0.02542	0.01143	0.00865	0.00286	0.00679	0.00950	0.00887	0.01358
32	0.01189	0.00891	0.01152	0.01118	0.01295	0.00854	0.00832	0.01525	0.02200	0.03064	0.47499	0.16012	0.12464	0.01909	0.01092	0.00286	0.03293	0.01664	0.00877	0.00784
33	0.01237	0.01122	0.01763	0.01542	0.01871	0.01013	0.12999	0.01544	0.01865	0.02362	0.05873	0.24739	0.31500	0.02024	0.01038	0.00310	0.00671	0.05010	0.00717	0.00801
34	0.01037	0.00741	0.00987	0.01185	0.01234	0.00691	0.00790	0.01185	0.01629	0.02172	0.04690	0.69537	0.05629	0.02666	0.01086	0.00346	0.00494	0.02419	0.00790	0.00691
35	0.03389	0.02137	0.02401	0.01841	0.02516	0.02272	0.01521	0.46682	0.03588	0.21211	0.02390	0.02269	0.01621	0.01030	0.00853	0.00257	0.00880	0.00790	0.00905	0.01448
