[name]
unknown

[dist]
# distance from previous block
# <min> <max>
5	14

[block]
# block no. 0 follows, 22 sequences, length 41
# corresponding to MSA columns:
# 14-54
name=unknown_A
#
# <colnr> <probs for GDERKNQSTAVLIFYWHMCP>
#	G	D	E	R	K	N	Q	S	T	A	V	L	I	F	Y	W	H	M	C	P
0	0.26856	0.01606	0.05078	0.01345	0.01824	0.01604	0.01131	0.02918	0.19382	0.08830	0.15191	0.03245	0.05520	0.01136	0.00764	0.00266	0.00625	0.00896	0.00734	0.01048
1	0.01662	0.01907	0.12695	0.02576	0.21530	0.01444	0.01743	0.04619	0.01831	0.02602	0.02655	0.15686	0.06475	0.04906	0.01019	0.00278	0.00814	0.01083	0.00532	0.13944
2	0.01355	0.00943	0.01038	0.00987	0.01075	0.00950	0.00611	0.06611	0.01517	0.01995	0.03172	0.05404	0.09423	0.57464	0.03589	0.00701	0.00775	0.01225	0.00560	0.00604
3	0.01149	0.00781	0.00924	0.00982	0.00996	0.00766	0.00584	0.01193	0.01324	0.01765	0.03210	0.25006	0.03767	0.50215	0.03272	0.00664	0.00708	0.01556	0.00584	0.00555
4	0.01755	0.01490	0.01763	0.01841	0.08524	0.01628	0.01265	0.03246	0.37493	0.03200	0.15656	0.09581	0.06285	0.01366	0.00893	0.00279	0.00615	0.01185	0.00804	0.01130
5	0.01402	0.00804	0.00916	0.00916	0.01059	0.00834	0.00656	0.01688	0.01545	0.02542	0.02592	0.03633	0.02310	0.17033	0.14864	0.00555	0.00848	0.00891	0.44201	0.00710
6	0.02580	0.01404	0.01811	0.04239	0.02073	0.01434	0.01240	0.06325	0.06313	0.31869	0.03848	0.03709	0.14645	0.01540	0.04230	0.00328	0.09445	0.01007	0.00814	0.01148
7	0.02221	0.71304	0.04353	0.01421	0.02132	0.03287	0.01421	0.02488	0.01688	0.01955	0.01155	0.01333	0.01066	0.00711	0.00533	0.00178	0.00888	0.00444	0.00355	0.01066
8	0.00982	0.00842	0.00842	0.00842	0.01122	0.00701	0.00631	0.01192	0.01894	0.02244	0.08416	0.07995	0.65285	0.02104	0.00982	0.00281	0.00421	0.01753	0.00771	0.00701
9	0.06572	0.02568	0.02797	0.08404	0.24977	0.21124	0.04602	0.13671	0.02350	0.02979	0.01536	0.01865	0.01220	0.00828	0.00793	0.00242	0.01131	0.00676	0.00495	0.01169
10	0.02030	0.02131	0.07632	0.04915	0.61437	0.01971	0.02585	0.02555	0.01882	0.02708	0.01558	0.02036	0.01298	0.00744	0.00820	0.00248	0.01003	0.00732	0.00407	0.01310
11	0.02043	0.02032	0.03212	0.04271	0.46576	0.04792	0.04834	0.02465	0.01778	0.02527	0.01452	0.01988	0.01254	0.00900	0.01244	0.00272	0.16016	0.00739	0.00402	0.01204
12	0.01917	0.21455	0.25553	0.16672	0.10363	0.05945	0.02324	0.02513	0.01765	0.02315	0.01394	0.01758	0.01098	0.00775	0.00731	0.00239	0.01099	0.00604	0.00367	0.01114
13	0.01339	0.00956	0.01339	0.01530	0.01721	0.00956	0.01339	0.01721	0.01912	0.02486	0.04399	0.09371	0.04781	0.02295	0.01147	0.00382	0.00765	0.60031	0.00765	0.00765
14	0.01569	0.01477	0.02492	0.68808	0.05722	0.01846	0.02307	0.02123	0.01661	0.02123	0.01477	0.02215	0.01107	0.00831	0.00831	0.00277	0.01107	0.00738	0.00369	0.00923
15	0.01988	0.02377	0.14339	0.04625	0.54847	0.01966	0.02640	0.02564	0.01868	0.02700	0.01550	0.02004	0.01270	0.00749	0.00817	0.00250	0.01029	0.00718	0.00401	0.01301
16	0.00982	0.00842	0.00842	0.00842	0.01122	0.00701	0.00631	0.01192	0.01894	0.02244	0.08416	0.07995	0.65285	0.02104	0.00982	0.00281	0.00421	0.01753	0.00771	0.00701
17	0.00982	0.00842	0.00842	0.00842	0.01122	0.00701	0.00631	0.01192	0.01894	0.02244	0.08416	0.07995	0.65285	0.02104	0.00982	0.00281	0.00421	0.01753	0.00771	0.00701
18	0.01251	0.01008	0.01138	0.01126	0.01376	0.00990	0.00834	0.01919	0.14482	0.02711	0.19359	0.19982	0.26848	0.01923	0.00971	0.00289	0.00475	0.01663	0.00818	0.00838
19	0.01386	0.01046	0.01307	0.01389	0.01643	0.01041	0.01176	0.04870	0.05613	0.02624	0.05205	0.08292	0.19362	0.02114	0.01073	0.00345	0.00682	0.39243	0.00775	0.00814
20	0.02362	0.01822	0.01693	0.01442	0.01860	0.09776	0.01138	0.23763	0.09378	0.03758	0.02356	0.02513	0.01791	0.00982	0.00718	0.00225	0.00739	0.00754	0.31850	0.01081
21	0.02741	0.31631	0.03176	0.01845	0.02389	0.41097	0.01530	0.02976	0.02080	0.02001	0.01231	0.01430	0.01068	0.00796	0.00660	0.00199	0.01248	0.00498	0.00398	0.01005
22	0.01857	0.01770	0.03012	0.31157	0.41122	0.01921	0.02450	0.02375	0.01797	0.02472	0.01527	0.02121	0.01231	0.00777	0.00826	0.00259	0.01036	0.00739	0.00394	0.01155
23	0.01950	0.01866	0.03181	0.18929	0.52619	0.01946	0.02497	0.02457	0.01842	0.02586	0.01544	0.02091	0.01271	0.00760	0.00824	0.00253	0.01013	0.00740	0.00402	0.01231
24	0.02166	0.01989	0.02846	0.10745	0.39459	0.06358	0.02152	0.02996	0.13931	0.06121	0.01977	0.02277	0.01552	0.00847	0.00823	0.00255	0.00956	0.00770	0.00524	0.01256
25	0.01961	0.02241	0.04902	0.03501	0.04342	0.02101	0.62605	0.02661	0.01961	0.02661	0.01681	0.02241	0.01261	0.00700	0.00980	0.00280	0.01401	0.00980	0.00420	0.01120
26	0.01936	0.01852	0.03155	0.20771	0.50887	0.01942	0.02490	0.02445	0.01835	0.02569	0.01541	0.02095	0.01265	0.00762	0.00824	0.00254	0.01017	0.00740	0.00401	0.01219
27	0.01822	0.01877	0.06606	0.27109	0.37427	0.01869	0.02427	0.02358	0.01804	0.02489	0.01687	0.02503	0.01421	0.00862	0.00842	0.00266	0.01031	0.04046	0.00413	0.01142
28	0.01588	0.01297	0.04814	0.01401	0.01733	0.01190	0.01163	0.02403	0.16720	0.07530	0.11883	0.17178	0.11616	0.01800	0.00977	0.00308	0.00623	0.14027	0.00802	0.00948
29	0.01012	0.00723	0.00964	0.01157	0.01205	0.00675	0.00771	0.01157	0.01591	0.02121	0.04579	0.70262	0.05495	0.02603	0.01060	0.00337	0.00482	0.02362	0.00771	0.00675
30	0.01054	0.00808	0.00977	0.01094	0.01257	0.00731	0.00809	0.01263	0.01762	0.02229	0.06056	0.35824	0.28852	0.02356	0.01044	0.00322	0.00504	0.11585	0.00770	0.00700
31	0.01989	0.02375	0.14266	0.04628	0.54918	0.01966	0.02639	0.02564	0.01868	0.02700	0.01550	0.02004	0.01270	0.00749	0.00817	0.00250	0.01028	0.00718	0.00401	0.01301
32	0.02410	0.02183	0.03079	0.04080	0.45204	0.05928	0.02237	0.18630	0.02454	0.03345	0.01661	0.02007	0.01327	0.00815	0.00820	0.00246	0.00997	0.00730	0.00524	0.01321
33	0.01012	0.00723	0.00964	0.01157	0.01205	0.00675	0.00771	0.01157	0.01591	0.02121	0.04579	0.70262	0.05495	0.02603	0.01060	0.00337	0.00482	0.02362	0.00771	0.00675
34	0.02731	0.03284	0.02606	0.02819	0.16902	0.45777	0.01843	0.03005	0.02136	0.02185	0.01327	0.01659	0.01128	0.00892	0.00972	0.00237	0.08441	0.00602	0.00417	0.01038
35	0.01054	0.00865	0.00942	0.00980	0.01243	0.00753	0.00774	0.01299	0.01897	0.02293	0.07606	0.08272	0.53082	0.02142	0.01015	0.00301	0.00490	0.13507	0.00770	0.00714
36	0.02176	0.10674	0.02917	0.06213	0.19730	0.10858	0.01919	0.05856	0.06037	0.02475	0.01476	0.01898	0.01262	0.01012	0.01355	0.00273	0.21639	0.00687	0.00442	0.01102
37	0.01188	0.00797	0.00912	0.00932	0.00937	0.00792	0.00532	0.01203	0.01248	0.01664	0.02824	0.12249	0.03280	0.63637	0.03895	0.00756	0.00771	0.01329	0.00532	0.00521
38	0.17159	0.02248	0.01883	0.18089	0.02888	0.23814	0.01458	0.02541	0.04811	0.02500	0.02602	0.02811	0.11900	0.01055	0.00765	0.00253	0.01009	0.00791	0.00508	0.00913
39	0.01778	0.04749	0.12126	0.05123	0.02274	0.01618	0.01503	0.16958	0.02232	0.02976	0.03504	0.03973	0.16362	0.02389	0.15188	0.00497	0.01134	0.04004	0.00610	0.01001
40	0.02143	0.02995	0.23159	0.05827	0.22750	0.11757	0.02365	0.06945	0.08822	0.02815	0.01722	0.01992	0.01326	0.00836	0.00804	0.00252	0.01104	0.00691	0.00468	0.01225

[dist]
# distance from previous block
# <min> <max>
0	6

[block]
# block no. 1 follows, 22 sequences, length 28
# corresponding to MSA columns:
# 61-88
name=unknown_B
#
# <colnr> <probs for GDERKNQSTAVLIFYWHMCP>
#	G	D	E	R	K	N	Q	S	T	A	V	L	I	F	Y	W	H	M	C	P
0	0.01828	0.02418	0.16001	0.22087	0.14062	0.10088	0.02138	0.02504	0.06382	0.02432	0.02482	0.02791	0.09307	0.00992	0.00830	0.00262	0.01043	0.00829	0.00465	0.01059
1	0.25781	0.02241	0.14848	0.02289	0.15870	0.05171	0.01737	0.02585	0.01813	0.09214	0.05926	0.02393	0.04999	0.00927	0.00734	0.00255	0.00858	0.00723	0.00544	0.01091
2	0.02420	0.02875	0.07324	0.03326	0.27418	0.26668	0.04761	0.03066	0.09268	0.02537	0.01669	0.01954	0.01344	0.00830	0.00802	0.00241	0.01177	0.00688	0.00464	0.01168
3	0.05072	0.01946	0.02633	0.09498	0.32662	0.06009	0.01951	0.09794	0.07444	0.02949	0.02006	0.02451	0.03554	0.04584	0.00988	0.00277	0.00938	0.00782	0.00520	0.03941
4	0.01972	0.10181	0.10180	0.04112	0.47038	0.02055	0.02369	0.02476	0.01814	0.02562	0.01554	0.02024	0.01312	0.01128	0.05476	0.00317	0.01089	0.00703	0.00401	0.01237
5	0.02091	0.02109	0.03121	0.14989	0.49203	0.09037	0.02409	0.02564	0.01905	0.02546	0.01519	0.02021	0.01256	0.00767	0.00816	0.00248	0.01062	0.00718	0.00406	0.01215
6	0.01959	0.01133	0.01429	0.01277	0.01625	0.01088	0.00999	0.02603	0.11499	0.19412	0.30820	0.08509	0.07880	0.01539	0.00936	0.00275	0.00540	0.04552	0.00911	0.01015
7	0.01740	0.01594	0.02361	0.05718	0.30514	0.04944	0.03812	0.02106	0.01828	0.02479	0.09436	0.03987	0.02764	0.15021	0.01558	0.00375	0.00904	0.07341	0.00526	0.00991
8	0.01075	0.00819	0.00983	0.01079	0.01220	0.00763	0.00750	0.01357	0.04771	0.02285	0.09748	0.42874	0.21698	0.05105	0.01152	0.00333	0.00481	0.02019	0.00774	0.00714
9	0.02152	0.09634	0.02350	0.15014	0.02742	0.01959	0.01531	0.09974	0.02008	0.11233	0.04590	0.02539	0.04536	0.01087	0.01184	0.00263	0.15386	0.00781	0.05839	0.05200
10	0.01035	0.00844	0.00916	0.00898	0.01155	0.00724	0.00673	0.01296	0.02020	0.02545	0.24105	0.07500	0.49408	0.01992	0.00981	0.00275	0.00413	0.01684	0.00811	0.00724
11	0.02395	0.49728	0.03661	0.01605	0.02211	0.20005	0.01448	0.02650	0.01843	0.01974	0.01248	0.01483	0.01123	0.01055	0.04303	0.00251	0.01123	0.00493	0.00379	0.01021
12	0.02823	0.25346	0.02989	0.01912	0.02430	0.47087	0.01547	0.03054	0.02143	0.02008	0.01243	0.01446	0.01069	0.00810	0.00680	0.00202	0.01304	0.00506	0.00405	0.00996
13	0.01208	0.00805	0.00906	0.00906	0.00906	0.00805	0.00503	0.01208	0.01208	0.01611	0.02618	0.05436	0.03020	0.70804	0.04228	0.00805	0.00805	0.01208	0.00503	0.00503
14	0.01012	0.00723	0.00964	0.01157	0.01205	0.00675	0.00771	0.01157	0.01591	0.02121	0.04579	0.70262	0.05495	0.02603	0.01060	0.00337	0.00482	0.02362	0.00771	0.00675
15	0.01723	0.01477	0.01723	0.01230	0.01969	0.01107	0.00984	0.02092	0.01723	0.02707	0.01477	0.01723	0.01230	0.00615	0.00615	0.00123	0.00615	0.00492	0.00492	0.75883
16	0.01677	0.01393	0.01562	0.01666	0.08470	0.08668	0.01106	0.02000	0.02103	0.07287	0.28589	0.16171	0.07671	0.01553	0.00915	0.00259	0.00640	0.01354	0.00750	0.06167
17	0.52892	0.02051	0.08562	0.01405	0.02029	0.02023	0.01279	0.15328	0.01981	0.03930	0.01371	0.01531	0.01025	0.00821	0.00611	0.00256	0.00764	0.00531	0.00564	0.01044
18	0.01019	0.00787	0.00930	0.01014	0.01175	0.00698	0.00715	0.01219	0.01804	0.02312	0.13183	0.37144	0.30441	0.02292	0.01019	0.00305	0.00446	0.02011	0.00788	0.00698
19	0.03106	0.03882	0.02361	0.02129	0.02569	0.64383	0.01604	0.06149	0.02428	0.02185	0.01318	0.01522	0.01086	0.00863	0.00753	0.00216	0.01470	0.00545	0.00447	0.00984
20	0.17204	0.09349	0.02319	0.11216	0.02754	0.29872	0.01525	0.07260	0.06464	0.02703	0.01472	0.01702	0.01169	0.00851	0.00706	0.00235	0.01115	0.00582	0.00488	0.01012
21	0.01855	0.14872	0.49201	0.02375	0.07196	0.05604	0.02695	0.02639	0.01784	0.02496	0.01431	0.01692	0.01072	0.00777	0.00748	0.00246	0.01173	0.00590	0.00359	0.01193
22	0.01716	0.01596	0.05466	0.02344	0.13970	0.01453	0.08453	0.08603	0.02223	0.03061	0.18237	0.04906	0.06192	0.01393	0.00949	0.00282	0.00807	0.13979	0.00674	0.03697
23	0.01878	0.02072	0.11876	0.01836	0.06553	0.09073	0.01515	0.05727	0.11421	0.05998	0.15152	0.07723	0.10055	0.01360	0.00890	0.00270	0.00803	0.04063	0.00694	0.01039
24	0.01537	0.02345	0.20914	0.01873	0.06703	0.08450	0.04429	0.02011	0.01890	0.02382	0.04606	0.07801	0.28871	0.01442	0.00892	0.00269	0.00865	0.01206	0.00568	0.00947
25	0.04370	0.01934	0.14132	0.01696	0.05389	0.04634	0.01468	0.05128	0.04465	0.13483	0.07189	0.16077	0.13670	0.01469	0.00886	0.00275	0.00759	0.01240	0.00702	0.01033
26	0.01919	0.06138	0.22548	0.07462	0.37372	0.02023	0.02583	0.02631	0.04597	0.02652	0.01596	0.01983	0.01266	0.00776	0.00799	0.00251	0.01047	0.00696	0.00407	0.01255
27	0.01945	0.02007	0.02523	0.05831	0.28948	0.13309	0.04869	0.02333	0.01963	0.02458	0.03037	0.03633	0.13819	0.01133	0.00863	0.00255	0.00962	0.05214	0.00512	0.04389

[dist]
# distance from previous block
# <min> <max>
5	30

[block]
# block no. 2 follows, 22 sequences, length 60
# corresponding to MSA columns:
# 119-178
name=unknown_C
#
# <colnr> <probs for GDERKNQSTAVLIFYWHMCP>
#	G	D	E	R	K	N	Q	S	T	A	V	L	I	F	Y	W	H	M	C	P
0	0.01620	0.21279	0.08918	0.01277	0.01762	0.01638	0.01187	0.01973	0.01688	0.02393	0.02684	0.14521	0.06312	0.01474	0.04166	0.00279	0.00757	0.00984	0.16228	0.08861
1	0.02232	0.24357	0.06297	0.02289	0.13086	0.20845	0.01684	0.02564	0.01853	0.02137	0.01468	0.01867	0.01288	0.01738	0.12511	0.00409	0.01333	0.00608	0.00401	0.01031
2	0.02064	0.14569	0.17426	0.01749	0.02396	0.02075	0.01718	0.20589	0.02306	0.03125	0.02043	0.09275	0.01818	0.02003	0.12703	0.00443	0.01171	0.00859	0.00559	0.01110
3	0.04544	0.01354	0.08049	0.01242	0.01551	0.01138	0.01048	0.08688	0.01862	0.02835	0.02927	0.21998	0.02912	0.07867	0.05431	0.00378	0.00730	0.01236	0.23364	0.00846
4	0.02579	0.23861	0.02925	0.01754	0.02301	0.14560	0.01490	0.23526	0.02524	0.03111	0.01581	0.01823	0.01296	0.01460	0.07881	0.00341	0.04689	0.00628	0.00544	0.01125
5	0.01067	0.00786	0.01002	0.01095	0.01225	0.00721	0.00779	0.01300	0.01859	0.02486	0.21677	0.40542	0.15229	0.02266	0.01030	0.00310	0.00461	0.04641	0.00810	0.00713
6	0.01259	0.00928	0.01340	0.01321	0.01466	0.01091	0.01032	0.01559	0.01375	0.02056	0.02216	0.03168	0.02029	0.05415	0.56924	0.01162	0.05629	0.00869	0.08406	0.00754
7	0.02850	0.18063	0.02868	0.01887	0.02451	0.21818	0.01567	0.28146	0.02793	0.03363	0.01543	0.01691	0.01215	0.00921	0.00860	0.00230	0.05369	0.00617	0.00578	0.01172
8	0.01305	0.01087	0.01187	0.01153	0.01471	0.01047	0.00888	0.02001	0.15395	0.02553	0.06064	0.13251	0.35120	0.01866	0.00953	0.00287	0.00526	0.07356	0.00769	0.05721
9	0.03042	0.08761	0.02508	0.02073	0.02537	0.58725	0.01590	0.06991	0.02403	0.02228	0.01319	0.01517	0.01091	0.00854	0.00738	0.00214	0.01417	0.00542	0.00448	0.00999
10	0.01840	0.01960	0.06514	0.03006	0.27335	0.08597	0.01851	0.02352	0.05255	0.02601	0.08746	0.09040	0.05933	0.01266	0.01003	0.00275	0.05175	0.05630	0.00556	0.01065
11	0.06095	0.00910	0.01166	0.01315	0.01487	0.00899	0.01056	0.01542	0.01789	0.02462	0.06752	0.28583	0.08953	0.02262	0.01060	0.00348	0.00627	0.31195	0.00757	0.00741
12	0.01871	0.01808	0.03148	0.28430	0.39608	0.01935	0.06361	0.02400	0.01811	0.02493	0.01539	0.02126	0.01236	0.00771	0.00836	0.00260	0.01058	0.00755	0.00396	0.01159
13	0.01660	0.01562	0.02526	0.24818	0.31900	0.01650	0.02046	0.02110	0.01817	0.02418	0.03054	0.03424	0.15426	0.01072	0.00860	0.00264	0.00901	0.00964	0.00477	0.01052
14	0.05390	0.02340	0.14404	0.10901	0.39056	0.01961	0.08897	0.02526	0.01829	0.02679	0.01535	0.02006	0.01223	0.00755	0.00820	0.00257	0.01069	0.00730	0.00402	0.01220
15	0.02056	0.01974	0.03372	0.05099	0.65622	0.01974	0.02550	0.02550	0.01892	0.02714	0.01563	0.02056	0.01316	0.00740	0.00822	0.00247	0.00987	0.00740	0.00411	0.01316
16	0.01283	0.00938	0.01261	0.01423	0.01628	0.00917	0.01229	0.01639	0.01909	0.02449	0.05023	0.09157	0.14184	0.02265	0.01122	0.00367	0.00711	0.50974	0.00766	0.00755
17	0.01947	0.01949	0.05554	0.04580	0.56445	0.01851	0.02404	0.02437	0.01888	0.02674	0.02070	0.02747	0.04831	0.00897	0.00847	0.00256	0.00955	0.03970	0.00447	0.01251
18	0.02108	0.02071	0.03322	0.04954	0.62522	0.05194	0.02503	0.02587	0.01914	0.02681	0.01549	0.02029	0.01304	0.00746	0.00819	0.00245	0.01012	0.00730	0.00412	0.01299
19	0.00982	0.00842	0.00842	0.00842	0.01122	0.00701	0.00631	0.01192	0.01894	0.02244	0.08416	0.07995	0.65285	0.02104	0.00982	0.00281	0.00421	0.01753	0.00771	0.00701
20	0.01194	0.00855	0.01035	0.01005	0.01232	0.00761	0.00748	0.01494	0.02113	0.05345	0.36713	0.13672	0.26961	0.01909	0.00984	0.00276	0.00424	0.01655	0.00855	0.00769
21	0.10005	0.01903	0.02130	0.02471	0.18811	0.10300	0.01550	0.05619	0.12904	0.02914	0.02019	0.02343	0.01635	0.01526	0.08496	0.00373	0.03757	0.00739	0.09420	0.01084
22	0.02221	0.71304	0.04353	0.01421	0.02132	0.03287	0.01421	0.02488	0.01688	0.01955	0.01155	0.01333	0.01066	0.00711	0.00533	0.00178	0.00888	0.00444	0.00355	0.01066
23	0.01111	0.00765	0.00935	0.01030	0.01053	0.00741	0.00635	0.01183	0.01397	0.01862	0.03585	0.37402	0.04240	0.37174	0.02666	0.00575	0.00646	0.01777	0.00635	0.00588
24	0.01208	0.00805	0.00906	0.00906	0.00906	0.00805	0.00503	0.01208	0.01208	0.01611	0.02618	0.05436	0.03020	0.70804	0.04228	0.00805	0.00805	0.01208	0.00503	0.00503
25	0.01348	0.01057	0.01519	0.01452	0.01610	0.01272	0.01147	0.04457	0.01451	0.02093	0.02094	0.03050	0.01940	0.05474	0.57457	0.01180	0.09288	0.00866	0.00455	0.00791
26	0.02908	0.18885	0.02797	0.01981	0.02472	0.53244	0.01564	0.03133	0.02207	0.02016	0.01255	0.01461	0.01069	0.00824	0.00701	0.00206	0.01363	0.00515	0.00412	0.00986
27	0.01369	0.01178	0.01212	0.01145	0.01493	0.01189	0.00875	0.02343	0.24115	0.02684	0.06618	0.06247	0.42877	0.01755	0.00933	0.00281	0.00505	0.01463	0.00798	0.00920
28	0.01056	0.00741	0.00951	0.01101	0.01139	0.00704	0.00712	0.01168	0.01506	0.02008	0.04144	0.55895	0.04946	0.17718	0.01762	0.00441	0.00554	0.02106	0.00712	0.00637
29	0.01253	0.01020	0.01199	0.04676	0.01615	0.01035	0.00924	0.01901	0.14806	0.02441	0.05293	0.34379	0.22188	0.02055	0.00980	0.00306	0.00533	0.01801	0.00766	0.00830
30	0.01197	0.00848	0.01122	0.01122	0.01197	0.00923	0.00773	0.01347	0.01272	0.01771	0.02420	0.04342	0.02545	0.38290	0.36093	0.01072	0.01520	0.01048	0.00474	0.00623
31	0.01549	0.00774	0.00774	0.00774	0.00968	0.00774	0.00581	0.01936	0.01742	0.03097	0.02710	0.03097	0.02129	0.00968	0.00581	0.00194	0.00387	0.00774	0.75416	0.00774
32	0.01037	0.00844	0.00919	0.00900	0.01156	0.00725	0.00675	0.01300	0.02025	0.02556	0.24684	0.07482	0.48822	0.01988	0.00981	0.00275	0.00413	0.01681	0.00812	0.00725
33	0.15787	0.02273	0.02359	0.11990	0.10913	0.11928	0.01693	0.26717	0.02648	0.03715	0.01610	0.01847	0.01214	0.00879	0.00762	0.00249	0.00991	0.00661	0.00594	0.01171
34	0.01760	0.01665	0.02733	0.18210	0.41171	0.01721	0.02157	0.02216	0.01842	0.02502	0.02757	0.03142	0.12592	0.01001	0.00852	0.00259	0.00913	0.00919	0.00466	0.01122
35	0.02911	0.18615	0.02789	0.01984	0.02473	0.53501	0.01565	0.03137	0.02209	0.02016	0.01256	0.01462	0.01069	0.00824	0.00702	0.00206	0.01365	0.00515	0.00412	0.00986
36	0.01021	0.00736	0.00968	0.01136	0.01204	0.00683	0.00766	0.01185	0.01653	0.02205	0.08684	0.63364	0.08276	0.02522	0.01052	0.00330	0.00473	0.02279	0.00780	0.00683
37	0.03058	0.02277	0.02437	0.01891	0.02538	0.02530	0.01555	0.57498	0.09423	0.05074	0.02122	0.02096	0.01516	0.01009	0.00832	0.00252	0.00891	0.00765	0.00832	0.01404
38	0.01039	0.00831	0.00929	0.00931	0.01164	0.00721	0.00688	0.01292	0.01988	0.02532	0.23721	0.14092	0.43056	0.02044	0.00990	0.00281	0.00419	0.01748	0.00811	0.00721
39	0.01574	0.01239	0.01899	0.13959	0.16349	0.01258	0.01468	0.02013	0.02129	0.06262	0.36577	0.04403	0.04900	0.01297	0.00911	0.00261	0.00667	0.01163	0.00712	0.00959
40	0.01683	0.04179	0.62976	0.02433	0.03638	0.01939	0.06476	0.02633	0.01766	0.02633	0.01502	0.01782	0.01064	0.00784	0.00800	0.00264	0.01238	0.00635	0.00355	0.01222
41	0.00982	0.00842	0.00842	0.00842	0.01122	0.00701	0.00631	0.01192	0.01894	0.02244	0.08416	0.07995	0.65285	0.02104	0.00982	0.00281	0.00421	0.01753	0.00771	0.00701
42	0.03158	0.02327	0.02493	0.01911	0.02576	0.02576	0.01579	0.62852	0.03906	0.05236	0.01995	0.01995	0.01413	0.00997	0.00831	0.00249	0.00914	0.00748	0.00831	0.01413
43	0.02066	0.01785	0.01878	0.01691	0.02160	0.02066	0.01315	0.04414	0.64121	0.03475	0.03381	0.03099	0.02536	0.01127	0.00845	0.00282	0.00657	0.00939	0.00845	0.01315
44	0.01201	0.00835	0.01054	0.01054	0.01105	0.00886	0.00688	0.01303	0.01252	0.01720	0.02482	0.04686	0.02694	0.48507	0.26080	0.00988	0.01296	0.01098	0.00483	0.00586
45	0.01029	0.00750	0.00974	0.01147	0.01229	0.00695	0.00792	0.01196	0.01643	0.02157	0.04975	0.59827	0.11802	0.02530	0.01057	0.00334	0.00493	0.05914	0.00771	0.00683
46	0.03158	0.02327	0.02493	0.01911	0.02576	0.02576	0.01579	0.62852	0.03906	0.05236	0.01995	0.01995	0.01413	0.00997	0.00831	0.00249	0.00914	0.00748	0.00831	0.01413
47	0.00982	0.00842	0.00842	0.00842	0.01122	0.00701	0.00631	0.01192	0.01894	0.02244	0.08416	0.07995	0.65285	0.02104	0.00982	0.00281	0.00421	0.01753	0.00771	0.00701
48	0.01830	0.01793	0.03350	0.03585	0.27670	0.01745	0.22972	0.02349	0.01890	0.02598	0.02267	0.03861	0.02126	0.04145	0.01098	0.00312	0.01074	0.13747	0.00495	0.01093
49	0.02056	0.01974	0.03372	0.05099	0.65622	0.01974	0.02550	0.02550	0.01892	0.02714	0.01563	0.02056	0.01316	0.00740	0.00822	0.00247	0.00987	0.00740	0.00411	0.01316
50	0.01359	0.01159	0.01499	0.01455	0.01609	0.05329	0.01138	0.01641	0.01394	0.01941	0.02073	0.03034	0.01933	0.05500	0.57994	0.01185	0.07697	0.00854	0.00437	0.00769
51	0.01026	0.00850	0.00902	0.00908	0.01174	0.00727	0.00693	0.01266	0.01943	0.02375	0.14186	0.07894	0.55252	0.02073	0.00992	0.00285	0.00440	0.05512	0.00786	0.00714
52	0.01208	0.00805	0.00906	0.00906	0.00906	0.00805	0.00503	0.01208	0.01208	0.01611	0.02618	0.05436	0.03020	0.70804	0.04228	0.00805	0.00805	0.01208	0.00503	0.00503
53	0.01138	0.00797	0.01021	0.01085	0.01134	0.00813	0.00712	0.01252	0.01364	0.01852	0.03188	0.26669	0.03640	0.33648	0.17193	0.00766	0.01012	0.01524	0.00580	0.00614
54	0.02056	0.01974	0.03372	0.05099	0.65622	0.01974	0.02550	0.02550	0.01892	0.02714	0.01563	0.02056	0.01316	0.00740	0.00822	0.00247	0.00987	0.00740	0.00411	0.01316
55	0.01130	0.00779	0.00957	0.01029	0.01064	0.00764	0.00644	0.01219	0.01421	0.01911	0.06596	0.30460	0.04186	0.38068	0.05557	0.00619	0.00720	0.01656	0.00626	0.00594
56	0.01112	0.00847	0.01022	0.00978	0.01202	0.00757	0.00734	0.01445	0.02201	0.02975	0.46571	0.06792	0.26674	0.01831	0.00980	0.00268	0.00401	0.01585	0.00868	0.00757
57	0.02459	0.02632	0.01989	0.01788	0.02146	0.34003	0.01358	0.12519	0.02251	0.02498	0.01759	0.02384	0.01558	0.08669	0.17747	0.00554	0.01519	0.00721	0.00506	0.00940
58	0.40919	0.05743	0.05155	0.02214	0.16071	0.08974	0.01507	0.05813	0.01784	0.03259	0.01321	0.01575	0.01054	0.00783	0.00638	0.00246	0.00865	0.00547	0.00483	0.01050
59	0.17767	0.01307	0.01262	0.04337	0.01627	0.05406	0.00941	0.06016	0.01775	0.03051	0.02097	0.02539	0.01695	0.01846	0.12451	0.00418	0.00905	0.00707	0.32999	0.00856

[dist]
# distance from previous block
# <min> <max>
0	1

[block]
# block no. 3 follows, 22 sequences, length 68
# corresponding to MSA columns:
# 180-247
name=unknown_D
#
# <colnr> <probs for GDERKNQSTAVLIFYWHMCP>
#	G	D	E	R	K	N	Q	S	T	A	V	L	I	F	Y	W	H	M	C	P
0	0.15320	0.15724	0.26501	0.02106	0.02990	0.02207	0.12769	0.05787	0.01855	0.05350	0.01499	0.01745	0.01123	0.00776	0.00730	0.00248	0.01054	0.00634	0.00445	0.01137
1	0.02760	0.03271	0.02415	0.02136	0.02464	0.45565	0.01661	0.06995	0.02168	0.02241	0.01280	0.01618	0.01099	0.01027	0.01288	0.00257	0.19738	0.00601	0.00438	0.00979
2	0.01177	0.00871	0.00995	0.00981	0.01240	0.00760	0.00749	0.01445	0.02012	0.05389	0.21389	0.10455	0.41611	0.01995	0.00990	0.00285	0.00453	0.05629	0.00817	0.00756
3	0.01183	0.00989	0.01254	0.01454	0.09429	0.00891	0.00927	0.01489	0.02043	0.02661	0.26148	0.06647	0.38252	0.01796	0.00961	0.00270	0.00484	0.01541	0.00772	0.00807
4	0.02801	0.21324	0.06229	0.01967	0.02510	0.47504	0.01635	0.03068	0.02151	0.02044	0.01262	0.01469	0.01068	0.00815	0.00696	0.00207	0.01327	0.00516	0.00405	0.01003
5	0.01007	0.00743	0.00944	0.01104	0.01191	0.00679	0.00748	0.01163	0.01641	0.02141	0.05217	0.59908	0.15437	0.02520	0.01047	0.00328	0.00472	0.02261	0.00771	0.00679
6	0.01208	0.00805	0.00906	0.00906	0.00906	0.00805	0.00503	0.01208	0.01208	0.01611	0.02618	0.05436	0.03020	0.70804	0.04228	0.00805	0.00805	0.01208	0.00503	0.00503
7	0.01846	0.01039	0.01336	0.01305	0.01550	0.00987	0.00954	0.07893	0.01999	0.17126	0.04026	0.48073	0.04304	0.02083	0.00986	0.00310	0.00576	0.01853	0.00836	0.00917
8	0.01781	0.11351	0.39087	0.02499	0.03501	0.02081	0.18600	0.02555	0.01777	0.02519	0.01545	0.01922	0.01169	0.01073	0.04691	0.00320	0.01292	0.00708	0.00375	0.01152
9	0.01170	0.00809	0.01008	0.01041	0.01081	0.00833	0.00664	0.01258	0.01300	0.01766	0.02868	0.16019	0.03240	0.45355	0.17239	0.00839	0.01054	0.01337	0.00537	0.00584
10	0.02056	0.01974	0.03372	0.05099	0.65622	0.01974	0.02550	0.02550	0.01892	0.02714	0.01563	0.02056	0.01316	0.00740	0.00822	0.00247	0.00987	0.00740	0.00411	0.01316
11	0.02481	0.02875	0.03267	0.03499	0.25695	0.29845	0.15007	0.02900	0.02103	0.02413	0.01469	0.01858	0.01200	0.00781	0.00825	0.00240	0.01293	0.00704	0.00420	0.01124
12	0.01034	0.00844	0.00914	0.00896	0.01154	0.00724	0.00672	0.01293	0.02017	0.02537	0.23724	0.07512	0.49793	0.01995	0.00981	0.00275	0.00413	0.01686	0.00810	0.00724
13	0.01236	0.00907	0.01206	0.01364	0.01553	0.00877	0.01145	0.01558	0.01868	0.02398	0.05109	0.16941	0.15220	0.02302	0.01108	0.00359	0.00670	0.42671	0.00767	0.00743
14	0.01025	0.00729	0.00960	0.01140	0.01185	0.00684	0.00753	0.01160	0.01565	0.02086	0.04446	0.65871	0.05327	0.07223	0.01275	0.00369	0.00504	0.02284	0.00753	0.00663
15	0.02125	0.01918	0.02874	0.17422	0.20980	0.02217	0.05142	0.15244	0.02129	0.02953	0.01530	0.02030	0.01235	0.00983	0.01287	0.00283	0.17271	0.00750	0.00481	0.01145
16	0.01818	0.01818	0.02545	0.02181	0.02181	0.02545	0.01818	0.01999	0.01272	0.01999	0.01091	0.01818	0.01091	0.01454	0.02726	0.00364	0.69284	0.00727	0.00364	0.00909
17	0.02813	0.01994	0.02125	0.01668	0.02232	0.02190	0.01365	0.49809	0.03443	0.04778	0.02148	0.02231	0.01566	0.00991	0.00777	0.00237	0.00801	0.00754	0.16801	0.01276
18	0.01008	0.00843	0.00877	0.00869	0.01138	0.00712	0.00651	0.01242	0.01954	0.02389	0.15961	0.07757	0.57649	0.02050	0.00982	0.00278	0.00417	0.01720	0.00790	0.00712
19	0.03103	0.03959	0.02354	0.02140	0.02568	0.67469	0.01605	0.03317	0.02354	0.02033	0.01284	0.01498	0.01070	0.00856	0.00749	0.00214	0.01498	0.00535	0.00428	0.00963
20	0.01569	0.01477	0.02492	0.68808	0.05722	0.01846	0.02307	0.02123	0.01661	0.02123	0.01477	0.02215	0.01107	0.00831	0.00831	0.00277	0.01107	0.00738	0.00369	0.00923
21	0.02298	0.01639	0.02038	0.02046	0.12826	0.01635	0.01383	0.22098	0.02643	0.11628	0.08893	0.03771	0.16019	0.01234	0.00861	0.00249	0.00727	0.01026	0.00756	0.06231
22	0.01723	0.01477	0.01723	0.01230	0.01969	0.01107	0.00984	0.02092	0.01723	0.02707	0.01477	0.01723	0.01230	0.00615	0.00615	0.00123	0.00615	0.00492	0.00492	0.75883
23	0.02446	0.02437	0.02093	0.01835	0.02213	0.25291	0.01439	0.18723	0.02388	0.02863	0.01750	0.02193	0.01471	0.02575	0.21287	0.00576	0.06155	0.00714	0.00538	0.01013
24	0.01444	0.01036	0.01346	0.01272	0.01411	0.01205	0.00971	0.04456	0.01517	0.02301	0.02244	0.03346	0.02090	0.15018	0.30456	0.00815	0.10109	0.00890	0.17312	0.00762
25	0.01101	0.00846	0.01007	0.00967	0.01195	0.00752	0.00725	0.01423	0.02175	0.02913	0.43320	0.06895	0.29964	0.01855	0.00981	0.00269	0.00403	0.01599	0.00859	0.00752
26	0.02056	0.01974	0.03372	0.05099	0.65622	0.01974	0.02550	0.02550	0.01892	0.02714	0.01563	0.02056	0.01316	0.00740	0.00822	0.00247	0.00987	0.00740	0.00411	0.01316
27	0.01052	0.00844	0.00939	0.00916	0.01165	0.00731	0.00687	0.01329	0.02060	0.02639	0.29044	0.07345	0.44411	0.01957	0.00981	0.00274	0.00410	0.01662	0.00823	0.00731
28	0.01208	0.00805	0.00906	0.00906	0.00906	0.00805	0.00503	0.01208	0.01208	0.01611	0.02618	0.05436	0.03020	0.70804	0.04228	0.00805	0.00805	0.01208	0.00503	0.00503
29	0.03158	0.02327	0.02493	0.01911	0.02576	0.02576	0.01579	0.62852	0.03906	0.05236	0.01995	0.01995	0.01413	0.00997	0.00831	0.00249	0.00914	0.00748	0.00831	0.01413
30	0.01191	0.00872	0.01243	0.01243	0.01360	0.00989	0.00924	0.01424	0.01308	0.01860	0.02309	0.03729	0.02279	0.20057	0.53962	0.01222	0.01921	0.00958	0.00458	0.00691
31	0.02961	0.02229	0.02382	0.01872	0.02501	0.02484	0.01531	0.52300	0.14779	0.04918	0.02245	0.02194	0.01616	0.01021	0.00834	0.00255	0.00868	0.00782	0.00834	0.01395
32	0.03044	0.02217	0.02371	0.01831	0.02462	0.02448	0.01508	0.58521	0.03752	0.05084	0.02045	0.02073	0.01464	0.00995	0.00813	0.00245	0.00877	0.00750	0.06134	0.01367
33	0.01499	0.00957	0.01204	0.01257	0.01446	0.00931	0.00896	0.01962	0.10015	0.10519	0.04399	0.50318	0.06939	0.02186	0.01000	0.00318	0.00532	0.01954	0.00814	0.00856
34	0.01881	0.04881	0.06105	0.18852	0.32536	0.02120	0.02314	0.02335	0.01691	0.02389	0.01421	0.01996	0.01196	0.00915	0.01218	0.00277	0.15646	0.00718	0.00386	0.01123
35	0.01078	0.00801	0.01019	0.01157	0.01290	0.00741	0.00853	0.01296	0.01758	0.02282	0.08540	0.41644	0.18280	0.02388	0.01056	0.00330	0.00520	0.13486	0.00778	0.00704
36	0.01012	0.00723	0.00964	0.01157	0.01205	0.00675	0.00771	0.01157	0.01591	0.02121	0.04579	0.70262	0.05495	0.02603	0.01060	0.00337	0.00482	0.02362	0.00771	0.00675
37	0.01075	0.00828	0.00999	0.01110	0.01290	0.00752	0.00844	0.01303	0.01794	0.02258	0.06165	0.29630	0.30708	0.02319	0.01047	0.00324	0.00522	0.15553	0.00770	0.00707
38	0.02146	0.02183	0.03161	0.10523	0.52083	0.10358	0.02406	0.02609	0.01930	0.02573	0.01519	0.01999	0.01265	0.00763	0.00814	0.00245	0.01063	0.00714	0.00410	0.01235
39	0.01232	0.00956	0.01421	0.01395	0.01533	0.01146	0.01094	0.01520	0.01331	0.01934	0.02145	0.03161	0.02007	0.05891	0.62906	0.01266	0.06993	0.00878	0.00439	0.00754
40	0.03248	0.02049	0.02305	0.01782	0.02429	0.02181	0.01467	0.43596	0.06996	0.21573	0.02421	0.02283	0.01652	0.01013	0.00833	0.00253	0.00843	0.00783	0.00885	0.01407
41	0.01079	0.00785	0.01012	0.01131	0.01243	0.00731	0.00806	0.01292	0.01771	0.02356	0.15183	0.43370	0.12353	0.05256	0.01181	0.00343	0.00503	0.08123	0.00783	0.00698
42	0.02545	0.02992	0.02607	0.17064	0.17070	0.39057	0.01963	0.02893	0.02104	0.02202	0.01386	0.01774	0.01132	0.00825	0.00783	0.00235	0.01302	0.00624	0.00412	0.01032
43	0.02222	0.02167	0.01905	0.01729	0.02169	0.16153	0.01343	0.06393	0.40033	0.03096	0.03279	0.03408	0.06757	0.01198	0.00851	0.00271	0.00841	0.04274	0.00744	0.01168
44	0.01208	0.00805	0.00906	0.00906	0.00906	0.00805	0.00503	0.01208	0.01208	0.01611	0.02618	0.05436	0.03020	0.70804	0.04228	0.00805	0.00805	0.01208	0.00503	0.00503
45	0.01208	0.00805	0.00906	0.00906	0.00906	0.00805	0.00503	0.01208	0.01208	0.01611	0.02618	0.05436	0.03020	0.70804	0.04228	0.00805	0.00805	0.01208	0.00503	0.00503
46	0.01892	0.01806	0.03075	0.26595	0.45411	0.01931	0.02468	0.02405	0.01814	0.02514	0.01534	0.02110	0.01246	0.00771	0.00825	0.00257	0.01028	0.00740	0.00397	0.01183
47	0.02849	0.03495	0.02539	0.02649	0.13330	0.52491	0.01779	0.03109	0.02212	0.02148	0.01320	0.01612	0.01113	0.00871	0.00877	0.00228	0.05353	0.00581	0.00421	0.01020
48	0.01204	0.00824	0.00998	0.00998	0.01030	0.00855	0.00618	0.01267	0.01235	0.01679	0.02534	0.04971	0.02818	0.56978	0.17778	0.00919	0.01109	0.01140	0.00491	0.00554
49	0.02547	0.01560	0.01794	0.01460	0.01876	0.01626	0.01122	0.26868	0.02564	0.17145	0.02489	0.03366	0.02112	0.24144	0.05190	0.00486	0.00897	0.00925	0.00748	0.01082
50	0.01187	0.00797	0.00912	0.00933	0.00938	0.00791	0.00532	0.01203	0.01249	0.01665	0.02827	0.12361	0.03285	0.63519	0.03890	0.00755	0.00771	0.01331	0.00532	0.00522
51	0.01187	0.00890	0.01335	0.01335	0.01483	0.01038	0.01038	0.01483	0.01335	0.01928	0.02225	0.03264	0.02077	0.06231	0.67512	0.01335	0.02225	0.00890	0.00445	0.00742
52	0.02127	0.02108	0.03303	0.04899	0.61351	0.06411	0.02486	0.02602	0.01923	0.02668	0.01544	0.02018	0.01299	0.00748	0.00817	0.00245	0.01022	0.00726	0.00412	0.01292
53	0.01204	0.00824	0.00998	0.00998	0.01030	0.00855	0.00618	0.01267	0.01235	0.01679	0.02534	0.04971	0.02818	0.56978	0.17778	0.00919	0.01109	0.01140	0.00491	0.00554
54	0.00982	0.00842	0.00842	0.00842	0.01122	0.00701	0.00631	0.01192	0.01894	0.02244	0.08416	0.07995	0.65285	0.02104	0.00982	0.00281	0.00421	0.01753	0.00771	0.00701
55	0.01208	0.00805	0.00906	0.00906	0.00906	0.00805	0.00503	0.01208	0.01208	0.01611	0.02618	0.05436	0.03020	0.70804	0.04228	0.00805	0.00805	0.01208	0.00503	0.00503
56	0.02160	0.02336	0.01927	0.10149	0.02518	0.27214	0.01409	0.02908	0.15452	0.02640	0.15814	0.06556	0.03091	0.01185	0.00846	0.00253	0.00975	0.00953	0.00634	0.00979
57	0.01723	0.01477	0.01723	0.01230	0.01969	0.01107	0.00984	0.02092	0.01723	0.02707	0.01477	0.01723	0.01230	0.00615	0.00615	0.00123	0.00615	0.00492	0.00492	0.75883
58	0.01734	0.01703	0.01498	0.01375	0.01729	0.12394	0.01057	0.04990	0.17247	0.02625	0.05376	0.05167	0.33479	0.01579	0.00984	0.00272	0.03880	0.01260	0.00716	0.00935
59	0.01218	0.00921	0.01334	0.01318	0.01441	0.01076	0.01005	0.01471	0.01316	0.01891	0.02225	0.03477	0.02153	0.14294	0.56490	0.01224	0.05055	0.00924	0.00449	0.00719
60	0.02236	0.20731	0.03613	0.03606	0.36855	0.02413	0.05614	0.10269	0.02099	0.02829	0.01515	0.01864	0.01258	0.00763	0.00755	0.00230	0.00975	0.00675	0.00450	0.01250
61	0.01037	0.00889	0.00894	0.00884	0.01174	0.00770	0.00666	0.01355	0.05030	0.02306	0.08162	0.07748	0.62122	0.02055	0.00975	0.00281	0.00433	0.01712	0.00775	0.00732
62	0.02028	0.01957	0.02120	0.02018	0.06295	0.13150	0.01512	0.05172	0.05362	0.02467	0.01706	0.02208	0.01465	0.01617	0.07603	0.00380	0.28237	0.00731	0.13018	0.00955
63	0.01208	0.00805	0.00906	0.00906	0.00906	0.00805	0.00503	0.01208	0.01208	0.01611	0.02618	0.05436	0.03020	0.70804	0.04228	0.00805	0.00805	0.01208	0.00503	0.00503
64	0.11417	0.09390	0.35642	0.02114	0.03022	0.01924	0.09976	0.02542	0.01748	0.05874	0.01797	0.07672	0.01493	0.00936	0.00781	0.00263	0.01053	0.00786	0.00451	0.01119
65	0.23181	0.01183	0.01091	0.00990	0.01327	0.01284	0.00782	0.08780	0.01886	0.03512	0.02188	0.02477	0.01699	0.00915	0.00589	0.00218	0.00518	0.00679	0.45821	0.00880
66	0.18426	0.04969	0.10419	0.01891	0.05963	0.01629	0.11806	0.02199	0.04305	0.02742	0.03392	0.03550	0.18149	0.01493	0.05324	0.00338	0.00928	0.00972	0.00541	0.00965
67	0.01664	0.17429	0.02181	0.01404	0.01751	0.01820	0.01150	0.02272	0.12400	0.02528	0.13579	0.11911	0.05900	0.05020	0.01241	0.00289	0.09728	0.01096	0.00626	0.06012

[dist]
# distance from previous block
# <min> <max>
11	21

[block]
# block no. 4 follows, 22 sequences, length 21
# corresponding to MSA columns:
# 269-289
name=unknown_E
#
# <colnr> <probs for GDERKNQSTAVLIFYWHMCP>
#	G	D	E	R	K	N	Q	S	T	A	V	L	I	F	Y	W	H	M	C	P
0	0.01640	0.01246	0.01521	0.01658	0.08802	0.01308	0.01032	0.08967	0.11020	0.02584	0.02868	0.14993	0.02939	0.29874	0.02252	0.00494	0.00744	0.01234	0.03960	0.00863
1	0.02519	0.41515	0.07601	0.01754	0.02391	0.27476	0.01597	0.02811	0.01944	0.02028	0.01225	0.01422	0.01067	0.00771	0.00631	0.00197	0.01141	0.00489	0.00383	0.01038
2	0.02150	0.50765	0.18951	0.01695	0.02509	0.07398	0.01825	0.02579	0.01750	0.02120	0.01244	0.01444	0.01063	0.00739	0.00609	0.00200	0.01011	0.00491	0.00359	0.01097
3	0.13148	0.31253	0.04794	0.01586	0.04660	0.10453	0.01339	0.02495	0.04435	0.02606	0.13527	0.02403	0.02407	0.00947	0.00675	0.00220	0.00838	0.00697	0.00517	0.01000
4	0.02359	0.07889	0.01804	0.01315	0.01783	0.06457	0.01067	0.06976	0.02286	0.23784	0.13442	0.04458	0.20214	0.01381	0.00862	0.00253	0.00674	0.01123	0.00817	0.01056
5	0.01964	0.01621	0.06243	0.01965	0.07483	0.01447	0.08934	0.02801	0.15017	0.13606	0.14645	0.07587	0.10453	0.01300	0.00907	0.00272	0.00738	0.01163	0.00755	0.01100
6	0.01577	0.00998	0.01161	0.01081	0.01336	0.00948	0.00808	0.05945	0.01969	0.07574	0.13639	0.10186	0.13010	0.13086	0.01424	0.00348	0.00566	0.05040	0.15026	0.04280
7	0.01597	0.11649	0.05017	0.01522	0.01919	0.01478	0.10057	0.02009	0.01635	0.02465	0.02117	0.02704	0.01779	0.02584	0.22279	0.00576	0.01242	0.00786	0.25706	0.00878
8	0.13564	0.08315	0.14573	0.01871	0.02541	0.18838	0.01726	0.15570	0.09746	0.03234	0.01694	0.01807	0.01288	0.00881	0.00734	0.00242	0.01050	0.00623	0.00554	0.01148
9	0.01106	0.00806	0.00994	0.01093	0.01206	0.00756	0.00774	0.01284	0.01666	0.02170	0.08782	0.31720	0.16452	0.16585	0.01712	0.00426	0.00574	0.10507	0.00724	0.00665
10	0.07774	0.20970	0.16260	0.02258	0.10061	0.19761	0.01921	0.07335	0.02052	0.02584	0.01371	0.01601	0.01108	0.00795	0.00699	0.00224	0.01117	0.00562	0.00428	0.01116
11	0.02314	0.02107	0.01919	0.01660	0.02137	0.12828	0.01301	0.18744	0.26356	0.03456	0.03635	0.03482	0.13993	0.01235	0.00852	0.00262	0.00819	0.00978	0.00758	0.01164
12	0.01876	0.01406	0.01672	0.01395	0.01862	0.01343	0.01088	0.07100	0.11208	0.08205	0.07825	0.15518	0.02865	0.01271	0.00916	0.00233	0.04382	0.01061	0.00697	0.28077
13	0.10375	0.10556	0.20825	0.01740	0.02556	0.02054	0.01774	0.14935	0.06996	0.03288	0.01662	0.01808	0.01262	0.00812	0.00707	0.00223	0.00891	0.00604	0.00535	0.16397
14	0.33226	0.02627	0.15261	0.01694	0.02386	0.09632	0.01611	0.18494	0.02249	0.03701	0.01462	0.01621	0.01086	0.00844	0.00682	0.00251	0.00934	0.00572	0.00554	0.01110
15	0.12193	0.01758	0.11651	0.05205	0.02246	0.01392	0.03591	0.06473	0.01957	0.06981	0.07983	0.12067	0.09947	0.01377	0.00853	0.00273	0.00753	0.05991	0.00646	0.06664
16	0.04967	0.29908	0.14447	0.01859	0.06661	0.13479	0.01682	0.02576	0.01825	0.02378	0.01496	0.01749	0.01233	0.00792	0.00642	0.00209	0.00977	0.00560	0.11514	0.01045
17	0.01372	0.01120	0.01621	0.15376	0.02370	0.01334	0.01287	0.01832	0.06267	0.02046	0.02155	0.03276	0.01997	0.14029	0.35508	0.00901	0.05345	0.00901	0.00465	0.00798
18	0.01284	0.00904	0.01127	0.01130	0.01327	0.00857	0.00823	0.01720	0.06849	0.05695	0.30406	0.27762	0.12990	0.01977	0.00990	0.00291	0.00461	0.01749	0.00849	0.00808
19	0.01937	0.12114	0.03258	0.23315	0.38561	0.02131	0.02311	0.02415	0.01794	0.02427	0.01477	0.01995	0.01217	0.00762	0.00782	0.00245	0.01008	0.00696	0.00391	0.01163
20	0.12898	0.31942	0.11635	0.16336	0.04998	0.02512	0.01808	0.02402	0.01640	0.02366	0.01280	0.01626	0.01058	0.00788	0.00729	0.00232	0.03782	0.00553	0.00383	0.01033

[dist]
# distance from previous block
# <min> <max>
4	30

[block]
# block no. 5 follows, 22 sequences, length 9
# corresponding to MSA columns:
# 324-332
name=unknown_F
#
# <colnr> <probs for GDERKNQSTAVLIFYWHMCP>
#	G	D	E	R	K	N	Q	S	T	A	V	L	I	F	Y	W	H	M	C	P
0	0.02639	0.05970	0.02495	0.08197	0.02748	0.31316	0.01683	0.13800	0.05346	0.02684	0.01491	0.01785	0.01211	0.00999	0.01138	0.00256	0.14044	0.00644	0.00501	0.01053
1	0.01318	0.00999	0.01233	0.01148	0.01388	0.00989	0.00869	0.02024	0.12243	0.03354	0.55287	0.05708	0.06989	0.01607	0.00958	0.00265	0.00434	0.01412	0.00903	0.00869
2	0.76672	0.01607	0.01221	0.01092	0.01607	0.01864	0.00900	0.02442	0.01414	0.03727	0.01157	0.01350	0.00900	0.00771	0.00514	0.00257	0.00643	0.00450	0.00514	0.00900
3	0.02208	0.02581	0.19568	0.01765	0.02384	0.07727	0.01689	0.23552	0.02438	0.03281	0.01974	0.02742	0.01694	0.17213	0.01592	0.00377	0.01001	0.00801	0.04334	0.01077
4	0.01063	0.00854	0.00955	0.00956	0.01207	0.00746	0.00735	0.01335	0.02010	0.02539	0.22299	0.07672	0.45284	0.02020	0.00997	0.00285	0.00445	0.07062	0.00807	0.00728
5	0.02589	0.18946	0.02644	0.01776	0.02289	0.31266	0.01437	0.09885	0.09680	0.02572	0.02227	0.02292	0.07066	0.00983	0.00740	0.00224	0.01092	0.00696	0.00538	0.01057
6	0.02443	0.14637	0.02590	0.01893	0.02272	0.30038	0.01515	0.02991	0.11864	0.02224	0.01624	0.01978	0.01402	0.04361	0.01281	0.00276	0.14479	0.00654	0.00473	0.01004
7	0.01125	0.00804	0.01068	0.01126	0.01217	0.00808	0.00782	0.01326	0.01607	0.02217	0.15807	0.28746	0.04671	0.16965	0.17185	0.00649	0.00936	0.01614	0.00670	0.00678
8	0.01831	0.11917	0.15260	0.02080	0.10051	0.01968	0.01748	0.02596	0.11313	0.02649	0.02165	0.02417	0.04122	0.00993	0.01006	0.00250	0.10458	0.00739	0.12480	0.03957

[dist]
# distance from previous block
# <min> <max>
2	10

[block]
# block no. 6 follows, 22 sequences, length 32
# corresponding to MSA columns:
# 343-374
name=unknown_G
#
# <colnr> <probs for GDERKNQSTAVLIFYWHMCP>
#	G	D	E	R	K	N	Q	S	T	A	V	L	I	F	Y	W	H	M	C	P
0	0.14736	0.02450	0.02225	0.14496	0.05529	0.21438	0.01626	0.18582	0.02414	0.03197	0.01543	0.01846	0.01198	0.01124	0.03908	0.00297	0.01144	0.00641	0.00538	0.01068
1	0.15292	0.03412	0.35767	0.02205	0.06995	0.13375	0.02262	0.02653	0.01841	0.02766	0.04983	0.01907	0.01427	0.00846	0.00746	0.00252	0.01108	0.00629	0.00429	0.01104
2	0.02366	0.51087	0.09137	0.01657	0.02350	0.17080	0.01600	0.02679	0.01838	0.02028	0.01211	0.01404	0.01066	0.00749	0.00601	0.00193	0.01049	0.00478	0.00371	0.01057
3	0.02653	0.02240	0.01898	0.01631	0.02064	0.24211	0.01266	0.10648	0.02559	0.16757	0.21445	0.03297	0.03408	0.01171	0.00849	0.00242	0.00911	0.00925	0.00760	0.01064
4	0.01242	0.00849	0.00960	0.00927	0.00976	0.00825	0.00535	0.01266	0.01242	0.01683	0.02543	0.05193	0.02903	0.66202	0.03991	0.00761	0.00793	0.01161	0.00503	0.05446
5	0.01454	0.01696	0.14967	0.01436	0.01873	0.01180	0.01340	0.02077	0.09532	0.05621	0.04360	0.20308	0.16640	0.07550	0.01221	0.00341	0.00709	0.06106	0.00682	0.00907
6	0.01840	0.02392	0.17956	0.20742	0.35761	0.01931	0.02610	0.02459	0.01800	0.02543	0.01524	0.02026	0.01201	0.00775	0.00817	0.00258	0.01074	0.00710	0.00386	0.01195
