[name]
unknown

[dist]
# distance from previous block
# <min> <max>
0	0

[block]
# block no. 0 follows, 22 sequences, length 63
# corresponding to MSA columns:
# 0-62
name=unknown_A
#
# <colnr> <probs for GDERKNQSTAVLIFYWHMCP>
#	G	D	E	R	K	N	Q	S	T	A	V	L	I	F	Y	W	H	M	C	P
0	0.01339	0.00956	0.01339	0.01530	0.01721	0.00956	0.01339	0.01721	0.01912	0.02486	0.04399	0.09371	0.04781	0.02295	0.01147	0.00382	0.00765	0.60031	0.00765	0.00765
1	0.00982	0.00842	0.00842	0.00842	0.01122	0.00701	0.00631	0.01192	0.01894	0.02244	0.08416	0.07995	0.65285	0.02104	0.00982	0.00281	0.00421	0.01753	0.00771	0.00701
2	0.02125	0.01813	0.01911	0.01702	0.02182	0.02093	0.01329	0.07530	0.60911	0.03569	0.03307	0.03041	0.02476	0.01120	0.00845	0.00280	0.00671	0.00929	0.00845	0.01320
3	0.03158	0.02327	0.02493	0.01911	0.02576	0.02576	0.01579	0.62852	0.03906	0.05236	0.01995	0.01995	0.01413	0.00997	0.00831	0.00249	0.00914	0.00748	0.00831	0.01413
4	0.00993	0.00797	0.00888	0.00961	0.01153	0.00691	0.00684	0.01179	0.01779	0.02198	0.06968	0.31494	0.42721	0.02292	0.01011	0.00302	0.00444	0.01983	0.00771	0.00691
5	0.02400	0.52737	0.06663	0.01630	0.02298	0.18073	0.01537	0.02686	0.01845	0.02003	0.01200	0.01390	0.01066	0.00748	0.00594	0.00190	0.01045	0.00473	0.00372	0.01049
6	0.01147	0.00842	0.01075	0.01029	0.01227	0.00770	0.00767	0.01508	0.02266	0.03157	0.56189	0.09440	0.13917	0.01785	0.00984	0.00267	0.00399	0.01570	0.00892	0.00770
7	0.01084	0.00846	0.00983	0.00949	0.01185	0.00745	0.00711	0.01390	0.02134	0.02816	0.38280	0.07054	0.35064	0.01891	0.00981	0.00270	0.00406	0.01621	0.00847	0.00745
8	0.01818	0.01818	0.02545	0.02181	0.02181	0.02545	0.01818	0.01999	0.01272	0.01999	0.01091	0.01818	0.01091	0.01454	0.02726	0.00364	0.69284	0.00727	0.00364	0.00909
9	0.01666	0.04297	0.66500	0.02368	0.03596	0.01929	0.03069	0.02631	0.01754	0.02631	0.01491	0.01754	0.01052	0.00789	0.00789	0.00263	0.01228	0.00614	0.00351	0.01228
10	0.01012	0.00723	0.00964	0.01157	0.01205	0.00675	0.00771	0.01157	0.01591	0.02121	0.04579	0.70262	0.05495	0.02603	0.01060	0.00337	0.00482	0.02362	0.00771	0.00675
11	0.01012	0.00723	0.00964	0.01157	0.01205	0.00675	0.00771	0.01157	0.01591	0.02121	0.04579	0.70262	0.05495	0.02603	0.01060	0.00337	0.00482	0.02362	0.00771	0.00675
12	0.02066	0.01785	0.01878	0.01691	0.02160	0.02066	0.01315	0.04414	0.64121	0.03475	0.03381	0.03099	0.02536	0.01127	0.00845	0.00282	0.00657	0.00939	0.00845	0.01315
13	0.02066	0.01785	0.01878	0.01691	0.02160	0.02066	0.01315	0.04414	0.64121	0.03475	0.03381	0.03099	0.02536	0.01127	0.00845	0.00282	0.00657	0.00939	0.00845	0.01315
14	0.00982	0.00842	0.00842	0.00842	0.01122	0.00701	0.00631	0.01192	0.01894	0.02244	0.08416	0.07995	0.65285	0.02104	0.00982	0.00281	0.00421	0.01753	0.00771	0.00701
15	0.01187	0.00890	0.01335	0.01335	0.01483	0.01038	0.01038	0.01483	0.01335	0.01928	0.02225	0.03264	0.02077	0.06231	0.67512	0.01335	0.02225	0.00890	0.00445	0.00742
16	0.01987	0.01367	0.01635	0.01528	0.04717	0.01491	0.01139	0.21621	0.02301	0.03350	0.02215	0.02706	0.01806	0.02585	0.20104	0.04575	0.01135	0.00795	0.21965	0.00976
17	0.02336	0.02077	0.05452	0.07448	0.14806	0.08199	0.01678	0.22897	0.02542	0.03499	0.01930	0.02238	0.01491	0.01122	0.03537	0.00282	0.00964	0.00730	0.15625	0.01148
18	0.00982	0.00842	0.00842	0.00842	0.01122	0.00701	0.00631	0.01192	0.01894	0.02244	0.08416	0.07995	0.65285	0.02104	0.00982	0.00281	0.00421	0.01753	0.00771	0.00701
19	0.01208	0.00805	0.00906	0.00906	0.00906	0.00805	0.00503	0.01208	0.01208	0.01611	0.02618	0.05436	0.03020	0.70804	0.04228	0.00805	0.00805	0.01208	0.00503	0.00503
20	0.03158	0.02327	0.02493	0.01911	0.02576	0.02576	0.01579	0.62852	0.03906	0.05236	0.01995	0.01995	0.01413	0.00997	0.00831	0.00249	0.00914	0.00748	0.00831	0.01413
21	0.01591	0.01519	0.02626	0.65169	0.05645	0.01860	0.05666	0.02153	0.01678	0.02153	0.01488	0.02216	0.01116	0.00823	0.00839	0.00277	0.01124	0.00752	0.00372	0.00934
22	0.02437	0.02404	0.02961	0.07482	0.38319	0.15044	0.02172	0.13660	0.02337	0.03006	0.01581	0.01943	0.01273	0.00815	0.00810	0.00242	0.01082	0.00701	0.00489	0.01242
23	0.01993	0.01726	0.02575	0.46896	0.10617	0.02032	0.02157	0.16606	0.02217	0.02919	0.01608	0.02147	0.01200	0.00862	0.00830	0.00267	0.01050	0.00741	0.00483	0.01076
24	0.02513	0.02601	0.02954	0.03798	0.38559	0.21149	0.02141	0.11078	0.02304	0.02863	0.01541	0.01885	0.01258	0.00809	0.00802	0.00238	0.01126	0.00681	0.00474	0.01226
25	0.02193	0.41759	0.22053	0.01804	0.02622	0.12554	0.01926	0.02654	0.01807	0.02162	0.01272	0.01480	0.01063	0.00755	0.00640	0.00208	0.01078	0.00507	0.00365	0.01097
26	0.00982	0.00842	0.00842	0.00842	0.01122	0.00701	0.00631	0.01192	0.01894	0.02244	0.08416	0.07995	0.65285	0.02104	0.00982	0.00281	0.00421	0.01753	0.00771	0.00701
27	0.01311	0.01112	0.01215	0.01243	0.01383	0.07235	0.00893	0.01546	0.01758	0.02320	0.18400	0.26748	0.04635	0.09035	0.16660	0.00579	0.00989	0.01533	0.00674	0.00730
28	0.02056	0.01974	0.03372	0.05099	0.65622	0.01974	0.02550	0.02550	0.01892	0.02714	0.01563	0.02056	0.01316	0.00740	0.00822	0.00247	0.00987	0.00740	0.00411	0.01316
29	0.01189	0.00882	0.01294	0.01294	0.01428	0.01016	0.00987	0.01457	0.01323	0.01898	0.02263	0.03473	0.02168	0.12454	0.61413	0.01284	0.02088	0.00921	0.00451	0.00719
30	0.02221	0.71304	0.04353	0.01421	0.02132	0.03287	0.01421	0.02488	0.01688	0.01955	0.01155	0.01333	0.01066	0.00711	0.00533	0.00178	0.00888	0.00444	0.00355	0.01066
31	0.01102	0.00846	0.01008	0.00967	0.01196	0.00752	0.00725	0.01424	0.02176	0.02915	0.43451	0.06891	0.29831	0.01854	0.00981	0.00269	0.00403	0.01598	0.00860	0.00752
32	0.01012	0.00723	0.00964	0.01157	0.01205	0.00675	0.00771	0.01157	0.01591	0.02121	0.04579	0.70262	0.05495	0.02603	0.01060	0.00337	0.00482	0.02362	0.00771	0.00675
33	0.01012	0.00723	0.00964	0.01157	0.01205	0.00675	0.00771	0.01157	0.01591	0.02121	0.04579	0.70262	0.05495	0.02603	0.01060	0.00337	0.00482	0.02362	0.00771	0.00675
34	0.01192	0.00869	0.01230	0.01230	0.01342	0.00981	0.00907	0.01416	0.01304	0.01851	0.02321	0.03796	0.02308	0.22059	0.52000	0.01205	0.01877	0.00968	0.00459	0.00683
35	0.01002	0.00762	0.00923	0.01052	0.01177	0.00684	0.00725	0.01169	0.01691	0.02162	0.05856	0.49537	0.25396	0.02437	0.01034	0.00318	0.00462	0.02159	0.00771	0.00684
36	0.02161	0.55328	0.04480	0.01903	0.02643	0.03013	0.15575	0.02528	0.01751	0.02118	0.01277	0.01543	0.01111	0.00708	0.00637	0.00201	0.01007	0.00568	0.00370	0.01079
37	0.02221	0.71304	0.04353	0.01421	0.02132	0.03287	0.01421	0.02488	0.01688	0.01955	0.01155	0.01333	0.01066	0.00711	0.00533	0.00178	0.00888	0.00444	0.00355	0.01066
38	0.01257	0.00987	0.01444	0.01404	0.01529	0.01190	0.01095	0.01525	0.01321	0.01919	0.02123	0.03222	0.02020	0.09172	0.57057	0.01201	0.09459	0.00889	0.00439	0.00747
39	0.01187	0.00890	0.01335	0.01335	0.01483	0.01038	0.01038	0.01483	0.01335	0.01928	0.02225	0.03264	0.02077	0.06231	0.67512	0.01335	0.02225	0.00890	0.00445	0.00742
40	0.01187	0.00890	0.01335	0.01335	0.01483	0.01038	0.01038	0.01483	0.01335	0.01928	0.02225	0.03264	0.02077	0.06231	0.67512	0.01335	0.02225	0.00890	0.00445	0.00742
41	0.01208	0.00805	0.00906	0.00906	0.00906	0.00805	0.00503	0.01208	0.01208	0.01611	0.02618	0.05436	0.03020	0.70804	0.04228	0.00805	0.00805	0.01208	0.00503	0.00503
42	0.02221	0.71304	0.04353	0.01421	0.02132	0.03287	0.01421	0.02488	0.01688	0.01955	0.01155	0.01333	0.01066	0.00711	0.00533	0.00178	0.00888	0.00444	0.00355	0.01066
43	0.01040	0.00844	0.00922	0.00902	0.01158	0.00726	0.00677	0.01304	0.02030	0.02568	0.25306	0.07463	0.48193	0.01983	0.00981	0.00275	0.00412	0.01679	0.00814	0.00726
44	0.01033	0.00780	0.00956	0.01046	0.01188	0.00702	0.00733	0.01242	0.01816	0.02377	0.16718	0.40723	0.23083	0.02295	0.01023	0.00307	0.00448	0.02031	0.00797	0.00702
45	0.02197	0.02342	0.02913	0.19526	0.35920	0.17997	0.02260	0.02636	0.01950	0.02406	0.01474	0.01957	0.01206	0.00790	0.00806	0.00246	0.01141	0.00689	0.00405	0.01136
46	0.01977	0.01928	0.03425	0.19373	0.36809	0.01998	0.14171	0.05336	0.01947	0.02687	0.01586	0.02126	0.01261	0.00766	0.00856	0.00260	0.01092	0.00787	0.00423	0.01191
47	0.01147	0.00848	0.01070	0.01015	0.01223	0.00772	0.00761	0.01512	0.02283	0.03169	0.56708	0.06473	0.16416	0.01759	0.00980	0.00264	0.00396	0.01540	0.00893	0.00772
48	0.03158	0.02327	0.02493	0.01911	0.02576	0.02576	0.01579	0.62852	0.03906	0.05236	0.01995	0.01995	0.01413	0.00997	0.00831	0.00249	0.00914	0.00748	0.00831	0.01413
49	0.01882	0.18950	0.32939	0.18386	0.03698	0.02185	0.02401	0.02550	0.01750	0.05791	0.01506	0.01828	0.01123	0.00794	0.00743	0.00246	0.01092	0.00617	0.00393	0.01126
50	0.02221	0.71304	0.04353	0.01421	0.02132	0.03287	0.01421	0.02488	0.01688	0.01955	0.01155	0.01333	0.01066	0.00711	0.00533	0.00178	0.00888	0.00444	0.00355	0.01066
51	0.01001	0.00848	0.00868	0.00878	0.01154	0.00715	0.00669	0.01220	0.01895	0.02257	0.08202	0.08068	0.62060	0.02114	0.00991	0.00286	0.00439	0.04859	0.00771	0.00705
52	0.02313	0.02461	0.03123	0.04374	0.50167	0.18028	0.02318	0.02738	0.02005	0.02547	0.01494	0.01919	0.01256	0.00769	0.00804	0.00239	0.01112	0.00690	0.00415	0.01229
53	0.01720	0.10755	0.60511	0.02277	0.03455	0.02060	0.02911	0.02617	0.01748	0.02566	0.01458	0.01713	0.01054	0.00782	0.00765	0.00255	0.01195	0.00598	0.00351	0.01212
54	0.01011	0.00729	0.00957	0.01140	0.01200	0.00676	0.00764	0.01159	0.01607	0.02127	0.04786	0.66892	0.08731	0.02576	0.01056	0.00334	0.00479	0.02329	0.00771	0.00676
55	0.02221	0.71304	0.04353	0.01421	0.02132	0.03287	0.01421	0.02488	0.01688	0.01955	0.01155	0.01333	0.01066	0.00711	0.00533	0.00178	0.00888	0.00444	0.00355	0.01066
56	0.02215	0.18357	0.02605	0.01896	0.08470	0.21286	0.01394	0.02513	0.01933	0.02294	0.01963	0.02150	0.06773	0.00852	0.00689	0.00189	0.00960	0.00629	0.00458	0.22376
57	0.02342	0.33033	0.08967	0.02354	0.14754	0.05386	0.01815	0.13756	0.05285	0.02844	0.01534	0.01727	0.01251	0.00803	0.00691	0.00218	0.00955	0.00601	0.00481	0.01201
58	0.02690	0.01817	0.01967	0.01562	0.02085	0.01964	0.01272	0.41378	0.03208	0.08006	0.05609	0.02536	0.01967	0.01029	0.00778	0.00237	0.00746	0.00799	0.19128	0.01223
59	0.01416	0.01214	0.04780	0.01571	0.10394	0.01049	0.01060	0.01868	0.04951	0.02697	0.09861	0.04882	0.23222	0.05151	0.01003	0.00277	0.00565	0.01177	0.21997	0.00865
60	0.01269	0.01038	0.01153	0.01099	0.01392	0.00995	0.00826	0.01929	0.13777	0.02744	0.20282	0.12491	0.31044	0.01806	0.00947	0.00275	0.00473	0.01544	0.00807	0.04106
61	0.00996	0.00819	0.00877	0.00912	0.01143	0.00700	0.00665	0.01202	0.01855	0.02269	0.10203	0.19951	0.51169	0.02182	0.00997	0.00291	0.00431	0.01860	0.00778	0.00700
62	0.01736	0.03808	0.51850	0.02637	0.03773	0.01970	0.17229	0.02638	0.01803	0.02638	0.01536	0.01870	0.01102	0.00768	0.00835	0.00267	0.01269	0.00701	0.00367	0.01202

[dist]
# distance from previous block
# <min> <max>
2	18

[block]
# block no. 1 follows, 22 sequences, length 15
# corresponding to MSA columns:
# 81-95
name=unknown_B
#
# <colnr> <probs for GDERKNQSTAVLIFYWHMCP>
#	G	D	E	R	K	N	Q	S	T	A	V	L	I	F	Y	W	H	M	C	P
0	0.02310	0.26332	0.02676	0.01561	0.01987	0.24859	0.01255	0.05370	0.01902	0.02052	0.01620	0.02486	0.01591	0.18951	0.01581	0.00357	0.01080	0.00689	0.00442	0.00901
1	0.01208	0.00805	0.00906	0.00906	0.00906	0.00805	0.00503	0.01208	0.01208	0.01611	0.02618	0.05436	0.03020	0.70804	0.04228	0.00805	0.00805	0.01208	0.00503	0.00503
2	0.03103	0.03959	0.02354	0.02140	0.02568	0.67469	0.01605	0.03317	0.02354	0.02033	0.01284	0.01498	0.01070	0.00856	0.00749	0.00214	0.01498	0.00535	0.00428	0.00963
3	0.02023	0.05780	0.17352	0.02187	0.05663	0.07727	0.08199	0.05449	0.09084	0.05980	0.02467	0.02679	0.07583	0.01300	0.04119	0.00320	0.09617	0.00835	0.00529	0.01105
4	0.01263	0.01086	0.01110	0.01062	0.01391	0.01055	0.00808	0.02028	0.18030	0.02563	0.07110	0.06725	0.49013	0.01851	0.00946	0.00281	0.00482	0.01542	0.00791	0.00860
5	0.01208	0.00805	0.00906	0.00906	0.00906	0.00805	0.00503	0.01208	0.01208	0.01611	0.02618	0.05436	0.03020	0.70804	0.04228	0.00805	0.00805	0.01208	0.00503	0.00503
6	0.01947	0.02557	0.18683	0.01944	0.02518	0.08874	0.01857	0.03211	0.26221	0.02812	0.02566	0.03305	0.02151	0.01205	0.01061	0.00292	0.08156	0.08893	0.00611	0.01137
7	0.02610	0.06769	0.02992	0.02362	0.02875	0.38430	0.15245	0.03159	0.08685	0.02320	0.01575	0.01845	0.01269	0.00880	0.00924	0.00243	0.05631	0.00685	0.00462	0.01038
8	0.01208	0.00805	0.00906	0.00906	0.00906	0.00805	0.00503	0.01208	0.01208	0.01611	0.02618	0.05436	0.03020	0.70804	0.04228	0.00805	0.00805	0.01208	0.00503	0.00503
9	0.02024	0.01533	0.01267	0.01158	0.01451	0.12897	0.00886	0.09659	0.02117	0.03170	0.02368	0.02676	0.01852	0.00952	0.00641	0.00204	0.00650	0.00728	0.52880	0.00886
10	0.05892	0.02008	0.11660	0.06842	0.17944	0.01680	0.09762	0.05875	0.04856	0.02778	0.03427	0.03593	0.17885	0.01136	0.00865	0.00266	0.00898	0.01010	0.00545	0.01076
11	0.02332	0.10058	0.02574	0.09385	0.02658	0.05064	0.01632	0.21857	0.08910	0.03251	0.01754	0.02043	0.01392	0.01070	0.01275	0.00273	0.18635	0.00719	0.03989	0.01129
12	0.01569	0.01477	0.02492	0.68808	0.05722	0.01846	0.02307	0.02123	0.01661	0.02123	0.01477	0.02215	0.01107	0.00831	0.00831	0.00277	0.01107	0.00738	0.00369	0.00923
13	0.22181	0.03349	0.02060	0.01868	0.02319	0.50457	0.01422	0.03090	0.02110	0.02472	0.01251	0.01460	0.01026	0.00834	0.00688	0.00225	0.01276	0.00513	0.00450	0.00947
14	0.01187	0.00890	0.01335	0.01335	0.01483	0.01038	0.01038	0.01483	0.01335	0.01928	0.02225	0.03264	0.02077	0.06231	0.67512	0.01335	0.02225	0.00890	0.00445	0.00742

[dist]
# distance from previous block
# <min> <max>
0	1

[block]
# block no. 2 follows, 22 sequences, length 35
# corresponding to MSA columns:
# 97-131
name=unknown_C
#
# <colnr> <probs for GDERKNQSTAVLIFYWHMCP>
#	G	D	E	R	K	N	Q	S	T	A	V	L	I	F	Y	W	H	M	C	P
0	0.00982	0.00842	0.00842	0.00842	0.01122	0.00701	0.00631	0.01192	0.01894	0.02244	0.08416	0.07995	0.65285	0.02104	0.00982	0.00281	0.00421	0.01753	0.00771	0.00701
1	0.00992	0.00842	0.00855	0.00852	0.01128	0.00705	0.00639	0.01211	0.01917	0.02299	0.11276	0.07905	0.62391	0.02083	0.00982	0.00280	0.00419	0.01741	0.00779	0.00705
2	0.02103	0.02152	0.02973	0.04246	0.50040	0.11412	0.02222	0.02527	0.01959	0.02568	0.02199	0.02562	0.07603	0.00892	0.00827	0.00245	0.01006	0.00810	0.00449	0.01204
3	0.02581	0.44000	0.03553	0.01699	0.02309	0.25671	0.01494	0.06082	0.02042	0.02162	0.01246	0.01427	0.01086	0.00777	0.00625	0.00194	0.01103	0.00493	0.00407	0.01049
4	0.02056	0.01974	0.03372	0.05099	0.65622	0.01974	0.02550	0.02550	0.01892	0.02714	0.01563	0.02056	0.01316	0.00740	0.00822	0.00247	0.00987	0.00740	0.00411	0.01316
5	0.01970	0.01509	0.01720	0.06519	0.04963	0.04662	0.01242	0.03040	0.24514	0.11413	0.15549	0.04192	0.12574	0.01315	0.00883	0.00269	0.00667	0.01110	0.00797	0.01090
6	0.01187	0.00890	0.01335	0.01335	0.01483	0.01038	0.01038	0.01483	0.01335	0.01928	0.02225	0.03264	0.02077	0.06231	0.67512	0.01335	0.02225	0.00890	0.00445	0.00742
7	0.02735	0.02569	0.16605	0.01907	0.02653	0.02178	0.01808	0.37387	0.06036	0.10760	0.02114	0.02252	0.01534	0.04433	0.00992	0.00282	0.00945	0.00759	0.00729	0.01322
8	0.03064	0.03529	0.02359	0.02073	0.02550	0.51391	0.01586	0.15232	0.05637	0.02741	0.01527	0.01674	0.01209	0.00897	0.00770	0.00224	0.01341	0.00597	0.00528	0.01070
9	0.01854	0.27020	0.45426	0.02047	0.03099	0.02390	0.02511	0.02582	0.01732	0.02402	0.01377	0.01611	0.01057	0.00763	0.00702	0.00234	0.01113	0.00556	0.00352	0.01173
10	0.02662	0.02849	0.02145	0.01896	0.02313	0.36519	0.01465	0.16838	0.02476	0.02759	0.01674	0.02033	0.01389	0.02163	0.16586	0.00488	0.01534	0.00669	0.00527	0.01016
11	0.01666	0.04297	0.66500	0.02368	0.03596	0.01929	0.03069	0.02631	0.01754	0.02631	0.01491	0.01754	0.01052	0.00789	0.00789	0.00263	0.01228	0.00614	0.00351	0.01228
12	0.01947	0.01863	0.03176	0.19312	0.52259	0.01945	0.02495	0.02454	0.01840	0.02582	0.01543	0.02092	0.01269	0.00760	0.00824	0.00253	0.01014	0.00740	0.00402	0.01228
13	0.01592	0.01501	0.02534	0.65726	0.08620	0.01852	0.02319	0.02143	0.01672	0.02151	0.01481	0.02207	0.01118	0.00826	0.00830	0.00275	0.01102	0.00738	0.00371	0.00942
14	0.00992	0.00836	0.00859	0.00865	0.01131	0.00704	0.00644	0.01207	0.01900	0.02286	0.10727	0.10783	0.60015	0.02109	0.00985	0.00282	0.00422	0.01770	0.00778	0.00704
15	0.02221	0.71304	0.04353	0.01421	0.02132	0.03287	0.01421	0.02488	0.01688	0.01955	0.01155	0.01333	0.01066	0.00711	0.00533	0.00178	0.00888	0.00444	0.00355	0.01066
16	0.01208	0.00805	0.00906	0.00906	0.00906	0.00805	0.00503	0.01208	0.01208	0.01611	0.02618	0.05436	0.03020	0.70804	0.04228	0.00805	0.00805	0.01208	0.00503	0.00503
17	0.01012	0.00723	0.00964	0.01157	0.01205	0.00675	0.00771	0.01157	0.01591	0.02121	0.04579	0.70262	0.05495	0.02603	0.01060	0.00337	0.00482	0.02362	0.00771	0.00675
18	0.01818	0.01818	0.02545	0.02181	0.02181	0.02545	0.01818	0.01999	0.01272	0.01999	0.01091	0.01818	0.01091	0.01454	0.02726	0.00364	0.69284	0.00727	0.00364	0.00909
19	0.01666	0.04297	0.66500	0.02368	0.03596	0.01929	0.03069	0.02631	0.01754	0.02631	0.01491	0.01754	0.01052	0.00789	0.00789	0.00263	0.01228	0.00614	0.00351	0.01228
20	0.01043	0.00808	0.00954	0.01015	0.01198	0.00719	0.00737	0.01272	0.01876	0.02412	0.17321	0.28691	0.32027	0.02206	0.01015	0.00301	0.00451	0.04448	0.00797	0.00710
21	0.01144	0.00736	0.00918	0.01063	0.01147	0.00699	0.00725	0.01347	0.01628	0.02360	0.04121	0.53816	0.04670	0.02202	0.00943	0.00302	0.00459	0.01973	0.19049	0.00699
22	0.02838	0.01635	0.01844	0.01466	0.01988	0.01695	0.01194	0.29668	0.02874	0.20595	0.02540	0.02535	0.01791	0.00997	0.00759	0.00235	0.00706	0.00779	0.22637	0.01227
23	0.02221	0.71304	0.04353	0.01421	0.02132	0.03287	0.01421	0.02488	0.01688	0.01955	0.01155	0.01333	0.01066	0.00711	0.00533	0.00178	0.00888	0.00444	0.00355	0.01066
24	0.01012	0.00723	0.00964	0.01157	0.01205	0.00675	0.00771	0.01157	0.01591	0.02121	0.04579	0.70262	0.05495	0.02603	0.01060	0.00337	0.00482	0.02362	0.00771	0.00675
25	0.01012	0.00723	0.00964	0.01157	0.01205	0.00675	0.00771	0.01157	0.01591	0.02121	0.04579	0.70262	0.05495	0.02603	0.01060	0.00337	0.00482	0.02362	0.00771	0.00675
26	0.01549	0.00774	0.00774	0.00774	0.00968	0.00774	0.00581	0.01936	0.01742	0.03097	0.02710	0.03097	0.02129	0.00968	0.00581	0.00194	0.00387	0.00774	0.75416	0.00774
27	0.01012	0.00723	0.00964	0.01157	0.01205	0.00675	0.00771	0.01157	0.01591	0.02121	0.04579	0.70262	0.05495	0.02603	0.01060	0.00337	0.00482	0.02362	0.00771	0.00675
28	0.01039	0.00776	0.00973	0.01119	0.01239	0.00711	0.00796	0.01224	0.01698	0.02189	0.05499	0.48652	0.20061	0.02448	0.01050	0.00328	0.00497	0.08239	0.00771	0.00691
29	0.01149	0.00838	0.01182	0.01227	0.01329	0.00917	0.00893	0.01364	0.01376	0.01926	0.02843	0.19469	0.03031	0.15234	0.42102	0.01018	0.01595	0.01287	0.00531	0.00689
30	0.02076	0.03411	0.29931	0.02702	0.09712	0.17461	0.11610	0.02717	0.01950	0.02509	0.04329	0.02002	0.01422	0.00853	0.00897	0.00256	0.03916	0.00709	0.00412	0.01125
31	0.02232	0.06325	0.12987	0.03493	0.31428	0.17825	0.02276	0.02691	0.01911	0.02430	0.01418	0.01815	0.01181	0.00843	0.00968	0.00249	0.07708	0.00655	0.00398	0.01165
32	0.29129	0.09526	0.02176	0.01885	0.08599	0.17588	0.01365	0.08609	0.04992	0.03096	0.01787	0.01941	0.04403	0.00889	0.00674	0.00239	0.00923	0.00618	0.00526	0.01035
33	0.02450	0.02451	0.02688	0.03349	0.31503	0.20447	0.01942	0.06267	0.08364	0.06078	0.02112	0.02328	0.04519	0.00907	0.00813	0.00243	0.01052	0.00757	0.00532	0.01197
34	0.05879	0.03306	0.19945	0.02316	0.09232	0.29330	0.01967	0.02858	0.05069	0.02495	0.04938	0.02280	0.04995	0.00944	0.00785	0.00242	0.01176	0.00707	0.00472	0.01064

[dist]
# distance from previous block
# <min> <max>
12	75

[block]
# block no. 3 follows, 22 sequences, length 23
# corresponding to MSA columns:
# 216-238
name=unknown_D
#
# <colnr> <probs for GDERKNQSTAVLIFYWHMCP>
#	G	D	E	R	K	N	Q	S	T	A	V	L	I	F	Y	W	H	M	C	P
0	0.06012	0.02433	0.23175	0.02986	0.25171	0.01682	0.02189	0.02361	0.04644	0.02655	0.02240	0.16433	0.02149	0.01171	0.00845	0.00273	0.00923	0.01036	0.00494	0.01127
1	0.04865	0.02115	0.19834	0.02411	0.18692	0.01453	0.01805	0.02097	0.01687	0.02535	0.02524	0.06263	0.06865	0.12590	0.01358	0.00345	0.00866	0.00929	0.09772	0.00993
2	0.02900	0.02975	0.02618	0.02689	0.15946	0.31194	0.01796	0.23689	0.02791	0.03282	0.01588	0.01788	0.01240	0.00880	0.00793	0.00233	0.01188	0.00652	0.00563	0.01193
3	0.07804	0.02058	0.10616	0.07618	0.27033	0.01867	0.02025	0.02887	0.16930	0.02950	0.05376	0.02760	0.02020	0.00966	0.00822	0.00267	0.00878	0.03375	0.00556	0.01193
4	0.02516	0.02563	0.02506	0.02813	0.20602	0.25392	0.01767	0.09595	0.02195	0.04842	0.01645	0.02114	0.01387	0.05330	0.01184	0.00280	0.07634	0.00701	0.03846	0.01090
5	0.01348	0.00722	0.01056	0.01099	0.01109	0.00711	0.00732	0.01099	0.01194	0.01593	0.02135	0.17479	0.02337	0.02823	0.02764	0.59164	0.00669	0.01084	0.00451	0.00430
6	0.01662	0.03241	0.42169	0.07957	0.14435	0.01792	0.02654	0.02427	0.01789	0.02571	0.02139	0.02695	0.05722	0.00958	0.00831	0.00269	0.01095	0.04021	0.00415	0.01157
7	0.08211	0.02060	0.02311	0.08106	0.18185	0.14074	0.01723	0.02520	0.07158	0.02491	0.02242	0.07290	0.06047	0.01156	0.01139	0.00276	0.12607	0.00880	0.00500	0.01025
8	0.00984	0.00833	0.00850	0.00864	0.01128	0.00699	0.00641	0.01190	0.01872	0.02236	0.08148	0.12337	0.61116	0.02139	0.00987	0.00284	0.00425	0.01796	0.00771	0.00699
9	0.02138	0.03237	0.24350	0.03204	0.18191	0.16445	0.15251	0.02770	0.01963	0.02525	0.01502	0.01872	0.01163	0.00774	0.00829	0.00252	0.01267	0.00704	0.00397	0.01167
10	0.02212	0.17434	0.12645	0.02802	0.16657	0.15856	0.07508	0.02649	0.01853	0.02307	0.01360	0.01730	0.01141	0.00850	0.00992	0.00245	0.09624	0.00637	0.00389	0.01109
11	0.01866	0.02574	0.17228	0.01862	0.02397	0.16086	0.06473	0.02313	0.01870	0.02397	0.03029	0.03235	0.14836	0.01183	0.01057	0.00261	0.09696	0.00901	0.09785	0.00952
12	0.01012	0.00723	0.00964	0.01157	0.01205	0.00675	0.00771	0.01157	0.01591	0.02121	0.04579	0.70262	0.05495	0.02603	0.01060	0.00337	0.00482	0.02362	0.00771	0.00675
13	0.01593	0.01153	0.01620	0.01959	0.15015	0.01075	0.01230	0.01931	0.02025	0.09520	0.17450	0.09567	0.22001	0.01667	0.00957	0.00283	0.00612	0.08658	0.00752	0.00932
14	0.01942	0.06736	0.42955	0.02496	0.03549	0.02110	0.14893	0.10303	0.02067	0.02938	0.01578	0.01864	0.01141	0.00794	0.00822	0.00261	0.01207	0.00698	0.00426	0.01222
15	0.00982	0.00842	0.00842	0.00842	0.01122	0.00701	0.00631	0.01192	0.01894	0.02244	0.08416	0.07995	0.65285	0.02104	0.00982	0.00281	0.00421	0.01753	0.00771	0.00701
16	0.02744	0.02960	0.22441	0.01950	0.02711	0.15669	0.01925	0.11172	0.02329	0.21236	0.02068	0.02117	0.01445	0.01167	0.04073	0.00302	0.01141	0.00693	0.00632	0.01226
17	0.02167	0.02461	0.06927	0.02893	0.22625	0.19074	0.05190	0.07263	0.02185	0.02666	0.05089	0.03086	0.12670	0.01067	0.00844	0.00248	0.01035	0.00897	0.00527	0.01086
18	0.01012	0.00723	0.00964	0.01157	0.01205	0.00675	0.00771	0.01157	0.01591	0.02121	0.04579	0.70262	0.05495	0.02603	0.01060	0.00337	0.00482	0.02362	0.00771	0.00675
19	0.02217	0.02279	0.01934	0.09626	0.02467	0.23977	0.01406	0.07474	0.10182	0.02642	0.02759	0.02928	0.10079	0.01126	0.00935	0.00251	0.06046	0.00837	0.09860	0.00977
20	0.16777	0.08045	0.18639	0.01911	0.02583	0.28476	0.01808	0.03003	0.06862	0.02621	0.01470	0.01650	0.01148	0.00834	0.00707	0.00238	0.01156	0.00565	0.00453	0.01053
21	0.01955	0.02613	0.17574	0.02845	0.20722	0.13245	0.02092	0.02448	0.01789	0.02406	0.01631	0.02126	0.01363	0.01768	0.12207	0.00435	0.06717	0.00700	0.04288	0.01076
22	0.02007	0.04713	0.02782	0.03291	0.31282	0.10201	0.04205	0.02394	0.01897	0.02539	0.07086	0.02560	0.05095	0.00974	0.01032	0.00247	0.08873	0.00805	0.00473	0.07543

[dist]
# distance from previous block
# <min> <max>
1	23

[block]
# block no. 4 follows, 22 sequences, length 18
# corresponding to MSA columns:
# 263-280
name=unknown_E
#
# <colnr> <probs for GDERKNQSTAVLIFYWHMCP>
#	G	D	E	R	K	N	Q	S	T	A	V	L	I	F	Y	W	H	M	C	P
0	0.22981	0.18990	0.16403	0.01617	0.02297	0.07909	0.01606	0.07647	0.01866	0.02902	0.01621	0.07718	0.01446	0.00953	0.00676	0.00242	0.00913	0.00690	0.00484	0.01040
1	0.02046	0.13922	0.02493	0.02227	0.13173	0.18533	0.01526	0.02350	0.01768	0.02153	0.01662	0.02206	0.01476	0.02524	0.21710	0.00570	0.04250	0.00685	0.03764	0.00963
2	0.01133	0.00852	0.01074	0.01186	0.01366	0.00792	0.00932	0.01404	0.01862	0.02395	0.11108	0.24668	0.23012	0.02266	0.01061	0.00330	0.00556	0.22497	0.00782	0.00724
3	0.02877	0.21493	0.02892	0.01931	0.02454	0.44766	0.01555	0.08469	0.02319	0.02301	0.01314	0.01499	0.01100	0.00831	0.00700	0.00208	0.01285	0.00530	0.00445	0.01031
4	0.01762	0.03729	0.51064	0.03036	0.18762	0.01940	0.02942	0.02611	0.01788	0.02651	0.01508	0.01828	0.01117	0.00777	0.00797	0.00259	0.01169	0.00645	0.00366	0.01249
5	0.02519	0.03142	0.11287	0.02647	0.14761	0.30545	0.01934	0.06430	0.13487	0.02678	0.01785	0.01958	0.01399	0.00881	0.00791	0.00241	0.01179	0.00670	0.00511	0.01155
6	0.02287	0.19266	0.02541	0.01689	0.02137	0.22339	0.01381	0.07858	0.08118	0.02403	0.01766	0.02121	0.01507	0.02270	0.18241	0.00509	0.01407	0.00664	0.00490	0.01003
7	0.01026	0.00842	0.00909	0.00938	0.01187	0.00726	0.00712	0.01256	0.01896	0.02316	0.10925	0.13049	0.52048	0.02138	0.01002	0.00293	0.00454	0.06797	0.00779	0.00709
8	0.01826	0.01965	0.08655	0.20144	0.39789	0.01836	0.02385	0.02368	0.01862	0.02614	0.07003	0.02424	0.01802	0.00849	0.00835	0.00257	0.00987	0.00794	0.00439	0.01166
9	0.02280	0.32824	0.07207	0.02123	0.04810	0.15540	0.10632	0.02738	0.04781	0.02213	0.01390	0.01670	0.01175	0.00823	0.00858	0.00227	0.06626	0.00607	0.00405	0.01070
10	0.01005	0.00842	0.00873	0.00866	0.01136	0.00711	0.00649	0.01236	0.01947	0.02372	0.15096	0.07784	0.58525	0.02056	0.00982	0.00278	0.00417	0.01724	0.00788	0.00711
11	0.01025	0.00728	0.00960	0.01140	0.01185	0.00683	0.00754	0.01160	0.01566	0.02087	0.04451	0.66033	0.05333	0.07052	0.01267	0.00368	0.00503	0.02286	0.00754	0.00664
12	0.02407	0.31357	0.03119	0.01689	0.02223	0.11881	0.01470	0.16610	0.02226	0.02736	0.01496	0.01786	0.01273	0.01533	0.08988	0.00356	0.06675	0.00606	0.00489	0.01081
13	0.01185	0.00945	0.01021	0.01017	0.01274	0.00863	0.00752	0.06722	0.01998	0.02482	0.06869	0.23198	0.44432	0.02131	0.00988	0.00292	0.00481	0.01817	0.00777	0.00759
14	0.02201	0.02364	0.03039	0.03102	0.21412	0.16496	0.14144	0.02742	0.05422	0.02563	0.01591	0.01957	0.01293	0.00786	0.00879	0.00230	0.03888	0.00709	0.00454	0.14728
15	0.09469	0.02048	0.02781	0.03815	0.43012	0.07810	0.02059	0.07368	0.02049	0.02916	0.02122	0.02442	0.06759	0.00892	0.00800	0.00248	0.00945	0.00781	0.00488	0.01198
16	0.01716	0.03084	0.39115	0.02246	0.07972	0.01724	0.02363	0.08240	0.02012	0.02825	0.02797	0.03479	0.10157	0.01148	0.00861	0.00276	0.01018	0.07328	0.00505	0.01131
17	0.02124	0.04973	0.02425	0.02553	0.18109	0.11208	0.01662	0.12596	0.02173	0.02816	0.05182	0.02859	0.08652	0.01630	0.07635	0.00367	0.10568	0.00858	0.00542	0.01068

[dist]
# distance from previous block
# <min> <max>
0	1

[block]
# block no. 5 follows, 22 sequences, length 159
# corresponding to MSA columns:
# 282-440
name=unknown_F
#
# <colnr> <probs for GDERKNQSTAVLIFYWHMCP>
#	G	D	E	R	K	N	Q	S	T	A	V	L	I	F	Y	W	H	M	C	P
0	0.01146	0.00813	0.00918	0.00946	0.01022	0.00777	0.00598	0.01224	0.01430	0.01842	0.04169	0.12441	0.17052	0.45802	0.03060	0.00624	0.00688	0.04272	0.00601	0.00576
1	0.02029	0.02050	0.03811	0.04641	0.48053	0.02010	0.19768	0.02582	0.01911	0.02699	0.01596	0.02109	0.01300	0.00729	0.00868	0.00256	0.01106	0.00809	0.00414	0.01260
2	0.03103	0.03959	0.02354	0.02140	0.02568	0.67469	0.01605	0.03317	0.02354	0.02033	0.01284	0.01498	0.01070	0.00856	0.00749	0.00214	0.01498	0.00535	0.00428	0.00963
3	0.01947	0.13342	0.48908	0.02207	0.03250	0.11471	0.02637	0.02709	0.01831	0.02454	0.01416	0.01660	0.01057	0.00788	0.00749	0.00244	0.01220	0.00580	0.00362	0.01168
4	0.02277	0.67023	0.04226	0.01467	0.02160	0.07368	0.01433	0.02540	0.01730	0.01960	0.01163	0.01343	0.01066	0.00720	0.00547	0.00180	0.00927	0.00450	0.00360	0.01060
5	0.00990	0.00842	0.00853	0.00850	0.01127	0.00705	0.00638	0.01208	0.01913	0.02291	0.10875	0.07917	0.62797	0.02086	0.00982	0.00280	0.00420	0.01742	0.00778	0.00705
6	0.00982	0.00842	0.00842	0.00842	0.01122	0.00701	0.00631	0.01192	0.01894	0.02244	0.08416	0.07995	0.65285	0.02104	0.00982	0.00281	0.00421	0.01753	0.00771	0.00701
7	0.00982	0.00842	0.00842	0.00842	0.01122	0.00701	0.00631	0.01192	0.01894	0.02244	0.08416	0.07995	0.65285	0.02104	0.00982	0.00281	0.00421	0.01753	0.00771	0.00701
8	0.02065	0.02022	0.03134	0.03989	0.41062	0.05214	0.09123	0.02896	0.13088	0.02800	0.02022	0.02580	0.01679	0.00884	0.00856	0.00262	0.00990	0.03577	0.00508	0.01250
9	0.02006	0.02423	0.12979	0.03488	0.24264	0.04653	0.19598	0.05240	0.04745	0.02728	0.01685	0.02134	0.01336	0.01078	0.04273	0.00319	0.04624	0.00798	0.00442	0.01188
10	0.09813	0.02442	0.02584	0.06546	0.27129	0.19831	0.01896	0.05745	0.10847	0.02822	0.01719	0.01987	0.01374	0.00846	0.00776	0.00245	0.01048	0.00684	0.00504	0.01162
11	0.01089	0.00845	0.00994	0.00983	0.01210	0.00750	0.00742	0.01387	0.02088	0.02743	0.33765	0.10098	0.33491	0.01952	0.00993	0.00280	0.00428	0.04584	0.00836	0.00741
12	0.02701	0.34769	0.03278	0.01799	0.02369	0.34780	0.01520	0.05917	0.02126	0.02157	0.01260	0.01447	0.01085	0.00796	0.00654	0.00199	0.01189	0.00504	0.00415	0.01033
13	0.01789	0.01866	0.05991	0.03828	0.40173	0.01708	0.10330	0.02268	0.01884	0.02595	0.02942	0.05679	0.13167	0.01056	0.00880	0.00262	0.00932	0.01013	0.00489	0.01149
14	0.16540	0.14894	0.29410	0.01914	0.02741	0.16573	0.02053	0.02722	0.01809	0.02598	0.01325	0.01549	0.01029	0.00787	0.00685	0.00237	0.01118	0.00537	0.00400	0.01079
15	0.01993	0.01809	0.02479	0.03159	0.30431	0.01938	0.01823	0.03377	0.32379	0.03057	0.02889	0.02945	0.05980	0.01016	0.00844	0.00266	0.00790	0.00902	0.00647	0.01276
16	0.01516	0.03536	0.52044	0.02032	0.03051	0.01659	0.02533	0.02314	0.01785	0.02546	0.03015	0.03128	0.15194	0.01079	0.00832	0.00267	0.01050	0.00865	0.00443	0.01112
17	0.02248	0.02668	0.08667	0.02902	0.19011	0.20043	0.08075	0.03124	0.15714	0.02657	0.02232	0.02418	0.04667	0.00926	0.00828	0.00252	0.01092	0.00790	0.00525	0.01160
18	0.01148	0.00903	0.01209	0.01493	0.07183	0.00842	0.00982	0.01377	0.01744	0.02261	0.05267	0.38970	0.20460	0.02257	0.01031	0.00321	0.00554	0.10509	0.00737	0.00754
19	0.01026	0.00747	0.00968	0.01117	0.01201	0.00688	0.00760	0.01202	0.01695	0.02255	0.11088	0.58108	0.11151	0.02466	0.01045	0.00324	0.00467	0.02219	0.00786	0.00688
20	0.02632	0.02945	0.02360	0.02444	0.11925	0.36392	0.01668	0.06441	0.16325	0.02648	0.01981	0.02334	0.01628	0.00974	0.00805	0.00244	0.01167	0.03421	0.00556	0.01110
21	0.02271	0.02794	0.11902	0.09351	0.12393	0.19075	0.10105	0.06187	0.12436	0.02717	0.01812	0.02079	0.01394	0.00859	0.00825	0.00254	0.01163	0.00734	0.00498	0.01151
22	0.01154	0.00779	0.01004	0.01127	0.01242	0.00711	0.00777	0.01327	0.01705	0.05444	0.07852	0.55822	0.13124	0.02416	0.01035	0.00322	0.00481	0.02166	0.00791	0.00721
23	0.00994	0.00792	0.00892	0.00972	0.01156	0.00690	0.00689	0.01178	0.01768	0.02193	0.06827	0.33784	0.40522	0.02310	0.01014	0.00304	0.00446	0.02005	0.00771	0.00690
24	0.01829	0.11060	0.52972	0.02312	0.03417	0.06244	0.05767	0.02661	0.01796	0.02525	0.01453	0.01719	0.01065	0.00781	0.00770	0.00252	0.01219	0.00610	0.00360	0.01189
25	0.02000	0.01918	0.03026	0.04063	0.44156	0.02119	0.02252	0.02604	0.07953	0.02619	0.01631	0.02103	0.01384	0.00949	0.01279	0.00278	0.17246	0.00757	0.00443	0.01219
26	0.01145	0.00850	0.01247	0.01293	0.01417	0.00952	0.00975	0.01406	0.01396	0.01974	0.02787	0.19246	0.02892	0.05365	0.51660	0.01097	0.01809	0.01241	0.00523	0.00726
27	0.03103	0.03959	0.02354	0.02140	0.02568	0.67469	0.01605	0.03317	0.02354	0.02033	0.01284	0.01498	0.01070	0.00856	0.00749	0.00214	0.01498	0.00535	0.00428	0.00963
28	0.06588	0.02875	0.02002	0.01789	0.02212	0.40706	0.01362	0.06013	0.02331	0.09791	0.08100	0.05559	0.05009	0.01096	0.00798	0.00236	0.01132	0.00808	0.00600	0.00992
29	0.01774	0.04147	0.63134	0.02321	0.03519	0.01892	0.02973	0.02705	0.01786	0.05945	0.01584	0.01810	0.01105	0.00802	0.00792	0.00263	0.01201	0.00625	0.00386	0.01237
30	0.01187	0.00890	0.01335	0.01335	0.01483	0.01038	0.01038	0.01483	0.01335	0.01928	0.02225	0.03264	0.02077	0.06231	0.67512	0.01335	0.02225	0.00890	0.00445	0.00742
31	0.01834	0.03241	0.36709	0.03361	0.21339	0.01975	0.14403	0.02614	0.01833	0.02660	0.01548	0.01934	0.01167	0.00758	0.00836	0.00262	0.01193	0.00720	0.00381	0.01232
32	0.01114	0.00794	0.01069	0.01219	0.01299	0.00782	0.00877	0.01304	0.01581	0.02112	0.04070	0.44360	0.04712	0.10455	0.08738	0.00507	0.00762	0.12860	0.00705	0.00680
33	0.01569	0.01477	0.02492	0.68808	0.05722	0.01846	0.02307	0.02123	0.01661	0.02123	0.01477	0.02215	0.01107	0.00831	0.00831	0.00277	0.01107	0.00738	0.00369	0.00923
34	0.01197	0.00849	0.01126	0.01126	0.01202	0.00925	0.00778	0.01349	0.01273	0.01774	0.02416	0.04322	0.02536	0.37675	0.36696	0.01077	0.01534	0.01045	0.00473	0.00626
35	0.01187	0.00890	0.01335	0.01335	0.01483	0.01038	0.01038	0.01483	0.01335	0.01928	0.02225	0.03264	0.02077	0.06231	0.67512	0.01335	0.02225	0.00890	0.00445	0.00742
36	0.01187	0.00890	0.01335	0.01335	0.01483	0.01038	0.01038	0.01483	0.01335	0.01928	0.02225	0.03264	0.02077	0.06231	0.67512	0.01335	0.02225	0.00890	0.00445	0.00742
37	0.01020	0.00788	0.00936	0.01047	0.01203	0.00704	0.00748	0.01208	0.01739	0.02196	0.06192	0.40029	0.30763	0.02372	0.01033	0.00316	0.00474	0.05770	0.00771	0.00692
38	0.01208	0.00805	0.00906	0.00906	0.00906	0.00805	0.00503	0.01208	0.01208	0.01611	0.02618	0.05436	0.03020	0.70804	0.04228	0.00805	0.00805	0.01208	0.00503	0.00503
39	0.01012	0.00723	0.00964	0.01157	0.01205	0.00675	0.00771	0.01157	0.01591	0.02121	0.04579	0.70262	0.05495	0.02603	0.01060	0.00337	0.00482	0.02362	0.00771	0.00675
40	0.03103	0.03959	0.02354	0.02140	0.02568	0.67469	0.01605	0.03317	0.02354	0.02033	0.01284	0.01498	0.01070	0.00856	0.00749	0.00214	0.01498	0.00535	0.00428	0.00963
41	0.02552	0.03061	0.02228	0.02019	0.02321	0.44499	0.01555	0.02773	0.01985	0.02010	0.01398	0.01841	0.01235	0.01829	0.11794	0.00422	0.14514	0.00628	0.00418	0.00917
42	0.01441	0.01258	0.01453	0.01472	0.01662	0.08651	0.01171	0.01748	0.01583	0.02067	0.02609	0.04443	0.02573	0.04722	0.44821	0.00991	0.01811	0.14236	0.00516	0.00772
43	0.01028	0.00734	0.00982	0.01175	0.01230	0.00688	0.00798	0.01184	0.01606	0.02138	0.04570	0.67330	0.05460	0.02588	0.01065	0.00340	0.00496	0.05139	0.00771	0.00679
44	0.02066	0.01785	0.01878	0.01691	0.02160	0.02066	0.01315	0.04414	0.64121	0.03475	0.03381	0.03099	0.02536	0.01127	0.00845	0.00282	0.00657	0.00939	0.00845	0.01315
45	0.01120	0.00886	0.01034	0.01108	0.01354	0.00800	0.00905	0.01397	0.01901	0.02338	0.06863	0.08527	0.41901	0.02178	0.01046	0.00320	0.00554	0.24277	0.00769	0.00726
46	0.01961	0.02241	0.04902	0.03501	0.04342	0.02101	0.62605	0.02661	0.01961	0.02661	0.01681	0.02241	0.01261	0.00700	0.00980	0.00280	0.01401	0.00980	0.00420	0.01120
47	0.02066	0.01785	0.01878	0.01691	0.02160	0.02066	0.01315	0.04414	0.64121	0.03475	0.03381	0.03099	0.02536	0.01127	0.00845	0.00282	0.00657	0.00939	0.00845	0.01315
48	0.01278	0.00913	0.01269	0.01460	0.01625	0.00904	0.01233	0.01616	0.01852	0.02418	0.04432	0.20761	0.04914	0.02352	0.01131	0.00374	0.00712	0.49243	0.00766	0.00748
49	0.01149	0.00781	0.00923	0.00981	0.00996	0.00766	0.00584	0.01193	0.01323	0.01764	0.03206	0.24899	0.03763	0.50328	0.03277	0.00665	0.00708	0.01554	0.00584	0.00555
50	0.01774	0.01451	0.01661	0.01626	0.01984	0.01620	0.01324	0.03331	0.39088	0.03077	0.03791	0.05623	0.03439	0.01597	0.00967	0.00322	0.00701	0.24718	0.00813	0.01094
51	0.03158	0.02327	0.02493	0.01911	0.02576	0.02576	0.01579	0.62852	0.03906	0.05236	0.01995	0.01995	0.01413	0.00997	0.00831	0.00249	0.00914	0.00748	0.00831	0.01413
52	0.02138	0.02203	0.01962	0.01584	0.02164	0.19309	0.01239	0.02650	0.08092	0.02556	0.01590	0.01805	0.01308	0.00785	0.00809	0.00179	0.05225	0.00563	0.00502	0.43338
53	0.01071	0.00770	0.01028	0.01213	0.01296	0.00727	0.00870	0.01261	0.01661	0.02192	0.04689	0.56805	0.07602	0.02528	0.01073	0.00343	0.00531	0.12877	0.00770	0.00692
54	0.01055	0.00844	0.00943	0.00918	0.01167	0.00732	0.00689	0.01334	0.02066	0.02655	0.29841	0.07320	0.43603	0.01951	0.00981	0.00273	0.00410	0.01659	0.00825	0.00732
55	0.02471	0.19349	0.02607	0.01791	0.02225	0.37533	0.01437	0.02716	0.01971	0.01991	0.01460	0.01847	0.01291	0.02005	0.15396	0.00452	0.01513	0.00592	0.00414	0.00939
56	0.01014	0.00759	0.00929	0.01060	0.01167	0.00689	0.00720	0.01169	0.01651	0.02127	0.05490	0.50441	0.21153	0.06027	0.01205	0.00347	0.00483	0.02141	0.00757	0.00673
57	0.01460	0.01196	0.01586	0.01505	0.01715	0.01435	0.01183	0.02234	0.16306	0.02305	0.02387	0.03079	0.02087	0.04534	0.45112	0.00986	0.08577	0.00885	0.00532	0.00895
58	0.03158	0.02327	0.02493	0.01911	0.02576	0.02576	0.01579	0.62852	0.03906	0.05236	0.01995	0.01995	0.01413	0.00997	0.00831	0.00249	0.00914	0.00748	0.00831	0.01413
59	0.01934	0.05906	0.17913	0.03057	0.25552	0.10251	0.02163	0.02453	0.01800	0.02426	0.01608	0.02086	0.01345	0.01764	0.12970	0.00437	0.01318	0.00688	0.00405	0.03924
60	0.01691	0.07319	0.63697	0.02325	0.03530	0.01991	0.02995	0.02624	0.01751	0.02600	0.01476	0.01735	0.01053	0.00786	0.00778	0.00259	0.01212	0.00606	0.00351	0.01220
61	0.01029	0.00820	0.00926	0.00973	0.01184	0.00717	0.00716	0.01252	0.01875	0.02351	0.13828	0.22709	0.41510	0.02186	0.01008	0.00297	0.00449	0.04676	0.00787	0.00708
62	0.01992	0.02060	0.03967	0.07629	0.37025	0.02020	0.27618	0.02575	0.01909	0.02662	0.01608	0.02141	0.01282	0.00728	0.00889	0.00262	0.01166	0.00840	0.00413	0.01215
63	0.06519	0.07302	0.02562	0.05859	0.14444	0.34650	0.01712	0.08756	0.02236	0.02543	0.01467	0.01866	0.01240	0.04311	0.00922	0.00256	0.01207	0.00628	0.00465	0.01052
64	0.00982	0.00842	0.00842	0.00842	0.01122	0.00701	0.00631	0.01192	0.01894	0.02244	0.08416	0.07995	0.65285	0.02104	0.00982	0.00281	0.00421	0.01753	0.00771	0.00701
65	0.01020	0.00843	0.00894	0.00881	0.01145	0.00717	0.00661	0.01265	0.01983	0.02456	0.19471	0.07646	0.54098	0.02025	0.00981	0.00277	0.00415	0.01704	0.00799	0.00717
66	0.02322	0.02477	0.03164	0.03743	0.33815	0.17703	0.08810	0.05588	0.02038	0.02589	0.01478	0.01914	0.01231	0.00854	0.01032	0.00256	0.08667	0.00717	0.00431	0.01170
67	0.02106	0.02131	0.03129	0.13898	0.49787	0.09479	0.02406	0.02576	0.01912	0.02551	0.01518	0.02015	0.01258	0.00766	0.00815	0.00247	0.01063	0.00716	0.00407	0.01219
68	0.00993	0.00837	0.00861	0.00866	0.01132	0.00704	0.00645	0.01210	0.01903	0.02294	0.11155	0.10712	0.59641	0.02106	0.00985	0.00282	0.00422	0.01768	0.00779	0.00704
69	0.01028	0.00843	0.00906	0.00890	0.01150	0.00721	0.00668	0.01282	0.02003	0.02504	0.21958	0.07568	0.51581	0.02007	0.00981	0.00276	0.00414	0.01693	0.00806	0.00721
70	0.01930	0.02605	0.18300	0.03427	0.25965	0.06157	0.11146	0.02487	0.01798	0.02515	0.01636	0.05454	0.01414	0.00947	0.01106	0.00274	0.10459	0.00814	0.00411	0.01155
71	0.01086	0.00864	0.00987	0.01009	0.01256	0.00765	0.00792	0.01364	0.01987	0.02504	0.18883	0.07896	0.42763	0.02059	0.01012	0.00296	0.00479	0.12471	0.00798	0.00729
72	0.02056	0.01974	0.03372	0.05099	0.65622	0.01974	0.02550	0.02550	0.01892	0.02714	0.01563	0.02056	0.01316	0.00740	0.00822	0.00247	0.00987	0.00740	0.00411	0.01316
73	0.06066	0.02463	0.02254	0.08582	0.17501	0.27283	0.01669	0.02640	0.04895	0.02391	0.02628	0.05261	0.10786	0.01082	0.00812	0.00247	0.01063	0.00863	0.00506	0.01007
74	0.02247	0.11684	0.09639	0.01841	0.02336	0.29190	0.01623	0.02705	0.05292	0.02285	0.02495	0.03778	0.05244	0.01247	0.00837	0.00262	0.01117	0.14687	0.00528	0.00965
75	0.01529	0.01204	0.01513	0.05874	0.08369	0.01207	0.01138	0.04838	0.10772	0.05780	0.05151	0.19490	0.26380	0.01748	0.00939	0.00287	0.00607	0.01510	0.00735	0.00929
76	0.01187	0.00890	0.01335	0.01335	0.01483	0.01038	0.01038	0.01483	0.01335	0.01928	0.02225	0.03264	0.02077	0.06231	0.67512	0.01335	0.02225	0.00890	0.00445	0.00742
77	0.01597	0.01795	0.06978	0.12141	0.03298	0.01680	0.23829	0.02094	0.01776	0.02383	0.03123	0.03496	0.15741	0.01403	0.04573	0.00335	0.07906	0.01044	0.00487	0.04321
78	0.01723	0.01477	0.01723	0.01230	0.01969	0.01107	0.00984	0.02092	0.01723	0.02707	0.01477	0.01723	0.01230	0.00615	0.00615	0.00123	0.00615	0.00492	0.00492	0.75883
79	0.01035	0.00817	0.00933	0.00960	0.01169	0.00715	0.00698	0.01274	0.01936	0.02476	0.21113	0.21277	0.38418	0.02117	0.00999	0.00288	0.00427	0.01827	0.00806	0.00715
80	0.02234	0.02136	0.01955	0.01763	0.02226	0.12650	0.01362	0.04237	0.54126	0.03242	0.03042	0.02840	0.02299	0.01083	0.00830	0.00271	0.00793	0.00874	0.00778	0.01258
81	0.01000	0.00841	0.00858	0.00854	0.01120	0.00709	0.00634	0.01212	0.01891	0.02276	0.11120	0.07806	0.59980	0.04673	0.01104	0.00299	0.00434	0.01720	0.00769	0.00698
