[name]
unknown

[dist]
# distance from previous block
# <min> <max>
0	10

[block]
# block no. 0 follows, 21 sequences, length 192
# corresponding to MSA columns:
# 10-201
name=unknown_A
#
# <colnr> <probs for GDERKNQSTAVLIFYWHMCP>
#	G	D	E	R	K	N	Q	S	T	A	V	L	I	F	Y	W	H	M	C	P
0	0.04826	0.01437	0.01758	0.24860	0.03066	0.07228	0.01448	0.01919	0.01740	0.02301	0.05402	0.18438	0.02908	0.08992	0.01276	0.00345	0.00880	0.04594	0.00557	0.06025
1	0.01103	0.00768	0.00968	0.01100	0.01133	0.00735	0.00699	0.01202	0.01500	0.02000	0.04027	0.48400	0.04791	0.24945	0.02159	0.00504	0.00603	0.02029	0.00699	0.00633
2	0.01381	0.01105	0.01672	0.02234	0.18222	0.01071	0.01264	0.01622	0.01770	0.02440	0.11706	0.36150	0.04455	0.05017	0.01284	0.04724	0.00649	0.01704	0.00675	0.00856
3	0.01366	0.01110	0.01650	0.19145	0.02529	0.01190	0.05312	0.01589	0.01480	0.01934	0.02764	0.08270	0.06185	0.38808	0.02784	0.00583	0.00909	0.01192	0.00505	0.00697
4	0.01039	0.00836	0.00892	0.00928	0.01139	0.00726	0.00657	0.01217	0.01801	0.02200	0.07215	0.18916	0.46636	0.10247	0.01412	0.00361	0.00489	0.01842	0.00758	0.00690
5	0.01968	0.01101	0.01395	0.01261	0.01579	0.01059	0.00961	0.05658	0.01952	0.19255	0.04269	0.12853	0.16021	0.10349	0.15732	0.00583	0.00996	0.01306	0.00761	0.00940
6	0.01430	0.00979	0.01152	0.01078	0.01278	0.00937	0.00763	0.05733	0.02031	0.05554	0.24767	0.09688	0.15715	0.22839	0.02016	0.00446	0.00595	0.01459	0.00772	0.00767
7	0.01172	0.00840	0.01055	0.01097	0.01225	0.00792	0.00779	0.01407	0.01879	0.02543	0.25642	0.21321	0.11161	0.17323	0.01784	0.00425	0.00559	0.07516	0.00780	0.00703
8	0.01221	0.00793	0.01049	0.01184	0.01273	0.00737	0.00802	0.01382	0.01689	0.05933	0.07196	0.58984	0.05381	0.06483	0.01259	0.00365	0.00523	0.02218	0.00796	0.00731
9	0.01432	0.01167	0.01323	0.01204	0.01560	0.01074	0.00884	0.02024	0.12183	0.02538	0.04211	0.20324	0.15725	0.09266	0.01271	0.00318	0.00585	0.01397	0.00696	0.20818
10	0.01582	0.01130	0.01320	0.01277	0.01457	0.01161	0.00894	0.14528	0.02071	0.02776	0.06061	0.33919	0.04094	0.21411	0.01953	0.00459	0.00681	0.01684	0.00732	0.00812
11	0.01138	0.00814	0.01057	0.04925	0.01394	0.00806	0.00786	0.01260	0.01499	0.01993	0.03819	0.43722	0.04501	0.25713	0.02187	0.00507	0.00644	0.01918	0.00672	0.00645
12	0.18303	0.02366	0.01800	0.01596	0.01985	0.23295	0.01198	0.13682	0.02213	0.02983	0.01877	0.05557	0.01768	0.16129	0.01527	0.00374	0.01031	0.00806	0.00568	0.00943
13	0.07916	0.02161	0.02598	0.03065	0.26591	0.11436	0.01840	0.10389	0.02363	0.16986	0.04899	0.02337	0.01773	0.00922	0.00821	0.00252	0.00963	0.00765	0.00649	0.01274
14	0.06248	0.01791	0.02610	0.14902	0.22711	0.07089	0.07082	0.02330	0.01780	0.02519	0.01760	0.02389	0.01473	0.02005	0.14972	0.00496	0.01330	0.00779	0.04689	0.01044
15	0.07970	0.01198	0.01257	0.01161	0.01449	0.04216	0.00886	0.04389	0.05018	0.03283	0.40898	0.05674	0.16159	0.01629	0.00938	0.00269	0.00519	0.01382	0.00845	0.00859
16	0.06141	0.02059	0.05664	0.37278	0.07091	0.09115	0.12557	0.02459	0.01837	0.02445	0.01566	0.02152	0.01196	0.00827	0.00837	0.00270	0.01173	0.00756	0.03567	0.01008
17	0.02397	0.01834	0.01722	0.01457	0.01890	0.08915	0.01153	0.25336	0.06349	0.03868	0.02706	0.02843	0.05367	0.01067	0.00752	0.00233	0.00750	0.00823	0.29444	0.01095
18	0.01960	0.23005	0.34208	0.02765	0.16784	0.02388	0.02538	0.02634	0.01808	0.02514	0.01444	0.01741	0.01142	0.00774	0.00740	0.00241	0.01103	0.00607	0.00374	0.01230
19	0.03015	0.03783	0.02436	0.02198	0.02582	0.58712	0.01671	0.03230	0.02274	0.02078	0.01291	0.01575	0.01099	0.00953	0.01019	0.00238	0.09863	0.00573	0.00430	0.00980
20	0.02151	0.56102	0.17871	0.01668	0.02513	0.03063	0.01826	0.02580	0.01744	0.02154	0.01258	0.01460	0.01089	0.00746	0.00604	0.00201	0.00986	0.00493	0.00363	0.01128
21	0.01013	0.00835	0.00890	0.00933	0.01168	0.00712	0.00678	0.01213	0.01872	0.02271	0.07760	0.21628	0.51556	0.02267	0.01023	0.00300	0.00445	0.01933	0.00790	0.00712
22	0.03263	0.02338	0.02526	0.01937	0.02616	0.02572	0.01600	0.59143	0.03925	0.08273	0.02107	0.02085	0.01479	0.01023	0.00852	0.00256	0.00926	0.00771	0.00861	0.01447
23	0.01496	0.00974	0.01258	0.01150	0.01401	0.00910	0.00873	0.04289	0.02436	0.08568	0.53557	0.09222	0.07140	0.01702	0.00989	0.00271	0.00455	0.01497	0.00935	0.00877
24	0.02350	0.02515	0.03120	0.08827	0.44501	0.18827	0.02343	0.02786	0.02044	0.02556	0.01520	0.01969	0.01268	0.00796	0.00824	0.00246	0.01156	0.00703	0.00423	0.01226
25	0.76103	0.01646	0.01251	0.01119	0.01646	0.01909	0.00922	0.02502	0.01448	0.03818	0.01185	0.01382	0.00922	0.00790	0.00527	0.00263	0.00658	0.00461	0.00527	0.00922
26	0.02948	0.02361	0.02563	0.02329	0.10281	0.06931	0.01693	0.45144	0.06196	0.04643	0.04870	0.02264	0.01765	0.01018	0.00852	0.00255	0.00951	0.00794	0.00774	0.01369
27	0.01037	0.00741	0.00987	0.01185	0.01234	0.00691	0.00790	0.01185	0.01629	0.02172	0.04690	0.69537	0.05629	0.02666	0.01086	0.00346	0.00494	0.02419	0.00790	0.00691
28	0.02213	0.02030	0.01968	0.01774	0.02251	0.07962	0.01374	0.04420	0.57738	0.03426	0.03269	0.03027	0.02462	0.01129	0.00857	0.00282	0.00751	0.00925	0.00827	0.01314
29	0.01204	0.00870	0.01138	0.01071	0.01271	0.00803	0.00803	0.01606	0.02409	0.03413	0.64335	0.06357	0.08030	0.01740	0.01004	0.00268	0.00401	0.01539	0.00937	0.00803
30	0.03554	0.01872	0.02237	0.01715	0.02384	0.01880	0.01417	0.30352	0.03145	0.38167	0.02762	0.02510	0.01808	0.01039	0.00854	0.00260	0.00820	0.00815	0.00962	0.01448
31	0.03179	0.04056	0.02412	0.02192	0.02631	0.66676	0.01644	0.03398	0.02412	0.02083	0.01315	0.01535	0.01096	0.00877	0.00767	0.00219	0.01535	0.00548	0.00438	0.00987
32	0.01037	0.00741	0.00987	0.01185	0.01234	0.00691	0.00790	0.01185	0.01629	0.02172	0.04690	0.69537	0.05629	0.02666	0.01086	0.00346	0.00494	0.02419	0.00790	0.00691
33	0.02100	0.02038	0.03547	0.05127	0.61218	0.02030	0.06103	0.02618	0.01942	0.02777	0.01608	0.02117	0.01345	0.00756	0.00852	0.00255	0.01036	0.00773	0.00422	0.01336
34	0.01006	0.00862	0.00862	0.00862	0.01149	0.00718	0.00647	0.01221	0.01940	0.02299	0.08621	0.08190	0.64438	0.02155	0.01006	0.00287	0.00431	0.01796	0.00790	0.00718
35	0.03276	0.02318	0.02513	0.01927	0.02606	0.02542	0.01592	0.57905	0.03892	0.09559	0.02135	0.02103	0.01493	0.01024	0.00852	0.00256	0.00922	0.00772	0.00865	0.01447
36	0.03261	0.02341	0.02528	0.01938	0.02618	0.02576	0.01601	0.59332	0.03930	0.08077	0.02103	0.02082	0.01477	0.01023	0.00852	0.00256	0.00927	0.00770	0.00860	0.01447
37	0.02106	0.02022	0.03454	0.05223	0.64784	0.02022	0.02612	0.02612	0.01938	0.02780	0.01601	0.02106	0.01348	0.00758	0.00842	0.00253	0.01011	0.00758	0.00421	0.01348
38	0.15684	0.39867	0.06940	0.01612	0.02271	0.16894	0.01498	0.02734	0.01832	0.02385	0.01232	0.01430	0.01062	0.00776	0.00606	0.00210	0.01022	0.00486	0.00409	0.01048
39	0.03116	0.03937	0.02473	0.02370	0.06276	0.62884	0.01701	0.03352	0.02384	0.02124	0.01332	0.01568	0.01111	0.00870	0.00772	0.00221	0.01504	0.00560	0.00437	0.01008
40	0.01849	0.01856	0.03475	0.27848	0.21018	0.01953	0.20345	0.02435	0.01873	0.02525	0.01771	0.02653	0.01455	0.00871	0.00914	0.00283	0.01172	0.04170	0.00429	0.01106
41	0.01862	0.22415	0.49025	0.02162	0.03275	0.02355	0.02685	0.02655	0.01778	0.02507	0.01434	0.01679	0.01082	0.00787	0.00737	0.00246	0.01163	0.00582	0.00361	0.01213
42	0.03182	0.03958	0.02420	0.02179	0.02631	0.62920	0.01643	0.06832	0.02505	0.02275	0.01358	0.01564	0.01117	0.00885	0.00772	0.00221	0.01500	0.00561	0.00463	0.01014
43	0.76103	0.01646	0.01251	0.01119	0.01646	0.01909	0.00922	0.02502	0.01448	0.03818	0.01185	0.01382	0.00922	0.00790	0.00527	0.00263	0.00658	0.00461	0.00527	0.00922
44	0.01006	0.00862	0.00862	0.00862	0.01149	0.00718	0.00647	0.01221	0.01940	0.02299	0.08621	0.08190	0.64438	0.02155	0.01006	0.00287	0.00431	0.01796	0.00790	0.00718
45	0.01101	0.00847	0.01016	0.01119	0.01270	0.00790	0.00783	0.01417	0.05404	0.02361	0.09152	0.44529	0.22333	0.02378	0.01046	0.00321	0.00481	0.02105	0.00803	0.00744
46	0.01238	0.00825	0.00928	0.00928	0.00928	0.00825	0.00516	0.01238	0.01238	0.01650	0.02681	0.05569	0.03094	0.70092	0.04331	0.00825	0.00825	0.01238	0.00516	0.00516
47	0.01818	0.01557	0.02814	0.02649	0.13323	0.01476	0.20122	0.02274	0.02051	0.07148	0.16203	0.04369	0.06592	0.01369	0.01123	0.04717	0.00916	0.07823	0.00640	0.01017
48	0.03197	0.03508	0.02458	0.02116	0.02634	0.45699	0.01636	0.22577	0.02932	0.03157	0.01554	0.01701	0.01211	0.00924	0.00795	0.00231	0.01339	0.00620	0.00574	0.01137
49	0.02012	0.10637	0.25517	0.03345	0.20844	0.05032	0.15319	0.02693	0.01902	0.02622	0.01542	0.01931	0.01202	0.00769	0.00829	0.00257	0.01200	0.00723	0.00396	0.01229
50	0.06202	0.12301	0.49915	0.02423	0.07648	0.02148	0.02766	0.02660	0.01778	0.02681	0.01469	0.01740	0.01089	0.00794	0.00762	0.00257	0.01162	0.00606	0.00374	0.01224
51	0.06348	0.01626	0.01795	0.01566	0.02001	0.01776	0.01257	0.19910	0.19430	0.03943	0.19381	0.04315	0.03884	0.01386	0.00914	0.00283	0.00688	0.07501	0.00852	0.01143
52	0.01739	0.08192	0.62178	0.02370	0.03597	0.02056	0.03048	0.02687	0.01793	0.02655	0.01507	0.01772	0.01079	0.00804	0.00793	0.00264	0.01238	0.00619	0.00360	0.01248
53	0.01216	0.00912	0.01368	0.01368	0.01520	0.01064	0.01064	0.01520	0.01368	0.01976	0.02279	0.03343	0.02127	0.06382	0.66720	0.01368	0.02279	0.00912	0.00456	0.00760
54	0.02106	0.02022	0.03454	0.05223	0.64784	0.02022	0.02612	0.02612	0.01938	0.02780	0.01601	0.02106	0.01348	0.00758	0.00842	0.00253	0.01011	0.00758	0.00421	0.01348
55	0.01118	0.00838	0.01056	0.01198	0.01353	0.00776	0.00906	0.01350	0.01804	0.02308	0.05727	0.36494	0.21682	0.02440	0.01088	0.00342	0.00554	0.17453	0.00788	0.00724
56	0.76103	0.01646	0.01251	0.01119	0.01646	0.01909	0.00922	0.02502	0.01448	0.03818	0.01185	0.01382	0.00922	0.00790	0.00527	0.00263	0.00658	0.00461	0.00527	0.00922
57	0.01094	0.00786	0.01028	0.01200	0.01280	0.00741	0.00841	0.01269	0.01664	0.02194	0.04750	0.53417	0.08719	0.07308	0.01321	0.00382	0.00553	0.09988	0.00770	0.00693
58	0.02835	0.06450	0.02366	0.02028	0.02492	0.45412	0.01551	0.03680	0.19703	0.02500	0.01921	0.01994	0.01524	0.00949	0.00785	0.00237	0.01261	0.00662	0.00557	0.01094
59	0.02056	0.02280	0.15869	0.01703	0.02482	0.01687	0.01620	0.06473	0.19163	0.06824	0.02202	0.02250	0.01656	0.00864	0.00761	0.00219	0.00803	0.00696	0.00626	0.29768
60	0.01701	0.01842	0.06149	0.17301	0.10725	0.01746	0.25872	0.02247	0.01839	0.02486	0.02316	0.17258	0.02222	0.01190	0.00962	0.00295	0.01104	0.01221	0.00495	0.01029
61	0.26945	0.02905	0.02065	0.01791	0.02312	0.31552	0.01403	0.15931	0.02446	0.03367	0.01432	0.01596	0.01116	0.00880	0.00707	0.00242	0.01118	0.00567	0.00558	0.01066
62	0.01804	0.03669	0.45634	0.02635	0.03701	0.02053	0.15970	0.02776	0.05339	0.02721	0.01662	0.01989	0.01214	0.00840	0.00948	0.00279	0.04401	0.00737	0.00405	0.01223
63	0.01171	0.00797	0.00948	0.01013	0.01029	0.00781	0.00606	0.01220	0.01367	0.01823	0.03345	0.26705	0.03931	0.47813	0.03259	0.00667	0.00716	0.01628	0.00606	0.00574
64	0.01043	0.00863	0.00919	0.00937	0.01199	0.00738	0.00709	0.01278	0.01956	0.02384	0.12048	0.11657	0.53609	0.02167	0.01020	0.00295	0.00453	0.05198	0.00800	0.00727
65	0.01006	0.00862	0.00862	0.00862	0.01149	0.00718	0.00647	0.01221	0.01940	0.02299	0.08621	0.08190	0.64438	0.02155	0.01006	0.00287	0.00431	0.01796	0.00790	0.00718
66	0.03235	0.02384	0.02554	0.01958	0.02639	0.02639	0.01618	0.61946	0.04001	0.05363	0.02043	0.02043	0.01447	0.01022	0.00851	0.00255	0.00936	0.00766	0.00851	0.01447
67	0.01972	0.01885	0.03212	0.22090	0.48964	0.01987	0.02545	0.02494	0.01874	0.02618	0.01577	0.02150	0.01291	0.00783	0.00845	0.00261	0.01044	0.00758	0.00410	0.01240
68	0.02082	0.01997	0.03411	0.08270	0.61926	0.02016	0.02600	0.02591	0.01926	0.02751	0.01596	0.02114	0.01338	0.00763	0.00843	0.00254	0.01017	0.00758	0.00419	0.01328
69	0.03082	0.03871	0.02506	0.02468	0.08275	0.60804	0.01732	0.03327	0.02369	0.02146	0.01341	0.01587	0.01119	0.00866	0.00774	0.00222	0.01487	0.00567	0.00437	0.01019
70	0.02106	0.02022	0.03454	0.05223	0.64784	0.02022	0.02612	0.02612	0.01938	0.02780	0.01601	0.02106	0.01348	0.00758	0.00842	0.00253	0.01011	0.00758	0.00421	0.01348
71	0.01765	0.01513	0.01765	0.01260	0.02017	0.01134	0.01008	0.02143	0.01765	0.02773	0.01513	0.01765	0.01260	0.00630	0.00630	0.00126	0.00630	0.00504	0.00504	0.75295
72	0.01130	0.00848	0.01068	0.01198	0.01363	0.00786	0.00916	0.01378	0.01844	0.02367	0.08281	0.32493	0.22098	0.02393	0.01085	0.00339	0.00555	0.18333	0.00794	0.00730
73	0.01049	0.00864	0.00922	0.00908	0.01176	0.00737	0.00681	0.01306	0.02043	0.02543	0.20825	0.07788	0.52082	0.02064	0.01005	0.00283	0.00425	0.01740	0.00822	0.00737
74	0.02932	0.02423	0.02371	0.01924	0.02525	0.09632	0.01549	0.40202	0.19531	0.04520	0.02339	0.02287	0.01713	0.01041	0.00846	0.00260	0.00933	0.00794	0.00809	0.01369
75	0.01006	0.00862	0.00862	0.00862	0.01149	0.00718	0.00647	0.01221	0.01940	0.02299	0.08621	0.08190	0.64438	0.02155	0.01006	0.00287	0.00431	0.01796	0.00790	0.00718
76	0.02275	0.70604	0.04459	0.01456	0.02184	0.03367	0.01456	0.02548	0.01729	0.02002	0.01183	0.01365	0.01092	0.00728	0.00546	0.00182	0.00910	0.00455	0.00364	0.01092
77	0.01707	0.04402	0.65683	0.02426	0.03683	0.01976	0.03144	0.02695	0.01797	0.02695	0.01527	0.01797	0.01078	0.00809	0.00809	0.00270	0.01258	0.00629	0.00359	0.01258
78	0.01817	0.01795	0.02520	0.02174	0.02184	0.02499	0.01806	0.02011	0.01308	0.02043	0.01198	0.01965	0.01188	0.01832	0.07262	0.00442	0.63903	0.00756	0.00378	0.00919
79	0.02023	0.41277	0.31581	0.01886	0.02848	0.02751	0.02204	0.02613	0.01759	0.02309	0.01336	0.01556	0.01086	0.00764	0.00662	0.00221	0.01064	0.00532	0.00362	0.01165
80	0.03179	0.04056	0.02412	0.02192	0.02631	0.66676	0.01644	0.03398	0.02412	0.02083	0.01315	0.01535	0.01096	0.00877	0.00767	0.00219	0.01535	0.00548	0.00438	0.00987
81	0.01107	0.00814	0.01053	0.01218	0.01339	0.00760	0.00897	0.01321	0.01754	0.02277	0.05295	0.45986	0.15136	0.02511	0.01093	0.00346	0.00549	0.15037	0.00789	0.00716
82	0.03087	0.03903	0.02425	0.02195	0.02603	0.62197	0.01659	0.03304	0.02334	0.02080	0.01302	0.01558	0.01098	0.00920	0.00909	0.00230	0.06219	0.00562	0.00434	0.00983
83	0.01184	0.00802	0.00944	0.00997	0.01010	0.00789	0.00589	0.01223	0.01343	0.01790	0.03221	0.22743	0.03774	0.51990	0.03460	0.00696	0.00736	0.01555	0.00589	0.00563
84	0.01116	0.00778	0.00984	0.01102	0.01139	0.00756	0.00705	0.01219	0.01478	0.01978	0.03868	0.43828	0.04570	0.26773	0.05212	0.00562	0.00692	0.01931	0.00677	0.00632
85	0.03179	0.04056	0.02412	0.02192	0.02631	0.66676	0.01644	0.03398	0.02412	0.02083	0.01315	0.01535	0.01096	0.00877	0.00767	0.00219	0.01535	0.00548	0.00438	0.00987
86	0.01802	0.01670	0.02727	0.02067	0.02703	0.01486	0.20795	0.06328	0.01985	0.02823	0.02306	0.14255	0.02209	0.01119	0.00871	0.00238	0.00896	0.03512	0.00567	0.29642
87	0.02275	0.70604	0.04459	0.01456	0.02184	0.03367	0.01456	0.02548	0.01729	0.02002	0.01183	0.01365	0.01092	0.00728	0.00546	0.00182	0.00910	0.00455	0.00364	0.01092
88	0.01037	0.00741	0.00987	0.01185	0.01234	0.00691	0.00790	0.01185	0.01629	0.02172	0.04690	0.69537	0.05629	0.02666	0.01086	0.00346	0.00494	0.02419	0.00790	0.00691
89	0.02565	0.01915	0.02104	0.01695	0.02224	0.02088	0.01369	0.39351	0.10172	0.04639	0.18925	0.03327	0.03343	0.01229	0.00894	0.00262	0.00764	0.00995	0.00876	0.01263
90	0.01204	0.00870	0.01138	0.01071	0.01271	0.00803	0.00803	0.01606	0.02409	0.03413	0.64335	0.06357	0.08030	0.01740	0.01004	0.00268	0.00401	0.01539	0.00937	0.00803
91	0.02106	0.02022	0.03454	0.05223	0.64784	0.02022	0.02612	0.02612	0.01938	0.02780	0.01601	0.02106	0.01348	0.00758	0.00842	0.00253	0.01011	0.00758	0.00421	0.01348
92	0.02246	0.01323	0.01577	0.01324	0.01761	0.01275	0.01051	0.12513	0.05419	0.20104	0.22452	0.04956	0.17436	0.01498	0.00932	0.00270	0.00597	0.01255	0.00918	0.01091
93	0.01037	0.00741	0.00987	0.01185	0.01234	0.00691	0.00790	0.01185	0.01629	0.02172	0.04690	0.69537	0.05629	0.02666	0.01086	0.00346	0.00494	0.02419	0.00790	0.00691
94	0.02894	0.03458	0.02281	0.02069	0.02519	0.49343	0.01564	0.03700	0.18744	0.02479	0.01892	0.01975	0.01499	0.00951	0.00794	0.00238	0.01303	0.00659	0.00553	0.01083
95	0.01028	0.00857	0.00896	0.00898	0.01166	0.00726	0.00669	0.01259	0.01974	0.02408	0.14188	0.10793	0.55945	0.02136	0.01009	0.00288	0.00431	0.01798	0.00805	0.00726
96	0.02145	0.44096	0.08122	0.02138	0.02891	0.02910	0.17950	0.02576	0.01784	0.02243	0.01346	0.01673	0.01147	0.00775	0.00818	0.00227	0.05039	0.00632	0.00382	0.01108
97	0.76103	0.01646	0.01251	0.01119	0.01646	0.01909	0.00922	0.02502	0.01448	0.03818	0.01185	0.01382	0.00922	0.00790	0.00527	0.00263	0.00658	0.00461	0.00527	0.00922
98	0.01704	0.01290	0.01316	0.01213	0.01569	0.04938	0.00928	0.02338	0.12896	0.10467	0.12654	0.08778	0.33127	0.01742	0.00952	0.00281	0.00575	0.01457	0.00832	0.00944
99	0.01127	0.00779	0.00961	0.01069	0.01097	0.00751	0.00667	0.01209	0.01453	0.01937	0.03787	0.40767	0.04489	0.32991	0.02546	0.00561	0.00643	0.01888	0.00667	0.00612
100	0.02106	0.02022	0.03454	0.05223	0.64784	0.02022	0.02612	0.02612	0.01938	0.02780	0.01601	0.02106	0.01348	0.00758	0.00842	0.00253	0.01011	0.00758	0.00421	0.01348
101	0.01083	0.00865	0.00970	0.00944	0.01197	0.00751	0.00708	0.01372	0.02123	0.02735	0.30411	0.07473	0.42377	0.01993	0.01005	0.00280	0.00419	0.01696	0.00848	0.00751
102	0.01599	0.01419	0.02313	0.32541	0.17107	0.01586	0.02024	0.02068	0.01801	0.02386	0.02541	0.11331	0.02505	0.01362	0.00946	0.00308	0.00960	0.13713	0.00522	0.00968
103	0.02829	0.03368	0.02472	0.02190	0.02525	0.45690	0.01701	0.06496	0.02208	0.02267	0.01305	0.01653	0.01123	0.01050	0.01316	0.00262	0.19487	0.00614	0.00445	0.00999
104	0.01153	0.00868	0.01066	0.01016	0.01240	0.00781	0.00762	0.01506	0.02287	0.03123	0.49835	0.06834	0.22710	0.01848	0.01004	0.00273	0.00409	0.01606	0.00899	0.00781
105	0.02878	0.03411	0.02281	0.01978	0.02499	0.48810	0.01506	0.06589	0.02367	0.02425	0.01401	0.01614	0.01152	0.00832	0.00743	0.00201	0.01305	0.00552	0.00477	0.16978
106	0.02009	0.02296	0.05022	0.03587	0.04448	0.02152	0.61693	0.02726	0.02009	0.02726	0.01722	0.02296	0.01291	0.00717	0.01004	0.00287	0.01435	0.01004	0.00430	0.01148
107	0.01238	0.00825	0.00928	0.00928	0.00928	0.00825	0.00516	0.01238	0.01238	0.01650	0.02681	0.05569	0.03094	0.70092	0.04331	0.00825	0.00825	0.01238	0.00516	0.00516
108	0.02250	0.02643	0.04292	0.03193	0.03903	0.16046	0.44609	0.02823	0.02046	0.02540	0.01592	0.02102	0.01237	0.00806	0.01078	0.00278	0.06147	0.00888	0.00428	0.01098
109	0.01352	0.00965	0.01349	0.01545	0.01732	0.00962	0.01337	0.01729	0.01940	0.02525	0.04517	0.13142	0.04941	0.02369	0.01170	0.00389	0.00766	0.55709	0.00784	0.00778
110	0.01059	0.00851	0.00896	0.00901	0.01122	0.00741	0.00640	0.01245	0.01831	0.02246	0.10704	0.10406	0.47782	0.13958	0.01587	0.00382	0.00501	0.01712	0.00751	0.00687
111	0.01145	0.00862	0.01059	0.01022	0.01238	0.00776	0.00762	0.01487	0.02252	0.03067	0.47144	0.09691	0.22596	0.01890	0.01008	0.00276	0.00413	0.01646	0.00892	0.00776
112	0.01862	0.01862	0.02607	0.02234	0.02234	0.02607	0.01862	0.02048	0.01303	0.02048	0.01117	0.01862	0.01117	0.01489	0.02793	0.00372	0.68535	0.00745	0.00372	0.00931
113	0.01707	0.04402	0.65683	0.02426	0.03683	0.01976	0.03144	0.02695	0.01797	0.02695	0.01527	0.01797	0.01078	0.00809	0.00809	0.00270	0.01258	0.00629	0.00359	0.01258
114	0.02588	0.25113	0.02960	0.01781	0.02351	0.17537	0.01512	0.15664	0.10533	0.02997	0.02001	0.02536	0.01713	0.01029	0.00762	0.00240	0.01018	0.05925	0.00590	0.01149
115	0.01236	0.00831	0.00959	0.00959	0.00970	0.00842	0.00554	0.01257	0.01247	0.01673	0.02653	0.05413	0.03026	0.65638	0.08693	0.00863	0.00927	0.01215	0.00511	0.00533
116	0.03163	0.02470	0.06933	0.01964	0.02685	0.02511	0.01703	0.54388	0.03755	0.08723	0.02085	0.02076	0.01460	0.01009	0.00849	0.00257	0.00946	0.00762	0.00829	0.01434
117	0.03197	0.03511	0.02458	0.02116	0.02634	0.45817	0.01636	0.22469	0.02929	0.03151	0.01552	0.01700	0.01211	0.00924	0.00795	0.00231	0.01340	0.00619	0.00573	0.01137
118	0.06458	0.02893	0.02413	0.01988	0.02569	0.24479	0.01581	0.36202	0.06465	0.04076	0.01830	0.01899	0.01364	0.00969	0.00809	0.00245	0.01115	0.00688	0.00696	0.01261
119	0.03029	0.02658	0.10825	0.01986	0.02715	0.06880	0.01776	0.42160	0.06221	0.10060	0.02108	0.02104	0.01486	0.00992	0.00841	0.00257	0.00990	0.00750	0.00776	0.01385
120	0.03194	0.03607	0.02450	0.02129	0.02633	0.49483	0.01637	0.19117	0.02838	0.02964	0.01511	0.01671	0.01190	0.00916	0.00790	0.00229	0.01374	0.00607	0.00549	0.01110
121	0.02117	0.01828	0.01924	0.01732	0.02213	0.02117	0.01347	0.04522	0.63246	0.03560	0.03464	0.03175	0.02598	0.01155	0.00866	0.00289	0.00673	0.00962	0.00866	0.01347
122	0.02251	0.02216	0.03322	0.04810	0.56534	0.07691	0.02482	0.05380	0.02073	0.02837	0.01596	0.02054	0.01331	0.00781	0.00836	0.00250	0.01053	0.00740	0.00442	0.01321
123	0.76103	0.01646	0.01251	0.01119	0.01646	0.01909	0.00922	0.02502	0.01448	0.03818	0.01185	0.01382	0.00922	0.00790	0.00527	0.00263	0.00658	0.00461	0.00527	0.00922
124	0.01478	0.00739	0.01109	0.01109	0.01109	0.00739	0.00739	0.01109	0.01109	0.01478	0.01478	0.02587	0.01478	0.02956	0.03326	0.75240	0.00739	0.00739	0.00370	0.00370
125	0.01665	0.01278	0.01425	0.01295	0.01628	0.01298	0.00991	0.15656	0.07832	0.03312	0.16703	0.17836	0.22074	0.01823	0.00973	0.00288	0.00576	0.01555	0.00839	0.00954
126	0.76103	0.01646	0.01251	0.01119	0.01646	0.01909	0.00922	0.02502	0.01448	0.03818	0.01185	0.01382	0.00922	0.00790	0.00527	0.00263	0.00658	0.00461	0.00527	0.00922
127	0.02056	0.45096	0.28049	0.01830	0.02762	0.02831	0.02107	0.02605	0.01755	0.02269	0.01316	0.01531	0.01087	0.00759	0.00647	0.00216	0.01044	0.00522	0.00362	0.01156
128	0.02862	0.03569	0.02992	0.02500	0.03011	0.49591	0.14808	0.03189	0.02272	0.02222	0.01395	0.01716	0.01140	0.00870	0.00913	0.00241	0.04599	0.00657	0.00434	0.01019
129	0.01224	0.00819	0.00932	0.00946	0.00950	0.00816	0.00535	0.01234	0.01265	0.01687	0.02822	0.10041	0.03271	0.65378	0.04105	0.00792	0.00802	0.01320	0.00535	0.00528
130	0.02166	0.46593	0.03417	0.01437	0.01968	0.11111	0.01275	0.02373	0.01711	0.01936	0.01529	0.02308	0.01531	0.15942	0.01404	0.00328	0.00973	0.00639	0.00407	0.00952
131	0.03185	0.03870	0.02427	0.02166	0.02632	0.59544	0.01641	0.09918	0.02589	0.02448	0.01396	0.01591	0.01135	0.00893	0.00777	0.00223	0.01468	0.00572	0.00484	0.01038
132	0.01605	0.01012	0.01242	0.01156	0.01305	0.01042	0.00792	0.05824	0.01619	0.07840	0.05315	0.04627	0.02894	0.42045	0.17293	0.00829	0.01124	0.01112	0.00593	0.00731
133	0.02058	0.01777	0.01868	0.01686	0.02157	0.02043	0.01310	0.04348	0.60014	0.03493	0.03736	0.03439	0.05858	0.01207	0.00873	0.00289	0.00661	0.01006	0.00862	0.01314
134	0.03235	0.02384	0.02554	0.01958	0.02639	0.02639	0.01618	0.61946	0.04001	0.05363	0.02043	0.02043	0.01447	0.01022	0.00851	0.00255	0.00936	0.00766	0.00851	0.01447
135	0.01671	0.01367	0.01779	0.02051	0.15108	0.01345	0.01279	0.11967	0.02388	0.03184	0.19087	0.08372	0.23836	0.01587	0.00948	0.00273	0.00638	0.01366	0.00756	0.00997
136	0.01586	0.00793	0.00793	0.00793	0.00991	0.00793	0.00595	0.01983	0.01785	0.03173	0.02776	0.03173	0.02181	0.00991	0.00595	0.00198	0.00397	0.00793	0.74817	0.00793
137	0.76103	0.01646	0.01251	0.01119	0.01646	0.01909	0.00922	0.02502	0.01448	0.03818	0.01185	0.01382	0.00922	0.00790	0.00527	0.00263	0.00658	0.00461	0.00527	0.00922
138	0.76103	0.01646	0.01251	0.01119	0.01646	0.01909	0.00922	0.02502	0.01448	0.03818	0.01185	0.01382	0.00922	0.00790	0.00527	0.00263	0.00658	0.00461	0.00527	0.00922
139	0.01122	0.00915	0.00998	0.00969	0.01241	0.00817	0.00729	0.01508	0.05309	0.02690	0.24604	0.07391	0.44721	0.01981	0.00998	0.00282	0.00435	0.01677	0.00837	0.00776
140	0.02964	0.03706	0.02350	0.02137	0.02530	0.58302	0.01617	0.03187	0.02273	0.02073	0.01371	0.01680	0.01170	0.01298	0.05498	0.00309	0.05546	0.00585	0.00436	0.00967
141	0.01052	0.00752	0.01005	0.01203	0.01259	0.00705	0.00817	0.01212	0.01645	0.02190	0.04682	0.66742	0.05594	0.02651	0.01090	0.00348	0.00507	0.05060	0.00790	0.00696
142	0.01037	0.00741	0.00987	0.01185	0.01234	0.00691	0.00790	0.01185	0.01629	0.02172	0.04690	0.69537	0.05629	0.02666	0.01086	0.00346	0.00494	0.02419	0.00790	0.00691
143	0.76103	0.01646	0.01251	0.01119	0.01646	0.01909	0.00922	0.02502	0.01448	0.03818	0.01185	0.01382	0.00922	0.00790	0.00527	0.00263	0.00658	0.00461	0.00527	0.00922
144	0.76103	0.01646	0.01251	0.01119	0.01646	0.01909	0.00922	0.02502	0.01448	0.03818	0.01185	0.01382	0.00922	0.00790	0.00527	0.00263	0.00658	0.00461	0.00527	0.00922
145	0.01216	0.00912	0.01368	0.01368	0.01520	0.01064	0.01064	0.01520	0.01368	0.01976	0.02279	0.03343	0.02127	0.06382	0.66720	0.01368	0.02279	0.00912	0.00456	0.00760
146	0.76103	0.01646	0.01251	0.01119	0.01646	0.01909	0.00922	0.02502	0.01448	0.03818	0.01185	0.01382	0.00922	0.00790	0.00527	0.00263	0.00658	0.00461	0.00527	0.00922
147	0.02106	0.02022	0.03454	0.05223	0.64784	0.02022	0.02612	0.02612	0.01938	0.02780	0.01601	0.02106	0.01348	0.00758	0.00842	0.00253	0.01011	0.00758	0.00421	0.01348
148	0.01037	0.00741	0.00987	0.01185	0.01234	0.00691	0.00790	0.01185	0.01629	0.02172	0.04690	0.69537	0.05629	0.02666	0.01086	0.00346	0.00494	0.02419	0.00790	0.00691
149	0.03235	0.02384	0.02554	0.01958	0.02639	0.02639	0.01618	0.61946	0.04001	0.05363	0.02043	0.02043	0.01447	0.01022	0.00851	0.00255	0.00936	0.00766	0.00851	0.01447
150	0.02106	0.02022	0.03454	0.05223	0.64784	0.02022	0.02612	0.02612	0.01938	0.02780	0.01601	0.02106	0.01348	0.00758	0.00842	0.00253	0.01011	0.00758	0.00421	0.01348
151	0.76103	0.01646	0.01251	0.01119	0.01646	0.01909	0.00922	0.02502	0.01448	0.03818	0.01185	0.01382	0.00922	0.00790	0.00527	0.00263	0.00658	0.00461	0.00527	0.00922
152	0.01853	0.02326	0.16539	0.21811	0.24599	0.01916	0.02419	0.05227	0.04662	0.02710	0.02154	0.02554	0.05699	0.00923	0.00850	0.00269	0.01041	0.00811	0.00461	0.01175
153	0.01042	0.00864	0.00912	0.00900	0.01171	0.00734	0.00675	0.01291	0.02024	0.02499	0.18653	0.07860	0.54281	0.02080	0.01005	0.00284	0.00426	0.01750	0.00817	0.00734
154	0.01988	0.01631	0.02225	0.07607	0.02490	0.01917	0.04928	0.18937	0.02166	0.03000	0.01919	0.02641	0.01655	0.05738	0.24347	0.00692	0.13710	0.00845	0.00548	0.01015
155	0.02106	0.02022	0.03454	0.05223	0.64784	0.02022	0.02612	0.02612	0.01938	0.02780	0.01601	0.02106	0.01348	0.00758	0.00842	0.00253	0.01011	0.00758	0.00421	0.01348
156	0.02000	0.01726	0.01812	0.01640	0.02101	0.01969	0.01273	0.04175	0.56792	0.03427	0.04007	0.03703	0.09108	0.01260	0.00881	0.00289	0.00648	0.01050	0.00858	0.01281
157	0.01238	0.00825	0.00928	0.00928	0.00928	0.00825	0.00516	0.01238	0.01238	0.01650	0.02681	0.05569	0.03094	0.70092	0.04331	0.00825	0.00825	0.01238	0.00516	0.00516
158	0.01710	0.07166	0.60198	0.02324	0.03513	0.01987	0.02969	0.02642	0.01820	0.02696	0.04224	0.01975	0.01379	0.00845	0.00805	0.00266	0.01205	0.00660	0.00384	0.01231
159	0.03026	0.15288	0.02757	0.02068	0.02555	0.55991	0.01613	0.03255	0.02296	0.02069	0.01293	0.01506	0.01096	0.00852	0.00730	0.00213	0.01429	0.00532	0.00426	0.01004
160	0.01006	0.00862	0.00862	0.00862	0.01149	0.00718	0.00647	0.01221	0.01940	0.02299	0.08621	0.08190	0.64438	0.02155	0.01006	0.00287	0.00431	0.01796	0.00790	0.00718
161	0.01765	0.01513	0.01765	0.01260	0.02017	0.01134	0.01008	0.02143	0.01765	0.02773	0.01513	0.01765	0.01260	0.00630	0.00630	0.00126	0.00630	0.00504	0.00504	0.75295
162	0.03110	0.02322	0.02484	0.01933	0.02592	0.02581	0.01587	0.55551	0.10599	0.05162	0.02201	0.02169	0.01575	0.01036	0.00853	0.00259	0.00907	0.00788	0.00853	0.01436
163	0.01862	0.01862	0.02607	0.02234	0.02234	0.02607	0.01862	0.02048	0.01303	0.02048	0.01117	0.01862	0.01117	0.01489	0.02793	0.00372	0.68535	0.00745	0.00372	0.00931
164	0.02123	0.01742	0.01834	0.01595	0.02078	0.01931	0.01256	0.16392	0.37097	0.03684	0.04261	0.04005	0.15632	0.01340	0.00893	0.00281	0.00679	0.01098	0.00846	0.01234
165	0.02009	0.02296	0.05022	0.03587	0.04448	0.02152	0.61693	0.02726	0.02009	0.02726	0.01722	0.02296	0.01291	0.00717	0.01004	0.00287	0.01435	0.01004	0.00430	0.01148
166	0.01017	0.00863	0.00878	0.00874	0.01157	0.00723	0.00656	0.01244	0.01967	0.02364	0.11889	0.08082	0.61130	0.02131	0.01006	0.00286	0.00429	0.01781	0.00799	0.00723
167	0.01626	0.01549	0.02666	0.65078	0.05796	0.01903	0.05096	0.02200	0.01716	0.02200	0.01522	0.02270	0.01142	0.00845	0.00858	0.00284	0.01148	0.00768	0.00381	0.00955
168	0.01006	0.00862	0.00862	0.00862	0.01149	0.00718	0.00647	0.01221	0.01940	0.02299	0.08621	0.08190	0.64438	0.02155	0.01006	0.00287	0.00431	0.01796	0.00790	0.00718
169	0.02106	0.02022	0.03454	0.05223	0.64784	0.02022	0.02612	0.02612	0.01938	0.02780	0.01601	0.02106	0.01348	0.00758	0.00842	0.00253	0.01011	0.00758	0.00421	0.01348
170	0.02879	0.01553	0.01783	0.01428	0.01942	0.01576	0.01160	0.23279	0.02758	0.24185	0.02714	0.02695	0.01905	0.01022	0.00768	0.00239	0.00689	0.00804	0.25390	0.01231
171	0.03179	0.04056	0.02412	0.02192	0.02631	0.66676	0.01644	0.03398	0.02412	0.02083	0.01315	0.01535	0.01096	0.00877	0.00767	0.00219	0.01535	0.00548	0.00438	0.00987
172	0.01238	0.00825	0.00928	0.00928	0.00928	0.00825	0.00516	0.01238	0.01238	0.01650	0.02681	0.05569	0.03094	0.70092	0.04331	0.00825	0.00825	0.01238	0.00516	0.00516
173	0.01862	0.01862	0.02607	0.02234	0.02234	0.02607	0.01862	0.02048	0.01303	0.02048	0.01117	0.01862	0.01117	0.01489	0.02793	0.00372	0.68535	0.00745	0.00372	0.00931
174	0.01238	0.00825	0.00928	0.00928	0.00928	0.00825	0.00516	0.01238	0.01238	0.01650	0.02681	0.05569	0.03094	0.70092	0.04331	0.00825	0.00825	0.01238	0.00516	0.00516
175	0.01006	0.00862	0.00862	0.00862	0.01149	0.00718	0.00647	0.01221	0.01940	0.02299	0.08621	0.08190	0.64438	0.02155	0.01006	0.00287	0.00431	0.01796	0.00790	0.00718
176	0.02275	0.70604	0.04459	0.01456	0.02184	0.03367	0.01456	0.02548	0.01729	0.02002	0.01183	0.01365	0.01092	0.00728	0.00546	0.00182	0.00910	0.00455	0.00364	0.01092
177	0.02654	0.10888	0.21253	0.02187	0.02896	0.41219	0.02067	0.03105	0.02162	0.02255	0.01364	0.01595	0.01090	0.00842	0.00757	0.00230	0.01390	0.00562	0.00408	0.01077
178	0.01478	0.00739	0.01109	0.01109	0.01109	0.00739	0.00739	0.01109	0.01109	0.01478	0.01478	0.02587	0.01478	0.02956	0.03326	0.75240	0.00739	0.00739	0.00370	0.00370
179	0.02905	0.24215	0.03032	0.01969	0.02496	0.47498	0.01587	0.03141	0.02205	0.02058	0.01275	0.01483	0.01095	0.00832	0.00700	0.00208	0.01345	0.00520	0.00416	0.01019
180	0.02995	0.03360	0.02320	0.02038	0.02496	0.45649	0.01556	0.16388	0.02659	0.02797	0.01594	0.01927	0.01321	0.04214	0.04716	0.00319	0.01412	0.00648	0.00536	0.01057
181	0.01967	0.02173	0.04341	0.03206	0.03824	0.02280	0.44840	0.02535	0.01810	0.02535	0.01551	0.02173	0.01242	0.00935	0.01508	0.00311	0.20335	0.00931	0.00414	0.01087
182	0.02117	0.01828	0.01924	0.01732	0.02213	0.02117	0.01347	0.04522	0.63246	0.03560	0.03464	0.03175	0.02598	0.01155	0.00866	0.00289	0.00673	0.00962	0.00866	0.01347
183	0.03818	0.01448	0.01975	0.01514	0.02172	0.01251	0.01251	0.04147	0.02436	0.65373	0.03357	0.02897	0.02107	0.01053	0.00856	0.00263	0.00724	0.00856	0.01053	0.01448
184	0.01218	0.00902	0.01318	0.01318	0.01452	0.01037	0.01001	0.01488	0.01353	0.01939	0.02325	0.03596	0.02237	0.13632	0.59621	0.01306	0.02114	0.00949	0.00463	0.00732
185	0.01147	0.00820	0.01114	0.01311	0.01409	0.00786	0.00982	0.01376	0.01738	0.02296	0.04629	0.49732	0.05387	0.02562	0.01116	0.00361	0.00590	0.21133	0.00788	0.00722
186	0.02106	0.02022	0.03454	0.05223	0.64784	0.02022	0.02612	0.02612	0.01938	0.02780	0.01601	0.02106	0.01348	0.00758	0.00842	0.00253	0.01011	0.00758	0.00421	0.01348
187	0.01070	0.00865	0.00952	0.00930	0.01189	0.00746	0.00698	0.01347	0.02093	0.02662	0.26769	0.07593	0.46064	0.02020	0.01005	0.00281	0.00421	0.01712	0.00838	0.00746
188	0.54995	0.01690	0.01589	0.01523	0.06199	0.01877	0.01134	0.05688	0.04348	0.11704	0.01631	0.01735	0.01200	0.00848	0.00621	0.00263	0.00706	0.00568	0.00617	0.01062
189	0.01855	0.01676	0.02327	0.35961	0.07384	0.01996	0.01935	0.03216	0.28418	0.02807	0.02364	0.02653	0.01781	0.00978	0.00857	0.00284	0.00928	0.00846	0.00592	0.01141
190	0.02230	0.59075	0.04554	0.01816	0.02566	0.03162	0.11623	0.02578	0.01776	0.02124	0.01274	0.01522	0.01126	0.00726	0.00623	0.00200	0.00999	0.00548	0.00375	0.01101
191	0.01927	0.21532	0.32392	0.02381	0.06038	0.02375	0.09910	0.02595	0.01782	0.02483	0.01439	0.01761	0.01131	0.00805	0.00870	0.00247	0.05001	0.00637	0.00379	0.04314

[dist]
# distance from previous block
# <min> <max>
0	1

[block]
# block no. 1 follows, 21 sequences, length 13
# corresponding to MSA columns:
# 203-215
name=unknown_B
#
# <colnr> <probs for GDERKNQSTAVLIFYWHMCP>
#	G	D	E	R	K	N	Q	S	T	A	V	L	I	F	Y	W	H	M	C	P
0	0.02090	0.04312	0.49232	0.02365	0.03410	0.18799	0.02754	0.02878	0.01957	0.02536	0.01472	0.01729	0.01083	0.00826	0.00798	0.00256	0.01330	0.00608	0.00380	0.01187
1	0.01998	0.27229	0.40478	0.02076	0.03098	0.06623	0.02465	0.02690	0.01813	0.02416	0.01395	0.01631	0.01084	0.00785	0.00715	0.00236	0.01156	0.00564	0.00366	0.01183
2	0.01298	0.01023	0.01489	0.01975	0.14385	0.00994	0.01115	0.01492	0.01617	0.02197	0.03658	0.43090	0.04246	0.15371	0.01666	0.00419	0.00666	0.01844	0.00660	0.00794
3	0.01233	0.00843	0.01020	0.01020	0.01051	0.00875	0.00630	0.01296	0.01265	0.01718	0.02598	0.05106	0.02893	0.56849	0.17300	0.00938	0.01127	0.01170	0.00503	0.00566
4	0.01219	0.00900	0.01308	0.01308	0.01439	0.01031	0.00989	0.01481	0.01350	0.01931	0.02334	0.03645	0.02259	0.15027	0.58255	0.01294	0.02082	0.00956	0.00464	0.00727
5	0.01174	0.00869	0.01095	0.01038	0.01253	0.00790	0.00779	0.01546	0.02336	0.03240	0.55714	0.06640	0.16758	0.01804	0.01004	0.00271	0.00406	0.01579	0.00914	0.00790
6	0.01478	0.00739	0.01109	0.01109	0.01109	0.00739	0.00739	0.01109	0.01109	0.01478	0.01478	0.02587	0.01478	0.02956	0.03326	0.75240	0.00739	0.00739	0.00370	0.00370
7	0.02117	0.01828	0.01924	0.01732	0.02213	0.02117	0.01347	0.04522	0.63246	0.03560	0.03464	0.03175	0.02598	0.01155	0.00866	0.00289	0.00673	0.00962	0.00866	0.01347
8	0.02275	0.70604	0.04459	0.01456	0.02184	0.03367	0.01456	0.02548	0.01729	0.02002	0.01183	0.01365	0.01092	0.00728	0.00546	0.00182	0.00910	0.00455	0.00364	0.01092
9	0.02551	0.02044	0.02169	0.01820	0.02378	0.02319	0.01452	0.26802	0.40260	0.04260	0.02913	0.02736	0.02151	0.01103	0.00860	0.00276	0.00776	0.00886	0.00860	0.01386
10	0.01862	0.01862	0.02607	0.02234	0.02234	0.02607	0.01862	0.02048	0.01303	0.02048	0.01117	0.01862	0.01117	0.01489	0.02793	0.00372	0.68535	0.00745	0.00372	0.00931
11	0.03049	0.02192	0.02399	0.01878	0.02506	0.02418	0.01541	0.51220	0.06930	0.08083	0.02206	0.02248	0.01596	0.01443	0.05919	0.00343	0.01015	0.00793	0.00832	0.01389
12	0.02370	0.02733	0.04068	0.03057	0.03748	0.18982	0.39333	0.06053	0.02179	0.02661	0.01598	0.02059	0.01239	0.00821	0.01039	0.00273	0.05368	0.00858	0.00452	0.01109

[dist]
# distance from previous block
# <min> <max>
0	1

[block]
# block no. 2 follows, 21 sequences, length 62
# corresponding to MSA columns:
# 217-278
name=unknown_C
#
# <colnr> <probs for GDERKNQSTAVLIFYWHMCP>
#	G	D	E	R	K	N	Q	S	T	A	V	L	I	F	Y	W	H	M	C	P
0	0.05129	0.00871	0.01013	0.01039	0.01231	0.00808	0.00748	0.01410	0.01953	0.02690	0.25588	0.24095	0.22967	0.05177	0.01153	0.00320	0.00469	0.01785	0.00813	0.00741
1	0.20669	0.03239	0.02124	0.01888	0.02375	0.43541	0.01451	0.07478	0.02298	0.05611	0.01430	0.01597	0.01126	0.00875	0.00720	0.00234	0.01245	0.00557	0.00518	0.01026
2	0.01795	0.01677	0.02866	0.03954	0.42295	0.01652	0.06392	0.02214	0.01855	0.02603	0.02489	0.21324	0.02563	0.01299	0.00924	0.00282	0.00895	0.01249	0.00527	0.01146
3	0.02160	0.03746	0.35461	0.02498	0.03456	0.16521	0.12605	0.05516	0.02069	0.02687	0.01535	0.01832	0.01143	0.00810	0.00827	0.00254	0.01308	0.00675	0.00418	0.04479
4	0.03179	0.04056	0.02412	0.02192	0.02631	0.66676	0.01644	0.03398	0.02412	0.02083	0.01315	0.01535	0.01096	0.00877	0.00767	0.00219	0.01535	0.00548	0.00438	0.00987
5	0.03470	0.02007	0.02321	0.01779	0.02451	0.02081	0.01470	0.38693	0.03371	0.29506	0.02572	0.02386	0.01713	0.01034	0.00853	0.00259	0.00851	0.00802	0.00933	0.01448
6	0.01072	0.00865	0.00954	0.00932	0.01190	0.00747	0.00699	0.01350	0.02096	0.02670	0.27192	0.07579	0.45636	0.02017	0.01005	0.00281	0.00421	0.01710	0.00839	0.00747
7	0.03179	0.04056	0.02412	0.02192	0.02631	0.66676	0.01644	0.03398	0.02412	0.02083	0.01315	0.01535	0.01096	0.00877	0.00767	0.00219	0.01535	0.00548	0.00438	0.00987
8	0.01006	0.00862	0.00862	0.00862	0.01149	0.00718	0.00647	0.01221	0.01940	0.02299	0.08621	0.08190	0.64438	0.02155	0.01006	0.00287	0.00431	0.01796	0.00790	0.00718
9	0.01586	0.00793	0.00793	0.00793	0.00991	0.00793	0.00595	0.01983	0.01785	0.03173	0.02776	0.03173	0.02181	0.00991	0.00595	0.00198	0.00397	0.00793	0.74817	0.00793
10	0.76103	0.01646	0.01251	0.01119	0.01646	0.01909	0.00922	0.02502	0.01448	0.03818	0.01185	0.01382	0.00922	0.00790	0.00527	0.00263	0.00658	0.00461	0.00527	0.00922
11	0.03128	0.03802	0.02479	0.02330	0.05884	0.57656	0.01693	0.08511	0.02527	0.02408	0.01394	0.01609	0.01140	0.00883	0.00779	0.00224	0.01455	0.00578	0.00474	0.01046
12	0.02480	0.01740	0.01971	0.01583	0.02205	0.01738	0.01266	0.11472	0.25946	0.15054	0.02680	0.02557	0.01959	0.00964	0.00793	0.00232	0.00706	0.00782	0.00793	0.23079
13	0.02057	0.01776	0.01867	0.01685	0.02156	0.02042	0.01309	0.04345	0.59950	0.03492	0.03741	0.03445	0.05922	0.01208	0.00873	0.00289	0.00660	0.01007	0.00862	0.01313
14	0.59489	0.01658	0.01404	0.01185	0.01759	0.01808	0.00971	0.05313	0.01627	0.03709	0.01284	0.01482	0.01007	0.00773	0.00561	0.00239	0.00667	0.00483	0.00538	0.14044
15	0.01707	0.04402	0.65683	0.02426	0.03683	0.01976	0.03144	0.02695	0.01797	0.02695	0.01527	0.01797	0.01078	0.00809	0.00809	0.00270	0.01258	0.00629	0.00359	0.01258
16	0.03131	0.02332	0.02495	0.01937	0.02599	0.02590	0.01592	0.56592	0.09525	0.05195	0.02176	0.02149	0.01555	0.01034	0.00853	0.00258	0.00912	0.00784	0.00853	0.01438
17	0.02106	0.02022	0.03454	0.05223	0.64784	0.02022	0.02612	0.02612	0.01938	0.02780	0.01601	0.02106	0.01348	0.00758	0.00842	0.00253	0.01011	0.00758	0.00421	0.01348
18	0.01233	0.00845	0.01027	0.01027	0.01061	0.00879	0.00639	0.01301	0.01267	0.01723	0.02591	0.05069	0.02877	0.55792	0.18335	0.00947	0.01151	0.01164	0.00502	0.00570
19	0.01868	0.01345	0.01478	0.01290	0.01533	0.01434	0.00910	0.18791	0.06617	0.02968	0.06810	0.04445	0.02929	0.40690	0.02859	0.00585	0.00817	0.01104	0.00666	0.00861
20	0.03235	0.02384	0.02554	0.01958	0.02639	0.02639	0.01618	0.61946	0.04001	0.05363	0.02043	0.02043	0.01447	0.01022	0.00851	0.00255	0.00936	0.00766	0.00851	0.01447
21	0.01201	0.00945	0.01100	0.01136	0.01344	0.00908	0.00821	0.01714	0.09957	0.02628	0.17013	0.30003	0.23789	0.02135	0.01017	0.00305	0.00481	0.01870	0.00828	0.00807
22	0.01006	0.00862	0.00862	0.00862	0.01149	0.00718	0.00647	0.01221	0.01940	0.02299	0.08621	0.08190	0.64438	0.02155	0.01006	0.00287	0.00431	0.01796	0.00790	0.00718
23	0.02275	0.70604	0.04459	0.01456	0.02184	0.03367	0.01456	0.02548	0.01729	0.02002	0.01183	0.01365	0.01092	0.00728	0.00546	0.00182	0.00910	0.00455	0.00364	0.01092
24	0.01143	0.00867	0.01052	0.01006	0.01234	0.00777	0.00755	0.01487	0.02264	0.03068	0.47105	0.06924	0.25474	0.01868	0.01004	0.00274	0.00411	0.01619	0.00891	0.00777
25	0.01077	0.00865	0.00961	0.00937	0.01193	0.00749	0.00702	0.01359	0.02107	0.02697	0.28542	0.07535	0.44269	0.02007	0.01005	0.00280	0.00420	0.01704	0.00843	0.00749
26	0.01042	0.00864	0.00912	0.00900	0.01172	0.00734	0.00675	0.01291	0.02025	0.02500	0.18704	0.07858	0.54230	0.02080	0.01005	0.00284	0.00426	0.01750	0.00817	0.00734
27	0.01765	0.01513	0.01765	0.01260	0.02017	0.01134	0.01008	0.02143	0.01765	0.02773	0.01513	0.01765	0.01260	0.00630	0.00630	0.00126	0.00630	0.00504	0.00504	0.75295
28	0.01862	0.01862	0.02607	0.02234	0.02234	0.02607	0.01862	0.02048	0.01303	0.02048	0.01117	0.01862	0.01117	0.01489	0.02793	0.00372	0.68535	0.00745	0.00372	0.00931
29	0.03106	0.03902	0.02378	0.02161	0.02602	0.62222	0.01624	0.03476	0.06609	0.02185	0.01464	0.01648	0.01200	0.00896	0.00774	0.00224	0.01475	0.00577	0.00468	0.01011
30	0.03235	0.02384	0.02554	0.01958	0.02639	0.02639	0.01618	0.61946	0.04001	0.05363	0.02043	0.02043	0.01447	0.01022	0.00851	0.00255	0.00936	0.00766	0.00851	0.01447
31	0.03106	0.02895	0.02596	0.02356	0.08745	0.23521	0.01724	0.36966	0.03279	0.04037	0.01762	0.01883	0.01323	0.00948	0.00823	0.00243	0.01139	0.00694	0.00674	0.01287
32	0.02184	0.01887	0.02915	0.10302	0.40433	0.01974	0.02205	0.03110	0.15712	0.07451	0.02138	0.02420	0.01663	0.00878	0.00850	0.00265	0.00926	0.00811	0.00563	0.01316
33	0.01037	0.00741	0.00987	0.01185	0.01234	0.00691	0.00790	0.01185	0.01629	0.02172	0.04690	0.69537	0.05629	0.02666	0.01086	0.00346	0.00494	0.02419	0.00790	0.00691
34	0.01093	0.00856	0.00932	0.00964	0.01161	0.00764	0.00693	0.01271	0.01761	0.02166	0.06631	0.12192	0.41030	0.17459	0.01773	0.00422	0.00556	0.06871	0.00728	0.00677
