[name]
unknown

[dist]
# distance from previous block
# <min> <max>
0	10

[block]
# block no. 0 follows, 22 sequences, length 22
# corresponding to MSA columns:
# 10-31
name=unknown_A
#
# <colnr> <probs for GDERKNQSTAVLIFYWHMCP>
#	G	D	E	R	K	N	Q	S	T	A	V	L	I	F	Y	W	H	M	C	P
0	0.02164	0.03102	0.21090	0.06923	0.23965	0.19721	0.02366	0.02715	0.01966	0.02460	0.01607	0.02203	0.01340	0.00871	0.00810	0.00251	0.01191	0.03698	0.00414	0.01144
1	0.02940	0.02000	0.02201	0.01741	0.02329	0.02167	0.01418	0.44190	0.08361	0.12526	0.02454	0.06231	0.01858	0.01104	0.00834	0.00255	0.00817	0.00870	0.04369	0.01332
2	0.01706	0.09074	0.62070	0.02300	0.03491	0.02026	0.02952	0.02621	0.01749	0.02583	0.01467	0.01724	0.01053	0.00784	0.00771	0.00257	0.01204	0.00602	0.00351	0.01216
3	0.01706	0.08751	0.54708	0.02411	0.07382	0.01972	0.02804	0.02562	0.01788	0.02623	0.04667	0.01967	0.01411	0.00826	0.00783	0.00256	0.01146	0.00655	0.00383	0.01200
4	0.01481	0.01259	0.01332	0.01267	0.01617	0.01316	0.00978	0.02641	0.29320	0.02796	0.05816	0.08400	0.31814	0.01704	0.00934	0.00289	0.00547	0.04709	0.00804	0.00974
5	0.01187	0.00890	0.01335	0.01335	0.01483	0.01038	0.01038	0.01483	0.01335	0.01928	0.02225	0.03264	0.02077	0.06231	0.67512	0.01335	0.02225	0.00890	0.00445	0.00742
6	0.01851	0.01788	0.02894	0.22621	0.31140	0.02092	0.02281	0.02277	0.01657	0.02350	0.01409	0.02037	0.01195	0.00960	0.01343	0.00287	0.19603	0.00736	0.00386	0.01092
7	0.02727	0.17465	0.02686	0.01896	0.02401	0.38902	0.01511	0.06034	0.13913	0.02433	0.01684	0.01788	0.01361	0.00883	0.00726	0.00221	0.01187	0.00602	0.00510	0.01071
8	0.01099	0.00846	0.01004	0.00965	0.01194	0.00751	0.00724	0.01419	0.02171	0.02902	0.42745	0.06913	0.30546	0.01859	0.00981	0.00269	0.00403	0.01602	0.00858	0.00751
9	0.01086	0.00860	0.00987	0.00997	0.01241	0.00761	0.00775	0.01371	0.02022	0.02577	0.23381	0.07704	0.40816	0.02020	0.01005	0.00290	0.00463	0.10101	0.00810	0.00733
10	0.02195	0.03629	0.30200	0.02701	0.07433	0.22247	0.14543	0.02844	0.01990	0.02457	0.01470	0.01792	0.01117	0.00789	0.00817	0.00250	0.01331	0.00671	0.00393	0.01130
11	0.02223	0.06737	0.03356	0.03022	0.16655	0.09704	0.19283	0.06923	0.14966	0.02861	0.01923	0.02200	0.01505	0.00868	0.00929	0.00261	0.04056	0.00808	0.00527	0.01191
12	0.01316	0.01009	0.01230	0.01210	0.01422	0.01021	0.00891	0.02047	0.14975	0.03032	0.35858	0.22988	0.06099	0.01826	0.00974	0.00286	0.00472	0.01619	0.00861	0.00864
13	0.01229	0.00983	0.01464	0.01976	0.14586	0.00945	0.01141	0.01446	0.01653	0.02244	0.03952	0.56094	0.04627	0.02216	0.01011	0.00319	0.00587	0.02025	0.00696	0.00808
14	0.01944	0.35883	0.33939	0.01979	0.02942	0.02580	0.05353	0.02565	0.01733	0.02313	0.01342	0.01580	0.01070	0.00748	0.00678	0.00224	0.01076	0.00552	0.00357	0.01146
15	0.02320	0.28726	0.10908	0.01908	0.02445	0.21414	0.01760	0.02637	0.01797	0.02069	0.01219	0.01537	0.01071	0.00924	0.01103	0.00239	0.15972	0.00552	0.00377	0.01022
16	0.01683	0.01131	0.01285	0.01176	0.01528	0.01090	0.00904	0.02396	0.15540	0.12836	0.13990	0.09889	0.29884	0.01697	0.00934	0.00278	0.00518	0.01435	0.00848	0.00958
17	0.01819	0.01547	0.01719	0.02070	0.15669	0.11239	0.01274	0.02156	0.01759	0.02545	0.02090	0.02636	0.01751	0.02066	0.14663	0.03295	0.01084	0.00752	0.28965	0.00901
18	0.10390	0.02521	0.03108	0.03314	0.24514	0.19814	0.15097	0.02880	0.05618	0.02671	0.01575	0.01929	0.01263	0.00789	0.00805	0.00248	0.01159	0.00717	0.00454	0.01132
19	0.01577	0.03056	0.40888	0.02322	0.10517	0.01621	0.02325	0.02230	0.01647	0.02397	0.01933	0.06980	0.01780	0.15427	0.01524	0.00378	0.01062	0.00866	0.00417	0.01053
20	0.01967	0.02259	0.10181	0.07474	0.39723	0.01998	0.18930	0.02567	0.01885	0.02662	0.01583	0.02083	0.01264	0.00739	0.00862	0.00259	0.01130	0.00793	0.00405	0.01235
21	0.01194	0.00938	0.01134	0.01084	0.01361	0.00797	0.00791	0.01453	0.01840	0.02525	0.17276	0.29138	0.17474	0.01879	0.00931	0.00263	0.00480	0.01651	0.00740	0.17051

[dist]
# distance from previous block
# <min> <max>
0	1

[block]
# block no. 1 follows, 22 sequences, length 29
# corresponding to MSA columns:
# 33-61
name=unknown_B
#
# <colnr> <probs for GDERKNQSTAVLIFYWHMCP>
#	G	D	E	R	K	N	Q	S	T	A	V	L	I	F	Y	W	H	M	C	P
0	0.02507	0.33385	0.13122	0.01795	0.02535	0.11511	0.01742	0.18887	0.02385	0.02953	0.01450	0.01598	0.01158	0.00820	0.00682	0.00215	0.01029	0.00564	0.00493	0.01170
1	0.02162	0.02174	0.03269	0.04801	0.59267	0.08575	0.02454	0.02627	0.01938	0.02645	0.01535	0.02000	0.01291	0.00752	0.00815	0.00243	0.01038	0.00720	0.00413	0.01280
2	0.01189	0.00880	0.01286	0.01286	0.01418	0.01012	0.00977	0.01452	0.01321	0.01892	0.02270	0.03512	0.02185	0.13601	0.60289	0.01275	0.02063	0.00926	0.00452	0.00715
3	0.01189	0.00880	0.01286	0.01286	0.01418	0.01012	0.00977	0.01452	0.01321	0.01892	0.02270	0.03512	0.02185	0.13601	0.60289	0.01275	0.02063	0.00926	0.00452	0.00715
4	0.01208	0.00805	0.00906	0.00906	0.00906	0.00805	0.00503	0.01208	0.01208	0.01611	0.02618	0.05436	0.03020	0.70804	0.04228	0.00805	0.00805	0.01208	0.00503	0.00503
5	0.01012	0.00723	0.00964	0.01157	0.01205	0.00675	0.00771	0.01157	0.01591	0.02121	0.04579	0.70262	0.05495	0.02603	0.01060	0.00337	0.00482	0.02362	0.00771	0.00675
6	0.00982	0.00842	0.00842	0.00842	0.01122	0.00701	0.00631	0.01192	0.01894	0.02244	0.08416	0.07995	0.65285	0.02104	0.00982	0.00281	0.00421	0.01753	0.00771	0.00701
7	0.02162	0.02174	0.03269	0.04801	0.59267	0.08575	0.02454	0.02627	0.01938	0.02645	0.01535	0.02000	0.01291	0.00752	0.00815	0.00243	0.01038	0.00720	0.00413	0.01280
8	0.01940	0.02124	0.04244	0.03380	0.10057	0.02183	0.43570	0.02508	0.01807	0.02525	0.01543	0.02132	0.01230	0.00865	0.01337	0.00295	0.15856	0.00902	0.00407	0.01095
9	0.02563	0.02761	0.02704	0.09800	0.23898	0.28515	0.01976	0.10111	0.04897	0.02713	0.01569	0.01883	0.01258	0.00843	0.00796	0.00238	0.01183	0.00666	0.00482	0.01145
10	0.02169	0.12214	0.15322	0.02837	0.06714	0.14856	0.28814	0.02753	0.01959	0.02442	0.01493	0.01878	0.01163	0.00750	0.00833	0.00249	0.01298	0.00744	0.00400	0.01112
11	0.01552	0.01315	0.01833	0.01612	0.01894	0.01392	0.07931	0.08768	0.06924	0.02768	0.10085	0.26793	0.12086	0.01799	0.01182	0.00304	0.08594	0.01553	0.00712	0.00901
12	0.02343	0.25170	0.08288	0.02290	0.09731	0.20132	0.04884	0.02904	0.08178	0.02308	0.01510	0.01747	0.01254	0.00846	0.00831	0.00229	0.05211	0.00610	0.00434	0.01098
13	0.02791	0.02063	0.02221	0.01724	0.02332	0.02226	0.01404	0.48117	0.05927	0.04630	0.02068	0.02221	0.01550	0.03833	0.00935	0.00257	0.00837	0.00751	0.05273	0.08839
14	0.02227	0.02349	0.02714	0.06787	0.32846	0.18506	0.01962	0.02626	0.01962	0.02508	0.01469	0.01851	0.01224	0.00748	0.00760	0.00213	0.01044	0.00635	0.00431	0.17138
15	0.01418	0.20465	0.01980	0.01229	0.01476	0.01503	0.00967	0.01606	0.01502	0.01952	0.02804	0.26273	0.03129	0.13751	0.15702	0.00582	0.01022	0.01326	0.00542	0.00771
16	0.01204	0.00823	0.00998	0.00998	0.01029	0.00855	0.00618	0.01267	0.01235	0.01679	0.02534	0.04972	0.02819	0.57014	0.17743	0.00919	0.01109	0.01140	0.00491	0.00554
17	0.03158	0.02327	0.02493	0.01911	0.02576	0.02576	0.01579	0.62852	0.03906	0.05236	0.01995	0.01995	0.01413	0.00997	0.00831	0.00249	0.00914	0.00748	0.00831	0.01413
18	0.01034	0.00740	0.00984	0.01142	0.01210	0.00689	0.00773	0.01212	0.01693	0.02283	0.12727	0.61650	0.05810	0.02481	0.01050	0.00327	0.00470	0.02246	0.00790	0.00689
19	0.26970	0.01566	0.01578	0.01310	0.01813	0.01682	0.01065	0.16666	0.04682	0.15723	0.02169	0.02219	0.01563	0.00928	0.00675	0.00243	0.00663	0.00680	0.16702	0.01105
20	0.02056	0.01974	0.03372	0.05099	0.65622	0.01974	0.02550	0.02550	0.01892	0.02714	0.01563	0.02056	0.01316	0.00740	0.00822	0.00247	0.00987	0.00740	0.00411	0.01316
21	0.00984	0.00834	0.00849	0.00861	0.01127	0.00700	0.00640	0.01190	0.01875	0.02237	0.08185	0.11743	0.61686	0.02134	0.00987	0.00284	0.00424	0.01790	0.00771	0.00700
22	0.02677	0.02950	0.02339	0.02325	0.09643	0.35194	0.01624	0.08303	0.20962	0.02799	0.02002	0.02082	0.01565	0.00935	0.00793	0.00241	0.01141	0.00697	0.00583	0.01145
23	0.01208	0.00805	0.00906	0.00906	0.00906	0.00805	0.00503	0.01208	0.01208	0.01611	0.02618	0.05436	0.03020	0.70804	0.04228	0.00805	0.00805	0.01208	0.00503	0.00503
24	0.01569	0.01477	0.02492	0.68808	0.05722	0.01846	0.02307	0.02123	0.01661	0.02123	0.01477	0.02215	0.01107	0.00831	0.00831	0.00277	0.01107	0.00738	0.00369	0.00923
25	0.02304	0.33507	0.21694	0.01891	0.02673	0.20536	0.01946	0.02757	0.01890	0.02171	0.01287	0.01499	0.01063	0.00773	0.00666	0.00212	0.01154	0.00518	0.00374	0.01084
26	0.01848	0.26262	0.46128	0.02058	0.03116	0.02374	0.02529	0.02584	0.01732	0.02409	0.01381	0.01616	0.01057	0.00764	0.00705	0.00235	0.01117	0.00558	0.00352	0.01175
27	0.01431	0.01173	0.01500	0.01297	0.01704	0.00996	0.03584	0.04237	0.01783	0.02525	0.03384	0.31620	0.08116	0.01604	0.00860	0.00240	0.00590	0.01425	0.00645	0.31285
28	0.01066	0.00835	0.00980	0.01072	0.01272	0.00749	0.00819	0.01296	0.01817	0.02263	0.06542	0.24772	0.36536	0.02277	0.01038	0.00317	0.00510	0.14360	0.00770	0.00708

[dist]
# distance from previous block
# <min> <max>
0	1

[block]
# block no. 2 follows, 22 sequences, length 44
# corresponding to MSA columns:
# 63-106
name=unknown_C
#
# <colnr> <probs for GDERKNQSTAVLIFYWHMCP>
#	G	D	E	R	K	N	Q	S	T	A	V	L	I	F	Y	W	H	M	C	P
0	0.01036	0.00771	0.00966	0.01071	0.01194	0.00700	0.00744	0.01240	0.01794	0.02370	0.16591	0.45464	0.18359	0.02332	0.01029	0.00311	0.00453	0.02076	0.00798	0.00700
1	0.02588	0.14738	0.15268	0.02331	0.08299	0.38501	0.01945	0.02981	0.02088	0.02197	0.01328	0.01571	0.01088	0.00809	0.00728	0.00221	0.01301	0.00554	0.00400	0.01063
2	0.01103	0.00835	0.01029	0.01160	0.01279	0.00804	0.00800	0.01455	0.07253	0.02260	0.05014	0.55423	0.13681	0.02400	0.01030	0.00324	0.00489	0.02148	0.00778	0.00736
3	0.14370	0.09009	0.06809	0.02106	0.06126	0.43644	0.01636	0.03021	0.02085	0.02372	0.01284	0.01511	0.01056	0.00820	0.00702	0.00223	0.01266	0.00532	0.00429	0.01000
4	0.02453	0.40746	0.06525	0.02037	0.08363	0.22985	0.01662	0.02757	0.01917	0.02082	0.01249	0.01472	0.01090	0.00762	0.00639	0.00199	0.01102	0.00508	0.00383	0.01065
5	0.09466	0.30681	0.03050	0.01757	0.02306	0.35809	0.01467	0.02906	0.02002	0.02156	0.01221	0.01418	0.01053	0.00790	0.00641	0.00203	0.01176	0.00491	0.00407	0.00998
6	0.01251	0.00988	0.01156	0.01229	0.01412	0.01001	0.00874	0.01916	0.16099	0.02454	0.04922	0.44663	0.14478	0.02181	0.00998	0.00315	0.00513	0.01934	0.00788	0.00827
7	0.02021	0.02186	0.09134	0.04850	0.59960	0.01970	0.02597	0.02557	0.01879	0.02706	0.01556	0.02029	0.01292	0.00745	0.00819	0.00248	0.01009	0.00729	0.00406	0.01308
8	0.01666	0.04297	0.66500	0.02368	0.03596	0.01929	0.03069	0.02631	0.01754	0.02631	0.01491	0.01754	0.01052	0.00789	0.00789	0.00263	0.01228	0.00614	0.00351	0.01228
9	0.09018	0.45130	0.07247	0.01580	0.02274	0.07910	0.01510	0.12091	0.02069	0.02676	0.01317	0.01476	0.01106	0.00777	0.00610	0.00204	0.00937	0.00510	0.00450	0.01108
10	0.01714	0.03965	0.56540	0.02551	0.03716	0.01957	0.12696	0.02636	0.01787	0.02636	0.01522	0.01833	0.01086	0.00775	0.00820	0.00266	0.01256	0.00673	0.00362	0.01210
11	0.02541	0.01609	0.01799	0.01558	0.02019	0.04209	0.01241	0.12984	0.18819	0.21018	0.03223	0.10887	0.02656	0.01321	0.00870	0.00276	0.00720	0.05849	0.05206	0.01195
12	0.01208	0.00805	0.00906	0.00906	0.00906	0.00805	0.00503	0.01208	0.01208	0.01611	0.02618	0.05436	0.03020	0.70804	0.04228	0.00805	0.00805	0.01208	0.00503	0.00503
13	0.19058	0.24692	0.02654	0.01538	0.02117	0.17392	0.01309	0.03039	0.04957	0.13752	0.01668	0.01724	0.01277	0.00834	0.00647	0.00223	0.00932	0.00560	0.00550	0.01079
14	0.01389	0.00956	0.01151	0.01181	0.01358	0.00922	0.00834	0.07963	0.01894	0.05565	0.04683	0.43773	0.14334	0.08330	0.01293	0.00356	0.00558	0.01912	0.00766	0.00780
15	0.01149	0.00811	0.00920	0.00933	0.01137	0.00733	0.00684	0.01431	0.01936	0.02679	0.21733	0.16635	0.28080	0.01856	0.00916	0.00268	0.00416	0.01594	0.15356	0.00733
16	0.01207	0.00810	0.00929	0.00929	0.00937	0.00818	0.00532	0.01223	0.01215	0.01628	0.02597	0.05322	0.02970	0.67389	0.07575	0.00833	0.00880	0.01191	0.00500	0.00516
17	0.02806	0.03464	0.02398	0.02150	0.02479	0.52456	0.01654	0.03013	0.02104	0.02025	0.01239	0.01572	0.01075	0.00994	0.01206	0.00249	0.17173	0.00579	0.00413	0.00951
18	0.03103	0.03959	0.02354	0.02140	0.02568	0.67469	0.01605	0.03317	0.02354	0.02033	0.01284	0.01498	0.01070	0.00856	0.00749	0.00214	0.01498	0.00535	0.00428	0.00963
19	0.02623	0.02080	0.02546	0.02516	0.17037	0.02151	0.01688	0.37067	0.03015	0.04160	0.01794	0.01956	0.01355	0.00863	0.00787	0.00224	0.00873	0.00696	0.00668	0.15903
20	0.04717	0.03280	0.39173	0.03392	0.27891	0.01944	0.02781	0.02592	0.01795	0.02706	0.01506	0.01857	0.01150	0.00769	0.00792	0.00256	0.01111	0.00657	0.00381	0.01250
21	0.00993	0.00842	0.00857	0.00853	0.01129	0.00706	0.00640	0.01214	0.01920	0.02308	0.11722	0.07891	0.61939	0.02080	0.00982	0.00279	0.00419	0.01739	0.00780	0.00706
22	0.01664	0.01340	0.01875	0.07080	0.02221	0.01375	0.08047	0.15324	0.02225	0.02959	0.07955	0.28850	0.09262	0.04505	0.01095	0.00314	0.00735	0.01547	0.00711	0.00915
23	0.02176	0.18295	0.03272	0.02668	0.14759	0.13070	0.06441	0.02483	0.01716	0.02184	0.01273	0.01732	0.01138	0.00989	0.01396	0.00267	0.24053	0.00652	0.00386	0.01049
24	0.02032	0.01950	0.03329	0.08215	0.62692	0.01968	0.02538	0.02529	0.01880	0.02685	0.01558	0.02064	0.01306	0.00745	0.00823	0.00248	0.00993	0.00740	0.00409	0.01297
25	0.02056	0.01974	0.03372	0.05099	0.65622	0.01974	0.02550	0.02550	0.01892	0.02714	0.01563	0.02056	0.01316	0.00740	0.00822	0.00247	0.00987	0.00740	0.00411	0.01316
26	0.01849	0.02082	0.14612	0.02405	0.16850	0.01640	0.01781	0.14998	0.02304	0.03151	0.08731	0.10786	0.12666	0.01314	0.00884	0.00267	0.00819	0.01126	0.00632	0.01103
27	0.02076	0.02075	0.03101	0.04529	0.55325	0.07863	0.02328	0.02524	0.01934	0.02619	0.02020	0.02423	0.05798	0.00847	0.00827	0.00246	0.00994	0.00793	0.00438	0.01240
28	0.02056	0.01974	0.03372	0.05099	0.65622	0.01974	0.02550	0.02550	0.01892	0.02714	0.01563	0.02056	0.01316	0.00740	0.00822	0.00247	0.00987	0.00740	0.00411	0.01316
29	0.01993	0.02350	0.13580	0.04657	0.55593	0.01967	0.02634	0.02563	0.01869	0.02701	0.01551	0.02007	0.01273	0.00748	0.00817	0.00249	0.01026	0.00720	0.00401	0.01302
30	0.01835	0.01994	0.08663	0.20005	0.34314	0.01876	0.05115	0.02506	0.06103	0.02583	0.02065	0.02494	0.05048	0.00871	0.00840	0.00262	0.01002	0.00812	0.00447	0.01166
31	0.02056	0.01974	0.03372	0.05099	0.65622	0.01974	0.02550	0.02550	0.01892	0.02714	0.01563	0.02056	0.01316	0.00740	0.00822	0.00247	0.00987	0.00740	0.00411	0.01316
32	0.01666	0.04297	0.66500	0.02368	0.03596	0.01929	0.03069	0.02631	0.01754	0.02631	0.01491	0.01754	0.01052	0.00789	0.00789	0.00263	0.01228	0.00614	0.00351	0.01228
33	0.02146	0.27142	0.32306	0.01998	0.02888	0.15618	0.02210	0.02720	0.01852	0.02279	0.01334	0.01558	0.01061	0.00776	0.00694	0.00224	0.01166	0.00540	0.00368	0.01119
34	0.08473	0.15513	0.11407	0.01657	0.02168	0.07794	0.05010	0.02178	0.01613	0.02285	0.01715	0.02276	0.01492	0.02908	0.26825	0.00660	0.01506	0.00694	0.02894	0.00931
35	0.01012	0.00723	0.00964	0.01157	0.01205	0.00675	0.00771	0.01157	0.01591	0.02121	0.04579	0.70262	0.05495	0.02603	0.01060	0.00337	0.00482	0.02362	0.00771	0.00675
36	0.00993	0.00799	0.00885	0.00954	0.01152	0.00692	0.00681	0.01180	0.01786	0.02200	0.07048	0.30186	0.43976	0.02282	0.01010	0.00301	0.00443	0.01970	0.00771	0.00692
37	0.04810	0.02997	0.19292	0.10978	0.19861	0.17986	0.02303	0.04835	0.01972	0.02552	0.01448	0.01824	0.01142	0.00831	0.00861	0.00252	0.03867	0.00647	0.00411	0.01132
38	0.02178	0.02309	0.02894	0.13905	0.39170	0.17045	0.02212	0.02604	0.01964	0.02447	0.01780	0.02207	0.03981	0.00839	0.00814	0.00245	0.01099	0.00736	0.00424	0.01148
39	0.01009	0.00733	0.00953	0.01129	0.01198	0.00677	0.00759	0.01160	0.01617	0.02132	0.04920	0.64731	0.10806	0.02558	0.01053	0.00332	0.00477	0.02308	0.00771	0.00677
40	0.01796	0.02278	0.17035	0.02999	0.26351	0.01779	0.02073	0.02780	0.16251	0.02795	0.03075	0.03189	0.11882	0.01061	0.00846	0.00264	0.00874	0.00921	0.00556	0.01196
41	0.02888	0.02136	0.02299	0.01831	0.02441	0.02373	0.01490	0.44130	0.20242	0.07656	0.02433	0.02335	0.01749	0.01034	0.00835	0.00259	0.00834	0.00804	0.00844	0.01386
42	0.02573	0.01862	0.01976	0.01605	0.02123	0.02060	0.01297	0.37378	0.15140	0.04398	0.02430	0.02465	0.01797	0.01016	0.00776	0.00243	0.00742	0.00791	0.18081	0.01246
43	0.02599	0.29838	0.03070	0.01734	0.02327	0.29586	0.01458	0.07381	0.02137	0.02326	0.01311	0.01498	0.01114	0.00781	0.00655	0.00192	0.01111	0.00511	0.00438	0.09933

[dist]
# distance from previous block
# <min> <max>
0	1

[block]
# block no. 3 follows, 22 sequences, length 18
# corresponding to MSA columns:
# 108-125
name=unknown_D
#
# <colnr> <probs for GDERKNQSTAVLIFYWHMCP>
#	G	D	E	R	K	N	Q	S	T	A	V	L	I	F	Y	W	H	M	C	P
0	0.02170	0.34934	0.02959	0.01502	0.01995	0.17842	0.01284	0.02521	0.04760	0.02255	0.12430	0.02589	0.02443	0.06002	0.00943	0.00251	0.00931	0.00726	0.00502	0.00964
1	0.01476	0.01261	0.01487	0.01643	0.09316	0.01257	0.01108	0.05078	0.15275	0.02727	0.05904	0.06034	0.36621	0.01689	0.00938	0.00283	0.00589	0.05621	0.00746	0.00946
2	0.01023	0.00823	0.00912	0.00933	0.01158	0.00712	0.00683	0.01255	0.01926	0.02423	0.18218	0.18370	0.44419	0.02115	0.00995	0.00287	0.00426	0.01812	0.00798	0.00712
3	0.02800	0.02254	0.02925	0.02216	0.02897	0.02426	0.14097	0.44494	0.09673	0.04526	0.02072	0.02158	0.01496	0.00950	0.00863	0.00259	0.00988	0.00815	0.00748	0.01343
4	0.02353	0.61251	0.04055	0.01529	0.02197	0.12869	0.01449	0.02611	0.01787	0.01966	0.01174	0.01357	0.01067	0.00732	0.00565	0.00183	0.00979	0.00458	0.00366	0.01051
5	0.01797	0.16602	0.49106	0.02298	0.03393	0.02199	0.08369	0.02607	0.01761	0.02508	0.01446	0.01721	0.01075	0.00766	0.00759	0.00249	0.01181	0.00617	0.00358	0.01187
6	0.01951	0.02521	0.16750	0.04119	0.36815	0.01998	0.18392	0.02595	0.01881	0.02683	0.01579	0.02042	0.01247	0.00740	0.00857	0.00259	0.01145	0.00777	0.00401	0.01247
7	0.01028	0.00831	0.00870	0.00877	0.01098	0.00720	0.00625	0.01211	0.01793	0.02190	0.10027	0.10486	0.49862	0.12943	0.01498	0.00365	0.00483	0.01684	0.00736	0.00673
8	0.01062	0.00845	0.00953	0.00926	0.01171	0.00735	0.00694	0.01348	0.02083	0.02694	0.31905	0.07255	0.41515	0.01936	0.00981	0.00273	0.00409	0.01649	0.00831	0.00735
9	0.06565	0.20570	0.33152	0.01864	0.02794	0.02120	0.02131	0.02886	0.01851	0.16091	0.01768	0.01853	0.01261	0.00819	0.00718	0.00240	0.00997	0.00609	0.00506	0.01207
10	0.02056	0.01974	0.03372	0.05099	0.65622	0.01974	0.02550	0.02550	0.01892	0.02714	0.01563	0.02056	0.01316	0.00740	0.00822	0.00247	0.00987	0.00740	0.00411	0.01316
11	0.01006	0.00745	0.00941	0.01098	0.01189	0.00680	0.00745	0.01163	0.01647	0.02144	0.05294	0.58647	0.16647	0.02510	0.01046	0.00327	0.00471	0.02248	0.00771	0.00680
12	0.02748	0.02953	0.08110	0.02145	0.05638	0.24980	0.01719	0.22915	0.14308	0.03437	0.01940	0.02009	0.01466	0.00941	0.00801	0.00244	0.01101	0.00697	0.00630	0.01217
13	0.02114	0.01833	0.02145	0.02342	0.15759	0.04886	0.01537	0.15283	0.21518	0.03344	0.03503	0.03749	0.12550	0.01234	0.00873	0.00270	0.00787	0.04375	0.00712	0.01185
14	0.01012	0.00723	0.00964	0.01157	0.01205	0.00675	0.00771	0.01157	0.01591	0.02121	0.04579	0.70262	0.05495	0.02603	0.01060	0.00337	0.00482	0.02362	0.00771	0.00675
15	0.01010	0.00732	0.00955	0.01132	0.01199	0.00677	0.00760	0.01159	0.01614	0.02130	0.04874	0.65468	0.10098	0.02564	0.01054	0.00333	0.00477	0.02315	0.00771	0.00677
16	0.02056	0.01974	0.03372	0.05099	0.65622	0.01974	0.02550	0.02550	0.01892	0.02714	0.01563	0.02056	0.01316	0.00740	0.00822	0.00247	0.00987	0.00740	0.00411	0.01316
17	0.01303	0.00816	0.01057	0.07379	0.01518	0.00832	0.00830	0.01491	0.01556	0.02314	0.03166	0.29449	0.03333	0.06879	0.01381	0.09517	0.00563	0.01418	0.24520	0.00679

[dist]
# distance from previous block
# <min> <max>
0	22

[block]
# block no. 4 follows, 22 sequences, length 66
# corresponding to MSA columns:
# 148-213
name=unknown_E
#
# <colnr> <probs for GDERKNQSTAVLIFYWHMCP>
#	G	D	E	R	K	N	Q	S	T	A	V	L	I	F	Y	W	H	M	C	P
0	0.01897	0.12849	0.22618	0.02051	0.06975	0.14511	0.04049	0.02391	0.01911	0.02331	0.03086	0.03189	0.16595	0.01102	0.00800	0.00245	0.01025	0.00871	0.00475	0.01028
1	0.01284	0.01208	0.01093	0.01066	0.01366	0.07121	0.00812	0.01661	0.06331	0.02366	0.09475	0.07032	0.49527	0.01910	0.00958	0.00279	0.00555	0.04430	0.00750	0.00776
2	0.01254	0.01093	0.01049	0.01016	0.01272	0.04001	0.00734	0.01679	0.09216	0.02259	0.06360	0.06612	0.42752	0.15213	0.01582	0.00379	0.00574	0.01494	0.00712	0.00749
3	0.01449	0.05376	0.13566	0.01397	0.01761	0.01264	0.01246	0.07407	0.01774	0.02393	0.03304	0.29161	0.06401	0.17722	0.01686	0.00412	0.00757	0.01480	0.00614	0.00832
4	0.02262	0.02406	0.03042	0.10465	0.44679	0.17777	0.02298	0.02694	0.01981	0.02493	0.01487	0.01937	0.01237	0.00777	0.00805	0.00242	0.01122	0.00690	0.00411	0.01193
5	0.01986	0.07317	0.15884	0.04220	0.45710	0.02064	0.05810	0.02567	0.01854	0.02642	0.01526	0.01956	0.01244	0.00746	0.00804	0.00247	0.01049	0.00708	0.00396	0.01271
6	0.16667	0.21761	0.02891	0.02507	0.20605	0.12899	0.01623	0.02594	0.01807	0.02610	0.01402	0.01695	0.01180	0.00772	0.00652	0.00220	0.00935	0.00569	0.05539	0.01070
7	0.02987	0.03401	0.02505	0.02455	0.10232	0.46915	0.01715	0.14779	0.02599	0.02737	0.01456	0.01662	0.01166	0.00869	0.00774	0.00225	0.01323	0.00601	0.00504	0.01093
8	0.01056	0.00755	0.01012	0.01158	0.01216	0.00740	0.00784	0.01209	0.01517	0.02044	0.04048	0.54294	0.04761	0.09728	0.10983	0.00527	0.00766	0.02037	0.00698	0.00668
9	0.02128	0.12716	0.02943	0.02149	0.02393	0.14717	0.05869	0.02363	0.01583	0.02044	0.01177	0.01714	0.01095	0.01179	0.01908	0.00302	0.41719	0.00666	0.00378	0.00957
10	0.01727	0.01996	0.16506	0.01650	0.02145	0.01509	0.01528	0.15104	0.08178	0.03041	0.03193	0.33245	0.03304	0.01695	0.00928	0.00296	0.00764	0.01473	0.00694	0.01023
11	0.01026	0.00729	0.00960	0.01139	0.01184	0.00684	0.00752	0.01160	0.01564	0.02085	0.04441	0.65705	0.05321	0.07398	0.01283	0.00370	0.00505	0.02281	0.00752	0.00663
12	0.01649	0.02111	0.14830	0.02131	0.02479	0.02022	0.07309	0.02056	0.01442	0.02164	0.01495	0.02192	0.01337	0.02411	0.17840	0.00571	0.33858	0.00767	0.00386	0.00949
13	0.02759	0.03307	0.02688	0.03112	0.23276	0.45960	0.01915	0.03065	0.02202	0.02257	0.01376	0.01681	0.01151	0.00818	0.00773	0.00225	0.01330	0.00602	0.00423	0.01079
14	0.02442	0.01805	0.02073	0.01702	0.02180	0.02018	0.01383	0.40575	0.02973	0.04035	0.02078	0.02455	0.01654	0.02897	0.25037	0.00643	0.01390	0.00800	0.00691	0.01169
15	0.01283	0.01032	0.01521	0.01465	0.01590	0.01269	0.01158	0.01563	0.01325	0.01939	0.02051	0.03042	0.01926	0.05498	0.57579	0.01186	0.12507	0.00865	0.00433	0.00767
16	0.02874	0.01806	0.02067	0.01665	0.02206	0.01896	0.01340	0.37352	0.03106	0.18701	0.02790	0.15387	0.02351	0.01315	0.00876	0.00268	0.00783	0.01080	0.00865	0.01270
17	0.01208	0.00805	0.00906	0.00906	0.00906	0.00805	0.00503	0.01208	0.01208	0.01611	0.02618	0.05436	0.03020	0.70804	0.04228	0.00805	0.00805	0.01208	0.00503	0.00503
18	0.01187	0.00890	0.01335	0.01335	0.01483	0.01038	0.01038	0.01483	0.01335	0.01928	0.02225	0.03264	0.02077	0.06231	0.67512	0.01335	0.02225	0.00890	0.00445	0.00742
19	0.02221	0.71304	0.04353	0.01421	0.02132	0.03287	0.01421	0.02488	0.01688	0.01955	0.01155	0.01333	0.01066	0.00711	0.00533	0.00178	0.00888	0.00444	0.00355	0.01066
20	0.02281	0.66706	0.04217	0.01471	0.02162	0.07669	0.01434	0.02544	0.01733	0.01960	0.01164	0.01344	0.01066	0.00721	0.00548	0.00180	0.00930	0.00450	0.00360	0.01059
21	0.01968	0.01262	0.01559	0.01583	0.07724	0.01208	0.01098	0.02637	0.13689	0.18186	0.07640	0.07687	0.27289	0.01532	0.00908	0.00273	0.00590	0.01294	0.00819	0.01051
22	0.01208	0.00805	0.00906	0.00906	0.00906	0.00805	0.00503	0.01208	0.01208	0.01611	0.02618	0.05436	0.03020	0.70804	0.04228	0.00805	0.00805	0.01208	0.00503	0.00503
23	0.02620	0.02215	0.01899	0.01596	0.02050	0.17659	0.01260	0.28604	0.02825	0.03765	0.02056	0.02234	0.01564	0.00954	0.00730	0.00223	0.00883	0.00705	0.25064	0.01096
24	0.02165	0.02866	0.17487	0.02964	0.19607	0.14659	0.06289	0.03175	0.16981	0.02743	0.01939	0.02143	0.01498	0.00865	0.00817	0.00255	0.01090	0.00736	0.00506	0.01214
25	0.02553	0.06136	0.02230	0.01840	0.02244	0.32405	0.01440	0.14516	0.02457	0.02774	0.06812	0.05236	0.06926	0.01165	0.00991	0.00247	0.07614	0.00832	0.00575	0.01006
26	0.01256	0.00841	0.01074	0.01108	0.01207	0.00883	0.00794	0.01456	0.01430	0.02055	0.02833	0.08409	0.02951	0.29040	0.22509	0.00803	0.01157	0.08259	0.11278	0.00656
27	0.01190	0.00878	0.01274	0.01274	0.01401	0.01005	0.00962	0.01444	0.01317	0.01883	0.02281	0.03575	0.02212	0.15494	0.58434	0.01259	0.02022	0.00936	0.00453	0.00708
28	0.01096	0.00884	0.01038	0.01052	0.01276	0.00849	0.00787	0.01429	0.04792	0.02250	0.08167	0.14941	0.36843	0.03105	0.17051	0.00542	0.00875	0.01578	0.00701	0.00741
29	0.01581	0.01213	0.01324	0.01250	0.01610	0.01228	0.00983	0.02541	0.22959	0.07183	0.05905	0.06131	0.32885	0.01719	0.00944	0.00291	0.00559	0.07914	0.00814	0.00966
30	0.24396	0.30491	0.06603	0.01872	0.02580	0.02508	0.16121	0.02523	0.01675	0.02689	0.01299	0.01578	0.01063	0.00730	0.00648	0.00230	0.00955	0.00584	0.00418	0.01037
31	0.01738	0.39592	0.02898	0.01258	0.01746	0.02214	0.01146	0.02018	0.01855	0.02311	0.16448	0.03698	0.14954	0.01224	0.00805	0.00223	0.03447	0.00938	0.00557	0.00928
32	0.02102	0.22378	0.22070	0.01958	0.02644	0.11898	0.01989	0.02809	0.09327	0.02360	0.01535	0.01772	0.01245	0.00920	0.01017	0.00250	0.11585	0.00612	0.00425	0.01106
33	0.01237	0.00856	0.01166	0.01166	0.01286	0.00952	0.00858	0.01478	0.01357	0.02003	0.02376	0.03740	0.02299	0.20340	0.44580	0.01070	0.01668	0.00948	0.09928	0.00691
34	0.02221	0.71304	0.04353	0.01421	0.02132	0.03287	0.01421	0.02488	0.01688	0.01955	0.01155	0.01333	0.01066	0.00711	0.00533	0.00178	0.00888	0.00444	0.00355	0.01066
35	0.01129	0.00774	0.00937	0.01011	0.01038	0.00753	0.00621	0.01202	0.01405	0.01881	0.05861	0.31231	0.04193	0.40977	0.02841	0.00598	0.00661	0.01678	0.00626	0.00583
36	0.01734	0.02039	0.09529	0.02606	0.03178	0.01826	0.34540	0.02227	0.01676	0.02324	0.01817	0.02915	0.01645	0.17729	0.01959	0.00415	0.09490	0.00970	0.00427	0.00956
37	0.01002	0.00817	0.00889	0.00943	0.01164	0.00704	0.00691	0.01203	0.01821	0.02223	0.07342	0.23082	0.48627	0.02231	0.01007	0.00298	0.00448	0.04038	0.00771	0.00697
38	0.03158	0.02327	0.02493	0.01911	0.02576	0.02576	0.01579	0.62852	0.03906	0.05236	0.01995	0.01995	0.01413	0.00997	0.00831	0.00249	0.00914	0.00748	0.00831	0.01413
39	0.02013	0.01960	0.02860	0.03905	0.42786	0.06526	0.02135	0.02616	0.07750	0.02593	0.01754	0.02235	0.01484	0.01467	0.08560	0.00381	0.06567	0.00761	0.00454	0.01193
40	0.01926	0.02139	0.04333	0.03183	0.03820	0.02208	0.47926	0.02501	0.01795	0.02501	0.01538	0.02139	0.01219	0.00882	0.01402	0.00300	0.17793	0.00919	0.00406	0.01069
41	0.01232	0.01058	0.01749	0.01553	0.01812	0.00979	0.12717	0.01550	0.01875	0.02529	0.19020	0.35698	0.10948	0.01969	0.01018	0.00303	0.00632	0.01829	0.00738	0.00790
42	0.03103	0.03959	0.02354	0.02140	0.02568	0.67469	0.01605	0.03317	0.02354	0.02033	0.01284	0.01498	0.01070	0.00856	0.00749	0.00214	0.01498	0.00535	0.00428	0.00963
43	0.60604	0.10301	0.01710	0.01232	0.01762	0.08298	0.01030	0.02531	0.01537	0.03350	0.01169	0.01362	0.00936	0.00772	0.00539	0.00243	0.00754	0.00457	0.00487	0.00926
44	0.01012	0.00723	0.00964	0.01157	0.01205	0.00675	0.00771	0.01157	0.01591	0.02121	0.04579	0.70262	0.05495	0.02603	0.01060	0.00337	0.00482	0.02362	0.00771	0.00675
45	0.02346	0.01728	0.01978	0.01632	0.02079	0.01913	0.01311	0.37551	0.02911	0.03955	0.06536	0.02836	0.02140	0.06143	0.20395	0.00594	0.01253	0.00866	0.00708	0.01127
46	0.01050	0.00844	0.00936	0.00913	0.01164	0.00730	0.00685	0.01324	0.02054	0.02625	0.28300	0.07368	0.45163	0.01962	0.00981	0.00274	0.00411	0.01665	0.00822	0.00730
47	0.01012	0.00723	0.00964	0.01157	0.01205	0.00675	0.00771	0.01157	0.01591	0.02121	0.04579	0.70262	0.05495	0.02603	0.01060	0.00337	0.00482	0.02362	0.00771	0.00675
48	0.17373	0.02188	0.02247	0.01753	0.02389	0.02438	0.01448	0.51171	0.03424	0.04944	0.01833	0.01870	0.01314	0.00954	0.00770	0.00251	0.00862	0.00690	0.00770	0.01314
49	0.00999	0.00775	0.00911	0.01020	0.01169	0.00686	0.00710	0.01172	0.01722	0.02174	0.06247	0.43186	0.31494	0.02386	0.01026	0.00313	0.00455	0.02097	0.00771	0.00686
50	0.02995	0.02242	0.02315	0.01807	0.02415	0.05203	0.01480	0.54180	0.03622	0.04883	0.02035	0.02083	0.01470	0.00988	0.00802	0.00242	0.00887	0.00741	0.08278	0.01329
51	0.02131	0.01998	0.03312	0.04881	0.61318	0.02015	0.02483	0.06667	0.02029	0.02886	0.01592	0.02052	0.01323	0.00758	0.00823	0.00247	0.00982	0.00741	0.00440	0.01323
52	0.01282	0.00860	0.01187	0.01187	0.01348	0.00969	0.00918	0.01603	0.01442	0.02236	0.02353	0.03220	0.02091	0.04845	0.49887	0.01035	0.01741	0.00860	0.20188	0.00750
53	0.03154	0.02438	0.02484	0.01927	0.02576	0.07007	0.01581	0.58787	0.03800	0.05017	0.01946	0.01961	0.01389	0.00988	0.00825	0.00247	0.00954	0.00733	0.00804	0.01382
54	0.02830	0.03218	0.02721	0.02576	0.10384	0.40830	0.07525	0.12028	0.05162	0.02713	0.01552	0.01780	0.01232	0.00860	0.00796	0.00232	0.01304	0.00651	0.00503	0.01103
55	0.01026	0.00824	0.00875	0.00893	0.01105	0.00717	0.00634	0.01206	0.01780	0.02183	0.09437	0.14257	0.47546	0.12074	0.01460	0.00362	0.00482	0.01730	0.00738	0.00673
56	0.01137	0.00775	0.00927	0.00997	0.01015	0.00758	0.00601	0.01189	0.01347	0.01796	0.03329	0.28968	0.03918	0.46047	0.03078	0.00636	0.00688	0.01627	0.00601	0.00566
57	0.01354	0.01078	0.01595	0.01907	0.13495	0.01058	0.04131	0.01524	0.01482	0.02015	0.02911	0.22549	0.03290	0.35031	0.02538	0.00543	0.00781	0.01426	0.00556	0.00737
58	0.02731	0.11587	0.02475	0.01938	0.02411	0.42940	0.01509	0.03497	0.18073	0.02392	0.01805	0.01888	0.01445	0.00908	0.00747	0.00227	0.01209	0.00627	0.00526	0.01066
59	0.00982	0.00842	0.00842	0.00842	0.01122	0.00701	0.00631	0.01192	0.01894	0.02244	0.08416	0.07995	0.65285	0.02104	0.00982	0.00281	0.00421	0.01753	0.00771	0.00701
60	0.01012	0.00723	0.00964	0.01157	0.01205	0.00675	0.00771	0.01157	0.01591	0.02121	0.04579	0.70262	0.05495	0.02603	0.01060	0.00337	0.00482	0.02362	0.00771	0.00675
61	0.03127	0.03246	0.02415	0.02040	0.02572	0.39122	0.01594	0.29324	0.03032	0.03432	0.01594	0.01715	0.01220	0.00918	0.00785	0.00229	0.01243	0.00628	0.00604	0.01160
62	0.02159	0.63773	0.11338	0.01528	0.02297	0.03135	0.01607	0.02504	0.01695	0.02031	0.01193	0.01380	0.01065	0.00720	0.00562	0.00187	0.00927	0.00463	0.00355	0.01084
63	0.01048	0.00745	0.00946	0.01091	0.01143	0.00701	0.00712	0.01169	0.01533	0.02029	0.04406	0.54370	0.08239	0.15764	0.01669	0.00425	0.00541	0.02106	0.00719	0.00643
64	0.01797	0.01700	0.02761	0.04071	0.50047	0.01667	0.02086	0.02222	0.01892	0.02601	0.03218	0.03490	0.16763	0.01070	0.00861	0.00255	0.00850	0.00985	0.00498	0.01167
65	0.13685	0.02655	0.02285	0.02398	0.14294	0.30265	0.01594	0.03214	0.02136	0.17215	0.01779	0.01889	0.01320	0.00862	0.00749	0.00236	0.01095	0.00631	0.00576	0.01125

[dist]
# distance from previous block
# <min> <max>
0	9

[block]
# block no. 5 follows, 22 sequences, length 83
# corresponding to MSA columns:
# 223-305
name=unknown_F
#
# <colnr> <probs for GDERKNQSTAVLIFYWHMCP>
#	G	D	E	R	K	N	Q	S	T	A	V	L	I	F	Y	W	H	M	C	P
0	0.05757	0.21032	0.02729	0.01733	0.02261	0.23537	0.01426	0.16479	0.04913	0.02847	0.01605	0.01908	0.01346	0.04548	0.04223	0.00302	0.01135	0.00623	0.00526	0.01071
1	0.02742	0.17514	0.02717	0.01867	0.02405	0.30670	0.01510	0.13978	0.13480	0.02845	0.01757	0.01837	0.01391	0.00899	0.00735	0.00225	0.01115	0.00626	0.00559	0.01128
2	0.02109	0.06183	0.05176	0.01897	0.12032	0.01670	0.01344	0.18335	0.02340	0.03507	0.02171	0.02453	0.01684	0.00913	0.00694	0.00219	0.00699	0.00732	0.34768	0.01074
3	0.02058	0.02118	0.02694	0.06872	0.36459	0.14894	0.02029	0.02457	0.01855	0.02382	0.01643	0.02207	0.01417	0.01928	0.14903	0.00472	0.01357	0.00731	0.00420	0.01104
4	0.02930	0.17770	0.02806	0.01938	0.02478	0.39507	0.01561	0.16403	0.02560	0.02730	0.01415	0.01574	0.01146	0.00857	0.00722	0.00214	0.01240	0.00563	0.00503	0.01085
5	0.01124	0.00770	0.00931	0.01013	0.01034	0.00750	0.00618	0.01186	0.01371	0.01829	0.03455	0.33119	0.04077	0.41680	0.02875	0.00606	0.00667	0.01701	0.00618	0.00577
6	0.01770	0.01672	0.02698	0.03965	0.48439	0.01635	0.02038	0.02188	0.01892	0.02589	0.03388	0.03638	0.18358	0.01104	0.00865	0.00256	0.00836	0.01010	0.00507	0.01152
7	0.01948	0.16865	0.09752	0.03154	0.16969	0.02215	0.27147	0.02499	0.01845	0.02485	0.01717	0.06425	0.01490	0.00844	0.00839	0.00253	0.01126	0.00872	0.00421	0.01132
8	0.01048	0.00754	0.00938	0.01069	0.01135	0.00704	0.00701	0.01171	0.01550	0.02033	0.04644	0.49835	0.12140	0.16209	0.01686	0.00424	0.00539	0.02058	0.00718	0.00644
9	0.00982	0.00842	0.00842	0.00842	0.01122	0.00701	0.00631	0.01192	0.01894	0.02244	0.08416	0.07995	0.65285	0.02104	0.00982	0.00281	0.00421	0.01753	0.00771	0.00701
10	0.02159	0.02259	0.03560	0.04434	0.45990	0.09637	0.14473	0.02661	0.01959	0.02624	0.01554	0.02028	0.01276	0.00746	0.00846	0.00250	0.01129	0.00764	0.00415	0.01236
11	0.01965	0.32461	0.26957	0.02203	0.03129	0.02545	0.14949	0.02576	0.01770	0.02349	0.01388	0.01677	0.01102	0.00737	0.00720	0.00230	0.01119	0.00619	0.00367	0.01136
12	0.02591	0.02992	0.02141	0.01941	0.02319	0.41837	0.01484	0.05650	0.10601	0.02348	0.01742	0.02038	0.01447	0.01796	0.11633	0.00413	0.04870	0.00666	0.00502	0.00992
13	0.01137	0.00848	0.01057	0.01004	0.01217	0.00767	0.00753	0.01492	0.02260	0.03114	0.53809	0.06564	0.19350	0.01780	0.00980	0.00265	0.00398	0.01553	0.00886	0.00767
14	0.02036	0.02030	0.03695	0.04761	0.52670	0.02001	0.15242	0.02573	0.01906	0.02703	0.01588	0.02095	0.01304	0.00732	0.00856	0.00254	0.01074	0.00791	0.00413	0.01275
15	0.01046	0.00844	0.00931	0.00909	0.01162	0.00729	0.00682	0.01317	0.02046	0.02607	0.27342	0.07398	0.46133	0.01969	0.00981	0.00274	0.00411	0.01670	0.00819	0.00729
16	0.01663	0.06563	0.37215	0.02267	0.03201	0.01841	0.14435	0.02487	0.04937	0.02583	0.02724	0.02904	0.11529	0.00996	0.00849	0.00266	0.01087	0.00879	0.00458	0.01118
17	0.01189	0.00881	0.01288	0.01288	0.01421	0.01013	0.00980	0.01453	0.01321	0.01894	0.02268	0.03500	0.02180	0.13258	0.60625	0.01277	0.02071	0.00925	0.00451	0.00716
18	0.02221	0.71304	0.04353	0.01421	0.02132	0.03287	0.01421	0.02488	0.01688	0.01955	0.01155	0.01333	0.01066	0.00711	0.00533	0.00178	0.00888	0.00444	0.00355	0.01066
19	0.01903	0.02017	0.06374	0.02384	0.03120	0.01779	0.27736	0.05397	0.01895	0.02746	0.01556	0.01970	0.01231	0.00755	0.00982	0.00226	0.07195	0.00742	0.00460	0.29532
20	0.01569	0.01477	0.02492	0.68808	0.05722	0.01846	0.02307	0.02123	0.01661	0.02123	0.01477	0.02215	0.01107	0.00831	0.00831	0.00277	0.01107	0.00738	0.00369	0.00923
21	0.01012	0.00723	0.00964	0.01157	0.01205	0.00675	0.00771	0.01157	0.01591	0.02121	0.04579	0.70262	0.05495	0.02603	0.01060	0.00337	0.00482	0.02362	0.00771	0.00675
22	0.01026	0.00782	0.00948	0.01062	0.01204	0.00703	0.00752	0.01217	0.01748	0.02241	0.08854	0.42661	0.26136	0.02371	0.01034	0.00316	0.00471	0.05003	0.00778	0.00694
23	0.02907	0.03617	0.02641	0.02570	0.09906	0.55592	0.05799	0.03185	0.02275	0.02153	0.01343	0.01612	0.01111	0.00832	0.00773	0.00222	0.01433	0.00588	0.00426	0.01014
24	0.03648	0.01431	0.01926	0.01488	0.02123	0.01261	0.01225	0.04066	0.05322	0.63206	0.03282	0.02841	0.02079	0.01033	0.00836	0.00258	0.00705	0.00840	0.01019	0.01409
25	0.02122	0.52707	0.03772	0.12807	0.02703	0.02885	0.01537	0.05277	0.01792	0.02196	0.01327	0.01601	0.01142	0.00757	0.00600	0.00199	0.00902	0.00525	0.04106	0.01044
26	0.01758	0.01464	0.01613	0.01483	0.01851	0.01631	0.01137	0.03438	0.43477	0.03346	0.19926	0.08426	0.04147	0.01378	0.00896	0.00280	0.00575	0.01185	0.00859	0.01131
27	0.03158	0.02327	0.02493	0.01911	0.02576	0.02576	0.01579	0.62852	0.03906	0.05236	0.01995	0.01995	0.01413	0.00997	0.00831	0.00249	0.00914	0.00748	0.00831	0.01413
28	0.76672	0.01607	0.01221	0.01092	0.01607	0.01864	0.00900	0.02442	0.01414	0.03727	0.01157	0.01350	0.00900	0.00771	0.00514	0.00257	0.00643	0.00450	0.00514	0.00900
29	0.02056	0.01974	0.03372	0.05099	0.65622	0.01974	0.02550	0.02550	0.01892	0.02714	0.01563	0.02056	0.01316	0.00740	0.00822	0.00247	0.00987	0.00740	0.00411	0.01316
30	0.01601	0.01509	0.02549	0.64630	0.09649	0.01854	0.02323	0.02151	0.01676	0.02161	0.01482	0.02204	0.01121	0.00825	0.00830	0.00275	0.01100	0.00738	0.00372	0.00949
31	0.02056	0.01974	0.03372	0.05099	0.65622	0.01974	0.02550	0.02550	0.01892	0.02714	0.01563	0.02056	0.01316	0.00740	0.00822	0.00247	0.00987	0.00740	0.00411	0.01316
32	0.01804	0.01674	0.02597	0.37650	0.20927	0.01926	0.02162	0.02721	0.14924	0.02566	0.01902	0.02360	0.01465	0.00869	0.00832	0.00270	0.00980	0.00781	0.00481	0.01110
33	0.02684	0.03164	0.02762	0.03326	0.27831	0.41228	0.01984	0.03010	0.02169	0.02306	0.01396	0.01722	0.01169	0.00810	0.00778	0.00227	0.01293	0.00617	0.00421	0.01104
34	0.02582	0.01722	0.01933	0.01649	0.02178	0.01875	0.01308	0.08231	0.43639	0.20303	0.03261	0.02953	0.02333	0.01092	0.00842	0.00273	0.00688	0.00899	0.00893	0.01348
35	0.00990	0.00810	0.00874	0.00926	0.01144	0.00694	0.00668	0.01183	0.01813	0.02211	0.07394	0.24584	0.49356	0.02237	0.01003	0.00296	0.00437	0.01915	0.00771	0.00694
36	0.01273	0.00812	0.00947	0.00947	0.01009	0.00836	0.00603	0.01397	0.01335	0.01959	0.02574	0.04626	0.02693	0.46659	0.13446	0.00766	0.00945	0.01071	0.15505	0.00595
37	0.01046	0.00844	0.00931	0.00909	0.01162	0.00729	0.00682	0.01317	0.02046	0.02607	0.27342	0.07398	0.46133	0.01969	0.00981	0.00274	0.00411	0.01670	0.00819	0.00729
38	0.02865	0.03225	0.02124	0.01892	0.02316	0.47752	0.01439	0.11512	0.02477	0.02654	0.01610	0.01821	0.01286	0.00894	0.00734	0.00216	0.01240	0.00603	0.12344	0.00997
39	0.01993	0.28758	0.30806	0.02209	0.08511	0.05122	0.02234	0.02718	0.05944	0.02420	0.01491	0.01705	0.01181	0.00781	0.00699	0.00229	0.01053	0.00581	0.00394	0.01171
40	0.17466	0.23628	0.02982	0.01848	0.02420	0.28491	0.07452	0.02827	0.01926	0.02411	0.01259	0.01492	0.01054	0.00780	0.00660	0.00218	0.01133	0.00535	0.00423	0.00997
41	0.01339	0.00956	0.01339	0.01530	0.01721	0.00956	0.01339	0.01721	0.01912	0.02486	0.04399	0.09371	0.04781	0.02295	0.01147	0.00382	0.00765	0.60031	0.00765	0.00765
42	0.02147	0.02096	0.01860	0.01686	0.02115	0.14998	0.01296	0.03800	0.43510	0.03121	0.08753	0.03268	0.05404	0.01166	0.00844	0.00266	0.00792	0.00944	0.00765	0.01170
43	0.00982	0.00842	0.00842	0.00842	0.01122	0.00701	0.00631	0.01192	0.01894	0.02244	0.08416	0.07995	0.65285	0.02104	0.00982	0.00281	0.00421	0.01753	0.00771	0.00701
44	0.01021	0.00727	0.00961	0.01146	0.01192	0.00680	0.00759	0.01159	0.01574	0.02098	0.04493	0.67431	0.05386	0.05581	0.01199	0.00358	0.00496	0.02311	0.00759	0.00667
45	0.02262	0.02437	0.03409	0.04211	0.42206	0.15837	0.12238	0.02730	0.02001	0.02561	0.01523	0.01969	0.01255	0.00758	0.00833	0.00245	0.01163	0.00736	0.00416	0.01209
46	0.00995	0.00842	0.00860	0.00855	0.01130	0.00707	0.00641	0.01217	0.01924	0.02317	0.12218	0.07875	0.61437	0.02077	0.00982	0.00279	0.00419	0.01736	0.00781	0.00707
47	0.01243	0.00892	0.00968	0.00939	0.01050	0.00865	0.00593	0.04296	0.01533	0.01968	0.04192	0.05972	0.20182	0.48278	0.03159	0.00632	0.00704	0.01336	0.00594	0.00604
48	0.01187	0.00890	0.01335	0.01335	0.01483	0.01038	0.01038	0.01483	0.01335	0.01928	0.02225	0.03264	0.02077	0.06231	0.67512	0.01335	0.02225	0.00890	0.00445	0.00742
49	0.02495	0.02058	0.02982	0.04080	0.46651	0.08312	0.02190	0.02926	0.02035	0.15367	0.01879	0.02155	0.01440	0.00809	0.00818	0.00246	0.00981	0.00739	0.00537	0.01301
50	0.02907	0.18960	0.02799	0.01980	0.02471	0.53173	0.01564	0.03132	0.02206	0.02016	0.01255	0.01461	0.01069	0.00824	0.00701	0.00206	0.01362	0.00515	0.00412	0.00986
51	0.02756	0.03300	0.02692	0.03122	0.23501	0.45726	0.01919	0.03062	0.02201	0.02259	0.01377	0.01683	0.01152	0.00818	0.00773	0.00225	0.01328	0.00603	0.00422	0.01080
52	0.01123	0.01164	0.06888	0.01113	0.01437	0.00841	0.00930	0.01416	0.01843	0.02404	0.12967	0.23400	0.32627	0.01973	0.00961	0.00282	0.00519	0.01700	0.00732	0.05681
53	0.01187	0.00890	0.01335	0.01335	0.01483	0.01038	0.01038	0.01483	0.01335	0.01928	0.02225	0.03264	0.02077	0.06231	0.67512	0.01335	0.02225	0.00890	0.00445	0.00742
54	0.02198	0.01736	0.02557	0.03267	0.31712	0.01773	0.01943	0.14513	0.02333	0.07411	0.02520	0.04044	0.02308	0.01225	0.00912	0.00284	0.00894	0.16544	0.00631	0.01195
55	0.01025	0.00843	0.00902	0.00887	0.01149	0.00720	0.00666	0.01277	0.01997	0.02489	0.21182	0.07593	0.52367	0.02013	0.00981	0.00276	0.00414	0.01697	0.00804	0.00720
56	0.02024	0.01941	0.03314	0.09277	0.61694	0.01965	0.02534	0.02522	0.01876	0.02675	0.01557	0.02066	0.01302	0.00746	0.00823	0.00249	0.00995	0.00740	0.00408	0.01290
