[name]
unknown

[dist]
# distance from previous block
# <min> <max>
0	58

[block]
# block no. 0 follows, 21 sequences, length 32
# corresponding to MSA columns:
# 58-89
name=unknown_A
#
# <colnr> <probs for GDERKNQSTAVLIFYWHMCP>
#	G	D	E	R	K	N	Q	S	T	A	V	L	I	F	Y	W	H	M	C	P
0	0.01076	0.00777	0.01027	0.01212	0.01294	0.00728	0.00852	0.01258	0.01689	0.02226	0.04910	0.58421	0.09165	0.02596	0.01092	0.00348	0.00525	0.09310	0.00789	0.00704
1	0.01864	0.02384	0.16789	0.24155	0.33085	0.01971	0.02651	0.02494	0.01833	0.02573	0.01557	0.02089	0.01222	0.00798	0.00838	0.00266	0.01103	0.00729	0.00394	0.01203
2	0.01709	0.01617	0.02737	0.55215	0.17896	0.01918	0.02414	0.02264	0.01750	0.02298	0.01531	0.02236	0.01178	0.00832	0.00849	0.00277	0.01109	0.00757	0.00387	0.01028
3	0.01862	0.01773	0.03013	0.35939	0.35976	0.01958	0.02490	0.02398	0.01822	0.02484	0.01558	0.02186	0.01244	0.00804	0.00847	0.00268	0.01071	0.00757	0.00400	0.01151
4	0.01284	0.00917	0.01271	0.01467	0.01625	0.00904	0.01219	0.01612	0.01873	0.02449	0.04554	0.25276	0.05089	0.02433	0.01152	0.00380	0.00708	0.44243	0.00785	0.00759
5	0.02101	0.02036	0.03536	0.05138	0.61624	0.02029	0.05706	0.02618	0.01941	0.02777	0.01607	0.02116	0.01345	0.00756	0.00851	0.00255	0.01033	0.00771	0.00422	0.01338
6	0.02216	0.02236	0.07013	0.10668	0.03718	0.02202	0.25606	0.15145	0.15764	0.03378	0.02132	0.02405	0.01578	0.00897	0.00913	0.00279	0.01120	0.00895	0.00601	0.01234
7	0.41566	0.02126	0.01872	0.16167	0.05622	0.15139	0.01461	0.02618	0.01723	0.03057	0.01302	0.01640	0.01023	0.00820	0.00661	0.00258	0.00957	0.00557	0.00471	0.00959
8	0.01037	0.00741	0.00987	0.01185	0.01234	0.00691	0.00790	0.01185	0.01629	0.02172	0.04690	0.69537	0.05629	0.02666	0.01086	0.00346	0.00494	0.02419	0.00790	0.00691
9	0.02473	0.08666	0.02724	0.05296	0.06014	0.30516	0.01797	0.02716	0.01875	0.02105	0.01254	0.01709	0.01119	0.01089	0.01524	0.00279	0.26813	0.00636	0.00403	0.00993
10	0.02106	0.02022	0.03454	0.05223	0.64784	0.02022	0.02612	0.02612	0.01938	0.02780	0.01601	0.02106	0.01348	0.00758	0.00842	0.00253	0.01011	0.00758	0.00421	0.01348
11	0.01037	0.00741	0.00987	0.01185	0.01234	0.00691	0.00790	0.01185	0.01629	0.02172	0.04690	0.69537	0.05629	0.02666	0.01086	0.00346	0.00494	0.02419	0.00790	0.00691
12	0.02417	0.33671	0.18833	0.01923	0.02691	0.22721	0.01929	0.02849	0.01958	0.02197	0.01309	0.01524	0.01090	0.00794	0.00679	0.00215	0.01190	0.00527	0.00386	0.01100
13	0.05489	0.09686	0.46760	0.02264	0.03351	0.02187	0.04974	0.10355	0.02068	0.03035	0.01556	0.01791	0.01128	0.00825	0.00786	0.00260	0.01164	0.00638	0.00434	0.01248
14	0.02009	0.02296	0.05022	0.03587	0.04448	0.02152	0.61693	0.02726	0.02009	0.02726	0.01722	0.02296	0.01291	0.00717	0.01004	0.00287	0.01435	0.01004	0.00430	0.01148
15	0.01575	0.01440	0.02057	0.01850	0.01917	0.01922	0.01508	0.01814	0.01332	0.02016	0.01633	0.02519	0.01565	0.03661	0.31159	0.00814	0.39135	0.00819	0.00409	0.00855
16	0.02279	0.06852	0.31132	0.02822	0.14520	0.22834	0.02488	0.02899	0.02017	0.02483	0.01457	0.01750	0.01134	0.00818	0.00790	0.00246	0.01286	0.00619	0.00396	0.01180
17	0.01784	0.16668	0.02838	0.05983	0.02395	0.02318	0.05033	0.02072	0.01478	0.02067	0.01481	0.02173	0.01375	0.02460	0.18032	0.00569	0.29204	0.00739	0.00395	0.00937
18	0.01037	0.00741	0.00987	0.01185	0.01234	0.00691	0.00790	0.01185	0.01629	0.02172	0.04690	0.69537	0.05629	0.02666	0.01086	0.00346	0.00494	0.02419	0.00790	0.00691
19	0.20596	0.01906	0.13460	0.01634	0.05242	0.01529	0.01432	0.02448	0.09467	0.03367	0.25731	0.03622	0.03900	0.01200	0.00820	0.00269	0.00692	0.00982	0.00688	0.01013
20	0.02504	0.03012	0.06031	0.07678	0.16668	0.30742	0.07951	0.03032	0.05877	0.02426	0.01564	0.01920	0.01266	0.00881	0.00933	0.00253	0.05007	0.00695	0.00448	0.01111
21	0.01015	0.00827	0.00899	0.00956	0.01174	0.00711	0.00688	0.01211	0.01850	0.02262	0.07479	0.26010	0.47355	0.02304	0.01029	0.00304	0.00449	0.01977	0.00790	0.00711
22	0.01612	0.01117	0.01315	0.01282	0.01468	0.01149	0.00910	0.14536	0.02065	0.02811	0.03474	0.36118	0.03836	0.13280	0.01662	0.04642	0.00653	0.01662	0.05593	0.00816
23	0.02645	0.02292	0.02812	0.03314	0.28851	0.09083	0.01989	0.20538	0.10125	0.06842	0.02021	0.02199	0.01543	0.00913	0.00841	0.00255	0.00989	0.00768	0.00638	0.01344
24	0.02398	0.02797	0.01967	0.01835	0.02149	0.40518	0.01377	0.02631	0.01987	0.02019	0.01726	0.02401	0.01571	0.07252	0.22950	0.00641	0.01736	0.00714	0.00449	0.00880
25	0.01030	0.00765	0.00962	0.01119	0.01217	0.00697	0.00761	0.01192	0.01693	0.02198	0.05493	0.57007	0.17640	0.02562	0.01070	0.00334	0.00481	0.02292	0.00790	0.00697
26	0.03128	0.03959	0.02461	0.02337	0.05589	0.63599	0.01690	0.03361	0.02389	0.02116	0.01329	0.01562	0.01108	0.00871	0.00771	0.00221	0.01510	0.00558	0.00438	0.01004
27	0.02559	0.02662	0.02117	0.01887	0.02315	0.28950	0.01457	0.12802	0.15540	0.02913	0.02093	0.02340	0.01687	0.02085	0.14273	0.00475	0.01404	0.00747	0.00601	0.01093
28	0.01072	0.00776	0.01013	0.01141	0.01238	0.00717	0.00785	0.01279	0.01818	0.02451	0.17965	0.52199	0.09523	0.02434	0.01064	0.00325	0.00470	0.02191	0.00822	0.00717
29	0.02280	0.06222	0.13849	0.03905	0.37826	0.16140	0.02435	0.02794	0.02007	0.02576	0.01506	0.01893	0.01235	0.00791	0.00806	0.00245	0.01162	0.00676	0.00412	0.01242
30	0.01095	0.00855	0.00925	0.00914	0.01117	0.00758	0.00642	0.01291	0.01852	0.02334	0.16741	0.07249	0.40106	0.18334	0.01801	0.00413	0.00520	0.01618	0.00750	0.00684
31	0.18138	0.16880	0.27623	0.01990	0.02801	0.02334	0.05766	0.02545	0.01659	0.02722	0.01344	0.01657	0.01065	0.00866	0.00948	0.00264	0.09297	0.00594	0.00403	0.01104

[dist]
# distance from previous block
# <min> <max>
1	4

[block]
# block no. 1 follows, 21 sequences, length 55
# corresponding to MSA columns:
# 94-148
name=unknown_B
#
# <colnr> <probs for GDERKNQSTAVLIFYWHMCP>
#	G	D	E	R	K	N	Q	S	T	A	V	L	I	F	Y	W	H	M	C	P
0	0.02024	0.01362	0.01615	0.11641	0.02312	0.06327	0.01221	0.02370	0.02152	0.17907	0.17910	0.08511	0.15151	0.01526	0.00939	0.00280	0.00715	0.04267	0.00795	0.00974
1	0.01635	0.02054	0.12144	0.02530	0.03186	0.01616	0.31180	0.02215	0.01928	0.02623	0.06745	0.15177	0.07653	0.01330	0.00999	0.00299	0.01069	0.04045	0.00560	0.01010
2	0.02091	0.02068	0.20108	0.01653	0.02262	0.01300	0.01632	0.02662	0.04810	0.20549	0.09034	0.21765	0.03392	0.01509	0.00922	0.00290	0.00781	0.01302	0.00758	0.01113
3	0.01166	0.00815	0.01040	0.01106	0.01154	0.00831	0.00722	0.01279	0.01395	0.01892	0.03263	0.26298	0.03730	0.34340	0.16387	0.00780	0.01021	0.01561	0.00594	0.00625
4	0.01830	0.01797	0.03084	0.03234	0.21636	0.02013	0.13798	0.02244	0.01651	0.02391	0.01630	0.02334	0.01435	0.02143	0.15297	0.00528	0.20639	0.00836	0.00416	0.01065
5	0.02378	0.02448	0.03137	0.07358	0.45098	0.15661	0.02335	0.06399	0.02153	0.02763	0.01564	0.01990	0.01291	0.00804	0.00828	0.00247	0.01122	0.00714	0.00449	0.01259
6	0.01284	0.01614	0.14706	0.01486	0.01889	0.01060	0.01427	0.01716	0.01892	0.02535	0.10612	0.20912	0.15214	0.02002	0.01031	0.00325	0.00717	0.18013	0.00712	0.00853
7	0.02100	0.01589	0.01744	0.01550	0.01972	0.01719	0.01201	0.16737	0.25725	0.06752	0.04027	0.17487	0.10622	0.01561	0.00926	0.00291	0.00669	0.01321	0.00847	0.01159
8	0.02600	0.02871	0.02984	0.03823	0.36308	0.28479	0.02167	0.05866	0.02233	0.02623	0.01506	0.01870	0.01250	0.00820	0.00812	0.00239	0.01221	0.00673	0.00450	0.01205
9	0.02166	0.06735	0.30454	0.03186	0.22061	0.15674	0.02586	0.02811	0.01966	0.02559	0.01489	0.01816	0.01165	0.00804	0.00798	0.00250	0.01224	0.00643	0.00395	0.01220
10	0.01018	0.00815	0.00910	0.00986	0.01182	0.00708	0.00702	0.01207	0.01820	0.02250	0.07110	0.31773	0.41831	0.02352	0.01037	0.00310	0.00455	0.02036	0.00790	0.00708
11	0.02781	0.02066	0.02247	0.01826	0.02409	0.02302	0.01477	0.36391	0.23414	0.07780	0.02598	0.02538	0.01903	0.01371	0.04589	0.00330	0.00914	0.00844	0.00845	0.01375
12	0.01914	0.01826	0.03107	0.29413	0.42096	0.01971	0.02516	0.02443	0.01847	0.02547	0.01567	0.02169	0.01266	0.00794	0.00846	0.00265	0.01059	0.00757	0.00405	0.01193
13	0.01874	0.03237	0.34170	0.03306	0.17558	0.02065	0.16066	0.02643	0.01846	0.02681	0.01562	0.01982	0.01189	0.00819	0.00982	0.00276	0.05372	0.00749	0.00390	0.01233
14	0.01012	0.00837	0.00888	0.00930	0.01167	0.00713	0.00677	0.01214	0.01874	0.02272	0.07794	0.21102	0.52061	0.02263	0.01023	0.00300	0.00444	0.01927	0.00790	0.00713
15	0.01989	0.01945	0.03105	0.26096	0.42225	0.04944	0.02484	0.02502	0.01881	0.02546	0.01558	0.02134	0.01265	0.00795	0.00842	0.00262	0.01076	0.00748	0.00408	0.01197
16	0.01424	0.01293	0.01695	0.20361	0.02748	0.04934	0.01390	0.01759	0.01641	0.02100	0.03395	0.04054	0.15843	0.06207	0.23168	0.00673	0.04942	0.01053	0.00507	0.00814
17	0.02741	0.01304	0.01691	0.01394	0.01879	0.01210	0.01114	0.03352	0.09978	0.37165	0.23577	0.04078	0.04130	0.01293	0.00906	0.00268	0.00611	0.01095	0.00991	0.01222
18	0.02779	0.03006	0.02225	0.01964	0.02399	0.38007	0.01516	0.16589	0.02561	0.02821	0.01687	0.02033	0.01395	0.02069	0.14668	0.00469	0.01553	0.00675	0.00538	0.01046
19	0.01763	0.10992	0.59588	0.02329	0.03534	0.02115	0.02976	0.02680	0.01790	0.02626	0.01493	0.01754	0.01079	0.00801	0.00782	0.00261	0.01223	0.00612	0.00360	0.01241
20	0.01559	0.03657	0.52040	0.02096	0.03150	0.01712	0.02619	0.02385	0.01827	0.02612	0.03020	0.03142	0.14414	0.01092	0.00850	0.00273	0.01084	0.00875	0.00450	0.01144
21	0.03179	0.04056	0.02412	0.02192	0.02631	0.66676	0.01644	0.03398	0.02412	0.02083	0.01315	0.01535	0.01096	0.00877	0.00767	0.00219	0.01535	0.00548	0.00438	0.00987
22	0.03092	0.10578	0.02624	0.02105	0.02587	0.56442	0.01624	0.06908	0.02441	0.02276	0.01347	0.01549	0.01117	0.00871	0.00750	0.00218	0.01436	0.00552	0.00456	0.01025
23	0.02275	0.70604	0.04459	0.01456	0.02184	0.03367	0.01456	0.02548	0.01729	0.02002	0.01183	0.01365	0.01092	0.00728	0.00546	0.00182	0.00910	0.00455	0.00364	0.01092
24	0.02275	0.70604	0.04459	0.01456	0.02184	0.03367	0.01456	0.02548	0.01729	0.02002	0.01183	0.01365	0.01092	0.00728	0.00546	0.00182	0.00910	0.00455	0.00364	0.01092
25	0.01006	0.00862	0.00862	0.00862	0.01149	0.00718	0.00647	0.01221	0.01940	0.02299	0.08621	0.08190	0.64438	0.02155	0.01006	0.00287	0.00431	0.01796	0.00790	0.00718
26	0.03818	0.01448	0.01975	0.01514	0.02172	0.01251	0.01251	0.04147	0.02436	0.65373	0.03357	0.02897	0.02107	0.01053	0.00856	0.00263	0.00724	0.00856	0.01053	0.01448
27	0.01012	0.00837	0.00888	0.00930	0.01167	0.00713	0.00677	0.01214	0.01874	0.02272	0.07794	0.21102	0.52061	0.02263	0.01023	0.00300	0.00444	0.01927	0.00790	0.00713
28	0.01037	0.00741	0.00987	0.01185	0.01234	0.00691	0.00790	0.01185	0.01629	0.02172	0.04690	0.69537	0.05629	0.02666	0.01086	0.00346	0.00494	0.02419	0.00790	0.00691
29	0.02106	0.02022	0.03454	0.05223	0.64784	0.02022	0.02612	0.02612	0.01938	0.02780	0.01601	0.02106	0.01348	0.00758	0.00842	0.00253	0.01011	0.00758	0.00421	0.01348
30	0.01212	0.00928	0.01149	0.01260	0.01495	0.00866	0.01055	0.01527	0.01951	0.02439	0.06301	0.08985	0.30869	0.02266	0.01101	0.00346	0.00630	0.34079	0.00787	0.00755
31	0.01707	0.04402	0.65683	0.02426	0.03683	0.01976	0.03144	0.02695	0.01797	0.02695	0.01527	0.01797	0.01078	0.00809	0.00809	0.00270	0.01258	0.00629	0.00359	0.01258
32	0.01903	0.01814	0.03086	0.30853	0.40746	0.01968	0.02510	0.02433	0.01841	0.02533	0.01565	0.02173	0.01261	0.00796	0.00846	0.00265	0.01061	0.00757	0.00404	0.01184
33	0.02275	0.70604	0.04459	0.01456	0.02184	0.03367	0.01456	0.02548	0.01729	0.02002	0.01183	0.01365	0.01092	0.00728	0.00546	0.00182	0.00910	0.00455	0.00364	0.01092
34	0.01037	0.00741	0.00987	0.01185	0.01234	0.00691	0.00790	0.01185	0.01629	0.02172	0.04690	0.69537	0.05629	0.02666	0.01086	0.00346	0.00494	0.02419	0.00790	0.00691
35	0.01028	0.00869	0.00893	0.00905	0.01187	0.00734	0.00691	0.01255	0.01941	0.02314	0.08368	0.08276	0.60783	0.02167	0.01016	0.00294	0.00453	0.05311	0.00790	0.00722
36	0.02080	0.01995	0.03407	0.08498	0.61712	0.02015	0.02599	0.02589	0.01925	0.02749	0.01596	0.02115	0.01337	0.00763	0.00843	0.00254	0.01017	0.00758	0.00419	0.01327
37	0.03564	0.01856	0.02227	0.01708	0.02376	0.01856	0.01411	0.29359	0.03119	0.39197	0.02784	0.02524	0.01819	0.01039	0.00854	0.00260	0.00817	0.00817	0.00965	0.01448
38	0.02396	0.28206	0.22767	0.01999	0.02796	0.23746	0.02041	0.02873	0.01974	0.02243	0.01333	0.01555	0.01089	0.00802	0.00700	0.00221	0.01223	0.00540	0.00387	0.01109
39	0.01185	0.00833	0.00913	0.00913	0.00978	0.00801	0.00545	0.01234	0.01396	0.01797	0.04022	0.06161	0.16941	0.54757	0.03581	0.00704	0.00736	0.01364	0.00578	0.00561
40	0.01868	0.01594	0.01758	0.05083	0.02184	0.01801	0.01265	0.03708	0.46210	0.03362	0.12550	0.03995	0.08354	0.01304	0.00896	0.00285	0.00639	0.01102	0.00844	0.01196
41	0.02418	0.02473	0.03052	0.09599	0.39517	0.16666	0.02273	0.08658	0.02230	0.02828	0.01573	0.01985	0.01283	0.00819	0.00827	0.00248	0.01132	0.00711	0.00464	0.01242
42	0.03194	0.03615	0.02449	0.02131	0.02633	0.49776	0.01637	0.18850	0.02831	0.02949	0.01507	0.01669	0.01189	0.00915	0.00789	0.00229	0.01377	0.00606	0.00547	0.01108
43	0.01951	0.01864	0.03175	0.24700	0.46517	0.01981	0.02535	0.02476	0.01865	0.02592	0.01573	0.02157	0.01282	0.00787	0.00845	0.00262	0.01049	0.00758	0.00408	0.01223
44	0.02568	0.02898	0.03005	0.03917	0.38001	0.29883	0.02195	0.02951	0.02142	0.02480	0.01478	0.01860	0.01239	0.00809	0.00810	0.00238	0.01237	0.00668	0.00429	0.01192
45	0.19401	0.02121	0.02164	0.08300	0.02656	0.05010	0.01484	0.36877	0.03019	0.04396	0.02115	0.02221	0.04624	0.01006	0.00783	0.00260	0.00892	0.00742	0.00710	0.01220
46	0.01037	0.00741	0.00987	0.01185	0.01234	0.00691	0.00790	0.01185	0.01629	0.02172	0.04690	0.69537	0.05629	0.02666	0.01086	0.00346	0.00494	0.02419	0.00790	0.00691
47	0.02106	0.02022	0.03454	0.05223	0.64784	0.02022	0.02612	0.02612	0.01938	0.02780	0.01601	0.02106	0.01348	0.00758	0.00842	0.00253	0.01011	0.00758	0.00421	0.01348
48	0.01417	0.01287	0.01295	0.04948	0.01742	0.04604	0.00963	0.02156	0.15815	0.02625	0.09644	0.06271	0.40517	0.01765	0.00953	0.00283	0.00583	0.01469	0.00773	0.00892
49	0.01239	0.00888	0.01247	0.01247	0.01369	0.01000	0.00925	0.01483	0.01361	0.01966	0.02389	0.03803	0.02334	0.19525	0.50321	0.01196	0.01880	0.00974	0.04144	0.00710
50	0.03009	0.03902	0.05881	0.02462	0.07966	0.57727	0.01807	0.03294	0.02339	0.02175	0.01351	0.01597	0.01117	0.00863	0.00776	0.00225	0.01475	0.00570	0.00433	0.01032
51	0.01931	0.11563	0.08430	0.03466	0.28761	0.02108	0.11228	0.02427	0.01785	0.02492	0.01634	0.02186	0.01390	0.01664	0.11141	0.00429	0.05025	0.00767	0.00412	0.01161
52	0.02127	0.34074	0.12092	0.01836	0.02400	0.09152	0.01774	0.02479	0.01737	0.02192	0.04577	0.01830	0.01465	0.00996	0.01186	0.00250	0.17761	0.00618	0.00403	0.01049
53	0.01467	0.03150	0.43088	0.01925	0.02811	0.01534	0.02293	0.02176	0.01804	0.02539	0.03458	0.12516	0.15043	0.01349	0.00888	0.00284	0.00978	0.01122	0.00510	0.01066
54	0.01724	0.01952	0.08249	0.05815	0.03304	0.01622	0.28999	0.02280	0.01879	0.02642	0.04537	0.13202	0.02222	0.01068	0.00915	0.00260	0.01044	0.01106	0.00515	0.16665

[dist]
# distance from previous block
# <min> <max>
3	55

[block]
# block no. 2 follows, 21 sequences, length 10
# corresponding to MSA columns:
# 205-214
name=unknown_C
#
# <colnr> <probs for GDERKNQSTAVLIFYWHMCP>
#	G	D	E	R	K	N	Q	S	T	A	V	L	I	F	Y	W	H	M	C	P
0	0.01553	0.07649	0.44189	0.01939	0.02900	0.01723	0.02359	0.02286	0.01831	0.02543	0.03432	0.03505	0.18284	0.01169	0.00845	0.00269	0.01011	0.00935	0.00477	0.01101
1	0.02052	0.02931	0.20249	0.02981	0.12958	0.10471	0.12338	0.02600	0.01798	0.02458	0.01432	0.01914	0.01170	0.00981	0.01386	0.00292	0.19734	0.00734	0.00395	0.01129
2	0.05721	0.03830	0.45226	0.02302	0.03232	0.09719	0.02656	0.02669	0.01776	0.02581	0.01422	0.01754	0.01078	0.00920	0.01093	0.00279	0.11574	0.00628	0.00379	0.01158
3	0.01860	0.14450	0.46184	0.02716	0.13126	0.02203	0.02794	0.02659	0.01808	0.02599	0.01485	0.01778	0.01123	0.00788	0.00773	0.00253	0.01164	0.00622	0.00370	0.01246
4	0.01660	0.01322	0.01460	0.01309	0.01670	0.01372	0.01014	0.10023	0.19009	0.03407	0.25071	0.05426	0.20653	0.01599	0.00947	0.00277	0.00552	0.01351	0.00868	0.01011
5	0.21002	0.02854	0.28034	0.02053	0.06916	0.01971	0.02042	0.12933	0.02102	0.03498	0.01648	0.01880	0.01221	0.00854	0.00727	0.00258	0.00953	0.00634	0.07251	0.01169
6	0.01968	0.01881	0.03205	0.22594	0.48492	0.01986	0.02543	0.02491	0.01872	0.02613	0.01576	0.02151	0.01289	0.00784	0.00845	0.00261	0.01045	0.00758	0.00409	0.01237
7	0.01843	0.01512	0.01593	0.09864	0.02217	0.05689	0.01190	0.07356	0.18295	0.03115	0.07144	0.03892	0.12890	0.01251	0.00824	0.00258	0.00687	0.01027	0.18342	0.01011
8	0.01717	0.01686	0.11538	0.01409	0.01912	0.01278	0.01290	0.02547	0.14270	0.10331	0.18916	0.05125	0.21512	0.01515	0.00929	0.00277	0.00638	0.01274	0.00803	0.01035
9	0.01897	0.01809	0.03076	0.31540	0.40101	0.01967	0.02508	0.02429	0.01839	0.02526	0.01564	0.02174	0.01259	0.00797	0.00846	0.00266	0.01063	0.00757	0.00403	0.01179

[dist]
# distance from previous block
# <min> <max>
7	11

[block]
# block no. 3 follows, 21 sequences, length 42
# corresponding to MSA columns:
# 226-267
name=unknown_D
#
# <colnr> <probs for GDERKNQSTAVLIFYWHMCP>
#	G	D	E	R	K	N	Q	S	T	A	V	L	I	F	Y	W	H	M	C	P
0	0.02992	0.02867	0.02330	0.01978	0.02519	0.27434	0.01550	0.23539	0.16506	0.06564	0.02139	0.02138	0.01598	0.00996	0.00822	0.00249	0.01101	0.00729	0.00703	0.01245
1	0.02873	0.03440	0.02466	0.02188	0.02538	0.47755	0.01694	0.06638	0.02248	0.02274	0.01313	0.01642	0.01122	0.01029	0.01248	0.00257	0.17217	0.00607	0.00448	0.01002
2	0.03195	0.01839	0.02143	0.01709	0.02329	0.01910	0.01391	0.22347	0.18655	0.30590	0.02973	0.02701	0.02027	0.01070	0.00857	0.00267	0.00778	0.00855	0.00942	0.01422
3	0.02595	0.03093	0.02392	0.02140	0.02414	0.40654	0.01669	0.02810	0.01969	0.02063	0.01328	0.01785	0.01185	0.01514	0.06678	0.00360	0.23341	0.00641	0.00418	0.00950
4	0.03179	0.02531	0.02502	0.01981	0.02585	0.11610	0.01614	0.46486	0.03517	0.08373	0.01964	0.02012	0.01418	0.01031	0.00958	0.00258	0.05115	0.00740	0.00776	0.01351
5	0.03235	0.02384	0.02554	0.01958	0.02639	0.02639	0.01618	0.61946	0.04001	0.05363	0.02043	0.02043	0.01447	0.01022	0.00851	0.00255	0.00936	0.00766	0.00851	0.01447
6	0.01938	0.02086	0.03857	0.02934	0.03380	0.02371	0.32836	0.02399	0.01668	0.02399	0.01430	0.02086	0.01207	0.01090	0.01867	0.00328	0.33797	0.00879	0.00402	0.01043
7	0.02582	0.02771	0.03037	0.02452	0.02903	0.23585	0.14249	0.13809	0.02318	0.02820	0.01481	0.01879	0.01208	0.01039	0.01391	0.00282	0.19868	0.00738	0.00496	0.01091
8	0.01236	0.00847	0.01095	0.01115	0.01195	0.00901	0.00764	0.01401	0.01373	0.01953	0.02744	0.11228	0.02912	0.32742	0.27948	0.00936	0.01322	0.01200	0.06439	0.00651
9	0.01792	0.01391	0.01538	0.01382	0.01769	0.01473	0.01071	0.06303	0.28453	0.06271	0.20626	0.04959	0.16460	0.01500	0.00930	0.00280	0.00569	0.01268	0.00877	0.01085
10	0.03179	0.04056	0.02412	0.02192	0.02631	0.66676	0.01644	0.03398	0.02412	0.02083	0.01315	0.01535	0.01096	0.00877	0.00767	0.00219	0.01535	0.00548	0.00438	0.00987
11	0.03235	0.02384	0.02554	0.01958	0.02639	0.02639	0.01618	0.61946	0.04001	0.05363	0.02043	0.02043	0.01447	0.01022	0.00851	0.00255	0.00936	0.00766	0.00851	0.01447
12	0.01181	0.00829	0.01040	0.01048	0.01153	0.00788	0.00707	0.01402	0.01873	0.02592	0.32350	0.18877	0.05949	0.24017	0.02096	0.00464	0.00557	0.01620	0.00771	0.00688
13	0.01826	0.01575	0.01646	0.01504	0.01934	0.01750	0.01164	0.03657	0.47188	0.03230	0.04815	0.04489	0.18796	0.01417	0.00903	0.00288	0.00610	0.01181	0.00846	0.01182
14	0.01765	0.01513	0.01765	0.01260	0.02017	0.01134	0.01008	0.02143	0.01765	0.02773	0.01513	0.01765	0.01260	0.00630	0.00630	0.00126	0.00630	0.00504	0.00504	0.75295
15	0.01198	0.00860	0.01114	0.01263	0.01362	0.00833	0.00887	0.04952	0.01801	0.02398	0.04514	0.60630	0.05314	0.02540	0.01079	0.00344	0.00544	0.06829	0.00793	0.00745
16	0.02009	0.02296	0.05022	0.03587	0.04448	0.02152	0.61693	0.02726	0.02009	0.02726	0.01722	0.02296	0.01291	0.00717	0.01004	0.00287	0.01435	0.01004	0.00430	0.01148
17	0.01623	0.01623	0.01372	0.01323	0.01643	0.14240	0.01020	0.02107	0.08519	0.02525	0.11592	0.06299	0.32824	0.01773	0.00962	0.00284	0.00717	0.07959	0.00741	0.00854
18	0.01238	0.00825	0.00928	0.00928	0.00928	0.00825	0.00516	0.01238	0.01238	0.01650	0.02681	0.05569	0.03094	0.70092	0.04331	0.00825	0.00825	0.01238	0.00516	0.00516
19	0.01821	0.01724	0.02491	0.19388	0.03150	0.02298	0.01916	0.05421	0.01565	0.02263	0.01366	0.02097	0.01221	0.01685	0.07266	0.00422	0.41787	0.00762	0.00408	0.00950
20	0.02485	0.38309	0.13166	0.01655	0.02399	0.06156	0.01664	0.02879	0.01899	0.14926	0.01751	0.01873	0.01359	0.01161	0.04714	0.00287	0.01046	0.00596	0.00512	0.01164
21	0.03179	0.04056	0.02412	0.02192	0.02631	0.66676	0.01644	0.03398	0.02412	0.02083	0.01315	0.01535	0.01096	0.00877	0.00767	0.00219	0.01535	0.00548	0.00438	0.00987
22	0.02059	0.08992	0.01836	0.01416	0.01766	0.13694	0.01111	0.06201	0.10634	0.02780	0.02314	0.02768	0.01923	0.05628	0.10203	0.00417	0.01024	0.00776	0.23500	0.00958
23	0.01049	0.00757	0.00994	0.01161	0.01233	0.00701	0.00784	0.01220	0.01706	0.02277	0.09626	0.61623	0.08583	0.02568	0.01076	0.00337	0.00483	0.02320	0.00802	0.00701
24	0.01586	0.00793	0.00793	0.00793	0.00991	0.00793	0.00595	0.01983	0.01785	0.03173	0.02776	0.03173	0.02181	0.00991	0.00595	0.00198	0.00397	0.00793	0.74817	0.00793
25	0.01338	0.00957	0.01324	0.01467	0.01664	0.00944	0.01256	0.01731	0.02050	0.02722	0.16603	0.08944	0.05531	0.02227	0.01141	0.00367	0.00706	0.47426	0.00815	0.00788
26	0.02704	0.07193	0.02961	0.03327	0.27182	0.32132	0.02013	0.07698	0.02309	0.02615	0.01478	0.01791	0.01223	0.00832	0.00790	0.00233	0.01242	0.00643	0.00460	0.01173
27	0.02877	0.02812	0.02134	0.01828	0.02302	0.30987	0.01423	0.23562	0.02840	0.03449	0.01865	0.02043	0.01438	0.00951	0.00762	0.00228	0.01096	0.00674	0.15622	0.01108
28	0.02054	0.01969	0.03360	0.11819	0.58598	0.02008	0.02586	0.02566	0.01913	0.02717	0.01591	0.02123	0.01326	0.00768	0.00843	0.00256	0.01024	0.00758	0.00417	0.01306
29	0.01586	0.00793	0.00793	0.00793	0.00991	0.00793	0.00595	0.01983	0.01785	0.03173	0.02776	0.03173	0.02181	0.00991	0.00595	0.00198	0.00397	0.00793	0.74817	0.00793
30	0.01932	0.12122	0.14521	0.02028	0.02512	0.08982	0.04715	0.02467	0.05411	0.02278	0.01614	0.02123	0.01392	0.02045	0.13614	0.00487	0.19590	0.00718	0.00424	0.01025
31	0.01862	0.01862	0.02607	0.02234	0.02234	0.02607	0.01862	0.02048	0.01303	0.02048	0.01117	0.01862	0.01117	0.01489	0.02793	0.00372	0.68535	0.00745	0.00372	0.00931
32	0.02570	0.02987	0.02168	0.01954	0.02258	0.40958	0.01503	0.02818	0.02121	0.02308	0.07022	0.02201	0.01830	0.01089	0.01180	0.00252	0.14862	0.00702	0.08277	0.00939
33	0.01999	0.28320	0.19801	0.15298	0.03351	0.06199	0.02135	0.02507	0.01735	0.02228	0.01340	0.01723	0.01100	0.00862	0.00925	0.00248	0.08181	0.00597	0.00371	0.01083
34	0.01238	0.00825	0.00928	0.00928	0.00928	0.00825	0.00516	0.01238	0.01238	0.01650	0.02681	0.05569	0.03094	0.70092	0.04331	0.00825	0.00825	0.01238	0.00516	0.00516
35	0.02356	0.01760	0.01939	0.01677	0.02138	0.01934	0.01311	0.24885	0.24064	0.06839	0.03223	0.18313	0.02861	0.01455	0.00912	0.00289	0.00731	0.01227	0.00852	0.01235
36	0.02966	0.01989	0.02140	0.01695	0.02259	0.05090	0.01366	0.36148	0.03208	0.16804	0.07231	0.03011	0.04652	0.06131	0.01118	0.00299	0.00854	0.00906	0.00852	0.01281
37	0.02023	0.41213	0.31640	0.01887	0.02850	0.02750	0.02206	0.02613	0.01759	0.02310	0.01336	0.01557	0.01086	0.00764	0.00663	0.00221	0.01064	0.00532	0.00362	0.01166
38	0.02479	0.02915	0.02245	0.02035	0.02315	0.38665	0.01577	0.02708	0.01945	0.02053	0.01465	0.01976	0.01310	0.02131	0.14569	0.00487	0.17104	0.00667	0.00427	0.00928
39	0.01060	0.00759	0.01008	0.01169	0.01239	0.00707	0.00792	0.01243	0.01737	0.02344	0.12956	0.60781	0.05961	0.02538	0.01075	0.00335	0.00481	0.02297	0.00810	0.00707
40	0.02464	0.02823	0.03501	0.03701	0.26390	0.25176	0.18098	0.02924	0.02126	0.02516	0.01531	0.01953	0.01243	0.00790	0.00859	0.00250	0.01312	0.00749	0.00430	0.01165
41	0.01111	0.00903	0.00990	0.00980	0.01238	0.00806	0.00730	0.01475	0.05115	0.02612	0.21050	0.12395	0.43473	0.02049	0.01005	0.00287	0.00441	0.01744	0.00828	0.00768

[dist]
# distance from previous block
# <min> <max>
0	1

[block]
# block no. 4 follows, 21 sequences, length 59
# corresponding to MSA columns:
# 269-327
name=unknown_E
#
# <colnr> <probs for GDERKNQSTAVLIFYWHMCP>
#	G	D	E	R	K	N	Q	S	T	A	V	L	I	F	Y	W	H	M	C	P
0	0.02075	0.02205	0.08244	0.05008	0.60081	0.02018	0.02653	0.02618	0.01927	0.02774	0.01595	0.02082	0.01327	0.00762	0.00840	0.00254	0.01030	0.00748	0.00416	0.01341
1	0.03026	0.03735	0.02341	0.02126	0.02571	0.57380	0.01601	0.03560	0.11171	0.02295	0.01625	0.01771	0.01312	0.00917	0.00782	0.00229	0.01411	0.00608	0.00500	0.01038
2	0.02511	0.01779	0.02019	0.01610	0.02104	0.01869	0.01274	0.35611	0.02836	0.03858	0.01802	0.02161	0.01429	0.01529	0.01540	0.22082	0.00835	0.00721	0.00661	0.11767
3	0.01155	0.00868	0.01069	0.01019	0.01241	0.00782	0.00764	0.01511	0.02293	0.03137	0.50557	0.06810	0.21979	0.01843	0.01004	0.00273	0.00409	0.01603	0.00901	0.00782
4	0.01178	0.00852	0.01028	0.01000	0.01181	0.00783	0.00718	0.01469	0.02071	0.02850	0.38071	0.09646	0.18234	0.12117	0.01490	0.00356	0.00476	0.01556	0.04186	0.00737
5	0.01283	0.00859	0.01159	0.01275	0.01419	0.00812	0.00961	0.01550	0.01900	0.05438	0.16083	0.39097	0.05743	0.02333	0.01082	0.00338	0.00560	0.16507	0.00829	0.00771
6	0.06069	0.54651	0.13021	0.01610	0.02391	0.05790	0.01679	0.02603	0.01753	0.02200	0.01238	0.01435	0.01081	0.00749	0.00592	0.00200	0.00974	0.00484	0.00375	0.01103
7	0.01037	0.00741	0.00987	0.01185	0.01234	0.00691	0.00790	0.01185	0.01629	0.02172	0.04690	0.69537	0.05629	0.02666	0.01086	0.00346	0.00494	0.02419	0.00790	0.00691
8	0.01230	0.00855	0.01079	0.01079	0.01131	0.00907	0.00704	0.01334	0.01282	0.01762	0.02543	0.04805	0.02762	0.48221	0.25749	0.01011	0.01324	0.01126	0.00495	0.00599
9	0.02740	0.03356	0.02972	0.09459	0.06442	0.44491	0.13110	0.03104	0.02238	0.02249	0.01427	0.01784	0.01150	0.00838	0.00825	0.00240	0.01448	0.00667	0.00430	0.01031
10	0.03373	0.01477	0.01902	0.01512	0.02120	0.01363	0.01231	0.04039	0.12447	0.51493	0.03682	0.03251	0.05818	0.01134	0.00866	0.00269	0.00699	0.00928	0.01007	0.01389
11	0.01037	0.00741	0.00987	0.01185	0.01234	0.00691	0.00790	0.01185	0.01629	0.02172	0.04690	0.69537	0.05629	0.02666	0.01086	0.00346	0.00494	0.02419	0.00790	0.00691
12	0.02727	0.01693	0.01967	0.01632	0.02124	0.01757	0.01293	0.31167	0.02956	0.18011	0.03112	0.21899	0.02815	0.01508	0.00921	0.00283	0.00759	0.01268	0.00879	0.01227
13	0.02115	0.02166	0.03041	0.23089	0.38668	0.11293	0.02400	0.02598	0.01937	0.02503	0.01534	0.02071	0.01250	0.00802	0.00834	0.00257	0.01122	0.00727	0.00411	0.01179
14	0.03179	0.04056	0.02412	0.02192	0.02631	0.66676	0.01644	0.03398	0.02412	0.02083	0.01315	0.01535	0.01096	0.00877	0.00767	0.00219	0.01535	0.00548	0.00438	0.00987
15	0.02106	0.02022	0.03454	0.05223	0.64784	0.02022	0.02612	0.02612	0.01938	0.02780	0.01601	0.02106	0.01348	0.00758	0.00842	0.00253	0.01011	0.00758	0.00421	0.01348
16	0.01216	0.00912	0.01368	0.01368	0.01520	0.01064	0.01064	0.01520	0.01368	0.01976	0.02279	0.03343	0.02127	0.06382	0.66720	0.01368	0.02279	0.00912	0.00456	0.00760
17	0.01224	0.00880	0.01207	0.01207	0.01303	0.00976	0.00863	0.01416	0.01320	0.01856	0.02427	0.04158	0.02481	0.29702	0.43884	0.01169	0.01747	0.01031	0.00478	0.00670
18	0.02106	0.02022	0.03454	0.05223	0.64784	0.02022	0.02612	0.02612	0.01938	0.02780	0.01601	0.02106	0.01348	0.00758	0.00842	0.00253	0.01011	0.00758	0.00421	0.01348
19	0.09129	0.16991	0.41693	0.02146	0.03171	0.05510	0.04990	0.02684	0.01790	0.02639	0.01424	0.01680	0.01075	0.00791	0.00736	0.00250	0.01153	0.00590	0.00383	0.01174
20	0.02117	0.01828	0.01924	0.01732	0.02213	0.02117	0.01347	0.04522	0.63246	0.03560	0.03464	0.03175	0.02598	0.01155	0.00866	0.00289	0.00673	0.00962	0.00866	0.01347
21	0.02795	0.03417	0.02468	0.02205	0.02515	0.48010	0.01708	0.03005	0.02089	0.02073	0.01258	0.01630	0.01102	0.01055	0.01357	0.00264	0.21054	0.00605	0.00419	0.00970
22	0.01142	0.00771	0.00928	0.01053	0.01172	0.00716	0.00727	0.01351	0.01712	0.02394	0.04955	0.46075	0.14646	0.02245	0.00974	0.00306	0.00464	0.01990	0.15662	0.00716
23	0.01586	0.00793	0.00793	0.00793	0.00991	0.00793	0.00595	0.01983	0.01785	0.03173	0.02776	0.03173	0.02181	0.00991	0.00595	0.00198	0.00397	0.00793	0.74817	0.00793
24	0.27408	0.19212	0.19571	0.01713	0.02410	0.02383	0.01785	0.02500	0.01590	0.02819	0.01267	0.01559	0.01033	0.00881	0.00934	0.00261	0.10655	0.00546	0.00420	0.01055
25	0.02127	0.02347	0.03717	0.15821	0.16014	0.12178	0.26518	0.02669	0.01963	0.02496	0.01564	0.02112	0.01233	0.00816	0.01000	0.00274	0.04798	0.00825	0.00417	0.01112
26	0.01467	0.01132	0.01275	0.01219	0.01534	0.01095	0.00974	0.11391	0.02314	0.02953	0.11713	0.10060	0.34171	0.01992	0.01018	0.00304	0.00585	0.13134	0.00813	0.00858
27	0.01180	0.00801	0.00945	0.01001	0.01016	0.00787	0.00594	0.01223	0.01349	0.01799	0.03255	0.23824	0.03817	0.50850	0.03405	0.00688	0.00730	0.01575	0.00594	0.00566
28	0.23566	0.35403	0.02843	0.04741	0.02012	0.02446	0.01192	0.02299	0.01565	0.02482	0.01448	0.02111	0.01375	0.12205	0.01181	0.00317	0.00834	0.00602	0.00437	0.00940
29	0.01778	0.09755	0.24485	0.02183	0.02930	0.02005	0.11611	0.02677	0.10563	0.02577	0.01941	0.02354	0.01552	0.02021	0.14594	0.00498	0.04110	0.00782	0.00465	0.01119
30	0.02161	0.06212	0.08866	0.02299	0.02845	0.05038	0.17238	0.14249	0.02124	0.02863	0.01615	0.02133	0.01320	0.01493	0.04508	0.11125	0.11592	0.00787	0.00488	0.01044
31	0.02413	0.45956	0.04141	0.01956	0.02648	0.15886	0.11440	0.02748	0.01912	0.02138	0.01299	0.01553	0.01126	0.00756	0.00666	0.00207	0.01122	0.00564	0.00390	0.01080
32	0.03028	0.03163	0.02319	0.01985	0.02492	0.37723	0.01542	0.24237	0.02932	0.03318	0.01977	0.02096	0.04173	0.00993	0.00801	0.00234	0.01218	0.00695	0.03943	0.01131
33	0.03103	0.10446	0.02670	0.02041	0.02587	0.39606	0.01616	0.22035	0.02849	0.03124	0.01534	0.01680	0.01208	0.00908	0.00771	0.00227	0.01278	0.00608	0.00563	0.01145
34	0.01720	0.02214	0.17932	0.21291	0.14217	0.01683	0.05284	0.02305	0.01863	0.05391	0.03056	0.03345	0.13929	0.01089	0.00878	0.00275	0.00999	0.00952	0.00498	0.01079
35	0.01006	0.00862	0.00862	0.00862	0.01149	0.00718	0.00647	0.01221	0.01940	0.02299	0.08621	0.08190	0.64438	0.02155	0.01006	0.00287	0.00431	0.01796	0.00790	0.00718
36	0.01216	0.00912	0.01368	0.01368	0.01520	0.01064	0.01064	0.01520	0.01368	0.01976	0.02279	0.03343	0.02127	0.06382	0.66720	0.01368	0.02279	0.00912	0.00456	0.00760
37	0.02168	0.01892	0.02935	0.26341	0.34722	0.05256	0.02334	0.02662	0.01933	0.09049	0.01738	0.02215	0.01340	0.00827	0.00843	0.00263	0.01051	0.00757	0.00473	0.01201
38	0.02265	0.02139	0.06562	0.07084	0.22562	0.01962	0.29396	0.02866	0.02024	0.11733	0.01901	0.02302	0.01409	0.00789	0.00917	0.00272	0.01180	0.00879	0.00512	0.01246
39	0.01707	0.04402	0.65683	0.02426	0.03683	0.01976	0.03144	0.02695	0.01797	0.02695	0.01527	0.01797	0.01078	0.00809	0.00809	0.00270	0.01258	0.00629	0.00359	0.01258
40	0.01744	0.01555	0.02545	0.16648	0.31207	0.01628	0.02106	0.02224	0.01921	0.02622	0.05686	0.04543	0.02686	0.01292	0.00950	0.00300	0.00938	0.17786	0.00545	0.01074
41	0.01889	0.01800	0.03062	0.32572	0.39133	0.01965	0.02504	0.02421	0.01835	0.02516	0.01562	0.02177	0.01255	0.00799	0.00846	0.00266	0.01065	0.00757	0.00402	0.01173
42	0.01961	0.01874	0.03192	0.23526	0.47618	0.01984	0.02539	0.02484	0.01869	0.02604	0.01575	0.02154	0.01286	0.00785	0.00845	0.00262	0.01047	0.00758	0.00409	0.01231
43	0.01152	0.00823	0.01119	0.01316	0.01416	0.00790	0.00990	0.01383	0.01743	0.02301	0.04627	0.48960	0.05378	0.02558	0.01117	0.00361	0.00593	0.21862	0.00788	0.00723
44	0.01637	0.01699	0.06173	0.37632	0.19494	0.01735	0.02187	0.02155	0.01805	0.02375	0.02709	0.03179	0.11636	0.01041	0.00872	0.00276	0.00995	0.00921	0.00456	0.01025
45	0.02080	0.01995	0.03407	0.08498	0.61713	0.02015	0.02599	0.02589	0.01925	0.02749	0.01596	0.02115	0.01337	0.00763	0.00843	0.00254	0.01017	0.00758	0.00419	0.01327
46	0.12891	0.02255	0.02879	0.10075	0.39856	0.12669	0.02185	0.02684	0.01923	0.02757	0.01485	0.01923	0.01225	0.00791	0.00785	0.00252	0.01058	0.00681	0.00435	0.01189
47	0.14264	0.01953	0.02807	0.19869	0.36201	0.05737	0.02215	0.02531	0.01826	0.02761	0.01494	0.01994	0.01210	0.00793	0.00788	0.00260	0.01014	0.00696	0.00429	0.01157
48	0.01545	0.01298	0.01886	0.06218	0.17411	0.01342	0.01507	0.02171	0.10637	0.02584	0.03536	0.29530	0.03754	0.01820	0.00995	0.00319	0.00732	0.11054	0.00685	0.00978
49	0.01116	0.00748	0.00959	0.01129	0.01199	0.00706	0.00762	0.01300	0.01652	0.02316	0.04415	0.59981	0.05132	0.02425	0.01015	0.00324	0.00480	0.02185	0.11449	0.00706
50	0.01364	0.01090	0.01285	0.01260	0.01539	0.01039	0.00916	0.01992	0.13223	0.02608	0.07445	0.36295	0.10586	0.01947	0.00957	0.00289	0.00539	0.01721	0.00765	0.13140
51	0.02460	0.02779	0.02095	0.12338	0.02770	0.37762	0.01550	0.02769	0.02068	0.02268	0.01654	0.02075	0.01362	0.01341	0.05914	0.00321	0.04182	0.00658	0.12708	0.00928
52	0.02022	0.01495	0.01757	0.10970	0.02265	0.01642	0.01185	0.23593	0.02316	0.03085	0.02279	0.03803	0.02209	0.34841	0.02556	0.00539	0.00910	0.00996	0.00619	0.00919
53	0.01287	0.01385	0.10358	0.01294	0.01575	0.01006	0.01090	0.04182	0.01774	0.02393	0.09045	0.30134	0.11400	0.17094	0.01737	0.00423	0.00682	0.01680	0.00682	0.00780
54	0.12636	0.01470	0.01533	0.01342	0.01702	0.01566	0.01017	0.22250	0.02384	0.03418	0.03450	0.14702	0.11633	0.15303	0.01565	0.00391	0.00727	0.01241	0.00718	0.00953
55	0.01512	0.01588	0.10803	0.11128	0.08788	0.01318	0.01495	0.01899	0.01633	0.02400	0.02518	0.14116	0.02492	0.15103	0.01619	0.00384	0.03880	0.01116	0.15333	0.00873
56	0.02166	0.02272	0.02964	0.24204	0.33924	0.14970	0.02340	0.02633	0.01959	0.02451	0.01516	0.02042	0.01231	0.00811	0.00830	0.00256	0.01155	0.00715	0.00411	0.01150
57	0.05795	0.01994	0.02494	0.25019	0.22454	0.12263	0.02001	0.02386	0.01910	0.02448	0.02514	0.02907	0.10298	0.01011	0.00840	0.00263	0.01036	0.00858	0.00468	0.01041
58	0.02197	0.10647	0.03722	0.04288	0.43554	0.07251	0.10902	0.02682	0.01959	0.02622	0.01545	0.01998	0.01289	0.00758	0.00824	0.00246	0.01100	0.00740	0.00417	0.01260

[dist]
# distance from previous block
# <min> <max>
65	178

[block]
# block no. 5 follows, 21 sequences, length 63
# corresponding to MSA columns:
# 520-582
name=unknown_F
#
# <colnr> <probs for GDERKNQSTAVLIFYWHMCP>
#	G	D	E	R	K	N	Q	S	T	A	V	L	I	F	Y	W	H	M	C	P
0	0.02141	0.01757	0.01772	0.01548	0.01937	0.08166	0.01206	0.24953	0.02624	0.03363	0.03575	0.13125	0.13732	0.02285	0.10184	0.03692	0.01018	0.01193	0.00713	0.01014
1	0.03030	0.02262	0.02444	0.01861	0.02552	0.02430	0.01533	0.53619	0.03690	0.05003	0.01969	0.02004	0.01421	0.00967	0.00821	0.00237	0.00894	0.00730	0.00803	0.11729
2	0.03195	0.03568	0.02453	0.02124	0.02633	0.47980	0.01636	0.20492	0.02876	0.03041	0.01528	0.01683	0.01199	0.00919	0.00792	0.00230	0.01360	0.00612	0.00559	0.01121
3	0.01937	0.01957	0.01653	0.01523	0.01876	0.20209	0.01152	0.02181	0.01883	0.02268	0.02545	0.10877	0.02663	0.13522	0.01473	0.00349	0.00944	0.11645	0.00568	0.18775
4	0.04433	0.01031	0.01216	0.01138	0.01455	0.00944	0.00863	0.02058	0.05074	0.14711	0.16569	0.17651	0.25865	0.01862	0.00967	0.00289	0.00514	0.01592	0.00862	0.00908
5	0.01778	0.11640	0.01797	0.01295	0.01631	0.14360	0.01026	0.02091	0.02104	0.02670	0.22591	0.04368	0.13226	0.01597	0.03901	0.00290	0.00794	0.01091	0.10887	0.00865
6	0.02286	0.38612	0.15296	0.02273	0.11245	0.12659	0.01957	0.02715	0.01876	0.02251	0.01325	0.01574	0.01126	0.00770	0.00670	0.00214	0.01084	0.00544	0.00383	0.01142
7	0.02334	0.06975	0.18438	0.02581	0.03342	0.25437	0.19724	0.02892	0.02057	0.02410	0.01528	0.01904	0.01201	0.01080	0.04126	0.00307	0.01443	0.00716	0.00414	0.01094
8	0.06567	0.03209	0.02437	0.18309	0.06466	0.44293	0.01830	0.03014	0.02165	0.02231	0.01371	0.01734	0.01109	0.00860	0.00779	0.00239	0.01365	0.00605	0.00428	0.00991
9	0.02424	0.02523	0.03157	0.04322	0.46563	0.17332	0.02327	0.06174	0.02167	0.02762	0.01559	0.01968	0.01294	0.00801	0.00825	0.00245	0.01130	0.00709	0.00450	0.01268
10	0.02661	0.03202	0.02505	0.21819	0.06687	0.44292	0.01905	0.02997	0.02178	0.02145	0.01388	0.01780	0.01120	0.00863	0.00796	0.00240	0.01390	0.00620	0.00420	0.00992
11	0.02336	0.02534	0.02988	0.15310	0.36103	0.21119	0.02282	0.02768	0.02037	0.02468	0.01501	0.01966	0.01236	0.00810	0.00822	0.00248	0.01187	0.00696	0.00419	0.01171
12	0.01994	0.01049	0.01337	0.01162	0.01513	0.00929	0.00898	0.02314	0.02259	0.22686	0.30709	0.05575	0.16849	0.05493	0.01147	0.00302	0.00533	0.01356	0.00921	0.00974
13	0.01408	0.00956	0.01286	0.01256	0.01446	0.01076	0.00976	0.04663	0.01602	0.02439	0.02390	0.03236	0.02107	0.04790	0.47178	0.01025	0.01750	0.00875	0.18739	0.00802
14	0.01453	0.00739	0.01102	0.01113	0.01116	0.00736	0.00742	0.01113	0.01138	0.01518	0.01661	0.06397	0.01714	0.02940	0.03198	0.70978	0.00725	0.00835	0.00393	0.00388
15	0.01049	0.00855	0.00874	0.00874	0.01109	0.00738	0.00622	0.01224	0.01810	0.02179	0.07526	0.07707	0.53124	0.14685	0.01619	0.00387	0.00504	0.01693	0.00740	0.00681
16	0.02351	0.14736	0.02337	0.01594	0.02044	0.14571	0.01296	0.16093	0.05392	0.03005	0.01986	0.02413	0.01662	0.05320	0.10941	0.00427	0.01158	0.00727	0.10903	0.01044
17	0.01371	0.00980	0.01371	0.01567	0.01763	0.00980	0.01371	0.01763	0.01959	0.02547	0.04506	0.09599	0.04898	0.02351	0.01175	0.00392	0.00784	0.59056	0.00784	0.00784
18	0.02248	0.02728	0.11926	0.04275	0.44813	0.13940	0.02507	0.02768	0.02006	0.02640	0.01538	0.01958	0.01264	0.00787	0.00824	0.00249	0.01142	0.00701	0.00416	0.01269
19	0.02278	0.02570	0.06284	0.13087	0.38264	0.17776	0.02369	0.02747	0.02013	0.02521	0.01515	0.01973	0.01243	0.00803	0.00824	0.00250	0.01169	0.00700	0.00416	0.01199
20	0.05150	0.03470	0.43218	0.02540	0.07814	0.01928	0.08632	0.05361	0.01895	0.02868	0.01654	0.01998	0.01229	0.01072	0.03870	0.00317	0.01223	0.00696	0.03863	0.01202
21	0.01006	0.00862	0.00862	0.00862	0.01149	0.00718	0.00647	0.01221	0.01940	0.02299	0.08621	0.08190	0.64438	0.02155	0.01006	0.00287	0.00431	0.01796	0.00790	0.00718
22	0.03179	0.04056	0.02412	0.02192	0.02631	0.66676	0.01644	0.03398	0.02412	0.02083	0.01315	0.01535	0.01096	0.00877	0.00767	0.00219	0.01535	0.00548	0.00438	0.00987
23	0.01919	0.02655	0.21732	0.13143	0.38510	0.01990	0.02735	0.02575	0.01863	0.02671	0.01567	0.02037	0.01238	0.00786	0.00834	0.00262	0.01101	0.00720	0.00397	0.01265
24	0.12758	0.18898	0.18679	0.01922	0.02658	0.23746	0.01878	0.05794	0.02045	0.02622	0.01356	0.01566	0.01084	0.00821	0.00698	0.00231	0.01171	0.00546	0.00434	0.01093
25	0.01165	0.00868	0.01083	0.01029	0.01247	0.00786	0.00772	0.01529	0.02315	0.03190	0.53212	0.06723	0.19291	0.01823	0.01004	0.00272	0.00407	0.01590	0.00908	0.00786
26	0.10341	0.02055	0.02174	0.02248	0.13648	0.08489	0.01508	0.23050	0.05873	0.03715	0.02838	0.02927	0.10220	0.01096	0.00811	0.00254	0.00859	0.00866	0.05853	0.01174
27	0.01954	0.02748	0.23082	0.07656	0.42354	0.02001	0.02767	0.02615	0.01881	0.02721	0.01573	0.02017	0.01251	0.00779	0.00832	0.00260	0.01096	0.00717	0.00399	0.01298
28	0.02426	0.02697	0.02330	0.02533	0.14122	0.30909	0.01668	0.03102	0.12893	0.02456	0.01927	0.02267	0.01600	0.01919	0.12963	0.00450	0.01420	0.00728	0.00514	0.01077
29	0.03179	0.04056	0.02412	0.02192	0.02631	0.66676	0.01644	0.03398	0.02412	0.02083	0.01315	0.01535	0.01096	0.00877	0.00767	0.00219	0.01535	0.00548	0.00438	0.00987
30	0.01895	0.01576	0.01907	0.02019	0.10641	0.01699	0.01358	0.09101	0.28018	0.03404	0.14676	0.10457	0.06814	0.01398	0.00916	0.00282	0.00667	0.01210	0.00804	0.01158
31	0.02418	0.02326	0.02730	0.25096	0.17823	0.14476	0.02100	0.17090	0.02452	0.03072	0.01624	0.02037	0.01252	0.00876	0.00833	0.00257	0.01135	0.00719	0.00515	0.01167
32	0.01852	0.01939	0.01537	0.01442	0.01782	0.19801	0.01085	0.02478	0.12971	0.02609	0.13175	0.08365	0.24480	0.01582	0.00917	0.00268	0.00788	0.01289	0.00724	0.00917
33	0.01622	0.01520	0.01448	0.01523	0.01784	0.13037	0.01257	0.01942	0.02038	0.02405	0.04851	0.07792	0.17702	0.02035	0.01062	0.00336	0.00842	0.35277	0.00721	0.00806
34	0.02037	0.01499	0.01628	0.01453	0.01904	0.01597	0.01134	0.03528	0.37282	0.11807	0.04921	0.04568	0.20179	0.01426	0.00904	0.00285	0.00611	0.01185	0.00870	0.01182
35	0.06273	0.01909	0.02194	0.01772	0.02226	0.02169	0.01451	0.33233	0.02986	0.07445	0.13930	0.02855	0.02666	0.01237	0.01223	0.00280	0.13275	0.00901	0.00774	0.01201
36	0.03190	0.03735	0.02439	0.02147	0.02632	0.54401	0.01639	0.14621	0.02716	0.02712	0.01455	0.01632	0.01163	0.00905	0.00783	0.00226	0.01420	0.00590	0.00518	0.01075
37	0.01177	0.00897	0.01100	0.01131	0.01363	0.00821	0.00903	0.01506	0.02109	0.02757	0.26952	0.07941	0.28160	0.02064	0.01052	0.00310	0.00519	0.17632	0.00840	0.00766
