[name]
unknown

[dist]
# distance from previous block
# <min> <max>
8	35

[block]
# block no. 0 follows, 20 sequences, length 88
# corresponding to MSA columns:
# 36-123
name=unknown_A
#
# <colnr> <probs for GDERKNQSTAVLIFYWHMCP>
#	G	D	E	R	K	N	Q	S	T	A	V	L	I	F	Y	W	H	M	C	P
0	0.11398	0.02720	0.05034	0.01741	0.02251	0.26025	0.01415	0.14853	0.02535	0.03191	0.02950	0.03017	0.12578	0.01161	0.00810	0.00252	0.01046	0.00849	0.05119	0.01053
1	0.19331	0.06540	0.02502	0.01948	0.02540	0.23425	0.04402	0.22845	0.02749	0.03709	0.01586	0.01745	0.01216	0.00913	0.00760	0.00249	0.01122	0.00636	0.00610	0.01172
2	0.02584	0.31183	0.03204	0.01742	0.02325	0.18512	0.01487	0.12304	0.05689	0.02818	0.05500	0.05282	0.01928	0.01018	0.00741	0.00228	0.01031	0.00737	0.00559	0.01128
3	0.44349	0.16029	0.02054	0.04848	0.02008	0.02115	0.01132	0.02561	0.01678	0.06319	0.04444	0.01897	0.01483	0.00872	0.00607	0.00250	0.00730	0.00582	0.05046	0.00995
4	0.03175	0.03865	0.02497	0.02230	0.02671	0.56347	0.01698	0.08268	0.02536	0.02418	0.01398	0.01639	0.01156	0.00953	0.00930	0.00238	0.05861	0.00594	0.00481	0.01048
5	0.01248	0.00929	0.01374	0.01374	0.01519	0.01075	0.01055	0.01539	0.01393	0.02004	0.02362	0.03570	0.02243	0.10496	0.62020	0.01367	0.02243	0.00956	0.00471	0.00763
6	0.01277	0.01003	0.01151	0.01095	0.01353	0.00954	0.00816	0.01841	0.09329	0.03011	0.33780	0.06728	0.26355	0.05991	0.01221	0.00319	0.00482	0.01579	0.00873	0.00841
7	0.01824	0.03896	0.48424	0.02723	0.03846	0.02104	0.15175	0.02727	0.01855	0.02727	0.01581	0.01953	0.01153	0.00853	0.00999	0.00287	0.05511	0.00733	0.00384	0.01244
8	0.01200	0.00908	0.01139	0.01272	0.01470	0.00846	0.01018	0.01484	0.01925	0.02437	0.06096	0.22707	0.25096	0.02415	0.01125	0.00354	0.00613	0.26329	0.00807	0.00759
9	0.14915	0.02950	0.02145	0.01855	0.02360	0.31794	0.01446	0.18573	0.02680	0.03441	0.01681	0.01860	0.01305	0.00936	0.00751	0.00240	0.01142	0.00633	0.08186	0.01106
10	0.03060	0.07604	0.02487	0.01930	0.02518	0.33529	0.01522	0.13209	0.02607	0.09946	0.01737	0.01846	0.01329	0.00896	0.00775	0.00219	0.01188	0.00623	0.00599	0.12375
11	0.02308	0.01795	0.01973	0.01661	0.02242	0.01894	0.01309	0.06815	0.40771	0.09190	0.03033	0.02856	0.02260	0.01050	0.00833	0.00255	0.00699	0.00864	0.00824	0.17367
12	0.01750	0.04512	0.64825	0.02486	0.03775	0.02026	0.03223	0.02762	0.01842	0.02762	0.01565	0.01842	0.01105	0.00829	0.00829	0.00276	0.01289	0.00645	0.00368	0.01289
13	0.02026	0.16115	0.06628	0.07977	0.02494	0.01944	0.01523	0.02932	0.15947	0.08588	0.13717	0.04022	0.03328	0.01281	0.00875	0.00277	0.00796	0.07696	0.00716	0.01119
14	0.01620	0.01181	0.01388	0.01270	0.01593	0.01186	0.00973	0.02527	0.17767	0.07370	0.36136	0.05721	0.14504	0.01645	0.00983	0.00283	0.00509	0.01418	0.00927	0.00997
15	0.01048	0.00816	0.00954	0.01064	0.01226	0.00721	0.00743	0.01231	0.01814	0.02286	0.06636	0.41376	0.31988	0.02495	0.01076	0.00327	0.00477	0.02190	0.00810	0.00721
16	0.01261	0.00875	0.01102	0.01102	0.01154	0.00927	0.00716	0.01365	0.01313	0.01803	0.02611	0.04946	0.02840	0.48351	0.24981	0.01032	0.01344	0.01157	0.00508	0.00612
17	0.01735	0.01720	0.03153	0.53774	0.05701	0.01995	0.14782	0.02349	0.01811	0.02349	0.01596	0.02331	0.01197	0.00843	0.00905	0.00291	0.01228	0.00829	0.00399	0.01013
18	0.01290	0.00998	0.01485	0.01460	0.01606	0.01194	0.01144	0.01593	0.01398	0.02030	0.02258	0.03327	0.02113	0.06213	0.61755	0.01335	0.06626	0.00923	0.00462	0.00790
19	0.01200	0.00817	0.00972	0.01039	0.01056	0.00800	0.00623	0.01250	0.01403	0.01870	0.03437	0.26790	0.04040	0.47078	0.03328	0.00681	0.00732	0.01673	0.00623	0.00589
20	0.02566	0.01825	0.02002	0.01722	0.02256	0.02020	0.01362	0.10460	0.43464	0.14197	0.03348	0.03082	0.02434	0.01144	0.00873	0.00284	0.00716	0.00939	0.03918	0.01386
21	0.01571	0.01328	0.01789	0.02211	0.14846	0.01333	0.01440	0.02272	0.11790	0.02743	0.04997	0.09150	0.20208	0.01822	0.01029	0.00322	0.00721	0.18690	0.00740	0.00997
22	0.01292	0.00964	0.01204	0.01221	0.01429	0.00930	0.00939	0.01764	0.06208	0.02941	0.30733	0.13200	0.13876	0.06272	0.01278	0.00348	0.00551	0.13172	0.00862	0.00816
23	0.01063	0.00759	0.01012	0.01215	0.01265	0.00709	0.00810	0.01215	0.01670	0.02227	0.04808	0.68775	0.05769	0.02733	0.01113	0.00354	0.00506	0.02480	0.00810	0.00709
24	0.01423	0.01194	0.01740	0.01639	0.01753	0.01512	0.01308	0.01702	0.01384	0.02045	0.02019	0.03022	0.01905	0.05205	0.49082	0.01130	0.19778	0.00889	0.00444	0.00826
25	0.01142	0.00816	0.01059	0.01190	0.01280	0.00770	0.00828	0.01339	0.01781	0.02387	0.13157	0.44613	0.07900	0.10447	0.01501	0.00403	0.00558	0.07318	0.00797	0.00713
26	0.01424	0.00875	0.01150	0.01204	0.01370	0.00811	0.00868	0.01690	0.01984	0.08409	0.20176	0.39207	0.05822	0.02197	0.01039	0.00317	0.00508	0.04289	0.05837	0.00822
27	0.01087	0.00785	0.00993	0.01139	0.01238	0.00718	0.00775	0.01217	0.01701	0.02206	0.05439	0.51505	0.17728	0.02642	0.01251	0.05365	0.00509	0.02228	0.00781	0.00692
28	0.01197	0.00841	0.01002	0.01064	0.01134	0.00808	0.00691	0.01310	0.01566	0.02063	0.07402	0.22466	0.10845	0.36714	0.02809	0.00598	0.00688	0.05497	0.00674	0.00632
29	0.14839	0.01305	0.01474	0.01286	0.01664	0.01310	0.00978	0.08147	0.02105	0.19523	0.08491	0.11937	0.03101	0.13699	0.01494	0.00381	0.00688	0.01137	0.05424	0.01015
30	0.02270	0.01644	0.01491	0.01301	0.01666	0.09030	0.01017	0.17927	0.02511	0.03718	0.02468	0.02744	0.01903	0.01011	0.00701	0.00221	0.00692	0.00776	0.45892	0.01015
31	0.01050	0.00884	0.00910	0.00903	0.01190	0.00744	0.00678	0.01288	0.02033	0.02462	0.13885	0.08221	0.58435	0.02170	0.01031	0.00293	0.00439	0.01817	0.00824	0.00744
32	0.16952	0.01053	0.01152	0.01164	0.01395	0.01043	0.00827	0.01642	0.01678	0.02709	0.09551	0.34404	0.04279	0.09935	0.01334	0.00366	0.00585	0.01636	0.00708	0.07588
33	0.21823	0.01630	0.01626	0.01402	0.01839	0.01800	0.01103	0.20897	0.06480	0.03926	0.02351	0.08570	0.02036	0.05012	0.01049	0.02844	0.00718	0.00903	0.12936	0.01059
34	0.01119	0.00788	0.01023	0.01188	0.01238	0.00750	0.00791	0.01257	0.01616	0.02151	0.04423	0.54088	0.05256	0.14809	0.01722	0.00446	0.00584	0.05311	0.00758	0.00681
35	0.01141	0.00847	0.01029	0.01061	0.01221	0.00773	0.00746	0.01386	0.01988	0.02654	0.26718	0.24155	0.20374	0.10163	0.01457	0.00369	0.00497	0.01855	0.00831	0.00735
36	0.13243	0.01328	0.01446	0.01368	0.01712	0.01393	0.01047	0.08412	0.11314	0.07238	0.07697	0.24319	0.10198	0.01786	0.00939	0.00308	0.00623	0.03825	0.00813	0.00993
37	0.01270	0.00949	0.01222	0.01351	0.01569	0.00901	0.01128	0.01606	0.02007	0.02565	0.09083	0.12961	0.21610	0.02339	0.01141	0.00362	0.00662	0.35683	0.00814	0.00780
38	0.26212	0.01487	0.01415	0.01246	0.01689	0.01603	0.01008	0.15075	0.02262	0.03741	0.03510	0.03848	0.14794	0.01285	0.00767	0.00269	0.00647	0.04097	0.14057	0.00988
39	0.07443	0.00942	0.01024	0.01010	0.01272	0.00866	0.00755	0.01489	0.02070	0.02850	0.25699	0.13414	0.34096	0.02004	0.00997	0.00292	0.00458	0.01704	0.00836	0.00780
40	0.01291	0.01000	0.01488	0.01462	0.01607	0.01197	0.01146	0.01594	0.01397	0.02030	0.02256	0.03324	0.02111	0.06203	0.61625	0.01333	0.06761	0.00923	0.00461	0.00791
41	0.01255	0.00899	0.01223	0.01223	0.01317	0.00993	0.00867	0.01443	0.01349	0.01892	0.02500	0.04333	0.02574	0.31489	0.41479	0.01181	0.01744	0.01067	0.00492	0.00679
42	0.01168	0.00825	0.00984	0.01045	0.01116	0.00785	0.00666	0.01283	0.01599	0.02116	0.09763	0.27293	0.11563	0.32870	0.02608	0.00563	0.00644	0.01771	0.00696	0.00641
43	0.01936	0.02028	0.06903	0.31965	0.17097	0.05544	0.02287	0.06059	0.01934	0.02570	0.01641	0.02277	0.01316	0.01426	0.06995	0.00386	0.05335	0.00770	0.00437	0.01094
44	0.01695	0.01397	0.01551	0.01424	0.01787	0.01508	0.01093	0.03145	0.33294	0.03452	0.26618	0.05037	0.11366	0.01520	0.00956	0.00288	0.00559	0.01301	0.00906	0.01101
45	0.01831	0.01570	0.01819	0.01322	0.02079	0.01224	0.01055	0.02346	0.05510	0.02892	0.01673	0.01897	0.01376	0.00679	0.00661	0.00139	0.00649	0.00546	0.00539	0.70195
46	0.01626	0.00813	0.00813	0.00813	0.01016	0.00813	0.00610	0.02033	0.01829	0.03252	0.02846	0.03252	0.02236	0.01016	0.00610	0.00203	0.00407	0.00813	0.74187	0.00813
47	0.01836	0.03995	0.51836	0.03094	0.16519	0.02036	0.03107	0.02744	0.01872	0.02781	0.01581	0.01909	0.01164	0.00818	0.00836	0.00273	0.01236	0.00673	0.00382	0.01309
48	0.02350	0.02880	0.25693	0.02698	0.10508	0.01890	0.11877	0.07210	0.02171	0.13867	0.01975	0.02177	0.01406	0.00849	0.00859	0.00260	0.01102	0.00761	0.00565	0.08903
49	0.01626	0.00813	0.00813	0.00813	0.01016	0.00813	0.00610	0.02033	0.01829	0.03252	0.02846	0.03252	0.02236	0.01016	0.00610	0.00203	0.00407	0.00813	0.74187	0.00813
50	0.02332	0.69869	0.04571	0.01493	0.02239	0.03451	0.01493	0.02612	0.01772	0.02052	0.01213	0.01399	0.01119	0.00746	0.00560	0.00187	0.00933	0.00466	0.00373	0.01119
51	0.01243	0.00889	0.01191	0.01188	0.01296	0.00943	0.00841	0.01461	0.01563	0.02190	0.13681	0.07732	0.03774	0.26484	0.30628	0.00964	0.01405	0.01233	0.00593	0.00700
52	0.01286	0.00925	0.01279	0.01322	0.01444	0.01005	0.01003	0.01531	0.01494	0.02058	0.02933	0.05411	0.03054	0.22875	0.35341	0.01037	0.01603	0.13128	0.00555	0.00715
53	0.03258	0.04157	0.02472	0.02247	0.02697	0.65843	0.01685	0.03483	0.02472	0.02135	0.01348	0.01573	0.01124	0.00899	0.00787	0.00225	0.01573	0.00562	0.00449	0.01011
54	0.01647	0.01550	0.02616	0.67248	0.06008	0.01938	0.02422	0.02229	0.01744	0.02229	0.01550	0.02326	0.01163	0.00872	0.00872	0.00291	0.01163	0.00775	0.00388	0.00969
55	0.01246	0.00903	0.01059	0.01029	0.01284	0.00793	0.00768	0.01541	0.02172	0.05633	0.29811	0.12986	0.33531	0.02038	0.01031	0.00291	0.00449	0.01752	0.00882	0.00802
56	0.01083	0.00775	0.01030	0.01201	0.01270	0.00722	0.00811	0.01265	0.01763	0.02375	0.11631	0.61530	0.06056	0.02622	0.01104	0.00345	0.00495	0.02375	0.00827	0.00722
57	0.01949	0.01050	0.01395	0.01219	0.01549	0.00945	0.00945	0.02341	0.02476	0.19766	0.47444	0.05570	0.06612	0.01596	0.00988	0.00273	0.00500	0.01391	0.00992	0.00999
58	0.01166	0.01001	0.01013	0.00989	0.01307	0.00906	0.00748	0.01653	0.09145	0.02510	0.08210	0.07785	0.56328	0.02087	0.01014	0.00295	0.00471	0.01740	0.00819	0.00813
59	0.10749	0.01253	0.01507	0.01252	0.01731	0.01165	0.01006	0.03084	0.02207	0.33455	0.10553	0.03647	0.06915	0.01197	0.00812	0.00258	0.00604	0.00968	0.16483	0.01154
60	0.01031	0.00884	0.00884	0.00884	0.01178	0.00736	0.00663	0.01252	0.01988	0.02356	0.08837	0.08395	0.63549	0.02209	0.01031	0.00295	0.00442	0.01841	0.00810	0.00736
61	0.01201	0.00766	0.01040	0.01171	0.01204	0.00733	0.00772	0.01198	0.01494	0.01991	0.03754	0.45774	0.04414	0.08484	0.02009	0.20199	0.00602	0.01917	0.00671	0.00605
62	0.01095	0.00881	0.00976	0.00963	0.01220	0.00762	0.00718	0.01372	0.02123	0.02703	0.25502	0.10286	0.44135	0.02099	0.01034	0.00291	0.00435	0.01786	0.00856	0.00762
63	0.02159	0.02073	0.03541	0.05354	0.63903	0.02073	0.02677	0.02677	0.01986	0.02850	0.01641	0.02159	0.01382	0.00777	0.00864	0.00259	0.01036	0.00777	0.00432	0.01382
64	0.03131	0.02458	0.02507	0.01985	0.02636	0.06482	0.01616	0.48571	0.13203	0.05000	0.02279	0.02246	0.01648	0.01060	0.00870	0.00265	0.00955	0.00803	0.00849	0.01438
65	0.01086	0.00877	0.00877	0.00877	0.01163	0.00743	0.00658	0.01324	0.01974	0.02439	0.08283	0.07919	0.57881	0.02099	0.00992	0.00286	0.00439	0.01746	0.07594	0.00743
66	0.28654	0.01371	0.01353	0.01189	0.01629	0.01445	0.00938	0.02829	0.07408	0.16066	0.02775	0.02986	0.05271	0.05658	0.00948	0.00298	0.00630	0.00808	0.16716	0.01028
67	0.01908	0.01908	0.02672	0.02290	0.02290	0.02672	0.01908	0.02099	0.01336	0.02099	0.01145	0.01908	0.01145	0.01527	0.02863	0.00382	0.67748	0.00763	0.00382	0.00954
68	0.01104	0.00810	0.01037	0.01141	0.01264	0.00743	0.00794	0.01334	0.01924	0.02582	0.20961	0.44398	0.13867	0.02412	0.01080	0.00325	0.00473	0.02157	0.00850	0.00743
69	0.02793	0.03184	0.02823	0.03168	0.21027	0.35913	0.02004	0.06988	0.02319	0.02573	0.01466	0.01819	0.01228	0.00937	0.01030	0.00254	0.08198	0.00662	0.00466	0.01148
70	0.01057	0.00782	0.00989	0.01154	0.01249	0.00714	0.00783	0.01221	0.01728	0.02250	0.05539	0.57813	0.16260	0.02638	0.01098	0.00343	0.00494	0.02364	0.00810	0.00714
71	0.02305	0.01981	0.02002	0.01753	0.02260	0.05032	0.01374	0.13643	0.44334	0.03768	0.03696	0.03460	0.08025	0.01243	0.00894	0.00287	0.00752	0.01012	0.00858	0.01321
72	0.01039	0.00851	0.00917	0.00970	0.01201	0.00729	0.00701	0.01242	0.01905	0.02323	0.07786	0.24135	0.48487	0.02346	0.01052	0.00310	0.00459	0.02007	0.00810	0.00729
73	0.01331	0.00972	0.01158	0.01154	0.01419	0.00896	0.00898	0.01745	0.05093	0.05478	0.22642	0.11572	0.29285	0.02057	0.01050	0.00309	0.00521	0.10721	0.00866	0.00834
74	0.01708	0.01612	0.02726	0.59907	0.12874	0.01954	0.02453	0.02282	0.01773	0.02302	0.01561	0.02306	0.01189	0.00861	0.00871	0.00287	0.01148	0.00775	0.00393	0.01018
75	0.01111	0.00887	0.00994	0.00967	0.01227	0.00770	0.00725	0.01406	0.02176	0.02803	0.30214	0.07659	0.41893	0.02042	0.01030	0.00287	0.00430	0.01738	0.00869	0.00770
76	0.02152	0.02091	0.03646	0.05244	0.60012	0.02081	0.06484	0.02685	0.01991	0.02846	0.01649	0.02172	0.01378	0.00774	0.00874	0.00261	0.01065	0.00794	0.00432	0.01368
77	0.01759	0.01630	0.02719	0.28847	0.29853	0.01772	0.02238	0.02236	0.01834	0.02493	0.02180	0.14319	0.02093	0.01169	0.00912	0.00289	0.00990	0.01086	0.00483	0.01098
78	0.01647	0.01550	0.02616	0.67248	0.06008	0.01938	0.02422	0.02229	0.01744	0.02229	0.01550	0.02326	0.01163	0.00872	0.00872	0.00291	0.01163	0.00775	0.00388	0.00969
79	0.05191	0.29777	0.17456	0.01950	0.02646	0.08649	0.01967	0.06202	0.01904	0.02515	0.01347	0.01651	0.01136	0.00942	0.01078	0.00254	0.13195	0.00589	0.00418	0.01133
80	0.01750	0.04512	0.64825	0.02486	0.03775	0.02026	0.03223	0.02762	0.01842	0.02762	0.01565	0.01842	0.01105	0.00829	0.00829	0.00276	0.01289	0.00645	0.00368	0.01289
81	0.01297	0.00939	0.00989	0.00945	0.01275	0.00787	0.00720	0.01529	0.02035	0.08102	0.08338	0.07893	0.57874	0.02105	0.01017	0.00292	0.00470	0.01752	0.00835	0.00806
82	0.01821	0.09081	0.54911	0.02524	0.03736	0.02146	0.08414	0.02754	0.01857	0.02714	0.01558	0.01857	0.01126	0.00814	0.00828	0.00271	0.01280	0.00667	0.00375	0.01266
83	0.03170	0.04067	0.06295	0.02246	0.02763	0.57800	0.01778	0.07210	0.02540	0.02394	0.01411	0.01624	0.01146	0.00904	0.00795	0.00230	0.01515	0.00582	0.00472	0.01059
84	0.02870	0.22314	0.08858	0.02006	0.02669	0.29008	0.01767	0.15361	0.02562	0.02882	0.01488	0.01659	0.01197	0.00881	0.00745	0.00227	0.01237	0.00590	0.00510	0.01167
85	0.01950	0.04232	0.59019	0.02400	0.03632	0.01957	0.03043	0.02900	0.01902	0.08471	0.01739	0.01946	0.01202	0.00852	0.00833	0.00276	0.01239	0.00666	0.00434	0.01307
86	0.01747	0.02331	0.16283	0.41422	0.05259	0.02008	0.13691	0.02449	0.01825	0.02449	0.01594	0.02228	0.01181	0.00837	0.00893	0.00288	0.01248	0.00796	0.00394	0.01076
87	0.01328	0.01110	0.01180	0.01317	0.01413	0.06779	0.00916	0.01493	0.01727	0.02189	0.04202	0.48267	0.04926	0.11150	0.01523	0.00411	0.00680	0.07927	0.00739	0.00723

[dist]
# distance from previous block
# <min> <max>
0	14

[block]
# block no. 1 follows, 20 sequences, length 18
# corresponding to MSA columns:
# 138-155
name=unknown_B
#
# <colnr> <probs for GDERKNQSTAVLIFYWHMCP>
#	G	D	E	R	K	N	Q	S	T	A	V	L	I	F	Y	W	H	M	C	P
0	0.01997	0.01950	0.03449	0.23376	0.40191	0.02048	0.09136	0.02558	0.01923	0.02661	0.01628	0.02230	0.01311	0.00800	0.00885	0.00272	0.01122	0.00805	0.00420	0.01237
1	0.07294	0.02558	0.02163	0.01871	0.02334	0.22940	0.01471	0.22686	0.02686	0.03374	0.01858	0.02234	0.01516	0.02441	0.18067	0.00553	0.01508	0.00732	0.00605	0.01108
2	0.01056	0.00838	0.00950	0.01022	0.01219	0.00732	0.00728	0.01264	0.01901	0.02383	0.10912	0.30880	0.38284	0.02377	0.01062	0.00316	0.00464	0.02063	0.00820	0.00732
3	0.09648	0.01070	0.01229	0.01249	0.01529	0.01062	0.01013	0.01868	0.05443	0.02981	0.20484	0.07295	0.20112	0.01948	0.01022	0.00321	0.00589	0.19476	0.00821	0.00840
4	0.01501	0.01363	0.02127	0.02429	0.18204	0.01280	0.07980	0.01881	0.02041	0.02713	0.16271	0.05522	0.25420	0.05987	0.01210	0.00317	0.00736	0.01379	0.00679	0.00960
5	0.02170	0.01652	0.02417	0.02959	0.25293	0.01718	0.01740	0.11976	0.02150	0.08392	0.02176	0.02933	0.01868	0.09716	0.18280	0.00623	0.01318	0.00881	0.00581	0.01158
6	0.01083	0.00779	0.01011	0.01174	0.01245	0.00725	0.00787	0.01247	0.01716	0.02284	0.08611	0.57929	0.09025	0.06375	0.01290	0.00373	0.00516	0.02319	0.00803	0.00707
7	0.01186	0.00963	0.01065	0.01091	0.01335	0.00898	0.00797	0.01658	0.08737	0.02568	0.11997	0.23665	0.36486	0.02195	0.01036	0.00309	0.00484	0.01891	0.00832	0.00809
8	0.02014	0.01959	0.03437	0.21622	0.43306	0.02049	0.07738	0.02568	0.01928	0.02680	0.01628	0.02220	0.01318	0.00799	0.00880	0.00271	0.01108	0.00799	0.00421	0.01254
9	0.01062	0.00812	0.00976	0.01089	0.01237	0.00726	0.00758	0.01255	0.01833	0.02353	0.09914	0.43381	0.26493	0.02487	0.01079	0.00328	0.00477	0.02196	0.00819	0.00726
10	0.01268	0.00846	0.00951	0.00951	0.00951	0.00846	0.00529	0.01268	0.01268	0.01691	0.02748	0.05708	0.03171	0.69345	0.04440	0.00846	0.00846	0.01268	0.00529	0.00529
11	0.03258	0.04157	0.02472	0.02247	0.02697	0.65843	0.01685	0.03483	0.02472	0.02135	0.01348	0.01573	0.01124	0.00899	0.00787	0.00225	0.01573	0.00562	0.00449	0.01011
12	0.02180	0.01575	0.01760	0.01531	0.01875	0.01685	0.01157	0.28926	0.02704	0.03615	0.02982	0.17629	0.03039	0.20054	0.01912	0.00448	0.00824	0.04319	0.00762	0.01023
13	0.01063	0.00759	0.01012	0.01215	0.01265	0.00709	0.00810	0.01215	0.01670	0.02227	0.04808	0.68775	0.05769	0.02733	0.01113	0.00354	0.00506	0.02480	0.00810	0.00709
14	0.02170	0.01874	0.01972	0.01775	0.02268	0.02170	0.01381	0.04635	0.62327	0.03649	0.03550	0.03254	0.02663	0.01183	0.00888	0.00296	0.00690	0.00986	0.00888	0.01381
15	0.01182	0.00846	0.00940	0.00963	0.01047	0.00801	0.00596	0.01258	0.01505	0.01928	0.04595	0.13518	0.19477	0.44042	0.03161	0.00644	0.00700	0.01557	0.00635	0.00604
16	0.01256	0.00940	0.01096	0.01140	0.01278	0.00927	0.00772	0.01659	0.08502	0.02366	0.09884	0.28432	0.13899	0.21466	0.02020	0.00472	0.00606	0.01786	0.00751	0.00747
17	0.01063	0.00759	0.01012	0.01215	0.01265	0.00709	0.00810	0.01215	0.01670	0.02227	0.04808	0.68775	0.05769	0.02733	0.01113	0.00354	0.00506	0.02480	0.00810	0.00709

[dist]
# distance from previous block
# <min> <max>
0	2

[block]
# block no. 2 follows, 20 sequences, length 93
# corresponding to MSA columns:
# 158-250
name=unknown_C
#
# <colnr> <probs for GDERKNQSTAVLIFYWHMCP>
#	G	D	E	R	K	N	Q	S	T	A	V	L	I	F	Y	W	H	M	C	P
0	0.02187	0.01308	0.01589	0.01378	0.01767	0.01271	0.01072	0.13956	0.02616	0.16927	0.22525	0.15808	0.10581	0.01688	0.00979	0.00287	0.00613	0.01448	0.00928	0.01071
1	0.01184	0.00895	0.01075	0.01170	0.01308	0.00861	0.00806	0.01549	0.06985	0.02399	0.08845	0.42078	0.15895	0.09012	0.01402	0.00382	0.00538	0.02059	0.00798	0.00761
2	0.01600	0.01100	0.01356	0.01344	0.01559	0.01094	0.00977	0.11624	0.02257	0.05685	0.14297	0.43926	0.05302	0.02212	0.01048	0.00321	0.00578	0.01967	0.00858	0.00894
3	0.03149	0.02283	0.02440	0.01889	0.02539	0.02519	0.01555	0.55182	0.03877	0.05276	0.02168	0.02208	0.01558	0.01044	0.00847	0.00256	0.00905	0.00788	0.08100	0.01417
4	0.01060	0.00771	0.00999	0.01182	0.01257	0.00711	0.00795	0.01218	0.01701	0.02240	0.05205	0.62823	0.11465	0.02681	0.01105	0.00348	0.00500	0.02417	0.00810	0.00711
5	0.01424	0.01196	0.01743	0.01641	0.01755	0.01516	0.01310	0.01703	0.01384	0.02045	0.02016	0.03019	0.01902	0.05194	0.48942	0.01128	0.19924	0.00889	0.00444	0.00826
6	0.01084	0.00781	0.00992	0.01151	0.01220	0.00727	0.00763	0.01225	0.01655	0.02177	0.04966	0.55500	0.11164	0.10415	0.01491	0.00405	0.00539	0.02276	0.00777	0.00690
7	0.01063	0.00759	0.01012	0.01215	0.01265	0.00709	0.00810	0.01215	0.01670	0.02227	0.04808	0.68775	0.05769	0.02733	0.01113	0.00354	0.00506	0.02480	0.00810	0.00709
8	0.01908	0.01908	0.02672	0.02290	0.02290	0.02672	0.01908	0.02099	0.01336	0.02099	0.01145	0.01908	0.01145	0.01527	0.02863	0.00382	0.67748	0.00763	0.00382	0.00954
9	0.01268	0.00846	0.00951	0.00951	0.00951	0.00846	0.00529	0.01268	0.01268	0.01691	0.02748	0.05708	0.03171	0.69345	0.04440	0.00846	0.00846	0.01268	0.00529	0.00529
10	0.01246	0.00935	0.01402	0.01402	0.01558	0.01090	0.01090	0.01558	0.01402	0.02025	0.02336	0.03427	0.02181	0.06542	0.65888	0.01402	0.02336	0.00935	0.00467	0.00779
11	0.02150	0.02164	0.03082	0.21440	0.37862	0.09460	0.02423	0.02757	0.05262	0.02643	0.01686	0.02195	0.01363	0.00839	0.00858	0.00266	0.01114	0.00763	0.00447	0.01228
12	0.03258	0.04157	0.02472	0.02247	0.02697	0.65843	0.01685	0.03483	0.02472	0.02135	0.01348	0.01573	0.01124	0.00899	0.00787	0.00225	0.01573	0.00562	0.00449	0.01011
13	0.01560	0.01388	0.02079	0.02827	0.27687	0.01323	0.01555	0.01957	0.02113	0.02864	0.20110	0.05270	0.22811	0.01493	0.00960	0.00274	0.00685	0.01323	0.00690	0.01031
14	0.01626	0.00813	0.00813	0.00813	0.01016	0.00813	0.00610	0.02033	0.01829	0.03252	0.02846	0.03252	0.02236	0.01016	0.00610	0.00203	0.00407	0.00813	0.74187	0.00813
15	0.02489	0.01926	0.02107	0.01724	0.02287	0.02063	0.01374	0.29948	0.17941	0.04254	0.06439	0.09193	0.02591	0.01242	0.00881	0.00263	0.00774	0.01017	0.00830	0.10657
16	0.01928	0.01647	0.02276	0.02861	0.24509	0.01747	0.01629	0.05566	0.17638	0.02832	0.02495	0.03449	0.02239	0.19174	0.05849	0.00493	0.00973	0.00970	0.00600	0.01126
17	0.02886	0.03083	0.02277	0.01939	0.02476	0.35362	0.01502	0.18192	0.02774	0.03120	0.02306	0.02410	0.07392	0.01038	0.00817	0.00230	0.01193	0.00741	0.00604	0.09661
18	0.02170	0.01874	0.01972	0.01775	0.02268	0.02170	0.01381	0.04635	0.62327	0.03649	0.03550	0.03254	0.02663	0.01183	0.00888	0.00296	0.00690	0.00986	0.00888	0.01381
19	0.01119	0.00865	0.01023	0.01053	0.01264	0.00770	0.00777	0.01393	0.02074	0.02701	0.25094	0.20746	0.31153	0.02195	0.01055	0.00306	0.00462	0.04334	0.00857	0.00761
20	0.03509	0.02133	0.02426	0.01860	0.02550	0.02245	0.01536	0.42637	0.03582	0.24588	0.02530	0.02377	0.01702	0.01058	0.00874	0.00264	0.00889	0.00815	0.00940	0.01484
21	0.01170	0.00836	0.01135	0.01337	0.01435	0.00801	0.00996	0.01400	0.01776	0.02347	0.04749	0.50365	0.05535	0.02632	0.01142	0.00369	0.00599	0.19833	0.00808	0.00738
22	0.02106	0.02100	0.03827	0.08845	0.47615	0.02093	0.15074	0.02674	0.01987	0.02799	0.01662	0.02211	0.01356	0.00774	0.00900	0.00269	0.01137	0.00831	0.00431	0.01312
23	0.01113	0.00851	0.00927	0.00960	0.01119	0.00767	0.00643	0.01251	0.01703	0.02120	0.06205	0.17451	0.34518	0.24015	0.02147	0.00483	0.00583	0.01761	0.00719	0.00665
24	0.01031	0.00884	0.00884	0.00884	0.01178	0.00736	0.00663	0.01252	0.01988	0.02356	0.08837	0.08395	0.63549	0.02209	0.01031	0.00295	0.00442	0.01841	0.00810	0.00736
25	0.01863	0.01771	0.03006	0.41122	0.30446	0.01995	0.02530	0.02418	0.01846	0.02491	0.01589	0.02255	0.01255	0.00832	0.00868	0.00277	0.01109	0.00776	0.00406	0.01143
26	0.01336	0.00924	0.01081	0.01118	0.01350	0.00832	0.00808	0.01634	0.04502	0.07585	0.06454	0.33203	0.31368	0.02291	0.01047	0.00318	0.00505	0.01993	0.00836	0.00815
27	0.01247	0.00929	0.01374	0.01374	0.01520	0.01075	0.01055	0.01540	0.01394	0.02004	0.02362	0.03569	0.02242	0.10448	0.62066	0.01367	0.02244	0.00955	0.00471	0.00763
28	0.01246	0.00935	0.01402	0.01402	0.01558	0.01090	0.01090	0.01558	0.01402	0.02025	0.02336	0.03427	0.02181	0.06542	0.65888	0.01402	0.02336	0.00935	0.00467	0.00779
29	0.01246	0.00935	0.01402	0.01402	0.01558	0.01090	0.01090	0.01558	0.01402	0.02025	0.02336	0.03427	0.02181	0.06542	0.65888	0.01402	0.02336	0.00935	0.00467	0.00779
30	0.01203	0.00832	0.00957	0.00999	0.01039	0.00807	0.00600	0.01256	0.01422	0.01868	0.03774	0.19008	0.09660	0.48959	0.03416	0.00690	0.00736	0.01575	0.00614	0.00586
31	0.02170	0.01874	0.01972	0.01775	0.02268	0.02170	0.01381	0.04635	0.62327	0.03649	0.03550	0.03254	0.02663	0.01183	0.00888	0.00296	0.00690	0.00986	0.00888	0.01381
32	0.01031	0.00884	0.00884	0.00884	0.01178	0.00736	0.00663	0.01252	0.01988	0.02356	0.08837	0.08395	0.63549	0.02209	0.01031	0.00295	0.00442	0.01841	0.00810	0.00736
33	0.02430	0.01693	0.01876	0.01640	0.02152	0.01839	0.01289	0.04219	0.43588	0.16533	0.04048	0.03700	0.08557	0.01262	0.00899	0.00290	0.00677	0.01047	0.00921	0.01339
34	0.01063	0.00759	0.01012	0.01215	0.01265	0.00709	0.00810	0.01215	0.01670	0.02227	0.04808	0.68775	0.05769	0.02733	0.01113	0.00354	0.00506	0.02480	0.00810	0.00709
35	0.01246	0.00935	0.01402	0.01402	0.01558	0.01090	0.01090	0.01558	0.01402	0.02025	0.02336	0.03427	0.02181	0.06542	0.65888	0.01402	0.02336	0.00935	0.00467	0.00779
36	0.01268	0.00846	0.00951	0.00951	0.00951	0.00846	0.00529	0.01268	0.01268	0.01691	0.02748	0.05708	0.03171	0.69345	0.04440	0.00846	0.00846	0.01268	0.00529	0.00529
37	0.01048	0.00817	0.00953	0.01061	0.01225	0.00721	0.00742	0.01232	0.01817	0.02287	0.06672	0.40838	0.32503	0.02491	0.01075	0.00327	0.00476	0.02184	0.00810	0.00721
38	0.01809	0.01550	0.01809	0.01292	0.02067	0.01163	0.01034	0.02196	0.01809	0.02842	0.01550	0.01809	0.01292	0.00646	0.00646	0.00129	0.00646	0.00517	0.00517	0.74677
39	0.01063	0.00759	0.01012	0.01215	0.01265	0.00709	0.00810	0.01215	0.01670	0.02227	0.04808	0.68775	0.05769	0.02733	0.01113	0.00354	0.00506	0.02480	0.00810	0.00709
40	0.01063	0.00759	0.01012	0.01215	0.01265	0.00709	0.00810	0.01215	0.01670	0.02227	0.04808	0.68775	0.05769	0.02733	0.01113	0.00354	0.00506	0.02480	0.00810	0.00709
41	0.01268	0.00846	0.00951	0.00951	0.00951	0.00846	0.00529	0.01268	0.01268	0.01691	0.02748	0.05708	0.03171	0.69345	0.04440	0.00846	0.00846	0.01268	0.00529	0.00529
42	0.01246	0.00935	0.01402	0.01402	0.01558	0.01090	0.01090	0.01558	0.01402	0.02025	0.02336	0.03427	0.02181	0.06542	0.65888	0.01402	0.02336	0.00935	0.00467	0.00779
43	0.01031	0.00884	0.00884	0.00884	0.01178	0.00736	0.00663	0.01252	0.01988	0.02356	0.08837	0.08395	0.63549	0.02209	0.01031	0.00295	0.00442	0.01841	0.00810	0.00736
44	0.02753	0.01937	0.02068	0.01648	0.02171	0.02117	0.01323	0.42501	0.03336	0.04642	0.02319	0.02698	0.01811	0.07773	0.01168	0.00307	0.00830	0.00839	0.16513	0.01246
45	0.01056	0.00786	0.00985	0.01144	0.01247	0.00714	0.00778	0.01223	0.01738	0.02255	0.05673	0.55812	0.18174	0.02620	0.01096	0.00341	0.00492	0.02343	0.00810	0.00714
46	0.75506	0.01687	0.01282	0.01147	0.01687	0.01957	0.00945	0.02564	0.01484	0.03914	0.01215	0.01417	0.00945	0.00810	0.00540	0.00270	0.00675	0.00472	0.00540	0.00945
47	0.01063	0.00759	0.01012	0.01215	0.01265	0.00709	0.00810	0.01215	0.01670	0.02227	0.04808	0.68775	0.05769	0.02733	0.01113	0.00354	0.00506	0.02480	0.00810	0.00709
48	0.01268	0.00846	0.00951	0.00951	0.00951	0.00846	0.00529	0.01268	0.01268	0.01691	0.02748	0.05708	0.03171	0.69345	0.04440	0.00846	0.00846	0.01268	0.00529	0.00529
49	0.01063	0.00759	0.01012	0.01215	0.01265	0.00709	0.00810	0.01215	0.01670	0.02227	0.04808	0.68775	0.05769	0.02733	0.01113	0.00354	0.00506	0.02480	0.00810	0.00709
50	0.03316	0.02443	0.02618	0.02007	0.02705	0.02705	0.01658	0.60995	0.04101	0.05497	0.02094	0.02094	0.01483	0.01047	0.00873	0.00262	0.00960	0.00785	0.00873	0.01483
51	0.01033	0.00877	0.00891	0.00902	0.01183	0.00735	0.00671	0.01250	0.01971	0.02349	0.08616	0.11694	0.60392	0.02238	0.01035	0.00298	0.00445	0.01876	0.00810	0.00735
52	0.01031	0.00884	0.00884	0.00884	0.01178	0.00736	0.00663	0.01252	0.01988	0.02356	0.08837	0.08395	0.63549	0.02209	0.01031	0.00295	0.00442	0.01841	0.00810	0.00736
53	0.01031	0.00884	0.00884	0.00884	0.01178	0.00736	0.00663	0.01252	0.01988	0.02356	0.08837	0.08395	0.63549	0.02209	0.01031	0.00295	0.00442	0.01841	0.00810	0.00736
54	0.01589	0.00825	0.00871	0.00871	0.01070	0.00840	0.00657	0.01986	0.01787	0.03131	0.02795	0.03269	0.02230	0.01561	0.07045	0.00321	0.00597	0.00825	0.66920	0.00810
55	0.01086	0.00886	0.00960	0.00941	0.01212	0.00760	0.00706	0.01358	0.02118	0.02663	0.23519	0.07889	0.48675	0.02095	0.01030	0.00289	0.00434	0.01770	0.00850	0.00760
56	0.01249	0.00945	0.01193	0.01322	0.01547	0.00889	0.01101	0.01570	0.01980	0.02495	0.06149	0.12968	0.26148	0.02357	0.01137	0.00360	0.00655	0.34353	0.00806	0.00773
57	0.01073	0.00885	0.00942	0.00928	0.01204	0.00754	0.00696	0.01333	0.02088	0.02592	0.20123	0.08006	0.52116	0.02121	0.01030	0.00290	0.00436	0.01786	0.00841	0.00754
58	0.02695	0.03247	0.02263	0.02071	0.02413	0.45772	0.01580	0.02935	0.02131	0.02108	0.01540	0.02002	0.01352	0.02167	0.14909	0.00492	0.08260	0.00661	0.00447	0.00956
59	0.01253	0.00851	0.01007	0.01020	0.01041	0.00866	0.00611	0.01299	0.01309	0.01763	0.02828	0.09348	0.03217	0.57929	0.11368	0.00880	0.00998	0.01305	0.00539	0.00569
60	0.03316	0.02443	0.02618	0.02007	0.02705	0.02705	0.01658	0.60995	0.04101	0.05497	0.02094	0.02094	0.01483	0.01047	0.00873	0.00262	0.00960	0.00785	0.00873	0.01483
61	0.01235	0.00892	0.01166	0.01097	0.01303	0.00823	0.00823	0.01646	0.02469	0.03498	0.63443	0.06516	0.08230	0.01783	0.01029	0.00274	0.00412	0.01578	0.00960	0.00823
62	0.02264	0.62281	0.11567	0.01608	0.02417	0.03286	0.01693	0.02629	0.01780	0.02135	0.01254	0.01451	0.01118	0.00756	0.00591	0.00197	0.00974	0.00487	0.00373	0.01139
63	0.01750	0.04512	0.64825	0.02486	0.03775	0.02026	0.03223	0.02762	0.01842	0.02762	0.01565	0.01842	0.01105	0.00829	0.00829	0.00276	0.01289	0.00645	0.00368	0.01289
64	0.07229	0.03022	0.02373	0.02101	0.02472	0.33557	0.01641	0.06419	0.11837	0.02662	0.01687	0.01940	0.01384	0.01093	0.01275	0.00277	0.16736	0.00683	0.00533	0.01079
65	0.02423	0.63391	0.04364	0.01567	0.02284	0.09602	0.01512	0.02698	0.01841	0.02060	0.01226	0.01416	0.01120	0.00761	0.00582	0.00190	0.00996	0.00476	0.00381	0.01109
66	0.01647	0.01550	0.02616	0.67248	0.06008	0.01938	0.02422	0.02229	0.01744	0.02229	0.01550	0.02326	0.01163	0.00872	0.00872	0.00291	0.01163	0.00775	0.00388	0.00969
67	0.01031	0.00884	0.00884	0.00884	0.01178	0.00736	0.00663	0.01252	0.01988	0.02356	0.08837	0.08395	0.63549	0.02209	0.01031	0.00295	0.00442	0.01841	0.00810	0.00736
68	0.01809	0.01550	0.01809	0.01292	0.02067	0.01163	0.01034	0.02196	0.01809	0.02842	0.01550	0.01809	0.01292	0.00646	0.00646	0.00129	0.00646	0.00517	0.00517	0.74677
69	0.02170	0.01874	0.01972	0.01775	0.02268	0.02170	0.01381	0.04635	0.62327	0.03649	0.03550	0.03254	0.02663	0.01183	0.00888	0.00296	0.00690	0.00986	0.00888	0.01381
70	0.01809	0.01550	0.01809	0.01292	0.02067	0.01163	0.01034	0.02196	0.01809	0.02842	0.01550	0.01809	0.01292	0.00646	0.00646	0.00129	0.00646	0.00517	0.00517	0.74677
71	0.01786	0.03514	0.42427	0.03081	0.19310	0.01911	0.02827	0.02591	0.01894	0.02745	0.02302	0.02571	0.07334	0.00951	0.00858	0.00274	0.01139	0.00797	0.00429	0.01259
72	0.02857	0.03514	0.02258	0.02078	0.02469	0.52910	0.01567	0.03099	0.02258	0.02113	0.01546	0.01943	0.01335	0.02026	0.13789	0.00460	0.01726	0.00636	0.00453	0.00965
73	0.01114	0.00887	0.00999	0.00971	0.01229	0.00772	0.00728	0.01413	0.02185	0.02824	0.31227	0.07624	0.40867	0.02035	0.01030	0.00286	0.00429	0.01733	0.00872	0.00772
74	0.01031	0.00884	0.00884	0.00884	0.01178	0.00736	0.00663	0.01252	0.01988	0.02356	0.08837	0.08395	0.63549	0.02209	0.01031	0.00295	0.00442	0.01841	0.00810	0.00736
75	0.02995	0.03154	0.02784	0.02971	0.18268	0.32205	0.01930	0.19143	0.02798	0.03244	0.01628	0.01866	0.01289	0.00909	0.00830	0.00244	0.01267	0.00678	0.00562	0.01236
76	0.02127	0.02040	0.03484	0.09172	0.60332	0.02064	0.02661	0.02649	0.01971	0.02811	0.01635	0.02169	0.01368	0.00783	0.00864	0.00261	0.01044	0.00777	0.00429	0.01356
77	0.01063	0.00759	0.01012	0.01215	0.01265	0.00709	0.00810	0.01215	0.01670	0.02227	0.04808	0.68775	0.05769	0.02733	0.01113	0.00354	0.00506	0.02480	0.00810	0.00709
78	0.02324	0.02036	0.03154	0.04117	0.41123	0.02095	0.05072	0.06800	0.14621	0.06546	0.02168	0.02435	0.01692	0.00892	0.00878	0.00269	0.00965	0.00839	0.00589	0.01384
79	0.01191	0.00890	0.01105	0.01052	0.01276	0.00804	0.00789	0.01561	0.02366	0.03253	0.51720	0.06919	0.20107	0.01875	0.01029	0.00279	0.00418	0.01634	0.00928	0.00804
80	0.01204	0.00864	0.01156	0.01243	0.01389	0.00816	0.00934	0.01515	0.02075	0.02840	0.29534	0.30710	0.06659	0.02267	0.01096	0.00330	0.00525	0.13194	0.00872	0.00776
81	0.02057	0.01968	0.03356	0.17716	0.52340	0.02046	0.02626	0.02587	0.01938	0.02726	0.01623	0.02192	0.01338	0.00796	0.00865	0.00265	0.01062	0.00777	0.00423	0.01299
82	0.01246	0.00935	0.01402	0.01402	0.01558	0.01090	0.01090	0.01558	0.01402	0.02025	0.02336	0.03427	0.02181	0.06542	0.65888	0.01402	0.02336	0.00935	0.00467	0.00779
83	0.02360	0.02631	0.15482	0.07263	0.32276	0.02226	0.02498	0.18350	0.02513	0.03510	0.01743	0.02087	0.01342	0.00865	0.00859	0.00265	0.01073	0.00753	0.00535	0.01368
84	0.02296	0.65823	0.08301	0.01554	0.02334	0.03363	0.01600	0.02621	0.01777	0.02096	0.01235	0.01427	0.01119	0.00751	0.00576	0.00192	0.00955	0.00477	0.00373	0.01130
85	0.01072	0.00870	0.00956	0.00998	0.01240	0.00754	0.00744	0.01304	0.01965	0.02421	0.11267	0.18678	0.46618	0.02285	0.01056	0.00310	0.00473	0.05428	0.00819	0.00741
86	0.02626	0.43892	0.06751	0.01803	0.02472	0.25051	0.01643	0.02922	0.02019	0.02115	0.01277	0.01481	0.01120	0.00803	0.00651	0.00204	0.01172	0.00508	0.00399	0.01090
87	0.01578	0.01322	0.01465	0.01405	0.01582	0.07510	0.01037	0.05352	0.01640	0.02163	0.02332	0.03758	0.02292	0.22075	0.39369	0.01070	0.01786	0.00976	0.00507	0.00780
88	0.01296	0.00920	0.01047	0.00997	0.01259	0.00807	0.00737	0.01560	0.02095	0.06504	0.24524	0.07220	0.36939	0.08628	0.01357	0.00341	0.00491	0.01644	0.00845	0.00789
89	0.01754	0.04513	0.02502	0.15520	0.02912	0.02285	0.01835	0.02038	0.01506	0.02146	0.02047	0.02686	0.07350	0.01668	0.05217	0.00395	0.41395	0.00868	0.00429	0.00934
90	0.05977	0.02498	0.03027	0.03970	0.37957	0.16523	0.02229	0.02892	0.04954	0.02706	0.01598	0.02019	0.01341	0.00900	0.01029	0.00266	0.07699	0.00722	0.00458	0.01234
91	0.06995	0.02074	0.03086	0.07744	0.44168	0.05125	0.02304	0.05597	0.02121	0.09799	0.01816	0.02180	0.01421	0.00837	0.00842	0.00261	0.01011	0.00759	0.00529	0.01330
92	0.15476	0.02699	0.05885	0.15277	0.07095	0.22013	0.04724	0.05755	0.04982	0.02817	0.01549	0.01907	0.01217	0.00909	0.00885	0.00267	0.04311	0.00670	0.00486	0.01076

[dist]
# distance from previous block
# <min> <max>
3	74

[block]
# block no. 3 follows, 20 sequences, length 23
# corresponding to MSA columns:
# 325-347
name=unknown_D
#
# <colnr> <probs for GDERKNQSTAVLIFYWHMCP>
#	G	D	E	R	K	N	Q	S	T	A	V	L	I	F	Y	W	H	M	C	P
0	0.15066	0.01767	0.02695	0.06891	0.38380	0.01863	0.02060	0.02427	0.01776	0.02856	0.01689	0.02270	0.01441	0.01859	0.12886	0.00475	0.01219	0.00752	0.00456	0.01171
1	0.15779	0.02018	0.02533	0.03328	0.32004	0.08279	0.01868	0.05386	0.02113	0.03177	0.10524	0.02808	0.04599	0.01005	0.00826	0.00261	0.00909	0.00852	0.00564	0.01165
2	0.02140	0.02125	0.03839	0.05042	0.52879	0.02097	0.13463	0.02699	0.02000	0.02839	0.01664	0.02195	0.01371	0.00769	0.00894	0.00266	0.01117	0.00824	0.00434	0.01344
3	0.02360	0.02418	0.02976	0.03591	0.30111	0.13957	0.05909	0.03423	0.20224	0.02954	0.02169	0.02392	0.01715	0.00919	0.00867	0.00266	0.01060	0.00817	0.00573	0.01299
4	0.01559	0.01167	0.01656	0.02120	0.17168	0.01190	0.01178	0.01814	0.01576	0.02328	0.02421	0.04002	0.02391	0.29706	0.12004	0.00659	0.01036	0.01008	0.14179	0.00837
5	0.01109	0.00928	0.01054	0.01185	0.04649	0.00811	0.00791	0.01326	0.01906	0.02333	0.07536	0.17282	0.48398	0.05282	0.01190	0.00327	0.00503	0.01855	0.00776	0.00758
6	0.02195	0.02162	0.03436	0.08215	0.57682	0.05592	0.02610	0.02700	0.02001	0.02780	0.01620	0.02135	0.01357	0.00789	0.00860	0.00259	0.01072	0.00765	0.00431	0.01341
7	0.02415	0.02469	0.03302	0.04628	0.49822	0.13677	0.02448	0.05656	0.02177	0.02849	0.01610	0.02049	0.01340	0.00812	0.00850	0.00253	0.01130	0.00739	0.00456	0.01319
8	0.02195	0.01779	0.02016	0.01475	0.02231	0.01558	0.01194	0.17270	0.02396	0.03523	0.01690	0.01882	0.01341	0.00749	0.00704	0.00163	0.00726	0.00586	0.00608	0.55913
9	0.03316	0.02443	0.02618	0.02007	0.02705	0.02705	0.01658	0.60995	0.04101	0.05497	0.02094	0.02094	0.01483	0.01047	0.00873	0.00262	0.00960	0.00785	0.00873	0.01483
10	0.01254	0.00840	0.00956	0.00970	0.00974	0.00836	0.00548	0.01265	0.01297	0.01729	0.02894	0.10160	0.03355	0.64643	0.04205	0.00811	0.00822	0.01354	0.00548	0.00541
11	0.15452	0.03987	0.53020	0.02237	0.03387	0.02013	0.02800	0.02726	0.01775	0.02976	0.01500	0.01763	0.01075	0.00825	0.00775	0.00275	0.01175	0.00613	0.00400	0.01225
12	0.01130	0.00829	0.01072	0.01214	0.01339	0.00770	0.00880	0.01360	0.01860	0.02454	0.12343	0.44280	0.13830	0.02499	0.01106	0.00344	0.00530	0.10594	0.00827	0.00740
13	0.01033	0.00875	0.00892	0.00905	0.01184	0.00735	0.00672	0.01249	0.01967	0.02348	0.08572	0.12353	0.59761	0.02243	0.01036	0.00298	0.00446	0.01883	0.00810	0.00735
14	0.01230	0.00836	0.00957	0.00984	0.01004	0.00822	0.00572	0.01260	0.01354	0.01793	0.03291	0.14357	0.06139	0.57424	0.03842	0.00755	0.00782	0.01457	0.00579	0.00562
15	0.02504	0.57662	0.04181	0.01633	0.02324	0.15042	0.01528	0.02774	0.01902	0.02068	0.01238	0.01432	0.01120	0.00775	0.00602	0.00194	0.01052	0.00484	0.00387	0.01099
16	0.02363	0.02460	0.03342	0.04777	0.52533	0.13919	0.02493	0.02827	0.02076	0.02717	0.01586	0.02050	0.01334	0.00800	0.00849	0.00253	0.01136	0.00737	0.00435	0.01313
17	0.01235	0.00892	0.01166	0.01097	0.01303	0.00823	0.00823	0.01646	0.02469	0.03498	0.63443	0.06516	0.08230	0.01783	0.01029	0.00274	0.00412	0.01578	0.00960	0.00823
18	0.02161	0.02027	0.03180	0.04531	0.49723	0.02095	0.02379	0.03128	0.15868	0.03034	0.02080	0.02411	0.01676	0.00871	0.00869	0.00268	0.00957	0.00825	0.00537	0.01381
19	0.02539	0.02301	0.02675	0.19025	0.07792	0.10268	0.01975	0.23780	0.02633	0.03427	0.01654	0.02059	0.01287	0.01054	0.01231	0.00287	0.13501	0.00750	0.00574	0.01188
20	0.01784	0.01013	0.01342	0.01191	0.01493	0.00917	0.00917	0.02181	0.02475	0.16018	0.51130	0.05788	0.06985	0.01639	0.00998	0.00273	0.00479	0.01434	0.00985	0.00959
21	0.01112	0.00885	0.01012	0.01090	0.01321	0.00785	0.00839	0.01356	0.01933	0.02383	0.07242	0.19902	0.41070	0.02347	0.01081	0.00327	0.00526	0.13236	0.00809	0.00745
22	0.15283	0.01558	0.02416	0.23064	0.03551	0.01662	0.13915	0.02137	0.01830	0.02696	0.03569	0.03858	0.18584	0.01205	0.00888	0.00289	0.00935	0.01070	0.00545	0.00943

[dist]
# distance from previous block
# <min> <max>
2	46

[block]
# block no. 4 follows, 20 sequences, length 22
# corresponding to MSA columns:
# 395-416
name=unknown_E
#
# <colnr> <probs for GDERKNQSTAVLIFYWHMCP>
#	G	D	E	R	K	N	Q	S	T	A	V	L	I	F	Y	W	H	M	C	P
0	0.02954	0.02826	0.10549	0.02025	0.02778	0.10066	0.01800	0.40604	0.03381	0.04471	0.01881	0.01970	0.01372	0.00961	0.00834	0.00246	0.01044	0.00713	0.00721	0.08804
1	0.02247	0.02150	0.01832	0.01734	0.06217	0.20014	0.01232	0.06044	0.02169	0.02884	0.02337	0.02587	0.05276	0.00952	0.00728	0.00205	0.00881	0.00728	0.21432	0.18351
2	0.05775	0.01150	0.01211	0.01228	0.01385	0.04894	0.00875	0.01536	0.01659	0.02224	0.04472	0.24608	0.17446	0.15374	0.07802	0.00520	0.04827	0.01618	0.00661	0.00734
3	0.07483	0.10526	0.04550	0.01505	0.02029	0.01897	0.01287	0.18964	0.04921	0.07478	0.22491	0.03820	0.06932	0.01292	0.00867	0.00261	0.00719	0.01044	0.00803	0.01131
4	0.02332	0.69869	0.04571	0.01493	0.02239	0.03451	0.01493	0.02612	0.01772	0.02052	0.01213	0.01399	0.01119	0.00746	0.00560	0.00187	0.00933	0.00466	0.00373	0.01119
5	0.01863	0.27431	0.24812	0.01724	0.02597	0.02238	0.01915	0.02406	0.01834	0.02453	0.02519	0.02653	0.10447	0.00980	0.00736	0.00226	0.00946	0.00741	0.00456	0.11023
6	0.02511	0.02913	0.02544	0.02188	0.02542	0.32749	0.04989	0.02777	0.01975	0.02226	0.01399	0.01864	0.01229	0.01427	0.05756	0.00344	0.21027	0.00668	0.00437	0.08435
7	0.01108	0.00806	0.01005	0.01144	0.01235	0.00750	0.00778	0.01262	0.01680	0.02189	0.05140	0.46219	0.14687	0.12612	0.01604	0.00421	0.00563	0.05338	0.00767	0.00691
8	0.02095	0.02325	0.04287	0.15135	0.11578	0.07372	0.38680	0.02736	0.02028	0.02645	0.01678	0.02261	0.01285	0.00778	0.00962	0.00284	0.01373	0.00916	0.00431	0.01150
9	0.01854	0.16190	0.54059	0.02309	0.03501	0.02281	0.02914	0.02736	0.01829	0.02636	0.01502	0.01763	0.01108	0.00814	0.00781	0.00260	0.01225	0.00613	0.00369	0.01259
10	0.01310	0.00970	0.01272	0.01412	0.01635	0.00933	0.01203	0.01670	0.02027	0.02597	0.08638	0.09332	0.18767	0.02331	0.01155	0.00370	0.00699	0.42076	0.00813	0.00789
11	0.01286	0.00901	0.01131	0.01253	0.01367	0.00880	0.00866	0.06182	0.01880	0.02564	0.04453	0.58909	0.05181	0.02479	0.01060	0.00337	0.00537	0.02229	0.05727	0.00779
12	0.02352	0.02496	0.03169	0.12636	0.41984	0.17082	0.02410	0.02809	0.02069	0.02601	0.01560	0.02042	0.01293	0.00818	0.00847	0.00255	0.01179	0.00726	0.00430	0.01241
13	0.01809	0.01550	0.01809	0.01292	0.02067	0.01163	0.01034	0.02196	0.01809	0.02842	0.01550	0.01809	0.01292	0.00646	0.00646	0.00129	0.00646	0.00517	0.00517	0.74677
14	0.01063	0.00759	0.01012	0.01215	0.01265	0.00709	0.00810	0.01215	0.01670	0.02227	0.04808	0.68775	0.05769	0.02733	0.01113	0.00354	0.00506	0.02480	0.00810	0.00709
