[name]
unknown

[dist]
# distance from previous block
# <min> <max>
0	187

[block]
# block no. 0 follows, 22 sequences, length 7
# corresponding to MSA columns:
# 187-193
name=unknown_A
#
# <colnr> <probs for GDERKNQSTAVLIFYWHMCP>
#	G	D	E	R	K	N	Q	S	T	A	V	L	I	F	Y	W	H	M	C	P
0	0.01660	0.01356	0.01476	0.01483	0.01780	0.06100	0.01241	0.10689	0.02234	0.02803	0.04681	0.07405	0.17078	0.01956	0.01036	0.00328	0.00767	0.34315	0.00751	0.00861
1	0.02564	0.02657	0.01999	0.01759	0.02130	0.32520	0.01319	0.17034	0.02404	0.02704	0.01813	0.02600	0.01649	0.16398	0.06500	0.00434	0.01262	0.00758	0.00542	0.00955
2	0.01303	0.01260	0.01103	0.01135	0.01361	0.10482	0.00820	0.01492	0.01862	0.02173	0.06118	0.27364	0.36357	0.02084	0.00973	0.00289	0.00599	0.01773	0.00721	0.00731
3	0.01272	0.00929	0.01199	0.01230	0.01374	0.00963	0.00888	0.06597	0.01729	0.02347	0.06464	0.32997	0.06787	0.09846	0.20639	0.00657	0.01049	0.01619	0.00663	0.00748
4	0.01130	0.00971	0.00983	0.00958	0.01264	0.00888	0.00725	0.01633	0.10409	0.02413	0.07727	0.07325	0.56699	0.01970	0.00963	0.00281	0.00453	0.01642	0.00782	0.00785
5	0.01123	0.00797	0.01054	0.01132	0.01194	0.00821	0.00767	0.01267	0.01399	0.01908	0.03293	0.30904	0.03742	0.24583	0.21341	0.00771	0.01088	0.01580	0.00594	0.00642
6	0.01209	0.00963	0.01265	0.01575	0.10545	0.00908	0.00919	0.01385	0.01622	0.02108	0.04749	0.24519	0.21921	0.20393	0.01848	0.00432	0.00624	0.01636	0.00647	0.00731

[dist]
# distance from previous block
# <min> <max>
0	1

[block]
# block no. 1 follows, 22 sequences, length 19
# corresponding to MSA columns:
# 195-213
name=unknown_B
#
# <colnr> <probs for GDERKNQSTAVLIFYWHMCP>
#	G	D	E	R	K	N	Q	S	T	A	V	L	I	F	Y	W	H	M	C	P
0	0.01501	0.00946	0.01100	0.01065	0.01302	0.00870	0.00761	0.01790	0.05236	0.11626	0.05371	0.20002	0.26869	0.15825	0.01623	0.00395	0.00567	0.01595	0.00760	0.00795
1	0.01117	0.00815	0.00946	0.00954	0.01080	0.00757	0.00637	0.01284	0.01708	0.02252	0.19369	0.14458	0.20599	0.27855	0.02210	0.00480	0.00566	0.01565	0.00705	0.00643
2	0.01876	0.01189	0.01563	0.12845	0.02291	0.01214	0.01181	0.06078	0.06210	0.15466	0.03957	0.23897	0.11656	0.05343	0.01104	0.00318	0.00683	0.01427	0.00749	0.00953
3	0.02195	0.01933	0.01793	0.01601	0.02016	0.12924	0.01238	0.11986	0.22769	0.06537	0.03528	0.09303	0.10938	0.01670	0.05424	0.00341	0.00902	0.01071	0.00738	0.01094
4	0.01916	0.01323	0.01405	0.01325	0.01590	0.09349	0.01015	0.02206	0.01757	0.13219	0.02676	0.11192	0.02378	0.03141	0.25826	0.00653	0.01284	0.00994	0.15868	0.00883
5	0.01422	0.01338	0.01225	0.01252	0.01417	0.12203	0.00885	0.01591	0.01680	0.02020	0.04083	0.26318	0.15230	0.13587	0.11402	0.00529	0.00956	0.01530	0.00621	0.00712
6	0.02133	0.01457	0.01758	0.06891	0.04086	0.01572	0.01237	0.05579	0.27257	0.14457	0.03077	0.09279	0.02600	0.13142	0.01440	0.00369	0.00732	0.01063	0.00762	0.01110
7	0.11252	0.01652	0.02429	0.26699	0.23628	0.01829	0.01963	0.05892	0.04215	0.02762	0.02246	0.02641	0.07506	0.00940	0.00803	0.00264	0.00915	0.00810	0.00486	0.01068
8	0.63761	0.01495	0.01241	0.01167	0.01626	0.01708	0.00975	0.02318	0.01499	0.03515	0.01712	0.02724	0.01565	0.01032	0.00623	0.00279	0.00664	0.10662	0.00557	0.00877
9	0.15585	0.03195	0.02107	0.01892	0.02352	0.44517	0.01446	0.06480	0.10066	0.02676	0.01565	0.01701	0.01244	0.00883	0.00725	0.00232	0.01214	0.00583	0.00517	0.01021
10	0.02868	0.01832	0.02496	0.01896	0.02515	0.01857	0.11792	0.27443	0.02834	0.21075	0.02397	0.02428	0.01669	0.00950	0.00821	0.00248	0.00863	0.00816	0.11934	0.01268
11	0.01161	0.00799	0.00896	0.00922	0.00988	0.00768	0.00566	0.01238	0.01407	0.01871	0.03886	0.14647	0.13983	0.45834	0.03037	0.00618	0.00672	0.01436	0.04697	0.00576
12	0.01341	0.01215	0.01922	0.01667	0.01906	0.01268	0.11532	0.01645	0.01792	0.02446	0.15840	0.25025	0.13377	0.01828	0.01307	0.00309	0.12510	0.01584	0.00668	0.00817
13	0.01590	0.01450	0.02172	0.02322	0.12758	0.01807	0.01612	0.01874	0.01405	0.02092	0.01654	0.02473	0.01548	0.03362	0.29934	0.00756	0.29079	0.00799	0.00406	0.00908
14	0.02517	0.02965	0.02227	0.08772	0.09272	0.42678	0.01585	0.02757	0.02041	0.02042	0.01561	0.02302	0.01434	0.12830	0.01361	0.00325	0.01287	0.00692	0.00433	0.00918
15	0.05025	0.01795	0.02621	0.14255	0.35423	0.06204	0.02093	0.02333	0.01869	0.02557	0.02269	0.03502	0.04369	0.01084	0.00868	0.00274	0.00966	0.10916	0.00485	0.01092
16	0.01132	0.00953	0.00996	0.00982	0.01265	0.00876	0.00736	0.01617	0.09746	0.02452	0.10689	0.11537	0.50073	0.01992	0.00970	0.00283	0.00453	0.01678	0.00789	0.00781
17	0.02642	0.03150	0.02149	0.05591	0.02501	0.47127	0.01503	0.06056	0.02313	0.02313	0.06183	0.02510	0.07729	0.01060	0.00871	0.00235	0.03866	0.00746	0.00509	0.00946
18	0.01506	0.01161	0.01640	0.09924	0.02168	0.01351	0.01273	0.09990	0.01729	0.02407	0.02099	0.02957	0.01863	0.04831	0.49948	0.01053	0.01904	0.00851	0.00488	0.00857

[dist]
# distance from previous block
# <min> <max>
7	12

[block]
# block no. 2 follows, 22 sequences, length 20
# corresponding to MSA columns:
# 227-246
name=unknown_C
#
# <colnr> <probs for GDERKNQSTAVLIFYWHMCP>
#	G	D	E	R	K	N	Q	S	T	A	V	L	I	F	Y	W	H	M	C	P
0	0.02071	0.02034	0.03253	0.09910	0.57805	0.05240	0.02483	0.02555	0.01897	0.02634	0.01542	0.02041	0.01287	0.00753	0.00819	0.00247	0.01022	0.00730	0.00409	0.01268
1	0.02144	0.02200	0.01901	0.01573	0.02075	0.20836	0.01229	0.07576	0.02116	0.02649	0.05462	0.02671	0.09273	0.01017	0.00896	0.00205	0.06068	0.00748	0.00548	0.28813
2	0.01484	0.01269	0.01409	0.05089	0.01851	0.01304	0.01025	0.02512	0.24864	0.02720	0.05139	0.12026	0.26373	0.01594	0.00899	0.00273	0.00571	0.01350	0.00752	0.07495
3	0.01822	0.01141	0.01340	0.01228	0.01540	0.01110	0.00918	0.06785	0.09320	0.14323	0.08992	0.19034	0.17803	0.09200	0.01295	0.00342	0.00591	0.01468	0.00813	0.00937
4	0.01205	0.00992	0.01323	0.01681	0.12155	0.00924	0.00988	0.01415	0.01705	0.02201	0.05232	0.26945	0.26686	0.11038	0.01406	0.00362	0.00588	0.01707	0.00675	0.00772
5	0.01940	0.01975	0.03750	0.04202	0.37952	0.01920	0.24615	0.02482	0.01894	0.02648	0.01841	0.07434	0.01621	0.00870	0.00899	0.00266	0.01101	0.00955	0.00443	0.01194
6	0.02199	0.02436	0.02070	0.02134	0.08912	0.30771	0.01488	0.02476	0.01865	0.02126	0.01675	0.02230	0.01475	0.02612	0.22232	0.00586	0.06752	0.00698	0.04346	0.00916
7	0.14605	0.23060	0.17189	0.01757	0.05166	0.02181	0.01689	0.02305	0.01681	0.02596	0.08236	0.02171	0.01855	0.01318	0.05879	0.00324	0.05852	0.00666	0.00452	0.01020
8	0.01538	0.01358	0.01873	0.01682	0.01729	0.01779	0.01336	0.01728	0.01298	0.01963	0.01717	0.02867	0.01722	0.14532	0.19642	0.00683	0.37167	0.00854	0.03742	0.00790
9	0.02655	0.01834	0.02684	0.03377	0.34839	0.04153	0.01922	0.07562	0.02241	0.22908	0.05744	0.02510	0.01918	0.00909	0.00833	0.00250	0.00878	0.00806	0.00667	0.01311
10	0.01176	0.06147	0.01286	0.01114	0.01290	0.00971	0.00822	0.01400	0.01711	0.02275	0.15577	0.25965	0.14543	0.08742	0.12636	0.00513	0.00812	0.01607	0.00687	0.00726
11	0.01383	0.01192	0.01570	0.01504	0.01645	0.04800	0.01185	0.01658	0.01380	0.01945	0.02006	0.02954	0.01876	0.05232	0.54296	0.01131	0.12187	0.00847	0.00432	0.00778
12	0.01750	0.01684	0.02725	0.12456	0.21352	0.01959	0.06546	0.02135	0.01663	0.02384	0.06525	0.05538	0.01941	0.01364	0.04173	0.00341	0.23103	0.00894	0.00448	0.01019
13	0.01320	0.00880	0.01103	0.01144	0.01277	0.00853	0.00787	0.01650	0.06163	0.06208	0.15363	0.36749	0.05031	0.15575	0.01636	0.00406	0.00554	0.01782	0.00766	0.00752
14	0.02045	0.02045	0.03053	0.04012	0.42057	0.06101	0.02265	0.02424	0.01727	0.02450	0.01399	0.01948	0.01231	0.00970	0.01411	0.00281	0.22293	0.00724	0.00397	0.01168
15	0.01943	0.01989	0.06236	0.11024	0.36580	0.02067	0.02262	0.02658	0.09942	0.02622	0.01708	0.02154	0.01401	0.00926	0.01150	0.00275	0.12654	0.00757	0.00452	0.01198
16	0.05168	0.01998	0.08559	0.08518	0.37389	0.01836	0.08769	0.02382	0.01770	0.02592	0.01639	0.02202	0.01362	0.01530	0.10319	0.00409	0.01222	0.00763	0.00413	0.01159
17	0.02195	0.02285	0.03392	0.04505	0.50032	0.11313	0.08895	0.02671	0.01965	0.02611	0.01536	0.01997	0.01275	0.00752	0.00829	0.00246	0.01104	0.00737	0.00415	0.01245
18	0.35572	0.02234	0.01521	0.01391	0.01826	0.23719	0.01080	0.02468	0.01834	0.02837	0.02764	0.02832	0.14832	0.01087	0.00694	0.00248	0.00883	0.00759	0.00541	0.00878
19	0.01147	0.00903	0.01041	0.00997	0.01246	0.00827	0.00751	0.01580	0.05949	0.02870	0.36851	0.06788	0.32341	0.01839	0.00972	0.00271	0.00421	0.01576	0.00848	0.00781

[dist]
# distance from previous block
# <min> <max>
0	1

[block]
# block no. 3 follows, 22 sequences, length 20
# corresponding to MSA columns:
# 248-267
name=unknown_D
#
# <colnr> <probs for GDERKNQSTAVLIFYWHMCP>
#	G	D	E	R	K	N	Q	S	T	A	V	L	I	F	Y	W	H	M	C	P
0	0.02121	0.02175	0.02790	0.07140	0.39528	0.14801	0.02150	0.02544	0.01975	0.02511	0.01971	0.03161	0.01829	0.01024	0.00862	0.00264	0.01058	0.10490	0.00471	0.01135
1	0.01864	0.01805	0.03090	0.18587	0.29756	0.01794	0.11704	0.02380	0.01817	0.02570	0.01545	0.02056	0.01243	0.00730	0.00809	0.00235	0.01007	0.00729	0.00419	0.15862
2	0.01024	0.00824	0.00913	0.00931	0.01158	0.00713	0.00683	0.01259	0.01934	0.02434	0.18743	0.17518	0.44744	0.02105	0.00994	0.00286	0.00425	0.01801	0.00799	0.00713
3	0.01426	0.01267	0.01527	0.01479	0.01644	0.07822	0.01153	0.01706	0.01433	0.01944	0.02046	0.02979	0.01902	0.05336	0.55996	0.01150	0.07132	0.00842	0.00437	0.00776
4	0.03034	0.02234	0.02405	0.01868	0.02497	0.02466	0.01532	0.59276	0.03772	0.05055	0.02144	0.05951	0.01649	0.01090	0.00844	0.00254	0.00889	0.00841	0.00828	0.01370
5	0.01566	0.01123	0.01272	0.01199	0.01386	0.01153	0.00834	0.14946	0.01981	0.02625	0.03550	0.24161	0.08640	0.29162	0.02255	0.00498	0.00701	0.01494	0.00679	0.00774
6	0.01915	0.01830	0.03117	0.23545	0.48279	0.01937	0.02479	0.02426	0.01825	0.02543	0.01538	0.02102	0.01256	0.00766	0.00825	0.00255	0.01022	0.00740	0.00399	0.01202
7	0.18934	0.02309	0.13023	0.15297	0.06589	0.02130	0.01876	0.23871	0.02431	0.03704	0.01596	0.01857	0.01172	0.00865	0.00753	0.00259	0.00949	0.00657	0.00565	0.01164
8	0.02454	0.02244	0.02347	0.01906	0.02336	0.11763	0.01550	0.23366	0.02429	0.03260	0.01504	0.01815	0.01225	0.01053	0.01389	0.00258	0.22945	0.00663	0.00559	0.14935
9	0.01402	0.00913	0.01104	0.01018	0.01299	0.00804	0.00777	0.01717	0.02180	0.10316	0.36251	0.06490	0.29064	0.01774	0.00964	0.00268	0.00440	0.01520	0.00873	0.00827
10	0.02739	0.02179	0.02056	0.01735	0.02213	0.14750	0.01360	0.30193	0.02898	0.11392	0.02588	0.17197	0.02333	0.01331	0.00867	0.00263	0.00907	0.01076	0.00763	0.01160
11	0.02851	0.06274	0.12735	0.02098	0.02718	0.40027	0.01827	0.16429	0.02578	0.02839	0.01470	0.01643	0.01143	0.00871	0.00765	0.00228	0.01301	0.00592	0.00503	0.01110
12	0.01000	0.00770	0.00916	0.01032	0.01172	0.00685	0.00716	0.01171	0.01710	0.02170	0.06097	0.45618	0.29158	0.02405	0.01029	0.00315	0.00458	0.02121	0.00771	0.00685
13	0.01295	0.00741	0.01017	0.01060	0.01070	0.00730	0.00684	0.01127	0.01224	0.01632	0.02404	0.18291	0.02698	0.17943	0.02977	0.42279	0.00687	0.01196	0.00484	0.00463
14	0.02974	0.03744	0.02373	0.02144	0.02529	0.60949	0.01626	0.03185	0.02246	0.02030	0.01265	0.01530	0.01072	0.00916	0.00948	0.00229	0.08306	0.00554	0.00422	0.00958
15	0.18685	0.07577	0.01931	0.01561	0.02024	0.20476	0.01230	0.03126	0.20377	0.02855	0.02744	0.02725	0.09346	0.01060	0.00738	0.00249	0.00881	0.00779	0.00607	0.01029
16	0.01045	0.00819	0.00946	0.00968	0.01174	0.00720	0.00705	0.01294	0.01962	0.02534	0.24112	0.20731	0.35845	0.02092	0.00998	0.00287	0.00425	0.01810	0.00813	0.00720
17	0.02273	0.02385	0.03161	0.04487	0.52576	0.15525	0.02354	0.02708	0.01987	0.02573	0.01505	0.01941	0.01265	0.00764	0.00807	0.00240	0.01093	0.00698	0.00415	0.01243
18	0.02094	0.13433	0.02231	0.01508	0.02020	0.05482	0.01228	0.14480	0.14668	0.03212	0.10021	0.09406	0.02729	0.01154	0.00786	0.00232	0.00736	0.00937	0.00682	0.12961
19	0.11011	0.01463	0.01953	0.12872	0.16505	0.01531	0.01503	0.02480	0.09510	0.09086	0.03752	0.03810	0.18789	0.01205	0.00833	0.00267	0.00742	0.01013	0.00630	0.01045

[dist]
# distance from previous block
# <min> <max>
0	5

[block]
# block no. 4 follows, 22 sequences, length 7
# corresponding to MSA columns:
# 273-279
name=unknown_E
#
# <colnr> <probs for GDERKNQSTAVLIFYWHMCP>
#	G	D	E	R	K	N	Q	S	T	A	V	L	I	F	Y	W	H	M	C	P
0	0.02110	0.02232	0.02825	0.27712	0.29787	0.16426	0.02252	0.02564	0.01910	0.02347	0.01470	0.01991	0.01185	0.00799	0.00809	0.00250	0.01144	0.00694	0.00400	0.01094
1	0.01081	0.00837	0.00985	0.00966	0.01188	0.00741	0.00718	0.01377	0.02100	0.02779	0.36513	0.11625	0.32225	0.01937	0.00987	0.00275	0.00411	0.01672	0.00843	0.00741
2	0.19909	0.02230	0.16077	0.14637	0.12212	0.01906	0.01990	0.02643	0.05305	0.07698	0.01634	0.01952	0.01230	0.00876	0.00894	0.00270	0.06292	0.00661	0.00484	0.01100
3	0.02547	0.08005	0.02802	0.11598	0.20507	0.35988	0.01946	0.02887	0.02086	0.02229	0.01377	0.01735	0.01143	0.00810	0.00764	0.00229	0.01260	0.00612	0.00410	0.01064
4	0.01119	0.00844	0.01099	0.01165	0.01255	0.00874	0.00820	0.01283	0.01496	0.02005	0.04070	0.33528	0.11915	0.14460	0.16021	0.00624	0.04418	0.01691	0.00636	0.00677
5	0.01101	0.00812	0.01050	0.01206	0.01339	0.00761	0.00909	0.01327	0.01740	0.02249	0.05237	0.41119	0.16359	0.02421	0.01071	0.00340	0.00553	0.18931	0.00769	0.00706
6	0.12566	0.03459	0.46176	0.07374	0.03345	0.01969	0.02580	0.02506	0.01653	0.02693	0.01405	0.01737	0.01038	0.00850	0.00929	0.00272	0.07332	0.00610	0.00377	0.01127

[dist]
# distance from previous block
# <min> <max>
3	5

[block]
# block no. 5 follows, 22 sequences, length 10
# corresponding to MSA columns:
# 285-294
name=unknown_F
#
# <colnr> <probs for GDERKNQSTAVLIFYWHMCP>
#	G	D	E	R	K	N	Q	S	T	A	V	L	I	F	Y	W	H	M	C	P
0	0.02496	0.10050	0.18817	0.02364	0.05383	0.25190	0.09102	0.11846	0.02309	0.02751	0.01486	0.01727	0.01148	0.00824	0.00780	0.00237	0.01254	0.00637	0.00460	0.01138
1	0.10971	0.02661	0.15161	0.12812	0.14477	0.12067	0.15032	0.02631	0.01860	0.02615	0.01470	0.01891	0.01135	0.00776	0.00803	0.00258	0.01176	0.00701	0.00410	0.01095
2	0.01095	0.00835	0.01014	0.01052	0.01249	0.00754	0.00793	0.01374	0.01991	0.02611	0.26091	0.19409	0.27566	0.02087	0.01016	0.00297	0.00464	0.08753	0.00818	0.00731
3	0.01983	0.01900	0.03241	0.14607	0.56682	0.01955	0.02513	0.02486	0.01857	0.02626	0.01550	0.02080	0.01285	0.00754	0.00824	0.00251	0.01005	0.00740	0.00405	0.01257
4	0.02263	0.05393	0.02216	0.12356	0.07136	0.33860	0.01582	0.02560	0.02008	0.02105	0.02334	0.02666	0.09259	0.01637	0.08769	0.00367	0.01329	0.00772	0.00460	0.00926
5	0.01577	0.01386	0.01822	0.01996	0.11502	0.01551	0.01320	0.02273	0.14954	0.02573	0.09490	0.11936	0.12343	0.06888	0.01520	0.00337	0.13693	0.01235	0.00647	0.00956
6	0.01118	0.00787	0.00913	0.00969	0.01025	0.00752	0.00600	0.01191	0.01421	0.01853	0.04051	0.24601	0.13030	0.40790	0.02826	0.00591	0.00654	0.01624	0.00621	0.00583
7	0.01832	0.01897	0.03375	0.10540	0.03455	0.02058	0.26596	0.02299	0.01670	0.02394	0.01437	0.02023	0.01184	0.00942	0.01460	0.00282	0.22788	0.00796	0.00407	0.12566
8	0.10122	0.03757	0.07198	0.02056	0.02554	0.56049	0.01650	0.03179	0.02217	0.02244	0.01288	0.01503	0.01052	0.00843	0.00729	0.00222	0.01394	0.00533	0.00430	0.00977
9	0.02317	0.02691	0.02061	0.12174	0.02714	0.38255	0.01523	0.02592	0.01948	0.02001	0.01604	0.02228	0.01414	0.05729	0.16666	0.00518	0.01573	0.00685	0.00427	0.00881

[dist]
# distance from previous block
# <min> <max>
0	1

[block]
# block no. 6 follows, 22 sequences, length 50
# corresponding to MSA columns:
# 296-345
name=unknown_G
#
# <colnr> <probs for GDERKNQSTAVLIFYWHMCP>
#	G	D	E	R	K	N	Q	S	T	A	V	L	I	F	Y	W	H	M	C	P
0	0.01150	0.00788	0.00916	0.00961	0.00988	0.00769	0.00573	0.01195	0.01336	0.01765	0.03402	0.20628	0.07133	0.51071	0.03309	0.00667	0.00708	0.01507	0.00581	0.00554
1	0.01832	0.01354	0.01514	0.01380	0.01705	0.01412	0.01049	0.23178	0.04926	0.03339	0.04129	0.30851	0.13053	0.01827	0.00938	0.00289	0.00628	0.01570	0.04056	0.00970
2	0.01408	0.00937	0.01231	0.01198	0.01390	0.01046	0.00931	0.05108	0.01604	0.02470	0.02359	0.03141	0.02055	0.04342	0.43490	0.00928	0.01595	0.00847	0.23130	0.00790
3	0.01793	0.00975	0.01327	0.01224	0.01432	0.00992	0.00900	0.01967	0.01522	0.16600	0.02540	0.03777	0.02320	0.24358	0.29285	0.05271	0.01359	0.00964	0.00592	0.00802
4	0.02831	0.02882	0.02624	0.05604	0.16179	0.28969	0.01829	0.22960	0.02743	0.03251	0.01589	0.01814	0.01239	0.00877	0.00796	0.00236	0.01177	0.00659	0.00556	0.01187
5	0.01555	0.01353	0.01742	0.01605	0.01751	0.04636	0.01272	0.05261	0.01511	0.02130	0.01894	0.02834	0.01780	0.07407	0.40915	0.00945	0.19300	0.00838	0.00448	0.00823
6	0.01006	0.00745	0.00941	0.01098	0.01189	0.00680	0.00745	0.01163	0.01647	0.02144	0.05294	0.58648	0.16647	0.02510	0.01046	0.00327	0.00471	0.02248	0.00771	0.00680
7	0.01208	0.00805	0.00906	0.00906	0.00906	0.00805	0.00503	0.01208	0.01208	0.01611	0.02618	0.05436	0.03020	0.70804	0.04228	0.00805	0.00805	0.01208	0.00503	0.00503
8	0.03042	0.03844	0.02413	0.02312	0.06238	0.63658	0.01660	0.03273	0.02327	0.02073	0.01300	0.01531	0.01084	0.00849	0.00753	0.00216	0.01468	0.00547	0.00427	0.00984
9	0.02003	0.01919	0.03276	0.12074	0.59064	0.01960	0.02523	0.02503	0.01866	0.02649	0.01553	0.02073	0.01293	0.00750	0.00823	0.00250	0.01000	0.00740	0.00407	0.01273
10	0.01549	0.00774	0.00774	0.00774	0.00968	0.00774	0.00581	0.01936	0.01742	0.03097	0.02710	0.03097	0.02129	0.00968	0.00581	0.00194	0.00387	0.00774	0.75416	0.00774
11	0.01944	0.01859	0.03169	0.19766	0.51832	0.01944	0.02494	0.02451	0.01839	0.02578	0.01543	0.02093	0.01268	0.00761	0.00824	0.00254	0.01015	0.00740	0.00402	0.01225
12	0.01012	0.00723	0.00964	0.01157	0.01205	0.00675	0.00771	0.01157	0.01591	0.02121	0.04579	0.70262	0.05495	0.02603	0.01060	0.00337	0.00482	0.02362	0.00771	0.00675
13	0.02221	0.71304	0.04353	0.01421	0.02132	0.03287	0.01421	0.02488	0.01688	0.01955	0.01155	0.01333	0.01066	0.00711	0.00533	0.00178	0.00888	0.00444	0.00355	0.01066
14	0.01569	0.01477	0.02492	0.68808	0.05722	0.01846	0.02307	0.02123	0.01661	0.02123	0.01477	0.02215	0.01107	0.00831	0.00831	0.00277	0.01107	0.00738	0.00369	0.00923
15	0.01079	0.00840	0.00980	0.00957	0.01185	0.00741	0.00713	0.01377	0.02107	0.02778	0.36398	0.09912	0.34101	0.01925	0.00984	0.00274	0.00409	0.01656	0.00842	0.00741
16	0.00995	0.00791	0.00894	0.00975	0.01157	0.00690	0.00691	0.01177	0.01765	0.02192	0.06787	0.34433	0.39899	0.02316	0.01015	0.00305	0.00447	0.02012	0.00771	0.00690
17	0.00982	0.00842	0.00842	0.00842	0.01122	0.00701	0.00631	0.01192	0.01894	0.02244	0.08416	0.07995	0.65285	0.02104	0.00982	0.00281	0.00421	0.01753	0.00771	0.00701
18	0.02615	0.01395	0.01707	0.01391	0.01880	0.01343	0.01118	0.13354	0.06184	0.29786	0.18574	0.04081	0.10292	0.01308	0.00886	0.00261	0.00633	0.01088	0.00928	0.01178
19	0.01050	0.00818	0.00953	0.00974	0.01177	0.00722	0.00709	0.01303	0.01973	0.02561	0.25505	0.20806	0.34313	0.02083	0.00998	0.00287	0.00425	0.01805	0.00817	0.00722
20	0.03103	0.03959	0.02354	0.02140	0.02568	0.67469	0.01605	0.03317	0.02354	0.02033	0.01284	0.01498	0.01070	0.00856	0.00749	0.00214	0.01498	0.00535	0.00428	0.00963
21	0.01498	0.01188	0.01389	0.01279	0.01574	0.01248	0.00976	0.02598	0.24716	0.03383	0.42808	0.05081	0.05919	0.01492	0.00931	0.00269	0.00488	0.01298	0.00889	0.00976
22	0.05130	0.00945	0.01220	0.01222	0.01441	0.00876	0.00877	0.01962	0.01763	0.18647	0.03975	0.46031	0.04259	0.06092	0.01163	0.00340	0.00566	0.01816	0.00810	0.00865
23	0.01022	0.00730	0.00973	0.01150	0.01207	0.00681	0.00772	0.01181	0.01635	0.02192	0.08137	0.66501	0.05632	0.02550	0.01056	0.00333	0.00477	0.02311	0.00780	0.00681
24	0.01187	0.00890	0.01335	0.01335	0.01483	0.01038	0.01038	0.01483	0.01335	0.01928	0.02225	0.03264	0.02077	0.06231	0.67512	0.01335	0.02225	0.00890	0.00445	0.00742
25	0.01028	0.00730	0.00959	0.01137	0.01181	0.00685	0.00750	0.01161	0.01560	0.02080	0.04421	0.65042	0.05295	0.08095	0.01315	0.00375	0.00508	0.02269	0.00750	0.00661
26	0.01187	0.00890	0.01335	0.01335	0.01483	0.01038	0.01038	0.01483	0.01335	0.01928	0.02225	0.03264	0.02077	0.06231	0.67512	0.01335	0.02225	0.00890	0.00445	0.00742
27	0.01012	0.00723	0.00964	0.01157	0.01205	0.00675	0.00771	0.01157	0.01591	0.02121	0.04579	0.70262	0.05495	0.02603	0.01060	0.00337	0.00482	0.02362	0.00771	0.00675
28	0.03103	0.03959	0.02354	0.02140	0.02568	0.67469	0.01605	0.03317	0.02354	0.02033	0.01284	0.01498	0.01070	0.00856	0.00749	0.00214	0.01498	0.00535	0.00428	0.00963
29	0.01610	0.01557	0.02746	0.61929	0.05576	0.01873	0.08658	0.02179	0.01693	0.02179	0.01498	0.02218	0.01124	0.00817	0.00846	0.00277	0.01138	0.00764	0.00375	0.00944
30	0.01031	0.00843	0.00909	0.00893	0.01152	0.00722	0.00670	0.01287	0.02009	0.02519	0.22754	0.07543	0.50776	0.02001	0.00981	0.00276	0.00413	0.01690	0.00808	0.00722
31	0.02318	0.63931	0.04134	0.01500	0.02180	0.10314	0.01442	0.02578	0.01761	0.01963	0.01169	0.01351	0.01067	0.00727	0.00557	0.00182	0.00955	0.00454	0.00363	0.01055
32	0.02056	0.01974	0.03372	0.05099	0.65622	0.01974	0.02550	0.02550	0.01892	0.02714	0.01563	0.02056	0.01316	0.00740	0.00822	0.00247	0.00987	0.00740	0.00411	0.01316
33	0.02843	0.24138	0.02974	0.01898	0.02437	0.40963	0.01547	0.09585	0.02323	0.02360	0.01323	0.01502	0.01106	0.00828	0.00693	0.00207	0.01250	0.00531	0.00450	0.01043
34	0.01988	0.23189	0.38154	0.02331	0.09621	0.02284	0.02431	0.02664	0.01786	0.06177	0.01507	0.01727	0.01143	0.00775	0.00722	0.00236	0.01074	0.00591	0.00398	0.01201
35	0.01666	0.04297	0.66500	0.02368	0.03596	0.01929	0.03069	0.02631	0.01754	0.02631	0.01491	0.01754	0.01052	0.00789	0.00789	0.00263	0.01228	0.00614	0.00351	0.01228
36	0.01922	0.01837	0.03129	0.22664	0.49107	0.01939	0.02483	0.02432	0.01828	0.02551	0.01539	0.02100	0.01258	0.00765	0.00825	0.00255	0.01020	0.00740	0.00400	0.01208
37	0.01987	0.01904	0.03248	0.14079	0.57179	0.01956	0.02515	0.02489	0.01859	0.02631	0.01550	0.02078	0.01287	0.00753	0.00824	0.00251	0.01004	0.00740	0.00405	0.01260
38	0.01003	0.00842	0.00871	0.00864	0.01135	0.00710	0.00648	0.01233	0.01944	0.02363	0.14631	0.07799	0.58995	0.02060	0.00982	0.00278	0.00418	0.01726	0.00787	0.00710
39	0.01199	0.00843	0.01096	0.01096	0.01162	0.00909	0.00740	0.01330	0.01264	0.01752	0.02444	0.04474	0.02602	0.42195	0.32266	0.01040	0.01434	0.01067	0.00478	0.00609
40	0.01208	0.00805	0.00906	0.00906	0.00906	0.00805	0.00503	0.01208	0.01208	0.01611	0.02618	0.05436	0.03020	0.70804	0.04228	0.00805	0.00805	0.01208	0.00503	0.00503
41	0.01762	0.01646	0.02165	0.01897	0.01997	0.02173	0.01531	0.02352	0.13485	0.02239	0.01769	0.02547	0.01640	0.09262	0.06303	0.00453	0.44537	0.00830	0.00477	0.00934
42	0.02056	0.01974	0.03372	0.05099	0.65622	0.01974	0.02550	0.02550	0.01892	0.02714	0.01563	0.02056	0.01316	0.00740	0.00822	0.00247	0.00987	0.00740	0.00411	0.01316
43	0.76672	0.01607	0.01221	0.01092	0.01607	0.01864	0.00900	0.02442	0.01414	0.03727	0.01157	0.01350	0.00900	0.00771	0.00514	0.00257	0.00643	0.00450	0.00514	0.00900
44	0.03112	0.03692	0.02377	0.02103	0.02570	0.56850	0.01601	0.13060	0.02608	0.02557	0.01400	0.01579	0.01126	0.00879	0.00762	0.00220	0.01403	0.00570	0.00494	0.01037
45	0.01020	0.00729	0.00971	0.01152	0.01207	0.00680	0.00772	0.01176	0.01625	0.02176	0.07360	0.67322	0.05602	0.02561	0.01057	0.00334	0.00478	0.02322	0.00778	0.00680
46	0.01084	0.00810	0.01011	0.01066	0.01229	0.00737	0.00777	0.01347	0.01955	0.02609	0.27401	0.29153	0.20066	0.02142	0.01018	0.00299	0.00452	0.05296	0.00823	0.00726
47	0.01824	0.03199	0.33602	0.02973	0.03994	0.02021	0.34866	0.02647	0.01864	0.02647	0.01592	0.02014	0.01164	0.00742	0.00891	0.00272	0.01320	0.00810	0.00388	0.01170
48	0.01400	0.01674	0.16159	0.01335	0.01811	0.01057	0.01306	0.01884	0.02126	0.06625	0.35877	0.05332	0.17105	0.01529	0.00928	0.00265	0.00608	0.01308	0.00764	0.00907
49	0.02017	0.02152	0.07225	0.04667	0.51472	0.01993	0.12992	0.02574	0.01896	0.02700	0.01579	0.02071	0.01291	0.00736	0.00848	0.00253	0.01072	0.00775	0.00409	0.01277

[dist]
# distance from previous block
# <min> <max>
0	1

[block]
# block no. 7 follows, 22 sequences, length 100
# corresponding to MSA columns:
# 347-446
name=unknown_H
#
# <colnr> <probs for GDERKNQSTAVLIFYWHMCP>
#	G	D	E	R	K	N	Q	S	T	A	V	L	I	F	Y	W	H	M	C	P
0	0.01679	0.04205	0.63734	0.02419	0.03629	0.01937	0.05742	0.02632	0.01763	0.02632	0.01499	0.01776	0.01062	0.00785	0.00798	0.00264	0.01236	0.00630	0.00354	0.01223
1	0.01961	0.02241	0.04902	0.03501	0.04342	0.02101	0.62605	0.02661	0.01961	0.02661	0.01681	0.02241	0.01261	0.00700	0.00980	0.00280	0.01401	0.00980	0.00420	0.01120
2	0.01967	0.01857	0.03145	0.08213	0.56767	0.01877	0.02430	0.02454	0.01881	0.02662	0.01808	0.02709	0.01610	0.00882	0.00852	0.00260	0.00974	0.05966	0.00440	0.01246
3	0.02955	0.01341	0.01643	0.01317	0.01820	0.01272	0.01069	0.11751	0.02394	0.37509	0.02915	0.02794	0.01988	0.01005	0.00754	0.00236	0.00635	0.00804	0.24589	0.01211
4	0.01761	0.04164	0.63515	0.02327	0.03527	0.01897	0.02984	0.02696	0.01783	0.05569	0.01573	0.01804	0.01099	0.00800	0.00791	0.00263	0.01204	0.00624	0.00382	0.01236
5	0.02056	0.01974	0.03372	0.05099	0.65622	0.01974	0.02550	0.02550	0.01892	0.02714	0.01563	0.02056	0.01316	0.00740	0.00822	0.00247	0.00987	0.00740	0.00411	0.01316
6	0.01187	0.00890	0.01335	0.01335	0.01483	0.01038	0.01038	0.01483	0.01335	0.01928	0.02225	0.03264	0.02077	0.06231	0.67512	0.01335	0.02225	0.00890	0.00445	0.00742
7	0.02035	0.02032	0.03707	0.04749	0.52198	0.02002	0.15706	0.02574	0.01907	0.02702	0.01588	0.02097	0.01304	0.00731	0.00857	0.00254	0.01078	0.00793	0.00413	0.01273
8	0.01549	0.00774	0.00774	0.00774	0.00968	0.00774	0.00581	0.01936	0.01742	0.03097	0.02710	0.03097	0.02129	0.00968	0.00581	0.00194	0.00387	0.00774	0.75416	0.00774
9	0.03103	0.03959	0.02354	0.02140	0.02568	0.67469	0.01605	0.03317	0.02354	0.02033	0.01284	0.01498	0.01070	0.00856	0.00749	0.00214	0.01498	0.00535	0.00428	0.00963
10	0.01187	0.00890	0.01335	0.01335	0.01483	0.01038	0.01038	0.01483	0.01335	0.01928	0.02225	0.03264	0.02077	0.06231	0.67512	0.01335	0.02225	0.00890	0.00445	0.00742
11	0.02062	0.02166	0.02173	0.01933	0.02120	0.19317	0.01543	0.05417	0.01714	0.02160	0.01489	0.02124	0.01362	0.02532	0.19189	0.00574	0.30073	0.00720	0.00427	0.00906
12	0.02221	0.71304	0.04353	0.01421	0.02132	0.03287	0.01421	0.02488	0.01688	0.01955	0.01155	0.01333	0.01066	0.00711	0.00533	0.00178	0.00888	0.00444	0.00355	0.01066
13	0.01057	0.00845	0.00946	0.00921	0.01168	0.00733	0.00691	0.01339	0.02072	0.02668	0.30543	0.07297	0.42893	0.01946	0.00981	0.00273	0.00410	0.01655	0.00827	0.00733
14	0.01187	0.00890	0.01335	0.01335	0.01483	0.01038	0.01038	0.01483	0.01335	0.01928	0.02225	0.03264	0.02077	0.06231	0.67512	0.01335	0.02225	0.00890	0.00445	0.00742
15	0.02031	0.01948	0.03326	0.08441	0.62480	0.01967	0.02537	0.02527	0.01880	0.02683	0.01558	0.02064	0.01305	0.00745	0.00823	0.00248	0.00993	0.00740	0.00409	0.01295
16	0.02770	0.03260	0.02201	0.01996	0.02437	0.46445	0.01512	0.03670	0.22210	0.02497	0.01958	0.02013	0.01541	0.00943	0.00780	0.00236	0.01228	0.00665	0.00562	0.01076
17	0.01927	0.01842	0.03139	0.21945	0.49783	0.01940	0.02485	0.02437	0.01831	0.02558	0.01540	0.02098	0.01261	0.00764	0.00825	0.00255	0.01019	0.00740	0.00400	0.01212
18	0.03103	0.03959	0.02354	0.02140	0.02568	0.67469	0.01605	0.03317	0.02354	0.02033	0.01284	0.01498	0.01070	0.00856	0.00749	0.00214	0.01498	0.00535	0.00428	0.00963
19	0.01194	0.00863	0.01197	0.01197	0.01298	0.00964	0.00866	0.01395	0.01294	0.01826	0.02351	0.03962	0.02380	0.26988	0.47169	0.01165	0.01769	0.00992	0.00464	0.00665
20	0.02056	0.01974	0.03372	0.05099	0.65622	0.01974	0.02550	0.02550	0.01892	0.02714	0.01563	0.02056	0.01316	0.00740	0.00822	0.00247	0.00987	0.00740	0.00411	0.01316
21	0.02066	0.01785	0.01878	0.01691	0.02160	0.02066	0.01315	0.04414	0.64121	0.03475	0.03381	0.03099	0.02536	0.01127	0.00845	0.00282	0.00657	0.00939	0.00845	0.01315
22	0.01148	0.00780	0.00924	0.00983	0.00998	0.00765	0.00586	0.01192	0.01326	0.01767	0.03220	0.25351	0.03780	0.49853	0.03255	0.00662	0.00706	0.01562	0.00586	0.00556
23	0.01147	0.00791	0.00913	0.00953	0.00988	0.00769	0.00571	0.01196	0.01349	0.01774	0.03542	0.19315	0.09029	0.50385	0.03275	0.00661	0.00703	0.01499	0.00583	0.00557
24	0.02305	0.01903	0.02013	0.01739	0.02251	0.02178	0.01373	0.17216	0.50930	0.03861	0.03077	0.02857	0.02290	0.01099	0.00842	0.00275	0.00714	0.00897	0.00842	0.01336
25	0.03158	0.02327	0.02493	0.01911	0.02576	0.02576	0.01579	0.62852	0.03906	0.05236	0.01995	0.01995	0.01413	0.00997	0.00831	0.00249	0.00914	0.00748	0.00831	0.01413
26	0.00992	0.00803	0.00881	0.00943	0.01149	0.00693	0.00676	0.01181	0.01796	0.02204	0.07182	0.28011	0.46065	0.02264	0.01007	0.00299	0.00440	0.01949	0.00771	0.00693
27	0.01208	0.00805	0.00906	0.00906	0.00906	0.00805	0.00503	0.01208	0.01208	0.01611	0.02618	0.05436	0.03020	0.70804	0.04228	0.00805	0.00805	0.01208	0.00503	0.00503
28	0.00982	0.00842	0.00842	0.00842	0.01122	0.00701	0.00631	0.01192	0.01894	0.02244	0.08416	0.07995	0.65285	0.02104	0.00982	0.00281	0.00421	0.01753	0.00771	0.00701
29	0.01818	0.01818	0.02545	0.02181	0.02181	0.02545	0.01818	0.01999	0.01272	0.01999	0.01091	0.01818	0.01091	0.01454	0.02726	0.00364	0.69284	0.00727	0.00364	0.00909
30	0.02056	0.01974	0.03372	0.05099	0.65622	0.01974	0.02550	0.02550	0.01892	0.02714	0.01563	0.02056	0.01316	0.00740	0.00822	0.00247	0.00987	0.00740	0.00411	0.01316
31	0.03103	0.03959	0.02354	0.02140	0.02568	0.67469	0.01605	0.03317	0.02354	0.02033	0.01284	0.01498	0.01070	0.00856	0.00749	0.00214	0.01498	0.00535	0.00428	0.00963
32	0.00999	0.00842	0.00865	0.00859	0.01133	0.00709	0.00645	0.01225	0.01934	0.02339	0.13386	0.07838	0.60256	0.02068	0.00982	0.00279	0.00418	0.01731	0.00784	0.00709
33	0.01012	0.00723	0.00964	0.01157	0.01205	0.00675	0.00771	0.01157	0.01591	0.02121	0.04579	0.70262	0.05495	0.02603	0.01060	0.00337	0.00482	0.02362	0.00771	0.00675
34	0.01818	0.01818	0.02545	0.02181	0.02181	0.02545	0.01818	0.01999	0.01272	0.01999	0.01091	0.01818	0.01091	0.01454	0.02726	0.00364	0.69284	0.00727	0.00364	0.00909
35	0.01012	0.00723	0.00964	0.01157	0.01205	0.00675	0.00771	0.01157	0.01591	0.02121	0.04579	0.70262	0.05495	0.02603	0.01060	0.00337	0.00482	0.02362	0.00771	0.00675
36	0.01187	0.00890	0.01335	0.01335	0.01483	0.01038	0.01038	0.01483	0.01335	0.01928	0.02225	0.03264	0.02077	0.06231	0.67512	0.01335	0.02225	0.00890	0.00445	0.00742
37	0.01208	0.00805	0.00906	0.00906	0.00906	0.00805	0.00503	0.01208	0.01208	0.01611	0.02618	0.05436	0.03020	0.70804	0.04228	0.00805	0.00805	0.01208	0.00503	0.00503
38	0.03103	0.03959	0.02354	0.02140	0.02568	0.67469	0.01605	0.03317	0.02354	0.02033	0.01284	0.01498	0.01070	0.00856	0.00749	0.00214	0.01498	0.00535	0.00428	0.00963
39	0.01339	0.00956	0.01339	0.01530	0.01721	0.00956	0.01339	0.01721	0.01912	0.02486	0.04399	0.09371	0.04781	0.02295	0.01147	0.00382	0.00765	0.60031	0.00765	0.00765
40	0.03158	0.02327	0.02493	0.01911	0.02576	0.02576	0.01579	0.62852	0.03906	0.05236	0.01995	0.01995	0.01413	0.00997	0.00831	0.00249	0.00914	0.00748	0.00831	0.01413
41	0.03158	0.02327	0.02493	0.01911	0.02576	0.02576	0.01579	0.62852	0.03906	0.05236	0.01995	0.01995	0.01413	0.00997	0.00831	0.00249	0.00914	0.00748	0.00831	0.01413
42	0.01012	0.00723	0.00964	0.01157	0.01205	0.00675	0.00771	0.01157	0.01591	0.02121	0.04579	0.70262	0.05495	0.02603	0.01060	0.00337	0.00482	0.02362	0.00771	0.00675
43	0.01060	0.00867	0.00950	0.00992	0.01253	0.00757	0.00786	0.01308	0.01898	0.02297	0.07536	0.08296	0.52031	0.02146	0.01018	0.00303	0.00496	0.14520	0.00770	0.00715
44	0.03158	0.02327	0.02493	0.01911	0.02576	0.02576	0.01579	0.62852	0.03906	0.05236	0.01995	0.01995	0.01413	0.00997	0.00831	0.00249	0.00914	0.00748	0.00831	0.01413
45	0.00982	0.00842	0.00842	0.00842	0.01122	0.00701	0.00631	0.01192	0.01894	0.02244	0.08416	0.07995	0.65285	0.02104	0.00982	0.00281	0.00421	0.01753	0.00771	0.00701
46	0.01187	0.00890	0.01335	0.01335	0.01483	0.01038	0.01038	0.01483	0.01335	0.01928	0.02225	0.03264	0.02077	0.06231	0.67512	0.01335	0.02225	0.00890	0.00445	0.00742
47	0.01817	0.01730	0.02941	0.36299	0.36287	0.01911	0.02431	0.02340	0.01779	0.02424	0.01520	0.02134	0.01214	0.00784	0.00826	0.00261	0.01046	0.00739	0.00391	0.01123
48	0.01072	0.00792	0.01014	0.01157	0.01281	0.00734	0.00844	0.01283	0.01743	0.02271	0.08454	0.44778	0.16619	0.02409	0.01057	0.00331	0.00515	0.12171	0.00778	0.00701
49	0.00991	0.00842	0.00854	0.00851	0.01127	0.00705	0.00638	0.01209	0.01914	0.02294	0.10992	0.07914	0.62678	0.02086	0.00982	0.00280	0.00419	0.01742	0.00778	0.00705
50	0.03158	0.02327	0.02493	0.01911	0.02576	0.02576	0.01579	0.62852	0.03906	0.05236	0.01995	0.01995	0.01413	0.00997	0.00831	0.00249	0.00914	0.00748	0.00831	0.01413
51	0.01971	0.02089	0.02122	0.01788	0.02189	0.19249	0.07199	0.02245	0.01808	0.02262	0.02039	0.14823	0.02069	0.04866	0.01229	0.00270	0.09637	0.00971	0.00505	0.20669
52	0.01031	0.00844	0.00910	0.00894	0.01152	0.00722	0.00670	0.01288	0.02010	0.02522	0.22907	0.07538	0.50621	0.02000	0.00981	0.00276	0.00413	0.01689	0.00808	0.00722
53	0.01187	0.00890	0.01335	0.01335	0.01483	0.01038	0.01038	0.01483	0.01335	0.01928	0.02225	0.03264	0.02077	0.06231	0.67512	0.01335	0.02225	0.00890	0.00445	0.00742
54	0.02461	0.01981	0.02101	0.01770	0.02311	0.02251	0.01410	0.25536	0.42357	0.04111	0.02880	0.02700	0.02130	0.01080	0.00840	0.00270	0.00750	0.00870	0.00840	0.01350
55	0.03103	0.03959	0.02354	0.02140	0.02568	0.67469	0.01605	0.03317	0.02354	0.02033	0.01284	0.01498	0.01070	0.00856	0.00749	0.00214	0.01498	0.00535	0.00428	0.00963
56	0.06716	0.02470	0.02244	0.01857	0.02419	0.15040	0.01482	0.33322	0.18707	0.04088	0.02163	0.02144	0.01603	0.00991	0.00802	0.00251	0.00949	0.00739	0.00740	0.01274
57	0.01961	0.02241	0.04902	0.03501	0.04342	0.02101	0.62605	0.02661	0.01961	0.02661	0.01681	0.02241	0.01261	0.00700	0.00980	0.00280	0.01401	0.00980	0.00420	0.01120
58	0.00982	0.00842	0.00842	0.00842	0.01122	0.00701	0.00631	0.01192	0.01894	0.02244	0.08416	0.07995	0.65285	0.02104	0.00982	0.00281	0.00421	0.01753	0.00771	0.00701
59	0.05209	0.00822	0.00939	0.01003	0.01074	0.00805	0.00635	0.01255	0.01421	0.01970	0.03775	0.29439	0.09309	0.35702	0.02568	0.00556	0.00643	0.01642	0.00627	0.00606
60	0.04753	0.01110	0.01225	0.01163	0.01444	0.01125	0.00872	0.04641	0.14156	0.02939	0.21806	0.13713	0.21396	0.04616	0.01072	0.00302	0.00514	0.01477	0.00805	0.00872
61	0.01549	0.01310	0.01396	0.01293	0.01655	0.01391	0.00993	0.02847	0.32819	0.03019	0.14499	0.05297	0.25487	0.01558	0.00914	0.00278	0.00534	0.01312	0.00830	0.01018
62	0.01203	0.00827	0.01017	0.01017	0.01055	0.00866	0.00642	0.01279	0.01241	0.01693	0.02516	0.04874	0.02776	0.54101	0.20598	0.00942	0.01173	0.01126	0.00488	0.00565
63	0.01011	0.00729	0.00958	0.01140	0.01201	0.00676	0.00764	0.01159	0.01606	0.02127	0.04779	0.67006	0.08621	0.02577	0.01056	0.00334	0.00479	0.02330	0.00771	0.00676
64	0.01012	0.00723	0.00964	0.01157	0.01205	0.00675	0.00771	0.01157	0.01591	0.02121	0.04579	0.70262	0.05495	0.02603	0.01060	0.00337	0.00482	0.02362	0.00771	0.00675
65	0.03158	0.02327	0.02493	0.01911	0.02576	0.02576	0.01579	0.62852	0.03906	0.05236	0.01995	0.01995	0.01413	0.00997	0.00831	0.00249	0.00914	0.00748	0.00831	0.01413
66	0.76672	0.01607	0.01221	0.01092	0.01607	0.01864	0.00900	0.02442	0.01414	0.03727	0.01157	0.01350	0.00900	0.00771	0.00514	0.00257	0.00643	0.00450	0.00514	0.00900
67	0.01226	0.00863	0.01003	0.00976	0.01066	0.00850	0.00624	0.01450	0.04370	0.02204	0.20275	0.05680	0.07612	0.44946	0.03007	0.00604	0.00664	0.01306	0.00647	0.00628
68	0.01037	0.00733	0.00957	0.01125	0.01167	0.00691	0.00737	0.01163	0.01542	0.02056	0.04330	0.62042	0.05181	0.11251	0.01462	0.00397	0.00523	0.02215	0.00737	0.00653
69	0.03158	0.02327	0.02493	0.01911	0.02576	0.02576	0.01579	0.62852	0.03906	0.05236	0.01995	0.01995	0.01413	0.00997	0.00831	0.00249	0.00914	0.00748	0.00831	0.01413
70	0.03103	0.03959	0.02354	0.02140	0.02568	0.67469	0.01605	0.03317	0.02354	0.02033	0.01284	0.01498	0.01070	0.00856	0.00749	0.00214	0.01498	0.00535	0.00428	0.00963
71	0.01039	0.00779	0.00948	0.01039	0.01171	0.00705	0.00719	0.01231	0.01768	0.02308	0.14565	0.39833	0.22396	0.06028	0.01198	0.00336	0.00469	0.02001	0.00778	0.00689
72	0.01008	0.00831	0.00855	0.00866	0.01104	0.00711	0.00625	0.01192	0.01804	0.02170	0.07590	0.11100	0.55412	0.09447	0.01332	0.00340	0.00465	0.01728	0.00743	0.00679
73	0.03188	0.02279	0.02463	0.01889	0.02552	0.02505	0.01560	0.59768	0.03826	0.08433	0.02062	0.02038	0.01447	0.00999	0.00831	0.00250	0.00903	0.00753	0.00841	0.01413
74	0.01187	0.00890	0.01335	0.01335	0.01483	0.01038	0.01038	0.01483	0.01335	0.01928	0.02225	0.03264	0.02077	0.06231	0.67512	0.01335	0.02225	0.00890	0.00445	0.00742
75	0.01025	0.00852	0.00946	0.00946	0.01198	0.00772	0.00717	0.01254	0.01776	0.02178	0.07112	0.06998	0.51973	0.02973	0.14994	0.00503	0.00801	0.01571	0.00703	0.00710
76	0.01688	0.01505	0.01399	0.01354	0.01573	0.14959	0.01035	0.01991	0.01659	0.02265	0.02157	0.02847	0.01879	0.03683	0.35446	0.00792	0.01578	0.00784	0.20609	0.00797
77	0.01520	0.08716	0.02083	0.01643	0.01799	0.01810	0.01354	0.01772	0.01351	0.01956	0.01711	0.02548	0.01621	0.03957	0.37511	0.00869	0.25754	0.00785	0.00407	0.00835
78	0.01133	0.00823	0.01025	0.01129	0.01250	0.00779	0.00823	0.01327	0.01680	0.02184	0.07983	0.27822	0.15676	0.16758	0.01730	0.00432	0.00601	0.15456	0.00721	0.00670
79	0.01857	0.01770	0.03011	0.31194	0.41087	0.01921	0.02450	0.02375	0.01797	0.02472	0.01527	0.02121	0.01231	0.00777	0.00826	0.00259	0.01036	0.00739	0.00394	0.01155
80	0.01781	0.02570	0.23289	0.02746	0.16148	0.01784	0.08719	0.02383	0.01734	0.02576	0.01527	0.01948	0.01227	0.01076	0.04464	0.00296	0.07112	0.00678	0.00408	0.17535
81	0.01943	0.01989	0.05924	0.07948	0.48669	0.01878	0.07604	0.02457	0.01858	0.02647	0.01695	0.05075	0.01470	0.00820	0.00836	0.00250	0.01000	0.00816	0.00427	0.04692
82	0.02388	0.02603	0.03049	0.04161	0.45628	0.22743	0.02250	0.02793	0.02038	0.02498	0.01474	0.01879	0.01238	0.00777	0.00799	0.00236	0.01149	0.00675	0.00417	0.01204
83	0.01849	0.03210	0.36961	0.03646	0.32620	0.01950	0.02826	0.02593	0.01818	0.02670	0.01524	0.01895	0.01176	0.00766	0.00805	0.00255	0.01115	0.00673	0.00379	0.01269
84	0.02595	0.12437	0.16210	0.02361	0.08358	0.39638	0.01974	0.02998	0.02102	0.02210	0.01336	0.01581	0.01088	0.00813	0.00737	0.00223	0.01318	0.00558	0.00401	0.01063
85	0.01065	0.00845	0.00956	0.00928	0.01173	0.00737	0.00696	0.01352	0.02089	0.02708	0.32627	0.07232	0.40785	0.01931	0.00981	0.00272	0.00408	0.01646	0.00832	0.00737
86	0.01149	0.00800	0.01012	0.01066	0.01110	0.00818	0.00690	0.01252	0.01341	0.01819	0.03078	0.22923	0.03506	0.38326	0.16680	0.00787	0.01015	0.01460	0.00565	0.00601
87	0.01032	0.00731	0.00958	0.01132	0.01175	0.00688	0.00745	0.01162	0.01553	0.02070	0.04385	0.63851	0.05250	0.09347	0.01374	0.00384	0.00514	0.02248	0.00745	0.00658
88	0.02460	0.02901	0.06271	0.03756	0.36790	0.28541	0.02194	0.02865	0.02072	0.02433	0.01446	0.01814	0.01202	0.00790	0.00791	0.00234	0.01207	0.00650	0.00415	0.01168
89	0.02505	0.49656	0.03711	0.01653	0.02272	0.23919	0.01481	0.02754	0.01902	0.01980	0.01196	0.01386	0.01067	0.00757	0.00602	0.00189	0.01084	0.00473	0.00379	0.01033
90	0.01017	0.00790	0.00911	0.00988	0.01151	0.00700	0.00691	0.01198	0.01754	0.02217	0.09549	0.33834	0.33779	0.06017	0.01191	0.00332	0.00466	0.01965	0.00764	0.00684
91	0.00992	0.00842	0.00856	0.00853	0.01129	0.00706	0.00639	0.01212	0.01918	0.02303	0.11471	0.07899	0.62194	0.02082	0.00982	0.00279	0.00419	0.01740	0.00779	0.00706
92	0.01880	0.44963	0.03155	0.01375	0.01858	0.05929	0.01222	0.02105	0.01693	0.02012	0.02263	0.23499	0.02490	0.01327	0.00714	0.00231	0.00791	0.01066	0.00493	0.00935
93	0.01992	0.02145	0.04332	0.03837	0.20722	0.02065	0.43235	0.02723	0.05193	0.02718	0.01738	0.02236	0.01342	0.00733	0.00931	0.00271	0.01250	0.00914	0.00440	0.01183
94	0.02928	0.06783	0.02457	0.07984	0.02826	0.58786	0.01659	0.03175	0.02263	0.02037	0.01295	0.01554	0.01073	0.00847	0.00746	0.00218	0.01436	0.00549	0.00420	0.00964
95	0.01716	0.01074	0.01494	0.01397	0.01664	0.01178	0.01099	0.02232	0.08091	0.13148	0.02527	0.03171	0.02121	0.04801	0.49057	0.01039	0.01800	0.00886	0.00587	0.00917
96	0.02171	0.01618	0.01820	0.01516	0.01950	0.01752	0.01213	0.33125	0.02806	0.03752	0.06553	0.03655	0.12730	0.05312	0.15615	0.00517	0.01086	0.01008	0.00727	0.01074
97	0.03121	0.03428	0.02399	0.02066	0.02571	0.46330	0.01597	0.22711	0.02860	0.03076	0.01516	0.01660	0.01182	0.00902	0.00776	0.00226	0.01308	0.00604	0.00559	0.01110
98	0.01803	0.02738	0.26896	0.18029	0.29197	0.01929	0.02692	0.02487	0.01789	0.02553	0.01517	0.01977	0.01171	0.00778	0.00812	0.00259	0.01104	0.00692	0.00379	0.01197
99	0.02732	0.06362	0.02577	0.02663	0.15753	0.47314	0.01745	0.03007	0.02203	0.02184	0.01713	0.01951	0.04504	0.00891	0.00767	0.00223	0.01307	0.00638	0.00439	0.01028

[dist]
