[name]
unknown

[dist]
# distance from previous block
# <min> <max>
0	0

[block]
# block no. 0 follows, 23 sequences, length 80
# corresponding to MSA columns:
# 0-79
name=unknown_A
#
# <colnr> <probs for GDERKNQSTAVLIFYWHMCP>
#	G	D	E	R	K	N	Q	S	T	A	V	L	I	F	Y	W	H	M	C	P
0	0.01308	0.00934	0.01308	0.01494	0.01681	0.00934	0.01308	0.01681	0.01868	0.02428	0.04296	0.09153	0.04670	0.02242	0.01121	0.00374	0.00747	0.60960	0.00747	0.00747
1	0.01796	0.03195	0.39026	0.03491	0.31290	0.01904	0.02774	0.02535	0.01773	0.02606	0.01487	0.01843	0.01142	0.00750	0.00785	0.00250	0.01095	0.00654	0.00369	0.01237
2	0.02388	0.40479	0.11693	0.01742	0.02409	0.24796	0.01655	0.02719	0.01875	0.02020	0.01212	0.01409	0.01041	0.00752	0.00623	0.00196	0.01110	0.00485	0.00370	0.01028
3	0.00989	0.00706	0.00942	0.01130	0.01177	0.00659	0.00753	0.01130	0.01554	0.02071	0.04472	0.70954	0.05367	0.02542	0.01036	0.00330	0.00471	0.02307	0.00753	0.00659
4	0.01171	0.00823	0.01071	0.01071	0.01135	0.00888	0.00723	0.01299	0.01235	0.01711	0.02387	0.04370	0.02542	0.42508	0.32547	0.01016	0.01401	0.01042	0.00466	0.00595
5	0.01177	0.00801	0.00955	0.00955	0.00980	0.00825	0.00579	0.01225	0.01201	0.01625	0.02492	0.04954	0.02795	0.60512	0.14890	0.00873	0.01019	0.01128	0.00482	0.00531
6	0.03335	0.01778	0.02118	0.01634	0.02264	0.01794	0.01346	0.29601	0.05548	0.37823	0.02668	0.02424	0.01758	0.00995	0.00815	0.00249	0.00775	0.00784	0.00914	0.01377
7	0.02117	0.68255	0.04098	0.01384	0.02049	0.03096	0.01369	0.02378	0.01631	0.01908	0.01183	0.01400	0.01093	0.00976	0.04061	0.00233	0.00936	0.00457	0.00352	0.01025
8	0.00959	0.00822	0.00822	0.00822	0.01096	0.00685	0.00617	0.01165	0.01850	0.02192	0.08220	0.07809	0.66092	0.02055	0.00959	0.00274	0.00411	0.01713	0.00754	0.00685
9	0.03031	0.03867	0.02299	0.02090	0.02508	0.68226	0.01568	0.03240	0.02299	0.01986	0.01254	0.01463	0.01045	0.00836	0.00732	0.00209	0.01463	0.00523	0.00418	0.00941
10	0.02717	0.02425	0.02241	0.04520	0.02523	0.16003	0.01504	0.32278	0.20338	0.03868	0.02159	0.02155	0.01602	0.00974	0.00799	0.00246	0.00949	0.00739	0.00716	0.01243
11	0.02549	0.01713	0.01916	0.01624	0.02147	0.01868	0.01291	0.11083	0.42166	0.19561	0.03121	0.02836	0.02233	0.01062	0.00822	0.00265	0.00683	0.00870	0.00869	0.01320
12	0.01495	0.01475	0.01320	0.01361	0.01514	0.15868	0.00973	0.01683	0.01805	0.02189	0.10864	0.42696	0.06822	0.01994	0.01021	0.00293	0.03480	0.01723	0.00678	0.00745
13	0.01119	0.00783	0.00881	0.00904	0.00957	0.00754	0.00545	0.01171	0.01340	0.01740	0.03761	0.13724	0.14070	0.51193	0.03210	0.00643	0.00684	0.01408	0.00568	0.00545
14	0.00989	0.00706	0.00942	0.01130	0.01177	0.00659	0.00753	0.01130	0.01554	0.02071	0.04472	0.70954	0.05367	0.02542	0.01036	0.00330	0.00471	0.02307	0.00753	0.00659
15	0.01880	0.01628	0.02434	0.54388	0.04901	0.01962	0.02094	0.15870	0.02113	0.02754	0.01555	0.02115	0.01148	0.00848	0.00811	0.00264	0.01039	0.00723	0.00462	0.01008
16	0.02068	0.01887	0.02474	0.02071	0.02217	0.02492	0.01723	0.15776	0.01818	0.02660	0.01263	0.01814	0.01136	0.01320	0.02249	0.00330	0.54531	0.00715	0.00457	0.00998
17	0.01159	0.00869	0.01304	0.01304	0.01449	0.01014	0.01014	0.01449	0.01304	0.01884	0.02173	0.03188	0.02029	0.06086	0.68268	0.01304	0.02173	0.00869	0.00435	0.00724
18	0.02599	0.37979	0.03277	0.01739	0.02295	0.35661	0.01478	0.02834	0.01974	0.01947	0.01191	0.01382	0.01043	0.00765	0.00626	0.00191	0.01165	0.00478	0.00383	0.00991
19	0.02915	0.03674	0.02317	0.02094	0.02474	0.62159	0.01587	0.03121	0.02202	0.01983	0.01237	0.01492	0.01047	0.00890	0.00910	0.00223	0.07788	0.00540	0.00412	0.00936
20	0.02075	0.02118	0.03002	0.04022	0.44952	0.09707	0.02227	0.02459	0.01767	0.02421	0.01394	0.01894	0.01209	0.00889	0.01203	0.00262	0.16149	0.00697	0.00393	0.01158
21	0.00989	0.00706	0.00942	0.01130	0.01177	0.00659	0.00753	0.01130	0.01554	0.02071	0.04472	0.70954	0.05367	0.02542	0.01036	0.00330	0.00471	0.02307	0.00753	0.00659
22	0.00989	0.00706	0.00942	0.01130	0.01177	0.00659	0.00753	0.01130	0.01554	0.02071	0.04472	0.70954	0.05367	0.02542	0.01036	0.00330	0.00471	0.02307	0.00753	0.00659
23	0.00989	0.00706	0.00942	0.01130	0.01177	0.00659	0.00753	0.01130	0.01554	0.02071	0.04472	0.70954	0.05367	0.02542	0.01036	0.00330	0.00471	0.02307	0.00753	0.00659
24	0.01030	0.00820	0.00923	0.00908	0.01142	0.00713	0.00677	0.01297	0.02001	0.02576	0.29241	0.09821	0.42120	0.01930	0.00962	0.00269	0.00403	0.01648	0.00805	0.00713
25	0.03070	0.02712	0.02398	0.01928	0.02514	0.20606	0.01549	0.47067	0.03398	0.04253	0.01757	0.01815	0.01288	0.00936	0.00790	0.00234	0.01050	0.00673	0.00703	0.01259
26	0.77215	0.01569	0.01193	0.01067	0.01569	0.01820	0.00879	0.02385	0.01381	0.03641	0.01130	0.01318	0.00879	0.00753	0.00502	0.00251	0.00628	0.00439	0.00502	0.00879
27	0.03031	0.03867	0.02299	0.02090	0.02508	0.68226	0.01568	0.03240	0.02299	0.01986	0.01254	0.01463	0.01045	0.00836	0.00732	0.00209	0.01463	0.00523	0.00418	0.00941
28	0.01883	0.01800	0.03067	0.22020	0.50364	0.01895	0.02428	0.02380	0.01788	0.02498	0.01504	0.02049	0.01232	0.00746	0.00805	0.00249	0.00995	0.00722	0.00391	0.01184
29	0.00978	0.00818	0.00851	0.00853	0.01110	0.00691	0.00636	0.01197	0.01878	0.02285	0.13394	0.10299	0.58151	0.02039	0.00962	0.00275	0.00411	0.01715	0.00766	0.00691
30	0.02008	0.01928	0.03294	0.04981	0.66422	0.01928	0.02490	0.02490	0.01848	0.02651	0.01526	0.02008	0.01285	0.00723	0.00803	0.00241	0.00964	0.00723	0.00402	0.01285
31	0.01169	0.00782	0.00888	0.00899	0.00901	0.00779	0.00506	0.01177	0.01201	0.01601	0.02664	0.08998	0.03086	0.67610	0.03956	0.00761	0.00769	0.01243	0.00506	0.00501
32	0.01159	0.00869	0.01304	0.01304	0.01449	0.01014	0.01014	0.01449	0.01304	0.01884	0.02173	0.03188	0.02029	0.06086	0.68268	0.01304	0.02173	0.00869	0.00435	0.00724
33	0.02255	0.10361	0.02542	0.02462	0.16588	0.16644	0.01628	0.03452	0.29790	0.02748	0.02205	0.02257	0.01731	0.00911	0.00765	0.00241	0.00920	0.00732	0.00586	0.01181
34	0.01143	0.00854	0.01271	0.01288	0.01424	0.00981	0.00990	0.01420	0.01327	0.01901	0.02386	0.09441	0.02337	0.05759	0.62064	0.01214	0.02016	0.01002	0.00464	0.00718
35	0.01520	0.03443	0.52464	0.02024	0.02997	0.01634	0.02498	0.02337	0.01844	0.02723	0.15901	0.02686	0.02511	0.00970	0.00813	0.00257	0.01016	0.00794	0.00466	0.01102
36	0.01627	0.04197	0.67279	0.02313	0.03512	0.01884	0.02998	0.02570	0.01713	0.02570	0.01456	0.01713	0.01028	0.00771	0.00771	0.00257	0.01199	0.00600	0.00343	0.01199
37	0.01661	0.01841	0.01329	0.01256	0.01574	0.23289	0.00942	0.01877	0.02022	0.02174	0.08667	0.05602	0.41517	0.01628	0.00883	0.00251	0.00762	0.01303	0.00648	0.00774
38	0.02008	0.01928	0.03294	0.04981	0.66422	0.01928	0.02490	0.02490	0.01848	0.02651	0.01526	0.02008	0.01285	0.00723	0.00803	0.00241	0.00964	0.00723	0.00402	0.01285
39	0.02691	0.06505	0.02683	0.02904	0.21221	0.45733	0.01830	0.02982	0.02136	0.02177	0.01328	0.01615	0.01115	0.00796	0.00743	0.00217	0.01289	0.00577	0.00410	0.01046
40	0.01065	0.00826	0.00968	0.00933	0.01161	0.00730	0.00700	0.01369	0.02099	0.02783	0.40396	0.06836	0.33547	0.01834	0.00958	0.00264	0.00395	0.01576	0.00831	0.00730
41	0.01116	0.00828	0.01040	0.00987	0.01192	0.00752	0.00740	0.01468	0.02220	0.03072	0.56075	0.06361	0.17688	0.01727	0.00957	0.00258	0.00388	0.01510	0.00869	0.00752
42	0.01532	0.01442	0.02434	0.69533	0.05589	0.01803	0.02253	0.02073	0.01622	0.02073	0.01442	0.02163	0.01082	0.00811	0.00811	0.00270	0.01082	0.00721	0.00361	0.00901
43	0.03641	0.01381	0.01883	0.01444	0.02071	0.01193	0.01193	0.03954	0.02322	0.66984	0.03201	0.02762	0.02009	0.01004	0.00816	0.00251	0.00690	0.00816	0.01004	0.01381
44	0.01840	0.02012	0.04011	0.10773	0.03934	0.02118	0.42884	0.02397	0.01734	0.02397	0.01492	0.02095	0.01178	0.00860	0.01314	0.00291	0.16374	0.00876	0.00393	0.01027
45	0.03031	0.03867	0.02299	0.02090	0.02508	0.68226	0.01568	0.03240	0.02299	0.01986	0.01254	0.01463	0.01045	0.00836	0.00732	0.00209	0.01463	0.00523	0.00418	0.00941
46	0.01196	0.01028	0.01049	0.01008	0.01323	0.00983	0.00766	0.01869	0.15974	0.02461	0.07119	0.06739	0.51854	0.01841	0.00929	0.00274	0.00463	0.01535	0.00770	0.00819
47	0.27810	0.02074	0.16289	0.01512	0.02226	0.01557	0.01492	0.03119	0.01871	0.31371	0.02118	0.02044	0.01411	0.00868	0.00701	0.00252	0.00783	0.00642	0.00688	0.01172
48	0.00959	0.00822	0.00822	0.00822	0.01096	0.00685	0.00617	0.01165	0.01850	0.02192	0.08220	0.07809	0.66092	0.02055	0.00959	0.00274	0.00411	0.01713	0.00754	0.00685
49	0.01159	0.00869	0.01304	0.01304	0.01449	0.01014	0.01014	0.01449	0.01304	0.01884	0.02173	0.03188	0.02029	0.06086	0.68268	0.01304	0.02173	0.00869	0.00435	0.00724
50	0.21501	0.02282	0.01934	0.01607	0.02131	0.15817	0.01288	0.29640	0.02690	0.03842	0.01980	0.02064	0.04850	0.00949	0.00715	0.00238	0.00896	0.00670	0.03808	0.01098
51	0.01018	0.00824	0.00903	0.00883	0.01132	0.00710	0.00663	0.01278	0.01988	0.02520	0.26073	0.07269	0.48034	0.01933	0.00958	0.00268	0.00402	0.01637	0.00797	0.00710
52	0.02055	0.22458	0.03574	0.03928	0.47564	0.02304	0.02167	0.02473	0.01789	0.02433	0.01410	0.01801	0.01214	0.00715	0.00720	0.00221	0.00936	0.00638	0.00386	0.01214
53	0.01817	0.35546	0.14727	0.01565	0.02177	0.05468	0.01579	0.02207	0.01591	0.02025	0.01500	0.01937	0.01328	0.02295	0.20433	0.00522	0.01339	0.00596	0.00375	0.00972
54	0.01558	0.00945	0.01070	0.00970	0.01317	0.00801	0.00752	0.01798	0.01980	0.16453	0.10548	0.06599	0.48583	0.01801	0.00928	0.00268	0.00471	0.01502	0.00817	0.00842
55	0.02394	0.48033	0.07216	0.01648	0.02289	0.22354	0.01532	0.02677	0.01845	0.01969	0.01184	0.01373	0.01042	0.00740	0.00597	0.00189	0.01062	0.00469	0.00368	0.01020
56	0.02008	0.01928	0.03294	0.04981	0.66422	0.01928	0.02490	0.02490	0.01848	0.02651	0.01526	0.02008	0.01285	0.00723	0.00803	0.00241	0.00964	0.00723	0.00402	0.01285
57	0.03031	0.03867	0.02299	0.02090	0.02508	0.68226	0.01568	0.03240	0.02299	0.01986	0.01254	0.01463	0.01045	0.00836	0.00732	0.00209	0.01463	0.00523	0.00418	0.00941
58	0.01627	0.04197	0.67279	0.02313	0.03512	0.01884	0.02998	0.02570	0.01713	0.02570	0.01456	0.01713	0.01028	0.00771	0.00771	0.00257	0.01199	0.00600	0.00343	0.01199
59	0.01987	0.01986	0.03628	0.04631	0.52505	0.01956	0.16140	0.02515	0.01863	0.02639	0.01552	0.02049	0.01273	0.00714	0.00838	0.00248	0.01054	0.00775	0.00404	0.01243
60	0.00959	0.00822	0.00822	0.00822	0.01096	0.00685	0.00617	0.01165	0.01850	0.02192	0.08220	0.07809	0.66092	0.02055	0.00959	0.00274	0.00411	0.01713	0.00754	0.00685
61	0.01148	0.00829	0.01085	0.01021	0.01212	0.00766	0.00766	0.01531	0.02297	0.03254	0.65994	0.06061	0.07656	0.01659	0.00957	0.00255	0.00383	0.01467	0.00893	0.00766
62	0.01267	0.01029	0.01512	0.01449	0.01569	0.01273	0.01148	0.01538	0.01293	0.01896	0.01979	0.02939	0.01859	0.05266	0.56736	0.01137	0.14095	0.00841	0.00421	0.00753
63	0.01075	0.00827	0.00983	0.00944	0.01167	0.00734	0.00708	0.01389	0.02124	0.02843	0.43635	0.06738	0.30271	0.01812	0.00958	0.00262	0.00394	0.01562	0.00839	0.00734
64	0.03085	0.02273	0.02435	0.01867	0.02516	0.02516	0.01542	0.63716	0.03815	0.05114	0.01948	0.01948	0.01380	0.00974	0.00812	0.00244	0.00893	0.00731	0.00812	0.01380
65	0.03031	0.03867	0.02299	0.02090	0.02508	0.68226	0.01568	0.03240	0.02299	0.01986	0.01254	0.01463	0.01045	0.00836	0.00732	0.00209	0.01463	0.00523	0.00418	0.00941
66	0.03043	0.03510	0.02330	0.02040	0.02510	0.53519	0.01562	0.16776	0.02639	0.02686	0.01410	0.01572	0.01120	0.00867	0.00750	0.00217	0.01336	0.00569	0.00506	0.01039
67	0.01096	0.00827	0.01012	0.00965	0.01180	0.00743	0.00724	0.01429	0.02172	0.02958	0.49906	0.06548	0.23928	0.01769	0.00958	0.00260	0.00391	0.01536	0.00854	0.00743
68	0.01851	0.01737	0.02732	0.03923	0.48261	0.01751	0.02051	0.02523	0.09952	0.02677	0.02769	0.03018	0.11262	0.00973	0.00830	0.00250	0.00839	0.00898	0.00509	0.01194
69	0.01143	0.00767	0.01005	0.01109	0.01222	0.00705	0.00769	0.01339	0.01738	0.05422	0.15418	0.52723	0.09018	0.02285	0.01007	0.00310	0.00463	0.02054	0.00790	0.00714
70	0.02008	0.01928	0.03294	0.04981	0.66422	0.01928	0.02490	0.02490	0.01848	0.02651	0.01526	0.02008	0.01285	0.00723	0.00803	0.00241	0.00964	0.00723	0.00402	0.01285
71	0.01693	0.01330	0.02100	0.41955	0.11312	0.01533	0.01819	0.02176	0.01704	0.05762	0.01834	0.02384	0.01394	0.00843	0.00752	0.00246	0.00878	0.00735	0.18613	0.00936
72	0.01997	0.02134	0.02539	0.16810	0.03225	0.16574	0.10754	0.02390	0.01791	0.02285	0.01386	0.01825	0.01129	0.00807	0.00967	0.00223	0.09029	0.00640	0.00415	0.23079
73	0.01174	0.00984	0.01226	0.09065	0.01786	0.04038	0.00993	0.01399	0.01592	0.02051	0.04069	0.39267	0.12246	0.02823	0.12868	0.00482	0.00881	0.01706	0.00636	0.00715
74	0.06083	0.01808	0.02737	0.33093	0.32126	0.05800	0.02240	0.02345	0.01749	0.02412	0.01451	0.02006	0.01158	0.00770	0.00786	0.00253	0.01027	0.00694	0.00390	0.01072
75	0.28534	0.05158	0.01622	0.01317	0.01775	0.09370	0.01069	0.13866	0.02103	0.03235	0.03173	0.03427	0.16905	0.01193	0.00731	0.00253	0.00740	0.03974	0.00617	0.00936
76	0.02096	0.01826	0.01996	0.02176	0.15972	0.09089	0.01401	0.20089	0.02462	0.03203	0.03618	0.03666	0.19709	0.01207	0.00820	0.00243	0.00789	0.00986	0.07598	0.01056
77	0.15391	0.02494	0.21206	0.02569	0.20020	0.05670	0.01975	0.05021	0.01837	0.02806	0.02430	0.02624	0.10747	0.00958	0.00759	0.00251	0.00917	0.00771	0.00474	0.01081
78	0.02311	0.02540	0.23735	0.01800	0.02531	0.05404	0.01817	0.06431	0.16211	0.18431	0.08260	0.02659	0.02219	0.00997	0.00811	0.00256	0.00875	0.00805	0.00690	0.01217
79	0.02039	0.05725	0.23902	0.22067	0.07317	0.20697	0.02286	0.02604	0.01858	0.02239	0.01386	0.01775	0.01064	0.00796	0.00764	0.00243	0.01214	0.00614	0.00373	0.01038

[dist]
# distance from previous block
# <min> <max>
9	103

[block]
# block no. 1 follows, 23 sequences, length 128
# corresponding to MSA columns:
# 184-311
name=unknown_B
#
# <colnr> <probs for GDERKNQSTAVLIFYWHMCP>
#	G	D	E	R	K	N	Q	S	T	A	V	L	I	F	Y	W	H	M	C	P
0	0.02151	0.02063	0.02980	0.07674	0.48007	0.07793	0.02244	0.08751	0.02077	0.02803	0.01670	0.02294	0.01420	0.00834	0.00813	0.00246	0.00997	0.03505	0.00459	0.01219
1	0.05874	0.25341	0.06155	0.02413	0.19049	0.02237	0.01688	0.02237	0.01599	0.02283	0.01455	0.01901	0.01282	0.01539	0.10096	0.00375	0.08972	0.00625	0.03849	0.01031
2	0.25378	0.05702	0.14603	0.04799	0.02195	0.05166	0.01459	0.02331	0.05538	0.02936	0.11374	0.03168	0.05506	0.01094	0.00740	0.00260	0.00784	0.05465	0.00559	0.00943
3	0.02458	0.05592	0.02152	0.01843	0.05299	0.20420	0.01398	0.23890	0.06005	0.03238	0.03001	0.03212	0.13141	0.01167	0.00816	0.00243	0.00948	0.03451	0.00648	0.01079
4	0.13502	0.01517	0.01571	0.01356	0.01799	0.01629	0.01074	0.17967	0.15579	0.06629	0.06694	0.07800	0.16925	0.01342	0.00821	0.00264	0.00630	0.01083	0.00764	0.01053
5	0.02393	0.02398	0.02638	0.03148	0.29386	0.19119	0.01868	0.13265	0.02268	0.02875	0.01548	0.01873	0.01262	0.01009	0.03601	0.00265	0.01095	0.00654	0.00487	0.08850
6	0.02038	0.14849	0.09240	0.03734	0.42237	0.05575	0.02209	0.02502	0.01814	0.02474	0.01429	0.01808	0.01201	0.00722	0.00735	0.00222	0.00975	0.00636	0.00391	0.05208
7	0.08344	0.06221	0.23754	0.04977	0.02708	0.01882	0.01869	0.06348	0.17540	0.14995	0.02220	0.02214	0.01579	0.00903	0.00762	0.00255	0.00881	0.00709	0.00624	0.01215
8	0.09331	0.02498	0.22584	0.03169	0.29633	0.01776	0.02267	0.02760	0.01844	0.13931	0.01759	0.01983	0.01293	0.00790	0.00767	0.00249	0.00957	0.00674	0.00498	0.01237
9	0.01450	0.01217	0.01311	0.01260	0.01573	0.01285	0.00949	0.02593	0.30263	0.02758	0.07826	0.16969	0.23933	0.01696	0.00913	0.00284	0.00525	0.01451	0.00792	0.00954
10	0.02793	0.03311	0.02061	0.01870	0.02261	0.54905	0.01408	0.05455	0.02266	0.02276	0.01503	0.01730	0.01222	0.00859	0.00709	0.00207	0.01269	0.00568	0.12398	0.00929
11	0.01355	0.01158	0.01680	0.01567	0.01666	0.01482	0.01256	0.01609	0.01285	0.01906	0.01821	0.02738	0.01722	0.04601	0.47391	0.01002	0.23757	0.00819	0.00409	0.00776
12	0.01643	0.00939	0.01243	0.01105	0.01383	0.00850	0.00850	0.02012	0.02302	0.15903	0.53530	0.05406	0.06535	0.01529	0.00929	0.00254	0.00444	0.01338	0.00915	0.00888
13	0.01513	0.00756	0.00756	0.00756	0.00945	0.00756	0.00567	0.01891	0.01702	0.03025	0.02647	0.03025	0.02080	0.00945	0.00567	0.00189	0.00378	0.00756	0.75988	0.00756
14	0.00967	0.00822	0.00833	0.00830	0.01101	0.00688	0.00623	0.01180	0.01868	0.02236	0.10588	0.07737	0.63698	0.02039	0.00959	0.00273	0.00410	0.01702	0.00759	0.00688
15	0.03641	0.01381	0.01883	0.01444	0.02071	0.01193	0.01193	0.03954	0.02322	0.66984	0.03201	0.02762	0.02009	0.01004	0.00816	0.00251	0.00690	0.00816	0.01004	0.01381
16	0.01180	0.00787	0.00885	0.00885	0.00885	0.00787	0.00492	0.01180	0.01180	0.01573	0.02557	0.05310	0.02950	0.71483	0.04130	0.00787	0.00787	0.01180	0.00492	0.00492
17	0.01627	0.04197	0.67279	0.02313	0.03512	0.01884	0.02998	0.02570	0.01713	0.02570	0.01456	0.01713	0.01028	0.00771	0.00771	0.00257	0.01199	0.00600	0.00343	0.01199
18	0.01806	0.02506	0.18032	0.02762	0.03406	0.02152	0.30314	0.02387	0.01656	0.02387	0.01417	0.01951	0.01133	0.00938	0.01459	0.00296	0.23170	0.00799	0.00378	0.01052
19	0.77215	0.01569	0.01193	0.01067	0.01569	0.01820	0.00879	0.02385	0.01381	0.03641	0.01130	0.01318	0.00879	0.00753	0.00502	0.00251	0.00628	0.00439	0.00502	0.00879
20	0.03031	0.03867	0.02299	0.02090	0.02508	0.68226	0.01568	0.03240	0.02299	0.01986	0.01254	0.01463	0.01045	0.00836	0.00732	0.00209	0.01463	0.00523	0.00418	0.00941
21	0.01148	0.00829	0.01085	0.01021	0.01212	0.00766	0.00766	0.01531	0.02297	0.03254	0.65994	0.06061	0.07656	0.01659	0.00957	0.00255	0.00383	0.01467	0.00893	0.00766
22	0.01442	0.00721	0.00961	0.00961	0.01022	0.00721	0.00661	0.01322	0.01262	0.01924	0.01803	0.02644	0.01623	0.02223	0.02343	0.52142	0.00601	0.00721	0.24421	0.00481
23	0.00979	0.00743	0.00903	0.01032	0.01151	0.00667	0.00710	0.01141	0.01648	0.02110	0.05665	0.50860	0.24691	0.02387	0.01011	0.00312	0.00452	0.02118	0.00753	0.00667
24	0.01407	0.00766	0.00797	0.00797	0.00926	0.00766	0.00543	0.01665	0.01536	0.02563	0.02618	0.03752	0.02357	0.23392	0.01701	0.00379	0.00508	0.00891	0.51963	0.00672
25	0.02764	0.01864	0.02150	0.01713	0.02240	0.02045	0.01404	0.40813	0.03026	0.13710	0.02139	0.02287	0.01578	0.01920	0.13062	0.00441	0.04083	0.00768	0.00753	0.01241
26	0.01723	0.03529	0.46487	0.02681	0.03754	0.01940	0.23120	0.02580	0.01780	0.02580	0.01518	0.01871	0.01096	0.00742	0.00833	0.00263	0.01255	0.00719	0.00365	0.01164
27	0.02110	0.64580	0.11126	0.01489	0.02239	0.03066	0.01564	0.02445	0.01656	0.01981	0.01164	0.01347	0.01040	0.00703	0.00548	0.00183	0.00904	0.00452	0.00347	0.01059
28	0.05713	0.19119	0.46660	0.02095	0.03127	0.02186	0.05498	0.02530	0.01691	0.02479	0.01375	0.01624	0.01033	0.00749	0.00710	0.00239	0.01103	0.00572	0.00355	0.01142
29	0.02581	0.05604	0.13922	0.01853	0.05185	0.01838	0.01648	0.12685	0.16970	0.22154	0.02464	0.02357	0.01729	0.00934	0.00785	0.00246	0.00818	0.00749	0.00732	0.04745
30	0.02474	0.02859	0.02243	0.02325	0.11497	0.40233	0.01582	0.05690	0.02106	0.02228	0.01778	0.02122	0.04263	0.01667	0.10645	0.00383	0.03815	0.00674	0.00451	0.00967
31	0.02008	0.01928	0.03294	0.04981	0.66422	0.01928	0.02490	0.02490	0.01848	0.02651	0.01526	0.02008	0.01285	0.00723	0.00803	0.00241	0.00964	0.00723	0.00402	0.01285
32	0.01201	0.01676	0.18858	0.01480	0.01859	0.01022	0.01415	0.01593	0.01665	0.02299	0.06645	0.42878	0.04239	0.01991	0.00969	0.00311	0.00691	0.07741	0.00649	0.00819
33	0.01180	0.00787	0.00885	0.00885	0.00885	0.00787	0.00492	0.01180	0.01180	0.01573	0.02557	0.05310	0.02950	0.71483	0.04130	0.00787	0.00787	0.01180	0.00492	0.00492
34	0.01459	0.01505	0.01203	0.01144	0.01434	0.15806	0.00858	0.01699	0.02035	0.02348	0.17675	0.06057	0.40406	0.01707	0.00908	0.00256	0.00641	0.01400	0.00705	0.00758
35	0.01160	0.00864	0.01279	0.01279	0.01415	0.01001	0.00983	0.01433	0.01297	0.01865	0.02196	0.03315	0.02084	0.10018	0.64412	0.01273	0.02090	0.00888	0.00438	0.00710
36	0.01642	0.04099	0.64209	0.02367	0.03548	0.01893	0.05969	0.02571	0.01723	0.02571	0.01465	0.01737	0.01038	0.00767	0.00780	0.00258	0.01207	0.00617	0.00346	0.01194
37	0.02008	0.01928	0.03294	0.04981	0.66422	0.01928	0.02490	0.02490	0.01848	0.02651	0.01526	0.02008	0.01285	0.00723	0.00803	0.00241	0.00964	0.00723	0.00402	0.01285
38	0.00989	0.00706	0.00942	0.01130	0.01177	0.00659	0.00753	0.01130	0.01554	0.02071	0.04472	0.70954	0.05367	0.02542	0.01036	0.00330	0.00471	0.02307	0.00753	0.00659
39	0.00959	0.00822	0.00822	0.00822	0.01096	0.00685	0.00617	0.01165	0.01850	0.02192	0.08220	0.07809	0.66092	0.02055	0.00959	0.00274	0.00411	0.01713	0.00754	0.00685
40	0.01159	0.00869	0.01304	0.01304	0.01449	0.01014	0.01014	0.01449	0.01304	0.01884	0.02173	0.03188	0.02029	0.06086	0.68268	0.01304	0.02173	0.00869	0.00435	0.00724
41	0.01532	0.01442	0.02434	0.69533	0.05589	0.01803	0.02253	0.02073	0.01622	0.02073	0.01442	0.02163	0.01082	0.00811	0.00811	0.00270	0.01082	0.00721	0.00361	0.00901
42	0.02008	0.01928	0.03294	0.04981	0.66422	0.01928	0.02490	0.02490	0.01848	0.02651	0.01526	0.02008	0.01285	0.00723	0.00803	0.00241	0.00964	0.00723	0.00402	0.01285
43	0.01081	0.00827	0.00991	0.00950	0.01171	0.00737	0.00712	0.01400	0.02137	0.02874	0.45315	0.06687	0.28572	0.01801	0.00958	0.00262	0.00393	0.01555	0.00843	0.00737
44	0.01513	0.00756	0.00756	0.00756	0.00945	0.00756	0.00567	0.01891	0.01702	0.03025	0.02647	0.03025	0.02080	0.00945	0.00567	0.00189	0.00378	0.00756	0.75988	0.00756
45	0.02169	0.71972	0.04252	0.01388	0.02083	0.03211	0.01388	0.02430	0.01649	0.01909	0.01128	0.01302	0.01041	0.00694	0.00521	0.00174	0.00868	0.00434	0.00347	0.01041
46	0.00969	0.00822	0.00835	0.00832	0.01102	0.00689	0.00624	0.01183	0.01872	0.02246	0.11181	0.07719	0.63097	0.02035	0.00959	0.00273	0.00410	0.01700	0.00761	0.00689
47	0.01074	0.00827	0.00982	0.00943	0.01167	0.00734	0.00707	0.01387	0.02121	0.02837	0.43325	0.06747	0.30585	0.01814	0.00958	0.00263	0.00394	0.01564	0.00838	0.00734
48	0.02053	0.02012	0.03251	0.04856	0.63657	0.04796	0.02450	0.02523	0.01867	0.02622	0.01515	0.01985	0.01275	0.00728	0.00800	0.00240	0.00986	0.00714	0.00402	0.01270
49	0.00975	0.00827	0.00845	0.00853	0.01123	0.00697	0.00649	0.01189	0.01850	0.02203	0.08038	0.07871	0.63238	0.02064	0.00967	0.00279	0.00427	0.04466	0.00753	0.00688
50	0.01650	0.04061	0.63432	0.02473	0.07294	0.01887	0.02967	0.02565	0.01721	0.02575	0.01460	0.01731	0.01043	0.00768	0.00773	0.00256	0.01185	0.00607	0.00346	0.01204
51	0.01038	0.00769	0.00982	0.01133	0.01249	0.00712	0.00823	0.01233	0.01666	0.02157	0.05177	0.47794	0.17160	0.02394	0.01035	0.00326	0.00507	0.12412	0.00752	0.00680
52	0.01180	0.00787	0.00885	0.00885	0.00885	0.00787	0.00492	0.01180	0.01180	0.01573	0.02557	0.05310	0.02950	0.71483	0.04130	0.00787	0.00787	0.01180	0.00492	0.00492
53	0.01599	0.01193	0.01750	0.01471	0.01832	0.01126	0.09493	0.05260	0.05414	0.08565	0.26836	0.15270	0.10794	0.01540	0.00929	0.00266	0.00612	0.01392	0.00776	0.03882
54	0.01748	0.01351	0.01446	0.01247	0.01617	0.01412	0.00990	0.19978	0.05678	0.03188	0.05127	0.04990	0.33395	0.01538	0.00972	0.00262	0.04746	0.01226	0.08147	0.00941
55	0.02609	0.09702	0.02816	0.02985	0.23733	0.39981	0.01858	0.02914	0.02087	0.02200	0.01333	0.01629	0.01125	0.00785	0.00735	0.00216	0.01240	0.00581	0.00406	0.01065
56	0.10324	0.03641	0.02191	0.01990	0.02416	0.61697	0.01500	0.03156	0.02209	0.02149	0.01242	0.01449	0.01029	0.00828	0.00709	0.00213	0.01381	0.00514	0.00426	0.00935
57	0.02478	0.06057	0.02033	0.01718	0.02097	0.37857	0.01327	0.02715	0.02073	0.08449	0.05670	0.02708	0.08683	0.01594	0.07899	0.00341	0.04070	0.00770	0.00533	0.00927
58	0.00975	0.00759	0.00887	0.00989	0.01140	0.00671	0.00691	0.01146	0.01689	0.02127	0.06189	0.42026	0.33186	0.02319	0.01001	0.00304	0.00443	0.02035	0.00753	0.00671
59	0.02977	0.03764	0.02352	0.02244	0.05904	0.64704	0.01617	0.03200	0.02275	0.02021	0.01269	0.01492	0.01058	0.00830	0.00735	0.00211	0.01437	0.00533	0.00417	0.00959
60	0.02316	0.01203	0.01435	0.01199	0.01593	0.01172	0.00955	0.12397	0.02360	0.22396	0.16867	0.03452	0.03193	0.01127	0.00768	0.00231	0.00555	0.00929	0.24810	0.01044
61	0.01031	0.00724	0.00929	0.01075	0.01112	0.00688	0.00695	0.01141	0.01470	0.01960	0.04044	0.56272	0.04826	0.17961	0.01728	0.00432	0.00541	0.02055	0.00695	0.00622
62	0.01028	0.00844	0.00918	0.00955	0.01212	0.00734	0.00754	0.01267	0.01853	0.02239	0.07441	0.08076	0.53901	0.02092	0.00991	0.00294	0.00478	0.13472	0.00752	0.00697
63	0.00989	0.00706	0.00942	0.01130	0.01177	0.00659	0.00753	0.01130	0.01554	0.02071	0.04472	0.70954	0.05367	0.02542	0.01036	0.00330	0.00471	0.02307	0.00753	0.00659
64	0.01159	0.00869	0.01304	0.01304	0.01449	0.01014	0.01014	0.01449	0.01304	0.01884	0.02173	0.03188	0.02029	0.06086	0.68268	0.01304	0.02173	0.00869	0.00435	0.00724
65	0.01877	0.01794	0.03056	0.22834	0.49597	0.01893	0.02425	0.02375	0.01785	0.02491	0.01503	0.02051	0.01229	0.00747	0.00806	0.00249	0.00997	0.00722	0.00390	0.01179
66	0.02169	0.71972	0.04252	0.01388	0.02083	0.03211	0.01388	0.02430	0.01649	0.01909	0.01128	0.01302	0.01041	0.00694	0.00521	0.00174	0.00868	0.00434	0.00347	0.01041
67	0.01429	0.01200	0.01454	0.01402	0.01600	0.06624	0.01091	0.05340	0.01537	0.02086	0.02084	0.02972	0.01909	0.05347	0.58666	0.01150	0.02038	0.00833	0.00456	0.00782
68	0.02103	0.01921	0.01874	0.01688	0.02143	0.07575	0.01308	0.04222	0.59697	0.03276	0.03131	0.02896	0.02357	0.01079	0.00818	0.00270	0.00711	0.00884	0.00791	0.01256
69	0.00989	0.00706	0.00942	0.01130	0.01177	0.00659	0.00753	0.01130	0.01554	0.02071	0.04472	0.70954	0.05367	0.02542	0.01036	0.00330	0.00471	0.02307	0.00753	0.00659
70	0.00993	0.00833	0.00870	0.00888	0.01154	0.00709	0.00684	0.01215	0.01851	0.02215	0.07834	0.07941	0.60054	0.02073	0.00975	0.00284	0.00444	0.07537	0.00753	0.00691
71	0.01036	0.00731	0.00951	0.01109	0.01156	0.00694	0.00739	0.01166	0.01509	0.02009	0.04154	0.57197	0.04941	0.13648	0.01539	0.00406	0.00536	0.05131	0.00711	0.00637
72	0.01363	0.01196	0.01413	0.01390	0.01565	0.08345	0.01075	0.01644	0.01413	0.01895	0.02073	0.03000	0.01921	0.05513	0.60902	0.01185	0.02096	0.00832	0.00433	0.00748
73	0.02563	0.02690	0.02767	0.05815	0.14069	0.25975	0.07668	0.16392	0.02387	0.02862	0.01484	0.01800	0.01184	0.00889	0.00977	0.00246	0.07959	0.00674	0.00494	0.01107
74	0.01800	0.25765	0.47222	0.02019	0.03057	0.02306	0.02486	0.02525	0.01693	0.02359	0.01352	0.01582	0.01032	0.00747	0.00691	0.00230	0.01094	0.00547	0.00344	0.01149
75	0.01875	0.01810	0.03135	0.22296	0.46989	0.01900	0.05411	0.02383	0.01790	0.02493	0.01509	0.02059	0.01228	0.00745	0.00813	0.00251	0.01015	0.00734	0.00391	0.01173
76	0.01493	0.01090	0.01396	0.01379	0.01591	0.01168	0.01076	0.12634	0.01927	0.02608	0.03160	0.21584	0.03333	0.06572	0.22553	0.00654	0.01158	0.13154	0.00649	0.00820
77	0.01648	0.01640	0.03120	0.03154	0.21721	0.01572	0.25415	0.02099	0.01780	0.02447	0.02508	0.24018	0.02563	0.01287	0.00937	0.00282	0.00963	0.01317	0.00517	0.01013
78	0.03048	0.03360	0.02343	0.02019	0.02511	0.47315	0.01560	0.22485	0.02782	0.02981	0.01475	0.01618	0.01152	0.00880	0.00757	0.00220	0.01282	0.00589	0.00543	0.01080
79	0.02892	0.01916	0.02133	0.01708	0.02296	0.02072	0.01388	0.32719	0.21628	0.18441	0.02630	0.02450	0.01846	0.01018	0.00817	0.00255	0.00773	0.00805	0.00859	0.01352
80	0.01064	0.00862	0.00949	0.00920	0.01175	0.00766	0.00692	0.01412	0.04580	0.02585	0.26738	0.07047	0.44552	0.01888	0.00953	0.00268	0.00411	0.01601	0.00802	0.00736
81	0.02008	0.01928	0.03294	0.04981	0.66422	0.01928	0.02490	0.02490	0.01848	0.02651	0.01526	0.02008	0.01285	0.00723	0.00803	0.00241	0.00964	0.00723	0.00402	0.01285
82	0.00995	0.00770	0.00879	0.00957	0.01107	0.00685	0.00660	0.01152	0.01653	0.02074	0.06041	0.33839	0.33911	0.09830	0.01337	0.00353	0.00477	0.01902	0.00725	0.00653
83	0.01751	0.01483	0.01719	0.01234	0.01952	0.01152	0.00990	0.05053	0.01787	0.02765	0.01467	0.01696	0.01211	0.00619	0.00611	0.00126	0.00615	0.00493	0.00497	0.72780
84	0.01465	0.01249	0.01297	0.01212	0.01555	0.01312	0.00920	0.02630	0.31184	0.02714	0.05591	0.05433	0.32684	0.05785	0.01088	0.00305	0.00541	0.01310	0.00771	0.00952
85	0.01810	0.01879	0.03063	0.02454	0.02659	0.02377	0.17246	0.02115	0.01411	0.02115	0.01210	0.01879	0.01107	0.01236	0.02235	0.00335	0.52790	0.00772	0.00369	0.00939
86	0.01685	0.03799	0.54875	0.02533	0.03657	0.01918	0.15002	0.02576	0.01753	0.02576	0.01493	0.01808	0.01068	0.00754	0.00808	0.00260	0.01233	0.00671	0.00356	0.01178
87	0.01159	0.00869	0.01304	0.01304	0.01449	0.01014	0.01014	0.01449	0.01304	0.01884	0.02173	0.03188	0.02029	0.06086	0.68268	0.01304	0.02173	0.00869	0.00435	0.00724
88	0.02397	0.01381	0.01664	0.01417	0.01871	0.01401	0.01121	0.03483	0.26213	0.26743	0.18984	0.03690	0.03603	0.01205	0.00855	0.00261	0.00595	0.01018	0.00908	0.01190
89	0.01159	0.00869	0.01304	0.01304	0.01449	0.01014	0.01014	0.01449	0.01304	0.01884	0.02173	0.03188	0.02029	0.06086	0.68268	0.01304	0.02173	0.00869	0.00435	0.00724
90	0.03031	0.03867	0.02299	0.02090	0.02508	0.68226	0.01568	0.03240	0.02299	0.01986	0.01254	0.01463	0.01045	0.00836	0.00732	0.00209	0.01463	0.00523	0.00418	0.00941
91	0.01180	0.00787	0.00885	0.00885	0.00885	0.00787	0.00492	0.01180	0.01180	0.01573	0.02557	0.05310	0.02950	0.71483	0.04130	0.00787	0.00787	0.01180	0.00492	0.00492
92	0.01513	0.00756	0.00756	0.00756	0.00945	0.00756	0.00567	0.01891	0.01702	0.03025	0.02647	0.03025	0.02080	0.00945	0.00567	0.00189	0.00378	0.00756	0.75988	0.00756
93	0.00996	0.00712	0.00949	0.01125	0.01179	0.00664	0.00754	0.01149	0.01590	0.02129	0.07475	0.67786	0.05478	0.02499	0.01032	0.00326	0.00466	0.02266	0.00760	0.00664
94	0.03085	0.02273	0.02435	0.01867	0.02516	0.02516	0.01542	0.63716	0.03815	0.05114	0.01948	0.01948	0.01380	0.00974	0.00812	0.00244	0.00893	0.00731	0.00812	0.01380
95	0.02179	0.02308	0.02230	0.01968	0.02222	0.19405	0.01565	0.03038	0.21792	0.02420	0.01826	0.02093	0.01509	0.01167	0.01577	0.00292	0.30133	0.00727	0.00521	0.01028
96	0.03031	0.03867	0.02299	0.02090	0.02508	0.68226	0.01568	0.03240	0.02299	0.01986	0.01254	0.01463	0.01045	0.00836	0.00732	0.00209	0.01463	0.00523	0.00418	0.00941
97	0.01257	0.01026	0.01356	0.01345	0.01504	0.04526	0.01043	0.01543	0.01356	0.01889	0.02125	0.03098	0.01977	0.05811	0.64739	0.01247	0.02136	0.00851	0.00434	0.00736
98	0.01936	0.02130	0.04454	0.03769	0.18148	0.02024	0.49835	0.02575	0.01900	0.02611	0.01616	0.02148	0.01243	0.00693	0.00923	0.00266	0.01278	0.00905	0.00408	0.01137
99	0.02869	0.03516	0.02304	0.02068	0.02456	0.56602	0.01576	0.05459	0.04770	0.02158	0.01344	0.01575	0.01117	0.00909	0.00928	0.00227	0.08146	0.00565	0.00443	0.00966
100	0.01077	0.00803	0.01016	0.01119	0.01274	0.00742	0.00844	0.01322	0.01810	0.02365	0.15070	0.32189	0.19976	0.02221	0.01024	0.00314	0.00503	0.14857	0.00774	0.00701
101	0.03641	0.01381	0.01883	0.01444	0.02071	0.01193	0.01193	0.03954	0.02322	0.66984	0.03201	0.02762	0.02009	0.01004	0.00816	0.00251	0.00690	0.00816	0.01004	0.01381
102	0.01024	0.00806	0.00925	0.00935	0.01146	0.00706	0.00686	0.01276	0.01944	0.02510	0.26000	0.17439	0.37700	0.02008	0.00971	0.00277	0.00412	0.01730	0.00798	0.00706
103	0.01180	0.00787	0.00885	0.00885	0.00885	0.00787	0.00492	0.01180	0.01180	0.01573	0.02557	0.05310	0.02950	0.71483	0.04130	0.00787	0.00787	0.01180	0.00492	0.00492
104	0.03031	0.03867	0.02299	0.02090	0.02508	0.68226	0.01568	0.03240	0.02299	0.01986	0.01254	0.01463	0.01045	0.00836	0.00732	0.00209	0.01463	0.00523	0.00418	0.00941
105	0.01775	0.01775	0.02485	0.02130	0.02130	0.02485	0.01775	0.01953	0.01243	0.01953	0.01065	0.01775	0.01065	0.01420	0.02663	0.00355	0.69998	0.00710	0.00355	0.00888
106	0.02805	0.01992	0.01883	0.01703	0.05381	0.18395	0.01266	0.05531	0.04894	0.29680	0.03514	0.03319	0.13775	0.01147	0.00821	0.00245	0.00856	0.00906	0.00760	0.01128
107	0.02869	0.17108	0.02711	0.01912	0.02425	0.43900	0.01528	0.13591	0.02434	0.02514	0.01350	0.01515	0.01103	0.00832	0.00704	0.00208	0.01246	0.00541	0.00472	0.01037
108	0.01084	0.00802	0.01034	0.01185	0.01321	0.00752	0.00902	0.01312	0.01712	0.02209	0.05160	0.38754	0.17198	0.02350	0.01048	0.00333	0.00547	0.20854	0.00751	0.00692
109	0.01159	0.00869	0.01304	0.01304	0.01449	0.01014	0.01014	0.01449	0.01304	0.01884	0.02173	0.03188	0.02029	0.06086	0.68268	0.01304	0.02173	0.00869	0.00435	0.00724
110	0.00959	0.00822	0.00822	0.00822	0.01096	0.00685	0.00617	0.01165	0.01850	0.02192	0.08220	0.07809	0.66092	0.02055	0.00959	0.00274	0.00411	0.01713	0.00754	0.00685
111	0.01175	0.00864	0.01279	0.01279	0.01426	0.01002	0.00994	0.01469	0.01322	0.01936	0.02195	0.03180	0.02031	0.05850	0.65165	0.01253	0.02091	0.00864	0.03897	0.00726
112	0.02169	0.71972	0.04252	0.01388	0.02083	0.03211	0.01388	0.02430	0.01649	0.01909	0.01128	0.01302	0.01041	0.00694	0.00521	0.00174	0.00868	0.00434	0.00347	0.01041
113	0.01000	0.00805	0.00898	0.00961	0.01173	0.00703	0.00717	0.01207	0.01781	0.02187	0.06943	0.22954	0.45616	0.02189	0.00993	0.00297	0.00458	0.07679	0.00753	0.00685
114	0.01744	0.01282	0.01492	0.01340	0.01625	0.01372	0.01026	0.21160	0.02196	0.02934	0.03205	0.10706	0.09805	0.16070	0.16594	0.00604	0.01054	0.04263	0.00650	0.00878
115	0.01991	0.01975	0.03563	0.04699	0.55204	0.01950	0.13492	0.02510	0.01860	0.02642	0.01547	0.02041	0.01276	0.00716	0.00831	0.00247	0.01037	0.00765	0.00403	0.01251
116	0.02309	0.02054	0.02797	0.09535	0.20844	0.04841	0.04969	0.22749	0.02381	0.03246	0.01562	0.01945	0.01241	0.00956	0.01181	0.00268	0.14694	0.00726	0.00526	0.01177
117	0.02125	0.36339	0.03121	0.01850	0.09014	0.15828	0.01422	0.02423	0.01932	0.02273	0.14072	0.02356	0.02382	0.00918	0.00681	0.00204	0.00903	0.00689	0.00476	0.00993
118	0.01160	0.00875	0.01159	0.01168	0.01257	0.00936	0.00837	0.01354	0.01546	0.02143	0.14957	0.22458	0.06419	0.17528	0.16118	0.00619	0.06716	0.01451	0.00623	0.00678
119	0.05563	0.01342	0.01680	0.01382	0.01710	0.01401	0.07664	0.17266	0.02071	0.03065	0.02258	0.03316	0.02033	0.23626	0.01815	0.00407	0.00759	0.00893	0.20879	0.00870
120	0.04574	0.01067	0.01368	0.01351	0.01504	0.01185	0.01059	0.01696	0.05113	0.02549	0.19135	0.21600	0.08347	0.01887	0.01285	0.00313	0.13050	0.11425	0.00708	0.00786
121	0.09358	0.24403	0.13227	0.01522	0.02133	0.15194	0.01468	0.02326	0.01807	0.02267	0.02794	0.02859	0.15573	0.01045	0.00700	0.00224	0.00915	0.00765	0.00467	0.00952
122	0.12503	0.14395	0.12718	0.01639	0.02171	0.18854	0.01490	0.05374	0.01874	0.02470	0.02002	0.17022	0.02002	0.01178	0.00742	0.00245	0.00953	0.00918	0.00500	0.00950
123	0.01908	0.02215	0.09361	0.09975	0.24394	0.05525	0.14412	0.02397	0.01714	0.02385	0.01417	0.01951	0.01168	0.00890	0.01244	0.00276	0.16544	0.00744	0.00384	0.01095
124	0.18991	0.18473	0.19456	0.01793	0.02524	0.15309	0.04604	0.02699	0.01780	0.05690	0.01364	0.01557	0.01058	0.00770	0.00658	0.00228	0.01033	0.00539	0.00430	0.01045
125	0.02234	0.17957	0.22401	0.02593	0.16989	0.08735	0.02141	0.09330	0.02049	0.06087	0.01527	0.01747	0.01181	0.00785	0.00727	0.00229	0.01040	0.00610	0.00451	0.01188
126	0.09515	0.17427	0.05294	0.01390	0.01871	0.08936	0.01196	0.02506	0.04790	0.13618	0.05977	0.13780	0.08048	0.01260	0.00763	0.00246	0.00755	0.01009	0.00635	0.00985
127	0.05965	0.03067	0.11979	0.04852	0.08107	0.33105	0.01792	0.08665	0.02202	0.02552	0.01901	0.02388	0.04491	0.00969	0.00778	0.00240	0.01177	0.04267	0.00481	0.01023

[dist]
# distance from previous block
# <min> <max>
5	57

[block]
# block no. 2 follows, 23 sequences, length 160
# corresponding to MSA columns:
# 369-528
name=unknown_C
#
# <colnr> <probs for GDERKNQSTAVLIFYWHMCP>
#	G	D	E	R	K	N	Q	S	T	A	V	L	I	F	Y	W	H	M	C	P
0	0.16918	0.02515	0.02050	0.01744	0.02212	0.27312	0.04482	0.15657	0.02426	0.03204	0.11735	0.02310	0.02150	0.00973	0.00752	0.00235	0.01004	0.00724	0.00594	0.01002
1	0.05240	0.13571	0.02392	0.01725	0.02232	0.23460	0.01387	0.12952	0.19813	0.02936	0.02233	0.02239	0.04502	0.00963	0.00739	0.00232	0.00970	0.00704	0.00602	0.01108
2	0.05313	0.08571	0.02214	0.01696	0.02191	0.25296	0.01350	0.13507	0.07564	0.13171	0.09178	0.02382	0.02116	0.00986	0.00766	0.00231	0.00972	0.00734	0.00662	0.01101
3	0.02696	0.19237	0.05223	0.01849	0.02418	0.29184	0.03915	0.06308	0.09070	0.10084	0.01740	0.01815	0.01340	0.00851	0.00717	0.00219	0.01098	0.00611	0.00533	0.01093
4	0.08287	0.15876	0.02849	0.01893	0.02450	0.15198	0.09160	0.10594	0.05165	0.09609	0.01654	0.01823	0.01277	0.00874	0.00890	0.00235	0.07078	0.00645	0.00539	0.03903
5	0.02728	0.03293	0.02594	0.02946	0.21436	0.48592	0.01841	0.03018	0.02166	0.02183	0.01335	0.01625	0.01116	0.00803	0.00753	0.00219	0.01315	0.00582	0.00413	0.01043
6	0.06080	0.06738	0.02351	0.01930	0.02397	0.43931	0.01507	0.12220	0.02405	0.07513	0.01487	0.01636	0.01163	0.00887	0.00823	0.00224	0.04569	0.00577	0.00519	0.01040
7	0.01342	0.00789	0.00910	0.00910	0.01035	0.00820	0.00641	0.01593	0.01467	0.02366	0.02520	0.03714	0.02318	0.22251	0.16015	0.00598	0.00878	0.00902	0.38257	0.00674
8	0.01073	0.00824	0.00969	0.00934	0.01150	0.00734	0.00693	0.01366	0.02064	0.02746	0.39663	0.06734	0.31100	0.05052	0.01105	0.00287	0.00413	0.01553	0.00818	0.00720
9	0.01627	0.04197	0.67279	0.02313	0.03512	0.01884	0.02998	0.02570	0.01713	0.02570	0.01456	0.01713	0.01028	0.00771	0.00771	0.00257	0.01199	0.00600	0.00343	0.01199
10	0.01087	0.00827	0.01000	0.00957	0.01175	0.00740	0.00717	0.01413	0.02152	0.02911	0.47321	0.06626	0.26543	0.01787	0.00958	0.00261	0.00392	0.01547	0.00848	0.00740
11	0.02209	0.02308	0.03099	0.04414	0.53894	0.14923	0.02309	0.02637	0.01936	0.02521	0.01473	0.01901	0.01238	0.00745	0.00789	0.00235	0.01062	0.00684	0.00405	0.01218
12	0.02776	0.24036	0.02878	0.01883	0.02382	0.48972	0.01515	0.03000	0.02107	0.01963	0.01217	0.01415	0.01044	0.00794	0.00669	0.00199	0.01287	0.00496	0.00397	0.00970
13	0.00978	0.00823	0.00848	0.00842	0.01107	0.00693	0.00631	0.01201	0.01894	0.02297	0.13917	0.07637	0.60330	0.02016	0.00959	0.00272	0.00408	0.01688	0.00767	0.00693
14	0.01180	0.00787	0.00885	0.00885	0.00885	0.00787	0.00492	0.01180	0.01180	0.01573	0.02557	0.05310	0.02950	0.71483	0.04130	0.00787	0.00787	0.01180	0.00492	0.00492
15	0.02340	0.37236	0.15722	0.01790	0.02493	0.23703	0.01754	0.02715	0.01869	0.02060	0.01231	0.01432	0.01040	0.00754	0.00636	0.00201	0.01121	0.00494	0.00369	0.01039
16	0.01037	0.00727	0.00927	0.01068	0.01103	0.00691	0.00687	0.01143	0.01459	0.01945	0.03987	0.54337	0.04755	0.19994	0.01819	0.00445	0.00551	0.02022	0.00687	0.00617
17	0.03085	0.02273	0.02435	0.01867	0.02516	0.02516	0.01542	0.63716	0.03815	0.05114	0.01948	0.01948	0.01380	0.00974	0.00812	0.00244	0.00893	0.00731	0.00812	0.01380
18	0.02008	0.01928	0.03294	0.04981	0.66422	0.01928	0.02490	0.02490	0.01848	0.02651	0.01526	0.02008	0.01285	0.00723	0.00803	0.00241	0.00964	0.00723	0.00402	0.01285
19	0.03031	0.03867	0.02299	0.02090	0.02508	0.68226	0.01568	0.03240	0.02299	0.01986	0.01254	0.01463	0.01045	0.00836	0.00732	0.00209	0.01463	0.00523	0.00418	0.00941
20	0.01159	0.00869	0.01304	0.01304	0.01449	0.01014	0.01014	0.01449	0.01304	0.01884	0.02173	0.03188	0.02029	0.06086	0.68268	0.01304	0.02173	0.00869	0.00435	0.00724
21	0.02008	0.01928	0.03294	0.04981	0.66422	0.01928	0.02490	0.02490	0.01848	0.02651	0.01526	0.02008	0.01285	0.00723	0.00803	0.00241	0.00964	0.00723	0.00402	0.01285
22	0.02471	0.02970	0.02002	0.01855	0.02191	0.48111	0.01402	0.02704	0.02002	0.01955	0.01529	0.01979	0.01339	0.02407	0.20943	0.00537	0.01676	0.00626	0.00423	0.00876
23	0.01147	0.00835	0.00985	0.01031	0.01245	0.00731	0.00756	0.01350	0.01749	0.05178	0.05973	0.32351	0.32489	0.02150	0.00978	0.00295	0.00477	0.05653	0.00753	0.03873
24	0.00989	0.00706	0.00942	0.01130	0.01177	0.00659	0.00753	0.01130	0.01554	0.02071	0.04472	0.70954	0.05367	0.02542	0.01036	0.00330	0.00471	0.02307	0.00753	0.00659
25	0.03001	0.03599	0.02299	0.02048	0.02495	0.57963	0.01554	0.10514	0.04753	0.02411	0.01412	0.01578	0.01137	0.00862	0.00745	0.00216	0.01365	0.00562	0.00480	0.01006
26	0.01513	0.00756	0.00756	0.00756	0.00945	0.00756	0.00567	0.01891	0.01702	0.03025	0.02647	0.03025	0.02080	0.00945	0.00567	0.00189	0.00378	0.00756	0.75988	0.00756
27	0.02169	0.71972	0.04252	0.01388	0.02083	0.03211	0.01388	0.02430	0.01649	0.01909	0.01128	0.01302	0.01041	0.00694	0.00521	0.00174	0.00868	0.00434	0.00347	0.01041
28	0.01409	0.00705	0.01057	0.01057	0.01057	0.00705	0.00705	0.01057	0.01057	0.01409	0.01409	0.02467	0.01409	0.02819	0.03171	0.76392	0.00705	0.00705	0.00352	0.00352
29	0.01775	0.01775	0.02485	0.02130	0.02130	0.02485	0.01775	0.01953	0.01243	0.01953	0.01065	0.01775	0.01065	0.01420	0.02663	0.00355	0.69998	0.00710	0.00355	0.00888
30	0.01683	0.01442	0.01683	0.01202	0.01923	0.01082	0.00961	0.02043	0.01683	0.02644	0.01442	0.01683	0.01202	0.00601	0.00601	0.00120	0.00601	0.00481	0.00481	0.76444
31	0.02066	0.02074	0.03354	0.04666	0.57160	0.06189	0.07495	0.02547	0.01882	0.02604	0.01518	0.01988	0.01265	0.00727	0.00812	0.00242	0.01030	0.00730	0.00403	0.01247
