[name]
unknown

[dist]
# distance from previous block
# <min> <max>
0	10

[block]
# block no. 0 follows, 22 sequences, length 49
# corresponding to MSA columns:
# 10-58
name=unknown_A
#
# <colnr> <probs for GDERKNQSTAVLIFYWHMCP>
#	G	D	E	R	K	N	Q	S	T	A	V	L	I	F	Y	W	H	M	C	P
0	0.01376	0.01220	0.04826	0.01547	0.01760	0.01185	0.01355	0.01752	0.01894	0.02590	0.16763	0.09686	0.04744	0.01982	0.01314	0.00346	0.10452	0.33679	0.00719	0.00810
1	0.07076	0.08239	0.29620	0.02237	0.06157	0.23974	0.02195	0.02918	0.01973	0.06157	0.01485	0.01692	0.01122	0.00817	0.00745	0.00239	0.01216	0.00585	0.00430	0.01123
2	0.02259	0.11363	0.15003	0.02841	0.13316	0.19297	0.15012	0.02890	0.05598	0.02462	0.01558	0.01867	0.01232	0.00790	0.00797	0.00242	0.01222	0.00690	0.00425	0.01135
3	0.01336	0.01056	0.01189	0.01208	0.01408	0.01092	0.00854	0.02087	0.19145	0.02438	0.04605	0.29280	0.15027	0.13558	0.01518	0.00390	0.00575	0.01659	0.00747	0.00831
4	0.01723	0.01477	0.01723	0.01230	0.01969	0.01107	0.00984	0.02092	0.01723	0.02707	0.01477	0.01723	0.01230	0.00615	0.00615	0.00123	0.00615	0.00492	0.00492	0.75883
5	0.02028	0.02176	0.02432	0.02120	0.02213	0.15067	0.01728	0.02223	0.01486	0.02001	0.01199	0.01846	0.01148	0.01636	0.06382	0.00395	0.51929	0.00700	0.00381	0.00909
6	0.00982	0.00842	0.00842	0.00842	0.01122	0.00701	0.00631	0.01192	0.01894	0.02244	0.08416	0.07995	0.65285	0.02104	0.00982	0.00281	0.00421	0.01753	0.00771	0.00701
7	0.01139	0.00848	0.01060	0.01007	0.01219	0.00768	0.00755	0.01497	0.02265	0.03125	0.54429	0.06545	0.18722	0.01775	0.00980	0.00265	0.00397	0.01550	0.00887	0.00768
8	0.01103	0.00846	0.01009	0.00969	0.01196	0.00753	0.00726	0.01426	0.02179	0.02922	0.43816	0.06879	0.29461	0.01851	0.00981	0.00269	0.00403	0.01597	0.00861	0.00753
9	0.01033	0.00732	0.00958	0.01129	0.01172	0.00689	0.00742	0.01162	0.01549	0.02065	0.04365	0.63213	0.05225	0.10019	0.01405	0.00388	0.00517	0.02236	0.00742	0.00656
10	0.03197	0.02265	0.02455	0.01882	0.02545	0.02484	0.01555	0.58835	0.03802	0.09400	0.02082	0.02051	0.01457	0.00999	0.00831	0.00250	0.00900	0.00754	0.00845	0.01413
11	0.01300	0.01057	0.01552	0.01487	0.01609	0.01309	0.01178	0.01576	0.01324	0.01941	0.02022	0.03004	0.01900	0.05373	0.55885	0.01161	0.14261	0.00861	0.00430	0.00772
12	0.02526	0.38229	0.07124	0.01773	0.02392	0.24405	0.01602	0.06576	0.02038	0.02229	0.01268	0.01471	0.01089	0.00808	0.00717	0.00206	0.03565	0.00514	0.00410	0.01058
13	0.01832	0.03307	0.39589	0.03532	0.30037	0.01948	0.02848	0.02596	0.01813	0.02666	0.01521	0.01883	0.01165	0.00768	0.00803	0.00256	0.01125	0.00668	0.00377	0.01265
14	0.06062	0.20012	0.10168	0.03375	0.31064	0.02316	0.08173	0.02614	0.04021	0.02587	0.01505	0.01857	0.01240	0.00749	0.00745	0.00236	0.00998	0.00667	0.00412	0.01201
15	0.02296	0.04913	0.03045	0.10502	0.40431	0.19658	0.02231	0.02712	0.01986	0.02445	0.01465	0.01896	0.01220	0.00779	0.00793	0.00238	0.01133	0.00674	0.00410	0.01173
16	0.01467	0.00926	0.01100	0.01011	0.01296	0.00814	0.00763	0.01744	0.02080	0.11947	0.27302	0.06435	0.31567	0.06431	0.01178	0.00306	0.00478	0.01494	0.00841	0.00821
17	0.02233	0.03327	0.23070	0.03161	0.19704	0.21455	0.09980	0.02817	0.01995	0.02479	0.01472	0.01819	0.01153	0.00785	0.00810	0.00246	0.01267	0.00670	0.00398	0.01159
18	0.02268	0.06936	0.02465	0.02589	0.19361	0.17961	0.01642	0.10051	0.08462	0.02885	0.08066	0.02962	0.08709	0.01065	0.00819	0.00243	0.00951	0.00865	0.00589	0.01112
19	0.01215	0.00801	0.00903	0.00910	0.00920	0.00799	0.00517	0.01236	0.01245	0.01693	0.02698	0.07869	0.03080	0.65238	0.03953	0.00762	0.00775	0.01235	0.03629	0.00521
20	0.01055	0.00810	0.00967	0.01001	0.01186	0.00721	0.00723	0.01307	0.01959	0.02572	0.26272	0.25381	0.28825	0.02112	0.01004	0.00291	0.00429	0.01845	0.00819	0.00721
21	0.08000	0.02165	0.06068	0.02865	0.23002	0.02144	0.01886	0.29152	0.02788	0.10985	0.01911	0.02049	0.01397	0.00890	0.00804	0.00251	0.00912	0.00727	0.00668	0.01335
22	0.01378	0.01177	0.01473	0.01424	0.01563	0.05692	0.01094	0.01628	0.01386	0.01910	0.02096	0.03233	0.02014	0.12069	0.50422	0.01114	0.08253	0.00883	0.00442	0.00748
23	0.01010	0.00733	0.00954	0.01130	0.01198	0.00677	0.00759	0.01160	0.01616	0.02131	0.04899	0.65065	0.10485	0.02561	0.01054	0.00333	0.00477	0.02311	0.00771	0.00677
24	0.01590	0.01754	0.10751	0.09099	0.17416	0.01495	0.01807	0.02298	0.10158	0.02563	0.02952	0.20682	0.02971	0.01499	0.00927	0.00299	0.00827	0.09289	0.00598	0.01025
25	0.02603	0.11086	0.02617	0.01945	0.02487	0.23046	0.05033	0.14166	0.22543	0.03099	0.02098	0.02129	0.01617	0.00942	0.00782	0.00242	0.01041	0.00719	0.00626	0.01179
26	0.01846	0.01750	0.02869	0.03914	0.44356	0.01737	0.05831	0.02437	0.06312	0.02733	0.06380	0.03232	0.10925	0.01016	0.00866	0.00257	0.00874	0.00958	0.00523	0.01185
27	0.01208	0.00805	0.00906	0.00906	0.00906	0.00805	0.00503	0.01208	0.01208	0.01611	0.02618	0.05436	0.03020	0.70804	0.04228	0.00805	0.00805	0.01208	0.00503	0.00503
28	0.01666	0.04297	0.66500	0.02368	0.03596	0.01929	0.03069	0.02631	0.01754	0.02631	0.01491	0.01754	0.01052	0.00789	0.00789	0.00263	0.01228	0.00614	0.00351	0.01228
29	0.01302	0.00970	0.01182	0.01045	0.01300	0.00859	0.00746	0.01576	0.01887	0.02701	0.33510	0.05026	0.05036	0.21427	0.01840	0.00389	0.00559	0.01202	0.00706	0.16738
30	0.01003	0.00760	0.00925	0.01057	0.01179	0.00683	0.00727	0.01168	0.01686	0.02160	0.05787	0.50656	0.24321	0.02446	0.01036	0.00319	0.00463	0.02170	0.00771	0.00683
31	0.01816	0.14090	0.54327	0.02218	0.03332	0.05270	0.02758	0.02643	0.01773	0.02503	0.01432	0.01680	0.01055	0.00781	0.00750	0.00248	0.01191	0.00585	0.00355	0.01191
32	0.02124	0.11920	0.02595	0.08636	0.06732	0.02215	0.01626	0.15071	0.02012	0.05005	0.01601	0.02094	0.01348	0.01789	0.09556	0.04801	0.18626	0.00715	0.00500	0.01034
33	0.01280	0.00958	0.01390	0.01362	0.01535	0.01111	0.01064	0.04398	0.01457	0.02086	0.02214	0.03203	0.02045	0.05982	0.64345	0.01284	0.02163	0.00883	0.00463	0.00774
34	0.02121	0.02612	0.22979	0.02071	0.06879	0.05853	0.01919	0.06894	0.16457	0.09910	0.11210	0.02833	0.02510	0.01036	0.00837	0.00261	0.00902	0.00851	0.00657	0.01206
35	0.02567	0.20678	0.03097	0.02590	0.15893	0.32636	0.01774	0.02852	0.02012	0.02156	0.01297	0.01596	0.01123	0.00834	0.00842	0.00222	0.05798	0.00568	0.00401	0.01061
36	0.02953	0.02547	0.18747	0.01893	0.02695	0.01986	0.01850	0.28995	0.02875	0.23641	0.02267	0.02193	0.01522	0.00954	0.00822	0.00255	0.00930	0.00741	0.00769	0.01366
37	0.02036	0.40112	0.20709	0.02285	0.10977	0.02681	0.05880	0.02545	0.01749	0.02278	0.01331	0.01596	0.01107	0.00735	0.00667	0.00216	0.01024	0.00562	0.00366	0.01145
38	0.01905	0.01502	0.02029	0.02334	0.17134	0.01624	0.01453	0.08558	0.19295	0.02756	0.02167	0.02611	0.01794	0.02096	0.09595	0.19792	0.00970	0.00810	0.00566	0.01010
39	0.01458	0.05588	0.01700	0.01456	0.01621	0.05557	0.01142	0.01700	0.01400	0.01911	0.01993	0.03078	0.01923	0.11942	0.43738	0.01007	0.10727	0.00853	0.00434	0.00772
40	0.02049	0.02247	0.06863	0.16589	0.39997	0.09066	0.06177	0.02564	0.01894	0.02520	0.01519	0.02020	0.01231	0.00770	0.00824	0.00252	0.01105	0.00725	0.00402	0.01186
41	0.01082	0.00820	0.00997	0.01007	0.01197	0.00735	0.00735	0.01365	0.02049	0.02741	0.34936	0.20428	0.24852	0.02015	0.00998	0.00283	0.00420	0.01762	0.00840	0.00735
42	0.01590	0.01306	0.01550	0.08346	0.02118	0.01432	0.01192	0.05708	0.25088	0.02822	0.04090	0.24284	0.10258	0.01714	0.00941	0.00302	0.00644	0.04869	0.00760	0.00985
43	0.01249	0.00819	0.01003	0.01013	0.01089	0.00857	0.00675	0.01402	0.01352	0.01973	0.02628	0.07816	0.02743	0.38004	0.20630	0.00822	0.01104	0.01109	0.13088	0.00622
44	0.10097	0.37477	0.13028	0.01706	0.02407	0.18511	0.01663	0.02706	0.01831	0.02261	0.01238	0.01439	0.01048	0.00764	0.00623	0.00208	0.01063	0.00493	0.00389	0.01048
45	0.02384	0.15218	0.02965	0.14246	0.09336	0.23587	0.03943	0.06716	0.02032	0.02336	0.01363	0.01746	0.01132	0.00884	0.00966	0.00243	0.08813	0.00627	0.00422	0.01039
46	0.02291	0.02625	0.07371	0.04178	0.45741	0.18282	0.02349	0.02746	0.01998	0.02539	0.01488	0.01897	0.01237	0.00772	0.00802	0.00240	0.01130	0.00681	0.00411	0.01222
47	0.02145	0.14858	0.19390	0.12490	0.15974	0.16701	0.02244	0.02667	0.01890	0.02324	0.01400	0.01754	0.01120	0.00787	0.00749	0.00236	0.01163	0.00611	0.00384	0.01114
48	0.06378	0.01409	0.01706	0.11143	0.06508	0.01531	0.01260	0.09378	0.14120	0.02984	0.10812	0.04139	0.12727	0.10792	0.01321	0.00342	0.00723	0.01079	0.00676	0.00972

[dist]
# distance from previous block
# <min> <max>
2	7

[block]
# block no. 1 follows, 22 sequences, length 33
# corresponding to MSA columns:
# 66-98
name=unknown_B
#
# <colnr> <probs for GDERKNQSTAVLIFYWHMCP>
#	G	D	E	R	K	N	Q	S	T	A	V	L	I	F	Y	W	H	M	C	P
0	0.21145	0.02605	0.22678	0.01661	0.02287	0.11218	0.01670	0.02292	0.01730	0.02699	0.02444	0.15837	0.06064	0.01245	0.00779	0.00270	0.00913	0.00986	0.00516	0.00958
1	0.18259	0.02039	0.01996	0.02098	0.11927	0.12446	0.01446	0.14880	0.05100	0.03384	0.02045	0.02790	0.01742	0.01036	0.00759	0.00256	0.00878	0.07397	0.08452	0.01070
2	0.02337	0.16106	0.02375	0.01604	0.02049	0.16029	0.01299	0.18471	0.02362	0.02925	0.02062	0.09851	0.01911	0.04497	0.07395	0.00363	0.01074	0.00859	0.05413	0.01019
3	0.01204	0.00823	0.00998	0.00998	0.01029	0.00855	0.00618	0.01267	0.01235	0.01679	0.02534	0.04972	0.02819	0.57007	0.17750	0.00919	0.01109	0.01140	0.00491	0.00554
4	0.01487	0.01015	0.01143	0.01044	0.01373	0.00920	0.00804	0.04340	0.04895	0.10190	0.19727	0.06527	0.39823	0.01799	0.00952	0.00272	0.00479	0.01512	0.00839	0.00860
5	0.01208	0.00805	0.00906	0.00906	0.00906	0.00805	0.00503	0.01208	0.01208	0.01611	0.02618	0.05436	0.03020	0.70804	0.04228	0.00805	0.00805	0.01208	0.00503	0.00503
6	0.02013	0.02008	0.03658	0.07701	0.49762	0.01995	0.15370	0.02554	0.01896	0.02675	0.01584	0.02103	0.01294	0.00736	0.00857	0.00255	0.01081	0.00791	0.00411	0.01256
7	0.02254	0.03116	0.17225	0.07011	0.20029	0.22344	0.10959	0.02798	0.02002	0.02442	0.01472	0.01851	0.01161	0.00787	0.00815	0.00247	0.01266	0.00683	0.00402	0.01136
8	0.01368	0.02504	0.32268	0.01663	0.02377	0.01323	0.01884	0.01977	0.01884	0.02585	0.11599	0.04935	0.21625	0.01446	0.00906	0.00280	0.00837	0.06982	0.00587	0.00969
9	0.11628	0.01572	0.01883	0.01481	0.02067	0.01538	0.01215	0.16170	0.02592	0.39476	0.09259	0.02836	0.02394	0.01063	0.00813	0.00256	0.00711	0.00843	0.00916	0.01289
10	0.02056	0.01974	0.03372	0.05099	0.65622	0.01974	0.02550	0.02550	0.01892	0.02714	0.01563	0.02056	0.01316	0.00740	0.00822	0.00247	0.00987	0.00740	0.00411	0.01316
11	0.01054	0.00844	0.00942	0.00918	0.01167	0.00732	0.00688	0.01333	0.02065	0.02650	0.29624	0.07326	0.43823	0.01952	0.00981	0.00273	0.00410	0.01660	0.00825	0.00732
12	0.02330	0.01847	0.05886	0.20396	0.21147	0.01763	0.11543	0.02848	0.01962	0.19004	0.02000	0.02313	0.01433	0.00834	0.00851	0.00263	0.01021	0.00796	0.00559	0.01204
13	0.00982	0.00842	0.00842	0.00842	0.01122	0.00701	0.00631	0.01192	0.01894	0.02244	0.08416	0.07995	0.65285	0.02104	0.00982	0.00281	0.00421	0.01753	0.00771	0.00701
14	0.01166	0.00849	0.01097	0.01035	0.01235	0.00780	0.00776	0.01548	0.02328	0.03276	0.62280	0.06297	0.10777	0.01719	0.00980	0.00262	0.00393	0.01515	0.00907	0.00780
15	0.03103	0.03959	0.02354	0.02140	0.02568	0.67469	0.01605	0.03317	0.02354	0.02033	0.01284	0.01498	0.01070	0.00856	0.00749	0.00214	0.01498	0.00535	0.00428	0.00963
16	0.02056	0.01974	0.03372	0.05099	0.65622	0.01974	0.02550	0.02550	0.01892	0.02714	0.01563	0.02056	0.01316	0.00740	0.00822	0.00247	0.00987	0.00740	0.00411	0.01316
17	0.01187	0.00890	0.01335	0.01335	0.01483	0.01038	0.01038	0.01483	0.01335	0.01928	0.02225	0.03264	0.02077	0.06231	0.67512	0.01335	0.02225	0.00890	0.00445	0.00742
18	0.01187	0.00890	0.01335	0.01335	0.01483	0.01038	0.01038	0.01483	0.01335	0.01928	0.02225	0.03264	0.02077	0.06231	0.67512	0.01335	0.02225	0.00890	0.00445	0.00742
19	0.02731	0.02223	0.02776	0.02116	0.02749	0.05859	0.13779	0.40498	0.03182	0.04296	0.01973	0.02142	0.01445	0.00926	0.00828	0.00247	0.00985	0.00786	0.09202	0.01256
20	0.03727	0.01414	0.01928	0.01478	0.02121	0.01221	0.01221	0.04049	0.02378	0.66198	0.03277	0.02828	0.02056	0.01028	0.00835	0.00257	0.00707	0.00835	0.01028	0.01414
21	0.02012	0.36567	0.20601	0.02190	0.03067	0.02637	0.17235	0.02568	0.01774	0.02308	0.01374	0.01670	0.01111	0.00728	0.00712	0.00226	0.01105	0.00623	0.00370	0.01122
22	0.01149	0.00848	0.01074	0.01017	0.01225	0.00773	0.00763	0.01516	0.02289	0.03183	0.57436	0.06450	0.15678	0.01754	0.00980	0.00264	0.00396	0.01537	0.00895	0.00773
23	0.01285	0.01087	0.01141	0.01085	0.01405	0.01065	0.00826	0.02070	0.18077	0.02687	0.13562	0.06523	0.42490	0.01805	0.00946	0.00279	0.00479	0.01514	0.00807	0.00870
24	0.00986	0.00825	0.00859	0.00886	0.01134	0.00698	0.00651	0.01187	0.01851	0.02227	0.07879	0.16703	0.56924	0.02174	0.00993	0.00288	0.00429	0.01838	0.00771	0.00698
25	0.02725	0.02003	0.02185	0.01759	0.02300	0.02193	0.01416	0.50405	0.03439	0.04607	0.02516	0.15768	0.02236	0.01321	0.00877	0.00267	0.00827	0.01074	0.00819	0.01264
26	0.03054	0.02227	0.02382	0.01838	0.02472	0.02460	0.01514	0.58914	0.03766	0.05097	0.02041	0.02066	0.01459	0.00995	0.00815	0.00246	0.00880	0.00750	0.05653	0.01372
27	0.01549	0.00774	0.00774	0.00774	0.00968	0.00774	0.00581	0.01936	0.01742	0.03097	0.02710	0.03097	0.02129	0.00968	0.00581	0.00194	0.00387	0.00774	0.75416	0.00774
28	0.01123	0.00896	0.01012	0.00974	0.01229	0.00811	0.00733	0.01527	0.05489	0.02771	0.32130	0.06971	0.37578	0.01879	0.00974	0.00272	0.00422	0.01603	0.00836	0.00770
29	0.01550	0.01048	0.01335	0.01164	0.01522	0.00941	0.00906	0.01882	0.01943	0.09890	0.23481	0.04552	0.13079	0.02432	0.15106	0.00465	0.00869	0.01129	0.00721	0.15986
30	0.02004	0.02242	0.06134	0.06934	0.09158	0.13011	0.17537	0.05061	0.01872	0.02414	0.01636	0.02218	0.01365	0.01958	0.14521	0.00486	0.09209	0.00790	0.00431	0.01018
31	0.02221	0.01908	0.02593	0.02602	0.15964	0.02029	0.08543	0.19022	0.20579	0.03542	0.02815	0.06140	0.06035	0.01098	0.00871	0.00268	0.00857	0.00974	0.00692	0.01248
32	0.21537	0.01394	0.04986	0.01702	0.10920	0.01279	0.01179	0.01832	0.01715	0.02729	0.04310	0.13840	0.23217	0.01554	0.00842	0.00282	0.00636	0.04545	0.00626	0.00874

[dist]
# distance from previous block
# <min> <max>
1	46

[block]
# block no. 2 follows, 22 sequences, length 41
# corresponding to MSA columns:
# 151-191
name=unknown_C
#
# <colnr> <probs for GDERKNQSTAVLIFYWHMCP>
#	G	D	E	R	K	N	Q	S	T	A	V	L	I	F	Y	W	H	M	C	P
0	0.02776	0.08594	0.06667	0.02368	0.10366	0.30376	0.01769	0.18931	0.02596	0.03027	0.01518	0.01710	0.01196	0.00855	0.00760	0.00224	0.01181	0.00613	0.00525	0.03948
1	0.01981	0.20319	0.05883	0.07062	0.06653	0.02112	0.11667	0.06662	0.07026	0.05077	0.11352	0.02930	0.05793	0.01008	0.00805	0.00244	0.00890	0.00882	0.00571	0.01083
2	0.04875	0.02389	0.18805	0.01816	0.02409	0.07382	0.01750	0.02960	0.13328	0.12862	0.02465	0.07314	0.02037	0.01571	0.06310	0.00365	0.06177	0.03447	0.00619	0.01117
3	0.02397	0.02811	0.06968	0.03897	0.39761	0.24802	0.02253	0.02822	0.02044	0.02471	0.01461	0.01843	0.01214	0.00784	0.00795	0.00236	0.01180	0.00661	0.00413	0.01187
4	0.01784	0.03581	0.46761	0.03149	0.20158	0.01949	0.05752	0.02611	0.01800	0.02654	0.01519	0.01858	0.01132	0.00772	0.00807	0.00260	0.01172	0.00665	0.00370	0.01246
5	0.01045	0.00821	0.01008	0.01063	0.01242	0.00784	0.00780	0.01260	0.01658	0.02125	0.05672	0.24485	0.31399	0.03346	0.18732	0.00578	0.00919	0.01697	0.00684	0.00705
6	0.02097	0.27347	0.03143	0.02034	0.07011	0.09428	0.04566	0.02666	0.10538	0.02292	0.01803	0.07301	0.01662	0.01074	0.01086	0.00253	0.13396	0.00778	0.00475	0.01052
7	0.02761	0.01921	0.01748	0.01488	0.01955	0.18727	0.01165	0.03042	0.02280	0.30065	0.10942	0.03812	0.14004	0.01257	0.00856	0.00250	0.00829	0.01001	0.00808	0.01090
8	0.01862	0.14404	0.02806	0.05572	0.30281	0.06372	0.01796	0.02204	0.01797	0.02348	0.02270	0.20066	0.02359	0.01242	0.00828	0.00257	0.00874	0.01104	0.00497	0.01060
9	0.02475	0.28201	0.07793	0.02363	0.10789	0.26921	0.05579	0.02826	0.01985	0.02173	0.01312	0.01574	0.01111	0.00774	0.00697	0.00213	0.01184	0.00562	0.00394	0.01075
10	0.00989	0.00815	0.00869	0.00911	0.01140	0.00695	0.00662	0.01184	0.01827	0.02217	0.07571	0.21700	0.52125	0.02214	0.00999	0.00293	0.00434	0.01887	0.00771	0.00695
11	0.01728	0.01753	0.01503	0.01435	0.01738	0.18569	0.01041	0.01941	0.01823	0.02228	0.03010	0.36676	0.03366	0.01695	0.00878	0.00257	0.00782	0.01459	0.00618	0.17500
12	0.01440	0.00809	0.00942	0.00942	0.01122	0.00853	0.00718	0.01800	0.01620	0.02747	0.02565	0.03147	0.02114	0.02545	0.20636	0.00536	0.00938	0.00809	0.52952	0.00765
13	0.01666	0.04297	0.66500	0.02368	0.03596	0.01929	0.03069	0.02631	0.01754	0.02631	0.01491	0.01754	0.01052	0.00789	0.00789	0.00263	0.01228	0.00614	0.00351	0.01228
14	0.08509	0.02091	0.02196	0.01716	0.02315	0.02311	0.01411	0.51158	0.03464	0.04871	0.02015	0.02075	0.01458	0.00977	0.00778	0.00243	0.00832	0.00729	0.09552	0.01299
15	0.01067	0.00843	0.00949	0.00924	0.01159	0.00738	0.00685	0.01340	0.02043	0.02642	0.30356	0.07185	0.40152	0.04901	0.01121	0.00296	0.00426	0.01632	0.00816	0.00725
16	0.00982	0.00842	0.00842	0.00842	0.01122	0.00701	0.00631	0.01192	0.01894	0.02244	0.08416	0.07995	0.65285	0.02104	0.00982	0.00281	0.00421	0.01753	0.00771	0.00701
17	0.01208	0.00805	0.00906	0.00906	0.00906	0.00805	0.00503	0.01208	0.01208	0.01611	0.02618	0.05436	0.03020	0.70804	0.04228	0.00805	0.00805	0.01208	0.00503	0.00503
18	0.01012	0.00723	0.00964	0.01157	0.01205	0.00675	0.00771	0.01157	0.01591	0.02121	0.04579	0.70262	0.05495	0.02603	0.01060	0.00337	0.00482	0.02362	0.00771	0.00675
19	0.01208	0.00805	0.00906	0.00906	0.00906	0.00805	0.00503	0.01208	0.01208	0.01611	0.02618	0.05436	0.03020	0.70804	0.04228	0.00805	0.00805	0.01208	0.00503	0.00503
20	0.02490	0.40517	0.09609	0.01752	0.02430	0.21016	0.01644	0.07597	0.02059	0.02306	0.01291	0.01473	0.01094	0.00782	0.00642	0.00202	0.01093	0.00510	0.00414	0.01081
21	0.02326	0.27334	0.15408	0.02158	0.07328	0.21742	0.01910	0.02721	0.01875	0.02168	0.01282	0.01559	0.01086	0.00836	0.00861	0.00226	0.07175	0.00551	0.00381	0.01072
22	0.01208	0.00805	0.00906	0.00906	0.00906	0.00805	0.00503	0.01208	0.01208	0.01611	0.02618	0.05436	0.03020	0.70804	0.04228	0.00805	0.00805	0.01208	0.00503	0.00503
23	0.02850	0.08525	0.02399	0.01892	0.02390	0.35653	0.01488	0.18328	0.07994	0.03036	0.01733	0.01859	0.01356	0.00911	0.00749	0.00225	0.01152	0.00633	0.05724	0.01103
24	0.01571	0.02369	0.24088	0.07497	0.19398	0.01553	0.02116	0.02164	0.01894	0.02647	0.11821	0.03613	0.13528	0.01143	0.00863	0.00263	0.00892	0.00986	0.00523	0.01072
25	0.02127	0.20798	0.09737	0.03667	0.38700	0.06418	0.02241	0.02589	0.01853	0.02461	0.01430	0.01799	0.01208	0.00744	0.00737	0.00228	0.01016	0.00636	0.00391	0.01219
26	0.01855	0.03668	0.49328	0.02204	0.03244	0.02004	0.02622	0.07509	0.13835	0.02988	0.01890	0.02029	0.01363	0.00869	0.00803	0.00266	0.01095	0.00686	0.00481	0.01258
27	0.02056	0.01974	0.03372	0.05099	0.65622	0.01974	0.02550	0.02550	0.01892	0.02714	0.01563	0.02056	0.01316	0.00740	0.00822	0.00247	0.00987	0.00740	0.00411	0.01316
28	0.02358	0.02631	0.02892	0.03140	0.22660	0.25226	0.10444	0.03009	0.10245	0.02539	0.02094	0.02346	0.04878	0.00901	0.00830	0.00246	0.01153	0.00783	0.00495	0.01129
29	0.01008	0.00793	0.00911	0.00986	0.01165	0.00696	0.00700	0.01203	0.01800	0.02268	0.10738	0.33624	0.36601	0.02282	0.01014	0.00303	0.00444	0.01988	0.00781	0.00696
30	0.01043	0.00844	0.00927	0.00906	0.01160	0.00727	0.00680	0.01311	0.02039	0.02588	0.26388	0.07428	0.47098	0.01976	0.00981	0.00274	0.00412	0.01674	0.00817	0.00727
31	0.02918	0.12471	0.02681	0.02252	0.06854	0.54717	0.01647	0.03158	0.02237	0.02070	0.01287	0.01515	0.01087	0.00829	0.00726	0.00212	0.01385	0.00538	0.00418	0.01001
32	0.05070	0.03032	0.21573	0.01971	0.02549	0.21719	0.01901	0.02618	0.01946	0.05473	0.09061	0.05240	0.02097	0.01103	0.01083	0.00265	0.10987	0.00791	0.00499	0.01021
33	0.03103	0.03959	0.02354	0.02140	0.02568	0.67469	0.01605	0.03317	0.02354	0.02033	0.01284	0.01498	0.01070	0.00856	0.00749	0.00214	0.01498	0.00535	0.00428	0.00963
34	0.01723	0.01477	0.01723	0.01230	0.01969	0.01107	0.00984	0.02092	0.01723	0.02707	0.01477	0.01723	0.01230	0.00615	0.00615	0.00123	0.00615	0.00492	0.00492	0.75883
35	0.01208	0.00805	0.00906	0.00906	0.00906	0.00805	0.00503	0.01208	0.01208	0.01611	0.02618	0.05436	0.03020	0.70804	0.04228	0.00805	0.00805	0.01208	0.00503	0.00503
36	0.01391	0.01284	0.01992	0.48210	0.04328	0.01499	0.01799	0.01841	0.01732	0.02159	0.03579	0.03967	0.20557	0.01216	0.00876	0.00278	0.00899	0.01046	0.00491	0.00856
37	0.02975	0.03522	0.02500	0.02493	0.10638	0.51795	0.01723	0.09910	0.02469	0.02480	0.01400	0.01625	0.01140	0.00857	0.00768	0.00222	0.01367	0.00585	0.00471	0.01059
38	0.01178	0.00861	0.01225	0.01240	0.01352	0.00966	0.00916	0.01406	0.01330	0.01882	0.02478	0.08727	0.02515	0.18298	0.50411	0.01159	0.01823	0.01062	0.00481	0.00691
39	0.02234	0.41167	0.20548	0.01805	0.02602	0.14632	0.01894	0.02677	0.01827	0.02149	0.01268	0.01475	0.01063	0.00758	0.00641	0.00207	0.01090	0.00506	0.00367	0.01090
40	0.02496	0.07252	0.33386	0.02067	0.02944	0.17905	0.02220	0.03099	0.02033	0.16232	0.01809	0.01901	0.01275	0.00853	0.00775	0.00245	0.01162	0.00633	0.00517	0.01194

[dist]
# distance from previous block
# <min> <max>
2	12

[block]
# block no. 3 follows, 22 sequences, length 32
# corresponding to MSA columns:
# 205-236
name=unknown_D
#
# <colnr> <probs for GDERKNQSTAVLIFYWHMCP>
#	G	D	E	R	K	N	Q	S	T	A	V	L	I	F	Y	W	H	M	C	P
0	0.38170	0.09759	0.02793	0.01923	0.02549	0.02038	0.21753	0.02489	0.01651	0.03124	0.01432	0.01759	0.01118	0.00753	0.00678	0.00252	0.00910	0.00649	0.05216	0.00985
1	0.02231	0.02471	0.03732	0.03916	0.30366	0.15175	0.24500	0.02745	0.02010	0.02558	0.01550	0.02012	0.01246	0.00749	0.00866	0.00252	0.01242	0.00788	0.00418	0.01173
2	0.01310	0.00967	0.01337	0.04503	0.01838	0.00969	0.01306	0.01682	0.01899	0.02443	0.04701	0.08898	0.11170	0.02208	0.01115	0.00367	0.00743	0.51030	0.00748	0.00765
3	0.01095	0.00932	0.00954	0.00933	0.01227	0.00836	0.00704	0.01518	0.07851	0.02416	0.10775	0.07439	0.56428	0.01990	0.00969	0.00280	0.00442	0.01663	0.00786	0.00764
4	0.01769	0.01674	0.02803	0.40289	0.29272	0.01861	0.02339	0.02290	0.01755	0.02385	0.01511	0.02128	0.01196	0.00784	0.00817	0.00257	0.01036	0.00727	0.00392	0.04714
5	0.03103	0.03959	0.02354	0.02140	0.02568	0.67469	0.01605	0.03317	0.02354	0.02033	0.01284	0.01498	0.01070	0.00856	0.00749	0.00214	0.01498	0.00535	0.00428	0.00963
6	0.02273	0.13145	0.23289	0.01725	0.02500	0.01795	0.01810	0.02973	0.07187	0.19470	0.07347	0.02519	0.02057	0.01178	0.03733	0.00291	0.00938	0.00754	0.00629	0.04387
7	0.02727	0.27970	0.03079	0.01885	0.02394	0.41423	0.01549	0.02958	0.02065	0.02003	0.01229	0.01454	0.01070	0.00832	0.00765	0.00208	0.04482	0.00512	0.00399	0.00997
8	0.01208	0.00805	0.00906	0.00906	0.00906	0.00805	0.00503	0.01208	0.01208	0.01611	0.02618	0.05436	0.03020	0.70804	0.04228	0.00805	0.00805	0.01208	0.00503	0.00503
9	0.02221	0.71304	0.04353	0.01421	0.02132	0.03287	0.01421	0.02488	0.01688	0.01955	0.01155	0.01333	0.01066	0.00711	0.00533	0.00178	0.00888	0.00444	0.00355	0.01066
10	0.01195	0.00800	0.00910	0.00923	0.00926	0.00797	0.00521	0.01205	0.01233	0.01644	0.02746	0.09692	0.03183	0.66327	0.04020	0.00775	0.00784	0.01284	0.00521	0.00515
11	0.03158	0.02327	0.02493	0.01911	0.02576	0.02576	0.01579	0.62852	0.03906	0.05236	0.01995	0.01995	0.01413	0.00997	0.00831	0.00249	0.00914	0.00748	0.00831	0.01413
12	0.03103	0.03959	0.02354	0.02140	0.02568	0.67469	0.01605	0.03317	0.02354	0.02033	0.01284	0.01498	0.01070	0.00856	0.00749	0.00214	0.01498	0.00535	0.00428	0.00963
13	0.01090	0.00768	0.01003	0.01161	0.01220	0.00735	0.00798	0.01240	0.01565	0.02078	0.04207	0.50762	0.04962	0.14665	0.01634	0.00426	0.00577	0.09730	0.00723	0.00656
14	0.01187	0.00890	0.01335	0.01335	0.01483	0.01038	0.01038	0.01483	0.01335	0.01928	0.02225	0.03264	0.02077	0.06231	0.67512	0.01335	0.02225	0.00890	0.00445	0.00742
15	0.02056	0.01974	0.03372	0.05099	0.65622	0.01974	0.02550	0.02550	0.01892	0.02714	0.01563	0.02056	0.01316	0.00740	0.00822	0.00247	0.00987	0.00740	0.00411	0.01316
16	0.07027	0.59329	0.07955	0.01456	0.02162	0.03007	0.01475	0.02449	0.01658	0.02113	0.01224	0.01447	0.01100	0.00967	0.03544	0.00240	0.00954	0.00475	0.00370	0.01051
17	0.01054	0.00844	0.00942	0.00918	0.01167	0.00732	0.00688	0.01333	0.02065	0.02650	0.29623	0.07326	0.43824	0.01952	0.00981	0.00273	0.00410	0.01660	0.00825	0.00732
18	0.76672	0.01607	0.01221	0.01092	0.01607	0.01864	0.00900	0.02442	0.01414	0.03727	0.01157	0.01350	0.00900	0.00771	0.00514	0.00257	0.00643	0.00450	0.00514	0.00900
19	0.01037	0.00844	0.00918	0.00899	0.01156	0.00725	0.00675	0.01299	0.02024	0.02553	0.24543	0.07487	0.48965	0.01989	0.00981	0.00275	0.00413	0.01682	0.00812	0.00725
20	0.02056	0.01974	0.03372	0.05099	0.65622	0.01974	0.02550	0.02550	0.01892	0.02714	0.01563	0.02056	0.01316	0.00740	0.00822	0.00247	0.00987	0.00740	0.00411	0.01316
21	0.00982	0.00842	0.00842	0.00842	0.01122	0.00701	0.00631	0.01192	0.01894	0.02244	0.08416	0.07995	0.65285	0.02104	0.00982	0.00281	0.00421	0.01753	0.00771	0.00701
22	0.03691	0.01472	0.01964	0.01506	0.02150	0.01308	0.01244	0.07813	0.02476	0.62295	0.03195	0.02774	0.02015	0.01026	0.00835	0.00257	0.00720	0.00830	0.01016	0.01414
23	0.00996	0.00835	0.00866	0.00873	0.01135	0.00705	0.00649	0.01215	0.01906	0.02308	0.11922	0.11457	0.58076	0.02106	0.00986	0.00283	0.00422	0.01772	0.00781	0.00705
24	0.01208	0.00805	0.00906	0.00906	0.00906	0.00805	0.00503	0.01208	0.01208	0.01611	0.02618	0.05436	0.03020	0.70804	0.04228	0.00805	0.00805	0.01208	0.00503	0.00503
25	0.01723	0.01477	0.01723	0.01230	0.01969	0.01107	0.00984	0.02092	0.01723	0.02707	0.01477	0.01723	0.01230	0.00615	0.00615	0.00123	0.00615	0.00492	0.00492	0.75883
26	0.01599	0.01161	0.01382	0.01363	0.01580	0.01194	0.00992	0.18018	0.02223	0.02972	0.03872	0.51605	0.04379	0.02164	0.00998	0.00313	0.00600	0.01921	0.00788	0.00876
27	0.02602	0.02014	0.02078	0.01711	0.02196	0.06201	0.01351	0.42838	0.03174	0.04180	0.02504	0.15784	0.02307	0.05777	0.01089	0.00300	0.00858	0.01085	0.00773	0.01179
28	0.01078	0.00751	0.00945	0.01073	0.01105	0.00718	0.00682	0.01174	0.01463	0.01950	0.03923	0.48576	0.04667	0.25418	0.02120	0.00494	0.00590	0.01976	0.00682	0.00617
29	0.01855	0.02915	0.25572	0.03059	0.03992	0.02063	0.39763	0.02621	0.01860	0.02621	0.01590	0.02057	0.01183	0.00765	0.00995	0.00278	0.04425	0.00845	0.00394	0.01147
30	0.02023	0.02643	0.18402	0.04276	0.47172	0.05729	0.02619	0.02613	0.01885	0.02655	0.01529	0.01952	0.01239	0.00759	0.00810	0.00249	0.01074	0.00698	0.00398	0.01275
31	0.02063	0.26257	0.26351	0.02384	0.12757	0.05028	0.02182	0.06391	0.01914	0.02575	0.01459	0.01716	0.01164	0.00778	0.00701	0.00226	0.01034	0.00588	0.03261	0.01171

[dist]
# distance from previous block
# <min> <max>
0	1

[block]
# block no. 4 follows, 22 sequences, length 29
# corresponding to MSA columns:
# 238-266
name=unknown_E
#
# <colnr> <probs for GDERKNQSTAVLIFYWHMCP>
#	G	D	E	R	K	N	Q	S	T	A	V	L	I	F	Y	W	H	M	C	P
0	0.02708	0.03936	0.17592	0.02349	0.06103	0.48535	0.02001	0.03115	0.02188	0.02210	0.01348	0.01588	0.01079	0.00834	0.00762	0.00227	0.01407	0.00564	0.00409	0.01044
1	0.02196	0.02121	0.02808	0.10166	0.35587	0.09021	0.02104	0.07017	0.14943	0.02909	0.01930	0.02224	0.01528	0.00859	0.00821	0.00254	0.00980	0.00760	0.00527	0.01246
2	0.01952	0.36449	0.32662	0.01984	0.02938	0.02594	0.06043	0.02564	0.01735	0.02307	0.01341	0.01582	0.01072	0.00746	0.00678	0.00223	0.01075	0.00555	0.00357	0.01143
3	0.00995	0.00845	0.00873	0.00873	0.01145	0.00722	0.00657	0.01211	0.01858	0.02224	0.08027	0.07698	0.61316	0.02363	0.05160	0.00347	0.00534	0.01699	0.00751	0.00704
4	0.01068	0.00786	0.01005	0.01108	0.01236	0.00723	0.00791	0.01297	0.01838	0.02450	0.19449	0.41621	0.15069	0.02293	0.01035	0.00314	0.00470	0.05932	0.00805	0.00711
5	0.02346	0.02549	0.02492	0.02455	0.10779	0.28282	0.08024	0.07846	0.02172	0.02499	0.01915	0.02833	0.01718	0.01872	0.11758	0.00430	0.01410	0.07116	0.00499	0.01007
6	0.01208	0.00805	0.00906	0.00906	0.00906	0.00805	0.00503	0.01208	0.01208	0.01611	0.02618	0.05436	0.03020	0.70804	0.04228	0.00805	0.00805	0.01208	0.00503	0.00503
7	0.01304	0.00797	0.00869	0.00869	0.00923	0.00797	0.00525	0.01412	0.01358	0.02027	0.02643	0.04781	0.02771	0.51234	0.03206	0.00634	0.00688	0.01087	0.21496	0.00579
8	0.02900	0.02199	0.02348	0.01859	0.02478	0.02456	0.01516	0.49019	0.18160	0.04819	0.02323	0.02256	0.01679	0.01028	0.00834	0.00257	0.00853	0.00793	0.00834	0.01390
9	0.01913	0.34150	0.38813	0.01946	0.02944	0.02534	0.02335	0.02567	0.01725	0.02330	0.01341	0.01566	0.01058	0.00754	0.00675	0.00225	0.01077	0.00538	0.00353	0.01156
10	0.01187	0.00890	0.01335	0.01335	0.01483	0.01038	0.01038	0.01483	0.01335	0.01928	0.02225	0.03264	0.02077	0.06231	0.67512	0.01335	0.02225	0.00890	0.00445	0.00742
11	0.01208	0.00805	0.00906	0.00906	0.00906	0.00805	0.00503	0.01208	0.01208	0.01611	0.02618	0.05436	0.03020	0.70804	0.04228	0.00805	0.00805	0.01208	0.00503	0.00503
12	0.00982	0.00842	0.00842	0.00842	0.01122	0.00701	0.00631	0.01192	0.01894	0.02244	0.08416	0.07995	0.65285	0.02104	0.00982	0.00281	0.00421	0.01753	0.00771	0.00701
13	0.01666	0.04297	0.66500	0.02368	0.03596	0.01929	0.03069	0.02631	0.01754	0.02631	0.01491	0.01754	0.01052	0.00789	0.00789	0.00263	0.01228	0.00614	0.00351	0.01228
14	0.02000	0.00907	0.01013	0.00920	0.01207	0.00867	0.00713	0.02373	0.01874	0.16168	0.02828	0.03041	0.02114	0.00980	0.00633	0.00207	0.00453	0.00787	0.60008	0.00907
15	0.01012	0.00723	0.00964	0.01157	0.01205	0.00675	0.00771	0.01157	0.01591	0.02121	0.04579	0.70262	0.05495	0.02603	0.01060	0.00337	0.00482	0.02362	0.00771	0.00675
16	0.01187	0.00890	0.01335	0.01335	0.01483	0.01038	0.01038	0.01483	0.01335	0.01928	0.02225	0.03264	0.02077	0.06231	0.67512	0.01335	0.02225	0.00890	0.00445	0.00742
17	0.01001	0.00842	0.00868	0.00861	0.01134	0.00709	0.00646	0.01229	0.01938	0.02350	0.13951	0.07820	0.59684	0.02064	0.00982	0.00279	0.00418	0.01729	0.00785	0.00709
18	0.02763	0.04039	0.17539	0.02194	0.02811	0.51954	0.01952	0.03155	0.02212	0.02175	0.01333	0.01559	0.01066	0.00840	0.00759	0.00226	0.01434	0.00554	0.00410	0.01026
19	0.01187	0.00890	0.01335	0.01335	0.01483	0.01038	0.01038	0.01483	0.01335	0.01928	0.02225	0.03264	0.02077	0.06231	0.67512	0.01335	0.02225	0.00890	0.00445	0.00742
20	0.01990	0.04071	0.48982	0.02504	0.07540	0.15508	0.02731	0.02768	0.01887	0.02513	0.01453	0.01721	0.01074	0.00800	0.00783	0.00252	0.01268	0.00606	0.00371	0.01179
21	0.02402	0.01813	0.02043	0.05899	0.02385	0.01998	0.01394	0.37253	0.09693	0.04069	0.02760	0.19245	0.02538	0.01403	0.00890	0.00277	0.00790	0.01173	0.00789	0.01186
22	0.02336	0.18027	0.09967	0.02076	0.04976	0.17816	0.04834	0.03123	0.14794	0.04883	0.01801	0.01962	0.01430	0.00924	0.00932	0.00246	0.07578	0.00668	0.00505	0.01122
23	0.02038	0.12567	0.02133	0.01540	0.01849	0.19571	0.01192	0.02318	0.04443	0.02106	0.04217	0.02867	0.01957	0.19136	0.01874	0.00379	0.09786	0.00782	0.03369	0.05874
24	0.01771	0.01744	0.08521	0.01486	0.01896	0.04261	0.01252	0.15494	0.08877	0.02996	0.03899	0.22955	0.13254	0.06306	0.01143	0.00321	0.00733	0.01406	0.00714	0.00973
25	0.02372	0.18960	0.17306	0.02137	0.07971	0.09333	0.04504	0.02949	0.05169	0.14094	0.01876	0.02035	0.01415	0.01173	0.04937	0.00304	0.01101	0.00667	0.00525	0.01171
26	0.05898	0.02622	0.16065	0.03475	0.25007	0.06192	0.16906	0.06041	0.01975	0.02807	0.01543	0.01956	0.01209	0.00793	0.00913	0.00261	0.03965	0.00745	0.00430	0.01196
27	0.12936	0.02262	0.15255	0.04343	0.02496	0.07892	0.05432	0.02507	0.08620	0.02699	0.02046	0.09415	0.01814	0.01530	0.07274	0.00356	0.01047	0.00846	0.00515	0.10715
28	0.04779	0.16714	0.07600	0.01511	0.02026	0.14219	0.01347	0.05031	0.01980	0.02422	0.03339	0.06685	0.15621	0.01308	0.00800	0.00246	0.00875	0.07299	0.00558	0.05640

[dist]
# distance from previous block
# <min> <max>
11	26

[block]
# block no. 5 follows, 22 sequences, length 9
# corresponding to MSA columns:
# 293-301
name=unknown_F
#
# <colnr> <probs for GDERKNQSTAVLIFYWHMCP>
#	G	D	E	R	K	N	Q	S	T	A	V	L	I	F	Y	W	H	M	C	P
0	0.02093	0.02280	0.02332	0.12453	0.21491	0.22890	0.01754	0.02423	0.01956	0.02250	0.02604	0.03079	0.11259	0.06369	0.01085	0.00289	0.01068	0.00866	0.00473	0.00987
1	0.02515	0.10339	0.02480	0.02113	0.08436	0.23572	0.01535	0.12474	0.17225	0.02946	0.02405	0.02446	0.05968	0.01002	0.00784	0.00239	0.01014	0.00759	0.00604	0.01144
2	0.01915	0.01964	0.02723	0.07762	0.25892	0.10690	0.09667	0.02444	0.05440	0.02474	0.02634	0.05440	0.09305	0.01455	0.06220	0.00346	0.01112	0.00950	0.00496	0.01070
3	0.01191	0.00879	0.01089	0.01113	0.01151	0.00930	0.00736	0.01277	0.01373	0.01849	0.03376	0.24302	0.07150	0.37194	0.06068	0.00622	0.06980	0.01521	0.00583	0.00614
4	0.01904	0.17064	0.30671	0.16686	0.03598	0.08570	0.02368	0.02527	0.01756	0.02295	0.01381	0.01748	0.01071	0.00821	0.00835	0.00249	0.04403	0.00605	0.00364	0.01088
5	0.01816	0.20054	0.47867	0.02215	0.03296	0.02262	0.06447	0.02599	0.01751	0.02472	0.01423	0.01685	0.01069	0.00765	0.00741	0.00244	0.01158	0.00597	0.00356	0.01183
6	0.01205	0.00818	0.00969	0.00969	0.00990	0.00839	0.00581	0.01248	0.01227	0.01657	0.02560	0.05119	0.02883	0.61384	0.13461	0.00883	0.01013	0.01162	0.00495	0.00538
7	0.01460	0.08605	0.18895	0.01518	0.02003	0.01444	0.01521	0.01920	0.01520	0.02235	0.02014	0.02820	0.01784	0.08557	0.30323	0.00759	0.01500	0.00784	0.09450	0.00888
8	0.01858	0.27430	0.45045	0.02041	0.03090	0.02398	0.02500	0.02581	0.01731	0.02397	0.01375	0.01608	0.01057	0.00762	0.00701	0.00234	0.01111	0.00555	0.00352	0.01172

[dist]
# distance from previous block
# <min> <max>
0	5

[block]
# block no. 6 follows, 22 sequences, length 27
# corresponding to MSA columns:
# 307-333
name=unknown_G
#
# <colnr> <probs for GDERKNQSTAVLIFYWHMCP>
#	G	D	E	R	K	N	Q	S	T	A	V	L	I	F	Y	W	H	M	C	P
0	0.06623	0.61729	0.04007	0.01461	0.02137	0.08466	0.01406	0.02553	0.01727	0.02064	0.01166	0.01347	0.01057	0.00726	0.00550	0.00185	0.00924	0.00452	0.00371	0.01048
1	0.02586	0.45088	0.06149	0.01607	0.02282	0.13133	0.01499	0.05876	0.02000	0.10705	0.01514	0.01608	0.01215	0.00794	0.00633	0.00201	0.00976	0.00533	0.00480	0.01120
2	0.01713	0.04003	0.58219	0.02649	0.08719	0.01942	0.06028	0.02626	0.01776	0.02639	0.01506	0.01803	0.01084	0.00781	0.00802	0.00263	0.01217	0.00643	0.00359	0.01230
3	0.01569	0.01477	0.02492	0.68808	0.05722	0.01846	0.02307	0.02123	0.01661	0.02123	0.01477	0.02215	0.01107	0.00831	0.00831	0.00277	0.01107	0.00738	0.00369	0.00923
4	0.01030	0.00731	0.00959	0.01133	0.01177	0.00687	0.00746	0.01162	0.01555	0.02073	0.04396	0.64226	0.05264	0.08953	0.01355	0.00381	0.00512	0.02254	0.00746	0.00659
5	0.01089	0.00846	0.00990	0.00954	0.01188	0.00747	0.00715	0.01399	0.02146	0.02844	0.39713	0.07008	0.33614	0.01880	0.00981	0.00270	0.00405	0.01615	0.00850	0.00747
6	0.01666	0.04297	0.66500	0.02368	0.03596	0.01929	0.03069	0.02631	0.01754	0.02631	0.01491	0.01754	0.01052	0.00789	0.00789	0.00263	0.01228	0.00614	0.00351	0.01228
7	0.03727	0.01414	0.01928	0.01478	0.02121	0.01221	0.01221	0.04049	0.02378	0.66198	0.03277	0.02828	0.02056	0.01028	0.00835	0.00257	0.00707	0.00835	0.01028	0.01414
8	0.01012	0.00723	0.00964	0.01157	0.01205	0.00675	0.00771	0.01157	0.01591	0.02121	0.04579	0.70262	0.05495	0.02603	0.01060	0.00337	0.00482	0.02362	0.00771	0.00675
9	0.01818	0.01818	0.02545	0.02181	0.02181	0.02545	0.01818	0.01999	0.01272	0.01999	0.01091	0.01818	0.01091	0.01454	0.02726	0.00364	0.69284	0.00727	0.00364	0.00909
10	0.01549	0.00774	0.00774	0.00774	0.00968	0.00774	0.00581	0.01936	0.01742	0.03097	0.02710	0.03097	0.02129	0.00968	0.00581	0.00194	0.00387	0.00774	0.75416	0.00774
11	0.01931	0.02007	0.02528	0.02177	0.02215	0.08300	0.01799	0.02116	0.01368	0.02002	0.01108	0.01789	0.01089	0.01401	0.02551	0.00350	0.63275	0.00710	0.00369	0.00914
12	0.01339	0.00956	0.01339	0.01530	0.01721	0.00956	0.01339	0.01721	0.01912	0.02486	0.04399	0.09371	0.04781	0.02295	0.01147	0.00382	0.00765	0.60031	0.00765	0.00765
13	0.01443	0.00722	0.01082	0.01082	0.01082	0.00722	0.00722	0.01082	0.01082	0.01443	0.01443	0.02525	0.01443	0.02886	0.03247	0.75830	0.00722	0.00722	0.00361	0.00361
14	0.02056	0.01974	0.03372	0.05099	0.65622	0.01974	0.02550	0.02550	0.01892	0.02714	0.01563	0.02056	0.01316	0.00740	0.00822	0.00247	0.00987	0.00740	0.00411	0.01316
15	0.67449	0.01902	0.01363	0.01224	0.01727	0.10088	0.00988	0.02552	0.01532	0.03515	0.01173	0.01368	0.00921	0.00782	0.00544	0.00252	0.00750	0.00461	0.00503	0.00908
16	0.01012	0.00723	0.00964	0.01157	0.01205	0.00675	0.00771	0.01157	0.01591	0.02121	0.04579	0.70262	0.05495	0.02603	0.01060	0.00337	0.00482	0.02362	0.00771	0.00675
17	0.01935	0.02468	0.12448	0.03543	0.11289	0.02065	0.48241	0.02644	0.01927	0.02663	0.01643	0.02159	0.01241	0.00716	0.00938	0.00274	0.01331	0.00907	0.00410	0.01156
18	0.01050	0.00820	0.00964	0.01060	0.01247	0.00734	0.00793	0.01266	0.01794	0.02241	0.06461	0.29392	0.35165	0.02304	0.01035	0.00316	0.00497	0.11388	0.00770	0.00703
19	0.02057	0.01958	0.03250	0.04820	0.60419	0.01981	0.02448	0.02702	0.06994	0.02776	0.01712	0.02142	0.01416	0.00772	0.00824	0.00250	0.00960	0.00757	0.00447	0.01316
20	0.02012	0.02014	0.03022	0.23312	0.42368	0.08035	0.02391	0.02497	0.01868	0.02479	0.01512	0.02050	0.01233	0.00777	0.00818	0.00252	0.01069	0.00721	0.00401	0.01169
21	0.09136	0.26757	0.23218	0.02157	0.10502	0.02318	0.02009	0.02721	0.01790	0.10029	0.01563	0.01734	0.01195	0.00782	0.00684	0.00230	0.00963	0.00582	0.00455	0.01174
22	0.02613	0.03116	0.02534	0.08007	0.11146	0.41987	0.01826	0.02886	0.02046	0.02125	0.01303	0.01687	0.01109	0.00943	0.01112	0.00250	0.13290	0.00613	0.00410	0.00997
23	0.01231	0.00883	0.01031	0.01080	0.01288	0.00810	0.00776	0.01558	0.05869	0.06086	0.06011	0.36041	0.29854	0.02205	0.01000	0.00305	0.00482	0.01925	0.00791	0.00772
24	0.01179	0.01132	0.00982	0.00962	0.01257	0.06918	0.00722	0.01390	0.01936	0.02225	0.07752	0.07390	0.59306	0.01988	0.00960	0.00274	0.00521	0.01640	0.00739	0.00726
25	0.01213	0.01056	0.01071	0.01076	0.01356	0.03698	0.00841	0.01602	0.06029	0.02418	0.10431	0.07514	0.45284	0.01994	0.00990	0.00293	0.00536	0.11061	0.00769	0.00768
26	0.01821	0.01832	0.03078	0.06199	0.03051	0.01894	0.22178	0.02260	0.01672	0.02457	0.01436	0.01954	0.01194	0.00894	0.01350	0.00253	0.20364	0.00738	0.00424	0.24950

[dist]
# distance from previous block
# <min> <max>
0	1

[block]
# block no. 7 follows, 22 sequences, length 8
# corresponding to MSA columns:
# 335-342
name=unknown_H
#
# <colnr> <probs for GDERKNQSTAVLIFYWHMCP>
#	G	D	E	R	K	N	Q	S	T	A	V	L	I	F	Y	W	H	M	C	P
0	0.13066	0.11239	0.02307	0.13420	0.07128	0.11974	0.01510	0.02267	0.01742	0.02440	0.07515	0.05964	0.02044	0.04761	0.01160	0.00289	0.08967	0.00806	0.00480	0.00923
1	0.17053	0.01530	0.07790	0.04216	0.01968	0.01323	0.01211	0.02486	0.06840	0.15270	0.11741	0.14900	0.07617	0.01393	0.00836	0.00277	0.00655	0.01161	0.00736	0.00997
2	0.02378	0.20590	0.13885	0.02171	0.10937	0.14489	0.01789	0.02789	0.01975	0.11792	0.02290	0.02382	0.07266	0.00934	0.00744	0.00230	0.01005	0.00712	0.00515	0.01126
3	0.01787	0.01733	0.01744	0.01710	0.05275	0.12660	0.01228	0.02205	0.07823	0.02249	0.02842	0.06484	0.07957	0.15811	0.01840	0.00386	0.11058	0.06768	0.00557	0.07883
4	0.08103	0.02866	0.17619	0.02129	0.08716	0.19168	0.01808	0.04900	0.02017	0.02731	0.05848	0.01994	0.01592	0.00836	0.00739	0.00218	0.01033	0.00634	0.00477	0.16572
5	0.13084	0.02200	0.07846	0.01992	0.08304	0.17338	0.01530	0.02441	0.05302	0.02596	0.02585	0.13926	0.02605	0.01410	0.00861	0.00286	0.00939	0.13231	0.00578	0.00947
6	0.07445	0.02440	0.02897	0.02550	0.09475	0.19671	0.17786	0.10990	0.02350	0.03026	0.11034	0.02516	0.02192	0.00942	0.00848	0.00250	0.01113	0.00843	0.00558	0.01074
7	0.02143	0.09519	0.13228	0.01902	0.02502	0.20403	0.06279	0.05161	0.10503	0.02638	0.08395	0.02949	0.08747	0.01072	0.00815	0.00246	0.01031	0.00856	0.00561	0.01050

[dist]
# distance from previous block
# <min> <max>
34	97

[block]
# block no. 8 follows, 22 sequences, length 36
# corresponding to MSA columns:
# 467-502
name=unknown_I
#
# <colnr> <probs for GDERKNQSTAVLIFYWHMCP>
#	G	D	E	R	K	N	Q	S	T	A	V	L	I	F	Y	W	H	M	C	P
0	0.02261	0.06821	0.21365	0.02928	0.20111	0.24253	0.02241	0.02774	0.01999	0.02399	0.01718	0.01994	0.03863	0.00850	0.00780	0.00238	0.01202	0.00662	0.00412	0.01131
1	0.22542	0.02978	0.15225	0.02269	0.11442	0.24259	0.01806	0.02774	0.01886	0.02755	0.01389	0.01654	0.01098	0.00807	0.00697	0.00240	0.01093	0.00567	0.03475	0.01043
2	0.02520	0.05703	0.02682	0.02350	0.09075	0.24099	0.11556	0.02887	0.02169	0.12795	0.07294	0.02988	0.04890	0.01042	0.00849	0.00250	0.01094	0.04098	0.00592	0.01067
