[name]
unknown

[dist]
# distance from previous block
# <min> <max>
1	45

[block]
# block no. 0 follows, 20 sequences, length 18
# corresponding to MSA columns:
# 45-62
name=unknown_A
#
# <colnr> <probs for GDERKNQSTAVLIFYWHMCP>
#	G	D	E	R	K	N	Q	S	T	A	V	L	I	F	Y	W	H	M	C	P
0	0.03209	0.02390	0.02558	0.01985	0.02664	0.02655	0.01632	0.55734	0.09536	0.05325	0.02230	0.02203	0.01594	0.01060	0.00874	0.00265	0.00935	0.00804	0.00874	0.01474
1	0.01433	0.01023	0.01230	0.01173	0.01307	0.01080	0.00806	0.06925	0.01631	0.02198	0.03079	0.04943	0.07784	0.39388	0.21396	0.00904	0.01249	0.01176	0.00567	0.00707
2	0.01406	0.01894	0.19219	0.01390	0.01759	0.01183	0.01299	0.01696	0.01432	0.01998	0.02410	0.04602	0.02580	0.49749	0.03407	0.00683	0.00972	0.01090	0.00483	0.00746
3	0.02278	0.63769	0.10195	0.01585	0.02382	0.03318	0.01654	0.02626	0.01779	0.02119	0.01246	0.01441	0.01118	0.00754	0.00585	0.00195	0.00966	0.00483	0.00373	0.01135
4	0.07651	0.64914	0.04332	0.01467	0.02199	0.03343	0.01453	0.02608	0.01751	0.02188	0.01213	0.01401	0.01107	0.00751	0.00558	0.00193	0.00914	0.00467	0.00385	0.01107
5	0.21742	0.04539	0.03813	0.01341	0.01745	0.01714	0.01057	0.11707	0.06324	0.06325	0.02219	0.03340	0.02055	0.26224	0.02089	0.00480	0.00821	0.00881	0.00629	0.00956
6	0.01371	0.01237	0.02116	0.01822	0.02169	0.01147	0.16321	0.01741	0.01945	0.02556	0.09825	0.26811	0.16354	0.01990	0.01079	0.00326	0.00771	0.08836	0.00727	0.00856
7	0.02730	0.01986	0.02141	0.01705	0.02204	0.02173	0.01335	0.43913	0.03291	0.04409	0.02281	0.03128	0.01966	0.20580	0.01893	0.00429	0.00927	0.00924	0.00774	0.01210
8	0.02095	0.10493	0.02038	0.01607	0.01978	0.19806	0.01309	0.02412	0.02220	0.05305	0.14898	0.05341	0.09444	0.01571	0.00940	0.00284	0.00927	0.15711	0.00691	0.00930
9	0.01870	0.03757	0.46849	0.02283	0.03344	0.02067	0.02696	0.03298	0.19141	0.03016	0.02133	0.02246	0.01550	0.00930	0.00846	0.00282	0.01118	0.00742	0.00517	0.01315
10	0.02882	0.02295	0.02362	0.01919	0.02510	0.06340	0.01550	0.39830	0.16840	0.04585	0.02395	0.02434	0.01784	0.01529	0.06313	0.00363	0.01052	0.00829	0.00816	0.01372
11	0.22934	0.01752	0.02453	0.10977	0.31370	0.01857	0.01900	0.02413	0.01814	0.03018	0.02407	0.02745	0.08993	0.00977	0.00793	0.00270	0.00874	0.00823	0.00505	0.01127
12	0.01802	0.01694	0.02822	0.33919	0.29680	0.01863	0.02339	0.02326	0.01896	0.02559	0.05084	0.02846	0.05554	0.00962	0.00886	0.00277	0.01027	0.00883	0.00461	0.01120
13	0.02251	0.29208	0.30395	0.02065	0.02992	0.14440	0.02281	0.02840	0.01933	0.02377	0.01391	0.01624	0.01114	0.00811	0.00719	0.00233	0.01207	0.00562	0.00385	0.01173
14	0.02009	0.14498	0.03326	0.17336	0.30680	0.02296	0.02230	0.02458	0.01855	0.02527	0.04673	0.02252	0.01615	0.00918	0.01017	0.00265	0.07679	0.00759	0.00434	0.01173
15	0.01935	0.33062	0.15459	0.01888	0.06095	0.02396	0.04305	0.02325	0.01689	0.02185	0.01707	0.02627	0.01643	0.17513	0.01599	0.00374	0.01012	0.00741	0.00417	0.01027
16	0.02090	0.22260	0.21096	0.02802	0.18562	0.02410	0.02267	0.06815	0.01982	0.02709	0.01594	0.01964	0.01310	0.01348	0.06917	0.00351	0.01196	0.00665	0.00432	0.01230
17	0.01775	0.09822	0.56955	0.02341	0.03537	0.02092	0.02971	0.02700	0.01864	0.02736	0.04283	0.02012	0.01423	0.00864	0.00815	0.00269	0.01220	0.00671	0.00395	0.01254

[dist]
# distance from previous block
# <min> <max>
3	67

[block]
# block no. 1 follows, 20 sequences, length 13
# corresponding to MSA columns:
# 132-144
name=unknown_B
#
# <colnr> <probs for GDERKNQSTAVLIFYWHMCP>
#	G	D	E	R	K	N	Q	S	T	A	V	L	I	F	Y	W	H	M	C	P
0	0.02087	0.01929	0.02289	0.02783	0.22239	0.08847	0.01659	0.03024	0.18524	0.05186	0.06675	0.03777	0.11917	0.03974	0.01042	0.00296	0.00856	0.01043	0.00674	0.01178
1	0.02311	0.02802	0.15710	0.09540	0.27236	0.09407	0.02438	0.10855	0.05731	0.03101	0.01755	0.02096	0.01362	0.00871	0.00851	0.00264	0.01131	0.00738	0.00503	0.01296
2	0.02621	0.03261	0.12078	0.02998	0.18965	0.28253	0.02104	0.09388	0.02353	0.02763	0.01629	0.02086	0.01358	0.05173	0.01052	0.00285	0.01274	0.00700	0.00484	0.01173
3	0.02395	0.06757	0.27850	0.02280	0.03130	0.19027	0.05942	0.11650	0.02404	0.03030	0.05978	0.02152	0.01687	0.00938	0.00838	0.00257	0.01247	0.00726	0.00513	0.01197
4	0.09004	0.08356	0.31367	0.02307	0.03202	0.15043	0.08849	0.02809	0.01928	0.02650	0.01533	0.01871	0.01186	0.01178	0.04819	0.00330	0.01349	0.00660	0.00415	0.01144
5	0.01685	0.05817	0.05597	0.05325	0.02140	0.10571	0.01361	0.02186	0.06312	0.02481	0.04978	0.06246	0.24054	0.01749	0.00980	0.00304	0.00838	0.15781	0.00684	0.00909
6	0.02003	0.02670	0.19689	0.10387	0.42556	0.02048	0.02798	0.02658	0.01925	0.02768	0.01612	0.02090	0.01288	0.00800	0.00855	0.00267	0.01115	0.00742	0.00411	0.01319
7	0.06961	0.03068	0.06954	0.03115	0.21630	0.26113	0.02048	0.14132	0.02535	0.03143	0.01588	0.01863	0.01261	0.00880	0.00816	0.00248	0.01219	0.00672	0.00525	0.01231
8	0.02108	0.07971	0.23826	0.06475	0.13001	0.09411	0.19363	0.02802	0.01988	0.02636	0.01584	0.02000	0.01216	0.00798	0.00870	0.00267	0.01303	0.00760	0.00409	0.01211
9	0.01791	0.01382	0.01734	0.01782	0.08806	0.01290	0.01246	0.07597	0.04862	0.06137	0.08105	0.07861	0.18256	0.01556	0.00937	0.00271	0.00678	0.09635	0.00742	0.15332
10	0.02210	0.01980	0.03114	0.04378	0.47528	0.02014	0.02311	0.11354	0.02271	0.03181	0.02068	0.09696	0.01894	0.01040	0.00893	0.00270	0.00965	0.00971	0.00541	0.01321
11	0.01745	0.01405	0.02282	0.01851	0.02302	0.01307	0.16745	0.05970	0.02147	0.08531	0.07974	0.20020	0.20544	0.01736	0.01025	0.00303	0.00791	0.01602	0.00750	0.00971
12	0.02213	0.02021	0.02507	0.02763	0.18467	0.07870	0.01796	0.11193	0.02138	0.02985	0.02183	0.02588	0.05599	0.01176	0.01420	0.00287	0.20461	0.00831	0.10382	0.01119

[dist]
# distance from previous block
# <min> <max>
4	6

[block]
# block no. 2 follows, 20 sequences, length 10
# corresponding to MSA columns:
# 151-160
name=unknown_C
#
# <colnr> <probs for GDERKNQSTAVLIFYWHMCP>
#	G	D	E	R	K	N	Q	S	T	A	V	L	I	F	Y	W	H	M	C	P
0	0.01871	0.18136	0.52264	0.02279	0.03455	0.02323	0.02862	0.02731	0.01827	0.02614	0.01492	0.01749	0.01108	0.00812	0.00773	0.00258	0.01215	0.00607	0.00369	0.01254
1	0.02115	0.23602	0.05723	0.01833	0.02365	0.15403	0.05885	0.02477	0.02025	0.02334	0.02886	0.04417	0.07673	0.01358	0.00869	0.00274	0.01044	0.16180	0.00548	0.00990
2	0.01871	0.03727	0.45230	0.02467	0.03546	0.02075	0.09096	0.03156	0.14474	0.02951	0.02001	0.02192	0.01453	0.00893	0.00863	0.00282	0.01184	0.00758	0.00484	0.01296
3	0.03224	0.02095	0.02355	0.01821	0.02502	0.02198	0.01494	0.37859	0.08795	0.18757	0.02492	0.02377	0.01730	0.01033	0.00856	0.00256	0.00859	0.00802	0.00892	0.07601
4	0.02146	0.01516	0.01746	0.01571	0.02000	0.01630	0.01239	0.03650	0.34614	0.12498	0.17477	0.04518	0.04074	0.01410	0.00945	0.00296	0.00643	0.05882	0.00926	0.01219
5	0.01446	0.01118	0.01377	0.01471	0.01713	0.01151	0.01185	0.02201	0.14413	0.02714	0.04953	0.20586	0.11845	0.02199	0.01099	0.00357	0.00674	0.27781	0.00823	0.00895
6	0.01311	0.00934	0.01054	0.01036	0.01245	0.00879	0.00746	0.04550	0.02041	0.02785	0.18384	0.15144	0.23534	0.11023	0.01437	0.00359	0.00521	0.01603	0.10641	0.00773
7	0.01155	0.00896	0.01055	0.01036	0.01281	0.00796	0.00791	0.01480	0.02221	0.02923	0.34829	0.07589	0.32920	0.02018	0.01042	0.00292	0.00452	0.05559	0.00882	0.00783
8	0.02851	0.22188	0.03078	0.02042	0.02524	0.41477	0.01656	0.03087	0.02151	0.02108	0.01288	0.01562	0.01125	0.00926	0.00954	0.00232	0.08737	0.00558	0.00421	0.01035
9	0.01263	0.00989	0.01467	0.14913	0.02315	0.01102	0.01211	0.01543	0.01560	0.02112	0.03131	0.27722	0.03395	0.09622	0.22786	0.00732	0.01278	0.01507	0.00584	0.00769

[dist]
# distance from previous block
# <min> <max>
0	3

[block]
# block no. 3 follows, 20 sequences, length 9
# corresponding to MSA columns:
# 164-172
name=unknown_D
#
# <colnr> <probs for GDERKNQSTAVLIFYWHMCP>
#	G	D	E	R	K	N	Q	S	T	A	V	L	I	F	Y	W	H	M	C	P
0	0.02090	0.01816	0.02835	0.26248	0.28452	0.01994	0.02264	0.02974	0.12946	0.06601	0.02069	0.02468	0.01587	0.00904	0.00872	0.00278	0.00999	0.00821	0.00540	0.01243
1	0.02281	0.02432	0.03014	0.22370	0.32309	0.17628	0.02361	0.02745	0.02035	0.02497	0.01543	0.02063	0.01256	0.00834	0.00847	0.00260	0.01204	0.00724	0.00423	0.01173
2	0.01999	0.01909	0.03251	0.24739	0.45771	0.02030	0.02597	0.02537	0.01910	0.02655	0.01612	0.02211	0.01313	0.00807	0.00866	0.00269	0.01076	0.00777	0.00418	0.01252
3	0.02057	0.01969	0.03357	0.17638	0.52412	0.02046	0.02627	0.02588	0.01938	0.02726	0.01623	0.02192	0.01338	0.00796	0.00865	0.00265	0.01061	0.00777	0.00423	0.01300
4	0.01916	0.01717	0.02285	0.33564	0.04084	0.02057	0.01886	0.03467	0.32913	0.02959	0.02579	0.02803	0.01934	0.01032	0.00880	0.00293	0.00920	0.00884	0.00645	0.01181
5	0.01791	0.01295	0.01506	0.01463	0.01819	0.01335	0.01174	0.02810	0.21935	0.08858	0.05162	0.10135	0.17872	0.01848	0.01022	0.00326	0.00657	0.17095	0.00860	0.01038
6	0.03122	0.03767	0.02557	0.02408	0.06190	0.53352	0.01753	0.08093	0.02513	0.02451	0.01415	0.01669	0.01169	0.00940	0.00917	0.00239	0.05293	0.00604	0.00479	0.01068
7	0.01413	0.01425	0.07425	0.01302	0.01742	0.01051	0.01100	0.04443	0.01976	0.02710	0.09429	0.23840	0.18417	0.01782	0.00940	0.00269	0.00612	0.01540	0.00715	0.17868
8	0.02429	0.21452	0.09392	0.02922	0.19475	0.19073	0.02075	0.02823	0.01979	0.02366	0.01393	0.01744	0.01194	0.00876	0.00944	0.00243	0.07424	0.00622	0.00409	0.01164

[dist]
# distance from previous block
# <min> <max>
0	1

[block]
# block no. 4 follows, 20 sequences, length 22
# corresponding to MSA columns:
# 174-195
name=unknown_E
#
# <colnr> <probs for GDERKNQSTAVLIFYWHMCP>
#	G	D	E	R	K	N	Q	S	T	A	V	L	I	F	Y	W	H	M	C	P
0	0.18235	0.26051	0.14000	0.01717	0.02461	0.07040	0.01694	0.07063	0.09051	0.03020	0.01623	0.01761	0.01286	0.00858	0.00680	0.00241	0.00959	0.00590	0.00510	0.01161
1	0.01971	0.03266	0.36421	0.02379	0.08288	0.01953	0.02438	0.11264	0.06463	0.03268	0.05396	0.02682	0.05338	0.01018	0.00855	0.00272	0.01047	0.00824	0.03601	0.01257
2	0.01352	0.01043	0.01513	0.01467	0.01608	0.01261	0.01155	0.01656	0.01424	0.02120	0.02229	0.03232	0.02060	0.05554	0.53758	0.01196	0.10045	0.00906	0.05621	0.00802
3	0.01390	0.01146	0.01678	0.01595	0.01717	0.01434	0.01268	0.01675	0.01388	0.02041	0.02078	0.03097	0.01956	0.05453	0.52201	0.01180	0.16542	0.00897	0.00449	0.00817
4	0.03316	0.02443	0.02618	0.02007	0.02705	0.02705	0.01658	0.60995	0.04101	0.05497	0.02094	0.02094	0.01483	0.01047	0.00873	0.00262	0.00960	0.00785	0.00873	0.01483
5	0.01159	0.00819	0.01020	0.01095	0.01175	0.00775	0.00721	0.01323	0.01734	0.02340	0.16698	0.33843	0.08434	0.22381	0.02084	0.00481	0.00584	0.01897	0.00757	0.00680
6	0.02098	0.02010	0.03430	0.12776	0.56961	0.02056	0.02647	0.02623	0.01957	0.02775	0.01630	0.02179	0.01355	0.00789	0.00865	0.00263	0.01051	0.00777	0.00426	0.01332
7	0.01080	0.00767	0.01007	0.01192	0.01238	0.00720	0.00786	0.01219	0.01636	0.02181	0.04631	0.63357	0.05546	0.08456	0.01399	0.00396	0.00535	0.02376	0.00786	0.00693
8	0.01809	0.01550	0.01809	0.01292	0.02067	0.01163	0.01034	0.02196	0.01809	0.02842	0.01550	0.01809	0.01292	0.00646	0.00646	0.00129	0.00646	0.00517	0.00517	0.74677
9	0.02159	0.02073	0.03541	0.05354	0.63903	0.02073	0.02677	0.02677	0.01986	0.02850	0.01641	0.02159	0.01382	0.00777	0.00864	0.00259	0.01036	0.00777	0.00432	0.01382
10	0.01311	0.00842	0.00935	0.00935	0.00959	0.00842	0.00538	0.01360	0.01336	0.01878	0.02760	0.05414	0.03059	0.61151	0.03980	0.00769	0.00793	0.01214	0.09361	0.00563
11	0.01038	0.00857	0.00912	0.00956	0.01197	0.00730	0.00695	0.01244	0.01919	0.02328	0.07962	0.21507	0.51002	0.02323	0.01049	0.00308	0.00456	0.01980	0.00810	0.00730
12	0.21259	0.37922	0.16800	0.01618	0.02429	0.02753	0.01726	0.02632	0.01712	0.02691	0.01290	0.01500	0.01071	0.00781	0.00613	0.00228	0.00943	0.00507	0.00415	0.01111
13	0.01235	0.00892	0.01166	0.01097	0.01303	0.00823	0.00823	0.01646	0.02469	0.03498	0.63443	0.06516	0.08230	0.01783	0.01029	0.00274	0.00412	0.01578	0.00960	0.00823
14	0.01938	0.01284	0.01279	0.01168	0.01458	0.04940	0.00906	0.11446	0.02169	0.03375	0.02568	0.02994	0.02043	0.01781	0.09716	0.00380	0.00830	0.00811	0.47985	0.00927
15	0.02073	0.01651	0.01874	0.01496	0.02092	0.01547	0.01176	0.16815	0.07551	0.03455	0.02471	0.14616	0.02300	0.01185	0.00811	0.00219	0.00701	0.00993	0.00692	0.36282
16	0.02094	0.44720	0.19852	0.01868	0.02738	0.02854	0.06042	0.02591	0.01822	0.02302	0.01748	0.01952	0.04455	0.00845	0.00687	0.00223	0.01036	0.00625	0.00400	0.01146
17	0.01031	0.00884	0.00884	0.00884	0.01178	0.00736	0.00663	0.01252	0.01988	0.02356	0.08837	0.08395	0.63549	0.02209	0.01031	0.00295	0.00442	0.01841	0.00810	0.00736
18	0.18418	0.02303	0.15866	0.02986	0.25633	0.01798	0.02046	0.02416	0.01842	0.02983	0.02810	0.03034	0.12298	0.01051	0.00813	0.00272	0.00904	0.00869	0.00510	0.01148
19	0.02128	0.01912	0.03231	0.20413	0.46286	0.01997	0.02539	0.02652	0.01954	0.06035	0.01716	0.02244	0.01370	0.00817	0.00866	0.00267	0.01052	0.00782	0.00456	0.01285
20	0.08321	0.01958	0.02572	0.03533	0.34911	0.09363	0.01924	0.02418	0.01983	0.02795	0.07090	0.14384	0.02653	0.01228	0.00885	0.00274	0.00924	0.01096	0.00554	0.01134
21	0.08598	0.10618	0.03028	0.13626	0.26339	0.11965	0.02057	0.05146	0.02032	0.02745	0.01506	0.01917	0.01237	0.00814	0.00776	0.00244	0.01071	0.00666	0.00453	0.05161

[dist]
# distance from previous block
# <min> <max>
5	58

[block]
# block no. 5 follows, 20 sequences, length 7
# corresponding to MSA columns:
# 255-261
name=unknown_F
#
# <colnr> <probs for GDERKNQSTAVLIFYWHMCP>
#	G	D	E	R	K	N	Q	S	T	A	V	L	I	F	Y	W	H	M	C	P
0	0.02189	0.10103	0.38735	0.02247	0.03276	0.02087	0.06231	0.03180	0.08866	0.11763	0.02043	0.02156	0.01452	0.00892	0.00829	0.00270	0.01117	0.00724	0.00536	0.01304
1	0.20721	0.14655	0.03055	0.19277	0.11343	0.05594	0.08773	0.02576	0.01790	0.02766	0.01429	0.01864	0.01145	0.00806	0.00742	0.00259	0.01037	0.00660	0.00439	0.01071
2	0.09150	0.20677	0.26296	0.01911	0.02671	0.02334	0.02080	0.02452	0.01666	0.02506	0.01501	0.01921	0.01254	0.01715	0.10411	0.00427	0.08892	0.00636	0.00402	0.01098
3	0.13430	0.02137	0.09631	0.02200	0.08430	0.02126	0.01766	0.09323	0.09710	0.03151	0.01818	0.02197	0.01482	0.01638	0.08020	0.00409	0.16501	0.00743	0.00547	0.04742
4	0.06141	0.01764	0.01749	0.11618	0.02469	0.10809	0.01314	0.11383	0.02253	0.02853	0.04264	0.04414	0.23370	0.02105	0.09297	0.00420	0.01059	0.01125	0.00642	0.00949
5	0.12645	0.09588	0.24948	0.01992	0.02729	0.02292	0.02076	0.03063	0.16154	0.02968	0.01888	0.02084	0.01461	0.01011	0.01089	0.00287	0.11311	0.00702	0.00520	0.01192
6	0.01650	0.01257	0.01431	0.01304	0.01682	0.01212	0.01008	0.07357	0.10946	0.05329	0.11801	0.15034	0.21032	0.01773	0.00968	0.00285	0.00587	0.04907	0.00819	0.09620

[dist]
# distance from previous block
# <min> <max>
1	2

[block]
# block no. 6 follows, 20 sequences, length 26
# corresponding to MSA columns:
# 264-289
name=unknown_G
#
# <colnr> <probs for GDERKNQSTAVLIFYWHMCP>
#	G	D	E	R	K	N	Q	S	T	A	V	L	I	F	Y	W	H	M	C	P
0	0.02112	0.01933	0.01991	0.01892	0.05650	0.14497	0.04027	0.08498	0.02304	0.05284	0.11719	0.13192	0.03492	0.05338	0.01137	0.00307	0.00906	0.07216	0.00693	0.07812
1	0.16646	0.02466	0.02392	0.08275	0.09067	0.21737	0.04582	0.03273	0.02155	0.18495	0.01927	0.02069	0.01394	0.00905	0.00791	0.00258	0.01095	0.00691	0.00619	0.01162
2	0.02250	0.01970	0.03232	0.04612	0.52324	0.01911	0.02387	0.02740	0.02004	0.07446	0.01765	0.02180	0.01430	0.00785	0.00840	0.00245	0.00970	0.00755	0.00490	0.09663
3	0.02867	0.03415	0.02852	0.03353	0.24488	0.43139	0.02038	0.03196	0.02299	0.02389	0.01452	0.01782	0.01215	0.00856	0.00814	0.00237	0.01382	0.00638	0.00443	0.01143
4	0.02362	0.02596	0.03431	0.09503	0.21565	0.18062	0.17079	0.03074	0.08487	0.02684	0.01793	0.02193	0.01418	0.00849	0.00890	0.00266	0.01257	0.00810	0.00483	0.01198
5	0.13972	0.02226	0.02645	0.02598	0.14655	0.05214	0.05131	0.26411	0.08402	0.07288	0.02021	0.02147	0.01499	0.00947	0.00827	0.00266	0.00953	0.00763	0.00702	0.01332
6	0.03580	0.02019	0.02355	0.01806	0.02493	0.02075	0.01492	0.35883	0.03391	0.31612	0.02690	0.02481	0.01783	0.01062	0.00875	0.00265	0.00864	0.00826	0.00964	0.01484
7	0.01098	0.00875	0.00984	0.00981	0.01225	0.00761	0.00727	0.01372	0.02109	0.02702	0.25563	0.13400	0.40874	0.02124	0.01038	0.00294	0.00438	0.01818	0.00857	0.00761
8	0.01073	0.00885	0.00942	0.00928	0.01204	0.00754	0.00696	0.01334	0.02088	0.02594	0.20215	0.08003	0.52022	0.02120	0.01030	0.00290	0.00436	0.01786	0.00841	0.00754
9	0.02782	0.02266	0.03078	0.02331	0.03025	0.02414	0.16352	0.37050	0.09618	0.04495	0.02209	0.02349	0.01612	0.00982	0.00898	0.00270	0.01027	0.00869	0.05017	0.01357
10	0.01515	0.00758	0.01136	0.01136	0.01136	0.00758	0.00758	0.01136	0.01136	0.01515	0.01515	0.02652	0.01515	0.03030	0.03409	0.74621	0.00758	0.00758	0.00379	0.00379
11	0.02196	0.01898	0.02328	0.02165	0.08041	0.04324	0.05606	0.16426	0.18197	0.03563	0.08717	0.03523	0.08770	0.01557	0.04729	0.00347	0.04634	0.01035	0.00741	0.01201
12	0.01268	0.00846	0.00951	0.00951	0.00951	0.00846	0.00529	0.01268	0.01268	0.01691	0.02748	0.05708	0.03171	0.69345	0.04440	0.00846	0.00846	0.01268	0.00529	0.00529
13	0.02356	0.56868	0.10751	0.01668	0.02444	0.09080	0.01693	0.02709	0.01845	0.02135	0.01263	0.01462	0.01118	0.00769	0.00609	0.00200	0.01030	0.00494	0.00380	0.01127
14	0.01996	0.03500	0.32982	0.02072	0.02875	0.17689	0.02226	0.02658	0.02159	0.02793	0.17296	0.02967	0.02927	0.01090	0.00869	0.00263	0.01136	0.00862	0.00540	0.01101
15	0.02295	0.33504	0.13046	0.01905	0.02535	0.14685	0.01839	0.02666	0.01828	0.02183	0.01340	0.01682	0.01176	0.01205	0.04358	0.00300	0.11394	0.00581	0.00393	0.01083
16	0.01838	0.00987	0.01320	0.01338	0.01584	0.00899	0.01008	0.02077	0.01948	0.18177	0.04661	0.40035	0.08033	0.02235	0.01062	0.00336	0.00606	0.10058	0.00878	0.00922
17	0.01286	0.00922	0.01340	0.01340	0.01500	0.01061	0.01040	0.01608	0.01447	0.02155	0.02390	0.03408	0.02187	0.05958	0.58982	0.01275	0.02132	0.00922	0.08266	0.00782
18	0.02623	0.07628	0.18104	0.02175	0.02860	0.34320	0.02002	0.03468	0.13493	0.02571	0.01808	0.01945	0.01407	0.00926	0.00803	0.00249	0.01299	0.00657	0.00507	0.01156
19	0.01985	0.02062	0.04008	0.20409	0.23159	0.02097	0.28024	0.02614	0.01956	0.02667	0.01672	0.02286	0.01300	0.00783	0.00938	0.00282	0.01259	0.00887	0.00425	0.01187
20	0.01445	0.01758	0.12127	0.02093	0.10949	0.01277	0.04858	0.01904	0.01972	0.02570	0.05351	0.06379	0.28920	0.01735	0.01009	0.00308	0.00798	0.12927	0.00661	0.00958
21	0.02148	0.02102	0.03711	0.05177	0.57625	0.02087	0.08819	0.02689	0.01994	0.02844	0.01654	0.02179	0.01376	0.00773	0.00881	0.00263	0.01082	0.00804	0.00433	0.01360
22	0.06932	0.04757	0.14590	0.07469	0.02366	0.07366	0.01528	0.02045	0.01729	0.02381	0.02984	0.06770	0.11466	0.05646	0.04715	0.10126	0.00986	0.00986	0.04284	0.00873
23	0.02089	0.02408	0.10610	0.04622	0.42511	0.02101	0.17265	0.02716	0.01989	0.02826	0.01664	0.02173	0.01337	0.00772	0.00901	0.00270	0.01172	0.00826	0.00427	0.01320
24	0.11638	0.02288	0.07814	0.07864	0.44894	0.05350	0.02429	0.02686	0.01922	0.02909	0.01560	0.02018	0.01279	0.00797	0.00816	0.00262	0.01044	0.00716	0.00439	0.01276
25	0.09371	0.19136	0.06511	0.02576	0.14771	0.25506	0.01839	0.03046	0.05090	0.02534	0.01485	0.01734	0.01234	0.00840	0.00732	0.00233	0.01169	0.00600	0.00454	0.01139

[dist]
# distance from previous block
# <min> <max>
2	96

[block]
# block no. 7 follows, 20 sequences, length 9
# corresponding to MSA columns:
# 401-409
name=unknown_H
#
# <colnr> <probs for GDERKNQSTAVLIFYWHMCP>
#	G	D	E	R	K	N	Q	S	T	A	V	L	I	F	Y	W	H	M	C	P
0	0.08998	0.02096	0.02239	0.02286	0.10330	0.13993	0.01609	0.02378	0.01750	0.02457	0.01751	0.02791	0.01672	0.06031	0.05903	0.00400	0.19521	0.05179	0.00477	0.08140
1	0.03060	0.03131	0.08575	0.02110	0.02774	0.22103	0.01798	0.33343	0.07739	0.04054	0.01921	0.01996	0.01424	0.00990	0.00843	0.00254	0.01161	0.00718	0.00694	0.01311
2	0.05820	0.12714	0.11571	0.02283	0.02997	0.20104	0.11957	0.08672	0.10226	0.02918	0.01785	0.01983	0.01384	0.00887	0.00812	0.00253	0.01211	0.00713	0.00528	0.01183
3	0.13097	0.18643	0.11554	0.01887	0.02538	0.25779	0.01712	0.07259	0.02168	0.02716	0.01535	0.04518	0.01324	0.00932	0.00726	0.00238	0.01165	0.00639	0.00481	0.01088
4	0.02535	0.03335	0.16394	0.02098	0.02720	0.28651	0.01913	0.12200	0.02383	0.02797	0.01710	0.02078	0.01383	0.02004	0.13472	0.00471	0.01559	0.00689	0.00503	0.01105
5	0.02301	0.18494	0.10858	0.01813	0.02388	0.17935	0.01666	0.08097	0.02154	0.02622	0.01960	0.02770	0.01742	0.01743	0.09087	0.00392	0.01272	0.06226	0.05425	0.01055
6	0.02117	0.06288	0.02707	0.02040	0.02540	0.01917	0.13833	0.21037	0.02501	0.03360	0.02641	0.17941	0.02544	0.02258	0.11618	0.00472	0.01186	0.01237	0.00667	0.01097
7	0.02344	0.09516	0.15540	0.01880	0.02560	0.20562	0.01758	0.05320	0.02163	0.05565	0.06875	0.02301	0.01894	0.01372	0.05964	0.00320	0.01214	0.00704	0.00528	0.11620
8	0.01619	0.09863	0.01780	0.01331	0.01515	0.01551	0.01055	0.01876	0.01576	0.02397	0.02401	0.09272	0.02326	0.11035	0.10704	0.00503	0.14157	0.00993	0.23219	0.00828

[dist]
# distance from previous block
# <min> <max>
0	2

[block]
# block no. 8 follows, 20 sequences, length 21
# corresponding to MSA columns:
# 412-432
name=unknown_I
#
# <colnr> <probs for GDERKNQSTAVLIFYWHMCP>
#	G	D	E	R	K	N	Q	S	T	A	V	L	I	F	Y	W	H	M	C	P
0	0.02444	0.61925	0.04317	0.01584	0.02294	0.10994	0.01516	0.02717	0.01857	0.02062	0.01229	0.01420	0.01120	0.00765	0.00587	0.00191	0.01010	0.00478	0.00382	0.01106
1	0.02476	0.46306	0.11992	0.01737	0.02543	0.03099	0.01755	0.15655	0.02301	0.02913	0.01455	0.01612	0.01199	0.00824	0.00665	0.00215	0.00985	0.00561	0.00484	0.01223
2	0.02768	0.18182	0.02775	0.01846	0.02392	0.22981	0.01533	0.19180	0.02680	0.03184	0.01953	0.02614	0.01686	0.01063	0.00788	0.00242	0.01099	0.06323	0.05575	0.01135
3	0.01564	0.17058	0.16101	0.01634	0.02144	0.01670	0.01612	0.01983	0.01795	0.02380	0.03248	0.27717	0.03551	0.01804	0.00944	0.00308	0.00832	0.12096	0.00613	0.00947
4	0.02494	0.05882	0.13046	0.01886	0.02544	0.02182	0.01729	0.34675	0.03052	0.04122	0.02563	0.16875	0.02355	0.01370	0.00903	0.00281	0.00914	0.01122	0.00746	0.01259
5	0.02497	0.42356	0.13003	0.01832	0.02592	0.17028	0.01801	0.05599	0.02048	0.02340	0.01337	0.01537	0.01135	0.00807	0.00665	0.00212	0.01129	0.00529	0.00413	0.01138
6	0.01293	0.00895	0.01061	0.01063	0.01237	0.00831	0.00748	0.01487	0.01809	0.05181	0.13643	0.14238	0.22890	0.21615	0.05089	0.00513	0.00681	0.04253	0.00747	0.00726
7	0.02722	0.02002	0.02145	0.01726	0.02249	0.02207	0.01367	0.40362	0.10514	0.04477	0.02427	0.02938	0.01966	0.13142	0.01491	0.00366	0.00877	0.00897	0.04861	0.01265
8	0.02611	0.17836	0.02931	0.02003	0.02447	0.23498	0.01649	0.08456	0.10210	0.02622	0.01636	0.01882	0.01366	0.01057	0.01221	0.00264	0.16018	0.00663	0.00515	0.01116
9	0.01190	0.00849	0.01108	0.01158	0.01289	0.00798	0.00829	0.01471	0.02044	0.02822	0.33285	0.28062	0.06665	0.08856	0.01408	0.00367	0.00514	0.05676	0.00855	0.00753
10	0.02126	0.35937	0.21681	0.02640	0.16437	0.02734	0.02255	0.02670	0.01840	0.02435	0.01410	0.01696	0.01174	0.00777	0.00705	0.00229	0.01058	0.00587	0.00385	0.01227
11	0.02001	0.32716	0.38823	0.02057	0.03112	0.02641	0.02476	0.02697	0.01812	0.02456	0.01413	0.01651	0.01111	0.00793	0.00713	0.00238	0.01135	0.00568	0.00370	0.01216
12	0.01133	0.00801	0.00979	0.01093	0.01147	0.00759	0.00697	0.01237	0.01556	0.02049	0.04433	0.41196	0.09910	0.26233	0.02282	0.00523	0.00620	0.01996	0.00710	0.00647
13	0.01207	0.00887	0.01270	0.01315	0.01432	0.00981	0.00972	0.01452	0.01448	0.02037	0.02929	0.18231	0.03079	0.11924	0.45341	0.01113	0.01780	0.01312	0.00550	0.00738
14	0.09301	0.18144	0.27357	0.02679	0.10436	0.02374	0.12678	0.02705	0.01846	0.02734	0.01496	0.01828	0.01163	0.00786	0.00779	0.00257	0.01151	0.00671	0.00407	0.01208
15	0.02250	0.02077	0.03123	0.04408	0.47488	0.05189	0.02344	0.02992	0.09804	0.05382	0.02085	0.02667	0.01737	0.00925	0.00880	0.00269	0.00996	0.03508	0.00535	0.01340
16	0.01246	0.00935	0.01402	0.01402	0.01558	0.01090	0.01090	0.01558	0.01402	0.02025	0.02336	0.03427	0.02181	0.06542	0.65888	0.01402	0.02336	0.00935	0.00467	0.00779
17	0.02196	0.36893	0.15852	0.02203	0.03058	0.05578	0.14793	0.02808	0.04552	0.02423	0.01509	0.01781	0.01230	0.00785	0.00738	0.00234	0.01135	0.00650	0.00413	0.01171
18	0.01144	0.00888	0.01040	0.01002	0.01248	0.00784	0.00752	0.01471	0.02255	0.02990	0.39138	0.07352	0.32853	0.01973	0.01030	0.00283	0.00425	0.01695	0.00893	0.00784
19	0.02061	0.22582	0.24662	0.02126	0.03005	0.02496	0.07937	0.03221	0.17950	0.02795	0.02011	0.02140	0.01546	0.00890	0.00786	0.00257	0.01044	0.00722	0.00515	0.01253
20	0.02223	0.08941	0.02390	0.01857	0.02200	0.17252	0.01501	0.08549	0.01987	0.02481	0.01669	0.02234	0.01482	0.02659	0.20130	0.00595	0.15584	0.00724	0.00481	0.05059

[dist]
# distance from previous block
# <min> <max>
0	3

[block]
# block no. 9 follows, 20 sequences, length 12
# corresponding to MSA columns:
# 436-447
name=unknown_J
#
# <colnr> <probs for GDERKNQSTAVLIFYWHMCP>
#	G	D	E	R	K	N	Q	S	T	A	V	L	I	F	Y	W	H	M	C	P
0	0.03019	0.22808	0.03208	0.01852	0.02564	0.02931	0.01608	0.43361	0.03398	0.04457	0.01828	0.01884	0.01373	0.00956	0.00778	0.00239	0.00952	0.00689	0.00722	0.01373
1	0.02241	0.59630	0.14011	0.01648	0.02480	0.03228	0.01764	0.02636	0.01783	0.02164	0.01268	0.01469	0.01117	0.00759	0.00602	0.00201	0.00989	0.00494	0.00372	0.01146
2	0.01294	0.01164	0.01273	0.01272	0.01460	0.04839	0.00952	0.01504	0.01789	0.02240	0.05681	0.22956	0.30057	0.02711	0.08936	0.00448	0.08240	0.01710	0.00700	0.00774
3	0.01261	0.00949	0.01210	0.01346	0.01567	0.00897	0.01125	0.01587	0.01979	0.02502	0.05996	0.13359	0.24004	0.02367	0.01142	0.00364	0.00666	0.36097	0.00806	0.00775
4	0.02985	0.02279	0.02431	0.01940	0.02579	0.02550	0.01578	0.44703	0.20932	0.04963	0.02515	0.02430	0.01824	0.01087	0.00877	0.00272	0.00882	0.00843	0.00877	0.01454
5	0.01518	0.01178	0.01364	0.01301	0.01566	0.01213	0.00964	0.05644	0.16091	0.03162	0.24760	0.18622	0.11154	0.05966	0.01213	0.00332	0.00557	0.01590	0.00866	0.00940
6	0.02722	0.02091	0.02299	0.01725	0.02454	0.02097	0.01412	0.37827	0.03198	0.04451	0.01880	0.01982	0.01408	0.00889	0.00783	0.00210	0.00836	0.00680	0.00732	0.30324
7	0.03011	0.02326	0.02325	0.01853	0.02452	0.07423	0.01503	0.44847	0.07620	0.04810	0.02233	0.02284	0.01634	0.01041	0.00832	0.00253	0.00917	0.00785	0.10501	0.01351
8	0.02950	0.26034	0.03171	0.01996	0.02544	0.45072	0.01621	0.03193	0.02239	0.02107	0.01303	0.01515	0.01122	0.00848	0.00711	0.00212	0.01360	0.00530	0.00424	0.01047
9	0.07869	0.35100	0.31383	0.01912	0.02885	0.02692	0.02227	0.02676	0.01781	0.02519	0.01371	0.01599	0.01099	0.00788	0.00679	0.00233	0.01072	0.00547	0.00384	0.01182
10	0.05650	0.02414	0.16776	0.01726	0.02521	0.01794	0.01686	0.18604	0.02476	0.07412	0.01948	0.02109	0.01443	0.00874	0.00757	0.00223	0.00864	0.00674	0.08812	0.21237
11	0.02904	0.19114	0.02856	0.01987	0.02495	0.47320	0.01576	0.03141	0.02280	0.02130	0.01791	0.01965	0.05078	0.00947	0.00750	0.00220	0.01354	0.00621	0.00455	0.01019

[dist]
# distance from previous block
# <min> <max>
0	8

[block]
# block no. 10 follows, 20 sequences, length 77
# corresponding to MSA columns:
# 456-532
name=unknown_K
#
# <colnr> <probs for GDERKNQSTAVLIFYWHMCP>
#	G	D	E	R	K	N	Q	S	T	A	V	L	I	F	Y	W	H	M	C	P
0	0.02300	0.33781	0.28327	0.01921	0.02875	0.02635	0.02173	0.05744	0.01986	0.08521	0.01612	0.01762	0.01232	0.00826	0.00713	0.00234	0.01058	0.00593	0.00464	0.01241
1	0.02422	0.03369	0.17772	0.03314	0.22730	0.24347	0.02394	0.02928	0.02064	0.02513	0.01477	0.01857	0.01205	0.00898	0.01005	0.00262	0.07164	0.00669	0.00418	0.01193
2	0.01906	0.02266	0.13836	0.03184	0.24582	0.01865	0.05085	0.02916	0.15312	0.02940	0.02996	0.03693	0.07466	0.01168	0.00921	0.00290	0.00951	0.06792	0.00593	0.01238
3	0.02605	0.02896	0.02642	0.02917	0.17816	0.29237	0.01883	0.03416	0.16056	0.02659	0.01910	0.02139	0.01545	0.00994	0.01027	0.00265	0.07537	0.00733	0.00540	0.01183
4	0.01675	0.08492	0.01578	0.01197	0.01579	0.10588	0.00943	0.01919	0.02091	0.06094	0.09356	0.06256	0.41529	0.01778	0.00937	0.00271	0.00675	0.01441	0.00736	0.00865
5	0.01078	0.00771	0.01026	0.01204	0.01269	0.00719	0.00811	0.01253	0.01740	0.02339	0.09976	0.63288	0.05986	0.02649	0.01106	0.00347	0.00498	0.02400	0.00823	0.00719
6	0.01362	0.00788	0.00906	0.01001	0.01133	0.00764	0.00704	0.01649	0.01755	0.02771	0.03766	0.34003	0.03894	0.01822	0.00846	0.00274	0.00453	0.01595	0.39750	0.00764
7	0.02411	0.02842	0.05802	0.23541	0.15117	0.27246	0.02165	0.02956	0.05149	0.02405	0.01589	0.02020	0.01261	0.00879	0.00835	0.00258	0.01284	0.00695	0.00445	0.01099
8	0.03258	0.04157	0.02472	0.02247	0.02697	0.65843	0.01685	0.03483	0.02472	0.02135	0.01348	0.01573	0.01124	0.00899	0.00787	0.00225	0.01573	0.00562	0.00449	0.01011
9	0.01159	0.00828	0.01123	0.01325	0.01418	0.00792	0.00977	0.01381	0.01765	0.02335	0.04754	0.52190	0.05558	0.02642	0.01139	0.00368	0.00590	0.18113	0.00808	0.00735
10	0.01850	0.03766	0.46369	0.03076	0.16377	0.02093	0.02991	0.02686	0.01828	0.02722	0.01544	0.01915	0.01167	0.00879	0.01015	0.00282	0.07093	0.00683	0.00383	0.01279
11	0.01432	0.01050	0.01311	0.01247	0.01296	0.01211	0.00877	0.01567	0.01396	0.02058	0.02509	0.07352	0.02665	0.36692	0.09736	0.00696	0.13795	0.01127	0.11295	0.00686
12	0.01061	0.00766	0.01005	0.01195	0.01260	0.00710	0.00801	0.01217	0.01689	0.02234	0.05043	0.65254	0.09139	0.02702	0.01109	0.00351	0.00502	0.02443	0.00810	0.00710
13	0.01750	0.04512	0.64825	0.02486	0.03775	0.02026	0.03223	0.02762	0.01842	0.02762	0.01565	0.01842	0.01105	0.00829	0.00829	0.00276	0.01289	0.00645	0.00368	0.01289
14	0.02170	0.01874	0.01972	0.01775	0.02268	0.02170	0.01381	0.04635	0.62327	0.03649	0.03550	0.03254	0.02663	0.01183	0.00888	0.00296	0.00690	0.00986	0.00888	0.01381
15	0.03215	0.07213	0.02569	0.02212	0.02675	0.62942	0.01676	0.03443	0.02439	0.02131	0.01342	0.01565	0.01123	0.00892	0.00776	0.00223	0.01543	0.00557	0.00446	0.01016
16	0.03352	0.02386	0.02582	0.01980	0.02676	0.02619	0.01635	0.57576	0.04005	0.09052	0.02175	0.02147	0.01524	0.01049	0.00873	0.00262	0.00947	0.00791	0.00885	0.01483
17	0.01268	0.00846	0.00951	0.00951	0.00951	0.00846	0.00529	0.01268	0.01268	0.01691	0.02748	0.05708	0.03171	0.69345	0.04440	0.00846	0.00846	0.01268	0.00529	0.00529
18	0.01031	0.00884	0.00884	0.00884	0.01178	0.00736	0.00663	0.01252	0.01988	0.02356	0.08837	0.08395	0.63549	0.02209	0.01031	0.00295	0.00442	0.01841	0.00810	0.00736
19	0.01235	0.00892	0.01166	0.01097	0.01303	0.00823	0.00823	0.01646	0.02469	0.03498	0.63443	0.06516	0.08230	0.01783	0.01029	0.00274	0.00412	0.01578	0.00960	0.00823
20	0.01777	0.04322	0.59565	0.02591	0.03844	0.02042	0.08292	0.02765	0.01861	0.02765	0.01583	0.01887	0.01124	0.00820	0.00846	0.00278	0.01305	0.00678	0.00375	0.01279
21	0.01246	0.00935	0.01402	0.01402	0.01558	0.01090	0.01090	0.01558	0.01402	0.02025	0.02336	0.03427	0.02181	0.06542	0.65888	0.01402	0.02336	0.00935	0.00467	0.00779
22	0.05779	0.19143	0.44785	0.02156	0.03244	0.02354	0.02622	0.02806	0.04655	0.02703	0.01560	0.01785	0.01173	0.00826	0.00755	0.00256	0.01147	0.00611	0.00403	0.01237
23	0.02554	0.54128	0.04068	0.01673	0.02348	0.18397	0.01539	0.02821	0.01940	0.02072	0.01245	0.01441	0.01120	0.00783	0.00614	0.00196	0.01086	0.00489	0.00391	0.01093
24	0.75506	0.01687	0.01282	0.01147	0.01687	0.01957	0.00945	0.02564	0.01484	0.03914	0.01215	0.01417	0.00945	0.00810	0.00540	0.00270	0.00675	0.00472	0.00540	0.00945
25	0.02135	0.02140	0.03925	0.04952	0.49687	0.02104	0.16585	0.02705	0.02004	0.02836	0.01670	0.02205	0.01368	0.00767	0.00903	0.00267	0.01140	0.00838	0.00434	0.01333
26	0.01775	0.01559	0.02038	0.02405	0.15981	0.05265	0.01487	0.07096	0.01892	0.02557	0.02713	0.21399	0.02880	0.09250	0.10378	0.00513	0.07944	0.01315	0.00588	0.00966
27	0.01088	0.00875	0.00900	0.00900	0.01124	0.00763	0.00631	0.01256	0.01816	0.02197	0.07378	0.07751	0.49086	0.18291	0.01848	0.00427	0.00539	0.01704	0.00743	0.00687
28	0.01198	0.00816	0.00972	0.01041	0.01058	0.00799	0.00624	0.01250	0.01405	0.01874	0.03450	0.27192	0.04056	0.46653	0.03307	0.00678	0.00730	0.01681	0.00624	0.00590
29	0.01268	0.00846	0.00951	0.00951	0.00951	0.00846	0.00529	0.01268	0.01268	0.01691	0.02748	0.05708	0.03171	0.69345	0.04440	0.00846	0.00846	0.01268	0.00529	0.00529
30	0.01118	0.00887	0.01005	0.00975	0.01232	0.00773	0.00731	0.01421	0.02194	0.02845	0.32212	0.07590	0.39869	0.02027	0.01030	0.00286	0.00429	0.01728	0.00874	0.00773
31	0.03046	0.19256	0.02954	0.02074	0.02591	0.51507	0.01641	0.03283	0.02311	0.02116	0.01317	0.01533	0.01123	0.00864	0.00734	0.00216	0.01426	0.00540	0.00432	0.01036
32	0.02188	0.10944	0.38154	0.02451	0.03450	0.16854	0.08604	0.02916	0.02002	0.02548	0.01500	0.01787	0.01133	0.00827	0.00812	0.00257	0.01336	0.00647	0.00395	0.01196
33	0.02381	0.02520	0.03239	0.08369	0.46352	0.16717	0.02434	0.02835	0.02083	0.02648	0.01568	0.02034	0.01309	0.00811	0.00846	0.00253	0.01167	0.00728	0.00433	0.01272
34	0.01977	0.01609	0.01850	0.01397	0.02113	0.01362	0.01112	0.02762	0.13485	0.05905	0.02024	0.02142	0.01597	0.00770	0.00703	0.00168	0.00659	0.00624	0.00615	0.57124
35	0.01248	0.00927	0.01362	0.01362	0.01504	0.01069	0.01041	0.01532	0.01390	0.01996	0.02373	0.03628	0.02268	0.12078	0.60472	0.01353	0.02205	0.00964	0.00473	0.00757
36	0.01147	0.00883	0.01069	0.01183	0.01382	0.00805	0.00916	0.01400	0.01904	0.02392	0.06501	0.25799	0.30616	0.02414	0.01104	0.00342	0.00563	0.18028	0.00808	0.00748
37	0.01071	0.00766	0.01020	0.01209	0.01267	0.00714	0.00810	0.01236	0.01711	0.02291	0.07777	0.65623	0.05894	0.02685	0.01109	0.00350	0.00501	0.02434	0.00817	0.00714
38	0.01750	0.04512	0.64825	0.02486	0.03775	0.02026	0.03223	0.02762	0.01842	0.02762	0.01565	0.01842	0.01105	0.00829	0.00829	0.00276	0.01289	0.00645	0.00368	0.01289
39	0.02112	0.03289	0.32886	0.02554	0.03541	0.02122	0.16484	0.13111	0.04970	0.03323	0.01872	0.02156	0.01361	0.00872	0.00874	0.00274	0.01195	0.00787	0.04945	0.01272
40	0.02332	0.69869	0.04571	0.01493	0.02239	0.03451	0.01493	0.02612	0.01772	0.02052	0.01213	0.01399	0.01119	0.00746	0.00560	0.00187	0.00933	0.00466	0.00373	0.01119
41	0.02591	0.02780	0.03119	0.07680	0.32038	0.23335	0.04812	0.08064	0.02323	0.02805	0.01584	0.01977	0.01289	0.00845	0.00847	0.00251	0.01235	0.00717	0.00474	0.01234
42	0.01854	0.16267	0.53988	0.02307	0.03499	0.02282	0.02912	0.02735	0.01829	0.02635	0.01502	0.01762	0.01108	0.00814	0.00780	0.00260	0.01225	0.00613	0.00369	0.01259
43	0.01543	0.01275	0.01405	0.01361	0.01673	0.01346	0.01018	0.02719	0.27516	0.03000	0.11688	0.19885	0.18400	0.01848	0.00989	0.00307	0.00558	0.01597	0.00859	0.01012
44	0.03258	0.04157	0.02472	0.02247	0.02697	0.65843	0.01685	0.03483	0.02472	0.02135	0.01348	0.01573	0.01124	0.00899	0.00787	0.00225	0.01573	0.00562	0.00449	0.01011
45	0.01246	0.00935	0.01402	0.01402	0.01558	0.01090	0.01090	0.01558	0.01402	0.02025	0.02336	0.03427	0.02181	0.06542	0.65888	0.01402	0.02336	0.00935	0.00467	0.00779
46	0.01063	0.00759	0.01012	0.01215	0.01265	0.00709	0.00810	0.01215	0.01670	0.02227	0.04808	0.68775	0.05769	0.02733	0.01113	0.00354	0.00506	0.02480	0.00810	0.00709
47	0.01049	0.00884	0.00909	0.00902	0.01189	0.00744	0.00677	0.01287	0.02031	0.02457	0.13650	0.08229	0.58673	0.02172	0.01031	0.00293	0.00439	0.01818	0.00823	0.00744
48	0.01750	0.04512	0.64825	0.02486	0.03775	0.02026	0.03223	0.02762	0.01842	0.02762	0.01565	0.01842	0.01105	0.00829	0.00829	0.00276	0.01289	0.00645	0.00368	0.01289
49	0.01691	0.01042	0.01145	0.01117	0.01358	0.01060	0.00846	0.10047	0.02128	0.03252	0.03588	0.18807	0.06211	0.01548	0.00814	0.00261	0.00529	0.04143	0.39534	0.00878
50	0.02551	0.02063	0.02187	0.01852	0.02413	0.02348	0.01473	0.23368	0.42975	0.04263	0.03066	0.02869	0.02271	0.01138	0.00883	0.00285	0.00780	0.00919	0.00883	0.01415
51	0.02180	0.52859	0.20253	0.01751	0.02639	0.03080	0.01943	0.02651	0.01790	0.02237	0.01304	0.01514	0.01116	0.00768	0.00630	0.00210	0.01026	0.00513	0.00372	0.01164
52	0.01736	0.09064	0.35531	0.02273	0.03167	0.01882	0.08472	0.02484	0.01905	0.02660	0.02414	0.04106	0.02231	0.01257	0.00931	0.00305	0.01140	0.16818	0.00499	0.01126
53	0.03176	0.03543	0.02463	0.02148	0.02661	0.45029	0.01652	0.17431	0.08140	0.03078	0.01722	0.01847	0.01346	0.00960	0.00816	0.00240	0.01348	0.00653	0.00590	0.01157
54	0.01138	0.00894	0.01032	0.01015	0.01267	0.00788	0.00773	0.01449	0.02190	0.02848	0.31377	0.07695	0.37053	0.02043	0.01040	0.00292	0.00450	0.05008	0.00872	0.00776
55	0.01388	0.01046	0.01516	0.01883	0.08041	0.01032	0.01372	0.01733	0.01912	0.02529	0.04365	0.25332	0.04853	0.02331	0.01144	0.00374	0.00745	0.36799	0.00767	0.00837
56	0.01637	0.01369	0.01626	0.01274	0.01883	0.01058	0.00982	0.01971	0.01777	0.02701	0.02299	0.17196	0.02321	0.01125	0.00753	0.00181	0.00614	0.00968	0.00584	0.57681
57	0.01031	0.00884	0.00884	0.00884	0.01178	0.00736	0.00663	0.01252	0.01988	0.02356	0.08837	0.08395	0.63549	0.02209	0.01031	0.00295	0.00442	0.01841	0.00810	0.00736
58	0.01908	0.01908	0.02672	0.02290	0.02290	0.02672	0.01908	0.02099	0.01336	0.02099	0.01145	0.01908	0.01145	0.01527	0.02863	0.00382	0.67748	0.00763	0.00382	0.00954
59	0.18837	0.01083	0.01046	0.00966	0.01295	0.01124	0.00756	0.02383	0.01819	0.09716	0.02532	0.02801	0.01931	0.00975	0.00621	0.00225	0.00503	0.00741	0.49731	0.00912
60	0.01841	0.01738	0.02793	0.04096	0.46251	0.01697	0.02110	0.02276	0.01987	0.02711	0.03666	0.03914	0.18877	0.01180	0.00911	0.00269	0.00869	0.01077	0.00538	0.01200
61	0.01055	0.00788	0.00983	0.01139	0.01245	0.00715	0.00776	0.01223	0.01743	0.02257	0.05733	0.54902	0.19045	0.02612	0.01094	0.00341	0.00491	0.02333	0.00810	0.00715
62	0.18795	0.03278	0.35544	0.02866	0.17699	0.02021	0.02569	0.02696	0.01794	0.03048	0.01503	0.01820	0.01134	0.00812	0.00771	0.00271	0.01087	0.00637	0.00423	0.01232
63	0.02422	0.02572	0.03285	0.04610	0.49241	0.17349	0.02439	0.02870	0.02103	0.02678	0.01571	0.02019	0.01320	0.00806	0.00845	0.00251	0.01165	0.00726	0.00436	0.01293
64	0.02159	0.02073	0.03541	0.05354	0.63903	0.02073	0.02677	0.02677	0.01986	0.02850	0.01641	0.02159	0.01382	0.00777	0.00864	0.00259	0.01036	0.00777	0.00432	0.01382
65	0.01170	0.00829	0.00956	0.01010	0.01077	0.00789	0.00629	0.01251	0.01507	0.01956	0.04404	0.23248	0.14773	0.39212	0.02925	0.00613	0.00681	0.01699	0.00655	0.00615
66	0.01266	0.00855	0.00998	0.00998	0.01014	0.00871	0.00586	0.01298	0.01282	0.01726	0.02706	0.05473	0.03069	0.62873	0.10772	0.00903	0.00999	0.01234	0.00522	0.00554
67	0.01071	0.00853	0.00948	0.00990	0.01204	0.00744	0.00710	0.01287	0.01935	0.02424	0.13635	0.22616	0.41089	0.05018	0.01189	0.00329	0.00470	0.01942	0.00815	0.00731
68	0.02159	0.02073	0.03541	0.05354	0.63903	0.02073	0.02677	0.02677	0.01986	0.02850	0.01641	0.02159	0.01382	0.00777	0.00864	0.00259	0.01036	0.00777	0.00432	0.01382
69	0.03089	0.02255	0.02434	0.01926	0.02576	0.02496	0.01572	0.44627	0.17383	0.08628	0.02510	0.02414	0.01795	0.01080	0.00876	0.00270	0.00885	0.00837	0.00889	0.01460
70	0.01058	0.00869	0.00917	0.00934	0.01183	0.00744	0.00680	0.01272	0.01946	0.02375	0.11290	0.14368	0.51239	0.05719	0.01216	0.00328	0.00468	0.01862	0.00804	0.00728
71	0.02586	0.01855	0.02068	0.01768	0.02300	0.02051	0.01415	0.17219	0.34230	0.12395	0.03180	0.03269	0.02405	0.01508	0.04688	0.00354	0.00861	0.03612	0.00882	0.01356
72	0.02016	0.01905	0.03119	0.22404	0.41274	0.02045	0.02472	0.02752	0.08122	0.02757	0.01812	0.02318	0.01452	0.00846	0.00868	0.00272	0.01036	0.00798	0.00466	0.01265
73	0.01779	0.07782	0.61811	0.02436	0.03698	0.02097	0.03136	0.02755	0.01838	0.02727	0.01548	0.01819	0.01106	0.00825	0.00815	0.00272	0.01271	0.00636	0.00369	0.01281
74	0.01889	0.20168	0.50391	0.02248	0.03407	0.02367	0.02808	0.02726	0.01825	0.02592	0.01481	0.01736	0.01108	0.00809	0.00764	0.00255	0.01204	0.00602	0.00369	0.01248
75	0.02070	0.02247	0.04544	0.03956	0.18575	0.02215	0.41642	0.02705	0.01978	0.02746	0.01680	0.02267	0.01322	0.00815	0.01151	0.00293	0.07208	0.00946	0.00434	0.01206
76	0.22039	0.01112	0.01064	0.01010	0.01352	0.01101	0.00781	0.01717	0.01963	0.03072	0.19980	0.05974	0.32469	0.01712	0.00892	0.00283	0.00500	0.01392	0.00771	0.00816

[dist]
# distance from previous block
# <min> <max>
0	2

[block]
# block no. 11 follows, 20 sequences, length 18
# corresponding to MSA columns:
# 535-552
name=unknown_L
#
# <colnr> <probs for GDERKNQSTAVLIFYWHMCP>
#	G	D	E	R	K	N	Q	S	T	A	V	L	I	F	Y	W	H	M	C	P
0	0.02090	0.07151	0.02197	0.01584	0.02115	0.04577	0.01281	0.10808	0.06179	0.02964	0.02090	0.02532	0.04265	0.06622	0.01347	0.00271	0.10548	0.00742	0.00573	0.30065
1	0.01898	0.01837	0.03002	0.02144	0.02958	0.01536	0.22369	0.02410	0.01898	0.02825	0.01627	0.02003	0.01303	0.00678	0.00783	0.00188	0.00941	0.00700	0.00490	0.48410
2	0.28846	0.02295	0.02658	0.02069	0.02729	0.07540	0.13784	0.23176	0.02604	0.04088	0.01649	0.01863	0.01228	0.00885	0.00779	0.00268	0.01016	0.00706	0.00628	0.01188
