[name]
unknown

[dist]
# distance from previous block
# <min> <max>
2	14

[block]
# block no. 0 follows, 22 sequences, length 7
# corresponding to MSA columns:
# 14-20
name=unknown_A
#
# <colnr> <probs for GDERKNQSTAVLIFYWHMCP>
#	G	D	E	R	K	N	Q	S	T	A	V	L	I	F	Y	W	H	M	C	P
0	0.01368	0.01130	0.01642	0.01943	0.14819	0.01089	0.04231	0.01586	0.01628	0.02177	0.08103	0.09958	0.14434	0.29717	0.02275	0.00490	0.00750	0.01305	0.00578	0.00776
1	0.01410	0.15721	0.01878	0.01260	0.01495	0.01462	0.01003	0.01635	0.01382	0.01865	0.02085	0.03329	0.02069	0.19123	0.39611	0.00976	0.01634	0.00865	0.00439	0.00758
2	0.01201	0.01526	0.14741	0.01271	0.01603	0.00984	0.01147	0.01490	0.01577	0.02104	0.04171	0.23322	0.16646	0.22253	0.01922	0.00448	0.00722	0.01522	0.00603	0.00746
3	0.01873	0.01708	0.02327	0.01901	0.02419	0.01807	0.14107	0.06849	0.33854	0.03141	0.04035	0.03918	0.15859	0.01242	0.00903	0.00279	0.00778	0.01114	0.00739	0.01146
4	0.01744	0.01200	0.01673	0.02007	0.14969	0.01153	0.01217	0.02165	0.06390	0.12220	0.07785	0.23268	0.12508	0.06414	0.01161	0.00321	0.00644	0.01462	0.00730	0.00969
5	0.01318	0.01046	0.01496	0.01911	0.14749	0.01012	0.01108	0.01565	0.01742	0.02379	0.14768	0.23393	0.08157	0.16915	0.01687	0.00405	0.00652	0.04236	0.00663	0.00798
6	0.01450	0.01636	0.14938	0.01375	0.01778	0.01176	0.01304	0.04605	0.01795	0.02688	0.13647	0.03588	0.02976	0.08884	0.19095	0.00587	0.01123	0.00943	0.15545	0.00867

[dist]
# distance from previous block
# <min> <max>
1	2

[block]
# block no. 1 follows, 22 sequences, length 8
# corresponding to MSA columns:
# 23-30
name=unknown_B
#
# <colnr> <probs for GDERKNQSTAVLIFYWHMCP>
#	G	D	E	R	K	N	Q	S	T	A	V	L	I	F	Y	W	H	M	C	P
0	0.01158	0.00912	0.01007	0.01004	0.01211	0.00860	0.00714	0.01555	0.07791	0.02390	0.14541	0.14788	0.32221	0.14290	0.01559	0.00379	0.00516	0.01619	0.00751	0.00733
1	0.01165	0.01010	0.04985	0.01123	0.01288	0.00826	0.00848	0.01419	0.01799	0.02492	0.27411	0.24763	0.05505	0.19482	0.01818	0.00422	0.00575	0.01629	0.00733	0.00707
2	0.01849	0.16322	0.02996	0.12048	0.11831	0.02161	0.07467	0.02222	0.01650	0.02307	0.01601	0.05256	0.01438	0.01000	0.01175	0.00258	0.15884	0.00763	0.06189	0.05583
3	0.02538	0.02322	0.02555	0.03097	0.28138	0.19095	0.01828	0.07305	0.02234	0.11771	0.02512	0.02660	0.08322	0.00980	0.00823	0.00243	0.01015	0.00810	0.00575	0.01177
4	0.07014	0.01281	0.01592	0.06643	0.10822	0.01365	0.01167	0.04397	0.10638	0.02648	0.03135	0.03896	0.10564	0.16608	0.05120	0.00433	0.00796	0.00999	0.09981	0.00902
5	0.02712	0.01446	0.01758	0.01453	0.01965	0.01424	0.01164	0.07187	0.18362	0.32958	0.12100	0.03690	0.07584	0.01223	0.00868	0.00265	0.00643	0.01016	0.00934	0.01249
6	0.01143	0.00869	0.01088	0.01110	0.01312	0.00761	0.00788	0.01376	0.01794	0.02458	0.16557	0.40721	0.12111	0.02082	0.00972	0.00285	0.00476	0.01855	0.00760	0.11481
7	0.27559	0.01937	0.01862	0.01607	0.02056	0.11160	0.05639	0.15018	0.02155	0.03351	0.02186	0.17596	0.02127	0.01252	0.00776	0.00270	0.00841	0.01008	0.00621	0.00981

[dist]
# distance from previous block
# <min> <max>
1	3

[block]
# block no. 2 follows, 22 sequences, length 7
# corresponding to MSA columns:
# 34-40
name=unknown_C
#
# <colnr> <probs for GDERKNQSTAVLIFYWHMCP>
#	G	D	E	R	K	N	Q	S	T	A	V	L	I	F	Y	W	H	M	C	P
0	0.01893	0.02157	0.15635	0.34708	0.18682	0.01836	0.02420	0.02496	0.01797	0.08098	0.01660	0.02140	0.01229	0.00819	0.00821	0.00265	0.01068	0.00722	0.00434	0.01119
1	0.01738	0.01704	0.01754	0.01969	0.12574	0.11426	0.01269	0.02458	0.14661	0.02700	0.13409	0.04733	0.23435	0.01423	0.00891	0.00262	0.00726	0.01192	0.00693	0.00983
2	0.02243	0.02334	0.08609	0.02568	0.18154	0.11915	0.01771	0.18227	0.02545	0.03310	0.11515	0.03061	0.07956	0.01092	0.00847	0.00249	0.00933	0.00900	0.00624	0.01146
3	0.05406	0.02270	0.01921	0.01882	0.07147	0.23736	0.01340	0.12334	0.02335	0.02817	0.07711	0.03393	0.13863	0.01753	0.08113	0.00363	0.01116	0.00925	0.00600	0.00976
4	0.07791	0.01645	0.01657	0.16297	0.02563	0.11498	0.01295	0.07856	0.02010	0.02573	0.03785	0.17227	0.17574	0.01515	0.00876	0.00276	0.00817	0.01260	0.00614	0.00871
5	0.02307	0.02288	0.02247	0.02509	0.16994	0.19910	0.01630	0.11515	0.08402	0.02916	0.02727	0.03395	0.07790	0.01155	0.00846	0.00257	0.00983	0.07277	0.03759	0.01092
6	0.01690	0.01451	0.02050	0.01607	0.02138	0.01320	0.10418	0.09211	0.02038	0.02870	0.07528	0.09435	0.09238	0.01655	0.07356	0.00329	0.00878	0.01026	0.00606	0.27154

[dist]
# distance from previous block
# <min> <max>
15	42

[block]
# block no. 3 follows, 22 sequences, length 133
# corresponding to MSA columns:
# 83-215
name=unknown_D
#
# <colnr> <probs for GDERKNQSTAVLIFYWHMCP>
#	G	D	E	R	K	N	Q	S	T	A	V	L	I	F	Y	W	H	M	C	P
0	0.01938	0.02004	0.05718	0.24566	0.36345	0.05160	0.02359	0.02594	0.06401	0.02547	0.01652	0.02142	0.01316	0.00805	0.00822	0.00258	0.01036	0.00739	0.00428	0.01171
1	0.02368	0.02524	0.03217	0.11971	0.21406	0.19197	0.14846	0.09347	0.02219	0.02724	0.01551	0.01963	0.01223	0.00802	0.00839	0.00249	0.01216	0.00738	0.00458	0.01141
2	0.01988	0.02790	0.23515	0.08369	0.32757	0.05238	0.02557	0.04865	0.04987	0.02740	0.01625	0.01991	0.01267	0.00797	0.00810	0.00254	0.01080	0.00699	0.00426	0.01245
3	0.02048	0.02081	0.02006	0.13734	0.05808	0.20266	0.01515	0.09279	0.02091	0.02485	0.02468	0.23906	0.02557	0.01455	0.00974	0.00278	0.04341	0.01205	0.00571	0.00931
4	0.02242	0.02438	0.02858	0.13408	0.31078	0.21538	0.04870	0.02641	0.01958	0.02353	0.01535	0.02123	0.01310	0.04966	0.01012	0.00276	0.01166	0.00717	0.00416	0.01094
5	0.02798	0.03117	0.05621	0.06218	0.05917	0.34409	0.01777	0.18953	0.02585	0.02954	0.01493	0.01740	0.01177	0.00932	0.00944	0.00244	0.06860	0.00634	0.00522	0.01107
6	0.02282	0.02579	0.14045	0.03738	0.35543	0.07901	0.05963	0.09343	0.02159	0.06073	0.01665	0.01997	0.01293	0.00799	0.00821	0.00249	0.01077	0.00720	0.00480	0.01273
7	0.01352	0.03599	0.01189	0.01071	0.01320	0.00891	0.00812	0.01588	0.01869	0.08076	0.13674	0.17733	0.28645	0.06301	0.04481	0.00371	0.00604	0.04878	0.00765	0.00780
8	0.01420	0.00979	0.01272	0.01221	0.01386	0.01105	0.00930	0.05238	0.01565	0.02363	0.02325	0.03359	0.02125	0.12624	0.37012	0.00893	0.04492	0.00887	0.18037	0.00767
9	0.09659	0.10202	0.02475	0.07051	0.02638	0.21639	0.01536	0.22305	0.08934	0.03366	0.01715	0.01845	0.01316	0.00903	0.00746	0.00237	0.01047	0.00643	0.00596	0.01146
10	0.05987	0.03332	0.02387	0.02145	0.04894	0.44127	0.01605	0.20039	0.02737	0.03029	0.01490	0.01653	0.01169	0.00888	0.00766	0.00227	0.01281	0.00599	0.00544	0.01101
11	0.01698	0.01113	0.01283	0.01204	0.01534	0.01074	0.00912	0.02367	0.14931	0.13589	0.07907	0.19157	0.26335	0.01803	0.00944	0.00288	0.00532	0.01543	0.00837	0.00950
12	0.01044	0.00758	0.00986	0.01110	0.01206	0.00700	0.00764	0.01246	0.01773	0.02385	0.17659	0.52167	0.10375	0.02375	0.01038	0.00317	0.00458	0.02136	0.00801	0.00700
13	0.03000	0.03592	0.02284	0.02047	0.02488	0.56143	0.01550	0.08584	0.05309	0.02424	0.01498	0.01677	0.01209	0.00885	0.00754	0.00219	0.01365	0.00582	0.03377	0.01012
14	0.01187	0.00890	0.01335	0.01335	0.01483	0.01038	0.01038	0.01483	0.01335	0.01928	0.02225	0.03264	0.02077	0.06231	0.67512	0.01335	0.02225	0.00890	0.00445	0.00742
15	0.02988	0.03741	0.02466	0.02465	0.09499	0.60270	0.01709	0.03233	0.02303	0.02108	0.01315	0.01559	0.01097	0.00843	0.00757	0.00218	0.01442	0.00558	0.00426	0.01002
16	0.01104	0.00857	0.01011	0.01004	0.01239	0.00765	0.00774	0.01411	0.02092	0.02736	0.32280	0.07380	0.34038	0.01951	0.00999	0.00283	0.00446	0.08052	0.00832	0.00744
17	0.01465	0.01215	0.01718	0.01590	0.01729	0.01521	0.01273	0.05145	0.01466	0.02137	0.01915	0.02812	0.01780	0.04679	0.46718	0.01018	0.19706	0.00839	0.00446	0.00824
18	0.01127	0.00843	0.01064	0.01096	0.01281	0.00762	0.00806	0.01403	0.01951	0.02645	0.27468	0.28643	0.15695	0.02066	0.01002	0.00293	0.00466	0.06107	0.00810	0.04471
19	0.01723	0.01477	0.01723	0.01230	0.01969	0.01107	0.00984	0.02092	0.01723	0.02707	0.01477	0.01723	0.01230	0.00615	0.00615	0.00123	0.00615	0.00492	0.00492	0.75883
20	0.02850	0.03183	0.05495	0.01973	0.02538	0.37143	0.01591	0.18782	0.05285	0.03037	0.01591	0.01734	0.01239	0.00875	0.00762	0.00219	0.01199	0.00607	0.00554	0.09344
21	0.11110	0.03116	0.02280	0.01968	0.02436	0.38506	0.01536	0.18711	0.02578	0.03055	0.01442	0.01635	0.01143	0.00928	0.00890	0.00239	0.06224	0.00595	0.00538	0.01070
22	0.01299	0.00806	0.01060	0.01179	0.01294	0.00791	0.00898	0.01484	0.01637	0.02327	0.03603	0.25874	0.03885	0.02210	0.01352	0.12958	0.00590	0.19619	0.16464	0.00671
23	0.02526	0.02738	0.02929	0.03765	0.37558	0.26365	0.02127	0.07258	0.02211	0.02646	0.01491	0.01844	0.01232	0.00802	0.00796	0.00235	0.01172	0.00665	0.00448	0.01192
24	0.01041	0.00831	0.00895	0.00897	0.01115	0.00725	0.00644	0.01245	0.01849	0.02304	0.15335	0.10984	0.45562	0.11213	0.01418	0.00351	0.00471	0.01681	0.00756	0.00685
25	0.03184	0.02285	0.02467	0.01891	0.02555	0.02514	0.01563	0.60147	0.03836	0.08040	0.02054	0.02033	0.01442	0.00999	0.00831	0.00250	0.00905	0.00752	0.00840	0.01413
26	0.02760	0.07831	0.02767	0.05917	0.16010	0.24771	0.01817	0.22239	0.02674	0.03209	0.01572	0.01799	0.01234	0.00865	0.00779	0.00233	0.01138	0.00650	0.00546	0.01188
27	0.01065	0.00845	0.00957	0.00929	0.01173	0.00737	0.00697	0.01353	0.02090	0.02711	0.32781	0.07227	0.40629	0.01930	0.00981	0.00272	0.00408	0.01646	0.00833	0.00737
28	0.02884	0.07634	0.02494	0.09416	0.02889	0.53671	0.01670	0.05666	0.02304	0.02174	0.01328	0.01588	0.01089	0.00851	0.00749	0.00220	0.01394	0.00561	0.00434	0.00984
29	0.01177	0.00868	0.01042	0.01132	0.01227	0.00863	0.00753	0.01530	0.08382	0.02144	0.04156	0.42383	0.07960	0.20210	0.01859	0.00450	0.00582	0.01869	0.00709	0.00702
30	0.02463	0.38635	0.03594	0.02263	0.13491	0.15202	0.01673	0.09292	0.02095	0.02464	0.01344	0.01565	0.01149	0.00775	0.00658	0.00205	0.01025	0.00547	0.00431	0.01129
31	0.02670	0.25994	0.09528	0.01919	0.02530	0.37157	0.01693	0.05386	0.02138	0.02198	0.01292	0.01490	0.01081	0.00807	0.00686	0.00209	0.01247	0.00522	0.00413	0.01042
32	0.29911	0.02151	0.02022	0.02271	0.15363	0.17182	0.01478	0.02520	0.01718	0.02791	0.01411	0.01811	0.01194	0.01545	0.09655	0.00393	0.04544	0.00603	0.00456	0.00982
33	0.01630	0.01255	0.01454	0.01296	0.01619	0.01306	0.01002	0.10339	0.16363	0.03568	0.40402	0.05030	0.08372	0.01495	0.00930	0.00265	0.00522	0.01287	0.00881	0.00983
34	0.01097	0.00820	0.00979	0.01048	0.01197	0.00755	0.00755	0.01295	0.01742	0.02243	0.11659	0.23845	0.24698	0.14366	0.01598	0.00400	0.00548	0.09541	0.00738	0.00676
35	0.01839	0.03080	0.31361	0.03163	0.12072	0.02029	0.26045	0.02604	0.01831	0.02626	0.01556	0.01986	0.01170	0.00778	0.00954	0.00272	0.04288	0.00778	0.00386	0.01184
36	0.00997	0.00817	0.00879	0.00917	0.01145	0.00699	0.00668	0.01201	0.01850	0.02266	0.10129	0.21065	0.50105	0.02191	0.00998	0.00292	0.00432	0.01871	0.00778	0.00699
37	0.21701	0.15013	0.08091	0.01500	0.02076	0.13518	0.01347	0.09041	0.02019	0.02907	0.02585	0.02656	0.12416	0.01037	0.00702	0.00239	0.00883	0.00742	0.00535	0.00993
38	0.02882	0.03540	0.02569	0.02765	0.15884	0.53638	0.01805	0.03155	0.02257	0.02177	0.01343	0.01616	0.01122	0.00832	0.00765	0.00221	0.01390	0.00578	0.00424	0.01038
39	0.01138	0.00776	0.00927	0.00995	0.01013	0.00759	0.00599	0.01190	0.01344	0.01793	0.03317	0.28542	0.03902	0.46495	0.03099	0.00639	0.00690	0.01619	0.00599	0.00564
40	0.01740	0.01492	0.01730	0.01253	0.01978	0.01155	0.01001	0.02207	0.04830	0.02745	0.01571	0.01791	0.01295	0.00641	0.00627	0.00131	0.00617	0.00514	0.00510	0.72170
41	0.01012	0.00723	0.00964	0.01157	0.01205	0.00675	0.00771	0.01157	0.01591	0.02121	0.04579	0.70262	0.05495	0.02603	0.01060	0.00337	0.00482	0.02362	0.00771	0.00675
42	0.02849	0.02536	0.02705	0.02817	0.19649	0.14532	0.01847	0.35402	0.03071	0.03955	0.01745	0.01918	0.01323	0.00901	0.00813	0.00242	0.01043	0.00706	0.00642	0.01303
43	0.02717	0.15718	0.02643	0.01868	0.02398	0.30155	0.01502	0.13328	0.16252	0.02873	0.01846	0.01907	0.01453	0.00913	0.00744	0.00228	0.01100	0.00644	0.00575	0.01136
44	0.01188	0.00884	0.01304	0.01304	0.01441	0.01021	0.00999	0.01463	0.01326	0.01905	0.02254	0.03423	0.02146	0.10967	0.62870	0.01296	0.02121	0.00913	0.00449	0.00724
45	0.03112	0.03686	0.02377	0.02102	0.02570	0.56606	0.01601	0.13283	0.02614	0.02569	0.01403	0.01581	0.01127	0.00880	0.00763	0.00220	0.01400	0.00571	0.00495	0.01038
46	0.00982	0.00842	0.00842	0.00842	0.01122	0.00701	0.00631	0.01192	0.01894	0.02244	0.08416	0.07995	0.65285	0.02104	0.00982	0.00281	0.00421	0.01753	0.00771	0.00701
47	0.01042	0.00844	0.00925	0.00905	0.01159	0.00727	0.00679	0.01309	0.02036	0.02583	0.26105	0.07437	0.47385	0.01978	0.00981	0.00275	0.00412	0.01675	0.00816	0.00727
48	0.03158	0.02327	0.02493	0.01911	0.02576	0.02576	0.01579	0.62852	0.03906	0.05236	0.01995	0.01995	0.01413	0.00997	0.00831	0.00249	0.00914	0.00748	0.00831	0.01413
49	0.01042	0.00844	0.00925	0.00905	0.01159	0.00727	0.00679	0.01309	0.02036	0.02583	0.26105	0.07437	0.47385	0.01978	0.00981	0.00275	0.00412	0.01675	0.00816	0.00727
50	0.02221	0.71304	0.04353	0.01421	0.02132	0.03287	0.01421	0.02488	0.01688	0.01955	0.01155	0.01333	0.01066	0.00711	0.00533	0.00178	0.00888	0.00444	0.00355	0.01066
51	0.01187	0.00890	0.01335	0.01335	0.01483	0.01038	0.01038	0.01483	0.01335	0.01928	0.02225	0.03264	0.02077	0.06231	0.67512	0.01335	0.02225	0.00890	0.00445	0.00742
52	0.76672	0.01607	0.01221	0.01092	0.01607	0.01864	0.00900	0.02442	0.01414	0.03727	0.01157	0.01350	0.00900	0.00771	0.00514	0.00257	0.00643	0.00450	0.00514	0.00900
53	0.01187	0.00890	0.01335	0.01335	0.01483	0.01038	0.01038	0.01483	0.01335	0.01928	0.02225	0.03264	0.02077	0.06231	0.67512	0.01335	0.02225	0.00890	0.00445	0.00742
54	0.02718	0.02402	0.02226	0.01865	0.02411	0.13850	0.01480	0.29302	0.27355	0.03976	0.02415	0.02342	0.01795	0.01023	0.00822	0.00256	0.00916	0.00786	0.00765	0.01295
55	0.01208	0.00805	0.00906	0.00906	0.00906	0.00805	0.00503	0.01208	0.01208	0.01611	0.02618	0.05436	0.03020	0.70804	0.04228	0.00805	0.00805	0.01208	0.00503	0.00503
56	0.01339	0.00956	0.01339	0.01530	0.01721	0.00956	0.01339	0.01721	0.01912	0.02486	0.04399	0.09371	0.04781	0.02295	0.01147	0.00382	0.00765	0.60031	0.00765	0.00765
57	0.76672	0.01607	0.01221	0.01092	0.01607	0.01864	0.00900	0.02442	0.01414	0.03727	0.01157	0.01350	0.00900	0.00771	0.00514	0.00257	0.00643	0.00450	0.00514	0.00900
58	0.01012	0.00723	0.00964	0.01157	0.01205	0.00675	0.00771	0.01157	0.01591	0.02121	0.04579	0.70262	0.05495	0.02603	0.01060	0.00337	0.00482	0.02362	0.00771	0.00675
59	0.01549	0.00774	0.00774	0.00774	0.00968	0.00774	0.00581	0.01936	0.01742	0.03097	0.02710	0.03097	0.02129	0.00968	0.00581	0.00194	0.00387	0.00774	0.75416	0.00774
60	0.01078	0.00831	0.00992	0.01037	0.01237	0.00745	0.00778	0.01341	0.01952	0.02529	0.22026	0.20827	0.30968	0.02124	0.01016	0.00299	0.00464	0.08222	0.00808	0.00724
61	0.01220	0.00984	0.01471	0.22213	0.02620	0.01063	0.01252	0.01544	0.01773	0.02377	0.16411	0.35531	0.04622	0.01860	0.00972	0.00302	0.00658	0.01674	0.00676	0.00775
62	0.01641	0.00864	0.00873	0.00840	0.01060	0.00878	0.00638	0.05437	0.01867	0.03220	0.02669	0.03034	0.02088	0.00970	0.00595	0.00197	0.00417	0.00773	0.71130	0.00811
63	0.02056	0.01974	0.03372	0.05099	0.65622	0.01974	0.02550	0.02550	0.01892	0.02714	0.01563	0.02056	0.01316	0.00740	0.00822	0.00247	0.00987	0.00740	0.00411	0.01316
64	0.03106	0.03866	0.02362	0.02127	0.02569	0.63740	0.01604	0.06739	0.02443	0.02217	0.01325	0.01527	0.01090	0.00864	0.00754	0.00216	0.01465	0.00547	0.00451	0.00989
65	0.02056	0.01974	0.03372	0.05099	0.65622	0.01974	0.02550	0.02550	0.01892	0.02714	0.01563	0.02056	0.01316	0.00740	0.00822	0.00247	0.00987	0.00740	0.00411	0.01316
66	0.01190	0.00879	0.01278	0.01278	0.01407	0.01007	0.00967	0.01447	0.01318	0.01886	0.02277	0.03553	0.02202	0.14819	0.59095	0.01265	0.02036	0.00932	0.00453	0.00710
67	0.00982	0.00842	0.00842	0.00842	0.01122	0.00701	0.00631	0.01192	0.01894	0.02244	0.08416	0.07995	0.65285	0.02104	0.00982	0.00281	0.00421	0.01753	0.00771	0.00701
68	0.01187	0.00890	0.01335	0.01335	0.01483	0.01038	0.01038	0.01483	0.01335	0.01928	0.02225	0.03264	0.02077	0.06231	0.67512	0.01335	0.02225	0.00890	0.00445	0.00742
69	0.01666	0.04297	0.66500	0.02368	0.03596	0.01929	0.03069	0.02631	0.01754	0.02631	0.01491	0.01754	0.01052	0.00789	0.00789	0.00263	0.01228	0.00614	0.00351	0.01228
70	0.02056	0.01974	0.03372	0.05099	0.65622	0.01974	0.02550	0.02550	0.01892	0.02714	0.01563	0.02056	0.01316	0.00740	0.00822	0.00247	0.00987	0.00740	0.00411	0.01316
71	0.01037	0.00844	0.00919	0.00900	0.01156	0.00725	0.00675	0.01300	0.02025	0.02556	0.24694	0.07482	0.48812	0.01988	0.00981	0.00275	0.00413	0.01681	0.00812	0.00725
72	0.01405	0.01122	0.01253	0.01249	0.01489	0.01169	0.00925	0.02253	0.21114	0.02522	0.04719	0.16676	0.17776	0.14053	0.01545	0.00395	0.00612	0.08115	0.00746	0.00860
73	0.02768	0.01901	0.05261	0.01687	0.02229	0.01893	0.01410	0.30240	0.05671	0.18769	0.02560	0.08070	0.02053	0.07084	0.01223	0.00313	0.03889	0.00940	0.00801	0.01239
74	0.01672	0.01582	0.02678	0.55354	0.18371	0.01873	0.02358	0.02213	0.01710	0.02247	0.01495	0.02181	0.01151	0.00811	0.00829	0.00270	0.01082	0.00739	0.00378	0.01006
75	0.01652	0.01574	0.02226	0.01959	0.01998	0.02148	0.01613	0.01864	0.01289	0.01981	0.01389	0.02198	0.01350	0.02710	0.19763	0.00619	0.51650	0.00770	0.00385	0.00865
76	0.01962	0.01844	0.02980	0.07416	0.49234	0.01785	0.02207	0.02432	0.01845	0.02683	0.01540	0.01993	0.01288	0.00718	0.00779	0.00222	0.00914	0.00688	0.00426	0.17044
77	0.02696	0.03074	0.02494	0.02343	0.07093	0.38534	0.01727	0.09460	0.02208	0.02426	0.01332	0.01677	0.01131	0.01020	0.01281	0.00259	0.19143	0.00624	0.00454	0.01024
78	0.01033	0.00755	0.00935	0.01068	0.01151	0.00697	0.00711	0.01170	0.01593	0.02075	0.04996	0.50630	0.15738	0.11585	0.01468	0.00390	0.00514	0.02101	0.00736	0.00657
79	0.00987	0.00821	0.00863	0.00897	0.01137	0.00697	0.00656	0.01186	0.01840	0.02222	0.07737	0.19005	0.54713	0.02192	0.00996	0.00291	0.00432	0.01861	0.00771	0.00697
80	0.01616	0.16097	0.02084	0.01442	0.01740	0.08816	0.01182	0.01897	0.01522	0.01945	0.01896	0.02662	0.01753	0.04474	0.46029	0.00967	0.01863	0.00757	0.00424	0.00835
81	0.02260	0.06457	0.02771	0.13959	0.16697	0.16686	0.04477	0.06372	0.11956	0.02629	0.01748	0.02069	0.01393	0.00907	0.00941	0.00256	0.06086	0.00718	0.00495	0.01124
82	0.02035	0.02558	0.16481	0.03978	0.41924	0.05739	0.02469	0.02816	0.08730	0.02741	0.01731	0.02075	0.01380	0.00800	0.00814	0.00252	0.01031	0.00724	0.00447	0.01277
83	0.02090	0.06457	0.21973	0.02556	0.09902	0.14480	0.10549	0.02989	0.12435	0.02623	0.02082	0.02278	0.04095	0.00893	0.00817	0.00254	0.01129	0.00759	0.00483	0.01156
84	0.01183	0.00795	0.00913	0.00938	0.00944	0.00789	0.00537	0.01202	0.01256	0.01675	0.02865	0.13617	0.03332	0.62198	0.03829	0.00746	0.00765	0.01354	0.00537	0.00525
85	0.02219	0.52127	0.15125	0.01667	0.02438	0.10032	0.01733	0.02603	0.01772	0.02083	0.01228	0.01425	0.01064	0.00740	0.00602	0.00197	0.01015	0.00484	0.00362	0.01083
86	0.01055	0.00756	0.01002	0.01128	0.01214	0.00703	0.00774	0.01264	0.01790	0.02438	0.20446	0.53492	0.06108	0.02366	0.01039	0.00317	0.00458	0.02137	0.00809	0.00703
87	0.01723	0.01477	0.01723	0.01230	0.01969	0.01107	0.00984	0.02092	0.01723	0.02707	0.01477	0.01723	0.01230	0.00615	0.00615	0.00123	0.00615	0.00492	0.00492	0.75883
88	0.00990	0.00811	0.00874	0.00924	0.01144	0.00694	0.00668	0.01183	0.01814	0.02212	0.07411	0.24297	0.49631	0.02235	0.01002	0.00295	0.00437	0.01913	0.00771	0.00694
89	0.02003	0.01919	0.03275	0.12102	0.59038	0.01960	0.02523	0.02503	0.01866	0.02649	0.01553	0.02074	0.01293	0.00750	0.00823	0.00250	0.01000	0.00740	0.00407	0.01273
90	0.01762	0.13076	0.54606	0.02399	0.06966	0.02112	0.02820	0.02607	0.01753	0.02546	0.01450	0.01715	0.01069	0.00776	0.00757	0.00251	0.01169	0.00599	0.00355	0.01211
91	0.03103	0.03959	0.02354	0.02140	0.02568	0.67469	0.01605	0.03317	0.02354	0.02033	0.01284	0.01498	0.01070	0.00856	0.00749	0.00214	0.01498	0.00535	0.00428	0.00963
92	0.01338	0.01046	0.01237	0.01154	0.01419	0.01044	0.00876	0.02119	0.15335	0.03217	0.44582	0.05788	0.14359	0.01632	0.00952	0.00268	0.00452	0.01417	0.00881	0.00885
93	0.01176	0.01016	0.01207	0.01127	0.01338	0.01047	0.00878	0.01425	0.01894	0.02463	0.20787	0.06472	0.40104	0.01891	0.01290	0.00291	0.12590	0.01511	0.00734	0.00758
94	0.01011	0.00728	0.00959	0.01143	0.01201	0.00676	0.00765	0.01158	0.01603	0.02126	0.04742	0.67616	0.08036	0.02581	0.01057	0.00335	0.00479	0.02336	0.00771	0.00676
95	0.01207	0.00812	0.00938	0.00938	0.00948	0.00822	0.00543	0.01228	0.01217	0.01634	0.02589	0.05277	0.02951	0.66068	0.08870	0.00844	0.00910	0.01185	0.00499	0.00521
96	0.01187	0.00890	0.01335	0.01335	0.01483	0.01038	0.01038	0.01483	0.01335	0.01928	0.02225	0.03264	0.02077	0.06231	0.67512	0.01335	0.02225	0.00890	0.00445	0.00742
97	0.02744	0.01388	0.01764	0.01380	0.01956	0.01224	0.01115	0.05920	0.05379	0.35746	0.13790	0.03167	0.02899	0.01063	0.00815	0.00230	0.00639	0.00882	0.00877	0.17024
98	0.01156	0.00941	0.01339	0.01231	0.01473	0.00853	0.06167	0.01471	0.02025	0.02711	0.30881	0.20673	0.22081	0.01921	0.00998	0.00285	0.00508	0.01716	0.00801	0.00767
99	0.01989	0.02156	0.02136	0.01910	0.02132	0.22086	0.03950	0.02244	0.01659	0.02011	0.01593	0.02270	0.01455	0.03001	0.25953	0.00672	0.20757	0.00738	0.00416	0.00873
100	0.01207	0.00810	0.00927	0.00927	0.00934	0.00817	0.00530	0.01222	0.01214	0.01626	0.02598	0.05330	0.02974	0.67628	0.07341	0.00831	0.00875	0.01192	0.00501	0.00515
101	0.02440	0.02807	0.03339	0.03573	0.26666	0.27416	0.16384	0.02874	0.02087	0.02437	0.01482	0.01883	0.01207	0.00776	0.00831	0.00242	0.01283	0.00717	0.00420	0.01133
102	0.26041	0.02813	0.02036	0.01756	0.02271	0.30601	0.01379	0.18114	0.02454	0.03372	0.01424	0.01577	0.01104	0.00865	0.00697	0.00236	0.01084	0.00562	0.00557	0.01057
103	0.01215	0.00931	0.01388	0.01372	0.01514	0.01105	0.01073	0.01506	0.01332	0.01932	0.02175	0.03200	0.02033	0.06020	0.64657	0.01292	0.05180	0.00883	0.00441	0.00749
104	0.00982	0.00842	0.00842	0.00842	0.01122	0.00701	0.00631	0.01192	0.01894	0.02244	0.08416	0.07995	0.65285	0.02104	0.00982	0.00281	0.00421	0.01753	0.00771	0.00701
105	0.01378	0.01155	0.01285	0.01265	0.01389	0.07322	0.00909	0.01564	0.01389	0.01829	0.02270	0.03842	0.02305	0.27941	0.39336	0.01045	0.01667	0.00966	0.00463	0.00681
106	0.03103	0.03959	0.02354	0.02140	0.02568	0.67469	0.01605	0.03317	0.02354	0.02033	0.01284	0.01498	0.01070	0.00856	0.00749	0.00214	0.01498	0.00535	0.00428	0.00963
107	0.01208	0.00805	0.00906	0.00906	0.00906	0.00805	0.00503	0.01208	0.01208	0.01611	0.02618	0.05436	0.03020	0.70804	0.04228	0.00805	0.00805	0.01208	0.00503	0.00503
108	0.01178	0.00793	0.00915	0.00944	0.00952	0.00785	0.00544	0.01200	0.01266	0.01689	0.02916	0.15316	0.03397	0.60410	0.03746	0.00734	0.00756	0.01384	0.00544	0.00529
109	0.02616	0.02234	0.02230	0.01848	0.02309	0.12391	0.01489	0.35315	0.02892	0.03756	0.01855	0.02171	0.01472	0.02124	0.15122	0.00484	0.07144	0.00743	0.00646	0.01157
110	0.01179	0.00793	0.00915	0.00943	0.00950	0.00786	0.00543	0.01201	0.01264	0.01686	0.02907	0.14991	0.03385	0.60753	0.03761	0.00736	0.00758	0.01378	0.00543	0.00529
111	0.01208	0.00805	0.00906	0.00906	0.00906	0.00805	0.00503	0.01208	0.01208	0.01611	0.02618	0.05436	0.03020	0.70804	0.04228	0.00805	0.00805	0.01208	0.00503	0.00503
112	0.01852	0.01920	0.03117	0.02502	0.02706	0.02437	0.16584	0.02160	0.01440	0.02160	0.01234	0.01920	0.01132	0.01271	0.02302	0.00343	0.52793	0.00789	0.00377	0.00960
113	0.01259	0.00981	0.01411	0.01371	0.01483	0.01173	0.01053	0.01504	0.01311	0.01894	0.02153	0.03394	0.02094	0.14294	0.51974	0.01158	0.09408	0.00914	0.00444	0.00728
114	0.01012	0.00723	0.00964	0.01157	0.01205	0.00675	0.00771	0.01157	0.01591	0.02121	0.04579	0.70262	0.05495	0.02603	0.01060	0.00337	0.00482	0.02362	0.00771	0.00675
115	0.01208	0.00805	0.00906	0.00906	0.00906	0.00805	0.00503	0.01208	0.01208	0.01611	0.02618	0.05436	0.03020	0.70804	0.04228	0.00805	0.00805	0.01208	0.00503	0.00503
116	0.01764	0.03715	0.50674	0.03053	0.19145	0.01940	0.02939	0.02610	0.01788	0.02652	0.01509	0.01830	0.01118	0.00777	0.00798	0.00259	0.01167	0.00646	0.00366	0.01250
117	0.01369	0.00791	0.00844	0.00844	0.00935	0.00791	0.00540	0.01552	0.01461	0.02314	0.02661	0.04330	0.02599	0.37773	0.02503	0.00516	0.00608	0.01003	0.35936	0.00632
118	0.01003	0.00842	0.00871	0.00864	0.01135	0.00710	0.00648	0.01234	0.01944	0.02364	0.14656	0.07798	0.58970	0.02059	0.00982	0.00278	0.00418	0.01726	0.00787	0.00710
119	0.01190	0.00879	0.01278	0.01278	0.01407	0.01007	0.00967	0.01447	0.01318	0.01886	0.02277	0.03553	0.02202	0.14819	0.59095	0.01265	0.02036	0.00932	0.00453	0.00710
120	0.03064	0.06953	0.02443	0.02108	0.02549	0.64616	0.01597	0.03280	0.02325	0.02030	0.01278	0.01491	0.01070	0.00850	0.00739	0.00212	0.01471	0.00531	0.00425	0.00968
121	0.02694	0.02036	0.02226	0.01794	0.02354	0.02277	0.01458	0.43888	0.14694	0.04470	0.02282	0.02368	0.01709	0.01717	0.09702	0.00400	0.01041	0.00802	0.00782	0.01305
122	0.03103	0.03959	0.02354	0.02140	0.02568	0.67469	0.01605	0.03317	0.02354	0.02033	0.01284	0.01498	0.01070	0.00856	0.00749	0.00214	0.01498	0.00535	0.00428	0.00963
123	0.01049	0.00779	0.00979	0.01067	0.01199	0.00708	0.00748	0.01271	0.01847	0.02461	0.21177	0.41631	0.17497	0.02271	0.01024	0.00307	0.00447	0.02021	0.00809	0.00708
124	0.01003	0.00760	0.00926	0.01059	0.01179	0.00683	0.00728	0.01168	0.01685	0.02159	0.05774	0.50860	0.24125	0.02447	0.01036	0.00320	0.00463	0.02172	0.00771	0.00683
125	0.01176	0.00849	0.01110	0.01045	0.01241	0.00784	0.00784	0.01568	0.02352	0.03331	0.65184	0.06206	0.07839	0.01698	0.00980	0.00261	0.00392	0.01502	0.00914	0.00784
126	0.00998	0.00811	0.00886	0.00933	0.01149	0.00698	0.00675	0.01200	0.01835	0.02261	0.09956	0.24217	0.47056	0.02216	0.01002	0.00295	0.00436	0.01901	0.00778	0.00698
127	0.00993	0.00842	0.00858	0.00854	0.01129	0.00706	0.00640	0.01215	0.01921	0.02309	0.11802	0.07888	0.61859	0.02080	0.00982	0.00279	0.00419	0.01738	0.00780	0.00706
128	0.76672	0.01607	0.01221	0.01092	0.01607	0.01864	0.00900	0.02442	0.01414	0.03727	0.01157	0.01350	0.00900	0.00771	0.00514	0.00257	0.00643	0.00450	0.00514	0.00900
129	0.02146	0.01385	0.01482	0.01257	0.01630	0.01493	0.01002	0.25538	0.02552	0.03841	0.02397	0.02682	0.01847	0.01365	0.05588	0.00299	0.00726	0.00773	0.40978	0.01020
130	0.03107	0.03840	0.02364	0.02123	0.02569	0.62709	0.01603	0.07684	0.02468	0.02268	0.01336	0.01535	0.01095	0.00866	0.00755	0.00217	0.01455	0.00551	0.00458	0.00996
131	0.76672	0.01607	0.01221	0.01092	0.01607	0.01864	0.00900	0.02442	0.01414	0.03727	0.01157	0.01350	0.00900	0.00771	0.00514	0.00257	0.00643	0.00450	0.00514	0.00900
132	0.01988	0.01778	0.06580	0.01517	0.02132	0.01541	0.01300	0.18925	0.02261	0.03242	0.01927	0.06000	0.01656	0.01796	0.11998	0.00385	0.01007	0.00747	0.00584	0.32635

[dist]
# distance from previous block
# <min> <max>
0	9

[block]
# block no. 4 follows, 22 sequences, length 22
# corresponding to MSA columns:
# 225-246
name=unknown_E
#
# <colnr> <probs for GDERKNQSTAVLIFYWHMCP>
#	G	D	E	R	K	N	Q	S	T	A	V	L	I	F	Y	W	H	M	C	P
0	0.01738	0.01701	0.02393	0.02075	0.02093	0.02355	0.01720	0.01935	0.01280	0.01990	0.01233	0.01999	0.01214	0.02054	0.10859	0.00485	0.60866	0.00747	0.00374	0.00888
1	0.01339	0.00956	0.01339	0.01530	0.01721	0.00956	0.01339	0.01721	0.01912	0.02486	0.04399	0.09371	0.04781	0.02295	0.01147	0.00382	0.00765	0.60031	0.00765	0.00765
2	0.02729	0.32504	0.03201	0.01836	0.02383	0.40265	0.01527	0.02966	0.02072	0.02000	0.01229	0.01428	0.01068	0.00794	0.00658	0.00199	0.01240	0.00497	0.00397	0.01007
3	0.01718	0.02309	0.19844	0.10835	0.27489	0.01706	0.02359	0.02314	0.01832	0.02562	0.02338	0.03595	0.04439	0.01108	0.00881	0.00281	0.01002	0.11797	0.00470	0.01120
4	0.01085	0.00775	0.01047	0.01240	0.01320	0.00737	0.00897	0.01282	0.01662	0.02202	0.04539	0.56707	0.05336	0.02534	0.01080	0.00347	0.00545	0.15199	0.00770	0.00695
5	0.02854	0.01557	0.01890	0.01501	0.02031	0.01542	0.01219	0.22412	0.02865	0.29483	0.19586	0.03470	0.03410	0.01199	0.00873	0.00256	0.00689	0.00987	0.00934	0.01243
6	0.03155	0.02416	0.02486	0.01924	0.02576	0.06119	0.01580	0.59602	0.03821	0.05061	0.01956	0.01967	0.01394	0.00990	0.00827	0.00247	0.00946	0.00736	0.00809	0.01388
7	0.02221	0.71304	0.04353	0.01421	0.02132	0.03287	0.01421	0.02488	0.01688	0.01955	0.01155	0.01333	0.01066	0.00711	0.00533	0.00178	0.00888	0.00444	0.00355	0.01066
8	0.01319	0.00950	0.01312	0.01493	0.01689	0.00942	0.01300	0.01693	0.01911	0.02473	0.04616	0.09296	0.08052	0.02285	0.01138	0.00377	0.00746	0.56880	0.00765	0.00762
9	0.76672	0.01607	0.01221	0.01092	0.01607	0.01864	0.00900	0.02442	0.01414	0.03727	0.01157	0.01350	0.00900	0.00771	0.00514	0.00257	0.00643	0.00450	0.00514	0.00900
10	0.01729	0.01640	0.02781	0.47861	0.25416	0.01888	0.02387	0.02263	0.01737	0.02317	0.01505	0.02163	0.01176	0.00801	0.00828	0.00267	0.01068	0.00739	0.00383	0.01052
11	0.01666	0.01596	0.02288	0.07416	0.02323	0.02173	0.01695	0.01902	0.01317	0.01994	0.01359	0.02152	0.01298	0.02401	0.16108	0.00559	0.49736	0.00762	0.00381	0.00875
12	0.01127	0.00859	0.01062	0.01179	0.01373	0.00794	0.00937	0.01389	0.01832	0.02310	0.05991	0.22637	0.28313	0.02291	0.01064	0.00333	0.00568	0.24453	0.00769	0.00720
13	0.01549	0.00774	0.00774	0.00774	0.00968	0.00774	0.00581	0.01936	0.01742	0.03097	0.02710	0.03097	0.02129	0.00968	0.00581	0.00194	0.00387	0.00774	0.75416	0.00774
14	0.01163	0.00855	0.01228	0.01257	0.01373	0.00956	0.00934	0.01401	0.01359	0.01920	0.02628	0.13669	0.02706	0.13346	0.49937	0.01121	0.01793	0.01151	0.00501	0.00703
15	0.01155	0.00783	0.00922	0.00974	0.00987	0.00770	0.00576	0.01194	0.01311	0.01749	0.03147	0.22949	0.03689	0.52380	0.03373	0.00679	0.00718	0.01520	0.00576	0.00550
16	0.01294	0.00942	0.01276	0.01443	0.01645	0.00924	0.01249	0.01654	0.01910	0.02456	0.04907	0.09197	0.12436	0.02271	0.01126	0.00370	0.00721	0.52657	0.00766	0.00757
17	0.03103	0.03959	0.02354	0.02140	0.02568	0.67469	0.01605	0.03317	0.02354	0.02033	0.01284	0.01498	0.01070	0.00856	0.00749	0.00214	0.01498	0.00535	0.00428	0.00963
18	0.01715	0.04005	0.58576	0.02711	0.11381	0.01935	0.03004	0.02621	0.01771	0.02641	0.01500	0.01792	0.01085	0.00783	0.00793	0.00261	0.01198	0.00630	0.00358	0.01239
19	0.01584	0.01650	0.06071	0.02587	0.24419	0.05170	0.01568	0.01990	0.02030	0.02707	0.19878	0.04632	0.19665	0.01355	0.00899	0.00258	0.00730	0.01183	0.00633	0.00991
20	0.02349	0.13531	0.14610	0.12522	0.10654	0.28041	0.02066	0.02794	0.01984	0.02226	0.01365	0.01695	0.01101	0.00804	0.00745	0.00231	0.01237	0.00591	0.00392	0.01063
21	0.31791	0.02320	0.13057	0.02188	0.12694	0.02085	0.01724	0.18811	0.02223	0.03782	0.01507	0.01709	0.01133	0.00830	0.00697	0.00254	0.00872	0.00606	0.00555	0.01162

[dist]
# distance from previous block
# <min> <max>
3	11

[block]
# block no. 5 follows, 22 sequences, length 16
# corresponding to MSA columns:
# 258-273
name=unknown_F
#
# <colnr> <probs for GDERKNQSTAVLIFYWHMCP>
#	G	D	E	R	K	N	Q	S	T	A	V	L	I	F	Y	W	H	M	C	P
0	0.02406	0.02951	0.07450	0.16090	0.20579	0.31677	0.02112	0.02820	0.02046	0.02282	0.01414	0.01811	0.01144	0.00814	0.00788	0.00239	0.01261	0.00637	0.00406	0.01072
1	0.02360	0.02704	0.02891	0.19591	0.17959	0.29193	0.08466	0.02774	0.02034	0.02278	0.01438	0.01883	0.01156	0.00807	0.00811	0.00244	0.01273	0.00680	0.00409	0.01050
2	0.01070	0.00827	0.00979	0.01004	0.01207	0.00736	0.00744	0.01337	0.01989	0.02596	0.26477	0.19538	0.31544	0.02074	0.01004	0.00290	0.00440	0.04599	0.00819	0.00727
3	0.01992	0.01524	0.01726	0.01408	0.01891	0.01473	0.01086	0.22195	0.02372	0.03310	0.02460	0.17419	0.02428	0.08629	0.01170	0.00285	0.00706	0.01069	0.00669	0.26188
4	0.01208	0.00805	0.00906	0.00906	0.00906	0.00805	0.00503	0.01208	0.01208	0.01611	0.02618	0.05436	0.03020	0.70804	0.04228	0.00805	0.00805	0.01208	0.00503	0.00503
5	0.02217	0.34171	0.20268	0.01773	0.02567	0.06353	0.01859	0.12447	0.02147	0.02759	0.05118	0.01847	0.01514	0.00845	0.00689	0.00219	0.00989	0.00606	0.00469	0.01144
6	0.01385	0.00898	0.01164	0.01070	0.01310	0.00816	0.00812	0.01759	0.02325	0.08715	0.56181	0.06027	0.11013	0.01666	0.00967	0.00262	0.00421	0.01461	0.00915	0.00833
7	0.02115	0.02315	0.02522	0.17880	0.15581	0.23252	0.05053	0.02503	0.01886	0.02200	0.01586	0.02153	0.01332	0.01862	0.13742	0.00456	0.01444	0.00714	0.00414	0.00989
8	0.02604	0.25224	0.12860	0.01949	0.02589	0.37162	0.01773	0.02950	0.02052	0.02100	0.01275	0.01485	0.01066	0.00800	0.00687	0.00210	0.01264	0.00519	0.00393	0.01036
9	0.01838	0.14098	0.42921	0.02828	0.17136	0.02148	0.02700	0.02591	0.01774	0.02545	0.01455	0.01756	0.01113	0.00766	0.00757	0.00246	0.01122	0.00616	0.00365	0.01222
10	0.01368	0.01007	0.01230	0.01282	0.01446	0.01017	0.00912	0.09406	0.05938	0.02684	0.07782	0.53271	0.04915	0.02246	0.01012	0.00318	0.00544	0.02010	0.00792	0.00818
11	0.00982	0.00842	0.00842	0.00842	0.01122	0.00701	0.00631	0.01192	0.01894	0.02244	0.08416	0.07995	0.65285	0.02104	0.00982	0.00281	0.00421	0.01753	0.00771	0.00701
12	0.02014	0.01752	0.01943	0.08778	0.02536	0.02043	0.01420	0.04172	0.57526	0.03332	0.03180	0.03006	0.02385	0.01096	0.00844	0.00281	0.00705	0.00918	0.00795	0.01274
13	0.01138	0.00796	0.00907	0.00941	0.00993	0.00766	0.00571	0.01196	0.01383	0.01800	0.03865	0.17546	0.13054	0.47902	0.03156	0.00640	0.00688	0.01501	0.00593	0.00565
14	0.01962	0.01891	0.02817	0.13893	0.38953	0.05210	0.02115	0.02423	0.01843	0.02586	0.01516	0.01977	0.01252	0.00732	0.00774	0.00222	0.00950	0.00674	0.00424	0.17786
15	0.03028	0.03716	0.02438	0.02348	0.07277	0.58801	0.01674	0.06726	0.02410	0.02270	0.01346	0.01569	0.01108	0.00856	0.00759	0.00219	0.01426	0.00563	0.00450	0.01016

[dist]
# distance from previous block
# <min> <max>
0	1

[block]
# block no. 6 follows, 22 sequences, length 8
# corresponding to MSA columns:
# 275-282
name=unknown_G
#
# <colnr> <probs for GDERKNQSTAVLIFYWHMCP>
#	G	D	E	R	K	N	Q	S	T	A	V	L	I	F	Y	W	H	M	C	P
0	0.02342	0.48969	0.03733	0.09060	0.02626	0.10224	0.01557	0.08694	0.01986	0.02317	0.01291	0.01517	0.01106	0.00770	0.00621	0.00200	0.00984	0.00518	0.00414	0.01074
1	0.02814	0.12234	0.02481	0.01940	0.02392	0.53740	0.01500	0.03034	0.02231	0.02041	0.01865	0.02022	0.06450	0.00942	0.00741	0.00215	0.01331	0.00626	0.00448	0.00954
2	0.01129	0.00883	0.01046	0.01106	0.01345	0.00800	0.00896	0.01420	0.01951	0.02450	0.13332	0.08278	0.37668	0.02126	0.01040	0.00314	0.00538	0.22161	0.00785	0.00733
3	0.01374	0.01018	0.01408	0.01353	0.01538	0.01164	0.01045	0.07249	0.01567	0.02214	0.02236	0.03326	0.02093	0.11155	0.55913	0.01188	0.01982	0.00903	0.00486	0.00785
4	0.01679	0.01577	0.02485	0.03606	0.43004	0.01528	0.01877	0.02074	0.01892	0.02549	0.03966	0.04139	0.23747	0.01218	0.00878	0.00259	0.00788	0.01095	0.00538	0.01100
5	0.02039	0.02325	0.10135	0.12332	0.42736	0.07382	0.02435	0.02665	0.05092	0.02614	0.01615	0.02050	0.01303	0.00786	0.00815	0.00251	0.01054	0.00719	0.00423	0.01228
6	0.02326	0.06053	0.19557	0.02689	0.08503	0.02270	0.18197	0.23743	0.02572	0.03527	0.01708	0.01972	0.01256	0.00831	0.00845	0.00257	0.01127	0.00760	0.00543	0.01264
7	0.01951	0.04771	0.06355	0.09015	0.09766	0.02099	0.36735	0.02889	0.12334	0.02727	0.01909	0.02312	0.01451	0.00791	0.00905	0.00272	0.01185	0.00895	0.00481	0.01156

[dist]
# distance from previous block
# <min> <max>
0	1

[block]
# block no. 7 follows, 22 sequences, length 12
# corresponding to MSA columns:
# 284-295
name=unknown_H
#
# <colnr> <probs for GDERKNQSTAVLIFYWHMCP>
#	G	D	E	R	K	N	Q	S	T	A	V	L	I	F	Y	W	H	M	C	P
0	0.01958	0.15663	0.02274	0.01546	0.01921	0.12096	0.01276	0.09331	0.01973	0.02415	0.02903	0.03202	0.13695	0.02341	0.15760	0.00489	0.08825	0.00877	0.00525	0.00932
1	0.01197	0.00849	0.01128	0.01128	0.01204	0.00926	0.00780	0.01350	0.01274	0.01775	0.02415	0.04315	0.02533	0.37466	0.36901	0.01079	0.01538	0.01044	0.00473	0.00626
2	0.01409	0.01552	0.13658	0.01257	0.01701	0.01013	0.01188	0.01819	0.02009	0.07654	0.25061	0.05619	0.24649	0.06381	0.01157	0.00305	0.00616	0.01341	0.00739	0.00872
3	0.01666	0.04297	0.66500	0.02368	0.03596	0.01929	0.03069	0.02631	0.01754	0.02631	0.01491	0.01754	0.01052	0.00789	0.00789	0.00263	0.01228	0.00614	0.00351	0.01228
4	0.02590	0.02985	0.02853	0.03591	0.33495	0.35345	0.02068	0.02941	0.02127	0.02367	0.01421	0.01772	0.01191	0.00799	0.00785	0.00230	0.01247	0.00636	0.00420	0.01136
5	0.01228	0.00942	0.01378	0.01355	0.01482	0.01115	0.01045	0.01494	0.01321	0.01908	0.02184	0.03344	0.02089	0.11029	0.58417	0.01232	0.06353	0.00905	0.00444	0.00733
6	0.02207	0.02167	0.01841	0.05023	0.06464	0.23115	0.01307	0.09178	0.04716	0.02759	0.05036	0.02946	0.06836	0.04033	0.03809	0.00301	0.00998	0.00824	0.15485	0.00956
7	0.01133	0.00817	0.00885	0.00885	0.00978	0.00771	0.00546	0.01203	0.01435	0.01820	0.04536	0.06283	0.23621	0.48075	0.03154	0.00632	0.00678	0.01388	0.00592	0.00569
8	0.02063	0.01701	0.01708	0.01579	0.01868	0.11559	0.01275	0.10806	0.02144	0.06378	0.02968	0.04703	0.05458	0.06273	0.01341	0.00328	0.08875	0.17689	0.10363	0.00922
9	0.02400	0.01760	0.01963	0.01651	0.02106	0.01903	0.01317	0.40356	0.03115	0.04177	0.05898	0.20346	0.02979	0.01522	0.00916	0.00280	0.00768	0.04572	0.00816	0.01154
10	0.06935	0.08868	0.02476	0.01988	0.02484	0.47566	0.01549	0.13631	0.02524	0.02677	0.01392	0.01564	0.01121	0.00865	0.00734	0.00220	0.01302	0.00561	0.00497	0.01047
11	0.10223	0.13179	0.23263	0.03049	0.26027	0.02109	0.02295	0.02630	0.01789	0.05910	0.01521	0.01812	0.01186	0.00769	0.00735	0.00243	0.00996	0.00628	0.00426	0.01209

[dist]
# distance from previous block
# <min> <max>
0	9

[block]
# block no. 8 follows, 22 sequences, length 75
# corresponding to MSA columns:
# 305-379
name=unknown_I
#
# <colnr> <probs for GDERKNQSTAVLIFYWHMCP>
#	G	D	E	R	K	N	Q	S	T	A	V	L	I	F	Y	W	H	M	C	P
0	0.11159	0.02872	0.14848	0.02999	0.22548	0.19007	0.02124	0.02689	0.01858	0.02562	0.01375	0.01742	0.01126	0.00864	0.00975	0.00256	0.08847	0.00627	0.00411	0.01112
1	0.02060	0.02463	0.18264	0.02488	0.09712	0.01973	0.11268	0.03485	0.28619	0.07153	0.02456	0.02509	0.01815	0.00931	0.00849	0.00272	0.00949	0.00838	0.00624	0.01270
2	0.02404	0.45691	0.07972	0.01864	0.05665	0.19776	0.01639	0.02716	0.01876	0.02060	0.01232	0.01442	0.01079	0.00755	0.00621	0.00196	0.01075	0.00495	0.00377	0.01063
3	0.02787	0.11120	0.02481	0.01965	0.02434	0.46536	0.01524	0.03453	0.15194	0.02326	0.01708	0.01814	0.01376	0.00896	0.00745	0.00224	0.01253	0.00609	0.00507	0.01048
4	0.01528	0.01198	0.01413	0.01364	0.01619	0.01325	0.01024	0.04934	0.22070	0.02651	0.03420	0.16554	0.06235	0.07569	0.19646	0.00616	0.01057	0.01248	0.03603	0.00927
5	0.01043	0.00736	0.00955	0.01117	0.01158	0.00695	0.00729	0.01165	0.01530	0.02040	0.04268	0.59994	0.05103	0.13406	0.01562	0.00412	0.00533	0.02179	0.00729	0.00648
6	0.02716	0.03258	0.02611	0.02828	0.17092	0.44996	0.01847	0.02991	0.02125	0.02187	0.01327	0.01663	0.01129	0.00897	0.00990	0.00238	0.09045	0.00604	0.00417	0.01038
7	0.01208	0.00805	0.00906	0.00906	0.00906	0.00805	0.00503	0.01208	0.01208	0.01611	0.02618	0.05436	0.03020	0.70804	0.04228	0.00805	0.00805	0.01208	0.00503	0.00503
8	0.02484	0.01823	0.02013	0.01675	0.02146	0.01979	0.01325	0.43486	0.03179	0.04258	0.02806	0.23423	0.02694	0.01501	0.00903	0.00277	0.00778	0.01254	0.00812	0.01181
9	0.01012	0.00723	0.00964	0.01157	0.01205	0.00675	0.00771	0.01157	0.01591	0.02121	0.04579	0.70262	0.05495	0.02603	0.01060	0.00337	0.00482	0.02362	0.00771	0.00675
10	0.02056	0.01974	0.03372	0.05099	0.65622	0.01974	0.02550	0.02550	0.01892	0.02714	0.01563	0.02056	0.01316	0.00740	0.00822	0.00247	0.00987	0.00740	0.00411	0.01316
11	0.03103	0.03959	0.02354	0.02140	0.02568	0.67469	0.01605	0.03317	0.02354	0.02033	0.01284	0.01498	0.01070	0.00856	0.00749	0.00214	0.01498	0.00535	0.00428	0.00963
12	0.01247	0.00882	0.01167	0.01253	0.01398	0.00861	0.00988	0.01541	0.01871	0.02517	0.20341	0.12046	0.05308	0.15460	0.01695	0.00429	0.00653	0.28878	0.00755	0.00713
13	0.01154	0.00848	0.01080	0.01022	0.01228	0.00775	0.00767	0.01525	0.02300	0.03208	0.58765	0.06408	0.14335	0.01744	0.00980	0.00263	0.00395	0.01531	0.00898	0.00775
14	0.02066	0.01785	0.01878	0.01691	0.02160	0.02066	0.01315	0.04414	0.64121	0.03475	0.03381	0.03099	0.02536	0.01127	0.00845	0.00282	0.00657	0.00939	0.00845	0.01315
15	0.02057	0.01965	0.03298	0.04931	0.62499	0.01978	0.02489	0.02641	0.04954	0.02751	0.01652	0.02107	0.01376	0.00759	0.00824	0.00248	0.00971	0.00750	0.00433	0.01316
16	0.01149	0.00848	0.01073	0.01017	0.01225	0.00772	0.00763	0.01516	0.02288	0.03182	0.57361	0.06452	0.15755	0.01754	0.00980	0.00264	0.00396	0.01537	0.00895	0.00772
17	0.02056	0.01974	0.03372	0.05099	0.65622	0.01974	0.02550	0.02550	0.01892	0.02714	0.01563	0.02056	0.01316	0.00740	0.00822	0.00247	0.00987	0.00740	0.00411	0.01316
