[name]
unknown

[dist]
# distance from previous block
# <min> <max>
0	1

[block]
# block no. 0 follows, 22 sequences, length 78
# corresponding to MSA columns:
# 1-78
name=unknown_A
#
# <colnr> <probs for GDERKNQSTAVLIFYWHMCP>
#	G	D	E	R	K	N	Q	S	T	A	V	L	I	F	Y	W	H	M	C	P
0	0.01866	0.01719	0.02871	0.09047	0.47479	0.01746	0.02272	0.02340	0.01879	0.02621	0.02165	0.03637	0.02044	0.01080	0.00893	0.00278	0.00948	0.13462	0.00484	0.01169
1	0.02010	0.01926	0.03288	0.11180	0.59905	0.01962	0.02526	0.02509	0.01870	0.02658	0.01554	0.02071	0.01296	0.00749	0.00823	0.00250	0.00998	0.00740	0.00407	0.01278
2	0.21489	0.01353	0.01275	0.01169	0.01463	0.06104	0.00869	0.02145	0.05357	0.06339	0.23281	0.04051	0.03859	0.16151	0.01521	0.00374	0.00661	0.01022	0.00687	0.00831
3	0.02689	0.03175	0.02756	0.03310	0.27488	0.41585	0.01978	0.03014	0.02171	0.02302	0.01394	0.01719	0.01167	0.00810	0.00778	0.00227	0.01296	0.00616	0.00421	0.01103
4	0.01120	0.00847	0.01033	0.00986	0.01207	0.00760	0.00740	0.01459	0.02219	0.03016	0.48737	0.06724	0.24482	0.01816	0.00980	0.00267	0.00400	0.01575	0.00873	0.00760
5	0.01302	0.01179	0.01596	0.02111	0.20353	0.01081	0.01203	0.01597	0.01893	0.02384	0.06372	0.06224	0.46212	0.01697	0.00934	0.00270	0.00590	0.01451	0.00664	0.00885
6	0.03103	0.03959	0.02354	0.02140	0.02568	0.67469	0.01605	0.03317	0.02354	0.02033	0.01284	0.01498	0.01070	0.00856	0.00749	0.00214	0.01498	0.00535	0.00428	0.00963
7	0.03103	0.03959	0.02354	0.02140	0.02568	0.67469	0.01605	0.03317	0.02354	0.02033	0.01284	0.01498	0.01070	0.00856	0.00749	0.00214	0.01498	0.00535	0.00428	0.00963
8	0.01038	0.00739	0.00979	0.01145	0.01194	0.00705	0.00762	0.01179	0.01544	0.02067	0.04285	0.61126	0.05100	0.08641	0.04884	0.00431	0.00603	0.02184	0.00731	0.00664
9	0.01885	0.24047	0.26900	0.02018	0.02692	0.02543	0.02162	0.02384	0.01579	0.02221	0.01259	0.01645	0.01069	0.00979	0.01333	0.00269	0.22985	0.00598	0.00356	0.01076
10	0.01781	0.11579	0.51100	0.02622	0.11644	0.02089	0.02814	0.02604	0.01765	0.02565	0.01462	0.01746	0.01089	0.00774	0.00765	0.00251	0.01157	0.00611	0.00359	0.01221
11	0.01961	0.02241	0.04902	0.03501	0.04342	0.02101	0.62605	0.02661	0.01961	0.02661	0.01681	0.02241	0.01261	0.00700	0.00980	0.00280	0.01401	0.00980	0.00420	0.01120
12	0.00994	0.00837	0.00862	0.00867	0.01133	0.00705	0.00646	0.01212	0.01906	0.02300	0.11456	0.10723	0.59315	0.02104	0.00985	0.00282	0.00422	0.01767	0.00780	0.00705
13	0.02020	0.01937	0.03307	0.09813	0.61190	0.01964	0.02532	0.02518	0.01875	0.02670	0.01556	0.02068	0.01300	0.00747	0.00823	0.00249	0.00996	0.00740	0.00408	0.01287
14	0.03158	0.02327	0.02493	0.01911	0.02576	0.02576	0.01579	0.62852	0.03906	0.05236	0.01995	0.01995	0.01413	0.00997	0.00831	0.00249	0.00914	0.00748	0.00831	0.01413
15	0.01008	0.00738	0.00948	0.01117	0.01194	0.00678	0.00753	0.01161	0.01629	0.02136	0.05066	0.62362	0.13080	0.02539	0.01050	0.00330	0.00474	0.02284	0.00771	0.00678
16	0.02419	0.07637	0.24932	0.02556	0.10937	0.32668	0.02225	0.02933	0.02049	0.02324	0.01384	0.01649	0.01095	0.00810	0.00760	0.00233	0.01304	0.00583	0.00395	0.01106
17	0.02445	0.54208	0.03846	0.01604	0.02243	0.19580	0.01468	0.02698	0.01857	0.01974	0.01188	0.01375	0.01067	0.00748	0.00588	0.00187	0.01043	0.00467	0.00374	0.01040
18	0.02961	0.03732	0.02279	0.02081	0.02488	0.62554	0.01563	0.03182	0.02279	0.02025	0.01354	0.01629	0.01145	0.01254	0.05689	0.00297	0.01552	0.00561	0.00429	0.00947
19	0.03103	0.03959	0.02354	0.02140	0.02568	0.67469	0.01605	0.03317	0.02354	0.02033	0.01284	0.01498	0.01070	0.00856	0.00749	0.00214	0.01498	0.00535	0.00428	0.00963
20	0.00990	0.00842	0.00853	0.00851	0.01127	0.00705	0.00638	0.01209	0.01914	0.02292	0.10920	0.07916	0.62751	0.02086	0.00982	0.00280	0.00420	0.01742	0.00778	0.00705
21	0.01723	0.01477	0.01723	0.01230	0.01969	0.01107	0.00984	0.02092	0.01723	0.02707	0.01477	0.01723	0.01230	0.00615	0.00615	0.00123	0.00615	0.00492	0.00492	0.75883
22	0.01348	0.01162	0.02039	0.01750	0.02030	0.01240	0.13690	0.01706	0.01455	0.02056	0.02142	0.03214	0.01978	0.09868	0.49116	0.01078	0.01950	0.00932	0.00444	0.00802
23	0.02056	0.01974	0.03372	0.05099	0.65622	0.01974	0.02550	0.02550	0.01892	0.02714	0.01563	0.02056	0.01316	0.00740	0.00822	0.00247	0.00987	0.00740	0.00411	0.01316
24	0.01187	0.00890	0.01335	0.01335	0.01483	0.01038	0.01038	0.01483	0.01335	0.01928	0.02225	0.03264	0.02077	0.06231	0.67512	0.01335	0.02225	0.00890	0.00445	0.00742
25	0.01261	0.00866	0.01220	0.01220	0.01377	0.00984	0.00944	0.01577	0.01419	0.02169	0.02325	0.03229	0.02088	0.05146	0.53716	0.01100	0.01846	0.00866	0.15899	0.00748
26	0.02912	0.02850	0.02312	0.01955	0.02487	0.27718	0.01535	0.27644	0.15714	0.03627	0.02004	0.02029	0.01511	0.00969	0.00802	0.00242	0.01088	0.00705	0.00677	0.01218
27	0.02349	0.01494	0.01813	0.01329	0.02037	0.01200	0.01076	0.05163	0.01998	0.20758	0.02007	0.02046	0.01471	0.00748	0.00686	0.00166	0.00654	0.00600	0.00658	0.51747
28	0.02803	0.02145	0.02441	0.01841	0.02529	0.02247	0.04228	0.47402	0.03361	0.04589	0.01872	0.01949	0.01368	0.00904	0.00793	0.00224	0.00874	0.00705	0.00741	0.16983
29	0.02912	0.03641	0.02382	0.02146	0.02511	0.57817	0.01637	0.03121	0.02193	0.02028	0.01255	0.01546	0.01073	0.00945	0.01043	0.00236	0.11576	0.00564	0.00418	0.00955
30	0.03103	0.03959	0.02354	0.02140	0.02568	0.67469	0.01605	0.03317	0.02354	0.02033	0.01284	0.01498	0.01070	0.00856	0.00749	0.00214	0.01498	0.00535	0.00428	0.00963
31	0.01033	0.00844	0.00913	0.00895	0.01154	0.00723	0.00672	0.01292	0.02015	0.02532	0.23437	0.07521	0.50084	0.01997	0.00981	0.00275	0.00413	0.01687	0.00809	0.00723
32	0.03103	0.03959	0.02354	0.02140	0.02568	0.67469	0.01605	0.03317	0.02354	0.02033	0.01284	0.01498	0.01070	0.00856	0.00749	0.00214	0.01498	0.00535	0.00428	0.00963
33	0.00982	0.00842	0.00842	0.00842	0.01122	0.00701	0.00631	0.01192	0.01894	0.02244	0.08416	0.07995	0.65285	0.02104	0.00982	0.00281	0.00421	0.01753	0.00771	0.00701
34	0.01780	0.01829	0.03297	0.27633	0.07175	0.02118	0.20936	0.02277	0.01661	0.02285	0.01441	0.02109	0.01160	0.00953	0.01385	0.00300	0.19466	0.00811	0.00385	0.00999
35	0.03103	0.03959	0.02354	0.02140	0.02568	0.67469	0.01605	0.03317	0.02354	0.02033	0.01284	0.01498	0.01070	0.00856	0.00749	0.00214	0.01498	0.00535	0.00428	0.00963
36	0.01187	0.00890	0.01335	0.01335	0.01483	0.01038	0.01038	0.01483	0.01335	0.01928	0.02225	0.03264	0.02077	0.06231	0.67512	0.01335	0.02225	0.00890	0.00445	0.00742
37	0.01012	0.00723	0.00964	0.01157	0.01205	0.00675	0.00771	0.01157	0.01591	0.02121	0.04579	0.70262	0.05495	0.02603	0.01060	0.00337	0.00482	0.02362	0.00771	0.00675
38	0.02426	0.02029	0.02415	0.02794	0.24066	0.08261	0.01703	0.23134	0.02594	0.03594	0.01930	0.02204	0.01500	0.00888	0.00766	0.00233	0.00883	0.00730	0.16650	0.01199
39	0.02082	0.36207	0.30288	0.01868	0.02792	0.02645	0.02130	0.08614	0.01939	0.02569	0.01381	0.01576	0.01095	0.00773	0.00671	0.00221	0.01034	0.00546	0.00401	0.01169
40	0.02411	0.02641	0.02744	0.17638	0.25035	0.26909	0.02082	0.06163	0.02132	0.02469	0.01462	0.01875	0.01183	0.00818	0.00797	0.00241	0.01204	0.00662	0.00432	0.01102
41	0.02602	0.09574	0.02997	0.03217	0.28051	0.20581	0.01963	0.15697	0.02433	0.02988	0.01536	0.01814	0.01243	0.00825	0.00775	0.00231	0.01105	0.00655	0.00500	0.01213
42	0.01034	0.00844	0.00914	0.00896	0.01154	0.00724	0.00672	0.01294	0.02017	0.02538	0.23731	0.07512	0.49787	0.01995	0.00981	0.00275	0.00413	0.01686	0.00810	0.00724
43	0.01873	0.01833	0.02826	0.21364	0.39819	0.05311	0.02239	0.02339	0.01856	0.02473	0.02224	0.02674	0.07776	0.00909	0.00837	0.00256	0.00988	0.00832	0.00438	0.01130
44	0.01235	0.00906	0.01338	0.04264	0.01626	0.01051	0.01055	0.01550	0.01384	0.02037	0.02234	0.03203	0.02039	0.05541	0.58825	0.01190	0.02018	0.00873	0.06877	0.00753
45	0.02355	0.02001	0.03074	0.06927	0.46386	0.02061	0.02265	0.15577	0.02339	0.06374	0.01737	0.02088	0.01365	0.00814	0.00825	0.00249	0.00962	0.00746	0.00530	0.01325
46	0.01604	0.00989	0.01139	0.01064	0.01218	0.01139	0.00836	0.01949	0.01645	0.02871	0.02376	0.02833	0.01915	0.01068	0.01023	0.00229	0.14589	0.00765	0.59946	0.00802
47	0.01817	0.01562	0.01921	0.01648	0.08392	0.01256	0.01167	0.04700	0.01832	0.02814	0.01507	0.01768	0.01247	0.00644	0.00645	0.00141	0.00665	0.00528	0.00498	0.65249
48	0.02449	0.01907	0.02112	0.01575	0.02276	0.01850	0.01285	0.32829	0.02827	0.03986	0.01739	0.01860	0.01323	0.00808	0.00724	0.00187	0.00766	0.00622	0.00664	0.38210
49	0.06222	0.03579	0.02330	0.02056	0.02529	0.53515	0.01571	0.13539	0.02582	0.02657	0.01401	0.01577	0.01122	0.00877	0.00753	0.00222	0.01361	0.00568	0.00501	0.01038
50	0.08783	0.02038	0.02209	0.01723	0.02333	0.02209	0.01416	0.46042	0.03400	0.12035	0.07515	0.02403	0.02000	0.01044	0.00820	0.00252	0.00824	0.00800	0.00836	0.01319
51	0.01187	0.00890	0.01335	0.01335	0.01483	0.01038	0.01038	0.01483	0.01335	0.01928	0.02225	0.03264	0.02077	0.06231	0.67512	0.01335	0.02225	0.00890	0.00445	0.00742
52	0.01010	0.00730	0.00957	0.01139	0.01200	0.00676	0.00763	0.01159	0.01608	0.02128	0.04796	0.66737	0.08880	0.02574	0.01056	0.00334	0.00479	0.02327	0.00771	0.00676
53	0.09483	0.02265	0.02384	0.01841	0.02493	0.02515	0.01521	0.57655	0.03692	0.05106	0.01922	0.01939	0.01369	0.00978	0.00804	0.00250	0.00891	0.00722	0.00804	0.01369
54	0.01012	0.00723	0.00964	0.01157	0.01205	0.00675	0.00771	0.01157	0.01591	0.02121	0.04579	0.70262	0.05495	0.02603	0.01060	0.00337	0.00482	0.02362	0.00771	0.00675
55	0.03103	0.03959	0.02354	0.02140	0.02568	0.67469	0.01605	0.03317	0.02354	0.02033	0.01284	0.01498	0.01070	0.00856	0.00749	0.00214	0.01498	0.00535	0.00428	0.00963
56	0.05047	0.18156	0.45412	0.02208	0.03263	0.02227	0.07604	0.02595	0.01743	0.02538	0.01421	0.01688	0.01066	0.00764	0.00739	0.00246	0.01145	0.00602	0.00365	0.01170
57	0.01012	0.00723	0.00964	0.01157	0.01205	0.00675	0.00771	0.01157	0.01591	0.02121	0.04579	0.70262	0.05495	0.02603	0.01060	0.00337	0.00482	0.02362	0.00771	0.00675
58	0.01106	0.00824	0.01041	0.01179	0.01282	0.00798	0.00810	0.01450	0.06869	0.02297	0.07535	0.58306	0.08554	0.02410	0.01034	0.00326	0.00489	0.02170	0.00784	0.00735
59	0.01847	0.02235	0.14132	0.23080	0.37445	0.01929	0.02570	0.02440	0.01801	0.02528	0.01525	0.02049	0.01210	0.00775	0.00819	0.00258	0.01064	0.00718	0.00388	0.01187
60	0.01130	0.00782	0.00919	0.00980	0.01016	0.00757	0.00597	0.01191	0.01379	0.01817	0.03661	0.25944	0.08402	0.44345	0.02995	0.00620	0.00676	0.01610	0.00607	0.00572
61	0.01194	0.00894	0.01113	0.01050	0.01271	0.00837	0.00790	0.01660	0.05350	0.03196	0.54697	0.06286	0.15092	0.01723	0.00973	0.00265	0.00409	0.01507	0.00892	0.00799
62	0.02221	0.71304	0.04353	0.01421	0.02132	0.03287	0.01421	0.02488	0.01688	0.01955	0.01155	0.01333	0.01066	0.00711	0.00533	0.00178	0.00888	0.00444	0.00355	0.01066
63	0.08156	0.02216	0.02215	0.07404	0.02651	0.08843	0.01519	0.31129	0.20065	0.04054	0.02202	0.02222	0.01626	0.00988	0.00803	0.00258	0.00898	0.00757	0.00732	0.01262
64	0.01014	0.00749	0.00950	0.01098	0.01192	0.00684	0.00748	0.01181	0.01676	0.02195	0.07907	0.56823	0.15789	0.02478	0.01043	0.00324	0.00468	0.02220	0.00778	0.00684
65	0.02848	0.18415	0.05889	0.01976	0.02524	0.44997	0.01634	0.08081	0.02311	0.02313	0.01325	0.01516	0.01097	0.00833	0.00711	0.00211	0.01304	0.00537	0.00442	0.01036
66	0.02337	0.02654	0.02199	0.01904	0.02262	0.31696	0.01491	0.02580	0.01862	0.02155	0.01342	0.01760	0.01183	0.01362	0.06184	0.00318	0.19306	0.00603	0.00425	0.16376
67	0.02160	0.01736	0.02032	0.01697	0.02047	0.02005	0.01376	0.28227	0.02597	0.03514	0.05700	0.09035	0.13011	0.01477	0.01385	0.00293	0.18861	0.01087	0.00695	0.01067
68	0.05645	0.20650	0.27409	0.02922	0.22664	0.02289	0.02375	0.02559	0.01764	0.02538	0.01411	0.01721	0.01131	0.00753	0.00720	0.00236	0.01036	0.00602	0.00379	0.01198
69	0.02713	0.24752	0.03074	0.02062	0.07079	0.25482	0.01599	0.15850	0.05089	0.02809	0.01506	0.01662	0.01224	0.00843	0.00708	0.00215	0.01105	0.00584	0.00508	0.01134
70	0.02248	0.15311	0.16162	0.01709	0.02345	0.07352	0.01666	0.07075	0.01955	0.13928	0.01961	0.02257	0.01530	0.02251	0.18069	0.00519	0.01328	0.00697	0.00540	0.01096
71	0.02436	0.08915	0.19742	0.02728	0.16335	0.17333	0.02174	0.15174	0.02360	0.02991	0.01534	0.01774	0.01188	0.00830	0.00774	0.00238	0.01146	0.00636	0.00481	0.01210
72	0.01312	0.01281	0.04333	0.01154	0.01412	0.06408	0.00917	0.01565	0.01854	0.02307	0.14241	0.06518	0.27918	0.16059	0.01642	0.00392	0.00668	0.08603	0.00687	0.00729
73	0.02678	0.03192	0.02644	0.09037	0.20014	0.43651	0.01926	0.02999	0.02165	0.02227	0.01377	0.01715	0.01140	0.00822	0.00776	0.00229	0.01323	0.00609	0.00418	0.01055
74	0.01511	0.01497	0.04751	0.05063	0.02169	0.01768	0.04063	0.01805	0.01387	0.02042	0.01830	0.07453	0.01789	0.03225	0.26438	0.00711	0.30303	0.00915	0.00426	0.00852
75	0.16868	0.01166	0.01364	0.10125	0.02057	0.01247	0.01143	0.05170	0.01816	0.02728	0.03949	0.19296	0.14018	0.01748	0.00909	0.00308	0.00672	0.13930	0.00667	0.00820
76	0.06049	0.34530	0.03039	0.01600	0.02131	0.24886	0.01370	0.02616	0.01936	0.02160	0.05211	0.02059	0.04506	0.01113	0.03419	0.00251	0.01091	0.00616	0.00443	0.00976
77	0.01607	0.01542	0.04342	0.09993	0.02254	0.07870	0.01280	0.04670	0.01812	0.02444	0.07366	0.03265	0.07563	0.02825	0.23382	0.00602	0.01304	0.00883	0.04763	0.10233

[dist]
# distance from previous block
# <min> <max>
0	8

[block]
# block no. 1 follows, 22 sequences, length 13
# corresponding to MSA columns:
# 87-99
name=unknown_B
#
# <colnr> <probs for GDERKNQSTAVLIFYWHMCP>
#	G	D	E	R	K	N	Q	S	T	A	V	L	I	F	Y	W	H	M	C	P
0	0.01329	0.01091	0.01401	0.01384	0.01643	0.01091	0.04288	0.02007	0.14305	0.02521	0.05088	0.26391	0.19178	0.02024	0.01010	0.00318	0.00605	0.12711	0.00766	0.00851
1	0.01811	0.01759	0.01840	0.02139	0.15476	0.11314	0.01340	0.02569	0.15753	0.02645	0.04363	0.04320	0.23646	0.01329	0.00855	0.00258	0.00755	0.01105	0.05709	0.01014
2	0.17896	0.06723	0.07776	0.04227	0.02444	0.27528	0.01526	0.11633	0.02239	0.02924	0.01918	0.02070	0.05922	0.00938	0.00725	0.00238	0.01082	0.00650	0.00518	0.01024
3	0.17853	0.01914	0.07208	0.36700	0.06285	0.03981	0.05560	0.06429	0.01814	0.02764	0.01453	0.01954	0.01094	0.00816	0.00766	0.00267	0.01029	0.00676	0.00436	0.01000
4	0.04584	0.12279	0.02803	0.08218	0.26382	0.06415	0.01907	0.06918	0.02014	0.02683	0.02106	0.03472	0.01986	0.01107	0.00835	0.00266	0.00951	0.13465	0.00512	0.01098
5	0.01533	0.01061	0.01304	0.01137	0.01473	0.00940	0.00860	0.04343	0.02126	0.07806	0.31968	0.10810	0.09674	0.05601	0.01091	0.00274	0.00516	0.01303	0.00790	0.15390
6	0.02317	0.02591	0.02201	0.02243	0.10555	0.30239	0.01550	0.06588	0.02136	0.02381	0.02879	0.03055	0.14984	0.01209	0.01112	0.00258	0.11342	0.00868	0.00517	0.00976
7	0.02052	0.02168	0.06351	0.13894	0.34320	0.04831	0.15399	0.05937	0.01999	0.02722	0.01584	0.02079	0.01256	0.00767	0.00854	0.00258	0.01123	0.00778	0.00428	0.01201
8	0.13802	0.11289	0.13716	0.01942	0.02555	0.38797	0.01736	0.02971	0.02032	0.02384	0.01287	0.01502	0.01041	0.00815	0.00696	0.00225	0.01253	0.00526	0.00419	0.01012
9	0.12955	0.03769	0.53316	0.02322	0.06615	0.01922	0.02716	0.02598	0.01710	0.02800	0.01444	0.01709	0.01044	0.00784	0.00750	0.00261	0.01127	0.00596	0.00379	0.01183
10	0.07759	0.01914	0.02204	0.14573	0.13039	0.13730	0.01702	0.02270	0.01683	0.02300	0.01585	0.02199	0.01366	0.02111	0.15931	0.00504	0.10616	0.00712	0.02855	0.00945
11	0.01781	0.01752	0.01781	0.01627	0.01966	0.14759	0.05778	0.02415	0.11638	0.02444	0.03543	0.04404	0.12989	0.02382	0.14352	0.00489	0.01160	0.08810	0.05027	0.00904
12	0.01375	0.01444	0.07796	0.11757	0.02580	0.01327	0.09018	0.01782	0.01517	0.02093	0.02373	0.03364	0.05402	0.11643	0.31893	0.00825	0.01594	0.00940	0.00447	0.00830

[dist]
# distance from previous block
# <min> <max>
8	10

[block]
# block no. 2 follows, 22 sequences, length 7
# corresponding to MSA columns:
# 110-116
name=unknown_C
#
# <colnr> <probs for GDERKNQSTAVLIFYWHMCP>
#	G	D	E	R	K	N	Q	S	T	A	V	L	I	F	Y	W	H	M	C	P
0	0.01975	0.01111	0.01375	0.01262	0.01547	0.01062	0.00930	0.09201	0.02063	0.18394	0.06959	0.28498	0.08004	0.11918	0.01431	0.00368	0.00628	0.01539	0.00810	0.00928
1	0.02449	0.02816	0.02592	0.02841	0.18149	0.33011	0.01855	0.02730	0.01942	0.02190	0.01365	0.01809	0.01193	0.01266	0.05022	0.00319	0.16365	0.00649	0.00411	0.01026
2	0.02933	0.03636	0.02520	0.02622	0.12827	0.56813	0.01759	0.03192	0.02279	0.02144	0.01329	0.01589	0.01110	0.00837	0.00761	0.00219	0.01415	0.00568	0.00425	0.01020
3	0.02293	0.02565	0.02380	0.25192	0.09822	0.29629	0.01856	0.05461	0.02104	0.02301	0.02022	0.02379	0.06620	0.00949	0.00808	0.00246	0.01193	0.00740	0.00455	0.00983
4	0.01415	0.01294	0.01186	0.01128	0.01342	0.10520	0.00813	0.01661	0.02021	0.02542	0.29707	0.05823	0.20427	0.14727	0.01560	0.00362	0.00639	0.01369	0.00730	0.00736
5	0.01203	0.00855	0.01067	0.01172	0.01258	0.00836	0.00787	0.05722	0.01699	0.02268	0.04069	0.54673	0.04790	0.13580	0.01559	0.00407	0.00567	0.02055	0.00732	0.00701
6	0.07777	0.01082	0.01411	0.18587	0.02431	0.01139	0.01180	0.01682	0.01920	0.02660	0.21482	0.05517	0.22966	0.01559	0.00913	0.00279	0.00634	0.05294	0.00684	0.00803

[dist]
# distance from previous block
# <min> <max>
0	1

[block]
# block no. 3 follows, 22 sequences, length 6
# corresponding to MSA columns:
# 118-123
name=unknown_D
#
# <colnr> <probs for GDERKNQSTAVLIFYWHMCP>
#	G	D	E	R	K	N	Q	S	T	A	V	L	I	F	Y	W	H	M	C	P
0	0.02097	0.10898	0.38003	0.02541	0.10544	0.16977	0.02504	0.02762	0.01900	0.02435	0.01417	0.01688	0.01089	0.00791	0.00757	0.00241	0.01226	0.00593	0.00376	0.01161
1	0.10551	0.01826	0.02251	0.08077	0.17043	0.06131	0.01595	0.06042	0.06200	0.16410	0.01986	0.02127	0.01465	0.00838	0.00753	0.00231	0.00844	0.00685	0.00616	0.14328
2	0.02620	0.02251	0.02215	0.02025	0.07581	0.12107	0.01488	0.31226	0.12282	0.03899	0.02615	0.02637	0.06664	0.01060	0.00817	0.00248	0.00899	0.00825	0.05316	0.01225
3	0.01879	0.01956	0.16277	0.01627	0.02167	0.01451	0.01535	0.02854	0.18827	0.11951	0.03443	0.15069	0.06033	0.04875	0.01067	0.00318	0.00769	0.06099	0.00720	0.01083
4	0.01631	0.01258	0.01833	0.01822	0.08893	0.01280	0.08017	0.08063	0.01776	0.02536	0.02434	0.08144	0.02389	0.25191	0.08860	0.00550	0.00963	0.01058	0.12465	0.00840
5	0.02053	0.17157	0.02758	0.07598	0.12740	0.07725	0.01673	0.02961	0.19314	0.02555	0.02084	0.02550	0.01752	0.01222	0.03693	0.00302	0.06552	0.03660	0.00534	0.01115

[dist]
# distance from previous block
# <min> <max>
9	297

[block]
# block no. 4 follows, 22 sequences, length 26
# corresponding to MSA columns:
# 424-449
name=unknown_E
#
# <colnr> <probs for GDERKNQSTAVLIFYWHMCP>
#	G	D	E	R	K	N	Q	S	T	A	V	L	I	F	Y	W	H	M	C	P
0	0.02112	0.17500	0.15878	0.08978	0.14026	0.14712	0.06396	0.02613	0.01917	0.02379	0.04882	0.01990	0.01495	0.00824	0.00761	0.00235	0.01120	0.00671	0.00415	0.01097
1	0.02530	0.21474	0.02751	0.05008	0.02439	0.32328	0.01489	0.08082	0.02174	0.02305	0.01785	0.02025	0.04686	0.01318	0.05951	0.00302	0.01261	0.00634	0.00462	0.00997
2	0.07528	0.01574	0.02015	0.02094	0.14607	0.01513	0.01371	0.08125	0.07764	0.13763	0.09266	0.02956	0.06056	0.01007	0.00788	0.00230	0.00702	0.00844	0.00692	0.17105
3	0.02173	0.01889	0.02902	0.02882	0.18582	0.01925	0.14651	0.21867	0.02512	0.03403	0.02544	0.13387	0.05080	0.01182	0.00905	0.00271	0.00943	0.01105	0.00625	0.01173
4	0.06187	0.07978	0.02338	0.02147	0.08360	0.42153	0.01519	0.02952	0.05439	0.02276	0.02241	0.02378	0.08674	0.00991	0.00762	0.00228	0.01194	0.00708	0.00488	0.00989
5	0.01956	0.01473	0.01593	0.01377	0.01762	0.04902	0.01041	0.12619	0.05847	0.07395	0.05249	0.14472	0.02868	0.14394	0.01482	0.00351	0.00736	0.03910	0.00685	0.15886
6	0.15887	0.08848	0.06656	0.09674	0.05649	0.19215	0.11315	0.08495	0.02078	0.02814	0.01426	0.01740	0.01115	0.00805	0.00746	0.00244	0.01135	0.00638	0.00463	0.01055
7	0.01564	0.03345	0.47192	0.02257	0.07478	0.01663	0.02506	0.02342	0.01835	0.02672	0.09577	0.05963	0.05944	0.01059	0.00839	0.00266	0.01028	0.00880	0.00467	0.01123
8	0.01896	0.01207	0.01424	0.01280	0.01652	0.01184	0.01007	0.05515	0.13759	0.15401	0.17440	0.08065	0.19555	0.01606	0.00934	0.00280	0.00566	0.05350	0.00868	0.01011
9	0.01550	0.10783	0.01931	0.01441	0.01640	0.01656	0.01189	0.01832	0.01447	0.02175	0.01901	0.02621	0.01712	0.03314	0.29900	0.00723	0.17689	0.00767	0.14897	0.00833
10	0.10766	0.08436	0.02156	0.01664	0.02070	0.02218	0.01359	0.06554	0.32000	0.03102	0.02614	0.02642	0.04842	0.01150	0.01157	0.00283	0.14368	0.00820	0.00659	0.01138
11	0.01880	0.01358	0.01533	0.01313	0.01714	0.01346	0.01025	0.20518	0.02561	0.06495	0.14901	0.14429	0.19048	0.01608	0.00913	0.00264	0.00605	0.01355	0.00807	0.06328
12	0.07988	0.02350	0.02377	0.18862	0.03304	0.13883	0.01720	0.32550	0.02883	0.03769	0.01677	0.01916	0.01238	0.00914	0.00794	0.00251	0.01048	0.00686	0.00620	0.01172
13	0.02836	0.02783	0.02210	0.01857	0.02373	0.28566	0.01459	0.30283	0.03001	0.03528	0.02591	0.02620	0.10068	0.01093	0.00819	0.00239	0.01082	0.00800	0.00660	0.01133
14	0.08920	0.01931	0.08403	0.04426	0.02387	0.01802	0.01466	0.10161	0.24746	0.15831	0.02707	0.05810	0.02045	0.01063	0.00806	0.00264	0.00760	0.00861	0.00760	0.04851
15	0.08508	0.01319	0.01462	0.01350	0.01674	0.01363	0.01019	0.19412	0.02284	0.03217	0.03671	0.35694	0.08495	0.01830	0.00916	0.00289	0.00625	0.01577	0.00752	0.04543
16	0.02634	0.02217	0.07987	0.02155	0.09545	0.02087	0.01678	0.36385	0.02999	0.07461	0.02023	0.05266	0.01575	0.00976	0.00808	0.00237	0.00877	0.00782	0.00703	0.11603
17	0.02018	0.02645	0.15000	0.02116	0.05895	0.16346	0.01828	0.02630	0.08148	0.02387	0.01839	0.02194	0.03343	0.01495	0.07219	0.00360	0.15728	0.00711	0.00459	0.07640
18	0.02330	0.02270	0.02525	0.02178	0.08598	0.14820	0.08579	0.13947	0.02306	0.03047	0.01568	0.01822	0.01245	0.00758	0.00745	0.00195	0.00975	0.00630	0.00527	0.30934
19	0.01976	0.01933	0.01891	0.12724	0.02578	0.18149	0.01445	0.09918	0.02034	0.02461	0.02202	0.10271	0.02090	0.02711	0.20404	0.00580	0.01423	0.03775	0.00530	0.00908
20	0.02156	0.24095	0.31086	0.02154	0.06674	0.02473	0.02241	0.14593	0.02171	0.02950	0.01494	0.01692	0.01144	0.00804	0.00722	0.00233	0.01048	0.00597	0.00452	0.01221
21	0.02315	0.02071	0.02687	0.08618	0.02984	0.08583	0.14494	0.25809	0.02655	0.03440	0.02321	0.15634	0.02130	0.01224	0.00900	0.00273	0.01009	0.01097	0.00646	0.01110
22	0.05870	0.02929	0.14157	0.03585	0.33717	0.20498	0.02295	0.02776	0.01975	0.02555	0.01452	0.01811	0.01180	0.00783	0.00781	0.00241	0.01158	0.00646	0.00410	0.01180
23	0.02130	0.05353	0.02140	0.01931	0.07544	0.17766	0.05843	0.05625	0.01974	0.02678	0.01907	0.02304	0.01552	0.01184	0.04083	0.00281	0.06820	0.00712	0.27222	0.00952
24	0.01473	0.02079	0.20160	0.01536	0.02128	0.01408	0.01548	0.02442	0.17079	0.02727	0.07991	0.04964	0.25304	0.01472	0.00901	0.00280	0.00728	0.04094	0.00675	0.01011
25	0.01457	0.01292	0.01585	0.01854	0.12526	0.04361	0.01176	0.01872	0.05302	0.02558	0.12070	0.16678	0.19414	0.01662	0.00926	0.00271	0.00635	0.05585	0.00687	0.08089

[dist]
# distance from previous block
# <min> <max>
10	14

[block]
# block no. 5 follows, 22 sequences, length 26
# corresponding to MSA columns:
# 464-489
name=unknown_F
#
# <colnr> <probs for GDERKNQSTAVLIFYWHMCP>
#	G	D	E	R	K	N	Q	S	T	A	V	L	I	F	Y	W	H	M	C	P
0	0.02344	0.02332	0.02768	0.02377	0.09346	0.15112	0.13074	0.13547	0.02311	0.03022	0.01580	0.01860	0.01246	0.00763	0.00773	0.00207	0.01037	0.00666	0.00519	0.25119
1	0.02345	0.01926	0.02208	0.02333	0.15835	0.11144	0.01521	0.05895	0.06648	0.13220	0.11399	0.02729	0.02442	0.01007	0.00908	0.00236	0.04416	0.00817	0.00652	0.12319
2	0.02209	0.02242	0.02369	0.02639	0.20252	0.17189	0.01652	0.07871	0.04396	0.02712	0.02290	0.02515	0.08113	0.00967	0.00894	0.00227	0.04885	0.00760	0.00519	0.15299
3	0.02829	0.03095	0.02298	0.05845	0.02674	0.39023	0.01585	0.14709	0.14326	0.02917	0.01827	0.01937	0.01415	0.00933	0.00788	0.00237	0.01206	0.00664	0.00580	0.01113
4	0.02594	0.02939	0.03051	0.03025	0.17139	0.31700	0.13373	0.07484	0.05841	0.02626	0.01595	0.01894	0.01271	0.00826	0.00821	0.00240	0.01273	0.00705	0.00477	0.01126
5	0.02032	0.44533	0.16613	0.01757	0.02438	0.02871	0.01831	0.02424	0.01622	0.02100	0.01211	0.01510	0.01068	0.00868	0.01001	0.00230	0.13933	0.00532	0.00356	0.01069
6	0.19610	0.13370	0.02400	0.01788	0.02286	0.40635	0.01417	0.05257	0.02102	0.02526	0.01263	0.01459	0.01044	0.00821	0.00667	0.00220	0.01192	0.00510	0.00452	0.00981
7	0.02477	0.08768	0.02266	0.01849	0.05424	0.23384	0.01396	0.20010	0.02611	0.03043	0.03202	0.03213	0.16570	0.01177	0.00813	0.00239	0.00988	0.00891	0.00620	0.01059
8	0.01046	0.00784	0.00971	0.01052	0.01194	0.00709	0.00740	0.01270	0.01858	0.02458	0.20909	0.38818	0.20659	0.02251	0.01021	0.00304	0.00444	0.01995	0.00808	0.00709
9	0.01012	0.00723	0.00964	0.01157	0.01205	0.00675	0.00771	0.01157	0.01591	0.02121	0.04579	0.70262	0.05495	0.02603	0.01060	0.00337	0.00482	0.02362	0.00771	0.00675
10	0.01901	0.02241	0.12087	0.08615	0.33378	0.02106	0.05743	0.02400	0.01706	0.02479	0.01436	0.01976	0.01205	0.00928	0.01298	0.00282	0.17937	0.00732	0.00388	0.01163
11	0.02521	0.10137	0.02825	0.09032	0.02964	0.29771	0.10486	0.10310	0.02295	0.02597	0.01784	0.02059	0.03589	0.00886	0.00778	0.00232	0.01201	0.00697	0.04808	0.01029
12	0.01012	0.00723	0.00964	0.01157	0.01205	0.00675	0.00771	0.01157	0.01591	0.02121	0.04579	0.70262	0.05495	0.02603	0.01060	0.00337	0.00482	0.02362	0.00771	0.00675
13	0.01072	0.00748	0.00946	0.01080	0.01113	0.00715	0.00689	0.01173	0.01473	0.01964	0.03975	0.50298	0.04733	0.23607	0.02036	0.00482	0.00582	0.02006	0.00689	0.00622
14	0.01810	0.03333	0.38315	0.03054	0.10479	0.01994	0.23740	0.02633	0.01841	0.02650	0.01565	0.01956	0.01153	0.00753	0.00859	0.00267	0.01262	0.00755	0.00381	0.01200
15	0.01549	0.00774	0.00774	0.00774	0.00968	0.00774	0.00581	0.01936	0.01742	0.03097	0.02710	0.03097	0.02129	0.00968	0.00581	0.00194	0.00387	0.00774	0.75416	0.00774
16	0.01569	0.01477	0.02492	0.68808	0.05722	0.01846	0.02307	0.02123	0.01661	0.02123	0.01477	0.02215	0.01107	0.00831	0.00831	0.00277	0.01107	0.00738	0.00369	0.00923
17	0.02284	0.23326	0.06023	0.01572	0.02152	0.04890	0.01399	0.15017	0.11657	0.06842	0.13905	0.02767	0.02693	0.01046	0.00764	0.00234	0.00797	0.00815	0.00672	0.01145
18	0.02644	0.03139	0.02522	0.12376	0.13763	0.43131	0.01853	0.03071	0.05539	0.02241	0.01474	0.01785	0.01197	0.00847	0.00779	0.00232	0.01308	0.00622	0.00439	0.01037
19	0.01113	0.00795	0.01079	0.01272	0.01364	0.00761	0.00946	0.01331	0.01690	0.02233	0.04523	0.51509	0.05275	0.02508	0.01087	0.00351	0.00569	0.20122	0.00769	0.00703
20	0.03375	0.01978	0.02277	0.01746	0.02402	0.02059	0.01442	0.40395	0.03322	0.28518	0.02484	0.02313	0.01659	0.01009	0.00833	0.00252	0.00835	0.00781	0.00906	0.01413
21	0.02056	0.01974	0.03372	0.05099	0.65622	0.01974	0.02550	0.02550	0.01892	0.02714	0.01563	0.02056	0.01316	0.00740	0.00822	0.00247	0.00987	0.00740	0.00411	0.01316
22	0.01448	0.00891	0.01288	0.04876	0.04919	0.00908	0.00940	0.03533	0.01415	0.01934	0.02288	0.18726	0.02424	0.02426	0.02239	0.43025	0.00689	0.01120	0.04335	0.00577
23	0.02724	0.18503	0.08638	0.02007	0.02550	0.44717	0.01708	0.03017	0.02107	0.02069	0.01266	0.01500	0.01069	0.00845	0.00793	0.00217	0.04330	0.00531	0.00402	0.01007
24	0.03008	0.03779	0.02447	0.02410	0.08311	0.61505	0.01691	0.03247	0.02312	0.02095	0.01309	0.01549	0.01092	0.00846	0.00756	0.00217	0.01452	0.00554	0.00427	0.00995
25	0.01022	0.00854	0.00897	0.00918	0.01189	0.00730	0.00710	0.01251	0.01896	0.02271	0.07967	0.08149	0.58526	0.02125	0.01000	0.00292	0.00459	0.08264	0.00771	0.00708

[dist]
# distance from previous block
# <min> <max>
0	1

[block]
# block no. 6 follows, 22 sequences, length 52
# corresponding to MSA columns:
# 491-542
name=unknown_G
#
# <colnr> <probs for GDERKNQSTAVLIFYWHMCP>
#	G	D	E	R	K	N	Q	S	T	A	V	L	I	F	Y	W	H	M	C	P
0	0.02221	0.71304	0.04353	0.01421	0.02132	0.03287	0.01421	0.02488	0.01688	0.01955	0.01155	0.01333	0.01066	0.00711	0.00533	0.00178	0.00888	0.00444	0.00355	0.01066
1	0.01723	0.01477	0.01723	0.01230	0.01969	0.01107	0.00984	0.02092	0.01723	0.02707	0.01477	0.01723	0.01230	0.00615	0.00615	0.00123	0.00615	0.00492	0.00492	0.75883
2	0.01666	0.04297	0.66500	0.02368	0.03596	0.01929	0.03069	0.02631	0.01754	0.02631	0.01491	0.01754	0.01052	0.00789	0.00789	0.00263	0.01228	0.00614	0.00351	0.01228
3	0.02056	0.01974	0.03372	0.05099	0.65622	0.01974	0.02550	0.02550	0.01892	0.02714	0.01563	0.02056	0.01316	0.00740	0.00822	0.00247	0.00987	0.00740	0.00411	0.01316
4	0.01055	0.00775	0.00990	0.01084	0.01205	0.00710	0.00757	0.01280	0.01849	0.02485	0.22520	0.43770	0.13903	0.02278	0.01027	0.00308	0.00448	0.02036	0.00812	0.00710
5	0.00982	0.00842	0.00842	0.00842	0.01122	0.00701	0.00631	0.01192	0.01894	0.02244	0.08416	0.07995	0.65285	0.02104	0.00982	0.00281	0.00421	0.01753	0.00771	0.00701
6	0.02862	0.02180	0.02327	0.01852	0.02464	0.02438	0.01507	0.47023	0.20216	0.04759	0.02370	0.02294	0.01717	0.01032	0.00835	0.00258	0.00845	0.00800	0.00835	0.01386
7	0.02066	0.01785	0.01878	0.01691	0.02160	0.02066	0.01315	0.04414	0.64121	0.03475	0.03381	0.03099	0.02536	0.01127	0.00845	0.00282	0.00657	0.00939	0.00845	0.01315
8	0.02056	0.01974	0.03372	0.05099	0.65622	0.01974	0.02550	0.02550	0.01892	0.02714	0.01563	0.02056	0.01316	0.00740	0.00822	0.00247	0.00987	0.00740	0.00411	0.01316
9	0.03103	0.03959	0.02354	0.02140	0.02568	0.67469	0.01605	0.03317	0.02354	0.02033	0.01284	0.01498	0.01070	0.00856	0.00749	0.00214	0.01498	0.00535	0.00428	0.00963
10	0.01006	0.00746	0.00940	0.01095	0.01189	0.00680	0.00744	0.01164	0.01650	0.02145	0.05329	0.58092	0.17181	0.02505	0.01045	0.00326	0.00470	0.02243	0.00771	0.00680
11	0.02056	0.01974	0.03372	0.05099	0.65622	0.01974	0.02550	0.02550	0.01892	0.02714	0.01563	0.02056	0.01316	0.00740	0.00822	0.00247	0.00987	0.00740	0.00411	0.01316
12	0.01012	0.00723	0.00964	0.01157	0.01205	0.00675	0.00771	0.01157	0.01591	0.02121	0.04579	0.70262	0.05495	0.02603	0.01060	0.00337	0.00482	0.02362	0.00771	0.00675
13	0.01028	0.00734	0.00982	0.01174	0.01229	0.00688	0.00798	0.01183	0.01606	0.02138	0.04570	0.67398	0.05461	0.02588	0.01064	0.00340	0.00495	0.05074	0.00771	0.00679
14	0.01430	0.01044	0.01255	0.01285	0.01468	0.01048	0.00921	0.13218	0.02061	0.02737	0.04304	0.53172	0.08294	0.02259	0.01011	0.00317	0.00563	0.02010	0.00783	0.00821
15	0.01012	0.00723	0.00964	0.01157	0.01205	0.00675	0.00771	0.01157	0.01591	0.02121	0.04579	0.70262	0.05495	0.02603	0.01060	0.00337	0.00482	0.02362	0.00771	0.00675
16	0.01699	0.01644	0.02318	0.02023	0.02050	0.02263	0.01672	0.01903	0.01284	0.01986	0.01303	0.02088	0.01275	0.02348	0.14851	0.00545	0.56734	0.00758	0.00379	0.00878
17	0.02032	0.01765	0.02637	0.44234	0.04651	0.02086	0.05672	0.18600	0.02272	0.02993	0.01614	0.02141	0.01199	0.00892	0.00913	0.00273	0.03707	0.00755	0.00497	0.01067
18	0.01723	0.01477	0.01723	0.01230	0.01969	0.01107	0.00984	0.02092	0.01723	0.02707	0.01477	0.01723	0.01230	0.00615	0.00615	0.00123	0.00615	0.00492	0.00492	0.75883
19	0.02673	0.02972	0.02643	0.03017	0.22574	0.34543	0.01875	0.08387	0.08416	0.02671	0.01641	0.01876	0.01322	0.00858	0.00789	0.00234	0.01202	0.00659	0.00499	0.01149
20	0.02794	0.02146	0.02288	0.01838	0.02438	0.02406	0.01491	0.43386	0.23964	0.04649	0.02456	0.02363	0.01787	0.01041	0.00836	0.00260	0.00829	0.00812	0.00836	0.01380
21	0.01088	0.00934	0.00944	0.00925	0.01224	0.00836	0.00698	0.01509	0.08012	0.02365	0.07921	0.07514	0.59116	0.02008	0.00968	0.00281	0.00444	0.01673	0.00779	0.00762
22	0.02089	0.55369	0.19132	0.01647	0.02480	0.02964	0.01813	0.02522	0.01704	0.02115	0.01235	0.01433	0.01063	0.00729	0.00594	0.00198	0.00969	0.00485	0.00354	0.01105
23	0.02117	0.58764	0.15984	0.01599	0.02406	0.03033	0.01730	0.02514	0.01700	0.02081	0.01218	0.01411	0.01064	0.00725	0.00581	0.00194	0.00952	0.00476	0.00355	0.01096
24	0.01142	0.00893	0.01065	0.01151	0.01391	0.00816	0.00949	0.01430	0.01902	0.02353	0.06612	0.08613	0.38124	0.02190	0.01056	0.00326	0.00575	0.27915	0.00769	0.00730
25	0.01926	0.01838	0.03093	0.11568	0.54535	0.01867	0.02384	0.02405	0.01867	0.02617	0.02054	0.02507	0.05967	0.00849	0.00835	0.00252	0.00958	0.00814	0.00433	0.01229
26	0.02910	0.03496	0.02552	0.02681	0.14369	0.51559	0.01780	0.06525	0.02355	0.02341	0.01376	0.01630	0.01135	0.00842	0.00767	0.00222	0.01370	0.00585	0.00448	0.01054
27	0.01006	0.00745	0.00941	0.01098	0.01189	0.00680	0.00745	0.01163	0.01647	0.02144	0.05297	0.58609	0.16684	0.02509	0.01046	0.00327	0.00471	0.02248	0.00771	0.00680
28	0.03103	0.03959	0.02354	0.02140	0.02568	0.67469	0.01605	0.03317	0.02354	0.02033	0.01284	0.01498	0.01070	0.00856	0.00749	0.00214	0.01498	0.00535	0.00428	0.00963
29	0.01012	0.00723	0.00964	0.01157	0.01205	0.00675	0.00771	0.01157	0.01591	0.02121	0.04579	0.70262	0.05495	0.02603	0.01060	0.00337	0.00482	0.02362	0.00771	0.00675
30	0.01586	0.01356	0.01426	0.01319	0.01696	0.01451	0.01015	0.02974	0.35809	0.02994	0.09822	0.05199	0.26923	0.01542	0.00907	0.00280	0.00548	0.01292	0.00822	0.01041
31	0.76672	0.01607	0.01221	0.01092	0.01607	0.01864	0.00900	0.02442	0.01414	0.03727	0.01157	0.01350	0.00900	0.00771	0.00514	0.00257	0.00643	0.00450	0.00514	0.00900
32	0.01208	0.00805	0.00906	0.00906	0.00906	0.00805	0.00503	0.01208	0.01208	0.01611	0.02618	0.05436	0.03020	0.70804	0.04228	0.00805	0.00805	0.01208	0.00503	0.00503
33	0.72306	0.01649	0.01297	0.01141	0.01664	0.01906	0.00940	0.06030	0.01562	0.03817	0.01206	0.01388	0.00930	0.00785	0.00533	0.00257	0.00659	0.00468	0.00533	0.00930
34	0.01699	0.08277	0.62809	0.02312	0.03509	0.02010	0.02971	0.02622	0.01750	0.02591	0.01471	0.01729	0.01053	0.00785	0.00774	0.00258	0.01208	0.00604	0.00351	0.01218
35	0.02327	0.47028	0.03471	0.01493	0.02091	0.10669	0.01365	0.05804	0.01895	0.04928	0.01478	0.01699	0.01265	0.01176	0.05484	0.00275	0.01024	0.00541	0.04941	0.01046
36	0.02056	0.01974	0.03372	0.05099	0.65622	0.01974	0.02550	0.02550	0.01892	0.02714	0.01563	0.02056	0.01316	0.00740	0.00822	0.00247	0.00987	0.00740	0.00411	0.01316
37	0.00982	0.00842	0.00842	0.00842	0.01122	0.00701	0.00631	0.01192	0.01894	0.02244	0.08416	0.07995	0.65285	0.02104	0.00982	0.00281	0.00421	0.01753	0.00771	0.00701
38	0.02177	0.02299	0.03189	0.13169	0.40457	0.14224	0.07367	0.02644	0.01952	0.02501	0.01509	0.01989	0.01237	0.00771	0.00823	0.00248	0.01134	0.00722	0.00409	0.01179
39	0.02056	0.01974	0.03372	0.05099	0.65622	0.01974	0.02550	0.02550	0.01892	0.02714	0.01563	0.02056	0.01316	0.00740	0.00822	0.00247	0.00987	0.00740	0.00411	0.01316
40	0.01187	0.00890	0.01335	0.01335	0.01483	0.01038	0.01038	0.01483	0.01335	0.01928	0.02225	0.03264	0.02077	0.06231	0.67512	0.01335	0.02225	0.00890	0.00445	0.00742
41	0.76672	0.01607	0.01221	0.01092	0.01607	0.01864	0.00900	0.02442	0.01414	0.03727	0.01157	0.01350	0.00900	0.00771	0.00514	0.00257	0.00643	0.00450	0.00514	0.00900
42	0.01206	0.00905	0.01286	0.01283	0.01391	0.01038	0.00958	0.01434	0.01328	0.01889	0.02416	0.08482	0.02451	0.17301	0.48415	0.01124	0.04868	0.01047	0.00476	0.00702
43	0.01781	0.20345	0.48809	0.02097	0.03155	0.02221	0.02588	0.02549	0.01721	0.02439	0.01440	0.01714	0.01098	0.00994	0.03468	0.00286	0.01187	0.00584	0.00356	0.01169
44	0.01119	0.00800	0.00901	0.00935	0.01011	0.00757	0.00581	0.01195	0.01440	0.01853	0.04357	0.17433	0.18433	0.42304	0.02891	0.00597	0.00656	0.01542	0.00615	0.00581
45	0.01012	0.00723	0.00964	0.01157	0.01205	0.00675	0.00771	0.01157	0.01591	0.02121	0.04579	0.70262	0.05495	0.02603	0.01060	0.00337	0.00482	0.02362	0.00771	0.00675
46	0.02280	0.05927	0.03213	0.04304	0.49429	0.15489	0.02298	0.02704	0.01976	0.02535	0.01485	0.01905	0.01253	0.00762	0.00793	0.00236	0.01087	0.00683	0.00412	0.01231
47	0.01109	0.00844	0.01004	0.00965	0.01180	0.00756	0.00714	0.01415	0.02125	0.02850	0.41567	0.06796	0.27902	0.05732	0.01163	0.00299	0.00425	0.01575	0.00841	0.00739
48	0.01155	0.00783	0.00922	0.00974	0.00987	0.00770	0.00576	0.01194	0.01312	0.01749	0.03149	0.22996	0.03690	0.52331	0.03370	0.00679	0.00718	0.01521	0.00576	0.00550
49	0.01170	0.00937	0.01273	0.01357	0.01396	0.01040	0.00976	0.01321	0.01528	0.02097	0.03897	0.56884	0.04634	0.02378	0.01386	0.00342	0.13930	0.02042	0.00691	0.00721
50	0.03048	0.02245	0.02415	0.01873	0.02506	0.02479	0.01538	0.59697	0.03788	0.05076	0.02127	0.05485	0.01621	0.01079	0.00843	0.00254	0.00892	0.00830	0.00828	0.01375
51	0.20068	0.05105	0.02240	0.19864	0.03179	0.15526	0.01614	0.17433	0.02299	0.03245	0.01476	0.01773	0.01124	0.00858	0.00727	0.00248	0.01021	0.00619	0.00529	0.01052

[dist]
# distance from previous block
# <min> <max>
0	10

# created by:
# /home/cegg/simao/soft/augustus-3.2.1/scripts/msa2prfl.pl ./align_prep/10647.fa
