[name]
unknown

[dist]
# distance from previous block
# <min> <max>
0	0

[block]
# block no. 0 follows, 22 sequences, length 46
# corresponding to MSA columns:
# 0-45
name=unknown_A
#
# <colnr> <probs for GDERKNQSTAVLIFYWHMCP>
#	G	D	E	R	K	N	Q	S	T	A	V	L	I	F	Y	W	H	M	C	P
0	0.01339	0.00956	0.01339	0.01530	0.01721	0.00956	0.01339	0.01721	0.01912	0.02486	0.04399	0.09371	0.04781	0.02295	0.01147	0.00382	0.00765	0.60031	0.00765	0.00765
1	0.02584	0.03182	0.02002	0.01842	0.02226	0.50785	0.01383	0.02801	0.02209	0.02069	0.02736	0.02870	0.13745	0.01389	0.04374	0.00287	0.01325	0.00794	0.00496	0.00900
2	0.03158	0.02327	0.02493	0.01911	0.02576	0.02576	0.01579	0.62852	0.03906	0.05236	0.01995	0.01995	0.01413	0.00997	0.00831	0.00249	0.00914	0.00748	0.00831	0.01413
3	0.01208	0.00805	0.00906	0.00906	0.00906	0.00805	0.00503	0.01208	0.01208	0.01611	0.02618	0.05436	0.03020	0.70804	0.04228	0.00805	0.00805	0.01208	0.00503	0.00503
4	0.01208	0.00805	0.00906	0.00906	0.00906	0.00805	0.00503	0.01208	0.01208	0.01611	0.02618	0.05436	0.03020	0.70804	0.04228	0.00805	0.00805	0.01208	0.00503	0.00503
5	0.18709	0.01813	0.03955	0.01240	0.01618	0.14270	0.01008	0.05625	0.01906	0.03125	0.01995	0.02279	0.01564	0.00896	0.00621	0.00218	0.00725	0.00647	0.36894	0.00892
6	0.01783	0.18387	0.53432	0.02169	0.03288	0.02215	0.02723	0.02601	0.01740	0.02489	0.01420	0.01665	0.01055	0.00773	0.00735	0.00245	0.01156	0.00578	0.00352	0.01194
7	0.02221	0.71304	0.04353	0.01421	0.02132	0.03287	0.01421	0.02488	0.01688	0.01955	0.01155	0.01333	0.01066	0.00711	0.00533	0.00178	0.00888	0.00444	0.00355	0.01066
8	0.02014	0.01739	0.01829	0.01650	0.02110	0.02001	0.01282	0.04260	0.61140	0.03416	0.03622	0.03334	0.05542	0.01174	0.00852	0.00282	0.00646	0.00978	0.00842	0.01286
9	0.01944	0.02125	0.07947	0.13024	0.40497	0.01980	0.15182	0.02522	0.01866	0.02619	0.01571	0.02095	0.01258	0.00747	0.00854	0.00259	0.01107	0.00782	0.00403	0.01217
10	0.01666	0.04297	0.66500	0.02368	0.03596	0.01929	0.03069	0.02631	0.01754	0.02631	0.01491	0.01754	0.01052	0.00789	0.00789	0.00263	0.01228	0.00614	0.00351	0.01228
11	0.01666	0.04297	0.66500	0.02368	0.03596	0.01929	0.03069	0.02631	0.01754	0.02631	0.01491	0.01754	0.01052	0.00789	0.00789	0.00263	0.01228	0.00614	0.00351	0.01228
12	0.01666	0.04297	0.66500	0.02368	0.03596	0.01929	0.03069	0.02631	0.01754	0.02631	0.01491	0.01754	0.01052	0.00789	0.00789	0.00263	0.01228	0.00614	0.00351	0.01228
13	0.02257	0.02498	0.03638	0.03934	0.32076	0.16466	0.21582	0.02755	0.02016	0.02547	0.01539	0.01992	0.01244	0.00753	0.00857	0.00250	0.01232	0.00772	0.00418	0.01175
14	0.01012	0.00723	0.00964	0.01157	0.01205	0.00675	0.00771	0.01157	0.01591	0.02121	0.04579	0.70262	0.05495	0.02603	0.01060	0.00337	0.00482	0.02362	0.00771	0.00675
15	0.01012	0.00723	0.00964	0.01157	0.01205	0.00675	0.00771	0.01157	0.01591	0.02121	0.04579	0.70262	0.05495	0.02603	0.01060	0.00337	0.00482	0.02362	0.00771	0.00675
16	0.01989	0.02278	0.04514	0.03281	0.04050	0.06550	0.55056	0.02626	0.01968	0.02589	0.01809	0.05848	0.01475	0.00813	0.00969	0.00279	0.01358	0.01024	0.00440	0.01086
17	0.02028	0.03135	0.28705	0.03113	0.23127	0.10026	0.02460	0.02956	0.11213	0.02710	0.01772	0.02021	0.01361	0.00832	0.00803	0.00255	0.01098	0.00693	0.00454	0.01236
18	0.00982	0.00842	0.00842	0.00842	0.01122	0.00701	0.00631	0.01192	0.01894	0.02244	0.08416	0.07995	0.65285	0.02104	0.00982	0.00281	0.00421	0.01753	0.00771	0.00701
19	0.01049	0.00823	0.00954	0.01047	0.01214	0.00751	0.00737	0.01325	0.04649	0.02237	0.06166	0.40444	0.30968	0.02320	0.01017	0.00310	0.00464	0.02034	0.00775	0.00716
20	0.01970	0.02457	0.15931	0.04404	0.47364	0.01978	0.08597	0.02577	0.01871	0.02692	0.01560	0.02015	0.01259	0.00746	0.00832	0.00253	0.01075	0.00739	0.00400	0.01279
21	0.02002	0.02432	0.15524	0.08333	0.05291	0.12147	0.01752	0.12681	0.02407	0.03161	0.21952	0.03237	0.03307	0.01129	0.00856	0.00253	0.00928	0.00926	0.00630	0.01049
22	0.02158	0.02152	0.03171	0.04579	0.55165	0.08279	0.02373	0.02752	0.06244	0.02701	0.01662	0.02075	0.01377	0.00778	0.00817	0.00246	0.01013	0.00734	0.00443	0.01282
23	0.08660	0.10595	0.24019	0.02053	0.02843	0.15054	0.05367	0.10424	0.08114	0.02942	0.01641	0.01810	0.01243	0.00846	0.00752	0.00245	0.01110	0.00634	0.00492	0.01156
24	0.02169	0.64962	0.10235	0.01511	0.02271	0.03159	0.01577	0.02501	0.01694	0.02019	0.01187	0.01372	0.01065	0.00718	0.00557	0.00186	0.00921	0.00460	0.00355	0.01081
25	0.01982	0.02854	0.25633	0.03020	0.22952	0.05577	0.02339	0.05971	0.12342	0.02881	0.02168	0.02365	0.04411	0.00906	0.00818	0.00258	0.01017	0.00764	0.00501	0.01241
26	0.01000	0.00771	0.00914	0.01029	0.01171	0.00686	0.00714	0.01171	0.01714	0.02171	0.06140	0.44930	0.29819	0.02400	0.01028	0.00314	0.00457	0.02114	0.00771	0.00686
27	0.01723	0.01477	0.01723	0.01230	0.01969	0.01107	0.00984	0.02092	0.01723	0.02707	0.01477	0.01723	0.01230	0.00615	0.00615	0.00123	0.00615	0.00492	0.00492	0.75883
28	0.05021	0.10018	0.10390	0.02266	0.11336	0.17535	0.04145	0.02469	0.01814	0.02330	0.01562	0.02007	0.01330	0.01913	0.14767	0.00452	0.01356	0.00649	0.00421	0.08219
29	0.01127	0.00910	0.01010	0.00974	0.01237	0.00826	0.00734	0.01551	0.06367	0.02722	0.28566	0.07010	0.40198	0.01890	0.00972	0.00274	0.00427	0.01606	0.00828	0.00774
30	0.01029	0.00829	0.00917	0.00925	0.01159	0.00717	0.00682	0.01273	0.01962	0.02476	0.20808	0.14896	0.45274	0.02071	0.00991	0.00283	0.00421	0.01768	0.00804	0.00717
31	0.01736	0.01947	0.10581	0.03617	0.37512	0.01638	0.05460	0.02199	0.01779	0.02517	0.02258	0.16764	0.02260	0.04746	0.01053	0.00299	0.00922	0.01108	0.00486	0.01116
32	0.01743	0.03814	0.52811	0.02813	0.11297	0.01951	0.08731	0.02624	0.01791	0.02644	0.01518	0.01838	0.01105	0.00775	0.00812	0.00263	0.01215	0.00665	0.00365	0.01228
33	0.00982	0.00842	0.00842	0.00842	0.01122	0.00701	0.00631	0.01192	0.01894	0.02244	0.08416	0.07995	0.65285	0.02104	0.00982	0.00281	0.00421	0.01753	0.00771	0.00701
34	0.01861	0.01143	0.01381	0.01240	0.01589	0.01106	0.00956	0.02567	0.14251	0.16841	0.24823	0.10478	0.15198	0.01585	0.00929	0.00274	0.00525	0.01361	0.00889	0.01002
35	0.02040	0.01613	0.01724	0.01543	0.01954	0.01833	0.01195	0.08714	0.45905	0.03402	0.03016	0.02958	0.02298	0.01247	0.01016	0.06725	0.00651	0.00884	0.10110	0.01174
36	0.03082	0.02740	0.02505	0.02149	0.06071	0.19734	0.01640	0.43736	0.03383	0.04247	0.01782	0.01866	0.01317	0.00946	0.00809	0.00240	0.01073	0.00691	0.00701	0.01288
37	0.01964	0.02189	0.08392	0.03493	0.30541	0.04951	0.02242	0.02353	0.01634	0.02373	0.01343	0.01905	0.01187	0.01054	0.01631	0.00297	0.30229	0.00715	0.00386	0.01120
38	0.01184	0.00739	0.00903	0.01034	0.01129	0.00707	0.00710	0.01406	0.01639	0.02434	0.03980	0.48744	0.04416	0.02079	0.00907	0.00291	0.00452	0.01853	0.24686	0.00707
39	0.01980	0.01478	0.01633	0.01421	0.01806	0.01542	0.01105	0.28951	0.02740	0.03614	0.07506	0.22458	0.16888	0.01722	0.00936	0.00281	0.00658	0.01456	0.00806	0.01019
40	0.02525	0.02090	0.02869	0.09373	0.23135	0.02222	0.05204	0.31778	0.02844	0.03879	0.01767	0.02036	0.01336	0.00866	0.00827	0.00247	0.00969	0.00745	0.00615	0.04675
41	0.08381	0.02743	0.02505	0.12478	0.17172	0.30124	0.01851	0.07484	0.04861	0.02639	0.01510	0.01825	0.01207	0.00842	0.00770	0.00240	0.01177	0.00638	0.00471	0.01081
42	0.22034	0.09749	0.02185	0.16542	0.05539	0.16669	0.01494	0.02438	0.01775	0.02578	0.03996	0.05561	0.01583	0.01141	0.03297	0.00289	0.01024	0.00706	0.00467	0.00933
43	0.04940	0.02047	0.11241	0.11270	0.18437	0.01836	0.01924	0.06002	0.16913	0.06085	0.05456	0.02817	0.05426	0.01001	0.00829	0.00265	0.00866	0.00856	0.00601	0.01186
44	0.02022	0.02008	0.07262	0.05616	0.26004	0.01813	0.09042	0.11272	0.02106	0.02975	0.01793	0.05005	0.01538	0.04118	0.00974	0.00262	0.00953	0.00808	0.00502	0.13927
45	0.06132	0.02841	0.11639	0.03532	0.32739	0.20866	0.02231	0.02752	0.01953	0.02526	0.01430	0.01806	0.01177	0.00814	0.00867	0.00245	0.04227	0.00648	0.00411	0.01162

[dist]
# distance from previous block
# <min> <max>
3	10

[block]
# block no. 1 follows, 22 sequences, length 8
# corresponding to MSA columns:
# 56-63
name=unknown_B
#
# <colnr> <probs for GDERKNQSTAVLIFYWHMCP>
#	G	D	E	R	K	N	Q	S	T	A	V	L	I	F	Y	W	H	M	C	P
0	0.19713	0.02025	0.01994	0.02243	0.16488	0.13428	0.01428	0.10822	0.02106	0.03261	0.01731	0.02013	0.01368	0.00854	0.00685	0.00232	0.00855	0.00644	0.17062	0.01050
1	0.01073	0.00845	0.00967	0.00937	0.01178	0.00740	0.00703	0.01368	0.02108	0.02753	0.34968	0.07158	0.38416	0.01914	0.00981	0.00272	0.00407	0.01636	0.00838	0.00740
2	0.02056	0.01974	0.03372	0.05099	0.65622	0.01974	0.02550	0.02550	0.01892	0.02714	0.01563	0.02056	0.01316	0.00740	0.00822	0.00247	0.00987	0.00740	0.00411	0.01316
3	0.09223	0.02054	0.01788	0.01613	0.02012	0.16316	0.01250	0.12213	0.16837	0.03246	0.11592	0.10076	0.03055	0.01302	0.00846	0.00267	0.00832	0.03717	0.00718	0.01045
4	0.02056	0.03771	0.51507	0.02230	0.03325	0.01983	0.02696	0.12481	0.02147	0.07612	0.01701	0.01870	0.01183	0.00840	0.00799	0.00260	0.01140	0.00651	0.00477	0.01271
5	0.01812	0.02111	0.13149	0.01861	0.02479	0.05211	0.10402	0.10492	0.02081	0.02834	0.02737	0.18240	0.06304	0.01283	0.00863	0.00253	0.00882	0.01139	0.00584	0.15282
6	0.09898	0.01680	0.02174	0.02407	0.16775	0.01922	0.01575	0.06035	0.13790	0.02923	0.05993	0.03092	0.09905	0.01220	0.01260	0.00287	0.16482	0.00913	0.00591	0.01077
7	0.01631	0.20925	0.13757	0.01506	0.01958	0.01884	0.01444	0.01970	0.01511	0.02079	0.01901	0.05855	0.01859	0.14670	0.12917	0.00531	0.07558	0.00824	0.04331	0.00888

[dist]
# distance from previous block
# <min> <max>
19	56

[block]
# block no. 2 follows, 22 sequences, length 69
# corresponding to MSA columns:
# 123-191
name=unknown_C
#
# <colnr> <probs for GDERKNQSTAVLIFYWHMCP>
#	G	D	E	R	K	N	Q	S	T	A	V	L	I	F	Y	W	H	M	C	P
0	0.07392	0.07022	0.44418	0.05673	0.03294	0.06003	0.02520	0.05864	0.01905	0.06251	0.01561	0.01784	0.01120	0.00814	0.00761	0.00255	0.01134	0.00615	0.00431	0.01183
1	0.01898	0.05815	0.41190	0.02098	0.03025	0.01746	0.05581	0.02623	0.01775	0.10983	0.01851	0.02162	0.01371	0.01732	0.12065	0.00441	0.01323	0.00703	0.00461	0.01159
2	0.01341	0.01244	0.01565	0.01758	0.09455	0.05761	0.04799	0.01589	0.01804	0.02261	0.05033	0.32478	0.23778	0.01967	0.00978	0.00295	0.00655	0.01747	0.00680	0.00811
3	0.01020	0.00747	0.00959	0.01110	0.01197	0.00686	0.00755	0.01191	0.01683	0.02224	0.09436	0.57911	0.13076	0.02475	0.01045	0.00325	0.00468	0.02224	0.00782	0.00686
4	0.03019	0.03562	0.02462	0.02367	0.08071	0.52862	0.01684	0.11408	0.02526	0.02531	0.01406	0.01615	0.01138	0.00865	0.00767	0.00222	0.01373	0.00582	0.00482	0.01055
5	0.01757	0.01075	0.01403	0.01407	0.04826	0.01035	0.00973	0.02236	0.08110	0.14601	0.24293	0.17804	0.04827	0.10215	0.01350	0.00344	0.00577	0.01418	0.00823	0.00925
6	0.01982	0.06724	0.09832	0.03396	0.28339	0.05811	0.13075	0.02504	0.01853	0.02566	0.01555	0.01993	0.01274	0.01001	0.04133	0.00286	0.01122	0.00713	0.00417	0.11423
7	0.01050	0.00752	0.00998	0.01131	0.01213	0.00700	0.00774	0.01253	0.01768	0.02403	0.18703	0.55333	0.06041	0.02392	0.01042	0.00320	0.00461	0.02161	0.00805	0.00700
8	0.02434	0.25051	0.11144	0.02043	0.02647	0.27729	0.06160	0.02789	0.01931	0.02124	0.01278	0.01563	0.01082	0.00850	0.00900	0.00228	0.08055	0.00567	0.00388	0.01035
9	0.02353	0.01721	0.01887	0.01654	0.02153	0.01921	0.01299	0.04351	0.53471	0.14294	0.03363	0.03053	0.02453	0.01110	0.00844	0.00278	0.00666	0.00921	0.00877	0.01332
10	0.02931	0.03673	0.02380	0.02146	0.02516	0.58793	0.01634	0.03141	0.02210	0.02029	0.01258	0.01541	0.01073	0.00936	0.01013	0.00234	0.10557	0.00561	0.00419	0.00956
11	0.01017	0.00843	0.00890	0.00878	0.01144	0.00716	0.00659	0.01260	0.01976	0.02440	0.18665	0.07672	0.54913	0.02031	0.00981	0.00277	0.00416	0.01708	0.00797	0.00716
12	0.01208	0.00805	0.00906	0.00906	0.00906	0.00805	0.00503	0.01208	0.01208	0.01611	0.02618	0.05436	0.03020	0.70804	0.04228	0.00805	0.00805	0.01208	0.00503	0.00503
13	0.02332	0.01860	0.02044	0.01583	0.02236	0.01860	0.01277	0.25286	0.15775	0.03815	0.02074	0.02116	0.01576	0.00867	0.00745	0.00204	0.00736	0.00683	0.00694	0.32240
14	0.01208	0.00805	0.00906	0.00906	0.00906	0.00805	0.00503	0.01208	0.01208	0.01611	0.02618	0.05436	0.03020	0.70804	0.04228	0.00805	0.00805	0.01208	0.00503	0.00503
15	0.01818	0.01818	0.02545	0.02181	0.02181	0.02545	0.01818	0.01999	0.01272	0.01999	0.01091	0.01818	0.01091	0.01454	0.02726	0.00364	0.69284	0.00727	0.00364	0.00909
16	0.01018	0.00802	0.00920	0.00977	0.01166	0.00703	0.00700	0.01231	0.01851	0.02348	0.14737	0.29054	0.37107	0.02220	0.01008	0.00297	0.00438	0.01928	0.00791	0.00703
17	0.02056	0.01974	0.03372	0.05099	0.65622	0.01974	0.02550	0.02550	0.01892	0.02714	0.01563	0.02056	0.01316	0.00740	0.00822	0.00247	0.00987	0.00740	0.00411	0.01316
18	0.02013	0.01930	0.03295	0.10674	0.60381	0.01963	0.02528	0.02512	0.01871	0.02662	0.01555	0.02070	0.01298	0.00748	0.00823	0.00249	0.00997	0.00740	0.00408	0.01282
19	0.03063	0.07427	0.02485	0.02067	0.02545	0.54311	0.01591	0.12100	0.02548	0.02504	0.01382	0.01563	0.01121	0.00869	0.00749	0.00217	0.01378	0.00562	0.00484	0.01035
20	0.76672	0.01607	0.01221	0.01092	0.01607	0.01864	0.00900	0.02442	0.01414	0.03727	0.01157	0.01350	0.00900	0.00771	0.00514	0.00257	0.00643	0.00450	0.00514	0.00900
21	0.01851	0.01782	0.02881	0.16857	0.36038	0.02014	0.02238	0.02271	0.01705	0.02410	0.01785	0.02334	0.04461	0.00990	0.01265	0.00281	0.16525	0.00788	0.00410	0.01114
22	0.01036	0.00844	0.00917	0.00899	0.01156	0.00724	0.00674	0.01298	0.02022	0.02549	0.24352	0.07493	0.49158	0.01990	0.00981	0.00275	0.00413	0.01683	0.00812	0.00724
23	0.03103	0.03959	0.02354	0.02140	0.02568	0.67469	0.01605	0.03317	0.02354	0.02033	0.01284	0.01498	0.01070	0.00856	0.00749	0.00214	0.01498	0.00535	0.00428	0.00963
24	0.03554	0.01691	0.02100	0.01610	0.02259	0.01633	0.01330	0.21907	0.02842	0.47684	0.02888	0.02575	0.01861	0.01019	0.00834	0.00255	0.00770	0.00809	0.00968	0.01413
25	0.02221	0.71304	0.04353	0.01421	0.02132	0.03287	0.01421	0.02488	0.01688	0.01955	0.01155	0.01333	0.01066	0.00711	0.00533	0.00178	0.00888	0.00444	0.00355	0.01066
26	0.01434	0.01213	0.01285	0.01202	0.01546	0.01248	0.00920	0.02508	0.26390	0.02873	0.14040	0.05833	0.32953	0.01666	0.00928	0.00278	0.00510	0.01400	0.00820	0.00953
27	0.01207	0.00811	0.00934	0.00934	0.00943	0.00820	0.00538	0.01226	0.01216	0.01631	0.02592	0.05296	0.02959	0.66644	0.08305	0.00840	0.00897	0.01188	0.00500	0.00519
28	0.01208	0.00805	0.00906	0.00906	0.00906	0.00805	0.00503	0.01208	0.01208	0.01611	0.02618	0.05436	0.03020	0.70804	0.04228	0.00805	0.00805	0.01208	0.00503	0.00503
29	0.00989	0.00812	0.00872	0.00920	0.01143	0.00695	0.00666	0.01183	0.01818	0.02213	0.07461	0.23495	0.50402	0.02228	0.01001	0.00295	0.00436	0.01905	0.00771	0.00695
30	0.01723	0.01477	0.01723	0.01230	0.01969	0.01107	0.00984	0.02092	0.01723	0.02707	0.01477	0.01723	0.01230	0.00615	0.00615	0.00123	0.00615	0.00492	0.00492	0.75883
31	0.01187	0.00890	0.01335	0.01335	0.01483	0.01038	0.01038	0.01483	0.01335	0.01928	0.02225	0.03264	0.02077	0.06231	0.67512	0.01335	0.02225	0.00890	0.00445	0.00742
32	0.02100	0.02179	0.02845	0.03988	0.45491	0.13628	0.02119	0.02504	0.01975	0.02527	0.02442	0.02761	0.09945	0.00946	0.00831	0.00245	0.01002	0.00841	0.00463	0.01169
33	0.03158	0.02327	0.02493	0.01911	0.02576	0.02576	0.01579	0.62852	0.03906	0.05236	0.01995	0.01995	0.01413	0.00997	0.00831	0.00249	0.00914	0.00748	0.00831	0.01413
34	0.01820	0.03183	0.33030	0.02348	0.09795	0.11933	0.02253	0.02423	0.01853	0.02432	0.02688	0.02879	0.12686	0.01080	0.00962	0.00264	0.06018	0.00830	0.00446	0.01078
35	0.02439	0.45321	0.03705	0.02035	0.09519	0.20334	0.01600	0.02717	0.01890	0.02063	0.01236	0.01460	0.01096	0.00753	0.00624	0.00195	0.01063	0.00502	0.00381	0.01067
36	0.15107	0.34009	0.03067	0.01639	0.02209	0.27393	0.01403	0.02795	0.01894	0.02283	0.01204	0.01398	0.01040	0.00776	0.00612	0.00205	0.01078	0.00480	0.00410	0.00999
37	0.01881	0.03020	0.31801	0.03869	0.37689	0.01954	0.02784	0.02586	0.01830	0.02677	0.01530	0.01920	0.01197	0.00762	0.00807	0.00254	0.01095	0.00683	0.00384	0.01276
38	0.02221	0.71304	0.04353	0.01421	0.02132	0.03287	0.01421	0.02488	0.01688	0.01955	0.01155	0.01333	0.01066	0.00711	0.00533	0.00178	0.00888	0.00444	0.00355	0.01066
39	0.01150	0.00853	0.01075	0.01034	0.01244	0.00778	0.00785	0.01510	0.02250	0.03099	0.52232	0.06676	0.17715	0.01799	0.00989	0.00271	0.00416	0.04474	0.00882	0.00768
40	0.00982	0.00842	0.00842	0.00842	0.01122	0.00701	0.00631	0.01192	0.01894	0.02244	0.08416	0.07995	0.65285	0.02104	0.00982	0.00281	0.00421	0.01753	0.00771	0.00701
41	0.01960	0.01718	0.02010	0.16100	0.02925	0.02019	0.01528	0.03922	0.50712	0.03185	0.02972	0.02910	0.02229	0.01063	0.00842	0.00281	0.00754	0.00896	0.00743	0.01231
42	0.01912	0.03356	0.43366	0.02875	0.17546	0.01831	0.02708	0.02685	0.01846	0.07974	0.01804	0.02298	0.01385	0.00874	0.00819	0.00265	0.01106	0.03668	0.00442	0.01240
43	0.01187	0.00890	0.01335	0.01335	0.01483	0.01038	0.01038	0.01483	0.01335	0.01928	0.02225	0.03264	0.02077	0.06231	0.67512	0.01335	0.02225	0.00890	0.00445	0.00742
44	0.02165	0.01762	0.01881	0.01678	0.02158	0.02016	0.01309	0.04393	0.60445	0.07210	0.03375	0.03083	0.02507	0.01121	0.00845	0.00280	0.00660	0.00933	0.00856	0.01321
45	0.01216	0.01099	0.05332	0.01398	0.01613	0.01093	0.01163	0.01554	0.01361	0.01972	0.02180	0.03171	0.02014	0.05897	0.63420	0.01269	0.02164	0.00873	0.00439	0.00772
46	0.03134	0.03035	0.02433	0.02011	0.02573	0.30731	0.01590	0.37022	0.03233	0.03846	0.01686	0.01779	0.01264	0.00936	0.00795	0.00234	0.01168	0.00656	0.00656	0.01218
47	0.01187	0.00890	0.01335	0.01335	0.01483	0.01038	0.01038	0.01483	0.01335	0.01928	0.02225	0.03264	0.02077	0.06231	0.67512	0.01335	0.02225	0.00890	0.00445	0.00742
48	0.10111	0.32068	0.03127	0.01673	0.02288	0.17810	0.01450	0.17276	0.02351	0.02944	0.01388	0.01533	0.01134	0.00820	0.00653	0.00211	0.01011	0.00539	0.00503	0.01109
49	0.01187	0.00890	0.01335	0.01335	0.01483	0.01038	0.01038	0.01483	0.01335	0.01928	0.02225	0.03264	0.02077	0.06231	0.67512	0.01335	0.02225	0.00890	0.00445	0.00742
50	0.01244	0.04769	0.01501	0.01340	0.01519	0.01162	0.01060	0.01539	0.01355	0.01930	0.02166	0.03157	0.02021	0.05926	0.63823	0.01271	0.02152	0.00866	0.00440	0.00760
51	0.02221	0.71304	0.04353	0.01421	0.02132	0.03287	0.01421	0.02488	0.01688	0.01955	0.01155	0.01333	0.01066	0.00711	0.00533	0.00178	0.00888	0.00444	0.00355	0.01066
52	0.01058	0.00845	0.00947	0.00922	0.01169	0.00734	0.00691	0.01340	0.02073	0.02671	0.30707	0.07292	0.42727	0.01945	0.00981	0.00273	0.00409	0.01655	0.00828	0.00734
53	0.01187	0.00890	0.01335	0.01335	0.01483	0.01038	0.01038	0.01483	0.01335	0.01928	0.02225	0.03264	0.02077	0.06231	0.67512	0.01335	0.02225	0.00890	0.00445	0.00742
54	0.02499	0.01950	0.02136	0.01635	0.02303	0.01977	0.01329	0.33468	0.10509	0.04095	0.01976	0.02031	0.01484	0.00874	0.00754	0.00207	0.00773	0.00678	0.00709	0.28611
55	0.01655	0.02280	0.19740	0.02083	0.05864	0.01477	0.11993	0.02229	0.01823	0.02670	0.06455	0.06474	0.04384	0.00935	0.00801	0.00222	0.00901	0.00851	0.00495	0.26667
56	0.02993	0.03670	0.02426	0.02293	0.06025	0.57588	0.01665	0.06383	0.02364	0.02239	0.01329	0.01569	0.01103	0.00883	0.00843	0.00224	0.04387	0.00566	0.00446	0.01004
57	0.01026	0.00843	0.00903	0.00888	0.01149	0.00720	0.00666	0.01278	0.01998	0.02493	0.21381	0.07586	0.52164	0.02011	0.00981	0.00276	0.00414	0.01696	0.00804	0.00720
58	0.01685	0.04165	0.62532	0.02441	0.03644	0.01940	0.06905	0.02633	0.01767	0.02633	0.01503	0.01785	0.01066	0.00784	0.00802	0.00264	0.01239	0.00637	0.00355	0.01221
59	0.02003	0.01990	0.02618	0.06259	0.16304	0.14428	0.12618	0.02380	0.01932	0.05591	0.02516	0.19633	0.02514	0.01324	0.00914	0.00278	0.01015	0.04124	0.00554	0.01006
60	0.01841	0.01559	0.01678	0.01524	0.01932	0.01753	0.01178	0.03708	0.49262	0.03376	0.14841	0.03952	0.07230	0.01288	0.00878	0.00278	0.00595	0.01089	0.00853	0.01182
61	0.03103	0.03959	0.02354	0.02140	0.02568	0.67469	0.01605	0.03317	0.02354	0.02033	0.01284	0.01498	0.01070	0.00856	0.00749	0.00214	0.01498	0.00535	0.00428	0.00963
62	0.02056	0.01974	0.03372	0.05099	0.65622	0.01974	0.02550	0.02550	0.01892	0.02714	0.01563	0.02056	0.01316	0.00740	0.00822	0.00247	0.00987	0.00740	0.00411	0.01316
63	0.01965	0.01686	0.01613	0.05784	0.01995	0.12472	0.01161	0.15354	0.02295	0.03001	0.05856	0.25845	0.03160	0.01545	0.00865	0.00268	0.00771	0.01308	0.12133	0.00923
64	0.01180	0.00810	0.00898	0.00898	0.00933	0.00792	0.00519	0.01206	0.01293	0.01689	0.03336	0.05754	0.10739	0.62288	0.03826	0.00740	0.00758	0.01276	0.00537	0.00528
65	0.01910	0.01972	0.02531	0.02178	0.02209	0.07239	0.01802	0.02095	0.01350	0.02002	0.01105	0.01794	0.01089	0.01411	0.02583	0.00353	0.64383	0.00713	0.00368	0.00913
66	0.03268	0.01674	0.02038	0.01592	0.02198	0.01654	0.01304	0.21800	0.06628	0.39240	0.07369	0.02835	0.02308	0.01073	0.00845	0.00257	0.00744	0.00863	0.00949	0.01362
67	0.03103	0.03959	0.02354	0.02140	0.02568	0.67469	0.01605	0.03317	0.02354	0.02033	0.01284	0.01498	0.01070	0.00856	0.00749	0.00214	0.01498	0.00535	0.00428	0.00963
68	0.02256	0.02383	0.03026	0.04208	0.47469	0.17284	0.02249	0.02674	0.01971	0.02513	0.01532	0.01989	0.01298	0.01056	0.04305	0.00296	0.01172	0.00700	0.00417	0.01203

[dist]
# distance from previous block
# <min> <max>
9	20

[block]
# block no. 3 follows, 22 sequences, length 12
# corresponding to MSA columns:
# 212-223
name=unknown_D
#
# <colnr> <probs for GDERKNQSTAVLIFYWHMCP>
#	G	D	E	R	K	N	Q	S	T	A	V	L	I	F	Y	W	H	M	C	P
0	0.05914	0.02968	0.02996	0.02647	0.08612	0.34768	0.16540	0.03042	0.02127	0.07090	0.01540	0.01837	0.01206	0.00845	0.00901	0.00245	0.04499	0.00690	0.00470	0.01062
1	0.02483	0.02767	0.02847	0.03643	0.35269	0.28608	0.02074	0.03000	0.06706	0.02494	0.01585	0.01907	0.01307	0.00816	0.00794	0.00236	0.01170	0.00672	0.00450	0.01172
2	0.01640	0.01981	0.13098	0.09733	0.23973	0.01634	0.07148	0.02126	0.01743	0.02444	0.02354	0.20622	0.02376	0.01292	0.00977	0.00285	0.03844	0.01181	0.00494	0.01053
3	0.01144	0.04032	0.01146	0.01005	0.01224	0.00859	0.00750	0.01424	0.02029	0.02696	0.34007	0.14299	0.25083	0.05247	0.01128	0.00299	0.00455	0.01623	0.00807	0.00744
4	0.01872	0.01793	0.02835	0.07445	0.43727	0.04625	0.04519	0.02280	0.01807	0.02483	0.02010	0.10678	0.01949	0.07002	0.01148	0.00307	0.00955	0.00979	0.00462	0.01123
5	0.01174	0.00825	0.00876	0.00863	0.01103	0.00737	0.00647	0.01469	0.01942	0.02690	0.18011	0.06308	0.36784	0.01715	0.00872	0.00253	0.00406	0.01437	0.21149	0.00737
6	0.02026	0.02155	0.08302	0.04886	0.60778	0.01970	0.02590	0.02556	0.01881	0.02708	0.01557	0.02032	0.01295	0.00744	0.00820	0.00248	0.01006	0.00730	0.00406	0.01309
7	0.01989	0.02285	0.10171	0.04363	0.41704	0.02006	0.19920	0.02590	0.01898	0.02690	0.01589	0.02079	0.01273	0.00734	0.00865	0.00258	0.01130	0.00797	0.00408	0.01251
8	0.01666	0.04297	0.66500	0.02368	0.03596	0.01929	0.03069	0.02631	0.01754	0.02631	0.01491	0.01754	0.01052	0.00789	0.00789	0.00263	0.01228	0.00614	0.00351	0.01228
9	0.04322	0.09130	0.02259	0.05271	0.16540	0.01737	0.01487	0.03871	0.01787	0.02446	0.06644	0.06731	0.17591	0.01420	0.01239	0.03130	0.11845	0.01059	0.00543	0.00947
10	0.05226	0.12548	0.20209	0.01624	0.02230	0.09829	0.01648	0.02212	0.01873	0.02493	0.08387	0.08526	0.10033	0.01283	0.00814	0.00258	0.00890	0.05563	0.03395	0.00959
11	0.02059	0.42347	0.25725	0.01935	0.05341	0.05475	0.02047	0.02575	0.01748	0.02224	0.01294	0.01516	0.01072	0.00745	0.00643	0.00212	0.01036	0.00519	0.00359	0.01128

[dist]
# distance from previous block
# <min> <max>
2	56

[block]
# block no. 4 follows, 22 sequences, length 43
# corresponding to MSA columns:
# 288-330
name=unknown_E
#
# <colnr> <probs for GDERKNQSTAVLIFYWHMCP>
#	G	D	E	R	K	N	Q	S	T	A	V	L	I	F	Y	W	H	M	C	P
0	0.01896	0.02980	0.29701	0.10022	0.21078	0.05340	0.02524	0.02836	0.10431	0.02687	0.01760	0.02060	0.01338	0.00830	0.00809	0.00260	0.01082	0.00703	0.00442	0.01219
1	0.02265	0.02156	0.10808	0.19260	0.23905	0.05824	0.02184	0.02884	0.05267	0.14457	0.01934	0.02222	0.01420	0.00850	0.00819	0.00258	0.01008	0.00739	0.00533	0.01205
2	0.02477	0.02645	0.05627	0.02321	0.11202	0.22373	0.01667	0.12345	0.17826	0.03094	0.04541	0.02265	0.01801	0.00945	0.00799	0.00240	0.01020	0.00737	0.00610	0.05463
3	0.02893	0.03623	0.02242	0.02052	0.02449	0.60180	0.01543	0.03116	0.02242	0.02022	0.01387	0.01692	0.01181	0.01446	0.08075	0.00337	0.01578	0.00574	0.00430	0.00939
4	0.01219	0.00834	0.01017	0.01084	0.01136	0.00829	0.00735	0.01328	0.01419	0.01877	0.03255	0.13137	0.03706	0.47037	0.03149	0.00654	0.00762	0.15644	0.00595	0.00585
5	0.01883	0.06098	0.23594	0.03060	0.04012	0.02104	0.41650	0.02644	0.01885	0.02619	0.01598	0.02050	0.01188	0.00728	0.00901	0.00270	0.01324	0.00844	0.00396	0.01151
6	0.02056	0.01974	0.03372	0.05099	0.65622	0.01974	0.02550	0.02550	0.01892	0.02714	0.01563	0.02056	0.01316	0.00740	0.00822	0.00247	0.00987	0.00740	0.00411	0.01316
7	0.01129	0.00777	0.00952	0.01029	0.01056	0.00766	0.00638	0.01202	0.01367	0.01830	0.03375	0.31052	0.03952	0.40277	0.06357	0.00648	0.00753	0.01649	0.00607	0.00584
8	0.01012	0.00723	0.00964	0.01157	0.01205	0.00675	0.00771	0.01157	0.01591	0.02121	0.04579	0.70262	0.05495	0.02603	0.01060	0.00337	0.00482	0.02362	0.00771	0.00675
9	0.01286	0.00931	0.01187	0.01093	0.01315	0.00884	0.00828	0.04979	0.02438	0.03437	0.61666	0.05971	0.07481	0.01659	0.00972	0.00261	0.00421	0.01460	0.00910	0.00819
10	0.01818	0.01818	0.02545	0.02181	0.02181	0.02545	0.01818	0.01999	0.01272	0.01999	0.01091	0.01818	0.01091	0.01454	0.02726	0.00364	0.69284	0.00727	0.00364	0.00909
11	0.01208	0.00805	0.00906	0.00906	0.00906	0.00805	0.00503	0.01208	0.01208	0.01611	0.02618	0.05436	0.03020	0.70804	0.04228	0.00805	0.00805	0.01208	0.00503	0.00503
12	0.01569	0.01477	0.02492	0.68808	0.05722	0.01846	0.02307	0.02123	0.01661	0.02123	0.01477	0.02215	0.01107	0.00831	0.00831	0.00277	0.01107	0.00738	0.00369	0.00923
13	0.76672	0.01607	0.01221	0.01092	0.01607	0.01864	0.00900	0.02442	0.01414	0.03727	0.01157	0.01350	0.00900	0.00771	0.00514	0.00257	0.00643	0.00450	0.00514	0.00900
14	0.01569	0.01477	0.02492	0.68808	0.05722	0.01846	0.02307	0.02123	0.01661	0.02123	0.01477	0.02215	0.01107	0.00831	0.00831	0.00277	0.01107	0.00738	0.00369	0.00923
15	0.01012	0.00723	0.00964	0.01157	0.01205	0.00675	0.00771	0.01157	0.01591	0.02121	0.04579	0.70262	0.05495	0.02603	0.01060	0.00337	0.00482	0.02362	0.00771	0.00675
16	0.01208	0.00805	0.00906	0.00906	0.00906	0.00805	0.00503	0.01208	0.01208	0.01611	0.02618	0.05436	0.03020	0.70804	0.04228	0.00805	0.00805	0.01208	0.00503	0.00503
17	0.00982	0.00842	0.00842	0.00842	0.01122	0.00701	0.00631	0.01192	0.01894	0.02244	0.08416	0.07995	0.65285	0.02104	0.00982	0.00281	0.00421	0.01753	0.00771	0.00701
18	0.76672	0.01607	0.01221	0.01092	0.01607	0.01864	0.00900	0.02442	0.01414	0.03727	0.01157	0.01350	0.00900	0.00771	0.00514	0.00257	0.00643	0.00450	0.00514	0.00900
19	0.02277	0.01925	0.01531	0.01360	0.01708	0.18864	0.01049	0.14232	0.02329	0.03233	0.02191	0.02456	0.01707	0.00944	0.00675	0.00210	0.00786	0.00706	0.40869	0.00950
20	0.02739	0.03259	0.02590	0.02377	0.06197	0.44441	0.04900	0.06062	0.02179	0.02264	0.01320	0.01656	0.01116	0.00964	0.01150	0.00250	0.14478	0.00618	0.00435	0.01004
21	0.01041	0.00815	0.00944	0.00973	0.01174	0.00717	0.00706	0.01285	0.01943	0.02507	0.22759	0.22666	0.35276	0.02116	0.01000	0.00289	0.00428	0.01834	0.00810	0.00717
22	0.02046	0.02266	0.01755	0.01747	0.05810	0.26915	0.01239	0.02611	0.11604	0.02430	0.07112	0.04276	0.24147	0.01367	0.00861	0.00252	0.00909	0.01082	0.00634	0.00938
23	0.01187	0.00890	0.01335	0.01335	0.01483	0.01038	0.01038	0.01483	0.01335	0.01928	0.02225	0.03264	0.02077	0.06231	0.67512	0.01335	0.02225	0.00890	0.00445	0.00742
24	0.03193	0.02271	0.02458	0.01885	0.02548	0.02493	0.01557	0.59240	0.03812	0.08981	0.02073	0.02046	0.01452	0.00999	0.00831	0.00250	0.00901	0.00753	0.00843	0.01413
25	0.01381	0.01115	0.01464	0.01359	0.01387	0.01355	0.00988	0.01491	0.01251	0.01785	0.02099	0.03968	0.02279	0.38257	0.15971	0.00779	0.20947	0.01007	0.00452	0.00667
26	0.01208	0.00805	0.00906	0.00906	0.00906	0.00805	0.00503	0.01208	0.01208	0.01611	0.02618	0.05436	0.03020	0.70804	0.04228	0.00805	0.00805	0.01208	0.00503	0.00503
27	0.02261	0.02363	0.03173	0.04520	0.53275	0.14799	0.02365	0.02700	0.01982	0.02581	0.01508	0.01947	0.01268	0.00763	0.00808	0.00240	0.01087	0.00700	0.00415	0.01247
28	0.01815	0.01169	0.01258	0.01133	0.01492	0.01173	0.00881	0.05847	0.15005	0.10402	0.04751	0.04613	0.22908	0.01383	0.00811	0.00251	0.00521	0.01136	0.22478	0.00974
29	0.02247	0.05991	0.03527	0.04029	0.38255	0.14620	0.14070	0.02715	0.01983	0.02534	0.01511	0.01948	0.01245	0.00753	0.00824	0.00243	0.01161	0.00733	0.00413	0.01197
30	0.02066	0.01785	0.01878	0.01691	0.02160	0.02066	0.01315	0.04414	0.64121	0.03475	0.03381	0.03099	0.02536	0.01127	0.00845	0.00282	0.00657	0.00939	0.00845	0.01315
31	0.01200	0.00836	0.01063	0.01063	0.01117	0.00891	0.00699	0.01309	0.01255	0.01727	0.02474	0.04642	0.02675	0.47202	0.27359	0.00999	0.01324	0.01092	0.00482	0.00590
32	0.01012	0.00723	0.00964	0.01157	0.01205	0.00675	0.00771	0.01157	0.01591	0.02121	0.04579	0.70262	0.05495	0.02603	0.01060	0.00337	0.00482	0.02362	0.00771	0.00675
33	0.17333	0.01565	0.01828	0.01440	0.02040	0.01538	0.01186	0.13086	0.02410	0.41479	0.02642	0.02427	0.01738	0.00972	0.00761	0.00253	0.00712	0.00745	0.04559	0.01285
34	0.01857	0.01547	0.01723	0.01644	0.02034	0.01747	0.01322	0.03641	0.46254	0.03191	0.03673	0.04901	0.03181	0.01462	0.00932	0.00311	0.00688	0.17911	0.00822	0.01157
35	0.00992	0.00802	0.00883	0.00948	0.01150	0.00692	0.00678	0.01180	0.01791	0.02203	0.07121	0.29003	0.45113	0.02272	0.01008	0.00300	0.00441	0.01959	0.00771	0.00692
36	0.02168	0.02392	0.10672	0.03248	0.15502	0.02193	0.26804	0.14360	0.02240	0.03109	0.01643	0.02064	0.01262	0.00847	0.01065	0.00274	0.07640	0.00824	0.00486	0.01207
37	0.10319	0.06371	0.02357	0.01962	0.02456	0.45754	0.01523	0.14606	0.02530	0.02810	0.01402	0.01571	0.01119	0.00868	0.00732	0.00223	0.01275	0.00563	0.00511	0.01048
38	0.05498	0.13369	0.05220	0.15315	0.06123	0.25251	0.01745	0.05967	0.01987	0.02308	0.01360	0.01751	0.01124	0.00975	0.00972	0.04880	0.04149	0.00603	0.00420	0.00982
39	0.01836	0.24771	0.47511	0.02079	0.03148	0.02344	0.02566	0.02587	0.01734	0.02424	0.01388	0.01625	0.01057	0.00765	0.00711	0.00237	0.01124	0.00562	0.00352	0.01178
40	0.01802	0.16376	0.05660	0.01582	0.01914	0.04363	0.01360	0.02168	0.04909	0.06156	0.05938	0.18719	0.06189	0.01519	0.01287	0.00286	0.17098	0.01158	0.00578	0.00939
41	0.02096	0.19102	0.09616	0.01700	0.02291	0.11294	0.04855	0.02853	0.14100	0.06374	0.03049	0.05674	0.11381	0.01129	0.00786	0.00245	0.00897	0.00903	0.00586	0.01071
42	0.02079	0.15994	0.25388	0.02278	0.09948	0.02039	0.05317	0.02814	0.06757	0.10007	0.02100	0.02232	0.04107	0.00866	0.00764	0.00240	0.00973	0.00710	0.00506	0.04880

[dist]
# distance from previous block
# <min> <max>
0	10

[block]
# block no. 5 follows, 22 sequences, length 55
# corresponding to MSA columns:
# 341-395
name=unknown_F
#
# <colnr> <probs for GDERKNQSTAVLIFYWHMCP>
#	G	D	E	R	K	N	Q	S	T	A	V	L	I	F	Y	W	H	M	C	P
0	0.16390	0.02322	0.08069	0.05458	0.10492	0.14013	0.01614	0.03150	0.17403	0.05676	0.02019	0.02154	0.01541	0.00899	0.00739	0.00252	0.00915	0.00691	0.05087	0.01115
1	0.07247	0.02383	0.22269	0.02344	0.07255	0.01668	0.14655	0.02198	0.01747	0.02572	0.02677	0.12715	0.07700	0.01249	0.00999	0.00288	0.05109	0.03405	0.00498	0.01021
2	0.06589	0.12375	0.08275	0.02040	0.07151	0.27097	0.01633	0.05079	0.02057	0.02479	0.01575	0.02141	0.01376	0.00888	0.00727	0.00218	0.01099	0.04748	0.00464	0.11987
3	0.01816	0.21243	0.22098	0.02134	0.05649	0.04951	0.09184	0.02325	0.01745	0.02312	0.01975	0.14416	0.01920	0.01119	0.00865	0.00257	0.03555	0.00943	0.00445	0.01049
4	0.01080	0.00779	0.01002	0.01130	0.01214	0.00717	0.00750	0.01220	0.01551	0.02092	0.04146	0.57997	0.04927	0.11035	0.01431	0.00383	0.00531	0.02104	0.00721	0.05191
5	0.01990	0.02012	0.02061	0.01818	0.02021	0.17892	0.04431	0.02255	0.01694	0.02272	0.01792	0.05994	0.01637	0.01606	0.06678	0.00361	0.25648	0.00807	0.16151	0.00878
6	0.01475	0.01304	0.01311	0.01280	0.01410	0.10647	0.00906	0.01640	0.01433	0.01816	0.02246	0.03880	0.02309	0.31431	0.32295	0.00958	0.01548	0.00966	0.00466	0.00678
7	0.01449	0.01018	0.01269	0.01164	0.01425	0.00996	0.00886	0.02123	0.11374	0.06891	0.52673	0.05562	0.06739	0.01577	0.00952	0.00264	0.00448	0.01383	0.00911	0.00897
8	0.02793	0.07003	0.02716	0.02847	0.18422	0.47600	0.01833	0.03080	0.02203	0.02200	0.01347	0.01630	0.01132	0.00819	0.00756	0.00220	0.01337	0.00582	0.00420	0.01057
9	0.02056	0.01974	0.03372	0.05099	0.65622	0.01974	0.02550	0.02550	0.01892	0.02714	0.01563	0.02056	0.01316	0.00740	0.00822	0.00247	0.00987	0.00740	0.00411	0.01316
10	0.02021	0.02770	0.18745	0.03289	0.28926	0.13947	0.02275	0.02552	0.01944	0.02515	0.02210	0.02841	0.06269	0.00987	0.00835	0.00257	0.01084	0.04938	0.00451	0.01143
11	0.00982	0.00842	0.00842	0.00842	0.01122	0.00701	0.00631	0.01192	0.01894	0.02244	0.08416	0.07995	0.65285	0.02104	0.00982	0.00281	0.00421	0.01753	0.00771	0.00701
12	0.01987	0.02167	0.04479	0.03944	0.21302	0.02066	0.45984	0.02630	0.01942	0.02676	0.01648	0.02190	0.01276	0.00711	0.00937	0.00271	0.01286	0.00914	0.00418	0.01175
13	0.02066	0.01785	0.01878	0.01691	0.02160	0.02066	0.01315	0.04414	0.64121	0.03475	0.03381	0.03099	0.02536	0.01127	0.00845	0.00282	0.00657	0.00939	0.00845	0.01315
14	0.01187	0.00890	0.01335	0.01335	0.01483	0.01038	0.01038	0.01483	0.01335	0.01928	0.02225	0.03264	0.02077	0.06231	0.67512	0.01335	0.02225	0.00890	0.00445	0.00742
15	0.03103	0.03959	0.02354	0.02140	0.02568	0.67469	0.01605	0.03317	0.02354	0.02033	0.01284	0.01498	0.01070	0.00856	0.00749	0.00214	0.01498	0.00535	0.00428	0.00963
16	0.01220	0.00990	0.01174	0.01300	0.01406	0.03749	0.00940	0.01489	0.04151	0.02214	0.04368	0.51455	0.07455	0.02356	0.01123	0.00334	0.03780	0.09020	0.00739	0.00736
17	0.00982	0.00842	0.00842	0.00842	0.01122	0.00701	0.00631	0.01192	0.01894	0.02244	0.08416	0.07995	0.65285	0.02104	0.00982	0.00281	0.00421	0.01753	0.00771	0.00701
18	0.02011	0.02480	0.12841	0.03142	0.22159	0.08799	0.13320	0.02546	0.01872	0.02589	0.01507	0.01905	0.01212	0.00755	0.00871	0.00231	0.03797	0.00691	0.00420	0.16850
19	0.02730	0.06868	0.02399	0.02092	0.05705	0.37641	0.01556	0.14951	0.02456	0.02694	0.01572	0.01876	0.01299	0.01655	0.10508	0.00385	0.01426	0.00635	0.00507	0.01046
20	0.03485	0.01468	0.01921	0.01509	0.02126	0.01344	0.01235	0.04102	0.11395	0.57037	0.03293	0.02867	0.02126	0.01043	0.00837	0.00261	0.00700	0.00851	0.01001	0.01399
21	0.01947	0.01680	0.01764	0.01597	0.02046	0.01916	0.01239	0.04059	0.57250	0.03339	0.03937	0.03640	0.09465	0.01235	0.00860	0.00282	0.00631	0.01029	0.00837	0.01247
22	0.01187	0.00890	0.01335	0.01335	0.01483	0.01038	0.01038	0.01483	0.01335	0.01928	0.02225	0.03264	0.02077	0.06231	0.67512	0.01335	0.02225	0.00890	0.00445	0.00742
23	0.01443	0.00722	0.01082	0.01082	0.01082	0.00722	0.00722	0.01082	0.01082	0.01443	0.01443	0.02525	0.01443	0.02886	0.03247	0.75830	0.00722	0.00722	0.00361	0.00361
24	0.02056	0.01974	0.03372	0.05099	0.65622	0.01974	0.02550	0.02550	0.01892	0.02714	0.01563	0.02056	0.01316	0.00740	0.00822	0.00247	0.00987	0.00740	0.00411	0.01316
25	0.01961	0.02241	0.04902	0.03501	0.04342	0.02101	0.62605	0.02661	0.01961	0.02661	0.01681	0.02241	0.01261	0.00700	0.00980	0.00280	0.01401	0.00980	0.00420	0.01120
26	0.02221	0.71304	0.04353	0.01421	0.02132	0.03287	0.01421	0.02488	0.01688	0.01955	0.01155	0.01333	0.01066	0.00711	0.00533	0.00178	0.00888	0.00444	0.00355	0.01066
27	0.01666	0.04297	0.66500	0.02368	0.03596	0.01929	0.03069	0.02631	0.01754	0.02631	0.01491	0.01754	0.01052	0.00789	0.00789	0.00263	0.01228	0.00614	0.00351	0.01228
28	0.01187	0.00890	0.01335	0.01335	0.01483	0.01038	0.01038	0.01483	0.01335	0.01928	0.02225	0.03264	0.02077	0.06231	0.67512	0.01335	0.02225	0.00890	0.00445	0.00742
29	0.01723	0.01477	0.01723	0.01230	0.01969	0.01107	0.00984	0.02092	0.01723	0.02707	0.01477	0.01723	0.01230	0.00615	0.00615	0.00123	0.00615	0.00492	0.00492	0.75883
30	0.02221	0.71304	0.04353	0.01421	0.02132	0.03287	0.01421	0.02488	0.01688	0.01955	0.01155	0.01333	0.01066	0.00711	0.00533	0.00178	0.00888	0.00444	0.00355	0.01066
31	0.01109	0.00854	0.01056	0.01026	0.01244	0.00802	0.00777	0.01418	0.02000	0.02684	0.33278	0.06297	0.27235	0.02684	0.13326	0.00467	0.00742	0.01478	0.00776	0.00747
32	0.02654	0.07248	0.02347	0.01725	0.02293	0.02326	0.01412	0.40246	0.14676	0.04358	0.06685	0.02608	0.02124	0.04313	0.00981	0.00277	0.00823	0.00835	0.00788	0.01282
33	0.02221	0.71304	0.04353	0.01421	0.02132	0.03287	0.01421	0.02488	0.01688	0.01955	0.01155	0.01333	0.01066	0.00711	0.00533	0.00178	0.00888	0.00444	0.00355	0.01066
34	0.02277	0.01933	0.02836	0.02083	0.02812	0.01837	0.18394	0.18862	0.05690	0.06032	0.01848	0.02059	0.01391	0.00786	0.00797	0.00215	0.00921	0.00735	0.00604	0.27888
35	0.03111	0.03721	0.02374	0.02107	0.02569	0.57992	0.01601	0.12012	0.02581	0.02501	0.01388	0.01571	0.01120	0.00877	0.00761	0.00219	0.01413	0.00566	0.00487	0.01029
36	0.01050	0.00859	0.00936	0.00959	0.01219	0.00745	0.00747	0.01300	0.01934	0.02368	0.12471	0.08050	0.51751	0.02099	0.01006	0.00294	0.00469	0.10244	0.00782	0.00717
37	0.01961	0.02241	0.04902	0.03501	0.04342	0.02101	0.62605	0.02661	0.01961	0.02661	0.01681	0.02241	0.01261	0.00700	0.00980	0.00280	0.01401	0.00980	0.00420	0.01120
38	0.02056	0.01974	0.03372	0.05099	0.65622	0.01974	0.02550	0.02550	0.01892	0.02714	0.01563	0.02056	0.01316	0.00740	0.00822	0.00247	0.00987	0.00740	0.00411	0.01316
39	0.01073	0.00749	0.00946	0.01078	0.01112	0.00716	0.00688	0.01173	0.01471	0.01962	0.03967	0.50027	0.04722	0.23891	0.02049	0.00483	0.00583	0.02002	0.00688	0.00621
40	0.01303	0.01086	0.01791	0.01578	0.01784	0.01039	0.13674	0.01525	0.01546	0.02068	0.03236	0.28387	0.03650	0.27368	0.02219	0.00501	0.00811	0.05126	0.00598	0.00710
41	0.01235	0.00837	0.00997	0.01037	0.01077	0.00837	0.00679	0.01316	0.01356	0.01794	0.02991	0.06261	0.03389	0.56437	0.03582	0.00717	0.00797	0.13544	0.00558	0.00558
42	0.01147	0.00780	0.00924	0.00984	0.00999	0.00765	0.00587	0.01192	0.01327	0.01770	0.03230	0.25671	0.03793	0.49516	0.03239	0.00659	0.00704	0.01568	0.00587	0.00557
43	0.01466	0.01208	0.01471	0.01426	0.01561	0.01395	0.01043	0.02142	0.17198	0.02333	0.03228	0.27237	0.03425	0.16323	0.01975	0.00426	0.13179	0.01463	0.00659	0.00843
44	0.01039	0.00841	0.00926	0.00933	0.01178	0.00728	0.00702	0.01291	0.01972	0.02474	0.19874	0.11437	0.47081	0.02057	0.00993	0.00284	0.00433	0.04235	0.00801	0.00720
45	0.01532	0.01135	0.01333	0.01217	0.01496	0.01127	0.00925	0.14287	0.02467	0.03342	0.32138	0.17478	0.14708	0.01780	0.00964	0.00276	0.00522	0.01541	0.00849	0.00883
46	0.01678	0.01556	0.02267	0.01668	0.02350	0.01294	0.13868	0.02172	0.04268	0.02660	0.02608	0.02801	0.10637	0.00871	0.00754	0.00185	0.00753	0.00796	0.00532	0.46279
47	0.02627	0.01635	0.02061	0.11320	0.02692	0.01559	0.01376	0.15449	0.02376	0.22970	0.02147	0.02196	0.01509	0.00856	0.00761	0.00214	0.00778	0.00689	0.00713	0.26073
48	0.01014	0.00748	0.00950	0.01099	0.01193	0.00684	0.00748	0.01180	0.01674	0.02193	0.07818	0.57128	0.15569	0.02481	0.01044	0.00325	0.00468	0.02223	0.00777	0.00684
49	0.02367	0.01869	0.01722	0.01627	0.05389	0.16059	0.01185	0.11371	0.02313	0.10656	0.07895	0.02777	0.02245	0.01284	0.04257	0.00283	0.00881	0.00794	0.24009	0.01016
50	0.13554	0.20361	0.02660	0.01762	0.02276	0.35465	0.01432	0.06259	0.02096	0.02437	0.01310	0.01532	0.01103	0.01026	0.03287	0.00257	0.01215	0.00526	0.00446	0.00996
51	0.01382	0.01157	0.01432	0.01347	0.01591	0.05045	0.01038	0.01669	0.01447	0.02033	0.02079	0.03041	0.01940	0.08321	0.50544	0.01064	0.01875	0.00826	0.00454	0.11717
52	0.02604	0.17019	0.06480	0.02535	0.12232	0.14412	0.10642	0.11257	0.02276	0.10324	0.01703	0.01896	0.01298	0.00822	0.00772	0.00233	0.01090	0.00681	0.00533	0.01190
53	0.12659	0.03109	0.37845	0.02661	0.16122	0.01849	0.02460	0.02483	0.01695	0.02745	0.01523	0.01895	0.01178	0.01268	0.06779	0.00356	0.01182	0.00641	0.00396	0.01154
54	0.11540	0.03943	0.57907	0.02200	0.03334	0.01921	0.02784	0.02606	0.01709	0.02775	0.01447	0.01701	0.01032	0.00787	0.00753	0.00262	0.01151	0.00592	0.00372	0.01185

[dist]
# distance from previous block
# <min> <max>
7	14

# created by:
# /home/cegg/simao/soft/augustus-3.2.1/scripts/msa2prfl.pl ./align_prep/10695.fa
