[name]
unknown

[dist]
# distance from previous block
# <min> <max>
0	20

[block]
# block no. 0 follows, 21 sequences, length 65
# corresponding to MSA columns:
# 20-82,108,109
name=unknown_A
#
# <colnr> <probs for GDERKNQSTAVLIFYWHMCP>
#	G	D	E	R	K	N	Q	S	T	A	V	L	I	F	Y	W	H	M	C	P
0	0.01746	0.03773	0.51080	0.02809	0.13275	0.01911	0.02930	0.02614	0.01831	0.02698	0.01756	0.02415	0.01400	0.00913	0.00841	0.00276	0.01184	0.04912	0.00400	0.01237
1	0.03068	0.03564	0.02551	0.02494	0.09572	0.49330	0.01748	0.12570	0.02610	0.02679	0.01462	0.01679	0.01180	0.00887	0.00789	0.00229	0.01382	0.00606	0.00502	0.01100
2	0.01559	0.01331	0.01234	0.01218	0.01421	0.09408	0.00850	0.01860	0.06083	0.04918	0.04552	0.20390	0.18764	0.20389	0.01878	0.00437	0.00725	0.01529	0.00687	0.00768
3	0.02180	0.02458	0.07363	0.10192	0.37755	0.14774	0.02280	0.02631	0.01948	0.02494	0.01609	0.02239	0.01386	0.05852	0.01080	0.00292	0.01131	0.00742	0.00423	0.01170
4	0.12573	0.16643	0.41051	0.02208	0.06559	0.02238	0.02468	0.02634	0.01741	0.02728	0.01416	0.01671	0.01073	0.00787	0.00719	0.00251	0.01090	0.00578	0.00388	0.01182
5	0.01930	0.02323	0.09734	0.08031	0.08296	0.02198	0.36011	0.02540	0.01822	0.02552	0.01560	0.02149	0.01230	0.00892	0.01320	0.00300	0.14708	0.00883	0.00408	0.01114
6	0.02652	0.13756	0.02465	0.01833	0.02274	0.38962	0.01445	0.06218	0.02208	0.02343	0.01588	0.01910	0.01342	0.01549	0.08829	0.00355	0.01389	0.00613	0.07285	0.00984
7	0.02743	0.03566	0.27664	0.02122	0.02942	0.24981	0.02151	0.03297	0.02171	0.17579	0.01892	0.01968	0.01332	0.00892	0.00805	0.00250	0.01228	0.00655	0.00555	0.01206
8	0.01935	0.22183	0.34402	0.02433	0.03450	0.02402	0.16553	0.02662	0.01828	0.02511	0.01478	0.01796	0.01132	0.00765	0.00782	0.00249	0.01204	0.00670	0.00377	0.01186
9	0.02973	0.19240	0.02879	0.02024	0.02529	0.52231	0.01601	0.03204	0.02256	0.02064	0.01285	0.01496	0.01095	0.00843	0.00717	0.00211	0.01392	0.00527	0.00421	0.01011
10	0.01635	0.00984	0.01139	0.01040	0.01387	0.00842	0.00801	0.01894	0.02089	0.15973	0.13899	0.09372	0.41966	0.01891	0.00977	0.00282	0.00493	0.01590	0.00864	0.00884
11	0.01859	0.19353	0.47289	0.02289	0.03397	0.02307	0.07030	0.02664	0.01797	0.02539	0.01463	0.01735	0.01097	0.00784	0.00763	0.00251	0.01191	0.00617	0.00366	0.01212
12	0.01438	0.01188	0.01316	0.01306	0.01630	0.01213	0.01043	0.02370	0.20743	0.02748	0.06006	0.07006	0.30518	0.01898	0.01006	0.00314	0.00594	0.15926	0.00812	0.00928
13	0.03112	0.02288	0.02454	0.01895	0.02534	0.02528	0.01550	0.58223	0.03832	0.05136	0.02082	0.02259	0.01548	0.05258	0.01065	0.00290	0.00930	0.00795	0.00831	0.01390
14	0.02911	0.01727	0.02004	0.01665	0.02237	0.01816	0.01334	0.09812	0.33016	0.28753	0.03286	0.02955	0.02290	0.01101	0.00860	0.00275	0.00719	0.00901	0.00940	0.01397
15	0.03183	0.02454	0.02518	0.01961	0.02620	0.06241	0.01607	0.56116	0.06507	0.05099	0.02064	0.02064	0.01478	0.01019	0.00847	0.00255	0.00959	0.00762	0.00829	0.01417
16	0.01006	0.00862	0.00862	0.00862	0.01149	0.00718	0.00647	0.01221	0.01940	0.02299	0.08621	0.08190	0.64438	0.02155	0.01006	0.00287	0.00431	0.01796	0.00790	0.00718
17	0.02624	0.03240	0.02016	0.01853	0.02252	0.49828	0.01389	0.02842	0.02291	0.02138	0.03182	0.03235	0.17276	0.01203	0.00828	0.00237	0.01253	0.00867	0.00528	0.00918
18	0.02196	0.11986	0.03534	0.04497	0.51991	0.06180	0.02387	0.02651	0.01937	0.02626	0.01523	0.01965	0.01296	0.00761	0.00795	0.00241	0.01029	0.00702	0.00414	0.01289
19	0.03179	0.04056	0.02412	0.02192	0.02631	0.66676	0.01644	0.03398	0.02412	0.02083	0.01315	0.01535	0.01096	0.00877	0.00767	0.00219	0.01535	0.00548	0.00438	0.00987
20	0.01035	0.00747	0.00981	0.01168	0.01230	0.00693	0.00783	0.01187	0.01645	0.02179	0.04895	0.66343	0.08690	0.02640	0.01082	0.00343	0.00490	0.02387	0.00790	0.00693
21	0.02234	0.65775	0.08926	0.01527	0.02294	0.03266	0.01579	0.02559	0.01734	0.02053	0.01208	0.01397	0.01091	0.00734	0.00565	0.00188	0.00935	0.00468	0.00364	0.01104
22	0.01006	0.00862	0.00862	0.00862	0.01149	0.00718	0.00647	0.01221	0.01940	0.02299	0.08621	0.08190	0.64438	0.02155	0.01006	0.00287	0.00431	0.01796	0.00790	0.00718
23	0.01765	0.01513	0.01765	0.01260	0.02017	0.01134	0.01008	0.02143	0.01765	0.02773	0.01513	0.01765	0.01260	0.00630	0.00630	0.00126	0.00630	0.00504	0.00504	0.75295
24	0.01034	0.00752	0.00975	0.01154	0.01226	0.00694	0.00776	0.01188	0.01659	0.02185	0.05071	0.63598	0.11322	0.02617	0.01078	0.00340	0.00488	0.02359	0.00790	0.00694
25	0.01030	0.00767	0.00961	0.01116	0.01216	0.00697	0.00759	0.01193	0.01696	0.02200	0.05535	0.56360	0.18261	0.02556	0.01069	0.00333	0.00480	0.02285	0.00790	0.00697
26	0.01352	0.01163	0.01193	0.01133	0.01481	0.01154	0.00865	0.02250	0.21044	0.02692	0.07014	0.06627	0.45168	0.01843	0.00962	0.00288	0.00507	0.01536	0.00814	0.00914
27	0.02106	0.02022	0.03454	0.05223	0.64784	0.02022	0.02612	0.02612	0.01938	0.02780	0.01601	0.02106	0.01348	0.00758	0.00842	0.00253	0.01011	0.00758	0.00421	0.01348
28	0.02106	0.02022	0.03454	0.05223	0.64784	0.02022	0.02612	0.02612	0.01938	0.02780	0.01601	0.02106	0.01348	0.00758	0.00842	0.00253	0.01011	0.00758	0.00421	0.01348
29	0.02067	0.02132	0.04087	0.04563	0.40431	0.02074	0.26458	0.02658	0.01966	0.02758	0.01650	0.02183	0.01325	0.00742	0.00908	0.00267	0.01182	0.00858	0.00425	0.01267
30	0.01037	0.00741	0.00987	0.01185	0.01234	0.00691	0.00790	0.01185	0.01629	0.02172	0.04690	0.69537	0.05629	0.02666	0.01086	0.00346	0.00494	0.02419	0.00790	0.00691
31	0.02739	0.03294	0.02437	0.02176	0.02492	0.44471	0.01688	0.03083	0.05827	0.02163	0.01391	0.01728	0.01194	0.01068	0.01350	0.00267	0.20561	0.00629	0.00446	0.00993
32	0.01037	0.00741	0.00987	0.01185	0.01234	0.00691	0.00790	0.01185	0.01629	0.02172	0.04690	0.69537	0.05629	0.02666	0.01086	0.00346	0.00494	0.02419	0.00790	0.00691
33	0.01607	0.01513	0.02552	0.68047	0.05861	0.01891	0.02363	0.02174	0.01702	0.02174	0.01513	0.02269	0.01134	0.00851	0.00851	0.00284	0.01134	0.00756	0.00378	0.00945
34	0.02201	0.65690	0.04241	0.01450	0.02137	0.03205	0.01428	0.02476	0.01704	0.02000	0.01260	0.01505	0.01165	0.01127	0.05212	0.00266	0.01007	0.00487	0.00371	0.01069
35	0.01037	0.00741	0.00987	0.01185	0.01234	0.00691	0.00790	0.01185	0.01629	0.02172	0.04690	0.69537	0.05629	0.02666	0.01086	0.00346	0.00494	0.02419	0.00790	0.00691
36	0.01714	0.01622	0.02746	0.54553	0.18518	0.01919	0.02417	0.02268	0.01752	0.02304	0.01532	0.02234	0.01180	0.00831	0.00849	0.00277	0.01108	0.00757	0.00387	0.01032
37	0.01562	0.01009	0.01340	0.21302	0.02489	0.01122	0.01145	0.01996	0.01751	0.02812	0.02500	0.06654	0.02058	0.01043	0.00701	0.00233	0.00627	0.00874	0.47951	0.00834
38	0.02071	0.02005	0.03481	0.08991	0.58007	0.02021	0.05693	0.02591	0.01927	0.02740	0.01602	0.02126	0.01332	0.00762	0.00851	0.00256	0.01041	0.00771	0.00419	0.01313
39	0.03086	0.03901	0.02425	0.02195	0.02603	0.62158	0.01660	0.03303	0.02333	0.02080	0.01301	0.01558	0.01098	0.00920	0.00910	0.00230	0.06259	0.00562	0.00434	0.00983
40	0.02106	0.02022	0.03454	0.05223	0.64784	0.02022	0.02612	0.02612	0.01938	0.02780	0.01601	0.02106	0.01348	0.00758	0.00842	0.00253	0.01011	0.00758	0.00421	0.01348
41	0.02275	0.70604	0.04459	0.01456	0.02184	0.03367	0.01456	0.02548	0.01729	0.02002	0.01183	0.01365	0.01092	0.00728	0.00546	0.00182	0.00910	0.00455	0.00364	0.01092
42	0.01037	0.00741	0.00987	0.01185	0.01234	0.00691	0.00790	0.01185	0.01629	0.02172	0.04690	0.69537	0.05629	0.02666	0.01086	0.00346	0.00494	0.02419	0.00790	0.00691
43	0.03235	0.02384	0.02554	0.01958	0.02639	0.02639	0.01618	0.61946	0.04001	0.05363	0.02043	0.02043	0.01447	0.01022	0.00851	0.00255	0.00936	0.00766	0.00851	0.01447
44	0.20277	0.01544	0.02090	0.26903	0.12274	0.01764	0.01720	0.02411	0.06487	0.02969	0.11283	0.02724	0.02287	0.00983	0.00793	0.00272	0.00849	0.00819	0.00545	0.01006
45	0.02106	0.02022	0.03454	0.05223	0.64784	0.02022	0.02612	0.02612	0.01938	0.02780	0.01601	0.02106	0.01348	0.00758	0.00842	0.00253	0.01011	0.00758	0.00421	0.01348
46	0.02161	0.02229	0.02164	0.01913	0.02075	0.19630	0.01531	0.02401	0.01708	0.02299	0.01527	0.02055	0.01340	0.01216	0.01770	0.00293	0.35690	0.00702	0.16381	0.00916
47	0.03703	0.01423	0.01938	0.01495	0.02133	0.01231	0.01231	0.04035	0.02435	0.62636	0.06051	0.03049	0.02368	0.01084	0.00862	0.00264	0.00710	0.00886	0.01048	0.01420
48	0.02153	0.56384	0.17610	0.01664	0.02506	0.03069	0.01819	0.02580	0.01744	0.02151	0.01257	0.01458	0.01089	0.00745	0.00602	0.00201	0.00985	0.00492	0.00363	0.01128
49	0.01020	0.00863	0.00882	0.00877	0.01158	0.00724	0.00658	0.01248	0.01973	0.02377	0.12549	0.08061	0.60461	0.02126	0.01006	0.00286	0.00429	0.01778	0.00801	0.00724
50	0.02007	0.01921	0.03275	0.17714	0.53068	0.01996	0.02562	0.02525	0.01891	0.02660	0.01583	0.02139	0.01306	0.00777	0.00844	0.00259	0.01036	0.00758	0.00413	0.01268
51	0.02085	0.02081	0.03791	0.04872	0.51824	0.02050	0.15302	0.02636	0.01953	0.02769	0.01627	0.02147	0.01336	0.00749	0.00877	0.00260	0.01102	0.00811	0.00423	0.01305
52	0.01258	0.00987	0.01096	0.01051	0.01283	0.00951	0.00759	0.01777	0.10166	0.02656	0.22613	0.06473	0.27874	0.15410	0.01648	0.00389	0.00534	0.01500	0.00788	0.00787
53	0.01080	0.00759	0.00975	0.01130	0.01169	0.00720	0.00731	0.01196	0.01545	0.02060	0.04259	0.55797	0.05084	0.17149	0.01783	0.00449	0.00565	0.02165	0.00731	0.00654
54	0.02448	0.03267	0.12311	0.02900	0.09262	0.28837	0.18239	0.02938	0.02085	0.02410	0.01469	0.01858	0.01172	0.00858	0.00997	0.00260	0.06453	0.00718	0.00418	0.01100
55	0.01806	0.12336	0.52284	0.02419	0.03573	0.02164	0.08605	0.02680	0.01809	0.02613	0.01504	0.01792	0.01100	0.00790	0.00795	0.00260	0.01232	0.00644	0.00367	0.01227
56	0.02106	0.02022	0.03454	0.05223	0.64784	0.02022	0.02612	0.02612	0.01938	0.02780	0.01601	0.02106	0.01348	0.00758	0.00842	0.00253	0.01011	0.00758	0.00421	0.01348
57	0.01707	0.04402	0.65683	0.02426	0.03683	0.01976	0.03144	0.02695	0.01797	0.02695	0.01527	0.01797	0.01078	0.00809	0.00809	0.00270	0.01258	0.00629	0.00359	0.01258
58	0.03039	0.03349	0.02597	0.02569	0.11549	0.41500	0.01776	0.17823	0.02738	0.02997	0.01537	0.01743	0.01219	0.00896	0.00799	0.00233	0.01311	0.00632	0.00539	0.01153
59	0.01489	0.01176	0.01613	0.01520	0.01719	0.01402	0.01201	0.06191	0.05917	0.02341	0.02233	0.03093	0.02013	0.05149	0.51082	0.01114	0.08483	0.00889	0.00506	0.00868
60	0.01238	0.00825	0.00928	0.00928	0.00928	0.00825	0.00516	0.01238	0.01238	0.01650	0.02681	0.05569	0.03094	0.70092	0.04331	0.00825	0.00825	0.01238	0.00516	0.00516
61	0.03120	0.02322	0.02554	0.06618	0.02866	0.02586	0.01670	0.57731	0.03839	0.05138	0.02006	0.02059	0.01425	0.01010	0.00851	0.00257	0.00950	0.00765	0.00818	0.01412
62	0.01192	0.00816	0.00932	0.00960	0.00988	0.00798	0.00564	0.01229	0.01343	0.01771	0.03388	0.14931	0.07783	0.55629	0.03631	0.00718	0.00750	0.01446	0.00574	0.00555
63	0.02106	0.02022	0.03454	0.05223	0.64784	0.02022	0.02612	0.02612	0.01938	0.02780	0.01601	0.02106	0.01348	0.00758	0.00842	0.00253	0.01011	0.00758	0.00421	0.01348
64	0.01811	0.04378	0.61222	0.02409	0.03609	0.06538	0.03038	0.02745	0.01840	0.02652	0.01512	0.01778	0.01079	0.00813	0.00806	0.00266	0.01277	0.00623	0.00365	0.01239

[dist]
# distance from previous block
# <min> <max>
0	8

[block]
# block no. 1 follows, 21 sequences, length 61
# corresponding to MSA columns:
# 118-178
name=unknown_B
#
# <colnr> <probs for GDERKNQSTAVLIFYWHMCP>
#	G	D	E	R	K	N	Q	S	T	A	V	L	I	F	Y	W	H	M	C	P
0	0.02008	0.01904	0.03227	0.04852	0.58937	0.01900	0.02444	0.02480	0.01909	0.02724	0.01885	0.08310	0.01742	0.00934	0.00865	0.00261	0.00963	0.00911	0.00455	0.01288
1	0.01083	0.00788	0.01051	0.01216	0.01305	0.00755	0.00861	0.01274	0.01658	0.02199	0.04722	0.53485	0.09285	0.02943	0.07128	0.00440	0.00681	0.07660	0.00759	0.00708
2	0.01457	0.01501	0.01198	0.01182	0.01466	0.14265	0.00872	0.01663	0.01992	0.02236	0.06557	0.15605	0.43007	0.01966	0.00968	0.00282	0.00667	0.01629	0.00718	0.00770
3	0.02186	0.02201	0.03277	0.04659	0.53094	0.08249	0.02450	0.02635	0.01925	0.02646	0.01529	0.02029	0.01303	0.00837	0.01015	0.00261	0.07274	0.00737	0.00418	0.01275
4	0.01676	0.04087	0.59766	0.02347	0.03507	0.01885	0.02981	0.02609	0.01812	0.02681	0.01801	0.02515	0.01429	0.00950	0.00842	0.00281	0.01214	0.06004	0.00398	0.01214
5	0.01215	0.00908	0.01347	0.01340	0.01497	0.01040	0.01040	0.01528	0.01463	0.02108	0.07989	0.03620	0.02671	0.05955	0.60674	0.01266	0.02107	0.00969	0.00500	0.00764
6	0.02064	0.02681	0.16945	0.03326	0.11260	0.02168	0.33979	0.08120	0.02104	0.02934	0.01666	0.02125	0.01260	0.00808	0.01022	0.00281	0.04734	0.00862	0.00450	0.01211
7	0.01691	0.01749	0.03496	0.02677	0.03280	0.01640	0.37818	0.02243	0.01969	0.02602	0.03376	0.08257	0.10678	0.01352	0.01044	0.00312	0.01116	0.13141	0.00571	0.00991
8	0.03759	0.01688	0.02015	0.01577	0.02215	0.07270	0.01287	0.04078	0.02434	0.59550	0.03169	0.02771	0.02014	0.01037	0.00848	0.00259	0.00799	0.00827	0.00997	0.01406
9	0.01575	0.01158	0.01441	0.01503	0.01789	0.01190	0.01263	0.02356	0.14635	0.05266	0.04804	0.07809	0.12417	0.02025	0.01075	0.00351	0.00710	0.36903	0.00812	0.00918
10	0.02290	0.02659	0.08965	0.04343	0.46393	0.15300	0.02462	0.02781	0.02022	0.02629	0.01535	0.01960	0.01271	0.00787	0.00824	0.00247	0.01141	0.00703	0.00419	0.01265
11	0.02275	0.70604	0.04459	0.01456	0.02184	0.03367	0.01456	0.02548	0.01729	0.02002	0.01183	0.01365	0.01092	0.00728	0.00546	0.00182	0.00910	0.00455	0.00364	0.01092
12	0.03179	0.04056	0.02412	0.02192	0.02631	0.66676	0.01644	0.03398	0.02412	0.02083	0.01315	0.01535	0.01096	0.00877	0.00767	0.00219	0.01535	0.00548	0.00438	0.00987
13	0.01222	0.00897	0.01322	0.01332	0.01481	0.01031	0.01028	0.01522	0.01400	0.02039	0.02433	0.06951	0.02321	0.05941	0.60215	0.01260	0.02099	0.00989	0.03758	0.00758
14	0.02238	0.66283	0.08455	0.01519	0.02282	0.03277	0.01566	0.02558	0.01734	0.02047	0.01206	0.01393	0.01091	0.00733	0.00563	0.00188	0.00933	0.00466	0.00364	0.01103
15	0.01607	0.01513	0.02552	0.68047	0.05861	0.01891	0.02363	0.02174	0.01702	0.02174	0.01513	0.02269	0.01134	0.00851	0.00851	0.00284	0.01134	0.00756	0.00378	0.00945
16	0.02009	0.02296	0.05022	0.03587	0.04448	0.02152	0.61693	0.02726	0.02009	0.02726	0.01722	0.02296	0.01291	0.00717	0.01004	0.00287	0.01435	0.01004	0.00430	0.01148
17	0.01084	0.00865	0.00971	0.00944	0.01197	0.00752	0.00708	0.01373	0.02124	0.02737	0.30555	0.07468	0.42231	0.01992	0.01005	0.00280	0.00419	0.01695	0.00848	0.00752
18	0.01017	0.00863	0.00877	0.00873	0.01156	0.00723	0.00655	0.01242	0.01965	0.02360	0.11664	0.08090	0.61358	0.02133	0.01006	0.00286	0.00429	0.01782	0.00798	0.00723
19	0.01037	0.00741	0.00987	0.01185	0.01234	0.00691	0.00790	0.01185	0.01629	0.02172	0.04690	0.69537	0.05629	0.02666	0.01086	0.00346	0.00494	0.02419	0.00790	0.00691
20	0.01727	0.04280	0.62500	0.02569	0.06808	0.01979	0.03117	0.02691	0.01804	0.02699	0.01531	0.01813	0.01092	0.00806	0.00810	0.00269	0.01245	0.00635	0.00363	0.01262
21	0.01707	0.04402	0.65683	0.02426	0.03683	0.01976	0.03144	0.02695	0.01797	0.02695	0.01527	0.01797	0.01078	0.00809	0.00809	0.00270	0.01258	0.00629	0.00359	0.01258
22	0.02106	0.02022	0.03454	0.05223	0.64784	0.02022	0.02612	0.02612	0.01938	0.02780	0.01601	0.02106	0.01348	0.00758	0.00842	0.00253	0.01011	0.00758	0.00421	0.01348
23	0.01006	0.00862	0.00862	0.00862	0.01149	0.00718	0.00647	0.01221	0.01940	0.02299	0.08621	0.08190	0.64438	0.02155	0.01006	0.00287	0.00431	0.01796	0.00790	0.00718
24	0.02106	0.02022	0.03454	0.05223	0.64784	0.02022	0.02612	0.02612	0.01938	0.02780	0.01601	0.02106	0.01348	0.00758	0.00842	0.00253	0.01011	0.00758	0.00421	0.01348
25	0.03190	0.03736	0.02439	0.02148	0.02632	0.54414	0.01639	0.14609	0.02716	0.02711	0.01455	0.01632	0.01163	0.00905	0.00783	0.00226	0.01420	0.00590	0.00518	0.01075
26	0.02107	0.02009	0.03354	0.04996	0.60700	0.02028	0.02529	0.02736	0.05939	0.02831	0.01722	0.02176	0.01430	0.00784	0.00844	0.00255	0.00989	0.00772	0.00450	0.01348
27	0.01707	0.04402	0.65683	0.02426	0.03683	0.01976	0.03144	0.02695	0.01797	0.02695	0.01527	0.01797	0.01078	0.00809	0.00809	0.00270	0.01258	0.00629	0.00359	0.01258
28	0.02378	0.02537	0.03190	0.04456	0.49041	0.18398	0.02367	0.02811	0.02058	0.02604	0.01528	0.01961	0.01284	0.00788	0.00823	0.00244	0.01144	0.00705	0.00426	0.01256
29	0.02106	0.02022	0.03454	0.05223	0.64784	0.02022	0.02612	0.02612	0.01938	0.02780	0.01601	0.02106	0.01348	0.00758	0.00842	0.00253	0.01011	0.00758	0.00421	0.01348
30	0.01041	0.00873	0.00911	0.00929	0.01208	0.00743	0.00716	0.01273	0.01942	0.02323	0.08228	0.08325	0.58753	0.02174	0.01022	0.00297	0.00465	0.07264	0.00790	0.00725
31	0.02106	0.02022	0.03454	0.05223	0.64784	0.02022	0.02612	0.02612	0.01938	0.02780	0.01601	0.02106	0.01348	0.00758	0.00842	0.00253	0.01011	0.00758	0.00421	0.01348
32	0.01257	0.01552	0.14373	0.01534	0.01868	0.01026	0.01417	0.01638	0.01745	0.02372	0.03995	0.40813	0.04513	0.02207	0.01051	0.00341	0.00722	0.16043	0.00700	0.00830
33	0.01219	0.00900	0.01309	0.01309	0.01440	0.01032	0.00990	0.01482	0.01350	0.01932	0.02333	0.03642	0.02257	0.14927	0.58353	0.01295	0.02084	0.00955	0.00464	0.00727
34	0.02275	0.70604	0.04459	0.01456	0.02184	0.03367	0.01456	0.02548	0.01729	0.02002	0.01183	0.01365	0.01092	0.00728	0.00546	0.00182	0.00910	0.00455	0.00364	0.01092
35	0.01413	0.00901	0.01153	0.01234	0.01390	0.00846	0.00866	0.04578	0.01849	0.08379	0.04698	0.55498	0.09127	0.02393	0.01047	0.00329	0.00534	0.02143	0.00818	0.00804
36	0.01800	0.03754	0.47021	0.02783	0.03918	0.02030	0.21156	0.02705	0.01862	0.02705	0.01587	0.01950	0.01144	0.00780	0.00869	0.00275	0.01312	0.00744	0.00381	0.01224
37	0.01006	0.00862	0.00862	0.00862	0.01149	0.00718	0.00647	0.01221	0.01940	0.02299	0.08621	0.08190	0.64438	0.02155	0.01006	0.00287	0.00431	0.01796	0.00790	0.00718
38	0.02435	0.02489	0.03152	0.04289	0.46035	0.15910	0.02318	0.07983	0.02220	0.02858	0.01578	0.01978	0.01303	0.00807	0.00827	0.00246	0.01117	0.00714	0.00463	0.01279
39	0.02004	0.01917	0.03269	0.18130	0.52679	0.01995	0.02561	0.02522	0.01889	0.02656	0.01583	0.02140	0.01304	0.00777	0.00844	0.00259	0.01036	0.00758	0.00412	0.01265
40	0.01235	0.00837	0.00987	0.00987	0.01007	0.00857	0.00589	0.01275	0.01255	0.01694	0.02627	0.05271	0.02964	0.61548	0.12698	0.00898	0.01020	0.01194	0.00508	0.00548
41	0.02030	0.01942	0.03276	0.04923	0.60403	0.01932	0.02476	0.02516	0.01938	0.02747	0.02084	0.02525	0.05691	0.00854	0.00854	0.00255	0.00971	0.00830	0.00447	0.01305
42	0.01238	0.01542	0.14336	0.01396	0.01752	0.00998	0.01279	0.01656	0.01961	0.02753	0.26774	0.31539	0.05609	0.01931	0.00998	0.00300	0.00616	0.01716	0.00757	0.00850
43	0.02833	0.02282	0.02679	0.02145	0.02748	0.15559	0.13778	0.03802	0.19415	0.21722	0.02618	0.02562	0.01863	0.00975	0.00870	0.00266	0.01028	0.00851	0.00742	0.01260
44	0.01006	0.00862	0.00862	0.00862	0.01149	0.00718	0.00647	0.01221	0.01940	0.02299	0.08621	0.08190	0.64438	0.02155	0.01006	0.00287	0.00431	0.01796	0.00790	0.00718
45	0.50600	0.01576	0.01506	0.01258	0.01832	0.01677	0.01038	0.03082	0.01797	0.25536	0.01951	0.01917	0.01340	0.00883	0.00643	0.00263	0.00682	0.00600	0.00712	0.01107
46	0.02445	0.52529	0.04125	0.01701	0.02429	0.03141	0.05634	0.14204	0.02194	0.02711	0.01389	0.01562	0.01175	0.00785	0.00637	0.00204	0.00951	0.00554	0.00464	0.01166
47	0.01339	0.00957	0.01335	0.01531	0.01713	0.00952	0.01316	0.01708	0.01928	0.02511	0.04523	0.15323	0.04967	0.02381	0.01167	0.00387	0.00756	0.53648	0.00784	0.00775
48	0.01828	0.01815	0.02599	0.11060	0.02721	0.02511	0.01929	0.02065	0.01357	0.02065	0.01170	0.01916	0.01119	0.01404	0.02532	0.00360	0.59496	0.00746	0.00373	0.00933
49	0.02009	0.04331	0.52685	0.02378	0.03467	0.15268	0.02836	0.02840	0.01923	0.02569	0.01484	0.01743	0.01082	0.00823	0.00800	0.00259	0.01315	0.00612	0.00376	0.01202
50	0.01607	0.01513	0.02552	0.68047	0.05861	0.01891	0.02363	0.02174	0.01702	0.02174	0.01513	0.02269	0.01134	0.00851	0.00851	0.00284	0.01134	0.00756	0.00378	0.00945
51	0.01006	0.00862	0.00862	0.00862	0.01149	0.00718	0.00647	0.01221	0.01940	0.02299	0.08621	0.08190	0.64438	0.02155	0.01006	0.00287	0.00431	0.01796	0.00790	0.00718
52	0.02106	0.02022	0.03454	0.05223	0.64784	0.02022	0.02612	0.02612	0.01938	0.02780	0.01601	0.02106	0.01348	0.00758	0.00842	0.00253	0.01011	0.00758	0.00421	0.01348
53	0.02045	0.02090	0.06275	0.10399	0.56962	0.02009	0.02616	0.02579	0.01911	0.02725	0.01590	0.02106	0.01317	0.00768	0.00842	0.00256	0.01033	0.00752	0.00415	0.01310
54	0.03818	0.01448	0.01975	0.01514	0.02172	0.01251	0.01251	0.04147	0.02436	0.65373	0.03357	0.02897	0.02107	0.01053	0.00856	0.00263	0.00724	0.00856	0.01053	0.01448
55	0.02206	0.22583	0.02907	0.15748	0.03035	0.02516	0.01632	0.11130	0.23687	0.03038	0.02171	0.02285	0.01679	0.00944	0.00764	0.00251	0.00878	0.00739	0.00609	0.01198
56	0.01453	0.01120	0.01549	0.01458	0.01583	0.01384	0.01160	0.01748	0.01441	0.02248	0.02100	0.02944	0.01891	0.04037	0.36988	0.00875	0.18123	0.00846	0.16245	0.00809
57	0.02038	0.42959	0.30026	0.01861	0.02810	0.02786	0.02161	0.02610	0.01757	0.02292	0.01327	0.01545	0.01086	0.00762	0.00656	0.00219	0.01055	0.00528	0.00362	0.01161
58	0.02164	0.01752	0.01903	0.01701	0.02161	0.01967	0.01355	0.15704	0.38401	0.03696	0.03558	0.06679	0.05232	0.01380	0.00916	0.00297	0.00724	0.08317	0.00846	0.01245
59	0.01337	0.01733	0.14844	0.01724	0.02172	0.01175	0.09437	0.01788	0.01885	0.02609	0.15784	0.31079	0.07332	0.01814	0.00998	0.00304	0.00755	0.01656	0.00683	0.00892
60	0.01707	0.04402	0.65683	0.02426	0.03683	0.01976	0.03144	0.02695	0.01797	0.02695	0.01527	0.01797	0.01078	0.00809	0.00809	0.00270	0.01258	0.00629	0.00359	0.01258

[dist]
# distance from previous block
# <min> <max>
0	6

[block]
# block no. 2 follows, 21 sequences, length 63
# corresponding to MSA columns:
# 185-247
name=unknown_C
#
# <colnr> <probs for GDERKNQSTAVLIFYWHMCP>
#	G	D	E	R	K	N	Q	S	T	A	V	L	I	F	Y	W	H	M	C	P
0	0.01751	0.01660	0.02813	0.49875	0.22904	0.01929	0.02435	0.02301	0.01770	0.02350	0.01538	0.02222	0.01196	0.00824	0.00848	0.00275	0.01099	0.00757	0.00391	0.01062
1	0.01707	0.04402	0.65683	0.02426	0.03683	0.01976	0.03144	0.02695	0.01797	0.02695	0.01527	0.01797	0.01078	0.00809	0.00809	0.00270	0.01258	0.00629	0.00359	0.01258
2	0.02106	0.02022	0.03454	0.05223	0.64784	0.02022	0.02612	0.02612	0.01938	0.02780	0.01601	0.02106	0.01348	0.00758	0.00842	0.00253	0.01011	0.00758	0.00421	0.01348
3	0.01980	0.01173	0.01214	0.01072	0.01385	0.01234	0.00839	0.16311	0.02314	0.03696	0.02601	0.02903	0.02006	0.00999	0.00656	0.00212	0.00526	0.00787	0.57142	0.00949
4	0.01037	0.00741	0.00987	0.01185	0.01234	0.00691	0.00790	0.01185	0.01629	0.02172	0.04690	0.69537	0.05629	0.02666	0.01086	0.00346	0.00494	0.02419	0.00790	0.00691
5	0.03232	0.02481	0.02546	0.01972	0.02639	0.06376	0.01619	0.58529	0.03908	0.05172	0.02001	0.02013	0.01427	0.01013	0.00846	0.00253	0.00971	0.00753	0.00827	0.01420
6	0.01238	0.00825	0.00928	0.00928	0.00928	0.00825	0.00516	0.01238	0.01238	0.01650	0.02681	0.05569	0.03094	0.70092	0.04331	0.00825	0.00825	0.01238	0.00516	0.00516
7	0.01037	0.00741	0.00987	0.01185	0.01234	0.00691	0.00790	0.01185	0.01629	0.02172	0.04690	0.69537	0.05629	0.02666	0.01086	0.00346	0.00494	0.02419	0.00790	0.00691
8	0.02953	0.15623	0.02925	0.05717	0.02739	0.02737	0.01630	0.46886	0.03424	0.04522	0.01845	0.01924	0.01360	0.00954	0.00792	0.00243	0.00943	0.00705	0.00729	0.01349
9	0.02087	0.02075	0.03760	0.04905	0.53029	0.02047	0.14122	0.02634	0.01952	0.02770	0.01624	0.02143	0.01337	0.00750	0.00874	0.00259	0.01094	0.00806	0.00423	0.01309
10	0.01218	0.00817	0.00934	0.00953	0.00958	0.00812	0.00543	0.01232	0.01276	0.01701	0.02878	0.11832	0.03342	0.63490	0.04014	0.00778	0.00793	0.01353	0.00543	0.00533
11	0.02106	0.02022	0.03454	0.05223	0.64784	0.02022	0.02612	0.02612	0.01938	0.02780	0.01601	0.02106	0.01348	0.00758	0.00842	0.00253	0.01011	0.00758	0.00421	0.01348
12	0.01948	0.32493	0.39705	0.02014	0.03047	0.02567	0.02428	0.02633	0.01768	0.02401	0.01381	0.01614	0.01084	0.00774	0.00697	0.00232	0.01110	0.00555	0.00361	0.01187
13	0.02922	0.03517	0.02294	0.02081	0.02530	0.51052	0.01572	0.03670	0.17134	0.02440	0.01835	0.01932	0.01460	0.00944	0.00791	0.00236	0.01326	0.00648	0.00542	0.01074
14	0.02949	0.02214	0.02400	0.01822	0.02518	0.02346	0.01499	0.50296	0.03565	0.04859	0.01940	0.01989	0.01411	0.00945	0.00808	0.00230	0.00877	0.00715	0.00784	0.15834
15	0.02807	0.01687	0.01942	0.01606	0.02165	0.01753	0.01288	0.13348	0.25737	0.26125	0.03692	0.03374	0.08188	0.01193	0.00873	0.00274	0.00711	0.00972	0.00924	0.01339
16	0.01707	0.04402	0.65683	0.02426	0.03683	0.01976	0.03144	0.02695	0.01797	0.02695	0.01527	0.01797	0.01078	0.00809	0.00809	0.00270	0.01258	0.00629	0.00359	0.01258
17	0.01198	0.00809	0.00940	0.00978	0.00988	0.00799	0.00569	0.01227	0.01314	0.01752	0.03073	0.18031	0.03588	0.56957	0.03699	0.00732	0.00760	0.01468	0.00569	0.00550
18	0.01204	0.00870	0.01138	0.01071	0.01271	0.00803	0.00803	0.01606	0.02409	0.03413	0.64335	0.06357	0.08030	0.01740	0.01004	0.00268	0.00401	0.01539	0.00937	0.00803
19	0.02009	0.02296	0.05022	0.03587	0.04448	0.02152	0.61693	0.02726	0.02009	0.02726	0.01722	0.02296	0.01291	0.00717	0.01004	0.00287	0.01435	0.01004	0.00430	0.01148
20	0.01044	0.00746	0.00994	0.01180	0.01236	0.00696	0.00791	0.01204	0.01665	0.02229	0.07412	0.66654	0.05738	0.02624	0.01082	0.00342	0.00490	0.02379	0.00797	0.00696
21	0.02275	0.70604	0.04459	0.01456	0.02184	0.03367	0.01456	0.02548	0.01729	0.02002	0.01183	0.01365	0.01092	0.00728	0.00546	0.00182	0.00910	0.00455	0.00364	0.01092
22	0.01336	0.00968	0.01321	0.01498	0.01703	0.00954	0.01300	0.01710	0.01957	0.02523	0.04909	0.09461	0.10728	0.02332	0.01159	0.00382	0.00749	0.53449	0.00784	0.00777
23	0.01227	0.00821	0.00931	0.00941	0.00944	0.00818	0.00529	0.01235	0.01257	0.01676	0.02783	0.08796	0.03222	0.66691	0.04168	0.00801	0.00808	0.01297	0.00529	0.00525
24	0.02275	0.70604	0.04459	0.01456	0.02184	0.03367	0.01456	0.02548	0.01729	0.02002	0.01183	0.01365	0.01092	0.00728	0.00546	0.00182	0.00910	0.00455	0.00364	0.01092
25	0.01607	0.01513	0.02552	0.68047	0.05861	0.01891	0.02363	0.02174	0.01702	0.02174	0.01513	0.02269	0.01134	0.00851	0.00851	0.00284	0.01134	0.00756	0.00378	0.00945
26	0.01037	0.00741	0.00987	0.01185	0.01234	0.00691	0.00790	0.01185	0.01629	0.02172	0.04690	0.69537	0.05629	0.02666	0.01086	0.00346	0.00494	0.02419	0.00790	0.00691
27	0.01707	0.04402	0.65683	0.02426	0.03683	0.01976	0.03144	0.02695	0.01797	0.02695	0.01527	0.01797	0.01078	0.00809	0.00809	0.00270	0.01258	0.00629	0.00359	0.01258
28	0.02117	0.01828	0.01924	0.01732	0.02213	0.02117	0.01347	0.04522	0.63246	0.03560	0.03464	0.03175	0.02598	0.01155	0.00866	0.00289	0.00673	0.00962	0.00866	0.01347
29	0.01006	0.00862	0.00862	0.00862	0.01149	0.00718	0.00647	0.01221	0.01940	0.02299	0.08621	0.08190	0.64438	0.02155	0.01006	0.00287	0.00431	0.01796	0.00790	0.00718
30	0.01238	0.00825	0.00928	0.00928	0.00928	0.00825	0.00516	0.01238	0.01238	0.01650	0.02681	0.05569	0.03094	0.70092	0.04331	0.00825	0.00825	0.01238	0.00516	0.00516
31	0.03219	0.02862	0.02513	0.02025	0.02637	0.20963	0.01625	0.45192	0.03546	0.04425	0.01835	0.01898	0.01347	0.00980	0.00827	0.00245	0.01108	0.00704	0.00733	0.01315
32	0.03235	0.02384	0.02554	0.01958	0.02639	0.02639	0.01618	0.61946	0.04001	0.05363	0.02043	0.02043	0.01447	0.01022	0.00851	0.00255	0.00936	0.00766	0.00851	0.01447
33	0.01607	0.01513	0.02552	0.68047	0.05861	0.01891	0.02363	0.02174	0.01702	0.02174	0.01513	0.02269	0.01134	0.00851	0.00851	0.00284	0.01134	0.00756	0.00378	0.00945
34	0.01785	0.03938	0.53560	0.02971	0.15587	0.01985	0.03040	0.02679	0.01824	0.02712	0.01542	0.01857	0.01131	0.00799	0.00815	0.00266	0.01210	0.00654	0.00371	0.01275
35	0.01238	0.00825	0.00928	0.00928	0.00928	0.00825	0.00516	0.01238	0.01238	0.01650	0.02681	0.05569	0.03094	0.70092	0.04331	0.00825	0.00825	0.01238	0.00516	0.00516
36	0.01007	0.00857	0.00868	0.00877	0.01153	0.00717	0.00653	0.01220	0.01926	0.02293	0.08445	0.10937	0.61805	0.02178	0.01009	0.00290	0.00434	0.01824	0.00790	0.00717
37	0.01946	0.01873	0.03207	0.16434	0.47585	0.01928	0.05059	0.02455	0.01898	0.02638	0.02000	0.02500	0.04988	0.00855	0.00861	0.00262	0.01019	0.00829	0.00435	0.01228
38	0.02080	0.01996	0.03407	0.08485	0.61725	0.02015	0.02599	0.02589	0.01925	0.02749	0.01596	0.02115	0.01337	0.00763	0.00843	0.00254	0.01017	0.00758	0.00419	0.01327
39	0.02106	0.02022	0.03454	0.05223	0.64784	0.02022	0.02612	0.02612	0.01938	0.02780	0.01601	0.02106	0.01348	0.00758	0.00842	0.00253	0.01011	0.00758	0.00421	0.01348
40	0.02083	0.02088	0.03834	0.04827	0.50182	0.02053	0.16910	0.02639	0.01955	0.02767	0.01630	0.02152	0.01334	0.00748	0.00882	0.00261	0.01114	0.00818	0.00423	0.01300
41	0.01707	0.04402	0.65683	0.02426	0.03683	0.01976	0.03144	0.02695	0.01797	0.02695	0.01527	0.01797	0.01078	0.00809	0.00809	0.00270	0.01258	0.00629	0.00359	0.01258
42	0.02378	0.02042	0.03042	0.04060	0.43944	0.02111	0.02215	0.18610	0.02486	0.03503	0.01795	0.02157	0.01428	0.00844	0.00829	0.00250	0.00952	0.00763	0.05251	0.01340
43	0.01037	0.00741	0.00987	0.01185	0.01234	0.00691	0.00790	0.01185	0.01629	0.02172	0.04690	0.69537	0.05629	0.02666	0.01086	0.00346	0.00494	0.02419	0.00790	0.00691
44	0.02294	0.02396	0.03212	0.07337	0.50139	0.14612	0.02413	0.02746	0.02020	0.02618	0.01541	0.02002	0.01290	0.00785	0.00828	0.00248	0.01118	0.00717	0.00423	0.01260
45	0.10848	0.01716	0.05942	0.01543	0.02207	0.01477	0.01344	0.09358	0.02417	0.46625	0.02869	0.02604	0.01861	0.01005	0.00807	0.00260	0.00757	0.00790	0.04217	0.01354
46	0.02106	0.02022	0.03454	0.05223	0.64784	0.02022	0.02612	0.02612	0.01938	0.02780	0.01601	0.02106	0.01348	0.00758	0.00842	0.00253	0.01011	0.00758	0.00421	0.01348
47	0.01006	0.00862	0.00862	0.00862	0.01149	0.00718	0.00647	0.01221	0.01940	0.02299	0.08621	0.08190	0.64438	0.02155	0.01006	0.00287	0.00431	0.01796	0.00790	0.00718
48	0.03179	0.04056	0.02412	0.02192	0.02631	0.66676	0.01644	0.03398	0.02412	0.02083	0.01315	0.01535	0.01096	0.00877	0.00767	0.00219	0.01535	0.00548	0.00438	0.00987
49	0.01203	0.00900	0.00958	0.00923	0.01226	0.00760	0.00699	0.01443	0.02015	0.06400	0.13489	0.07683	0.55223	0.02047	0.00996	0.00284	0.00447	0.01712	0.00821	0.00773
50	0.01018	0.00863	0.00880	0.00875	0.01157	0.00724	0.00656	0.01246	0.01969	0.02370	0.12151	0.08074	0.60864	0.02129	0.01006	0.00286	0.00429	0.01780	0.00800	0.00724
51	0.02106	0.02022	0.03454	0.05223	0.64784	0.02022	0.02612	0.02612	0.01938	0.02780	0.01601	0.02106	0.01348	0.00758	0.00842	0.00253	0.01011	0.00758	0.00421	0.01348
52	0.02679	0.34632	0.15558	0.01664	0.02472	0.02390	0.01716	0.03110	0.01978	0.23282	0.01976	0.01960	0.01428	0.00852	0.00701	0.00226	0.00916	0.00623	0.00593	0.01243
53	0.02080	0.01995	0.03407	0.08536	0.61677	0.02015	0.02599	0.02589	0.01925	0.02748	0.01596	0.02115	0.01337	0.00763	0.00843	0.00254	0.01018	0.00758	0.00419	0.01327
54	0.01006	0.00862	0.00862	0.00862	0.01149	0.00718	0.00647	0.01221	0.01940	0.02299	0.08621	0.08190	0.64438	0.02155	0.01006	0.00287	0.00431	0.01796	0.00790	0.00718
55	0.02060	0.01974	0.03370	0.11089	0.59283	0.02010	0.02589	0.02571	0.01916	0.02724	0.01593	0.02121	0.01328	0.00767	0.00843	0.00256	0.01023	0.00758	0.00417	0.01310
56	0.02481	0.34405	0.15670	0.01903	0.02633	0.25264	0.01851	0.02874	0.01981	0.02165	0.01296	0.01509	0.01091	0.00796	0.00675	0.00212	0.01197	0.00521	0.00389	0.01087
57	0.01474	0.01152	0.01399	0.01473	0.01726	0.01207	0.01185	0.02347	0.18459	0.02725	0.04636	0.19411	0.09859	0.02071	0.01059	0.00345	0.00665	0.27087	0.00808	0.00912
58	0.01707	0.04402	0.65683	0.02426	0.03683	0.01976	0.03144	0.02695	0.01797	0.02695	0.01527	0.01797	0.01078	0.00809	0.00809	0.00270	0.01258	0.00629	0.00359	0.01258
59	0.01707	0.04402	0.65683	0.02426	0.03683	0.01976	0.03144	0.02695	0.01797	0.02695	0.01527	0.01797	0.01078	0.00809	0.00809	0.00270	0.01258	0.00629	0.00359	0.01258
60	0.02157	0.02118	0.03405	0.05080	0.61848	0.05076	0.02566	0.02649	0.01960	0.02747	0.01587	0.02079	0.01336	0.00764	0.00839	0.00251	0.01036	0.00748	0.00422	0.01331
61	0.02559	0.02952	0.02089	0.01916	0.02279	0.41784	0.01458	0.06512	0.02181	0.02257	0.01668	0.02141	0.01446	0.02634	0.21715	0.00586	0.01733	0.00677	0.00470	0.00944
62	0.03130	0.03963	0.02459	0.02331	0.05467	0.63726	0.01688	0.03362	0.02390	0.02115	0.01328	0.01561	0.01108	0.00872	0.00771	0.00221	0.01511	0.00558	0.00438	0.01003

[dist]
# distance from previous block
# <min> <max>
0	4

[block]
# block no. 3 follows, 21 sequences, length 42
# corresponding to MSA columns:
# 252-293
name=unknown_D
#
# <colnr> <probs for GDERKNQSTAVLIFYWHMCP>
#	G	D	E	R	K	N	Q	S	T	A	V	L	I	F	Y	W	H	M	C	P
0	0.02870	0.26791	0.03111	0.01941	0.02478	0.45048	0.01580	0.03108	0.02178	0.02055	0.01270	0.01477	0.01095	0.00826	0.00692	0.00207	0.01321	0.00516	0.00413	0.01023
1	0.02106	0.02022	0.03454	0.05223	0.64784	0.02022	0.02612	0.02612	0.01938	0.02780	0.01601	0.02106	0.01348	0.00758	0.00842	0.00253	0.01011	0.00758	0.00421	0.01348
2	0.01707	0.04402	0.65683	0.02426	0.03683	0.01976	0.03144	0.02695	0.01797	0.02695	0.01527	0.01797	0.01078	0.00809	0.00809	0.00270	0.01258	0.00629	0.00359	0.01258
3	0.14398	0.01852	0.02264	0.02758	0.23087	0.05564	0.01653	0.05772	0.14378	0.06648	0.02426	0.11226	0.02136	0.01135	0.00824	0.00273	0.00826	0.00966	0.00635	0.01179
4	0.01770	0.03964	0.53085	0.02667	0.03842	0.02013	0.15303	0.02701	0.01841	0.02701	0.01568	0.01900	0.01122	0.00790	0.00849	0.00273	0.01294	0.00707	0.00374	0.01235
5	0.01216	0.00912	0.01368	0.01368	0.01520	0.01064	0.01064	0.01520	0.01368	0.01976	0.02279	0.03343	0.02127	0.06382	0.66720	0.01368	0.02279	0.00912	0.00456	0.00760
6	0.02106	0.02022	0.03454	0.05223	0.64784	0.02022	0.02612	0.02612	0.01938	0.02780	0.01601	0.02106	0.01348	0.00758	0.00842	0.00253	0.01011	0.00758	0.00421	0.01348
7	0.02813	0.03282	0.02659	0.02658	0.12075	0.41929	0.05143	0.05981	0.10390	0.02564	0.01696	0.01902	0.01358	0.00893	0.00809	0.00239	0.01310	0.00670	0.00510	0.01118
8	0.01037	0.00741	0.00987	0.01185	0.01234	0.00691	0.00790	0.01185	0.01629	0.02172	0.04690	0.69537	0.05629	0.02666	0.01086	0.00346	0.00494	0.02419	0.00790	0.00691
9	0.01448	0.01704	0.11773	0.01800	0.02298	0.01262	0.13805	0.02004	0.02233	0.03161	0.41767	0.04819	0.05572	0.01386	0.00974	0.00272	0.00746	0.01289	0.00744	0.00944
10	0.01826	0.03258	0.34889	0.02717	0.03593	0.02161	0.19614	0.02566	0.01752	0.02566	0.01495	0.01953	0.01147	0.00928	0.01288	0.00296	0.15651	0.00761	0.00382	0.01157
11	0.02137	0.02512	0.18376	0.01864	0.02547	0.05028	0.01777	0.03770	0.35794	0.08308	0.03154	0.03012	0.05729	0.01102	0.00854	0.00278	0.00856	0.00896	0.00725	0.01278
12	0.03235	0.02384	0.02554	0.01958	0.02639	0.02639	0.01618	0.61946	0.04001	0.05363	0.02043	0.02043	0.01447	0.01022	0.00851	0.00255	0.00936	0.00766	0.00851	0.01447
13	0.01707	0.04402	0.65683	0.02426	0.03683	0.01976	0.03144	0.02695	0.01797	0.02695	0.01527	0.01797	0.01078	0.00809	0.00809	0.00270	0.01258	0.00629	0.00359	0.01258
14	0.16823	0.02020	0.01987	0.15371	0.02841	0.11733	0.01474	0.17283	0.02445	0.03456	0.10368	0.02821	0.05810	0.01081	0.00804	0.00261	0.00913	0.00835	0.00634	0.01040
15	0.01165	0.00866	0.01070	0.01020	0.01228	0.00787	0.00756	0.01507	0.02251	0.03091	0.49607	0.06697	0.19492	0.05326	0.01175	0.00300	0.00429	0.01577	0.00885	0.00771
16	0.01209	0.00905	0.01235	0.01463	0.04627	0.00862	0.01049	0.01484	0.01861	0.02464	0.11269	0.34723	0.11348	0.02321	0.01084	0.00341	0.00593	0.19606	0.00785	0.00768
17	0.02276	0.02763	0.11557	0.04220	0.43708	0.15443	0.02482	0.02786	0.02017	0.02624	0.01532	0.01946	0.01260	0.00790	0.00822	0.00248	0.01153	0.00697	0.00417	0.01261
18	0.02287	0.02402	0.03162	0.09844	0.46952	0.15438	0.02390	0.02739	0.02016	0.02585	0.01534	0.02001	0.01278	0.00791	0.00828	0.00248	0.01130	0.00714	0.00421	0.01239
19	0.01707	0.04402	0.65683	0.02426	0.03683	0.01976	0.03144	0.02695	0.01797	0.02695	0.01527	0.01797	0.01078	0.00809	0.00809	0.00270	0.01258	0.00629	0.00359	0.01258
20	0.02106	0.02022	0.03454	0.05223	0.64784	0.02022	0.02612	0.02612	0.01938	0.02780	0.01601	0.02106	0.01348	0.00758	0.00842	0.00253	0.01011	0.00758	0.00421	0.01348
21	0.01881	0.18197	0.44312	0.02593	0.11532	0.02279	0.02713	0.02653	0.01801	0.02559	0.01464	0.01746	0.01117	0.00785	0.00757	0.00249	0.01151	0.00609	0.00369	0.01234
22	0.01012	0.00836	0.00889	0.00931	0.01168	0.00713	0.00677	0.01214	0.01874	0.02272	0.07783	0.21268	0.51901	0.02264	0.01023	0.00300	0.00444	0.01929	0.00790	0.00713
23	0.02365	0.02824	0.28148	0.08969	0.16163	0.01847	0.02426	0.06454	0.02096	0.17510	0.02000	0.02178	0.01402	0.00872	0.00833	0.00265	0.01051	0.00729	0.00566	0.01303
24	0.01740	0.08224	0.62148	0.02370	0.03597	0.02057	0.03047	0.02687	0.01793	0.02655	0.01507	0.01772	0.01079	0.00804	0.00793	0.00264	0.01238	0.00619	0.00360	0.01248
25	0.01866	0.02553	0.17034	0.08698	0.09925	0.01997	0.35520	0.02574	0.01911	0.02647	0.01824	0.06054	0.01490	0.00864	0.00940	0.00283	0.01279	0.00964	0.00431	0.01146
26	0.01037	0.00741	0.00987	0.01185	0.01234	0.00691	0.00790	0.01185	0.01629	0.02172	0.04690	0.69537	0.05629	0.02666	0.01086	0.00346	0.00494	0.02419	0.00790	0.00691
27	0.02065	0.01980	0.03380	0.10424	0.59906	0.02011	0.02591	0.02576	0.01918	0.02730	0.01593	0.02120	0.01330	0.00766	0.00843	0.00255	0.01021	0.00758	0.00418	0.01315
28	0.01754	0.09883	0.60615	0.02345	0.03559	0.02092	0.03004	0.02683	0.01791	0.02638	0.01499	0.01761	0.01079	0.00802	0.00787	0.00262	0.01229	0.00614	0.00360	0.01244
29	0.02928	0.03579	0.02656	0.02903	0.17197	0.51524	0.01871	0.03214	0.02301	0.02246	0.01382	0.01669	0.01155	0.00849	0.00785	0.00227	0.01412	0.00597	0.00434	0.01071
30	0.01006	0.00862	0.00862	0.00862	0.01149	0.00718	0.00647	0.01221	0.01940	0.02299	0.08621	0.08190	0.64438	0.02155	0.01006	0.00287	0.00431	0.01796	0.00790	0.00718
31	0.03179	0.04056	0.02412	0.02192	0.02631	0.66676	0.01644	0.03398	0.02412	0.02083	0.01315	0.01535	0.01096	0.00877	0.00767	0.00219	0.01535	0.00548	0.00438	0.00987
32	0.01707	0.04402	0.65683	0.02426	0.03683	0.01976	0.03144	0.02695	0.01797	0.02695	0.01527	0.01797	0.01078	0.00809	0.00809	0.00270	0.01258	0.00629	0.00359	0.01258
33	0.01862	0.01862	0.02607	0.02234	0.02234	0.02607	0.01862	0.02048	0.01303	0.02048	0.01117	0.01862	0.01117	0.01489	0.02793	0.00372	0.68535	0.00745	0.00372	0.00931
34	0.03179	0.04056	0.02412	0.02192	0.02631	0.66676	0.01644	0.03398	0.02412	0.02083	0.01315	0.01535	0.01096	0.00877	0.00767	0.00219	0.01535	0.00548	0.00438	0.00987
35	0.02106	0.02022	0.03454	0.05223	0.64784	0.02022	0.02612	0.02612	0.01938	0.02780	0.01601	0.02106	0.01348	0.00758	0.00842	0.00253	0.01011	0.00758	0.00421	0.01348
36	0.02415	0.16819	0.03283	0.08753	0.28684	0.21245	0.02068	0.02793	0.02014	0.02364	0.01423	0.01798	0.01203	0.00794	0.00760	0.00231	0.01154	0.00634	0.00411	0.01156
37	0.03784	0.01503	0.02009	0.01540	0.02200	0.01332	0.01272	0.07547	0.02528	0.61843	0.03280	0.02846	0.02068	0.01051	0.00856	0.00263	0.00737	0.00851	0.01041	0.01448
38	0.01037	0.00741	0.00987	0.01185	0.01234	0.00691	0.00790	0.01185	0.01629	0.02172	0.04690	0.69537	0.05629	0.02666	0.01086	0.00346	0.00494	0.02419	0.00790	0.00691
39	0.01037	0.00741	0.00987	0.01185	0.01234	0.00691	0.00790	0.01185	0.01629	0.02172	0.04690	0.69537	0.05629	0.02666	0.01086	0.00346	0.00494	0.02419	0.00790	0.00691
40	0.01037	0.00741	0.00987	0.01185	0.01234	0.00691	0.00790	0.01185	0.01629	0.02172	0.04690	0.69537	0.05629	0.02666	0.01086	0.00346	0.00494	0.02419	0.00790	0.00691
41	0.02082	0.02300	0.01828	0.01732	0.02010	0.30026	0.01320	0.02349	0.01828	0.02023	0.01854	0.02545	0.01672	0.03952	0.37608	0.00861	0.01951	0.00751	0.00448	0.00860

[dist]
# distance from previous block
# <min> <max>
0	33

[block]
# block no. 4 follows, 21 sequences, length 70
# corresponding to MSA columns:
# 345-414
name=unknown_E
#
# <colnr> <probs for GDERKNQSTAVLIFYWHMCP>
#	G	D	E	R	K	N	Q	S	T	A	V	L	I	F	Y	W	H	M	C	P
0	0.01516	0.01108	0.01325	0.01320	0.01531	0.01116	0.00958	0.14147	0.02216	0.02960	0.09206	0.46236	0.08598	0.02209	0.01025	0.00316	0.00577	0.01957	0.00815	0.00863
1	0.01827	0.18353	0.52781	0.02221	0.03367	0.02269	0.02788	0.02664	0.01782	0.02549	0.01455	0.01706	0.01081	0.00792	0.00753	0.00251	0.01184	0.00592	0.00360	0.01223
2	0.02106	0.02022	0.03454	0.05223	0.64784	0.02022	0.02612	0.02612	0.01938	0.02780	0.01601	0.02106	0.01348	0.00758	0.00842	0.00253	0.01011	0.00758	0.00421	0.01348
3	0.02106	0.02022	0.03454	0.05223	0.64784	0.02022	0.02612	0.02612	0.01938	0.02780	0.01601	0.02106	0.01348	0.00758	0.00842	0.00253	0.01011	0.00758	0.00421	0.01348
4	0.03179	0.04056	0.02412	0.02192	0.02631	0.66676	0.01644	0.03398	0.02412	0.02083	0.01315	0.01535	0.01096	0.00877	0.00767	0.00219	0.01535	0.00548	0.00438	0.00987
5	0.02106	0.02022	0.03454	0.05223	0.64784	0.02022	0.02612	0.02612	0.01938	0.02780	0.01601	0.02106	0.01348	0.00758	0.00842	0.00253	0.01011	0.00758	0.00421	0.01348
