[name]
unknown

[dist]
# distance from previous block
# <min> <max>
0	35

[block]
# block no. 0 follows, 17 sequences, length 35
# corresponding to MSA columns:
# 35-69
name=unknown_A
#
# <colnr> <probs for GDERKNQSTAVLIFYWHMCP>
#	G	D	E	R	K	N	Q	S	T	A	V	L	I	F	Y	W	H	M	C	P
0	0.06487	0.24259	0.15642	0.02110	0.02822	0.16800	0.02062	0.02951	0.02055	0.02560	0.01671	0.02349	0.01492	0.01086	0.01047	0.00276	0.08359	0.04343	0.00465	0.01167
1	0.02021	0.08636	0.44904	0.03057	0.08723	0.02330	0.11356	0.02973	0.02033	0.02946	0.01705	0.02068	0.01255	0.00870	0.00911	0.00293	0.01374	0.00757	0.00416	0.01371
2	0.02007	0.01940	0.06365	0.02661	0.15842	0.01825	0.01823	0.06598	0.17408	0.03340	0.04452	0.05367	0.14407	0.01587	0.01037	0.00326	0.00863	0.10131	0.00773	0.01249
3	0.01870	0.03452	0.33726	0.06303	0.04055	0.02034	0.18417	0.02722	0.02048	0.02889	0.02565	0.07601	0.05755	0.01131	0.00999	0.00313	0.01313	0.01065	0.00491	0.01250
4	0.02201	0.03011	0.20480	0.04781	0.40928	0.02236	0.06837	0.02929	0.02108	0.03050	0.01760	0.02251	0.01404	0.00853	0.00935	0.00288	0.01230	0.00818	0.00448	0.01450
5	0.17788	0.02621	0.13453	0.03421	0.16903	0.02182	0.20518	0.02889	0.02019	0.03319	0.01770	0.02231	0.01367	0.00856	0.00896	0.00295	0.01201	0.00836	0.04165	0.01269
6	0.13630	0.01530	0.02375	0.07196	0.02739	0.01594	0.13433	0.02122	0.01903	0.02880	0.03627	0.24475	0.07496	0.01834	0.01161	0.00349	0.04348	0.05664	0.00677	0.00966
7	0.02519	0.06020	0.02186	0.01808	0.02134	0.21951	0.01364	0.06614	0.02217	0.05841	0.05432	0.03510	0.02427	0.19383	0.06900	0.00543	0.06606	0.00956	0.00602	0.00988
8	0.02797	0.02112	0.02300	0.01949	0.02542	0.02369	0.01551	0.19467	0.36523	0.09198	0.03327	0.03154	0.02454	0.01514	0.04014	0.00366	0.00919	0.00993	0.00950	0.01501
9	0.15539	0.45738	0.03821	0.01522	0.02237	0.03150	0.01439	0.06373	0.02029	0.02937	0.01518	0.01729	0.01300	0.00864	0.00628	0.00225	0.00913	0.00559	0.06306	0.01174
10	0.01437	0.00957	0.01187	0.01214	0.01437	0.00855	0.00878	0.01707	0.02186	0.07606	0.20013	0.30920	0.21282	0.02400	0.01136	0.00337	0.00524	0.02110	0.00940	0.00873
11	0.02363	0.02103	0.02087	0.01645	0.02326	0.09060	0.01296	0.13952	0.02562	0.03489	0.02610	0.07439	0.06057	0.01117	0.00837	0.00214	0.00864	0.00891	0.00677	0.38412
12	0.02410	0.02297	0.02014	0.01791	0.02288	0.13711	0.01387	0.11044	0.25374	0.03526	0.04708	0.04498	0.17992	0.01500	0.00978	0.00300	0.00898	0.01198	0.00843	0.01243
13	0.01325	0.00900	0.01060	0.01096	0.01125	0.00884	0.00656	0.01393	0.01561	0.02099	0.08080	0.17821	0.04415	0.49257	0.03807	0.00762	0.00805	0.01651	0.00668	0.00635
14	0.03474	0.02633	0.03053	0.02317	0.03087	0.02880	0.06330	0.53372	0.04254	0.05705	0.02235	0.02287	0.01590	0.01105	0.00957	0.00286	0.01083	0.00870	0.00905	0.01577
15	0.02048	0.20445	0.47779	0.02420	0.03668	0.02574	0.03019	0.02946	0.01972	0.02795	0.01597	0.01872	0.01198	0.00874	0.00824	0.00275	0.01298	0.00649	0.00399	0.01348
16	0.02767	0.01866	0.02362	0.01904	0.02476	0.01922	0.05458	0.22408	0.07584	0.14138	0.18715	0.04319	0.04026	0.01426	0.01024	0.00302	0.00844	0.04154	0.00970	0.01334
17	0.02205	0.02101	0.02177	0.01798	0.02363	0.12035	0.05304	0.09394	0.02402	0.03115	0.03221	0.15753	0.08208	0.01432	0.00929	0.00256	0.00926	0.01216	0.00685	0.24481
18	0.02489	0.08309	0.13746	0.03133	0.08465	0.18770	0.20532	0.03094	0.02226	0.02706	0.01738	0.02210	0.01388	0.01317	0.05422	0.00369	0.01571	0.00830	0.00462	0.01227
19	0.01115	0.00955	0.00955	0.00955	0.01274	0.00796	0.00716	0.01353	0.02149	0.02547	0.09553	0.09075	0.60594	0.02388	0.01115	0.00318	0.00478	0.01990	0.00876	0.00796
20	0.03140	0.03440	0.03080	0.03495	0.22092	0.32910	0.02171	0.12533	0.02794	0.03172	0.01697	0.02004	0.01372	0.00955	0.00893	0.00262	0.01398	0.00725	0.00556	0.01311
21	0.03585	0.02641	0.02830	0.02170	0.02924	0.02924	0.01792	0.57832	0.04434	0.05943	0.02264	0.02264	0.01604	0.01132	0.00943	0.00283	0.01038	0.00849	0.00943	0.01604
22	0.02061	0.13953	0.43558	0.03044	0.13357	0.02433	0.03101	0.02946	0.02006	0.02885	0.01648	0.01976	0.01247	0.00873	0.00858	0.00281	0.01289	0.00692	0.00410	0.01382
23	0.01133	0.00956	0.00981	0.00974	0.01285	0.00804	0.00731	0.01389	0.02193	0.02650	0.13777	0.08907	0.56306	0.02350	0.01114	0.00317	0.00475	0.01967	0.00889	0.00804
24	0.01347	0.01010	0.01516	0.01516	0.01684	0.01179	0.01179	0.01684	0.01516	0.02189	0.02526	0.03705	0.02357	0.07072	0.63122	0.01516	0.02526	0.01010	0.00505	0.00842
25	0.02621	0.52663	0.09327	0.01827	0.02633	0.12632	0.01800	0.02981	0.02037	0.02296	0.01365	0.01581	0.01210	0.00839	0.00667	0.00216	0.01146	0.00536	0.00416	0.01208
26	0.02964	0.03195	0.02726	0.02784	0.11382	0.30769	0.01914	0.03782	0.14728	0.05957	0.02117	0.02311	0.01680	0.01106	0.01144	0.00287	0.08498	0.00784	0.00614	0.01260
27	0.01195	0.01026	0.01033	0.01019	0.01351	0.00898	0.00767	0.01593	0.05898	0.02639	0.09178	0.08711	0.56806	0.02315	0.01104	0.00319	0.00495	0.01930	0.00881	0.00842
28	0.01149	0.00821	0.01094	0.01313	0.01368	0.00766	0.00875	0.01313	0.01805	0.02407	0.05198	0.66244	0.06237	0.02954	0.01204	0.00383	0.00547	0.02681	0.00875	0.00766
29	0.02829	0.03762	0.13012	0.03660	0.23629	0.31378	0.02479	0.03327	0.02373	0.02695	0.01609	0.01973	0.01310	0.00913	0.00887	0.00265	0.01444	0.00705	0.00464	0.01285
30	0.01828	0.01507	0.08603	0.01671	0.02040	0.01134	0.01474	0.02222	0.02084	0.11623	0.04491	0.30688	0.04779	0.02324	0.01161	0.00376	0.00792	0.19338	0.00861	0.01002
31	0.02032	0.30563	0.03115	0.01629	0.02103	0.07057	0.01420	0.02346	0.01781	0.02211	0.01908	0.02584	0.01764	0.03841	0.30774	0.00838	0.01793	0.00756	0.00459	0.01024
32	0.03542	0.03908	0.02722	0.02347	0.02918	0.44045	0.01813	0.20870	0.03230	0.03458	0.01713	0.01879	0.01338	0.01022	0.00880	0.00256	0.01491	0.00684	0.00631	0.01255
33	0.21694	0.02542	0.03073	0.06326	0.10403	0.14708	0.14665	0.02921	0.02054	0.03098	0.01768	0.05542	0.01527	0.01034	0.01000	0.00299	0.04817	0.00867	0.00521	0.01141
34	0.07010	0.02895	0.26335	0.02301	0.07635	0.01853	0.02218	0.02953	0.11351	0.03458	0.18332	0.03634	0.03615	0.01238	0.00947	0.00299	0.00956	0.01034	0.00685	0.01251

[dist]
# distance from previous block
# <min> <max>
5	19

[block]
# block no. 1 follows, 17 sequences, length 12
# corresponding to MSA columns:
# 89-100
name=unknown_B
#
# <colnr> <probs for GDERKNQSTAVLIFYWHMCP>
#	G	D	E	R	K	N	Q	S	T	A	V	L	I	F	Y	W	H	M	C	P
0	0.02260	0.11667	0.17725	0.02124	0.04821	0.18846	0.01968	0.02787	0.02346	0.02861	0.15937	0.03510	0.06875	0.01243	0.00912	0.00271	0.01135	0.00974	0.00607	0.01133
1	0.01595	0.01537	0.06803	0.09558	0.02364	0.03830	0.01415	0.02013	0.01959	0.02734	0.11634	0.10143	0.03849	0.10965	0.10665	0.00570	0.01106	0.06856	0.09506	0.00900
2	0.01989	0.01488	0.01669	0.01438	0.01799	0.01483	0.01036	0.13815	0.06050	0.03156	0.02924	0.12211	0.02986	0.27649	0.02478	0.00525	0.00841	0.01257	0.00714	0.14493
3	0.08619	0.03184	0.07644	0.10207	0.03169	0.29236	0.01948	0.02982	0.02118	0.02523	0.01606	0.02123	0.01354	0.01834	0.09253	0.00448	0.09496	0.00716	0.00471	0.01067
4	0.23683	0.31813	0.18382	0.01775	0.02664	0.02854	0.01912	0.02850	0.01842	0.03018	0.01409	0.01640	0.01149	0.00850	0.00673	0.00253	0.01023	0.00555	0.00456	0.01200
5	0.02164	0.03370	0.23269	0.02579	0.03384	0.14931	0.12799	0.02827	0.02060	0.02646	0.01895	0.02470	0.01540	0.02464	0.16758	0.00600	0.01784	0.00836	0.00459	0.01166
6	0.15441	0.02541	0.14132	0.06961	0.11128	0.02123	0.16890	0.02746	0.01992	0.03152	0.02076	0.03203	0.01794	0.01107	0.01054	0.00323	0.04133	0.07483	0.00523	0.01201
7	0.03212	0.03471	0.07711	0.02233	0.02867	0.30942	0.01848	0.10743	0.14860	0.09375	0.02321	0.02340	0.01732	0.01071	0.00899	0.00274	0.01295	0.00778	0.00707	0.01321
8	0.06719	0.16280	0.34670	0.02277	0.03336	0.10362	0.02585	0.03181	0.02102	0.07792	0.01738	0.01938	0.01286	0.00911	0.00820	0.00272	0.01270	0.00659	0.00487	0.01315
9	0.02255	0.01967	0.06020	0.01857	0.02191	0.06946	0.01568	0.05004	0.02027	0.10267	0.02881	0.08433	0.05666	0.02252	0.09646	0.00481	0.18894	0.01073	0.09492	0.01080
10	0.02497	0.10697	0.14363	0.02036	0.02790	0.02457	0.01926	0.14015	0.23293	0.05976	0.02685	0.02736	0.02033	0.01620	0.06335	0.00398	0.01119	0.00873	0.00745	0.01407
11	0.09022	0.02345	0.02692	0.02112	0.02789	0.13778	0.11948	0.05487	0.02404	0.15535	0.03080	0.03141	0.08872	0.01113	0.00912	0.00268	0.01076	0.00941	0.00716	0.11771

[dist]
# distance from previous block
# <min> <max>
1	52

[block]
# block no. 2 follows, 17 sequences, length 7
# corresponding to MSA columns:
# 156-162
name=unknown_C
#
# <colnr> <probs for GDERKNQSTAVLIFYWHMCP>
#	G	D	E	R	K	N	Q	S	T	A	V	L	I	F	Y	W	H	M	C	P
0	0.20902	0.09563	0.08902	0.02161	0.10962	0.01940	0.01646	0.02604	0.02056	0.06436	0.15013	0.03209	0.03089	0.01615	0.05837	0.00380	0.00978	0.00913	0.00652	0.01142
1	0.06255	0.03542	0.30425	0.02851	0.09016	0.08785	0.09271	0.02859	0.02015	0.02877	0.01803	0.02289	0.01419	0.01814	0.10257	0.00476	0.01556	0.00787	0.00451	0.01251
2	0.12459	0.13417	0.02290	0.01566	0.01927	0.01772	0.05360	0.02069	0.01914	0.02862	0.12550	0.21020	0.04105	0.07974	0.01413	0.00369	0.03844	0.01458	0.00691	0.00939
3	0.01904	0.20341	0.12240	0.02133	0.02795	0.02244	0.11131	0.02422	0.01818	0.02457	0.01958	0.02641	0.01707	0.03343	0.25928	0.00765	0.01776	0.00840	0.00456	0.01100
4	0.02428	0.03064	0.21416	0.02416	0.09237	0.11966	0.02147	0.03000	0.02278	0.12648	0.03821	0.03824	0.15163	0.01293	0.00952	0.00291	0.01104	0.01039	0.00660	0.01252
5	0.02083	0.25850	0.15645	0.02192	0.06997	0.05937	0.01975	0.02529	0.01934	0.02497	0.02328	0.16698	0.02393	0.01393	0.01016	0.00287	0.05475	0.01102	0.00522	0.01148
6	0.02445	0.18029	0.24185	0.02623	0.11739	0.02322	0.02389	0.03081	0.02071	0.12614	0.02037	0.02301	0.01546	0.01505	0.06807	0.00389	0.01273	0.00746	0.00549	0.01349

[dist]
# distance from previous block
# <min> <max>
0	9

[block]
# block no. 3 follows, 17 sequences, length 8
# corresponding to MSA columns:
# 172-179
name=unknown_D
#
# <colnr> <probs for GDERKNQSTAVLIFYWHMCP>
#	G	D	E	R	K	N	Q	S	T	A	V	L	I	F	Y	W	H	M	C	P
0	0.02491	0.18207	0.24905	0.02252	0.03152	0.16683	0.02329	0.03490	0.12295	0.02828	0.01934	0.02088	0.01501	0.00962	0.00832	0.00268	0.01264	0.00699	0.00519	0.01301
1	0.02409	0.10425	0.25059	0.10519	0.18156	0.02246	0.02709	0.03117	0.02115	0.11608	0.01970	0.02266	0.01449	0.00918	0.00886	0.00284	0.01177	0.00765	0.00533	0.01388
2	0.01766	0.05229	0.01913	0.01640	0.01923	0.05092	0.01303	0.07507	0.01899	0.02575	0.02367	0.03317	0.02149	0.05759	0.49643	0.01242	0.02241	0.00941	0.00542	0.00954
3	0.02023	0.01790	0.02726	0.11397	0.03304	0.01748	0.11441	0.08417	0.02168	0.03086	0.01967	0.02560	0.01615	0.02194	0.14490	0.00514	0.01377	0.00829	0.00554	0.25801
4	0.10302	0.01862	0.02374	0.13735	0.03086	0.02264	0.01778	0.15989	0.02303	0.03410	0.01882	0.02519	0.01567	0.02559	0.15796	0.00604	0.15410	0.00841	0.00586	0.01131
5	0.02864	0.24149	0.03340	0.02268	0.09384	0.13373	0.01702	0.11237	0.02566	0.09437	0.02730	0.02797	0.08142	0.01107	0.00833	0.00253	0.01066	0.00830	0.00643	0.01278
6	0.01992	0.02675	0.17152	0.03413	0.16051	0.02169	0.14770	0.02636	0.01911	0.02766	0.01838	0.02504	0.01525	0.02070	0.12320	0.00532	0.11092	0.00896	0.00452	0.01237
7	0.02097	0.03017	0.17888	0.02652	0.12994	0.15861	0.02104	0.02610	0.02188	0.02685	0.03717	0.11078	0.14317	0.01461	0.00974	0.00297	0.01124	0.01208	0.00587	0.01142

[dist]
# distance from previous block
# <min> <max>
24	86

[block]
# block no. 4 follows, 17 sequences, length 64
# corresponding to MSA columns:
# 277-340
name=unknown_E
#
# <colnr> <probs for GDERKNQSTAVLIFYWHMCP>
#	G	D	E	R	K	N	Q	S	T	A	V	L	I	F	Y	W	H	M	C	P
0	0.02078	0.03096	0.23295	0.04008	0.25025	0.02158	0.15614	0.02848	0.02114	0.02999	0.02313	0.02733	0.05445	0.00955	0.00975	0.00298	0.01276	0.00935	0.00475	0.01361
1	0.02471	0.45305	0.18808	0.01965	0.02883	0.09621	0.02098	0.02963	0.02015	0.02418	0.01421	0.01651	0.01207	0.00846	0.00703	0.00230	0.01177	0.00563	0.00411	0.01243
2	0.01231	0.00953	0.01139	0.01228	0.01454	0.00860	0.00942	0.01516	0.02129	0.02704	0.12967	0.22447	0.30850	0.02517	0.01175	0.00356	0.00573	0.13255	0.00891	0.00814
3	0.01125	0.00913	0.00999	0.01067	0.01303	0.00787	0.00766	0.01341	0.02042	0.02504	0.08190	0.26967	0.43582	0.02565	0.01142	0.00339	0.00499	0.02206	0.00876	0.00787
4	0.01425	0.01257	0.02143	0.01873	0.02190	0.01164	0.14004	0.01788	0.02076	0.02783	0.13697	0.36157	0.11134	0.02232	0.01159	0.00347	0.00765	0.02091	0.00809	0.00906
5	0.02465	0.61831	0.10043	0.01710	0.02569	0.03593	0.01781	0.02838	0.01923	0.02287	0.01345	0.01555	0.01209	0.00815	0.00631	0.00210	0.01043	0.00521	0.00403	0.01227
6	0.01400	0.01204	0.01228	0.01179	0.01547	0.01155	0.00896	0.02201	0.15396	0.02871	0.08228	0.07787	0.47210	0.02131	0.01079	0.00319	0.00540	0.01776	0.00895	0.00958
7	0.01720	0.01585	0.02481	0.02151	0.02337	0.01975	0.07490	0.02055	0.01563	0.02309	0.01956	0.02939	0.01821	0.04286	0.33070	0.00957	0.26927	0.00949	0.00466	0.00962
8	0.02304	0.02210	0.03774	0.08951	0.58046	0.02233	0.02879	0.02868	0.02133	0.03045	0.01769	0.02344	0.01481	0.00846	0.00934	0.00282	0.01128	0.00840	0.00464	0.01470
9	0.03523	0.04494	0.02672	0.02429	0.02915	0.63073	0.01822	0.03766	0.02672	0.02308	0.01458	0.01701	0.01215	0.00972	0.00850	0.00243	0.01701	0.00607	0.00486	0.01093
10	0.02346	0.02026	0.02132	0.01919	0.02452	0.02346	0.01493	0.05011	0.59273	0.03945	0.03838	0.03518	0.02879	0.01279	0.00960	0.00320	0.00746	0.01066	0.00960	0.01493
11	0.01260	0.00912	0.01200	0.01300	0.01449	0.00851	0.00951	0.01564	0.02184	0.02968	0.25661	0.34961	0.09829	0.02507	0.01178	0.00354	0.00545	0.08567	0.00934	0.00825
12	0.01891	0.04878	0.61973	0.02688	0.04081	0.02190	0.03484	0.02986	0.01991	0.02986	0.01692	0.01991	0.01195	0.00896	0.00896	0.00299	0.01394	0.00697	0.00398	0.01394
13	0.02063	0.02063	0.02888	0.02476	0.02476	0.02888	0.02063	0.02269	0.01444	0.02269	0.01238	0.02063	0.01238	0.01651	0.03095	0.00413	0.65133	0.00825	0.00413	0.01032
14	0.02334	0.02241	0.03828	0.05788	0.60977	0.02241	0.02894	0.02894	0.02147	0.03081	0.01774	0.02334	0.01494	0.00840	0.00934	0.00280	0.01120	0.00840	0.00467	0.01494
15	0.02317	0.02289	0.04107	0.05496	0.51946	0.02264	0.11700	0.02914	0.02160	0.03071	0.01795	0.02368	0.01484	0.00833	0.00962	0.00286	0.01196	0.00884	0.00468	0.01458
16	0.02346	0.02026	0.02132	0.01919	0.02452	0.02346	0.01493	0.05011	0.59273	0.03945	0.03838	0.03518	0.02879	0.01279	0.00960	0.00320	0.00746	0.01066	0.00960	0.01493
17	0.03422	0.04327	0.02687	0.02433	0.02885	0.58934	0.01839	0.03663	0.02588	0.02305	0.01443	0.01726	0.01216	0.01018	0.01005	0.00255	0.06063	0.00622	0.00481	0.01089
18	0.01369	0.00924	0.01080	0.01080	0.01098	0.00942	0.00636	0.01404	0.01387	0.01867	0.02924	0.05910	0.03315	0.60533	0.10971	0.00978	0.01085	0.01333	0.00564	0.00600
19	0.01149	0.00821	0.01094	0.01313	0.01368	0.00766	0.00875	0.01313	0.01805	0.02407	0.05198	0.66244	0.06237	0.02954	0.01204	0.00383	0.00547	0.02681	0.00875	0.00766
20	0.01758	0.00879	0.00879	0.00879	0.01099	0.00879	0.00659	0.02197	0.01978	0.03516	0.03076	0.03516	0.02417	0.01099	0.00659	0.00220	0.00439	0.00879	0.72094	0.00879
21	0.01149	0.00821	0.01094	0.01313	0.01368	0.00766	0.00875	0.01313	0.01805	0.02407	0.05198	0.66244	0.06237	0.02954	0.01204	0.00383	0.00547	0.02681	0.00875	0.00766
22	0.01891	0.04878	0.61973	0.02688	0.04081	0.02190	0.03484	0.02986	0.01991	0.02986	0.01692	0.01991	0.01195	0.00896	0.00896	0.00299	0.01394	0.00697	0.00398	0.01394
23	0.01891	0.04878	0.61973	0.02688	0.04081	0.02190	0.03484	0.02986	0.01991	0.02986	0.01692	0.01991	0.01195	0.00896	0.00896	0.00299	0.01394	0.00697	0.00398	0.01394
24	0.01115	0.00955	0.00955	0.00955	0.01274	0.00796	0.00716	0.01353	0.02149	0.02547	0.09553	0.09075	0.60594	0.02388	0.01115	0.00318	0.00478	0.01990	0.00876	0.00796
25	0.01149	0.00821	0.01094	0.01313	0.01368	0.00766	0.00875	0.01313	0.01805	0.02407	0.05198	0.66244	0.06237	0.02954	0.01204	0.00383	0.00547	0.02681	0.00875	0.00766
26	0.02334	0.02241	0.03828	0.05788	0.60977	0.02241	0.02894	0.02894	0.02147	0.03081	0.01774	0.02334	0.01494	0.00840	0.00934	0.00280	0.01120	0.00840	0.00467	0.01494
27	0.02667	0.02873	0.03504	0.04846	0.44686	0.19308	0.02593	0.03139	0.02295	0.02864	0.01685	0.02156	0.01415	0.00877	0.00910	0.00270	0.01283	0.00775	0.00472	0.01381
28	0.01212	0.00972	0.01100	0.01173	0.01441	0.00860	0.00919	0.01488	0.02119	0.02597	0.08048	0.15314	0.42214	0.02497	0.01167	0.00352	0.00575	0.14267	0.00874	0.00810
29	0.02982	0.18440	0.03057	0.02106	0.02679	0.33387	0.01687	0.03874	0.17340	0.02716	0.02048	0.02134	0.01650	0.01014	0.00822	0.00254	0.01290	0.00704	0.00591	0.01225
30	0.01172	0.00831	0.01087	0.01283	0.01332	0.00782	0.00843	0.01319	0.01760	0.02346	0.04962	0.59887	0.05940	0.09716	0.01584	0.00439	0.00586	0.02542	0.00843	0.00745
31	0.01179	0.00976	0.01046	0.01080	0.01383	0.00842	0.00845	0.01450	0.02153	0.02591	0.08822	0.09326	0.51755	0.02423	0.01145	0.00337	0.00540	0.10424	0.00875	0.00808
32	0.01146	0.00833	0.01082	0.01281	0.01359	0.00769	0.00861	0.01317	0.01836	0.02420	0.05587	0.61130	0.11099	0.02904	0.01196	0.00377	0.00541	0.02619	0.00875	0.00769
33	0.02309	0.02311	0.04230	0.05368	0.47980	0.02274	0.15568	0.02923	0.02165	0.03067	0.01805	0.02383	0.01479	0.00830	0.00975	0.00289	0.01229	0.00903	0.00469	0.01442
34	0.01897	0.02073	0.09138	0.16681	0.29777	0.01863	0.02431	0.02436	0.01997	0.02775	0.02539	0.17155	0.02513	0.01358	0.00994	0.00313	0.01045	0.01251	0.00544	0.01221
35	0.02226	0.02544	0.05564	0.03975	0.04928	0.02385	0.57552	0.03021	0.02226	0.03021	0.01908	0.02544	0.01431	0.00795	0.01113	0.00318	0.01590	0.01113	0.00477	0.01272
36	0.01829	0.01895	0.01527	0.01509	0.01829	0.17178	0.01158	0.02109	0.02301	0.02603	0.09890	0.11349	0.28732	0.02060	0.01082	0.00320	0.00864	0.10092	0.00783	0.00890
37	0.02171	0.21816	0.32489	0.03105	0.16809	0.02634	0.02822	0.02919	0.02006	0.02793	0.01604	0.01936	0.01268	0.00858	0.00823	0.00267	0.01222	0.00676	0.00416	0.01365
38	0.01202	0.00943	0.01103	0.01207	0.01431	0.00844	0.00916	0.01458	0.02057	0.02561	0.07450	0.25417	0.34688	0.02589	0.01176	0.00359	0.00573	0.12351	0.00874	0.00802
39	0.03305	0.03761	0.02523	0.02240	0.02750	0.44796	0.01708	0.11470	0.07939	0.03055	0.01897	0.02068	0.01502	0.01031	0.00860	0.00254	0.01434	0.00701	0.05518	0.01187
40	0.02559	0.02914	0.03547	0.09777	0.10597	0.21399	0.15013	0.03000	0.02140	0.02567	0.01572	0.02141	0.01308	0.01069	0.01449	0.00311	0.16188	0.00827	0.00458	0.01163
41	0.03037	0.02136	0.02325	0.01845	0.02401	0.02319	0.01452	0.40326	0.03543	0.07688	0.02523	0.03337	0.02119	0.18370	0.01955	0.00449	0.00993	0.00991	0.00857	0.01333
42	0.02540	0.02633	0.01861	0.01705	0.02080	0.29287	0.01287	0.05605	0.02542	0.03062	0.11960	0.03590	0.07036	0.01268	0.00866	0.00253	0.01047	0.00966	0.19404	0.01009
43	0.02094	0.02208	0.18414	0.01649	0.02348	0.01340	0.01679	0.02638	0.02323	0.16586	0.14886	0.05373	0.21393	0.01606	0.01014	0.00303	0.00804	0.01336	0.00838	0.01168
44	0.02863	0.02165	0.02333	0.01882	0.02496	0.02365	0.01527	0.38497	0.09407	0.04874	0.03745	0.03709	0.12331	0.01780	0.05252	0.00378	0.01010	0.01086	0.00903	0.01396
45	0.02409	0.03523	0.19593	0.02626	0.03210	0.18441	0.06215	0.02915	0.01973	0.02532	0.01469	0.01981	0.01233	0.01202	0.01753	0.00330	0.26245	0.00752	0.00432	0.01166
46	0.02147	0.02050	0.03490	0.25646	0.42578	0.02191	0.02801	0.02730	0.02059	0.02854	0.01741	0.02395	0.01414	0.00875	0.00937	0.00292	0.01166	0.00839	0.00451	0.01343
47	0.03192	0.03160	0.16545	0.02290	0.03193	0.02754	0.02185	0.45114	0.03867	0.05257	0.02131	0.02201	0.01509	0.01077	0.00932	0.00287	0.01120	0.00814	0.00817	0.01555
48	0.02123	0.27899	0.40982	0.02292	0.03470	0.02757	0.02796	0.02927	0.01963	0.02704	0.01552	0.01815	0.01200	0.00863	0.00789	0.00263	0.01252	0.00626	0.00400	0.01326
49	0.01812	0.01708	0.02885	0.61270	0.09573	0.02103	0.02634	0.02437	0.01900	0.02447	0.01682	0.02504	0.01270	0.00937	0.00942	0.00312	0.01249	0.00838	0.00422	0.01073
50	0.02229	0.02438	0.04969	0.04159	0.15102	0.02409	0.41738	0.02921	0.02132	0.02955	0.01815	0.02456	0.01423	0.00890	0.01281	0.00321	0.07971	0.01033	0.00469	0.01289
51	0.01136	0.00873	0.01041	0.01175	0.01331	0.00778	0.00814	0.01329	0.01938	0.02461	0.06880	0.44155	0.27239	0.02736	0.01169	0.00358	0.00520	0.02414	0.00875	0.00778
52	0.01149	0.00821	0.01094	0.01313	0.01368	0.00766	0.00875	0.01313	0.01805	0.02407	0.05198	0.66244	0.06237	0.02954	0.01204	0.00383	0.00547	0.02681	0.00875	0.00766
53	0.01262	0.00868	0.01061	0.01168	0.01195	0.00841	0.00721	0.01343	0.01584	0.02113	0.04064	0.35664	0.04807	0.35485	0.03034	0.00653	0.00734	0.02014	0.00721	0.00667
54	0.02256	0.02459	0.05077	0.04483	0.20654	0.02344	0.42216	0.02985	0.02204	0.03038	0.01870	0.02485	0.01448	0.00808	0.01063	0.00307	0.01458	0.01036	0.00474	0.01334
55	0.03187	0.03835	0.02731	0.02427	0.02814	0.45998	0.01876	0.06222	0.02479	0.02488	0.01448	0.01814	0.01240	0.01137	0.01376	0.00284	0.16375	0.00670	0.00493	0.01105
56	0.01249	0.00971	0.01155	0.01236	0.01480	0.00878	0.00968	0.01550	0.02161	0.02730	0.13125	0.17413	0.32915	0.02477	0.01176	0.00356	0.00587	0.15863	0.00891	0.00821
57	0.01461	0.01185	0.01860	0.18057	0.02946	0.01419	0.01556	0.01874	0.01613	0.02247	0.02303	0.03392	0.02069	0.05465	0.46816	0.01201	0.02193	0.00965	0.00483	0.00896
58	0.01985	0.04223	0.46146	0.03049	0.04319	0.02245	0.18654	0.02996	0.02057	0.02996	0.01753	0.02146	0.01261	0.00868	0.00957	0.00304	0.01449	0.00814	0.00420	0.01359
59	0.01150	0.00909	0.01036	0.01105	0.01321	0.00795	0.00791	0.01384	0.02084	0.02629	0.13411	0.28948	0.36024	0.02538	0.01146	0.00339	0.00499	0.02203	0.00893	0.00795
60	0.02209	0.02090	0.03538	0.05315	0.54669	0.02085	0.02680	0.02727	0.02111	0.03010	0.02136	0.09096	0.01996	0.01064	0.00962	0.00291	0.01060	0.01035	0.00510	0.01417
61	0.02460	0.02479	0.03705	0.05433	0.54833	0.08677	0.02781	0.02986	0.02203	0.02999	0.01740	0.02267	0.01464	0.00854	0.00925	0.00276	0.01182	0.00816	0.00469	0.01451
62	0.02202	0.02630	0.10625	0.04205	0.22112	0.02387	0.27157	0.02876	0.02071	0.02934	0.01752	0.02354	0.01399	0.00936	0.01302	0.00317	0.10017	0.00944	0.00457	0.01322
63	0.01480	0.01025	0.01135	0.01069	0.01415	0.00874	0.00815	0.01765	0.02291	0.08997	0.17095	0.08129	0.46147	0.02185	0.01097	0.00312	0.00507	0.01834	0.00933	0.00897

[dist]
# distance from previous block
# <min> <max>
0	8

[block]
# block no. 5 follows, 17 sequences, length 29
# corresponding to MSA columns:
# 349-377
name=unknown_F
#
# <colnr> <probs for GDERKNQSTAVLIFYWHMCP>
#	G	D	E	R	K	N	Q	S	T	A	V	L	I	F	Y	W	H	M	C	P
0	0.10732	0.02579	0.17478	0.01972	0.02810	0.01881	0.01962	0.12035	0.02618	0.25915	0.02838	0.03299	0.02091	0.01202	0.00930	0.00306	0.00989	0.06104	0.00843	0.01415
1	0.02620	0.61233	0.04718	0.01694	0.02469	0.09571	0.01634	0.02916	0.01991	0.02227	0.01325	0.01531	0.01211	0.00823	0.00629	0.00206	0.01077	0.00514	0.00412	0.01199
2	0.02334	0.02241	0.03828	0.05788	0.60977	0.02241	0.02894	0.02894	0.02147	0.03081	0.01774	0.02334	0.01494	0.00840	0.00934	0.00280	0.01120	0.00840	0.00467	0.01494
3	0.22348	0.01929	0.02141	0.01689	0.02386	0.01973	0.01394	0.17776	0.02855	0.32194	0.02711	0.02524	0.01800	0.01081	0.00851	0.00290	0.00844	0.00807	0.00956	0.01451
4	0.01368	0.00929	0.01105	0.01105	0.01131	0.00956	0.00666	0.01420	0.01394	0.01885	0.02902	0.05786	0.03261	0.57528	0.13902	0.01008	0.01166	0.01315	0.00561	0.00614
5	0.03528	0.04333	0.02686	0.02407	0.02916	0.57843	0.01819	0.08467	0.02825	0.02624	0.01528	0.01750	0.01249	0.00986	0.00858	0.00246	0.01643	0.00628	0.00526	0.01138
6	0.03585	0.02641	0.02830	0.02170	0.02924	0.02924	0.01792	0.57832	0.04434	0.05943	0.02264	0.02264	0.01604	0.01132	0.00943	0.00283	0.01038	0.00849	0.00943	0.01604
7	0.01149	0.00821	0.01094	0.01313	0.01368	0.00766	0.00875	0.01313	0.01805	0.02407	0.05198	0.66244	0.06237	0.02954	0.01204	0.00383	0.00547	0.02681	0.00875	0.00766
8	0.03268	0.02394	0.02129	0.01791	0.02336	0.17434	0.01412	0.13723	0.05711	0.19871	0.02728	0.02733	0.01958	0.01101	0.00857	0.00263	0.00991	0.00832	0.17167	0.01302
9	0.03523	0.04494	0.02672	0.02429	0.02915	0.63073	0.01822	0.03766	0.02672	0.02308	0.01458	0.01701	0.01215	0.00972	0.00850	0.00243	0.01701	0.00607	0.00486	0.01093
10	0.02334	0.02241	0.03828	0.05788	0.60977	0.02241	0.02894	0.02894	0.02147	0.03081	0.01774	0.02334	0.01494	0.00840	0.00934	0.00280	0.01120	0.00840	0.00467	0.01494
11	0.02521	0.67426	0.04942	0.01614	0.02420	0.03731	0.01614	0.02824	0.01916	0.02219	0.01311	0.01513	0.01210	0.00807	0.00605	0.00202	0.01008	0.00504	0.00403	0.01210
12	0.01262	0.00868	0.01061	0.01169	0.01196	0.00841	0.00721	0.01343	0.01585	0.02114	0.04068	0.35766	0.04812	0.35376	0.03028	0.00653	0.00733	0.02016	0.00721	0.00667
13	0.21550	0.01533	0.01655	0.01398	0.01966	0.01511	0.01127	0.03319	0.07189	0.26307	0.04592	0.04299	0.16986	0.01413	0.00896	0.00301	0.00695	0.01110	0.00920	0.01234
14	0.01849	0.01735	0.02776	0.21811	0.29197	0.01817	0.02239	0.02345	0.02071	0.02743	0.03798	0.04166	0.17019	0.01279	0.00984	0.00300	0.00991	0.01143	0.00561	0.01178
15	0.01617	0.01316	0.01777	0.15895	0.02757	0.04425	0.01461	0.02032	0.01728	0.02447	0.02362	0.03304	0.02058	0.04456	0.36281	0.00980	0.01877	0.00931	0.11389	0.00907
16	0.01425	0.00963	0.01279	0.01279	0.01413	0.01058	0.00932	0.01693	0.01559	0.02328	0.02736	0.04305	0.02643	0.21371	0.37238	0.01135	0.01748	0.01080	0.13035	0.00779
17	0.01187	0.00958	0.01055	0.01031	0.01318	0.00827	0.00773	0.01493	0.02320	0.02951	0.26216	0.08411	0.43679	0.02238	0.01114	0.00311	0.00467	0.01897	0.00929	0.00827
18	0.02262	0.02639	0.12176	0.05192	0.48034	0.02246	0.07778	0.02918	0.02132	0.03062	0.01774	0.02304	0.01446	0.00844	0.00944	0.00286	0.01200	0.00844	0.00458	0.01460
19	0.08181	0.03882	0.02493	0.02238	0.02719	0.49104	0.01692	0.08263	0.02649	0.02710	0.01532	0.01823	0.01266	0.01146	0.01046	0.05495	0.01512	0.00637	0.00527	0.01084
20	0.02164	0.01449	0.01472	0.01338	0.01674	0.07110	0.00992	0.02392	0.02158	0.15941	0.08412	0.06226	0.20959	0.18499	0.02006	0.00462	0.00803	0.04146	0.00835	0.00962
21	0.02050	0.02215	0.07875	0.03517	0.18589	0.01982	0.20369	0.02642	0.02052	0.02972	0.02219	0.08721	0.01974	0.01101	0.01114	0.00296	0.05329	0.01080	0.06738	0.07166
22	0.02485	0.03343	0.29503	0.03240	0.18227	0.02151	0.02751	0.06953	0.07322	0.11554	0.02225	0.02403	0.01607	0.00969	0.00922	0.00294	0.01160	0.00811	0.00609	0.01472
23	0.02484	0.03406	0.27194	0.03226	0.17251	0.02410	0.02722	0.17614	0.07704	0.03873	0.02051	0.02279	0.01522	0.00979	0.00923	0.00292	0.01177	0.00804	0.00608	0.01482
24	0.02260	0.04026	0.34313	0.03248	0.09697	0.11514	0.15543	0.03104	0.02164	0.02900	0.01714	0.02107	0.01281	0.00879	0.00942	0.00293	0.01458	0.00792	0.00436	0.01330
25	0.02099	0.01857	0.02650	0.11388	0.22001	0.01869	0.01991	0.05752	0.09220	0.03192	0.02809	0.03583	0.05823	0.01148	0.00933	0.00276	0.00936	0.05561	0.00628	0.16284
26	0.09143	0.02023	0.03343	0.25440	0.33230	0.02187	0.05742	0.02723	0.02008	0.02960	0.01703	0.02329	0.01362	0.00876	0.00913	0.00295	0.01156	0.00823	0.00462	0.01281
27	0.02138	0.12589	0.10724	0.01779	0.02337	0.16437	0.01601	0.02683	0.05246	0.02892	0.18209	0.06850	0.09946	0.01444	0.00938	0.00277	0.00989	0.01158	0.00690	0.01074
28	0.09200	0.01978	0.01987	0.02084	0.10260	0.08741	0.01403	0.13669	0.02628	0.03463	0.05208	0.05126	0.27375	0.01599	0.00971	0.00294	0.00850	0.01287	0.00759	0.01118

[dist]
# distance from previous block
# <min> <max>
4	29

[block]
# block no. 6 follows, 17 sequences, length 9
# corresponding to MSA columns:
# 407-415
name=unknown_G
#
# <colnr> <probs for GDERKNQSTAVLIFYWHMCP>
#	G	D	E	R	K	N	Q	S	T	A	V	L	I	F	Y	W	H	M	C	P
0	0.02364	0.19363	0.16079	0.02980	0.17500	0.12474	0.02286	0.02908	0.02204	0.02800	0.08517	0.02506	0.02186	0.00994	0.00851	0.00260	0.01167	0.00789	0.00507	0.01264
1	0.01795	0.01940	0.08668	0.03099	0.20568	0.01825	0.02044	0.02220	0.01812	0.02612	0.02553	0.16220	0.02603	0.02654	0.13471	0.00568	0.12434	0.01250	0.00545	0.01120
2	0.02578	0.02814	0.03648	0.07651	0.24123	0.17610	0.14160	0.03361	0.09023	0.02934	0.01961	0.02370	0.01559	0.00922	0.00955	0.00286	0.01331	0.00867	0.00529	0.01318
3	0.02903	0.19562	0.03294	0.15524	0.03559	0.28793	0.01937	0.08853	0.02496	0.02685	0.01551	0.01886	0.01263	0.00941	0.00818	0.00252	0.01362	0.00656	0.00498	0.01166
4	0.02204	0.30891	0.22713	0.02175	0.02967	0.03025	0.02327	0.02736	0.01821	0.02478	0.01415	0.01805	0.01212	0.01048	0.01326	0.00286	0.17297	0.00647	0.00404	0.01224
5	0.02337	0.02186	0.03400	0.04813	0.46223	0.02267	0.02541	0.03428	0.16548	0.03299	0.02294	0.02633	0.01843	0.00951	0.00940	0.00290	0.01026	0.00897	0.00591	0.01493
6	0.01347	0.01010	0.01516	0.01516	0.01684	0.01179	0.01179	0.01684	0.01516	0.02189	0.02526	0.03705	0.02357	0.07072	0.63122	0.01516	0.02526	0.01010	0.00505	0.00842
7	0.01718	0.01715	0.01462	0.01459	0.01737	0.14222	0.01097	0.01965	0.02110	0.02428	0.05687	0.13672	0.26047	0.06595	0.07754	0.00483	0.01029	0.07231	0.00734	0.00855
8	0.02685	0.02732	0.03088	0.08562	0.27316	0.17422	0.02233	0.09488	0.02502	0.03171	0.01731	0.02130	0.01405	0.00896	0.00883	0.00255	0.01210	0.00745	0.00537	0.11011

[dist]
# distance from previous block
# <min> <max>
0	1

[block]
# block no. 7 follows, 17 sequences, length 45
# corresponding to MSA columns:
# 417-461
name=unknown_H
#
# <colnr> <probs for GDERKNQSTAVLIFYWHMCP>
#	G	D	E	R	K	N	Q	S	T	A	V	L	I	F	Y	W	H	M	C	P
0	0.02195	0.11560	0.10847	0.08695	0.04636	0.02525	0.39861	0.02938	0.02131	0.02856	0.01785	0.02346	0.01362	0.00819	0.01007	0.00300	0.01463	0.00965	0.00454	0.01256
1	0.03312	0.10009	0.02771	0.02154	0.02719	0.39180	0.01690	0.12133	0.02842	0.06855	0.02287	0.02386	0.05491	0.01093	0.00866	0.00254	0.01381	0.00755	0.00623	0.01199
2	0.02765	0.03005	0.02139	0.01944	0.02318	0.34294	0.01449	0.08361	0.02436	0.02673	0.02041	0.02856	0.01842	0.11926	0.09952	0.00522	0.01529	0.00825	0.06111	0.01013
3	0.02136	0.13209	0.30197	0.03417	0.19343	0.02500	0.05318	0.02880	0.01989	0.02841	0.01630	0.02044	0.01293	0.00924	0.01050	0.00289	0.06424	0.00736	0.00422	0.01359
4	0.02225	0.02309	0.03539	0.03832	0.25374	0.09646	0.16453	0.02780	0.02354	0.03129	0.15325	0.03396	0.03152	0.01096	0.01011	0.00289	0.01159	0.01081	0.00604	0.01246
5	0.01824	0.01203	0.01440	0.01408	0.01629	0.01215	0.01039	0.05810	0.06443	0.07420	0.04064	0.12573	0.06865	0.28083	0.02606	0.00585	0.00831	0.13282	0.00787	0.00893
6	0.02179	0.02022	0.03042	0.04219	0.38979	0.02079	0.02270	0.03211	0.16072	0.03222	0.03285	0.03496	0.09486	0.01148	0.00963	0.00295	0.00946	0.01044	0.00640	0.01403
7	0.01978	0.03490	0.34317	0.03127	0.16719	0.02085	0.02801	0.03079	0.09864	0.03095	0.02785	0.02982	0.07391	0.01084	0.00935	0.00299	0.01151	0.00909	0.00538	0.01371
8	0.18644	0.01932	0.02534	0.06909	0.22938	0.02125	0.01911	0.03264	0.16740	0.03441	0.02271	0.02603	0.01815	0.01587	0.07035	0.00418	0.01081	0.00839	0.00622	0.01292
9	0.03185	0.03648	0.02527	0.02263	0.02781	0.41246	0.01724	0.07897	0.19230	0.03037	0.02205	0.02268	0.01725	0.01072	0.00888	0.00268	0.01377	0.00757	0.00655	0.01245
10	0.02599	0.03219	0.11450	0.04444	0.37286	0.18916	0.02681	0.03146	0.02270	0.02856	0.01676	0.02113	0.01376	0.00884	0.00906	0.00272	0.01317	0.00757	0.00463	0.01370
11	0.03248	0.21753	0.03295	0.02206	0.02780	0.46799	0.01765	0.03507	0.02465	0.02283	0.01417	0.01649	0.01213	0.00927	0.00783	0.00232	0.01511	0.00579	0.00463	0.01125
12	0.01500	0.01199	0.01328	0.01263	0.01549	0.01211	0.00927	0.02304	0.15284	0.02984	0.17357	0.06622	0.23888	0.13594	0.04454	0.00472	0.00700	0.01566	0.00859	0.00939
13	0.02017	0.02065	0.02734	0.16699	0.03490	0.10404	0.07425	0.02420	0.01811	0.02360	0.01789	0.02616	0.01565	0.02796	0.18556	0.00660	0.18244	0.00878	0.00456	0.01016
14	0.01149	0.00821	0.01094	0.01313	0.01368	0.00766	0.00875	0.01313	0.01805	0.02407	0.05198	0.66244	0.06237	0.02954	0.01204	0.00383	0.00547	0.02681	0.00875	0.00766
15	0.01371	0.00914	0.01029	0.01029	0.01029	0.00914	0.00571	0.01371	0.01371	0.01828	0.02971	0.06171	0.03428	0.66859	0.04800	0.00914	0.00914	0.01371	0.00571	0.00571
16	0.01200	0.00842	0.01079	0.01247	0.01289	0.00800	0.00805	0.01327	0.01705	0.02274	0.04683	0.52371	0.05588	0.17712	0.02034	0.00506	0.00632	0.02378	0.00805	0.00721
17	0.01886	0.01380	0.01526	0.01351	0.01639	0.01426	0.00979	0.16038	0.02419	0.03191	0.07679	0.05667	0.15398	0.28132	0.06686	0.00626	0.00932	0.01364	0.00757	0.00924
18	0.01867	0.01774	0.02512	0.02212	0.02259	0.02420	0.01821	0.02109	0.01464	0.02247	0.01591	0.02513	0.01545	0.03137	0.19556	0.00715	0.47964	0.00876	0.00438	0.00980
19	0.01149	0.00821	0.01094	0.01313	0.01368	0.00766	0.00875	0.01313	0.01805	0.02407	0.05198	0.66244	0.06237	0.02954	0.01204	0.00383	0.00547	0.02681	0.00875	0.00766
20	0.03438	0.10315	0.02934	0.02288	0.02868	0.43291	0.01794	0.16157	0.03004	0.03139	0.01629	0.01812	0.01304	0.00992	0.00847	0.00248	0.01479	0.00653	0.00583	0.01223
21	0.02114	0.03371	0.26120	0.03682	0.10182	0.02299	0.32257	0.02996	0.02132	0.03014	0.01815	0.02320	0.01350	0.00837	0.01015	0.00307	0.01471	0.00933	0.00447	0.01339
22	0.01149	0.00821	0.01094	0.01313	0.01368	0.00766	0.00875	0.01313	0.01805	0.02407	0.05198	0.66244	0.06237	0.02954	0.01204	0.00383	0.00547	0.02681	0.00875	0.00766
23	0.01891	0.04878	0.61973	0.02688	0.04081	0.02190	0.03484	0.02986	0.01991	0.02986	0.01692	0.01991	0.01195	0.00896	0.00896	0.00299	0.01394	0.00697	0.00398	0.01394
24	0.02287	0.02955	0.17201	0.04916	0.45135	0.05061	0.02980	0.02956	0.02136	0.03023	0.01740	0.02225	0.01412	0.00859	0.00921	0.00283	0.01210	0.00796	0.00452	0.01452
25	0.03030	0.02137	0.02301	0.01833	0.02429	0.02348	0.01494	0.41647	0.03693	0.05159	0.02467	0.02639	0.01836	0.01477	0.04573	0.00342	0.00988	0.00866	0.17348	0.01391
26	0.01883	0.01433	0.01596	0.01419	0.01825	0.01430	0.01131	0.17000	0.02898	0.03791	0.18861	0.06893	0.27001	0.01959	0.01086	0.00315	0.00662	0.06838	0.00931	0.01046
27	0.01433	0.00994	0.01439	0.01462	0.01541	0.01111	0.01073	0.01510	0.01506	0.02101	0.02870	0.19541	0.03074	0.04526	0.25930	0.20617	0.06608	0.01376	0.00567	0.00719
28	0.02947	0.02156	0.02768	0.02997	0.18603	0.02288	0.01928	0.16558	0.21381	0.13919	0.02889	0.02852	0.02112	0.01106	0.00947	0.00296	0.00926	0.00934	0.00856	0.01538
29	0.01371	0.00914	0.01029	0.01029	0.01029	0.00914	0.00571	0.01371	0.01371	0.01828	0.02971	0.06171	0.03428	0.66859	0.04800	0.00914	0.00914	0.01371	0.00571	0.00571
30	0.02008	0.01732	0.01810	0.01655	0.02129	0.01921	0.01280	0.04008	0.43608	0.03562	0.05405	0.05042	0.18706	0.01583	0.01002	0.00319	0.00673	0.01320	0.00937	0.01302
31	0.02463	0.02730	0.02829	0.02463	0.02596	0.19393	0.01997	0.02680	0.01781	0.02280	0.01298	0.01964	0.01232	0.01464	0.02479	0.00366	0.47738	0.00765	0.00433	0.01048
32	0.01371	0.00914	0.01029	0.01029	0.01029	0.00914	0.00571	0.01371	0.01371	0.01828	0.02971	0.06171	0.03428	0.66859	0.04800	0.00914	0.00914	0.01371	0.00571	0.00571
33	0.01758	0.00879	0.00879	0.00879	0.01099	0.00879	0.00659	0.02197	0.01978	0.03516	0.03076	0.03516	0.02417	0.01099	0.00659	0.00220	0.00439	0.00879	0.72094	0.00879
34	0.01927	0.01767	0.02648	0.48359	0.05448	0.02160	0.02327	0.03083	0.16750	0.02807	0.02236	0.02774	0.01677	0.01030	0.00947	0.00316	0.01125	0.00897	0.00559	0.01163
35	0.03291	0.19027	0.03196	0.02241	0.02801	0.49370	0.01774	0.03548	0.02498	0.02287	0.01424	0.01657	0.01214	0.00934	0.00794	0.00233	0.01541	0.00584	0.00467	0.01120
36	0.05932	0.01207	0.01477	0.01373	0.01781	0.01103	0.01119	0.02489	0.02336	0.18703	0.12689	0.07213	0.22759	0.01974	0.01085	0.00334	0.00664	0.13753	0.00956	0.01053
37	0.03585	0.02641	0.02830	0.02170	0.02924	0.02924	0.01792	0.57832	0.04434	0.05943	0.02264	0.02264	0.01604	0.01132	0.00943	0.00283	0.01038	0.00849	0.00943	0.01604
38	0.02669	0.02689	0.02118	0.01892	0.02292	0.23791	0.01399	0.10778	0.15627	0.03051	0.02533	0.03423	0.02259	0.19133	0.01971	0.00450	0.01174	0.00956	0.00681	0.01112
39	0.01877	0.02234	0.09650	0.17319	0.04502	0.01978	0.28292	0.02538	0.02041	0.02755	0.02483	0.15076	0.02317	0.01266	0.01070	0.00328	0.01287	0.01318	0.00535	0.01132
40	0.02004	0.01790	0.02274	0.02715	0.18178	0.01891	0.01664	0.03425	0.27904	0.03324	0.04843	0.04721	0.18365	0.01464	0.00995	0.00309	0.00775	0.01258	0.00801	0.01301
41	0.02008	0.01544	0.01953	0.01710	0.01978	0.01825	0.01378	0.10622	0.02079	0.03147	0.02227	0.02908	0.01907	0.02986	0.19779	0.00657	0.17920	0.00880	0.17083	0.05408
42	0.10881	0.02091	0.02077	0.01759	0.02303	0.08055	0.01385	0.06109	0.16901	0.03383	0.02432	0.07306	0.02088	0.01191	0.01058	0.00269	0.07219	0.00896	0.00689	0.21910
43	0.02345	0.36112	0.19087	0.01898	0.02858	0.02881	0.02032	0.06775	0.02124	0.02822	0.01537	0.01761	0.01264	0.00836	0.00720	0.00223	0.01061	0.00588	0.00466	0.12610
44	0.12197	0.02419	0.02046	0.01709	0.02319	0.17492	0.01325	0.08167	0.02321	0.03238	0.02053	0.09617	0.01903	0.01109	0.00807	0.00231	0.00978	0.00850	0.00620	0.28601

[dist]
# distance from previous block
# <min> <max>
0	3

[block]
# block no. 8 follows, 17 sequences, length 10
# corresponding to MSA columns:
# 465-474
name=unknown_I
#
# <colnr> <probs for GDERKNQSTAVLIFYWHMCP>
#	G	D	E	R	K	N	Q	S	T	A	V	L	I	F	Y	W	H	M	C	P
0	0.08401	0.03044	0.05905	0.05372	0.02634	0.30569	0.01625	0.03208	0.05869	0.02898	0.02158	0.02739	0.01790	0.01093	0.00828	0.00265	0.01207	0.03675	0.15649	0.01072
1	0.01925	0.01985	0.01599	0.01498	0.01901	0.15109	0.01135	0.02698	0.14819	0.02801	0.06481	0.06200	0.34589	0.01827	0.01021	0.00302	0.00811	0.01477	0.00807	0.01016
2	0.09588	0.01497	0.01850	0.01666	0.01905	0.01792	0.01341	0.05510	0.01900	0.02854	0.07116	0.04255	0.14743	0.03103	0.17583	0.00647	0.19918	0.01145	0.00628	0.00959
3	0.21702	0.01483	0.01541	0.01474	0.01823	0.01595	0.01109	0.13646	0.02305	0.03659	0.03503	0.34822	0.03815	0.01994	0.00977	0.00337	0.00701	0.01693	0.00809	0.01013
4	0.03231	0.22843	0.03334	0.02192	0.02771	0.45771	0.01761	0.03491	0.02452	0.02282	0.01415	0.01646	0.01213	0.00924	0.00779	0.00231	0.01499	0.00577	0.00462	0.01127
5	0.02211	0.01678	0.01901	0.01692	0.02120	0.01754	0.01291	0.21185	0.10215	0.03876	0.03696	0.30321	0.03773	0.01907	0.01037	0.00318	0.00754	0.01650	0.00881	0.07740
6	0.01556	0.01425	0.02607	0.02170	0.02522	0.01344	0.20149	0.01906	0.01871	0.02513	0.03679	0.33819	0.04098	0.13602	0.01813	0.00455	0.00968	0.01913	0.00685	0.00904
7	0.01970	0.12657	0.54880	0.02554	0.03875	0.02382	0.03252	0.02966	0.01982	0.02891	0.01645	0.01931	0.01197	0.00885	0.00860	0.00287	0.01346	0.00673	0.00399	0.01371
8	0.02590	0.02962	0.04339	0.04079	0.19930	0.17966	0.28072	0.03177	0.02319	0.02854	0.01755	0.02269	0.01393	0.00853	0.00996	0.00288	0.01488	0.00907	0.00476	0.01287
9	0.23419	0.02743	0.02796	0.03532	0.27653	0.19048	0.02051	0.03100	0.02134	0.03202	0.01552	0.01925	0.01279	0.00887	0.00808	0.00273	0.01167	0.00680	0.00506	0.01245

[dist]
# distance from previous block
# <min> <max>
0	41

# created by:
# /home/cegg/simao/soft/augustus-3.2.1/scripts/msa2prfl.pl ./align_prep/10701.fa
