[name]
unknown

[dist]
# distance from previous block
# <min> <max>
0	9

[block]
# block no. 0 follows, 21 sequences, length 10
# corresponding to MSA columns:
# 9-18
name=unknown_A
#
# <colnr> <probs for GDERKNQSTAVLIFYWHMCP>
#	G	D	E	R	K	N	Q	S	T	A	V	L	I	F	Y	W	H	M	C	P
0	0.01856	0.01415	0.01691	0.01477	0.01931	0.01352	0.01209	0.15299	0.02395	0.03325	0.10686	0.09586	0.03537	0.01508	0.00919	0.00267	0.00705	0.17953	0.00739	0.22149
1	0.01255	0.01481	0.12985	0.01522	0.01835	0.01009	0.01388	0.01627	0.01754	0.02375	0.04057	0.40020	0.04584	0.02235	0.01061	0.00345	0.00717	0.18220	0.00709	0.00822
2	0.17110	0.08303	0.02425	0.10261	0.02695	0.22465	0.01635	0.02619	0.01765	0.02425	0.01248	0.01673	0.01072	0.01013	0.01270	0.00275	0.19756	0.00603	0.00424	0.00962
3	0.02065	0.11531	0.17998	0.02519	0.13870	0.16439	0.04545	0.02550	0.01987	0.02414	0.02761	0.02935	0.12784	0.01048	0.00817	0.00248	0.01087	0.00843	0.00471	0.01088
4	0.01916	0.17993	0.31350	0.08387	0.14822	0.02293	0.06663	0.02606	0.01814	0.02518	0.01478	0.01834	0.01150	0.00779	0.00775	0.00250	0.01138	0.00652	0.00378	0.01204
5	0.02642	0.47046	0.03707	0.01661	0.02305	0.20470	0.01491	0.02905	0.01971	0.06978	0.01389	0.01531	0.01173	0.00794	0.00631	0.00199	0.01066	0.00512	0.00438	0.01091
6	0.02632	0.01918	0.02088	0.01698	0.02216	0.02094	0.01363	0.42698	0.06107	0.04556	0.06265	0.11687	0.02525	0.01294	0.00873	0.00266	0.00790	0.01050	0.06631	0.01249
7	0.02108	0.02060	0.03144	0.04564	0.53302	0.05623	0.02359	0.02719	0.06385	0.02771	0.02099	0.02480	0.04842	0.00869	0.00849	0.00255	0.00985	0.00817	0.00474	0.01293
8	0.11571	0.02269	0.02520	0.13181	0.24112	0.17398	0.01938	0.02623	0.01946	0.02630	0.01708	0.02522	0.01498	0.00934	0.00803	0.00256	0.01072	0.05612	0.00467	0.04940
9	0.01156	0.00791	0.00952	0.01033	0.01053	0.00770	0.00628	0.01216	0.01397	0.01863	0.03501	0.31661	0.04128	0.42590	0.03008	0.00629	0.00690	0.01720	0.00628	0.00587

[dist]
# distance from previous block
# <min> <max>
0	10

[block]
# block no. 1 follows, 21 sequences, length 65
# corresponding to MSA columns:
# 29-93
name=unknown_B
#
# <colnr> <probs for GDERKNQSTAVLIFYWHMCP>
#	G	D	E	R	K	N	Q	S	T	A	V	L	I	F	Y	W	H	M	C	P
0	0.01207	0.00867	0.01124	0.01062	0.01250	0.00804	0.00785	0.01583	0.02335	0.03302	0.60457	0.06307	0.07719	0.06039	0.01213	0.00303	0.00428	0.01520	0.00910	0.00785
1	0.02660	0.03293	0.02041	0.01875	0.02277	0.50917	0.01406	0.02878	0.02299	0.02134	0.03061	0.03125	0.16230	0.01182	0.00824	0.00236	0.01271	0.00846	0.00523	0.00923
2	0.01037	0.00741	0.00987	0.01185	0.01234	0.00691	0.00790	0.01185	0.01629	0.02172	0.04690	0.69537	0.05629	0.02666	0.01086	0.00346	0.00494	0.02419	0.00790	0.00691
3	0.01037	0.00741	0.00987	0.01185	0.01234	0.00691	0.00790	0.01185	0.01629	0.02172	0.04690	0.69537	0.05629	0.02666	0.01086	0.00346	0.00494	0.02419	0.00790	0.00691
4	0.01893	0.14736	0.29604	0.02632	0.03602	0.02225	0.24632	0.02631	0.01893	0.02622	0.04432	0.02119	0.01480	0.00804	0.00846	0.00261	0.01225	0.00781	0.00413	0.01167
5	0.01529	0.01507	0.01242	0.01163	0.01504	0.11952	0.00883	0.05879	0.02165	0.02479	0.06927	0.06636	0.49329	0.01860	0.00955	0.00274	0.00652	0.01513	0.00735	0.00815
6	0.02338	0.02462	0.03229	0.04567	0.51329	0.16018	0.02402	0.02782	0.02040	0.02629	0.01539	0.01983	0.01293	0.00784	0.00826	0.00245	0.01124	0.00713	0.00425	0.01270
7	0.02426	0.02082	0.02870	0.03550	0.33781	0.02216	0.02059	0.19694	0.15789	0.03675	0.02128	0.02320	0.01646	0.00918	0.00850	0.00261	0.00917	0.00805	0.00638	0.01376
8	0.01630	0.01536	0.02594	0.65184	0.08546	0.01897	0.02375	0.02194	0.01712	0.02202	0.01517	0.02261	0.01144	0.00847	0.00850	0.00282	0.01129	0.00756	0.00380	0.00964
9	0.02881	0.03430	0.02275	0.02063	0.02513	0.48539	0.01561	0.03714	0.19502	0.02498	0.01919	0.01995	0.01518	0.00955	0.00795	0.00239	0.01293	0.00664	0.00559	0.01088
10	0.01707	0.04402	0.65683	0.02426	0.03683	0.01976	0.03144	0.02695	0.01797	0.02695	0.01527	0.01797	0.01078	0.00809	0.00809	0.00270	0.01258	0.00629	0.00359	0.01258
11	0.01944	0.01234	0.01383	0.01227	0.01649	0.01181	0.00959	0.02713	0.16772	0.17671	0.06126	0.05722	0.34704	0.01652	0.00936	0.00282	0.00559	0.01371	0.00871	0.01044
12	0.01517	0.01103	0.01281	0.01256	0.01574	0.01062	0.01019	0.05525	0.07146	0.06496	0.09003	0.07413	0.31600	0.01976	0.01026	0.00314	0.00601	0.18386	0.00821	0.00881
13	0.01811	0.01668	0.01531	0.01504	0.01797	0.15198	0.01199	0.02253	0.05496	0.05066	0.18748	0.06294	0.11784	0.01746	0.00996	0.00301	0.00803	0.20162	0.00762	0.00880
14	0.02002	0.02275	0.04905	0.03521	0.04341	0.02174	0.58802	0.02693	0.01975	0.02693	0.01692	0.02275	0.01283	0.00755	0.01091	0.00291	0.04677	0.00992	0.00428	0.01137
15	0.01987	0.01900	0.03239	0.20233	0.50706	0.01991	0.02552	0.02507	0.01881	0.02635	0.01580	0.02145	0.01297	0.00780	0.00844	0.00260	0.01040	0.00758	0.00411	0.01252
16	0.01998	0.01912	0.03259	0.18823	0.52029	0.01994	0.02558	0.02517	0.01887	0.02649	0.01582	0.02141	0.01302	0.00778	0.00844	0.00259	0.01038	0.00758	0.00412	0.01261
17	0.02279	0.02599	0.02945	0.02715	0.10297	0.26041	0.15993	0.02668	0.01976	0.02296	0.01646	0.02193	0.01397	0.02047	0.15212	0.00496	0.04978	0.00771	0.00435	0.01017
18	0.01006	0.00862	0.00862	0.00862	0.01149	0.00718	0.00647	0.01221	0.01940	0.02299	0.08621	0.08190	0.64438	0.02155	0.01006	0.00287	0.00431	0.01796	0.00790	0.00718
19	0.01348	0.01078	0.01549	0.06055	0.01877	0.01290	0.01207	0.01725	0.03966	0.02134	0.02474	0.11871	0.02423	0.04498	0.40531	0.00948	0.09813	0.01079	0.03324	0.00809
20	0.01326	0.01004	0.01143	0.01094	0.01211	0.01049	0.00733	0.01663	0.07980	0.02148	0.09392	0.05607	0.13702	0.40918	0.03006	0.00599	0.04808	0.01301	0.00629	0.00689
21	0.01185	0.00832	0.01076	0.01143	0.01204	0.00854	0.00774	0.01322	0.01420	0.01926	0.03251	0.23003	0.03673	0.32127	0.18149	0.00796	0.01078	0.04953	0.00593	0.00639
22	0.01027	0.00780	0.00947	0.01080	0.01207	0.00700	0.00743	0.01197	0.01730	0.02213	0.05967	0.49618	0.24724	0.02500	0.01060	0.00327	0.00473	0.02217	0.00790	0.00700
23	0.01029	0.00770	0.00958	0.01108	0.01214	0.00698	0.00756	0.01194	0.01703	0.02203	0.05630	0.54880	0.19679	0.02544	0.01067	0.00332	0.00479	0.02270	0.00790	0.00698
24	0.02977	0.03674	0.02608	0.02762	0.14312	0.54524	0.01826	0.03250	0.02323	0.02214	0.01369	0.01642	0.01144	0.00855	0.00781	0.00226	0.01436	0.00588	0.00435	0.01055
25	0.30537	0.02706	0.17315	0.02483	0.15960	0.09788	0.01934	0.05112	0.01858	0.03179	0.01408	0.01683	0.01094	0.00807	0.00705	0.00257	0.00995	0.00588	0.00467	0.01124
26	0.02043	0.22399	0.17229	0.03136	0.21156	0.02450	0.11621	0.02602	0.01828	0.02493	0.01460	0.01844	0.01196	0.00789	0.00869	0.00247	0.04364	0.00681	0.00391	0.01203
27	0.08267	0.01623	0.09457	0.01563	0.04946	0.01363	0.01270	0.02324	0.14031	0.02827	0.11607	0.08829	0.13873	0.10055	0.01329	0.00355	0.00699	0.03942	0.00693	0.00948
28	0.01774	0.04001	0.55213	0.02896	0.13964	0.01984	0.03055	0.02681	0.01820	0.02709	0.01540	0.01849	0.01123	0.00800	0.00814	0.00267	0.01216	0.00651	0.00370	0.01273
29	0.02588	0.02043	0.02833	0.03729	0.38206	0.09146	0.02087	0.03010	0.02113	0.17707	0.02195	0.02760	0.01752	0.00955	0.00861	0.00261	0.00986	0.04877	0.00601	0.01291
30	0.03225	0.01376	0.01784	0.01420	0.02003	0.01222	0.01156	0.03681	0.06649	0.50393	0.04251	0.03807	0.12629	0.01246	0.00882	0.00269	0.00671	0.01022	0.00996	0.01318
31	0.01862	0.01862	0.02607	0.02234	0.02234	0.02607	0.01862	0.02048	0.01303	0.02048	0.01117	0.01862	0.01117	0.01489	0.02793	0.00372	0.68535	0.00745	0.00372	0.00931
32	0.08851	0.02341	0.20658	0.02489	0.17303	0.01593	0.01969	0.02570	0.01931	0.12750	0.03341	0.03392	0.15008	0.01125	0.00841	0.00268	0.00879	0.00933	0.00594	0.01162
33	0.02636	0.02454	0.02196	0.01876	0.02238	0.21759	0.01493	0.16921	0.02423	0.05961	0.01786	0.02077	0.01417	0.01086	0.01246	0.00263	0.17167	0.00703	0.13227	0.01072
34	0.01006	0.00862	0.00862	0.00862	0.01149	0.00718	0.00647	0.01221	0.01940	0.02299	0.08621	0.08190	0.64438	0.02155	0.01006	0.00287	0.00431	0.01796	0.00790	0.00718
35	0.01586	0.00793	0.00793	0.00793	0.00991	0.00793	0.00595	0.01983	0.01785	0.03173	0.02776	0.03173	0.02181	0.00991	0.00595	0.00198	0.00397	0.00793	0.74817	0.00793
36	0.01617	0.01198	0.01559	0.14746	0.02354	0.01287	0.01201	0.11775	0.02003	0.02659	0.03454	0.21775	0.10259	0.05564	0.01435	0.10125	0.00737	0.01368	0.04055	0.00828
37	0.01269	0.00941	0.01232	0.01382	0.01593	0.00904	0.01172	0.01608	0.01940	0.02471	0.05497	0.11949	0.19156	0.02318	0.01131	0.00365	0.00686	0.42837	0.00785	0.00764
38	0.01037	0.00741	0.00987	0.01185	0.01234	0.00691	0.00790	0.01185	0.01629	0.02172	0.04690	0.69537	0.05629	0.02666	0.01086	0.00346	0.00494	0.02419	0.00790	0.00691
39	0.01607	0.01513	0.02552	0.68047	0.05861	0.01891	0.02363	0.02174	0.01702	0.02174	0.01513	0.02269	0.01134	0.00851	0.00851	0.00284	0.01134	0.00756	0.00378	0.00945
40	0.03179	0.04056	0.02412	0.02192	0.02631	0.66676	0.01644	0.03398	0.02412	0.02083	0.01315	0.01535	0.01096	0.00877	0.00767	0.00219	0.01535	0.00548	0.00438	0.00987
41	0.01759	0.08243	0.58336	0.02438	0.03640	0.02070	0.06592	0.02688	0.01805	0.02655	0.01518	0.01801	0.01092	0.00798	0.00805	0.00265	0.01248	0.00641	0.00364	0.01241
42	0.02351	0.02785	0.02052	0.05388	0.08121	0.37703	0.01472	0.02613	0.02191	0.02217	0.03535	0.03614	0.20052	0.01247	0.00850	0.00246	0.01136	0.00951	0.00539	0.00938
43	0.01201	0.01709	0.16388	0.01265	0.01772	0.01031	0.01265	0.01627	0.01971	0.02549	0.14721	0.06406	0.41408	0.01775	0.00958	0.00280	0.00624	0.01481	0.00708	0.00859
44	0.01744	0.01205	0.01423	0.01278	0.01461	0.01420	0.01020	0.06192	0.01818	0.02964	0.02620	0.03035	0.05609	0.01202	0.01245	0.00256	0.19271	0.00839	0.44526	0.00873
45	0.01731	0.07118	0.10148	0.02575	0.15782	0.01863	0.04815	0.02319	0.07400	0.02482	0.02433	0.18252	0.02432	0.01633	0.04294	0.00348	0.11633	0.01153	0.00533	0.01057
46	0.01507	0.01073	0.01301	0.01220	0.01502	0.01056	0.00936	0.02222	0.13006	0.07106	0.37605	0.08923	0.12998	0.01715	0.00983	0.00283	0.00496	0.04245	0.00900	0.00923
47	0.01550	0.00884	0.00969	0.00976	0.01169	0.00896	0.00721	0.05423	0.01866	0.03033	0.03123	0.17478	0.02880	0.01610	0.03830	0.00289	0.00539	0.01149	0.50808	0.00809
48	0.02604	0.02920	0.02909	0.06904	0.31677	0.30974	0.02129	0.05164	0.02215	0.02534	0.01485	0.01856	0.01228	0.00826	0.00810	0.00239	0.01249	0.00664	0.00443	0.01170
49	0.01605	0.01494	0.02274	0.03237	0.35805	0.01428	0.01717	0.01979	0.01939	0.02561	0.04798	0.04877	0.30079	0.01394	0.00917	0.00269	0.00747	0.01231	0.00589	0.01061
50	0.01037	0.00741	0.00987	0.01185	0.01234	0.00691	0.00790	0.01185	0.01629	0.02172	0.04690	0.69537	0.05629	0.02666	0.01086	0.00346	0.00494	0.02419	0.00790	0.00691
51	0.01013	0.00836	0.00889	0.00932	0.01168	0.00713	0.00678	0.01213	0.01873	0.02272	0.07770	0.21470	0.51708	0.02266	0.01023	0.00300	0.00445	0.01931	0.00790	0.00713
52	0.07548	0.08287	0.02430	0.13356	0.02935	0.05300	0.01565	0.18410	0.06226	0.22160	0.02260	0.02277	0.01576	0.00960	0.00800	0.00257	0.00902	0.00744	0.00743	0.01264
53	0.01095	0.00834	0.01229	0.01329	0.01427	0.00779	0.04441	0.01277	0.01652	0.02206	0.04512	0.65506	0.05369	0.02549	0.01081	0.00342	0.00550	0.02334	0.00768	0.00719
54	0.01586	0.00793	0.00793	0.00793	0.00991	0.00793	0.00595	0.01983	0.01785	0.03173	0.02776	0.03173	0.02181	0.00991	0.00595	0.00198	0.00397	0.00793	0.74817	0.00793
55	0.02836	0.03432	0.02499	0.02638	0.13401	0.48713	0.01754	0.03238	0.05996	0.02303	0.01801	0.02012	0.03878	0.00926	0.00796	0.00232	0.01345	0.00662	0.00476	0.01060
56	0.01926	0.26518	0.39417	0.02207	0.03249	0.02461	0.08011	0.02648	0.01794	0.02464	0.01429	0.01698	0.01103	0.00773	0.00738	0.00242	0.01157	0.00605	0.00368	0.01192
57	0.02469	0.01803	0.01984	0.01649	0.02097	0.01955	0.01287	0.40110	0.03101	0.04153	0.02753	0.18594	0.02645	0.09741	0.01327	0.00346	0.00817	0.01218	0.00796	0.01154
58	0.02264	0.02441	0.01839	0.01671	0.02090	0.26745	0.01274	0.05947	0.19177	0.02714	0.04044	0.03925	0.19723	0.01328	0.00867	0.00260	0.00950	0.01032	0.00678	0.01032
59	0.02450	0.01767	0.01962	0.01635	0.02068	0.01915	0.01274	0.38858	0.03027	0.04053	0.02636	0.17019	0.02507	0.07927	0.01400	0.05626	0.00816	0.01166	0.00773	0.01121
60	0.01106	0.00839	0.00971	0.01024	0.01179	0.00752	0.00693	0.01257	0.01656	0.02132	0.05425	0.31538	0.24746	0.16987	0.01739	0.00419	0.00551	0.01856	0.00716	0.04414
61	0.01810	0.01129	0.01404	0.01367	0.01645	0.01107	0.01042	0.07635	0.06564	0.12783	0.07280	0.33176	0.08640	0.02027	0.01013	0.00318	0.00611	0.08651	0.00850	0.00949
62	0.19706	0.01835	0.01401	0.01309	0.01560	0.16871	0.00917	0.02192	0.04106	0.02352	0.02028	0.03502	0.02075	0.34101	0.02425	0.00524	0.00948	0.00875	0.00514	0.00760
63	0.01616	0.01162	0.01339	0.01283	0.01481	0.01195	0.00905	0.15718	0.02102	0.02796	0.03688	0.32842	0.06697	0.20887	0.01923	0.00454	0.00688	0.01668	0.00729	0.00825
64	0.02453	0.02907	0.11788	0.03557	0.28853	0.17625	0.06495	0.10757	0.02313	0.02943	0.01590	0.01931	0.01260	0.00826	0.00832	0.00250	0.01191	0.00708	0.00475	0.01248

[dist]
# distance from previous block
# <min> <max>
1	4

[block]
# block no. 2 follows, 21 sequences, length 85
# corresponding to MSA columns:
# 98-182
name=unknown_C
#
# <colnr> <probs for GDERKNQSTAVLIFYWHMCP>
#	G	D	E	R	K	N	Q	S	T	A	V	L	I	F	Y	W	H	M	C	P
0	0.02287	0.11177	0.23216	0.02882	0.17180	0.20451	0.02338	0.02824	0.01969	0.02429	0.01423	0.01748	0.01149	0.00843	0.00879	0.00247	0.04773	0.00622	0.00397	0.01166
1	0.02941	0.03531	0.02586	0.02633	0.11828	0.49775	0.01800	0.06230	0.02355	0.02354	0.01383	0.01666	0.01153	0.00905	0.00909	0.00236	0.05600	0.00603	0.00453	0.01061
2	0.02538	0.18374	0.03247	0.06572	0.23165	0.20917	0.01956	0.08739	0.02219	0.02627	0.01462	0.01775	0.01215	0.00817	0.00754	0.00229	0.01137	0.00629	0.00454	0.01174
3	0.02376	0.26471	0.06112	0.02634	0.16492	0.20125	0.05256	0.02740	0.01993	0.02286	0.01762	0.02020	0.04600	0.00856	0.00736	0.00224	0.01123	0.00660	0.00424	0.01111
4	0.01610	0.06343	0.30519	0.19100	0.07661	0.01803	0.02369	0.02282	0.01804	0.02459	0.02794	0.03072	0.12577	0.01056	0.00843	0.00271	0.01042	0.00872	0.00446	0.01077
5	0.01487	0.01237	0.01652	0.02017	0.12958	0.01268	0.01241	0.02238	0.15910	0.02685	0.07771	0.34926	0.07396	0.01889	0.00982	0.00308	0.00620	0.01696	0.00750	0.00969
6	0.02017	0.01904	0.03224	0.07747	0.56376	0.01921	0.02488	0.02515	0.01929	0.02731	0.01861	0.02795	0.01661	0.00907	0.00873	0.00267	0.00996	0.06058	0.00452	0.01278
7	0.01966	0.01879	0.03201	0.22845	0.48257	0.01985	0.02542	0.02489	0.01872	0.02610	0.01576	0.02152	0.01288	0.00784	0.00845	0.00261	0.01046	0.00758	0.00409	0.01235
8	0.01586	0.00793	0.00793	0.00793	0.00991	0.00793	0.00595	0.01983	0.01785	0.03173	0.02776	0.03173	0.02181	0.00991	0.00595	0.00198	0.00397	0.00793	0.74817	0.00793
9	0.01009	0.00849	0.00875	0.00896	0.01158	0.00716	0.00662	0.01218	0.01907	0.02286	0.08211	0.14589	0.58304	0.02209	0.01014	0.00293	0.00438	0.01861	0.00790	0.00716
10	0.01607	0.01513	0.02552	0.68047	0.05861	0.01891	0.02363	0.02174	0.01702	0.02174	0.01513	0.02269	0.01134	0.00851	0.00851	0.00284	0.01134	0.00756	0.00378	0.00945
11	0.03179	0.04056	0.02412	0.02192	0.02631	0.66676	0.01644	0.03398	0.02412	0.02083	0.01315	0.01535	0.01096	0.00877	0.00767	0.00219	0.01535	0.00548	0.00438	0.00987
12	0.01006	0.00862	0.00862	0.00862	0.01149	0.00718	0.00647	0.01221	0.01940	0.02299	0.08621	0.08190	0.64438	0.02155	0.01006	0.00287	0.00431	0.01796	0.00790	0.00718
13	0.01073	0.00756	0.00977	0.01138	0.01179	0.00715	0.00740	0.01194	0.01558	0.02078	0.04327	0.57960	0.05170	0.14869	0.01674	0.00432	0.00554	0.02205	0.00740	0.00659
14	0.01216	0.00912	0.01368	0.01368	0.01520	0.01064	0.01064	0.01520	0.01368	0.01976	0.02279	0.03343	0.02127	0.06382	0.66720	0.01368	0.02279	0.00912	0.00456	0.00760
15	0.01693	0.00896	0.00907	0.00869	0.01098	0.00913	0.00661	0.05865	0.01928	0.03315	0.02729	0.03100	0.02134	0.00993	0.00611	0.00202	0.00432	0.00791	0.70027	0.00836
16	0.03435	0.01935	0.02260	0.01747	0.02407	0.01989	0.01439	0.32943	0.06516	0.32142	0.02709	0.02487	0.01805	0.01043	0.00854	0.00261	0.00827	0.00817	0.00943	0.01442
17	0.03120	0.08365	0.02544	0.02145	0.02602	0.62577	0.01632	0.03343	0.02367	0.02078	0.01307	0.01524	0.01096	0.00867	0.00753	0.00217	0.01494	0.00542	0.00434	0.00993
18	0.02106	0.02022	0.03454	0.05223	0.64784	0.02022	0.02612	0.02612	0.01938	0.02780	0.01601	0.02106	0.01348	0.00758	0.00842	0.00253	0.01011	0.00758	0.00421	0.01348
19	0.01037	0.00741	0.00987	0.01185	0.01234	0.00691	0.00790	0.01185	0.01629	0.02172	0.04690	0.69537	0.05629	0.02666	0.01086	0.00346	0.00494	0.02419	0.00790	0.00691
20	0.02614	0.02973	0.02176	0.01992	0.02357	0.39432	0.01560	0.08004	0.02334	0.02460	0.02329	0.03385	0.05424	0.01279	0.01064	0.00272	0.08086	0.10742	0.00548	0.00971
21	0.01006	0.00862	0.00862	0.00862	0.01149	0.00718	0.00647	0.01221	0.01940	0.02299	0.08621	0.08190	0.64438	0.02155	0.01006	0.00287	0.00431	0.01796	0.00790	0.00718
22	0.12575	0.05554	0.02633	0.05244	0.14097	0.05323	0.01734	0.35051	0.03002	0.04235	0.01751	0.01921	0.01313	0.00914	0.00788	0.00252	0.00947	0.00699	0.00667	0.01300
23	0.03179	0.04056	0.02412	0.02192	0.02631	0.66676	0.01644	0.03398	0.02412	0.02083	0.01315	0.01535	0.01096	0.00877	0.00767	0.00219	0.01535	0.00548	0.00438	0.00987
24	0.09504	0.01745	0.02066	0.17059	0.05674	0.02040	0.01592	0.03696	0.40209	0.03234	0.02704	0.02739	0.02038	0.01031	0.00827	0.00283	0.00792	0.00855	0.00700	0.01212
25	0.02482	0.03239	0.34588	0.02224	0.03205	0.02033	0.06217	0.18141	0.02486	0.14183	0.01988	0.02082	0.01364	0.00899	0.00840	0.00266	0.01095	0.00727	0.00610	0.01332
26	0.02738	0.03031	0.02197	0.01960	0.02377	0.40009	0.01506	0.13562	0.02459	0.02652	0.01669	0.02042	0.01397	0.02168	0.15939	0.00490	0.01598	0.00671	0.00517	0.01018
27	0.01127	0.00819	0.01062	0.01102	0.01249	0.00754	0.00788	0.01419	0.02078	0.02864	0.37798	0.30905	0.10615	0.02124	0.01036	0.00299	0.00439	0.01895	0.00871	0.00754
28	0.01607	0.01513	0.02552	0.68047	0.05861	0.01891	0.02363	0.02174	0.01702	0.02174	0.01513	0.02269	0.01134	0.00851	0.00851	0.00284	0.01134	0.00756	0.00378	0.00945
29	0.02167	0.02265	0.01823	0.01731	0.02076	0.23284	0.01289	0.03204	0.25519	0.02675	0.03092	0.21369	0.02952	0.01489	0.00895	0.00282	0.00910	0.01235	0.00702	0.01041
30	0.02401	0.02782	0.02285	0.02057	0.02302	0.34224	0.01609	0.02625	0.01867	0.02052	0.01426	0.01967	0.01290	0.02070	0.13354	0.00476	0.23188	0.00677	0.00420	0.00928
31	0.01262	0.00853	0.01008	0.01044	0.01079	0.00853	0.00671	0.01333	0.01368	0.01812	0.03012	0.06298	0.03420	0.57833	0.03760	0.00747	0.00818	0.11701	0.00564	0.00564
32	0.01042	0.00874	0.00913	0.00932	0.01211	0.00744	0.00719	0.01275	0.01942	0.02324	0.08211	0.08331	0.58500	0.02175	0.01023	0.00298	0.00466	0.07507	0.00790	0.00725
33	0.02328	0.02435	0.02998	0.03749	0.34472	0.15993	0.02190	0.05192	0.01982	0.02574	0.01448	0.01925	0.01245	0.00963	0.01275	0.00273	0.16637	0.00711	0.00432	0.01179
34	0.01474	0.01400	0.02044	0.01756	0.01967	0.01650	0.07381	0.01745	0.01599	0.02188	0.03896	0.04288	0.22474	0.02519	0.13584	0.00515	0.26983	0.01153	0.00533	0.00851
35	0.01236	0.00830	0.00953	0.00953	0.00962	0.00839	0.00547	0.01254	0.01245	0.01669	0.02658	0.05441	0.03038	0.66432	0.07916	0.00856	0.00909	0.01219	0.00512	0.00530
36	0.76103	0.01646	0.01251	0.01119	0.01646	0.01909	0.00922	0.02502	0.01448	0.03818	0.01185	0.01382	0.00922	0.00790	0.00527	0.00263	0.00658	0.00461	0.00527	0.00922
37	0.02254	0.02207	0.03250	0.04643	0.53517	0.07675	0.02422	0.05634	0.04883	0.02880	0.01683	0.02102	0.01388	0.00799	0.00837	0.00252	0.01037	0.00750	0.00464	0.01321
38	0.02193	0.17701	0.06863	0.03755	0.38427	0.08839	0.02217	0.02635	0.01907	0.02496	0.01503	0.01918	0.01283	0.01005	0.03566	0.00282	0.01109	0.00668	0.00408	0.01224
39	0.01230	0.00854	0.01075	0.01075	0.01126	0.00905	0.00699	0.01332	0.01281	0.01759	0.02547	0.04825	0.02771	0.48806	0.25176	0.01006	0.01311	0.01129	0.00496	0.00597
40	0.01017	0.00863	0.00877	0.00873	0.01156	0.00723	0.00655	0.01242	0.01965	0.02359	0.11645	0.08090	0.61377	0.02133	0.01006	0.00286	0.00429	0.01782	0.00798	0.00723
41	0.01856	0.19484	0.47835	0.02275	0.03386	0.02307	0.06403	0.02663	0.01794	0.02538	0.01460	0.01729	0.01095	0.00784	0.00760	0.00250	0.01189	0.00612	0.00365	0.01213
42	0.02010	0.09092	0.02140	0.01855	0.04803	0.21953	0.01363	0.02231	0.01900	0.02214	0.06340	0.24611	0.03056	0.01596	0.01161	0.00284	0.10662	0.01263	0.00569	0.00896
43	0.01061	0.00864	0.00939	0.00920	0.01183	0.00742	0.00690	0.01328	0.02070	0.02609	0.24147	0.07679	0.48718	0.02039	0.01005	0.00282	0.00423	0.01724	0.00831	0.00742
44	0.01707	0.04402	0.65683	0.02426	0.03683	0.01976	0.03144	0.02695	0.01797	0.02695	0.01527	0.01797	0.01078	0.00809	0.00809	0.00270	0.01258	0.00629	0.00359	0.01258
45	0.02111	0.02542	0.18269	0.01914	0.02583	0.05673	0.01822	0.03791	0.36939	0.06325	0.02906	0.03129	0.02246	0.01122	0.00865	0.00285	0.00882	0.04609	0.00716	0.01272
46	0.02574	0.48601	0.03782	0.01700	0.02332	0.24300	0.01518	0.02829	0.01955	0.02029	0.01227	0.01421	0.01093	0.00777	0.00619	0.00194	0.01117	0.00486	0.00389	0.01057
47	0.01222	0.00889	0.01250	0.01250	0.01361	0.01000	0.00917	0.01444	0.01333	0.01888	0.02387	0.03940	0.02387	0.23460	0.49997	0.01222	0.01890	0.00999	0.00472	0.00694
48	0.01367	0.05142	0.01877	0.01562	0.01780	0.01343	0.07171	0.01632	0.01770	0.02386	0.12342	0.29382	0.13184	0.01952	0.01318	0.00316	0.12318	0.01661	0.00677	0.00821
49	0.01031	0.00763	0.00965	0.01127	0.01219	0.00696	0.00764	0.01192	0.01685	0.02195	0.05402	0.58434	0.16272	0.02574	0.01072	0.00335	0.00482	0.02306	0.00790	0.00696
50	0.01026	0.00781	0.00946	0.01077	0.01206	0.00700	0.00742	0.01197	0.01733	0.02215	0.06004	0.49040	0.25278	0.02495	0.01059	0.00326	0.00473	0.02211	0.00790	0.00700
51	0.02275	0.70604	0.04459	0.01456	0.02184	0.03367	0.01456	0.02548	0.01729	0.02002	0.01183	0.01365	0.01092	0.00728	0.00546	0.00182	0.00910	0.00455	0.00364	0.01092
52	0.01954	0.17566	0.03270	0.17811	0.24262	0.02208	0.05156	0.02523	0.05170	0.02481	0.01887	0.02800	0.01666	0.00953	0.00820	0.00261	0.00996	0.06626	0.00460	0.01131
53	0.03006	0.07225	0.02448	0.02102	0.02536	0.59219	0.01597	0.03233	0.02309	0.02072	0.01371	0.01643	0.01163	0.01226	0.05026	0.00292	0.01551	0.00567	0.00436	0.00977
54	0.01112	0.00893	0.01011	0.01056	0.01315	0.00791	0.00843	0.01385	0.01975	0.02435	0.11173	0.08433	0.45518	0.02179	0.01049	0.00313	0.00520	0.16462	0.00798	0.00741
55	0.01870	0.01489	0.01215	0.01149	0.01419	0.13290	0.00871	0.04625	0.01984	0.02890	0.03048	0.03352	0.08437	0.01442	0.04962	0.00290	0.00759	0.00858	0.45205	0.00847
56	0.02480	0.05330	0.08107	0.02916	0.16992	0.02120	0.12919	0.13042	0.12528	0.11547	0.02213	0.02354	0.01629	0.00902	0.00863	0.00265	0.00998	0.00828	0.00644	0.01322
57	0.01089	0.00778	0.01023	0.01144	0.01230	0.00726	0.00781	0.01295	0.01811	0.02467	0.19893	0.50408	0.06128	0.05514	0.01214	0.00348	0.00485	0.02139	0.00815	0.00712
58	0.01050	0.00836	0.00943	0.00976	0.01192	0.00728	0.00709	0.01285	0.01957	0.02480	0.18211	0.21942	0.40299	0.02194	0.01024	0.00297	0.00440	0.01891	0.00818	0.00728
59	0.03179	0.04056	0.02412	0.02192	0.02631	0.66676	0.01644	0.03398	0.02412	0.02083	0.01315	0.01535	0.01096	0.00877	0.00767	0.00219	0.01535	0.00548	0.00438	0.00987
60	0.02106	0.02022	0.03454	0.05223	0.64784	0.02022	0.02612	0.02612	0.01938	0.02780	0.01601	0.02106	0.01348	0.00758	0.00842	0.00253	0.01011	0.00758	0.00421	0.01348
61	0.01217	0.00906	0.01340	0.01340	0.01483	0.01049	0.01030	0.01502	0.01360	0.01955	0.02304	0.03482	0.02188	0.10351	0.62833	0.01334	0.02189	0.00932	0.00460	0.00745
62	0.02172	0.01931	0.01971	0.01752	0.02208	0.05448	0.01371	0.07744	0.50040	0.03452	0.03402	0.03205	0.05509	0.01200	0.00968	0.00287	0.04286	0.00959	0.00813	0.01281
63	0.01238	0.00825	0.00928	0.00928	0.00928	0.00825	0.00516	0.01238	0.01238	0.01650	0.02681	0.05569	0.03094	0.70092	0.04331	0.00825	0.00825	0.01238	0.00516	0.00516
64	0.02876	0.02330	0.02289	0.01859	0.02440	0.08903	0.01496	0.39420	0.16961	0.04490	0.02333	0.02315	0.01715	0.01035	0.00830	0.00256	0.00905	0.00790	0.05420	0.01337
65	0.02179	0.01864	0.02246	0.04787	0.02349	0.05268	0.01581	0.21071	0.02252	0.03093	0.01751	0.02319	0.01493	0.02594	0.19127	0.00591	0.23045	0.00787	0.00551	0.01053
66	0.02393	0.02412	0.03260	0.06349	0.26842	0.12717	0.12880	0.10781	0.08266	0.03048	0.01812	0.02150	0.01422	0.00848	0.00863	0.00259	0.01136	0.00789	0.00524	0.01248
67	0.01707	0.04402	0.65683	0.02426	0.03683	0.01976	0.03144	0.02695	0.01797	0.02695	0.01527	0.01797	0.01078	0.00809	0.00809	0.00270	0.01258	0.00629	0.00359	0.01258
68	0.01006	0.00862	0.00862	0.00862	0.01149	0.00718	0.00647	0.01221	0.01940	0.02299	0.08621	0.08190	0.64438	0.02155	0.01006	0.00287	0.00431	0.01796	0.00790	0.00718
69	0.19500	0.01878	0.08748	0.17824	0.09698	0.01712	0.01782	0.02984	0.01914	0.22968	0.02041	0.02200	0.01414	0.00888	0.00773	0.00268	0.00893	0.00707	0.00632	0.01176
70	0.02022	0.19269	0.15140	0.02872	0.03768	0.02418	0.37141	0.02678	0.01905	0.02545	0.01558	0.01985	0.01207	0.00735	0.00860	0.00258	0.01277	0.00807	0.00402	0.01153
71	0.01869	0.01070	0.01468	0.01430	0.04451	0.00986	0.01065	0.02257	0.02333	0.17505	0.39361	0.05806	0.05939	0.01620	0.00986	0.00283	0.00555	0.09124	0.00919	0.00974
72	0.01908	0.02765	0.20484	0.06079	0.09978	0.04839	0.26502	0.02578	0.01883	0.02590	0.01910	0.02355	0.04260	0.00896	0.01076	0.00283	0.07188	0.00863	0.00421	0.01141
73	0.02904	0.03534	0.02679	0.02970	0.18569	0.50097	0.01892	0.03197	0.02290	0.02262	0.01389	0.01681	0.01161	0.00847	0.00787	0.00228	0.01400	0.00602	0.00434	0.01079
74	0.02644	0.02935	0.02429	0.02593	0.13728	0.34649	0.01746	0.06898	0.11314	0.02679	0.02061	0.02752	0.01781	0.01059	0.00843	0.00256	0.01198	0.06764	0.00560	0.01112
75	0.01108	0.00817	0.00974	0.01037	0.01146	0.00777	0.00695	0.01245	0.01567	0.02027	0.04901	0.26534	0.20511	0.23546	0.08716	0.00580	0.00759	0.01735	0.00672	0.00652
76	0.01314	0.01079	0.01703	0.01505	0.01792	0.01022	0.11781	0.01639	0.01763	0.02438	0.04464	0.24818	0.17392	0.02372	0.08787	0.00420	0.00847	0.01581	0.12479	0.00805
77	0.01656	0.01638	0.01874	0.01688	0.01825	0.08488	0.01342	0.01860	0.01571	0.02072	0.03154	0.03765	0.15960	0.06822	0.12737	0.00529	0.30663	0.01025	0.00498	0.00833
78	0.01780	0.03916	0.52005	0.02771	0.06979	0.02009	0.13207	0.02696	0.01841	0.02705	0.01565	0.01899	0.01129	0.00790	0.00844	0.00272	0.01275	0.00700	0.00375	0.01243
79	0.01334	0.00968	0.01320	0.01496	0.01701	0.00953	0.01298	0.01708	0.01957	0.02522	0.04923	0.09456	0.10937	0.02331	0.01158	0.00381	0.00748	0.53247	0.00784	0.00777
80	0.12623	0.07027	0.15974	0.02249	0.06544	0.32489	0.01931	0.02944	0.02011	0.02488	0.01341	0.01618	0.01085	0.00875	0.00867	0.00246	0.05628	0.00574	0.00424	0.01060
81	0.01322	0.01289	0.04917	0.02037	0.15936	0.01087	0.01276	0.01649	0.01913	0.02516	0.11446	0.19394	0.28309	0.01831	0.00975	0.00289	0.00618	0.01604	0.00698	0.00894
82	0.01905	0.01747	0.02093	0.01997	0.12870	0.05053	0.01321	0.02296	0.01832	0.02735	0.01516	0.01810	0.01266	0.00666	0.00675	0.00153	0.00748	0.00550	0.00486	0.58281
83	0.04866	0.01261	0.01552	0.13483	0.05897	0.01306	0.01221	0.02183	0.11683	0.05254	0.05545	0.05433	0.33936	0.01570	0.00918	0.00283	0.00653	0.01314	0.00706	0.00936
84	0.05804	0.03423	0.13388	0.02599	0.12593	0.34362	0.01987	0.08251	0.02313	0.02674	0.01723	0.01953	0.03471	0.00902	0.00792	0.00241	0.01273	0.00657	0.00476	0.01119

[dist]
# distance from previous block
# <min> <max>
1	16

[block]
# block no. 3 follows, 21 sequences, length 12
# corresponding to MSA columns:
# 199-210
name=unknown_D
#
# <colnr> <probs for GDERKNQSTAVLIFYWHMCP>
#	G	D	E	R	K	N	Q	S	T	A	V	L	I	F	Y	W	H	M	C	P
0	0.01470	0.01204	0.01607	0.13234	0.10317	0.01187	0.01268	0.01891	0.04710	0.06135	0.05925	0.05828	0.38721	0.01636	0.00942	0.00281	0.00657	0.01387	0.00690	0.00911
1	0.05895	0.19122	0.18060	0.08597	0.21364	0.05376	0.02248	0.02675	0.01852	0.05177	0.01514	0.01838	0.01202	0.00791	0.00745	0.00242	0.01051	0.00633	0.00422	0.01195
2	0.01904	0.07857	0.03077	0.07676	0.03074	0.01970	0.18890	0.02720	0.12683	0.02691	0.02003	0.05314	0.01671	0.00944	0.01000	0.00251	0.06823	0.00856	0.00526	0.18068
3	0.01544	0.00807	0.00859	0.00859	0.01052	0.00824	0.00648	0.01930	0.01737	0.03036	0.02719	0.03192	0.02175	0.01607	0.08145	0.00332	0.00612	0.00807	0.66326	0.00789
4	0.01294	0.01053	0.01325	0.01279	0.01353	0.01183	0.00923	0.01430	0.01532	0.02074	0.07467	0.19129	0.14363	0.23668	0.02488	0.00489	0.16134	0.01499	0.00616	0.00702
5	0.01775	0.00975	0.00994	0.00926	0.01180	0.01004	0.00712	0.08830	0.02038	0.03423	0.02692	0.03044	0.02097	0.00995	0.00624	0.00205	0.00458	0.00790	0.66371	0.00868
6	0.02410	0.08595	0.08298	0.08373	0.20464	0.15760	0.02025	0.05776	0.11451	0.05924	0.01883	0.02108	0.01465	0.00880	0.00803	0.00250	0.01075	0.00712	0.00530	0.01217
7	0.01471	0.00993	0.01071	0.01038	0.01167	0.01043	0.00679	0.01981	0.12188	0.02332	0.02840	0.04603	0.02799	0.42264	0.02872	0.00588	0.00701	0.01088	0.17559	0.00724
8	0.01586	0.00793	0.00793	0.00793	0.00991	0.00793	0.00595	0.01983	0.01785	0.03173	0.02776	0.03173	0.02181	0.00991	0.00595	0.00198	0.00397	0.00793	0.74817	0.00793
9	0.08003	0.02493	0.02280	0.02352	0.12151	0.20163	0.01599	0.10841	0.21551	0.03210	0.02466	0.02511	0.04666	0.01018	0.00814	0.00257	0.00988	0.00792	0.00645	0.01197
10	0.01611	0.01361	0.01480	0.01446	0.04364	0.06359	0.01002	0.06952	0.01792	0.02343	0.03167	0.04272	0.11652	0.22414	0.19013	0.00700	0.01202	0.01056	0.00560	0.07255
11	0.02577	0.02032	0.04587	0.01710	0.02343	0.02043	0.01429	0.30083	0.16425	0.08098	0.02929	0.02841	0.07236	0.01093	0.00838	0.00250	0.00793	0.00866	0.00797	0.11030

[dist]
# distance from previous block
# <min> <max>
4	20

[block]
# block no. 4 follows, 21 sequences, length 7
# corresponding to MSA columns:
# 231-237
name=unknown_E
#
# <colnr> <probs for GDERKNQSTAVLIFYWHMCP>
#	G	D	E	R	K	N	Q	S	T	A	V	L	I	F	Y	W	H	M	C	P
0	0.02180	0.01624	0.01971	0.05972	0.02396	0.01731	0.03878	0.03671	0.35435	0.12671	0.06491	0.03504	0.07554	0.01176	0.00872	0.00273	0.00708	0.01000	0.00818	0.06075
1	0.01543	0.01163	0.01359	0.01274	0.01561	0.01111	0.00928	0.11870	0.02060	0.02785	0.03989	0.35510	0.10225	0.07869	0.01249	0.00332	0.00613	0.01673	0.00733	0.12153
2	0.01714	0.01387	0.01797	0.01607	0.01821	0.01631	0.01275	0.10045	0.01821	0.02650	0.02321	0.14091	0.02297	0.02786	0.18361	0.00576	0.19958	0.01066	0.06243	0.06554
3	0.07509	0.14890	0.02503	0.01907	0.05321	0.24916	0.01467	0.03078	0.10955	0.04979	0.04367	0.02660	0.01933	0.01026	0.00768	0.00240	0.01035	0.05379	0.00566	0.04501
4	0.01129	0.00804	0.01002	0.01068	0.01159	0.00756	0.00713	0.01309	0.01750	0.02365	0.19742	0.32678	0.09594	0.19760	0.01895	0.00445	0.00551	0.01847	0.00757	0.00677
5	0.02493	0.02811	0.03335	0.08631	0.19344	0.25763	0.16581	0.05946	0.02216	0.02595	0.01541	0.01953	0.01230	0.00813	0.00856	0.00251	0.01312	0.00741	0.00448	0.01139
6	0.01944	0.01827	0.03079	0.04609	0.55122	0.01820	0.02335	0.02395	0.01891	0.02688	0.02071	0.12358	0.01999	0.01048	0.00880	0.00267	0.00932	0.01011	0.00477	0.01248

[dist]
# distance from previous block
# <min> <max>
0	1

[block]
# block no. 5 follows, 21 sequences, length 36
# corresponding to MSA columns:
# 239-274
name=unknown_F
#
# <colnr> <probs for GDERKNQSTAVLIFYWHMCP>
#	G	D	E	R	K	N	Q	S	T	A	V	L	I	F	Y	W	H	M	C	P
0	0.02637	0.03488	0.15242	0.02937	0.17605	0.32603	0.02170	0.08430	0.02322	0.02670	0.01492	0.01769	0.01185	0.00848	0.00801	0.00240	0.01300	0.00634	0.00456	0.01168
1	0.02331	0.41022	0.03573	0.01706	0.02248	0.06938	0.01542	0.10568	0.01986	0.02473	0.01355	0.01663	0.01201	0.01216	0.04535	0.00292	0.13241	0.00580	0.00442	0.01087
2	0.01006	0.00862	0.00862	0.00862	0.01149	0.00718	0.00647	0.01221	0.01940	0.02299	0.08621	0.08190	0.64438	0.02155	0.01006	0.00287	0.00431	0.01796	0.00790	0.00718
3	0.01404	0.01719	0.13494	0.01720	0.04807	0.01322	0.01457	0.01987	0.08274	0.02498	0.06306	0.32443	0.09369	0.01880	0.01139	0.00315	0.06661	0.01610	0.00669	0.00926
4	0.02193	0.06560	0.12233	0.17512	0.06658	0.05160	0.19376	0.14377	0.02304	0.03051	0.01656	0.02072	0.01239	0.00830	0.00867	0.00267	0.01199	0.00785	0.00488	0.01175
5	0.01092	0.00937	0.00944	0.00930	0.01232	0.00827	0.00701	0.01477	0.06692	0.02397	0.08221	0.07801	0.59644	0.02078	0.00995	0.00287	0.00450	0.01731	0.00796	0.00767
6	0.01724	0.00985	0.01304	0.01159	0.01450	0.00892	0.00892	0.02111	0.02414	0.15722	0.52221	0.05669	0.06853	0.01603	0.00974	0.00267	0.00466	0.01403	0.00960	0.00931
7	0.02498	0.06508	0.11732	0.02809	0.08665	0.30548	0.17061	0.02972	0.02110	0.02383	0.01457	0.01817	0.01166	0.00835	0.00910	0.00250	0.04069	0.00696	0.00418	0.01098
8	0.01837	0.01584	0.02416	0.02309	0.09944	0.01608	0.13292	0.02841	0.20481	0.06247	0.03626	0.18822	0.08313	0.01456	0.00954	0.00296	0.00805	0.01354	0.00711	0.01104
9	0.01216	0.00912	0.01368	0.01368	0.01520	0.01064	0.01064	0.01520	0.01368	0.01976	0.02279	0.03343	0.02127	0.06382	0.66720	0.01368	0.02279	0.00912	0.00456	0.00760
10	0.03016	0.02227	0.02720	0.02688	0.17142	0.02387	0.01822	0.43584	0.03397	0.09411	0.02042	0.02124	0.01475	0.00962	0.00850	0.00255	0.00937	0.00771	0.00766	0.01424
11	0.02407	0.02704	0.03163	0.02534	0.03099	0.22946	0.21736	0.03404	0.19251	0.02710	0.02041	0.02270	0.01584	0.00939	0.01000	0.00271	0.05420	0.00829	0.00551	0.01138
12	0.01707	0.01532	0.02077	0.02281	0.13143	0.05134	0.01541	0.02021	0.01559	0.02293	0.01840	0.02588	0.01655	0.03046	0.25349	0.00684	0.20344	0.00803	0.09472	0.00930
13	0.03630	0.01749	0.02161	0.01657	0.02323	0.01698	0.01369	0.22758	0.02940	0.46050	0.02934	0.02622	0.01894	0.01043	0.00854	0.00261	0.00792	0.00827	0.00988	0.01448
14	0.01707	0.04402	0.65683	0.02426	0.03683	0.01976	0.03144	0.02695	0.01797	0.02695	0.01527	0.01797	0.01078	0.00809	0.00809	0.00270	0.01258	0.00629	0.00359	0.01258
15	0.02419	0.02128	0.02302	0.02499	0.16761	0.11719	0.01619	0.16998	0.09697	0.03433	0.02107	0.02343	0.01645	0.00970	0.00877	0.00247	0.04116	0.00759	0.16178	0.01181
16	0.01123	0.00867	0.01025	0.00985	0.01222	0.00768	0.00739	0.01449	0.02217	0.02958	0.41583	0.07105	0.31065	0.01909	0.01005	0.00276	0.00414	0.01644	0.00877	0.00768
17	0.01438	0.01236	0.01761	0.01639	0.01721	0.01579	0.01299	0.01671	0.01352	0.01993	0.02032	0.06887	0.02034	0.08375	0.36071	0.00917	0.25782	0.00962	0.00450	0.00802
18	0.02275	0.70604	0.04459	0.01456	0.02184	0.03367	0.01456	0.02548	0.01729	0.02002	0.01183	0.01365	0.01092	0.00728	0.00546	0.00182	0.00910	0.00455	0.00364	0.01092
19	0.02451	0.02752	0.17110	0.02296	0.08078	0.15853	0.01978	0.02903	0.02004	0.14896	0.02149	0.05301	0.01793	0.01160	0.01139	0.00283	0.10859	0.05285	0.00572	0.01138
20	0.01870	0.04086	0.53207	0.02748	0.11035	0.06998	0.02963	0.02739	0.01862	0.02658	0.01520	0.01814	0.01112	0.00808	0.00809	0.00264	0.01249	0.00638	0.00373	0.01248
21	0.02052	0.02054	0.03765	0.08749	0.47002	0.02044	0.16418	0.02611	0.01940	0.02730	0.01624	0.02161	0.01321	0.00754	0.00881	0.00263	0.01118	0.00816	0.00421	0.01276
22	0.02144	0.02193	0.03037	0.06863	0.47797	0.11264	0.02287	0.02585	0.01997	0.02613	0.02182	0.02572	0.06926	0.00904	0.00846	0.00252	0.01040	0.00820	0.00455	0.01224
23	0.01878	0.02823	0.23918	0.03143	0.25685	0.08539	0.02323	0.02462	0.01940	0.02588	0.02860	0.03080	0.13036	0.01049	0.00854	0.00261	0.01041	0.00887	0.00471	0.01162
24	0.01006	0.00862	0.00862	0.00862	0.01149	0.00718	0.00647	0.01221	0.01940	0.02299	0.08621	0.08190	0.64438	0.02155	0.01006	0.00287	0.00431	0.01796	0.00790	0.00718
25	0.01126	0.00778	0.00961	0.01071	0.01098	0.00751	0.00668	0.01208	0.01455	0.01941	0.03798	0.41137	0.04503	0.32601	0.02527	0.00558	0.00641	0.01895	0.00668	0.00613
26	0.02401	0.02034	0.03880	0.03735	0.24628	0.01929	0.29482	0.02969	0.02069	0.15190	0.02005	0.02350	0.01473	0.00798	0.00919	0.00271	0.01149	0.00891	0.00551	0.01276
27	0.02177	0.18234	0.19331	0.03283	0.27628	0.06373	0.02367	0.06195	0.02007	0.02693	0.01497	0.01821	0.01212	0.00787	0.00763	0.00239	0.01079	0.00645	0.00419	0.01251
28	0.01180	0.00918	0.01105	0.01199	0.01443	0.00843	0.00993	0.01480	0.01949	0.02417	0.06656	0.08863	0.36006	0.02249	0.01087	0.00337	0.00599	0.29139	0.00787	0.00750
29	0.01707	0.04402	0.65683	0.02426	0.03683	0.01976	0.03144	0.02695	0.01797	0.02695	0.01527	0.01797	0.01078	0.00809	0.00809	0.00270	0.01258	0.00629	0.00359	0.01258
30	0.02551	0.02004	0.03064	0.04221	0.47267	0.05387	0.02252	0.03001	0.02076	0.16852	0.01981	0.02253	0.01505	0.00831	0.00841	0.00253	0.00975	0.00769	0.00565	0.01351
31	0.02020	0.02217	0.04578	0.03838	0.16313	0.02151	0.46681	0.02666	0.01956	0.02700	0.01665	0.02234	0.01293	0.00768	0.01070	0.00285	0.05023	0.00941	0.00425	0.01176
32	0.01041	0.00786	0.00962	0.01081	0.01212	0.00708	0.00749	0.01228	0.01781	0.02306	0.10467	0.46640	0.23069	0.02444	0.01056	0.00322	0.00468	0.02168	0.00801	0.00708
33	0.01006	0.00862	0.00862	0.00862	0.01149	0.00718	0.00647	0.01221	0.01940	0.02299	0.08621	0.08190	0.64438	0.02155	0.01006	0.00287	0.00431	0.01796	0.00790	0.00718
34	0.01747	0.01476	0.02207	0.04312	0.04608	0.01533	0.11328	0.12719	0.05406	0.02933	0.03279	0.34943	0.03486	0.01780	0.01071	0.00312	0.03561	0.01618	0.00700	0.00982
35	0.02180	0.01973	0.02831	0.03727	0.37741	0.02095	0.02081	0.07004	0.24782	0.03230	0.02318	0.02498	0.01817	0.00921	0.00852	0.00266	0.00881	0.00834	0.00613	0.01354

[dist]
# distance from previous block
# <min> <max>
0	13

# created by:
# /home/cegg/simao/soft/augustus-3.2.1/scripts/msa2prfl.pl ./align_prep/10724.fa
