[name]
unknown

[dist]
# distance from previous block
# <min> <max>
0	57

[block]
# block no. 0 follows, 19 sequences, length 33
# corresponding to MSA columns:
# 57-89
name=unknown_A
#
# <colnr> <probs for GDERKNQSTAVLIFYWHMCP>
#	G	D	E	R	K	N	Q	S	T	A	V	L	I	F	Y	W	H	M	C	P
0	0.01730	0.01439	0.02259	0.03083	0.24683	0.01439	0.01929	0.02187	0.02051	0.02769	0.03596	0.07150	0.03755	0.01846	0.01105	0.00357	0.00913	0.35982	0.00682	0.01045
1	0.02130	0.43884	0.03939	0.25762	0.03740	0.02960	0.01887	0.02532	0.01807	0.02172	0.01373	0.01790	0.01165	0.00814	0.00694	0.00231	0.01045	0.00597	0.00388	0.01090
2	0.02350	0.01954	0.02723	0.39846	0.07255	0.02287	0.02203	0.23858	0.02702	0.03564	0.01802	0.02289	0.01325	0.00957	0.00894	0.00286	0.01109	0.00799	0.00585	0.01208
3	0.02119	0.02054	0.03230	0.04161	0.37742	0.02359	0.02394	0.02610	0.04323	0.02670	0.01577	0.02166	0.01383	0.01102	0.01653	0.00314	0.25645	0.00801	0.00444	0.01253
4	0.02657	0.02268	0.03278	0.04209	0.40493	0.02368	0.02355	0.24127	0.02847	0.03937	0.01857	0.02189	0.01456	0.00901	0.00889	0.00267	0.01034	0.00800	0.00612	0.01456
5	0.01993	0.01714	0.01918	0.01510	0.02197	0.01578	0.01193	0.03187	0.24080	0.03224	0.02356	0.02409	0.01850	0.00868	0.00755	0.00196	0.00680	0.00710	0.00672	0.46908
6	0.02281	0.27138	0.04026	0.04012	0.40314	0.02654	0.02292	0.02721	0.01955	0.02617	0.01519	0.01923	0.01317	0.00785	0.00769	0.00238	0.01023	0.00678	0.00420	0.01317
7	0.02910	0.02364	0.01939	0.01684	0.02161	0.24933	0.01303	0.03205	0.02465	0.22573	0.11898	0.03900	0.12217	0.01322	0.00912	0.00264	0.00983	0.01036	0.00805	0.01125
8	0.01951	0.01898	0.03134	0.02239	0.03075	0.01592	0.22972	0.02482	0.01951	0.02897	0.01672	0.02064	0.01337	0.00697	0.00809	0.00196	0.00978	0.00726	0.00501	0.46830
9	0.02302	0.01794	0.02026	0.01586	0.02225	0.01704	0.01260	0.23647	0.02709	0.03825	0.02366	0.13202	0.02179	0.01180	0.00831	0.00223	0.00758	0.00975	0.00717	0.34490
10	0.30097	0.02216	0.02173	0.01729	0.02384	0.02488	0.01427	0.38570	0.03204	0.05032	0.01811	0.01889	0.01315	0.00983	0.00767	0.00272	0.00875	0.00686	0.00767	0.01315
11	0.02862	0.02301	0.02706	0.02167	0.02615	0.02762	0.01796	0.38392	0.03147	0.04337	0.01784	0.02077	0.01392	0.01258	0.01657	0.00314	0.25611	0.00797	0.00707	0.01319
12	0.01287	0.00924	0.01265	0.01265	0.01365	0.01025	0.00903	0.01487	0.01387	0.01949	0.02554	0.04389	0.02616	0.29809	0.42432	0.01225	0.01825	0.01086	0.00503	0.00703
13	0.01353	0.02216	0.24525	0.01733	0.02259	0.01231	0.01755	0.01839	0.01779	0.02489	0.03689	0.43293	0.04130	0.02073	0.01033	0.00333	0.00819	0.01840	0.00661	0.00949
14	0.01454	0.01460	0.02549	0.02001	0.02510	0.01316	0.22745	0.01872	0.02042	0.02575	0.06049	0.10679	0.35549	0.01741	0.01063	0.00306	0.00852	0.01626	0.00689	0.00922
15	0.01222	0.00834	0.00999	0.01077	0.01096	0.00815	0.00650	0.01280	0.01455	0.01940	0.03608	0.29056	0.04248	0.44000	0.03279	0.00679	0.00737	0.01765	0.00650	0.00611
16	0.01676	0.01116	0.01525	0.25325	0.02954	0.01265	0.01320	0.02160	0.01844	0.02943	0.02422	0.02981	0.01882	0.00987	0.00726	0.00242	0.00707	0.00819	0.46213	0.00894
17	0.02764	0.04400	0.25463	0.02396	0.03179	0.41479	0.02318	0.03296	0.02294	0.02430	0.01466	0.01716	0.01145	0.00895	0.00823	0.00250	0.01505	0.00608	0.00430	0.01144
18	0.29255	0.01492	0.01604	0.01433	0.01853	0.01681	0.01154	0.09806	0.01917	0.08021	0.02022	0.02530	0.01668	0.03346	0.27627	0.00762	0.01449	0.00757	0.00610	0.01012
19	0.01755	0.03493	0.41051	0.26400	0.04727	0.02044	0.02999	0.02629	0.01852	0.02629	0.01600	0.02074	0.01155	0.00867	0.00867	0.00289	0.01274	0.00711	0.00385	0.01200
20	0.01544	0.01320	0.02046	0.41970	0.04225	0.01569	0.01759	0.01918	0.01607	0.02080	0.02049	0.03681	0.01962	0.26166	0.02261	0.00511	0.01071	0.00984	0.00452	0.00825
21	0.02445	0.09243	0.36083	0.02281	0.03330	0.02461	0.02557	0.24169	0.02748	0.03820	0.01778	0.01948	0.01280	0.00927	0.00844	0.00270	0.01165	0.00700	0.00571	0.01382
22	0.02571	0.03029	0.02125	0.01981	0.02329	0.41120	0.01501	0.02835	0.02125	0.02147	0.01761	0.02323	0.01557	0.03084	0.24787	0.00681	0.01906	0.00719	0.00468	0.00948
23	0.02042	0.01419	0.01939	0.01670	0.01893	0.01641	0.01349	0.02366	0.02104	0.14367	0.28479	0.04232	0.04553	0.01595	0.01728	0.00322	0.25322	0.01171	0.00786	0.01022
24	0.01994	0.02995	0.26034	0.11792	0.34001	0.02091	0.02923	0.02723	0.01952	0.02812	0.01643	0.02113	0.01284	0.00829	0.00873	0.00276	0.01175	0.00746	0.00413	0.01330
25	0.03184	0.02615	0.03158	0.02460	0.03116	0.20670	0.18202	0.03606	0.02375	0.25317	0.02298	0.02391	0.01609	0.00970	0.01000	0.00275	0.03950	0.00843	0.00697	0.01265
26	0.02444	0.01773	0.02016	0.01720	0.02189	0.01936	0.01362	0.27883	0.11092	0.06999	0.03198	0.13243	0.05127	0.02376	0.11840	0.00489	0.01079	0.01185	0.00824	0.01226
27	0.01088	0.00785	0.01032	0.01229	0.01293	0.00728	0.00823	0.01248	0.01729	0.02290	0.05137	0.65010	0.08749	0.02776	0.01138	0.00360	0.00516	0.02511	0.00830	0.00728
28	0.01666	0.01272	0.01848	0.25675	0.03303	0.01414	0.01552	0.04243	0.05967	0.06474	0.03402	0.32430	0.03533	0.01808	0.01009	0.00326	0.00816	0.01615	0.00695	0.00954
29	0.01806	0.02495	0.22326	0.02474	0.05299	0.01644	0.17632	0.02216	0.01685	0.02368	0.01645	0.02353	0.01362	0.01665	0.01896	0.27809	0.01159	0.00816	0.00404	0.00946
30	0.01986	0.01986	0.02477	0.03364	0.29708	0.12283	0.01858	0.02326	0.02001	0.02560	0.02845	0.26673	0.03053	0.01567	0.00968	0.00296	0.00953	0.01412	0.00591	0.01095
31	0.03210	0.01724	0.02037	0.01628	0.02206	0.01733	0.01319	0.24204	0.02996	0.28637	0.03059	0.08394	0.02292	0.01233	0.00881	0.00272	0.00774	0.00999	0.11044	0.01358
32	0.01983	0.30763	0.12724	0.01768	0.02399	0.04974	0.01786	0.02433	0.01950	0.02437	0.02611	0.04747	0.02640	0.01423	0.00875	0.00290	0.00993	0.21605	0.00550	0.01050

[dist]
# distance from previous block
# <min> <max>
3	11

[block]
# block no. 1 follows, 19 sequences, length 38
# corresponding to MSA columns:
# 101-138
name=unknown_B
#
# <colnr> <probs for GDERKNQSTAVLIFYWHMCP>
#	G	D	E	R	K	N	Q	S	T	A	V	L	I	F	Y	W	H	M	C	P
0	0.02215	0.02110	0.03508	0.05211	0.58338	0.02133	0.02644	0.02899	0.06575	0.02986	0.01833	0.02300	0.01518	0.00829	0.00888	0.00269	0.01036	0.00814	0.00479	0.01417
1	0.01794	0.04628	0.63923	0.02550	0.03872	0.02078	0.03305	0.02833	0.01889	0.02833	0.01606	0.01889	0.01133	0.00850	0.00850	0.00283	0.01322	0.00661	0.00378	0.01322
2	0.01090	0.00779	0.01038	0.01246	0.01298	0.00727	0.00830	0.01246	0.01713	0.02284	0.04931	0.67975	0.05917	0.02803	0.01142	0.00363	0.00519	0.02543	0.00830	0.00727
3	0.03401	0.02506	0.02685	0.02058	0.02774	0.02774	0.01700	0.59995	0.04206	0.05638	0.02148	0.02148	0.01521	0.01074	0.00895	0.00268	0.00984	0.00805	0.00895	0.01521
4	0.03087	0.03349	0.02397	0.02108	0.02591	0.39726	0.01612	0.19166	0.02906	0.03171	0.02026	0.09762	0.01831	0.01191	0.00872	0.00257	0.01305	0.00878	0.00628	0.01136
5	0.02143	0.02053	0.03504	0.13708	0.55315	0.02107	0.02710	0.02684	0.02004	0.02837	0.01670	0.02237	0.01387	0.00810	0.00887	0.00270	0.01080	0.00797	0.00437	0.01360
6	0.01554	0.00777	0.01166	0.01166	0.01166	0.00777	0.00777	0.01166	0.01166	0.01554	0.01554	0.02720	0.01554	0.03108	0.03497	0.73970	0.00777	0.00777	0.00389	0.00389
7	0.02214	0.02126	0.03631	0.05491	0.62978	0.02126	0.02746	0.02746	0.02037	0.02923	0.01683	0.02214	0.01417	0.00797	0.00886	0.00266	0.01063	0.00797	0.00443	0.01417
8	0.03188	0.03282	0.02420	0.02088	0.02623	0.36704	0.01617	0.17950	0.07992	0.06935	0.02285	0.02333	0.04512	0.01064	0.00856	0.00253	0.01266	0.00757	0.00668	0.01208
9	0.01090	0.00779	0.01038	0.01246	0.01298	0.00727	0.00830	0.01246	0.01713	0.02284	0.04931	0.67975	0.05917	0.02803	0.01142	0.00363	0.00519	0.02543	0.00830	0.00727
10	0.02962	0.02246	0.02449	0.01850	0.02589	0.02325	0.01519	0.43590	0.03538	0.04865	0.01989	0.02065	0.01466	0.00957	0.00829	0.00230	0.00893	0.00727	0.00791	0.22121
11	0.02139	0.17530	0.39238	0.02385	0.03483	0.02480	0.07593	0.09694	0.02173	0.03023	0.01614	0.01871	0.01202	0.00851	0.00816	0.00264	0.01222	0.00675	0.00448	0.01300
12	0.02042	0.31360	0.39361	0.02127	0.03219	0.02684	0.02570	0.02769	0.01859	0.02531	0.01456	0.01701	0.01139	0.00815	0.00736	0.00245	0.01171	0.00585	0.00380	0.01250
13	0.01866	0.12398	0.56784	0.02427	0.03682	0.02254	0.03092	0.02815	0.01880	0.02745	0.01562	0.01834	0.01135	0.00840	0.00817	0.00272	0.01278	0.00639	0.00378	0.01301
14	0.01721	0.01623	0.02741	0.62714	0.09607	0.01996	0.02500	0.02314	0.01804	0.02324	0.01596	0.02375	0.01206	0.00889	0.00894	0.00296	0.01185	0.00795	0.00400	0.01020
15	0.02335	0.02354	0.03514	0.05150	0.56537	0.08847	0.02637	0.02834	0.02090	0.02844	0.01651	0.02150	0.01389	0.00810	0.00877	0.00262	0.01122	0.00773	0.00445	0.01376
16	0.01663	0.01437	0.02214	0.02995	0.28118	0.01396	0.01634	0.02084	0.02180	0.03056	0.26883	0.04841	0.09644	0.06522	0.01249	0.00321	0.00738	0.01260	0.00702	0.01063
17	0.01280	0.00951	0.01398	0.01398	0.01544	0.01097	0.01069	0.01572	0.01426	0.02047	0.02433	0.03716	0.02324	0.12025	0.59818	0.01389	0.02265	0.00988	0.00485	0.00777
18	0.01912	0.17330	0.52252	0.02349	0.03562	0.02366	0.02956	0.02803	0.01875	0.02690	0.01534	0.01799	0.01136	0.00833	0.00796	0.00265	0.01250	0.00625	0.00379	0.01288
19	0.01846	0.10168	0.58833	0.02462	0.03737	0.02203	0.03153	0.02820	0.01883	0.02771	0.01574	0.01850	0.01135	0.00843	0.00826	0.00275	0.01291	0.00645	0.00378	0.01307
20	0.02073	0.02680	0.12347	0.03624	0.04579	0.02240	0.52928	0.02862	0.02085	0.02862	0.01785	0.02350	0.01330	0.00766	0.01031	0.00299	0.01486	0.01008	0.00443	0.01221
21	0.03967	0.01598	0.02123	0.01627	0.02321	0.01427	0.01344	0.08616	0.02687	0.59164	0.03424	0.02976	0.02162	0.01105	0.00899	0.00276	0.00778	0.00892	0.01091	0.01522
22	0.02061	0.02314	0.04966	0.11320	0.04855	0.02229	0.52829	0.02796	0.02073	0.02796	0.01783	0.02410	0.01338	0.00771	0.01036	0.00301	0.01470	0.01024	0.00446	0.01181
23	0.01082	0.00811	0.01005	0.01160	0.01275	0.00734	0.00792	0.01255	0.01796	0.02318	0.05980	0.52900	0.20314	0.02666	0.01120	0.00348	0.00502	0.02377	0.00831	0.00734
24	0.01090	0.00779	0.01038	0.01246	0.01298	0.00727	0.00830	0.01246	0.01713	0.02284	0.04931	0.67975	0.05917	0.02803	0.01142	0.00363	0.00519	0.02543	0.00830	0.00727
25	0.02214	0.02126	0.03631	0.05491	0.62978	0.02126	0.02746	0.02746	0.02037	0.02923	0.01683	0.02214	0.01417	0.00797	0.00886	0.00266	0.01063	0.00797	0.00443	0.01417
26	0.01573	0.01174	0.01357	0.01340	0.01591	0.01168	0.00981	0.13719	0.02317	0.03026	0.05286	0.40420	0.17962	0.02313	0.01070	0.00329	0.00603	0.02025	0.00844	0.00902
27	0.02214	0.02126	0.03631	0.05491	0.62978	0.02126	0.02746	0.02746	0.02037	0.02923	0.01683	0.02214	0.01417	0.00797	0.00886	0.00266	0.01063	0.00797	0.00443	0.01417
28	0.01278	0.00959	0.01438	0.01438	0.01598	0.01118	0.01118	0.01598	0.01438	0.02077	0.02396	0.03515	0.02237	0.06710	0.65013	0.01438	0.02396	0.00959	0.00479	0.00799
29	0.03349	0.04052	0.02553	0.02275	0.02767	0.57471	0.01725	0.10373	0.02737	0.02605	0.01475	0.01678	0.01197	0.00940	0.00817	0.00235	0.01538	0.00604	0.00513	0.01096
30	0.01813	0.04497	0.60456	0.02622	0.03920	0.02089	0.06642	0.02835	0.01902	0.02835	0.01618	0.01920	0.01147	0.00844	0.00862	0.00284	0.01333	0.00684	0.00382	0.01315
31	0.01866	0.12398	0.56784	0.02427	0.03682	0.02254	0.03092	0.02815	0.01880	0.02745	0.01562	0.01834	0.01135	0.00840	0.00817	0.00272	0.01278	0.00639	0.00378	0.01301
32	0.01090	0.00779	0.01038	0.01246	0.01298	0.00727	0.00830	0.01246	0.01713	0.02284	0.04931	0.67975	0.05917	0.02803	0.01142	0.00363	0.00519	0.02543	0.00830	0.00727
33	0.01082	0.00810	0.01005	0.01161	0.01275	0.00734	0.00793	0.01255	0.01794	0.02317	0.05959	0.53204	0.20025	0.02669	0.01121	0.00348	0.00503	0.02380	0.00831	0.00734
34	0.01882	0.14071	0.55247	0.02401	0.03641	0.02292	0.03046	0.02811	0.01878	0.02727	0.01553	0.01822	0.01135	0.00838	0.00810	0.00270	0.01269	0.00634	0.00378	0.01297
35	0.01554	0.00777	0.01166	0.01166	0.01166	0.00777	0.00777	0.01166	0.01166	0.01554	0.01554	0.02720	0.01554	0.03108	0.03497	0.73970	0.00777	0.00777	0.00389	0.00389
36	0.02144	0.02322	0.04759	0.04314	0.23080	0.02219	0.41740	0.02828	0.02088	0.02884	0.01770	0.02350	0.01376	0.00768	0.01002	0.00290	0.01368	0.00974	0.00449	0.01273
37	0.02736	0.02938	0.03223	0.03907	0.32257	0.24440	0.05115	0.09231	0.02452	0.02954	0.01633	0.02004	0.01332	0.00869	0.00867	0.00255	0.01271	0.00733	0.00499	0.01283

[dist]
# distance from previous block
# <min> <max>
3	5

[block]
# block no. 2 follows, 19 sequences, length 6
# corresponding to MSA columns:
# 144-149
name=unknown_C
#
# <colnr> <probs for GDERKNQSTAVLIFYWHMCP>
#	G	D	E	R	K	N	Q	S	T	A	V	L	I	F	Y	W	H	M	C	P
0	0.24858	0.07375	0.01793	0.01336	0.01860	0.01588	0.01118	0.02844	0.02060	0.21714	0.08011	0.04053	0.10520	0.01321	0.00827	0.00285	0.00696	0.05838	0.00802	0.01103
1	0.02531	0.01711	0.01960	0.01551	0.02112	0.01664	0.01212	0.22274	0.02662	0.11934	0.02528	0.08243	0.02213	0.12278	0.01459	0.00340	0.00809	0.00970	0.00762	0.20786
2	0.44383	0.10008	0.01809	0.01254	0.01824	0.01919	0.01058	0.02745	0.01799	0.13425	0.02651	0.02656	0.09304	0.01057	0.00680	0.00269	0.00705	0.00737	0.00660	0.01055
3	0.02310	0.31072	0.03330	0.02230	0.12178	0.14517	0.01586	0.02602	0.01990	0.02340	0.06913	0.02611	0.02096	0.09368	0.01210	0.00304	0.01042	0.00753	0.00480	0.01069
4	0.02343	0.01970	0.01768	0.01650	0.02046	0.15960	0.01279	0.03033	0.13237	0.12750	0.04276	0.13188	0.12568	0.01666	0.00980	0.00304	0.00874	0.08230	0.00805	0.01075
5	0.11998	0.02019	0.01928	0.02143	0.11968	0.14967	0.01399	0.02544	0.06660	0.02901	0.11286	0.03998	0.14142	0.01768	0.06177	0.00369	0.01010	0.01056	0.00648	0.01020

[dist]
# distance from previous block
# <min> <max>
0	4

[block]
# block no. 3 follows, 19 sequences, length 62
# corresponding to MSA columns:
# 154-215
name=unknown_D
#
# <colnr> <probs for GDERKNQSTAVLIFYWHMCP>
#	G	D	E	R	K	N	Q	S	T	A	V	L	I	F	Y	W	H	M	C	P
0	0.03074	0.01726	0.02020	0.01625	0.02227	0.01726	0.01317	0.18227	0.11498	0.29124	0.04163	0.03836	0.12739	0.01318	0.00928	0.00283	0.00757	0.01066	0.00975	0.01372
1	0.02214	0.02126	0.03631	0.05491	0.62978	0.02126	0.02746	0.02746	0.02037	0.02923	0.01683	0.02214	0.01417	0.00797	0.00886	0.00266	0.01063	0.00797	0.00443	0.01417
2	0.01301	0.00867	0.00976	0.00976	0.00976	0.00867	0.00542	0.01301	0.01301	0.01735	0.02819	0.05855	0.03253	0.68559	0.04554	0.00867	0.00867	0.01301	0.00542	0.00542
3	0.02046	0.01703	0.01958	0.01416	0.02201	0.01388	0.01139	0.09388	0.02146	0.03252	0.01659	0.01891	0.01349	0.00713	0.00691	0.00149	0.00702	0.00564	0.00575	0.65068
4	0.01735	0.01574	0.01534	0.01436	0.01750	0.09103	0.01083	0.02632	0.17381	0.03256	0.31072	0.09653	0.10891	0.01669	0.00994	0.00288	0.00652	0.01424	0.00876	0.00997
5	0.01662	0.01134	0.01450	0.01463	0.01709	0.01127	0.01155	0.08937	0.02342	0.06019	0.16565	0.25798	0.05488	0.02200	0.01111	0.00345	0.00663	0.19031	0.00882	0.00918
6	0.02214	0.02126	0.03631	0.05491	0.62978	0.02126	0.02746	0.02746	0.02037	0.02923	0.01683	0.02214	0.01417	0.00797	0.00886	0.00266	0.01063	0.00797	0.00443	0.01417
7	0.01057	0.00906	0.00906	0.00906	0.01208	0.00755	0.00680	0.01284	0.02039	0.02417	0.09063	0.08610	0.62615	0.02266	0.01057	0.00302	0.00453	0.01888	0.00831	0.00755
8	0.02103	0.02388	0.05137	0.03691	0.04546	0.02289	0.56502	0.02826	0.02070	0.02826	0.01774	0.02388	0.01347	0.00799	0.01161	0.00307	0.05162	0.01041	0.00449	0.01194
9	0.02214	0.02126	0.03631	0.05491	0.62978	0.02126	0.02746	0.02746	0.02037	0.02923	0.01683	0.02214	0.01417	0.00797	0.00886	0.00266	0.01063	0.00797	0.00443	0.01417
10	0.01057	0.00906	0.00906	0.00906	0.01208	0.00755	0.00680	0.01284	0.02039	0.02417	0.09063	0.08610	0.62615	0.02266	0.01057	0.00302	0.00453	0.01888	0.00831	0.00755
11	0.01442	0.01030	0.01442	0.01648	0.01854	0.01030	0.01442	0.01854	0.02060	0.02677	0.04737	0.10092	0.05149	0.02471	0.01236	0.00412	0.00824	0.56956	0.00824	0.00824
12	0.02140	0.02305	0.03277	0.02657	0.02906	0.09311	0.14648	0.02462	0.01658	0.02314	0.01337	0.02021	0.01212	0.01318	0.02294	0.00354	0.45517	0.00821	0.00412	0.01035
13	0.01090	0.00779	0.01038	0.01246	0.01298	0.00727	0.00830	0.01246	0.01713	0.02284	0.04931	0.67975	0.05917	0.02803	0.01142	0.00363	0.00519	0.02543	0.00830	0.00727
14	0.03342	0.04264	0.02535	0.02305	0.02766	0.64967	0.01729	0.03572	0.02535	0.02190	0.01383	0.01613	0.01152	0.00922	0.00807	0.00230	0.01613	0.00576	0.00461	0.01037
15	0.05979	0.02448	0.02890	0.14342	0.21713	0.11375	0.02128	0.21677	0.02758	0.03652	0.01757	0.02101	0.01354	0.00925	0.00864	0.00268	0.01122	0.00753	0.00592	0.01302
16	0.03355	0.03882	0.02568	0.02251	0.02768	0.51450	0.01722	0.15835	0.02898	0.02939	0.01549	0.01730	0.01233	0.00955	0.00826	0.00239	0.01477	0.00626	0.00555	0.01142
17	0.01298	0.00903	0.01143	0.01087	0.01271	0.00846	0.00792	0.01668	0.02335	0.03341	0.50979	0.06347	0.07372	0.10020	0.01458	0.00349	0.00477	0.01524	0.05984	0.00806
18	0.02014	0.01921	0.03269	0.28790	0.41248	0.02073	0.02646	0.02570	0.01942	0.02679	0.01647	0.02280	0.01331	0.00834	0.00889	0.00278	0.01112	0.00796	0.00426	0.01255
19	0.02214	0.02126	0.03631	0.05491	0.62978	0.02126	0.02746	0.02746	0.02037	0.02923	0.01683	0.02214	0.01417	0.00797	0.00886	0.00266	0.01063	0.00797	0.00443	0.01417
20	0.01156	0.00910	0.01044	0.01010	0.01269	0.00797	0.00758	0.01476	0.02273	0.02972	0.34407	0.07696	0.36924	0.02059	0.01056	0.00292	0.00438	0.01760	0.00904	0.00797
21	0.03342	0.04264	0.02535	0.02305	0.02766	0.64967	0.01729	0.03572	0.02535	0.02190	0.01383	0.01613	0.01152	0.00922	0.00807	0.00230	0.01613	0.00576	0.00461	0.01037
22	0.17401	0.03125	0.02348	0.02029	0.02521	0.31892	0.01594	0.16269	0.02604	0.03344	0.01511	0.01740	0.01203	0.01003	0.00990	0.00265	0.07828	0.00632	0.00573	0.01130
23	0.01868	0.12595	0.56603	0.02424	0.03677	0.02258	0.03086	0.02814	0.01880	0.02743	0.01561	0.01833	0.01135	0.00840	0.00816	0.00272	0.01277	0.00639	0.00378	0.01301
24	0.04014	0.01523	0.02076	0.01592	0.02284	0.01315	0.01315	0.04360	0.02561	0.63597	0.03530	0.03045	0.02215	0.01107	0.00900	0.00277	0.00761	0.00900	0.01107	0.01523
25	0.01240	0.00993	0.01136	0.01200	0.01461	0.00924	0.00943	0.01666	0.06137	0.02559	0.07075	0.15955	0.36832	0.02311	0.01103	0.00338	0.00573	0.15903	0.00835	0.00815
26	0.12182	0.03951	0.02384	0.02165	0.02638	0.57186	0.01635	0.03456	0.02410	0.02415	0.01366	0.01594	0.01130	0.00911	0.00775	0.00236	0.01500	0.00565	0.00472	0.01029
27	0.01401	0.01106	0.01201	0.01105	0.01435	0.01028	0.00848	0.08644	0.02434	0.03117	0.21994	0.07314	0.41091	0.02006	0.01037	0.00293	0.00511	0.01685	0.00878	0.00873
28	0.01275	0.00856	0.00984	0.01009	0.01016	0.00850	0.00578	0.01294	0.01352	0.01803	0.03081	0.13565	0.03583	0.60397	0.04130	0.00805	0.00824	0.01455	0.00578	0.00565
29	0.02029	0.02242	0.04805	0.03508	0.04327	0.02110	0.52526	0.02741	0.02105	0.02842	0.02172	0.03362	0.01826	0.00966	0.01078	0.00315	0.01424	0.07964	0.00498	0.01159
30	0.02187	0.02098	0.03583	0.08624	0.60056	0.02119	0.02732	0.02722	0.02024	0.02890	0.01678	0.02223	0.01406	0.00802	0.00886	0.00267	0.01070	0.00797	0.00441	0.01395
31	0.04014	0.01523	0.02076	0.01592	0.02284	0.01315	0.01315	0.04360	0.02561	0.63597	0.03530	0.03045	0.02215	0.01107	0.00900	0.00277	0.00761	0.00900	0.01107	0.01523
32	0.01556	0.01133	0.01421	0.01371	0.01639	0.01120	0.01096	0.08894	0.02551	0.03482	0.34576	0.10304	0.09194	0.01973	0.01087	0.00319	0.00602	0.15853	0.00917	0.00912
33	0.01706	0.01085	0.01329	0.01273	0.01605	0.01001	0.01021	0.02160	0.05463	0.12195	0.18788	0.07369	0.25452	0.01979	0.01064	0.00318	0.00589	0.13749	0.00910	0.00944
34	0.01439	0.01056	0.01506	0.01799	0.04986	0.01050	0.01434	0.01825	0.02016	0.02642	0.04601	0.16832	0.05048	0.02425	0.01206	0.00398	0.00799	0.47291	0.00805	0.00843
35	0.01301	0.00867	0.00976	0.00976	0.00976	0.00867	0.00542	0.01301	0.01301	0.01735	0.02819	0.05855	0.03253	0.68559	0.04554	0.00867	0.00867	0.01301	0.00542	0.00542
36	0.01090	0.00779	0.01038	0.01246	0.01298	0.00727	0.00830	0.01246	0.01713	0.02284	0.04931	0.67975	0.05917	0.02803	0.01142	0.00363	0.00519	0.02543	0.00830	0.00727
37	0.01057	0.00906	0.00906	0.00906	0.01208	0.00755	0.00680	0.01284	0.02039	0.02417	0.09063	0.08610	0.62615	0.02266	0.01057	0.00302	0.00453	0.01888	0.00831	0.00755
38	0.01794	0.04628	0.63923	0.02550	0.03872	0.02078	0.03305	0.02833	0.01889	0.02833	0.01606	0.01889	0.01133	0.00850	0.00850	0.00283	0.01322	0.00661	0.00378	0.01322
39	0.01086	0.00794	0.01022	0.01204	0.01287	0.00730	0.00812	0.01250	0.01753	0.02300	0.05442	0.60638	0.12924	0.02736	0.01131	0.00356	0.00511	0.02462	0.00831	0.00730
40	0.01278	0.00923	0.01213	0.01162	0.01373	0.00857	0.00886	0.01700	0.02500	0.03524	0.58481	0.06920	0.08212	0.01874	0.01068	0.00290	0.00450	0.05473	0.00974	0.00843
41	0.03005	0.03568	0.02457	0.02332	0.05495	0.46057	0.01697	0.03834	0.17461	0.02619	0.01971	0.02080	0.01566	0.00990	0.00837	0.00251	0.01357	0.00697	0.00574	0.01151
42	0.02214	0.02126	0.03631	0.05491	0.62978	0.02126	0.02746	0.02746	0.02037	0.02923	0.01683	0.02214	0.01417	0.00797	0.00886	0.00266	0.01063	0.00797	0.00443	0.01417
43	0.02225	0.01922	0.02023	0.01821	0.02326	0.02225	0.01416	0.04754	0.61361	0.03742	0.03641	0.03338	0.02731	0.01214	0.00910	0.00303	0.00708	0.01011	0.00910	0.01416
44	0.01118	0.00875	0.01013	0.01049	0.01264	0.00770	0.00760	0.01375	0.02079	0.02676	0.21392	0.23451	0.34401	0.02295	0.01079	0.00313	0.00462	0.01990	0.00869	0.00770
45	0.01794	0.04628	0.63923	0.02550	0.03872	0.02078	0.03305	0.02833	0.01889	0.02833	0.01606	0.01889	0.01133	0.00850	0.00850	0.00283	0.01322	0.00661	0.00378	0.01322
46	0.01289	0.00917	0.01227	0.01227	0.01314	0.01004	0.00855	0.01462	0.01375	0.01921	0.02589	0.04582	0.02700	0.34924	0.37433	0.01178	0.01699	0.01115	0.00508	0.00682
47	0.02214	0.02126	0.03631	0.05491	0.62978	0.02126	0.02746	0.02746	0.02037	0.02923	0.01683	0.02214	0.01417	0.00797	0.00886	0.00266	0.01063	0.00797	0.00443	0.01417
48	0.02857	0.17933	0.02824	0.01936	0.02471	0.36926	0.01552	0.09067	0.02493	0.02564	0.02382	0.02495	0.08786	0.01070	0.00796	0.00235	0.01259	0.00741	0.00535	0.01078
49	0.01794	0.04628	0.63923	0.02550	0.03872	0.02078	0.03305	0.02833	0.01889	0.02833	0.01606	0.01889	0.01133	0.00850	0.00850	0.00283	0.01322	0.00661	0.00378	0.01322
50	0.02214	0.02126	0.03631	0.05491	0.62978	0.02126	0.02746	0.02746	0.02037	0.02923	0.01683	0.02214	0.01417	0.00797	0.00886	0.00266	0.01063	0.00797	0.00443	0.01417
51	0.02895	0.03515	0.03283	0.03160	0.13691	0.41259	0.13663	0.03285	0.02362	0.02455	0.01522	0.01881	0.01240	0.00866	0.00871	0.00251	0.01496	0.00712	0.00456	0.01138
52	0.02279	0.01821	0.02018	0.01828	0.02303	0.02040	0.01484	0.15919	0.33977	0.03880	0.03598	0.04798	0.03085	0.01503	0.00990	0.00323	0.00797	0.15184	0.00885	0.01288
53	0.03612	0.02168	0.02476	0.01898	0.02606	0.02273	0.01568	0.40874	0.03641	0.25558	0.02623	0.02456	0.01760	0.01085	0.00897	0.00271	0.00908	0.00838	0.00968	0.01522
54	0.01948	0.02002	0.03842	0.31280	0.16298	0.02117	0.24155	0.02591	0.01958	0.02625	0.01691	0.02364	0.01297	0.00823	0.00954	0.00293	0.01287	0.00894	0.00427	0.01154
55	0.01821	0.01792	0.01753	0.01654	0.01830	0.15325	0.01248	0.02045	0.01645	0.02047	0.02102	0.03344	0.02058	0.16445	0.31827	0.00935	0.09910	0.00917	0.00476	0.00825
56	0.01080	0.00874	0.00960	0.01008	0.01240	0.00754	0.00729	0.01302	0.01991	0.02465	0.11736	0.23562	0.44432	0.02372	0.01079	0.00316	0.00468	0.02036	0.00841	0.00754
57	0.02225	0.01922	0.02023	0.01821	0.02326	0.02225	0.01416	0.04754	0.61361	0.03742	0.03641	0.03338	0.02731	0.01214	0.00910	0.00303	0.00708	0.01011	0.00910	0.01416
58	0.03050	0.02332	0.02488	0.01988	0.02641	0.02611	0.01616	0.43522	0.21250	0.05073	0.02593	0.02503	0.01882	0.01116	0.00900	0.00279	0.00902	0.00867	0.00900	0.01490
59	0.01422	0.01140	0.01683	0.02265	0.16902	0.01113	0.01254	0.01639	0.01705	0.02325	0.03641	0.37590	0.04187	0.16766	0.01828	0.00449	0.00734	0.01826	0.00668	0.00862
60	0.02392	0.69097	0.04688	0.01531	0.02296	0.03540	0.01531	0.02679	0.01818	0.02105	0.01244	0.01435	0.01148	0.00765	0.00574	0.00191	0.00957	0.00478	0.00383	0.01148
61	0.01057	0.00906	0.00906	0.00906	0.01208	0.00755	0.00680	0.01284	0.02039	0.02417	0.09063	0.08610	0.62615	0.02266	0.01057	0.00302	0.00453	0.01888	0.00831	0.00755

[dist]
# distance from previous block
# <min> <max>
0	15

[block]
# block no. 4 follows, 19 sequences, length 18
# corresponding to MSA columns:
# 231-248
name=unknown_E
#
# <colnr> <probs for GDERKNQSTAVLIFYWHMCP>
#	G	D	E	R	K	N	Q	S	T	A	V	L	I	F	Y	W	H	M	C	P
0	0.02490	0.62389	0.04465	0.01611	0.02345	0.09895	0.01551	0.02771	0.01892	0.02114	0.01258	0.01454	0.01149	0.00782	0.00598	0.00195	0.01025	0.00488	0.00391	0.01137
1	0.01668	0.00834	0.00834	0.00834	0.01042	0.00834	0.00625	0.02085	0.01876	0.03335	0.02918	0.03335	0.02293	0.01042	0.00625	0.00208	0.00417	0.00834	0.73525	0.00834
2	0.01112	0.00820	0.00999	0.01131	0.01233	0.00753	0.00756	0.01262	0.01730	0.02238	0.05581	0.45828	0.18480	0.11790	0.01595	0.00419	0.00552	0.02222	0.00791	0.00708
3	0.01278	0.00959	0.01438	0.01438	0.01598	0.01118	0.01118	0.01598	0.01438	0.02077	0.02396	0.03515	0.02237	0.06710	0.65013	0.01438	0.02396	0.00959	0.00479	0.00799
4	0.01090	0.00779	0.01038	0.01246	0.01298	0.00727	0.00830	0.01246	0.01713	0.02284	0.04931	0.67975	0.05917	0.02803	0.01142	0.00363	0.00519	0.02543	0.00830	0.00727
5	0.01139	0.00813	0.01094	0.01301	0.01375	0.00769	0.00915	0.01330	0.01761	0.02338	0.04904	0.59956	0.05811	0.02757	0.01155	0.00370	0.00561	0.10082	0.00830	0.00740
6	0.02217	0.02078	0.03253	0.04627	0.48693	0.02149	0.02433	0.03219	0.16010	0.03116	0.02144	0.02479	0.01727	0.00895	0.00892	0.00275	0.00979	0.00848	0.00553	0.01417
7	0.12172	0.31460	0.30227	0.01929	0.02910	0.02686	0.02232	0.02740	0.01808	0.02689	0.01403	0.01637	0.01117	0.00812	0.00692	0.00244	0.01081	0.00559	0.00404	0.01200
8	0.01906	0.02872	0.24291	0.02433	0.03442	0.01798	0.18258	0.02625	0.01939	0.02873	0.01657	0.02023	0.01268	0.00753	0.00837	0.00232	0.01128	0.00723	0.00456	0.28487
9	0.10801	0.01863	0.02522	0.40703	0.04691	0.02210	0.02086	0.18479	0.02434	0.03428	0.01706	0.02209	0.01258	0.00937	0.00854	0.00287	0.01075	0.00761	0.00555	0.01139
10	0.18307	0.01440	0.01403	0.01316	0.01738	0.01547	0.01036	0.02782	0.21706	0.03238	0.05218	0.05306	0.25214	0.01600	0.00904	0.00303	0.00614	0.04504	0.00794	0.01028
11	0.02575	0.02748	0.03076	0.11382	0.03569	0.21070	0.14986	0.09038	0.16354	0.03061	0.02116	0.02361	0.01613	0.00963	0.00909	0.00277	0.01256	0.00841	0.00599	0.01207
12	0.02220	0.01711	0.01886	0.01705	0.02144	0.01898	0.01312	0.11559	0.36126	0.06988	0.03732	0.18381	0.03285	0.01563	0.00962	0.00311	0.00705	0.01338	0.00900	0.01274
13	0.01846	0.01249	0.01359	0.01211	0.01409	0.01312	0.00826	0.15234	0.02065	0.02876	0.02675	0.04633	0.02712	0.43310	0.03148	0.00635	0.00833	0.01120	0.10736	0.00813
14	0.01287	0.00861	0.00980	0.00994	0.00997	0.00858	0.00561	0.01297	0.01329	0.01771	0.02960	0.10015	0.03431	0.64155	0.04325	0.00834	0.00844	0.01384	0.00561	0.00554
15	0.01420	0.16429	0.01872	0.01189	0.01510	0.01405	0.00952	0.01690	0.02024	0.02594	0.19094	0.21735	0.21003	0.01956	0.00968	0.00288	0.00577	0.01670	0.00766	0.00859
16	0.01794	0.04628	0.63923	0.02550	0.03872	0.02078	0.03305	0.02833	0.01889	0.02833	0.01606	0.01889	0.01133	0.00850	0.00850	0.00283	0.01322	0.00661	0.00378	0.01322
17	0.01864	0.12120	0.57039	0.02431	0.03689	0.02248	0.03099	0.02815	0.01881	0.02749	0.01563	0.01836	0.01135	0.00840	0.00818	0.00273	0.01280	0.00640	0.00378	0.01302

[dist]
# distance from previous block
# <min> <max>
0	1

[block]
# block no. 5 follows, 19 sequences, length 26
# corresponding to MSA columns:
# 250-275
name=unknown_F
#
# <colnr> <probs for GDERKNQSTAVLIFYWHMCP>
#	G	D	E	R	K	N	Q	S	T	A	V	L	I	F	Y	W	H	M	C	P
0	0.02085	0.35961	0.35134	0.02055	0.03106	0.02788	0.02443	0.02758	0.01854	0.02479	0.01430	0.01668	0.01140	0.00809	0.00716	0.00239	0.01145	0.00572	0.00380	0.01238
1	0.01823	0.22528	0.30563	0.01876	0.02757	0.02185	0.02149	0.02473	0.02005	0.02749	0.14125	0.03087	0.05978	0.01099	0.00822	0.00257	0.00987	0.00867	0.00526	0.01144
2	0.03028	0.03791	0.03236	0.02679	0.03254	0.48948	0.16546	0.03392	0.02427	0.02362	0.01492	0.01818	0.01205	0.00879	0.00870	0.00249	0.01587	0.00699	0.00459	0.01080
3	0.02037	0.25954	0.29150	0.02155	0.02972	0.02734	0.02379	0.02618	0.01741	0.02423	0.01379	0.01751	0.01148	0.00992	0.01254	0.00278	0.16844	0.00628	0.00383	0.01181
4	0.01955	0.04403	0.59446	0.02481	0.03757	0.02023	0.03161	0.02944	0.01937	0.07232	0.01745	0.01973	0.01212	0.00869	0.00854	0.00283	0.01282	0.00678	0.00431	0.01337
5	0.03096	0.02354	0.02513	0.01997	0.02658	0.02632	0.01627	0.45673	0.19024	0.05147	0.02535	0.02456	0.01835	0.01110	0.00899	0.00278	0.00913	0.00859	0.00899	0.01494
6	0.01076	0.00833	0.00982	0.01102	0.01260	0.00739	0.00767	0.01262	0.01851	0.02340	0.06681	0.42838	0.29924	0.02575	0.01106	0.00337	0.00491	0.02266	0.00831	0.00739
7	0.01301	0.00867	0.00976	0.00976	0.00976	0.00867	0.00542	0.01301	0.01301	0.01735	0.02819	0.05855	0.03253	0.68559	0.04554	0.00867	0.00867	0.01301	0.00542	0.00542
8	0.02392	0.69097	0.04688	0.01531	0.02296	0.03540	0.01531	0.02679	0.01818	0.02105	0.01244	0.01435	0.01148	0.00765	0.00574	0.00191	0.00957	0.00478	0.00383	0.01148
9	0.01090	0.00779	0.01038	0.01246	0.01298	0.00727	0.00830	0.01246	0.01713	0.02284	0.04931	0.67975	0.05917	0.02803	0.01142	0.00363	0.00519	0.02543	0.00830	0.00727
10	0.01668	0.00834	0.00834	0.00834	0.01042	0.00834	0.00625	0.02085	0.01876	0.03335	0.02918	0.03335	0.02293	0.01042	0.00625	0.00208	0.00417	0.00834	0.73525	0.00834
11	0.02034	0.07734	0.46474	0.02354	0.03429	0.12059	0.02782	0.02860	0.02034	0.02747	0.05959	0.02168	0.01666	0.00928	0.00843	0.00270	0.01284	0.00707	0.00435	0.01233
12	0.01794	0.04628	0.63923	0.02550	0.03872	0.02078	0.03305	0.02833	0.01889	0.02833	0.01606	0.01889	0.01133	0.00850	0.00850	0.00283	0.01322	0.00661	0.00378	0.01322
13	0.02392	0.69097	0.04688	0.01531	0.02296	0.03540	0.01531	0.02679	0.01818	0.02105	0.01244	0.01435	0.01148	0.00765	0.00574	0.00191	0.00957	0.00478	0.00383	0.01148
14	0.02214	0.02126	0.03631	0.05491	0.62978	0.02126	0.02746	0.02746	0.02037	0.02923	0.01683	0.02214	0.01417	0.00797	0.00886	0.00266	0.01063	0.00797	0.00443	0.01417
15	0.02214	0.02126	0.03631	0.05491	0.62978	0.02126	0.02746	0.02746	0.02037	0.02923	0.01683	0.02214	0.01417	0.00797	0.00886	0.00266	0.01063	0.00797	0.00443	0.01417
16	0.01794	0.04628	0.63923	0.02550	0.03872	0.02078	0.03305	0.02833	0.01889	0.02833	0.01606	0.01889	0.01133	0.00850	0.00850	0.00283	0.01322	0.00661	0.00378	0.01322
17	0.01278	0.00959	0.01438	0.01438	0.01598	0.01118	0.01118	0.01598	0.01438	0.02077	0.02396	0.03515	0.02237	0.06710	0.65013	0.01438	0.02396	0.00959	0.00479	0.00799
18	0.03241	0.11179	0.02765	0.02222	0.02716	0.58415	0.01708	0.03477	0.02459	0.02181	0.01368	0.01594	0.01152	0.00905	0.00782	0.00226	0.01543	0.00566	0.00453	0.01049
19	0.01278	0.00959	0.01438	0.01438	0.01598	0.01118	0.01118	0.01598	0.01438	0.02077	0.02396	0.03515	0.02237	0.06710	0.65013	0.01438	0.02396	0.00959	0.00479	0.00799
20	0.02392	0.69097	0.04688	0.01531	0.02296	0.03540	0.01531	0.02679	0.01818	0.02105	0.01244	0.01435	0.01148	0.00765	0.00574	0.00191	0.00957	0.00478	0.00383	0.01148
21	0.01189	0.00918	0.01089	0.01065	0.01313	0.00818	0.00811	0.01529	0.02299	0.03045	0.36801	0.07688	0.30869	0.02049	0.01067	0.00298	0.00459	0.04977	0.00911	0.00806
22	0.01794	0.04628	0.63923	0.02550	0.03872	0.02078	0.03305	0.02833	0.01889	0.02833	0.01606	0.01889	0.01133	0.00850	0.00850	0.00283	0.01322	0.00661	0.00378	0.01322
23	0.01794	0.04628	0.63923	0.02550	0.03872	0.02078	0.03305	0.02833	0.01889	0.02833	0.01606	0.01889	0.01133	0.00850	0.00850	0.00283	0.01322	0.00661	0.00378	0.01322
24	0.02180	0.02091	0.03570	0.09464	0.59272	0.02117	0.02729	0.02716	0.02021	0.02881	0.01677	0.02225	0.01402	0.00803	0.00886	0.00268	0.01071	0.00797	0.00440	0.01390
25	0.02477	0.02652	0.03462	0.04635	0.45343	0.17122	0.05703	0.02950	0.02160	0.02745	0.01618	0.02082	0.01351	0.00824	0.00876	0.00259	0.01219	0.00759	0.00448	0.01315

[dist]
# distance from previous block
# <min> <max>
0	1

[block]
# block no. 6 follows, 19 sequences, length 10
# corresponding to MSA columns:
# 277-286
name=unknown_G
#
# <colnr> <probs for GDERKNQSTAVLIFYWHMCP>
#	G	D	E	R	K	N	Q	S	T	A	V	L	I	F	Y	W	H	M	C	P
0	0.02854	0.02272	0.02262	0.01811	0.02412	0.07116	0.01467	0.42054	0.03576	0.04627	0.03688	0.03601	0.15621	0.01338	0.00926	0.00273	0.00910	0.01038	0.00847	0.01307
1	0.02065	0.01973	0.03361	0.22848	0.46790	0.02086	0.02671	0.02615	0.01966	0.02741	0.01656	0.02263	0.01353	0.00825	0.00888	0.00275	0.01100	0.00797	0.00430	0.01297
2	0.01346	0.00961	0.01332	0.01538	0.01702	0.00947	0.01276	0.01688	0.01965	0.02570	0.04790	0.25825	0.05358	0.02562	0.01210	0.00399	0.00741	0.42166	0.00826	0.00797
3	0.02214	0.02126	0.03631	0.05491	0.62978	0.02126	0.02746	0.02746	0.02037	0.02923	0.01683	0.02214	0.01417	0.00797	0.00886	0.00266	0.01063	0.00797	0.00443	0.01417
4	0.02056	0.01964	0.03346	0.23835	0.45869	0.02084	0.02667	0.02607	0.01962	0.02731	0.01655	0.02266	0.01350	0.00826	0.00888	0.00275	0.01102	0.00797	0.00429	0.01290
5	0.02024	0.01932	0.03288	0.27529	0.42424	0.02076	0.02651	0.02579	0.01947	0.02692	0.01649	0.02276	0.01336	0.00832	0.00889	0.00277	0.01110	0.00796	0.00426	0.01264
6	0.15712	0.01954	0.10979	0.01615	0.02233	0.01591	0.01497	0.06989	0.05621	0.19505	0.14622	0.03816	0.03282	0.01273	0.00887	0.00290	0.00782	0.05330	0.00825	0.01195
7	0.02590	0.03124	0.03660	0.02884	0.03513	0.30908	0.28115	0.03053	0.02272	0.02506	0.01879	0.07608	0.01650	0.01005	0.00949	0.00274	0.01473	0.00962	0.00488	0.01088
8	0.33232	0.02410	0.02094	0.02193	0.11212	0.16604	0.01492	0.07468	0.06268	0.03517	0.04564	0.02045	0.01608	0.00941	0.00738	0.00266	0.00971	0.00669	0.00588	0.01120
9	0.03060	0.02923	0.02380	0.02045	0.02598	0.26132	0.01596	0.17510	0.21090	0.07909	0.02417	0.02376	0.01804	0.01062	0.00867	0.00265	0.01122	0.00789	0.00750	0.01305

[dist]
# distance from previous block
# <min> <max>
2	6

[block]
# block no. 7 follows, 19 sequences, length 18
# corresponding to MSA columns:
# 293-310
name=unknown_H
#
# <colnr> <probs for GDERKNQSTAVLIFYWHMCP>
#	G	D	E	R	K	N	Q	S	T	A	V	L	I	F	Y	W	H	M	C	P
0	0.06428	0.01615	0.02153	0.02280	0.13337	0.01589	0.01539	0.03534	0.13000	0.27200	0.03681	0.04045	0.07477	0.01291	0.00929	0.00295	0.00784	0.06633	0.00869	0.01321
1	0.21786	0.01825	0.01677	0.01542	0.01973	0.06839	0.01188	0.08961	0.18876	0.03515	0.03212	0.16387	0.05816	0.01460	0.00860	0.00299	0.00752	0.01180	0.00755	0.01097
2	0.07927	0.03090	0.34969	0.01945	0.02891	0.01675	0.02237	0.02830	0.02020	0.14855	0.03346	0.03335	0.12788	0.01163	0.00875	0.00285	0.00999	0.00923	0.00620	0.01228
3	0.03134	0.03869	0.02738	0.02893	0.13884	0.53363	0.01916	0.03420	0.02443	0.02325	0.01438	0.01724	0.01201	0.00899	0.00821	0.00237	0.01512	0.00617	0.00458	0.01107
4	0.02070	0.02061	0.03755	0.19400	0.37453	0.02122	0.14625	0.02663	0.01995	0.02762	0.01688	0.02296	0.01352	0.00811	0.00923	0.00281	0.01187	0.00851	0.00434	0.01274
5	0.03229	0.04027	0.02483	0.02256	0.02721	0.58621	0.01697	0.03692	0.08485	0.02347	0.01611	0.01788	0.01312	0.00951	0.00817	0.00238	0.01522	0.00620	0.00506	0.01075
6	0.01107	0.00908	0.00976	0.00959	0.01239	0.00777	0.00719	0.01381	0.02158	0.02698	0.21886	0.08148	0.49616	0.02161	0.01057	0.00297	0.00446	0.01823	0.00868	0.00777
7	0.01278	0.00959	0.01438	0.01438	0.01598	0.01118	0.01118	0.01598	0.01438	0.02077	0.02396	0.03515	0.02237	0.06710	0.65013	0.01438	0.02396	0.00959	0.00479	0.00799
8	0.04014	0.01523	0.02076	0.01592	0.02284	0.01315	0.01315	0.04360	0.02561	0.63597	0.03530	0.03045	0.02215	0.01107	0.00900	0.00277	0.00761	0.00900	0.01107	0.01523
9	0.02392	0.69097	0.04688	0.01531	0.02296	0.03540	0.01531	0.02679	0.01818	0.02105	0.01244	0.01435	0.01148	0.00765	0.00574	0.00191	0.00957	0.00478	0.00383	0.01148
10	0.01057	0.00906	0.00906	0.00906	0.01208	0.00755	0.00680	0.01284	0.02039	0.02417	0.09063	0.08610	0.62615	0.02266	0.01057	0.00302	0.00453	0.01888	0.00831	0.00755
11	0.02344	0.01981	0.02090	0.01845	0.02372	0.02281	0.01445	0.10341	0.55581	0.03934	0.03490	0.03218	0.02609	0.01200	0.00909	0.00300	0.00736	0.00991	0.00909	0.01427
12	0.02164	0.01852	0.01977	0.01807	0.02289	0.02131	0.01418	0.04526	0.56699	0.03659	0.03727	0.03869	0.02921	0.01313	0.00936	0.00312	0.00717	0.05410	0.00904	0.01370
13	0.01294	0.00896	0.01123	0.01123	0.01174	0.00947	0.00726	0.01395	0.01345	0.01844	0.02684	0.05110	0.02929	0.48868	0.23802	0.01049	0.01354	0.01192	0.00522	0.00624
14	0.01301	0.00867	0.00976	0.00976	0.00976	0.00867	0.00542	0.01301	0.01301	0.01735	0.02819	0.05855	0.03253	0.68559	0.04554	0.00867	0.00867	0.01301	0.00542	0.00542
15	0.02214	0.02126	0.03631	0.05491	0.62978	0.02126	0.02746	0.02746	0.02037	0.02923	0.01683	0.02214	0.01417	0.00797	0.00886	0.00266	0.01063	0.00797	0.00443	0.01417
16	0.02159	0.02070	0.03532	0.11879	0.57020	0.02111	0.02718	0.02697	0.02011	0.02856	0.01673	0.02232	0.01394	0.00807	0.00887	0.00269	0.01076	0.00797	0.00438	0.01373
17	0.01761	0.01318	0.01784	0.02120	0.14435	0.01257	0.01340	0.02295	0.06835	0.08975	0.14441	0.06151	0.24523	0.01712	0.01012	0.00300	0.00666	0.07224	0.00807	0.01044

[dist]
# distance from previous block
# <min> <max>
0	0

# created by:
# /home/cegg/simao/soft/augustus-3.2.1/scripts/msa2prfl.pl ./align_prep/10722.fa
