[name]
unknown

[dist]
# distance from previous block
# <min> <max>
0	0

[block]
# block no. 0 follows, 22 sequences, length 210
# corresponding to MSA columns:
# 0-209
name=unknown_A
#
# <colnr> <probs for GDERKNQSTAVLIFYWHMCP>
#	G	D	E	R	K	N	Q	S	T	A	V	L	I	F	Y	W	H	M	C	P
0	0.01339	0.00956	0.01339	0.01530	0.01721	0.00956	0.01339	0.01721	0.01912	0.02486	0.04399	0.09371	0.04781	0.02295	0.01147	0.00382	0.00765	0.60031	0.00765	0.00765
1	0.02066	0.01785	0.01878	0.01691	0.02160	0.02066	0.01315	0.04414	0.64121	0.03475	0.03381	0.03099	0.02536	0.01127	0.00845	0.00282	0.00657	0.00939	0.00845	0.01315
2	0.02221	0.71304	0.04353	0.01421	0.02132	0.03287	0.01421	0.02488	0.01688	0.01955	0.01155	0.01333	0.01066	0.00711	0.00533	0.00178	0.00888	0.00444	0.00355	0.01066
3	0.01196	0.00852	0.01144	0.01144	0.01226	0.00935	0.00800	0.01361	0.01278	0.01787	0.02400	0.04233	0.02498	0.35026	0.39292	0.01099	0.01592	0.01032	0.00471	0.00635
4	0.01981	0.02003	0.03729	0.10813	0.42079	0.01998	0.19908	0.02540	0.01889	0.02641	0.01588	0.02125	0.01280	0.00737	0.00869	0.00259	0.01118	0.00810	0.00410	0.01221
5	0.01474	0.01511	0.07690	0.04590	0.01963	0.01333	0.01229	0.02490	0.21505	0.02891	0.16899	0.05291	0.21759	0.01538	0.00921	0.00280	0.00618	0.04280	0.00763	0.00975
6	0.03727	0.01414	0.01928	0.01478	0.02121	0.01221	0.01221	0.04049	0.02378	0.66198	0.03277	0.02828	0.02056	0.01028	0.00835	0.00257	0.00707	0.00835	0.01028	0.01414
7	0.02479	0.02464	0.15063	0.01845	0.02545	0.02138	0.01731	0.37938	0.06795	0.04248	0.07946	0.02769	0.06083	0.01096	0.00846	0.00257	0.00884	0.00863	0.00739	0.01269
8	0.13831	0.01794	0.01842	0.01606	0.02100	0.05709	0.01306	0.14226	0.19886	0.13916	0.02809	0.03486	0.02272	0.01202	0.00833	0.00280	0.00777	0.10162	0.00785	0.01178
9	0.02621	0.01847	0.01985	0.01586	0.02091	0.02025	0.01281	0.43722	0.03183	0.04438	0.02194	0.02472	0.01683	0.04953	0.03710	0.00312	0.00847	0.00784	0.17069	0.01197
10	0.00992	0.00800	0.00884	0.00952	0.01151	0.00692	0.00680	0.01180	0.01788	0.02201	0.07077	0.29726	0.44418	0.02278	0.01009	0.00300	0.00442	0.01966	0.00771	0.00692
11	0.01699	0.08289	0.62798	0.02311	0.03508	0.02010	0.02971	0.02622	0.01750	0.02591	0.01471	0.01729	0.01053	0.00785	0.00774	0.00258	0.01208	0.00604	0.00351	0.01218
12	0.01666	0.04297	0.66500	0.02368	0.03596	0.01929	0.03069	0.02631	0.01754	0.02631	0.01491	0.01754	0.01052	0.00789	0.00789	0.00263	0.01228	0.00614	0.00351	0.01228
13	0.01117	0.00859	0.01046	0.01154	0.01356	0.00788	0.00915	0.01376	0.01839	0.02307	0.06190	0.21024	0.31361	0.02273	0.01058	0.00329	0.00558	0.22961	0.00769	0.00719
14	0.09290	0.01938	0.03163	0.04711	0.59416	0.01963	0.02390	0.02539	0.01845	0.02812	0.01523	0.01988	0.01276	0.00743	0.00793	0.00248	0.00954	0.00712	0.00421	0.01276
15	0.05405	0.15939	0.15543	0.04582	0.02732	0.25950	0.01829	0.06133	0.09601	0.02549	0.01595	0.01761	0.01255	0.00851	0.00727	0.00231	0.01150	0.00599	0.00471	0.01097
16	0.00985	0.00830	0.00854	0.00873	0.01130	0.00699	0.00645	0.01189	0.01863	0.02232	0.08031	0.14239	0.59289	0.02154	0.00990	0.00286	0.00427	0.01814	0.00771	0.00699
17	0.01549	0.00774	0.00774	0.00774	0.00968	0.00774	0.00581	0.01936	0.01742	0.03097	0.02710	0.03097	0.02129	0.00968	0.00581	0.00194	0.00387	0.00774	0.75416	0.00774
18	0.03099	0.02540	0.02444	0.01934	0.02555	0.12032	0.01570	0.51405	0.06513	0.04685	0.01956	0.01974	0.01416	0.00983	0.00820	0.00246	0.00987	0.00726	0.00773	0.01342
19	0.01690	0.07164	0.63841	0.02327	0.03533	0.01987	0.02999	0.02625	0.01751	0.02602	0.01476	0.01736	0.01053	0.00786	0.00778	0.00259	0.01213	0.00607	0.00351	0.01221
20	0.01012	0.00723	0.00964	0.01157	0.01205	0.00675	0.00771	0.01157	0.01591	0.02121	0.04579	0.70262	0.05495	0.02603	0.01060	0.00337	0.00482	0.02362	0.00771	0.00675
21	0.01010	0.00732	0.00954	0.01132	0.01198	0.00677	0.00760	0.01160	0.01615	0.02131	0.04884	0.65313	0.10247	0.02563	0.01054	0.00333	0.00477	0.02313	0.00771	0.00677
22	0.02977	0.03774	0.02264	0.02063	0.02482	0.63492	0.01547	0.03191	0.02327	0.02046	0.01709	0.01885	0.04895	0.00930	0.00763	0.00218	0.01434	0.00608	0.00448	0.00947
23	0.03563	0.01677	0.02091	0.01603	0.02252	0.01612	0.01324	0.21011	0.02819	0.48613	0.02907	0.02587	0.01871	0.01019	0.00834	0.00255	0.00767	0.00810	0.00971	0.01413
24	0.02035	0.01913	0.03039	0.07490	0.50412	0.01986	0.02298	0.02892	0.13979	0.02834	0.01912	0.02267	0.01543	0.00820	0.00827	0.00255	0.00929	0.00779	0.00494	0.01297
25	0.01666	0.04297	0.66500	0.02368	0.03596	0.01929	0.03069	0.02631	0.01754	0.02631	0.01491	0.01754	0.01052	0.00789	0.00789	0.00263	0.01228	0.00614	0.00351	0.01228
26	0.01702	0.08609	0.62501	0.02307	0.03501	0.02017	0.02963	0.02622	0.01750	0.02587	0.01469	0.01727	0.01053	0.00784	0.00773	0.00258	0.01206	0.00603	0.00351	0.01217
27	0.01917	0.23938	0.41164	0.02151	0.03163	0.05426	0.06345	0.02623	0.01776	0.02405	0.01394	0.01649	0.01071	0.00763	0.00724	0.00237	0.01151	0.00584	0.00360	0.01161
28	0.01168	0.00889	0.01082	0.01051	0.01274	0.00824	0.00796	0.01590	0.04929	0.02971	0.42573	0.09358	0.21859	0.01843	0.00986	0.00276	0.00433	0.04457	0.00862	0.00781
29	0.01202	0.00828	0.01019	0.01019	0.01059	0.00867	0.00645	0.01281	0.01242	0.01695	0.02514	0.04862	0.02771	0.53735	0.20957	0.00945	0.01181	0.01124	0.00488	0.00566
30	0.03003	0.03749	0.02308	0.02097	0.02529	0.61129	0.01577	0.03424	0.08342	0.02173	0.01487	0.01653	0.01212	0.00882	0.00758	0.00221	0.01417	0.00574	0.00468	0.00997
31	0.02056	0.01974	0.03372	0.05099	0.65622	0.01974	0.02550	0.02550	0.01892	0.02714	0.01563	0.02056	0.01316	0.00740	0.00822	0.00247	0.00987	0.00740	0.00411	0.01316
32	0.01012	0.00723	0.00964	0.01157	0.01205	0.00675	0.00771	0.01157	0.01591	0.02121	0.04579	0.70262	0.05495	0.02603	0.01060	0.00337	0.00482	0.02362	0.00771	0.00675
33	0.03158	0.02327	0.02493	0.01911	0.02576	0.02576	0.01579	0.62852	0.03906	0.05236	0.01995	0.01995	0.01413	0.00997	0.00831	0.00249	0.00914	0.00748	0.00831	0.01413
34	0.01012	0.00723	0.00964	0.01157	0.01205	0.00675	0.00771	0.01157	0.01591	0.02121	0.04579	0.70262	0.05495	0.02603	0.01060	0.00337	0.00482	0.02362	0.00771	0.00675
35	0.01187	0.00890	0.01335	0.01335	0.01483	0.01038	0.01038	0.01483	0.01335	0.01928	0.02225	0.03264	0.02077	0.06231	0.67512	0.01335	0.02225	0.00890	0.00445	0.00742
36	0.02047	0.22989	0.02863	0.01796	0.02174	0.15390	0.04375	0.02314	0.01663	0.02007	0.01460	0.01988	0.01333	0.02264	0.17732	0.00516	0.15100	0.00656	0.00397	0.00936
37	0.01666	0.04297	0.66500	0.02368	0.03596	0.01929	0.03069	0.02631	0.01754	0.02631	0.01491	0.01754	0.01052	0.00789	0.00789	0.00263	0.01228	0.00614	0.00351	0.01228
38	0.01069	0.00747	0.00947	0.01084	0.01119	0.00713	0.00694	0.01172	0.01480	0.01973	0.04012	0.51515	0.04779	0.22326	0.01977	0.00473	0.00576	0.02028	0.00694	0.00625
39	0.01777	0.17733	0.54039	0.02178	0.03302	0.02202	0.02739	0.02602	0.01741	0.02495	0.01423	0.01669	0.01055	0.00774	0.00738	0.00246	0.01160	0.00580	0.00352	0.01195
40	0.02066	0.09636	0.34873	0.02556	0.09292	0.15241	0.05701	0.02712	0.01864	0.02424	0.01413	0.01725	0.01096	0.00826	0.00888	0.00251	0.05292	0.00622	0.00377	0.01144
41	0.02056	0.01974	0.03372	0.05099	0.65622	0.01974	0.02550	0.02550	0.01892	0.02714	0.01563	0.02056	0.01316	0.00740	0.00822	0.00247	0.00987	0.00740	0.00411	0.01316
42	0.01006	0.00747	0.00939	0.01093	0.01188	0.00680	0.00743	0.01164	0.01651	0.02146	0.05351	0.57731	0.17528	0.02502	0.01045	0.00326	0.00470	0.02239	0.00771	0.00680
43	0.02166	0.02182	0.03265	0.04788	0.59001	0.08851	0.02450	0.02630	0.01940	0.02643	0.01533	0.01998	0.01290	0.00752	0.00815	0.00243	0.01041	0.00719	0.00413	0.01279
44	0.02056	0.01974	0.03372	0.05099	0.65622	0.01974	0.02550	0.02550	0.01892	0.02714	0.01563	0.02056	0.01316	0.00740	0.00822	0.00247	0.00987	0.00740	0.00411	0.01316
45	0.01033	0.00797	0.00944	0.01006	0.01179	0.00708	0.00717	0.01254	0.01868	0.02416	0.18416	0.31937	0.30311	0.02216	0.01012	0.00299	0.00439	0.01940	0.00800	0.00708
46	0.01929	0.02462	0.11524	0.03380	0.04262	0.02082	0.56204	0.02658	0.01939	0.02658	0.01660	0.02189	0.01238	0.00710	0.00960	0.00278	0.01382	0.00941	0.00413	0.01132
47	0.01723	0.01477	0.01723	0.01230	0.01969	0.01107	0.00984	0.02092	0.01723	0.02707	0.01477	0.01723	0.01230	0.00615	0.00615	0.00123	0.00615	0.00492	0.00492	0.75883
48	0.00994	0.00842	0.00859	0.00855	0.01130	0.00707	0.00641	0.01216	0.01923	0.02314	0.12069	0.07880	0.61588	0.02078	0.00982	0.00279	0.00419	0.01737	0.00781	0.00707
49	0.00982	0.00842	0.00842	0.00842	0.01122	0.00701	0.00631	0.01192	0.01894	0.02244	0.08416	0.07995	0.65285	0.02104	0.00982	0.00281	0.00421	0.01753	0.00771	0.00701
50	0.02066	0.01785	0.01878	0.01691	0.02160	0.02066	0.01315	0.04414	0.64121	0.03475	0.03381	0.03099	0.02536	0.01127	0.00845	0.00282	0.00657	0.00939	0.00845	0.01315
51	0.01569	0.01477	0.02492	0.68808	0.05722	0.01846	0.02307	0.02123	0.01661	0.02123	0.01477	0.02215	0.01107	0.00831	0.00831	0.00277	0.01107	0.00738	0.00369	0.00923
52	0.00982	0.00842	0.00842	0.00842	0.01122	0.00701	0.00631	0.01192	0.01894	0.02244	0.08416	0.07995	0.65285	0.02104	0.00982	0.00281	0.00421	0.01753	0.00771	0.00701
53	0.01667	0.01576	0.02668	0.56033	0.17733	0.01871	0.02356	0.02208	0.01707	0.02241	0.01494	0.02183	0.01149	0.00812	0.00829	0.00271	0.01083	0.00739	0.00378	0.01002
54	0.00995	0.00792	0.00893	0.00974	0.01157	0.00690	0.00690	0.01177	0.01766	0.02192	0.06799	0.34233	0.40091	0.02314	0.01015	0.00304	0.00447	0.02010	0.00771	0.00690
55	0.01569	0.01477	0.02492	0.68808	0.05722	0.01846	0.02307	0.02123	0.01661	0.02123	0.01477	0.02215	0.01107	0.00831	0.00831	0.00277	0.01107	0.00738	0.00369	0.00923
56	0.01569	0.01477	0.02492	0.68808	0.05722	0.01846	0.02307	0.02123	0.01661	0.02123	0.01477	0.02215	0.01107	0.00831	0.00831	0.00277	0.01107	0.00738	0.00369	0.00923
57	0.03103	0.03959	0.02354	0.02140	0.02568	0.67469	0.01605	0.03317	0.02354	0.02033	0.01284	0.01498	0.01070	0.00856	0.00749	0.00214	0.01498	0.00535	0.00428	0.00963
58	0.01666	0.04297	0.66500	0.02368	0.03596	0.01929	0.03069	0.02631	0.01754	0.02631	0.01491	0.01754	0.01052	0.00789	0.00789	0.00263	0.01228	0.00614	0.00351	0.01228
59	0.02057	0.01883	0.02627	0.03125	0.27171	0.02032	0.05089	0.03589	0.36374	0.03133	0.02577	0.02644	0.01989	0.00952	0.00844	0.00268	0.00827	0.00863	0.00652	0.01305
60	0.02338	0.32224	0.03063	0.01644	0.02174	0.22238	0.05246	0.02641	0.01919	0.02253	0.01540	0.01795	0.01293	0.00806	0.00637	0.00199	0.01006	0.00573	0.15433	0.00980
61	0.01666	0.04297	0.66500	0.02368	0.03596	0.01929	0.03069	0.02631	0.01754	0.02631	0.01491	0.01754	0.01052	0.00789	0.00789	0.00263	0.01228	0.00614	0.00351	0.01228
62	0.02136	0.03502	0.41855	0.02500	0.09313	0.02121	0.02588	0.20053	0.02390	0.03393	0.01644	0.01853	0.01182	0.00845	0.00805	0.00258	0.01114	0.00665	0.00496	0.01290
63	0.02056	0.01974	0.03372	0.05099	0.65622	0.01974	0.02550	0.02550	0.01892	0.02714	0.01563	0.02056	0.01316	0.00740	0.00822	0.00247	0.00987	0.00740	0.00411	0.01316
64	0.01938	0.01854	0.03159	0.20484	0.51157	0.01943	0.02491	0.02446	0.01836	0.02571	0.01542	0.02094	0.01266	0.00762	0.00824	0.00254	0.01016	0.00740	0.00401	0.01221
65	0.01256	0.01067	0.01110	0.01060	0.01379	0.01033	0.00806	0.01990	0.16746	0.02625	0.11809	0.06685	0.45698	0.01839	0.00949	0.00279	0.00475	0.01539	0.00801	0.00854
66	0.01187	0.00890	0.01335	0.01335	0.01483	0.01038	0.01038	0.01483	0.01335	0.01928	0.02225	0.03264	0.02077	0.06231	0.67512	0.01335	0.02225	0.00890	0.00445	0.00742
67	0.76672	0.01607	0.01221	0.01092	0.01607	0.01864	0.00900	0.02442	0.01414	0.03727	0.01157	0.01350	0.00900	0.00771	0.00514	0.00257	0.00643	0.00450	0.00514	0.00900
68	0.01619	0.03964	0.60192	0.02240	0.03368	0.01819	0.02849	0.02528	0.01812	0.02698	0.07636	0.02183	0.01707	0.00877	0.00808	0.00263	0.01147	0.00700	0.00405	0.01185
69	0.02056	0.01974	0.03372	0.05099	0.65622	0.01974	0.02550	0.02550	0.01892	0.02714	0.01563	0.02056	0.01316	0.00740	0.00822	0.00247	0.00987	0.00740	0.00411	0.01316
70	0.01339	0.00956	0.01339	0.01530	0.01721	0.00956	0.01339	0.01721	0.01912	0.02486	0.04399	0.09371	0.04781	0.02295	0.01147	0.00382	0.00765	0.60031	0.00765	0.00765
71	0.01018	0.00841	0.00900	0.00937	0.01187	0.00723	0.00711	0.01239	0.01866	0.02255	0.07666	0.14161	0.53793	0.02170	0.01005	0.00296	0.00459	0.07298	0.00771	0.00705
72	0.02056	0.01974	0.03372	0.05099	0.65622	0.01974	0.02550	0.02550	0.01892	0.02714	0.01563	0.02056	0.01316	0.00740	0.00822	0.00247	0.00987	0.00740	0.00411	0.01316
73	0.03068	0.03630	0.02418	0.02230	0.05211	0.54952	0.01641	0.12252	0.02569	0.02544	0.01403	0.01596	0.01132	0.00872	0.00764	0.00221	0.01389	0.00576	0.00488	0.01046
74	0.01168	0.00849	0.01100	0.01037	0.01236	0.00781	0.00778	0.01553	0.02333	0.03288	0.62905	0.06277	0.10144	0.01715	0.00980	0.00262	0.00393	0.01512	0.00909	0.00781
75	0.02221	0.71304	0.04353	0.01421	0.02132	0.03287	0.01421	0.02488	0.01688	0.01955	0.01155	0.01333	0.01066	0.00711	0.00533	0.00178	0.00888	0.00444	0.00355	0.01066
76	0.01314	0.01107	0.01172	0.01125	0.01438	0.01102	0.00851	0.02154	0.19923	0.02684	0.11464	0.10435	0.38467	0.01819	0.00947	0.00283	0.00491	0.01536	0.00805	0.00884
77	0.01012	0.00723	0.00964	0.01157	0.01205	0.00675	0.00771	0.01157	0.01591	0.02121	0.04579	0.70262	0.05495	0.02603	0.01060	0.00337	0.00482	0.02362	0.00771	0.00675
78	0.01012	0.00723	0.00964	0.01157	0.01205	0.00675	0.00771	0.01157	0.01591	0.02121	0.04579	0.70262	0.05495	0.02603	0.01060	0.00337	0.00482	0.02362	0.00771	0.00675
79	0.01666	0.04297	0.66500	0.02368	0.03596	0.01929	0.03069	0.02631	0.01754	0.02631	0.01491	0.01754	0.01052	0.00789	0.00789	0.00263	0.01228	0.00614	0.00351	0.01228
80	0.01569	0.01477	0.02492	0.68808	0.05722	0.01846	0.02307	0.02123	0.01661	0.02123	0.01477	0.02215	0.01107	0.00831	0.00831	0.00277	0.01107	0.00738	0.00369	0.00923
81	0.01191	0.00873	0.01249	0.01249	0.01367	0.00992	0.00931	0.01428	0.01310	0.01865	0.02304	0.03701	0.02267	0.19226	0.54776	0.01229	0.01939	0.00954	0.00457	0.00694
82	0.02110	0.57868	0.16815	0.01611	0.02426	0.03015	0.01752	0.02516	0.01701	0.02090	0.01222	0.01417	0.01063	0.00726	0.00584	0.00195	0.00956	0.00478	0.00354	0.01099
83	0.01110	0.00889	0.01009	0.01072	0.01294	0.00819	0.00810	0.01466	0.05826	0.02327	0.06574	0.23290	0.37888	0.02192	0.01016	0.00309	0.00500	0.10094	0.00775	0.00743
84	0.01037	0.00771	0.00967	0.01072	0.01195	0.00701	0.00745	0.01241	0.01795	0.02374	0.16784	0.45690	0.17926	0.02332	0.01029	0.00312	0.00453	0.02078	0.00798	0.00701
85	0.01187	0.00890	0.01335	0.01335	0.01483	0.01038	0.01038	0.01483	0.01335	0.01928	0.02225	0.03264	0.02077	0.06231	0.67512	0.01335	0.02225	0.00890	0.00445	0.00742
86	0.02954	0.03686	0.02331	0.05689	0.02711	0.59739	0.01624	0.03324	0.06292	0.02131	0.01429	0.01640	0.01166	0.00872	0.00760	0.00222	0.01423	0.00572	0.00452	0.00984
87	0.00982	0.00842	0.00842	0.00842	0.01122	0.00701	0.00631	0.01192	0.01894	0.02244	0.08416	0.07995	0.65285	0.02104	0.00982	0.00281	0.00421	0.01753	0.00771	0.00701
88	0.01191	0.00873	0.01249	0.01249	0.01368	0.00992	0.00931	0.01428	0.01310	0.01865	0.02304	0.03699	0.02266	0.19179	0.54823	0.01229	0.01940	0.00954	0.00457	0.00694
89	0.01666	0.04297	0.66500	0.02368	0.03596	0.01929	0.03069	0.02631	0.01754	0.02631	0.01491	0.01754	0.01052	0.00789	0.00789	0.00263	0.01228	0.00614	0.00351	0.01228
90	0.01666	0.04297	0.66500	0.02368	0.03596	0.01929	0.03069	0.02631	0.01754	0.02631	0.01491	0.01754	0.01052	0.00789	0.00789	0.00263	0.01228	0.00614	0.00351	0.01228
91	0.01666	0.04297	0.66500	0.02368	0.03596	0.01929	0.03069	0.02631	0.01754	0.02631	0.01491	0.01754	0.01052	0.00789	0.00789	0.00263	0.01228	0.00614	0.00351	0.01228
92	0.01012	0.00723	0.00964	0.01157	0.01205	0.00675	0.00771	0.01157	0.01591	0.02121	0.04579	0.70262	0.05495	0.02603	0.01060	0.00337	0.00482	0.02362	0.00771	0.00675
93	0.02521	0.01841	0.02009	0.01705	0.02238	0.02048	0.01355	0.16080	0.43275	0.12740	0.03088	0.02839	0.02243	0.01087	0.00841	0.00272	0.00716	0.00886	0.00868	0.01349
94	0.01105	0.00846	0.01012	0.00971	0.01197	0.00754	0.00728	0.01430	0.02184	0.02933	0.44384	0.06861	0.28887	0.01847	0.00981	0.00268	0.00403	0.01594	0.00862	0.00754
95	0.01208	0.00805	0.00906	0.00906	0.00906	0.00805	0.00503	0.01208	0.01208	0.01611	0.02618	0.05436	0.03020	0.70804	0.04228	0.00805	0.00805	0.01208	0.00503	0.00503
96	0.02033	0.01951	0.03331	0.08069	0.62830	0.01968	0.02538	0.02530	0.01881	0.02686	0.01559	0.02063	0.01306	0.00744	0.00823	0.00248	0.00993	0.00740	0.00409	0.01298
97	0.01666	0.04297	0.66500	0.02368	0.03596	0.01929	0.03069	0.02631	0.01754	0.02631	0.01491	0.01754	0.01052	0.00789	0.00789	0.00263	0.01228	0.00614	0.00351	0.01228
98	0.03103	0.03959	0.02354	0.02140	0.02568	0.67469	0.01605	0.03317	0.02354	0.02033	0.01284	0.01498	0.01070	0.00856	0.00749	0.00214	0.01498	0.00535	0.00428	0.00963
99	0.01208	0.00883	0.01302	0.01302	0.01453	0.01023	0.01011	0.01510	0.01359	0.01998	0.02254	0.03254	0.02080	0.05917	0.63525	0.01267	0.02116	0.00883	0.04911	0.00744
100	0.01666	0.04297	0.66500	0.02368	0.03596	0.01929	0.03069	0.02631	0.01754	0.02631	0.01491	0.01754	0.01052	0.00789	0.00789	0.00263	0.01228	0.00614	0.00351	0.01228
101	0.00982	0.00842	0.00842	0.00842	0.01122	0.00701	0.00631	0.01192	0.01894	0.02244	0.08416	0.07995	0.65285	0.02104	0.00982	0.00281	0.00421	0.01753	0.00771	0.00701
102	0.01806	0.04264	0.60282	0.02346	0.03496	0.08283	0.02927	0.02697	0.01812	0.02573	0.01471	0.01729	0.01054	0.00796	0.00785	0.00258	0.01254	0.00606	0.00358	0.01202
103	0.02056	0.01974	0.03372	0.05099	0.65622	0.01974	0.02550	0.02550	0.01892	0.02714	0.01563	0.02056	0.01316	0.00740	0.00822	0.00247	0.00987	0.00740	0.00411	0.01316
104	0.02508	0.02988	0.06154	0.03626	0.34033	0.31476	0.02151	0.02900	0.02093	0.02403	0.01433	0.01789	0.01192	0.00795	0.00788	0.00233	0.01230	0.00641	0.00416	0.01152
105	0.02027	0.02021	0.03011	0.14848	0.46073	0.08216	0.02329	0.02491	0.01866	0.02506	0.01561	0.02100	0.01304	0.01093	0.04789	0.00313	0.01129	0.00729	0.00408	0.01184
106	0.01554	0.01504	0.02553	0.10978	0.19265	0.01473	0.13811	0.01989	0.01879	0.02450	0.04169	0.04650	0.24116	0.01318	0.00931	0.00277	0.00871	0.04679	0.00556	0.00978
107	0.01135	0.00915	0.01027	0.01029	0.01291	0.00835	0.00801	0.01533	0.05695	0.02569	0.18908	0.07538	0.41602	0.01991	0.00996	0.00291	0.00477	0.09799	0.00804	0.00763
108	0.02263	0.03463	0.47811	0.02110	0.03169	0.01724	0.02534	0.03041	0.01934	0.21029	0.02008	0.02065	0.01343	0.00858	0.00803	0.00261	0.01077	0.00678	0.00547	0.01282
109	0.02102	0.02447	0.09699	0.04224	0.41145	0.08410	0.14550	0.02655	0.01937	0.02629	0.01552	0.02009	0.01255	0.00748	0.00844	0.00252	0.01143	0.00756	0.00409	0.01234
110	0.01876	0.01764	0.02932	0.07182	0.51846	0.01767	0.02260	0.02336	0.01883	0.02625	0.02442	0.03202	0.07775	0.00996	0.00863	0.00262	0.00920	0.05402	0.00472	0.01197
111	0.01012	0.00723	0.00964	0.01157	0.01205	0.00675	0.00771	0.01157	0.01591	0.02121	0.04579	0.70262	0.05495	0.02603	0.01060	0.00337	0.00482	0.02362	0.00771	0.00675
112	0.01058	0.00796	0.01153	0.01269	0.01355	0.00743	0.03735	0.01229	0.01608	0.02147	0.04440	0.67001	0.05292	0.02511	0.01057	0.00335	0.00526	0.02295	0.00754	0.00696
113	0.01876	0.02836	0.22716	0.03174	0.04126	0.02051	0.45388	0.02652	0.01901	0.02652	0.01626	0.02100	0.01200	0.00726	0.00925	0.00275	0.01351	0.00874	0.00400	0.01151
114	0.01666	0.04297	0.66500	0.02368	0.03596	0.01929	0.03069	0.02631	0.01754	0.02631	0.01491	0.01754	0.01052	0.00789	0.00789	0.00263	0.01228	0.00614	0.00351	0.01228
115	0.02177	0.02427	0.03975	0.03822	0.24750	0.12584	0.32503	0.02729	0.02001	0.02578	0.01577	0.02059	0.01249	0.00739	0.00890	0.00258	0.01277	0.00828	0.00418	0.01161
116	0.01831	0.02741	0.22892	0.03146	0.09309	0.01954	0.35592	0.02572	0.01918	0.02700	0.05700	0.02335	0.01627	0.00795	0.00909	0.00271	0.01248	0.00884	0.00431	0.01148
117	0.01846	0.01776	0.03072	0.31970	0.37402	0.01926	0.05274	0.02374	0.01797	0.02461	0.01532	0.02132	0.01225	0.00777	0.00833	0.00261	0.01057	0.00751	0.00394	0.01140
118	0.02040	0.02067	0.05912	0.04989	0.63127	0.01972	0.02570	0.02553	0.01886	0.02711	0.01560	0.02044	0.01305	0.00742	0.00821	0.00247	0.00997	0.00735	0.00409	0.01312
119	0.01991	0.03385	0.34891	0.03362	0.26693	0.10091	0.02693	0.02686	0.01880	0.02588	0.01492	0.01835	0.01153	0.00779	0.00797	0.00251	0.01171	0.00651	0.00383	0.01228
120	0.01808	0.15673	0.02297	0.01615	0.01894	0.12537	0.01326	0.02053	0.01593	0.01985	0.01994	0.05653	0.04136	0.03018	0.25303	0.00650	0.14340	0.00815	0.00437	0.00870
121	0.01666	0.04297	0.66500	0.02368	0.03596	0.01929	0.03069	0.02631	0.01754	0.02631	0.01491	0.01754	0.01052	0.00789	0.00789	0.00263	0.01228	0.00614	0.00351	0.01228
122	0.02372	0.02770	0.28204	0.02749	0.14236	0.01756	0.10608	0.03031	0.01987	0.21047	0.02047	0.02185	0.01418	0.00838	0.00835	0.00261	0.01058	0.00751	0.00567	0.01282
123	0.01784	0.03507	0.43366	0.02925	0.09025	0.01983	0.20257	0.02633	0.01825	0.02647	0.01552	0.01920	0.01135	0.00759	0.00847	0.00267	0.01258	0.00731	0.00376	0.01204
124	0.01086	0.00934	0.03912	0.01219	0.01349	0.00792	0.00890	0.01366	0.04331	0.02208	0.04570	0.61365	0.07982	0.02434	0.01035	0.00329	0.00520	0.02193	0.00756	0.00728
125	0.01018	0.00740	0.00960	0.01123	0.01199	0.00683	0.00759	0.01181	0.01657	0.02194	0.08035	0.61378	0.10988	0.02511	0.01049	0.00328	0.00472	0.02263	0.00779	0.00683
126	0.03103	0.03959	0.02354	0.02140	0.02568	0.67469	0.01605	0.03317	0.02354	0.02033	0.01284	0.01498	0.01070	0.00856	0.00749	0.00214	0.01498	0.00535	0.00428	0.00963
127	0.01649	0.01591	0.02755	0.55784	0.10225	0.01905	0.07078	0.02194	0.01687	0.02207	0.01483	0.02188	0.01135	0.00839	0.00921	0.00278	0.03977	0.00757	0.00376	0.00969
128	0.76672	0.01607	0.01221	0.01092	0.01607	0.01864	0.00900	0.02442	0.01414	0.03727	0.01157	0.01350	0.00900	0.00771	0.00514	0.00257	0.00643	0.00450	0.00514	0.00900
129	0.01569	0.01477	0.02492	0.68808	0.05722	0.01846	0.02307	0.02123	0.01661	0.02123	0.01477	0.02215	0.01107	0.00831	0.00831	0.00277	0.01107	0.00738	0.00369	0.00923
130	0.01284	0.01951	0.20090	0.01696	0.08091	0.01180	0.01523	0.01740	0.01853	0.02402	0.05747	0.05613	0.40493	0.01591	0.00911	0.00272	0.00709	0.01325	0.00615	0.00913
131	0.05752	0.02466	0.18216	0.09704	0.42433	0.01947	0.02568	0.02527	0.01815	0.02696	0.01517	0.01961	0.01214	0.00761	0.00799	0.00254	0.01037	0.00695	0.00399	0.01240
132	0.02066	0.01785	0.01878	0.01691	0.02160	0.02066	0.01315	0.04414	0.64121	0.03475	0.03381	0.03099	0.02536	0.01127	0.00845	0.00282	0.00657	0.00939	0.00845	0.01315
133	0.02037	0.02028	0.03680	0.04778	0.53289	0.01999	0.14636	0.02572	0.01906	0.02703	0.01586	0.02093	0.01305	0.00732	0.00854	0.00253	0.01070	0.00789	0.00413	0.01277
134	0.01341	0.01541	0.11931	0.01745	0.05360	0.01122	0.03881	0.01773	0.01857	0.02475	0.07178	0.16177	0.13847	0.01893	0.01018	0.00323	0.00762	0.24242	0.00675	0.00860
135	0.01666	0.04297	0.66500	0.02368	0.03596	0.01929	0.03069	0.02631	0.01754	0.02631	0.01491	0.01754	0.01052	0.00789	0.00789	0.00263	0.01228	0.00614	0.00351	0.01228
136	0.01769	0.03166	0.35593	0.02542	0.03336	0.02142	0.14689	0.02454	0.01656	0.02454	0.01413	0.01870	0.01105	0.00964	0.01388	0.00296	0.20960	0.00720	0.00368	0.01114
137	0.01513	0.03008	0.39899	0.02158	0.02996	0.01587	0.09782	0.02208	0.01732	0.02487	0.02408	0.21642	0.02364	0.01303	0.00891	0.00287	0.01033	0.01165	0.00481	0.01054
138	0.01847	0.03553	0.47964	0.05629	0.09104	0.01905	0.02715	0.02850	0.07904	0.06109	0.01778	0.01992	0.01278	0.00833	0.00802	0.00264	0.01116	0.00675	0.00442	0.01240
139	0.00982	0.00842	0.00842	0.00842	0.01122	0.00701	0.00631	0.01192	0.01894	0.02244	0.08416	0.07995	0.65285	0.02104	0.00982	0.00281	0.00421	0.01753	0.00771	0.00701
140	0.01687	0.01802	0.03693	0.02858	0.05817	0.01686	0.42369	0.02225	0.01878	0.02518	0.02852	0.16429	0.07745	0.01208	0.00990	0.00290	0.01113	0.01317	0.00521	0.01002
141	0.01852	0.01754	0.02970	0.22720	0.44671	0.01854	0.02367	0.02340	0.01808	0.02510	0.01733	0.06490	0.01526	0.00885	0.00840	0.00261	0.00988	0.00844	0.00423	0.01164
142	0.01619	0.01493	0.02485	0.28305	0.20466	0.01611	0.05610	0.02097	0.01811	0.02393	0.02779	0.04101	0.08589	0.01202	0.00912	0.00289	0.00957	0.11794	0.00499	0.00988
143	0.03103	0.03959	0.02354	0.02140	0.02568	0.67469	0.01605	0.03317	0.02354	0.02033	0.01284	0.01498	0.01070	0.00856	0.00749	0.00214	0.01498	0.00535	0.00428	0.00963
144	0.01490	0.03099	0.42994	0.02080	0.02931	0.01566	0.06215	0.02193	0.01719	0.02481	0.02424	0.22214	0.02390	0.01324	0.00882	0.00286	0.01016	0.01159	0.00481	0.01056
145	0.01684	0.04175	0.62831	0.02435	0.03640	0.01940	0.06616	0.02633	0.01766	0.02633	0.01502	0.01783	0.01065	0.00784	0.00801	0.00264	0.01238	0.00636	0.00355	0.01221
146	0.02056	0.01974	0.03372	0.05099	0.65622	0.01974	0.02550	0.02550	0.01892	0.02714	0.01563	0.02056	0.01316	0.00740	0.00822	0.00247	0.00987	0.00740	0.00411	0.01316
147	0.01296	0.01578	0.14393	0.01722	0.05296	0.01080	0.01497	0.01695	0.01735	0.02363	0.03742	0.34831	0.04166	0.02047	0.01019	0.00331	0.00743	0.18954	0.00665	0.00847
148	0.02024	0.02078	0.02833	0.25512	0.33101	0.12270	0.02255	0.02485	0.01865	0.02377	0.01518	0.02072	0.01241	0.01023	0.03667	0.00298	0.01161	0.00713	0.00401	0.01106
149	0.01923	0.01656	0.01463	0.01368	0.01670	0.14367	0.01008	0.05159	0.07843	0.08771	0.04198	0.17640	0.17350	0.10215	0.01319	0.00340	0.00771	0.01347	0.00705	0.00887
150	0.01077	0.00830	0.01140	0.01231	0.01369	0.00766	0.03351	0.01280	0.01693	0.02201	0.05152	0.50023	0.16322	0.02402	0.01051	0.00329	0.00536	0.07783	0.00756	0.00707
151	0.02126	0.02255	0.03782	0.04281	0.39151	0.08365	0.22409	0.02661	0.01959	0.02630	0.01575	0.02063	0.01274	0.00738	0.00868	0.00255	0.01174	0.00800	0.00416	0.01217
152	0.07188	0.06957	0.08499	0.03381	0.30927	0.24207	0.02102	0.02806	0.01993	0.02496	0.01412	0.01752	0.01168	0.00784	0.00758	0.00234	0.01153	0.00623	0.00415	0.01147
153	0.01831	0.03271	0.39885	0.02307	0.07086	0.01980	0.02424	0.03248	0.23529	0.02931	0.02155	0.02243	0.01587	0.00904	0.00811	0.00269	0.01013	0.00736	0.00527	0.01264
154	0.01946	0.02479	0.14245	0.03865	0.25115	0.02030	0.32595	0.02618	0.01904	0.02674	0.01610	0.02100	0.01246	0.00728	0.00896	0.00266	0.01232	0.00840	0.00406	0.01204
155	0.01736	0.11065	0.57400	0.02321	0.03479	0.02076	0.05548	0.02618	0.01756	0.02563	0.01465	0.01732	0.01063	0.00777	0.00772	0.00255	0.01201	0.00613	0.00354	0.01206
156	0.01930	0.23005	0.28503	0.02591	0.08440	0.02367	0.16885	0.02590	0.01796	0.02449	0.01445	0.01774	0.01128	0.00741	0.00764	0.00241	0.01151	0.00663	0.00374	0.01162
157	0.01511	0.01389	0.01723	0.01615	0.01751	0.07252	0.01280	0.01772	0.01409	0.01955	0.01863	0.02752	0.01745	0.04580	0.45663	0.00997	0.18699	0.00819	0.00423	0.00802
158	0.02488	0.11052	0.31238	0.01880	0.02766	0.04430	0.02073	0.03091	0.02014	0.24741	0.04792	0.02259	0.01695	0.00905	0.00782	0.00249	0.00981	0.00706	0.00615	0.01244
159	0.02436	0.02842	0.03371	0.03282	0.18786	0.28356	0.19867	0.02861	0.02065	0.02386	0.01460	0.01874	0.01189	0.00813	0.00942	0.00250	0.04980	0.00728	0.00418	0.01095
160	0.01807	0.01720	0.02923	0.37609	0.35056	0.01908	0.02426	0.02332	0.01774	0.02412	0.01519	0.02137	0.01210	0.00786	0.00827	0.00262	0.01048	0.00739	0.00390	0.01115
161	0.01270	0.00972	0.01212	0.01317	0.01555	0.00945	0.01108	0.01723	0.05909	0.02471	0.05634	0.08522	0.24236	0.02158	0.01074	0.00343	0.00647	0.37350	0.00772	0.00780
162	0.02566	0.02992	0.02663	0.03071	0.22900	0.37437	0.01910	0.02871	0.02061	0.02246	0.01391	0.01777	0.01190	0.01082	0.03515	0.00282	0.07932	0.00634	0.00417	0.01064
163	0.01748	0.01685	0.02826	0.36708	0.12332	0.01890	0.11836	0.02588	0.11656	0.02504	0.02113	0.02581	0.04074	0.00898	0.00862	0.00274	0.01039	0.00852	0.00475	0.01057
164	0.01111	0.00867	0.01021	0.01041	0.01279	0.00777	0.00820	0.01409	0.02030	0.02608	0.24023	0.07759	0.36269	0.02026	0.01015	0.00296	0.00483	0.13614	0.00812	0.00738
165	0.01666	0.04297	0.66500	0.02368	0.03596	0.01929	0.03069	0.02631	0.01754	0.02631	0.01491	0.01754	0.01052	0.00789	0.00789	0.00263	0.01228	0.00614	0.00351	0.01228
166	0.01829	0.01568	0.01645	0.01500	0.01914	0.01760	0.01154	0.03681	0.49923	0.03167	0.04270	0.04100	0.14054	0.04404	0.01021	0.00305	0.00621	0.01100	0.00817	0.01166
167	0.01054	0.00865	0.00942	0.00980	0.01243	0.00753	0.00774	0.01299	0.01897	0.02293	0.07607	0.08272	0.53108	0.02142	0.01015	0.00301	0.00490	0.13482	0.00770	0.00714
168	0.02056	0.01974	0.03372	0.05099	0.65622	0.01974	0.02550	0.02550	0.01892	0.02714	0.01563	0.02056	0.01316	0.00740	0.00822	0.00247	0.00987	0.00740	0.00411	0.01316
169	0.02381	0.02222	0.15185	0.07865	0.09031	0.01803	0.05519	0.08013	0.14452	0.17919	0.02480	0.02748	0.01829	0.00993	0.00849	0.00270	0.00922	0.03582	0.00677	0.01258
170	0.01264	0.00866	0.00991	0.00996	0.01246	0.00748	0.00732	0.01476	0.01880	0.08458	0.09370	0.23909	0.40821	0.02114	0.00988	0.00292	0.00463	0.01815	0.00802	0.00767
171	0.00982	0.00842	0.00842	0.00842	0.01122	0.00701	0.00631	0.01192	0.01894	0.02244	0.08416	0.07995	0.65285	0.02104	0.00982	0.00281	0.00421	0.01753	0.00771	0.00701
172	0.01966	0.02027	0.03812	0.08313	0.32492	0.02069	0.25126	0.02511	0.01843	0.02587	0.01556	0.02113	0.01260	0.00800	0.01067	0.00273	0.07772	0.00829	0.00407	0.01177
173	0.01685	0.04165	0.62536	0.02441	0.03644	0.01940	0.06900	0.02633	0.01767	0.02633	0.01503	0.01785	0.01066	0.00784	0.00802	0.00264	0.01239	0.00637	0.00355	0.01221
174	0.02056	0.01974	0.03372	0.05099	0.65622	0.01974	0.02550	0.02550	0.01892	0.02714	0.01563	0.02056	0.01316	0.00740	0.00822	0.00247	0.00987	0.00740	0.00411	0.01316
175	0.10831	0.01059	0.01032	0.00947	0.01235	0.01119	0.00737	0.09201	0.01958	0.03426	0.02437	0.02755	0.01896	0.00948	0.00602	0.00208	0.00480	0.00732	0.57531	0.00865
176	0.06182	0.03045	0.02130	0.01908	0.02321	0.42830	0.01462	0.11326	0.02338	0.02544	0.01554	0.01892	0.01299	0.01878	0.13246	0.00431	0.01512	0.00628	0.00492	0.00982
177	0.01208	0.00805	0.00906	0.00906	0.00906	0.00805	0.00503	0.01208	0.01208	0.01611	0.02618	0.05436	0.03020	0.70804	0.04228	0.00805	0.00805	0.01208	0.00503	0.00503
178	0.01051	0.00739	0.00952	0.01106	0.01145	0.00701	0.00717	0.01167	0.01514	0.02018	0.04185	0.57264	0.04998	0.16278	0.01696	0.00431	0.00547	0.02130	0.00717	0.00640
179	0.01291	0.00857	0.01173	0.01173	0.01334	0.00962	0.00906	0.01614	0.01453	0.02267	0.02366	0.03215	0.02092	0.04707	0.48141	0.01005	0.01693	0.00857	0.22144	0.00751
180	0.02109	0.57807	0.16872	0.01612	0.02427	0.03014	0.01753	0.02516	0.01701	0.02091	0.01223	0.01417	0.01063	0.00727	0.00585	0.00195	0.00957	0.00478	0.00354	0.01099
181	0.01725	0.03885	0.54149	0.02595	0.03745	0.01964	0.15007	0.02637	0.01795	0.02637	0.01529	0.01852	0.01094	0.00771	0.00828	0.00267	0.01262	0.00687	0.00365	0.01206
182	0.00982	0.00842	0.00842	0.00842	0.01122	0.00701	0.00631	0.01192	0.01894	0.02244	0.08416	0.07995	0.65285	0.02104	0.00982	0.00281	0.00421	0.01753	0.00771	0.00701
183	0.02822	0.01666	0.01942	0.01539	0.02073	0.01709	0.01252	0.29624	0.03013	0.22360	0.15082	0.03151	0.02934	0.01145	0.00846	0.00250	0.00716	0.00926	0.05704	0.01246
184	0.03487	0.02245	0.02110	0.01715	0.02298	0.20521	0.01369	0.09969	0.02530	0.41284	0.02567	0.02356	0.01704	0.00975	0.00810	0.00244	0.00957	0.00739	0.00834	0.01283
185	0.03727	0.01414	0.01928	0.01478	0.02121	0.01221	0.01221	0.04049	0.02378	0.66198	0.03277	0.02828	0.02056	0.01028	0.00835	0.00257	0.00707	0.00835	0.01028	0.01414
186	0.01549	0.00774	0.00774	0.00774	0.00968	0.00774	0.00581	0.01936	0.01742	0.03097	0.02710	0.03097	0.02129	0.00968	0.00581	0.00194	0.00387	0.00774	0.75416	0.00774
187	0.02743	0.31653	0.03193	0.01823	0.02389	0.35233	0.01527	0.08210	0.02215	0.02282	0.01293	0.01473	0.01099	0.00808	0.00667	0.00202	0.01195	0.00516	0.00433	0.01045
188	0.01807	0.01720	0.02923	0.37609	0.35056	0.01908	0.02426	0.02332	0.01774	0.02412	0.01519	0.02137	0.01210	0.00786	0.00827	0.00262	0.01048	0.00739	0.00390	0.01115
189	0.16436	0.05565	0.20372	0.04960	0.05434	0.01817	0.06659	0.05988	0.01777	0.05857	0.01691	0.02097	0.01329	0.01894	0.14175	0.00474	0.01253	0.00688	0.00472	0.01060
190	0.02398	0.16749	0.31500	0.01880	0.02790	0.02005	0.02099	0.03119	0.05637	0.20943	0.02053	0.02060	0.01434	0.00863	0.00755	0.00245	0.00975	0.00663	0.00577	0.01254
191	0.03241	0.01455	0.01869	0.01495	0.02076	0.01365	0.01214	0.03974	0.14802	0.49829	0.06986	0.03084	0.02497	0.01088	0.00846	0.00262	0.00678	0.00896	0.00985	0.01356
192	0.01050	0.00844	0.00935	0.00913	0.01164	0.00730	0.00684	0.01323	0.02053	0.02624	0.28228	0.07370	0.45236	0.01962	0.00981	0.00274	0.00411	0.01666	0.00821	0.00730
193	0.02140	0.02534	0.15314	0.04016	0.39905	0.06148	0.08531	0.02715	0.01931	0.06431	0.01645	0.02028	0.01289	0.00770	0.00828	0.00252	0.01090	0.00733	0.00439	0.01263
194	0.01187	0.00890	0.01335	0.01335	0.01483	0.01038	0.01038	0.01483	0.01335	0.01928	0.02225	0.03264	0.02077	0.06231	0.67512	0.01335	0.02225	0.00890	0.00445	0.00742
195	0.01038	0.00844	0.00919	0.00900	0.01157	0.00725	0.00675	0.01301	0.02026	0.02559	0.24846	0.07477	0.48659	0.01987	0.00981	0.00275	0.00412	0.01681	0.00813	0.00725
196	0.01278	0.01025	0.01510	0.01458	0.01585	0.01257	0.01151	0.01558	0.01326	0.01939	0.02061	0.03054	0.01934	0.05538	0.58117	0.01194	0.11950	0.00866	0.00433	0.00766
197	0.02608	0.01816	0.02007	0.01691	0.02233	0.01997	0.01347	0.15652	0.40199	0.16278	0.03092	0.02832	0.02223	0.01082	0.00841	0.00271	0.00717	0.00882	0.00879	0.01354
198	0.01961	0.02241	0.04902	0.03501	0.04342	0.02101	0.62605	0.02661	0.01961	0.02661	0.01681	0.02241	0.01261	0.00700	0.00980	0.00280	0.01401	0.00980	0.00420	0.01120
199	0.01012	0.00723	0.00964	0.01157	0.01205	0.00675	0.00771	0.01157	0.01591	0.02121	0.04579	0.70262	0.05495	0.02603	0.01060	0.00337	0.00482	0.02362	0.00771	0.00675
200	0.61866	0.02080	0.01449	0.01303	0.01800	0.15067	0.01042	0.02618	0.01603	0.03386	0.01182	0.01379	0.00934	0.00788	0.00561	0.00248	0.00815	0.00467	0.00497	0.00912
201	0.23649	0.02185	0.14609	0.05153	0.02337	0.05088	0.01524	0.11746	0.02166	0.03473	0.17212	0.02786	0.02746	0.01047	0.00763	0.00257	0.00809	0.00810	0.00618	0.01022
202	0.02507	0.05756	0.02225	0.01674	0.02303	0.20773	0.01335	0.17768	0.02453	0.03113	0.01536	0.01707	0.01222	0.00786	0.00704	0.00184	0.00959	0.00567	0.00552	0.31874
203	0.06178	0.02341	0.02508	0.02007	0.02558	0.20649	0.13561	0.09335	0.02265	0.05906	0.07950	0.06343	0.02128	0.00996	0.00818	0.00234	0.01038	0.00855	0.00581	0.11749
204	0.27684	0.06667	0.14789	0.01798	0.07688	0.05160	0.01553	0.05318	0.01882	0.03167	0.11851	0.02582	0.04778	0.00987	0.00719	0.00251	0.00814	0.00749	0.00548	0.01015
205	0.16799	0.06095	0.02153	0.01951	0.06284	0.33998	0.01424	0.03112	0.08720	0.05854	0.01950	0.02058	0.04421	0.00925	0.00725	0.00235	0.01089	0.00646	0.00532	0.01027
206	0.06073	0.01360	0.01432	0.01273	0.01636	0.05432	0.00968	0.02597	0.10819	0.18235	0.04089	0.04404	0.17379	0.12970	0.07259	0.00447	0.00828	0.01096	0.00738	0.00966
207	0.02679	0.02841	0.03101	0.02602	0.07071	0.30079	0.19617	0.06267	0.02256	0.08695	0.01662	0.01922	0.01266	0.00812	0.00827	0.00236	0.01276	0.00718	0.00508	0.05563
208	0.02420	0.15417	0.02601	0.08480	0.05303	0.28378	0.01525	0.05644	0.04951	0.02326	0.01530	0.01939	0.01312	0.05315	0.00937	0.00247	0.01113	0.00615	0.00459	0.09486
209	0.05422	0.04972	0.01851	0.01628	0.05529	0.01599	0.01222	0.08786	0.02005	0.09071	0.07032	0.10059	0.20519	0.01550	0.01252	0.00287	0.14386	0.01195	0.00674	0.00961

[dist]
# distance from previous block
# <min> <max>
1	49

[block]
# block no. 1 follows, 22 sequences, length 162
# corresponding to MSA columns:
# 259-420
name=unknown_B
#
# <colnr> <probs for GDERKNQSTAVLIFYWHMCP>
#	G	D	E	R	K	N	Q	S	T	A	V	L	I	F	Y	W	H	M	C	P
0	0.14774	0.13024	0.04991	0.01522	0.02046	0.18694	0.01278	0.02638	0.05351	0.05373	0.06711	0.05609	0.04931	0.01019	0.00716	0.00226	0.00891	0.00758	0.00552	0.08896
1	0.12738	0.11648	0.14652	0.01672	0.02338	0.10432	0.01593	0.06285	0.08529	0.12709	0.04960	0.02416	0.04694	0.00970	0.00744	0.00246	0.00905	0.00726	0.00611	0.01130
2	0.06228	0.12787	0.02070	0.01494	0.01887	0.18222	0.01192	0.08546	0.02134	0.02600	0.07860	0.11219	0.14815	0.01383	0.00896	0.00252	0.03815	0.01074	0.00605	0.00922
3	0.01708	0.05554	0.09020	0.04959	0.02224	0.08317	0.04724	0.02078	0.01728	0.05282	0.02492	0.18918	0.02462	0.02255	0.13338	0.00457	0.01123	0.01108	0.03877	0.08378
4	0.05516	0.01260	0.01487	0.08733	0.02011	0.04431	0.01068	0.02240	0.04679	0.15278	0.03042	0.23028	0.03021	0.14518	0.01506	0.00377	0.00732	0.01298	0.00687	0.05087
5	0.02476	0.02766	0.02080	0.02003	0.05629	0.35529	0.01435	0.03198	0.16810	0.02422	0.01994	0.02399	0.01682	0.07980	0.01203	0.00297	0.04081	0.00730	0.04279	0.01008
6	0.06374	0.03371	0.09398	0.02165	0.05540	0.40527	0.01728	0.12219	0.02394	0.02676	0.01432	0.01675	0.01143	0.00965	0.00887	0.04115	0.01273	0.00592	0.00481	0.01044
7	0.06389	0.01501	0.01840	0.08851	0.02327	0.01513	0.01244	0.12223	0.02094	0.15224	0.02078	0.02508	0.01634	0.07709	0.03791	0.00322	0.04243	0.00736	0.04826	0.18950
8	0.01439	0.09018	0.04785	0.01195	0.01549	0.04152	0.01002	0.04739	0.02161	0.02819	0.30141	0.08809	0.21845	0.01629	0.00908	0.00259	0.00577	0.01373	0.00752	0.00848
9	0.01774	0.01582	0.02139	0.01852	0.02007	0.02028	0.01518	0.08582	0.01605	0.02373	0.01546	0.02260	0.01425	0.02775	0.21590	0.00626	0.38338	0.00766	0.00446	0.04769
10	0.01069	0.00752	0.00942	0.01070	0.01113	0.00714	0.00687	0.01173	0.01489	0.01974	0.04145	0.48687	0.07049	0.22777	0.01995	0.00474	0.00575	0.01997	0.00692	0.00625
11	0.01046	0.00822	0.00945	0.00962	0.01173	0.00721	0.00703	0.01298	0.01974	0.02547	0.24713	0.19135	0.36853	0.02076	0.00996	0.00285	0.00424	0.01792	0.00814	0.00721
12	0.02221	0.71304	0.04353	0.01421	0.02132	0.03287	0.01421	0.02488	0.01688	0.01955	0.01155	0.01333	0.01066	0.00711	0.00533	0.00178	0.00888	0.00444	0.00355	0.01066
13	0.01549	0.00774	0.00774	0.00774	0.00968	0.00774	0.00581	0.01936	0.01742	0.03097	0.02710	0.03097	0.02129	0.00968	0.00581	0.00194	0.00387	0.00774	0.75416	0.00774
14	0.01001	0.00765	0.00921	0.01046	0.01176	0.00684	0.00722	0.01169	0.01697	0.02164	0.05926	0.48391	0.26495	0.02427	0.01033	0.00317	0.00460	0.02148	0.00771	0.00684
15	0.01187	0.00890	0.01335	0.01335	0.01483	0.01038	0.01038	0.01483	0.01335	0.01928	0.02225	0.03264	0.02077	0.06231	0.67512	0.01335	0.02225	0.00890	0.00445	0.00742
16	0.01078	0.00770	0.01039	0.01232	0.01309	0.00731	0.00886	0.01270	0.01655	0.02194	0.04542	0.57991	0.05351	0.02541	0.01078	0.00346	0.00539	0.13984	0.00770	0.00693
17	0.01059	0.00850	0.00948	0.00940	0.01190	0.00740	0.00715	0.01332	0.02029	0.02578	0.24914	0.07544	0.45025	0.01995	0.00990	0.00280	0.00431	0.04897	0.00813	0.00729
18	0.01187	0.00890	0.01335	0.01335	0.01483	0.01038	0.01038	0.01483	0.01335	0.01928	0.02225	0.03264	0.02077	0.06231	0.67512	0.01335	0.02225	0.00890	0.00445	0.00742
19	0.01977	0.01893	0.03229	0.15420	0.55918	0.01953	0.02510	0.02480	0.01854	0.02618	0.01549	0.02082	0.01282	0.00755	0.00824	0.00252	0.01006	0.00740	0.00404	0.01252
20	0.02696	0.03337	0.03127	0.02550	0.03080	0.44625	0.19901	0.03055	0.02182	0.02220	0.01393	0.01737	0.01128	0.00839	0.00917	0.00241	0.04861	0.00678	0.00422	0.01008
21	0.03103	0.03959	0.02354	0.02140	0.02568	0.67469	0.01605	0.03317	0.02354	0.02033	0.01284	0.01498	0.01070	0.00856	0.00749	0.00214	0.01498	0.00535	0.00428	0.00963
22	0.01769	0.07497	0.51290	0.02829	0.15148	0.02011	0.02882	0.02608	0.01776	0.02610	0.01486	0.01788	0.01103	0.00776	0.00782	0.00255	0.01164	0.00628	0.00362	0.01236
23	0.01206	0.00813	0.00947	0.00947	0.00961	0.00827	0.00554	0.01234	0.01220	0.01641	0.02580	0.05231	0.02931	0.64699	0.10212	0.00855	0.00940	0.01178	0.00498	0.00526
24	0.10290	0.01938	0.03166	0.04410	0.51840	0.02000	0.05413	0.02513	0.01808	0.02783	0.01497	0.01974	0.01254	0.00782	0.00903	0.00256	0.04794	0.00720	0.00420	0.01237
25	0.01556	0.01208	0.01520	0.01319	0.01693	0.01099	0.01004	0.01812	0.01655	0.05838	0.02779	0.29354	0.02974	0.01530	0.01040	0.00243	0.08161	0.01289	0.00619	0.33308
26	0.01208	0.00805	0.00906	0.00906	0.00906	0.00805	0.00503	0.01208	0.01208	0.01611	0.02618	0.05436	0.03020	0.70804	0.04228	0.00805	0.00805	0.01208	0.00503	0.00503
27	0.02029	0.01946	0.03323	0.08616	0.62315	0.01967	0.02536	0.02526	0.01879	0.02681	0.01558	0.02065	0.01304	0.00745	0.00823	0.00248	0.00994	0.00740	0.00409	0.01294
28	0.01666	0.04297	0.66500	0.02368	0.03596	0.01929	0.03069	0.02631	0.01754	0.02631	0.01491	0.01754	0.01052	0.00789	0.00789	0.00263	0.01228	0.00614	0.00351	0.01228
29	0.03727	0.01414	0.01928	0.01478	0.02121	0.01221	0.01221	0.04049	0.02378	0.66198	0.03277	0.02828	0.02056	0.01028	0.00835	0.00257	0.00707	0.00835	0.01028	0.01414
30	0.01081	0.00780	0.01036	0.01205	0.01300	0.00735	0.00871	0.01287	0.01709	0.02263	0.08130	0.52146	0.08480	0.02469	0.01068	0.00339	0.00527	0.13097	0.00778	0.00699
