[name]
unknown

[dist]
# distance from previous block
# <min> <max>
0	8

[block]
# block no. 0 follows, 21 sequences, length 8
# corresponding to MSA columns:
# 8-15
name=unknown_A
#
# <colnr> <probs for GDERKNQSTAVLIFYWHMCP>
#	G	D	E	R	K	N	Q	S	T	A	V	L	I	F	Y	W	H	M	C	P
0	0.01371	0.00980	0.01371	0.01567	0.01763	0.00980	0.01371	0.01763	0.01959	0.02547	0.04506	0.09599	0.04898	0.02351	0.01175	0.00392	0.00784	0.59056	0.00784	0.00784
1	0.01879	0.03334	0.36952	0.03490	0.23364	0.02016	0.11467	0.02673	0.01873	0.02727	0.01579	0.01968	0.01195	0.00779	0.00848	0.00267	0.01204	0.00725	0.00389	0.01271
2	0.02536	0.02788	0.02807	0.02875	0.16429	0.27095	0.05632	0.07479	0.02163	0.02581	0.01441	0.01824	0.01208	0.00943	0.01155	0.00254	0.13190	0.00672	0.00460	0.06467
3	0.12379	0.02162	0.02499	0.08441	0.11905	0.09548	0.06548	0.17935	0.07961	0.03473	0.02372	0.02553	0.06563	0.01000	0.00823	0.00263	0.00973	0.00819	0.00615	0.01169
4	0.01992	0.37578	0.35002	0.01940	0.02932	0.02673	0.02298	0.02621	0.01763	0.02348	0.01355	0.01580	0.01085	0.00768	0.00677	0.00226	0.01083	0.00542	0.00362	0.01175
5	0.02804	0.03431	0.02467	0.02204	0.02518	0.48427	0.01706	0.03014	0.02096	0.02073	0.01259	0.01628	0.01102	0.01051	0.01344	0.00263	0.20618	0.00604	0.00420	0.00971
6	0.01338	0.01039	0.01200	0.01160	0.01344	0.01051	0.00837	0.06870	0.01890	0.02454	0.08145	0.20548	0.25047	0.16233	0.01831	0.00415	0.05488	0.01639	0.00716	0.00757
7	0.01871	0.01784	0.02893	0.16433	0.33198	0.02042	0.02250	0.02297	0.01694	0.02421	0.01535	0.02196	0.01325	0.01460	0.07338	0.00388	0.16580	0.00769	0.00405	0.01120

[dist]
# distance from previous block
# <min> <max>
0	5

[block]
# block no. 1 follows, 21 sequences, length 44
# corresponding to MSA columns:
# 21-64
name=unknown_B
#
# <colnr> <probs for GDERKNQSTAVLIFYWHMCP>
#	G	D	E	R	K	N	Q	S	T	A	V	L	I	F	Y	W	H	M	C	P
0	0.01863	0.01765	0.02990	0.29579	0.38884	0.01910	0.02432	0.02376	0.01832	0.02516	0.01707	0.05231	0.01459	0.00881	0.00857	0.00269	0.01036	0.00833	0.00421	0.01161
1	0.02059	0.01974	0.03369	0.11175	0.59202	0.02010	0.02588	0.02570	0.01915	0.02723	0.01592	0.02122	0.01328	0.00767	0.00843	0.00256	0.01023	0.00758	0.00417	0.01310
2	0.05275	0.04330	0.01398	0.01239	0.01465	0.04566	0.00972	0.01847	0.01561	0.02415	0.02263	0.03009	0.01979	0.04019	0.38080	0.00865	0.01561	0.00815	0.21534	0.00805
3	0.02291	0.02462	0.02398	0.02856	0.22599	0.24799	0.01723	0.05691	0.02294	0.02727	0.12742	0.03195	0.08410	0.01113	0.00859	0.00247	0.01036	0.00914	0.00572	0.01072
4	0.02495	0.25307	0.03415	0.02879	0.21492	0.23183	0.01888	0.02818	0.01993	0.02268	0.01350	0.01668	0.01173	0.00818	0.00806	0.00224	0.04098	0.00590	0.00406	0.01130
5	0.01579	0.01484	0.02386	0.16488	0.02991	0.01826	0.08128	0.01932	0.01515	0.02143	0.01909	0.08963	0.01833	0.02610	0.18070	0.00591	0.23237	0.00980	0.00442	0.00891
6	0.03086	0.01685	0.02066	0.01648	0.02214	0.01723	0.01348	0.24817	0.02797	0.30753	0.02661	0.02673	0.01869	0.02102	0.13961	0.00480	0.01111	0.00834	0.00860	0.01311
7	0.02028	0.41851	0.31051	0.01877	0.02835	0.02763	0.02189	0.02612	0.01758	0.02303	0.01333	0.01553	0.01086	0.00763	0.00660	0.00220	0.01061	0.00531	0.00362	0.01164
8	0.02039	0.01068	0.01392	0.01294	0.01645	0.00959	0.01040	0.02352	0.02146	0.23150	0.14167	0.12803	0.16390	0.01826	0.01001	0.00305	0.00605	0.13938	0.00897	0.00982
9	0.02156	0.02147	0.03500	0.04959	0.57632	0.05437	0.06357	0.02661	0.01967	0.02740	0.01593	0.02088	0.01331	0.00762	0.00849	0.00253	0.01066	0.00763	0.00423	0.01316
10	0.01037	0.00741	0.00987	0.01185	0.01234	0.00691	0.00790	0.01185	0.01629	0.02172	0.04690	0.69537	0.05629	0.02666	0.01086	0.00346	0.00494	0.02419	0.00790	0.00691
11	0.01707	0.04402	0.65683	0.02426	0.03683	0.01976	0.03144	0.02695	0.01797	0.02695	0.01527	0.01797	0.01078	0.00809	0.00809	0.00270	0.01258	0.00629	0.00359	0.01258
12	0.02020	0.02933	0.23931	0.03979	0.35172	0.05304	0.09065	0.02691	0.01923	0.02711	0.01575	0.01996	0.01241	0.00776	0.00845	0.00260	0.01164	0.00732	0.00403	0.01279
13	0.01238	0.00825	0.00928	0.00928	0.00928	0.00825	0.00516	0.01238	0.01238	0.01650	0.02681	0.05569	0.03094	0.70092	0.04331	0.00825	0.00825	0.01238	0.00516	0.00516
14	0.02074	0.01989	0.03396	0.09260	0.60998	0.02014	0.02596	0.02584	0.01923	0.02741	0.01595	0.02117	0.01334	0.00764	0.00843	0.00255	0.01019	0.00758	0.00418	0.01322
15	0.02027	0.01941	0.03311	0.15236	0.55393	0.02001	0.02572	0.02542	0.01900	0.02684	0.01587	0.02132	0.01314	0.00773	0.00844	0.00258	0.01031	0.00758	0.00414	0.01284
16	0.02906	0.02977	0.23041	0.02056	0.02877	0.14555	0.05133	0.03449	0.02200	0.28995	0.02267	0.02234	0.01526	0.00921	0.00831	0.00258	0.01097	0.00728	0.00671	0.01278
17	0.03818	0.01448	0.01975	0.01514	0.02172	0.01251	0.01251	0.04147	0.02436	0.65373	0.03357	0.02897	0.02107	0.01053	0.00856	0.00263	0.00724	0.00856	0.01053	0.01448
18	0.01204	0.00863	0.01174	0.01195	0.01283	0.00941	0.00843	0.01385	0.01350	0.01883	0.02678	0.11210	0.02839	0.28199	0.37936	0.01069	0.01581	0.01187	0.00513	0.00667
19	0.02140	0.03830	0.47787	0.02293	0.03387	0.02164	0.02711	0.19492	0.02422	0.03451	0.01673	0.01867	0.01183	0.00869	0.00821	0.00266	0.01167	0.00668	0.00499	0.01311
20	0.01139	0.00886	0.01048	0.01060	0.01301	0.00794	0.00830	0.01450	0.02104	0.02724	0.26941	0.07816	0.34440	0.02048	0.01036	0.00299	0.00484	0.11999	0.00839	0.00759
21	0.01006	0.00862	0.00862	0.00862	0.01149	0.00718	0.00647	0.01221	0.01940	0.02299	0.08621	0.08190	0.64438	0.02155	0.01006	0.00287	0.00431	0.01796	0.00790	0.00718
22	0.01707	0.04402	0.65683	0.02426	0.03683	0.01976	0.03144	0.02695	0.01797	0.02695	0.01527	0.01797	0.01078	0.00809	0.00809	0.00270	0.01258	0.00629	0.00359	0.01258
23	0.01287	0.01016	0.01504	0.01463	0.01598	0.01233	0.01152	0.01578	0.01361	0.01984	0.02152	0.03180	0.02016	0.05844	0.59689	0.01258	0.09567	0.00893	0.00447	0.00779
24	0.02106	0.02022	0.03454	0.05223	0.64784	0.02022	0.02612	0.02612	0.01938	0.02780	0.01601	0.02106	0.01348	0.00758	0.00842	0.00253	0.01011	0.00758	0.00421	0.01348
25	0.02245	0.67111	0.07690	0.01507	0.02263	0.03294	0.01545	0.02556	0.01733	0.02039	0.01201	0.01388	0.01091	0.00732	0.00560	0.00187	0.00928	0.00464	0.00364	0.01101
26	0.02106	0.02022	0.03454	0.05223	0.64784	0.02022	0.02612	0.02612	0.01938	0.02780	0.01601	0.02106	0.01348	0.00758	0.00842	0.00253	0.01011	0.00758	0.00421	0.01348
27	0.01006	0.00862	0.00862	0.00862	0.01149	0.00718	0.00647	0.01221	0.01940	0.02299	0.08621	0.08190	0.64438	0.02155	0.01006	0.00287	0.00431	0.01796	0.00790	0.00718
28	0.01006	0.00862	0.00862	0.00862	0.01149	0.00718	0.00647	0.01221	0.01940	0.02299	0.08621	0.08190	0.64438	0.02155	0.01006	0.00287	0.00431	0.01796	0.00790	0.00718
29	0.01796	0.01705	0.02893	0.44300	0.28133	0.01940	0.02457	0.02340	0.01791	0.02403	0.01546	0.02207	0.01215	0.00816	0.00848	0.00272	0.01088	0.00757	0.00394	0.01098
30	0.01371	0.00980	0.01371	0.01567	0.01763	0.00980	0.01371	0.01763	0.01959	0.02547	0.04506	0.09599	0.04898	0.02351	0.01175	0.00392	0.00784	0.59056	0.00784	0.00784
31	0.01037	0.00741	0.00987	0.01185	0.01234	0.00691	0.00790	0.01185	0.01629	0.02172	0.04690	0.69537	0.05629	0.02666	0.01086	0.00346	0.00494	0.02419	0.00790	0.00691
32	0.01568	0.00799	0.00821	0.00821	0.01017	0.00806	0.00618	0.01960	0.01764	0.03114	0.02752	0.03181	0.02179	0.01255	0.03823	0.00255	0.00489	0.00799	0.71187	0.00792
33	0.03818	0.01448	0.01975	0.01514	0.02172	0.01251	0.01251	0.04147	0.02436	0.65373	0.03357	0.02897	0.02107	0.01053	0.00856	0.00263	0.00724	0.00856	0.01053	0.01448
34	0.01006	0.00862	0.00862	0.00862	0.01149	0.00718	0.00647	0.01221	0.01940	0.02299	0.08621	0.08190	0.64438	0.02155	0.01006	0.00287	0.00431	0.01796	0.00790	0.00718
35	0.01037	0.00741	0.00987	0.01185	0.01234	0.00691	0.00790	0.01185	0.01629	0.02172	0.04690	0.69537	0.05629	0.02666	0.01086	0.00346	0.00494	0.02419	0.00790	0.00691
36	0.01707	0.04402	0.65683	0.02426	0.03683	0.01976	0.03144	0.02695	0.01797	0.02695	0.01527	0.01797	0.01078	0.00809	0.00809	0.00270	0.01258	0.00629	0.00359	0.01258
37	0.01204	0.00870	0.01138	0.01071	0.01271	0.00803	0.00803	0.01606	0.02409	0.03413	0.64335	0.06357	0.08030	0.01740	0.01004	0.00268	0.00401	0.01539	0.00937	0.00803
38	0.01982	0.02212	0.04673	0.03338	0.04187	0.02043	0.55193	0.02664	0.01982	0.02731	0.01699	0.02239	0.01288	0.00708	0.00964	0.00270	0.01349	0.00951	0.00438	0.09090
39	0.68124	0.01631	0.01390	0.08288	0.02097	0.01907	0.01076	0.02467	0.01475	0.03642	0.01220	0.01477	0.00944	0.00796	0.00561	0.00265	0.00709	0.00492	0.00511	0.00924
40	0.01331	0.01112	0.01190	0.01127	0.01447	0.01094	0.00858	0.02145	0.17776	0.02844	0.18384	0.06537	0.37333	0.01816	0.00969	0.00284	0.00487	0.01531	0.00839	0.00897
41	0.02236	0.01888	0.01992	0.01756	0.02259	0.02173	0.01376	0.10673	0.56900	0.03753	0.03312	0.03054	0.02475	0.01140	0.00864	0.00285	0.00702	0.00941	0.00864	0.01358
42	0.02105	0.01878	0.02256	0.01931	0.02452	0.02120	0.07811	0.04330	0.56687	0.03471	0.03277	0.03081	0.02458	0.01108	0.00881	0.00288	0.00755	0.00967	0.00819	0.01326
43	0.09147	0.00891	0.01078	0.01130	0.01294	0.00868	0.00809	0.01501	0.01934	0.02865	0.29126	0.35954	0.06123	0.02080	0.00992	0.00304	0.00473	0.01843	0.00823	0.00762

[dist]
# distance from previous block
# <min> <max>
0	2

[block]
# block no. 2 follows, 21 sequences, length 9
# corresponding to MSA columns:
# 67-75
name=unknown_C
#
# <colnr> <probs for GDERKNQSTAVLIFYWHMCP>
#	G	D	E	R	K	N	Q	S	T	A	V	L	I	F	Y	W	H	M	C	P
0	0.03091	0.10509	0.02610	0.02121	0.02588	0.60537	0.01626	0.03316	0.02345	0.02075	0.01303	0.01518	0.01096	0.00863	0.00746	0.00216	0.01474	0.00539	0.00431	0.00997
1	0.01018	0.00815	0.00911	0.00987	0.01182	0.00708	0.00702	0.01207	0.01819	0.02250	0.07096	0.31995	0.41618	0.02353	0.01037	0.00310	0.00455	0.02038	0.00790	0.00708
2	0.01990	0.01903	0.03244	0.19903	0.51016	0.01991	0.02554	0.02510	0.01883	0.02639	0.01580	0.02144	0.01298	0.00780	0.00844	0.00260	0.01040	0.00758	0.00411	0.01254
3	0.02319	0.03002	0.32242	0.03047	0.21548	0.01820	0.02543	0.03010	0.01988	0.17366	0.01977	0.02146	0.01399	0.00851	0.00830	0.00263	0.01059	0.00720	0.00540	0.01329
4	0.01187	0.00819	0.01013	0.01059	0.01096	0.00832	0.00669	0.01271	0.01350	0.01825	0.03086	0.20155	0.03529	0.44008	0.13689	0.00801	0.00983	0.01461	0.00570	0.00596
5	0.01544	0.01610	0.01267	0.01205	0.01514	0.16143	0.00904	0.01789	0.02122	0.02420	0.15479	0.06353	0.40966	0.01793	0.00950	0.00268	0.00684	0.01465	0.00731	0.00794
6	0.02733	0.02023	0.02240	0.01853	0.02409	0.02220	0.01544	0.44490	0.07025	0.04599	0.02703	0.03876	0.02321	0.01340	0.00928	0.00289	0.00885	0.14398	0.00836	0.01286
7	0.24955	0.02383	0.02147	0.01739	0.02342	0.10818	0.01414	0.36545	0.03032	0.04472	0.01692	0.01779	0.01244	0.00934	0.00743	0.00253	0.00932	0.00647	0.00700	0.01230
8	0.02433	0.02373	0.02076	0.05538	0.02483	0.21015	0.01401	0.07303	0.17035	0.05850	0.04976	0.02352	0.01895	0.00942	0.00784	0.00224	0.00954	0.00725	0.00635	0.19006

[dist]
# distance from previous block
# <min> <max>
3	17

[block]
# block no. 3 follows, 21 sequences, length 6
# corresponding to MSA columns:
# 93-98
name=unknown_D
#
# <colnr> <probs for GDERKNQSTAVLIFYWHMCP>
#	G	D	E	R	K	N	Q	S	T	A	V	L	I	F	Y	W	H	M	C	P
0	0.11390	0.02030	0.02425	0.02442	0.15851	0.02155	0.01642	0.32142	0.02920	0.08130	0.01939	0.02078	0.01434	0.00917	0.00786	0.00246	0.00862	0.00722	0.04610	0.05278
1	0.02283	0.02550	0.10263	0.02062	0.02469	0.13936	0.01811	0.15285	0.02161	0.02843	0.01578	0.02054	0.01330	0.01920	0.11267	0.00454	0.23442	0.00724	0.00499	0.01068
2	0.01997	0.01976	0.02800	0.04002	0.43905	0.09116	0.02106	0.02392	0.01925	0.02569	0.02238	0.16664	0.02248	0.01186	0.00887	0.00269	0.00959	0.01094	0.00503	0.01164
3	0.02036	0.01933	0.03338	0.28362	0.21511	0.02077	0.15206	0.09889	0.02121	0.02861	0.01649	0.02201	0.01267	0.00818	0.00882	0.00272	0.01141	0.00812	0.00461	0.01164
4	0.10455	0.10431	0.03109	0.19576	0.35405	0.02145	0.02214	0.02485	0.01798	0.02654	0.01480	0.01971	0.01215	0.00781	0.00771	0.00253	0.00988	0.00686	0.00416	0.01169
5	0.01938	0.02308	0.15665	0.01812	0.02446	0.01973	0.01680	0.03859	0.44964	0.03270	0.03461	0.03282	0.07268	0.01160	0.00865	0.00284	0.00781	0.00957	0.00750	0.01277

[dist]
# distance from previous block
# <min> <max>
0	1

[block]
# block no. 4 follows, 21 sequences, length 32
# corresponding to MSA columns:
# 100-131
name=unknown_E
#
# <colnr> <probs for GDERKNQSTAVLIFYWHMCP>
#	G	D	E	R	K	N	Q	S	T	A	V	L	I	F	Y	W	H	M	C	P
0	0.02741	0.02135	0.02551	0.09530	0.09734	0.02294	0.01730	0.41110	0.03232	0.04393	0.01867	0.02039	0.01378	0.00923	0.00822	0.00242	0.00927	0.00730	0.00707	0.10914
1	0.01623	0.01525	0.02515	0.50334	0.15043	0.01784	0.02216	0.02142	0.01767	0.02288	0.02307	0.02892	0.08116	0.00979	0.00866	0.00279	0.01037	0.00871	0.00430	0.00987
2	0.02008	0.09461	0.03295	0.04364	0.50892	0.02025	0.02284	0.02448	0.01881	0.02628	0.01894	0.09424	0.01789	0.00964	0.00836	0.00255	0.00943	0.00907	0.00455	0.01248
3	0.01837	0.01828	0.02468	0.53492	0.05104	0.09075	0.02172	0.02567	0.08534	0.02316	0.01705	0.02287	0.01291	0.00887	0.00843	0.00277	0.01128	0.00756	0.00438	0.00994
4	0.01737	0.01512	0.01896	0.22479	0.03106	0.01749	0.01499	0.03056	0.30241	0.02774	0.03332	0.03706	0.09025	0.08734	0.01257	0.00346	0.00809	0.01020	0.00665	0.01060
5	0.01037	0.00741	0.00987	0.01185	0.01234	0.00691	0.00790	0.01185	0.01629	0.02172	0.04690	0.69537	0.05629	0.02666	0.01086	0.00346	0.00494	0.02419	0.00790	0.00691
6	0.01006	0.00862	0.00862	0.00862	0.01149	0.00718	0.00647	0.01221	0.01940	0.02299	0.08621	0.08190	0.64438	0.02155	0.01006	0.00287	0.00431	0.01796	0.00790	0.00718
7	0.02840	0.03414	0.02741	0.03149	0.22248	0.46269	0.01950	0.03150	0.02262	0.02303	0.01405	0.01715	0.01176	0.00839	0.00791	0.00230	0.01369	0.00614	0.00433	0.01101
8	0.01150	0.00932	0.01049	0.00981	0.01285	0.00789	0.00739	0.01437	0.02049	0.02680	0.24355	0.09357	0.38249	0.01883	0.00967	0.00266	0.00447	0.01601	0.00802	0.08984
9	0.01782	0.01528	0.01772	0.01283	0.02026	0.01182	0.01025	0.02258	0.04752	0.02811	0.01607	0.01833	0.01325	0.00656	0.00642	0.00134	0.00632	0.00526	0.00522	0.71701
10	0.10033	0.20553	0.22632	0.01922	0.02572	0.02448	0.02011	0.02403	0.01589	0.02429	0.01333	0.01739	0.01132	0.01265	0.04793	0.00332	0.18752	0.00611	0.00388	0.01065
11	0.01258	0.00884	0.01027	0.01037	0.01107	0.00867	0.00637	0.01415	0.04060	0.01906	0.03103	0.19473	0.03543	0.48643	0.03275	0.00660	0.00735	0.01451	0.00591	0.04328
12	0.01814	0.01768	0.02785	0.48276	0.21337	0.04984	0.02395	0.02348	0.01798	0.02331	0.01527	0.02191	0.01189	0.00828	0.00845	0.00272	0.01121	0.00747	0.00392	0.01054
13	0.02839	0.01916	0.02412	0.02443	0.14997	0.02014	0.01650	0.19059	0.19882	0.19570	0.02688	0.02592	0.01919	0.01014	0.00855	0.00266	0.00824	0.00843	0.00820	0.01399
14	0.01879	0.01228	0.01478	0.01346	0.01674	0.01195	0.01017	0.13972	0.02347	0.10663	0.12505	0.30840	0.08684	0.01861	0.00969	0.00290	0.00601	0.01623	0.00839	0.04989
15	0.02224	0.02245	0.03340	0.04891	0.57963	0.09117	0.02506	0.02698	0.01990	0.02704	0.01569	0.02044	0.01320	0.00771	0.00834	0.00249	0.01068	0.00735	0.00423	0.01308
16	0.01981	0.01894	0.03228	0.21011	0.49977	0.01989	0.02549	0.02502	0.01878	0.02628	0.01579	0.02147	0.01294	0.00782	0.00845	0.00261	0.01042	0.00758	0.00410	0.01247
17	0.02840	0.03414	0.02741	0.03149	0.22248	0.46269	0.01950	0.03150	0.02262	0.02303	0.01405	0.01715	0.01176	0.00839	0.00791	0.00230	0.01369	0.00614	0.00433	0.01101
18	0.02203	0.02044	0.03262	0.04535	0.51052	0.02154	0.02420	0.09061	0.02094	0.02983	0.01596	0.02072	0.01333	0.00868	0.01059	0.00266	0.08465	0.00758	0.00463	0.01313
19	0.01707	0.04402	0.65683	0.02426	0.03683	0.01976	0.03144	0.02695	0.01797	0.02695	0.01527	0.01797	0.01078	0.00809	0.00809	0.00270	0.01258	0.00629	0.00359	0.01258
20	0.01037	0.00741	0.00987	0.01185	0.01234	0.00691	0.00790	0.01185	0.01629	0.02172	0.04690	0.69537	0.05629	0.02666	0.01086	0.00346	0.00494	0.02419	0.00790	0.00691
21	0.03179	0.04056	0.02412	0.02192	0.02631	0.66676	0.01644	0.03398	0.02412	0.02083	0.01315	0.01535	0.01096	0.00877	0.00767	0.00219	0.01535	0.00548	0.00438	0.00987
22	0.01031	0.00765	0.00962	0.01120	0.01217	0.00697	0.00761	0.01192	0.01692	0.02198	0.05487	0.57102	0.17549	0.02563	0.01070	0.00334	0.00481	0.02293	0.00790	0.00697
23	0.01238	0.00825	0.00928	0.00928	0.00928	0.00825	0.00516	0.01238	0.01238	0.01650	0.02681	0.05569	0.03094	0.70092	0.04331	0.00825	0.00825	0.01238	0.00516	0.00516
24	0.03235	0.02384	0.02554	0.01958	0.02639	0.02639	0.01618	0.61946	0.04001	0.05363	0.02043	0.02043	0.01447	0.01022	0.00851	0.00255	0.00936	0.00766	0.00851	0.01447
25	0.02664	0.02340	0.02166	0.01814	0.02380	0.14336	0.01431	0.19045	0.26136	0.07008	0.02464	0.02397	0.01838	0.01004	0.00817	0.00247	0.00903	0.00776	0.00751	0.09483
26	0.01765	0.01513	0.01765	0.01260	0.02017	0.01134	0.01008	0.02143	0.01765	0.02773	0.01513	0.01765	0.01260	0.00630	0.00630	0.00126	0.00630	0.00504	0.00504	0.75295
27	0.10559	0.15644	0.02367	0.01667	0.02117	0.30859	0.01338	0.02627	0.02023	0.02301	0.02747	0.02852	0.13917	0.01130	0.00851	0.00239	0.04535	0.00784	0.00502	0.00942
28	0.02340	0.05970	0.03287	0.04393	0.48505	0.15682	0.02349	0.02774	0.02027	0.02594	0.01519	0.01948	0.01282	0.00782	0.00811	0.00242	0.01116	0.00699	0.00422	0.01259
29	0.05052	0.01133	0.01514	0.01887	0.14150	0.01075	0.01157	0.01681	0.01981	0.02711	0.17899	0.13104	0.25987	0.01786	0.00969	0.00289	0.00585	0.05433	0.00733	0.00876
30	0.02897	0.24848	0.03051	0.01962	0.02491	0.46896	0.01586	0.03133	0.02198	0.02058	0.01274	0.01482	0.01095	0.00830	0.00698	0.00208	0.01340	0.00519	0.00415	0.01020
31	0.01792	0.14312	0.56518	0.02280	0.03459	0.02185	0.02892	0.02673	0.01787	0.02591	0.01476	0.01732	0.01080	0.00796	0.00769	0.00256	0.01206	0.00603	0.00360	0.01233

[dist]
# distance from previous block
# <min> <max>
0	1

[block]
# block no. 5 follows, 21 sequences, length 25
# corresponding to MSA columns:
# 133-157
name=unknown_F
#
# <colnr> <probs for GDERKNQSTAVLIFYWHMCP>
#	G	D	E	R	K	N	Q	S	T	A	V	L	I	F	Y	W	H	M	C	P
0	0.19771	0.01495	0.05152	0.01376	0.01743	0.01436	0.01112	0.13188	0.02061	0.03218	0.03311	0.33500	0.05892	0.01765	0.00885	0.00301	0.00661	0.01495	0.00712	0.00926
1	0.01928	0.02801	0.21040	0.01822	0.02441	0.16796	0.01785	0.06586	0.02046	0.02526	0.03079	0.03329	0.14003	0.02173	0.13416	0.00470	0.01329	0.00908	0.00518	0.01005
2	0.01914	0.01832	0.02749	0.03841	0.41205	0.06365	0.02074	0.02338	0.01799	0.02487	0.01785	0.02439	0.01566	0.02467	0.20752	0.00587	0.01432	0.00790	0.00433	0.01144
3	0.01738	0.08011	0.62346	0.02373	0.03602	0.02052	0.03052	0.02687	0.01793	0.02657	0.01508	0.01773	0.01079	0.00804	0.00794	0.00265	0.01239	0.00619	0.00360	0.01249
4	0.02181	0.12972	0.06660	0.06266	0.37283	0.08974	0.02280	0.02618	0.01878	0.02491	0.01453	0.01899	0.01238	0.00841	0.00971	0.00252	0.07446	0.00681	0.00405	0.01211
5	0.02611	0.03034	0.02763	0.03116	0.21347	0.35258	0.01977	0.02910	0.02063	0.02287	0.01365	0.01768	0.01176	0.00955	0.01165	0.00258	0.13792	0.00648	0.00421	0.01086
6	0.01434	0.00905	0.01019	0.01027	0.01149	0.00911	0.00689	0.05799	0.01702	0.02511	0.03183	0.21093	0.03354	0.26860	0.02115	0.00471	0.00618	0.01374	0.23072	0.00712
7	0.03235	0.02384	0.02554	0.01958	0.02639	0.02639	0.01618	0.61946	0.04001	0.05363	0.02043	0.02043	0.01447	0.01022	0.00851	0.00255	0.00936	0.00766	0.00851	0.01447
8	0.02275	0.70604	0.04459	0.01456	0.02184	0.03367	0.01456	0.02548	0.01729	0.02002	0.01183	0.01365	0.01092	0.00728	0.00546	0.00182	0.00910	0.00455	0.00364	0.01092
9	0.03235	0.02384	0.02554	0.01958	0.02639	0.02639	0.01618	0.61946	0.04001	0.05363	0.02043	0.02043	0.01447	0.01022	0.00851	0.00255	0.00936	0.00766	0.00851	0.01447
10	0.01851	0.01351	0.01539	0.01314	0.01680	0.01382	0.01033	0.20968	0.02827	0.03882	0.33836	0.05041	0.12940	0.01524	0.00934	0.00263	0.00577	0.01285	0.04775	0.00999
11	0.01046	0.00752	0.00977	0.01152	0.01213	0.00700	0.00767	0.01190	0.01627	0.02152	0.04814	0.62502	0.08953	0.06247	0.01255	0.00368	0.00508	0.02319	0.00775	0.00683
12	0.03235	0.02384	0.02554	0.01958	0.02639	0.02639	0.01618	0.61946	0.04001	0.05363	0.02043	0.02043	0.01447	0.01022	0.00851	0.00255	0.00936	0.00766	0.00851	0.01447
13	0.03235	0.02384	0.02554	0.01958	0.02639	0.02639	0.01618	0.61946	0.04001	0.05363	0.02043	0.02043	0.01447	0.01022	0.00851	0.00255	0.00936	0.00766	0.00851	0.01447
14	0.01583	0.23604	0.05641	0.01450	0.01844	0.01854	0.01296	0.01912	0.01506	0.02021	0.01887	0.02625	0.01740	0.04272	0.41986	0.00929	0.01785	0.00750	0.00421	0.00893
15	0.01820	0.01729	0.02936	0.41303	0.30944	0.01947	0.02469	0.02361	0.01802	0.02432	0.01550	0.02200	0.01225	0.00811	0.00847	0.00270	0.01082	0.00757	0.00396	0.01117
16	0.01332	0.01910	0.20629	0.01611	0.02063	0.01154	0.01601	0.01791	0.01776	0.02459	0.07836	0.28226	0.04108	0.06504	0.01232	0.00358	0.00798	0.13082	0.00651	0.00877
17	0.03124	0.02277	0.02436	0.01880	0.02528	0.02515	0.01549	0.57918	0.03852	0.05216	0.02092	0.02119	0.01497	0.01020	0.00834	0.00252	0.00900	0.00768	0.05820	0.01403
18	0.01116	0.00866	0.01314	0.01379	0.01494	0.00809	0.05721	0.01310	0.01660	0.02217	0.04450	0.64093	0.05277	0.02508	0.01080	0.00341	0.00570	0.02305	0.00761	0.00728
19	0.02796	0.17006	0.03018	0.02614	0.14218	0.41846	0.01788	0.03080	0.02186	0.02198	0.01343	0.01608	0.01143	0.00825	0.00737	0.00218	0.01311	0.00569	0.00420	0.01076
20	0.01950	0.31810	0.37263	0.02013	0.02992	0.02584	0.02382	0.02604	0.01745	0.02377	0.01365	0.01620	0.01086	0.00807	0.00793	0.00238	0.04273	0.00562	0.00362	0.01173
21	0.02036	0.01870	0.02804	0.03832	0.40726	0.01952	0.02083	0.03108	0.20510	0.03067	0.07243	0.02773	0.02267	0.00958	0.00863	0.00265	0.00860	0.00883	0.00597	0.01304
22	0.02230	0.02204	0.02729	0.02772	0.14941	0.09824	0.04592	0.07670	0.13627	0.02786	0.01787	0.02158	0.01478	0.01135	0.01560	0.00301	0.25747	0.00780	0.00525	0.01152
23	0.02323	0.07294	0.02139	0.01625	0.02087	0.01986	0.01309	0.33590	0.02879	0.03835	0.02884	0.17960	0.05068	0.02047	0.08542	0.00401	0.00967	0.01182	0.00749	0.01134
24	0.01964	0.23823	0.30110	0.02459	0.03445	0.02446	0.19104	0.02659	0.01836	0.02494	0.01478	0.01807	0.01142	0.00759	0.00784	0.00248	0.01202	0.00682	0.00381	0.01177

[dist]
# distance from previous block
# <min> <max>
0	2

[block]
# block no. 6 follows, 21 sequences, length 9
# corresponding to MSA columns:
# 160-168
name=unknown_G
#
# <colnr> <probs for GDERKNQSTAVLIFYWHMCP>
#	G	D	E	R	K	N	Q	S	T	A	V	L	I	F	Y	W	H	M	C	P
0	0.01309	0.01078	0.01188	0.01198	0.01487	0.01063	0.00928	0.02026	0.15388	0.02599	0.06406	0.14371	0.34983	0.02024	0.01010	0.00310	0.00545	0.10416	0.00806	0.00863
1	0.01527	0.01027	0.01233	0.01213	0.01520	0.00954	0.00980	0.01970	0.06105	0.09849	0.13110	0.07420	0.30179	0.01967	0.01026	0.00311	0.00574	0.17322	0.00841	0.00872
2	0.01994	0.21963	0.28468	0.02536	0.13587	0.02391	0.02316	0.02912	0.10965	0.02647	0.01733	0.01936	0.01355	0.00829	0.00750	0.00245	0.01032	0.00653	0.00447	0.01241
3	0.02945	0.03677	0.02433	0.12012	0.03113	0.57016	0.01752	0.03216	0.02306	0.02096	0.01345	0.01644	0.01102	0.00873	0.00780	0.00229	0.01475	0.00579	0.00429	0.00980
4	0.01638	0.11734	0.01809	0.01372	0.01711	0.09486	0.01130	0.02037	0.05135	0.02483	0.11949	0.08625	0.20160	0.01750	0.00945	0.00289	0.00738	0.15441	0.00703	0.00865
5	0.01496	0.01361	0.01284	0.01276	0.01509	0.08676	0.00917	0.02051	0.12224	0.02452	0.08853	0.23148	0.19427	0.09779	0.01360	0.00356	0.00662	0.01600	0.00740	0.00831
6	0.02019	0.01737	0.05115	0.01748	0.05958	0.01599	0.01351	0.18017	0.06131	0.03300	0.02794	0.06035	0.06090	0.09270	0.01257	0.00314	0.00792	0.07145	0.00666	0.18663
7	0.01549	0.01286	0.01893	0.33916	0.03631	0.01461	0.01655	0.05646	0.02014	0.02680	0.12175	0.04494	0.09999	0.01336	0.00915	0.00288	0.00843	0.08086	0.05231	0.00900
8	0.02292	0.24353	0.06363	0.02325	0.11661	0.10541	0.01796	0.09463	0.02089	0.02625	0.01755	0.02607	0.01613	0.01069	0.01013	0.00258	0.09233	0.07345	0.00488	0.01112

[dist]
# distance from previous block
# <min> <max>
5	21

[block]
# block no. 7 follows, 21 sequences, length 8
# corresponding to MSA columns:
# 190-197
name=unknown_H
#
# <colnr> <probs for GDERKNQSTAVLIFYWHMCP>
#	G	D	E	R	K	N	Q	S	T	A	V	L	I	F	Y	W	H	M	C	P
0	0.02393	0.02172	0.08857	0.01813	0.02371	0.02122	0.01597	0.31869	0.07984	0.04108	0.11985	0.03133	0.06362	0.01238	0.01078	0.00275	0.07711	0.00948	0.00761	0.01223
1	0.01821	0.16099	0.26611	0.02134	0.02962	0.02104	0.11440	0.02663	0.08103	0.02680	0.08375	0.02517	0.02074	0.01286	0.05234	0.00331	0.01136	0.00803	0.00490	0.01136
2	0.02316	0.12796	0.09473	0.02372	0.12246	0.02390	0.01838	0.19415	0.10940	0.03382	0.02296	0.02441	0.05346	0.01049	0.01008	0.00264	0.07786	0.00791	0.00606	0.01246
3	0.02174	0.06448	0.27002	0.03013	0.13144	0.16007	0.14805	0.02833	0.01992	0.02552	0.01518	0.01873	0.01169	0.00793	0.00834	0.00256	0.01300	0.00702	0.00401	0.01183
4	0.02064	0.18354	0.24408	0.05522	0.18220	0.07163	0.07578	0.02677	0.01877	0.02497	0.01468	0.01817	0.01169	0.00777	0.00773	0.00244	0.01151	0.00653	0.00388	0.01200
5	0.09367	0.11038	0.39676	0.02087	0.03058	0.02087	0.04804	0.02797	0.08288	0.02861	0.04922	0.02108	0.01593	0.00879	0.00774	0.00262	0.01059	0.00690	0.00463	0.01186
6	0.02848	0.02470	0.02646	0.02658	0.15938	0.12457	0.01799	0.35929	0.03131	0.04065	0.01849	0.02064	0.01416	0.01302	0.05253	0.00324	0.01136	0.00740	0.00667	0.01307
7	0.06534	0.02627	0.02221	0.01843	0.02349	0.21388	0.01438	0.33158	0.03018	0.03795	0.01873	0.02350	0.01546	0.10581	0.01295	0.00324	0.01085	0.00752	0.00666	0.01155

[dist]
# distance from previous block
# <min> <max>
6	21

[block]
# block no. 8 follows, 21 sequences, length 27
# corresponding to MSA columns:
# 219-245
name=unknown_I
#
# <colnr> <probs for GDERKNQSTAVLIFYWHMCP>
#	G	D	E	R	K	N	Q	S	T	A	V	L	I	F	Y	W	H	M	C	P
0	0.03145	0.01927	0.07986	0.01673	0.02381	0.01634	0.01476	0.13462	0.09329	0.36882	0.02809	0.02578	0.01877	0.00997	0.00831	0.00253	0.00795	0.00799	0.00883	0.08283
1	0.01272	0.01111	0.01876	0.01657	0.01930	0.01029	0.14008	0.01592	0.01869	0.02507	0.14148	0.38746	0.10717	0.02043	0.01047	0.00315	0.00677	0.01909	0.00736	0.00811
2	0.01770	0.11756	0.58882	0.02318	0.03517	0.02131	0.02957	0.02679	0.01789	0.02618	0.01489	0.01749	0.01080	0.00800	0.00779	0.00260	0.01219	0.00610	0.00360	0.01239
3	0.03091	0.11085	0.02670	0.02060	0.02583	0.45733	0.01618	0.16022	0.02681	0.02786	0.01459	0.01626	0.01172	0.00892	0.00761	0.00223	0.01335	0.00585	0.00520	0.01098
4	0.12215	0.01047	0.01142	0.01096	0.01254	0.01109	0.00736	0.01808	0.05478	0.05213	0.02582	0.06866	0.02689	0.42538	0.10192	0.00723	0.00935	0.01098	0.00570	0.00708
5	0.01821	0.02060	0.09134	0.33591	0.20651	0.01982	0.13609	0.02439	0.01829	0.02483	0.01576	0.02188	0.01214	0.00798	0.00873	0.00275	0.01170	0.00791	0.00397	0.01117
6	0.02760	0.03348	0.03094	0.03017	0.14530	0.42571	0.13067	0.03126	0.02248	0.02333	0.01445	0.01783	0.01180	0.00825	0.00826	0.00238	0.01419	0.00673	0.00434	0.01084
7	0.02550	0.02938	0.02162	0.04740	0.02531	0.37901	0.01425	0.02848	0.02124	0.02360	0.01402	0.01658	0.01163	0.00778	0.00717	0.00185	0.01159	0.00540	0.00462	0.30356
8	0.01921	0.21071	0.47218	0.02170	0.03255	0.05430	0.02647	0.02692	0.01809	0.02491	0.01430	0.01675	0.01082	0.00792	0.00740	0.00245	0.01183	0.00581	0.00364	0.01203
9	0.02333	0.01997	0.01856	0.01684	0.02087	0.13820	0.01283	0.10561	0.22877	0.08889	0.03192	0.19886	0.02913	0.01468	0.00902	0.00284	0.00826	0.01228	0.00782	0.01132
10	0.02901	0.03529	0.02682	0.02977	0.18725	0.49934	0.01895	0.03195	0.02289	0.02263	0.01389	0.01683	0.01161	0.00846	0.00787	0.00228	0.01399	0.00603	0.00434	0.01080
11	0.01186	0.00828	0.01047	0.01082	0.01144	0.00838	0.00710	0.01320	0.01477	0.02020	0.09892	0.19135	0.04012	0.35924	0.14938	0.00761	0.00978	0.01467	0.00611	0.00631
12	0.01813	0.16797	0.54220	0.02244	0.03403	0.02237	0.02828	0.02668	0.01784	0.02565	0.01463	0.01716	0.01081	0.00793	0.00759	0.00253	0.01193	0.00596	0.00360	0.01227
13	0.02460	0.19541	0.02485	0.01456	0.01995	0.02238	0.01249	0.27407	0.02705	0.03793	0.02055	0.02228	0.01590	0.00936	0.00690	0.00218	0.00757	0.00694	0.24357	0.01146
14	0.10663	0.08511	0.05180	0.01660	0.02215	0.02170	0.01392	0.03997	0.44784	0.05943	0.02886	0.02718	0.02167	0.01051	0.00793	0.00274	0.00725	0.00836	0.00762	0.01274
15	0.01380	0.00936	0.01261	0.01237	0.01394	0.01078	0.00963	0.01707	0.01500	0.02373	0.02365	0.03189	0.02078	0.04287	0.40759	0.00918	0.06067	0.00862	0.24864	0.00782
16	0.02075	0.02031	0.03591	0.07658	0.55627	0.02031	0.09165	0.02606	0.01936	0.02749	0.01611	0.02134	0.01333	0.00758	0.00861	0.00258	0.01063	0.00785	0.00420	0.01309
17	0.02760	0.02019	0.02204	0.01771	0.02387	0.02184	0.01431	0.30713	0.24470	0.10169	0.02617	0.02496	0.01897	0.01035	0.00836	0.00256	0.00795	0.00819	0.00843	0.08297
18	0.02712	0.08724	0.02352	0.01796	0.02317	0.26203	0.01431	0.23536	0.02823	0.03272	0.02928	0.02945	0.13079	0.01154	0.00822	0.00241	0.01062	0.00850	0.00643	0.01108
19	0.01728	0.01360	0.01749	0.01970	0.13313	0.01399	0.01198	0.09906	0.07795	0.02930	0.15570	0.04529	0.06679	0.23869	0.02033	0.00449	0.00752	0.01151	0.00677	0.00942
20	0.02030	0.02164	0.03495	0.20213	0.15682	0.09133	0.22939	0.02582	0.01938	0.02526	0.01580	0.02119	0.01237	0.00769	0.00873	0.00257	0.01214	0.00797	0.00423	0.08028
21	0.08998	0.02020	0.02980	0.04301	0.49197	0.06207	0.02256	0.02554	0.01911	0.02794	0.01807	0.05242	0.01635	0.00923	0.00833	0.00262	0.00980	0.03406	0.00464	0.01231
22	0.09109	0.31552	0.22387	0.01988	0.05363	0.11865	0.01995	0.02714	0.01831	0.02427	0.01325	0.01554	0.01084	0.00781	0.00669	0.00225	0.01086	0.00535	0.00391	0.01122
23	0.01456	0.01093	0.01306	0.01231	0.01510	0.01093	0.00962	0.02091	0.11266	0.05959	0.28618	0.06324	0.21862	0.01780	0.01072	0.00292	0.03519	0.06818	0.00852	0.00896
24	0.02569	0.02546	0.03544	0.03267	0.17245	0.12782	0.21570	0.19577	0.02622	0.03380	0.01719	0.02057	0.01316	0.00839	0.00886	0.00259	0.01214	0.00807	0.00549	0.01251
25	0.32334	0.02173	0.01742	0.01514	0.01991	0.15349	0.01192	0.13837	0.05003	0.03599	0.08556	0.02352	0.02016	0.03959	0.00870	0.00278	0.00872	0.00712	0.00630	0.01023
26	0.02713	0.08385	0.02332	0.01668	0.02241	0.02303	0.01381	0.38802	0.09956	0.04439	0.02258	0.02317	0.01679	0.01003	0.00776	0.00242	0.00804	0.00764	0.14656	0.01281

[dist]
# distance from previous block
# <min> <max>
0	2

[block]
# block no. 9 follows, 21 sequences, length 9
# corresponding to MSA columns:
# 248-256
name=unknown_J
#
# <colnr> <probs for GDERKNQSTAVLIFYWHMCP>
#	G	D	E	R	K	N	Q	S	T	A	V	L	I	F	Y	W	H	M	C	P
0	0.02391	0.02562	0.03178	0.04419	0.48291	0.19178	0.02355	0.02820	0.02063	0.02595	0.01525	0.01955	0.01281	0.00790	0.00823	0.00244	0.01150	0.00702	0.00426	0.01252
1	0.01736	0.01798	0.07452	0.01578	0.02026	0.04844	0.01346	0.03042	0.29964	0.02925	0.04496	0.08697	0.16234	0.01563	0.00938	0.00299	0.00722	0.08497	0.00767	0.01076
2	0.02363	0.01738	0.02050	0.01972	0.07870	0.01874	0.01411	0.18347	0.23991	0.09912	0.06615	0.12510	0.02891	0.01326	0.00899	0.00281	0.00735	0.01126	0.00833	0.01257
3	0.02517	0.01794	0.02286	0.01729	0.02423	0.01694	0.06800	0.15099	0.10975	0.15017	0.02255	0.02278	0.01646	0.00870	0.00785	0.00215	0.00790	0.00733	0.00721	0.29373
4	0.02188	0.02468	0.08053	0.04441	0.44723	0.09527	0.10805	0.02725	0.01992	0.02686	0.01579	0.02044	0.01291	0.00770	0.00854	0.00255	0.01149	0.00759	0.00420	0.01272
5	0.01526	0.01830	0.10322	0.01529	0.01907	0.10472	0.01371	0.01889	0.01939	0.02372	0.04724	0.17387	0.19324	0.01927	0.01006	0.00315	0.00817	0.17821	0.00677	0.00846
6	0.02327	0.02362	0.02440	0.02973	0.25148	0.21378	0.01759	0.06928	0.02279	0.02889	0.10460	0.02646	0.02310	0.00978	0.00814	0.00239	0.01008	0.00808	0.09148	0.01105
7	0.02459	0.39135	0.16967	0.01773	0.02566	0.11683	0.01819	0.02884	0.01921	0.09503	0.01527	0.01658	0.01207	0.00804	0.00669	0.00215	0.01050	0.00552	0.00453	0.01154
8	0.01992	0.01694	0.02172	0.01794	0.02288	0.01788	0.09641	0.15164	0.22891	0.03459	0.06811	0.08597	0.15181	0.01401	0.00932	0.00284	0.00761	0.01224	0.00785	0.01142

[dist]
# distance from previous block
# <min> <max>
0	1

[block]
# block no. 10 follows, 21 sequences, length 96
# corresponding to MSA columns:
# 258-353
name=unknown_K
#
# <colnr> <probs for GDERKNQSTAVLIFYWHMCP>
#	G	D	E	R	K	N	Q	S	T	A	V	L	I	F	Y	W	H	M	C	P
0	0.01642	0.01576	0.01400	0.01305	0.01628	0.12521	0.01000	0.07446	0.02100	0.02486	0.05396	0.05431	0.34386	0.02703	0.14624	0.00497	0.01057	0.01296	0.00665	0.00843
1	0.23944	0.02024	0.01901	0.01623	0.02167	0.06406	0.01297	0.16347	0.25200	0.07199	0.02346	0.02286	0.01736	0.00996	0.00757	0.00268	0.00786	0.00741	0.00746	0.01227
2	0.31493	0.06196	0.37229	0.01861	0.02803	0.02010	0.02181	0.02611	0.01654	0.03114	0.01375	0.01612	0.01016	0.00798	0.00684	0.00263	0.01003	0.00554	0.00426	0.01116
3	0.01737	0.07904	0.62445	0.02374	0.03604	0.02050	0.03055	0.02687	0.01793	0.02658	0.01509	0.01774	0.01079	0.00804	0.00795	0.00265	0.01239	0.00620	0.00360	0.01249
4	0.01586	0.00793	0.00793	0.00793	0.00991	0.00793	0.00595	0.01983	0.01785	0.03173	0.02776	0.03173	0.02181	0.00991	0.00595	0.00198	0.00397	0.00793	0.74817	0.00793
5	0.01938	0.02068	0.04075	0.02911	0.03741	0.01856	0.44054	0.02556	0.01938	0.02740	0.01661	0.02141	0.01282	0.00692	0.00896	0.00240	0.01201	0.00859	0.00452	0.22699
6	0.01037	0.00741	0.00987	0.01185	0.01234	0.00691	0.00790	0.01185	0.01629	0.02172	0.04690	0.69537	0.05629	0.02666	0.01086	0.00346	0.00494	0.02419	0.00790	0.00691
7	0.01586	0.00793	0.00793	0.00793	0.00991	0.00793	0.00595	0.01983	0.01785	0.03173	0.02776	0.03173	0.02181	0.00991	0.00595	0.00198	0.00397	0.00793	0.74817	0.00793
8	0.01037	0.00741	0.00987	0.01185	0.01234	0.00691	0.00790	0.01185	0.01629	0.02172	0.04690	0.69537	0.05629	0.02666	0.01086	0.00346	0.00494	0.02419	0.00790	0.00691
9	0.01371	0.00980	0.01371	0.01567	0.01763	0.00980	0.01371	0.01763	0.01959	0.02547	0.04506	0.09599	0.04898	0.02351	0.01175	0.00392	0.00784	0.59056	0.00784	0.00784
10	0.01765	0.01513	0.01765	0.01260	0.02017	0.01134	0.01008	0.02143	0.01765	0.02773	0.01513	0.01765	0.01260	0.00630	0.00630	0.00126	0.00630	0.00504	0.00504	0.75295
11	0.02774	0.03333	0.02792	0.06720	0.18203	0.44230	0.04587	0.03106	0.02237	0.02288	0.01415	0.01751	0.01169	0.00839	0.00801	0.00234	0.01379	0.00632	0.00430	0.01080
12	0.02358	0.02025	0.02055	0.01792	0.02305	0.05137	0.01407	0.14369	0.50273	0.03804	0.03121	0.02905	0.02331	0.01119	0.00859	0.00280	0.00758	0.00910	0.00844	0.01348
13	0.01806	0.15912	0.55039	0.02257	0.03423	0.02218	0.02851	0.02670	0.01785	0.02575	0.01467	0.01722	0.01080	0.00795	0.00763	0.00254	0.01197	0.00599	0.00360	0.01229
14	0.03235	0.02384	0.02554	0.01958	0.02639	0.02639	0.01618	0.61946	0.04001	0.05363	0.02043	0.02043	0.01447	0.01022	0.00851	0.00255	0.00936	0.00766	0.00851	0.01447
15	0.01037	0.00741	0.00987	0.01185	0.01234	0.00691	0.00790	0.01185	0.01629	0.02172	0.04690	0.69537	0.05629	0.02666	0.01086	0.00346	0.00494	0.02419	0.00790	0.00691
16	0.01862	0.01862	0.02607	0.02234	0.02234	0.02607	0.01862	0.02048	0.01303	0.02048	0.01117	0.01862	0.01117	0.01489	0.02793	0.00372	0.68535	0.00745	0.00372	0.00931
17	0.76103	0.01646	0.01251	0.01119	0.01646	0.01909	0.00922	0.02502	0.01448	0.03818	0.01185	0.01382	0.00922	0.00790	0.00527	0.00263	0.00658	0.00461	0.00527	0.00922
18	0.03179	0.04056	0.02412	0.02192	0.02631	0.66676	0.01644	0.03398	0.02412	0.02083	0.01315	0.01535	0.01096	0.00877	0.00767	0.00219	0.01535	0.00548	0.00438	0.00987
19	0.01197	0.00817	0.00979	0.01033	0.01067	0.00801	0.00645	0.01276	0.01437	0.01923	0.06737	0.20755	0.04067	0.46616	0.03205	0.00657	0.00722	0.04859	0.00619	0.00588
20	0.01765	0.01513	0.01765	0.01260	0.02017	0.01134	0.01008	0.02143	0.01765	0.02773	0.01513	0.01765	0.01260	0.00630	0.00630	0.00126	0.00630	0.00504	0.00504	0.75295
21	0.01765	0.01513	0.01765	0.01260	0.02017	0.01134	0.01008	0.02143	0.01765	0.02773	0.01513	0.01765	0.01260	0.00630	0.00630	0.00126	0.00630	0.00504	0.00504	0.75295
22	0.01744	0.01461	0.01590	0.01454	0.01838	0.01604	0.01120	0.03360	0.39914	0.03368	0.19977	0.04615	0.11535	0.01429	0.00919	0.00283	0.00573	0.01214	0.00875	0.01129
23	0.01149	0.00827	0.00915	0.00937	0.01025	0.00780	0.00583	0.01227	0.01483	0.01894	0.04619	0.13247	0.21131	0.43127	0.03017	0.00617	0.00675	0.01527	0.00625	0.00593
24	0.01216	0.00912	0.01368	0.01368	0.01520	0.01064	0.01064	0.01520	0.01368	0.01976	0.02279	0.03343	0.02127	0.06382	0.66720	0.01368	0.02279	0.00912	0.00456	0.00760
25	0.02106	0.02022	0.03454	0.05223	0.64784	0.02022	0.02612	0.02612	0.01938	0.02780	0.01601	0.02106	0.01348	0.00758	0.00842	0.00253	0.01011	0.00758	0.00421	0.01348
26	0.01037	0.00741	0.00987	0.01185	0.01234	0.00691	0.00790	0.01185	0.01629	0.02172	0.04690	0.69537	0.05629	0.02666	0.01086	0.00346	0.00494	0.02419	0.00790	0.00691
27	0.02970	0.02442	0.02392	0.01932	0.02540	0.09682	0.01558	0.42106	0.17535	0.04579	0.02291	0.02248	0.01674	0.01036	0.00845	0.00259	0.00943	0.00787	0.00809	0.01373
28	0.01586	0.00793	0.00793	0.00793	0.00991	0.00793	0.00595	0.01983	0.01785	0.03173	0.02776	0.03173	0.02181	0.00991	0.00595	0.00198	0.00397	0.00793	0.74817	0.00793
29	0.02111	0.51435	0.22187	0.01737	0.02618	0.02965	0.01945	0.02591	0.01749	0.02203	0.01283	0.01490	0.01088	0.00751	0.00622	0.00207	0.01011	0.00505	0.00363	0.01140
30	0.01862	0.01862	0.02607	0.02234	0.02234	0.02607	0.01862	0.02048	0.01303	0.02048	0.01117	0.01862	0.01117	0.01489	0.02793	0.00372	0.68535	0.00745	0.00372	0.00931
31	0.01118	0.00866	0.01018	0.00980	0.01218	0.00766	0.00735	0.01439	0.02205	0.02928	0.40100	0.07154	0.32567	0.01921	0.01005	0.00276	0.00414	0.01651	0.00873	0.00766
32	0.01238	0.00825	0.00928	0.00928	0.00928	0.00825	0.00516	0.01238	0.01238	0.01650	0.02681	0.05569	0.03094	0.70092	0.04331	0.00825	0.00825	0.01238	0.00516	0.00516
33	0.01862	0.01862	0.02607	0.02234	0.02234	0.02607	0.01862	0.02048	0.01303	0.02048	0.01117	0.01862	0.01117	0.01489	0.02793	0.00372	0.68535	0.00745	0.00372	0.00931
34	0.01037	0.00741	0.00987	0.01185	0.01234	0.00691	0.00790	0.01185	0.01629	0.02172	0.04690	0.69537	0.05629	0.02666	0.01086	0.00346	0.00494	0.02419	0.00790	0.00691
35	0.01371	0.00980	0.01371	0.01567	0.01763	0.00980	0.01371	0.01763	0.01959	0.02547	0.04506	0.09599	0.04898	0.02351	0.01175	0.00392	0.00784	0.59056	0.00784	0.00784
36	0.01586	0.00793	0.00793	0.00793	0.00991	0.00793	0.00595	0.01983	0.01785	0.03173	0.02776	0.03173	0.02181	0.00991	0.00595	0.00198	0.00397	0.00793	0.74817	0.00793
37	0.01079	0.00823	0.00991	0.01037	0.01216	0.00736	0.00744	0.01330	0.01981	0.02605	0.24754	0.28434	0.26796	0.02198	0.01032	0.00301	0.00443	0.01927	0.00836	0.00736
38	0.01216	0.00912	0.01368	0.01368	0.01520	0.01064	0.01064	0.01520	0.01368	0.01976	0.02279	0.03343	0.02127	0.06382	0.66720	0.01368	0.02279	0.00912	0.00456	0.00760
39	0.01707	0.04402	0.65683	0.02426	0.03683	0.01976	0.03144	0.02695	0.01797	0.02695	0.01527	0.01797	0.01078	0.00809	0.00809	0.00270	0.01258	0.00629	0.00359	0.01258
40	0.02043	0.01764	0.01854	0.01674	0.02142	0.02024	0.01301	0.04303	0.59180	0.03476	0.03806	0.03508	0.06699	0.01221	0.00875	0.00289	0.00657	0.01017	0.00861	0.01305
41	0.01191	0.00869	0.01119	0.01057	0.01263	0.00797	0.00793	0.01580	0.02378	0.03339	0.60640	0.06478	0.11771	0.01767	0.01004	0.00269	0.00403	0.01556	0.00927	0.00797
42	0.01026	0.00863	0.00890	0.00883	0.01162	0.00727	0.00663	0.01261	0.01988	0.02413	0.14338	0.08002	0.58650	0.02113	0.01006	0.00285	0.00428	0.01770	0.00805	0.00727
43	0.01607	0.01513	0.02552	0.68047	0.05861	0.01891	0.02363	0.02174	0.01702	0.02174	0.01513	0.02269	0.01134	0.00851	0.00851	0.00284	0.01134	0.00756	0.00378	0.00945
44	0.01607	0.01513	0.02552	0.68047	0.05861	0.01891	0.02363	0.02174	0.01702	0.02174	0.01513	0.02269	0.01134	0.00851	0.00851	0.00284	0.01134	0.00756	0.00378	0.00945
45	0.01707	0.04402	0.65683	0.02426	0.03683	0.01976	0.03144	0.02695	0.01797	0.02695	0.01527	0.01797	0.01078	0.00809	0.00809	0.00270	0.01258	0.00629	0.00359	0.01258
46	0.01586	0.00793	0.00793	0.00793	0.00991	0.00793	0.00595	0.01983	0.01785	0.03173	0.02776	0.03173	0.02181	0.00991	0.00595	0.00198	0.00397	0.00793	0.74817	0.00793
47	0.01607	0.01513	0.02552	0.68047	0.05861	0.01891	0.02363	0.02174	0.01702	0.02174	0.01513	0.02269	0.01134	0.00851	0.00851	0.00284	0.01134	0.00756	0.00378	0.00945
48	0.02106	0.02022	0.03454	0.05223	0.64784	0.02022	0.02612	0.02612	0.01938	0.02780	0.01601	0.02106	0.01348	0.00758	0.00842	0.00253	0.01011	0.00758	0.00421	0.01348
49	0.02179	0.01859	0.01959	0.01744	0.02236	0.02146	0.01362	0.07696	0.59972	0.03660	0.03385	0.03112	0.02534	0.01147	0.00865	0.00287	0.00688	0.00951	0.00865	0.01353
50	0.01586	0.00793	0.00793	0.00793	0.00991	0.00793	0.00595	0.01983	0.01785	0.03173	0.02776	0.03173	0.02181	0.00991	0.00595	0.00198	0.00397	0.00793	0.74817	0.00793
