[name]
unknown

[dist]
# distance from previous block
# <min> <max>
0	18

[block]
# block no. 0 follows, 21 sequences, length 247
# corresponding to MSA columns:
# 18-264
name=unknown_A
#
# <colnr> <probs for GDERKNQSTAVLIFYWHMCP>
#	G	D	E	R	K	N	Q	S	T	A	V	L	I	F	Y	W	H	M	C	P
0	0.01371	0.00980	0.01371	0.01567	0.01763	0.00980	0.01371	0.01763	0.01959	0.02547	0.04506	0.09599	0.04898	0.02351	0.01175	0.00392	0.00784	0.59056	0.00784	0.00784
1	0.76103	0.01646	0.01251	0.01119	0.01646	0.01909	0.00922	0.02502	0.01448	0.03818	0.01185	0.01382	0.00922	0.00790	0.00527	0.00263	0.00658	0.00461	0.00527	0.00922
2	0.02652	0.01963	0.02135	0.01740	0.02255	0.02153	0.01383	0.43509	0.07682	0.04443	0.02617	0.13194	0.02324	0.06498	0.01152	0.00315	0.00838	0.01080	0.00817	0.01249
3	0.03684	0.01452	0.01961	0.01498	0.02162	0.01243	0.01235	0.04017	0.02392	0.61295	0.03237	0.02823	0.02051	0.01026	0.00841	0.00254	0.00718	0.00833	0.01018	0.06259
4	0.01037	0.00741	0.00987	0.01185	0.01234	0.00691	0.00790	0.01185	0.01629	0.02172	0.04690	0.69537	0.05629	0.02666	0.01086	0.00346	0.00494	0.02419	0.00790	0.00691
5	0.03818	0.01448	0.01975	0.01514	0.02172	0.01251	0.01251	0.04147	0.02436	0.65373	0.03357	0.02897	0.02107	0.01053	0.00856	0.00263	0.00724	0.00856	0.01053	0.01448
6	0.02236	0.02527	0.02118	0.01934	0.02178	0.30532	0.01506	0.02476	0.01816	0.02040	0.01583	0.02198	0.01436	0.02807	0.22652	0.00628	0.17294	0.00712	0.00429	0.00900
7	0.76103	0.01646	0.01251	0.01119	0.01646	0.01909	0.00922	0.02502	0.01448	0.03818	0.01185	0.01382	0.00922	0.00790	0.00527	0.00263	0.00658	0.00461	0.00527	0.00922
8	0.01071	0.00879	0.00953	0.00975	0.01243	0.00761	0.00758	0.01324	0.01976	0.02414	0.12065	0.08253	0.52119	0.02152	0.01029	0.00300	0.00478	0.09716	0.00800	0.00734
9	0.08210	0.02168	0.14086	0.01838	0.02570	0.01673	0.05543	0.12693	0.02407	0.30736	0.02641	0.07426	0.01935	0.01083	0.00850	0.00271	0.00882	0.00898	0.00792	0.01298
10	0.02517	0.02904	0.02945	0.13720	0.22012	0.31993	0.06575	0.02915	0.02125	0.02356	0.01463	0.01881	0.01193	0.00825	0.00821	0.00245	0.01305	0.00679	0.00423	0.01101
11	0.03262	0.02155	0.02268	0.01778	0.02400	0.06974	0.01452	0.38386	0.03320	0.20354	0.02378	0.02305	0.01643	0.01017	0.00828	0.00251	0.00888	0.00775	0.06201	0.01366
12	0.02825	0.03241	0.02771	0.03186	0.23396	0.39894	0.01965	0.07873	0.02382	0.02581	0.01470	0.01767	0.01209	0.00849	0.00799	0.00233	0.01311	0.00636	0.00466	0.01145
13	0.01041	0.00827	0.00922	0.00972	0.01173	0.00723	0.00693	0.01243	0.01859	0.02324	0.11761	0.25024	0.40661	0.05383	0.01181	0.00327	0.00464	0.01923	0.00789	0.00708
14	0.01022	0.00863	0.00884	0.00879	0.01159	0.00725	0.00659	0.01252	0.01977	0.02388	0.13092	0.08043	0.59912	0.02122	0.01006	0.00286	0.00429	0.01775	0.00802	0.00725
15	0.26128	0.01915	0.02825	0.03800	0.40946	0.01993	0.05330	0.02582	0.01783	0.03114	0.01472	0.01882	0.01206	0.00766	0.00749	0.00258	0.00920	0.00675	0.00456	0.01198
16	0.02217	0.02368	0.06632	0.07319	0.44204	0.09511	0.02420	0.05297	0.02020	0.02730	0.01545	0.02011	0.01282	0.00843	0.00973	0.00260	0.05952	0.00726	0.00433	0.01257
17	0.01838	0.03554	0.42359	0.03150	0.14428	0.02021	0.15157	0.02687	0.01865	0.02716	0.01580	0.01953	0.01169	0.00781	0.00855	0.00270	0.01252	0.00729	0.00385	0.01251
18	0.03179	0.04056	0.02412	0.02192	0.02631	0.66676	0.01644	0.03398	0.02412	0.02083	0.01315	0.01535	0.01096	0.00877	0.00767	0.00219	0.01535	0.00548	0.00438	0.00987
19	0.01011	0.00841	0.00884	0.00919	0.01164	0.00714	0.00672	0.01215	0.01885	0.02277	0.07928	0.19006	0.54070	0.02245	0.01020	0.00298	0.00442	0.01906	0.00790	0.00714
20	0.01220	0.00896	0.01290	0.01290	0.01415	0.01022	0.00967	0.01470	0.01345	0.01918	0.02350	0.03736	0.02298	0.17615	0.55721	0.01272	0.02023	0.00969	0.00466	0.00717
21	0.01216	0.00912	0.01368	0.01368	0.01520	0.01064	0.01064	0.01520	0.01368	0.01976	0.02279	0.03343	0.02127	0.06382	0.66720	0.01368	0.02279	0.00912	0.00456	0.00760
22	0.01494	0.01321	0.01901	0.01741	0.01827	0.01728	0.01407	0.01747	0.01340	0.02007	0.01779	0.02706	0.01693	0.04276	0.39205	0.00939	0.30796	0.00840	0.00420	0.00833
23	0.21522	0.07110	0.02131	0.01611	0.02190	0.02272	0.01322	0.20852	0.22339	0.06955	0.02281	0.02230	0.01690	0.00985	0.00750	0.00263	0.00768	0.00732	0.00746	0.01253
24	0.01730	0.01476	0.01728	0.01257	0.01980	0.01114	0.00998	0.02098	0.01758	0.02745	0.01662	0.04957	0.01466	0.00726	0.00652	0.00136	0.00624	0.00594	0.00518	0.71780
25	0.07323	0.01893	0.02157	0.01938	0.06902	0.02064	0.01444	0.35884	0.05251	0.04337	0.10964	0.05848	0.02619	0.01555	0.05608	0.00343	0.00915	0.00948	0.00779	0.01227
26	0.02106	0.02022	0.03454	0.05223	0.64784	0.02022	0.02612	0.02612	0.01938	0.02780	0.01601	0.02106	0.01348	0.00758	0.00842	0.00253	0.01011	0.00758	0.00421	0.01348
27	0.02187	0.02175	0.03376	0.04995	0.60101	0.06893	0.02539	0.02671	0.01973	0.02728	0.01579	0.02063	0.01329	0.00767	0.00837	0.00250	0.01050	0.00742	0.00423	0.01321
28	0.02567	0.17101	0.15770	0.01982	0.02628	0.35422	0.01833	0.02970	0.02098	0.02281	0.01450	0.01687	0.01179	0.00842	0.00718	0.00221	0.01262	0.00566	0.06376	0.01048
29	0.02468	0.07021	0.02152	0.01690	0.02183	0.12036	0.01344	0.11837	0.25594	0.09288	0.12385	0.03106	0.02906	0.01145	0.00846	0.00260	0.00823	0.00915	0.00790	0.01210
30	0.02008	0.12717	0.02269	0.01509	0.02134	0.01944	0.01236	0.03302	0.30035	0.03012	0.02357	0.02349	0.01849	0.00887	0.00725	0.00210	0.00695	0.00707	0.00648	0.29407
31	0.01182	0.00802	0.00945	0.01000	0.01013	0.00788	0.00592	0.01223	0.01347	0.01796	0.03241	0.23398	0.03800	0.51300	0.03427	0.00691	0.00733	0.01567	0.00592	0.00565
32	0.02128	0.02317	0.02022	0.02110	0.09950	0.26625	0.01429	0.02458	0.02278	0.02727	0.27784	0.03652	0.04039	0.01264	0.01008	0.00254	0.05357	0.01004	0.00641	0.00952
33	0.01217	0.00906	0.01336	0.01336	0.01477	0.01047	0.01024	0.01499	0.01358	0.01952	0.02308	0.03504	0.02197	0.10973	0.62225	0.01329	0.02175	0.00935	0.00460	0.00742
34	0.01149	0.00822	0.01109	0.01262	0.01374	0.00782	0.00939	0.01400	0.01841	0.02472	0.14498	0.43990	0.05841	0.02434	0.01095	0.00344	0.00552	0.16551	0.00813	0.00733
35	0.02683	0.03259	0.11621	0.06075	0.03296	0.27811	0.13144	0.16188	0.02568	0.03025	0.01594	0.01868	0.01211	0.00869	0.00841	0.00250	0.01322	0.00705	0.00515	0.01155
36	0.03182	0.02357	0.02524	0.01947	0.02619	0.02614	0.01605	0.59238	0.06795	0.05278	0.02110	0.02097	0.01501	0.01028	0.00852	0.00257	0.00924	0.00775	0.00852	0.01443
37	0.03182	0.03973	0.02419	0.02181	0.02631	0.63490	0.01643	0.06311	0.02491	0.02246	0.01352	0.01560	0.01114	0.00884	0.00772	0.00221	0.01505	0.00559	0.00459	0.01009
38	0.01673	0.03208	0.41708	0.02123	0.03058	0.01656	0.07158	0.02453	0.01970	0.05262	0.14696	0.03154	0.06044	0.01073	0.00876	0.00271	0.01032	0.00916	0.00533	0.01135
39	0.01737	0.03330	0.44805	0.02066	0.03000	0.01681	0.02441	0.05095	0.01939	0.05893	0.06255	0.13345	0.02350	0.01198	0.00871	0.00281	0.01035	0.01001	0.00525	0.01152
40	0.01119	0.00822	0.01049	0.01086	0.01243	0.00752	0.00779	0.01406	0.02070	0.02827	0.35921	0.29310	0.14214	0.02125	0.01034	0.00298	0.00438	0.01888	0.00866	0.00752
41	0.03309	0.01395	0.01833	0.01452	0.02040	0.01246	0.01183	0.03789	0.06924	0.51983	0.07734	0.03541	0.07225	0.01189	0.00877	0.00267	0.00677	0.00979	0.01012	0.01344
42	0.01998	0.02009	0.03115	0.28698	0.34086	0.07211	0.05707	0.02516	0.01891	0.02491	0.01551	0.02132	0.01244	0.00801	0.00849	0.00264	0.01124	0.00754	0.00407	0.01155
43	0.01913	0.02097	0.10355	0.02429	0.12329	0.02059	0.01837	0.03151	0.26322	0.02933	0.05827	0.05420	0.02307	0.01213	0.01289	0.00300	0.15474	0.00931	0.00624	0.01189
44	0.01586	0.00793	0.00793	0.00793	0.00991	0.00793	0.00595	0.01983	0.01785	0.03173	0.02776	0.03173	0.02181	0.00991	0.00595	0.00198	0.00397	0.00793	0.74817	0.00793
45	0.02348	0.65264	0.04295	0.01515	0.02220	0.08448	0.01471	0.02616	0.01784	0.02009	0.01194	0.01379	0.01092	0.00740	0.00564	0.00185	0.00960	0.00463	0.00370	0.01084
46	0.01029	0.00863	0.00895	0.00887	0.01164	0.00728	0.00665	0.01267	0.01995	0.02430	0.15193	0.07974	0.57784	0.02106	0.01006	0.00285	0.00428	0.01766	0.00808	0.00728
47	0.01006	0.00862	0.00862	0.00862	0.01149	0.00718	0.00647	0.01221	0.01940	0.02299	0.08621	0.08190	0.64438	0.02155	0.01006	0.00287	0.00431	0.01796	0.00790	0.00718
48	0.01116	0.00866	0.01015	0.00978	0.01217	0.00765	0.00734	0.01435	0.02201	0.02918	0.39615	0.07170	0.33057	0.01924	0.01005	0.00276	0.00415	0.01653	0.00872	0.00765
49	0.01406	0.00785	0.00847	0.00897	0.01064	0.00762	0.00648	0.01726	0.01757	0.02857	0.03681	0.20302	0.07538	0.01498	0.00749	0.00242	0.00424	0.01276	0.50779	0.00762
50	0.03818	0.01448	0.01975	0.01514	0.02172	0.01251	0.01251	0.04147	0.02436	0.65373	0.03357	0.02897	0.02107	0.01053	0.00856	0.00263	0.00724	0.00856	0.01053	0.01448
51	0.01204	0.00870	0.01138	0.01071	0.01271	0.00803	0.00803	0.01606	0.02409	0.03413	0.64335	0.06357	0.08030	0.01740	0.01004	0.00268	0.00401	0.01539	0.00937	0.00803
52	0.02106	0.02022	0.03454	0.05223	0.64784	0.02022	0.02612	0.02612	0.01938	0.02780	0.01601	0.02106	0.01348	0.00758	0.00842	0.00253	0.01011	0.00758	0.00421	0.01348
53	0.01765	0.01513	0.01765	0.01260	0.02017	0.01134	0.01008	0.02143	0.01765	0.02773	0.01513	0.01765	0.01260	0.00630	0.00630	0.00126	0.00630	0.00504	0.00504	0.75295
54	0.02318	0.67466	0.04363	0.01491	0.02205	0.06353	0.01465	0.02588	0.01761	0.02006	0.01189	0.01373	0.01092	0.00735	0.00556	0.00184	0.00940	0.00459	0.00368	0.01087
55	0.01107	0.00828	0.01039	0.01148	0.01303	0.00760	0.00849	0.01348	0.01874	0.02444	0.14322	0.35319	0.20660	0.02352	0.01068	0.00327	0.00511	0.11200	0.00810	0.00729
56	0.03621	0.01405	0.01912	0.01481	0.02105	0.01217	0.01217	0.03956	0.02434	0.60705	0.07951	0.03157	0.02553	0.01105	0.00867	0.00264	0.00700	0.00907	0.01045	0.01400
57	0.29684	0.02166	0.01833	0.01541	0.02080	0.13774	0.01237	0.16844	0.02388	0.12257	0.01837	0.01917	0.01341	0.00913	0.00698	0.00248	0.00872	0.00630	0.06621	0.01119
58	0.02443	0.02247	0.06045	0.02719	0.18144	0.06792	0.01842	0.25455	0.02617	0.03520	0.01850	0.02379	0.01536	0.06963	0.06260	0.00392	0.06202	0.00788	0.00592	0.01212
59	0.01189	0.00869	0.01117	0.01055	0.01262	0.00797	0.00791	0.01577	0.02374	0.03329	0.60137	0.06495	0.12280	0.01771	0.01004	0.00269	0.00404	0.01558	0.00926	0.00797
60	0.01037	0.00741	0.00987	0.01185	0.01234	0.00691	0.00790	0.01185	0.01629	0.02172	0.04690	0.69537	0.05629	0.02666	0.01086	0.00346	0.00494	0.02419	0.00790	0.00691
61	0.02381	0.02245	0.02354	0.02387	0.12010	0.16290	0.04539	0.19981	0.02574	0.03220	0.02524	0.20510	0.02495	0.01385	0.00903	0.00273	0.00985	0.01183	0.00654	0.01106
62	0.02250	0.37375	0.23978	0.01901	0.02750	0.14077	0.02037	0.02746	0.01871	0.02241	0.01318	0.01535	0.01088	0.00780	0.00670	0.00217	0.01133	0.00528	0.00376	0.01127
63	0.01021	0.00863	0.00883	0.00878	0.01159	0.00725	0.00658	0.01250	0.01975	0.02383	0.12818	0.08052	0.60189	0.02124	0.01006	0.00286	0.00429	0.01777	0.00801	0.00725
64	0.07624	0.01954	0.03271	0.11453	0.50816	0.02006	0.05398	0.02563	0.01880	0.02792	0.01566	0.02078	0.01291	0.00768	0.00828	0.00258	0.01019	0.00748	0.00425	0.01263
65	0.05982	0.05138	0.10041	0.02133	0.07319	0.01748	0.11270	0.02718	0.11611	0.02886	0.02122	0.02327	0.04008	0.00834	0.00771	0.00221	0.00876	0.00740	0.00533	0.26721
66	0.01337	0.00975	0.01378	0.01345	0.01491	0.01153	0.01053	0.01647	0.01434	0.02189	0.02263	0.03183	0.02047	0.05015	0.49603	0.01077	0.07815	0.00876	0.13337	0.00781
67	0.01494	0.00874	0.01150	0.01204	0.01381	0.00793	0.00854	0.01700	0.01853	0.12383	0.10312	0.48602	0.09527	0.02286	0.01036	0.00321	0.00517	0.02043	0.00846	0.00824
68	0.21868	0.01820	0.01990	0.01753	0.05607	0.01922	0.01353	0.21905	0.05430	0.13919	0.02216	0.02612	0.01710	0.01027	0.00774	0.00260	0.00786	0.05080	0.00743	0.07226
69	0.03043	0.02616	0.07575	0.01980	0.02695	0.06690	0.01715	0.50705	0.03621	0.04820	0.01931	0.01978	0.01386	0.00978	0.00833	0.00248	0.00988	0.00729	0.00769	0.04703
70	0.02106	0.02022	0.03454	0.05223	0.64784	0.02022	0.02612	0.02612	0.01938	0.02780	0.01601	0.02106	0.01348	0.00758	0.00842	0.00253	0.01011	0.00758	0.00421	0.01348
71	0.01037	0.00741	0.00987	0.01185	0.01234	0.00691	0.00790	0.01185	0.01629	0.02172	0.04690	0.69537	0.05629	0.02666	0.01086	0.00346	0.00494	0.02419	0.00790	0.00691
72	0.01048	0.00772	0.00983	0.01125	0.01225	0.00706	0.00769	0.01231	0.01752	0.02312	0.11069	0.54071	0.14818	0.02499	0.01066	0.00329	0.00475	0.02239	0.00804	0.00706
73	0.01020	0.00863	0.00882	0.00877	0.01158	0.00725	0.00658	0.01249	0.01974	0.02379	0.12635	0.08058	0.60374	0.02125	0.01006	0.00286	0.00429	0.01778	0.00801	0.00725
74	0.03235	0.02384	0.02554	0.01958	0.02639	0.02639	0.01618	0.61946	0.04001	0.05363	0.02043	0.02043	0.01447	0.01022	0.00851	0.00255	0.00936	0.00766	0.00851	0.01447
75	0.01006	0.00862	0.00862	0.00862	0.01149	0.00718	0.00647	0.01221	0.01940	0.02299	0.08621	0.08190	0.64438	0.02155	0.01006	0.00287	0.00431	0.01796	0.00790	0.00718
76	0.01586	0.00793	0.00793	0.00793	0.00991	0.00793	0.00595	0.01983	0.01785	0.03173	0.02776	0.03173	0.02181	0.00991	0.00595	0.00198	0.00397	0.00793	0.74817	0.00793
77	0.64857	0.01615	0.01363	0.01181	0.01728	0.01807	0.00973	0.02758	0.01602	0.13395	0.01523	0.01618	0.01106	0.00831	0.00578	0.00263	0.00669	0.00522	0.00609	0.01004
78	0.76103	0.01646	0.01251	0.01119	0.01646	0.01909	0.00922	0.02502	0.01448	0.03818	0.01185	0.01382	0.00922	0.00790	0.00527	0.00263	0.00658	0.00461	0.00527	0.00922
79	0.01047	0.00760	0.00989	0.01150	0.01230	0.00702	0.00779	0.01220	0.01713	0.02276	0.09499	0.59854	0.10529	0.02555	0.01074	0.00335	0.00482	0.02303	0.00801	0.00702
80	0.02840	0.03414	0.02741	0.03149	0.22250	0.46267	0.01950	0.03150	0.02262	0.02303	0.01405	0.01715	0.01176	0.00839	0.00791	0.00230	0.01369	0.00614	0.00433	0.01101
81	0.01016	0.00823	0.00903	0.00967	0.01177	0.00710	0.00693	0.01210	0.01839	0.02258	0.07345	0.28110	0.45342	0.02321	0.01032	0.00306	0.00451	0.01998	0.00790	0.00710
82	0.21008	0.02711	0.23426	0.03244	0.28377	0.01978	0.02353	0.02611	0.01765	0.03019	0.01470	0.01818	0.01149	0.00783	0.00750	0.00261	0.01002	0.00639	0.00428	0.01209
83	0.02218	0.01949	0.02638	0.08409	0.26318	0.02131	0.01944	0.11136	0.27265	0.03389	0.02414	0.02548	0.01855	0.00962	0.00854	0.00270	0.00873	0.00843	0.00656	0.01328
84	0.01037	0.00741	0.00987	0.01185	0.01234	0.00691	0.00790	0.01185	0.01629	0.02172	0.04690	0.69537	0.05629	0.02666	0.01086	0.00346	0.00494	0.02419	0.00790	0.00691
85	0.01729	0.04270	0.62242	0.02580	0.07062	0.01979	0.03115	0.02690	0.01805	0.02700	0.01531	0.01814	0.01093	0.00806	0.00810	0.00269	0.01244	0.00636	0.00363	0.01263
86	0.01897	0.03106	0.28822	0.03247	0.08493	0.02073	0.34356	0.02706	0.01920	0.02718	0.01636	0.02085	0.01211	0.00756	0.00915	0.00278	0.01334	0.00839	0.00402	0.01206
87	0.01281	0.00938	0.01251	0.01405	0.01605	0.00909	0.01189	0.01626	0.01949	0.02512	0.07513	0.13762	0.14671	0.02319	0.01135	0.00367	0.00690	0.43320	0.00791	0.00767
88	0.01499	0.00958	0.01217	0.01117	0.01369	0.00902	0.00850	0.01988	0.05227	0.08623	0.51346	0.05658	0.06801	0.01594	0.00952	0.00263	0.00441	0.01394	0.06921	0.00882
89	0.72377	0.01607	0.01245	0.01117	0.01627	0.01854	0.00916	0.02457	0.01496	0.03798	0.04327	0.01630	0.01275	0.00837	0.00550	0.00264	0.00646	0.00514	0.00547	0.00916
90	0.02073	0.10610	0.15518	0.01948	0.07025	0.04440	0.01717	0.16086	0.02501	0.03433	0.18934	0.03137	0.03153	0.01112	0.00831	0.00248	0.00855	0.00905	0.04345	0.01130
91	0.02288	0.22540	0.17534	0.01824	0.02595	0.12320	0.01812	0.05643	0.01982	0.05318	0.01481	0.01690	0.01184	0.00817	0.00792	0.00214	0.04219	0.00566	0.00456	0.14727
92	0.03097	0.02069	0.01950	0.01638	0.02164	0.17749	0.01292	0.03636	0.09387	0.33884	0.08040	0.03156	0.05831	0.01137	0.00855	0.00257	0.00880	0.00897	0.00853	0.01228
93	0.02106	0.02022	0.03454	0.05223	0.64784	0.02022	0.02612	0.02612	0.01938	0.02780	0.01601	0.02106	0.01348	0.00758	0.00842	0.00253	0.01011	0.00758	0.00421	0.01348
94	0.01021	0.00863	0.00883	0.00878	0.01159	0.00725	0.00658	0.01250	0.01975	0.02383	0.12818	0.08052	0.60189	0.02124	0.01006	0.00286	0.00429	0.01777	0.00801	0.00725
95	0.01416	0.00917	0.01205	0.01107	0.01344	0.00839	0.00839	0.01812	0.02411	0.08426	0.59401	0.06077	0.07550	0.01684	0.00992	0.00267	0.00428	0.01484	0.00946	0.00855
96	0.01547	0.01153	0.01882	0.36961	0.03654	0.01356	0.01609	0.01679	0.01426	0.01851	0.01497	0.02417	0.01294	0.01829	0.02000	0.35094	0.00951	0.00748	0.00374	0.00678
97	0.01168	0.00860	0.01094	0.01054	0.01254	0.00785	0.00783	0.01529	0.02296	0.03189	0.53327	0.11130	0.14651	0.01857	0.01010	0.00276	0.00412	0.01633	0.00909	0.00785
98	0.01371	0.00980	0.01371	0.01567	0.01763	0.00980	0.01371	0.01763	0.01959	0.02547	0.04506	0.09599	0.04898	0.02351	0.01175	0.00392	0.00784	0.59056	0.00784	0.00784
99	0.01765	0.01513	0.01765	0.01260	0.02017	0.01134	0.01008	0.02143	0.01765	0.02773	0.01513	0.01765	0.01260	0.00630	0.00630	0.00126	0.00630	0.00504	0.00504	0.75295
100	0.03179	0.04056	0.02412	0.02192	0.02631	0.66676	0.01644	0.03398	0.02412	0.02083	0.01315	0.01535	0.01096	0.00877	0.00767	0.00219	0.01535	0.00548	0.00438	0.00987
101	0.02117	0.01828	0.01924	0.01732	0.02213	0.02117	0.01347	0.04522	0.63246	0.03560	0.03464	0.03175	0.02598	0.01155	0.00866	0.00289	0.00673	0.00962	0.00866	0.01347
102	0.01765	0.01513	0.01765	0.01260	0.02017	0.01134	0.01008	0.02143	0.01765	0.02773	0.01513	0.01765	0.01260	0.00630	0.00630	0.00126	0.00630	0.00504	0.00504	0.75295
103	0.02164	0.01242	0.01323	0.01139	0.01493	0.01293	0.00901	0.17289	0.02392	0.08208	0.02633	0.02867	0.01990	0.01004	0.00678	0.00217	0.00557	0.00791	0.50814	0.01006
104	0.01037	0.00741	0.00987	0.01185	0.01234	0.00691	0.00790	0.01185	0.01629	0.02172	0.04690	0.69537	0.05629	0.02666	0.01086	0.00346	0.00494	0.02419	0.00790	0.00691
105	0.01193	0.00869	0.01122	0.01059	0.01265	0.00798	0.00794	0.01585	0.02383	0.03351	0.61254	0.06458	0.11149	0.01763	0.01004	0.00269	0.00403	0.01553	0.00929	0.00798
106	0.76103	0.01646	0.01251	0.01119	0.01646	0.01909	0.00922	0.02502	0.01448	0.03818	0.01185	0.01382	0.00922	0.00790	0.00527	0.00263	0.00658	0.00461	0.00527	0.00922
107	0.01792	0.03806	0.48510	0.02754	0.03900	0.02026	0.19719	0.02704	0.01857	0.02704	0.01582	0.01938	0.01138	0.00783	0.00864	0.00274	0.01308	0.00735	0.00379	0.01227
108	0.70614	0.01701	0.01349	0.01182	0.01721	0.01964	0.00974	0.06980	0.01641	0.03935	0.01250	0.01432	0.00961	0.00807	0.00551	0.00263	0.00679	0.00484	0.00551	0.00961
109	0.02818	0.01837	0.02026	0.01642	0.02197	0.01979	0.01328	0.28856	0.17124	0.15265	0.02722	0.02636	0.01948	0.01053	0.00815	0.00255	0.00752	0.00832	0.12593	0.01321
110	0.01483	0.01040	0.01200	0.01172	0.01294	0.01064	0.00776	0.10666	0.01795	0.02397	0.03234	0.25791	0.03661	0.37452	0.02736	0.00581	0.00735	0.01548	0.00657	0.00718
111	0.01243	0.01015	0.01117	0.01065	0.01355	0.00963	0.00806	0.01860	0.11631	0.02857	0.25909	0.06814	0.36500	0.01865	0.00983	0.00281	0.00459	0.01583	0.00850	0.00844
112	0.01227	0.00865	0.01132	0.01132	0.01203	0.00936	0.00770	0.01369	0.01298	0.01801	0.02495	0.04535	0.02645	0.40505	0.33305	0.01077	0.01500	0.01086	0.00488	0.00629
113	0.01586	0.00793	0.00793	0.00793	0.00991	0.00793	0.00595	0.01983	0.01785	0.03173	0.02776	0.03173	0.02181	0.00991	0.00595	0.00198	0.00397	0.00793	0.74817	0.00793
114	0.07586	0.01619	0.01895	0.01537	0.02064	0.01660	0.01244	0.20240	0.07154	0.24010	0.15152	0.03292	0.03075	0.01416	0.03865	0.00314	0.00783	0.00953	0.00896	0.01244
115	0.03179	0.04056	0.02412	0.02192	0.02631	0.66676	0.01644	0.03398	0.02412	0.02083	0.01315	0.01535	0.01096	0.00877	0.00767	0.00219	0.01535	0.00548	0.00438	0.00987
116	0.02375	0.02494	0.02965	0.03972	0.41069	0.18753	0.02178	0.06006	0.02175	0.02711	0.02008	0.02351	0.05398	0.00895	0.00834	0.00246	0.01105	0.00772	0.00474	0.01219
117	0.02891	0.03550	0.02461	0.02182	0.02577	0.52954	0.04295	0.03138	0.02234	0.02168	0.01392	0.01696	0.01167	0.00945	0.00996	0.00238	0.08991	0.00604	0.04544	0.00977
118	0.01204	0.00870	0.01138	0.01071	0.01271	0.00803	0.00803	0.01606	0.02409	0.03413	0.64335	0.06357	0.08030	0.01740	0.01004	0.00268	0.00401	0.01539	0.00937	0.00803
119	0.08683	0.33090	0.03217	0.01782	0.02355	0.33629	0.01503	0.02952	0.02034	0.02188	0.01247	0.01448	0.01080	0.00805	0.00651	0.00206	0.01189	0.00500	0.00413	0.01028
120	0.06325	0.16604	0.12240	0.01648	0.02398	0.02013	0.01585	0.11469	0.02309	0.26062	0.02228	0.02173	0.01552	0.00909	0.00748	0.00238	0.00856	0.00687	0.03359	0.04596
121	0.01830	0.01563	0.02293	0.06356	0.06996	0.01622	0.10968	0.02938	0.22139	0.06057	0.18432	0.04077	0.08490	0.01257	0.00930	0.00279	0.00765	0.01146	0.00753	0.01108
122	0.02420	0.59952	0.04132	0.01574	0.02256	0.13501	0.01486	0.02684	0.01838	0.02015	0.01204	0.01392	0.01093	0.00752	0.00581	0.00188	0.01010	0.00470	0.00376	0.01075
123	0.02109	0.01977	0.03102	0.04419	0.50376	0.02044	0.02321	0.03052	0.16055	0.02960	0.02030	0.02352	0.01636	0.00850	0.00848	0.00261	0.00933	0.00805	0.00524	0.01348
124	0.02165	0.02262	0.03809	0.04522	0.42901	0.07247	0.19078	0.02707	0.01996	0.02709	0.01612	0.02113	0.01312	0.00756	0.00882	0.00260	0.01172	0.00810	0.00425	0.01263
125	0.01553	0.01344	0.02157	0.05800	0.22299	0.01484	0.01664	0.01929	0.01566	0.02249	0.01970	0.02823	0.01782	0.04073	0.39313	0.00909	0.04833	0.00847	0.00437	0.00967
126	0.01204	0.00870	0.01138	0.01071	0.01271	0.00803	0.00803	0.01606	0.02409	0.03413	0.64335	0.06357	0.08030	0.01740	0.01004	0.00268	0.00401	0.01539	0.00937	0.00803
127	0.01974	0.05378	0.01675	0.01446	0.01817	0.28464	0.01101	0.02194	0.02128	0.02195	0.05222	0.05091	0.35022	0.01555	0.00885	0.00254	0.00915	0.01212	0.00623	0.00848
128	0.02457	0.48643	0.11014	0.01649	0.02414	0.06128	0.01655	0.07503	0.02010	0.07483	0.01474	0.01601	0.01201	0.00795	0.00637	0.00206	0.00968	0.00537	0.00462	0.01163
129	0.01009	0.00850	0.00875	0.00895	0.01158	0.00716	0.00661	0.01218	0.01908	0.02286	0.08225	0.14378	0.58506	0.02207	0.01014	0.00293	0.00437	0.01859	0.00790	0.00716
130	0.01238	0.00825	0.00928	0.00928	0.00928	0.00825	0.00516	0.01238	0.01238	0.01650	0.02681	0.05569	0.03094	0.70092	0.04331	0.00825	0.00825	0.01238	0.00516	0.00516
131	0.03209	0.03174	0.02487	0.02069	0.02635	0.32902	0.01630	0.34277	0.03250	0.03813	0.01699	0.01803	0.01281	0.00953	0.00812	0.00238	0.01219	0.00663	0.00656	0.01230
132	0.07118	0.01934	0.02233	0.01720	0.02383	0.01989	0.01421	0.33445	0.03182	0.31807	0.02581	0.02387	0.01712	0.01024	0.00837	0.00259	0.00829	0.00791	0.00924	0.01422
133	0.01586	0.00793	0.00793	0.00793	0.00991	0.00793	0.00595	0.01983	0.01785	0.03173	0.02776	0.03173	0.02181	0.00991	0.00595	0.00198	0.00397	0.00793	0.74817	0.00793
134	0.76103	0.01646	0.01251	0.01119	0.01646	0.01909	0.00922	0.02502	0.01448	0.03818	0.01185	0.01382	0.00922	0.00790	0.00527	0.00263	0.00658	0.00461	0.00527	0.00922
135	0.01396	0.15215	0.01746	0.01100	0.01469	0.01383	0.00903	0.01829	0.06433	0.02613	0.20938	0.05964	0.32623	0.01685	0.00901	0.00261	0.00539	0.01396	0.00746	0.00862
136	0.01456	0.00956	0.01040	0.00966	0.01313	0.00804	0.00743	0.01690	0.02019	0.12395	0.07778	0.07343	0.54461	0.01979	0.00982	0.00284	0.00478	0.01646	0.00832	0.00835
137	0.01886	0.01950	0.03280	0.02722	0.05784	0.02379	0.18958	0.02244	0.01538	0.02273	0.01366	0.02065	0.01224	0.01457	0.05103	0.00388	0.43157	0.00827	0.00395	0.01005
138	0.01729	0.04250	0.61312	0.02509	0.03738	0.01989	0.07363	0.02697	0.01812	0.02697	0.01541	0.01833	0.01093	0.00802	0.00823	0.00271	0.01270	0.00656	0.00364	0.01250
139	0.01015	0.00862	0.00875	0.00872	0.01155	0.00722	0.00654	0.01239	0.01961	0.02350	0.11160	0.08106	0.61868	0.02136	0.01006	0.00286	0.00430	0.01784	0.00797	0.00722
140	0.02248	0.02527	0.07976	0.04527	0.50231	0.12368	0.02497	0.02744	0.02003	0.02662	0.01550	0.01991	0.01287	0.00781	0.00828	0.00249	0.01113	0.00715	0.00419	0.01283
141	0.01748	0.09172	0.61272	0.02356	0.03575	0.02077	0.03023	0.02684	0.01792	0.02645	0.01502	0.01766	0.01079	0.00803	0.00790	0.00263	0.01233	0.00616	0.00360	0.01246
142	0.02549	0.05078	0.03130	0.04048	0.44487	0.01969	0.02206	0.07201	0.02180	0.15871	0.01977	0.02231	0.01500	0.00837	0.00832	0.00252	0.00942	0.00765	0.00580	0.01364
143	0.02128	0.42089	0.08122	0.01728	0.02282	0.07061	0.01644	0.02434	0.01664	0.02065	0.01286	0.01659	0.01175	0.01326	0.06028	0.00319	0.15009	0.00568	0.00377	0.01039
144	0.01371	0.00980	0.01371	0.01567	0.01763	0.00980	0.01371	0.01763	0.01959	0.02547	0.04506	0.09599	0.04898	0.02351	0.01175	0.00392	0.00784	0.59056	0.00784	0.00784
145	0.02318	0.67469	0.04363	0.01491	0.02205	0.06350	0.01465	0.02588	0.01761	0.02006	0.01189	0.01373	0.01092	0.00735	0.00556	0.00184	0.00940	0.00459	0.00368	0.01087
146	0.01006	0.00862	0.00862	0.00862	0.01149	0.00718	0.00647	0.01221	0.01940	0.02299	0.08621	0.08190	0.64438	0.02155	0.01006	0.00287	0.00431	0.01796	0.00790	0.00718
147	0.22664	0.01529	0.01781	0.01427	0.02037	0.01489	0.01172	0.03744	0.06758	0.44559	0.02795	0.02520	0.01833	0.00992	0.00770	0.00265	0.00703	0.00760	0.00901	0.01302
148	0.02206	0.01873	0.01975	0.01750	0.02247	0.02159	0.01369	0.09130	0.58492	0.03705	0.03350	0.03084	0.02505	0.01144	0.00865	0.00286	0.00695	0.00946	0.00865	0.01355
149	0.03771	0.01523	0.02021	0.01550	0.02210	0.01362	0.01280	0.08786	0.02561	0.60557	0.03252	0.02828	0.02054	0.01051	0.00855	0.00263	0.00741	0.00849	0.01037	0.01448
150	0.01025	0.00844	0.00901	0.00927	0.01171	0.00720	0.00680	0.01243	0.01925	0.02359	0.12024	0.17603	0.51224	0.02205	0.01018	0.00295	0.00439	0.01874	0.00801	0.00720
151	0.02903	0.02148	0.02311	0.01803	0.02417	0.02347	0.01478	0.52527	0.03716	0.04970	0.07264	0.02861	0.06998	0.01167	0.00875	0.00259	0.00856	0.00907	0.00853	0.01340
152	0.76103	0.01646	0.01251	0.01119	0.01646	0.01909	0.00922	0.02502	0.01448	0.03818	0.01185	0.01382	0.00922	0.00790	0.00527	0.00263	0.00658	0.00461	0.00527	0.00922
153	0.01890	0.00966	0.01021	0.00939	0.01210	0.00969	0.00725	0.06674	0.02004	0.08329	0.02768	0.03065	0.02120	0.00999	0.00635	0.00208	0.00464	0.00796	0.63325	0.00895
154	0.70124	0.01577	0.01214	0.01093	0.01593	0.01820	0.00895	0.02460	0.01475	0.03766	0.01313	0.01526	0.01023	0.00806	0.00532	0.00258	0.00637	0.00487	0.06488	0.00911
155	0.01765	0.01513	0.01765	0.01260	0.02017	0.01134	0.01008	0.02143	0.01765	0.02773	0.01513	0.01765	0.01260	0.00630	0.00630	0.00126	0.00630	0.00504	0.00504	0.75295
156	0.03818	0.01448	0.01975	0.01514	0.02172	0.01251	0.01251	0.04147	0.02436	0.65373	0.03357	0.02897	0.02107	0.01053	0.00856	0.00263	0.00724	0.00856	0.01053	0.01448
157	0.01216	0.00912	0.01368	0.01368	0.01520	0.01064	0.01064	0.01520	0.01368	0.01976	0.02279	0.03343	0.02127	0.06382	0.66720	0.01368	0.02279	0.00912	0.00456	0.00760
158	0.01192	0.00869	0.01120	0.01057	0.01263	0.00797	0.00793	0.01581	0.02378	0.03340	0.60705	0.06476	0.11704	0.01767	0.01004	0.00269	0.00403	0.01556	0.00927	0.00797
159	0.01254	0.00869	0.01155	0.01155	0.01252	0.00951	0.00818	0.01450	0.01352	0.01948	0.02472	0.04175	0.02499	0.30160	0.37705	0.01068	0.01576	0.01026	0.06446	0.00670
160	0.01050	0.00753	0.01015	0.01198	0.01255	0.00718	0.00810	0.01209	0.01610	0.02158	0.04517	0.64768	0.05376	0.02934	0.05815	0.00419	0.00622	0.02311	0.00766	0.00696
161	0.01238	0.00825	0.00928	0.00928	0.00928	0.00825	0.00516	0.01238	0.01238	0.01650	0.02681	0.05569	0.03094	0.70092	0.04331	0.00825	0.00825	0.01238	0.00516	0.00516
162	0.01006	0.00862	0.00862	0.00862	0.01149	0.00718	0.00647	0.01221	0.01940	0.02299	0.08621	0.08190	0.64438	0.02155	0.01006	0.00287	0.00431	0.01796	0.00790	0.00718
163	0.01707	0.04402	0.65683	0.02426	0.03683	0.01976	0.03144	0.02695	0.01797	0.02695	0.01527	0.01797	0.01078	0.00809	0.00809	0.00270	0.01258	0.00629	0.00359	0.01258
164	0.03235	0.02384	0.02554	0.01958	0.02639	0.02639	0.01618	0.61946	0.04001	0.05363	0.02043	0.02043	0.01447	0.01022	0.00851	0.00255	0.00936	0.00766	0.00851	0.01447
165	0.01037	0.00741	0.00987	0.01185	0.01234	0.00691	0.00790	0.01185	0.01629	0.02172	0.04690	0.69537	0.05629	0.02666	0.01086	0.00346	0.00494	0.02419	0.00790	0.00691
166	0.01006	0.00862	0.00862	0.00862	0.01149	0.00718	0.00647	0.01221	0.01940	0.02299	0.08621	0.08190	0.64438	0.02155	0.01006	0.00287	0.00431	0.01796	0.00790	0.00718
167	0.02275	0.70604	0.04459	0.01456	0.02184	0.03367	0.01456	0.02548	0.01729	0.02002	0.01183	0.01365	0.01092	0.00728	0.00546	0.00182	0.00910	0.00455	0.00364	0.01092
168	0.03818	0.01448	0.01975	0.01514	0.02172	0.01251	0.01251	0.04147	0.02436	0.65373	0.03357	0.02897	0.02107	0.01053	0.00856	0.00263	0.00724	0.00856	0.01053	0.01448
169	0.76103	0.01646	0.01251	0.01119	0.01646	0.01909	0.00922	0.02502	0.01448	0.03818	0.01185	0.01382	0.00922	0.00790	0.00527	0.00263	0.00658	0.00461	0.00527	0.00922
170	0.01204	0.00870	0.01138	0.01071	0.01271	0.00803	0.00803	0.01606	0.02409	0.03413	0.64335	0.06357	0.08030	0.01740	0.01004	0.00268	0.00401	0.01539	0.00937	0.00803
171	0.02106	0.02022	0.03454	0.05223	0.64784	0.02022	0.02612	0.02612	0.01938	0.02780	0.01601	0.02106	0.01348	0.00758	0.00842	0.00253	0.01011	0.00758	0.00421	0.01348
172	0.03179	0.04056	0.02412	0.02192	0.02631	0.66676	0.01644	0.03398	0.02412	0.02083	0.01315	0.01535	0.01096	0.00877	0.00767	0.00219	0.01535	0.00548	0.00438	0.00987
173	0.76103	0.01646	0.01251	0.01119	0.01646	0.01909	0.00922	0.02502	0.01448	0.03818	0.01185	0.01382	0.00922	0.00790	0.00527	0.00263	0.00658	0.00461	0.00527	0.00922
174	0.01037	0.00741	0.00987	0.01185	0.01234	0.00691	0.00790	0.01185	0.01629	0.02172	0.04690	0.69537	0.05629	0.02666	0.01086	0.00346	0.00494	0.02419	0.00790	0.00691
175	0.03062	0.03216	0.02396	0.02056	0.02580	0.37157	0.01597	0.22974	0.10728	0.03361	0.01832	0.01913	0.01405	0.00960	0.00808	0.00240	0.01226	0.00673	0.00630	0.01186
176	0.01607	0.01513	0.02552	0.68047	0.05861	0.01891	0.02363	0.02174	0.01702	0.02174	0.01513	0.02269	0.01134	0.00851	0.00851	0.00284	0.01134	0.00756	0.00378	0.00945
177	0.02128	0.45600	0.24686	0.01811	0.02702	0.05791	0.02025	0.02636	0.01783	0.02236	0.01303	0.01516	0.01088	0.00762	0.00643	0.00213	0.01054	0.00517	0.00366	0.01142
178	0.01079	0.00773	0.01025	0.01156	0.01244	0.00719	0.00793	0.01291	0.01826	0.02486	0.19760	0.53574	0.06235	0.02432	0.01065	0.00326	0.00470	0.02197	0.00827	0.00719
179	0.03359	0.02185	0.02431	0.01864	0.02540	0.02344	0.01540	0.49679	0.03669	0.18100	0.02322	0.02224	0.01587	0.01028	0.00852	0.00257	0.00891	0.00785	0.00894	0.01447
180	0.02106	0.02022	0.03454	0.05223	0.64784	0.02022	0.02612	0.02612	0.01938	0.02780	0.01601	0.02106	0.01348	0.00758	0.00842	0.00253	0.01011	0.00758	0.00421	0.01348
181	0.02313	0.02809	0.10693	0.04083	0.39723	0.17633	0.05154	0.02817	0.02039	0.02599	0.01529	0.01940	0.01252	0.00791	0.00828	0.00248	0.01186	0.00703	0.00418	0.01241
182	0.01037	0.00741	0.00987	0.01185	0.01234	0.00691	0.00790	0.01185	0.01629	0.02172	0.04690	0.69537	0.05629	0.02666	0.01086	0.00346	0.00494	0.02419	0.00790	0.00691
183	0.01231	0.00914	0.01153	0.01085	0.01306	0.00858	0.00816	0.01712	0.05237	0.03330	0.56996	0.06354	0.12300	0.01746	0.00997	0.00270	0.00417	0.01532	0.00922	0.00822
184	0.01037	0.00741	0.00987	0.01185	0.01234	0.00691	0.00790	0.01185	0.01629	0.02172	0.04690	0.69537	0.05629	0.02666	0.01086	0.00346	0.00494	0.02419	0.00790	0.00691
185	0.02016	0.02274	0.04896	0.03718	0.09289	0.02142	0.56952	0.02717	0.02003	0.02730	0.01712	0.02280	0.01296	0.00721	0.00991	0.00284	0.01401	0.00985	0.00430	0.01164
186	0.02206	0.01873	0.01975	0.01750	0.02247	0.02159	0.01369	0.09130	0.58492	0.03705	0.03350	0.03084	0.02505	0.01144	0.00865	0.00286	0.00695	0.00946	0.00865	0.01355
187	0.01011	0.00843	0.00882	0.00914	0.01163	0.00714	0.00670	0.01215	0.01890	0.02279	0.07992	0.18010	0.55024	0.02237	0.01019	0.00297	0.00441	0.01896	0.00790	0.00714
188	0.01625	0.01415	0.02289	0.02809	0.22993	0.01423	0.06419	0.05202	0.01854	0.02567	0.02889	0.27382	0.03062	0.02354	0.11196	0.00464	0.01046	0.01420	0.00588	0.01002
189	0.76103	0.01646	0.01251	0.01119	0.01646	0.01909	0.00922	0.02502	0.01448	0.03818	0.01185	0.01382	0.00922	0.00790	0.00527	0.00263	0.00658	0.00461	0.00527	0.00922
190	0.03235	0.02384	0.02554	0.01958	0.02639	0.02639	0.01618	0.61946	0.04001	0.05363	0.02043	0.02043	0.01447	0.01022	0.00851	0.00255	0.00936	0.00766	0.00851	0.01447
191	0.01242	0.00922	0.01163	0.01094	0.01315	0.00870	0.00823	0.01742	0.05743	0.03348	0.57339	0.06300	0.11404	0.01734	0.00996	0.00270	0.00418	0.01524	0.00923	0.00828
192	0.01951	0.02405	0.14237	0.03669	0.30364	0.02211	0.05729	0.02450	0.01711	0.02524	0.01437	0.01983	0.01222	0.01002	0.01479	0.00296	0.23004	0.00745	0.00395	0.01186
193	0.01323	0.00945	0.01316	0.01512	0.01686	0.00938	0.01287	0.01679	0.01911	0.02492	0.04533	0.18314	0.05004	0.02397	0.01162	0.00385	0.00741	0.50821	0.00785	0.00770
194	0.01273	0.00942	0.01197	0.01120	0.01342	0.00902	0.00844	0.01826	0.06992	0.03424	0.59749	0.06117	0.07620	0.01696	0.00993	0.00269	0.00422	0.01496	0.00931	0.00844
195	0.02130	0.02509	0.11113	0.04265	0.45713	0.10030	0.02458	0.02642	0.01962	0.02649	0.01727	0.05724	0.01519	0.00885	0.00842	0.00256	0.01079	0.00807	0.00436	0.01255
196	0.02596	0.02326	0.17522	0.02422	0.13549	0.01723	0.01953	0.09235	0.06871	0.23358	0.02589	0.07819	0.01980	0.01077	0.00861	0.00271	0.00902	0.00909	0.00719	0.01316
197	0.03108	0.02265	0.02450	0.01897	0.02529	0.02502	0.01554	0.57563	0.03793	0.05083	0.02002	0.02082	0.01449	0.01161	0.01030	0.05658	0.00922	0.00764	0.00817	0.01370
198	0.02709	0.35513	0.03444	0.01775	0.02403	0.15892	0.01555	0.19260	0.02484	0.02957	0.01447	0.01608	0.01193	0.00869	0.00763	0.00217	0.03662	0.00572	0.00515	0.01164
199	0.01774	0.02064	0.08188	0.02975	0.08074	0.01866	0.34495	0.02328	0.01859	0.02554	0.02485	0.12992	0.05431	0.01183	0.01160	0.00300	0.07525	0.01198	0.00495	0.01056
200	0.01859	0.01510	0.01774	0.01272	0.02024	0.01140	0.01020	0.02235	0.01795	0.05647	0.01597	0.01817	0.01299	0.00650	0.00641	0.00132	0.00635	0.00520	0.00529	0.71904
201	0.01181	0.00869	0.01104	0.01046	0.01257	0.00793	0.00784	0.01560	0.02352	0.03278	0.57624	0.06578	0.14824	0.01790	0.01004	0.00270	0.00405	0.01570	0.00919	0.00793
202	0.02009	0.02296	0.05022	0.03587	0.04448	0.02152	0.61693	0.02726	0.02009	0.02726	0.01722	0.02296	0.01291	0.00717	0.01004	0.00287	0.01435	0.01004	0.00430	0.01148
203	0.02009	0.02296	0.05022	0.03587	0.04448	0.02152	0.61693	0.02726	0.02009	0.02726	0.01722	0.02296	0.01291	0.00717	0.01004	0.00287	0.01435	0.01004	0.00430	0.01148
204	0.01037	0.00741	0.00987	0.01185	0.01234	0.00691	0.00790	0.01185	0.01629	0.02172	0.04690	0.69537	0.05629	0.02666	0.01086	0.00346	0.00494	0.02419	0.00790	0.00691
205	0.02106	0.02022	0.03454	0.05223	0.64784	0.02022	0.02612	0.02612	0.01938	0.02780	0.01601	0.02106	0.01348	0.00758	0.00842	0.00253	0.01011	0.00758	0.00421	0.01348
206	0.02275	0.70604	0.04459	0.01456	0.02184	0.03367	0.01456	0.02548	0.01729	0.02002	0.01183	0.01365	0.01092	0.00728	0.00546	0.00182	0.00910	0.00455	0.00364	0.01092
207	0.02836	0.29345	0.03190	0.01913	0.02461	0.42618	0.01573	0.03075	0.02152	0.02052	0.01265	0.01470	0.01095	0.00820	0.00683	0.00205	0.01297	0.00513	0.00410	0.01027
208	0.01101	0.00866	0.00994	0.00962	0.01208	0.00759	0.00722	0.01406	0.02165	0.02834	0.35380	0.07310	0.37345	0.01956	0.01005	0.00278	0.00417	0.01673	0.00861	0.00759
209	0.01519	0.00807	0.00854	0.00842	0.01041	0.00795	0.00632	0.01916	0.01895	0.03215	0.13629	0.03734	0.03212	0.01123	0.00667	0.00211	0.00397	0.00925	0.61791	0.00795
210	0.03162	0.02347	0.02513	0.01943	0.02611	0.02605	0.01600	0.58205	0.07861	0.05246	0.02136	0.02117	0.01522	0.01030	0.00852	0.00258	0.00919	0.00779	0.00852	0.01441
211	0.01765	0.01513	0.01765	0.01260	0.02017	0.01134	0.01008	0.02143	0.01765	0.02773	0.01513	0.01765	0.01260	0.00630	0.00630	0.00126	0.00630	0.00504	0.00504	0.75295
212	0.71267	0.01660	0.01339	0.01192	0.01684	0.01955	0.00983	0.02472	0.01439	0.03703	0.01181	0.01414	0.00934	0.00836	0.00674	0.00270	0.05080	0.00479	0.00517	0.00922
213	0.76103	0.01646	0.01251	0.01119	0.01646	0.01909	0.00922	0.02502	0.01448	0.03818	0.01185	0.01382	0.00922	0.00790	0.00527	0.00263	0.00658	0.00461	0.00527	0.00922
214	0.01089	0.00935	0.00942	0.00928	0.01230	0.00824	0.00699	0.01470	0.06559	0.02394	0.08232	0.07812	0.59779	0.02080	0.00995	0.00287	0.00449	0.01733	0.00796	0.00766
215	0.02190	0.01864	0.01965	0.01747	0.02241	0.02151	0.01365	0.08263	0.59387	0.03677	0.03371	0.03101	0.02523	0.01146	0.00865	0.00286	0.00691	0.00949	0.00865	0.01354
216	0.02905	0.01258	0.01614	0.01302	0.01840	0.01078	0.01055	0.03197	0.02275	0.44892	0.05067	0.04615	0.22346	0.01411	0.00904	0.00271	0.00629	0.01161	0.00968	0.01211
217	0.01463	0.01223	0.06439	0.01351	0.01665	0.00977	0.01184	0.01904	0.02232	0.07142	0.38086	0.06700	0.06184	0.01796	0.01028	0.00303	0.00601	0.17992	0.00854	0.00876
218	0.67009	0.01621	0.01342	0.01169	0.01712	0.01826	0.00963	0.02709	0.01573	0.11563	0.01458	0.01573	0.01071	0.00823	0.00568	0.00263	0.00667	0.00511	0.00593	0.00988
219	0.01037	0.00741	0.00987	0.01185	0.01234	0.00691	0.00790	0.01185	0.01629	0.02172	0.04690	0.69537	0.05629	0.02666	0.01086	0.00346	0.00494	0.02419	0.00790	0.00691
220	0.01797	0.01215	0.01463	0.01315	0.01554	0.01312	0.00975	0.14556	0.01964	0.05505	0.02445	0.03787	0.02311	0.26233	0.24171	0.00819	0.01306	0.00981	0.05432	0.00858
221	0.02271	0.01881	0.01998	0.01741	0.02244	0.02147	0.01369	0.14509	0.49935	0.03871	0.06081	0.03125	0.02651	0.01159	0.00870	0.00282	0.00707	0.00955	0.00867	0.01339
222	0.01061	0.00758	0.01015	0.01212	0.01272	0.00712	0.00832	0.01227	0.01653	0.02199	0.04677	0.65218	0.05576	0.02643	0.01093	0.00349	0.00515	0.06500	0.00790	0.00698
223	0.01707	0.04402	0.65683	0.02426	0.03683	0.01976	0.03144	0.02695	0.01797	0.02695	0.01527	0.01797	0.01078	0.00809	0.00809	0.00270	0.01258	0.00629	0.00359	0.01258
224	0.02106	0.02022	0.03454	0.05223	0.64784	0.02022	0.02612	0.02612	0.01938	0.02780	0.01601	0.02106	0.01348	0.00758	0.00842	0.00253	0.01011	0.00758	0.00421	0.01348
225	0.02678	0.03222	0.02486	0.02208	0.02480	0.42329	0.01727	0.02885	0.01990	0.02070	0.01240	0.01659	0.01104	0.01110	0.01537	0.00277	0.26995	0.00623	0.00413	0.00965
226	0.28245	0.01780	0.02120	0.01677	0.02261	0.01896	0.06099	0.13500	0.02253	0.23857	0.02080	0.02100	0.01443	0.00963	0.00900	0.00272	0.05905	0.00708	0.00736	0.01204
227	0.01238	0.00825	0.00928	0.00928	0.00928	0.00825	0.00516	0.01238	0.01238	0.01650	0.02681	0.05569	0.03094	0.70092	0.04331	0.00825	0.00825	0.01238	0.00516	0.00516
228	0.02106	0.02022	0.03454	0.05223	0.64784	0.02022	0.02612	0.02612	0.01938	0.02780	0.01601	0.02106	0.01348	0.00758	0.00842	0.00253	0.01011	0.00758	0.00421	0.01348
229	0.01218	0.00902	0.01317	0.01317	0.01451	0.01036	0.01000	0.01487	0.01353	0.01938	0.02326	0.03601	0.02240	0.13769	0.59487	0.01305	0.02111	0.00950	0.00463	0.00732
230	0.28139	0.01689	0.01756	0.01471	0.02038	0.01815	0.01191	0.08038	0.18596	0.23063	0.02541	0.02387	0.01782	0.00988	0.00745	0.00270	0.00704	0.00742	0.00807	0.01240
231	0.01148	0.00868	0.01059	0.01011	0.01237	0.00779	0.00759	0.01497	0.02276	0.03097	0.48534	0.06877	0.24028	0.01858	0.01004	0.00273	0.00410	0.01612	0.00895	0.00779
232	0.01301	0.00952	0.01273	0.01417	0.01628	0.00925	0.01212	0.01666	0.01992	0.02578	0.09950	0.09119	0.14453	0.02271	0.01135	0.00366	0.00698	0.45493	0.00797	0.00775
233	0.02301	0.43287	0.18511	0.01814	0.02616	0.14201	0.01887	0.02733	0.01865	0.02180	0.01287	0.01497	0.01090	0.00773	0.00647	0.00209	0.01102	0.00512	0.00376	0.01112
234	0.03818	0.01448	0.01975	0.01514	0.02172	0.01251	0.01251	0.04147	0.02436	0.65373	0.03357	0.02897	0.02107	0.01053	0.00856	0.00263	0.00724	0.00856	0.01053	0.01448
235	0.01174	0.00869	0.01095	0.01038	0.01252	0.00790	0.00779	0.01546	0.02336	0.03239	0.55666	0.06642	0.16806	0.01804	0.01004	0.00271	0.00406	0.01579	0.00914	0.00790
236	0.02006	0.35210	0.31884	0.01916	0.02863	0.02639	0.02209	0.02773	0.06696	0.02440	0.01521	0.01705	0.01207	0.00799	0.00690	0.00230	0.01048	0.00574	0.00402	0.01187
237	0.03569	0.01848	0.02222	0.01704	0.02372	0.01844	0.01407	0.28834	0.03104	0.39742	0.02796	0.02532	0.01825	0.01040	0.00854	0.00260	0.00815	0.00818	0.00967	0.01448
238	0.09619	0.01464	0.01917	0.01482	0.02130	0.01304	0.01224	0.04015	0.02356	0.60433	0.03183	0.02775	0.02011	0.01032	0.00829	0.00263	0.00719	0.00824	0.01011	0.01406
239	0.01449	0.00821	0.00921	0.00916	0.01076	0.00836	0.00663	0.01770	0.01690	0.02784	0.07674	0.03837	0.02793	0.12853	0.10298	0.00465	0.00724	0.00941	0.46743	0.00745
240	0.01833	0.03155	0.32094	0.03056	0.07882	0.01996	0.28564	0.02632	0.01891	0.02689	0.01766	0.05226	0.01403	0.00853	0.00909	0.00280	0.01283	0.00886	0.00415	0.01189
241	0.02106	0.02022	0.03454	0.05223	0.64784	0.02022	0.02612	0.02612	0.01938	0.02780	0.01601	0.02106	0.01348	0.00758	0.00842	0.00253	0.01011	0.00758	0.00421	0.01348
