[name]
unknown

[dist]
# distance from previous block
# <min> <max>
8	13

[block]
# block no. 0 follows, 22 sequences, length 15
# corresponding to MSA columns:
# 13-27
name=unknown_A
#
# <colnr> <probs for GDERKNQSTAVLIFYWHMCP>
#	G	D	E	R	K	N	Q	S	T	A	V	L	I	F	Y	W	H	M	C	P
0	0.01873	0.14463	0.02441	0.01924	0.08214	0.01992	0.01445	0.12133	0.01879	0.02574	0.01782	0.02394	0.01581	0.03196	0.29309	0.00711	0.09867	0.00748	0.00480	0.00992
1	0.09230	0.20005	0.42600	0.02125	0.05548	0.02250	0.02439	0.02575	0.01710	0.02580	0.01380	0.01625	0.01051	0.00767	0.00702	0.00241	0.01079	0.00562	0.00370	0.01160
2	0.01764	0.05151	0.21596	0.15034	0.03977	0.02009	0.24794	0.02424	0.01750	0.02426	0.01580	0.02207	0.01249	0.04557	0.01171	0.00305	0.05746	0.00806	0.00389	0.01065
3	0.11534	0.02046	0.08325	0.01585	0.02271	0.01824	0.01405	0.25440	0.02603	0.07239	0.06438	0.02174	0.01774	0.00899	0.00741	0.00219	0.00782	0.00690	0.00670	0.21340
4	0.17585	0.01570	0.04578	0.06037	0.11095	0.01489	0.04084	0.05368	0.02009	0.03220	0.21965	0.03203	0.03296	0.01059	0.00789	0.00243	0.00709	0.00899	0.00623	0.10180
5	0.01907	0.01552	0.01934	0.14338	0.06550	0.01725	0.01459	0.07320	0.27805	0.05970	0.10895	0.03644	0.08946	0.01201	0.00870	0.00273	0.00727	0.01021	0.00738	0.01127
6	0.01781	0.14100	0.51983	0.02454	0.08533	0.02136	0.02780	0.02603	0.01756	0.02537	0.01447	0.01716	0.01076	0.00773	0.00754	0.00249	0.01157	0.00599	0.00356	0.01211
7	0.02795	0.03024	0.02253	0.06874	0.02660	0.38374	0.01554	0.19209	0.02679	0.02932	0.02197	0.02328	0.07514	0.01016	0.00800	0.00235	0.01204	0.00728	0.00567	0.01057
8	0.01889	0.24645	0.36659	0.02271	0.03272	0.02378	0.12844	0.02592	0.01769	0.02427	0.01420	0.01708	0.01093	0.00750	0.00743	0.00240	0.01153	0.00625	0.00364	0.01159
9	0.17644	0.19671	0.10035	0.01911	0.06779	0.18509	0.01607	0.07141	0.01985	0.02758	0.01382	0.01599	0.01119	0.00802	0.00657	0.00224	0.01017	0.00545	0.03561	0.01056
10	0.11924	0.13129	0.02559	0.05950	0.02581	0.28535	0.01527	0.18850	0.02509	0.03087	0.01450	0.01631	0.01142	0.00860	0.00715	0.00227	0.01123	0.00580	0.00531	0.01088
11	0.05576	0.02595	0.02944	0.03423	0.29823	0.20354	0.06085	0.13753	0.02373	0.03021	0.01555	0.01873	0.01244	0.00818	0.00802	0.00241	0.01130	0.00689	0.00497	0.01205
12	0.07458	0.15123	0.02661	0.01864	0.02420	0.30232	0.01511	0.21028	0.04908	0.03138	0.01544	0.01667	0.01215	0.00878	0.00725	0.00223	0.01132	0.00592	0.00557	0.01125
13	0.01740	0.01474	0.01596	0.01483	0.01745	0.09407	0.01158	0.10893	0.01871	0.02512	0.02107	0.02847	0.01858	0.04441	0.44931	0.00960	0.01818	0.00818	0.05471	0.00871
14	0.01535	0.01365	0.01702	0.06340	0.12882	0.01410	0.01281	0.02464	0.20723	0.02690	0.05247	0.05103	0.30978	0.01488	0.00903	0.00275	0.00636	0.01264	0.00705	0.01008

[dist]
# distance from previous block
# <min> <max>
0	1

[block]
# block no. 1 follows, 22 sequences, length 21
# corresponding to MSA columns:
# 29-49
name=unknown_B
#
# <colnr> <probs for GDERKNQSTAVLIFYWHMCP>
#	G	D	E	R	K	N	Q	S	T	A	V	L	I	F	Y	W	H	M	C	P
0	0.05364	0.06228	0.02218	0.01792	0.02290	0.25384	0.01412	0.15082	0.15243	0.07835	0.07109	0.02385	0.02046	0.01009	0.00790	0.00241	0.01002	0.00751	0.00675	0.01145
1	0.19458	0.39106	0.06631	0.01419	0.02044	0.09071	0.01345	0.02524	0.01699	0.02501	0.01311	0.01517	0.01112	0.00764	0.00568	0.00206	0.00871	0.00490	0.06362	0.01003
2	0.02614	0.06799	0.02318	0.02154	0.06983	0.43200	0.01576	0.05437	0.02262	0.02295	0.02144	0.03041	0.04836	0.01121	0.00817	0.00244	0.01240	0.09440	0.00507	0.00972
3	0.01380	0.00944	0.01272	0.01240	0.01427	0.01064	0.00964	0.05029	0.01572	0.02381	0.02323	0.03154	0.02052	0.04737	0.48505	0.01014	0.01732	0.00856	0.17568	0.00787
4	0.01930	0.02403	0.13229	0.03691	0.24226	0.02091	0.26064	0.02534	0.01818	0.02589	0.01537	0.02053	0.01226	0.00824	0.01125	0.00277	0.09996	0.00814	0.00400	0.01174
5	0.00996	0.00842	0.00861	0.00857	0.01131	0.00707	0.00642	0.01220	0.01927	0.02324	0.12589	0.07863	0.61062	0.02074	0.00982	0.00279	0.00419	0.01735	0.00782	0.00707
6	0.02966	0.03730	0.02375	0.02145	0.02527	0.60517	0.01628	0.03176	0.02238	0.02030	0.01263	0.01532	0.01072	0.00920	0.00961	0.00230	0.08757	0.00556	0.00421	0.00957
7	0.01383	0.01145	0.01650	0.02094	0.16855	0.01094	0.01309	0.01756	0.02029	0.02729	0.22125	0.06382	0.18654	0.01705	0.00983	0.00292	0.00632	0.15572	0.00724	0.00889
8	0.02240	0.48606	0.10363	0.01577	0.02260	0.12464	0.01557	0.02582	0.01798	0.02129	0.01333	0.01542	0.01150	0.00761	0.00596	0.00193	0.00975	0.00502	0.06328	0.01045
9	0.01441	0.01383	0.01685	0.15493	0.11463	0.06429	0.01340	0.01777	0.01919	0.02357	0.09992	0.05298	0.33238	0.01515	0.00909	0.00268	0.00726	0.01283	0.00621	0.00862
10	0.01912	0.02834	0.26738	0.04088	0.42664	0.01957	0.02742	0.02580	0.01841	0.02683	0.01536	0.01944	0.01218	0.00758	0.00810	0.00253	0.01076	0.00693	0.00389	0.01283
11	0.01286	0.00937	0.01257	0.01403	0.01576	0.00935	0.01148	0.01723	0.05390	0.02534	0.10112	0.23401	0.05114	0.02247	0.01094	0.00354	0.00656	0.37273	0.00785	0.00776
12	0.03065	0.08345	0.02595	0.01948	0.02538	0.24047	0.01575	0.38411	0.03218	0.03918	0.01693	0.01778	0.01272	0.00928	0.00780	0.00232	0.01105	0.00654	0.00660	0.01237
13	0.02638	0.03775	0.17845	0.02190	0.02780	0.42999	0.01977	0.05366	0.02168	0.02300	0.01344	0.01609	0.01081	0.00902	0.00948	0.00241	0.07797	0.00581	0.00419	0.01039
14	0.01314	0.00967	0.01137	0.01137	0.01330	0.00939	0.00852	0.06292	0.01921	0.02503	0.12499	0.11779	0.20082	0.19265	0.01824	0.00433	0.00629	0.13640	0.00726	0.00730
15	0.02892	0.01967	0.02192	0.01713	0.02349	0.02067	0.01397	0.34897	0.13727	0.15339	0.02394	0.02297	0.01697	0.00978	0.00807	0.00241	0.00796	0.00764	0.00826	0.10660
16	0.01583	0.01224	0.01333	0.01193	0.01551	0.01203	0.00947	0.16744	0.02463	0.03164	0.14345	0.06353	0.36469	0.01786	0.00957	0.00278	0.00568	0.06137	0.00806	0.00896
17	0.02454	0.01932	0.02413	0.02512	0.17523	0.02027	0.01644	0.34145	0.02896	0.03956	0.02238	0.12276	0.01990	0.01147	0.00846	0.00252	0.00843	0.00969	0.00694	0.07246
18	0.02095	0.07299	0.02789	0.24434	0.23434	0.17116	0.02070	0.02507	0.01892	0.02277	0.01611	0.05777	0.01410	0.00899	0.00800	0.00249	0.01108	0.00762	0.00418	0.01053
19	0.18576	0.18924	0.04997	0.02802	0.24975	0.09783	0.01792	0.04643	0.01855	0.02758	0.01356	0.01651	0.01131	0.00763	0.00676	0.00229	0.00952	0.00578	0.00434	0.01125
20	0.02502	0.08988	0.21387	0.01790	0.02562	0.01885	0.01818	0.12043	0.09087	0.20304	0.07328	0.02544	0.02084	0.00987	0.00805	0.00253	0.00879	0.00784	0.00705	0.01264

[dist]
# distance from previous block
# <min> <max>
2	18

[block]
# block no. 2 follows, 22 sequences, length 60
# corresponding to MSA columns:
# 68-127
name=unknown_C
#
# <colnr> <probs for GDERKNQSTAVLIFYWHMCP>
#	G	D	E	R	K	N	Q	S	T	A	V	L	I	F	Y	W	H	M	C	P
0	0.17303	0.06048	0.02208	0.01815	0.02312	0.34192	0.01427	0.16311	0.02440	0.03069	0.01456	0.01655	0.01160	0.01116	0.03842	0.00281	0.01208	0.00579	0.00532	0.01045
1	0.05816	0.29403	0.16024	0.01867	0.02567	0.26962	0.01800	0.02825	0.01938	0.02201	0.01271	0.01480	0.01057	0.00784	0.00665	0.00212	0.01174	0.00513	0.00389	0.01053
2	0.01882	0.02285	0.18576	0.01821	0.05335	0.01664	0.01692	0.14517	0.08398	0.03170	0.03295	0.03493	0.14503	0.01158	0.00830	0.00248	0.00822	0.03074	0.00622	0.12614
3	0.01985	0.05691	0.12540	0.02659	0.15871	0.11285	0.01999	0.02479	0.04830	0.02335	0.01812	0.02228	0.04392	0.01327	0.04603	0.00332	0.21403	0.00741	0.00428	0.01062
4	0.01949	0.12060	0.05018	0.04596	0.05564	0.10822	0.01266	0.08299	0.02075	0.02736	0.03184	0.03329	0.14374	0.01119	0.00738	0.00227	0.00783	0.00876	0.20034	0.00952
5	0.01012	0.00723	0.00964	0.01157	0.01205	0.00675	0.00771	0.01157	0.01591	0.02121	0.04579	0.70262	0.05495	0.02603	0.01060	0.00337	0.00482	0.02362	0.00771	0.00675
6	0.02340	0.01920	0.02033	0.01746	0.02264	0.02194	0.01381	0.19060	0.49030	0.03916	0.03034	0.02823	0.02254	0.01095	0.00842	0.00274	0.00722	0.00891	0.00842	0.01339
7	0.01913	0.02798	0.25191	0.04003	0.38265	0.01971	0.08674	0.02589	0.01851	0.02680	0.01550	0.01971	0.01220	0.00753	0.00827	0.00256	0.01111	0.00721	0.00391	0.01266
8	0.01404	0.00830	0.01273	0.07839	0.01623	0.00897	0.00943	0.01266	0.01191	0.01608	0.01604	0.02644	0.01538	0.03358	0.15997	0.53292	0.01064	0.00757	0.00379	0.00493
9	0.01935	0.02006	0.06794	0.17820	0.49978	0.01945	0.02530	0.02468	0.01837	0.02590	0.01541	0.02071	0.01259	0.00761	0.00822	0.00254	0.01025	0.00733	0.00399	0.01231
10	0.01012	0.00723	0.00964	0.01157	0.01205	0.00675	0.00771	0.01157	0.01591	0.02121	0.04579	0.70262	0.05495	0.02603	0.01060	0.00337	0.00482	0.02362	0.00771	0.00675
11	0.01225	0.00777	0.00895	0.00946	0.00998	0.00764	0.00590	0.01342	0.01417	0.02046	0.03156	0.22143	0.03496	0.38615	0.02652	0.00558	0.00635	0.01426	0.15716	0.00604
12	0.02010	0.01927	0.03289	0.11125	0.59956	0.01962	0.02527	0.02509	0.01870	0.02658	0.01554	0.02071	0.01296	0.00749	0.00823	0.00250	0.00998	0.00740	0.00407	0.01279
13	0.01028	0.00843	0.00906	0.00890	0.01151	0.00721	0.00668	0.01282	0.02003	0.02505	0.22038	0.07566	0.51500	0.02007	0.00981	0.00276	0.00414	0.01693	0.00806	0.00721
14	0.01012	0.00723	0.00964	0.01157	0.01205	0.00675	0.00771	0.01157	0.01591	0.02121	0.04579	0.70262	0.05495	0.02603	0.01060	0.00337	0.00482	0.02362	0.00771	0.00675
15	0.01044	0.00752	0.00953	0.01088	0.01160	0.00701	0.00724	0.01190	0.01613	0.02135	0.08152	0.52219	0.10960	0.11436	0.01463	0.00389	0.00513	0.02104	0.00744	0.00661
16	0.01254	0.01018	0.01139	0.01149	0.01401	0.01003	0.00857	0.01925	0.14981	0.02593	0.11867	0.21793	0.29189	0.01987	0.00979	0.00297	0.00499	0.04435	0.00801	0.00835
17	0.01939	0.01855	0.03161	0.20387	0.51248	0.01943	0.02491	0.02447	0.01836	0.02572	0.01542	0.02094	0.01266	0.00762	0.00824	0.00254	0.01016	0.00740	0.00401	0.01222
18	0.01023	0.00728	0.00961	0.01142	0.01188	0.00682	0.00756	0.01160	0.01569	0.02092	0.04467	0.66554	0.05353	0.06504	0.01242	0.00364	0.00500	0.02296	0.00756	0.00665
19	0.02201	0.01430	0.01528	0.01394	0.01792	0.07636	0.01136	0.05891	0.02199	0.20906	0.04817	0.05875	0.21330	0.01656	0.00951	0.00292	0.00728	0.16436	0.00813	0.00990
20	0.01082	0.00826	0.00870	0.00870	0.01026	0.00747	0.00575	0.01199	0.01590	0.01964	0.05849	0.06863	0.37726	0.32511	0.02419	0.00513	0.00591	0.01512	0.00653	0.00614
21	0.07691	0.01703	0.02060	0.01588	0.02230	0.01670	0.01312	0.21879	0.02789	0.44075	0.02766	0.02490	0.01795	0.01004	0.00816	0.00255	0.00766	0.00787	0.00939	0.01384
22	0.01090	0.00756	0.00941	0.01057	0.01086	0.00727	0.00665	0.01177	0.01439	0.01919	0.03801	0.44563	0.04514	0.29641	0.02316	0.00523	0.00610	0.01904	0.00665	0.00607
23	0.09378	0.00988	0.01096	0.01113	0.01339	0.00976	0.00814	0.04281	0.04709	0.02724	0.14919	0.31130	0.19504	0.01996	0.00949	0.00296	0.00497	0.01730	0.00773	0.00786
24	0.01206	0.00813	0.00947	0.00947	0.00961	0.00827	0.00554	0.01234	0.01220	0.01641	0.02580	0.05231	0.02931	0.64697	0.10214	0.00855	0.00940	0.01178	0.00498	0.00526
25	0.01071	0.00748	0.00947	0.01081	0.01115	0.00714	0.00690	0.01172	0.01475	0.01967	0.03988	0.50726	0.04749	0.23156	0.02015	0.00478	0.00579	0.02014	0.00690	0.00623
26	0.01046	0.00796	0.00947	0.01007	0.01166	0.00714	0.00708	0.01257	0.01834	0.02386	0.18363	0.31044	0.27224	0.06139	0.01197	0.00328	0.00460	0.01900	0.00786	0.00697
27	0.01021	0.00839	0.00874	0.00867	0.01114	0.00719	0.00635	0.01231	0.01877	0.02294	0.13487	0.07588	0.54014	0.08254	0.01274	0.00326	0.00453	0.01679	0.00761	0.00692
28	0.03313	0.02078	0.02339	0.01793	0.02452	0.02207	0.01482	0.46844	0.03490	0.21832	0.02344	0.02221	0.01588	0.01006	0.00832	0.00251	0.00858	0.00772	0.00885	0.01413
29	0.01012	0.00723	0.00964	0.01157	0.01205	0.00675	0.00771	0.01157	0.01591	0.02121	0.04579	0.70262	0.05495	0.02603	0.01060	0.00337	0.00482	0.02362	0.00771	0.00675
30	0.01075	0.00823	0.00886	0.00892	0.01056	0.00742	0.00602	0.01217	0.01661	0.02075	0.09404	0.10102	0.36930	0.26475	0.02137	0.00468	0.00559	0.01576	0.00684	0.00634
31	0.00982	0.00842	0.00842	0.00842	0.01122	0.00701	0.00631	0.01192	0.01894	0.02244	0.08416	0.07995	0.65285	0.02104	0.00982	0.00281	0.00421	0.01753	0.00771	0.00701
32	0.01961	0.02241	0.04902	0.03501	0.04342	0.02101	0.62605	0.02661	0.01961	0.02661	0.01681	0.02241	0.01261	0.00700	0.00980	0.00280	0.01401	0.00980	0.00420	0.01120
33	0.57542	0.01794	0.01552	0.01306	0.01859	0.02049	0.01076	0.18162	0.02062	0.04120	0.01375	0.01517	0.01033	0.00830	0.00597	0.00255	0.00713	0.00527	0.00597	0.01033
34	0.01207	0.00809	0.00926	0.00926	0.00933	0.00816	0.00528	0.01221	0.01214	0.01626	0.02599	0.05335	0.02976	0.67785	0.07187	0.00830	0.00872	0.01193	0.00501	0.00515
35	0.01150	0.00781	0.00923	0.00981	0.00995	0.00767	0.00583	0.01193	0.01322	0.01762	0.03201	0.24708	0.03756	0.50529	0.03287	0.00666	0.00709	0.01551	0.00583	0.00554
36	0.01339	0.00956	0.01339	0.01530	0.01721	0.00956	0.01339	0.01721	0.01912	0.02486	0.04399	0.09371	0.04781	0.02295	0.01147	0.00382	0.00765	0.60031	0.00765	0.00765
37	0.00984	0.00835	0.00849	0.00859	0.01127	0.00700	0.00639	0.01190	0.01876	0.02237	0.08198	0.11527	0.61894	0.02132	0.00986	0.00284	0.00424	0.01788	0.00771	0.00700
38	0.01187	0.00890	0.01335	0.01335	0.01483	0.01038	0.01038	0.01483	0.01335	0.01928	0.02225	0.03264	0.02077	0.06231	0.67512	0.01335	0.02225	0.00890	0.00445	0.00742
39	0.03158	0.02327	0.02493	0.01911	0.02576	0.02576	0.01579	0.62852	0.03906	0.05236	0.01995	0.01995	0.01413	0.00997	0.00831	0.00249	0.00914	0.00748	0.00831	0.01413
40	0.02190	0.67503	0.07878	0.01475	0.02215	0.03210	0.01515	0.02496	0.01692	0.01993	0.01174	0.01357	0.01065	0.00715	0.00548	0.00183	0.00908	0.00454	0.00355	0.01075
41	0.03158	0.02327	0.02493	0.01911	0.02576	0.02576	0.01579	0.62852	0.03906	0.05236	0.01995	0.01995	0.01413	0.00997	0.00831	0.00249	0.00914	0.00748	0.00831	0.01413
42	0.01187	0.00890	0.01335	0.01335	0.01483	0.01038	0.01038	0.01483	0.01335	0.01928	0.02225	0.03264	0.02077	0.06231	0.67512	0.01335	0.02225	0.00890	0.00445	0.00742
43	0.01187	0.00890	0.01335	0.01335	0.01483	0.01038	0.01038	0.01483	0.01335	0.01928	0.02225	0.03264	0.02077	0.06231	0.67512	0.01335	0.02225	0.00890	0.00445	0.00742
44	0.01878	0.01786	0.02952	0.04392	0.54916	0.01763	0.02231	0.02324	0.01892	0.02636	0.02700	0.03042	0.11934	0.00967	0.00849	0.00252	0.00893	0.00908	0.00471	0.01214
45	0.02001	0.01721	0.02394	0.37667	0.07272	0.01991	0.01939	0.14775	0.11887	0.03027	0.01883	0.02272	0.01410	0.00893	0.00820	0.00262	0.00963	0.00757	0.00546	0.05520
46	0.01625	0.04995	0.01690	0.01502	0.01735	0.14577	0.01172	0.01904	0.01559	0.01951	0.01982	0.02811	0.01823	0.04871	0.50704	0.01051	0.02012	0.00796	0.00437	0.00803
47	0.02066	0.01785	0.01878	0.01691	0.02160	0.02066	0.01315	0.04414	0.64121	0.03475	0.03381	0.03099	0.02536	0.01127	0.00845	0.00282	0.00657	0.00939	0.00845	0.01315
48	0.02061	0.01792	0.02501	0.02122	0.05510	0.01867	0.13693	0.03587	0.36315	0.06843	0.02991	0.02950	0.04877	0.01012	0.00855	0.00263	0.00811	0.00926	0.00713	0.08307
49	0.01723	0.01477	0.01723	0.01230	0.01969	0.01107	0.00984	0.02092	0.01723	0.02707	0.01477	0.01723	0.01230	0.00615	0.00615	0.00123	0.00615	0.00492	0.00492	0.75883
50	0.01012	0.00723	0.00964	0.01157	0.01205	0.00675	0.00771	0.01157	0.01591	0.02121	0.04579	0.70262	0.05495	0.02603	0.01060	0.00337	0.00482	0.02362	0.00771	0.00675
51	0.06253	0.02202	0.02278	0.01828	0.02373	0.06177	0.01483	0.46970	0.03320	0.04484	0.02118	0.08685	0.01755	0.01164	0.00943	0.00263	0.04804	0.00880	0.00760	0.01261
52	0.02221	0.71304	0.04353	0.01421	0.02132	0.03287	0.01421	0.02488	0.01688	0.01955	0.01155	0.01333	0.01066	0.00711	0.00533	0.00178	0.00888	0.00444	0.00355	0.01066
53	0.01569	0.01477	0.02492	0.68808	0.05722	0.01846	0.02307	0.02123	0.01661	0.02123	0.01477	0.02215	0.01107	0.00831	0.00831	0.00277	0.01107	0.00738	0.00369	0.00923
54	0.01021	0.00836	0.00901	0.00899	0.01150	0.00716	0.00669	0.01263	0.01965	0.02447	0.19167	0.11200	0.50774	0.02054	0.00986	0.00280	0.00419	0.01739	0.00799	0.00716
55	0.01818	0.01818	0.02545	0.02181	0.02181	0.02545	0.01818	0.01999	0.01272	0.01999	0.01091	0.01818	0.01091	0.01454	0.02726	0.00364	0.69284	0.00727	0.00364	0.00909
56	0.05320	0.17575	0.21848	0.01942	0.02699	0.18016	0.01940	0.08802	0.09322	0.02741	0.01626	0.01768	0.01261	0.00848	0.00726	0.00234	0.01102	0.00604	0.00481	0.01146
57	0.01062	0.00749	0.00977	0.01140	0.01189	0.00711	0.00763	0.01198	0.01551	0.02064	0.04266	0.56683	0.05071	0.13096	0.01554	0.00412	0.00548	0.05582	0.00730	0.00654
58	0.01169	0.00809	0.00922	0.00927	0.00978	0.00785	0.00559	0.01237	0.01412	0.01871	0.09250	0.09603	0.10286	0.52918	0.03388	0.00670	0.00706	0.01362	0.00587	0.00561
59	0.23697	0.02718	0.30184	0.01869	0.02675	0.01734	0.07932	0.02418	0.01744	0.03062	0.08995	0.02276	0.01883	0.00891	0.00739	0.00259	0.00932	0.00715	0.04228	0.01045

[dist]
# distance from previous block
# <min> <max>
0	1

[block]
# block no. 3 follows, 22 sequences, length 20
# corresponding to MSA columns:
# 129-148
name=unknown_D
#
# <colnr> <probs for GDERKNQSTAVLIFYWHMCP>
#	G	D	E	R	K	N	Q	S	T	A	V	L	I	F	Y	W	H	M	C	P
0	0.02437	0.02769	0.06495	0.01937	0.02349	0.29752	0.01593	0.12793	0.02225	0.02588	0.01612	0.02038	0.01359	0.02169	0.16238	0.00496	0.08981	0.00679	0.00488	0.01001
1	0.01831	0.01541	0.01781	0.01282	0.02015	0.01219	0.01029	0.06696	0.01888	0.02899	0.01516	0.01743	0.01244	0.00644	0.00632	0.00133	0.00638	0.00512	0.00518	0.70240
2	0.01723	0.01477	0.01723	0.01230	0.01969	0.01107	0.00984	0.02092	0.01723	0.02707	0.01477	0.01723	0.01230	0.00615	0.00615	0.00123	0.00615	0.00492	0.00492	0.75883
3	0.01961	0.02633	0.19709	0.08725	0.33606	0.05531	0.02494	0.02676	0.06030	0.02623	0.01619	0.02016	0.01288	0.00831	0.00914	0.00260	0.04735	0.00708	0.00420	0.01222
4	0.01443	0.00722	0.01082	0.01082	0.01082	0.00722	0.00722	0.01082	0.01082	0.01443	0.01443	0.02525	0.01443	0.02886	0.03247	0.75830	0.00722	0.00722	0.00361	0.00361
5	0.01574	0.00955	0.01135	0.01028	0.01352	0.00827	0.00792	0.01861	0.02128	0.14971	0.24886	0.06443	0.35358	0.01771	0.00953	0.00270	0.00467	0.01498	0.00865	0.00865
6	0.03032	0.02264	0.02422	0.01886	0.02528	0.02517	0.01549	0.56118	0.10845	0.05033	0.02154	0.02122	0.01542	0.01012	0.00833	0.00253	0.00885	0.00770	0.00833	0.01402
7	0.01187	0.00890	0.01335	0.01335	0.01483	0.01038	0.01038	0.01483	0.01335	0.01928	0.02225	0.03264	0.02077	0.06231	0.67512	0.01335	0.02225	0.00890	0.00445	0.00742
8	0.02548	0.03138	0.07649	0.03419	0.29532	0.34576	0.02119	0.02938	0.02111	0.02369	0.01419	0.01755	0.01174	0.00802	0.00783	0.00232	0.01260	0.00628	0.00415	0.01134
9	0.01012	0.00723	0.00964	0.01157	0.01205	0.00675	0.00771	0.01157	0.01591	0.02121	0.04579	0.70262	0.05495	0.02603	0.01060	0.00337	0.00482	0.02362	0.00771	0.00675
10	0.03142	0.02238	0.02424	0.01871	0.02525	0.02460	0.01542	0.55971	0.06816	0.09250	0.02150	0.02106	0.01512	0.01006	0.00832	0.00251	0.00887	0.00763	0.00845	0.01408
11	0.03103	0.03959	0.02354	0.02140	0.02568	0.67469	0.01605	0.03317	0.02354	0.02033	0.01284	0.01498	0.01070	0.00856	0.00749	0.00214	0.01498	0.00535	0.00428	0.00963
12	0.02508	0.02686	0.02015	0.01793	0.02240	0.31190	0.01376	0.10966	0.19377	0.02872	0.03021	0.02976	0.11166	0.01136	0.00821	0.00247	0.01031	0.00856	0.00646	0.01078
13	0.01012	0.00723	0.00964	0.01157	0.01205	0.00675	0.00771	0.01157	0.01591	0.02121	0.04579	0.70262	0.05495	0.02603	0.01060	0.00337	0.00482	0.02362	0.00771	0.00675
14	0.01036	0.00844	0.00917	0.00898	0.01155	0.00724	0.00674	0.01297	0.02021	0.02548	0.24259	0.07496	0.49253	0.01991	0.00981	0.00275	0.00413	0.01683	0.00811	0.00724
15	0.29612	0.01482	0.01677	0.01341	0.01938	0.01449	0.01107	0.03478	0.02036	0.44030	0.02525	0.02303	0.01646	0.00937	0.00721	0.00257	0.00684	0.00699	0.00846	0.01231
16	0.01011	0.00779	0.00925	0.01023	0.01174	0.00693	0.00716	0.01199	0.01763	0.02252	0.10204	0.41033	0.29568	0.02342	0.01024	0.00310	0.00451	0.02060	0.00781	0.00693
17	0.01012	0.00723	0.00964	0.01157	0.01205	0.00675	0.00771	0.01157	0.01591	0.02121	0.04579	0.70262	0.05495	0.02603	0.01060	0.00337	0.00482	0.02362	0.00771	0.00675
18	0.02697	0.02098	0.02233	0.01818	0.02400	0.02361	0.01467	0.38149	0.29360	0.04491	0.02581	0.02462	0.01888	0.01052	0.00837	0.00263	0.00806	0.00829	0.00837	0.01371
19	0.01035	0.00803	0.00943	0.00993	0.01176	0.00711	0.00712	0.01264	0.01893	0.02444	0.19733	0.28609	0.32346	0.02182	0.01008	0.00295	0.00435	0.01903	0.00803	0.00711

[dist]
# distance from previous block
# <min> <max>
0	1

[block]
# block no. 4 follows, 22 sequences, length 168
# corresponding to MSA columns:
# 150-317
name=unknown_E
#
# <colnr> <probs for GDERKNQSTAVLIFYWHMCP>
#	G	D	E	R	K	N	Q	S	T	A	V	L	I	F	Y	W	H	M	C	P
0	0.02367	0.01825	0.01977	0.01677	0.02183	0.02038	0.01331	0.20616	0.37782	0.07083	0.09240	0.03088	0.02731	0.01143	0.00854	0.00269	0.00706	0.00937	0.00857	0.01294
1	0.01206	0.00808	0.00917	0.00914	0.00924	0.00804	0.00518	0.01227	0.01269	0.01703	0.05977	0.05478	0.03279	0.67093	0.04054	0.00776	0.00783	0.01224	0.00525	0.00518
2	0.01233	0.00848	0.01011	0.01035	0.01230	0.00760	0.00747	0.01443	0.01832	0.06469	0.13785	0.24820	0.27726	0.09083	0.01330	0.00350	0.00507	0.04278	0.00780	0.00734
3	0.01907	0.02048	0.04084	0.12918	0.14231	0.02087	0.38442	0.02502	0.01840	0.02529	0.01575	0.02166	0.01231	0.00798	0.01103	0.00282	0.07864	0.00883	0.00406	0.01103
4	0.01006	0.00747	0.00939	0.01093	0.01188	0.00680	0.00743	0.01164	0.01652	0.02146	0.05356	0.57650	0.17605	0.02502	0.01044	0.00326	0.00470	0.02238	0.00771	0.00680
5	0.00982	0.00842	0.00842	0.00842	0.01122	0.00701	0.00631	0.01192	0.01894	0.02244	0.08416	0.07995	0.65285	0.02104	0.00982	0.00281	0.00421	0.01753	0.00771	0.00701
6	0.01018	0.00743	0.00958	0.01115	0.01198	0.00684	0.00756	0.01183	0.01666	0.02200	0.08266	0.59804	0.12359	0.02498	0.01047	0.00327	0.00470	0.02247	0.00779	0.00684
7	0.01330	0.00888	0.00988	0.00956	0.01001	0.00902	0.00566	0.04636	0.01379	0.01872	0.02587	0.05150	0.02895	0.64065	0.03890	0.00749	0.00794	0.01165	0.03623	0.00565
8	0.03103	0.03959	0.02354	0.02140	0.02568	0.67469	0.01605	0.03317	0.02354	0.02033	0.01284	0.01498	0.01070	0.00856	0.00749	0.00214	0.01498	0.00535	0.00428	0.00963
9	0.03158	0.02327	0.02493	0.01911	0.02576	0.02576	0.01579	0.62852	0.03906	0.05236	0.01995	0.01995	0.01413	0.00997	0.00831	0.00249	0.00914	0.00748	0.00831	0.01413
10	0.01039	0.00844	0.00921	0.00902	0.01157	0.00726	0.00676	0.01303	0.02029	0.02565	0.25160	0.07467	0.48340	0.01984	0.00981	0.00275	0.00412	0.01679	0.00814	0.00726
11	0.01189	0.00882	0.01293	0.01293	0.01427	0.01015	0.00986	0.01456	0.01323	0.01897	0.02264	0.03478	0.02170	0.12589	0.61281	0.01283	0.02085	0.00921	0.00451	0.00718
12	0.01012	0.00723	0.00964	0.01157	0.01205	0.00675	0.00771	0.01157	0.01591	0.02121	0.04579	0.70262	0.05495	0.02603	0.01060	0.00337	0.00482	0.02362	0.00771	0.00675
13	0.03158	0.02327	0.02493	0.01911	0.02576	0.02576	0.01579	0.62852	0.03906	0.05236	0.01995	0.01995	0.01413	0.00997	0.00831	0.00249	0.00914	0.00748	0.00831	0.01413
14	0.01072	0.00864	0.00971	0.01028	0.01274	0.00763	0.00813	0.01321	0.01883	0.02298	0.07230	0.11438	0.47334	0.02176	0.01027	0.00309	0.00509	0.16204	0.00770	0.00716
15	0.03567	0.01419	0.01911	0.01458	0.02109	0.01212	0.01202	0.03892	0.02325	0.61123	0.03133	0.02739	0.01990	0.00995	0.00818	0.00246	0.00700	0.00808	0.00985	0.07366
16	0.00982	0.00842	0.00842	0.00842	0.01122	0.00701	0.00631	0.01192	0.01894	0.02244	0.08416	0.07995	0.65285	0.02104	0.00982	0.00281	0.00421	0.01753	0.00771	0.00701
17	0.01211	0.00884	0.01031	0.01012	0.01274	0.00780	0.00786	0.01501	0.02056	0.05637	0.24732	0.07371	0.38110	0.01953	0.00993	0.00285	0.00465	0.08324	0.00826	0.00767
18	0.01549	0.00774	0.00774	0.00774	0.00968	0.00774	0.00581	0.01936	0.01742	0.03097	0.02710	0.03097	0.02129	0.00968	0.00581	0.00194	0.00387	0.00774	0.75416	0.00774
19	0.01569	0.01477	0.02492	0.68808	0.05722	0.01846	0.02307	0.02123	0.01661	0.02123	0.01477	0.02215	0.01107	0.00831	0.00831	0.00277	0.01107	0.00738	0.00369	0.00923
20	0.01208	0.00805	0.00906	0.00906	0.00906	0.00805	0.00503	0.01208	0.01208	0.01611	0.02618	0.05436	0.03020	0.70804	0.04228	0.00805	0.00805	0.01208	0.00503	0.00503
21	0.01021	0.00745	0.00943	0.01097	0.01174	0.00687	0.00734	0.01165	0.01607	0.02104	0.04980	0.57454	0.13573	0.06980	0.01256	0.00360	0.00495	0.02203	0.00754	0.00667
22	0.01187	0.00890	0.01335	0.01335	0.01483	0.01038	0.01038	0.01483	0.01335	0.01928	0.02225	0.03264	0.02077	0.06231	0.67512	0.01335	0.02225	0.00890	0.00445	0.00742
23	0.01266	0.00933	0.01238	0.01391	0.01600	0.00905	0.01195	0.01614	0.01909	0.02437	0.05212	0.09092	0.17036	0.02256	0.01114	0.00362	0.00695	0.48226	0.00766	0.00752
24	0.01261	0.01067	0.01415	0.01413	0.01503	0.01221	0.01082	0.01455	0.01607	0.02183	0.06560	0.33890	0.14129	0.02145	0.01510	0.00336	0.19457	0.06347	0.00664	0.00755
25	0.72512	0.01565	0.01215	0.01090	0.01586	0.01804	0.00893	0.02394	0.01465	0.03705	0.04686	0.01617	0.01282	0.00822	0.00540	0.00257	0.00629	0.00508	0.00536	0.00893
26	0.01764	0.01259	0.01392	0.01239	0.01463	0.01321	0.00871	0.19926	0.02113	0.02810	0.02989	0.12681	0.06220	0.37297	0.02622	0.00549	0.00777	0.01243	0.00651	0.00812
27	0.01196	0.00800	0.00910	0.00921	0.00924	0.00797	0.00520	0.01205	0.01231	0.01642	0.02736	0.09362	0.03170	0.66674	0.04036	0.00777	0.00786	0.01278	0.00520	0.00514
28	0.01187	0.00890	0.01335	0.01335	0.01483	0.01038	0.01038	0.01483	0.01335	0.01928	0.02225	0.03264	0.02077	0.06231	0.67512	0.01335	0.02225	0.00890	0.00445	0.00742
29	0.00988	0.00818	0.00866	0.00904	0.01139	0.00696	0.00659	0.01185	0.01833	0.02220	0.07655	0.20333	0.53438	0.02203	0.00997	0.00292	0.00433	0.01874	0.00771	0.00696
30	0.01019	0.00757	0.00951	0.01084	0.01191	0.00689	0.00744	0.01197	0.01713	0.02242	0.10200	0.52530	0.17793	0.02429	0.01038	0.00320	0.00462	0.02170	0.00783	0.00689
31	0.01569	0.01477	0.02492	0.68808	0.05722	0.01846	0.02307	0.02123	0.01661	0.02123	0.01477	0.02215	0.01107	0.00831	0.00831	0.00277	0.01107	0.00738	0.00369	0.00923
32	0.76672	0.01607	0.01221	0.01092	0.01607	0.01864	0.00900	0.02442	0.01414	0.03727	0.01157	0.01350	0.00900	0.00771	0.00514	0.00257	0.00643	0.00450	0.00514	0.00900
33	0.01149	0.00942	0.01026	0.01006	0.01273	0.00873	0.00753	0.01638	0.09109	0.02604	0.19441	0.11881	0.41408	0.01945	0.00972	0.00281	0.00447	0.01654	0.00810	0.00787
34	0.01012	0.00723	0.00964	0.01157	0.01205	0.00675	0.00771	0.01157	0.01591	0.02121	0.04579	0.70262	0.05495	0.02603	0.01060	0.00337	0.00482	0.02362	0.00771	0.00675
35	0.00996	0.00821	0.00875	0.00907	0.01142	0.00700	0.00663	0.01202	0.01859	0.02269	0.10187	0.19125	0.52033	0.02176	0.00996	0.00290	0.00431	0.01852	0.00778	0.00700
36	0.01187	0.00890	0.01335	0.01335	0.01483	0.01038	0.01038	0.01483	0.01335	0.01928	0.02225	0.03264	0.02077	0.06231	0.67512	0.01335	0.02225	0.00890	0.00445	0.00742
37	0.01122	0.00847	0.01036	0.00989	0.01208	0.00761	0.00742	0.01464	0.02225	0.03032	0.49535	0.06699	0.23674	0.01810	0.00980	0.00267	0.00400	0.01572	0.00875	0.00761
38	0.02066	0.01785	0.01878	0.01691	0.02160	0.02066	0.01315	0.04414	0.64121	0.03475	0.03381	0.03099	0.02536	0.01127	0.00845	0.00282	0.00657	0.00939	0.00845	0.01315
39	0.03158	0.02327	0.02493	0.01911	0.02576	0.02576	0.01579	0.62852	0.03906	0.05236	0.01995	0.01995	0.01413	0.00997	0.00831	0.00249	0.00914	0.00748	0.00831	0.01413
40	0.01008	0.00740	0.00947	0.01112	0.01193	0.00678	0.00751	0.01162	0.01633	0.02138	0.05118	0.61514	0.13894	0.02533	0.01049	0.00329	0.00473	0.02276	0.00771	0.00678
41	0.01723	0.01477	0.01723	0.01230	0.01969	0.01107	0.00984	0.02092	0.01723	0.02707	0.01477	0.01723	0.01230	0.00615	0.00615	0.00123	0.00615	0.00492	0.00492	0.75883
42	0.03727	0.01414	0.01928	0.01478	0.02121	0.01221	0.01221	0.04049	0.02378	0.66198	0.03277	0.02828	0.02056	0.01028	0.00835	0.00257	0.00707	0.00835	0.01028	0.01414
43	0.02066	0.01785	0.01878	0.01691	0.02160	0.02066	0.01315	0.04414	0.64121	0.03475	0.03381	0.03099	0.02536	0.01127	0.00845	0.00282	0.00657	0.00939	0.00845	0.01315
44	0.01012	0.00723	0.00964	0.01157	0.01205	0.00675	0.00771	0.01157	0.01591	0.02121	0.04579	0.70262	0.05495	0.02603	0.01060	0.00337	0.00482	0.02362	0.00771	0.00675
45	0.01865	0.09336	0.36159	0.03299	0.25551	0.02072	0.05038	0.02590	0.01805	0.02602	0.01494	0.01843	0.01155	0.00761	0.00786	0.00250	0.01119	0.00658	0.00375	0.01241
46	0.02066	0.01785	0.01878	0.01691	0.02160	0.02066	0.01315	0.04414	0.64121	0.03475	0.03381	0.03099	0.02536	0.01127	0.00845	0.00282	0.00657	0.00939	0.00845	0.01315
47	0.01549	0.00774	0.00774	0.00774	0.00968	0.00774	0.00581	0.01936	0.01742	0.03097	0.02710	0.03097	0.02129	0.00968	0.00581	0.00194	0.00387	0.00774	0.75416	0.00774
48	0.01203	0.00925	0.01089	0.01095	0.01305	0.00877	0.00800	0.04026	0.05783	0.02720	0.23156	0.26384	0.23469	0.02037	0.00991	0.00291	0.00466	0.01780	0.00820	0.00783
49	0.01723	0.01477	0.01723	0.01230	0.01969	0.01107	0.00984	0.02092	0.01723	0.02707	0.01477	0.01723	0.01230	0.00615	0.00615	0.00123	0.00615	0.00492	0.00492	0.75883
50	0.01020	0.00729	0.00971	0.01151	0.01207	0.00680	0.00772	0.01177	0.01628	0.02181	0.07599	0.67070	0.05611	0.02558	0.01056	0.00334	0.00477	0.02319	0.00778	0.00680
51	0.01666	0.04297	0.66500	0.02368	0.03596	0.01929	0.03069	0.02631	0.01754	0.02631	0.01491	0.01754	0.01052	0.00789	0.00789	0.00263	0.01228	0.00614	0.00351	0.01228
52	0.02568	0.02076	0.02390	0.18974	0.06387	0.06447	0.01734	0.35682	0.02962	0.03940	0.01852	0.02109	0.01365	0.00931	0.00805	0.00249	0.00963	0.00733	0.06628	0.01203
53	0.76672	0.01607	0.01221	0.01092	0.01607	0.01864	0.00900	0.02442	0.01414	0.03727	0.01157	0.01350	0.00900	0.00771	0.00514	0.00257	0.00643	0.00450	0.00514	0.00900
54	0.03061	0.07435	0.02478	0.02076	0.02545	0.56975	0.01592	0.09707	0.02486	0.02375	0.01354	0.01543	0.01107	0.00863	0.00746	0.00216	0.01402	0.00553	0.00468	0.01017
55	0.01100	0.00808	0.00890	0.00915	0.01024	0.00750	0.00585	0.01196	0.01509	0.01910	0.05001	0.14788	0.26203	0.36729	0.02625	0.00552	0.00622	0.01558	0.00637	0.00598
56	0.18641	0.01375	0.01662	0.04584	0.02017	0.01402	0.01158	0.05187	0.01977	0.30934	0.02832	0.16053	0.02382	0.01304	0.00913	0.00280	0.04357	0.01048	0.00791	0.01103
57	0.01208	0.00805	0.00906	0.00906	0.00906	0.00805	0.00503	0.01208	0.01208	0.01611	0.02618	0.05436	0.03020	0.70804	0.04228	0.00805	0.00805	0.01208	0.00503	0.00503
58	0.03035	0.03830	0.02421	0.02333	0.06679	0.63199	0.01667	0.03267	0.02324	0.02078	0.01302	0.01535	0.01086	0.00849	0.00754	0.00216	0.01465	0.00548	0.00427	0.00986
59	0.01012	0.00723	0.00964	0.01157	0.01205	0.00675	0.00771	0.01157	0.01591	0.02121	0.04579	0.70262	0.05495	0.02603	0.01060	0.00337	0.00482	0.02362	0.00771	0.00675
60	0.01012	0.00723	0.00964	0.01157	0.01205	0.00675	0.00771	0.01157	0.01591	0.02121	0.04579	0.70262	0.05495	0.02603	0.01060	0.00337	0.00482	0.02362	0.00771	0.00675
61	0.01961	0.02241	0.04902	0.03501	0.04342	0.02101	0.62605	0.02661	0.01961	0.02661	0.01681	0.02241	0.01261	0.00700	0.00980	0.00280	0.01401	0.00980	0.00420	0.01120
62	0.01054	0.00844	0.00942	0.00918	0.01167	0.00732	0.00688	0.01333	0.02065	0.02651	0.29654	0.07325	0.43793	0.01952	0.00981	0.00273	0.00410	0.01659	0.00825	0.00732
63	0.01162	0.00843	0.00991	0.00994	0.01217	0.00742	0.00730	0.01415	0.01979	0.05298	0.23421	0.20549	0.33549	0.02049	0.00992	0.00286	0.00438	0.01772	0.00823	0.00750
64	0.02029	0.01946	0.03323	0.08610	0.62321	0.01967	0.02536	0.02526	0.01879	0.02681	0.01558	0.02065	0.01304	0.00745	0.00823	0.00248	0.00994	0.00740	0.00409	0.01294
65	0.01011	0.00824	0.00900	0.00953	0.01179	0.00712	0.00707	0.01219	0.01831	0.02234	0.07346	0.21190	0.48757	0.02221	0.01009	0.00299	0.00456	0.05681	0.00771	0.00700
66	0.03103	0.03959	0.02354	0.02140	0.02568	0.67469	0.01605	0.03317	0.02354	0.02033	0.01284	0.01498	0.01070	0.00856	0.00749	0.00214	0.01498	0.00535	0.00428	0.00963
67	0.01369	0.01043	0.01282	0.01368	0.01565	0.01079	0.01067	0.02042	0.14361	0.02494	0.04290	0.23475	0.07678	0.08682	0.01349	0.00385	0.00655	0.24233	0.00758	0.00824
68	0.03103	0.03959	0.02354	0.02140	0.02568	0.67469	0.01605	0.03317	0.02354	0.02033	0.01284	0.01498	0.01070	0.00856	0.00749	0.00214	0.01498	0.00535	0.00428	0.00963
69	0.01026	0.00733	0.00980	0.01172	0.01226	0.00686	0.00795	0.01180	0.01604	0.02136	0.04571	0.67723	0.05465	0.02590	0.01064	0.00339	0.00494	0.04766	0.00771	0.00679
70	0.01151	0.00830	0.01088	0.01062	0.01236	0.00767	0.00782	0.01506	0.02237	0.03149	0.56045	0.15864	0.07485	0.01835	0.00992	0.00273	0.00406	0.01632	0.00893	0.00767
71	0.01560	0.01266	0.01553	0.01442	0.01703	0.04888	0.01131	0.08951	0.01722	0.02376	0.02100	0.02921	0.01891	0.04969	0.51818	0.01070	0.01931	0.00829	0.00493	0.05384
72	0.01167	0.00842	0.01102	0.01051	0.01239	0.00778	0.00783	0.01545	0.02310	0.03265	0.61844	0.09736	0.07709	0.01748	0.00984	0.00265	0.00397	0.01550	0.00907	0.00778
73	0.01549	0.00774	0.00774	0.00774	0.00968	0.00774	0.00581	0.01936	0.01742	0.03097	0.02710	0.03097	0.02129	0.00968	0.00581	0.00194	0.00387	0.00774	0.75416	0.00774
74	0.03077	0.02044	0.02268	0.01784	0.02409	0.02210	0.01459	0.40423	0.14434	0.17267	0.02504	0.02362	0.01745	0.01027	0.00835	0.00257	0.00826	0.00800	0.00874	0.01395
75	0.02221	0.71304	0.04353	0.01421	0.02132	0.03287	0.01421	0.02488	0.01688	0.01955	0.01155	0.01333	0.01066	0.00711	0.00533	0.00178	0.00888	0.00444	0.00355	0.01066
76	0.01012	0.00723	0.00964	0.01157	0.01205	0.00675	0.00771	0.01157	0.01591	0.02121	0.04579	0.70262	0.05495	0.02603	0.01060	0.00337	0.00482	0.02362	0.00771	0.00675
77	0.00982	0.00842	0.00842	0.00842	0.01122	0.00701	0.00631	0.01192	0.01894	0.02244	0.08416	0.07995	0.65285	0.02104	0.00982	0.00281	0.00421	0.01753	0.00771	0.00701
78	0.01076	0.00839	0.00977	0.00956	0.01183	0.00739	0.00712	0.01370	0.02096	0.02757	0.35324	0.10517	0.34601	0.01937	0.00985	0.00274	0.00410	0.01666	0.00840	0.00739
79	0.03158	0.02327	0.02493	0.01911	0.02576	0.02576	0.01579	0.62852	0.03906	0.05236	0.01995	0.01995	0.01413	0.00997	0.00831	0.00249	0.00914	0.00748	0.00831	0.01413
80	0.76672	0.01607	0.01221	0.01092	0.01607	0.01864	0.00900	0.02442	0.01414	0.03727	0.01157	0.01350	0.00900	0.00771	0.00514	0.00257	0.00643	0.00450	0.00514	0.00900
81	0.01818	0.01818	0.02545	0.02181	0.02181	0.02545	0.01818	0.01999	0.01272	0.01999	0.01091	0.01818	0.01091	0.01454	0.02726	0.00364	0.69284	0.00727	0.00364	0.00909
82	0.03087	0.02292	0.02453	0.01897	0.02549	0.02543	0.01562	0.59042	0.07831	0.05121	0.02085	0.02067	0.01486	0.01006	0.00832	0.00251	0.00897	0.00760	0.00832	0.01406
83	0.01208	0.00805	0.00906	0.00906	0.00906	0.00805	0.00503	0.01208	0.01208	0.01611	0.02618	0.05436	0.03020	0.70804	0.04228	0.00805	0.00805	0.01208	0.00503	0.00503
84	0.02857	0.02177	0.02324	0.01851	0.02462	0.02436	0.01506	0.46743	0.20505	0.04750	0.02377	0.02299	0.01722	0.01033	0.00835	0.00258	0.00843	0.00801	0.00835	0.01386
85	0.02144	0.01737	0.01864	0.01652	0.02123	0.01974	0.01291	0.07073	0.54548	0.06496	0.07051	0.03221	0.02780	0.01151	0.00852	0.00278	0.00656	0.00959	0.00857	0.01292
86	0.02111	0.01807	0.01904	0.01700	0.02177	0.02087	0.01326	0.06809	0.61654	0.03547	0.03324	0.03054	0.02490	0.01122	0.00845	0.00280	0.00668	0.00931	0.00845	0.01319
87	0.00985	0.00830	0.00854	0.00873	0.01130	0.00699	0.00645	0.01189	0.01863	0.02232	0.08027	0.14298	0.59233	0.02154	0.00990	0.00286	0.00427	0.01815	0.00771	0.00699
88	0.01188	0.00797	0.00912	0.00931	0.00936	0.00792	0.00530	0.01203	0.01247	0.01662	0.02816	0.11998	0.03271	0.63901	0.03908	0.00758	0.00773	0.01325	0.00530	0.00521
89	0.01012	0.00723	0.00964	0.01157	0.01205	0.00675	0.00771	0.01157	0.01591	0.02121	0.04579	0.70262	0.05495	0.02603	0.01060	0.00337	0.00482	0.02362	0.00771	0.00675
90	0.01111	0.00794	0.01078	0.01270	0.01362	0.00760	0.00944	0.01328	0.01688	0.02232	0.04524	0.51765	0.05278	0.02509	0.01087	0.00351	0.00568	0.19880	0.00769	0.00702
91	0.01208	0.00805	0.00906	0.00906	0.00906	0.00805	0.00503	0.01208	0.01208	0.01611	0.02618	0.05436	0.03020	0.70804	0.04228	0.00805	0.00805	0.01208	0.00503	0.00503
92	0.02723	0.01692	0.01932	0.01535	0.02078	0.01734	0.01248	0.31352	0.03031	0.19633	0.11221	0.03630	0.11955	0.01259	0.00873	0.00257	0.00723	0.01015	0.00881	0.01227
93	0.01106	0.00762	0.00936	0.01037	0.01062	0.00737	0.00643	0.01181	0.01408	0.01877	0.03641	0.39262	0.04311	0.35217	0.02575	0.00561	0.00637	0.01810	0.00643	0.00593
94	0.01340	0.00819	0.00983	0.00983	0.01107	0.00864	0.00697	0.01587	0.01463	0.02310	0.02536	0.03828	0.02372	0.22875	0.21973	0.00718	0.01067	0.00936	0.30857	0.00686
95	0.01187	0.00890	0.01335	0.01335	0.01483	0.01038	0.01038	0.01483	0.01335	0.01928	0.02225	0.03264	0.02077	0.06231	0.67512	0.01335	0.02225	0.00890	0.00445	0.00742
96	0.01243	0.00918	0.01205	0.01320	0.01530	0.00880	0.01115	0.01592	0.01972	0.02559	0.13990	0.08635	0.17478	0.02170	0.01090	0.00344	0.00641	0.39774	0.00788	0.00755
97	0.02860	0.22523	0.02905	0.01942	0.02448	0.49777	0.01555	0.03089	0.02171	0.02011	0.01249	0.01453	0.01069	0.00816	0.00690	0.00204	0.01330	0.00510	0.00408	0.00991
98	0.03110	0.03747	0.02372	0.02110	0.02569	0.59024	0.01602	0.11065	0.02556	0.02450	0.01377	0.01563	0.01115	0.00874	0.00760	0.00219	0.01422	0.00563	0.00480	0.01022
99	0.01170	0.00894	0.01146	0.01168	0.03868	0.00815	0.00824	0.01527	0.02234	0.03071	0.50298	0.06421	0.19981	0.01746	0.00974	0.00265	0.00423	0.01525	0.00863	0.00788
100	0.01134	0.00890	0.01032	0.01000	0.01239	0.00813	0.00748	0.01543	0.05439	0.02823	0.35049	0.09981	0.31517	0.01883	0.00977	0.00274	0.00423	0.01620	0.00844	0.00772
101	0.01117	0.00781	0.00973	0.01091	0.01222	0.00704	0.00755	0.01285	0.01699	0.04805	0.05489	0.51823	0.20377	0.02412	0.01031	0.00320	0.00476	0.02146	0.00782	0.00712
102	0.02056	0.01974	0.03372	0.05099	0.65622	0.01974	0.02550	0.02550	0.01892	0.02714	0.01563	0.02056	0.01316	0.00740	0.00822	0.00247	0.00987	0.00740	0.00411	0.01316
103	0.01432	0.01188	0.01263	0.01186	0.01494	0.01229	0.00886	0.02430	0.24931	0.02743	0.12055	0.05676	0.28236	0.09981	0.01322	0.00342	0.00552	0.01358	0.00782	0.00914
104	0.01004	0.00817	0.00889	0.00924	0.01149	0.00702	0.00673	0.01214	0.01865	0.02303	0.12065	0.21066	0.48082	0.02178	0.00998	0.00291	0.00432	0.01863	0.00783	0.00702
105	0.01299	0.01090	0.01161	0.01124	0.01426	0.01081	0.00846	0.02107	0.19053	0.02658	0.11177	0.12805	0.37344	0.01853	0.00952	0.00285	0.00490	0.01570	0.00803	0.00874
106	0.06204	0.01559	0.01795	0.01474	0.01952	0.01609	0.01152	0.15591	0.14286	0.25551	0.02800	0.03167	0.02157	0.15162	0.01509	0.00371	0.00757	0.00895	0.00822	0.01186
107	0.01200	0.00888	0.01050	0.01113	0.01222	0.00885	0.00743	0.01577	0.08936	0.02184	0.06509	0.35018	0.09517	0.22948	0.01982	0.00464	0.00592	0.01760	0.00705	0.00705
108	0.01112	0.00769	0.00953	0.01047	0.01077	0.00752	0.00657	0.01195	0.01400	0.01873	0.03557	0.36939	0.04186	0.34791	0.05400	0.00600	0.00709	0.01757	0.00631	0.00597
109	0.02318	0.01517	0.01596	0.01318	0.01737	0.01636	0.01058	0.31067	0.02777	0.04120	0.02368	0.02570	0.01787	0.00982	0.00700	0.00220	0.00639	0.00762	0.39749	0.01080
110	0.01517	0.00777	0.00786	0.00786	0.00962	0.00777	0.00574	0.01869	0.01693	0.02960	0.02702	0.03313	0.02211	0.07396	0.00916	0.00250	0.00426	0.00814	0.68520	0.00749
111	0.01226	0.00805	0.00930	0.00930	0.00985	0.00791	0.00573	0.01339	0.01475	0.02078	0.13220	0.08901	0.03874	0.48399	0.03140	0.00627	0.00676	0.01277	0.08166	0.00587
112	0.00991	0.00842	0.00855	0.00851	0.01128	0.00705	0.00639	0.01211	0.01916	0.02297	0.11182	0.07908	0.62485	0.02084	0.00982	0.00280	0.00419	0.01741	0.00778	0.00705
113	0.01187	0.00890	0.01335	0.01335	0.01483	0.01038	0.01038	0.01483	0.01335	0.01928	0.02225	0.03264	0.02077	0.06231	0.67512	0.01335	0.02225	0.00890	0.00445	0.00742
114	0.03303	0.01608	0.01988	0.01544	0.02152	0.01546	0.01268	0.19989	0.02775	0.42978	0.06492	0.03025	0.05194	0.01107	0.00849	0.00256	0.00734	0.00891	0.00956	0.01346
115	0.01230	0.00893	0.01000	0.00983	0.01118	0.00858	0.00651	0.04576	0.01687	0.02195	0.10326	0.12745	0.20322	0.34925	0.02535	0.00534	0.00635	0.01477	0.00660	0.00650
116	0.00990	0.00809	0.00875	0.00928	0.01145	0.00694	0.00670	0.01182	0.01810	0.02210	0.07358	0.25159	0.48803	0.02241	0.01003	0.00296	0.00438	0.01921	0.00771	0.00694
117	0.00982	0.00842	0.00842	0.00842	0.01122	0.00701	0.00631	0.01192	0.01894	0.02244	0.08416	0.07995	0.65285	0.02104	0.00982	0.00281	0.00421	0.01753	0.00771	0.00701
118	0.01018	0.00843	0.00892	0.00880	0.01144	0.00717	0.00660	0.01263	0.01980	0.02448	0.19072	0.07659	0.54501	0.02028	0.00981	0.00277	0.00415	0.01706	0.00798	0.00717
119	0.76672	0.01607	0.01221	0.01092	0.01607	0.01864	0.00900	0.02442	0.01414	0.03727	0.01157	0.01350	0.00900	0.00771	0.00514	0.00257	0.00643	0.00450	0.00514	0.00900
120	0.01208	0.00805	0.00906	0.00906	0.00906	0.00805	0.00503	0.01208	0.01208	0.01611	0.02618	0.05436	0.03020	0.70804	0.04228	0.00805	0.00805	0.01208	0.00503	0.00503
