[name]
unknown

[dist]
# distance from previous block
# <min> <max>
0	0

[block]
# block no. 0 follows, 22 sequences, length 27
# corresponding to MSA columns:
# 0-26
name=unknown_A
#
# <colnr> <probs for GDERKNQSTAVLIFYWHMCP>
#	G	D	E	R	K	N	Q	S	T	A	V	L	I	F	Y	W	H	M	C	P
0	0.01339	0.00956	0.01339	0.01530	0.01721	0.00956	0.01339	0.01721	0.01912	0.02486	0.04399	0.09371	0.04781	0.02295	0.01147	0.00382	0.00765	0.60031	0.00765	0.00765
1	0.01666	0.04297	0.66500	0.02368	0.03596	0.01929	0.03069	0.02631	0.01754	0.02631	0.01491	0.01754	0.01052	0.00789	0.00789	0.00263	0.01228	0.00614	0.00351	0.01228
2	0.01187	0.00890	0.01335	0.01335	0.01483	0.01038	0.01038	0.01483	0.01335	0.01928	0.02225	0.03264	0.02077	0.06231	0.67512	0.01335	0.02225	0.00890	0.00445	0.00742
3	0.01972	0.02229	0.11228	0.09351	0.53521	0.01959	0.02597	0.02529	0.01858	0.02661	0.01547	0.02030	0.01268	0.00753	0.00819	0.00251	0.01026	0.00724	0.00401	0.01276
4	0.02056	0.01974	0.03372	0.05099	0.65622	0.01974	0.02550	0.02550	0.01892	0.02714	0.01563	0.02056	0.01316	0.00740	0.00822	0.00247	0.00987	0.00740	0.00411	0.01316
5	0.01955	0.01667	0.01782	0.01610	0.02045	0.01905	0.01248	0.04057	0.56372	0.03457	0.11134	0.03489	0.03201	0.01199	0.00862	0.00279	0.00624	0.01010	0.00854	0.01248
6	0.02056	0.01974	0.03372	0.05099	0.65622	0.01974	0.02550	0.02550	0.01892	0.02714	0.01563	0.02056	0.01316	0.00740	0.00822	0.00247	0.00987	0.00740	0.00411	0.01316
7	0.01569	0.01477	0.02492	0.68808	0.05722	0.01846	0.02307	0.02123	0.01661	0.02123	0.01477	0.02215	0.01107	0.00831	0.00831	0.00277	0.01107	0.00738	0.00369	0.00923
8	0.02000	0.01725	0.01848	0.01602	0.02123	0.01881	0.01251	0.03965	0.52057	0.03327	0.03013	0.02833	0.02284	0.01028	0.00801	0.00251	0.00649	0.00853	0.00777	0.15732
9	0.03107	0.03842	0.02364	0.02124	0.02569	0.62806	0.01603	0.07595	0.02466	0.02263	0.01335	0.01534	0.01095	0.00866	0.00755	0.00217	0.01456	0.00550	0.00457	0.00995
10	0.01947	0.02201	0.04679	0.03377	0.04137	0.02143	0.56856	0.02598	0.01896	0.02598	0.01625	0.02201	0.01244	0.00772	0.01146	0.00288	0.07820	0.00956	0.00415	0.01100
11	0.01194	0.00861	0.01187	0.01187	0.01284	0.00958	0.00853	0.01388	0.01291	0.01818	0.02361	0.04016	0.02404	0.28593	0.45597	0.01152	0.01734	0.01000	0.00465	0.00659
12	0.01021	0.00838	0.00899	0.00896	0.01149	0.00716	0.00667	0.01263	0.01968	0.02449	0.19212	0.10551	0.51391	0.02049	0.00985	0.00279	0.00418	0.01733	0.00799	0.00716
13	0.01207	0.00812	0.00937	0.00937	0.00948	0.00822	0.00542	0.01228	0.01217	0.01634	0.02589	0.05280	0.02952	0.66147	0.08792	0.00844	0.00908	0.01185	0.00499	0.00521
14	0.01651	0.03855	0.58255	0.02168	0.03266	0.01784	0.02757	0.02544	0.01752	0.02689	0.01644	0.01922	0.01187	0.00812	0.00763	0.00254	0.01122	0.00634	0.09768	0.01171
15	0.64276	0.01728	0.01436	0.01231	0.01770	0.01984	0.01014	0.12629	0.01834	0.03982	0.01298	0.01458	0.00986	0.00809	0.00568	0.00256	0.00688	0.00500	0.00568	0.00986
16	0.03158	0.02327	0.02493	0.01911	0.02576	0.02576	0.01579	0.62852	0.03906	0.05236	0.01995	0.01995	0.01413	0.00997	0.00831	0.00249	0.00914	0.00748	0.00831	0.01413
17	0.01878	0.01792	0.03050	0.28403	0.43711	0.01927	0.02461	0.02393	0.01807	0.02498	0.01531	0.02114	0.01240	0.00773	0.00825	0.00258	0.01031	0.00739	0.00396	0.01172
18	0.01818	0.01818	0.02545	0.02181	0.02181	0.02545	0.01818	0.01999	0.01272	0.01999	0.01091	0.01818	0.01091	0.01454	0.02726	0.00364	0.69284	0.00727	0.00364	0.00909
19	0.03095	0.02116	0.02666	0.02070	0.02703	0.14286	0.14918	0.03626	0.06734	0.35175	0.02545	0.02460	0.01724	0.00929	0.00852	0.00256	0.01010	0.00817	0.00764	0.01254
20	0.03013	0.01817	0.02094	0.01664	0.02253	0.01900	0.01354	0.28242	0.13978	0.25337	0.07214	0.02774	0.02291	0.01081	0.00846	0.00259	0.00761	0.00866	0.00906	0.01351
21	0.02056	0.01974	0.03372	0.05099	0.65622	0.01974	0.02550	0.02550	0.01892	0.02714	0.01563	0.02056	0.01316	0.00740	0.00822	0.00247	0.00987	0.00740	0.00411	0.01316
22	0.01569	0.01477	0.02492	0.68808	0.05722	0.01846	0.02307	0.02123	0.01661	0.02123	0.01477	0.02215	0.01107	0.00831	0.00831	0.00277	0.01107	0.00738	0.00369	0.00923
23	0.01912	0.02145	0.04600	0.11694	0.04515	0.02069	0.55041	0.02594	0.01923	0.02594	0.01655	0.02238	0.01241	0.00717	0.00962	0.00280	0.01364	0.00950	0.00414	0.01096
24	0.02056	0.01974	0.03372	0.05099	0.65622	0.01974	0.02550	0.02550	0.01892	0.02714	0.01563	0.02056	0.01316	0.00740	0.00822	0.00247	0.00987	0.00740	0.00411	0.01316
25	0.01029	0.00846	0.00883	0.00897	0.01145	0.00729	0.00670	0.01232	0.01830	0.02202	0.07579	0.07852	0.55049	0.08615	0.01301	0.00337	0.00482	0.05889	0.00746	0.00687
26	0.02841	0.03553	0.02180	0.02017	0.02397	0.59090	0.01501	0.03046	0.02258	0.02044	0.01697	0.10125	0.01625	0.01075	0.00788	0.00229	0.01371	0.00764	0.00471	0.00927

[dist]
# distance from previous block
# <min> <max>
0	1

[block]
# block no. 1 follows, 22 sequences, length 42
# corresponding to MSA columns:
# 28-69
name=unknown_B
#
# <colnr> <probs for GDERKNQSTAVLIFYWHMCP>
#	G	D	E	R	K	N	Q	S	T	A	V	L	I	F	Y	W	H	M	C	P
0	0.03038	0.03463	0.02347	0.02060	0.02540	0.49297	0.01578	0.15623	0.07251	0.02798	0.01585	0.01719	0.01249	0.00905	0.00773	0.00226	0.01316	0.00609	0.00542	0.01081
1	0.03143	0.01815	0.02035	0.01584	0.02221	0.06430	0.01287	0.15308	0.06150	0.35349	0.02587	0.02399	0.01748	0.00947	0.00793	0.00232	0.00789	0.00746	0.00846	0.13592
2	0.01976	0.05788	0.18370	0.02927	0.03738	0.07002	0.36144	0.02632	0.01865	0.02513	0.01529	0.01996	0.01175	0.00805	0.01069	0.00275	0.07872	0.00817	0.00397	0.01110
3	0.01549	0.00774	0.00774	0.00774	0.00968	0.00774	0.00581	0.01936	0.01742	0.03097	0.02710	0.03097	0.02129	0.00968	0.00581	0.00194	0.00387	0.00774	0.75416	0.00774
4	0.02056	0.01974	0.03372	0.05099	0.65622	0.01974	0.02550	0.02550	0.01892	0.02714	0.01563	0.02056	0.01316	0.00740	0.00822	0.00247	0.00987	0.00740	0.00411	0.01316
5	0.76672	0.01607	0.01221	0.01092	0.01607	0.01864	0.00900	0.02442	0.01414	0.03727	0.01157	0.01350	0.00900	0.00771	0.00514	0.00257	0.00643	0.00450	0.00514	0.00900
6	0.00982	0.00842	0.00842	0.00842	0.01122	0.00701	0.00631	0.01192	0.01894	0.02244	0.08416	0.07995	0.65285	0.02104	0.00982	0.00281	0.00421	0.01753	0.00771	0.00701
7	0.01059	0.00756	0.01017	0.01210	0.01278	0.00715	0.00852	0.01237	0.01636	0.02173	0.04553	0.61593	0.05393	0.02559	0.01073	0.00344	0.00522	0.10572	0.00770	0.00688
8	0.01063	0.00836	0.00975	0.01062	0.01266	0.00747	0.00812	0.01292	0.01822	0.02263	0.06628	0.23856	0.37851	0.02268	0.01036	0.00316	0.00507	0.13922	0.00770	0.00708
9	0.03158	0.02327	0.02493	0.01911	0.02576	0.02576	0.01579	0.62852	0.03906	0.05236	0.01995	0.01995	0.01413	0.00997	0.00831	0.00249	0.00914	0.00748	0.00831	0.01413
10	0.02540	0.01664	0.01908	0.01562	0.02144	0.01691	0.01246	0.08129	0.31028	0.20760	0.02895	0.02686	0.02078	0.00995	0.00798	0.00243	0.00682	0.00813	0.00829	0.15310
11	0.01098	0.00789	0.01041	0.01098	0.01224	0.00732	0.00778	0.01372	0.01990	0.02756	0.36375	0.36655	0.06724	0.02128	0.01018	0.00297	0.00435	0.01911	0.00846	0.00732
12	0.03143	0.02770	0.02455	0.01974	0.02574	0.20202	0.01586	0.46682	0.03484	0.04366	0.01802	0.01860	0.01320	0.00959	0.00809	0.00240	0.01073	0.00690	0.00722	0.01291
13	0.01954	0.01954	0.01940	0.11045	0.02599	0.14892	0.01304	0.02314	0.01822	0.02440	0.01480	0.01836	0.01229	0.01021	0.04552	0.00234	0.00961	0.00559	0.00459	0.45406
14	0.01728	0.01639	0.02780	0.47966	0.25317	0.01888	0.02386	0.02262	0.01737	0.02316	0.01505	0.02163	0.01176	0.00801	0.00828	0.00267	0.01068	0.00739	0.00383	0.01051
15	0.01755	0.01667	0.02828	0.44453	0.28620	0.01895	0.02400	0.02286	0.01749	0.02349	0.01509	0.02154	0.01187	0.00796	0.00827	0.00265	0.01061	0.00739	0.00385	0.01073
16	0.01493	0.01151	0.01434	0.01521	0.01769	0.01222	0.01251	0.02384	0.19023	0.02707	0.04144	0.16310	0.04263	0.02017	0.01052	0.00348	0.00695	0.35523	0.00788	0.00904
17	0.08400	0.03020	0.02227	0.01932	0.02432	0.35660	0.01499	0.18326	0.12788	0.03196	0.01796	0.01874	0.01383	0.00929	0.00768	0.00237	0.01151	0.00648	0.00604	0.01129
18	0.02440	0.01470	0.01712	0.01423	0.01906	0.01479	0.01137	0.14366	0.14151	0.22155	0.13477	0.04136	0.13862	0.01330	0.00884	0.00265	0.00639	0.01100	0.00895	0.01175
19	0.53644	0.01676	0.01524	0.01275	0.01833	0.01854	0.01052	0.11319	0.01935	0.14700	0.01641	0.01696	0.01172	0.00848	0.00615	0.00256	0.00692	0.00559	0.00648	0.01061
20	0.01009	0.00843	0.00880	0.00871	0.01139	0.00713	0.00653	0.01246	0.01959	0.02399	0.16498	0.07740	0.57106	0.02046	0.00982	0.00278	0.00417	0.01718	0.00792	0.00713
21	0.02056	0.01974	0.03372	0.05099	0.65622	0.01974	0.02550	0.02550	0.01892	0.02714	0.01563	0.02056	0.01316	0.00740	0.00822	0.00247	0.00987	0.00740	0.00411	0.01316
22	0.01666	0.04297	0.66500	0.02368	0.03596	0.01929	0.03069	0.02631	0.01754	0.02631	0.01491	0.01754	0.01052	0.00789	0.00789	0.00263	0.01228	0.00614	0.00351	0.01228
23	0.01168	0.00788	0.00918	0.00958	0.00968	0.00778	0.00559	0.01198	0.01287	0.01716	0.03022	0.18803	0.03530	0.56742	0.03575	0.00709	0.00739	0.01446	0.00559	0.00539
24	0.01006	0.00746	0.00940	0.01095	0.01189	0.00680	0.00744	0.01164	0.01650	0.02145	0.05327	0.58117	0.17157	0.02505	0.01045	0.00326	0.00470	0.02243	0.00771	0.00680
25	0.02881	0.03526	0.02298	0.02079	0.02488	0.54393	0.01576	0.03397	0.11085	0.02237	0.01571	0.01745	0.01280	0.00929	0.00877	0.00232	0.05309	0.00604	0.00484	0.01010
26	0.01208	0.00805	0.00906	0.00906	0.00906	0.00805	0.00503	0.01208	0.01208	0.01611	0.02618	0.05436	0.03020	0.70804	0.04228	0.00805	0.00805	0.01208	0.00503	0.00503
27	0.01006	0.00747	0.00939	0.01092	0.01188	0.00680	0.00742	0.01164	0.01653	0.02146	0.05370	0.57423	0.17823	0.02500	0.01044	0.00326	0.00469	0.02236	0.00771	0.00680
28	0.02217	0.02714	0.12150	0.04100	0.43790	0.15472	0.02429	0.02719	0.01967	0.02562	0.01495	0.01898	0.01228	0.00771	0.00803	0.00242	0.01127	0.00680	0.00406	0.01231
29	0.01035	0.00784	0.00955	0.01038	0.01187	0.00704	0.00731	0.01249	0.01834	0.02398	0.17721	0.38465	0.24349	0.02271	0.01020	0.00305	0.00445	0.02005	0.00800	0.00704
30	0.02707	0.03299	0.02413	0.02153	0.02449	0.47456	0.01671	0.02911	0.02021	0.02023	0.01224	0.01597	0.01076	0.01040	0.01359	0.00260	0.22393	0.00594	0.00408	0.00946
31	0.01205	0.00816	0.00962	0.00962	0.00981	0.00836	0.00573	0.01244	0.01225	0.01652	0.02567	0.05156	0.02898	0.62459	0.12407	0.00874	0.00989	0.01167	0.00496	0.00534
32	0.01723	0.01477	0.01723	0.01230	0.01969	0.01107	0.00984	0.02092	0.01723	0.02707	0.01477	0.01723	0.01230	0.00615	0.00615	0.00123	0.00615	0.00492	0.00492	0.75883
33	0.02480	0.02621	0.14551	0.01759	0.02436	0.16275	0.01621	0.11906	0.02349	0.13261	0.05128	0.02605	0.06831	0.00996	0.00793	0.00230	0.00967	0.00767	0.00630	0.11794
34	0.02209	0.15045	0.29476	0.02033	0.02867	0.15081	0.02144	0.07459	0.10899	0.02713	0.01700	0.01842	0.01296	0.00853	0.00749	0.00241	0.01119	0.00626	0.00473	0.01175
35	0.02267	0.02037	0.04784	0.01620	0.02076	0.16822	0.03445	0.02820	0.09649	0.14320	0.03163	0.03375	0.10835	0.05831	0.09645	0.00420	0.01093	0.00917	0.00647	0.04235
36	0.05459	0.22384	0.10898	0.01723	0.02271	0.24917	0.01550	0.02552	0.01932	0.02233	0.04641	0.12005	0.02028	0.01102	0.00740	0.00233	0.01051	0.00833	0.00475	0.00972
37	0.05139	0.09244	0.24044	0.06098	0.05890	0.27916	0.02126	0.02930	0.04783	0.02392	0.01456	0.01704	0.01137	0.00824	0.00748	0.00237	0.01241	0.00590	0.00414	0.01088
38	0.09306	0.16899	0.02389	0.04685	0.04673	0.12029	0.01320	0.04906	0.02133	0.15963	0.14881	0.02769	0.02679	0.01026	0.00756	0.00234	0.00835	0.00795	0.00657	0.01065
39	0.16836	0.09917	0.09873	0.01691	0.04554	0.02036	0.01480	0.15521	0.09878	0.08071	0.02436	0.02451	0.06709	0.00980	0.00735	0.00246	0.00798	0.00741	0.00639	0.04408
40	0.01616	0.07710	0.14689	0.02214	0.15146	0.01610	0.01686	0.02347	0.09976	0.02754	0.14936	0.04032	0.15429	0.01248	0.00856	0.00258	0.00759	0.01061	0.00616	0.01056
41	0.01866	0.02509	0.17862	0.03081	0.27325	0.09841	0.02120	0.02400	0.01992	0.02674	0.12474	0.03050	0.07202	0.01028	0.00843	0.00252	0.00968	0.00887	0.00509	0.01116

[dist]
# distance from previous block
# <min> <max>
8	49

[block]
# block no. 2 follows, 22 sequences, length 126
# corresponding to MSA columns:
# 128-253
name=unknown_C
#
# <colnr> <probs for GDERKNQSTAVLIFYWHMCP>
#	G	D	E	R	K	N	Q	S	T	A	V	L	I	F	Y	W	H	M	C	P
0	0.02001	0.02276	0.11110	0.04637	0.53057	0.01979	0.07598	0.02569	0.01881	0.02700	0.01564	0.02035	0.01280	0.00743	0.00832	0.00251	0.01050	0.00745	0.00405	0.01289
1	0.17418	0.01931	0.01749	0.01490	0.01984	0.09339	0.01183	0.18329	0.12997	0.03574	0.05571	0.03151	0.12338	0.01153	0.00781	0.00252	0.00766	0.00882	0.00701	0.04413
2	0.21279	0.02067	0.02112	0.01676	0.02274	0.02312	0.01380	0.44394	0.03142	0.04674	0.01800	0.01906	0.01323	0.01238	0.04528	0.00313	0.00921	0.00682	0.00731	0.01248
3	0.02317	0.02664	0.11225	0.18525	0.03325	0.20823	0.01863	0.08608	0.09681	0.05613	0.01856	0.02251	0.01450	0.05067	0.01006	0.00285	0.01127	0.00720	0.00524	0.01069
4	0.01163	0.00870	0.01094	0.01098	0.01313	0.00800	0.00863	0.01510	0.02150	0.02893	0.38816	0.07298	0.20992	0.01921	0.01015	0.00291	0.00477	0.13826	0.00849	0.00760
5	0.01666	0.04297	0.66500	0.02368	0.03596	0.01929	0.03069	0.02631	0.01754	0.02631	0.01491	0.01754	0.01052	0.00789	0.00789	0.00263	0.01228	0.00614	0.00351	0.01228
6	0.02056	0.01974	0.03372	0.05099	0.65622	0.01974	0.02550	0.02550	0.01892	0.02714	0.01563	0.02056	0.01316	0.00740	0.00822	0.00247	0.00987	0.00740	0.00411	0.01316
7	0.01934	0.02427	0.10474	0.03399	0.04274	0.02085	0.57220	0.02658	0.01942	0.02658	0.01664	0.02197	0.01242	0.00708	0.00963	0.00279	0.01385	0.00947	0.00414	0.01130
8	0.01069	0.00760	0.01013	0.01195	0.01260	0.00722	0.00836	0.01239	0.01614	0.02143	0.04442	0.58060	0.05254	0.06422	0.01252	0.00370	0.00540	0.10376	0.00755	0.00678
9	0.02491	0.02847	0.02566	0.03085	0.24407	0.35343	0.01897	0.02826	0.02131	0.02334	0.01817	0.02795	0.01676	0.01017	0.00830	0.00249	0.01217	0.08942	0.00469	0.01058
10	0.02023	0.27123	0.37835	0.02018	0.02977	0.10013	0.02337	0.02662	0.01801	0.02331	0.01352	0.01580	0.01059	0.00770	0.00697	0.00228	0.01143	0.00547	0.00361	0.01142
11	0.01699	0.08294	0.62793	0.02311	0.03508	0.02010	0.02971	0.02622	0.01750	0.02591	0.01471	0.01729	0.01053	0.00785	0.00774	0.00258	0.01208	0.00604	0.00351	0.01218
12	0.00982	0.00842	0.00842	0.00842	0.01122	0.00701	0.00631	0.01192	0.01894	0.02244	0.08416	0.07995	0.65285	0.02104	0.00982	0.00281	0.00421	0.01753	0.00771	0.00701
13	0.02302	0.10348	0.14520	0.13685	0.10781	0.02263	0.02033	0.24571	0.02536	0.03452	0.01696	0.01967	0.01274	0.00865	0.00777	0.00246	0.00988	0.00687	0.03794	0.01216
14	0.02056	0.01974	0.03372	0.05099	0.65622	0.01974	0.02550	0.02550	0.01892	0.02714	0.01563	0.02056	0.01316	0.00740	0.00822	0.00247	0.00987	0.00740	0.00411	0.01316
15	0.02094	0.02841	0.36282	0.01853	0.02723	0.01506	0.02111	0.02762	0.02010	0.19342	0.11321	0.03054	0.06332	0.01062	0.00840	0.00262	0.00923	0.00868	0.00634	0.01181
16	0.02910	0.03593	0.02542	0.02686	0.14204	0.55383	0.01779	0.03176	0.02269	0.02159	0.01336	0.01601	0.01115	0.00835	0.00763	0.00220	0.01404	0.00573	0.00425	0.01028
17	0.02500	0.01865	0.02138	0.01914	0.05815	0.02015	0.01480	0.40836	0.03157	0.04216	0.02873	0.09876	0.04865	0.01397	0.00912	0.00281	0.00833	0.11038	0.00788	0.01200
18	0.01891	0.15544	0.51813	0.02150	0.03253	0.02116	0.02671	0.02696	0.01782	0.06539	0.01547	0.01750	0.01118	0.00791	0.00748	0.00248	0.01137	0.00599	0.00394	0.01212
19	0.01384	0.01559	0.10715	0.01655	0.01924	0.01475	0.01484	0.01751	0.01381	0.02042	0.01888	0.02753	0.01729	0.04481	0.44775	0.00984	0.15944	0.00818	0.00415	0.00844
20	0.02539	0.03055	0.02389	0.02416	0.11258	0.43308	0.04936	0.02825	0.02206	0.02239	0.04628	0.02660	0.09977	0.01029	0.00812	0.00233	0.01236	0.00787	0.00489	0.00980
21	0.01569	0.01477	0.02492	0.68808	0.05722	0.01846	0.02307	0.02123	0.01661	0.02123	0.01477	0.02215	0.01107	0.00831	0.00831	0.00277	0.01107	0.00738	0.00369	0.00923
22	0.01208	0.00805	0.00906	0.00906	0.00906	0.00805	0.00503	0.01208	0.01208	0.01611	0.02618	0.05436	0.03020	0.70804	0.04228	0.00805	0.00805	0.01208	0.00503	0.00503
23	0.02525	0.01226	0.01602	0.01361	0.01804	0.01124	0.01111	0.06625	0.02374	0.33143	0.19863	0.04884	0.07682	0.01443	0.00925	0.00277	0.00629	0.09353	0.00934	0.01115
24	0.01723	0.01477	0.01723	0.01230	0.01969	0.01107	0.00984	0.02092	0.01723	0.02707	0.01477	0.01723	0.01230	0.00615	0.00615	0.00123	0.00615	0.00492	0.00492	0.75883
25	0.01012	0.00723	0.00964	0.01157	0.01205	0.00675	0.00771	0.01157	0.01591	0.02121	0.04579	0.70262	0.05495	0.02603	0.01060	0.00337	0.00482	0.02362	0.00771	0.00675
26	0.01569	0.01477	0.02492	0.68808	0.05722	0.01846	0.02307	0.02123	0.01661	0.02123	0.01477	0.02215	0.01107	0.00831	0.00831	0.00277	0.01107	0.00738	0.00369	0.00923
27	0.02982	0.03765	0.02290	0.02089	0.02500	0.63264	0.01569	0.03201	0.02290	0.02027	0.01344	0.01610	0.01134	0.01196	0.04975	0.00285	0.01544	0.00558	0.00429	0.00949
28	0.00982	0.00842	0.00842	0.00842	0.01122	0.00701	0.00631	0.01192	0.01894	0.02244	0.08416	0.07995	0.65285	0.02104	0.00982	0.00281	0.00421	0.01753	0.00771	0.00701
29	0.01042	0.00844	0.00925	0.00905	0.01159	0.00727	0.00679	0.01309	0.02036	0.02583	0.26088	0.07438	0.47401	0.01978	0.00981	0.00275	0.00412	0.01675	0.00816	0.00727
30	0.02056	0.01974	0.03372	0.05099	0.65622	0.01974	0.02550	0.02550	0.01892	0.02714	0.01563	0.02056	0.01316	0.00740	0.00822	0.00247	0.00987	0.00740	0.00411	0.01316
31	0.03103	0.03959	0.02354	0.02140	0.02568	0.67469	0.01605	0.03317	0.02354	0.02033	0.01284	0.01498	0.01070	0.00856	0.00749	0.00214	0.01498	0.00535	0.00428	0.00963
32	0.01204	0.00822	0.00992	0.00992	0.01021	0.00852	0.00610	0.01263	0.01233	0.01674	0.02539	0.05002	0.02832	0.57905	0.16870	0.00911	0.01089	0.01145	0.00492	0.00551
33	0.02496	0.01689	0.01891	0.01636	0.02150	0.01848	0.01291	0.04320	0.48162	0.19688	0.03354	0.03029	0.02412	0.01102	0.00843	0.00275	0.00670	0.00912	0.00893	0.01340
34	0.01196	0.00800	0.00910	0.00922	0.00925	0.00797	0.00520	0.01205	0.01232	0.01643	0.02742	0.09540	0.03177	0.66487	0.04028	0.00776	0.00785	0.01281	0.00520	0.00514
35	0.00982	0.00842	0.00842	0.00842	0.01122	0.00701	0.00631	0.01192	0.01894	0.02244	0.08416	0.07995	0.65285	0.02104	0.00982	0.00281	0.00421	0.01753	0.00771	0.00701
36	0.02056	0.01974	0.03372	0.05099	0.65622	0.01974	0.02550	0.02550	0.01892	0.02714	0.01563	0.02056	0.01316	0.00740	0.00822	0.00247	0.00987	0.00740	0.00411	0.01316
37	0.01208	0.00805	0.00906	0.00906	0.00906	0.00805	0.00503	0.01208	0.01208	0.01611	0.02618	0.05436	0.03020	0.70804	0.04228	0.00805	0.00805	0.01208	0.00503	0.00503
38	0.13411	0.03630	0.02195	0.01993	0.02433	0.58277	0.01506	0.03195	0.02222	0.02271	0.01266	0.01477	0.01046	0.00844	0.00716	0.00220	0.01378	0.00523	0.00440	0.00954
39	0.02809	0.17475	0.02700	0.01946	0.02415	0.50451	0.01534	0.03039	0.02158	0.02011	0.01314	0.01570	0.01129	0.01147	0.04688	0.00274	0.01417	0.00538	0.00414	0.00971
40	0.02072	0.08234	0.09334	0.01484	0.02010	0.10635	0.01331	0.02546	0.05476	0.13485	0.10163	0.04260	0.16963	0.01326	0.00849	0.00254	0.00794	0.04357	0.00689	0.03737
41	0.02731	0.02977	0.11206	0.02081	0.05328	0.29585	0.01719	0.05991	0.09669	0.13401	0.02002	0.02100	0.01495	0.01214	0.04569	0.00303	0.01217	0.00684	0.00588	0.01142
42	0.01939	0.44820	0.19344	0.01644	0.02404	0.02635	0.01776	0.02382	0.01655	0.02119	0.01388	0.01708	0.01204	0.01504	0.09981	0.00361	0.01160	0.00549	0.00367	0.01061
43	0.01771	0.01650	0.02746	0.13198	0.43914	0.01688	0.02142	0.02203	0.01809	0.02514	0.02329	0.13665	0.04560	0.01118	0.00870	0.00267	0.00897	0.01051	0.00480	0.01129
44	0.02998	0.07383	0.02449	0.02052	0.02521	0.53862	0.01575	0.08999	0.06150	0.02419	0.01470	0.01632	0.01190	0.00878	0.00751	0.00219	0.01359	0.00574	0.00487	0.01033
45	0.01723	0.01477	0.01723	0.01230	0.01969	0.01107	0.00984	0.02092	0.01723	0.02707	0.01477	0.01723	0.01230	0.00615	0.00615	0.00123	0.00615	0.00492	0.00492	0.75883
46	0.03158	0.02327	0.02493	0.01911	0.02576	0.02576	0.01579	0.62852	0.03906	0.05236	0.01995	0.01995	0.01413	0.00997	0.00831	0.00249	0.00914	0.00748	0.00831	0.01413
47	0.01977	0.44892	0.25087	0.01735	0.02589	0.02707	0.01955	0.02480	0.01691	0.02181	0.01327	0.01581	0.01117	0.01041	0.04308	0.00270	0.01076	0.00526	0.00359	0.01103
48	0.01010	0.00851	0.00881	0.00897	0.01170	0.00722	0.00688	0.01234	0.01895	0.02264	0.08095	0.08105	0.60454	0.02119	0.00995	0.00289	0.00448	0.06406	0.00771	0.00706
49	0.01136	0.00848	0.01055	0.01003	0.01217	0.00767	0.00752	0.01490	0.02257	0.03107	0.53452	0.06575	0.19711	0.01782	0.00980	0.00265	0.00398	0.01554	0.00885	0.00767
50	0.02406	0.02714	0.03041	0.02564	0.05959	0.25575	0.20149	0.03398	0.20059	0.02673	0.02024	0.02213	0.01563	0.00881	0.00851	0.00255	0.01201	0.00797	0.00545	0.01129
51	0.02132	0.06729	0.09954	0.03481	0.19285	0.11282	0.29692	0.02712	0.01963	0.02541	0.01546	0.01990	0.01216	0.00741	0.00864	0.00255	0.01263	0.00791	0.00409	0.01154
52	0.01206	0.01036	0.01056	0.01017	0.01337	0.00983	0.00772	0.01858	0.14754	0.02499	0.07375	0.06983	0.52317	0.01902	0.00954	0.00281	0.00470	0.01585	0.00787	0.00828
53	0.01208	0.00805	0.00906	0.00906	0.00906	0.00805	0.00503	0.01208	0.01208	0.01611	0.02618	0.05436	0.03020	0.70804	0.04228	0.00805	0.00805	0.01208	0.00503	0.00503
54	0.01659	0.01191	0.01424	0.01320	0.01583	0.01237	0.01017	0.13404	0.07072	0.03020	0.17270	0.09093	0.09018	0.06128	0.03742	0.10939	0.00701	0.08592	0.00735	0.00852
55	0.01159	0.00780	0.00997	0.01140	0.01223	0.00753	0.00808	0.01352	0.01610	0.02227	0.04052	0.42843	0.04628	0.11912	0.01462	0.00394	0.00564	0.11849	0.09568	0.00678
56	0.03185	0.01281	0.01741	0.01406	0.01937	0.01117	0.01130	0.03486	0.02266	0.53240	0.07378	0.12490	0.02904	0.01291	0.00876	0.00269	0.00655	0.01091	0.00985	0.01270
57	0.02067	0.02053	0.03067	0.13808	0.03411	0.06144	0.17527	0.09560	0.07572	0.02703	0.01633	0.02112	0.01304	0.01035	0.01443	0.00298	0.21913	0.00805	0.00481	0.01064
58	0.02780	0.07463	0.02737	0.02862	0.18840	0.46712	0.01838	0.03069	0.02195	0.02204	0.01348	0.01632	0.01133	0.00817	0.00755	0.00220	0.01330	0.00583	0.00419	0.01060
59	0.02034	0.01952	0.03333	0.07937	0.62954	0.01968	0.02539	0.02531	0.01881	0.02688	0.01559	0.02063	0.01307	0.00744	0.00823	0.00248	0.00992	0.00740	0.00409	0.01298
60	0.02112	0.02139	0.03128	0.13675	0.49766	0.09709	0.02404	0.02581	0.01914	0.02551	0.01518	0.02012	0.01258	0.00767	0.00815	0.00247	0.01064	0.00716	0.00407	0.01219
61	0.01666	0.04297	0.66500	0.02368	0.03596	0.01929	0.03069	0.02631	0.01754	0.02631	0.01491	0.01754	0.01052	0.00789	0.00789	0.00263	0.01228	0.00614	0.00351	0.01228
62	0.02056	0.01974	0.03372	0.05099	0.65622	0.01974	0.02550	0.02550	0.01892	0.02714	0.01563	0.02056	0.01316	0.00740	0.00822	0.00247	0.00987	0.00740	0.00411	0.01316
63	0.01367	0.01173	0.01491	0.01451	0.01609	0.05881	0.01132	0.01650	0.01403	0.01941	0.02080	0.03038	0.01937	0.05519	0.58294	0.01188	0.06785	0.00854	0.00438	0.00769
64	0.01125	0.00937	0.01099	0.05392	0.04921	0.00865	0.00816	0.01329	0.01737	0.02131	0.06401	0.06773	0.44832	0.16146	0.01634	0.00387	0.00575	0.01521	0.00671	0.00708
65	0.01053	0.00740	0.00952	0.01105	0.01143	0.00702	0.00716	0.01167	0.01511	0.02015	0.04173	0.56865	0.04983	0.16698	0.01715	0.00434	0.00549	0.02123	0.00716	0.00639
66	0.01637	0.01546	0.02615	0.59882	0.14114	0.01864	0.02341	0.02182	0.01693	0.02205	0.01489	0.02193	0.01137	0.00818	0.00829	0.00273	0.01091	0.00739	0.00375	0.00978
67	0.02712	0.03307	0.02412	0.02153	0.02450	0.47691	0.01670	0.02916	0.02025	0.02023	0.01225	0.01595	0.01076	0.01038	0.01351	0.00260	0.22148	0.00594	0.00408	0.00947
68	0.01018	0.00807	0.00917	0.00966	0.01164	0.00705	0.00695	0.01234	0.01865	0.02359	0.15201	0.26713	0.39022	0.02199	0.01005	0.00295	0.00435	0.01903	0.00791	0.00705
69	0.01549	0.00774	0.00774	0.00774	0.00968	0.00774	0.00581	0.01936	0.01742	0.03097	0.02710	0.03097	0.02129	0.00968	0.00581	0.00194	0.00387	0.00774	0.75416	0.00774
70	0.02056	0.01974	0.03372	0.05099	0.65622	0.01974	0.02550	0.02550	0.01892	0.02714	0.01563	0.02056	0.01316	0.00740	0.00822	0.00247	0.00987	0.00740	0.00411	0.01316
71	0.01009	0.00843	0.00879	0.00870	0.01139	0.00713	0.00653	0.01245	0.01958	0.02397	0.16369	0.07744	0.57236	0.02047	0.00982	0.00278	0.00417	0.01718	0.00791	0.00713
72	0.00986	0.00825	0.00859	0.00886	0.01134	0.00698	0.00651	0.01187	0.01851	0.02227	0.07878	0.16719	0.56908	0.02174	0.00993	0.00288	0.00429	0.01839	0.00771	0.00698
73	0.01723	0.01477	0.01723	0.01230	0.01969	0.01107	0.00984	0.02092	0.01723	0.02707	0.01477	0.01723	0.01230	0.00615	0.00615	0.00123	0.00615	0.00492	0.00492	0.75883
74	0.01093	0.00770	0.00999	0.01109	0.01158	0.00763	0.00731	0.01217	0.01444	0.01946	0.03682	0.42145	0.04301	0.22817	0.11286	0.00612	0.00820	0.01822	0.00648	0.00635
75	0.02221	0.71304	0.04353	0.01421	0.02132	0.03287	0.01421	0.02488	0.01688	0.01955	0.01155	0.01333	0.01066	0.00711	0.00533	0.00178	0.00888	0.00444	0.00355	0.01066
76	0.01709	0.01070	0.01188	0.01103	0.01368	0.01154	0.00856	0.09147	0.07553	0.03142	0.02589	0.03003	0.02072	0.02056	0.14248	0.00440	0.00847	0.00810	0.44754	0.00891
77	0.00982	0.00842	0.00842	0.00842	0.01122	0.00701	0.00631	0.01192	0.01894	0.02244	0.08416	0.07995	0.65285	0.02104	0.00982	0.00281	0.00421	0.01753	0.00771	0.00701
78	0.01549	0.00774	0.00774	0.00774	0.00968	0.00774	0.00581	0.01936	0.01742	0.03097	0.02710	0.03097	0.02129	0.00968	0.00581	0.00194	0.00387	0.00774	0.75416	0.00774
79	0.02056	0.01974	0.03372	0.05099	0.65622	0.01974	0.02550	0.02550	0.01892	0.02714	0.01563	0.02056	0.01316	0.00740	0.00822	0.00247	0.00987	0.00740	0.00411	0.01316
80	0.01723	0.01477	0.01723	0.01230	0.01969	0.01107	0.00984	0.02092	0.01723	0.02707	0.01477	0.01723	0.01230	0.00615	0.00615	0.00123	0.00615	0.00492	0.00492	0.75883
81	0.01818	0.01818	0.02545	0.02181	0.02181	0.02545	0.01818	0.01999	0.01272	0.01999	0.01091	0.01818	0.01091	0.01454	0.02726	0.00364	0.69284	0.00727	0.00364	0.00909
82	0.01037	0.00800	0.00951	0.01029	0.01199	0.00713	0.00741	0.01254	0.01836	0.02357	0.14635	0.33063	0.30295	0.02258	0.01021	0.00305	0.00457	0.04554	0.00791	0.00705
83	0.13458	0.02226	0.02315	0.01797	0.02440	0.02476	0.01484	0.54388	0.03557	0.05024	0.01877	0.01904	0.01341	0.00966	0.00787	0.00250	0.00876	0.00706	0.00787	0.01341
84	0.01723	0.01477	0.01723	0.01230	0.01969	0.01107	0.00984	0.02092	0.01723	0.02707	0.01477	0.01723	0.01230	0.00615	0.00615	0.00123	0.00615	0.00492	0.00492	0.75883
85	0.01208	0.00805	0.00906	0.00906	0.00906	0.00805	0.00503	0.01208	0.01208	0.01611	0.02618	0.05436	0.03020	0.70804	0.04228	0.00805	0.00805	0.01208	0.00503	0.00503
86	0.01043	0.00895	0.00900	0.00890	0.01181	0.00779	0.00670	0.01375	0.05417	0.02314	0.08131	0.07718	0.61732	0.02049	0.00974	0.00281	0.00434	0.01707	0.00776	0.00736
87	0.02056	0.01974	0.03372	0.05099	0.65622	0.01974	0.02550	0.02550	0.01892	0.02714	0.01563	0.02056	0.01316	0.00740	0.00822	0.00247	0.00987	0.00740	0.00411	0.01316
88	0.02565	0.01718	0.01926	0.01647	0.02173	0.01873	0.01305	0.07627	0.44459	0.20085	0.03275	0.02965	0.02346	0.01094	0.00842	0.00273	0.00685	0.00901	0.00893	0.01346
89	0.01059	0.00819	0.00965	0.00983	0.01183	0.00726	0.00717	0.01321	0.01995	0.02612	0.28204	0.20667	0.31637	0.02063	0.00998	0.00286	0.00423	0.01792	0.00823	0.00726
90	0.01021	0.00730	0.00972	0.01151	0.01207	0.00681	0.00772	0.01179	0.01632	0.02187	0.07916	0.66735	0.05624	0.02553	0.01056	0.00333	0.00477	0.02314	0.00779	0.00681
91	0.01723	0.01477	0.01723	0.01230	0.01969	0.01107	0.00984	0.02092	0.01723	0.02707	0.01477	0.01723	0.01230	0.00615	0.00615	0.00123	0.00615	0.00492	0.00492	0.75883
92	0.01043	0.00759	0.00983	0.01106	0.01205	0.00699	0.00761	0.01244	0.01773	0.02378	0.17258	0.51594	0.11382	0.02374	0.01037	0.00317	0.00458	0.02132	0.00800	0.00699
93	0.01106	0.00816	0.01053	0.01190	0.01329	0.00763	0.00897	0.01346	0.01792	0.02339	0.10245	0.37828	0.16145	0.02358	0.01063	0.00333	0.00538	0.17366	0.00781	0.00712
94	0.01926	0.01841	0.03138	0.22066	0.49670	0.01940	0.02485	0.02436	0.01830	0.02557	0.01540	0.02098	0.01260	0.00764	0.00825	0.00255	0.01019	0.00740	0.00400	0.01211
95	0.05024	0.02542	0.23577	0.03480	0.33540	0.01772	0.02399	0.02376	0.01784	0.02648	0.01944	0.11483	0.01797	0.01019	0.00832	0.00265	0.00980	0.00913	0.00446	0.01179
96	0.02657	0.03217	0.02420	0.02154	0.02434	0.44955	0.01679	0.02860	0.01979	0.02021	0.01217	0.01609	0.01077	0.01063	0.01435	0.00266	0.25004	0.00602	0.00406	0.00944
97	0.01208	0.00805	0.00906	0.00906	0.00906	0.00805	0.00503	0.01208	0.01208	0.01611	0.02618	0.05436	0.03020	0.70804	0.04228	0.00805	0.00805	0.01208	0.00503	0.00503
98	0.02285	0.01805	0.01967	0.01541	0.02155	0.01819	0.01242	0.27316	0.12596	0.03817	0.02759	0.02746	0.08583	0.01018	0.00781	0.00218	0.00723	0.00808	0.00719	0.25101
99	0.02414	0.16629	0.08336	0.06596	0.18839	0.26530	0.04315	0.02809	0.02001	0.02269	0.01372	0.01697	0.01140	0.00785	0.00742	0.00225	0.01199	0.00604	0.00399	0.01099
100	0.62209	0.01748	0.01471	0.01254	0.01797	0.02004	0.01033	0.14327	0.01904	0.04024	0.01322	0.01476	0.01001	0.00816	0.00576	0.00256	0.00696	0.00508	0.00576	0.01001
101	0.01776	0.01494	0.02087	0.02663	0.23854	0.01536	0.01567	0.02656	0.18381	0.05232	0.03607	0.15136	0.10160	0.01426	0.00908	0.00284	0.00722	0.04730	0.00676	0.01105
102	0.01549	0.00774	0.00774	0.00774	0.00968	0.00774	0.00581	0.01936	0.01742	0.03097	0.02710	0.03097	0.02129	0.00968	0.00581	0.00194	0.00387	0.00774	0.75416	0.00774
103	0.01584	0.00954	0.01278	0.01209	0.01470	0.00884	0.00963	0.01964	0.02265	0.12392	0.43528	0.06363	0.06357	0.01723	0.00993	0.00286	0.00515	0.13500	0.00900	0.00872
104	0.01795	0.05649	0.16346	0.03081	0.12517	0.01904	0.30538	0.02420	0.01845	0.02554	0.02007	0.11605	0.01811	0.00991	0.00910	0.00275	0.01154	0.01041	0.00451	0.01105
105	0.01795	0.14750	0.50036	0.02500	0.09794	0.02151	0.02752	0.02600	0.01758	0.02532	0.01445	0.01718	0.01082	0.00772	0.00752	0.00248	0.01149	0.00600	0.00358	0.01211
106	0.02560	0.12398	0.02456	0.01828	0.02274	0.30074	0.01467	0.12811	0.05113	0.02788	0.09036	0.02564	0.02153	0.01072	0.00900	0.00240	0.05159	0.03500	0.00572	0.01034
107	0.01208	0.00805	0.00906	0.00906	0.00906	0.00805	0.00503	0.01208	0.01208	0.01611	0.02618	0.05436	0.03020	0.70804	0.04228	0.00805	0.00805	0.01208	0.00503	0.00503
108	0.02200	0.01970	0.01946	0.01735	0.02212	0.06760	0.01350	0.07554	0.56399	0.03469	0.03155	0.02924	0.02369	0.01101	0.00838	0.00275	0.00732	0.00900	0.00815	0.01295
109	0.01422	0.01053	0.01249	0.01126	0.01393	0.01022	0.00857	0.10075	0.02442	0.03338	0.43930	0.05887	0.16527	0.04671	0.01100	0.00287	0.00488	0.01427	0.00861	0.00846
110	0.31496	0.02200	0.01874	0.01590	0.02128	0.11953	0.01274	0.20502	0.12977	0.03869	0.01799	0.01858	0.01354	0.00910	0.00698	0.00253	0.00853	0.00633	0.00650	0.01129
111	0.01818	0.01861	0.02093	0.01881	0.02005	0.13096	0.01511	0.02045	0.01479	0.01981	0.01517	0.02265	0.01429	0.03008	0.24855	0.00675	0.34468	0.00751	0.00403	0.00860
112	0.01009	0.00737	0.00949	0.01119	0.01195	0.00678	0.00755	0.01161	0.01626	0.02135	0.05033	0.62892	0.12572	0.02544	0.01051	0.00331	0.00475	0.02290	0.00771	0.00678
113	0.01500	0.01083	0.01320	0.01346	0.01536	0.01104	0.00995	0.13849	0.02087	0.02781	0.03943	0.45994	0.04464	0.05199	0.01162	0.00345	0.00619	0.09072	0.00771	0.00829
114	0.02056	0.01974	0.03372	0.05099	0.65622	0.01974	0.02550	0.02550	0.01892	0.02714	0.01563	0.02056	0.01316	0.00740	0.00822	0.00247	0.00987	0.00740	0.00411	0.01316
115	0.01019	0.00765	0.00948	0.01089	0.01206	0.00694	0.00759	0.01191	0.01686	0.02170	0.05593	0.50968	0.21386	0.02456	0.01043	0.00324	0.00478	0.04768	0.00771	0.00686
116	0.01179	0.00842	0.01156	0.01348	0.01469	0.00819	0.01061	0.01445	0.01755	0.02308	0.04487	0.39128	0.05130	0.02445	0.01105	0.00360	0.00627	0.31848	0.00768	0.00721
117	0.03106	0.03887	0.02360	0.02130	0.02569	0.64586	0.01604	0.05963	0.02423	0.02175	0.01316	0.01520	0.01085	0.00862	0.00753	0.00216	0.01472	0.00545	0.00446	0.00983
118	0.01143	0.00841	0.01070	0.01028	0.01225	0.00768	0.00765	0.01499	0.02252	0.03130	0.54849	0.10238	0.14499	0.01800	0.00985	0.00268	0.00401	0.01583	0.00889	0.00768
119	0.02684	0.01997	0.02198	0.01674	0.02348	0.02044	0.01368	0.38330	0.06995	0.07075	0.01984	0.02020	0.01458	0.00892	0.00767	0.00214	0.00799	0.00687	0.00739	0.23725
120	0.15560	0.16375	0.13240	0.01499	0.02214	0.01876	0.01466	0.02798	0.04282	0.16045	0.05414	0.02119	0.01705	0.00860	0.00686	0.00224	0.00789	0.00642	0.00593	0.11613
121	0.01666	0.04297	0.66500	0.02368	0.03596	0.01929	0.03069	0.02631	0.01754	0.02631	0.01491	0.01754	0.01052	0.00789	0.00789	0.00263	0.01228	0.00614	0.00351	0.01228
122	0.01975	0.02459	0.16556	0.04529	0.52668	0.01965	0.02658	0.02567	0.01863	0.02697	0.01548	0.01993	0.01261	0.00750	0.00816	0.00250	0.01037	0.00714	0.00399	0.01297
123	0.17266	0.02158	0.15692	0.01540	0.02168	0.04675	0.01477	0.02827	0.13060	0.10356	0.06730	0.03165	0.10816	0.01110	0.00779	0.00260	0.00774	0.00869	0.00653	0.03625
124	0.02068	0.14941	0.31101	0.02321	0.10299	0.02165	0.02249	0.10881	0.04179	0.05377	0.02036	0.02190	0.04862	0.00894	0.00769	0.00246	0.01012	0.00702	0.00491	0.01216
125	0.12460	0.03162	0.36752	0.02620	0.13799	0.01929	0.04742	0.06086	0.01897	0.06739	0.01599	0.01845	0.01164	0.00801	0.00769	0.00259	0.01062	0.00647	0.00454	0.01214

[dist]
# distance from previous block
# <min> <max>
27	120

[block]
# block no. 3 follows, 22 sequences, length 7
# corresponding to MSA columns:
# 384-390
name=unknown_D
#
# <colnr> <probs for GDERKNQSTAVLIFYWHMCP>
#	G	D	E	R	K	N	Q	S	T	A	V	L	I	F	Y	W	H	M	C	P
0	0.02020	0.02808	0.29831	0.02986	0.21168	0.01799	0.04963	0.02680	0.01906	0.10686	0.06575	0.02339	0.01782	0.00899	0.00909	0.00262	0.03897	0.00766	0.00500	0.01225
1	0.02415	0.02345	0.11488	0.02946	0.24853	0.10731	0.01966	0.02965	0.04678	0.15893	0.06602	0.02430	0.01924	0.00904	0.00814	0.00244	0.00959	0.00767	0.00592	0.04482
2	0.12502	0.05535	0.06357	0.02677	0.23046	0.05056	0.01723	0.10249	0.02172	0.07944	0.08519	0.02727	0.06058	0.00991	0.00788	0.00249	0.00847	0.00817	0.00594	0.01149
3	0.05754	0.06322	0.28719	0.02504	0.12244	0.06109	0.06105	0.07084	0.02052	0.02925	0.10297	0.02405	0.02063	0.00917	0.00807	0.00253	0.01034	0.00767	0.00492	0.01145
4	0.12393	0.15787	0.27571	0.02261	0.07641	0.12401	0.05875	0.02681	0.01812	0.02574	0.01368	0.01634	0.01069	0.00774	0.00713	0.00239	0.01120	0.00580	0.00395	0.01112
5	0.01825	0.02437	0.20903	0.02788	0.20887	0.01823	0.02108	0.02964	0.19470	0.02990	0.10837	0.02836	0.02484	0.00996	0.00841	0.00263	0.00882	0.00865	0.00586	0.01217
6	0.02297	0.02043	0.02132	0.02348	0.15963	0.14919	0.01510	0.05241	0.15270	0.10385	0.07715	0.03377	0.10923	0.01147	0.00848	0.00255	0.00863	0.00948	0.00682	0.01136

[dist]
# distance from previous block
# <min> <max>
0	2

[block]
# block no. 4 follows, 22 sequences, length 57
# corresponding to MSA columns:
# 393-449
name=unknown_E
#
# <colnr> <probs for GDERKNQSTAVLIFYWHMCP>
#	G	D	E	R	K	N	Q	S	T	A	V	L	I	F	Y	W	H	M	C	P
0	0.01763	0.06721	0.27879	0.02659	0.18481	0.01783	0.02215	0.05682	0.02046	0.02923	0.16675	0.02878	0.02754	0.01000	0.00830	0.00253	0.00931	0.00855	0.00527	0.01145
1	0.01987	0.17843	0.16167	0.02004	0.07480	0.17164	0.01734	0.02381	0.01867	0.02228	0.02383	0.15331	0.05721	0.01214	0.00790	0.00247	0.01004	0.00976	0.00481	0.00999
2	0.02328	0.02655	0.05710	0.03816	0.37473	0.22372	0.04921	0.02758	0.02034	0.02485	0.01614	0.02229	0.01392	0.00851	0.00821	0.00245	0.01165	0.03534	0.00431	0.01167
3	0.02539	0.21034	0.03151	0.02132	0.05502	0.22459	0.07383	0.12003	0.02234	0.02638	0.01450	0.01722	0.01196	0.00878	0.00903	0.00230	0.07346	0.00623	0.03498	0.01079
4	0.06832	0.13433	0.05637	0.01840	0.06019	0.02182	0.01508	0.24653	0.05655	0.14699	0.04764	0.02211	0.01741	0.00937	0.00760	0.00236	0.00830	0.00720	0.00711	0.04632
5	0.17181	0.02055	0.05222	0.01588	0.02254	0.04532	0.01354	0.25394	0.02601	0.12471	0.01848	0.01895	0.01332	0.00864	0.00721	0.00226	0.00812	0.00635	0.00687	0.16330
6	0.25742	0.02796	0.25422	0.05146	0.02705	0.08816	0.01903	0.02722	0.04326	0.06648	0.01716	0.02187	0.01348	0.00909	0.00726	0.00264	0.00984	0.04075	0.00496	0.01067
7	0.02289	0.02416	0.03145	0.04440	0.51585	0.16554	0.02339	0.02720	0.01995	0.02562	0.01501	0.01932	0.01261	0.00766	0.00806	0.00239	0.01101	0.00695	0.00415	0.01237
8	0.02056	0.01974	0.03372	0.05099	0.65622	0.01974	0.02550	0.02550	0.01892	0.02714	0.01563	0.02056	0.01316	0.00740	0.00822	0.00247	0.00987	0.00740	0.00411	0.01316
9	0.01731	0.01403	0.01861	0.02167	0.15888	0.01453	0.01352	0.02723	0.21441	0.05675	0.21093	0.09915	0.07049	0.01378	0.00904	0.00272	0.00630	0.01217	0.00766	0.01080
10	0.02894	0.02196	0.02344	0.01858	0.02476	0.02453	0.01515	0.48714	0.18475	0.04810	0.02330	0.02262	0.01685	0.01029	0.00834	0.00257	0.00852	0.00794	0.00834	0.01389
11	0.01443	0.00722	0.01082	0.01082	0.01082	0.00722	0.00722	0.01082	0.01082	0.01443	0.01443	0.02525	0.01443	0.02886	0.03247	0.75830	0.00722	0.00722	0.00361	0.00361
12	0.25724	0.01472	0.01715	0.01362	0.01966	0.01415	0.01124	0.03564	0.02087	0.47359	0.02638	0.02382	0.01708	0.00951	0.00739	0.00257	0.00688	0.00719	0.00873	0.01259
13	0.01012	0.00723	0.00964	0.01157	0.01205	0.00675	0.00771	0.01157	0.01591	0.02121	0.04579	0.70262	0.05495	0.02603	0.01060	0.00337	0.00482	0.02362	0.00771	0.00675
14	0.01034	0.00844	0.00913	0.00896	0.01154	0.00723	0.00672	0.01293	0.02016	0.02535	0.23583	0.07517	0.49936	0.01996	0.00981	0.00275	0.00413	0.01686	0.00810	0.00723
15	0.01187	0.00890	0.01335	0.01335	0.01483	0.01038	0.01038	0.01483	0.01335	0.01928	0.02225	0.03264	0.02077	0.06231	0.67512	0.01335	0.02225	0.00890	0.00445	0.00742
16	0.02056	0.01974	0.03372	0.05099	0.65622	0.01974	0.02550	0.02550	0.01892	0.02714	0.01563	0.02056	0.01316	0.00740	0.00822	0.00247	0.00987	0.00740	0.00411	0.01316
17	0.01549	0.00774	0.00774	0.00774	0.00968	0.00774	0.00581	0.01936	0.01742	0.03097	0.02710	0.03097	0.02129	0.00968	0.00581	0.00194	0.00387	0.00774	0.75416	0.00774
18	0.02650	0.01882	0.02043	0.01659	0.02182	0.02056	0.01368	0.44530	0.03276	0.04522	0.02408	0.03062	0.01939	0.01144	0.00822	0.00255	0.00800	0.07715	0.14467	0.01220
19	0.03103	0.03959	0.02354	0.02140	0.02568	0.67469	0.01605	0.03317	0.02354	0.02033	0.01284	0.01498	0.01070	0.00856	0.00749	0.00214	0.01498	0.00535	0.00428	0.00963
20	0.02188	0.02040	0.01934	0.01743	0.02208	0.09747	0.01349	0.04286	0.56867	0.03306	0.03135	0.02911	0.02364	0.01095	0.00834	0.00274	0.00756	0.00892	0.00796	0.01274
21	0.02084	0.02110	0.03081	0.17155	0.46555	0.09641	0.02391	0.02557	0.01901	0.02519	0.01513	0.02021	0.01246	0.00771	0.00815	0.00249	0.01070	0.00716	0.00405	0.01198
22	0.02066	0.01785	0.01878	0.01691	0.02160	0.02066	0.01315	0.04414	0.64121	0.03475	0.03381	0.03099	0.02536	0.01127	0.00845	0.00282	0.00657	0.00939	0.00845	0.01315
23	0.01012	0.00723	0.00964	0.01157	0.01205	0.00675	0.00771	0.01157	0.01591	0.02121	0.04579	0.70262	0.05495	0.02603	0.01060	0.00337	0.00482	0.02362	0.00771	0.00675
24	0.01851	0.01464	0.01670	0.01591	0.01944	0.01611	0.01269	0.11364	0.28704	0.03234	0.03656	0.15685	0.03467	0.01665	0.00960	0.00313	0.00693	0.16973	0.00810	0.01076
25	0.02056	0.01974	0.03372	0.05099	0.65622	0.01974	0.02550	0.02550	0.01892	0.02714	0.01563	0.02056	0.01316	0.00740	0.00822	0.00247	0.00987	0.00740	0.00411	0.01316
26	0.01795	0.01707	0.02900	0.39237	0.33525	0.01905	0.02420	0.02321	0.01768	0.02397	0.01517	0.02141	0.01204	0.00789	0.00827	0.00263	0.01051	0.00739	0.00389	0.01105
27	0.02221	0.71304	0.04353	0.01421	0.02132	0.03287	0.01421	0.02488	0.01688	0.01955	0.01155	0.01333	0.01066	0.00711	0.00533	0.00178	0.00888	0.00444	0.00355	0.01066
28	0.01176	0.00849	0.01110	0.01045	0.01241	0.00784	0.00784	0.01568	0.02352	0.03331	0.65184	0.06206	0.07839	0.01698	0.00980	0.00261	0.00392	0.01502	0.00914	0.00784
29	0.01012	0.00723	0.00964	0.01157	0.01205	0.00675	0.00771	0.01157	0.01591	0.02121	0.04579	0.70262	0.05495	0.02603	0.01060	0.00337	0.00482	0.02362	0.00771	0.00675
30	0.02162	0.01805	0.02214	0.02437	0.16285	0.01996	0.01584	0.03978	0.46640	0.06992	0.02970	0.02851	0.02236	0.01035	0.00840	0.00273	0.00734	0.00889	0.00759	0.01321
31	0.01157	0.00848	0.01084	0.01025	0.01229	0.00776	0.00769	0.01531	0.02306	0.03224	0.59587	0.06382	0.13502	0.01738	0.00980	0.00263	0.00395	0.01527	0.00900	0.00776
32	0.01012	0.00723	0.00964	0.01157	0.01205	0.00675	0.00771	0.01157	0.01591	0.02121	0.04579	0.70262	0.05495	0.02603	0.01060	0.00337	0.00482	0.02362	0.00771	0.00675
33	0.02221	0.71304	0.04353	0.01421	0.02132	0.03287	0.01421	0.02488	0.01688	0.01955	0.01155	0.01333	0.01066	0.00711	0.00533	0.00178	0.00888	0.00444	0.00355	0.01066
34	0.02933	0.03540	0.02531	0.02618	0.13017	0.53025	0.01760	0.06485	0.02363	0.02323	0.01370	0.01618	0.01130	0.00845	0.00766	0.00221	0.01381	0.00581	0.00448	0.01046
