[name]
unknown

[dist]
# distance from previous block
# <min> <max>
22	74

[block]
# block no. 0 follows, 22 sequences, length 251
# corresponding to MSA columns:
# 83-333
name=unknown_A
#
# <colnr> <probs for GDERKNQSTAVLIFYWHMCP>
#	G	D	E	R	K	N	Q	S	T	A	V	L	I	F	Y	W	H	M	C	P
0	0.02025	0.13500	0.36651	0.02511	0.10833	0.08543	0.02477	0.05999	0.01916	0.02599	0.01439	0.01722	0.01111	0.00823	0.00851	0.00248	0.04564	0.00610	0.00394	0.01184
1	0.02285	0.02629	0.13050	0.08841	0.14184	0.14696	0.01958	0.08698	0.08393	0.05451	0.01773	0.02001	0.01356	0.00840	0.00781	0.00235	0.01040	0.00672	0.00520	0.10598
2	0.09148	0.21306	0.02543	0.05178	0.05692	0.02123	0.01370	0.15131	0.02221	0.03059	0.07584	0.03275	0.07440	0.01392	0.04132	0.00300	0.00865	0.05608	0.00595	0.01036
3	0.05851	0.06449	0.19186	0.19585	0.03522	0.20505	0.02077	0.04876	0.01968	0.02427	0.01779	0.02099	0.04465	0.00891	0.00774	0.00249	0.01172	0.00673	0.00426	0.01027
4	0.02662	0.02618	0.02896	0.02996	0.20241	0.19357	0.07647	0.21482	0.06121	0.03351	0.01736	0.01967	0.01344	0.00868	0.00822	0.00244	0.01119	0.00723	0.00570	0.01235
5	0.02232	0.06161	0.23242	0.02361	0.07977	0.22067	0.07054	0.02759	0.02014	0.05937	0.02271	0.02446	0.07986	0.00948	0.00807	0.00246	0.01176	0.00756	0.00468	0.01092
6	0.02277	0.09804	0.19465	0.05602	0.14642	0.23469	0.05234	0.02779	0.01955	0.02340	0.01397	0.01733	0.01123	0.00820	0.00852	0.00242	0.04142	0.00624	0.00392	0.01110
7	0.02355	0.40574	0.03645	0.02335	0.15327	0.15655	0.01686	0.02750	0.04645	0.02195	0.01364	0.01593	0.01184	0.00764	0.00649	0.00204	0.01019	0.00545	0.00403	0.01108
8	0.02087	0.01115	0.01383	0.01182	0.01591	0.00952	0.00901	0.02327	0.01915	0.24694	0.04317	0.15162	0.16980	0.08891	0.01233	0.00314	0.00602	0.01282	0.00791	0.12279
9	0.01086	0.00776	0.01049	0.01242	0.01322	0.00739	0.00900	0.01285	0.01664	0.02204	0.04538	0.56412	0.05332	0.02533	0.01080	0.00348	0.00546	0.15479	0.00770	0.00695
10	0.01521	0.06795	0.01382	0.01098	0.01231	0.03986	0.00729	0.06485	0.01540	0.01984	0.02500	0.08276	0.02784	0.52551	0.03322	0.00657	0.00833	0.01144	0.00530	0.00653
11	0.01963	0.02119	0.02170	0.01911	0.02063	0.17412	0.01535	0.02173	0.01692	0.02146	0.07265	0.02872	0.09666	0.01415	0.01902	0.00310	0.39153	0.00873	0.00475	0.00885
12	0.01002	0.00842	0.00870	0.00863	0.01135	0.00710	0.00647	0.01232	0.01942	0.02360	0.14455	0.07805	0.59174	0.02061	0.00982	0.00278	0.00418	0.01727	0.00787	0.00710
13	0.02056	0.01974	0.03372	0.05099	0.65622	0.01974	0.02550	0.02550	0.01892	0.02714	0.01563	0.02056	0.01316	0.00740	0.00822	0.00247	0.00987	0.00740	0.00411	0.01316
14	0.02459	0.24683	0.19810	0.01956	0.02704	0.24290	0.01930	0.08546	0.02139	0.02470	0.01366	0.01561	0.01097	0.00807	0.00701	0.00219	0.01183	0.00548	0.00424	0.01107
15	0.76672	0.01607	0.01221	0.01092	0.01607	0.01864	0.00900	0.02442	0.01414	0.03727	0.01157	0.01350	0.00900	0.00771	0.00514	0.00257	0.00643	0.00450	0.00514	0.00900
16	0.01012	0.00723	0.00964	0.01157	0.01205	0.00675	0.00771	0.01157	0.01591	0.02121	0.04579	0.70262	0.05495	0.02603	0.01060	0.00337	0.00482	0.02362	0.00771	0.00675
17	0.02374	0.01766	0.01867	0.01568	0.02051	0.01971	0.01251	0.26624	0.26466	0.04075	0.02688	0.02668	0.02006	0.01040	0.00780	0.00249	0.00696	0.00827	0.17802	0.01230
18	0.02074	0.32208	0.04664	0.02599	0.03383	0.02616	0.36057	0.02586	0.01842	0.02354	0.01453	0.01847	0.01176	0.00705	0.00786	0.00236	0.01178	0.00748	0.00392	0.01097
19	0.01006	0.00747	0.00939	0.01092	0.01188	0.00680	0.00742	0.01164	0.01653	0.02146	0.05371	0.57408	0.17838	0.02500	0.01044	0.00326	0.00469	0.02236	0.00771	0.00680
20	0.01666	0.04297	0.66500	0.02368	0.03596	0.01929	0.03069	0.02631	0.01754	0.02631	0.01491	0.01754	0.01052	0.00789	0.00789	0.00263	0.01228	0.00614	0.00351	0.01228
21	0.02010	0.01927	0.03288	0.11161	0.59923	0.01962	0.02526	0.02509	0.01870	0.02658	0.01554	0.02071	0.01296	0.00749	0.00823	0.00250	0.00998	0.00740	0.00407	0.01279
22	0.02066	0.01785	0.01878	0.01691	0.02160	0.02066	0.01315	0.04414	0.64121	0.03475	0.03381	0.03099	0.02536	0.01127	0.00845	0.00282	0.00657	0.00939	0.00845	0.01315
23	0.01012	0.00723	0.00964	0.01157	0.01205	0.00675	0.00771	0.01157	0.01591	0.02121	0.04579	0.70262	0.05495	0.02603	0.01060	0.00337	0.00482	0.02362	0.00771	0.00675
24	0.02895	0.05884	0.02523	0.02226	0.08849	0.24513	0.01623	0.30363	0.02953	0.03623	0.01711	0.01864	0.01311	0.00909	0.00775	0.00231	0.01089	0.00662	0.04796	0.01199
25	0.76672	0.01607	0.01221	0.01092	0.01607	0.01864	0.00900	0.02442	0.01414	0.03727	0.01157	0.01350	0.00900	0.00771	0.00514	0.00257	0.00643	0.00450	0.00514	0.00900
26	0.01860	0.24897	0.43747	0.02228	0.06608	0.02352	0.02531	0.02582	0.01741	0.02426	0.01391	0.01640	0.01071	0.00762	0.00712	0.00236	0.01109	0.00568	0.00356	0.01183
27	0.76672	0.01607	0.01221	0.01092	0.01607	0.01864	0.00900	0.02442	0.01414	0.03727	0.01157	0.01350	0.00900	0.00771	0.00514	0.00257	0.00643	0.00450	0.00514	0.00900
28	0.01187	0.00890	0.01335	0.01335	0.01483	0.01038	0.01038	0.01483	0.01335	0.01928	0.02225	0.03264	0.02077	0.06231	0.67512	0.01335	0.02225	0.00890	0.00445	0.00742
29	0.03727	0.01414	0.01928	0.01478	0.02121	0.01221	0.01221	0.04049	0.02378	0.66198	0.03277	0.02828	0.02056	0.01028	0.00835	0.00257	0.00707	0.00835	0.01028	0.01414
30	0.01203	0.00825	0.01004	0.01004	0.01037	0.00858	0.00625	0.01271	0.01237	0.01683	0.02528	0.04942	0.02806	0.56116	0.18623	0.00926	0.01128	0.01136	0.00490	0.00558
31	0.03005	0.02179	0.02330	0.01803	0.02423	0.02405	0.01484	0.57056	0.03700	0.05032	0.02063	0.02099	0.01481	0.00994	0.00807	0.00244	0.00864	0.00750	0.07928	0.01352
32	0.03020	0.03802	0.02435	0.02375	0.07570	0.62274	0.01680	0.03256	0.02318	0.02087	0.01306	0.01542	0.01090	0.00847	0.00755	0.00217	0.01458	0.00551	0.00427	0.00991
33	0.01012	0.00723	0.00964	0.01157	0.01205	0.00675	0.00771	0.01157	0.01591	0.02121	0.04579	0.70262	0.05495	0.02603	0.01060	0.00337	0.00482	0.02362	0.00771	0.00675
34	0.01944	0.01941	0.01655	0.01520	0.01923	0.15145	0.01163	0.03189	0.32073	0.02796	0.04510	0.04287	0.21692	0.01374	0.00868	0.00267	0.00758	0.01108	0.00736	0.01052
35	0.01549	0.00774	0.00774	0.00774	0.00968	0.00774	0.00581	0.01936	0.01742	0.03097	0.02710	0.03097	0.02129	0.00968	0.00581	0.00194	0.00387	0.00774	0.75416	0.00774
36	0.02119	0.01876	0.02840	0.12721	0.38561	0.01964	0.02141	0.14816	0.02276	0.03111	0.02266	0.02608	0.07154	0.00930	0.00840	0.00254	0.00937	0.00834	0.00525	0.01226
37	0.02359	0.06094	0.05522	0.02624	0.16715	0.32686	0.01764	0.02692	0.01978	0.02191	0.01545	0.01994	0.01333	0.01929	0.14540	0.00454	0.01490	0.00654	0.00421	0.01015
38	0.02056	0.01974	0.03372	0.05099	0.65622	0.01974	0.02550	0.02550	0.01892	0.02714	0.01563	0.02056	0.01316	0.00740	0.00822	0.00247	0.00987	0.00740	0.00411	0.01316
39	0.09714	0.12901	0.02522	0.01947	0.02421	0.52740	0.01516	0.03124	0.02178	0.02177	0.01255	0.01462	0.01054	0.00829	0.00698	0.00213	0.01337	0.00515	0.00426	0.00971
40	0.00994	0.00793	0.00892	0.00971	0.01156	0.00690	0.00689	0.01178	0.01769	0.02193	0.06836	0.33637	0.40663	0.02309	0.01014	0.00304	0.00446	0.02004	0.00771	0.00690
41	0.09426	0.29665	0.16311	0.01918	0.05098	0.16585	0.01806	0.06066	0.01951	0.02494	0.01316	0.01523	0.01078	0.00781	0.00659	0.00218	0.01072	0.00528	0.00414	0.01091
42	0.01600	0.01306	0.01374	0.01293	0.01477	0.08157	0.00967	0.05170	0.01728	0.02406	0.08199	0.03581	0.02612	0.15692	0.23619	0.00706	0.04854	0.00933	0.13549	0.00777
43	0.00982	0.00842	0.00842	0.00842	0.01122	0.00701	0.00631	0.01192	0.01894	0.02244	0.08416	0.07995	0.65285	0.02104	0.00982	0.00281	0.00421	0.01753	0.00771	0.00701
44	0.01723	0.01477	0.01723	0.01230	0.01969	0.01107	0.00984	0.02092	0.01723	0.02707	0.01477	0.01723	0.01230	0.00615	0.00615	0.00123	0.00615	0.00492	0.00492	0.75883
45	0.02040	0.02072	0.06035	0.04984	0.63006	0.01972	0.02571	0.02553	0.01886	0.02711	0.01560	0.02043	0.01305	0.00742	0.00821	0.00247	0.00997	0.00735	0.00409	0.01312
46	0.02053	0.09531	0.46671	0.02184	0.03240	0.02192	0.02591	0.16317	0.02238	0.03166	0.01577	0.01773	0.01136	0.00830	0.00777	0.00253	0.01128	0.00630	0.00460	0.01256
47	0.01035	0.00848	0.00918	0.00939	0.01193	0.00732	0.00718	0.01275	0.01925	0.02361	0.13062	0.10508	0.51837	0.02105	0.01001	0.00291	0.00453	0.07300	0.00784	0.00714
48	0.01468	0.02884	0.38106	0.01783	0.02617	0.01521	0.02074	0.02301	0.07508	0.02576	0.04035	0.04014	0.23182	0.01270	0.00860	0.00271	0.00899	0.01034	0.00540	0.01055
49	0.02111	0.02366	0.08299	0.10336	0.47208	0.10152	0.02451	0.02613	0.01917	0.02568	0.01514	0.01976	0.01245	0.00767	0.00811	0.00247	0.01081	0.00704	0.00405	0.01229
50	0.01187	0.00890	0.01335	0.01335	0.01483	0.01038	0.01038	0.01483	0.01335	0.01928	0.02225	0.03264	0.02077	0.06231	0.67512	0.01335	0.02225	0.00890	0.00445	0.00742
51	0.01377	0.01229	0.01755	0.05994	0.21182	0.01173	0.01356	0.01717	0.01924	0.02495	0.11166	0.05737	0.34168	0.01584	0.00931	0.00272	0.00644	0.03730	0.00652	0.00912
52	0.01708	0.05105	0.02385	0.01968	0.02035	0.02271	0.01637	0.01917	0.01306	0.01982	0.01328	0.02092	0.01293	0.02403	0.15991	0.00555	0.52016	0.00747	0.00380	0.00882
53	0.01012	0.00723	0.00964	0.01157	0.01205	0.00675	0.00771	0.01157	0.01591	0.02121	0.04579	0.70262	0.05495	0.02603	0.01060	0.00337	0.00482	0.02362	0.00771	0.00675
54	0.02056	0.01974	0.03372	0.05099	0.65622	0.01974	0.02550	0.02550	0.01892	0.02714	0.01563	0.02056	0.01316	0.00740	0.00822	0.00247	0.00987	0.00740	0.00411	0.01316
55	0.01187	0.00890	0.01335	0.01335	0.01483	0.01038	0.01038	0.01483	0.01335	0.01928	0.02225	0.03264	0.02077	0.06231	0.67512	0.01335	0.02225	0.00890	0.00445	0.00742
56	0.01000	0.00842	0.00867	0.00861	0.01133	0.00709	0.00646	0.01228	0.01937	0.02348	0.13817	0.07825	0.59819	0.02065	0.00982	0.00279	0.00418	0.01729	0.00785	0.00709
57	0.03032	0.09437	0.02517	0.02082	0.02533	0.62249	0.01590	0.03250	0.02300	0.02027	0.01274	0.01485	0.01070	0.00844	0.00731	0.00211	0.01449	0.00528	0.00422	0.00971
58	0.01264	0.00903	0.01253	0.01445	0.01604	0.00892	0.01210	0.01593	0.01839	0.02403	0.04440	0.23221	0.04943	0.02365	0.01128	0.00372	0.00701	0.46913	0.00766	0.00744
59	0.03186	0.02281	0.02465	0.01890	0.02553	0.02508	0.01561	0.59908	0.03829	0.08287	0.02059	0.02036	0.01445	0.00999	0.00831	0.00250	0.00904	0.00752	0.00841	0.01413
60	0.02115	0.02313	0.02500	0.02172	0.02271	0.17574	0.01768	0.02304	0.01523	0.02007	0.01135	0.01744	0.01086	0.01316	0.02269	0.00329	0.53592	0.00683	0.00378	0.00921
61	0.03103	0.03959	0.02354	0.02140	0.02568	0.67469	0.01605	0.03317	0.02354	0.02033	0.01284	0.01498	0.01070	0.00856	0.00749	0.00214	0.01498	0.00535	0.00428	0.00963
62	0.02249	0.02340	0.03184	0.04553	0.53980	0.14067	0.02375	0.02691	0.01977	0.02588	0.01511	0.01953	0.01271	0.00762	0.00809	0.00241	0.01081	0.00702	0.00414	0.01251
63	0.00982	0.00842	0.00842	0.00842	0.01122	0.00701	0.00631	0.01192	0.01894	0.02244	0.08416	0.07995	0.65285	0.02104	0.00982	0.00281	0.00421	0.01753	0.00771	0.00701
64	0.02109	0.03546	0.36422	0.02363	0.06167	0.13684	0.04889	0.09192	0.05101	0.02880	0.04639	0.02044	0.01509	0.00877	0.00808	0.00254	0.01171	0.00693	0.00472	0.01183
65	0.05970	0.54062	0.03790	0.01554	0.02197	0.16469	0.01434	0.02657	0.01812	0.02056	0.01182	0.01368	0.01059	0.00744	0.00577	0.00189	0.01003	0.00463	0.00378	0.01037
66	0.00998	0.00819	0.00867	0.00901	0.01126	0.00702	0.00650	0.01187	0.01806	0.02191	0.07448	0.19009	0.51565	0.05530	0.01154	0.00316	0.00450	0.01836	0.00758	0.00687
67	0.02076	0.19947	0.08918	0.02028	0.09021	0.02171	0.04636	0.14860	0.05806	0.03162	0.13588	0.02919	0.05356	0.01046	0.00791	0.00239	0.00838	0.00861	0.00610	0.01128
68	0.02365	0.02704	0.02419	0.02621	0.15314	0.32292	0.01747	0.02644	0.01970	0.02197	0.01874	0.02496	0.04584	0.01339	0.04393	0.00314	0.13462	0.03826	0.00449	0.00992
69	0.01012	0.00723	0.00964	0.01157	0.01205	0.00675	0.00771	0.01157	0.01591	0.02121	0.04579	0.70262	0.05495	0.02603	0.01060	0.00337	0.00482	0.02362	0.00771	0.00675
70	0.01225	0.00878	0.01275	0.01275	0.01429	0.01010	0.00990	0.01532	0.01378	0.02053	0.02277	0.03246	0.02082	0.05671	0.60392	0.01214	0.02030	0.00878	0.08420	0.00745
71	0.01921	0.01894	0.05751	0.06057	0.21405	0.06838	0.05093	0.09814	0.02087	0.02789	0.07982	0.10103	0.02562	0.10485	0.01323	0.00335	0.00927	0.01038	0.00558	0.01038
72	0.01012	0.00723	0.00964	0.01157	0.01205	0.00675	0.00771	0.01157	0.01591	0.02121	0.04579	0.70262	0.05495	0.02603	0.01060	0.00337	0.00482	0.02362	0.00771	0.00675
73	0.02332	0.16442	0.02556	0.04313	0.02375	0.11716	0.01348	0.15426	0.02276	0.02972	0.01493	0.01688	0.01207	0.00762	0.00673	0.00181	0.00887	0.00554	0.00522	0.30276
74	0.03063	0.07139	0.02459	0.02092	0.02547	0.60727	0.01595	0.06603	0.02409	0.02208	0.01318	0.01518	0.01089	0.00857	0.00743	0.00214	0.01436	0.00543	0.00447	0.00993
75	0.01054	0.00839	0.00945	0.00930	0.01169	0.00730	0.00693	0.01328	0.02047	0.02635	0.28941	0.10118	0.41677	0.01978	0.00985	0.00276	0.00413	0.01689	0.00824	0.00730
76	0.01075	0.00825	0.00988	0.01013	0.01210	0.00738	0.00748	0.01346	0.01999	0.02626	0.28137	0.20261	0.29200	0.02068	0.01005	0.00290	0.00439	0.04480	0.00823	0.00729
77	0.01208	0.00805	0.00906	0.00906	0.00906	0.00805	0.00503	0.01208	0.01208	0.01611	0.02618	0.05436	0.03020	0.70804	0.04228	0.00805	0.00805	0.01208	0.00503	0.00503
78	0.01012	0.00723	0.00964	0.01157	0.01205	0.00675	0.00771	0.01157	0.01591	0.02121	0.04579	0.70262	0.05495	0.02603	0.01060	0.00337	0.00482	0.02362	0.00771	0.00675
79	0.02221	0.71304	0.04353	0.01421	0.02132	0.03287	0.01421	0.02488	0.01688	0.01955	0.01155	0.01333	0.01066	0.00711	0.00533	0.00178	0.00888	0.00444	0.00355	0.01066
80	0.01149	0.00889	0.01066	0.01111	0.01328	0.00825	0.00861	0.01514	0.04491	0.02574	0.19739	0.16583	0.28521	0.02083	0.01022	0.00306	0.00504	0.13877	0.00806	0.00755
81	0.03158	0.02327	0.02493	0.01911	0.02576	0.02576	0.01579	0.62852	0.03906	0.05236	0.01995	0.01995	0.01413	0.00997	0.00831	0.00249	0.00914	0.00748	0.00831	0.01413
82	0.01680	0.01667	0.01550	0.01496	0.01700	0.18019	0.01127	0.01924	0.01582	0.01921	0.02026	0.03043	0.01919	0.11724	0.43689	0.00992	0.01888	0.00833	0.00447	0.00773
83	0.03103	0.03959	0.02354	0.02140	0.02568	0.67469	0.01605	0.03317	0.02354	0.02033	0.01284	0.01498	0.01070	0.00856	0.00749	0.00214	0.01498	0.00535	0.00428	0.00963
84	0.01266	0.00908	0.01209	0.01349	0.01498	0.00895	0.01058	0.04381	0.01884	0.02497	0.07765	0.36889	0.05119	0.02341	0.01083	0.00349	0.00621	0.27354	0.00779	0.00756
85	0.00989	0.00815	0.00869	0.00913	0.01141	0.00695	0.00663	0.01184	0.01825	0.02216	0.07543	0.22158	0.51685	0.02217	0.01000	0.00293	0.00435	0.01892	0.00771	0.00695
86	0.02258	0.02630	0.09803	0.06666	0.40859	0.15673	0.02358	0.05132	0.02045	0.02640	0.01511	0.01911	0.01232	0.00784	0.00804	0.00243	0.01121	0.00684	0.00424	0.01221
87	0.02637	0.03240	0.16927	0.02329	0.08691	0.29472	0.01941	0.03319	0.09587	0.11135	0.01880	0.01982	0.01399	0.00886	0.00788	0.00242	0.01180	0.00662	0.00541	0.01160
88	0.01005	0.00787	0.00911	0.00997	0.01166	0.00693	0.00703	0.01194	0.01776	0.02239	0.09368	0.36595	0.34988	0.02314	0.01018	0.00306	0.00448	0.02022	0.00778	0.00693
89	0.13134	0.13149	0.05357	0.02853	0.28266	0.01900	0.01735	0.02303	0.01885	0.02879	0.15903	0.02762	0.02685	0.00960	0.00763	0.00241	0.00794	0.00816	0.00530	0.01087
90	0.05736	0.07023	0.30662	0.05765	0.20033	0.08256	0.05884	0.02638	0.01835	0.02594	0.01465	0.01813	0.01131	0.00774	0.00778	0.00250	0.01145	0.00648	0.00387	0.01182
91	0.01070	0.00795	0.00974	0.01076	0.01205	0.00732	0.00763	0.01259	0.01720	0.02230	0.10154	0.36182	0.20842	0.09627	0.01379	0.00371	0.00521	0.07663	0.00754	0.00681
92	0.05933	0.02163	0.11249	0.07021	0.43417	0.01860	0.02353	0.02728	0.01902	0.10890	0.01749	0.02088	0.01346	0.00789	0.00805	0.00252	0.00971	0.00721	0.00486	0.01278
93	0.02730	0.02340	0.02742	0.02987	0.23602	0.08653	0.01892	0.34012	0.06097	0.03995	0.01851	0.02022	0.01403	0.00904	0.00821	0.00247	0.00982	0.00734	0.00652	0.01332
94	0.01908	0.08454	0.13674	0.01967	0.05520	0.16900	0.04162	0.02426	0.05398	0.02362	0.02968	0.12595	0.08337	0.01368	0.00870	0.00272	0.00989	0.08305	0.00551	0.00975
95	0.01448	0.00999	0.01289	0.01225	0.01358	0.01178	0.00954	0.01746	0.01486	0.02408	0.02251	0.03064	0.01980	0.06823	0.24929	0.00663	0.13044	0.00831	0.31554	0.00771
96	0.01012	0.00723	0.00964	0.01157	0.01205	0.00675	0.00771	0.01157	0.01591	0.02121	0.04579	0.70262	0.05495	0.02603	0.01060	0.00337	0.00482	0.02362	0.00771	0.00675
97	0.02015	0.02221	0.10087	0.04809	0.59024	0.01969	0.02605	0.02558	0.01877	0.02705	0.01555	0.02024	0.01288	0.00745	0.00819	0.00248	0.01013	0.00727	0.00405	0.01307
98	0.03021	0.03828	0.02311	0.02106	0.02522	0.64625	0.01581	0.03239	0.02311	0.02029	0.01324	0.01574	0.01113	0.01086	0.03608	0.00262	0.01529	0.00550	0.00429	0.00954
99	0.01549	0.00774	0.00774	0.00774	0.00968	0.00774	0.00581	0.01936	0.01742	0.03097	0.02710	0.03097	0.02129	0.00968	0.00581	0.00194	0.00387	0.00774	0.75416	0.00774
100	0.01046	0.00826	0.00943	0.00952	0.01171	0.00723	0.00699	0.01303	0.01989	0.02561	0.25361	0.16849	0.38519	0.02054	0.00993	0.00283	0.00421	0.01768	0.00816	0.00723
101	0.01187	0.00890	0.01335	0.01335	0.01483	0.01038	0.01038	0.01483	0.01335	0.01928	0.02225	0.03264	0.02077	0.06231	0.67512	0.01335	0.02225	0.00890	0.00445	0.00742
102	0.01182	0.00899	0.01125	0.01242	0.01460	0.00842	0.01033	0.01485	0.01888	0.02373	0.05974	0.12045	0.28397	0.02237	0.01078	0.00340	0.00616	0.34280	0.00768	0.00735
103	0.03103	0.03959	0.02354	0.02140	0.02568	0.67469	0.01605	0.03317	0.02354	0.02033	0.01284	0.01498	0.01070	0.00856	0.00749	0.00214	0.01498	0.00535	0.00428	0.00963
104	0.01034	0.00782	0.00961	0.01094	0.01228	0.00710	0.00781	0.01222	0.01716	0.02194	0.05762	0.44990	0.24130	0.02417	0.01044	0.00324	0.00490	0.07658	0.00771	0.00692
105	0.03158	0.02327	0.02493	0.01911	0.02576	0.02576	0.01579	0.62852	0.03906	0.05236	0.01995	0.01995	0.01413	0.00997	0.00831	0.00249	0.00914	0.00748	0.00831	0.01413
106	0.01731	0.01691	0.02380	0.02066	0.02086	0.02339	0.01711	0.01929	0.01281	0.01990	0.01245	0.02015	0.01225	0.02106	0.11565	0.00496	0.60136	0.00749	0.00375	0.00886
107	0.03103	0.03959	0.02354	0.02140	0.02568	0.67469	0.01605	0.03317	0.02354	0.02033	0.01284	0.01498	0.01070	0.00856	0.00749	0.00214	0.01498	0.00535	0.00428	0.00963
108	0.01469	0.01072	0.01291	0.01313	0.01508	0.01082	0.00957	0.13922	0.02101	0.02788	0.04251	0.49773	0.07958	0.02229	0.01013	0.00318	0.00581	0.04758	0.00783	0.00833
109	0.00982	0.00842	0.00842	0.00842	0.01122	0.00701	0.00631	0.01192	0.01894	0.02244	0.08416	0.07995	0.65285	0.02104	0.00982	0.00281	0.00421	0.01753	0.00771	0.00701
110	0.02523	0.02464	0.02962	0.03763	0.38265	0.15632	0.02134	0.16425	0.02445	0.03147	0.01603	0.01927	0.01287	0.00823	0.00809	0.00241	0.01076	0.00700	0.00510	0.01265
111	0.01955	0.02123	0.02151	0.02367	0.15029	0.19077	0.01554	0.02218	0.01874	0.02229	0.03448	0.03645	0.20492	0.01345	0.01284	0.00275	0.16487	0.00988	0.00513	0.00944
112	0.01152	0.00871	0.01078	0.01092	0.01313	0.00797	0.00862	0.01485	0.02108	0.02799	0.33599	0.07485	0.25114	0.01961	0.01019	0.00295	0.00486	0.14894	0.00836	0.00754
113	0.02205	0.03989	0.38750	0.02510	0.08278	0.25040	0.02511	0.02866	0.01977	0.02427	0.01424	0.01688	0.01080	0.00809	0.00778	0.00244	0.01303	0.00596	0.00383	0.01142
114	0.02404	0.48611	0.03794	0.01976	0.08985	0.17746	0.01583	0.02683	0.01861	0.02053	0.01228	0.01447	0.01094	0.00747	0.00613	0.00193	0.01038	0.00496	0.00378	0.01069
115	0.01002	0.00842	0.00870	0.00863	0.01135	0.00710	0.00647	0.01232	0.01942	0.02360	0.14452	0.07805	0.59177	0.02061	0.00982	0.00278	0.00418	0.01727	0.00787	0.00710
116	0.01888	0.01741	0.02614	0.03754	0.44105	0.04946	0.01926	0.02249	0.01751	0.02450	0.01853	0.02855	0.01737	0.16696	0.01580	0.00369	0.00938	0.00838	0.04627	0.01083
117	0.01180	0.00843	0.01157	0.01349	0.01471	0.00820	0.01064	0.01448	0.01756	0.02309	0.04486	0.38894	0.05127	0.02444	0.01105	0.00361	0.00628	0.32070	0.00768	0.00721
118	0.02029	0.02118	0.05709	0.04283	0.46277	0.05109	0.09574	0.02632	0.05183	0.02682	0.01807	0.05509	0.01561	0.00857	0.00850	0.00256	0.01028	0.00846	0.00452	0.01240
119	0.03112	0.03694	0.02377	0.02103	0.02570	0.56941	0.01601	0.12976	0.02606	0.02553	0.01399	0.01579	0.01126	0.00879	0.00762	0.00220	0.01403	0.00570	0.00493	0.01036
120	0.00995	0.00789	0.00895	0.00980	0.01159	0.00690	0.00693	0.01177	0.01760	0.02190	0.06725	0.35432	0.38939	0.02324	0.01016	0.00306	0.00448	0.02021	0.00771	0.00690
121	0.01038	0.00844	0.00969	0.03528	0.01350	0.00754	0.00768	0.01262	0.01837	0.02275	0.09819	0.22372	0.43153	0.02162	0.01002	0.00298	0.00476	0.04618	0.00763	0.00710
122	0.01666	0.04297	0.66500	0.02368	0.03596	0.01929	0.03069	0.02631	0.01754	0.02631	0.01491	0.01754	0.01052	0.00789	0.00789	0.00263	0.01228	0.00614	0.00351	0.01228
123	0.01086	0.00766	0.00930	0.01029	0.01081	0.00728	0.00653	0.01180	0.01470	0.01934	0.04180	0.39075	0.10219	0.29134	0.02287	0.00514	0.00602	0.01854	0.00667	0.00610
124	0.02422	0.55986	0.03899	0.01585	0.02231	0.17886	0.01463	0.02676	0.01840	0.01972	0.01184	0.01370	0.01067	0.00744	0.00582	0.00186	0.01027	0.00465	0.00372	0.01043
125	0.01005	0.00750	0.00936	0.01085	0.01186	0.00681	0.00739	0.01165	0.01659	0.02149	0.05452	0.56099	0.19095	0.02489	0.01042	0.00324	0.00468	0.02223	0.00771	0.00681
126	0.03158	0.02327	0.02493	0.01911	0.02576	0.02576	0.01579	0.62852	0.03906	0.05236	0.01995	0.01995	0.01413	0.00997	0.00831	0.00249	0.00914	0.00748	0.00831	0.01413
127	0.01474	0.01337	0.01634	0.01553	0.01703	0.07610	0.01222	0.01744	0.01422	0.01950	0.01946	0.02854	0.01817	0.04922	0.50353	0.01066	0.13342	0.00829	0.00430	0.00791
128	0.03103	0.03959	0.02354	0.02140	0.02568	0.67469	0.01605	0.03317	0.02354	0.02033	0.01284	0.01498	0.01070	0.00856	0.00749	0.00214	0.01498	0.00535	0.00428	0.00963
129	0.02786	0.03445	0.08386	0.02059	0.02594	0.43272	0.01690	0.09192	0.13496	0.02657	0.01747	0.01857	0.01364	0.00912	0.00778	0.00234	0.01266	0.00635	0.00534	0.01095
130	0.00999	0.00847	0.00865	0.00875	0.01151	0.00714	0.00665	0.01218	0.01894	0.02256	0.08223	0.08061	0.62386	0.02113	0.00990	0.00285	0.00437	0.04545	0.00771	0.00704
131	0.02262	0.17352	0.32737	0.02081	0.02962	0.17672	0.02250	0.08710	0.02094	0.02613	0.01425	0.01634	0.01095	0.00810	0.00733	0.00233	0.01193	0.00575	0.00417	0.01152
132	0.06654	0.03324	0.02382	0.05929	0.06021	0.46157	0.01654	0.13175	0.02505	0.02697	0.01423	0.01644	0.01134	0.00868	0.00760	0.00227	0.01308	0.00589	0.00496	0.01052
133	0.01099	0.00828	0.01017	0.01114	0.01278	0.00762	0.00836	0.01331	0.01804	0.02320	0.11117	0.27775	0.24449	0.06109	0.01224	0.00348	0.00534	0.14585	0.00768	0.00703
134	0.02945	0.16040	0.02713	0.02011	0.02490	0.55956	0.01572	0.03168	0.02235	0.02019	0.01261	0.01468	0.01069	0.00830	0.00710	0.00208	0.01389	0.00519	0.00415	0.00982
135	0.00982	0.00842	0.00842	0.00842	0.01122	0.00701	0.00631	0.01192	0.01894	0.02244	0.08416	0.07995	0.65285	0.02104	0.00982	0.00281	0.00421	0.01753	0.00771	0.00701
136	0.01677	0.01431	0.01662	0.01541	0.01784	0.07198	0.01212	0.09578	0.04339	0.02425	0.02098	0.02860	0.01868	0.04617	0.46817	0.01001	0.05676	0.00834	0.00504	0.00879
137	0.01129	0.00781	0.00901	0.00969	0.01057	0.00737	0.00629	0.01256	0.01523	0.02051	0.04414	0.28334	0.15641	0.27282	0.02158	0.00484	0.00580	0.01673	0.07776	0.00627
138	0.02667	0.02036	0.02229	0.01678	0.02368	0.02074	0.01375	0.42058	0.03159	0.04370	0.01817	0.01901	0.01350	0.00867	0.00757	0.00206	0.00812	0.00660	0.00715	0.26899
139	0.02714	0.03440	0.15575	0.02084	0.02722	0.33616	0.01869	0.18314	0.02571	0.02971	0.01561	0.01777	0.01210	0.01179	0.04508	0.00296	0.01333	0.00626	0.00516	0.01120
140	0.02409	0.01919	0.02033	0.01721	0.02243	0.02176	0.01369	0.23988	0.40841	0.04050	0.02882	0.02727	0.02138	0.01076	0.00828	0.00267	0.00731	0.00867	0.04413	0.01322
141	0.01063	0.00809	0.00977	0.01010	0.01191	0.00724	0.00729	0.01321	0.01974	0.02611	0.28316	0.25740	0.26324	0.02101	0.01004	0.00290	0.00428	0.01840	0.00824	0.00724
142	0.02012	0.01928	0.03291	0.10928	0.60142	0.01962	0.02527	0.02510	0.01871	0.02660	0.01555	0.02071	0.01297	0.00748	0.00823	0.00249	0.00998	0.00740	0.00407	0.01280
143	0.01988	0.01976	0.02634	0.03630	0.40497	0.09779	0.01955	0.04905	0.02035	0.02631	0.03106	0.03336	0.15840	0.01076	0.00850	0.00250	0.00918	0.00946	0.00513	0.01137
144	0.01012	0.00723	0.00964	0.01157	0.01205	0.00675	0.00771	0.01157	0.01591	0.02121	0.04579	0.70262	0.05495	0.02603	0.01060	0.00337	0.00482	0.02362	0.00771	0.00675
145	0.02783	0.03489	0.02126	0.01944	0.02350	0.57387	0.01458	0.02996	0.02285	0.02065	0.02361	0.02479	0.10767	0.01045	0.00784	0.00224	0.01335	0.00719	0.00480	0.00924
146	0.01078	0.00778	0.01034	0.01216	0.01307	0.00734	0.00881	0.01275	0.01674	0.02203	0.04756	0.54213	0.08687	0.02511	0.01074	0.00344	0.00537	0.14233	0.00770	0.00695
147	0.03158	0.02327	0.02493	0.01911	0.02576	0.02576	0.01579	0.62852	0.03906	0.05236	0.01995	0.01995	0.01413	0.00997	0.00831	0.00249	0.00914	0.00748	0.00831	0.01413
148	0.03103	0.03959	0.02354	0.02140	0.02568	0.67469	0.01605	0.03317	0.02354	0.02033	0.01284	0.01498	0.01070	0.00856	0.00749	0.00214	0.01498	0.00535	0.00428	0.00963
149	0.03103	0.03959	0.02354	0.02140	0.02568	0.67469	0.01605	0.03317	0.02354	0.02033	0.01284	0.01498	0.01070	0.00856	0.00749	0.00214	0.01498	0.00535	0.00428	0.00963
150	0.02918	0.03627	0.02217	0.02026	0.02427	0.60389	0.01522	0.03145	0.02266	0.02081	0.01409	0.01678	0.01180	0.01162	0.04474	0.00276	0.01483	0.00567	0.04213	0.00941
151	0.00982	0.00842	0.00842	0.00842	0.01122	0.00701	0.00631	0.01192	0.01894	0.02244	0.08416	0.07995	0.65285	0.02104	0.00982	0.00281	0.00421	0.01753	0.00771	0.00701
152	0.02114	0.01992	0.03326	0.04931	0.62299	0.02006	0.02498	0.05728	0.01998	0.02847	0.01585	0.02053	0.01321	0.00754	0.00823	0.00247	0.00983	0.00741	0.00433	0.01321
153	0.02734	0.03262	0.02318	0.02319	0.08984	0.47007	0.01615	0.03333	0.12590	0.02353	0.01957	0.02091	0.03991	0.00941	0.00782	0.00231	0.01260	0.00674	0.00510	0.01048
154	0.00996	0.00786	0.00899	0.00990	0.01161	0.00689	0.00697	0.01176	0.01751	0.02186	0.06609	0.37320	0.37127	0.02339	0.01019	0.00307	0.00450	0.02040	0.00771	0.00689
155	0.02844	0.05877	0.02127	0.01675	0.02129	0.20000	0.01343	0.12161	0.02356	0.19115	0.02114	0.02201	0.01552	0.00989	0.00932	0.00239	0.07440	0.00698	0.13090	0.01116
156	0.01165	0.00789	0.00927	0.00966	0.00984	0.00776	0.00572	0.01212	0.01337	0.01791	0.05597	0.19413	0.03749	0.53308	0.03414	0.00682	0.00719	0.01468	0.00578	0.00552
157	0.02056	0.01974	0.03372	0.05099	0.65622	0.01974	0.02550	0.02550	0.01892	0.02714	0.01563	0.02056	0.01316	0.00740	0.00822	0.00247	0.00987	0.00740	0.00411	0.01316
158	0.03103	0.03959	0.02354	0.02140	0.02568	0.67469	0.01605	0.03317	0.02354	0.02033	0.01284	0.01498	0.01070	0.00856	0.00749	0.00214	0.01498	0.00535	0.00428	0.00963
159	0.01788	0.01739	0.03032	0.06332	0.31279	0.01715	0.15171	0.02369	0.04942	0.02664	0.05613	0.03567	0.10664	0.01072	0.00906	0.00270	0.00949	0.04288	0.00524	0.01117
160	0.01012	0.00723	0.00964	0.01157	0.01205	0.00675	0.00771	0.01157	0.01591	0.02121	0.04579	0.70262	0.05495	0.02603	0.01060	0.00337	0.00482	0.02362	0.00771	0.00675
161	0.02626	0.05329	0.12816	0.01828	0.02484	0.20137	0.01639	0.03434	0.14621	0.16484	0.02190	0.02169	0.01593	0.00908	0.00773	0.00235	0.01003	0.00688	0.00634	0.08410
162	0.03057	0.07509	0.02460	0.02102	0.02545	0.64086	0.01595	0.03274	0.02319	0.02029	0.01277	0.01489	0.01070	0.00848	0.00738	0.00212	0.01466	0.00530	0.00424	0.00969
163	0.01008	0.00738	0.00949	0.01117	0.01195	0.00678	0.00754	0.01161	0.01628	0.02136	0.05059	0.62472	0.12975	0.02540	0.01051	0.00330	0.00474	0.02286	0.00771	0.00678
164	0.01517	0.03484	0.51593	0.02092	0.03052	0.01644	0.02547	0.02296	0.01717	0.02515	0.02193	0.17337	0.02063	0.01202	0.00851	0.00280	0.01058	0.01011	0.00446	0.01102
165	0.01943	0.17188	0.02108	0.01339	0.01692	0.01751	0.01055	0.15353	0.02072	0.05722	0.02682	0.20266	0.02807	0.18447	0.01655	0.00392	0.00761	0.01210	0.00637	0.00922
166	0.01004	0.00753	0.00933	0.01076	0.01184	0.00682	0.00735	0.01166	0.01668	0.02152	0.05561	0.54322	0.20800	0.02475	0.01040	0.00323	0.00466	0.02206	0.00771	0.00682
167	0.02221	0.71304	0.04353	0.01421	0.02132	0.03287	0.01421	0.02488	0.01688	0.01955	0.01155	0.01333	0.01066	0.00711	0.00533	0.00178	0.00888	0.00444	0.00355	0.01066
168	0.00994	0.00792	0.00892	0.00972	0.01156	0.00690	0.00689	0.01177	0.01768	0.02193	0.06823	0.33841	0.40467	0.02311	0.01014	0.00304	0.00446	0.02006	0.00771	0.00690
169	0.03158	0.02327	0.02493	0.01911	0.02576	0.02576	0.01579	0.62852	0.03906	0.05236	0.01995	0.01995	0.01413	0.00997	0.00831	0.00249	0.00914	0.00748	0.00831	0.01413
170	0.02980	0.02188	0.02348	0.01819	0.02423	0.02414	0.01481	0.57212	0.03659	0.04904	0.02052	0.02309	0.01560	0.07384	0.01142	0.00300	0.00904	0.00790	0.00801	0.01330
171	0.03103	0.03959	0.02354	0.02140	0.02568	0.67469	0.01605	0.03317	0.02354	0.02033	0.01284	0.01498	0.01070	0.00856	0.00749	0.00214	0.01498	0.00535	0.00428	0.00963
172	0.01723	0.01477	0.01723	0.01230	0.01969	0.01107	0.00984	0.02092	0.01723	0.02707	0.01477	0.01723	0.01230	0.00615	0.00615	0.00123	0.00615	0.00492	0.00492	0.75883
173	0.01004	0.00830	0.00880	0.00894	0.01142	0.00706	0.00661	0.01224	0.01905	0.02334	0.13409	0.14449	0.53459	0.02118	0.00990	0.00285	0.00425	0.01794	0.00785	0.00706
174	0.01687	0.04175	0.63172	0.02512	0.06865	0.01932	0.03042	0.02627	0.01761	0.02635	0.01495	0.01770	0.01066	0.00787	0.00791	0.00262	0.01215	0.00621	0.00354	0.01232
175	0.03030	0.09544	0.02520	0.02081	0.02532	0.62147	0.01590	0.03248	0.02299	0.02027	0.01273	0.01484	0.01070	0.00844	0.00731	0.00211	0.01448	0.00528	0.00422	0.00972
176	0.01004	0.00753	0.00933	0.01076	0.01184	0.00682	0.00735	0.01166	0.01668	0.02152	0.05561	0.54322	0.20800	0.02475	0.01040	0.00323	0.00466	0.02206	0.00771	0.00682
177	0.02203	0.29612	0.23672	0.02067	0.02896	0.15994	0.07803	0.02721	0.01872	0.02252	0.01338	0.01587	0.01081	0.00765	0.00701	0.00222	0.01170	0.00568	0.00375	0.01101
178	0.01208	0.00805	0.00906	0.00906	0.00906	0.00805	0.00503	0.01208	0.01208	0.01611	0.02618	0.05436	0.03020	0.70804	0.04228	0.00805	0.00805	0.01208	0.00503	0.00503
179	0.01750	0.01338	0.01720	0.01537	0.01797	0.01558	0.01220	0.17226	0.01981	0.02765	0.02083	0.02921	0.01866	0.07858	0.41179	0.00940	0.07950	0.00856	0.00539	0.00916
180	0.01785	0.07080	0.48690	0.02166	0.03196	0.02028	0.02588	0.03029	0.15937	0.02789	0.01904	0.02039	0.01390	0.00862	0.00789	0.00263	0.01081	0.00679	0.00463	0.01239
181	0.01193	0.04934	0.01179	0.01035	0.01297	0.04594	0.00781	0.01407	0.01845	0.02224	0.08967	0.18095	0.41970	0.02229	0.04189	0.00332	0.00605	0.01669	0.00719	0.00737
182	0.01948	0.01344	0.01506	0.01358	0.01774	0.01375	0.01077	0.05227	0.24486	0.13539	0.05128	0.05262	0.24104	0.01547	0.00918	0.00285	0.00604	0.06600	0.00843	0.01075
183	0.01723	0.01477	0.01723	0.01230	0.01969	0.01107	0.00984	0.02092	0.01723	0.02707	0.01477	0.01723	0.01230	0.00615	0.00615	0.00123	0.00615	0.00492	0.00492	0.75883
184	0.03103	0.03959	0.02354	0.02140	0.02568	0.67469	0.01605	0.03317	0.02354	0.02033	0.01284	0.01498	0.01070	0.00856	0.00749	0.00214	0.01498	0.00535	0.00428	0.00963
185	0.00992	0.00802	0.00882	0.00947	0.01150	0.00692	0.00678	0.01180	0.01792	0.02203	0.07135	0.28782	0.45325	0.02270	0.01008	0.00300	0.00441	0.01956	0.00771	0.00692
186	0.02335	0.02661	0.02349	0.02752	0.21006	0.32816	0.01685	0.02656	0.02173	0.02430	0.10614	0.02901	0.08034	0.01051	0.00824	0.00236	0.01097	0.00839	0.00520	0.01020
187	0.01451	0.01139	0.01390	0.01315	0.01557	0.01252	0.00993	0.02362	0.20545	0.02759	0.20453	0.04279	0.03948	0.10277	0.21824	0.00657	0.01082	0.01112	0.00705	0.00901
188	0.01012	0.00723	0.00964	0.01157	0.01205	0.00675	0.00771	0.01157	0.01591	0.02121	0.04579	0.70262	0.05495	0.02603	0.01060	0.00337	0.00482	0.02362	0.00771	0.00675
189	0.01945	0.01861	0.03172	0.19590	0.51997	0.01945	0.02494	0.02452	0.01839	0.02579	0.01543	0.02092	0.01268	0.00761	0.00824	0.00254	0.01014	0.00740	0.00402	0.01226
190	0.01005	0.00823	0.00891	0.00940	0.01168	0.00708	0.00694	0.01210	0.01832	0.02230	0.07431	0.20915	0.50043	0.02216	0.01006	0.00297	0.00450	0.04671	0.00771	0.00699
191	0.03103	0.03959	0.02354	0.02140	0.02568	0.67469	0.01605	0.03317	0.02354	0.02033	0.01284	0.01498	0.01070	0.00856	0.00749	0.00214	0.01498	0.00535	0.00428	0.00963
192	0.02720	0.33180	0.03222	0.01828	0.02379	0.39620	0.01525	0.02957	0.02065	0.01999	0.01228	0.01426	0.01068	0.00793	0.00655	0.00198	0.01234	0.00496	0.00397	0.01008
193	0.02878	0.03628	0.02193	0.02002	0.02414	0.60367	0.01502	0.03091	0.02305	0.02056	0.02043	0.02189	0.07901	0.00989	0.00774	0.00221	0.01384	0.00665	0.00465	0.00935
194	0.02487	0.01828	0.02028	0.01662	0.02155	0.02036	0.01346	0.38468	0.09268	0.04171	0.02251	0.02473	0.01732	0.02088	0.14574	0.00471	0.01109	0.00799	0.07849	0.01204
195	0.02344	0.01922	0.02035	0.01747	0.02266	0.02196	0.01382	0.19278	0.48805	0.03923	0.03029	0.02818	0.02250	0.01094	0.00842	0.00274	0.00723	0.00891	0.00842	0.01340
196	0.01087	0.00816	0.01025	0.01163	0.01314	0.00754	0.00877	0.01311	0.01759	0.02249	0.05620	0.37033	0.22252	0.02383	0.01060	0.00333	0.00537	0.16952	0.00770	0.00705
197	0.02059	0.01870	0.05697	0.01576	0.02330	0.01543	0.04679	0.15974	0.02234	0.03275	0.01607	0.01815	0.01264	0.00717	0.00694	0.00168	0.00761	0.00584	0.00557	0.50593
198	0.01289	0.01024	0.01379	0.01666	0.08307	0.00974	0.01217	0.01622	0.01904	0.02425	0.05520	0.08105	0.25849	0.02062	0.01054	0.00332	0.00667	0.33075	0.00730	0.00801
199	0.02826	0.25938	0.03064	0.01830	0.02425	0.26010	0.01536	0.21419	0.02611	0.02996	0.01460	0.01596	0.01175	0.00851	0.00702	0.00213	0.01114	0.00570	0.00528	0.01136
200	0.02224	0.02520	0.03942	0.03673	0.21341	0.15560	0.32994	0.02765	0.02022	0.02546	0.01565	0.02035	0.01237	0.00744	0.00888	0.00257	0.01303	0.00820	0.00419	0.01143
201	0.01012	0.00723	0.00964	0.01157	0.01205	0.00675	0.00771	0.01157	0.01591	0.02121	0.04579	0.70262	0.05495	0.02603	0.01060	0.00337	0.00482	0.02362	0.00771	0.00675
202	0.02686	0.02197	0.02364	0.02387	0.14896	0.10824	0.01609	0.30483	0.02897	0.07145	0.02307	0.02424	0.05018	0.00988	0.00803	0.00241	0.00918	0.00781	0.07797	0.01233
203	0.02523	0.03392	0.15457	0.02041	0.02617	0.37004	0.01819	0.09232	0.02241	0.02481	0.01544	0.01870	0.01255	0.01669	0.10848	0.00397	0.01490	0.00628	0.00458	0.01032
204	0.01008	0.00739	0.00947	0.01114	0.01194	0.00678	0.00752	0.01162	0.01632	0.02137	0.05100	0.61796	0.13624	0.02535	0.01050	0.00330	0.00474	0.02279	0.00771	0.00678
205	0.03103	0.03959	0.02354	0.02140	0.02568	0.67469	0.01605	0.03317	0.02354	0.02033	0.01284	0.01498	0.01070	0.00856	0.00749	0.00214	0.01498	0.00535	0.00428	0.00963
206	0.03056	0.03696	0.02419	0.02265	0.05726	0.57661	0.01650	0.09270	0.02487	0.02390	0.01370	0.01576	0.01117	0.00864	0.00761	0.00219	0.01414	0.00567	0.00468	0.01026
207	0.01197	0.00801	0.00909	0.00920	0.00923	0.00798	0.00518	0.01205	0.01229	0.01639	0.02727	0.09058	0.03158	0.66994	0.04051	0.00779	0.00787	0.01273	0.00518	0.00513
208	0.02057	0.01964	0.03297	0.04928	0.62445	0.01978	0.02488	0.02643	0.05007	0.02752	0.01654	0.02108	0.01377	0.00760	0.00824	0.00248	0.00970	0.00750	0.00433	0.01316
209	0.09711	0.02178	0.04247	0.07702	0.02292	0.21301	0.03596	0.05402	0.01939	0.05159	0.01899	0.02590	0.01626	0.12219	0.01285	0.00324	0.00991	0.00740	0.13899	0.00901
210	0.01006	0.00747	0.00939	0.01092	0.01188	0.00680	0.00742	0.01164	0.01653	0.02146	0.05371	0.57408	0.17838	0.02500	0.01044	0.00326	0.00469	0.02236	0.00771	0.00680
211	0.01870	0.02553	0.16834	0.06477	0.07431	0.02098	0.37137	0.02545	0.01820	0.02554	0.01557	0.02082	0.01194	0.00815	0.01129	0.00284	0.09253	0.00851	0.00397	0.01118
212	0.02004	0.01689	0.02075	0.07699	0.02331	0.04964	0.03689	0.18589	0.02106	0.02836	0.01901	0.02880	0.01741	0.16293	0.12493	0.00560	0.13802	0.00859	0.00540	0.00949
213	0.01012	0.00723	0.00964	0.01157	0.01205	0.00675	0.00771	0.01157	0.01591	0.02121	0.04579	0.70262	0.05495	0.02603	0.01060	0.00337	0.00482	0.02362	0.00771	0.00675
214	0.01948	0.52390	0.03446	0.01301	0.01827	0.02631	0.01197	0.02155	0.01564	0.01875	0.01531	0.02345	0.01552	0.16880	0.04111	0.00368	0.00924	0.00636	0.00393	0.00925
215	0.01339	0.00956	0.01339	0.01530	0.01721	0.00956	0.01339	0.01721	0.01912	0.02486	0.04399	0.09371	0.04781	0.02295	0.01147	0.00382	0.00765	0.60031	0.00765	0.00765
216	0.01903	0.24873	0.32586	0.02274	0.03212	0.02416	0.13630	0.02563	0.01750	0.02396	0.01403	0.01715	0.01097	0.00778	0.00831	0.00244	0.04187	0.00634	0.00366	0.01143
217	0.03103	0.03959	0.02354	0.02140	0.02568	0.67469	0.01605	0.03317	0.02354	0.02033	0.01284	0.01498	0.01070	0.00856	0.00749	0.00214	0.01498	0.00535	0.00428	0.00963
218	0.01187	0.00890	0.01335	0.01335	0.01483	0.01038	0.01038	0.01483	0.01335	0.01928	0.02225	0.03264	0.02077	0.06231	0.67512	0.01335	0.02225	0.00890	0.00445	0.00742
219	0.01033	0.00732	0.00958	0.01130	0.01173	0.00689	0.00743	0.01162	0.01550	0.02066	0.04370	0.63366	0.05231	0.09858	0.01397	0.00387	0.00516	0.02239	0.00743	0.00657
220	0.01447	0.01273	0.01834	0.01684	0.01771	0.01660	0.01360	0.01696	0.01309	0.01958	0.01757	0.02667	0.01670	0.04261	0.40796	0.00934	0.29878	0.00823	0.00411	0.00811
221	0.01208	0.00805	0.00906	0.00906	0.00906	0.00805	0.00503	0.01208	0.01208	0.01611	0.02618	0.05436	0.03020	0.70804	0.04228	0.00805	0.00805	0.01208	0.00503	0.00503
222	0.02056	0.01974	0.03372	0.05099	0.65622	0.01974	0.02550	0.02550	0.01892	0.02714	0.01563	0.02056	0.01316	0.00740	0.00822	0.00247	0.00987	0.00740	0.00411	0.01316
223	0.02221	0.71304	0.04353	0.01421	0.02132	0.03287	0.01421	0.02488	0.01688	0.01955	0.01155	0.01333	0.01066	0.00711	0.00533	0.00178	0.00888	0.00444	0.00355	0.01066
224	0.01176	0.01046	0.01300	0.01612	0.12795	0.00932	0.00978	0.01438	0.01893	0.02329	0.07176	0.06920	0.53709	0.01857	0.00953	0.00274	0.00523	0.01570	0.00706	0.00813
225	0.03158	0.02327	0.02493	0.01911	0.02576	0.02576	0.01579	0.62852	0.03906	0.05236	0.01995	0.01995	0.01413	0.00997	0.00831	0.00249	0.00914	0.00748	0.00831	0.01413
226	0.01187	0.00890	0.01335	0.01335	0.01483	0.01038	0.01038	0.01483	0.01335	0.01928	0.02225	0.03264	0.02077	0.06231	0.67512	0.01335	0.02225	0.00890	0.00445	0.00742
227	0.02038	0.02057	0.06391	0.04251	0.49251	0.01991	0.02322	0.02939	0.14731	0.02867	0.01934	0.02256	0.01554	0.00823	0.00825	0.00255	0.00932	0.00775	0.00498	0.01311
228	0.01717	0.10428	0.60814	0.02281	0.03462	0.02054	0.02919	0.02618	0.01748	0.02569	0.01460	0.01715	0.01054	0.00782	0.00766	0.00255	0.01197	0.00598	0.00351	0.01213
229	0.01075	0.00845	0.00970	0.00939	0.01179	0.00741	0.00704	0.01372	0.02113	0.02765	0.35613	0.07138	0.37763	0.01910	0.00981	0.00271	0.00407	0.01633	0.00840	0.00741
230	0.02018	0.01920	0.03265	0.04911	0.62254	0.01920	0.02486	0.02506	0.01893	0.02702	0.01712	0.02442	0.01499	0.00822	0.00840	0.00254	0.00975	0.03866	0.00430	0.01287
231	0.01944	0.02401	0.10375	0.03568	0.10792	0.02072	0.50769	0.02646	0.01934	0.02664	0.01651	0.02177	0.01247	0.00713	0.00946	0.00275	0.01341	0.00921	0.00413	0.01151
232	0.00982	0.00842	0.00842	0.00842	0.01122	0.00701	0.00631	0.01192	0.01894	0.02244	0.08416	0.07995	0.65285	0.02104	0.00982	0.00281	0.00421	0.01753	0.00771	0.00701
233	0.01009	0.00736	0.00951	0.01123	0.01196	0.00678	0.00756	0.01161	0.01623	0.02134	0.04987	0.63638	0.11855	0.02550	0.01052	0.00331	0.00475	0.02297	0.00771	0.00678
234	0.01193	0.01503	0.14583	0.01317	0.01633	0.00971	0.01179	0.01498	0.01615	0.02193	0.06852	0.32791	0.10667	0.16207	0.01646	0.00409	0.00693	0.01653	0.00635	0.00763
235	0.02468	0.02109	0.07210	0.02823	0.06751	0.01881	0.33893	0.06144	0.05626	0.19102	0.02184	0.02390	0.01535	0.00830	0.00909	0.00270	0.01125	0.00896	0.00616	0.01237
236	0.03103	0.03959	0.02354	0.02140	0.02568	0.67469	0.01605	0.03317	0.02354	0.02033	0.01284	0.01498	0.01070	0.00856	0.00749	0.00214	0.01498	0.00535	0.00428	0.00963
237	0.02418	0.01960	0.02077	0.01762	0.02294	0.02231	0.01400	0.23267	0.44695	0.04043	0.02934	0.02743	0.02174	0.01085	0.00841	0.00271	0.00740	0.00878	0.00841	0.01346
238	0.01987	0.01871	0.03031	0.04300	0.52481	0.01795	0.02226	0.02455	0.01857	0.02713	0.01545	0.01987	0.01298	0.00714	0.00780	0.00221	0.00910	0.00689	0.00428	0.16710
239	0.02221	0.71304	0.04353	0.01421	0.02132	0.03287	0.01421	0.02488	0.01688	0.01955	0.01155	0.01333	0.01066	0.00711	0.00533	0.00178	0.00888	0.00444	0.00355	0.01066
240	0.01025	0.00832	0.00909	0.00914	0.01155	0.00716	0.00676	0.01266	0.01959	0.02457	0.19770	0.13550	0.47737	0.02068	0.00989	0.00282	0.00421	0.01759	0.00801	0.00716
241	0.02429	0.17005	0.02724	0.02019	0.05574	0.27289	0.01567	0.02667	0.01909	0.05136	0.01903	0.02158	0.06357	0.01065	0.01181	0.00250	0.16637	0.00684	0.00454	0.00991
