[name]
unknown

[dist]
# distance from previous block
# <min> <max>
0	7

[block]
# block no. 0 follows, 21 sequences, length 71
# corresponding to MSA columns:
# 7-77
name=unknown_A
#
# <colnr> <probs for GDERKNQSTAVLIFYWHMCP>
#	G	D	E	R	K	N	Q	S	T	A	V	L	I	F	Y	W	H	M	C	P
0	0.02751	0.02114	0.02188	0.05607	0.08475	0.16145	0.01607	0.11220	0.02452	0.19079	0.02714	0.03900	0.02304	0.01268	0.00907	0.00282	0.00998	0.14104	0.00729	0.01156
1	0.02150	0.01972	0.02241	0.02515	0.16491	0.07874	0.01606	0.03652	0.37630	0.03045	0.02648	0.02723	0.02066	0.01212	0.01089	0.07497	0.00836	0.00856	0.00677	0.01220
2	0.01586	0.00793	0.00793	0.00793	0.00991	0.00793	0.00595	0.01983	0.01785	0.03173	0.02776	0.03173	0.02181	0.00991	0.00595	0.00198	0.00397	0.00793	0.74817	0.00793
3	0.01607	0.01513	0.02552	0.68047	0.05861	0.01891	0.02363	0.02174	0.01702	0.02174	0.01513	0.02269	0.01134	0.00851	0.00851	0.00284	0.01134	0.00756	0.00378	0.00945
4	0.02852	0.02167	0.02346	0.01806	0.02482	0.02307	0.01478	0.45231	0.09293	0.04705	0.02081	0.02100	0.01523	0.00961	0.00811	0.00234	0.00854	0.00736	0.00788	0.15245
5	0.01259	0.00961	0.01167	0.01100	0.01342	0.00915	0.00829	0.01823	0.08194	0.03241	0.49174	0.06356	0.16916	0.01753	0.00991	0.00273	0.00433	0.01526	0.00906	0.00841
6	0.01885	0.19263	0.42762	0.02446	0.06163	0.02315	0.08608	0.02661	0.01809	0.02543	0.01471	0.01762	0.01115	0.00779	0.00770	0.00250	0.01185	0.00632	0.00370	0.01213
7	0.01836	0.01790	0.03043	0.29298	0.13163	0.01957	0.15424	0.02750	0.13138	0.02646	0.02253	0.02686	0.04338	0.00923	0.00894	0.00281	0.01067	0.00897	0.00504	0.01112
8	0.01006	0.00862	0.00862	0.00862	0.01149	0.00718	0.00647	0.01221	0.01940	0.02299	0.08621	0.08190	0.64438	0.02155	0.01006	0.00287	0.00431	0.01796	0.00790	0.00718
9	0.01238	0.00825	0.00928	0.00928	0.00928	0.00825	0.00516	0.01238	0.01238	0.01650	0.02681	0.05569	0.03094	0.70092	0.04331	0.00825	0.00825	0.01238	0.00516	0.00516
10	0.01965	0.30867	0.35174	0.02147	0.03153	0.02554	0.08107	0.02639	0.01790	0.02419	0.01407	0.01671	0.01104	0.00767	0.00722	0.00236	0.01135	0.00595	0.00368	0.01180
11	0.27814	0.25400	0.02587	0.01360	0.01998	0.02205	0.01210	0.03037	0.01857	0.22598	0.01869	0.01854	0.01354	0.00852	0.00637	0.00235	0.00766	0.00583	0.00637	0.01147
12	0.09529	0.01769	0.01920	0.01559	0.02053	0.01910	0.01258	0.34569	0.03184	0.04515	0.24309	0.03527	0.03758	0.01257	0.00875	0.00261	0.00718	0.01014	0.00851	0.01165
13	0.02753	0.02014	0.02198	0.01772	0.02384	0.02183	0.01430	0.30083	0.25478	0.10260	0.02647	0.02518	0.01918	0.01040	0.00838	0.00257	0.00793	0.00824	0.00846	0.07761
14	0.01238	0.00825	0.00928	0.00928	0.00928	0.00825	0.00516	0.01238	0.01238	0.01650	0.02681	0.05569	0.03094	0.70092	0.04331	0.00825	0.00825	0.01238	0.00516	0.00516
15	0.03179	0.04056	0.02412	0.02192	0.02631	0.66676	0.01644	0.03398	0.02412	0.02083	0.01315	0.01535	0.01096	0.00877	0.00767	0.00219	0.01535	0.00548	0.00438	0.00987
16	0.05424	0.02005	0.03355	0.05039	0.61953	0.02017	0.02536	0.02607	0.01916	0.02827	0.01582	0.02074	0.01329	0.00760	0.00828	0.00253	0.00995	0.00745	0.00426	0.01329
17	0.02667	0.01988	0.02210	0.04914	0.02499	0.02171	0.01497	0.44563	0.03422	0.04557	0.06143	0.03572	0.07880	0.01283	0.00905	0.00273	0.00857	0.06518	0.00821	0.01259
18	0.02187	0.30431	0.17131	0.02720	0.17030	0.08794	0.05544	0.02686	0.01873	0.02378	0.01396	0.01697	0.01160	0.00766	0.00718	0.00226	0.01098	0.00602	0.00387	0.01179
19	0.01607	0.01513	0.02552	0.68047	0.05861	0.01891	0.02363	0.02174	0.01702	0.02174	0.01513	0.02269	0.01134	0.00851	0.00851	0.00284	0.01134	0.00756	0.00378	0.00945
20	0.02110	0.02061	0.03251	0.10982	0.53423	0.05097	0.02487	0.02690	0.04601	0.02722	0.01660	0.02141	0.01370	0.00790	0.00841	0.00256	0.01033	0.00757	0.00437	0.01292
21	0.02038	0.01952	0.03330	0.13863	0.56680	0.02004	0.02578	0.02552	0.01905	0.02697	0.01589	0.02129	0.01319	0.00771	0.00844	0.00257	0.01028	0.00758	0.00415	0.01293
22	0.01037	0.00741	0.00987	0.01185	0.01234	0.00691	0.00790	0.01185	0.01629	0.02172	0.04690	0.69537	0.05629	0.02666	0.01086	0.00346	0.00494	0.02419	0.00790	0.00691
23	0.02142	0.02732	0.23369	0.05992	0.03556	0.01960	0.20433	0.03215	0.13795	0.10830	0.02193	0.02380	0.01571	0.00881	0.00888	0.00278	0.01125	0.00844	0.00568	0.01249
24	0.01238	0.00825	0.00928	0.00928	0.00928	0.00825	0.00516	0.01238	0.01238	0.01650	0.02681	0.05569	0.03094	0.70092	0.04331	0.00825	0.00825	0.01238	0.00516	0.00516
25	0.01703	0.16301	0.39192	0.01997	0.02900	0.02034	0.02343	0.02397	0.01685	0.02397	0.01634	0.02069	0.01321	0.02071	0.15871	0.00505	0.01425	0.00660	0.00382	0.01112
26	0.02501	0.42358	0.03444	0.01630	0.02214	0.23590	0.01434	0.02769	0.01955	0.02141	0.01379	0.01594	0.01198	0.00802	0.00622	0.00196	0.01063	0.00518	0.07563	0.01029
27	0.01955	0.09613	0.28948	0.03646	0.31091	0.02139	0.05454	0.02645	0.01864	0.02668	0.01536	0.01918	0.01211	0.00774	0.00808	0.00254	0.01121	0.00688	0.00391	0.01277
28	0.02106	0.02022	0.03454	0.05223	0.64784	0.02022	0.02612	0.02612	0.01938	0.02780	0.01601	0.02106	0.01348	0.00758	0.00842	0.00253	0.01011	0.00758	0.00421	0.01348
29	0.01035	0.00748	0.00980	0.01166	0.01229	0.00693	0.00782	0.01187	0.01647	0.02180	0.04915	0.66029	0.08991	0.02637	0.01082	0.00342	0.00490	0.02384	0.00790	0.00693
30	0.03179	0.04056	0.02412	0.02192	0.02631	0.66676	0.01644	0.03398	0.02412	0.02083	0.01315	0.01535	0.01096	0.00877	0.00767	0.00219	0.01535	0.00548	0.00438	0.00987
31	0.01657	0.04708	0.01917	0.13268	0.02458	0.04618	0.01387	0.07561	0.01815	0.02394	0.02720	0.17820	0.05295	0.06067	0.13288	0.00524	0.09864	0.01205	0.00557	0.00877
32	0.01238	0.00825	0.00928	0.00928	0.00928	0.00825	0.00516	0.01238	0.01238	0.01650	0.02681	0.05569	0.03094	0.70092	0.04331	0.00825	0.00825	0.01238	0.00516	0.00516
33	0.01238	0.00825	0.00928	0.00928	0.00928	0.00825	0.00516	0.01238	0.01238	0.01650	0.02681	0.05569	0.03094	0.70092	0.04331	0.00825	0.00825	0.01238	0.00516	0.00516
34	0.01707	0.04402	0.65683	0.02426	0.03683	0.01976	0.03144	0.02695	0.01797	0.02695	0.01527	0.01797	0.01078	0.00809	0.00809	0.00270	0.01258	0.00629	0.00359	0.01258
35	0.03092	0.10469	0.02609	0.02121	0.02588	0.60575	0.01626	0.03316	0.02346	0.02075	0.01303	0.01518	0.01096	0.00863	0.00746	0.00216	0.01474	0.00539	0.00431	0.00997
36	0.76103	0.01646	0.01251	0.01119	0.01646	0.01909	0.00922	0.02502	0.01448	0.03818	0.01185	0.01382	0.00922	0.00790	0.00527	0.00263	0.00658	0.00461	0.00527	0.00922
37	0.01048	0.00873	0.00921	0.00935	0.01210	0.00746	0.00719	0.01288	0.01964	0.02374	0.10906	0.08229	0.56421	0.02153	0.01021	0.00296	0.00461	0.06910	0.00797	0.00728
38	0.01090	0.00881	0.00994	0.01016	0.01263	0.00749	0.00733	0.01297	0.01811	0.02299	0.06526	0.29581	0.37250	0.02192	0.00998	0.00293	0.00473	0.01895	0.00763	0.07896
39	0.03179	0.04056	0.02412	0.02192	0.02631	0.66676	0.01644	0.03398	0.02412	0.02083	0.01315	0.01535	0.01096	0.00877	0.00767	0.00219	0.01535	0.00548	0.00438	0.00987
40	0.01253	0.00966	0.01439	0.01417	0.01560	0.01152	0.01109	0.01550	0.01364	0.01980	0.02213	0.03259	0.02070	0.06103	0.63065	0.01311	0.06068	0.00902	0.00451	0.00770
41	0.03235	0.02384	0.02554	0.01958	0.02639	0.02639	0.01618	0.61946	0.04001	0.05363	0.02043	0.02043	0.01447	0.01022	0.00851	0.00255	0.00936	0.00766	0.00851	0.01447
42	0.01037	0.00741	0.00987	0.01185	0.01234	0.00691	0.00790	0.01185	0.01629	0.02172	0.04690	0.69537	0.05629	0.02666	0.01086	0.00346	0.00494	0.02419	0.00790	0.00691
43	0.01110	0.00838	0.01026	0.01038	0.01229	0.00754	0.00756	0.01401	0.02098	0.02815	0.34978	0.21359	0.23356	0.02069	0.01023	0.00291	0.00431	0.01813	0.00862	0.00754
44	0.01707	0.04402	0.65683	0.02426	0.03683	0.01976	0.03144	0.02695	0.01797	0.02695	0.01527	0.01797	0.01078	0.00809	0.00809	0.00270	0.01258	0.00629	0.00359	0.01258
45	0.01079	0.00830	0.00970	0.01005	0.01191	0.00739	0.00717	0.01312	0.01939	0.02516	0.21650	0.23712	0.30870	0.06067	0.01217	0.00328	0.00462	0.01862	0.00812	0.00722
46	0.01201	0.00880	0.01133	0.01098	0.01307	0.00812	0.00842	0.01583	0.02319	0.03219	0.53033	0.06851	0.13332	0.01840	0.01020	0.00282	0.00441	0.07108	0.00907	0.00793
47	0.76103	0.01646	0.01251	0.01119	0.01646	0.01909	0.00922	0.02502	0.01448	0.03818	0.01185	0.01382	0.00922	0.00790	0.00527	0.00263	0.00658	0.00461	0.00527	0.00922
48	0.06224	0.02475	0.16569	0.01777	0.02472	0.04901	0.01703	0.24137	0.02748	0.06281	0.12932	0.02985	0.05465	0.01115	0.00844	0.00255	0.00884	0.00882	0.00706	0.04648
49	0.02111	0.01521	0.01670	0.01302	0.01859	0.01438	0.01043	0.18510	0.02385	0.03612	0.02064	0.02293	0.01607	0.00854	0.00680	0.00185	0.00639	0.00669	0.24443	0.31117
50	0.76103	0.01646	0.01251	0.01119	0.01646	0.01909	0.00922	0.02502	0.01448	0.03818	0.01185	0.01382	0.00922	0.00790	0.00527	0.00263	0.00658	0.00461	0.00527	0.00922
51	0.02931	0.02233	0.02383	0.01897	0.02523	0.02497	0.01544	0.46354	0.20087	0.04874	0.02429	0.02350	0.01760	0.01058	0.00855	0.00264	0.00865	0.00819	0.00855	0.01420
52	0.76103	0.01646	0.01251	0.01119	0.01646	0.01909	0.00922	0.02502	0.01448	0.03818	0.01185	0.01382	0.00922	0.00790	0.00527	0.00263	0.00658	0.00461	0.00527	0.00922
53	0.02106	0.02022	0.03454	0.05223	0.64784	0.02022	0.02612	0.02612	0.01938	0.02780	0.01601	0.02106	0.01348	0.00758	0.00842	0.00253	0.01011	0.00758	0.00421	0.01348
54	0.02117	0.01828	0.01924	0.01732	0.02213	0.02117	0.01347	0.04522	0.63246	0.03560	0.03464	0.03175	0.02598	0.01155	0.00866	0.00289	0.00673	0.00962	0.00866	0.01347
55	0.02009	0.02296	0.05022	0.03587	0.04448	0.02152	0.61693	0.02726	0.02009	0.02726	0.01722	0.02296	0.01291	0.00717	0.01004	0.00287	0.01435	0.01004	0.00430	0.01148
56	0.01192	0.00806	0.00942	0.00987	0.00998	0.00794	0.00579	0.01225	0.01327	0.01770	0.03142	0.20236	0.03675	0.54633	0.03587	0.00715	0.00749	0.01509	0.00579	0.00556
57	0.03694	0.01421	0.01935	0.01493	0.02130	0.01229	0.01229	0.04026	0.02434	0.62424	0.06259	0.03061	0.02388	0.01086	0.00863	0.00264	0.00709	0.00888	0.01048	0.01418
58	0.01037	0.00741	0.00987	0.01185	0.01234	0.00691	0.00790	0.01185	0.01629	0.02172	0.04690	0.69537	0.05629	0.02666	0.01086	0.00346	0.00494	0.02419	0.00790	0.00691
59	0.02117	0.01828	0.01924	0.01732	0.02213	0.02117	0.01347	0.04522	0.63246	0.03560	0.03464	0.03175	0.02598	0.01155	0.00866	0.00289	0.00673	0.00962	0.00866	0.01347
60	0.01030	0.00768	0.00959	0.01111	0.01215	0.00697	0.00757	0.01193	0.01700	0.02201	0.05592	0.55471	0.19113	0.02549	0.01068	0.00332	0.00479	0.02276	0.00790	0.00697
61	0.01586	0.00793	0.00793	0.00793	0.00991	0.00793	0.00595	0.01983	0.01785	0.03173	0.02776	0.03173	0.02181	0.00991	0.00595	0.00198	0.00397	0.00793	0.74817	0.00793
62	0.03818	0.01448	0.01975	0.01514	0.02172	0.01251	0.01251	0.04147	0.02436	0.65373	0.03357	0.02897	0.02107	0.01053	0.00856	0.00263	0.00724	0.00856	0.01053	0.01448
63	0.01864	0.22664	0.48795	0.02158	0.03270	0.02360	0.02679	0.02655	0.01778	0.02504	0.01432	0.01678	0.01082	0.00786	0.00736	0.00245	0.01162	0.00581	0.00361	0.01212
64	0.01707	0.02380	0.17722	0.05544	0.03424	0.01838	0.26944	0.02305	0.01796	0.02495	0.02341	0.10872	0.04774	0.04139	0.01276	0.00321	0.07507	0.01105	0.00471	0.01040
65	0.01037	0.00741	0.00987	0.01185	0.01234	0.00691	0.00790	0.01185	0.01629	0.02172	0.04690	0.69537	0.05629	0.02666	0.01086	0.00346	0.00494	0.02419	0.00790	0.00691
66	0.01030	0.00768	0.00959	0.01113	0.01215	0.00697	0.00758	0.01193	0.01699	0.02201	0.05571	0.55796	0.18802	0.02552	0.01068	0.00333	0.00480	0.02280	0.00790	0.00697
67	0.02352	0.02488	0.03215	0.04528	0.50533	0.16846	0.02390	0.02792	0.02046	0.02620	0.01535	0.01975	0.01290	0.00785	0.00825	0.00245	0.01131	0.00710	0.00425	0.01265
68	0.01279	0.01146	0.01107	0.01078	0.01396	0.03724	0.00824	0.01828	0.11102	0.02488	0.07371	0.07220	0.50040	0.01960	0.00982	0.00289	0.00529	0.04024	0.00786	0.00826
69	0.01557	0.01498	0.01419	0.01381	0.01584	0.13008	0.01033	0.01774	0.01699	0.02055	0.03694	0.07731	0.15797	0.13107	0.22926	0.00715	0.04097	0.03604	0.00560	0.00762
70	0.01953	0.18275	0.32707	0.03014	0.19728	0.02304	0.05356	0.02642	0.01829	0.02566	0.01480	0.01807	0.01163	0.00773	0.00769	0.00247	0.01123	0.00643	0.00380	0.01240

[dist]
# distance from previous block
# <min> <max>
0	54

[block]
# block no. 1 follows, 21 sequences, length 31
# corresponding to MSA columns:
# 132-162
name=unknown_B
#
# <colnr> <probs for GDERKNQSTAVLIFYWHMCP>
#	G	D	E	R	K	N	Q	S	T	A	V	L	I	F	Y	W	H	M	C	P
0	0.01954	0.15968	0.40304	0.02601	0.09412	0.05852	0.07203	0.02702	0.01849	0.02546	0.01475	0.01773	0.01124	0.00786	0.00777	0.00251	0.01200	0.00634	0.00376	0.01213
1	0.02102	0.02479	0.11062	0.04252	0.44232	0.08486	0.05771	0.02636	0.01972	0.02671	0.01933	0.02335	0.04551	0.00847	0.00848	0.00255	0.01088	0.00788	0.00435	0.01256
2	0.01940	0.01852	0.03153	0.26203	0.45106	0.01978	0.02529	0.02466	0.01859	0.02578	0.01571	0.02161	0.01277	0.00789	0.00845	0.00263	0.01052	0.00758	0.00407	0.01214
3	0.01795	0.02936	0.28215	0.18389	0.04483	0.02021	0.24700	0.02583	0.01853	0.02583	0.01596	0.02094	0.01171	0.00785	0.00891	0.00279	0.01294	0.00798	0.00390	0.01143
4	0.02930	0.26576	0.02966	0.01703	0.02307	0.20158	0.01441	0.03414	0.08169	0.19468	0.02038	0.02008	0.01518	0.00900	0.00723	0.00225	0.01009	0.00640	0.00622	0.01185
5	0.01006	0.00862	0.00862	0.00862	0.01149	0.00718	0.00647	0.01221	0.01940	0.02299	0.08621	0.08190	0.64438	0.02155	0.01006	0.00287	0.00431	0.01796	0.00790	0.00718
6	0.01128	0.00867	0.01031	0.00990	0.01224	0.00770	0.00743	0.01458	0.02228	0.02983	0.42846	0.07064	0.29786	0.01900	0.01005	0.00275	0.00413	0.01638	0.00880	0.00770
7	0.01222	0.00819	0.00933	0.00948	0.00952	0.00815	0.00537	0.01234	0.01268	0.01690	0.02836	0.10486	0.03289	0.64910	0.04082	0.00788	0.00800	0.01328	0.00537	0.00529
8	0.01216	0.00912	0.01368	0.01368	0.01520	0.01064	0.01064	0.01520	0.01368	0.01976	0.02279	0.03343	0.02127	0.06382	0.66720	0.01368	0.02279	0.00912	0.00456	0.00760
9	0.01110	0.00866	0.01006	0.00971	0.01213	0.00763	0.00728	0.01422	0.02185	0.02881	0.37742	0.07232	0.34954	0.01938	0.01005	0.00277	0.00416	0.01662	0.00867	0.00763
10	0.01216	0.00912	0.01368	0.01368	0.01520	0.01064	0.01064	0.01520	0.01368	0.01976	0.02279	0.03343	0.02127	0.06382	0.66720	0.01368	0.02279	0.00912	0.00456	0.00760
11	0.01575	0.00930	0.01090	0.01015	0.01188	0.00866	0.00677	0.01702	0.01659	0.11470	0.09337	0.05762	0.15640	0.40228	0.02857	0.00585	0.00694	0.01318	0.00688	0.00721
12	0.03179	0.04056	0.02412	0.02192	0.02631	0.66676	0.01644	0.03398	0.02412	0.02083	0.01315	0.01535	0.01096	0.00877	0.00767	0.00219	0.01535	0.00548	0.00438	0.00987
13	0.01607	0.01513	0.02552	0.68047	0.05861	0.01891	0.02363	0.02174	0.01702	0.02174	0.01513	0.02269	0.01134	0.00851	0.00851	0.00284	0.01134	0.00756	0.00378	0.00945
14	0.01710	0.01380	0.01611	0.01610	0.01948	0.01512	0.01323	0.03059	0.31347	0.03020	0.04216	0.06447	0.06828	0.01767	0.01018	0.00337	0.00713	0.28281	0.00823	0.01050
15	0.01238	0.00825	0.00928	0.00928	0.00928	0.00825	0.00516	0.01238	0.01238	0.01650	0.02681	0.05569	0.03094	0.70092	0.04331	0.00825	0.00825	0.01238	0.00516	0.00516
16	0.01765	0.01513	0.01765	0.01260	0.02017	0.01134	0.01008	0.02143	0.01765	0.02773	0.01513	0.01765	0.01260	0.00630	0.00630	0.00126	0.00630	0.00504	0.00504	0.75295
17	0.01140	0.00902	0.01048	0.01110	0.01361	0.00811	0.00898	0.01425	0.01974	0.02448	0.10590	0.08550	0.41204	0.02196	0.01062	0.00321	0.00547	0.20872	0.00797	0.00745
18	0.07732	0.01875	0.02921	0.14322	0.03295	0.02269	0.13325	0.05935	0.01742	0.05753	0.01480	0.02046	0.01209	0.01121	0.01707	0.00319	0.30677	0.00782	0.00460	0.01032
19	0.01607	0.01513	0.02552	0.68047	0.05861	0.01891	0.02363	0.02174	0.01702	0.02174	0.01513	0.02269	0.01134	0.00851	0.00851	0.00284	0.01134	0.00756	0.00378	0.00945
20	0.01037	0.00741	0.00987	0.01185	0.01234	0.00691	0.00790	0.01185	0.01629	0.02172	0.04690	0.69537	0.05629	0.02666	0.01086	0.00346	0.00494	0.02419	0.00790	0.00691
21	0.01614	0.02335	0.21967	0.01845	0.05620	0.01599	0.01752	0.02734	0.19904	0.02821	0.04476	0.04359	0.22758	0.01359	0.00893	0.00280	0.00796	0.01124	0.00656	0.01108
22	0.01786	0.03908	0.53439	0.02292	0.03401	0.02003	0.02799	0.03046	0.13598	0.02861	0.01899	0.02061	0.01370	0.00875	0.00820	0.00273	0.01146	0.00693	0.00457	0.01275
23	0.01006	0.00862	0.00862	0.00862	0.01149	0.00718	0.00647	0.01221	0.01940	0.02299	0.08621	0.08190	0.64438	0.02155	0.01006	0.00287	0.00431	0.01796	0.00790	0.00718
24	0.01072	0.00865	0.00955	0.00932	0.01190	0.00747	0.00699	0.01350	0.02097	0.02673	0.27323	0.07575	0.45503	0.02016	0.01005	0.00281	0.00421	0.01710	0.00839	0.00747
25	0.01773	0.03568	0.45439	0.11239	0.16032	0.01975	0.02941	0.02613	0.01813	0.02646	0.01540	0.01917	0.01138	0.00804	0.00821	0.00268	0.01193	0.00670	0.00374	0.01236
26	0.08601	0.02691	0.02515	0.05668	0.11962	0.21892	0.01738	0.24770	0.02819	0.06809	0.01732	0.01902	0.01304	0.00914	0.00800	0.00246	0.01107	0.00679	0.00624	0.01227
27	0.02106	0.02022	0.03454	0.05223	0.64784	0.02022	0.02612	0.02612	0.01938	0.02780	0.01601	0.02106	0.01348	0.00758	0.00842	0.00253	0.01011	0.00758	0.00421	0.01348
28	0.01065	0.00801	0.00994	0.01135	0.01268	0.00731	0.00813	0.01259	0.01754	0.02250	0.05791	0.45468	0.22312	0.02486	0.01073	0.00334	0.00508	0.08461	0.00789	0.00709
29	0.05679	0.13290	0.14590	0.03586	0.31936	0.02195	0.08175	0.02700	0.01889	0.05865	0.01603	0.01958	0.01272	0.00775	0.00791	0.00249	0.01049	0.00702	0.00439	0.01257
30	0.01740	0.01829	0.08627	0.02409	0.11392	0.01643	0.09889	0.07598	0.01919	0.02685	0.02608	0.23419	0.02710	0.04280	0.01292	0.00318	0.08606	0.01307	0.00576	0.05153

[dist]
# distance from previous block
# <min> <max>
13	94

[block]
# block no. 2 follows, 21 sequences, length 60
# corresponding to MSA columns:
# 258-317
name=unknown_C
#
# <colnr> <probs for GDERKNQSTAVLIFYWHMCP>
#	G	D	E	R	K	N	Q	S	T	A	V	L	I	F	Y	W	H	M	C	P
0	0.02657	0.11943	0.03181	0.02232	0.02849	0.15488	0.13055	0.20859	0.10277	0.03365	0.01854	0.02030	0.01427	0.00932	0.00910	0.00253	0.04125	0.00749	0.00602	0.01213
1	0.01787	0.01975	0.14445	0.01826	0.07350	0.01472	0.01493	0.02561	0.13260	0.05698	0.02348	0.03307	0.02097	0.22415	0.01891	0.00420	0.00861	0.00883	0.00568	0.13343
2	0.02089	0.09130	0.10752	0.02543	0.14708	0.11804	0.01895	0.02589	0.04702	0.04763	0.01732	0.02201	0.01462	0.02033	0.14216	0.00484	0.10634	0.00722	0.00456	0.01085
3	0.01804	0.01860	0.04947	0.01765	0.02047	0.10199	0.01459	0.02433	0.11337	0.02480	0.05034	0.11367	0.02785	0.02078	0.08363	0.00425	0.15827	0.09130	0.00600	0.04060
4	0.02553	0.02323	0.08265	0.02212	0.10590	0.14821	0.01640	0.09247	0.05374	0.16013	0.02833	0.12980	0.04901	0.01256	0.00874	0.00268	0.00950	0.01039	0.00694	0.01167
5	0.09187	0.02035	0.03000	0.06376	0.22744	0.07299	0.14433	0.02655	0.06998	0.02690	0.01806	0.02484	0.01544	0.08235	0.01312	0.00330	0.04456	0.00832	0.00478	0.01105
6	0.02516	0.12851	0.03352	0.03421	0.27723	0.25936	0.07071	0.02900	0.02087	0.02406	0.01445	0.01804	0.01213	0.00794	0.00785	0.00233	0.01224	0.00657	0.00420	0.01161
7	0.02219	0.22731	0.02713	0.08895	0.07654	0.18133	0.01469	0.02544	0.01903	0.02344	0.01698	0.02144	0.01444	0.03925	0.00838	0.00240	0.00983	0.00644	0.16500	0.00982
8	0.01626	0.08769	0.01832	0.01354	0.01779	0.04034	0.01089	0.02100	0.07718	0.02480	0.03895	0.11727	0.17630	0.01471	0.01004	0.00250	0.06370	0.03947	0.00628	0.20298
9	0.01400	0.00887	0.01172	0.01145	0.01345	0.00813	0.00841	0.01722	0.02188	0.08821	0.41595	0.24115	0.06792	0.01941	0.01014	0.00290	0.00458	0.01727	0.00906	0.00831
10	0.01687	0.01578	0.02651	0.46343	0.20538	0.01823	0.02294	0.02203	0.01756	0.02329	0.01803	0.07901	0.01568	0.00980	0.00869	0.00281	0.01049	0.00897	0.00424	0.01027
11	0.06691	0.02828	0.02479	0.08619	0.05682	0.24821	0.01709	0.30021	0.03000	0.03714	0.01674	0.01857	0.01263	0.00931	0.00805	0.00246	0.01154	0.00673	0.00625	0.01206
12	0.02021	0.01056	0.01314	0.01158	0.01535	0.00917	0.00900	0.02308	0.02182	0.24291	0.18074	0.11264	0.26106	0.01732	0.00961	0.00280	0.00531	0.01472	0.00912	0.00986
13	0.01037	0.00741	0.00987	0.01185	0.01234	0.00691	0.00790	0.01185	0.01629	0.02172	0.04690	0.69537	0.05629	0.02666	0.01086	0.00346	0.00494	0.02419	0.00790	0.00691
14	0.02120	0.02120	0.06335	0.07439	0.37428	0.02015	0.15452	0.02857	0.07379	0.05632	0.01864	0.02273	0.01457	0.00805	0.00880	0.00266	0.01079	0.00829	0.00486	0.01284
15	0.03179	0.04056	0.02412	0.02192	0.02631	0.66676	0.01644	0.03398	0.02412	0.02083	0.01315	0.01535	0.01096	0.00877	0.00767	0.00219	0.01535	0.00548	0.00438	0.00987
16	0.01054	0.00748	0.00982	0.01163	0.01209	0.00703	0.00767	0.01189	0.01596	0.02128	0.04521	0.64141	0.05415	0.08353	0.01360	0.00386	0.00522	0.02320	0.00767	0.00676
17	0.01216	0.00912	0.01368	0.01368	0.01520	0.01064	0.01064	0.01520	0.01368	0.01976	0.02279	0.03343	0.02127	0.06382	0.66720	0.01368	0.02279	0.00912	0.00456	0.00760
18	0.01006	0.00862	0.00862	0.00862	0.01149	0.00718	0.00647	0.01221	0.01940	0.02299	0.08621	0.08190	0.64438	0.02155	0.01006	0.00287	0.00431	0.01796	0.00790	0.00718
19	0.01850	0.02019	0.04292	0.03144	0.03863	0.01935	0.49592	0.02485	0.01881	0.02576	0.01833	0.02505	0.01458	0.01848	0.14120	0.00503	0.01603	0.00986	0.00436	0.01070
20	0.02106	0.02022	0.03454	0.05223	0.64784	0.02022	0.02612	0.02612	0.01938	0.02780	0.01601	0.02106	0.01348	0.00758	0.00842	0.00253	0.01011	0.00758	0.00421	0.01348
21	0.01036	0.00863	0.00904	0.00894	0.01168	0.00731	0.00670	0.01280	0.02011	0.02469	0.17124	0.07910	0.55829	0.02092	0.01005	0.00284	0.00427	0.01757	0.00813	0.00731
22	0.03066	0.03867	0.02428	0.02196	0.02597	0.61158	0.01663	0.03282	0.02316	0.02080	0.01298	0.01563	0.01098	0.00930	0.00942	0.00232	0.07304	0.00565	0.00433	0.00982
23	0.02285	0.55173	0.12593	0.01659	0.02431	0.09287	0.01704	0.02650	0.01804	0.02104	0.01243	0.01440	0.01091	0.00753	0.00603	0.00198	0.01018	0.00488	0.00371	0.01104
24	0.01720	0.11103	0.52968	0.02220	0.03315	0.02036	0.02764	0.02566	0.01748	0.02552	0.01563	0.01900	0.01181	0.01338	0.07141	0.00366	0.01319	0.00638	0.00369	0.01192
25	0.02197	0.02292	0.02878	0.06813	0.40334	0.15055	0.02153	0.02711	0.04998	0.02603	0.02307	0.02636	0.07436	0.00941	0.00844	0.00252	0.01051	0.00825	0.00480	0.01196
26	0.01979	0.36148	0.36325	0.01961	0.02964	0.02643	0.02335	0.02625	0.01764	0.02363	0.01362	0.01590	0.01085	0.00770	0.00683	0.00228	0.01091	0.00546	0.00362	0.01178
27	0.01191	0.00805	0.00942	0.00988	0.00999	0.00794	0.00579	0.01225	0.01328	0.01771	0.03146	0.20373	0.03680	0.54488	0.03580	0.00714	0.00748	0.01511	0.00579	0.00556
28	0.01238	0.00825	0.00928	0.00928	0.00928	0.00825	0.00516	0.01238	0.01238	0.01650	0.02681	0.05569	0.03094	0.70092	0.04331	0.00825	0.00825	0.01238	0.00516	0.00516
29	0.02134	0.01747	0.02530	0.01977	0.02514	0.01794	0.16913	0.19564	0.08419	0.03581	0.03043	0.06841	0.08140	0.01154	0.00870	0.00264	0.00858	0.01047	0.15496	0.01114
30	0.01037	0.00741	0.00987	0.01185	0.01234	0.00691	0.00790	0.01185	0.01629	0.02172	0.04690	0.69537	0.05629	0.02666	0.01086	0.00346	0.00494	0.02419	0.00790	0.00691
31	0.01138	0.00830	0.00911	0.00930	0.01034	0.00775	0.00587	0.01227	0.01518	0.01924	0.04925	0.12647	0.24512	0.40136	0.02870	0.00593	0.00657	0.01544	0.00637	0.00603
32	0.01902	0.03149	0.31252	0.03504	0.19849	0.02041	0.20573	0.02683	0.01897	0.02727	0.01605	0.02027	0.01212	0.00768	0.00876	0.00270	0.01246	0.00775	0.00397	0.01248
33	0.02037	0.01952	0.03329	0.13916	0.56631	0.02004	0.02577	0.02551	0.01905	0.02696	0.01589	0.02129	0.01318	0.00771	0.00844	0.00257	0.01028	0.00758	0.00415	0.01292
34	0.02265	0.60527	0.07232	0.01580	0.02280	0.06119	0.01569	0.02566	0.01739	0.02042	0.01202	0.01422	0.01093	0.00781	0.00695	0.00199	0.04750	0.00484	0.00368	0.01086
35	0.01041	0.00873	0.00911	0.00930	0.01209	0.00744	0.00717	0.01274	0.01942	0.02323	0.08224	0.08326	0.58693	0.02174	0.01022	0.00297	0.00465	0.07322	0.00790	0.00725
36	0.01561	0.01391	0.01818	0.01619	0.01701	0.04242	0.03851	0.01717	0.01365	0.01907	0.01981	0.03615	0.02093	0.29900	0.14194	0.00715	0.24159	0.00975	0.00450	0.00746
37	0.01681	0.01292	0.01714	0.01561	0.01808	0.01515	0.01244	0.13864	0.01898	0.02671	0.02133	0.02954	0.01904	0.04879	0.47921	0.01057	0.07595	0.00868	0.00529	0.00914
38	0.01006	0.00862	0.00862	0.00862	0.01149	0.00718	0.00647	0.01221	0.01940	0.02299	0.08621	0.08190	0.64438	0.02155	0.01006	0.00287	0.00431	0.01796	0.00790	0.00718
39	0.01300	0.00828	0.01063	0.01166	0.01311	0.00750	0.00812	0.01477	0.01756	0.08291	0.05184	0.53392	0.14601	0.02430	0.01051	0.00328	0.00506	0.02170	0.00815	0.00769
40	0.02064	0.01979	0.03378	0.10522	0.59814	0.02011	0.02591	0.02575	0.01918	0.02729	0.01593	0.02120	0.01330	0.00766	0.00843	0.00255	0.01021	0.00758	0.00418	0.01314
41	0.01384	0.01160	0.01691	0.01594	0.01706	0.01466	0.01272	0.01657	0.01351	0.01994	0.01976	0.02957	0.01864	0.05106	0.50047	0.01108	0.19560	0.00868	0.00434	0.00804
42	0.01838	0.01880	0.02008	0.01835	0.01992	0.14951	0.01457	0.02084	0.01558	0.02022	0.01682	0.02464	0.01569	0.03573	0.31230	0.00790	0.24997	0.00780	0.00424	0.00865
43	0.02292	0.02465	0.03464	0.04197	0.39217	0.14977	0.12196	0.02759	0.02012	0.02595	0.01540	0.02011	0.01277	0.00812	0.00952	0.00258	0.04574	0.00757	0.00424	0.01222
44	0.01023	0.00868	0.00886	0.00896	0.01179	0.00731	0.00681	0.01247	0.01941	0.02311	0.08425	0.08257	0.61609	0.02165	0.01014	0.00292	0.00448	0.04517	0.00790	0.00722
45	0.03235	0.02384	0.02554	0.01958	0.02639	0.02639	0.01618	0.61946	0.04001	0.05363	0.02043	0.02043	0.01447	0.01022	0.00851	0.00255	0.00936	0.00766	0.00851	0.01447
46	0.01031	0.00765	0.00962	0.01121	0.01217	0.00697	0.00761	0.01192	0.01691	0.02198	0.05475	0.57293	0.17366	0.02564	0.01070	0.00334	0.00481	0.02295	0.00790	0.00697
47	0.01037	0.00741	0.00987	0.01185	0.01234	0.00691	0.00790	0.01185	0.01629	0.02172	0.04690	0.69537	0.05629	0.02666	0.01086	0.00346	0.00494	0.02419	0.00790	0.00691
48	0.01183	0.00869	0.01108	0.01048	0.01258	0.00794	0.00786	0.01565	0.02359	0.03294	0.58390	0.06552	0.14048	0.01784	0.01004	0.00270	0.00405	0.01566	0.00921	0.00794
49	0.01068	0.00865	0.00948	0.00927	0.01188	0.00745	0.00695	0.01342	0.02086	0.02647	0.26036	0.07617	0.46806	0.02025	0.01005	0.00281	0.00422	0.01716	0.00836	0.00745
50	0.02275	0.70604	0.04459	0.01456	0.02184	0.03367	0.01456	0.02548	0.01729	0.02002	0.01183	0.01365	0.01092	0.00728	0.00546	0.00182	0.00910	0.00455	0.00364	0.01092
51	0.03235	0.02384	0.02554	0.01958	0.02639	0.02639	0.01618	0.61946	0.04001	0.05363	0.02043	0.02043	0.01447	0.01022	0.00851	0.00255	0.00936	0.00766	0.00851	0.01447
52	0.01132	0.00803	0.00986	0.01093	0.01163	0.00765	0.00728	0.01256	0.01554	0.02035	0.04394	0.35640	0.10958	0.26086	0.02216	0.00510	0.00627	0.06718	0.00694	0.00641
53	0.03179	0.04056	0.02412	0.02192	0.02631	0.66676	0.01644	0.03398	0.02412	0.02083	0.01315	0.01535	0.01096	0.00877	0.00767	0.00219	0.01535	0.00548	0.00438	0.00987
54	0.02469	0.01723	0.01858	0.01513	0.01957	0.01878	0.01194	0.36529	0.02963	0.04150	0.02316	0.02901	0.01897	0.12046	0.04186	0.00380	0.00857	0.00852	0.17203	0.01127
55	0.01031	0.00831	0.00918	0.00964	0.01182	0.00718	0.00697	0.01244	0.01898	0.02360	0.12295	0.24036	0.44342	0.02253	0.01027	0.00301	0.00445	0.01937	0.00803	0.00718
56	0.01174	0.00811	0.00934	0.00974	0.01012	0.00788	0.00584	0.01225	0.01385	0.01819	0.03663	0.18842	0.09530	0.49812	0.03350	0.00676	0.00720	0.01532	0.00598	0.00571
57	0.02865	0.03548	0.02440	0.15336	0.03276	0.53745	0.01788	0.03154	0.02270	0.02101	0.01355	0.01681	0.01104	0.00872	0.00784	0.00232	0.01455	0.00590	0.00426	0.00978
58	0.55654	0.08264	0.01694	0.01224	0.01795	0.01928	0.01034	0.02809	0.01657	0.14990	0.01585	0.01660	0.01157	0.00833	0.00589	0.00255	0.00695	0.00533	0.00608	0.01035
59	0.02818	0.03442	0.02204	0.02068	0.02458	0.53564	0.01590	0.03072	0.02321	0.02175	0.01952	0.03144	0.01855	0.01171	0.00849	0.00254	0.01385	0.12226	0.00507	0.00946

[dist]
# distance from previous block
# <min> <max>
0	1

[block]
# block no. 3 follows, 21 sequences, length 42
# corresponding to MSA columns:
# 319-360
name=unknown_D
#
# <colnr> <probs for GDERKNQSTAVLIFYWHMCP>
#	G	D	E	R	K	N	Q	S	T	A	V	L	I	F	Y	W	H	M	C	P
0	0.02215	0.23964	0.32618	0.02093	0.03068	0.02308	0.07234	0.02866	0.01888	0.11688	0.01707	0.01868	0.01251	0.00812	0.00752	0.00243	0.01088	0.00641	0.00469	0.01226
1	0.02555	0.02975	0.03065	0.03217	0.19983	0.32756	0.11221	0.02937	0.02145	0.02395	0.01596	0.02200	0.01373	0.00917	0.00940	0.00254	0.04524	0.03403	0.00445	0.01099
2	0.01123	0.00791	0.00988	0.01112	0.01168	0.00756	0.00735	0.01244	0.01543	0.02037	0.04239	0.41636	0.07850	0.24254	0.02130	0.00500	0.00617	0.05934	0.00702	0.00643
3	0.02341	0.53052	0.11356	0.01678	0.02426	0.12498	0.01682	0.02690	0.01837	0.02095	0.01243	0.01441	0.01091	0.00759	0.00609	0.00198	0.01043	0.00489	0.00374	0.01096
4	0.02848	0.02144	0.02147	0.01740	0.02285	0.09687	0.01396	0.35321	0.03231	0.11516	0.09880	0.05951	0.05572	0.01223	0.00878	0.00259	0.00875	0.00968	0.00830	0.01246
5	0.01626	0.01478	0.01569	0.01513	0.01686	0.12510	0.01154	0.01811	0.01508	0.01925	0.01940	0.02849	0.01806	0.04694	0.42963	0.11966	0.05000	0.00815	0.00436	0.00750
6	0.02003	0.01917	0.03268	0.18218	0.52596	0.01995	0.02560	0.02521	0.01889	0.02655	0.01583	0.02140	0.01304	0.00777	0.00844	0.00259	0.01037	0.00758	0.00412	0.01265
7	0.02033	0.01947	0.03322	0.14446	0.56133	0.02003	0.02575	0.02548	0.01903	0.02691	0.01588	0.02130	0.01317	0.00772	0.00844	0.00257	0.01029	0.00758	0.00415	0.01289
8	0.01805	0.01582	0.02232	0.02292	0.12921	0.06854	0.10172	0.02222	0.01780	0.02628	0.02100	0.02690	0.01748	0.02102	0.15238	0.00487	0.04736	0.00821	0.24632	0.00958
9	0.02180	0.02554	0.04638	0.03382	0.04181	0.11625	0.52877	0.02825	0.02068	0.02632	0.01662	0.02184	0.01263	0.00741	0.00970	0.00277	0.01449	0.00937	0.00432	0.01124
10	0.01105	0.00784	0.00990	0.01095	0.01167	0.00739	0.00724	0.01260	0.01671	0.02244	0.13187	0.42993	0.08250	0.17589	0.01796	0.00439	0.00551	0.01996	0.00750	0.00670
11	0.01204	0.00827	0.01011	0.01040	0.01073	0.00846	0.00648	0.01277	0.01317	0.01782	0.02909	0.14585	0.03303	0.49471	0.14355	0.00846	0.01021	0.01356	0.00546	0.00583
12	0.01422	0.01234	0.01336	0.01361	0.04653	0.01238	0.00972	0.02364	0.21885	0.02733	0.06595	0.06257	0.41189	0.01760	0.00952	0.00286	0.00539	0.01473	0.00797	0.00954
13	0.08986	0.02397	0.15034	0.08013	0.28187	0.01984	0.06697	0.05658	0.05031	0.07316	0.01787	0.02110	0.01357	0.00827	0.00822	0.00264	0.01026	0.00741	0.00503	0.01260
14	0.01175	0.00899	0.01085	0.01132	0.01357	0.00824	0.00901	0.01475	0.02009	0.02580	0.18863	0.08107	0.30460	0.05693	0.01233	0.00344	0.00557	0.19755	0.00805	0.00746
15	0.03235	0.02384	0.02554	0.01958	0.02639	0.02639	0.01618	0.61946	0.04001	0.05363	0.02043	0.02043	0.01447	0.01022	0.00851	0.00255	0.00936	0.00766	0.00851	0.01447
16	0.01326	0.01241	0.02189	0.01847	0.02195	0.01142	0.19315	0.01662	0.01812	0.02369	0.04639	0.35732	0.17073	0.01961	0.01044	0.00315	0.00767	0.01853	0.00680	0.00836
17	0.01681	0.01275	0.01366	0.01237	0.01588	0.01281	0.00952	0.17203	0.05152	0.03191	0.05585	0.16695	0.30685	0.01823	0.00944	0.00283	0.00582	0.01529	0.06011	0.00937
18	0.01060	0.00757	0.01014	0.01211	0.01271	0.00711	0.00830	0.01225	0.01652	0.02198	0.04678	0.65382	0.05578	0.02644	0.01092	0.00349	0.00514	0.06346	0.00790	0.00698
19	0.02106	0.02022	0.03454	0.05223	0.64784	0.02022	0.02612	0.02612	0.01938	0.02780	0.01601	0.02106	0.01348	0.00758	0.00842	0.00253	0.01011	0.00758	0.00421	0.01348
20	0.02125	0.02322	0.04282	0.04069	0.25718	0.06640	0.36520	0.02733	0.02012	0.02700	0.01650	0.02175	0.01298	0.00743	0.00930	0.00270	0.01291	0.00885	0.00428	0.01207
21	0.01017	0.00817	0.00909	0.00983	0.01181	0.00708	0.00700	0.01208	0.01823	0.02251	0.07147	0.31193	0.42387	0.02347	0.01036	0.00309	0.00455	0.02030	0.00790	0.00708
22	0.03535	0.01903	0.02257	0.01730	0.02399	0.01926	0.01429	0.32263	0.03197	0.36182	0.02718	0.02481	0.01786	0.01038	0.00854	0.00259	0.00827	0.00812	0.00955	0.01448
23	0.01216	0.00912	0.01368	0.01368	0.01520	0.01064	0.01064	0.01520	0.01368	0.01976	0.02279	0.03343	0.02127	0.06382	0.66720	0.01368	0.02279	0.00912	0.00456	0.00760
24	0.01791	0.08682	0.52533	0.02529	0.03692	0.02099	0.11623	0.02689	0.01823	0.02652	0.01532	0.01840	0.01110	0.00790	0.00819	0.00266	0.01260	0.00672	0.00370	0.01230
25	0.02586	0.03069	0.02366	0.02292	0.06766	0.41347	0.01665	0.02832	0.02032	0.02110	0.01442	0.01897	0.01269	0.01783	0.10807	0.00417	0.13271	0.00650	0.00428	0.00969
26	0.02999	0.17318	0.02820	0.02046	0.02542	0.54060	0.01607	0.03229	0.02276	0.02067	0.01289	0.01501	0.01095	0.00847	0.00723	0.00212	0.01410	0.00530	0.00424	0.01008
27	0.01218	0.00854	0.00982	0.01011	0.01088	0.00830	0.00663	0.01312	0.01462	0.01891	0.03949	0.06602	0.13683	0.48714	0.03308	0.00671	0.00753	0.09820	0.00601	0.00589
28	0.01238	0.00825	0.00928	0.00928	0.00928	0.00825	0.00516	0.01238	0.01238	0.01650	0.02681	0.05569	0.03094	0.70092	0.04331	0.00825	0.00825	0.01238	0.00516	0.00516
29	0.01079	0.00819	0.00994	0.01048	0.01219	0.00734	0.00749	0.01327	0.01969	0.02597	0.24415	0.30624	0.24904	0.02218	0.01035	0.00303	0.00445	0.01950	0.00836	0.00734
30	0.01068	0.00771	0.00960	0.01097	0.01170	0.00718	0.00723	0.01199	0.01602	0.02098	0.04863	0.50252	0.13000	0.14336	0.01640	0.00421	0.00543	0.02131	0.00742	0.00664
31	0.01113	0.00799	0.01055	0.01133	0.01251	0.00742	0.00796	0.01375	0.01981	0.02732	0.31619	0.41012	0.06713	0.02248	0.01049	0.00310	0.00452	0.02022	0.00856	0.00742
32	0.01017	0.00817	0.00909	0.00983	0.01181	0.00708	0.00700	0.01208	0.01823	0.02251	0.07147	0.31193	0.42387	0.02347	0.01036	0.00309	0.00455	0.02030	0.00790	0.00708
33	0.03179	0.04056	0.02412	0.02192	0.02631	0.66676	0.01644	0.03398	0.02412	0.02083	0.01315	0.01535	0.01096	0.00877	0.00767	0.00219	0.01535	0.00548	0.00438	0.00987
34	0.03067	0.02420	0.02452	0.01941	0.02576	0.07062	0.01580	0.49402	0.12587	0.04868	0.02201	0.02174	0.01591	0.01031	0.00848	0.00258	0.00940	0.00780	0.00824	0.01400
35	0.01956	0.01371	0.01603	0.01449	0.01734	0.01467	0.01085	0.19300	0.10537	0.03083	0.02925	0.18134	0.04991	0.02051	0.01667	0.23129	0.00719	0.01205	0.00690	0.00903
36	0.02283	0.02595	0.02941	0.02357	0.02855	0.24080	0.17167	0.02657	0.01939	0.02337	0.01497	0.01972	0.01261	0.01361	0.06647	0.00345	0.12639	0.00724	0.00436	0.11909
37	0.01617	0.01608	0.01416	0.01238	0.01678	0.12325	0.00941	0.01878	0.01947	0.02397	0.04907	0.09385	0.30029	0.01504	0.00856	0.00230	0.00688	0.01229	0.00642	0.23486
38	0.02120	0.02249	0.03234	0.23615	0.27513	0.12882	0.11047	0.02628	0.01956	0.02470	0.01544	0.02087	0.01232	0.00800	0.00856	0.00262	0.01199	0.00758	0.00412	0.01135
39	0.02038	0.01952	0.03330	0.13862	0.56681	0.02004	0.02578	0.02552	0.01905	0.02697	0.01589	0.02129	0.01319	0.00771	0.00844	0.00257	0.01028	0.00758	0.00415	0.01293
40	0.02246	0.45312	0.13417	0.01738	0.02436	0.05186	0.01765	0.02618	0.01744	0.05443	0.01346	0.01584	0.01147	0.00864	0.00909	0.00226	0.09959	0.00545	0.00403	0.01111
41	0.01504	0.01373	0.01521	0.01489	0.01683	0.10696	0.01149	0.01795	0.01521	0.01991	0.02138	0.03078	0.01976	0.05574	0.57038	0.01199	0.02170	0.00858	0.00453	0.00793

[dist]
# distance from previous block
# <min> <max>
0	1

[block]
# block no. 4 follows, 21 sequences, length 62
# corresponding to MSA columns:
# 362-423
name=unknown_E
#
# <colnr> <probs for GDERKNQSTAVLIFYWHMCP>
#	G	D	E	R	K	N	Q	S	T	A	V	L	I	F	Y	W	H	M	C	P
0	0.02242	0.01642	0.01716	0.01481	0.01906	0.05371	0.01155	0.23994	0.02707	0.09669	0.04363	0.18729	0.18135	0.01667	0.00938	0.00282	0.00726	0.01389	0.00818	0.01069
1	0.06218	0.43340	0.09905	0.01725	0.02352	0.08644	0.01677	0.02555	0.01713	0.02184	0.01219	0.01504	0.01086	0.00875	0.00952	0.00229	0.11850	0.00527	0.00380	0.01064
2	0.01195	0.00827	0.00921	0.00929	0.00973	0.00804	0.00546	0.01233	0.01358	0.01767	0.03643	0.08550	0.12292	0.57287	0.03707	0.00726	0.00753	0.01368	0.00567	0.00553
3	0.02970	0.02065	0.02260	0.01785	0.02376	0.02243	0.01453	0.48393	0.03530	0.09353	0.02443	0.08890	0.01952	0.01186	0.00861	0.00262	0.00848	0.00939	0.04853	0.01337
4	0.01233	0.00844	0.01026	0.01026	0.01060	0.00878	0.00638	0.01301	0.01267	0.01723	0.02591	0.05071	0.02878	0.55841	0.18287	0.00946	0.01150	0.01165	0.00502	0.00570
5	0.02910	0.23851	0.03021	0.01973	0.02498	0.47845	0.01588	0.03145	0.02209	0.02059	0.01276	0.01484	0.01095	0.00833	0.00702	0.00208	0.01349	0.00520	0.00416	0.01018
6	0.01460	0.01175	0.01242	0.01163	0.01471	0.01175	0.00866	0.07869	0.13172	0.02744	0.05991	0.11191	0.34775	0.10218	0.01378	0.00355	0.00579	0.01523	0.00776	0.00878
7	0.02246	0.01525	0.01701	0.01448	0.01817	0.01629	0.01084	0.17956	0.16016	0.10505	0.05771	0.03854	0.02685	0.25561	0.02096	0.00466	0.00788	0.01025	0.00763	0.01064
8	0.02477	0.55718	0.04001	0.01621	0.02284	0.17529	0.01498	0.02738	0.01882	0.02020	0.01213	0.01403	0.01093	0.00761	0.00596	0.00190	0.01050	0.00476	0.00381	0.01068
9	0.01609	0.01202	0.01556	0.01445	0.01690	0.01365	0.01120	0.11890	0.05163	0.02604	0.02343	0.03329	0.02131	0.11339	0.45965	0.01068	0.01824	0.00921	0.00551	0.00885
10	0.01171	0.00887	0.01066	0.01090	0.01302	0.00813	0.00843	0.01461	0.02016	0.02628	0.24009	0.07688	0.27898	0.08840	0.01374	0.00358	0.00540	0.14471	0.00806	0.00738
11	0.01131	0.00959	0.00988	0.00964	0.01264	0.00864	0.00728	0.01578	0.08081	0.02507	0.12217	0.07555	0.54118	0.02025	0.00992	0.00286	0.00453	0.01694	0.00809	0.00787
12	0.03118	0.03620	0.02449	0.02150	0.02611	0.51049	0.01651	0.14429	0.02653	0.02703	0.01443	0.01649	0.01164	0.00938	0.00893	0.00234	0.05061	0.00600	0.00513	0.01071
13	0.02984	0.02177	0.02343	0.01838	0.02447	0.02396	0.01501	0.54227	0.03707	0.05010	0.02278	0.07082	0.01795	0.01141	0.00855	0.00259	0.00875	0.00890	0.04840	0.01356
14	0.02957	0.02181	0.02349	0.01818	0.02435	0.02377	0.01475	0.52670	0.03605	0.04854	0.02078	0.02379	0.01601	0.07881	0.01186	0.00305	0.00909	0.00799	0.00799	0.05341
15	0.01499	0.00801	0.00827	0.00827	0.00976	0.00801	0.00575	0.01797	0.01648	0.02793	0.02753	0.03770	0.02409	0.18222	0.01527	0.00355	0.00503	0.00904	0.56289	0.00724
16	0.03331	0.02230	0.02459	0.01885	0.02562	0.02411	0.01557	0.52434	0.03744	0.15239	0.02259	0.02184	0.01556	0.01027	0.00852	0.00257	0.00902	0.00781	0.00885	0.01447
17	0.03179	0.04056	0.02412	0.02192	0.02631	0.66676	0.01644	0.03398	0.02412	0.02083	0.01315	0.01535	0.01096	0.00877	0.00767	0.00219	0.01535	0.00548	0.00438	0.00987
18	0.02117	0.01828	0.01924	0.01732	0.02213	0.02117	0.01347	0.04522	0.63246	0.03560	0.03464	0.03175	0.02598	0.01155	0.00866	0.00289	0.00673	0.00962	0.00866	0.01347
19	0.01087	0.00865	0.00974	0.00947	0.01199	0.00753	0.00710	0.01378	0.02131	0.02753	0.31318	0.07443	0.41459	0.01986	0.01005	0.00279	0.00419	0.01691	0.00850	0.00753
20	0.01009	0.00848	0.00877	0.00900	0.01159	0.00715	0.00663	0.01217	0.01904	0.02284	0.08165	0.15301	0.57622	0.02214	0.01015	0.00294	0.00438	0.01868	0.00790	0.00715
21	0.01344	0.01186	0.01186	0.01164	0.01353	0.07420	0.00839	0.01533	0.01637	0.02016	0.04480	0.05401	0.23842	0.20392	0.21709	0.00743	0.01200	0.01264	0.00585	0.00707
22	0.01168	0.00796	0.00949	0.01017	0.01034	0.00779	0.00610	0.01219	0.01372	0.01830	0.03373	0.27593	0.03967	0.46877	0.03214	0.00660	0.00711	0.01644	0.00610	0.00576
23	0.02107	0.02003	0.03302	0.04876	0.58551	0.02031	0.02486	0.02802	0.08045	0.02858	0.01786	0.02213	0.01472	0.00798	0.00845	0.00256	0.00977	0.00779	0.00466	0.01348
24	0.02069	0.01984	0.03388	0.09857	0.60438	0.02012	0.02593	0.02579	0.01920	0.02736	0.01594	0.02118	0.01332	0.00765	0.00843	0.00255	0.01020	0.00758	0.00418	0.01318
25	0.01736	0.01503	0.01920	0.15160	0.09072	0.01639	0.01503	0.06853	0.19564	0.02916	0.04297	0.04586	0.19713	0.01394	0.00917	0.00287	0.00757	0.04421	0.00695	0.01064
26	0.02106	0.02022	0.03454	0.05223	0.64784	0.02022	0.02612	0.02612	0.01938	0.02780	0.01601	0.02106	0.01348	0.00758	0.00842	0.00253	0.01011	0.00758	0.00421	0.01348
27	0.02005	0.02119	0.09120	0.19841	0.30031	0.02034	0.02335	0.06058	0.12361	0.02893	0.01911	0.02294	0.01485	0.00868	0.00846	0.00268	0.01005	0.00780	0.00503	0.01244
28	0.02111	0.02238	0.02430	0.06028	0.23267	0.20745	0.01815	0.02470	0.01882	0.02286	0.01732	0.02345	0.01516	0.02616	0.22119	0.00605	0.01581	0.00746	0.00436	0.01033
29	0.03179	0.04056	0.02412	0.02192	0.02631	0.66676	0.01644	0.03398	0.02412	0.02083	0.01315	0.01535	0.01096	0.00877	0.00767	0.00219	0.01535	0.00548	0.00438	0.00987
30	0.02159	0.03110	0.29501	0.02896	0.14460	0.02209	0.06897	0.15872	0.02282	0.03245	0.01629	0.01951	0.01229	0.00908	0.01036	0.00275	0.07856	0.00722	0.00487	0.01276
31	0.01272	0.01197	0.01704	0.01427	0.01834	0.01085	0.11911	0.01741	0.06474	0.02470	0.06973	0.06737	0.48278	0.01817	0.00995	0.00287	0.00633	0.01589	0.00730	0.00844
32	0.01744	0.15768	0.02385	0.13683	0.05120	0.01808	0.01462	0.02113	0.01915	0.05902	0.18301	0.03928	0.06956	0.01509	0.03686	0.00314	0.07570	0.04278	0.00607	0.00952
