[name]
unknown

[dist]
# distance from previous block
# <min> <max>
0	28

[block]
# block no. 0 follows, 22 sequences, length 8
# corresponding to MSA columns:
# 31-38
name=unknown_A
#
# <colnr> <probs for GDERKNQSTAVLIFYWHMCP>
#	G	D	E	R	K	N	Q	S	T	A	V	L	I	F	Y	W	H	M	C	P
0	0.04705	0.01464	0.07072	0.01774	0.09375	0.01257	0.01295	0.09058	0.02119	0.02945	0.15447	0.20302	0.13472	0.01690	0.00935	0.00285	0.00654	0.04509	0.00715	0.00927
1	0.11590	0.02000	0.02108	0.01645	0.02284	0.02124	0.01342	0.36136	0.10064	0.04322	0.01944	0.01987	0.01442	0.00905	0.00749	0.00228	0.00789	0.00680	0.00724	0.16936
2	0.01816	0.01563	0.01566	0.01631	0.06041	0.10784	0.01141	0.02427	0.12776	0.07942	0.06655	0.19323	0.17082	0.01673	0.00926	0.00283	0.00709	0.03976	0.00737	0.00949
3	0.02000	0.01996	0.02724	0.11543	0.36772	0.09423	0.02039	0.02430	0.01891	0.02532	0.01934	0.02327	0.05243	0.00830	0.00792	0.00229	0.00966	0.00739	0.00444	0.13147
4	0.02230	0.02350	0.02434	0.02633	0.16802	0.23392	0.05010	0.07638	0.02053	0.02466	0.01713	0.02239	0.01468	0.02444	0.20801	0.00564	0.01544	0.00731	0.00463	0.01025
5	0.25485	0.02218	0.01899	0.01612	0.02148	0.14976	0.01285	0.14970	0.12651	0.12032	0.02001	0.01995	0.01461	0.00926	0.00721	0.00251	0.00877	0.00658	0.00683	0.01151
6	0.02341	0.01650	0.02065	0.01577	0.02205	0.01540	0.05329	0.13123	0.09709	0.14321	0.02211	0.02444	0.01701	0.06085	0.01015	0.00249	0.00756	0.00737	0.00683	0.30259
7	0.02013	0.46190	0.27646	0.01776	0.02681	0.02778	0.02039	0.02541	0.01713	0.02208	0.01281	0.01491	0.01061	0.00740	0.00629	0.00210	0.01016	0.00508	0.00354	0.01127

[dist]
# distance from previous block
# <min> <max>
2	5

[block]
# block no. 1 follows, 22 sequences, length 46
# corresponding to MSA columns:
# 44-89
name=unknown_B
#
# <colnr> <probs for GDERKNQSTAVLIFYWHMCP>
#	G	D	E	R	K	N	Q	S	T	A	V	L	I	F	Y	W	H	M	C	P
0	0.01133	0.01144	0.05636	0.01024	0.01395	0.00840	0.00865	0.01446	0.01958	0.02525	0.18426	0.06654	0.43895	0.01801	0.00936	0.00262	0.00489	0.01513	0.00745	0.07311
1	0.16334	0.03058	0.31177	0.02259	0.03121	0.06852	0.15063	0.02548	0.01766	0.02768	0.01670	0.06627	0.01384	0.00901	0.00793	0.00267	0.01119	0.00778	0.00433	0.01082
2	0.01627	0.07625	0.06281	0.01351	0.01725	0.05988	0.01155	0.07501	0.02325	0.03120	0.38310	0.04736	0.09846	0.01446	0.00955	0.00255	0.02888	0.01203	0.00755	0.00909
3	0.01794	0.03362	0.43496	0.02007	0.02929	0.06323	0.02349	0.02588	0.03957	0.06445	0.08820	0.02848	0.07464	0.01028	0.00827	0.00261	0.01041	0.00823	0.00508	0.01131
4	0.02214	0.22655	0.16744	0.06425	0.17729	0.16122	0.02125	0.02687	0.01889	0.02303	0.01368	0.01677	0.01125	0.00772	0.00718	0.00225	0.01124	0.00586	0.00384	0.01130
5	0.02292	0.38405	0.13465	0.01694	0.02414	0.10902	0.01678	0.10491	0.02104	0.02560	0.03757	0.01892	0.03452	0.00859	0.00670	0.00211	0.00990	0.00602	0.00459	0.01103
6	0.02435	0.02792	0.06534	0.03270	0.26848	0.25139	0.05419	0.08175	0.02232	0.02665	0.01904	0.02191	0.04938	0.00884	0.00813	0.00240	0.01166	0.00733	0.00473	0.01148
7	0.02219	0.01740	0.02070	0.02252	0.14847	0.05921	0.01462	0.03299	0.25007	0.12918	0.03140	0.08975	0.05831	0.01173	0.00846	0.00262	0.00755	0.01004	0.00728	0.05551
8	0.02013	0.01913	0.03163	0.10530	0.54702	0.01970	0.02420	0.02674	0.07298	0.02727	0.01713	0.02161	0.01404	0.00782	0.00825	0.00252	0.00969	0.00757	0.00445	0.01280
9	0.01087	0.00895	0.00967	0.01002	0.01238	0.00817	0.00730	0.01472	0.07408	0.02322	0.06940	0.24163	0.43696	0.02149	0.00991	0.00296	0.00458	0.01842	0.00778	0.00749
10	0.01549	0.00774	0.00774	0.00774	0.00968	0.00774	0.00581	0.01936	0.01742	0.03097	0.02710	0.03097	0.02129	0.00968	0.00581	0.00194	0.00387	0.00774	0.75416	0.00774
11	0.02215	0.02469	0.12050	0.07749	0.14894	0.09329	0.08078	0.17344	0.02378	0.03118	0.02158	0.02457	0.05841	0.01243	0.04716	0.00317	0.01144	0.00805	0.00533	0.01161
12	0.02738	0.22817	0.02937	0.01941	0.02410	0.43476	0.01572	0.02964	0.02068	0.02008	0.01230	0.01480	0.01071	0.00869	0.00866	0.00217	0.07420	0.00527	0.00402	0.00987
13	0.01777	0.01006	0.01164	0.01033	0.01413	0.00854	0.00807	0.02026	0.02052	0.20611	0.09347	0.06439	0.44741	0.01779	0.00940	0.00273	0.00502	0.01480	0.00851	0.00909
14	0.01080	0.00756	0.00931	0.01052	0.01115	0.00713	0.00686	0.01206	0.01530	0.02049	0.04355	0.46162	0.09962	0.19124	0.01806	0.00440	0.00551	0.01960	0.03883	0.00640
15	0.01676	0.01667	0.06418	0.02163	0.14282	0.07162	0.03447	0.02081	0.04294	0.06077	0.03953	0.25697	0.14404	0.01649	0.00928	0.00284	0.00765	0.01455	0.00646	0.00953
16	0.01192	0.00869	0.01230	0.01230	0.01342	0.00981	0.00907	0.01416	0.01304	0.01850	0.02322	0.03797	0.02309	0.22094	0.51966	0.01205	0.01876	0.00968	0.00459	0.00683
17	0.01028	0.00797	0.00943	0.01048	0.01214	0.00712	0.00759	0.01223	0.01756	0.02209	0.06290	0.36753	0.32350	0.02350	0.01033	0.00316	0.00480	0.07273	0.00771	0.00695
18	0.02185	0.02462	0.02159	0.01950	0.02163	0.28820	0.01533	0.02410	0.01732	0.01995	0.01458	0.02053	0.01332	0.02421	0.18358	0.00549	0.24432	0.00690	0.00411	0.00889
19	0.01956	0.01045	0.01372	0.01266	0.01609	0.00946	0.01032	0.02295	0.02176	0.21897	0.22109	0.06274	0.14411	0.01712	0.00979	0.00294	0.00586	0.16196	0.00888	0.00956
20	0.02645	0.30203	0.03190	0.02079	0.11588	0.06188	0.01555	0.07358	0.07517	0.17113	0.01961	0.01992	0.01482	0.00853	0.00706	0.00222	0.00879	0.00647	0.00598	0.01223
21	0.06256	0.24116	0.34771	0.01980	0.02895	0.12034	0.02238	0.02679	0.01804	0.02402	0.01341	0.01567	0.01051	0.00775	0.00691	0.00230	0.01134	0.00542	0.00373	0.01122
22	0.01300	0.01074	0.01474	0.01797	0.11522	0.01082	0.01124	0.01741	0.07274	0.02325	0.04340	0.27221	0.16476	0.02780	0.13989	0.00501	0.00906	0.01561	0.00657	0.00852
23	0.01054	0.00746	0.00980	0.01150	0.01201	0.00706	0.00774	0.01196	0.01566	0.02084	0.04344	0.59248	0.05170	0.10371	0.01427	0.00393	0.00536	0.05652	0.00740	0.00661
24	0.02815	0.02052	0.02223	0.01794	0.02387	0.02275	0.01453	0.36709	0.25427	0.09919	0.02605	0.02465	0.01873	0.01047	0.00837	0.00262	0.00804	0.00824	0.00853	0.01378
25	0.02005	0.03401	0.32281	0.07061	0.03441	0.15440	0.10726	0.02676	0.01897	0.02484	0.01472	0.01797	0.01110	0.00773	0.00789	0.00239	0.01225	0.00643	0.00395	0.10144
26	0.14147	0.04675	0.06479	0.04808	0.13551	0.13555	0.08728	0.02495	0.01732	0.02519	0.01404	0.01871	0.01182	0.01282	0.05842	0.00344	0.13268	0.00675	0.00419	0.01025
27	0.06764	0.24877	0.19595	0.01949	0.02738	0.12444	0.05303	0.12211	0.02156	0.02805	0.01424	0.01623	0.01119	0.00801	0.00703	0.00227	0.01087	0.00580	0.00454	0.01140
28	0.01843	0.02344	0.16024	0.07737	0.34391	0.01864	0.11897	0.02437	0.01835	0.02602	0.01825	0.07982	0.01606	0.00912	0.00862	0.00265	0.01063	0.00894	0.00429	0.01188
29	0.02479	0.07423	0.17024	0.02085	0.05353	0.11341	0.05360	0.13837	0.04382	0.12464	0.02311	0.02404	0.05193	0.01150	0.03269	0.00288	0.01078	0.00764	0.00602	0.01191
30	0.02248	0.02181	0.12478	0.01727	0.02311	0.01934	0.01559	0.30628	0.08491	0.03739	0.02663	0.07505	0.05637	0.07731	0.05025	0.00375	0.00949	0.00963	0.00694	0.01160
31	0.01202	0.00830	0.01029	0.01029	0.01071	0.00872	0.00657	0.01287	0.01244	0.01702	0.02505	0.04814	0.02750	0.52306	0.22357	0.00957	0.01212	0.01117	0.00487	0.00572
32	0.01562	0.01931	0.14873	0.02412	0.12451	0.01428	0.10780	0.02125	0.02011	0.02819	0.20391	0.04760	0.03858	0.01347	0.00953	0.00288	0.00878	0.13513	0.00620	0.01001
33	0.04772	0.07381	0.06145	0.04023	0.38117	0.02131	0.16212	0.02537	0.01832	0.02636	0.01513	0.01992	0.01245	0.00774	0.00937	0.00257	0.05124	0.00757	0.00408	0.01209
34	0.02188	0.02403	0.06884	0.04503	0.52688	0.11668	0.02440	0.02668	0.01952	0.02608	0.01517	0.01956	0.01264	0.00760	0.00810	0.00243	0.01077	0.00702	0.00410	0.01259
35	0.01549	0.00774	0.00774	0.00774	0.00968	0.00774	0.00581	0.01936	0.01742	0.03097	0.02710	0.03097	0.02129	0.00968	0.00581	0.00194	0.00387	0.00774	0.75416	0.00774
36	0.01746	0.09161	0.34287	0.01979	0.02740	0.01992	0.02201	0.06578	0.01869	0.02668	0.07416	0.02549	0.05448	0.01256	0.03521	0.00310	0.11945	0.00780	0.00464	0.01089
37	0.02321	0.12175	0.17542	0.02603	0.14233	0.23570	0.02075	0.02950	0.07385	0.02409	0.01541	0.01791	0.01239	0.00849	0.00836	0.00239	0.04059	0.00622	0.00431	0.01130
38	0.01300	0.01008	0.01295	0.01290	0.01458	0.01057	0.00992	0.01777	0.07529	0.02747	0.27866	0.18906	0.07510	0.04624	0.01290	0.00329	0.06519	0.10914	0.00787	0.00804
39	0.01060	0.00811	0.00959	0.01005	0.01180	0.00727	0.00722	0.01287	0.01875	0.02434	0.20071	0.25482	0.29248	0.06017	0.01191	0.00325	0.00464	0.03651	0.00789	0.00704
40	0.20961	0.15454	0.11789	0.01806	0.06656	0.05775	0.01565	0.06980	0.01921	0.03015	0.10607	0.02247	0.02052	0.00957	0.00816	0.00246	0.04906	0.00690	0.00521	0.01036
41	0.04979	0.07598	0.02683	0.02790	0.20038	0.26185	0.01786	0.08972	0.11778	0.02805	0.01739	0.01931	0.01391	0.00866	0.00769	0.00236	0.01099	0.00666	0.00524	0.01164
42	0.01004	0.00843	0.00876	0.00896	0.01161	0.00715	0.00679	0.01222	0.01882	0.02253	0.08014	0.10727	0.59149	0.02136	0.00995	0.00289	0.00444	0.05237	0.00771	0.00704
43	0.01961	0.01877	0.03200	0.17565	0.53901	0.01949	0.02502	0.02466	0.01847	0.02598	0.01546	0.02087	0.01275	0.00758	0.00824	0.00253	0.01011	0.00740	0.00403	0.01239
44	0.02653	0.03432	0.08439	0.06576	0.12925	0.43603	0.05473	0.03027	0.02164	0.02236	0.01381	0.01694	0.01121	0.00821	0.00782	0.00231	0.01365	0.00612	0.00415	0.01050
45	0.06697	0.22196	0.07426	0.02298	0.13391	0.12727	0.01717	0.06510	0.11928	0.05008	0.01751	0.01890	0.01390	0.00842	0.00713	0.00230	0.00970	0.00633	0.00516	0.01167

[dist]
# distance from previous block
# <min> <max>
2	5

[block]
# block no. 2 follows, 22 sequences, length 20
# corresponding to MSA columns:
# 95-114
name=unknown_C
#
# <colnr> <probs for GDERKNQSTAVLIFYWHMCP>
#	G	D	E	R	K	N	Q	S	T	A	V	L	I	F	Y	W	H	M	C	P
0	0.02252	0.01897	0.06609	0.01604	0.02151	0.05013	0.01353	0.09496	0.25223	0.12237	0.13308	0.03167	0.02949	0.01111	0.00835	0.00252	0.00727	0.00915	0.00791	0.08110
1	0.01766	0.04209	0.13000	0.02143	0.14741	0.01443	0.01605	0.02357	0.06522	0.08495	0.07428	0.04018	0.19881	0.01233	0.00846	0.00250	0.00748	0.01041	0.00626	0.07648
2	0.06166	0.23040	0.05375	0.02633	0.22237	0.05508	0.01753	0.02788	0.01894	0.13278	0.01687	0.01868	0.01317	0.00780	0.00701	0.00218	0.00899	0.00619	0.00509	0.06731
3	0.01626	0.03325	0.47663	0.01989	0.02932	0.01615	0.02408	0.02395	0.01849	0.05368	0.11491	0.02936	0.05125	0.04525	0.01002	0.00291	0.01022	0.00838	0.00491	0.01109
4	0.15112	0.01225	0.01375	0.01223	0.01599	0.01227	0.03995	0.05043	0.07426	0.05576	0.11632	0.09960	0.28326	0.01597	0.00877	0.00276	0.00570	0.01335	0.00743	0.00885
5	0.03047	0.03727	0.02336	0.02099	0.02545	0.59447	0.01587	0.07282	0.06017	0.02326	0.01452	0.01623	0.01177	0.00881	0.00760	0.00220	0.01411	0.00572	0.00478	0.01013
6	0.01666	0.04297	0.66500	0.02368	0.03596	0.01929	0.03069	0.02631	0.01754	0.02631	0.01491	0.01754	0.01052	0.00789	0.00789	0.00263	0.01228	0.00614	0.00351	0.01228
7	0.01182	0.00794	0.00914	0.00940	0.00946	0.00788	0.00539	0.01201	0.01260	0.01679	0.02882	0.14164	0.03353	0.61622	0.03802	0.00742	0.00762	0.01363	0.00539	0.00526
8	0.01677	0.00949	0.01180	0.01110	0.01402	0.00833	0.00835	0.01930	0.02014	0.17619	0.16420	0.22352	0.24643	0.01903	0.00967	0.00286	0.00499	0.01645	0.00858	0.00879
9	0.01071	0.00765	0.01032	0.01224	0.01299	0.00726	0.00874	0.01259	0.01649	0.02187	0.04546	0.59211	0.05365	0.02547	0.01076	0.00346	0.00533	0.12828	0.00770	0.00691
10	0.06677	0.02157	0.02299	0.01796	0.02410	0.02385	0.01474	0.52627	0.06384	0.04939	0.06690	0.02323	0.01913	0.01044	0.00827	0.00252	0.00850	0.00797	0.00822	0.01336
11	0.01029	0.00761	0.00961	0.01085	0.01195	0.00694	0.00747	0.01219	0.01748	0.02306	0.13435	0.50337	0.16661	0.02390	0.01035	0.00317	0.00459	0.02136	0.00791	0.00694
12	0.01212	0.00936	0.01135	0.01236	0.01417	0.00923	0.00926	0.01713	0.10136	0.02400	0.05183	0.36290	0.17433	0.02240	0.01032	0.00327	0.00548	0.13348	0.00780	0.00784
13	0.01818	0.01818	0.02545	0.02181	0.02181	0.02545	0.01818	0.01999	0.01272	0.01999	0.01091	0.01818	0.01091	0.01454	0.02726	0.00364	0.69284	0.00727	0.00364	0.00909
14	0.01765	0.01074	0.01435	0.01484	0.01757	0.01058	0.01240	0.02272	0.07241	0.13417	0.04145	0.15917	0.04220	0.02020	0.01057	0.00346	0.00708	0.37115	0.00818	0.00911
15	0.01682	0.01592	0.02696	0.54034	0.19613	0.01875	0.02363	0.02222	0.01715	0.02260	0.01497	0.02178	0.01156	0.00810	0.00829	0.00270	0.01079	0.00739	0.00379	0.01014
16	0.02941	0.02118	0.02262	0.01758	0.02360	0.02334	0.01445	0.54650	0.03615	0.04948	0.02091	0.02143	0.01509	0.00993	0.00797	0.00242	0.00843	0.00751	0.10873	0.01327
17	0.01839	0.01890	0.02354	0.02689	0.18905	0.13243	0.06107	0.02135	0.01791	0.02286	0.02509	0.25698	0.02693	0.01503	0.01160	0.00291	0.10128	0.01285	0.00534	0.00961
18	0.01526	0.01406	0.01812	0.01675	0.01791	0.05902	0.01340	0.01779	0.01381	0.01959	0.01779	0.02657	0.01676	0.04258	0.41164	0.00932	0.24922	0.00812	0.00416	0.00813
19	0.15720	0.01468	0.01609	0.01407	0.01852	0.01587	0.01118	0.06885	0.20695	0.14630	0.07617	0.03235	0.06524	0.01830	0.09777	0.00411	0.00856	0.00908	0.00764	0.01107

[dist]
# distance from previous block
# <min> <max>
4	9

[block]
# block no. 3 follows, 22 sequences, length 17
# corresponding to MSA columns:
# 124-140
name=unknown_D
#
# <colnr> <probs for GDERKNQSTAVLIFYWHMCP>
#	G	D	E	R	K	N	Q	S	T	A	V	L	I	F	Y	W	H	M	C	P
0	0.05765	0.06144	0.18334	0.01886	0.02573	0.15612	0.01801	0.10556	0.09055	0.11393	0.01985	0.02104	0.01474	0.01325	0.06066	0.00333	0.01150	0.00686	0.00587	0.01169
1	0.06618	0.37147	0.03317	0.01683	0.02300	0.19810	0.01471	0.13959	0.02261	0.02682	0.01345	0.01500	0.01123	0.00805	0.00644	0.00205	0.01039	0.00525	0.00472	0.01095
2	0.02366	0.17893	0.29411	0.02129	0.06160	0.12213	0.02161	0.02936	0.01943	0.12879	0.01686	0.01818	0.01237	0.00820	0.00738	0.00236	0.01099	0.00609	0.00479	0.01188
3	0.01521	0.01912	0.15275	0.02332	0.12115	0.01425	0.09382	0.02065	0.01886	0.02687	0.18736	0.03757	0.03326	0.02164	0.14014	0.00480	0.01161	0.04215	0.00560	0.00989
4	0.02668	0.01632	0.01760	0.01488	0.01959	0.08595	0.01174	0.03426	0.15496	0.30094	0.18535	0.03582	0.03493	0.01198	0.00864	0.00259	0.00705	0.00991	0.00895	0.01186
5	0.01006	0.00745	0.00941	0.01097	0.01189	0.00680	0.00745	0.01163	0.01648	0.02144	0.05306	0.58459	0.16828	0.02508	0.01045	0.00327	0.00470	0.02246	0.00771	0.00680
6	0.02344	0.02049	0.03014	0.03975	0.43722	0.02139	0.02190	0.18410	0.07797	0.03436	0.01832	0.02130	0.01447	0.00841	0.00827	0.00250	0.00939	0.00759	0.00558	0.01341
7	0.02651	0.02796	0.02560	0.02666	0.15552	0.29295	0.01788	0.15570	0.02413	0.02846	0.01523	0.01851	0.01251	0.01222	0.04647	0.00306	0.08780	0.00663	0.00504	0.01114
8	0.01044	0.00795	0.00926	0.01014	0.01157	0.00719	0.00707	0.01208	0.01677	0.02119	0.05853	0.32783	0.29363	0.11861	0.01473	0.00382	0.00517	0.05001	0.00734	0.00666
9	0.01042	0.00787	0.01013	0.01119	0.01244	0.00758	0.00794	0.01235	0.01609	0.02110	0.05002	0.41029	0.19161	0.03254	0.15170	0.00536	0.00838	0.01902	0.00702	0.00695
10	0.01621	0.01286	0.01739	0.21743	0.02842	0.01417	0.01391	0.13634	0.02167	0.02880	0.10344	0.26437	0.05888	0.01627	0.00933	0.00291	0.00743	0.01430	0.00678	0.00909
11	0.02852	0.02302	0.02610	0.02533	0.14945	0.05897	0.01750	0.43163	0.08203	0.04428	0.01981	0.02068	0.01464	0.00949	0.00826	0.00249	0.00939	0.00750	0.00728	0.01362
12	0.01027	0.00766	0.00934	0.01050	0.01161	0.00697	0.00714	0.01187	0.01671	0.02164	0.07981	0.46141	0.21030	0.07844	0.01288	0.00356	0.00488	0.02075	0.00756	0.00673
13	0.02325	0.22701	0.08982	0.02734	0.16117	0.19598	0.08613	0.02731	0.01926	0.02275	0.01360	0.01686	0.01141	0.00790	0.00810	0.00228	0.03868	0.00616	0.00393	0.01106
14	0.32855	0.02093	0.05795	0.02264	0.16796	0.11003	0.01515	0.02576	0.01824	0.05894	0.08441	0.02160	0.01846	0.00891	0.00701	0.00249	0.00854	0.00672	0.00535	0.01035
15	0.03129	0.02568	0.02403	0.01920	0.02528	0.15236	0.01550	0.44830	0.06399	0.08157	0.01998	0.02000	0.01438	0.00978	0.00816	0.00244	0.01004	0.00720	0.00764	0.01320
16	0.01384	0.01231	0.02088	0.02046	0.07563	0.01167	0.14197	0.01748	0.01823	0.02399	0.04215	0.25107	0.12776	0.01885	0.01034	0.00321	0.00785	0.16714	0.00664	0.00852

[dist]
# distance from previous block
# <min> <max>
0	9

[block]
# block no. 4 follows, 22 sequences, length 23
# corresponding to MSA columns:
# 150-172
name=unknown_E
#
# <colnr> <probs for GDERKNQSTAVLIFYWHMCP>
#	G	D	E	R	K	N	Q	S	T	A	V	L	I	F	Y	W	H	M	C	P
0	0.03146	0.02687	0.02462	0.01962	0.02574	0.16896	0.01585	0.49715	0.03564	0.04529	0.01838	0.01885	0.01337	0.00966	0.00813	0.00242	0.01043	0.00701	0.00742	0.01314
1	0.01705	0.15600	0.49977	0.02098	0.03132	0.02055	0.02582	0.02477	0.01728	0.02469	0.01703	0.07691	0.01444	0.00935	0.00769	0.00255	0.01103	0.00738	0.00388	0.01151
2	0.02156	0.14402	0.22357	0.02145	0.08225	0.10779	0.01981	0.09085	0.02061	0.02743	0.01465	0.01696	0.01154	0.00769	0.00714	0.00212	0.01031	0.00577	0.00447	0.16002
3	0.02231	0.05833	0.34872	0.02087	0.02981	0.06230	0.04907	0.08342	0.02064	0.13197	0.01877	0.02073	0.01351	0.01323	0.06650	0.00349	0.01213	0.00691	0.00523	0.01204
4	0.02230	0.01099	0.01352	0.01145	0.01580	0.00942	0.00909	0.02506	0.02151	0.31026	0.11096	0.05520	0.31879	0.01586	0.00916	0.00268	0.00547	0.01320	0.00899	0.01028
5	0.01762	0.01911	0.01444	0.01442	0.01694	0.24283	0.01062	0.01962	0.01959	0.02144	0.04422	0.25916	0.19743	0.01836	0.00935	0.00281	0.00841	0.04924	0.00650	0.00789
6	0.02257	0.10261	0.08115	0.03635	0.36843	0.09678	0.02190	0.07816	0.06235	0.02806	0.01637	0.01951	0.01328	0.00801	0.00781	0.00239	0.01025	0.00687	0.00466	0.01248
7	0.01868	0.01740	0.02714	0.29230	0.28908	0.01943	0.02195	0.02775	0.14894	0.02643	0.01912	0.02338	0.01491	0.00857	0.00830	0.00266	0.00965	0.00781	0.00486	0.01162
8	0.02298	0.01154	0.01459	0.01233	0.01658	0.01041	0.00976	0.02752	0.06391	0.30304	0.22338	0.04914	0.17069	0.01456	0.00909	0.00265	0.00552	0.01229	0.00929	0.01074
9	0.01777	0.01629	0.02713	0.21117	0.36412	0.01726	0.02231	0.02263	0.01835	0.02510	0.02137	0.03637	0.01990	0.01091	0.00893	0.00283	0.00972	0.13213	0.00475	0.01097
10	0.02404	0.12265	0.10086	0.02190	0.02669	0.29717	0.06697	0.02740	0.01890	0.02132	0.01273	0.01646	0.01088	0.00970	0.01249	0.00258	0.18712	0.00617	0.00393	0.01005
11	0.01051	0.00786	0.00906	0.00982	0.01100	0.00717	0.00654	0.01182	0.01600	0.02035	0.05434	0.31801	0.25963	0.19775	0.01838	0.00436	0.00543	0.01854	0.00703	0.00641
12	0.01036	0.00826	0.00928	0.00939	0.01164	0.00718	0.00690	0.01283	0.01966	0.02503	0.22301	0.16552	0.42019	0.02073	0.00993	0.00284	0.00422	0.01778	0.00808	0.00718
13	0.01692	0.01515	0.02362	0.21925	0.24071	0.01647	0.01936	0.02374	0.09289	0.02580	0.05292	0.09805	0.02517	0.01222	0.00897	0.00285	0.00880	0.08110	0.00551	0.01051
14	0.01203	0.00825	0.01004	0.01004	0.01038	0.00859	0.00626	0.01271	0.01237	0.01683	0.02528	0.04940	0.02805	0.56043	0.18695	0.00926	0.01130	0.01135	0.00490	0.00558
15	0.03103	0.03959	0.02354	0.02140	0.02568	0.67469	0.01605	0.03317	0.02354	0.02033	0.01284	0.01498	0.01070	0.00856	0.00749	0.00214	0.01498	0.00535	0.00428	0.00963
16	0.02003	0.01991	0.03049	0.22524	0.44106	0.07045	0.02409	0.02491	0.01864	0.02497	0.01517	0.02057	0.01239	0.00774	0.00819	0.00253	0.01060	0.00724	0.00401	0.01179
17	0.01201	0.00835	0.01058	0.01058	0.01111	0.00888	0.00693	0.01306	0.01253	0.01724	0.02478	0.04665	0.02685	0.47880	0.26695	0.00993	0.01309	0.01095	0.00483	0.00588
18	0.00998	0.00780	0.00905	0.01006	0.01165	0.00687	0.00704	0.01174	0.01735	0.02180	0.06412	0.40507	0.34066	0.02364	0.01023	0.00310	0.00453	0.02071	0.00771	0.00687
19	0.02095	0.01513	0.01944	0.02309	0.17381	0.06421	0.01409	0.05844	0.02015	0.15152	0.03173	0.30799	0.03204	0.01603	0.00920	0.00284	0.00755	0.01424	0.00711	0.01044
20	0.16941	0.51600	0.09184	0.01439	0.02156	0.02886	0.01463	0.02491	0.01639	0.02366	0.01185	0.01373	0.01032	0.00730	0.00552	0.00201	0.00869	0.00460	0.00386	0.01047
21	0.02143	0.02302	0.02588	0.18055	0.25519	0.19991	0.01997	0.02650	0.05389	0.02393	0.02167	0.02516	0.06880	0.00934	0.00819	0.00249	0.01088	0.00783	0.00462	0.01076
22	0.02515	0.01796	0.01990	0.01670	0.02163	0.01956	0.01323	0.31174	0.18028	0.09536	0.02959	0.15880	0.02553	0.01350	0.00880	0.00275	0.00748	0.01122	0.00840	0.01243

[dist]
# distance from previous block
# <min> <max>
0	1

[block]
# block no. 5 follows, 22 sequences, length 36
# corresponding to MSA columns:
# 174-209
name=unknown_F
#
# <colnr> <probs for GDERKNQSTAVLIFYWHMCP>
#	G	D	E	R	K	N	Q	S	T	A	V	L	I	F	Y	W	H	M	C	P
0	0.02741	0.21213	0.03057	0.02290	0.10924	0.25600	0.01677	0.17664	0.02497	0.02893	0.01462	0.01651	0.01186	0.00837	0.00722	0.00217	0.01123	0.00591	0.00506	0.01149
1	0.01187	0.00914	0.01148	0.01106	0.01327	0.00903	0.00841	0.01633	0.05744	0.02753	0.33213	0.05734	0.19543	0.02837	0.16812	0.00523	0.00851	0.01381	0.00765	0.00787
2	0.02028	0.01961	0.03396	0.08194	0.59948	0.01973	0.05182	0.02533	0.01883	0.02682	0.01564	0.02072	0.01303	0.00743	0.00830	0.00250	0.01011	0.00751	0.00410	0.01288
3	0.02787	0.11360	0.02803	0.02654	0.15479	0.43638	0.01777	0.05683	0.02249	0.02305	0.01358	0.01615	0.01135	0.00821	0.00742	0.00218	0.01296	0.00576	0.00434	0.01067
4	0.01115	0.00847	0.01026	0.00981	0.01204	0.00758	0.00736	0.01450	0.02208	0.02990	0.47334	0.06768	0.25902	0.01826	0.00980	0.00267	0.00401	0.01581	0.00870	0.00758
5	0.19684	0.02243	0.10749	0.02524	0.03159	0.02116	0.28452	0.02469	0.01665	0.02775	0.01412	0.01885	0.01115	0.00883	0.01206	0.00290	0.15154	0.00759	0.00423	0.01037
6	0.01780	0.18071	0.53725	0.02173	0.03295	0.02208	0.02731	0.02601	0.01740	0.02492	0.01422	0.01667	0.01055	0.00773	0.00737	0.00246	0.01158	0.00579	0.00352	0.01195
7	0.01839	0.01145	0.01411	0.01338	0.01593	0.01155	0.01041	0.08061	0.05365	0.11450	0.07090	0.05926	0.03565	0.23990	0.02040	0.00475	0.00756	0.20156	0.00737	0.00866
8	0.01021	0.00727	0.00961	0.01145	0.01191	0.00681	0.00759	0.01159	0.01573	0.02097	0.04489	0.67296	0.05381	0.05723	0.01205	0.00359	0.00497	0.02309	0.00759	0.00667
9	0.01176	0.00849	0.01110	0.01045	0.01241	0.00784	0.00784	0.01568	0.02352	0.03331	0.65184	0.06206	0.07839	0.01698	0.00980	0.00261	0.00392	0.01502	0.00914	0.00784
10	0.01006	0.00745	0.00941	0.01098	0.01189	0.00680	0.00745	0.01163	0.01647	0.02144	0.05296	0.58623	0.16671	0.02509	0.01046	0.00327	0.00471	0.02248	0.00771	0.00680
11	0.02456	0.02061	0.02358	0.21858	0.03430	0.06219	0.01744	0.29065	0.15519	0.03748	0.02081	0.02257	0.01532	0.00966	0.00829	0.00262	0.00955	0.00771	0.00671	0.01219
12	0.02686	0.01975	0.02164	0.01705	0.02258	0.02150	0.01390	0.48262	0.03536	0.04782	0.17038	0.02997	0.02943	0.01164	0.00866	0.00252	0.00790	0.00928	0.00851	0.01263
13	0.02255	0.06137	0.07303	0.07532	0.27014	0.02207	0.14616	0.16904	0.02351	0.03219	0.01657	0.02030	0.01285	0.00800	0.00839	0.00253	0.01071	0.00767	0.00504	0.01255
14	0.02823	0.02507	0.08682	0.02259	0.09914	0.12684	0.01743	0.21567	0.11316	0.14791	0.02201	0.02200	0.01581	0.00947	0.00815	0.00251	0.00976	0.00741	0.00706	0.01297
15	0.02278	0.37444	0.06733	0.01799	0.02309	0.16233	0.01639	0.02549	0.01729	0.02016	0.01184	0.01504	0.01072	0.00922	0.01113	0.00234	0.17314	0.00539	0.00372	0.01016
16	0.01713	0.06898	0.55103	0.05499	0.03699	0.02001	0.08501	0.02604	0.01766	0.02581	0.01493	0.01802	0.01075	0.00779	0.00798	0.00262	0.01223	0.00646	0.00358	0.01197
17	0.05856	0.01843	0.01779	0.04800	0.02053	0.12949	0.01226	0.17844	0.02177	0.02847	0.01990	0.02911	0.01810	0.16201	0.19420	0.00647	0.01342	0.00825	0.00554	0.00925
18	0.01311	0.00953	0.01291	0.01462	0.01639	0.00959	0.01221	0.01752	0.05238	0.02465	0.04380	0.21546	0.04805	0.02294	0.01113	0.00368	0.00701	0.44955	0.00771	0.00776
19	0.02508	0.02498	0.01946	0.08373	0.02447	0.33986	0.01396	0.02721	0.02055	0.10956	0.02267	0.15951	0.02143	0.01359	0.00984	0.04832	0.01093	0.00984	0.00572	0.00926
20	0.01821	0.07912	0.24391	0.08789	0.10160	0.01731	0.02050	0.04478	0.01837	0.05864	0.02010	0.11398	0.01797	0.01030	0.00795	0.00246	0.00935	0.00870	0.00490	0.11396
21	0.02863	0.01928	0.02188	0.01956	0.09001	0.08094	0.01414	0.15376	0.02471	0.24510	0.02179	0.02163	0.01539	0.00870	0.00769	0.00216	0.00834	0.00691	0.00727	0.20212
22	0.02056	0.01974	0.03372	0.05099	0.65622	0.01974	0.02550	0.02550	0.01892	0.02714	0.01563	0.02056	0.01316	0.00740	0.00822	0.00247	0.00987	0.00740	0.00411	0.01316
23	0.01776	0.02384	0.19800	0.21388	0.10263	0.01863	0.10916	0.05455	0.04749	0.02652	0.01961	0.02918	0.01631	0.00979	0.00877	0.00281	0.01100	0.07447	0.00465	0.01096
24	0.02166	0.06291	0.14884	0.06390	0.30592	0.17208	0.02276	0.02662	0.01953	0.02455	0.01760	0.02101	0.03991	0.00839	0.00792	0.00242	0.01127	0.00698	0.00415	0.01160
25	0.01135	0.00820	0.01095	0.01248	0.01373	0.00780	0.00950	0.01388	0.01795	0.02377	0.11185	0.39686	0.09130	0.02375	0.01076	0.00341	0.00562	0.21180	0.00784	0.00718
26	0.01075	0.00822	0.00912	0.00920	0.01091	0.00739	0.00634	0.01251	0.01752	0.02231	0.15248	0.12981	0.34125	0.20410	0.01855	0.00423	0.00525	0.01627	0.00722	0.00659
27	0.05760	0.10359	0.28567	0.06033	0.15789	0.05524	0.07702	0.06003	0.01924	0.02725	0.01486	0.01815	0.01141	0.00780	0.00774	0.00249	0.01120	0.00654	0.00410	0.01184
28	0.09479	0.02815	0.02783	0.02785	0.15386	0.29663	0.09897	0.06250	0.05650	0.02667	0.01531	0.01826	0.01232	0.00850	0.00859	0.00245	0.03845	0.00670	0.00475	0.01092
29	0.01004	0.00835	0.00877	0.00882	0.01140	0.00708	0.00656	0.01229	0.01923	0.02350	0.14120	0.11613	0.55622	0.02092	0.00986	0.00282	0.00422	0.01764	0.00786	0.00708
30	0.01259	0.01169	0.04754	0.01649	0.08916	0.01026	0.01135	0.01582	0.01920	0.02639	0.24997	0.24692	0.13907	0.01856	0.01063	0.00290	0.03959	0.01622	0.00736	0.00831
31	0.05797	0.23098	0.13111	0.02468	0.15694	0.15316	0.01894	0.02711	0.04658	0.02397	0.01577	0.04846	0.01380	0.00867	0.00714	0.00229	0.01043	0.00662	0.00430	0.01109
32	0.02471	0.22452	0.10747	0.02159	0.02926	0.05455	0.14248	0.23697	0.02557	0.03328	0.01600	0.01806	0.01226	0.00824	0.00768	0.00235	0.01068	0.00684	0.00538	0.01212
33	0.01162	0.00813	0.00893	0.00893	0.00950	0.00784	0.00530	0.01205	0.01349	0.01741	0.03809	0.05962	0.15819	0.56682	0.03561	0.00698	0.00726	0.01320	0.00558	0.00544
34	0.02009	0.09206	0.12141	0.05760	0.23534	0.06221	0.07685	0.02582	0.04850	0.02458	0.01502	0.01937	0.01243	0.00908	0.01168	0.00269	0.14262	0.00710	0.00410	0.01146
35	0.04657	0.01058	0.01382	0.01377	0.01522	0.01212	0.01058	0.01648	0.04908	0.02217	0.03475	0.23522	0.09281	0.03338	0.22022	0.00643	0.11335	0.03962	0.00601	0.00782

[dist]
# distance from previous block
# <min> <max>
0	1

[block]
# block no. 6 follows, 22 sequences, length 66
# corresponding to MSA columns:
# 211-276
name=unknown_G
#
# <colnr> <probs for GDERKNQSTAVLIFYWHMCP>
#	G	D	E	R	K	N	Q	S	T	A	V	L	I	F	Y	W	H	M	C	P
0	0.24821	0.15713	0.02336	0.01590	0.02061	0.13960	0.01340	0.07573	0.01911	0.05767	0.01601	0.02197	0.01394	0.01006	0.00904	0.00255	0.08689	0.05361	0.00521	0.01000
1	0.01720	0.16479	0.20681	0.01736	0.02302	0.07707	0.01742	0.02158	0.01719	0.02264	0.05454	0.16047	0.02416	0.01703	0.06479	0.00353	0.06578	0.01010	0.00484	0.00968
2	0.01188	0.00883	0.01300	0.01300	0.01437	0.01020	0.00995	0.01461	0.01325	0.01903	0.02257	0.03440	0.02153	0.11458	0.62389	0.01292	0.02110	0.00916	0.00450	0.00722
3	0.01133	0.00774	0.00928	0.01002	0.01020	0.00755	0.00606	0.01188	0.01354	0.01806	0.03367	0.30212	0.03966	0.44738	0.03018	0.00627	0.00682	0.01649	0.00606	0.00569
4	0.01524	0.19186	0.02259	0.01350	0.01694	0.01622	0.06043	0.01798	0.01810	0.02375	0.20539	0.04478	0.11694	0.14946	0.01590	0.00356	0.04186	0.01122	0.00602	0.00825
5	0.01749	0.01202	0.01387	0.01455	0.06658	0.03947	0.00995	0.02075	0.04347	0.14835	0.05698	0.16449	0.32413	0.01773	0.00938	0.00280	0.00590	0.01507	0.00780	0.00922
6	0.02309	0.02481	0.14281	0.02046	0.06744	0.10231	0.01721	0.22310	0.05593	0.03229	0.01924	0.06477	0.01622	0.01352	0.01235	0.13001	0.00979	0.00805	0.00577	0.01083
7	0.31392	0.02277	0.15223	0.01614	0.02315	0.01912	0.01567	0.16269	0.02198	0.12322	0.01839	0.02113	0.01366	0.00924	0.00713	0.00262	0.00840	0.03074	0.00632	0.01148
8	0.30136	0.06320	0.23761	0.01720	0.02505	0.07426	0.01795	0.08813	0.01894	0.03232	0.01383	0.01583	0.01043	0.00797	0.00665	0.00244	0.00951	0.00545	0.00475	0.04712
9	0.02291	0.05310	0.08228	0.03152	0.23314	0.18187	0.05278	0.05434	0.04486	0.02532	0.01492	0.01876	0.01237	0.00917	0.01121	0.00260	0.12625	0.00687	0.00437	0.01138
10	0.01307	0.01065	0.01170	0.01025	0.01404	0.00922	0.00791	0.05673	0.02082	0.02733	0.16851	0.06074	0.38455	0.01673	0.00902	0.00245	0.00486	0.01400	0.00748	0.14994
11	0.02175	0.05716	0.02633	0.06245	0.25777	0.14601	0.01858	0.03069	0.17974	0.02648	0.02007	0.02287	0.01622	0.01310	0.06199	0.00336	0.01101	0.00749	0.00524	0.01169
12	0.01083	0.00789	0.01020	0.01081	0.01214	0.00726	0.00765	0.01344	0.01956	0.02673	0.32034	0.36476	0.11442	0.02157	0.01018	0.00299	0.00437	0.01927	0.00835	0.00726
13	0.05097	0.01440	0.02100	0.02643	0.24636	0.01394	0.01529	0.05221	0.01981	0.12923	0.05422	0.20210	0.06131	0.01385	0.00880	0.00270	0.00726	0.01235	0.00669	0.04109
14	0.02109	0.02230	0.09468	0.04568	0.54343	0.02019	0.02520	0.07549	0.02045	0.02915	0.01591	0.02021	0.01298	0.00766	0.00820	0.00249	0.01004	0.00728	0.00440	0.01315
15	0.20478	0.02480	0.12770	0.12622	0.16670	0.13128	0.01970	0.02564	0.01797	0.02733	0.01527	0.02115	0.01264	0.00865	0.00745	0.00257	0.01037	0.03486	0.00440	0.01052
16	0.01458	0.01309	0.02068	0.05176	0.02143	0.01548	0.08558	0.01761	0.01497	0.02145	0.07187	0.06666	0.02401	0.08685	0.24784	0.00712	0.19598	0.01004	0.00477	0.00821
17	0.02238	0.01762	0.06313	0.01617	0.02097	0.01667	0.01361	0.22634	0.02499	0.10608	0.05679	0.19082	0.02735	0.01414	0.01024	0.00270	0.06284	0.01155	0.00737	0.08822
18	0.11526	0.01853	0.02254	0.02315	0.14544	0.02039	0.01556	0.25500	0.04899	0.06225	0.02089	0.07953	0.01804	0.04791	0.01147	0.00298	0.06494	0.00880	0.00657	0.01175
19	0.01571	0.02975	0.37584	0.02315	0.06181	0.01676	0.09731	0.02287	0.01716	0.02469	0.02235	0.02641	0.06609	0.01951	0.13908	0.00476	0.01366	0.00814	0.00416	0.01080
20	0.02813	0.02785	0.02380	0.02206	0.07587	0.26421	0.01610	0.23344	0.16157	0.03467	0.01996	0.02054	0.01520	0.00952	0.00803	0.00243	0.01081	0.00710	0.00651	0.01217
21	0.01195	0.00800	0.00910	0.00923	0.00927	0.00796	0.00522	0.01205	0.01234	0.01646	0.02752	0.09897	0.03190	0.66111	0.04010	0.00773	0.00783	0.01287	0.00522	0.00515
22	0.01070	0.00815	0.01109	0.01192	0.01323	0.00750	0.02872	0.01278	0.01740	0.02297	0.11301	0.49457	0.14627	0.02357	0.01041	0.00321	0.00506	0.04461	0.00774	0.00709
23	0.02753	0.22258	0.08250	0.01906	0.02534	0.29102	0.01669	0.16944	0.02483	0.02809	0.01431	0.01589	0.01148	0.00843	0.00712	0.00216	0.01170	0.00566	0.00496	0.01119
24	0.00992	0.00842	0.00856	0.00852	0.01128	0.00706	0.00639	0.01212	0.01918	0.02302	0.11418	0.07900	0.62247	0.02082	0.00982	0.00280	0.00419	0.01740	0.00779	0.00706
25	0.01743	0.01584	0.02639	0.03745	0.42549	0.01637	0.02006	0.02166	0.01691	0.02431	0.01801	0.02490	0.01590	0.02715	0.24813	0.00638	0.01432	0.00794	0.00423	0.01109
26	0.02509	0.06332	0.06174	0.03470	0.31443	0.31070	0.02103	0.02891	0.02080	0.02371	0.01416	0.01758	0.01181	0.00793	0.00774	0.00230	0.01221	0.00628	0.00413	0.01143
27	0.01930	0.07488	0.44914	0.02470	0.03504	0.10566	0.12382	0.02718	0.01862	0.02522	0.01477	0.01777	0.01089	0.00779	0.00801	0.00255	0.01273	0.00654	0.00372	0.01167
28	0.02113	0.01997	0.02566	0.03250	0.33466	0.10379	0.01813	0.02492	0.01876	0.05164	0.01660	0.02204	0.01430	0.06409	0.01037	0.00257	0.00936	0.00693	0.00467	0.19791
29	0.01080	0.00812	0.00916	0.00939	0.01087	0.00739	0.00636	0.01241	0.01699	0.02178	0.13533	0.17195	0.29306	0.22672	0.01965	0.00444	0.00542	0.01657	0.00710	0.00649
30	0.01549	0.00774	0.00774	0.00774	0.00968	0.00774	0.00581	0.01936	0.01742	0.03097	0.02710	0.03097	0.02129	0.00968	0.00581	0.00194	0.00387	0.00774	0.75416	0.00774
31	0.02368	0.01892	0.02449	0.01962	0.02440	0.02100	0.08696	0.27552	0.10782	0.05906	0.07385	0.08163	0.02376	0.01233	0.01145	0.00282	0.10362	0.00995	0.00727	0.01183
32	0.02432	0.12557	0.02397	0.01729	0.02166	0.11817	0.01424	0.05260	0.17783	0.12893	0.02540	0.02785	0.04356	0.01149	0.01109	0.00269	0.12066	0.03488	0.00652	0.01128
33	0.01468	0.01324	0.01654	0.01566	0.01708	0.06829	0.01236	0.01735	0.01407	0.01951	0.01927	0.02837	0.01802	0.04860	0.49425	0.01054	0.15167	0.00829	0.00428	0.00792
34	0.00989	0.00812	0.00872	0.00919	0.01143	0.00695	0.00666	0.01183	0.01819	0.02214	0.07469	0.23361	0.50530	0.02227	0.01001	0.00295	0.00436	0.01903	0.00771	0.00695
35	0.01824	0.01837	0.02650	0.02240	0.02278	0.02525	0.04543	0.02029	0.01303	0.02029	0.01117	0.01837	0.01098	0.01420	0.02648	0.00360	0.66241	0.00738	0.00366	0.00918
36	0.01012	0.00723	0.00964	0.01157	0.01205	0.00675	0.00771	0.01157	0.01591	0.02121	0.04579	0.70262	0.05495	0.02603	0.01060	0.00337	0.00482	0.02362	0.00771	0.00675
37	0.01549	0.00774	0.00774	0.00774	0.00968	0.00774	0.00581	0.01936	0.01742	0.03097	0.02710	0.03097	0.02129	0.00968	0.00581	0.00194	0.00387	0.00774	0.75416	0.00774
38	0.02161	0.04684	0.04489	0.03181	0.03980	0.04436	0.50639	0.10350	0.02213	0.02944	0.01689	0.02153	0.01267	0.00744	0.00938	0.00270	0.01324	0.00917	0.00471	0.01150
39	0.01905	0.01817	0.03051	0.13148	0.52509	0.01854	0.02362	0.02383	0.01861	0.02598	0.02106	0.02558	0.06467	0.00863	0.00836	0.00253	0.00957	0.00822	0.00435	0.01214
40	0.01203	0.00826	0.01012	0.01012	0.01048	0.00863	0.00635	0.01276	0.01239	0.01689	0.02521	0.04901	0.02788	0.54907	0.19808	0.00936	0.01155	0.01130	0.00489	0.00562
41	0.01187	0.00890	0.01335	0.01335	0.01483	0.01038	0.01038	0.01483	0.01335	0.01928	0.02225	0.03264	0.02077	0.06231	0.67512	0.01335	0.02225	0.00890	0.00445	0.00742
42	0.01714	0.03960	0.56415	0.02553	0.03718	0.01957	0.12817	0.02636	0.01788	0.02636	0.01522	0.01834	0.01086	0.00775	0.00821	0.00266	0.01256	0.00674	0.00362	0.01210
43	0.02127	0.02208	0.04389	0.03170	0.03958	0.02140	0.50625	0.12317	0.02252	0.03050	0.01750	0.02237	0.01314	0.00941	0.03279	0.00312	0.01351	0.00940	0.00487	0.01154
44	0.01912	0.01365	0.01597	0.01358	0.01727	0.01410	0.01068	0.19688	0.07055	0.06308	0.40172	0.04637	0.05382	0.01429	0.00922	0.00259	0.00574	0.01219	0.00890	0.01028
45	0.12426	0.01993	0.12211	0.01491	0.02090	0.01662	0.01391	0.20456	0.02457	0.06674	0.06358	0.03898	0.20957	0.01297	0.00832	0.00263	0.00747	0.01024	0.00704	0.01070
46	0.01006	0.00843	0.00874	0.00866	0.01137	0.00711	0.00650	0.01238	0.01949	0.02377	0.15343	0.07777	0.58275	0.02054	0.00982	0.00278	0.00417	0.01723	0.00789	0.00711
47	0.01187	0.00890	0.01335	0.01335	0.01483	0.01038	0.01038	0.01483	0.01335	0.01928	0.02225	0.03264	0.02077	0.06231	0.67512	0.01335	0.02225	0.00890	0.00445	0.00742
48	0.01207	0.00978	0.01323	0.01304	0.01434	0.01110	0.00995	0.01430	0.01471	0.02015	0.03687	0.15074	0.14938	0.07578	0.31235	0.00802	0.10837	0.01294	0.00554	0.00733
49	0.01774	0.01686	0.02863	0.41935	0.30988	0.01900	0.02409	0.02303	0.01758	0.02372	0.01513	0.02148	0.01195	0.00792	0.00827	0.00264	0.01057	0.00739	0.00387	0.01089
50	0.01075	0.00804	0.01014	0.01156	0.01295	0.00743	0.00858	0.01288	0.01738	0.02232	0.05530	0.41003	0.20770	0.02407	0.01059	0.00332	0.00527	0.14697	0.00770	0.00701
51	0.02190	0.02140	0.06418	0.04519	0.53741	0.02055	0.02441	0.10940	0.02165	0.03061	0.01619	0.02032	0.01316	0.00778	0.00822	0.00248	0.00989	0.00735	0.00467	0.01325
52	0.02071	0.01589	0.01853	0.01982	0.12088	0.07125	0.01309	0.02842	0.15081	0.13341	0.21106	0.04090	0.09443	0.01279	0.00883	0.00260	0.00694	0.01092	0.00782	0.01091
53	0.01023	0.00843	0.00898	0.00884	0.01147	0.00719	0.00663	0.01271	0.01990	0.02473	0.20343	0.07619	0.53215	0.02019	0.00981	0.00276	0.00415	0.01701	0.00801	0.00719
54	0.01192	0.00812	0.00970	0.00983	0.01007	0.00829	0.00596	0.01243	0.01252	0.01690	0.02698	0.09595	0.03059	0.57131	0.12812	0.00847	0.00981	0.01243	0.00514	0.00548
55	0.02263	0.15624	0.09292	0.02205	0.05462	0.26142	0.10127	0.02642	0.01950	0.02195	0.01697	0.07456	0.01553	0.01375	0.06179	0.00324	0.01297	0.00777	0.00435	0.01004
56	0.23110	0.12732	0.13344	0.01789	0.02418	0.29108	0.01636	0.02841	0.01898	0.02594	0.01266	0.01478	0.01019	0.00801	0.00661	0.00229	0.01130	0.00512	0.00428	0.01005
57	0.01026	0.00793	0.00941	0.01034	0.01197	0.00707	0.00740	0.01227	0.01786	0.02274	0.10360	0.36615	0.30865	0.02315	0.01026	0.00310	0.00464	0.04840	0.00781	0.00698
58	0.01218	0.00965	0.01136	0.01056	0.01365	0.00825	0.00803	0.01503	0.01917	0.02585	0.20193	0.11848	0.25312	0.04921	0.01079	0.00282	0.00503	0.06297	0.00739	0.15452
59	0.02688	0.06044	0.05629	0.02188	0.09896	0.15832	0.01621	0.08533	0.20089	0.15396	0.02372	0.02330	0.01740	0.00954	0.00800	0.00249	0.00947	0.00751	0.00689	0.01250
60	0.01346	0.01101	0.01547	0.01458	0.01541	0.01362	0.01125	0.01556	0.01295	0.01884	0.02024	0.03335	0.02020	0.17717	0.39227	0.00993	0.18386	0.00912	0.00436	0.00736
61	0.01195	0.00917	0.01109	0.01126	0.01319	0.00886	0.00818	0.01707	0.09372	0.02765	0.28227	0.27593	0.15828	0.02000	0.00991	0.00292	0.00458	0.01764	0.00835	0.00797
62	0.12359	0.42294	0.08676	0.01942	0.09772	0.05363	0.01633	0.05301	0.01809	0.02494	0.01275	0.01492	0.01088	0.00748	0.00608	0.00208	0.00920	0.00511	0.00408	0.01098
63	0.02052	0.10460	0.06423	0.07122	0.26706	0.05169	0.21418	0.02688	0.05052	0.02579	0.01624	0.02052	0.01297	0.00756	0.00835	0.00252	0.01130	0.00777	0.00425	0.01183
64	0.02864	0.03460	0.02363	0.02308	0.07700	0.53217	0.01636	0.06273	0.02316	0.02251	0.01421	0.01714	0.01190	0.01289	0.06164	0.00309	0.01484	0.00592	0.00449	0.00998
65	0.02191	0.01523	0.01673	0.01414	0.01827	0.01644	0.01142	0.30020	0.02718	0.03843	0.02901	0.03361	0.07355	0.01776	0.08726	0.00373	0.00873	0.04013	0.21569	0.01059

[dist]
# distance from previous block
# <min> <max>
1	4

[block]
# block no. 7 follows, 22 sequences, length 23
# corresponding to MSA columns:
# 281-303
name=unknown_H
#
# <colnr> <probs for GDERKNQSTAVLIFYWHMCP>
#	G	D	E	R	K	N	Q	S	T	A	V	L	I	F	Y	W	H	M	C	P
0	0.15359	0.01918	0.06198	0.08482	0.40399	0.01844	0.02107	0.02432	0.01800	0.02882	0.04971	0.02139	0.01566	0.00803	0.00767	0.00248	0.00900	0.00713	0.00454	0.04017
1	0.01947	0.16732	0.42289	0.02080	0.03060	0.05793	0.02441	0.07507	0.01927	0.02643	0.01497	0.01762	0.01142	0.01093	0.04402	0.00302	0.01207	0.00603	0.00400	0.01171
2	0.02027	0.20483	0.13338	0.03495	0.30792	0.02329	0.11069	0.02562	0.01828	0.02495	0.01462	0.01848	0.01203	0.00734	0.00765	0.00236	0.01058	0.00679	0.00389	0.01209
3	0.01038	0.00773	0.00917	0.01019	0.01127	0.00706	0.00682	0.01176	0.01611	0.02065	0.05360	0.40208	0.22712	0.14722	0.01607	0.00405	0.00522	0.01974	0.00723	0.00652
4	0.01645	0.01374	0.01986	0.02181	0.13299	0.01387	0.06266	0.10202	0.06546	0.02802	0.03571	0.34831	0.06910	0.01759	0.00960	0.00297	0.00716	0.01600	0.00691	0.00975
5	0.02086	0.05148	0.15368	0.08972	0.31416	0.04244	0.05679	0.02632	0.01849	0.07287	0.01616	0.02014	0.01266	0.00831	0.00951	0.00260	0.06015	0.00716	0.00438	0.01212
6	0.01018	0.00755	0.00950	0.01087	0.01191	0.00688	0.00744	0.01192	0.01704	0.02230	0.09564	0.53483	0.17481	0.02441	0.01039	0.00321	0.00464	0.02181	0.00781	0.00688
7	0.01123	0.00787	0.01016	0.01158	0.01219	0.00760	0.00803	0.01272	0.01548	0.02052	0.04029	0.42213	0.04714	0.20535	0.01912	0.00469	0.00618	0.12430	0.00699	0.00646
8	0.02816	0.26982	0.03115	0.01792	0.02418	0.17930	0.01530	0.27752	0.02764	0.03336	0.01534	0.01646	0.01211	0.00864	0.00707	0.00216	0.01041	0.00592	0.00570	0.01186
9	0.01195	0.00854	0.01174	0.01366	0.01494	0.00832	0.01089	0.01473	0.01771	0.02325	0.04478	0.36144	0.05095	0.02430	0.01109	0.00363	0.00641	0.34674	0.00768	0.00725
10	0.02002	0.17218	0.41094	0.02328	0.07492	0.07600	0.02507	0.05941	0.01917	0.02597	0.01440	0.01684	0.01095	0.00787	0.00740	0.00240	0.01149	0.00590	0.00388	0.01190
11	0.01815	0.11155	0.02325	0.02313	0.16606	0.10019	0.01486	0.04292	0.01783	0.02284	0.02220	0.14499	0.02224	0.02673	0.19979	0.00562	0.01301	0.01009	0.00496	0.00960
12	0.05785	0.04724	0.02813	0.05993	0.30432	0.10590	0.01970	0.18486	0.02465	0.03312	0.04372	0.02097	0.01557	0.00869	0.00798	0.00243	0.00994	0.00725	0.00547	0.01229
13	0.01554	0.01467	0.06865	0.01631	0.06147	0.01345	0.01271	0.01968	0.05195	0.07163	0.09369	0.07761	0.26013	0.04730	0.01400	0.00315	0.12964	0.01274	0.00661	0.00908
14	0.14025	0.08202	0.10296	0.01862	0.02469	0.25559	0.01634	0.17534	0.02420	0.03140	0.01497	0.01696	0.01171	0.01100	0.03724	0.00283	0.01177	0.00593	0.00526	0.01094
15	0.04564	0.12784	0.08303	0.08617	0.14215	0.06729	0.18008	0.02506	0.01773	0.02411	0.01417	0.01889	0.01162	0.00851	0.01084	0.00264	0.11218	0.00723	0.00395	0.01088
16	0.01332	0.01911	0.20119	0.01423	0.01984	0.01130	0.01442	0.01835	0.01961	0.02762	0.24228	0.09965	0.15252	0.01457	0.00890	0.00256	0.00673	0.01244	0.00665	0.09470
