[name]
unknown

[dist]
# distance from previous block
# <min> <max>
16	45

[block]
# block no. 0 follows, 22 sequences, length 36
# corresponding to MSA columns:
# 54-89
name=unknown_A
#
# <colnr> <probs for GDERKNQSTAVLIFYWHMCP>
#	G	D	E	R	K	N	Q	S	T	A	V	L	I	F	Y	W	H	M	C	P
0	0.02032	0.02097	0.03005	0.08985	0.40520	0.10647	0.06912	0.02477	0.01942	0.02520	0.02293	0.02671	0.08407	0.00912	0.00843	0.00251	0.01034	0.00844	0.00451	0.01154
1	0.01768	0.02893	0.29194	0.05493	0.14280	0.01893	0.21308	0.02498	0.01849	0.02606	0.02093	0.02452	0.06090	0.00856	0.00871	0.00267	0.01174	0.00841	0.00416	0.01158
2	0.01067	0.00805	0.00986	0.01025	0.01196	0.00724	0.00737	0.01325	0.01970	0.02623	0.29065	0.27992	0.23234	0.02113	0.01007	0.00292	0.00430	0.01859	0.00827	0.00724
3	0.02056	0.01974	0.03372	0.05099	0.65622	0.01974	0.02550	0.02550	0.01892	0.02714	0.01563	0.02056	0.01316	0.00740	0.00822	0.00247	0.00987	0.00740	0.00411	0.01316
4	0.01817	0.02894	0.28684	0.02967	0.10541	0.01936	0.25030	0.02553	0.01825	0.02661	0.01646	0.02075	0.01244	0.00792	0.00930	0.00267	0.04066	0.00782	0.06141	0.01149
5	0.01811	0.01819	0.01710	0.01806	0.08869	0.15092	0.01222	0.02539	0.15193	0.02721	0.16011	0.04599	0.20462	0.01407	0.00886	0.00259	0.00753	0.01166	0.00703	0.00970
6	0.01111	0.00847	0.01021	0.00978	0.01202	0.00756	0.00733	0.01443	0.02199	0.02970	0.46323	0.06800	0.26925	0.01833	0.00980	0.00268	0.00402	0.01586	0.00867	0.00756
7	0.01569	0.01477	0.02492	0.68808	0.05722	0.01846	0.02307	0.02123	0.01661	0.02123	0.01477	0.02215	0.01107	0.00831	0.00831	0.00277	0.01107	0.00738	0.00369	0.00923
8	0.02229	0.02642	0.10679	0.17399	0.14667	0.15709	0.12332	0.09380	0.02158	0.02706	0.01545	0.01962	0.01189	0.00812	0.00832	0.00254	0.01210	0.00723	0.00447	0.01124
9	0.03103	0.03959	0.02354	0.02140	0.02568	0.67469	0.01605	0.03317	0.02354	0.02033	0.01284	0.01498	0.01070	0.00856	0.00749	0.00214	0.01498	0.00535	0.00428	0.00963
10	0.03727	0.01414	0.01928	0.01478	0.02121	0.01221	0.01221	0.04049	0.02378	0.66198	0.03277	0.02828	0.02056	0.01028	0.00835	0.00257	0.00707	0.00835	0.01028	0.01414
11	0.02056	0.01974	0.03372	0.05099	0.65622	0.01974	0.02550	0.02550	0.01892	0.02714	0.01563	0.02056	0.01316	0.00740	0.00822	0.00247	0.00987	0.00740	0.00411	0.01316
12	0.01970	0.01929	0.03418	0.14638	0.49255	0.01969	0.09590	0.02498	0.01865	0.02617	0.01563	0.02102	0.01278	0.00749	0.00842	0.00255	0.01054	0.00768	0.00406	0.01233
13	0.01075	0.00845	0.00970	0.00939	0.01179	0.00741	0.00704	0.01372	0.02113	0.02765	0.35630	0.07137	0.37746	0.01910	0.00981	0.00271	0.00407	0.01633	0.00840	0.00741
14	0.01569	0.01477	0.02492	0.68808	0.05722	0.01846	0.02307	0.02123	0.01661	0.02123	0.01477	0.02215	0.01107	0.00831	0.00831	0.00277	0.01107	0.00738	0.00369	0.00923
15	0.01995	0.44031	0.29648	0.01807	0.02728	0.02734	0.02092	0.02546	0.01715	0.02230	0.01292	0.01504	0.01061	0.00743	0.00637	0.00212	0.01027	0.00513	0.00354	0.01132
16	0.01056	0.00844	0.00944	0.00919	0.01168	0.00733	0.00690	0.01336	0.02069	0.02660	0.30113	0.07311	0.43329	0.01949	0.00981	0.00273	0.00410	0.01657	0.00826	0.00733
17	0.01365	0.01048	0.01222	0.01182	0.01404	0.01068	0.00881	0.02064	0.15027	0.02776	0.25406	0.05961	0.12351	0.16128	0.01649	0.00395	0.00579	0.07889	0.00780	0.00825
18	0.01079	0.00756	0.00966	0.01092	0.01131	0.00732	0.00706	0.01189	0.01465	0.01961	0.03883	0.47811	0.04594	0.22801	0.05391	0.00526	0.00666	0.01948	0.00676	0.00628
19	0.02000	0.01862	0.02861	0.11916	0.41178	0.01983	0.02186	0.03002	0.18698	0.02848	0.02044	0.02358	0.01621	0.00856	0.00830	0.00260	0.00912	0.00794	0.00524	0.01268
20	0.02389	0.02314	0.02182	0.09333	0.02643	0.20130	0.01558	0.18860	0.05680	0.02961	0.01793	0.02194	0.01459	0.02084	0.15009	0.00482	0.06603	0.00726	0.00551	0.01048
21	0.01561	0.00917	0.01229	0.01199	0.01289	0.00937	0.00836	0.08601	0.01531	0.02045	0.02165	0.16609	0.02286	0.02597	0.02497	0.50881	0.00695	0.01067	0.00504	0.00554
22	0.01219	0.00938	0.01100	0.01141	0.01334	0.00905	0.00820	0.04746	0.06798	0.02562	0.12161	0.37242	0.21591	0.02165	0.01001	0.00304	0.00492	0.01902	0.00796	0.00784
23	0.02017	0.02047	0.02078	0.02255	0.15399	0.15260	0.01445	0.02725	0.13674	0.02632	0.03023	0.03099	0.12626	0.01048	0.00794	0.00225	0.00852	0.00857	0.00577	0.17368
24	0.01829	0.12362	0.32203	0.02676	0.07043	0.02103	0.20233	0.02557	0.01824	0.02544	0.01693	0.02348	0.01370	0.00847	0.00836	0.00263	0.01189	0.04528	0.00402	0.01150
25	0.01823	0.02322	0.16349	0.21394	0.29939	0.01902	0.06390	0.02440	0.01798	0.02534	0.01528	0.02034	0.01198	0.00767	0.00819	0.00255	0.01081	0.00718	0.00391	0.04318
26	0.01813	0.01837	0.02739	0.23859	0.08559	0.09640	0.14688	0.02305	0.01894	0.02369	0.02293	0.04057	0.02145	0.01195	0.00937	0.00296	0.01115	0.16805	0.00497	0.00957
27	0.02070	0.26495	0.02660	0.01592	0.01986	0.19980	0.01313	0.02296	0.01788	0.02010	0.02028	0.16147	0.02115	0.01805	0.08299	0.00360	0.04732	0.00938	0.00473	0.00911
28	0.02012	0.01869	0.05391	0.02184	0.06007	0.01738	0.15547	0.02995	0.18351	0.07711	0.02437	0.02573	0.04265	0.00920	0.00919	0.00243	0.04367	0.00832	0.00605	0.19034
29	0.05846	0.01511	0.01828	0.01583	0.01797	0.01808	0.01253	0.13521	0.01888	0.02838	0.02067	0.10091	0.02016	0.10348	0.01909	0.00360	0.24847	0.00958	0.09647	0.03885
30	0.14433	0.09045	0.01970	0.01397	0.01808	0.01587	0.07779	0.08962	0.01919	0.02800	0.07317	0.04135	0.15924	0.15760	0.01513	0.00370	0.00756	0.01053	0.00603	0.00869
31	0.02783	0.09724	0.02901	0.02593	0.11990	0.40732	0.06403	0.08573	0.02336	0.02470	0.01409	0.01668	0.01152	0.00826	0.00765	0.00224	0.01304	0.00611	0.00455	0.01079
32	0.01812	0.05382	0.01584	0.01342	0.01630	0.15562	0.01003	0.04565	0.07911	0.02318	0.03393	0.04079	0.14324	0.16475	0.08972	0.00481	0.01001	0.01015	0.06316	0.00834
33	0.01927	0.09417	0.04689	0.02467	0.20401	0.04335	0.01581	0.05458	0.02021	0.07548	0.12482	0.06671	0.06787	0.01745	0.08485	0.00373	0.00965	0.00989	0.00599	0.01060
34	0.01751	0.14396	0.13443	0.05420	0.07158	0.04439	0.01687	0.02299	0.05214	0.02404	0.02482	0.03169	0.07257	0.01497	0.06016	0.00335	0.05384	0.05702	0.04765	0.05184
35	0.02671	0.02276	0.06024	0.02317	0.07528	0.12959	0.12116	0.03584	0.17391	0.20675	0.02462	0.02451	0.01759	0.00932	0.00845	0.00259	0.00998	0.00816	0.00693	0.01245

[dist]
# distance from previous block
# <min> <max>
9	43

[block]
# block no. 1 follows, 22 sequences, length 31
# corresponding to MSA columns:
# 133-163
name=unknown_B
#
# <colnr> <probs for GDERKNQSTAVLIFYWHMCP>
#	G	D	E	R	K	N	Q	S	T	A	V	L	I	F	Y	W	H	M	C	P
0	0.02052	0.02518	0.17636	0.05626	0.19827	0.06667	0.02125	0.03153	0.19574	0.05384	0.02258	0.02666	0.01787	0.00968	0.00834	0.00267	0.00970	0.03900	0.00563	0.01227
1	0.02125	0.11520	0.28211	0.02692	0.16047	0.16535	0.02309	0.02712	0.01907	0.02460	0.01485	0.01782	0.01170	0.00794	0.00746	0.00235	0.01152	0.00611	0.04362	0.01144
2	0.13370	0.07783	0.02007	0.06428	0.02177	0.08052	0.01309	0.05308	0.08623	0.07773	0.05089	0.11599	0.05066	0.01287	0.01056	0.00277	0.10218	0.00974	0.00615	0.00989
3	0.01155	0.00895	0.00998	0.00985	0.01182	0.00839	0.00696	0.01508	0.06347	0.02417	0.18630	0.11380	0.30145	0.17178	0.01695	0.00397	0.00522	0.01566	0.00748	0.00718
4	0.14611	0.05859	0.01415	0.04178	0.01583	0.01255	0.00959	0.01581	0.01519	0.02349	0.03217	0.40872	0.03699	0.06955	0.01262	0.00345	0.05331	0.01623	0.00632	0.00756
5	0.01237	0.00874	0.01258	0.01258	0.01412	0.01002	0.00975	0.01546	0.01391	0.02090	0.02292	0.03241	0.02084	0.05505	0.58286	0.01178	0.01972	0.00874	0.10779	0.00746
6	0.01347	0.01136	0.01638	0.02118	0.18440	0.01075	0.01245	0.01685	0.01981	0.02672	0.21830	0.14561	0.20459	0.01704	0.00959	0.00279	0.00591	0.04675	0.00715	0.00889
7	0.02221	0.71304	0.04353	0.01421	0.02132	0.03287	0.01421	0.02488	0.01688	0.01955	0.01155	0.01333	0.01066	0.00711	0.00533	0.00178	0.00888	0.00444	0.00355	0.01066
8	0.01298	0.03802	0.01443	0.01273	0.01399	0.01236	0.00960	0.01481	0.01381	0.01894	0.02981	0.04240	0.10871	0.22938	0.28389	0.00853	0.11308	0.01057	0.00491	0.00706
9	0.01096	0.00790	0.01047	0.01169	0.01282	0.00741	0.00847	0.01336	0.01832	0.02472	0.19509	0.43888	0.08201	0.02321	0.01050	0.00323	0.00497	0.10078	0.00805	0.00715
10	0.01187	0.00890	0.01335	0.01335	0.01483	0.01038	0.01038	0.01483	0.01335	0.01928	0.02225	0.03264	0.02077	0.06231	0.67512	0.01335	0.02225	0.00890	0.00445	0.00742
11	0.02066	0.01785	0.01878	0.01691	0.02160	0.02066	0.01315	0.04414	0.64121	0.03475	0.03381	0.03099	0.02536	0.01127	0.00845	0.00282	0.00657	0.00939	0.00845	0.01315
12	0.01879	0.02037	0.03372	0.02830	0.08824	0.10275	0.31536	0.02366	0.01852	0.02393	0.02011	0.09166	0.01819	0.01943	0.13304	0.00470	0.01436	0.01023	0.00460	0.01002
13	0.01012	0.00723	0.00964	0.01157	0.01205	0.00675	0.00771	0.01157	0.01591	0.02121	0.04579	0.70262	0.05495	0.02603	0.01060	0.00337	0.00482	0.02362	0.00771	0.00675
14	0.01009	0.00843	0.00879	0.00870	0.01139	0.00713	0.00652	0.01244	0.01957	0.02394	0.16241	0.07748	0.57367	0.02048	0.00982	0.00278	0.00417	0.01719	0.00791	0.00713
15	0.01569	0.01477	0.02492	0.68808	0.05722	0.01846	0.02307	0.02123	0.01661	0.02123	0.01477	0.02215	0.01107	0.00831	0.00831	0.00277	0.01107	0.00738	0.00369	0.00923
16	0.01973	0.02150	0.03345	0.02629	0.02988	0.08854	0.24213	0.02355	0.01638	0.02244	0.01376	0.02003	0.01193	0.01318	0.04629	0.00359	0.34545	0.00808	0.00394	0.00985
17	0.01355	0.01056	0.01269	0.01319	0.01517	0.01102	0.00967	0.02172	0.19336	0.02696	0.12582	0.38078	0.04932	0.02040	0.00995	0.00315	0.00540	0.06040	0.00811	0.00877
18	0.01187	0.00890	0.01335	0.01335	0.01483	0.01038	0.01038	0.01483	0.01335	0.01928	0.02225	0.03264	0.02077	0.06231	0.67512	0.01335	0.02225	0.00890	0.00445	0.00742
19	0.01193	0.00947	0.01087	0.01086	0.01317	0.00907	0.00799	0.01734	0.10533	0.02693	0.22867	0.20588	0.27227	0.01965	0.00980	0.00288	0.00459	0.01705	0.00822	0.00803
20	0.01053	0.00750	0.00942	0.01078	0.01133	0.00706	0.00702	0.01171	0.01528	0.02017	0.04424	0.51392	0.09299	0.17651	0.01755	0.00437	0.00549	0.02062	0.00712	0.00639
21	0.01068	0.00747	0.00947	0.01085	0.01119	0.00712	0.00694	0.01171	0.01481	0.01975	0.04017	0.51692	0.04786	0.22140	0.01968	0.00471	0.00575	0.02031	0.00694	0.00626
22	0.02537	0.02150	0.02237	0.01831	0.02250	0.11149	0.03618	0.28945	0.02695	0.03663	0.01850	0.02114	0.01437	0.01050	0.01142	0.00257	0.14101	0.00728	0.15127	0.01119
23	0.02871	0.02129	0.02290	0.01805	0.02391	0.02353	0.01464	0.52339	0.08034	0.04764	0.02254	0.05567	0.01778	0.04787	0.01023	0.00285	0.00869	0.00864	0.00812	0.01322
24	0.01084	0.00775	0.01047	0.01239	0.01319	0.00737	0.00897	0.01282	0.01662	0.02202	0.04539	0.56795	0.05337	0.02535	0.01080	0.00347	0.00545	0.15116	0.00770	0.00695
25	0.19074	0.03242	0.09434	0.02193	0.05946	0.37323	0.06256	0.02958	0.02026	0.02557	0.01323	0.01579	0.01058	0.00812	0.00723	0.00236	0.01245	0.00569	0.00437	0.01009
26	0.01159	0.00836	0.01096	0.01056	0.01237	0.00773	0.00783	0.01526	0.02275	0.03209	0.59082	0.12655	0.07603	0.01789	0.00988	0.00269	0.00401	0.01589	0.00900	0.00773
27	0.02373	0.03534	0.22355	0.14586	0.03474	0.32131	0.02190	0.05398	0.02104	0.02371	0.01414	0.01732	0.01086	0.00837	0.00780	0.00242	0.01317	0.00606	0.00410	0.01057
28	0.01989	0.01906	0.03251	0.13845	0.57399	0.01956	0.02516	0.02491	0.01860	0.02633	0.01551	0.02078	0.01287	0.00753	0.00824	0.00251	0.01003	0.00740	0.00405	0.01262
29	0.01811	0.01724	0.02929	0.37139	0.35498	0.01909	0.02428	0.02335	0.01776	0.02417	0.01519	0.02136	0.01211	0.00786	0.00827	0.00262	0.01048	0.00739	0.00390	0.01118
30	0.01862	0.02322	0.16237	0.03672	0.38419	0.01818	0.02309	0.02582	0.07176	0.02719	0.02321	0.02606	0.07165	0.00902	0.00823	0.00251	0.00941	0.00811	0.00472	0.04592

[dist]
# distance from previous block
# <min> <max>
4	30

[block]
# block no. 2 follows, 22 sequences, length 31
# corresponding to MSA columns:
# 194-224
name=unknown_C
#
# <colnr> <probs for GDERKNQSTAVLIFYWHMCP>
#	G	D	E	R	K	N	Q	S	T	A	V	L	I	F	Y	W	H	M	C	P
0	0.02713	0.33764	0.03239	0.01822	0.02375	0.39064	0.01524	0.02950	0.02059	0.01998	0.01227	0.01425	0.01068	0.00792	0.00653	0.00198	0.01228	0.00495	0.00396	0.01009
1	0.01351	0.01043	0.01082	0.01049	0.01073	0.04700	0.00641	0.01373	0.01277	0.01657	0.02455	0.05006	0.02799	0.62874	0.03945	0.00747	0.04743	0.01142	0.00491	0.00553
2	0.02655	0.02519	0.02310	0.01946	0.02480	0.18792	0.04006	0.21757	0.27667	0.03609	0.02360	0.02324	0.01772	0.01001	0.00822	0.00255	0.00979	0.00781	0.00718	0.01247
3	0.02016	0.01933	0.03300	0.10297	0.60735	0.01963	0.02530	0.02515	0.01873	0.02666	0.01556	0.02069	0.01299	0.00748	0.00823	0.00249	0.00997	0.00740	0.00408	0.01284
4	0.01090	0.00872	0.00992	0.01036	0.01287	0.00774	0.00827	0.01359	0.01934	0.02391	0.11720	0.08216	0.45121	0.02123	0.01025	0.00306	0.00508	0.16915	0.00781	0.00724
5	0.01192	0.00870	0.01234	0.01234	0.01347	0.00983	0.00912	0.01418	0.01305	0.01853	0.02318	0.03778	0.02300	0.21521	0.52527	0.01210	0.01889	0.00965	0.00459	0.00685
6	0.02086	0.01896	0.02797	0.09840	0.37377	0.02029	0.02103	0.07032	0.20140	0.03047	0.02113	0.02371	0.01658	0.00878	0.00830	0.00260	0.00897	0.00799	0.00562	0.01285
7	0.01187	0.00890	0.01335	0.01335	0.01483	0.01038	0.01038	0.01483	0.01335	0.01928	0.02225	0.03264	0.02077	0.06231	0.67512	0.01335	0.02225	0.00890	0.00445	0.00742
8	0.01984	0.02202	0.11925	0.05531	0.22054	0.02009	0.01994	0.03484	0.33230	0.03062	0.02465	0.02544	0.01884	0.00946	0.00829	0.00268	0.00861	0.00822	0.00619	0.01287
9	0.01242	0.00872	0.01250	0.01250	0.01405	0.00998	0.00969	0.01552	0.01397	0.02106	0.02299	0.03238	0.02085	0.05431	0.57342	0.01162	0.01946	0.00872	0.11837	0.00747
10	0.03103	0.03959	0.02354	0.02140	0.02568	0.67469	0.01605	0.03317	0.02354	0.02033	0.01284	0.01498	0.01070	0.00856	0.00749	0.00214	0.01498	0.00535	0.00428	0.00963
11	0.01188	0.00886	0.01313	0.01313	0.01454	0.01027	0.01011	0.01470	0.01329	0.01912	0.02245	0.03374	0.02125	0.09503	0.64305	0.01308	0.02153	0.00906	0.00448	0.00730
12	0.02056	0.01974	0.03372	0.05099	0.65622	0.01974	0.02550	0.02550	0.01892	0.02714	0.01563	0.02056	0.01316	0.00740	0.00822	0.00247	0.00987	0.00740	0.00411	0.01316
13	0.01963	0.02085	0.08132	0.03569	0.30352	0.01846	0.16056	0.06707	0.01998	0.02826	0.01849	0.07542	0.01618	0.00890	0.00854	0.00250	0.01016	0.00891	0.00476	0.09078
14	0.01252	0.00812	0.00974	0.01052	0.01219	0.00773	0.00799	0.01552	0.01825	0.02643	0.11398	0.22563	0.12804	0.01871	0.00909	0.00285	0.00486	0.12278	0.23768	0.00738
15	0.01801	0.03443	0.44640	0.02253	0.03246	0.01918	0.07261	0.07038	0.09019	0.02894	0.02151	0.02503	0.04060	0.00946	0.00835	0.00271	0.01104	0.02937	0.00479	0.01204
16	0.02070	0.02543	0.15467	0.02089	0.04977	0.11341	0.07995	0.11018	0.06257	0.02908	0.02133	0.12032	0.01919	0.01081	0.00827	0.00246	0.00990	0.00925	0.00556	0.12625
17	0.01965	0.10241	0.07725	0.11217	0.02855	0.11950	0.04426	0.02301	0.01646	0.02140	0.03394	0.04420	0.01466	0.01160	0.01579	0.00292	0.29103	0.00754	0.00407	0.00958
18	0.01844	0.27359	0.12623	0.02226	0.07547	0.02245	0.16088	0.02320	0.01815	0.02329	0.02671	0.02867	0.12737	0.00974	0.00779	0.00238	0.00981	0.00855	0.00450	0.01055
19	0.01584	0.01046	0.01286	0.01144	0.01425	0.01009	0.00882	0.08590	0.02468	0.07636	0.47630	0.05364	0.08467	0.01540	0.00926	0.00256	0.00472	0.01333	0.06050	0.00892
20	0.16006	0.01500	0.08729	0.01510	0.05904	0.01252	0.01237	0.01900	0.01705	0.05294	0.04142	0.04625	0.22829	0.02319	0.12889	0.00469	0.00956	0.05251	0.00601	0.00883
21	0.02075	0.07919	0.21580	0.03770	0.38309	0.02008	0.02518	0.02675	0.01871	0.07160	0.01633	0.01968	0.01273	0.00773	0.00792	0.00247	0.01029	0.00688	0.00433	0.01278
22	0.01520	0.01160	0.01554	0.01448	0.01646	0.01350	0.01130	0.10516	0.01709	0.02405	0.02218	0.05568	0.02096	0.09568	0.45801	0.01027	0.07007	0.00933	0.00512	0.00834
23	0.01035	0.00740	0.00991	0.01183	0.01242	0.00695	0.00811	0.01197	0.01613	0.02147	0.04566	0.65934	0.05444	0.02581	0.01067	0.00341	0.00502	0.06461	0.00771	0.00681
24	0.07487	0.16143	0.03262	0.07902	0.36949	0.02295	0.02075	0.09367	0.02030	0.02879	0.01494	0.01861	0.01232	0.00772	0.00743	0.00236	0.00942	0.00660	0.00452	0.01220
25	0.02091	0.02162	0.02673	0.03193	0.27906	0.13597	0.01930	0.02433	0.01771	0.02371	0.01435	0.01942	0.01259	0.01278	0.05637	0.00326	0.17289	0.00682	0.00414	0.09609
26	0.01327	0.00993	0.01418	0.01376	0.01561	0.01148	0.01077	0.05860	0.01518	0.02164	0.02209	0.03173	0.02029	0.05857	0.62756	0.01258	0.02132	0.00880	0.00473	0.00790
27	0.32368	0.05862	0.02030	0.01810	0.04698	0.35886	0.01354	0.02901	0.01932	0.02733	0.01239	0.01454	0.01012	0.00811	0.00649	0.00231	0.01110	0.00505	0.00459	0.00956
28	0.00982	0.00842	0.00842	0.00842	0.01122	0.00701	0.00631	0.01192	0.01894	0.02244	0.08416	0.07995	0.65285	0.02104	0.00982	0.00281	0.00421	0.01753	0.00771	0.00701
29	0.02603	0.02758	0.02313	0.09583	0.02765	0.30615	0.01633	0.16935	0.02459	0.02813	0.01994	0.02239	0.06080	0.01064	0.01067	0.00255	0.10523	0.00728	0.00534	0.01037
30	0.02299	0.29569	0.03180	0.02237	0.13823	0.12486	0.01602	0.07809	0.09136	0.02575	0.02089	0.02221	0.05874	0.00909	0.00712	0.00221	0.00942	0.00687	0.00502	0.01128

[dist]
# distance from previous block
# <min> <max>
2	7

[block]
# block no. 3 follows, 22 sequences, length 10
# corresponding to MSA columns:
# 232-241
name=unknown_D
#
# <colnr> <probs for GDERKNQSTAVLIFYWHMCP>
#	G	D	E	R	K	N	Q	S	T	A	V	L	I	F	Y	W	H	M	C	P
0	0.20588	0.07620	0.31676	0.09680	0.06406	0.02009	0.05960	0.02514	0.01673	0.02809	0.01398	0.01721	0.01047	0.00776	0.00721	0.00258	0.01042	0.00604	0.00402	0.01098
1	0.05853	0.02569	0.01902	0.01915	0.07319	0.33356	0.01339	0.02959	0.09068	0.02622	0.01928	0.02156	0.01538	0.00904	0.00709	0.00221	0.01017	0.00659	0.20989	0.00978
2	0.01941	0.00977	0.01255	0.01162	0.01389	0.00899	0.00819	0.02107	0.01755	0.22068	0.07610	0.22096	0.03712	0.25944	0.02094	0.00471	0.00660	0.01422	0.00767	0.00853
3	0.02027	0.02579	0.15470	0.02845	0.13139	0.07290	0.10025	0.06141	0.01802	0.02527	0.01393	0.01885	0.01160	0.01036	0.01542	0.00295	0.26608	0.00726	0.00410	0.01100
4	0.01192	0.00799	0.00911	0.00927	0.00931	0.00794	0.00526	0.01204	0.01240	0.01653	0.02781	0.10847	0.03227	0.65112	0.03964	0.00766	0.00778	0.01304	0.00526	0.00518
5	0.01199	0.00841	0.01085	0.01085	0.01147	0.00903	0.00727	0.01323	0.01261	0.01744	0.02454	0.04528	0.02626	0.43816	0.30678	0.01027	0.01399	0.01075	0.00479	0.00603
6	0.02217	0.01555	0.01733	0.01500	0.01964	0.01646	0.01200	0.14589	0.24718	0.12547	0.06845	0.04365	0.14614	0.01382	0.00895	0.00278	0.00664	0.05266	0.00852	0.01168
7	0.01187	0.00890	0.01335	0.01335	0.01483	0.01038	0.01038	0.01483	0.01335	0.01928	0.02225	0.03264	0.02077	0.06231	0.67512	0.01335	0.02225	0.00890	0.00445	0.00742
8	0.02528	0.07136	0.02269	0.01769	0.02193	0.16761	0.01429	0.20603	0.04995	0.05745	0.01862	0.02135	0.01482	0.01596	0.08528	0.00370	0.09599	0.00706	0.07205	0.01089
9	0.01901	0.01800	0.01691	0.01570	0.01712	0.17235	0.01167	0.02057	0.05431	0.01902	0.01835	0.03087	0.01827	0.14910	0.02477	0.20643	0.13756	0.03828	0.00456	0.00716

[dist]
# distance from previous block
# <min> <max>
3	41

[block]
# block no. 4 follows, 22 sequences, length 46
# corresponding to MSA columns:
# 283-328
name=unknown_E
#
# <colnr> <probs for GDERKNQSTAVLIFYWHMCP>
#	G	D	E	R	K	N	Q	S	T	A	V	L	I	F	Y	W	H	M	C	P
0	0.01855	0.04834	0.01852	0.10983	0.06267	0.01523	0.01346	0.02704	0.17625	0.08703	0.03170	0.04296	0.05872	0.09186	0.01244	0.00340	0.00757	0.10079	0.06357	0.01006
1	0.12842	0.06088	0.28941	0.02470	0.11013	0.05229	0.06026	0.05634	0.01877	0.06434	0.01543	0.01810	0.01155	0.00834	0.00861	0.00259	0.04720	0.00643	0.00453	0.01167
2	0.05360	0.02190	0.16157	0.12494	0.08760	0.01735	0.18033	0.02355	0.04864	0.02543	0.02122	0.12037	0.01939	0.04469	0.01045	0.00306	0.01050	0.01028	0.00478	0.01035
3	0.02238	0.15308	0.02256	0.09514	0.02340	0.22767	0.01317	0.02525	0.01885	0.05349	0.01811	0.02349	0.01541	0.07367	0.03731	0.00312	0.01052	0.00677	0.14746	0.00914
4	0.09615	0.15184	0.15297	0.01767	0.05316	0.05336	0.01615	0.02159	0.01578	0.02311	0.01677	0.02234	0.01461	0.02941	0.27287	0.00670	0.01501	0.00677	0.00414	0.00959
5	0.02744	0.08511	0.02754	0.02759	0.17810	0.37034	0.01805	0.09411	0.04845	0.02589	0.01501	0.01738	0.01225	0.00842	0.00762	0.00226	0.01231	0.00616	0.00478	0.01119
6	0.02187	0.02602	0.10122	0.09909	0.40173	0.15609	0.02389	0.02680	0.01952	0.02510	0.01489	0.01920	0.01217	0.00778	0.00804	0.00244	0.01131	0.00683	0.00404	0.01197
7	0.06259	0.01755	0.02052	0.01627	0.02238	0.01798	0.01329	0.20960	0.14500	0.34181	0.02841	0.02579	0.01915	0.01027	0.00823	0.00260	0.00754	0.00814	0.00916	0.01374
8	0.03103	0.03959	0.02354	0.02140	0.02568	0.67469	0.01605	0.03317	0.02354	0.02033	0.01284	0.01498	0.01070	0.00856	0.00749	0.00214	0.01498	0.00535	0.00428	0.00963
9	0.01204	0.00823	0.00995	0.00995	0.01026	0.00854	0.00615	0.01265	0.01235	0.01677	0.02536	0.04984	0.02824	0.57345	0.17419	0.00916	0.01101	0.01142	0.00491	0.00553
10	0.03103	0.03959	0.02354	0.02140	0.02568	0.67469	0.01605	0.03317	0.02354	0.02033	0.01284	0.01498	0.01070	0.00856	0.00749	0.00214	0.01498	0.00535	0.00428	0.00963
11	0.01160	0.00899	0.01090	0.01185	0.01421	0.00829	0.00984	0.01456	0.01903	0.02365	0.06410	0.08682	0.35080	0.02199	0.01065	0.00331	0.00593	0.30847	0.00768	0.00733
12	0.01549	0.00774	0.00774	0.00774	0.00968	0.00774	0.00581	0.01936	0.01742	0.03097	0.02710	0.03097	0.02129	0.00968	0.00581	0.00194	0.00387	0.00774	0.75416	0.00774
13	0.00983	0.00835	0.00848	0.00858	0.01127	0.00700	0.00639	0.01190	0.01877	0.02238	0.08210	0.11329	0.62083	0.02131	0.00986	0.00284	0.00424	0.01786	0.00771	0.00700
14	0.01187	0.00890	0.01335	0.01335	0.01483	0.01038	0.01038	0.01483	0.01335	0.01928	0.02225	0.03264	0.02077	0.06231	0.67512	0.01335	0.02225	0.00890	0.00445	0.00742
15	0.01008	0.00740	0.00946	0.01110	0.01193	0.00679	0.00751	0.01162	0.01635	0.02139	0.05145	0.61079	0.14313	0.02529	0.01049	0.00329	0.00473	0.02272	0.00771	0.00679
16	0.01723	0.01477	0.01723	0.01230	0.01969	0.01107	0.00984	0.02092	0.01723	0.02707	0.01477	0.01723	0.01230	0.00615	0.00615	0.00123	0.00615	0.00492	0.00492	0.75883
17	0.02066	0.01785	0.01878	0.01691	0.02160	0.02066	0.01315	0.04414	0.64121	0.03475	0.03381	0.03099	0.02536	0.01127	0.00845	0.00282	0.00657	0.00939	0.00845	0.01315
18	0.01993	0.02348	0.13527	0.04660	0.55645	0.01967	0.02633	0.02563	0.01869	0.02701	0.01551	0.02007	0.01274	0.00748	0.00817	0.00249	0.01026	0.00720	0.00401	0.01302
19	0.02056	0.01974	0.03372	0.05099	0.65622	0.01974	0.02550	0.02550	0.01892	0.02714	0.01563	0.02056	0.01316	0.00740	0.00822	0.00247	0.00987	0.00740	0.00411	0.01316
20	0.01666	0.04297	0.66500	0.02368	0.03596	0.01929	0.03069	0.02631	0.01754	0.02631	0.01491	0.01754	0.01052	0.00789	0.00789	0.00263	0.01228	0.00614	0.00351	0.01228
21	0.01072	0.00845	0.00967	0.00937	0.01178	0.00740	0.00702	0.01367	0.02107	0.02752	0.34911	0.07160	0.38473	0.01915	0.00981	0.00272	0.00407	0.01636	0.00838	0.00740
22	0.02221	0.71304	0.04353	0.01421	0.02132	0.03287	0.01421	0.02488	0.01688	0.01955	0.01155	0.01333	0.01066	0.00711	0.00533	0.00178	0.00888	0.00444	0.00355	0.01066
23	0.00982	0.00842	0.00842	0.00842	0.01122	0.00701	0.00631	0.01192	0.01894	0.02244	0.08416	0.07995	0.65285	0.02104	0.00982	0.00281	0.00421	0.01753	0.00771	0.00701
24	0.01012	0.00723	0.00964	0.01157	0.01205	0.00675	0.00771	0.01157	0.01591	0.02121	0.04579	0.70262	0.05495	0.02603	0.01060	0.00337	0.00482	0.02362	0.00771	0.00675
25	0.01208	0.00805	0.00906	0.00906	0.00906	0.00805	0.00503	0.01208	0.01208	0.01611	0.02618	0.05436	0.03020	0.70804	0.04228	0.00805	0.00805	0.01208	0.00503	0.00503
26	0.00982	0.00842	0.00842	0.00842	0.01122	0.00701	0.00631	0.01192	0.01894	0.02244	0.08416	0.07995	0.65285	0.02104	0.00982	0.00281	0.00421	0.01753	0.00771	0.00701
27	0.01027	0.00825	0.00890	0.00906	0.01125	0.00716	0.00652	0.01229	0.01844	0.02287	0.13445	0.14846	0.46523	0.08405	0.01288	0.00333	0.00460	0.01748	0.00762	0.00689
28	0.01987	0.30229	0.19516	0.02339	0.03183	0.02552	0.21060	0.02555	0.01771	0.02343	0.01399	0.01742	0.01125	0.00760	0.00834	0.00239	0.04210	0.00667	0.00375	0.01115
29	0.01914	0.01787	0.03140	0.03781	0.37496	0.01722	0.14638	0.02388	0.01930	0.05720	0.02972	0.03260	0.13486	0.01005	0.00886	0.00261	0.00952	0.00987	0.00512	0.01163
30	0.01012	0.00723	0.00964	0.01157	0.01205	0.00675	0.00771	0.01157	0.01591	0.02121	0.04579	0.70262	0.05495	0.02603	0.01060	0.00337	0.00482	0.02362	0.00771	0.00675
31	0.01571	0.01337	0.01967	0.01735	0.01936	0.01622	0.05138	0.07207	0.01590	0.02290	0.01885	0.02722	0.01718	0.04212	0.41052	0.00927	0.18924	0.00842	0.00458	0.00868
32	0.02069	0.40069	0.03729	0.02735	0.24878	0.02613	0.01792	0.02420	0.01729	0.02225	0.01398	0.01766	0.01247	0.01218	0.06662	0.00307	0.01044	0.00591	0.00383	0.01127
33	0.01188	0.00886	0.01314	0.01314	0.01455	0.01027	0.01012	0.01470	0.01329	0.01913	0.02245	0.03372	0.02124	0.09465	0.64342	0.01309	0.02154	0.00906	0.00448	0.00730
34	0.01208	0.00805	0.00906	0.00906	0.00906	0.00805	0.00503	0.01208	0.01208	0.01611	0.02618	0.05436	0.03020	0.70804	0.04228	0.00805	0.00805	0.01208	0.00503	0.00503
35	0.01222	0.00943	0.01404	0.01383	0.01523	0.01124	0.01083	0.01513	0.01332	0.01933	0.02161	0.03182	0.02021	0.05960	0.63845	0.01280	0.06021	0.00881	0.00440	0.00751
36	0.01208	0.00805	0.00906	0.00906	0.00906	0.00805	0.00503	0.01208	0.01208	0.01611	0.02618	0.05436	0.03020	0.70804	0.04228	0.00805	0.00805	0.01208	0.00503	0.00503
37	0.02520	0.16350	0.02794	0.01977	0.02455	0.38543	0.07236	0.02804	0.02115	0.02171	0.06120	0.04761	0.01802	0.01166	0.03493	0.00268	0.01279	0.00719	0.00463	0.00964
38	0.01023	0.00727	0.00961	0.01143	0.01189	0.00682	0.00757	0.01160	0.01570	0.02093	0.04472	0.66748	0.05360	0.06300	0.01232	0.00363	0.00500	0.02299	0.00757	0.00665
39	0.01188	0.00886	0.01312	0.01312	0.01453	0.01026	0.01010	0.01469	0.01328	0.01911	0.02246	0.03380	0.02127	0.09687	0.64125	0.01307	0.02149	0.00907	0.00448	0.00729
40	0.01139	0.00848	0.01059	0.01006	0.01219	0.00768	0.00755	0.01496	0.02265	0.03125	0.54405	0.06545	0.18746	0.01775	0.00980	0.00265	0.00397	0.01550	0.00887	0.00768
41	0.01723	0.01477	0.01723	0.01230	0.01969	0.01107	0.00984	0.02092	0.01723	0.02707	0.01477	0.01723	0.01230	0.00615	0.00615	0.00123	0.00615	0.00492	0.00492	0.75883
42	0.00994	0.00842	0.00858	0.00854	0.01130	0.00706	0.00641	0.01216	0.01922	0.02312	0.11970	0.07883	0.61688	0.02079	0.00982	0.00279	0.00419	0.01738	0.00780	0.00706
43	0.01807	0.01542	0.01639	0.01493	0.01905	0.01723	0.01155	0.03624	0.48142	0.03271	0.10585	0.04174	0.12719	0.01336	0.00880	0.00279	0.00594	0.01123	0.00841	0.01165
44	0.02066	0.01785	0.01878	0.01691	0.02160	0.02066	0.01315	0.04414	0.64121	0.03475	0.03381	0.03099	0.02536	0.01127	0.00845	0.00282	0.00657	0.00939	0.00845	0.01315
45	0.01965	0.06477	0.28560	0.03667	0.34316	0.05528	0.02650	0.02620	0.01851	0.02606	0.01499	0.01869	0.01185	0.00765	0.00791	0.00248	0.01105	0.00664	0.00385	0.01249

[dist]
# distance from previous block
# <min> <max>
0	1

[block]
# block no. 5 follows, 22 sequences, length 38
# corresponding to MSA columns:
# 330-367
name=unknown_F
#
# <colnr> <probs for GDERKNQSTAVLIFYWHMCP>
#	G	D	E	R	K	N	Q	S	T	A	V	L	I	F	Y	W	H	M	C	P
0	0.01934	0.03592	0.42151	0.02615	0.03656	0.05476	0.18335	0.07358	0.02007	0.02810	0.01568	0.01886	0.01135	0.00786	0.00840	0.00264	0.01262	0.00715	0.00410	0.01200
1	0.08608	0.03366	0.02476	0.02670	0.15515	0.48842	0.01745	0.03091	0.02186	0.02306	0.01332	0.01602	0.01108	0.00826	0.00746	0.00224	0.01326	0.00571	0.00431	0.01031
2	0.02343	0.30058	0.03468	0.09151	0.18649	0.02639	0.01833	0.17164	0.02277	0.02962	0.01494	0.01764	0.01218	0.00800	0.00708	0.00222	0.00941	0.00622	0.00487	0.01199
3	0.01029	0.00735	0.00983	0.01176	0.01231	0.00689	0.00800	0.01186	0.01607	0.02139	0.04570	0.67157	0.05458	0.02587	0.01065	0.00340	0.00496	0.05302	0.00771	0.00679
4	0.01001	0.00840	0.00857	0.00854	0.01117	0.00710	0.00632	0.01210	0.01882	0.02263	0.10693	0.07794	0.59760	0.05333	0.01135	0.00304	0.00438	0.01716	0.00765	0.00696
5	0.01208	0.00805	0.00906	0.00906	0.00906	0.00805	0.00503	0.01208	0.01208	0.01611	0.02618	0.05436	0.03020	0.70804	0.04228	0.00805	0.00805	0.01208	0.00503	0.00503
6	0.01208	0.00805	0.00906	0.00906	0.00906	0.00805	0.00503	0.01208	0.01208	0.01611	0.02618	0.05436	0.03020	0.70804	0.04228	0.00805	0.00805	0.01208	0.00503	0.00503
7	0.01723	0.01477	0.01723	0.01230	0.01969	0.01107	0.00984	0.02092	0.01723	0.02707	0.01477	0.01723	0.01230	0.00615	0.00615	0.00123	0.00615	0.00492	0.00492	0.75883
8	0.01208	0.00805	0.00906	0.00906	0.00906	0.00805	0.00503	0.01208	0.01208	0.01611	0.02618	0.05436	0.03020	0.70804	0.04228	0.00805	0.00805	0.01208	0.00503	0.00503
9	0.02315	0.39696	0.03117	0.01478	0.02012	0.19417	0.01300	0.02592	0.01872	0.02204	0.01501	0.01730	0.01281	0.00800	0.00599	0.00190	0.00946	0.00534	0.15439	0.00981
10	0.01040	0.00784	0.00907	0.00989	0.01114	0.00711	0.00665	0.01180	0.01627	0.02065	0.05620	0.33974	0.27350	0.16104	0.01667	0.00410	0.00524	0.01903	0.00718	0.00650
11	0.01850	0.02198	0.16437	0.12490	0.21136	0.01790	0.02151	0.02473	0.05046	0.06811	0.02593	0.02871	0.09663	0.01052	0.01026	0.00273	0.07657	0.00860	0.00499	0.01126
12	0.03035	0.09196	0.02510	0.02084	0.02534	0.62478	0.01591	0.03253	0.02302	0.02027	0.01274	0.01485	0.01070	0.00845	0.00732	0.00211	0.01451	0.00528	0.00422	0.00971
13	0.03103	0.03959	0.02354	0.02140	0.02568	0.67469	0.01605	0.03317	0.02354	0.02033	0.01284	0.01498	0.01070	0.00856	0.00749	0.00214	0.01498	0.00535	0.00428	0.00963
14	0.01015	0.00753	0.00947	0.01088	0.01190	0.00686	0.00744	0.01186	0.01691	0.02209	0.08540	0.54392	0.17618	0.02455	0.01040	0.00322	0.00465	0.02194	0.00779	0.00686
15	0.01006	0.00747	0.00939	0.01093	0.01188	0.00680	0.00743	0.01164	0.01651	0.02145	0.05349	0.57765	0.17494	0.02503	0.01045	0.00326	0.00470	0.02240	0.00771	0.00680
16	0.01102	0.00846	0.01008	0.00968	0.01196	0.00752	0.00726	0.01425	0.02177	0.02918	0.43582	0.06886	0.29699	0.01853	0.00981	0.00269	0.00403	0.01598	0.00860	0.00752
17	0.01998	0.02259	0.09947	0.04498	0.46818	0.01996	0.15003	0.02581	0.01892	0.02695	0.01580	0.02064	0.01278	0.00737	0.00852	0.00255	0.01096	0.00777	0.00407	0.01267
18	0.01732	0.05284	0.02434	0.01998	0.02060	0.02328	0.01665	0.01937	0.01305	0.01985	0.01286	0.02037	0.01256	0.02225	0.13598	0.00519	0.54345	0.00740	0.00377	0.00889
19	0.01999	0.07674	0.06964	0.18349	0.03201	0.13544	0.01954	0.02336	0.01618	0.02074	0.01250	0.01817	0.01087	0.01097	0.01624	0.00295	0.31120	0.00667	0.00374	0.00955
20	0.01208	0.00805	0.00906	0.00906	0.00906	0.00805	0.00503	0.01208	0.01208	0.01611	0.02618	0.05436	0.03020	0.70804	0.04228	0.00805	0.00805	0.01208	0.00503	0.00503
21	0.24852	0.03264	0.02019	0.01830	0.02284	0.48075	0.01397	0.03059	0.02076	0.02534	0.01246	0.01454	0.01020	0.00831	0.00680	0.00227	0.01245	0.00510	0.00453	0.00944
22	0.00982	0.00842	0.00842	0.00842	0.01122	0.00701	0.00631	0.01192	0.01894	0.02244	0.08416	0.07995	0.65285	0.02104	0.00982	0.00281	0.00421	0.01753	0.00771	0.00701
23	0.01207	0.00811	0.00935	0.00935	0.00945	0.00821	0.00540	0.01227	0.01217	0.01632	0.02591	0.05290	0.02956	0.66438	0.08507	0.00841	0.00901	0.01187	0.00499	0.00519
24	0.01126	0.00847	0.01041	0.00992	0.01210	0.00763	0.00744	0.01471	0.02233	0.03050	0.50500	0.06668	0.22698	0.01803	0.00980	0.00266	0.00399	0.01567	0.00877	0.00763
25	0.01723	0.01477	0.01723	0.01230	0.01969	0.01107	0.00984	0.02092	0.01723	0.02707	0.01477	0.01723	0.01230	0.00615	0.00615	0.00123	0.00615	0.00492	0.00492	0.75883
26	0.01190	0.00878	0.01273	0.01273	0.01400	0.01005	0.00961	0.01443	0.01317	0.01882	0.02282	0.03579	0.02214	0.15618	0.58312	0.01258	0.02019	0.00936	0.00454	0.00707
27	0.01236	0.04314	0.09021	0.01346	0.01591	0.01021	0.01109	0.04044	0.01714	0.02308	0.03948	0.56107	0.04593	0.02234	0.00995	0.00318	0.00608	0.01999	0.00705	0.00790
28	0.01187	0.00890	0.01335	0.01335	0.01483	0.01038	0.01038	0.01483	0.01335	0.01928	0.02225	0.03264	0.02077	0.06231	0.67512	0.01335	0.02225	0.00890	0.00445	0.00742
29	0.01017	0.00827	0.00901	0.00917	0.01152	0.00711	0.00675	0.01248	0.01926	0.02402	0.17002	0.16128	0.47986	0.02106	0.00992	0.00285	0.00424	0.01795	0.00794	0.00711
30	0.01375	0.01156	0.01650	0.01543	0.01632	0.01461	0.01216	0.01609	0.01304	0.01918	0.01929	0.03052	0.01879	0.11220	0.42086	0.00995	0.21908	0.00873	0.00427	0.00767
31	0.01447	0.01234	0.01851	0.02154	0.14376	0.01395	0.01379	0.01733	0.01562	0.02241	0.08474	0.11951	0.02836	0.07756	0.23517	0.00678	0.12929	0.01106	0.00517	0.00865
32	0.02516	0.02573	0.01885	0.01692	0.02095	0.31292	0.01293	0.09110	0.15114	0.02907	0.02135	0.02267	0.01665	0.00953	0.00736	0.00227	0.00996	0.00698	0.18811	0.01034
33	0.02712	0.01870	0.02221	0.04980	0.07627	0.02025	0.01519	0.21420	0.25554	0.16907	0.02715	0.02590	0.01940	0.01023	0.00836	0.00264	0.00791	0.00836	0.00822	0.01347
34	0.01533	0.02016	0.17668	0.01985	0.05580	0.01590	0.05836	0.02012	0.01581	0.02343	0.02304	0.02859	0.06478	0.02557	0.20007	0.00579	0.13417	0.00848	0.07862	0.00945
35	0.09176	0.01581	0.02201	0.13430	0.22807	0.05006	0.01814	0.02196	0.01869	0.02657	0.06646	0.04456	0.02708	0.01295	0.00897	0.00293	0.00892	0.18529	0.00556	0.00992
36	0.20115	0.02498	0.18962	0.03275	0.28278	0.01948	0.08233	0.02555	0.01747	0.02934	0.01457	0.01826	0.01142	0.00756	0.00755	0.00257	0.01005	0.00661	0.00422	0.01173
37	0.01623	0.01591	0.04883	0.02339	0.15030	0.01497	0.08833	0.02426	0.14776	0.02635	0.04057	0.04728	0.18532	0.06756	0.01180	0.00323	0.00799	0.06344	0.00632	0.01017

[dist]
# distance from previous block
# <min> <max>
2	8

[block]
# block no. 6 follows, 22 sequences, length 10
# corresponding to MSA columns:
# 376-385
name=unknown_G
#
# <colnr> <probs for GDERKNQSTAVLIFYWHMCP>
#	G	D	E	R	K	N	Q	S	T	A	V	L	I	F	Y	W	H	M	C	P
0	0.02212	0.02602	0.01924	0.01748	0.02051	0.34877	0.01345	0.02419	0.02012	0.02092	0.03443	0.03557	0.20840	0.01351	0.01187	0.00262	0.13737	0.00946	0.00522	0.00872
1	0.01012	0.00723	0.00964	0.01157	0.01205	0.00675	0.00771	0.01157	0.01591	0.02121	0.04579	0.70262	0.05495	0.02603	0.01060	0.00337	0.00482	0.02362	0.00771	0.00675
2	0.03118	0.03533	0.02390	0.02080	0.02570	0.50518	0.01598	0.18869	0.02760	0.02870	0.01470	0.01628	0.01160	0.00893	0.00770	0.00223	0.01346	0.00591	0.00533	0.01081
3	0.08848	0.01776	0.01843	0.01532	0.02020	0.07303	0.01225	0.20202	0.02282	0.03257	0.01816	0.02225	0.01502	0.02493	0.21274	0.00554	0.01279	0.00691	0.00575	0.17304
4	0.02452	0.01497	0.01762	0.01503	0.01918	0.01534	0.01166	0.25478	0.02632	0.17562	0.03183	0.25282	0.03019	0.05591	0.01106	0.00313	0.00717	0.01335	0.00836	0.01113
5	0.02896	0.03599	0.02663	0.02587	0.10060	0.54950	0.06264	0.03179	0.02271	0.02159	0.01346	0.01619	0.01113	0.00831	0.00775	0.00223	0.01431	0.00592	0.00425	0.01016
6	0.01008	0.00796	0.00909	0.00980	0.01163	0.00697	0.00697	0.01206	0.01809	0.02276	0.11093	0.32158	0.37732	0.02269	0.01012	0.00301	0.00443	0.01972	0.00782	0.00697
7	0.01111	0.00847	0.01020	0.00977	0.01201	0.00756	0.00733	0.01442	0.02198	0.02967	0.46139	0.06806	0.27111	0.01834	0.00980	0.00268	0.00402	0.01587	0.00867	0.00756
8	0.01932	0.01702	0.02305	0.02856	0.24321	0.01834	0.01752	0.03276	0.31106	0.03030	0.02927	0.03864	0.02513	0.01202	0.00892	0.00288	0.00792	0.11515	0.00679	0.01216
9	0.02569	0.44780	0.03566	0.01705	0.02304	0.28565	0.01494	0.02814	0.01950	0.01985	0.01206	0.01398	0.01068	0.00768	0.00618	0.00192	0.01129	0.00480	0.00384	0.01026

[dist]
# distance from previous block
# <min> <max>
0	1

[block]
# block no. 7 follows, 22 sequences, length 44
# corresponding to MSA columns:
# 387-430
name=unknown_H
#
# <colnr> <probs for GDERKNQSTAVLIFYWHMCP>
#	G	D	E	R	K	N	Q	S	T	A	V	L	I	F	Y	W	H	M	C	P
0	0.01985	0.02406	0.14716	0.03009	0.23409	0.05582	0.04799	0.03145	0.21730	0.02938	0.06065	0.02566	0.02043	0.00937	0.00836	0.00262	0.00938	0.00826	0.00571	0.01237
1	0.01016	0.00781	0.00918	0.01011	0.01159	0.00697	0.00702	0.01193	0.01731	0.02203	0.08832	0.38762	0.29986	0.05570	0.01174	0.00333	0.00468	0.02019	0.00765	0.00683
2	0.01692	0.01216	0.01446	0.01299	0.01515	0.01328	0.00949	0.16828	0.01929	0.02628	0.02333	0.03860	0.02307	0.32145	0.24024	0.00838	0.01296	0.00988	0.00567	0.00810
3	0.02602	0.17162	0.05393	0.01971	0.02419	0.39943	0.01630	0.02858	0.02002	0.02033	0.01286	0.01602	0.01119	0.01160	0.04159	0.00282	0.10437	0.00562	0.00402	0.00977
4	0.01275	0.00872	0.01004	0.01011	0.01057	0.00875	0.00616	0.04548	0.01431	0.01910	0.02977	0.18256	0.03429	0.53326	0.03408	0.00681	0.00746	0.01415	0.00575	0.00587
5	0.02046	0.01982	0.09477	0.01920	0.05146	0.01836	0.03955	0.19045	0.19618	0.03447	0.02939	0.19442	0.02698	0.01389	0.00893	0.00283	0.00793	0.01200	0.00729	0.01163
6	0.01201	0.00834	0.01049	0.01049	0.01099	0.00883	0.00682	0.01300	0.01251	0.01717	0.02486	0.04711	0.02705	0.49238	0.25364	0.00982	0.01280	0.01102	0.00484	0.00583
7	0.02090	0.02433	0.12021	0.03321	0.24033	0.05695	0.14296	0.05584	0.16219	0.02934	0.01995	0.02256	0.01537	0.00845	0.00851	0.00262	0.01054	0.00805	0.00522	0.01249
8	0.01779	0.13708	0.44244	0.02190	0.03090	0.02256	0.02570	0.02481	0.01646	0.02402	0.01359	0.01705	0.01062	0.00913	0.01147	0.00271	0.15073	0.00612	0.00354	0.01139
9	0.02493	0.02914	0.02583	0.17738	0.14847	0.36993	0.01949	0.02833	0.02052	0.02177	0.01368	0.01780	0.01125	0.00862	0.00891	0.00243	0.05099	0.00629	0.00408	0.01016
10	0.02021	0.33036	0.20515	0.02686	0.18397	0.02545	0.05137	0.02549	0.01769	0.02356	0.01371	0.01668	0.01134	0.00738	0.00694	0.00222	0.01027	0.00589	0.00371	0.01173
11	0.02405	0.02494	0.02034	0.01837	0.02293	0.23410	0.01410	0.04056	0.43965	0.03005	0.02697	0.02577	0.02058	0.01039	0.00814	0.00260	0.00932	0.00807	0.00709	0.01200
12	0.00982	0.00842	0.00842	0.00842	0.01122	0.00701	0.00631	0.01192	0.01894	0.02244	0.08416	0.07995	0.65285	0.02104	0.00982	0.00281	0.00421	0.01753	0.00771	0.00701
13	0.01167	0.00802	0.00905	0.00922	0.00955	0.00783	0.00541	0.01202	0.01313	0.01722	0.03385	0.11613	0.09564	0.57608	0.03610	0.00709	0.00737	0.01369	0.00555	0.00539
14	0.01140	0.00788	0.00915	0.00964	0.00999	0.00764	0.00581	0.01194	0.01361	0.01791	0.03590	0.21939	0.08790	0.47985	0.03164	0.00644	0.00692	0.01543	0.00593	0.00563
15	0.00982	0.00842	0.00842	0.00842	0.01122	0.00701	0.00631	0.01192	0.01894	0.02244	0.08416	0.07995	0.65285	0.02104	0.00982	0.00281	0.00421	0.01753	0.00771	0.00701
16	0.01723	0.01477	0.01723	0.01230	0.01969	0.01107	0.00984	0.02092	0.01723	0.02707	0.01477	0.01723	0.01230	0.00615	0.00615	0.00123	0.00615	0.00492	0.00492	0.75883
17	0.01012	0.00723	0.00964	0.01157	0.01205	0.00675	0.00771	0.01157	0.01591	0.02121	0.04579	0.70262	0.05495	0.02603	0.01060	0.00337	0.00482	0.02362	0.00771	0.00675
18	0.00992	0.00802	0.00882	0.00946	0.01150	0.00692	0.00678	0.01180	0.01793	0.02203	0.07140	0.28704	0.45400	0.02270	0.01008	0.00299	0.00441	0.01956	0.00771	0.00692
19	0.03727	0.01414	0.01928	0.01478	0.02121	0.01221	0.01221	0.04049	0.02378	0.66198	0.03277	0.02828	0.02056	0.01028	0.00835	0.00257	0.00707	0.00835	0.01028	0.01414
20	0.01187	0.00890	0.01335	0.01335	0.01483	0.01038	0.01038	0.01483	0.01335	0.01928	0.02225	0.03264	0.02077	0.06231	0.67512	0.01335	0.02225	0.00890	0.00445	0.00742
21	0.03103	0.03959	0.02354	0.02140	0.02568	0.67469	0.01605	0.03317	0.02354	0.02033	0.01284	0.01498	0.01070	0.00856	0.00749	0.00214	0.01498	0.00535	0.00428	0.00963
22	0.02360	0.02582	0.02827	0.03728	0.37518	0.25014	0.02105	0.02745	0.02057	0.02453	0.01723	0.02527	0.01545	0.00923	0.00826	0.00248	0.01147	0.06080	0.00449	0.01141
23	0.01164	0.00857	0.01236	0.01263	0.01381	0.00961	0.00942	0.01407	0.01358	0.01921	0.02603	0.13025	0.02666	0.12763	0.51158	0.01135	0.01822	0.01134	0.00498	0.00706
24	0.76672	0.01607	0.01221	0.01092	0.01607	0.01864	0.00900	0.02442	0.01414	0.03727	0.01157	0.01350	0.00900	0.00771	0.00514	0.00257	0.00643	0.00450	0.00514	0.00900
25	0.02223	0.00995	0.01208	0.01061	0.01396	0.00947	0.00836	0.02579	0.01908	0.23570	0.02846	0.03026	0.02100	0.01522	0.07456	0.00330	0.00678	0.00806	0.43533	0.00980
26	0.01569	0.01477	0.02492	0.68808	0.05722	0.01846	0.02307	0.02123	0.01661	0.02123	0.01477	0.02215	0.01107	0.00831	0.00831	0.00277	0.01107	0.00738	0.00369	0.00923
27	0.01084	0.00846	0.00984	0.00949	0.01185	0.00745	0.00712	0.01391	0.02136	0.02819	0.38438	0.07049	0.34904	0.01889	0.00981	0.00270	0.00406	0.01621	0.00847	0.00745
28	0.76672	0.01607	0.01221	0.01092	0.01607	0.01864	0.00900	0.02442	0.01414	0.03727	0.01157	0.01350	0.00900	0.00771	0.00514	0.00257	0.00643	0.00450	0.00514	0.00900
29	0.03158	0.02327	0.02493	0.01911	0.02576	0.02576	0.01579	0.62852	0.03906	0.05236	0.01995	0.01995	0.01413	0.00997	0.00831	0.00249	0.00914	0.00748	0.00831	0.01413
30	0.76672	0.01607	0.01221	0.01092	0.01607	0.01864	0.00900	0.02442	0.01414	0.03727	0.01157	0.01350	0.00900	0.00771	0.00514	0.00257	0.00643	0.00450	0.00514	0.00900
