[name]
unknown

[dist]
# distance from previous block
# <min> <max>
0	0

[block]
# block no. 0 follows, 21 sequences, length 63
# corresponding to MSA columns:
# 0-62
name=unknown_A
#
# <colnr> <probs for GDERKNQSTAVLIFYWHMCP>
#	G	D	E	R	K	N	Q	S	T	A	V	L	I	F	Y	W	H	M	C	P
0	0.01371	0.00980	0.01371	0.01567	0.01763	0.00980	0.01371	0.01763	0.01959	0.02547	0.04506	0.09599	0.04898	0.02351	0.01175	0.00392	0.00784	0.59056	0.00784	0.00784
1	0.03002	0.18753	0.02994	0.01860	0.02530	0.08723	0.01582	0.42424	0.03314	0.04262	0.01772	0.01835	0.01330	0.00938	0.00771	0.00235	0.00985	0.00672	0.00697	0.01320
2	0.01768	0.08661	0.57904	0.02528	0.07225	0.02072	0.03000	0.02680	0.01801	0.02654	0.01509	0.01786	0.01095	0.00800	0.00793	0.00263	0.01220	0.00625	0.00363	0.01252
3	0.02132	0.41343	0.14880	0.02598	0.18613	0.02777	0.02049	0.02590	0.01795	0.02324	0.01351	0.01632	0.01156	0.00750	0.00668	0.00216	0.00997	0.00564	0.00378	0.01187
4	0.02088	0.48758	0.24662	0.01776	0.02679	0.02908	0.02013	0.02597	0.01751	0.02231	0.01297	0.01508	0.01087	0.00755	0.00633	0.00211	0.01025	0.00512	0.00362	0.01147
5	0.01238	0.00825	0.00928	0.00928	0.00928	0.00825	0.00516	0.01238	0.01238	0.01650	0.02681	0.05569	0.03094	0.70092	0.04331	0.00825	0.00825	0.01238	0.00516	0.00516
6	0.01216	0.00912	0.01368	0.01368	0.01520	0.01064	0.01064	0.01520	0.01368	0.01976	0.02279	0.03343	0.02127	0.06382	0.66720	0.01368	0.02279	0.00912	0.00456	0.00760
7	0.02304	0.02719	0.03023	0.02465	0.02969	0.29686	0.22603	0.02683	0.02101	0.02329	0.02188	0.16510	0.02145	0.01208	0.00920	0.00270	0.01274	0.01113	0.00512	0.00979
8	0.03078	0.03865	0.02509	0.02477	0.08463	0.60608	0.01735	0.03324	0.02367	0.02148	0.01342	0.01588	0.01120	0.00866	0.00774	0.00222	0.01486	0.00568	0.00437	0.01020
9	0.01037	0.00741	0.00987	0.01185	0.01234	0.00691	0.00790	0.01185	0.01629	0.02172	0.04690	0.69537	0.05629	0.02666	0.01086	0.00346	0.00494	0.02419	0.00790	0.00691
10	0.01707	0.04402	0.65683	0.02426	0.03683	0.01976	0.03144	0.02695	0.01797	0.02695	0.01527	0.01797	0.01078	0.00809	0.00809	0.00270	0.01258	0.00629	0.00359	0.01258
11	0.21538	0.02461	0.08493	0.02094	0.02755	0.12987	0.14497	0.03206	0.10969	0.10142	0.01938	0.02081	0.01427	0.00874	0.00785	0.00265	0.01042	0.00728	0.00585	0.01136
12	0.01396	0.01205	0.01611	0.01503	0.01583	0.01473	0.01159	0.01576	0.01437	0.02015	0.03146	0.11442	0.11500	0.14498	0.16425	0.00649	0.24885	0.01210	0.00524	0.00764
13	0.01006	0.00862	0.00862	0.00862	0.01149	0.00718	0.00647	0.01221	0.01940	0.02299	0.08621	0.08190	0.64438	0.02155	0.01006	0.00287	0.00431	0.01796	0.00790	0.00718
14	0.01744	0.04179	0.59843	0.02688	0.09417	0.01981	0.03094	0.02687	0.01810	0.02703	0.01534	0.01826	0.01103	0.00804	0.00812	0.00268	0.01235	0.00641	0.00365	0.01266
15	0.01754	0.10442	0.56175	0.06245	0.03672	0.02102	0.02939	0.02650	0.01785	0.02599	0.01494	0.01784	0.01083	0.00803	0.00786	0.00262	0.01218	0.00620	0.00361	0.01224
16	0.03177	0.02355	0.02521	0.01946	0.02617	0.02612	0.01603	0.58972	0.07069	0.05270	0.02117	0.02102	0.01507	0.01028	0.00852	0.00257	0.00923	0.00776	0.00852	0.01442
17	0.01937	0.01849	0.03149	0.26513	0.44816	0.01978	0.02528	0.02464	0.01858	0.02575	0.01571	0.02161	0.01276	0.00790	0.00845	0.00263	0.01053	0.00758	0.00407	0.01212
18	0.01833	0.01744	0.02961	0.39552	0.32587	0.01950	0.02476	0.02373	0.01809	0.02449	0.01553	0.02195	0.01231	0.00809	0.00847	0.00270	0.01078	0.00757	0.00398	0.01128
19	0.01753	0.01710	0.02985	0.46955	0.08316	0.01966	0.12972	0.02517	0.07545	0.02435	0.01738	0.02350	0.01311	0.00850	0.00879	0.00283	0.01139	0.00820	0.00436	0.01040
20	0.01006	0.00862	0.00862	0.00862	0.01149	0.00718	0.00647	0.01221	0.01940	0.02299	0.08621	0.08190	0.64438	0.02155	0.01006	0.00287	0.00431	0.01796	0.00790	0.00718
21	0.01337	0.02124	0.23804	0.01538	0.02138	0.01209	0.01642	0.01885	0.01993	0.02707	0.17705	0.05703	0.23158	0.01613	0.00955	0.00289	0.00756	0.07841	0.00669	0.00934
22	0.01948	0.24540	0.44098	0.02120	0.03178	0.05413	0.02560	0.02683	0.01805	0.02456	0.01413	0.01653	0.01083	0.00787	0.00727	0.00241	0.01165	0.00572	0.00364	0.01195
23	0.02059	0.01974	0.03370	0.11119	0.59254	0.02010	0.02588	0.02571	0.01916	0.02723	0.01592	0.02121	0.01328	0.00767	0.00843	0.00256	0.01023	0.00758	0.00417	0.01310
24	0.01707	0.04402	0.65683	0.02426	0.03683	0.01976	0.03144	0.02695	0.01797	0.02695	0.01527	0.01797	0.01078	0.00809	0.00809	0.00270	0.01258	0.00629	0.00359	0.01258
25	0.01901	0.01813	0.03084	0.31018	0.40590	0.01968	0.02510	0.02432	0.01841	0.02531	0.01565	0.02173	0.01260	0.00796	0.00846	0.00265	0.01062	0.00757	0.00404	0.01183
26	0.01037	0.00741	0.00987	0.01185	0.01234	0.00691	0.00790	0.01185	0.01629	0.02172	0.04690	0.69537	0.05629	0.02666	0.01086	0.00346	0.00494	0.02419	0.00790	0.00691
27	0.01010	0.00846	0.00879	0.00904	0.01161	0.00715	0.00665	0.01217	0.01899	0.02282	0.08105	0.16236	0.56725	0.02222	0.01016	0.00295	0.00439	0.01878	0.00790	0.00715
28	0.09372	0.01453	0.01626	0.01394	0.01893	0.01471	0.01108	0.03421	0.22268	0.24231	0.04440	0.04104	0.16972	0.01324	0.00864	0.00277	0.00632	0.01077	0.00880	0.01192
29	0.08761	0.01925	0.02124	0.06083	0.02518	0.04434	0.01423	0.24089	0.09665	0.16688	0.02305	0.02324	0.01651	0.01216	0.03816	0.00301	0.00909	0.00755	0.00771	0.08241
30	0.10193	0.07143	0.55532	0.02232	0.03382	0.02033	0.02814	0.02666	0.01754	0.02791	0.01472	0.01730	0.01061	0.00803	0.00764	0.00265	0.01173	0.00602	0.00379	0.01212
31	0.02645	0.05668	0.02976	0.03576	0.31566	0.34124	0.02088	0.02999	0.02165	0.02405	0.01443	0.01794	0.01213	0.00816	0.00794	0.00233	0.01267	0.00642	0.00428	0.01159
32	0.17487	0.28583	0.09925	0.01475	0.02126	0.02345	0.01429	0.08076	0.01926	0.06159	0.01777	0.06238	0.01531	0.00944	0.00656	0.00232	0.00821	0.00684	0.06508	0.01077
33	0.27975	0.12840	0.26812	0.09285	0.02993	0.02148	0.02025	0.02546	0.01653	0.02929	0.01354	0.01641	0.01031	0.00795	0.00675	0.00256	0.00981	0.00559	0.00421	0.01079
34	0.01950	0.31730	0.31546	0.02172	0.07850	0.02499	0.02268	0.02568	0.01813	0.02451	0.04788	0.01888	0.01482	0.00821	0.00712	0.00231	0.01046	0.00616	0.00398	0.01171
35	0.05597	0.01356	0.05588	0.01270	0.01708	0.01107	0.01055	0.02251	0.07024	0.13308	0.07027	0.17346	0.21786	0.01665	0.00911	0.00276	0.00598	0.01410	0.00777	0.07938
36	0.02397	0.12113	0.10282	0.02478	0.07891	0.27344	0.12168	0.02827	0.02084	0.02353	0.01909	0.02172	0.05366	0.00887	0.00800	0.00235	0.01249	0.00722	0.00443	0.04280
37	0.02822	0.02284	0.06407	0.02097	0.08227	0.12843	0.01597	0.08394	0.17105	0.21898	0.02882	0.02757	0.04711	0.01051	0.00845	0.00262	0.00916	0.00840	0.00769	0.01289
38	0.01905	0.01565	0.01581	0.01404	0.01783	0.05747	0.01073	0.19328	0.05272	0.03206	0.04525	0.19027	0.20393	0.04513	0.01075	0.00301	0.00703	0.01430	0.00764	0.04405
39	0.17346	0.23376	0.08346	0.05786	0.13324	0.02361	0.08546	0.02535	0.01745	0.02708	0.01383	0.01709	0.01136	0.00751	0.00687	0.00231	0.00956	0.00603	0.00425	0.06046
40	0.05313	0.13051	0.21756	0.02652	0.16206	0.10382	0.02180	0.02983	0.01991	0.13161	0.01761	0.01936	0.01308	0.00835	0.00769	0.00245	0.01075	0.00652	0.00507	0.01237
41	0.01959	0.02396	0.17733	0.03042	0.23298	0.01698	0.06940	0.02540	0.01878	0.05894	0.01779	0.04617	0.01461	0.00822	0.00802	0.00230	0.00969	0.00750	0.00475	0.20718
42	0.02174	0.02085	0.03506	0.03360	0.20725	0.02083	0.22956	0.09688	0.12656	0.03187	0.02005	0.02321	0.01546	0.00831	0.00887	0.00261	0.01063	0.00860	0.00556	0.07249
43	0.02198	0.02113	0.02743	0.02649	0.13855	0.08053	0.11864	0.09002	0.22179	0.03174	0.02807	0.02900	0.06813	0.01024	0.00874	0.00264	0.00949	0.00919	0.00645	0.04976
44	0.02346	0.03092	0.18774	0.02677	0.10587	0.15996	0.10922	0.11331	0.02292	0.02972	0.01592	0.01883	0.01221	0.00813	0.00817	0.00240	0.01192	0.00687	0.00483	0.10084
45	0.02057	0.01613	0.01720	0.01390	0.01920	0.05663	0.01095	0.12266	0.02202	0.07989	0.03094	0.03342	0.12325	0.04897	0.08447	0.00367	0.00912	0.00881	0.00647	0.27173
46	0.01795	0.16258	0.02450	0.03777	0.02095	0.01636	0.09250	0.02112	0.01697	0.02486	0.01871	0.02462	0.01604	0.05600	0.01161	0.07280	0.00781	0.00716	0.19640	0.15330
47	0.02031	0.01207	0.01501	0.01327	0.01623	0.01266	0.01013	0.11648	0.01992	0.13414	0.02569	0.03520	0.02230	0.17778	0.23897	0.00750	0.01270	0.00936	0.09090	0.00939
48	0.01216	0.00912	0.01368	0.01368	0.01520	0.01064	0.01064	0.01520	0.01368	0.01976	0.02279	0.03343	0.02127	0.06382	0.66720	0.01368	0.02279	0.00912	0.00456	0.00760
49	0.21646	0.23907	0.02831	0.01931	0.07248	0.25104	0.01477	0.02840	0.01913	0.02562	0.01264	0.01489	0.01070	0.00799	0.00643	0.00222	0.01072	0.00514	0.00437	0.01032
50	0.01216	0.00912	0.01368	0.01368	0.01520	0.01064	0.01064	0.01520	0.01368	0.01976	0.02279	0.03343	0.02127	0.06382	0.66720	0.01368	0.02279	0.00912	0.00456	0.00760
51	0.02011	0.01586	0.01946	0.02215	0.15399	0.01723	0.01407	0.06246	0.28458	0.03366	0.02782	0.02886	0.02144	0.01013	0.00778	0.00252	0.00676	0.00857	0.23070	0.01185
52	0.18995	0.02224	0.02272	0.01777	0.02424	0.02481	0.01467	0.49090	0.03449	0.05029	0.01858	0.01900	0.01334	0.00971	0.00781	0.00257	0.00876	0.00700	0.00781	0.01334
53	0.01037	0.00741	0.00987	0.01185	0.01234	0.00691	0.00790	0.01185	0.01629	0.02172	0.04690	0.69537	0.05629	0.02666	0.01086	0.00346	0.00494	0.02419	0.00790	0.00691
54	0.01353	0.00925	0.01216	0.01206	0.01433	0.00864	0.00961	0.01734	0.02253	0.05952	0.41196	0.07203	0.11474	0.01903	0.01043	0.00302	0.00520	0.16751	0.00890	0.00821
55	0.01076	0.00865	0.00959	0.00936	0.01192	0.00748	0.00702	0.01357	0.02105	0.02691	0.28238	0.07544	0.44576	0.02009	0.01005	0.00280	0.00421	0.01706	0.00842	0.00748
56	0.01583	0.01320	0.01571	0.01242	0.01822	0.01024	0.00954	0.01904	0.01731	0.02623	0.02305	0.18665	0.02350	0.01138	0.00744	0.00181	0.00596	0.00982	0.00575	0.56691
57	0.02993	0.02264	0.02418	0.01909	0.02547	0.02526	0.01559	0.49527	0.16814	0.04973	0.02350	0.02288	0.01696	0.01050	0.00854	0.00263	0.00880	0.00809	0.00854	0.01426
58	0.02190	0.64987	0.04210	0.01449	0.02131	0.03182	0.01425	0.02465	0.01700	0.02000	0.01271	0.01525	0.01176	0.01184	0.05880	0.00278	0.01020	0.00492	0.00371	0.01065
59	0.02114	0.05047	0.02348	0.02113	0.07152	0.13252	0.01578	0.09030	0.02103	0.02738	0.12596	0.03013	0.06559	0.01325	0.01543	0.00291	0.24722	0.00907	0.00566	0.01004
60	0.03024	0.17249	0.02957	0.01865	0.02540	0.07054	0.01584	0.45208	0.03404	0.04418	0.01809	0.01863	0.01347	0.00948	0.00780	0.00237	0.00971	0.00684	0.00718	0.01340
61	0.03029	0.02229	0.02407	0.01885	0.02507	0.02456	0.01540	0.56244	0.03779	0.05064	0.02292	0.08377	0.01840	0.01176	0.00873	0.00264	0.00895	0.00921	0.00846	0.01376
62	0.01953	0.24349	0.44022	0.02121	0.03178	0.05666	0.02559	0.02686	0.01807	0.02455	0.01413	0.01653	0.01083	0.00788	0.00727	0.00241	0.01167	0.00572	0.00365	0.01194

[dist]
# distance from previous block
# <min> <max>
4	11

[block]
# block no. 1 follows, 21 sequences, length 27
# corresponding to MSA columns:
# 75-101
name=unknown_B
#
# <colnr> <probs for GDERKNQSTAVLIFYWHMCP>
#	G	D	E	R	K	N	Q	S	T	A	V	L	I	F	Y	W	H	M	C	P
0	0.02553	0.02432	0.02235	0.02126	0.07232	0.18011	0.01536	0.17590	0.23946	0.03449	0.02553	0.08125	0.02115	0.01153	0.00855	0.00266	0.00960	0.00923	0.00716	0.01226
1	0.02813	0.02481	0.02079	0.01740	0.02231	0.20913	0.01373	0.30056	0.02990	0.03864	0.02011	0.02173	0.01525	0.00972	0.00764	0.00231	0.00978	0.00709	0.18946	0.01151
2	0.02234	0.30535	0.17047	0.02691	0.17982	0.11300	0.02128	0.02710	0.01887	0.02353	0.01378	0.01663	0.01153	0.00773	0.00705	0.00223	0.01094	0.00580	0.00387	0.01176
3	0.02986	0.18266	0.02849	0.02035	0.02535	0.53157	0.01604	0.03217	0.02266	0.02066	0.01287	0.01498	0.01095	0.00845	0.00720	0.00211	0.01401	0.00528	0.00423	0.01009
4	0.01080	0.00870	0.00965	0.00957	0.01215	0.00756	0.00728	0.01357	0.02072	0.02623	0.23978	0.07751	0.45590	0.02049	0.01014	0.00287	0.00441	0.04690	0.00831	0.00745
5	0.12082	0.01939	0.03099	0.08670	0.52491	0.01998	0.02367	0.02569	0.01857	0.02882	0.01539	0.02019	0.01277	0.00768	0.00800	0.00256	0.00971	0.00718	0.00433	0.01265
6	0.04978	0.09944	0.28977	0.09593	0.09852	0.02154	0.17421	0.02618	0.01832	0.02634	0.01532	0.01940	0.01159	0.00776	0.00827	0.00265	0.01205	0.00724	0.00393	0.01176
7	0.01175	0.00860	0.01036	0.01087	0.01233	0.00807	0.00789	0.01385	0.01785	0.02329	0.14748	0.15098	0.19657	0.21158	0.01976	0.00461	0.00610	0.12386	0.00736	0.00684
8	0.01056	0.00781	0.00987	0.01110	0.01224	0.00712	0.00766	0.01252	0.01798	0.02375	0.14035	0.49361	0.16546	0.02440	0.01060	0.00324	0.00469	0.02180	0.00811	0.00712
9	0.02964	0.03252	0.02522	0.02282	0.05488	0.39215	0.01712	0.17597	0.02631	0.02919	0.01481	0.01731	0.01197	0.00990	0.01065	0.00250	0.10424	0.00638	0.00530	0.01109
10	0.01029	0.00771	0.00957	0.01105	0.01213	0.00698	0.00755	0.01194	0.01706	0.02204	0.05658	0.54429	0.20112	0.02540	0.01066	0.00331	0.00478	0.02266	0.00790	0.00698
11	0.02121	0.08584	0.03404	0.02518	0.02910	0.12396	0.19258	0.02480	0.01723	0.02245	0.01376	0.01951	0.01202	0.01291	0.04259	0.00345	0.29754	0.00770	0.00402	0.01011
12	0.01951	0.20063	0.33453	0.02858	0.16410	0.02340	0.06344	0.02643	0.01824	0.02545	0.01471	0.01788	0.01153	0.00772	0.00764	0.00245	0.01131	0.00638	0.00378	0.01229
13	0.02552	0.50783	0.03891	0.01621	0.02317	0.08168	0.01505	0.15336	0.02269	0.02728	0.01378	0.01524	0.01168	0.00803	0.00629	0.00201	0.00965	0.00529	0.00474	0.01160
14	0.01874	0.11905	0.22725	0.02890	0.20905	0.04657	0.02285	0.02457	0.01889	0.02558	0.02314	0.03427	0.04622	0.01107	0.00852	0.00272	0.01033	0.10610	0.00473	0.01146
15	0.01855	0.21679	0.49705	0.02173	0.03292	0.02339	0.02704	0.02657	0.01779	0.02514	0.01437	0.01684	0.01082	0.00788	0.00740	0.00247	0.01167	0.00583	0.00361	0.01214
16	0.01215	0.00922	0.01158	0.01280	0.01503	0.00865	0.01066	0.01527	0.01934	0.02433	0.06069	0.12349	0.27409	0.02294	0.01107	0.00350	0.00635	0.34344	0.00786	0.00754
17	0.01861	0.15752	0.44181	0.02458	0.03552	0.02254	0.13137	0.02674	0.01822	0.02578	0.01500	0.01808	0.01118	0.00778	0.00796	0.00257	0.01227	0.00664	0.00373	0.01209
18	0.02503	0.02280	0.02818	0.03160	0.24975	0.15413	0.07824	0.06928	0.02276	0.11263	0.05306	0.02783	0.06651	0.00992	0.00866	0.00254	0.01046	0.00870	0.00594	0.01198
19	0.01026	0.00846	0.00901	0.00922	0.01170	0.00721	0.00678	0.01247	0.01934	0.02369	0.12451	0.16343	0.52068	0.02192	0.01016	0.00294	0.00437	0.01860	0.00802	0.00721
20	0.01952	0.01864	0.03175	0.24697	0.46519	0.01981	0.02535	0.02476	0.01865	0.02592	0.01573	0.02157	0.01282	0.00787	0.00845	0.00262	0.01049	0.00758	0.00408	0.01223
21	0.02000	0.02590	0.17117	0.04275	0.38814	0.02040	0.15342	0.02654	0.01923	0.02750	0.01611	0.02080	0.01278	0.00760	0.00870	0.00264	0.01154	0.00783	0.00410	0.01286
22	0.01685	0.01546	0.02529	0.27831	0.26962	0.01668	0.02064	0.02178	0.01939	0.02647	0.13977	0.03314	0.05991	0.01057	0.00885	0.00269	0.00909	0.00964	0.00524	0.01058
23	0.01264	0.01023	0.01508	0.02029	0.14839	0.00978	0.01171	0.01493	0.01715	0.02311	0.04279	0.51187	0.08458	0.02225	0.01029	0.00322	0.00601	0.02024	0.00711	0.00834
24	0.01863	0.03297	0.39453	0.18122	0.03970	0.01997	0.02654	0.10527	0.02077	0.02915	0.01864	0.02188	0.03559	0.00899	0.00832	0.00272	0.01153	0.00723	0.00447	0.01187
25	0.01697	0.02913	0.34069	0.02607	0.16090	0.01650	0.02346	0.02367	0.01885	0.04901	0.03357	0.03478	0.16777	0.01138	0.00866	0.00270	0.00982	0.00952	0.00504	0.01151
26	0.01894	0.01898	0.03501	0.28462	0.27751	0.02005	0.17068	0.02475	0.01866	0.02539	0.01597	0.02214	0.01254	0.00783	0.00885	0.00273	0.01162	0.00818	0.00407	0.01147

[dist]
# distance from previous block
# <min> <max>
18	41

[block]
# block no. 2 follows, 21 sequences, length 8
# corresponding to MSA columns:
# 143-150
name=unknown_C
#
# <colnr> <probs for GDERKNQSTAVLIFYWHMCP>
#	G	D	E	R	K	N	Q	S	T	A	V	L	I	F	Y	W	H	M	C	P
0	0.02361	0.01701	0.02560	0.11089	0.28731	0.01717	0.01909	0.06276	0.05686	0.16833	0.02966	0.03097	0.09208	0.01043	0.00868	0.00265	0.00868	0.00918	0.00653	0.01251
1	0.01693	0.01653	0.02301	0.09194	0.14252	0.06623	0.08967	0.02231	0.06185	0.02523	0.04103	0.07830	0.19053	0.01458	0.00955	0.00290	0.00886	0.08207	0.00611	0.00984
2	0.01637	0.01593	0.01747	0.20630	0.02876	0.12280	0.01456	0.02004	0.02000	0.02447	0.14384	0.12807	0.09784	0.01577	0.00954	0.00293	0.00872	0.09172	0.00637	0.00850
3	0.02310	0.02236	0.02504	0.06552	0.20673	0.12849	0.01844	0.08050	0.23670	0.03095	0.02400	0.02810	0.01939	0.01033	0.00858	0.00269	0.00968	0.04066	0.00632	0.01241
4	0.02124	0.09076	0.03558	0.04836	0.58345	0.02160	0.02493	0.02605	0.01916	0.02700	0.01558	0.02030	0.01322	0.00755	0.00812	0.00245	0.01001	0.00727	0.00415	0.01322
5	0.11920	0.02517	0.08989	0.03240	0.28306	0.12776	0.02057	0.07619	0.02160	0.10015	0.01725	0.01971	0.01318	0.00841	0.00789	0.00252	0.01040	0.00684	0.00536	0.01244
6	0.02725	0.02534	0.02450	0.06836	0.08838	0.18166	0.01703	0.26405	0.10402	0.03631	0.01975	0.02166	0.01517	0.01322	0.05217	0.00326	0.01162	0.00745	0.00650	0.01231
7	0.01615	0.01510	0.01927	0.02497	0.22881	0.05342	0.01418	0.02059	0.05734	0.02547	0.08688	0.05066	0.26474	0.07123	0.01201	0.00315	0.00742	0.01252	0.00635	0.00976

[dist]
# distance from previous block
# <min> <max>
0	3

[block]
# block no. 3 follows, 21 sequences, length 143
# corresponding to MSA columns:
# 154-296
name=unknown_D
#
# <colnr> <probs for GDERKNQSTAVLIFYWHMCP>
#	G	D	E	R	K	N	Q	S	T	A	V	L	I	F	Y	W	H	M	C	P
0	0.07491	0.02035	0.06257	0.03033	0.27796	0.05330	0.01857	0.02566	0.04982	0.02838	0.01766	0.02337	0.01505	0.00833	0.00768	0.00224	0.00886	0.03627	0.00492	0.23376
1	0.02279	0.01962	0.02888	0.24932	0.26799	0.02163	0.02233	0.20212	0.02477	0.03353	0.01704	0.02141	0.01307	0.00867	0.00848	0.00264	0.01029	0.00760	0.00536	0.01245
2	0.08876	0.02407	0.15484	0.08853	0.07523	0.02088	0.01914	0.17822	0.15410	0.03533	0.02041	0.02234	0.01531	0.01063	0.00963	0.04744	0.00936	0.00749	0.00614	0.01216
3	0.08313	0.02128	0.02369	0.10059	0.02887	0.02383	0.01612	0.46700	0.03393	0.04673	0.02062	0.05815	0.01604	0.01076	0.00840	0.00265	0.00916	0.00835	0.00765	0.01303
4	0.01893	0.01804	0.03069	0.32079	0.39596	0.01966	0.02506	0.02425	0.01837	0.02521	0.01563	0.02176	0.01257	0.00798	0.00846	0.00266	0.01064	0.00757	0.00403	0.01176
5	0.01957	0.01870	0.03185	0.24011	0.47162	0.01983	0.02537	0.02481	0.01867	0.02599	0.01574	0.02155	0.01284	0.00786	0.00845	0.00262	0.01048	0.00758	0.00408	0.01228
6	0.30396	0.03156	0.01978	0.01792	0.02263	0.42503	0.01375	0.03064	0.02052	0.02730	0.01267	0.01478	0.01031	0.00844	0.00678	0.00236	0.01208	0.00516	0.00471	0.00962
7	0.01893	0.01792	0.02977	0.31929	0.35806	0.01971	0.02430	0.02538	0.05496	0.02567	0.01674	0.02240	0.01331	0.00822	0.00847	0.00268	0.01044	0.00770	0.00429	0.01175
8	0.28188	0.02774	0.15559	0.10083	0.02916	0.14661	0.01799	0.09566	0.02039	0.03212	0.01424	0.01688	0.01077	0.00845	0.00712	0.00258	0.01049	0.00586	0.00493	0.01070
9	0.03065	0.12479	0.02671	0.02099	0.02574	0.58663	0.01620	0.03291	0.02325	0.02073	0.01299	0.01513	0.01096	0.00858	0.00739	0.00215	0.01456	0.00536	0.00429	0.01000
10	0.01006	0.00862	0.00862	0.00862	0.01149	0.00718	0.00647	0.01221	0.01940	0.02299	0.08621	0.08190	0.64438	0.02155	0.01006	0.00287	0.00431	0.01796	0.00790	0.00718
11	0.01811	0.01790	0.02699	0.52222	0.15883	0.06718	0.02353	0.02341	0.01795	0.02273	0.01513	0.02186	0.01169	0.00837	0.00843	0.00273	0.01143	0.00741	0.00390	0.01019
12	0.02088	0.32864	0.25632	0.02464	0.13294	0.05496	0.02251	0.02649	0.01819	0.02380	0.01380	0.01649	0.01131	0.00768	0.00698	0.00226	0.01077	0.00571	0.00375	0.01189
13	0.01163	0.00794	0.00950	0.01024	0.01042	0.00775	0.00618	0.01218	0.01384	0.01845	0.03431	0.29443	0.04040	0.44927	0.03120	0.00646	0.00701	0.01679	0.00618	0.00581
14	0.01006	0.00862	0.00862	0.00862	0.01149	0.00718	0.00647	0.01221	0.01940	0.02299	0.08621	0.08190	0.64438	0.02155	0.01006	0.00287	0.00431	0.01796	0.00790	0.00718
15	0.03078	0.03828	0.07126	0.02174	0.02710	0.52170	0.01751	0.12221	0.02607	0.02625	0.01441	0.01631	0.01148	0.00894	0.00783	0.00228	0.01423	0.00587	0.00495	0.01077
16	0.01037	0.00741	0.00987	0.01185	0.01234	0.00691	0.00790	0.01185	0.01629	0.02172	0.04690	0.69537	0.05629	0.02666	0.01086	0.00346	0.00494	0.02419	0.00790	0.00691
17	0.01707	0.04402	0.65683	0.02426	0.03683	0.01976	0.03144	0.02695	0.01797	0.02695	0.01527	0.01797	0.01078	0.00809	0.00809	0.00270	0.01258	0.00629	0.00359	0.01258
18	0.02106	0.02022	0.03454	0.05223	0.64784	0.02022	0.02612	0.02612	0.01938	0.02780	0.01601	0.02106	0.01348	0.00758	0.00842	0.00253	0.01011	0.00758	0.00421	0.01348
19	0.01844	0.17184	0.49706	0.02417	0.07331	0.02251	0.02780	0.02661	0.01793	0.02565	0.01465	0.01732	0.01098	0.00790	0.00759	0.00251	0.01174	0.00603	0.00364	0.01231
20	0.01006	0.00862	0.00862	0.00862	0.01149	0.00718	0.00647	0.01221	0.01940	0.02299	0.08621	0.08190	0.64438	0.02155	0.01006	0.00287	0.00431	0.01796	0.00790	0.00718
21	0.01056	0.00854	0.00876	0.00876	0.01101	0.00742	0.00618	0.01225	0.01787	0.02158	0.07328	0.07619	0.51083	0.16946	0.01730	0.00404	0.00517	0.01674	0.00730	0.00674
22	0.01056	0.00864	0.00932	0.00915	0.01180	0.00740	0.00686	0.01319	0.02058	0.02581	0.22718	0.07726	0.50165	0.02050	0.01005	0.00282	0.00424	0.01731	0.00827	0.00740
23	0.02487	0.01745	0.01935	0.01684	0.02204	0.01928	0.01326	0.04440	0.50007	0.17017	0.03441	0.03114	0.02491	0.01133	0.00864	0.00283	0.00685	0.00939	0.00907	0.01369
24	0.01839	0.01750	0.02972	0.38817	0.33276	0.01952	0.02479	0.02378	0.01811	0.02456	0.01554	0.02193	0.01234	0.00808	0.00847	0.00269	0.01077	0.00757	0.00398	0.01133
25	0.02117	0.01828	0.01924	0.01732	0.02213	0.02117	0.01347	0.04522	0.63246	0.03560	0.03464	0.03175	0.02598	0.01155	0.00866	0.00289	0.00673	0.00962	0.00866	0.01347
26	0.01037	0.00741	0.00987	0.01185	0.01234	0.00691	0.00790	0.01185	0.01629	0.02172	0.04690	0.69537	0.05629	0.02666	0.01086	0.00346	0.00494	0.02419	0.00790	0.00691
27	0.01354	0.00967	0.01352	0.01548	0.01736	0.00965	0.01342	0.01734	0.01942	0.02528	0.04515	0.12657	0.04935	0.02367	0.01171	0.00389	0.00769	0.56166	0.00784	0.00779
28	0.01738	0.01694	0.02635	0.13582	0.03132	0.06491	0.15627	0.04531	0.01756	0.02336	0.01860	0.02629	0.01590	0.03155	0.28217	0.00732	0.06047	0.00863	0.00446	0.00939
29	0.02316	0.02419	0.03251	0.04631	0.52639	0.14655	0.02423	0.02765	0.02030	0.02644	0.01545	0.01995	0.01299	0.00781	0.00828	0.00246	0.01113	0.00717	0.00425	0.01277
30	0.02106	0.02022	0.03454	0.05223	0.64784	0.02022	0.02612	0.02612	0.01938	0.02780	0.01601	0.02106	0.01348	0.00758	0.00842	0.00253	0.01011	0.00758	0.00421	0.01348
31	0.02106	0.02022	0.03454	0.05223	0.64784	0.02022	0.02612	0.02612	0.01938	0.02780	0.01601	0.02106	0.01348	0.00758	0.00842	0.00253	0.01011	0.00758	0.00421	0.01348
32	0.09830	0.02489	0.15892	0.02508	0.14728	0.02108	0.01954	0.20482	0.09528	0.03647	0.01971	0.02328	0.01551	0.06039	0.01067	0.00305	0.00953	0.00762	0.00606	0.01253
33	0.01984	0.01962	0.02842	0.31857	0.28493	0.07604	0.02311	0.02655	0.07138	0.02524	0.01698	0.02219	0.01341	0.00843	0.00842	0.00266	0.01081	0.00757	0.00442	0.01142
34	0.01030	0.00767	0.00961	0.01116	0.01216	0.00697	0.00759	0.01193	0.01696	0.02199	0.05530	0.56429	0.18194	0.02557	0.01069	0.00333	0.00480	0.02286	0.00790	0.00697
35	0.02213	0.61786	0.07763	0.01568	0.02272	0.03233	0.01581	0.02519	0.01701	0.02045	0.01198	0.01426	0.01093	0.00789	0.00727	0.00201	0.05945	0.00486	0.00364	0.01089
36	0.02468	0.56385	0.04022	0.01613	0.02280	0.16894	0.01496	0.02730	0.01875	0.02019	0.01211	0.01401	0.01093	0.00760	0.00593	0.00190	0.01044	0.00475	0.00380	0.01070
37	0.01008	0.00854	0.00870	0.00883	0.01155	0.00717	0.00656	0.01219	0.01920	0.02291	0.08367	0.12147	0.60645	0.02188	0.01011	0.00291	0.00435	0.01836	0.00790	0.00717
38	0.01216	0.00912	0.01368	0.01368	0.01520	0.01064	0.01064	0.01520	0.01368	0.01976	0.02279	0.03343	0.02127	0.06382	0.66720	0.01368	0.02279	0.00912	0.00456	0.00760
39	0.02522	0.09313	0.03218	0.03693	0.36115	0.09189	0.02140	0.17666	0.02488	0.03279	0.01640	0.01954	0.01320	0.00834	0.00807	0.00243	0.01038	0.00707	0.00526	0.01309
40	0.01216	0.00912	0.01368	0.01368	0.01520	0.01064	0.01064	0.01520	0.01368	0.01976	0.02279	0.03343	0.02127	0.06382	0.66720	0.01368	0.02279	0.00912	0.00456	0.00760
41	0.01766	0.01523	0.01589	0.01457	0.01877	0.01676	0.01126	0.03481	0.43904	0.03162	0.05091	0.04757	0.22108	0.01470	0.00910	0.00288	0.00597	0.01225	0.00842	0.01149
42	0.03134	0.02870	0.02462	0.02015	0.02605	0.22804	0.01606	0.39216	0.07893	0.04195	0.01919	0.01967	0.01422	0.00986	0.00826	0.00246	0.01106	0.00712	0.00722	0.01294
43	0.06674	0.01789	0.02942	0.30751	0.36521	0.01961	0.02401	0.02425	0.01809	0.02598	0.01538	0.02126	0.01233	0.00798	0.00826	0.00266	0.01039	0.00738	0.00410	0.01155
44	0.01920	0.01832	0.03118	0.28670	0.42793	0.01973	0.02519	0.02448	0.01850	0.02554	0.01568	0.02167	0.01268	0.00793	0.00846	0.00264	0.01057	0.00758	0.00405	0.01198
45	0.01707	0.04402	0.65683	0.02426	0.03683	0.01976	0.03144	0.02695	0.01797	0.02695	0.01527	0.01797	0.01078	0.00809	0.00809	0.00270	0.01258	0.00629	0.00359	0.01258
46	0.02231	0.02404	0.06179	0.04689	0.53652	0.10674	0.02507	0.02721	0.01995	0.02683	0.01559	0.02015	0.01302	0.00776	0.00831	0.00249	0.01092	0.00724	0.00421	0.01295
47	0.01340	0.01144	0.01192	0.01129	0.01420	0.03641	0.00854	0.01964	0.11628	0.02901	0.28320	0.06459	0.31241	0.01793	0.00974	0.00277	0.00502	0.01520	0.00842	0.00858
48	0.01006	0.00862	0.00862	0.00862	0.01149	0.00718	0.00647	0.01221	0.01940	0.02299	0.08621	0.08190	0.64438	0.02155	0.01006	0.00287	0.00431	0.01796	0.00790	0.00718
49	0.10059	0.02644	0.02839	0.03620	0.34399	0.22182	0.02065	0.07246	0.02188	0.02860	0.01502	0.01850	0.01234	0.00818	0.00788	0.00244	0.01133	0.00663	0.00469	0.01199
50	0.03037	0.08086	0.02492	0.02072	0.02543	0.54850	0.01590	0.07889	0.02474	0.02346	0.01661	0.01834	0.03692	0.00931	0.00769	0.00222	0.01402	0.00610	0.00481	0.01019
51	0.01057	0.00755	0.01010	0.01208	0.01266	0.00708	0.00825	0.01219	0.01649	0.02195	0.04679	0.65959	0.05585	0.02647	0.01092	0.00348	0.00511	0.05800	0.00790	0.00697
52	0.03189	0.03744	0.02438	0.02149	0.02632	0.54748	0.01639	0.14303	0.02708	0.02694	0.01451	0.01629	0.01162	0.00904	0.00783	0.00226	0.01423	0.00589	0.00515	0.01072
53	0.01691	0.01641	0.05084	0.03602	0.38562	0.01523	0.01954	0.02083	0.01817	0.02550	0.02751	0.27260	0.02935	0.01472	0.00932	0.00288	0.00828	0.01373	0.00556	0.01099
54	0.03196	0.03556	0.02454	0.02122	0.02633	0.47525	0.01636	0.20907	0.02887	0.03064	0.01533	0.01687	0.01201	0.00920	0.00792	0.00230	0.01356	0.00613	0.00562	0.01124
55	0.01328	0.00957	0.01316	0.01501	0.01692	0.00945	0.01291	0.01694	0.01937	0.02508	0.04763	0.13381	0.08499	0.02360	0.01160	0.00383	0.00744	0.51985	0.00784	0.00774
56	0.01893	0.06324	0.01877	0.01623	0.04707	0.14967	0.01214	0.07835	0.02160	0.02531	0.04901	0.04849	0.31753	0.01556	0.01086	0.00270	0.07701	0.01196	0.00636	0.00920
57	0.02055	0.01970	0.03362	0.11620	0.58784	0.02009	0.02586	0.02567	0.01914	0.02719	0.01592	0.02123	0.01326	0.00768	0.00843	0.00256	0.01024	0.00758	0.00417	0.01307
58	0.01707	0.04402	0.65683	0.02426	0.03683	0.01976	0.03144	0.02695	0.01797	0.02695	0.01527	0.01797	0.01078	0.00809	0.00809	0.00270	0.01258	0.00629	0.00359	0.01258
59	0.08856	0.01953	0.06216	0.01686	0.02380	0.01792	0.01466	0.22465	0.02823	0.37523	0.02657	0.02440	0.01741	0.01008	0.00827	0.00261	0.00822	0.00783	0.00905	0.01397
60	0.03068	0.02534	0.19346	0.01897	0.02724	0.01875	0.01875	0.21599	0.02747	0.29932	0.02458	0.02336	0.01625	0.00977	0.00842	0.00263	0.00934	0.00767	0.00804	0.01397
61	0.01688	0.01498	0.02201	0.09272	0.19270	0.01697	0.01631	0.02129	0.06172	0.02356	0.05580	0.06472	0.02392	0.18522	0.02124	0.00431	0.14087	0.01014	0.00511	0.00954
62	0.01187	0.00843	0.01130	0.01239	0.01328	0.00858	0.00898	0.01382	0.01547	0.02082	0.03673	0.28829	0.04149	0.19054	0.15881	0.00684	0.01009	0.12890	0.00654	0.00683
63	0.02009	0.02296	0.05022	0.03587	0.04448	0.02152	0.61693	0.02726	0.02009	0.02726	0.01722	0.02296	0.01291	0.00717	0.01004	0.00287	0.01435	0.01004	0.00430	0.01148
64	0.01873	0.13662	0.50636	0.02342	0.03464	0.05201	0.06125	0.02709	0.01828	0.02570	0.01479	0.01751	0.01093	0.00795	0.00780	0.00256	0.01231	0.00622	0.00368	0.01215
65	0.02173	0.01590	0.01797	0.01584	0.01960	0.01698	0.01218	0.32584	0.02855	0.03821	0.03322	0.34658	0.03468	0.01816	0.00965	0.00299	0.00723	0.01565	0.00822	0.01082
66	0.01037	0.00741	0.00987	0.01185	0.01234	0.00691	0.00790	0.01185	0.01629	0.02172	0.04690	0.69537	0.05629	0.02666	0.01086	0.00346	0.00494	0.02419	0.00790	0.00691
67	0.01175	0.00875	0.01097	0.01058	0.01275	0.00796	0.00804	0.01540	0.02292	0.03146	0.50086	0.06897	0.18876	0.01855	0.01014	0.00278	0.00429	0.04822	0.00900	0.00785
68	0.01900	0.17612	0.42201	0.02153	0.03164	0.05262	0.05510	0.02647	0.01822	0.02561	0.01549	0.01823	0.01174	0.00804	0.00747	0.00245	0.01145	0.00621	0.05890	0.01171
69	0.02645	0.03121	0.02456	0.06873	0.13361	0.42394	0.01819	0.02960	0.02222	0.02272	0.01816	0.02789	0.01665	0.01058	0.00842	0.00253	0.01316	0.08643	0.00479	0.01018
70	0.01238	0.00825	0.00928	0.00928	0.00928	0.00825	0.00516	0.01238	0.01238	0.01650	0.02681	0.05569	0.03094	0.70092	0.04331	0.00825	0.00825	0.01238	0.00516	0.00516
71	0.02094	0.02058	0.03659	0.05010	0.56918	0.02039	0.10314	0.02627	0.01947	0.02773	0.01617	0.02131	0.01341	0.00753	0.00864	0.00257	0.01066	0.00790	0.00422	0.01322
72	0.01895	0.01806	0.03072	0.31861	0.39800	0.01966	0.02506	0.02426	0.01838	0.02523	0.01563	0.02175	0.01257	0.00797	0.00846	0.00266	0.01063	0.00757	0.00403	0.01177
73	0.02117	0.01828	0.01924	0.01732	0.02213	0.02117	0.01347	0.04522	0.63246	0.03560	0.03464	0.03175	0.02598	0.01155	0.00866	0.00289	0.00673	0.00962	0.00866	0.01347
74	0.01863	0.04183	0.60958	0.02358	0.03571	0.01923	0.03004	0.02803	0.01844	0.07343	0.01663	0.01878	0.01154	0.00827	0.00812	0.00269	0.01218	0.00646	0.00411	0.01272
75	0.02117	0.29417	0.34133	0.02028	0.02977	0.11066	0.02307	0.02733	0.01853	0.02352	0.01369	0.01599	0.01086	0.00787	0.00704	0.00230	0.01163	0.00552	0.00372	0.01159
76	0.01037	0.00741	0.00987	0.01185	0.01234	0.00691	0.00790	0.01185	0.01629	0.02172	0.04690	0.69537	0.05629	0.02666	0.01086	0.00346	0.00494	0.02419	0.00790	0.00691
77	0.01006	0.00862	0.00862	0.00862	0.01149	0.00718	0.00647	0.01221	0.01940	0.02299	0.08621	0.08190	0.64438	0.02155	0.01006	0.00287	0.00431	0.01796	0.00790	0.00718
78	0.01848	0.01838	0.03361	0.34718	0.23901	0.01987	0.15118	0.02428	0.01841	0.02481	0.01585	0.02224	0.01234	0.00793	0.00881	0.00275	0.01160	0.00810	0.00403	0.01114
79	0.02106	0.02022	0.03454	0.05223	0.64784	0.02022	0.02612	0.02612	0.01938	0.02780	0.01601	0.02106	0.01348	0.00758	0.00842	0.00253	0.01011	0.00758	0.00421	0.01348
80	0.01238	0.00825	0.00928	0.00928	0.00928	0.00825	0.00516	0.01238	0.01238	0.01650	0.02681	0.05569	0.03094	0.70092	0.04331	0.00825	0.00825	0.01238	0.00516	0.00516
81	0.02495	0.03300	0.41906	0.02085	0.03119	0.01706	0.02438	0.03237	0.02035	0.26088	0.02210	0.02207	0.01462	0.00900	0.00826	0.00267	0.01059	0.00714	0.00618	0.01329
82	0.01818	0.17338	0.53720	0.02236	0.03390	0.02248	0.02814	0.02666	0.01784	0.02560	0.01460	0.01712	0.01081	0.00793	0.00757	0.00252	0.01190	0.00595	0.00360	0.01225
83	0.01053	0.00864	0.00927	0.00911	0.01178	0.00738	0.00684	0.01312	0.02051	0.02562	0.21788	0.07757	0.51107	0.02057	0.01005	0.00283	0.00424	0.01735	0.00825	0.00738
84	0.02615	0.02416	0.02523	0.26674	0.03840	0.16042	0.01902	0.27128	0.02803	0.03472	0.01690	0.02019	0.01255	0.00927	0.00833	0.00258	0.01138	0.00716	0.00587	0.01161
85	0.03560	0.01757	0.02153	0.01662	0.02319	0.01722	0.01369	0.22156	0.05653	0.43918	0.02953	0.02643	0.01923	0.01048	0.00855	0.00262	0.00788	0.00833	0.00982	0.01443
86	0.01723	0.01631	0.02762	0.53463	0.19539	0.01921	0.02421	0.02276	0.01756	0.02315	0.01533	0.02231	0.01184	0.00829	0.00849	0.00276	0.01106	0.00757	0.00388	0.01039
87	0.02106	0.02022	0.03454	0.05223	0.64784	0.02022	0.02612	0.02612	0.01938	0.02780	0.01601	0.02106	0.01348	0.00758	0.00842	0.00253	0.01011	0.00758	0.00421	0.01348
88	0.02055	0.01970	0.03362	0.11620	0.58784	0.02009	0.02586	0.02567	0.01914	0.02719	0.01592	0.02123	0.01326	0.00768	0.00843	0.00256	0.01024	0.00758	0.00417	0.01307
89	0.02081	0.01996	0.03408	0.08429	0.61778	0.02015	0.02599	0.02589	0.01926	0.02749	0.01596	0.02115	0.01337	0.00763	0.00843	0.00254	0.01017	0.00758	0.00419	0.01327
90	0.02055	0.01970	0.03362	0.11620	0.58784	0.02009	0.02586	0.02567	0.01914	0.02719	0.01592	0.02123	0.01326	0.00768	0.00843	0.00256	0.01024	0.00758	0.00417	0.01307
91	0.02106	0.02022	0.03454	0.05223	0.64784	0.02022	0.02612	0.02612	0.01938	0.02780	0.01601	0.02106	0.01348	0.00758	0.00842	0.00253	0.01011	0.00758	0.00421	0.01348
92	0.02544	0.03522	0.16243	0.03149	0.21443	0.33516	0.02254	0.03013	0.02139	0.02422	0.01446	0.01762	0.01168	0.00827	0.00799	0.00240	0.01319	0.00628	0.00416	0.01153
93	0.01872	0.02014	0.04242	0.03155	0.03874	0.01902	0.48804	0.02520	0.01998	0.02688	0.02317	0.03856	0.02062	0.01066	0.01041	0.00309	0.01296	0.13408	0.00506	0.01070
94	0.01471	0.00929	0.01223	0.01116	0.01363	0.00849	0.00849	0.01865	0.02412	0.09722	0.58126	0.06005	0.07427	0.01670	0.00989	0.00267	0.00434	0.01469	0.00949	0.00869
95	0.02009	0.02296	0.05022	0.03587	0.04448	0.02152	0.61693	0.02726	0.02009	0.02726	0.01722	0.02296	0.01291	0.00717	0.01004	0.00287	0.01435	0.01004	0.00430	0.01148
96	0.01602	0.01164	0.01393	0.01371	0.01591	0.01190	0.00999	0.16504	0.02284	0.03067	0.08448	0.47870	0.04755	0.02184	0.01021	0.00317	0.00598	0.01938	0.00816	0.00890
97	0.01037	0.00741	0.00987	0.01185	0.01234	0.00691	0.00790	0.01185	0.01629	0.02172	0.04690	0.69537	0.05629	0.02666	0.01086	0.00346	0.00494	0.02419	0.00790	0.00691
98	0.03179	0.04056	0.02412	0.02192	0.02631	0.66676	0.01644	0.03398	0.02412	0.02083	0.01315	0.01535	0.01096	0.00877	0.00767	0.00219	0.01535	0.00548	0.00438	0.00987
99	0.01006	0.00862	0.00862	0.00862	0.01149	0.00718	0.00647	0.01221	0.01940	0.02299	0.08621	0.08190	0.64438	0.02155	0.01006	0.00287	0.00431	0.01796	0.00790	0.00718
100	0.01707	0.04402	0.65683	0.02426	0.03683	0.01976	0.03144	0.02695	0.01797	0.02695	0.01527	0.01797	0.01078	0.00809	0.00809	0.00270	0.01258	0.00629	0.00359	0.01258
101	0.01220	0.00931	0.01161	0.01276	0.01510	0.00872	0.01072	0.01539	0.01951	0.02444	0.06206	0.09017	0.29494	0.02270	0.01105	0.00349	0.00638	0.35401	0.00786	0.00757
102	0.03235	0.02384	0.02554	0.01958	0.02639	0.02639	0.01618	0.61946	0.04001	0.05363	0.02043	0.02043	0.01447	0.01022	0.00851	0.00255	0.00936	0.00766	0.00851	0.01447
103	0.02106	0.02022	0.03454	0.05223	0.64784	0.02022	0.02612	0.02612	0.01938	0.02780	0.01601	0.02106	0.01348	0.00758	0.00842	0.00253	0.01011	0.00758	0.00421	0.01348
104	0.01037	0.00741	0.00987	0.01185	0.01234	0.00691	0.00790	0.01185	0.01629	0.02172	0.04690	0.69537	0.05629	0.02666	0.01086	0.00346	0.00494	0.02419	0.00790	0.00691
105	0.02222	0.17482	0.36204	0.02169	0.03097	0.19939	0.02398	0.02858	0.01951	0.02390	0.01401	0.01639	0.01086	0.00811	0.00745	0.00238	0.01264	0.00572	0.00382	0.01151
106	0.01204	0.00870	0.01138	0.01071	0.01271	0.00803	0.00803	0.01606	0.02409	0.03413	0.64335	0.06357	0.08030	0.01740	0.01004	0.00268	0.00401	0.01539	0.00937	0.00803
107	0.01707	0.04402	0.65683	0.02426	0.03683	0.01976	0.03144	0.02695	0.01797	0.02695	0.01527	0.01797	0.01078	0.00809	0.00809	0.00270	0.01258	0.00629	0.00359	0.01258
108	0.01124	0.00783	0.00986	0.01096	0.01132	0.00764	0.00700	0.01224	0.01464	0.01960	0.03781	0.41168	0.04455	0.28856	0.06025	0.00588	0.00722	0.01879	0.00665	0.00627
109	0.01707	0.04402	0.65683	0.02426	0.03683	0.01976	0.03144	0.02695	0.01797	0.02695	0.01527	0.01797	0.01078	0.00809	0.00809	0.00270	0.01258	0.00629	0.00359	0.01258
110	0.02074	0.01989	0.03396	0.09275	0.60983	0.02014	0.02596	0.02584	0.01923	0.02741	0.01595	0.02117	0.01334	0.00764	0.00843	0.00255	0.01019	0.00758	0.00418	0.01322
111	0.02106	0.02022	0.03454	0.05223	0.64784	0.02022	0.02612	0.02612	0.01938	0.02780	0.01601	0.02106	0.01348	0.00758	0.00842	0.00253	0.01011	0.00758	0.00421	0.01348
112	0.01741	0.08353	0.62029	0.02368	0.03594	0.02059	0.03043	0.02686	0.01793	0.02654	0.01507	0.01771	0.01079	0.00804	0.00793	0.00264	0.01237	0.00618	0.00360	0.01248
113	0.01828	0.18547	0.52601	0.02218	0.03363	0.02274	0.02784	0.02664	0.01782	0.02547	0.01454	0.01704	0.01081	0.00791	0.00752	0.00251	0.01183	0.00592	0.00360	0.01222
114	0.02106	0.02022	0.03454	0.05223	0.64784	0.02022	0.02612	0.02612	0.01938	0.02780	0.01601	0.02106	0.01348	0.00758	0.00842	0.00253	0.01011	0.00758	0.00421	0.01348
115	0.01007	0.00856	0.00868	0.00877	0.01153	0.00717	0.00653	0.01220	0.01925	0.02293	0.08437	0.11054	0.61692	0.02179	0.01010	0.00290	0.00434	0.01825	0.00790	0.00717
116	0.02082	0.01998	0.03411	0.08212	0.61980	0.02016	0.02600	0.02591	0.01927	0.02751	0.01597	0.02114	0.01338	0.00763	0.00843	0.00254	0.01017	0.00758	0.00419	0.01329
117	0.01707	0.04402	0.65683	0.02426	0.03683	0.01976	0.03144	0.02695	0.01797	0.02695	0.01527	0.01797	0.01078	0.00809	0.00809	0.00270	0.01258	0.00629	0.00359	0.01258
118	0.01115	0.00797	0.01078	0.01275	0.01358	0.00759	0.00926	0.01321	0.01707	0.02260	0.04647	0.55478	0.05457	0.02592	0.01107	0.00356	0.00562	0.15704	0.00788	0.00713
119	0.02275	0.70604	0.04459	0.01456	0.02184	0.03367	0.01456	0.02548	0.01729	0.02002	0.01183	0.01365	0.01092	0.00728	0.00546	0.00182	0.00910	0.00455	0.00364	0.01092
120	0.02106	0.02022	0.03454	0.05223	0.64784	0.02022	0.02612	0.02612	0.01938	0.02780	0.01601	0.02106	0.01348	0.00758	0.00842	0.00253	0.01011	0.00758	0.00421	0.01348
121	0.01216	0.00912	0.01368	0.01368	0.01520	0.01064	0.01064	0.01520	0.01368	0.01976	0.02279	0.03343	0.02127	0.06382	0.66720	0.01368	0.02279	0.00912	0.00456	0.00760
122	0.02106	0.02022	0.03454	0.05223	0.64784	0.02022	0.02612	0.02612	0.01938	0.02780	0.01601	0.02106	0.01348	0.00758	0.00842	0.00253	0.01011	0.00758	0.00421	0.01348
123	0.02159	0.07517	0.15826	0.02097	0.08704	0.05828	0.01744	0.17141	0.05384	0.03059	0.02014	0.02861	0.01784	0.18304	0.01690	0.00396	0.01005	0.00829	0.00558	0.01103
124	0.01238	0.00825	0.00928	0.00928	0.00928	0.00825	0.00516	0.01238	0.01238	0.01650	0.02681	0.05569	0.03094	0.70092	0.04331	0.00825	0.00825	0.01238	0.00516	0.00516
125	0.01037	0.00741	0.00987	0.01185	0.01234	0.00691	0.00790	0.01185	0.01629	0.02172	0.04690	0.69537	0.05629	0.02666	0.01086	0.00346	0.00494	0.02419	0.00790	0.00691
126	0.03188	0.03786	0.02435	0.02155	0.02632	0.56331	0.01640	0.12856	0.02668	0.02613	0.01433	0.01617	0.01153	0.00900	0.00781	0.00225	0.01438	0.00583	0.00505	0.01061
127	0.02106	0.02022	0.03454	0.05223	0.64784	0.02022	0.02612	0.02612	0.01938	0.02780	0.01601	0.02106	0.01348	0.00758	0.00842	0.00253	0.01011	0.00758	0.00421	0.01348
128	0.01037	0.00741	0.00987	0.01185	0.01234	0.00691	0.00790	0.01185	0.01629	0.02172	0.04690	0.69537	0.05629	0.02666	0.01086	0.00346	0.00494	0.02419	0.00790	0.00691
129	0.03791	0.01492	0.02002	0.01535	0.02194	0.01316	0.01268	0.06846	0.02509	0.62571	0.03296	0.02857	0.02076	0.01052	0.00856	0.00263	0.00734	0.00852	0.01044	0.01448
130	0.03218	0.02904	0.02510	0.02031	0.02637	0.22573	0.01626	0.43721	0.03506	0.04342	0.01817	0.01885	0.01338	0.00977	0.00825	0.00244	0.01123	0.00698	0.00723	0.01304
131	0.02378	0.01754	0.01870	0.01574	0.02058	0.01927	0.01266	0.28424	0.18275	0.04121	0.03148	0.03358	0.06714	0.01195	0.00831	0.00261	0.00720	0.03616	0.15300	0.01209
132	0.02145	0.18741	0.38835	0.02165	0.03132	0.16103	0.02456	0.02813	0.01913	0.02413	0.01407	0.01647	0.01085	0.00806	0.00743	0.00240	0.01241	0.00574	0.00377	0.01164
133	0.17047	0.02456	0.13513	0.03537	0.34341	0.05630	0.02232	0.02762	0.05501	0.02983	0.01599	0.01939	0.01276	0.00804	0.00770	0.00258	0.00991	0.00676	0.00459	0.01226
134	0.07066	0.02795	0.16895	0.01876	0.02495	0.15675	0.01745	0.17628	0.02487	0.03288	0.06749	0.12819	0.02401	0.01239	0.00851	0.00267	0.01012	0.00986	0.00623	0.01103
135	0.08041	0.38042	0.09676	0.01528	0.02254	0.02465	0.01508	0.02928	0.01925	0.18476	0.04509	0.02018	0.01638	0.00868	0.00670	0.00221	0.00857	0.00623	0.00577	0.01175
136	0.02114	0.40913	0.07109	0.01568	0.02215	0.02720	0.01476	0.03077	0.20181	0.02614	0.06569	0.02302	0.02056	0.00935	0.00691	0.00225	0.00822	0.00697	0.00556	0.01157
137	0.02405	0.02981	0.12095	0.02055	0.02638	0.28944	0.07581	0.02901	0.04524	0.07110	0.06143	0.03189	0.09157	0.01132	0.00865	0.00257	0.01166	0.03243	0.00570	0.01042
138	0.01791	0.02084	0.18826	0.01573	0.02273	0.01273	0.01573	0.02321	0.01978	0.09457	0.14940	0.07018	0.03110	0.01147	0.00830	0.00233	0.00762	0.03681	0.00641	0.24488
139	0.05952	0.02345	0.13068	0.01834	0.02487	0.02075	0.01683	0.30764	0.08603	0.06880	0.02428	0.06728	0.02016	0.05036	0.01056	0.00306	0.00904	0.03851	0.00736	0.01249
