[name]
unknown

[dist]
# distance from previous block
# <min> <max>
0	20

[block]
# block no. 0 follows, 20 sequences, length 11
# corresponding to MSA columns:
# 20-30
name=unknown_A
#
# <colnr> <probs for GDERKNQSTAVLIFYWHMCP>
#	G	D	E	R	K	N	Q	S	T	A	V	L	I	F	Y	W	H	M	C	P
0	0.01432	0.01109	0.01554	0.01597	0.01778	0.01259	0.01325	0.01895	0.05127	0.02388	0.03323	0.06164	0.03391	0.03913	0.27233	0.00794	0.07610	0.26634	0.00634	0.00840
1	0.02038	0.30640	0.32563	0.02453	0.10890	0.02609	0.02453	0.02691	0.01832	0.02486	0.01432	0.01703	0.01146	0.00789	0.00724	0.00238	0.01112	0.00590	0.00378	0.01232
2	0.02182	0.27272	0.33822	0.02116	0.03129	0.02471	0.05900	0.02854	0.01893	0.08436	0.01632	0.01824	0.01224	0.00818	0.00750	0.00245	0.01121	0.00627	0.00443	0.01241
3	0.09242	0.06494	0.02594	0.02721	0.18407	0.17676	0.01751	0.11719	0.02267	0.02984	0.01703	0.02125	0.01425	0.01914	0.12799	0.00459	0.01356	0.00708	0.00518	0.01139
4	0.01887	0.07939	0.45876	0.03138	0.18624	0.02125	0.02980	0.02732	0.01873	0.02740	0.01562	0.01893	0.01175	0.00811	0.00821	0.00266	0.01204	0.00667	0.00384	0.01302
5	0.01388	0.00791	0.01070	0.01070	0.01147	0.00752	0.00733	0.01167	0.01360	0.01736	0.03434	0.04157	0.17772	0.02815	0.02786	0.55143	0.00675	0.01041	0.00492	0.00473
6	0.01695	0.01225	0.01440	0.01300	0.01635	0.01227	0.01011	0.07879	0.11640	0.06773	0.34348	0.05832	0.14883	0.01675	0.00992	0.00284	0.00545	0.03706	0.00917	0.00992
7	0.01965	0.02915	0.22420	0.03406	0.11744	0.02180	0.30549	0.02703	0.01916	0.02725	0.01630	0.02134	0.01249	0.00844	0.01124	0.00293	0.07719	0.00857	0.00413	0.01215
8	0.02668	0.01933	0.02657	0.03258	0.28925	0.05584	0.01900	0.10703	0.02382	0.18188	0.02532	0.10885	0.02135	0.01146	0.00896	0.00272	0.00918	0.01009	0.00699	0.01312
9	0.09004	0.07344	0.39662	0.02251	0.03224	0.18813	0.02525	0.02926	0.01970	0.02670	0.01459	0.01710	0.01096	0.00841	0.00778	0.00258	0.01289	0.00598	0.00406	0.01176
10	0.08938	0.01961	0.11090	0.01583	0.02137	0.01655	0.01459	0.17509	0.04766	0.03675	0.14966	0.04691	0.13881	0.01466	0.00923	0.00287	0.00764	0.06404	0.00765	0.01081

[dist]
# distance from previous block
# <min> <max>
3	14

[block]
# block no. 1 follows, 20 sequences, length 12
# corresponding to MSA columns:
# 45-56
name=unknown_B
#
# <colnr> <probs for GDERKNQSTAVLIFYWHMCP>
#	G	D	E	R	K	N	Q	S	T	A	V	L	I	F	Y	W	H	M	C	P
0	0.19298	0.02837	0.05481	0.02582	0.13292	0.22174	0.04872	0.13754	0.02415	0.03351	0.01540	0.01790	0.01205	0.00873	0.00775	0.00254	0.01143	0.00649	0.00541	0.01170
1	0.02807	0.17424	0.02849	0.02131	0.06517	0.29136	0.01610	0.03554	0.15153	0.07706	0.01987	0.02053	0.01557	0.00934	0.00772	0.00238	0.01141	0.00673	0.00579	0.01178
2	0.02053	0.01624	0.01686	0.01522	0.01894	0.05120	0.01154	0.14222	0.17872	0.05834	0.06471	0.17613	0.10414	0.06952	0.01227	0.00338	0.00727	0.01380	0.00818	0.01078
3	0.02515	0.02302	0.03015	0.03817	0.35972	0.07564	0.02175	0.16274	0.11231	0.03507	0.01995	0.02254	0.01568	0.00907	0.00863	0.00262	0.01014	0.00791	0.00599	0.01374
4	0.03124	0.03499	0.02435	0.02134	0.02641	0.44330	0.01639	0.15435	0.10854	0.03028	0.01797	0.01906	0.01404	0.00968	0.00818	0.00242	0.01329	0.00665	0.00595	0.01158
5	0.08195	0.01623	0.06526	0.01452	0.01922	0.01472	0.01236	0.10221	0.07954	0.11714	0.12430	0.04201	0.11724	0.06455	0.08596	0.00444	0.00901	0.01098	0.00770	0.01064
6	0.08968	0.28441	0.02679	0.01391	0.01811	0.02273	0.01212	0.04504	0.01757	0.02617	0.01950	0.07572	0.01835	0.04512	0.01117	0.00273	0.09394	0.00794	0.15933	0.00968
7	0.01152	0.00869	0.01030	0.01053	0.01202	0.00842	0.00731	0.01318	0.01611	0.02072	0.05160	0.13464	0.25701	0.23241	0.15993	0.00704	0.00977	0.01549	0.00652	0.00680
8	0.02398	0.01485	0.01790	0.01437	0.01992	0.01333	0.01124	0.11852	0.02289	0.18409	0.02803	0.15304	0.02507	0.05015	0.01039	0.00268	0.00704	0.01070	0.00771	0.26409
9	0.02577	0.01937	0.02149	0.01673	0.02281	0.02003	0.01358	0.36877	0.03307	0.04555	0.15170	0.02989	0.02896	0.01128	0.00862	0.00239	0.00781	0.00904	0.00823	0.15491
10	0.08401	0.01804	0.02193	0.16551	0.03103	0.01972	0.01591	0.22949	0.06264	0.14990	0.05830	0.02909	0.05421	0.01107	0.00865	0.00275	0.00870	0.00888	0.00776	0.01242
11	0.02332	0.01722	0.02011	0.01706	0.02140	0.01913	0.01364	0.33240	0.02870	0.03899	0.02460	0.09408	0.02176	0.03220	0.24560	0.00686	0.01414	0.01013	0.00719	0.01148

[dist]
# distance from previous block
# <min> <max>
3	5

[block]
# block no. 2 follows, 20 sequences, length 12
# corresponding to MSA columns:
# 62-73
name=unknown_C
#
# <colnr> <probs for GDERKNQSTAVLIFYWHMCP>
#	G	D	E	R	K	N	Q	S	T	A	V	L	I	F	Y	W	H	M	C	P
0	0.12573	0.53702	0.10166	0.01544	0.02316	0.03098	0.01589	0.02620	0.01739	0.02386	0.01248	0.01446	0.01093	0.00763	0.00584	0.00207	0.00932	0.00485	0.00396	0.01112
1	0.01234	0.00902	0.01165	0.01130	0.01343	0.00834	0.00868	0.01628	0.02380	0.03308	0.52724	0.07015	0.12775	0.01884	0.01047	0.00289	0.00454	0.07276	0.00931	0.00813
2	0.01826	0.01600	0.02853	0.02221	0.02715	0.01551	0.26099	0.07504	0.02076	0.02979	0.02743	0.17054	0.02585	0.03995	0.01072	0.00305	0.00945	0.01281	0.17602	0.00993
3	0.01831	0.01343	0.01448	0.01313	0.01732	0.01361	0.01018	0.02938	0.25492	0.10570	0.06113	0.05725	0.32279	0.01671	0.00956	0.00292	0.00576	0.01389	0.00874	0.01079
4	0.02969	0.02238	0.02432	0.01843	0.02558	0.02350	0.01514	0.47477	0.03574	0.04887	0.01969	0.02029	0.01439	0.00955	0.00821	0.00231	0.00888	0.00724	0.00791	0.18311
5	0.02795	0.03278	0.02923	0.03557	0.28507	0.38952	0.02104	0.03143	0.02267	0.02436	0.01472	0.01820	0.01232	0.00848	0.00819	0.00239	0.01347	0.00653	0.00442	0.01167
6	0.01821	0.01889	0.03683	0.40441	0.05397	0.02051	0.27012	0.02467	0.01877	0.02467	0.01641	0.02337	0.01231	0.00814	0.00938	0.00292	0.01293	0.00882	0.00410	0.01056
7	0.02165	0.01958	0.02634	0.03284	0.28259	0.02129	0.01927	0.03809	0.36882	0.03312	0.02745	0.02792	0.02123	0.01012	0.00877	0.00280	0.00836	0.00898	0.00695	0.01381
8	0.02672	0.10954	0.02448	0.01860	0.02388	0.21198	0.01476	0.04006	0.31563	0.08531	0.02595	0.02498	0.01967	0.01035	0.00816	0.00259	0.00988	0.00785	0.00711	0.01248
9	0.02257	0.23161	0.33467	0.02147	0.03091	0.16856	0.02380	0.02882	0.01964	0.02417	0.01415	0.01654	0.01113	0.00821	0.00742	0.00239	0.01251	0.00575	0.00388	0.01178
10	0.19418	0.03320	0.02228	0.02004	0.02418	0.43567	0.01546	0.03104	0.02108	0.02532	0.01293	0.01579	0.01086	0.00957	0.00988	0.00254	0.09580	0.00567	0.00461	0.00989
11	0.10701	0.05548	0.27220	0.01598	0.02350	0.01537	0.01781	0.02094	0.01856	0.02704	0.04572	0.04532	0.27417	0.01405	0.00866	0.00279	0.00839	0.01120	0.00576	0.01005

[dist]
# distance from previous block
# <min> <max>
2	55

[block]
# block no. 3 follows, 20 sequences, length 18
# corresponding to MSA columns:
# 129-146
name=unknown_D
#
# <colnr> <probs for GDERKNQSTAVLIFYWHMCP>
#	G	D	E	R	K	N	Q	S	T	A	V	L	I	F	Y	W	H	M	C	P
0	0.01893	0.10205	0.32980	0.11225	0.07641	0.02206	0.16365	0.02680	0.01881	0.02633	0.01578	0.01997	0.01181	0.00801	0.00856	0.00272	0.01264	0.00741	0.00392	0.01209
1	0.01297	0.01040	0.01388	0.01463	0.01576	0.01131	0.01140	0.01531	0.01744	0.02324	0.04645	0.33619	0.12257	0.02370	0.01430	0.00364	0.12214	0.16954	0.00734	0.00780
2	0.09518	0.01351	0.01548	0.01478	0.01842	0.01413	0.01146	0.02917	0.20271	0.11369	0.03734	0.23030	0.03586	0.01725	0.00949	0.00315	0.00655	0.08733	0.00831	0.03588
3	0.53984	0.01882	0.02415	0.01888	0.02528	0.02030	0.18465	0.02632	0.01653	0.03586	0.01376	0.01691	0.01056	0.00788	0.00683	0.00277	0.00908	0.00636	0.00511	0.01013
4	0.12036	0.03408	0.38109	0.03142	0.21106	0.02030	0.02749	0.02710	0.01835	0.02947	0.01539	0.01876	0.01164	0.00811	0.00799	0.00270	0.01130	0.00660	0.00411	0.01269
5	0.01520	0.01106	0.01439	0.01359	0.01544	0.01234	0.01013	0.09183	0.01716	0.02386	0.02416	0.03866	0.02356	0.22670	0.40984	0.01105	0.01758	0.01005	0.00536	0.00803
6	0.01307	0.00870	0.01017	0.01062	0.01139	0.00859	0.00715	0.01441	0.01520	0.02080	0.03550	0.08914	0.07191	0.43447	0.03119	0.00646	0.00754	0.11554	0.08187	0.00627
7	0.02869	0.02160	0.02351	0.01791	0.02474	0.02259	0.01459	0.44501	0.03434	0.04700	0.01999	0.02199	0.01519	0.04182	0.00988	0.00259	0.00881	0.00746	0.00774	0.18457
8	0.03299	0.02946	0.02575	0.02077	0.02703	0.21206	0.01666	0.44142	0.03624	0.04512	0.01876	0.01942	0.01378	0.01004	0.00847	0.00251	0.01140	0.00720	0.00749	0.01345
9	0.03299	0.02946	0.02575	0.02077	0.02703	0.21206	0.01666	0.44142	0.03624	0.04512	0.01876	0.01942	0.01378	0.01004	0.00847	0.00251	0.01140	0.00720	0.00749	0.01345
10	0.10067	0.31066	0.06384	0.01760	0.02401	0.02908	0.01624	0.19656	0.02372	0.03294	0.01480	0.01693	0.01211	0.00946	0.00961	0.00247	0.09591	0.00608	0.00538	0.01195
11	0.14326	0.01321	0.01412	0.01310	0.01682	0.01383	0.01024	0.02666	0.16266	0.08807	0.11900	0.05157	0.14325	0.07418	0.01213	0.00345	0.00637	0.07015	0.00802	0.00994
12	0.02859	0.02143	0.02408	0.01919	0.02476	0.02419	0.01575	0.46652	0.03444	0.04662	0.02074	0.02316	0.01584	0.02045	0.12431	0.00470	0.05620	0.00810	0.00769	0.01325
13	0.02353	0.01716	0.02195	0.02501	0.17014	0.04297	0.01618	0.03301	0.18411	0.15721	0.03654	0.04292	0.08625	0.01325	0.00934	0.00293	0.00812	0.08915	0.00779	0.01242
14	0.02049	0.01894	0.02493	0.16260	0.19415	0.08401	0.01925	0.09897	0.02089	0.02749	0.01855	0.02496	0.01557	0.02534	0.19912	0.00597	0.01489	0.00802	0.00492	0.01095
15	0.15315	0.02143	0.14715	0.01684	0.02306	0.01734	0.01603	0.03201	0.19664	0.09666	0.10561	0.03595	0.02904	0.01216	0.00857	0.00291	0.00791	0.05842	0.00739	0.01171
16	0.17927	0.07336	0.01995	0.01573	0.02040	0.20627	0.01252	0.12414	0.02304	0.03306	0.01801	0.02052	0.01430	0.01117	0.02972	0.00274	0.01003	0.00642	0.16902	0.01032
17	0.02410	0.15520	0.13949	0.01902	0.02571	0.10573	0.01795	0.19641	0.02481	0.03195	0.01785	0.02125	0.01444	0.02069	0.14258	0.00481	0.01379	0.00701	0.00548	0.01172

[dist]
# distance from previous block
# <min> <max>
0	5

[block]
# block no. 4 follows, 20 sequences, length 8
# corresponding to MSA columns:
# 152-159
name=unknown_E
#
# <colnr> <probs for GDERKNQSTAVLIFYWHMCP>
#	G	D	E	R	K	N	Q	S	T	A	V	L	I	F	Y	W	H	M	C	P
0	0.01614	0.01207	0.01758	0.28001	0.03282	0.01305	0.01500	0.01982	0.01852	0.08322	0.04138	0.11345	0.17099	0.06896	0.01241	0.00348	0.00831	0.05746	0.00642	0.00890
1	0.21723	0.05732	0.26689	0.01961	0.02798	0.01934	0.07850	0.05186	0.01939	0.03228	0.08200	0.02557	0.04750	0.00983	0.00791	0.00272	0.00981	0.00787	0.00527	0.01113
2	0.02567	0.02151	0.02448	0.17482	0.09200	0.13757	0.01834	0.05742	0.06396	0.14914	0.02330	0.02564	0.04200	0.01079	0.01112	0.00282	0.09349	0.00816	0.00617	0.01161
3	0.01974	0.29989	0.03540	0.01935	0.02420	0.02559	0.10501	0.02329	0.01851	0.02462	0.13579	0.02675	0.02562	0.01133	0.01264	0.00266	0.16586	0.00842	0.00502	0.01031
4	0.02440	0.02754	0.02704	0.02699	0.13428	0.27874	0.06824	0.02778	0.02075	0.02434	0.01692	0.06556	0.01543	0.01015	0.01030	0.00246	0.07869	0.00789	0.00475	0.12776
5	0.01577	0.07264	0.12875	0.07234	0.02380	0.06445	0.01564	0.02020	0.01997	0.02554	0.11935	0.11645	0.15075	0.01659	0.00960	0.00297	0.00840	0.10100	0.00652	0.00925
6	0.15782	0.06923	0.01797	0.01422	0.01882	0.06553	0.01171	0.02774	0.06329	0.16059	0.09162	0.04554	0.10788	0.01412	0.00868	0.00285	0.00746	0.09668	0.00773	0.01049
7	0.08696	0.09052	0.01964	0.01587	0.01954	0.29075	0.01218	0.02629	0.02045	0.02551	0.02211	0.12483	0.02093	0.01191	0.00754	0.00240	0.00998	0.00904	0.17432	0.00923

[dist]
# distance from previous block
# <min> <max>
33	107

[block]
# block no. 5 follows, 20 sequences, length 9
# corresponding to MSA columns:
# 285-293
name=unknown_F
#
# <colnr> <probs for GDERKNQSTAVLIFYWHMCP>
#	G	D	E	R	K	N	Q	S	T	A	V	L	I	F	Y	W	H	M	C	P
0	0.13591	0.02730	0.26757	0.01899	0.02575	0.05485	0.02003	0.02347	0.01648	0.02634	0.01714	0.02265	0.01424	0.02689	0.21569	0.00636	0.05854	0.00712	0.00433	0.01034
1	0.06500	0.09556	0.01637	0.01222	0.01601	0.11850	0.00966	0.01913	0.02067	0.02526	0.12821	0.05765	0.35134	0.01678	0.00903	0.00266	0.00697	0.01347	0.00700	0.00851
2	0.02018	0.31841	0.09695	0.01619	0.02203	0.09480	0.01548	0.02410	0.01999	0.02469	0.13342	0.03442	0.02926	0.01409	0.03700	0.00295	0.00995	0.07048	0.00543	0.01020
3	0.02130	0.01956	0.03020	0.11077	0.33549	0.02201	0.02274	0.09270	0.02035	0.02883	0.01620	0.02191	0.01366	0.01314	0.05086	0.00356	0.15197	0.00784	0.00470	0.01222
4	0.01575	0.01514	0.01394	0.01305	0.01646	0.08172	0.01000	0.02306	0.15746	0.02614	0.06435	0.06160	0.39789	0.01800	0.01065	0.00292	0.04045	0.01454	0.00767	0.00924
5	0.01738	0.01384	0.02048	0.01687	0.01958	0.01532	0.10491	0.02096	0.01677	0.02690	0.02153	0.02951	0.01860	0.08584	0.01673	0.00329	0.17793	0.00867	0.31217	0.05272
6	0.10677	0.01853	0.01674	0.01485	0.01927	0.08930	0.01152	0.11830	0.18465	0.03315	0.04333	0.04318	0.20217	0.04763	0.01051	0.00306	0.00764	0.01115	0.00754	0.01070
7	0.11080	0.16878	0.15483	0.04594	0.02812	0.16666	0.01912	0.11366	0.02222	0.02950	0.01454	0.01703	0.01154	0.00904	0.00871	0.00251	0.05469	0.00603	0.00483	0.01146
8	0.02978	0.02714	0.02505	0.09412	0.03025	0.18718	0.01719	0.33032	0.10238	0.04051	0.02012	0.02123	0.01493	0.01005	0.00852	0.00260	0.01108	0.00750	0.00711	0.01292

[dist]
# distance from previous block
# <min> <max>
0	28

[block]
# block no. 6 follows, 20 sequences, length 9
# corresponding to MSA columns:
# 322-330
name=unknown_G
#
# <colnr> <probs for GDERKNQSTAVLIFYWHMCP>
#	G	D	E	R	K	N	Q	S	T	A	V	L	I	F	Y	W	H	M	C	P
0	0.02736	0.07445	0.02330	0.01688	0.02250	0.02268	0.01398	0.39970	0.03248	0.04490	0.02185	0.02373	0.01657	0.01507	0.06593	0.00346	0.00977	0.00778	0.14495	0.01266
1	0.11735	0.01771	0.01820	0.01381	0.02088	0.06499	0.01104	0.02594	0.01903	0.10301	0.01717	0.01878	0.01337	0.00740	0.00671	0.00172	0.00736	0.00558	0.00582	0.50416
2	0.01157	0.00878	0.01077	0.01129	0.01331	0.00798	0.00856	0.01450	0.02071	0.02717	0.24061	0.20772	0.25475	0.02220	0.01074	0.00317	0.00501	0.10491	0.00855	0.00767
3	0.01246	0.00935	0.01402	0.01402	0.01558	0.01090	0.01090	0.01558	0.01402	0.02025	0.02336	0.03427	0.02181	0.06542	0.65888	0.01402	0.02336	0.00935	0.00467	0.00779
4	0.01969	0.01854	0.03132	0.20255	0.44406	0.01949	0.02507	0.02493	0.01929	0.02677	0.01871	0.02851	0.01636	0.00939	0.00895	0.00279	0.01048	0.05628	0.00452	0.01231
5	0.15570	0.03221	0.02255	0.01992	0.02448	0.40633	0.01543	0.06153	0.02285	0.07890	0.01522	0.01721	0.01201	0.00962	0.00941	0.00252	0.07216	0.00602	0.00534	0.01059
6	0.01982	0.02645	0.19066	0.11725	0.30755	0.02066	0.09036	0.02795	0.06176	0.02802	0.01759	0.02197	0.01369	0.00826	0.00876	0.00274	0.01139	0.00786	0.00443	0.01285
7	0.31704	0.02523	0.01884	0.01658	0.02162	0.23004	0.01298	0.10835	0.02245	0.07286	0.01789	0.06686	0.01515	0.01032	0.00731	0.00260	0.01002	0.00720	0.00610	0.01057
8	0.02486	0.12546	0.21825	0.02423	0.06243	0.15284	0.05869	0.14120	0.02391	0.03040	0.01570	0.01828	0.01214	0.00902	0.00913	0.00257	0.04701	0.00668	0.00492	0.01228

[dist]
# distance from previous block
# <min> <max>
1	47

[block]
# block no. 7 follows, 20 sequences, length 7
# corresponding to MSA columns:
# 378-384
name=unknown_H
#
# <colnr> <probs for GDERKNQSTAVLIFYWHMCP>
#	G	D	E	R	K	N	Q	S	T	A	V	L	I	F	Y	W	H	M	C	P
0	0.02419	0.02195	0.02259	0.02539	0.16223	0.17144	0.01604	0.10584	0.02306	0.07544	0.02507	0.11885	0.02415	0.09498	0.01333	0.00344	0.01025	0.04459	0.00631	0.01086
1	0.02377	0.12782	0.06944	0.02248	0.02878	0.15603	0.15887	0.10783	0.02276	0.02859	0.01780	0.02177	0.01433	0.01542	0.08665	0.00384	0.01352	0.00761	0.06162	0.01107
2	0.02309	0.28964	0.11580	0.02022	0.07224	0.02485	0.01789	0.02695	0.01853	0.11674	0.02214	0.02384	0.06168	0.01052	0.01081	0.00257	0.11838	0.00733	0.00519	0.01161
3	0.02622	0.02017	0.02757	0.02390	0.07551	0.02168	0.10627	0.14921	0.24288	0.12910	0.02680	0.02680	0.01959	0.01062	0.01024	0.00287	0.05012	0.00907	0.00779	0.01359
4	0.01980	0.01662	0.01707	0.05123	0.06703	0.11018	0.01191	0.02435	0.09031	0.07007	0.02669	0.04413	0.02608	0.31977	0.02496	0.00536	0.00957	0.04994	0.00607	0.00886
5	0.02285	0.03335	0.27379	0.02855	0.15142	0.10689	0.02442	0.10149	0.11362	0.03159	0.01915	0.02112	0.01443	0.00908	0.00844	0.00267	0.01147	0.00728	0.00531	0.01307
6	0.07642	0.13359	0.20575	0.01634	0.02375	0.01883	0.01720	0.06828	0.02058	0.12370	0.02123	0.02280	0.01564	0.00914	0.00720	0.00241	0.00860	0.00690	0.19004	0.01160

[dist]
# distance from previous block
# <min> <max>
0	1

[block]
# block no. 8 follows, 20 sequences, length 30
# corresponding to MSA columns:
# 386-415
name=unknown_I
#
# <colnr> <probs for GDERKNQSTAVLIFYWHMCP>
#	G	D	E	R	K	N	Q	S	T	A	V	L	I	F	Y	W	H	M	C	P
0	0.02452	0.01815	0.02852	0.03856	0.40324	0.01772	0.02093	0.03015	0.05629	0.16886	0.02843	0.02998	0.07519	0.01005	0.00884	0.00267	0.00893	0.00913	0.00642	0.01344
1	0.02516	0.21220	0.11221	0.02988	0.21935	0.12680	0.02110	0.06313	0.02145	0.06783	0.01614	0.01868	0.01292	0.00831	0.00765	0.00237	0.01102	0.00648	0.00480	0.01252
2	0.02034	0.22048	0.39409	0.02298	0.03351	0.06694	0.07368	0.02772	0.01883	0.02530	0.01472	0.01746	0.01128	0.00803	0.00769	0.00250	0.01226	0.00622	0.00381	0.01215
3	0.08601	0.01717	0.02544	0.02001	0.02578	0.01688	0.14346	0.14000	0.02443	0.20934	0.02932	0.17015	0.02540	0.01339	0.00934	0.00292	0.00887	0.01213	0.00796	0.01202
4	0.02607	0.06201	0.02852	0.02846	0.15936	0.22696	0.01932	0.05187	0.02052	0.06581	0.01514	0.01908	0.01270	0.01072	0.01428	0.00282	0.21328	0.00695	0.00480	0.01131
5	0.01743	0.01569	0.01406	0.01420	0.01606	0.13375	0.01041	0.02091	0.05840	0.02304	0.03212	0.13408	0.03402	0.23026	0.02061	0.00478	0.00886	0.13673	0.06676	0.00784
6	0.03182	0.03592	0.02463	0.02155	0.02663	0.46683	0.01654	0.16272	0.07742	0.03001	0.01694	0.01826	0.01329	0.00955	0.00814	0.00239	0.01365	0.00646	0.00579	0.01146
7	0.03199	0.01998	0.02293	0.01740	0.02446	0.02003	0.01431	0.33521	0.03204	0.21871	0.02376	0.02290	0.01640	0.00980	0.00831	0.00239	0.00838	0.00760	0.00864	0.15477
8	0.01190	0.00890	0.01104	0.01050	0.01276	0.00804	0.00788	0.01559	0.02363	0.03247	0.51430	0.06929	0.20400	0.01877	0.01029	0.00279	0.00418	0.01635	0.00927	0.00804
9	0.02515	0.37198	0.08986	0.02065	0.02788	0.21026	0.09158	0.02896	0.02014	0.02228	0.01350	0.01605	0.01145	0.00795	0.00706	0.00218	0.01213	0.00579	0.00403	0.01110
10	0.01896	0.12315	0.46267	0.02874	0.14337	0.02214	0.02907	0.02728	0.01859	0.02689	0.01534	0.01843	0.01156	0.00809	0.00801	0.00262	0.01199	0.00646	0.00380	0.01284
11	0.01063	0.00759	0.01012	0.01215	0.01265	0.00709	0.00810	0.01215	0.01670	0.02227	0.04808	0.68775	0.05769	0.02733	0.01113	0.00354	0.00506	0.02480	0.00810	0.00709
12	0.01362	0.00973	0.01356	0.01557	0.01739	0.00967	0.01331	0.01733	0.01965	0.02562	0.04642	0.17269	0.05115	0.02450	0.01193	0.00396	0.00766	0.51029	0.00804	0.00791
13	0.01961	0.02231	0.11002	0.22699	0.39761	0.02028	0.02673	0.02560	0.01899	0.02661	0.01605	0.02167	0.01284	0.00811	0.00862	0.00270	0.01104	0.00760	0.00411	0.01252
14	0.02421	0.31331	0.22168	0.02009	0.02834	0.20870	0.02070	0.02907	0.01993	0.02290	0.01358	0.01583	0.01116	0.00815	0.00706	0.00225	0.01224	0.00548	0.00394	0.01140
15	0.01031	0.00884	0.00884	0.00884	0.01178	0.00736	0.00663	0.01252	0.01988	0.02356	0.08837	0.08395	0.63549	0.02209	0.01031	0.00295	0.00442	0.01841	0.00810	0.00736
16	0.01970	0.01971	0.03558	0.22440	0.29231	0.02113	0.15313	0.02527	0.01880	0.02598	0.01602	0.02229	0.01287	0.00857	0.01066	0.00286	0.06641	0.00831	0.00417	0.01183
17	0.01401	0.01300	0.02210	0.01855	0.02247	0.01200	0.17982	0.01775	0.01920	0.02465	0.05156	0.16931	0.23690	0.05409	0.01249	0.00350	0.00825	0.10489	0.00689	0.00857
18	0.01268	0.00846	0.00951	0.00951	0.00951	0.00846	0.00529	0.01268	0.01268	0.01691	0.02748	0.05708	0.03171	0.69345	0.04440	0.00846	0.00846	0.01268	0.00529	0.00529
19	0.03258	0.04157	0.02472	0.02247	0.02697	0.65843	0.01685	0.03483	0.02472	0.02135	0.01348	0.01573	0.01124	0.00899	0.00787	0.00225	0.01573	0.00562	0.00449	0.01011
20	0.02879	0.03298	0.02547	0.02229	0.02581	0.39812	0.01746	0.10337	0.02352	0.02549	0.01384	0.01735	0.01175	0.01097	0.01391	0.00274	0.20427	0.00648	0.00483	0.01054
21	0.03316	0.02443	0.02618	0.02007	0.02705	0.02705	0.01658	0.60995	0.04101	0.05497	0.02094	0.02094	0.01483	0.01047	0.00873	0.00262	0.00960	0.00785	0.00873	0.01483
22	0.01406	0.01004	0.01406	0.01606	0.01807	0.01004	0.01406	0.01807	0.02008	0.02610	0.04618	0.09839	0.05020	0.02410	0.01205	0.00402	0.00803	0.58032	0.00803	0.00803
23	0.02077	0.02301	0.04851	0.03986	0.15508	0.02181	0.50024	0.02773	0.02045	0.02804	0.01742	0.02317	0.01334	0.00743	0.00999	0.00288	0.01390	0.00983	0.00439	0.01214
24	0.02999	0.02429	0.02430	0.01964	0.02585	0.07739	0.01585	0.40939	0.19814	0.04718	0.02429	0.02367	0.01775	0.01072	0.00870	0.00268	0.00937	0.00822	0.00842	0.01417
25	0.01031	0.00884	0.00884	0.00884	0.01178	0.00736	0.00663	0.01252	0.01988	0.02356	0.08837	0.08395	0.63549	0.02209	0.01031	0.00295	0.00442	0.01841	0.00810	0.00736
26	0.03057	0.02231	0.02424	0.01918	0.02556	0.02471	0.01567	0.45924	0.13834	0.07942	0.02420	0.02395	0.01749	0.01317	0.03778	0.00319	0.00965	0.00831	0.00867	0.01434
27	0.03192	0.10943	0.02864	0.01942	0.02646	0.02799	0.01637	0.53635	0.03808	0.05063	0.01983	0.02007	0.01438	0.01009	0.00833	0.00252	0.00956	0.00745	0.00810	0.01438
28	0.02409	0.02376	0.02082	0.01879	0.02362	0.16177	0.01448	0.04382	0.49160	0.03316	0.03066	0.02885	0.02324	0.01121	0.00865	0.00280	0.00885	0.00893	0.00791	0.01299
29	0.02918	0.23489	0.03209	0.02174	0.06653	0.28895	0.01687	0.15774	0.02585	0.02895	0.01490	0.01674	0.01218	0.00877	0.00742	0.00224	0.01209	0.00596	0.00518	0.01172

[dist]
# distance from previous block
# <min> <max>
0	1

[block]
# block no. 9 follows, 20 sequences, length 26
# corresponding to MSA columns:
# 417-442
name=unknown_J
#
# <colnr> <probs for GDERKNQSTAVLIFYWHMCP>
#	G	D	E	R	K	N	Q	S	T	A	V	L	I	F	Y	W	H	M	C	P
0	0.02499	0.23629	0.02905	0.01702	0.02350	0.25466	0.01413	0.02794	0.02039	0.02340	0.01372	0.01596	0.01177	0.00769	0.00671	0.00182	0.01073	0.00518	0.00448	0.25056
1	0.01770	0.01368	0.01585	0.01568	0.01883	0.01488	0.01210	0.03088	0.30981	0.05443	0.04114	0.24116	0.03997	0.01864	0.01012	0.00331	0.00657	0.11590	0.00857	0.01080
2	0.02209	0.01594	0.01761	0.01508	0.01852	0.01709	0.01124	0.29852	0.02703	0.03618	0.02837	0.16295	0.02871	0.23638	0.02082	0.00470	0.00834	0.01274	0.00748	0.01021
3	0.01166	0.00848	0.00937	0.00961	0.01063	0.00793	0.00606	0.01257	0.01552	0.01973	0.04982	0.14207	0.23165	0.39411	0.02927	0.00607	0.00673	0.01601	0.00654	0.00618
4	0.02026	0.02257	0.04612	0.03377	0.04069	0.02307	0.48028	0.02644	0.01903	0.02644	0.01631	0.02257	0.01285	0.00906	0.01425	0.00313	0.15788	0.00972	0.00428	0.01128
5	0.02211	0.10380	0.03657	0.03795	0.31354	0.05143	0.13601	0.03070	0.12532	0.02850	0.01934	0.02270	0.01551	0.00842	0.00860	0.00262	0.01072	0.00816	0.00507	0.01293
6	0.03076	0.04200	0.10008	0.02276	0.02827	0.58129	0.01871	0.03396	0.02396	0.02211	0.01375	0.01605	0.01121	0.00890	0.00792	0.00231	0.01539	0.00572	0.00440	0.01045
7	0.01678	0.01569	0.01376	0.01393	0.01616	0.13758	0.01004	0.05736	0.02055	0.02512	0.04489	0.37001	0.13922	0.02065	0.00988	0.00303	0.00731	0.01779	0.05193	0.00831
8	0.02939	0.02322	0.02919	0.03098	0.22653	0.02499	0.01990	0.41986	0.03412	0.04634	0.01946	0.02115	0.01450	0.00959	0.00870	0.00261	0.00985	0.00783	0.00729	0.01450
9	0.02340	0.02469	0.03383	0.04438	0.44046	0.14067	0.06252	0.02794	0.02034	0.02657	0.01558	0.02044	0.01312	0.00852	0.01006	0.00264	0.06032	0.00752	0.00432	0.01268
10	0.01311	0.00974	0.01274	0.01424	0.01648	0.00936	0.01218	0.01667	0.02003	0.02546	0.05684	0.09474	0.19806	0.02359	0.01161	0.00375	0.00712	0.43837	0.00805	0.00786
11	0.01246	0.00935	0.01402	0.01402	0.01558	0.01090	0.01090	0.01558	0.01402	0.02025	0.02336	0.03427	0.02181	0.06542	0.65888	0.01402	0.02336	0.00935	0.00467	0.00779
12	0.03316	0.02443	0.02618	0.02007	0.02705	0.02705	0.01658	0.60995	0.04101	0.05497	0.02094	0.02094	0.01483	0.01047	0.00873	0.00262	0.00960	0.00785	0.00873	0.01483
13	0.06007	0.04089	0.53976	0.02553	0.03751	0.02044	0.10044	0.02755	0.01847	0.02832	0.01569	0.01879	0.01122	0.00816	0.00836	0.00278	0.01276	0.00681	0.00387	0.01256
14	0.01800	0.01891	0.01466	0.01482	0.01684	0.21959	0.01044	0.01965	0.01919	0.02147	0.03890	0.32368	0.10525	0.10127	0.01399	0.00365	0.00888	0.01635	0.00658	0.00789
15	0.03609	0.02205	0.02184	0.01781	0.02353	0.18081	0.01429	0.03908	0.02412	0.44175	0.02745	0.02536	0.01823	0.01063	0.00987	0.00266	0.05459	0.00788	0.00870	0.01326
16	0.03316	0.02443	0.02618	0.02007	0.02705	0.02705	0.01658	0.60995	0.04101	0.05497	0.02094	0.02094	0.01483	0.01047	0.00873	0.00262	0.00960	0.00785	0.00873	0.01483
17	0.02857	0.11422	0.02648	0.02053	0.02534	0.38500	0.01614	0.06811	0.14103	0.02611	0.01793	0.01930	0.01446	0.00982	0.00907	0.00245	0.05221	0.00658	0.00546	0.01120
18	0.02233	0.02265	0.03306	0.12031	0.49908	0.09765	0.02528	0.02723	0.02017	0.02693	0.01595	0.02107	0.01326	0.00803	0.00855	0.00259	0.01116	0.00751	0.00429	0.01290
19	0.02740	0.03112	0.02536	0.23407	0.03777	0.37819	0.01923	0.09628	0.02420	0.02549	0.01499	0.01878	0.01177	0.00907	0.00824	0.00250	0.01369	0.00657	0.00477	0.01051
20	0.01287	0.01982	0.21812	0.01629	0.02083	0.01138	0.01596	0.01719	0.01726	0.02401	0.03751	0.46958	0.04249	0.02112	0.01021	0.00329	0.00761	0.01882	0.00666	0.00898
21	0.02033	0.03309	0.36830	0.02214	0.03102	0.02086	0.02456	0.03265	0.17131	0.07411	0.02154	0.02289	0.01581	0.01021	0.01093	0.00293	0.09130	0.00762	0.00553	0.01286
22	0.02807	0.02404	0.02442	0.01990	0.02466	0.11240	0.01614	0.35227	0.03171	0.04167	0.08804	0.02491	0.02139	0.01200	0.01251	0.00281	0.13490	0.00840	0.00732	0.01244
23	0.01413	0.02109	0.21921	0.01693	0.02198	0.01304	0.01661	0.02109	0.08638	0.02563	0.03608	0.39492	0.03895	0.01936	0.00995	0.00322	0.00782	0.01711	0.00675	0.00974
24	0.02174	0.01987	0.02040	0.09147	0.02524	0.10447	0.01460	0.18749	0.02533	0.03168	0.03995	0.04078	0.21581	0.01454	0.01195	0.00288	0.10372	0.01095	0.00670	0.01043
25	0.17375	0.03480	0.02256	0.02005	0.02500	0.46172	0.01538	0.09857	0.02465	0.02865	0.01407	0.01602	0.01130	0.00898	0.00748	0.00238	0.01328	0.00570	0.00515	0.01052

[dist]
# distance from previous block
# <min> <max>
40	190

[block]
# block no. 10 follows, 20 sequences, length 6
# corresponding to MSA columns:
# 637-642
name=unknown_K
#
# <colnr> <probs for GDERKNQSTAVLIFYWHMCP>
#	G	D	E	R	K	N	Q	S	T	A	V	L	I	F	Y	W	H	M	C	P
0	0.02001	0.18043	0.13710	0.01833	0.02484	0.02161	0.06317	0.11719	0.02310	0.03097	0.13922	0.03381	0.09007	0.01202	0.00969	0.00262	0.04900	0.00962	0.00614	0.01107
1	0.08029	0.13589	0.09488	0.01885	0.02453	0.20586	0.05335	0.02757	0.05606	0.02628	0.07774	0.05771	0.04911	0.01169	0.00828	0.00260	0.01065	0.04276	0.00558	0.01033
2	0.02333	0.02522	0.07150	0.07696	0.13143	0.10910	0.15766	0.09566	0.11958	0.03110	0.01970	0.02264	0.01511	0.00882	0.00882	0.00265	0.01151	0.00817	0.00556	0.05548
3	0.28728	0.02688	0.02054	0.02100	0.09037	0.27535	0.01459	0.03044	0.06448	0.03039	0.05070	0.01990	0.01610	0.00925	0.00728	0.00253	0.01061	0.00643	0.00541	0.01045
4	0.02606	0.11518	0.03053	0.08949	0.23579	0.13167	0.01991	0.07362	0.06999	0.09683	0.01909	0.02142	0.01477	0.00888	0.00814	0.00251	0.01060	0.00726	0.00563	0.01264
5	0.01943	0.01656	0.02534	0.09185	0.30490	0.01713	0.01919	0.09965	0.02116	0.02908	0.02516	0.19659	0.02533	0.01463	0.01076	0.04511	0.00883	0.01223	0.00583	0.01124

[dist]
# distance from previous block
# <min> <max>
0	1

[block]
# block no. 11 follows, 20 sequences, length 12
# corresponding to MSA columns:
# 644-655
name=unknown_L
#
# <colnr> <probs for GDERKNQSTAVLIFYWHMCP>
#	G	D	E	R	K	N	Q	S	T	A	V	L	I	F	Y	W	H	M	C	P
0	0.02307	0.06665	0.02728	0.03037	0.25503	0.07539	0.01836	0.16647	0.02495	0.03249	0.02933	0.03151	0.11737	0.01425	0.04649	0.00324	0.01034	0.00925	0.00602	0.01215
1	0.06688	0.01664	0.02973	0.13186	0.03477	0.01687	0.23895	0.02337	0.04265	0.02706	0.03130	0.07405	0.07693	0.01362	0.01007	0.00318	0.01058	0.13569	0.00584	0.00994
2	0.06813	0.14580	0.02791	0.02015	0.02571	0.38832	0.01610	0.15480	0.02651	0.02925	0.01477	0.01647	0.01190	0.00900	0.00754	0.00229	0.01291	0.00589	0.00531	0.01126
3	0.02219	0.35506	0.28252	0.01984	0.02908	0.10846	0.02205	0.02783	0.01889	0.02345	0.01370	0.01597	0.01114	0.00799	0.00696	0.00227	0.01156	0.00549	0.00381	0.01173
4	0.01308	0.00931	0.01093	0.01049	0.01327	0.00819	0.00806	0.01620	0.02206	0.06619	0.29265	0.07424	0.35104	0.01988	0.01031	0.00291	0.00470	0.04950	0.00884	0.00819
5	0.03028	0.02228	0.02413	0.01906	0.02521	0.02450	0.01550	0.53366	0.03791	0.05080	0.02440	0.10603	0.02030	0.01262	0.00903	0.00274	0.00902	0.01002	0.00865	0.01385
6	0.02124	0.01737	0.01978	0.01442	0.02201	0.01486	0.01164	0.14500	0.02288	0.03398	0.01664	0.01869	0.01332	0.00730	0.00693	0.00157	0.00712	0.00573	0.00591	0.59361
7	0.01643	0.01633	0.01403	0.01464	0.01656	0.16012	0.01038	0.01963	0.05713	0.02306	0.04250	0.44017	0.09206	0.02164	0.01016	0.00315	0.00762	0.01885	0.00731	0.00824
8	0.02958	0.02982	0.02694	0.02233	0.02709	0.26548	0.04535	0.24935	0.02846	0.03431	0.01611	0.01873	0.01273	0.01070	0.01237	0.00273	0.14301	0.00708	0.00596	0.01187
9	0.01105	0.00824	0.01039	0.01194	0.01323	0.00758	0.00862	0.01309	0.01793	0.02313	0.05721	0.46144	0.19152	0.02564	0.01107	0.00347	0.00534	0.10374	0.00809	0.00729
10	0.02423	0.02420	0.03109	0.06718	0.32092	0.12740	0.06139	0.08639	0.11218	0.03069	0.01923	0.02239	0.01525	0.00885	0.00867	0.00263	0.01102	0.00790	0.00543	0.01297
11	0.01659	0.01659	0.05330	0.10138	0.24071	0.01556	0.09099	0.02093	0.01843	0.02536	0.02841	0.27387	0.02999	0.01524	0.00978	0.00304	0.00914	0.01446	0.00568	0.01053

[dist]
# distance from previous block
# <min> <max>
2	16

[block]
# block no. 12 follows, 20 sequences, length 40
# corresponding to MSA columns:
# 672-711
name=unknown_M
#
# <colnr> <probs for GDERKNQSTAVLIFYWHMCP>
#	G	D	E	R	K	N	Q	S	T	A	V	L	I	F	Y	W	H	M	C	P
0	0.02407	0.01982	0.02432	0.02580	0.16236	0.02161	0.01696	0.20656	0.24850	0.04002	0.09174	0.03014	0.02625	0.01116	0.00893	0.00275	0.00819	0.00943	0.00788	0.01351
1	0.02915	0.03004	0.02702	0.02839	0.16501	0.28367	0.01872	0.18579	0.08813	0.03335	0.01833	0.02012	0.01432	0.00939	0.00837	0.00249	0.01201	0.00712	0.00601	0.01257
2	0.16379	0.02496	0.02207	0.02409	0.14634	0.23171	0.01567	0.06357	0.02239	0.05900	0.06287	0.02766	0.07952	0.01064	0.00805	0.00255	0.01029	0.00811	0.00588	0.01085
3	0.01031	0.00884	0.00884	0.00884	0.01178	0.00736	0.00663	0.01252	0.01988	0.02356	0.08837	0.08395	0.63549	0.02209	0.01031	0.00295	0.00442	0.01841	0.00810	0.00736
4	0.03316	0.02443	0.02618	0.02007	0.02705	0.02705	0.01658	0.60995	0.04101	0.05497	0.02094	0.02094	0.01483	0.01047	0.00873	0.00262	0.00960	0.00785	0.00873	0.01483
5	0.03164	0.02353	0.02536	0.01935	0.02641	0.02550	0.01595	0.55080	0.03871	0.05230	0.02040	0.02066	0.01464	0.01007	0.00850	0.00248	0.00928	0.00758	0.00837	0.08847
6	0.03145	0.03920	0.02420	0.02198	0.02652	0.59231	0.01654	0.03603	0.08688	0.02292	0.01577	0.01748	0.01283	0.00928	0.00797	0.00232	0.01481	0.00606	0.00495	0.01050
7	0.01989	0.02841	0.18646	0.03407	0.04382	0.02165	0.47726	0.02787	0.02010	0.02787	0.01720	0.02237	0.01274	0.00756	0.00984	0.00290	0.01430	0.00942	0.00425	0.01202
8	0.01515	0.00758	0.01136	0.01136	0.01136	0.00758	0.00758	0.01136	0.01136	0.01515	0.01515	0.02652	0.01515	0.03030	0.03409	0.74621	0.00758	0.00758	0.00379	0.00379
9	0.02097	0.19783	0.44422	0.02159	0.03260	0.02294	0.02624	0.02870	0.01888	0.08547	0.01662	0.01845	0.01210	0.00833	0.00769	0.00254	0.01152	0.00625	0.00438	0.01268
10	0.02005	0.02895	0.22593	0.03985	0.28003	0.02098	0.20136	0.02738	0.01964	0.02807	0.01655	0.02121	0.01280	0.00780	0.00902	0.00275	0.01242	0.00812	0.00415	0.01293
11	0.01406	0.01004	0.01406	0.01606	0.01807	0.01004	0.01406	0.01807	0.02008	0.02610	0.04618	0.09839	0.05020	0.02410	0.01205	0.00402	0.00803	0.58032	0.00803	0.00803
12	0.02159	0.02073	0.03541	0.05354	0.63903	0.02073	0.02677	0.02677	0.01986	0.02850	0.01641	0.02159	0.01382	0.00777	0.00864	0.00259	0.01036	0.00777	0.00432	0.01382
13	0.02007	0.01917	0.03265	0.23790	0.46659	0.02032	0.02601	0.02543	0.01914	0.02665	0.01614	0.02209	0.01316	0.00805	0.00866	0.00268	0.01074	0.00777	0.00419	0.01259
14	0.03316	0.02443	0.02618	0.02007	0.02705	0.02705	0.01658	0.60995	0.04101	0.05497	0.02094	0.02094	0.01483	0.01047	0.00873	0.00262	0.00960	0.00785	0.00873	0.01483
15	0.01268	0.00846	0.00951	0.00951	0.00951	0.00846	0.00529	0.01268	0.01268	0.01691	0.02748	0.05708	0.03171	0.69345	0.04440	0.00846	0.00846	0.01268	0.00529	0.00529
16	0.01567	0.00905	0.01047	0.01024	0.01205	0.00984	0.00788	0.01940	0.01712	0.02932	0.02637	0.03204	0.02157	0.02167	0.13967	0.00457	0.04969	0.00835	0.54688	0.00815
17	0.02542	0.55005	0.04096	0.01663	0.02342	0.17564	0.01536	0.02809	0.01931	0.02071	0.01243	0.01439	0.01120	0.00781	0.00611	0.00195	0.01078	0.00488	0.00390	0.01095
18	0.01031	0.00884	0.00884	0.00884	0.01178	0.00736	0.00663	0.01252	0.01988	0.02356	0.08837	0.08395	0.63549	0.02209	0.01031	0.00295	0.00442	0.01841	0.00810	0.00736
19	0.01750	0.04512	0.64825	0.02486	0.03775	0.02026	0.03223	0.02762	0.01842	0.02762	0.01565	0.01842	0.01105	0.00829	0.00829	0.00276	0.01289	0.00645	0.00368	0.01289
20	0.02973	0.03696	0.02376	0.02165	0.02557	0.55465	0.01639	0.03205	0.02295	0.02122	0.01435	0.01780	0.01231	0.01505	0.07463	0.00353	0.05697	0.00612	0.00447	0.00984
21	0.03258	0.04157	0.02472	0.02247	0.02697	0.65843	0.01685	0.03483	0.02472	0.02135	0.01348	0.01573	0.01124	0.00899	0.00787	0.00225	0.01573	0.00562	0.00449	0.01011
22	0.01063	0.00759	0.01012	0.01215	0.01265	0.00709	0.00810	0.01215	0.01670	0.02227	0.04808	0.68775	0.05769	0.02733	0.01113	0.00354	0.00506	0.02480	0.00810	0.00709
23	0.01189	0.00898	0.01126	0.01260	0.01452	0.00836	0.00998	0.01463	0.01911	0.02423	0.06080	0.25092	0.24801	0.02429	0.01122	0.00353	0.00603	0.24401	0.00807	0.00756
24	0.14068	0.24411	0.02821	0.01655	0.02025	0.02494	0.01445	0.02238	0.01520	0.02368	0.01420	0.01964	0.01313	0.02163	0.14470	0.00505	0.21076	0.00651	0.00422	0.00972
25	0.01105	0.00796	0.01009	0.01146	0.01217	0.00755	0.00761	0.01246	0.01618	0.02136	0.04725	0.48315	0.10942	0.14433	0.05101	0.00489	0.00655	0.02124	0.00743	0.00684
26	0.07941	0.03359	0.02450	0.02087	0.02635	0.38174	0.01627	0.24872	0.03016	0.03504	0.01618	0.01757	0.01246	0.00948	0.00803	0.00241	0.01286	0.00639	0.00613	0.01183
27	0.01941	0.01850	0.03148	0.31675	0.39283	0.02015	0.02569	0.02486	0.01883	0.02586	0.01602	0.02230	0.01289	0.00818	0.00867	0.00273	0.01090	0.00776	0.00413	0.01206
28	0.02207	0.02089	0.18448	0.01711	0.02323	0.01378	0.01652	0.02876	0.08064	0.21064	0.03409	0.24712	0.03136	0.01576	0.00944	0.00302	0.00804	0.01362	0.00780	0.01162
29	0.02860	0.02942	0.02827	0.03169	0.22479	0.26376	0.01983	0.17393	0.05858	0.03271	0.01742	0.01979	0.01376	0.00911	0.00838	0.00249	0.01203	0.00709	0.00571	0.01266
30	0.01921	0.01920	0.02595	0.02719	0.13655	0.11330	0.11436	0.02334	0.02013	0.02545	0.02954	0.11935	0.03041	0.01597	0.01123	0.00325	0.04393	0.20563	0.00602	0.00999
31	0.23700	0.01844	0.08579	0.01645	0.02164	0.01752	0.05168	0.02788	0.15319	0.03146	0.02182	0.02539	0.01752	0.02352	0.17218	0.00561	0.01203	0.00777	0.04263	0.01047
32	0.02788	0.02296	0.02375	0.08440	0.02832	0.08582	0.01585	0.36149	0.06897	0.04209	0.02044	0.02342	0.01578	0.05389	0.01072	0.00288	0.00986	0.00779	0.00725	0.08643
33	0.02154	0.01808	0.01701	0.05765	0.02140	0.12592	0.01233	0.05995	0.16383	0.06744	0.03063	0.16090	0.02746	0.01379	0.00855	0.00272	0.00795	0.01148	0.16090	0.01047
34	0.01996	0.10126	0.39939	0.02058	0.03037	0.01933	0.02414	0.02859	0.05243	0.09552	0.10216	0.02628	0.02269	0.00996	0.00837	0.00267	0.01043	0.00797	0.00554	0.01235
35	0.02038	0.02093	0.02417	0.15942	0.19716	0.16108	0.01880	0.02470	0.02167	0.02709	0.16876	0.03532	0.03150	0.01156	0.00906	0.00269	0.01018	0.03931	0.00576	0.01047
36	0.20968	0.02625	0.01964	0.01729	0.02216	0.25416	0.01346	0.11849	0.08472	0.03369	0.07286	0.02507	0.04664	0.01061	0.00780	0.00256	0.01017	0.00760	0.00640	0.01075
37	0.01844	0.08280	0.01779	0.01300	0.01745	0.01594	0.01052	0.19181	0.02576	0.03253	0.05812	0.09555	0.35203	0.01748	0.00941	0.00278	0.00650	0.01428	0.00785	0.00996
38	0.02281	0.03037	0.31733	0.02449	0.09158	0.01902	0.02392	0.03055	0.05187	0.15494	0.02020	0.02187	0.01450	0.00959	0.01055	0.00277	0.08280	0.00729	0.00560	0.05796
39	0.37976	0.01553	0.01820	0.01848	0.08608	0.01649	0.05042	0.02483	0.01792	0.08713	0.05958	0.09188	0.02410	0.01218	0.00783	0.00291	0.00751	0.06260	0.00645	0.01011

[dist]
# distance from previous block
# <min> <max>
10	83

[block]
# block no. 13 follows, 20 sequences, length 7
# corresponding to MSA columns:
# 805-811
name=unknown_N
#
# <colnr> <probs for GDERKNQSTAVLIFYWHMCP>
#	G	D	E	R	K	N	Q	S	T	A	V	L	I	F	Y	W	H	M	C	P
0	0.01827	0.01591	0.01407	0.01407	0.01657	0.14796	0.01019	0.02027	0.01991	0.08738	0.04709	0.35615	0.15702	0.02063	0.01002	0.00306	0.00748	0.01774	0.00760	0.00860
1	0.02709	0.25565	0.16607	0.01889	0.02728	0.02662	0.01900	0.22810	0.02661	0.09909	0.01823	0.01896	0.01350	0.00902	0.00758	0.00240	0.00999	0.00657	0.00617	0.01319
2	0.01679	0.01628	0.01632	0.01584	0.01803	0.15030	0.01218	0.01972	0.01632	0.02049	0.02124	0.03028	0.01953	0.05327	0.51873	0.01148	0.02172	0.00854	0.00463	0.00829
3	0.02108	0.01566	0.04661	0.01533	0.01949	0.01536	0.01284	0.08640	0.08325	0.14486	0.11219	0.04510	0.17956	0.01848	0.05363	0.00366	0.09592	0.01178	0.00793	0.01086
4	0.02230	0.02576	0.17870	0.01946	0.02659	0.02133	0.01856	0.16040	0.29415	0.03811	0.07886	0.02929	0.02495	0.01116	0.00882	0.00282	0.00875	0.00908	0.00760	0.01332
5	0.01635	0.14728	0.02502	0.01601	0.02117	0.01584	0.10010	0.01986	0.01901	0.02556	0.09401	0.16866	0.11127	0.01428	0.00872	0.00248	0.00747	0.01269	0.00621	0.16799
6	0.01886	0.21836	0.10924	0.07415	0.02638	0.05976	0.01807	0.02324	0.01880	0.02373	0.02539	0.04670	0.02551	0.01436	0.01020	0.00301	0.05277	0.21615	0.00536	0.00996

[dist]
# distance from previous block
# <min> <max>
59	242

[block]
# block no. 14 follows, 20 sequences, length 12
# corresponding to MSA columns:
# 1070-1081
name=unknown_O
#
# <colnr> <probs for GDERKNQSTAVLIFYWHMCP>
#	G	D	E	R	K	N	Q	S	T	A	V	L	I	F	Y	W	H	M	C	P
0	0.02129	0.02193	0.03009	0.29288	0.31478	0.12003	0.02421	0.02626	0.01967	0.02493	0.01559	0.02133	0.01255	0.00834	0.00855	0.00266	0.01170	0.00743	0.00417	0.01161
1	0.02904	0.11589	0.02559	0.01891	0.02450	0.23117	0.01515	0.10470	0.20341	0.10978	0.02340	0.02289	0.01755	0.01004	0.00808	0.00251	0.01049	0.00742	0.00699	0.01251
2	0.02250	0.01727	0.02767	0.03805	0.40381	0.01672	0.02042	0.02700	0.02135	0.13413	0.10441	0.03350	0.07324	0.01071	0.00900	0.00266	0.00859	0.00981	0.00640	0.01276
3	0.01413	0.01021	0.01144	0.01161	0.01390	0.01005	0.00846	0.06311	0.06723	0.02804	0.05264	0.30730	0.20395	0.02043	0.00968	0.00300	0.00521	0.01771	0.13339	0.00847
4	0.12694	0.01671	0.01796	0.01411	0.02064	0.01577	0.01127	0.07359	0.13581	0.03396	0.04940	0.02281	0.01857	0.00860	0.00713	0.00199	0.00672	0.00673	0.00641	0.40487
5	0.02935	0.17233	0.03070	0.02449	0.10469	0.33929	0.01768	0.13010	0.02542	0.02783	0.01485	0.01701	0.01217	0.00877	0.00764	0.00228	0.01267	0.00608	0.00504	0.01162
6	0.01731	0.01334	0.01540	0.01477	0.01775	0.01395	0.01092	0.12219	0.15460	0.03131	0.03894	0.39398	0.04115	0.01993	0.00998	0.00314	0.00632	0.01757	0.00822	0.04923
7	0.02907	0.03438	0.02383	0.02074	0.02557	0.46270	0.01590	0.06363	0.02360	0.02440	0.01408	0.01669	0.01174	0.00914	0.00932	0.00223	0.06634	0.00583	0.00479	0.13601
8	0.01099	0.00801	0.00989	0.01110	0.01203	0.00741	0.00741	0.01254	0.01707	0.02238	0.08520	0.45047	0.15360	0.13017	0.01615	0.00416	0.00543	0.02130	0.00774	0.00692
9	0.15579	0.01823	0.14383	0.01474	0.01942	0.01347	0.01370	0.02099	0.06506	0.02883	0.08257	0.27173	0.08413	0.01732	0.00913	0.00306	0.00703	0.01476	0.00684	0.00938
10	0.02243	0.02265	0.02737	0.16689	0.24586	0.12950	0.02100	0.03257	0.18526	0.02818	0.02095	0.02393	0.01643	0.00929	0.00859	0.00270	0.01059	0.00797	0.00550	0.01233
11	0.02032	0.01341	0.01850	0.02250	0.18486	0.01298	0.01314	0.04649	0.01994	0.12124	0.03498	0.04088	0.11719	0.12805	0.01450	0.00355	0.00732	0.01050	0.15928	0.01037

[dist]
# distance from previous block
# <min> <max>
4	71

[block]
# block no. 15 follows, 20 sequences, length 15
# corresponding to MSA columns:
# 1171-1185
name=unknown_P
#
# <colnr> <probs for GDERKNQSTAVLIFYWHMCP>
#	G	D	E	R	K	N	Q	S	T	A	V	L	I	F	Y	W	H	M	C	P
0	0.05813	0.01685	0.01710	0.01588	0.02000	0.06289	0.01265	0.08282	0.22346	0.06624	0.04212	0.08404	0.12260	0.01598	0.00955	0.00308	0.00755	0.11990	0.00815	0.01102
