[name]
unknown

[dist]
# distance from previous block
# <min> <max>
0	0

[block]
# block no. 0 follows, 23 sequences, length 9
# corresponding to MSA columns:
# 0-8
name=unknown_A
#
# <colnr> <probs for GDERKNQSTAVLIFYWHMCP>
#	G	D	E	R	K	N	Q	S	T	A	V	L	I	F	Y	W	H	M	C	P
0	0.01308	0.00934	0.01308	0.01494	0.01681	0.00934	0.01308	0.01681	0.01868	0.02428	0.04296	0.09153	0.04670	0.02242	0.01121	0.00374	0.00747	0.60960	0.00747	0.00747
1	0.01519	0.01017	0.01273	0.01155	0.01428	0.00991	0.00883	0.02176	0.11505	0.09484	0.50666	0.05294	0.06345	0.01513	0.00924	0.00258	0.00451	0.01323	0.00894	0.00902
2	0.01950	0.01666	0.01784	0.01636	0.02069	0.01914	0.01287	0.04060	0.58912	0.03302	0.03398	0.03614	0.02687	0.01210	0.00854	0.00285	0.00652	0.06669	0.00818	0.01233
3	0.02385	0.01782	0.02812	0.03807	0.44671	0.01768	0.02061	0.03024	0.08759	0.17546	0.02103	0.02292	0.01580	0.00828	0.00809	0.00247	0.00866	0.00765	0.00586	0.01307
4	0.01935	0.01675	0.02737	0.03946	0.48997	0.01644	0.02065	0.02365	0.01901	0.07026	0.05372	0.03200	0.08947	0.00999	0.00842	0.00252	0.00848	0.03551	0.00519	0.01178
5	0.01899	0.02578	0.21622	0.04216	0.48402	0.01915	0.02636	0.02513	0.01809	0.02628	0.01506	0.01924	0.01212	0.00737	0.00794	0.00246	0.01031	0.00688	0.00385	0.01261
6	0.42937	0.02242	0.01737	0.01486	0.02005	0.16460	0.01191	0.17557	0.02176	0.03640	0.01357	0.01504	0.01037	0.00825	0.00628	0.00240	0.00875	0.00529	0.00559	0.01015
7	0.02005	0.01975	0.02991	0.14942	0.47974	0.06600	0.02309	0.02594	0.05914	0.02559	0.01608	0.02060	0.01312	0.00770	0.00801	0.00246	0.00997	0.00721	0.00424	0.01199
8	0.06159	0.01375	0.01529	0.01833	0.14359	0.07509	0.01088	0.01751	0.01753	0.02327	0.11055	0.04830	0.20860	0.18268	0.01641	0.00381	0.00724	0.01164	0.00588	0.00805

[dist]
# distance from previous block
# <min> <max>
13	62

[block]
# block no. 1 follows, 23 sequences, length 111
# corresponding to MSA columns:
# 71-181
name=unknown_B
#
# <colnr> <probs for GDERKNQSTAVLIFYWHMCP>
#	G	D	E	R	K	N	Q	S	T	A	V	L	I	F	Y	W	H	M	C	P
0	0.12892	0.02508	0.16463	0.01930	0.06112	0.14985	0.05994	0.02443	0.05202	0.02630	0.06648	0.03124	0.13631	0.01083	0.00788	0.00251	0.00941	0.00870	0.00525	0.00980
1	0.09833	0.09892	0.02703	0.06700	0.12469	0.24421	0.05291	0.11606	0.04814	0.02792	0.01490	0.01738	0.01186	0.00816	0.00732	0.00230	0.01097	0.00621	0.00486	0.01082
2	0.01913	0.01781	0.02851	0.17136	0.36336	0.01902	0.04848	0.06773	0.05956	0.02700	0.02045	0.02451	0.05239	0.00888	0.00895	0.00257	0.03599	0.00805	0.00469	0.01154
3	0.02022	0.02082	0.02524	0.03030	0.28415	0.15453	0.04036	0.02401	0.01827	0.02386	0.01562	0.02030	0.01337	0.01582	0.11565	0.00383	0.01209	0.00668	0.00425	0.15064
4	0.02248	0.02074	0.06684	0.03313	0.31981	0.04233	0.04369	0.12875	0.05932	0.07651	0.05911	0.02331	0.01794	0.00903	0.00900	0.00251	0.03970	0.00784	0.00565	0.01233
5	0.02242	0.09439	0.04934	0.10567	0.09302	0.24638	0.01683	0.03023	0.15958	0.02386	0.01822	0.02071	0.01462	0.01236	0.05545	0.00311	0.01163	0.00675	0.00491	0.01052
6	0.02474	0.01536	0.07088	0.01580	0.05708	0.01246	0.01276	0.06263	0.04482	0.32140	0.09760	0.04000	0.16378	0.01260	0.00856	0.00257	0.00669	0.01047	0.00832	0.01148
7	0.02410	0.19173	0.03028	0.02731	0.21848	0.20332	0.01771	0.10239	0.02136	0.02554	0.01448	0.01753	0.01217	0.01093	0.04683	0.00279	0.01139	0.00609	0.00446	0.01112
8	0.06463	0.03145	0.36709	0.02433	0.05904	0.01942	0.13505	0.10269	0.02041	0.07531	0.01659	0.01892	0.01180	0.00794	0.00799	0.00257	0.01112	0.00692	0.00472	0.01200
9	0.06613	0.02372	0.01953	0.01746	0.02042	0.27392	0.01364	0.07393	0.01977	0.02361	0.02473	0.05293	0.10898	0.01554	0.05517	0.00331	0.16474	0.00843	0.00505	0.00899
10	0.02101	0.22587	0.39281	0.01917	0.02884	0.02142	0.02261	0.02753	0.01793	0.12706	0.01645	0.01767	0.01189	0.00787	0.00709	0.00233	0.01026	0.00588	0.00450	0.01184
11	0.01718	0.03655	0.51991	0.02950	0.18543	0.01895	0.02877	0.02551	0.01745	0.02589	0.01473	0.01784	0.01089	0.00759	0.00779	0.00253	0.01143	0.00629	0.00357	0.01220
12	0.01936	0.06054	0.39469	0.02599	0.12889	0.02012	0.04774	0.12628	0.02092	0.02964	0.01786	0.02019	0.03482	0.00837	0.00786	0.00250	0.01077	0.00687	0.00447	0.01214
13	0.01619	0.00933	0.01118	0.01047	0.01354	0.00807	0.00792	0.01850	0.01935	0.17724	0.10367	0.19214	0.34385	0.01874	0.00940	0.00278	0.00488	0.01601	0.00823	0.00852
14	0.01146	0.00848	0.00971	0.00927	0.01183	0.00738	0.00700	0.01426	0.02048	0.05294	0.31103	0.06902	0.40089	0.01853	0.00952	0.00266	0.00411	0.01578	0.00820	0.00746
15	0.01965	0.02119	0.07388	0.04476	0.48882	0.01953	0.16095	0.02519	0.01855	0.02635	0.01548	0.02031	0.01258	0.00717	0.00836	0.00249	0.01068	0.00768	0.00400	0.01238
16	0.02085	0.01952	0.03233	0.04759	0.61885	0.01970	0.02423	0.06837	0.01987	0.02826	0.01556	0.02004	0.01292	0.00741	0.00804	0.00241	0.00959	0.00724	0.00431	0.01292
17	0.02018	0.01743	0.01835	0.01651	0.02110	0.02018	0.01284	0.04312	0.64956	0.03394	0.03303	0.03027	0.02477	0.01101	0.00826	0.00275	0.00642	0.00917	0.00826	0.01284
18	0.03031	0.03867	0.02299	0.02090	0.02508	0.68226	0.01568	0.03240	0.02299	0.01986	0.01254	0.01463	0.01045	0.00836	0.00732	0.00209	0.01463	0.00523	0.00418	0.00941
19	0.01020	0.00824	0.00906	0.00886	0.01133	0.00711	0.00664	0.01282	0.01993	0.02532	0.26713	0.07250	0.47388	0.01928	0.00958	0.00268	0.00402	0.01634	0.00798	0.00711
20	0.01087	0.00847	0.01009	0.01099	0.01314	0.00770	0.00879	0.01344	0.01819	0.02261	0.06360	0.16145	0.36716	0.02182	0.01026	0.00316	0.00538	0.22833	0.00751	0.00704
21	0.01893	0.01016	0.01329	0.01208	0.01509	0.00939	0.00919	0.02310	0.05810	0.21690	0.29173	0.20419	0.05147	0.01645	0.00927	0.00273	0.00509	0.01444	0.00888	0.00951
22	0.00959	0.00822	0.00822	0.00822	0.01096	0.00685	0.00617	0.01165	0.01850	0.02192	0.08220	0.07809	0.66092	0.02055	0.00959	0.00274	0.00411	0.01713	0.00754	0.00685
23	0.02008	0.01928	0.03294	0.04981	0.66422	0.01928	0.02490	0.02490	0.01848	0.02651	0.01526	0.02008	0.01285	0.00723	0.00803	0.00241	0.00964	0.00723	0.00402	0.01285
24	0.02008	0.01928	0.03294	0.04981	0.66422	0.01928	0.02490	0.02490	0.01848	0.02651	0.01526	0.02008	0.01285	0.00723	0.00803	0.00241	0.00964	0.00723	0.00402	0.01285
25	0.02217	0.01974	0.03048	0.08414	0.48308	0.02051	0.02264	0.16092	0.02271	0.03162	0.01615	0.02005	0.01293	0.00785	0.00806	0.00243	0.00956	0.00725	0.00490	0.01282
26	0.77215	0.01569	0.01193	0.01067	0.01569	0.01820	0.00879	0.02385	0.01381	0.03641	0.01130	0.01318	0.00879	0.00753	0.00502	0.00251	0.00628	0.00439	0.00502	0.00879
27	0.01308	0.00934	0.01308	0.01494	0.01681	0.00934	0.01308	0.01681	0.01868	0.02428	0.04296	0.09153	0.04670	0.02242	0.01121	0.00374	0.00747	0.60960	0.00747	0.00747
28	0.02842	0.03364	0.02195	0.01962	0.02399	0.52384	0.01490	0.09530	0.07366	0.02435	0.01876	0.01990	0.04815	0.00939	0.00760	0.00221	0.01280	0.00642	0.00510	0.00999
29	0.02897	0.01959	0.02173	0.01711	0.02322	0.02099	0.01396	0.37544	0.15855	0.15930	0.02426	0.02302	0.01708	0.00986	0.00804	0.00245	0.00790	0.00771	0.00833	0.05247
30	0.01433	0.02830	0.40415	0.01788	0.02579	0.01430	0.02092	0.02148	0.01950	0.02847	0.27648	0.03478	0.03718	0.01131	0.00846	0.00256	0.00868	0.00952	0.00566	0.01023
31	0.01040	0.00780	0.00888	0.00936	0.01066	0.00711	0.00628	0.01180	0.01604	0.02044	0.08802	0.24563	0.28190	0.21704	0.01872	0.00433	0.00532	0.01714	0.00688	0.00628
32	0.01920	0.01838	0.03134	0.16953	0.55139	0.01905	0.02446	0.02413	0.01806	0.02544	0.01511	0.02037	0.01248	0.00739	0.00805	0.00246	0.00986	0.00723	0.00394	0.01214
33	0.02854	0.01923	0.02131	0.01712	0.02296	0.02089	0.01389	0.32566	0.23170	0.17039	0.02636	0.02459	0.01859	0.01021	0.00817	0.00255	0.00771	0.00808	0.00855	0.01349
34	0.00989	0.00706	0.00942	0.01130	0.01177	0.00659	0.00753	0.01130	0.01554	0.02071	0.04472	0.70954	0.05367	0.02542	0.01036	0.00330	0.00471	0.02307	0.00753	0.00659
35	0.01941	0.01170	0.01214	0.01059	0.01374	0.01236	0.00833	0.18749	0.02278	0.03595	0.02456	0.02731	0.01889	0.00953	0.00634	0.00204	0.00519	0.00749	0.55489	0.00926
36	0.01550	0.01466	0.02437	0.64748	0.05343	0.01851	0.02220	0.02065	0.01596	0.02065	0.01415	0.02136	0.01080	0.00854	0.00943	0.00276	0.05975	0.00720	0.00360	0.00900
37	0.02104	0.63761	0.11887	0.01500	0.02256	0.03050	0.01583	0.02447	0.01657	0.01989	0.01168	0.01351	0.01040	0.00703	0.00551	0.00184	0.00908	0.00454	0.00347	0.01060
38	0.00995	0.00740	0.00909	0.01039	0.01137	0.00674	0.00702	0.01142	0.01598	0.02065	0.05232	0.51206	0.19705	0.07320	0.01237	0.00349	0.00479	0.02085	0.00735	0.00653
39	0.02460	0.01248	0.01576	0.01322	0.01750	0.01194	0.01038	0.03134	0.13712	0.32573	0.21021	0.03929	0.03766	0.06212	0.01093	0.00295	0.00601	0.01046	0.00904	0.01125
40	0.11397	0.38784	0.22748	0.01668	0.02474	0.06460	0.01821	0.02514	0.01673	0.02328	0.01235	0.01437	0.01017	0.00733	0.00606	0.00210	0.00973	0.00490	0.00369	0.01063
41	0.01149	0.00824	0.01115	0.01232	0.01370	0.00789	0.00958	0.01443	0.01877	0.02534	0.21719	0.30236	0.05758	0.02184	0.01044	0.00325	0.00546	0.23385	0.00790	0.00721
42	0.01180	0.00787	0.00885	0.00885	0.00885	0.00787	0.00492	0.01180	0.01180	0.01573	0.02557	0.05310	0.02950	0.71483	0.04130	0.00787	0.00787	0.01180	0.00492	0.00492
43	0.02846	0.02788	0.02184	0.01849	0.02353	0.31234	0.01447	0.25944	0.06518	0.05950	0.02292	0.02315	0.06665	0.01011	0.00790	0.00233	0.01081	0.00734	0.00642	0.01123
44	0.01683	0.01442	0.01683	0.01202	0.01923	0.01082	0.00961	0.02043	0.01683	0.02644	0.01442	0.01683	0.01202	0.00601	0.00601	0.00120	0.00601	0.00481	0.00481	0.76444
45	0.01162	0.00859	0.01252	0.01252	0.01379	0.00986	0.00949	0.01415	0.01289	0.01845	0.02221	0.03452	0.02143	0.14225	0.60285	0.01240	0.02001	0.00908	0.00442	0.00696
46	0.01955	0.01183	0.01229	0.01069	0.01387	0.01252	0.00842	0.19287	0.02296	0.03613	0.02450	0.02722	0.01883	0.00953	0.00636	0.00204	0.00523	0.00749	0.54835	0.00932
47	0.01701	0.00951	0.01190	0.01082	0.01390	0.00836	0.00827	0.01984	0.02078	0.18876	0.25288	0.13825	0.23344	0.01722	0.00932	0.00269	0.00480	0.01480	0.00862	0.00884
48	0.01414	0.01058	0.01233	0.01182	0.01426	0.01101	0.00885	0.02297	0.19740	0.03083	0.31023	0.14794	0.05153	0.01549	0.00884	0.00264	0.00469	0.01353	0.10199	0.00894
49	0.01136	0.00773	0.00893	0.00928	0.00947	0.00759	0.00545	0.01170	0.01274	0.01689	0.03123	0.17561	0.05759	0.56119	0.03438	0.00683	0.00714	0.01409	0.00550	0.00530
50	0.01163	0.00856	0.01237	0.01237	0.01358	0.00978	0.00930	0.01406	0.01284	0.01834	0.02235	0.03528	0.02176	0.16585	0.57971	0.01221	0.01951	0.00919	0.00444	0.00687
51	0.00996	0.00823	0.00873	0.00861	0.01119	0.00701	0.00646	0.01236	0.01937	0.02400	0.19512	0.07467	0.54671	0.01978	0.00959	0.00270	0.00405	0.01665	0.00781	0.00701
52	0.02457	0.02863	0.02591	0.16461	0.20117	0.37208	0.01951	0.02805	0.02043	0.02180	0.01364	0.01749	0.01116	0.00801	0.00767	0.00230	0.01254	0.00616	0.00402	0.01024
53	0.01923	0.01840	0.03139	0.16609	0.55463	0.01905	0.02448	0.02415	0.01807	0.02547	0.01511	0.02036	0.01249	0.00739	0.00805	0.00246	0.00985	0.00723	0.00394	0.01216
54	0.01068	0.01141	0.09198	0.01277	0.01468	0.00812	0.01033	0.01309	0.01573	0.02133	0.04097	0.62336	0.04827	0.02322	0.01003	0.00321	0.00561	0.02094	0.00702	0.00726
55	0.02008	0.01928	0.03294	0.04981	0.66422	0.01928	0.02490	0.02490	0.01848	0.02651	0.01526	0.02008	0.01285	0.00723	0.00803	0.00241	0.00964	0.00723	0.00402	0.01285
56	0.02750	0.07286	0.02284	0.01953	0.02353	0.56241	0.01489	0.02972	0.02139	0.01969	0.01362	0.01669	0.01167	0.01482	0.09125	0.00343	0.01519	0.00561	0.00416	0.00919
57	0.01327	0.00822	0.01105	0.01193	0.01338	0.00763	0.00870	0.01548	0.01773	0.09060	0.12587	0.47412	0.05237	0.02225	0.01013	0.00317	0.00516	0.09338	0.00798	0.00760
58	0.02265	0.02161	0.02333	0.01929	0.02405	0.17579	0.11649	0.08816	0.13869	0.07960	0.03053	0.07101	0.10491	0.01175	0.00918	0.00260	0.03353	0.00988	0.00642	0.01055
59	0.01651	0.07188	0.64498	0.02272	0.03449	0.01943	0.02927	0.02564	0.01710	0.02541	0.01442	0.01695	0.01028	0.00768	0.00760	0.00253	0.01185	0.00592	0.00343	0.01192
60	0.00984	0.00725	0.00922	0.01081	0.01164	0.00663	0.00731	0.01135	0.01601	0.02091	0.05073	0.60838	0.15095	0.02464	0.01023	0.00321	0.00461	0.02212	0.00753	0.00663
61	0.02743	0.03322	0.02579	0.02904	0.20493	0.49571	0.01827	0.03029	0.02172	0.02173	0.01331	0.01617	0.01113	0.00804	0.00752	0.00218	0.01323	0.00579	0.00413	0.01038
62	0.02253	0.02391	0.03056	0.04290	0.51151	0.17769	0.02270	0.02669	0.01956	0.02492	0.01461	0.01878	0.01228	0.00750	0.00786	0.00233	0.01083	0.00675	0.00406	0.01203
63	0.02008	0.01928	0.03294	0.04981	0.66422	0.01928	0.02490	0.02490	0.01848	0.02651	0.01526	0.02008	0.01285	0.00723	0.00803	0.00241	0.00964	0.00723	0.00402	0.01285
64	0.00989	0.00706	0.00942	0.01130	0.01177	0.00659	0.00753	0.01130	0.01554	0.02071	0.04472	0.70954	0.05367	0.02542	0.01036	0.00330	0.00471	0.02307	0.00753	0.00659
65	0.02008	0.01928	0.03294	0.04981	0.66422	0.01928	0.02490	0.02490	0.01848	0.02651	0.01526	0.02008	0.01285	0.00723	0.00803	0.00241	0.00964	0.00723	0.00402	0.01285
66	0.01627	0.04197	0.67279	0.02313	0.03512	0.01884	0.02998	0.02570	0.01713	0.02570	0.01456	0.01713	0.01028	0.00771	0.00771	0.00257	0.01199	0.00600	0.00343	0.01199
67	0.00989	0.00706	0.00942	0.01130	0.01177	0.00659	0.00753	0.01130	0.01554	0.02071	0.04472	0.70954	0.05367	0.02542	0.01036	0.00330	0.00471	0.02307	0.00753	0.00659
68	0.02897	0.02453	0.02218	0.01792	0.02339	0.16716	0.01439	0.43570	0.03247	0.04196	0.01874	0.01962	0.01385	0.00941	0.00767	0.00230	0.00960	0.00688	0.09111	0.01214
69	0.01159	0.00869	0.01304	0.01304	0.01449	0.01014	0.01014	0.01449	0.01304	0.01884	0.02173	0.03188	0.02029	0.06086	0.68268	0.01304	0.02173	0.00869	0.00435	0.00724
70	0.01993	0.01970	0.03533	0.04731	0.56460	0.01948	0.12260	0.02508	0.01858	0.02643	0.01545	0.02037	0.01277	0.00717	0.00828	0.00246	0.01029	0.00761	0.00403	0.01255
71	0.01167	0.00839	0.01152	0.01152	0.01244	0.00932	0.00824	0.01351	0.01259	0.01771	0.02313	0.03959	0.02363	0.29850	0.44961	0.01116	0.01670	0.00982	0.00455	0.00640
72	0.02232	0.01849	0.01955	0.01695	0.02191	0.02118	0.01336	0.16213	0.52707	0.03739	0.03031	0.02811	0.02257	0.01075	0.00823	0.00269	0.00692	0.00880	0.00823	0.01303
73	0.01072	0.00889	0.00947	0.00921	0.01191	0.00796	0.00694	0.01462	0.06420	0.02492	0.19523	0.07117	0.49790	0.01907	0.00949	0.00270	0.00422	0.01607	0.00787	0.00744
74	0.02173	0.01462	0.01556	0.01294	0.01659	0.01575	0.01002	0.30286	0.02575	0.03705	0.02307	0.02975	0.01927	0.14745	0.01376	0.00331	0.00696	0.00827	0.26536	0.00992
75	0.01341	0.01098	0.01186	0.01150	0.01417	0.01124	0.00852	0.02178	0.21419	0.02529	0.08004	0.11952	0.27533	0.10880	0.01345	0.00349	0.00548	0.03497	0.00748	0.00850
76	0.01409	0.01237	0.01783	0.01639	0.01725	0.01611	0.01323	0.01653	0.01279	0.01912	0.01724	0.02614	0.01638	0.04192	0.41643	0.00919	0.29699	0.00805	0.00402	0.00791
77	0.01016	0.00823	0.00905	0.00912	0.01154	0.00713	0.00689	0.01262	0.01923	0.02406	0.19111	0.10808	0.48287	0.02013	0.00971	0.00278	0.00426	0.04821	0.00780	0.00703
78	0.02244	0.02212	0.04126	0.02983	0.03756	0.02183	0.46048	0.19796	0.02450	0.03307	0.01728	0.02121	0.01273	0.00766	0.00917	0.00265	0.01234	0.00894	0.00523	0.01175
79	0.03031	0.03867	0.02299	0.02090	0.02508	0.68226	0.01568	0.03240	0.02299	0.01986	0.01254	0.01463	0.01045	0.00836	0.00732	0.00209	0.01463	0.00523	0.00418	0.00941
80	0.11312	0.02090	0.02365	0.02066	0.04735	0.19625	0.16354	0.02275	0.01804	0.02353	0.02220	0.18564	0.02269	0.07024	0.01114	0.00308	0.01024	0.01106	0.00512	0.00879
81	0.01974	0.01893	0.03233	0.09564	0.62103	0.01919	0.02473	0.02461	0.01832	0.02610	0.01520	0.02019	0.01271	0.00729	0.00804	0.00243	0.00972	0.00723	0.00399	0.01258
82	0.01007	0.00714	0.00936	0.01107	0.01149	0.00671	0.00728	0.01135	0.01518	0.02024	0.04291	0.64742	0.05138	0.09066	0.01329	0.00373	0.00501	0.02200	0.00728	0.00643
83	0.01129	0.00786	0.01002	0.01122	0.01183	0.00767	0.00782	0.01271	0.01488	0.01970	0.03737	0.33343	0.04333	0.27528	0.02179	0.00505	0.00647	0.14953	0.00657	0.00618
84	0.01159	0.00869	0.01304	0.01304	0.01449	0.01014	0.01014	0.01449	0.01304	0.01884	0.02173	0.03188	0.02029	0.06086	0.68268	0.01304	0.02173	0.00869	0.00435	0.00724
85	0.02615	0.02649	0.02592	0.11111	0.18165	0.25442	0.01866	0.20105	0.02538	0.03045	0.01540	0.01818	0.01202	0.00845	0.00781	0.00234	0.01134	0.00654	0.00519	0.01143
86	0.00969	0.00822	0.00836	0.00832	0.01102	0.00689	0.00624	0.01184	0.01873	0.02248	0.11267	0.07717	0.63010	0.02034	0.00959	0.00273	0.00410	0.01700	0.00761	0.00689
87	0.01968	0.01686	0.01797	0.01640	0.02080	0.01941	0.01286	0.04125	0.60477	0.03326	0.03373	0.03462	0.02633	0.01182	0.00847	0.00282	0.00650	0.05180	0.00820	0.01246
88	0.03085	0.02273	0.02435	0.01867	0.02516	0.02516	0.01542	0.63716	0.03815	0.05114	0.01948	0.01948	0.01380	0.00974	0.00812	0.00244	0.00893	0.00731	0.00812	0.01380
89	0.03031	0.03867	0.02299	0.02090	0.02508	0.68226	0.01568	0.03240	0.02299	0.01986	0.01254	0.01463	0.01045	0.00836	0.00732	0.00209	0.01463	0.00523	0.00418	0.00941
90	0.01162	0.00859	0.01252	0.01252	0.01379	0.00986	0.00949	0.01415	0.01289	0.01845	0.02221	0.03452	0.02143	0.14225	0.60285	0.01240	0.02001	0.00908	0.00442	0.00696
91	0.02018	0.01743	0.01835	0.01651	0.02110	0.02018	0.01284	0.04312	0.64956	0.03394	0.03303	0.03027	0.02477	0.01101	0.00826	0.00275	0.00642	0.00917	0.00826	0.01284
92	0.02008	0.01928	0.03294	0.04981	0.66422	0.01928	0.02490	0.02490	0.01848	0.02651	0.01526	0.02008	0.01285	0.00723	0.00803	0.00241	0.00964	0.00723	0.00402	0.01285
93	0.00989	0.00706	0.00942	0.01130	0.01177	0.00659	0.00753	0.01130	0.01554	0.02071	0.04472	0.70954	0.05367	0.02542	0.01036	0.00330	0.00471	0.02307	0.00753	0.00659
94	0.02917	0.01911	0.02134	0.01705	0.02296	0.02060	0.01386	0.32722	0.20662	0.19413	0.02629	0.02446	0.01839	0.01017	0.00817	0.00254	0.00774	0.00804	0.00862	0.01353
95	0.00984	0.00725	0.00922	0.01081	0.01164	0.00663	0.00731	0.01135	0.01601	0.02091	0.05073	0.60838	0.15095	0.02464	0.01023	0.00321	0.00461	0.02212	0.00753	0.00663
96	0.02018	0.01743	0.01835	0.01651	0.02110	0.02018	0.01284	0.04312	0.64956	0.03394	0.03303	0.03027	0.02477	0.01101	0.00826	0.00275	0.00642	0.00917	0.00826	0.01284
97	0.01159	0.00778	0.00891	0.00911	0.00916	0.00773	0.00520	0.01175	0.01220	0.01627	0.02763	0.12364	0.03210	0.64075	0.03797	0.00738	0.00753	0.01301	0.00520	0.00510
98	0.01511	0.01230	0.01507	0.01325	0.01699	0.01191	0.05377	0.13965	0.02254	0.02848	0.05859	0.06443	0.38596	0.01770	0.00955	0.00284	0.00630	0.10953	0.00740	0.00864
99	0.00972	0.00823	0.00840	0.00835	0.01104	0.00690	0.00627	0.01189	0.01880	0.02264	0.12114	0.07691	0.62154	0.02028	0.00959	0.00273	0.00409	0.01696	0.00763	0.00690
100	0.01846	0.02080	0.06588	0.14118	0.14117	0.02017	0.36978	0.02449	0.01800	0.02474	0.01541	0.02106	0.01195	0.00768	0.01027	0.00273	0.06294	0.00850	0.00394	0.01083
101	0.03072	0.02654	0.02403	0.01920	0.02514	0.18223	0.01548	0.49260	0.03453	0.04366	0.01782	0.01832	0.01300	0.00941	0.00793	0.00235	0.01029	0.00681	0.00718	0.01275
102	0.01171	0.00823	0.01070	0.01070	0.01133	0.00887	0.00722	0.01299	0.01235	0.01710	0.02388	0.04375	0.02544	0.42668	0.32390	0.01015	0.01398	0.01043	0.00467	0.00594
103	0.02018	0.01743	0.01835	0.01651	0.02110	0.02018	0.01284	0.04312	0.64956	0.03394	0.03303	0.03027	0.02477	0.01101	0.00826	0.00275	0.00642	0.00917	0.00826	0.01284
104	0.06211	0.02425	0.01916	0.01747	0.02170	0.25263	0.01334	0.03657	0.36055	0.02837	0.02533	0.06170	0.02051	0.01070	0.00787	0.00254	0.00921	0.00831	0.00661	0.01107
105	0.03105	0.01961	0.02208	0.01724	0.02343	0.02090	0.01414	0.39868	0.11013	0.21935	0.02462	0.02306	0.01690	0.00998	0.00815	0.00250	0.00806	0.00777	0.00866	0.01368
106	0.05649	0.01995	0.02436	0.01901	0.02502	0.02159	0.09099	0.34893	0.15613	0.07922	0.02261	0.02275	0.01636	0.00955	0.00808	0.00252	0.00852	0.00791	0.04729	0.01272
107	0.01054	0.00798	0.00972	0.00988	0.01169	0.00716	0.00718	0.01326	0.01985	0.02654	0.34022	0.22162	0.24504	0.01989	0.00977	0.00279	0.00412	0.01742	0.00818	0.00716
108	0.01078	0.00827	0.00987	0.00947	0.01169	0.00736	0.00710	0.01394	0.02130	0.02857	0.44408	0.06714	0.29489	0.01807	0.00958	0.00262	0.00393	0.01559	0.00841	0.00736
109	0.01874	0.01791	0.03052	0.23145	0.49304	0.01893	0.02424	0.02373	0.01784	0.02488	0.01503	0.02052	0.01228	0.00748	0.00806	0.00249	0.00997	0.00722	0.00390	0.01177
110	0.03090	0.02142	0.02417	0.01997	0.06218	0.02317	0.01554	0.52679	0.03514	0.12669	0.02079	0.02053	0.01453	0.00963	0.00812	0.00244	0.00872	0.00741	0.00812	0.01374

[dist]
# distance from previous block
# <min> <max>
0	1

[block]
# block no. 2 follows, 23 sequences, length 24
# corresponding to MSA columns:
# 183-206
name=unknown_C
#
# <colnr> <probs for GDERKNQSTAVLIFYWHMCP>
#	G	D	E	R	K	N	Q	S	T	A	V	L	I	F	Y	W	H	M	C	P
0	0.01862	0.01359	0.02062	0.02652	0.26302	0.01323	0.01514	0.02336	0.05537	0.12170	0.17005	0.16069	0.03668	0.01340	0.00885	0.00264	0.00681	0.01214	0.00692	0.01064
1	0.04904	0.01227	0.01546	0.01406	0.01668	0.01409	0.01119	0.14114	0.01856	0.02685	0.02326	0.02985	0.04803	0.04125	0.41628	0.00889	0.05520	0.00848	0.04068	0.00873
2	0.02448	0.01730	0.01951	0.01554	0.02103	0.01756	0.01244	0.34051	0.02820	0.09340	0.02426	0.14950	0.02147	0.01195	0.00811	0.00235	0.00736	0.00983	0.00749	0.16772
3	0.02154	0.02225	0.03217	0.04483	0.54132	0.11673	0.05200	0.02605	0.01917	0.02551	0.01492	0.01937	0.01248	0.00738	0.00800	0.00238	0.01056	0.00704	0.00404	0.01226
4	0.02194	0.06195	0.02149	0.02122	0.11367	0.29272	0.01401	0.02399	0.01798	0.02021	0.01656	0.02585	0.01600	0.18346	0.01738	0.00367	0.07332	0.00737	0.03848	0.00873
5	0.01860	0.01190	0.04881	0.01241	0.01605	0.00981	0.01012	0.02282	0.05586	0.20716	0.18884	0.19656	0.13481	0.01653	0.00918	0.00275	0.00552	0.01432	0.00838	0.00956
6	0.01944	0.11868	0.01960	0.01403	0.01738	0.07755	0.01099	0.11078	0.07204	0.05245	0.02137	0.03062	0.01963	0.19499	0.17943	0.00624	0.01196	0.00832	0.00547	0.00905
7	0.01405	0.01126	0.01463	0.01346	0.01446	0.01371	0.01049	0.01620	0.01410	0.02113	0.02731	0.03609	0.10060	0.13051	0.15626	0.00572	0.23628	0.00951	0.14678	0.00743
8	0.02710	0.29272	0.03028	0.01829	0.02350	0.43974	0.01501	0.02938	0.02057	0.01957	0.01207	0.01403	0.01044	0.00783	0.00653	0.00196	0.01241	0.00490	0.00392	0.00978
9	0.01143	0.00808	0.01064	0.01091	0.01157	0.00860	0.00743	0.01282	0.01285	0.01773	0.02682	0.14090	0.02930	0.34760	0.29760	0.00930	0.01304	0.01219	0.00507	0.00611
10	0.02481	0.02544	0.02461	0.02738	0.20284	0.25787	0.01740	0.15622	0.02349	0.02822	0.01613	0.01973	0.01328	0.01605	0.10689	0.00386	0.01306	0.00674	0.00500	0.01099
11	0.02226	0.02364	0.03009	0.07883	0.47788	0.17739	0.02257	0.02646	0.01943	0.02460	0.01457	0.01887	0.01217	0.00755	0.00787	0.00235	0.01090	0.00675	0.00403	0.01182
12	0.01353	0.00960	0.01144	0.01166	0.01288	0.00969	0.00793	0.10338	0.01776	0.02373	0.03541	0.41605	0.04074	0.22489	0.01908	0.00451	0.00625	0.01745	0.00685	0.00716
13	0.01939	0.01857	0.03169	0.14349	0.57593	0.01910	0.02456	0.02430	0.01815	0.02567	0.01514	0.02031	0.01256	0.00736	0.00804	0.00245	0.00981	0.00723	0.00396	0.01230
14	0.01683	0.01442	0.01683	0.01202	0.01923	0.01082	0.00961	0.02043	0.01683	0.02644	0.01442	0.01683	0.01202	0.00601	0.00601	0.00120	0.00601	0.00481	0.00481	0.76444
15	0.00989	0.00706	0.00942	0.01130	0.01177	0.00659	0.00753	0.01130	0.01554	0.02071	0.04472	0.70954	0.05367	0.02542	0.01036	0.00330	0.00471	0.02307	0.00753	0.00659
16	0.00989	0.00706	0.00942	0.01130	0.01177	0.00659	0.00753	0.01130	0.01554	0.02071	0.04472	0.70954	0.05367	0.02542	0.01036	0.00330	0.00471	0.02307	0.00753	0.00659
17	0.00959	0.00822	0.00822	0.00822	0.01096	0.00685	0.00617	0.01165	0.01850	0.02192	0.08220	0.07809	0.66092	0.02055	0.00959	0.00274	0.00411	0.01713	0.00754	0.00685
18	0.00989	0.00706	0.00942	0.01130	0.01177	0.00659	0.00753	0.01130	0.01554	0.02071	0.04472	0.70954	0.05367	0.02542	0.01036	0.00330	0.00471	0.02307	0.00753	0.00659
19	0.02008	0.01928	0.03294	0.04981	0.66422	0.01928	0.02490	0.02490	0.01848	0.02651	0.01526	0.02008	0.01285	0.00723	0.00803	0.00241	0.00964	0.00723	0.00402	0.01285
20	0.03031	0.03867	0.02299	0.02090	0.02508	0.68226	0.01568	0.03240	0.02299	0.01986	0.01254	0.01463	0.01045	0.00836	0.00732	0.00209	0.01463	0.00523	0.00418	0.00941
21	0.01180	0.00787	0.00885	0.00885	0.00885	0.00787	0.00492	0.01180	0.01180	0.01573	0.02557	0.05310	0.02950	0.71483	0.04130	0.00787	0.00787	0.01180	0.00492	0.00492
22	0.03031	0.03867	0.02299	0.02090	0.02508	0.68226	0.01568	0.03240	0.02299	0.01986	0.01254	0.01463	0.01045	0.00836	0.00732	0.00209	0.01463	0.00523	0.00418	0.00941
23	0.02903	0.07168	0.02513	0.02272	0.08082	0.49232	0.01635	0.12014	0.02447	0.02499	0.01373	0.01573	0.01115	0.00839	0.00738	0.00215	0.01303	0.00566	0.00471	0.01041

[dist]
# distance from previous block
# <min> <max>
0	1

[block]
# block no. 3 follows, 23 sequences, length 72
# corresponding to MSA columns:
# 208-279
name=unknown_D
#
# <colnr> <probs for GDERKNQSTAVLIFYWHMCP>
#	G	D	E	R	K	N	Q	S	T	A	V	L	I	F	Y	W	H	M	C	P
0	0.02712	0.02115	0.09211	0.02579	0.12901	0.01861	0.13987	0.17526	0.02462	0.23077	0.02160	0.02233	0.01495	0.00866	0.00837	0.00253	0.00966	0.00788	0.00681	0.01291
1	0.03031	0.03867	0.02299	0.02090	0.02508	0.68226	0.01568	0.03240	0.02299	0.01986	0.01254	0.01463	0.01045	0.00836	0.00732	0.00209	0.01463	0.00523	0.00418	0.00941
2	0.02087	0.01532	0.01739	0.01364	0.01964	0.01426	0.01087	0.08230	0.17456	0.10012	0.02222	0.02252	0.01682	0.00826	0.00695	0.00188	0.00630	0.00666	0.06264	0.37678
3	0.01692	0.10588	0.58443	0.02274	0.03408	0.02019	0.05563	0.02558	0.01716	0.02508	0.01433	0.01695	0.01038	0.00760	0.00755	0.00250	0.01175	0.00600	0.00346	0.01179
4	0.01277	0.00912	0.01272	0.01459	0.01632	0.00907	0.01254	0.01628	0.01837	0.02394	0.04313	0.15137	0.04737	0.02271	0.01113	0.00369	0.00720	0.55280	0.00748	0.00739
5	0.02013	0.01663	0.09725	0.01524	0.01964	0.01398	0.01311	0.16763	0.05283	0.12642	0.03251	0.32457	0.03238	0.01649	0.00907	0.00286	0.00703	0.01430	0.00757	0.01036
6	0.03031	0.03867	0.02299	0.02090	0.02508	0.68226	0.01568	0.03240	0.02299	0.01986	0.01254	0.01463	0.01045	0.00836	0.00732	0.00209	0.01463	0.00523	0.00418	0.00941
7	0.01161	0.00863	0.01273	0.01273	0.01407	0.00997	0.00975	0.01429	0.01295	0.01861	0.02202	0.03345	0.02097	0.10947	0.63500	0.01266	0.02070	0.00892	0.00439	0.00707
8	0.00989	0.00706	0.00942	0.01130	0.01177	0.00659	0.00753	0.01130	0.01554	0.02071	0.04472	0.70954	0.05367	0.02542	0.01036	0.00330	0.00471	0.02307	0.00753	0.00659
9	0.00994	0.00823	0.00870	0.00858	0.01117	0.00700	0.00644	0.01231	0.01931	0.02385	0.18745	0.07491	0.55447	0.01983	0.00959	0.00271	0.00406	0.01668	0.00779	0.00700
10	0.00959	0.00822	0.00822	0.00822	0.01096	0.00685	0.00617	0.01165	0.01850	0.02192	0.08220	0.07809	0.66092	0.02055	0.00959	0.00274	0.00411	0.01713	0.00754	0.00685
11	0.01409	0.01158	0.01282	0.01193	0.01504	0.01196	0.00911	0.02433	0.24824	0.03004	0.26995	0.05458	0.22304	0.01569	0.00910	0.00268	0.00485	0.01338	0.00829	0.00930
12	0.01887	0.02133	0.04613	0.08335	0.04341	0.02033	0.58923	0.02560	0.01893	0.02560	0.01627	0.02187	0.01220	0.00693	0.00947	0.00273	0.01347	0.00940	0.00407	0.01080
13	0.03031	0.03867	0.02299	0.02090	0.02508	0.68226	0.01568	0.03240	0.02299	0.01986	0.01254	0.01463	0.01045	0.00836	0.00732	0.00209	0.01463	0.00523	0.00418	0.00941
14	0.01003	0.00824	0.00883	0.00868	0.01123	0.00704	0.00651	0.01250	0.01954	0.02440	0.21707	0.07401	0.52450	0.01963	0.00959	0.00270	0.00404	0.01655	0.00786	0.00704
15	0.00989	0.00706	0.00942	0.01130	0.01177	0.00659	0.00753	0.01130	0.01554	0.02071	0.04472	0.70954	0.05367	0.02542	0.01036	0.00330	0.00471	0.02307	0.00753	0.00659
16	0.02008	0.01928	0.03294	0.04981	0.66422	0.01928	0.02490	0.02490	0.01848	0.02651	0.01526	0.02008	0.01285	0.00723	0.00803	0.00241	0.00964	0.00723	0.00402	0.01285
17	0.02925	0.03551	0.02257	0.02031	0.02466	0.57512	0.01536	0.06645	0.09138	0.02308	0.01513	0.01658	0.01218	0.00872	0.00746	0.00218	0.01344	0.00576	0.00483	0.01002
18	0.01038	0.00747	0.00994	0.01173	0.01253	0.00704	0.00835	0.01218	0.01616	0.02133	0.04613	0.58365	0.07987	0.02473	0.01046	0.00334	0.00512	0.11533	0.00752	0.00674
19	0.01165	0.00845	0.01183	0.01183	0.01286	0.00948	0.00863	0.01371	0.01268	0.01794	0.02284	0.03801	0.02295	0.24987	0.49731	0.01155	0.01773	0.00959	0.00451	0.00657
20	0.01683	0.01442	0.01683	0.01202	0.01923	0.01082	0.00961	0.02043	0.01683	0.02644	0.01442	0.01683	0.01202	0.00601	0.00601	0.00120	0.00601	0.00481	0.00481	0.76444
21	0.02884	0.02555	0.02199	0.01801	0.02329	0.21301	0.01435	0.38972	0.03129	0.03964	0.01830	0.01935	0.01365	0.00931	0.00760	0.00227	0.00997	0.00673	0.09533	0.01180
22	0.01094	0.00827	0.01009	0.00963	0.01179	0.00742	0.00723	0.01425	0.02168	0.02947	0.49296	0.06566	0.24545	0.01773	0.00958	0.00261	0.00391	0.01538	0.00853	0.00742
23	0.03044	0.03472	0.02333	0.02035	0.02510	0.51935	0.01561	0.18233	0.02675	0.02761	0.01426	0.01583	0.01128	0.00870	0.00751	0.00218	0.01322	0.00574	0.00516	0.01050
24	0.00989	0.00706	0.00942	0.01130	0.01177	0.00659	0.00753	0.01130	0.01554	0.02071	0.04472	0.70954	0.05367	0.02542	0.01036	0.00330	0.00471	0.02307	0.00753	0.00659
25	0.05835	0.02250	0.02327	0.25425	0.09097	0.19620	0.01803	0.08981	0.08566	0.05859	0.01715	0.02020	0.01300	0.00863	0.00777	0.00247	0.01068	0.00681	0.00512	0.01056
26	0.02732	0.03013	0.18290	0.02021	0.02726	0.23166	0.05212	0.08593	0.05118	0.18337	0.01954	0.01995	0.01380	0.00877	0.00786	0.00241	0.01117	0.00673	0.00595	0.01174
27	0.02169	0.71972	0.04252	0.01388	0.02083	0.03211	0.01388	0.02430	0.01649	0.01909	0.01128	0.01302	0.01041	0.00694	0.00521	0.00174	0.00868	0.00434	0.00347	0.01041
28	0.13576	0.03687	0.01184	0.01020	0.01151	0.01149	0.00682	0.01567	0.01276	0.04406	0.02219	0.04234	0.02410	0.51083	0.03207	0.00634	0.04390	0.00994	0.00500	0.00629
29	0.02042	0.02092	0.14872	0.01754	0.02340	0.01753	0.01646	0.08660	0.29183	0.08863	0.02997	0.03827	0.02472	0.01235	0.00870	0.00286	0.00800	0.12402	0.00729	0.01181
30	0.02202	0.02460	0.02513	0.02425	0.09184	0.23432	0.01786	0.02422	0.01646	0.02039	0.01175	0.01701	0.01083	0.01158	0.01845	0.00296	0.40654	0.00652	0.00380	0.00947
31	0.02008	0.01928	0.03294	0.04981	0.66422	0.01928	0.02490	0.02490	0.01848	0.02651	0.01526	0.02008	0.01285	0.00723	0.00803	0.00241	0.00964	0.00723	0.00402	0.01285
32	0.01812	0.01549	0.01833	0.01359	0.01996	0.01355	0.01099	0.07293	0.01817	0.02780	0.01445	0.01715	0.01202	0.00721	0.00841	0.00156	0.08109	0.00527	0.00495	0.61894
33	0.01670	0.01583	0.02682	0.50876	0.23170	0.01839	0.02322	0.02194	0.01688	0.02240	0.01467	0.02119	0.01141	0.00786	0.00809	0.00262	0.01048	0.00722	0.00372	0.01012
34	0.01532	0.01442	0.02434	0.69533	0.05589	0.01803	0.02253	0.02073	0.01622	0.02073	0.01442	0.02163	0.01082	0.00811	0.00811	0.00270	0.01082	0.00721	0.00361	0.00901
35	0.01088	0.00827	0.01001	0.00957	0.01175	0.00740	0.00718	0.01414	0.02154	0.02914	0.47488	0.06621	0.26374	0.01786	0.00958	0.00261	0.00392	0.01546	0.00848	0.00740
36	0.00998	0.00763	0.00919	0.01028	0.01170	0.00685	0.00727	0.01183	0.01707	0.02182	0.08494	0.42425	0.27681	0.02313	0.01008	0.00308	0.00457	0.04517	0.00759	0.00677
37	0.00989	0.00706	0.00942	0.01130	0.01177	0.00659	0.00753	0.01130	0.01554	0.02071	0.04472	0.70954	0.05367	0.02542	0.01036	0.00330	0.00471	0.02307	0.00753	0.00659
38	0.01159	0.00869	0.01304	0.01304	0.01449	0.01014	0.01014	0.01449	0.01304	0.01884	0.02173	0.03188	0.02029	0.06086	0.68268	0.01304	0.02173	0.00869	0.00435	0.00724
39	0.01929	0.01207	0.01301	0.01136	0.01454	0.01293	0.00897	0.19712	0.02270	0.03506	0.02394	0.02731	0.01872	0.01508	0.07938	0.00325	0.00721	0.00761	0.46114	0.00933
40	0.01159	0.00869	0.01304	0.01304	0.01449	0.01014	0.01014	0.01449	0.01304	0.01884	0.02173	0.03188	0.02029	0.06086	0.68268	0.01304	0.02173	0.00869	0.00435	0.00724
41	0.03031	0.03867	0.02299	0.02090	0.02508	0.68226	0.01568	0.03240	0.02299	0.01986	0.01254	0.01463	0.01045	0.00836	0.00732	0.00209	0.01463	0.00523	0.00418	0.00941
42	0.02913	0.15797	0.02647	0.01717	0.02338	0.13065	0.01438	0.30420	0.02832	0.12859	0.01835	0.01850	0.01343	0.00884	0.00733	0.00220	0.00937	0.00640	0.00670	0.04862
43	0.02810	0.02487	0.09123	0.01818	0.02415	0.17171	0.01580	0.18575	0.08716	0.18385	0.02338	0.02644	0.01765	0.01034	0.00814	0.00252	0.00975	0.05184	0.00712	0.01203
44	0.02169	0.71972	0.04252	0.01388	0.02083	0.03211	0.01388	0.02430	0.01649	0.01909	0.01128	0.01302	0.01041	0.00694	0.00521	0.00174	0.00868	0.00434	0.00347	0.01041
45	0.02031	0.03728	0.39124	0.02471	0.03404	0.18364	0.14301	0.02742	0.01897	0.02431	0.01442	0.01743	0.01071	0.00770	0.00797	0.00248	0.01297	0.00650	0.00374	0.01115
46	0.02076	0.01772	0.01867	0.01663	0.02132	0.02045	0.01298	0.07543	0.61630	0.03488	0.03229	0.02969	0.02417	0.01094	0.00825	0.00273	0.00656	0.00907	0.00825	0.01290
47	0.00959	0.00822	0.00822	0.00822	0.01096	0.00685	0.00617	0.01165	0.01850	0.02192	0.08220	0.07809	0.66092	0.02055	0.00959	0.00274	0.00411	0.01713	0.00754	0.00685
48	0.01596	0.01561	0.01629	0.01549	0.01732	0.14479	0.01206	0.01858	0.01495	0.01911	0.01872	0.02694	0.01730	0.04543	0.47823	0.00985	0.09347	0.00784	0.00423	0.00785
49	0.01180	0.00787	0.00885	0.00885	0.00885	0.00787	0.00492	0.01180	0.01180	0.01573	0.02557	0.05310	0.02950	0.71483	0.04130	0.00787	0.00787	0.01180	0.00492	0.00492
50	0.01532	0.01442	0.02434	0.69533	0.05589	0.01803	0.02253	0.02073	0.01622	0.02073	0.01442	0.02163	0.01082	0.00811	0.00811	0.00270	0.01082	0.00721	0.00361	0.00901
51	0.01915	0.02189	0.04788	0.03420	0.04241	0.02052	0.63475	0.02599	0.01915	0.02599	0.01642	0.02189	0.01231	0.00684	0.00958	0.00274	0.01368	0.00958	0.00410	0.01094
52	0.01159	0.00869	0.01304	0.01304	0.01449	0.01014	0.01014	0.01449	0.01304	0.01884	0.02173	0.03188	0.02029	0.06086	0.68268	0.01304	0.02173	0.00869	0.00435	0.00724
53	0.02130	0.01085	0.01398	0.01203	0.01579	0.00984	0.00942	0.02558	0.05628	0.27702	0.28872	0.08214	0.11374	0.01465	0.00900	0.00261	0.00523	0.01256	0.00910	0.01017
54	0.01954	0.01675	0.01779	0.01604	0.02043	0.01925	0.01246	0.04105	0.60298	0.03384	0.07963	0.03253	0.02862	0.01142	0.00835	0.00274	0.00623	0.00958	0.00831	0.01246
55	0.03034	0.03795	0.02306	0.02080	0.02509	0.65242	0.01567	0.05986	0.02368	0.02128	0.01286	0.01485	0.01060	0.00842	0.00735	0.00211	0.01437	0.00532	0.00436	0.00961
56	0.01063	0.00759	0.00968	0.01053	0.01134	0.00723	0.00709	0.01230	0.01618	0.02185	0.15383	0.39443	0.08325	0.16277	0.04894	0.00451	0.00597	0.01828	0.00711	0.00650
57	0.01861	0.01816	0.03206	0.23469	0.42135	0.01905	0.08998	0.02381	0.01790	0.02478	0.01514	0.02073	0.01221	0.00744	0.00822	0.00253	0.01042	0.00748	0.00391	0.01154
58	0.05492	0.01773	0.03001	0.08249	0.27015	0.01794	0.16430	0.05738	0.05290	0.02859	0.08921	0.02798	0.05134	0.00921	0.00852	0.00256	0.00942	0.00904	0.00520	0.01112
59	0.01889	0.02045	0.07077	0.23425	0.14300	0.11339	0.01866	0.08500	0.02025	0.02528	0.02663	0.05192	0.11626	0.01069	0.00826	0.00255	0.00979	0.00896	0.00497	0.01002
60	0.02786	0.02075	0.02294	0.01940	0.05470	0.02294	0.01504	0.42477	0.19395	0.07642	0.02339	0.02270	0.01689	0.00996	0.00815	0.00252	0.00822	0.00783	0.00805	0.01351
61	0.01143	0.00787	0.00951	0.00960	0.01022	0.00762	0.00609	0.01274	0.01557	0.02131	0.21169	0.15066	0.04661	0.41285	0.02763	0.00567	0.00624	0.01427	0.00646	0.00595
62	0.01993	0.12339	0.09998	0.04185	0.50618	0.02110	0.02382	0.02490	0.01805	0.02535	0.01461	0.01875	0.01223	0.00724	0.00759	0.00233	0.00974	0.00668	0.00388	0.01241
63	0.01898	0.02584	0.21786	0.04209	0.48240	0.01915	0.02637	0.02513	0.01809	0.02627	0.01506	0.01923	0.01211	0.00737	0.00794	0.00246	0.01032	0.00687	0.00385	0.01260
64	0.00961	0.00813	0.00831	0.00845	0.01102	0.00683	0.00627	0.01162	0.01828	0.02183	0.07941	0.12503	0.61578	0.02091	0.00965	0.00278	0.00415	0.01757	0.00753	0.00683
65	0.01007	0.00793	0.00917	0.01004	0.01188	0.00703	0.00740	0.01208	0.01746	0.02175	0.06466	0.30385	0.37897	0.02248	0.01004	0.00304	0.00468	0.08312	0.00753	0.00682
66	0.10280	0.10645	0.11916	0.02497	0.14828	0.31982	0.01860	0.02823	0.01962	0.02362	0.01309	0.01572	0.01071	0.00781	0.00704	0.00223	0.01178	0.00554	0.00405	0.01049
67	0.01726	0.06595	0.51978	0.02801	0.15893	0.01949	0.02830	0.02548	0.01737	0.02558	0.01456	0.01754	0.01079	0.00758	0.00767	0.00250	0.01139	0.00617	0.00354	0.01210
68	0.03641	0.01381	0.01883	0.01444	0.02071	0.01193	0.01193	0.03954	0.02322	0.66984	0.03201	0.02762	0.02009	0.01004	0.00816	0.00251	0.00690	0.00816	0.01004	0.01381
69	0.01159	0.00869	0.01304	0.01304	0.01449	0.01014	0.01014	0.01449	0.01304	0.01884	0.02173	0.03188	0.02029	0.06086	0.68268	0.01304	0.02173	0.00869	0.00435	0.00724
70	0.02059	0.02344	0.06471	0.19328	0.27376	0.14693	0.11145	0.02556	0.01884	0.02374	0.01467	0.01951	0.01169	0.00763	0.00812	0.00247	0.01159	0.00712	0.00393	0.01096
71	0.01963	0.02671	0.14838	0.02484	0.15006	0.20782	0.06391	0.02402	0.01958	0.02325	0.03102	0.03245	0.17229	0.01092	0.00826	0.00245	0.01047	0.00904	0.00483	0.01006

[dist]
# distance from previous block
# <min> <max>
0	1

[block]
# block no. 4 follows, 23 sequences, length 20
# corresponding to MSA columns:
# 281-300
name=unknown_E
#
# <colnr> <probs for GDERKNQSTAVLIFYWHMCP>
#	G	D	E	R	K	N	Q	S	T	A	V	L	I	F	Y	W	H	M	C	P
0	0.20842	0.35604	0.03040	0.01713	0.06931	0.13101	0.01381	0.05038	0.01789	0.02535	0.01212	0.01411	0.01034	0.00745	0.00583	0.00206	0.00912	0.00483	0.00420	0.01017
1	0.01850	0.01361	0.01570	0.01449	0.01775	0.01426	0.01142	0.25339	0.02509	0.03318	0.03827	0.27376	0.09514	0.01838	0.00957	0.00299	0.00677	0.12043	0.00775	0.00955
2	0.22905	0.12213	0.02321	0.01640	0.02199	0.18557	0.01348	0.23793	0.02485	0.03502	0.01443	0.01569	0.01115	0.00842	0.00668	0.00227	0.00958	0.00560	0.00567	0.01090
3	0.20601	0.03002	0.34749	0.02460	0.10290	0.01897	0.10860	0.02519	0.01674	0.02851	0.01409	0.01714	0.01048	0.00749	0.00734	0.00256	0.01053	0.00624	0.00399	0.01114
4	0.01767	0.01713	0.01487	0.01427	0.01659	0.20356	0.01089	0.02050	0.01667	0.02131	0.01999	0.02659	0.01755	0.03591	0.35878	0.00776	0.01626	0.00748	0.14832	0.00793
5	0.02318	0.07474	0.02047	0.01639	0.02048	0.27985	0.01285	0.14081	0.02399	0.02769	0.11405	0.03018	0.08847	0.01597	0.07245	0.00331	0.01117	0.00846	0.00592	0.00960
6	0.02456	0.49356	0.03604	0.01622	0.02224	0.24800	0.01448	0.02699	0.01865	0.01935	0.01170	0.01355	0.01043	0.00741	0.00591	0.00185	0.01066	0.00463	0.00371	0.01008
7	0.01307	0.00899	0.01170	0.01201	0.01427	0.00842	0.00982	0.01651	0.02043	0.05979	0.27236	0.07469	0.16585	0.01935	0.01017	0.00307	0.00553	0.25810	0.00814	0.00775
8	0.01164	0.00849	0.01199	0.01199	0.01308	0.00957	0.00884	0.01382	0.01273	0.01806	0.02269	0.03718	0.02259	0.22429	0.52239	0.01175	0.01827	0.00947	0.00449	0.00666
9	0.02671	0.12034	0.02791	0.02711	0.18144	0.43699	0.01771	0.02953	0.02106	0.02139	0.01305	0.01577	0.01104	0.00790	0.00722	0.00212	0.01265	0.00561	0.00405	0.01038
10	0.01165	0.00847	0.01191	0.01191	0.01297	0.00953	0.00874	0.01377	0.01271	0.01800	0.02277	0.03759	0.02277	0.23695	0.50997	0.01165	0.01800	0.00953	0.00450	0.00662
11	0.00993	0.00761	0.00911	0.01005	0.01150	0.00679	0.00704	0.01181	0.01734	0.02229	0.11746	0.41316	0.28121	0.02277	0.01000	0.00302	0.00440	0.02006	0.00767	0.00679
12	0.03085	0.02273	0.02435	0.01867	0.02516	0.02516	0.01542	0.63716	0.03815	0.05114	0.01948	0.01948	0.01380	0.00974	0.00812	0.00244	0.00893	0.00731	0.00812	0.01380
13	0.02825	0.07527	0.02431	0.02071	0.05016	0.41789	0.01555	0.14153	0.09961	0.02737	0.01625	0.01748	0.01285	0.00879	0.00747	0.00222	0.01206	0.00609	0.00532	0.01081
14	0.01996	0.02092	0.03384	0.14396	0.32327	0.08306	0.17122	0.02495	0.01841	0.02448	0.01491	0.02013	0.01206	0.00774	0.00930	0.00256	0.04643	0.00760	0.00396	0.01125
15	0.01048	0.00775	0.00979	0.01118	0.01235	0.00720	0.00811	0.01238	0.01653	0.02136	0.05130	0.43589	0.17803	0.05741	0.01185	0.00348	0.00523	0.12557	0.00739	0.00672
16	0.01773	0.41708	0.05743	0.01290	0.01844	0.02276	0.01223	0.02197	0.05754	0.02270	0.11637	0.03282	0.13939	0.01106	0.00692	0.00213	0.00717	0.00849	0.00528	0.00960
17	0.15328	0.01884	0.01554	0.01470	0.01803	0.17739	0.01129	0.10670	0.02074	0.02797	0.02992	0.21413	0.07294	0.01523	0.00838	0.00274	0.00823	0.06883	0.00634	0.00878
18	0.02480	0.17270	0.11947	0.02493	0.13896	0.34122	0.01895	0.02850	0.02007	0.02170	0.01305	0.01562	0.01085	0.00778	0.00707	0.00214	0.01218	0.00551	0.00390	0.01058
19	0.02605	0.12397	0.02737	0.02216	0.08495	0.23452	0.01661	0.19111	0.02386	0.02875	0.01416	0.01679	0.01161	0.00946	0.01073	0.00242	0.13331	0.00619	0.00501	0.01097

[dist]
# distance from previous block
# <min> <max>
0	4

[block]
# block no. 5 follows, 23 sequences, length 35
# corresponding to MSA columns:
# 305-339
name=unknown_F
#
# <colnr> <probs for GDERKNQSTAVLIFYWHMCP>
#	G	D	E	R	K	N	Q	S	T	A	V	L	I	F	Y	W	H	M	C	P
