[name]
unknown

[dist]
# distance from previous block
# <min> <max>
0	1

[block]
# block no. 0 follows, 21 sequences, length 23
# corresponding to MSA columns:
# 1-23
name=unknown_A
#
# <colnr> <probs for GDERKNQSTAVLIFYWHMCP>
#	G	D	E	R	K	N	Q	S	T	A	V	L	I	F	Y	W	H	M	C	P
0	0.01544	0.01224	0.01861	0.02426	0.16572	0.01224	0.01663	0.01963	0.01954	0.02602	0.03823	0.07839	0.04064	0.01977	0.01097	0.00359	0.00837	0.45357	0.00698	0.00916
1	0.02572	0.02632	0.10808	0.03389	0.28505	0.07870	0.02222	0.24873	0.02733	0.03675	0.01732	0.01994	0.01329	0.00873	0.00835	0.00253	0.01060	0.00727	0.00576	0.01342
2	0.15437	0.08440	0.34676	0.02008	0.02960	0.02225	0.02260	0.16572	0.02247	0.03471	0.01561	0.01748	0.01138	0.00849	0.00748	0.00258	0.01049	0.00618	0.00505	0.01230
3	0.15814	0.02679	0.02255	0.05917	0.02639	0.22375	0.01533	0.26900	0.02845	0.06764	0.01698	0.01825	0.01259	0.00927	0.00769	0.00248	0.01077	0.00649	0.00647	0.01181
4	0.02063	0.01978	0.03376	0.10687	0.59659	0.02011	0.02590	0.02574	0.01917	0.02728	0.01593	0.02120	0.01329	0.00766	0.00843	0.00255	0.01022	0.00758	0.00417	0.01313
5	0.76103	0.01646	0.01251	0.01119	0.01646	0.01909	0.00922	0.02502	0.01448	0.03818	0.01185	0.01382	0.00922	0.00790	0.00527	0.00263	0.00658	0.00461	0.00527	0.00922
6	0.13719	0.01534	0.02341	0.57165	0.05176	0.01894	0.02129	0.02228	0.01660	0.02442	0.01459	0.02125	0.01100	0.00841	0.00798	0.00280	0.01057	0.00708	0.00402	0.00942
7	0.01006	0.00862	0.00862	0.00862	0.01149	0.00718	0.00647	0.01221	0.01940	0.02299	0.08621	0.08190	0.64438	0.02155	0.01006	0.00287	0.00431	0.01796	0.00790	0.00718
8	0.02064	0.01962	0.03335	0.05014	0.61181	0.01962	0.02541	0.02563	0.01939	0.02767	0.01767	0.02535	0.01551	0.00849	0.00862	0.00261	0.00998	0.04091	0.00442	0.01316
9	0.01037	0.00741	0.00987	0.01185	0.01234	0.00691	0.00790	0.01185	0.01629	0.02172	0.04690	0.69537	0.05629	0.02666	0.01086	0.00346	0.00494	0.02419	0.00790	0.00691
10	0.02080	0.01995	0.03407	0.08518	0.61694	0.02015	0.02599	0.02589	0.01925	0.02748	0.01596	0.02115	0.01337	0.00763	0.00843	0.00254	0.01017	0.00758	0.00419	0.01327
11	0.01006	0.00862	0.00862	0.00862	0.01149	0.00718	0.00647	0.01221	0.01940	0.02299	0.08621	0.08190	0.64438	0.02155	0.01006	0.00287	0.00431	0.01796	0.00790	0.00718
12	0.02358	0.02614	0.03306	0.02625	0.03060	0.19309	0.20472	0.07144	0.02019	0.02520	0.01428	0.01925	0.01191	0.01052	0.01555	0.00297	0.24854	0.00776	0.00444	0.01052
13	0.01053	0.00796	0.00934	0.01034	0.01162	0.00719	0.00701	0.01205	0.01687	0.02146	0.05830	0.38683	0.26455	0.11723	0.01502	0.00390	0.00517	0.02033	0.00752	0.00677
14	0.54404	0.02381	0.05475	0.01451	0.02002	0.17133	0.01228	0.02724	0.01696	0.03341	0.01237	0.01444	0.00972	0.00812	0.00600	0.00253	0.00901	0.00492	0.00496	0.00958
15	0.03102	0.03421	0.02308	0.02052	0.02529	0.48618	0.01564	0.06185	0.10695	0.08755	0.01841	0.01915	0.01415	0.00938	0.00793	0.00235	0.01311	0.00644	0.00576	0.01102
16	0.01954	0.33224	0.39029	0.02004	0.03031	0.02582	0.02409	0.02631	0.01767	0.02393	0.01377	0.01609	0.01084	0.00773	0.00694	0.00231	0.01106	0.00553	0.00361	0.01186
17	0.02332	0.10860	0.31054	0.02019	0.02878	0.13537	0.02173	0.03021	0.04508	0.11989	0.06106	0.02235	0.01774	0.00926	0.00795	0.00251	0.01107	0.00705	0.00538	0.01192
18	0.02091	0.16913	0.42469	0.02153	0.03205	0.02366	0.02542	0.13281	0.02178	0.03038	0.01553	0.01757	0.01147	0.00831	0.00765	0.00250	0.01133	0.00620	0.00448	0.01259
19	0.02743	0.03863	0.17378	0.02497	0.08284	0.42132	0.02079	0.06563	0.02318	0.02478	0.01432	0.01675	0.01134	0.00859	0.00788	0.00236	0.01389	0.00598	0.00442	0.01108
20	0.02524	0.08159	0.05943	0.02531	0.13602	0.31494	0.01772	0.03231	0.13114	0.02511	0.02177	0.02318	0.05086	0.00965	0.00798	0.00241	0.01161	0.00730	0.00523	0.01123
21	0.02239	0.29133	0.17984	0.02346	0.11588	0.14867	0.02019	0.02708	0.01939	0.02360	0.04470	0.01851	0.01469	0.00830	0.00715	0.00224	0.01100	0.00611	0.00414	0.01133
22	0.06812	0.02599	0.14444	0.05001	0.09545	0.05849	0.15026	0.18360	0.02466	0.03405	0.02217	0.02463	0.06035	0.00946	0.00863	0.00266	0.01098	0.00839	0.00560	0.01205

[dist]
# distance from previous block
# <min> <max>
4	37

[block]
# block no. 1 follows, 21 sequences, length 15
# corresponding to MSA columns:
# 61-75
name=unknown_B
#
# <colnr> <probs for GDERKNQSTAVLIFYWHMCP>
#	G	D	E	R	K	N	Q	S	T	A	V	L	I	F	Y	W	H	M	C	P
0	0.06527	0.02265	0.02397	0.01884	0.02528	0.02526	0.01544	0.50479	0.12798	0.05018	0.02216	0.02182	0.01595	0.01031	0.00838	0.00261	0.00884	0.00781	0.00838	0.01407
1	0.02635	0.42271	0.03587	0.01617	0.02310	0.02933	0.01478	0.19093	0.06679	0.07463	0.01730	0.01784	0.01365	0.00861	0.00674	0.00215	0.00888	0.00604	0.00581	0.01232
2	0.37554	0.01232	0.01106	0.01051	0.01418	0.01308	0.00819	0.01899	0.01741	0.03196	0.13147	0.10767	0.18998	0.01479	0.00781	0.00279	0.00543	0.01170	0.00685	0.00827
3	0.01762	0.01466	0.02147	0.30474	0.06945	0.01691	0.01761	0.12112	0.02102	0.02823	0.07631	0.07466	0.02316	0.02100	0.13016	0.00480	0.01195	0.00973	0.00554	0.00988
4	0.15343	0.14318	0.18928	0.05374	0.02829	0.02424	0.01902	0.22984	0.02477	0.03664	0.01585	0.01761	0.01183	0.00867	0.00732	0.00249	0.00977	0.00624	0.00560	0.01219
5	0.02160	0.57169	0.16884	0.01653	0.02488	0.03085	0.01799	0.02578	0.01743	0.02143	0.01253	0.01453	0.01089	0.00744	0.00599	0.00200	0.00981	0.00490	0.00363	0.01126
6	0.02363	0.09308	0.23957	0.02310	0.06143	0.09968	0.02208	0.17698	0.02355	0.03145	0.01544	0.01816	0.01195	0.00963	0.01091	0.00267	0.11292	0.00663	0.00499	0.01215
7	0.27307	0.29198	0.02820	0.01545	0.02126	0.20246	0.01328	0.02766	0.01822	0.02634	0.01220	0.01417	0.01036	0.00790	0.00600	0.00220	0.00997	0.00483	0.00439	0.01006
8	0.01810	0.03636	0.44588	0.02868	0.08026	0.02051	0.16046	0.02662	0.01828	0.02674	0.01554	0.01932	0.01146	0.00820	0.00958	0.00278	0.04792	0.00727	0.00380	0.01222
9	0.10876	0.05385	0.02221	0.01656	0.02218	0.02225	0.01342	0.39337	0.03085	0.08665	0.02095	0.02528	0.01666	0.11381	0.01325	0.00339	0.00873	0.00795	0.00755	0.01232
10	0.02217	0.01851	0.02303	0.02732	0.23508	0.05254	0.01642	0.19063	0.02523	0.03449	0.03080	0.03252	0.12206	0.01111	0.00831	0.00249	0.00827	0.00931	0.11805	0.01166
11	0.01928	0.04350	0.56159	0.02390	0.03525	0.11716	0.02918	0.02801	0.01889	0.02603	0.01495	0.01757	0.01081	0.00819	0.00802	0.00262	0.01299	0.00617	0.00371	0.01217
12	0.02718	0.02984	0.02474	0.02521	0.13072	0.33958	0.01697	0.09521	0.09048	0.02797	0.01699	0.01892	0.01360	0.00873	0.00783	0.00225	0.01180	0.00647	0.00534	0.10016
13	0.12419	0.00936	0.01051	0.01139	0.01290	0.00942	0.00812	0.01470	0.01588	0.02368	0.04067	0.32646	0.09590	0.16618	0.01695	0.00436	0.00620	0.08921	0.00691	0.00703
14	0.02050	0.05727	0.03257	0.13708	0.35057	0.05634	0.05610	0.02493	0.01810	0.02480	0.01473	0.02029	0.01246	0.00901	0.01170	0.00274	0.12762	0.00742	0.00405	0.01171

[dist]
# distance from previous block
# <min> <max>
4	8

[block]
# block no. 2 follows, 21 sequences, length 9
# corresponding to MSA columns:
# 84-92
name=unknown_C
#
# <colnr> <probs for GDERKNQSTAVLIFYWHMCP>
#	G	D	E	R	K	N	Q	S	T	A	V	L	I	F	Y	W	H	M	C	P
0	0.01949	0.01801	0.01733	0.01938	0.10838	0.17118	0.01273	0.02293	0.01846	0.02522	0.02112	0.02664	0.01780	0.02406	0.18786	0.00532	0.01280	0.00761	0.25456	0.00912
1	0.08684	0.01454	0.01984	0.06066	0.16783	0.01426	0.01468	0.02699	0.05200	0.19520	0.04015	0.04217	0.17346	0.01295	0.00878	0.00276	0.00738	0.04091	0.00731	0.01129
2	0.24389	0.02091	0.02180	0.01752	0.02289	0.02420	0.01449	0.35792	0.02860	0.04427	0.01657	0.01823	0.01245	0.01022	0.01039	0.00275	0.10712	0.00674	0.00686	0.01218
3	0.02055	0.40356	0.03754	0.21520	0.12390	0.02738	0.01891	0.02448	0.01752	0.02166	0.01341	0.01738	0.01142	0.00768	0.00679	0.00222	0.00991	0.00588	0.00377	0.01086
4	0.01994	0.01907	0.03251	0.19370	0.51516	0.01992	0.02556	0.02513	0.01885	0.02644	0.01581	0.02143	0.01300	0.00779	0.00844	0.00260	0.01039	0.00758	0.00412	0.01257
5	0.02033	0.02010	0.03126	0.23123	0.43703	0.06254	0.02476	0.02538	0.01901	0.02560	0.01556	0.02115	0.01270	0.00793	0.00840	0.00259	0.01081	0.00744	0.00410	0.01208
6	0.01492	0.01442	0.02347	0.01973	0.02235	0.01587	0.14791	0.01792	0.01677	0.02284	0.03708	0.23120	0.14300	0.01787	0.01553	0.00329	0.20634	0.01494	0.00587	0.00869
7	0.01911	0.01822	0.03101	0.29859	0.41678	0.01971	0.02514	0.02440	0.01845	0.02543	0.01566	0.02170	0.01264	0.00795	0.00846	0.00265	0.01059	0.00757	0.00404	0.01190
8	0.01811	0.19087	0.32818	0.21429	0.03970	0.02278	0.02519	0.02508	0.01753	0.02380	0.01442	0.01834	0.01098	0.00802	0.00759	0.00253	0.01140	0.00625	0.00366	0.01127

[dist]
# distance from previous block
# <min> <max>
0	1

[block]
# block no. 3 follows, 21 sequences, length 30
# corresponding to MSA columns:
# 94-123
name=unknown_D
#
# <colnr> <probs for GDERKNQSTAVLIFYWHMCP>
#	G	D	E	R	K	N	Q	S	T	A	V	L	I	F	Y	W	H	M	C	P
0	0.02569	0.26963	0.03347	0.02597	0.16501	0.26800	0.01783	0.02972	0.04832	0.02279	0.01431	0.01679	0.01220	0.00810	0.00711	0.00217	0.01157	0.00582	0.00428	0.01122
1	0.02521	0.17715	0.02896	0.21398	0.03484	0.33920	0.01815	0.02854	0.02055	0.02092	0.01345	0.01714	0.01107	0.00837	0.00744	0.00230	0.01282	0.00589	0.00405	0.00997
2	0.01037	0.00741	0.00987	0.01185	0.01234	0.00691	0.00790	0.01185	0.01629	0.02172	0.04690	0.69537	0.05629	0.02666	0.01086	0.00346	0.00494	0.02419	0.00790	0.00691
3	0.01707	0.04402	0.65683	0.02426	0.03683	0.01976	0.03144	0.02695	0.01797	0.02695	0.01527	0.01797	0.01078	0.00809	0.00809	0.00270	0.01258	0.00629	0.00359	0.01258
4	0.01965	0.02861	0.25400	0.04237	0.43236	0.02006	0.02800	0.02641	0.01888	0.02750	0.01575	0.01997	0.01253	0.00776	0.00831	0.00259	0.01098	0.00713	0.00399	0.01316
5	0.01961	0.01874	0.03191	0.23535	0.47610	0.01984	0.02539	0.02484	0.01869	0.02604	0.01575	0.02154	0.01286	0.00785	0.00845	0.00262	0.01047	0.00758	0.00409	0.01231
6	0.01006	0.00862	0.00862	0.00862	0.01149	0.00718	0.00647	0.01221	0.01940	0.02299	0.08621	0.08190	0.64438	0.02155	0.01006	0.00287	0.00431	0.01796	0.00790	0.00718
7	0.01443	0.01205	0.01300	0.01217	0.01552	0.01231	0.00929	0.02474	0.23667	0.02999	0.19578	0.06001	0.29694	0.01707	0.00956	0.00283	0.00510	0.01443	0.00851	0.00959
8	0.03169	0.02351	0.02517	0.01945	0.02614	0.02608	0.01602	0.58581	0.07473	0.05258	0.02126	0.02109	0.01515	0.01029	0.00852	0.00257	0.00921	0.00778	0.00852	0.01441
9	0.01035	0.00863	0.00902	0.00892	0.01167	0.00731	0.00669	0.01277	0.02008	0.02460	0.16698	0.07924	0.56261	0.02095	0.01005	0.00285	0.00427	0.01759	0.00812	0.00731
10	0.01006	0.00862	0.00862	0.00862	0.01149	0.00718	0.00647	0.01221	0.01940	0.02299	0.08621	0.08190	0.64438	0.02155	0.01006	0.00287	0.00431	0.01796	0.00790	0.00718
11	0.03267	0.02332	0.02522	0.01934	0.02613	0.02563	0.01597	0.58763	0.03915	0.08668	0.02116	0.02090	0.01484	0.01023	0.00852	0.00256	0.00925	0.00771	0.00862	0.01447
12	0.02072	0.02073	0.03748	0.04708	0.48352	0.02082	0.15361	0.02606	0.01919	0.02729	0.01601	0.02134	0.01323	0.00789	0.00983	0.00267	0.04740	0.00811	0.00421	0.01282
13	0.01037	0.00741	0.00987	0.01185	0.01234	0.00691	0.00790	0.01185	0.01629	0.02172	0.04690	0.69537	0.05629	0.02666	0.01086	0.00346	0.00494	0.02419	0.00790	0.00691
14	0.02117	0.01828	0.01924	0.01732	0.02213	0.02117	0.01347	0.04522	0.63246	0.03560	0.03464	0.03175	0.02598	0.01155	0.00866	0.00289	0.00673	0.00962	0.00866	0.01347
15	0.01961	0.01874	0.03191	0.23535	0.47610	0.01984	0.02539	0.02484	0.01869	0.02604	0.01575	0.02154	0.01286	0.00785	0.00845	0.00262	0.01047	0.00758	0.00409	0.01231
16	0.01006	0.00862	0.00862	0.00862	0.01149	0.00718	0.00647	0.01221	0.01940	0.02299	0.08621	0.08190	0.64438	0.02155	0.01006	0.00287	0.00431	0.01796	0.00790	0.00718
17	0.03358	0.01678	0.02055	0.01631	0.02255	0.01657	0.01329	0.13327	0.15847	0.42545	0.03174	0.02823	0.02109	0.01070	0.00857	0.00268	0.00747	0.00865	0.00981	0.01426
18	0.01586	0.00793	0.00793	0.00793	0.00991	0.00793	0.00595	0.01983	0.01785	0.03173	0.02776	0.03173	0.02181	0.00991	0.00595	0.00198	0.00397	0.00793	0.74817	0.00793
19	0.01006	0.00862	0.00862	0.00862	0.01149	0.00718	0.00647	0.01221	0.01940	0.02299	0.08621	0.08190	0.64438	0.02155	0.01006	0.00287	0.00431	0.01796	0.00790	0.00718
20	0.01586	0.00793	0.00793	0.00793	0.00991	0.00793	0.00595	0.01983	0.01785	0.03173	0.02776	0.03173	0.02181	0.00991	0.00595	0.00198	0.00397	0.00793	0.74817	0.00793
21	0.01707	0.04402	0.65683	0.02426	0.03683	0.01976	0.03144	0.02695	0.01797	0.02695	0.01527	0.01797	0.01078	0.00809	0.00809	0.00270	0.01258	0.00629	0.00359	0.01258
22	0.02589	0.41818	0.03746	0.01863	0.02494	0.26480	0.05413	0.02871	0.01997	0.02078	0.01266	0.01487	0.01106	0.00782	0.00657	0.00202	0.01173	0.00525	0.00396	0.01057
23	0.02100	0.02039	0.03550	0.05123	0.61092	0.02030	0.06227	0.02619	0.01942	0.02777	0.01608	0.02118	0.01345	0.00756	0.00852	0.00255	0.01037	0.00773	0.00422	0.01336
24	0.02438	0.02692	0.03003	0.09990	0.37392	0.24810	0.02247	0.02848	0.02083	0.02478	0.01492	0.01920	0.01239	0.00809	0.00817	0.00244	0.01207	0.00684	0.00423	0.01183
25	0.02867	0.03511	0.02233	0.02016	0.02465	0.53010	0.01520	0.03300	0.08084	0.02271	0.01999	0.02131	0.05334	0.00973	0.00785	0.00225	0.01336	0.00665	0.00505	0.04770
26	0.02402	0.02669	0.02236	0.02009	0.02319	0.29112	0.01567	0.03123	0.15978	0.02401	0.01863	0.02185	0.01556	0.01681	0.08356	0.00396	0.17863	0.00730	0.00522	0.01031
27	0.01594	0.01581	0.01342	0.01311	0.01554	0.15881	0.00968	0.01851	0.02104	0.02534	0.22116	0.15466	0.18895	0.05109	0.01131	0.00305	0.00720	0.04005	0.00739	0.00793
28	0.02433	0.02570	0.01981	0.01823	0.02209	0.28833	0.01373	0.09442	0.17336	0.02818	0.02695	0.17586	0.02542	0.01371	0.00874	0.00269	0.01020	0.01102	0.00668	0.01057
29	0.02793	0.27319	0.03207	0.02118	0.06485	0.37352	0.01639	0.05631	0.02211	0.02244	0.01319	0.01534	0.01126	0.00823	0.00698	0.00210	0.01254	0.00538	0.00429	0.01067

[dist]
# distance from previous block
# <min> <max>
0	77

[block]
# block no. 4 follows, 21 sequences, length 30
# corresponding to MSA columns:
# 202-231
name=unknown_E
#
# <colnr> <probs for GDERKNQSTAVLIFYWHMCP>
#	G	D	E	R	K	N	Q	S	T	A	V	L	I	F	Y	W	H	M	C	P
0	0.02557	0.09359	0.02378	0.01966	0.05292	0.23618	0.01467	0.19523	0.02595	0.03068	0.02305	0.17413	0.02256	0.01311	0.00847	0.00257	0.01035	0.01044	0.00630	0.01078
1	0.01881	0.10148	0.37517	0.06337	0.22311	0.02125	0.02775	0.02630	0.01828	0.02627	0.01515	0.01871	0.01165	0.00787	0.00795	0.00256	0.01142	0.00657	0.00380	0.01254
2	0.02903	0.03513	0.02669	0.02304	0.02732	0.48851	0.06793	0.06463	0.02316	0.02318	0.01364	0.01673	0.01135	0.00955	0.01068	0.00248	0.10597	0.00626	0.00452	0.01019
3	0.06477	0.02322	0.16580	0.01691	0.02393	0.01810	0.01644	0.23446	0.02659	0.09815	0.03708	0.03624	0.17700	0.01256	0.00864	0.00268	0.00843	0.00993	0.00723	0.01185
4	0.01974	0.01906	0.03305	0.21114	0.46704	0.01995	0.05581	0.02506	0.01881	0.02623	0.01585	0.02157	0.01291	0.00780	0.00853	0.00262	0.01064	0.00770	0.00411	0.01235
5	0.01077	0.00862	0.00973	0.01021	0.01256	0.00758	0.00779	0.01324	0.01940	0.02411	0.12272	0.16564	0.43448	0.02216	0.01040	0.00308	0.00486	0.09733	0.00802	0.00731
6	0.01695	0.00898	0.00909	0.00870	0.01100	0.00915	0.00662	0.05943	0.01931	0.03317	0.02728	0.03098	0.02133	0.00993	0.00612	0.00202	0.00432	0.00791	0.69932	0.00836
7	0.02012	0.01926	0.03284	0.17050	0.53692	0.01997	0.02565	0.02529	0.01893	0.02666	0.01584	0.02137	0.01308	0.00776	0.00844	0.00259	0.01034	0.00758	0.00413	0.01272
8	0.02106	0.02022	0.03454	0.05223	0.64784	0.02022	0.02612	0.02612	0.01938	0.02780	0.01601	0.02106	0.01348	0.00758	0.00842	0.00253	0.01011	0.00758	0.00421	0.01348
9	0.01037	0.00741	0.00987	0.01185	0.01234	0.00691	0.00790	0.01185	0.01629	0.02172	0.04690	0.69537	0.05629	0.02666	0.01086	0.00346	0.00494	0.02419	0.00790	0.00691
10	0.01419	0.01204	0.01265	0.01191	0.01538	0.01221	0.00910	0.02427	0.23668	0.02856	0.12362	0.06233	0.36934	0.01760	0.00956	0.00286	0.00514	0.01475	0.00832	0.00949
11	0.02106	0.02022	0.03454	0.05223	0.64784	0.02022	0.02612	0.02612	0.01938	0.02780	0.01601	0.02106	0.01348	0.00758	0.00842	0.00253	0.01011	0.00758	0.00421	0.01348
12	0.01902	0.03040	0.26475	0.03176	0.04177	0.02090	0.40987	0.02715	0.01934	0.02715	0.01653	0.02119	0.01216	0.00750	0.00935	0.00281	0.01372	0.00872	0.00405	0.01187
13	0.01371	0.00980	0.01371	0.01567	0.01763	0.00980	0.01371	0.01763	0.01959	0.02547	0.04506	0.09599	0.04898	0.02351	0.01175	0.00392	0.00784	0.59056	0.00784	0.00784
14	0.01216	0.00912	0.01368	0.01368	0.01520	0.01064	0.01064	0.01520	0.01368	0.01976	0.02279	0.03343	0.02127	0.06382	0.66720	0.01368	0.02279	0.00912	0.00456	0.00760
15	0.02106	0.02022	0.03454	0.05223	0.64784	0.02022	0.02612	0.02612	0.01938	0.02780	0.01601	0.02106	0.01348	0.00758	0.00842	0.00253	0.01011	0.00758	0.00421	0.01348
16	0.01216	0.00912	0.01368	0.01368	0.01520	0.01064	0.01064	0.01520	0.01368	0.01976	0.02279	0.03343	0.02127	0.06382	0.66720	0.01368	0.02279	0.00912	0.00456	0.00760
17	0.01707	0.04402	0.65683	0.02426	0.03683	0.01976	0.03144	0.02695	0.01797	0.02695	0.01527	0.01797	0.01078	0.00809	0.00809	0.00270	0.01258	0.00629	0.00359	0.01258
18	0.02106	0.02022	0.03454	0.05223	0.64784	0.02022	0.02612	0.02612	0.01938	0.02780	0.01601	0.02106	0.01348	0.00758	0.00842	0.00253	0.01011	0.00758	0.00421	0.01348
19	0.02003	0.01306	0.01463	0.01281	0.01616	0.01419	0.01015	0.20163	0.02364	0.03564	0.02438	0.02868	0.01945	0.02247	0.15961	0.00486	0.00997	0.00812	0.35067	0.00985
20	0.01037	0.00741	0.00987	0.01185	0.01234	0.00691	0.00790	0.01185	0.01629	0.02172	0.04690	0.69537	0.05629	0.02666	0.01086	0.00346	0.00494	0.02419	0.00790	0.00691
21	0.01247	0.01050	0.01134	0.01227	0.01440	0.04516	0.00957	0.01501	0.01900	0.02333	0.06045	0.22427	0.29107	0.02261	0.01063	0.00329	0.00615	0.19332	0.00768	0.00747
22	0.02928	0.03058	0.03065	0.02432	0.03054	0.29111	0.15518	0.23949	0.02881	0.03392	0.01667	0.01890	0.01265	0.00891	0.00852	0.00248	0.01300	0.00731	0.00583	0.01187
23	0.01075	0.00792	0.00941	0.01042	0.01142	0.00729	0.00689	0.01207	0.01619	0.02084	0.05243	0.38871	0.20263	0.18123	0.01816	0.00441	0.00554	0.01985	0.00727	0.00658
24	0.03190	0.03735	0.02439	0.02147	0.02632	0.54388	0.01639	0.14633	0.02717	0.02712	0.01455	0.01632	0.01164	0.00905	0.00783	0.00226	0.01420	0.00590	0.00518	0.01075
25	0.03050	0.07449	0.02570	0.02108	0.02580	0.46515	0.01643	0.14468	0.02603	0.02704	0.01434	0.01644	0.01165	0.00936	0.00904	0.00234	0.05809	0.00597	0.00509	0.01077
26	0.01225	0.00876	0.01187	0.01187	0.01277	0.00966	0.00839	0.01404	0.01314	0.01842	0.02444	0.04256	0.02524	0.32511	0.41133	0.01145	0.01683	0.01045	0.00480	0.00660
27	0.01017	0.00863	0.00877	0.00874	0.01156	0.00723	0.00655	0.01243	0.01966	0.02361	0.11733	0.08088	0.61288	0.02132	0.01006	0.00286	0.00429	0.01782	0.00798	0.00723
28	0.03179	0.04056	0.02412	0.02192	0.02631	0.66676	0.01644	0.03398	0.02412	0.02083	0.01315	0.01535	0.01096	0.00877	0.00767	0.00219	0.01535	0.00548	0.00438	0.00987
29	0.02377	0.43577	0.12254	0.01867	0.02611	0.16621	0.05214	0.02760	0.01900	0.02154	0.01289	0.01513	0.01103	0.00770	0.00655	0.00208	0.01120	0.00530	0.00383	0.01095

[dist]
# distance from previous block
# <min> <max>
0	1

[block]
# block no. 5 follows, 21 sequences, length 66
# corresponding to MSA columns:
# 233-298
name=unknown_F
#
# <colnr> <probs for GDERKNQSTAVLIFYWHMCP>
#	G	D	E	R	K	N	Q	S	T	A	V	L	I	F	Y	W	H	M	C	P
0	0.02121	0.02169	0.03061	0.21993	0.39901	0.11092	0.02407	0.02603	0.01940	0.02516	0.01536	0.02070	0.01254	0.00800	0.00834	0.00256	0.01119	0.00728	0.00412	0.01187
1	0.02769	0.03238	0.02640	0.02962	0.19577	0.42297	0.01873	0.05564	0.02287	0.02407	0.01483	0.01822	0.01242	0.01182	0.04765	0.00299	0.01411	0.00637	0.00452	0.01091
2	0.02731	0.03309	0.02478	0.02207	0.02496	0.44863	0.01718	0.02939	0.02034	0.02071	0.01248	0.01646	0.01103	0.01085	0.01457	0.00271	0.24346	0.00615	0.00416	0.00968
3	0.06237	0.03022	0.02365	0.10757	0.08707	0.39144	0.01728	0.03037	0.05215	0.02379	0.01542	0.01865	0.01254	0.00908	0.00864	0.00242	0.04455	0.00634	0.04627	0.01017
4	0.01037	0.00741	0.00987	0.01185	0.01234	0.00691	0.00790	0.01185	0.01629	0.02172	0.04690	0.69537	0.05629	0.02666	0.01086	0.00346	0.00494	0.02419	0.00790	0.00691
5	0.02234	0.65794	0.08908	0.01527	0.02293	0.03266	0.01579	0.02559	0.01734	0.02053	0.01208	0.01396	0.01091	0.00734	0.00565	0.00188	0.00935	0.00468	0.00364	0.01104
6	0.01974	0.35468	0.36953	0.01971	0.02980	0.02629	0.02352	0.02626	0.01765	0.02370	0.01366	0.01594	0.01085	0.00771	0.00685	0.00228	0.01095	0.00547	0.00362	0.01180
7	0.01074	0.00865	0.00957	0.00934	0.01191	0.00747	0.00700	0.01353	0.02101	0.02681	0.27728	0.07561	0.45093	0.02013	0.01005	0.00281	0.00421	0.01708	0.00841	0.00747
8	0.01988	0.01716	0.01801	0.01631	0.02090	0.01955	0.01266	0.04139	0.56139	0.03414	0.04062	0.03756	0.09767	0.01271	0.00882	0.00288	0.00645	0.01059	0.00857	0.01274
9	0.01238	0.00825	0.00928	0.00928	0.00928	0.00825	0.00516	0.01238	0.01238	0.01650	0.02681	0.05569	0.03094	0.70092	0.04331	0.00825	0.00825	0.01238	0.00516	0.00516
10	0.01765	0.01513	0.01765	0.01260	0.02017	0.01134	0.01008	0.02143	0.01765	0.02773	0.01513	0.01765	0.01260	0.00630	0.00630	0.00126	0.00630	0.00504	0.00504	0.75295
11	0.03050	0.03457	0.02374	0.02089	0.02578	0.46443	0.01600	0.14324	0.10660	0.02880	0.01730	0.01843	0.01357	0.00940	0.00796	0.00235	0.01312	0.00642	0.00570	0.01119
12	0.76103	0.01646	0.01251	0.01119	0.01646	0.01909	0.00922	0.02502	0.01448	0.03818	0.01185	0.01382	0.00922	0.00790	0.00527	0.00263	0.00658	0.00461	0.00527	0.00922
13	0.01037	0.00741	0.00987	0.01185	0.01234	0.00691	0.00790	0.01185	0.01629	0.02172	0.04690	0.69537	0.05629	0.02666	0.01086	0.00346	0.00494	0.02419	0.00790	0.00691
14	0.01024	0.00863	0.00888	0.00882	0.01161	0.00726	0.00661	0.01257	0.01984	0.02403	0.13831	0.08019	0.59163	0.02116	0.01006	0.00286	0.00428	0.01772	0.00804	0.00726
15	0.02081	0.01996	0.03409	0.08398	0.61806	0.02015	0.02599	0.02590	0.01926	0.02750	0.01596	0.02114	0.01337	0.00763	0.00843	0.00254	0.01017	0.00758	0.00419	0.01328
16	0.03818	0.01448	0.01975	0.01514	0.02172	0.01251	0.01251	0.04147	0.02436	0.65373	0.03357	0.02897	0.02107	0.01053	0.00856	0.00263	0.00724	0.00856	0.01053	0.01448
17	0.01183	0.00869	0.01108	0.01049	0.01258	0.00794	0.00786	0.01565	0.02359	0.03295	0.58451	0.06550	0.13987	0.01784	0.01004	0.00270	0.00405	0.01566	0.00921	0.00794
18	0.02275	0.70604	0.04459	0.01456	0.02184	0.03367	0.01456	0.02548	0.01729	0.02002	0.01183	0.01365	0.01092	0.00728	0.00546	0.00182	0.00910	0.00455	0.00364	0.01092
19	0.03179	0.04056	0.02412	0.02192	0.02631	0.66676	0.01644	0.03398	0.02412	0.02083	0.01315	0.01535	0.01096	0.00877	0.00767	0.00219	0.01535	0.00548	0.00438	0.00987
20	0.01216	0.00912	0.01368	0.01368	0.01520	0.01064	0.01064	0.01520	0.01368	0.01976	0.02279	0.03343	0.02127	0.06382	0.66720	0.01368	0.02279	0.00912	0.00456	0.00760
21	0.01380	0.01277	0.02145	0.01819	0.02221	0.01178	0.17559	0.01774	0.01941	0.02472	0.05355	0.11408	0.27077	0.01851	0.01056	0.00319	0.00804	0.16822	0.00690	0.00851
22	0.03215	0.02970	0.02504	0.02040	0.02636	0.25102	0.01627	0.41409	0.03444	0.04213	0.01788	0.01865	0.01324	0.00971	0.00822	0.00243	0.01146	0.00690	0.00707	0.01286
23	0.06466	0.01501	0.01797	0.01326	0.02041	0.01211	0.01073	0.02739	0.01940	0.20844	0.02025	0.02069	0.01485	0.00761	0.00689	0.00173	0.00659	0.00603	0.00663	0.49933
24	0.02528	0.47159	0.06586	0.01726	0.02389	0.22773	0.01590	0.02816	0.01942	0.02058	0.01239	0.01437	0.01093	0.00777	0.00626	0.00197	0.01118	0.00491	0.00387	0.01067
25	0.01506	0.01028	0.01284	0.01166	0.01418	0.00995	0.00878	0.04919	0.05769	0.06869	0.49932	0.05712	0.06707	0.06600	0.01222	0.00308	0.00492	0.01408	0.00905	0.00881
26	0.01478	0.00739	0.01109	0.01109	0.01109	0.00739	0.00739	0.01109	0.01109	0.01478	0.01478	0.02587	0.01478	0.02956	0.03326	0.75240	0.00739	0.00739	0.00370	0.00370
27	0.01196	0.00905	0.00969	0.00961	0.01261	0.00771	0.00744	0.01433	0.01969	0.05861	0.07963	0.08017	0.55689	0.02111	0.01012	0.00295	0.00479	0.06792	0.00804	0.00765
28	0.01216	0.00912	0.01368	0.01368	0.01520	0.01064	0.01064	0.01520	0.01368	0.01976	0.02279	0.03343	0.02127	0.06382	0.66720	0.01368	0.02279	0.00912	0.00456	0.00760
29	0.02369	0.02735	0.06795	0.04098	0.39230	0.19728	0.07382	0.02841	0.02066	0.02580	0.01529	0.01948	0.01259	0.00790	0.00834	0.00247	0.01204	0.00714	0.00423	0.01227
30	0.01216	0.00912	0.01368	0.01368	0.01520	0.01064	0.01064	0.01520	0.01368	0.01976	0.02279	0.03343	0.02127	0.06382	0.66720	0.01368	0.02279	0.00912	0.00456	0.00760
31	0.01037	0.00741	0.00987	0.01185	0.01234	0.00691	0.00790	0.01185	0.01629	0.02172	0.04690	0.69537	0.05629	0.02666	0.01086	0.00346	0.00494	0.02419	0.00790	0.00691
32	0.01037	0.00741	0.00987	0.01185	0.01234	0.00691	0.00790	0.01185	0.01629	0.02172	0.04690	0.69537	0.05629	0.02666	0.01086	0.00346	0.00494	0.02419	0.00790	0.00691
33	0.01125	0.00809	0.01066	0.01125	0.01254	0.00750	0.00797	0.01406	0.02039	0.02824	0.36050	0.36318	0.06891	0.02179	0.01043	0.00305	0.00445	0.01956	0.00867	0.00750
34	0.01707	0.04402	0.65683	0.02426	0.03683	0.01976	0.03144	0.02695	0.01797	0.02695	0.01527	0.01797	0.01078	0.00809	0.00809	0.00270	0.01258	0.00629	0.00359	0.01258
35	0.01826	0.01093	0.01124	0.01037	0.01322	0.01158	0.00799	0.08483	0.10128	0.03449	0.02792	0.03057	0.02161	0.01016	0.00657	0.00216	0.00489	0.00813	0.57447	0.00934
36	0.02106	0.02022	0.03454	0.05223	0.64784	0.02022	0.02612	0.02612	0.01938	0.02780	0.01601	0.02106	0.01348	0.00758	0.00842	0.00253	0.01011	0.00758	0.00421	0.01348
37	0.02171	0.02145	0.03391	0.05041	0.61039	0.05917	0.02553	0.02659	0.01966	0.02738	0.01584	0.02072	0.01333	0.00765	0.00838	0.00251	0.01043	0.00746	0.00422	0.01326
38	0.01745	0.02027	0.08159	0.02731	0.03347	0.01873	0.34754	0.02309	0.01780	0.02469	0.02176	0.02788	0.05237	0.02078	0.14932	0.00521	0.08624	0.00978	0.00446	0.01026
39	0.03197	0.03518	0.02457	0.02117	0.02634	0.46090	0.01636	0.22219	0.02923	0.03137	0.01549	0.01698	0.01209	0.00923	0.00794	0.00231	0.01342	0.00618	0.00571	0.01135
40	0.02275	0.70604	0.04459	0.01456	0.02184	0.03367	0.01456	0.02548	0.01729	0.02002	0.01183	0.01365	0.01092	0.00728	0.00546	0.00182	0.00910	0.00455	0.00364	0.01092
41	0.02322	0.02056	0.03153	0.10689	0.44343	0.02154	0.02354	0.16503	0.02399	0.03327	0.01696	0.02108	0.01350	0.00829	0.00845	0.00256	0.01006	0.00760	0.00518	0.01331
42	0.01216	0.00912	0.01368	0.01368	0.01520	0.01064	0.01064	0.01520	0.01368	0.01976	0.02279	0.03343	0.02127	0.06382	0.66720	0.01368	0.02279	0.00912	0.00456	0.00760
43	0.01607	0.01513	0.02552	0.68047	0.05861	0.01891	0.02363	0.02174	0.01702	0.02174	0.01513	0.02269	0.01134	0.00851	0.00851	0.00284	0.01134	0.00756	0.00378	0.00945
44	0.03179	0.04056	0.02412	0.02192	0.02631	0.66676	0.01644	0.03398	0.02412	0.02083	0.01315	0.01535	0.01096	0.00877	0.00767	0.00219	0.01535	0.00548	0.00438	0.00987
45	0.01038	0.00777	0.00951	0.01087	0.01197	0.00705	0.00739	0.01197	0.01693	0.02181	0.05639	0.50227	0.21117	0.05722	0.01218	0.00353	0.00493	0.02198	0.00777	0.00690
46	0.01030	0.00863	0.00896	0.00887	0.01164	0.00729	0.00666	0.01268	0.01997	0.02434	0.15394	0.07967	0.57581	0.02105	0.01006	0.00285	0.00427	0.01765	0.00808	0.00729
47	0.02009	0.02296	0.05022	0.03587	0.04448	0.02152	0.61693	0.02726	0.02009	0.02726	0.01722	0.02296	0.01291	0.00717	0.01004	0.00287	0.01435	0.01004	0.00430	0.01148
48	0.03179	0.04056	0.02412	0.02192	0.02631	0.66676	0.01644	0.03398	0.02412	0.02083	0.01315	0.01535	0.01096	0.00877	0.00767	0.00219	0.01535	0.00548	0.00438	0.00987
49	0.01006	0.00862	0.00862	0.00862	0.01149	0.00718	0.00647	0.01221	0.01940	0.02299	0.08621	0.08190	0.64438	0.02155	0.01006	0.00287	0.00431	0.01796	0.00790	0.00718
50	0.06767	0.02092	0.02334	0.01797	0.02465	0.02223	0.01484	0.43290	0.03452	0.21806	0.02365	0.02247	0.01604	0.01020	0.00838	0.00258	0.00865	0.00777	0.00892	0.01423
51	0.02677	0.01703	0.01941	0.01660	0.02200	0.01832	0.01315	0.04399	0.43238	0.23898	0.03429	0.03083	0.02436	0.01121	0.00863	0.00280	0.00690	0.00927	0.00928	0.01380
52	0.01238	0.00825	0.00928	0.00928	0.00928	0.00825	0.00516	0.01238	0.01238	0.01650	0.02681	0.05569	0.03094	0.70092	0.04331	0.00825	0.00825	0.01238	0.00516	0.00516
53	0.02476	0.55833	0.04005	0.01620	0.02283	0.17420	0.01498	0.02737	0.01881	0.02020	0.01212	0.01403	0.01093	0.00761	0.00595	0.00190	0.01049	0.00476	0.00381	0.01069
54	0.03386	0.02142	0.02404	0.01843	0.02519	0.02281	0.01523	0.47024	0.03597	0.20856	0.02382	0.02263	0.01617	0.01030	0.00852	0.00257	0.00882	0.00789	0.00903	0.01448
55	0.02117	0.01828	0.01924	0.01732	0.02213	0.02117	0.01347	0.04522	0.63246	0.03560	0.03464	0.03175	0.02598	0.01155	0.00866	0.00289	0.00673	0.00962	0.00866	0.01347
56	0.01037	0.00741	0.00987	0.01185	0.01234	0.00691	0.00790	0.01185	0.01629	0.02172	0.04690	0.69537	0.05629	0.02666	0.01086	0.00346	0.00494	0.02419	0.00790	0.00691
57	0.02005	0.01918	0.03271	0.17995	0.52805	0.01995	0.02561	0.02523	0.01890	0.02657	0.01583	0.02139	0.01305	0.00777	0.00844	0.00259	0.01036	0.00758	0.00412	0.01266
58	0.02347	0.02504	0.02378	0.02081	0.02312	0.23172	0.01663	0.08589	0.01949	0.02392	0.01426	0.01965	0.01274	0.01873	0.10170	0.00439	0.31326	0.00705	0.00454	0.00980
59	0.02040	0.01954	0.03334	0.13574	0.56952	0.02005	0.02579	0.02554	0.01906	0.02700	0.01589	0.02128	0.01320	0.00771	0.00844	0.00257	0.01027	0.00758	0.00416	0.01294
60	0.01006	0.00862	0.00862	0.00862	0.01149	0.00718	0.00647	0.01221	0.01940	0.02299	0.08621	0.08190	0.64438	0.02155	0.01006	0.00287	0.00431	0.01796	0.00790	0.00718
61	0.01143	0.00832	0.01095	0.01244	0.01374	0.00785	0.00936	0.01391	0.01834	0.02419	0.11347	0.40086	0.11790	0.02429	0.01094	0.00344	0.00557	0.17765	0.00804	0.00731
62	0.03083	0.03896	0.02426	0.02195	0.02602	0.62020	0.01660	0.03300	0.02331	0.02080	0.01301	0.01558	0.01098	0.00921	0.00915	0.00230	0.06403	0.00562	0.00434	0.00983
63	0.02154	0.10109	0.39740	0.02266	0.03184	0.19154	0.02521	0.02828	0.01923	0.02433	0.01416	0.01693	0.01086	0.00860	0.00894	0.00255	0.05353	0.00599	0.00381	0.01152
64	0.16272	0.30173	0.09191	0.01784	0.02432	0.16849	0.04365	0.02726	0.01826	0.02463	0.01267	0.01514	0.01070	0.00816	0.00745	0.00228	0.04286	0.00533	0.00414	0.01047
65	0.02637	0.01524	0.01804	0.01457	0.01966	0.01505	0.01176	0.21160	0.02844	0.23521	0.17314	0.04186	0.12457	0.01360	0.00910	0.00265	0.00675	0.01119	0.00925	0.01196

[dist]
# distance from previous block
# <min> <max>
0	1

[block]
# block no. 6 follows, 21 sequences, length 22
# corresponding to MSA columns:
# 300-321
name=unknown_G
#
# <colnr> <probs for GDERKNQSTAVLIFYWHMCP>
#	G	D	E	R	K	N	Q	S	T	A	V	L	I	F	Y	W	H	M	C	P
0	0.02582	0.18096	0.02726	0.01894	0.02339	0.35602	0.01525	0.02970	0.06574	0.02187	0.02006	0.02185	0.06265	0.01034	0.00968	0.00238	0.08644	0.00679	0.00474	0.01009
1	0.22209	0.23356	0.03340	0.02393	0.12647	0.02487	0.11127	0.02527	0.01692	0.02742	0.01332	0.01686	0.01122	0.00819	0.00872	0.00250	0.07269	0.00621	0.00429	0.01081
2	0.01113	0.00906	0.00995	0.01029	0.01262	0.00825	0.00749	0.01493	0.06663	0.02434	0.10701	0.23931	0.40478	0.02186	0.01016	0.00302	0.00465	0.01880	0.00805	0.00766
3	0.01633	0.01332	0.01500	0.01377	0.01718	0.01432	0.01056	0.02990	0.31748	0.03415	0.31512	0.04934	0.08889	0.01483	0.00937	0.00279	0.00535	0.01276	0.00894	0.01060
4	0.01907	0.01891	0.01680	0.01753	0.02020	0.20449	0.01452	0.02248	0.02093	0.02409	0.03560	0.07209	0.03771	0.01914	0.01054	0.00341	0.01006	0.41717	0.00681	0.00844
5	0.01765	0.01513	0.01765	0.01260	0.02017	0.01134	0.01008	0.02143	0.01765	0.02773	0.01513	0.01765	0.01260	0.00630	0.00630	0.00126	0.00630	0.00504	0.00504	0.75295
6	0.01094	0.00866	0.00985	0.00955	0.01204	0.00756	0.00716	0.01393	0.02149	0.02795	0.33430	0.07374	0.39320	0.01970	0.01005	0.00279	0.00418	0.01682	0.00856	0.00756
7	0.01217	0.00905	0.01333	0.01333	0.01474	0.01045	0.01021	0.01498	0.01358	0.01950	0.02311	0.03517	0.02203	0.11346	0.61859	0.01325	0.02166	0.00937	0.00461	0.00741
8	0.07456	0.01632	0.01948	0.01470	0.02159	0.01471	0.01202	0.12533	0.02385	0.29721	0.02357	0.02264	0.01627	0.00881	0.00754	0.00213	0.00720	0.00692	0.00793	0.27722
9	0.10290	0.01662	0.01852	0.01377	0.02089	0.01471	0.01116	0.11969	0.02143	0.08181	0.01706	0.01856	0.01319	0.00744	0.00672	0.00173	0.00690	0.00569	0.00605	0.49517
10	0.01136	0.00829	0.01068	0.01090	0.01250	0.00761	0.00786	0.01443	0.02126	0.02933	0.41121	0.26382	0.11778	0.02064	0.01030	0.00294	0.00433	0.01837	0.00879	0.00761
11	0.03098	0.15738	0.05829	0.01759	0.02428	0.05457	0.01552	0.22718	0.02730	0.24001	0.02203	0.02144	0.01544	0.00977	0.00872	0.00248	0.03907	0.00716	0.00756	0.01322
12	0.05127	0.05167	0.26476	0.02319	0.05859	0.01833	0.11269	0.02648	0.01846	0.09595	0.01905	0.06158	0.01535	0.00951	0.00940	0.00262	0.05086	0.00807	0.00501	0.09717
13	0.02802	0.16918	0.06870	0.02126	0.05451	0.30603	0.01723	0.14547	0.06164	0.02861	0.01585	0.01740	0.01264	0.00882	0.00751	0.00228	0.01200	0.00611	0.00523	0.01152
14	0.01785	0.01658	0.02707	0.03985	0.45940	0.01631	0.02053	0.02194	0.01886	0.02616	0.03024	0.14160	0.10218	0.01258	0.00904	0.00273	0.00850	0.01170	0.00531	0.01157
15	0.01234	0.00903	0.01127	0.01240	0.01376	0.00871	0.00883	0.06083	0.01877	0.02469	0.04894	0.53038	0.11649	0.02456	0.01065	0.00335	0.00544	0.06402	0.00794	0.00761
16	0.19534	0.07107	0.05056	0.01821	0.02388	0.32059	0.01490	0.11173	0.02303	0.03001	0.01402	0.01588	0.01115	0.00849	0.00704	0.00228	0.01143	0.00554	0.00512	0.05976
17	0.26464	0.01474	0.01420	0.01262	0.01608	0.01642	0.00935	0.10840	0.11213	0.03192	0.02214	0.03311	0.02063	0.26680	0.02042	0.00475	0.00762	0.00871	0.00621	0.00911
18	0.01035	0.00750	0.00978	0.01161	0.01228	0.00693	0.00779	0.01188	0.01652	0.02182	0.04979	0.65026	0.09953	0.02629	0.01080	0.00341	0.00489	0.02373	0.00790	0.00693
19	0.02361	0.13536	0.06549	0.02102	0.09218	0.21125	0.01601	0.05179	0.02066	0.02551	0.01435	0.01684	0.01191	0.00760	0.00701	0.00191	0.01036	0.00556	0.00459	0.25701
20	0.02471	0.15570	0.07927	0.11941	0.15117	0.24429	0.02013	0.06367	0.02141	0.02460	0.01434	0.01768	0.01169	0.00826	0.00761	0.00234	0.01204	0.00620	0.00431	0.01119
21	0.26708	0.05268	0.04857	0.01586	0.02174	0.06206	0.01336	0.12610	0.20277	0.03680	0.02040	0.02070	0.01548	0.00929	0.00714	0.00255	0.00800	0.00674	0.00657	0.05612

[dist]
# distance from previous block
# <min> <max>
0	1

[block]
# block no. 7 follows, 21 sequences, length 26
# corresponding to MSA columns:
# 323-348
name=unknown_H
#
# <colnr> <probs for GDERKNQSTAVLIFYWHMCP>
#	G	D	E	R	K	N	Q	S	T	A	V	L	I	F	Y	W	H	M	C	P
0	0.21166	0.06228	0.08609	0.02233	0.02777	0.02182	0.18347	0.02407	0.01612	0.02748	0.01424	0.01924	0.01179	0.01320	0.05758	0.00367	0.17544	0.00727	0.00433	0.01016
1	0.02062	0.02042	0.03681	0.08385	0.50899	0.02038	0.13026	0.02608	0.01937	0.02737	0.01617	0.02149	0.01326	0.00756	0.00872	0.00260	0.01093	0.00802	0.00420	0.01291
2	0.03179	0.04056	0.02412	0.02192	0.02631	0.66676	0.01644	0.03398	0.02412	0.02083	0.01315	0.01535	0.01096	0.00877	0.00767	0.00219	0.01535	0.00548	0.00438	0.00987
3	0.01216	0.00912	0.01368	0.01368	0.01520	0.01064	0.01064	0.01520	0.01368	0.01976	0.02279	0.03343	0.02127	0.06382	0.66720	0.01368	0.02279	0.00912	0.00456	0.00760
4	0.01251	0.00963	0.01435	0.01415	0.01559	0.01148	0.01107	0.01548	0.01364	0.01979	0.02216	0.03263	0.02073	0.06116	0.63243	0.01314	0.05883	0.00903	0.00451	0.00769
5	0.02127	0.02466	0.15859	0.04442	0.48814	0.01967	0.02638	0.02719	0.01939	0.06466	0.01690	0.02091	0.01339	0.00786	0.00836	0.00257	0.01044	0.00738	0.00446	0.01336
6	0.03100	0.03924	0.02423	0.02195	0.02607	0.62819	0.01657	0.03317	0.02345	0.02081	0.01303	0.01554	0.01097	0.00914	0.00889	0.00228	0.05568	0.00560	0.00434	0.00983
7	0.01192	0.00869	0.01120	0.01058	0.01264	0.00798	0.00793	0.01582	0.02380	0.03343	0.60843	0.06472	0.11565	0.01766	0.01004	0.00269	0.00403	0.01555	0.00928	0.00798
8	0.01862	0.01862	0.02607	0.02234	0.02234	0.02607	0.01862	0.02048	0.01303	0.02048	0.01117	0.01862	0.01117	0.01489	0.02793	0.00372	0.68535	0.00745	0.00372	0.00931
9	0.01057	0.00864	0.00934	0.00916	0.01181	0.00740	0.00687	0.01321	0.02062	0.02588	0.23102	0.07714	0.49777	0.02047	0.01005	0.00282	0.00423	0.01729	0.00828	0.00740
10	0.01765	0.01513	0.01765	0.01260	0.02017	0.01134	0.01008	0.02143	0.01765	0.02773	0.01513	0.01765	0.01260	0.00630	0.00630	0.00126	0.00630	0.00504	0.00504	0.75295
11	0.02106	0.02022	0.03454	0.05223	0.64784	0.02022	0.02612	0.02612	0.01938	0.02780	0.01601	0.02106	0.01348	0.00758	0.00842	0.00253	0.01011	0.00758	0.00421	0.01348
12	0.01707	0.04402	0.65683	0.02426	0.03683	0.01976	0.03144	0.02695	0.01797	0.02695	0.01527	0.01797	0.01078	0.00809	0.00809	0.00270	0.01258	0.00629	0.00359	0.01258
13	0.01037	0.00741	0.00987	0.01185	0.01234	0.00691	0.00790	0.01185	0.01629	0.02172	0.04690	0.69537	0.05629	0.02666	0.01086	0.00346	0.00494	0.02419	0.00790	0.00691
14	0.03684	0.01663	0.02108	0.01616	0.02279	0.01569	0.01335	0.17399	0.02795	0.51615	0.03056	0.02701	0.01955	0.01046	0.00855	0.00262	0.00773	0.00835	0.01007	0.01448
15	0.14444	0.05628	0.22991	0.02402	0.03128	0.02211	0.16626	0.02515	0.01673	0.02715	0.01408	0.01844	0.01113	0.00936	0.01252	0.00293	0.16609	0.00711	0.00408	0.01092
16	0.02574	0.01954	0.01910	0.01641	0.02079	0.17142	0.01293	0.02868	0.01988	0.21246	0.02225	0.02512	0.01720	0.02524	0.19966	0.00561	0.04584	0.00750	0.00634	0.09829
17	0.01217	0.00906	0.01338	0.01338	0.01479	0.01047	0.01026	0.01500	0.01359	0.01953	0.02307	0.03495	0.02194	0.10734	0.62459	0.01331	0.02180	0.00934	0.00460	0.00743
18	0.01126	0.00806	0.00949	0.01011	0.01092	0.00760	0.00649	0.01240	0.01569	0.02053	0.08290	0.27551	0.15311	0.30941	0.02435	0.00532	0.00616	0.01754	0.00684	0.00629
19	0.05529	0.07091	0.44181	0.02910	0.15286	0.02062	0.05935	0.02664	0.01814	0.02733	0.01517	0.01840	0.01134	0.00789	0.00798	0.00262	0.01172	0.00656	0.00384	0.01244
20	0.02561	0.07649	0.18897	0.01980	0.02719	0.11913	0.01911	0.27397	0.02794	0.03664	0.01923	0.05619	0.01541	0.01013	0.00807	0.00251	0.01057	0.00769	0.04304	0.01231
21	0.01671	0.01101	0.01573	0.13323	0.05487	0.01102	0.01258	0.01979	0.01881	0.12094	0.08154	0.24406	0.10508	0.05054	0.01144	0.00332	0.00698	0.06603	0.00735	0.00898
22	0.02355	0.02441	0.02844	0.03680	0.35333	0.16868	0.02083	0.03256	0.16941	0.02810	0.01988	0.02235	0.01594	0.00882	0.00831	0.00254	0.01049	0.00760	0.00533	0.01265
23	0.01897	0.01808	0.03075	0.31612	0.40034	0.01967	0.02507	0.02428	0.01839	0.02526	0.01564	0.02175	0.01258	0.00797	0.00846	0.00266	0.01063	0.00757	0.00403	0.01179
24	0.01838	0.02267	0.17748	0.36889	0.04494	0.01918	0.02315	0.02819	0.12626	0.05881	0.01958	0.02347	0.01430	0.00905	0.00843	0.00280	0.01061	0.00767	0.00495	0.01119
25	0.02150	0.02262	0.06513	0.04904	0.58043	0.05844	0.02581	0.02662	0.01959	0.02735	0.01580	0.02057	0.01320	0.00768	0.00836	0.00252	0.01054	0.00739	0.00419	0.01322

[dist]
# distance from previous block
# <min> <max>
0	23

# created by:
# /home/cegg/simao/soft/augustus-3.2.1/scripts/msa2prfl.pl ./align_prep/10916.fa
