[name]
unknown

[dist]
# distance from previous block
# <min> <max>
0	30

[block]
# block no. 0 follows, 19 sequences, length 79
# corresponding to MSA columns:
# 30-108
name=unknown_A
#
# <colnr> <probs for GDERKNQSTAVLIFYWHMCP>
#	G	D	E	R	K	N	Q	S	T	A	V	L	I	F	Y	W	H	M	C	P
0	0.01380	0.00986	0.01371	0.01577	0.01756	0.00976	0.01334	0.01747	0.01999	0.02608	0.04771	0.20278	0.05284	0.02530	0.01219	0.00403	0.00770	0.47381	0.00825	0.00807
1	0.01831	0.08537	0.60331	0.02488	0.03777	0.02166	0.03198	0.02824	0.01885	0.02789	0.01584	0.01861	0.01134	0.00845	0.00833	0.00278	0.01300	0.00650	0.00378	0.01312
2	0.01380	0.01180	0.01231	0.01185	0.01463	0.04762	0.00903	0.01845	0.05890	0.03025	0.32098	0.07082	0.27781	0.01936	0.01042	0.00294	0.00545	0.04619	0.00882	0.00856
3	0.01830	0.08506	0.60359	0.02489	0.03777	0.02166	0.03199	0.02824	0.01885	0.02789	0.01584	0.01862	0.01134	0.00845	0.00833	0.00278	0.01300	0.00650	0.00378	0.01312
4	0.01554	0.00777	0.01166	0.01166	0.01166	0.00777	0.00777	0.01166	0.01166	0.01554	0.01554	0.02720	0.01554	0.03108	0.03497	0.73970	0.00777	0.00777	0.00389	0.00389
5	0.04014	0.01523	0.02076	0.01592	0.02284	0.01315	0.01315	0.04360	0.02561	0.63597	0.03530	0.03045	0.02215	0.01107	0.00900	0.00277	0.00761	0.00900	0.01107	0.01523
6	0.03734	0.01971	0.02354	0.01805	0.02508	0.01981	0.01491	0.29743	0.03311	0.37154	0.02899	0.02636	0.01898	0.01092	0.00898	0.00273	0.00863	0.00857	0.01010	0.01522
7	0.02049	0.01957	0.03333	0.24660	0.45100	0.02082	0.02664	0.02601	0.01959	0.02722	0.01654	0.02268	0.01346	0.00828	0.00888	0.00276	0.01104	0.00796	0.00429	0.01284
8	0.01063	0.00884	0.00930	0.00966	0.01224	0.00750	0.00706	0.01277	0.01982	0.02393	0.08336	0.19057	0.52637	0.02360	0.01072	0.00313	0.00465	0.02003	0.00831	0.00750
9	0.01090	0.00779	0.01038	0.01246	0.01298	0.00727	0.00830	0.01246	0.01713	0.02284	0.04931	0.67975	0.05917	0.02803	0.01142	0.00363	0.00519	0.02543	0.00830	0.00727
10	0.03129	0.02250	0.02442	0.01948	0.02603	0.02484	0.01585	0.39300	0.20079	0.10528	0.02696	0.02566	0.01925	0.01116	0.00900	0.00279	0.00886	0.00872	0.00919	0.01492
11	0.02112	0.02413	0.05279	0.03771	0.04676	0.02262	0.59729	0.02866	0.02112	0.02866	0.01810	0.02413	0.01357	0.00754	0.01056	0.00302	0.01508	0.01056	0.00452	0.01207
12	0.01090	0.00779	0.01038	0.01246	0.01298	0.00727	0.00830	0.01246	0.01713	0.02284	0.04931	0.67975	0.05917	0.02803	0.01142	0.00363	0.00519	0.02543	0.00830	0.00727
13	0.01090	0.00779	0.01038	0.01246	0.01298	0.00727	0.00830	0.01246	0.01713	0.02284	0.04931	0.67975	0.05917	0.02803	0.01142	0.00363	0.00519	0.02543	0.00830	0.00727
14	0.01111	0.00919	0.00981	0.00994	0.01280	0.00788	0.00765	0.01371	0.02081	0.02537	0.13006	0.08593	0.52770	0.02250	0.01074	0.00311	0.00486	0.07072	0.00843	0.00769
15	0.02158	0.02126	0.03647	0.04759	0.46220	0.02248	0.08558	0.02654	0.01928	0.02781	0.01607	0.02190	0.01368	0.00928	0.01264	0.00292	0.12699	0.00822	0.00435	0.01318
16	0.01794	0.04628	0.63923	0.02550	0.03872	0.02078	0.03305	0.02833	0.01889	0.02833	0.01606	0.01889	0.01133	0.00850	0.00850	0.00283	0.01322	0.00661	0.00378	0.01322
17	0.02214	0.02126	0.03631	0.05491	0.62978	0.02126	0.02746	0.02746	0.02037	0.02923	0.01683	0.02214	0.01417	0.00797	0.00886	0.00266	0.01063	0.00797	0.00443	0.01417
18	0.01668	0.00834	0.00834	0.00834	0.01042	0.00834	0.00625	0.02085	0.01876	0.03335	0.02918	0.03335	0.02293	0.01042	0.00625	0.00208	0.00417	0.00834	0.73525	0.00834
19	0.01119	0.00799	0.01071	0.01278	0.01343	0.00751	0.00880	0.01295	0.01741	0.02316	0.04915	0.63261	0.05855	0.02776	0.01150	0.00367	0.00544	0.06975	0.00830	0.00735
20	0.02214	0.02126	0.03631	0.05491	0.62978	0.02126	0.02746	0.02746	0.02037	0.02923	0.01683	0.02214	0.01417	0.00797	0.00886	0.00266	0.01063	0.00797	0.00443	0.01417
21	0.01794	0.04628	0.63923	0.02550	0.03872	0.02078	0.03305	0.02833	0.01889	0.02833	0.01606	0.01889	0.01133	0.00850	0.00850	0.00283	0.01322	0.00661	0.00378	0.01322
22	0.02165	0.02075	0.03542	0.11250	0.57607	0.02113	0.02721	0.02702	0.02014	0.02863	0.01674	0.02230	0.01396	0.00806	0.00887	0.00269	0.01075	0.00797	0.00439	0.01377
23	0.01471	0.11607	0.01917	0.01423	0.01680	0.01483	0.01159	0.01790	0.01519	0.02143	0.02242	0.03181	0.02069	0.05504	0.51800	0.01183	0.02075	0.00877	0.04023	0.00855
24	0.02037	0.01085	0.01443	0.01256	0.01602	0.00976	0.00976	0.02437	0.02540	0.20415	0.45968	0.05663	0.06695	0.01627	0.01012	0.00280	0.00517	0.01417	0.01019	0.01034
25	0.01981	0.01175	0.01445	0.01294	0.01540	0.01194	0.00931	0.08033	0.01892	0.13136	0.03086	0.04600	0.05561	0.32989	0.16479	0.00797	0.01173	0.01133	0.00679	0.00883
26	0.02993	0.16594	0.08028	0.02384	0.08406	0.31448	0.01870	0.06731	0.02396	0.08776	0.01667	0.01836	0.01306	0.00901	0.00786	0.00237	0.01282	0.00631	0.00529	0.01197
27	0.01090	0.00779	0.01038	0.01246	0.01298	0.00727	0.00830	0.01246	0.01713	0.02284	0.04931	0.67975	0.05917	0.02803	0.01142	0.00363	0.00519	0.02543	0.00830	0.00727
28	0.01215	0.00857	0.01128	0.01299	0.01380	0.00827	0.00932	0.01407	0.01727	0.02286	0.04511	0.42577	0.05256	0.14291	0.01766	0.00464	0.00657	0.15923	0.00778	0.00718
29	0.13595	0.02143	0.03113	0.10382	0.44378	0.05905	0.02381	0.02734	0.01963	0.02989	0.01588	0.02075	0.01310	0.00819	0.00830	0.00268	0.01051	0.00735	0.00457	0.01284
30	0.02200	0.02204	0.03309	0.19240	0.44192	0.08024	0.02589	0.02718	0.02027	0.02707	0.01633	0.02197	0.01340	0.00831	0.00880	0.00270	0.01145	0.00776	0.00434	0.01284
31	0.01301	0.00867	0.00976	0.00976	0.00976	0.00867	0.00542	0.01301	0.01301	0.01735	0.02819	0.05855	0.03253	0.68559	0.04554	0.00867	0.00867	0.01301	0.00542	0.00542
32	0.74878	0.01730	0.01315	0.01177	0.01730	0.02007	0.00969	0.02630	0.01523	0.04014	0.01246	0.01453	0.00969	0.00830	0.00554	0.00277	0.00692	0.00484	0.00554	0.00969
33	0.02392	0.69097	0.04688	0.01531	0.02296	0.03540	0.01531	0.02679	0.01818	0.02105	0.01244	0.01435	0.01148	0.00765	0.00574	0.00191	0.00957	0.00478	0.00383	0.01148
34	0.01208	0.00912	0.01115	0.01064	0.01301	0.00819	0.00798	0.01575	0.02394	0.03259	0.47520	0.07223	0.23632	0.01951	0.01056	0.00287	0.00431	0.01694	0.00942	0.00819
35	0.03342	0.04264	0.02535	0.02305	0.02766	0.64967	0.01729	0.03572	0.02535	0.02190	0.01383	0.01613	0.01152	0.00922	0.00807	0.00230	0.01613	0.00576	0.00461	0.01037
36	0.02070	0.02193	0.04151	0.07187	0.16184	0.02341	0.30149	0.02628	0.01890	0.02664	0.01610	0.02255	0.01314	0.00977	0.01490	0.00317	0.18047	0.00919	0.00432	0.01180
37	0.01057	0.00906	0.00906	0.00906	0.01208	0.00755	0.00680	0.01284	0.02039	0.02417	0.09063	0.08610	0.62615	0.02266	0.01057	0.00302	0.00453	0.01888	0.00831	0.00755
38	0.01076	0.00907	0.00933	0.00926	0.01220	0.00763	0.00695	0.01321	0.02084	0.02523	0.13903	0.08435	0.57709	0.02226	0.01057	0.00300	0.00450	0.01864	0.00845	0.00763
39	0.02044	0.02214	0.04170	0.03150	0.03659	0.02471	0.34495	0.02554	0.01788	0.02554	0.01532	0.02214	0.01278	0.01109	0.01877	0.00341	0.30080	0.00937	0.00426	0.01107
40	0.01736	0.01632	0.02317	0.02053	0.02104	0.02213	0.01684	0.01972	0.01392	0.02128	0.01572	0.02464	0.01520	0.03239	0.23126	0.00732	0.45935	0.00840	0.00420	0.00920
41	0.02234	0.01173	0.01622	0.01611	0.01962	0.01105	0.01373	0.02613	0.02201	0.21828	0.04366	0.10635	0.04262	0.02058	0.01126	0.00367	0.00790	0.36721	0.00913	0.01039
42	0.03342	0.04264	0.02535	0.02305	0.02766	0.64967	0.01729	0.03572	0.02535	0.02190	0.01383	0.01613	0.01152	0.00922	0.00807	0.00230	0.01613	0.00576	0.00461	0.01037
43	0.01954	0.04376	0.53137	0.02510	0.03643	0.08077	0.03047	0.02848	0.01908	0.02717	0.01549	0.01868	0.01138	0.00915	0.01016	0.00287	0.06692	0.00663	0.00387	0.01267
44	0.02141	0.02175	0.03926	0.04467	0.36345	0.02271	0.18210	0.02674	0.01940	0.02772	0.01628	0.02224	0.01358	0.00921	0.01293	0.00298	0.12774	0.00865	0.00436	0.01282
45	0.01090	0.00779	0.01038	0.01246	0.01298	0.00727	0.00830	0.01246	0.01713	0.02284	0.04931	0.67975	0.05917	0.02803	0.01142	0.00363	0.00519	0.02543	0.00830	0.00727
46	0.12250	0.09180	0.44517	0.02185	0.03295	0.02115	0.02647	0.02937	0.01895	0.08683	0.01708	0.01900	0.01214	0.00865	0.00791	0.00274	0.01151	0.00644	0.00472	0.01278
47	0.02234	0.01745	0.01970	0.01558	0.02153	0.01712	0.01245	0.20543	0.08978	0.04026	0.17120	0.03302	0.03302	0.01140	0.00859	0.00230	0.00709	0.00937	0.00798	0.25439
48	0.01090	0.00779	0.01038	0.01246	0.01298	0.00727	0.00830	0.01246	0.01713	0.02284	0.04931	0.67975	0.05917	0.02803	0.01142	0.00363	0.00519	0.02543	0.00830	0.00727
49	0.74878	0.01730	0.01315	0.01177	0.01730	0.02007	0.00969	0.02630	0.01523	0.04014	0.01246	0.01453	0.00969	0.00830	0.00554	0.00277	0.00692	0.00484	0.00554	0.00969
50	0.01301	0.00867	0.00976	0.00976	0.00976	0.00867	0.00542	0.01301	0.01301	0.01735	0.02819	0.05855	0.03253	0.68559	0.04554	0.00867	0.00867	0.01301	0.00542	0.00542
51	0.01150	0.00919	0.01035	0.01031	0.01299	0.00804	0.00790	0.01449	0.02186	0.02781	0.24388	0.08165	0.42044	0.02154	0.01071	0.00305	0.00474	0.06293	0.00875	0.00787
52	0.01213	0.00912	0.01122	0.01070	0.01304	0.00822	0.00802	0.01585	0.02407	0.03290	0.48904	0.07173	0.22229	0.01940	0.01056	0.00287	0.00430	0.01687	0.00946	0.00822
53	0.03342	0.04264	0.02535	0.02305	0.02766	0.64967	0.01729	0.03572	0.02535	0.02190	0.01383	0.01613	0.01152	0.00922	0.00807	0.00230	0.01613	0.00576	0.00461	0.01037
54	0.03348	0.04098	0.02549	0.02282	0.02767	0.59087	0.01726	0.08906	0.02693	0.02516	0.01455	0.01664	0.01187	0.00936	0.00815	0.00234	0.01554	0.00598	0.00502	0.01083
55	0.01794	0.04628	0.63923	0.02550	0.03872	0.02078	0.03305	0.02833	0.01889	0.02833	0.01606	0.01889	0.01133	0.00850	0.00850	0.00283	0.01322	0.00661	0.00378	0.01322
56	0.01090	0.00779	0.01038	0.01246	0.01298	0.00727	0.00830	0.01246	0.01713	0.02284	0.04931	0.67975	0.05917	0.02803	0.01142	0.00363	0.00519	0.02543	0.00830	0.00727
57	0.01057	0.00906	0.00906	0.00906	0.01208	0.00755	0.00680	0.01284	0.02039	0.02417	0.09063	0.08610	0.62615	0.02266	0.01057	0.00302	0.00453	0.01888	0.00831	0.00755
58	0.03097	0.03800	0.02773	0.02996	0.15833	0.51329	0.01949	0.03393	0.02427	0.02349	0.01448	0.01744	0.01210	0.00895	0.00824	0.00238	0.01494	0.00624	0.00457	0.01120
59	0.74878	0.01730	0.01315	0.01177	0.01730	0.02007	0.00969	0.02630	0.01523	0.04014	0.01246	0.01453	0.00969	0.00830	0.00554	0.00277	0.00692	0.00484	0.00554	0.00969
60	0.01794	0.04628	0.63923	0.02550	0.03872	0.02078	0.03305	0.02833	0.01889	0.02833	0.01606	0.01889	0.01133	0.00850	0.00850	0.00283	0.01322	0.00661	0.00378	0.01322
61	0.01794	0.04628	0.63923	0.02550	0.03872	0.02078	0.03305	0.02833	0.01889	0.02833	0.01606	0.01889	0.01133	0.00850	0.00850	0.00283	0.01322	0.00661	0.00378	0.01322
62	0.01315	0.00947	0.01381	0.01381	0.01545	0.01091	0.01072	0.01644	0.01479	0.02196	0.02446	0.03498	0.02242	0.06174	0.58926	0.01322	0.02209	0.00947	0.07385	0.00802
63	0.01151	0.00826	0.00998	0.01108	0.01182	0.00775	0.00716	0.01269	0.01634	0.02132	0.04913	0.39145	0.13945	0.23410	0.02202	0.00512	0.00618	0.02050	0.00740	0.00673
64	0.01057	0.00906	0.00906	0.00906	0.01208	0.00755	0.00680	0.01284	0.02039	0.02417	0.09063	0.08610	0.62615	0.02266	0.01057	0.00302	0.00453	0.01888	0.00831	0.00755
65	0.01080	0.00819	0.00997	0.01139	0.01270	0.00736	0.00783	0.01258	0.01816	0.02326	0.06231	0.49295	0.23758	0.02634	0.01115	0.00344	0.00498	0.02337	0.00831	0.00736
66	0.21552	0.03513	0.02234	0.02003	0.02503	0.45202	0.01534	0.06727	0.02378	0.02861	0.01394	0.01605	0.01128	0.00908	0.00748	0.00245	0.01341	0.00567	0.00511	0.01049
67	0.01939	0.01095	0.01123	0.01025	0.01313	0.01137	0.00793	0.11140	0.02241	0.03696	0.02798	0.03150	0.02172	0.01047	0.00668	0.00218	0.00506	0.00829	0.62168	0.00941
68	0.06227	0.04452	0.60126	0.02467	0.03742	0.02073	0.03164	0.02821	0.01867	0.02905	0.01584	0.01862	0.01123	0.00849	0.00832	0.00283	0.01284	0.00650	0.00388	0.01301
69	0.02132	0.02042	0.03483	0.15017	0.54093	0.02104	0.02705	0.02674	0.01998	0.02823	0.01668	0.02241	0.01382	0.00812	0.00887	0.00271	0.01083	0.00797	0.00436	0.01351
70	0.01429	0.01148	0.01590	0.01611	0.01668	0.01343	0.01237	0.01588	0.01623	0.02245	0.03552	0.34712	0.04086	0.02431	0.01865	0.06807	0.19209	0.10404	0.00668	0.00783
71	0.02243	0.01954	0.02980	0.13848	0.35006	0.02081	0.02280	0.03282	0.17128	0.06682	0.02278	0.02577	0.01764	0.00937	0.00894	0.00281	0.00975	0.00858	0.00595	0.01357
72	0.01726	0.01851	0.01589	0.11409	0.02365	0.16994	0.01222	0.02011	0.02124	0.02340	0.05985	0.05897	0.37734	0.01717	0.00969	0.00284	0.00858	0.01391	0.00671	0.00863
73	0.01855	0.01590	0.01855	0.01325	0.02120	0.01193	0.01060	0.02253	0.01855	0.02915	0.01590	0.01855	0.01325	0.00663	0.00663	0.00133	0.00663	0.00530	0.00530	0.74028
74	0.26558	0.02561	0.16759	0.14035	0.06036	0.02177	0.02029	0.13933	0.02211	0.03683	0.01593	0.01902	0.01179	0.00894	0.00770	0.00280	0.01009	0.00662	0.00545	0.01186
75	0.02390	0.08833	0.02910	0.03087	0.21419	0.21712	0.01947	0.02733	0.01997	0.02389	0.01621	0.02156	0.01428	0.01954	0.12331	0.00467	0.08337	0.00725	0.00444	0.01119
76	0.02649	0.06617	0.03605	0.06829	0.18454	0.12089	0.15099	0.17441	0.02656	0.03404	0.01752	0.02112	0.01361	0.00881	0.00896	0.00266	0.01229	0.00804	0.00557	0.01298
77	0.17700	0.12466	0.06012	0.01612	0.02169	0.02214	0.01398	0.19176	0.05948	0.03591	0.01895	0.04998	0.01599	0.01405	0.01240	0.13235	0.00865	0.00763	0.00621	0.01093
78	0.02737	0.09085	0.03494	0.02770	0.08794	0.17854	0.16496	0.17571	0.02674	0.03282	0.01781	0.02224	0.01438	0.04558	0.01081	0.00292	0.01271	0.00808	0.00565	0.01224

[dist]
# distance from previous block
# <min> <max>
2	8

[block]
# block no. 1 follows, 19 sequences, length 77
# corresponding to MSA columns:
# 117-193
name=unknown_B
#
# <colnr> <probs for GDERKNQSTAVLIFYWHMCP>
#	G	D	E	R	K	N	Q	S	T	A	V	L	I	F	Y	W	H	M	C	P
0	0.17818	0.01909	0.01680	0.01486	0.01947	0.11476	0.01145	0.08052	0.05190	0.03278	0.08471	0.13464	0.06565	0.01367	0.00837	0.00263	0.00793	0.01095	0.00690	0.12474
1	0.02470	0.06258	0.12116	0.01714	0.02275	0.01794	0.01553	0.14192	0.02331	0.16112	0.02664	0.09474	0.02359	0.15326	0.01761	0.00409	0.04261	0.01055	0.00719	0.01156
2	0.01467	0.00954	0.01232	0.01256	0.01412	0.00923	0.00893	0.01676	0.01897	0.08450	0.13838	0.36433	0.10977	0.09122	0.01538	0.00389	0.03936	0.01956	0.00830	0.00820
3	0.03349	0.04065	0.02552	0.02277	0.02767	0.57918	0.01725	0.09968	0.02725	0.02580	0.01470	0.01674	0.01194	0.00939	0.00817	0.00235	0.01542	0.00602	0.00510	0.01092
4	0.01129	0.00886	0.01021	0.01036	0.01264	0.00778	0.00758	0.01404	0.02135	0.02759	0.25031	0.18662	0.35500	0.02226	0.01072	0.00307	0.00455	0.01921	0.00879	0.00778
5	0.02214	0.02126	0.03631	0.05491	0.62978	0.02126	0.02746	0.02746	0.02037	0.02923	0.01683	0.02214	0.01417	0.00797	0.00886	0.00266	0.01063	0.00797	0.00443	0.01417
6	0.02115	0.39197	0.32160	0.02003	0.03027	0.02862	0.02354	0.02750	0.01851	0.02443	0.01412	0.01646	0.01141	0.00805	0.00702	0.00234	0.01126	0.00563	0.00380	0.01229
7	0.01862	0.11942	0.57203	0.02434	0.03693	0.02244	0.03104	0.02816	0.01881	0.02751	0.01564	0.01837	0.01135	0.00840	0.00819	0.00273	0.01281	0.00640	0.00378	0.01302
8	0.01530	0.01329	0.01921	0.01775	0.01876	0.01719	0.01429	0.01803	0.01413	0.02105	0.01943	0.02937	0.01843	0.04803	0.42007	0.01050	0.26310	0.00893	0.00447	0.00865
9	0.01090	0.00779	0.01038	0.01246	0.01298	0.00727	0.00830	0.01246	0.01713	0.02284	0.04931	0.67975	0.05917	0.02803	0.01142	0.00363	0.00519	0.02543	0.00830	0.00727
10	0.01301	0.00867	0.00976	0.00976	0.00976	0.00867	0.00542	0.01301	0.01301	0.01735	0.02819	0.05855	0.03253	0.68559	0.04554	0.00867	0.00867	0.01301	0.00542	0.00542
11	0.03342	0.04264	0.02535	0.02305	0.02766	0.64967	0.01729	0.03572	0.02535	0.02190	0.01383	0.01613	0.01152	0.00922	0.00807	0.00230	0.01613	0.00576	0.00461	0.01037
12	0.03401	0.02506	0.02685	0.02058	0.02774	0.02774	0.01700	0.59995	0.04206	0.05638	0.02148	0.02148	0.01521	0.01074	0.00895	0.00268	0.00984	0.00805	0.00895	0.01521
13	0.01794	0.01625	0.02632	0.03749	0.37000	0.01644	0.01995	0.02183	0.01928	0.02719	0.06069	0.23201	0.03216	0.01527	0.01080	0.00304	0.04204	0.01393	0.00593	0.01145
14	0.01231	0.00838	0.00996	0.01065	0.01082	0.00821	0.00637	0.01283	0.01437	0.01916	0.03517	0.26401	0.04134	0.46810	0.03425	0.00701	0.00752	0.01712	0.00637	0.00603
15	0.02214	0.02126	0.03631	0.05491	0.62978	0.02126	0.02746	0.02746	0.02037	0.02923	0.01683	0.02214	0.01417	0.00797	0.00886	0.00266	0.01063	0.00797	0.00443	0.01417
16	0.02218	0.02062	0.03130	0.04348	0.44079	0.02157	0.02331	0.03371	0.20523	0.03178	0.02293	0.02564	0.01827	0.00927	0.00893	0.00277	0.00952	0.00864	0.00589	0.01417
17	0.03176	0.03985	0.02430	0.02213	0.02668	0.58762	0.01662	0.03518	0.05377	0.02276	0.01869	0.02040	0.04242	0.01002	0.00824	0.00238	0.01512	0.00662	0.00501	0.01042
18	0.01794	0.04628	0.63923	0.02550	0.03872	0.02078	0.03305	0.02833	0.01889	0.02833	0.01606	0.01889	0.01133	0.00850	0.00850	0.00283	0.01322	0.00661	0.00378	0.01322
19	0.01057	0.00906	0.00906	0.00906	0.01208	0.00755	0.00680	0.01284	0.02039	0.02417	0.09063	0.08610	0.62615	0.02266	0.01057	0.00302	0.00453	0.01888	0.00831	0.00755
20	0.03401	0.02506	0.02685	0.02058	0.02774	0.02774	0.01700	0.59995	0.04206	0.05638	0.02148	0.02148	0.01521	0.01074	0.00895	0.00268	0.00984	0.00805	0.00895	0.01521
21	0.01090	0.00779	0.01038	0.01246	0.01298	0.00727	0.00830	0.01246	0.01713	0.02284	0.04931	0.67975	0.05917	0.02803	0.01142	0.00363	0.00519	0.02543	0.00830	0.00727
22	0.01278	0.00959	0.01438	0.01438	0.01598	0.01118	0.01118	0.01598	0.01438	0.02077	0.02396	0.03515	0.02237	0.06710	0.65013	0.01438	0.02396	0.00959	0.00479	0.00799
23	0.01278	0.00959	0.01438	0.01438	0.01598	0.01118	0.01118	0.01598	0.01438	0.02077	0.02396	0.03515	0.02237	0.06710	0.65013	0.01438	0.02396	0.00959	0.00479	0.00799
24	0.01090	0.00779	0.01038	0.01246	0.01298	0.00727	0.00830	0.01246	0.01713	0.02284	0.04931	0.67975	0.05917	0.02803	0.01142	0.00363	0.00519	0.02543	0.00830	0.00727
25	0.01057	0.00906	0.00906	0.00906	0.01208	0.00755	0.00680	0.01284	0.02039	0.02417	0.09063	0.08610	0.62615	0.02266	0.01057	0.00302	0.00453	0.01888	0.00831	0.00755
26	0.01057	0.00906	0.00906	0.00906	0.01208	0.00755	0.00680	0.01284	0.02039	0.02417	0.09063	0.08610	0.62615	0.02266	0.01057	0.00302	0.00453	0.01888	0.00831	0.00755
27	0.02298	0.58965	0.13997	0.01691	0.02544	0.03310	0.01810	0.02703	0.01829	0.02219	0.01301	0.01506	0.01146	0.00779	0.00617	0.00206	0.01014	0.00507	0.00382	0.01175
28	0.01390	0.01124	0.01653	0.01588	0.01722	0.01386	0.01257	0.01689	0.01427	0.02089	0.02194	0.03257	0.02061	0.05860	0.54757	0.01265	0.13057	0.00930	0.00465	0.00829
29	0.01057	0.00906	0.00906	0.00906	0.01208	0.00755	0.00680	0.01284	0.02039	0.02417	0.09063	0.08610	0.62615	0.02266	0.01057	0.00302	0.00453	0.01888	0.00831	0.00755
30	0.01129	0.00903	0.01010	0.00997	0.01256	0.00784	0.00742	0.01418	0.02188	0.02803	0.26771	0.10908	0.41646	0.02146	0.01061	0.00298	0.00446	0.01830	0.00882	0.00784
31	0.03373	0.03335	0.02614	0.02175	0.02770	0.32105	0.01714	0.33385	0.03418	0.04012	0.01787	0.01896	0.01347	0.01002	0.00853	0.00251	0.01281	0.00697	0.00690	0.01293
32	0.03342	0.04264	0.02535	0.02305	0.02766	0.64967	0.01729	0.03572	0.02535	0.02190	0.01383	0.01613	0.01152	0.00922	0.00807	0.00230	0.01613	0.00576	0.00461	0.01037
33	0.03342	0.04264	0.02535	0.02305	0.02766	0.64967	0.01729	0.03572	0.02535	0.02190	0.01383	0.01613	0.01152	0.00922	0.00807	0.00230	0.01613	0.00576	0.00461	0.01037
34	0.01945	0.02556	0.17240	0.23640	0.26307	0.02085	0.08156	0.02634	0.01933	0.02699	0.01648	0.02212	0.01277	0.00835	0.00896	0.00283	0.01204	0.00790	0.00415	0.01244
35	0.02324	0.02591	0.02215	0.02353	0.10100	0.29850	0.01603	0.02631	0.02007	0.02237	0.01850	0.02494	0.01644	0.03349	0.27916	0.00745	0.01872	0.00766	0.00466	0.00986
36	0.01090	0.00779	0.01038	0.01246	0.01298	0.00727	0.00830	0.01246	0.01713	0.02284	0.04931	0.67975	0.05917	0.02803	0.01142	0.00363	0.00519	0.02543	0.00830	0.00727
37	0.02490	0.02178	0.03280	0.10431	0.40956	0.02291	0.02433	0.18425	0.02609	0.03607	0.01802	0.02213	0.01424	0.00883	0.00889	0.00270	0.01054	0.00799	0.00563	0.01405
38	0.01155	0.00923	0.01043	0.01049	0.01317	0.00810	0.00811	0.01453	0.02167	0.02745	0.22120	0.08295	0.42117	0.02179	0.01078	0.00310	0.00489	0.08285	0.00869	0.00786
39	0.02760	0.43996	0.03855	0.01830	0.02478	0.27322	0.01607	0.03025	0.02096	0.02138	0.01298	0.01504	0.01150	0.00826	0.00664	0.00207	0.01211	0.00516	0.00413	0.01105
40	0.17077	0.23558	0.02580	0.04697	0.02162	0.08380	0.01275	0.05849	0.02046	0.02919	0.06055	0.03063	0.11261	0.01128	0.00733	0.00246	0.00844	0.00828	0.04279	0.01020
41	0.50619	0.05190	0.01725	0.05108	0.02149	0.02133	0.01186	0.03090	0.15016	0.03756	0.01804	0.01930	0.01387	0.00917	0.00655	0.00280	0.00738	0.00621	0.00616	0.01080
42	0.09960	0.28490	0.34905	0.02018	0.03048	0.02618	0.02386	0.02753	0.01822	0.02688	0.01431	0.01671	0.01121	0.00816	0.00714	0.00248	0.01117	0.00573	0.00399	0.01219
43	0.01490	0.01191	0.01377	0.01339	0.01649	0.01208	0.01054	0.02401	0.17426	0.03168	0.23565	0.06916	0.20281	0.01896	0.01050	0.00315	0.00574	0.11238	0.00898	0.00965
44	0.02611	0.02113	0.02240	0.01899	0.02473	0.02405	0.01509	0.22856	0.42632	0.04364	0.03152	0.02948	0.02335	0.01168	0.00905	0.00292	0.00799	0.00944	0.00905	0.01451
45	0.01278	0.00959	0.01438	0.01438	0.01598	0.01118	0.01118	0.01598	0.01438	0.02077	0.02396	0.03515	0.02237	0.06710	0.65013	0.01438	0.02396	0.00959	0.00479	0.00799
46	0.01855	0.04249	0.54532	0.02924	0.10165	0.02092	0.06146	0.02826	0.01916	0.02844	0.01624	0.01950	0.01175	0.00839	0.00864	0.00282	0.01304	0.00696	0.00388	0.01326
47	0.03331	0.02471	0.02645	0.02044	0.02748	0.02742	0.01683	0.56701	0.07614	0.05525	0.02237	0.02219	0.01594	0.01082	0.00896	0.00271	0.00968	0.00818	0.00896	0.01515
48	0.01104	0.00785	0.01034	0.01227	0.01276	0.00736	0.00811	0.01249	0.01685	0.02247	0.04788	0.63779	0.05737	0.07244	0.01372	0.00397	0.00543	0.02459	0.00811	0.00714
49	0.01668	0.00834	0.00834	0.00834	0.01042	0.00834	0.00625	0.02085	0.01876	0.03335	0.02918	0.03335	0.02293	0.01042	0.00625	0.00208	0.00417	0.00834	0.73525	0.00834
50	0.01133	0.00829	0.01064	0.01174	0.01297	0.00761	0.00816	0.01367	0.01967	0.02643	0.20587	0.44870	0.13223	0.02483	0.01109	0.00335	0.00486	0.02223	0.00871	0.00761
51	0.02044	0.03015	0.23048	0.03917	0.22281	0.02163	0.24696	0.02819	0.02019	0.02873	0.01707	0.02189	0.01306	0.00797	0.00940	0.00285	0.01314	0.00854	0.00426	0.01307
52	0.01111	0.00794	0.01062	0.01270	0.01331	0.00745	0.00867	0.01282	0.01734	0.02307	0.04919	0.64523	0.05871	0.02783	0.01148	0.00366	0.00537	0.05788	0.00830	0.00732
53	0.03342	0.04264	0.02535	0.02305	0.02766	0.64967	0.01729	0.03572	0.02535	0.02190	0.01383	0.01613	0.01152	0.00922	0.00807	0.00230	0.01613	0.00576	0.00461	0.01037
54	0.01057	0.00906	0.00906	0.00906	0.01208	0.00755	0.00680	0.01284	0.02039	0.02417	0.09063	0.08610	0.62615	0.02266	0.01057	0.00302	0.00453	0.01888	0.00831	0.00755
55	0.02146	0.02056	0.03508	0.13410	0.55592	0.02108	0.02712	0.02686	0.02005	0.02840	0.01671	0.02236	0.01388	0.00810	0.00887	0.00270	0.01080	0.00797	0.00437	0.01362
56	0.03348	0.04092	0.02550	0.02281	0.02767	0.58869	0.01726	0.09105	0.02699	0.02528	0.01458	0.01666	0.01189	0.00937	0.00815	0.00234	0.01552	0.00599	0.00504	0.01085
57	0.03284	0.01730	0.02102	0.01672	0.02308	0.01700	0.01357	0.13313	0.14413	0.35518	0.06741	0.03111	0.02528	0.01143	0.00898	0.00274	0.00762	0.00930	0.00996	0.05222
58	0.03124	0.03901	0.02568	0.02312	0.02700	0.55187	0.01765	0.03349	0.02352	0.02184	0.01350	0.01667	0.01156	0.01023	0.01141	0.00256	0.11877	0.00609	0.00450	0.01028
59	0.01959	0.01425	0.01647	0.01497	0.01889	0.01506	0.01168	0.03294	0.28474	0.09432	0.24882	0.05133	0.07780	0.01544	0.00986	0.00299	0.00606	0.04374	0.00947	0.01158
60	0.02112	0.02413	0.05279	0.03771	0.04676	0.02262	0.59729	0.02866	0.02112	0.02866	0.01810	0.02413	0.01357	0.00754	0.01056	0.00302	0.01508	0.01056	0.00452	0.01207
61	0.02173	0.02371	0.09543	0.05203	0.57183	0.02121	0.02801	0.02754	0.02023	0.02914	0.01675	0.02182	0.01389	0.00802	0.00882	0.00267	0.01088	0.00784	0.00436	0.01408
62	0.03385	0.02544	0.02469	0.01960	0.02604	0.12226	0.01588	0.39711	0.03572	0.13503	0.02274	0.02262	0.01608	0.01053	0.00867	0.00260	0.01019	0.00785	0.04902	0.01407
63	0.01057	0.00906	0.00906	0.00906	0.01208	0.00755	0.00680	0.01284	0.02039	0.02417	0.09063	0.08610	0.62615	0.02266	0.01057	0.00302	0.00453	0.01888	0.00831	0.00755
64	0.01169	0.00835	0.01129	0.01336	0.01423	0.00795	0.00968	0.01382	0.01791	0.02372	0.04887	0.54952	0.05744	0.02728	0.01163	0.00374	0.00588	0.14785	0.00829	0.00749
65	0.02688	0.48895	0.04017	0.01772	0.02443	0.22681	0.01592	0.02957	0.02041	0.02131	0.01287	0.01491	0.01149	0.00814	0.00647	0.00204	0.01161	0.00509	0.00407	0.01114
66	0.02146	0.02056	0.03508	0.13410	0.55592	0.02108	0.02712	0.02686	0.02005	0.02840	0.01671	0.02236	0.01388	0.00810	0.00887	0.00270	0.01080	0.00797	0.00437	0.01362
67	0.01102	0.00784	0.01035	0.01231	0.01280	0.00735	0.00814	0.01249	0.01690	0.02253	0.04813	0.64499	0.05768	0.06482	0.01333	0.00392	0.00539	0.02474	0.00814	0.00716
68	0.01078	0.00866	0.00963	0.01026	0.01244	0.00751	0.00736	0.01292	0.01960	0.02434	0.10447	0.27541	0.41695	0.02416	0.01084	0.00321	0.00473	0.02084	0.00838	0.00751
69	0.01994	0.01330	0.04657	0.01326	0.01663	0.01163	0.01038	0.02524	0.08388	0.15810	0.21693	0.05040	0.04491	0.22547	0.02096	0.00467	0.00712	0.01250	0.00832	0.00980
70	0.02128	0.02269	0.02423	0.02149	0.02286	0.16403	0.01731	0.02357	0.01646	0.02145	0.01475	0.02204	0.01390	0.02491	0.15369	0.00573	0.38807	0.00773	0.00425	0.00954
71	0.03153	0.12568	0.02878	0.02388	0.06183	0.53351	0.01762	0.03409	0.02413	0.02221	0.01382	0.01625	0.01167	0.00894	0.00781	0.00227	0.01496	0.00576	0.00450	0.01074
72	0.01554	0.00777	0.01166	0.01166	0.01166	0.00777	0.00777	0.01166	0.01166	0.01554	0.01554	0.02720	0.01554	0.03108	0.03497	0.73970	0.00777	0.00777	0.00389	0.00389
73	0.01083	0.00807	0.01008	0.01169	0.01278	0.00733	0.00797	0.01254	0.01786	0.02314	0.05859	0.54636	0.18657	0.02682	0.01123	0.00350	0.00504	0.02396	0.00831	0.00733
74	0.01947	0.02322	0.12742	0.27465	0.24864	0.02081	0.06044	0.02730	0.05932	0.02722	0.01776	0.02315	0.01374	0.00867	0.00895	0.00285	0.01155	0.00805	0.00448	0.01231
75	0.02335	0.02303	0.02827	0.09876	0.31185	0.14060	0.02134	0.06560	0.02209	0.02854	0.01959	0.02821	0.01715	0.04406	0.01062	0.00298	0.01112	0.04027	0.05064	0.01194
76	0.01795	0.03567	0.42384	0.02761	0.12714	0.01910	0.02763	0.02728	0.04878	0.02943	0.07868	0.02795	0.04964	0.01022	0.00888	0.00282	0.01123	0.00851	0.00494	0.01268

[dist]
# distance from previous block
# <min> <max>
0	1

[block]
# block no. 2 follows, 19 sequences, length 69
# corresponding to MSA columns:
# 195-263
name=unknown_C
#
# <colnr> <probs for GDERKNQSTAVLIFYWHMCP>
#	G	D	E	R	K	N	Q	S	T	A	V	L	I	F	Y	W	H	M	C	P
0	0.09643	0.12446	0.11343	0.02518	0.03314	0.13421	0.19290	0.11947	0.02388	0.03185	0.01627	0.01932	0.01251	0.00855	0.00843	0.00264	0.01262	0.00745	0.00514	0.01210
1	0.67023	0.01912	0.04622	0.01396	0.02008	0.02025	0.04528	0.02654	0.01575	0.03889	0.01296	0.01531	0.01000	0.00827	0.00598	0.00279	0.00771	0.00527	0.00539	0.01000
2	0.01726	0.02941	0.30724	0.02669	0.10664	0.01847	0.06460	0.02426	0.01764	0.02590	0.01841	0.02450	0.01512	0.02600	0.19897	0.00628	0.04883	0.00800	0.00422	0.01155
3	0.01107	0.00792	0.01054	0.01234	0.01301	0.00738	0.00832	0.01289	0.01793	0.02411	0.10559	0.61983	0.06164	0.02708	0.01133	0.00355	0.00510	0.02453	0.00846	0.00738
4	0.03504	0.01826	0.02215	0.01756	0.02409	0.01822	0.01447	0.20794	0.08846	0.36860	0.03201	0.03221	0.02232	0.01188	0.00919	0.00285	0.00826	0.04172	0.01008	0.01471
5	0.01143	0.00835	0.01095	0.01251	0.01355	0.00759	0.00847	0.01316	0.01723	0.02328	0.04698	0.63360	0.05597	0.02653	0.01108	0.00347	0.00529	0.02403	0.00810	0.05842
6	0.74878	0.01730	0.01315	0.01177	0.01730	0.02007	0.00969	0.02630	0.01523	0.04014	0.01246	0.01453	0.00969	0.00830	0.00554	0.00277	0.00692	0.00484	0.00554	0.00969
7	0.01325	0.01078	0.01203	0.01239	0.01497	0.01059	0.00916	0.02007	0.14015	0.02657	0.06416	0.26642	0.29350	0.02234	0.01064	0.00328	0.00545	0.04695	0.00847	0.00884
8	0.01690	0.01590	0.02683	0.66408	0.06162	0.01988	0.02485	0.02286	0.01789	0.02286	0.01590	0.02385	0.01193	0.00894	0.00894	0.00298	0.01193	0.00795	0.00398	0.00994
9	0.01301	0.00867	0.00976	0.00976	0.00976	0.00867	0.00542	0.01301	0.01301	0.01735	0.02819	0.05855	0.03253	0.68559	0.04554	0.00867	0.00867	0.01301	0.00542	0.00542
10	0.01298	0.00879	0.01034	0.01034	0.01054	0.00899	0.00615	0.01339	0.01318	0.01778	0.02765	0.05558	0.03124	0.60729	0.12207	0.00940	0.01061	0.01258	0.00534	0.00575
11	0.02225	0.01922	0.02023	0.01821	0.02326	0.02225	0.01416	0.04754	0.61361	0.03742	0.03641	0.03338	0.02731	0.01214	0.00910	0.00303	0.00708	0.01011	0.00910	0.01416
12	0.02392	0.69097	0.04688	0.01531	0.02296	0.03540	0.01531	0.02679	0.01818	0.02105	0.01244	0.01435	0.01148	0.00765	0.00574	0.00191	0.00957	0.00478	0.00383	0.01148
13	0.01090	0.00779	0.01038	0.01246	0.01298	0.00727	0.00830	0.01246	0.01713	0.02284	0.04931	0.67975	0.05917	0.02803	0.01142	0.00363	0.00519	0.02543	0.00830	0.00727
14	0.01072	0.00907	0.00926	0.00921	0.01217	0.00761	0.00691	0.01311	0.02073	0.02496	0.12696	0.08479	0.58933	0.02236	0.01057	0.00301	0.00451	0.01870	0.00841	0.00761
15	0.02214	0.02126	0.03631	0.05491	0.62978	0.02126	0.02746	0.02746	0.02037	0.02923	0.01683	0.02214	0.01417	0.00797	0.00886	0.00266	0.01063	0.00797	0.00443	0.01417
16	0.01268	0.00909	0.01235	0.01255	0.01348	0.00991	0.00886	0.01458	0.01416	0.01976	0.02794	0.10645	0.02956	0.28230	0.37359	0.01131	0.01671	0.01235	0.00536	0.00701
17	0.01301	0.00867	0.00976	0.00976	0.00976	0.00867	0.00542	0.01301	0.01301	0.01735	0.02819	0.05855	0.03253	0.68559	0.04554	0.00867	0.00867	0.01301	0.00542	0.00542
18	0.01933	0.01636	0.01897	0.01362	0.02153	0.01272	0.01092	0.05162	0.01974	0.03052	0.01618	0.01870	0.01335	0.00683	0.00674	0.00139	0.00679	0.00544	0.00548	0.70374
19	0.01090	0.00779	0.01038	0.01246	0.01298	0.00727	0.00830	0.01246	0.01713	0.02284	0.04931	0.67975	0.05917	0.02803	0.01142	0.00363	0.00519	0.02543	0.00830	0.00727
20	0.03003	0.07214	0.02549	0.02099	0.02625	0.36409	0.01632	0.11613	0.18076	0.03066	0.02070	0.02127	0.01615	0.01010	0.00832	0.00252	0.01252	0.00716	0.00634	0.01209
21	0.03126	0.03892	0.02627	0.07748	0.07401	0.55297	0.01864	0.03408	0.02439	0.02250	0.01421	0.01720	0.01175	0.00911	0.00820	0.00239	0.01539	0.00610	0.00454	0.01061
22	0.01090	0.00779	0.01038	0.01246	0.01298	0.00727	0.00830	0.01246	0.01713	0.02284	0.04931	0.67975	0.05917	0.02803	0.01142	0.00363	0.00519	0.02543	0.00830	0.00727
23	0.02169	0.45016	0.26814	0.01911	0.02885	0.02994	0.02194	0.02737	0.01844	0.02377	0.01379	0.01605	0.01143	0.00797	0.00677	0.00226	0.01093	0.00547	0.00381	0.01213
24	0.02214	0.02126	0.03631	0.05491	0.62978	0.02126	0.02746	0.02746	0.02037	0.02923	0.01683	0.02214	0.01417	0.00797	0.00886	0.00266	0.01063	0.00797	0.00443	0.01417
25	0.01668	0.00834	0.00834	0.00834	0.01042	0.00834	0.00625	0.02085	0.01876	0.03335	0.02918	0.03335	0.02293	0.01042	0.00625	0.00208	0.00417	0.00834	0.73525	0.00834
26	0.03401	0.02506	0.02685	0.02058	0.02774	0.02774	0.01700	0.59995	0.04206	0.05638	0.02148	0.02148	0.01521	0.01074	0.00895	0.00268	0.00984	0.00805	0.00895	0.01521
27	0.01090	0.00779	0.01038	0.01246	0.01298	0.00727	0.00830	0.01246	0.01713	0.02284	0.04931	0.67975	0.05917	0.02803	0.01142	0.00363	0.00519	0.02543	0.00830	0.00727
28	0.01668	0.00834	0.00834	0.00834	0.01042	0.00834	0.00625	0.02085	0.01876	0.03335	0.02918	0.03335	0.02293	0.01042	0.00625	0.00208	0.00417	0.00834	0.73525	0.00834
29	0.03251	0.04073	0.02494	0.02265	0.02730	0.59865	0.01703	0.03669	0.07318	0.02316	0.01567	0.01754	0.01281	0.00946	0.00815	0.00236	0.01540	0.00612	0.00498	0.01068
30	0.03169	0.03935	0.02704	0.02795	0.12021	0.55308	0.01885	0.03445	0.02459	0.02302	0.01429	0.01706	0.01193	0.00903	0.00819	0.00236	0.01529	0.00610	0.00458	0.01096
31	0.03971	0.01591	0.02119	0.01624	0.02318	0.01417	0.01342	0.08243	0.02675	0.59553	0.03433	0.02982	0.02166	0.01105	0.00899	0.00276	0.00777	0.00893	0.01092	0.01522
32	0.01118	0.00914	0.00991	0.00987	0.01266	0.00787	0.00750	0.01393	0.02140	0.02666	0.19629	0.08294	0.48867	0.02188	0.01066	0.00303	0.00465	0.04538	0.00862	0.00777
33	0.01057	0.00906	0.00906	0.00906	0.01208	0.00755	0.00680	0.01284	0.02039	0.02417	0.09063	0.08610	0.62615	0.02266	0.01057	0.00302	0.00453	0.01888	0.00831	0.00755
34	0.01266	0.00914	0.01196	0.01126	0.01337	0.00844	0.00844	0.01688	0.02532	0.03588	0.62506	0.06683	0.08441	0.01829	0.01055	0.00281	0.00422	0.01618	0.00985	0.00844
35	0.01824	0.04453	0.59716	0.02755	0.07997	0.02081	0.03266	0.02827	0.01899	0.02840	0.01611	0.01912	0.01153	0.00846	0.00852	0.00282	0.01304	0.00671	0.00382	0.01329
36	0.03362	0.03680	0.02585	0.02223	0.02769	0.44313	0.01719	0.22310	0.03090	0.03335	0.01637	0.01791	0.01275	0.00972	0.00836	0.00243	0.01405	0.00652	0.00605	0.01198
37	0.02102	0.01741	0.02505	0.28107	0.13365	0.01952	0.02032	0.09974	0.09840	0.05880	0.02789	0.03469	0.06237	0.01162	0.00931	0.00297	0.00984	0.04828	0.00627	0.01177
38	0.02014	0.02366	0.08776	0.16937	0.12308	0.02175	0.36516	0.02727	0.02019	0.02750	0.01733	0.02344	0.01314	0.00796	0.00986	0.00295	0.01373	0.00940	0.00434	0.01197
39	0.01668	0.00834	0.00834	0.00834	0.01042	0.00834	0.00625	0.02085	0.01876	0.03335	0.02918	0.03335	0.02293	0.01042	0.00625	0.00208	0.00417	0.00834	0.73525	0.00834
40	0.02353	0.02091	0.02144	0.02048	0.06682	0.07220	0.01489	0.12787	0.35758	0.03688	0.03767	0.03596	0.09898	0.01271	0.00916	0.00289	0.00819	0.01039	0.00827	0.01318
41	0.03128	0.03757	0.02580	0.02292	0.02701	0.50094	0.01762	0.07936	0.02487	0.02464	0.01412	0.01711	0.01186	0.01036	0.01150	0.00259	0.11864	0.00627	0.00485	0.01067
42	0.01668	0.00834	0.00834	0.00834	0.01042	0.00834	0.00625	0.02085	0.01876	0.03335	0.02918	0.03335	0.02293	0.01042	0.00625	0.00208	0.00417	0.00834	0.73525	0.00834
43	0.01220	0.00864	0.01149	0.01330	0.01421	0.00834	0.00974	0.01432	0.01763	0.02330	0.04606	0.43039	0.05353	0.11029	0.01601	0.00441	0.00653	0.18434	0.00792	0.00732
44	0.03451	0.02426	0.02635	0.02020	0.02735	0.02656	0.01669	0.55471	0.04073	0.10351	0.02260	0.02221	0.01578	0.01077	0.00895	0.00269	0.00966	0.00813	0.00912	0.01522
45	0.01412	0.01045	0.01229	0.01163	0.01396	0.01002	0.00849	0.07193	0.02323	0.03123	0.29844	0.13999	0.18672	0.10932	0.01520	0.00373	0.00555	0.01668	0.00864	0.00836
46	0.01278	0.00959	0.01438	0.01438	0.01598	0.01118	0.01118	0.01598	0.01438	0.02077	0.02396	0.03515	0.02237	0.06710	0.65013	0.01438	0.02396	0.00959	0.00479	0.00799
47	0.01957	0.01957	0.02740	0.02349	0.02349	0.02740	0.01957	0.02153	0.01370	0.02153	0.01174	0.01957	0.01174	0.01566	0.02936	0.00391	0.66921	0.00783	0.00391	0.00979
48	0.01399	0.01050	0.01150	0.01045	0.01436	0.00863	0.00796	0.01657	0.02026	0.06915	0.07203	0.11177	0.44720	0.01966	0.00989	0.00278	0.00513	0.01647	0.00803	0.12367
49	0.01957	0.01957	0.02740	0.02349	0.02349	0.02740	0.01957	0.02153	0.01370	0.02153	0.01174	0.01957	0.01174	0.01566	0.02936	0.00391	0.66921	0.00783	0.00391	0.00979
50	0.01668	0.00834	0.00834	0.00834	0.01042	0.00834	0.00625	0.02085	0.01876	0.03335	0.02918	0.03335	0.02293	0.01042	0.00625	0.00208	0.00417	0.00834	0.73525	0.00834
51	0.01301	0.00867	0.00976	0.00976	0.00976	0.00867	0.00542	0.01301	0.01301	0.01735	0.02819	0.05855	0.03253	0.68559	0.04554	0.00867	0.00867	0.01301	0.00542	0.00542
52	0.07309	0.03678	0.02688	0.02890	0.15008	0.48433	0.01892	0.03348	0.02374	0.02446	0.01436	0.01727	0.01196	0.00891	0.00808	0.00240	0.01447	0.00616	0.00463	0.01111
53	0.21188	0.01642	0.01993	0.01609	0.02157	0.01711	0.01331	0.03585	0.02116	0.39191	0.02594	0.02480	0.01743	0.01111	0.01135	0.00295	0.11181	0.00779	0.00858	0.01300
54	0.01090	0.00779	0.01038	0.01246	0.01298	0.00727	0.00830	0.01246	0.01713	0.02284	0.04931	0.67975	0.05917	0.02803	0.01142	0.00363	0.00519	0.02543	0.00830	0.00727
55	0.04014	0.01523	0.02076	0.01592	0.02284	0.01315	0.01315	0.04360	0.02561	0.63597	0.03530	0.03045	0.02215	0.01107	0.00900	0.00277	0.00761	0.00900	0.01107	0.01523
56	0.02913	0.03844	0.12413	0.02861	0.13029	0.40290	0.02146	0.07152	0.02463	0.02648	0.01520	0.01794	0.01219	0.00900	0.00833	0.00247	0.01432	0.00642	0.00474	0.01179
57	0.02357	0.02396	0.03493	0.05088	0.55355	0.10081	0.02617	0.02850	0.02100	0.02830	0.01645	0.02138	0.01384	0.00813	0.00876	0.00261	0.01133	0.00769	0.00445	0.01369
58	0.01090	0.00779	0.01038	0.01246	0.01298	0.00727	0.00830	0.01246	0.01713	0.02284	0.04931	0.67975	0.05917	0.02803	0.01142	0.00363	0.00519	0.02543	0.00830	0.00727
59	0.03533	0.02262	0.06716	0.01907	0.02655	0.02144	0.01659	0.33811	0.03388	0.28564	0.02661	0.02488	0.01771	0.01072	0.00894	0.00273	0.00919	0.00833	0.00944	0.01508
60	0.01090	0.00779	0.01038	0.01246	0.01298	0.00727	0.00830	0.01246	0.01713	0.02284	0.04931	0.67975	0.05917	0.02803	0.01142	0.00363	0.00519	0.02543	0.00830	0.00727
61	0.01668	0.00834	0.00834	0.00834	0.01042	0.00834	0.00625	0.02085	0.01876	0.03335	0.02918	0.03335	0.02293	0.01042	0.00625	0.00208	0.00417	0.00834	0.73525	0.00834
62	0.01295	0.00890	0.01090	0.01090	0.01129	0.00929	0.00684	0.01374	0.01335	0.01819	0.02715	0.05277	0.03002	0.53286	0.19483	0.01008	0.01245	0.01216	0.00527	0.00605
63	0.01090	0.00908	0.00952	0.00941	0.01229	0.00769	0.00706	0.01348	0.02117	0.02602	0.17494	0.08306	0.54069	0.02197	0.01057	0.00299	0.00448	0.01846	0.00855	0.00769
64	0.01668	0.00834	0.00834	0.00834	0.01042	0.00834	0.00625	0.02085	0.01876	0.03335	0.02918	0.03335	0.02293	0.01042	0.00625	0.00208	0.00417	0.00834	0.73525	0.00834
65	0.02214	0.02126	0.03631	0.05491	0.62978	0.02126	0.02746	0.02746	0.02037	0.02923	0.01683	0.02214	0.01417	0.00797	0.00886	0.00266	0.01063	0.00797	0.00443	0.01417
66	0.03351	0.03994	0.02558	0.02267	0.02767	0.55408	0.01724	0.12245	0.02792	0.02720	0.01500	0.01696	0.01209	0.00945	0.00820	0.00236	0.01517	0.00611	0.00528	0.01112
67	0.03052	0.02011	0.02267	0.01764	0.02443	0.02058	0.01438	0.30014	0.09925	0.17393	0.02856	0.02736	0.04640	0.01090	0.00870	0.00255	0.00830	0.00858	0.00884	0.12618
68	0.01122	0.00792	0.01029	0.01204	0.01248	0.00748	0.00786	0.01254	0.01650	0.02199	0.04606	0.58427	0.05508	0.12910	0.01666	0.00441	0.00573	0.02352	0.00786	0.00698

[dist]
# distance from previous block
# <min> <max>
0	0

# created by:
# /home/cegg/simao/soft/augustus-3.2.1/scripts/msa2prfl.pl ./align_prep/10950.fa
