[name]
unknown

[dist]
# distance from previous block
# <min> <max>
0	50

[block]
# block no. 0 follows, 22 sequences, length 11
# corresponding to MSA columns:
# 50-60
name=unknown_A
#
# <colnr> <probs for GDERKNQSTAVLIFYWHMCP>
#	G	D	E	R	K	N	Q	S	T	A	V	L	I	F	Y	W	H	M	C	P
0	0.01339	0.00956	0.01339	0.01530	0.01721	0.00956	0.01339	0.01721	0.01912	0.02486	0.04399	0.09371	0.04781	0.02295	0.01147	0.00382	0.00765	0.60031	0.00765	0.00765
1	0.02136	0.02234	0.02897	0.10285	0.42606	0.14806	0.02196	0.02559	0.01961	0.02488	0.02013	0.02406	0.06040	0.00874	0.00821	0.00246	0.01057	0.00775	0.00438	0.01163
2	0.01999	0.01916	0.03269	0.12538	0.58628	0.01959	0.02521	0.02500	0.01865	0.02645	0.01553	0.02075	0.01292	0.00751	0.00823	0.00250	0.01001	0.00740	0.00406	0.01270
3	0.02206	0.15074	0.37031	0.02287	0.08930	0.02028	0.02370	0.02879	0.01879	0.15081	0.01793	0.01922	0.01278	0.00818	0.00757	0.00246	0.01043	0.00640	0.00491	0.01245
4	0.01982	0.02418	0.15436	0.04577	0.53769	0.01965	0.02649	0.02565	0.01865	0.02698	0.01549	0.01998	0.01266	0.00750	0.00816	0.00250	0.01033	0.00716	0.00400	0.01299
5	0.01882	0.02041	0.06991	0.02446	0.16195	0.08089	0.01688	0.02765	0.18071	0.02642	0.03289	0.03390	0.14196	0.01232	0.01134	0.00278	0.11029	0.00961	0.00586	0.01093
6	0.02100	0.02177	0.03714	0.04476	0.45063	0.06342	0.18546	0.02630	0.01941	0.02655	0.01576	0.02069	0.01285	0.00737	0.00860	0.00253	0.01131	0.00791	0.00415	0.01240
7	0.01738	0.01833	0.01443	0.01373	0.01672	0.21123	0.01000	0.01937	0.01890	0.02162	0.04030	0.22091	0.18117	0.05878	0.01088	0.00289	0.00812	0.01367	0.00618	0.09541
8	0.01705	0.01141	0.01429	0.01363	0.01668	0.01151	0.01098	0.02497	0.15206	0.10472	0.28414	0.06021	0.05217	0.01663	0.00980	0.00298	0.00586	0.17255	0.00872	0.00964
9	0.02042	0.01462	0.01755	0.04145	0.05903	0.01460	0.01214	0.03093	0.24075	0.13726	0.06502	0.03781	0.13842	0.01203	0.00838	0.00250	0.00642	0.01009	0.00769	0.12289
10	0.02084	0.05699	0.02429	0.01950	0.02249	0.15718	0.07108	0.06824	0.01838	0.02400	0.01613	0.02157	0.01400	0.01989	0.13208	0.00463	0.21592	0.00731	0.07605	0.00943

[dist]
# distance from previous block
# <min> <max>
3	7

[block]
# block no. 1 follows, 22 sequences, length 224
# corresponding to MSA columns:
# 68-291
name=unknown_B
#
# <colnr> <probs for GDERKNQSTAVLIFYWHMCP>
#	G	D	E	R	K	N	Q	S	T	A	V	L	I	F	Y	W	H	M	C	P
0	0.01880	0.07607	0.01766	0.01270	0.01679	0.01549	0.00981	0.18755	0.02208	0.02934	0.03198	0.04027	0.13436	0.22240	0.01828	0.00398	0.00746	0.01005	0.00629	0.11864
1	0.01854	0.17913	0.02153	0.01330	0.01778	0.01860	0.01102	0.13186	0.11120	0.02957	0.09424	0.07101	0.18898	0.04575	0.00981	0.00276	0.00673	0.01124	0.00695	0.01002
2	0.02327	0.02178	0.08250	0.02311	0.11586	0.01935	0.06258	0.25261	0.02594	0.03655	0.01702	0.01915	0.01298	0.00800	0.00769	0.00213	0.00895	0.00672	0.00591	0.24790
3	0.02043	0.01988	0.03401	0.04421	0.48379	0.02004	0.11167	0.02809	0.10026	0.02806	0.01817	0.02219	0.01467	0.00785	0.00849	0.00256	0.01004	0.00801	0.00469	0.01287
4	0.01387	0.01213	0.01774	0.08547	0.19447	0.01183	0.01367	0.01754	0.01979	0.02643	0.20613	0.07822	0.24002	0.01519	0.00926	0.00268	0.00638	0.01335	0.00671	0.00913
5	0.02067	0.02046	0.03398	0.07940	0.55927	0.04539	0.06756	0.02567	0.01903	0.02655	0.01556	0.02055	0.01292	0.00746	0.00831	0.00249	0.01042	0.00749	0.00410	0.01269
6	0.03052	0.03109	0.02423	0.05318	0.02727	0.35311	0.01628	0.29799	0.03012	0.03465	0.01610	0.01755	0.01225	0.00918	0.00790	0.00233	0.01219	0.00640	0.00605	0.01162
7	0.02215	0.02353	0.02970	0.16073	0.39727	0.17448	0.02282	0.02653	0.01959	0.02445	0.01481	0.01953	0.01220	0.00784	0.00807	0.00245	0.01130	0.00691	0.00407	0.01160
8	0.02180	0.03964	0.39210	0.02553	0.09164	0.23671	0.02534	0.02851	0.01966	0.02441	0.01429	0.01698	0.01083	0.00807	0.00779	0.00245	0.01294	0.00600	0.00382	0.01148
9	0.01126	0.00811	0.01066	0.01079	0.01230	0.00751	0.00780	0.01443	0.02121	0.02965	0.46845	0.25589	0.07129	0.01972	0.01004	0.00284	0.00419	0.01762	0.00871	0.00751
10	0.02021	0.01924	0.03272	0.04924	0.62484	0.01924	0.02490	0.02509	0.01893	0.02703	0.01702	0.02415	0.01486	0.00817	0.00838	0.00253	0.00976	0.03652	0.00429	0.01289
11	0.01164	0.00889	0.01087	0.01206	0.01337	0.00881	0.00838	0.01636	0.10759	0.02330	0.04751	0.54813	0.10469	0.02342	0.01022	0.00324	0.00502	0.02099	0.00782	0.00771
12	0.02244	0.02528	0.02481	0.02167	0.02309	0.24078	0.01747	0.02436	0.01631	0.02011	0.01155	0.01712	0.01084	0.01256	0.02070	0.00314	0.46801	0.00663	0.00385	0.00927
13	0.01030	0.00730	0.00959	0.01134	0.01178	0.00686	0.00747	0.01161	0.01557	0.02075	0.04404	0.64497	0.05274	0.08669	0.01342	0.00379	0.00511	0.02259	0.00747	0.00660
14	0.01176	0.00804	0.00956	0.00967	0.01014	0.00784	0.00596	0.01277	0.01497	0.02037	0.16028	0.13807	0.04347	0.47630	0.03144	0.00632	0.00677	0.01416	0.00624	0.00584
15	0.01187	0.00890	0.01335	0.01335	0.01483	0.01038	0.01038	0.01483	0.01335	0.01928	0.02225	0.03264	0.02077	0.06231	0.67512	0.01335	0.02225	0.00890	0.00445	0.00742
16	0.01021	0.00766	0.00968	0.01098	0.01210	0.00713	0.00762	0.01194	0.01639	0.02133	0.05277	0.49570	0.19338	0.02807	0.06952	0.00413	0.00623	0.02087	0.00742	0.00687
17	0.02582	0.01921	0.02058	0.01632	0.02178	0.02073	0.01323	0.46058	0.03354	0.04448	0.06179	0.03455	0.13910	0.03757	0.00989	0.00276	0.00792	0.00991	0.00812	0.01215
18	0.01042	0.00746	0.00991	0.01136	0.01212	0.00695	0.00773	0.01232	0.01731	0.02344	0.15743	0.58462	0.05926	0.02436	0.01046	0.00323	0.00465	0.02203	0.00798	0.00695
19	0.01030	0.00883	0.00887	0.00879	0.01168	0.00762	0.00661	0.01334	0.04640	0.02299	0.08194	0.07779	0.62516	0.02061	0.00976	0.00281	0.00431	0.01717	0.00775	0.00728
20	0.01208	0.00805	0.00906	0.00906	0.00906	0.00805	0.00503	0.01208	0.01208	0.01611	0.02618	0.05436	0.03020	0.70804	0.04228	0.00805	0.00805	0.01208	0.00503	0.00503
21	0.01475	0.00875	0.01157	0.01147	0.01336	0.00802	0.00828	0.01735	0.01983	0.11764	0.28015	0.32469	0.05802	0.05234	0.01146	0.00318	0.00494	0.01752	0.00852	0.00815
22	0.08997	0.01436	0.01504	0.01315	0.01665	0.01534	0.00992	0.20282	0.08302	0.03248	0.03575	0.10003	0.13635	0.17920	0.01657	0.00399	0.00711	0.01171	0.00708	0.00946
23	0.01203	0.00825	0.01008	0.01008	0.01043	0.00861	0.00630	0.01273	0.01238	0.01686	0.02525	0.04922	0.02797	0.55525	0.19202	0.00931	0.01141	0.01133	0.00490	0.00560
24	0.01093	0.00876	0.00981	0.00960	0.01208	0.00782	0.00717	0.01446	0.04472	0.02662	0.27662	0.10045	0.40230	0.01948	0.00979	0.00277	0.00423	0.01663	0.00824	0.00753
25	0.01405	0.00944	0.01198	0.01218	0.01394	0.00912	0.00876	0.07281	0.02042	0.06211	0.19296	0.44205	0.05500	0.02140	0.01006	0.00306	0.00513	0.01912	0.00826	0.00812
26	0.18992	0.01005	0.01086	0.01058	0.01310	0.01012	0.00795	0.01667	0.01951	0.03109	0.33984	0.16843	0.10881	0.01679	0.00884	0.00276	0.00470	0.01432	0.00781	0.00784
27	0.01045	0.00844	0.00929	0.00908	0.01161	0.00728	0.00681	0.01314	0.02043	0.02598	0.26897	0.07412	0.46583	0.01972	0.00981	0.00274	0.00411	0.01672	0.00818	0.00728
28	0.05435	0.01355	0.01510	0.01367	0.01759	0.01426	0.01057	0.03096	0.28712	0.12151	0.13063	0.10118	0.12595	0.01453	0.00887	0.00279	0.00575	0.01228	0.00849	0.01086
29	0.01079	0.00814	0.01003	0.01091	0.01233	0.00757	0.00766	0.01373	0.04300	0.02433	0.16945	0.42343	0.18266	0.02267	0.01020	0.00309	0.00459	0.02014	0.00802	0.00727
30	0.01187	0.00890	0.01335	0.01335	0.01483	0.01038	0.01038	0.01483	0.01335	0.01928	0.02225	0.03264	0.02077	0.06231	0.67512	0.01335	0.02225	0.00890	0.00445	0.00742
31	0.01036	0.00844	0.00916	0.00898	0.01155	0.00724	0.00674	0.01296	0.02021	0.02546	0.24161	0.07499	0.49352	0.01991	0.00981	0.00275	0.00413	0.01684	0.00811	0.00724
32	0.01415	0.00986	0.01309	0.01254	0.01397	0.01166	0.00986	0.01728	0.01476	0.02371	0.02235	0.02986	0.01949	0.03570	0.33076	0.00768	0.11577	0.00823	0.28150	0.00779
33	0.01307	0.00811	0.01075	0.01160	0.01284	0.00749	0.00803	0.01496	0.01754	0.08453	0.12844	0.51595	0.05369	0.05674	0.01183	0.00342	0.00507	0.02037	0.00803	0.00753
34	0.01120	0.00886	0.01034	0.01108	0.01354	0.00800	0.00905	0.01397	0.01901	0.02338	0.06863	0.08527	0.41905	0.02178	0.01046	0.00320	0.00554	0.24273	0.00769	0.00726
35	0.01723	0.01477	0.01723	0.01230	0.01969	0.01107	0.00984	0.02092	0.01723	0.02707	0.01477	0.01723	0.01230	0.00615	0.00615	0.00123	0.00615	0.00492	0.00492	0.75883
36	0.76672	0.01607	0.01221	0.01092	0.01607	0.01864	0.00900	0.02442	0.01414	0.03727	0.01157	0.01350	0.00900	0.00771	0.00514	0.00257	0.00643	0.00450	0.00514	0.00900
37	0.01077	0.00764	0.01014	0.01189	0.01254	0.00728	0.00830	0.01244	0.01604	0.02129	0.04378	0.55595	0.05170	0.08624	0.01355	0.00386	0.00552	0.10689	0.00746	0.00673
38	0.03069	0.03470	0.02365	0.02065	0.02551	0.48986	0.01586	0.17569	0.05561	0.02863	0.01550	0.01690	0.01219	0.00902	0.00773	0.00226	0.01320	0.00604	0.00543	0.01087
39	0.01327	0.01577	0.13605	0.01242	0.01714	0.01040	0.01187	0.01820	0.04834	0.05557	0.17303	0.05994	0.36304	0.01680	0.00931	0.00273	0.00595	0.01407	0.00733	0.00879
40	0.01798	0.20152	0.51795	0.02144	0.03249	0.02251	0.02679	0.02597	0.01738	0.02471	0.01411	0.01654	0.01056	0.00771	0.00729	0.00243	0.01147	0.00574	0.00352	0.01189
41	0.16503	0.02196	0.02262	0.01763	0.02400	0.02447	0.01456	0.51886	0.03454	0.04962	0.01842	0.01877	0.01320	0.00956	0.00774	0.00251	0.00865	0.00694	0.00774	0.01320
42	0.02056	0.01974	0.03372	0.05099	0.65622	0.01974	0.02550	0.02550	0.01892	0.02714	0.01563	0.02056	0.01316	0.00740	0.00822	0.00247	0.00987	0.00740	0.00411	0.01316
43	0.02299	0.02712	0.06914	0.03741	0.29721	0.19991	0.17216	0.02792	0.02028	0.02509	0.01512	0.01932	0.01220	0.00765	0.00840	0.00247	0.01243	0.00737	0.00415	0.01166
44	0.02103	0.02103	0.03198	0.10905	0.54307	0.07787	0.02442	0.02577	0.01911	0.02597	0.01530	0.02022	0.01274	0.00759	0.00817	0.00247	0.01044	0.00722	0.00409	0.01247
45	0.01011	0.00728	0.00959	0.01144	0.01202	0.00676	0.00766	0.01158	0.01603	0.02126	0.04732	0.67772	0.07885	0.02583	0.01057	0.00335	0.00480	0.02337	0.00771	0.00676
46	0.01919	0.01834	0.03124	0.23044	0.48750	0.01938	0.02481	0.02429	0.01827	0.02547	0.01538	0.02101	0.01257	0.00766	0.00825	0.00255	0.01021	0.00740	0.00399	0.01205
47	0.01595	0.01322	0.01432	0.01311	0.01670	0.01403	0.01010	0.04963	0.30103	0.03164	0.19348	0.05149	0.21118	0.01528	0.00914	0.00275	0.00538	0.01291	0.00841	0.01023
48	0.01012	0.00723	0.00964	0.01157	0.01205	0.00675	0.00771	0.01157	0.01591	0.02121	0.04579	0.70262	0.05495	0.02603	0.01060	0.00337	0.00482	0.02362	0.00771	0.00675
49	0.01383	0.00925	0.01000	0.00935	0.01268	0.00777	0.00717	0.01610	0.01964	0.11593	0.07665	0.07240	0.56042	0.01947	0.00960	0.00277	0.00463	0.01619	0.00809	0.00805
50	0.01723	0.01477	0.01723	0.01230	0.01969	0.01107	0.00984	0.02092	0.01723	0.02707	0.01477	0.01723	0.01230	0.00615	0.00615	0.00123	0.00615	0.00492	0.00492	0.75883
51	0.02051	0.01988	0.03455	0.05012	0.62280	0.01981	0.05824	0.02556	0.01895	0.02711	0.01569	0.02066	0.01313	0.00738	0.00831	0.00249	0.01009	0.00753	0.00412	0.01305
52	0.03117	0.03537	0.02390	0.02081	0.02570	0.50673	0.01598	0.18727	0.02756	0.02862	0.01468	0.01627	0.01159	0.00893	0.00770	0.00223	0.01347	0.00590	0.00532	0.01079
53	0.01208	0.00805	0.00906	0.00906	0.00906	0.00805	0.00503	0.01208	0.01208	0.01611	0.02618	0.05436	0.03020	0.70804	0.04228	0.00805	0.00805	0.01208	0.00503	0.00503
54	0.02102	0.02062	0.03327	0.04968	0.62838	0.04865	0.02508	0.02583	0.01912	0.02684	0.01550	0.02031	0.01305	0.00745	0.00819	0.00245	0.01009	0.00731	0.00412	0.01300
55	0.02221	0.71304	0.04353	0.01421	0.02132	0.03287	0.01421	0.02488	0.01688	0.01955	0.01155	0.01333	0.01066	0.00711	0.00533	0.00178	0.00888	0.00444	0.00355	0.01066
56	0.01008	0.00739	0.00948	0.01115	0.01194	0.00678	0.00753	0.01161	0.01631	0.02137	0.05089	0.61975	0.13452	0.02536	0.01050	0.00330	0.00474	0.02281	0.00771	0.00678
57	0.01351	0.01189	0.01570	0.01985	0.16803	0.01133	0.01176	0.01825	0.07512	0.02505	0.08447	0.11958	0.35945	0.01716	0.00938	0.00277	0.00583	0.01482	0.00697	0.00906
58	0.02706	0.02945	0.02237	0.02064	0.04787	0.35840	0.01534	0.11481	0.18859	0.02866	0.01990	0.02093	0.01561	0.01195	0.03932	0.00291	0.01212	0.00695	0.00593	0.01120
59	0.01299	0.00832	0.01016	0.01067	0.01218	0.00757	0.00732	0.01449	0.01668	0.08148	0.05007	0.37351	0.18866	0.14715	0.01595	0.00401	0.00548	0.01863	0.00747	0.00720
60	0.02390	0.02682	0.02283	0.02011	0.02367	0.33497	0.06851	0.08294	0.02183	0.02412	0.02148	0.17912	0.02168	0.01326	0.01039	0.00267	0.07637	0.01045	0.00541	0.00947
61	0.02849	0.09422	0.02778	0.02528	0.13975	0.26490	0.01750	0.24190	0.02757	0.03284	0.01574	0.01760	0.01236	0.00871	0.00771	0.00229	0.01140	0.00639	0.00561	0.01196
62	0.01686	0.01811	0.08617	0.18909	0.30347	0.01654	0.02116	0.02206	0.01910	0.02659	0.13796	0.03135	0.05611	0.01013	0.00859	0.00260	0.00899	0.00920	0.00508	0.01085
63	0.45150	0.02737	0.28655	0.01628	0.02442	0.01891	0.01812	0.02521	0.01557	0.03266	0.01297	0.01519	0.00964	0.00779	0.00630	0.00260	0.00889	0.00519	0.00445	0.01038
64	0.02056	0.01974	0.03372	0.05099	0.65622	0.01974	0.02550	0.02550	0.01892	0.02714	0.01563	0.02056	0.01316	0.00740	0.00822	0.00247	0.00987	0.00740	0.00411	0.01316
65	0.01028	0.00843	0.00906	0.00890	0.01151	0.00721	0.00668	0.01282	0.02003	0.02504	0.21969	0.07568	0.51570	0.02007	0.00981	0.00276	0.00414	0.01693	0.00806	0.00721
66	0.02013	0.01930	0.03294	0.10765	0.60295	0.01962	0.02528	0.02512	0.01871	0.02661	0.01555	0.02070	0.01297	0.00748	0.00823	0.00249	0.00998	0.00740	0.00407	0.01281
67	0.01098	0.01012	0.00924	0.00912	0.01201	0.04342	0.00684	0.01308	0.01919	0.02233	0.08027	0.07641	0.61783	0.02036	0.00969	0.00277	0.00480	0.01687	0.00753	0.00716
68	0.01012	0.00723	0.00964	0.01157	0.01205	0.00675	0.00771	0.01157	0.01591	0.02121	0.04579	0.70262	0.05495	0.02603	0.01060	0.00337	0.00482	0.02362	0.00771	0.00675
69	0.01187	0.00890	0.01335	0.01335	0.01483	0.01038	0.01038	0.01483	0.01335	0.01928	0.02225	0.03264	0.02077	0.06231	0.67512	0.01335	0.02225	0.00890	0.00445	0.00742
70	0.02090	0.55449	0.19058	0.01645	0.02478	0.02966	0.01811	0.02521	0.01704	0.02115	0.01234	0.01432	0.01063	0.00729	0.00594	0.00198	0.00969	0.00484	0.00354	0.01104
71	0.03293	0.02111	0.02359	0.01809	0.02468	0.02256	0.01494	0.48938	0.03544	0.19660	0.02298	0.02192	0.01565	0.01005	0.00832	0.00251	0.00865	0.00769	0.00878	0.01413
72	0.01012	0.00723	0.00964	0.01157	0.01205	0.00675	0.00771	0.01157	0.01591	0.02121	0.04579	0.70262	0.05495	0.02603	0.01060	0.00337	0.00482	0.02362	0.00771	0.00675
73	0.01020	0.00838	0.00898	0.00893	0.01148	0.00716	0.00666	0.01262	0.01969	0.02447	0.19085	0.10090	0.51997	0.02046	0.00985	0.00279	0.00418	0.01729	0.00799	0.00716
74	0.02880	0.02103	0.02269	0.01787	0.02372	0.02312	0.01456	0.54177	0.03586	0.04841	0.02274	0.08549	0.01835	0.01149	0.00841	0.00255	0.00849	0.00903	0.04251	0.01313
75	0.01187	0.00890	0.01335	0.01335	0.01483	0.01038	0.01038	0.01483	0.01335	0.01928	0.02225	0.03264	0.02077	0.06231	0.67512	0.01335	0.02225	0.00890	0.00445	0.00742
76	0.01941	0.01856	0.03164	0.20173	0.51449	0.01944	0.02492	0.02449	0.01837	0.02574	0.01542	0.02094	0.01267	0.00762	0.00824	0.00254	0.01015	0.00740	0.00401	0.01223
77	0.03006	0.03692	0.02458	0.02410	0.08562	0.58116	0.01694	0.06113	0.02385	0.02252	0.01345	0.01575	0.01110	0.00852	0.00760	0.00219	0.01421	0.00565	0.00446	0.01018
78	0.01666	0.04297	0.66500	0.02368	0.03596	0.01929	0.03069	0.02631	0.01754	0.02631	0.01491	0.01754	0.01052	0.00789	0.00789	0.00263	0.01228	0.00614	0.00351	0.01228
79	0.01818	0.01818	0.02545	0.02181	0.02181	0.02545	0.01818	0.01999	0.01272	0.01999	0.01091	0.01818	0.01091	0.01454	0.02726	0.00364	0.69284	0.00727	0.00364	0.00909
80	0.56866	0.01975	0.07254	0.01352	0.01957	0.01997	0.01214	0.13253	0.01889	0.03899	0.01336	0.01501	0.01005	0.00813	0.00595	0.00256	0.00743	0.00518	0.00556	0.01021
81	0.01125	0.00817	0.00978	0.01051	0.01163	0.00770	0.00733	0.01282	0.01613	0.02085	0.07437	0.22751	0.18348	0.25125	0.02107	0.00484	0.00613	0.10190	0.00687	0.00642
82	0.01219	0.00874	0.01036	0.00979	0.01234	0.00770	0.00740	0.01530	0.02156	0.05984	0.37755	0.06806	0.32200	0.01839	0.00974	0.00269	0.00420	0.01577	0.00859	0.00780
83	0.01012	0.00723	0.00964	0.01157	0.01205	0.00675	0.00771	0.01157	0.01591	0.02121	0.04579	0.70262	0.05495	0.02603	0.01060	0.00337	0.00482	0.02362	0.00771	0.00675
84	0.01012	0.00723	0.00964	0.01157	0.01205	0.00675	0.00771	0.01157	0.01591	0.02121	0.04579	0.70262	0.05495	0.02603	0.01060	0.00337	0.00482	0.02362	0.00771	0.00675
85	0.00986	0.00826	0.00858	0.00884	0.01133	0.00698	0.00650	0.01187	0.01853	0.02228	0.07898	0.16393	0.57221	0.02171	0.00992	0.00288	0.00429	0.01835	0.00771	0.00698
86	0.01012	0.00723	0.00964	0.01157	0.01205	0.00675	0.00771	0.01157	0.01591	0.02121	0.04579	0.70262	0.05495	0.02603	0.01060	0.00337	0.00482	0.02362	0.00771	0.00675
87	0.01012	0.00723	0.00964	0.01157	0.01205	0.00675	0.00771	0.01157	0.01591	0.02121	0.04579	0.70262	0.05495	0.02603	0.01060	0.00337	0.00482	0.02362	0.00771	0.00675
88	0.03098	0.02297	0.02460	0.01899	0.02554	0.02548	0.01565	0.59665	0.07190	0.05140	0.02070	0.02055	0.01474	0.01004	0.00832	0.00251	0.00900	0.00758	0.00832	0.01407
89	0.01010	0.00729	0.00957	0.01140	0.01200	0.00676	0.00764	0.01159	0.01607	0.02127	0.04788	0.66867	0.08755	0.02575	0.01056	0.00334	0.00479	0.02328	0.00771	0.00676
90	0.01068	0.00786	0.00908	0.00978	0.01081	0.00726	0.00640	0.01185	0.01555	0.01989	0.05089	0.29906	0.22766	0.25087	0.02088	0.00476	0.00571	0.01795	0.00682	0.00626
91	0.01187	0.00890	0.01335	0.01335	0.01483	0.01038	0.01038	0.01483	0.01335	0.01928	0.02225	0.03264	0.02077	0.06231	0.67512	0.01335	0.02225	0.00890	0.00445	0.00742
92	0.01030	0.00883	0.00887	0.00879	0.01168	0.00762	0.00661	0.01334	0.04640	0.02299	0.08194	0.07779	0.62516	0.02061	0.00976	0.00281	0.00431	0.01717	0.00775	0.00728
93	0.01638	0.01152	0.01291	0.01185	0.01350	0.01203	0.00801	0.15786	0.01909	0.02551	0.02789	0.15176	0.03043	0.43183	0.02909	0.00598	0.00778	0.01287	0.00625	0.00746
94	0.01187	0.00890	0.01335	0.01335	0.01483	0.01038	0.01038	0.01483	0.01335	0.01928	0.02225	0.03264	0.02077	0.06231	0.67512	0.01335	0.02225	0.00890	0.00445	0.00742
95	0.02217	0.02607	0.04075	0.03054	0.03717	0.17610	0.42393	0.02753	0.01988	0.02450	0.01531	0.02025	0.01199	0.00809	0.01092	0.00272	0.07876	0.00851	0.00417	0.01063
96	0.03330	0.02051	0.02322	0.01780	0.02438	0.02166	0.01471	0.45058	0.03444	0.23682	0.02383	0.02247	0.01608	0.01007	0.00832	0.00252	0.00851	0.00774	0.00891	0.01413
97	0.01208	0.00805	0.00906	0.00906	0.00906	0.00805	0.00503	0.01208	0.01208	0.01611	0.02618	0.05436	0.03020	0.70804	0.04228	0.00805	0.00805	0.01208	0.00503	0.00503
98	0.01723	0.01477	0.01723	0.01230	0.01969	0.01107	0.00984	0.02092	0.01723	0.02707	0.01477	0.01723	0.01230	0.00615	0.00615	0.00123	0.00615	0.00492	0.00492	0.75883
99	0.01004	0.00755	0.00931	0.01071	0.01183	0.00682	0.00733	0.01166	0.01672	0.02154	0.05617	0.53421	0.21666	0.02468	0.01039	0.00322	0.00465	0.02197	0.00771	0.00682
100	0.01208	0.00805	0.00906	0.00906	0.00906	0.00805	0.00503	0.01208	0.01208	0.01611	0.02618	0.05436	0.03020	0.70804	0.04228	0.00805	0.00805	0.01208	0.00503	0.00503
101	0.01012	0.00723	0.00964	0.01157	0.01205	0.00675	0.00771	0.01157	0.01591	0.02121	0.04579	0.70262	0.05495	0.02603	0.01060	0.00337	0.00482	0.02362	0.00771	0.00675
102	0.01443	0.00722	0.01082	0.01082	0.01082	0.00722	0.00722	0.01082	0.01082	0.01443	0.01443	0.02525	0.01443	0.02886	0.03247	0.75830	0.00722	0.00722	0.00361	0.00361
103	0.01443	0.00722	0.01082	0.01082	0.01082	0.00722	0.00722	0.01082	0.01082	0.01443	0.01443	0.02525	0.01443	0.02886	0.03247	0.75830	0.00722	0.00722	0.00361	0.00361
104	0.01322	0.00951	0.01315	0.01498	0.01693	0.00944	0.01305	0.01696	0.01912	0.02475	0.04588	0.09306	0.07630	0.02286	0.01140	0.00378	0.00749	0.57287	0.00765	0.00762
105	0.02214	0.01752	0.01883	0.01672	0.02157	0.01991	0.01307	0.04382	0.58630	0.09054	0.03372	0.03075	0.02493	0.01118	0.00844	0.00280	0.00662	0.00930	0.00862	0.01324
106	0.76672	0.01607	0.01221	0.01092	0.01607	0.01864	0.00900	0.02442	0.01414	0.03727	0.01157	0.01350	0.00900	0.00771	0.00514	0.00257	0.00643	0.00450	0.00514	0.00900
107	0.02459	0.01697	0.01890	0.01640	0.02151	0.01866	0.01293	0.04328	0.49512	0.18316	0.03357	0.03035	0.02422	0.01104	0.00843	0.00276	0.00669	0.00915	0.00889	0.01338
108	0.56482	0.01553	0.01417	0.01199	0.01749	0.01686	0.00989	0.02887	0.01681	0.21019	0.01744	0.01759	0.01220	0.00842	0.00603	0.00257	0.00660	0.00557	0.00656	0.01042
109	0.02912	0.02138	0.02282	0.01789	0.02394	0.02368	0.01465	0.51911	0.09405	0.04879	0.02189	0.02197	0.01583	0.01007	0.00810	0.00247	0.00843	0.00768	0.07466	0.01347
110	0.19170	0.01078	0.01059	0.00980	0.01342	0.01033	0.00764	0.01793	0.01867	0.08771	0.11259	0.05772	0.38931	0.01650	0.00857	0.00271	0.00498	0.01335	0.00748	0.00823
111	0.00982	0.00842	0.00842	0.00842	0.01122	0.00701	0.00631	0.01192	0.01894	0.02244	0.08416	0.07995	0.65285	0.02104	0.00982	0.00281	0.00421	0.01753	0.00771	0.00701
112	0.02066	0.01785	0.01878	0.01691	0.02160	0.02066	0.01315	0.04414	0.64121	0.03475	0.03381	0.03099	0.02536	0.01127	0.00845	0.00282	0.00657	0.00939	0.00845	0.01315
113	0.01001	0.00842	0.00868	0.00861	0.01134	0.00709	0.00646	0.01228	0.01938	0.02349	0.13898	0.07822	0.59737	0.02065	0.00982	0.00279	0.00418	0.01729	0.00785	0.00709
114	0.01012	0.00723	0.00964	0.01157	0.01205	0.00675	0.00771	0.01157	0.01591	0.02121	0.04579	0.70262	0.05495	0.02603	0.01060	0.00337	0.00482	0.02362	0.00771	0.00675
115	0.00982	0.00842	0.00842	0.00842	0.01122	0.00701	0.00631	0.01192	0.01894	0.02244	0.08416	0.07995	0.65285	0.02104	0.00982	0.00281	0.00421	0.01753	0.00771	0.00701
116	0.76672	0.01607	0.01221	0.01092	0.01607	0.01864	0.00900	0.02442	0.01414	0.03727	0.01157	0.01350	0.00900	0.00771	0.00514	0.00257	0.00643	0.00450	0.00514	0.00900
117	0.03727	0.01414	0.01928	0.01478	0.02121	0.01221	0.01221	0.04049	0.02378	0.66198	0.03277	0.02828	0.02056	0.01028	0.00835	0.00257	0.00707	0.00835	0.01028	0.01414
118	0.01208	0.00805	0.00906	0.00906	0.00906	0.00805	0.00503	0.01208	0.01208	0.01611	0.02618	0.05436	0.03020	0.70804	0.04228	0.00805	0.00805	0.01208	0.00503	0.00503
119	0.01187	0.00890	0.01335	0.01335	0.01483	0.01038	0.01038	0.01483	0.01335	0.01928	0.02225	0.03264	0.02077	0.06231	0.67512	0.01335	0.02225	0.00890	0.00445	0.00742
120	0.03108	0.03804	0.02367	0.02118	0.02569	0.61301	0.01603	0.08977	0.02502	0.02338	0.01352	0.01545	0.01103	0.00869	0.00757	0.00217	0.01443	0.00555	0.00466	0.01006
121	0.01187	0.00890	0.01335	0.01335	0.01483	0.01038	0.01038	0.01483	0.01335	0.01928	0.02225	0.03264	0.02077	0.06231	0.67512	0.01335	0.02225	0.00890	0.00445	0.00742
122	0.02301	0.01338	0.01604	0.01398	0.01829	0.01339	0.01093	0.03278	0.22734	0.24421	0.12933	0.10295	0.09011	0.01405	0.00894	0.00276	0.00598	0.01194	0.00904	0.01155
123	0.01208	0.00805	0.00906	0.00906	0.00906	0.00805	0.00503	0.01208	0.01208	0.01611	0.02618	0.05436	0.03020	0.70804	0.04228	0.00805	0.00805	0.01208	0.00503	0.00503
124	0.03158	0.02327	0.02493	0.01911	0.02576	0.02576	0.01579	0.62852	0.03906	0.05236	0.01995	0.01995	0.01413	0.00997	0.00831	0.00249	0.00914	0.00748	0.00831	0.01413
125	0.00982	0.00842	0.00842	0.00842	0.01122	0.00701	0.00631	0.01192	0.01894	0.02244	0.08416	0.07995	0.65285	0.02104	0.00982	0.00281	0.00421	0.01753	0.00771	0.00701
126	0.01092	0.00788	0.00909	0.00971	0.01052	0.00739	0.00619	0.01188	0.01492	0.01923	0.04614	0.26699	0.18541	0.32816	0.02451	0.00532	0.00611	0.01705	0.00652	0.00605
127	0.01187	0.00890	0.01335	0.01335	0.01483	0.01038	0.01038	0.01483	0.01335	0.01928	0.02225	0.03264	0.02077	0.06231	0.67512	0.01335	0.02225	0.00890	0.00445	0.00742
128	0.01549	0.00774	0.00774	0.00774	0.00968	0.00774	0.00581	0.01936	0.01742	0.03097	0.02710	0.03097	0.02129	0.00968	0.00581	0.00194	0.00387	0.00774	0.75416	0.00774
129	0.02900	0.02199	0.02348	0.01859	0.02478	0.02456	0.01517	0.49025	0.18154	0.04819	0.02323	0.02256	0.01679	0.01028	0.00834	0.00257	0.00853	0.00793	0.00834	0.01390
130	0.01077	0.00835	0.00993	0.01072	0.01269	0.00752	0.00817	0.01321	0.01866	0.02364	0.12086	0.23536	0.33331	0.02226	0.01033	0.00312	0.00500	0.13112	0.00784	0.00715
131	0.01012	0.00723	0.00964	0.01157	0.01205	0.00675	0.00771	0.01157	0.01591	0.02121	0.04579	0.70262	0.05495	0.02603	0.01060	0.00337	0.00482	0.02362	0.00771	0.00675
132	0.03209	0.02246	0.02443	0.01873	0.02536	0.02456	0.01547	0.57622	0.03770	0.10658	0.02109	0.02069	0.01470	0.01000	0.00831	0.00250	0.00896	0.00756	0.00849	0.01413
133	0.01810	0.01561	0.01633	0.01490	0.01915	0.01743	0.01153	0.03652	0.49397	0.03184	0.04572	0.04258	0.17383	0.01358	0.00878	0.00281	0.00601	0.01132	0.00828	0.01170
134	0.01001	0.00803	0.00894	0.00955	0.01155	0.00696	0.00685	0.01198	0.01815	0.02254	0.09791	0.28471	0.42869	0.02250	0.01008	0.00298	0.00440	0.01942	0.00778	0.00696
135	0.03291	0.02114	0.02361	0.01810	0.02470	0.02260	0.01495	0.49115	0.03549	0.19477	0.02294	0.02189	0.01563	0.01004	0.00832	0.00251	0.00866	0.00768	0.00877	0.01413
136	0.02062	0.01678	0.01905	0.01392	0.02112	0.01455	0.01125	0.16469	0.02239	0.03305	0.01599	0.01787	0.01274	0.00706	0.00666	0.00153	0.00686	0.00553	0.00572	0.58262
137	0.01037	0.00736	0.00966	0.01129	0.01180	0.00692	0.00748	0.01181	0.01593	0.02134	0.07325	0.61410	0.05387	0.08625	0.01338	0.00375	0.00506	0.02218	0.00754	0.00665
138	0.01041	0.00844	0.00923	0.00903	0.01158	0.00726	0.00677	0.01306	0.02032	0.02573	0.25593	0.07453	0.47902	0.01981	0.00981	0.00275	0.00412	0.01677	0.00815	0.00726
139	0.02919	0.01594	0.01904	0.01581	0.02140	0.01632	0.01267	0.04227	0.32422	0.35677	0.03328	0.02960	0.02290	0.01076	0.00840	0.00269	0.00683	0.00886	0.00939	0.01366
140	0.01187	0.00890	0.01335	0.01335	0.01483	0.01038	0.01038	0.01483	0.01335	0.01928	0.02225	0.03264	0.02077	0.06231	0.67512	0.01335	0.02225	0.00890	0.00445	0.00742
141	0.01883	0.00989	0.01277	0.01133	0.01395	0.00906	0.00831	0.02143	0.02028	0.20219	0.29208	0.07631	0.04880	0.19697	0.01796	0.00406	0.00591	0.01275	0.00832	0.00880
142	0.01028	0.00843	0.00905	0.00890	0.01150	0.00721	0.00667	0.01281	0.02002	0.02501	0.21848	0.07572	0.51692	0.02008	0.00981	0.00276	0.00414	0.01694	0.00805	0.00721
143	0.01162	0.00832	0.00996	0.00996	0.01082	0.00842	0.00653	0.01270	0.01363	0.01801	0.03577	0.05387	0.14100	0.43055	0.18613	0.00835	0.01072	0.01232	0.00538	0.00596
144	0.05784	0.01778	0.02510	0.06056	0.30294	0.01868	0.01838	0.13801	0.08233	0.03394	0.13341	0.02869	0.02604	0.01004	0.00840	0.00255	0.00822	0.00884	0.00626	0.01199
145	0.01718	0.01699	0.01599	0.01589	0.01820	0.18189	0.01256	0.02014	0.01735	0.02087	0.02496	0.04252	0.02456	0.03910	0.34554	0.00820	0.01692	0.14792	0.00516	0.00804
146	0.01221	0.00879	0.01282	0.01282	0.01434	0.01013	0.00995	0.01526	0.01374	0.02040	0.02271	0.03248	0.02082	0.05730	0.61150	0.01227	0.02050	0.00879	0.07572	0.00745
147	0.76672	0.01607	0.01221	0.01092	0.01607	0.01864	0.00900	0.02442	0.01414	0.03727	0.01157	0.01350	0.00900	0.00771	0.00514	0.00257	0.00643	0.00450	0.00514	0.00900
148	0.01819	0.01732	0.02944	0.36099	0.36475	0.01911	0.02432	0.02342	0.01779	0.02426	0.01521	0.02133	0.01214	0.00784	0.00826	0.00261	0.01046	0.00739	0.00391	0.01125
149	0.02287	0.02152	0.08167	0.01807	0.02395	0.02174	0.01544	0.18072	0.43945	0.03811	0.02873	0.02710	0.02129	0.01064	0.00837	0.00272	0.00772	0.00863	0.00795	0.01330
150	0.01176	0.00849	0.01110	0.01045	0.01241	0.00784	0.00784	0.01568	0.02352	0.03331	0.65184	0.06206	0.07839	0.01698	0.00980	0.00261	0.00392	0.01502	0.00914	0.00784
151	0.00982	0.00842	0.00842	0.00842	0.01122	0.00701	0.00631	0.01192	0.01894	0.02244	0.08416	0.07995	0.65285	0.02104	0.00982	0.00281	0.00421	0.01753	0.00771	0.00701
152	0.01794	0.04267	0.60795	0.02348	0.03504	0.07758	0.02939	0.02692	0.01807	0.02578	0.01472	0.01731	0.01054	0.00795	0.00786	0.00259	0.01252	0.00607	0.00358	0.01204
153	0.01452	0.01281	0.01844	0.01691	0.01777	0.01673	0.01366	0.01701	0.01309	0.01958	0.01747	0.02655	0.01662	0.04219	0.40234	0.00926	0.30460	0.00821	0.00411	0.00812
154	0.01198	0.00801	0.00909	0.00919	0.00921	0.00799	0.00517	0.01206	0.01227	0.01636	0.02715	0.08652	0.03143	0.67421	0.04071	0.00782	0.00789	0.01265	0.00517	0.00512
155	0.01162	0.00786	0.00920	0.00965	0.00977	0.00774	0.00567	0.01196	0.01299	0.01731	0.03082	0.20775	0.03606	0.54667	0.03479	0.00695	0.00729	0.01481	0.00567	0.00544
156	0.02039	0.02185	0.09330	0.12316	0.41809	0.02013	0.07832	0.07357	0.02018	0.02831	0.01590	0.02058	0.01268	0.00773	0.00835	0.00255	0.01056	0.00750	0.00435	0.01249
157	0.02146	0.18474	0.03555	0.04086	0.47561	0.05441	0.02237	0.02572	0.01866	0.02502	0.01453	0.01858	0.01245	0.00739	0.00750	0.00229	0.00988	0.00660	0.00399	0.01240
158	0.02219	0.01826	0.02261	0.01658	0.02381	0.01682	0.06662	0.22274	0.02467	0.03541	0.01666	0.01859	0.01294	0.00749	0.00719	0.00179	0.00784	0.00620	0.00598	0.44560
159	0.01012	0.00723	0.00964	0.01157	0.01205	0.00675	0.00771	0.01157	0.01591	0.02121	0.04579	0.70262	0.05495	0.02603	0.01060	0.00337	0.00482	0.02362	0.00771	0.00675
160	0.02125	0.01417	0.01510	0.01304	0.01740	0.04298	0.01026	0.08377	0.12479	0.17913	0.08530	0.05001	0.27852	0.01504	0.00900	0.00268	0.00622	0.01237	0.00842	0.01055
161	0.02096	0.02131	0.03594	0.04648	0.51060	0.05568	0.13399	0.02612	0.01929	0.02667	0.01569	0.02059	0.01292	0.00739	0.00847	0.00251	0.01090	0.00773	0.00414	0.01261
162	0.01208	0.00805	0.00906	0.00906	0.00906	0.00805	0.00503	0.01208	0.01208	0.01611	0.02618	0.05436	0.03020	0.70804	0.04228	0.00805	0.00805	0.01208	0.00503	0.00503
163	0.02677	0.20353	0.03313	0.02209	0.02782	0.39682	0.12632	0.02992	0.02118	0.02128	0.01324	0.01592	0.01104	0.00792	0.00737	0.00217	0.01329	0.00593	0.00409	0.01017
164	0.01747	0.03654	0.51898	0.08222	0.03636	0.01841	0.05432	0.02605	0.01813	0.05683	0.04583	0.02078	0.01434	0.00843	0.00813	0.00265	0.01160	0.00694	0.00415	0.01184
165	0.01952	0.02375	0.10103	0.03691	0.15399	0.02063	0.46408	0.02638	0.01930	0.02668	0.01642	0.02164	0.01252	0.00715	0.00935	0.00273	0.01310	0.00904	0.00412	0.01165
166	0.00989	0.00814	0.00870	0.00916	0.01142	0.00695	0.00664	0.01184	0.01822	0.02215	0.07514	0.22635	0.51227	0.02221	0.01000	0.00294	0.00435	0.01896	0.00771	0.00695
167	0.02497	0.02809	0.02944	0.03855	0.39101	0.29522	0.02152	0.02872	0.02086	0.02428	0.01445	0.01821	0.01213	0.00789	0.00792	0.00233	0.01202	0.00654	0.00418	0.01167
168	0.02056	0.01974	0.03372	0.05099	0.65622	0.01974	0.02550	0.02550	0.01892	0.02714	0.01563	0.02056	0.01316	0.00740	0.00822	0.00247	0.00987	0.00740	0.00411	0.01316
169	0.01569	0.01477	0.02492	0.68808	0.05722	0.01846	0.02307	0.02123	0.01661	0.02123	0.01477	0.02215	0.01107	0.00831	0.00831	0.00277	0.01107	0.00738	0.00369	0.00923
170	0.01176	0.00849	0.01110	0.01045	0.01241	0.00784	0.00784	0.01568	0.02352	0.03331	0.65184	0.06206	0.07839	0.01698	0.00980	0.00261	0.00392	0.01502	0.00914	0.00784
171	0.02059	0.02017	0.03249	0.10635	0.57512	0.04853	0.02486	0.02545	0.01892	0.02631	0.01543	0.02046	0.01287	0.00753	0.00820	0.00248	0.01020	0.00731	0.00408	0.01265
172	0.02729	0.02802	0.02206	0.01924	0.02418	0.29312	0.01491	0.16378	0.25695	0.03251	0.02216	0.02200	0.01689	0.00987	0.00802	0.00247	0.01061	0.00731	0.00669	0.01190
173	0.02098	0.02036	0.02732	0.06474	0.36303	0.07733	0.02014	0.02997	0.16631	0.02807	0.01956	0.02229	0.01565	0.00834	0.00802	0.00242	0.00924	0.00745	0.00521	0.08355
174	0.01096	0.00782	0.00938	0.01007	0.01083	0.00738	0.00651	0.01218	0.01557	0.02053	0.09777	0.31127	0.13332	0.28246	0.02240	0.00499	0.00588	0.01762	0.00683	0.00623
175	0.02221	0.71304	0.04353	0.01421	0.02132	0.03287	0.01421	0.02488	0.01688	0.01955	0.01155	0.01333	0.01066	0.00711	0.00533	0.00178	0.00888	0.00444	0.00355	0.01066
176	0.01012	0.00723	0.00964	0.01157	0.01205	0.00675	0.00771	0.01157	0.01591	0.02121	0.04579	0.70262	0.05495	0.02603	0.01060	0.00337	0.00482	0.02362	0.00771	0.00675
177	0.01208	0.00805	0.00906	0.00906	0.00906	0.00805	0.00503	0.01208	0.01208	0.01611	0.02618	0.05436	0.03020	0.70804	0.04228	0.00805	0.00805	0.01208	0.00503	0.00503
178	0.01667	0.01169	0.01300	0.01156	0.01331	0.01222	0.00783	0.15826	0.01948	0.02622	0.08035	0.04690	0.03068	0.48141	0.03136	0.00625	0.00794	0.01125	0.00617	0.00743
179	0.01187	0.00890	0.01335	0.01335	0.01483	0.01038	0.01038	0.01483	0.01335	0.01928	0.02225	0.03264	0.02077	0.06231	0.67512	0.01335	0.02225	0.00890	0.00445	0.00742
180	0.01001	0.00836	0.00872	0.00877	0.01137	0.00707	0.00652	0.01224	0.01918	0.02334	0.13255	0.11231	0.56915	0.02095	0.00986	0.00282	0.00422	0.01764	0.00784	0.00707
181	0.03558	0.01481	0.01945	0.01513	0.02141	0.01347	0.01243	0.06297	0.07927	0.58321	0.03238	0.02820	0.02075	0.01036	0.00836	0.00259	0.00710	0.00841	0.01005	0.01405
182	0.00983	0.00836	0.00847	0.00855	0.01126	0.00700	0.00637	0.01191	0.01880	0.02239	0.08246	0.10744	0.62645	0.02126	0.00985	0.00283	0.00423	0.01780	0.00771	0.00700
183	0.01012	0.00723	0.00964	0.01157	0.01205	0.00675	0.00771	0.01157	0.01591	0.02121	0.04579	0.70262	0.05495	0.02603	0.01060	0.00337	0.00482	0.02362	0.00771	0.00675
184	0.01569	0.01477	0.02492	0.68808	0.05722	0.01846	0.02307	0.02123	0.01661	0.02123	0.01477	0.02215	0.01107	0.00831	0.00831	0.00277	0.01107	0.00738	0.00369	0.00923
185	0.01028	0.00735	0.00978	0.01146	0.01208	0.00685	0.00772	0.01196	0.01664	0.02238	0.10432	0.64076	0.05721	0.02515	0.01053	0.00330	0.00473	0.02279	0.00785	0.00685
186	0.02114	0.01808	0.01906	0.01700	0.02179	0.02089	0.01327	0.06993	0.61464	0.03553	0.03320	0.03051	0.02486	0.01121	0.00845	0.00280	0.00669	0.00931	0.00845	0.01319
187	0.01723	0.01477	0.01723	0.01230	0.01969	0.01107	0.00984	0.02092	0.01723	0.02707	0.01477	0.01723	0.01230	0.00615	0.00615	0.00123	0.00615	0.00492	0.00492	0.75883
188	0.01058	0.00845	0.00947	0.00921	0.01169	0.00734	0.00691	0.01339	0.02073	0.02670	0.30642	0.07294	0.42793	0.01945	0.00981	0.00273	0.00409	0.01655	0.00827	0.00734
189	0.01208	0.00805	0.00906	0.00906	0.00906	0.00805	0.00503	0.01208	0.01208	0.01611	0.02618	0.05436	0.03020	0.70804	0.04228	0.00805	0.00805	0.01208	0.00503	0.00503
190	0.01723	0.01477	0.01723	0.01230	0.01969	0.01107	0.00984	0.02092	0.01723	0.02707	0.01477	0.01723	0.01230	0.00615	0.00615	0.00123	0.00615	0.00492	0.00492	0.75883
191	0.03103	0.03959	0.02354	0.02140	0.02568	0.67469	0.01605	0.03317	0.02354	0.02033	0.01284	0.01498	0.01070	0.00856	0.00749	0.00214	0.01498	0.00535	0.00428	0.00963
192	0.02734	0.01627	0.01905	0.01570	0.02099	0.01689	0.01259	0.14514	0.23130	0.25963	0.11317	0.03216	0.02868	0.01145	0.00857	0.00264	0.00686	0.00943	0.00917	0.01297
193	0.01027	0.00734	0.00977	0.01147	0.01208	0.00684	0.00772	0.01193	0.01658	0.02228	0.09969	0.64565	0.05703	0.02522	0.01053	0.00331	0.00474	0.02285	0.00784	0.00684
194	0.00991	0.00842	0.00854	0.00851	0.01128	0.00705	0.00638	0.01209	0.01915	0.02294	0.11023	0.07913	0.62647	0.02085	0.00982	0.00280	0.00419	0.01742	0.00778	0.00705
195	0.03103	0.03959	0.02354	0.02140	0.02568	0.67469	0.01605	0.03317	0.02354	0.02033	0.01284	0.01498	0.01070	0.00856	0.00749	0.00214	0.01498	0.00535	0.00428	0.00963
196	0.00985	0.00831	0.00852	0.00870	0.01129	0.00699	0.00644	0.01189	0.01867	0.02233	0.08074	0.13533	0.59967	0.02148	0.00989	0.00286	0.00426	0.01807	0.00771	0.00699
197	0.01139	0.00818	0.01065	0.01200	0.01297	0.00784	0.00839	0.03948	0.01778	0.02386	0.09845	0.58230	0.05484	0.02435	0.01048	0.00329	0.00508	0.05359	0.00786	0.00722
198	0.29391	0.01260	0.01344	0.01165	0.01583	0.01282	0.00930	0.02474	0.02015	0.18351	0.27119	0.03630	0.03933	0.01201	0.00775	0.00259	0.00558	0.00960	0.00795	0.00975
199	0.06515	0.01440	0.01838	0.01391	0.02054	0.01219	0.01140	0.03425	0.02150	0.45504	0.02674	0.02449	0.01771	0.00900	0.00759	0.00219	0.00678	0.00721	0.00854	0.22297
200	0.02436	0.01723	0.01822	0.01501	0.01977	0.01897	0.01206	0.32413	0.14132	0.04220	0.02479	0.02554	0.01850	0.01011	0.00752	0.00237	0.00696	0.00791	0.25115	0.01187
201	0.01027	0.00734	0.00977	0.01147	0.01208	0.00684	0.00772	0.01193	0.01658	0.02228	0.09969	0.64565	0.05703	0.02522	0.01053	0.00331	0.00474	0.02285	0.00784	0.00684
202	0.03077	0.02279	0.02682	0.02034	0.02713	0.02474	0.06991	0.54903	0.03665	0.07698	0.02023	0.02053	0.01428	0.00972	0.00845	0.00252	0.00948	0.00772	0.00803	0.01387
203	0.01012	0.00723	0.00964	0.01157	0.01205	0.00675	0.00771	0.01157	0.01591	0.02121	0.04579	0.70262	0.05495	0.02603	0.01060	0.00337	0.00482	0.02362	0.00771	0.00675
204	0.01723	0.01477	0.01723	0.01230	0.01969	0.01107	0.00984	0.02092	0.01723	0.02707	0.01477	0.01723	0.01230	0.00615	0.00615	0.00123	0.00615	0.00492	0.00492	0.75883
205	0.02119	0.01062	0.01357	0.01169	0.01554	0.00929	0.00916	0.02426	0.02212	0.27618	0.23941	0.08345	0.19785	0.01580	0.00928	0.00268	0.00527	0.01344	0.00917	0.01005
206	0.01042	0.00833	0.00932	0.00932	0.01165	0.00723	0.00690	0.01299	0.02000	0.02553	0.24778	0.13400	0.42661	0.02032	0.00989	0.00280	0.00418	0.01737	0.00814	0.00723
207	0.01723	0.01477	0.01723	0.01230	0.01969	0.01107	0.00984	0.02092	0.01723	0.02707	0.01477	0.01723	0.01230	0.00615	0.00615	0.00123	0.00615	0.00492	0.00492	0.75883
208	0.01162	0.00786	0.00920	0.00965	0.00977	0.00774	0.00567	0.01196	0.01299	0.01731	0.03082	0.20775	0.03606	0.54667	0.03479	0.00695	0.00729	0.01481	0.00567	0.00544
209	0.01676	0.01205	0.01412	0.01259	0.01519	0.01238	0.00946	0.16676	0.02412	0.03301	0.28814	0.08171	0.04849	0.17645	0.01710	0.00395	0.00642	0.04479	0.00783	0.00869
210	0.01114	0.00759	0.00941	0.01047	0.01095	0.00729	0.00673	0.01236	0.01509	0.02063	0.06747	0.42012	0.04603	0.25091	0.02081	0.00481	0.00580	0.01851	0.04760	0.00629
211	0.10593	0.01432	0.01861	0.01442	0.02072	0.01281	0.01191	0.03897	0.02287	0.60318	0.03078	0.02688	0.01948	0.01004	0.00805	0.00257	0.00701	0.00799	0.00980	0.01365
212	0.02066	0.01785	0.01878	0.01691	0.02160	0.02066	0.01315	0.04414	0.64121	0.03475	0.03381	0.03099	0.02536	0.01127	0.00845	0.00282	0.00657	0.00939	0.00845	0.01315
213	0.01198	0.00847	0.01189	0.01217	0.01342	0.00939	0.00907	0.01454	0.01400	0.02039	0.02651	0.13238	0.02667	0.11039	0.45713	0.01033	0.01667	0.01123	0.07625	0.00713
214	0.01057	0.00842	0.00934	0.00912	0.01151	0.00734	0.00676	0.01318	0.02013	0.02575	0.26971	0.07281	0.43300	0.05204	0.01134	0.00299	0.00429	0.01644	0.00806	0.00719
215	0.76672	0.01607	0.01221	0.01092	0.01607	0.01864	0.00900	0.02442	0.01414	0.03727	0.01157	0.01350	0.00900	0.00771	0.00514	0.00257	0.00643	0.00450	0.00514	0.00900
216	0.01504	0.01499	0.01282	0.01361	0.01520	0.16482	0.00956	0.01671	0.01798	0.02111	0.04140	0.48454	0.09765	0.02145	0.00980	0.00303	0.00717	0.01875	0.00690	0.00745
217	0.01091	0.00787	0.01050	0.01232	0.01328	0.00746	0.00904	0.01299	0.01687	0.02218	0.04743	0.51762	0.08578	0.02499	0.01078	0.00345	0.00549	0.16634	0.00770	0.00699
218	0.01723	0.01477	0.01723	0.01230	0.01969	0.01107	0.00984	0.02092	0.01723	0.02707	0.01477	0.01723	0.01230	0.00615	0.00615	0.00123	0.00615	0.00492	0.00492	0.75883
219	0.03103	0.03959	0.02354	0.02140	0.02568	0.67469	0.01605	0.03317	0.02354	0.02033	0.01284	0.01498	0.01070	0.00856	0.00749	0.00214	0.01498	0.00535	0.00428	0.00963
220	0.01810	0.01561	0.01633	0.01490	0.01915	0.01743	0.01153	0.03652	0.49397	0.03184	0.04572	0.04258	0.17383	0.01358	0.00878	0.00281	0.00601	0.01132	0.00828	0.01170
221	0.01000	0.00842	0.00867	0.00861	0.01133	0.00709	0.00646	0.01228	0.01937	0.02348	0.13824	0.07824	0.59812	0.02065	0.00982	0.00279	0.00418	0.01729	0.00785	0.00709
222	0.00982	0.00842	0.00842	0.00842	0.01122	0.00701	0.00631	0.01192	0.01894	0.02244	0.08416	0.07995	0.65285	0.02104	0.00982	0.00281	0.00421	0.01753	0.00771	0.00701
223	0.01012	0.00723	0.00964	0.01157	0.01205	0.00675	0.00771	0.01157	0.01591	0.02121	0.04579	0.70262	0.05495	0.02603	0.01060	0.00337	0.00482	0.02362	0.00771	0.00675

[dist]
# distance from previous block
# <min> <max>
0	3

[block]
# block no. 2 follows, 22 sequences, length 42
# corresponding to MSA columns:
# 295-336
name=unknown_C
#
# <colnr> <probs for GDERKNQSTAVLIFYWHMCP>
#	G	D	E	R	K	N	Q	S	T	A	V	L	I	F	Y	W	H	M	C	P
0	0.76672	0.01607	0.01221	0.01092	0.01607	0.01864	0.00900	0.02442	0.01414	0.03727	0.01157	0.01350	0.00900	0.00771	0.00514	0.00257	0.00643	0.00450	0.00514	0.00900
1	0.01961	0.02241	0.04902	0.03501	0.04342	0.02101	0.62605	0.02661	0.01961	0.02661	0.01681	0.02241	0.01261	0.00700	0.00980	0.00280	0.01401	0.00980	0.00420	0.01120
2	0.02935	0.01591	0.01904	0.01579	0.02140	0.01624	0.01266	0.04223	0.31834	0.36275	0.03327	0.02957	0.02285	0.01075	0.00840	0.00269	0.00683	0.00885	0.00941	0.01367
3	0.00987	0.00820	0.00863	0.00898	0.01137	0.00697	0.00656	0.01186	0.01839	0.02222	0.07730	0.19126	0.54597	0.02193	0.00996	0.00291	0.00432	0.01862	0.00771	0.00697
