[name]
unknown

[dist]
# distance from previous block
# <min> <max>
0	0

[block]
# block no. 0 follows, 21 sequences, length 71
# corresponding to MSA columns:
# 0-70
name=unknown_A
#
# <colnr> <probs for GDERKNQSTAVLIFYWHMCP>
#	G	D	E	R	K	N	Q	S	T	A	V	L	I	F	Y	W	H	M	C	P
0	0.01371	0.00980	0.01371	0.01567	0.01763	0.00980	0.01371	0.01763	0.01959	0.02547	0.04506	0.09599	0.04898	0.02351	0.01175	0.00392	0.00784	0.59056	0.00784	0.00784
1	0.03652	0.01412	0.01922	0.01486	0.02115	0.01222	0.01222	0.03986	0.02434	0.61438	0.07230	0.03116	0.02483	0.01097	0.00865	0.00264	0.00704	0.00899	0.01046	0.01407
2	0.03485	0.01459	0.01941	0.01473	0.02147	0.01232	0.01211	0.03822	0.02327	0.55221	0.03058	0.02713	0.01969	0.00985	0.00819	0.00241	0.00709	0.00799	0.00964	0.13424
3	0.01238	0.00825	0.00928	0.00928	0.00928	0.00825	0.00516	0.01238	0.01238	0.01650	0.02681	0.05569	0.03094	0.70092	0.04331	0.00825	0.00825	0.01238	0.00516	0.00516
4	0.02106	0.02022	0.03454	0.05223	0.64784	0.02022	0.02612	0.02612	0.01938	0.02780	0.01601	0.02106	0.01348	0.00758	0.00842	0.00253	0.01011	0.00758	0.00421	0.01348
5	0.01765	0.01513	0.01765	0.01260	0.02017	0.01134	0.01008	0.02143	0.01765	0.02773	0.01513	0.01765	0.01260	0.00630	0.00630	0.00126	0.00630	0.00504	0.00504	0.75295
6	0.01216	0.00912	0.01368	0.01368	0.01520	0.01064	0.01064	0.01520	0.01368	0.01976	0.02279	0.03343	0.02127	0.06382	0.66720	0.01368	0.02279	0.00912	0.00456	0.00760
7	0.01983	0.01896	0.03231	0.20777	0.50196	0.01989	0.02550	0.02503	0.01879	0.02630	0.01579	0.02146	0.01295	0.00781	0.00845	0.00260	0.01042	0.00758	0.00411	0.01248
8	0.01238	0.00825	0.00928	0.00928	0.00928	0.00825	0.00516	0.01238	0.01238	0.01650	0.02681	0.05569	0.03094	0.70092	0.04331	0.00825	0.00825	0.01238	0.00516	0.00516
9	0.01046	0.00864	0.00918	0.00905	0.01174	0.00736	0.00678	0.01300	0.02035	0.02526	0.19984	0.07816	0.52933	0.02071	0.01005	0.00283	0.00425	0.01744	0.00820	0.00736
10	0.01021	0.00835	0.00891	0.00933	0.01159	0.00717	0.00672	0.01214	0.01847	0.02247	0.07561	0.21086	0.49627	0.04869	0.01150	0.00320	0.00459	0.01907	0.00780	0.00705
11	0.01225	0.00820	0.00932	0.00944	0.00947	0.00817	0.00532	0.01234	0.01262	0.01682	0.02805	0.09497	0.03250	0.65952	0.04132	0.00796	0.00805	0.01310	0.00532	0.00526
12	0.02333	0.66378	0.04329	0.01503	0.02213	0.07388	0.01468	0.02602	0.01773	0.02007	0.01192	0.01376	0.01092	0.00738	0.00560	0.00184	0.00950	0.00461	0.00369	0.01085
13	0.02231	0.02394	0.03628	0.07455	0.36832	0.12533	0.17070	0.02746	0.02020	0.02624	0.01580	0.02069	0.01282	0.00772	0.00871	0.00257	0.01207	0.00785	0.00424	0.01220
14	0.02655	0.03228	0.02784	0.02345	0.02800	0.43109	0.13293	0.02961	0.02146	0.02174	0.01521	0.02047	0.01314	0.05428	0.04729	0.00340	0.05003	0.00710	0.00439	0.00974
15	0.01122	0.00803	0.01008	0.01068	0.01208	0.00731	0.00752	0.01290	0.01841	0.02434	0.20216	0.30807	0.20310	0.02341	0.01304	0.08963	0.00483	0.01851	0.00778	0.00689
16	0.01947	0.01859	0.03166	0.25303	0.45951	0.01980	0.02532	0.02472	0.01862	0.02587	0.01573	0.02158	0.01280	0.00788	0.00845	0.00263	0.01050	0.00758	0.00407	0.01219
17	0.03182	0.03971	0.02419	0.02180	0.02631	0.63417	0.01643	0.06378	0.02493	0.02250	0.01352	0.01561	0.01114	0.00884	0.00772	0.00221	0.01504	0.00559	0.00459	0.01010
18	0.03131	0.03027	0.02495	0.05345	0.02796	0.28902	0.01666	0.34924	0.03234	0.03857	0.01718	0.01846	0.01287	0.00954	0.00817	0.00242	0.01192	0.00676	0.00658	0.01233
19	0.02660	0.03374	0.06250	0.02484	0.02976	0.40302	0.13496	0.03011	0.02121	0.02235	0.01374	0.01750	0.01137	0.00942	0.01144	0.00260	0.12367	0.00673	0.00422	0.01023
20	0.01167	0.00800	0.00973	0.01041	0.01067	0.00792	0.00641	0.01235	0.01381	0.01849	0.03358	0.27675	0.03922	0.43195	0.06601	0.00688	0.00789	0.01630	0.00608	0.00590
21	0.01320	0.01065	0.01567	0.01507	0.01635	0.01312	0.01192	0.01605	0.01357	0.01987	0.02092	0.03105	0.01965	0.05595	0.56426	0.01207	0.12948	0.00885	0.00442	0.00787
22	0.02110	0.01946	0.02852	0.03849	0.40160	0.02059	0.02114	0.03364	0.26065	0.03087	0.02334	0.02527	0.01840	0.00914	0.00852	0.00267	0.00878	0.00838	0.00596	0.01348
23	0.02321	0.02251	0.04036	0.03382	0.13675	0.02274	0.34259	0.17335	0.02455	0.03354	0.01752	0.02181	0.01330	0.00838	0.01029	0.00278	0.04584	0.00893	0.00530	0.01244
24	0.01029	0.00863	0.00894	0.00886	0.01164	0.00728	0.00665	0.01266	0.01994	0.02428	0.15057	0.07978	0.57922	0.02107	0.01006	0.00285	0.00428	0.01766	0.00807	0.00728
25	0.01006	0.00862	0.00862	0.00862	0.01149	0.00718	0.00647	0.01221	0.01940	0.02299	0.08621	0.08190	0.64438	0.02155	0.01006	0.00287	0.00431	0.01796	0.00790	0.00718
26	0.03053	0.02128	0.02171	0.01784	0.02368	0.09464	0.01428	0.20247	0.21785	0.22149	0.02789	0.02589	0.01959	0.01056	0.00847	0.00264	0.00861	0.00828	0.00868	0.01363
27	0.01604	0.01529	0.02610	0.02145	0.02418	0.01774	0.16275	0.01956	0.01499	0.02162	0.01824	0.02788	0.01683	0.07581	0.27606	0.00772	0.21548	0.00906	0.00429	0.00891
28	0.01037	0.00741	0.00987	0.01185	0.01234	0.00691	0.00790	0.01185	0.01629	0.02172	0.04690	0.69537	0.05629	0.02666	0.01086	0.00346	0.00494	0.02419	0.00790	0.00691
29	0.02684	0.27979	0.10477	0.01955	0.02592	0.36460	0.01751	0.03012	0.02095	0.02125	0.01292	0.01504	0.01093	0.00816	0.00693	0.00212	0.01278	0.00524	0.00403	0.01056
30	0.01037	0.00741	0.00987	0.01185	0.01234	0.00691	0.00790	0.01185	0.01629	0.02172	0.04690	0.69537	0.05629	0.02666	0.01086	0.00346	0.00494	0.02419	0.00790	0.00691
31	0.03235	0.02384	0.02554	0.01958	0.02639	0.02639	0.01618	0.61946	0.04001	0.05363	0.02043	0.02043	0.01447	0.01022	0.00851	0.00255	0.00936	0.00766	0.00851	0.01447
32	0.01035	0.00799	0.00945	0.01045	0.01202	0.00709	0.00732	0.01227	0.01806	0.02303	0.10093	0.40318	0.29945	0.02397	0.01048	0.00317	0.00462	0.02107	0.00799	0.00709
33	0.01037	0.00741	0.00987	0.01185	0.01234	0.00691	0.00790	0.01185	0.01629	0.02172	0.04690	0.69537	0.05629	0.02666	0.01086	0.00346	0.00494	0.02419	0.00790	0.00691
34	0.01586	0.00793	0.00793	0.00793	0.00991	0.00793	0.00595	0.01983	0.01785	0.03173	0.02776	0.03173	0.02181	0.00991	0.00595	0.00198	0.00397	0.00793	0.74817	0.00793
35	0.02142	0.02231	0.06213	0.04946	0.58929	0.05239	0.02588	0.02655	0.01955	0.02742	0.01583	0.02064	0.01323	0.00766	0.00837	0.00252	0.01048	0.00742	0.00419	0.01326
36	0.01707	0.04402	0.65683	0.02426	0.03683	0.01976	0.03144	0.02695	0.01797	0.02695	0.01527	0.01797	0.01078	0.00809	0.00809	0.00270	0.01258	0.00629	0.00359	0.01258
37	0.01006	0.00862	0.00862	0.00862	0.01149	0.00718	0.00647	0.01221	0.01940	0.02299	0.08621	0.08190	0.64438	0.02155	0.01006	0.00287	0.00431	0.01796	0.00790	0.00718
38	0.01216	0.00912	0.01368	0.01368	0.01520	0.01064	0.01064	0.01520	0.01368	0.01976	0.02279	0.03343	0.02127	0.06382	0.66720	0.01368	0.02279	0.00912	0.00456	0.00760
39	0.01095	0.00834	0.01008	0.01031	0.01222	0.00746	0.00748	0.01370	0.02052	0.02724	0.30495	0.23324	0.26030	0.02117	0.01026	0.00294	0.00435	0.01852	0.00850	0.00746
40	0.03156	0.03218	0.02452	0.02068	0.02616	0.35530	0.01619	0.29259	0.05860	0.03596	0.01733	0.01833	0.01319	0.00953	0.00809	0.00238	0.01232	0.00663	0.00640	0.01206
41	0.01773	0.12049	0.58611	0.02314	0.03510	0.02137	0.02949	0.02678	0.01789	0.02615	0.01487	0.01747	0.01080	0.00799	0.00778	0.00259	0.01218	0.00609	0.00360	0.01239
42	0.02514	0.02218	0.03016	0.04005	0.42126	0.09489	0.02200	0.08225	0.05423	0.09657	0.01892	0.02175	0.01474	0.00848	0.00837	0.00252	0.01017	0.00756	0.00552	0.01326
43	0.01204	0.00837	0.01058	0.01086	0.01135	0.00873	0.00706	0.01309	0.01328	0.01812	0.02847	0.13765	0.03175	0.43110	0.21209	0.00910	0.01183	0.01310	0.00537	0.00608
44	0.11134	0.02078	0.01836	0.01539	0.02014	0.12369	0.01225	0.27051	0.02763	0.03976	0.02053	0.02234	0.01556	0.00962	0.00721	0.00233	0.00834	0.00704	0.23608	0.01110
45	0.01902	0.01657	0.02513	0.03207	0.30506	0.01835	0.01859	0.02293	0.01730	0.02688	0.01764	0.02294	0.01491	0.01000	0.01276	0.00265	0.18255	0.00754	0.18830	0.03878
46	0.01126	0.00824	0.01046	0.01114	0.01215	0.00821	0.00766	0.01287	0.01517	0.02013	0.04228	0.27195	0.13665	0.20374	0.18135	0.00709	0.01009	0.01649	0.00639	0.00669
47	0.02324	0.02524	0.03431	0.03734	0.28663	0.16582	0.16876	0.03037	0.09144	0.02700	0.01782	0.02148	0.01422	0.00821	0.00868	0.00258	0.01194	0.00796	0.00479	0.01217
48	0.01216	0.00912	0.01368	0.01368	0.01520	0.01064	0.01064	0.01520	0.01368	0.01976	0.02279	0.03343	0.02127	0.06382	0.66720	0.01368	0.02279	0.00912	0.00456	0.00760
49	0.01819	0.14745	0.52609	0.02425	0.06773	0.02199	0.02848	0.02667	0.01794	0.02590	0.01477	0.01745	0.01095	0.00793	0.00769	0.00255	0.01189	0.00608	0.00363	0.01236
50	0.02376	0.02571	0.03040	0.03102	0.18107	0.19551	0.08886	0.06305	0.02004	0.02520	0.01417	0.01896	0.01209	0.01027	0.01442	0.00285	0.21992	0.00727	0.00438	0.01106
51	0.01126	0.00832	0.01003	0.01023	0.01212	0.00751	0.00743	0.01411	0.02051	0.02775	0.30430	0.21933	0.23695	0.02046	0.01003	0.00289	0.00432	0.01787	0.04708	0.00751
52	0.02035	0.01344	0.01426	0.01233	0.01545	0.01437	0.00928	0.20395	0.05460	0.03490	0.02562	0.03418	0.02202	0.18117	0.01613	0.00376	0.00683	0.00903	0.29877	0.00954
53	0.05835	0.01800	0.02175	0.29912	0.10769	0.12117	0.01807	0.02196	0.01812	0.02318	0.02260	0.18737	0.02254	0.01290	0.00877	0.00284	0.01001	0.01118	0.00503	0.00934
54	0.02741	0.11110	0.02973	0.03050	0.21914	0.39250	0.01924	0.03055	0.02185	0.02290	0.01389	0.01693	0.01174	0.00823	0.00765	0.00225	0.01300	0.00603	0.00425	0.01111
55	0.02218	0.02234	0.03346	0.04908	0.58315	0.08751	0.02511	0.02694	0.01987	0.02708	0.01571	0.02047	0.01322	0.00771	0.00835	0.00249	0.01065	0.00736	0.00423	0.01310
56	0.01032	0.00761	0.00967	0.01131	0.01220	0.00696	0.00766	0.01191	0.01681	0.02193	0.05345	0.59328	0.15415	0.02581	0.01073	0.00336	0.00483	0.02316	0.00790	0.00696
57	0.01226	0.00943	0.01267	0.08781	0.01786	0.00918	0.00964	0.01624	0.02269	0.03130	0.50119	0.06114	0.14279	0.01689	0.00986	0.00272	0.00490	0.01481	0.00854	0.00809
58	0.01219	0.00898	0.01296	0.01296	0.01424	0.01025	0.00975	0.01474	0.01347	0.01923	0.02345	0.03704	0.02284	0.16715	0.56602	0.01280	0.02044	0.00965	0.00466	0.00720
59	0.01230	0.00857	0.01088	0.01088	0.01143	0.00912	0.00715	0.01340	0.01285	0.01768	0.02535	0.04760	0.02743	0.46938	0.27005	0.01022	0.01354	0.01119	0.00494	0.00604
60	0.03235	0.02384	0.02554	0.01958	0.02639	0.02639	0.01618	0.61946	0.04001	0.05363	0.02043	0.02043	0.01447	0.01022	0.00851	0.00255	0.00936	0.00766	0.00851	0.01447
61	0.02060	0.42632	0.13602	0.01535	0.02235	0.02532	0.01580	0.02459	0.01858	0.05711	0.10882	0.02451	0.02272	0.03969	0.00841	0.00242	0.00877	0.00702	0.00493	0.01069
62	0.02522	0.03029	0.06380	0.09811	0.02952	0.32228	0.01882	0.06533	0.02065	0.02329	0.01339	0.01765	0.01128	0.01060	0.01383	0.00277	0.21224	0.00649	0.00433	0.01011
63	0.03021	0.15867	0.02787	0.02046	0.02551	0.51410	0.01609	0.06841	0.02387	0.02270	0.01336	0.01536	0.01117	0.00859	0.00733	0.00215	0.01386	0.00545	0.00450	0.01034
64	0.01037	0.00741	0.00987	0.01185	0.01234	0.00691	0.00790	0.01185	0.01629	0.02172	0.04690	0.69537	0.05629	0.02666	0.01086	0.00346	0.00494	0.02419	0.00790	0.00691
65	0.19836	0.01066	0.01107	0.01060	0.01321	0.01077	0.00775	0.01776	0.01781	0.06007	0.17952	0.12798	0.13394	0.14731	0.01525	0.00386	0.00578	0.01327	0.00720	0.00784
66	0.02326	0.39092	0.06032	0.01714	0.02282	0.18666	0.01550	0.02614	0.01833	0.02051	0.01356	0.01688	0.01217	0.01483	0.08582	0.00346	0.05195	0.00556	0.00394	0.01024
67	0.02171	0.05797	0.03227	0.04369	0.49294	0.08266	0.02318	0.02710	0.04672	0.02663	0.01670	0.02126	0.01408	0.01088	0.04356	0.00307	0.01109	0.00739	0.00442	0.01268
68	0.01165	0.00833	0.01068	0.01213	0.01293	0.00803	0.00820	0.04449	0.01736	0.02316	0.04442	0.62513	0.05269	0.06164	0.01246	0.00366	0.00535	0.02268	0.00779	0.00722
69	0.02289	0.02368	0.03277	0.04707	0.54195	0.13036	0.02447	0.02746	0.02018	0.02661	0.01552	0.02009	0.01305	0.00778	0.00830	0.00247	0.01100	0.00722	0.00424	0.01286
70	0.02220	0.01562	0.02605	0.05218	0.19754	0.01509	0.12318	0.02698	0.02024	0.15020	0.05629	0.02802	0.02050	0.00924	0.00819	0.00249	0.00845	0.00872	0.19738	0.01144

[dist]
# distance from previous block
# <min> <max>
0	1

[block]
# block no. 1 follows, 21 sequences, length 7
# corresponding to MSA columns:
# 72-78
name=unknown_B
#
# <colnr> <probs for GDERKNQSTAVLIFYWHMCP>
#	G	D	E	R	K	N	Q	S	T	A	V	L	I	F	Y	W	H	M	C	P
0	0.01791	0.02008	0.10752	0.14486	0.12223	0.01757	0.06996	0.04779	0.01944	0.02780	0.10376	0.02624	0.02176	0.00976	0.01027	0.00255	0.07475	0.00826	0.00507	0.14243
1	0.01617	0.01479	0.05959	0.06097	0.04610	0.01375	0.01309	0.11827	0.06354	0.02865	0.04014	0.26552	0.12799	0.02195	0.06544	0.00391	0.00839	0.01514	0.00705	0.00956
2	0.08004	0.06996	0.07233	0.01462	0.01882	0.05168	0.01258	0.08366	0.05015	0.02724	0.03415	0.13287	0.12478	0.02604	0.15770	0.00522	0.01114	0.01150	0.00613	0.00940
3	0.05215	0.11721	0.02990	0.14105	0.14431	0.02050	0.09547	0.08027	0.01924	0.02668	0.01718	0.02292	0.01433	0.02061	0.15676	0.00505	0.01336	0.00768	0.00461	0.01072
4	0.15740	0.08857	0.02409	0.02383	0.15478	0.19449	0.01575	0.02654	0.01874	0.02691	0.01529	0.01878	0.01274	0.00897	0.00890	0.00243	0.07521	0.00622	0.11007	0.01030
5	0.11822	0.02172	0.10911	0.01949	0.08188	0.04544	0.01582	0.19508	0.02531	0.06143	0.08292	0.03398	0.13056	0.01194	0.00839	0.00264	0.00834	0.00949	0.00686	0.01140
6	0.18203	0.02643	0.19260	0.02284	0.10599	0.06558	0.01954	0.09664	0.02059	0.03235	0.07463	0.02199	0.01792	0.00983	0.00964	0.00271	0.07500	0.00718	0.00525	0.01125

[dist]
# distance from previous block
# <min> <max>
0	7

[block]
# block no. 2 follows, 21 sequences, length 9
# corresponding to MSA columns:
# 86-94
name=unknown_C
#
# <colnr> <probs for GDERKNQSTAVLIFYWHMCP>
#	G	D	E	R	K	N	Q	S	T	A	V	L	I	F	Y	W	H	M	C	P
0	0.01934	0.11168	0.33805	0.02181	0.03077	0.02062	0.07339	0.10551	0.02118	0.02936	0.02089	0.05988	0.01832	0.01098	0.00858	0.00277	0.01094	0.07918	0.00505	0.01170
1	0.06092	0.02285	0.06639	0.02971	0.13118	0.07418	0.15161	0.02458	0.01686	0.02453	0.01372	0.01942	0.01179	0.01075	0.01684	0.00310	0.29914	0.00767	0.00406	0.01069
2	0.02202	0.02200	0.02474	0.02427	0.11198	0.16053	0.08112	0.12453	0.02292	0.02843	0.02795	0.15562	0.07578	0.01373	0.01059	0.00280	0.06301	0.01151	0.00599	0.01049
3	0.01763	0.01906	0.10871	0.11457	0.20105	0.01608	0.01892	0.07118	0.01924	0.02684	0.02326	0.15960	0.02299	0.07179	0.01174	0.00318	0.00904	0.01098	0.00532	0.06881
4	0.02119	0.02057	0.06147	0.02871	0.14611	0.01903	0.18954	0.15379	0.02340	0.03242	0.02138	0.11259	0.01912	0.01050	0.00897	0.00261	0.01011	0.01019	0.00575	0.10253
5	0.01965	0.02135	0.02008	0.01742	0.02055	0.23444	0.09593	0.02180	0.01866	0.02070	0.03009	0.07941	0.10652	0.23372	0.01998	0.00440	0.01080	0.01117	0.00531	0.00804
6	0.02368	0.01651	0.02104	0.02202	0.12728	0.01710	0.01464	0.21697	0.06270	0.11829	0.03054	0.23273	0.02891	0.01501	0.00925	0.00286	0.00767	0.01304	0.00787	0.01189
7	0.02045	0.01880	0.01709	0.01492	0.01923	0.12589	0.01155	0.13924	0.10785	0.03194	0.11459	0.07397	0.18341	0.01435	0.00890	0.00257	0.00765	0.01167	0.00748	0.06844
8	0.02305	0.02273	0.02468	0.18437	0.15392	0.16533	0.01866	0.14430	0.02403	0.02931	0.02559	0.02831	0.09839	0.01050	0.00852	0.00258	0.01065	0.00853	0.00551	0.01104

[dist]
# distance from previous block
# <min> <max>
1	75

[block]
# block no. 3 follows, 21 sequences, length 12
# corresponding to MSA columns:
# 170-181
name=unknown_D
#
# <colnr> <probs for GDERKNQSTAVLIFYWHMCP>
#	G	D	E	R	K	N	Q	S	T	A	V	L	I	F	Y	W	H	M	C	P
0	0.09532	0.20781	0.07317	0.01639	0.02045	0.02331	0.01470	0.06321	0.01713	0.02513	0.05021	0.02495	0.01796	0.11475	0.01791	0.00355	0.19222	0.00748	0.00472	0.00965
1	0.02303	0.06688	0.02241	0.12057	0.06138	0.22840	0.01550	0.06123	0.02069	0.02598	0.01747	0.02141	0.01412	0.00950	0.00915	0.00239	0.07144	0.00678	0.19187	0.00981
2	0.02257	0.02189	0.02452	0.02775	0.19517	0.12670	0.01751	0.08481	0.17775	0.02939	0.02267	0.06721	0.01963	0.04179	0.01207	0.00300	0.07878	0.00903	0.00600	0.01176
3	0.01915	0.12757	0.02344	0.02059	0.11824	0.07968	0.01438	0.02250	0.01907	0.05860	0.09456	0.03740	0.07176	0.02036	0.11161	0.00427	0.03921	0.06142	0.00574	0.05045
4	0.01800	0.02774	0.25481	0.13890	0.13773	0.01940	0.18045	0.02535	0.01898	0.02677	0.05604	0.02345	0.01630	0.00843	0.00884	0.00274	0.01190	0.00826	0.00428	0.01163
5	0.02013	0.03326	0.34103	0.07790	0.17047	0.07455	0.02617	0.07613	0.02063	0.02832	0.01844	0.02148	0.03642	0.00877	0.00827	0.00262	0.01158	0.00717	0.00439	0.01226
6	0.08806	0.27771	0.30885	0.01935	0.02845	0.09717	0.02172	0.02704	0.01810	0.02480	0.01350	0.01576	0.01071	0.00786	0.00685	0.00232	0.01110	0.00542	0.00385	0.01138
7	0.01993	0.14103	0.02744	0.02271	0.13015	0.07289	0.09228	0.05460	0.04016	0.02665	0.02785	0.03165	0.09962	0.05140	0.00997	0.00273	0.00893	0.00898	0.12072	0.01031
8	0.01435	0.01788	0.15534	0.01605	0.01981	0.01314	0.01514	0.03684	0.01750	0.02392	0.03575	0.18460	0.08839	0.11521	0.01663	0.00401	0.07746	0.13323	0.00614	0.00862
9	0.01948	0.03647	0.38517	0.12155	0.03616	0.15295	0.02541	0.02659	0.01920	0.02462	0.01977	0.02260	0.05520	0.00923	0.00820	0.00262	0.01239	0.00713	0.00409	0.01117
10	0.02348	0.01988	0.02383	0.02812	0.23003	0.11034	0.01709	0.04729	0.07697	0.12386	0.07483	0.03273	0.09604	0.01143	0.00969	0.00264	0.04401	0.00943	0.00654	0.01177
11	0.02144	0.02387	0.17304	0.02813	0.20043	0.01864	0.02076	0.14410	0.05635	0.06627	0.02411	0.13950	0.02165	0.01195	0.00881	0.00276	0.00929	0.01037	0.00616	0.01237

[dist]
# distance from previous block
# <min> <max>
0	1

[block]
# block no. 4 follows, 21 sequences, length 7
# corresponding to MSA columns:
# 183-189
name=unknown_E
#
# <colnr> <probs for GDERKNQSTAVLIFYWHMCP>
#	G	D	E	R	K	N	Q	S	T	A	V	L	I	F	Y	W	H	M	C	P
0	0.02470	0.02654	0.02462	0.14620	0.06780	0.28500	0.04919	0.11595	0.02360	0.02681	0.01969	0.11258	0.01810	0.01127	0.00857	0.00260	0.01189	0.00916	0.00537	0.01037
1	0.01644	0.01528	0.01788	0.01895	0.07686	0.07360	0.01309	0.05346	0.01842	0.02402	0.03683	0.29329	0.11733	0.01891	0.01389	0.00318	0.15808	0.01533	0.00634	0.00883
2	0.01859	0.01727	0.02121	0.02047	0.07833	0.07693	0.08638	0.05392	0.14646	0.02829	0.03932	0.04797	0.14941	0.04450	0.01083	0.00311	0.00850	0.09365	0.04467	0.01021
3	0.02210	0.30374	0.20332	0.02566	0.15153	0.11146	0.02163	0.02713	0.01880	0.02353	0.01376	0.01651	0.01140	0.00775	0.00705	0.00224	0.01106	0.00574	0.00384	0.01173
4	0.02208	0.09931	0.07511	0.02904	0.23175	0.08838	0.01905	0.08396	0.13731	0.02955	0.02578	0.02715	0.07505	0.01003	0.00820	0.00253	0.00947	0.00831	0.00571	0.01224
5	0.05642	0.07698	0.02118	0.02226	0.15414	0.01647	0.01434	0.02543	0.15542	0.02888	0.11302	0.16091	0.03620	0.01485	0.00903	0.00287	0.00708	0.06707	0.00693	0.01052
6	0.12529	0.11477	0.05158	0.02213	0.14624	0.01916	0.04301	0.08002	0.05838	0.02979	0.03519	0.03580	0.18183	0.01182	0.00807	0.00258	0.00794	0.00970	0.00593	0.01079

[dist]
# distance from previous block
# <min> <max>
0	20

[block]
# block no. 5 follows, 21 sequences, length 22
# corresponding to MSA columns:
# 210-231
name=unknown_F
#
# <colnr> <probs for GDERKNQSTAVLIFYWHMCP>
#	G	D	E	R	K	N	Q	S	T	A	V	L	I	F	Y	W	H	M	C	P
0	0.08146	0.02410	0.15365	0.02382	0.13100	0.08185	0.01874	0.11404	0.02212	0.03097	0.05436	0.12149	0.02516	0.01290	0.00877	0.00281	0.00950	0.06628	0.00596	0.01100
1	0.02195	0.03067	0.18822	0.05573	0.13116	0.20812	0.02167	0.02685	0.01909	0.02422	0.01524	0.01943	0.01243	0.01120	0.03313	0.00300	0.10848	0.00669	0.05184	0.01086
2	0.01809	0.12383	0.07589	0.12401	0.21135	0.05489	0.01908	0.02221	0.01788	0.02350	0.02196	0.16286	0.02194	0.01518	0.04791	0.00332	0.01029	0.01050	0.00482	0.01048
3	0.02586	0.07178	0.02805	0.02351	0.05828	0.38169	0.11080	0.03047	0.06276	0.02336	0.02298	0.02484	0.07909	0.00990	0.00827	0.00241	0.01282	0.00784	0.00497	0.01032
4	0.01992	0.17013	0.02546	0.02014	0.11200	0.08369	0.01412	0.02680	0.12475	0.02679	0.08769	0.06178	0.05904	0.01087	0.00779	0.00229	0.00804	0.00888	0.00591	0.12391
5	0.01525	0.02231	0.20351	0.02244	0.07785	0.01471	0.12116	0.02097	0.01914	0.02563	0.04205	0.05068	0.21225	0.01439	0.00962	0.00295	0.00941	0.09987	0.00574	0.01008
6	0.18789	0.02637	0.11012	0.06099	0.07239	0.15495	0.04733	0.12817	0.02188	0.03157	0.01506	0.01829	0.01175	0.01016	0.00955	0.06061	0.01071	0.00643	0.00507	0.01073
7	0.17667	0.30435	0.03012	0.01664	0.02250	0.24566	0.01420	0.05867	0.02020	0.02571	0.01272	0.01461	0.01077	0.00806	0.00633	0.00215	0.01073	0.00504	0.00447	0.01040
8	0.01670	0.01383	0.02114	0.02444	0.17703	0.01336	0.06427	0.02187	0.05458	0.05860	0.10535	0.05748	0.17811	0.01574	0.00986	0.00299	0.00763	0.13995	0.00699	0.01007
9	0.02716	0.03289	0.02282	0.12074	0.02955	0.48457	0.01632	0.02978	0.02178	0.02092	0.01467	0.01990	0.01274	0.06576	0.01068	0.00275	0.01375	0.00635	0.00439	0.04250
10	0.02312	0.06369	0.02721	0.03063	0.26552	0.13820	0.01821	0.08352	0.07222	0.02821	0.01800	0.02289	0.01534	0.06546	0.01079	0.00279	0.01009	0.00731	0.00515	0.09165
11	0.01037	0.00741	0.00987	0.01185	0.01234	0.00691	0.00790	0.01185	0.01629	0.02172	0.04690	0.69537	0.05629	0.02666	0.01086	0.00346	0.00494	0.02419	0.00790	0.00691
12	0.01204	0.00870	0.01138	0.01071	0.01271	0.00803	0.00803	0.01606	0.02409	0.03413	0.64335	0.06357	0.08030	0.01740	0.01004	0.00268	0.00401	0.01539	0.00937	0.00803
13	0.14331	0.02271	0.02356	0.01830	0.02488	0.02528	0.01512	0.52894	0.03612	0.05128	0.01912	0.01943	0.01367	0.00986	0.00802	0.00257	0.00894	0.00720	0.00802	0.01367
14	0.01190	0.00805	0.00942	0.00988	0.01000	0.00794	0.00580	0.01225	0.01330	0.01773	0.03153	0.20590	0.03689	0.54259	0.03569	0.00712	0.00747	0.01515	0.00580	0.00557
15	0.01297	0.01004	0.01320	0.01256	0.01314	0.01080	0.03150	0.01391	0.01393	0.01886	0.03153	0.18436	0.06358	0.40805	0.03153	0.00617	0.09741	0.01438	0.00564	0.00642
16	0.01724	0.01486	0.01548	0.01424	0.01837	0.01622	0.01099	0.03354	0.41555	0.03114	0.05288	0.04949	0.24478	0.01509	0.00915	0.00288	0.00588	0.01257	0.00839	0.01125
17	0.01217	0.00906	0.01339	0.01339	0.01482	0.01048	0.01029	0.01502	0.01359	0.01955	0.02305	0.03486	0.02190	0.10478	0.62710	0.01333	0.02186	0.00933	0.00460	0.00744
18	0.02142	0.55058	0.18836	0.01684	0.02536	0.03041	0.01853	0.02583	0.01745	0.02165	0.01264	0.01466	0.01089	0.00747	0.00608	0.00203	0.00992	0.00496	0.00363	0.01131
19	0.12242	0.14793	0.18503	0.02090	0.02823	0.26636	0.06384	0.02913	0.01987	0.02500	0.01359	0.01608	0.01082	0.00812	0.00726	0.00236	0.01238	0.00575	0.00417	0.01075
20	0.13376	0.02061	0.02827	0.17413	0.36682	0.08411	0.02206	0.02582	0.01861	0.02742	0.01491	0.01973	0.01213	0.00794	0.00789	0.00257	0.01035	0.00692	0.00430	0.01163
21	0.02144	0.03035	0.21048	0.07342	0.30285	0.13112	0.05619	0.02752	0.01969	0.02599	0.01532	0.01939	0.01213	0.00796	0.00829	0.00255	0.01200	0.00698	0.00405	0.01227

[dist]
# distance from previous block
# <min> <max>
0	1

[block]
# block no. 6 follows, 21 sequences, length 35
# corresponding to MSA columns:
# 233-267
name=unknown_G
#
# <colnr> <probs for GDERKNQSTAVLIFYWHMCP>
#	G	D	E	R	K	N	Q	S	T	A	V	L	I	F	Y	W	H	M	C	P
0	0.02225	0.29526	0.22248	0.02446	0.12365	0.12956	0.02169	0.02739	0.01892	0.02342	0.01372	0.01636	0.01128	0.00781	0.00706	0.00225	0.01130	0.00569	0.00383	0.01164
1	0.01934	0.16167	0.35086	0.02120	0.03043	0.04639	0.04791	0.02958	0.12292	0.02682	0.01946	0.02364	0.01546	0.00931	0.00794	0.00261	0.01086	0.03682	0.00474	0.01203
2	0.01189	0.00805	0.00943	0.00991	0.01003	0.00793	0.00582	0.01225	0.01333	0.01777	0.03169	0.21104	0.03709	0.53718	0.03543	0.00709	0.00745	0.01525	0.00582	0.00558
3	0.01396	0.01137	0.01577	0.02030	0.15335	0.01124	0.01158	0.01762	0.06160	0.02303	0.03866	0.28782	0.09993	0.17408	0.01745	0.00424	0.00691	0.01610	0.00651	0.00848
4	0.02942	0.03487	0.02542	0.02603	0.11987	0.48398	0.01767	0.06817	0.06895	0.02490	0.01559	0.01771	0.01265	0.00888	0.00791	0.00232	0.01357	0.00623	0.00492	0.01095
5	0.01699	0.01275	0.01439	0.01375	0.01720	0.01325	0.01067	0.02783	0.25508	0.07644	0.07548	0.14060	0.19259	0.01759	0.00970	0.00304	0.00593	0.07803	0.00845	0.01023
6	0.01033	0.00754	0.00974	0.01149	0.01225	0.00694	0.00774	0.01189	0.01664	0.02186	0.05125	0.62758	0.12127	0.02610	0.01077	0.00339	0.00487	0.02350	0.00790	0.00694
7	0.03191	0.03685	0.02443	0.02140	0.02633	0.52461	0.01638	0.16395	0.02764	0.02811	0.01477	0.01648	0.01174	0.00909	0.00786	0.00227	0.01402	0.00597	0.00530	0.01089
8	0.01059	0.00750	0.00981	0.01157	0.01200	0.00706	0.00760	0.01191	0.01586	0.02115	0.04468	0.62468	0.05348	0.10117	0.01445	0.00399	0.00530	0.02289	0.00760	0.00672
9	0.02761	0.03338	0.02059	0.01889	0.02284	0.52018	0.01417	0.02999	0.02289	0.02229	0.02286	0.02453	0.08217	0.01031	0.00774	0.00224	0.01285	0.00713	0.08797	0.00935
10	0.02001	0.14129	0.03222	0.18917	0.33313	0.05000	0.02189	0.02450	0.01866	0.02440	0.01907	0.02346	0.04964	0.00862	0.00798	0.00248	0.01011	0.00756	0.00423	0.01155
11	0.01676	0.01533	0.01924	0.02410	0.18833	0.05239	0.01467	0.02370	0.12833	0.02650	0.04312	0.14669	0.17055	0.01620	0.00953	0.00294	0.00746	0.07713	0.00682	0.01021
12	0.01200	0.00908	0.01331	0.01331	0.01492	0.01038	0.01033	0.01498	0.01410	0.01999	0.02745	0.03699	0.06697	0.06072	0.61901	0.01288	0.02144	0.00977	0.00480	0.00757
13	0.02565	0.06672	0.17120	0.02887	0.16679	0.34737	0.02192	0.03025	0.02136	0.02374	0.01421	0.01714	0.01148	0.00828	0.00783	0.00236	0.01327	0.00609	0.00413	0.01133
14	0.01160	0.00868	0.01076	0.01024	0.01244	0.00784	0.00768	0.01521	0.02305	0.03165	0.51967	0.06764	0.20552	0.01832	0.01004	0.00272	0.00408	0.01596	0.00904	0.00784
15	0.02375	0.63250	0.04233	0.01537	0.02234	0.10363	0.01477	0.02642	0.01805	0.02011	0.01198	0.01384	0.01093	0.00745	0.00571	0.00186	0.00979	0.00465	0.00372	0.01080
16	0.01862	0.01862	0.02607	0.02234	0.02234	0.02607	0.01862	0.02048	0.01303	0.02048	0.01117	0.01862	0.01117	0.01489	0.02793	0.00372	0.68535	0.00745	0.00372	0.00931
17	0.01083	0.00887	0.00969	0.01010	0.01278	0.00773	0.00799	0.01335	0.01944	0.02351	0.07757	0.08486	0.51937	0.02196	0.01041	0.00309	0.00505	0.13819	0.00789	0.00732
18	0.03179	0.04056	0.02412	0.02192	0.02631	0.66676	0.01644	0.03398	0.02412	0.02083	0.01315	0.01535	0.01096	0.00877	0.00767	0.00219	0.01535	0.00548	0.00438	0.00987
19	0.01006	0.00862	0.00862	0.00862	0.01149	0.00718	0.00647	0.01221	0.01940	0.02299	0.08621	0.08190	0.64438	0.02155	0.01006	0.00287	0.00431	0.01796	0.00790	0.00718
20	0.01037	0.00741	0.00987	0.01185	0.01234	0.00691	0.00790	0.01185	0.01629	0.02172	0.04690	0.69537	0.05629	0.02666	0.01086	0.00346	0.00494	0.02419	0.00790	0.00691
21	0.01850	0.01048	0.01075	0.00979	0.01255	0.01088	0.00758	0.11573	0.02139	0.03523	0.02659	0.02992	0.02064	0.00996	0.00636	0.00207	0.00483	0.00789	0.62988	0.00898
22	0.01037	0.00741	0.00987	0.01185	0.01234	0.00691	0.00790	0.01185	0.01629	0.02172	0.04690	0.69537	0.05629	0.02666	0.01086	0.00346	0.00494	0.02419	0.00790	0.00691
23	0.03196	0.03541	0.02455	0.02120	0.02633	0.46940	0.01636	0.21443	0.02902	0.03094	0.01540	0.01691	0.01204	0.00922	0.00793	0.00230	0.01350	0.00615	0.00566	0.01129
24	0.11236	0.11140	0.02508	0.01991	0.02471	0.52435	0.01543	0.03204	0.02228	0.02268	0.01286	0.01499	0.01076	0.00851	0.00716	0.00220	0.01368	0.00528	0.00440	0.00991
25	0.01397	0.00983	0.01337	0.01296	0.01444	0.01157	0.01015	0.01715	0.01483	0.02335	0.02295	0.03127	0.02030	0.04251	0.40137	0.00913	0.09137	0.00858	0.22299	0.00789
26	0.02729	0.19234	0.03124	0.02692	0.16323	0.37455	0.01815	0.03024	0.02146	0.02219	0.01348	0.01622	0.01151	0.00816	0.00732	0.00218	0.01272	0.00573	0.00417	0.01092
27	0.02166	0.01564	0.01761	0.01438	0.01889	0.01559	0.01096	0.23844	0.02470	0.05903	0.02481	0.11788	0.02378	0.17598	0.01662	0.00375	0.00775	0.01043	0.00694	0.17518
28	0.01028	0.00863	0.00894	0.00886	0.01163	0.00728	0.00664	0.01265	0.01993	0.02426	0.14976	0.07981	0.58004	0.02108	0.01006	0.00285	0.00428	0.01767	0.00807	0.00728
29	0.01352	0.01098	0.01584	0.01423	0.01669	0.01072	0.07625	0.01888	0.08696	0.02775	0.26009	0.20156	0.07752	0.11241	0.01468	0.00368	0.00628	0.01589	0.00774	0.00832
30	0.02728	0.37285	0.03434	0.01825	0.02408	0.35064	0.01550	0.02974	0.02071	0.02043	0.01249	0.01450	0.01094	0.00803	0.00657	0.00201	0.01223	0.00502	0.00401	0.01039
31	0.01757	0.00987	0.01277	0.01275	0.01553	0.00893	0.00995	0.02017	0.01961	0.17127	0.05211	0.26924	0.17731	0.02104	0.01034	0.00324	0.00598	0.14486	0.00850	0.00896
32	0.01127	0.00778	0.00961	0.01070	0.01098	0.00751	0.00667	0.01208	0.01454	0.01939	0.03793	0.40961	0.04496	0.32787	0.02536	0.00560	0.00642	0.01891	0.00667	0.00613
33	0.02086	0.02379	0.09265	0.17095	0.40215	0.09136	0.02508	0.02620	0.01929	0.02574	0.01544	0.02045	0.01251	0.00795	0.00833	0.00257	0.01118	0.00722	0.00409	0.01219
34	0.06573	0.02839	0.06209	0.15573	0.22110	0.27508	0.02117	0.02838	0.02045	0.02443	0.01444	0.01854	0.01169	0.00827	0.00795	0.00247	0.01235	0.00651	0.00422	0.01100

[dist]
# distance from previous block
# <min> <max>
4	5

[block]
# block no. 7 follows, 21 sequences, length 16
# corresponding to MSA columns:
# 273-288
name=unknown_H
#
# <colnr> <probs for GDERKNQSTAVLIFYWHMCP>
#	G	D	E	R	K	N	Q	S	T	A	V	L	I	F	Y	W	H	M	C	P
0	0.02300	0.02507	0.03102	0.14504	0.24412	0.19518	0.10258	0.02930	0.07291	0.02549	0.01685	0.02097	0.01343	0.00834	0.00848	0.00257	0.01202	0.00752	0.00458	0.01155
1	0.01607	0.01513	0.02552	0.68047	0.05861	0.01891	0.02363	0.02174	0.01702	0.02174	0.01513	0.02269	0.01134	0.00851	0.00851	0.00284	0.01134	0.00756	0.00378	0.00945
2	0.01027	0.00863	0.00891	0.00884	0.01162	0.00727	0.00663	0.01262	0.01989	0.02416	0.14462	0.07998	0.58525	0.02112	0.01006	0.00285	0.00428	0.01769	0.00806	0.00727
3	0.03235	0.02384	0.02554	0.01958	0.02639	0.02639	0.01618	0.61946	0.04001	0.05363	0.02043	0.02043	0.01447	0.01022	0.00851	0.00255	0.00936	0.00766	0.00851	0.01447
4	0.01010	0.00847	0.00877	0.00901	0.01160	0.00715	0.00664	0.01217	0.01902	0.02284	0.08144	0.15642	0.57295	0.02217	0.01016	0.00294	0.00439	0.01872	0.00790	0.00715
5	0.01231	0.00850	0.01055	0.01055	0.01098	0.00894	0.00673	0.01319	0.01275	0.01744	0.02566	0.04928	0.02816	0.51755	0.22289	0.00981	0.01244	0.01144	0.00498	0.00586
6	0.01520	0.00855	0.00997	0.04682	0.01362	0.00904	0.00780	0.01909	0.01704	0.02897	0.02614	0.03153	0.02113	0.01970	0.12710	0.00417	0.00783	0.00813	0.57021	0.00796
7	0.01765	0.01513	0.01765	0.01260	0.02017	0.01134	0.01008	0.02143	0.01765	0.02773	0.01513	0.01765	0.01260	0.00630	0.00630	0.00126	0.00630	0.00504	0.00504	0.75295
8	0.01385	0.00946	0.01076	0.01032	0.01092	0.00975	0.00632	0.05767	0.01451	0.01946	0.02609	0.05169	0.02912	0.61004	0.07946	0.00816	0.00924	0.01182	0.00537	0.00600
9	0.01316	0.01059	0.01560	0.01502	0.01631	0.01303	0.01188	0.01602	0.01358	0.01987	0.02099	0.03113	0.01971	0.05623	0.56795	0.01213	0.12566	0.00886	0.00443	0.00786
10	0.01057	0.00864	0.00933	0.00916	0.01181	0.00740	0.00687	0.01321	0.02061	0.02586	0.22998	0.07717	0.49882	0.02048	0.01005	0.00282	0.00423	0.01730	0.00828	0.00740
11	0.01023	0.00863	0.00886	0.00880	0.01160	0.00726	0.00660	0.01254	0.01980	0.02394	0.13397	0.08033	0.59603	0.02120	0.01006	0.00286	0.00429	0.01774	0.00803	0.00726
12	0.02318	0.02636	0.02720	0.02321	0.02533	0.24244	0.06235	0.02555	0.01731	0.02110	0.01229	0.01783	0.01123	0.01225	0.01975	0.00314	0.40886	0.00698	0.00399	0.00966
13	0.02572	0.49042	0.03819	0.01664	0.02329	0.15908	0.01513	0.09933	0.02141	0.02427	0.01314	0.01481	0.01136	0.00793	0.00627	0.00198	0.01038	0.00511	0.00438	0.01114
14	0.16882	0.32035	0.06833	0.01520	0.02091	0.08016	0.01414	0.02416	0.01703	0.02444	0.01923	0.02147	0.06766	0.01195	0.03684	0.00284	0.06563	0.00639	0.00445	0.00998
15	0.24721	0.15931	0.02888	0.02339	0.13695	0.02196	0.08800	0.02523	0.01693	0.05591	0.01512	0.01883	0.01246	0.01292	0.06458	0.00348	0.04690	0.00652	0.00471	0.01072

[dist]
# distance from previous block
# <min> <max>
5	28

[block]
# block no. 8 follows, 21 sequences, length 43
# corresponding to MSA columns:
# 317-359
name=unknown_I
#
# <colnr> <probs for GDERKNQSTAVLIFYWHMCP>
#	G	D	E	R	K	N	Q	S	T	A	V	L	I	F	Y	W	H	M	C	P
0	0.01607	0.01322	0.01855	0.01504	0.01995	0.01203	0.07911	0.02084	0.05331	0.05597	0.03526	0.03798	0.15774	0.02466	0.17240	0.00506	0.01095	0.00997	0.00596	0.23592
1	0.01981	0.02306	0.14263	0.03325	0.28458	0.01927	0.05627	0.03049	0.17169	0.02993	0.02171	0.02429	0.01686	0.00886	0.00828	0.00262	0.00938	0.00803	0.07632	0.01267
2	0.01949	0.01861	0.03169	0.25074	0.46166	0.01981	0.02533	0.02474	0.01863	0.02589	0.01573	0.02158	0.01281	0.00787	0.00845	0.00262	0.01050	0.00758	0.00408	0.01221
3	0.01064	0.00831	0.00965	0.01003	0.01203	0.00732	0.00725	0.01307	0.01971	0.02541	0.21413	0.24624	0.34199	0.02192	0.01027	0.00298	0.00441	0.01904	0.00827	0.00732
4	0.02529	0.01703	0.02174	0.02263	0.15181	0.01717	0.01493	0.21540	0.02713	0.15665	0.06886	0.03606	0.13173	0.01213	0.00875	0.00260	0.00768	0.01010	0.03999	0.01232
5	0.02296	0.63095	0.07717	0.01552	0.02293	0.06961	0.01560	0.02606	0.01772	0.02045	0.01210	0.01399	0.01092	0.00741	0.00573	0.00189	0.00965	0.00470	0.00368	0.01095
6	0.01215	0.00860	0.01091	0.01091	0.01167	0.00909	0.00733	0.01344	0.01332	0.01815	0.02905	0.04888	0.06618	0.41536	0.27864	0.00997	0.01354	0.01149	0.00510	0.00621
7	0.01178	0.00780	0.00914	0.01017	0.01143	0.00728	0.00702	0.01393	0.01703	0.02417	0.04812	0.38827	0.15116	0.05590	0.01115	0.00323	0.00475	0.01843	0.19211	0.00713
8	0.01216	0.00912	0.01368	0.01368	0.01520	0.01064	0.01064	0.01520	0.01368	0.01976	0.02279	0.03343	0.02127	0.06382	0.66720	0.01368	0.02279	0.00912	0.00456	0.00760
9	0.02375	0.02367	0.02146	0.01996	0.06273	0.18039	0.01455	0.06620	0.30241	0.03094	0.02391	0.02390	0.01848	0.00960	0.00797	0.00238	0.00915	0.00755	0.00666	0.14434
10	0.01006	0.00862	0.00862	0.00862	0.01149	0.00718	0.00647	0.01221	0.01940	0.02299	0.08621	0.08190	0.64438	0.02155	0.01006	0.00287	0.00431	0.01796	0.00790	0.00718
11	0.01298	0.00895	0.01084	0.01022	0.01248	0.00807	0.00752	0.01599	0.02148	0.06323	0.38670	0.06578	0.22582	0.09631	0.01377	0.00337	0.00476	0.01537	0.00855	0.00783
12	0.03235	0.02384	0.02554	0.01958	0.02639	0.02639	0.01618	0.61946	0.04001	0.05363	0.02043	0.02043	0.01447	0.01022	0.00851	0.00255	0.00936	0.00766	0.00851	0.01447
13	0.02275	0.70604	0.04459	0.01456	0.02184	0.03367	0.01456	0.02548	0.01729	0.02002	0.01183	0.01365	0.01092	0.00728	0.00546	0.00182	0.00910	0.00455	0.00364	0.01092
14	0.01180	0.00834	0.00912	0.00912	0.00983	0.00798	0.00548	0.01234	0.01412	0.01812	0.04161	0.06222	0.18370	0.53174	0.03503	0.00691	0.00727	0.01377	0.00584	0.00566
15	0.01037	0.00741	0.00987	0.01185	0.01234	0.00691	0.00790	0.01185	0.01629	0.02172	0.04690	0.69537	0.05629	0.02666	0.01086	0.00346	0.00494	0.02419	0.00790	0.00691
16	0.01765	0.01513	0.01765	0.01260	0.02017	0.01134	0.01008	0.02143	0.01765	0.02773	0.01513	0.01765	0.01260	0.00630	0.00630	0.00126	0.00630	0.00504	0.00504	0.75295
17	0.01064	0.00786	0.01002	0.01163	0.01270	0.00724	0.00820	0.01248	0.01718	0.02232	0.05395	0.52438	0.16367	0.02542	0.01080	0.00339	0.00510	0.07807	0.00789	0.00705
18	0.03055	0.03449	0.02500	0.05889	0.05704	0.45837	0.01723	0.16349	0.02705	0.02852	0.01502	0.01715	0.01188	0.00902	0.00794	0.00232	0.01355	0.00618	0.00526	0.01104
19	0.01217	0.00906	0.01340	0.01340	0.01482	0.01049	0.01029	0.01502	0.01359	0.01955	0.02305	0.03484	0.02189	0.10424	0.62762	0.01333	0.02187	0.00932	0.00460	0.00744
20	0.02106	0.02022	0.03454	0.05223	0.64784	0.02022	0.02612	0.02612	0.01938	0.02780	0.01601	0.02106	0.01348	0.00758	0.00842	0.00253	0.01011	0.00758	0.00421	0.01348
21	0.01962	0.02073	0.02120	0.01918	0.02081	0.18017	0.01526	0.02198	0.01602	0.02031	0.01577	0.02304	0.01469	0.03066	0.24872	0.00686	0.28443	0.00755	0.00418	0.00884
22	0.01050	0.00864	0.00923	0.00908	0.01176	0.00737	0.00681	0.01306	0.02044	0.02546	0.20959	0.07784	0.51947	0.02063	0.01005	0.00283	0.00425	0.01739	0.00823	0.00737
23	0.01729	0.01751	0.01667	0.01619	0.01804	0.17474	0.01227	0.01966	0.01679	0.02053	0.02455	0.17334	0.02542	0.03707	0.29489	0.00758	0.08274	0.01137	0.00517	0.00818
24	0.01181	0.00845	0.01148	0.01310	0.01433	0.00811	0.01005	0.01452	0.01853	0.02473	0.12469	0.39278	0.05677	0.02429	0.01108	0.00352	0.00588	0.23042	0.00807	0.00740
25	0.03235	0.02384	0.02554	0.01958	0.02639	0.02639	0.01618	0.61946	0.04001	0.05363	0.02043	0.02043	0.01447	0.01022	0.00851	0.00255	0.00936	0.00766	0.00851	0.01447
26	0.02275	0.70604	0.04459	0.01456	0.02184	0.03367	0.01456	0.02548	0.01729	0.02002	0.01183	0.01365	0.01092	0.00728	0.00546	0.00182	0.00910	0.00455	0.00364	0.01092
27	0.01029	0.00771	0.00956	0.01105	0.01213	0.00698	0.00754	0.01194	0.01707	0.02204	0.05669	0.54260	0.20274	0.02539	0.01066	0.00331	0.00478	0.02264	0.00790	0.00698
28	0.01095	0.00866	0.00986	0.00956	0.01204	0.00756	0.00717	0.01394	0.02151	0.02800	0.33707	0.07365	0.39039	0.01968	0.01005	0.00278	0.00418	0.01680	0.00856	0.00756
29	0.01660	0.01566	0.02648	0.61423	0.12074	0.01905	0.02390	0.02220	0.01727	0.02238	0.01522	0.02252	0.01157	0.00841	0.00850	0.00280	0.01121	0.00756	0.00383	0.00988
30	0.03818	0.01448	0.01975	0.01514	0.02172	0.01251	0.01251	0.04147	0.02436	0.65373	0.03357	0.02897	0.02107	0.01053	0.00856	0.00263	0.00724	0.00856	0.01053	0.01448
31	0.01006	0.00862	0.00862	0.00862	0.01149	0.00718	0.00647	0.01221	0.01940	0.02299	0.08621	0.08190	0.64438	0.02155	0.01006	0.00287	0.00431	0.01796	0.00790	0.00718
32	0.01006	0.00862	0.00862	0.00862	0.01149	0.00718	0.00647	0.01221	0.01940	0.02299	0.08621	0.08190	0.64438	0.02155	0.01006	0.00287	0.00431	0.01796	0.00790	0.00718
33	0.01078	0.00817	0.00995	0.01051	0.01220	0.00734	0.00750	0.01324	0.01962	0.02589	0.24085	0.31436	0.24416	0.02227	0.01036	0.00304	0.00446	0.01960	0.00835	0.00734
34	0.03179	0.04056	0.02412	0.02192	0.02631	0.66676	0.01644	0.03398	0.02412	0.02083	0.01315	0.01535	0.01096	0.00877	0.00767	0.00219	0.01535	0.00548	0.00438	0.00987
35	0.02843	0.02189	0.02333	0.01879	0.02490	0.02456	0.01523	0.41828	0.24757	0.04731	0.02541	0.02440	0.01850	0.01068	0.00856	0.00267	0.00844	0.00835	0.00856	0.01412
36	0.01707	0.04402	0.65683	0.02426	0.03683	0.01976	0.03144	0.02695	0.01797	0.02695	0.01527	0.01797	0.01078	0.00809	0.00809	0.00270	0.01258	0.00629	0.00359	0.01258
37	0.01037	0.00741	0.00987	0.01185	0.01234	0.00691	0.00790	0.01185	0.01629	0.02172	0.04690	0.69537	0.05629	0.02666	0.01086	0.00346	0.00494	0.02419	0.00790	0.00691
38	0.01586	0.00793	0.00793	0.00793	0.00991	0.00793	0.00595	0.01983	0.01785	0.03173	0.02776	0.03173	0.02181	0.00991	0.00595	0.00198	0.00397	0.00793	0.74817	0.00793
39	0.01980	0.02497	0.10820	0.03476	0.04375	0.02135	0.56097	0.02723	0.01988	0.02723	0.01703	0.02248	0.01271	0.00726	0.00986	0.00285	0.01418	0.00968	0.00424	0.01158
40	0.22109	0.02602	0.02073	0.10972	0.02764	0.25564	0.01511	0.08956	0.10343	0.03078	0.01668	0.01866	0.01291	0.00902	0.00737	0.00253	0.01073	0.00631	0.00552	0.01058
41	0.02228	0.03142	0.18387	0.17088	0.14288	0.22506	0.02350	0.02762	0.01973	0.02374	0.01451	0.01872	0.01144	0.00861	0.00898	0.00258	0.04254	0.00658	0.00400	0.01105
42	0.26007	0.02173	0.10877	0.05338	0.02511	0.01979	0.01558	0.20075	0.02448	0.12549	0.05264	0.02166	0.01663	0.00952	0.00751	0.00263	0.00846	0.00704	0.00685	0.01191

[dist]
# distance from previous block
# <min> <max>
0	2

[block]
# block no. 9 follows, 21 sequences, length 19
# corresponding to MSA columns:
# 362-380
name=unknown_J
#
# <colnr> <probs for GDERKNQSTAVLIFYWHMCP>
#	G	D	E	R	K	N	Q	S	T	A	V	L	I	F	Y	W	H	M	C	P
0	0.02520	0.13537	0.06492	0.12344	0.15193	0.27112	0.01991	0.06566	0.02174	0.02459	0.01437	0.01774	0.01171	0.00832	0.00767	0.00235	0.01224	0.00623	0.00436	0.01111
1	0.02200	0.09852	0.24426	0.03194	0.21577	0.15331	0.06306	0.02802	0.01971	0.02531	0.01485	0.01826	0.01177	0.00794	0.00798	0.00247	0.01219	0.00659	0.00399	0.01206
2	0.02139	0.22359	0.21452	0.13929	0.08225	0.06047	0.02225	0.09336	0.02057	0.02681	0.01479	0.01795	0.01156	0.00817	0.00746	0.00241	0.01096	0.00623	0.00429	0.01169
3	0.01177	0.00881	0.01109	0.01157	0.01361	0.00813	0.00906	0.01499	0.02084	0.02762	0.27864	0.14941	0.21461	0.02109	0.01058	0.00313	0.00517	0.16381	0.00843	0.00763
4	0.01707	0.04402	0.65683	0.02426	0.03683	0.01976	0.03144	0.02695	0.01797	0.02695	0.01527	0.01797	0.01078	0.00809	0.00809	0.00270	0.01258	0.00629	0.00359	0.01258
5	0.01141	0.00867	0.01050	0.01005	0.01233	0.00776	0.00753	0.01484	0.02260	0.03060	0.46679	0.06938	0.25906	0.01871	0.01004	0.00274	0.00411	0.01620	0.00890	0.00776
6	0.01076	0.00757	0.00976	0.01135	0.01175	0.00717	0.00737	0.01195	0.01553	0.02071	0.04301	0.57128	0.05137	0.15746	0.01716	0.00439	0.00558	0.02190	0.00737	0.00657
7	0.02015	0.02338	0.12532	0.08878	0.52001	0.02007	0.02674	0.02596	0.01902	0.02729	0.01584	0.02071	0.01295	0.00772	0.00838	0.00257	0.01055	0.00739	0.00409	0.01309
