[name]
unknown

[dist]
# distance from previous block
# <min> <max>
1	20

[block]
# block no. 0 follows, 21 sequences, length 81
# corresponding to MSA columns:
# 20-100
name=unknown_A
#
# <colnr> <probs for GDERKNQSTAVLIFYWHMCP>
#	G	D	E	R	K	N	Q	S	T	A	V	L	I	F	Y	W	H	M	C	P
0	0.06467	0.02051	0.02176	0.02678	0.21278	0.15444	0.01599	0.02611	0.09871	0.02632	0.03061	0.15110	0.08850	0.01334	0.00872	0.00272	0.00902	0.01136	0.00595	0.01058
1	0.01193	0.00877	0.01079	0.04049	0.01435	0.00860	0.00828	0.01521	0.05387	0.02357	0.07431	0.38685	0.13838	0.09064	0.01336	0.00364	0.00545	0.01877	0.06531	0.00741
2	0.05984	0.01429	0.01344	0.01421	0.04265	0.11161	0.01013	0.01987	0.01845	0.02625	0.06005	0.14385	0.07737	0.02073	0.08715	0.00393	0.00883	0.04620	0.21286	0.00829
3	0.16895	0.04387	0.01537	0.01461	0.05400	0.01499	0.01061	0.02430	0.16392	0.02927	0.04653	0.09766	0.23267	0.01536	0.00856	0.00284	0.00609	0.03361	0.00713	0.00964
4	0.01147	0.00893	0.01046	0.01209	0.01272	0.03606	0.00806	0.01286	0.01633	0.02128	0.04385	0.61553	0.05231	0.07848	0.01325	0.00377	0.00565	0.02245	0.00753	0.00691
5	0.01510	0.01115	0.01258	0.01216	0.01364	0.04875	0.00911	0.01782	0.01544	0.02341	0.02367	0.03428	0.02165	0.14252	0.25216	0.00737	0.06528	0.00890	0.25744	0.00758
6	0.01168	0.00991	0.01026	0.01013	0.01320	0.00911	0.00777	0.01671	0.09704	0.02473	0.07729	0.07637	0.53143	0.02040	0.00998	0.00294	0.00482	0.05022	0.00799	0.00802
7	0.01171	0.00856	0.01074	0.01142	0.01270	0.00775	0.00761	0.01317	0.01566	0.02141	0.03873	0.47748	0.04552	0.16313	0.01698	0.00417	0.00579	0.01933	0.00697	0.10119
8	0.01259	0.00944	0.01389	0.01374	0.01522	0.01112	0.01073	0.01563	0.01385	0.02037	0.02258	0.03276	0.02090	0.05927	0.60978	0.01271	0.04807	0.00899	0.04067	0.00768
9	0.01068	0.00774	0.01021	0.01188	0.01268	0.00710	0.00799	0.01226	0.01635	0.02198	0.04554	0.66630	0.05441	0.02579	0.01067	0.00336	0.00500	0.02337	0.00778	0.03891
10	0.01242	0.00877	0.01086	0.01146	0.01242	0.00856	0.00769	0.04797	0.01782	0.02407	0.12913	0.39552	0.05084	0.19963	0.01904	0.00453	0.00592	0.01885	0.00744	0.00706
11	0.02107	0.01260	0.01520	0.01286	0.01725	0.01144	0.00994	0.07104	0.04746	0.18788	0.10153	0.13228	0.13262	0.05479	0.01093	0.00290	0.00617	0.01257	0.00817	0.13129
12	0.01679	0.01230	0.01403	0.01330	0.01558	0.01293	0.00989	0.12295	0.08356	0.02746	0.03497	0.09394	0.07038	0.29265	0.02341	0.00523	0.00777	0.12750	0.00697	0.00841
13	0.01400	0.01028	0.01193	0.01176	0.01362	0.01022	0.00830	0.09808	0.01962	0.02579	0.07187	0.27991	0.16150	0.17358	0.04595	0.00468	0.00690	0.01696	0.00730	0.00772
14	0.01921	0.01124	0.01354	0.01183	0.01544	0.01054	0.00924	0.06030	0.05050	0.16613	0.27396	0.05359	0.18190	0.01555	0.00925	0.00266	0.00523	0.01317	0.06685	0.00987
15	0.01973	0.01983	0.01788	0.01725	0.04412	0.17634	0.01263	0.05917	0.10639	0.02506	0.03441	0.03802	0.14724	0.06341	0.14285	0.00518	0.04494	0.01007	0.00599	0.00948
16	0.01711	0.00968	0.01002	0.00938	0.01158	0.00995	0.00692	0.08282	0.01940	0.03180	0.02684	0.03410	0.02239	0.11314	0.01180	0.00298	0.00518	0.00857	0.55813	0.00822
17	0.03267	0.02455	0.02506	0.01948	0.02609	0.07548	0.01596	0.53734	0.03778	0.08891	0.02069	0.02057	0.01461	0.01012	0.00845	0.00253	0.00970	0.00755	0.00832	0.01411
18	0.01981	0.30429	0.31614	0.02225	0.03208	0.02558	0.11822	0.02642	0.01804	0.02424	0.01421	0.01705	0.01118	0.00762	0.00735	0.00237	0.01148	0.00620	0.00373	0.01174
19	0.01805	0.06880	0.19532	0.01719	0.02291	0.17003	0.01660	0.02227	0.01936	0.02313	0.03630	0.17049	0.15614	0.01492	0.00882	0.00272	0.00968	0.01218	0.00560	0.00950
20	0.01566	0.02420	0.24221	0.01830	0.04944	0.06930	0.01744	0.02065	0.01872	0.02553	0.14752	0.15393	0.03569	0.10769	0.01375	0.00353	0.00904	0.01214	0.00583	0.00945
21	0.01687	0.29212	0.02524	0.01299	0.01740	0.01930	0.01148	0.02129	0.05562	0.02611	0.21302	0.04755	0.11424	0.01419	0.00831	0.00251	0.00672	0.07901	0.00664	0.00939
22	0.01384	0.01175	0.01533	0.01489	0.01645	0.05015	0.01165	0.01674	0.01423	0.01988	0.02125	0.03113	0.01982	0.05650	0.57498	0.01217	0.07813	0.00877	0.00448	0.00787
23	0.05070	0.03895	0.53939	0.02322	0.03471	0.01905	0.05186	0.02839	0.01857	0.09252	0.01711	0.01913	0.01187	0.00830	0.00809	0.00269	0.01184	0.00660	0.00441	0.01259
24	0.02106	0.02022	0.03454	0.05223	0.64784	0.02022	0.02612	0.02612	0.01938	0.02780	0.01601	0.02106	0.01348	0.00758	0.00842	0.00253	0.01011	0.00758	0.00421	0.01348
25	0.01129	0.00924	0.01004	0.00974	0.01249	0.00828	0.00733	0.01532	0.05844	0.02687	0.23819	0.07371	0.44922	0.01978	0.00997	0.00282	0.00438	0.01673	0.00836	0.00781
26	0.02058	0.02047	0.03714	0.08553	0.49334	0.02040	0.14369	0.02609	0.01938	0.02734	0.01620	0.02153	0.01324	0.00755	0.00875	0.00261	0.01103	0.00807	0.00421	0.01285
27	0.02546	0.02369	0.02816	0.16103	0.23007	0.12726	0.02085	0.21749	0.02632	0.03378	0.01679	0.02025	0.01297	0.00881	0.00835	0.00254	0.01097	0.00726	0.00554	0.01241
28	0.01109	0.00928	0.00957	0.00954	0.01224	0.00832	0.00702	0.01478	0.06660	0.02349	0.07605	0.11505	0.52129	0.06292	0.01205	0.00324	0.00478	0.01736	0.00779	0.00753
29	0.01204	0.00870	0.01138	0.01071	0.01271	0.00803	0.00803	0.01606	0.02409	0.03413	0.64335	0.06357	0.08030	0.01740	0.01004	0.00268	0.00401	0.01539	0.00937	0.00803
30	0.03179	0.04056	0.02412	0.02192	0.02631	0.66676	0.01644	0.03398	0.02412	0.02083	0.01315	0.01535	0.01096	0.00877	0.00767	0.00219	0.01535	0.00548	0.00438	0.00987
31	0.01743	0.08576	0.61823	0.02364	0.03589	0.02064	0.03038	0.02686	0.01792	0.02651	0.01506	0.01769	0.01079	0.00803	0.00792	0.00264	0.01236	0.00618	0.00360	0.01247
32	0.03217	0.01320	0.01757	0.01391	0.01959	0.01142	0.01133	0.03540	0.02373	0.51552	0.10138	0.03881	0.10189	0.01255	0.00889	0.00267	0.00656	0.01038	0.01010	0.01296
33	0.02247	0.52025	0.08801	0.01646	0.02319	0.09066	0.01615	0.02566	0.01757	0.02066	0.01263	0.01526	0.01135	0.01026	0.03414	0.00252	0.05315	0.00514	0.00375	0.01071
34	0.16660	0.16112	0.37640	0.02152	0.06665	0.02226	0.02353	0.02624	0.01723	0.02794	0.01399	0.01652	0.01066	0.00787	0.00705	0.00251	0.01058	0.00571	0.00397	0.01165
35	0.01586	0.00793	0.00793	0.00793	0.00991	0.00793	0.00595	0.01983	0.01785	0.03173	0.02776	0.03173	0.02181	0.00991	0.00595	0.00198	0.00397	0.00793	0.74817	0.00793
36	0.03107	0.02288	0.02463	0.01913	0.02557	0.02526	0.01569	0.58407	0.03863	0.05177	0.02197	0.05974	0.01691	0.01117	0.00865	0.00261	0.00911	0.00862	0.00848	0.01403
37	0.01728	0.01969	0.14931	0.01731	0.02243	0.01469	0.05185	0.13756	0.02143	0.02952	0.03016	0.30000	0.03176	0.05968	0.01155	0.00326	0.00826	0.01448	0.00657	0.05321
38	0.02003	0.36680	0.32910	0.02078	0.05721	0.02659	0.02294	0.02619	0.01770	0.02360	0.01362	0.01600	0.01097	0.00767	0.00682	0.00226	0.01076	0.00550	0.00364	0.01181
39	0.02275	0.70604	0.04459	0.01456	0.02184	0.03367	0.01456	0.02548	0.01729	0.02002	0.01183	0.01365	0.01092	0.00728	0.00546	0.00182	0.00910	0.00455	0.00364	0.01092
40	0.01192	0.00869	0.01121	0.01058	0.01264	0.00798	0.00793	0.01582	0.02380	0.03344	0.60905	0.06470	0.11502	0.01765	0.01004	0.00269	0.00403	0.01555	0.00928	0.00798
41	0.01990	0.20989	0.34333	0.02276	0.03205	0.06386	0.09055	0.02654	0.01802	0.02432	0.01415	0.01730	0.01110	0.00835	0.00915	0.00254	0.06454	0.00630	0.00374	0.01161
42	0.01232	0.00847	0.01041	0.01041	0.01080	0.00886	0.00657	0.01310	0.01271	0.01734	0.02578	0.04996	0.02845	0.53692	0.20392	0.00965	0.01199	0.01154	0.00500	0.00579
43	0.01248	0.00940	0.01200	0.01330	0.01557	0.00892	0.01127	0.01581	0.01953	0.02463	0.05891	0.09125	0.24943	0.02285	0.01118	0.00357	0.00665	0.39778	0.00786	0.00762
44	0.02602	0.46505	0.03718	0.01723	0.02346	0.26293	0.01524	0.02856	0.01976	0.02031	0.01231	0.01427	0.01094	0.00782	0.00626	0.00195	0.01136	0.00489	0.00391	0.01054
45	0.02649	0.07216	0.06643	0.06600	0.16221	0.32127	0.01955	0.07702	0.06149	0.02620	0.01586	0.01850	0.01273	0.00865	0.00790	0.00238	0.01243	0.00648	0.00481	0.01144
46	0.01216	0.00912	0.01368	0.01368	0.01520	0.01064	0.01064	0.01520	0.01368	0.01976	0.02279	0.03343	0.02127	0.06382	0.66720	0.01368	0.02279	0.00912	0.00456	0.00760
47	0.02155	0.02134	0.01772	0.01581	0.01981	0.19617	0.01215	0.10771	0.13474	0.03113	0.16253	0.04219	0.15464	0.01379	0.00893	0.00260	0.00845	0.01105	0.00744	0.01023
48	0.02274	0.03520	0.24742	0.02101	0.02791	0.28074	0.02042	0.03020	0.09384	0.02489	0.02047	0.09868	0.01806	0.01097	0.00832	0.00260	0.01210	0.00848	0.00503	0.01091
49	0.02106	0.02022	0.03454	0.05223	0.64784	0.02022	0.02612	0.02612	0.01938	0.02780	0.01601	0.02106	0.01348	0.00758	0.00842	0.00253	0.01011	0.00758	0.00421	0.01348
50	0.01090	0.00785	0.01045	0.01233	0.01317	0.00739	0.00878	0.01281	0.01696	0.02239	0.04831	0.57115	0.08058	0.02593	0.01097	0.00351	0.00538	0.11618	0.00789	0.00707
51	0.01216	0.00912	0.01368	0.01368	0.01520	0.01064	0.01064	0.01520	0.01368	0.01976	0.02279	0.03343	0.02127	0.06382	0.66720	0.01368	0.02279	0.00912	0.00456	0.00760
52	0.01478	0.00739	0.01109	0.01109	0.01109	0.00739	0.00739	0.01109	0.01109	0.01478	0.01478	0.02587	0.01478	0.02956	0.03326	0.75240	0.00739	0.00739	0.00370	0.00370
53	0.01129	0.00929	0.01085	0.01172	0.04316	0.00820	0.00831	0.01410	0.02038	0.02571	0.19448	0.07626	0.45093	0.02017	0.01011	0.00290	0.00481	0.06160	0.00802	0.00772
54	0.01478	0.00739	0.01109	0.01109	0.01109	0.00739	0.00739	0.01109	0.01109	0.01478	0.01478	0.02587	0.01478	0.02956	0.03326	0.75240	0.00739	0.00739	0.00370	0.00370
55	0.02050	0.01770	0.01861	0.01680	0.02149	0.02033	0.01305	0.04324	0.59565	0.03484	0.03773	0.03476	0.06311	0.01215	0.00874	0.00289	0.00659	0.01012	0.00861	0.01309
56	0.03006	0.17103	0.02838	0.02016	0.02543	0.45953	0.01603	0.10643	0.02477	0.02482	0.01381	0.01565	0.01140	0.00866	0.00734	0.00216	0.01334	0.00557	0.00476	0.01066
57	0.03182	0.03959	0.02420	0.02179	0.02631	0.62950	0.01643	0.06805	0.02504	0.02274	0.01358	0.01564	0.01117	0.00885	0.00772	0.00221	0.01500	0.00561	0.00462	0.01013
58	0.01183	0.00802	0.00944	0.00998	0.01012	0.00789	0.00590	0.01223	0.01344	0.01793	0.03229	0.23018	0.03785	0.51700	0.03446	0.00694	0.00735	0.01560	0.00590	0.00564
59	0.01238	0.00825	0.00928	0.00928	0.00928	0.00825	0.00516	0.01238	0.01238	0.01650	0.02681	0.05569	0.03094	0.70092	0.04331	0.00825	0.00825	0.01238	0.00516	0.00516
60	0.01637	0.01543	0.02607	0.64275	0.09399	0.01899	0.02378	0.02201	0.01716	0.02211	0.01518	0.02259	0.01147	0.00845	0.00850	0.00282	0.01127	0.00756	0.00381	0.00970
61	0.01216	0.00912	0.01368	0.01368	0.01520	0.01064	0.01064	0.01520	0.01368	0.01976	0.02279	0.03343	0.02127	0.06382	0.66720	0.01368	0.02279	0.00912	0.00456	0.00760
62	0.01034	0.00750	0.00978	0.01160	0.01228	0.00693	0.00779	0.01188	0.01654	0.02182	0.04997	0.64751	0.10217	0.02626	0.01080	0.00341	0.00489	0.02371	0.00790	0.00693
63	0.07522	0.01628	0.02637	0.49869	0.17684	0.01919	0.02302	0.02290	0.01731	0.02428	0.01505	0.02166	0.01162	0.00827	0.00824	0.00276	0.01072	0.00734	0.00399	0.01027
64	0.01103	0.00841	0.01014	0.01024	0.01223	0.00752	0.00748	0.01390	0.02091	0.02783	0.33346	0.20001	0.26456	0.02070	0.01021	0.00290	0.00430	0.01807	0.00857	0.00752
65	0.02106	0.02022	0.03454	0.05223	0.64784	0.02022	0.02612	0.02612	0.01938	0.02780	0.01601	0.02106	0.01348	0.00758	0.00842	0.00253	0.01011	0.00758	0.00421	0.01348
66	0.02123	0.01397	0.01642	0.01525	0.01906	0.01475	0.01173	0.03355	0.29977	0.15862	0.03844	0.21973	0.03474	0.01624	0.00943	0.00305	0.00640	0.04730	0.00879	0.01152
67	0.01216	0.00912	0.01368	0.01368	0.01520	0.01064	0.01064	0.01520	0.01368	0.01976	0.02279	0.03343	0.02127	0.06382	0.66720	0.01368	0.02279	0.00912	0.00456	0.00760
68	0.01014	0.00828	0.00897	0.00952	0.01173	0.00711	0.00687	0.01211	0.01853	0.02264	0.07526	0.25274	0.48061	0.02298	0.01028	0.00304	0.00449	0.01970	0.00790	0.00711
69	0.01216	0.00912	0.01368	0.01368	0.01520	0.01064	0.01064	0.01520	0.01368	0.01976	0.02279	0.03343	0.02127	0.06382	0.66720	0.01368	0.02279	0.00912	0.00456	0.00760
70	0.01707	0.04402	0.65683	0.02426	0.03683	0.01976	0.03144	0.02695	0.01797	0.02695	0.01527	0.01797	0.01078	0.00809	0.00809	0.00270	0.01258	0.00629	0.00359	0.01258
71	0.03195	0.03590	0.02451	0.02127	0.02633	0.48842	0.01637	0.19703	0.02854	0.02996	0.01518	0.01676	0.01194	0.00917	0.00791	0.00229	0.01368	0.00609	0.00553	0.01115
72	0.02160	0.57169	0.16884	0.01653	0.02488	0.03085	0.01799	0.02578	0.01743	0.02143	0.01253	0.01453	0.01089	0.00744	0.00599	0.00200	0.00981	0.00490	0.00363	0.01126
73	0.01969	0.16210	0.21826	0.01902	0.06285	0.01942	0.01842	0.02729	0.09397	0.09042	0.03351	0.03329	0.14456	0.01134	0.00810	0.00256	0.00876	0.00907	0.00586	0.01149
74	0.01038	0.00863	0.00906	0.00896	0.01169	0.00732	0.00672	0.01283	0.02015	0.02478	0.17584	0.07895	0.55364	0.02088	0.01005	0.00284	0.00426	0.01755	0.00814	0.00732
75	0.01216	0.00912	0.01368	0.01368	0.01520	0.01064	0.01064	0.01520	0.01368	0.01976	0.02279	0.03343	0.02127	0.06382	0.66720	0.01368	0.02279	0.00912	0.00456	0.00760
76	0.01934	0.17196	0.31339	0.06859	0.21215	0.02271	0.02596	0.02610	0.01818	0.02547	0.01477	0.01825	0.01162	0.00780	0.00767	0.00247	0.01107	0.00638	0.00379	0.01232
77	0.02608	0.02630	0.03260	0.03164	0.18104	0.17106	0.14465	0.18057	0.02555	0.03230	0.01645	0.01984	0.01290	0.00889	0.00978	0.00260	0.05255	0.00763	0.00535	0.01223
78	0.01061	0.00864	0.00939	0.00920	0.01183	0.00742	0.00690	0.01328	0.02070	0.02609	0.24137	0.07679	0.48729	0.02040	0.01005	0.00282	0.00423	0.01724	0.00831	0.00742
79	0.01963	0.02051	0.02405	0.03204	0.31751	0.14481	0.01781	0.02317	0.02033	0.02485	0.03822	0.03967	0.21771	0.01235	0.00881	0.00257	0.00927	0.01053	0.00544	0.01072
80	0.18262	0.02401	0.02599	0.11387	0.27839	0.18625	0.01968	0.02736	0.01925	0.02749	0.01427	0.01823	0.01165	0.00807	0.00756	0.00250	0.01085	0.00640	0.00443	0.01113

[dist]
# distance from previous block
# <min> <max>
9	18

[block]
# block no. 1 follows, 21 sequences, length 108
# corresponding to MSA columns:
# 120-227
name=unknown_B
#
# <colnr> <probs for GDERKNQSTAVLIFYWHMCP>
#	G	D	E	R	K	N	Q	S	T	A	V	L	I	F	Y	W	H	M	C	P
0	0.01224	0.00827	0.00924	0.00924	0.00941	0.00819	0.00523	0.01237	0.01279	0.01689	0.03036	0.05726	0.06758	0.66035	0.04133	0.00793	0.00802	0.01271	0.00532	0.00528
1	0.01114	0.00845	0.00893	0.00893	0.01046	0.00768	0.00585	0.01229	0.01611	0.01995	0.05836	0.06961	0.35679	0.34005	0.02565	0.00539	0.00616	0.01534	0.00662	0.00623
2	0.01747	0.01709	0.02223	0.01843	0.02255	0.08256	0.13141	0.05733	0.06097	0.02732	0.11232	0.04758	0.19998	0.01788	0.05262	0.00355	0.05385	0.03881	0.00659	0.00946
3	0.01336	0.01000	0.01439	0.01403	0.01587	0.01158	0.01097	0.05129	0.01525	0.02178	0.02265	0.03266	0.02087	0.06062	0.62786	0.01301	0.02199	0.00903	0.00480	0.00801
4	0.02348	0.02500	0.03155	0.07419	0.46681	0.17975	0.02361	0.02785	0.02044	0.02580	0.01526	0.01973	0.01276	0.00792	0.00824	0.00246	0.01146	0.00706	0.00423	0.01240
5	0.02438	0.14396	0.18931	0.02410	0.03181	0.27740	0.13917	0.02955	0.02070	0.02349	0.01428	0.01724	0.01130	0.00805	0.00789	0.00239	0.01347	0.00644	0.00405	0.01103
6	0.01742	0.01650	0.02796	0.51056	0.21797	0.01926	0.02431	0.02293	0.01765	0.02338	0.01536	0.02225	0.01192	0.00826	0.00849	0.00275	0.01101	0.00757	0.00390	0.01054
7	0.02111	0.29543	0.34517	0.01997	0.02981	0.02590	0.02311	0.09854	0.02039	0.02754	0.01458	0.01661	0.01128	0.00804	0.00713	0.00234	0.01085	0.00579	0.00421	0.01217
8	0.01707	0.04402	0.65683	0.02426	0.03683	0.01976	0.03144	0.02695	0.01797	0.02695	0.01527	0.01797	0.01078	0.00809	0.00809	0.00270	0.01258	0.00629	0.00359	0.01258
9	0.01233	0.00842	0.01015	0.01015	0.01046	0.00872	0.00625	0.01294	0.01263	0.01715	0.02602	0.05127	0.02902	0.57434	0.16727	0.00933	0.01114	0.01173	0.00504	0.00564
10	0.01235	0.01054	0.01085	0.01044	0.01366	0.01000	0.00793	0.01894	0.14141	0.02599	0.10091	0.07111	0.49626	0.01938	0.00978	0.00287	0.00478	0.01619	0.00812	0.00847
11	0.01775	0.01632	0.02662	0.56065	0.12825	0.01956	0.02345	0.06145	0.01881	0.02457	0.01558	0.02234	0.01181	0.00851	0.00850	0.00278	0.01106	0.00757	0.00414	0.01027
12	0.02310	0.02610	0.02083	0.12242	0.05403	0.31706	0.01539	0.05436	0.05049	0.02402	0.03277	0.03400	0.16682	0.01200	0.00850	0.00252	0.01112	0.00924	0.00553	0.00968
13	0.03818	0.01448	0.01975	0.01514	0.02172	0.01251	0.01251	0.04147	0.02436	0.65373	0.03357	0.02897	0.02107	0.01053	0.00856	0.00263	0.00724	0.00856	0.01053	0.01448
14	0.01074	0.00791	0.01089	0.05540	0.01536	0.00769	0.00892	0.01249	0.01634	0.02173	0.04483	0.65156	0.05336	0.02548	0.01071	0.00342	0.00535	0.02311	0.00763	0.00708
15	0.02240	0.02410	0.01857	0.01744	0.02110	0.26702	0.01305	0.03208	0.23466	0.02630	0.03215	0.16054	0.06673	0.01413	0.00881	0.00273	0.00955	0.01146	0.00681	0.01036
16	0.01006	0.00862	0.00862	0.00862	0.01149	0.00718	0.00647	0.01221	0.01940	0.02299	0.08621	0.08190	0.64438	0.02155	0.01006	0.00287	0.00431	0.01796	0.00790	0.00718
17	0.01037	0.00741	0.00987	0.01185	0.01234	0.00691	0.00790	0.01185	0.01629	0.02172	0.04690	0.69537	0.05629	0.02666	0.01086	0.00346	0.00494	0.02419	0.00790	0.00691
18	0.03235	0.02384	0.02554	0.01958	0.02639	0.02639	0.01618	0.61946	0.04001	0.05363	0.02043	0.02043	0.01447	0.01022	0.00851	0.00255	0.00936	0.00766	0.00851	0.01447
19	0.03184	0.03896	0.02425	0.02170	0.02632	0.60542	0.01642	0.09006	0.02564	0.02397	0.01385	0.01583	0.01130	0.00891	0.00775	0.00223	0.01477	0.00569	0.00478	0.01031
20	0.01707	0.04402	0.65683	0.02426	0.03683	0.01976	0.03144	0.02695	0.01797	0.02695	0.01527	0.01797	0.01078	0.00809	0.00809	0.00270	0.01258	0.00629	0.00359	0.01258
21	0.02087	0.02076	0.03766	0.04898	0.52796	0.02048	0.14350	0.02634	0.01952	0.02769	0.01625	0.02144	0.01337	0.00750	0.00875	0.00260	0.01095	0.00807	0.00423	0.01308
22	0.02584	0.02069	0.02340	0.01916	0.02375	0.02425	0.01555	0.32529	0.17950	0.04060	0.02226	0.02436	0.01733	0.04121	0.01414	0.00313	0.15111	0.00830	0.00740	0.01274
23	0.01037	0.00741	0.00987	0.01185	0.01234	0.00691	0.00790	0.01185	0.01629	0.02172	0.04690	0.69537	0.05629	0.02666	0.01086	0.00346	0.00494	0.02419	0.00790	0.00691
24	0.02561	0.01827	0.02977	0.08161	0.43257	0.01795	0.02209	0.03020	0.02064	0.20520	0.02094	0.02341	0.01550	0.00848	0.00847	0.00258	0.00937	0.00786	0.00598	0.01351
25	0.07131	0.02548	0.06267	0.04175	0.44456	0.15636	0.02325	0.02775	0.01999	0.02697	0.01510	0.01923	0.01253	0.00788	0.00804	0.00247	0.01111	0.00688	0.00429	0.01239
26	0.01736	0.01392	0.01487	0.01407	0.01663	0.05549	0.01076	0.09225	0.09820	0.02931	0.16011	0.05646	0.04145	0.19222	0.01846	0.00436	0.00767	0.14017	0.00743	0.00882
27	0.01007	0.00857	0.00868	0.00877	0.01153	0.00717	0.00653	0.01220	0.01926	0.02293	0.08445	0.10937	0.61805	0.02178	0.01009	0.00290	0.00434	0.01824	0.00790	0.00717
28	0.02314	0.19106	0.02807	0.14890	0.02964	0.12211	0.01632	0.15417	0.02322	0.02822	0.02328	0.02555	0.08636	0.01057	0.00908	0.00249	0.05404	0.00774	0.00536	0.01070
29	0.01523	0.01268	0.01710	0.02051	0.14072	0.01289	0.01264	0.02293	0.14915	0.02945	0.20992	0.20559	0.08322	0.01675	0.00963	0.00290	0.00604	0.01495	0.00774	0.00993
30	0.01466	0.01280	0.01847	0.01703	0.01796	0.01661	0.01373	0.01724	0.01343	0.02004	0.01829	0.02770	0.01736	0.04488	0.41962	0.00982	0.27939	0.00847	0.00424	0.00826
31	0.01571	0.01232	0.01427	0.01298	0.01612	0.01280	0.00996	0.06001	0.19752	0.03498	0.39686	0.05317	0.09792	0.01558	0.00956	0.00274	0.00513	0.01346	0.00902	0.00990
32	0.01861	0.01570	0.01816	0.01306	0.02058	0.01233	0.01048	0.06062	0.01911	0.02943	0.01547	0.01783	0.01273	0.00656	0.00645	0.00135	0.00650	0.00521	0.00527	0.70455
33	0.01834	0.01740	0.02889	0.22048	0.40756	0.01827	0.02304	0.02322	0.01873	0.02554	0.02431	0.02892	0.08972	0.00954	0.00865	0.00265	0.00974	0.00884	0.00454	0.01160
34	0.02297	0.02471	0.02993	0.16886	0.36268	0.19481	0.02301	0.02738	0.02019	0.02471	0.01506	0.01984	0.01237	0.00809	0.00824	0.00250	0.01177	0.00701	0.00417	0.01170
35	0.01970	0.02805	0.23789	0.03997	0.37255	0.02021	0.06464	0.02760	0.05558	0.02796	0.01696	0.02081	0.01331	0.00796	0.00843	0.00263	0.01098	0.00744	0.00428	0.01306
36	0.01042	0.00864	0.00913	0.00900	0.01172	0.00734	0.00675	0.01292	0.02026	0.02503	0.18845	0.07854	0.54087	0.02079	0.01005	0.00284	0.00426	0.01749	0.00817	0.00734
37	0.02106	0.02022	0.03454	0.05223	0.64784	0.02022	0.02612	0.02612	0.01938	0.02780	0.01601	0.02106	0.01348	0.00758	0.00842	0.00253	0.01011	0.00758	0.00421	0.01348
38	0.01236	0.00829	0.00951	0.00951	0.00958	0.00837	0.00544	0.01252	0.01244	0.01667	0.02661	0.05455	0.03045	0.66841	0.07516	0.00853	0.00899	0.01221	0.00513	0.00528
39	0.01238	0.00825	0.00928	0.00928	0.00928	0.00825	0.00516	0.01238	0.01238	0.01650	0.02681	0.05569	0.03094	0.70092	0.04331	0.00825	0.00825	0.01238	0.00516	0.00516
40	0.02009	0.02296	0.05022	0.03587	0.04448	0.02152	0.61693	0.02726	0.02009	0.02726	0.01722	0.02296	0.01291	0.00717	0.01004	0.00287	0.01435	0.01004	0.00430	0.01148
41	0.01942	0.22085	0.36528	0.02716	0.15412	0.02367	0.02575	0.02638	0.01806	0.02522	0.01447	0.01740	0.01136	0.00776	0.00743	0.00242	0.01113	0.00607	0.00373	0.01230
42	0.01048	0.00753	0.00976	0.01149	0.01209	0.00702	0.00764	0.01191	0.01622	0.02146	0.04794	0.61707	0.08976	0.07027	0.01293	0.00373	0.00512	0.02305	0.00772	0.00681
43	0.02868	0.02173	0.02330	0.01867	0.02470	0.02420	0.01514	0.45738	0.17403	0.04789	0.02503	0.05746	0.01923	0.01136	0.00867	0.00268	0.00854	0.00895	0.00852	0.01386
44	0.01807	0.03650	0.46450	0.02394	0.03466	0.01984	0.09104	0.02966	0.11559	0.02839	0.01855	0.02068	0.01349	0.00846	0.00832	0.00269	0.01159	0.00717	0.00453	0.04234
45	0.01960	0.05746	0.17116	0.14856	0.09551	0.06239	0.15577	0.05172	0.05559	0.02681	0.02131	0.02485	0.05293	0.00907	0.00866	0.00269	0.01153	0.00835	0.00468	0.01137
46	0.02002	0.02715	0.19658	0.07172	0.13507	0.02098	0.26775	0.06231	0.05932	0.02900	0.01770	0.02179	0.01329	0.00800	0.00903	0.00275	0.01228	0.00839	0.00460	0.01225
47	0.01030	0.00766	0.00961	0.01117	0.01216	0.00697	0.00760	0.01193	0.01695	0.02199	0.05519	0.56610	0.18021	0.02558	0.01069	0.00333	0.00481	0.02288	0.00790	0.00697
48	0.01040	0.00831	0.00936	0.01012	0.01217	0.00727	0.00740	0.01245	0.01842	0.02275	0.07092	0.27942	0.41690	0.02332	0.01043	0.00313	0.00474	0.05749	0.00790	0.00714
49	0.05201	0.21989	0.03088	0.07865	0.13253	0.22087	0.01766	0.02694	0.01913	0.02244	0.01383	0.01766	0.01197	0.01173	0.04762	0.00299	0.05247	0.00605	0.00410	0.01056
50	0.01033	0.00756	0.00971	0.01143	0.01223	0.00695	0.00771	0.01190	0.01669	0.02189	0.05198	0.61618	0.13219	0.02600	0.01076	0.00338	0.00486	0.02339	0.00790	0.00695
51	0.01109	0.00771	0.00966	0.01092	0.01124	0.00740	0.00691	0.01204	0.01488	0.01983	0.03964	0.46392	0.04711	0.27063	0.02260	0.00519	0.00614	0.01992	0.00691	0.00628
52	0.01366	0.01087	0.01163	0.01094	0.01408	0.01030	0.00833	0.10707	0.02199	0.02748	0.06846	0.14495	0.44790	0.02221	0.03792	0.00336	0.00596	0.01674	0.00786	0.00831
53	0.02402	0.30941	0.11186	0.06214	0.10438	0.20949	0.01914	0.02794	0.01956	0.02217	0.01334	0.01612	0.01126	0.00791	0.00696	0.00218	0.01156	0.00558	0.00393	0.01105
54	0.01707	0.04402	0.65683	0.02426	0.03683	0.01976	0.03144	0.02695	0.01797	0.02695	0.01527	0.01797	0.01078	0.00809	0.00809	0.00270	0.01258	0.00629	0.00359	0.01258
55	0.02044	0.01958	0.03342	0.13055	0.57439	0.02006	0.02581	0.02557	0.01908	0.02705	0.01590	0.02127	0.01321	0.00770	0.00844	0.00257	0.01026	0.00758	0.00416	0.01298
56	0.02445	0.02565	0.02966	0.07715	0.36513	0.19920	0.02193	0.06684	0.05757	0.02761	0.01653	0.02016	0.01345	0.00836	0.00824	0.00248	0.01139	0.00712	0.00477	0.01230
57	0.03179	0.04056	0.02412	0.02192	0.02631	0.66676	0.01644	0.03398	0.02412	0.02083	0.01315	0.01535	0.01096	0.00877	0.00767	0.00219	0.01535	0.00548	0.00438	0.00987
58	0.01072	0.00768	0.01019	0.01161	0.01242	0.00715	0.00793	0.01274	0.01794	0.02434	0.17259	0.56223	0.06135	0.02471	0.01069	0.00329	0.00474	0.02234	0.00821	0.00715
59	0.01006	0.00862	0.00862	0.00862	0.01149	0.00718	0.00647	0.01221	0.01940	0.02299	0.08621	0.08190	0.64438	0.02155	0.01006	0.00287	0.00431	0.01796	0.00790	0.00718
60	0.03179	0.04056	0.02412	0.02192	0.02631	0.66676	0.01644	0.03398	0.02412	0.02083	0.01315	0.01535	0.01096	0.00877	0.00767	0.00219	0.01535	0.00548	0.00438	0.00987
61	0.03273	0.02323	0.02516	0.01929	0.02609	0.02549	0.01594	0.58182	0.03899	0.09272	0.02129	0.02099	0.01490	0.01024	0.00852	0.00256	0.00923	0.00772	0.00864	0.01447
62	0.01245	0.00848	0.01080	0.01080	0.01128	0.00896	0.00705	0.01320	0.01272	0.01744	0.02481	0.04678	0.02688	0.45679	0.24265	0.05429	0.01286	0.01103	0.00488	0.00585
63	0.02468	0.03331	0.15389	0.03422	0.27095	0.28590	0.02320	0.02952	0.02105	0.02477	0.01469	0.01810	0.01191	0.00817	0.00805	0.00242	0.01275	0.00646	0.00416	0.01181
64	0.02332	0.02451	0.03235	0.04585	0.51687	0.15646	0.02408	0.02777	0.02038	0.02633	0.01541	0.01986	0.01295	0.00783	0.00827	0.00246	0.01121	0.00714	0.00425	0.01272
65	0.01157	0.00850	0.01063	0.01087	0.01203	0.00862	0.00753	0.01318	0.01476	0.01957	0.04056	0.13421	0.16028	0.26914	0.23217	0.00826	0.01167	0.01399	0.00589	0.00659
66	0.01970	0.01885	0.03210	0.04644	0.54570	0.01867	0.04799	0.02445	0.01923	0.02712	0.02232	0.06428	0.05603	0.00956	0.00874	0.00262	0.00961	0.00931	0.00467	0.01262
67	0.01390	0.01105	0.01636	0.04642	0.12555	0.01097	0.01416	0.01729	0.01851	0.02452	0.04182	0.24968	0.07817	0.02097	0.01070	0.00345	0.00733	0.27350	0.00708	0.00857
68	0.01232	0.00847	0.00974	0.00997	0.01047	0.00833	0.00629	0.01298	0.01388	0.01816	0.03449	0.06287	0.09013	0.55799	0.03651	0.00724	0.00784	0.08095	0.00573	0.00566
69	0.01928	0.20571	0.25203	0.10228	0.03769	0.02376	0.19245	0.02605	0.01828	0.02464	0.01492	0.01882	0.01149	0.00767	0.00801	0.00254	0.01204	0.00706	0.00383	0.01147
70	0.02023	0.22741	0.32124	0.02470	0.06954	0.06251	0.10928	0.02695	0.01853	0.02471	0.01449	0.01748	0.01130	0.00774	0.00762	0.00243	0.01186	0.00636	0.00379	0.01184
71	0.01225	0.00820	0.00932	0.00944	0.00948	0.00817	0.00533	0.01234	0.01262	0.01683	0.02809	0.09633	0.03255	0.65808	0.04125	0.00795	0.00804	0.01313	0.00533	0.00527
72	0.01607	0.01513	0.02552	0.68047	0.05861	0.01891	0.02363	0.02174	0.01702	0.02174	0.01513	0.02269	0.01134	0.00851	0.00851	0.00284	0.01134	0.00756	0.00378	0.00945
73	0.02275	0.70604	0.04459	0.01456	0.02184	0.03367	0.01456	0.02548	0.01729	0.02002	0.01183	0.01365	0.01092	0.00728	0.00546	0.00182	0.00910	0.00455	0.00364	0.01092
74	0.01204	0.00870	0.01138	0.01071	0.01271	0.00803	0.00803	0.01606	0.02409	0.03413	0.64335	0.06357	0.08030	0.01740	0.01004	0.00268	0.00401	0.01539	0.00937	0.00803
75	0.03393	0.01601	0.02013	0.01587	0.02189	0.01528	0.01292	0.17776	0.02730	0.44430	0.03177	0.09521	0.02309	0.01211	0.00878	0.00270	0.00752	0.00994	0.00978	0.01370
76	0.03179	0.04056	0.02412	0.02192	0.02631	0.66676	0.01644	0.03398	0.02412	0.02083	0.01315	0.01535	0.01096	0.00877	0.00767	0.00219	0.01535	0.00548	0.00438	0.00987
77	0.03235	0.02384	0.02554	0.01958	0.02639	0.02639	0.01618	0.61946	0.04001	0.05363	0.02043	0.02043	0.01447	0.01022	0.00851	0.00255	0.00936	0.00766	0.00851	0.01447
78	0.02106	0.02022	0.03454	0.05223	0.64784	0.02022	0.02612	0.02612	0.01938	0.02780	0.01601	0.02106	0.01348	0.00758	0.00842	0.00253	0.01011	0.00758	0.00421	0.01348
79	0.01216	0.00912	0.01368	0.01368	0.01520	0.01064	0.01064	0.01520	0.01368	0.01976	0.02279	0.03343	0.02127	0.06382	0.66720	0.01368	0.02279	0.00912	0.00456	0.00760
80	0.01217	0.00907	0.01345	0.01345	0.01489	0.01052	0.01036	0.01505	0.01361	0.01959	0.02300	0.03457	0.02177	0.09634	0.63536	0.01340	0.02205	0.00928	0.00459	0.00747
81	0.01216	0.00912	0.01368	0.01368	0.01520	0.01064	0.01064	0.01520	0.01368	0.01976	0.02279	0.03343	0.02127	0.06382	0.66720	0.01368	0.02279	0.00912	0.00456	0.00760
82	0.01933	0.02071	0.03772	0.02887	0.03303	0.02387	0.30743	0.02375	0.01644	0.02375	0.01409	0.02071	0.01201	0.01117	0.01929	0.00331	0.36145	0.00870	0.00400	0.01036
83	0.02048	0.01979	0.03423	0.11945	0.55846	0.02013	0.05100	0.02569	0.01915	0.02712	0.01596	0.02132	0.01322	0.00767	0.00850	0.00258	0.01042	0.00769	0.00417	0.01296
84	0.01885	0.02350	0.15562	0.22511	0.35909	0.01976	0.02647	0.02504	0.01843	0.02591	0.01561	0.02091	0.01234	0.00795	0.00838	0.00265	0.01095	0.00732	0.00397	0.01216
85	0.01108	0.00783	0.00981	0.01111	0.01167	0.00744	0.00731	0.01229	0.01552	0.02049	0.04345	0.44909	0.08375	0.21772	0.02007	0.00480	0.00598	0.04700	0.00712	0.00647
86	0.01790	0.01313	0.01517	0.01429	0.01711	0.01362	0.01065	0.22062	0.02465	0.03277	0.04039	0.42329	0.08047	0.02068	0.01000	0.00311	0.00642	0.01811	0.00811	0.00953
87	0.01923	0.16832	0.32679	0.02632	0.03648	0.02313	0.22923	0.02677	0.01856	0.02568	0.01526	0.01882	0.01154	0.00761	0.00824	0.00258	0.01249	0.00723	0.00385	0.01187
88	0.02742	0.03065	0.02474	0.20859	0.03550	0.38000	0.01844	0.12445	0.02465	0.02635	0.01488	0.01825	0.01163	0.00893	0.00805	0.00243	0.01325	0.00642	0.00488	0.01049
89	0.02119	0.21487	0.03779	0.07808	0.39893	0.02404	0.05786	0.02574	0.01869	0.02520	0.01484	0.01917	0.01259	0.00753	0.00768	0.00237	0.01015	0.00687	0.00403	0.01239
90	0.02538	0.01525	0.02090	0.07826	0.02440	0.01576	0.05245	0.16770	0.04882	0.18072	0.02171	0.02508	0.01626	0.01614	0.01649	0.24093	0.00862	0.00802	0.00676	0.01034
91	0.01740	0.08258	0.62117	0.02369	0.03596	0.02057	0.03046	0.02687	0.01793	0.02655	0.01507	0.01772	0.01079	0.00804	0.00793	0.00264	0.01237	0.00619	0.00360	0.01248
92	0.01839	0.01722	0.05146	0.01788	0.02184	0.01734	0.08802	0.13075	0.02062	0.02804	0.03189	0.03883	0.14154	0.14033	0.01913	0.00387	0.14246	0.01061	0.00586	0.05392
93	0.02107	0.02013	0.03384	0.05062	0.61895	0.02026	0.02553	0.02700	0.04769	0.02816	0.01687	0.02156	0.01406	0.00777	0.00844	0.00254	0.00995	0.00768	0.00442	0.01348
94	0.02296	0.01445	0.01579	0.01367	0.01804	0.05372	0.01072	0.03020	0.14400	0.22779	0.16373	0.04731	0.17290	0.01444	0.00915	0.00272	0.00637	0.01202	0.00895	0.01109
95	0.02118	0.50047	0.16424	0.01733	0.02487	0.03009	0.01835	0.02524	0.01697	0.02145	0.01244	0.01504	0.01092	0.00826	0.00840	0.00220	0.08262	0.00521	0.00364	0.01108
96	0.02275	0.70604	0.04459	0.01456	0.02184	0.03367	0.01456	0.02548	0.01729	0.02002	0.01183	0.01365	0.01092	0.00728	0.00546	0.00182	0.00910	0.00455	0.00364	0.01092
97	0.03104	0.02944	0.02201	0.01929	0.02430	0.36914	0.01485	0.03822	0.15575	0.17686	0.02273	0.02218	0.01665	0.00980	0.00810	0.00245	0.01153	0.00712	0.00679	0.01176
98	0.01407	0.01110	0.04950	0.01153	0.01461	0.00865	0.00933	0.01709	0.02023	0.09378	0.20043	0.21487	0.26310	0.01978	0.00997	0.00293	0.00520	0.01712	0.00828	0.00843
99	0.17597	0.01071	0.01252	0.05495	0.01668	0.01150	0.00953	0.01723	0.01747	0.02803	0.19474	0.12283	0.07599	0.06878	0.14168	0.00533	0.00919	0.01233	0.00661	0.00793
100	0.01886	0.01473	0.01664	0.01310	0.01898	0.01298	0.01037	0.10878	0.05288	0.05749	0.03438	0.07215	0.14837	0.01170	0.00789	0.00206	0.00632	0.00962	0.00674	0.37596
101	0.02391	0.37040	0.16642	0.01680	0.02492	0.02524	0.01749	0.02968	0.05874	0.13318	0.01797	0.01858	0.01371	0.00825	0.00680	0.00219	0.00923	0.00597	0.00522	0.04528
102	0.01900	0.01805	0.02982	0.15425	0.39830	0.01808	0.04778	0.02390	0.01878	0.02639	0.02040	0.02499	0.05432	0.00848	0.00835	0.00246	0.00965	0.00805	0.00449	0.10445
103	0.02475	0.02721	0.03096	0.04182	0.43431	0.24234	0.02279	0.02882	0.02101	0.02541	0.01503	0.01910	0.01261	0.00799	0.00817	0.00241	0.01191	0.00686	0.00427	0.01224
104	0.02085	0.08382	0.41521	0.02656	0.10817	0.14928	0.02671	0.02815	0.01932	0.02538	0.01472	0.01754	0.01115	0.00811	0.00787	0.00252	0.01260	0.00617	0.00383	0.01204
105	0.02423	0.02874	0.07388	0.03399	0.22108	0.23196	0.15159	0.05385	0.02165	0.02613	0.01575	0.01987	0.01271	0.01025	0.03454	0.00295	0.01338	0.00741	0.00445	0.01161
106	0.01782	0.01751	0.02277	0.01917	0.02340	0.09213	0.11187	0.02158	0.01836	0.02424	0.02690	0.04161	0.06246	0.01947	0.09143	0.00411	0.08723	0.13569	0.00543	0.15681
107	0.02472	0.07489	0.16523	0.02761	0.15127	0.31621	0.02136	0.02931	0.02113	0.02381	0.01618	0.02221	0.01390	0.00926	0.00805	0.00246	0.01284	0.04412	0.00436	0.01111

[dist]
# distance from previous block
# <min> <max>
1	44

[block]
# block no. 2 follows, 21 sequences, length 47
# corresponding to MSA columns:
# 272-318
name=unknown_C
#
# <colnr> <probs for GDERKNQSTAVLIFYWHMCP>
#	G	D	E	R	K	N	Q	S	T	A	V	L	I	F	Y	W	H	M	C	P
0	0.02038	0.11498	0.02850	0.02979	0.25659	0.12103	0.05078	0.02490	0.04533	0.02481	0.03213	0.03382	0.15977	0.01111	0.00838	0.00249	0.00955	0.00947	0.00521	0.01098
1	0.03046	0.03903	0.06474	0.02316	0.05198	0.56410	0.01777	0.06579	0.02442	0.02332	0.01381	0.01603	0.01125	0.00876	0.00778	0.00226	0.01463	0.00574	0.00456	0.01044
2	0.05227	0.16118	0.06741	0.01903	0.02495	0.29954	0.04894	0.02899	0.02099	0.05754	0.04068	0.04103	0.01595	0.00912	0.00744	0.00220	0.01152	0.00672	0.00493	0.07959
3	0.14513	0.02733	0.02202	0.04521	0.02500	0.33345	0.07875	0.02696	0.02088	0.02484	0.02800	0.02946	0.13701	0.01099	0.00804	0.00250	0.01145	0.00840	0.00520	0.00938
4	0.19123	0.01720	0.01418	0.01293	0.01663	0.14186	0.00996	0.02258	0.02098	0.06958	0.22573	0.04373	0.15436	0.01383	0.00837	0.00261	0.00713	0.01097	0.00722	0.00892
5	0.03003	0.03722	0.02583	0.02690	0.12836	0.56060	0.01803	0.03269	0.02334	0.02197	0.01362	0.01629	0.01138	0.00857	0.00780	0.00225	0.01449	0.00583	0.00436	0.01046
6	0.02575	0.03106	0.02208	0.01999	0.02323	0.43585	0.01535	0.02792	0.02095	0.02096	0.02185	0.02472	0.08549	0.01445	0.04835	0.00319	0.13729	0.00750	0.00468	0.00932
7	0.01907	0.01930	0.06423	0.04304	0.48866	0.01829	0.02333	0.02399	0.01817	0.02615	0.01732	0.02336	0.01488	0.01881	0.13956	0.00476	0.01277	0.00782	0.00425	0.01226
8	0.01634	0.01625	0.03025	0.30839	0.04300	0.01773	0.20790	0.02145	0.01763	0.02342	0.02190	0.15648	0.02078	0.01204	0.01050	0.00302	0.04693	0.01165	0.00476	0.00958
9	0.01919	0.01255	0.01478	0.01338	0.01705	0.01264	0.01029	0.02868	0.20918	0.14555	0.20291	0.11716	0.12957	0.01591	0.00943	0.00284	0.00558	0.01366	0.00900	0.01065
10	0.02106	0.02022	0.03454	0.05223	0.64784	0.02022	0.02612	0.02612	0.01938	0.02780	0.01601	0.02106	0.01348	0.00758	0.00842	0.00253	0.01011	0.00758	0.00421	0.01348
11	0.03179	0.04056	0.02412	0.02192	0.02631	0.66676	0.01644	0.03398	0.02412	0.02083	0.01315	0.01535	0.01096	0.00877	0.00767	0.00219	0.01535	0.00548	0.00438	0.00987
12	0.01331	0.00898	0.01178	0.01092	0.01315	0.00825	0.00825	0.01729	0.02410	0.06419	0.61376	0.06189	0.07742	0.01706	0.00997	0.00267	0.00417	0.01506	0.00942	0.00834
13	0.01033	0.00845	0.00883	0.00905	0.01136	0.00726	0.00649	0.01219	0.01833	0.02218	0.07570	0.14854	0.51527	0.09152	0.01355	0.00349	0.00478	0.01809	0.00762	0.00695
14	0.02000	0.01727	0.01813	0.01641	0.02101	0.01970	0.01274	0.04176	0.56820	0.03428	0.04004	0.03701	0.09080	0.01259	0.00881	0.00289	0.00648	0.01050	0.00858	0.01281
15	0.01186	0.00803	0.00944	0.00995	0.01008	0.00790	0.00587	0.01224	0.01339	0.01785	0.03202	0.22145	0.03751	0.52620	0.03491	0.00701	0.00739	0.01544	0.00587	0.00561
16	0.02908	0.16840	0.02791	0.01961	0.02486	0.39116	0.01572	0.13714	0.02509	0.02654	0.01470	0.01686	0.01212	0.01157	0.04138	0.00278	0.01341	0.00588	0.00499	0.01079
17	0.01659	0.00993	0.01192	0.01145	0.01461	0.00878	0.00901	0.01913	0.01985	0.15148	0.06233	0.11109	0.33942	0.05777	0.01196	0.00335	0.00580	0.11862	0.00827	0.00866
18	0.02639	0.07967	0.22391	0.02159	0.02890	0.29145	0.02089	0.09239	0.02292	0.06042	0.01551	0.01748	0.01183	0.00899	0.00873	0.00246	0.04397	0.00616	0.00482	0.01149
19	0.02200	0.27591	0.31577	0.02039	0.02947	0.15346	0.02253	0.02783	0.01895	0.02330	0.01364	0.01593	0.01087	0.00794	0.00708	0.00229	0.01191	0.00552	0.00377	0.01146
20	0.01006	0.00862	0.00862	0.00862	0.01149	0.00718	0.00647	0.01221	0.01940	0.02299	0.08621	0.08190	0.64438	0.02155	0.01006	0.00287	0.00431	0.01796	0.00790	0.00718
21	0.01596	0.01333	0.01584	0.01243	0.01835	0.01031	0.00958	0.01920	0.01733	0.02634	0.02251	0.17507	0.02275	0.01103	0.00736	0.00177	0.00599	0.00949	0.00571	0.57966
22	0.01692	0.01416	0.02088	0.16556	0.02862	0.01528	0.05255	0.02202	0.05110	0.05665	0.14392	0.06736	0.02964	0.01525	0.05082	0.00334	0.09872	0.01000	0.00598	0.13121
23	0.01392	0.01084	0.01309	0.01331	0.01589	0.01097	0.01062	0.02139	0.14241	0.02889	0.19589	0.11925	0.15237	0.01955	0.01037	0.00320	0.00587	0.19496	0.00839	0.00882
24	0.01956	0.02017	0.07777	0.04079	0.43840	0.01857	0.02330	0.02660	0.07735	0.02809	0.02246	0.03408	0.02025	0.01060	0.00896	0.00280	0.00961	0.10294	0.00518	0.01249
25	0.01858	0.07149	0.41382	0.02257	0.03325	0.01952	0.08550	0.05645	0.01922	0.02812	0.01552	0.01831	0.01153	0.00774	0.00784	0.00240	0.01127	0.00642	0.00418	0.14628
26	0.01328	0.00995	0.01218	0.01267	0.01497	0.00957	0.01007	0.06130	0.02099	0.02724	0.12611	0.20173	0.21597	0.02184	0.01065	0.00328	0.00595	0.20612	0.00810	0.00801
27	0.01917	0.01801	0.02207	0.01802	0.02292	0.09738	0.09492	0.08400	0.01981	0.02663	0.01994	0.06131	0.01784	0.02659	0.21773	0.00581	0.01405	0.00843	0.00523	0.20016
28	0.01238	0.00825	0.00928	0.00928	0.00928	0.00825	0.00516	0.01238	0.01238	0.01650	0.02681	0.05569	0.03094	0.70092	0.04331	0.00825	0.00825	0.01238	0.00516	0.00516
29	0.02345	0.65462	0.04301	0.01513	0.02219	0.08259	0.01471	0.02614	0.01782	0.02008	0.01193	0.01378	0.01092	0.00740	0.00563	0.00185	0.00958	0.00462	0.00370	0.01084
30	0.01228	0.00865	0.01128	0.01128	0.01198	0.00934	0.00765	0.01366	0.01297	0.01798	0.02498	0.04555	0.02654	0.41076	0.32746	0.01072	0.01487	0.01089	0.00488	0.00627
31	0.01216	0.00912	0.01368	0.01368	0.01520	0.01064	0.01064	0.01520	0.01368	0.01976	0.02279	0.03343	0.02127	0.06382	0.66720	0.01368	0.02279	0.00912	0.00456	0.00760
32	0.02275	0.70604	0.04459	0.01456	0.02184	0.03367	0.01456	0.02548	0.01729	0.02002	0.01183	0.01365	0.01092	0.00728	0.00546	0.00182	0.00910	0.00455	0.00364	0.01092
33	0.02278	0.02528	0.02829	0.27480	0.19648	0.23728	0.04483	0.02718	0.02012	0.02318	0.01477	0.01982	0.01182	0.00831	0.00827	0.00254	0.01249	0.00696	0.00411	0.01069
34	0.02989	0.03695	0.02596	0.02729	0.13644	0.55219	0.01816	0.03259	0.02328	0.02206	0.01366	0.01636	0.01141	0.00856	0.00781	0.00225	0.01442	0.00585	0.00435	0.01051
35	0.02106	0.02022	0.03454	0.05223	0.64784	0.02022	0.02612	0.02612	0.01938	0.02780	0.01601	0.02106	0.01348	0.00758	0.00842	0.00253	0.01011	0.00758	0.00421	0.01348
36	0.01478	0.00739	0.01109	0.01109	0.01109	0.00739	0.00739	0.01109	0.01109	0.01478	0.01478	0.02587	0.01478	0.02956	0.03326	0.75240	0.00739	0.00739	0.00370	0.00370
37	0.03135	0.07731	0.02562	0.02103	0.02606	0.50576	0.01628	0.14592	0.02676	0.02708	0.01447	0.01622	0.01163	0.00896	0.00770	0.00224	0.01382	0.00584	0.00513	0.01081
38	0.02167	0.02087	0.03042	0.04248	0.46882	0.05547	0.02266	0.03098	0.16204	0.02924	0.02018	0.02324	0.01625	0.00857	0.00844	0.00259	0.00961	0.00794	0.00525	0.01328
39	0.01252	0.00965	0.01437	0.01416	0.01560	0.01150	0.01108	0.01549	0.01364	0.01980	0.02214	0.03260	0.02071	0.06109	0.63144	0.01312	0.05986	0.00902	0.00451	0.00769
40	0.01319	0.00898	0.01025	0.01019	0.01063	0.00905	0.00613	0.04532	0.01442	0.01924	0.02923	0.14161	0.03352	0.57077	0.03697	0.00728	0.00786	0.01374	0.00572	0.00590
41	0.01326	0.01075	0.01580	0.01516	0.01642	0.01328	0.01201	0.01610	0.01357	0.01988	0.02080	0.03089	0.01954	0.05544	0.55762	0.01197	0.13636	0.00883	0.00442	0.00789
42	0.02289	0.01582	0.01787	0.01490	0.01858	0.01708	0.01134	0.29087	0.02581	0.06950	0.02373	0.03508	0.02156	0.26026	0.11119	0.00609	0.01070	0.00957	0.00690	0.01026
43	0.01865	0.22016	0.06173	0.01438	0.01928	0.08836	0.01278	0.05355	0.04357	0.02431	0.05998	0.04207	0.17872	0.05291	0.04045	0.00330	0.00901	0.04144	0.00583	0.00950
44	0.02548	0.03190	0.14807	0.02008	0.02605	0.27488	0.01785	0.15061	0.06343	0.02953	0.01986	0.07292	0.01730	0.05205	0.01038	0.00287	0.01179	0.00821	0.00566	0.01107
45	0.02410	0.51858	0.09031	0.01683	0.02396	0.15962	0.01631	0.02731	0.01872	0.02075	0.01238	0.01434	0.01092	0.00765	0.00612	0.00197	0.01064	0.00488	0.00379	0.01084
46	0.06612	0.14695	0.44559	0.02120	0.03145	0.07152	0.02532	0.02674	0.01833	0.02634	0.03697	0.01845	0.01322	0.00833	0.00752	0.00251	0.01154	0.00617	0.00398	0.01172

[dist]
# distance from previous block
# <min> <max>
0	21

# created by:
# /home/cegg/simao/soft/augustus-3.2.1/scripts/msa2prfl.pl ./align_prep/10997.fa
