[name]
unknown

[dist]
# distance from previous block
# <min> <max>
0	0

[block]
# block no. 0 follows, 21 sequences, length 24
# corresponding to MSA columns:
# 0-23
name=unknown_A
#
# <colnr> <probs for GDERKNQSTAVLIFYWHMCP>
#	G	D	E	R	K	N	Q	S	T	A	V	L	I	F	Y	W	H	M	C	P
0	0.01371	0.00980	0.01371	0.01567	0.01763	0.00980	0.01371	0.01763	0.01959	0.02547	0.04506	0.09599	0.04898	0.02351	0.01175	0.00392	0.00784	0.59056	0.00784	0.00784
1	0.02041	0.01980	0.03451	0.12482	0.53933	0.02015	0.06443	0.02568	0.01915	0.02706	0.01598	0.02138	0.01319	0.00766	0.00854	0.00259	0.01053	0.00774	0.00417	0.01288
2	0.02326	0.66889	0.04345	0.01497	0.02209	0.06901	0.01467	0.02596	0.01767	0.02007	0.01190	0.01375	0.01092	0.00736	0.00558	0.00184	0.00945	0.00460	0.00368	0.01086
3	0.01443	0.01260	0.01656	0.01575	0.01714	0.04913	0.01245	0.01721	0.01412	0.01995	0.02009	0.02968	0.01882	0.05167	0.51165	0.01119	0.14651	0.00861	0.00439	0.00804
4	0.01037	0.00741	0.00987	0.01185	0.01234	0.00691	0.00790	0.01185	0.01629	0.02172	0.04690	0.69537	0.05629	0.02666	0.01086	0.00346	0.00494	0.02419	0.00790	0.00691
5	0.16092	0.01619	0.08969	0.01351	0.01819	0.01345	0.01193	0.06204	0.02132	0.13012	0.24447	0.03961	0.03951	0.08887	0.01226	0.00327	0.00684	0.01035	0.00756	0.00990
6	0.22578	0.02649	0.22543	0.06033	0.25139	0.01970	0.02298	0.02588	0.01746	0.03015	0.01458	0.01814	0.01134	0.00787	0.00744	0.00262	0.00997	0.00634	0.00429	0.01182
7	0.01399	0.01112	0.01584	0.01501	0.01624	0.01380	0.01193	0.01686	0.01397	0.02117	0.02072	0.02995	0.01907	0.04728	0.45548	0.01023	0.16881	0.00862	0.08190	0.00802
8	0.03008	0.16638	0.02799	0.02053	0.02546	0.54707	0.01609	0.03237	0.02283	0.02068	0.01290	0.01503	0.01095	0.00849	0.00725	0.00212	0.01417	0.00531	0.00424	0.01007
9	0.02106	0.02022	0.03454	0.05223	0.64784	0.02022	0.02612	0.02612	0.01938	0.02780	0.01601	0.02106	0.01348	0.00758	0.00842	0.00253	0.01011	0.00758	0.00421	0.01348
10	0.01317	0.05513	0.01631	0.01417	0.01599	0.01291	0.01129	0.01613	0.01388	0.01981	0.02150	0.03140	0.02010	0.05770	0.59219	0.01241	0.05483	0.00874	0.00446	0.00790
11	0.01037	0.00741	0.00987	0.01185	0.01234	0.00691	0.00790	0.01185	0.01629	0.02172	0.04690	0.69537	0.05629	0.02666	0.01086	0.00346	0.00494	0.02419	0.00790	0.00691
12	0.02106	0.02022	0.03454	0.05223	0.64784	0.02022	0.02612	0.02612	0.01938	0.02780	0.01601	0.02106	0.01348	0.00758	0.00842	0.00253	0.01011	0.00758	0.00421	0.01348
13	0.01216	0.00912	0.01368	0.01368	0.01520	0.01064	0.01064	0.01520	0.01368	0.01976	0.02279	0.03343	0.02127	0.06382	0.66720	0.01368	0.02279	0.00912	0.00456	0.00760
14	0.02187	0.60295	0.13993	0.01607	0.02418	0.03151	0.01719	0.02571	0.01740	0.02110	0.01237	0.01432	0.01090	0.00741	0.00587	0.00196	0.00964	0.00482	0.00363	0.01118
15	0.02818	0.03434	0.02192	0.01997	0.02418	0.51777	0.01503	0.03290	0.09140	0.02336	0.05616	0.02392	0.05443	0.01034	0.00806	0.00234	0.01308	0.00726	0.00536	0.01000
16	0.01887	0.01415	0.01587	0.01212	0.01805	0.01216	0.00965	0.09110	0.02032	0.03188	0.01926	0.02189	0.01538	0.00777	0.00646	0.00161	0.00601	0.00615	0.21216	0.45913
17	0.01011	0.00841	0.00884	0.00917	0.01164	0.00714	0.00671	0.01215	0.01887	0.02277	0.07950	0.18666	0.54396	0.02242	0.01020	0.00297	0.00442	0.01902	0.00790	0.00714
18	0.01025	0.00837	0.00906	0.00944	0.01175	0.00718	0.00687	0.01237	0.01902	0.02340	0.11196	0.21133	0.48469	0.02239	0.01023	0.00299	0.00443	0.01913	0.00799	0.00718
19	0.01099	0.00866	0.00991	0.00960	0.01206	0.00758	0.00720	0.01401	0.02159	0.02819	0.34652	0.07333	0.38083	0.01961	0.01005	0.00278	0.00417	0.01676	0.00859	0.00758
20	0.01707	0.04402	0.65683	0.02426	0.03683	0.01976	0.03144	0.02695	0.01797	0.02695	0.01527	0.01797	0.01078	0.00809	0.00809	0.00270	0.01258	0.00629	0.00359	0.01258
21	0.02539	0.08597	0.02781	0.05351	0.11816	0.28095	0.01845	0.02816	0.01946	0.05095	0.01394	0.01790	0.01187	0.01024	0.01331	0.00268	0.19986	0.00649	0.00437	0.01053
22	0.02107	0.08003	0.46726	0.02267	0.03340	0.05695	0.02675	0.13825	0.02239	0.03120	0.01592	0.01803	0.01149	0.00847	0.00798	0.00259	0.01192	0.00640	0.00456	0.01268
23	0.10266	0.23341	0.36661	0.01940	0.02925	0.02333	0.02286	0.02719	0.01777	0.06454	0.01500	0.01691	0.01128	0.00798	0.00703	0.00243	0.01056	0.00573	0.00422	0.01183

[dist]
# distance from previous block
# <min> <max>
0	3

[block]
# block no. 1 follows, 21 sequences, length 41
# corresponding to MSA columns:
# 27-67
name=unknown_B
#
# <colnr> <probs for GDERKNQSTAVLIFYWHMCP>
#	G	D	E	R	K	N	Q	S	T	A	V	L	I	F	Y	W	H	M	C	P
0	0.06167	0.03608	0.49327	0.02095	0.03132	0.01811	0.02568	0.02590	0.05348	0.02760	0.02575	0.02714	0.09704	0.01009	0.00821	0.00273	0.01076	0.00795	0.00457	0.01170
1	0.02289	0.02991	0.17719	0.03788	0.34763	0.14510	0.02489	0.06396	0.02122	0.02783	0.01556	0.01920	0.01243	0.00809	0.00821	0.00250	0.01165	0.00688	0.00436	0.01263
2	0.07684	0.03590	0.02367	0.02082	0.02572	0.50522	0.01595	0.14462	0.02654	0.02813	0.01446	0.01622	0.01152	0.00899	0.00768	0.00229	0.01367	0.00584	0.00522	0.01070
3	0.01897	0.01767	0.02929	0.04295	0.50722	0.01748	0.02204	0.02371	0.02020	0.02868	0.12867	0.03133	0.05476	0.00995	0.00878	0.00257	0.00877	0.00943	0.00528	0.01223
4	0.02750	0.03178	0.02299	0.02040	0.02400	0.42587	0.01578	0.08121	0.02293	0.02431	0.01794	0.02066	0.04461	0.01074	0.01149	0.00253	0.13641	0.00680	0.04213	0.00993
5	0.02521	0.01506	0.01806	0.01534	0.01978	0.01523	0.01217	0.22673	0.02757	0.19325	0.11305	0.18660	0.03603	0.01564	0.00942	0.00286	0.00704	0.04042	0.00896	0.01158
6	0.02106	0.02022	0.03454	0.05223	0.64784	0.02022	0.02612	0.02612	0.01938	0.02780	0.01601	0.02106	0.01348	0.00758	0.00842	0.00253	0.01011	0.00758	0.00421	0.01348
7	0.15655	0.54656	0.07043	0.01445	0.02164	0.03031	0.01446	0.02547	0.01682	0.02368	0.01201	0.01391	0.01060	0.00743	0.00556	0.00201	0.00882	0.00465	0.00393	0.01070
8	0.01833	0.19053	0.52134	0.02211	0.03351	0.02284	0.02771	0.02663	0.01782	0.02542	0.01451	0.01701	0.01081	0.00791	0.00750	0.00250	0.01181	0.00590	0.00360	0.01221
9	0.02428	0.02519	0.03154	0.04311	0.46374	0.17147	0.02323	0.06526	0.02178	0.02780	0.01562	0.01969	0.01295	0.00803	0.00826	0.00245	0.01129	0.00710	0.00452	0.01270
10	0.02389	0.02473	0.01895	0.01870	0.05880	0.28890	0.01323	0.03142	0.15632	0.02699	0.02236	0.02538	0.01811	0.04432	0.00930	0.00262	0.00996	0.00748	0.18836	0.01017
11	0.01283	0.00944	0.01234	0.01299	0.01500	0.00917	0.01044	0.01735	0.04904	0.02874	0.27927	0.14242	0.09753	0.02080	0.01075	0.00328	0.00578	0.24632	0.00848	0.00803
12	0.02083	0.02161	0.07080	0.05060	0.61224	0.02019	0.02643	0.02617	0.01930	0.02775	0.01596	0.02088	0.01332	0.00761	0.00841	0.00254	0.01025	0.00751	0.00418	0.01343
13	0.02082	0.48059	0.25309	0.01786	0.02695	0.02894	0.02031	0.02598	0.01752	0.02238	0.01300	0.01512	0.01087	0.00755	0.00635	0.00212	0.01028	0.00514	0.00362	0.01148
14	0.02106	0.02022	0.03454	0.05223	0.64784	0.02022	0.02612	0.02612	0.01938	0.02780	0.01601	0.02106	0.01348	0.00758	0.00842	0.00253	0.01011	0.00758	0.00421	0.01348
15	0.03179	0.04056	0.02412	0.02192	0.02631	0.66676	0.01644	0.03398	0.02412	0.02083	0.01315	0.01535	0.01096	0.00877	0.00767	0.00219	0.01535	0.00548	0.00438	0.00987
16	0.01006	0.00862	0.00862	0.00862	0.01149	0.00718	0.00647	0.01221	0.01940	0.02299	0.08621	0.08190	0.64438	0.02155	0.01006	0.00287	0.00431	0.01796	0.00790	0.00718
17	0.01178	0.00869	0.01100	0.01042	0.01255	0.00792	0.00782	0.01554	0.02346	0.03262	0.56818	0.06604	0.15640	0.01796	0.01004	0.00270	0.00405	0.01574	0.00917	0.00792
18	0.01607	0.01513	0.02552	0.68047	0.05861	0.01891	0.02363	0.02174	0.01702	0.02174	0.01513	0.02269	0.01134	0.00851	0.00851	0.00284	0.01134	0.00756	0.00378	0.00945
19	0.01192	0.00869	0.01121	0.01058	0.01264	0.00798	0.00793	0.01582	0.02380	0.03344	0.60901	0.06470	0.11507	0.01765	0.01004	0.00269	0.00403	0.01555	0.00928	0.00798
20	0.01006	0.00862	0.00862	0.00862	0.01149	0.00718	0.00647	0.01221	0.01940	0.02299	0.08621	0.08190	0.64438	0.02155	0.01006	0.00287	0.00431	0.01796	0.00790	0.00718
21	0.01882	0.03181	0.30519	0.03099	0.04126	0.02078	0.37083	0.02713	0.01920	0.02713	0.01640	0.02086	0.01202	0.00756	0.00922	0.00280	0.01360	0.00846	0.00401	0.01194
22	0.01808	0.03798	0.49900	0.03135	0.19180	0.01988	0.03009	0.02674	0.01832	0.02717	0.01546	0.01875	0.01146	0.00796	0.00817	0.00265	0.01195	0.00662	0.00375	0.01281
23	0.01006	0.00862	0.00862	0.00862	0.01149	0.00718	0.00647	0.01221	0.01940	0.02299	0.08621	0.08190	0.64438	0.02155	0.01006	0.00287	0.00431	0.01796	0.00790	0.00718
24	0.01607	0.01513	0.02552	0.68047	0.05861	0.01891	0.02363	0.02174	0.01702	0.02174	0.01513	0.02269	0.01134	0.00851	0.00851	0.00284	0.01134	0.00756	0.00378	0.00945
25	0.02106	0.02022	0.03454	0.05223	0.64784	0.02022	0.02612	0.02612	0.01938	0.02780	0.01601	0.02106	0.01348	0.00758	0.00842	0.00253	0.01011	0.00758	0.00421	0.01348
26	0.03112	0.03928	0.02477	0.02383	0.06539	0.62611	0.01705	0.03349	0.02382	0.02127	0.01333	0.01571	0.01112	0.00869	0.00772	0.00221	0.01502	0.00561	0.00437	0.01009
27	0.01048	0.00745	0.00984	0.01170	0.01217	0.00699	0.00774	0.01188	0.01607	0.02142	0.04574	0.65838	0.05482	0.06565	0.01274	0.00373	0.00513	0.02351	0.00774	0.00681
28	0.01958	0.01871	0.03187	0.23833	0.47330	0.01983	0.02538	0.02482	0.01868	0.02601	0.01575	0.02154	0.01285	0.00786	0.00845	0.00262	0.01048	0.00758	0.00408	0.01229
29	0.03235	0.02384	0.02554	0.01958	0.02639	0.02639	0.01618	0.61946	0.04001	0.05363	0.02043	0.02043	0.01447	0.01022	0.00851	0.00255	0.00936	0.00766	0.00851	0.01447
30	0.03182	0.03954	0.02420	0.02178	0.02631	0.62776	0.01643	0.06964	0.02508	0.02283	0.01360	0.01566	0.01118	0.00886	0.00772	0.00221	0.01498	0.00561	0.00464	0.01015
31	0.01211	0.00896	0.01147	0.01159	0.01374	0.00832	0.00919	0.01576	0.02209	0.02989	0.38959	0.07516	0.17517	0.01971	0.01048	0.00303	0.00504	0.16216	0.00871	0.00783
32	0.01127	0.00867	0.01258	0.01328	0.01457	0.00797	0.04348	0.01319	0.01658	0.02232	0.04372	0.62516	0.05176	0.02459	0.01061	0.00332	0.00555	0.02249	0.00756	0.04134
33	0.01216	0.00912	0.01368	0.01368	0.01520	0.01064	0.01064	0.01520	0.01368	0.01976	0.02279	0.03343	0.02127	0.06382	0.66720	0.01368	0.02279	0.00912	0.00456	0.00760
34	0.02106	0.02022	0.03454	0.05223	0.64784	0.02022	0.02612	0.02612	0.01938	0.02780	0.01601	0.02106	0.01348	0.00758	0.00842	0.00253	0.01011	0.00758	0.00421	0.01348
35	0.03086	0.03879	0.02502	0.02456	0.08033	0.61056	0.01728	0.03330	0.02370	0.02143	0.01340	0.01584	0.01118	0.00867	0.00774	0.00222	0.01489	0.00566	0.00437	0.01018
36	0.20965	0.48952	0.07495	0.01432	0.02142	0.02910	0.01427	0.02546	0.01662	0.02506	0.01205	0.01397	0.01048	0.00749	0.00558	0.00208	0.00868	0.00467	0.00405	0.01059
37	0.13132	0.03034	0.02302	0.08239	0.02804	0.34457	0.01606	0.18796	0.02635	0.03208	0.01510	0.01719	0.01169	0.00901	0.00764	0.00241	0.01216	0.00614	0.00555	0.01097
38	0.02106	0.02022	0.03454	0.05223	0.64784	0.02022	0.02612	0.02612	0.01938	0.02780	0.01601	0.02106	0.01348	0.00758	0.00842	0.00253	0.01011	0.00758	0.00421	0.01348
39	0.03195	0.03581	0.02452	0.02126	0.02633	0.48478	0.01637	0.20036	0.02863	0.03015	0.01522	0.01679	0.01196	0.00918	0.00791	0.00230	0.01365	0.00610	0.00556	0.01117
40	0.05224	0.01086	0.01299	0.01147	0.01513	0.00994	0.00894	0.02278	0.04873	0.18230	0.27256	0.05697	0.22915	0.01628	0.00941	0.00273	0.00513	0.01375	0.00900	0.00964

[dist]
# distance from previous block
# <min> <max>
0	1

[block]
# block no. 2 follows, 21 sequences, length 70
# corresponding to MSA columns:
# 69-138
name=unknown_C
#
# <colnr> <probs for GDERKNQSTAVLIFYWHMCP>
#	G	D	E	R	K	N	Q	S	T	A	V	L	I	F	Y	W	H	M	C	P
0	0.01068	0.00787	0.00945	0.01054	0.01153	0.00724	0.00701	0.01204	0.01630	0.02102	0.05278	0.41748	0.19792	0.15712	0.01700	0.00425	0.00543	0.02033	0.00736	0.00664
1	0.01238	0.00825	0.00928	0.00928	0.00928	0.00825	0.00516	0.01238	0.01238	0.01650	0.02681	0.05569	0.03094	0.70092	0.04331	0.00825	0.00825	0.01238	0.00516	0.00516
2	0.03184	0.03912	0.02424	0.02172	0.02632	0.61163	0.01642	0.08438	0.02548	0.02365	0.01378	0.01578	0.01126	0.00889	0.00775	0.00222	0.01483	0.00567	0.00474	0.01026
3	0.02085	0.30972	0.28664	0.01912	0.02782	0.10456	0.02116	0.02649	0.01887	0.02387	0.05613	0.01898	0.01557	0.00847	0.00710	0.00228	0.01093	0.00610	0.00410	0.01126
4	0.01765	0.01513	0.01765	0.01260	0.02017	0.01134	0.01008	0.02143	0.01765	0.02773	0.01513	0.01765	0.01260	0.00630	0.00630	0.00126	0.00630	0.00504	0.00504	0.75295
5	0.01013	0.00832	0.00893	0.00942	0.01170	0.00712	0.00682	0.01212	0.01863	0.02268	0.07649	0.23356	0.49899	0.02282	0.01026	0.00302	0.00447	0.01950	0.00790	0.00712
6	0.01216	0.00912	0.01368	0.01368	0.01520	0.01064	0.01064	0.01520	0.01368	0.01976	0.02279	0.03343	0.02127	0.06382	0.66720	0.01368	0.02279	0.00912	0.00456	0.00760
7	0.02462	0.17842	0.02828	0.01959	0.02401	0.32631	0.04843	0.02734	0.01970	0.02079	0.01472	0.01895	0.01297	0.01891	0.13010	0.00437	0.06222	0.00634	0.00420	0.00973
8	0.01124	0.00853	0.01014	0.01095	0.01269	0.00782	0.00815	0.01341	0.01807	0.02291	0.08831	0.22113	0.28691	0.10819	0.01475	0.00388	0.00564	0.13262	0.00761	0.00704
9	0.01238	0.00825	0.00928	0.00928	0.00928	0.00825	0.00516	0.01238	0.01238	0.01650	0.02681	0.05569	0.03094	0.70092	0.04331	0.00825	0.00825	0.01238	0.00516	0.00516
10	0.01765	0.01513	0.01765	0.01260	0.02017	0.01134	0.01008	0.02143	0.01765	0.02773	0.01513	0.01765	0.01260	0.00630	0.00630	0.00126	0.00630	0.00504	0.00504	0.75295
11	0.01762	0.01309	0.01481	0.01353	0.01670	0.01339	0.01038	0.20081	0.02495	0.03285	0.09720	0.21217	0.17235	0.06507	0.01215	0.00334	0.00652	0.05571	0.00803	0.00935
12	0.02106	0.02022	0.03454	0.05223	0.64784	0.02022	0.02612	0.02612	0.01938	0.02780	0.01601	0.02106	0.01348	0.00758	0.00842	0.00253	0.01011	0.00758	0.00421	0.01348
13	0.01732	0.01159	0.01156	0.01099	0.01337	0.05584	0.00843	0.06180	0.01892	0.02987	0.02514	0.03017	0.02042	0.02170	0.15148	0.00461	0.00927	0.00800	0.48109	0.00845
14	0.01480	0.01159	0.01309	0.01224	0.01525	0.01164	0.00930	0.09234	0.09921	0.03047	0.18581	0.14645	0.25072	0.02088	0.04382	0.00343	0.00622	0.01548	0.00822	0.00904
15	0.02188	0.02170	0.03124	0.07380	0.48381	0.08238	0.02351	0.02903	0.09548	0.02782	0.01799	0.02191	0.01468	0.00823	0.00839	0.00255	0.01025	0.00763	0.00476	0.01295
16	0.06741	0.19684	0.29769	0.01739	0.02553	0.02012	0.01971	0.02342	0.01879	0.02704	0.13473	0.02949	0.06788	0.01053	0.00774	0.00248	0.00916	0.00824	0.00508	0.01073
17	0.02106	0.02022	0.03454	0.05223	0.64784	0.02022	0.02612	0.02612	0.01938	0.02780	0.01601	0.02106	0.01348	0.00758	0.00842	0.00253	0.01011	0.00758	0.00421	0.01348
18	0.02241	0.02277	0.03323	0.04843	0.56982	0.10138	0.02490	0.02710	0.01997	0.02693	0.01565	0.02034	0.01316	0.00773	0.00833	0.00249	0.01077	0.00732	0.00423	0.01303
19	0.01939	0.01439	0.05861	0.01448	0.01865	0.01274	0.01230	0.02806	0.15681	0.14696	0.28442	0.05095	0.04907	0.01494	0.00953	0.00286	0.00624	0.08005	0.00886	0.01070
20	0.01886	0.25250	0.46403	0.02120	0.03211	0.02414	0.02613	0.02649	0.01775	0.02477	0.01419	0.01661	0.01082	0.00783	0.00726	0.00242	0.01148	0.00574	0.00361	0.01206
21	0.01799	0.01614	0.02510	0.05251	0.05488	0.01869	0.10734	0.09476	0.01845	0.02599	0.02011	0.08236	0.01878	0.02766	0.20450	0.00621	0.18390	0.00981	0.00504	0.00979
22	0.01006	0.00862	0.00862	0.00862	0.01149	0.00718	0.00647	0.01221	0.01940	0.02299	0.08621	0.08190	0.64438	0.02155	0.01006	0.00287	0.00431	0.01796	0.00790	0.00718
23	0.02959	0.02175	0.02360	0.01846	0.02444	0.02406	0.01503	0.53616	0.03630	0.04875	0.02104	0.02377	0.01608	0.06209	0.05553	0.00370	0.01020	0.00809	0.00801	0.01336
24	0.01216	0.00912	0.01368	0.01368	0.01520	0.01064	0.01064	0.01520	0.01368	0.01976	0.02279	0.03343	0.02127	0.06382	0.66720	0.01368	0.02279	0.00912	0.00456	0.00760
25	0.01204	0.00870	0.01138	0.01071	0.01271	0.00803	0.00803	0.01606	0.02409	0.03413	0.64335	0.06357	0.08030	0.01740	0.01004	0.00268	0.00401	0.01539	0.00937	0.00803
26	0.02716	0.01883	0.01999	0.01591	0.02120	0.02058	0.01295	0.43063	0.03303	0.04673	0.02274	0.02399	0.01678	0.01012	0.00771	0.00237	0.00766	0.00775	0.24144	0.01241
27	0.01717	0.01624	0.02751	0.54249	0.18802	0.01920	0.02418	0.02270	0.01753	0.02307	0.01532	0.02233	0.01181	0.00830	0.00849	0.00277	0.01107	0.00757	0.00388	0.01034
28	0.01355	0.01006	0.01238	0.01198	0.01416	0.00987	0.00886	0.05891	0.06413	0.03185	0.37804	0.22443	0.09068	0.01911	0.01005	0.00289	0.00483	0.01688	0.00881	0.00852
29	0.02330	0.01780	0.01931	0.01705	0.02208	0.02008	0.01335	0.04475	0.55613	0.11319	0.03450	0.03140	0.02536	0.01142	0.00865	0.00285	0.00680	0.00949	0.00889	0.01360
30	0.03197	0.03526	0.02457	0.02118	0.02633	0.46372	0.01636	0.21962	0.02916	0.03123	0.01546	0.01696	0.01207	0.00923	0.00794	0.00231	0.01345	0.00617	0.00569	0.01133
31	0.01894	0.22777	0.44177	0.02350	0.07543	0.02369	0.02634	0.02648	0.01788	0.02507	0.01436	0.01698	0.01101	0.00782	0.00737	0.00244	0.01143	0.00589	0.00365	0.01218
32	0.01871	0.23566	0.47960	0.02145	0.03249	0.02379	0.02656	0.02653	0.01777	0.02494	0.01428	0.01672	0.01082	0.00785	0.00733	0.00244	0.01157	0.00579	0.00361	0.01210
33	0.02275	0.70604	0.04459	0.01456	0.02184	0.03367	0.01456	0.02548	0.01729	0.02002	0.01183	0.01365	0.01092	0.00728	0.00546	0.00182	0.00910	0.00455	0.00364	0.01092
34	0.01752	0.01102	0.01280	0.01149	0.01515	0.01019	0.00891	0.02307	0.09842	0.15292	0.19682	0.06085	0.31327	0.01715	0.00958	0.00278	0.00513	0.01445	0.00886	0.00962
35	0.01334	0.01084	0.01188	0.01244	0.01397	0.04092	0.00866	0.01813	0.10335	0.02435	0.10803	0.38053	0.08404	0.11129	0.01454	0.00383	0.00599	0.01837	0.00763	0.00788
36	0.01638	0.01083	0.01271	0.01207	0.01457	0.01056	0.00875	0.07016	0.06288	0.09243	0.10258	0.23313	0.15840	0.13634	0.01560	0.00389	0.00605	0.01605	0.00795	0.00867
37	0.01684	0.00888	0.00898	0.00862	0.01089	0.00903	0.00656	0.05542	0.01916	0.03303	0.02733	0.03106	0.02138	0.00993	0.00610	0.00202	0.00429	0.00792	0.70427	0.00832
38	0.01035	0.00749	0.00979	0.01162	0.01228	0.00693	0.00780	0.01187	0.01651	0.02181	0.04966	0.65240	0.09748	0.02630	0.01081	0.00342	0.00489	0.02376	0.00790	0.00693
39	0.02044	0.01958	0.03341	0.13097	0.57399	0.02006	0.02581	0.02557	0.01908	0.02704	0.01590	0.02127	0.01321	0.00770	0.00844	0.00257	0.01026	0.00758	0.00416	0.01298
40	0.02014	0.01928	0.03288	0.16784	0.53941	0.01998	0.02566	0.02531	0.01894	0.02669	0.01585	0.02136	0.01309	0.00775	0.00844	0.00258	0.01034	0.00758	0.00413	0.01274
41	0.01006	0.00862	0.00862	0.00862	0.01149	0.00718	0.00647	0.01221	0.01940	0.02299	0.08621	0.08190	0.64438	0.02155	0.01006	0.00287	0.00431	0.01796	0.00790	0.00718
42	0.01607	0.01509	0.02273	0.02074	0.06368	0.05950	0.13219	0.01929	0.01575	0.02119	0.02088	0.03342	0.02000	0.18246	0.27791	0.00830	0.04819	0.00958	0.00456	0.00847
43	0.01872	0.23661	0.47873	0.02144	0.03247	0.02381	0.02653	0.02652	0.01777	0.02493	0.01427	0.01671	0.01082	0.00785	0.00732	0.00244	0.01157	0.00578	0.00361	0.01210
44	0.01212	0.00987	0.01182	0.01115	0.01329	0.00997	0.00861	0.01495	0.01973	0.02644	0.24356	0.06366	0.33171	0.02071	0.04115	0.00335	0.08917	0.01495	0.04601	0.00777
45	0.01305	0.01054	0.01187	0.01164	0.01429	0.01041	0.00865	0.02035	0.15463	0.02828	0.20539	0.17924	0.26090	0.01927	0.00989	0.00293	0.00489	0.01664	0.00843	0.00872
46	0.02923	0.02044	0.02297	0.01935	0.05133	0.02219	0.01491	0.37754	0.13913	0.12206	0.02482	0.02598	0.01842	0.05862	0.01097	0.00302	0.00859	0.00844	0.00837	0.01360
47	0.02766	0.02966	0.02550	0.09661	0.15879	0.36139	0.01848	0.05577	0.02279	0.06846	0.01633	0.01920	0.01286	0.00873	0.00794	0.00237	0.01251	0.00656	0.03738	0.01101
48	0.01328	0.00966	0.01311	0.01483	0.01690	0.00948	0.01285	0.01698	0.01957	0.02517	0.04997	0.09431	0.12010	0.02327	0.01155	0.00379	0.00742	0.52216	0.00784	0.00776
49	0.01216	0.00912	0.01368	0.01368	0.01520	0.01064	0.01064	0.01520	0.01368	0.01976	0.02279	0.03343	0.02127	0.06382	0.66720	0.01368	0.02279	0.00912	0.00456	0.00760
50	0.02747	0.01696	0.01961	0.01575	0.02113	0.01745	0.01274	0.26793	0.07276	0.20086	0.15471	0.03627	0.07287	0.01260	0.00895	0.00264	0.00721	0.01028	0.00917	0.01261
51	0.02091	0.02444	0.11319	0.04424	0.45357	0.05402	0.08125	0.02648	0.01922	0.02695	0.01566	0.02044	0.01285	0.00801	0.00940	0.00262	0.04230	0.00754	0.00413	0.01280
52	0.02752	0.03249	0.02192	0.01995	0.02387	0.47793	0.01515	0.07075	0.02293	0.02288	0.01578	0.01967	0.01347	0.02096	0.15258	0.00474	0.01656	0.00643	0.00471	0.00969
53	0.01302	0.00923	0.01256	0.01427	0.01576	0.00915	0.01173	0.01607	0.01817	0.02376	0.04306	0.18439	0.04785	0.10903	0.01558	0.00439	0.00744	0.42967	0.00751	0.00736
54	0.01071	0.00826	0.00979	0.01022	0.01210	0.00734	0.00736	0.01318	0.01974	0.02573	0.23064	0.26993	0.30042	0.02199	0.01031	0.00300	0.00442	0.01920	0.00831	0.00734
55	0.01027	0.00869	0.00892	0.00904	0.01186	0.00734	0.00690	0.01253	0.01941	0.02314	0.08377	0.08274	0.60905	0.02167	0.01016	0.00294	0.00452	0.05194	0.00790	0.00722
56	0.05610	0.05910	0.16985	0.04099	0.42620	0.04935	0.02549	0.02657	0.01894	0.02743	0.01532	0.01943	0.01245	0.00775	0.00802	0.00252	0.01067	0.00692	0.00411	0.01280
57	0.01988	0.18008	0.27814	0.03311	0.27334	0.02300	0.02564	0.02630	0.01837	0.02576	0.01480	0.01823	0.01187	0.00771	0.00764	0.00244	0.01085	0.00641	0.00385	0.01257
58	0.01853	0.21476	0.49893	0.02176	0.03297	0.02335	0.02709	0.02657	0.01779	0.02516	0.01438	0.01685	0.01082	0.00788	0.00741	0.00247	0.01168	0.00584	0.00361	0.01215
59	0.01601	0.01156	0.01369	0.01250	0.01392	0.01266	0.00871	0.11522	0.01729	0.02354	0.02419	0.04376	0.02537	0.43224	0.15148	0.00806	0.04617	0.01073	0.00554	0.00738
60	0.01037	0.00741	0.00987	0.01185	0.01234	0.00691	0.00790	0.01185	0.01629	0.02172	0.04690	0.69537	0.05629	0.02666	0.01086	0.00346	0.00494	0.02419	0.00790	0.00691
61	0.02210	0.22582	0.28691	0.02015	0.02854	0.18732	0.02153	0.02768	0.01970	0.02389	0.05105	0.01880	0.01499	0.00859	0.00736	0.00232	0.01180	0.00614	0.00415	0.01116
62	0.02006	0.39259	0.33448	0.01915	0.02894	0.02709	0.02255	0.02618	0.01761	0.02330	0.01346	0.01569	0.01085	0.00766	0.00670	0.00223	0.01075	0.00537	0.00362	0.01171
63	0.01037	0.00741	0.00987	0.01185	0.01234	0.00691	0.00790	0.01185	0.01629	0.02172	0.04690	0.69537	0.05629	0.02666	0.01086	0.00346	0.00494	0.02419	0.00790	0.00691
64	0.01050	0.00746	0.00983	0.01168	0.01214	0.00700	0.00771	0.01189	0.01603	0.02137	0.04554	0.65207	0.05457	0.07230	0.01306	0.00378	0.00516	0.02339	0.00771	0.00679
65	0.03220	0.02833	0.02516	0.02021	0.02637	0.19828	0.01625	0.46230	0.03575	0.04483	0.01848	0.01907	0.01353	0.00983	0.00829	0.00246	0.01097	0.00708	0.00740	0.01324
66	0.01099	0.00866	0.00992	0.00960	0.01207	0.00758	0.00720	0.01402	0.02161	0.02823	0.34853	0.07327	0.37879	0.01960	0.01005	0.00278	0.00417	0.01675	0.00859	0.00758
67	0.01270	0.00867	0.01006	0.01028	0.01067	0.00866	0.00623	0.03630	0.01437	0.01918	0.03119	0.20173	0.03613	0.51816	0.03446	0.00692	0.00753	0.01491	0.00592	0.00593
68	0.01508	0.01136	0.01473	0.01598	0.01846	0.01189	0.01367	0.02271	0.13236	0.02733	0.04314	0.08417	0.04474	0.02131	0.01118	0.00373	0.00763	0.48366	0.00799	0.00887
69	0.01707	0.04402	0.65683	0.02426	0.03683	0.01976	0.03144	0.02695	0.01797	0.02695	0.01527	0.01797	0.01078	0.00809	0.00809	0.00270	0.01258	0.00629	0.00359	0.01258

[dist]
# distance from previous block
# <min> <max>
0	4

[block]
# block no. 3 follows, 21 sequences, length 118
# corresponding to MSA columns:
# 143-260
name=unknown_D
#
# <colnr> <probs for GDERKNQSTAVLIFYWHMCP>
#	G	D	E	R	K	N	Q	S	T	A	V	L	I	F	Y	W	H	M	C	P
0	0.01165	0.00868	0.01083	0.01029	0.01247	0.00786	0.00772	0.01530	0.02316	0.03193	0.53344	0.06718	0.19158	0.01822	0.01004	0.00272	0.00407	0.01590	0.00908	0.00786
1	0.03235	0.02384	0.02554	0.01958	0.02639	0.02639	0.01618	0.61946	0.04001	0.05363	0.02043	0.02043	0.01447	0.01022	0.00851	0.00255	0.00936	0.00766	0.00851	0.01447
2	0.01406	0.00954	0.01228	0.01131	0.01373	0.00897	0.00858	0.01907	0.05563	0.07069	0.57590	0.05988	0.07399	0.01669	0.00988	0.00268	0.00435	0.01469	0.00940	0.00869
3	0.01836	0.01438	0.01679	0.01698	0.05701	0.01516	0.01266	0.06134	0.25444	0.06227	0.04756	0.05593	0.18187	0.01611	0.00961	0.00304	0.00674	0.13077	0.00812	0.01087
4	0.02161	0.01348	0.01407	0.01199	0.01566	0.01437	0.00951	0.22882	0.02557	0.03936	0.02521	0.02779	0.01925	0.01002	0.00684	0.00218	0.00585	0.00784	0.49038	0.01021
5	0.01182	0.00802	0.00945	0.00999	0.01013	0.00788	0.00592	0.01223	0.01346	0.01795	0.03239	0.23321	0.03797	0.51380	0.03431	0.00692	0.00733	0.01566	0.00592	0.00564
6	0.02235	0.02272	0.04371	0.03148	0.03968	0.02194	0.46816	0.14261	0.02385	0.03243	0.01774	0.02219	0.01320	0.00772	0.00955	0.00272	0.01296	0.00932	0.00516	0.05048
7	0.01607	0.01513	0.02552	0.68047	0.05861	0.01891	0.02363	0.02174	0.01702	0.02174	0.01513	0.02269	0.01134	0.00851	0.00851	0.00284	0.01134	0.00756	0.00378	0.00945
8	0.76103	0.01646	0.01251	0.01119	0.01646	0.01909	0.00922	0.02502	0.01448	0.03818	0.01185	0.01382	0.00922	0.00790	0.00527	0.00263	0.00658	0.00461	0.00527	0.00922
9	0.01694	0.01296	0.01478	0.01327	0.01625	0.01358	0.01011	0.15723	0.05679	0.03163	0.14427	0.13244	0.17689	0.09057	0.04257	0.00391	0.03476	0.01406	0.00773	0.00923
10	0.01052	0.00760	0.00996	0.01156	0.01234	0.00704	0.00784	0.01230	0.01725	0.02305	0.10947	0.59900	0.08967	0.02545	0.01074	0.00335	0.00481	0.02297	0.00805	0.00704
11	0.01037	0.00741	0.00987	0.01185	0.01234	0.00691	0.00790	0.01185	0.01629	0.02172	0.04690	0.69537	0.05629	0.02666	0.01086	0.00346	0.00494	0.02419	0.00790	0.00691
12	0.02012	0.01925	0.03283	0.17123	0.53623	0.01997	0.02565	0.02529	0.01893	0.02665	0.01584	0.02137	0.01308	0.00776	0.00844	0.00259	0.01034	0.00758	0.00413	0.01272
13	0.01987	0.02379	0.08366	0.03520	0.07370	0.02163	0.51551	0.02677	0.01949	0.02686	0.01667	0.02230	0.01271	0.00772	0.01094	0.00289	0.05502	0.00954	0.00422	0.01151
14	0.01037	0.00741	0.00987	0.01185	0.01234	0.00691	0.00790	0.01185	0.01629	0.02172	0.04690	0.69537	0.05629	0.02666	0.01086	0.00346	0.00494	0.02419	0.00790	0.00691
15	0.01238	0.00825	0.00928	0.00928	0.00928	0.00825	0.00516	0.01238	0.01238	0.01650	0.02681	0.05569	0.03094	0.70092	0.04331	0.00825	0.00825	0.01238	0.00516	0.00516
16	0.03179	0.04056	0.02412	0.02192	0.02631	0.66676	0.01644	0.03398	0.02412	0.02083	0.01315	0.01535	0.01096	0.00877	0.00767	0.00219	0.01535	0.00548	0.00438	0.00987
17	0.01216	0.00912	0.01368	0.01368	0.01520	0.01064	0.01064	0.01520	0.01368	0.01976	0.02279	0.03343	0.02127	0.06382	0.66720	0.01368	0.02279	0.00912	0.00456	0.00760
18	0.03179	0.04056	0.02412	0.02192	0.02631	0.66676	0.01644	0.03398	0.02412	0.02083	0.01315	0.01535	0.01096	0.00877	0.00767	0.00219	0.01535	0.00548	0.00438	0.00987
19	0.01687	0.01174	0.01334	0.01178	0.01537	0.01124	0.00917	0.10290	0.05069	0.08926	0.24261	0.06054	0.29695	0.01723	0.00964	0.00275	0.00530	0.01449	0.00872	0.00941
20	0.01286	0.00944	0.01252	0.01378	0.01591	0.00911	0.01169	0.01649	0.02017	0.02622	0.13373	0.08915	0.15553	0.02234	0.01123	0.00357	0.00671	0.41374	0.00806	0.00775
21	0.01055	0.00755	0.01004	0.01172	0.01238	0.00704	0.00791	0.01232	0.01716	0.02310	0.11293	0.62543	0.05894	0.02564	0.01077	0.00337	0.00484	0.02322	0.00806	0.00704
22	0.01037	0.00741	0.00987	0.01185	0.01234	0.00691	0.00790	0.01185	0.01629	0.02172	0.04690	0.69537	0.05629	0.02666	0.01086	0.00346	0.00494	0.02419	0.00790	0.00691
23	0.01856	0.01366	0.01328	0.01221	0.01455	0.07866	0.00848	0.02229	0.08662	0.10703	0.03630	0.04915	0.12095	0.35245	0.02584	0.00542	0.00808	0.01168	0.00663	0.00817
24	0.01847	0.02408	0.15301	0.02413	0.02750	0.02435	0.08341	0.02246	0.01474	0.02246	0.01261	0.01894	0.01128	0.01275	0.02215	0.00343	0.48280	0.00749	0.00376	0.01018
25	0.01216	0.00912	0.01368	0.01368	0.01520	0.01064	0.01064	0.01520	0.01368	0.01976	0.02279	0.03343	0.02127	0.06382	0.66720	0.01368	0.02279	0.00912	0.00456	0.00760
26	0.01831	0.01828	0.02656	0.02252	0.02304	0.02493	0.04851	0.02051	0.01343	0.02078	0.01216	0.01971	0.01185	0.01738	0.06467	0.00427	0.61228	0.00768	0.00380	0.00932
27	0.02106	0.02022	0.03454	0.05223	0.64784	0.02022	0.02612	0.02612	0.01938	0.02780	0.01601	0.02106	0.01348	0.00758	0.00842	0.00253	0.01011	0.00758	0.00421	0.01348
28	0.01037	0.00741	0.00987	0.01185	0.01234	0.00691	0.00790	0.01185	0.01629	0.02172	0.04690	0.69537	0.05629	0.02666	0.01086	0.00346	0.00494	0.02419	0.00790	0.00691
29	0.01193	0.00869	0.01121	0.01058	0.01264	0.00798	0.00794	0.01583	0.02381	0.03347	0.61054	0.06465	0.11352	0.01764	0.01004	0.00269	0.00403	0.01554	0.00928	0.00798
30	0.01936	0.01833	0.03149	0.13962	0.44989	0.01881	0.05642	0.02448	0.01909	0.02659	0.01954	0.03068	0.01753	0.00967	0.00894	0.00276	0.01024	0.07988	0.00460	0.01208
31	0.03235	0.02384	0.02554	0.01958	0.02639	0.02639	0.01618	0.61946	0.04001	0.05363	0.02043	0.02043	0.01447	0.01022	0.00851	0.00255	0.00936	0.00766	0.00851	0.01447
32	0.03235	0.02384	0.02554	0.01958	0.02639	0.02639	0.01618	0.61946	0.04001	0.05363	0.02043	0.02043	0.01447	0.01022	0.00851	0.00255	0.00936	0.00766	0.00851	0.01447
33	0.01029	0.00771	0.00956	0.01105	0.01213	0.00698	0.00755	0.01194	0.01706	0.02204	0.05662	0.54378	0.20161	0.02540	0.01066	0.00331	0.00478	0.02265	0.00790	0.00698
34	0.03074	0.01832	0.05439	0.01647	0.02261	0.04240	0.01390	0.06936	0.18150	0.37203	0.06271	0.02987	0.02407	0.01093	0.00860	0.00268	0.00768	0.00889	0.00926	0.01360
35	0.01227	0.00820	0.00931	0.00942	0.00945	0.00818	0.00531	0.01235	0.01259	0.01679	0.02791	0.09056	0.03232	0.66417	0.04155	0.00799	0.00807	0.01302	0.00531	0.00525
36	0.03179	0.04056	0.02412	0.02192	0.02631	0.66676	0.01644	0.03398	0.02412	0.02083	0.01315	0.01535	0.01096	0.00877	0.00767	0.00219	0.01535	0.00548	0.00438	0.00987
37	0.01034	0.00753	0.00974	0.01151	0.01225	0.00694	0.00775	0.01189	0.01662	0.02186	0.05099	0.63153	0.11748	0.02613	0.01078	0.00340	0.00487	0.02354	0.00790	0.00694
38	0.02106	0.02022	0.03454	0.05223	0.64784	0.02022	0.02612	0.02612	0.01938	0.02780	0.01601	0.02106	0.01348	0.00758	0.00842	0.00253	0.01011	0.00758	0.00421	0.01348
39	0.02106	0.02022	0.03454	0.05223	0.64784	0.02022	0.02612	0.02612	0.01938	0.02780	0.01601	0.02106	0.01348	0.00758	0.00842	0.00253	0.01011	0.00758	0.00421	0.01348
40	0.01919	0.02918	0.22955	0.03243	0.04222	0.02100	0.44384	0.02717	0.01946	0.02717	0.01664	0.02148	0.01228	0.00744	0.00946	0.00282	0.01382	0.00893	0.00409	0.01180
41	0.01638	0.01183	0.01338	0.01282	0.01637	0.01169	0.01024	0.02441	0.17143	0.09057	0.06001	0.06692	0.31090	0.01835	0.00989	0.00306	0.00590	0.12791	0.00834	0.00961
42	0.02061	0.02102	0.06214	0.08486	0.58848	0.02013	0.02622	0.02592	0.01919	0.02744	0.01593	0.02101	0.01324	0.00766	0.00841	0.00255	0.01029	0.00752	0.00416	0.01322
43	0.01890	0.02064	0.04292	0.22643	0.04866	0.02075	0.44153	0.02563	0.01918	0.02563	0.01660	0.02288	0.01245	0.00757	0.00959	0.00286	0.01346	0.00931	0.00415	0.01088
44	0.02940	0.10475	0.02640	0.08419	0.02896	0.50724	0.01693	0.06231	0.02357	0.02253	0.01359	0.01614	0.01118	0.00867	0.00757	0.00224	0.01402	0.00570	0.00447	0.01017
45	0.02268	0.36912	0.12938	0.01854	0.02492	0.10060	0.01813	0.05811	0.01861	0.02306	0.01284	0.01577	0.01114	0.00913	0.01040	0.00238	0.13463	0.00562	0.00400	0.01095
46	0.01691	0.01436	0.01494	0.01363	0.01771	0.01533	0.01055	0.06207	0.33181	0.03106	0.05644	0.05309	0.29605	0.01585	0.00926	0.00286	0.00582	0.01316	0.00832	0.01077
47	0.01098	0.00799	0.01048	0.01224	0.01327	0.00749	0.00886	0.01299	0.01725	0.02257	0.05065	0.51671	0.11622	0.02553	0.01095	0.00348	0.00543	0.13191	0.00789	0.00712
48	0.03049	0.03522	0.08877	0.02136	0.02740	0.38311	0.01787	0.23261	0.02890	0.03262	0.01585	0.01734	0.01214	0.00919	0.00800	0.00237	0.01303	0.00631	0.00571	0.01171
49	0.02760	0.03789	0.17333	0.02518	0.09156	0.41378	0.02073	0.03194	0.02221	0.05747	0.01505	0.01728	0.01173	0.00858	0.00789	0.00237	0.01372	0.00605	0.00452	0.01112
50	0.01121	0.00800	0.01070	0.01179	0.01244	0.00810	0.00804	0.01278	0.01487	0.02021	0.03698	0.40561	0.04263	0.16886	0.17945	0.00693	0.01000	0.01814	0.00653	0.00674
51	0.05608	0.01646	0.02221	0.24633	0.03362	0.05125	0.05318	0.04725	0.01828	0.02440	0.03200	0.03559	0.16784	0.01297	0.01260	0.00297	0.14262	0.01000	0.00514	0.00922
52	0.02511	0.06756	0.08498	0.03249	0.23916	0.28331	0.05190	0.03057	0.05855	0.02493	0.01576	0.01883	0.01282	0.00831	0.00803	0.00241	0.01241	0.00671	0.00447	0.01169
53	0.01800	0.03753	0.46988	0.02783	0.03919	0.02031	0.21189	0.02705	0.01862	0.02705	0.01587	0.01950	0.01144	0.00780	0.00869	0.00275	0.01312	0.00745	0.00381	0.01224
54	0.01025	0.00868	0.00889	0.00899	0.01181	0.00732	0.00684	0.01249	0.01941	0.02312	0.08408	0.08263	0.61351	0.02165	0.01015	0.00293	0.00449	0.04765	0.00790	0.00722
55	0.01783	0.11714	0.56216	0.02367	0.03549	0.02140	0.05485	0.02680	0.01798	0.02619	0.01497	0.01770	0.01089	0.00796	0.00788	0.00260	0.01226	0.00626	0.00363	0.01234
56	0.01987	0.01825	0.08686	0.14680	0.18970	0.01621	0.01883	0.02668	0.08411	0.11513	0.03492	0.03603	0.14726	0.01156	0.00879	0.00273	0.00861	0.00997	0.00621	0.01147
57	0.02095	0.02052	0.03628	0.05042	0.58104	0.02036	0.09152	0.02624	0.01946	0.02774	0.01614	0.02127	0.01342	0.00754	0.00860	0.00257	0.01058	0.00785	0.00422	0.01326
58	0.02215	0.02319	0.03063	0.17534	0.40415	0.14750	0.02370	0.02677	0.01983	0.02518	0.01526	0.02027	0.01254	0.00801	0.00829	0.00252	0.01140	0.00716	0.00416	0.01194
59	0.02429	0.07283	0.21486	0.02970	0.18276	0.28122	0.02317	0.02950	0.02076	0.02432	0.01441	0.01744	0.01153	0.00819	0.00786	0.00240	0.01289	0.00619	0.00407	0.01162
60	0.03170	0.01861	0.02839	0.02125	0.02829	0.01791	0.16264	0.15217	0.05725	0.34918	0.02699	0.02594	0.01800	0.00969	0.00892	0.00269	0.00939	0.00880	0.00850	0.01369
61	0.01172	0.01065	0.00997	0.00975	0.01281	0.03780	0.00734	0.01521	0.05706	0.02366	0.07976	0.07583	0.57802	0.02036	0.00986	0.00284	0.00496	0.01689	0.00779	0.00769
62	0.03056	0.03822	0.02532	0.02541	0.09780	0.59239	0.01756	0.03308	0.02357	0.02163	0.01348	0.01600	0.01125	0.00863	0.00776	0.00223	0.01474	0.00572	0.00436	0.01028
63	0.02860	0.19150	0.02933	0.01793	0.02451	0.02717	0.01532	0.42303	0.05899	0.04324	0.02000	0.04689	0.01580	0.01022	0.00786	0.00242	0.00900	0.00765	0.00729	0.01324
64	0.01037	0.00741	0.00987	0.01185	0.01234	0.00691	0.00790	0.01185	0.01629	0.02172	0.04690	0.69537	0.05629	0.02666	0.01086	0.00346	0.00494	0.02419	0.00790	0.00691
65	0.02038	0.01919	0.03063	0.07758	0.49342	0.01978	0.02322	0.02835	0.11587	0.02853	0.02168	0.02525	0.04038	0.00881	0.00853	0.00261	0.00941	0.00831	0.00504	0.01302
66	0.02703	0.02899	0.02516	0.05489	0.14911	0.32020	0.01795	0.14195	0.02544	0.02888	0.02063	0.02543	0.04672	0.01023	0.00836	0.00248	0.01203	0.03784	0.00548	0.01120
67	0.02126	0.03656	0.43608	0.02601	0.09783	0.02145	0.02712	0.17328	0.02356	0.03363	0.01662	0.01890	0.01197	0.00856	0.00823	0.00264	0.01153	0.00676	0.00487	0.01314
68	0.01039	0.00852	0.00916	0.00924	0.01176	0.00729	0.00684	0.01278	0.01984	0.02460	0.16907	0.13543	0.50279	0.02138	0.01013	0.00290	0.00432	0.01813	0.00813	0.00729
69	0.01061	0.00803	0.00980	0.01065	0.01216	0.00722	0.00749	0.01281	0.01880	0.02460	0.17867	0.38348	0.23833	0.02326	0.01045	0.00312	0.00456	0.02054	0.00820	0.00722
70	0.02114	0.12310	0.14862	0.02224	0.09614	0.17985	0.01811	0.05585	0.02031	0.02467	0.02244	0.18459	0.02260	0.01279	0.00836	0.00261	0.01044	0.01049	0.00519	0.01047
71	0.02117	0.01828	0.01924	0.01732	0.02213	0.02117	0.01347	0.04522	0.63246	0.03560	0.03464	0.03175	0.02598	0.01155	0.00866	0.00289	0.00673	0.00962	0.00866	0.01347
72	0.01810	0.19716	0.47395	0.02134	0.03199	0.02247	0.02621	0.02589	0.01755	0.02489	0.01492	0.01790	0.01145	0.01130	0.04773	0.00316	0.01239	0.00605	0.00366	0.01188
73	0.01840	0.07114	0.37569	0.06187	0.03985	0.02110	0.23766	0.02671	0.01863	0.02641	0.01577	0.01974	0.01157	0.00774	0.00866	0.00272	0.01295	0.00759	0.00386	0.01194
74	0.01182	0.00880	0.01132	0.01280	0.01455	0.00830	0.01020	0.01458	0.01857	0.02375	0.05577	0.26970	0.19826	0.02396	0.01107	0.00352	0.00611	0.28163	0.00787	0.00740
75	0.01078	0.00885	0.00963	0.01001	0.01271	0.00770	0.00790	0.01328	0.01944	0.02348	0.07809	0.08468	0.52692	0.02194	0.01039	0.00308	0.00501	0.13092	0.00789	0.00731
76	0.08788	0.03717	0.47369	0.02536	0.03645	0.02005	0.14742	0.02683	0.01807	0.02807	0.01534	0.01858	0.01106	0.00788	0.00821	0.00272	0.01237	0.00689	0.00389	0.01204
77	0.02343	0.03151	0.17653	0.02396	0.03133	0.19449	0.13767	0.06460	0.17304	0.02891	0.02014	0.02178	0.01520	0.00906	0.00853	0.00263	0.01206	0.00771	0.00546	0.01195
78	0.01707	0.04402	0.65683	0.02426	0.03683	0.01976	0.03144	0.02695	0.01797	0.02695	0.01527	0.01797	0.01078	0.00809	0.00809	0.00270	0.01258	0.00629	0.00359	0.01258
79	0.01940	0.01831	0.02992	0.25967	0.38477	0.01988	0.02397	0.02664	0.08238	0.02658	0.01765	0.02272	0.01406	0.00831	0.00848	0.00267	0.01017	0.00779	0.00453	0.01213
80	0.01698	0.01402	0.01827	0.02207	0.16986	0.01407	0.01345	0.02524	0.17083	0.05986	0.04964	0.11415	0.24581	0.01562	0.00932	0.00284	0.00654	0.01351	0.00733	0.01062
81	0.03070	0.03850	0.02517	0.02500	0.08935	0.60118	0.01742	0.03318	0.02364	0.02154	0.01344	0.01593	0.01122	0.00865	0.00775	0.00223	0.01482	0.00569	0.00437	0.01023
82	0.03058	0.01491	0.01838	0.01463	0.01963	0.01438	0.01146	0.15614	0.02470	0.36975	0.02913	0.03377	0.02212	0.18106	0.01714	0.00400	0.00794	0.00931	0.00878	0.01218
83	0.01821	0.03628	0.43713	0.02931	0.07134	0.02033	0.21161	0.02700	0.01869	0.02709	0.01591	0.01967	0.01158	0.00778	0.00871	0.00274	0.01299	0.00751	0.00385	0.01229
84	0.01872	0.01743	0.02883	0.22085	0.32438	0.01862	0.05409	0.02510	0.07338	0.02575	0.02069	0.02571	0.04337	0.01017	0.01015	0.04849	0.00995	0.00836	0.00464	0.01135
85	0.01707	0.04402	0.65683	0.02426	0.03683	0.01976	0.03144	0.02695	0.01797	0.02695	0.01527	0.01797	0.01078	0.00809	0.00809	0.00270	0.01258	0.00629	0.00359	0.01258
86	0.01063	0.00814	0.00983	0.01105	0.01262	0.00734	0.00801	0.01264	0.01784	0.02263	0.06163	0.39458	0.27892	0.02436	0.01066	0.00329	0.00503	0.08579	0.00789	0.00712
87	0.03350	0.02199	0.02440	0.01870	0.02547	0.02365	0.01545	0.50544	0.03692	0.17202	0.02302	0.02212	0.01577	0.01028	0.00852	0.00257	0.00895	0.00784	0.00891	0.01447
88	0.01827	0.03684	0.46914	0.03269	0.22112	0.01990	0.02984	0.02670	0.01839	0.02721	0.01549	0.01890	0.01159	0.00793	0.00819	0.00264	0.01183	0.00668	0.00378	0.01285
89	0.01329	0.01743	0.17087	0.01405	0.01867	0.01093	0.01382	0.01875	0.02258	0.03235	0.48815	0.05230	0.06312	0.01510	0.00955	0.00268	0.00613	0.01314	0.00794	0.00915
90	0.02808	0.03299	0.02397	0.02386	0.08831	0.44166	0.01669	0.03596	0.17396	0.02519	0.01875	0.01998	0.01493	0.00934	0.00799	0.00240	0.01269	0.00672	0.00542	0.01112
91	0.01032	0.00838	0.00919	0.00978	0.01202	0.00725	0.00719	0.01240	0.01864	0.02280	0.07438	0.23422	0.46844	0.02292	0.01034	0.00307	0.00465	0.04895	0.00790	0.00715
92	0.01176	0.01041	0.01025	0.01037	0.01315	0.04105	0.00804	0.01426	0.01991	0.02380	0.10621	0.07948	0.50134	0.02095	0.01017	0.00297	0.00534	0.09529	0.00779	0.00745
93	0.01216	0.00912	0.01368	0.01368	0.01520	0.01064	0.01064	0.01520	0.01368	0.01976	0.02279	0.03343	0.02127	0.06382	0.66720	0.01368	0.02279	0.00912	0.00456	0.00760
94	0.01934	0.02816	0.20011	0.03300	0.04259	0.02109	0.47225	0.02718	0.01956	0.02718	0.01674	0.02172	0.01239	0.00740	0.00956	0.00283	0.01391	0.00912	0.00413	0.01175
95	0.03179	0.04056	0.02412	0.02192	0.02631	0.66676	0.01644	0.03398	0.02412	0.02083	0.01315	0.01535	0.01096	0.00877	0.00767	0.00219	0.01535	0.00548	0.00438	0.00987
96	0.02085	0.02000	0.03415	0.07934	0.62241	0.02016	0.02601	0.02593	0.01928	0.02754	0.01597	0.02113	0.01339	0.00762	0.00843	0.00254	0.01016	0.00758	0.00419	0.01331
97	0.01006	0.00862	0.00862	0.00862	0.01149	0.00718	0.00647	0.01221	0.01940	0.02299	0.08621	0.08190	0.64438	0.02155	0.01006	0.00287	0.00431	0.01796	0.00790	0.00718
98	0.02218	0.63890	0.10669	0.01554	0.02336	0.03226	0.01627	0.02563	0.01736	0.02072	0.01218	0.01409	0.01091	0.00736	0.00573	0.00191	0.00945	0.00473	0.00364	0.01109
99	0.02106	0.02022	0.03454	0.05223	0.64784	0.02022	0.02612	0.02612	0.01938	0.02780	0.01601	0.02106	0.01348	0.00758	0.00842	0.00253	0.01011	0.00758	0.00421	0.01348
100	0.01037	0.00741	0.00987	0.01185	0.01234	0.00691	0.00790	0.01185	0.01629	0.02172	0.04690	0.69537	0.05629	0.02666	0.01086	0.00346	0.00494	0.02419	0.00790	0.00691
101	0.02106	0.02022	0.03454	0.05223	0.64784	0.02022	0.02612	0.02612	0.01938	0.02780	0.01601	0.02106	0.01348	0.00758	0.00842	0.00253	0.01011	0.00758	0.00421	0.01348
102	0.02106	0.02022	0.03454	0.05223	0.64784	0.02022	0.02612	0.02612	0.01938	0.02780	0.01601	0.02106	0.01348	0.00758	0.00842	0.00253	0.01011	0.00758	0.00421	0.01348
103	0.03337	0.03412	0.02304	0.02025	0.02518	0.50509	0.01547	0.03583	0.02418	0.17722	0.01820	0.01871	0.01346	0.00921	0.00789	0.00230	0.01334	0.00624	0.00590	0.01101
