[name]
unknown

[dist]
# distance from previous block
# <min> <max>
0	4

[block]
# block no. 0 follows, 22 sequences, length 46
# corresponding to MSA columns:
# 4-49
name=unknown_A
#
# <colnr> <probs for GDERKNQSTAVLIFYWHMCP>
#	G	D	E	R	K	N	Q	S	T	A	V	L	I	F	Y	W	H	M	C	P
0	0.01339	0.00956	0.01339	0.01530	0.01721	0.00956	0.01339	0.01721	0.01912	0.02486	0.04399	0.09371	0.04781	0.02295	0.01147	0.00382	0.00765	0.60031	0.00765	0.00765
1	0.02050	0.50648	0.23511	0.01713	0.02583	0.02869	0.01929	0.02532	0.01708	0.02163	0.01258	0.01462	0.01062	0.00735	0.00612	0.00204	0.00993	0.00497	0.00354	0.01116
2	0.01841	0.02582	0.15411	0.06310	0.02823	0.17456	0.12018	0.02311	0.01973	0.02335	0.03678	0.03793	0.21559	0.01212	0.00876	0.00261	0.01058	0.01028	0.00517	0.00958
3	0.01027	0.00849	0.00888	0.00904	0.01157	0.00730	0.00681	0.01238	0.01848	0.02221	0.07679	0.07933	0.55922	0.06869	0.01220	0.00325	0.00476	0.06588	0.00752	0.00693
4	0.01813	0.06281	0.43862	0.03199	0.23296	0.01999	0.02837	0.02599	0.01795	0.02630	0.01500	0.01833	0.01137	0.00770	0.00789	0.00254	0.01137	0.00647	0.00370	0.01249
5	0.07764	0.13806	0.01724	0.01144	0.01513	0.05033	0.00931	0.01925	0.05123	0.02701	0.23344	0.05085	0.23949	0.01499	0.00842	0.00251	0.00586	0.01223	0.00704	0.00854
6	0.01221	0.01862	0.21842	0.01543	0.01967	0.01074	0.01503	0.01626	0.01643	0.02283	0.03595	0.48437	0.04079	0.02025	0.00974	0.00314	0.00720	0.01805	0.00637	0.00851
7	0.02059	0.01914	0.02896	0.04013	0.45405	0.02003	0.02156	0.03144	0.21717	0.02957	0.02142	0.02388	0.01705	0.00863	0.00830	0.00258	0.00882	0.00804	0.00550	0.01316
8	0.01870	0.01961	0.06919	0.17385	0.43746	0.01879	0.04865	0.02397	0.01840	0.02562	0.01934	0.02414	0.04879	0.00837	0.00838	0.00257	0.01010	0.00799	0.00420	0.01189
9	0.02471	0.11036	0.23060	0.02080	0.02822	0.19139	0.02059	0.17411	0.02392	0.02992	0.01495	0.01704	0.01149	0.00894	0.00894	0.00245	0.05888	0.00615	0.00489	0.01165
10	0.01086	0.00788	0.01042	0.01218	0.01319	0.00743	0.00893	0.01292	0.01691	0.02217	0.04857	0.50748	0.10325	0.02489	0.01074	0.00343	0.00543	0.15862	0.00770	0.00698
11	0.02822	0.25414	0.02991	0.01911	0.02429	0.47022	0.01547	0.03053	0.02142	0.02008	0.01243	0.01445	0.01069	0.00810	0.00680	0.00202	0.01304	0.00506	0.00405	0.00996
12	0.01754	0.01453	0.01626	0.01554	0.01923	0.01614	0.01244	0.03339	0.40312	0.03136	0.07950	0.05211	0.07408	0.01524	0.00940	0.00306	0.00653	0.16127	0.00825	0.01101
13	0.01513	0.03212	0.45740	0.02039	0.02923	0.01645	0.02422	0.02265	0.01621	0.02407	0.01725	0.02235	0.01379	0.02523	0.22046	0.00605	0.01546	0.00702	0.00381	0.01073
14	0.02303	0.02425	0.03008	0.04119	0.45500	0.17371	0.02224	0.02886	0.07203	0.02618	0.01649	0.02012	0.01360	0.00800	0.00807	0.00242	0.01080	0.00709	0.00451	0.01233
15	0.01350	0.01049	0.01305	0.01104	0.01473	0.00887	0.00848	0.01735	0.02151	0.03132	0.44888	0.04777	0.05733	0.01353	0.00864	0.00217	0.00463	0.01181	0.00780	0.24709
16	0.01829	0.01290	0.01412	0.01226	0.01438	0.01370	0.00846	0.20847	0.02068	0.02766	0.02419	0.04340	0.02508	0.48565	0.03146	0.00628	0.00840	0.01061	0.00608	0.00793
17	0.01407	0.01125	0.01390	0.01321	0.01532	0.04409	0.01021	0.05566	0.01876	0.02594	0.22220	0.04030	0.03819	0.04177	0.38641	0.00866	0.01520	0.01058	0.00619	0.00810
18	0.02382	0.21681	0.18585	0.01931	0.02657	0.05827	0.01928	0.21738	0.02396	0.03174	0.01503	0.01710	0.01176	0.00914	0.00953	0.00244	0.08878	0.00619	0.00510	0.01193
19	0.01030	0.00772	0.00917	0.01021	0.01137	0.00701	0.00689	0.01175	0.01634	0.02089	0.05528	0.41399	0.24198	0.11940	0.01476	0.00384	0.00508	0.02007	0.00734	0.00659
20	0.02950	0.15636	0.02701	0.02016	0.02493	0.56341	0.01573	0.03173	0.02239	0.02020	0.01262	0.01469	0.01069	0.00831	0.00712	0.00208	0.01392	0.00519	0.00415	0.00981
21	0.01375	0.00752	0.01005	0.01005	0.01018	0.00752	0.00642	0.01181	0.01168	0.01611	0.01905	0.03492	0.01993	0.24391	0.03375	0.46700	0.00725	0.00880	0.05595	0.00435
22	0.01811	0.02338	0.15232	0.02477	0.06416	0.02362	0.05938	0.02197	0.01447	0.02207	0.01234	0.01846	0.01107	0.01234	0.02123	0.00332	0.47599	0.00722	0.00367	0.01009
23	0.01858	0.03146	0.35381	0.03568	0.31433	0.01955	0.02762	0.02670	0.04447	0.02704	0.01603	0.01947	0.01233	0.00781	0.00807	0.00257	0.01095	0.00684	0.00399	0.01271
24	0.10047	0.01316	0.06656	0.01341	0.01615	0.01144	0.01075	0.08812	0.01861	0.02721	0.03617	0.48419	0.04105	0.02048	0.00947	0.00311	0.00615	0.01802	0.00714	0.00835
25	0.01813	0.07093	0.07655	0.01550	0.07044	0.01249	0.01226	0.02179	0.02049	0.15078	0.16758	0.05015	0.25089	0.01465	0.00885	0.00259	0.00631	0.01228	0.00747	0.00987
26	0.01067	0.00772	0.01020	0.01199	0.01289	0.00725	0.00860	0.01257	0.01668	0.02193	0.04816	0.55340	0.09562	0.02514	0.01070	0.00341	0.00527	0.12318	0.00770	0.00692
27	0.02168	0.49217	0.04041	0.02593	0.22359	0.02869	0.01781	0.02507	0.01753	0.02196	0.01285	0.01563	0.01146	0.00720	0.00625	0.00200	0.00920	0.00539	0.00373	0.01146
28	0.02504	0.05366	0.06917	0.09698	0.22647	0.26633	0.02056	0.09527	0.02251	0.02648	0.01478	0.01810	0.01188	0.00823	0.00784	0.00236	0.01195	0.00645	0.00454	0.01140
29	0.03019	0.02223	0.02394	0.01863	0.02488	0.02453	0.01527	0.58867	0.03756	0.05034	0.02161	0.06404	0.01676	0.01101	0.00846	0.00255	0.00886	0.00852	0.00827	0.01365
30	0.01541	0.00971	0.01047	0.00980	0.01118	0.00999	0.00652	0.08532	0.01689	0.02501	0.02575	0.04295	0.02551	0.40525	0.02675	0.00547	0.00685	0.01017	0.24407	0.00694
31	0.15258	0.51061	0.03555	0.01427	0.02077	0.08331	0.01339	0.02606	0.01721	0.04593	0.01243	0.01403	0.01073	0.00745	0.00559	0.00197	0.00890	0.00467	0.00413	0.01041
32	0.02024	0.26746	0.06168	0.01661	0.02281	0.02374	0.03914	0.03017	0.21569	0.02628	0.01951	0.02051	0.01570	0.00883	0.00829	0.00223	0.05537	0.00660	0.00537	0.13379
33	0.02468	0.01918	0.02123	0.01584	0.02284	0.01870	0.01293	0.33637	0.02856	0.04020	0.01745	0.01864	0.01325	0.00814	0.00727	0.00189	0.00770	0.00625	0.00668	0.37220
34	0.01572	0.01314	0.01975	0.02487	0.21874	0.01353	0.01466	0.01908	0.01901	0.04849	0.19335	0.16502	0.09008	0.01545	0.01141	0.00284	0.08537	0.01330	0.00656	0.00962
35	0.01747	0.23606	0.02424	0.01447	0.01819	0.06424	0.01226	0.04973	0.01645	0.02108	0.01808	0.02463	0.01652	0.03841	0.38252	0.00835	0.01684	0.00716	0.00434	0.00894
36	0.01909	0.14999	0.32008	0.02123	0.05960	0.02211	0.02199	0.03170	0.21618	0.02787	0.02038	0.02125	0.01540	0.00881	0.00764	0.00253	0.00975	0.00694	0.00512	0.01232
37	0.02298	0.02485	0.03164	0.04036	0.40969	0.18612	0.06470	0.02714	0.01971	0.02488	0.01468	0.01911	0.01234	0.00816	0.00947	0.00249	0.05867	0.00704	0.00413	0.01185
38	0.01118	0.00767	0.00933	0.01021	0.01044	0.00745	0.00627	0.01184	0.01384	0.01846	0.03521	0.35287	0.04160	0.39399	0.02770	0.00590	0.00656	0.01739	0.00627	0.00582
39	0.01716	0.08976	0.59863	0.02342	0.03519	0.02032	0.05106	0.02622	0.01757	0.02584	0.01474	0.01742	0.01061	0.00780	0.00778	0.00258	0.01210	0.00615	0.00354	0.01212
40	0.02095	0.01894	0.02634	0.14337	0.23080	0.05083	0.04435	0.13453	0.02200	0.02998	0.01816	0.06779	0.01562	0.00917	0.00811	0.00238	0.00941	0.00814	0.00521	0.13389
41	0.01208	0.09135	0.01400	0.01168	0.01298	0.01048	0.00835	0.01361	0.01510	0.01995	0.03581	0.43771	0.04171	0.13948	0.09161	0.00510	0.00784	0.01776	0.00640	0.00701
42	0.02113	0.02202	0.05767	0.04788	0.58840	0.06500	0.02505	0.02606	0.01918	0.02664	0.01541	0.02006	0.01289	0.00750	0.00816	0.00245	0.01032	0.00721	0.00410	0.01288
43	0.02070	0.01919	0.02047	0.22991	0.03210	0.11592	0.01576	0.16980	0.05464	0.02963	0.03324	0.03477	0.16557	0.01193	0.00855	0.00262	0.00933	0.00962	0.00610	0.01015
44	0.17420	0.02899	0.22463	0.02024	0.06936	0.13707	0.01873	0.09334	0.02041	0.03096	0.01587	0.01828	0.01207	0.00838	0.00709	0.00242	0.01009	0.00608	0.09092	0.01088
45	0.01865	0.19478	0.21438	0.01916	0.04326	0.09612	0.01886	0.02340	0.01674	0.02181	0.01550	0.02021	0.01330	0.02209	0.17896	0.00516	0.05714	0.00645	0.00387	0.01016

[dist]
# distance from previous block
# <min> <max>
0	1

[block]
# block no. 1 follows, 22 sequences, length 6
# corresponding to MSA columns:
# 51-56
name=unknown_B
#
# <colnr> <probs for GDERKNQSTAVLIFYWHMCP>
#	G	D	E	R	K	N	Q	S	T	A	V	L	I	F	Y	W	H	M	C	P
0	0.30636	0.20187	0.02202	0.01296	0.01833	0.06279	0.01113	0.09185	0.01914	0.03062	0.02529	0.02590	0.12274	0.01019	0.00652	0.00236	0.00754	0.00716	0.00548	0.00972
1	0.01404	0.01203	0.01896	0.10105	0.21999	0.01217	0.01506	0.01705	0.01693	0.02308	0.03276	0.41037	0.03679	0.01814	0.00959	0.00302	0.00712	0.01666	0.00612	0.00905
2	0.01277	0.01011	0.01153	0.01158	0.01362	0.01036	0.00831	0.01892	0.14629	0.02329	0.04795	0.20295	0.20701	0.14140	0.09102	0.00503	0.00755	0.01532	0.00704	0.00794
3	0.02300	0.01737	0.01942	0.01555	0.02093	0.01767	0.01239	0.33331	0.02884	0.03970	0.07696	0.13741	0.02603	0.01239	0.00833	0.00236	0.00729	0.01024	0.00750	0.18331
4	0.10579	0.01813	0.01644	0.01485	0.01828	0.14506	0.01162	0.12755	0.02055	0.02905	0.01948	0.02449	0.01635	0.02856	0.25164	0.00633	0.01401	0.00728	0.11530	0.00926
5	0.02206	0.05822	0.02331	0.09964	0.16973	0.01673	0.01607	0.02884	0.11346	0.16310	0.02307	0.02653	0.01797	0.04890	0.09460	0.00412	0.01014	0.00802	0.00616	0.04933

[dist]
# distance from previous block
# <min> <max>
0	2

[block]
# block no. 2 follows, 22 sequences, length 6
# corresponding to MSA columns:
# 59-64
name=unknown_C
#
# <colnr> <probs for GDERKNQSTAVLIFYWHMCP>
#	G	D	E	R	K	N	Q	S	T	A	V	L	I	F	Y	W	H	M	C	P
0	0.02166	0.40198	0.03540	0.08505	0.08492	0.08197	0.01656	0.02646	0.07005	0.02182	0.01418	0.01694	0.01221	0.00840	0.00832	0.00222	0.07128	0.00576	0.00410	0.01074
1	0.09499	0.07082	0.02011	0.01786	0.04803	0.29090	0.01326	0.02488	0.01843	0.02258	0.01655	0.02142	0.01441	0.02498	0.21300	0.00562	0.01505	0.00654	0.05157	0.00899
2	0.09689	0.09086	0.27805	0.02034	0.02822	0.26336	0.02081	0.02934	0.01973	0.05946	0.01453	0.01645	0.01100	0.00819	0.00730	0.00237	0.01215	0.00567	0.00433	0.01095
3	0.11423	0.08219	0.02376	0.02380	0.17789	0.08360	0.01539	0.13346	0.06504	0.03223	0.08363	0.02877	0.08118	0.01048	0.00784	0.00246	0.00839	0.00843	0.00608	0.01115
4	0.09745	0.09257	0.05253	0.05070	0.07641	0.32244	0.01685	0.14416	0.02410	0.02882	0.01436	0.01651	0.01140	0.00849	0.00734	0.00229	0.01182	0.00588	0.00500	0.01090
5	0.22605	0.02295	0.07515	0.02411	0.16939	0.15981	0.01649	0.02492	0.01744	0.02689	0.01510	0.01944	0.01270	0.01817	0.13345	0.00450	0.01258	0.00633	0.00444	0.01009

[dist]
# distance from previous block
# <min> <max>
49	100

[block]
# block no. 3 follows, 22 sequences, length 44
# corresponding to MSA columns:
# 169-212
name=unknown_D
#
# <colnr> <probs for GDERKNQSTAVLIFYWHMCP>
#	G	D	E	R	K	N	Q	S	T	A	V	L	I	F	Y	W	H	M	C	P
0	0.02143	0.09561	0.07162	0.04497	0.02382	0.24629	0.01599	0.02422	0.01817	0.02116	0.01810	0.13055	0.01819	0.01244	0.01212	0.00265	0.16047	0.00884	0.00459	0.04877
1	0.07335	0.07049	0.02004	0.09895	0.13597	0.01454	0.01341	0.02038	0.01723	0.06620	0.08617	0.12265	0.02794	0.12772	0.01377	0.00344	0.00763	0.01058	0.00571	0.06382
2	0.01665	0.02039	0.12348	0.01608	0.02051	0.10641	0.01443	0.02418	0.12787	0.02436	0.05747	0.03460	0.10037	0.02947	0.23918	0.00633	0.01371	0.00939	0.00560	0.00952
3	0.01876	0.03880	0.49609	0.02795	0.13712	0.08566	0.02836	0.02687	0.01837	0.02584	0.01482	0.01778	0.01098	0.00788	0.00791	0.00255	0.01215	0.00627	0.00369	0.01215
4	0.02220	0.01868	0.08739	0.01874	0.02411	0.01732	0.10032	0.03252	0.20203	0.15153	0.02577	0.02654	0.01893	0.01022	0.01013	0.00269	0.08072	0.00842	0.13007	0.01166
5	0.02039	0.07567	0.22785	0.01882	0.02591	0.20248	0.01866	0.02537	0.01845	0.02315	0.01529	0.01898	0.01257	0.01671	0.11727	0.00397	0.01344	0.00606	0.00412	0.13488
6	0.02353	0.01932	0.01860	0.01483	0.02024	0.12391	0.01146	0.13797	0.02224	0.09713	0.01924	0.02467	0.01622	0.12337	0.01297	0.00289	0.00860	0.00702	0.00605	0.28973
7	0.01019	0.00836	0.00852	0.00852	0.01087	0.00718	0.00610	0.01195	0.01781	0.02140	0.07460	0.07573	0.55025	0.13424	0.01517	0.00367	0.00484	0.01663	0.00727	0.00669
8	0.02001	0.01744	0.02375	0.01718	0.02461	0.01516	0.11237	0.12298	0.02125	0.03120	0.01596	0.01853	0.01266	0.00693	0.00711	0.00170	0.00794	0.00615	0.00537	0.51169
9	0.03065	0.02530	0.02402	0.01906	0.02503	0.13193	0.01537	0.50376	0.03534	0.04551	0.01904	0.02062	0.01426	0.03993	0.00964	0.00268	0.01006	0.00733	0.00750	0.01299
10	0.02239	0.02113	0.01923	0.01714	0.02177	0.12881	0.01329	0.08780	0.43753	0.03279	0.03333	0.03145	0.07370	0.01152	0.00839	0.00268	0.00799	0.00923	0.00769	0.01214
11	0.02016	0.01668	0.01876	0.01419	0.02101	0.01509	0.01137	0.12490	0.12468	0.03252	0.01879	0.01997	0.01478	0.00763	0.00689	0.00170	0.00672	0.00609	0.00607	0.51201
12	0.01026	0.00795	0.00936	0.01002	0.01175	0.00704	0.00713	0.01241	0.01848	0.02376	0.16340	0.32730	0.31668	0.02237	0.01013	0.00300	0.00441	0.01956	0.00795	0.00704
13	0.01493	0.01309	0.02146	0.01795	0.02026	0.01401	0.15342	0.01770	0.01548	0.02223	0.02577	0.18776	0.02715	0.17331	0.02022	0.00419	0.13697	0.01281	0.09331	0.00796
14	0.02500	0.01829	0.02012	0.01661	0.02129	0.01989	0.01317	0.43092	0.03141	0.04204	0.02636	0.15579	0.02467	0.07767	0.01199	0.00322	0.00816	0.03388	0.00787	0.01164
15	0.01347	0.00835	0.01093	0.01093	0.01253	0.00915	0.00836	0.01650	0.01491	0.02386	0.02388	0.03161	0.02069	0.03912	0.37007	0.04354	0.01400	0.00835	0.31241	0.00737
16	0.01556	0.01317	0.05519	0.01238	0.01640	0.01124	0.01048	0.02268	0.13974	0.09084	0.10845	0.06075	0.33291	0.01701	0.00940	0.00283	0.00572	0.05790	0.00795	0.00938
17	0.02443	0.01928	0.02289	0.11243	0.05389	0.01992	0.01536	0.32954	0.02829	0.03908	0.01743	0.01943	0.01309	0.00845	0.00763	0.00214	0.00851	0.00667	0.00644	0.24510
18	0.06294	0.19333	0.15025	0.02186	0.07327	0.27445	0.01888	0.02804	0.01930	0.02265	0.01295	0.01563	0.01077	0.00836	0.00829	0.00229	0.05669	0.00552	0.00395	0.01057
19	0.01590	0.01390	0.01599	0.01845	0.13095	0.06074	0.01157	0.01975	0.04987	0.05765	0.07416	0.10575	0.31267	0.01588	0.00903	0.00262	0.00648	0.01349	0.00684	0.05833
20	0.07429	0.01351	0.01453	0.01227	0.01553	0.01376	0.00883	0.15008	0.04688	0.02822	0.02218	0.03664	0.02194	0.35685	0.02464	0.00507	0.00779	0.00921	0.00589	0.13187
21	0.02180	0.01624	0.01980	0.12621	0.02624	0.01741	0.01402	0.24360	0.02502	0.06018	0.02332	0.13464	0.02082	0.01203	0.00904	0.00252	0.03819	0.00984	0.06292	0.11619
22	0.06616	0.02463	0.21029	0.19206	0.09101	0.01858	0.17129	0.02385	0.01781	0.02562	0.02039	0.02456	0.05958	0.00871	0.00846	0.00270	0.01121	0.00820	0.00420	0.01072
23	0.02071	0.02506	0.13698	0.04427	0.50661	0.06891	0.02564	0.02621	0.01904	0.02649	0.01530	0.01964	0.01254	0.00757	0.00811	0.00247	0.01065	0.00704	0.00403	0.01275
24	0.02076	0.02045	0.03146	0.11190	0.52455	0.06262	0.02405	0.02644	0.04812	0.02645	0.01621	0.02084	0.01336	0.00775	0.00820	0.00249	0.01017	0.00736	0.00428	0.01253
25	0.07172	0.02507	0.09001	0.18078	0.16003	0.15042	0.02040	0.11690	0.05462	0.02916	0.01614	0.01951	0.01243	0.00850	0.00789	0.00252	0.01090	0.00679	0.00491	0.01133
26	0.01604	0.01834	0.09162	0.02746	0.17718	0.01506	0.16621	0.02094	0.01876	0.02527	0.03692	0.07276	0.18349	0.01275	0.00923	0.00274	0.00912	0.05006	0.00544	0.04059
27	0.11736	0.01851	0.13367	0.01466	0.01894	0.06743	0.01366	0.02052	0.01575	0.02506	0.01948	0.02551	0.01653	0.03163	0.29415	0.00708	0.01459	0.00731	0.12938	0.00877
28	0.01735	0.03887	0.55368	0.02849	0.14534	0.01937	0.02978	0.02617	0.01778	0.02646	0.01503	0.01807	0.01099	0.00781	0.00795	0.00260	0.01185	0.00636	0.00361	0.01243
29	0.01040	0.00852	0.00922	0.00928	0.01189	0.00735	0.00712	0.01291	0.01963	0.02425	0.16485	0.07844	0.51798	0.02060	0.00995	0.00286	0.00445	0.06518	0.00792	0.00719
30	0.02056	0.01974	0.03372	0.05099	0.65622	0.01974	0.02550	0.02550	0.01892	0.02714	0.01563	0.02056	0.01316	0.00740	0.00822	0.00247	0.00987	0.00740	0.00411	0.01316
31	0.02056	0.01974	0.03372	0.05099	0.65622	0.01974	0.02550	0.02550	0.01892	0.02714	0.01563	0.02056	0.01316	0.00740	0.00822	0.00247	0.00987	0.00740	0.00411	0.01316
32	0.01549	0.00774	0.00774	0.00774	0.00968	0.00774	0.00581	0.01936	0.01742	0.03097	0.02710	0.03097	0.02129	0.00968	0.00581	0.00194	0.00387	0.00774	0.75416	0.00774
33	0.02555	0.40050	0.06802	0.01767	0.02389	0.29639	0.01584	0.02837	0.01966	0.02023	0.01226	0.01423	0.01067	0.00775	0.00635	0.00197	0.01157	0.00491	0.00385	0.01032
34	0.01208	0.00805	0.00906	0.00906	0.00906	0.00805	0.00503	0.01208	0.01208	0.01611	0.02618	0.05436	0.03020	0.70804	0.04228	0.00805	0.00805	0.01208	0.00503	0.00503
35	0.00982	0.00842	0.00842	0.00842	0.01122	0.00701	0.00631	0.01192	0.01894	0.02244	0.08416	0.07995	0.65285	0.02104	0.00982	0.00281	0.00421	0.01753	0.00771	0.00701
36	0.01931	0.02719	0.23618	0.04223	0.45730	0.01960	0.02716	0.02576	0.01847	0.02687	0.01540	0.01959	0.01231	0.00756	0.00812	0.00252	0.01064	0.00700	0.00392	0.01288
37	0.01666	0.04297	0.66500	0.02368	0.03596	0.01929	0.03069	0.02631	0.01754	0.02631	0.01491	0.01754	0.01052	0.00789	0.00789	0.00263	0.01228	0.00614	0.00351	0.01228
38	0.01114	0.00847	0.01024	0.00980	0.01203	0.00757	0.00735	0.01447	0.02205	0.02983	0.46978	0.06779	0.26262	0.01828	0.00980	0.00267	0.00401	0.01583	0.00869	0.00757
39	0.02456	0.02732	0.02983	0.03969	0.41537	0.26992	0.02189	0.02843	0.02068	0.02454	0.01456	0.01843	0.01222	0.00784	0.00794	0.00234	0.01182	0.00662	0.00418	0.01181
40	0.02699	0.01976	0.02261	0.02030	0.07534	0.02154	0.01507	0.34840	0.17412	0.09407	0.02581	0.07458	0.02025	0.01129	0.00851	0.00264	0.00811	0.00920	0.00811	0.01327
41	0.07984	0.19861	0.25082	0.01829	0.02684	0.02050	0.06434	0.02400	0.01710	0.02543	0.01554	0.05254	0.01327	0.00823	0.00698	0.00220	0.00951	0.00654	0.00420	0.15522
42	0.01767	0.14971	0.18820	0.02343	0.03045	0.02080	0.21352	0.02314	0.01737	0.02376	0.01963	0.13128	0.01857	0.01106	0.01027	0.00275	0.07352	0.00999	0.00444	0.01044
43	0.02626	0.02008	0.02165	0.01705	0.02321	0.02152	0.01384	0.38081	0.16051	0.04362	0.02231	0.02229	0.01649	0.00961	0.00788	0.00233	0.00789	0.00747	0.04005	0.13515

[dist]
# distance from previous block
# <min> <max>
0	1

[block]
# block no. 4 follows, 22 sequences, length 97
# corresponding to MSA columns:
# 214-310
name=unknown_E
#
# <colnr> <probs for GDERKNQSTAVLIFYWHMCP>
#	G	D	E	R	K	N	Q	S	T	A	V	L	I	F	Y	W	H	M	C	P
0	0.02691	0.02256	0.02145	0.01781	0.02279	0.12944	0.01409	0.39611	0.03179	0.04081	0.05058	0.13939	0.02342	0.01283	0.00864	0.00259	0.00914	0.01025	0.00757	0.01183
1	0.01952	0.02038	0.06741	0.09231	0.37109	0.04766	0.02109	0.02434	0.01841	0.02625	0.01515	0.01938	0.01248	0.00724	0.00764	0.00217	0.00939	0.00658	0.00426	0.20728
2	0.01318	0.01016	0.01362	0.15708	0.02239	0.01014	0.01112	0.01673	0.02004	0.05564	0.23428	0.06049	0.27432	0.01668	0.00952	0.00279	0.00596	0.05035	0.00739	0.00812
3	0.02605	0.11108	0.02308	0.01734	0.02162	0.30621	0.01380	0.13154	0.02348	0.02795	0.01673	0.01913	0.01349	0.00923	0.00825	0.00221	0.05305	0.00622	0.15943	0.01011
4	0.01208	0.00805	0.00906	0.00906	0.00906	0.00805	0.00503	0.01208	0.01208	0.01611	0.02618	0.05436	0.03020	0.70804	0.04228	0.00805	0.00805	0.01208	0.00503	0.00503
5	0.01053	0.00844	0.00940	0.00916	0.01166	0.00731	0.00687	0.01330	0.02061	0.02642	0.29171	0.07341	0.44281	0.01956	0.00981	0.00273	0.00410	0.01662	0.00824	0.00731
6	0.01723	0.01477	0.01723	0.01230	0.01969	0.01107	0.00984	0.02092	0.01723	0.02707	0.01477	0.01723	0.01230	0.00615	0.00615	0.00123	0.00615	0.00492	0.00492	0.75883
7	0.02019	0.01652	0.01881	0.01371	0.02094	0.01410	0.01107	0.14617	0.02173	0.03228	0.01583	0.01779	0.01268	0.00694	0.00660	0.00149	0.00677	0.00545	0.00562	0.60531
8	0.01176	0.00849	0.01110	0.01045	0.01241	0.00784	0.00784	0.01568	0.02352	0.03331	0.65184	0.06206	0.07839	0.01698	0.00980	0.00261	0.00392	0.01502	0.00914	0.00784
9	0.02433	0.55119	0.03873	0.01594	0.02237	0.18712	0.01466	0.02687	0.01848	0.01973	0.01186	0.01372	0.01067	0.00746	0.00585	0.00186	0.01035	0.00466	0.00373	0.01041
10	0.00982	0.00842	0.00842	0.00842	0.01122	0.00701	0.00631	0.01192	0.01894	0.02244	0.08416	0.07995	0.65285	0.02104	0.00982	0.00281	0.00421	0.01753	0.00771	0.00701
11	0.01012	0.00723	0.00964	0.01157	0.01205	0.00675	0.00771	0.01157	0.01591	0.02121	0.04579	0.70262	0.05495	0.02603	0.01060	0.00337	0.00482	0.02362	0.00771	0.00675
12	0.01187	0.00890	0.01335	0.01335	0.01483	0.01038	0.01038	0.01483	0.01335	0.01928	0.02225	0.03264	0.02077	0.06231	0.67512	0.01335	0.02225	0.00890	0.00445	0.00742
13	0.02221	0.71304	0.04353	0.01421	0.02132	0.03287	0.01421	0.02488	0.01688	0.01955	0.01155	0.01333	0.01066	0.00711	0.00533	0.00178	0.00888	0.00444	0.00355	0.01066
14	0.02404	0.34132	0.16996	0.01847	0.02593	0.19069	0.01834	0.07889	0.02059	0.02400	0.01331	0.01521	0.01094	0.00789	0.00668	0.00211	0.01117	0.00529	0.00413	0.01104
15	0.01751	0.03794	0.52816	0.02960	0.17041	0.01939	0.02957	0.02613	0.01784	0.02649	0.01506	0.01819	0.01109	0.00779	0.00796	0.00260	0.01176	0.00641	0.00364	0.01247
16	0.02056	0.01974	0.03372	0.05099	0.65622	0.01974	0.02550	0.02550	0.01892	0.02714	0.01563	0.02056	0.01316	0.00740	0.00822	0.00247	0.00987	0.00740	0.00411	0.01316
17	0.01176	0.00849	0.01110	0.01045	0.01241	0.00784	0.00784	0.01568	0.02352	0.03331	0.65184	0.06206	0.07839	0.01698	0.00980	0.00261	0.00392	0.01502	0.00914	0.00784
18	0.01050	0.00811	0.00958	0.00992	0.01182	0.00719	0.00717	0.01298	0.01950	0.02544	0.24795	0.24806	0.30958	0.02118	0.01003	0.00290	0.00429	0.01846	0.00815	0.00719
19	0.01208	0.00805	0.00906	0.00906	0.00906	0.00805	0.00503	0.01208	0.01208	0.01611	0.02618	0.05436	0.03020	0.70804	0.04228	0.00805	0.00805	0.01208	0.00503	0.00503
20	0.01070	0.00772	0.01057	0.01188	0.01259	0.00778	0.00824	0.01245	0.01500	0.02039	0.03842	0.48743	0.04449	0.07787	0.18606	0.00627	0.00957	0.01906	0.00669	0.00682
21	0.01208	0.00805	0.00906	0.00906	0.00906	0.00805	0.00503	0.01208	0.01208	0.01611	0.02618	0.05436	0.03020	0.70804	0.04228	0.00805	0.00805	0.01208	0.00503	0.00503
22	0.01208	0.00805	0.00906	0.00906	0.00906	0.00805	0.00503	0.01208	0.01208	0.01611	0.02618	0.05436	0.03020	0.70804	0.04228	0.00805	0.00805	0.01208	0.00503	0.00503
23	0.00982	0.00842	0.00842	0.00842	0.01122	0.00701	0.00631	0.01192	0.01894	0.02244	0.08416	0.07995	0.65285	0.02104	0.00982	0.00281	0.00421	0.01753	0.00771	0.00701
24	0.03158	0.02327	0.02493	0.01911	0.02576	0.02576	0.01579	0.62852	0.03906	0.05236	0.01995	0.01995	0.01413	0.00997	0.00831	0.00249	0.00914	0.00748	0.00831	0.01413
25	0.76672	0.01607	0.01221	0.01092	0.01607	0.01864	0.00900	0.02442	0.01414	0.03727	0.01157	0.01350	0.00900	0.00771	0.00514	0.00257	0.00643	0.00450	0.00514	0.00900
26	0.02505	0.35445	0.06234	0.01747	0.02332	0.30216	0.01538	0.02790	0.02013	0.02102	0.05069	0.01715	0.01474	0.00835	0.00663	0.00202	0.01132	0.00554	0.00419	0.01013
27	0.01012	0.00723	0.00964	0.01157	0.01205	0.00675	0.00771	0.01157	0.01591	0.02121	0.04579	0.70262	0.05495	0.02603	0.01060	0.00337	0.00482	0.02362	0.00771	0.00675
28	0.01821	0.03251	0.35764	0.03077	0.09568	0.02003	0.27152	0.02636	0.01850	0.02651	0.01574	0.01979	0.01161	0.00749	0.00870	0.00268	0.01276	0.00774	0.00384	0.01192
29	0.03103	0.03959	0.02354	0.02140	0.02568	0.67469	0.01605	0.03317	0.02354	0.02033	0.01284	0.01498	0.01070	0.00856	0.00749	0.00214	0.01498	0.00535	0.00428	0.00963
30	0.01208	0.00805	0.00906	0.00906	0.00906	0.00805	0.00503	0.01208	0.01208	0.01611	0.02618	0.05436	0.03020	0.70804	0.04228	0.00805	0.00805	0.01208	0.00503	0.00503
31	0.02787	0.03067	0.02471	0.02239	0.05405	0.36987	0.01690	0.15269	0.02418	0.02718	0.01401	0.01696	0.01157	0.01009	0.01198	0.00255	0.16048	0.00630	0.00496	0.01060
32	0.01068	0.00845	0.00960	0.00932	0.01175	0.00738	0.00699	0.01358	0.02096	0.02725	0.33506	0.07204	0.39895	0.01925	0.00981	0.00272	0.00408	0.01642	0.00835	0.00738
33	0.02462	0.01966	0.02638	0.02050	0.02626	0.02092	0.13955	0.27666	0.16161	0.06561	0.02363	0.02742	0.01849	0.09487	0.01280	0.00331	0.00936	0.00897	0.00718	0.01220
34	0.02773	0.02090	0.02249	0.01806	0.02382	0.02320	0.01461	0.46812	0.14800	0.04645	0.02471	0.08036	0.01969	0.01158	0.00853	0.00263	0.00830	0.00921	0.00829	0.01332
35	0.02813	0.03360	0.06233	0.02024	0.02518	0.44167	0.01618	0.12348	0.07506	0.02682	0.01773	0.05848	0.01506	0.01000	0.00791	0.00235	0.01263	0.00715	0.00539	0.01060
36	0.02867	0.22020	0.02890	0.01947	0.02451	0.50256	0.01556	0.03095	0.02176	0.02012	0.01249	0.01454	0.01069	0.00817	0.00691	0.00204	0.01335	0.00511	0.00409	0.00991
37	0.03103	0.03959	0.02354	0.02140	0.02568	0.67469	0.01605	0.03317	0.02354	0.02033	0.01284	0.01498	0.01070	0.00856	0.00749	0.00214	0.01498	0.00535	0.00428	0.00963
38	0.01187	0.00890	0.01335	0.01335	0.01483	0.01038	0.01038	0.01483	0.01335	0.01928	0.02225	0.03264	0.02077	0.06231	0.67512	0.01335	0.02225	0.00890	0.00445	0.00742
39	0.01049	0.00828	0.00945	0.00949	0.01172	0.00724	0.00699	0.01309	0.02001	0.02579	0.26251	0.15725	0.38741	0.02039	0.00992	0.00282	0.00420	0.01753	0.00818	0.00724
40	0.02066	0.01785	0.01878	0.01691	0.02160	0.02066	0.01315	0.04414	0.64121	0.03475	0.03381	0.03099	0.02536	0.01127	0.00845	0.00282	0.00657	0.00939	0.00845	0.01315
41	0.00982	0.00842	0.00842	0.00842	0.01122	0.00701	0.00631	0.01192	0.01894	0.02244	0.08416	0.07995	0.65285	0.02104	0.00982	0.00281	0.00421	0.01753	0.00771	0.00701
42	0.03158	0.02327	0.02493	0.01911	0.02576	0.02576	0.01579	0.62852	0.03906	0.05236	0.01995	0.01995	0.01413	0.00997	0.00831	0.00249	0.00914	0.00748	0.00831	0.01413
43	0.76672	0.01607	0.01221	0.01092	0.01607	0.01864	0.00900	0.02442	0.01414	0.03727	0.01157	0.01350	0.00900	0.00771	0.00514	0.00257	0.00643	0.00450	0.00514	0.00900
44	0.02060	0.02757	0.16616	0.20530	0.23540	0.15432	0.02404	0.02614	0.01897	0.02401	0.01467	0.01917	0.01154	0.00798	0.00802	0.00251	0.01176	0.00670	0.00391	0.01121
45	0.02056	0.01974	0.03372	0.05099	0.65622	0.01974	0.02550	0.02550	0.01892	0.02714	0.01563	0.02056	0.01316	0.00740	0.00822	0.00247	0.00987	0.00740	0.00411	0.01316
46	0.01006	0.00843	0.00874	0.00866	0.01137	0.00711	0.00650	0.01238	0.01949	0.02377	0.15346	0.07777	0.58272	0.02054	0.00982	0.00278	0.00417	0.01723	0.00789	0.00711
47	0.01723	0.01477	0.01723	0.01230	0.01969	0.01107	0.00984	0.02092	0.01723	0.02707	0.01477	0.01723	0.01230	0.00615	0.00615	0.00123	0.00615	0.00492	0.00492	0.75883
48	0.01187	0.00890	0.01335	0.01335	0.01483	0.01038	0.01038	0.01483	0.01335	0.01928	0.02225	0.03264	0.02077	0.06231	0.67512	0.01335	0.02225	0.00890	0.00445	0.00742
49	0.02054	0.48085	0.11882	0.01882	0.02649	0.02800	0.12103	0.02475	0.01739	0.02166	0.01440	0.04641	0.01297	0.00804	0.00665	0.00213	0.01000	0.00643	0.00385	0.01078
50	0.01456	0.03858	0.01303	0.01103	0.01388	0.00984	0.00850	0.01909	0.06035	0.08650	0.38715	0.08759	0.18447	0.01686	0.00944	0.00266	0.00467	0.01454	0.00861	0.00863
51	0.01906	0.02078	0.03994	0.02993	0.03509	0.02272	0.39187	0.02406	0.01696	0.02406	0.01453	0.02078	0.01195	0.00991	0.01653	0.00312	0.27552	0.00883	0.00398	0.01039
52	0.01905	0.16812	0.03247	0.28712	0.28909	0.02209	0.02212	0.02373	0.01759	0.02323	0.01441	0.01960	0.01182	0.00768	0.00763	0.00243	0.01012	0.00675	0.00383	0.01111
53	0.01466	0.01018	0.01238	0.01160	0.01241	0.01185	0.00850	0.01669	0.01430	0.02272	0.02297	0.03641	0.02210	0.25605	0.06463	0.00513	0.15581	0.00922	0.28531	0.00708
54	0.03162	0.01689	0.01939	0.01586	0.02161	0.05599	0.01275	0.04119	0.21941	0.42342	0.03187	0.02831	0.02147	0.01049	0.00833	0.00262	0.00740	0.00850	0.00933	0.01355
55	0.03077	0.06664	0.02484	0.02047	0.02550	0.47412	0.01590	0.18940	0.02731	0.02872	0.01465	0.01621	0.01160	0.00886	0.00761	0.00222	0.01316	0.00587	0.00531	0.01086
56	0.01187	0.00890	0.01335	0.01335	0.01483	0.01038	0.01038	0.01483	0.01335	0.01928	0.02225	0.03264	0.02077	0.06231	0.67512	0.01335	0.02225	0.00890	0.00445	0.00742
57	0.01183	0.00852	0.01173	0.01185	0.01280	0.00941	0.00849	0.01374	0.01310	0.01838	0.02498	0.08122	0.02594	0.26869	0.42943	0.01102	0.01658	0.01084	0.00484	0.00661
58	0.03158	0.02327	0.02493	0.01911	0.02576	0.02576	0.01579	0.62852	0.03906	0.05236	0.01995	0.01995	0.01413	0.00997	0.00831	0.00249	0.00914	0.00748	0.00831	0.01413
59	0.01739	0.01701	0.02393	0.02075	0.02094	0.02356	0.01720	0.01935	0.01280	0.01990	0.01233	0.01999	0.01214	0.02052	0.10840	0.00485	0.60885	0.00747	0.00374	0.00888
60	0.01666	0.04297	0.66500	0.02368	0.03596	0.01929	0.03069	0.02631	0.01754	0.02631	0.01491	0.01754	0.01052	0.00789	0.00789	0.00263	0.01228	0.00614	0.00351	0.01228
61	0.00982	0.00842	0.00842	0.00842	0.01122	0.00701	0.00631	0.01192	0.01894	0.02244	0.08416	0.07995	0.65285	0.02104	0.00982	0.00281	0.00421	0.01753	0.00771	0.00701
62	0.02019	0.01870	0.02933	0.15594	0.41932	0.01992	0.02262	0.05363	0.12202	0.02844	0.01866	0.02253	0.01485	0.00831	0.00828	0.00258	0.00951	0.00773	0.00493	0.01251
63	0.21643	0.01795	0.02342	0.02963	0.28852	0.01922	0.01723	0.03088	0.17597	0.07116	0.02025	0.02184	0.01563	0.00864	0.00749	0.00259	0.00796	0.00721	0.00587	0.01213
64	0.76672	0.01607	0.01221	0.01092	0.01607	0.01864	0.00900	0.02442	0.01414	0.03727	0.01157	0.01350	0.00900	0.00771	0.00514	0.00257	0.00643	0.00450	0.00514	0.00900
65	0.01253	0.05257	0.01486	0.01304	0.01474	0.01158	0.01016	0.01522	0.01346	0.01903	0.02192	0.03329	0.02095	0.11410	0.57939	0.01218	0.02021	0.00890	0.00444	0.00741
66	0.01208	0.00805	0.00906	0.00906	0.00906	0.00805	0.00503	0.01208	0.01208	0.01611	0.02618	0.05436	0.03020	0.70804	0.04228	0.00805	0.00805	0.01208	0.00503	0.00503
67	0.01137	0.00859	0.01117	0.05265	0.01503	0.00819	0.00870	0.01427	0.01960	0.02636	0.29718	0.22591	0.16304	0.05080	0.01147	0.00316	0.00505	0.05215	0.00792	0.00737
68	0.01569	0.01477	0.02492	0.68808	0.05722	0.01846	0.02307	0.02123	0.01661	0.02123	0.01477	0.02215	0.01107	0.00831	0.00831	0.00277	0.01107	0.00738	0.00369	0.00923
69	0.02351	0.01926	0.02039	0.01748	0.02269	0.02199	0.01384	0.19671	0.48401	0.03935	0.03019	0.02811	0.02243	0.01093	0.00842	0.00273	0.00724	0.00889	0.00842	0.01340
70	0.01187	0.00890	0.01335	0.01335	0.01483	0.01038	0.01038	0.01483	0.01335	0.01928	0.02225	0.03264	0.02077	0.06231	0.67512	0.01335	0.02225	0.00890	0.00445	0.00742
71	0.01245	0.00800	0.00994	0.01039	0.01138	0.00826	0.00721	0.01453	0.01467	0.02193	0.02999	0.19409	0.03129	0.20553	0.18593	0.00673	0.00982	0.01285	0.19826	0.00673
72	0.01208	0.00805	0.00906	0.00906	0.00906	0.00805	0.00503	0.01208	0.01208	0.01611	0.02618	0.05436	0.03020	0.70804	0.04228	0.00805	0.00805	0.01208	0.00503	0.00503
73	0.01382	0.01006	0.01371	0.01540	0.01748	0.01023	0.01337	0.01883	0.05647	0.02546	0.04337	0.08994	0.04646	0.02225	0.01129	0.00376	0.00759	0.56483	0.00770	0.00798
74	0.02056	0.01974	0.03372	0.05099	0.65622	0.01974	0.02550	0.02550	0.01892	0.02714	0.01563	0.02056	0.01316	0.00740	0.00822	0.00247	0.00987	0.00740	0.00411	0.01316
75	0.02103	0.02010	0.07605	0.01737	0.02463	0.01736	0.06412	0.15551	0.12930	0.03369	0.01932	0.02062	0.01481	0.00806	0.00745	0.00202	0.00802	0.00674	0.00607	0.34772
76	0.01044	0.00832	0.00859	0.00859	0.01062	0.00730	0.00596	0.01197	0.01704	0.02069	0.06811	0.07287	0.48050	0.21120	0.01880	0.00426	0.00527	0.01602	0.00697	0.00647
77	0.02119	0.49111	0.08357	0.02023	0.02800	0.02893	0.17497	0.02542	0.01763	0.02181	0.01313	0.01596	0.01116	0.00713	0.00666	0.00210	0.01043	0.00595	0.00372	0.01090
78	0.02001	0.02204	0.07783	0.04413	0.41968	0.02012	0.21992	0.02591	0.01905	0.02692	0.01596	0.02097	0.01282	0.00730	0.00871	0.00259	0.01136	0.00810	0.00410	0.01247
79	0.01666	0.04297	0.66500	0.02368	0.03596	0.01929	0.03069	0.02631	0.01754	0.02631	0.01491	0.01754	0.01052	0.00789	0.00789	0.00263	0.01228	0.00614	0.00351	0.01228
80	0.02270	0.02419	0.03038	0.10326	0.44420	0.18166	0.02293	0.02700	0.01984	0.02490	0.01486	0.01933	0.01236	0.00777	0.00805	0.00241	0.01125	0.00689	0.00411	0.01192
81	0.00982	0.00842	0.00842	0.00842	0.01122	0.00701	0.00631	0.01192	0.01894	0.02244	0.08416	0.07995	0.65285	0.02104	0.00982	0.00281	0.00421	0.01753	0.00771	0.00701
82	0.01600	0.01506	0.02265	0.23531	0.03174	0.01992	0.01807	0.01927	0.01412	0.02024	0.01461	0.02259	0.01310	0.02288	0.16157	0.00546	0.32713	0.00766	0.00383	0.00877
83	0.01187	0.00890	0.01335	0.01335	0.01483	0.01038	0.01038	0.01483	0.01335	0.01928	0.02225	0.03264	0.02077	0.06231	0.67512	0.01335	0.02225	0.00890	0.00445	0.00742
84	0.01666	0.04297	0.66500	0.02368	0.03596	0.01929	0.03069	0.02631	0.01754	0.02631	0.01491	0.01754	0.01052	0.00789	0.00789	0.00263	0.01228	0.00614	0.00351	0.01228
85	0.01819	0.01866	0.03000	0.02428	0.02617	0.02379	0.14958	0.02119	0.01424	0.02139	0.01271	0.01976	0.01173	0.01512	0.05347	0.00390	0.51465	0.00789	0.00380	0.00947
86	0.02156	0.02274	0.02922	0.21091	0.36316	0.16138	0.02282	0.02604	0.01932	0.02412	0.01480	0.01977	0.01208	0.00789	0.00809	0.00248	0.01129	0.00695	0.00404	0.01137
87	0.02581	0.21060	0.02863	0.01925	0.02345	0.37264	0.01567	0.02807	0.01960	0.02003	0.01259	0.01583	0.01116	0.01147	0.03885	0.00277	0.12430	0.00558	0.00399	0.00972
88	0.76672	0.01607	0.01221	0.01092	0.01607	0.01864	0.00900	0.02442	0.01414	0.03727	0.01157	0.01350	0.00900	0.00771	0.00514	0.00257	0.00643	0.00450	0.00514	0.00900
89	0.01119	0.00847	0.01032	0.00986	0.01206	0.00760	0.00739	0.01458	0.02218	0.03014	0.48627	0.06727	0.24594	0.01817	0.00980	0.00267	0.00400	0.01576	0.00873	0.00760
90	0.01230	0.00939	0.01159	0.01191	0.01425	0.00896	0.00961	0.01686	0.05784	0.02751	0.25103	0.07588	0.22503	0.01979	0.01029	0.00309	0.00542	0.21319	0.00820	0.00786
91	0.02044	0.02006	0.03559	0.04904	0.58141	0.01989	0.09881	0.02563	0.01900	0.02708	0.01577	0.02079	0.01309	0.00735	0.00842	0.00251	0.01037	0.00770	0.00412	0.01292
92	0.01072	0.00845	0.00967	0.00937	0.01178	0.00740	0.00703	0.01368	0.02108	0.02752	0.34939	0.07159	0.38445	0.01914	0.00981	0.00272	0.00407	0.01636	0.00838	0.00740
93	0.01252	0.00827	0.01066	0.01084	0.01191	0.00886	0.00771	0.01470	0.01407	0.02098	0.02647	0.09884	0.02660	0.22849	0.30046	0.00862	0.01292	0.01088	0.15946	0.00676
94	0.01164	0.00849	0.01094	0.01032	0.01234	0.00779	0.00774	0.01544	0.02323	0.03264	0.61657	0.06317	0.11407	0.01724	0.00980	0.00262	0.00394	0.01518	0.00906	0.00779
95	0.01192	0.00868	0.01223	0.01223	0.01333	0.00978	0.00899	0.01412	0.01302	0.01846	0.02328	0.03831	0.02323	0.23089	0.50990	0.01197	0.01855	0.00973	0.00460	0.00680
96	0.01091	0.00859	0.00995	0.01081	0.01255	0.00804	0.00764	0.01449	0.07055	0.02284	0.05954	0.40537	0.28269	0.02284	0.01012	0.00311	0.00473	0.02006	0.00778	0.00740

[dist]
# distance from previous block
# <min> <max>
0	6

# created by:
# /home/cegg/simao/soft/augustus-3.2.1/scripts/msa2prfl.pl ./align_prep/11048.fa
