[name]
unknown

[dist]
# distance from previous block
# <min> <max>
0	0

[block]
# block no. 0 follows, 22 sequences, length 52
# corresponding to MSA columns:
# 0-51
name=unknown_A
#
# <colnr> <probs for GDERKNQSTAVLIFYWHMCP>
#	G	D	E	R	K	N	Q	S	T	A	V	L	I	F	Y	W	H	M	C	P
0	0.01339	0.00956	0.01339	0.01530	0.01721	0.00956	0.01339	0.01721	0.01912	0.02486	0.04399	0.09371	0.04781	0.02295	0.01147	0.00382	0.00765	0.60031	0.00765	0.00765
1	0.02221	0.71304	0.04353	0.01421	0.02132	0.03287	0.01421	0.02488	0.01688	0.01955	0.01155	0.01333	0.01066	0.00711	0.00533	0.00178	0.00888	0.00444	0.00355	0.01066
2	0.01723	0.01477	0.01723	0.01230	0.01969	0.01107	0.00984	0.02092	0.01723	0.02707	0.01477	0.01723	0.01230	0.00615	0.00615	0.00123	0.00615	0.00492	0.00492	0.75883
3	0.01187	0.00890	0.01335	0.01335	0.01483	0.01038	0.01038	0.01483	0.01335	0.01928	0.02225	0.03264	0.02077	0.06231	0.67512	0.01335	0.02225	0.00890	0.00445	0.00742
4	0.02056	0.01974	0.03372	0.05099	0.65622	0.01974	0.02550	0.02550	0.01892	0.02714	0.01563	0.02056	0.01316	0.00740	0.00822	0.00247	0.00987	0.00740	0.00411	0.01316
5	0.01208	0.00805	0.00906	0.00906	0.00906	0.00805	0.00503	0.01208	0.01208	0.01611	0.02618	0.05436	0.03020	0.70804	0.04228	0.00805	0.00805	0.01208	0.00503	0.00503
6	0.03103	0.03959	0.02354	0.02140	0.02568	0.67469	0.01605	0.03317	0.02354	0.02033	0.01284	0.01498	0.01070	0.00856	0.00749	0.00214	0.01498	0.00535	0.00428	0.00963
7	0.03158	0.02327	0.02493	0.01911	0.02576	0.02576	0.01579	0.62852	0.03906	0.05236	0.01995	0.01995	0.01413	0.00997	0.00831	0.00249	0.00914	0.00748	0.00831	0.01413
8	0.01443	0.00722	0.01082	0.01082	0.01082	0.00722	0.00722	0.01082	0.01082	0.01443	0.01443	0.02525	0.01443	0.02886	0.03247	0.75830	0.00722	0.00722	0.00361	0.00361
9	0.00982	0.00842	0.00842	0.00842	0.01122	0.00701	0.00631	0.01192	0.01894	0.02244	0.08416	0.07995	0.65285	0.02104	0.00982	0.00281	0.00421	0.01753	0.00771	0.00701
10	0.01569	0.01477	0.02492	0.68808	0.05722	0.01846	0.02307	0.02123	0.01661	0.02123	0.01477	0.02215	0.01107	0.00831	0.00831	0.00277	0.01107	0.00738	0.00369	0.00923
11	0.00988	0.00818	0.00866	0.00903	0.01138	0.00696	0.00659	0.01185	0.01834	0.02220	0.07663	0.20218	0.53548	0.02202	0.00997	0.00292	0.00433	0.01873	0.00771	0.00696
12	0.01012	0.00723	0.00964	0.01157	0.01205	0.00675	0.00771	0.01157	0.01591	0.02121	0.04579	0.70262	0.05495	0.02603	0.01060	0.00337	0.00482	0.02362	0.00771	0.00675
13	0.00982	0.00842	0.00842	0.00842	0.01122	0.00701	0.00631	0.01192	0.01894	0.02244	0.08416	0.07995	0.65285	0.02104	0.00982	0.00281	0.00421	0.01753	0.00771	0.00701
14	0.02790	0.01894	0.02037	0.01607	0.02154	0.02058	0.01313	0.44624	0.03288	0.07964	0.02240	0.02312	0.01625	0.00992	0.00769	0.00236	0.00773	0.00759	0.19312	0.01255
15	0.01037	0.00733	0.00957	0.01125	0.01167	0.00691	0.00737	0.01163	0.01542	0.02056	0.04330	0.62050	0.05181	0.11243	0.01462	0.00397	0.00523	0.02216	0.00737	0.00653
16	0.01549	0.00774	0.00774	0.00774	0.00968	0.00774	0.00581	0.01936	0.01742	0.03097	0.02710	0.03097	0.02129	0.00968	0.00581	0.00194	0.00387	0.00774	0.75416	0.00774
17	0.03158	0.02327	0.02493	0.01911	0.02576	0.02576	0.01579	0.62852	0.03906	0.05236	0.01995	0.01995	0.01413	0.00997	0.00831	0.00249	0.00914	0.00748	0.00831	0.01413
18	0.01658	0.01314	0.01447	0.01357	0.01694	0.01376	0.01049	0.12540	0.17715	0.03054	0.04931	0.19086	0.21232	0.01792	0.00952	0.00296	0.00604	0.06126	0.00799	0.00975
19	0.73337	0.01639	0.01279	0.01130	0.01651	0.01896	0.00931	0.05183	0.01527	0.03796	0.01195	0.01379	0.00923	0.00781	0.00528	0.00257	0.00655	0.00463	0.00528	0.00923
20	0.03281	0.01311	0.01781	0.01409	0.01968	0.01141	0.01145	0.03604	0.02339	0.55341	0.11179	0.06300	0.02944	0.01184	0.00864	0.00261	0.00657	0.00989	0.01002	0.01301
21	0.01187	0.00890	0.01335	0.01335	0.01483	0.01038	0.01038	0.01483	0.01335	0.01928	0.02225	0.03264	0.02077	0.06231	0.67512	0.01335	0.02225	0.00890	0.00445	0.00742
22	0.00991	0.00807	0.00877	0.00933	0.01146	0.00694	0.00672	0.01182	0.01805	0.02208	0.07298	0.26138	0.47864	0.02249	0.01005	0.00297	0.00439	0.01931	0.00771	0.00694
23	0.01012	0.00723	0.00964	0.01157	0.01205	0.00675	0.00771	0.01157	0.01591	0.02121	0.04579	0.70262	0.05495	0.02603	0.01060	0.00337	0.00482	0.02362	0.00771	0.00675
24	0.01006	0.00843	0.00876	0.00867	0.01137	0.00712	0.00651	0.01240	0.01952	0.02382	0.15608	0.07768	0.58007	0.02053	0.00982	0.00278	0.00417	0.01721	0.00790	0.00712
25	0.03274	0.02140	0.02377	0.01823	0.02483	0.02299	0.01506	0.50817	0.03593	0.17712	0.02257	0.02165	0.01545	0.01004	0.00832	0.00251	0.00872	0.00766	0.00871	0.01413
26	0.01012	0.00723	0.00964	0.01157	0.01205	0.00675	0.00771	0.01157	0.01591	0.02121	0.04579	0.70262	0.05495	0.02603	0.01060	0.00337	0.00482	0.02362	0.00771	0.00675
27	0.01339	0.00956	0.01339	0.01530	0.01721	0.00956	0.01339	0.01721	0.01912	0.02486	0.04399	0.09371	0.04781	0.02295	0.01147	0.00382	0.00765	0.60031	0.00765	0.00765
28	0.01034	0.00738	0.00989	0.01181	0.01239	0.00693	0.00808	0.01194	0.01612	0.02145	0.04567	0.66262	0.05448	0.02582	0.01066	0.00340	0.00501	0.06150	0.00771	0.00681
29	0.01723	0.01477	0.01723	0.01230	0.01969	0.01107	0.00984	0.02092	0.01723	0.02707	0.01477	0.01723	0.01230	0.00615	0.00615	0.00123	0.00615	0.00492	0.00492	0.75883
30	0.01012	0.00723	0.00964	0.01157	0.01205	0.00675	0.00771	0.01157	0.01591	0.02121	0.04579	0.70262	0.05495	0.02603	0.01060	0.00337	0.00482	0.02362	0.00771	0.00675
31	0.01206	0.00815	0.00956	0.00956	0.00973	0.00832	0.00565	0.01240	0.01223	0.01648	0.02572	0.05185	0.02911	0.63343	0.11540	0.00867	0.00969	0.01171	0.00497	0.00531
32	0.01163	0.00849	0.01093	0.01032	0.01233	0.00778	0.00774	0.01543	0.02321	0.03260	0.61454	0.06323	0.11613	0.01725	0.00980	0.00263	0.00394	0.01519	0.00905	0.00778
33	0.11326	0.01394	0.01763	0.01421	0.01987	0.01294	0.01167	0.03609	0.05533	0.48606	0.07288	0.03235	0.02482	0.01114	0.00826	0.00265	0.00679	0.03794	0.00941	0.01277
34	0.01559	0.01467	0.07946	0.01915	0.12424	0.01202	0.01357	0.02145	0.06369	0.06466	0.38306	0.04761	0.07925	0.01392	0.00918	0.00261	0.00610	0.01225	0.00770	0.00983
35	0.02023	0.01650	0.01960	0.04289	0.02194	0.01655	0.01257	0.17764	0.02191	0.03146	0.01839	0.06674	0.01649	0.05116	0.01192	0.00248	0.09449	0.00767	0.00578	0.34358
36	0.02811	0.22381	0.05773	0.01866	0.02493	0.23347	0.01608	0.24299	0.02694	0.03180	0.01510	0.01640	0.01190	0.00863	0.00719	0.00219	0.01106	0.00589	0.00548	0.01164
37	0.01208	0.00805	0.00906	0.00906	0.00906	0.00805	0.00503	0.01208	0.01208	0.01611	0.02618	0.05436	0.03020	0.70804	0.04228	0.00805	0.00805	0.01208	0.00503	0.00503
38	0.01708	0.07792	0.60573	0.02365	0.03549	0.02009	0.05500	0.02625	0.01759	0.02596	0.01481	0.01752	0.01062	0.00781	0.00784	0.00259	0.01217	0.00620	0.00354	0.01215
39	0.02432	0.01821	0.01977	0.01698	0.02218	0.02041	0.01343	0.13173	0.47581	0.11329	0.03160	0.02900	0.02309	0.01096	0.00842	0.00274	0.00702	0.00898	0.00865	0.01342
40	0.01571	0.01281	0.01835	0.26719	0.03209	0.01472	0.01597	0.02319	0.13958	0.02469	0.06011	0.04498	0.02741	0.01553	0.01202	0.09005	0.00847	0.16233	0.00594	0.00887
41	0.01192	0.00869	0.01229	0.01229	0.01340	0.00981	0.00906	0.01415	0.01304	0.01850	0.02322	0.03802	0.02310	0.22221	0.51841	0.01204	0.01874	0.00969	0.00459	0.00683
42	0.76672	0.01607	0.01221	0.01092	0.01607	0.01864	0.00900	0.02442	0.01414	0.03727	0.01157	0.01350	0.00900	0.00771	0.00514	0.00257	0.00643	0.00450	0.00514	0.00900
43	0.00982	0.00842	0.00842	0.00842	0.01122	0.00701	0.00631	0.01192	0.01894	0.02244	0.08416	0.07995	0.65285	0.02104	0.00982	0.00281	0.00421	0.01753	0.00771	0.00701
44	0.01272	0.00929	0.01150	0.01110	0.01132	0.01031	0.00728	0.01336	0.01234	0.01701	0.02391	0.04713	0.02667	0.53492	0.13597	0.00837	0.08509	0.01108	0.00479	0.00584
45	0.01208	0.00805	0.00906	0.00906	0.00906	0.00805	0.00503	0.01208	0.01208	0.01611	0.02618	0.05436	0.03020	0.70804	0.04228	0.00805	0.00805	0.01208	0.00503	0.00503
46	0.01151	0.00848	0.01076	0.01019	0.01226	0.00773	0.00765	0.01520	0.02294	0.03194	0.57992	0.06432	0.15116	0.01750	0.00980	0.00264	0.00396	0.01534	0.00896	0.00773
47	0.03091	0.10804	0.02534	0.01708	0.02354	0.02300	0.01440	0.40059	0.03206	0.17716	0.02192	0.02136	0.01537	0.00966	0.00783	0.00239	0.00844	0.00729	0.04018	0.01342
48	0.01723	0.01477	0.01723	0.01230	0.01969	0.01107	0.00984	0.02092	0.01723	0.02707	0.01477	0.01723	0.01230	0.00615	0.00615	0.00123	0.00615	0.00492	0.00492	0.75883
49	0.01319	0.01098	0.01447	0.01418	0.01574	0.04645	0.01106	0.01606	0.01386	0.01937	0.02121	0.03101	0.01976	0.05717	0.60877	0.01229	0.05377	0.00863	0.00440	0.00761
50	0.03103	0.03959	0.02354	0.02140	0.02568	0.67469	0.01605	0.03317	0.02354	0.02033	0.01284	0.01498	0.01070	0.00856	0.00749	0.00214	0.01498	0.00535	0.00428	0.00963
51	0.02266	0.45088	0.11818	0.02052	0.09327	0.12639	0.01781	0.02637	0.01819	0.02135	0.01262	0.01490	0.01092	0.00746	0.00630	0.00202	0.01034	0.00512	0.00372	0.01098

[dist]
# distance from previous block
# <min> <max>
0	1

[block]
# block no. 1 follows, 22 sequences, length 15
# corresponding to MSA columns:
# 53-67
name=unknown_B
#
# <colnr> <probs for GDERKNQSTAVLIFYWHMCP>
#	G	D	E	R	K	N	Q	S	T	A	V	L	I	F	Y	W	H	M	C	P
0	0.02056	0.01974	0.03372	0.05099	0.65622	0.01974	0.02550	0.02550	0.01892	0.02714	0.01563	0.02056	0.01316	0.00740	0.00822	0.00247	0.00987	0.00740	0.00411	0.01316
1	0.01191	0.00874	0.01253	0.01253	0.01373	0.00994	0.00936	0.01431	0.01311	0.01868	0.02300	0.03680	0.02258	0.18619	0.55371	0.01233	0.01953	0.00951	0.00456	0.00696
2	0.00999	0.00819	0.00881	0.00914	0.01145	0.00701	0.00667	0.01208	0.01863	0.02285	0.11068	0.19834	0.50385	0.02175	0.00997	0.00290	0.00431	0.01855	0.00780	0.00701
3	0.02222	0.01885	0.02405	0.15228	0.14283	0.02125	0.01787	0.17165	0.27080	0.03487	0.02370	0.02488	0.01784	0.00971	0.00835	0.00267	0.00862	0.00821	0.00673	0.01263
4	0.01443	0.00722	0.01082	0.01082	0.01082	0.00722	0.00722	0.01082	0.01082	0.01443	0.01443	0.02525	0.01443	0.02886	0.03247	0.75830	0.00722	0.00722	0.00361	0.00361
5	0.02102	0.15363	0.02462	0.01732	0.02072	0.16104	0.01426	0.08195	0.01862	0.02294	0.01593	0.02132	0.01426	0.02653	0.22240	0.00593	0.13670	0.00685	0.00448	0.00947
6	0.01912	0.02835	0.26767	0.04087	0.42635	0.01957	0.02742	0.02580	0.01841	0.02683	0.01536	0.01944	0.01218	0.00758	0.00810	0.00253	0.01076	0.00693	0.00389	0.01283
7	0.01203	0.00826	0.01012	0.01012	0.01048	0.00863	0.00635	0.01276	0.01239	0.01689	0.02521	0.04902	0.02788	0.54925	0.19790	0.00936	0.01155	0.01130	0.00489	0.00562
8	0.01666	0.04297	0.66500	0.02368	0.03596	0.01929	0.03069	0.02631	0.01754	0.02631	0.01491	0.01754	0.01052	0.00789	0.00789	0.00263	0.01228	0.00614	0.00351	0.01228
9	0.23919	0.05058	0.02131	0.01661	0.02240	0.09314	0.01356	0.31036	0.08898	0.04155	0.01783	0.01840	0.01327	0.00919	0.00721	0.00248	0.00873	0.00647	0.00680	0.01195
10	0.01911	0.05128	0.03530	0.02916	0.09731	0.02364	0.22881	0.02309	0.01595	0.02303	0.01348	0.01967	0.01172	0.01083	0.01819	0.00314	0.35405	0.00803	0.00388	0.01033
11	0.01520	0.00951	0.01101	0.01022	0.01350	0.00820	0.00797	0.01785	0.02047	0.13844	0.15408	0.06890	0.42451	0.01864	0.00964	0.00279	0.00487	0.04737	0.00837	0.00844
12	0.01549	0.00774	0.00774	0.00774	0.00968	0.00774	0.00581	0.01936	0.01742	0.03097	0.02710	0.03097	0.02129	0.00968	0.00581	0.00194	0.00387	0.00774	0.75416	0.00774
13	0.02565	0.06025	0.02896	0.03248	0.29298	0.10664	0.01966	0.18262	0.04901	0.06701	0.01761	0.02002	0.01375	0.00880	0.00879	0.00246	0.03781	0.00712	0.00567	0.01270
14	0.02758	0.03026	0.02659	0.06032	0.19750	0.35545	0.01889	0.13284	0.02463	0.02772	0.01490	0.01768	0.01197	0.00848	0.00787	0.00232	0.01241	0.00637	0.00490	0.01134

[dist]
# distance from previous block
# <min> <max>
5	13

[block]
# block no. 2 follows, 22 sequences, length 6
# corresponding to MSA columns:
# 81-86
name=unknown_C
#
# <colnr> <probs for GDERKNQSTAVLIFYWHMCP>
#	G	D	E	R	K	N	Q	S	T	A	V	L	I	F	Y	W	H	M	C	P
0	0.02125	0.01904	0.02890	0.07738	0.41247	0.01894	0.02108	0.11154	0.02138	0.03042	0.01604	0.01995	0.01302	0.00760	0.00786	0.00226	0.00915	0.00696	0.00484	0.14992
1	0.17375	0.02487	0.11207	0.01733	0.02345	0.13920	0.01538	0.06153	0.20332	0.11540	0.02202	0.02175	0.01611	0.00938	0.00751	0.00257	0.00909	0.00698	0.00655	0.01172
2	0.01999	0.01965	0.02607	0.11633	0.30179	0.08861	0.01902	0.02429	0.01858	0.02562	0.01493	0.01906	0.01234	0.00723	0.00747	0.00206	0.00936	0.00636	0.00434	0.25688
3	0.02091	0.03001	0.20762	0.02817	0.14479	0.15556	0.07583	0.02614	0.01834	0.02418	0.01406	0.01809	0.01141	0.00893	0.01136	0.00260	0.13262	0.00665	0.00395	0.05876
4	0.01133	0.00820	0.01003	0.01030	0.01124	0.00822	0.00690	0.01262	0.01419	0.01875	0.03874	0.14767	0.14585	0.33284	0.17929	0.00765	0.01019	0.01401	0.00578	0.00620
5	0.02333	0.05125	0.15380	0.02131	0.02947	0.01786	0.16148	0.07564	0.05782	0.15999	0.02039	0.02166	0.01458	0.00818	0.00808	0.00237	0.00977	0.00747	0.00599	0.14955

[dist]
# distance from previous block
# <min> <max>
0	1

[block]
# block no. 3 follows, 22 sequences, length 83
# corresponding to MSA columns:
# 88-170
name=unknown_D
#
# <colnr> <probs for GDERKNQSTAVLIFYWHMCP>
#	G	D	E	R	K	N	Q	S	T	A	V	L	I	F	Y	W	H	M	C	P
0	0.02536	0.15602	0.14227	0.02225	0.06208	0.35932	0.01903	0.02907	0.02023	0.02162	0.01300	0.01570	0.01082	0.00857	0.00870	0.00229	0.06368	0.00559	0.00396	0.01044
1	0.01930	0.01512	0.01870	0.02006	0.10277	0.01606	0.01423	0.08359	0.23747	0.06293	0.03864	0.05074	0.10115	0.01481	0.00936	0.00299	0.00727	0.16603	0.00767	0.01112
2	0.01862	0.01482	0.02313	0.45392	0.07969	0.01714	0.01972	0.06780	0.01995	0.08410	0.09830	0.02756	0.02089	0.00967	0.00850	0.00269	0.00958	0.00846	0.00536	0.01009
3	0.06064	0.06987	0.02533	0.02437	0.17066	0.01979	0.01630	0.17480	0.05012	0.20383	0.02276	0.05414	0.01739	0.01016	0.00894	0.00257	0.04024	0.00817	0.00712	0.01279
4	0.01530	0.01353	0.02081	0.01980	0.06567	0.01349	0.12115	0.02283	0.13285	0.02712	0.09572	0.13959	0.11608	0.01650	0.00992	0.00306	0.00759	0.14240	0.00709	0.00949
5	0.01027	0.00729	0.00960	0.01138	0.01183	0.00685	0.00751	0.01161	0.01562	0.02083	0.04433	0.65429	0.05310	0.07688	0.01297	0.00372	0.00506	0.02276	0.00751	0.00662
6	0.01549	0.00774	0.00774	0.00774	0.00968	0.00774	0.00581	0.01936	0.01742	0.03097	0.02710	0.03097	0.02129	0.00968	0.00581	0.00194	0.00387	0.00774	0.75416	0.00774
7	0.21491	0.14419	0.05623	0.01746	0.02174	0.10063	0.01525	0.07896	0.01771	0.02766	0.01243	0.01587	0.01062	0.01003	0.01271	0.00271	0.22059	0.00580	0.00450	0.01002
8	0.03088	0.02285	0.02455	0.01878	0.02547	0.02504	0.01550	0.59880	0.03799	0.05112	0.01969	0.01981	0.01404	0.00979	0.00820	0.00243	0.00900	0.00735	0.00814	0.05056
9	0.01004	0.00827	0.00882	0.00902	0.01144	0.00705	0.00664	0.01222	0.01896	0.02328	0.13111	0.15992	0.52189	0.02132	0.00992	0.00286	0.00426	0.01810	0.00785	0.00705
10	0.02941	0.03340	0.02250	0.01981	0.02418	0.48230	0.01499	0.15174	0.02563	0.02643	0.01550	0.01959	0.01318	0.07290	0.01084	0.00275	0.01316	0.00640	0.00517	0.01012
11	0.01208	0.00805	0.00906	0.00906	0.00906	0.00805	0.00503	0.01208	0.01208	0.01611	0.02618	0.05436	0.03020	0.70804	0.04228	0.00805	0.00805	0.01208	0.00503	0.00503
12	0.01047	0.00738	0.00954	0.01112	0.01151	0.00698	0.00723	0.01166	0.01522	0.02029	0.04226	0.58618	0.05050	0.14853	0.01629	0.00421	0.00540	0.02154	0.00723	0.00644
13	0.02056	0.01974	0.03372	0.05099	0.65622	0.01974	0.02550	0.02550	0.01892	0.02714	0.01563	0.02056	0.01316	0.00740	0.00822	0.00247	0.00987	0.00740	0.00411	0.01316
14	0.02301	0.02635	0.02649	0.02433	0.07212	0.28125	0.07702	0.02581	0.01822	0.02125	0.01367	0.01886	0.01209	0.01537	0.07710	0.00378	0.24263	0.00692	0.00406	0.00966
15	0.01187	0.00890	0.01335	0.01335	0.01483	0.01038	0.01038	0.01483	0.01335	0.01928	0.02225	0.03264	0.02077	0.06231	0.67512	0.01335	0.02225	0.00890	0.00445	0.00742
16	0.01090	0.00756	0.00941	0.01058	0.01087	0.00726	0.00665	0.01177	0.01439	0.01919	0.03804	0.44655	0.04517	0.29543	0.02312	0.00522	0.00610	0.01906	0.00665	0.00607
17	0.01012	0.00723	0.00964	0.01157	0.01205	0.00675	0.00771	0.01157	0.01591	0.02121	0.04579	0.70262	0.05495	0.02603	0.01060	0.00337	0.00482	0.02362	0.00771	0.00675
18	0.00982	0.00842	0.00842	0.00842	0.01122	0.00701	0.00631	0.01192	0.01894	0.02244	0.08416	0.07995	0.65285	0.02104	0.00982	0.00281	0.00421	0.01753	0.00771	0.00701
19	0.01829	0.01127	0.01394	0.01234	0.01572	0.01094	0.00956	0.02545	0.13331	0.15747	0.38709	0.05084	0.08995	0.01487	0.00927	0.00265	0.00503	0.01284	0.00917	0.00999
20	0.01208	0.00805	0.00906	0.00906	0.00906	0.00805	0.00503	0.01208	0.01208	0.01611	0.02618	0.05436	0.03020	0.70804	0.04228	0.00805	0.00805	0.01208	0.00503	0.00503
21	0.00982	0.00842	0.00842	0.00842	0.01122	0.00701	0.00631	0.01192	0.01894	0.02244	0.08416	0.07995	0.65285	0.02104	0.00982	0.00281	0.00421	0.01753	0.00771	0.00701
22	0.01072	0.00845	0.00967	0.00936	0.01178	0.00740	0.00702	0.01367	0.02107	0.02750	0.34845	0.07162	0.38540	0.01915	0.00981	0.00272	0.00407	0.01636	0.00838	0.00740
23	0.02355	0.01655	0.01839	0.01566	0.02056	0.01787	0.01241	0.14229	0.32456	0.13766	0.09872	0.03545	0.07484	0.01220	0.00865	0.00270	0.00666	0.01007	0.00874	0.01248
24	0.05480	0.01139	0.01320	0.01181	0.01556	0.01058	0.00913	0.07581	0.02120	0.19410	0.05366	0.18309	0.27769	0.01758	0.00923	0.00282	0.00564	0.01481	0.00832	0.00957
25	0.00982	0.00842	0.00842	0.00842	0.01122	0.00701	0.00631	0.01192	0.01894	0.02244	0.08416	0.07995	0.65285	0.02104	0.00982	0.00281	0.00421	0.01753	0.00771	0.00701
26	0.02975	0.13738	0.02644	0.02036	0.02505	0.58150	0.01578	0.03197	0.02257	0.02022	0.01265	0.01474	0.01070	0.00835	0.00718	0.00209	0.01410	0.00522	0.00417	0.00978
27	0.01084	0.00774	0.01046	0.01239	0.01318	0.00737	0.00896	0.01281	0.01661	0.02201	0.04539	0.56901	0.05338	0.02535	0.01079	0.00347	0.00544	0.15015	0.00770	0.00695
28	0.01071	0.00817	0.00927	0.00986	0.01144	0.00741	0.00695	0.01234	0.01673	0.02095	0.05908	0.21370	0.32711	0.17712	0.01745	0.00420	0.00551	0.06834	0.00710	0.00656
29	0.01054	0.00818	0.00960	0.00980	0.01181	0.00723	0.00714	0.01312	0.01982	0.02585	0.26810	0.21051	0.32700	0.02076	0.00998	0.00286	0.00424	0.01802	0.00820	0.00723
30	0.01167	0.00849	0.01098	0.01036	0.01236	0.00780	0.00777	0.01551	0.02331	0.03282	0.62591	0.06287	0.10463	0.01717	0.00980	0.00262	0.00393	0.01514	0.00908	0.00780
31	0.02022	0.01926	0.03276	0.04931	0.62607	0.01926	0.02492	0.02510	0.01893	0.02703	0.01696	0.02401	0.01479	0.00814	0.00838	0.00253	0.00976	0.03538	0.00428	0.01290
32	0.64354	0.01592	0.01306	0.01149	0.01646	0.01819	0.00940	0.06867	0.01685	0.03804	0.07018	0.01837	0.01566	0.00872	0.00580	0.00257	0.00640	0.00567	0.00574	0.00927
33	0.01286	0.00945	0.01237	0.01277	0.01479	0.00929	0.01024	0.01793	0.06470	0.02941	0.34008	0.11925	0.06169	0.01945	0.01038	0.00313	0.00554	0.23016	0.00844	0.00806
34	0.01012	0.00723	0.00964	0.01157	0.01205	0.00675	0.00771	0.01157	0.01591	0.02121	0.04579	0.70262	0.05495	0.02603	0.01060	0.00337	0.00482	0.02362	0.00771	0.00675
35	0.00987	0.00820	0.00863	0.00898	0.01137	0.00697	0.00656	0.01186	0.01840	0.02222	0.07732	0.19084	0.54637	0.02193	0.00996	0.00291	0.00432	0.01862	0.00771	0.00697
36	0.01187	0.00890	0.01335	0.01335	0.01483	0.01038	0.01038	0.01483	0.01335	0.01928	0.02225	0.03264	0.02077	0.06231	0.67512	0.01335	0.02225	0.00890	0.00445	0.00742
37	0.02854	0.01667	0.01945	0.01617	0.02174	0.01745	0.01295	0.08616	0.33369	0.30286	0.03234	0.02901	0.02248	0.01075	0.00840	0.00269	0.00698	0.00881	0.00922	0.01364
38	0.01818	0.01818	0.02545	0.02181	0.02181	0.02545	0.01818	0.01999	0.01272	0.01999	0.01091	0.01818	0.01091	0.01454	0.02726	0.00364	0.69284	0.00727	0.00364	0.00909
39	0.01208	0.00805	0.00906	0.00906	0.00906	0.00805	0.00503	0.01208	0.01208	0.01611	0.02618	0.05436	0.03020	0.70804	0.04228	0.00805	0.00805	0.01208	0.00503	0.00503
40	0.01676	0.01586	0.02685	0.54829	0.18865	0.01874	0.02360	0.02216	0.01712	0.02252	0.01495	0.02180	0.01153	0.00811	0.00829	0.00270	0.01081	0.00739	0.00378	0.01009
41	0.01684	0.04189	0.63551	0.02495	0.06493	0.01931	0.03045	0.02627	0.01760	0.02635	0.01494	0.01768	0.01065	0.00787	0.00791	0.00262	0.01216	0.00620	0.00354	0.01232
42	0.01818	0.01818	0.02545	0.02181	0.02181	0.02545	0.01818	0.01999	0.01272	0.01999	0.01091	0.01818	0.01091	0.01454	0.02726	0.00364	0.69284	0.00727	0.00364	0.00909
43	0.01723	0.01477	0.01723	0.01230	0.01969	0.01107	0.00984	0.02092	0.01723	0.02707	0.01477	0.01723	0.01230	0.00615	0.00615	0.00123	0.00615	0.00492	0.00492	0.75883
44	0.01666	0.04297	0.66500	0.02368	0.03596	0.01929	0.03069	0.02631	0.01754	0.02631	0.01491	0.01754	0.01052	0.00789	0.00789	0.00263	0.01228	0.00614	0.00351	0.01228
45	0.02111	0.01807	0.01904	0.01700	0.02177	0.02087	0.01326	0.06833	0.61629	0.03548	0.03324	0.03054	0.02489	0.01122	0.00845	0.00280	0.00668	0.00931	0.00845	0.01319
46	0.01336	0.00908	0.01020	0.00988	0.01037	0.00924	0.00591	0.05534	0.01415	0.01889	0.02663	0.08156	0.03020	0.62788	0.03845	0.00745	0.00798	0.01228	0.00539	0.00575
47	0.03507	0.01484	0.01949	0.01486	0.02139	0.01306	0.01225	0.08001	0.02426	0.56213	0.03026	0.02670	0.01937	0.00989	0.00815	0.00244	0.00713	0.00798	0.00966	0.08104
48	0.01055	0.00959	0.04652	0.01151	0.01325	0.00759	0.00873	0.01278	0.01720	0.02266	0.09727	0.48559	0.17956	0.02328	0.01023	0.00316	0.00505	0.02071	0.00758	0.00720
49	0.02032	0.01950	0.03329	0.08193	0.62713	0.01968	0.02538	0.02529	0.01880	0.02685	0.01558	0.02064	0.01306	0.00745	0.00823	0.00248	0.00993	0.00740	0.00409	0.01297
50	0.01679	0.01614	0.02279	0.01995	0.02028	0.02214	0.01647	0.01886	0.01286	0.01984	0.01339	0.02135	0.01307	0.02502	0.16942	0.00577	0.54570	0.00763	0.00381	0.00872
51	0.01176	0.00849	0.01110	0.01045	0.01241	0.00784	0.00784	0.01568	0.02352	0.03331	0.65184	0.06206	0.07839	0.01698	0.00980	0.00261	0.00392	0.01502	0.00914	0.00784
52	0.02055	0.01955	0.03170	0.07148	0.41761	0.02138	0.05341	0.06651	0.01893	0.02708	0.01494	0.02018	0.01262	0.00913	0.01238	0.00275	0.15593	0.00750	0.00429	0.01208
53	0.01203	0.00824	0.01000	0.01000	0.01033	0.00857	0.00621	0.01269	0.01236	0.01681	0.02531	0.04960	0.02813	0.56636	0.18114	0.00922	0.01117	0.01138	0.00491	0.00556
54	0.01549	0.00774	0.00774	0.00774	0.00968	0.00774	0.00581	0.01936	0.01742	0.03097	0.02710	0.03097	0.02129	0.00968	0.00581	0.00194	0.00387	0.00774	0.75416	0.00774
55	0.06396	0.03854	0.02303	0.02093	0.02525	0.64533	0.01574	0.03278	0.02312	0.02109	0.01278	0.01491	0.01062	0.00852	0.00739	0.00216	0.01460	0.00531	0.00432	0.00960
56	0.02032	0.01949	0.03328	0.08311	0.62603	0.01967	0.02537	0.02528	0.01880	0.02684	0.01558	0.02064	0.01305	0.00745	0.00823	0.00248	0.00993	0.00740	0.00409	0.01296
57	0.01010	0.00731	0.00955	0.01135	0.01199	0.00677	0.00761	0.01159	0.01612	0.02129	0.04848	0.65891	0.09692	0.02568	0.01055	0.00333	0.00478	0.02319	0.00771	0.00677
58	0.01007	0.00850	0.00876	0.00890	0.01164	0.00719	0.00681	0.01229	0.01895	0.02261	0.08134	0.08092	0.61037	0.02117	0.00993	0.00288	0.00445	0.05845	0.00771	0.00706
59	0.01421	0.01064	0.01176	0.01131	0.01455	0.01016	0.00887	0.02049	0.13035	0.07037	0.09535	0.06836	0.39474	0.01857	0.00967	0.00290	0.00523	0.08564	0.00809	0.00872
60	0.01055	0.00741	0.00951	0.01102	0.01139	0.00703	0.00712	0.01168	0.01507	0.02009	0.04148	0.56038	0.04952	0.17568	0.01755	0.00440	0.00553	0.02109	0.00712	0.00637
61	0.01008	0.00843	0.00878	0.00870	0.01138	0.00713	0.00652	0.01244	0.01956	0.02393	0.16209	0.07749	0.57399	0.02048	0.00982	0.00278	0.00417	0.01719	0.00791	0.00713
62	0.04832	0.01276	0.04368	0.01356	0.01743	0.01134	0.01156	0.02441	0.08520	0.15901	0.16996	0.05850	0.13083	0.01632	0.00951	0.00296	0.00631	0.16027	0.00831	0.00977
63	0.01630	0.00853	0.00861	0.00832	0.01049	0.00865	0.00631	0.05007	0.01851	0.03205	0.02674	0.03042	0.02093	0.00969	0.00593	0.00196	0.00414	0.00773	0.71656	0.00806
64	0.01010	0.00732	0.00955	0.01133	0.01199	0.00677	0.00761	0.01159	0.01613	0.02130	0.04867	0.65591	0.09980	0.02565	0.01054	0.00333	0.00477	0.02316	0.00771	0.00677
65	0.02512	0.01956	0.02092	0.01758	0.02302	0.02207	0.01402	0.24537	0.40804	0.06690	0.02899	0.02707	0.02129	0.01078	0.00840	0.00270	0.00748	0.00869	0.00848	0.01353
66	0.01006	0.00818	0.00891	0.00923	0.01150	0.00703	0.00673	0.01219	0.01874	0.02318	0.12785	0.20365	0.48049	0.02168	0.00997	0.00290	0.00430	0.01853	0.00784	0.00703
67	0.01641	0.01218	0.01335	0.01230	0.01580	0.01237	0.00937	0.02612	0.23686	0.08603	0.10594	0.08013	0.27335	0.04891	0.01077	0.00304	0.00548	0.01362	0.00820	0.00978
68	0.03103	0.03959	0.02354	0.02140	0.02568	0.67469	0.01605	0.03317	0.02354	0.02033	0.01284	0.01498	0.01070	0.00856	0.00749	0.00214	0.01498	0.00535	0.00428	0.00963
69	0.01740	0.01091	0.01216	0.01099	0.01364	0.01092	0.00811	0.09855	0.04613	0.07929	0.09545	0.07555	0.11648	0.16610	0.01561	0.00369	0.00594	0.01157	0.19291	0.00858
70	0.01680	0.00989	0.01263	0.01206	0.01513	0.00895	0.00978	0.02007	0.02117	0.15468	0.21360	0.06846	0.21297	0.01831	0.00996	0.00298	0.00562	0.16951	0.00859	0.00883
71	0.01025	0.00732	0.00979	0.01171	0.01225	0.00686	0.00794	0.01179	0.01603	0.02135	0.04572	0.67857	0.05466	0.02591	0.01064	0.00339	0.00493	0.04640	0.00771	0.00678
72	0.01144	0.00795	0.00908	0.00942	0.00988	0.00768	0.00568	0.01197	0.01366	0.01785	0.03727	0.17316	0.11621	0.49655	0.03239	0.00653	0.00697	0.01485	0.00586	0.00560
73	0.08994	0.01275	0.01455	0.01267	0.01689	0.01266	0.00998	0.02865	0.15733	0.20095	0.17626	0.04527	0.16040	0.01389	0.00869	0.00268	0.00564	0.01153	0.00864	0.01064
74	0.02209	0.01270	0.01465	0.01228	0.01647	0.01202	0.00957	0.13011	0.02304	0.21560	0.04992	0.05065	0.27045	0.10659	0.01340	0.00337	0.00644	0.01232	0.00822	0.01012
75	0.01823	0.01536	0.01777	0.01278	0.02011	0.01211	0.01026	0.06358	0.01876	0.02885	0.01513	0.01742	0.01243	0.00642	0.00630	0.00132	0.00636	0.00510	0.00516	0.70654
76	0.01696	0.00934	0.01139	0.01045	0.01204	0.00892	0.00693	0.01809	0.01556	0.14572	0.07634	0.04979	0.05393	0.46642	0.05823	0.00659	0.00800	0.01163	0.00645	0.00722
77	0.01208	0.00805	0.00906	0.00906	0.00906	0.00805	0.00503	0.01208	0.01208	0.01611	0.02618	0.05436	0.03020	0.70804	0.04228	0.00805	0.00805	0.01208	0.00503	0.00503
78	0.01175	0.00791	0.00916	0.00949	0.00957	0.00783	0.00549	0.01199	0.01273	0.01698	0.02953	0.16511	0.03443	0.59153	0.03687	0.00725	0.00750	0.01405	0.00549	0.00533
79	0.01208	0.00805	0.00906	0.00906	0.00906	0.00805	0.00503	0.01208	0.01208	0.01611	0.02618	0.05436	0.03020	0.70804	0.04228	0.00805	0.00805	0.01208	0.00503	0.00503
80	0.03103	0.03959	0.02354	0.02140	0.02568	0.67469	0.01605	0.03317	0.02354	0.02033	0.01284	0.01498	0.01070	0.00856	0.00749	0.00214	0.01498	0.00535	0.00428	0.00963
81	0.02433	0.02163	0.02263	0.02226	0.10588	0.10470	0.01565	0.20690	0.24876	0.03559	0.02367	0.02453	0.01821	0.01471	0.06931	0.00356	0.01026	0.00802	0.00694	0.01246
82	0.01828	0.02210	0.10803	0.02450	0.07294	0.07365	0.10219	0.02226	0.01573	0.02214	0.01475	0.02117	0.01300	0.02015	0.13476	0.00492	0.28806	0.00762	0.00393	0.00983

[dist]
# distance from previous block
# <min> <max>
0	1

[block]
# block no. 4 follows, 22 sequences, length 112
# corresponding to MSA columns:
# 172-283
name=unknown_E
#
# <colnr> <probs for GDERKNQSTAVLIFYWHMCP>
#	G	D	E	R	K	N	Q	S	T	A	V	L	I	F	Y	W	H	M	C	P
0	0.01666	0.04297	0.66500	0.02368	0.03596	0.01929	0.03069	0.02631	0.01754	0.02631	0.01491	0.01754	0.01052	0.00789	0.00789	0.00263	0.01228	0.00614	0.00351	0.01228
1	0.01189	0.00798	0.00912	0.00930	0.00935	0.00793	0.00529	0.01203	0.01245	0.01659	0.02805	0.11622	0.03256	0.64297	0.03926	0.00761	0.00775	0.01318	0.00529	0.00520
2	0.76672	0.01607	0.01221	0.01092	0.01607	0.01864	0.00900	0.02442	0.01414	0.03727	0.01157	0.01350	0.00900	0.00771	0.00514	0.00257	0.00643	0.00450	0.00514	0.00900
3	0.01962	0.02286	0.10888	0.18906	0.37728	0.06196	0.05124	0.02518	0.01856	0.02524	0.01521	0.02027	0.01218	0.00772	0.00822	0.00255	0.01095	0.00722	0.00396	0.01185
4	0.02184	0.01860	0.02229	0.09780	0.10387	0.02112	0.01621	0.13312	0.39738	0.03511	0.02720	0.02694	0.02044	0.01025	0.00839	0.00272	0.00790	0.00861	0.00736	0.01286
5	0.02071	0.02201	0.02400	0.08122	0.05716	0.16536	0.01754	0.02515	0.07361	0.02185	0.01475	0.02007	0.01296	0.01512	0.06060	0.00373	0.34299	0.00717	0.00430	0.00969
6	0.01192	0.00871	0.01236	0.01236	0.01350	0.00985	0.00915	0.01420	0.01306	0.01855	0.02316	0.03765	0.02295	0.21135	0.52906	0.01213	0.01897	0.00963	0.00459	0.00687
7	0.01899	0.00949	0.01279	0.01262	0.01504	0.00853	0.00918	0.02101	0.01848	0.23044	0.04154	0.48243	0.04372	0.02089	0.00987	0.00311	0.00555	0.01863	0.00855	0.00916
8	0.01672	0.01603	0.02265	0.01986	0.02020	0.02197	0.01638	0.01880	0.01287	0.01983	0.01352	0.02151	0.01318	0.02556	0.17679	0.00588	0.53806	0.00765	0.00382	0.00870
9	0.06307	0.01445	0.01824	0.01373	0.02044	0.01210	0.01123	0.03285	0.02103	0.40970	0.02546	0.02371	0.01713	0.00871	0.00743	0.00210	0.00672	0.00697	0.00816	0.27678
10	0.76672	0.01607	0.01221	0.01092	0.01607	0.01864	0.00900	0.02442	0.01414	0.03727	0.01157	0.01350	0.00900	0.00771	0.00514	0.00257	0.00643	0.00450	0.00514	0.00900
11	0.01203	0.00825	0.01005	0.01005	0.01039	0.00859	0.00627	0.01272	0.01237	0.01684	0.02527	0.04935	0.02802	0.55900	0.18835	0.00928	0.01133	0.01135	0.00490	0.00558
12	0.01187	0.00890	0.01335	0.01335	0.01483	0.01038	0.01038	0.01483	0.01335	0.01928	0.02225	0.03264	0.02077	0.06231	0.67512	0.01335	0.02225	0.00890	0.00445	0.00742
13	0.00982	0.00842	0.00842	0.00842	0.01122	0.00701	0.00631	0.01192	0.01894	0.02244	0.08416	0.07995	0.65285	0.02104	0.00982	0.00281	0.00421	0.01753	0.00771	0.00701
14	0.01012	0.00723	0.00964	0.01157	0.01205	0.00675	0.00771	0.01157	0.01591	0.02121	0.04579	0.70262	0.05495	0.02603	0.01060	0.00337	0.00482	0.02362	0.00771	0.00675
15	0.01165	0.00832	0.01140	0.01332	0.01447	0.00807	0.01038	0.01422	0.01742	0.02292	0.04494	0.41685	0.05160	0.02458	0.01101	0.00359	0.00615	0.29427	0.00768	0.00717
16	0.16796	0.01619	0.01906	0.01489	0.02113	0.01591	0.01230	0.14760	0.02490	0.43509	0.02654	0.02405	0.01727	0.00976	0.00777	0.00256	0.00734	0.00749	0.00898	0.01321
17	0.02305	0.64857	0.04162	0.01490	0.02174	0.09431	0.01439	0.02567	0.01752	0.01962	0.01167	0.01348	0.01066	0.00725	0.00554	0.00181	0.00947	0.00453	0.00362	0.01056
18	0.01200	0.00802	0.00908	0.00917	0.00919	0.00800	0.00515	0.01206	0.01224	0.01632	0.02699	0.08139	0.03123	0.67961	0.04096	0.00786	0.00792	0.01256	0.00515	0.00511
19	0.01095	0.00762	0.00952	0.01057	0.01097	0.00730	0.00673	0.01202	0.01499	0.02012	0.07790	0.42235	0.04736	0.27658	0.02222	0.00505	0.00595	0.01881	0.00682	0.00619
20	0.02937	0.02217	0.02368	0.01867	0.02492	0.02473	0.01525	0.51002	0.16117	0.04879	0.02276	0.02219	0.01641	0.01024	0.00834	0.00256	0.00862	0.00787	0.00834	0.01393
21	0.01818	0.01818	0.02545	0.02181	0.02181	0.02545	0.01818	0.01999	0.01272	0.01999	0.01091	0.01818	0.01091	0.01454	0.02726	0.00364	0.69284	0.00727	0.00364	0.00909
22	0.01197	0.00801	0.00909	0.00920	0.00923	0.00798	0.00519	0.01205	0.01230	0.01640	0.02730	0.09151	0.03162	0.66896	0.04047	0.00779	0.00787	0.01274	0.00519	0.00513
23	0.04357	0.00875	0.00981	0.01002	0.01239	0.00780	0.00732	0.01441	0.01838	0.06481	0.09855	0.26364	0.36861	0.02108	0.00977	0.00294	0.00466	0.01811	0.00785	0.00752
24	0.00993	0.00842	0.00857	0.00853	0.01129	0.00706	0.00640	0.01214	0.01920	0.02306	0.11669	0.07892	0.61993	0.02081	0.00982	0.00279	0.00419	0.01739	0.00780	0.00706
25	0.01092	0.00904	0.00963	0.00938	0.01214	0.00807	0.00707	0.01477	0.06024	0.02545	0.19601	0.07314	0.49564	0.01958	0.00973	0.00277	0.00430	0.01650	0.00805	0.00758
26	0.01002	0.00807	0.00879	0.00932	0.01134	0.00699	0.00663	0.01183	0.01775	0.02178	0.07064	0.25074	0.45637	0.05690	0.01166	0.00323	0.00457	0.01894	0.00758	0.00684
27	0.01208	0.00805	0.00906	0.00906	0.00906	0.00805	0.00503	0.01208	0.01208	0.01611	0.02618	0.05436	0.03020	0.70804	0.04228	0.00805	0.00805	0.01208	0.00503	0.00503
28	0.01025	0.00795	0.00934	0.01001	0.01175	0.00704	0.00712	0.01239	0.01846	0.02370	0.16048	0.32730	0.31972	0.02239	0.01013	0.00300	0.00441	0.01957	0.00794	0.00704
29	0.02044	0.02006	0.03559	0.04904	0.58134	0.01989	0.09888	0.02563	0.01900	0.02708	0.01577	0.02079	0.01309	0.00735	0.00842	0.00251	0.01037	0.00770	0.00412	0.01292
30	0.01569	0.01477	0.02492	0.68808	0.05722	0.01846	0.02307	0.02123	0.01661	0.02123	0.01477	0.02215	0.01107	0.00831	0.00831	0.00277	0.01107	0.00738	0.00369	0.00923
31	0.02221	0.71304	0.04353	0.01421	0.02132	0.03287	0.01421	0.02488	0.01688	0.01955	0.01155	0.01333	0.01066	0.00711	0.00533	0.00178	0.00888	0.00444	0.00355	0.01066
32	0.02056	0.01974	0.03372	0.05099	0.65622	0.01974	0.02550	0.02550	0.01892	0.02714	0.01563	0.02056	0.01316	0.00740	0.00822	0.00247	0.00987	0.00740	0.00411	0.01316
33	0.02014	0.01660	0.01761	0.01584	0.02039	0.01872	0.01232	0.04028	0.54259	0.06077	0.03956	0.03651	0.09736	0.01235	0.00861	0.00281	0.00632	0.01028	0.00845	0.01249
34	0.00982	0.00842	0.00842	0.00842	0.01122	0.00701	0.00631	0.01192	0.01894	0.02244	0.08416	0.07995	0.65285	0.02104	0.00982	0.00281	0.00421	0.01753	0.00771	0.00701
35	0.01012	0.00723	0.00964	0.01157	0.01205	0.00675	0.00771	0.01157	0.01591	0.02121	0.04579	0.70262	0.05495	0.02603	0.01060	0.00337	0.00482	0.02362	0.00771	0.00675
36	0.02024	0.01942	0.03315	0.09233	0.61735	0.01966	0.02534	0.02522	0.01877	0.02676	0.01557	0.02066	0.01302	0.00746	0.00823	0.00249	0.00995	0.00740	0.00408	0.01290
37	0.01864	0.01098	0.01150	0.01031	0.01319	0.01155	0.00805	0.14428	0.02170	0.03488	0.02543	0.02878	0.01980	0.01190	0.03384	0.00252	0.00571	0.00774	0.57015	0.00904
38	0.01176	0.00849	0.01110	0.01045	0.01241	0.00784	0.00784	0.01568	0.02352	0.03331	0.65184	0.06206	0.07839	0.01698	0.00980	0.00261	0.00392	0.01502	0.00914	0.00784
39	0.01549	0.00774	0.00774	0.00774	0.00968	0.00774	0.00581	0.01936	0.01742	0.03097	0.02710	0.03097	0.02129	0.00968	0.00581	0.00194	0.00387	0.00774	0.75416	0.00774
40	0.01666	0.04297	0.66500	0.02368	0.03596	0.01929	0.03069	0.02631	0.01754	0.02631	0.01491	0.01754	0.01052	0.00789	0.00789	0.00263	0.01228	0.00614	0.00351	0.01228
41	0.01012	0.00723	0.00964	0.01157	0.01205	0.00675	0.00771	0.01157	0.01591	0.02121	0.04579	0.70262	0.05495	0.02603	0.01060	0.00337	0.00482	0.02362	0.00771	0.00675
42	0.01666	0.04297	0.66500	0.02368	0.03596	0.01929	0.03069	0.02631	0.01754	0.02631	0.01491	0.01754	0.01052	0.00789	0.00789	0.00263	0.01228	0.00614	0.00351	0.01228
43	0.01047	0.00763	0.00986	0.01101	0.01205	0.00702	0.00761	0.01255	0.01795	0.02412	0.18934	0.49517	0.11759	0.02346	0.01034	0.00314	0.00455	0.02105	0.00804	0.00702
44	0.01024	0.00743	0.00971	0.01148	0.01221	0.00689	0.00785	0.01185	0.01629	0.02147	0.04876	0.62615	0.10212	0.02549	0.01058	0.00335	0.00490	0.04872	0.00771	0.00681
45	0.01723	0.01477	0.01723	0.01230	0.01969	0.01107	0.00984	0.02092	0.01723	0.02707	0.01477	0.01723	0.01230	0.00615	0.00615	0.00123	0.00615	0.00492	0.00492	0.75883
46	0.01443	0.00722	0.01082	0.01082	0.01082	0.00722	0.00722	0.01082	0.01082	0.01443	0.01443	0.02525	0.01443	0.02886	0.03247	0.75830	0.00722	0.00722	0.00361	0.00361
47	0.01779	0.17885	0.53897	0.02176	0.03299	0.02205	0.02735	0.02602	0.01741	0.02494	0.01423	0.01668	0.01055	0.00773	0.00737	0.00246	0.01159	0.00579	0.00352	0.01195
48	0.01836	0.02325	0.16030	0.22017	0.32542	0.01938	0.06486	0.02455	0.01805	0.02531	0.01532	0.02051	0.01201	0.00772	0.00828	0.00261	0.01096	0.00730	0.00388	0.01177
49	0.02056	0.01974	0.03372	0.05099	0.65622	0.01974	0.02550	0.02550	0.01892	0.02714	0.01563	0.02056	0.01316	0.00740	0.00822	0.00247	0.00987	0.00740	0.00411	0.01316
50	0.01857	0.02009	0.04054	0.16512	0.04327	0.02013	0.42434	0.02472	0.01840	0.02512	0.01588	0.02175	0.01216	0.00770	0.01040	0.00275	0.05695	0.00883	0.00411	0.05919
51	0.02056	0.01974	0.03372	0.05099	0.65622	0.01974	0.02550	0.02550	0.01892	0.02714	0.01563	0.02056	0.01316	0.00740	0.00822	0.00247	0.00987	0.00740	0.00411	0.01316
52	0.01539	0.00886	0.01176	0.01219	0.01409	0.00795	0.00863	0.01727	0.01740	0.13759	0.04189	0.54643	0.04660	0.02219	0.00998	0.00312	0.00529	0.01992	0.00804	0.04541
53	0.01944	0.01567	0.01960	0.04919	0.02212	0.01612	0.01302	0.02538	0.10245	0.08672	0.02119	0.02337	0.04228	0.01000	0.01198	0.00230	0.17024	0.00709	0.00567	0.33615
54	0.01208	0.00873	0.01080	0.01028	0.01193	0.00833	0.00732	0.01574	0.04348	0.02894	0.46081	0.05988	0.08942	0.17644	0.01725	0.00388	0.00498	0.01424	0.00811	0.00735
55	0.01728	0.01687	0.02394	0.05384	0.02271	0.02326	0.01747	0.01942	0.01299	0.01997	0.01248	0.02014	0.01212	0.02007	0.10549	0.00478	0.57706	0.00747	0.00374	0.00889
56	0.02715	0.03337	0.02148	0.01977	0.02348	0.53998	0.01490	0.02945	0.02148	0.02012	0.01475	0.01856	0.01274	0.01946	0.14288	0.00441	0.01646	0.00607	0.00431	0.00918
57	0.02819	0.01266	0.01639	0.01332	0.01840	0.01132	0.01073	0.03268	0.06313	0.42904	0.14185	0.04118	0.11815	0.01294	0.00880	0.00263	0.00612	0.01079	0.00962	0.01205
58	0.01904	0.30796	0.25082	0.01871	0.02696	0.02399	0.05886	0.02648	0.07766	0.02504	0.07408	0.02153	0.01838	0.00868	0.00721	0.00231	0.00970	0.00682	0.00456	0.01123
59	0.01202	0.00829	0.01028	0.01028	0.01070	0.00871	0.00655	0.01286	0.01244	0.01701	0.02506	0.04820	0.02753	0.52492	0.22175	0.00956	0.01208	0.01118	0.00487	0.00571
60	0.03057	0.03872	0.02399	0.02270	0.05326	0.64604	0.01646	0.03284	0.02334	0.02063	0.01296	0.01523	0.01081	0.00851	0.00752	0.00215	0.01476	0.00544	0.00427	0.00979
61	0.02221	0.71304	0.04353	0.01421	0.02132	0.03287	0.01421	0.02488	0.01688	0.01955	0.01155	0.01333	0.01066	0.00711	0.00533	0.00178	0.00888	0.00444	0.00355	0.01066
62	0.02134	0.01926	0.01909	0.01720	0.02187	0.06310	0.01334	0.04343	0.60113	0.03382	0.03245	0.02996	0.02441	0.01109	0.00839	0.00277	0.00712	0.00913	0.00818	0.01292
63	0.01012	0.00723	0.00964	0.01157	0.01205	0.00675	0.00771	0.01157	0.01591	0.02121	0.04579	0.70262	0.05495	0.02603	0.01060	0.00337	0.00482	0.02362	0.00771	0.00675
64	0.00982	0.00842	0.00842	0.00842	0.01122	0.00701	0.00631	0.01192	0.01894	0.02244	0.08416	0.07995	0.65285	0.02104	0.00982	0.00281	0.00421	0.01753	0.00771	0.00701
65	0.03158	0.02327	0.02493	0.01911	0.02576	0.02576	0.01579	0.62852	0.03906	0.05236	0.01995	0.01995	0.01413	0.00997	0.00831	0.00249	0.00914	0.00748	0.00831	0.01413
66	0.01723	0.01477	0.01723	0.01230	0.01969	0.01107	0.00984	0.02092	0.01723	0.02707	0.01477	0.01723	0.01230	0.00615	0.00615	0.00123	0.00615	0.00492	0.00492	0.75883
67	0.06585	0.02422	0.02180	0.01812	0.02313	0.23112	0.01445	0.11798	0.02423	0.27036	0.02118	0.02103	0.01489	0.01002	0.00994	0.00253	0.08319	0.00696	0.00711	0.01190
68	0.01666	0.04297	0.66500	0.02368	0.03596	0.01929	0.03069	0.02631	0.01754	0.02631	0.01491	0.01754	0.01052	0.00789	0.00789	0.00263	0.01228	0.00614	0.00351	0.01228
69	0.00990	0.00808	0.00876	0.00931	0.01146	0.00694	0.00671	0.01182	0.01808	0.02209	0.07328	0.25653	0.48329	0.02245	0.01004	0.00297	0.00438	0.01926	0.00771	0.00694
70	0.02066	0.01785	0.01878	0.01691	0.02160	0.02066	0.01315	0.04414	0.64121	0.03475	0.03381	0.03099	0.02536	0.01127	0.00845	0.00282	0.00657	0.00939	0.00845	0.01315
71	0.03106	0.03884	0.02361	0.02130	0.02569	0.64493	0.01604	0.06047	0.02425	0.02180	0.01317	0.01521	0.01086	0.00863	0.00753	0.00216	0.01471	0.00545	0.00447	0.00984
72	0.01187	0.00890	0.01335	0.01335	0.01483	0.01038	0.01038	0.01483	0.01335	0.01928	0.02225	0.03264	0.02077	0.06231	0.67512	0.01335	0.02225	0.00890	0.00445	0.00742
73	0.01012	0.00723	0.00964	0.01157	0.01205	0.00675	0.00771	0.01157	0.01591	0.02121	0.04579	0.70262	0.05495	0.02603	0.01060	0.00337	0.00482	0.02362	0.00771	0.00675
74	0.01830	0.01910	0.03315	0.11865	0.03386	0.02301	0.21954	0.02235	0.01554	0.02235	0.01339	0.02012	0.01149	0.01119	0.01887	0.00324	0.37410	0.00812	0.00383	0.00981
75	0.17887	0.02255	0.01940	0.09815	0.02545	0.23031	0.01386	0.03088	0.02085	0.20668	0.05994	0.02238	0.01759	0.00939	0.00751	0.00246	0.00981	0.00691	0.00640	0.01061
76	0.01157	0.00864	0.01108	0.01249	0.01425	0.00814	0.01001	0.01431	0.01821	0.02325	0.05503	0.25309	0.20884	0.02327	0.01081	0.00344	0.00599	0.29267	0.00768	0.00724
77	0.01208	0.00805	0.00906	0.00906	0.00906	0.00805	0.00503	0.01208	0.01208	0.01611	0.02618	0.05436	0.03020	0.70804	0.04228	0.00805	0.00805	0.01208	0.00503	0.00503
78	0.01920	0.02119	0.04223	0.03121	0.03719	0.02229	0.45092	0.02470	0.01762	0.02470	0.01511	0.02119	0.01212	0.00917	0.01483	0.00304	0.20958	0.00907	0.00404	0.01059
79	0.01930	0.07324	0.26990	0.05878	0.03708	0.01986	0.27090	0.02653	0.01897	0.06731	0.04533	0.02219	0.01512	0.00806	0.00865	0.00265	0.01199	0.00813	0.00450	0.01151
80	0.02020	0.47056	0.26842	0.01764	0.02662	0.02796	0.02018	0.02539	0.01712	0.02199	0.01276	0.01485	0.01061	0.00739	0.00626	0.00209	0.01011	0.00506	0.00354	0.01125
