[name]
unknown

[dist]
# distance from previous block
# <min> <max>
0	5

[block]
# block no. 0 follows, 20 sequences, length 7
# corresponding to MSA columns:
# 5-11
name=unknown_A
#
# <colnr> <probs for GDERKNQSTAVLIFYWHMCP>
#	G	D	E	R	K	N	Q	S	T	A	V	L	I	F	Y	W	H	M	C	P
0	0.02183	0.02035	0.02659	0.09742	0.29871	0.09330	0.02026	0.02897	0.10325	0.05980	0.02782	0.03336	0.07317	0.01102	0.00896	0.00276	0.00981	0.04469	0.00583	0.01209
1	0.01832	0.01594	0.02119	0.23827	0.09254	0.05659	0.01714	0.07067	0.01967	0.02679	0.02323	0.13201	0.02166	0.01588	0.04979	0.00353	0.05001	0.01054	0.10644	0.00979
2	0.01517	0.01393	0.02441	0.02027	0.02321	0.01469	0.17655	0.01850	0.01607	0.02231	0.02584	0.15900	0.02678	0.14119	0.17827	0.00681	0.09025	0.01294	0.00526	0.00854
3	0.01796	0.09680	0.02380	0.12115	0.02603	0.07697	0.01591	0.02070	0.01600	0.02101	0.01935	0.10017	0.01946	0.05334	0.12868	0.00525	0.21418	0.00962	0.00458	0.00903
4	0.01821	0.03306	0.36733	0.02364	0.03438	0.01817	0.12765	0.02610	0.01871	0.02790	0.01596	0.01923	0.01196	0.00761	0.00813	0.00238	0.01142	0.00677	0.00423	0.21717
5	0.08419	0.14531	0.02653	0.07699	0.02558	0.18770	0.01620	0.02520	0.01767	0.02254	0.01427	0.01950	0.01272	0.01844	0.10829	0.00439	0.17391	0.00660	0.00424	0.00973
6	0.22528	0.01948	0.08629	0.01340	0.01828	0.07814	0.01198	0.07379	0.01989	0.03460	0.02033	0.02316	0.01573	0.00928	0.00655	0.00237	0.00744	0.00672	0.31746	0.00981

[dist]
# distance from previous block
# <min> <max>
0	1

[block]
# block no. 1 follows, 20 sequences, length 63
# corresponding to MSA columns:
# 13-75
name=unknown_B
#
# <colnr> <probs for GDERKNQSTAVLIFYWHMCP>
#	G	D	E	R	K	N	Q	S	T	A	V	L	I	F	Y	W	H	M	C	P
0	0.02742	0.02082	0.02249	0.01846	0.02408	0.02310	0.01478	0.39690	0.17439	0.04622	0.02803	0.11375	0.02339	0.01307	0.00909	0.00282	0.00835	0.01061	0.00868	0.01355
1	0.02003	0.32900	0.38654	0.02055	0.03108	0.02645	0.02471	0.02697	0.01812	0.02454	0.01412	0.01649	0.01111	0.00793	0.00712	0.00237	0.01134	0.00567	0.00370	0.01215
2	0.02792	0.03328	0.02743	0.08147	0.17086	0.42073	0.01987	0.03111	0.02231	0.02305	0.01419	0.01789	0.01188	0.00908	0.00940	0.00248	0.05537	0.00641	0.00436	0.01090
3	0.01106	0.00801	0.01045	0.01164	0.01270	0.00740	0.00804	0.01330	0.01899	0.02569	0.20470	0.48786	0.09876	0.02452	0.01086	0.00330	0.00477	0.02204	0.00849	0.00740
4	0.01076	0.00777	0.01019	0.01187	0.01264	0.00720	0.00803	0.01253	0.01755	0.02342	0.10036	0.60329	0.08962	0.02624	0.01102	0.00344	0.00495	0.02370	0.00823	0.00720
5	0.01763	0.03827	0.50256	0.02210	0.03380	0.01826	0.02717	0.02632	0.01834	0.02781	0.01562	0.01834	0.01148	0.00786	0.00786	0.00242	0.01140	0.00615	0.00403	0.18257
6	0.02357	0.02290	0.01823	0.01656	0.02005	0.24822	0.01273	0.10665	0.02268	0.02838	0.02062	0.02525	0.01712	0.02424	0.17795	0.00533	0.01413	0.00750	0.17820	0.00970
7	0.03501	0.02147	0.02434	0.01866	0.02557	0.02265	0.01542	0.43466	0.03606	0.23726	0.02510	0.02364	0.01692	0.01057	0.00874	0.00264	0.00893	0.00814	0.00937	0.01484
8	0.01055	0.00788	0.00982	0.01138	0.01245	0.00715	0.00776	0.01223	0.01744	0.02257	0.05739	0.54815	0.19128	0.02612	0.01094	0.00340	0.00491	0.02332	0.00810	0.00715
9	0.01195	0.00837	0.01059	0.01106	0.01183	0.00819	0.00733	0.01365	0.01686	0.02309	0.17595	0.25185	0.05076	0.27533	0.07872	0.00607	0.00766	0.01687	0.00711	0.00675
10	0.02246	0.01483	0.02143	0.02597	0.20097	0.01459	0.01557	0.02880	0.10578	0.17973	0.03359	0.23619	0.03145	0.01529	0.00949	0.00297	0.00747	0.01371	0.00776	0.01194
11	0.01118	0.00876	0.00942	0.00932	0.01144	0.00775	0.00656	0.01316	0.01892	0.02374	0.15711	0.07478	0.40966	0.17902	0.01831	0.00421	0.00532	0.01667	0.00767	0.00701
12	0.03258	0.04157	0.02472	0.02247	0.02697	0.65843	0.01685	0.03483	0.02472	0.02135	0.01348	0.01573	0.01124	0.00899	0.00787	0.00225	0.01573	0.00562	0.00449	0.01011
13	0.02183	0.02227	0.03757	0.04710	0.45993	0.05420	0.13979	0.02712	0.01993	0.02764	0.01625	0.02154	0.01345	0.00813	0.00993	0.00270	0.04513	0.00815	0.00432	0.01301
14	0.02449	0.02128	0.02172	0.01865	0.02303	0.09916	0.01485	0.22307	0.16724	0.03579	0.02325	0.02596	0.01851	0.02370	0.16056	0.00538	0.06611	0.00838	0.00692	0.01197
15	0.01647	0.01550	0.02616	0.67248	0.06008	0.01938	0.02422	0.02229	0.01744	0.02229	0.01550	0.02326	0.01163	0.00872	0.00872	0.00291	0.01163	0.00775	0.00388	0.00969
16	0.01103	0.00846	0.00945	0.00988	0.01155	0.00759	0.00676	0.01269	0.01778	0.02240	0.09562	0.21857	0.33310	0.17425	0.01818	0.00432	0.00546	0.01847	0.00755	0.00688
17	0.02932	0.27312	0.03212	0.01981	0.02535	0.43858	0.01617	0.03176	0.02225	0.02106	0.01301	0.01512	0.01122	0.00845	0.00707	0.00211	0.01347	0.00528	0.00423	0.01049
18	0.08644	0.01966	0.01574	0.01396	0.01778	0.16299	0.01083	0.13425	0.02373	0.03470	0.02219	0.02491	0.01728	0.00977	0.00694	0.00225	0.00803	0.00721	0.37141	0.00995
19	0.01217	0.00891	0.01142	0.01079	0.01293	0.00816	0.00809	0.01613	0.02428	0.03401	0.58797	0.06676	0.12937	0.01819	0.01029	0.00276	0.00414	0.01600	0.00947	0.00816
20	0.02011	0.02736	0.18413	0.03568	0.17806	0.02152	0.26297	0.02873	0.06759	0.02835	0.01802	0.02239	0.01384	0.00840	0.01020	0.00286	0.04405	0.00865	0.00455	0.01256
21	0.02251	0.02102	0.03467	0.05087	0.59027	0.02123	0.02596	0.07324	0.02155	0.03061	0.01677	0.02154	0.01390	0.00799	0.00864	0.00259	0.01030	0.00778	0.00467	0.01390
22	0.03258	0.04157	0.02472	0.02247	0.02697	0.65843	0.01685	0.03483	0.02472	0.02135	0.01348	0.01573	0.01124	0.00899	0.00787	0.00225	0.01573	0.00562	0.00449	0.01011
23	0.01145	0.00888	0.01042	0.01004	0.01248	0.00785	0.00753	0.01473	0.02258	0.02997	0.39473	0.07341	0.32514	0.01970	0.01030	0.00283	0.00425	0.01693	0.00894	0.00785
24	0.02303	0.01535	0.01859	0.01353	0.02105	0.01191	0.01092	0.02679	0.01970	0.17316	0.01994	0.02081	0.01496	0.00748	0.00700	0.00162	0.00669	0.00601	0.00649	0.57498
25	0.01254	0.00905	0.01252	0.01252	0.01356	0.01009	0.00904	0.01462	0.01358	0.01914	0.02473	0.04185	0.02510	0.27408	0.45471	0.01217	0.01841	0.01046	0.00488	0.00696
26	0.01750	0.04512	0.64825	0.02486	0.03775	0.02026	0.03223	0.02762	0.01842	0.02762	0.01565	0.01842	0.01105	0.00829	0.00829	0.00276	0.01289	0.00645	0.00368	0.01289
27	0.01750	0.04512	0.64825	0.02486	0.03775	0.02026	0.03223	0.02762	0.01842	0.02762	0.01565	0.01842	0.01105	0.00829	0.00829	0.00276	0.01289	0.00645	0.00368	0.01289
28	0.02516	0.02187	0.03256	0.04320	0.44998	0.02268	0.02362	0.20692	0.02640	0.03668	0.01781	0.02139	0.01413	0.00861	0.00866	0.00260	0.01013	0.00780	0.00568	0.01413
29	0.01246	0.00935	0.01402	0.01402	0.01558	0.01090	0.01090	0.01558	0.01402	0.02025	0.02336	0.03427	0.02181	0.06542	0.65888	0.01402	0.02336	0.00935	0.00467	0.00779
30	0.01063	0.00759	0.01012	0.01215	0.01265	0.00709	0.00810	0.01215	0.01670	0.02227	0.04808	0.68775	0.05769	0.02733	0.01113	0.00354	0.00506	0.02480	0.00810	0.00709
31	0.02570	0.03146	0.01981	0.01826	0.02228	0.45730	0.01369	0.02794	0.02322	0.02203	0.03662	0.03680	0.20408	0.01304	0.00862	0.00246	0.01224	0.00957	0.00561	0.00926
32	0.02159	0.02073	0.03541	0.05354	0.63903	0.02073	0.02677	0.02677	0.01986	0.02850	0.01641	0.02159	0.01382	0.00777	0.00864	0.00259	0.01036	0.00777	0.00432	0.01382
33	0.02159	0.02073	0.03541	0.05354	0.63903	0.02073	0.02677	0.02677	0.01986	0.02850	0.01641	0.02159	0.01382	0.00777	0.00864	0.00259	0.01036	0.00777	0.00432	0.01382
34	0.02159	0.02073	0.03541	0.05354	0.63903	0.02073	0.02677	0.02677	0.01986	0.02850	0.01641	0.02159	0.01382	0.00777	0.00864	0.00259	0.01036	0.00777	0.00432	0.01382
35	0.01929	0.01876	0.02831	0.03161	0.21261	0.02351	0.02076	0.02231	0.01542	0.02325	0.01400	0.02116	0.01307	0.01725	0.07641	0.00431	0.41540	0.00782	0.00404	0.01071
36	0.01390	0.01082	0.01418	0.01342	0.01385	0.01277	0.00958	0.01514	0.01319	0.01864	0.02316	0.04324	0.02495	0.38564	0.21020	0.00906	0.14587	0.01076	0.00482	0.00682
37	0.02222	0.57493	0.15981	0.01681	0.02530	0.03182	0.01820	0.02640	0.01785	0.02187	0.01279	0.01483	0.01117	0.00762	0.00611	0.00204	0.01000	0.00500	0.00372	0.01152
38	0.02743	0.02873	0.02585	0.02208	0.02539	0.26252	0.01766	0.16439	0.02409	0.02910	0.01444	0.01827	0.01216	0.01180	0.01621	0.00295	0.27378	0.00693	0.00522	0.01100
39	0.01063	0.00759	0.01012	0.01215	0.01265	0.00709	0.00810	0.01215	0.01670	0.02227	0.04808	0.68775	0.05769	0.02733	0.01113	0.00354	0.00506	0.02480	0.00810	0.00709
40	0.01060	0.00770	0.01001	0.01186	0.01258	0.00711	0.00797	0.01218	0.01697	0.02238	0.05153	0.63606	0.10716	0.02688	0.01106	0.00349	0.00501	0.02425	0.00810	0.00711
41	0.02332	0.69869	0.04571	0.01493	0.02239	0.03451	0.01493	0.02612	0.01772	0.02052	0.01213	0.01399	0.01119	0.00746	0.00560	0.00187	0.00933	0.00466	0.00373	0.01119
42	0.01063	0.00759	0.01012	0.01215	0.01265	0.00709	0.00810	0.01215	0.01670	0.02227	0.04808	0.68775	0.05769	0.02733	0.01113	0.00354	0.00506	0.02480	0.00810	0.00709
43	0.02159	0.02073	0.03541	0.05354	0.63903	0.02073	0.02677	0.02677	0.01986	0.02850	0.01641	0.02159	0.01382	0.00777	0.00864	0.00259	0.01036	0.00777	0.00432	0.01382
44	0.01221	0.00826	0.00965	0.01012	0.01024	0.00814	0.00594	0.01256	0.01361	0.01815	0.03225	0.20290	0.03772	0.53944	0.03671	0.00732	0.00767	0.01549	0.00594	0.00570
45	0.01595	0.00816	0.00825	0.00825	0.01011	0.00816	0.00603	0.01967	0.01781	0.03118	0.02837	0.03462	0.02316	0.06866	0.00938	0.00258	0.00444	0.00852	0.67881	0.00789
46	0.01903	0.07382	0.02079	0.01634	0.01906	0.02014	0.01331	0.02839	0.19545	0.02930	0.07216	0.02939	0.02407	0.01261	0.01417	0.00290	0.21338	0.00880	0.17640	0.01051
47	0.01039	0.00853	0.00915	0.00965	0.01200	0.00730	0.00699	0.01243	0.01910	0.02324	0.07843	0.23287	0.49298	0.02338	0.01051	0.00309	0.00458	0.01999	0.00810	0.00730
48	0.02001	0.01911	0.03255	0.24474	0.46019	0.02031	0.02598	0.02539	0.01911	0.02658	0.01613	0.02210	0.01314	0.00807	0.00866	0.00269	0.01075	0.00777	0.00418	0.01254
49	0.02232	0.01945	0.02871	0.28406	0.23351	0.02175	0.02261	0.16308	0.06002	0.03278	0.01826	0.02274	0.01397	0.00902	0.00870	0.00274	0.01047	0.00791	0.00545	0.01245
50	0.20148	0.01781	0.02341	0.27086	0.13124	0.02057	0.01892	0.07397	0.10306	0.03198	0.01802	0.02186	0.01376	0.00899	0.00791	0.00279	0.00941	0.00731	0.00540	0.01125
51	0.02516	0.02371	0.02066	0.01963	0.07068	0.20551	0.01411	0.17317	0.02694	0.06588	0.04049	0.03991	0.21070	0.01352	0.00897	0.00261	0.00970	0.01058	0.00705	0.01100
52	0.18947	0.01553	0.01452	0.01329	0.01755	0.05457	0.01032	0.02776	0.15844	0.09307	0.04520	0.09431	0.20303	0.01494	0.00860	0.00287	0.00659	0.01201	0.00770	0.01024
53	0.01908	0.01347	0.01998	0.02198	0.15226	0.01267	0.04929	0.02201	0.01880	0.11686	0.09551	0.04455	0.08549	0.23017	0.02044	0.00449	0.00817	0.01136	0.00656	0.04687
54	0.01980	0.01607	0.01974	0.02260	0.16114	0.05402	0.01409	0.02646	0.10814	0.09513	0.13989	0.04531	0.17352	0.01371	0.00918	0.00267	0.00724	0.01172	0.00749	0.05209
55	0.02155	0.26291	0.08364	0.02622	0.16809	0.02592	0.01937	0.07455	0.01928	0.02595	0.01527	0.01958	0.01327	0.01510	0.07947	0.00373	0.10331	0.00672	0.00440	0.01167
56	0.02295	0.01824	0.02017	0.06848	0.02474	0.01971	0.01386	0.25751	0.16954	0.03918	0.03919	0.03825	0.16073	0.01310	0.00899	0.00272	0.00774	0.01060	0.00802	0.05628
57	0.02582	0.02285	0.02295	0.02196	0.09876	0.12931	0.01541	0.22555	0.07896	0.03686	0.02189	0.06317	0.01810	0.01047	0.00821	0.00241	0.00936	0.00834	0.06535	0.11428
58	0.05245	0.05933	0.02457	0.15229	0.07600	0.01964	0.05159	0.12966	0.10906	0.03209	0.05331	0.11775	0.02472	0.01504	0.04107	0.00340	0.00963	0.01072	0.00648	0.01119
59	0.01946	0.01445	0.01452	0.01287	0.01612	0.05326	0.00982	0.16319	0.02337	0.03183	0.03800	0.04206	0.16166	0.07240	0.05236	0.06734	0.00804	0.01067	0.17946	0.00911
60	0.02364	0.13429	0.11895	0.01922	0.05510	0.02156	0.01691	0.11120	0.16975	0.09497	0.02692	0.02667	0.05416	0.01020	0.00806	0.00250	0.00860	0.00807	0.00680	0.08242
61	0.06106	0.28419	0.06364	0.02010	0.07207	0.02332	0.08103	0.05867	0.02075	0.02830	0.13484	0.06803	0.02822	0.01095	0.00791	0.00245	0.00880	0.00920	0.00564	0.01085
62	0.20494	0.11589	0.02246	0.01654	0.02126	0.20924	0.01339	0.06354	0.04719	0.02866	0.02455	0.02583	0.09760	0.01108	0.00904	0.00258	0.06305	0.00752	0.00551	0.01013

[dist]
# distance from previous block
# <min> <max>
2	50

[block]
# block no. 2 follows, 20 sequences, length 23
# corresponding to MSA columns:
# 135-157
name=unknown_C
#
# <colnr> <probs for GDERKNQSTAVLIFYWHMCP>
#	G	D	E	R	K	N	Q	S	T	A	V	L	I	F	Y	W	H	M	C	P
0	0.02054	0.11076	0.02536	0.10677	0.05880	0.07257	0.05902	0.11001	0.02192	0.02881	0.02464	0.17608	0.02399	0.01304	0.00856	0.00265	0.00908	0.01124	0.07259	0.04358
1	0.01887	0.01387	0.01578	0.01689	0.07242	0.06660	0.01130	0.05074	0.02067	0.10830	0.07378	0.24798	0.15331	0.01961	0.01170	0.05871	0.00703	0.01558	0.00759	0.00926
2	0.09818	0.01972	0.02463	0.13544	0.21706	0.08076	0.01875	0.11147	0.02202	0.03076	0.02182	0.13838	0.02067	0.01195	0.00869	0.00279	0.00966	0.01027	0.00570	0.01128
3	0.32955	0.02740	0.04680	0.02073	0.07844	0.24033	0.01544	0.05803	0.02007	0.03129	0.01354	0.01619	0.01091	0.00893	0.00821	0.00260	0.05035	0.00571	0.00499	0.01049
4	0.01834	0.09158	0.22055	0.18821	0.03692	0.07442	0.05396	0.02465	0.01978	0.02608	0.10927	0.02989	0.02379	0.01047	0.00868	0.00273	0.01104	0.03404	0.00493	0.01069
5	0.19548	0.02728	0.14044	0.01737	0.02340	0.17477	0.01601	0.07893	0.02245	0.03255	0.13786	0.02857	0.04871	0.01099	0.00801	0.00261	0.00981	0.00823	0.00606	0.01045
6	0.02246	0.03479	0.27888	0.02439	0.03176	0.14693	0.06783	0.08024	0.02066	0.02734	0.01487	0.01866	0.01169	0.01020	0.01320	0.00291	0.17018	0.00698	0.00438	0.01165
7	0.01923	0.01478	0.01680	0.01511	0.01813	0.04970	0.01176	0.16946	0.02180	0.03005	0.02302	0.03165	0.02035	0.09755	0.34432	0.00889	0.01638	0.00894	0.07254	0.00954
8	0.02608	0.02005	0.02049	0.01698	0.02182	0.07384	0.01364	0.34116	0.03035	0.04139	0.02212	0.02515	0.01722	0.02100	0.13492	0.00471	0.01182	0.00800	0.13739	0.01188
9	0.02246	0.01115	0.01490	0.01269	0.01652	0.00996	0.00996	0.02629	0.02480	0.26529	0.40793	0.05177	0.05939	0.01518	0.00972	0.00273	0.00536	0.01313	0.01005	0.01073
10	0.01248	0.00927	0.01364	0.01364	0.01506	0.01070	0.01043	0.01533	0.01391	0.01997	0.02371	0.03619	0.02264	0.11842	0.60702	0.01355	0.02211	0.00963	0.00472	0.00758
11	0.01268	0.00846	0.00951	0.00951	0.00951	0.00846	0.00529	0.01268	0.01268	0.01691	0.02748	0.05708	0.03171	0.69345	0.04440	0.00846	0.00846	0.01268	0.00529	0.00529
12	0.01031	0.00884	0.00884	0.00884	0.01178	0.00736	0.00663	0.01252	0.01988	0.02356	0.08837	0.08395	0.63549	0.02209	0.01031	0.00295	0.00442	0.01841	0.00810	0.00736
13	0.01502	0.01118	0.01426	0.06925	0.01915	0.01158	0.01093	0.11656	0.02097	0.02793	0.04063	0.51616	0.04638	0.02284	0.01051	0.00333	0.00640	0.02042	0.00785	0.00865
14	0.01678	0.01581	0.02671	0.63576	0.09442	0.01946	0.02438	0.02255	0.01759	0.02266	0.01556	0.02316	0.01176	0.00866	0.00872	0.00289	0.01155	0.00775	0.00390	0.00993
15	0.02059	0.02353	0.05147	0.03676	0.04559	0.02206	0.60735	0.02794	0.02059	0.02794	0.01765	0.02353	0.01324	0.00735	0.01029	0.00294	0.01471	0.01029	0.00441	0.01176
16	0.01515	0.00758	0.01136	0.01136	0.01136	0.00758	0.00758	0.01136	0.01136	0.01515	0.01515	0.02652	0.01515	0.03030	0.03409	0.74621	0.00758	0.00758	0.00379	0.00379
17	0.02403	0.01563	0.01643	0.01362	0.01793	0.01683	0.01092	0.29143	0.02874	0.04284	0.02500	0.02720	0.01890	0.01030	0.00731	0.00230	0.00661	0.00800	0.40478	0.01121
18	0.01696	0.03236	0.37181	0.02619	0.08598	0.01808	0.12199	0.02466	0.01919	0.02696	0.03022	0.03231	0.13337	0.01078	0.00904	0.00281	0.01132	0.00953	0.00472	0.01171
19	0.01866	0.02827	0.27158	0.03315	0.24797	0.01844	0.06870	0.02539	0.01859	0.02748	0.01825	0.02455	0.01501	0.06745	0.01149	0.00314	0.01094	0.00790	0.07098	0.01205
20	0.01705	0.01930	0.07242	0.01742	0.02068	0.13766	0.05741	0.02023	0.01743	0.02177	0.02623	0.17505	0.02714	0.10335	0.21902	0.00702	0.01470	0.01220	0.00535	0.00856
21	0.11354	0.09051	0.07142	0.01476	0.01964	0.07136	0.01300	0.02398	0.07432	0.02881	0.12531	0.04431	0.09467	0.03961	0.00989	0.00292	0.00788	0.08259	0.00657	0.06491
22	0.01792	0.15257	0.10406	0.16837	0.08848	0.02109	0.01968	0.02348	0.04201	0.02346	0.01859	0.02680	0.01627	0.02080	0.13645	0.00495	0.06304	0.03707	0.00444	0.01046

[dist]
# distance from previous block
# <min> <max>
4	56

[block]
# block no. 3 follows, 20 sequences, length 19
# corresponding to MSA columns:
# 214-232
name=unknown_D
#
# <colnr> <probs for GDERKNQSTAVLIFYWHMCP>
#	G	D	E	R	K	N	Q	S	T	A	V	L	I	F	Y	W	H	M	C	P
0	0.06510	0.02874	0.08538	0.16744	0.16134	0.24059	0.02129	0.03021	0.06982	0.02586	0.01645	0.02010	0.01299	0.00879	0.00819	0.00259	0.01224	0.00690	0.00466	0.01132
1	0.01952	0.01649	0.02356	0.08610	0.14422	0.01744	0.05810	0.06233	0.11101	0.06866	0.04061	0.04140	0.19124	0.01346	0.01091	0.00291	0.06277	0.01132	0.00669	0.01124
2	0.02415	0.02403	0.02389	0.02458	0.11945	0.19497	0.01679	0.12756	0.02282	0.02855	0.01949	0.07637	0.01800	0.04041	0.05952	0.00379	0.12376	0.00886	0.03223	0.01077
3	0.08647	0.01533	0.02002	0.01925	0.07897	0.05883	0.09227	0.01999	0.01839	0.02613	0.10904	0.10467	0.07567	0.17047	0.01721	0.00404	0.00852	0.01215	0.00607	0.05650
4	0.01558	0.01247	0.01432	0.01232	0.01634	0.01127	0.00922	0.02106	0.09638	0.02660	0.09101	0.04662	0.09189	0.18140	0.01734	0.00379	0.00669	0.05099	0.00661	0.26809
5	0.01757	0.01598	0.02276	0.03031	0.28967	0.01605	0.01695	0.02551	0.13655	0.02880	0.07387	0.04568	0.21705	0.01360	0.00930	0.00278	0.00750	0.01195	0.00666	0.01149
6	0.03233	0.02402	0.02571	0.01990	0.02673	0.02666	0.01638	0.56913	0.08318	0.05364	0.02200	0.02178	0.01569	0.01057	0.00874	0.00264	0.00940	0.00800	0.00874	0.01476
7	0.01246	0.00935	0.01402	0.01402	0.01558	0.01090	0.01090	0.01558	0.01402	0.02025	0.02336	0.03427	0.02181	0.06542	0.65888	0.01402	0.02336	0.00935	0.00467	0.00779
8	0.01235	0.00892	0.01166	0.01097	0.01303	0.00823	0.00823	0.01646	0.02469	0.03498	0.63443	0.06516	0.08230	0.01783	0.01029	0.00274	0.00412	0.01578	0.00960	0.00823
9	0.01125	0.00887	0.01014	0.00983	0.01236	0.00777	0.00737	0.01434	0.02211	0.02885	0.34124	0.07525	0.37932	0.02012	0.01030	0.00285	0.00428	0.01719	0.00880	0.00777
10	0.01034	0.00873	0.00894	0.00911	0.01185	0.00734	0.00675	0.01249	0.01962	0.02346	0.08508	0.13319	0.58837	0.02252	0.01038	0.00299	0.00447	0.01893	0.00810	0.00734
11	0.64926	0.01657	0.01392	0.01207	0.01767	0.01857	0.00995	0.02813	0.01634	0.12868	0.01544	0.01646	0.01124	0.00850	0.00590	0.00270	0.00685	0.00532	0.00620	0.01024
12	0.02050	0.01897	0.02840	0.09921	0.36649	0.02013	0.02156	0.03134	0.19815	0.02999	0.02601	0.02849	0.05231	0.00987	0.00881	0.00275	0.00913	0.00899	0.00584	0.01306
13	0.01908	0.01908	0.02672	0.02290	0.02290	0.02672	0.01908	0.02099	0.01336	0.02099	0.01145	0.01908	0.01145	0.01527	0.02863	0.00382	0.67748	0.00763	0.00382	0.00954
14	0.02003	0.01634	0.02299	0.18464	0.10969	0.01771	0.04439	0.03084	0.20707	0.08710	0.03621	0.03695	0.12452	0.01199	0.00911	0.00287	0.00851	0.01045	0.00689	0.01168
15	0.01908	0.01908	0.02672	0.02290	0.02290	0.02672	0.01908	0.02099	0.01336	0.02099	0.01145	0.01908	0.01145	0.01527	0.02863	0.00382	0.67748	0.00763	0.00382	0.00954
16	0.23839	0.02466	0.17252	0.21677	0.03622	0.05897	0.02025	0.02728	0.01808	0.08764	0.01622	0.01953	0.01176	0.00864	0.00758	0.00275	0.01035	0.00650	0.00498	0.01091
17	0.08264	0.03637	0.02319	0.02092	0.02543	0.52511	0.01588	0.07005	0.02430	0.02471	0.01459	0.01730	0.01211	0.01311	0.05489	0.00316	0.01525	0.00597	0.00485	0.01020
18	0.11578	0.02705	0.02264	0.01887	0.02427	0.21302	0.01489	0.30792	0.03020	0.03928	0.01819	0.02139	0.01446	0.05467	0.03668	0.00334	0.01158	0.00718	0.00669	0.01191

[dist]
# distance from previous block
# <min> <max>
0	4

[block]
# block no. 4 follows, 20 sequences, length 28
# corresponding to MSA columns:
# 237-264
name=unknown_E
#
# <colnr> <probs for GDERKNQSTAVLIFYWHMCP>
#	G	D	E	R	K	N	Q	S	T	A	V	L	I	F	Y	W	H	M	C	P
0	0.01867	0.01821	0.02320	0.07616	0.24280	0.07663	0.01693	0.02258	0.01976	0.02610	0.03383	0.03595	0.16852	0.01124	0.00850	0.00238	0.00862	0.00964	0.00544	0.17483
1	0.01626	0.00813	0.00813	0.00813	0.01016	0.00813	0.00610	0.02033	0.01829	0.03252	0.02846	0.03252	0.02236	0.01016	0.00610	0.00203	0.00407	0.00813	0.74187	0.00813
2	0.02483	0.01812	0.01997	0.01670	0.02114	0.01961	0.01297	0.38185	0.03120	0.04178	0.02858	0.19229	0.02777	0.10473	0.01403	0.00362	0.00831	0.01272	0.00812	0.01164
3	0.01246	0.00935	0.01402	0.01402	0.01558	0.01090	0.01090	0.01558	0.01402	0.02025	0.02336	0.03427	0.02181	0.06542	0.65888	0.01402	0.02336	0.00935	0.00467	0.00779
4	0.05806	0.12971	0.53457	0.02283	0.03460	0.02210	0.02872	0.02732	0.01813	0.02731	0.01500	0.01760	0.01098	0.00817	0.00778	0.00264	0.01209	0.00612	0.00378	0.01248
5	0.01750	0.04512	0.64825	0.02486	0.03775	0.02026	0.03223	0.02762	0.01842	0.02762	0.01565	0.01842	0.01105	0.00829	0.00829	0.00276	0.01289	0.00645	0.00368	0.01289
6	0.01212	0.00915	0.01098	0.01146	0.01355	0.00847	0.00892	0.01489	0.01976	0.02538	0.16366	0.08107	0.27752	0.11806	0.01570	0.00402	0.00602	0.18391	0.00794	0.00742
7	0.01784	0.01667	0.02488	0.05542	0.13653	0.01707	0.11225	0.02838	0.19927	0.02965	0.07772	0.04346	0.17689	0.01314	0.00950	0.00287	0.00825	0.01195	0.00693	0.01133
8	0.01235	0.00892	0.01166	0.01097	0.01303	0.00823	0.00823	0.01646	0.02469	0.03498	0.63443	0.06516	0.08230	0.01783	0.01029	0.00274	0.00412	0.01578	0.00960	0.00823
9	0.01750	0.04512	0.64825	0.02486	0.03775	0.02026	0.03223	0.02762	0.01842	0.02762	0.01565	0.01842	0.01105	0.00829	0.00829	0.00276	0.01289	0.00645	0.00368	0.01289
10	0.01059	0.00893	0.00922	0.00937	0.01225	0.00756	0.00718	0.01293	0.01990	0.02375	0.08524	0.08502	0.59216	0.02224	0.01044	0.00302	0.00469	0.06001	0.00810	0.00741
11	0.01341	0.01312	0.06482	0.01305	0.01694	0.00956	0.01060	0.01655	0.01809	0.02550	0.08291	0.34701	0.09065	0.01871	0.00944	0.00273	0.00598	0.01653	0.00702	0.21735
12	0.03258	0.04157	0.02472	0.02247	0.02697	0.65843	0.01685	0.03483	0.02472	0.02135	0.01348	0.01573	0.01124	0.00899	0.00787	0.00225	0.01573	0.00562	0.00449	0.01011
13	0.01246	0.00935	0.01402	0.01402	0.01558	0.01090	0.01090	0.01558	0.01402	0.02025	0.02336	0.03427	0.02181	0.06542	0.65888	0.01402	0.02336	0.00935	0.00467	0.00779
14	0.02979	0.24093	0.03121	0.02002	0.02558	0.42984	0.01625	0.06708	0.02357	0.02314	0.01352	0.01552	0.01144	0.00861	0.00723	0.00215	0.01341	0.00546	0.00452	0.01073
15	0.01235	0.00892	0.01166	0.01097	0.01303	0.00823	0.00823	0.01646	0.02469	0.03498	0.63443	0.06516	0.08230	0.01783	0.01029	0.00274	0.00412	0.01578	0.00960	0.00823
16	0.01920	0.20662	0.44868	0.02336	0.03456	0.02397	0.07517	0.02727	0.01842	0.02588	0.01494	0.01773	0.01127	0.00800	0.00778	0.00255	0.01215	0.00632	0.00376	0.01237
17	0.01854	0.12946	0.07133	0.02370	0.16086	0.01857	0.01641	0.05932	0.07122	0.03022	0.18329	0.08776	0.03631	0.01508	0.03770	0.00314	0.00854	0.01092	0.00654	0.01108
18	0.02319	0.64260	0.04357	0.01516	0.02241	0.03346	0.01483	0.02779	0.06768	0.02184	0.01406	0.01552	0.01247	0.00782	0.00587	0.00196	0.00913	0.00509	0.00416	0.01141
19	0.75506	0.01687	0.01282	0.01147	0.01687	0.01957	0.00945	0.02564	0.01484	0.03914	0.01215	0.01417	0.00945	0.00810	0.00540	0.00270	0.00675	0.00472	0.00540	0.00945
20	0.01260	0.00857	0.01005	0.00988	0.01039	0.00840	0.00602	0.01363	0.01568	0.02143	0.17911	0.05910	0.04435	0.52466	0.03588	0.00703	0.00737	0.01346	0.00636	0.00602
21	0.01263	0.00868	0.01067	0.01067	0.01107	0.00908	0.00673	0.01343	0.01303	0.01777	0.02643	0.05123	0.02917	0.53242	0.20195	0.00988	0.01228	0.01183	0.00513	0.00593
22	0.01201	0.00890	0.01119	0.01062	0.01283	0.00809	0.00797	0.01581	0.02390	0.03310	0.54451	0.06825	0.17340	0.01853	0.01029	0.00278	0.00417	0.01621	0.00935	0.00809
23	0.02059	0.02353	0.05147	0.03676	0.04559	0.02206	0.60735	0.02794	0.02059	0.02794	0.01765	0.02353	0.01324	0.00735	0.01029	0.00294	0.01471	0.01029	0.00441	0.01176
24	0.01031	0.00884	0.00884	0.00884	0.01178	0.00736	0.00663	0.01252	0.01988	0.02356	0.08837	0.08395	0.63549	0.02209	0.01031	0.00295	0.00442	0.01841	0.00810	0.00736
25	0.01908	0.01908	0.02672	0.02290	0.02290	0.02672	0.01908	0.02099	0.01336	0.02099	0.01145	0.01908	0.01145	0.01527	0.02863	0.00382	0.67748	0.00763	0.00382	0.00954
26	0.18168	0.01073	0.01192	0.01109	0.01391	0.01082	0.00851	0.01855	0.02245	0.03593	0.49255	0.05353	0.06569	0.01561	0.00917	0.00273	0.00472	0.01326	0.00864	0.00851
27	0.02988	0.23521	0.03107	0.02003	0.02561	0.42135	0.01626	0.07950	0.02398	0.02387	0.01369	0.01564	0.01152	0.00866	0.00726	0.00216	0.01333	0.00552	0.00462	0.01082

[dist]
# distance from previous block
# <min> <max>
0	2

[block]
# block no. 5 follows, 20 sequences, length 19
# corresponding to MSA columns:
# 267-285
name=unknown_F
#
# <colnr> <probs for GDERKNQSTAVLIFYWHMCP>
#	G	D	E	R	K	N	Q	S	T	A	V	L	I	F	Y	W	H	M	C	P
0	0.24272	0.02953	0.26151	0.02465	0.03395	0.02063	0.21185	0.02712	0.01803	0.03123	0.01523	0.01878	0.01127	0.00793	0.00806	0.00280	0.01161	0.00717	0.00444	0.01148
1	0.02201	0.17642	0.12626	0.03800	0.34554	0.06296	0.05572	0.02731	0.01952	0.02613	0.01523	0.01919	0.01264	0.00783	0.00795	0.00245	0.01106	0.00689	0.00411	0.01276
2	0.02468	0.19715	0.03180	0.02850	0.20058	0.24022	0.01851	0.02801	0.02028	0.02307	0.01517	0.01920	0.01324	0.01502	0.08556	0.00366	0.01349	0.00644	0.00427	0.01117
3	0.01080	0.00881	0.00964	0.01016	0.01266	0.00765	0.00772	0.01313	0.01946	0.02369	0.07771	0.16956	0.48506	0.02306	0.01063	0.00316	0.00494	0.08666	0.00809	0.00741
4	0.01268	0.00846	0.00951	0.00951	0.00951	0.00846	0.00529	0.01268	0.01268	0.01691	0.02748	0.05708	0.03171	0.69345	0.04440	0.00846	0.00846	0.01268	0.00529	0.00529
5	0.01055	0.00790	0.00980	0.01131	0.01243	0.00716	0.00773	0.01224	0.01750	0.02259	0.05822	0.53574	0.20316	0.02601	0.01093	0.00339	0.00490	0.02319	0.00810	0.00716
6	0.01063	0.00759	0.01012	0.01215	0.01265	0.00709	0.00810	0.01215	0.01670	0.02227	0.04808	0.68775	0.05769	0.02733	0.01113	0.00354	0.00506	0.02480	0.00810	0.00709
7	0.03316	0.02443	0.02618	0.02007	0.02705	0.02705	0.01658	0.60995	0.04101	0.05497	0.02094	0.02094	0.01483	0.01047	0.00873	0.00262	0.00960	0.00785	0.00873	0.01483
8	0.08574	0.02351	0.02811	0.02220	0.02844	0.09880	0.14620	0.20478	0.16295	0.03825	0.02229	0.02359	0.01668	0.00970	0.00859	0.00270	0.01033	0.00834	0.04624	0.01255
9	0.02227	0.02342	0.03694	0.09662	0.38643	0.09736	0.15447	0.02763	0.02041	0.02701	0.01626	0.02145	0.01320	0.00790	0.00892	0.00265	0.01208	0.00807	0.00432	0.01258
10	0.01750	0.04512	0.64825	0.02486	0.03775	0.02026	0.03223	0.02762	0.01842	0.02762	0.01565	0.01842	0.01105	0.00829	0.00829	0.00276	0.01289	0.00645	0.00368	0.01289
11	0.01410	0.00820	0.00859	0.00890	0.01090	0.00780	0.00652	0.01737	0.01839	0.02899	0.04449	0.14503	0.16085	0.01541	0.00779	0.00246	0.00430	0.01294	0.46917	0.00780
12	0.01286	0.00924	0.01062	0.01007	0.01290	0.00803	0.00762	0.01587	0.02204	0.06611	0.29409	0.07342	0.38602	0.01977	0.01021	0.00285	0.00449	0.01681	0.00884	0.00816
13	0.01057	0.00783	0.00988	0.01151	0.01249	0.00714	0.00782	0.01222	0.01731	0.02252	0.05579	0.57210	0.16836	0.02632	0.01098	0.00343	0.00494	0.02357	0.00810	0.00714
14	0.01060	0.00875	0.00931	0.00938	0.01202	0.00745	0.00696	0.01300	0.02025	0.02494	0.15601	0.13081	0.51646	0.02197	0.01037	0.00297	0.00443	0.01859	0.00830	0.00745
15	0.01772	0.01631	0.02730	0.26311	0.29352	0.01803	0.02228	0.02265	0.01768	0.02444	0.01766	0.02505	0.01485	0.02116	0.15584	0.00529	0.01375	0.00812	0.00424	0.01100
16	0.02324	0.02550	0.02377	0.02730	0.17736	0.26629	0.01724	0.02825	0.06970	0.02425	0.02205	0.02624	0.04721	0.02235	0.15561	0.00509	0.01481	0.00800	0.00503	0.01068
17	0.02024	0.01930	0.03222	0.04818	0.56384	0.01912	0.02436	0.02506	0.01986	0.02791	0.02503	0.02906	0.08834	0.00949	0.00884	0.00263	0.00965	0.00905	0.00477	0.01304
18	0.01890	0.17415	0.08666	0.02207	0.11654	0.09561	0.01655	0.02256	0.01795	0.02280	0.02225	0.14137	0.02230	0.02423	0.15285	0.00511	0.01296	0.01009	0.00490	0.01014

[dist]
# distance from previous block
# <min> <max>
0	40

[block]
# block no. 6 follows, 20 sequences, length 56
# corresponding to MSA columns:
# 326-381
name=unknown_G
#
# <colnr> <probs for GDERKNQSTAVLIFYWHMCP>
#	G	D	E	R	K	N	Q	S	T	A	V	L	I	F	Y	W	H	M	C	P
0	0.01479	0.01484	0.06257	0.02344	0.19759	0.01250	0.01423	0.01816	0.01872	0.02493	0.09668	0.05388	0.23802	0.15297	0.01660	0.00393	0.00756	0.01304	0.00623	0.00931
1	0.02092	0.02002	0.03382	0.05087	0.60160	0.01993	0.02557	0.02592	0.01986	0.02820	0.02070	0.02531	0.05092	0.00863	0.00874	0.00261	0.01001	0.00841	0.00454	0.01343
2	0.02413	0.05757	0.02584	0.02929	0.21930	0.29447	0.01786	0.02733	0.02187	0.02405	0.02958	0.03139	0.13892	0.01119	0.00851	0.00248	0.01143	0.00886	0.00514	0.01079
3	0.17503	0.03433	0.02258	0.01997	0.02499	0.44509	0.01536	0.11267	0.02503	0.02951	0.01425	0.01614	0.01138	0.00902	0.00750	0.00239	0.01311	0.00575	0.00526	0.01064
4	0.01456	0.01109	0.01303	0.01122	0.01425	0.00970	0.00769	0.01630	0.01504	0.02176	0.02406	0.08120	0.02574	0.35678	0.06435	0.00579	0.00837	0.01044	0.00538	0.28323
5	0.01306	0.01011	0.01094	0.01041	0.01356	0.00920	0.00791	0.01793	0.08178	0.05353	0.18117	0.07299	0.44616	0.01979	0.01010	0.00290	0.00474	0.01665	0.00857	0.00849
6	0.01901	0.01856	0.03231	0.22688	0.29032	0.02024	0.09969	0.02410	0.01839	0.02545	0.01782	0.06440	0.01565	0.00999	0.01105	0.00291	0.07818	0.00916	0.00439	0.01148
7	0.51812	0.01620	0.01528	0.01281	0.01866	0.01733	0.01056	0.03122	0.01819	0.23968	0.01952	0.01931	0.01347	0.00899	0.00651	0.00270	0.00697	0.00606	0.00718	0.01123
8	0.01665	0.03657	0.48413	0.02336	0.03371	0.01846	0.06185	0.02519	0.01765	0.02614	0.01734	0.02194	0.01336	0.01984	0.14062	0.00506	0.01513	0.00726	0.00393	0.01179
9	0.01416	0.01030	0.01325	0.01351	0.01511	0.01083	0.00979	0.08875	0.01870	0.02543	0.03592	0.36653	0.03988	0.08383	0.20353	0.00685	0.01125	0.01725	0.00697	0.00814
10	0.01048	0.00818	0.00951	0.01057	0.01224	0.00722	0.00740	0.01232	0.01821	0.02288	0.06721	0.40095	0.33215	0.02484	0.01074	0.00326	0.00476	0.02176	0.00810	0.00722
11	0.01063	0.00759	0.01012	0.01215	0.01265	0.00709	0.00810	0.01215	0.01670	0.02227	0.04808	0.68775	0.05769	0.02733	0.01113	0.00354	0.00506	0.02480	0.00810	0.00709
12	0.02200	0.02407	0.02783	0.02367	0.02516	0.15871	0.05502	0.02432	0.01618	0.02150	0.01226	0.01866	0.01152	0.01346	0.02314	0.00343	0.49790	0.00738	0.00400	0.00980
13	0.03053	0.03793	0.02588	0.06398	0.09059	0.55645	0.01829	0.03328	0.02380	0.02212	0.01390	0.01676	0.01152	0.00885	0.00799	0.00232	0.01495	0.00596	0.00444	0.01046
14	0.02121	0.02033	0.03471	0.09995	0.59563	0.02062	0.02658	0.02643	0.01968	0.02803	0.01634	0.02171	0.01365	0.00784	0.00864	0.00261	0.01046	0.00777	0.00428	0.01351
15	0.02166	0.02361	0.02353	0.06369	0.06138	0.21420	0.01712	0.02431	0.01845	0.02253	0.05467	0.07009	0.01999	0.01727	0.06473	0.00389	0.25560	0.00889	0.00478	0.00959
16	0.01203	0.00832	0.01028	0.01108	0.01161	0.00807	0.00723	0.01328	0.01586	0.02131	0.09729	0.28297	0.04734	0.34074	0.02683	0.00582	0.00679	0.05982	0.00692	0.00642
17	0.09780	0.06258	0.02397	0.02469	0.15073	0.17741	0.01624	0.02956	0.08244	0.07271	0.01975	0.02326	0.01612	0.02045	0.14012	0.00484	0.01333	0.00736	0.00547	0.01115
18	0.01075	0.00876	0.00951	0.00952	0.01210	0.00752	0.00706	0.01329	0.02062	0.02579	0.19632	0.12540	0.47975	0.02162	0.01037	0.00295	0.00440	0.01835	0.00841	0.00752
19	0.02766	0.02117	0.02322	0.01746	0.02472	0.02142	0.01430	0.39530	0.03264	0.04528	0.01896	0.01990	0.01414	0.00901	0.00790	0.00213	0.00845	0.00687	0.00743	0.28203
20	0.02343	0.01928	0.02473	0.09012	0.15575	0.01946	0.01712	0.23019	0.02663	0.03686	0.02281	0.02504	0.05800	0.00949	0.00822	0.00231	0.00876	0.00787	0.00633	0.20761
21	0.02159	0.02073	0.03541	0.05354	0.63903	0.02073	0.02677	0.02677	0.01986	0.02850	0.01641	0.02159	0.01382	0.00777	0.00864	0.00259	0.01036	0.00777	0.00432	0.01382
22	0.01647	0.01550	0.02616	0.67248	0.06008	0.01938	0.02422	0.02229	0.01744	0.02229	0.01550	0.02326	0.01163	0.00872	0.00872	0.00291	0.01163	0.00775	0.00388	0.00969
23	0.02159	0.02073	0.03541	0.05354	0.63903	0.02073	0.02677	0.02677	0.01986	0.02850	0.01641	0.02159	0.01382	0.00777	0.00864	0.00259	0.01036	0.00777	0.00432	0.01382
24	0.01057	0.00885	0.00919	0.00911	0.01194	0.00747	0.00683	0.01302	0.02049	0.02501	0.15739	0.08157	0.56557	0.02155	0.01031	0.00292	0.00438	0.01808	0.00829	0.00747
25	0.01058	0.00892	0.00921	0.00935	0.01223	0.00755	0.00716	0.01291	0.01990	0.02374	0.08536	0.08498	0.59381	0.02223	0.01043	0.00302	0.00468	0.05843	0.00810	0.00741
26	0.02159	0.02073	0.03541	0.05354	0.63903	0.02073	0.02677	0.02677	0.01986	0.02850	0.01641	0.02159	0.01382	0.00777	0.00864	0.00259	0.01036	0.00777	0.00432	0.01382
27	0.09732	0.01529	0.01959	0.01534	0.02185	0.01401	0.01261	0.04138	0.06674	0.55144	0.03264	0.02860	0.02094	0.01065	0.00850	0.00272	0.00733	0.00851	0.01021	0.01432
28	0.01782	0.08154	0.61467	0.02431	0.03690	0.02105	0.03126	0.02754	0.01838	0.02723	0.01546	0.01817	0.01106	0.00824	0.00814	0.00271	0.01269	0.00635	0.00369	0.01280
29	0.01515	0.00758	0.01136	0.01136	0.01136	0.00758	0.00758	0.01136	0.01136	0.01515	0.01515	0.02652	0.01515	0.03030	0.03409	0.74621	0.00758	0.00758	0.00379	0.00379
30	0.01265	0.00860	0.01025	0.01025	0.01050	0.00885	0.00620	0.01316	0.01290	0.01746	0.02681	0.05337	0.03010	0.59130	0.14434	0.00936	0.01088	0.01214	0.00519	0.00569
31	0.02677	0.09854	0.02842	0.02179	0.02613	0.32594	0.04962	0.06368	0.02158	0.02406	0.01368	0.01727	0.01173	0.01015	0.01267	0.00258	0.17157	0.00636	0.00455	0.06293
32	0.02159	0.02073	0.03541	0.05354	0.63903	0.02073	0.02677	0.02677	0.01986	0.02850	0.01641	0.02159	0.01382	0.00777	0.00864	0.00259	0.01036	0.00777	0.00432	0.01382
33	0.03376	0.02347	0.02558	0.01961	0.02657	0.02562	0.01620	0.55277	0.03940	0.11443	0.02230	0.02182	0.01552	0.01050	0.00873	0.00263	0.00938	0.00795	0.00893	0.01484
34	0.02588	0.19111	0.09407	0.02635	0.15441	0.22959	0.01933	0.02985	0.02094	0.05854	0.01530	0.01776	0.01244	0.00822	0.00748	0.00224	0.01167	0.00607	0.00459	0.06416
35	0.02696	0.07208	0.02764	0.02528	0.08717	0.37132	0.01839	0.02943	0.02047	0.02191	0.01310	0.01720	0.01156	0.01062	0.01391	0.00272	0.20925	0.00637	0.00423	0.01038
36	0.01151	0.00888	0.01049	0.01009	0.01252	0.00787	0.00757	0.01483	0.02271	0.03027	0.40911	0.07291	0.31056	0.01959	0.01030	0.00283	0.00424	0.01686	0.00898	0.00787
37	0.01071	0.00885	0.00939	0.00926	0.01203	0.00753	0.00694	0.01330	0.02083	0.02582	0.19623	0.08024	0.52622	0.02125	0.01031	0.00291	0.00436	0.01789	0.00840	0.00753
38	0.03295	0.01973	0.02266	0.01792	0.02439	0.02072	0.01462	0.28433	0.15707	0.26700	0.02892	0.02657	0.01978	0.01088	0.00877	0.00272	0.00824	0.00861	0.00951	0.01462
39	0.01095	0.00792	0.01044	0.01233	0.01314	0.00740	0.00860	0.01277	0.01724	0.02274	0.05045	0.59001	0.09364	0.02667	0.01117	0.00355	0.00532	0.08037	0.00809	0.00720
40	0.01063	0.00759	0.01012	0.01215	0.01265	0.00709	0.00810	0.01215	0.01670	0.02227	0.04808	0.68775	0.05769	0.02733	0.01113	0.00354	0.00506	0.02480	0.00810	0.00709
41	0.02170	0.01874	0.01972	0.01775	0.02268	0.02170	0.01381	0.04635	0.62327	0.03649	0.03550	0.03254	0.02663	0.01183	0.00888	0.00296	0.00690	0.00986	0.00888	0.01381
42	0.01246	0.00935	0.01402	0.01402	0.01558	0.01090	0.01090	0.01558	0.01402	0.02025	0.02336	0.03427	0.02181	0.06542	0.65888	0.01402	0.02336	0.00935	0.00467	0.00779
43	0.01750	0.04512	0.64825	0.02486	0.03775	0.02026	0.03223	0.02762	0.01842	0.02762	0.01565	0.01842	0.01105	0.00829	0.00829	0.00276	0.01289	0.00645	0.00368	0.01289
44	0.02051	0.02120	0.03833	0.03881	0.25555	0.02294	0.22256	0.02547	0.01820	0.02610	0.01537	0.02151	0.01292	0.00983	0.01508	0.00307	0.20787	0.00859	0.00420	0.01186
45	0.01293	0.00973	0.01240	0.01198	0.01417	0.00966	0.00913	0.01799	0.06436	0.03031	0.37918	0.06114	0.12111	0.05032	0.12012	0.00494	0.00794	0.04590	0.00833	0.00835
46	0.01753	0.02320	0.24393	0.01570	0.02227	0.01385	0.01671	0.05715	0.01987	0.06653	0.03615	0.03975	0.14706	0.08088	0.01196	0.00321	0.00834	0.01015	0.15553	0.01024
47	0.02160	0.01334	0.01638	0.01391	0.01852	0.01229	0.01078	0.06247	0.08307	0.17292	0.14917	0.16764	0.03901	0.01470	0.00907	0.00261	0.00618	0.01269	0.00852	0.16514
48	0.01822	0.01357	0.01688	0.01529	0.01842	0.01504	0.01202	0.18969	0.02258	0.03086	0.02917	0.09927	0.06135	0.04276	0.36244	0.00893	0.01630	0.01103	0.00642	0.00976
49	0.02261	0.02628	0.15847	0.04234	0.41865	0.02165	0.02624	0.12051	0.02296	0.03257	0.01698	0.02084	0.01342	0.00831	0.00858	0.00263	0.01075	0.00752	0.00490	0.01379
50	0.01973	0.01449	0.01622	0.01423	0.01761	0.01496	0.01057	0.23030	0.02496	0.03343	0.03455	0.21567	0.07677	0.17043	0.01744	0.00414	0.00752	0.01420	0.00751	0.05529
51	0.01412	0.00997	0.01314	0.01275	0.01427	0.01106	0.00940	0.05291	0.01570	0.02248	0.02470	0.03941	0.02406	0.22637	0.40369	0.01090	0.01704	0.01006	0.06037	0.00759
52	0.02602	0.02139	0.02209	0.01798	0.02412	0.06070	0.01450	0.27567	0.18869	0.04112	0.02479	0.02777	0.01948	0.01078	0.00847	0.00251	0.00856	0.04189	0.00777	0.15570
53	0.01971	0.01256	0.01342	0.01192	0.01478	0.01322	0.00892	0.17746	0.02322	0.03479	0.02771	0.08328	0.02479	0.14392	0.01461	0.00355	0.00648	0.01019	0.34615	0.00931
54	0.02655	0.03045	0.02946	0.03571	0.28653	0.32392	0.02129	0.03001	0.02151	0.02435	0.01452	0.01856	0.01235	0.00910	0.01028	0.00255	0.08013	0.00674	0.00435	0.01163
55	0.01264	0.00864	0.01046	0.01046	0.01078	0.00897	0.00646	0.01329	0.01296	0.01761	0.02662	0.05231	0.02964	0.56194	0.17307	0.00962	0.01158	0.01199	0.00516	0.00581

[dist]
# distance from previous block
# <min> <max>
0	5

[block]
# block no. 7 follows, 20 sequences, length 12
# corresponding to MSA columns:
# 387-398
name=unknown_H
#
# <colnr> <probs for GDERKNQSTAVLIFYWHMCP>
#	G	D	E	R	K	N	Q	S	T	A	V	L	I	F	Y	W	H	M	C	P
0	0.01777	0.01683	0.02851	0.51502	0.20737	0.01972	0.02487	0.02343	0.01806	0.02387	0.01573	0.02283	0.01218	0.00848	0.00870	0.00283	0.01131	0.00776	0.00399	0.01074
1	0.20047	0.02131	0.02205	0.01745	0.02391	0.02348	0.01436	0.37961	0.06895	0.11287	0.02123	0.02101	0.01503	0.01004	0.00797	0.00267	0.00854	0.00735	0.00818	0.01352
2	0.01156	0.00889	0.01057	0.01015	0.01255	0.00790	0.00761	0.01494	0.02283	0.03057	0.42339	0.07242	0.29610	0.01948	0.01030	0.00282	0.00423	0.01679	0.00902	0.00790
3	0.01119	0.00864	0.00930	0.00940	0.01122	0.00774	0.00641	0.01279	0.01774	0.02213	0.10049	0.11425	0.37681	0.22966	0.02090	0.00468	0.00569	0.01690	0.00732	0.00676
4	0.01647	0.01550	0.02616	0.67248	0.06008	0.01938	0.02422	0.02229	0.01744	0.02229	0.01550	0.02326	0.01163	0.00872	0.00872	0.00291	0.01163	0.00775	0.00388	0.00969
5	0.01063	0.00759	0.01012	0.01215	0.01265	0.00709	0.00810	0.01215	0.01670	0.02227	0.04808	0.68775	0.05769	0.02733	0.01113	0.00354	0.00506	0.02480	0.00810	0.00709
6	0.01031	0.00884	0.00884	0.00884	0.01178	0.00736	0.00663	0.01252	0.01988	0.02356	0.08837	0.08395	0.63549	0.02209	0.01031	0.00295	0.00442	0.01841	0.00810	0.00736
7	0.03258	0.04157	0.02472	0.02247	0.02697	0.65843	0.01685	0.03483	0.02472	0.02135	0.01348	0.01573	0.01124	0.00899	0.00787	0.00225	0.01573	0.00562	0.00449	0.01011
8	0.01241	0.00992	0.01123	0.01072	0.01349	0.00927	0.00809	0.01784	0.08610	0.02993	0.32151	0.07027	0.32892	0.01914	0.01015	0.00286	0.00455	0.01635	0.00884	0.00843
9	0.02422	0.03564	0.22084	0.03369	0.23673	0.24631	0.02495	0.02989	0.02113	0.02570	0.01514	0.01854	0.01205	0.00836	0.00826	0.00252	0.01304	0.00660	0.00418	0.01222
10	0.21054	0.03384	0.05751	0.01963	0.02509	0.39686	0.01587	0.09326	0.02365	0.02968	0.01407	0.01605	0.01116	0.00889	0.00737	0.00243	0.01269	0.00568	0.00512	0.01061
11	0.01895	0.02584	0.18467	0.02750	0.19626	0.07291	0.02054	0.02440	0.01954	0.02684	0.02722	0.02943	0.11170	0.01001	0.00827	0.00238	0.00970	0.00837	0.00496	0.17050

[dist]
# distance from previous block
# <min> <max>
0	1

[block]
# block no. 8 follows, 20 sequences, length 35
# corresponding to MSA columns:
# 400-434
name=unknown_I
#
# <colnr> <probs for GDERKNQSTAVLIFYWHMCP>
#	G	D	E	R	K	N	Q	S	T	A	V	L	I	F	Y	W	H	M	C	P
0	0.01720	0.01183	0.01360	0.01124	0.01620	0.00956	0.00881	0.02021	0.02035	0.11972	0.08729	0.05421	0.31863	0.01528	0.00888	0.00238	0.00549	0.01269	0.00768	0.23874
1	0.01881	0.01639	0.02348	0.16017	0.17689	0.01831	0.01812	0.07374	0.11502	0.02835	0.02577	0.14848	0.02446	0.05292	0.01261	0.00332	0.05458	0.01152	0.00603	0.01102
2	0.01656	0.03930	0.54745	0.02275	0.03382	0.01828	0.02842	0.02556	0.01886	0.02792	0.07340	0.06842	0.02064	0.01045	0.00866	0.00281	0.01157	0.00854	0.00452	0.01208
3	0.01750	0.04512	0.64825	0.02486	0.03775	0.02026	0.03223	0.02762	0.01842	0.02762	0.01565	0.01842	0.01105	0.00829	0.00829	0.00276	0.01289	0.00645	0.00368	0.01289
