[name]
unknown

[dist]
# distance from previous block
# <min> <max>
0	0

[block]
# block no. 0 follows, 22 sequences, length 55
# corresponding to MSA columns:
# 0-54
name=unknown_A
#
# <colnr> <probs for GDERKNQSTAVLIFYWHMCP>
#	G	D	E	R	K	N	Q	S	T	A	V	L	I	F	Y	W	H	M	C	P
0	0.01339	0.00956	0.01339	0.01530	0.01721	0.00956	0.01339	0.01721	0.01912	0.02486	0.04399	0.09371	0.04781	0.02295	0.01147	0.00382	0.00765	0.60031	0.00765	0.00765
1	0.01882	0.01796	0.03058	0.27829	0.44251	0.01928	0.02463	0.02397	0.01809	0.02503	0.01532	0.02113	0.01242	0.00772	0.00825	0.00257	0.01030	0.00740	0.00396	0.01176
2	0.01684	0.01594	0.02700	0.53752	0.19877	0.01876	0.02364	0.02223	0.01716	0.02262	0.01497	0.02177	0.01157	0.00809	0.00829	0.00270	0.01079	0.00739	0.00379	0.01016
3	0.01362	0.01148	0.01672	0.01570	0.01678	0.01457	0.01255	0.01627	0.01318	0.01948	0.01910	0.02861	0.01802	0.04902	0.49490	0.01065	0.20880	0.00845	0.00422	0.00788
4	0.03047	0.08289	0.02483	0.02094	0.02540	0.63343	0.01593	0.03264	0.02311	0.02028	0.01276	0.01487	0.01070	0.00847	0.00735	0.00212	0.01459	0.00529	0.00423	0.00970
5	0.01666	0.04297	0.66500	0.02368	0.03596	0.01929	0.03069	0.02631	0.01754	0.02631	0.01491	0.01754	0.01052	0.00789	0.00789	0.00263	0.01228	0.00614	0.00351	0.01228
6	0.01966	0.01922	0.03083	0.22692	0.46201	0.04803	0.02441	0.02464	0.01848	0.02520	0.01527	0.02076	0.01247	0.00770	0.00821	0.00254	0.01043	0.00731	0.00400	0.01191
7	0.02542	0.11837	0.02508	0.04708	0.02495	0.08519	0.01492	0.24235	0.26017	0.03681	0.02311	0.02281	0.01742	0.00986	0.00787	0.00249	0.00877	0.00757	0.00712	0.01264
8	0.00982	0.00842	0.00842	0.00842	0.01122	0.00701	0.00631	0.01192	0.01894	0.02244	0.08416	0.07995	0.65285	0.02104	0.00982	0.00281	0.00421	0.01753	0.00771	0.00701
9	0.03039	0.03824	0.02324	0.02112	0.02543	0.63386	0.01587	0.03386	0.06211	0.02123	0.01415	0.01598	0.01162	0.00873	0.00755	0.00218	0.01446	0.00560	0.00454	0.00985
10	0.03468	0.01783	0.09121	0.01600	0.02309	0.01374	0.01446	0.07104	0.02392	0.55816	0.03009	0.02663	0.01910	0.01000	0.00830	0.00257	0.00776	0.00806	0.00942	0.01393
11	0.01623	0.01532	0.02589	0.61742	0.12365	0.01860	0.02334	0.02170	0.01687	0.02188	0.01486	0.02197	0.01131	0.00821	0.00830	0.00274	0.01094	0.00738	0.00374	0.00966
12	0.00982	0.00842	0.00842	0.00842	0.01122	0.00701	0.00631	0.01192	0.01894	0.02244	0.08416	0.07995	0.65285	0.02104	0.00982	0.00281	0.00421	0.01753	0.00771	0.00701
13	0.01961	0.02241	0.04902	0.03501	0.04342	0.02101	0.62605	0.02661	0.01961	0.02661	0.01681	0.02241	0.01261	0.00700	0.00980	0.00280	0.01401	0.00980	0.00420	0.01120
14	0.01660	0.01570	0.02657	0.56875	0.16941	0.01870	0.02353	0.02203	0.01704	0.02233	0.01493	0.02185	0.01146	0.00814	0.00829	0.00271	0.01085	0.00739	0.00377	0.00996
15	0.01666	0.04297	0.66500	0.02368	0.03596	0.01929	0.03069	0.02631	0.01754	0.02631	0.01491	0.01754	0.01052	0.00789	0.00789	0.00263	0.01228	0.00614	0.00351	0.01228
16	0.01961	0.02241	0.04902	0.03501	0.04342	0.02101	0.62605	0.02661	0.01961	0.02661	0.01681	0.02241	0.01261	0.00700	0.00980	0.00280	0.01401	0.00980	0.00420	0.01120
17	0.02034	0.02036	0.03728	0.04727	0.51365	0.02003	0.16522	0.02575	0.01908	0.02702	0.01590	0.02099	0.01303	0.00731	0.00859	0.00254	0.01083	0.00796	0.00413	0.01270
18	0.03103	0.03959	0.02354	0.02140	0.02568	0.67469	0.01605	0.03317	0.02354	0.02033	0.01284	0.01498	0.01070	0.00856	0.00749	0.00214	0.01498	0.00535	0.00428	0.00963
19	0.01666	0.04297	0.66500	0.02368	0.03596	0.01929	0.03069	0.02631	0.01754	0.02631	0.01491	0.01754	0.01052	0.00789	0.00789	0.00263	0.01228	0.00614	0.00351	0.01228
20	0.01188	0.00885	0.01308	0.01308	0.01446	0.01023	0.01004	0.01466	0.01327	0.01908	0.02250	0.03403	0.02137	0.10382	0.63444	0.01301	0.02134	0.00911	0.00449	0.00726
21	0.03563	0.01377	0.01875	0.01450	0.02064	0.01193	0.01193	0.03889	0.02376	0.62156	0.07258	0.03045	0.02428	0.01071	0.00845	0.00257	0.00687	0.00878	0.01021	0.01373
22	0.01569	0.01477	0.02492	0.68808	0.05722	0.01846	0.02307	0.02123	0.01661	0.02123	0.01477	0.02215	0.01107	0.00831	0.00831	0.00277	0.01107	0.00738	0.00369	0.00923
23	0.01666	0.04297	0.66500	0.02368	0.03596	0.01929	0.03069	0.02631	0.01754	0.02631	0.01491	0.01754	0.01052	0.00789	0.00789	0.00263	0.01228	0.00614	0.00351	0.01228
24	0.01569	0.01477	0.02492	0.68808	0.05722	0.01846	0.02307	0.02123	0.01661	0.02123	0.01477	0.02215	0.01107	0.00831	0.00831	0.00277	0.01107	0.00738	0.00369	0.00923
25	0.00982	0.00842	0.00842	0.00842	0.01122	0.00701	0.00631	0.01192	0.01894	0.02244	0.08416	0.07995	0.65285	0.02104	0.00982	0.00281	0.00421	0.01753	0.00771	0.00701
26	0.01724	0.01752	0.03316	0.43979	0.09021	0.01935	0.21574	0.02321	0.01771	0.02331	0.01547	0.02213	0.01169	0.00783	0.00878	0.00276	0.01193	0.00816	0.00388	0.01010
27	0.07981	0.03139	0.02189	0.01908	0.02403	0.44783	0.01469	0.06234	0.02372	0.17221	0.01773	0.01821	0.01305	0.00897	0.00758	0.00228	0.01232	0.00609	0.00592	0.01085
28	0.05051	0.33815	0.36286	0.01896	0.02865	0.02527	0.02250	0.02560	0.01711	0.02378	0.01328	0.01551	0.01052	0.00754	0.00664	0.00225	0.01053	0.00532	0.00360	0.01143
29	0.01084	0.00787	0.01039	0.01215	0.01316	0.00742	0.00889	0.01289	0.01690	0.02215	0.04868	0.50943	0.10476	0.02489	0.01074	0.00343	0.00542	0.15532	0.00770	0.00698
30	0.02056	0.01974	0.03372	0.05099	0.65622	0.01974	0.02550	0.02550	0.01892	0.02714	0.01563	0.02056	0.01316	0.00740	0.00822	0.00247	0.00987	0.00740	0.00411	0.01316
31	0.01027	0.00734	0.00981	0.01174	0.01229	0.00688	0.00797	0.01183	0.01605	0.02137	0.04571	0.67482	0.05462	0.02589	0.01064	0.00339	0.00495	0.04995	0.00771	0.00679
32	0.02221	0.71304	0.04353	0.01421	0.02132	0.03287	0.01421	0.02488	0.01688	0.01955	0.01155	0.01333	0.01066	0.00711	0.00533	0.00178	0.00888	0.00444	0.00355	0.01066
33	0.02801	0.03324	0.02215	0.02009	0.02449	0.48374	0.01520	0.03638	0.20388	0.02454	0.01896	0.01966	0.01498	0.00935	0.00777	0.00234	0.01253	0.00653	0.00550	0.01066
34	0.01188	0.00886	0.01313	0.01313	0.01454	0.01027	0.01011	0.01469	0.01329	0.01912	0.02245	0.03375	0.02125	0.09529	0.64280	0.01308	0.02153	0.00906	0.00448	0.00730
35	0.03158	0.02327	0.02493	0.01911	0.02576	0.02576	0.01579	0.62852	0.03906	0.05236	0.01995	0.01995	0.01413	0.00997	0.00831	0.00249	0.00914	0.00748	0.00831	0.01413
36	0.01855	0.01769	0.03009	0.31378	0.40914	0.01921	0.02450	0.02373	0.01797	0.02470	0.01527	0.02122	0.01230	0.00777	0.00826	0.00259	0.01037	0.00739	0.00394	0.01154
37	0.00989	0.00812	0.00872	0.00920	0.01143	0.00695	0.00666	0.01183	0.01818	0.02213	0.07456	0.23566	0.50334	0.02229	0.01001	0.00295	0.00436	0.01905	0.00771	0.00695
38	0.01961	0.02241	0.04902	0.03501	0.04342	0.02101	0.62605	0.02661	0.01961	0.02661	0.01681	0.02241	0.01261	0.00700	0.00980	0.00280	0.01401	0.00980	0.00420	0.01120
39	0.55413	0.02152	0.01526	0.01361	0.01861	0.17333	0.01083	0.02734	0.01687	0.06645	0.01299	0.01463	0.01001	0.00805	0.00587	0.00247	0.00848	0.00490	0.00521	0.00942
40	0.01083	0.00903	0.00957	0.00961	0.01239	0.00802	0.00741	0.01432	0.05225	0.02391	0.10883	0.07763	0.53279	0.02047	0.00990	0.00289	0.00463	0.07027	0.00783	0.00744
41	0.03158	0.02327	0.02493	0.01911	0.02576	0.02576	0.01579	0.62852	0.03906	0.05236	0.01995	0.01995	0.01413	0.00997	0.00831	0.00249	0.00914	0.00748	0.00831	0.01413
42	0.01340	0.21235	0.01858	0.01009	0.01414	0.01450	0.00860	0.01567	0.01834	0.02160	0.06314	0.06067	0.46698	0.01701	0.00852	0.00251	0.00556	0.01374	0.00651	0.00807
43	0.02090	0.55469	0.19040	0.01645	0.02478	0.02966	0.01811	0.02521	0.01704	0.02114	0.01234	0.01432	0.01063	0.00729	0.00594	0.00198	0.00969	0.00484	0.00354	0.01104
44	0.02056	0.01974	0.03372	0.05099	0.65622	0.01974	0.02550	0.02550	0.01892	0.02714	0.01563	0.02056	0.01316	0.00740	0.00822	0.00247	0.00987	0.00740	0.00411	0.01316
45	0.03582	0.02006	0.02027	0.01632	0.02225	0.16634	0.01310	0.03878	0.02372	0.51269	0.02814	0.02518	0.01827	0.00988	0.00815	0.00247	0.00891	0.00766	0.00889	0.01309
46	0.01959	0.39696	0.33669	0.01868	0.02822	0.02647	0.02199	0.02555	0.01719	0.02274	0.01313	0.01531	0.01060	0.00748	0.00654	0.00218	0.01048	0.00524	0.00353	0.01142
47	0.02776	0.01248	0.01579	0.01285	0.01804	0.01094	0.01037	0.03154	0.05031	0.42945	0.04921	0.04488	0.22247	0.01376	0.00883	0.00266	0.00613	0.01133	0.00938	0.01182
48	0.02923	0.01313	0.01667	0.01348	0.01888	0.01177	0.01090	0.03408	0.08037	0.45219	0.04501	0.04074	0.17043	0.01292	0.00871	0.00265	0.00635	0.01062	0.00950	0.01236
49	0.01994	0.02148	0.04371	0.04056	0.25620	0.02057	0.41752	0.02622	0.01937	0.02679	0.01640	0.02177	0.01280	0.00714	0.00926	0.00269	0.01257	0.00897	0.00417	0.01188
50	0.02682	0.03043	0.02409	0.02249	0.06472	0.38165	0.04535	0.06265	0.20411	0.02673	0.01965	0.02059	0.01538	0.00927	0.00797	0.00241	0.01189	0.00697	0.00567	0.01116
51	0.02056	0.01974	0.03372	0.05099	0.65622	0.01974	0.02550	0.02550	0.01892	0.02714	0.01563	0.02056	0.01316	0.00740	0.00822	0.00247	0.00987	0.00740	0.00411	0.01316
52	0.02097	0.02153	0.03012	0.19713	0.42047	0.11728	0.02351	0.02563	0.01906	0.02473	0.01501	0.02010	0.01230	0.00779	0.00813	0.00249	0.01092	0.00709	0.00404	0.01170
53	0.02033	0.02795	0.18330	0.02548	0.03301	0.11053	0.24911	0.07523	0.02083	0.02698	0.02322	0.02618	0.08289	0.00963	0.00984	0.00269	0.04829	0.00885	0.00475	0.01090
54	0.02165	0.02568	0.25047	0.02389	0.05525	0.01658	0.17417	0.02810	0.01999	0.17466	0.07363	0.05622	0.02112	0.00978	0.00878	0.00269	0.01038	0.00916	0.00594	0.01185

[dist]
# distance from previous block
# <min> <max>
7	31

[block]
# block no. 1 follows, 22 sequences, length 6
# corresponding to MSA columns:
# 90-95
name=unknown_B
#
# <colnr> <probs for GDERKNQSTAVLIFYWHMCP>
#	G	D	E	R	K	N	Q	S	T	A	V	L	I	F	Y	W	H	M	C	P
0	0.02152	0.11123	0.13435	0.01502	0.02039	0.01479	0.01433	0.02533	0.01876	0.20203	0.06419	0.04153	0.02697	0.14507	0.01492	0.00372	0.00833	0.10064	0.00669	0.01021
1	0.01914	0.01462	0.01665	0.01495	0.01881	0.01557	0.01212	0.19178	0.14441	0.03597	0.16872	0.05307	0.10132	0.01564	0.00949	0.00290	0.00672	0.13932	0.00831	0.01048
2	0.02401	0.01872	0.02206	0.16161	0.03012	0.02101	0.01584	0.35201	0.09158	0.03958	0.02687	0.06939	0.06704	0.01162	0.00859	0.00267	0.00864	0.00946	0.00725	0.01195
3	0.01784	0.20898	0.02206	0.01378	0.01714	0.13474	0.01104	0.02029	0.01877	0.02275	0.15921	0.15993	0.03585	0.06407	0.05531	0.00353	0.00897	0.01138	0.00585	0.00852
4	0.01943	0.13582	0.32790	0.02581	0.03550	0.06675	0.22116	0.02666	0.01853	0.02499	0.01488	0.01832	0.01123	0.00753	0.00811	0.00253	0.01252	0.00703	0.00379	0.01151
5	0.01208	0.00805	0.00906	0.00906	0.00906	0.00805	0.00503	0.01208	0.01208	0.01611	0.02618	0.05436	0.03020	0.70804	0.04228	0.00805	0.00805	0.01208	0.00503	0.00503

[dist]
# distance from previous block
# <min> <max>
0	1

[block]
# block no. 2 follows, 22 sequences, length 401
# corresponding to MSA columns:
# 97-497
name=unknown_C
#
# <colnr> <probs for GDERKNQSTAVLIFYWHMCP>
#	G	D	E	R	K	N	Q	S	T	A	V	L	I	F	Y	W	H	M	C	P
0	0.02221	0.71304	0.04353	0.01421	0.02132	0.03287	0.01421	0.02488	0.01688	0.01955	0.01155	0.01333	0.01066	0.00711	0.00533	0.00178	0.00888	0.00444	0.00355	0.01066
1	0.02704	0.02224	0.02610	0.02641	0.17481	0.05810	0.01774	0.38701	0.03092	0.04128	0.02143	0.02290	0.04731	0.01012	0.00937	0.00255	0.04699	0.00787	0.00681	0.01300
2	0.01756	0.02998	0.35106	0.11691	0.06534	0.01908	0.02416	0.02958	0.17343	0.02767	0.02101	0.02527	0.01619	0.00948	0.00828	0.00274	0.01035	0.03502	0.00499	0.01189
3	0.02057	0.01963	0.03290	0.04912	0.62130	0.01979	0.02482	0.02652	0.05316	0.02756	0.01663	0.02114	0.01383	0.00761	0.00824	0.00249	0.00969	0.00751	0.00435	0.01316
4	0.01021	0.00823	0.00915	0.00977	0.01195	0.00718	0.00727	0.01231	0.01823	0.02236	0.07147	0.22935	0.45707	0.02240	0.01015	0.00303	0.00466	0.07051	0.00771	0.00701
5	0.02056	0.01974	0.03372	0.05099	0.65622	0.01974	0.02550	0.02550	0.01892	0.02714	0.01563	0.02056	0.01316	0.00740	0.00822	0.00247	0.00987	0.00740	0.00411	0.01316
6	0.01702	0.07183	0.61315	0.02371	0.03560	0.01996	0.05348	0.02626	0.01759	0.02602	0.01483	0.01755	0.01061	0.00782	0.00785	0.00260	0.01220	0.00621	0.00354	0.01216
7	0.02081	0.04200	0.48002	0.02302	0.03299	0.20829	0.02647	0.02829	0.01927	0.02459	0.01431	0.01680	0.01057	0.00809	0.00778	0.00249	0.01306	0.00591	0.00373	0.01151
8	0.01714	0.01625	0.02754	0.49847	0.23549	0.01884	0.02379	0.02250	0.01730	0.02299	0.01502	0.02168	0.01169	0.00804	0.00828	0.00268	0.01072	0.00739	0.00382	0.01040
9	0.01392	0.01056	0.01202	0.01189	0.01459	0.01044	0.00893	0.02095	0.15809	0.05506	0.11512	0.21615	0.25469	0.01926	0.00971	0.00296	0.00515	0.04362	0.00813	0.00876
10	0.01859	0.01772	0.03015	0.30909	0.41355	0.01922	0.02451	0.02377	0.01798	0.02474	0.01528	0.02120	0.01231	0.00777	0.00826	0.00259	0.01036	0.00739	0.00394	0.01157
11	0.02057	0.02241	0.04219	0.03994	0.25993	0.05653	0.37934	0.02658	0.01958	0.02645	0.01617	0.02134	0.01270	0.00723	0.00912	0.00265	0.01259	0.00871	0.00417	0.01181
12	0.01549	0.00774	0.00774	0.00774	0.00968	0.00774	0.00581	0.01936	0.01742	0.03097	0.02710	0.03097	0.02129	0.00968	0.00581	0.00194	0.00387	0.00774	0.75416	0.00774
13	0.01876	0.02834	0.22665	0.03174	0.04127	0.02051	0.45436	0.02652	0.01901	0.02652	0.01626	0.02100	0.01200	0.00726	0.00925	0.00275	0.01351	0.00875	0.00400	0.01151
14	0.01012	0.00723	0.00964	0.01157	0.01205	0.00675	0.00771	0.01157	0.01591	0.02121	0.04579	0.70262	0.05495	0.02603	0.01060	0.00337	0.00482	0.02362	0.00771	0.00675
15	0.01012	0.00723	0.00964	0.01157	0.01205	0.00675	0.00771	0.01157	0.01591	0.02121	0.04579	0.70262	0.05495	0.02603	0.01060	0.00337	0.00482	0.02362	0.00771	0.00675
16	0.03109	0.03786	0.02369	0.02116	0.02569	0.60559	0.01602	0.09657	0.02519	0.02374	0.01360	0.01551	0.01107	0.00871	0.00758	0.00218	0.01436	0.00558	0.00471	0.01011
17	0.01685	0.04188	0.63531	0.02496	0.06513	0.01931	0.03045	0.02627	0.01760	0.02635	0.01494	0.01768	0.01065	0.00787	0.00791	0.00262	0.01216	0.00620	0.00354	0.01232
18	0.02056	0.01974	0.03372	0.05099	0.65622	0.01974	0.02550	0.02550	0.01892	0.02714	0.01563	0.02056	0.01316	0.00740	0.00822	0.00247	0.00987	0.00740	0.00411	0.01316
19	0.01965	0.02229	0.04837	0.03570	0.06964	0.02095	0.60036	0.02656	0.01958	0.02663	0.01676	0.02233	0.01263	0.00702	0.00974	0.00279	0.01383	0.00970	0.00420	0.01129
20	0.01765	0.01632	0.02721	0.09794	0.44996	0.01653	0.02105	0.02180	0.01800	0.02521	0.02273	0.18302	0.02292	0.01191	0.00880	0.00271	0.00877	0.01126	0.00493	0.01129
21	0.01756	0.03604	0.48255	0.06117	0.18698	0.01936	0.02908	0.02588	0.01783	0.02627	0.01508	0.01848	0.01119	0.00779	0.00799	0.00260	0.01164	0.00650	0.00366	0.01235
22	0.01666	0.04297	0.66500	0.02368	0.03596	0.01929	0.03069	0.02631	0.01754	0.02631	0.01491	0.01754	0.01052	0.00789	0.00789	0.00263	0.01228	0.00614	0.00351	0.01228
23	0.02056	0.01974	0.03372	0.05099	0.65622	0.01974	0.02550	0.02550	0.01892	0.02714	0.01563	0.02056	0.01316	0.00740	0.00822	0.00247	0.00987	0.00740	0.00411	0.01316
24	0.01666	0.04297	0.66500	0.02368	0.03596	0.01929	0.03069	0.02631	0.01754	0.02631	0.01491	0.01754	0.01052	0.00789	0.00789	0.00263	0.01228	0.00614	0.00351	0.01228
25	0.01389	0.01143	0.01504	0.01890	0.16527	0.01033	0.01120	0.01672	0.01920	0.05875	0.06502	0.06297	0.46582	0.01720	0.00936	0.00271	0.00571	0.01462	0.00700	0.00887
26	0.03237	0.02100	0.17295	0.01690	0.02472	0.01390	0.01661	0.03711	0.02229	0.51070	0.02852	0.02572	0.01817	0.00971	0.00824	0.00258	0.00831	0.00783	0.00867	0.01370
27	0.02089	0.52017	0.16054	0.01812	0.05436	0.02932	0.01807	0.02495	0.01691	0.02122	0.01235	0.01470	0.01077	0.00762	0.00698	0.00206	0.04138	0.00504	0.00358	0.01101
28	0.01866	0.02947	0.28348	0.12723	0.21028	0.04856	0.11293	0.02571	0.01835	0.02559	0.01527	0.01961	0.01163	0.00772	0.00830	0.00261	0.01181	0.00715	0.00383	0.01182
29	0.01755	0.01526	0.09922	0.01636	0.08509	0.01110	0.01274	0.02116	0.01965	0.15145	0.08608	0.05297	0.31380	0.04768	0.01062	0.00293	0.00660	0.01274	0.00725	0.00973
30	0.01012	0.00723	0.00964	0.01157	0.01205	0.00675	0.00771	0.01157	0.01591	0.02121	0.04579	0.70262	0.05495	0.02603	0.01060	0.00337	0.00482	0.02362	0.00771	0.00675
31	0.01569	0.01477	0.02492	0.68808	0.05722	0.01846	0.02307	0.02123	0.01661	0.02123	0.01477	0.02215	0.01107	0.00831	0.00831	0.00277	0.01107	0.00738	0.00369	0.00923
32	0.01737	0.03800	0.51600	0.02642	0.03776	0.01971	0.17470	0.02638	0.01804	0.02638	0.01537	0.01872	0.01103	0.00768	0.00835	0.00267	0.01270	0.00703	0.00368	0.01202
33	0.02056	0.01974	0.03372	0.05099	0.65622	0.01974	0.02550	0.02550	0.01892	0.02714	0.01563	0.02056	0.01316	0.00740	0.00822	0.00247	0.00987	0.00740	0.00411	0.01316
34	0.03727	0.01414	0.01928	0.01478	0.02121	0.01221	0.01221	0.04049	0.02378	0.66198	0.03277	0.02828	0.02056	0.01028	0.00835	0.00257	0.00707	0.00835	0.01028	0.01414
35	0.01162	0.00808	0.01006	0.01073	0.01234	0.00727	0.00760	0.01377	0.01843	0.05376	0.16650	0.39810	0.20628	0.02238	0.01015	0.00305	0.00461	0.01980	0.00810	0.00736
36	0.01834	0.03125	0.31398	0.03014	0.04021	0.02027	0.36996	0.02648	0.01872	0.02648	0.01599	0.02031	0.01171	0.00739	0.00898	0.00273	0.01326	0.00823	0.00390	0.01167
37	0.01764	0.01811	0.02928	0.02359	0.02655	0.04856	0.19153	0.02124	0.01532	0.02175	0.01539	0.02270	0.01373	0.02348	0.17555	0.00564	0.30828	0.00831	0.00402	0.00932
38	0.02812	0.01618	0.01901	0.01595	0.02142	0.01687	0.01273	0.04250	0.36407	0.31629	0.03335	0.02977	0.02321	0.01083	0.00841	0.00271	0.00680	0.00893	0.00927	0.01359
39	0.01028	0.00742	0.00977	0.01160	0.01228	0.00691	0.00794	0.01188	0.01624	0.02147	0.04775	0.63704	0.08662	0.02560	0.01061	0.00337	0.00494	0.05379	0.00771	0.00681
40	0.01961	0.02241	0.04902	0.03501	0.04342	0.02101	0.62605	0.02661	0.01961	0.02661	0.01681	0.02241	0.01261	0.00700	0.00980	0.00280	0.01401	0.00980	0.00420	0.01120
41	0.03103	0.03959	0.02354	0.02140	0.02568	0.67469	0.01605	0.03317	0.02354	0.02033	0.01284	0.01498	0.01070	0.00856	0.00749	0.00214	0.01498	0.00535	0.00428	0.00963
42	0.02089	0.55358	0.19143	0.01647	0.02480	0.02964	0.01814	0.02522	0.01704	0.02115	0.01235	0.01433	0.01063	0.00729	0.00594	0.00198	0.00969	0.00485	0.00354	0.01105
43	0.01666	0.04297	0.66500	0.02368	0.03596	0.01929	0.03069	0.02631	0.01754	0.02631	0.01491	0.01754	0.01052	0.00789	0.00789	0.00263	0.01228	0.00614	0.00351	0.01228
44	0.50837	0.02325	0.16894	0.01485	0.02185	0.01957	0.01490	0.09049	0.01765	0.03630	0.01327	0.01516	0.00992	0.00800	0.00614	0.00258	0.00811	0.00521	0.00510	0.01033
45	0.01187	0.00890	0.01335	0.01335	0.01483	0.01038	0.01038	0.01483	0.01335	0.01928	0.02225	0.03264	0.02077	0.06231	0.67512	0.01335	0.02225	0.00890	0.00445	0.00742
46	0.02056	0.01974	0.03372	0.05099	0.65622	0.01974	0.02550	0.02550	0.01892	0.02714	0.01563	0.02056	0.01316	0.00740	0.00822	0.00247	0.00987	0.00740	0.00411	0.01316
47	0.01906	0.01978	0.03834	0.18663	0.25811	0.02000	0.28378	0.02502	0.01870	0.02559	0.01594	0.02171	0.01245	0.00743	0.00892	0.00268	0.01192	0.00843	0.00406	0.01144
48	0.01012	0.00723	0.00964	0.01157	0.01205	0.00675	0.00771	0.01157	0.01591	0.02121	0.04579	0.70262	0.05495	0.02603	0.01060	0.00337	0.00482	0.02362	0.00771	0.00675
49	0.02056	0.01974	0.03372	0.05099	0.65622	0.01974	0.02550	0.02550	0.01892	0.02714	0.01563	0.02056	0.01316	0.00740	0.00822	0.00247	0.00987	0.00740	0.00411	0.01316
50	0.57833	0.02050	0.11916	0.04691	0.04825	0.01878	0.01387	0.02462	0.01501	0.03431	0.01243	0.01486	0.00952	0.00776	0.00587	0.00259	0.00774	0.00502	0.00476	0.00971
51	0.02056	0.01974	0.03372	0.05099	0.65622	0.01974	0.02550	0.02550	0.01892	0.02714	0.01563	0.02056	0.01316	0.00740	0.00822	0.00247	0.00987	0.00740	0.00411	0.01316
52	0.01012	0.00723	0.00964	0.01157	0.01205	0.00675	0.00771	0.01157	0.01591	0.02121	0.04579	0.70262	0.05495	0.02603	0.01060	0.00337	0.00482	0.02362	0.00771	0.00675
53	0.02072	0.44613	0.25904	0.01787	0.02664	0.06005	0.02005	0.02579	0.01744	0.02194	0.01278	0.01488	0.01062	0.00745	0.00633	0.00209	0.01037	0.00508	0.00357	0.01117
54	0.01666	0.04297	0.66500	0.02368	0.03596	0.01929	0.03069	0.02631	0.01754	0.02631	0.01491	0.01754	0.01052	0.00789	0.00789	0.00263	0.01228	0.00614	0.00351	0.01228
55	0.01035	0.00847	0.00923	0.00967	0.01214	0.00735	0.00744	0.01264	0.01869	0.02267	0.07504	0.13781	0.51372	0.02176	0.01012	0.00300	0.00475	0.10037	0.00771	0.00708
56	0.03650	0.01431	0.01926	0.01488	0.02123	0.01260	0.01225	0.04065	0.05232	0.63298	0.03282	0.02840	0.02079	0.01033	0.00836	0.00258	0.00705	0.00840	0.01020	0.01409
57	0.01808	0.01560	0.01632	0.01489	0.01913	0.01741	0.01152	0.03648	0.49312	0.03182	0.04579	0.04264	0.17469	0.01360	0.00878	0.00281	0.00601	0.01133	0.00828	0.01169
58	0.01012	0.00723	0.00964	0.01157	0.01205	0.00675	0.00771	0.01157	0.01591	0.02121	0.04579	0.70262	0.05495	0.02603	0.01060	0.00337	0.00482	0.02362	0.00771	0.00675
59	0.02114	0.02083	0.03316	0.04936	0.62152	0.05578	0.02498	0.02592	0.01917	0.02677	0.01547	0.02025	0.01302	0.00747	0.00818	0.00245	0.01015	0.00729	0.00412	0.01296
60	0.01452	0.17982	0.08811	0.01250	0.01689	0.01491	0.01160	0.01853	0.02073	0.02793	0.36045	0.04796	0.12708	0.01417	0.00853	0.00244	0.00603	0.01187	0.00703	0.00888
61	0.01569	0.01477	0.02492	0.68808	0.05722	0.01846	0.02307	0.02123	0.01661	0.02123	0.01477	0.02215	0.01107	0.00831	0.00831	0.00277	0.01107	0.00738	0.00369	0.00923
62	0.01666	0.04297	0.66500	0.02368	0.03596	0.01929	0.03069	0.02631	0.01754	0.02631	0.01491	0.01754	0.01052	0.00789	0.00789	0.00263	0.01228	0.00614	0.00351	0.01228
63	0.03103	0.03959	0.02354	0.02140	0.02568	0.67469	0.01605	0.03317	0.02354	0.02033	0.01284	0.01498	0.01070	0.00856	0.00749	0.00214	0.01498	0.00535	0.00428	0.00963
64	0.01961	0.02241	0.04902	0.03501	0.04342	0.02101	0.62605	0.02661	0.01961	0.02661	0.01681	0.02241	0.01261	0.00700	0.00980	0.00280	0.01401	0.00980	0.00420	0.01120
65	0.00992	0.00842	0.00856	0.00852	0.01128	0.00706	0.00639	0.01212	0.01918	0.02302	0.11459	0.07899	0.62206	0.02082	0.00982	0.00279	0.00419	0.01740	0.00779	0.00706
66	0.01968	0.01929	0.03068	0.23324	0.45213	0.05193	0.02433	0.02465	0.01848	0.02510	0.01524	0.02074	0.01244	0.00772	0.00821	0.00254	0.01047	0.00729	0.00400	0.01185
67	0.01950	0.38611	0.34675	0.01883	0.02846	0.02625	0.02225	0.02557	0.01720	0.02285	0.01319	0.01538	0.01059	0.00749	0.00658	0.00219	0.01054	0.00527	0.00353	0.01145
68	0.03727	0.01414	0.01928	0.01478	0.02121	0.01221	0.01221	0.04049	0.02378	0.66198	0.03277	0.02828	0.02056	0.01028	0.00835	0.00257	0.00707	0.00835	0.01028	0.01414
69	0.02301	0.02459	0.03202	0.04320	0.47734	0.17566	0.05149	0.02738	0.02005	0.02550	0.01502	0.01932	0.01255	0.00766	0.00812	0.00241	0.01128	0.00703	0.00416	0.01223
70	0.01163	0.00871	0.01124	0.01311	0.04739	0.00835	0.00862	0.01340	0.01599	0.02089	0.04500	0.28476	0.15199	0.19511	0.04434	0.00484	0.00685	0.09421	0.00671	0.00687
71	0.01222	0.00894	0.00943	0.01026	0.01181	0.03382	0.00724	0.01445	0.01731	0.02389	0.04896	0.36011	0.18711	0.02008	0.00910	0.00283	0.00485	0.01750	0.19293	0.00717
72	0.02056	0.01974	0.03372	0.05099	0.65622	0.01974	0.02550	0.02550	0.01892	0.02714	0.01563	0.02056	0.01316	0.00740	0.00822	0.00247	0.00987	0.00740	0.00411	0.01316
73	0.01502	0.01507	0.04894	0.01288	0.01689	0.04503	0.01053	0.02493	0.23213	0.02720	0.08238	0.05588	0.34845	0.01620	0.00913	0.00276	0.00598	0.01343	0.00763	0.00956
74	0.02034	0.01942	0.03261	0.07936	0.59832	0.01972	0.02480	0.02617	0.04796	0.02722	0.01644	0.02112	0.01363	0.00763	0.00824	0.00250	0.00977	0.00749	0.00430	0.01297
75	0.01917	0.03659	0.42367	0.02486	0.06252	0.11225	0.07923	0.02766	0.04921	0.02586	0.01728	0.02243	0.01355	0.00885	0.00824	0.00264	0.01218	0.03799	0.00417	0.01165
76	0.01985	0.02030	0.09361	0.03253	0.31513	0.01842	0.02007	0.03043	0.20042	0.05422	0.05971	0.02862	0.05005	0.00985	0.00842	0.00261	0.00847	0.00877	0.00600	0.01252
77	0.01578	0.05739	0.38328	0.02051	0.02950	0.01716	0.08668	0.02384	0.05239	0.02562	0.03250	0.03349	0.16443	0.01108	0.00849	0.00267	0.01009	0.00935	0.00486	0.01090
78	0.01815	0.20706	0.48602	0.02183	0.03267	0.02271	0.05176	0.02597	0.01746	0.02466	0.01416	0.01671	0.01065	0.00766	0.00734	0.00243	0.01152	0.00588	0.00355	0.01183
79	0.01721	0.13269	0.55234	0.02195	0.03305	0.02076	0.02758	0.02562	0.01727	0.02509	0.01477	0.01762	0.01098	0.01013	0.03630	0.00298	0.01225	0.00603	0.00355	0.01185
80	0.01939	0.19796	0.36012	0.02379	0.10336	0.07842	0.02387	0.02586	0.01812	0.02412	0.01694	0.01931	0.03799	0.00826	0.00737	0.00237	0.01108	0.00630	0.00383	0.01155
81	0.02096	0.02120	0.06373	0.04174	0.47919	0.04997	0.02303	0.07684	0.02081	0.02862	0.02035	0.02631	0.04421	0.00907	0.00841	0.00254	0.00981	0.03594	0.00478	0.01248
82	0.01774	0.01686	0.02863	0.41966	0.30959	0.01900	0.02409	0.02302	0.01758	0.02372	0.01513	0.02148	0.01195	0.00792	0.00827	0.00264	0.01057	0.00739	0.00387	0.01088
83	0.01074	0.00922	0.00930	0.00914	0.01210	0.00817	0.00689	0.01466	0.07182	0.02349	0.07988	0.07579	0.59952	0.02021	0.00970	0.00281	0.00441	0.01684	0.00778	0.00753
84	0.18788	0.03615	0.36631	0.02028	0.02906	0.17512	0.02236	0.02752	0.01821	0.02734	0.01367	0.01603	0.01022	0.00801	0.00718	0.00250	0.01161	0.00558	0.00406	0.01091
85	0.01927	0.02600	0.20931	0.07027	0.45805	0.01956	0.02684	0.02554	0.01843	0.02666	0.01539	0.01979	0.01234	0.00758	0.00814	0.00253	0.01059	0.00705	0.00393	0.01275
86	0.01891	0.02730	0.19561	0.03232	0.04164	0.02060	0.48437	0.02654	0.01912	0.02654	0.01635	0.02125	0.01211	0.00721	0.00935	0.00276	0.01359	0.00893	0.00404	0.01146
87	0.01270	0.01012	0.01464	0.17625	0.02488	0.01071	0.01346	0.01615	0.01773	0.02280	0.04259	0.21951	0.11955	0.01989	0.01028	0.00333	0.00736	0.24362	0.00672	0.00773
88	0.05863	0.03668	0.48502	0.02563	0.03661	0.01966	0.16874	0.02628	0.01784	0.02698	0.01517	0.01846	0.01093	0.00767	0.00819	0.00267	0.01236	0.00691	0.00376	0.01185
89	0.02314	0.26617	0.11931	0.02574	0.16645	0.15339	0.01959	0.05897	0.01973	0.02409	0.01359	0.01642	0.01141	0.00806	0.00793	0.00224	0.04257	0.00581	0.00407	0.01135
90	0.00989	0.00813	0.00871	0.00918	0.01142	0.00695	0.00665	0.01184	0.01820	0.02214	0.07488	0.23056	0.50823	0.02225	0.01001	0.00294	0.00436	0.01900	0.00771	0.00695
91	0.01052	0.00764	0.01002	0.01176	0.01265	0.00714	0.00832	0.01234	0.01661	0.02180	0.04910	0.56558	0.10934	0.02516	0.01064	0.00338	0.00513	0.09828	0.00770	0.00689
92	0.01631	0.01528	0.02232	0.03153	0.34234	0.04224	0.01689	0.01970	0.01840	0.02446	0.03686	0.19492	0.15531	0.01470	0.00909	0.00274	0.00772	0.01327	0.00572	0.01021
93	0.02114	0.02083	0.03316	0.04936	0.62152	0.05578	0.02498	0.02592	0.01917	0.02677	0.01547	0.02025	0.01302	0.00747	0.00818	0.00245	0.01015	0.00729	0.00412	0.01296
94	0.01666	0.04297	0.66500	0.02368	0.03596	0.01929	0.03069	0.02631	0.01754	0.02631	0.01491	0.01754	0.01052	0.00789	0.00789	0.00263	0.01228	0.00614	0.00351	0.01228
95	0.09781	0.19453	0.45226	0.02014	0.03047	0.02235	0.02459	0.02578	0.01703	0.02592	0.01378	0.01614	0.01039	0.00769	0.00701	0.00243	0.01087	0.00557	0.00369	0.01156
96	0.01772	0.01914	0.08190	0.03469	0.35860	0.04711	0.02028	0.02189	0.01800	0.02486	0.02386	0.19335	0.02449	0.01306	0.00971	0.00280	0.03864	0.03390	0.00508	0.01092
97	0.01805	0.10403	0.54323	0.02420	0.06826	0.05029	0.02821	0.02644	0.01783	0.02545	0.01454	0.01720	0.01069	0.00782	0.00765	0.00252	0.01195	0.00601	0.00358	0.01206
98	0.02028	0.47961	0.26003	0.01751	0.02642	0.02814	0.01996	0.02537	0.01711	0.02190	0.01272	0.01479	0.01061	0.00738	0.00622	0.00207	0.01007	0.00503	0.00354	0.01122
99	0.01798	0.20243	0.51710	0.02143	0.03247	0.02252	0.02677	0.02597	0.01738	0.02470	0.01411	0.01654	0.01056	0.00771	0.00728	0.00243	0.01147	0.00573	0.00352	0.01189
100	0.01687	0.01977	0.12526	0.09466	0.31493	0.01620	0.02151	0.02203	0.01852	0.02544	0.02959	0.03967	0.11071	0.01184	0.00889	0.00277	0.00921	0.09616	0.00502	0.01095
101	0.02056	0.01974	0.03372	0.05099	0.65622	0.01974	0.02550	0.02550	0.01892	0.02714	0.01563	0.02056	0.01316	0.00740	0.00822	0.00247	0.00987	0.00740	0.00411	0.01316
102	0.02056	0.01974	0.03372	0.05099	0.65622	0.01974	0.02550	0.02550	0.01892	0.02714	0.01563	0.02056	0.01316	0.00740	0.00822	0.00247	0.00987	0.00740	0.00411	0.01316
103	0.02011	0.02009	0.03670	0.07909	0.48935	0.01996	0.15973	0.02553	0.01896	0.02673	0.01585	0.02105	0.01293	0.00736	0.00858	0.00256	0.01085	0.00794	0.00411	0.01253
104	0.01642	0.01229	0.04362	0.01938	0.11654	0.01077	0.01336	0.01971	0.01873	0.10743	0.06743	0.27452	0.06951	0.01889	0.00995	0.00314	0.00683	0.15489	0.00735	0.00923
105	0.03012	0.03767	0.02312	0.02100	0.02532	0.61686	0.01579	0.03414	0.07815	0.02161	0.01470	0.01640	0.01200	0.00880	0.00758	0.00220	0.01424	0.00571	0.00465	0.00994
106	0.01361	0.01188	0.02110	0.01797	0.02092	0.01264	0.14783	0.01732	0.01468	0.02075	0.02124	0.03151	0.01945	0.08455	0.49236	0.01071	0.01965	0.00927	0.00443	0.00814
107	0.02008	0.04217	0.51235	0.02314	0.03351	0.17527	0.02721	0.02794	0.01897	0.02489	0.01442	0.01693	0.01057	0.00805	0.00780	0.00251	0.01292	0.00595	0.00369	0.01165
108	0.02056	0.01974	0.03372	0.05099	0.65622	0.01974	0.02550	0.02550	0.01892	0.02714	0.01563	0.02056	0.01316	0.00740	0.00822	0.00247	0.00987	0.00740	0.00411	0.01316
109	0.01057	0.00845	0.00946	0.00921	0.01168	0.00733	0.00691	0.01338	0.02072	0.02667	0.30501	0.07299	0.42936	0.01946	0.00981	0.00273	0.00410	0.01656	0.00827	0.00733
110	0.01339	0.00956	0.01339	0.01530	0.01721	0.00956	0.01339	0.01721	0.01912	0.02486	0.04399	0.09371	0.04781	0.02295	0.01147	0.00382	0.00765	0.60031	0.00765	0.00765
111	0.01847	0.26168	0.46215	0.02059	0.03118	0.02373	0.02531	0.02584	0.01732	0.02410	0.01381	0.01616	0.01057	0.00764	0.00706	0.00235	0.01117	0.00558	0.00352	0.01175
112	0.02066	0.01785	0.01878	0.01691	0.02160	0.02066	0.01315	0.04414	0.64121	0.03475	0.03381	0.03099	0.02536	0.01127	0.00845	0.00282	0.00657	0.00939	0.00845	0.01315
113	0.02044	0.02009	0.03572	0.04891	0.57628	0.01990	0.10384	0.02564	0.01901	0.02707	0.01578	0.02080	0.01309	0.00735	0.00843	0.00251	0.01041	0.00772	0.00412	0.01290
114	0.01899	0.01775	0.02737	0.03929	0.44193	0.04798	0.02155	0.02347	0.01920	0.02616	0.02367	0.04139	0.02303	0.01194	0.00913	0.00284	0.00947	0.17828	0.00514	0.01140
115	0.01666	0.04297	0.66500	0.02368	0.03596	0.01929	0.03069	0.02631	0.01754	0.02631	0.01491	0.01754	0.01052	0.00789	0.00789	0.00263	0.01228	0.00614	0.00351	0.01228
116	0.01012	0.00723	0.00964	0.01157	0.01205	0.00675	0.00771	0.01157	0.01591	0.02121	0.04579	0.70262	0.05495	0.02603	0.01060	0.00337	0.00482	0.02362	0.00771	0.00675
117	0.01961	0.02241	0.04902	0.03501	0.04342	0.02101	0.62605	0.02661	0.01961	0.02661	0.01681	0.02241	0.01261	0.00700	0.00980	0.00280	0.01401	0.00980	0.00420	0.01120
118	0.01801	0.02487	0.19275	0.02774	0.08942	0.02056	0.19636	0.02373	0.01674	0.02463	0.01533	0.02073	0.01245	0.01205	0.04507	0.00341	0.19904	0.00783	0.03854	0.01074
119	0.01961	0.02241	0.04902	0.03501	0.04342	0.02101	0.62605	0.02661	0.01961	0.02661	0.01681	0.02241	0.01261	0.00700	0.00980	0.00280	0.01401	0.00980	0.00420	0.01120
120	0.01098	0.00879	0.01004	0.01066	0.01318	0.00785	0.00862	0.01365	0.01900	0.02323	0.07105	0.08444	0.45537	0.02166	0.01036	0.00314	0.00533	0.20775	0.00769	0.00722
121	0.02160	0.14474	0.03824	0.03782	0.33530	0.08362	0.16941	0.02638	0.01916	0.02503	0.01493	0.01921	0.01235	0.00736	0.00803	0.00240	0.01118	0.00727	0.00405	0.01191
122	0.01666	0.04297	0.66500	0.02368	0.03596	0.01929	0.03069	0.02631	0.01754	0.02631	0.01491	0.01754	0.01052	0.00789	0.00789	0.00263	0.01228	0.00614	0.00351	0.01228
123	0.03103	0.03959	0.02354	0.02140	0.02568	0.67469	0.01605	0.03317	0.02354	0.02033	0.01284	0.01498	0.01070	0.00856	0.00749	0.00214	0.01498	0.00535	0.00428	0.00963
124	0.01574	0.01428	0.07120	0.01434	0.01758	0.01237	0.01189	0.15139	0.02177	0.02904	0.04068	0.38162	0.09662	0.02012	0.00985	0.00310	0.00662	0.06534	0.00747	0.00899
125	0.02309	0.02454	0.03126	0.04383	0.50370	0.17816	0.02321	0.02735	0.02003	0.02549	0.01495	0.01921	0.01256	0.00768	0.00805	0.00239	0.01111	0.00691	0.00415	0.01231
126	0.02056	0.01974	0.03372	0.05099	0.65622	0.01974	0.02550	0.02550	0.01892	0.02714	0.01563	0.02056	0.01316	0.00740	0.00822	0.00247	0.00987	0.00740	0.00411	0.01316
127	0.02056	0.01974	0.03372	0.05099	0.65622	0.01974	0.02550	0.02550	0.01892	0.02714	0.01563	0.02056	0.01316	0.00740	0.00822	0.00247	0.00987	0.00740	0.00411	0.01316
128	0.02056	0.01974	0.03372	0.05099	0.65622	0.01974	0.02550	0.02550	0.01892	0.02714	0.01563	0.02056	0.01316	0.00740	0.00822	0.00247	0.00987	0.00740	0.00411	0.01316
129	0.02108	0.07475	0.44964	0.02256	0.03228	0.20896	0.02567	0.02822	0.01924	0.02425	0.01415	0.01660	0.01058	0.00805	0.00765	0.00245	0.01289	0.00583	0.00373	0.01144
130	0.02010	0.02042	0.06227	0.04831	0.60214	0.01932	0.02526	0.02521	0.01886	0.02701	0.01671	0.02331	0.01441	0.00804	0.00834	0.00253	0.00989	0.03076	0.00422	0.01290
131	0.01185	0.00862	0.01185	0.01185	0.01293	0.00954	0.00860	0.01388	0.01318	0.01844	0.02582	0.04108	0.04780	0.25780	0.45656	0.01133	0.01723	0.01020	0.00475	0.00667
132	0.01633	0.01261	0.01632	0.01521	0.01776	0.01481	0.01198	0.02519	0.19692	0.05784	0.02518	0.03065	0.02122	0.04045	0.38819	0.00885	0.07617	0.00887	0.00585	0.00959
133	0.34462	0.18381	0.02481	0.01995	0.13375	0.05666	0.01394	0.02690	0.04390	0.06371	0.01447	0.01636	0.01156	0.00785	0.00618	0.00235	0.00813	0.00547	0.00495	0.01063
134	0.03023	0.03723	0.02322	0.02096	0.02536	0.59727	0.01581	0.05756	0.07306	0.02274	0.01478	0.01645	0.01200	0.00883	0.00760	0.00221	0.01408	0.00575	0.00477	0.01009
135	0.01377	0.00841	0.01098	0.01151	0.01319	0.00764	0.00817	0.01590	0.01840	0.10381	0.14615	0.45860	0.10730	0.02214	0.01012	0.00310	0.00490	0.01976	0.00827	0.00788
136	0.01996	0.18949	0.14378	0.03181	0.17405	0.02327	0.24994	0.02590	0.01847	0.02500	0.01498	0.01905	0.01193	0.00726	0.00808	0.00246	0.01158	0.00740	0.00392	0.01169
137	0.01798	0.20243	0.51710	0.02143	0.03247	0.02252	0.02677	0.02597	0.01738	0.02470	0.01411	0.01654	0.01056	0.00771	0.00728	0.00243	0.01147	0.00573	0.00352	0.01189
138	0.01593	0.01501	0.02535	0.65640	0.08700	0.01852	0.02319	0.02144	0.01673	0.02152	0.01481	0.02207	0.01118	0.00826	0.00830	0.00275	0.01101	0.00738	0.00371	0.00942
139	0.03138	0.05769	0.02349	0.01836	0.02409	0.22110	0.01471	0.22740	0.08204	0.18457	0.02164	0.02106	0.01543	0.00959	0.00794	0.00240	0.01020	0.00706	0.00734	0.01251
140	0.02489	0.12603	0.02770	0.02439	0.11585	0.33338	0.01729	0.02749	0.01938	0.02110	0.01317	0.01704	0.01159	0.01198	0.04421	0.00298	0.14135	0.00606	0.00404	0.01008
141	0.01099	0.00866	0.01005	0.01028	0.01270	0.00772	0.00809	0.01387	0.02006	0.02551	0.21123	0.07844	0.39528	0.02046	0.01014	0.00296	0.00483	0.13334	0.00804	0.00734
142	0.01821	0.22975	0.49177	0.02104	0.03188	0.02308	0.02610	0.02591	0.01736	0.02442	0.01397	0.01636	0.01056	0.00767	0.00718	0.00239	0.01133	0.00567	0.00352	0.01183
143	0.02831	0.03550	0.02961	0.02464	0.02990	0.51913	0.16122	0.03161	0.02261	0.02183	0.01378	0.01675	0.01115	0.00819	0.00804	0.00230	0.01475	0.00641	0.00426	0.01001
144	0.01014	0.00836	0.00891	0.00891	0.01145	0.00713	0.00663	0.01250	0.01950	0.02410	0.17238	0.11048	0.52944	0.02066	0.00986	0.00281	0.00419	0.01746	0.00794	0.00713
145	0.01192	0.00865	0.01133	0.01110	0.01309	0.00806	0.00861	0.01574	0.02263	0.03152	0.53262	0.06772	0.10042	0.01808	0.01006	0.00281	0.00450	0.10452	0.00885	0.00777
146	0.02104	0.02112	0.03479	0.04766	0.55627	0.05591	0.08893	0.02604	0.01924	0.02671	0.01560	0.02045	0.01296	0.00742	0.00835	0.00248	0.01059	0.00754	0.00413	0.01276
147	0.03068	0.07204	0.02492	0.02050	0.02547	0.49512	0.01589	0.16592	0.02666	0.02745	0.01436	0.01600	0.01147	0.00880	0.00756	0.00220	0.01335	0.00578	0.00514	0.01069
148	0.01187	0.00890	0.01335	0.01335	0.01483	0.01038	0.01038	0.01483	0.01335	0.01928	0.02225	0.03264	0.02077	0.06231	0.67512	0.01335	0.02225	0.00890	0.00445	0.00742
149	0.02262	0.02617	0.03691	0.10292	0.12768	0.20906	0.29979	0.02777	0.02032	0.02430	0.01528	0.01997	0.01197	0.00765	0.00875	0.00256	0.01338	0.00792	0.00416	0.01082
150	0.01692	0.07412	0.63611	0.02324	0.03528	0.01992	0.02993	0.02624	0.01751	0.02599	0.01475	0.01734	0.01053	0.00786	0.00777	0.00259	0.01212	0.00606	0.00351	0.01220
151	0.01666	0.04297	0.66500	0.02368	0.03596	0.01929	0.03069	0.02631	0.01754	0.02631	0.01491	0.01754	0.01052	0.00789	0.00789	0.00263	0.01228	0.00614	0.00351	0.01228
152	0.01688	0.04169	0.63026	0.02518	0.07009	0.01932	0.03041	0.02626	0.01762	0.02635	0.01495	0.01771	0.01067	0.00787	0.00791	0.00262	0.01214	0.00621	0.00354	0.01233
153	0.01991	0.01908	0.03255	0.13593	0.57636	0.01957	0.02517	0.02493	0.01861	0.02635	0.01551	0.02077	0.01288	0.00752	0.00824	0.00251	0.01003	0.00740	0.00406	0.01263
154	0.02032	0.01950	0.03329	0.08214	0.62694	0.01968	0.02538	0.02529	0.01880	0.02685	0.01558	0.02064	0.01306	0.00745	0.00823	0.00248	0.00993	0.00740	0.00409	0.01297
155	0.02056	0.01974	0.03372	0.05099	0.65622	0.01974	0.02550	0.02550	0.01892	0.02714	0.01563	0.02056	0.01316	0.00740	0.00822	0.00247	0.00987	0.00740	0.00411	0.01316
156	0.02056	0.01974	0.03372	0.05099	0.65622	0.01974	0.02550	0.02550	0.01892	0.02714	0.01563	0.02056	0.01316	0.00740	0.00822	0.00247	0.00987	0.00740	0.00411	0.01316
157	0.01697	0.07984	0.63080	0.02316	0.03515	0.02004	0.02979	0.02623	0.01750	0.02594	0.01472	0.01731	0.01053	0.00785	0.00775	0.00258	0.01209	0.00605	0.00351	0.01219
158	0.01727	0.09852	0.58373	0.02341	0.03507	0.02052	0.05719	0.02620	0.01758	0.02575	0.01471	0.01741	0.01063	0.00778	0.00777	0.00257	0.01207	0.00617	0.00354	0.01209
159	0.30693	0.19207	0.26563	0.01651	0.02481	0.02227	0.01841	0.02524	0.01607	0.02892	0.01282	0.01498	0.00997	0.00764	0.00622	0.00240	0.00922	0.00510	0.00415	0.01063
160	0.01006	0.00747	0.00940	0.01094	0.01188	0.00680	0.00743	0.01164	0.01651	0.02145	0.05345	0.57824	0.17438	0.02503	0.01045	0.00326	0.00470	0.02240	0.00771	0.00680
161	0.01448	0.01128	0.01471	0.01390	0.01639	0.04445	0.06704	0.01679	0.01804	0.07860	0.04870	0.40216	0.17927	0.02077	0.00999	0.00306	0.00630	0.01861	0.00742	0.00804
162	0.02056	0.01974	0.03372	0.05099	0.65622	0.01974	0.02550	0.02550	0.01892	0.02714	0.01563	0.02056	0.01316	0.00740	0.00822	0.00247	0.00987	0.00740	0.00411	0.01316
163	0.01961	0.02241	0.04902	0.03501	0.04342	0.02101	0.62605	0.02661	0.01961	0.02661	0.01681	0.02241	0.01261	0.00700	0.00980	0.00280	0.01401	0.00980	0.00420	0.01120
164	0.02056	0.01974	0.03372	0.05099	0.65622	0.01974	0.02550	0.02550	0.01892	0.02714	0.01563	0.02056	0.01316	0.00740	0.00822	0.00247	0.00987	0.00740	0.00411	0.01316
165	0.02056	0.01974	0.03372	0.05099	0.65622	0.01974	0.02550	0.02550	0.01892	0.02714	0.01563	0.02056	0.01316	0.00740	0.00822	0.00247	0.00987	0.00740	0.00411	0.01316
166	0.01012	0.00723	0.00964	0.01157	0.01205	0.00675	0.00771	0.01157	0.01591	0.02121	0.04579	0.70262	0.05495	0.02603	0.01060	0.00337	0.00482	0.02362	0.00771	0.00675
167	0.01012	0.00723	0.00964	0.01157	0.01205	0.00675	0.00771	0.01157	0.01591	0.02121	0.04579	0.70262	0.05495	0.02603	0.01060	0.00337	0.00482	0.02362	0.00771	0.00675
168	0.02036	0.01953	0.03335	0.07788	0.63094	0.01968	0.02539	0.02532	0.01882	0.02689	0.01559	0.02063	0.01307	0.00744	0.00823	0.00248	0.00992	0.00740	0.00409	0.01299
169	0.01666	0.04297	0.66500	0.02368	0.03596	0.01929	0.03069	0.02631	0.01754	0.02631	0.01491	0.01754	0.01052	0.00789	0.00789	0.00263	0.01228	0.00614	0.00351	0.01228
170	0.01208	0.00805	0.00906	0.00906	0.00906	0.00805	0.00503	0.01208	0.01208	0.01611	0.02618	0.05436	0.03020	0.70804	0.04228	0.00805	0.00805	0.01208	0.00503	0.00503
171	0.01966	0.02227	0.04820	0.03587	0.07626	0.02094	0.59386	0.02655	0.01957	0.02664	0.01674	0.02231	0.01263	0.00702	0.00972	0.00278	0.01378	0.00968	0.00420	0.01131
172	0.01736	0.03808	0.51841	0.02638	0.03773	0.01970	0.17238	0.02638	0.01803	0.02638	0.01536	0.01870	0.01102	0.00768	0.00835	0.00267	0.01269	0.00701	0.00367	0.01202
173	0.01961	0.02241	0.04902	0.03501	0.04342	0.02101	0.62605	0.02661	0.01961	0.02661	0.01681	0.02241	0.01261	0.00700	0.00980	0.00280	0.01401	0.00980	0.00420	0.01120
174	0.00982	0.00842	0.00842	0.00842	0.01122	0.00701	0.00631	0.01192	0.01894	0.02244	0.08416	0.07995	0.65285	0.02104	0.00982	0.00281	0.00421	0.01753	0.00771	0.00701
175	0.01697	0.07984	0.63080	0.02316	0.03515	0.02004	0.02979	0.02623	0.01750	0.02594	0.01472	0.01731	0.01053	0.00785	0.00775	0.00258	0.01209	0.00605	0.00351	0.01219
176	0.01012	0.00723	0.00964	0.01157	0.01205	0.00675	0.00771	0.01157	0.01591	0.02121	0.04579	0.70262	0.05495	0.02603	0.01060	0.00337	0.00482	0.02362	0.00771	0.00675
177	0.02056	0.01974	0.03372	0.05099	0.65622	0.01974	0.02550	0.02550	0.01892	0.02714	0.01563	0.02056	0.01316	0.00740	0.00822	0.00247	0.00987	0.00740	0.00411	0.01316
178	0.03103	0.03959	0.02354	0.02140	0.02568	0.67469	0.01605	0.03317	0.02354	0.02033	0.01284	0.01498	0.01070	0.00856	0.00749	0.00214	0.01498	0.00535	0.00428	0.00963
