[name]
unknown

[dist]
# distance from previous block
# <min> <max>
0	2

[block]
# block no. 0 follows, 22 sequences, length 7
# corresponding to MSA columns:
# 2-8
name=unknown_A
#
# <colnr> <probs for GDERKNQSTAVLIFYWHMCP>
#	G	D	E	R	K	N	Q	S	T	A	V	L	I	F	Y	W	H	M	C	P
0	0.01339	0.00956	0.01339	0.01530	0.01721	0.00956	0.01339	0.01721	0.01912	0.02486	0.04399	0.09371	0.04781	0.02295	0.01147	0.00382	0.00765	0.60031	0.00765	0.00765
1	0.02887	0.03439	0.02231	0.02002	0.02444	0.52161	0.01518	0.08315	0.07853	0.02443	0.01966	0.02080	0.05179	0.00968	0.00779	0.00227	0.01309	0.00663	0.00520	0.01016
2	0.01096	0.00815	0.00935	0.00956	0.01089	0.00760	0.00643	0.01245	0.01623	0.02093	0.11105	0.15583	0.25647	0.26634	0.05698	0.00529	0.00659	0.01577	0.00673	0.00638
3	0.01501	0.00876	0.01114	0.01096	0.01244	0.00819	0.00749	0.01675	0.01737	0.11388	0.16533	0.25528	0.04674	0.24858	0.02064	0.00465	0.00603	0.01578	0.00749	0.00747
4	0.01948	0.01380	0.01624	0.01392	0.01663	0.01522	0.01065	0.19734	0.02103	0.02977	0.02037	0.02963	0.01841	0.15205	0.07963	0.11282	0.07668	0.00835	0.10464	0.04335
5	0.02034	0.02064	0.02725	0.03777	0.42241	0.11159	0.02028	0.02557	0.05836	0.02588	0.02740	0.02998	0.11662	0.01001	0.00839	0.00250	0.00948	0.00886	0.00499	0.01166
6	0.01562	0.01473	0.02192	0.01854	0.02088	0.05284	0.12437	0.01848	0.01472	0.02020	0.01935	0.03132	0.01870	0.16800	0.26708	0.00789	0.14373	0.00919	0.00436	0.00808

[dist]
# distance from previous block
# <min> <max>
0	1

[block]
# block no. 1 follows, 22 sequences, length 6
# corresponding to MSA columns:
# 10-15
name=unknown_B
#
# <colnr> <probs for GDERKNQSTAVLIFYWHMCP>
#	G	D	E	R	K	N	Q	S	T	A	V	L	I	F	Y	W	H	M	C	P
0	0.01089	0.00814	0.00911	0.00929	0.01067	0.00745	0.00620	0.01234	0.01654	0.02116	0.11988	0.15083	0.28446	0.27155	0.02175	0.00477	0.00566	0.01608	0.00689	0.00635
1	0.01321	0.00829	0.01034	0.01034	0.01163	0.00889	0.00749	0.01581	0.01451	0.02272	0.02491	0.03714	0.02317	0.19494	0.28700	0.00802	0.01234	0.00923	0.27305	0.00697
2	0.01400	0.01015	0.01149	0.01143	0.01371	0.00993	0.00837	0.10971	0.02059	0.02753	0.05073	0.34245	0.21708	0.02028	0.00949	0.00291	0.00522	0.01759	0.08922	0.00810
3	0.01286	0.00902	0.01085	0.01077	0.01187	0.00891	0.00721	0.05627	0.01791	0.02440	0.19171	0.22173	0.04787	0.30464	0.02334	0.00505	0.00623	0.01550	0.00701	0.00684
4	0.01066	0.00833	0.00894	0.00885	0.01082	0.00739	0.00618	0.01246	0.01778	0.02225	0.14415	0.07101	0.41693	0.19717	0.01816	0.00413	0.00516	0.01580	0.00721	0.00661
5	0.01814	0.00965	0.01172	0.01074	0.01305	0.00881	0.00749	0.01957	0.01696	0.19009	0.04138	0.12440	0.15134	0.31278	0.02341	0.00505	0.00668	0.01343	0.00725	0.00804

[dist]
# distance from previous block
# <min> <max>
0	1

[block]
# block no. 2 follows, 22 sequences, length 10
# corresponding to MSA columns:
# 17-26
name=unknown_C
#
# <colnr> <probs for GDERKNQSTAVLIFYWHMCP>
#	G	D	E	R	K	N	Q	S	T	A	V	L	I	F	Y	W	H	M	C	P
0	0.01129	0.00805	0.01056	0.01099	0.01201	0.00790	0.00764	0.01348	0.01723	0.02383	0.23331	0.27093	0.05257	0.16000	0.11646	0.00553	0.00778	0.01642	0.00717	0.00687
1	0.01120	0.00843	0.01004	0.01060	0.01172	0.00827	0.00734	0.01273	0.01597	0.02111	0.05010	0.32145	0.21939	0.14907	0.01698	0.00401	0.04732	0.01780	0.04979	0.00671
2	0.01060	0.00760	0.01007	0.01124	0.01216	0.00707	0.00775	0.01278	0.01815	0.02477	0.22430	0.51394	0.06185	0.02336	0.01037	0.00315	0.00455	0.02109	0.00813	0.00707
3	0.01969	0.01666	0.02547	0.02015	0.02380	0.01881	0.16119	0.11298	0.01984	0.02994	0.01883	0.02352	0.01509	0.01049	0.01338	0.00272	0.20721	0.00807	0.24222	0.00993
4	0.01898	0.02110	0.07190	0.02818	0.24400	0.10544	0.01779	0.02587	0.11274	0.02585	0.03433	0.03543	0.16936	0.01180	0.00936	0.00262	0.03894	0.00978	0.00559	0.01095
5	0.02230	0.01599	0.02444	0.07104	0.32055	0.01565	0.01811	0.02736	0.05350	0.17649	0.03288	0.03368	0.12997	0.01079	0.00856	0.00259	0.00809	0.00955	0.00643	0.01205
6	0.02609	0.02477	0.02232	0.02020	0.07152	0.20862	0.01477	0.25306	0.02744	0.03409	0.02179	0.05804	0.05088	0.01029	0.00796	0.00227	0.00994	0.00791	0.00626	0.12178
7	0.02074	0.02259	0.02835	0.02238	0.02811	0.17557	0.21446	0.02694	0.08561	0.02529	0.02127	0.11426	0.01927	0.01030	0.00854	0.00243	0.01074	0.00968	0.00529	0.14817
8	0.02073	0.01935	0.01718	0.01555	0.01875	0.17385	0.01174	0.14563	0.05598	0.02966	0.13666	0.13344	0.03339	0.07175	0.07476	0.00404	0.01000	0.01133	0.00678	0.00942
9	0.01957	0.01729	0.01893	0.02232	0.17113	0.13136	0.01350	0.02230	0.01909	0.08769	0.06409	0.06699	0.14375	0.11161	0.05077	0.00391	0.00937	0.01084	0.00600	0.00948

[dist]
# distance from previous block
# <min> <max>
1	3

[block]
# block no. 3 follows, 22 sequences, length 8
# corresponding to MSA columns:
# 30-37
name=unknown_D
#
# <colnr> <probs for GDERKNQSTAVLIFYWHMCP>
#	G	D	E	R	K	N	Q	S	T	A	V	L	I	F	Y	W	H	M	C	P
0	0.01624	0.01454	0.02069	0.31230	0.10016	0.05302	0.01740	0.02047	0.01663	0.02279	0.01930	0.06545	0.01683	0.01804	0.11073	0.00428	0.04457	0.00853	0.10900	0.00902
1	0.02142	0.01463	0.02012	0.02313	0.19077	0.01424	0.01428	0.07807	0.06410	0.16299	0.13238	0.04173	0.16097	0.01284	0.00885	0.00261	0.00689	0.01105	0.00759	0.01134
2	0.01353	0.01003	0.01188	0.01221	0.01411	0.00986	0.00876	0.11113	0.02019	0.02646	0.04862	0.47891	0.15746	0.02253	0.01009	0.00313	0.00541	0.01990	0.00781	0.00799
3	0.02734	0.03203	0.02346	0.14249	0.03108	0.45304	0.01706	0.07187	0.07850	0.02393	0.01554	0.01805	0.01231	0.00885	0.00778	0.00234	0.01313	0.00623	0.00482	0.01017
4	0.01557	0.01136	0.01505	0.01402	0.01644	0.01293	0.01105	0.12342	0.01814	0.02585	0.02215	0.03029	0.01963	0.04980	0.51587	0.01073	0.01880	0.00858	0.05169	0.00862
5	0.02752	0.03392	0.02127	0.01940	0.02326	0.55302	0.01455	0.02998	0.02354	0.02270	0.12943	0.02357	0.02305	0.01010	0.00791	0.00223	0.01296	0.00712	0.00517	0.00930
6	0.05844	0.02084	0.01986	0.16013	0.02888	0.15608	0.01507	0.03315	0.29244	0.02789	0.02861	0.02913	0.07310	0.01074	0.00817	0.00265	0.00908	0.00858	0.00633	0.01083
7	0.12230	0.20765	0.02293	0.01391	0.01847	0.15171	0.01157	0.02416	0.02024	0.06292	0.19911	0.03158	0.06053	0.01114	0.00740	0.00229	0.00805	0.00849	0.00609	0.00945

[dist]
# distance from previous block
# <min> <max>
10	17

[block]
# block no. 4 follows, 22 sequences, length 14
# corresponding to MSA columns:
# 55-68
name=unknown_E
#
# <colnr> <probs for GDERKNQSTAVLIFYWHMCP>
#	G	D	E	R	K	N	Q	S	T	A	V	L	I	F	Y	W	H	M	C	P
0	0.02014	0.02103	0.05439	0.05033	0.02576	0.11772	0.09386	0.08295	0.07155	0.02868	0.06760	0.02840	0.08017	0.00981	0.00803	0.00222	0.00907	0.00834	0.00577	0.21416
1	0.01960	0.05963	0.17171	0.03974	0.35383	0.02058	0.16250	0.02589	0.01868	0.02647	0.01554	0.01998	0.01235	0.00740	0.00837	0.00254	0.01127	0.00753	0.00398	0.01240
2	0.04713	0.05562	0.20275	0.10451	0.10712	0.01721	0.03971	0.02306	0.05921	0.02406	0.01737	0.02274	0.01423	0.02014	0.13380	0.07730	0.01245	0.00726	0.00422	0.01009
3	0.02558	0.02627	0.02400	0.08794	0.11330	0.26802	0.01718	0.16396	0.05639	0.02920	0.01714	0.02034	0.01372	0.01482	0.08227	0.00361	0.01297	0.00691	0.00534	0.01102
4	0.01367	0.01108	0.01342	0.01479	0.06938	0.01096	0.00950	0.01937	0.12927	0.02371	0.04358	0.21363	0.16881	0.16115	0.01617	0.00392	0.00619	0.01488	0.00682	0.04970
5	0.01912	0.01903	0.03739	0.03443	0.20407	0.01826	0.35038	0.02499	0.01902	0.02754	0.01835	0.02346	0.01433	0.00760	0.00865	0.00255	0.01105	0.00878	0.13990	0.01111
6	0.09070	0.01770	0.02866	0.26330	0.39138	0.01920	0.02309	0.02394	0.01767	0.02611	0.01494	0.02042	0.01205	0.00774	0.00796	0.00258	0.00995	0.00712	0.00407	0.01142
7	0.12733	0.06925	0.16327	0.10369	0.17137	0.01777	0.01909	0.02431	0.01738	0.04841	0.01717	0.02074	0.01330	0.00816	0.00707	0.00241	0.00877	0.00659	0.14317	0.01075
8	0.02059	0.02214	0.02603	0.14433	0.07367	0.15903	0.04344	0.02368	0.01665	0.02144	0.01279	0.01851	0.01120	0.01089	0.01649	0.00292	0.31442	0.00687	0.00391	0.05100
9	0.01571	0.01424	0.01592	0.01807	0.10450	0.09097	0.01102	0.01740	0.01610	0.02083	0.07941	0.14918	0.03211	0.29524	0.02401	0.00494	0.06489	0.01237	0.00549	0.00760
10	0.08343	0.16153	0.03094	0.02456	0.14168	0.02000	0.12557	0.02835	0.05333	0.15531	0.02178	0.08024	0.01802	0.00971	0.00791	0.00251	0.00895	0.00870	0.00590	0.01159
11	0.01492	0.01378	0.01391	0.07756	0.01887	0.10453	0.01052	0.04273	0.02049	0.02568	0.19721	0.24107	0.15090	0.01800	0.00950	0.00281	0.00672	0.01554	0.00722	0.00803
12	0.01674	0.01528	0.02284	0.18263	0.10044	0.01729	0.06555	0.02558	0.17378	0.02561	0.02659	0.17979	0.02506	0.01345	0.01063	0.00296	0.06786	0.01180	0.00589	0.01023
13	0.01642	0.02103	0.14488	0.29186	0.07039	0.01919	0.08028	0.02186	0.01668	0.02285	0.02036	0.02555	0.06696	0.01030	0.01193	0.00289	0.13430	0.00825	0.00407	0.00995

[dist]
# distance from previous block
# <min> <max>
1	5

[block]
# block no. 5 follows, 22 sequences, length 18
# corresponding to MSA columns:
# 74-91
name=unknown_F
#
# <colnr> <probs for GDERKNQSTAVLIFYWHMCP>
#	G	D	E	R	K	N	Q	S	T	A	V	L	I	F	Y	W	H	M	C	P
0	0.26259	0.01968	0.02244	0.12125	0.18431	0.07399	0.01683	0.12488	0.02093	0.03338	0.03657	0.01938	0.01372	0.00848	0.00725	0.00253	0.00903	0.00657	0.00527	0.01093
1	0.02229	0.02188	0.02060	0.15914	0.02895	0.19224	0.01529	0.14137	0.09571	0.02949	0.07241	0.08729	0.05437	0.01191	0.00850	0.00260	0.00978	0.00963	0.00626	0.01029
2	0.01517	0.01166	0.01624	0.10080	0.08429	0.01254	0.01225	0.02023	0.08168	0.05192	0.08132	0.04043	0.07675	0.16656	0.18540	0.00650	0.01138	0.01044	0.00578	0.00865
3	0.02425	0.02839	0.02979	0.02404	0.02890	0.31904	0.18761	0.02790	0.02013	0.02302	0.01456	0.01855	0.01194	0.00893	0.01091	0.00248	0.11433	0.00700	0.04486	0.05338
4	0.06974	0.02908	0.23341	0.01927	0.02551	0.14161	0.01923	0.05946	0.01901	0.02578	0.02358	0.02580	0.10099	0.01113	0.01141	0.00269	0.13514	0.00773	0.00470	0.03473
5	0.01173	0.00815	0.01095	0.06274	0.01539	0.00823	0.00882	0.01424	0.01664	0.02370	0.09046	0.42435	0.04499	0.02440	0.06864	0.00391	0.00661	0.01769	0.13109	0.00726
6	0.02595	0.02163	0.02325	0.01897	0.02310	0.07852	0.01537	0.35805	0.02825	0.03769	0.01772	0.02209	0.01450	0.06048	0.05120	0.00370	0.17390	0.00763	0.00642	0.01157
7	0.02271	0.02422	0.02928	0.06765	0.41926	0.19563	0.02206	0.02685	0.02008	0.02491	0.01668	0.02388	0.01466	0.00876	0.00824	0.00248	0.01115	0.04543	0.00437	0.01168
8	0.01558	0.01560	0.01347	0.01421	0.01574	0.17724	0.01004	0.01732	0.01766	0.02084	0.03559	0.47614	0.04106	0.02435	0.06064	0.00382	0.00874	0.01784	0.00659	0.00753
9	0.01711	0.01092	0.01269	0.05500	0.01625	0.01175	0.00928	0.11866	0.01993	0.03067	0.02547	0.06978	0.02194	0.06470	0.10309	0.00418	0.00813	0.00906	0.38277	0.00861
10	0.08472	0.14534	0.08341	0.01898	0.02516	0.28098	0.01644	0.19452	0.02546	0.03085	0.01467	0.01619	0.01149	0.00858	0.00721	0.00225	0.01147	0.00579	0.00527	0.01123
11	0.01762	0.01052	0.01376	0.01464	0.07126	0.00939	0.00988	0.02019	0.01963	0.17822	0.08942	0.21530	0.26092	0.01822	0.00951	0.00285	0.00554	0.01577	0.00810	0.00927
12	0.02176	0.02381	0.02721	0.02226	0.02653	0.21554	0.16554	0.07426	0.02070	0.02469	0.02357	0.08522	0.07021	0.01450	0.04539	0.00329	0.11095	0.00974	0.00510	0.00972
13	0.01230	0.00940	0.01360	0.01231	0.01413	0.00887	0.05937	0.01517	0.01932	0.02684	0.36262	0.13718	0.05760	0.19338	0.01818	0.00411	0.00594	0.01491	0.00750	0.00727
14	0.01735	0.02047	0.11152	0.09459	0.27795	0.05977	0.02021	0.02210	0.01884	0.02480	0.03228	0.03900	0.15086	0.01190	0.00876	0.00269	0.00926	0.06195	0.00508	0.01063
15	0.01971	0.02129	0.07367	0.15976	0.02875	0.15575	0.01598	0.11709	0.02149	0.02638	0.02547	0.24534	0.02597	0.01446	0.00886	0.00278	0.00963	0.01224	0.00586	0.00953
16	0.02296	0.03272	0.20435	0.03366	0.27634	0.23662	0.02380	0.02826	0.02007	0.02466	0.01451	0.01788	0.01162	0.00792	0.00789	0.00240	0.01223	0.00637	0.00400	0.01175
17	0.08485	0.15363	0.03290	0.03803	0.42642	0.07861	0.02113	0.02595	0.01852	0.02596	0.01426	0.01810	0.01212	0.00747	0.00735	0.00232	0.00983	0.00641	0.00411	0.01203

[dist]
# distance from previous block
# <min> <max>
28	193

[block]
# block no. 6 follows, 22 sequences, length 115
# corresponding to MSA columns:
# 304-418
name=unknown_G
#
# <colnr> <probs for GDERKNQSTAVLIFYWHMCP>
#	G	D	E	R	K	N	Q	S	T	A	V	L	I	F	Y	W	H	M	C	P
0	0.14074	0.17743	0.06278	0.01673	0.05694	0.07813	0.01376	0.02614	0.08200	0.02675	0.01579	0.01802	0.01302	0.01060	0.04278	0.00263	0.00910	0.00568	0.00480	0.19620
1	0.02035	0.02790	0.16719	0.02440	0.13650	0.21477	0.01888	0.02425	0.01895	0.02280	0.02350	0.09450	0.07223	0.01258	0.01056	0.04803	0.03895	0.00905	0.00467	0.00994
2	0.09676	0.06794	0.43739	0.02382	0.06978	0.08827	0.05166	0.02673	0.01795	0.02658	0.01432	0.01705	0.01064	0.00784	0.00755	0.00253	0.01173	0.00604	0.00383	0.01159
3	0.01932	0.11947	0.42538	0.02504	0.06903	0.08775	0.08900	0.02682	0.01836	0.02497	0.01453	0.01745	0.01092	0.00775	0.00776	0.00249	0.01219	0.00631	0.00370	0.01175
4	0.02054	0.23403	0.14718	0.05983	0.06240	0.05227	0.01814	0.03210	0.23717	0.02671	0.02049	0.02134	0.01598	0.00887	0.00734	0.00242	0.00915	0.00688	0.00534	0.01185
5	0.08118	0.01265	0.01648	0.06882	0.02001	0.01388	0.03664	0.05430	0.01854	0.05493	0.09267	0.18210	0.17055	0.01677	0.01209	0.00299	0.11646	0.01365	0.00664	0.00864
6	0.02360	0.06651	0.07691	0.02018	0.08715	0.22814	0.01495	0.07051	0.02056	0.07862	0.02161	0.02884	0.04485	0.16460	0.01545	0.00360	0.01071	0.00803	0.00529	0.00987
7	0.02079	0.05587	0.13967	0.01823	0.02442	0.22989	0.03996	0.02480	0.01921	0.02346	0.01909	0.12664	0.01824	0.01052	0.00774	0.00221	0.01037	0.00846	0.00482	0.19559
8	0.02469	0.05367	0.02087	0.01712	0.02165	0.21836	0.01353	0.22195	0.05137	0.03285	0.07810	0.06890	0.08739	0.01268	0.00849	0.00252	0.00958	0.03883	0.00682	0.01061
9	0.26886	0.08428	0.02126	0.01649	0.02175	0.27358	0.01319	0.09111	0.02155	0.09573	0.01512	0.01625	0.01152	0.00849	0.00672	0.00233	0.01028	0.00553	0.00553	0.01044
10	0.01356	0.00888	0.01092	0.01064	0.01308	0.00790	0.00801	0.01638	0.02053	0.09267	0.27114	0.17891	0.25309	0.01945	0.00987	0.00286	0.00465	0.04096	0.00848	0.00803
11	0.02666	0.32851	0.05857	0.01841	0.02424	0.37245	0.01587	0.02933	0.02044	0.02024	0.01237	0.01438	0.01068	0.00791	0.00658	0.00200	0.01226	0.00499	0.00394	0.01018
12	0.01062	0.00817	0.00952	0.00999	0.01180	0.00732	0.00722	0.01280	0.01844	0.02365	0.16636	0.23000	0.32019	0.07714	0.01272	0.00339	0.00481	0.05114	0.00774	0.00697
13	0.01028	0.00730	0.00959	0.01137	0.01181	0.00685	0.00750	0.01161	0.01560	0.02080	0.04420	0.65029	0.05295	0.08109	0.01316	0.00375	0.00508	0.02269	0.00750	0.00661
14	0.01782	0.06813	0.44821	0.02669	0.03754	0.02045	0.21128	0.02633	0.01814	0.02608	0.01533	0.01883	0.01116	0.00758	0.00835	0.00264	0.01264	0.00718	0.00372	0.01187
15	0.10197	0.06524	0.02818	0.06224	0.29248	0.14642	0.01947	0.13324	0.02264	0.03063	0.01515	0.01829	0.01218	0.00813	0.00761	0.00239	0.01035	0.00654	0.00494	0.01190
16	0.01881	0.03997	0.59786	0.02275	0.03442	0.01856	0.02877	0.02778	0.01819	0.09240	0.01677	0.01866	0.01157	0.00814	0.00794	0.00262	0.01174	0.00637	0.00421	0.01247
17	0.02056	0.01974	0.03372	0.05099	0.65622	0.01974	0.02550	0.02550	0.01892	0.02714	0.01563	0.02056	0.01316	0.00740	0.00822	0.00247	0.00987	0.00740	0.00411	0.01316
18	0.02056	0.01974	0.03372	0.05099	0.65622	0.01974	0.02550	0.02550	0.01892	0.02714	0.01563	0.02056	0.01316	0.00740	0.00822	0.00247	0.00987	0.00740	0.00411	0.01316
19	0.01187	0.00890	0.01335	0.01335	0.01483	0.01038	0.01038	0.01483	0.01335	0.01928	0.02225	0.03264	0.02077	0.06231	0.67512	0.01335	0.02225	0.00890	0.00445	0.00742
20	0.03067	0.02376	0.02436	0.01907	0.02542	0.06207	0.01559	0.54766	0.08679	0.04912	0.02066	0.02056	0.01484	0.01000	0.00828	0.00250	0.00926	0.00751	0.00809	0.01379
21	0.01569	0.01477	0.02492	0.68808	0.05722	0.01846	0.02307	0.02123	0.01661	0.02123	0.01477	0.02215	0.01107	0.00831	0.00831	0.00277	0.01107	0.00738	0.00369	0.00923
22	0.01961	0.02241	0.04902	0.03501	0.04342	0.02101	0.62605	0.02661	0.01961	0.02661	0.01681	0.02241	0.01261	0.00700	0.00980	0.00280	0.01401	0.00980	0.00420	0.01120
23	0.01040	0.00860	0.00923	0.00955	0.01220	0.00743	0.00747	0.01279	0.01897	0.02284	0.07756	0.08221	0.55356	0.02135	0.01009	0.00297	0.00477	0.11317	0.00770	0.00712
24	0.01187	0.00890	0.01335	0.01335	0.01483	0.01038	0.01038	0.01483	0.01335	0.01928	0.02225	0.03264	0.02077	0.06231	0.67512	0.01335	0.02225	0.00890	0.00445	0.00742
25	0.02066	0.01785	0.01878	0.01691	0.02160	0.02066	0.01315	0.04414	0.64121	0.03475	0.03381	0.03099	0.02536	0.01127	0.00845	0.00282	0.00657	0.00939	0.00845	0.01315
26	0.01818	0.01818	0.02545	0.02181	0.02181	0.02545	0.01818	0.01999	0.01272	0.01999	0.01091	0.01818	0.01091	0.01454	0.02726	0.00364	0.69284	0.00727	0.00364	0.00909
27	0.76672	0.01607	0.01221	0.01092	0.01607	0.01864	0.00900	0.02442	0.01414	0.03727	0.01157	0.01350	0.00900	0.00771	0.00514	0.00257	0.00643	0.00450	0.00514	0.00900
28	0.01187	0.00890	0.01335	0.01335	0.01483	0.01038	0.01038	0.01483	0.01335	0.01928	0.02225	0.03264	0.02077	0.06231	0.67512	0.01335	0.02225	0.00890	0.00445	0.00742
29	0.10274	0.03567	0.18266	0.02433	0.10083	0.36746	0.02005	0.02966	0.02054	0.02437	0.01355	0.01611	0.01077	0.00817	0.00743	0.00234	0.01282	0.00570	0.00416	0.01063
30	0.01666	0.04297	0.66500	0.02368	0.03596	0.01929	0.03069	0.02631	0.01754	0.02631	0.01491	0.01754	0.01052	0.00789	0.00789	0.00263	0.01228	0.00614	0.00351	0.01228
31	0.01666	0.04297	0.66500	0.02368	0.03596	0.01929	0.03069	0.02631	0.01754	0.02631	0.01491	0.01754	0.01052	0.00789	0.00789	0.00263	0.01228	0.00614	0.00351	0.01228
32	0.02226	0.01926	0.03282	0.04660	0.56623	0.01901	0.04760	0.02710	0.01945	0.09313	0.01746	0.02144	0.01391	0.00769	0.00830	0.00249	0.00974	0.00759	0.00476	0.01318
33	0.02033	0.02114	0.07168	0.04935	0.61892	0.01971	0.02581	0.02554	0.01883	0.02709	0.01558	0.02038	0.01300	0.00743	0.00820	0.00248	0.01001	0.00733	0.00408	0.01311
34	0.00982	0.00842	0.00842	0.00842	0.01122	0.00701	0.00631	0.01192	0.01894	0.02244	0.08416	0.07995	0.65285	0.02104	0.00982	0.00281	0.00421	0.01753	0.00771	0.00701
35	0.01598	0.01506	0.02545	0.64977	0.09324	0.01853	0.02322	0.02148	0.01675	0.02158	0.01482	0.02205	0.01120	0.00825	0.00830	0.00275	0.01100	0.00738	0.00372	0.00946
36	0.18696	0.01991	0.02843	0.04061	0.48248	0.05214	0.02136	0.02564	0.01808	0.02905	0.01459	0.01871	0.01211	0.00753	0.00750	0.00247	0.00936	0.00665	0.00435	0.01206
37	0.10822	0.02252	0.02361	0.01826	0.02475	0.02502	0.01508	0.56555	0.03646	0.05078	0.01907	0.01927	0.01359	0.00974	0.00798	0.00250	0.00886	0.00717	0.00798	0.01359
38	0.02056	0.01974	0.03372	0.05099	0.65622	0.01974	0.02550	0.02550	0.01892	0.02714	0.01563	0.02056	0.01316	0.00740	0.00822	0.00247	0.00987	0.00740	0.00411	0.01316
39	0.00982	0.00842	0.00842	0.00842	0.01122	0.00701	0.00631	0.01192	0.01894	0.02244	0.08416	0.07995	0.65285	0.02104	0.00982	0.00281	0.00421	0.01753	0.00771	0.00701
40	0.01007	0.00744	0.00942	0.01101	0.01190	0.00679	0.00746	0.01163	0.01644	0.02143	0.05257	0.59253	0.16066	0.02514	0.01046	0.00327	0.00471	0.02254	0.00771	0.00679
41	0.01033	0.00844	0.00912	0.00895	0.01153	0.00723	0.00671	0.01291	0.02013	0.02529	0.23279	0.07526	0.50245	0.01998	0.00981	0.00275	0.00413	0.01688	0.00809	0.00723
42	0.01020	0.00843	0.00894	0.00882	0.01145	0.00718	0.00661	0.01266	0.01984	0.02458	0.19578	0.07643	0.53989	0.02024	0.00981	0.00277	0.00415	0.01704	0.00800	0.00718
43	0.76672	0.01607	0.01221	0.01092	0.01607	0.01864	0.00900	0.02442	0.01414	0.03727	0.01157	0.01350	0.00900	0.00771	0.00514	0.00257	0.00643	0.00450	0.00514	0.00900
44	0.01040	0.00743	0.00996	0.01188	0.01249	0.00699	0.00819	0.01205	0.01618	0.02152	0.04563	0.65095	0.05434	0.02577	0.01068	0.00341	0.00506	0.07256	0.00771	0.00682
45	0.03022	0.10181	0.02539	0.02074	0.02528	0.61539	0.01588	0.03241	0.02293	0.02026	0.01272	0.01483	0.01070	0.00843	0.00729	0.00211	0.01442	0.00527	0.00421	0.00973
46	0.76672	0.01607	0.01221	0.01092	0.01607	0.01864	0.00900	0.02442	0.01414	0.03727	0.01157	0.01350	0.00900	0.00771	0.00514	0.00257	0.00643	0.00450	0.00514	0.00900
47	0.01307	0.01051	0.01190	0.01119	0.01403	0.01037	0.00850	0.02066	0.15699	0.03005	0.33017	0.06115	0.25564	0.01707	0.00951	0.00272	0.00459	0.01462	0.00852	0.00873
48	0.03158	0.02327	0.02493	0.01911	0.02576	0.02576	0.01579	0.62852	0.03906	0.05236	0.01995	0.01995	0.01413	0.00997	0.00831	0.00249	0.00914	0.00748	0.00831	0.01413
49	0.02800	0.01982	0.02111	0.01659	0.02219	0.02176	0.01357	0.49310	0.03425	0.04760	0.02154	0.02240	0.01572	0.00991	0.00775	0.00237	0.00797	0.00754	0.17412	0.01271
50	0.01666	0.04297	0.66500	0.02368	0.03596	0.01929	0.03069	0.02631	0.01754	0.02631	0.01491	0.01754	0.01052	0.00789	0.00789	0.00263	0.01228	0.00614	0.00351	0.01228
51	0.00982	0.00842	0.00842	0.00842	0.01122	0.00701	0.00631	0.01192	0.01894	0.02244	0.08416	0.07995	0.65285	0.02104	0.00982	0.00281	0.00421	0.01753	0.00771	0.00701
52	0.01549	0.00774	0.00774	0.00774	0.00968	0.00774	0.00581	0.01936	0.01742	0.03097	0.02710	0.03097	0.02129	0.00968	0.00581	0.00194	0.00387	0.00774	0.75416	0.00774
53	0.02056	0.01974	0.03372	0.05099	0.65622	0.01974	0.02550	0.02550	0.01892	0.02714	0.01563	0.02056	0.01316	0.00740	0.00822	0.00247	0.00987	0.00740	0.00411	0.01316
54	0.03103	0.03959	0.02354	0.02140	0.02568	0.67469	0.01605	0.03317	0.02354	0.02033	0.01284	0.01498	0.01070	0.00856	0.00749	0.00214	0.01498	0.00535	0.00428	0.00963
55	0.01012	0.00723	0.00964	0.01157	0.01205	0.00675	0.00771	0.01157	0.01591	0.02121	0.04579	0.70262	0.05495	0.02603	0.01060	0.00337	0.00482	0.02362	0.00771	0.00675
56	0.01466	0.01172	0.01209	0.01079	0.01445	0.01118	0.00842	0.14900	0.02341	0.02909	0.06988	0.06661	0.51086	0.01858	0.00948	0.00274	0.00530	0.01530	0.00785	0.00859
57	0.01003	0.00760	0.00926	0.01059	0.01179	0.00683	0.00728	0.01168	0.01684	0.02159	0.05763	0.51041	0.23951	0.02449	0.01036	0.00320	0.00463	0.02174	0.00771	0.00683
58	0.01549	0.00774	0.00774	0.00774	0.00968	0.00774	0.00581	0.01936	0.01742	0.03097	0.02710	0.03097	0.02129	0.00968	0.00581	0.00194	0.00387	0.00774	0.75416	0.00774
59	0.76672	0.01607	0.01221	0.01092	0.01607	0.01864	0.00900	0.02442	0.01414	0.03727	0.01157	0.01350	0.00900	0.00771	0.00514	0.00257	0.00643	0.00450	0.00514	0.00900
60	0.01302	0.00880	0.01131	0.01050	0.01280	0.00801	0.00794	0.01672	0.02309	0.06785	0.56258	0.06185	0.12999	0.01699	0.00972	0.00263	0.00413	0.01489	0.00907	0.00812
61	0.02065	0.02101	0.03009	0.18926	0.41336	0.10092	0.02343	0.02523	0.01868	0.02463	0.01486	0.02011	0.01228	0.00809	0.00905	0.00255	0.04301	0.00714	0.00402	0.01165
62	0.01666	0.04297	0.66500	0.02368	0.03596	0.01929	0.03069	0.02631	0.01754	0.02631	0.01491	0.01754	0.01052	0.00789	0.00789	0.00263	0.01228	0.00614	0.00351	0.01228
63	0.01002	0.00842	0.00870	0.00863	0.01134	0.00710	0.00647	0.01231	0.01941	0.02357	0.14318	0.07809	0.59312	0.02062	0.00982	0.00279	0.00418	0.01727	0.00786	0.00710
64	0.76672	0.01607	0.01221	0.01092	0.01607	0.01864	0.00900	0.02442	0.01414	0.03727	0.01157	0.01350	0.00900	0.00771	0.00514	0.00257	0.00643	0.00450	0.00514	0.00900
65	0.00985	0.00829	0.00854	0.00874	0.01131	0.00699	0.00646	0.01189	0.01862	0.02231	0.08017	0.14469	0.59068	0.02156	0.00990	0.00286	0.00427	0.01817	0.00771	0.00699
66	0.01224	0.00878	0.01277	0.01277	0.01430	0.01011	0.00991	0.01531	0.01378	0.02050	0.02276	0.03246	0.02082	0.05682	0.60535	0.01216	0.02034	0.00878	0.08261	0.00745
67	0.02221	0.71304	0.04353	0.01421	0.02132	0.03287	0.01421	0.02488	0.01688	0.01955	0.01155	0.01333	0.01066	0.00711	0.00533	0.00178	0.00888	0.00444	0.00355	0.01066
68	0.03103	0.03959	0.02354	0.02140	0.02568	0.67469	0.01605	0.03317	0.02354	0.02033	0.01284	0.01498	0.01070	0.00856	0.00749	0.00214	0.01498	0.00535	0.00428	0.00963
69	0.02627	0.34321	0.03271	0.01817	0.02348	0.34507	0.01535	0.02862	0.01988	0.01996	0.01214	0.01442	0.01070	0.00826	0.00770	0.00207	0.05298	0.00505	0.00391	0.01006
70	0.00989	0.00815	0.00869	0.00912	0.01141	0.00695	0.00662	0.01184	0.01826	0.02217	0.07563	0.21837	0.51993	0.02215	0.00999	0.00293	0.00434	0.01889	0.00771	0.00695
71	0.01012	0.00723	0.00964	0.01157	0.01205	0.00675	0.00771	0.01157	0.01591	0.02121	0.04579	0.70262	0.05495	0.02603	0.01060	0.00337	0.00482	0.02362	0.00771	0.00675
72	0.02449	0.01972	0.02132	0.04646	0.02467	0.02246	0.01455	0.25953	0.39153	0.04069	0.02786	0.02652	0.02059	0.01066	0.00839	0.00270	0.00772	0.00860	0.00820	0.01334
73	0.01297	0.01056	0.01270	0.01252	0.01418	0.04930	0.00945	0.01571	0.01646	0.02226	0.15581	0.04556	0.07006	0.12457	0.35512	0.00882	0.01467	0.03614	0.00580	0.00733
74	0.01922	0.24689	0.43711	0.02066	0.03088	0.06284	0.02479	0.02629	0.01770	0.02389	0.01376	0.01610	0.01058	0.00769	0.00709	0.00234	0.01141	0.00557	0.00357	0.01163
75	0.02221	0.71304	0.04353	0.01421	0.02132	0.03287	0.01421	0.02488	0.01688	0.01955	0.01155	0.01333	0.01066	0.00711	0.00533	0.00178	0.00888	0.00444	0.00355	0.01066
76	0.01038	0.00839	0.00923	0.00913	0.01159	0.00724	0.00680	0.01297	0.02010	0.02547	0.24351	0.10153	0.46433	0.02010	0.00985	0.00278	0.00415	0.01708	0.00812	0.00724
77	0.02221	0.71304	0.04353	0.01421	0.02132	0.03287	0.01421	0.02488	0.01688	0.01955	0.01155	0.01333	0.01066	0.00711	0.00533	0.00178	0.00888	0.00444	0.00355	0.01066
78	0.03108	0.03813	0.02367	0.02120	0.02569	0.61648	0.01603	0.08658	0.02493	0.02320	0.01348	0.01543	0.01101	0.00869	0.00756	0.00217	0.01446	0.00554	0.00464	0.01003
79	0.01012	0.00723	0.00964	0.01157	0.01205	0.00675	0.00771	0.01157	0.01591	0.02121	0.04579	0.70262	0.05495	0.02603	0.01060	0.00337	0.00482	0.02362	0.00771	0.00675
80	0.01194	0.00820	0.01004	0.01013	0.01048	0.00851	0.00634	0.01267	0.01254	0.01705	0.02619	0.07895	0.02923	0.53354	0.18153	0.00902	0.01106	0.01190	0.00503	0.00564
81	0.01165	0.00787	0.00919	0.00962	0.00973	0.00776	0.00563	0.01197	0.01293	0.01724	0.03054	0.19848	0.03570	0.55643	0.03524	0.00701	0.00733	0.01465	0.00563	0.00541
82	0.01549	0.00774	0.00774	0.00774	0.00968	0.00774	0.00581	0.01936	0.01742	0.03097	0.02710	0.03097	0.02129	0.00968	0.00581	0.00194	0.00387	0.00774	0.75416	0.00774
83	0.02280	0.39712	0.19324	0.01816	0.02592	0.17218	0.01871	0.02708	0.01852	0.02140	0.01267	0.01474	0.01064	0.00763	0.00645	0.00207	0.01108	0.00506	0.00370	0.01083
84	0.02248	0.02498	0.06048	0.04282	0.46498	0.15386	0.05777	0.02717	0.01984	0.02568	0.01509	0.01939	0.01251	0.00764	0.00815	0.00243	0.01126	0.00706	0.00412	0.01229
85	0.02145	0.02142	0.03286	0.04848	0.60271	0.07532	0.02469	0.02615	0.01931	0.02656	0.01539	0.02009	0.01295	0.00750	0.00816	0.00244	0.01030	0.00723	0.00413	0.01286
86	0.01091	0.00746	0.00939	0.01073	0.01117	0.00713	0.00694	0.01214	0.01504	0.02049	0.03987	0.50382	0.04690	0.19427	0.01819	0.00445	0.00557	0.01986	0.04928	0.00638
87	0.01045	0.00844	0.00929	0.00908	0.01161	0.00728	0.00681	0.01315	0.02043	0.02599	0.26938	0.07411	0.46541	0.01972	0.00981	0.00274	0.00411	0.01671	0.00818	0.00728
88	0.05779	0.14935	0.02639	0.01982	0.02460	0.54408	0.01548	0.03147	0.02209	0.02085	0.01258	0.01465	0.01063	0.00829	0.00705	0.00210	0.01365	0.00517	0.00419	0.00978
89	0.01985	0.02396	0.14851	0.04602	0.54343	0.01966	0.02644	0.02564	0.01867	0.02699	0.01550	0.02001	0.01268	0.00749	0.00816	0.00250	0.01031	0.00717	0.00400	0.01300
90	0.01718	0.03934	0.55609	0.02568	0.03727	0.01960	0.13596	0.02636	0.01790	0.02636	0.01524	0.01840	0.01089	0.00774	0.00823	0.00266	0.01258	0.00679	0.00363	0.01209
91	0.01817	0.01722	0.02809	0.04153	0.51283	0.01691	0.02123	0.02248	0.01892	0.02610	0.03086	0.03376	0.15537	0.01043	0.00858	0.00254	0.00861	0.00965	0.00491	0.01179
92	0.01976	0.01892	0.03227	0.15572	0.55775	0.01953	0.02510	0.02479	0.01854	0.02617	0.01548	0.02082	0.01282	0.00755	0.00824	0.00252	0.01007	0.00740	0.00404	0.01251
93	0.03158	0.02327	0.02493	0.01911	0.02576	0.02576	0.01579	0.62852	0.03906	0.05236	0.01995	0.01995	0.01413	0.00997	0.00831	0.00249	0.00914	0.00748	0.00831	0.01413
94	0.01019	0.00816	0.00896	0.00929	0.01138	0.00710	0.00667	0.01222	0.01836	0.02287	0.12708	0.20426	0.44052	0.06055	0.01181	0.00320	0.00452	0.01823	0.00770	0.00693
95	0.03448	0.01862	0.02205	0.01691	0.02344	0.01886	0.01397	0.32902	0.03128	0.36285	0.02648	0.02419	0.01741	0.01013	0.00833	0.00253	0.00809	0.00792	0.00931	0.01413
96	0.01549	0.00774	0.00774	0.00774	0.00968	0.00774	0.00581	0.01936	0.01742	0.03097	0.02710	0.03097	0.02129	0.00968	0.00581	0.00194	0.00387	0.00774	0.75416	0.00774
97	0.01099	0.00797	0.01038	0.01082	0.01221	0.00735	0.00772	0.01381	0.02016	0.02782	0.37575	0.32738	0.09484	0.02090	0.01013	0.00294	0.00430	0.01869	0.00849	0.00735
98	0.01998	0.17780	0.11025	0.03088	0.10161	0.02333	0.36552	0.02608	0.01871	0.02506	0.01532	0.01969	0.01201	0.00716	0.00845	0.00252	0.01226	0.00798	0.00398	0.01140
99	0.02968	0.03725	0.02412	0.05915	0.05883	0.60634	0.01690	0.03214	0.02293	0.02072	0.01308	0.01565	0.01084	0.00849	0.00757	0.00219	0.01451	0.00556	0.00424	0.00978
100	0.01189	0.00881	0.01148	0.01297	0.01477	0.00839	0.01059	0.01482	0.01839	0.02354	0.05330	0.22152	0.18385	0.02319	0.01092	0.00350	0.00628	0.34680	0.00768	0.00731
101	0.01860	0.01922	0.03778	0.20707	0.17096	0.01950	0.31867	0.02466	0.01859	0.02551	0.01649	0.02234	0.01271	0.00754	0.00891	0.00269	0.01195	0.00859	0.03729	0.01094
102	0.02216	0.02246	0.02993	0.07603	0.45592	0.12851	0.02239	0.05874	0.02066	0.02685	0.01847	0.02238	0.04180	0.00840	0.00818	0.00245	0.01049	0.00752	0.00451	0.01214
103	0.01012	0.00723	0.00964	0.01157	0.01205	0.00675	0.00771	0.01157	0.01591	0.02121	0.04579	0.70262	0.05495	0.02603	0.01060	0.00337	0.00482	0.02362	0.00771	0.00675
104	0.03118	0.03513	0.02392	0.02078	0.02570	0.49736	0.01598	0.19587	0.02778	0.02908	0.01478	0.01634	0.01164	0.00895	0.00771	0.00224	0.01339	0.00593	0.00538	0.01086
105	0.02396	0.38650	0.14724	0.01811	0.02526	0.22876	0.01770	0.02769	0.01905	0.02098	0.01254	0.01458	0.01065	0.00770	0.00645	0.00204	0.01137	0.00502	0.00377	0.01063
106	0.03106	0.03882	0.02361	0.02129	0.02569	0.64407	0.01604	0.06127	0.02427	0.02184	0.01318	0.01522	0.01086	0.00863	0.00753	0.00216	0.01471	0.00545	0.00447	0.00984
107	0.01549	0.00774	0.00774	0.00774	0.00968	0.00774	0.00581	0.01936	0.01742	0.03097	0.02710	0.03097	0.02129	0.00968	0.00581	0.00194	0.00387	0.00774	0.75416	0.00774
108	0.02056	0.01974	0.03372	0.05099	0.65622	0.01974	0.02550	0.02550	0.01892	0.02714	0.01563	0.02056	0.01316	0.00740	0.00822	0.00247	0.00987	0.00740	0.00411	0.01316
109	0.00992	0.00842	0.00856	0.00853	0.01129	0.00706	0.00639	0.01213	0.01918	0.02303	0.11504	0.07898	0.62160	0.02082	0.00982	0.00279	0.00419	0.01740	0.00779	0.00706
110	0.02046	0.02888	0.22497	0.03959	0.40171	0.08770	0.02610	0.02654	0.01898	0.02618	0.01512	0.01906	0.01210	0.00767	0.00805	0.00248	0.01113	0.00680	0.00395	0.01252
111	0.02634	0.01232	0.01597	0.01304	0.01774	0.01108	0.01046	0.06195	0.02403	0.37080	0.22600	0.04349	0.10357	0.01343	0.00894	0.00260	0.00592	0.01129	0.00956	0.01148
112	0.01035	0.00833	0.00922	0.00923	0.01160	0.00720	0.00683	0.01287	0.01985	0.02515	0.22813	0.13081	0.45040	0.02043	0.00988	0.00281	0.00419	0.01742	0.00809	0.00720
113	0.02066	0.01785	0.01878	0.01691	0.02160	0.02066	0.01315	0.04414	0.64121	0.03475	0.03381	0.03099	0.02536	0.01127	0.00845	0.00282	0.00657	0.00939	0.00845	0.01315
114	0.02614	0.05689	0.02342	0.02060	0.05960	0.23603	0.01533	0.14693	0.26471	0.03219	0.02237	0.02234	0.01714	0.00974	0.00796	0.00247	0.01009	0.00738	0.00660	0.01207

[dist]
# distance from previous block
# <min> <max>
0	1

[block]
# block no. 7 follows, 22 sequences, length 6
# corresponding to MSA columns:
# 420-425
name=unknown_H
#
# <colnr> <probs for GDERKNQSTAVLIFYWHMCP>
#	G	D	E	R	K	N	Q	S	T	A	V	L	I	F	Y	W	H	M	C	P
0	0.01042	0.00800	0.00954	0.01009	0.01183	0.00712	0.00721	0.01273	0.01896	0.02470	0.21174	0.30611	0.28790	0.02187	0.01010	0.00297	0.00436	0.01916	0.00807	0.00712
1	0.01659	0.11511	0.16091	0.01545	0.01987	0.07097	0.01464	0.02014	0.01550	0.02093	0.01904	0.02981	0.01817	0.19724	0.13902	0.00583	0.05207	0.00803	0.05204	0.00862
2	0.02674	0.24048	0.06877	0.01903	0.02474	0.29748	0.01648	0.12168	0.02286	0.02540	0.01355	0.01561	0.01122	0.00868	0.00826	0.00221	0.05588	0.00558	0.00460	0.01077
3	0.02759	0.06413	0.02206	0.01770	0.02183	0.25604	0.01410	0.07401	0.02170	0.16456	0.01929	0.02119	0.01475	0.01368	0.05783	0.00322	0.10050	0.00682	0.06837	0.01063
4	0.01105	0.00842	0.01025	0.01056	0.01258	0.00761	0.00803	0.01394	0.02016	0.02653	0.27922	0.17064	0.27138	0.02058	0.01015	0.00296	0.00466	0.09569	0.00823	0.00736
5	0.02205	0.10935	0.02909	0.02157	0.02626	0.24030	0.15530	0.02680	0.06539	0.02289	0.02105	0.14329	0.02030	0.01173	0.00945	0.00260	0.04767	0.01000	0.00507	0.00983

[dist]
# distance from previous block
# <min> <max>
0	3

[block]
# block no. 8 follows, 22 sequences, length 24
# corresponding to MSA columns:
# 429-452
name=unknown_I
#
# <colnr> <probs for GDERKNQSTAVLIFYWHMCP>
#	G	D	E	R	K	N	Q	S	T	A	V	L	I	F	Y	W	H	M	C	P
0	0.01997	0.17271	0.06939	0.01890	0.05002	0.15187	0.01574	0.02276	0.01760	0.02120	0.02632	0.02871	0.13716	0.01225	0.01298	0.00265	0.19746	0.00822	0.00456	0.00953
1	0.01187	0.00890	0.01335	0.01335	0.01483	0.01038	0.01038	0.01483	0.01335	0.01928	0.02225	0.03264	0.02077	0.06231	0.67512	0.01335	0.02225	0.00890	0.00445	0.00742
2	0.02221	0.71304	0.04353	0.01421	0.02132	0.03287	0.01421	0.02488	0.01688	0.01955	0.01155	0.01333	0.01066	0.00711	0.00533	0.00178	0.00888	0.00444	0.00355	0.01066
3	0.01118	0.00854	0.01031	0.01007	0.01233	0.00767	0.00769	0.01445	0.02158	0.02886	0.40762	0.07063	0.28013	0.01884	0.00992	0.00277	0.00428	0.05706	0.00853	0.00753
4	0.01152	0.00848	0.01077	0.01020	0.01226	0.00774	0.00765	0.01521	0.02294	0.03195	0.58081	0.06429	0.15026	0.01749	0.00980	0.00264	0.00396	0.01534	0.00897	0.00774
5	0.01162	0.00849	0.01092	0.01031	0.01233	0.00778	0.00773	0.01541	0.02319	0.03255	0.61193	0.06331	0.11877	0.01727	0.00980	0.00263	0.00394	0.01520	0.00904	0.00778
6	0.02880	0.02152	0.02315	0.01833	0.02433	0.02385	0.01492	0.51586	0.11045	0.04811	0.02338	0.06760	0.01826	0.01122	0.00848	0.00259	0.00854	0.00881	0.00829	0.01351
7	0.01676	0.00999	0.01265	0.01130	0.01435	0.00915	0.00871	0.02121	0.05167	0.15143	0.42872	0.05661	0.14253	0.01599	0.00946	0.00264	0.00468	0.01383	0.00914	0.00917
8	0.03103	0.03959	0.02354	0.02140	0.02568	0.67469	0.01605	0.03317	0.02354	0.02033	0.01284	0.01498	0.01070	0.00856	0.00749	0.00214	0.01498	0.00535	0.00428	0.00963
9	0.01961	0.02241	0.04902	0.03501	0.04342	0.02101	0.62605	0.02661	0.01961	0.02661	0.01681	0.02241	0.01261	0.00700	0.00980	0.00280	0.01401	0.00980	0.00420	0.01120
10	0.02227	0.01964	0.02997	0.16327	0.39317	0.02093	0.02273	0.16848	0.02329	0.03204	0.01649	0.02071	0.01300	0.00818	0.00826	0.00253	0.00992	0.00742	0.00503	0.01265
11	0.01902	0.11907	0.42193	0.02243	0.05657	0.06186	0.02480	0.02935	0.11648	0.02649	0.01739	0.01912	0.01300	0.00835	0.00766	0.00252	0.01103	0.00645	0.00437	0.01209
12	0.01945	0.14804	0.06528	0.02622	0.07115	0.07622	0.26565	0.02407	0.01831	0.02358	0.01938	0.12273	0.01835	0.01057	0.00981	0.00267	0.05356	0.01007	0.00455	0.01034
13	0.01166	0.00796	0.00910	0.00938	0.00962	0.00780	0.00549	0.01200	0.01305	0.01723	0.03257	0.14830	0.07238	0.56823	0.03575	0.00706	0.00735	0.01406	0.00558	0.00540
14	0.03103	0.03959	0.02354	0.02140	0.02568	0.67469	0.01605	0.03317	0.02354	0.02033	0.01284	0.01498	0.01070	0.00856	0.00749	0.00214	0.01498	0.00535	0.00428	0.00963
15	0.01019	0.00843	0.00893	0.00881	0.01145	0.00717	0.00660	0.01264	0.01981	0.02453	0.19293	0.07652	0.54277	0.02026	0.00981	0.00277	0.00415	0.01705	0.00799	0.00717
16	0.02012	0.06498	0.03271	0.07500	0.37891	0.06005	0.08477	0.02457	0.01806	0.02467	0.01529	0.02064	0.01299	0.01184	0.05514	0.00330	0.07387	0.00742	0.00405	0.01160
17	0.01031	0.00754	0.00974	0.01143	0.01230	0.00697	0.00792	0.01199	0.01650	0.02161	0.05047	0.58341	0.12927	0.02519	0.01056	0.00333	0.00494	0.06198	0.00771	0.00684
18	0.03116	0.03570	0.02387	0.02086	0.02570	0.51996	0.01599	0.17513	0.02724	0.02797	0.01454	0.01616	0.01152	0.00890	0.00769	0.00222	0.01359	0.00586	0.00524	0.01070
19	0.03103	0.03959	0.02354	0.02140	0.02568	0.67469	0.01605	0.03317	0.02354	0.02033	0.01284	0.01498	0.01070	0.00856	0.00749	0.00214	0.01498	0.00535	0.00428	0.00963
20	0.01074	0.00804	0.01048	0.01141	0.01276	0.00778	0.00829	0.01297	0.01687	0.02238	0.10395	0.35485	0.16750	0.03126	0.14258	0.00520	0.00824	0.05044	0.00719	0.00708
21	0.01549	0.00774	0.00774	0.00774	0.00968	0.00774	0.00581	0.01936	0.01742	0.03097	0.02710	0.03097	0.02129	0.00968	0.00581	0.00194	0.00387	0.00774	0.75416	0.00774
22	0.01569	0.01477	0.02492	0.68808	0.05722	0.01846	0.02307	0.02123	0.01661	0.02123	0.01477	0.02215	0.01107	0.00831	0.00831	0.00277	0.01107	0.00738	0.00369	0.00923
23	0.14087	0.08075	0.05390	0.09056	0.24622	0.01814	0.05448	0.02223	0.01712	0.02633	0.02048	0.15302	0.02012	0.01117	0.00801	0.00265	0.00869	0.00993	0.00488	0.01046

[dist]
# distance from previous block
# <min> <max>
0	7

[block]
# block no. 9 follows, 22 sequences, length 29
# corresponding to MSA columns:
# 460-488
name=unknown_J
#
# <colnr> <probs for GDERKNQSTAVLIFYWHMCP>
#	G	D	E	R	K	N	Q	S	T	A	V	L	I	F	Y	W	H	M	C	P
0	0.02181	0.03127	0.22011	0.03600	0.32530	0.17071	0.02487	0.02751	0.01957	0.02532	0.01477	0.01837	0.01180	0.00782	0.00796	0.00244	0.01177	0.00655	0.00397	0.01208
1	0.01928	0.01985	0.06702	0.10235	0.53003	0.01881	0.02449	0.02432	0.01845	0.02622	0.01735	0.06212	0.01538	0.00864	0.00836	0.00256	0.00980	0.00832	0.00426	0.01238
2	0.02045	0.02007	0.03165	0.04687	0.58437	0.05274	0.02384	0.02506	0.01916	0.02650	0.01966	0.02389	0.05204	0.00829	0.00828	0.00247	0.00979	0.00791	0.00434	0.01260
3	0.02056	0.01974	0.03372	0.05099	0.65622	0.01974	0.02550	0.02550	0.01892	0.02714	0.01563	0.02056	0.01316	0.00740	0.00822	0.00247	0.00987	0.00740	0.00411	0.01316
4	0.01208	0.00805	0.00906	0.00906	0.00906	0.00805	0.00503	0.01208	0.01208	0.01611	0.02618	0.05436	0.03020	0.70804	0.04228	0.00805	0.00805	0.01208	0.00503	0.00503
5	0.00982	0.00842	0.00842	0.00842	0.01122	0.00701	0.00631	0.01192	0.01894	0.02244	0.08416	0.07995	0.65285	0.02104	0.00982	0.00281	0.00421	0.01753	0.00771	0.00701
6	0.02187	0.01069	0.01199	0.01042	0.01381	0.01052	0.00821	0.08460	0.02097	0.17173	0.02764	0.02928	0.02042	0.00984	0.00662	0.00213	0.00510	0.00785	0.51653	0.00978
7	0.01176	0.00849	0.01110	0.01045	0.01241	0.00784	0.00784	0.01568	0.02352	0.03331	0.65184	0.06206	0.07839	0.01698	0.00980	0.00261	0.00392	0.01502	0.00914	0.00784
8	0.03103	0.03959	0.02354	0.02140	0.02568	0.67469	0.01605	0.03317	0.02354	0.02033	0.01284	0.01498	0.01070	0.00856	0.00749	0.00214	0.01498	0.00535	0.00428	0.00963
9	0.02066	0.01785	0.01878	0.01691	0.02160	0.02066	0.01315	0.04414	0.64121	0.03475	0.03381	0.03099	0.02536	0.01127	0.00845	0.00282	0.00657	0.00939	0.00845	0.01315
10	0.01251	0.00831	0.01018	0.00972	0.01172	0.00777	0.00729	0.01632	0.02186	0.03219	0.47726	0.05584	0.09602	0.01552	0.00888	0.00247	0.00392	0.01348	0.18096	0.00777
11	0.76672	0.01607	0.01221	0.01092	0.01607	0.01864	0.00900	0.02442	0.01414	0.03727	0.01157	0.01350	0.00900	0.00771	0.00514	0.00257	0.00643	0.00450	0.00514	0.00900
12	0.01005	0.00749	0.00937	0.01087	0.01187	0.00681	0.00740	0.01165	0.01657	0.02148	0.05422	0.56582	0.18631	0.02493	0.01043	0.00325	0.00469	0.02228	0.00771	0.00681
13	0.01208	0.00805	0.00906	0.00906	0.00906	0.00805	0.00503	0.01208	0.01208	0.01611	0.02618	0.05436	0.03020	0.70804	0.04228	0.00805	0.00805	0.01208	0.00503	0.00503
14	0.76672	0.01607	0.01221	0.01092	0.01607	0.01864	0.00900	0.02442	0.01414	0.03727	0.01157	0.01350	0.00900	0.00771	0.00514	0.00257	0.00643	0.00450	0.00514	0.00900
15	0.01569	0.01477	0.02492	0.68808	0.05722	0.01846	0.02307	0.02123	0.01661	0.02123	0.01477	0.02215	0.01107	0.00831	0.00831	0.00277	0.01107	0.00738	0.00369	0.00923
16	0.01391	0.00925	0.01145	0.01122	0.01390	0.00835	0.00894	0.01710	0.02095	0.08873	0.25700	0.07206	0.26956	0.01908	0.01003	0.00294	0.00515	0.14385	0.00842	0.00812
17	0.01208	0.00805	0.00906	0.00906	0.00906	0.00805	0.00503	0.01208	0.01208	0.01611	0.02618	0.05436	0.03020	0.70804	0.04228	0.00805	0.00805	0.01208	0.00503	0.00503
18	0.01116	0.00836	0.01035	0.01008	0.01210	0.00755	0.00747	0.01444	0.02177	0.02971	0.46624	0.12392	0.20881	0.01873	0.00988	0.00273	0.00407	0.01638	0.00869	0.00755
19	0.02221	0.71304	0.04353	0.01421	0.02132	0.03287	0.01421	0.02488	0.01688	0.01955	0.01155	0.01333	0.01066	0.00711	0.00533	0.00178	0.00888	0.00444	0.00355	0.01066
20	0.01203	0.00825	0.01005	0.01005	0.01039	0.00859	0.00627	0.01272	0.01237	0.01684	0.02527	0.04935	0.02803	0.55906	0.18829	0.00928	0.01133	0.01135	0.00490	0.00558
21	0.76672	0.01607	0.01221	0.01092	0.01607	0.01864	0.00900	0.02442	0.01414	0.03727	0.01157	0.01350	0.00900	0.00771	0.00514	0.00257	0.00643	0.00450	0.00514	0.00900
