[name]
unknown

[dist]
# distance from previous block
# <min> <max>
0	0

[block]
# block no. 0 follows, 21 sequences, length 42
# corresponding to MSA columns:
# 0-41
name=unknown_A
#
# <colnr> <probs for GDERKNQSTAVLIFYWHMCP>
#	G	D	E	R	K	N	Q	S	T	A	V	L	I	F	Y	W	H	M	C	P
0	0.01371	0.00980	0.01371	0.01567	0.01763	0.00980	0.01371	0.01763	0.01959	0.02547	0.04506	0.09599	0.04898	0.02351	0.01175	0.00392	0.00784	0.59056	0.00784	0.00784
1	0.03235	0.02384	0.02554	0.01958	0.02639	0.02639	0.01618	0.61946	0.04001	0.05363	0.02043	0.02043	0.01447	0.01022	0.00851	0.00255	0.00936	0.00766	0.00851	0.01447
2	0.02275	0.70604	0.04459	0.01456	0.02184	0.03367	0.01456	0.02548	0.01729	0.02002	0.01183	0.01365	0.01092	0.00728	0.00546	0.00182	0.00910	0.00455	0.00364	0.01092
3	0.02275	0.70604	0.04459	0.01456	0.02184	0.03367	0.01456	0.02548	0.01729	0.02002	0.01183	0.01365	0.01092	0.00728	0.00546	0.00182	0.00910	0.00455	0.00364	0.01092
4	0.02118	0.52310	0.21378	0.01724	0.02598	0.02983	0.01923	0.02589	0.01748	0.02194	0.01278	0.01484	0.01088	0.00750	0.00619	0.00206	0.01006	0.00503	0.00363	0.01138
5	0.01238	0.00825	0.00928	0.00928	0.00928	0.00825	0.00516	0.01238	0.01238	0.01650	0.02681	0.05569	0.03094	0.70092	0.04331	0.00825	0.00825	0.01238	0.00516	0.00516
6	0.01238	0.00825	0.00928	0.00928	0.00928	0.00825	0.00516	0.01238	0.01238	0.01650	0.02681	0.05569	0.03094	0.70092	0.04331	0.00825	0.00825	0.01238	0.00516	0.00516
7	0.01783	0.01848	0.03494	0.14812	0.03788	0.02036	0.28741	0.02296	0.01704	0.02365	0.01638	0.02357	0.01352	0.01769	0.11349	0.00469	0.15893	0.00889	0.00412	0.01005
8	0.02085	0.49595	0.03502	0.01396	0.02003	0.08562	0.01300	0.02341	0.01836	0.02073	0.02790	0.02844	0.14673	0.01048	0.00665	0.00208	0.00864	0.00751	0.00462	0.01002
9	0.02106	0.02022	0.03454	0.05223	0.64784	0.02022	0.02612	0.02612	0.01938	0.02780	0.01601	0.02106	0.01348	0.00758	0.00842	0.00253	0.01011	0.00758	0.00421	0.01348
10	0.31882	0.12162	0.02016	0.01353	0.01885	0.02120	0.01143	0.17709	0.02192	0.03758	0.01684	0.01900	0.01320	0.01148	0.03935	0.00295	0.00813	0.00608	0.11020	0.01057
11	0.02858	0.16954	0.03099	0.02347	0.11988	0.02701	0.01734	0.40193	0.03200	0.04250	0.01792	0.01907	0.01356	0.00919	0.00785	0.00239	0.00942	0.00698	0.00681	0.01356
12	0.02552	0.02199	0.01802	0.01551	0.01970	0.19453	0.01211	0.21622	0.02668	0.03577	0.02140	0.02361	0.01648	0.00970	0.00725	0.00222	0.00882	0.00717	0.30673	0.01056
13	0.03235	0.02384	0.02554	0.01958	0.02639	0.02639	0.01618	0.61946	0.04001	0.05363	0.02043	0.02043	0.01447	0.01022	0.00851	0.00255	0.00936	0.00766	0.00851	0.01447
14	0.01037	0.00741	0.00987	0.01185	0.01234	0.00691	0.00790	0.01185	0.01629	0.02172	0.04690	0.69537	0.05629	0.02666	0.01086	0.00346	0.00494	0.02419	0.00790	0.00691
15	0.01943	0.02145	0.04388	0.10335	0.04264	0.02193	0.46198	0.02563	0.01868	0.02563	0.01607	0.02227	0.01248	0.00849	0.01260	0.00300	0.11602	0.00938	0.00416	0.01093
16	0.01216	0.00912	0.01368	0.01368	0.01520	0.01064	0.01064	0.01520	0.01368	0.01976	0.02279	0.03343	0.02127	0.06382	0.66720	0.01368	0.02279	0.00912	0.00456	0.00760
17	0.01006	0.00862	0.00862	0.00862	0.01149	0.00718	0.00647	0.01221	0.01940	0.02299	0.08621	0.08190	0.64438	0.02155	0.01006	0.00287	0.00431	0.01796	0.00790	0.00718
18	0.02204	0.02207	0.03359	0.04948	0.59127	0.07907	0.02524	0.02683	0.01981	0.02717	0.01575	0.02054	0.01325	0.00769	0.00836	0.00250	0.01059	0.00739	0.00423	0.01315
19	0.01837	0.01035	0.01061	0.00970	0.01242	0.01074	0.00750	0.11098	0.02122	0.03506	0.02665	0.03001	0.02070	0.00996	0.00634	0.00207	0.00479	0.00789	0.63573	0.00893
20	0.02061	0.01976	0.03372	0.10941	0.59421	0.02010	0.02589	0.02572	0.01916	0.02725	0.01593	0.02121	0.01329	0.00767	0.00843	0.00256	0.01022	0.00758	0.00417	0.01311
21	0.02117	0.01828	0.01924	0.01732	0.02213	0.02117	0.01347	0.04522	0.63246	0.03560	0.03464	0.03175	0.02598	0.01155	0.00866	0.00289	0.00673	0.00962	0.00866	0.01347
22	0.03235	0.02384	0.02554	0.01958	0.02639	0.02639	0.01618	0.61946	0.04001	0.05363	0.02043	0.02043	0.01447	0.01022	0.00851	0.00255	0.00936	0.00766	0.00851	0.01447
23	0.02117	0.01828	0.01924	0.01732	0.02213	0.02117	0.01347	0.04522	0.63246	0.03560	0.03464	0.03175	0.02598	0.01155	0.00866	0.00289	0.00673	0.00962	0.00866	0.01347
24	0.02106	0.02022	0.03454	0.05223	0.64784	0.02022	0.02612	0.02612	0.01938	0.02780	0.01601	0.02106	0.01348	0.00758	0.00842	0.00253	0.01011	0.00758	0.00421	0.01348
25	0.01006	0.00862	0.00862	0.00862	0.01149	0.00718	0.00647	0.01221	0.01940	0.02299	0.08621	0.08190	0.64438	0.02155	0.01006	0.00287	0.00431	0.01796	0.00790	0.00718
26	0.02275	0.70604	0.04459	0.01456	0.02184	0.03367	0.01456	0.02548	0.01729	0.02002	0.01183	0.01365	0.01092	0.00728	0.00546	0.00182	0.00910	0.00455	0.00364	0.01092
27	0.02275	0.70604	0.04459	0.01456	0.02184	0.03367	0.01456	0.02548	0.01729	0.02002	0.01183	0.01365	0.01092	0.00728	0.00546	0.00182	0.00910	0.00455	0.00364	0.01092
28	0.01006	0.00862	0.00862	0.00862	0.01149	0.00718	0.00647	0.01221	0.01940	0.02299	0.08621	0.08190	0.64438	0.02155	0.01006	0.00287	0.00431	0.01796	0.00790	0.00718
29	0.01037	0.00741	0.00987	0.01185	0.01234	0.00691	0.00790	0.01185	0.01629	0.02172	0.04690	0.69537	0.05629	0.02666	0.01086	0.00346	0.00494	0.02419	0.00790	0.00691
30	0.02106	0.02022	0.03454	0.05223	0.64784	0.02022	0.02612	0.02612	0.01938	0.02780	0.01601	0.02106	0.01348	0.00758	0.00842	0.00253	0.01011	0.00758	0.00421	0.01348
31	0.01607	0.01513	0.02552	0.68047	0.05861	0.01891	0.02363	0.02174	0.01702	0.02174	0.01513	0.02269	0.01134	0.00851	0.00851	0.00284	0.01134	0.00756	0.00378	0.00945
32	0.01607	0.01513	0.02552	0.68047	0.05861	0.01891	0.02363	0.02174	0.01702	0.02174	0.01513	0.02269	0.01134	0.00851	0.00851	0.00284	0.01134	0.00756	0.00378	0.00945
33	0.01780	0.01738	0.02709	0.53194	0.16408	0.05287	0.02371	0.02318	0.01782	0.02280	0.01518	0.02201	0.01171	0.00835	0.00845	0.00275	0.01133	0.00746	0.00389	0.01021
34	0.02893	0.31904	0.03214	0.01777	0.02372	0.29862	0.01505	0.03151	0.02126	0.11669	0.01570	0.01670	0.01248	0.00841	0.00687	0.00210	0.01146	0.00555	0.00500	0.01102
35	0.02085	0.02081	0.03790	0.04873	0.51848	0.02050	0.15278	0.02636	0.01953	0.02769	0.01627	0.02147	0.01336	0.00749	0.00877	0.00260	0.01102	0.00811	0.00423	0.01305
36	0.01792	0.01710	0.03016	0.07531	0.36145	0.01697	0.11116	0.02242	0.01857	0.02583	0.02397	0.19238	0.02412	0.01241	0.00929	0.00283	0.00951	0.01217	0.00514	0.01128
37	0.01461	0.01308	0.01751	0.09167	0.15445	0.01311	0.01351	0.02071	0.09963	0.02601	0.08048	0.05512	0.33580	0.01566	0.00936	0.00279	0.00662	0.01341	0.00683	0.00964
38	0.06075	0.02567	0.06668	0.04216	0.44982	0.15649	0.02352	0.02777	0.02005	0.02681	0.01515	0.01931	0.01258	0.00788	0.00809	0.00247	0.01118	0.00691	0.00427	0.01245
39	0.14123	0.02683	0.28279	0.08965	0.02931	0.04505	0.02024	0.02387	0.01752	0.05823	0.02229	0.16345	0.02086	0.01224	0.00826	0.00284	0.00966	0.01006	0.00520	0.01044
40	0.18586	0.02324	0.16134	0.02677	0.19074	0.01877	0.02007	0.02877	0.01848	0.16006	0.01818	0.02024	0.01334	0.00902	0.00939	0.00271	0.06838	0.00684	0.00559	0.01219
41	0.02297	0.29273	0.15407	0.04949	0.02860	0.17765	0.05036	0.02721	0.01875	0.02203	0.01316	0.01622	0.01105	0.00855	0.00897	0.00235	0.07538	0.00579	0.00385	0.01080

[dist]
# distance from previous block
# <min> <max>
72	255

[block]
# block no. 1 follows, 21 sequences, length 6
# corresponding to MSA columns:
# 325-330
name=unknown_B
#
# <colnr> <probs for GDERKNQSTAVLIFYWHMCP>
#	G	D	E	R	K	N	Q	S	T	A	V	L	I	F	Y	W	H	M	C	P
0	0.01906	0.01320	0.01725	0.01887	0.11887	0.01271	0.01246	0.06475	0.06324	0.12599	0.15750	0.05375	0.22170	0.01549	0.00946	0.00279	0.00638	0.04802	0.00806	0.01045
1	0.06550	0.29738	0.10822	0.02630	0.18114	0.06324	0.01970	0.02569	0.01763	0.02396	0.01328	0.01670	0.01148	0.00846	0.00924	0.00239	0.08844	0.00591	0.00393	0.01141
2	0.02465	0.40474	0.03575	0.01792	0.02320	0.21275	0.01576	0.02709	0.01854	0.02033	0.01210	0.01494	0.01097	0.00894	0.00974	0.00224	0.12082	0.00529	0.00387	0.01036
3	0.01912	0.01516	0.01587	0.01362	0.01809	0.01574	0.01078	0.21313	0.13023	0.03499	0.05629	0.05361	0.33668	0.01621	0.00932	0.00277	0.00635	0.01323	0.00823	0.01060
4	0.09812	0.01655	0.01880	0.20022	0.02951	0.06204	0.01457	0.12017	0.05617	0.03224	0.16033	0.03664	0.09620	0.01225	0.00861	0.00270	0.00819	0.01006	0.00668	0.00994
5	0.02057	0.11060	0.09803	0.11084	0.30238	0.05212	0.05435	0.02697	0.05626	0.02613	0.01631	0.02028	0.01319	0.00791	0.00797	0.00245	0.01045	0.00708	0.00435	0.05178

[dist]
# distance from previous block
# <min> <max>
21	44

[block]
# block no. 2 follows, 21 sequences, length 7
# corresponding to MSA columns:
# 376-382
name=unknown_C
#
# <colnr> <probs for GDERKNQSTAVLIFYWHMCP>
#	G	D	E	R	K	N	Q	S	T	A	V	L	I	F	Y	W	H	M	C	P
0	0.02069	0.06453	0.17844	0.02220	0.07219	0.01944	0.06767	0.19520	0.02419	0.03306	0.02477	0.19014	0.02373	0.01324	0.00894	0.00280	0.00947	0.01151	0.00622	0.01158
1	0.01445	0.01287	0.02212	0.01852	0.02113	0.01339	0.16250	0.01737	0.01534	0.02118	0.02554	0.14660	0.02677	0.20772	0.17366	0.00698	0.06813	0.01261	0.00515	0.00796
2	0.21259	0.03172	0.35626	0.06985	0.03414	0.01977	0.10802	0.02611	0.01728	0.02956	0.01464	0.01793	0.01071	0.00794	0.00765	0.00271	0.01117	0.00647	0.00415	0.01131
3	0.08635	0.02944	0.02491	0.19124	0.11670	0.36365	0.01896	0.02911	0.02090	0.02342	0.01393	0.01784	0.01125	0.00847	0.00779	0.00244	0.01292	0.00622	0.00428	0.01019
4	0.09616	0.13848	0.21486	0.02631	0.16027	0.08409	0.02162	0.05250	0.07750	0.02846	0.01637	0.01868	0.01283	0.00831	0.00749	0.00248	0.01047	0.00641	0.00465	0.01207
5	0.02046	0.02040	0.03001	0.16916	0.41737	0.08525	0.02338	0.02518	0.01894	0.02525	0.01609	0.02180	0.01344	0.01246	0.06194	0.00346	0.01192	0.00749	0.00417	0.01184
6	0.02551	0.02265	0.02626	0.02917	0.21899	0.11010	0.01844	0.25659	0.02716	0.03562	0.01842	0.02201	0.01477	0.01777	0.11374	0.00428	0.01257	0.00757	0.00597	0.01243

[dist]
# distance from previous block
# <min> <max>
6	11

[block]
# block no. 3 follows, 21 sequences, length 7
# corresponding to MSA columns:
# 394-400
name=unknown_D
#
# <colnr> <probs for GDERKNQSTAVLIFYWHMCP>
#	G	D	E	R	K	N	Q	S	T	A	V	L	I	F	Y	W	H	M	C	P
0	0.01898	0.03471	0.37146	0.02684	0.14011	0.11120	0.02509	0.02590	0.01929	0.02571	0.02433	0.02646	0.09373	0.00985	0.00834	0.00262	0.01146	0.00792	0.00438	0.01165
1	0.13241	0.02026	0.08265	0.01514	0.01981	0.10423	0.01288	0.02716	0.17629	0.02853	0.03889	0.12248	0.15742	0.01437	0.00853	0.00280	0.00775	0.01163	0.00675	0.01001
2	0.06767	0.02104	0.02740	0.02706	0.15149	0.13196	0.13328	0.02551	0.02054	0.06274	0.11487	0.03131	0.07225	0.01103	0.01031	0.00269	0.06300	0.00952	0.00570	0.01061
3	0.02307	0.02931	0.19497	0.02719	0.15762	0.10821	0.02158	0.12447	0.13127	0.03210	0.01937	0.02107	0.01474	0.00893	0.00818	0.00253	0.01056	0.00719	0.00558	0.05207
4	0.01688	0.01920	0.08555	0.02037	0.08847	0.12076	0.01548	0.02073	0.01647	0.02157	0.01967	0.02747	0.01762	0.04272	0.41695	0.00941	0.01910	0.00805	0.00439	0.00914
5	0.06870	0.36955	0.03202	0.01522	0.02146	0.07602	0.01362	0.06783	0.05923	0.11857	0.06658	0.02153	0.01892	0.00916	0.00684	0.00220	0.00864	0.00659	0.00589	0.01143
6	0.02382	0.02989	0.19141	0.01935	0.02628	0.16300	0.01853	0.20784	0.02689	0.03416	0.08957	0.02917	0.08087	0.01118	0.00852	0.00256	0.01050	0.00863	0.00631	0.01155

[dist]
# distance from previous block
# <min> <max>
0	18

[block]
# block no. 4 follows, 21 sequences, length 6
# corresponding to MSA columns:
# 419-424
name=unknown_E
#
# <colnr> <probs for GDERKNQSTAVLIFYWHMCP>
#	G	D	E	R	K	N	Q	S	T	A	V	L	I	F	Y	W	H	M	C	P
0	0.02440	0.32555	0.18676	0.01903	0.02695	0.15753	0.01924	0.10158	0.02167	0.02606	0.01401	0.01589	0.01134	0.00814	0.00693	0.00220	0.01124	0.00555	0.00439	0.01155
1	0.01360	0.01158	0.01227	0.01140	0.01508	0.01100	0.00866	0.02117	0.16708	0.02646	0.06305	0.10799	0.38228	0.01784	0.00937	0.00274	0.00516	0.01499	0.00777	0.09052
2	0.01564	0.01504	0.01505	0.01500	0.01684	0.13043	0.01139	0.01808	0.01694	0.02103	0.03215	0.19047	0.07719	0.03661	0.26737	0.00721	0.05467	0.04526	0.00570	0.00794
3	0.23216	0.02001	0.10230	0.01945	0.02534	0.01778	0.15952	0.02607	0.10342	0.02970	0.02107	0.06711	0.01864	0.10685	0.01295	0.00357	0.00937	0.00915	0.00545	0.01007
4	0.18785	0.11308	0.02585	0.27624	0.15073	0.02060	0.01846	0.02371	0.01697	0.02699	0.01485	0.01964	0.01183	0.00811	0.00717	0.00254	0.00926	0.00649	0.04936	0.01026
5	0.02478	0.12983	0.09300	0.02401	0.08586	0.31444	0.05494	0.02838	0.02062	0.02251	0.01831	0.02099	0.05267	0.00960	0.00939	0.00243	0.06650	0.00688	0.00435	0.01052

[dist]
# distance from previous block
# <min> <max>
0	3

[block]
# block no. 5 follows, 21 sequences, length 19
# corresponding to MSA columns:
# 428-446
name=unknown_F
#
# <colnr> <probs for GDERKNQSTAVLIFYWHMCP>
#	G	D	E	R	K	N	Q	S	T	A	V	L	I	F	Y	W	H	M	C	P
0	0.02490	0.02326	0.02400	0.02613	0.16919	0.16509	0.01681	0.21913	0.02655	0.03340	0.02338	0.16294	0.02234	0.01277	0.00880	0.00266	0.00995	0.01067	0.00644	0.01159
1	0.02310	0.02577	0.02023	0.02022	0.07921	0.30674	0.01416	0.07443	0.02293	0.02491	0.03786	0.03825	0.21890	0.01325	0.00955	0.00255	0.04239	0.01004	0.00583	0.00968
2	0.01099	0.00949	0.01070	0.01198	0.05887	0.00820	0.00802	0.01346	0.01966	0.02398	0.11259	0.07634	0.56548	0.02028	0.00994	0.00284	0.00472	0.01704	0.00771	0.00770
3	0.01243	0.00946	0.01355	0.01350	0.01462	0.01098	0.01018	0.01484	0.01373	0.01958	0.02499	0.10247	0.02540	0.13901	0.47758	0.01128	0.06319	0.01096	0.00492	0.00733
4	0.02074	0.02112	0.03967	0.04688	0.45028	0.02065	0.21956	0.02649	0.01961	0.02762	0.01640	0.02168	0.01329	0.00745	0.00895	0.00264	0.01150	0.00839	0.00424	0.01282
5	0.02680	0.02665	0.02205	0.01926	0.02432	0.23356	0.01497	0.15242	0.31887	0.03424	0.02486	0.02419	0.01884	0.01038	0.00831	0.00259	0.01006	0.00789	0.00723	0.01248
6	0.02242	0.01932	0.02012	0.01508	0.02220	0.06785	0.01210	0.17008	0.02369	0.03357	0.01628	0.01815	0.01293	0.00747	0.00696	0.00165	0.00779	0.00572	0.00585	0.51078
7	0.03235	0.02384	0.02554	0.01958	0.02639	0.02639	0.01618	0.61946	0.04001	0.05363	0.02043	0.02043	0.01447	0.01022	0.00851	0.00255	0.00936	0.00766	0.00851	0.01447
8	0.02113	0.01892	0.02425	0.02875	0.22700	0.02086	0.01761	0.03897	0.43172	0.03305	0.02854	0.02825	0.02189	0.01025	0.00858	0.00277	0.00784	0.00895	0.00720	0.01347
9	0.01817	0.17185	0.53861	0.02238	0.03394	0.02245	0.02818	0.02667	0.01784	0.02561	0.01461	0.01713	0.01081	0.00793	0.00758	0.00253	0.01191	0.00595	0.00360	0.01226
10	0.01950	0.01069	0.01351	0.01211	0.01488	0.01015	0.00892	0.05014	0.02009	0.18603	0.15742	0.11371	0.08017	0.19295	0.06695	0.00498	0.00768	0.01310	0.00795	0.00906
11	0.01090	0.00896	0.00968	0.01008	0.01245	0.00807	0.00733	0.01437	0.06049	0.02351	0.07220	0.24218	0.44517	0.02223	0.01018	0.00303	0.00464	0.01905	0.00795	0.00754
12	0.01037	0.00741	0.00987	0.01185	0.01234	0.00691	0.00790	0.01185	0.01629	0.02172	0.04690	0.69537	0.05629	0.02666	0.01086	0.00346	0.00494	0.02419	0.00790	0.00691
13	0.02778	0.02815	0.02497	0.19687	0.03496	0.27849	0.01827	0.22764	0.02757	0.03211	0.01613	0.01902	0.01224	0.00919	0.00818	0.00249	0.01227	0.00677	0.00561	0.01131
14	0.01844	0.02498	0.19778	0.24110	0.30065	0.01969	0.02676	0.02497	0.01826	0.02568	0.01554	0.02074	0.01209	0.00801	0.00836	0.00267	0.01115	0.00723	0.00391	0.01198
15	0.01016	0.00822	0.00903	0.00968	0.01177	0.00710	0.00694	0.01209	0.01838	0.02258	0.07334	0.28276	0.45183	0.02323	0.01032	0.00306	0.00452	0.02000	0.00790	0.00710
16	0.01633	0.01515	0.02408	0.18310	0.30366	0.01563	0.01923	0.02053	0.01859	0.02473	0.03562	0.09077	0.17219	0.01278	0.00904	0.00276	0.00855	0.01148	0.00532	0.01047
17	0.03235	0.02384	0.02554	0.01958	0.02639	0.02639	0.01618	0.61946	0.04001	0.05363	0.02043	0.02043	0.01447	0.01022	0.00851	0.00255	0.00936	0.00766	0.00851	0.01447
18	0.02712	0.16382	0.03190	0.02750	0.15115	0.37207	0.05797	0.03032	0.02158	0.02250	0.01374	0.01667	0.01159	0.00814	0.00755	0.00223	0.01303	0.00603	0.00420	0.01090

[dist]
# distance from previous block
# <min> <max>
5	33

[block]
# block no. 6 follows, 21 sequences, length 13
# corresponding to MSA columns:
# 480-492
name=unknown_G
#
# <colnr> <probs for GDERKNQSTAVLIFYWHMCP>
#	G	D	E	R	K	N	Q	S	T	A	V	L	I	F	Y	W	H	M	C	P
0	0.05444	0.07345	0.34903	0.01998	0.02935	0.01921	0.02240	0.03289	0.11631	0.16756	0.02204	0.02214	0.01541	0.00912	0.00800	0.00265	0.01000	0.00714	0.00601	0.01290
1	0.01841	0.12752	0.01922	0.01443	0.01782	0.19516	0.01129	0.02061	0.01967	0.02177	0.04253	0.19597	0.19580	0.01704	0.00895	0.00271	0.00850	0.04786	0.00624	0.00850
2	0.01262	0.00866	0.01060	0.01093	0.01168	0.00856	0.00751	0.01412	0.01583	0.02128	0.12830	0.06589	0.04274	0.44247	0.03105	0.00641	0.00749	0.14125	0.00642	0.00621
3	0.02759	0.01883	0.02026	0.01716	0.02265	0.04966	0.01362	0.10243	0.37256	0.21018	0.03187	0.02904	0.02271	0.01099	0.00857	0.00275	0.00755	0.00893	0.00897	0.01369
4	0.02835	0.29351	0.03190	0.01913	0.02461	0.42612	0.01573	0.03075	0.02152	0.02052	0.01265	0.01470	0.01095	0.00820	0.00683	0.00205	0.01297	0.00513	0.00410	0.01027
5	0.01037	0.00741	0.00987	0.01185	0.01234	0.00691	0.00790	0.01185	0.01629	0.02172	0.04690	0.69537	0.05629	0.02666	0.01086	0.00346	0.00494	0.02419	0.00790	0.00691
6	0.03179	0.04056	0.02412	0.02192	0.02631	0.66676	0.01644	0.03398	0.02412	0.02083	0.01315	0.01535	0.01096	0.00877	0.00767	0.00219	0.01535	0.00548	0.00438	0.00987
7	0.02126	0.02121	0.03402	0.10211	0.52566	0.06045	0.05865	0.02630	0.01951	0.02683	0.01582	0.02095	0.01311	0.00771	0.00848	0.00255	0.01078	0.00759	0.00419	0.01280
8	0.01165	0.00913	0.01084	0.01170	0.01417	0.00832	0.00963	0.01458	0.01948	0.02407	0.06825	0.08805	0.38446	0.02241	0.01080	0.00333	0.00585	0.26792	0.00787	0.00747
9	0.01294	0.05836	0.01517	0.01304	0.01473	0.01189	0.01005	0.01548	0.01373	0.01926	0.02265	0.03555	0.02207	0.16050	0.52172	0.01198	0.01953	0.00931	0.00459	0.00745
10	0.01571	0.01159	0.01408	0.01391	0.01652	0.01155	0.01077	0.12920	0.02228	0.02973	0.07819	0.32043	0.08772	0.02094	0.01029	0.00319	0.00639	0.14494	0.00795	0.04463
11	0.02919	0.03665	0.02991	0.02502	0.03034	0.52347	0.14980	0.03249	0.02322	0.02226	0.01406	0.01704	0.01140	0.00842	0.00820	0.00234	0.01512	0.00649	0.00437	0.01022
12	0.13841	0.47886	0.14884	0.01576	0.02367	0.02889	0.01673	0.02567	0.01697	0.02413	0.01245	0.01445	0.01063	0.00752	0.00590	0.00210	0.00932	0.00487	0.00389	0.01095

[dist]
# distance from previous block
# <min> <max>
0	10

[block]
# block no. 7 follows, 21 sequences, length 40
# corresponding to MSA columns:
# 503-542
name=unknown_H
#
# <colnr> <probs for GDERKNQSTAVLIFYWHMCP>
#	G	D	E	R	K	N	Q	S	T	A	V	L	I	F	Y	W	H	M	C	P
0	0.19073	0.01063	0.01087	0.01052	0.01361	0.01053	0.00826	0.01696	0.01971	0.03034	0.23958	0.06110	0.26261	0.01715	0.00905	0.00285	0.00507	0.06471	0.00773	0.00799
1	0.02491	0.54678	0.03969	0.01632	0.02291	0.18519	0.01501	0.02752	0.01892	0.02021	0.01215	0.01406	0.01093	0.00764	0.00599	0.00191	0.01060	0.00477	0.00382	0.01067
2	0.01059	0.00809	0.00979	0.01104	0.01255	0.00730	0.00795	0.01256	0.01777	0.02256	0.06125	0.40913	0.27297	0.02446	0.01065	0.00329	0.00499	0.07807	0.00789	0.00710
3	0.03179	0.04056	0.02412	0.02192	0.02631	0.66676	0.01644	0.03398	0.02412	0.02083	0.01315	0.01535	0.01096	0.00877	0.00767	0.00219	0.01535	0.00548	0.00438	0.00987
4	0.02078	0.01993	0.03403	0.08827	0.61404	0.02014	0.02597	0.02587	0.01924	0.02745	0.01596	0.02116	0.01336	0.00764	0.00843	0.00255	0.01018	0.00758	0.00419	0.01325
5	0.02117	0.01828	0.01924	0.01732	0.02213	0.02117	0.01347	0.04522	0.63246	0.03560	0.03464	0.03175	0.02598	0.01155	0.00866	0.00289	0.00673	0.00962	0.00866	0.01347
6	0.01765	0.01513	0.01765	0.01260	0.02017	0.01134	0.01008	0.02143	0.01765	0.02773	0.01513	0.01765	0.01260	0.00630	0.00630	0.00126	0.00630	0.00504	0.00504	0.75295
7	0.02822	0.02178	0.02321	0.01874	0.02482	0.02446	0.01518	0.40717	0.25903	0.04697	0.02568	0.02462	0.01873	0.01071	0.00857	0.00268	0.00839	0.00839	0.00857	0.01410
8	0.02106	0.02022	0.03454	0.05223	0.64784	0.02022	0.02612	0.02612	0.01938	0.02780	0.01601	0.02106	0.01348	0.00758	0.00842	0.00253	0.01011	0.00758	0.00421	0.01348
9	0.02967	0.02251	0.02403	0.01904	0.02537	0.02514	0.01553	0.48203	0.18180	0.04932	0.02383	0.02314	0.01723	0.01053	0.00855	0.00263	0.00874	0.00813	0.00855	0.01423
10	0.01186	0.00803	0.00944	0.00995	0.01007	0.00790	0.00587	0.01224	0.01339	0.01785	0.03202	0.22142	0.03751	0.52623	0.03491	0.00701	0.00739	0.01544	0.00587	0.00561
11	0.03235	0.02384	0.02554	0.01958	0.02639	0.02639	0.01618	0.61946	0.04001	0.05363	0.02043	0.02043	0.01447	0.01022	0.00851	0.00255	0.00936	0.00766	0.00851	0.01447
12	0.01935	0.01848	0.03145	0.26733	0.44609	0.01977	0.02527	0.02462	0.01857	0.02573	0.01571	0.02162	0.01275	0.00790	0.00845	0.00263	0.01053	0.00758	0.00406	0.01210
13	0.22111	0.02274	0.02209	0.01752	0.02381	0.05564	0.01439	0.43698	0.03262	0.04803	0.01785	0.01847	0.01294	0.00955	0.00763	0.00256	0.00893	0.00676	0.00747	0.01289
14	0.01216	0.00912	0.01368	0.01368	0.01520	0.01064	0.01064	0.01520	0.01368	0.01976	0.02279	0.03343	0.02127	0.06382	0.66720	0.01368	0.02279	0.00912	0.00456	0.00760
15	0.01201	0.00842	0.00943	0.00956	0.01024	0.00814	0.00595	0.01268	0.01421	0.01834	0.03960	0.06337	0.15228	0.52503	0.03481	0.00692	0.00745	0.04997	0.00586	0.00572
16	0.01707	0.04402	0.65683	0.02426	0.03683	0.01976	0.03144	0.02695	0.01797	0.02695	0.01527	0.01797	0.01078	0.00809	0.00809	0.00270	0.01258	0.00629	0.00359	0.01258
17	0.01216	0.00912	0.01368	0.01368	0.01520	0.01064	0.01064	0.01520	0.01368	0.01976	0.02279	0.03343	0.02127	0.06382	0.66720	0.01368	0.02279	0.00912	0.00456	0.00760
18	0.01056	0.00763	0.01004	0.01190	0.01263	0.00711	0.00818	0.01224	0.01669	0.02204	0.04915	0.62071	0.09112	0.02616	0.01087	0.00345	0.00508	0.05957	0.00790	0.00699
19	0.02106	0.02022	0.03454	0.05223	0.64784	0.02022	0.02612	0.02612	0.01938	0.02780	0.01601	0.02106	0.01348	0.00758	0.00842	0.00253	0.01011	0.00758	0.00421	0.01348
20	0.01232	0.00848	0.01042	0.01042	0.01081	0.00887	0.00658	0.01311	0.01271	0.01734	0.02577	0.04992	0.02844	0.53586	0.20495	0.00966	0.01202	0.01153	0.00500	0.00579
21	0.01707	0.04402	0.65683	0.02426	0.03683	0.01976	0.03144	0.02695	0.01797	0.02695	0.01527	0.01797	0.01078	0.00809	0.00809	0.00270	0.01258	0.00629	0.00359	0.01258
22	0.02117	0.01828	0.01924	0.01732	0.02213	0.02117	0.01347	0.04522	0.63246	0.03560	0.03464	0.03175	0.02598	0.01155	0.00866	0.00289	0.00673	0.00962	0.00866	0.01347
23	0.03818	0.01448	0.01975	0.01514	0.02172	0.01251	0.01251	0.04147	0.02436	0.65373	0.03357	0.02897	0.02107	0.01053	0.00856	0.00263	0.00724	0.00856	0.01053	0.01448
24	0.76103	0.01646	0.01251	0.01119	0.01646	0.01909	0.00922	0.02502	0.01448	0.03818	0.01185	0.01382	0.00922	0.00790	0.00527	0.00263	0.00658	0.00461	0.00527	0.00922
25	0.02106	0.02022	0.03454	0.05223	0.64784	0.02022	0.02612	0.02612	0.01938	0.02780	0.01601	0.02106	0.01348	0.00758	0.00842	0.00253	0.01011	0.00758	0.00421	0.01348
26	0.01371	0.00980	0.01371	0.01567	0.01763	0.00980	0.01371	0.01763	0.01959	0.02547	0.04506	0.09599	0.04898	0.02351	0.01175	0.00392	0.00784	0.59056	0.00784	0.00784
27	0.03106	0.03934	0.02422	0.02195	0.02609	0.63118	0.01656	0.03323	0.02350	0.02081	0.01304	0.01553	0.01097	0.00911	0.00880	0.00228	0.05255	0.00559	0.00435	0.00983
28	0.01197	0.00890	0.01150	0.01299	0.01479	0.00842	0.01047	0.01484	0.01869	0.02390	0.05539	0.24791	0.19337	0.02386	0.01112	0.00355	0.00624	0.30679	0.00787	0.00744
29	0.03235	0.02384	0.02554	0.01958	0.02639	0.02639	0.01618	0.61946	0.04001	0.05363	0.02043	0.02043	0.01447	0.01022	0.00851	0.00255	0.00936	0.00766	0.00851	0.01447
30	0.01707	0.04402	0.65683	0.02426	0.03683	0.01976	0.03144	0.02695	0.01797	0.02695	0.01527	0.01797	0.01078	0.00809	0.00809	0.00270	0.01258	0.00629	0.00359	0.01258
31	0.01037	0.00741	0.00987	0.01185	0.01234	0.00691	0.00790	0.01185	0.01629	0.02172	0.04690	0.69537	0.05629	0.02666	0.01086	0.00346	0.00494	0.02419	0.00790	0.00691
32	0.01707	0.04402	0.65683	0.02426	0.03683	0.01976	0.03144	0.02695	0.01797	0.02695	0.01527	0.01797	0.01078	0.00809	0.00809	0.00270	0.01258	0.00629	0.00359	0.01258
33	0.02117	0.01828	0.01924	0.01732	0.02213	0.02117	0.01347	0.04522	0.63246	0.03560	0.03464	0.03175	0.02598	0.01155	0.00866	0.00289	0.00673	0.00962	0.00866	0.01347
34	0.01765	0.01513	0.01765	0.01260	0.02017	0.01134	0.01008	0.02143	0.01765	0.02773	0.01513	0.01765	0.01260	0.00630	0.00630	0.00126	0.00630	0.00504	0.00504	0.75295
35	0.02156	0.01025	0.01385	0.01317	0.01612	0.00916	0.00975	0.02377	0.01954	0.27605	0.04154	0.42721	0.04211	0.02017	0.00993	0.00312	0.00586	0.01790	0.00896	0.00996
36	0.03179	0.04056	0.02412	0.02192	0.02631	0.66676	0.01644	0.03398	0.02412	0.02083	0.01315	0.01535	0.01096	0.00877	0.00767	0.00219	0.01535	0.00548	0.00438	0.00987
37	0.01123	0.00802	0.01087	0.01284	0.01371	0.00766	0.00941	0.01335	0.01715	0.02269	0.04643	0.54008	0.05439	0.02584	0.01109	0.00358	0.00569	0.17093	0.00788	0.00715
38	0.02171	0.02144	0.03392	0.05042	0.61053	0.05902	0.02554	0.02659	0.01966	0.02738	0.01584	0.02072	0.01333	0.00765	0.00838	0.00251	0.01042	0.00746	0.00422	0.01326
39	0.02021	0.41019	0.31820	0.01889	0.02854	0.02746	0.02211	0.02614	0.01759	0.02312	0.01337	0.01558	0.01086	0.00764	0.00663	0.00221	0.01065	0.00533	0.00362	0.01166

[dist]
# distance from previous block
# <min> <max>
0	3

[block]
# block no. 8 follows, 21 sequences, length 34
# corresponding to MSA columns:
# 546-579
name=unknown_I
#
# <colnr> <probs for GDERKNQSTAVLIFYWHMCP>
#	G	D	E	R	K	N	Q	S	T	A	V	L	I	F	Y	W	H	M	C	P
0	0.01995	0.38005	0.34607	0.01933	0.02922	0.02682	0.02287	0.02621	0.01762	0.02343	0.01353	0.01578	0.01085	0.00768	0.00675	0.00225	0.01081	0.00541	0.00362	0.01174
1	0.01721	0.17156	0.39685	0.01987	0.02898	0.02058	0.02340	0.02406	0.01687	0.02389	0.01633	0.02130	0.01343	0.04735	0.11878	0.00459	0.01338	0.00667	0.00383	0.01109
2	0.31031	0.01868	0.01792	0.01501	0.02052	0.02100	0.01217	0.23166	0.13963	0.04174	0.02520	0.02507	0.06653	0.01050	0.00741	0.00267	0.00738	0.00770	0.00723	0.01165
3	0.24844	0.02213	0.01828	0.01626	0.02127	0.15669	0.01273	0.03641	0.26468	0.08616	0.02311	0.02262	0.01731	0.00977	0.00742	0.00264	0.00856	0.00714	0.00689	0.01151
4	0.03179	0.04056	0.02412	0.02192	0.02631	0.66676	0.01644	0.03398	0.02412	0.02083	0.01315	0.01535	0.01096	0.00877	0.00767	0.00219	0.01535	0.00548	0.00438	0.00987
5	0.02117	0.01828	0.01924	0.01732	0.02213	0.02117	0.01347	0.04522	0.63246	0.03560	0.03464	0.03175	0.02598	0.01155	0.00866	0.00289	0.00673	0.00962	0.00866	0.01347
6	0.01765	0.01513	0.01765	0.01260	0.02017	0.01134	0.01008	0.02143	0.01765	0.02773	0.01513	0.01765	0.01260	0.00630	0.00630	0.00126	0.00630	0.00504	0.00504	0.75295
7	0.01238	0.00825	0.00928	0.00928	0.00928	0.00825	0.00516	0.01238	0.01238	0.01650	0.02681	0.05569	0.03094	0.70092	0.04331	0.00825	0.00825	0.01238	0.00516	0.00516
8	0.01006	0.00862	0.00862	0.00862	0.01149	0.00718	0.00647	0.01221	0.01940	0.02299	0.08621	0.08190	0.64438	0.02155	0.01006	0.00287	0.00431	0.01796	0.00790	0.00718
9	0.02474	0.01748	0.01935	0.01686	0.02204	0.01935	0.01327	0.04443	0.50479	0.16537	0.03441	0.03117	0.02495	0.01133	0.00864	0.00283	0.00684	0.00940	0.00905	0.01368
10	0.01216	0.00912	0.01368	0.01368	0.01520	0.01064	0.01064	0.01520	0.01368	0.01976	0.02279	0.03343	0.02127	0.06382	0.66720	0.01368	0.02279	0.00912	0.00456	0.00760
11	0.01220	0.00893	0.01274	0.01274	0.01394	0.01013	0.00948	0.01460	0.01340	0.01907	0.02365	0.03815	0.02332	0.19891	0.53491	0.01253	0.01971	0.00981	0.00469	0.00708
12	0.01037	0.00741	0.00987	0.01185	0.01234	0.00691	0.00790	0.01185	0.01629	0.02172	0.04690	0.69537	0.05629	0.02666	0.01086	0.00346	0.00494	0.02419	0.00790	0.00691
13	0.03818	0.01448	0.01975	0.01514	0.02172	0.01251	0.01251	0.04147	0.02436	0.65373	0.03357	0.02897	0.02107	0.01053	0.00856	0.00263	0.00724	0.00856	0.01053	0.01448
14	0.76103	0.01646	0.01251	0.01119	0.01646	0.01909	0.00922	0.02502	0.01448	0.03818	0.01185	0.01382	0.00922	0.00790	0.00527	0.00263	0.00658	0.00461	0.00527	0.00922
15	0.02061	0.02253	0.08786	0.04782	0.51962	0.02035	0.10279	0.02633	0.01935	0.02766	0.01610	0.02105	0.01318	0.00757	0.00861	0.00259	0.01086	0.00779	0.00417	0.01315
16	0.02110	0.01668	0.01796	0.01590	0.02075	0.01835	0.01241	0.03992	0.48168	0.08471	0.03971	0.03677	0.09770	0.01240	0.00871	0.00279	0.00647	0.01030	0.00856	0.04712
17	0.02156	0.03267	0.35036	0.02573	0.11391	0.02087	0.02478	0.19318	0.02480	0.03509	0.06082	0.02227	0.01705	0.00927	0.00839	0.00263	0.01074	0.00749	0.00547	0.01291
18	0.02809	0.03051	0.02651	0.02941	0.20082	0.34775	0.01862	0.12694	0.02508	0.02869	0.01586	0.01858	0.01277	0.00873	0.00794	0.00234	0.01234	0.00655	0.04094	0.01155
19	0.02594	0.02593	0.03019	0.03830	0.37172	0.17992	0.02177	0.14623	0.02465	0.03124	0.01619	0.01954	0.01306	0.00840	0.00826	0.00245	0.01125	0.00708	0.00511	0.01279
20	0.18492	0.02157	0.02156	0.01799	0.02337	0.11305	0.05552	0.15583	0.15324	0.07695	0.02139	0.02249	0.01616	0.01402	0.06213	0.00353	0.01038	0.00745	0.00676	0.01169
21	0.01445	0.01078	0.01179	0.01209	0.01417	0.05153	0.00884	0.01680	0.01957	0.07623	0.14872	0.33193	0.18052	0.02139	0.01020	0.00307	0.00567	0.04611	0.00812	0.00802
22	0.02684	0.08227	0.16221	0.02181	0.02792	0.38128	0.01973	0.07167	0.02243	0.02436	0.01385	0.01646	0.01119	0.00919	0.00954	0.00244	0.07570	0.00593	0.00439	0.01079
23	0.17981	0.11457	0.27679	0.02091	0.02958	0.02059	0.12184	0.02539	0.01805	0.02924	0.07234	0.02157	0.01723	0.00865	0.00765	0.00260	0.01035	0.00718	0.00462	0.01103
24	0.01772	0.03992	0.54188	0.02277	0.03384	0.04903	0.02799	0.02802	0.06898	0.02718	0.02041	0.02226	0.04454	0.00909	0.00821	0.00270	0.01180	0.00712	0.00427	0.01225
25	0.23269	0.03084	0.27917	0.01859	0.02656	0.10532	0.01973	0.07294	0.02009	0.03210	0.07204	0.02081	0.01703	0.00915	0.00744	0.00260	0.01019	0.00664	0.00509	0.01099
26	0.08707	0.18332	0.02914	0.02356	0.10930	0.38610	0.01676	0.03030	0.02118	0.02300	0.01315	0.01563	0.01116	0.00821	0.00709	0.00219	0.01254	0.00549	0.00427	0.01054
27	0.02338	0.13713	0.05457	0.01789	0.02237	0.25857	0.03857	0.02612	0.02027	0.07369	0.02476	0.21551	0.02511	0.01381	0.00843	0.00259	0.01044	0.01128	0.00576	0.00975
28	0.01804	0.25321	0.21604	0.01765	0.02437	0.02226	0.01836	0.02455	0.07373	0.02391	0.02228	0.16006	0.02181	0.01249	0.00916	0.00265	0.05391	0.00985	0.00499	0.01070
29	0.07475	0.12227	0.15720	0.01893	0.02509	0.21341	0.01778	0.07424	0.02060	0.02584	0.01842	0.02135	0.04269	0.01556	0.08254	0.00370	0.04374	0.00674	0.00467	0.01050
30	0.02476	0.07271	0.02420	0.02293	0.12326	0.24191	0.01578	0.05468	0.02187	0.06709	0.02200	0.02831	0.04642	0.01021	0.00799	0.00230	0.01049	0.06054	0.00550	0.13704
31	0.07035	0.08074	0.05185	0.02198	0.14966	0.07158	0.01480	0.02219	0.01757	0.02609	0.02193	0.11252	0.02058	0.01567	0.06075	0.00341	0.05412	0.00926	0.16516	0.00978
32	0.07783	0.10965	0.14638	0.02148	0.10632	0.07932	0.01751	0.02598	0.09462	0.02657	0.02801	0.10625	0.07438	0.01242	0.00827	0.00269	0.00905	0.03693	0.00558	0.01074
33	0.05806	0.28156	0.03114	0.06410	0.02603	0.22244	0.01564	0.12704	0.02289	0.02680	0.01437	0.01678	0.01192	0.01072	0.03472	0.00266	0.01167	0.00576	0.00480	0.01088

[dist]
# distance from previous block
# <min> <max>
2	49

[block]
# block no. 9 follows, 21 sequences, length 6
# corresponding to MSA columns:
# 629-634
name=unknown_J
#
# <colnr> <probs for GDERKNQSTAVLIFYWHMCP>
#	G	D	E	R	K	N	Q	S	T	A	V	L	I	F	Y	W	H	M	C	P
0	0.06275	0.06654	0.02354	0.02321	0.14426	0.06976	0.01555	0.16614	0.02293	0.03163	0.02325	0.09197	0.04421	0.01690	0.07362	0.00371	0.05670	0.00933	0.04303	0.01097
1	0.02308	0.02963	0.14633	0.05245	0.02687	0.24415	0.01773	0.09933	0.07429	0.02812	0.05397	0.09275	0.05140	0.01188	0.00853	0.00261	0.01101	0.00934	0.00582	0.01072
2	0.15039	0.06477	0.02291	0.02158	0.09443	0.29313	0.01522	0.05824	0.02107	0.02648	0.02184	0.02381	0.08404	0.01037	0.00896	0.00249	0.05788	0.00721	0.00505	0.01013
3	0.01616	0.01404	0.01503	0.01415	0.01665	0.08593	0.01087	0.07809	0.01878	0.02434	0.06322	0.03932	0.10639	0.07748	0.36995	0.00893	0.01635	0.01025	0.00567	0.00839
4	0.01710	0.06363	0.01986	0.01870	0.06696	0.11097	0.01336	0.01949	0.01630	0.02094	0.02362	0.16796	0.02478	0.06175	0.20605	0.00634	0.11727	0.01125	0.00505	0.00862
5	0.01936	0.02462	0.14359	0.01644	0.02282	0.15361	0.01503	0.02367	0.01892	0.02550	0.02047	0.11967	0.01914	0.01052	0.00761	0.00213	0.00911	0.00847	0.06313	0.27618

[dist]
# distance from previous block
# <min> <max>
3	5

[block]
# block no. 10 follows, 21 sequences, length 6
# corresponding to MSA columns:
# 640-645
name=unknown_K
#
# <colnr> <probs for GDERKNQSTAVLIFYWHMCP>
#	G	D	E	R	K	N	Q	S	T	A	V	L	I	F	Y	W	H	M	C	P
0	0.02146	0.02776	0.09294	0.01842	0.02243	0.29434	0.01553	0.02443	0.02006	0.02204	0.03228	0.09120	0.15520	0.01400	0.01147	0.00274	0.10890	0.01028	0.00529	0.00924
1	0.01978	0.02124	0.01631	0.01546	0.01901	0.23235	0.01178	0.02619	0.13685	0.02476	0.04656	0.08488	0.23655	0.01578	0.00916	0.00276	0.00879	0.05564	0.00685	0.00931
2	0.01364	0.01096	0.01253	0.01224	0.01496	0.01119	0.00923	0.05472	0.11763	0.02603	0.05464	0.17814	0.27869	0.02810	0.13214	0.00498	0.00856	0.01554	0.00744	0.00866
3	0.14681	0.30252	0.16122	0.02430	0.16254	0.02539	0.01964	0.02584	0.01741	0.02624	0.01346	0.01620	0.01117	0.00762	0.00662	0.00229	0.00960	0.00558	0.00403	0.01153
4	0.17249	0.02893	0.22798	0.05800	0.03039	0.10312	0.08029	0.02935	0.08382	0.05376	0.01844	0.02252	0.01426	0.00914	0.00790	0.00271	0.01080	0.02977	0.00510	0.01123
5	0.06307	0.01814	0.10094	0.02290	0.15911	0.04879	0.01581	0.02167	0.01859	0.08095	0.03529	0.24819	0.10043	0.01585	0.00914	0.00289	0.00788	0.01384	0.00640	0.01012

[dist]
# distance from previous block
# <min> <max>
29	84

[block]
# block no. 11 follows, 21 sequences, length 13
# corresponding to MSA columns:
# 754-766
name=unknown_L
#
# <colnr> <probs for GDERKNQSTAVLIFYWHMCP>
#	G	D	E	R	K	N	Q	S	T	A	V	L	I	F	Y	W	H	M	C	P
0	0.02554	0.12348	0.02774	0.02101	0.05844	0.19481	0.07070	0.06346	0.02233	0.11369	0.09244	0.02645	0.04216	0.01064	0.00991	0.00252	0.06957	0.00819	0.00600	0.01093
1	0.02355	0.02726	0.02012	0.02044	0.07527	0.37210	0.01426	0.02619	0.02108	0.02214	0.02786	0.03053	0.12041	0.01901	0.10547	0.00402	0.01361	0.00842	0.03896	0.00930
2	0.02251	0.02071	0.02590	0.21536	0.03534	0.14837	0.10689	0.02681	0.01942	0.09314	0.01842	0.02278	0.01402	0.00945	0.01024	0.00266	0.08139	0.00766	0.10876	0.01017
3	0.02083	0.01915	0.05251	0.05620	0.02675	0.05577	0.10873	0.19449	0.02566	0.03389	0.09131	0.13070	0.03156	0.01450	0.00966	0.00295	0.00935	0.09832	0.00703	0.01065
4	0.02741	0.16354	0.02646	0.05737	0.02526	0.23024	0.01493	0.14810	0.02503	0.09357	0.02464	0.02521	0.08239	0.01034	0.00780	0.00235	0.01058	0.00755	0.00606	0.01117
5	0.02109	0.06180	0.01894	0.01569	0.01964	0.18541	0.01225	0.05906	0.14073	0.02686	0.02940	0.03138	0.09023	0.02046	0.12337	0.00436	0.01149	0.00867	0.08341	0.03576
6	0.02453	0.02533	0.02486	0.02861	0.21302	0.23959	0.01765	0.11667	0.02465	0.02993	0.10932	0.06234	0.02491	0.01088	0.00855	0.00249	0.01061	0.00893	0.00588	0.01124
7	0.14998	0.12419	0.11049	0.08532	0.02565	0.08955	0.01614	0.02488	0.01915	0.06493	0.09118	0.03410	0.02477	0.01152	0.00799	0.00269	0.00919	0.09256	0.00570	0.01002
8	0.19826	0.09949	0.14808	0.01736	0.02419	0.18743	0.01638	0.02863	0.01951	0.08459	0.04371	0.01891	0.01468	0.00866	0.00706	0.00236	0.01024	0.00604	0.00518	0.05925
9	0.19138	0.01717	0.07527	0.02588	0.21506	0.01603	0.01666	0.02159	0.01629	0.02744	0.01996	0.09263	0.01874	0.02436	0.17974	0.00557	0.01226	0.00890	0.00488	0.01018
10	0.02110	0.17208	0.20865	0.02102	0.07906	0.15073	0.01924	0.02619	0.01892	0.02467	0.01658	0.01985	0.01341	0.01154	0.04550	0.00292	0.01145	0.00630	0.12006	0.01075
11	0.06936	0.09841	0.11922	0.04614	0.02650	0.13577	0.01715	0.23925	0.02672	0.03523	0.02077	0.02217	0.04755	0.00973	0.00773	0.00244	0.01021	0.00714	0.04677	0.01173
12	0.22734	0.11515	0.09002	0.01477	0.02041	0.01959	0.01348	0.14228	0.02225	0.03525	0.12726	0.08908	0.02754	0.01174	0.00762	0.00260	0.00755	0.00914	0.00647	0.01046

[dist]
# distance from previous block
# <min> <max>
0	2

[block]
# block no. 12 follows, 21 sequences, length 21
# corresponding to MSA columns:
# 769-789
name=unknown_M
#
# <colnr> <probs for GDERKNQSTAVLIFYWHMCP>
#	G	D	E	R	K	N	Q	S	T	A	V	L	I	F	Y	W	H	M	C	P
0	0.01607	0.01114	0.01334	0.01256	0.01457	0.01156	0.00911	0.04202	0.07505	0.08260	0.07901	0.18199	0.13480	0.19850	0.02015	0.00444	0.06279	0.01468	0.00726	0.00837
1	0.01528	0.01349	0.01586	0.06456	0.08295	0.06994	0.01185	0.01923	0.06754	0.02216	0.03083	0.26310	0.03332	0.16215	0.08423	0.00519	0.00952	0.01444	0.00607	0.00829
2	0.01765	0.15683	0.02456	0.13431	0.08134	0.08501	0.01531	0.02063	0.01735	0.02163	0.02435	0.22725	0.02584	0.01763	0.05097	0.00346	0.04953	0.01194	0.00517	0.00925
3	0.01889	0.01742	0.02804	0.11818	0.40967	0.01802	0.02153	0.02554	0.07470	0.02887	0.12690	0.02962	0.02598	0.00976	0.00874	0.00262	0.00890	0.00912	0.00546	0.01204
4	0.01473	0.01145	0.01337	0.06734	0.01804	0.01153	0.00985	0.11875	0.02133	0.02731	0.05297	0.22869	0.26918	0.08057	0.01285	0.00345	0.00630	0.01648	0.00742	0.00839
5	0.02469	0.01631	0.02137	0.02242	0.14795	0.01645	0.01468	0.15306	0.07635	0.17465	0.13637	0.03611	0.06595	0.04232	0.01041	0.00289	0.00754	0.01017	0.00806	0.01223
6	0.16982	0.02452	0.01996	0.01715	0.02223	0.19460	0.01351	0.19332	0.13207	0.03672	0.01994	0.02077	0.01517	0.00958	0.00746	0.00248	0.00949	0.00685	0.07289	0.01146
7	0.03235	0.02384	0.02554	0.01958	0.02639	0.02639	0.01618	0.61946	0.04001	0.05363	0.02043	0.02043	0.01447	0.01022	0.00851	0.00255	0.00936	0.00766	0.00851	0.01447
8	0.01986	0.02060	0.04029	0.04121	0.30703	0.02004	0.30703	0.02575	0.01924	0.02687	0.01715	0.02300	0.01386	0.01207	0.06399	0.00362	0.01319	0.00889	0.00429	0.01203
9	0.02106	0.02022	0.03454	0.05223	0.64784	0.02022	0.02612	0.02612	0.01938	0.02780	0.01601	0.02106	0.01348	0.00758	0.00842	0.00253	0.01011	0.00758	0.00421	0.01348
10	0.01184	0.00900	0.01268	0.01268	0.01433	0.00999	0.00972	0.01460	0.01449	0.02009	0.03276	0.04201	0.11768	0.08942	0.53460	0.01174	0.01922	0.01064	0.00510	0.00741
11	0.03190	0.03714	0.02441	0.02144	0.02633	0.53591	0.01639	0.15361	0.02736	0.02753	0.01464	0.01639	0.01168	0.00907	0.00784	0.00227	0.01412	0.00593	0.00523	0.01081
12	0.01238	0.00825	0.00928	0.00928	0.00928	0.00825	0.00516	0.01238	0.01238	0.01650	0.02681	0.05569	0.03094	0.70092	0.04331	0.00825	0.00825	0.01238	0.00516	0.00516
13	0.01083	0.00865	0.00970	0.00944	0.01197	0.00751	0.00708	0.01372	0.02123	0.02734	0.30402	0.07473	0.42385	0.01993	0.01005	0.00280	0.00419	0.01696	0.00848	0.00751
14	0.02106	0.02022	0.03454	0.05223	0.64784	0.02022	0.02612	0.02612	0.01938	0.02780	0.01601	0.02106	0.01348	0.00758	0.00842	0.00253	0.01011	0.00758	0.00421	0.01348
15	0.02182	0.01861	0.01961	0.01745	0.02238	0.02147	0.01363	0.07891	0.59770	0.03666	0.03380	0.03109	0.02530	0.01147	0.00865	0.00287	0.00689	0.00951	0.00865	0.01353
16	0.01776	0.03991	0.54946	0.02908	0.14225	0.01984	0.03052	0.02681	0.01821	0.02710	0.01540	0.01850	0.01125	0.00800	0.00814	0.00267	0.01215	0.00651	0.00370	0.01273
17	0.01952	0.03838	0.52188	0.02680	0.10964	0.01914	0.02903	0.02820	0.01873	0.08546	0.01707	0.01937	0.01207	0.00825	0.00817	0.00267	0.01178	0.00666	0.00432	0.01286
18	0.01753	0.03997	0.54605	0.02555	0.03691	0.02035	0.10180	0.02661	0.01793	0.02661	0.01527	0.01861	0.01106	0.00837	0.00949	0.00278	0.05236	0.00681	0.00369	0.01225
19	0.01216	0.00912	0.01368	0.01368	0.01520	0.01064	0.01064	0.01520	0.01368	0.01976	0.02279	0.03343	0.02127	0.06382	0.66720	0.01368	0.02279	0.00912	0.00456	0.00760
20	0.02455	0.03061	0.07903	0.02357	0.11191	0.34984	0.01710	0.05807	0.02276	0.02450	0.02905	0.03025	0.14091	0.01123	0.00835	0.00244	0.01180	0.00851	0.00522	0.01031

[dist]
# distance from previous block
# <min> <max>
0	1

[block]
# block no. 13 follows, 21 sequences, length 12
# corresponding to MSA columns:
# 791-802
name=unknown_N
#
# <colnr> <probs for GDERKNQSTAVLIFYWHMCP>
#	G	D	E	R	K	N	Q	S	T	A	V	L	I	F	Y	W	H	M	C	P
0	0.01321	0.00955	0.01307	0.01487	0.01681	0.00940	0.01277	0.01683	0.01936	0.02503	0.04838	0.13406	0.09580	0.02356	0.01156	0.00381	0.00737	0.50898	0.00785	0.00773
1	0.01080	0.00771	0.01036	0.01234	0.01302	0.00728	0.00864	0.01259	0.01671	0.02220	0.04667	0.61885	0.05535	0.02626	0.01098	0.00352	0.00531	0.09649	0.00789	0.00703
2	0.01900	0.01980	0.06875	0.27926	0.39652	0.01971	0.02553	0.02458	0.01843	0.02555	0.01564	0.02147	0.01254	0.00795	0.00843	0.00265	0.01071	0.00750	0.00402	0.01196
