[name]
unknown

[dist]
# distance from previous block
# <min> <max>
0	0

[block]
# block no. 0 follows, 22 sequences, length 217
# corresponding to MSA columns:
# 0-216
name=unknown_A
#
# <colnr> <probs for GDERKNQSTAVLIFYWHMCP>
#	G	D	E	R	K	N	Q	S	T	A	V	L	I	F	Y	W	H	M	C	P
0	0.01339	0.00956	0.01339	0.01530	0.01721	0.00956	0.01339	0.01721	0.01912	0.02486	0.04399	0.09371	0.04781	0.02295	0.01147	0.00382	0.00765	0.60031	0.00765	0.00765
1	0.02691	0.02407	0.02167	0.01808	0.02342	0.15971	0.01435	0.31088	0.17193	0.03875	0.02768	0.02708	0.07616	0.01102	0.00831	0.00252	0.00932	0.00842	0.00744	0.01228
2	0.02564	0.34963	0.09695	0.01765	0.02469	0.13265	0.01658	0.19151	0.02408	0.02932	0.01439	0.01582	0.01160	0.00820	0.00675	0.00212	0.01027	0.00559	0.00497	0.01160
3	0.05038	0.01753	0.16873	0.01373	0.01830	0.01167	0.01332	0.01838	0.04369	0.02547	0.13858	0.08125	0.17635	0.10880	0.04352	0.00397	0.00785	0.04361	0.00633	0.00855
4	0.01838	0.01470	0.01584	0.01485	0.01832	0.04012	0.01180	0.13153	0.17971	0.03209	0.07146	0.12980	0.09748	0.01639	0.00937	0.00296	0.00686	0.13513	0.04313	0.01010
5	0.06184	0.03249	0.37861	0.05200	0.03191	0.02008	0.02367	0.17467	0.02321	0.09764	0.01777	0.01922	0.01237	0.00865	0.00792	0.00259	0.01062	0.00666	0.00547	0.01260
6	0.53545	0.05058	0.12517	0.01428	0.02062	0.08600	0.01360	0.02565	0.01578	0.03299	0.01226	0.01432	0.00949	0.00780	0.00585	0.00251	0.00838	0.00486	0.00471	0.00968
7	0.01822	0.02431	0.16284	0.02049	0.09926	0.12453	0.01682	0.04989	0.08350	0.02606	0.04060	0.04041	0.23339	0.01290	0.00860	0.00260	0.00895	0.01047	0.00586	0.01030
8	0.02161	0.01473	0.01638	0.01410	0.01853	0.01517	0.01109	0.17199	0.15422	0.13078	0.04600	0.11530	0.20455	0.01521	0.00903	0.00276	0.00640	0.01265	0.00841	0.01108
9	0.01104	0.00789	0.00909	0.00966	0.01038	0.00746	0.00608	0.01190	0.01463	0.01892	0.04400	0.24848	0.16749	0.36591	0.02628	0.00559	0.00631	0.01658	0.00637	0.00595
10	0.01006	0.00835	0.00885	0.00917	0.01167	0.00714	0.00689	0.01220	0.01861	0.02245	0.07753	0.14946	0.55079	0.02170	0.01000	0.00293	0.00448	0.05298	0.00771	0.00702
11	0.02455	0.01789	0.02566	0.06593	0.28554	0.01852	0.01868	0.06083	0.18695	0.17118	0.02445	0.02512	0.01800	0.00924	0.00832	0.00260	0.00840	0.00815	0.00681	0.01321
12	0.02795	0.07308	0.10351	0.02373	0.08047	0.47839	0.01853	0.05601	0.02271	0.02293	0.01356	0.01589	0.01103	0.00836	0.00752	0.00222	0.01365	0.00566	0.00430	0.01049
13	0.00982	0.00842	0.00842	0.00842	0.01122	0.00701	0.00631	0.01192	0.01894	0.02244	0.08416	0.07995	0.65285	0.02104	0.00982	0.00281	0.00421	0.01753	0.00771	0.00701
14	0.01698	0.03779	0.53138	0.02329	0.03300	0.02058	0.02808	0.02499	0.01653	0.02499	0.01407	0.01767	0.01060	0.00928	0.01194	0.00284	0.15446	0.00638	0.00353	0.01161
15	0.02033	0.02100	0.06563	0.04901	0.60152	0.01977	0.04920	0.02558	0.01887	0.02708	0.01564	0.02048	0.01301	0.00741	0.00827	0.00249	0.01015	0.00743	0.00409	0.01304
16	0.02056	0.01974	0.03372	0.05099	0.65622	0.01974	0.02550	0.02550	0.01892	0.02714	0.01563	0.02056	0.01316	0.00740	0.00822	0.00247	0.00987	0.00740	0.00411	0.01316
17	0.02677	0.01973	0.02127	0.01699	0.02215	0.02170	0.01350	0.46484	0.06952	0.04394	0.02289	0.05476	0.01919	0.12752	0.01410	0.00348	0.00863	0.00903	0.00775	0.01224
18	0.01050	0.00783	0.01120	0.01250	0.01330	0.00731	0.03228	0.01217	0.01605	0.02142	0.04464	0.67559	0.05326	0.02527	0.01057	0.00335	0.00518	0.02307	0.00757	0.00692
19	0.01723	0.11109	0.60182	0.02272	0.03447	0.02067	0.02902	0.02616	0.01747	0.02562	0.01457	0.01711	0.01054	0.00781	0.00763	0.00254	0.01193	0.00597	0.00351	0.01211
20	0.01549	0.00774	0.00774	0.00774	0.00968	0.00774	0.00581	0.01936	0.01742	0.03097	0.02710	0.03097	0.02129	0.00968	0.00581	0.00194	0.00387	0.00774	0.75416	0.00774
21	0.01569	0.01477	0.02492	0.68808	0.05722	0.01846	0.02307	0.02123	0.01661	0.02123	0.01477	0.02215	0.01107	0.00831	0.00831	0.00277	0.01107	0.00738	0.00369	0.00923
22	0.01666	0.04297	0.66500	0.02368	0.03596	0.01929	0.03069	0.02631	0.01754	0.02631	0.01491	0.01754	0.01052	0.00789	0.00789	0.00263	0.01228	0.00614	0.00351	0.01228
23	0.51097	0.02317	0.05503	0.01651	0.05904	0.16570	0.01289	0.02656	0.01674	0.03220	0.01230	0.01451	0.00973	0.00789	0.00602	0.00247	0.00890	0.00497	0.00479	0.00959
24	0.02675	0.36684	0.03326	0.01791	0.02356	0.36281	0.01516	0.02914	0.02030	0.01995	0.01221	0.01418	0.01068	0.00785	0.00644	0.00196	0.01202	0.00491	0.00393	0.01013
25	0.01666	0.04297	0.66500	0.02368	0.03596	0.01929	0.03069	0.02631	0.01754	0.02631	0.01491	0.01754	0.01052	0.00789	0.00789	0.00263	0.01228	0.00614	0.00351	0.01228
26	0.00982	0.00842	0.00842	0.00842	0.01122	0.00701	0.00631	0.01192	0.01894	0.02244	0.08416	0.07995	0.65285	0.02104	0.00982	0.00281	0.00421	0.01753	0.00771	0.00701
27	0.04672	0.00863	0.01091	0.01066	0.01252	0.00816	0.00787	0.01538	0.02178	0.03143	0.51820	0.16945	0.07113	0.01810	0.00972	0.00274	0.00419	0.01600	0.00871	0.00771
28	0.01176	0.00849	0.01110	0.01045	0.01241	0.00784	0.00784	0.01568	0.02352	0.03331	0.65184	0.06206	0.07839	0.01698	0.00980	0.00261	0.00392	0.01502	0.00914	0.00784
29	0.01012	0.00723	0.00964	0.01157	0.01205	0.00675	0.00771	0.01157	0.01591	0.02121	0.04579	0.70262	0.05495	0.02603	0.01060	0.00337	0.00482	0.02362	0.00771	0.00675
30	0.02056	0.01974	0.03372	0.05099	0.65622	0.01974	0.02550	0.02550	0.01892	0.02714	0.01563	0.02056	0.01316	0.00740	0.00822	0.00247	0.00987	0.00740	0.00411	0.01316
31	0.01014	0.00753	0.00934	0.01075	0.01174	0.00686	0.00728	0.01167	0.01642	0.02127	0.05355	0.53551	0.18782	0.05398	0.01178	0.00345	0.00482	0.02176	0.00760	0.00673
32	0.01549	0.00774	0.00774	0.00774	0.00968	0.00774	0.00581	0.01936	0.01742	0.03097	0.02710	0.03097	0.02129	0.00968	0.00581	0.00194	0.00387	0.00774	0.75416	0.00774
33	0.01779	0.17959	0.53829	0.02175	0.03297	0.02206	0.02733	0.02602	0.01740	0.02493	0.01422	0.01668	0.01055	0.00773	0.00737	0.00246	0.01159	0.00579	0.00352	0.01195
34	0.01012	0.00723	0.00964	0.01157	0.01205	0.00675	0.00771	0.01157	0.01591	0.02121	0.04579	0.70262	0.05495	0.02603	0.01060	0.00337	0.00482	0.02362	0.00771	0.00675
35	0.01744	0.00963	0.00983	0.00913	0.01163	0.00993	0.00702	0.09342	0.02005	0.03357	0.02623	0.02963	0.02042	0.00971	0.00611	0.00200	0.00451	0.00771	0.66348	0.00852
36	0.03103	0.03959	0.02354	0.02140	0.02568	0.67469	0.01605	0.03317	0.02354	0.02033	0.01284	0.01498	0.01070	0.00856	0.00749	0.00214	0.01498	0.00535	0.00428	0.00963
37	0.02033	0.01313	0.01420	0.01240	0.01636	0.01356	0.00975	0.11413	0.15766	0.10971	0.04100	0.04002	0.16252	0.01269	0.00796	0.00248	0.00569	0.01033	0.22564	0.01046
38	0.00993	0.00842	0.00858	0.00854	0.01129	0.00706	0.00640	0.01215	0.01921	0.02309	0.11803	0.07888	0.61857	0.02080	0.00982	0.00279	0.00419	0.01738	0.00780	0.00706
39	0.01415	0.01090	0.01510	0.01422	0.01544	0.01347	0.01131	0.01703	0.01405	0.02190	0.02052	0.02879	0.01850	0.03977	0.37877	0.00862	0.18042	0.00826	0.16088	0.00789
40	0.01723	0.01477	0.01723	0.01230	0.01969	0.01107	0.00984	0.02092	0.01723	0.02707	0.01477	0.01723	0.01230	0.00615	0.00615	0.00123	0.00615	0.00492	0.00492	0.75883
41	0.00985	0.00830	0.00854	0.00874	0.01131	0.00699	0.00645	0.01189	0.01863	0.02232	0.08026	0.14325	0.59207	0.02155	0.00990	0.00286	0.00427	0.01815	0.00771	0.00699
42	0.01192	0.00871	0.01239	0.01239	0.01354	0.00986	0.00919	0.01422	0.01307	0.01857	0.02313	0.03750	0.02288	0.20695	0.53337	0.01216	0.01907	0.00961	0.00458	0.00688
43	0.02399	0.02641	0.02986	0.06535	0.41520	0.24603	0.02214	0.02798	0.02043	0.02456	0.01463	0.01869	0.01223	0.00784	0.00797	0.00237	0.01168	0.00669	0.00415	0.01179
44	0.02056	0.01974	0.03372	0.05099	0.65622	0.01974	0.02550	0.02550	0.01892	0.02714	0.01563	0.02056	0.01316	0.00740	0.00822	0.00247	0.00987	0.00740	0.00411	0.01316
45	0.00982	0.00842	0.00842	0.00842	0.01122	0.00701	0.00631	0.01192	0.01894	0.02244	0.08416	0.07995	0.65285	0.02104	0.00982	0.00281	0.00421	0.01753	0.00771	0.00701
46	0.01208	0.00805	0.00906	0.00906	0.00906	0.00805	0.00503	0.01208	0.01208	0.01611	0.02618	0.05436	0.03020	0.70804	0.04228	0.00805	0.00805	0.01208	0.00503	0.00503
47	0.76672	0.01607	0.01221	0.01092	0.01607	0.01864	0.00900	0.02442	0.01414	0.03727	0.01157	0.01350	0.00900	0.00771	0.00514	0.00257	0.00643	0.00450	0.00514	0.00900
48	0.02479	0.45222	0.03590	0.05249	0.02468	0.24524	0.01530	0.02744	0.01908	0.01990	0.01215	0.01435	0.01070	0.00765	0.00621	0.00195	0.01103	0.00490	0.00380	0.01024
49	0.76672	0.01607	0.01221	0.01092	0.01607	0.01864	0.00900	0.02442	0.01414	0.03727	0.01157	0.01350	0.00900	0.00771	0.00514	0.00257	0.00643	0.00450	0.00514	0.00900
50	0.01177	0.00799	0.00909	0.00928	0.00947	0.00787	0.00537	0.01202	0.01281	0.01694	0.03105	0.12153	0.06361	0.60463	0.03745	0.00732	0.00753	0.01352	0.00544	0.00531
51	0.01042	0.00813	0.00946	0.00979	0.01176	0.00717	0.00709	0.01284	0.01938	0.02504	0.22684	0.23791	0.34201	0.02125	0.01002	0.00290	0.00429	0.01845	0.00810	0.00717
52	0.28936	0.01480	0.01684	0.01345	0.01943	0.01443	0.01110	0.03493	0.02045	0.44609	0.02545	0.02317	0.01657	0.00939	0.00724	0.00257	0.00685	0.00702	0.00851	0.01236
53	0.02297	0.58740	0.07951	0.01570	0.02277	0.11223	0.01546	0.02600	0.01775	0.02006	0.01192	0.01379	0.01066	0.00734	0.00576	0.00188	0.00986	0.00466	0.00364	0.01063
54	0.01475	0.01161	0.01391	0.01438	0.01679	0.01239	0.01116	0.02460	0.23329	0.02754	0.07343	0.26901	0.04401	0.01960	0.01006	0.00327	0.00616	0.17678	0.00803	0.00927
55	0.01012	0.00723	0.00964	0.01157	0.01205	0.00675	0.00771	0.01157	0.01591	0.02121	0.04579	0.70262	0.05495	0.02603	0.01060	0.00337	0.00482	0.02362	0.00771	0.00675
56	0.01353	0.01233	0.01716	0.02313	0.23412	0.01141	0.01294	0.01661	0.01893	0.02407	0.06047	0.05943	0.43178	0.01633	0.00927	0.00269	0.00616	0.01403	0.00647	0.00914
57	0.02056	0.01974	0.03372	0.05099	0.65622	0.01974	0.02550	0.02550	0.01892	0.02714	0.01563	0.02056	0.01316	0.00740	0.00822	0.00247	0.00987	0.00740	0.00411	0.01316
58	0.02221	0.71304	0.04353	0.01421	0.02132	0.03287	0.01421	0.02488	0.01688	0.01955	0.01155	0.01333	0.01066	0.00711	0.00533	0.00178	0.00888	0.00444	0.00355	0.01066
59	0.01012	0.00723	0.00964	0.01157	0.01205	0.00675	0.00771	0.01157	0.01591	0.02121	0.04579	0.70262	0.05495	0.02603	0.01060	0.00337	0.00482	0.02362	0.00771	0.00675
60	0.02010	0.01927	0.03288	0.11142	0.59941	0.01962	0.02527	0.02509	0.01870	0.02658	0.01554	0.02071	0.01296	0.00749	0.00823	0.00250	0.00998	0.00740	0.00407	0.01279
61	0.03103	0.03959	0.02354	0.02140	0.02568	0.67469	0.01605	0.03317	0.02354	0.02033	0.01284	0.01498	0.01070	0.00856	0.00749	0.00214	0.01498	0.00535	0.00428	0.00963
62	0.02975	0.02190	0.02363	0.01847	0.02459	0.02414	0.01510	0.57598	0.03709	0.04970	0.02215	0.07808	0.01760	0.01134	0.00851	0.00257	0.00877	0.00885	0.00826	0.01350
63	0.02666	0.02083	0.02216	0.01812	0.02389	0.02347	0.01460	0.36525	0.31034	0.04442	0.02619	0.02492	0.01919	0.01056	0.00837	0.00264	0.00799	0.00834	0.00837	0.01369
64	0.02250	0.01568	0.01706	0.01440	0.01832	0.01688	0.01120	0.33110	0.02776	0.03878	0.02658	0.14468	0.02437	0.08367	0.01164	0.00310	0.00718	0.01081	0.16370	0.01058
65	0.02006	0.02004	0.03662	0.08543	0.48321	0.01995	0.15988	0.02549	0.01893	0.02667	0.01584	0.02107	0.01291	0.00737	0.00858	0.00256	0.01087	0.00794	0.00411	0.01249
66	0.01176	0.00849	0.01110	0.01045	0.01241	0.00784	0.00784	0.01568	0.02352	0.03331	0.65184	0.06206	0.07839	0.01698	0.00980	0.00261	0.00392	0.01502	0.00914	0.00784
67	0.01967	0.02224	0.04807	0.03600	0.08136	0.02093	0.58887	0.02654	0.01957	0.02664	0.01673	0.02229	0.01264	0.00703	0.00971	0.00278	0.01375	0.00966	0.00420	0.01133
68	0.01947	0.01862	0.03175	0.19370	0.52204	0.01945	0.02495	0.02454	0.01840	0.02582	0.01543	0.02092	0.01269	0.00760	0.00824	0.00253	0.01014	0.00740	0.00402	0.01228
69	0.03727	0.01414	0.01928	0.01478	0.02121	0.01221	0.01221	0.04049	0.02378	0.66198	0.03277	0.02828	0.02056	0.01028	0.00835	0.00257	0.00707	0.00835	0.01028	0.01414
70	0.01086	0.00846	0.00986	0.00951	0.01186	0.00746	0.00713	0.01394	0.02140	0.02829	0.38955	0.07032	0.34381	0.01886	0.00981	0.00270	0.00405	0.01618	0.00848	0.00746
71	0.01666	0.04297	0.66500	0.02368	0.03596	0.01929	0.03069	0.02631	0.01754	0.02631	0.01491	0.01754	0.01052	0.00789	0.00789	0.00263	0.01228	0.00614	0.00351	0.01228
72	0.02049	0.02015	0.03206	0.13084	0.54649	0.05404	0.02469	0.02535	0.01886	0.02603	0.01537	0.02047	0.01276	0.00758	0.00820	0.00249	0.01029	0.00729	0.00407	0.01247
73	0.01228	0.00949	0.01012	0.00996	0.01110	0.03401	0.00656	0.01355	0.01549	0.02000	0.11373	0.05727	0.16717	0.39232	0.08688	0.00652	0.00828	0.01305	0.00602	0.00619
74	0.01723	0.01477	0.01723	0.01230	0.01969	0.01107	0.00984	0.02092	0.01723	0.02707	0.01477	0.01723	0.01230	0.00615	0.00615	0.00123	0.00615	0.00492	0.00492	0.75883
75	0.01742	0.04279	0.63124	0.02356	0.03541	0.05379	0.02992	0.02667	0.01786	0.02599	0.01480	0.01740	0.01053	0.00793	0.00787	0.00261	0.01242	0.00610	0.00355	0.01214
76	0.01666	0.04297	0.66500	0.02368	0.03596	0.01929	0.03069	0.02631	0.01754	0.02631	0.01491	0.01754	0.01052	0.00789	0.00789	0.00263	0.01228	0.00614	0.00351	0.01228
77	0.02024	0.01612	0.01762	0.01566	0.02000	0.01802	0.01220	0.06741	0.46212	0.06462	0.15354	0.03637	0.03491	0.01227	0.00870	0.00275	0.00621	0.01035	0.00867	0.01221
78	0.02056	0.01974	0.03372	0.05099	0.65622	0.01974	0.02550	0.02550	0.01892	0.02714	0.01563	0.02056	0.01316	0.00740	0.00822	0.00247	0.00987	0.00740	0.00411	0.01316
79	0.01187	0.00890	0.01335	0.01335	0.01483	0.01038	0.01038	0.01483	0.01335	0.01928	0.02225	0.03264	0.02077	0.06231	0.67512	0.01335	0.02225	0.00890	0.00445	0.00742
80	0.01176	0.00849	0.01110	0.01045	0.01241	0.00784	0.00784	0.01568	0.02352	0.03331	0.65184	0.06206	0.07839	0.01698	0.00980	0.00261	0.00392	0.01502	0.00914	0.00784
81	0.03158	0.02327	0.02493	0.01911	0.02576	0.02576	0.01579	0.62852	0.03906	0.05236	0.01995	0.01995	0.01413	0.00997	0.00831	0.00249	0.00914	0.00748	0.00831	0.01413
82	0.01605	0.01297	0.01705	0.01973	0.09566	0.01375	0.01421	0.02549	0.19993	0.02765	0.03776	0.12845	0.03778	0.01797	0.01011	0.00332	0.00732	0.29752	0.00746	0.00983
83	0.01185	0.00846	0.01162	0.01354	0.01478	0.00823	0.01071	0.01455	0.01760	0.02314	0.04484	0.38110	0.05118	0.02440	0.01106	0.00361	0.00631	0.32813	0.00768	0.00722
84	0.01187	0.00890	0.01335	0.01335	0.01483	0.01038	0.01038	0.01483	0.01335	0.01928	0.02225	0.03264	0.02077	0.06231	0.67512	0.01335	0.02225	0.00890	0.00445	0.00742
85	0.02819	0.02158	0.02302	0.01843	0.02447	0.02418	0.01497	0.44703	0.22608	0.04689	0.02425	0.02338	0.01762	0.01038	0.00835	0.00259	0.00834	0.00807	0.00835	0.01382
86	0.01341	0.01117	0.01631	0.01542	0.01654	0.01407	0.01229	0.01610	0.01320	0.01946	0.01948	0.02910	0.01836	0.05063	0.51670	0.01098	0.18623	0.00850	0.00425	0.00783
87	0.03103	0.03959	0.02354	0.02140	0.02568	0.67469	0.01605	0.03317	0.02354	0.02033	0.01284	0.01498	0.01070	0.00856	0.00749	0.00214	0.01498	0.00535	0.00428	0.00963
88	0.01004	0.00754	0.00932	0.01074	0.01183	0.00682	0.00734	0.01166	0.01670	0.02153	0.05590	0.53852	0.21252	0.02471	0.01040	0.00322	0.00466	0.02201	0.00771	0.00682
89	0.02378	0.02584	0.03059	0.04190	0.46253	0.22093	0.02259	0.02785	0.02034	0.02505	0.01477	0.01885	0.01240	0.00776	0.00800	0.00237	0.01144	0.00677	0.00416	0.01208
90	0.02056	0.01974	0.03372	0.05099	0.65622	0.01974	0.02550	0.02550	0.01892	0.02714	0.01563	0.02056	0.01316	0.00740	0.00822	0.00247	0.00987	0.00740	0.00411	0.01316
91	0.01187	0.00890	0.01335	0.01335	0.01483	0.01038	0.01038	0.01483	0.01335	0.01928	0.02225	0.03264	0.02077	0.06231	0.67512	0.01335	0.02225	0.00890	0.00445	0.00742
92	0.04993	0.03303	0.41716	0.02175	0.03201	0.01790	0.08573	0.02604	0.04665	0.02736	0.01581	0.01843	0.01171	0.00761	0.00766	0.00238	0.01074	0.00636	0.00416	0.15759
93	0.03126	0.03269	0.02413	0.02043	0.02572	0.40027	0.01594	0.28494	0.03010	0.03387	0.01585	0.01708	0.01215	0.00916	0.00784	0.00229	0.01251	0.00625	0.00598	0.01153
94	0.01057	0.00813	0.00980	0.01093	0.01262	0.00735	0.00814	0.01271	0.01772	0.02236	0.06121	0.33942	0.29904	0.02344	0.01044	0.00322	0.00507	0.12311	0.00770	0.00702
95	0.01923	0.21468	0.25578	0.02488	0.03381	0.02384	0.22726	0.02569	0.01781	0.02426	0.01444	0.01809	0.01129	0.00773	0.00887	0.00251	0.04777	0.00698	0.00376	0.01131
96	0.01983	0.01870	0.03165	0.04736	0.59126	0.01870	0.02426	0.02465	0.01894	0.02691	0.01851	0.02800	0.01668	0.00898	0.00855	0.00261	0.00964	0.06768	0.00447	0.01260
97	0.01012	0.00723	0.00964	0.01157	0.01205	0.00675	0.00771	0.01157	0.01591	0.02121	0.04579	0.70262	0.05495	0.02603	0.01060	0.00337	0.00482	0.02362	0.00771	0.00675
98	0.02056	0.01974	0.03372	0.05099	0.65622	0.01974	0.02550	0.02550	0.01892	0.02714	0.01563	0.02056	0.01316	0.00740	0.00822	0.00247	0.00987	0.00740	0.00411	0.01316
99	0.05696	0.01952	0.02537	0.18049	0.20213	0.04607	0.01923	0.15287	0.15250	0.03278	0.01982	0.02243	0.01514	0.00901	0.00814	0.00261	0.00934	0.00761	0.00584	0.01212
100	0.02221	0.71304	0.04353	0.01421	0.02132	0.03287	0.01421	0.02488	0.01688	0.01955	0.01155	0.01333	0.01066	0.00711	0.00533	0.00178	0.00888	0.00444	0.00355	0.01066
101	0.01499	0.01120	0.01415	0.01521	0.04738	0.01151	0.01081	0.02271	0.16912	0.05390	0.14205	0.29726	0.04735	0.01900	0.00984	0.00309	0.00578	0.08742	0.00805	0.00921
102	0.02241	0.64600	0.07179	0.01504	0.02224	0.06601	0.01509	0.02538	0.01726	0.01991	0.01178	0.01361	0.01066	0.00722	0.00556	0.00184	0.00937	0.00457	0.00359	0.01068
103	0.03103	0.03959	0.02354	0.02140	0.02568	0.67469	0.01605	0.03317	0.02354	0.02033	0.01284	0.01498	0.01070	0.00856	0.00749	0.00214	0.01498	0.00535	0.00428	0.00963
104	0.76672	0.01607	0.01221	0.01092	0.01607	0.01864	0.00900	0.02442	0.01414	0.03727	0.01157	0.01350	0.00900	0.00771	0.00514	0.00257	0.00643	0.00450	0.00514	0.00900
105	0.00984	0.00834	0.00849	0.00861	0.01127	0.00700	0.00640	0.01190	0.01875	0.02237	0.08178	0.11850	0.61583	0.02135	0.00987	0.00284	0.00425	0.01791	0.00771	0.00700
106	0.01096	0.00894	0.00975	0.00946	0.01212	0.00798	0.00712	0.01473	0.05341	0.02626	0.24679	0.07213	0.45215	0.01934	0.00974	0.00275	0.00425	0.01637	0.00817	0.00758
107	0.02902	0.19864	0.02868	0.01915	0.02465	0.37427	0.01555	0.16453	0.02541	0.02732	0.01412	0.01569	0.01146	0.00853	0.00715	0.00213	0.01220	0.00561	0.00501	0.01089
108	0.01208	0.00805	0.00906	0.00906	0.00906	0.00805	0.00503	0.01208	0.01208	0.01611	0.02618	0.05436	0.03020	0.70804	0.04228	0.00805	0.00805	0.01208	0.00503	0.00503
109	0.01032	0.00737	0.00987	0.01180	0.01237	0.00692	0.00806	0.01192	0.01610	0.02143	0.04568	0.66492	0.05450	0.02584	0.01066	0.00340	0.00499	0.05932	0.00771	0.00680
110	0.01443	0.00722	0.01082	0.01082	0.01082	0.00722	0.00722	0.01082	0.01082	0.01443	0.01443	0.02525	0.01443	0.02886	0.03247	0.75830	0.00722	0.00722	0.00361	0.00361
111	0.01339	0.00956	0.01339	0.01530	0.01721	0.00956	0.01339	0.01721	0.01912	0.02486	0.04399	0.09371	0.04781	0.02295	0.01147	0.00382	0.00765	0.60031	0.00765	0.00765
112	0.02056	0.01974	0.03372	0.05099	0.65622	0.01974	0.02550	0.02550	0.01892	0.02714	0.01563	0.02056	0.01316	0.00740	0.00822	0.00247	0.00987	0.00740	0.00411	0.01316
113	0.01569	0.01477	0.02492	0.68808	0.05722	0.01846	0.02307	0.02123	0.01661	0.02123	0.01477	0.02215	0.01107	0.00831	0.00831	0.00277	0.01107	0.00738	0.00369	0.00923
114	0.02520	0.01683	0.01892	0.01633	0.02149	0.01836	0.01289	0.04315	0.47275	0.20589	0.03353	0.03025	0.02405	0.01100	0.00843	0.00275	0.00671	0.00911	0.00895	0.01342
115	0.01009	0.00806	0.00907	0.00983	0.01179	0.00704	0.00713	0.01205	0.01790	0.02213	0.06902	0.29578	0.41798	0.02285	0.01017	0.00305	0.00458	0.04684	0.00771	0.00695
116	0.01693	0.07480	0.63548	0.02323	0.03526	0.01994	0.02991	0.02624	0.01751	0.02599	0.01475	0.01734	0.01053	0.00786	0.00777	0.00259	0.01212	0.00606	0.00351	0.01220
117	0.01208	0.00805	0.00906	0.00906	0.00906	0.00805	0.00503	0.01208	0.01208	0.01611	0.02618	0.05436	0.03020	0.70804	0.04228	0.00805	0.00805	0.01208	0.00503	0.00503
118	0.01001	0.00848	0.00868	0.00878	0.01154	0.00715	0.00669	0.01220	0.01895	0.02257	0.08202	0.08068	0.62063	0.02114	0.00991	0.00286	0.00439	0.04857	0.00771	0.00705
119	0.01112	0.00847	0.01022	0.00978	0.01202	0.00757	0.00733	0.01444	0.02200	0.02972	0.46431	0.06797	0.26816	0.01832	0.00980	0.00268	0.00401	0.01585	0.00867	0.00757
120	0.01163	0.00930	0.01051	0.01006	0.01267	0.00860	0.00759	0.01645	0.07700	0.02825	0.32495	0.06780	0.34803	0.01841	0.00969	0.00272	0.00430	0.01571	0.00840	0.00792
121	0.01208	0.00805	0.00906	0.00906	0.00906	0.00805	0.00503	0.01208	0.01208	0.01611	0.02618	0.05436	0.03020	0.70804	0.04228	0.00805	0.00805	0.01208	0.00503	0.00503
122	0.01012	0.00723	0.00964	0.01157	0.01205	0.00675	0.00771	0.01157	0.01591	0.02121	0.04579	0.70262	0.05495	0.02603	0.01060	0.00337	0.00482	0.02362	0.00771	0.00675
123	0.01666	0.04297	0.66500	0.02368	0.03596	0.01929	0.03069	0.02631	0.01754	0.02631	0.01491	0.01754	0.01052	0.00789	0.00789	0.00263	0.01228	0.00614	0.00351	0.01228
124	0.02056	0.01974	0.03372	0.05099	0.65622	0.01974	0.02550	0.02550	0.01892	0.02714	0.01563	0.02056	0.01316	0.00740	0.00822	0.00247	0.00987	0.00740	0.00411	0.01316
125	0.01549	0.00774	0.00774	0.00774	0.00968	0.00774	0.00581	0.01936	0.01742	0.03097	0.02710	0.03097	0.02129	0.00968	0.00581	0.00194	0.00387	0.00774	0.75416	0.00774
126	0.01187	0.00890	0.01335	0.01335	0.01483	0.01038	0.01038	0.01483	0.01335	0.01928	0.02225	0.03264	0.02077	0.06231	0.67512	0.01335	0.02225	0.00890	0.00445	0.00742
127	0.01102	0.00846	0.01009	0.00968	0.01196	0.00753	0.00726	0.01426	0.02178	0.02920	0.43709	0.06882	0.29570	0.01852	0.00981	0.00269	0.00403	0.01597	0.00860	0.00753
128	0.02066	0.01785	0.01878	0.01691	0.02160	0.02066	0.01315	0.04414	0.64121	0.03475	0.03381	0.03099	0.02536	0.01127	0.00845	0.00282	0.00657	0.00939	0.00845	0.01315
129	0.02504	0.02808	0.02254	0.02521	0.16311	0.37921	0.01608	0.02815	0.02094	0.02368	0.01643	0.01989	0.01360	0.01105	0.03907	0.00271	0.01222	0.00640	0.13661	0.00998
130	0.01853	0.01659	0.01651	0.01523	0.01794	0.13300	0.01175	0.11277	0.01924	0.02483	0.02061	0.02871	0.01850	0.08100	0.38768	0.00889	0.01736	0.00818	0.03395	0.00872
131	0.02506	0.02610	0.16652	0.01949	0.02683	0.02283	0.01836	0.32345	0.20959	0.04139	0.02286	0.02262	0.01659	0.00988	0.00826	0.00262	0.00910	0.00774	0.00728	0.01343
132	0.02913	0.02205	0.02355	0.01862	0.02483	0.02462	0.01520	0.49762	0.17394	0.04841	0.02305	0.02242	0.01664	0.01026	0.00834	0.00257	0.00857	0.00791	0.00834	0.01391
133	0.02085	0.02150	0.06122	0.04496	0.53529	0.04834	0.02407	0.02776	0.08231	0.02758	0.01732	0.02124	0.01417	0.00787	0.00820	0.00250	0.00987	0.00746	0.00453	0.01296
134	0.01012	0.00723	0.00964	0.01157	0.01205	0.00675	0.00771	0.01157	0.01591	0.02121	0.04579	0.70262	0.05495	0.02603	0.01060	0.00337	0.00482	0.02362	0.00771	0.00675
135	0.03122	0.03410	0.02401	0.02063	0.02571	0.45645	0.01596	0.23339	0.02876	0.03110	0.01523	0.01665	0.01185	0.00904	0.00777	0.00226	0.01302	0.00607	0.00564	0.01114
136	0.01202	0.01011	0.03575	0.00987	0.01303	0.00798	0.00797	0.01494	0.02029	0.05899	0.22145	0.07025	0.44959	0.01893	0.00966	0.00274	0.00461	0.01597	0.00804	0.00780
137	0.01549	0.00774	0.00774	0.00774	0.00968	0.00774	0.00581	0.01936	0.01742	0.03097	0.02710	0.03097	0.02129	0.00968	0.00581	0.00194	0.00387	0.00774	0.75416	0.00774
138	0.03727	0.01414	0.01928	0.01478	0.02121	0.01221	0.01221	0.04049	0.02378	0.66198	0.03277	0.02828	0.02056	0.01028	0.00835	0.00257	0.00707	0.00835	0.01028	0.01414
139	0.01682	0.01629	0.03055	0.18828	0.10089	0.01670	0.22869	0.02227	0.01866	0.02482	0.02465	0.04434	0.02325	0.01232	0.00980	0.00308	0.01090	0.19271	0.00514	0.00982
140	0.01919	0.26907	0.32263	0.02279	0.03248	0.02432	0.14941	0.02588	0.01774	0.02405	0.01415	0.01711	0.01101	0.00744	0.00741	0.00237	0.01147	0.00632	0.00367	0.01150
141	0.03645	0.01432	0.01925	0.01489	0.02123	0.01263	0.01226	0.04067	0.05441	0.63086	0.03283	0.02841	0.02080	0.01033	0.00836	0.00258	0.00704	0.00841	0.01019	0.01409
142	0.01187	0.00890	0.01335	0.01335	0.01483	0.01038	0.01038	0.01483	0.01335	0.01928	0.02225	0.03264	0.02077	0.06231	0.67512	0.01335	0.02225	0.00890	0.00445	0.00742
143	0.02295	0.41260	0.17779	0.01794	0.02557	0.17361	0.01830	0.02705	0.01852	0.02123	0.01259	0.01464	0.01064	0.00761	0.00639	0.00205	0.01101	0.00502	0.00371	0.01079
144	0.01752	0.03698	0.48562	0.02698	0.03813	0.01979	0.20406	0.02640	0.01814	0.02640	0.01546	0.01896	0.01113	0.00763	0.00845	0.00268	0.01278	0.00721	0.00371	0.01197
145	0.01176	0.00849	0.01110	0.01045	0.01241	0.00784	0.00784	0.01568	0.02352	0.03331	0.65184	0.06206	0.07839	0.01698	0.00980	0.00261	0.00392	0.01502	0.00914	0.00784
146	0.01012	0.00723	0.00964	0.01157	0.01205	0.00675	0.00771	0.01157	0.01591	0.02121	0.04579	0.70262	0.05495	0.02603	0.01060	0.00337	0.00482	0.02362	0.00771	0.00675
147	0.02056	0.01974	0.03372	0.05099	0.65622	0.01974	0.02550	0.02550	0.01892	0.02714	0.01563	0.02056	0.01316	0.00740	0.00822	0.00247	0.00987	0.00740	0.00411	0.01316
148	0.02717	0.02203	0.02706	0.03210	0.29752	0.11799	0.01906	0.13442	0.02399	0.15424	0.01926	0.02096	0.01436	0.00853	0.00806	0.00238	0.00980	0.00717	0.00611	0.04779
149	0.01187	0.00890	0.01335	0.01335	0.01483	0.01038	0.01038	0.01483	0.01335	0.01928	0.02225	0.03264	0.02077	0.06231	0.67512	0.01335	0.02225	0.00890	0.00445	0.00742
150	0.01818	0.01818	0.02545	0.02181	0.02181	0.02545	0.01818	0.01999	0.01272	0.01999	0.01091	0.01818	0.01091	0.01454	0.02726	0.00364	0.69284	0.00727	0.00364	0.00909
151	0.72282	0.01747	0.01289	0.01155	0.01664	0.05779	0.00942	0.02494	0.01470	0.03626	0.01164	0.01358	0.00910	0.00776	0.00528	0.00254	0.00694	0.00455	0.00509	0.00903
152	0.01257	0.00831	0.01042	0.01042	0.01128	0.00886	0.00713	0.01431	0.01344	0.01976	0.02489	0.04247	0.02525	0.35415	0.26848	0.00897	0.01257	0.01019	0.13017	0.00636
153	0.01511	0.01102	0.01241	0.01188	0.01520	0.01069	0.00940	0.02202	0.14602	0.08234	0.09708	0.06651	0.34207	0.01816	0.00967	0.00293	0.00545	0.10484	0.00817	0.00903
154	0.02066	0.01785	0.01878	0.01691	0.02160	0.02066	0.01315	0.04414	0.64121	0.03475	0.03381	0.03099	0.02536	0.01127	0.00845	0.00282	0.00657	0.00939	0.00845	0.01315
155	0.24178	0.01867	0.01909	0.05066	0.02270	0.02083	0.01301	0.31815	0.05706	0.04253	0.06084	0.02490	0.05510	0.01038	0.00758	0.00257	0.00771	0.00776	0.00717	0.01152
156	0.02433	0.02719	0.02898	0.03669	0.35015	0.27126	0.02113	0.02788	0.02006	0.02381	0.01408	0.01818	0.01199	0.00857	0.00988	0.00246	0.08126	0.00660	0.00413	0.01139
157	0.01032	0.00829	0.00921	0.00929	0.01161	0.00718	0.00685	0.01279	0.01967	0.02492	0.21664	0.15133	0.44136	0.02067	0.00991	0.00283	0.00421	0.01767	0.00806	0.00718
158	0.01176	0.00849	0.01110	0.01045	0.01241	0.00784	0.00784	0.01568	0.02352	0.03331	0.65184	0.06206	0.07839	0.01698	0.00980	0.00261	0.00392	0.01502	0.00914	0.00784
159	0.02059	0.01928	0.03011	0.04276	0.50290	0.01996	0.02251	0.03000	0.16926	0.02898	0.02002	0.02308	0.01611	0.00834	0.00828	0.00255	0.00907	0.00788	0.00516	0.01316
160	0.01012	0.00723	0.00964	0.01157	0.01205	0.00675	0.00771	0.01157	0.01591	0.02121	0.04579	0.70262	0.05495	0.02603	0.01060	0.00337	0.00482	0.02362	0.00771	0.00675
161	0.12108	0.01294	0.01584	0.01274	0.01800	0.01199	0.01039	0.03380	0.02118	0.44467	0.02892	0.02708	0.01932	0.00983	0.00739	0.00243	0.00627	0.00775	0.17629	0.01208
162	0.01008	0.00737	0.00949	0.01118	0.01195	0.00678	0.00754	0.01161	0.01627	0.02136	0.05045	0.62691	0.12764	0.02542	0.01051	0.00330	0.00475	0.02288	0.00771	0.00678
163	0.02033	0.01950	0.03330	0.08103	0.62798	0.01968	0.02538	0.02529	0.01881	0.02686	0.01559	0.02064	0.01306	0.00744	0.00823	0.00248	0.00993	0.00740	0.00409	0.01297
164	0.01012	0.00723	0.00964	0.01157	0.01205	0.00675	0.00771	0.01157	0.01591	0.02121	0.04579	0.70262	0.05495	0.02603	0.01060	0.00337	0.00482	0.02362	0.00771	0.00675
165	0.03158	0.02327	0.02493	0.01911	0.02576	0.02576	0.01579	0.62852	0.03906	0.05236	0.01995	0.01995	0.01413	0.00997	0.00831	0.00249	0.00914	0.00748	0.00831	0.01413
166	0.01723	0.01477	0.01723	0.01230	0.01969	0.01107	0.00984	0.02092	0.01723	0.02707	0.01477	0.01723	0.01230	0.00615	0.00615	0.00123	0.00615	0.00492	0.00492	0.75883
167	0.02802	0.02150	0.02293	0.01840	0.02441	0.02410	0.01493	0.43821	0.23516	0.04662	0.02446	0.02354	0.01779	0.01040	0.00836	0.00260	0.00831	0.00810	0.00836	0.01381
168	0.01678	0.01588	0.02689	0.54537	0.19139	0.01874	0.02361	0.02218	0.01713	0.02255	0.01496	0.02179	0.01154	0.00810	0.00829	0.00270	0.01080	0.00739	0.00379	0.01011
169	0.01829	0.23936	0.48285	0.02090	0.03167	0.02327	0.02586	0.02589	0.01735	0.02433	0.01392	0.01630	0.01056	0.00766	0.00714	0.00238	0.01128	0.00564	0.00352	0.01180
170	0.02050	0.01757	0.02095	0.02523	0.21589	0.09454	0.01515	0.02646	0.09785	0.10132	0.09995	0.03963	0.16521	0.01240	0.00870	0.00257	0.00788	0.01056	0.00672	0.01092
171	0.01012	0.00723	0.00964	0.01157	0.01205	0.00675	0.00771	0.01157	0.01591	0.02121	0.04579	0.70262	0.05495	0.02603	0.01060	0.00337	0.00482	0.02362	0.00771	0.00675
172	0.02066	0.01785	0.01878	0.01691	0.02160	0.02066	0.01315	0.04414	0.64121	0.03475	0.03381	0.03099	0.02536	0.01127	0.00845	0.00282	0.00657	0.00939	0.00845	0.01315
173	0.01801	0.03494	0.44684	0.03312	0.25031	0.01945	0.02890	0.02603	0.01802	0.02660	0.01516	0.01858	0.01143	0.00772	0.00801	0.00257	0.01145	0.00658	0.00372	0.01258
174	0.01707	0.01618	0.02741	0.50735	0.22714	0.01882	0.02376	0.02244	0.01727	0.02290	0.01501	0.02170	0.01167	0.00805	0.00828	0.00268	0.01073	0.00739	0.00381	0.01034
175	0.01012	0.00723	0.00964	0.01157	0.01205	0.00675	0.00771	0.01157	0.01591	0.02121	0.04579	0.70262	0.05495	0.02603	0.01060	0.00337	0.00482	0.02362	0.00771	0.00675
176	0.47702	0.02044	0.08386	0.01920	0.02597	0.01940	0.19257	0.02524	0.01606	0.03311	0.01342	0.01649	0.01020	0.00752	0.00677	0.00264	0.00920	0.00621	0.00471	0.00995
177	0.01147	0.00780	0.00924	0.00984	0.00999	0.00765	0.00587	0.01192	0.01327	0.01769	0.03228	0.25607	0.03790	0.49583	0.03243	0.00660	0.00705	0.01567	0.00587	0.00557
178	0.25091	0.02875	0.28982	0.02362	0.06074	0.01951	0.16123	0.02575	0.01702	0.02983	0.01434	0.01755	0.01065	0.00761	0.00749	0.00264	0.01074	0.00653	0.00420	0.01105
179	0.06394	0.02275	0.02319	0.01845	0.02457	0.05535	0.01502	0.46890	0.14344	0.04702	0.02166	0.02136	0.01571	0.01003	0.00815	0.00254	0.00884	0.00758	0.00800	0.01350
180	0.02782	0.10169	0.02585	0.02077	0.02455	0.49332	0.01626	0.02995	0.02091	0.02019	0.01236	0.01540	0.01073	0.00951	0.01089	0.00238	0.13807	0.00561	0.00409	0.00963
181	0.01726	0.03817	0.52595	0.02562	0.03665	0.01988	0.13659	0.02608	0.01769	0.02608	0.01507	0.01844	0.01091	0.00803	0.00911	0.00271	0.04333	0.00685	0.00364	0.01194
182	0.01822	0.02407	0.14649	0.16891	0.04400	0.02040	0.37048	0.02511	0.01830	0.02511	0.01578	0.02133	0.01185	0.00779	0.01001	0.00281	0.04596	0.00856	0.00395	0.01087
183	0.03640	0.01433	0.01925	0.01489	0.02123	0.01265	0.01226	0.04068	0.05627	0.62896	0.03283	0.02842	0.02082	0.01033	0.00836	0.00258	0.00704	0.00841	0.01019	0.01409
184	0.02246	0.02050	0.03271	0.04246	0.46542	0.02096	0.07160	0.13426	0.05069	0.03195	0.01732	0.02107	0.01384	0.00800	0.00838	0.00251	0.00992	0.00770	0.00507	0.01317
185	0.02047	0.04698	0.01655	0.01414	0.01793	0.01320	0.01145	0.02813	0.15956	0.18104	0.10187	0.12418	0.07572	0.01611	0.00937	0.00296	0.00642	0.13502	0.00843	0.01048
186	0.01322	0.01130	0.01472	0.01333	0.01490	0.01279	0.01053	0.01615	0.01942	0.02716	0.34660	0.05302	0.17875	0.01712	0.01489	0.00295	0.20460	0.01329	0.00724	0.00803
187	0.01008	0.00737	0.00949	0.01118	0.01195	0.00678	0.00754	0.01161	0.01627	0.02136	0.05045	0.62691	0.12764	0.02542	0.01051	0.00330	0.00475	0.02288	0.00771	0.00678
188	0.01875	0.02397	0.12783	0.02933	0.03566	0.02215	0.35401	0.02451	0.01718	0.02451	0.01471	0.02041	0.01179	0.00947	0.01496	0.00304	0.22460	0.00850	0.00393	0.01070
189	0.17223	0.02113	0.05335	0.03998	0.46330	0.06005	0.02177	0.02578	0.01818	0.02874	0.01460	0.01867	0.01206	0.00756	0.00754	0.00247	0.00958	0.00664	0.00431	0.01206
190	0.01432	0.00802	0.00907	0.00907	0.01068	0.00833	0.00667	0.01753	0.01592	0.02672	0.02597	0.03416	0.02227	0.10558	0.15008	0.00506	0.00822	0.00851	0.50645	0.00735
191	0.01008	0.00737	0.00949	0.01118	0.01195	0.00678	0.00754	0.01161	0.01627	0.02136	0.05045	0.62691	0.12764	0.02542	0.01051	0.00330	0.00475	0.02288	0.00771	0.00678
192	0.02406	0.01776	0.01964	0.01653	0.02107	0.01928	0.01302	0.40179	0.05492	0.04137	0.02903	0.24601	0.02806	0.01533	0.00907	0.00280	0.00761	0.01289	0.00812	0.01165
193	0.00982	0.00842	0.00842	0.00842	0.01122	0.00701	0.00631	0.01192	0.01894	0.02244	0.08416	0.07995	0.65285	0.02104	0.00982	0.00281	0.00421	0.01753	0.00771	0.00701
194	0.02447	0.04606	0.01945	0.01582	0.02097	0.01833	0.01261	0.04078	0.42476	0.19498	0.03509	0.03197	0.05463	0.01132	0.00836	0.00271	0.00668	0.00932	0.00868	0.01299
195	0.02056	0.01974	0.03372	0.05099	0.65622	0.01974	0.02550	0.02550	0.01892	0.02714	0.01563	0.02056	0.01316	0.00740	0.00822	0.00247	0.00987	0.00740	0.00411	0.01316
196	0.01816	0.01435	0.01663	0.01351	0.01873	0.01288	0.01047	0.14514	0.02140	0.03065	0.02488	0.21738	0.02510	0.01274	0.00790	0.00212	0.00639	0.01090	0.00644	0.38424
197	0.01007	0.00743	0.00943	0.01103	0.01191	0.00679	0.00747	0.01163	0.01642	0.02142	0.05229	0.59715	0.15622	0.02518	0.01047	0.00328	0.00472	0.02259	0.00771	0.00679
198	0.01066	0.00845	0.00958	0.00930	0.01174	0.00737	0.00697	0.01355	0.02092	0.02715	0.32992	0.07220	0.40415	0.01928	0.00981	0.00272	0.00408	0.01645	0.00833	0.00737
199	0.02673	0.06273	0.02545	0.19555	0.03377	0.23869	0.01771	0.24026	0.02686	0.03186	0.01579	0.01854	0.01201	0.00892	0.00788	0.00241	0.01157	0.00659	0.00551	0.01117
200	0.02221	0.71304	0.04353	0.01421	0.02132	0.03287	0.01421	0.02488	0.01688	0.01955	0.01155	0.01333	0.01066	0.00711	0.00533	0.00178	0.00888	0.00444	0.00355	0.01066
201	0.00988	0.00817	0.00867	0.00907	0.01139	0.00696	0.00660	0.01185	0.01830	0.02218	0.07614	0.21004	0.52794	0.02208	0.00998	0.00292	0.00434	0.01880	0.00771	0.00696
202	0.03158	0.02327	0.02493	0.01911	0.02576	0.02576	0.01579	0.62852	0.03906	0.05236	0.01995	0.01995	0.01413	0.00997	0.00831	0.00249	0.00914	0.00748	0.00831	0.01413
203	0.01757	0.01618	0.02681	0.17501	0.38686	0.01681	0.02103	0.02240	0.01946	0.02729	0.15796	0.03019	0.02733	0.00974	0.00859	0.00256	0.00879	0.00911	0.00515	0.01115
204	0.01849	0.01595	0.01670	0.01520	0.01952	0.01792	0.01178	0.03768	0.51630	0.03228	0.04392	0.04082	0.15132	0.01323	0.00873	0.00282	0.00610	0.01103	0.00830	0.01192
205	0.01004	0.00849	0.00872	0.00884	0.01159	0.00717	0.00675	0.01225	0.01895	0.02259	0.08167	0.08080	0.61539	0.02116	0.00992	0.00287	0.00442	0.05361	0.00771	0.00705
206	0.01666	0.04297	0.66500	0.02368	0.03596	0.01929	0.03069	0.02631	0.01754	0.02631	0.01491	0.01754	0.01052	0.00789	0.00789	0.00263	0.01228	0.00614	0.00351	0.01228
207	0.01730	0.01650	0.02983	0.18403	0.13886	0.01700	0.19544	0.04817	0.01911	0.02563	0.02376	0.11759	0.02270	0.01215	0.00947	0.00294	0.01038	0.09386	0.00518	0.01013
208	0.02457	0.02550	0.01934	0.01720	0.02066	0.31360	0.01284	0.14640	0.02287	0.02572	0.01841	0.02695	0.01699	0.17207	0.09662	0.00490	0.01313	0.00772	0.00528	0.00924
209	0.20677	0.06436	0.02331	0.02293	0.11719	0.38666	0.01566	0.02950	0.02025	0.02540	0.01288	0.01537	0.01065	0.00811	0.00693	0.00227	0.01185	0.00541	0.00443	0.01006
210	0.01549	0.00774	0.00774	0.00774	0.00968	0.00774	0.00581	0.01936	0.01742	0.03097	0.02710	0.03097	0.02129	0.00968	0.00581	0.00194	0.00387	0.00774	0.75416	0.00774
211	0.02947	0.15869	0.02708	0.02013	0.02491	0.56119	0.01573	0.03171	0.02236	0.02019	0.01261	0.01469	0.01069	0.00830	0.00711	0.00208	0.01390	0.00519	0.00415	0.00981
212	0.01208	0.00805	0.00906	0.00906	0.00906	0.00805	0.00503	0.01208	0.01208	0.01611	0.02618	0.05436	0.03020	0.70804	0.04228	0.00805	0.00805	0.01208	0.00503	0.00503
213	0.02097	0.02312	0.22664	0.01979	0.06412	0.01493	0.01885	0.02824	0.07441	0.16445	0.02663	0.06120	0.02243	0.01177	0.00860	0.00271	0.00879	0.10819	0.00646	0.08770
214	0.02068	0.52768	0.21545	0.01683	0.02537	0.02912	0.01877	0.02527	0.01706	0.02142	0.01248	0.01449	0.01062	0.00732	0.00604	0.00201	0.00982	0.00491	0.00354	0.01111
215	0.02056	0.01974	0.03372	0.05099	0.65622	0.01974	0.02550	0.02550	0.01892	0.02714	0.01563	0.02056	0.01316	0.00740	0.00822	0.00247	0.00987	0.00740	0.00411	0.01316
216	0.01382	0.00904	0.01119	0.01033	0.01298	0.00805	0.00786	0.01716	0.02228	0.09421	0.43187	0.06357	0.23142	0.01742	0.00966	0.00266	0.00432	0.01504	0.00886	0.00825

[dist]
# distance from previous block
# <min> <max>
0	0

# created by:
# /home/cegg/simao/soft/augustus-3.2.1/scripts/msa2prfl.pl ./align_prep/11184.fa
