[name]
unknown

[dist]
# distance from previous block
# <min> <max>
0	0

[block]
# block no. 0 follows, 22 sequences, length 27
# corresponding to MSA columns:
# 0-26
name=unknown_A
#
# <colnr> <probs for GDERKNQSTAVLIFYWHMCP>
#	G	D	E	R	K	N	Q	S	T	A	V	L	I	F	Y	W	H	M	C	P
0	0.01339	0.00956	0.01339	0.01530	0.01721	0.00956	0.01339	0.01721	0.01912	0.02486	0.04399	0.09371	0.04781	0.02295	0.01147	0.00382	0.00765	0.60031	0.00765	0.00765
1	0.02017	0.02005	0.03636	0.07489	0.51018	0.01993	0.14360	0.02553	0.01895	0.02679	0.01582	0.02099	0.01296	0.00736	0.00854	0.00255	0.01073	0.00787	0.00411	0.01261
2	0.06814	0.01711	0.02710	0.33011	0.29255	0.01917	0.02227	0.02508	0.06988	0.02581	0.01650	0.02168	0.01298	0.00815	0.00807	0.00264	0.00990	0.00737	0.00436	0.01112
3	0.01007	0.00781	0.00905	0.01000	0.01154	0.00693	0.00695	0.01175	0.01714	0.02156	0.06272	0.38600	0.33094	0.05325	0.01161	0.00331	0.00468	0.02030	0.00760	0.00680
4	0.08179	0.01901	0.02152	0.01680	0.02311	0.01992	0.01381	0.32580	0.08049	0.27302	0.02520	0.02346	0.01705	0.01004	0.00813	0.00255	0.00799	0.00776	0.00883	0.01371
5	0.02083	0.33849	0.33544	0.01874	0.02823	0.02475	0.02184	0.02684	0.01776	0.07574	0.01489	0.01655	0.01141	0.00774	0.00679	0.00225	0.01034	0.00557	0.00409	0.01171
6	0.01165	0.00787	0.00919	0.00961	0.00971	0.00777	0.00562	0.01197	0.01292	0.01722	0.03046	0.19613	0.03561	0.55889	0.03536	0.00703	0.00735	0.01460	0.00562	0.00541
7	0.01187	0.00890	0.01335	0.01335	0.01483	0.01038	0.01038	0.01483	0.01335	0.01928	0.02225	0.03264	0.02077	0.06231	0.67512	0.01335	0.02225	0.00890	0.00445	0.00742
8	0.02931	0.01496	0.01823	0.01500	0.02054	0.01471	0.01206	0.03944	0.23703	0.39324	0.03729	0.03339	0.07334	0.01149	0.00851	0.00268	0.00667	0.00946	0.00944	0.01322
9	0.01188	0.00884	0.01303	0.01303	0.01441	0.01021	0.00999	0.01463	0.01326	0.01905	0.02254	0.03424	0.02147	0.11011	0.62827	0.01296	0.02120	0.00914	0.00449	0.00724
10	0.03158	0.02327	0.02493	0.01911	0.02576	0.02576	0.01579	0.62852	0.03906	0.05236	0.01995	0.01995	0.01413	0.00997	0.00831	0.00249	0.00914	0.00748	0.00831	0.01413
11	0.01737	0.01582	0.02606	0.13361	0.38459	0.01623	0.02046	0.02200	0.01929	0.02698	0.13232	0.06033	0.02849	0.01103	0.00883	0.00266	0.00863	0.04894	0.00533	0.01101
12	0.02224	0.49591	0.16332	0.01699	0.02475	0.11144	0.01769	0.02621	0.01785	0.02098	0.01237	0.01436	0.01064	0.00745	0.00611	0.00199	0.01032	0.00489	0.00364	0.01085
13	0.01797	0.02054	0.12159	0.11938	0.36441	0.01751	0.02358	0.02345	0.01847	0.02583	0.02100	0.03471	0.01933	0.01065	0.00883	0.00280	0.00994	0.12391	0.00467	0.01145
14	0.03051	0.02223	0.02379	0.01836	0.02469	0.02456	0.01512	0.58791	0.03762	0.05093	0.02042	0.02068	0.01461	0.00995	0.00814	0.00246	0.00879	0.00750	0.05804	0.01370
15	0.02236	0.01518	0.01690	0.01479	0.01951	0.01611	0.01162	0.03711	0.38058	0.17546	0.04327	0.03980	0.14506	0.01293	0.00869	0.00276	0.00623	0.01072	0.00873	0.01219
16	0.03064	0.01920	0.02174	0.01727	0.02338	0.02044	0.01407	0.30952	0.18074	0.23162	0.02718	0.02514	0.01879	0.01038	0.00836	0.00260	0.00789	0.00821	0.00894	0.01389
17	0.01150	0.00842	0.01038	0.00993	0.01173	0.00774	0.00719	0.01456	0.02111	0.02908	0.47078	0.06373	0.16127	0.11939	0.01459	0.00344	0.00457	0.01498	0.00832	0.00730
18	0.01198	0.00801	0.00909	0.00919	0.00922	0.00798	0.00518	0.01205	0.01228	0.01638	0.02722	0.08895	0.03152	0.67166	0.04059	0.00780	0.00788	0.01270	0.00518	0.00513
19	0.02905	0.03544	0.02263	0.02054	0.02490	0.54970	0.01550	0.03527	0.14158	0.02309	0.01685	0.01804	0.01350	0.00908	0.00767	0.00227	0.01337	0.00612	0.00508	0.01030
20	0.01057	0.00813	0.01096	0.01173	0.01296	0.00746	0.03234	0.01228	0.01640	0.02134	0.05088	0.51009	0.16929	0.06887	0.01249	0.00354	0.00528	0.02110	0.00739	0.00687
21	0.01949	0.01848	0.03056	0.18966	0.47194	0.01953	0.02396	0.02606	0.06872	0.02644	0.01691	0.02176	0.01368	0.00792	0.00826	0.00256	0.00987	0.00756	0.00437	0.01229
22	0.02015	0.01932	0.03298	0.10489	0.60554	0.01963	0.02529	0.02513	0.01872	0.02664	0.01555	0.02070	0.01298	0.00748	0.00823	0.00249	0.00997	0.00740	0.00408	0.01283
23	0.02120	0.02245	0.06069	0.04678	0.55400	0.07272	0.04901	0.02620	0.01926	0.02653	0.01542	0.02005	0.01282	0.00750	0.00821	0.00246	0.01055	0.00728	0.00410	0.01276
24	0.01882	0.03259	0.45349	0.02001	0.02959	0.01621	0.02390	0.02650	0.01952	0.12117	0.13094	0.02705	0.02408	0.00986	0.00830	0.00262	0.01002	0.00805	0.00551	0.01176
25	0.01712	0.07028	0.59316	0.02410	0.03587	0.02000	0.07358	0.02627	0.01766	0.02604	0.01490	0.01771	0.01068	0.00779	0.00792	0.00261	0.01226	0.00633	0.00356	0.01213
26	0.01574	0.01980	0.11111	0.01547	0.04607	0.10937	0.01304	0.02168	0.09456	0.02440	0.05427	0.05258	0.35896	0.01547	0.00895	0.00267	0.00753	0.01262	0.00651	0.00919

[dist]
# distance from previous block
# <min> <max>
1	3

[block]
# block no. 1 follows, 22 sequences, length 43
# corresponding to MSA columns:
# 30-72
name=unknown_B
#
# <colnr> <probs for GDERKNQSTAVLIFYWHMCP>
#	G	D	E	R	K	N	Q	S	T	A	V	L	I	F	Y	W	H	M	C	P
0	0.01976	0.01855	0.02978	0.04176	0.50428	0.01767	0.02176	0.02440	0.01851	0.02712	0.01542	0.01976	0.01296	0.00710	0.00773	0.00217	0.00898	0.00681	0.00431	0.19116
1	0.02056	0.01974	0.03372	0.05099	0.65622	0.01974	0.02550	0.02550	0.01892	0.02714	0.01563	0.02056	0.01316	0.00740	0.00822	0.00247	0.00987	0.00740	0.00411	0.01316
2	0.02288	0.06404	0.16347	0.01791	0.02471	0.05973	0.01704	0.19506	0.14567	0.06589	0.05667	0.02902	0.07980	0.01092	0.00824	0.00256	0.00886	0.00861	0.00684	0.01209
3	0.01712	0.04025	0.59108	0.02688	0.10858	0.01935	0.03009	0.02621	0.01770	0.02641	0.01499	0.01789	0.01083	0.00784	0.00793	0.00261	0.01200	0.00629	0.00358	0.01238
4	0.01891	0.01600	0.01637	0.01543	0.01876	0.07488	0.01203	0.13577	0.15992	0.03106	0.06300	0.20229	0.07026	0.01703	0.00949	0.00299	0.00733	0.11077	0.00772	0.01000
5	0.19183	0.02326	0.01982	0.01645	0.02172	0.15731	0.01318	0.29976	0.02779	0.03985	0.01745	0.01878	0.01312	0.00914	0.00715	0.00237	0.00914	0.00641	0.09415	0.01131
6	0.01443	0.00722	0.01082	0.01082	0.01082	0.00722	0.00722	0.01082	0.01082	0.01443	0.01443	0.02525	0.01443	0.02886	0.03247	0.75830	0.00722	0.00722	0.00361	0.00361
7	0.01315	0.01036	0.01535	0.11265	0.08197	0.01068	0.01323	0.01631	0.01750	0.02329	0.07079	0.27476	0.04227	0.06153	0.01219	0.00358	0.00722	0.19852	0.00669	0.00796
8	0.09789	0.30944	0.07747	0.02751	0.23646	0.05013	0.01883	0.02526	0.01742	0.02443	0.01318	0.01632	0.01134	0.00767	0.00740	0.00224	0.03603	0.00571	0.00393	0.01134
9	0.02101	0.02075	0.03276	0.07398	0.59475	0.05934	0.02483	0.02579	0.01911	0.02650	0.01542	0.02028	0.01293	0.00751	0.00818	0.00246	0.01023	0.00728	0.00411	0.01279
10	0.01038	0.00757	0.00978	0.01106	0.01203	0.00697	0.00760	0.01234	0.01756	0.02349	0.15787	0.52699	0.11785	0.02392	0.01038	0.00318	0.00460	0.02148	0.00797	0.00697
11	0.01321	0.00843	0.01105	0.01105	0.01262	0.00928	0.00840	0.01634	0.01477	0.02340	0.02425	0.03325	0.02149	0.07928	0.39377	0.00886	0.01470	0.00865	0.27978	0.00740
12	0.02007	0.01397	0.01564	0.01371	0.01707	0.01487	0.01056	0.26128	0.02508	0.03484	0.03049	0.17632	0.06052	0.04868	0.04890	0.04097	0.00761	0.01186	0.13785	0.00971
13	0.01907	0.22859	0.45382	0.02092	0.03128	0.06274	0.02524	0.02633	0.01772	0.02407	0.01385	0.01622	0.01057	0.00772	0.00716	0.00236	0.01150	0.00562	0.00357	0.01167
14	0.01199	0.00843	0.01098	0.01098	0.01164	0.00910	0.00743	0.01331	0.01265	0.01753	0.02442	0.04465	0.02598	0.41934	0.32522	0.01042	0.01440	0.01066	0.00477	0.00610
15	0.05913	0.04145	0.62804	0.02296	0.03483	0.01926	0.02947	0.02620	0.01735	0.02693	0.01472	0.01731	0.01044	0.00788	0.00774	0.00263	0.01195	0.00605	0.00360	0.01209
16	0.09125	0.02338	0.02939	0.04016	0.44723	0.14569	0.02172	0.05502	0.02031	0.02794	0.01492	0.01882	0.01235	0.00777	0.00781	0.00242	0.01050	0.00675	0.00443	0.01215
17	0.01786	0.01504	0.01595	0.01441	0.01851	0.01651	0.01118	0.06601	0.40311	0.03265	0.10152	0.04491	0.17937	0.01405	0.00889	0.00278	0.00591	0.01174	0.00833	0.01125
18	0.02056	0.01974	0.03372	0.05099	0.65622	0.01974	0.02550	0.02550	0.01892	0.02714	0.01563	0.02056	0.01316	0.00740	0.00822	0.00247	0.00987	0.00740	0.00411	0.01316
19	0.02602	0.02774	0.02575	0.02985	0.22996	0.30491	0.01838	0.03310	0.13723	0.05875	0.01870	0.02048	0.01475	0.00878	0.00795	0.00240	0.01134	0.00693	0.00532	0.01167
20	0.02168	0.45769	0.09711	0.02416	0.17440	0.05579	0.01849	0.02551	0.01771	0.02201	0.01288	0.01551	0.01125	0.00731	0.00635	0.00204	0.00969	0.00534	0.00371	0.01136
21	0.02066	0.01785	0.01878	0.01691	0.02160	0.02066	0.01315	0.04414	0.64121	0.03475	0.03381	0.03099	0.02536	0.01127	0.00845	0.00282	0.00657	0.00939	0.00845	0.01315
22	0.19186	0.01002	0.01085	0.01085	0.01248	0.01089	0.00759	0.01555	0.01346	0.02267	0.02494	0.14277	0.02699	0.29003	0.16806	0.00717	0.01029	0.01140	0.00536	0.00678
23	0.01966	0.17524	0.33554	0.02283	0.08663	0.02275	0.02306	0.06203	0.12204	0.02781	0.01768	0.01930	0.01345	0.00836	0.00750	0.00246	0.01023	0.00651	0.00466	0.01227
24	0.01187	0.00890	0.01335	0.01335	0.01483	0.01038	0.01038	0.01483	0.01335	0.01928	0.02225	0.03264	0.02077	0.06231	0.67512	0.01335	0.02225	0.00890	0.00445	0.00742
25	0.01112	0.00806	0.00972	0.00998	0.01119	0.00749	0.00677	0.01305	0.01775	0.02379	0.23615	0.21594	0.15910	0.21048	0.01896	0.00433	0.00532	0.01670	0.00742	0.00666
26	0.02426	0.01963	0.02081	0.01763	0.02297	0.02234	0.01402	0.23649	0.44301	0.04055	0.02925	0.02736	0.02166	0.01084	0.00841	0.00271	0.00742	0.00876	0.00841	0.01347
27	0.01555	0.08392	0.09189	0.01323	0.01758	0.07640	0.01185	0.04677	0.02158	0.02767	0.26129	0.05083	0.21998	0.01500	0.00886	0.00254	0.00677	0.01241	0.00703	0.00886
28	0.01956	0.01889	0.03247	0.07670	0.55053	0.01889	0.05785	0.02444	0.01885	0.02652	0.02028	0.02475	0.05619	0.00834	0.00842	0.00252	0.00978	0.00822	0.00434	0.01245
29	0.02058	0.01932	0.03042	0.04347	0.51616	0.01994	0.02277	0.02961	0.15626	0.02882	0.01964	0.02286	0.01585	0.00826	0.00827	0.00254	0.00914	0.00784	0.00507	0.01316
30	0.09603	0.02306	0.02253	0.05822	0.06272	0.16521	0.01581	0.19741	0.02378	0.03162	0.01934	0.02221	0.05033	0.01297	0.04064	0.00314	0.13137	0.00734	0.00557	0.01070
31	0.02041	0.02395	0.16296	0.02643	0.10042	0.01946	0.17179	0.16772	0.02266	0.03144	0.01908	0.05147	0.01563	0.01692	0.10709	0.00424	0.01284	0.00868	0.00522	0.01159
32	0.01425	0.00776	0.01123	0.01165	0.01217	0.00776	0.00850	0.01268	0.01300	0.01760	0.02161	0.04066	0.02216	0.02655	0.02644	0.55228	0.00714	0.13814	0.04370	0.00472
33	0.02048	0.01995	0.03495	0.04971	0.60690	0.01984	0.07383	0.02559	0.01897	0.02710	0.01572	0.02071	0.01311	0.00737	0.00835	0.00249	0.01020	0.00760	0.00412	0.01300
34	0.02231	0.20696	0.08467	0.01864	0.05785	0.26886	0.01536	0.02542	0.02002	0.02151	0.02807	0.02897	0.14789	0.01072	0.00750	0.00225	0.01056	0.00790	0.00474	0.00978
35	0.02127	0.02108	0.03303	0.04899	0.61368	0.06393	0.02486	0.02601	0.01923	0.02668	0.01544	0.02018	0.01299	0.00748	0.00817	0.00245	0.01021	0.00726	0.00412	0.01292
36	0.01124	0.00787	0.00959	0.01025	0.01073	0.00774	0.00650	0.01213	0.01397	0.01856	0.03647	0.27649	0.07988	0.37160	0.08433	0.00656	0.00792	0.01613	0.00608	0.00596
37	0.02678	0.02653	0.02143	0.01883	0.02340	0.28351	0.01494	0.22782	0.05508	0.03307	0.05645	0.03297	0.02236	0.01200	0.00859	0.00259	0.01085	0.10534	0.00663	0.01085
38	0.02317	0.27440	0.08033	0.08597	0.16691	0.06969	0.01913	0.13679	0.02190	0.02798	0.01463	0.01737	0.01188	0.00797	0.00712	0.00224	0.01001	0.00611	0.00461	0.01177
39	0.01722	0.01186	0.01347	0.01216	0.01478	0.01213	0.00903	0.17531	0.02139	0.02844	0.03814	0.11931	0.17340	0.08241	0.01721	0.16995	0.00658	0.01215	0.05708	0.00798
40	0.02643	0.02753	0.02838	0.03425	0.30896	0.25559	0.02024	0.14429	0.02445	0.02955	0.01546	0.01844	0.01246	0.00831	0.00798	0.00236	0.01156	0.00668	0.00498	0.01208
41	0.01619	0.01145	0.01301	0.01216	0.01389	0.01191	0.00835	0.15909	0.01960	0.02619	0.03020	0.22824	0.03332	0.34984	0.02528	0.00541	0.00741	0.01422	0.00657	0.00769
42	0.02011	0.01470	0.01783	0.16175	0.02627	0.01549	0.01300	0.18125	0.02293	0.03376	0.02021	0.02357	0.01548	0.00880	0.00708	0.00214	0.00728	0.00707	0.25284	0.14843

[dist]
# distance from previous block
# <min> <max>
0	1

[block]
# block no. 2 follows, 22 sequences, length 39
# corresponding to MSA columns:
# 74-112
name=unknown_C
#
# <colnr> <probs for GDERKNQSTAVLIFYWHMCP>
#	G	D	E	R	K	N	Q	S	T	A	V	L	I	F	Y	W	H	M	C	P
0	0.01338	0.00950	0.01257	0.01216	0.01325	0.01099	0.00910	0.01575	0.01386	0.02112	0.02288	0.03548	0.02187	0.18875	0.32201	0.00869	0.08982	0.00918	0.16250	0.00714
1	0.01230	0.00805	0.00905	0.00903	0.00924	0.00802	0.00520	0.01273	0.01292	0.01783	0.05193	0.05308	0.03157	0.63192	0.03846	0.00741	0.00760	0.01191	0.05642	0.00533
2	0.02128	0.02110	0.03302	0.04897	0.61309	0.06454	0.02485	0.02602	0.01923	0.02667	0.01544	0.02018	0.01299	0.00748	0.00817	0.00244	0.01022	0.00726	0.00412	0.01292
3	0.01401	0.00933	0.01115	0.01065	0.01199	0.00986	0.00765	0.03856	0.01734	0.02605	0.15712	0.07838	0.03651	0.21062	0.06440	0.00478	0.05366	0.01136	0.21934	0.00726
4	0.02267	0.27021	0.20878	0.01901	0.02631	0.22542	0.01912	0.02715	0.01888	0.02166	0.01362	0.01633	0.01133	0.01155	0.05252	0.00292	0.01263	0.00550	0.00383	0.01057
5	0.02703	0.13507	0.02691	0.02042	0.02422	0.44329	0.01622	0.02918	0.02028	0.02014	0.01224	0.01541	0.01074	0.00960	0.01132	0.00240	0.15620	0.00562	0.00404	0.00967
6	0.02904	0.02201	0.02350	0.01860	0.02479	0.02457	0.01517	0.49239	0.17933	0.04826	0.02318	0.02252	0.01674	0.01027	0.00834	0.00257	0.00854	0.00793	0.00834	0.01390
7	0.01965	0.02515	0.18078	0.04463	0.51173	0.01963	0.02671	0.02568	0.01860	0.02695	0.01546	0.01986	0.01255	0.00752	0.00815	0.00251	0.01043	0.00711	0.00397	0.01295
8	0.01369	0.11382	0.01838	0.01387	0.01612	0.01441	0.01131	0.01656	0.01385	0.01936	0.02014	0.02911	0.01882	0.05193	0.54604	0.01119	0.05100	0.00816	0.00428	0.00798
9	0.33578	0.02304	0.19612	0.06155	0.02553	0.01725	0.01661	0.02740	0.01714	0.14403	0.01667	0.01805	0.01181	0.00818	0.00675	0.00253	0.00847	0.00586	0.00549	0.05173
10	0.02298	0.02617	0.02473	0.02166	0.02326	0.26793	0.01738	0.02492	0.01676	0.02012	0.01163	0.01698	0.01083	0.01231	0.01988	0.00308	0.43967	0.00655	0.00388	0.00929
11	0.01458	0.01008	0.01143	0.01110	0.01255	0.01023	0.00752	0.10402	0.01800	0.02453	0.03416	0.22971	0.07001	0.31526	0.02344	0.00510	0.00674	0.01457	0.06977	0.00721
12	0.01723	0.01477	0.01723	0.01230	0.01969	0.01107	0.00984	0.02092	0.01723	0.02707	0.01477	0.01723	0.01230	0.00615	0.00615	0.00123	0.00615	0.00492	0.00492	0.75883
13	0.01443	0.00722	0.01082	0.01082	0.01082	0.00722	0.00722	0.01082	0.01082	0.01443	0.01443	0.02525	0.01443	0.02886	0.03247	0.75830	0.00722	0.00722	0.00361	0.00361
14	0.01187	0.00890	0.01335	0.01335	0.01483	0.01038	0.01038	0.01483	0.01335	0.01928	0.02225	0.03264	0.02077	0.06231	0.67512	0.01335	0.02225	0.00890	0.00445	0.00742
15	0.02057	0.01963	0.03287	0.04905	0.62014	0.01979	0.02479	0.02656	0.05430	0.02757	0.01666	0.02115	0.01385	0.00762	0.00824	0.00249	0.00968	0.00752	0.00436	0.01316
16	0.01954	0.01870	0.03187	0.18457	0.53063	0.01947	0.02499	0.02460	0.01843	0.02590	0.01545	0.02089	0.01272	0.00759	0.00824	0.00253	0.01012	0.00740	0.00402	0.01233
17	0.01012	0.00723	0.00964	0.01157	0.01205	0.00675	0.00771	0.01157	0.01591	0.02121	0.04579	0.70262	0.05495	0.02603	0.01060	0.00337	0.00482	0.02362	0.00771	0.00675
18	0.01188	0.00886	0.01317	0.01317	0.01459	0.01028	0.01015	0.01472	0.01330	0.01915	0.02242	0.03357	0.02118	0.09019	0.64779	0.01312	0.02164	0.00904	0.00448	0.00731
19	0.01259	0.00976	0.01548	0.01453	0.01651	0.01097	0.05223	0.01589	0.01400	0.02042	0.02214	0.03185	0.02024	0.05565	0.59314	0.01201	0.02069	0.00890	0.04531	0.00769
20	0.01646	0.00964	0.01137	0.01044	0.01376	0.00829	0.00799	0.01896	0.02027	0.17251	0.13154	0.12734	0.38270	0.01857	0.00955	0.00279	0.00490	0.01572	0.00847	0.00874
21	0.01294	0.00840	0.01063	0.01136	0.01313	0.00760	0.00825	0.01502	0.01801	0.08258	0.08636	0.41348	0.19091	0.02266	0.01023	0.00316	0.00506	0.06455	0.00803	0.00763
22	0.02008	0.01925	0.03285	0.11383	0.59714	0.01961	0.02526	0.02507	0.01869	0.02656	0.01554	0.02072	0.01295	0.00749	0.00823	0.00250	0.00999	0.00740	0.00407	0.01277
23	0.20704	0.28483	0.04923	0.09033	0.02551	0.17683	0.01487	0.02634	0.01775	0.02451	0.01232	0.01487	0.01030	0.00775	0.00620	0.00220	0.01005	0.00505	0.00413	0.00990
24	0.01502	0.01690	0.09433	0.01990	0.02343	0.01632	0.11712	0.01916	0.01473	0.02144	0.01813	0.02620	0.01619	0.03695	0.35325	0.00835	0.16110	0.00840	0.00413	0.00894
25	0.01089	0.00835	0.00932	0.00913	0.01105	0.00749	0.00644	0.01301	0.01862	0.02400	0.22913	0.06899	0.34744	0.17994	0.01738	0.00397	0.00502	0.01556	0.00749	0.00678
26	0.01212	0.00882	0.01297	0.01297	0.01448	0.01020	0.01007	0.01514	0.01363	0.02008	0.02258	0.03252	0.02080	0.05871	0.62936	0.01257	0.02100	0.00882	0.05571	0.00744
27	0.02495	0.02642	0.02964	0.03853	0.39525	0.22977	0.02156	0.08469	0.02229	0.02734	0.01514	0.01872	0.01246	0.00801	0.00800	0.00237	0.01144	0.00675	0.00456	0.01212
28	0.01026	0.00754	0.00967	0.01130	0.01222	0.00695	0.00782	0.01194	0.01655	0.02160	0.05155	0.57285	0.14591	0.02509	0.01053	0.00331	0.00489	0.05548	0.00771	0.00684
29	0.01034	0.00732	0.00958	0.01129	0.01172	0.00689	0.00741	0.01162	0.01548	0.02064	0.04361	0.63053	0.05219	0.10188	0.01413	0.00389	0.00518	0.02233	0.00741	0.00656
30	0.02664	0.06845	0.02842	0.03208	0.26115	0.39529	0.01948	0.02986	0.02145	0.02283	0.01381	0.01698	0.01162	0.00805	0.00765	0.00224	0.01274	0.00607	0.00418	0.01101
31	0.01003	0.00801	0.00898	0.00961	0.01157	0.00697	0.00687	0.01200	0.01813	0.02259	0.10100	0.29330	0.41667	0.02254	0.01009	0.00299	0.00440	0.01949	0.00779	0.00697
32	0.10723	0.01967	0.02267	0.06943	0.15693	0.07462	0.01623	0.14171	0.13027	0.09721	0.06403	0.02470	0.01983	0.00968	0.00800	0.00256	0.00861	0.00788	0.00670	0.01204
33	0.02134	0.48903	0.17314	0.01801	0.02614	0.06379	0.05962	0.02574	0.01756	0.02149	0.01268	0.01492	0.01077	0.00734	0.00629	0.00205	0.01027	0.00521	0.00363	0.01098
34	0.19181	0.02145	0.20016	0.01771	0.05541	0.01547	0.01646	0.02209	0.01662	0.07055	0.02632	0.18074	0.05855	0.01343	0.00937	0.00286	0.05475	0.01078	0.00562	0.00987
35	0.23133	0.03201	0.19978	0.02203	0.08804	0.24472	0.01909	0.02806	0.01879	0.02739	0.01334	0.01583	0.01042	0.00802	0.00702	0.00243	0.01134	0.00553	0.00429	0.01054
36	0.01966	0.02089	0.05103	0.03295	0.31984	0.13387	0.01952	0.02368	0.01950	0.02479	0.02581	0.08769	0.05149	0.01257	0.00894	0.00275	0.00983	0.11926	0.00522	0.01069
37	0.13087	0.14166	0.11106	0.07325	0.02496	0.15697	0.01603	0.02437	0.01899	0.02567	0.08820	0.03144	0.02305	0.01098	0.00770	0.00255	0.00974	0.08780	0.00513	0.00957
38	0.01796	0.09696	0.17072	0.01552	0.02097	0.01587	0.01506	0.04714	0.09969	0.05358	0.12460	0.02864	0.02541	0.01477	0.01369	0.17853	0.00798	0.00822	0.00567	0.03904

[dist]
# distance from previous block
# <min> <max>
1	32

[block]
# block no. 3 follows, 22 sequences, length 26
# corresponding to MSA columns:
# 145-170
name=unknown_D
#
# <colnr> <probs for GDERKNQSTAVLIFYWHMCP>
#	G	D	E	R	K	N	Q	S	T	A	V	L	I	F	Y	W	H	M	C	P
0	0.17079	0.02027	0.01737	0.01506	0.01921	0.16933	0.01183	0.04585	0.01851	0.02658	0.02539	0.06065	0.10979	0.01156	0.00995	0.00243	0.09985	0.00820	0.00534	0.15205
1	0.01910	0.18879	0.21860	0.02432	0.03246	0.02338	0.21274	0.02506	0.01744	0.02410	0.01423	0.01816	0.01134	0.00815	0.01016	0.00254	0.09388	0.00698	0.00382	0.04474
2	0.01654	0.01244	0.01586	0.04771	0.01877	0.01241	0.01101	0.02021	0.04097	0.08912	0.12196	0.12707	0.12877	0.01465	0.01143	0.00259	0.10913	0.01182	0.00674	0.18081
3	0.05431	0.02033	0.02453	0.05400	0.02569	0.08003	0.07867	0.22010	0.02370	0.03292	0.01713	0.02113	0.01370	0.01448	0.06483	0.00358	0.16388	0.00749	0.06874	0.01076
4	0.01644	0.01491	0.02216	0.01752	0.02271	0.01401	0.15013	0.05422	0.10917	0.02851	0.09155	0.10117	0.14630	0.01296	0.00887	0.00251	0.00746	0.01188	0.00662	0.16087
5	0.02156	0.11717	0.02771	0.02004	0.02476	0.24998	0.13015	0.02467	0.01986	0.02189	0.02992	0.03165	0.16114	0.01152	0.00996	0.00251	0.07211	0.00910	0.00491	0.00941
6	0.01744	0.10466	0.56453	0.02459	0.07568	0.02060	0.02879	0.02612	0.01757	0.02573	0.01464	0.01734	0.01071	0.00779	0.00767	0.00254	0.01180	0.00606	0.00355	0.01218
7	0.02374	0.02606	0.02971	0.08416	0.40420	0.23934	0.02216	0.02778	0.02031	0.02446	0.01463	0.01880	0.01219	0.00785	0.00798	0.00238	0.01167	0.00671	0.00414	0.01171
8	0.01974	0.01850	0.02909	0.10299	0.45385	0.01934	0.02219	0.02822	0.13911	0.02789	0.02151	0.02485	0.03819	0.00872	0.00833	0.00258	0.00914	0.00815	0.00504	0.01257
9	0.01101	0.00919	0.00970	0.00959	0.01233	0.00831	0.00717	0.01518	0.07507	0.02460	0.13642	0.11314	0.49873	0.02006	0.00974	0.00282	0.00443	0.01693	0.00793	0.00763
10	0.02551	0.02116	0.02221	0.01826	0.02352	0.05615	0.01470	0.29440	0.25314	0.03989	0.02349	0.02338	0.01763	0.01055	0.00989	0.00262	0.06969	0.00789	0.00753	0.05841
11	0.01569	0.01477	0.02492	0.68808	0.05722	0.01846	0.02307	0.02123	0.01661	0.02123	0.01477	0.02215	0.01107	0.00831	0.00831	0.00277	0.01107	0.00738	0.00369	0.00923
12	0.01614	0.13203	0.44356	0.01988	0.02903	0.01871	0.02369	0.02313	0.01711	0.02431	0.02065	0.15508	0.01950	0.01144	0.00807	0.00266	0.01029	0.00942	0.00436	0.01093
13	0.01381	0.01003	0.01102	0.01064	0.01159	0.01060	0.00667	0.01855	0.13895	0.01987	0.02772	0.04965	0.02923	0.56754	0.03546	0.00700	0.00776	0.01154	0.00572	0.00667
14	0.02049	0.01398	0.01639	0.01399	0.01798	0.01453	0.01107	0.17130	0.10614	0.10703	0.24704	0.04269	0.08880	0.01816	0.06881	0.00358	0.00756	0.01135	0.00845	0.01067
15	0.02938	0.02218	0.02369	0.01867	0.02492	0.02473	0.01526	0.51068	0.16048	0.04881	0.02274	0.02217	0.01639	0.01023	0.00834	0.00256	0.00862	0.00787	0.00834	0.01393
16	0.01264	0.01382	0.11041	0.01382	0.01656	0.01114	0.01209	0.01587	0.01366	0.01954	0.02214	0.03585	0.02161	0.21732	0.41469	0.01040	0.01716	0.00929	0.00446	0.00755
17	0.01666	0.04297	0.66500	0.02368	0.03596	0.01929	0.03069	0.02631	0.01754	0.02631	0.01491	0.01754	0.01052	0.00789	0.00789	0.00263	0.01228	0.00614	0.00351	0.01228
18	0.02946	0.03660	0.02507	0.02586	0.12064	0.57606	0.01747	0.03202	0.02285	0.02136	0.01326	0.01582	0.01107	0.00839	0.00760	0.00219	0.01421	0.00566	0.00426	0.01016
19	0.01125	0.00801	0.00917	0.00947	0.01026	0.00759	0.00596	0.01220	0.01493	0.01946	0.08306	0.17548	0.16594	0.39952	0.02781	0.00578	0.00641	0.01545	0.00633	0.00593
20	0.02335	0.62575	0.04094	0.01515	0.02189	0.11607	0.01445	0.02595	0.01774	0.01965	0.01172	0.01354	0.01067	0.00730	0.00561	0.00182	0.00967	0.00456	0.00365	0.01053
21	0.01485	0.01315	0.01302	0.01270	0.01395	0.10941	0.00891	0.01640	0.01433	0.01806	0.02254	0.03944	0.02336	0.33532	0.29908	0.00936	0.01498	0.00975	0.00468	0.00671
22	0.02258	0.02394	0.03057	0.09980	0.45649	0.17268	0.02308	0.02692	0.01980	0.02503	0.01490	0.01940	0.01240	0.00775	0.00806	0.00242	0.01117	0.00692	0.00411	0.01199
23	0.06494	0.02692	0.02385	0.11820	0.09479	0.27385	0.01724	0.14159	0.10451	0.02984	0.01737	0.01950	0.01345	0.00897	0.00784	0.00244	0.01128	0.00673	0.00551	0.01119
24	0.01822	0.01742	0.02612	0.16829	0.34789	0.05825	0.02036	0.02287	0.01980	0.02693	0.16112	0.03004	0.02754	0.00985	0.00856	0.00254	0.00907	0.00902	0.00519	0.01092
25	0.01801	0.02091	0.09354	0.03336	0.18019	0.01842	0.30813	0.02395	0.01800	0.02523	0.01746	0.02360	0.01419	0.01833	0.14343	0.00484	0.01455	0.00873	0.00417	0.01099

[dist]
# distance from previous block
# <min> <max>
4	7

[block]
# block no. 4 follows, 22 sequences, length 17
# corresponding to MSA columns:
# 178-194
name=unknown_E
#
# <colnr> <probs for GDERKNQSTAVLIFYWHMCP>
#	G	D	E	R	K	N	Q	S	T	A	V	L	I	F	Y	W	H	M	C	P
0	0.02282	0.66675	0.04216	0.01471	0.02162	0.07699	0.01434	0.02545	0.01734	0.01960	0.01164	0.01344	0.01066	0.00721	0.00548	0.00180	0.00930	0.00450	0.00360	0.01059
1	0.02715	0.01997	0.02184	0.01718	0.02278	0.02176	0.01401	0.49170	0.03559	0.04810	0.16102	0.02935	0.02847	0.01154	0.00864	0.00252	0.00798	0.00916	0.00850	0.01272
2	0.01108	0.00821	0.01050	0.01159	0.01311	0.00762	0.00873	0.01363	0.01856	0.02440	0.15987	0.33179	0.17415	0.02277	0.01050	0.00323	0.00517	0.14994	0.00795	0.00719
3	0.01602	0.01152	0.01249	0.01119	0.01318	0.01182	0.00767	0.14968	0.01936	0.02536	0.03537	0.05135	0.14029	0.42676	0.02877	0.00585	0.00759	0.01205	0.00625	0.00743
4	0.02469	0.02693	0.02178	0.04758	0.06741	0.34109	0.01544	0.10630	0.02230	0.02481	0.01655	0.02099	0.01401	0.02292	0.18487	0.00521	0.01563	0.00680	0.00483	0.00987
5	0.02056	0.01974	0.03372	0.05099	0.65622	0.01974	0.02550	0.02550	0.01892	0.02714	0.01563	0.02056	0.01316	0.00740	0.00822	0.00247	0.00987	0.00740	0.00411	0.01316
6	0.01211	0.00882	0.01297	0.01297	0.01448	0.01020	0.01007	0.01514	0.01363	0.02008	0.02258	0.03252	0.02080	0.05872	0.62957	0.01257	0.02100	0.00882	0.05547	0.00744
7	0.01975	0.01713	0.02518	0.41127	0.11416	0.01945	0.02055	0.15038	0.02168	0.02904	0.01596	0.02104	0.01207	0.00835	0.00809	0.00253	0.01007	0.00717	0.00483	0.08129
8	0.01764	0.03646	0.47519	0.02847	0.08899	0.01971	0.16318	0.02631	0.01812	0.02645	0.01539	0.01888	0.01121	0.00765	0.00835	0.00266	0.01246	0.00706	0.00371	0.01211
9	0.02050	0.02135	0.02830	0.30334	0.29875	0.13880	0.02279	0.02517	0.01883	0.02350	0.01477	0.02018	0.01187	0.00798	0.00812	0.00253	0.01129	0.00702	0.00397	0.01092
10	0.17984	0.00954	0.00998	0.01041	0.01174	0.00993	0.00692	0.01464	0.01396	0.02273	0.03021	0.28649	0.03468	0.29787	0.02220	0.00509	0.00649	0.01468	0.00605	0.00656
11	0.01807	0.01720	0.02922	0.37676	0.34993	0.01908	0.02426	0.02331	0.01774	0.02412	0.01519	0.02137	0.01209	0.00786	0.00827	0.00262	0.01049	0.00739	0.00390	0.01115
12	0.02137	0.02126	0.03294	0.04872	0.60775	0.07009	0.02477	0.02609	0.01927	0.02662	0.01541	0.02013	0.01297	0.00749	0.00817	0.00244	0.01026	0.00724	0.00413	0.01289
13	0.02179	0.02021	0.13765	0.16703	0.03138	0.01707	0.01795	0.03278	0.20446	0.16819	0.07339	0.02835	0.02248	0.01021	0.00840	0.00270	0.00853	0.00855	0.00694	0.01192
14	0.06803	0.01782	0.02934	0.26299	0.41228	0.01923	0.02359	0.02399	0.01783	0.02581	0.01507	0.02063	0.01218	0.00773	0.00805	0.00258	0.01005	0.00720	0.00404	0.01156
15	0.01878	0.26043	0.28418	0.01852	0.02674	0.02298	0.02053	0.02757	0.11378	0.02518	0.01993	0.02666	0.01700	0.00982	0.00752	0.00251	0.00974	0.07203	0.00475	0.01136
16	0.02882	0.03280	0.02269	0.01982	0.02474	0.45495	0.01517	0.11827	0.09199	0.02703	0.01629	0.01761	0.01291	0.00885	0.00760	0.00219	0.01249	0.00605	0.00536	0.07437

[dist]
# distance from previous block
# <min> <max>
1	2

[block]
# block no. 5 follows, 22 sequences, length 23
# corresponding to MSA columns:
# 197-219
name=unknown_F
#
# <colnr> <probs for GDERKNQSTAVLIFYWHMCP>
#	G	D	E	R	K	N	Q	S	T	A	V	L	I	F	Y	W	H	M	C	P
0	0.02709	0.01780	0.02136	0.04484	0.02381	0.01985	0.01452	0.15690	0.22826	0.21587	0.02671	0.02582	0.01910	0.01106	0.01103	0.00279	0.10387	0.00833	0.00808	0.01290
1	0.01261	0.00998	0.01476	0.01434	0.01565	0.01214	0.01130	0.01544	0.01328	0.01937	0.02093	0.03095	0.01962	0.05672	0.59938	0.01222	0.10065	0.00871	0.00436	0.00761
2	0.01152	0.00900	0.01097	0.01119	0.01268	0.00861	0.00783	0.01310	0.01586	0.02109	0.04606	0.35516	0.17611	0.13351	0.01628	0.00384	0.04997	0.01769	0.00677	0.07275
3	0.12154	0.02239	0.02337	0.01811	0.02458	0.02489	0.01496	0.55460	0.03601	0.05051	0.01892	0.01916	0.01350	0.00970	0.00792	0.00250	0.00881	0.00711	0.00792	0.01350
4	0.01666	0.04297	0.66500	0.02368	0.03596	0.01929	0.03069	0.02631	0.01754	0.02631	0.01491	0.01754	0.01052	0.00789	0.00789	0.00263	0.01228	0.00614	0.00351	0.01228
5	0.01569	0.01477	0.02492	0.68808	0.05722	0.01846	0.02307	0.02123	0.01661	0.02123	0.01477	0.02215	0.01107	0.00831	0.00831	0.00277	0.01107	0.00738	0.00369	0.00923
6	0.03158	0.02327	0.02493	0.01911	0.02576	0.02576	0.01579	0.62852	0.03906	0.05236	0.01995	0.01995	0.01413	0.00997	0.00831	0.00249	0.00914	0.00748	0.00831	0.01413
7	0.01966	0.02226	0.04819	0.03588	0.07654	0.02094	0.59359	0.02655	0.01957	0.02664	0.01674	0.02231	0.01263	0.00702	0.00972	0.00278	0.01378	0.00967	0.00420	0.01131
8	0.03158	0.02327	0.02493	0.01911	0.02576	0.02576	0.01579	0.62852	0.03906	0.05236	0.01995	0.01995	0.01413	0.00997	0.00831	0.00249	0.00914	0.00748	0.00831	0.01413
9	0.01666	0.04297	0.66500	0.02368	0.03596	0.01929	0.03069	0.02631	0.01754	0.02631	0.01491	0.01754	0.01052	0.00789	0.00789	0.00263	0.01228	0.00614	0.00351	0.01228
10	0.01020	0.00753	0.00935	0.01075	0.01167	0.00689	0.00724	0.01168	0.01625	0.02110	0.05215	0.53079	0.17407	0.07336	0.01269	0.00359	0.00493	0.02157	0.00752	0.00668
11	0.01320	0.01037	0.01217	0.01139	0.01405	0.01028	0.00863	0.02075	0.14756	0.03162	0.42352	0.05903	0.17228	0.01657	0.00953	0.00269	0.00451	0.01434	0.00874	0.00876
12	0.02063	0.02074	0.03091	0.17680	0.47150	0.08556	0.02405	0.02541	0.01892	0.02526	0.01517	0.02032	0.01249	0.00770	0.00817	0.00250	0.01063	0.00719	0.00404	0.01201
13	0.01569	0.01477	0.02492	0.68808	0.05722	0.01846	0.02307	0.02123	0.01661	0.02123	0.01477	0.02215	0.01107	0.00831	0.00831	0.00277	0.01107	0.00738	0.00369	0.00923
14	0.03002	0.03363	0.02497	0.02408	0.09419	0.45209	0.01702	0.17130	0.02666	0.02855	0.01480	0.01675	0.01177	0.00876	0.00776	0.00226	0.01306	0.00607	0.00520	0.01106
15	0.01364	0.01065	0.01272	0.01337	0.01560	0.01098	0.01038	0.02103	0.16439	0.02546	0.04730	0.23648	0.13473	0.05204	0.01169	0.00351	0.00615	0.19367	0.00775	0.00849
16	0.03047	0.02240	0.02403	0.01854	0.02481	0.02476	0.01518	0.59350	0.03753	0.05030	0.02030	0.02190	0.01504	0.04964	0.01024	0.00281	0.00908	0.00774	0.00812	0.01361
17	0.02724	0.02353	0.02206	0.01844	0.02380	0.15306	0.01502	0.35785	0.03089	0.03925	0.02253	0.03215	0.01943	0.01179	0.00858	0.00258	0.00986	0.11442	0.00716	0.06036
18	0.02567	0.03044	0.15137	0.01916	0.02551	0.23802	0.01745	0.21801	0.02643	0.03275	0.02102	0.02236	0.05104	0.00972	0.00782	0.00237	0.01096	0.00712	0.07149	0.01127
19	0.20964	0.01742	0.01649	0.01383	0.01868	0.04896	0.01113	0.24819	0.02584	0.03809	0.07857	0.03629	0.17925	0.01264	0.00796	0.00258	0.00712	0.00971	0.00723	0.01037
20	0.01543	0.13800	0.01806	0.01198	0.01559	0.01413	0.00965	0.08124	0.02139	0.02830	0.21794	0.16186	0.15880	0.01615	0.00876	0.00254	0.00572	0.01368	0.00727	0.05353
21	0.01750	0.01260	0.01389	0.01218	0.01595	0.01249	0.00958	0.14196	0.05983	0.03281	0.09134	0.08530	0.13552	0.01380	0.00818	0.00242	0.00572	0.04445	0.18341	0.10108
22	0.04862	0.01579	0.01666	0.01492	0.01904	0.06169	0.01205	0.16323	0.05464	0.12407	0.04015	0.10659	0.13827	0.01589	0.00926	0.00290	0.00749	0.13048	0.00791	0.01036

[dist]
# distance from previous block
# <min> <max>
3	8

[block]
# block no. 6 follows, 22 sequences, length 9
# corresponding to MSA columns:
# 228-236
name=unknown_G
#
# <colnr> <probs for GDERKNQSTAVLIFYWHMCP>
#	G	D	E	R	K	N	Q	S	T	A	V	L	I	F	Y	W	H	M	C	P
0	0.11087	0.01632	0.01833	0.01664	0.05049	0.01769	0.01267	0.27676	0.02634	0.03761	0.08152	0.03616	0.07787	0.04701	0.09187	0.00420	0.00944	0.05046	0.00709	0.01066
1	0.01375	0.01587	0.11831	0.01241	0.01714	0.01136	0.01160	0.08843	0.02160	0.02780	0.12522	0.06065	0.41034	0.01713	0.00932	0.00272	0.00609	0.01420	0.00725	0.00881
2	0.07899	0.01506	0.11851	0.01330	0.01708	0.01099	0.01210	0.01857	0.01827	0.06353	0.17751	0.12048	0.08212	0.12483	0.01440	0.00371	0.00693	0.08836	0.00686	0.00840
3	0.01809	0.13358	0.22677	0.01786	0.02414	0.12028	0.01830	0.02314	0.01921	0.02449	0.09766	0.09303	0.02861	0.01299	0.00848	0.00268	0.00978	0.10572	0.00535	0.00985
4	0.02034	0.30335	0.21027	0.01786	0.02506	0.12616	0.01851	0.02494	0.01753	0.02153	0.01445	0.01794	0.01229	0.01661	0.11619	0.00397	0.01299	0.00579	0.00380	0.01042
5	0.11611	0.01985	0.09422	0.01556	0.02073	0.07214	0.01375	0.14602	0.02235	0.09845	0.05824	0.05704	0.08692	0.02008	0.11743	0.00435	0.01065	0.00916	0.00652	0.01042
6	0.02814	0.02990	0.02332	0.07951	0.08125	0.40778	0.01632	0.03111	0.02191	0.10299	0.01597	0.01800	0.01236	0.00840	0.00759	0.00218	0.01227	0.00604	0.00504	0.08990
7	0.01994	0.07484	0.02174	0.09037	0.07852	0.12507	0.01517	0.05502	0.14918	0.02809	0.12028	0.03931	0.03035	0.01251	0.00869	0.00270	0.00878	0.10265	0.00647	0.01032
8	0.10056	0.01761	0.01973	0.02172	0.14740	0.09280	0.01388	0.07566	0.02023	0.09526	0.02462	0.19300	0.02381	0.01268	0.00817	0.00253	0.00800	0.01077	0.00627	0.10531

[dist]
# distance from previous block
# <min> <max>
16	65

[block]
# block no. 7 follows, 22 sequences, length 7
# corresponding to MSA columns:
# 302-308
name=unknown_H
#
# <colnr> <probs for GDERKNQSTAVLIFYWHMCP>
#	G	D	E	R	K	N	Q	S	T	A	V	L	I	F	Y	W	H	M	C	P
0	0.02498	0.02125	0.18084	0.01658	0.02391	0.01429	0.01637	0.03203	0.08795	0.28824	0.03060	0.03165	0.06303	0.01075	0.00828	0.00255	0.00806	0.03876	0.00749	0.09239
1	0.02553	0.02917	0.02889	0.03694	0.35678	0.33077	0.02101	0.02914	0.02111	0.02391	0.01430	0.01791	0.01199	0.00795	0.00788	0.00231	0.01230	0.00643	0.00419	0.01148
2	0.02278	0.11295	0.33669	0.02165	0.05955	0.08993	0.02254	0.03055	0.06630	0.13180	0.01874	0.01973	0.01348	0.00850	0.00769	0.00247	0.01075	0.00653	0.00513	0.01223
3	0.16720	0.13317	0.02170	0.01451	0.02007	0.02066	0.01214	0.13652	0.16368	0.11543	0.02862	0.02761	0.08428	0.01058	0.00740	0.00251	0.00720	0.00802	0.00713	0.01158
4	0.02119	0.10435	0.17575	0.03141	0.28493	0.01942	0.02186	0.02755	0.04898	0.10271	0.06593	0.02357	0.01865	0.00873	0.00796	0.00246	0.00937	0.00755	0.00523	0.01238
5	0.02030	0.26368	0.11350	0.02266	0.12538	0.02296	0.05971	0.09408	0.02124	0.02838	0.12716	0.02504	0.02355	0.00933	0.00757	0.00230	0.00898	0.00773	0.00523	0.01121
6	0.01703	0.09505	0.01967	0.01734	0.06524	0.01650	0.01319	0.02749	0.23448	0.02856	0.10249	0.05289	0.07971	0.01514	0.00918	0.00294	0.00694	0.17852	0.00735	0.01028

[dist]
# distance from previous block
# <min> <max>
8	12

[block]
# block no. 8 follows, 22 sequences, length 28
# corresponding to MSA columns:
# 321-348
name=unknown_I
#
# <colnr> <probs for GDERKNQSTAVLIFYWHMCP>
#	G	D	E	R	K	N	Q	S	T	A	V	L	I	F	Y	W	H	M	C	P
0	0.06812	0.28329	0.20714	0.01879	0.02636	0.22163	0.01900	0.02774	0.01890	0.02272	0.01287	0.01500	0.01053	0.00780	0.00668	0.00217	0.01151	0.00519	0.00386	0.01070
1	0.02282	0.02236	0.02307	0.18956	0.08726	0.17473	0.01759	0.13056	0.11770	0.02907	0.02122	0.06023	0.01795	0.01066	0.00840	0.00264	0.01039	0.03712	0.00578	0.01089
2	0.01802	0.12158	0.02590	0.02761	0.25874	0.05044	0.01657	0.02263	0.05550	0.02403	0.03195	0.03429	0.16000	0.01576	0.06550	0.00342	0.04300	0.00941	0.00513	0.01052
3	0.02451	0.02654	0.02712	0.02985	0.20653	0.25015	0.01934	0.07906	0.02057	0.02499	0.01373	0.01790	0.01176	0.01000	0.01323	0.00268	0.20008	0.00666	0.00440	0.01089
4	0.01589	0.01116	0.01259	0.01172	0.01325	0.01161	0.00788	0.14465	0.01865	0.02492	0.02873	0.17586	0.03166	0.42219	0.02867	0.00593	0.00764	0.01338	0.00627	0.00733
5	0.01795	0.00922	0.01242	0.01249	0.01469	0.00832	0.00901	0.01991	0.01818	0.20607	0.04203	0.50807	0.04503	0.02148	0.00995	0.00314	0.00547	0.01921	0.00845	0.00888
6	0.02837	0.03515	0.02394	0.02149	0.02488	0.54007	0.01649	0.03044	0.02130	0.02026	0.01244	0.01564	0.01074	0.00980	0.01159	0.00245	0.15553	0.00575	0.00415	0.00952
7	0.01093	0.00846	0.00995	0.00958	0.01190	0.00748	0.00718	0.01407	0.02155	0.02865	0.40855	0.06972	0.32459	0.01872	0.00981	0.00270	0.00404	0.01610	0.00853	0.00748
8	0.02045	0.03134	0.38970	0.02088	0.03020	0.01789	0.04892	0.03109	0.12801	0.12764	0.05513	0.02416	0.01840	0.00931	0.00825	0.00266	0.01009	0.00769	0.00576	0.01244
9	0.02712	0.17667	0.05790	0.02406	0.11152	0.42254	0.01762	0.03009	0.02126	0.02137	0.01305	0.01552	0.01102	0.00807	0.00716	0.00213	0.01290	0.00548	0.00407	0.01045
10	0.02755	0.02098	0.02274	0.01746	0.02410	0.02218	0.01429	0.44731	0.08729	0.04540	0.02006	0.02033	0.01472	0.00927	0.00786	0.00225	0.00828	0.00710	0.00760	0.17322
11	0.01819	0.01542	0.01772	0.01299	0.02013	0.01252	0.01039	0.05273	0.06496	0.02890	0.01645	0.01839	0.01337	0.00672	0.00643	0.00141	0.00633	0.00538	0.00535	0.66622
12	0.02056	0.01974	0.03372	0.05099	0.65622	0.01974	0.02550	0.02550	0.01892	0.02714	0.01563	0.02056	0.01316	0.00740	0.00822	0.00247	0.00987	0.00740	0.00411	0.01316
13	0.01208	0.00805	0.00906	0.00906	0.00906	0.00805	0.00503	0.01208	0.01208	0.01611	0.02618	0.05436	0.03020	0.70804	0.04228	0.00805	0.00805	0.01208	0.00503	0.00503
14	0.03103	0.03959	0.02354	0.02140	0.02568	0.67469	0.01605	0.03317	0.02354	0.02033	0.01284	0.01498	0.01070	0.00856	0.00749	0.00214	0.01498	0.00535	0.00428	0.00963
15	0.00982	0.00842	0.00842	0.00842	0.01122	0.00701	0.00631	0.01192	0.01894	0.02244	0.08416	0.07995	0.65285	0.02104	0.00982	0.00281	0.00421	0.01753	0.00771	0.00701
16	0.02056	0.01974	0.03372	0.05099	0.65622	0.01974	0.02550	0.02550	0.01892	0.02714	0.01563	0.02056	0.01316	0.00740	0.00822	0.00247	0.00987	0.00740	0.00411	0.01316
17	0.03103	0.03959	0.02354	0.02140	0.02568	0.67469	0.01605	0.03317	0.02354	0.02033	0.01284	0.01498	0.01070	0.00856	0.00749	0.00214	0.01498	0.00535	0.00428	0.00963
18	0.02066	0.01785	0.01878	0.01691	0.02160	0.02066	0.01315	0.04414	0.64121	0.03475	0.03381	0.03099	0.02536	0.01127	0.00845	0.00282	0.00657	0.00939	0.00845	0.01315
19	0.01443	0.00722	0.01082	0.01082	0.01082	0.00722	0.00722	0.01082	0.01082	0.01443	0.01443	0.02525	0.01443	0.02886	0.03247	0.75830	0.00722	0.00722	0.00361	0.00361
20	0.01666	0.04297	0.66500	0.02368	0.03596	0.01929	0.03069	0.02631	0.01754	0.02631	0.01491	0.01754	0.01052	0.00789	0.00789	0.00263	0.01228	0.00614	0.00351	0.01228
21	0.02020	0.01937	0.03306	0.09862	0.61144	0.01964	0.02531	0.02518	0.01874	0.02670	0.01556	0.02068	0.01300	0.00747	0.00823	0.00249	0.00996	0.00740	0.00408	0.01287
22	0.01003	0.00757	0.00929	0.01066	0.01181	0.00682	0.00731	0.01167	0.01678	0.02156	0.05686	0.52298	0.22744	0.02459	0.01038	0.00321	0.00464	0.02186	0.00771	0.00682
23	0.03158	0.02327	0.02493	0.01911	0.02576	0.02576	0.01579	0.62852	0.03906	0.05236	0.01995	0.01995	0.01413	0.00997	0.00831	0.00249	0.00914	0.00748	0.00831	0.01413
24	0.76672	0.01607	0.01221	0.01092	0.01607	0.01864	0.00900	0.02442	0.01414	0.03727	0.01157	0.01350	0.00900	0.00771	0.00514	0.00257	0.00643	0.00450	0.00514	0.00900
25	0.01189	0.00882	0.01294	0.01294	0.01428	0.01016	0.00987	0.01457	0.01323	0.01898	0.02263	0.03473	0.02168	0.12450	0.61417	0.01284	0.02088	0.00921	0.00451	0.00719
26	0.00982	0.00842	0.00842	0.00842	0.01122	0.00701	0.00631	0.01192	0.01894	0.02244	0.08416	0.07995	0.65285	0.02104	0.00982	0.00281	0.00421	0.01753	0.00771	0.00701
27	0.03158	0.02327	0.02493	0.01911	0.02576	0.02576	0.01579	0.62852	0.03906	0.05236	0.01995	0.01995	0.01413	0.00997	0.00831	0.00249	0.00914	0.00748	0.00831	0.01413

[dist]
# distance from previous block
# <min> <max>
0	0

# created by:
# /home/cegg/simao/soft/augustus-3.2.1/scripts/msa2prfl.pl ./align_prep/11195.fa
