[name]
unknown

[dist]
# distance from previous block
# <min> <max>
0	0

[block]
# block no. 0 follows, 22 sequences, length 103
# corresponding to MSA columns:
# 0-102
name=unknown_A
#
# <colnr> <probs for GDERKNQSTAVLIFYWHMCP>
#	G	D	E	R	K	N	Q	S	T	A	V	L	I	F	Y	W	H	M	C	P
0	0.01339	0.00956	0.01339	0.01530	0.01721	0.00956	0.01339	0.01721	0.01912	0.02486	0.04399	0.09371	0.04781	0.02295	0.01147	0.00382	0.00765	0.60031	0.00765	0.00765
1	0.03103	0.03959	0.02354	0.02140	0.02568	0.67469	0.01605	0.03317	0.02354	0.02033	0.01284	0.01498	0.01070	0.00856	0.00749	0.00214	0.01498	0.00535	0.00428	0.00963
2	0.03158	0.02327	0.02493	0.01911	0.02576	0.02576	0.01579	0.62852	0.03906	0.05236	0.01995	0.01995	0.01413	0.00997	0.00831	0.00249	0.00914	0.00748	0.00831	0.01413
3	0.02056	0.01974	0.03372	0.05099	0.65622	0.01974	0.02550	0.02550	0.01892	0.02714	0.01563	0.02056	0.01316	0.00740	0.00822	0.00247	0.00987	0.00740	0.00411	0.01316
4	0.01948	0.01487	0.01607	0.01392	0.01824	0.01569	0.01096	0.15881	0.21679	0.06468	0.11627	0.04714	0.22328	0.01461	0.00899	0.00271	0.00613	0.01209	0.00836	0.01091
5	0.01012	0.00761	0.00938	0.01067	0.01185	0.00687	0.00734	0.01186	0.01708	0.02212	0.08530	0.50540	0.21575	0.02426	0.01035	0.00319	0.00461	0.02158	0.00778	0.00687
6	0.01694	0.07608	0.63429	0.02321	0.03523	0.01996	0.02988	0.02624	0.01751	0.02597	0.01474	0.01733	0.01053	0.00785	0.00777	0.00259	0.01211	0.00605	0.00351	0.01220
7	0.01042	0.00844	0.00925	0.00905	0.01159	0.00727	0.00679	0.01309	0.02036	0.02581	0.26022	0.07440	0.47469	0.01978	0.00981	0.00275	0.00412	0.01675	0.00816	0.00727
8	0.01012	0.00723	0.00964	0.01157	0.01205	0.00675	0.00771	0.01157	0.01591	0.02121	0.04579	0.70262	0.05495	0.02603	0.01060	0.00337	0.00482	0.02362	0.00771	0.00675
9	0.03050	0.03870	0.02362	0.02142	0.02552	0.64755	0.01614	0.03262	0.02309	0.02032	0.01276	0.01511	0.01071	0.00881	0.00832	0.00220	0.04332	0.00543	0.00425	0.00961
10	0.01012	0.00723	0.00964	0.01157	0.01205	0.00675	0.00771	0.01157	0.01591	0.02121	0.04579	0.70262	0.05495	0.02603	0.01060	0.00337	0.00482	0.02362	0.00771	0.00675
11	0.01056	0.00851	0.00953	0.01013	0.01250	0.00749	0.00787	0.01293	0.01863	0.02278	0.07192	0.15261	0.46630	0.02198	0.01023	0.00307	0.00496	0.13321	0.00770	0.00711
12	0.01945	0.38017	0.35226	0.01892	0.02859	0.02613	0.02240	0.02559	0.01721	0.02291	0.01322	0.01542	0.01059	0.00750	0.00660	0.00220	0.01057	0.00528	0.00353	0.01146
13	0.01666	0.04297	0.66500	0.02368	0.03596	0.01929	0.03069	0.02631	0.01754	0.02631	0.01491	0.01754	0.01052	0.00789	0.00789	0.00263	0.01228	0.00614	0.00351	0.01228
14	0.02056	0.01974	0.03372	0.05099	0.65622	0.01974	0.02550	0.02550	0.01892	0.02714	0.01563	0.02056	0.01316	0.00740	0.00822	0.00247	0.00987	0.00740	0.00411	0.01316
15	0.03158	0.02327	0.02493	0.01911	0.02576	0.02576	0.01579	0.62852	0.03906	0.05236	0.01995	0.01995	0.01413	0.00997	0.00831	0.00249	0.00914	0.00748	0.00831	0.01413
16	0.01208	0.00805	0.00906	0.00906	0.00906	0.00805	0.00503	0.01208	0.01208	0.01611	0.02618	0.05436	0.03020	0.70804	0.04228	0.00805	0.00805	0.01208	0.00503	0.00503
17	0.02056	0.01974	0.03372	0.05099	0.65622	0.01974	0.02550	0.02550	0.01892	0.02714	0.01563	0.02056	0.01316	0.00740	0.00822	0.00247	0.00987	0.00740	0.00411	0.01316
18	0.02045	0.02004	0.03544	0.04920	0.58739	0.01988	0.09296	0.02562	0.01899	0.02708	0.01576	0.02077	0.01310	0.00736	0.00840	0.00250	0.01033	0.00767	0.00412	0.01294
19	0.01806	0.01023	0.01050	0.00957	0.01226	0.01063	0.00741	0.11697	0.02089	0.03440	0.02595	0.02920	0.02014	0.00973	0.00621	0.00203	0.00472	0.00770	0.63465	0.00877
20	0.01666	0.04297	0.66500	0.02368	0.03596	0.01929	0.03069	0.02631	0.01754	0.02631	0.01491	0.01754	0.01052	0.00789	0.00789	0.00263	0.01228	0.00614	0.00351	0.01228
21	0.02056	0.01974	0.03372	0.05099	0.65622	0.01974	0.02550	0.02550	0.01892	0.02714	0.01563	0.02056	0.01316	0.00740	0.00822	0.00247	0.00987	0.00740	0.00411	0.01316
22	0.01063	0.00762	0.01009	0.01122	0.01216	0.00709	0.00775	0.01284	0.01827	0.02496	0.23375	0.50396	0.06221	0.02322	0.01035	0.00314	0.00454	0.02095	0.00816	0.00709
23	0.00982	0.00842	0.00842	0.00842	0.01122	0.00701	0.00631	0.01192	0.01894	0.02244	0.08416	0.07995	0.65285	0.02104	0.00982	0.00281	0.00421	0.01753	0.00771	0.00701
24	0.02915	0.02365	0.02065	0.01745	0.02241	0.21473	0.01367	0.17051	0.11608	0.16628	0.02265	0.02276	0.01653	0.01085	0.00932	0.04514	0.00967	0.00731	0.04952	0.01168
25	0.02341	0.01163	0.01523	0.01280	0.01681	0.01064	0.01010	0.06124	0.02418	0.29440	0.33139	0.07450	0.04965	0.01421	0.00915	0.00262	0.00557	0.01221	0.00950	0.01076
26	0.76672	0.01607	0.01221	0.01092	0.01607	0.01864	0.00900	0.02442	0.01414	0.03727	0.01157	0.01350	0.00900	0.00771	0.00514	0.00257	0.00643	0.00450	0.00514	0.00900
27	0.01009	0.00736	0.00950	0.01121	0.01196	0.00678	0.00755	0.01161	0.01625	0.02135	0.05013	0.63216	0.12260	0.02546	0.01051	0.00331	0.00475	0.02293	0.00771	0.00678
28	0.02056	0.01974	0.03372	0.05099	0.65622	0.01974	0.02550	0.02550	0.01892	0.02714	0.01563	0.02056	0.01316	0.00740	0.00822	0.00247	0.00987	0.00740	0.00411	0.01316
29	0.31882	0.01866	0.01872	0.01509	0.02101	0.02046	0.01241	0.26566	0.05654	0.14749	0.01951	0.01937	0.01376	0.00921	0.00709	0.00255	0.00761	0.00656	0.00741	0.01208
30	0.02056	0.01974	0.03372	0.05099	0.65622	0.01974	0.02550	0.02550	0.01892	0.02714	0.01563	0.02056	0.01316	0.00740	0.00822	0.00247	0.00987	0.00740	0.00411	0.01316
31	0.02056	0.01974	0.03372	0.05099	0.65622	0.01974	0.02550	0.02550	0.01892	0.02714	0.01563	0.02056	0.01316	0.00740	0.00822	0.00247	0.00987	0.00740	0.00411	0.01316
32	0.03103	0.03959	0.02354	0.02140	0.02568	0.67469	0.01605	0.03317	0.02354	0.02033	0.01284	0.01498	0.01070	0.00856	0.00749	0.00214	0.01498	0.00535	0.00428	0.00963
33	0.01559	0.03542	0.52171	0.02078	0.03080	0.01678	0.02569	0.02398	0.01885	0.02784	0.15448	0.02729	0.02539	0.00988	0.00831	0.00263	0.01045	0.00809	0.00474	0.01130
34	0.01960	0.01876	0.03198	0.17670	0.53802	0.01949	0.02502	0.02465	0.01846	0.02597	0.01546	0.02087	0.01275	0.00758	0.00824	0.00253	0.01011	0.00740	0.00403	0.01238
35	0.01048	0.00786	0.00980	0.01110	0.01243	0.00718	0.00799	0.01247	0.01740	0.02246	0.08122	0.44067	0.21472	0.02397	0.01046	0.00324	0.00494	0.08689	0.00777	0.00697
36	0.01187	0.00890	0.01335	0.01335	0.01483	0.01038	0.01038	0.01483	0.01335	0.01928	0.02225	0.03264	0.02077	0.06231	0.67512	0.01335	0.02225	0.00890	0.00445	0.00742
37	0.01049	0.00749	0.01006	0.01199	0.01263	0.00707	0.00835	0.01221	0.01627	0.02162	0.04558	0.63372	0.05414	0.02568	0.01070	0.00342	0.00514	0.08887	0.00770	0.00685
38	0.01006	0.00749	0.00937	0.01088	0.01187	0.00681	0.00740	0.01165	0.01657	0.02148	0.05420	0.56617	0.18597	0.02493	0.01043	0.00325	0.00469	0.02228	0.00771	0.00681
39	0.01012	0.00723	0.00964	0.01157	0.01205	0.00675	0.00771	0.01157	0.01591	0.02121	0.04579	0.70262	0.05495	0.02603	0.01060	0.00337	0.00482	0.02362	0.00771	0.00675
40	0.01975	0.01891	0.03225	0.15726	0.55631	0.01952	0.02509	0.02478	0.01853	0.02615	0.01548	0.02083	0.01281	0.00755	0.00824	0.00252	0.01007	0.00740	0.00404	0.01250
41	0.10050	0.00868	0.00825	0.00810	0.01040	0.00898	0.00617	0.01993	0.01705	0.03168	0.02534	0.02899	0.01990	0.00946	0.00573	0.00201	0.00416	0.00738	0.66940	0.00788
42	0.01012	0.00723	0.00964	0.01157	0.01205	0.00675	0.00771	0.01157	0.01591	0.02121	0.04579	0.70262	0.05495	0.02603	0.01060	0.00337	0.00482	0.02362	0.00771	0.00675
43	0.01022	0.00727	0.00961	0.01144	0.01190	0.00681	0.00758	0.01159	0.01572	0.02096	0.04483	0.67086	0.05373	0.05944	0.01216	0.00360	0.00498	0.02305	0.00758	0.00666
44	0.01770	0.01753	0.02452	0.02121	0.02124	0.02435	0.01756	0.01950	0.01291	0.02006	0.01295	0.05835	0.01349	0.01521	0.02629	0.00362	0.65246	0.00823	0.00387	0.00895
45	0.03158	0.02327	0.02493	0.01911	0.02576	0.02576	0.01579	0.62852	0.03906	0.05236	0.01995	0.01995	0.01413	0.00997	0.00831	0.00249	0.00914	0.00748	0.00831	0.01413
46	0.01362	0.01119	0.01616	0.01524	0.01637	0.01407	0.01215	0.01633	0.01337	0.01997	0.01960	0.02892	0.01830	0.04798	0.48275	0.01041	0.19062	0.00844	0.03665	0.00785
47	0.01130	0.00814	0.01069	0.01076	0.01231	0.00753	0.00780	0.01453	0.02139	0.02992	0.48220	0.24136	0.07182	0.01951	0.01002	0.00283	0.00417	0.01743	0.00874	0.00753
48	0.03103	0.03959	0.02354	0.02140	0.02568	0.67469	0.01605	0.03317	0.02354	0.02033	0.01284	0.01498	0.01070	0.00856	0.00749	0.00214	0.01498	0.00535	0.00428	0.00963
49	0.01666	0.04297	0.66500	0.02368	0.03596	0.01929	0.03069	0.02631	0.01754	0.02631	0.01491	0.01754	0.01052	0.00789	0.00789	0.00263	0.01228	0.00614	0.00351	0.01228
50	0.00999	0.00847	0.00866	0.00876	0.01152	0.00714	0.00666	0.01218	0.01894	0.02256	0.08217	0.08063	0.62295	0.02113	0.00990	0.00286	0.00438	0.04633	0.00771	0.00704
51	0.02026	0.17083	0.14110	0.03863	0.41795	0.02245	0.02397	0.02550	0.01825	0.02539	0.01464	0.01852	0.01219	0.00742	0.00755	0.00235	0.01006	0.00656	0.00389	0.01248
52	0.01683	0.04198	0.63794	0.02485	0.06255	0.01931	0.03047	0.02627	0.01760	0.02634	0.01494	0.01767	0.01064	0.00787	0.00791	0.00262	0.01217	0.00619	0.00353	0.01232
53	0.01549	0.00774	0.00774	0.00774	0.00968	0.00774	0.00581	0.01936	0.01742	0.03097	0.02710	0.03097	0.02129	0.00968	0.00581	0.00194	0.00387	0.00774	0.75416	0.00774
54	0.02110	0.02424	0.10420	0.04512	0.52671	0.08131	0.02520	0.02631	0.01920	0.02641	0.01528	0.01969	0.01263	0.00757	0.00812	0.00246	0.01062	0.00707	0.00406	0.01273
55	0.02099	0.02994	0.24435	0.02829	0.03751	0.04858	0.31220	0.12034	0.02212	0.03025	0.01651	0.02013	0.01209	0.00782	0.00885	0.00267	0.01273	0.00807	0.00462	0.01194
56	0.18281	0.01018	0.01004	0.00985	0.01289	0.00992	0.00763	0.01563	0.01840	0.02756	0.14992	0.09295	0.35473	0.01774	0.00888	0.00281	0.00490	0.04820	0.00734	0.00761
57	0.01012	0.00723	0.00964	0.01157	0.01205	0.00675	0.00771	0.01157	0.01591	0.02121	0.04579	0.70262	0.05495	0.02603	0.01060	0.00337	0.00482	0.02362	0.00771	0.00675
58	0.02385	0.11468	0.29751	0.02239	0.05386	0.26795	0.02223	0.02939	0.02008	0.05378	0.01463	0.01673	0.01119	0.00815	0.00749	0.00234	0.01257	0.00581	0.00415	0.01122
59	0.02178	0.10898	0.23661	0.01949	0.02677	0.15034	0.01942	0.06617	0.17697	0.02751	0.01972	0.02186	0.01547	0.04245	0.00934	0.00274	0.01060	0.00697	0.00526	0.01155
60	0.01022	0.00813	0.00918	0.00956	0.01163	0.00709	0.00692	0.01247	0.01895	0.02398	0.17110	0.23398	0.40424	0.02161	0.01001	0.00292	0.00431	0.01864	0.00796	0.00709
61	0.02354	0.27731	0.23045	0.01904	0.02734	0.09972	0.01989	0.15854	0.02270	0.02893	0.01458	0.01627	0.01138	0.00814	0.00702	0.00224	0.01069	0.00574	0.00466	0.01181
62	0.01506	0.01128	0.01318	0.01227	0.01507	0.01103	0.00920	0.13485	0.02297	0.03090	0.19862	0.26750	0.15253	0.01878	0.00960	0.00281	0.00541	0.01633	0.00806	0.04456
63	0.02093	0.55854	0.18683	0.01640	0.02470	0.02974	0.01801	0.02521	0.01703	0.02110	0.01232	0.01430	0.01063	0.00729	0.00592	0.00197	0.00967	0.00483	0.00354	0.01103
64	0.01984	0.50167	0.16238	0.01555	0.02314	0.02734	0.01667	0.02392	0.01751	0.02184	0.05369	0.02059	0.04905	0.00859	0.00634	0.00205	0.00901	0.00610	0.00410	0.01062
65	0.01646	0.01196	0.01487	0.01400	0.01650	0.01302	0.01072	0.16884	0.02081	0.02875	0.02916	0.23627	0.02967	0.03553	0.27151	0.00702	0.01273	0.01303	0.04023	0.00892
66	0.02221	0.71304	0.04353	0.01421	0.02132	0.03287	0.01421	0.02488	0.01688	0.01955	0.01155	0.01333	0.01066	0.00711	0.00533	0.00178	0.00888	0.00444	0.00355	0.01066
67	0.01770	0.11325	0.45553	0.08698	0.11532	0.02081	0.02747	0.02558	0.01756	0.02518	0.01461	0.01787	0.01093	0.00778	0.00768	0.00253	0.01148	0.00622	0.00361	0.01193
68	0.03106	0.03881	0.02361	0.02129	0.02569	0.64335	0.01604	0.06192	0.02429	0.02188	0.01318	0.01522	0.01087	0.00863	0.00753	0.00216	0.01470	0.00545	0.00447	0.00985
69	0.01552	0.01016	0.01315	0.01328	0.01582	0.00978	0.01083	0.05318	0.02126	0.08568	0.17659	0.14411	0.11525	0.01991	0.01037	0.00321	0.00619	0.25897	0.00826	0.00849
70	0.01208	0.00805	0.00906	0.00906	0.00906	0.00805	0.00503	0.01208	0.01208	0.01611	0.02618	0.05436	0.03020	0.70804	0.04228	0.00805	0.00805	0.01208	0.00503	0.00503
71	0.01189	0.00881	0.01287	0.01287	0.01419	0.01012	0.00978	0.01453	0.01321	0.01893	0.02269	0.03508	0.02183	0.13484	0.60404	0.01276	0.02066	0.00926	0.00452	0.00715
72	0.00982	0.00842	0.00842	0.00842	0.01122	0.00701	0.00631	0.01192	0.01894	0.02244	0.08416	0.07995	0.65285	0.02104	0.00982	0.00281	0.00421	0.01753	0.00771	0.00701
73	0.01022	0.00727	0.00961	0.01144	0.01190	0.00681	0.00758	0.01159	0.01572	0.02096	0.04483	0.67086	0.05373	0.05944	0.01216	0.00360	0.00498	0.02305	0.00758	0.00666
74	0.30002	0.01332	0.01581	0.22079	0.02770	0.01524	0.01300	0.02072	0.01781	0.03107	0.21082	0.03122	0.03113	0.01077	0.00756	0.00265	0.00709	0.00865	0.00593	0.00871
75	0.02348	0.02629	0.02103	0.02175	0.10103	0.31360	0.01483	0.03135	0.17799	0.02518	0.03068	0.03083	0.12453	0.01123	0.00822	0.00247	0.01038	0.00871	0.00590	0.01051
76	0.00982	0.00842	0.00842	0.00842	0.01122	0.00701	0.00631	0.01192	0.01894	0.02244	0.08416	0.07995	0.65285	0.02104	0.00982	0.00281	0.00421	0.01753	0.00771	0.00701
77	0.01188	0.00885	0.01310	0.01310	0.01450	0.01025	0.01007	0.01468	0.01328	0.01910	0.02248	0.03389	0.02131	0.09968	0.63850	0.01304	0.02143	0.00908	0.00448	0.00728
78	0.02283	0.02008	0.05255	0.02138	0.10197	0.02078	0.01571	0.21937	0.28801	0.03770	0.03106	0.03022	0.07867	0.01114	0.00848	0.00266	0.00783	0.00916	0.00756	0.01284
79	0.03103	0.03959	0.02354	0.02140	0.02568	0.67469	0.01605	0.03317	0.02354	0.02033	0.01284	0.01498	0.01070	0.00856	0.00749	0.00214	0.01498	0.00535	0.00428	0.00963
80	0.01025	0.00807	0.00933	0.01023	0.01207	0.00714	0.00748	0.01226	0.01780	0.02219	0.06595	0.31844	0.37097	0.02311	0.01027	0.00311	0.00475	0.07192	0.00771	0.00697
81	0.03103	0.03959	0.02354	0.02140	0.02568	0.67469	0.01605	0.03317	0.02354	0.02033	0.01284	0.01498	0.01070	0.00856	0.00749	0.00214	0.01498	0.00535	0.00428	0.00963
82	0.01953	0.03499	0.38382	0.03182	0.21477	0.09312	0.05294	0.02686	0.01870	0.02589	0.01497	0.01833	0.01140	0.00779	0.00803	0.00254	0.01196	0.00657	0.00380	0.01219
83	0.33354	0.03160	0.38922	0.01829	0.02755	0.01902	0.02153	0.02551	0.01610	0.03094	0.01350	0.01583	0.00988	0.00782	0.00673	0.00261	0.00981	0.00545	0.00420	0.01089
84	0.22074	0.09969	0.12070	0.01548	0.02162	0.04816	0.01457	0.15863	0.02281	0.03543	0.14036	0.02520	0.02434	0.01004	0.00732	0.00246	0.00810	0.00753	0.00617	0.01064
85	0.02073	0.02352	0.10457	0.04619	0.54954	0.05759	0.02554	0.02603	0.01903	0.02665	0.01538	0.01990	0.01272	0.00752	0.00814	0.00247	0.01044	0.00714	0.00405	0.01286
86	0.01052	0.00740	0.00952	0.01106	0.01144	0.00701	0.00717	0.01167	0.01513	0.02017	0.04179	0.57056	0.04990	0.16497	0.01706	0.00433	0.00548	0.02127	0.00717	0.00640
87	0.00982	0.00842	0.00842	0.00842	0.01122	0.00701	0.00631	0.01192	0.01894	0.02244	0.08416	0.07995	0.65285	0.02104	0.00982	0.00281	0.00421	0.01753	0.00771	0.00701
88	0.05952	0.31161	0.03170	0.01755	0.02243	0.13635	0.01525	0.09633	0.04449	0.02505	0.01350	0.01612	0.01163	0.00946	0.01081	0.00240	0.15495	0.00575	0.00452	0.01058
89	0.01044	0.00787	0.00975	0.01112	0.01245	0.00718	0.00801	0.01238	0.01719	0.02202	0.05674	0.44502	0.22828	0.02419	0.01048	0.00326	0.00500	0.09396	0.00770	0.00694
90	0.01187	0.00890	0.01335	0.01335	0.01483	0.01038	0.01038	0.01483	0.01335	0.01928	0.02225	0.03264	0.02077	0.06231	0.67512	0.01335	0.02225	0.00890	0.00445	0.00742
91	0.01666	0.04297	0.66500	0.02368	0.03596	0.01929	0.03069	0.02631	0.01754	0.02631	0.01491	0.01754	0.01052	0.00789	0.00789	0.00263	0.01228	0.00614	0.00351	0.01228
92	0.02005	0.16431	0.19884	0.02827	0.10242	0.06006	0.21925	0.02606	0.01830	0.02446	0.01459	0.01852	0.01155	0.00782	0.00914	0.00253	0.05144	0.00716	0.00386	0.01137
93	0.01847	0.01766	0.02972	0.04175	0.49353	0.01734	0.05653	0.02304	0.01915	0.02664	0.05300	0.03164	0.11528	0.00990	0.00863	0.00255	0.00898	0.00943	0.00489	0.01187
94	0.01027	0.00797	0.00942	0.01047	0.01213	0.00712	0.00758	0.01223	0.01756	0.02209	0.06303	0.36654	0.32545	0.02349	0.01032	0.00316	0.00479	0.07173	0.00771	0.00695
95	0.02056	0.01974	0.03372	0.05099	0.65622	0.01974	0.02550	0.02550	0.01892	0.02714	0.01563	0.02056	0.01316	0.00740	0.00822	0.00247	0.00987	0.00740	0.00411	0.01316
96	0.02397	0.01782	0.02842	0.03882	0.44531	0.01746	0.02088	0.02937	0.05343	0.17509	0.02368	0.02559	0.04437	0.00889	0.00834	0.00253	0.00879	0.00819	0.00594	0.01311
97	0.02098	0.01076	0.01434	0.01301	0.01628	0.01015	0.00997	0.02501	0.05664	0.25360	0.15735	0.21954	0.04166	0.02184	0.08471	0.00403	0.00752	0.01396	0.00859	0.01006
98	0.01752	0.14712	0.56841	0.02221	0.03368	0.02140	0.02813	0.02609	0.01744	0.02526	0.01439	0.01688	0.01054	0.00777	0.00749	0.00250	0.01175	0.00588	0.00351	0.01203
99	0.02246	0.02402	0.09145	0.01721	0.02237	0.16126	0.01474	0.18319	0.09603	0.03328	0.12713	0.06543	0.08110	0.01244	0.00858	0.00256	0.00901	0.00994	0.00696	0.01085
100	0.14133	0.05826	0.02063	0.01680	0.02149	0.25342	0.01321	0.15923	0.02473	0.06220	0.08934	0.06208	0.02192	0.01073	0.00769	0.00241	0.00986	0.00795	0.00630	0.01041
101	0.02222	0.02186	0.03222	0.04626	0.55836	0.08330	0.02401	0.06163	0.02054	0.02796	0.01561	0.01999	0.01298	0.00766	0.00816	0.00244	0.01032	0.00721	0.00437	0.01288
102	0.02570	0.02966	0.02811	0.03438	0.30153	0.35036	0.02031	0.02905	0.02089	0.02329	0.01395	0.01761	0.01179	0.00840	0.00896	0.00237	0.05197	0.00636	0.00417	0.01114

[dist]
# distance from previous block
# <min> <max>
0	53

[block]
# block no. 1 follows, 22 sequences, length 144
# corresponding to MSA columns:
# 156-299
name=unknown_B
#
# <colnr> <probs for GDERKNQSTAVLIFYWHMCP>
#	G	D	E	R	K	N	Q	S	T	A	V	L	I	F	Y	W	H	M	C	P
0	0.02083	0.46563	0.24292	0.01760	0.02624	0.05845	0.01961	0.02572	0.01740	0.02176	0.01269	0.01476	0.01062	0.00743	0.00626	0.00207	0.01026	0.00503	0.00357	0.01113
1	0.01763	0.01526	0.01466	0.01308	0.01648	0.09028	0.01006	0.14875	0.02502	0.03186	0.23071	0.09304	0.22800	0.01626	0.00926	0.00264	0.00650	0.01355	0.00787	0.00909
2	0.01666	0.04297	0.66500	0.02368	0.03596	0.01929	0.03069	0.02631	0.01754	0.02631	0.01491	0.01754	0.01052	0.00789	0.00789	0.00263	0.01228	0.00614	0.00351	0.01228
3	0.01696	0.01672	0.03080	0.29239	0.13758	0.01772	0.19050	0.02244	0.01822	0.02414	0.02245	0.03354	0.04795	0.01021	0.00917	0.00286	0.01096	0.08072	0.00458	0.01008
4	0.01003	0.00842	0.00871	0.00864	0.01135	0.00710	0.00648	0.01233	0.01943	0.02362	0.14585	0.07800	0.59043	0.02060	0.00982	0.00278	0.00418	0.01726	0.00787	0.00710
5	0.01008	0.00737	0.00949	0.01118	0.01195	0.00678	0.00754	0.01161	0.01627	0.02136	0.05046	0.62685	0.12770	0.02542	0.01051	0.00330	0.00475	0.02288	0.00771	0.00678
6	0.01931	0.01726	0.02790	0.19794	0.38092	0.01825	0.02207	0.02566	0.06899	0.05134	0.02162	0.02760	0.04220	0.00926	0.00847	0.00264	0.00945	0.03244	0.00490	0.01176
7	0.03114	0.03626	0.02383	0.02094	0.02570	0.54229	0.01600	0.15464	0.02671	0.02687	0.01429	0.01599	0.01140	0.00885	0.00766	0.00221	0.01379	0.00578	0.00510	0.01055
8	0.01009	0.00737	0.00949	0.01119	0.01195	0.00678	0.00755	0.01161	0.01626	0.02135	0.05033	0.62896	0.12567	0.02544	0.01051	0.00331	0.00475	0.02290	0.00771	0.00678
9	0.01197	0.00812	0.00959	0.00968	0.00987	0.00827	0.00578	0.01238	0.01240	0.01670	0.02656	0.07972	0.03015	0.60228	0.11578	0.00848	0.00959	0.01220	0.00508	0.00539
10	0.02044	0.49883	0.24221	0.01724	0.02600	0.02853	0.01948	0.02533	0.01709	0.02171	0.01262	0.01467	0.01062	0.00736	0.00615	0.00205	0.00997	0.00498	0.00354	0.01118
11	0.01190	0.00877	0.01268	0.01268	0.01393	0.01002	0.00954	0.01440	0.01315	0.01879	0.02287	0.03605	0.02225	0.16385	0.57560	0.01252	0.02002	0.00940	0.00454	0.00704
12	0.01549	0.00774	0.00774	0.00774	0.00968	0.00774	0.00581	0.01936	0.01742	0.03097	0.02710	0.03097	0.02129	0.00968	0.00581	0.00194	0.00387	0.00774	0.75416	0.00774
13	0.01004	0.00754	0.00932	0.01074	0.01183	0.00682	0.00734	0.01166	0.01670	0.02153	0.05589	0.53863	0.21242	0.02471	0.01040	0.00322	0.00466	0.02201	0.00771	0.00682
14	0.03107	0.03857	0.02363	0.02126	0.02569	0.63391	0.01603	0.07059	0.02452	0.02234	0.01329	0.01529	0.01092	0.00865	0.00754	0.00216	0.01461	0.00548	0.00453	0.00991
15	0.06944	0.02841	0.01998	0.01816	0.02240	0.37119	0.01381	0.03374	0.20294	0.02646	0.06245	0.02562	0.04978	0.01043	0.00789	0.00242	0.01081	0.00767	0.00602	0.01038
16	0.11760	0.02047	0.02030	0.01624	0.02176	0.05375	0.01323	0.41904	0.03148	0.04519	0.01984	0.02086	0.01460	0.00958	0.00745	0.00239	0.00817	0.00706	0.13883	0.01216
17	0.01207	0.00809	0.00926	0.00926	0.00933	0.00816	0.00528	0.01221	0.01214	0.01626	0.02599	0.05335	0.02976	0.67791	0.07182	0.00830	0.00872	0.01193	0.00501	0.00514
18	0.01203	0.00824	0.00999	0.00999	0.01031	0.00856	0.00619	0.01268	0.01236	0.01679	0.02533	0.04967	0.02816	0.56854	0.17900	0.00920	0.01112	0.01139	0.00491	0.00555
19	0.02118	0.02092	0.03312	0.04924	0.61881	0.05860	0.02494	0.02595	0.01919	0.02674	0.01546	0.02023	0.01301	0.00747	0.00818	0.00245	0.01017	0.00728	0.00412	0.01295
20	0.01951	0.01866	0.03182	0.18862	0.52682	0.01946	0.02497	0.02457	0.01842	0.02586	0.01544	0.02090	0.01271	0.00760	0.00824	0.00253	0.01013	0.00740	0.00402	0.01231
21	0.57052	0.01799	0.01561	0.01311	0.01865	0.02054	0.01081	0.18565	0.02079	0.04130	0.01380	0.01522	0.01037	0.00832	0.00599	0.00255	0.00715	0.00529	0.00599	0.01037
22	0.02917	0.02762	0.02321	0.01943	0.02489	0.24168	0.01534	0.31024	0.15673	0.03806	0.02040	0.02054	0.01527	0.00977	0.00807	0.00244	0.01057	0.00716	0.00699	0.01242
23	0.02856	0.03588	0.02905	0.02434	0.02951	0.53347	0.14783	0.03176	0.02269	0.02169	0.01370	0.01659	0.01111	0.00822	0.00799	0.00228	0.01477	0.00631	0.00426	0.00997
24	0.01047	0.00805	0.00955	0.01058	0.01220	0.00725	0.00770	0.01242	0.01742	0.02197	0.06103	0.33957	0.30616	0.05078	0.01164	0.00337	0.00503	0.09030	0.00760	0.00690
25	0.02731	0.01915	0.02037	0.01610	0.02149	0.02098	0.01314	0.46687	0.03332	0.04668	0.02184	0.02287	0.01603	0.00989	0.00765	0.00235	0.00774	0.00755	0.20623	0.01243
26	0.01012	0.00723	0.00964	0.01157	0.01205	0.00675	0.00771	0.01157	0.01591	0.02121	0.04579	0.70262	0.05495	0.02603	0.01060	0.00337	0.00482	0.02362	0.00771	0.00675
27	0.02056	0.01974	0.03372	0.05099	0.65622	0.01974	0.02550	0.02550	0.01892	0.02714	0.01563	0.02056	0.01316	0.00740	0.00822	0.00247	0.00987	0.00740	0.00411	0.01316
28	0.01012	0.00723	0.00964	0.01157	0.01205	0.00675	0.00771	0.01157	0.01591	0.02121	0.04579	0.70262	0.05495	0.02603	0.01060	0.00337	0.00482	0.02362	0.00771	0.00675
29	0.01189	0.00880	0.01283	0.01283	0.01413	0.01010	0.00973	0.01450	0.01320	0.01890	0.02273	0.03529	0.02192	0.14121	0.59780	0.01270	0.02052	0.00929	0.00452	0.00713
30	0.02056	0.01974	0.03372	0.05099	0.65622	0.01974	0.02550	0.02550	0.01892	0.02714	0.01563	0.02056	0.01316	0.00740	0.00822	0.00247	0.00987	0.00740	0.00411	0.01316
31	0.02702	0.02517	0.02821	0.02226	0.02826	0.20198	0.16256	0.16073	0.07705	0.10767	0.02372	0.02465	0.05242	0.00966	0.00855	0.00252	0.01119	0.00831	0.00641	0.01167
32	0.02066	0.01785	0.01878	0.01691	0.02160	0.02066	0.01315	0.04414	0.64121	0.03475	0.03381	0.03099	0.02536	0.01127	0.00845	0.00282	0.00657	0.00939	0.00845	0.01315
33	0.03027	0.03802	0.02276	0.02073	0.02489	0.64179	0.01555	0.03249	0.02324	0.02086	0.01354	0.01577	0.01122	0.00862	0.00741	0.00213	0.01443	0.00547	0.04127	0.00954
34	0.02264	0.55927	0.10990	0.01611	0.02346	0.10729	0.01625	0.02602	0.01774	0.02039	0.01207	0.01399	0.01065	0.00737	0.00587	0.00191	0.00998	0.00474	0.00363	0.01072
35	0.02806	0.02152	0.02295	0.01840	0.02442	0.02412	0.01494	0.44016	0.23315	0.04668	0.02441	0.02351	0.01775	0.01039	0.00836	0.00260	0.00831	0.00810	0.00836	0.01381
36	0.02058	0.01935	0.03067	0.04404	0.52674	0.01993	0.02298	0.02930	0.14589	0.02869	0.01934	0.02269	0.01565	0.00819	0.00827	0.00254	0.00920	0.00781	0.00500	0.01316
37	0.01187	0.00890	0.01335	0.01335	0.01483	0.01038	0.01038	0.01483	0.01335	0.01928	0.02225	0.03264	0.02077	0.06231	0.67512	0.01335	0.02225	0.00890	0.00445	0.00742
38	0.01005	0.00750	0.00936	0.01086	0.01186	0.00681	0.00740	0.01165	0.01659	0.02149	0.05443	0.56229	0.18969	0.02490	0.01043	0.00325	0.00468	0.02225	0.00771	0.00681
39	0.01042	0.00736	0.00955	0.01118	0.01159	0.00695	0.00730	0.01165	0.01532	0.02042	0.04278	0.60313	0.05115	0.13070	0.01547	0.00409	0.00532	0.02185	0.00730	0.00648
40	0.01309	0.09220	0.01692	0.01345	0.01560	0.01304	0.01084	0.01602	0.01377	0.01932	0.02099	0.03035	0.01957	0.05578	0.59589	0.01198	0.02067	0.00837	0.00434	0.00780
41	0.03103	0.03959	0.02354	0.02140	0.02568	0.67469	0.01605	0.03317	0.02354	0.02033	0.01284	0.01498	0.01070	0.00856	0.00749	0.00214	0.01498	0.00535	0.00428	0.00963
42	0.02576	0.01720	0.01848	0.01498	0.01991	0.01864	0.01211	0.34225	0.08569	0.08218	0.02431	0.02502	0.01786	0.01001	0.00752	0.00235	0.00708	0.00779	0.24886	0.01198
43	0.01150	0.00849	0.01229	0.01271	0.01389	0.00946	0.00949	0.01397	0.01383	0.01951	0.02757	0.17867	0.02871	0.09278	0.49401	0.01088	0.01764	0.01227	0.00519	0.00713
44	0.01012	0.00723	0.00964	0.01157	0.01205	0.00675	0.00771	0.01157	0.01591	0.02121	0.04579	0.70262	0.05495	0.02603	0.01060	0.00337	0.00482	0.02362	0.00771	0.00675
45	0.01016	0.00738	0.00959	0.01126	0.01199	0.00681	0.00760	0.01176	0.01645	0.02178	0.07241	0.62616	0.10548	0.02526	0.01051	0.00330	0.00473	0.02278	0.00777	0.00681
46	0.01187	0.00890	0.01335	0.01335	0.01483	0.01038	0.01038	0.01483	0.01335	0.01928	0.02225	0.03264	0.02077	0.06231	0.67512	0.01335	0.02225	0.00890	0.00445	0.00742
47	0.01197	0.00855	0.01176	0.01368	0.01498	0.00834	0.01093	0.01477	0.01773	0.02328	0.04477	0.35732	0.05090	0.02428	0.01110	0.00363	0.00642	0.35065	0.00768	0.00726
48	0.03103	0.03959	0.02354	0.02140	0.02568	0.67469	0.01605	0.03317	0.02354	0.02033	0.01284	0.01498	0.01070	0.00856	0.00749	0.00214	0.01498	0.00535	0.00428	0.00963
49	0.03103	0.03959	0.02354	0.02140	0.02568	0.67469	0.01605	0.03317	0.02354	0.02033	0.01284	0.01498	0.01070	0.00856	0.00749	0.00214	0.01498	0.00535	0.00428	0.00963
50	0.03192	0.02480	0.02340	0.01874	0.02478	0.15564	0.01511	0.38019	0.06162	0.14803	0.02132	0.02086	0.01504	0.00980	0.00816	0.00245	0.00986	0.00728	0.00783	0.01317
51	0.02735	0.22267	0.02870	0.01855	0.02397	0.33361	0.01514	0.10614	0.10059	0.02589	0.01598	0.01713	0.01294	0.00867	0.00711	0.00217	0.01151	0.00587	0.00510	0.01091
52	0.03103	0.03959	0.02354	0.02140	0.02568	0.67469	0.01605	0.03317	0.02354	0.02033	0.01284	0.01498	0.01070	0.00856	0.00749	0.00214	0.01498	0.00535	0.00428	0.00963
53	0.03105	0.03896	0.02360	0.02131	0.02569	0.64951	0.01604	0.05628	0.02414	0.02157	0.01312	0.01517	0.01083	0.00862	0.00752	0.00215	0.01475	0.00543	0.00444	0.00981
54	0.01911	0.01554	0.01846	0.01886	0.09447	0.01618	0.01318	0.06616	0.28125	0.05812	0.03897	0.04170	0.13806	0.01293	0.00869	0.00267	0.00675	0.05815	0.00747	0.08327
55	0.02069	0.02382	0.03729	0.06797	0.03659	0.16034	0.38325	0.02588	0.01983	0.02428	0.01936	0.10356	0.01726	0.00973	0.00931	0.00273	0.01292	0.01038	0.00462	0.01020
56	0.01069	0.00845	0.00962	0.00933	0.01175	0.00738	0.00700	0.01361	0.02099	0.02732	0.33866	0.07193	0.39531	0.01922	0.00981	0.00272	0.00408	0.01641	0.00836	0.00738
57	0.01187	0.00890	0.01335	0.01335	0.01483	0.01038	0.01038	0.01483	0.01335	0.01928	0.02225	0.03264	0.02077	0.06231	0.67512	0.01335	0.02225	0.00890	0.00445	0.00742
58	0.03103	0.03959	0.02354	0.02140	0.02568	0.67469	0.01605	0.03317	0.02354	0.02033	0.01284	0.01498	0.01070	0.00856	0.00749	0.00214	0.01498	0.00535	0.00428	0.00963
59	0.01012	0.00723	0.00964	0.01157	0.01205	0.00675	0.00771	0.01157	0.01591	0.02121	0.04579	0.70262	0.05495	0.02603	0.01060	0.00337	0.00482	0.02362	0.00771	0.00675
60	0.02484	0.01323	0.01489	0.01233	0.01655	0.01339	0.00989	0.17882	0.02444	0.18933	0.02666	0.02752	0.01930	0.00990	0.00706	0.00223	0.00598	0.00782	0.38489	0.01091
61	0.01012	0.00723	0.00964	0.01157	0.01205	0.00675	0.00771	0.01157	0.01591	0.02121	0.04579	0.70262	0.05495	0.02603	0.01060	0.00337	0.00482	0.02362	0.00771	0.00675
62	0.03108	0.03808	0.02367	0.02119	0.02569	0.61473	0.01603	0.08818	0.02498	0.02329	0.01350	0.01544	0.01102	0.00869	0.00757	0.00217	0.01444	0.00555	0.00465	0.01005
63	0.01208	0.00805	0.00906	0.00906	0.00906	0.00805	0.00503	0.01208	0.01208	0.01611	0.02618	0.05436	0.03020	0.70804	0.04228	0.00805	0.00805	0.01208	0.00503	0.00503
64	0.01010	0.00730	0.00957	0.01138	0.01200	0.00676	0.00763	0.01159	0.01608	0.02128	0.04806	0.66568	0.09042	0.02573	0.01056	0.00334	0.00478	0.02326	0.00771	0.00676
65	0.02054	0.02031	0.03187	0.12463	0.47909	0.05826	0.05214	0.02658	0.05591	0.02644	0.01649	0.02113	0.01346	0.00779	0.00828	0.00252	0.01032	0.00751	0.00433	0.01238
66	0.03103	0.03959	0.02354	0.02140	0.02568	0.67469	0.01605	0.03317	0.02354	0.02033	0.01284	0.01498	0.01070	0.00856	0.00749	0.00214	0.01498	0.00535	0.00428	0.00963
67	0.01187	0.00890	0.01335	0.01335	0.01483	0.01038	0.01038	0.01483	0.01335	0.01928	0.02225	0.03264	0.02077	0.06231	0.67512	0.01335	0.02225	0.00890	0.00445	0.00742
68	0.02249	0.02437	0.03495	0.04150	0.39518	0.15365	0.15331	0.02730	0.02001	0.02564	0.01531	0.01982	0.01254	0.00755	0.00842	0.00247	0.01181	0.00750	0.00417	0.01202
69	0.01671	0.01171	0.01056	0.01031	0.01245	0.08709	0.00780	0.02022	0.01745	0.02773	0.02459	0.02936	0.01995	0.01849	0.11974	0.00390	0.00831	0.00766	0.53806	0.00791
70	0.01107	0.00825	0.01130	0.01193	0.01315	0.00866	0.00871	0.01326	0.01477	0.02010	0.03750	0.25836	0.10726	0.08389	0.34182	0.00853	0.01358	0.01492	0.00594	0.00701
71	0.08426	0.03249	0.02238	0.01970	0.02450	0.43778	0.01514	0.13572	0.09857	0.02877	0.01644	0.01762	0.01290	0.00906	0.00757	0.00231	0.01236	0.00613	0.00553	0.01077
72	0.02148	0.02318	0.01862	0.01736	0.02066	0.27985	0.01326	0.02854	0.15309	0.02305	0.02096	0.02518	0.01771	0.02966	0.26251	0.00657	0.01594	0.00758	0.00525	0.00955
73	0.11049	0.18248	0.02661	0.01869	0.02368	0.46348	0.01487	0.03041	0.02106	0.02204	0.01242	0.01446	0.01050	0.00815	0.00676	0.00211	0.01272	0.00506	0.00422	0.00978
74	0.02056	0.01974	0.03372	0.05099	0.65622	0.01974	0.02550	0.02550	0.01892	0.02714	0.01563	0.02056	0.01316	0.00740	0.00822	0.00247	0.00987	0.00740	0.00411	0.01316
75	0.01059	0.00840	0.00952	0.00934	0.01172	0.00733	0.00697	0.01338	0.02061	0.02666	0.30544	0.09779	0.40349	0.01965	0.00984	0.00275	0.00412	0.01679	0.00828	0.00733
76	0.01789	0.01532	0.01622	0.01498	0.01910	0.01706	0.01169	0.03558	0.46987	0.03151	0.04529	0.04529	0.16225	0.01407	0.00893	0.00287	0.00613	0.04621	0.00825	0.01150
77	0.01726	0.03878	0.53932	0.02599	0.03748	0.01964	0.15217	0.02637	0.01796	0.02637	0.01530	0.01853	0.01095	0.00771	0.00828	0.00267	0.01263	0.00689	0.00365	0.01206
78	0.02974	0.03576	0.02671	0.02276	0.02779	0.52560	0.08818	0.09824	0.02479	0.02462	0.01410	0.01641	0.01131	0.00853	0.00785	0.00226	0.01422	0.00611	0.00472	0.01031
79	0.01208	0.00805	0.00906	0.00906	0.00906	0.00805	0.00503	0.01208	0.01208	0.01611	0.02618	0.05436	0.03020	0.70804	0.04228	0.00805	0.00805	0.01208	0.00503	0.00503
80	0.03158	0.02327	0.02493	0.01911	0.02576	0.02576	0.01579	0.62852	0.03906	0.05236	0.01995	0.01995	0.01413	0.00997	0.00831	0.00249	0.00914	0.00748	0.00831	0.01413
81	0.01185	0.00796	0.00913	0.00936	0.00941	0.00790	0.00535	0.01202	0.01253	0.01671	0.02850	0.13105	0.03313	0.62736	0.03854	0.00750	0.00767	0.01345	0.00535	0.00524
82	0.01208	0.00805	0.00906	0.00906	0.00906	0.00805	0.00503	0.01208	0.01208	0.01611	0.02618	0.05436	0.03020	0.70804	0.04228	0.00805	0.00805	0.01208	0.00503	0.00503
83	0.01012	0.00723	0.00964	0.01157	0.01205	0.00675	0.00771	0.01157	0.01591	0.02121	0.04579	0.70262	0.05495	0.02603	0.01060	0.00337	0.00482	0.02362	0.00771	0.00675
84	0.01038	0.00844	0.00920	0.00901	0.01157	0.00725	0.00676	0.01302	0.02027	0.02561	0.24975	0.07473	0.48527	0.01986	0.00981	0.00275	0.00412	0.01680	0.00813	0.00725
85	0.01087	0.00770	0.00926	0.01019	0.01076	0.00730	0.00648	0.01181	0.01474	0.01932	0.04251	0.37045	0.11581	0.29741	0.02314	0.00517	0.00604	0.01830	0.00664	0.00610
86	0.01199	0.00843	0.01098	0.01098	0.01164	0.00909	0.00742	0.01331	0.01265	0.01753	0.02442	0.04466	0.02599	0.41965	0.32492	0.01042	0.01439	0.01066	0.00477	0.00610
87	0.01208	0.00805	0.00906	0.00906	0.00906	0.00805	0.00503	0.01208	0.01208	0.01611	0.02618	0.05436	0.03020	0.70804	0.04228	0.00805	0.00805	0.01208	0.00503	0.00503
88	0.01108	0.00911	0.01003	0.01129	0.01252	0.03976	0.00778	0.01272	0.01702	0.02146	0.05346	0.51778	0.19768	0.02396	0.01026	0.00318	0.00517	0.02124	0.00754	0.00695
89	0.03103	0.03959	0.02354	0.02140	0.02568	0.67469	0.01605	0.03317	0.02354	0.02033	0.01284	0.01498	0.01070	0.00856	0.00749	0.00214	0.01498	0.00535	0.00428	0.00963
90	0.00982	0.00842	0.00842	0.00842	0.01122	0.00701	0.00631	0.01192	0.01894	0.02244	0.08416	0.07995	0.65285	0.02104	0.00982	0.00281	0.00421	0.01753	0.00771	0.00701
91	0.02056	0.01974	0.03372	0.05099	0.65622	0.01974	0.02550	0.02550	0.01892	0.02714	0.01563	0.02056	0.01316	0.00740	0.00822	0.00247	0.00987	0.00740	0.00411	0.01316
92	0.01235	0.00976	0.01402	0.15856	0.02339	0.01023	0.01272	0.01554	0.01747	0.02255	0.04304	0.28331	0.11387	0.02060	0.01030	0.00332	0.00702	0.20752	0.00682	0.00761
93	0.01569	0.01477	0.02492	0.68808	0.05722	0.01846	0.02307	0.02123	0.01661	0.02123	0.01477	0.02215	0.01107	0.00831	0.00831	0.00277	0.01107	0.00738	0.00369	0.00923
94	0.02877	0.03530	0.02574	0.02779	0.16190	0.53320	0.01809	0.03151	0.02254	0.02180	0.01344	0.01619	0.01123	0.00831	0.00765	0.00221	0.01388	0.00579	0.00424	0.01039
95	0.01193	0.00866	0.01215	0.01215	0.01322	0.00973	0.00889	0.01407	0.01300	0.01840	0.02335	0.03870	0.02340	0.24239	0.49863	0.01187	0.01829	0.00979	0.00461	0.00675
96	0.02198	0.20574	0.22930	0.02323	0.03155	0.17308	0.15183	0.02759	0.01919	0.02331	0.01400	0.01695	0.01105	0.00766	0.00757	0.00234	0.01242	0.00632	0.00385	0.01103
97	0.01666	0.04297	0.66500	0.02368	0.03596	0.01929	0.03069	0.02631	0.01754	0.02631	0.01491	0.01754	0.01052	0.00789	0.00789	0.00263	0.01228	0.00614	0.00351	0.01228
98	0.01549	0.00774	0.00774	0.00774	0.00968	0.00774	0.00581	0.01936	0.01742	0.03097	0.02710	0.03097	0.02129	0.00968	0.00581	0.00194	0.00387	0.00774	0.75416	0.00774
99	0.01026	0.00803	0.00933	0.01008	0.01190	0.00710	0.00728	0.01235	0.01821	0.02305	0.11867	0.31325	0.35053	0.02264	0.01018	0.00305	0.00456	0.04470	0.00784	0.00701
100	0.02050	0.17039	0.06556	0.07147	0.46150	0.02249	0.02319	0.02520	0.01830	0.02518	0.01467	0.01893	0.01240	0.00740	0.00759	0.00234	0.00983	0.00670	0.00394	0.01239
101	0.00982	0.00842	0.00842	0.00842	0.01122	0.00701	0.00631	0.01192	0.01894	0.02244	0.08416	0.07995	0.65285	0.02104	0.00982	0.00281	0.00421	0.01753	0.00771	0.00701
102	0.01949	0.01878	0.01599	0.01527	0.01804	0.18814	0.01126	0.12539	0.02245	0.02693	0.05624	0.33827	0.07442	0.01793	0.00930	0.00283	0.00821	0.01524	0.00695	0.00886
103	0.01712	0.09868	0.61333	0.02289	0.03474	0.02042	0.02932	0.02619	0.01748	0.02575	0.01463	0.01719	0.01053	0.00783	0.00768	0.00256	0.01200	0.00600	0.00351	0.01214
104	0.01187	0.00890	0.01335	0.01335	0.01483	0.01038	0.01038	0.01483	0.01335	0.01928	0.02225	0.03264	0.02077	0.06231	0.67512	0.01335	0.02225	0.00890	0.00445	0.00742
105	0.03321	0.01597	0.01985	0.01573	0.02183	0.01554	0.01283	0.11079	0.15156	0.46189	0.03147	0.02785	0.02078	0.01045	0.00837	0.00261	0.00721	0.00846	0.00968	0.01393
106	0.02047	0.02056	0.02918	0.04010	0.44368	0.09652	0.02180	0.02455	0.01821	0.02470	0.01573	0.02124	0.01365	0.01521	0.09544	0.00393	0.07191	0.00734	0.00413	0.01165
107	0.02568	0.01966	0.02401	0.02438	0.15959	0.02102	0.01636	0.32605	0.10544	0.07096	0.06234	0.02787	0.05733	0.01066	0.00849	0.00256	0.00829	0.00878	0.00753	0.01301
108	0.03103	0.03959	0.02354	0.02140	0.02568	0.67469	0.01605	0.03317	0.02354	0.02033	0.01284	0.01498	0.01070	0.00856	0.00749	0.00214	0.01498	0.00535	0.00428	0.00963
109	0.02694	0.18149	0.02758	0.01951	0.02384	0.43957	0.01560	0.02920	0.02054	0.02008	0.01281	0.01577	0.01118	0.01136	0.04017	0.00274	0.08236	0.00551	0.00407	0.00970
110	0.01203	0.00824	0.00999	0.00999	0.01031	0.00856	0.00619	0.01268	0.01236	0.01679	0.02533	0.04967	0.02816	0.56854	0.17900	0.00920	0.01112	0.01139	0.00491	0.00555
111	0.01163	0.00798	0.00969	0.01011	0.01039	0.00805	0.00625	0.01230	0.01306	0.01759	0.02995	0.19184	0.03443	0.48432	0.11030	0.00767	0.00903	0.01420	0.00554	0.00569
112	0.01032	0.00738	0.00981	0.01144	0.01209	0.00688	0.00773	0.01205	0.01681	0.02264	0.11748	0.62685	0.05772	0.02496	0.01051	0.00328	0.00471	0.02260	0.00788	0.00688
113	0.02683	0.03260	0.02416	0.02154	0.02442	0.46263	0.01675	0.02887	0.02001	0.02022	0.01221	0.01602	0.01077	0.01051	0.01395	0.00263	0.23639	0.00598	0.00407	0.00945
114	0.01833	0.01576	0.01773	0.01379	0.02030	0.01416	0.01091	0.02840	0.21836	0.02955	0.02090	0.02166	0.01651	0.00780	0.00689	0.00174	0.00629	0.00636	0.00606	0.51847
115	0.01012	0.00723	0.00964	0.01157	0.01205	0.00675	0.00771	0.01157	0.01591	0.02121	0.04579	0.70262	0.05495	0.02603	0.01060	0.00337	0.00482	0.02362	0.00771	0.00675
116	0.01952	0.02214	0.04754	0.03418	0.04206	0.02129	0.58784	0.02619	0.01918	0.02619	0.01644	0.02214	0.01250	0.00748	0.01090	0.00285	0.05667	0.00964	0.00417	0.01107
117	0.01187	0.00890	0.01335	0.01335	0.01483	0.01038	0.01038	0.01483	0.01335	0.01928	0.02225	0.03264	0.02077	0.06231	0.67512	0.01335	0.02225	0.00890	0.00445	0.00742
118	0.02078	0.02296	0.03378	0.02611	0.03187	0.16185	0.31708	0.05214	0.01984	0.02463	0.01739	0.02313	0.01422	0.02078	0.16923	0.00518	0.01598	0.00851	0.00446	0.01008
119	0.01102	0.00846	0.01008	0.00967	0.01196	0.00752	0.00726	0.01424	0.02177	0.02916	0.43495	0.06889	0.29787	0.01853	0.00981	0.00269	0.00403	0.01598	0.00860	0.00752
120	0.01187	0.00890	0.01335	0.01335	0.01483	0.01038	0.01038	0.01483	0.01335	0.01928	0.02225	0.03264	0.02077	0.06231	0.67512	0.01335	0.02225	0.00890	0.00445	0.00742
121	0.02006	0.01921	0.03253	0.04899	0.62590	0.01914	0.02459	0.02486	0.01892	0.02692	0.01885	0.02335	0.04323	0.00804	0.00830	0.00248	0.00960	0.00788	0.00428	0.01287
122	0.01062	0.00748	0.00971	0.01130	0.01176	0.00711	0.00750	0.01192	0.01538	0.02047	0.04222	0.55905	0.05022	0.14703	0.01627	0.00423	0.00553	0.04848	0.00723	0.00649
123	0.01187	0.00890	0.01335	0.01335	0.01483	0.01038	0.01038	0.01483	0.01335	0.01928	0.02225	0.03264	0.02077	0.06231	0.67512	0.01335	0.02225	0.00890	0.00445	0.00742
124	0.01458	0.01121	0.01212	0.01141	0.01474	0.01101	0.00869	0.02252	0.18453	0.06664	0.10731	0.09938	0.36855	0.01777	0.00941	0.00281	0.00503	0.01497	0.00818	0.00913
125	0.01475	0.01347	0.02137	0.01787	0.02078	0.04512	0.15848	0.01787	0.01504	0.02028	0.02150	0.03501	0.02078	0.21632	0.31426	0.00885	0.01616	0.00978	0.00454	0.00782
126	0.01166	0.00788	0.00919	0.00960	0.00971	0.00777	0.00561	0.01197	0.01291	0.01721	0.03041	0.19441	0.03555	0.56070	0.03544	0.00704	0.00736	0.01457	0.00561	0.00540
127	0.00982	0.00842	0.00842	0.00842	0.01122	0.00701	0.00631	0.01192	0.01894	0.02244	0.08416	0.07995	0.65285	0.02104	0.00982	0.00281	0.00421	0.01753	0.00771	0.00701
128	0.01606	0.01116	0.01230	0.01111	0.01247	0.01167	0.00723	0.13786	0.01759	0.02350	0.02490	0.04734	0.02692	0.56561	0.03535	0.00692	0.00828	0.01114	0.00570	0.00689
129	0.08976	0.03633	0.10181	0.02157	0.02724	0.47464	0.05557	0.05431	0.02239	0.02410	0.01351	0.01583	0.01079	0.00837	0.00752	0.00229	0.01366	0.00574	0.00441	0.01017
130	0.02040	0.02018	0.03625	0.04834	0.55472	0.01995	0.12497	0.02568	0.01903	0.02705	0.01582	0.02087	0.01307	0.00734	0.00849	0.00252	0.01055	0.00780	0.00413	0.01284
131	0.01024	0.00728	0.00960	0.01141	0.01186	0.00683	0.00754	0.01160	0.01566	0.02089	0.04455	0.66188	0.05339	0.06889	0.01259	0.00367	0.00502	0.02289	0.00754	0.00664
132	0.01957	0.26144	0.35951	0.02246	0.06070	0.05623	0.06171	0.02615	0.01781	0.02384	0.01385	0.01647	0.01083	0.00759	0.00716	0.00233	0.01129	0.00583	0.00363	0.01159
133	0.02494	0.14609	0.13832	0.02660	0.16293	0.20776	0.02023	0.12665	0.02295	0.02794	0.01474	0.01716	0.01176	0.00818	0.00749	0.00229	0.01144	0.00612	0.00465	0.01175
134	0.01638	0.00825	0.00905	0.00878	0.01093	0.00830	0.00669	0.02011	0.01735	0.06712	0.02690	0.03100	0.02119	0.01553	0.07998	0.00324	0.00609	0.00791	0.62711	0.00809
135	0.00992	0.00803	0.00881	0.00943	0.01149	0.00693	0.00676	0.01181	0.01796	0.02204	0.07179	0.28066	0.46013	0.02265	0.01007	0.00299	0.00441	0.01949	0.00771	0.00693
136	0.05399	0.34763	0.06218	0.01685	0.02342	0.17615	0.01520	0.12426	0.02194	0.02648	0.01355	0.01521	0.01126	0.00791	0.00647	0.00201	0.01022	0.00525	0.00463	0.05539
137	0.01030	0.00843	0.00908	0.00892	0.01152	0.00722	0.00669	0.01286	0.02007	0.02515	0.22530	0.07550	0.51002	0.02003	0.00981	0.00276	0.00414	0.01691	0.00807	0.00722
138	0.01032	0.00745	0.00978	0.01128	0.01206	0.00690	0.00767	0.01212	0.01704	0.02285	0.12692	0.59082	0.08477	0.02462	0.01046	0.00325	0.00467	0.02222	0.00790	0.00690
