[name]
unknown

[dist]
# distance from previous block
# <min> <max>
0	3

[block]
# block no. 0 follows, 19 sequences, length 13
# corresponding to MSA columns:
# 3-15
name=unknown_A
#
# <colnr> <probs for GDERKNQSTAVLIFYWHMCP>
#	G	D	E	R	K	N	Q	S	T	A	V	L	I	F	Y	W	H	M	C	P
0	0.01666	0.01348	0.02078	0.02765	0.19625	0.01348	0.01821	0.02113	0.02053	0.02749	0.03849	0.07801	0.04064	0.01985	0.01134	0.00369	0.00893	0.40628	0.00713	0.00996
1	0.02373	0.01723	0.02437	0.02960	0.25234	0.01669	0.01740	0.08068	0.05446	0.14513	0.03909	0.03911	0.16044	0.01242	0.00920	0.00272	0.00817	0.01072	0.00730	0.04922
2	0.01898	0.01977	0.01959	0.01864	0.04757	0.16206	0.05892	0.02387	0.07540	0.02543	0.04327	0.20143	0.16820	0.01697	0.00973	0.00288	0.00891	0.01460	0.00684	0.05693
3	0.02744	0.02809	0.02763	0.08967	0.19517	0.24490	0.02009	0.07976	0.11458	0.05645	0.01987	0.02220	0.01547	0.00950	0.00864	0.00263	0.01197	0.00756	0.00582	0.01256
4	0.01622	0.01251	0.01399	0.01320	0.01676	0.01223	0.01069	0.13027	0.02499	0.03179	0.09663	0.07575	0.34034	0.02055	0.01067	0.00320	0.00643	0.14598	0.00850	0.00928
5	0.23250	0.01918	0.02794	0.14751	0.35364	0.02067	0.02184	0.02633	0.01845	0.03130	0.01540	0.02023	0.01248	0.00824	0.00791	0.00275	0.00977	0.00706	0.00467	0.01214
6	0.16672	0.02222	0.12021	0.02720	0.19265	0.01782	0.01933	0.03144	0.02044	0.20115	0.02095	0.02216	0.01501	0.00886	0.00799	0.00261	0.00910	0.00719	0.00648	0.08043
7	0.01641	0.01303	0.01375	0.01243	0.01595	0.01309	0.00939	0.11103	0.10967	0.03091	0.09133	0.06356	0.33598	0.10611	0.01469	0.00370	0.00627	0.01498	0.00823	0.00950
8	0.01204	0.00826	0.01005	0.01100	0.01124	0.00802	0.00675	0.01276	0.01491	0.01988	0.03793	0.34506	0.04482	0.38230	0.02980	0.00635	0.00707	0.01874	0.00675	0.00627
9	0.01260	0.00988	0.01446	0.16573	0.02436	0.01060	0.01215	0.01518	0.01680	0.02227	0.03811	0.43367	0.04352	0.07890	0.05500	0.00458	0.00827	0.01929	0.00683	0.00779
10	0.02684	0.01577	0.02193	0.02329	0.14076	0.01562	0.01536	0.03475	0.13166	0.26300	0.10382	0.03439	0.02928	0.01778	0.08047	0.00409	0.00951	0.00996	0.00855	0.01317
11	0.01285	0.00958	0.01306	0.01628	0.08049	0.00929	0.00948	0.01431	0.01613	0.02173	0.03871	0.40098	0.04535	0.24349	0.02243	0.00519	0.00695	0.01938	0.00692	0.00742
12	0.01257	0.00939	0.01393	0.01416	0.01564	0.01075	0.01086	0.01558	0.01468	0.02100	0.02678	0.10682	0.02646	0.06275	0.57911	0.01318	0.02188	0.01135	0.00518	0.00791

[dist]
# distance from previous block
# <min> <max>
0	1

[block]
# block no. 1 follows, 19 sequences, length 62
# corresponding to MSA columns:
# 17-78
name=unknown_B
#
# <colnr> <probs for GDERKNQSTAVLIFYWHMCP>
#	G	D	E	R	K	N	Q	S	T	A	V	L	I	F	Y	W	H	M	C	P
0	0.02986	0.02211	0.02411	0.01903	0.02525	0.02436	0.01559	0.48996	0.03730	0.04994	0.02686	0.02781	0.06108	0.01805	0.08229	0.00405	0.01107	0.00903	0.00843	0.01382
1	0.01643	0.01026	0.01310	0.01409	0.05741	0.00995	0.00833	0.01758	0.01600	0.08725	0.06351	0.11100	0.03542	0.46357	0.03372	0.00679	0.00813	0.01353	0.00648	0.00748
2	0.01346	0.01026	0.01230	0.01207	0.01383	0.01080	0.00859	0.01788	0.08365	0.02224	0.04134	0.05406	0.15777	0.26349	0.23023	0.00865	0.01256	0.01284	0.00627	0.00772
3	0.01259	0.00986	0.01279	0.01402	0.05843	0.00901	0.00938	0.01606	0.02268	0.03071	0.36907	0.13877	0.22373	0.01983	0.01053	0.00295	0.00489	0.01737	0.00885	0.00849
4	0.01202	0.00912	0.01198	0.01462	0.05780	0.00857	0.00902	0.01371	0.01722	0.02264	0.05006	0.43755	0.14126	0.13134	0.01658	0.00427	0.00605	0.02111	0.00756	0.00752
5	0.06524	0.00876	0.01030	0.01167	0.01310	0.00827	0.00808	0.01356	0.01769	0.02440	0.05550	0.50268	0.17778	0.02542	0.01080	0.00344	0.00518	0.02250	0.00810	0.00751
6	0.01992	0.01595	0.01734	0.01568	0.02006	0.01749	0.01214	0.03746	0.40535	0.06455	0.14106	0.04608	0.11972	0.01456	0.00954	0.00298	0.00628	0.01228	0.00921	0.01235
7	0.01330	0.00996	0.01463	0.01446	0.01601	0.01175	0.01129	0.01649	0.01459	0.02149	0.02370	0.03435	0.02192	0.06172	0.58736	0.01324	0.05165	0.00944	0.04456	0.00809
8	0.19719	0.01378	0.01542	0.01326	0.01790	0.01382	0.01055	0.02951	0.07743	0.21006	0.22735	0.04165	0.06970	0.01346	0.00877	0.00282	0.00613	0.01096	0.00903	0.01119
9	0.01083	0.00806	0.01010	0.01173	0.01278	0.00733	0.00798	0.01254	0.01783	0.02312	0.05822	0.55174	0.18143	0.02687	0.01124	0.00350	0.00505	0.02402	0.00831	0.00733
10	0.01429	0.00971	0.01064	0.01023	0.01351	0.00822	0.00773	0.01664	0.02074	0.10028	0.07990	0.13434	0.49819	0.02171	0.01046	0.00305	0.00498	0.01826	0.00865	0.00848
11	0.01140	0.00847	0.01035	0.01114	0.01255	0.00772	0.00771	0.01355	0.01929	0.02546	0.18137	0.34808	0.19754	0.08576	0.01420	0.00378	0.00515	0.02072	0.00837	0.00742
12	0.02112	0.02413	0.05279	0.03771	0.04676	0.02262	0.59729	0.02866	0.02112	0.02866	0.01810	0.02413	0.01357	0.00754	0.01056	0.00302	0.01508	0.01056	0.00452	0.01207
13	0.03174	0.01911	0.02140	0.01683	0.02284	0.02007	0.01377	0.34221	0.03311	0.18983	0.02644	0.02618	0.01853	0.01075	0.00838	0.00258	0.00809	0.00834	0.16607	0.01373
14	0.01635	0.01368	0.01474	0.01489	0.01808	0.04771	0.01222	0.05511	0.09594	0.02870	0.05668	0.07832	0.23086	0.02080	0.01093	0.00344	0.00742	0.25666	0.00821	0.00928
15	0.01278	0.00959	0.01438	0.01438	0.01598	0.01118	0.01118	0.01598	0.01438	0.02077	0.02396	0.03515	0.02237	0.06710	0.65013	0.01438	0.02396	0.00959	0.00479	0.00799
16	0.01123	0.00802	0.01076	0.01283	0.01349	0.00755	0.00887	0.01302	0.01745	0.02320	0.04913	0.62595	0.05846	0.02772	0.01151	0.00368	0.00547	0.07600	0.00830	0.00736
17	0.01622	0.00844	0.00881	0.00881	0.01075	0.00854	0.00653	0.02010	0.01816	0.03166	0.02879	0.03484	0.02342	0.05092	0.05041	0.00325	0.00571	0.00867	0.64782	0.00816
18	0.02455	0.02243	0.02011	0.01662	0.02162	0.15317	0.01260	0.17175	0.05123	0.03209	0.02073	0.02899	0.01861	0.17062	0.01693	0.00371	0.01001	0.00816	0.00628	0.18977
19	0.02214	0.02126	0.03631	0.05491	0.62978	0.02126	0.02746	0.02746	0.02037	0.02923	0.01683	0.02214	0.01417	0.00797	0.00886	0.00266	0.01063	0.00797	0.00443	0.01417
20	0.01349	0.00859	0.00982	0.00999	0.01050	0.00864	0.00614	0.01455	0.01447	0.02089	0.02986	0.10379	0.03240	0.47350	0.07083	0.00740	0.00846	0.01299	0.13742	0.00625
21	0.01763	0.01053	0.01186	0.01070	0.01465	0.00889	0.00831	0.02019	0.02164	0.17027	0.07742	0.07281	0.48191	0.01989	0.01020	0.00296	0.00527	0.01652	0.00897	0.00938
22	0.02596	0.01905	0.02112	0.01776	0.02260	0.02062	0.01398	0.39543	0.03338	0.04471	0.03117	0.25063	0.03052	0.01676	0.00981	0.00302	0.00822	0.01410	0.00873	0.01245
23	0.02345	0.01981	0.02090	0.01845	0.02372	0.02281	0.01445	0.10366	0.55555	0.03935	0.03490	0.03217	0.02608	0.01200	0.00909	0.00300	0.00736	0.00991	0.00909	0.01427
24	0.01301	0.00867	0.00976	0.00976	0.00976	0.00867	0.00542	0.01301	0.01301	0.01735	0.02819	0.05855	0.03253	0.68559	0.04554	0.00867	0.00867	0.01301	0.00542	0.00542
25	0.03112	0.02072	0.02935	0.02238	0.02950	0.02104	0.14041	0.20355	0.13208	0.23126	0.02775	0.02698	0.01917	0.01040	0.00934	0.00284	0.00978	0.00925	0.00870	0.01436
26	0.01832	0.01476	0.01559	0.01426	0.01857	0.01562	0.01103	0.03283	0.33440	0.06376	0.05901	0.05525	0.27728	0.01648	0.00971	0.00301	0.00604	0.01372	0.00888	0.01146
27	0.02214	0.02126	0.03631	0.05491	0.62978	0.02126	0.02746	0.02746	0.02037	0.02923	0.01683	0.02214	0.01417	0.00797	0.00886	0.00266	0.01063	0.00797	0.00443	0.01417
28	0.05406	0.01037	0.01139	0.01077	0.01426	0.00919	0.00841	0.01820	0.02127	0.10327	0.12964	0.07435	0.42621	0.02014	0.01022	0.00303	0.00526	0.05255	0.00866	0.00876
29	0.01812	0.01715	0.02905	0.52159	0.19452	0.02020	0.02546	0.02393	0.01847	0.02435	0.01612	0.02345	0.01245	0.00872	0.00892	0.00291	0.01162	0.00796	0.00408	0.01093
30	0.01224	0.01003	0.01091	0.01052	0.01348	0.00917	0.00794	0.01719	0.07690	0.02866	0.23420	0.07584	0.41985	0.02047	0.01043	0.00296	0.00468	0.01732	0.00881	0.00841
31	0.02026	0.01279	0.01471	0.01265	0.01655	0.01198	0.00956	0.10302	0.02296	0.13508	0.08140	0.08823	0.21436	0.14378	0.01646	0.00390	0.00679	0.01370	0.00820	0.06365
32	0.02753	0.01928	0.02065	0.01665	0.02187	0.02101	0.01336	0.39932	0.03363	0.04703	0.02516	0.06133	0.02031	0.04728	0.01037	0.00291	0.00818	0.00931	0.18217	0.01263
33	0.01388	0.01014	0.01284	0.01302	0.01396	0.01080	0.00902	0.05205	0.01676	0.02281	0.03428	0.28901	0.03881	0.24762	0.13213	0.00706	0.04519	0.01661	0.00657	0.00744
34	0.01984	0.01042	0.01315	0.01227	0.01506	0.00938	0.00889	0.02195	0.01990	0.20000	0.09031	0.22458	0.13859	0.15326	0.01735	0.00423	0.00641	0.01643	0.00864	0.00933
35	0.03401	0.02506	0.02685	0.02058	0.02774	0.02774	0.01700	0.59995	0.04206	0.05638	0.02148	0.02148	0.01521	0.01074	0.00895	0.00268	0.00984	0.00805	0.00895	0.01521
36	0.01301	0.00867	0.00976	0.00976	0.00976	0.00867	0.00542	0.01301	0.01301	0.01735	0.02819	0.05855	0.03253	0.68559	0.04554	0.00867	0.00867	0.01301	0.00542	0.00542
37	0.19064	0.01005	0.01201	0.01168	0.01300	0.01071	0.00823	0.01515	0.01251	0.02141	0.01480	0.02417	0.01414	0.02564	0.02794	0.56372	0.00757	0.00707	0.00428	0.00527
38	0.01496	0.01020	0.01135	0.01076	0.01143	0.01045	0.00650	0.06756	0.01571	0.02098	0.02757	0.05510	0.03092	0.62287	0.04214	0.00812	0.00878	0.01255	0.00575	0.00633
39	0.02375	0.01651	0.01775	0.01553	0.02018	0.01819	0.01220	0.10502	0.32603	0.09416	0.03254	0.03169	0.02418	0.01140	0.00828	0.00270	0.00665	0.00927	0.21119	0.01277
40	0.02713	0.01877	0.02322	0.02361	0.12428	0.01984	0.01609	0.10196	0.28593	0.17723	0.03390	0.03209	0.05183	0.01156	0.00909	0.00287	0.00797	0.00970	0.00873	0.01420
41	0.01404	0.00835	0.00913	0.00962	0.01109	0.00806	0.00665	0.01670	0.01760	0.02721	0.04049	0.19393	0.09959	0.12898	0.01451	0.00365	0.00520	0.01427	0.36342	0.00751
42	0.01442	0.01030	0.01442	0.01648	0.01854	0.01030	0.01442	0.01854	0.02060	0.02677	0.04737	0.10092	0.05149	0.02471	0.01236	0.00412	0.00824	0.56956	0.00824	0.00824
43	0.01973	0.01703	0.01782	0.01623	0.02085	0.01908	0.01257	0.04006	0.48569	0.03457	0.04810	0.04475	0.15644	0.01441	0.00942	0.00303	0.00653	0.01201	0.00893	0.01274
44	0.01093	0.00822	0.01013	0.01146	0.01276	0.00742	0.00790	0.01285	0.01855	0.02405	0.09812	0.47826	0.21506	0.02593	0.01113	0.00341	0.00495	0.02305	0.00841	0.00742
45	0.01554	0.00777	0.01166	0.01166	0.01166	0.00777	0.00777	0.01166	0.01166	0.01554	0.01554	0.02720	0.01554	0.03108	0.03497	0.73970	0.00777	0.00777	0.00389	0.00389
46	0.01668	0.00834	0.00834	0.00834	0.01042	0.00834	0.00625	0.02085	0.01876	0.03335	0.02918	0.03335	0.02293	0.01042	0.00625	0.00208	0.00417	0.00834	0.73525	0.00834
47	0.01791	0.01712	0.02420	0.02125	0.02164	0.02342	0.01751	0.02017	0.01387	0.02134	0.01474	0.02340	0.01435	0.02829	0.18178	0.00648	0.51078	0.00826	0.00413	0.00934
48	0.01230	0.01003	0.01099	0.01059	0.01352	0.00919	0.00799	0.01731	0.07704	0.02900	0.24975	0.07528	0.40409	0.02034	0.01043	0.00296	0.00467	0.01724	0.00885	0.00844
49	0.02215	0.02107	0.03482	0.05150	0.57341	0.02135	0.02622	0.02932	0.07551	0.02999	0.01865	0.02319	0.01539	0.00836	0.00888	0.00269	0.01030	0.00817	0.00486	0.01417
50	0.01668	0.00834	0.00834	0.00834	0.01042	0.00834	0.00625	0.02085	0.01876	0.03335	0.02918	0.03335	0.02293	0.01042	0.00625	0.00208	0.00417	0.00834	0.73525	0.00834
51	0.01102	0.00784	0.01035	0.01230	0.01279	0.00735	0.00814	0.01249	0.01690	0.02253	0.04812	0.64471	0.05767	0.06512	0.01334	0.00392	0.00539	0.02473	0.00814	0.00716
52	0.01239	0.00900	0.01050	0.01113	0.01285	0.00866	0.00787	0.01556	0.04461	0.02447	0.05425	0.27661	0.21642	0.08834	0.07352	0.00471	0.00704	0.01806	0.09631	0.00769
53	0.02217	0.02082	0.03285	0.04700	0.49899	0.02147	0.02459	0.03179	0.14830	0.03100	0.02105	0.02457	0.01700	0.00887	0.00891	0.00274	0.00986	0.00843	0.00544	0.01417
54	0.03303	0.07065	0.02642	0.02254	0.02745	0.58146	0.01718	0.07214	0.02612	0.02411	0.01427	0.01640	0.01176	0.00925	0.00802	0.00231	0.01543	0.00587	0.00486	0.01074
55	0.01872	0.01605	0.01863	0.01347	0.02129	0.01238	0.01076	0.02364	0.04497	0.02952	0.01681	0.01921	0.01388	0.00687	0.00674	0.00140	0.00665	0.00551	0.00547	0.70804
56	0.74878	0.01730	0.01315	0.01177	0.01730	0.02007	0.00969	0.02630	0.01523	0.04014	0.01246	0.01453	0.00969	0.00830	0.00554	0.00277	0.00692	0.00484	0.00554	0.00969
57	0.01358	0.01021	0.01289	0.01231	0.01376	0.01079	0.00886	0.01719	0.04971	0.02602	0.23534	0.05512	0.08050	0.23278	0.13787	0.00680	0.04804	0.01336	0.00710	0.00776
58	0.01090	0.00779	0.01038	0.01246	0.01298	0.00727	0.00830	0.01246	0.01713	0.02284	0.04931	0.67975	0.05917	0.02803	0.01142	0.00363	0.00519	0.02543	0.00830	0.00727
59	0.02930	0.03246	0.02419	0.06326	0.02866	0.36613	0.01688	0.09984	0.19027	0.03005	0.02108	0.02202	0.01634	0.01018	0.00851	0.00259	0.01265	0.00737	0.00629	0.01193
60	0.18228	0.02923	0.25598	0.09582	0.14708	0.02107	0.05703	0.02679	0.01809	0.03022	0.01527	0.01938	0.01171	0.00873	0.00917	0.00287	0.04600	0.00690	0.00436	0.01202
61	0.02762	0.06194	0.12945	0.01969	0.02717	0.02341	0.01822	0.26948	0.15764	0.09837	0.05671	0.02646	0.02129	0.01092	0.00882	0.00276	0.00930	0.00860	0.00807	0.01408

[dist]
# distance from previous block
# <min> <max>
0	5

[block]
# block no. 2 follows, 19 sequences, length 89
# corresponding to MSA columns:
# 84-172
name=unknown_C
#
# <colnr> <probs for GDERKNQSTAVLIFYWHMCP>
#	G	D	E	R	K	N	Q	S	T	A	V	L	I	F	Y	W	H	M	C	P
0	0.01855	0.16187	0.41956	0.02357	0.06622	0.02218	0.02652	0.02632	0.01872	0.02635	0.02090	0.02361	0.05403	0.01219	0.04004	0.00324	0.01233	0.00733	0.00418	0.01230
1	0.24610	0.11690	0.02442	0.01870	0.02397	0.38389	0.01476	0.03178	0.02142	0.02724	0.01324	0.01543	0.01097	0.00875	0.00702	0.00239	0.01255	0.00536	0.00479	0.01031
2	0.01314	0.01119	0.01160	0.01129	0.01468	0.01068	0.00867	0.02018	0.14110	0.02699	0.07746	0.07611	0.47590	0.02062	0.01036	0.00308	0.00523	0.04432	0.00847	0.00893
3	0.02421	0.19205	0.02782	0.06219	0.02602	0.19473	0.01548	0.03391	0.20033	0.02651	0.02504	0.02614	0.04910	0.01357	0.04313	0.00317	0.01129	0.00788	0.00594	0.01149
4	0.01914	0.06735	0.36388	0.02234	0.07068	0.01787	0.02387	0.02628	0.01996	0.08833	0.03448	0.03501	0.14964	0.01183	0.00889	0.00281	0.01035	0.00958	0.00557	0.01213
5	0.05199	0.01167	0.01817	0.07795	0.02250	0.01282	0.06939	0.01851	0.01623	0.02434	0.02565	0.10991	0.02437	0.04182	0.34600	0.00895	0.01666	0.01107	0.08338	0.00861
6	0.02313	0.33710	0.15207	0.02378	0.06003	0.09549	0.10909	0.02810	0.01943	0.02406	0.01430	0.01750	0.01193	0.00835	0.00848	0.00242	0.04246	0.00641	0.00404	0.01182
7	0.17020	0.10522	0.02492	0.05065	0.02477	0.23995	0.01573	0.02750	0.01919	0.02556	0.01801	0.02129	0.05107	0.01114	0.01224	0.00279	0.15810	0.00688	0.00476	0.01003
8	0.06246	0.02818	0.02668	0.17563	0.12869	0.27943	0.02017	0.02889	0.02081	0.02451	0.01459	0.01925	0.01204	0.00945	0.01038	0.00266	0.08032	0.00676	0.00444	0.04466
9	0.01548	0.18102	0.06325	0.01314	0.01757	0.01664	0.01185	0.01902	0.02089	0.02709	0.22396	0.05449	0.23638	0.01629	0.01019	0.00272	0.04042	0.01317	0.00713	0.00930
10	0.06356	0.19339	0.09949	0.02707	0.14406	0.10978	0.04625	0.15606	0.02494	0.03272	0.01613	0.01862	0.01282	0.00873	0.00787	0.00247	0.01121	0.00672	0.00530	0.01280
11	0.01436	0.01053	0.01458	0.01584	0.01795	0.01100	0.01339	0.01933	0.04892	0.02641	0.07007	0.08122	0.04542	0.03322	0.15424	0.00629	0.01149	0.38969	0.00759	0.00849
12	0.01668	0.00834	0.00834	0.00834	0.01042	0.00834	0.00625	0.02085	0.01876	0.03335	0.02918	0.03335	0.02293	0.01042	0.00625	0.00208	0.00417	0.00834	0.73525	0.00834
13	0.02028	0.02264	0.12632	0.03333	0.27305	0.05346	0.02204	0.02580	0.02145	0.05923	0.11307	0.04163	0.03070	0.01265	0.00960	0.00294	0.00987	0.10382	0.00611	0.01199
14	0.02186	0.02096	0.03579	0.08826	0.59868	0.02118	0.02731	0.02721	0.02024	0.02888	0.01678	0.02224	0.01405	0.00802	0.00886	0.00267	0.01070	0.00797	0.00440	0.01394
15	0.01668	0.00834	0.00834	0.00834	0.01042	0.00834	0.00625	0.02085	0.01876	0.03335	0.02918	0.03335	0.02293	0.01042	0.00625	0.00208	0.00417	0.00834	0.73525	0.00834
16	0.03342	0.04264	0.02535	0.02305	0.02766	0.64967	0.01729	0.03572	0.02535	0.02190	0.01383	0.01613	0.01152	0.00922	0.00807	0.00230	0.01613	0.00576	0.00461	0.01037
17	0.01126	0.00794	0.01028	0.01200	0.01243	0.00751	0.00782	0.01255	0.01643	0.02191	0.04573	0.57432	0.05465	0.13962	0.01721	0.00449	0.00578	0.02333	0.00782	0.00695
18	0.01398	0.01064	0.01320	0.01310	0.01571	0.00950	0.00933	0.04800	0.01887	0.02619	0.04001	0.48969	0.04607	0.02210	0.01017	0.00305	0.00579	0.01980	0.00765	0.17716
19	0.02214	0.02126	0.03631	0.05491	0.62978	0.02126	0.02746	0.02746	0.02037	0.02923	0.01683	0.02214	0.01417	0.00797	0.00886	0.00266	0.01063	0.00797	0.00443	0.01417
20	0.01288	0.02019	0.19762	0.01409	0.02011	0.01155	0.01473	0.01767	0.02019	0.02599	0.09472	0.06505	0.41558	0.01821	0.00995	0.00295	0.00711	0.01508	0.00703	0.00929
21	0.02214	0.02126	0.03631	0.05491	0.62978	0.02126	0.02746	0.02746	0.02037	0.02923	0.01683	0.02214	0.01417	0.00797	0.00886	0.00266	0.01063	0.00797	0.00443	0.01417
22	0.01690	0.01590	0.02683	0.66408	0.06162	0.01988	0.02485	0.02286	0.01789	0.02286	0.01590	0.02385	0.01193	0.00894	0.00894	0.00298	0.01193	0.00795	0.00398	0.00994
23	0.03538	0.02287	0.02549	0.01954	0.02665	0.02449	0.01615	0.47596	0.03840	0.18555	0.02456	0.02348	0.01676	0.01081	0.00896	0.00270	0.00935	0.00826	0.00942	0.01522
24	0.01957	0.01957	0.02740	0.02349	0.02349	0.02740	0.01957	0.02153	0.01370	0.02153	0.01174	0.01957	0.01174	0.01566	0.02936	0.00391	0.66921	0.00783	0.00391	0.00979
25	0.01957	0.01957	0.02740	0.02349	0.02349	0.02740	0.01957	0.02153	0.01370	0.02153	0.01174	0.01957	0.01174	0.01566	0.02936	0.00391	0.66921	0.00783	0.00391	0.00979
26	0.01668	0.00834	0.00834	0.00834	0.01042	0.00834	0.00625	0.02085	0.01876	0.03335	0.02918	0.03335	0.02293	0.01042	0.00625	0.00208	0.00417	0.00834	0.73525	0.00834
27	0.03401	0.02506	0.02685	0.02058	0.02774	0.02774	0.01700	0.59995	0.04206	0.05638	0.02148	0.02148	0.01521	0.01074	0.00895	0.00268	0.00984	0.00805	0.00895	0.01521
28	0.01595	0.01034	0.01301	0.01187	0.01478	0.00959	0.00906	0.02096	0.05602	0.10074	0.46297	0.06341	0.14113	0.01770	0.01031	0.00285	0.00479	0.01540	0.00975	0.00938
29	0.01668	0.00834	0.00834	0.00834	0.01042	0.00834	0.00625	0.02085	0.01876	0.03335	0.02918	0.03335	0.02293	0.01042	0.00625	0.00208	0.00417	0.00834	0.73525	0.00834
30	0.03043	0.19554	0.03119	0.02327	0.06558	0.46274	0.01747	0.03306	0.02332	0.02217	0.01369	0.01610	0.01169	0.00877	0.00756	0.00223	0.01421	0.00567	0.00441	0.01088
31	0.02022	0.01929	0.03283	0.27861	0.42114	0.02075	0.02650	0.02577	0.01946	0.02689	0.01649	0.02277	0.01335	0.00833	0.00889	0.00278	0.01110	0.00796	0.00426	0.01262
32	0.01668	0.00834	0.00834	0.00834	0.01042	0.00834	0.00625	0.02085	0.01876	0.03335	0.02918	0.03335	0.02293	0.01042	0.00625	0.00208	0.00417	0.00834	0.73525	0.00834
33	0.01117	0.00909	0.00990	0.00969	0.01245	0.00781	0.00727	0.01400	0.02181	0.02754	0.24439	0.08056	0.47029	0.02140	0.01057	0.00296	0.00444	0.01810	0.00875	0.00781
34	0.01407	0.01207	0.01641	0.02105	0.15128	0.01126	0.01321	0.01745	0.02044	0.02592	0.06389	0.07537	0.35301	0.01987	0.01062	0.00320	0.00677	0.14750	0.00743	0.00919
35	0.02214	0.02126	0.03631	0.05491	0.62978	0.02126	0.02746	0.02746	0.02037	0.02923	0.01683	0.02214	0.01417	0.00797	0.00886	0.00266	0.01063	0.00797	0.00443	0.01417
36	0.01442	0.01030	0.01442	0.01648	0.01854	0.01030	0.01442	0.01854	0.02060	0.02677	0.04737	0.10092	0.05149	0.02471	0.01236	0.00412	0.00824	0.56956	0.00824	0.00824
37	0.02392	0.69097	0.04688	0.01531	0.02296	0.03540	0.01531	0.02679	0.01818	0.02105	0.01244	0.01435	0.01148	0.00765	0.00574	0.00191	0.00957	0.00478	0.00383	0.01148
38	0.01957	0.01957	0.02740	0.02349	0.02349	0.02740	0.01957	0.02153	0.01370	0.02153	0.01174	0.01957	0.01174	0.01566	0.02936	0.00391	0.66921	0.00783	0.00391	0.00979
39	0.01957	0.01957	0.02740	0.02349	0.02349	0.02740	0.01957	0.02153	0.01370	0.02153	0.01174	0.01957	0.01174	0.01566	0.02936	0.00391	0.66921	0.00783	0.00391	0.00979
40	0.01668	0.00834	0.00834	0.00834	0.01042	0.00834	0.00625	0.02085	0.01876	0.03335	0.02918	0.03335	0.02293	0.01042	0.00625	0.00208	0.00417	0.00834	0.73525	0.00834
41	0.01395	0.01134	0.01223	0.01188	0.01467	0.01136	0.00880	0.02106	0.15092	0.02581	0.06121	0.06741	0.32083	0.14754	0.04862	0.00471	0.00704	0.04420	0.00776	0.00868
42	0.01554	0.00777	0.01166	0.01166	0.01166	0.00777	0.00777	0.01166	0.01166	0.01554	0.01554	0.02720	0.01554	0.03108	0.03497	0.73970	0.00777	0.00777	0.00389	0.00389
43	0.01057	0.00906	0.00906	0.00906	0.01208	0.00755	0.00680	0.01284	0.02039	0.02417	0.09063	0.08610	0.62615	0.02266	0.01057	0.00302	0.00453	0.01888	0.00831	0.00755
44	0.03342	0.04264	0.02535	0.02305	0.02766	0.64967	0.01729	0.03572	0.02535	0.02190	0.01383	0.01613	0.01152	0.00922	0.00807	0.00230	0.01613	0.00576	0.00461	0.01037
45	0.29623	0.03002	0.02115	0.01844	0.02387	0.30138	0.01444	0.13849	0.02478	0.03509	0.01477	0.01655	0.01154	0.00917	0.00730	0.00255	0.01157	0.00586	0.00577	0.01103
46	0.01668	0.00834	0.00834	0.00834	0.01042	0.00834	0.00625	0.02085	0.01876	0.03335	0.02918	0.03335	0.02293	0.01042	0.00625	0.00208	0.00417	0.00834	0.73525	0.00834
47	0.01266	0.00914	0.01196	0.01126	0.01337	0.00844	0.00844	0.01688	0.02532	0.03588	0.62506	0.06683	0.08441	0.01829	0.01055	0.00281	0.00422	0.01618	0.00985	0.00844
48	0.74878	0.01730	0.01315	0.01177	0.01730	0.02007	0.00969	0.02630	0.01523	0.04014	0.01246	0.01453	0.00969	0.00830	0.00554	0.00277	0.00692	0.00484	0.00554	0.00969
49	0.01395	0.01267	0.02306	0.02001	0.02308	0.01186	0.18440	0.01730	0.01832	0.02458	0.03998	0.48373	0.04554	0.02190	0.01116	0.00345	0.00815	0.02099	0.00717	0.00870
50	0.01348	0.01061	0.01571	0.01531	0.01675	0.01285	0.01204	0.01655	0.01431	0.02085	0.02271	0.03355	0.02128	0.06183	0.58651	0.01331	0.09010	0.00941	0.00470	0.00817
51	0.03342	0.04264	0.02535	0.02305	0.02766	0.64967	0.01729	0.03572	0.02535	0.02190	0.01383	0.01613	0.01152	0.00922	0.00807	0.00230	0.01613	0.00576	0.00461	0.01037
52	0.02112	0.02413	0.05279	0.03771	0.04676	0.02262	0.59729	0.02866	0.02112	0.02866	0.01810	0.02413	0.01357	0.00754	0.01056	0.00302	0.01508	0.01056	0.00452	0.01207
53	0.02214	0.02126	0.03631	0.05491	0.62978	0.02126	0.02746	0.02746	0.02037	0.02923	0.01683	0.02214	0.01417	0.00797	0.00886	0.00266	0.01063	0.00797	0.00443	0.01417
54	0.01281	0.00894	0.01139	0.01151	0.01209	0.00946	0.00758	0.01400	0.01372	0.01885	0.02796	0.08649	0.03056	0.43403	0.25219	0.01035	0.01375	0.01255	0.00537	0.00641
55	0.01301	0.00867	0.00976	0.00976	0.00976	0.00867	0.00542	0.01301	0.01301	0.01735	0.02819	0.05855	0.03253	0.68559	0.04554	0.00867	0.00867	0.01301	0.00542	0.00542
56	0.01057	0.00906	0.00906	0.00906	0.01208	0.00755	0.00680	0.01284	0.02039	0.02417	0.09063	0.08610	0.62615	0.02266	0.01057	0.00302	0.00453	0.01888	0.00831	0.00755
57	0.01090	0.00779	0.01038	0.01246	0.01298	0.00727	0.00830	0.01246	0.01713	0.02284	0.04931	0.67975	0.05917	0.02803	0.01142	0.00363	0.00519	0.02543	0.00830	0.00727
58	0.01090	0.00779	0.01038	0.01246	0.01298	0.00727	0.00830	0.01246	0.01713	0.02284	0.04931	0.67975	0.05917	0.02803	0.01142	0.00363	0.00519	0.02543	0.00830	0.00727
59	0.03342	0.04264	0.02535	0.02305	0.02766	0.64967	0.01729	0.03572	0.02535	0.02190	0.01383	0.01613	0.01152	0.00922	0.00807	0.00230	0.01613	0.00576	0.00461	0.01037
60	0.01247	0.00876	0.00960	0.00960	0.01028	0.00842	0.00573	0.01297	0.01466	0.01887	0.04210	0.06469	0.16482	0.53785	0.03774	0.00741	0.00775	0.01432	0.00606	0.00590
61	0.01278	0.00959	0.01438	0.01438	0.01598	0.01118	0.01118	0.01598	0.01438	0.02077	0.02396	0.03515	0.02237	0.06710	0.65013	0.01438	0.02396	0.00959	0.00479	0.00799
62	0.02569	0.02023	0.02075	0.01802	0.02339	0.05742	0.01416	0.10383	0.41951	0.10852	0.03606	0.03337	0.05416	0.01221	0.00909	0.00292	0.00784	0.00994	0.00902	0.01385
63	0.01103	0.00792	0.01027	0.01209	0.01271	0.00738	0.00802	0.01252	0.01703	0.02254	0.05015	0.60460	0.08864	0.07260	0.01370	0.00394	0.00539	0.02422	0.00811	0.00716
64	0.01090	0.00779	0.01038	0.01246	0.01298	0.00727	0.00830	0.01246	0.01713	0.02284	0.04931	0.67975	0.05917	0.02803	0.01142	0.00363	0.00519	0.02543	0.00830	0.00727
65	0.01358	0.00970	0.01346	0.01552	0.01721	0.00958	0.01296	0.01709	0.01977	0.02584	0.04783	0.23866	0.05332	0.02550	0.01213	0.00400	0.00751	0.44007	0.00825	0.00801
66	0.01668	0.00834	0.00834	0.00834	0.01042	0.00834	0.00625	0.02085	0.01876	0.03335	0.02918	0.03335	0.02293	0.01042	0.00625	0.00208	0.00417	0.00834	0.73525	0.00834
67	0.01653	0.01108	0.01166	0.01138	0.01404	0.01159	0.00846	0.02521	0.16579	0.03134	0.04043	0.11015	0.10052	0.04765	0.00998	0.00292	0.00527	0.01210	0.35448	0.00943
68	0.03266	0.04104	0.02500	0.02272	0.02736	0.60685	0.01707	0.03653	0.06550	0.02296	0.01537	0.01731	0.01260	0.00942	0.00814	0.00235	0.01552	0.00606	0.00492	0.01063
69	0.01716	0.01038	0.01058	0.00988	0.01275	0.01032	0.00758	0.08364	0.02175	0.03374	0.04295	0.04458	0.16562	0.01337	0.00758	0.00237	0.00489	0.01082	0.48111	0.00892
70	0.11218	0.01786	0.06163	0.01600	0.02280	0.01537	0.01395	0.06857	0.05689	0.42783	0.03046	0.02783	0.02004	0.01060	0.00842	0.00274	0.00779	0.00836	0.05672	0.01399
71	0.01301	0.00867	0.00976	0.00976	0.00976	0.00867	0.00542	0.01301	0.01301	0.01735	0.02819	0.05855	0.03253	0.68559	0.04554	0.00867	0.00867	0.01301	0.00542	0.00542
72	0.01071	0.00907	0.00925	0.00921	0.01217	0.00761	0.00690	0.01310	0.02071	0.02493	0.12528	0.08485	0.59102	0.02237	0.01057	0.00301	0.00451	0.01871	0.00841	0.00761
73	0.01124	0.00863	0.01029	0.01085	0.01274	0.00768	0.00777	0.01377	0.02053	0.02678	0.21660	0.29206	0.28202	0.02342	0.01087	0.00318	0.00468	0.02050	0.00871	0.00768
74	0.01242	0.00900	0.01129	0.01254	0.01386	0.00859	0.00933	0.01457	0.01787	0.02309	0.05109	0.25641	0.14829	0.17260	0.01917	0.00480	0.00682	0.19340	0.00764	0.00721
75	0.01280	0.00953	0.01408	0.01408	0.01557	0.01102	0.01081	0.01578	0.01429	0.02055	0.02424	0.03666	0.02302	0.10720	0.61093	0.01401	0.02297	0.00981	0.00483	0.00782
76	0.02214	0.02126	0.03631	0.05491	0.62978	0.02126	0.02746	0.02746	0.02037	0.02923	0.01683	0.02214	0.01417	0.00797	0.00886	0.00266	0.01063	0.00797	0.00443	0.01417
77	0.01143	0.00896	0.01049	0.01148	0.01362	0.00802	0.00873	0.01387	0.01953	0.02432	0.07060	0.25285	0.35506	0.02455	0.01116	0.00341	0.00545	0.13056	0.00829	0.00761
78	0.01057	0.00906	0.00906	0.00906	0.01208	0.00755	0.00680	0.01284	0.02039	0.02417	0.09063	0.08610	0.62615	0.02266	0.01057	0.00302	0.00453	0.01888	0.00831	0.00755
79	0.02467	0.01820	0.02040	0.01792	0.02297	0.01988	0.01464	0.20425	0.24116	0.08091	0.03699	0.04728	0.05829	0.01497	0.00985	0.00315	0.00808	0.13453	0.00896	0.01290
80	0.01668	0.00834	0.00834	0.00834	0.01042	0.00834	0.00625	0.02085	0.01876	0.03335	0.02918	0.03335	0.02293	0.01042	0.00625	0.00208	0.00417	0.00834	0.73525	0.00834
81	0.01167	0.00899	0.00995	0.00978	0.01185	0.00804	0.00688	0.01389	0.01987	0.02547	0.20913	0.07473	0.34970	0.17933	0.01889	0.00431	0.00544	0.01681	0.00801	0.00727
82	0.02156	0.02183	0.04074	0.08208	0.42526	0.02159	0.19775	0.02757	0.02046	0.02872	0.01716	0.02283	0.01387	0.00789	0.00937	0.00278	0.01203	0.00874	0.00443	0.01332
83	0.01922	0.01691	0.02016	0.09001	0.09066	0.05235	0.01602	0.06499	0.17000	0.03052	0.04114	0.05499	0.12247	0.01596	0.01006	0.00320	0.00857	0.15434	0.00744	0.01101
84	0.02410	0.02715	0.03488	0.17701	0.18310	0.20916	0.16070	0.02919	0.02149	0.02548	0.01603	0.02120	0.01274	0.00846	0.00905	0.00271	0.01363	0.00793	0.00440	0.01159
85	0.02211	0.02136	0.02109	0.11767	0.02795	0.16559	0.01477	0.02560	0.01999	0.05751	0.05169	0.02523	0.01854	0.04795	0.04641	0.00324	0.05365	0.00744	0.00538	0.24681
86	0.01947	0.02018	0.02627	0.36681	0.04499	0.12728	0.06001	0.02423	0.01857	0.02266	0.01684	0.02423	0.01373	0.01912	0.11880	0.00485	0.04984	0.00802	0.00426	0.00982
87	0.01780	0.04346	0.01393	0.01229	0.01418	0.01027	0.00854	0.01923	0.01731	0.13623	0.03732	0.30332	0.04035	0.25788	0.02282	0.00518	0.00710	0.01689	0.00758	0.00832
88	0.02527	0.02833	0.03696	0.04129	0.31101	0.20947	0.16002	0.03021	0.02204	0.02690	0.01623	0.02082	0.01324	0.00824	0.00903	0.00264	0.01333	0.00793	0.00451	0.01253

[dist]
# distance from previous block
# <min> <max>
1	3

[block]
# block no. 3 follows, 19 sequences, length 12
# corresponding to MSA columns:
# 176-187
name=unknown_D
#
# <colnr> <probs for GDERKNQSTAVLIFYWHMCP>
#	G	D	E	R	K	N	Q	S	T	A	V	L	I	F	Y	W	H	M	C	P
0	0.01967	0.01806	0.07609	0.02200	0.09394	0.01619	0.01745	0.15089	0.02523	0.03361	0.03955	0.06473	0.09455	0.01790	0.01064	0.00339	0.00895	0.26872	0.00755	0.01089
1	0.01641	0.00836	0.00844	0.00844	0.01038	0.00836	0.00619	0.02028	0.01835	0.03220	0.02911	0.03518	0.02362	0.05925	0.00909	0.00256	0.00450	0.00868	0.68247	0.00813
2	0.01637	0.01665	0.01363	0.01289	0.01599	0.15250	0.00967	0.01925	0.02304	0.02729	0.23903	0.06436	0.31970	0.01828	0.01000	0.00280	0.00705	0.01509	0.00795	0.00846
3	0.01182	0.00917	0.01077	0.01131	0.01277	0.00880	0.00799	0.01349	0.01760	0.02239	0.05935	0.25397	0.27447	0.16066	0.01902	0.00447	0.03745	0.04984	0.00750	0.00717
4	0.02366	0.01861	0.02024	0.01771	0.02246	0.02073	0.01380	0.22575	0.28666	0.04053	0.03429	0.17500	0.03041	0.01525	0.00957	0.00305	0.00759	0.01287	0.00887	0.01296
5	0.02139	0.02107	0.03314	0.21623	0.44254	0.05748	0.02617	0.02671	0.02000	0.02710	0.01641	0.02225	0.01342	0.00830	0.00883	0.00272	0.01130	0.00784	0.00432	0.01282
6	0.01557	0.01237	0.01457	0.01508	0.01765	0.01314	0.01151	0.02598	0.22658	0.02882	0.04686	0.30054	0.08020	0.02148	0.01075	0.00349	0.00643	0.13052	0.00857	0.00989
7	0.02323	0.61624	0.11554	0.01649	0.02479	0.03371	0.01737	0.02697	0.01826	0.02189	0.01286	0.01488	0.01146	0.00775	0.00606	0.00202	0.00999	0.00500	0.00382	0.01168
8	0.01091	0.00870	0.00978	0.01031	0.01249	0.00757	0.00743	0.01320	0.02001	0.02514	0.14052	0.25711	0.39789	0.02372	0.01082	0.00318	0.00469	0.02048	0.00849	0.00757
9	0.01257	0.00892	0.01105	0.01109	0.01201	0.00904	0.00739	0.01410	0.01566	0.02122	0.10330	0.09251	0.09174	0.36712	0.17593	0.00851	0.01111	0.01384	0.00622	0.00666
10	0.01226	0.00963	0.01304	0.01418	0.01462	0.01041	0.01007	0.01388	0.01659	0.02263	0.04344	0.57653	0.05176	0.02609	0.01422	0.00368	0.10901	0.02268	0.00762	0.00766
11	0.01057	0.00906	0.00906	0.00906	0.01208	0.00755	0.00680	0.01284	0.02039	0.02417	0.09063	0.08610	0.62615	0.02266	0.01057	0.00302	0.00453	0.01888	0.00831	0.00755

[dist]
# distance from previous block
# <min> <max>
0	1

[block]
# block no. 4 follows, 19 sequences, length 55
# corresponding to MSA columns:
# 189-243
name=unknown_E
#
# <colnr> <probs for GDERKNQSTAVLIFYWHMCP>
#	G	D	E	R	K	N	Q	S	T	A	V	L	I	F	Y	W	H	M	C	P
0	0.01196	0.00902	0.01110	0.01112	0.01327	0.00815	0.00833	0.01528	0.02260	0.03037	0.36632	0.15323	0.23055	0.02116	0.01078	0.00306	0.00468	0.05188	0.00912	0.00803
1	0.02884	0.03525	0.02240	0.02045	0.02450	0.50814	0.01533	0.03157	0.02535	0.02498	0.14873	0.02732	0.02761	0.01122	0.00862	0.00242	0.01350	0.00806	0.00577	0.00995
2	0.02721	0.01765	0.02054	0.01783	0.02312	0.01878	0.01461	0.16223	0.22402	0.17562	0.03526	0.04483	0.02874	0.01433	0.00976	0.00313	0.00806	0.13158	0.00933	0.01334
3	0.01161	0.00884	0.00941	0.00951	0.01115	0.00801	0.00629	0.01289	0.01715	0.02126	0.06261	0.10209	0.35172	0.30004	0.02523	0.00541	0.00629	0.01673	0.00710	0.00665
4	0.19748	0.01643	0.01614	0.01358	0.01818	0.01805	0.01084	0.22728	0.02587	0.04227	0.02240	0.02603	0.01756	0.04721	0.00920	0.00282	0.00709	0.00766	0.26297	0.01094
5	0.03401	0.02506	0.02685	0.02058	0.02774	0.02774	0.01700	0.59995	0.04206	0.05638	0.02148	0.02148	0.01521	0.01074	0.00895	0.00268	0.00984	0.00805	0.00895	0.01521
6	0.01090	0.00779	0.01038	0.01246	0.01298	0.00727	0.00830	0.01246	0.01713	0.02284	0.04931	0.67975	0.05917	0.02803	0.01142	0.00363	0.00519	0.02543	0.00830	0.00727
7	0.01096	0.00848	0.01000	0.01088	0.01264	0.00752	0.00768	0.01312	0.01944	0.02487	0.13169	0.35863	0.30279	0.02465	0.01096	0.00328	0.00480	0.02161	0.00848	0.00752
8	0.01301	0.00867	0.00976	0.00976	0.00976	0.00867	0.00542	0.01301	0.01301	0.01735	0.02819	0.05855	0.03253	0.68559	0.04554	0.00867	0.00867	0.01301	0.00542	0.00542
9	0.74878	0.01730	0.01315	0.01177	0.01730	0.02007	0.00969	0.02630	0.01523	0.04014	0.01246	0.01453	0.00969	0.00830	0.00554	0.00277	0.00692	0.00484	0.00554	0.00969
10	0.01281	0.00961	0.01218	0.01284	0.01519	0.00897	0.01050	0.01644	0.02194	0.02873	0.23053	0.08665	0.22311	0.02223	0.01132	0.00342	0.00600	0.25065	0.00873	0.00811
11	0.01245	0.00854	0.00982	0.01021	0.01052	0.00833	0.00605	0.01290	0.01430	0.01885	0.03656	0.17583	0.07974	0.51631	0.03671	0.00734	0.00773	0.01573	0.00616	0.00592
12	0.03468	0.02277	0.02528	0.01952	0.02652	0.02450	0.01608	0.45946	0.06667	0.17366	0.02503	0.02389	0.01722	0.01088	0.00897	0.00272	0.00925	0.00835	0.00939	0.01517
13	0.01285	0.00883	0.01091	0.01183	0.01239	0.00871	0.00803	0.01409	0.01559	0.02063	0.03710	0.20660	0.04262	0.39434	0.03067	0.00655	0.00780	0.13733	0.00668	0.00645
14	0.01221	0.00913	0.01133	0.01078	0.01309	0.00825	0.00808	0.01600	0.02425	0.03332	0.50835	0.07104	0.20272	0.01924	0.01056	0.00286	0.00429	0.01677	0.00951	0.00825
15	0.01442	0.01030	0.01442	0.01648	0.01854	0.01030	0.01442	0.01854	0.02060	0.02677	0.04737	0.10092	0.05149	0.02471	0.01236	0.00412	0.00824	0.56956	0.00824	0.00824
16	0.01090	0.00779	0.01038	0.01246	0.01298	0.00727	0.00830	0.01246	0.01713	0.02284	0.04931	0.67975	0.05917	0.02803	0.01142	0.00363	0.00519	0.02543	0.00830	0.00727
17	0.01233	0.00913	0.01150	0.01091	0.01316	0.00830	0.00818	0.01625	0.02455	0.03403	0.54096	0.06986	0.16966	0.01898	0.01056	0.00285	0.00427	0.01660	0.00961	0.00830
18	0.02392	0.69097	0.04688	0.01531	0.02296	0.03540	0.01531	0.02679	0.01818	0.02105	0.01244	0.01435	0.01148	0.00765	0.00574	0.00191	0.00957	0.00478	0.00383	0.01148
19	0.02112	0.02413	0.05279	0.03771	0.04676	0.02262	0.59729	0.02866	0.02112	0.02866	0.01810	0.02413	0.01357	0.00754	0.01056	0.00302	0.01508	0.01056	0.00452	0.01207
20	0.01278	0.00959	0.01438	0.01438	0.01598	0.01118	0.01118	0.01598	0.01438	0.02077	0.02396	0.03515	0.02237	0.06710	0.65013	0.01438	0.02396	0.00959	0.00479	0.00799
21	0.01501	0.00847	0.01023	0.01002	0.01153	0.00826	0.00719	0.01717	0.01878	0.02919	0.20247	0.04344	0.04008	0.05849	0.01626	0.16550	0.00525	0.01082	0.31463	0.00721
22	0.19654	0.01568	0.01908	0.01500	0.02162	0.01468	0.01239	0.03978	0.02332	0.50447	0.03025	0.02694	0.01940	0.01046	0.00823	0.00277	0.00746	0.00808	0.00985	0.01400
23	0.01078	0.00907	0.00935	0.00928	0.01221	0.00764	0.00696	0.01323	0.02087	0.02531	0.14291	0.08421	0.57316	0.02223	0.01057	0.00300	0.00450	0.01862	0.00846	0.00764
24	0.02021	0.01929	0.03283	0.27886	0.42091	0.02075	0.02650	0.02577	0.01946	0.02689	0.01649	0.02277	0.01335	0.00833	0.00889	0.00278	0.01111	0.00796	0.00426	0.01262
25	0.02225	0.01922	0.02023	0.01821	0.02326	0.02225	0.01416	0.04754	0.61361	0.03742	0.03641	0.03338	0.02731	0.01214	0.00910	0.00303	0.00708	0.01011	0.00910	0.01416
26	0.03342	0.04264	0.02535	0.02305	0.02766	0.64967	0.01729	0.03572	0.02535	0.02190	0.01383	0.01613	0.01152	0.00922	0.00807	0.00230	0.01613	0.00576	0.00461	0.01037
27	0.02225	0.01922	0.02023	0.01821	0.02326	0.02225	0.01416	0.04754	0.61361	0.03742	0.03641	0.03338	0.02731	0.01214	0.00910	0.00303	0.00708	0.01011	0.00910	0.01416
28	0.02485	0.02051	0.02169	0.01873	0.02425	0.02346	0.01479	0.16946	0.48747	0.04161	0.03312	0.03075	0.02464	0.01183	0.00907	0.00296	0.00769	0.00966	0.00907	0.01439
29	0.74878	0.01730	0.01315	0.01177	0.01730	0.02007	0.00969	0.02630	0.01523	0.04014	0.01246	0.01453	0.00969	0.00830	0.00554	0.00277	0.00692	0.00484	0.00554	0.00969
30	0.01085	0.00907	0.00945	0.00935	0.01225	0.00767	0.00702	0.01338	0.02105	0.02572	0.16157	0.08354	0.55424	0.02208	0.01057	0.00299	0.00449	0.01852	0.00851	0.00767
31	0.01794	0.04628	0.63923	0.02550	0.03872	0.02078	0.03305	0.02833	0.01889	0.02833	0.01606	0.01889	0.01133	0.00850	0.00850	0.00283	0.01322	0.00661	0.00378	0.01322
32	0.01240	0.00880	0.01166	0.01213	0.01293	0.00921	0.00832	0.01411	0.01506	0.02074	0.05855	0.20267	0.03774	0.27395	0.25143	0.00921	0.01308	0.01497	0.00610	0.00692
33	0.01090	0.00779	0.01038	0.01246	0.01298	0.00727	0.00830	0.01246	0.01713	0.02284	0.04931	0.67975	0.05917	0.02803	0.01142	0.00363	0.00519	0.02543	0.00830	0.00727
34	0.02214	0.02126	0.03631	0.05491	0.62978	0.02126	0.02746	0.02746	0.02037	0.02923	0.01683	0.02214	0.01417	0.00797	0.00886	0.00266	0.01063	0.00797	0.00443	0.01417
35	0.03192	0.03980	0.02681	0.02728	0.10759	0.56625	0.01864	0.03463	0.02469	0.02287	0.01423	0.01693	0.01188	0.00905	0.00817	0.00235	0.01540	0.00606	0.00459	0.01088
36	0.01532	0.01938	0.10832	0.02147	0.02800	0.01469	0.22106	0.02054	0.02045	0.02632	0.05484	0.05506	0.32587	0.01538	0.01029	0.00299	0.00945	0.01428	0.00636	0.00992
37	0.02019	0.01949	0.03383	0.27379	0.39142	0.02084	0.05907	0.02587	0.01952	0.02690	0.01657	0.02287	0.01333	0.00830	0.00899	0.00279	0.01135	0.00811	0.00427	0.01252
38	0.56627	0.01726	0.01711	0.13990	0.06083	0.02010	0.01362	0.02570	0.01603	0.03619	0.01337	0.01676	0.01038	0.00841	0.00638	0.00280	0.00810	0.00562	0.00517	0.00999
39	0.01824	0.04450	0.59630	0.02759	0.08081	0.02081	0.03266	0.02827	0.01899	0.02840	0.01611	0.01912	0.01154	0.00846	0.00853	0.00282	0.01304	0.00671	0.00382	0.01329
40	0.01770	0.02091	0.11515	0.01975	0.06536	0.08248	0.01660	0.02492	0.08965	0.02915	0.14097	0.05772	0.11127	0.01648	0.01013	0.00313	0.00876	0.15230	0.00726	0.01031
41	0.02029	0.02051	0.03832	0.23018	0.29143	0.02125	0.19303	0.02645	0.01985	0.02718	0.01693	0.02323	0.01333	0.00813	0.00938	0.00286	0.01231	0.00872	0.00432	0.01230
42	0.02466	0.01952	0.02183	0.01615	0.02379	0.01817	0.01313	0.25053	0.02784	0.03991	0.01810	0.01971	0.01403	0.00825	0.00754	0.00186	0.00790	0.00639	0.00674	0.45397
43	0.01301	0.00867	0.00976	0.00976	0.00976	0.00867	0.00542	0.01301	0.01301	0.01735	0.02819	0.05855	0.03253	0.68559	0.04554	0.00867	0.00867	0.01301	0.00542	0.00542
44	0.06865	0.02254	0.03161	0.21462	0.04098	0.06837	0.14581	0.18778	0.02548	0.03446	0.01730	0.02182	0.01303	0.00960	0.01048	0.00291	0.05883	0.00819	0.00563	0.01189
45	0.01923	0.03760	0.43202	0.03367	0.20435	0.02132	0.03066	0.02767	0.01899	0.02817	0.01601	0.01985	0.01216	0.00879	0.00987	0.00285	0.05250	0.00707	0.00397	0.01328
46	0.03094	0.02277	0.02466	0.01951	0.02578	0.02503	0.01585	0.52196	0.03875	0.05193	0.02517	0.10886	0.02105	0.01303	0.00928	0.00281	0.00923	0.01036	0.00886	0.01416
47	0.01106	0.00819	0.00999	0.01134	0.01240	0.00749	0.00762	0.01261	0.01745	0.02254	0.05687	0.46681	0.19264	0.10087	0.01506	0.00405	0.00542	0.02246	0.00798	0.00713
48	0.01226	0.01054	0.01075	0.01053	0.01322	0.03672	0.00785	0.01510	0.02198	0.02761	0.24996	0.10586	0.40388	0.02097	0.01050	0.00295	0.00499	0.01778	0.00862	0.00794
49	0.02008	0.27640	0.42779	0.02186	0.03310	0.02600	0.02672	0.02778	0.01863	0.02573	0.01476	0.01727	0.01139	0.00820	0.00751	0.00250	0.01192	0.00596	0.00380	0.01260
50	0.01243	0.00914	0.01163	0.01101	0.01322	0.00834	0.00826	0.01643	0.02477	0.03456	0.56480	0.06900	0.14549	0.01878	0.01055	0.00284	0.00426	0.01648	0.00967	0.00834
51	0.01301	0.00867	0.00976	0.00976	0.00976	0.00867	0.00542	0.01301	0.01301	0.01735	0.02819	0.05855	0.03253	0.68559	0.04554	0.00867	0.00867	0.01301	0.00542	0.00542
52	0.69674	0.01936	0.05773	0.01274	0.01883	0.02012	0.01135	0.02644	0.01549	0.03930	0.01271	0.01484	0.00981	0.00832	0.00575	0.00277	0.00737	0.00497	0.00541	0.00994
53	0.02065	0.02509	0.10989	0.03405	0.10261	0.02317	0.31871	0.02846	0.06154	0.02793	0.01780	0.02310	0.01401	0.00960	0.01368	0.00313	0.14055	0.00927	0.00464	0.01213
54	0.02442	0.01641	0.01963	0.01437	0.02203	0.01333	0.01162	0.06855	0.02179	0.16503	0.02058	0.02139	0.01536	0.00790	0.00732	0.00174	0.00707	0.00631	0.00684	0.52830

[dist]
# distance from previous block
# <min> <max>
0	1

[block]
# block no. 5 follows, 19 sequences, length 8
# corresponding to MSA columns:
# 245-252
name=unknown_F
#
# <colnr> <probs for GDERKNQSTAVLIFYWHMCP>
#	G	D	E	R	K	N	Q	S	T	A	V	L	I	F	Y	W	H	M	C	P
0	0.14804	0.01896	0.01925	0.01560	0.02103	0.02089	0.01270	0.33808	0.03090	0.04706	0.02219	0.02373	0.01651	0.01024	0.00761	0.00253	0.00773	0.00760	0.21702	0.01232
1	0.01542	0.01030	0.01331	0.01281	0.01442	0.01198	0.01003	0.01890	0.01628	0.02658	0.02476	0.03233	0.02126	0.03476	0.27811	0.00745	0.09798	0.00879	0.33614	0.00838
2	0.01333	0.01034	0.01242	0.01346	0.01514	0.01052	0.00947	0.02006	0.14618	0.02608	0.04937	0.49923	0.09137	0.02423	0.01086	0.00346	0.00555	0.02167	0.00848	0.00878
3	0.01554	0.00777	0.01166	0.01166	0.01166	0.00777	0.00777	0.01166	0.01166	0.01554	0.01554	0.02720	0.01554	0.03108	0.03497	0.73970	0.00777	0.00777	0.00389	0.00389
4	0.01249	0.00876	0.01127	0.01171	0.01230	0.00913	0.00776	0.01378	0.01429	0.01953	0.03139	0.18296	0.03512	0.36112	0.21949	0.00932	0.01252	0.01461	0.00584	0.00658
