[name]
unknown

[dist]
# distance from previous block
# <min> <max>
9	40

[block]
# block no. 0 follows, 23 sequences, length 20
# corresponding to MSA columns:
# 41-60
name=unknown_A
#
# <colnr> <probs for GDERKNQSTAVLIFYWHMCP>
#	G	D	E	R	K	N	Q	S	T	A	V	L	I	F	Y	W	H	M	C	P
0	0.26261	0.04833	0.02000	0.15780	0.02703	0.01788	0.04492	0.11075	0.02029	0.08620	0.10848	0.02433	0.02088	0.00942	0.00727	0.00252	0.00780	0.00746	0.00603	0.00999
1	0.44225	0.02255	0.01714	0.01475	0.01989	0.17504	0.01180	0.15520	0.02109	0.03564	0.01332	0.01485	0.01023	0.00819	0.00621	0.00240	0.00879	0.00520	0.00548	0.00999
2	0.06245	0.25124	0.40194	0.01941	0.02898	0.06015	0.02294	0.02553	0.01707	0.02393	0.01324	0.01548	0.01024	0.00750	0.00675	0.00228	0.01078	0.00534	0.00357	0.01117
3	0.01027	0.00825	0.00916	0.00893	0.01138	0.00714	0.00670	0.01295	0.02009	0.02571	0.28853	0.07185	0.45223	0.01914	0.00958	0.00267	0.00401	0.01625	0.00803	0.00714
4	0.01831	0.02204	0.12568	0.17663	0.26241	0.01930	0.17178	0.02534	0.05054	0.02543	0.01618	0.02095	0.01254	0.00759	0.00839	0.00259	0.01103	0.00772	0.00409	0.01146
5	0.01159	0.00869	0.01304	0.01304	0.01449	0.01014	0.01014	0.01449	0.01304	0.01884	0.02173	0.03188	0.02029	0.06086	0.68268	0.01304	0.02173	0.00869	0.00435	0.00724
6	0.01495	0.25008	0.02161	0.01146	0.01508	0.01597	0.00977	0.01837	0.02077	0.02797	0.43948	0.04444	0.05408	0.01331	0.00809	0.00227	0.00548	0.01116	0.00708	0.00859
7	0.01539	0.01387	0.02272	0.20326	0.28552	0.01464	0.01839	0.01920	0.01690	0.02305	0.02506	0.25481	0.02620	0.01364	0.00884	0.00279	0.00827	0.01261	0.00511	0.00973
8	0.01627	0.04197	0.67279	0.02313	0.03512	0.01884	0.02998	0.02570	0.01713	0.02570	0.01456	0.01713	0.01028	0.00771	0.00771	0.00257	0.01199	0.00600	0.00343	0.01199
9	0.00959	0.00822	0.00822	0.00822	0.01096	0.00685	0.00617	0.01165	0.01850	0.02192	0.08220	0.07809	0.66092	0.02055	0.00959	0.00274	0.00411	0.01713	0.00754	0.00685
10	0.01985	0.48937	0.25673	0.01703	0.02568	0.02760	0.01935	0.02477	0.01671	0.02134	0.01240	0.01441	0.01037	0.00720	0.00606	0.00202	0.00980	0.00490	0.00346	0.01095
11	0.01810	0.01556	0.01740	0.01372	0.01994	0.01436	0.01084	0.02902	0.25638	0.02928	0.02147	0.02192	0.01685	0.00790	0.00686	0.00179	0.00617	0.00646	0.00611	0.47989
12	0.01594	0.19739	0.02343	0.17271	0.02626	0.01849	0.01414	0.02104	0.07776	0.02208	0.03102	0.11191	0.10955	0.01360	0.00906	0.00268	0.04128	0.07721	0.00542	0.00901
13	0.01072	0.00766	0.01037	0.01225	0.01309	0.00731	0.00898	0.01274	0.01636	0.02165	0.04426	0.54765	0.05184	0.02463	0.01058	0.00341	0.00543	0.17671	0.00752	0.00682
14	0.02651	0.03482	0.20668	0.02086	0.02794	0.29812	0.01964	0.21184	0.02589	0.03088	0.01519	0.01679	0.01141	0.00859	0.00767	0.00233	0.01218	0.00607	0.00515	0.01145
15	0.01981	0.48368	0.26202	0.01710	0.02580	0.02749	0.01949	0.02478	0.01671	0.02139	0.01242	0.01445	0.01037	0.00721	0.00608	0.00203	0.00983	0.00492	0.00346	0.01096
16	0.01875	0.30567	0.25468	0.02017	0.02870	0.02385	0.11987	0.02531	0.04781	0.02332	0.01790	0.02001	0.04458	0.00808	0.00714	0.00228	0.01028	0.00664	0.00400	0.01097
17	0.01753	0.27618	0.35816	0.01846	0.02719	0.02230	0.02153	0.02363	0.01633	0.02241	0.01441	0.01775	0.01173	0.01489	0.10145	0.00374	0.01219	0.00579	0.00357	0.01077
18	0.05732	0.02077	0.01972	0.01615	0.02132	0.10544	0.01277	0.29927	0.11035	0.03689	0.02470	0.02671	0.06421	0.06378	0.01033	0.00275	0.00850	0.00799	0.00688	0.08416
19	0.02143	0.15049	0.29015	0.02125	0.03001	0.01958	0.12647	0.02766	0.01863	0.14892	0.01932	0.02355	0.01465	0.00873	0.00788	0.00251	0.01045	0.04164	0.00506	0.01162

[dist]
# distance from previous block
# <min> <max>
5	29

[block]
# block no. 1 follows, 23 sequences, length 16
# corresponding to MSA columns:
# 90-105
name=unknown_B
#
# <colnr> <probs for GDERKNQSTAVLIFYWHMCP>
#	G	D	E	R	K	N	Q	S	T	A	V	L	I	F	Y	W	H	M	C	P
0	0.02290	0.05847	0.02326	0.04733	0.02359	0.32940	0.01583	0.02515	0.01777	0.01962	0.01314	0.01805	0.01179	0.01688	0.10001	0.00397	0.23360	0.00631	0.00394	0.00899
1	0.01010	0.00824	0.00892	0.00875	0.01127	0.00707	0.00657	0.01263	0.01970	0.02477	0.23723	0.07340	0.50412	0.01949	0.00958	0.00269	0.00403	0.01647	0.00791	0.00707
2	0.03035	0.03744	0.02310	0.02073	0.02509	0.63149	0.01566	0.07913	0.02417	0.02228	0.01308	0.01501	0.01071	0.00847	0.00738	0.00212	0.01419	0.00539	0.00448	0.00975
3	0.00999	0.00824	0.00878	0.00864	0.01121	0.00702	0.00648	0.01242	0.01945	0.02418	0.20506	0.07437	0.53666	0.01971	0.00959	0.00270	0.00405	0.01660	0.00783	0.00702
4	0.17112	0.10754	0.02234	0.01650	0.02180	0.25425	0.01330	0.09500	0.05586	0.14355	0.01748	0.01785	0.01298	0.00862	0.00692	0.00228	0.00991	0.00592	0.00594	0.01084
5	0.02303	0.02375	0.02674	0.03302	0.31339	0.18205	0.01939	0.06138	0.14520	0.02724	0.01808	0.02061	0.01456	0.00876	0.00891	0.00246	0.04738	0.00712	0.00508	0.01184
6	0.01034	0.00725	0.00928	0.01072	0.01108	0.00689	0.00692	0.01142	0.01466	0.01954	0.04022	0.55525	0.04799	0.18746	0.01763	0.00437	0.00545	0.02042	0.00692	0.00620
7	0.01911	0.01829	0.03118	0.18148	0.54013	0.01902	0.02442	0.02405	0.01802	0.02533	0.01509	0.02040	0.01244	0.00741	0.00805	0.00247	0.00988	0.00723	0.00393	0.01207
8	0.02695	0.17256	0.10561	0.01962	0.02546	0.42442	0.01704	0.07506	0.02213	0.02274	0.01305	0.01498	0.01067	0.00810	0.00701	0.00210	0.01271	0.00530	0.00424	0.01025
9	0.01627	0.04197	0.67279	0.02313	0.03512	0.01884	0.02998	0.02570	0.01713	0.02570	0.01456	0.01713	0.01028	0.00771	0.00771	0.00257	0.01199	0.00600	0.00343	0.01199
10	0.01155	0.00942	0.01036	0.00992	0.01263	0.00882	0.00750	0.01685	0.10084	0.02685	0.26007	0.06639	0.39306	0.01806	0.00941	0.00268	0.00432	0.01532	0.00807	0.00788
11	0.01056	0.00811	0.00967	0.00960	0.01164	0.00721	0.00708	0.01341	0.02032	0.02701	0.36250	0.15044	0.29468	0.01922	0.00968	0.00272	0.00405	0.01668	0.00822	0.00721
12	0.01805	0.02975	0.29583	0.03056	0.07020	0.01979	0.36397	0.02582	0.01831	0.02590	0.01562	0.01991	0.01153	0.00721	0.00876	0.00265	0.01281	0.00804	0.00383	0.01146
13	0.02779	0.03379	0.02130	0.01937	0.02303	0.56415	0.01463	0.03006	0.02167	0.02105	0.01406	0.01665	0.01167	0.00884	0.00828	0.00215	0.05422	0.00561	0.09253	0.00916
14	0.02050	0.57017	0.18159	0.01592	0.02398	0.02918	0.01744	0.02461	0.01663	0.02055	0.01200	0.01392	0.01038	0.00711	0.00576	0.00192	0.00941	0.00470	0.00346	0.01076
15	0.01032	0.00724	0.00929	0.01074	0.01111	0.00688	0.00694	0.01141	0.01469	0.01958	0.04038	0.56072	0.04819	0.18172	0.01737	0.00433	0.00542	0.02051	0.00694	0.00621

[dist]
# distance from previous block
# <min> <max>
3	9

[block]
# block no. 2 follows, 23 sequences, length 69
# corresponding to MSA columns:
# 115-183
name=unknown_C
#
# <colnr> <probs for GDERKNQSTAVLIFYWHMCP>
#	G	D	E	R	K	N	Q	S	T	A	V	L	I	F	Y	W	H	M	C	P
0	0.02214	0.28482	0.11959	0.01981	0.05371	0.17862	0.01761	0.02653	0.04872	0.02132	0.01317	0.01592	0.01126	0.00880	0.00990	0.00232	0.12588	0.00560	0.00390	0.01037
1	0.01131	0.00822	0.00979	0.01038	0.01239	0.00733	0.00776	0.01354	0.01812	0.04829	0.10675	0.27196	0.32984	0.02157	0.00996	0.00301	0.00479	0.09006	0.00773	0.00718
2	0.02500	0.38460	0.03255	0.01693	0.02255	0.29087	0.01451	0.02922	0.07582	0.02073	0.01373	0.01521	0.01172	0.00787	0.00632	0.00197	0.01086	0.00513	0.00418	0.01023
3	0.02169	0.71972	0.04252	0.01388	0.02083	0.03211	0.01388	0.02430	0.01649	0.01909	0.01128	0.01302	0.01041	0.00694	0.00521	0.00174	0.00868	0.00434	0.00347	0.01041
4	0.01311	0.01289	0.04680	0.01983	0.15902	0.01099	0.04138	0.01675	0.01948	0.02574	0.19334	0.05574	0.32260	0.01545	0.00915	0.00262	0.00609	0.01350	0.00672	0.00880
5	0.02777	0.19769	0.02770	0.01679	0.02315	0.02506	0.01439	0.35313	0.10520	0.09998	0.02024	0.01993	0.01487	0.00921	0.00740	0.00230	0.00837	0.00686	0.00714	0.01283
6	0.00989	0.00706	0.00942	0.01130	0.01177	0.00659	0.00753	0.01130	0.01554	0.02071	0.04472	0.70954	0.05367	0.02542	0.01036	0.00330	0.00471	0.02307	0.00753	0.00659
7	0.77215	0.01569	0.01193	0.01067	0.01569	0.01820	0.00879	0.02385	0.01381	0.03641	0.01130	0.01318	0.00879	0.00753	0.00502	0.00251	0.00628	0.00439	0.00502	0.00879
8	0.00989	0.00706	0.00942	0.01130	0.01177	0.00659	0.00753	0.01130	0.01554	0.02071	0.04472	0.70954	0.05367	0.02542	0.01036	0.00330	0.00471	0.02307	0.00753	0.00659
9	0.01138	0.00899	0.01034	0.00987	0.01235	0.00832	0.00744	0.01599	0.07103	0.02818	0.36691	0.06555	0.31827	0.01781	0.00947	0.00265	0.00415	0.01527	0.00829	0.00773
10	0.02059	0.02024	0.03245	0.04838	0.63268	0.05199	0.02445	0.02527	0.01870	0.02618	0.01513	0.01981	0.01273	0.00729	0.00800	0.00239	0.00989	0.00713	0.00402	0.01268
11	0.02169	0.71972	0.04252	0.01388	0.02083	0.03211	0.01388	0.02430	0.01649	0.01909	0.01128	0.01302	0.01041	0.00694	0.00521	0.00174	0.00868	0.00434	0.00347	0.01041
12	0.02008	0.01928	0.03294	0.04981	0.66422	0.01928	0.02490	0.02490	0.01848	0.02651	0.01526	0.02008	0.01285	0.00723	0.00803	0.00241	0.00964	0.00723	0.00402	0.01285
13	0.02989	0.02225	0.02381	0.01848	0.02480	0.02472	0.01519	0.58373	0.09314	0.04959	0.02070	0.02045	0.01479	0.00985	0.00813	0.00246	0.00870	0.00747	0.00813	0.01371
14	0.00959	0.00822	0.00822	0.00822	0.01096	0.00685	0.00617	0.01165	0.01850	0.02192	0.08220	0.07809	0.66092	0.02055	0.00959	0.00274	0.00411	0.01713	0.00754	0.00685
15	0.01862	0.01778	0.03029	0.24864	0.47684	0.01889	0.02417	0.02362	0.01778	0.02473	0.01500	0.02056	0.01223	0.00750	0.00806	0.00250	0.01000	0.00722	0.00389	0.01167
16	0.01836	0.01788	0.02869	0.33765	0.36624	0.04531	0.02347	0.02334	0.01765	0.02366	0.01478	0.02056	0.01185	0.00767	0.00804	0.00253	0.01037	0.00714	0.00384	0.01100
17	0.01532	0.01442	0.02434	0.69533	0.05589	0.01803	0.02253	0.02073	0.01622	0.02073	0.01442	0.02163	0.01082	0.00811	0.00811	0.00270	0.01082	0.00721	0.00361	0.00901
18	0.01627	0.04197	0.67279	0.02313	0.03512	0.01884	0.02998	0.02570	0.01713	0.02570	0.01456	0.01713	0.01028	0.00771	0.00771	0.00257	0.01199	0.00600	0.00343	0.01199
19	0.03031	0.03867	0.02299	0.02090	0.02508	0.68226	0.01568	0.03240	0.02299	0.01986	0.01254	0.01463	0.01045	0.00836	0.00732	0.00209	0.01463	0.00523	0.00418	0.00941
20	0.01963	0.03640	0.53946	0.02145	0.03220	0.01782	0.02634	0.02869	0.04743	0.12750	0.01817	0.01939	0.01250	0.00823	0.00781	0.00257	0.01093	0.00648	0.00469	0.01232
21	0.01180	0.00787	0.00885	0.00885	0.00885	0.00787	0.00492	0.01180	0.01180	0.01573	0.02557	0.05310	0.02950	0.71483	0.04130	0.00787	0.00787	0.01180	0.00492	0.00492
22	0.01915	0.02189	0.04788	0.03420	0.04241	0.02052	0.63475	0.02599	0.01915	0.02599	0.01642	0.02189	0.01231	0.00684	0.00958	0.00274	0.01368	0.00958	0.00410	0.01094
23	0.01679	0.01592	0.02698	0.49675	0.24303	0.01841	0.02326	0.02201	0.01692	0.02251	0.01468	0.02116	0.01144	0.00784	0.00809	0.00261	0.01045	0.00722	0.00373	0.01019
24	0.01861	0.01778	0.03027	0.24962	0.47592	0.01889	0.02417	0.02361	0.01778	0.02472	0.01500	0.02056	0.01222	0.00750	0.00806	0.00250	0.01000	0.00722	0.00389	0.01166
25	0.02008	0.01928	0.03294	0.04981	0.66422	0.01928	0.02490	0.02490	0.01848	0.02651	0.01526	0.02008	0.01285	0.00723	0.00803	0.00241	0.00964	0.00723	0.00402	0.01285
26	0.01159	0.00869	0.01304	0.01304	0.01449	0.01014	0.01014	0.01449	0.01304	0.01884	0.02173	0.03188	0.02029	0.06086	0.68268	0.01304	0.02173	0.00869	0.00435	0.00724
27	0.02144	0.68778	0.07221	0.01432	0.02150	0.03148	0.01464	0.02436	0.01652	0.01940	0.01144	0.01321	0.01041	0.00698	0.00532	0.00177	0.00883	0.00442	0.00347	0.01049
28	0.01159	0.00869	0.01304	0.01304	0.01449	0.01014	0.01014	0.01449	0.01304	0.01884	0.02173	0.03188	0.02029	0.06086	0.68268	0.01304	0.02173	0.00869	0.00435	0.00724
29	0.01429	0.01125	0.01402	0.07483	0.05044	0.01132	0.01128	0.02051	0.11809	0.05487	0.07799	0.06222	0.29821	0.01699	0.00942	0.00290	0.00612	0.12921	0.00728	0.00876
30	0.01053	0.00766	0.01006	0.01175	0.01275	0.00720	0.00856	0.01249	0.01650	0.02159	0.04815	0.51543	0.11372	0.02429	0.01046	0.00333	0.00523	0.14598	0.00752	0.00680
31	0.03085	0.02273	0.02435	0.01867	0.02516	0.02516	0.01542	0.63716	0.03815	0.05114	0.01948	0.01948	0.01380	0.00974	0.00812	0.00244	0.00893	0.00731	0.00812	0.01380
32	0.01683	0.01442	0.01683	0.01202	0.01923	0.01082	0.00961	0.02043	0.01683	0.02644	0.01442	0.01683	0.01202	0.00601	0.00601	0.00120	0.00601	0.00481	0.00481	0.76444
33	0.38243	0.02418	0.19509	0.01991	0.02757	0.01896	0.17284	0.02488	0.01604	0.03095	0.01345	0.01643	0.01007	0.00740	0.00688	0.00258	0.00966	0.00613	0.00437	0.01018
34	0.01532	0.01442	0.02434	0.69533	0.05589	0.01803	0.02253	0.02073	0.01622	0.02073	0.01442	0.02163	0.01082	0.00811	0.00811	0.00270	0.01082	0.00721	0.00361	0.00901
35	0.03408	0.01331	0.01799	0.01396	0.01989	0.01150	0.01147	0.03720	0.02299	0.61203	0.06180	0.03139	0.05215	0.01081	0.00829	0.00252	0.00664	0.00886	0.00988	0.01322
36	0.02169	0.71972	0.04252	0.01388	0.02083	0.03211	0.01388	0.02430	0.01649	0.01909	0.01128	0.01302	0.01041	0.00694	0.00521	0.00174	0.00868	0.00434	0.00347	0.01041
37	0.01683	0.01442	0.01683	0.01202	0.01923	0.01082	0.00961	0.02043	0.01683	0.02644	0.01442	0.01683	0.01202	0.00601	0.00601	0.00120	0.00601	0.00481	0.00481	0.76444
38	0.01180	0.00787	0.00885	0.00885	0.00885	0.00787	0.00492	0.01180	0.01180	0.01573	0.02557	0.05310	0.02950	0.71483	0.04130	0.00787	0.00787	0.01180	0.00492	0.00492
39	0.22967	0.02098	0.11863	0.01565	0.02242	0.04432	0.01453	0.12045	0.02194	0.28320	0.02113	0.02040	0.01423	0.00890	0.00721	0.00249	0.00814	0.00657	0.00715	0.01200
40	0.01850	0.32053	0.41374	0.01933	0.02924	0.02430	0.02336	0.02512	0.01687	0.02298	0.01321	0.01544	0.01033	0.00739	0.00668	0.00223	0.01063	0.00531	0.00344	0.01134
41	0.01974	0.01896	0.03215	0.08214	0.60530	0.01945	0.02448	0.02446	0.01810	0.02591	0.01502	0.02006	0.01265	0.00757	0.00883	0.00247	0.03902	0.00722	0.00398	0.01248
42	0.03085	0.02273	0.02435	0.01867	0.02516	0.02516	0.01542	0.63716	0.03815	0.05114	0.01948	0.01948	0.01380	0.00974	0.00812	0.00244	0.00893	0.00731	0.00812	0.01380
43	0.01683	0.01442	0.01683	0.01202	0.01923	0.01082	0.00961	0.02043	0.01683	0.02644	0.01442	0.01683	0.01202	0.00601	0.00601	0.00120	0.00601	0.00481	0.00481	0.76444
44	0.03085	0.02273	0.02435	0.01867	0.02516	0.02516	0.01542	0.63716	0.03815	0.05114	0.01948	0.01948	0.01380	0.00974	0.00812	0.00244	0.00893	0.00731	0.00812	0.01380
45	0.01809	0.01517	0.01751	0.01262	0.01977	0.01212	0.01014	0.07626	0.01876	0.02868	0.01488	0.01707	0.01218	0.00635	0.00620	0.00131	0.00627	0.00503	0.00511	0.69649
46	0.72941	0.01718	0.04930	0.01138	0.01679	0.01824	0.00999	0.02396	0.01400	0.03580	0.01148	0.01340	0.00887	0.00754	0.00517	0.00251	0.00660	0.00448	0.00493	0.00897
47	0.01627	0.04197	0.67279	0.02313	0.03512	0.01884	0.02998	0.02570	0.01713	0.02570	0.01456	0.01713	0.01028	0.00771	0.00771	0.00257	0.01199	0.00600	0.00343	0.01199
48	0.01532	0.01442	0.02434	0.69533	0.05589	0.01803	0.02253	0.02073	0.01622	0.02073	0.01442	0.02163	0.01082	0.00811	0.00811	0.00270	0.01082	0.00721	0.00361	0.00901
49	0.02018	0.01743	0.01835	0.01651	0.02110	0.02018	0.01284	0.04312	0.64956	0.03394	0.03303	0.03027	0.02477	0.01101	0.00826	0.00275	0.00642	0.00917	0.00826	0.01284
50	0.01159	0.00869	0.01304	0.01304	0.01449	0.01014	0.01014	0.01449	0.01304	0.01884	0.02173	0.03188	0.02029	0.06086	0.68268	0.01304	0.02173	0.00869	0.00435	0.00724
51	0.02626	0.01545	0.01812	0.01532	0.02044	0.01613	0.01218	0.04010	0.36042	0.29144	0.06806	0.03091	0.02580	0.01093	0.00829	0.00264	0.00647	0.00907	0.00902	0.01294
52	0.02169	0.71972	0.04252	0.01388	0.02083	0.03211	0.01388	0.02430	0.01649	0.01909	0.01128	0.01302	0.01041	0.00694	0.00521	0.00174	0.00868	0.00434	0.00347	0.01041
53	0.01046	0.00825	0.00943	0.00914	0.01150	0.00722	0.00685	0.01334	0.02056	0.02682	0.34889	0.07002	0.39117	0.01872	0.00958	0.00265	0.00398	0.01599	0.00818	0.00722
54	0.01308	0.00934	0.01308	0.01494	0.01681	0.00934	0.01308	0.01681	0.01868	0.02428	0.04296	0.09153	0.04670	0.02242	0.01121	0.00374	0.00747	0.60960	0.00747	0.00747
55	0.01148	0.00867	0.01280	0.01370	0.01511	0.00829	0.04475	0.01403	0.01704	0.02263	0.06800	0.44888	0.05008	0.02306	0.01055	0.00337	0.00605	0.20698	0.00738	0.00716
56	0.05362	0.35568	0.34948	0.01826	0.02758	0.02498	0.02152	0.02496	0.01668	0.02312	0.01289	0.01504	0.01027	0.00734	0.00642	0.00218	0.01019	0.00515	0.00352	0.01111
57	0.01554	0.01636	0.01336	0.04784	0.01745	0.17868	0.01012	0.01802	0.01975	0.02207	0.08603	0.05943	0.37859	0.01679	0.00908	0.00265	0.00741	0.06657	0.00654	0.00771
58	0.02576	0.02827	0.02705	0.03170	0.26883	0.31722	0.01929	0.09766	0.02240	0.02594	0.01426	0.01744	0.01176	0.00842	0.00877	0.00233	0.05083	0.00633	0.00453	0.01119
59	0.02403	0.08859	0.03084	0.03495	0.33888	0.23409	0.04874	0.05913	0.02081	0.02496	0.01430	0.01775	0.01189	0.00768	0.00763	0.00226	0.01131	0.00644	0.00424	0.01149
60	0.01755	0.03438	0.45870	0.03205	0.24562	0.01899	0.02828	0.02543	0.01758	0.02597	0.01480	0.01812	0.01114	0.00755	0.00782	0.00252	0.01120	0.00641	0.00362	0.01228
61	0.13854	0.02509	0.02175	0.01783	0.02333	0.18618	0.01430	0.37298	0.02984	0.03996	0.01665	0.01785	0.01249	0.01110	0.03419	0.00278	0.01046	0.00642	0.00654	0.01172
62	0.01878	0.01894	0.02777	0.12540	0.32676	0.07706	0.05238	0.02283	0.01757	0.02349	0.02005	0.02478	0.06511	0.01158	0.03742	0.00304	0.10412	0.00802	0.00422	0.01068
63	0.01744	0.01600	0.02641	0.13500	0.41111	0.01646	0.02122	0.02199	0.01819	0.02498	0.02409	0.03773	0.05142	0.01111	0.00877	0.00274	0.00910	0.13050	0.00483	0.01090
64	0.02231	0.02249	0.02291	0.05721	0.18585	0.21381	0.01733	0.10705	0.02227	0.02682	0.02253	0.06682	0.02162	0.01218	0.00865	0.00267	0.01036	0.14128	0.00553	0.01029
65	0.08634	0.02452	0.19271	0.06440	0.42341	0.01902	0.02465	0.02485	0.01763	0.02697	0.01470	0.01878	0.01176	0.00741	0.00768	0.00247	0.00998	0.00666	0.00394	0.01212
66	0.01753	0.01218	0.01258	0.01200	0.01497	0.06899	0.00895	0.02064	0.05005	0.15402	0.05148	0.25895	0.24906	0.01838	0.00927	0.00281	0.00593	0.01571	0.00778	0.00871
67	0.02255	0.01520	0.01722	0.01474	0.01908	0.01584	0.01169	0.25689	0.08565	0.12198	0.03772	0.16833	0.12039	0.01514	0.00893	0.00275	0.00682	0.03994	0.00816	0.01099
68	0.02562	0.02411	0.02329	0.15804	0.05516	0.21676	0.01688	0.21146	0.02507	0.06357	0.01762	0.05286	0.01428	0.00994	0.00903	0.00250	0.04980	0.00748	0.00568	0.01085

[dist]
# distance from previous block
# <min> <max>
3	16

[block]
# block no. 3 follows, 23 sequences, length 14
# corresponding to MSA columns:
# 200-213
name=unknown_D
#
# <colnr> <probs for GDERKNQSTAVLIFYWHMCP>
#	G	D	E	R	K	N	Q	S	T	A	V	L	I	F	Y	W	H	M	C	P
0	0.05880	0.02332	0.02034	0.11050	0.02652	0.24266	0.01456	0.08338	0.12437	0.12446	0.04674	0.02487	0.04468	0.00992	0.00785	0.00244	0.00990	0.00758	0.00634	0.01075
1	0.05580	0.20573	0.03074	0.02119	0.07417	0.10470	0.09491	0.05267	0.10613	0.09824	0.01801	0.01954	0.01400	0.00871	0.00870	0.00238	0.06107	0.00677	0.00533	0.01121
2	0.05441	0.07412	0.10754	0.02033	0.02705	0.01974	0.14254	0.06685	0.18031	0.12473	0.02195	0.02268	0.01609	0.00898	0.00879	0.00255	0.04008	0.00774	0.00619	0.04734
3	0.26627	0.01843	0.06929	0.05692	0.22223	0.01810	0.01662	0.02664	0.11897	0.03109	0.06554	0.02238	0.01798	0.00873	0.00717	0.00253	0.00780	0.00708	0.00534	0.01088
4	0.19737	0.11967	0.27901	0.10112	0.10632	0.02041	0.02131	0.02439	0.01631	0.02688	0.01342	0.01653	0.01031	0.00756	0.00682	0.00244	0.00977	0.00568	0.00390	0.01077
5	0.02319	0.02423	0.02854	0.11413	0.36773	0.19822	0.02134	0.07808	0.02109	0.02613	0.01479	0.01874	0.01205	0.00785	0.00786	0.00236	0.01106	0.00669	0.00436	0.01156
6	0.01534	0.01396	0.02244	0.29324	0.22011	0.01517	0.01898	0.01968	0.01742	0.02298	0.02901	0.08031	0.10628	0.01226	0.00878	0.00278	0.00880	0.07801	0.00495	0.00951
7	0.02113	0.02066	0.10136	0.06045	0.35327	0.01913	0.02190	0.02728	0.06704	0.10368	0.01792	0.02119	0.01398	0.00891	0.01059	0.00264	0.10443	0.00733	0.00493	0.01218
8	0.01801	0.01728	0.01684	0.01853	0.06854	0.16834	0.01363	0.05407	0.02012	0.02418	0.03273	0.18704	0.03514	0.01784	0.00971	0.00309	0.00885	0.27108	0.00648	0.00852
9	0.01636	0.02171	0.17797	0.42760	0.15467	0.01843	0.02469	0.02261	0.01682	0.02288	0.01460	0.02031	0.01104	0.00787	0.00800	0.00262	0.01089	0.00693	0.00363	0.01037
10	0.01716	0.01477	0.01371	0.01328	0.01456	0.16594	0.00945	0.01651	0.01465	0.01728	0.04562	0.05852	0.01933	0.05325	0.11070	0.38655	0.01055	0.00812	0.00427	0.00578
11	0.45039	0.07650	0.01925	0.01583	0.05987	0.05935	0.01214	0.16500	0.02043	0.03678	0.01349	0.01513	0.01042	0.00802	0.00607	0.00240	0.00778	0.00528	0.00549	0.01036
12	0.02151	0.02274	0.02016	0.01794	0.02026	0.26281	0.01407	0.02399	0.01928	0.05140	0.16322	0.02756	0.02667	0.01436	0.04214	0.00313	0.22619	0.00828	0.00535	0.00894
13	0.07339	0.05868	0.12190	0.13518	0.02749	0.06687	0.01628	0.02668	0.14887	0.04580	0.10012	0.03288	0.05313	0.01109	0.00807	0.00262	0.00847	0.04640	0.00592	0.01015

[dist]
# distance from previous block
# <min> <max>
0	70

[block]
# block no. 4 follows, 23 sequences, length 14
# corresponding to MSA columns:
# 284-297
name=unknown_E
#
# <colnr> <probs for GDERKNQSTAVLIFYWHMCP>
#	G	D	E	R	K	N	Q	S	T	A	V	L	I	F	Y	W	H	M	C	P
0	0.01936	0.02003	0.02367	0.12095	0.27156	0.14506	0.01803	0.02481	0.07559	0.02420	0.02938	0.03156	0.14066	0.01053	0.00823	0.00248	0.00939	0.00896	0.00506	0.01048
1	0.16184	0.01854	0.02406	0.09888	0.29264	0.04958	0.01824	0.02909	0.17250	0.02930	0.01867	0.02119	0.01469	0.00836	0.00750	0.00253	0.00857	0.00708	0.00521	0.01153
2	0.02008	0.19499	0.36844	0.02009	0.02888	0.15310	0.02252	0.02618	0.01795	0.02270	0.01375	0.01639	0.01082	0.01016	0.03883	0.00278	0.01222	0.00559	0.00363	0.01089
3	0.22173	0.02579	0.07361	0.02119	0.02726	0.18307	0.16016	0.11403	0.02098	0.03054	0.01419	0.01695	0.01092	0.00817	0.00817	0.00250	0.03900	0.00646	0.00487	0.01040
4	0.19420	0.01192	0.01275	0.01194	0.01536	0.01233	0.00914	0.02369	0.11574	0.12052	0.10447	0.20135	0.10510	0.01528	0.00829	0.00277	0.00549	0.01282	0.00757	0.00925
5	0.01935	0.01853	0.03161	0.14934	0.57042	0.01909	0.02454	0.02426	0.01813	0.02562	0.01513	0.02032	0.01254	0.00737	0.00805	0.00246	0.00982	0.00723	0.00395	0.01226
6	0.02968	0.02215	0.02370	0.01843	0.02472	0.02462	0.01514	0.57249	0.10471	0.04927	0.02096	0.02066	0.01499	0.00988	0.00813	0.00247	0.00866	0.00751	0.00813	0.01370
7	0.02008	0.01928	0.03294	0.04981	0.66422	0.01928	0.02490	0.02490	0.01848	0.02651	0.01526	0.02008	0.01285	0.00723	0.00803	0.00241	0.00964	0.00723	0.00402	0.01285
8	0.01409	0.00705	0.01057	0.01057	0.01057	0.00705	0.00705	0.01057	0.01057	0.01409	0.01409	0.02467	0.01409	0.02819	0.03171	0.76392	0.00705	0.00705	0.00352	0.00352
9	0.11171	0.63527	0.03885	0.01350	0.02021	0.03044	0.01327	0.02424	0.01617	0.02117	0.01128	0.01304	0.01022	0.00701	0.00518	0.00183	0.00839	0.00435	0.00366	0.01022
10	0.01508	0.01005	0.01354	0.08142	0.01807	0.01031	0.01018	0.03932	0.01858	0.08847	0.20278	0.04895	0.08443	0.13618	0.13810	0.00544	0.00925	0.05505	0.00677	0.00803
11	0.01064	0.00799	0.00986	0.00997	0.01175	0.00721	0.00726	0.01346	0.02011	0.02712	0.37196	0.21717	0.21651	0.01965	0.00976	0.00277	0.00410	0.01725	0.00826	0.00721
12	0.02438	0.06978	0.14686	0.02562	0.15598	0.17642	0.01964	0.19466	0.02458	0.03094	0.01825	0.02013	0.03935	0.00882	0.00773	0.00235	0.01076	0.00680	0.00519	0.01175
13	0.04976	0.07141	0.45313	0.02155	0.03052	0.05307	0.02505	0.05043	0.01739	0.02562	0.01375	0.01682	0.01044	0.00878	0.01040	0.00265	0.11821	0.00603	0.00375	0.01124

[dist]
# distance from previous block
# <min> <max>
1	3

[block]
# block no. 5 follows, 23 sequences, length 20
# corresponding to MSA columns:
# 301-320
name=unknown_F
#
# <colnr> <probs for GDERKNQSTAVLIFYWHMCP>
#	G	D	E	R	K	N	Q	S	T	A	V	L	I	F	Y	W	H	M	C	P
0	0.02657	0.15413	0.02867	0.02590	0.16404	0.39750	0.01737	0.05234	0.02143	0.02237	0.01318	0.01572	0.01110	0.00792	0.00713	0.00211	0.01227	0.00559	0.00417	0.01050
1	0.06743	0.02779	0.02004	0.01749	0.02200	0.36292	0.01350	0.15923	0.02515	0.04964	0.04918	0.02656	0.10378	0.01067	0.00779	0.00231	0.01082	0.00773	0.00592	0.01005
2	0.01274	0.01004	0.01154	0.01164	0.01392	0.01000	0.00860	0.04163	0.13016	0.02622	0.13315	0.28518	0.21545	0.01969	0.00962	0.00293	0.00498	0.03644	0.00787	0.00821
3	0.02771	0.15349	0.02692	0.01921	0.02399	0.36121	0.01550	0.16194	0.02415	0.02653	0.01366	0.01570	0.01120	0.00897	0.00896	0.00224	0.07757	0.00570	0.00486	0.01049
4	0.01144	0.00823	0.00945	0.00979	0.01087	0.00786	0.00674	0.01267	0.01484	0.01895	0.04389	0.06679	0.20153	0.40293	0.02733	0.00574	0.00679	0.12217	0.00608	0.00590
5	0.43771	0.09812	0.01958	0.01372	0.01946	0.02212	0.01160	0.22999	0.02229	0.03939	0.01405	0.01528	0.01066	0.00821	0.00608	0.00240	0.00744	0.00537	0.00589	0.01066
6	0.02630	0.03113	0.02174	0.01961	0.02312	0.47647	0.01502	0.06628	0.02142	0.02163	0.01419	0.01785	0.01217	0.01698	0.11182	0.00391	0.08059	0.00606	0.00439	0.00930
7	0.01160	0.00887	0.01102	0.01209	0.01433	0.00828	0.01015	0.01462	0.01860	0.02328	0.05959	0.08583	0.30695	0.02162	0.01052	0.00331	0.00605	0.35856	0.00750	0.00721
8	0.02319	0.01746	0.04619	0.01465	0.02153	0.01513	0.01233	0.15453	0.07663	0.13642	0.01993	0.02030	0.01472	0.00794	0.00706	0.00186	0.00705	0.00630	0.00659	0.39019
9	0.02018	0.01743	0.01835	0.01651	0.02110	0.02018	0.01284	0.04312	0.64956	0.03394	0.03303	0.03027	0.02477	0.01101	0.00826	0.00275	0.00642	0.00917	0.00826	0.01284
10	0.01864	0.01617	0.01962	0.01501	0.02040	0.01583	0.01224	0.09035	0.01819	0.02758	0.01409	0.01735	0.01189	0.00841	0.01121	0.00191	0.17347	0.00564	0.00488	0.49711
11	0.18686	0.01393	0.01659	0.01308	0.01897	0.01284	0.01073	0.03299	0.02043	0.44433	0.02912	0.02663	0.05458	0.00979	0.00740	0.00241	0.00653	0.00761	0.00840	0.07678
12	0.01687	0.01484	0.01922	0.01487	0.02093	0.01297	0.06947	0.02406	0.13222	0.02711	0.02145	0.09853	0.01911	0.00921	0.00725	0.00187	0.00667	0.00813	0.00568	0.46955
13	0.02433	0.03586	0.31537	0.02119	0.02946	0.21994	0.02192	0.15807	0.02358	0.05280	0.01563	0.01726	0.01144	0.00842	0.00769	0.00239	0.01195	0.00612	0.00489	0.01166
14	0.02008	0.01928	0.03294	0.04981	0.66422	0.01928	0.02490	0.02490	0.01848	0.02651	0.01526	0.02008	0.01285	0.00723	0.00803	0.00241	0.00964	0.00723	0.00402	0.01285
15	0.10039	0.00807	0.01047	0.01032	0.01106	0.00836	0.00713	0.01280	0.01149	0.01802	0.01484	0.02384	0.01407	0.02423	0.02644	0.61193	0.00668	0.00679	0.06861	0.00447
16	0.12578	0.01377	0.01462	0.01331	0.01696	0.01522	0.01032	0.02994	0.32342	0.03378	0.26411	0.03913	0.04181	0.01259	0.00828	0.00264	0.00543	0.01054	0.00804	0.01032
17	0.01892	0.37227	0.36563	0.01862	0.02815	0.02531	0.02214	0.02501	0.01682	0.02248	0.01296	0.01513	0.01034	0.00734	0.00649	0.00216	0.01038	0.00519	0.00345	0.01122
18	0.02130	0.20077	0.02566	0.01671	0.02143	0.08673	0.01386	0.03496	0.36507	0.02738	0.02331	0.02312	0.01834	0.01001	0.00915	0.00250	0.07466	0.00735	0.00618	0.01151
19	0.02313	0.01816	0.02021	0.01501	0.02190	0.01727	0.01223	0.29780	0.02642	0.03755	0.01670	0.01802	0.01282	0.00769	0.00696	0.00176	0.00732	0.00593	0.00630	0.42684

[dist]
# distance from previous block
# <min> <max>
7	43

[block]
# block no. 6 follows, 23 sequences, length 18
# corresponding to MSA columns:
# 365-382
name=unknown_G
#
# <colnr> <probs for GDERKNQSTAVLIFYWHMCP>
#	G	D	E	R	K	N	Q	S	T	A	V	L	I	F	Y	W	H	M	C	P
0	0.02008	0.01928	0.03294	0.04981	0.66422	0.01928	0.02490	0.02490	0.01848	0.02651	0.01526	0.02008	0.01285	0.00723	0.00803	0.00241	0.00964	0.00723	0.00402	0.01285
1	0.01981	0.01900	0.03244	0.08674	0.62941	0.01921	0.02477	0.02466	0.01835	0.02618	0.01521	0.02017	0.01274	0.00728	0.00804	0.00243	0.00971	0.00723	0.00399	0.01263
2	0.02008	0.01928	0.03294	0.04981	0.66422	0.01928	0.02490	0.02490	0.01848	0.02651	0.01526	0.02008	0.01285	0.00723	0.00803	0.00241	0.00964	0.00723	0.00402	0.01285
3	0.01978	0.01897	0.03240	0.09032	0.62603	0.01920	0.02475	0.02464	0.01833	0.02615	0.01521	0.02018	0.01273	0.00729	0.00804	0.00243	0.00971	0.00723	0.00399	0.01261
4	0.01167	0.01051	0.00998	0.01011	0.01246	0.05956	0.00750	0.01374	0.01840	0.02201	0.09820	0.14405	0.43750	0.05725	0.01130	0.00308	0.00539	0.05308	0.00721	0.00700
5	0.03085	0.02273	0.02435	0.01867	0.02516	0.02516	0.01542	0.63716	0.03815	0.05114	0.01948	0.01948	0.01380	0.00974	0.00812	0.00244	0.00893	0.00731	0.00812	0.01380
6	0.01532	0.01442	0.02434	0.69533	0.05589	0.01803	0.02253	0.02073	0.01622	0.02073	0.01442	0.02163	0.01082	0.00811	0.00811	0.00270	0.01082	0.00721	0.00361	0.00901
7	0.01409	0.00705	0.01057	0.01057	0.01057	0.00705	0.00705	0.01057	0.01057	0.01409	0.01409	0.02467	0.01409	0.02819	0.03171	0.76392	0.00705	0.00705	0.00352	0.00352
8	0.02169	0.71972	0.04252	0.01388	0.02083	0.03211	0.01388	0.02430	0.01649	0.01909	0.01128	0.01302	0.01041	0.00694	0.00521	0.00174	0.00868	0.00434	0.00347	0.01041
9	0.01973	0.01892	0.03230	0.09757	0.61920	0.01919	0.02473	0.02459	0.01831	0.02608	0.01520	0.02020	0.01270	0.00730	0.00804	0.00243	0.00973	0.00723	0.00399	0.01257
10	0.01296	0.01055	0.01175	0.01105	0.01394	0.01049	0.00840	0.02092	0.17819	0.02897	0.28961	0.05947	0.27942	0.01665	0.00925	0.00267	0.00458	0.01420	0.00825	0.00866
11	0.49554	0.01719	0.01461	0.01260	0.01742	0.05360	0.01020	0.13366	0.01993	0.03765	0.10092	0.02084	0.01898	0.00920	0.00632	0.00248	0.00687	0.00636	0.00607	0.00957
12	0.02109	0.14120	0.30467	0.02696	0.17772	0.08674	0.02333	0.02710	0.01843	0.07741	0.01544	0.01779	0.01173	0.00773	0.00739	0.00235	0.01076	0.00612	0.00419	0.01184
13	0.42067	0.02566	0.16915	0.01577	0.02245	0.10922	0.01534	0.08671	0.01826	0.03313	0.01305	0.01493	0.00986	0.00791	0.00627	0.00246	0.00901	0.00517	0.00484	0.01012
14	0.13616	0.02178	0.09050	0.05023	0.02841	0.04860	0.15988	0.13286	0.14207	0.03264	0.02303	0.02447	0.05478	0.00931	0.00803	0.00261	0.00949	0.00814	0.00586	0.01116
15	0.17253	0.02599	0.17127	0.01740	0.02415	0.12608	0.01651	0.06961	0.13031	0.13932	0.02009	0.02017	0.01443	0.00888	0.00731	0.00249	0.00927	0.00656	0.00612	0.01151
16	0.05258	0.18525	0.07846	0.01593	0.02201	0.11131	0.01429	0.09823	0.04973	0.19165	0.08367	0.02354	0.02043	0.00947	0.00735	0.00228	0.00868	0.00715	0.00657	0.01142
17	0.04959	0.04574	0.01996	0.01634	0.02105	0.14020	0.01320	0.24296	0.07847	0.03461	0.07581	0.03519	0.07028	0.01215	0.00829	0.00252	0.00864	0.08108	0.00696	0.03695

[dist]
# distance from previous block
# <min> <max>
28	73

[block]
# block no. 7 follows, 23 sequences, length 6
# corresponding to MSA columns:
# 472-477
name=unknown_H
#
# <colnr> <probs for GDERKNQSTAVLIFYWHMCP>
#	G	D	E	R	K	N	Q	S	T	A	V	L	I	F	Y	W	H	M	C	P
0	0.27819	0.02012	0.01763	0.01513	0.01994	0.12801	0.01205	0.06344	0.14056	0.07173	0.01776	0.01873	0.01364	0.00897	0.00815	0.00242	0.06059	0.00611	0.00586	0.09098
1	0.02646	0.02608	0.02341	0.02447	0.14442	0.27666	0.01633	0.08035	0.18077	0.08909	0.02059	0.02120	0.01568	0.00908	0.00783	0.00238	0.01045	0.00703	0.00603	0.01168
2	0.01288	0.00983	0.01258	0.01294	0.01578	0.00899	0.01091	0.01628	0.01862	0.02465	0.08284	0.07588	0.16064	0.01924	0.01002	0.00309	0.00639	0.36996	0.00717	0.12132
3	0.01372	0.01129	0.01374	0.01585	0.07819	0.05351	0.01029	0.01569	0.01504	0.01973	0.02836	0.14293	0.03088	0.26284	0.15368	0.00668	0.01072	0.10433	0.00543	0.00710
4	0.02102	0.02051	0.01820	0.01650	0.02082	0.14391	0.01270	0.03789	0.46699	0.03006	0.03416	0.03218	0.08678	0.01148	0.00821	0.00263	0.00774	0.00924	0.00741	0.01158
5	0.01746	0.01499	0.01711	0.01287	0.01958	0.01259	0.01022	0.02472	0.13636	0.02786	0.01794	0.01937	0.01443	0.00695	0.00643	0.00149	0.00609	0.00563	0.00546	0.62245

[dist]
# distance from previous block
# <min> <max>
6	17

[block]
# block no. 8 follows, 23 sequences, length 58
# corresponding to MSA columns:
# 495-552
name=unknown_I
#
# <colnr> <probs for GDERKNQSTAVLIFYWHMCP>
#	G	D	E	R	K	N	Q	S	T	A	V	L	I	F	Y	W	H	M	C	P
0	0.02664	0.25472	0.02861	0.01608	0.02236	0.02476	0.01396	0.24156	0.13799	0.12383	0.02090	0.02037	0.01550	0.00907	0.00717	0.00227	0.00811	0.00676	0.00685	0.01249
1	0.01051	0.00790	0.00975	0.01034	0.01160	0.00767	0.00723	0.01218	0.01519	0.01977	0.04722	0.26144	0.21883	0.15483	0.16158	0.00607	0.00879	0.01621	0.00637	0.00651
2	0.00964	0.00801	0.00844	0.00878	0.01111	0.00680	0.00641	0.01158	0.01796	0.02170	0.07543	0.19215	0.55123	0.02143	0.00973	0.00284	0.00422	0.01820	0.00753	0.00680
3	0.01878	0.01795	0.03058	0.22675	0.49747	0.01894	0.02425	0.02376	0.01786	0.02493	0.01503	0.02051	0.01229	0.00747	0.00805	0.00249	0.00996	0.00722	0.00390	0.01180
4	0.01183	0.00860	0.01105	0.01229	0.01382	0.00829	0.00980	0.01435	0.01712	0.02201	0.04731	0.16681	0.15289	0.13339	0.01563	0.00416	0.00657	0.33015	0.00708	0.00683
5	0.02008	0.01928	0.03294	0.04981	0.66422	0.01928	0.02490	0.02490	0.01848	0.02651	0.01526	0.02008	0.01285	0.00723	0.00803	0.00241	0.00964	0.00723	0.00402	0.01285
6	0.00959	0.00822	0.00822	0.00822	0.01096	0.00685	0.00617	0.01165	0.01850	0.02192	0.08220	0.07809	0.66092	0.02055	0.00959	0.00274	0.00411	0.01713	0.00754	0.00685
7	0.01984	0.01903	0.03249	0.08298	0.63295	0.01922	0.02478	0.02469	0.01836	0.02621	0.01522	0.02016	0.01275	0.00728	0.00804	0.00243	0.00970	0.00723	0.00400	0.01266
8	0.03031	0.03867	0.02299	0.02090	0.02508	0.68226	0.01568	0.03240	0.02299	0.01986	0.01254	0.01463	0.01045	0.00836	0.00732	0.00209	0.01463	0.00523	0.00418	0.00941
9	0.01627	0.04197	0.67279	0.02313	0.03512	0.01884	0.02998	0.02570	0.01713	0.02570	0.01456	0.01713	0.01028	0.00771	0.00771	0.00257	0.01199	0.00600	0.00343	0.01199
10	0.01217	0.00905	0.01182	0.01320	0.01530	0.00870	0.01129	0.01547	0.01863	0.02367	0.05312	0.08805	0.20566	0.02193	0.01079	0.00348	0.00660	0.45627	0.00749	0.00731
11	0.02012	0.52247	0.22595	0.01657	0.02499	0.02825	0.01857	0.02470	0.01667	0.02101	0.01224	0.01421	0.01037	0.00717	0.00593	0.00198	0.00964	0.00482	0.00346	0.01087
12	0.01063	0.00830	0.00939	0.00945	0.01149	0.00753	0.00699	0.01281	0.01780	0.02254	0.15282	0.06997	0.38463	0.13360	0.05309	0.00420	0.00595	0.06493	0.00714	0.00674
13	0.01532	0.01442	0.02434	0.69533	0.05589	0.01803	0.02253	0.02073	0.01622	0.02073	0.01442	0.02163	0.01082	0.00811	0.00811	0.00270	0.01082	0.00721	0.00361	0.00901
14	0.03031	0.03867	0.02299	0.02090	0.02508	0.68226	0.01568	0.03240	0.02299	0.01986	0.01254	0.01463	0.01045	0.00836	0.00732	0.00209	0.01463	0.00523	0.00418	0.00941
15	0.01532	0.01442	0.02434	0.69533	0.05589	0.01803	0.02253	0.02073	0.01622	0.02073	0.01442	0.02163	0.01082	0.00811	0.00811	0.00270	0.01082	0.00721	0.00361	0.00901
16	0.01683	0.01442	0.01683	0.01202	0.01923	0.01082	0.00961	0.02043	0.01683	0.02644	0.01442	0.01683	0.01202	0.00601	0.00601	0.00120	0.00601	0.00481	0.00481	0.76444
17	0.00989	0.00706	0.00942	0.01130	0.01177	0.00659	0.00753	0.01130	0.01554	0.02071	0.04472	0.70954	0.05367	0.02542	0.01036	0.00330	0.00471	0.02307	0.00753	0.00659
18	0.02018	0.01743	0.01835	0.01651	0.02110	0.02018	0.01284	0.04312	0.64956	0.03394	0.03303	0.03027	0.02477	0.01101	0.00826	0.00275	0.00642	0.00917	0.00826	0.01284
19	0.02169	0.71972	0.04252	0.01388	0.02083	0.03211	0.01388	0.02430	0.01649	0.01909	0.01128	0.01302	0.01041	0.00694	0.00521	0.00174	0.00868	0.00434	0.00347	0.01041
20	0.01627	0.04197	0.67279	0.02313	0.03512	0.01884	0.02998	0.02570	0.01713	0.02570	0.01456	0.01713	0.01028	0.00771	0.00771	0.00257	0.01199	0.00600	0.00343	0.01199
21	0.02169	0.71972	0.04252	0.01388	0.02083	0.03211	0.01388	0.02430	0.01649	0.01909	0.01128	0.01302	0.01041	0.00694	0.00521	0.00174	0.00868	0.00434	0.00347	0.01041
22	0.00989	0.00706	0.00942	0.01130	0.01177	0.00659	0.00753	0.01130	0.01554	0.02071	0.04472	0.70954	0.05367	0.02542	0.01036	0.00330	0.00471	0.02307	0.00753	0.00659
23	0.02378	0.55487	0.03779	0.01558	0.02186	0.18947	0.01432	0.02626	0.01806	0.01928	0.01159	0.01341	0.01042	0.00729	0.00572	0.00182	0.01012	0.00455	0.00364	0.01017
24	0.01932	0.04126	0.53176	0.02264	0.03294	0.16283	0.02688	0.02715	0.01840	0.02443	0.01412	0.01659	0.01032	0.00785	0.00762	0.00247	0.01257	0.00583	0.00359	0.01143
25	0.00989	0.00706	0.00942	0.01130	0.01177	0.00659	0.00753	0.01130	0.01554	0.02071	0.04472	0.70954	0.05367	0.02542	0.01036	0.00330	0.00471	0.02307	0.00753	0.00659
26	0.00989	0.00706	0.00942	0.01130	0.01177	0.00659	0.00753	0.01130	0.01554	0.02071	0.04472	0.70954	0.05367	0.02542	0.01036	0.00330	0.00471	0.02307	0.00753	0.00659
27	0.01683	0.01442	0.01683	0.01202	0.01923	0.01082	0.00961	0.02043	0.01683	0.02644	0.01442	0.01683	0.01202	0.00601	0.00601	0.00120	0.00601	0.00481	0.00481	0.76444
28	0.02910	0.02164	0.02313	0.01797	0.02415	0.02387	0.01477	0.57187	0.06761	0.04862	0.02373	0.02335	0.05116	0.01042	0.00821	0.00247	0.00853	0.00796	0.00809	0.01336
29	0.01658	0.08052	0.63694	0.02260	0.03431	0.01960	0.02906	0.02562	0.01709	0.02532	0.01438	0.01690	0.01029	0.00767	0.00757	0.00252	0.01180	0.00590	0.00343	0.01190
30	0.77215	0.01569	0.01193	0.01067	0.01569	0.01820	0.00879	0.02385	0.01381	0.03641	0.01130	0.01318	0.00879	0.00753	0.00502	0.00251	0.00628	0.00439	0.00502	0.00879
31	0.01159	0.00869	0.01304	0.01304	0.01449	0.01014	0.01014	0.01449	0.01304	0.01884	0.02173	0.03188	0.02029	0.06086	0.68268	0.01304	0.02173	0.00869	0.00435	0.00724
32	0.01627	0.04197	0.67279	0.02313	0.03512	0.01884	0.02998	0.02570	0.01713	0.02570	0.01456	0.01713	0.01028	0.00771	0.00771	0.00257	0.01199	0.00600	0.00343	0.01199
33	0.00959	0.00822	0.00822	0.00822	0.01096	0.00685	0.00617	0.01165	0.01850	0.02192	0.08220	0.07809	0.66092	0.02055	0.00959	0.00274	0.00411	0.01713	0.00754	0.00685
34	0.01148	0.00829	0.01085	0.01021	0.01212	0.00766	0.00766	0.01531	0.02297	0.03254	0.65994	0.06061	0.07656	0.01659	0.00957	0.00255	0.00383	0.01467	0.00893	0.00766
35	0.01926	0.02322	0.12494	0.04111	0.37694	0.01962	0.22330	0.02536	0.01851	0.02623	0.01554	0.02027	0.01233	0.00717	0.00849	0.00254	0.01127	0.00782	0.00396	0.01212
36	0.02404	0.01503	0.01814	0.01338	0.02024	0.01251	0.01086	0.08479	0.02078	0.22216	0.02019	0.02032	0.01461	0.00758	0.00686	0.00171	0.00656	0.00605	0.00670	0.46749
37	0.01683	0.01442	0.01683	0.01202	0.01923	0.01082	0.00961	0.02043	0.01683	0.02644	0.01442	0.01683	0.01202	0.00601	0.00601	0.00120	0.00601	0.00481	0.00481	0.76444
38	0.01627	0.04197	0.67279	0.02313	0.03512	0.01884	0.02998	0.02570	0.01713	0.02570	0.01456	0.01713	0.01028	0.00771	0.00771	0.00257	0.01199	0.00600	0.00343	0.01199
39	0.01627	0.04197	0.67279	0.02313	0.03512	0.01884	0.02998	0.02570	0.01713	0.02570	0.01456	0.01713	0.01028	0.00771	0.00771	0.00257	0.01199	0.00600	0.00343	0.01199
40	0.01159	0.00869	0.01304	0.01304	0.01449	0.01014	0.01014	0.01449	0.01304	0.01884	0.02173	0.03188	0.02029	0.06086	0.68268	0.01304	0.02173	0.00869	0.00435	0.00724
41	0.01643	0.04092	0.63994	0.02371	0.03550	0.01893	0.06177	0.02571	0.01724	0.02571	0.01466	0.01738	0.01039	0.00766	0.00781	0.00258	0.01208	0.00618	0.00346	0.01194
42	0.03105	0.01501	0.01867	0.01512	0.02084	0.01465	0.01223	0.04072	0.23014	0.45976	0.03235	0.02850	0.02163	0.01036	0.00819	0.00259	0.00675	0.00849	0.00945	0.01349
43	0.00961	0.00816	0.00829	0.00839	0.01100	0.00684	0.00624	0.01163	0.01833	0.02185	0.08016	0.11252	0.62782	0.02082	0.00963	0.00277	0.00414	0.01745	0.00753	0.00684
44	0.01532	0.01442	0.02434	0.69533	0.05589	0.01803	0.02253	0.02073	0.01622	0.02073	0.01442	0.02163	0.01082	0.00811	0.00811	0.00270	0.01082	0.00721	0.00361	0.00901
45	0.02159	0.02313	0.02830	0.19702	0.35303	0.19056	0.02195	0.02584	0.01911	0.02340	0.01436	0.01904	0.01174	0.00773	0.00787	0.00240	0.01121	0.00671	0.00396	0.01104
46	0.03031	0.03867	0.02299	0.02090	0.02508	0.68226	0.01568	0.03240	0.02299	0.01986	0.01254	0.01463	0.01045	0.00836	0.00732	0.00209	0.01463	0.00523	0.00418	0.00941
47	0.02008	0.01928	0.03294	0.04981	0.66422	0.01928	0.02490	0.02490	0.01848	0.02651	0.01526	0.02008	0.01285	0.00723	0.00803	0.00241	0.00964	0.00723	0.00402	0.01285
48	0.00989	0.00706	0.00942	0.01130	0.01177	0.00659	0.00753	0.01130	0.01554	0.02071	0.04472	0.70954	0.05367	0.02542	0.01036	0.00330	0.00471	0.02307	0.00753	0.00659
49	0.02008	0.01928	0.03294	0.04981	0.66422	0.01928	0.02490	0.02490	0.01848	0.02651	0.01526	0.02008	0.01285	0.00723	0.00803	0.00241	0.00964	0.00723	0.00402	0.01285
50	0.02387	0.01443	0.01743	0.01448	0.01927	0.04231	0.04269	0.03122	0.15638	0.27768	0.09393	0.04103	0.16407	0.01284	0.00864	0.00261	0.00663	0.01081	0.00846	0.01124
51	0.01175	0.00823	0.01075	0.01207	0.01298	0.00808	0.00903	0.01370	0.01573	0.02072	0.03843	0.26612	0.04379	0.22483	0.01971	0.00481	0.00676	0.25931	0.00675	0.00646
52	0.01180	0.00787	0.00885	0.00885	0.00885	0.00787	0.00492	0.01180	0.01180	0.01573	0.02557	0.05310	0.02950	0.71483	0.04130	0.00787	0.00787	0.01180	0.00492	0.00492
53	0.02008	0.01928	0.03294	0.04981	0.66422	0.01928	0.02490	0.02490	0.01848	0.02651	0.01526	0.02008	0.01285	0.00723	0.00803	0.00241	0.00964	0.00723	0.00402	0.01285
