[name]
unknown

[dist]
# distance from previous block
# <min> <max>
5	6

[block]
# block no. 0 follows, 22 sequences, length 33
# corresponding to MSA columns:
# 6-38
name=unknown_A
#
# <colnr> <probs for GDERKNQSTAVLIFYWHMCP>
#	G	D	E	R	K	N	Q	S	T	A	V	L	I	F	Y	W	H	M	C	P
0	0.07468	0.45305	0.11169	0.01910	0.02690	0.02801	0.13532	0.02534	0.01729	0.02296	0.01295	0.01558	0.01091	0.00722	0.00648	0.00213	0.01009	0.00568	0.00379	0.01083
1	0.02322	0.18254	0.02332	0.01551	0.01939	0.27192	0.01258	0.02600	0.01932	0.02346	0.01687	0.01984	0.01402	0.00901	0.00789	0.00210	0.05890	0.00603	0.23886	0.00924
2	0.01531	0.19338	0.01881	0.01083	0.01479	0.01425	0.00908	0.01784	0.01917	0.06906	0.13271	0.09147	0.33115	0.01637	0.00858	0.00253	0.00564	0.01346	0.00699	0.00857
3	0.01099	0.00821	0.01062	0.01173	0.01223	0.00832	0.00796	0.01228	0.01524	0.02038	0.04234	0.51585	0.08152	0.13270	0.01677	0.00410	0.05483	0.02027	0.00700	0.00666
4	0.01834	0.01500	0.01596	0.01432	0.01851	0.01615	0.01132	0.12920	0.28717	0.03286	0.04905	0.05008	0.23469	0.01517	0.00911	0.00283	0.00629	0.05497	0.00812	0.01086
5	0.01196	0.00806	0.00938	0.00949	0.00961	0.00814	0.00554	0.01223	0.01238	0.01661	0.02702	0.08941	0.03097	0.62675	0.08255	0.00814	0.00882	0.01252	0.00515	0.00529
6	0.02778	0.18814	0.09097	0.01941	0.02572	0.29827	0.01700	0.18408	0.02545	0.02899	0.01458	0.01614	0.01156	0.00853	0.00725	0.00220	0.01183	0.00577	0.00508	0.01128
7	0.03158	0.02327	0.02493	0.01911	0.02576	0.02576	0.01579	0.62852	0.03906	0.05236	0.01995	0.01995	0.01413	0.00997	0.00831	0.00249	0.00914	0.00748	0.00831	0.01413
8	0.01187	0.00890	0.01335	0.01335	0.01483	0.01038	0.01038	0.01483	0.01335	0.01928	0.02225	0.03264	0.02077	0.06231	0.67512	0.01335	0.02225	0.00890	0.00445	0.00742
9	0.01666	0.04297	0.66500	0.02368	0.03596	0.01929	0.03069	0.02631	0.01754	0.02631	0.01491	0.01754	0.01052	0.00789	0.00789	0.00263	0.01228	0.00614	0.00351	0.01228
10	0.01666	0.04297	0.66500	0.02368	0.03596	0.01929	0.03069	0.02631	0.01754	0.02631	0.01491	0.01754	0.01052	0.00789	0.00789	0.00263	0.01228	0.00614	0.00351	0.01228
11	0.01187	0.00890	0.01335	0.01335	0.01483	0.01038	0.01038	0.01483	0.01335	0.01928	0.02225	0.03264	0.02077	0.06231	0.67512	0.01335	0.02225	0.00890	0.00445	0.00742
12	0.01048	0.00821	0.00950	0.00967	0.01176	0.00722	0.00706	0.01303	0.01978	0.02560	0.25440	0.19611	0.35606	0.02074	0.00997	0.00286	0.00424	0.01794	0.00816	0.00722
13	0.02024	0.01941	0.03314	0.09332	0.61642	0.01965	0.02533	0.02521	0.01876	0.02675	0.01557	0.02067	0.01302	0.00746	0.00823	0.00249	0.00995	0.00740	0.00408	0.01290
14	0.02403	0.02042	0.02763	0.03339	0.31695	0.02183	0.01970	0.21847	0.16434	0.03674	0.02104	0.02270	0.01619	0.00907	0.00830	0.00255	0.00890	0.00787	0.00640	0.01346
15	0.02017	0.01960	0.03424	0.09217	0.57231	0.01974	0.06857	0.02529	0.01881	0.02671	0.01565	0.02080	0.01298	0.00743	0.00834	0.00251	0.01025	0.00757	0.00409	0.01276
16	0.00982	0.00842	0.00842	0.00842	0.01122	0.00701	0.00631	0.01192	0.01894	0.02244	0.08416	0.07995	0.65285	0.02104	0.00982	0.00281	0.00421	0.01753	0.00771	0.00701
17	0.02066	0.01785	0.01878	0.01691	0.02160	0.02066	0.01315	0.04414	0.64121	0.03475	0.03381	0.03099	0.02536	0.01127	0.00845	0.00282	0.00657	0.00939	0.00845	0.01315
18	0.01723	0.01477	0.01723	0.01230	0.01969	0.01107	0.00984	0.02092	0.01723	0.02707	0.01477	0.01723	0.01230	0.00615	0.00615	0.00123	0.00615	0.00492	0.00492	0.75883
19	0.02463	0.01641	0.01855	0.01603	0.02105	0.01781	0.01264	0.04180	0.44788	0.20085	0.06331	0.03177	0.02664	0.01128	0.00849	0.00274	0.00658	0.00939	0.00897	0.01316
20	0.02221	0.71304	0.04353	0.01421	0.02132	0.03287	0.01421	0.02488	0.01688	0.01955	0.01155	0.01333	0.01066	0.00711	0.00533	0.00178	0.00888	0.00444	0.00355	0.01066
21	0.01012	0.00723	0.00964	0.01157	0.01205	0.00675	0.00771	0.01157	0.01591	0.02121	0.04579	0.70262	0.05495	0.02603	0.01060	0.00337	0.00482	0.02362	0.00771	0.00675
22	0.01203	0.00827	0.01014	0.01014	0.01051	0.00864	0.00638	0.01277	0.01240	0.01691	0.02519	0.04889	0.02783	0.54546	0.20162	0.00939	0.01163	0.01128	0.00489	0.00563
23	0.01187	0.00890	0.01335	0.01335	0.01483	0.01038	0.01038	0.01483	0.01335	0.01928	0.02225	0.03264	0.02077	0.06231	0.67512	0.01335	0.02225	0.00890	0.00445	0.00742
24	0.00984	0.00835	0.00848	0.00859	0.01127	0.00700	0.00639	0.01190	0.01877	0.02237	0.08200	0.11496	0.61923	0.02132	0.00986	0.00284	0.00424	0.01787	0.00771	0.00700
25	0.01666	0.04297	0.66500	0.02368	0.03596	0.01929	0.03069	0.02631	0.01754	0.02631	0.01491	0.01754	0.01052	0.00789	0.00789	0.00263	0.01228	0.00614	0.00351	0.01228
26	0.02221	0.71304	0.04353	0.01421	0.02132	0.03287	0.01421	0.02488	0.01688	0.01955	0.01155	0.01333	0.01066	0.00711	0.00533	0.00178	0.00888	0.00444	0.00355	0.01066
27	0.01612	0.03912	0.59204	0.02220	0.03333	0.01802	0.02814	0.02512	0.01821	0.02709	0.08598	0.02251	0.01810	0.00891	0.00811	0.00263	0.01134	0.00713	0.00414	0.01178
28	0.01720	0.03532	0.45865	0.10029	0.03996	0.01958	0.16026	0.02581	0.01789	0.02581	0.01531	0.01912	0.01104	0.00774	0.00836	0.00268	0.01252	0.00708	0.00368	0.01170
29	0.01130	0.00841	0.01066	0.01216	0.01312	0.00830	0.00832	0.01520	0.08568	0.02272	0.04445	0.62768	0.05164	0.02438	0.01036	0.00331	0.00502	0.02203	0.00779	0.00746
30	0.01184	0.00935	0.01080	0.01058	0.01296	0.00883	0.00786	0.01696	0.08980	0.02798	0.29914	0.14725	0.27793	0.01898	0.00976	0.00280	0.00444	0.01641	0.00836	0.00799
31	0.09628	0.00895	0.00941	0.00927	0.00984	0.00923	0.00548	0.01346	0.01231	0.01847	0.02455	0.04980	0.02784	0.62990	0.03814	0.00744	0.00787	0.01123	0.00505	0.00548
32	0.01682	0.12420	0.51314	0.02100	0.03147	0.01974	0.02605	0.02494	0.01812	0.02623	0.08555	0.02197	0.01811	0.00881	0.00778	0.00252	0.01091	0.00691	0.00414	0.01158

[dist]
# distance from previous block
# <min> <max>
0	1

[block]
# block no. 1 follows, 22 sequences, length 20
# corresponding to MSA columns:
# 40-59
name=unknown_B
#
# <colnr> <probs for GDERKNQSTAVLIFYWHMCP>
#	G	D	E	R	K	N	Q	S	T	A	V	L	I	F	Y	W	H	M	C	P
0	0.01465	0.28053	0.02217	0.01114	0.01525	0.01696	0.00958	0.01687	0.01767	0.02113	0.05019	0.15004	0.31266	0.01642	0.00820	0.00250	0.00611	0.01341	0.00611	0.00838
1	0.01121	0.00819	0.00881	0.00881	0.00990	0.00765	0.00553	0.01202	0.01473	0.01856	0.04858	0.06425	0.27082	0.44256	0.02974	0.00603	0.00657	0.01419	0.00607	0.00580
2	0.02258	0.01672	0.01863	0.01606	0.02019	0.01809	0.01250	0.35236	0.06900	0.03918	0.03083	0.28447	0.03063	0.01626	0.00921	0.00285	0.00731	0.01384	0.00809	0.01121
3	0.01420	0.01133	0.01317	0.01363	0.01574	0.01213	0.00981	0.02416	0.25755	0.02644	0.04116	0.44308	0.04351	0.02032	0.00977	0.00316	0.00550	0.01812	0.00800	0.00922
4	0.76672	0.01607	0.01221	0.01092	0.01607	0.01864	0.00900	0.02442	0.01414	0.03727	0.01157	0.01350	0.00900	0.00771	0.00514	0.00257	0.00643	0.00450	0.00514	0.00900
5	0.01415	0.01151	0.01299	0.01315	0.01561	0.01217	0.00960	0.02421	0.25802	0.02663	0.04707	0.34724	0.13554	0.01956	0.00965	0.00307	0.00540	0.01718	0.00800	0.00926
6	0.01914	0.01819	0.02949	0.03380	0.32445	0.01657	0.10352	0.02388	0.01836	0.02704	0.01546	0.01953	0.01275	0.00686	0.00764	0.00204	0.00901	0.00678	0.00444	0.30104
7	0.02732	0.02190	0.02833	0.03143	0.26940	0.02343	0.01954	0.39549	0.03128	0.04261	0.01828	0.02018	0.01375	0.00898	0.00828	0.00248	0.00942	0.00745	0.00669	0.01375
8	0.01747	0.01800	0.03472	0.40035	0.08513	0.01951	0.25622	0.02354	0.01790	0.02363	0.01560	0.02216	0.01178	0.00775	0.00888	0.00276	0.01214	0.00832	0.00391	0.01021
9	0.47649	0.01556	0.01712	0.27260	0.03197	0.01857	0.01444	0.02319	0.01509	0.03107	0.01280	0.01684	0.00980	0.00794	0.00636	0.00265	0.00822	0.00561	0.00458	0.00909
10	0.01899	0.01419	0.01586	0.01335	0.01731	0.01458	0.01058	0.25168	0.02852	0.03830	0.28361	0.04969	0.17907	0.01516	0.00923	0.00261	0.00600	0.01266	0.00851	0.01009
11	0.01420	0.01133	0.01317	0.01363	0.01574	0.01213	0.00981	0.02416	0.25755	0.02644	0.04116	0.44308	0.04351	0.02032	0.00977	0.00316	0.00550	0.01812	0.00800	0.00922
12	0.02732	0.02190	0.02833	0.03143	0.26940	0.02343	0.01954	0.39549	0.03128	0.04261	0.01828	0.02018	0.01375	0.00898	0.00828	0.00248	0.00942	0.00745	0.00669	0.01375
13	0.01331	0.01006	0.01466	0.01873	0.13427	0.01015	0.01121	0.01599	0.01596	0.02303	0.03163	0.30846	0.03406	0.06536	0.14494	0.00527	0.00933	0.01472	0.11073	0.00814
14	0.01629	0.03207	0.41765	0.28043	0.04417	0.01897	0.02775	0.02434	0.01718	0.02434	0.01485	0.01932	0.01074	0.00805	0.00805	0.00268	0.01181	0.00662	0.00358	0.01110
15	0.01969	0.44320	0.03634	0.27462	0.03519	0.02730	0.01764	0.02347	0.01678	0.02019	0.01279	0.01674	0.01082	0.00757	0.00648	0.00216	0.00973	0.00558	0.00361	0.01011
16	0.01132	0.00774	0.00928	0.01003	0.01022	0.00755	0.00607	0.01188	0.01356	0.01808	0.03375	0.30488	0.03976	0.44449	0.03004	0.00625	0.00680	0.01654	0.00607	0.00570
17	0.02224	0.02582	0.03241	0.02572	0.03058	0.23908	0.25140	0.02632	0.01908	0.02258	0.01525	0.02055	0.01273	0.01560	0.09491	0.00403	0.11985	0.00781	0.00417	0.00988
18	0.02695	0.02294	0.03424	0.02526	0.03259	0.02393	0.25162	0.39592	0.03154	0.04241	0.01873	0.02090	0.01354	0.00882	0.00889	0.00261	0.01102	0.00838	0.00672	0.01300
19	0.01873	0.01713	0.02043	0.01804	0.02075	0.02129	0.01448	0.03193	0.34266	0.02795	0.02946	0.03042	0.07592	0.01341	0.01584	0.00313	0.27156	0.00930	0.00653	0.01103

[dist]
# distance from previous block
# <min> <max>
0	1

[block]
# block no. 2 follows, 22 sequences, length 10
# corresponding to MSA columns:
# 61-70
name=unknown_C
#
# <colnr> <probs for GDERKNQSTAVLIFYWHMCP>
#	G	D	E	R	K	N	Q	S	T	A	V	L	I	F	Y	W	H	M	C	P
0	0.01459	0.01327	0.02297	0.01908	0.02240	0.01430	0.15332	0.01843	0.01498	0.02154	0.01945	0.02793	0.01742	0.04146	0.41792	0.00923	0.08226	0.00870	0.00435	0.05641
1	0.02022	0.02139	0.07139	0.04742	0.54363	0.01987	0.10172	0.02568	0.01893	0.02703	0.01573	0.02062	0.01294	0.00738	0.00841	0.00252	0.01053	0.00763	0.00409	0.01286
2	0.02141	0.02134	0.03290	0.04860	0.60532	0.07261	0.02473	0.02612	0.01929	0.02659	0.01540	0.02011	0.01296	0.00750	0.00817	0.00244	0.01028	0.00724	0.00413	0.01287
3	0.06362	0.01878	0.03114	0.14402	0.52898	0.01948	0.02416	0.02479	0.01829	0.02685	0.01526	0.02038	0.01260	0.00756	0.00806	0.00252	0.00985	0.00723	0.00411	0.01233
4	0.02143	0.02402	0.08361	0.03837	0.41092	0.12341	0.02216	0.05487	0.02052	0.02677	0.02176	0.02495	0.07262	0.00903	0.00823	0.00246	0.01033	0.00792	0.00463	0.01199
5	0.02021	0.01938	0.03309	0.09645	0.61348	0.01965	0.02532	0.02519	0.01875	0.02672	0.01556	0.02067	0.01301	0.00747	0.00823	0.00249	0.00996	0.00740	0.00408	0.01288
6	0.02724	0.03574	0.12634	0.02601	0.12208	0.41708	0.01976	0.08216	0.02324	0.02505	0.01420	0.01665	0.01134	0.00840	0.00773	0.00230	0.01328	0.00597	0.00448	0.01097
7	0.01666	0.04297	0.66500	0.02368	0.03596	0.01929	0.03069	0.02631	0.01754	0.02631	0.01491	0.01754	0.01052	0.00789	0.00789	0.00263	0.01228	0.00614	0.00351	0.01228
8	0.02381	0.02078	0.03113	0.04159	0.47033	0.02151	0.02263	0.20330	0.02486	0.03458	0.01690	0.02038	0.01344	0.00816	0.00825	0.00247	0.00965	0.00742	0.00535	0.01344
9	0.01836	0.02116	0.08242	0.02873	0.25237	0.13495	0.01781	0.02202	0.01875	0.02377	0.02822	0.22407	0.06474	0.01400	0.00886	0.00271	0.00919	0.01232	0.00537	0.01016

[dist]
# distance from previous block
# <min> <max>
3	5

[block]
# block no. 3 follows, 22 sequences, length 116
# corresponding to MSA columns:
# 76-191
name=unknown_D
#
# <colnr> <probs for GDERKNQSTAVLIFYWHMCP>
#	G	D	E	R	K	N	Q	S	T	A	V	L	I	F	Y	W	H	M	C	P
0	0.01733	0.03899	0.55680	0.02836	0.14226	0.01937	0.02980	0.02617	0.01778	0.02645	0.01503	0.01806	0.01098	0.00781	0.00795	0.00260	0.01186	0.00636	0.00361	0.01243
1	0.04902	0.03081	0.38241	0.15590	0.03613	0.01861	0.02456	0.06186	0.05008	0.02833	0.06875	0.02280	0.01715	0.00902	0.00807	0.00266	0.01062	0.00730	0.00462	0.01131
2	0.02410	0.02792	0.06055	0.03915	0.40197	0.25274	0.02239	0.02827	0.02050	0.02468	0.01460	0.01843	0.01216	0.00784	0.00795	0.00236	0.01180	0.00661	0.00414	0.01186
3	0.02269	0.01870	0.09576	0.03081	0.29966	0.01545	0.01924	0.02751	0.02090	0.19053	0.14377	0.03027	0.02746	0.01006	0.00853	0.00254	0.00826	0.00899	0.00660	0.01228
4	0.02114	0.24590	0.31514	0.01988	0.02848	0.15873	0.02178	0.02682	0.01841	0.02271	0.01376	0.01634	0.01103	0.01004	0.03460	0.00271	0.01221	0.00557	0.00372	0.01103
5	0.02332	0.02300	0.01863	0.01643	0.02001	0.26038	0.01271	0.10048	0.02379	0.06222	0.15545	0.03405	0.09414	0.01245	0.00990	0.00249	0.06561	0.00936	0.04594	0.00964
6	0.01056	0.01009	0.04054	0.00959	0.01267	0.00778	0.00781	0.01342	0.01985	0.02497	0.20300	0.07310	0.49836	0.01953	0.00972	0.00276	0.00453	0.01645	0.00782	0.00744
7	0.01470	0.01389	0.02106	0.01732	0.02171	0.01351	0.16427	0.02266	0.15527	0.02606	0.05207	0.12050	0.29056	0.01588	0.00960	0.00287	0.00726	0.01444	0.00699	0.00939
8	0.01202	0.00880	0.01320	0.01320	0.01460	0.01020	0.01020	0.01460	0.01320	0.01900	0.02179	0.03220	0.02039	0.06032	0.63701	0.05753	0.02136	0.00880	0.00440	0.00719
9	0.02221	0.71304	0.04353	0.01421	0.02132	0.03287	0.01421	0.02488	0.01688	0.01955	0.01155	0.01333	0.01066	0.00711	0.00533	0.00178	0.00888	0.00444	0.00355	0.01066
10	0.01001	0.00848	0.00868	0.00879	0.01154	0.00715	0.00669	0.01221	0.01895	0.02257	0.08200	0.08069	0.62039	0.02114	0.00991	0.00286	0.00439	0.04880	0.00771	0.00705
11	0.03029	0.09621	0.02522	0.02080	0.02532	0.62074	0.01590	0.03248	0.02298	0.02027	0.01273	0.01484	0.01070	0.00844	0.00731	0.00211	0.01447	0.00527	0.00422	0.00972
12	0.01796	0.01324	0.01511	0.01398	0.01699	0.01375	0.01052	0.23786	0.02474	0.03277	0.04061	0.38253	0.10694	0.01958	0.00967	0.00299	0.00634	0.01702	0.00793	0.00948
13	0.01012	0.00723	0.00964	0.01157	0.01205	0.00675	0.00771	0.01157	0.01591	0.02121	0.04579	0.70262	0.05495	0.02603	0.01060	0.00337	0.00482	0.02362	0.00771	0.00675
14	0.05612	0.01356	0.01691	0.01568	0.01813	0.01644	0.01241	0.02534	0.20986	0.02520	0.02350	0.02880	0.02001	0.03581	0.32755	0.00793	0.12301	0.00856	0.00561	0.00956
15	0.02755	0.28102	0.03109	0.01793	0.02395	0.22717	0.01519	0.20181	0.04963	0.02982	0.01523	0.01643	0.01224	0.00854	0.00697	0.00213	0.01074	0.00579	0.00534	0.01144
16	0.06581	0.03068	0.02362	0.02084	0.02397	0.39837	0.01633	0.06389	0.02058	0.02302	0.01259	0.01620	0.01088	0.01047	0.01361	0.00265	0.22640	0.00603	0.00436	0.00969
17	0.02102	0.01704	0.01845	0.01605	0.02058	0.01910	0.01261	0.15223	0.40110	0.03789	0.15407	0.03502	0.03372	0.01215	0.00869	0.00271	0.00655	0.01014	0.00856	0.01228
18	0.01894	0.01773	0.02675	0.03806	0.41877	0.05540	0.02114	0.02336	0.01926	0.02602	0.02434	0.04313	0.02386	0.01234	0.00920	0.00287	0.00948	0.19290	0.00523	0.01122
19	0.16993	0.36559	0.03126	0.01569	0.02167	0.19376	0.01376	0.06159	0.01932	0.02508	0.01237	0.01416	0.01055	0.00776	0.00602	0.00207	0.00998	0.00486	0.00432	0.01027
20	0.01208	0.00805	0.00906	0.00906	0.00906	0.00805	0.00503	0.01208	0.01208	0.01611	0.02618	0.05436	0.03020	0.70804	0.04228	0.00805	0.00805	0.01208	0.00503	0.00503
21	0.01208	0.00805	0.00906	0.00906	0.00906	0.00805	0.00503	0.01208	0.01208	0.01611	0.02618	0.05436	0.03020	0.70804	0.04228	0.00805	0.00805	0.01208	0.00503	0.00503
22	0.01192	0.00870	0.01232	0.01232	0.01345	0.00983	0.00910	0.01418	0.01305	0.01852	0.02319	0.03784	0.02303	0.21694	0.52357	0.01208	0.01885	0.00966	0.00459	0.00685
23	0.02338	0.01609	0.01574	0.01370	0.01800	0.11281	0.01079	0.05142	0.05031	0.22523	0.10297	0.04807	0.22314	0.01457	0.00895	0.00264	0.00719	0.03653	0.00818	0.01032
24	0.01035	0.00827	0.00935	0.01006	0.01219	0.00727	0.00756	0.01251	0.01822	0.02245	0.06965	0.23394	0.42944	0.02250	0.01022	0.00307	0.00480	0.09342	0.00771	0.00703
25	0.02928	0.17358	0.02752	0.01997	0.02481	0.54700	0.01569	0.03152	0.02222	0.02018	0.01258	0.01465	0.01069	0.00827	0.00706	0.00207	0.01377	0.00517	0.00414	0.00984
26	0.01441	0.00960	0.01104	0.01095	0.01277	0.03633	0.00839	0.01779	0.01575	0.02502	0.02423	0.03110	0.02061	0.03448	0.32192	0.00733	0.01301	0.00819	0.36942	0.00767
27	0.01818	0.01818	0.02545	0.02181	0.02181	0.02545	0.01818	0.01999	0.01272	0.01999	0.01091	0.01818	0.01091	0.01454	0.02726	0.00364	0.69284	0.00727	0.00364	0.00909
28	0.01095	0.00798	0.01050	0.01220	0.01332	0.00752	0.00906	0.01310	0.01710	0.02231	0.04961	0.47150	0.12002	0.02465	0.01075	0.00343	0.00550	0.17577	0.00770	0.00702
29	0.01818	0.01818	0.02545	0.02181	0.02181	0.02545	0.01818	0.01999	0.01272	0.01999	0.01091	0.01818	0.01091	0.01454	0.02726	0.00364	0.69284	0.00727	0.00364	0.00909
30	0.01208	0.00805	0.00906	0.00906	0.00906	0.00805	0.00503	0.01208	0.01208	0.01611	0.02618	0.05436	0.03020	0.70804	0.04228	0.00805	0.00805	0.01208	0.00503	0.00503
31	0.01549	0.00774	0.00774	0.00774	0.00968	0.00774	0.00581	0.01936	0.01742	0.03097	0.02710	0.03097	0.02129	0.00968	0.00581	0.00194	0.00387	0.00774	0.75416	0.00774
32	0.01819	0.02654	0.23259	0.16608	0.22357	0.01959	0.14354	0.02512	0.01816	0.02560	0.01546	0.02029	0.01181	0.00766	0.00844	0.00264	0.01167	0.00747	0.00386	0.01172
33	0.05125	0.03517	0.47218	0.02264	0.05856	0.01853	0.02580	0.06306	0.01969	0.12957	0.01794	0.01935	0.01238	0.00836	0.00789	0.00260	0.01093	0.00656	0.00495	0.01259
34	0.02548	0.02907	0.02894	0.03709	0.35993	0.32750	0.02106	0.02910	0.02109	0.02394	0.01432	0.01794	0.01200	0.00795	0.00788	0.00231	0.01227	0.00644	0.00419	0.01150
35	0.02003	0.01920	0.03277	0.11977	0.59155	0.01960	0.02523	0.02503	0.01867	0.02650	0.01553	0.02073	0.01293	0.00750	0.00823	0.00250	0.01000	0.00740	0.00407	0.01273
36	0.00982	0.00842	0.00842	0.00842	0.01122	0.00701	0.00631	0.01192	0.01894	0.02244	0.08416	0.07995	0.65285	0.02104	0.00982	0.00281	0.00421	0.01753	0.00771	0.00701
37	0.14102	0.01597	0.01634	0.01343	0.01811	0.01732	0.01088	0.27961	0.02642	0.07428	0.02193	0.02342	0.01629	0.00953	0.00690	0.00230	0.00667	0.00716	0.28144	0.01098
38	0.02408	0.01954	0.02071	0.01760	0.02290	0.02226	0.01398	0.22710	0.45269	0.04026	0.02947	0.02754	0.02184	0.01086	0.00841	0.00272	0.00738	0.00879	0.00841	0.01346
39	0.00982	0.00842	0.00842	0.00842	0.01122	0.00701	0.00631	0.01192	0.01894	0.02244	0.08416	0.07995	0.65285	0.02104	0.00982	0.00281	0.00421	0.01753	0.00771	0.00701
40	0.01012	0.00723	0.00964	0.01157	0.01205	0.00675	0.00771	0.01157	0.01591	0.02121	0.04579	0.70262	0.05495	0.02603	0.01060	0.00337	0.00482	0.02362	0.00771	0.00675
41	0.01208	0.00805	0.00906	0.00906	0.00906	0.00805	0.00503	0.01208	0.01208	0.01611	0.02618	0.05436	0.03020	0.70804	0.04228	0.00805	0.00805	0.01208	0.00503	0.00503
42	0.00982	0.00842	0.00842	0.00842	0.01122	0.00701	0.00631	0.01192	0.01894	0.02244	0.08416	0.07995	0.65285	0.02104	0.00982	0.00281	0.00421	0.01753	0.00771	0.00701
43	0.01569	0.01477	0.02492	0.68808	0.05722	0.01846	0.02307	0.02123	0.01661	0.02123	0.01477	0.02215	0.01107	0.00831	0.00831	0.00277	0.01107	0.00738	0.00369	0.00923
44	0.01187	0.00890	0.01335	0.01335	0.01483	0.01038	0.01038	0.01483	0.01335	0.01928	0.02225	0.03264	0.02077	0.06231	0.67512	0.01335	0.02225	0.00890	0.00445	0.00742
45	0.01189	0.00831	0.01045	0.01058	0.01242	0.00751	0.00768	0.01466	0.02027	0.05264	0.32805	0.26337	0.18060	0.02032	0.00999	0.00289	0.00438	0.01792	0.00847	0.00759
46	0.03114	0.03642	0.02381	0.02096	0.02570	0.54837	0.01600	0.14906	0.02656	0.02657	0.01422	0.01595	0.01137	0.00884	0.00765	0.00221	0.01384	0.00576	0.00506	0.01051
47	0.02056	0.01974	0.03372	0.05099	0.65622	0.01974	0.02550	0.02550	0.01892	0.02714	0.01563	0.02056	0.01316	0.00740	0.00822	0.00247	0.00987	0.00740	0.00411	0.01316
48	0.02532	0.02829	0.03400	0.03135	0.15422	0.26102	0.21710	0.09621	0.02309	0.02729	0.01547	0.01905	0.01219	0.00798	0.00848	0.00246	0.01301	0.00744	0.00467	0.01134
49	0.02165	0.02280	0.03392	0.04148	0.40902	0.11238	0.11879	0.02622	0.01907	0.02541	0.01497	0.01984	0.01251	0.00819	0.01022	0.00259	0.07742	0.00748	0.00410	0.01196
50	0.02530	0.01853	0.02091	0.01699	0.02197	0.02063	0.01383	0.42828	0.03084	0.04205	0.02091	0.02402	0.01632	0.02482	0.19750	0.00555	0.01264	0.00789	0.03909	0.01195
51	0.01666	0.04297	0.66500	0.02368	0.03596	0.01929	0.03069	0.02631	0.01754	0.02631	0.01491	0.01754	0.01052	0.00789	0.00789	0.00263	0.01228	0.00614	0.00351	0.01228
52	0.00982	0.00842	0.00842	0.00842	0.01122	0.00701	0.00631	0.01192	0.01894	0.02244	0.08416	0.07995	0.65285	0.02104	0.00982	0.00281	0.00421	0.01753	0.00771	0.00701
53	0.03158	0.02327	0.02493	0.01911	0.02576	0.02576	0.01579	0.62852	0.03906	0.05236	0.01995	0.01995	0.01413	0.00997	0.00831	0.00249	0.00914	0.00748	0.00831	0.01413
54	0.03158	0.02327	0.02493	0.01911	0.02576	0.02576	0.01579	0.62852	0.03906	0.05236	0.01995	0.01995	0.01413	0.00997	0.00831	0.00249	0.00914	0.00748	0.00831	0.01413
55	0.01187	0.00890	0.01335	0.01335	0.01483	0.01038	0.01038	0.01483	0.01335	0.01928	0.02225	0.03264	0.02077	0.06231	0.67512	0.01335	0.02225	0.00890	0.00445	0.00742
56	0.00982	0.00842	0.00842	0.00842	0.01122	0.00701	0.00631	0.01192	0.01894	0.02244	0.08416	0.07995	0.65285	0.02104	0.00982	0.00281	0.00421	0.01753	0.00771	0.00701
57	0.02221	0.71304	0.04353	0.01421	0.02132	0.03287	0.01421	0.02488	0.01688	0.01955	0.01155	0.01333	0.01066	0.00711	0.00533	0.00178	0.00888	0.00444	0.00355	0.01066
58	0.01022	0.00843	0.00897	0.00884	0.01147	0.00718	0.00663	0.01270	0.01989	0.02470	0.20188	0.07624	0.53372	0.02020	0.00981	0.00277	0.00415	0.01701	0.00801	0.00718
59	0.03103	0.03959	0.02354	0.02140	0.02568	0.67469	0.01605	0.03317	0.02354	0.02033	0.01284	0.01498	0.01070	0.00856	0.00749	0.00214	0.01498	0.00535	0.00428	0.00963
60	0.02869	0.03228	0.02255	0.02006	0.02467	0.44091	0.01543	0.12666	0.12319	0.02778	0.01865	0.02181	0.01521	0.00985	0.00795	0.00238	0.01242	0.03298	0.00572	0.01080
61	0.02274	0.06839	0.22623	0.02750	0.15190	0.14876	0.05149	0.09978	0.07223	0.02871	0.01669	0.01901	0.01281	0.00836	0.00793	0.00246	0.01140	0.00674	0.00478	0.01208
62	0.02026	0.01944	0.03318	0.08976	0.61977	0.01966	0.02535	0.02524	0.01878	0.02678	0.01557	0.02066	0.01303	0.00746	0.00823	0.00249	0.00994	0.00740	0.00409	0.01292
63	0.01111	0.00847	0.01021	0.00977	0.01201	0.00756	0.00733	0.01443	0.02199	0.02969	0.46262	0.06802	0.26987	0.01834	0.00980	0.00268	0.00402	0.01586	0.00867	0.00756
64	0.01923	0.01655	0.05142	0.35130	0.04287	0.01674	0.13975	0.02446	0.01862	0.12289	0.02577	0.02946	0.08472	0.00977	0.00876	0.00274	0.01031	0.00911	0.00527	0.01026
65	0.01804	0.06533	0.41051	0.02818	0.06748	0.02047	0.21943	0.02630	0.01824	0.02614	0.01540	0.01905	0.01132	0.00755	0.00840	0.00264	0.01256	0.00729	0.00376	0.01191
66	0.02056	0.01974	0.03372	0.05099	0.65622	0.01974	0.02550	0.02550	0.01892	0.02714	0.01563	0.02056	0.01316	0.00740	0.00822	0.00247	0.00987	0.00740	0.00411	0.01316
67	0.00982	0.00842	0.00842	0.00842	0.01122	0.00701	0.00631	0.01192	0.01894	0.02244	0.08416	0.07995	0.65285	0.02104	0.00982	0.00281	0.00421	0.01753	0.00771	0.00701
68	0.02879	0.03391	0.02588	0.02767	0.16321	0.47809	0.01809	0.08082	0.02382	0.02447	0.01404	0.01661	0.01152	0.00842	0.00772	0.00224	0.01338	0.00597	0.00458	0.01077
69	0.02067	0.02151	0.03740	0.07290	0.40454	0.05891	0.20852	0.02610	0.01930	0.02631	0.01578	0.02087	0.01275	0.00739	0.00867	0.00256	0.01149	0.00801	0.00413	0.01218
70	0.02051	0.01989	0.03460	0.05007	0.62101	0.01981	0.06000	0.02556	0.01896	0.02711	0.01569	0.02067	0.01313	0.00738	0.00832	0.00249	0.01011	0.00754	0.00412	0.01305
71	0.01979	0.01895	0.03232	0.15224	0.56103	0.01953	0.02511	0.02482	0.01855	0.02620	0.01549	0.02081	0.01283	0.00755	0.00824	0.00252	0.01006	0.00740	0.00405	0.01253
72	0.01187	0.00890	0.01335	0.01335	0.01483	0.01038	0.01038	0.01483	0.01335	0.01928	0.02225	0.03264	0.02077	0.06231	0.67512	0.01335	0.02225	0.00890	0.00445	0.00742
73	0.00984	0.00834	0.00849	0.00861	0.01127	0.00700	0.00640	0.01190	0.01875	0.02237	0.08182	0.11784	0.61646	0.02134	0.00987	0.00284	0.00425	0.01790	0.00771	0.00700
74	0.01187	0.00890	0.01335	0.01335	0.01483	0.01038	0.01038	0.01483	0.01335	0.01928	0.02225	0.03264	0.02077	0.06231	0.67512	0.01335	0.02225	0.00890	0.00445	0.00742
75	0.07641	0.01424	0.01890	0.01457	0.02093	0.01255	0.01204	0.03962	0.02326	0.62846	0.03164	0.02748	0.01994	0.01014	0.00818	0.00257	0.00703	0.00815	0.01001	0.01386
76	0.03062	0.02407	0.02482	0.05773	0.02756	0.07646	0.01623	0.54673	0.03655	0.04804	0.01909	0.01968	0.01368	0.00977	0.00825	0.00248	0.00971	0.00731	0.00773	0.01349
77	0.02026	0.01944	0.03318	0.08976	0.61977	0.01966	0.02535	0.02524	0.01878	0.02678	0.01557	0.02066	0.01303	0.00746	0.00823	0.00249	0.00994	0.00740	0.00409	0.01292
78	0.02124	0.20418	0.03537	0.07339	0.42610	0.05462	0.02192	0.02548	0.01848	0.02449	0.01437	0.01846	0.01227	0.00743	0.00743	0.00228	0.00992	0.00652	0.00395	0.01212
79	0.02221	0.71304	0.04353	0.01421	0.02132	0.03287	0.01421	0.02488	0.01688	0.01955	0.01155	0.01333	0.01066	0.00711	0.00533	0.00178	0.00888	0.00444	0.00355	0.01066
80	0.01012	0.00723	0.00964	0.01157	0.01205	0.00675	0.00771	0.01157	0.01591	0.02121	0.04579	0.70262	0.05495	0.02603	0.01060	0.00337	0.00482	0.02362	0.00771	0.00675
81	0.03367	0.01992	0.02286	0.01752	0.02409	0.02079	0.01448	0.41287	0.03345	0.27592	0.02465	0.02300	0.01649	0.01009	0.00833	0.00252	0.00838	0.00780	0.00903	0.01413
82	0.01187	0.00890	0.01335	0.01335	0.01483	0.01038	0.01038	0.01483	0.01335	0.01928	0.02225	0.03264	0.02077	0.06231	0.67512	0.01335	0.02225	0.00890	0.00445	0.00742
83	0.01193	0.00864	0.01201	0.01201	0.01303	0.00965	0.00871	0.01397	0.01295	0.01829	0.02348	0.03944	0.02372	0.26447	0.47700	0.01169	0.01781	0.00990	0.00463	0.00667
84	0.03103	0.03959	0.02354	0.02140	0.02568	0.67469	0.01605	0.03317	0.02354	0.02033	0.01284	0.01498	0.01070	0.00856	0.00749	0.00214	0.01498	0.00535	0.00428	0.00963
85	0.01443	0.00722	0.01082	0.01082	0.01082	0.00722	0.00722	0.01082	0.01082	0.01443	0.01443	0.02525	0.01443	0.02886	0.03247	0.75830	0.00722	0.00722	0.00361	0.00361
86	0.01844	0.01835	0.02637	0.02508	0.09287	0.02481	0.01900	0.02061	0.01342	0.02079	0.01143	0.01844	0.01116	0.01374	0.02513	0.00350	0.61635	0.00728	0.00369	0.00954
87	0.03103	0.03959	0.02354	0.02140	0.02568	0.67469	0.01605	0.03317	0.02354	0.02033	0.01284	0.01498	0.01070	0.00856	0.00749	0.00214	0.01498	0.00535	0.00428	0.00963
88	0.03103	0.03959	0.02354	0.02140	0.02568	0.67469	0.01605	0.03317	0.02354	0.02033	0.01284	0.01498	0.01070	0.00856	0.00749	0.00214	0.01498	0.00535	0.00428	0.00963
89	0.01187	0.00890	0.01335	0.01335	0.01483	0.01038	0.01038	0.01483	0.01335	0.01928	0.02225	0.03264	0.02077	0.06231	0.67512	0.01335	0.02225	0.00890	0.00445	0.00742
90	0.01812	0.01403	0.01515	0.01301	0.01704	0.01441	0.01026	0.21111	0.08510	0.03520	0.16955	0.05282	0.27923	0.01582	0.00921	0.00267	0.00594	0.01309	0.00825	0.01001
91	0.01729	0.00948	0.00967	0.00902	0.01148	0.00976	0.00693	0.08758	0.01985	0.03337	0.02630	0.02974	0.02049	0.00971	0.00609	0.00200	0.00446	0.00771	0.67063	0.00846
92	0.02066	0.01785	0.01878	0.01691	0.02160	0.02066	0.01315	0.04414	0.64121	0.03475	0.03381	0.03099	0.02536	0.01127	0.00845	0.00282	0.00657	0.00939	0.00845	0.01315
93	0.03103	0.03959	0.02354	0.02140	0.02568	0.67469	0.01605	0.03317	0.02354	0.02033	0.01284	0.01498	0.01070	0.00856	0.00749	0.00214	0.01498	0.00535	0.00428	0.00963
94	0.02700	0.35036	0.03296	0.01783	0.02367	0.30932	0.01517	0.09132	0.02207	0.02330	0.01298	0.01473	0.01104	0.00803	0.00657	0.00201	0.01154	0.00515	0.00436	0.01058
95	0.03152	0.02510	0.02478	0.01937	0.02575	0.09844	0.01582	0.56184	0.03732	0.04877	0.01915	0.01939	0.01374	0.00981	0.00822	0.00245	0.00980	0.00724	0.00786	0.01362
96	0.01815	0.08132	0.56507	0.02323	0.03472	0.01986	0.05845	0.02693	0.01791	0.05684	0.01567	0.01805	0.01112	0.00792	0.00785	0.00258	0.01190	0.00633	0.00387	0.01222
97	0.03103	0.03959	0.02354	0.02140	0.02568	0.67469	0.01605	0.03317	0.02354	0.02033	0.01284	0.01498	0.01070	0.00856	0.00749	0.00214	0.01498	0.00535	0.00428	0.00963
98	0.01199	0.00842	0.01092	0.01092	0.01157	0.00907	0.00736	0.01328	0.01263	0.01749	0.02447	0.04493	0.02611	0.42759	0.31714	0.01035	0.01422	0.01070	0.00478	0.00607
99	0.01801	0.03368	0.40469	0.03091	0.15990	0.01997	0.12844	0.02588	0.01792	0.02621	0.01517	0.01899	0.01141	0.00798	0.00924	0.00268	0.04599	0.00706	0.00375	0.01211
100	0.01089	0.00871	0.00990	0.01034	0.01285	0.00773	0.00824	0.01358	0.01936	0.02394	0.11999	0.08201	0.45153	0.02120	0.01024	0.00305	0.00506	0.16630	0.00781	0.00724
101	0.01089	0.00846	0.00990	0.00954	0.01188	0.00747	0.00716	0.01400	0.02147	0.02845	0.39811	0.07005	0.33514	0.01880	0.00981	0.00270	0.00405	0.01615	0.00851	0.00747
102	0.01053	0.00844	0.00940	0.00916	0.01166	0.00732	0.00687	0.01330	0.02062	0.02643	0.29234	0.07339	0.44218	0.01955	0.00981	0.00273	0.00410	0.01661	0.00824	0.00732
103	0.03103	0.03959	0.02354	0.02140	0.02568	0.67469	0.01605	0.03317	0.02354	0.02033	0.01284	0.01498	0.01070	0.00856	0.00749	0.00214	0.01498	0.00535	0.00428	0.00963
104	0.02056	0.01974	0.03372	0.05099	0.65622	0.01974	0.02550	0.02550	0.01892	0.02714	0.01563	0.02056	0.01316	0.00740	0.00822	0.00247	0.00987	0.00740	0.00411	0.01316
105	0.02000	0.02031	0.03804	0.08017	0.43223	0.02007	0.21338	0.02562	0.01901	0.02666	0.01595	0.02122	0.01287	0.00733	0.00872	0.00259	0.01123	0.00815	0.00412	0.01234
106	0.01059	0.00845	0.00948	0.00922	0.01169	0.00734	0.00692	0.01341	0.02075	0.02675	0.30891	0.07286	0.42541	0.01943	0.00981	0.00273	0.00409	0.01654	0.00828	0.00734
107	0.76672	0.01607	0.01221	0.01092	0.01607	0.01864	0.00900	0.02442	0.01414	0.03727	0.01157	0.01350	0.00900	0.00771	0.00514	0.00257	0.00643	0.00450	0.00514	0.00900
108	0.01082	0.00760	0.00936	0.01047	0.01091	0.00724	0.00666	0.01177	0.01469	0.01942	0.04085	0.43081	0.08029	0.27407	0.02209	0.00505	0.00596	0.01907	0.00674	0.00614
109	0.00991	0.00804	0.00880	0.00940	0.01148	0.00693	0.00675	0.01181	0.01799	0.02206	0.07214	0.27489	0.46566	0.02260	0.01006	0.00298	0.00440	0.01944	0.00771	0.00693
110	0.01208	0.00805	0.00906	0.00906	0.00906	0.00805	0.00503	0.01208	0.01208	0.01611	0.02618	0.05436	0.03020	0.70804	0.04228	0.00805	0.00805	0.01208	0.00503	0.00503
111	0.02264	0.02369	0.03169	0.04510	0.53077	0.15005	0.02362	0.02702	0.01984	0.02579	0.01507	0.01945	0.01267	0.00763	0.00808	0.00240	0.01089	0.00699	0.00415	0.01246
112	0.01586	0.01477	0.02101	0.01871	0.01925	0.01992	0.01532	0.01810	0.01295	0.01973	0.01507	0.02348	0.01452	0.03206	0.26485	0.00720	0.44692	0.00787	0.00393	0.00848
113	0.01539	0.01362	0.01660	0.08491	0.09474	0.01435	0.01259	0.02553	0.23268	0.02710	0.05184	0.05035	0.29761	0.01480	0.00901	0.00277	0.00638	0.01253	0.00714	0.01006
114	0.01984	0.15726	0.02764	0.22800	0.03287	0.09622	0.01791	0.05505	0.01744	0.02201	0.01388	0.01939	0.01188	0.01415	0.06740	0.00357	0.17517	0.00667	0.00403	0.00964
115	0.25817	0.01924	0.01894	0.01583	0.02137	0.02187	0.01280	0.24853	0.22793	0.04188	0.02185	0.02153	0.01619	0.00969	0.00736	0.00262	0.00745	0.00717	0.00736	0.01220

[dist]
# distance from previous block
# <min> <max>
0	2

[block]
# block no. 4 follows, 22 sequences, length 10
# corresponding to MSA columns:
# 194-203
name=unknown_E
#
# <colnr> <probs for GDERKNQSTAVLIFYWHMCP>
#	G	D	E	R	K	N	Q	S	T	A	V	L	I	F	Y	W	H	M	C	P
0	0.27093	0.03107	0.09376	0.01996	0.06083	0.34523	0.01596	0.02905	0.01949	0.02699	0.01282	0.01511	0.01026	0.00814	0.00681	0.00236	0.01156	0.00528	0.00447	0.00993
1	0.02049	0.01966	0.03260	0.04390	0.49598	0.02001	0.07711	0.02869	0.12241	0.02836	0.01875	0.02246	0.01514	0.00801	0.00840	0.00256	0.00969	0.00795	0.00484	0.01298
2	0.01229	0.00877	0.01270	0.01270	0.01423	0.01008	0.00985	0.01536	0.01383	0.02065	0.02282	0.03244	0.02083	0.05617	0.59705	0.01202	0.02011	0.00877	0.09190	0.00746
3	0.01208	0.00805	0.00906	0.00906	0.00906	0.00805	0.00503	0.01208	0.01208	0.01611	0.02618	0.05436	0.03020	0.70804	0.04228	0.00805	0.00805	0.01208	0.00503	0.00503
4	0.01387	0.01109	0.01206	0.01161	0.01473	0.01080	0.00907	0.08757	0.08091	0.02730	0.06346	0.12557	0.39023	0.01949	0.00978	0.00295	0.00549	0.08769	0.00785	0.00849
5	0.01012	0.00723	0.00964	0.01157	0.01205	0.00675	0.00771	0.01157	0.01591	0.02121	0.04579	0.70262	0.05495	0.02603	0.01060	0.00337	0.00482	0.02362	0.00771	0.00675
6	0.03107	0.03837	0.02365	0.02123	0.02569	0.62617	0.01603	0.07769	0.02470	0.02273	0.01337	0.01535	0.01096	0.00867	0.00755	0.00217	0.01454	0.00551	0.00458	0.00997
7	0.02706	0.02059	0.02251	0.01697	0.02385	0.02114	0.01392	0.43718	0.03218	0.04439	0.01831	0.01909	0.01355	0.00877	0.00763	0.00210	0.00820	0.00667	0.00724	0.24864
8	0.02255	0.02428	0.02388	0.01996	0.02453	0.25243	0.11483	0.06711	0.11433	0.02897	0.18602	0.03133	0.03128	0.01102	0.00868	0.00250	0.01029	0.00938	0.00642	0.01022
9	0.01896	0.01835	0.03194	0.25059	0.42795	0.01942	0.06358	0.02422	0.01823	0.02524	0.01543	0.02118	0.01247	0.00766	0.00835	0.00258	0.01052	0.00755	0.00399	0.01179

[dist]
# distance from previous block
# <min> <max>
0	1

[block]
# block no. 5 follows, 22 sequences, length 13
# corresponding to MSA columns:
# 205-217
name=unknown_F
#
# <colnr> <probs for GDERKNQSTAVLIFYWHMCP>
#	G	D	E	R	K	N	Q	S	T	A	V	L	I	F	Y	W	H	M	C	P
0	0.08554	0.07287	0.45294	0.02605	0.10704	0.02015	0.07034	0.02599	0.01751	0.02705	0.01464	0.01765	0.01085	0.00771	0.00768	0.00257	0.01140	0.00631	0.00378	0.01192
1	0.01540	0.01248	0.01426	0.01408	0.01688	0.01349	0.01066	0.02742	0.30266	0.02912	0.10891	0.24246	0.06982	0.01779	0.00958	0.00305	0.00575	0.06811	0.00820	0.00988
2	0.01964	0.01975	0.02770	0.03949	0.46176	0.08975	0.02074	0.02372	0.01943	0.02548	0.02857	0.03142	0.13656	0.01017	0.00845	0.00250	0.00934	0.00913	0.00483	0.01158
3	0.01051	0.00864	0.00938	0.00975	0.01238	0.00751	0.00768	0.01294	0.01897	0.02291	0.07639	0.08261	0.53588	0.02141	0.01014	0.00300	0.00487	0.13020	0.00770	0.00714
4	0.01957	0.01859	0.02784	0.19399	0.39305	0.06546	0.02192	0.02432	0.01853	0.02570	0.01657	0.02176	0.01345	0.00797	0.00791	0.00245	0.00982	0.00729	0.09247	0.01134
5	0.01012	0.00723	0.00964	0.01157	0.01205	0.00675	0.00771	0.01157	0.01591	0.02121	0.04579	0.70262	0.05495	0.02603	0.01060	0.00337	0.00482	0.02362	0.00771	0.00675
6	0.02937	0.02638	0.02232	0.01838	0.02369	0.22545	0.01460	0.36586	0.03148	0.03967	0.01864	0.01980	0.01397	0.00950	0.00774	0.00231	0.01029	0.00685	0.10178	0.01192
7	0.02221	0.71304	0.04353	0.01421	0.02132	0.03287	0.01421	0.02488	0.01688	0.01955	0.01155	0.01333	0.01066	0.00711	0.00533	0.00178	0.00888	0.00444	0.00355	0.01066
8	0.03103	0.03959	0.02354	0.02140	0.02568	0.67469	0.01605	0.03317	0.02354	0.02033	0.01284	0.01498	0.01070	0.00856	0.00749	0.00214	0.01498	0.00535	0.00428	0.00963
9	0.01005	0.00842	0.00873	0.00866	0.01136	0.00711	0.00649	0.01237	0.01948	0.02372	0.15110	0.07784	0.58511	0.02056	0.00982	0.00278	0.00417	0.01724	0.00788	0.00711
10	0.02307	0.01741	0.02097	0.09116	0.02550	0.01969	0.01475	0.35128	0.02778	0.03759	0.02016	0.02453	0.01606	0.02770	0.23654	0.00624	0.01384	0.00796	0.00648	0.01129
11	0.01933	0.02687	0.22653	0.04021	0.40614	0.01971	0.05551	0.02671	0.04895	0.02723	0.01635	0.02024	0.01292	0.00772	0.00821	0.00255	0.01064	0.00723	0.00414	0.01279
12	0.19651	0.33693	0.03295	0.01655	0.02282	0.02434	0.12590	0.02444	0.01681	0.02639	0.01437	0.01714	0.01188	0.00753	0.00617	0.00217	0.00867	0.00584	0.09256	0.01003

[dist]
# distance from previous block
# <min> <max>
5	8

[block]
# block no. 6 follows, 22 sequences, length 34
# corresponding to MSA columns:
# 226-259
name=unknown_G
#
# <colnr> <probs for GDERKNQSTAVLIFYWHMCP>
#	G	D	E	R	K	N	Q	S	T	A	V	L	I	F	Y	W	H	M	C	P
0	0.01706	0.01346	0.01491	0.01283	0.01686	0.01321	0.00977	0.12787	0.11029	0.03030	0.07902	0.11515	0.15636	0.08813	0.01219	0.00306	0.00625	0.01208	0.00720	0.15402
1	0.26062	0.11121	0.02148	0.06448	0.02324	0.27001	0.01350	0.02660	0.01817	0.02557	0.01339	0.01665	0.01122	0.01365	0.07559	0.00344	0.01197	0.00548	0.00444	0.00930
2	0.06654	0.03654	0.50757	0.02110	0.03201	0.01838	0.02581	0.04962	0.01814	0.02818	0.01487	0.01733	0.01081	0.00773	0.00749	0.00243	0.01093	0.00592	0.00400	0.11460
3	0.05912	0.03390	0.16962	0.02941	0.19778	0.32043	0.02156	0.02915	0.02051	0.02430	0.01400	0.01699	0.01125	0.00806	0.00767	0.00236	0.01260	0.00604	0.00410	0.01115
4	0.01806	0.08623	0.57834	0.02290	0.03426	0.06750	0.02857	0.02671	0.01793	0.02544	0.01454	0.01708	0.01055	0.00789	0.00770	0.00254	0.01225	0.00597	0.00357	0.01198
5	0.02008	0.02652	0.21425	0.03381	0.28142	0.02140	0.02450	0.08698	0.01933	0.02805	0.01490	0.01913	0.01203	0.00927	0.01203	0.00276	0.15008	0.00702	0.00427	0.01217
6	0.01639	0.01111	0.01363	0.01370	0.01631	0.01128	0.01100	0.02284	0.13027	0.08638	0.04218	0.06766	0.10233	0.14095	0.01592	0.00416	0.00711	0.27046	0.00759	0.00873
7	0.01002	0.00842	0.00869	0.00863	0.01134	0.00710	0.00647	0.01231	0.01941	0.02357	0.14287	0.07810	0.59343	0.02062	0.00982	0.00279	0.00418	0.01727	0.00786	0.00710
8	0.02438	0.02353	0.02846	0.07808	0.32993	0.13715	0.02077	0.15200	0.06867	0.03129	0.01728	0.02030	0.01367	0.00847	0.00813	0.00246	0.01047	0.00720	0.00529	0.01248
9	0.01012	0.00723	0.00964	0.01157	0.01205	0.00675	0.00771	0.01157	0.01591	0.02121	0.04579	0.70262	0.05495	0.02603	0.01060	0.00337	0.00482	0.02362	0.00771	0.00675
10	0.01786	0.01065	0.01153	0.01050	0.01321	0.01129	0.00818	0.12682	0.02072	0.03322	0.02519	0.02924	0.01995	0.01668	0.09460	0.00354	0.00723	0.00785	0.52289	0.00883
11	0.09503	0.28763	0.15356	0.02177	0.02950	0.02526	0.18359	0.02524	0.01719	0.02451	0.01355	0.01690	0.01101	0.00777	0.00843	0.00241	0.05552	0.00640	0.00389	0.01083
12	0.22407	0.43464	0.03427	0.01525	0.02175	0.06617	0.05709	0.02537	0.01673	0.02490	0.01201	0.01413	0.01035	0.00735	0.00573	0.00209	0.00895	0.00490	0.00407	0.01019
13	0.01087	0.00846	0.00988	0.00952	0.01187	0.00746	0.00714	0.01396	0.02142	0.02834	0.39236	0.07023	0.34096	0.01884	0.00981	0.00270	0.00405	0.01617	0.00849	0.00746
14	0.01942	0.02637	0.21019	0.04236	0.44402	0.01970	0.06593	0.02579	0.01858	0.02687	0.01550	0.01984	0.01239	0.00751	0.00823	0.00253	0.01081	0.00721	0.00395	0.01279
15	0.01791	0.01663	0.02742	0.47198	0.22549	0.01921	0.02337	0.05454	0.01845	0.02455	0.01528	0.02158	0.01183	0.00814	0.00828	0.00267	0.01063	0.00739	0.00405	0.01060
16	0.01234	0.00910	0.01176	0.01189	0.01391	0.00873	0.00934	0.01687	0.05072	0.02981	0.39765	0.11560	0.10078	0.01906	0.01020	0.00298	0.00503	0.15775	0.00856	0.00792
17	0.01666	0.04297	0.66500	0.02368	0.03596	0.01929	0.03069	0.02631	0.01754	0.02631	0.01491	0.01754	0.01052	0.00789	0.00789	0.00263	0.01228	0.00614	0.00351	0.01228
18	0.01007	0.00791	0.00911	0.00989	0.01165	0.00695	0.00701	0.01202	0.01794	0.02263	0.10503	0.34434	0.36016	0.02290	0.01015	0.00304	0.00445	0.01996	0.00781	0.00695
19	0.01894	0.02311	0.13271	0.26306	0.30858	0.06219	0.02489	0.02467	0.01821	0.02453	0.01503	0.02025	0.01185	0.00787	0.00815	0.00258	0.01101	0.00706	0.00388	0.01144
20	0.02120	0.64498	0.04040	0.01385	0.02046	0.03045	0.01360	0.02399	0.01752	0.02088	0.07340	0.01803	0.01720	0.00806	0.00576	0.00186	0.00840	0.00546	0.00409	0.01039
21	0.02425	0.01924	0.07535	0.01799	0.06863	0.01578	0.01447	0.15666	0.02331	0.15053	0.01931	0.02014	0.01415	0.00798	0.00733	0.00196	0.00776	0.00640	0.00647	0.34231
22	0.02996	0.03734	0.02305	0.02094	0.02526	0.60705	0.01575	0.03431	0.08743	0.02182	0.01501	0.01664	0.01222	0.00884	0.00759	0.00221	0.01411	0.00577	0.00471	0.00999
23	0.01187	0.00890	0.01335	0.01335	0.01483	0.01038	0.01038	0.01483	0.01335	0.01928	0.02225	0.03264	0.02077	0.06231	0.67512	0.01335	0.02225	0.00890	0.00445	0.00742
24	0.01012	0.00723	0.00964	0.01157	0.01205	0.00675	0.00771	0.01157	0.01591	0.02121	0.04579	0.70262	0.05495	0.02603	0.01060	0.00337	0.00482	0.02362	0.00771	0.00675
25	0.01961	0.02241	0.04902	0.03501	0.04342	0.02101	0.62605	0.02661	0.01961	0.02661	0.01681	0.02241	0.01261	0.00700	0.00980	0.00280	0.01401	0.00980	0.00420	0.01120
26	0.01549	0.00774	0.00774	0.00774	0.00968	0.00774	0.00581	0.01936	0.01742	0.03097	0.02710	0.03097	0.02129	0.00968	0.00581	0.00194	0.00387	0.00774	0.75416	0.00774
27	0.01040	0.00831	0.00930	0.00932	0.01164	0.00722	0.00689	0.01294	0.01990	0.02537	0.23994	0.14110	0.42752	0.02043	0.00990	0.00281	0.00419	0.01747	0.00812	0.00722
28	0.01012	0.00723	0.00964	0.01157	0.01205	0.00675	0.00771	0.01157	0.01591	0.02121	0.04579	0.70262	0.05495	0.02603	0.01060	0.00337	0.00482	0.02362	0.00771	0.00675
29	0.01187	0.00890	0.01335	0.01335	0.01483	0.01038	0.01038	0.01483	0.01335	0.01928	0.02225	0.03264	0.02077	0.06231	0.67512	0.01335	0.02225	0.00890	0.00445	0.00742
30	0.02083	0.01613	0.01758	0.01569	0.02001	0.01808	0.01211	0.03945	0.49697	0.08785	0.08308	0.03478	0.02953	0.05688	0.01075	0.00312	0.00650	0.00993	0.00845	0.01228
31	0.01006	0.00747	0.00939	0.01092	0.01188	0.00680	0.00743	0.01164	0.01652	0.02146	0.05363	0.57536	0.17715	0.02501	0.01044	0.00326	0.00469	0.02237	0.00771	0.00680
