[name]
unknown

[dist]
# distance from previous block
# <min> <max>
0	21

[block]
# block no. 0 follows, 22 sequences, length 21
# corresponding to MSA columns:
# 21-41
name=unknown_A
#
# <colnr> <probs for GDERKNQSTAVLIFYWHMCP>
#	G	D	E	R	K	N	Q	S	T	A	V	L	I	F	Y	W	H	M	C	P
0	0.01339	0.00956	0.01339	0.01530	0.01721	0.00956	0.01339	0.01721	0.01912	0.02486	0.04399	0.09371	0.04781	0.02295	0.01147	0.00382	0.00765	0.60031	0.00765	0.00765
1	0.02056	0.01974	0.03372	0.05099	0.65622	0.01974	0.02550	0.02550	0.01892	0.02714	0.01563	0.02056	0.01316	0.00740	0.00822	0.00247	0.00987	0.00740	0.00411	0.01316
2	0.03103	0.03959	0.02354	0.02140	0.02568	0.67469	0.01605	0.03317	0.02354	0.02033	0.01284	0.01498	0.01070	0.00856	0.00749	0.00214	0.01498	0.00535	0.00428	0.00963
3	0.01187	0.00890	0.01335	0.01335	0.01483	0.01038	0.01038	0.01483	0.01335	0.01928	0.02225	0.03264	0.02077	0.06231	0.67512	0.01335	0.02225	0.00890	0.00445	0.00742
4	0.03103	0.03959	0.02354	0.02140	0.02568	0.67469	0.01605	0.03317	0.02354	0.02033	0.01284	0.01498	0.01070	0.00856	0.00749	0.00214	0.01498	0.00535	0.00428	0.00963
5	0.06552	0.01932	0.02120	0.01682	0.02255	0.02085	0.01358	0.36878	0.10727	0.15677	0.02409	0.02538	0.01778	0.06845	0.01102	0.00302	0.00823	0.00811	0.00826	0.01300
6	0.02693	0.03161	0.02145	0.01947	0.02334	0.47738	0.01480	0.07839	0.02262	0.02275	0.01546	0.01921	0.01316	0.02030	0.15198	0.00459	0.01607	0.00629	0.00465	0.00952
7	0.03149	0.02590	0.02471	0.01948	0.02575	0.13017	0.01583	0.53273	0.03656	0.04720	0.01880	0.01915	0.01358	0.00975	0.00818	0.00244	0.01008	0.00714	0.00766	0.01340
8	0.03045	0.02153	0.02283	0.01789	0.02388	0.04880	0.01451	0.46346	0.06261	0.12319	0.02230	0.02359	0.01638	0.05681	0.01057	0.00288	0.00893	0.00790	0.00818	0.01329
9	0.01595	0.01503	0.02539	0.65368	0.08956	0.01853	0.02320	0.02146	0.01674	0.02154	0.01481	0.02206	0.01119	0.00826	0.00830	0.00275	0.01101	0.00738	0.00371	0.00944
10	0.03122	0.03409	0.02401	0.02063	0.02571	0.45605	0.01596	0.23376	0.02877	0.03112	0.01523	0.01665	0.01186	0.00904	0.00777	0.00226	0.01301	0.00607	0.00564	0.01115
11	0.02056	0.01974	0.03372	0.05099	0.65622	0.01974	0.02550	0.02550	0.01892	0.02714	0.01563	0.02056	0.01316	0.00740	0.00822	0.00247	0.00987	0.00740	0.00411	0.01316
12	0.01943	0.01424	0.01566	0.01458	0.01765	0.07533	0.01161	0.09390	0.02077	0.10472	0.06384	0.04873	0.07101	0.08472	0.17165	0.00585	0.01157	0.13881	0.00683	0.00912
13	0.02056	0.01974	0.03372	0.05099	0.65622	0.01974	0.02550	0.02550	0.01892	0.02714	0.01563	0.02056	0.01316	0.00740	0.00822	0.00247	0.00987	0.00740	0.00411	0.01316
14	0.60480	0.01652	0.01507	0.01328	0.01731	0.02011	0.01098	0.02346	0.01383	0.03353	0.01142	0.01451	0.00941	0.00919	0.00993	0.00280	0.15491	0.00510	0.00482	0.00902
15	0.01735	0.12582	0.58816	0.02251	0.03415	0.02097	0.02866	0.02613	0.01746	0.02547	0.01449	0.01702	0.01054	0.00780	0.00758	0.00253	0.01186	0.00593	0.00351	0.01208
16	0.02630	0.17991	0.03061	0.02783	0.19491	0.35909	0.01820	0.02931	0.02085	0.02200	0.01331	0.01613	0.01136	0.00793	0.00722	0.00215	0.01228	0.00571	0.00408	0.01081
17	0.22512	0.02266	0.01754	0.01523	0.01998	0.20064	0.01198	0.16618	0.02366	0.03289	0.02959	0.02980	0.14996	0.01136	0.00755	0.00248	0.00897	0.00826	0.00620	0.00995
18	0.12512	0.02798	0.02112	0.01805	0.02328	0.34244	0.01410	0.09929	0.02413	0.19914	0.01884	0.01893	0.01352	0.00907	0.00752	0.00235	0.01113	0.00629	0.00645	0.01126
19	0.01854	0.01109	0.01529	0.01407	0.01703	0.01196	0.01111	0.02389	0.08694	0.16464	0.02591	0.03148	0.02124	0.04489	0.45048	0.00975	0.01708	0.00883	0.00621	0.00957
20	0.02701	0.03330	0.02934	0.02443	0.02910	0.45497	0.14969	0.03018	0.02140	0.02166	0.01348	0.01698	0.01114	0.00893	0.01033	0.00246	0.09492	0.00655	0.00419	0.00991

[dist]
# distance from previous block
# <min> <max>
12	75

[block]
# block no. 1 follows, 22 sequences, length 9
# corresponding to MSA columns:
# 120-128
name=unknown_B
#
# <colnr> <probs for GDERKNQSTAVLIFYWHMCP>
#	G	D	E	R	K	N	Q	S	T	A	V	L	I	F	Y	W	H	M	C	P
0	0.02815	0.03295	0.02217	0.02010	0.02445	0.47956	0.01535	0.06823	0.13770	0.02507	0.01888	0.02270	0.01571	0.00996	0.00794	0.00238	0.01269	0.04014	0.00547	0.01042
1	0.06698	0.02273	0.01933	0.01696	0.02125	0.21529	0.01306	0.19138	0.02541	0.10718	0.02531	0.18897	0.02374	0.01345	0.00846	0.00262	0.00944	0.01079	0.00701	0.01065
2	0.11640	0.02016	0.02130	0.01679	0.02280	0.02178	0.01367	0.44129	0.03186	0.04529	0.02066	0.07812	0.01687	0.01071	0.00791	0.00245	0.00814	0.00826	0.00754	0.08799
3	0.02976	0.02555	0.02363	0.01911	0.02480	0.16441	0.01538	0.44719	0.03350	0.04260	0.01861	0.01997	0.01396	0.01418	0.06562	0.00335	0.01153	0.00714	0.00711	0.01258
4	0.01187	0.00890	0.01335	0.01335	0.01483	0.01038	0.01038	0.01483	0.01335	0.01928	0.02225	0.03264	0.02077	0.06231	0.67512	0.01335	0.02225	0.00890	0.00445	0.00742
5	0.01788	0.01692	0.02643	0.03237	0.28797	0.01992	0.01965	0.02125	0.01547	0.02286	0.01524	0.02217	0.01390	0.02141	0.15319	0.00515	0.26610	0.00766	0.00400	0.01046
6	0.02056	0.01974	0.03372	0.05099	0.65622	0.01974	0.02550	0.02550	0.01892	0.02714	0.01563	0.02056	0.01316	0.00740	0.00822	0.00247	0.00987	0.00740	0.00411	0.01316
7	0.02056	0.01974	0.03372	0.05099	0.65622	0.01974	0.02550	0.02550	0.01892	0.02714	0.01563	0.02056	0.01316	0.00740	0.00822	0.00247	0.00987	0.00740	0.00411	0.01316
8	0.02019	0.01915	0.02583	0.07156	0.35318	0.07411	0.01924	0.09528	0.02160	0.02823	0.03064	0.03291	0.15093	0.01080	0.00852	0.00253	0.00907	0.00942	0.00538	0.01142

[dist]
# distance from previous block
# <min> <max>
0	4

[block]
# block no. 2 follows, 22 sequences, length 7
# corresponding to MSA columns:
# 133-139
name=unknown_C
#
# <colnr> <probs for GDERKNQSTAVLIFYWHMCP>
#	G	D	E	R	K	N	Q	S	T	A	V	L	I	F	Y	W	H	M	C	P
0	0.14130	0.02792	0.02019	0.01772	0.02240	0.35522	0.01367	0.09261	0.02341	0.11744	0.04630	0.05006	0.01720	0.00998	0.00759	0.00238	0.01102	0.00712	0.00605	0.01043
1	0.01904	0.01815	0.03037	0.10000	0.53940	0.01832	0.02331	0.02374	0.01872	0.02616	0.02263	0.02683	0.07904	0.00889	0.00840	0.00253	0.00939	0.00845	0.00445	0.01219
2	0.01189	0.00880	0.01283	0.01283	0.01413	0.01010	0.00973	0.01450	0.01320	0.01890	0.02273	0.03529	0.02192	0.14117	0.59783	0.01270	0.02052	0.00929	0.00452	0.00713
3	0.52718	0.01435	0.01370	0.10269	0.02078	0.01656	0.01062	0.02179	0.01463	0.03206	0.05104	0.01904	0.01414	0.01094	0.00920	0.09512	0.00700	0.00586	0.00500	0.00830
4	0.02056	0.01974	0.03372	0.05099	0.65622	0.01974	0.02550	0.02550	0.01892	0.02714	0.01563	0.02056	0.01316	0.00740	0.00822	0.00247	0.00987	0.00740	0.00411	0.01316
5	0.50211	0.02228	0.01648	0.01438	0.01954	0.16505	0.01150	0.10980	0.01966	0.03560	0.01301	0.01472	0.01008	0.00821	0.00610	0.00246	0.00870	0.00510	0.00539	0.00985
6	0.03092	0.01327	0.01759	0.01406	0.01946	0.01194	0.01140	0.03574	0.06831	0.48981	0.15779	0.03529	0.03258	0.01171	0.00865	0.00260	0.00640	0.00978	0.00992	0.01280

[dist]
# distance from previous block
# <min> <max>
0	1

[block]
# block no. 3 follows, 22 sequences, length 9
# corresponding to MSA columns:
# 141-149
name=unknown_D
#
# <colnr> <probs for GDERKNQSTAVLIFYWHMCP>
#	G	D	E	R	K	N	Q	S	T	A	V	L	I	F	Y	W	H	M	C	P
0	0.01309	0.01070	0.01570	0.01499	0.01619	0.01331	0.01190	0.01584	0.01323	0.01942	0.02005	0.02983	0.01885	0.05304	0.54943	0.01147	0.15235	0.00858	0.00429	0.00774
1	0.11517	0.42587	0.15418	0.01581	0.02334	0.02701	0.01656	0.05770	0.01770	0.02484	0.01318	0.01547	0.01112	0.01024	0.03930	0.00265	0.00989	0.00516	0.00405	0.01078
2	0.03103	0.03959	0.02354	0.02140	0.02568	0.67469	0.01605	0.03317	0.02354	0.02033	0.01284	0.01498	0.01070	0.00856	0.00749	0.00214	0.01498	0.00535	0.00428	0.00963
3	0.01998	0.44372	0.29332	0.01802	0.02720	0.02741	0.02084	0.02545	0.01714	0.02226	0.01290	0.01502	0.01061	0.00742	0.00636	0.00212	0.01025	0.00512	0.00354	0.01131
4	0.01434	0.01278	0.01551	0.01495	0.01656	0.07629	0.01169	0.01711	0.01428	0.01946	0.02024	0.02952	0.01884	0.05246	0.54751	0.01132	0.08660	0.00840	0.00435	0.00779
5	0.01529	0.01181	0.01382	0.01372	0.01625	0.01239	0.01036	0.08510	0.16445	0.02907	0.09051	0.31741	0.08356	0.01954	0.00984	0.00310	0.00588	0.08062	0.00805	0.00921
6	0.02056	0.01974	0.03372	0.05099	0.65622	0.01974	0.02550	0.02550	0.01892	0.02714	0.01563	0.02056	0.01316	0.00740	0.00822	0.00247	0.00987	0.00740	0.00411	0.01316
7	0.02077	0.03283	0.33851	0.02161	0.03058	0.07656	0.05447	0.10789	0.13848	0.03081	0.01904	0.02041	0.01400	0.00872	0.00803	0.00254	0.01080	0.00699	0.00524	0.05173
8	0.02091	0.02470	0.16750	0.15386	0.25148	0.02066	0.06317	0.14196	0.02215	0.03074	0.01623	0.02020	0.01236	0.00815	0.00829	0.00258	0.01073	0.00730	0.00473	0.01231

[dist]
# distance from previous block
# <min> <max>
0	1

[block]
# block no. 4 follows, 22 sequences, length 6
# corresponding to MSA columns:
# 151-156
name=unknown_E
#
# <colnr> <probs for GDERKNQSTAVLIFYWHMCP>
#	G	D	E	R	K	N	Q	S	T	A	V	L	I	F	Y	W	H	M	C	P
0	0.02038	0.20080	0.03518	0.12193	0.41408	0.02302	0.02223	0.02479	0.01809	0.02440	0.01445	0.01887	0.01224	0.00744	0.00748	0.00232	0.00976	0.00662	0.00391	0.01201
1	0.13203	0.02095	0.02200	0.02477	0.18681	0.15071	0.01562	0.06885	0.01944	0.02776	0.01579	0.01993	0.01329	0.01709	0.12142	0.00410	0.01194	0.00647	0.00478	0.11626
2	0.02437	0.12916	0.03170	0.03546	0.34729	0.24492	0.02061	0.02802	0.02019	0.02370	0.01407	0.01759	0.01195	0.00775	0.00755	0.00225	0.01147	0.00626	0.00409	0.01159
3	0.13704	0.02742	0.02469	0.06514	0.21545	0.30388	0.01805	0.02954	0.05718	0.02584	0.01484	0.01779	0.01208	0.00823	0.00746	0.00238	0.01144	0.00619	0.00458	0.01078
4	0.01993	0.01876	0.02487	0.03269	0.34124	0.07979	0.01822	0.08783	0.02221	0.02945	0.11971	0.03449	0.11306	0.01114	0.00862	0.00251	0.00860	0.00977	0.00583	0.01127
5	0.02361	0.03372	0.20681	0.01973	0.02600	0.31058	0.01849	0.08486	0.02178	0.02481	0.01986	0.02436	0.05181	0.08461	0.01157	0.00299	0.01224	0.00724	0.00473	0.01018

[dist]
# distance from previous block
# <min> <max>
10	107

[block]
# block no. 5 follows, 22 sequences, length 8
# corresponding to MSA columns:
# 264-271
name=unknown_F
#
# <colnr> <probs for GDERKNQSTAVLIFYWHMCP>
#	G	D	E	R	K	N	Q	S	T	A	V	L	I	F	Y	W	H	M	C	P
0	0.01957	0.25094	0.11281	0.02104	0.08457	0.07539	0.01782	0.02319	0.01627	0.02127	0.01402	0.01873	0.01252	0.01752	0.11529	0.00418	0.15455	0.00631	0.00382	0.01020
1	0.02075	0.18457	0.33893	0.02270	0.03196	0.13703	0.10149	0.02724	0.01871	0.02384	0.01407	0.01681	0.01085	0.00772	0.00752	0.00238	0.01224	0.00611	0.00374	0.01133
2	0.02203	0.20469	0.11484	0.02326	0.08731	0.05522	0.05548	0.11864	0.02005	0.02685	0.01390	0.01745	0.01161	0.00961	0.01229	0.00261	0.18198	0.00650	0.00444	0.01124
3	0.01038	0.00756	0.00978	0.01107	0.01203	0.00696	0.00760	0.01232	0.01752	0.02343	0.15503	0.53053	0.11719	0.02397	0.01039	0.00319	0.00460	0.02153	0.00796	0.00696
4	0.02825	0.13200	0.02832	0.02364	0.13459	0.10796	0.01676	0.26092	0.05504	0.10467	0.01897	0.01977	0.01417	0.00898	0.00773	0.00235	0.00964	0.00689	0.00653	0.01279
5	0.02684	0.02140	0.10388	0.01768	0.02407	0.01936	0.01572	0.26581	0.13611	0.16994	0.02691	0.08989	0.02095	0.01156	0.00851	0.00267	0.00824	0.00940	0.00807	0.01300
6	0.01078	0.00788	0.00907	0.00971	0.01067	0.00732	0.00629	0.01187	0.01531	0.01961	0.04923	0.27695	0.21610	0.28550	0.02250	0.00500	0.00588	0.01747	0.00669	0.00617
7	0.02543	0.22327	0.02950	0.02235	0.12206	0.23298	0.01598	0.11128	0.02248	0.02668	0.01529	0.01764	0.01259	0.00827	0.00694	0.00212	0.01054	0.00594	0.07775	0.01092

[dist]
# distance from previous block
# <min> <max>
0	1

[block]
# block no. 6 follows, 22 sequences, length 30
# corresponding to MSA columns:
# 273-302
name=unknown_G
#
# <colnr> <probs for GDERKNQSTAVLIFYWHMCP>
#	G	D	E	R	K	N	Q	S	T	A	V	L	I	F	Y	W	H	M	C	P
0	0.01986	0.16490	0.07327	0.01496	0.01998	0.18453	0.01308	0.06166	0.02118	0.02427	0.07750	0.03967	0.22772	0.01297	0.00805	0.00238	0.00886	0.01001	0.00578	0.00937
1	0.02056	0.01974	0.03372	0.05099	0.65622	0.01974	0.02550	0.02550	0.01892	0.02714	0.01563	0.02056	0.01316	0.00740	0.00822	0.00247	0.00987	0.00740	0.00411	0.01316
2	0.02516	0.28529	0.03260	0.02302	0.11435	0.28714	0.01691	0.02787	0.01949	0.02099	0.01260	0.01544	0.01106	0.00836	0.00846	0.00218	0.06922	0.00547	0.00393	0.01047
3	0.02549	0.46268	0.03610	0.01689	0.02294	0.27147	0.01490	0.02796	0.01936	0.01984	0.01203	0.01394	0.01068	0.00765	0.00613	0.00191	0.01115	0.00478	0.00382	0.01028
4	0.03080	0.07331	0.02572	0.01949	0.02545	0.22456	0.01577	0.40714	0.03287	0.04043	0.01723	0.01800	0.01285	0.00935	0.00787	0.00234	0.01091	0.00663	0.00677	0.01253
5	0.00997	0.00842	0.00863	0.00858	0.01132	0.00708	0.00643	0.01222	0.01930	0.02331	0.12971	0.07851	0.60675	0.02071	0.00982	0.00279	0.00418	0.01733	0.00783	0.00708
6	0.01127	0.00797	0.01048	0.01144	0.01209	0.00807	0.00785	0.01276	0.01446	0.01955	0.03504	0.33371	0.04013	0.23367	0.15757	0.00684	0.00956	0.05485	0.00625	0.00644
7	0.01666	0.04297	0.66500	0.02368	0.03596	0.01929	0.03069	0.02631	0.01754	0.02631	0.01491	0.01754	0.01052	0.00789	0.00789	0.00263	0.01228	0.00614	0.00351	0.01228
8	0.02061	0.51921	0.22330	0.01695	0.02555	0.02894	0.01898	0.02529	0.01707	0.02150	0.01252	0.01454	0.01062	0.00733	0.00607	0.00202	0.00987	0.00493	0.00354	0.01113
9	0.01176	0.00849	0.01110	0.01045	0.01241	0.00784	0.00784	0.01568	0.02352	0.03331	0.65184	0.06206	0.07839	0.01698	0.00980	0.00261	0.00392	0.01502	0.00914	0.00784
10	0.02221	0.71304	0.04353	0.01421	0.02132	0.03287	0.01421	0.02488	0.01688	0.01955	0.01155	0.01333	0.01066	0.00711	0.00533	0.00178	0.00888	0.00444	0.00355	0.01066
11	0.01949	0.01865	0.03179	0.19071	0.52486	0.01946	0.02496	0.02456	0.01841	0.02584	0.01544	0.02091	0.01270	0.00760	0.00824	0.00253	0.01013	0.00740	0.00402	0.01230
12	0.00997	0.00842	0.00863	0.00858	0.01132	0.00708	0.00643	0.01222	0.01930	0.02331	0.12958	0.07852	0.60688	0.02071	0.00982	0.00279	0.00418	0.01733	0.00783	0.00708
13	0.03103	0.03959	0.02354	0.02140	0.02568	0.67469	0.01605	0.03317	0.02354	0.02033	0.01284	0.01498	0.01070	0.00856	0.00749	0.00214	0.01498	0.00535	0.00428	0.00963
14	0.03114	0.03626	0.02383	0.02093	0.02570	0.54202	0.01600	0.15489	0.02671	0.02688	0.01429	0.01600	0.01140	0.00885	0.00766	0.00221	0.01379	0.00579	0.00510	0.01055
15	0.00982	0.00842	0.00842	0.00842	0.01122	0.00701	0.00631	0.01192	0.01894	0.02244	0.08416	0.07995	0.65285	0.02104	0.00982	0.00281	0.00421	0.01753	0.00771	0.00701
16	0.02066	0.01785	0.01878	0.01691	0.02160	0.02066	0.01315	0.04414	0.64121	0.03475	0.03381	0.03099	0.02536	0.01127	0.00845	0.00282	0.00657	0.00939	0.00845	0.01315
17	0.01208	0.00805	0.00906	0.00906	0.00906	0.00805	0.00503	0.01208	0.01208	0.01611	0.02618	0.05436	0.03020	0.70804	0.04228	0.00805	0.00805	0.01208	0.00503	0.00503
18	0.76672	0.01607	0.01221	0.01092	0.01607	0.01864	0.00900	0.02442	0.01414	0.03727	0.01157	0.01350	0.00900	0.00771	0.00514	0.00257	0.00643	0.00450	0.00514	0.00900
19	0.01478	0.01345	0.01677	0.01588	0.01715	0.06701	0.01249	0.01728	0.01422	0.01969	0.02066	0.08146	0.02034	0.04364	0.41300	0.00932	0.18100	0.00940	0.00450	0.00794
20	0.02776	0.18333	0.02727	0.01843	0.02386	0.29898	0.01496	0.12256	0.12347	0.05620	0.01788	0.01852	0.01400	0.00896	0.00732	0.00224	0.01104	0.00625	0.00566	0.01130
21	0.02657	0.47263	0.03568	0.01536	0.02192	0.12086	0.01407	0.02928	0.01925	0.15169	0.01610	0.01664	0.01270	0.00797	0.00626	0.00199	0.00939	0.00538	0.00504	0.01123
22	0.03103	0.03959	0.02354	0.02140	0.02568	0.67469	0.01605	0.03317	0.02354	0.02033	0.01284	0.01498	0.01070	0.00856	0.00749	0.00214	0.01498	0.00535	0.00428	0.00963
23	0.02486	0.01910	0.02174	0.07326	0.02577	0.01988	0.01424	0.37308	0.02975	0.04079	0.02026	0.07422	0.01668	0.01015	0.00794	0.00227	0.00820	0.00812	0.00701	0.20267
24	0.01767	0.09340	0.52441	0.02684	0.12392	0.02045	0.02862	0.02608	0.01768	0.02589	0.01474	0.01764	0.01091	0.00776	0.00773	0.00254	0.01166	0.00618	0.00360	0.01227
25	0.33490	0.01444	0.01316	0.01142	0.01567	0.01603	0.00920	0.14668	0.02049	0.03802	0.01909	0.02135	0.01465	0.00891	0.00604	0.00232	0.00603	0.00632	0.28571	0.00958
26	0.02189	0.67452	0.07926	0.01476	0.02216	0.03209	0.01516	0.02496	0.01692	0.01993	0.01174	0.01357	0.01065	0.00715	0.00548	0.00183	0.00908	0.00454	0.00355	0.01075
27	0.01208	0.00805	0.00906	0.00906	0.00906	0.00805	0.00503	0.01208	0.01208	0.01611	0.02618	0.05436	0.03020	0.70804	0.04228	0.00805	0.00805	0.01208	0.00503	0.00503
28	0.03147	0.02662	0.02465	0.01958	0.02575	0.15913	0.01584	0.50617	0.03587	0.04577	0.01849	0.01892	0.01342	0.00968	0.00814	0.00242	0.01034	0.00704	0.00748	0.01320
29	0.01239	0.00873	0.01255	0.01255	0.01409	0.01000	0.00973	0.01548	0.01394	0.02096	0.02295	0.03240	0.02084	0.05474	0.57894	0.01171	0.01961	0.00873	0.11219	0.00746

[dist]
# distance from previous block
# <min> <max>
0	1

[block]
# block no. 7 follows, 22 sequences, length 20
# corresponding to MSA columns:
# 304-323
name=unknown_H
#
# <colnr> <probs for GDERKNQSTAVLIFYWHMCP>
#	G	D	E	R	K	N	Q	S	T	A	V	L	I	F	Y	W	H	M	C	P
0	0.01339	0.00956	0.01339	0.01530	0.01721	0.00956	0.01339	0.01721	0.01912	0.02486	0.04399	0.09371	0.04781	0.02295	0.01147	0.00382	0.00765	0.60031	0.00765	0.00765
1	0.03108	0.03824	0.02366	0.02121	0.02569	0.62091	0.01603	0.08251	0.02483	0.02299	0.01343	0.01539	0.01098	0.00868	0.00756	0.00217	0.01450	0.00553	0.00461	0.01000
2	0.03103	0.03959	0.02354	0.02140	0.02568	0.67469	0.01605	0.03317	0.02354	0.02033	0.01284	0.01498	0.01070	0.00856	0.00749	0.00214	0.01498	0.00535	0.00428	0.00963
3	0.03112	0.03691	0.02377	0.02103	0.02570	0.56792	0.01601	0.13113	0.02610	0.02560	0.01401	0.01580	0.01126	0.00879	0.00763	0.00220	0.01402	0.00570	0.00494	0.01037
4	0.01021	0.00738	0.00950	0.01114	0.01180	0.00685	0.00743	0.01163	0.01594	0.02101	0.04795	0.60966	0.10542	0.06646	0.01243	0.00360	0.00496	0.02240	0.00755	0.00667
5	0.00982	0.00842	0.00842	0.00842	0.01122	0.00701	0.00631	0.01192	0.01894	0.02244	0.08416	0.07995	0.65285	0.02104	0.00982	0.00281	0.00421	0.01753	0.00771	0.00701
6	0.01666	0.04297	0.66500	0.02368	0.03596	0.01929	0.03069	0.02631	0.01754	0.02631	0.01491	0.01754	0.01052	0.00789	0.00789	0.00263	0.01228	0.00614	0.00351	0.01228
7	0.03103	0.03959	0.02354	0.02140	0.02568	0.67469	0.01605	0.03317	0.02354	0.02033	0.01284	0.01498	0.01070	0.00856	0.00749	0.00214	0.01498	0.00535	0.00428	0.00963
8	0.01666	0.04297	0.66500	0.02368	0.03596	0.01929	0.03069	0.02631	0.01754	0.02631	0.01491	0.01754	0.01052	0.00789	0.00789	0.00263	0.01228	0.00614	0.00351	0.01228
9	0.02056	0.01974	0.03372	0.05099	0.65622	0.01974	0.02550	0.02550	0.01892	0.02714	0.01563	0.02056	0.01316	0.00740	0.00822	0.00247	0.00987	0.00740	0.00411	0.01316
10	0.02056	0.01974	0.03372	0.05099	0.65622	0.01974	0.02550	0.02550	0.01892	0.02714	0.01563	0.02056	0.01316	0.00740	0.00822	0.00247	0.00987	0.00740	0.00411	0.01316
11	0.01010	0.00733	0.00954	0.01131	0.01198	0.00677	0.00760	0.01160	0.01616	0.02131	0.04897	0.65102	0.10449	0.02561	0.01054	0.00333	0.00477	0.02311	0.00771	0.00677
12	0.01208	0.00805	0.00906	0.00906	0.00906	0.00805	0.00503	0.01208	0.01208	0.01611	0.02618	0.05436	0.03020	0.70804	0.04228	0.00805	0.00805	0.01208	0.00503	0.00503
13	0.02056	0.01974	0.03372	0.05099	0.65622	0.01974	0.02550	0.02550	0.01892	0.02714	0.01563	0.02056	0.01316	0.00740	0.00822	0.00247	0.00987	0.00740	0.00411	0.01316
14	0.01088	0.00777	0.01051	0.01243	0.01324	0.00740	0.00902	0.01287	0.01665	0.02205	0.04537	0.56180	0.05329	0.02531	0.01080	0.00348	0.00547	0.15699	0.00770	0.00696
15	0.03116	0.03582	0.02386	0.02087	0.02570	0.52461	0.01599	0.17086	0.02713	0.02774	0.01448	0.01613	0.01149	0.00889	0.00768	0.00222	0.01363	0.00584	0.00521	0.01067
16	0.02214	0.02224	0.02876	0.03872	0.41602	0.11701	0.02124	0.03095	0.16352	0.02789	0.01942	0.02215	0.01562	0.00847	0.00817	0.00250	0.00986	0.00756	0.00514	0.01263
17	0.01518	0.01460	0.01289	0.01375	0.01507	0.15888	0.00958	0.01644	0.01729	0.02054	0.03610	0.49882	0.04205	0.02225	0.01142	0.05571	0.00730	0.01831	0.00664	0.00719
18	0.07675	0.21005	0.29886	0.01668	0.02486	0.02003	0.01905	0.02250	0.01741	0.02452	0.02952	0.03031	0.15671	0.01066	0.00743	0.00244	0.00907	0.00815	0.00461	0.01039
19	0.02480	0.18514	0.03147	0.02921	0.22504	0.27490	0.01879	0.02792	0.01980	0.02230	0.01330	0.01660	0.01149	0.00828	0.00861	0.00227	0.05921	0.00593	0.00402	0.01095

[dist]
# distance from previous block
# <min> <max>
2	5

[block]
# block no. 8 follows, 22 sequences, length 7
# corresponding to MSA columns:
# 329-335
name=unknown_I
#
# <colnr> <probs for GDERKNQSTAVLIFYWHMCP>
#	G	D	E	R	K	N	Q	S	T	A	V	L	I	F	Y	W	H	M	C	P
0	0.02519	0.32883	0.03418	0.02392	0.14419	0.27036	0.01706	0.02810	0.01976	0.02129	0.01281	0.01533	0.01115	0.00771	0.00669	0.00204	0.01135	0.00535	0.00393	0.01075
1	0.02248	0.01594	0.01661	0.04406	0.01925	0.04719	0.01143	0.25220	0.02570	0.03768	0.02242	0.02504	0.01714	0.00990	0.00792	0.00227	0.03783	0.00749	0.36706	0.01039
2	0.02677	0.02042	0.02235	0.01683	0.02373	0.02084	0.01380	0.42479	0.03174	0.04388	0.01821	0.01903	0.01352	0.00869	0.00759	0.00207	0.00814	0.00662	0.00717	0.26382
3	0.02060	0.07044	0.35362	0.02852	0.14638	0.14533	0.06765	0.02742	0.01905	0.02500	0.01461	0.01773	0.01119	0.00783	0.00788	0.00248	0.01231	0.00639	0.00382	0.01178
4	0.01167	0.00805	0.00995	0.01032	0.01068	0.00823	0.00652	0.01248	0.01304	0.01766	0.02921	0.17421	0.03321	0.46059	0.15112	0.00812	0.01001	0.01371	0.00544	0.00579
5	0.01183	0.00874	0.01095	0.01211	0.01361	0.00834	0.00897	0.04551	0.01830	0.02378	0.05104	0.43702	0.15996	0.02368	0.01051	0.00331	0.00548	0.13177	0.00773	0.00736
6	0.01667	0.02031	0.14109	0.24922	0.18794	0.01772	0.02276	0.02215	0.01737	0.02397	0.01994	0.05913	0.01822	0.01115	0.01005	0.00290	0.05784	0.08673	0.00445	0.01040

[dist]
# distance from previous block
# <min> <max>
0	1

[block]
# block no. 9 follows, 22 sequences, length 6
# corresponding to MSA columns:
# 337-342
name=unknown_J
#
# <colnr> <probs for GDERKNQSTAVLIFYWHMCP>
#	G	D	E	R	K	N	Q	S	T	A	V	L	I	F	Y	W	H	M	C	P
0	0.05733	0.03112	0.32774	0.02852	0.06850	0.02031	0.25089	0.02588	0.01790	0.02664	0.01522	0.01934	0.01138	0.00795	0.00971	0.00275	0.05582	0.00756	0.00389	0.01155
1	0.07651	0.03646	0.49415	0.02784	0.15171	0.01933	0.02800	0.02601	0.01753	0.02733	0.01478	0.01779	0.01090	0.00779	0.00774	0.00260	0.01136	0.00625	0.00375	0.01219
2	0.08814	0.02435	0.02206	0.19771	0.10808	0.27612	0.01708	0.02649	0.01952	0.02429	0.01547	0.01954	0.01235	0.00843	0.00737	0.00236	0.01111	0.00638	0.10352	0.00965
3	0.02516	0.29985	0.03395	0.02523	0.17071	0.20718	0.01750	0.08423	0.02129	0.02462	0.01365	0.01609	0.01158	0.00785	0.00688	0.00211	0.01083	0.00567	0.00433	0.01128
4	0.01461	0.07110	0.01361	0.01119	0.01325	0.01067	0.00803	0.01722	0.04974	0.07678	0.04190	0.27276	0.13596	0.20414	0.01819	0.00430	0.00624	0.01575	0.00689	0.00767
5	0.01451	0.01293	0.01240	0.01159	0.01484	0.06803	0.00869	0.07289	0.02046	0.02527	0.05736	0.19027	0.35261	0.01851	0.00928	0.00268	0.00593	0.01556	0.00720	0.07897

[dist]
# distance from previous block
# <min> <max>
1	29

[block]
# block no. 10 follows, 22 sequences, length 19
# corresponding to MSA columns:
# 372-390
name=unknown_K
#
# <colnr> <probs for GDERKNQSTAVLIFYWHMCP>
#	G	D	E	R	K	N	Q	S	T	A	V	L	I	F	Y	W	H	M	C	P
0	0.02958	0.02870	0.02341	0.01938	0.02501	0.27929	0.01529	0.31050	0.07434	0.03675	0.01778	0.01859	0.01345	0.00924	0.00785	0.00229	0.01104	0.00660	0.00650	0.06440
1	0.01811	0.01118	0.01503	0.01612	0.06183	0.01080	0.01160	0.02299	0.07837	0.15243	0.08384	0.24313	0.07238	0.01859	0.00988	0.00312	0.00634	0.14657	0.00812	0.00958
2	0.02506	0.17079	0.07558	0.02046	0.02580	0.18682	0.05306	0.15633	0.02269	0.02780	0.01410	0.01697	0.01157	0.00962	0.01133	0.00251	0.14740	0.00632	0.00481	0.01099
3	0.01548	0.01098	0.01305	0.01202	0.01361	0.01183	0.00841	0.12206	0.01721	0.02340	0.02399	0.04230	0.02476	0.40702	0.21006	0.00852	0.01215	0.01039	0.00545	0.00730
4	0.01158	0.00932	0.01163	0.07270	0.01723	0.00887	0.00999	0.01470	0.01933	0.02431	0.13493	0.07634	0.35685	0.01992	0.01014	0.00306	0.00576	0.17835	0.00750	0.00749
5	0.02056	0.01974	0.03372	0.05099	0.65622	0.01974	0.02550	0.02550	0.01892	0.02714	0.01563	0.02056	0.01316	0.00740	0.00822	0.00247	0.00987	0.00740	0.00411	0.01316
6	0.01894	0.01995	0.02454	0.45318	0.04605	0.15923	0.04590	0.02365	0.01847	0.02160	0.01721	0.02740	0.01454	0.00969	0.00849	0.00273	0.01171	0.06325	0.00421	0.00925
7	0.08689	0.03191	0.43288	0.02088	0.05772	0.01678	0.02347	0.02380	0.01857	0.02890	0.15198	0.02690	0.02513	0.00981	0.00806	0.00261	0.00981	0.00796	0.00491	0.01105
8	0.02229	0.30447	0.16690	0.02529	0.16205	0.11373	0.02038	0.05174	0.01929	0.02407	0.01365	0.01626	0.01132	0.00765	0.00690	0.00218	0.01064	0.00568	0.00396	0.01154
9	0.08796	0.11435	0.33827	0.02068	0.02937	0.19495	0.02236	0.05497	0.01973	0.02610	0.01391	0.01614	0.01061	0.00806	0.00727	0.00239	0.01195	0.00565	0.00408	0.01119
10	0.04531	0.09284	0.02309	0.13121	0.16689	0.01701	0.01610	0.06251	0.01827	0.02490	0.02333	0.06807	0.02334	0.13196	0.01435	0.00369	0.00885	0.11352	0.00525	0.00950
11	0.01965	0.32768	0.03513	0.24975	0.17036	0.02517	0.01964	0.02378	0.01723	0.02175	0.01351	0.01787	0.01134	0.00758	0.00696	0.00226	0.00984	0.00607	0.00372	0.01072
12	0.02152	0.06124	0.09410	0.02055	0.08278	0.25579	0.01579	0.02498	0.01948	0.02311	0.01949	0.13800	0.01907	0.01092	0.00778	0.00225	0.01032	0.00874	0.00488	0.15922
13	0.05669	0.01399	0.10811	0.01236	0.01538	0.01064	0.01073	0.01618	0.01619	0.02359	0.16200	0.04612	0.07912	0.25034	0.13779	0.00632	0.00994	0.01121	0.00579	0.00751
14	0.01282	0.01023	0.01248	0.01172	0.01383	0.00978	0.00837	0.01455	0.01541	0.02136	0.03633	0.26135	0.11382	0.17517	0.01833	0.00393	0.07098	0.01462	0.00611	0.16880
15	0.07175	0.01429	0.05384	0.13244	0.02409	0.01336	0.01283	0.06428	0.04535	0.12613	0.03809	0.11467	0.15836	0.07986	0.01188	0.00328	0.00739	0.01181	0.00679	0.00952
16	0.01466	0.01383	0.02070	0.09355	0.02476	0.05876	0.12073	0.01800	0.01683	0.02196	0.02965	0.28722	0.03181	0.02479	0.11951	0.00479	0.03537	0.04908	0.00571	0.00826
17	0.02554	0.11092	0.02956	0.07688	0.26455	0.08310	0.01924	0.09628	0.02183	0.14015	0.01812	0.02041	0.01379	0.00860	0.00852	0.00243	0.03515	0.00699	0.00557	0.01235
18	0.02149	0.02796	0.12794	0.02352	0.09126	0.24518	0.01899	0.02536	0.01869	0.02238	0.01753	0.02710	0.01611	0.01610	0.07487	0.00377	0.13396	0.07344	0.00442	0.00991

[dist]
# distance from previous block
# <min> <max>
11	64

[block]
# block no. 11 follows, 22 sequences, length 12
# corresponding to MSA columns:
# 458-469
name=unknown_L
#
# <colnr> <probs for GDERKNQSTAVLIFYWHMCP>
#	G	D	E	R	K	N	Q	S	T	A	V	L	I	F	Y	W	H	M	C	P
0	0.02337	0.11856	0.02216	0.01679	0.02069	0.29473	0.01329	0.07580	0.02069	0.02370	0.01712	0.02134	0.01464	0.02250	0.17979	0.00500	0.01444	0.00656	0.07944	0.00939
1	0.02574	0.02979	0.02947	0.03536	0.30830	0.34672	0.05331	0.02939	0.02126	0.02371	0.01430	0.01788	0.01190	0.00796	0.00794	0.00232	0.01264	0.00651	0.00420	0.01129
2	0.01623	0.03995	0.60763	0.02252	0.03389	0.01829	0.02869	0.02538	0.01806	0.02692	0.07079	0.02145	0.01648	0.00869	0.00806	0.00263	0.01154	0.00692	0.00400	0.01189
3	0.02832	0.02570	0.02714	0.02868	0.20542	0.16052	0.01861	0.33147	0.03006	0.03844	0.01722	0.01908	0.01313	0.00894	0.00811	0.00241	0.01058	0.00701	0.00627	0.01291
4	0.02063	0.52208	0.22064	0.01691	0.02549	0.02900	0.01891	0.02528	0.01707	0.02147	0.01251	0.01453	0.01062	0.00733	0.00606	0.00202	0.00985	0.00493	0.00354	0.01112
5	0.02309	0.64580	0.04154	0.01493	0.02176	0.09696	0.01440	0.02570	0.01755	0.01962	0.01168	0.01349	0.01066	0.00725	0.00555	0.00181	0.00949	0.00453	0.00363	0.01056
6	0.01039	0.00772	0.00919	0.01022	0.01128	0.00706	0.00683	0.01176	0.01608	0.02064	0.05321	0.40897	0.22090	0.14686	0.01606	0.00405	0.00523	0.01982	0.00723	0.00652
7	0.01208	0.00805	0.00906	0.00906	0.00906	0.00805	0.00503	0.01208	0.01208	0.01611	0.02618	0.05436	0.03020	0.70804	0.04228	0.00805	0.00805	0.01208	0.00503	0.00503
8	0.01856	0.01880	0.03744	0.02765	0.03366	0.01876	0.42092	0.02427	0.01830	0.02672	0.01825	0.02369	0.01423	0.00849	0.01110	0.00272	0.09512	0.00906	0.16202	0.01022
9	0.01208	0.00805	0.00906	0.00906	0.00906	0.00805	0.00503	0.01208	0.01208	0.01611	0.02618	0.05436	0.03020	0.70804	0.04228	0.00805	0.00805	0.01208	0.00503	0.00503
10	0.02292	0.37324	0.03417	0.01789	0.02238	0.16588	0.01573	0.02523	0.01710	0.01984	0.01164	0.01506	0.01074	0.00953	0.01204	0.00238	0.20508	0.00544	0.00373	0.01000
11	0.02883	0.03541	0.02568	0.02763	0.15843	0.53681	0.01804	0.03156	0.02257	0.02177	0.01343	0.01616	0.01122	0.00832	0.00765	0.00221	0.01391	0.00578	0.00424	0.01037

[dist]
# distance from previous block
# <min> <max>
0	1

[block]
# block no. 12 follows, 22 sequences, length 13
# corresponding to MSA columns:
# 471-483
name=unknown_M
#
# <colnr> <probs for GDERKNQSTAVLIFYWHMCP>
#	G	D	E	R	K	N	Q	S	T	A	V	L	I	F	Y	W	H	M	C	P
0	0.01253	0.00905	0.01224	0.01336	0.01523	0.00876	0.01111	0.01612	0.02009	0.02678	0.21152	0.12610	0.08917	0.02144	0.01087	0.00341	0.00626	0.37030	0.00806	0.00760
1	0.02797	0.01979	0.02108	0.01656	0.02215	0.02172	0.01355	0.49185	0.03420	0.04756	0.02155	0.02242	0.01574	0.00991	0.00775	0.00237	0.00796	0.00754	0.17564	0.01270
2	0.03103	0.03959	0.02354	0.02140	0.02568	0.67469	0.01605	0.03317	0.02354	0.02033	0.01284	0.01498	0.01070	0.00856	0.00749	0.00214	0.01498	0.00535	0.00428	0.00963
3	0.01009	0.00737	0.00949	0.01119	0.01195	0.00678	0.00754	0.01161	0.01627	0.02135	0.05036	0.62837	0.12624	0.02543	0.01051	0.00331	0.00475	0.02289	0.00771	0.00678
4	0.02066	0.01785	0.01878	0.01691	0.02160	0.02066	0.01315	0.04414	0.64121	0.03475	0.03381	0.03099	0.02536	0.01127	0.00845	0.00282	0.00657	0.00939	0.00845	0.01315
5	0.02366	0.02742	0.06783	0.03997	0.41917	0.22784	0.02280	0.02798	0.02030	0.02493	0.01470	0.01861	0.01222	0.00780	0.00797	0.00237	0.01164	0.00668	0.00413	0.01199
6	0.01156	0.00784	0.00921	0.00972	0.00985	0.00771	0.00574	0.01195	0.01309	0.01745	0.03135	0.22548	0.03673	0.52802	0.03392	0.00682	0.00720	0.01513	0.00574	0.00549
7	0.00982	0.00842	0.00842	0.00842	0.01122	0.00701	0.00631	0.01192	0.01894	0.02244	0.08416	0.07995	0.65285	0.02104	0.00982	0.00281	0.00421	0.01753	0.00771	0.00701
8	0.03103	0.03959	0.02354	0.02140	0.02568	0.67469	0.01605	0.03317	0.02354	0.02033	0.01284	0.01498	0.01070	0.00856	0.00749	0.00214	0.01498	0.00535	0.00428	0.00963
9	0.02021	0.01938	0.03309	0.09676	0.61318	0.01965	0.02532	0.02519	0.01875	0.02672	0.01556	0.02067	0.01301	0.00747	0.00823	0.00249	0.00996	0.00740	0.00408	0.01288
10	0.02912	0.18583	0.02788	0.01984	0.02474	0.53532	0.01565	0.03137	0.02210	0.02016	0.01256	0.01462	0.01069	0.00825	0.00702	0.00206	0.01366	0.00515	0.00412	0.00985
11	0.00990	0.00810	0.00874	0.00925	0.01144	0.00694	0.00668	0.01183	0.01814	0.02212	0.07403	0.24431	0.49503	0.02236	0.01003	0.00296	0.00437	0.01914	0.00771	0.00694
12	0.01208	0.00805	0.00906	0.00906	0.00906	0.00805	0.00503	0.01208	0.01208	0.01611	0.02618	0.05436	0.03020	0.70804	0.04228	0.00805	0.00805	0.01208	0.00503	0.00503

[dist]
# distance from previous block
# <min> <max>
0	1

[block]
# block no. 13 follows, 22 sequences, length 12
# corresponding to MSA columns:
# 485-496
name=unknown_N
#
# <colnr> <probs for GDERKNQSTAVLIFYWHMCP>
#	G	D	E	R	K	N	Q	S	T	A	V	L	I	F	Y	W	H	M	C	P
0	0.18592	0.08139	0.02249	0.01652	0.02242	0.08380	0.01361	0.27225	0.09694	0.09768	0.01953	0.01956	0.01428	0.00929	0.00732	0.00246	0.00861	0.00668	0.00705	0.01221
1	0.03103	0.03959	0.02354	0.02140	0.02568	0.67469	0.01605	0.03317	0.02354	0.02033	0.01284	0.01498	0.01070	0.00856	0.00749	0.00214	0.01498	0.00535	0.00428	0.00963
2	0.01782	0.18260	0.53550	0.02171	0.03291	0.02212	0.02726	0.02601	0.01740	0.02490	0.01421	0.01666	0.01055	0.00773	0.00736	0.00245	0.01157	0.00579	0.00352	0.01194
3	0.03103	0.03959	0.02354	0.02140	0.02568	0.67469	0.01605	0.03317	0.02354	0.02033	0.01284	0.01498	0.01070	0.00856	0.00749	0.00214	0.01498	0.00535	0.00428	0.00963
4	0.02037	0.46979	0.23285	0.01828	0.02703	0.02806	0.05418	0.02541	0.01724	0.02201	0.01287	0.01513	0.01073	0.00734	0.00637	0.00210	0.01021	0.00526	0.00358	0.01118
5	0.01764	0.17063	0.39524	0.01953	0.02849	0.05702	0.02274	0.02433	0.01818	0.02490	0.07592	0.07133	0.02018	0.00996	0.00774	0.00249	0.01042	0.00788	0.00440	0.01098
6	0.01402	0.12719	0.01838	0.01579	0.07030	0.01304	0.01143	0.01698	0.01867	0.02471	0.16321	0.24753	0.07406	0.01856	0.00949	0.00294	0.00629	0.13205	0.00699	0.00837
7	0.02565	0.14151	0.03106	0.03109	0.26648	0.19043	0.01931	0.14444	0.02367	0.02903	0.01507	0.01781	0.01230	0.00815	0.00757	0.00227	0.01087	0.00640	0.00488	0.01203
8	0.20898	0.32180	0.08895	0.01520	0.02177	0.08628	0.01447	0.07739	0.01909	0.02814	0.04157	0.01669	0.01359	0.00816	0.00618	0.00219	0.00896	0.00544	0.00468	0.01047
9	0.05359	0.19814	0.19539	0.02572	0.15342	0.02171	0.07296	0.02811	0.01873	0.13163	0.01723	0.01914	0.01288	0.00791	0.00745	0.00239	0.00998	0.00659	0.00490	0.01213
10	0.01700	0.01642	0.04511	0.01986	0.06700	0.07573	0.06750	0.02018	0.01785	0.04933	0.09748	0.16965	0.03282	0.05706	0.04555	0.00381	0.11974	0.06304	0.00595	0.00891
11	0.08970	0.12793	0.02706	0.01892	0.02404	0.01934	0.13509	0.14441	0.02201	0.03061	0.02569	0.12581	0.02532	0.01358	0.00881	0.00284	0.00892	0.13352	0.00621	0.01016

[dist]
# distance from previous block
# <min> <max>
0	38

[block]
# block no. 14 follows, 22 sequences, length 20
# corresponding to MSA columns:
# 535-554
name=unknown_O
#
# <colnr> <probs for GDERKNQSTAVLIFYWHMCP>
#	G	D	E	R	K	N	Q	S	T	A	V	L	I	F	Y	W	H	M	C	P
0	0.02184	0.01984	0.10062	0.01636	0.02158	0.01786	0.01447	0.30701	0.02833	0.03864	0.14848	0.05876	0.03144	0.09226	0.01268	0.00327	0.00815	0.03994	0.00744	0.01102
1	0.07408	0.15918	0.19037	0.01711	0.02352	0.10238	0.01688	0.02637	0.07026	0.06835	0.02257	0.15118	0.02103	0.01179	0.00775	0.00255	0.00926	0.00942	0.00543	0.01052
2	0.02875	0.03065	0.02239	0.01931	0.02402	0.39148	0.01493	0.21300	0.02828	0.03177	0.09625	0.02248	0.02035	0.01006	0.00803	0.00231	0.01179	0.00723	0.00613	0.01078
3	0.10546	0.01284	0.01571	0.01295	0.01743	0.01223	0.01026	0.06962	0.02274	0.31904	0.20655	0.03799	0.03627	0.07033	0.01126	0.00304	0.00632	0.01011	0.00883	0.01102
4	0.02138	0.61248	0.13680	0.01563	0.02352	0.03083	0.01669	0.02509	0.01698	0.02056	0.01205	0.01396	0.01064	0.00723	0.00572	0.00191	0.00939	0.00470	0.00355	0.01090
5	0.01914	0.01535	0.01787	0.01290	0.02019	0.01217	0.01037	0.06522	0.01908	0.05705	0.01593	0.01791	0.01280	0.00661	0.00640	0.00138	0.00641	0.00526	0.00540	0.67255
6	0.01208	0.00805	0.00906	0.00906	0.00906	0.00805	0.00503	0.01208	0.01208	0.01611	0.02618	0.05436	0.03020	0.70804	0.04228	0.00805	0.00805	0.01208	0.00503	0.00503
7	0.06564	0.03336	0.02343	0.02047	0.02491	0.45731	0.01584	0.15210	0.02532	0.02760	0.01405	0.01618	0.01133	0.00931	0.00920	0.00236	0.07015	0.00590	0.00508	0.01046
8	0.01208	0.00805	0.00906	0.00906	0.00906	0.00805	0.00503	0.01208	0.01208	0.01611	0.02618	0.05436	0.03020	0.70804	0.04228	0.00805	0.00805	0.01208	0.00503	0.00503
9	0.01496	0.01209	0.01346	0.01310	0.01640	0.01238	0.01055	0.06367	0.17566	0.02821	0.05652	0.06727	0.29181	0.01835	0.00981	0.00306	0.00605	0.16952	0.00792	0.00920
10	0.08479	0.08911	0.02476	0.01836	0.02342	0.20353	0.10328	0.10116	0.02277	0.02836	0.09178	0.03166	0.12057	0.01116	0.00814	0.00244	0.00993	0.00907	0.00584	0.00988
11	0.01974	0.01514	0.01839	0.01939	0.11275	0.01573	0.01288	0.03167	0.29132	0.09949	0.03870	0.03908	0.13709	0.06232	0.01098	0.00304	0.00677	0.01044	0.00746	0.04762
12	0.11434	0.17486	0.15022	0.01653	0.02404	0.01992	0.04907	0.07383	0.01869	0.02825	0.01635	0.06348	0.01427	0.00863	0.00687	0.00213	0.00857	0.00676	0.00481	0.19837
13	0.02310	0.13298	0.15792	0.01995	0.02628	0.24798	0.04540	0.06151	0.06521	0.02440	0.01635	0.01927	0.01327	0.01524	0.09235	0.00371	0.01347	0.00644	0.00455	0.01062
14	0.05225	0.02111	0.04956	0.08709	0.02332	0.19781	0.01351	0.02455	0.09488	0.02481	0.07288	0.04342	0.20014	0.01364	0.00863	0.00265	0.00893	0.04550	0.00616	0.00916
15	0.09002	0.20500	0.02809	0.01983	0.04956	0.40267	0.01537	0.05694	0.02160	0.02328	0.01285	0.01489	0.01080	0.00814	0.00682	0.00211	0.01226	0.00523	0.00435	0.01018
16	0.02232	0.22563	0.12474	0.02985	0.22018	0.14349	0.07155	0.02693	0.01904	0.02355	0.01395	0.01719	0.01158	0.00757	0.00735	0.00226	0.01121	0.00620	0.00391	0.01151
17	0.06944	0.01471	0.02414	0.02405	0.15039	0.01415	0.16551	0.01930	0.01741	0.02427	0.03676	0.04365	0.19400	0.14825	0.01551	0.00375	0.00873	0.01153	0.00539	0.00907
18	0.02494	0.02021	0.02462	0.02640	0.19674	0.04626	0.01685	0.32970	0.02893	0.03892	0.05506	0.05933	0.02050	0.06071	0.01090	0.00292	0.00899	0.00894	0.00678	0.01231
19	0.11623	0.02263	0.02046	0.02327	0.16183	0.24037	0.01469	0.02482	0.02110	0.02750	0.18328	0.03124	0.05746	0.01095	0.00806	0.00242	0.00938	0.00877	0.00578	0.00976

[dist]
# distance from previous block
# <min> <max>
1	16

[block]
# block no. 15 follows, 22 sequences, length 6
# corresponding to MSA columns:
# 571-576
name=unknown_P
#
# <colnr> <probs for GDERKNQSTAVLIFYWHMCP>
#	G	D	E	R	K	N	Q	S	T	A	V	L	I	F	Y	W	H	M	C	P
0	0.03034	0.09592	0.02548	0.02046	0.02531	0.52840	0.01586	0.11543	0.02513	0.02473	0.01372	0.01553	0.01118	0.00863	0.00742	0.00216	0.01364	0.00557	0.00478	0.01035
1	0.01638	0.01601	0.01708	0.10982	0.09589	0.12640	0.01309	0.01931	0.01891	0.02305	0.11382	0.07544	0.15217	0.11222	0.01374	0.00345	0.00844	0.05047	0.00594	0.00835
2	0.02071	0.01439	0.01768	0.01484	0.01925	0.01468	0.04170	0.11278	0.17456	0.13006	0.20794	0.04396	0.12446	0.01366	0.00905	0.00268	0.00632	0.01167	0.00859	0.01102
3	0.06763	0.01887	0.05158	0.02271	0.13910	0.10831	0.01528	0.05748	0.01852	0.02526	0.02566	0.26914	0.02752	0.01551	0.01120	0.00292	0.09528	0.01280	0.00569	0.00953
4	0.02310	0.06682	0.13891	0.05712	0.18045	0.11293	0.09110	0.13478	0.06069	0.03025	0.01686	0.01966	0.01299	0.00831	0.00811	0.00249	0.01113	0.00714	0.00500	0.01216
5	0.07702	0.01826	0.02711	0.03198	0.27910	0.04981	0.10258	0.02597	0.10038	0.02760	0.02517	0.09639	0.04645	0.01125	0.00869	0.00273	0.00913	0.04371	0.00549	0.01118

[dist]
# distance from previous block
# <min> <max>
33	59

[block]
# block no. 16 follows, 22 sequences, length 7
# corresponding to MSA columns:
# 644-650
name=unknown_Q
#
# <colnr> <probs for GDERKNQSTAVLIFYWHMCP>
#	G	D	E	R	K	N	Q	S	T	A	V	L	I	F	Y	W	H	M	C	P
0	0.01919	0.34862	0.38152	0.01936	0.02928	0.02549	0.02318	0.02566	0.01724	0.02322	0.01338	0.01562	0.01059	0.00753	0.00672	0.00224	0.01073	0.00536	0.00353	0.01154
1	0.01376	0.14759	0.01669	0.01104	0.01296	0.01299	0.00815	0.01537	0.01541	0.02042	0.12223	0.12818	0.03603	0.31156	0.08827	0.00589	0.00856	0.01219	0.00566	0.00704
2	0.02460	0.22484	0.02748	0.01644	0.02239	0.02481	0.01397	0.16443	0.28441	0.07636	0.02415	0.02319	0.01825	0.00969	0.00749	0.00242	0.00785	0.00744	0.00709	0.01269
3	0.01959	0.02738	0.21940	0.10059	0.37777	0.05962	0.02623	0.02581	0.01858	0.02592	0.01516	0.01947	0.01203	0.00770	0.00809	0.00252	0.01101	0.00690	0.00390	0.01231
4	0.01742	0.01433	0.01994	0.02449	0.20615	0.01436	0.01524	0.11305	0.02271	0.03048	0.12229	0.05366	0.15245	0.01515	0.00948	0.00286	0.00737	0.14144	0.00692	0.01019
5	0.01210	0.00954	0.01263	0.01229	0.01406	0.01061	0.00959	0.01476	0.01523	0.02109	0.03988	0.04520	0.20725	0.04200	0.37144	0.00853	0.07828	0.01123	0.05681	0.00748
6	0.01489	0.15029	0.01808	0.01342	0.01572	0.07803	0.01036	0.01687	0.01716	0.02114	0.03559	0.44003	0.04114	0.02027	0.00934	0.00298	0.00690	0.07336	0.00654	0.00789

[dist]
# distance from previous block
# <min> <max>
17	31

[block]
# block no. 17 follows, 22 sequences, length 10
# corresponding to MSA columns:
# 682-691
name=unknown_R
#
# <colnr> <probs for GDERKNQSTAVLIFYWHMCP>
#	G	D	E	R	K	N	Q	S	T	A	V	L	I	F	Y	W	H	M	C	P
0	0.02270	0.44277	0.17224	0.01759	0.02527	0.15141	0.01808	0.02675	0.01828	0.02114	0.01251	0.01454	0.01064	0.00755	0.00629	0.00203	0.01076	0.00498	0.00368	0.01081
1	0.01187	0.00890	0.01335	0.01335	0.01483	0.01038	0.01038	0.01483	0.01335	0.01928	0.02225	0.03264	0.02077	0.06231	0.67512	0.01335	0.02225	0.00890	0.00445	0.00742
2	0.01331	0.01038	0.01388	0.12209	0.02048	0.01145	0.01087	0.01815	0.09306	0.02142	0.03024	0.19938	0.03181	0.20980	0.12138	0.00603	0.00977	0.04294	0.00592	0.00764
3	0.02368	0.11257	0.02644	0.02030	0.02398	0.27211	0.05089	0.05906	0.02022	0.02298	0.01768	0.02838	0.01678	0.01194	0.01246	0.00275	0.16519	0.09814	0.00478	0.00967
4	0.01178	0.00994	0.01154	0.01125	0.01338	0.01014	0.00886	0.01407	0.01777	0.02270	0.06411	0.09756	0.43393	0.01982	0.01249	0.00301	0.11115	0.07097	0.04813	0.00742
