[name]
unknown

[dist]
# distance from previous block
# <min> <max>
21	271

[block]
# block no. 0 follows, 23 sequences, length 6
# corresponding to MSA columns:
# 290-295
name=unknown_A
#
# <colnr> <probs for GDERKNQSTAVLIFYWHMCP>
#	G	D	E	R	K	N	Q	S	T	A	V	L	I	F	Y	W	H	M	C	P
0	0.07079	0.10502	0.25116	0.02100	0.07612	0.07335	0.01993	0.13166	0.02053	0.02879	0.01574	0.01891	0.01242	0.01538	0.10120	0.00386	0.01209	0.00635	0.00460	0.01112
1	0.06369	0.06899	0.20866	0.02397	0.10813	0.05567	0.05703	0.15881	0.06058	0.03119	0.01652	0.01905	0.01268	0.01038	0.03179	0.00287	0.04646	0.00677	0.00503	0.01175
2	0.08935	0.22244	0.16630	0.07128	0.02902	0.10275	0.10312	0.02471	0.01724	0.02323	0.01391	0.01749	0.01132	0.01173	0.06107	0.00314	0.01178	0.00609	0.00386	0.01018
3	0.06885	0.11624	0.09812	0.01687	0.02236	0.16037	0.01476	0.21481	0.02371	0.03045	0.01694	0.02275	0.01465	0.13001	0.01304	0.00323	0.01011	0.00693	0.00540	0.01040
4	0.07428	0.13606	0.09753	0.01744	0.02308	0.19626	0.01535	0.18256	0.02355	0.02968	0.01879	0.11333	0.01724	0.01076	0.00751	0.00238	0.00998	0.00816	0.00552	0.01055
5	0.11102	0.18364	0.10892	0.07223	0.07419	0.11494	0.06567	0.06362	0.05302	0.02620	0.01756	0.01980	0.03975	0.00839	0.00710	0.00233	0.00996	0.00652	0.00457	0.01057

[dist]
# distance from previous block
# <min> <max>
0	1

[block]
# block no. 1 follows, 23 sequences, length 58
# corresponding to MSA columns:
# 297-354
name=unknown_B
#
# <colnr> <probs for GDERKNQSTAVLIFYWHMCP>
#	G	D	E	R	K	N	Q	S	T	A	V	L	I	F	Y	W	H	M	C	P
0	0.02088	0.61817	0.13695	0.01527	0.02297	0.03012	0.01630	0.02451	0.01658	0.02008	0.01177	0.01363	0.01039	0.00706	0.00558	0.00186	0.00917	0.00459	0.00346	0.01065
1	0.01779	0.21501	0.36596	0.02141	0.03050	0.02214	0.10144	0.02436	0.01695	0.02349	0.01538	0.05335	0.01289	0.00859	0.00818	0.00245	0.03837	0.00697	0.00375	0.01103
2	0.00989	0.00740	0.00920	0.01051	0.01159	0.00670	0.00721	0.01158	0.01661	0.02158	0.08382	0.52710	0.19965	0.02383	0.01014	0.00313	0.00452	0.02124	0.00760	0.00670
3	0.01177	0.01046	0.04575	0.01089	0.01356	0.00868	0.00882	0.01642	0.05207	0.02992	0.46999	0.08485	0.17244	0.01688	0.00944	0.00262	0.00447	0.01470	0.00831	0.00796
4	0.01166	0.00826	0.01069	0.01008	0.01199	0.00765	0.00756	0.01549	0.02268	0.03243	0.62912	0.05914	0.07385	0.01624	0.00938	0.00252	0.00383	0.01433	0.04546	0.00765
5	0.02272	0.49711	0.11926	0.01647	0.02350	0.16014	0.01630	0.02609	0.01787	0.02009	0.01195	0.01387	0.01040	0.00732	0.00595	0.00191	0.01029	0.00473	0.00361	0.01041
6	0.01180	0.00787	0.00885	0.00885	0.00885	0.00787	0.00492	0.01180	0.01180	0.01573	0.02557	0.05310	0.02950	0.71483	0.04130	0.00787	0.00787	0.01180	0.00492	0.00492
7	0.01736	0.17721	0.54703	0.02128	0.03227	0.02149	0.02677	0.02542	0.01700	0.02438	0.01391	0.01631	0.01031	0.00756	0.00721	0.00240	0.01133	0.00567	0.00344	0.01168
8	0.01005	0.00718	0.00961	0.01149	0.01204	0.00674	0.00783	0.01159	0.01570	0.02090	0.04463	0.67681	0.05330	0.02526	0.01040	0.00332	0.00485	0.05413	0.00753	0.00664
9	0.00987	0.00818	0.00864	0.00863	0.01116	0.00695	0.00643	0.01214	0.01898	0.02333	0.16041	0.10433	0.55254	0.02022	0.00962	0.00274	0.00410	0.01706	0.00773	0.00695
10	0.02169	0.71972	0.04252	0.01388	0.02083	0.03211	0.01388	0.02430	0.01649	0.01909	0.01128	0.01302	0.01041	0.00694	0.00521	0.00174	0.00868	0.00434	0.00347	0.01041
11	0.01683	0.01442	0.01683	0.01202	0.01923	0.01082	0.00961	0.02043	0.01683	0.02644	0.01442	0.01683	0.01202	0.00601	0.00601	0.00120	0.00601	0.00481	0.00481	0.76444
12	0.02140	0.26884	0.13292	0.01672	0.02310	0.08548	0.01609	0.09451	0.11646	0.02670	0.01994	0.02103	0.04179	0.00914	0.00769	0.00226	0.03751	0.00658	0.04087	0.01096
13	0.02006	0.43667	0.27635	0.01764	0.02634	0.05643	0.01996	0.02518	0.01702	0.02159	0.01256	0.01462	0.01036	0.00729	0.00623	0.00206	0.01018	0.00500	0.00349	0.01096
14	0.01543	0.01382	0.01839	0.02316	0.21596	0.01388	0.01362	0.02333	0.16700	0.02669	0.07799	0.04802	0.28205	0.01398	0.00879	0.00263	0.00635	0.01207	0.00668	0.01016
15	0.01161	0.00862	0.01265	0.01265	0.01396	0.00993	0.00966	0.01424	0.01292	0.01855	0.02209	0.03386	0.02115	0.12188	0.62283	0.01256	0.02044	0.00898	0.00440	0.00703
16	0.01975	0.01881	0.03199	0.04815	0.63347	0.01881	0.02434	0.02452	0.01849	0.02640	0.01658	0.02348	0.01446	0.00795	0.00818	0.00247	0.00954	0.03583	0.00418	0.01260
17	0.02027	0.54130	0.20844	0.01632	0.02459	0.02862	0.01812	0.02467	0.01666	0.02083	0.01214	0.01410	0.01038	0.00714	0.00587	0.00196	0.00955	0.00478	0.00346	0.01083
18	0.03034	0.03783	0.02307	0.02079	0.02509	0.64747	0.01566	0.06442	0.02380	0.02152	0.01291	0.01489	0.01063	0.00843	0.00736	0.00211	0.01433	0.00534	0.00439	0.00964
19	0.01035	0.00825	0.00928	0.00902	0.01143	0.00718	0.00677	0.01313	0.02030	0.02621	0.31549	0.07103	0.42495	0.01895	0.00958	0.00266	0.00400	0.01614	0.00810	0.00718
20	0.01602	0.01506	0.02451	0.41747	0.13982	0.01841	0.02081	0.02051	0.01564	0.02123	0.01477	0.02192	0.01214	0.01469	0.08479	0.00392	0.11782	0.00736	0.00374	0.00939
21	0.00970	0.00822	0.00837	0.00833	0.01103	0.00690	0.00625	0.01185	0.01875	0.02252	0.11485	0.07710	0.62790	0.02033	0.00959	0.00273	0.00409	0.01699	0.00761	0.00690
22	0.00989	0.00706	0.00942	0.01130	0.01177	0.00659	0.00753	0.01130	0.01554	0.02071	0.04472	0.70954	0.05367	0.02542	0.01036	0.00330	0.00471	0.02307	0.00753	0.00659
23	0.00989	0.00706	0.00942	0.01130	0.01177	0.00659	0.00753	0.01130	0.01554	0.02071	0.04472	0.70954	0.05367	0.02542	0.01036	0.00330	0.00471	0.02307	0.00753	0.00659
24	0.01815	0.01730	0.02944	0.31252	0.41664	0.01877	0.02394	0.02321	0.01756	0.02416	0.01492	0.02071	0.01202	0.00759	0.00807	0.00253	0.01012	0.00722	0.00385	0.01129
25	0.18397	0.02515	0.02145	0.01756	0.02319	0.18345	0.01411	0.36337	0.02943	0.04049	0.01610	0.01700	0.01195	0.00895	0.00728	0.00237	0.00977	0.00620	0.00652	0.01170
26	0.02366	0.01874	0.01986	0.01677	0.02188	0.02123	0.01335	0.25164	0.39778	0.03981	0.02787	0.02646	0.02067	0.01047	0.00806	0.00259	0.00716	0.00842	0.05069	0.01288
27	0.01627	0.04197	0.67279	0.02313	0.03512	0.01884	0.02998	0.02570	0.01713	0.02570	0.01456	0.01713	0.01028	0.00771	0.00771	0.00257	0.01199	0.00600	0.00343	0.01199
28	0.00989	0.00706	0.00942	0.01130	0.01177	0.00659	0.00753	0.01130	0.01554	0.02071	0.04472	0.70954	0.05367	0.02542	0.01036	0.00330	0.00471	0.02307	0.00753	0.00659
29	0.01167	0.00839	0.01148	0.01148	0.01239	0.00930	0.00820	0.01349	0.01258	0.01768	0.02316	0.03978	0.02372	0.30440	0.44383	0.01111	0.01657	0.00985	0.00456	0.00638
30	0.02432	0.02450	0.01993	0.01738	0.02151	0.27604	0.01342	0.17597	0.05418	0.02814	0.01797	0.02236	0.01513	0.05715	0.15132	0.00477	0.01351	0.00698	0.00545	0.04994
31	0.03004	0.06509	0.02412	0.02015	0.02492	0.52092	0.01555	0.15448	0.02578	0.02616	0.01389	0.01554	0.01113	0.00858	0.00739	0.00214	0.01322	0.00561	0.00495	0.01034
32	0.00975	0.00760	0.00886	0.00988	0.01140	0.00671	0.00690	0.01146	0.01690	0.02127	0.06200	0.41847	0.33358	0.02318	0.01000	0.00304	0.00443	0.02033	0.00753	0.00671
33	0.02011	0.01879	0.02910	0.04104	0.49491	0.01952	0.02173	0.02970	0.18461	0.02847	0.01994	0.02277	0.01599	0.00822	0.00809	0.00250	0.00879	0.00774	0.00513	0.01285
34	0.01484	0.00759	0.00767	0.00767	0.00940	0.00759	0.00561	0.01830	0.01657	0.02902	0.02639	0.03219	0.02154	0.06924	0.00869	0.00240	0.00413	0.00792	0.69589	0.00734
35	0.01983	0.01476	0.01594	0.01368	0.01678	0.01613	0.01003	0.22533	0.15195	0.03121	0.02509	0.03726	0.02333	0.33631	0.02350	0.00501	0.00792	0.00977	0.00666	0.00949
36	0.01793	0.24887	0.48039	0.02031	0.03076	0.02289	0.02507	0.02527	0.01693	0.02368	0.01356	0.01588	0.01032	0.00747	0.00695	0.00232	0.01098	0.00549	0.00344	0.01151
37	0.01831	0.02916	0.29741	0.03518	0.25842	0.01940	0.17340	0.02549	0.01809	0.02605	0.01525	0.01931	0.01167	0.00733	0.00827	0.00255	0.01157	0.00729	0.00380	0.01204
38	0.00989	0.00706	0.00942	0.01130	0.01177	0.00659	0.00753	0.01130	0.01554	0.02071	0.04472	0.70954	0.05367	0.02542	0.01036	0.00330	0.00471	0.02307	0.00753	0.00659
39	0.01349	0.00920	0.01057	0.00995	0.01282	0.00819	0.00755	0.01702	0.04839	0.09580	0.21888	0.10169	0.37985	0.01824	0.00941	0.00270	0.00448	0.01550	0.00820	0.00807
40	0.02701	0.02939	0.02393	0.02171	0.05453	0.35589	0.01636	0.15547	0.04964	0.02718	0.01458	0.01717	0.01189	0.00987	0.01141	0.00250	0.14963	0.00629	0.00503	0.01052
41	0.00978	0.00823	0.00848	0.00842	0.01108	0.00693	0.00631	0.01201	0.01894	0.02297	0.13937	0.07636	0.60310	0.02016	0.00959	0.00272	0.00408	0.01688	0.00767	0.00693
42	0.00959	0.00822	0.00822	0.00822	0.01096	0.00685	0.00617	0.01165	0.01850	0.02192	0.08220	0.07809	0.66092	0.02055	0.00959	0.00274	0.00411	0.01713	0.00754	0.00685
43	0.01513	0.00756	0.00756	0.00756	0.00945	0.00756	0.00567	0.01891	0.01702	0.03025	0.02647	0.03025	0.02080	0.00945	0.00567	0.00189	0.00378	0.00756	0.75988	0.00756
44	0.01959	0.45691	0.28692	0.01747	0.02637	0.02696	0.02013	0.02484	0.01674	0.02165	0.01255	0.01461	0.01036	0.00724	0.00618	0.00206	0.00996	0.00498	0.00345	0.01103
45	0.01915	0.02189	0.04788	0.03420	0.04241	0.02052	0.63475	0.02599	0.01915	0.02599	0.01642	0.02189	0.01231	0.00684	0.00958	0.00274	0.01368	0.00958	0.00410	0.01094
46	0.01915	0.02189	0.04788	0.03420	0.04241	0.02052	0.63475	0.02599	0.01915	0.02599	0.01642	0.02189	0.01231	0.00684	0.00958	0.00274	0.01368	0.00958	0.00410	0.01094
47	0.03031	0.03867	0.02299	0.02090	0.02508	0.68226	0.01568	0.03240	0.02299	0.01986	0.01254	0.01463	0.01045	0.00836	0.00732	0.00209	0.01463	0.00523	0.00418	0.00941
48	0.00977	0.00823	0.00847	0.00841	0.01107	0.00693	0.00630	0.01199	0.01891	0.02292	0.13642	0.07645	0.60608	0.02018	0.00959	0.00272	0.00408	0.01690	0.00767	0.00693
49	0.77215	0.01569	0.01193	0.01067	0.01569	0.01820	0.00879	0.02385	0.01381	0.03641	0.01130	0.01318	0.00879	0.00753	0.00502	0.00251	0.00628	0.00439	0.00502	0.00879
50	0.02008	0.01928	0.03294	0.04981	0.66422	0.01928	0.02490	0.02490	0.01848	0.02651	0.01526	0.02008	0.01285	0.00723	0.00803	0.00241	0.00964	0.00723	0.00402	0.01285
51	0.01128	0.00767	0.00909	0.00956	0.00977	0.00752	0.00573	0.01183	0.01329	0.01781	0.05940	0.22625	0.03800	0.50166	0.03171	0.00642	0.00685	0.01490	0.00579	0.00548
52	0.01050	0.00784	0.00976	0.01015	0.01174	0.00710	0.00728	0.01309	0.01936	0.02602	0.31510	0.29274	0.19844	0.02058	0.00985	0.00286	0.00420	0.01817	0.00813	0.00710
53	0.02053	0.01376	0.01670	0.01360	0.01756	0.01441	0.06749	0.21753	0.02398	0.03654	0.02329	0.02602	0.01777	0.00930	0.00682	0.00214	0.00635	0.00767	0.44865	0.00988
54	0.01074	0.00820	0.00986	0.00958	0.01170	0.00732	0.00713	0.01382	0.02100	0.02819	0.42513	0.10360	0.27733	0.01846	0.00962	0.00266	0.00398	0.01600	0.00837	0.00732
55	0.03159	0.01797	0.02109	0.01619	0.02245	0.01814	0.01333	0.32856	0.03012	0.30647	0.04993	0.02436	0.01882	0.00993	0.00807	0.00240	0.00772	0.00781	0.00876	0.05630
56	0.07260	0.03585	0.02249	0.02011	0.02456	0.58205	0.01526	0.08935	0.02391	0.02377	0.01313	0.01501	0.01068	0.00845	0.00726	0.00215	0.01362	0.00538	0.00460	0.00979
57	0.24219	0.03255	0.43831	0.05768	0.03049	0.01861	0.02322	0.02486	0.01609	0.02862	0.01358	0.01621	0.00986	0.00768	0.00693	0.00256	0.01022	0.00559	0.00391	0.01086

[dist]
# distance from previous block
# <min> <max>
0	42

[block]
# block no. 2 follows, 23 sequences, length 34
# corresponding to MSA columns:
# 397-430
name=unknown_C
#
# <colnr> <probs for GDERKNQSTAVLIFYWHMCP>
#	G	D	E	R	K	N	Q	S	T	A	V	L	I	F	Y	W	H	M	C	P
0	0.08351	0.18303	0.11990	0.02785	0.25021	0.02131	0.01924	0.06191	0.01798	0.02610	0.01499	0.01890	0.01258	0.01417	0.09206	0.00363	0.01094	0.00634	0.00419	0.01118
1	0.02156	0.33664	0.05893	0.01748	0.02253	0.16834	0.04174	0.02448	0.01763	0.02061	0.04770	0.01821	0.01467	0.01176	0.04595	0.00281	0.10921	0.00602	0.00401	0.00974
2	0.03031	0.03867	0.02299	0.02090	0.02508	0.68226	0.01568	0.03240	0.02299	0.01986	0.01254	0.01463	0.01045	0.00836	0.00732	0.00209	0.01463	0.00523	0.00418	0.00941
3	0.01047	0.00809	0.00962	0.01006	0.01201	0.00724	0.00752	0.01298	0.01895	0.02449	0.21170	0.21573	0.32105	0.02085	0.00992	0.00292	0.00451	0.07697	0.00787	0.00705
4	0.01032	0.00825	0.00924	0.00899	0.01141	0.00716	0.00674	0.01307	0.02023	0.02604	0.30622	0.07131	0.43434	0.01901	0.00958	0.00267	0.00400	0.01617	0.00808	0.00716
5	0.32707	0.01992	0.01939	0.01547	0.02138	0.02238	0.01277	0.39208	0.02842	0.04525	0.01621	0.01696	0.01180	0.00886	0.00688	0.00247	0.00787	0.00614	0.00688	0.01180
6	0.01180	0.00787	0.00885	0.00885	0.00885	0.00787	0.00492	0.01180	0.01180	0.01573	0.02557	0.05310	0.02950	0.71483	0.04130	0.00787	0.00787	0.01180	0.00492	0.00492
7	0.02185	0.01488	0.02677	0.02122	0.02650	0.01377	0.23395	0.02623	0.01982	0.21807	0.03042	0.12368	0.02730	0.01352	0.00961	0.00296	0.00918	0.14273	0.00705	0.01050
8	0.02018	0.01743	0.01835	0.01651	0.02110	0.02018	0.01284	0.04312	0.64956	0.03394	0.03303	0.03027	0.02477	0.01101	0.00826	0.00275	0.00642	0.00917	0.00826	0.01284
9	0.00982	0.00823	0.00854	0.00846	0.01110	0.00695	0.00635	0.01209	0.01904	0.02322	0.15266	0.07596	0.58966	0.02007	0.00959	0.00272	0.00408	0.01683	0.00771	0.00695
10	0.00969	0.00822	0.00836	0.00833	0.01102	0.00689	0.00625	0.01184	0.01874	0.02250	0.11365	0.07714	0.62911	0.02033	0.00959	0.00273	0.00409	0.01699	0.00761	0.00689
11	0.03031	0.03867	0.02299	0.02090	0.02508	0.68226	0.01568	0.03240	0.02299	0.01986	0.01254	0.01463	0.01045	0.00836	0.00732	0.00209	0.01463	0.00523	0.00418	0.00941
12	0.00986	0.00758	0.00903	0.01004	0.01147	0.00675	0.00701	0.01165	0.01709	0.02182	0.09265	0.42839	0.29148	0.02305	0.01002	0.00304	0.00443	0.02030	0.00761	0.00675
13	0.03031	0.03867	0.02299	0.02090	0.02508	0.68226	0.01568	0.03240	0.02299	0.01986	0.01254	0.01463	0.01045	0.00836	0.00732	0.00209	0.01463	0.00523	0.00418	0.00941
14	0.01915	0.02189	0.04788	0.03420	0.04241	0.02052	0.63475	0.02599	0.01915	0.02599	0.01642	0.02189	0.01231	0.00684	0.00958	0.00274	0.01368	0.00958	0.00410	0.01094
15	0.01159	0.00869	0.01304	0.01304	0.01449	0.01014	0.01014	0.01449	0.01304	0.01884	0.02173	0.03188	0.02029	0.06086	0.68268	0.01304	0.02173	0.00869	0.00435	0.00724
16	0.05721	0.36911	0.09433	0.01584	0.02244	0.08917	0.01504	0.02988	0.13167	0.07864	0.01740	0.01793	0.01374	0.00818	0.00645	0.00214	0.00891	0.00578	0.00503	0.01112
17	0.01643	0.04088	0.63881	0.02373	0.03552	0.01894	0.06287	0.02571	0.01724	0.02571	0.01466	0.01739	0.01039	0.00766	0.00781	0.00258	0.01208	0.00619	0.00346	0.01193
18	0.00966	0.00796	0.00849	0.00891	0.01114	0.00679	0.00647	0.01157	0.01784	0.02165	0.07386	0.21868	0.52572	0.02163	0.00976	0.00286	0.00424	0.01845	0.00753	0.00679
19	0.13689	0.01921	0.02232	0.02612	0.22615	0.09708	0.01606	0.05579	0.06977	0.11219	0.02436	0.02563	0.07643	0.00986	0.00869	0.00252	0.04613	0.00779	0.00582	0.01119
20	0.02713	0.05724	0.06262	0.01783	0.02343	0.29869	0.01473	0.11256	0.05758	0.11697	0.02135	0.02169	0.04857	0.00928	0.00754	0.00220	0.01058	0.00675	0.00591	0.07733
21	0.00989	0.00706	0.00942	0.01130	0.01177	0.00659	0.00753	0.01130	0.01554	0.02071	0.04472	0.70954	0.05367	0.02542	0.01036	0.00330	0.00471	0.02307	0.00753	0.00659
22	0.02008	0.01928	0.03294	0.04981	0.66422	0.01928	0.02490	0.02490	0.01848	0.02651	0.01526	0.02008	0.01285	0.00723	0.00803	0.00241	0.00964	0.00723	0.00402	0.01285
23	0.01683	0.11151	0.60812	0.02218	0.03365	0.02021	0.02833	0.02555	0.01707	0.02502	0.01423	0.01671	0.01029	0.00763	0.00745	0.00248	0.01165	0.00583	0.00343	0.01183
24	0.01144	0.00777	0.00922	0.00975	0.00996	0.00766	0.00597	0.01197	0.01304	0.01735	0.03092	0.20506	0.03598	0.51854	0.03255	0.00659	0.00712	0.04802	0.00566	0.00544
25	0.01031	0.00724	0.00929	0.01075	0.01112	0.00687	0.00695	0.01141	0.01470	0.01960	0.04046	0.56339	0.04829	0.17891	0.01725	0.00431	0.00541	0.02056	0.00695	0.00622
26	0.01040	0.00823	0.00945	0.01026	0.01200	0.00756	0.00726	0.01345	0.05665	0.02208	0.06057	0.38748	0.32056	0.02236	0.00989	0.00302	0.00455	0.01957	0.00758	0.00710
27	0.02651	0.08596	0.03158	0.02403	0.02965	0.42010	0.19034	0.05302	0.02198	0.02272	0.01380	0.01674	0.01110	0.00787	0.00782	0.00226	0.01369	0.00647	0.00425	0.01009
28	0.02008	0.01928	0.03294	0.04981	0.66422	0.01928	0.02490	0.02490	0.01848	0.02651	0.01526	0.02008	0.01285	0.00723	0.00803	0.00241	0.00964	0.00723	0.00402	0.01285
29	0.01034	0.00831	0.00927	0.00920	0.01166	0.00723	0.00702	0.01300	0.01977	0.02507	0.24287	0.07400	0.45735	0.01955	0.00969	0.00275	0.00424	0.05363	0.00793	0.00712
30	0.01968	0.02671	0.20050	0.03728	0.38175	0.08385	0.02456	0.02529	0.01834	0.02527	0.01583	0.02177	0.01332	0.00840	0.00874	0.00252	0.03751	0.03279	0.00401	0.01190
31	0.02008	0.01928	0.03294	0.04981	0.66422	0.01928	0.02490	0.02490	0.01848	0.02651	0.01526	0.02008	0.01285	0.00723	0.00803	0.00241	0.00964	0.00723	0.00402	0.01285
32	0.05903	0.00937	0.01006	0.00962	0.01240	0.00866	0.00739	0.04022	0.02031	0.02716	0.23680	0.06708	0.40519	0.01822	0.00929	0.00270	0.00449	0.03671	0.00779	0.00752
33	0.03001	0.03644	0.05062	0.02055	0.02534	0.57049	0.01611	0.08430	0.02405	0.04910	0.01401	0.01568	0.01112	0.00852	0.00744	0.00216	0.01372	0.00556	0.00472	0.01007

[dist]
# distance from previous block
# <min> <max>
1	75

[block]
# block no. 3 follows, 23 sequences, length 15
# corresponding to MSA columns:
# 506-520
name=unknown_D
#
# <colnr> <probs for GDERKNQSTAVLIFYWHMCP>
#	G	D	E	R	K	N	Q	S	T	A	V	L	I	F	Y	W	H	M	C	P
0	0.01981	0.22254	0.40795	0.02033	0.02981	0.12088	0.02356	0.02632	0.01783	0.02307	0.01339	0.01566	0.01034	0.00760	0.00698	0.00228	0.01150	0.00544	0.00355	0.01119
1	0.01404	0.01247	0.01222	0.01235	0.01348	0.10830	0.00855	0.01547	0.01468	0.01837	0.02714	0.19750	0.02992	0.26946	0.20231	0.00732	0.01187	0.01266	0.00527	0.00661
2	0.01821	0.05524	0.17431	0.02252	0.02921	0.11552	0.21161	0.02389	0.01977	0.02591	0.16175	0.02859	0.02644	0.01175	0.03691	0.00295	0.01133	0.00902	0.00504	0.01003
3	0.02038	0.03889	0.42916	0.02374	0.03321	0.19800	0.09225	0.02754	0.01893	0.02415	0.01422	0.01698	0.01055	0.00779	0.00781	0.00246	0.01289	0.00618	0.00370	0.01118
4	0.02989	0.08264	0.02501	0.01945	0.02480	0.35904	0.01544	0.28478	0.02885	0.03289	0.01535	0.01654	0.01185	0.00883	0.00749	0.00221	0.01180	0.00603	0.00577	0.01132
5	0.10073	0.01175	0.01497	0.16432	0.02396	0.01186	0.01161	0.02191	0.01898	0.17662	0.09821	0.04491	0.24158	0.01352	0.00842	0.00264	0.00648	0.01118	0.00709	0.00926
6	0.02081	0.02305	0.06526	0.04191	0.42624	0.09203	0.15999	0.02600	0.01906	0.02563	0.01519	0.01975	0.01235	0.00729	0.00828	0.00246	0.01120	0.00748	0.00403	0.01201
7	0.01755	0.03193	0.37997	0.06277	0.12812	0.01932	0.19304	0.02542	0.01783	0.02565	0.01516	0.01906	0.01123	0.00742	0.00828	0.00260	0.01206	0.00720	0.00370	0.01169
8	0.01003	0.00772	0.00878	0.00951	0.01096	0.00690	0.00651	0.01153	0.01635	0.02053	0.05921	0.32014	0.33083	0.12552	0.01460	0.00372	0.00490	0.01865	0.00715	0.00646
9	0.01975	0.01780	0.02497	0.03234	0.33822	0.01880	0.01834	0.06271	0.24872	0.03010	0.02794	0.02896	0.07539	0.00993	0.00826	0.00257	0.00794	0.00883	0.00609	0.01236
10	0.02376	0.02372	0.02281	0.05977	0.14130	0.22587	0.01669	0.14420	0.07026	0.02869	0.02102	0.03099	0.01873	0.03577	0.00950	0.00275	0.01050	0.09731	0.00570	0.01066
11	0.00997	0.00749	0.00929	0.01066	0.01182	0.00681	0.00745	0.01168	0.01650	0.02123	0.05474	0.50673	0.21713	0.02395	0.01019	0.00317	0.00469	0.05227	0.00753	0.00671
12	0.01032	0.00758	0.00955	0.01095	0.01195	0.00703	0.00769	0.01200	0.01615	0.02096	0.05000	0.47693	0.16288	0.07546	0.01261	0.00358	0.00513	0.08527	0.00733	0.00661
13	0.02099	0.02212	0.16523	0.01747	0.02332	0.01790	0.01640	0.29922	0.02631	0.03582	0.02640	0.21303	0.02550	0.01419	0.00878	0.00276	0.00838	0.03818	0.00687	0.01112
14	0.02677	0.02833	0.02445	0.02521	0.14888	0.31971	0.01685	0.15545	0.08867	0.02931	0.01667	0.01838	0.01314	0.00858	0.00765	0.00225	0.01125	0.00642	0.00540	0.04663

[dist]
# distance from previous block
# <min> <max>
1	3

[block]
# block no. 4 follows, 23 sequences, length 63
# corresponding to MSA columns:
# 524-586
name=unknown_E
#
# <colnr> <probs for GDERKNQSTAVLIFYWHMCP>
#	G	D	E	R	K	N	Q	S	T	A	V	L	I	F	Y	W	H	M	C	P
0	0.04863	0.01599	0.02270	0.03158	0.35835	0.04252	0.01706	0.02243	0.05380	0.02618	0.02958	0.09493	0.11262	0.01138	0.00813	0.00251	0.00772	0.01012	0.07317	0.01059
1	0.02664	0.03256	0.02354	0.02102	0.02398	0.49032	0.01628	0.02864	0.01991	0.01976	0.01199	0.01554	0.01051	0.01007	0.01295	0.00252	0.21473	0.00577	0.00400	0.00925
2	0.01102	0.00886	0.00990	0.00953	0.01208	0.00804	0.00718	0.01513	0.06189	0.02679	0.30067	0.06822	0.39465	0.01840	0.00949	0.00267	0.00415	0.01566	0.00812	0.00756
3	0.77215	0.01569	0.01193	0.01067	0.01569	0.01820	0.00879	0.02385	0.01381	0.03641	0.01130	0.01318	0.00879	0.00753	0.00502	0.00251	0.00628	0.00439	0.00502	0.00879
4	0.00989	0.00706	0.00942	0.01130	0.01177	0.00659	0.00753	0.01130	0.01554	0.02071	0.04472	0.70954	0.05367	0.02542	0.01036	0.00330	0.00471	0.02307	0.00753	0.00659
5	0.01025	0.00742	0.00979	0.01103	0.01192	0.00695	0.00761	0.01222	0.01699	0.02297	0.16435	0.52957	0.08216	0.02497	0.03795	0.00353	0.00522	0.02060	0.00767	0.00683
6	0.00961	0.00815	0.00829	0.00841	0.01101	0.00683	0.00625	0.01162	0.01831	0.02184	0.07987	0.11739	0.62313	0.02085	0.00964	0.00277	0.00415	0.01749	0.00753	0.00683
7	0.33384	0.02106	0.01815	0.01534	0.02064	0.10533	0.01233	0.21707	0.11976	0.03846	0.01731	0.01792	0.01299	0.00885	0.00676	0.00247	0.00818	0.00613	0.00636	0.01103
8	0.02664	0.02702	0.02401	0.02029	0.02395	0.26463	0.01623	0.22726	0.02474	0.03004	0.01424	0.01718	0.01161	0.01061	0.01350	0.00265	0.22294	0.00648	0.00528	0.01069
9	0.01532	0.01442	0.02434	0.69533	0.05589	0.01803	0.02253	0.02073	0.01622	0.02073	0.01442	0.02163	0.01082	0.00811	0.00811	0.00270	0.01082	0.00721	0.00361	0.00901
10	0.00962	0.00812	0.00833	0.00850	0.01103	0.00683	0.00629	0.01161	0.01823	0.02181	0.07883	0.13491	0.60628	0.02099	0.00966	0.00279	0.00416	0.01766	0.00753	0.00683
11	0.00988	0.00795	0.00880	0.00919	0.01129	0.00688	0.00666	0.01198	0.01829	0.02283	0.13853	0.22806	0.44869	0.02127	0.00977	0.00285	0.00422	0.01828	0.00769	0.00688
12	0.03031	0.03867	0.02299	0.02090	0.02508	0.68226	0.01568	0.03240	0.02299	0.01986	0.01254	0.01463	0.01045	0.00836	0.00732	0.00209	0.01463	0.00523	0.00418	0.00941
13	0.01689	0.01100	0.01132	0.01068	0.01351	0.01195	0.00817	0.02733	0.23714	0.03154	0.02875	0.03026	0.02218	0.00999	0.00657	0.00219	0.00470	0.00812	0.49832	0.00940
14	0.01683	0.01442	0.01683	0.01202	0.01923	0.01082	0.00961	0.02043	0.01683	0.02644	0.01442	0.01683	0.01202	0.00601	0.00601	0.00120	0.00601	0.00481	0.00481	0.76444
15	0.00975	0.00827	0.00844	0.00852	0.01122	0.00696	0.00647	0.01187	0.01850	0.02203	0.08045	0.07869	0.63359	0.02063	0.00966	0.00278	0.00426	0.04349	0.00753	0.00688
16	0.02043	0.01889	0.02600	0.10247	0.31222	0.05077	0.01951	0.06684	0.17356	0.02872	0.01986	0.02273	0.01570	0.00892	0.00898	0.00255	0.04629	0.00762	0.03602	0.01192
17	0.00997	0.00713	0.00949	0.01124	0.01179	0.00665	0.00754	0.01152	0.01594	0.02135	0.07802	0.67442	0.05491	0.02494	0.01031	0.00326	0.00466	0.02261	0.00761	0.00665
18	0.01045	0.00825	0.00941	0.00912	0.01149	0.00721	0.00684	0.01330	0.02052	0.02672	0.34354	0.07018	0.39659	0.01876	0.00958	0.00265	0.00398	0.01602	0.00817	0.00721
19	0.01683	0.01442	0.01683	0.01202	0.01923	0.01082	0.00961	0.02043	0.01683	0.02644	0.01442	0.01683	0.01202	0.00601	0.00601	0.00120	0.00601	0.00481	0.00481	0.76444
20	0.00999	0.00714	0.00951	0.01123	0.01179	0.00666	0.00754	0.01156	0.01603	0.02149	0.08535	0.66668	0.05518	0.02484	0.01030	0.00325	0.00465	0.02251	0.00762	0.00666
21	0.00966	0.00795	0.00850	0.00894	0.01115	0.00679	0.00649	0.01156	0.01780	0.02164	0.07338	0.22669	0.51802	0.02170	0.00977	0.00287	0.00425	0.01852	0.00753	0.00679
22	0.01514	0.01392	0.01985	0.01781	0.01842	0.01863	0.01453	0.01740	0.01269	0.01924	0.01534	0.02373	0.01473	0.03395	0.30431	0.00757	0.41290	0.00778	0.00389	0.00819
23	0.01919	0.02462	0.18351	0.04353	0.51617	0.01918	0.02610	0.02509	0.01816	0.02632	0.01510	0.01939	0.01225	0.00734	0.00796	0.00245	0.01019	0.00694	0.00388	0.01265
24	0.03031	0.03867	0.02299	0.02090	0.02508	0.68226	0.01568	0.03240	0.02299	0.01986	0.01254	0.01463	0.01045	0.00836	0.00732	0.00209	0.01463	0.00523	0.00418	0.00941
25	0.01059	0.00814	0.00969	0.00956	0.01164	0.00724	0.00707	0.01349	0.02048	0.02725	0.37493	0.13501	0.29751	0.01902	0.00966	0.00270	0.00403	0.01649	0.00825	0.00724
26	0.04317	0.12144	0.01514	0.01063	0.01379	0.01219	0.00872	0.01503	0.01671	0.02143	0.05223	0.05481	0.35523	0.02743	0.16717	0.00504	0.00921	0.03700	0.00604	0.00761
27	0.01768	0.21738	0.50967	0.02074	0.03142	0.02228	0.02581	0.02533	0.01696	0.02399	0.01371	0.01607	0.01031	0.00751	0.00706	0.00235	0.01113	0.00557	0.00344	0.01158
28	0.02169	0.71972	0.04252	0.01388	0.02083	0.03211	0.01388	0.02430	0.01649	0.01909	0.01128	0.01302	0.01041	0.00694	0.00521	0.00174	0.00868	0.00434	0.00347	0.01041
29	0.01049	0.00826	0.00947	0.00917	0.01151	0.00723	0.00688	0.01340	0.02063	0.02699	0.35800	0.06975	0.38196	0.01866	0.00958	0.00265	0.00398	0.01596	0.00820	0.00723
30	0.01145	0.00875	0.01080	0.01097	0.01274	0.00874	0.00805	0.04181	0.01651	0.02157	0.04729	0.20810	0.23982	0.08826	0.21999	0.00644	0.01021	0.01504	0.00637	0.00708
31	0.01409	0.00705	0.01057	0.01057	0.01057	0.00705	0.00705	0.01057	0.01057	0.01409	0.01409	0.02467	0.01409	0.02819	0.03171	0.76392	0.00705	0.00705	0.00352	0.00352
32	0.03085	0.02273	0.02435	0.01867	0.02516	0.02516	0.01542	0.63716	0.03815	0.05114	0.01948	0.01948	0.01380	0.00974	0.00812	0.00244	0.00893	0.00731	0.00812	0.01380
33	0.01915	0.02189	0.04788	0.03420	0.04241	0.02052	0.63475	0.02599	0.01915	0.02599	0.01642	0.02189	0.01231	0.00684	0.00958	0.00274	0.01368	0.00958	0.00410	0.01094
34	0.48931	0.05307	0.04751	0.01754	0.04886	0.08226	0.10699	0.02513	0.01595	0.03158	0.01250	0.01509	0.00979	0.00747	0.00618	0.00247	0.00869	0.00545	0.00462	0.00955
35	0.00977	0.00817	0.00851	0.00854	0.01110	0.00691	0.00636	0.01196	0.01876	0.02282	0.13243	0.10615	0.57984	0.02042	0.00962	0.00275	0.00411	0.01718	0.00766	0.00691
36	0.01675	0.09871	0.55021	0.02254	0.03344	0.01968	0.06763	0.02518	0.01744	0.02541	0.03982	0.01880	0.01304	0.00793	0.00769	0.00251	0.01149	0.00643	0.00369	0.01161
37	0.02169	0.71972	0.04252	0.01388	0.02083	0.03211	0.01388	0.02430	0.01649	0.01909	0.01128	0.01302	0.01041	0.00694	0.00521	0.00174	0.00868	0.00434	0.00347	0.01041
38	0.01070	0.00791	0.01018	0.01169	0.01299	0.00739	0.00878	0.01287	0.01697	0.02192	0.05155	0.41797	0.17012	0.02365	0.01044	0.00331	0.00534	0.18183	0.00752	0.00688
39	0.02121	0.65873	0.09924	0.01472	0.02211	0.03091	0.01533	0.02442	0.01655	0.01969	0.01158	0.01339	0.01040	0.00701	0.00543	0.00181	0.00898	0.00449	0.00347	0.01056
40	0.01720	0.05154	0.23042	0.02200	0.09721	0.01635	0.07143	0.04740	0.01801	0.02634	0.04216	0.02105	0.01511	0.01310	0.07789	0.00326	0.01074	0.00675	0.00442	0.20759
41	0.02652	0.09064	0.17824	0.01976	0.02712	0.15705	0.01877	0.31817	0.02827	0.03606	0.01621	0.01739	0.01200	0.00874	0.00761	0.00234	0.01078	0.00632	0.00582	0.01219
42	0.01627	0.04197	0.67279	0.02313	0.03512	0.01884	0.02998	0.02570	0.01713	0.02570	0.01456	0.01713	0.01028	0.00771	0.00771	0.00257	0.01199	0.00600	0.00343	0.01199
43	0.02008	0.01928	0.03294	0.04981	0.66422	0.01928	0.02490	0.02490	0.01848	0.02651	0.01526	0.02008	0.01285	0.00723	0.00803	0.00241	0.00964	0.00723	0.00402	0.01285
44	0.01964	0.01886	0.03262	0.04699	0.59390	0.01878	0.05724	0.02450	0.01852	0.02636	0.01689	0.02423	0.01474	0.00807	0.00830	0.00250	0.00974	0.04147	0.00422	0.01244
45	0.01199	0.00785	0.00878	0.00878	0.00888	0.00785	0.00496	0.01220	0.01210	0.01656	0.02562	0.05181	0.02901	0.67488	0.03928	0.00753	0.00764	0.01156	0.04767	0.00507
46	0.01159	0.00869	0.01304	0.01304	0.01449	0.01014	0.01014	0.01449	0.01304	0.01884	0.02173	0.03188	0.02029	0.06086	0.68268	0.01304	0.02173	0.00869	0.00435	0.00724
47	0.01180	0.00787	0.00885	0.00885	0.00885	0.00787	0.00492	0.01180	0.01180	0.01573	0.02557	0.05310	0.02950	0.71483	0.04130	0.00787	0.00787	0.01180	0.00492	0.00492
48	0.01177	0.00798	0.00942	0.00942	0.00961	0.00817	0.00562	0.01216	0.01197	0.01615	0.02505	0.05023	0.02826	0.62648	0.12795	0.00857	0.00974	0.01138	0.00484	0.00523
49	0.02250	0.65581	0.04069	0.01454	0.02123	0.09311	0.01405	0.02506	0.01710	0.01916	0.01140	0.01317	0.01042	0.00708	0.00540	0.00177	0.00924	0.00442	0.00354	0.01032
50	0.01192	0.00844	0.01217	0.01217	0.01337	0.00957	0.00915	0.01408	0.01288	0.01859	0.02187	0.03386	0.02099	0.13449	0.53773	0.06159	0.01843	0.00891	0.03306	0.00673
51	0.00974	0.00764	0.00882	0.00976	0.01137	0.00672	0.00685	0.01147	0.01701	0.02131	0.06340	0.39481	0.35634	0.02299	0.00997	0.00302	0.00441	0.02011	0.00753	0.00672
52	0.00999	0.00714	0.00951	0.01123	0.01179	0.00666	0.00754	0.01156	0.01603	0.02149	0.08535	0.66668	0.05518	0.02484	0.01030	0.00325	0.00465	0.02251	0.00762	0.00666
53	0.01166	0.00789	0.00881	0.00881	0.00898	0.00780	0.00499	0.01179	0.01222	0.01612	0.02909	0.05466	0.06880	0.67162	0.03933	0.00755	0.00763	0.01213	0.00508	0.00504
54	0.01159	0.00869	0.01304	0.01304	0.01449	0.01014	0.01014	0.01449	0.01304	0.01884	0.02173	0.03188	0.02029	0.06086	0.68268	0.01304	0.02173	0.00869	0.00435	0.00724
55	0.02018	0.01743	0.01835	0.01651	0.02110	0.02018	0.01284	0.04312	0.64956	0.03394	0.03303	0.03027	0.02477	0.01101	0.00826	0.00275	0.00642	0.00917	0.00826	0.01284
56	0.02008	0.01928	0.03294	0.04981	0.66422	0.01928	0.02490	0.02490	0.01848	0.02651	0.01526	0.02008	0.01285	0.00723	0.00803	0.00241	0.00964	0.00723	0.00402	0.01285
57	0.02203	0.01068	0.01392	0.01174	0.01568	0.00939	0.00929	0.02528	0.02240	0.30784	0.29944	0.04893	0.14069	0.01435	0.00896	0.00256	0.00521	0.01222	0.00920	0.01021
58	0.01159	0.00869	0.01304	0.01304	0.01449	0.01014	0.01014	0.01449	0.01304	0.01884	0.02173	0.03188	0.02029	0.06086	0.68268	0.01304	0.02173	0.00869	0.00435	0.00724
59	0.02165	0.02243	0.03077	0.04320	0.51735	0.13047	0.02292	0.02582	0.01886	0.02496	0.01452	0.01903	0.01231	0.00785	0.00907	0.00243	0.05344	0.00689	0.00402	0.01203
60	0.02705	0.03340	0.02856	0.02376	0.02891	0.48533	0.16118	0.03156	0.06108	0.02218	0.01473	0.01731	0.01178	0.00817	0.00791	0.00228	0.01390	0.00650	0.00442	0.00998
61	0.02170	0.01915	0.06635	0.01473	0.01881	0.16807	0.01215	0.02498	0.02139	0.17315	0.20387	0.12264	0.07163	0.01381	0.00867	0.00254	0.00783	0.01149	0.00739	0.00964
62	0.05202	0.03056	0.19413	0.01930	0.02494	0.29247	0.04162	0.02519	0.01943	0.02301	0.04469	0.15381	0.02147	0.01176	0.00810	0.00252	0.01117	0.00944	0.00485	0.00951

[dist]
# distance from previous block
# <min> <max>
0	2

[block]
# block no. 5 follows, 23 sequences, length 69
# corresponding to MSA columns:
# 589-657
name=unknown_F
#
# <colnr> <probs for GDERKNQSTAVLIFYWHMCP>
#	G	D	E	R	K	N	Q	S	T	A	V	L	I	F	Y	W	H	M	C	P
0	0.21510	0.46592	0.06413	0.01391	0.02045	0.06573	0.01346	0.02472	0.01621	0.02391	0.01152	0.01335	0.00999	0.00721	0.00540	0.00200	0.00857	0.00449	0.00391	0.01001
1	0.01817	0.20243	0.39291	0.02313	0.03313	0.02240	0.14886	0.02542	0.01739	0.02415	0.01414	0.01710	0.01072	0.00735	0.00748	0.00240	0.01153	0.00632	0.00357	0.01140
2	0.01078	0.00911	0.00961	0.01053	0.01210	0.04040	0.00738	0.01249	0.01711	0.02116	0.05835	0.41825	0.29831	0.02259	0.00989	0.00301	0.00496	0.01976	0.00737	0.00684
3	0.00959	0.00822	0.00822	0.00822	0.01096	0.00685	0.00617	0.01165	0.01850	0.02192	0.08220	0.07809	0.66092	0.02055	0.00959	0.00274	0.00411	0.01713	0.00754	0.00685
4	0.01180	0.00787	0.00885	0.00885	0.00885	0.00787	0.00492	0.01180	0.01180	0.01573	0.02557	0.05310	0.02950	0.71483	0.04130	0.00787	0.00787	0.01180	0.00492	0.00492
5	0.02823	0.01773	0.02018	0.01594	0.02114	0.01877	0.01278	0.37490	0.02948	0.18433	0.02335	0.02702	0.01792	0.11812	0.04903	0.00383	0.00899	0.00825	0.00787	0.01212
6	0.03031	0.03867	0.02299	0.02090	0.02508	0.68226	0.01568	0.03240	0.02299	0.01986	0.01254	0.01463	0.01045	0.00836	0.00732	0.00209	0.01463	0.00523	0.00418	0.00941
7	0.01165	0.00845	0.01182	0.01182	0.01284	0.00948	0.00862	0.01370	0.01268	0.01793	0.02285	0.03807	0.02298	0.25176	0.49546	0.01153	0.01769	0.00960	0.00451	0.00657
8	0.01627	0.04197	0.67279	0.02313	0.03512	0.01884	0.02998	0.02570	0.01713	0.02570	0.01456	0.01713	0.01028	0.00771	0.00771	0.00257	0.01199	0.00600	0.00343	0.01199
9	0.01627	0.04197	0.67279	0.02313	0.03512	0.01884	0.02998	0.02570	0.01713	0.02570	0.01456	0.01713	0.01028	0.00771	0.00771	0.00257	0.01199	0.00600	0.00343	0.01199
10	0.01779	0.02996	0.30959	0.02822	0.03719	0.02025	0.31683	0.02521	0.01762	0.02521	0.01505	0.01946	0.01128	0.00795	0.01051	0.00275	0.08236	0.00781	0.00376	0.01118
11	0.01386	0.01204	0.01789	0.01624	0.01740	0.01510	0.03603	0.01638	0.01301	0.01915	0.01822	0.02823	0.01745	0.08199	0.41056	0.00932	0.23687	0.00840	0.00412	0.00777
12	0.01180	0.00787	0.00885	0.00885	0.00885	0.00787	0.00492	0.01180	0.01180	0.01573	0.02557	0.05310	0.02950	0.71483	0.04130	0.00787	0.00787	0.01180	0.00492	0.00492
13	0.01180	0.00787	0.00885	0.00885	0.00885	0.00787	0.00492	0.01180	0.01180	0.01573	0.02557	0.05310	0.02950	0.71483	0.04130	0.00787	0.00787	0.01180	0.00492	0.00492
14	0.01889	0.02469	0.15616	0.06567	0.18632	0.05200	0.19273	0.02445	0.01733	0.02424	0.01438	0.01939	0.01157	0.00867	0.01200	0.00275	0.14637	0.00752	0.00382	0.01103
15	0.02086	0.02236	0.02644	0.02814	0.17815	0.15668	0.01907	0.02344	0.01604	0.02129	0.01215	0.01769	0.01115	0.01133	0.01820	0.00298	0.39355	0.00675	0.00379	0.00995
16	0.02195	0.01940	0.03006	0.04172	0.50833	0.01987	0.02214	0.14423	0.02225	0.03150	0.01662	0.02045	0.01341	0.00783	0.00794	0.00239	0.00922	0.00726	0.04065	0.01279
17	0.01238	0.01036	0.01107	0.01098	0.01373	0.01023	0.00816	0.01968	0.18033	0.02477	0.06193	0.19398	0.37389	0.01908	0.00940	0.00286	0.00483	0.01628	0.00772	0.00834
18	0.01618	0.11326	0.02325	0.01740	0.01888	0.02078	0.01458	0.01846	0.01321	0.01923	0.01457	0.02197	0.01395	0.02932	0.25057	0.00658	0.36821	0.00726	0.00381	0.00853
19	0.01468	0.01323	0.01895	0.01718	0.01790	0.01751	0.01395	0.01701	0.01273	0.01918	0.01619	0.02481	0.01546	0.03750	0.35425	0.00829	0.36128	0.00790	0.00395	0.00806
20	0.01113	0.00820	0.01029	0.00991	0.01179	0.00749	0.00731	0.01440	0.02144	0.02962	0.51420	0.09750	0.16125	0.04640	0.01092	0.00284	0.00408	0.01537	0.00848	0.00737
21	0.01268	0.00907	0.01259	0.01424	0.01600	0.00897	0.01216	0.01624	0.01881	0.02472	0.09727	0.13786	0.04987	0.02214	0.01100	0.00360	0.00693	0.51082	0.00760	0.00742
22	0.01399	0.00712	0.01068	0.01068	0.01074	0.00718	0.00718	0.01074	0.01068	0.01430	0.01442	0.02498	0.01436	0.02960	0.05987	0.73144	0.00768	0.00712	0.00356	0.00368
23	0.02986	0.03781	0.02344	0.02219	0.05346	0.65283	0.01609	0.03207	0.02279	0.02015	0.01266	0.01487	0.01056	0.00831	0.00735	0.00210	0.01441	0.00531	0.00417	0.00956
24	0.02929	0.03652	0.02252	0.02046	0.02468	0.61531	0.01539	0.03348	0.08635	0.02128	0.01461	0.01621	0.01190	0.00863	0.00741	0.00216	0.01380	0.00563	0.00459	0.00975
25	0.03031	0.03867	0.02299	0.02090	0.02508	0.68226	0.01568	0.03240	0.02299	0.01986	0.01254	0.01463	0.01045	0.00836	0.00732	0.00209	0.01463	0.00523	0.00418	0.00941
26	0.03031	0.03867	0.02299	0.02090	0.02508	0.68226	0.01568	0.03240	0.02299	0.01986	0.01254	0.01463	0.01045	0.00836	0.00732	0.00209	0.01463	0.00523	0.00418	0.00941
27	0.01053	0.00830	0.00952	0.00934	0.01170	0.00729	0.00708	0.01340	0.02037	0.02645	0.32127	0.07139	0.39088	0.01898	0.00965	0.00270	0.00414	0.04168	0.00811	0.00721
28	0.02008	0.01928	0.03294	0.04981	0.66422	0.01928	0.02490	0.02490	0.01848	0.02651	0.01526	0.02008	0.01285	0.00723	0.00803	0.00241	0.00964	0.00723	0.00402	0.01285
29	0.01977	0.01909	0.03300	0.08679	0.60548	0.01925	0.04764	0.02470	0.01837	0.02615	0.01526	0.02024	0.01271	0.00727	0.00810	0.00244	0.00986	0.00732	0.00400	0.01256
30	0.01180	0.00787	0.00885	0.00885	0.00885	0.00787	0.00492	0.01180	0.01180	0.01573	0.02557	0.05310	0.02950	0.71483	0.04130	0.00787	0.00787	0.01180	0.00492	0.00492
31	0.01164	0.00849	0.01202	0.01202	0.01312	0.00959	0.00887	0.01384	0.01274	0.01808	0.02266	0.03703	0.02252	0.21962	0.52697	0.01178	0.01837	0.00945	0.00449	0.00668
32	0.01627	0.04197	0.67279	0.02313	0.03512	0.01884	0.02998	0.02570	0.01713	0.02570	0.01456	0.01713	0.01028	0.00771	0.00771	0.00257	0.01199	0.00600	0.00343	0.01199
33	0.01163	0.00848	0.00931	0.00897	0.01138	0.00739	0.00655	0.01375	0.01857	0.05701	0.16832	0.06907	0.44249	0.11495	0.01388	0.00340	0.00473	0.01551	0.00754	0.00709
34	0.01735	0.01948	0.15508	0.01914	0.02530	0.01414	0.16493	0.02393	0.05667	0.09303	0.19056	0.03736	0.08801	0.01144	0.00879	0.00259	0.00836	0.01057	0.04308	0.01018
35	0.02709	0.03414	0.05968	0.02804	0.18078	0.48632	0.01867	0.03023	0.02159	0.02178	0.01331	0.01609	0.01103	0.00805	0.00751	0.00219	0.01328	0.00575	0.00410	0.01038
36	0.17560	0.26229	0.13594	0.01753	0.02407	0.14428	0.04879	0.02572	0.01713	0.02425	0.01229	0.01477	0.01018	0.00786	0.00744	0.00225	0.05032	0.00522	0.00395	0.01010
37	0.01929	0.02384	0.15865	0.04385	0.51184	0.01925	0.05481	0.02511	0.01825	0.02633	0.01518	0.01959	0.01232	0.00730	0.00804	0.00246	0.01029	0.00710	0.00391	0.01259
38	0.02692	0.03224	0.02629	0.03049	0.23705	0.46238	0.01874	0.02991	0.02150	0.02206	0.01344	0.01644	0.01125	0.00799	0.00755	0.00220	0.01298	0.00589	0.00413	0.01055
39	0.01967	0.01810	0.02935	0.25039	0.40760	0.01948	0.02320	0.08550	0.01976	0.02718	0.01542	0.02051	0.01231	0.00776	0.00807	0.00251	0.00994	0.00723	0.00430	0.01174
40	0.01627	0.04197	0.67279	0.02313	0.03512	0.01884	0.02998	0.02570	0.01713	0.02570	0.01456	0.01713	0.01028	0.00771	0.00771	0.00257	0.01199	0.00600	0.00343	0.01199
41	0.01361	0.00975	0.01215	0.01189	0.01406	0.00968	0.00890	0.01991	0.12240	0.05574	0.35417	0.21334	0.05889	0.01783	0.00957	0.00282	0.00476	0.04360	0.00846	0.00848
42	0.02695	0.02445	0.02033	0.01767	0.02246	0.25067	0.01373	0.09768	0.24410	0.12938	0.05139	0.02460	0.02016	0.01004	0.00796	0.00244	0.00951	0.00768	0.00712	0.01166
43	0.01245	0.00842	0.01171	0.01171	0.01327	0.00952	0.00906	0.01556	0.01401	0.02161	0.02288	0.03148	0.02041	0.04838	0.51832	0.01033	0.01738	0.00842	0.18777	0.00732
44	0.02008	0.01928	0.03294	0.04981	0.66422	0.01928	0.02490	0.02490	0.01848	0.02651	0.01526	0.02008	0.01285	0.00723	0.00803	0.00241	0.00964	0.00723	0.00402	0.01285
45	0.01627	0.04197	0.67279	0.02313	0.03512	0.01884	0.02998	0.02570	0.01713	0.02570	0.01456	0.01713	0.01028	0.00771	0.00771	0.00257	0.01199	0.00600	0.00343	0.01199
46	0.01186	0.00826	0.01084	0.01084	0.01165	0.00897	0.00752	0.01348	0.01267	0.01798	0.02373	0.04154	0.02454	0.35856	0.35443	0.01011	0.01447	0.01006	0.04229	0.00619
47	0.05418	0.00929	0.01145	0.01079	0.01331	0.00857	0.00805	0.01818	0.01995	0.13044	0.29562	0.18369	0.13817	0.04837	0.01068	0.00295	0.00484	0.01497	0.00826	0.00826
48	0.01411	0.01203	0.01263	0.01199	0.01543	0.01242	0.00929	0.02476	0.27542	0.02695	0.05990	0.05941	0.36618	0.01677	0.00914	0.00280	0.00525	0.04838	0.00783	0.00933
49	0.01017	0.00774	0.00922	0.00988	0.01139	0.00694	0.00693	0.01218	0.01774	0.02303	0.16880	0.33220	0.27240	0.05881	0.01159	0.00321	0.00450	0.01883	0.00765	0.00679
50	0.01180	0.00787	0.00885	0.00885	0.00885	0.00787	0.00492	0.01180	0.01180	0.01573	0.02557	0.05310	0.02950	0.71483	0.04130	0.00787	0.00787	0.01180	0.00492	0.00492
51	0.01154	0.00818	0.00989	0.01002	0.01202	0.00727	0.00730	0.01402	0.01929	0.05547	0.25151	0.24984	0.27351	0.02019	0.00973	0.00283	0.00432	0.01762	0.00809	0.00736
52	0.01056	0.00826	0.00957	0.00924	0.01156	0.00726	0.00693	0.01353	0.02079	0.02736	0.37838	0.06913	0.36135	0.01852	0.00958	0.00264	0.00397	0.01587	0.00825	0.00726
53	0.01700	0.01458	0.01691	0.01226	0.01933	0.01132	0.00979	0.02164	0.05054	0.02684	0.01541	0.01754	0.01270	0.00628	0.00613	0.00128	0.00603	0.00504	0.00499	0.72440
54	0.01207	0.00839	0.01073	0.01118	0.01193	0.00869	0.00796	0.01356	0.01372	0.01844	0.02901	0.05812	0.03180	0.41396	0.16421	0.00791	0.01059	0.15630	0.00542	0.00601
55	0.12567	0.24813	0.02790	0.01595	0.02209	0.08589	0.01377	0.24422	0.05477	0.06599	0.01638	0.01703	0.01257	0.00849	0.00670	0.00221	0.00880	0.00590	0.00595	0.01159
56	0.01967	0.01633	0.02686	0.03603	0.40842	0.01587	0.05194	0.02393	0.01905	0.09499	0.02897	0.03604	0.10450	0.01085	0.00866	0.00262	0.00859	0.06970	0.00550	0.01150
57	0.01139	0.00841	0.01113	0.01078	0.01268	0.00815	0.00824	0.01485	0.02033	0.02836	0.44756	0.05779	0.12160	0.02621	0.14630	0.00475	0.00764	0.03853	0.00780	0.00749
58	0.14992	0.08890	0.03005	0.09838	0.14270	0.05239	0.14221	0.12289	0.02091	0.05473	0.01552	0.01868	0.01191	0.00783	0.00755	0.00245	0.00994	0.00689	0.00500	0.01115
59	0.02041	0.32384	0.20354	0.02168	0.03021	0.02457	0.18310	0.02591	0.01772	0.05693	0.01458	0.01720	0.01139	0.00727	0.00716	0.00226	0.01076	0.00636	0.00397	0.01114
