[name]
unknown

[dist]
# distance from previous block
# <min> <max>
0	28

[block]
# block no. 0 follows, 22 sequences, length 87
# corresponding to MSA columns:
# 28-114
name=unknown_A
#
# <colnr> <probs for GDERKNQSTAVLIFYWHMCP>
#	G	D	E	R	K	N	Q	S	T	A	V	L	I	F	Y	W	H	M	C	P
0	0.02527	0.02885	0.02185	0.02056	0.05499	0.40321	0.04272	0.06059	0.02304	0.02486	0.07005	0.02865	0.05170	0.01073	0.00809	0.00236	0.01173	0.04263	0.05852	0.00960
1	0.02494	0.01917	0.09225	0.02312	0.15428	0.04818	0.01655	0.03142	0.08679	0.24979	0.13573	0.03106	0.02813	0.01062	0.00850	0.00257	0.00802	0.00905	0.00755	0.01228
2	0.01831	0.11765	0.38490	0.02941	0.20309	0.02053	0.02615	0.02519	0.01752	0.02515	0.01467	0.01820	0.01144	0.00863	0.00880	0.03744	0.01096	0.00633	0.00368	0.01192
3	0.01768	0.02848	0.30244	0.19691	0.24183	0.01923	0.02713	0.02479	0.01775	0.02532	0.01511	0.01966	0.01151	0.00784	0.00810	0.00261	0.01120	0.00686	0.00375	0.01181
4	0.02033	0.02112	0.07119	0.04937	0.61941	0.01971	0.02580	0.02554	0.01883	0.02709	0.01558	0.02038	0.01300	0.00743	0.00820	0.00248	0.01001	0.00733	0.00408	0.01311
5	0.02721	0.03853	0.15403	0.02446	0.08320	0.48470	0.01984	0.03111	0.02192	0.02214	0.01350	0.01599	0.01088	0.00832	0.00764	0.00227	0.01399	0.00569	0.00411	0.01048
6	0.05913	0.01870	0.11986	0.18204	0.03054	0.01606	0.01686	0.02751	0.14473	0.08492	0.13446	0.03010	0.02678	0.01039	0.00822	0.00259	0.00811	0.00872	0.00635	0.06393
7	0.01634	0.01365	0.06915	0.01463	0.05403	0.01150	0.01148	0.02302	0.10622	0.07850	0.14757	0.09188	0.12970	0.01431	0.00855	0.00262	0.00584	0.03297	0.15850	0.00954
8	0.01786	0.23583	0.02369	0.01402	0.01769	0.05188	0.01160	0.08252	0.01813	0.02309	0.02311	0.16091	0.02381	0.06752	0.18627	0.00563	0.01189	0.01031	0.00525	0.00899
9	0.02995	0.01847	0.02102	0.01656	0.02214	0.01939	0.01333	0.37883	0.03108	0.20687	0.02534	0.06282	0.01965	0.08097	0.01186	0.00312	0.00825	0.00905	0.00847	0.01282
10	0.01333	0.01046	0.01471	0.01377	0.01582	0.01183	0.01085	0.01631	0.01397	0.02091	0.02050	0.02929	0.01881	0.04805	0.49509	0.01033	0.08664	0.00821	0.04532	0.09581
11	0.01295	0.01622	0.15236	0.01241	0.01729	0.01008	0.01217	0.01707	0.01969	0.05527	0.16941	0.06070	0.37937	0.01694	0.00933	0.00272	0.00605	0.01417	0.00718	0.00864
12	0.02562	0.06277	0.03191	0.02989	0.15640	0.35068	0.14479	0.02935	0.02105	0.02296	0.01409	0.01770	0.01160	0.00817	0.00880	0.00239	0.04025	0.00672	0.00417	0.01070
13	0.01727	0.01757	0.05572	0.45824	0.24504	0.01890	0.02417	0.02279	0.01738	0.02331	0.01504	0.02145	0.01171	0.00800	0.00826	0.00267	0.01075	0.00733	0.00382	0.01060
14	0.01319	0.01070	0.01088	0.01030	0.01321	0.04207	0.00780	0.01678	0.04789	0.05585	0.23081	0.06719	0.40626	0.01836	0.00957	0.00271	0.00492	0.01544	0.00808	0.00797
15	0.02600	0.03035	0.02747	0.07991	0.26531	0.38149	0.02011	0.02943	0.02131	0.02296	0.01403	0.01759	0.01165	0.00811	0.00782	0.00231	0.01278	0.00627	0.00418	0.01093
16	0.01221	0.00830	0.00998	0.01050	0.01092	0.00827	0.00691	0.01308	0.01378	0.01824	0.03117	0.10837	0.03552	0.52118	0.03381	0.00687	0.00774	0.13174	0.00575	0.00568
17	0.02887	0.02065	0.02257	0.01746	0.02373	0.02208	0.01422	0.45785	0.07009	0.09018	0.02144	0.02261	0.01585	0.04418	0.00977	0.00266	0.00847	0.00761	0.00794	0.09175
18	0.02102	0.12504	0.31396	0.02103	0.02864	0.19452	0.02219	0.02653	0.01845	0.02292	0.01507	0.05103	0.01288	0.00958	0.00962	0.00253	0.08357	0.00671	0.00394	0.01075
19	0.01026	0.00822	0.00920	0.00964	0.01181	0.00716	0.00711	0.01249	0.01877	0.02343	0.13347	0.21428	0.43402	0.02179	0.01006	0.00296	0.00447	0.04594	0.00786	0.00707
20	0.01847	0.01594	0.01669	0.01519	0.01950	0.01791	0.01177	0.03763	0.51549	0.03226	0.04398	0.04089	0.15213	0.01324	0.00873	0.00282	0.00610	0.01104	0.00830	0.01191
21	0.61809	0.02082	0.01450	0.01304	0.01801	0.15118	0.01042	0.02619	0.01604	0.03385	0.01182	0.01380	0.00934	0.00788	0.00562	0.00248	0.00815	0.00467	0.00497	0.00912
22	0.02289	0.45464	0.03638	0.01701	0.02217	0.14134	0.01534	0.02529	0.01717	0.01977	0.01164	0.01461	0.01072	0.00889	0.01021	0.00222	0.15068	0.00518	0.00369	0.01016
23	0.24341	0.02949	0.28818	0.02003	0.05869	0.05820	0.02024	0.09030	0.01966	0.07714	0.01563	0.01735	0.01131	0.00824	0.00715	0.00256	0.00988	0.00597	0.00505	0.01152
24	0.02007	0.02179	0.18352	0.02239	0.06457	0.01545	0.13571	0.02525	0.01885	0.15335	0.02908	0.14576	0.06658	0.01263	0.00997	0.00284	0.04381	0.01131	0.00609	0.01099
25	0.01460	0.01212	0.01330	0.01309	0.01610	0.01276	0.00993	0.02549	0.27448	0.02741	0.05222	0.19634	0.22135	0.01824	0.00954	0.00301	0.00556	0.05691	0.00801	0.00953
26	0.17263	0.57223	0.03720	0.01355	0.02026	0.03000	0.01316	0.02478	0.01633	0.02313	0.01155	0.01336	0.01032	0.00723	0.00529	0.00194	0.00839	0.00445	0.00387	0.01032
27	0.02056	0.01974	0.03372	0.05099	0.65622	0.01974	0.02550	0.02550	0.01892	0.02714	0.01563	0.02056	0.01316	0.00740	0.00822	0.00247	0.00987	0.00740	0.00411	0.01316
28	0.01569	0.01477	0.02492	0.68808	0.05722	0.01846	0.02307	0.02123	0.01661	0.02123	0.01477	0.02215	0.01107	0.00831	0.00831	0.00277	0.01107	0.00738	0.00369	0.00923
29	0.01462	0.00936	0.01064	0.00980	0.01305	0.00800	0.00753	0.01721	0.02050	0.12854	0.17196	0.06849	0.45246	0.01860	0.00958	0.00273	0.00463	0.01561	0.00838	0.00831
30	0.01666	0.04297	0.66500	0.02368	0.03596	0.01929	0.03069	0.02631	0.01754	0.02631	0.01491	0.01754	0.01052	0.00789	0.00789	0.00263	0.01228	0.00614	0.00351	0.01228
31	0.01187	0.00890	0.01335	0.01335	0.01483	0.01038	0.01038	0.01483	0.01335	0.01928	0.02225	0.03264	0.02077	0.06231	0.67512	0.01335	0.02225	0.00890	0.00445	0.00742
32	0.01012	0.00723	0.00964	0.01157	0.01205	0.00675	0.00771	0.01157	0.01591	0.02121	0.04579	0.70262	0.05495	0.02603	0.01060	0.00337	0.00482	0.02362	0.00771	0.00675
33	0.01443	0.00722	0.01082	0.01082	0.01082	0.00722	0.00722	0.01082	0.01082	0.01443	0.01443	0.02525	0.01443	0.02886	0.03247	0.75830	0.00722	0.00722	0.00361	0.00361
34	0.03103	0.03959	0.02354	0.02140	0.02568	0.67469	0.01605	0.03317	0.02354	0.02033	0.01284	0.01498	0.01070	0.00856	0.00749	0.00214	0.01498	0.00535	0.00428	0.00963
35	0.01012	0.00723	0.00964	0.01157	0.01205	0.00675	0.00771	0.01157	0.01591	0.02121	0.04579	0.70262	0.05495	0.02603	0.01060	0.00337	0.00482	0.02362	0.00771	0.00675
36	0.03727	0.01414	0.01928	0.01478	0.02121	0.01221	0.01221	0.04049	0.02378	0.66198	0.03277	0.02828	0.02056	0.01028	0.00835	0.00257	0.00707	0.00835	0.01028	0.01414
37	0.01021	0.00754	0.00958	0.01117	0.01212	0.00691	0.00770	0.01187	0.01657	0.02158	0.05246	0.56752	0.15985	0.02502	0.01050	0.00329	0.00483	0.04673	0.00771	0.00683
38	0.02931	0.02141	0.02305	0.01805	0.02404	0.02358	0.01475	0.55650	0.03641	0.04915	0.02211	0.06896	0.01736	0.01110	0.00836	0.00253	0.00859	0.00864	0.04278	0.01331
39	0.02629	0.01968	0.02124	0.01761	0.02321	0.02199	0.01411	0.27390	0.35480	0.09183	0.02827	0.02643	0.02055	0.01068	0.00839	0.00267	0.00762	0.00856	0.00854	0.01361
40	0.01125	0.00847	0.01040	0.00992	0.01210	0.00762	0.00744	0.01469	0.02232	0.03047	0.50324	0.06674	0.22876	0.01805	0.00980	0.00266	0.00399	0.01568	0.00877	0.00762
41	0.01187	0.00890	0.01335	0.01335	0.01483	0.01038	0.01038	0.01483	0.01335	0.01928	0.02225	0.03264	0.02077	0.06231	0.67512	0.01335	0.02225	0.00890	0.00445	0.00742
42	0.05239	0.03115	0.40929	0.01848	0.02719	0.04311	0.02178	0.02238	0.01827	0.02599	0.06411	0.03502	0.17380	0.01164	0.00832	0.00265	0.00967	0.00931	0.00495	0.01047
43	0.03103	0.03959	0.02354	0.02140	0.02568	0.67469	0.01605	0.03317	0.02354	0.02033	0.01284	0.01498	0.01070	0.00856	0.00749	0.00214	0.01498	0.00535	0.00428	0.00963
44	0.02940	0.01360	0.01755	0.01425	0.01949	0.01271	0.01148	0.03607	0.12469	0.43240	0.15801	0.03554	0.03303	0.01180	0.00866	0.00262	0.00635	0.00987	0.00975	0.01270
45	0.02056	0.01974	0.03372	0.05099	0.65622	0.01974	0.02550	0.02550	0.01892	0.02714	0.01563	0.02056	0.01316	0.00740	0.00822	0.00247	0.00987	0.00740	0.00411	0.01316
46	0.01012	0.00723	0.00964	0.01157	0.01205	0.00675	0.00771	0.01157	0.01591	0.02121	0.04579	0.70262	0.05495	0.02603	0.01060	0.00337	0.00482	0.02362	0.00771	0.00675
47	0.03158	0.02327	0.02493	0.01911	0.02576	0.02576	0.01579	0.62852	0.03906	0.05236	0.01995	0.01995	0.01413	0.00997	0.00831	0.00249	0.00914	0.00748	0.00831	0.01413
48	0.01382	0.01005	0.01371	0.01539	0.01747	0.01022	0.01337	0.01881	0.05605	0.02545	0.04338	0.08999	0.04648	0.02226	0.01130	0.00377	0.00759	0.56523	0.00770	0.00798
49	0.02056	0.01974	0.03372	0.05099	0.65622	0.01974	0.02550	0.02550	0.01892	0.02714	0.01563	0.02056	0.01316	0.00740	0.00822	0.00247	0.00987	0.00740	0.00411	0.01316
50	0.01187	0.00890	0.01335	0.01335	0.01483	0.01038	0.01038	0.01483	0.01335	0.01928	0.02225	0.03264	0.02077	0.06231	0.67512	0.01335	0.02225	0.00890	0.00445	0.00742
51	0.01056	0.00844	0.00944	0.00919	0.01168	0.00733	0.00689	0.01336	0.02068	0.02659	0.30100	0.07311	0.43342	0.01949	0.00981	0.00273	0.00410	0.01657	0.00826	0.00733
52	0.02667	0.01856	0.02049	0.01708	0.02262	0.02039	0.01366	0.19627	0.36666	0.15830	0.02999	0.02759	0.02151	0.01074	0.00840	0.00269	0.00734	0.00870	0.00876	0.01359
53	0.01012	0.00723	0.00964	0.01157	0.01205	0.00675	0.00771	0.01157	0.01591	0.02121	0.04579	0.70262	0.05495	0.02603	0.01060	0.00337	0.00482	0.02362	0.00771	0.00675
54	0.00982	0.00842	0.00842	0.00842	0.01122	0.00701	0.00631	0.01192	0.01894	0.02244	0.08416	0.07995	0.65285	0.02104	0.00982	0.00281	0.00421	0.01753	0.00771	0.00701
55	0.02056	0.01974	0.03372	0.05099	0.65622	0.01974	0.02550	0.02550	0.01892	0.02714	0.01563	0.02056	0.01316	0.00740	0.00822	0.00247	0.00987	0.00740	0.00411	0.01316
56	0.02073	0.02037	0.03259	0.09479	0.58250	0.05202	0.02486	0.02557	0.01898	0.02638	0.01543	0.02040	0.01289	0.00752	0.00819	0.00247	0.01021	0.00730	0.00409	0.01271
57	0.00982	0.00842	0.00842	0.00842	0.01122	0.00701	0.00631	0.01192	0.01894	0.02244	0.08416	0.07995	0.65285	0.02104	0.00982	0.00281	0.00421	0.01753	0.00771	0.00701
58	0.02433	0.01779	0.01946	0.01679	0.02195	0.01983	0.01326	0.10055	0.48562	0.13488	0.03230	0.02949	0.02351	0.01099	0.00842	0.00275	0.00690	0.00904	0.00873	0.01340
59	0.02163	0.02195	0.03212	0.07393	0.55459	0.09934	0.02425	0.02625	0.01938	0.02607	0.01525	0.01995	0.01277	0.00758	0.00814	0.00244	0.01054	0.00715	0.00412	0.01257
60	0.03106	0.03876	0.02361	0.02129	0.02569	0.64166	0.01604	0.06348	0.02433	0.02196	0.01320	0.01523	0.01088	0.00863	0.00753	0.00216	0.01468	0.00546	0.00449	0.00986
61	0.02924	0.03205	0.02248	0.01989	0.02461	0.43636	0.01522	0.09829	0.15412	0.05936	0.01898	0.01952	0.01462	0.00936	0.00782	0.00234	0.01221	0.00657	0.00588	0.01107
62	0.01044	0.00753	0.00992	0.01144	0.01226	0.00701	0.00789	0.01231	0.01710	0.02290	0.12232	0.57299	0.08283	0.02458	0.01051	0.00327	0.00479	0.04509	0.00789	0.00693
63	0.01342	0.09263	0.01509	0.01266	0.01460	0.04500	0.00933	0.01673	0.06089	0.02191	0.04035	0.46892	0.07919	0.02337	0.04247	0.00354	0.00676	0.01834	0.00694	0.00786
64	0.01179	0.00793	0.00915	0.00943	0.00950	0.00786	0.00543	0.01201	0.01264	0.01686	0.02906	0.14956	0.03384	0.60789	0.03763	0.00737	0.00758	0.01377	0.00543	0.00529
65	0.02221	0.71304	0.04353	0.01421	0.02132	0.03287	0.01421	0.02488	0.01688	0.01955	0.01155	0.01333	0.01066	0.00711	0.00533	0.00178	0.00888	0.00444	0.00355	0.01066
66	0.02904	0.09401	0.02540	0.02084	0.02494	0.55753	0.01610	0.03119	0.02193	0.02023	0.01254	0.01515	0.01072	0.00902	0.00924	0.00226	0.08057	0.00546	0.00416	0.00966
67	0.01022	0.00843	0.00897	0.00884	0.01147	0.00718	0.00663	0.01270	0.01989	0.02470	0.20219	0.07623	0.53341	0.02020	0.00981	0.00277	0.00415	0.01701	0.00801	0.00718
68	0.01549	0.00774	0.00774	0.00774	0.00968	0.00774	0.00581	0.01936	0.01742	0.03097	0.02710	0.03097	0.02129	0.00968	0.00581	0.00194	0.00387	0.00774	0.75416	0.00774
69	0.01549	0.00774	0.00774	0.00774	0.00968	0.00774	0.00581	0.01936	0.01742	0.03097	0.02710	0.03097	0.02129	0.00968	0.00581	0.00194	0.00387	0.00774	0.75416	0.00774
70	0.01856	0.01888	0.02473	0.02136	0.02167	0.06010	0.01767	0.02045	0.01334	0.01998	0.01158	0.01873	0.01139	0.01662	0.05881	0.00404	0.62209	0.00725	0.00371	0.00903
71	0.01353	0.01135	0.01654	0.01558	0.01668	0.01436	0.01244	0.01620	0.01319	0.01947	0.01926	0.02882	0.01816	0.04970	0.50410	0.01079	0.19928	0.00847	0.00424	0.00786
72	0.01549	0.00774	0.00774	0.00774	0.00968	0.00774	0.00581	0.01936	0.01742	0.03097	0.02710	0.03097	0.02129	0.00968	0.00581	0.00194	0.00387	0.00774	0.75416	0.00774
73	0.03103	0.03959	0.02354	0.02140	0.02568	0.67469	0.01605	0.03317	0.02354	0.02033	0.01284	0.01498	0.01070	0.00856	0.00749	0.00214	0.01498	0.00535	0.00428	0.00963
74	0.01012	0.00723	0.00964	0.01157	0.01205	0.00675	0.00771	0.01157	0.01591	0.02121	0.04579	0.70262	0.05495	0.02603	0.01060	0.00337	0.00482	0.02362	0.00771	0.00675
75	0.00982	0.00842	0.00842	0.00842	0.01122	0.00701	0.00631	0.01192	0.01894	0.02244	0.08416	0.07995	0.65285	0.02104	0.00982	0.00281	0.00421	0.01753	0.00771	0.00701
76	0.01187	0.00890	0.01335	0.01335	0.01483	0.01038	0.01038	0.01483	0.01335	0.01928	0.02225	0.03264	0.02077	0.06231	0.67512	0.01335	0.02225	0.00890	0.00445	0.00742
77	0.00982	0.00842	0.00842	0.00842	0.01122	0.00701	0.00631	0.01192	0.01894	0.02244	0.08416	0.07995	0.65285	0.02104	0.00982	0.00281	0.00421	0.01753	0.00771	0.00701
78	0.01723	0.01477	0.01723	0.01230	0.01969	0.01107	0.00984	0.02092	0.01723	0.02707	0.01477	0.01723	0.01230	0.00615	0.00615	0.00123	0.00615	0.00492	0.00492	0.75883
79	0.01208	0.00805	0.00906	0.00906	0.00906	0.00805	0.00503	0.01208	0.01208	0.01611	0.02618	0.05436	0.03020	0.70804	0.04228	0.00805	0.00805	0.01208	0.00503	0.00503
80	0.01187	0.00890	0.01335	0.01335	0.01483	0.01038	0.01038	0.01483	0.01335	0.01928	0.02225	0.03264	0.02077	0.06231	0.67512	0.01335	0.02225	0.00890	0.00445	0.00742
81	0.03103	0.03959	0.02354	0.02140	0.02568	0.67469	0.01605	0.03317	0.02354	0.02033	0.01284	0.01498	0.01070	0.00856	0.00749	0.00214	0.01498	0.00535	0.00428	0.00963
82	0.01549	0.00774	0.00774	0.00774	0.00968	0.00774	0.00581	0.01936	0.01742	0.03097	0.02710	0.03097	0.02129	0.00968	0.00581	0.00194	0.00387	0.00774	0.75416	0.00774
83	0.01766	0.03682	0.49370	0.03000	0.16180	0.01950	0.07194	0.02617	0.01796	0.02650	0.01519	0.01850	0.01120	0.00773	0.00810	0.00261	0.01191	0.00665	0.00368	0.01238
84	0.01053	0.00856	0.00940	0.00953	0.01210	0.00744	0.00737	0.01311	0.01965	0.02436	0.16499	0.07887	0.49526	0.02065	0.01001	0.00290	0.00457	0.08556	0.00792	0.00721
85	0.02103	0.02006	0.02921	0.04043	0.45628	0.04767	0.02172	0.03091	0.18905	0.02893	0.02047	0.02317	0.01639	0.00851	0.00826	0.00255	0.00919	0.00786	0.00530	0.01301
86	0.01854	0.02461	0.16273	0.02917	0.09806	0.02229	0.20091	0.02381	0.01638	0.02398	0.01396	0.01955	0.01157	0.01022	0.01618	0.00306	0.28258	0.00780	0.00383	0.01079

[dist]
# distance from previous block
# <min> <max>
0	2

[block]
# block no. 1 follows, 22 sequences, length 32
# corresponding to MSA columns:
# 117-148
name=unknown_B
#
# <colnr> <probs for GDERKNQSTAVLIFYWHMCP>
#	G	D	E	R	K	N	Q	S	T	A	V	L	I	F	Y	W	H	M	C	P
0	0.13996	0.13635	0.11963	0.02033	0.02671	0.32019	0.07483	0.02896	0.01985	0.02428	0.01313	0.01558	0.01059	0.00797	0.00708	0.00229	0.01226	0.00562	0.00418	0.01022
1	0.02039	0.02022	0.03648	0.04811	0.54584	0.01997	0.13367	0.02570	0.01904	0.02704	0.01584	0.02089	0.01306	0.00733	0.00851	0.00253	0.01061	0.00783	0.00413	0.01281
2	0.16355	0.03536	0.02150	0.01951	0.02395	0.55652	0.01478	0.03160	0.02185	0.02338	0.01261	0.01471	0.01039	0.00841	0.00707	0.00222	0.01344	0.00520	0.00444	0.00952
3	0.02293	0.01602	0.02095	0.06403	0.13643	0.01668	0.01482	0.12778	0.13619	0.14508	0.11339	0.03388	0.05493	0.04700	0.01034	0.00289	0.00757	0.00968	0.00756	0.01182
4	0.01433	0.00930	0.01080	0.01043	0.01346	0.00809	0.00814	0.01687	0.01980	0.11556	0.10997	0.10993	0.41838	0.01971	0.00984	0.00291	0.00502	0.08114	0.00818	0.00815
5	0.01396	0.01179	0.01700	0.16982	0.02585	0.01281	0.04414	0.02086	0.12968	0.02517	0.09720	0.32369	0.03971	0.01737	0.00956	0.00303	0.00696	0.01571	0.00688	0.00882
6	0.01188	0.00885	0.01308	0.01308	0.01447	0.01024	0.01004	0.01466	0.01327	0.01908	0.02250	0.03402	0.02137	0.10335	0.63489	0.01301	0.02135	0.00910	0.00449	0.00727
7	0.01869	0.01823	0.03097	0.18497	0.23797	0.01921	0.15146	0.02739	0.13063	0.02679	0.02261	0.02637	0.04887	0.00895	0.00871	0.00269	0.01014	0.00882	0.00501	0.01151
8	0.01549	0.00774	0.00774	0.00774	0.00968	0.00774	0.00581	0.01936	0.01742	0.03097	0.02710	0.03097	0.02129	0.00968	0.00581	0.00194	0.00387	0.00774	0.75416	0.00774
9	0.01242	0.00944	0.01302	0.13135	0.04415	0.00993	0.00989	0.01406	0.01438	0.01909	0.03005	0.25578	0.03411	0.33752	0.02475	0.00540	0.00762	0.01478	0.00562	0.00665
10	0.01021	0.00727	0.00961	0.01145	0.01191	0.00681	0.00759	0.01159	0.01573	0.02097	0.04488	0.67273	0.05380	0.05748	0.01206	0.00359	0.00497	0.02308	0.00759	0.00667
11	0.01549	0.00774	0.00774	0.00774	0.00968	0.00774	0.00581	0.01936	0.01742	0.03097	0.02710	0.03097	0.02129	0.00968	0.00581	0.00194	0.00387	0.00774	0.75416	0.00774
12	0.02566	0.02929	0.02800	0.03485	0.31702	0.33813	0.02027	0.03019	0.05326	0.02422	0.01521	0.01839	0.01259	0.00816	0.00788	0.00233	0.01218	0.00651	0.00442	0.01144
13	0.01958	0.01932	0.02535	0.36448	0.07343	0.09373	0.02063	0.07349	0.01845	0.02375	0.01410	0.02013	0.01136	0.00993	0.01278	0.00287	0.17550	0.00714	0.00415	0.00985
14	0.02056	0.01974	0.03372	0.05099	0.65622	0.01974	0.02550	0.02550	0.01892	0.02714	0.01563	0.02056	0.01316	0.00740	0.00822	0.00247	0.00987	0.00740	0.00411	0.01316
15	0.01947	0.01862	0.03175	0.19376	0.52198	0.01945	0.02495	0.02454	0.01840	0.02581	0.01543	0.02092	0.01269	0.00760	0.00824	0.00253	0.01014	0.00740	0.00402	0.01228
16	0.01894	0.01867	0.03282	0.21291	0.35596	0.02010	0.10875	0.02404	0.01785	0.02487	0.01514	0.02102	0.01233	0.00823	0.01018	0.00270	0.07230	0.00772	0.00397	0.01149
17	0.01251	0.01124	0.01696	0.07483	0.02055	0.01106	0.09482	0.01555	0.01807	0.02333	0.11158	0.16671	0.28072	0.05329	0.01241	0.00319	0.04318	0.01551	0.00665	0.00784
18	0.02811	0.03346	0.02220	0.02013	0.02453	0.49009	0.01523	0.03627	0.19788	0.02440	0.01876	0.01950	0.01484	0.00933	0.00776	0.00233	0.01261	0.00649	0.00546	0.01062
19	0.01052	0.00797	0.00977	0.01110	0.01229	0.00742	0.00764	0.01309	0.04434	0.02208	0.05381	0.53395	0.18696	0.02426	0.01033	0.00322	0.00476	0.02163	0.00775	0.00709
20	0.01619	0.01624	0.03185	0.21771	0.03918	0.01658	0.29061	0.02110	0.01755	0.02335	0.02237	0.16944	0.02139	0.01246	0.01055	0.03646	0.01087	0.01197	0.00479	0.00933
21	0.02525	0.06445	0.02275	0.01913	0.02251	0.38601	0.01495	0.05393	0.02073	0.02231	0.01717	0.02049	0.03901	0.01363	0.05341	0.00313	0.13586	0.00662	0.04921	0.00942
22	0.01281	0.03850	0.01112	0.01019	0.01145	0.00895	0.00691	0.01443	0.01476	0.02128	0.03081	0.23968	0.03371	0.27300	0.05630	0.00517	0.00700	0.01387	0.14493	0.04514
23	0.06198	0.01987	0.02525	0.02681	0.20563	0.05606	0.04597	0.16212	0.06065	0.07354	0.02077	0.02250	0.03701	0.00873	0.00784	0.00230	0.00880	0.00739	0.00604	0.14073
24	0.02460	0.02702	0.03053	0.03532	0.29985	0.24955	0.08771	0.05546	0.06104	0.02627	0.01612	0.01945	0.01305	0.00812	0.00816	0.00241	0.01188	0.00708	0.00464	0.01175
25	0.02393	0.02620	0.03347	0.02879	0.09683	0.20246	0.21767	0.09398	0.02154	0.02660	0.01488	0.01913	0.01200	0.00916	0.01198	0.00270	0.13558	0.00761	0.00457	0.01092
26	0.05767	0.16564	0.02569	0.02349	0.19601	0.01877	0.01499	0.02531	0.08872	0.06594	0.16799	0.03288	0.06208	0.01087	0.00792	0.00242	0.00728	0.00917	0.00624	0.01092
27	0.02183	0.02245	0.02859	0.03926	0.43737	0.14481	0.02115	0.05002	0.02063	0.02633	0.02288	0.02606	0.08379	0.00925	0.00826	0.00244	0.01020	0.00814	0.00472	0.01184
28	0.02608	0.03080	0.02203	0.02221	0.09313	0.44293	0.01533	0.06402	0.02312	0.02338	0.02642	0.02760	0.12685	0.01076	0.00804	0.00232	0.01212	0.00790	0.00512	0.00982
29	0.02945	0.02367	0.02078	0.01763	0.02248	0.24034	0.01389	0.14910	0.02483	0.20755	0.02156	0.02289	0.01597	0.01901	0.12816	0.00435	0.01291	0.00726	0.00680	0.01139
30	0.01729	0.01697	0.08794	0.01414	0.01986	0.01304	0.01223	0.11530	0.02027	0.02896	0.02624	0.17073	0.05346	0.04798	0.00968	0.00248	0.00702	0.01048	0.00605	0.31990
31	0.01715	0.01822	0.08675	0.01496	0.01845	0.10144	0.01230	0.09836	0.02032	0.02627	0.06721	0.30751	0.03551	0.08586	0.01247	0.00332	0.00793	0.01451	0.00654	0.04493

[dist]
# distance from previous block
# <min> <max>
2	6

[block]
# block no. 2 follows, 22 sequences, length 33
# corresponding to MSA columns:
# 155-187
name=unknown_C
#
# <colnr> <probs for GDERKNQSTAVLIFYWHMCP>
#	G	D	E	R	K	N	Q	S	T	A	V	L	I	F	Y	W	H	M	C	P
0	0.06469	0.07906	0.03000	0.12085	0.31048	0.09741	0.06618	0.02466	0.01863	0.02503	0.01879	0.05091	0.04010	0.00898	0.00801	0.00249	0.01021	0.00803	0.00440	0.01109
1	0.02087	0.02172	0.02523	0.08731	0.28376	0.16905	0.01857	0.02461	0.01918	0.02438	0.01817	0.09590	0.01699	0.00965	0.00800	0.00232	0.00999	0.00836	0.00465	0.13129
2	0.01759	0.01312	0.01642	0.01439	0.01671	0.01471	0.01125	0.11569	0.02104	0.06655	0.18803	0.07592	0.08864	0.09536	0.06286	0.00421	0.14981	0.01171	0.00696	0.00902
3	0.01570	0.01322	0.01826	0.09801	0.02369	0.01282	0.06291	0.07950	0.03902	0.02680	0.03503	0.21561	0.10930	0.01525	0.00898	0.00265	0.00721	0.04617	0.00643	0.16343
4	0.02749	0.02369	0.02238	0.08533	0.02695	0.17228	0.01535	0.28205	0.07848	0.08231	0.08070	0.02455	0.02058	0.01028	0.00828	0.00248	0.00983	0.00792	0.00715	0.01191
5	0.02654	0.02916	0.02364	0.02256	0.09551	0.35014	0.01588	0.10901	0.02336	0.02678	0.01443	0.01687	0.01178	0.00836	0.00819	0.00209	0.03874	0.00585	0.00491	0.16619
6	0.01928	0.01637	0.02363	0.01848	0.02401	0.01554	0.13867	0.16798	0.02269	0.03155	0.02495	0.20668	0.02449	0.01271	0.00866	0.00245	0.00815	0.01168	0.00636	0.21567
7	0.08529	0.09892	0.08453	0.04921	0.02467	0.05976	0.01517	0.15177	0.16628	0.03303	0.02078	0.04844	0.01666	0.00958	0.00748	0.00238	0.00849	0.00742	0.00618	0.10397
8	0.02518	0.07662	0.02945	0.06550	0.16149	0.32065	0.08678	0.05808	0.02184	0.02415	0.01731	0.02032	0.03917	0.00863	0.00794	0.00234	0.01240	0.00697	0.00450	0.01071
9	0.01259	0.00832	0.01073	0.03815	0.01365	0.00783	0.00790	0.01357	0.01663	0.04671	0.11945	0.22365	0.19950	0.06464	0.01675	0.16547	0.00561	0.01550	0.00678	0.00656
10	0.32419	0.11041	0.02229	0.01883	0.07462	0.27805	0.01380	0.02800	0.01857	0.02761	0.01241	0.01466	0.01022	0.00795	0.00635	0.00230	0.01038	0.00507	0.00452	0.00980
11	0.01309	0.00915	0.01051	0.01051	0.01137	0.00916	0.00670	0.06407	0.01575	0.02085	0.03411	0.21874	0.07217	0.43378	0.02938	0.00608	0.00709	0.01497	0.00615	0.00636
12	0.01208	0.00805	0.00906	0.00906	0.00906	0.00805	0.00503	0.01208	0.01208	0.01611	0.02618	0.05436	0.03020	0.70804	0.04228	0.00805	0.00805	0.01208	0.00503	0.00503
13	0.01082	0.00823	0.01123	0.08757	0.01693	0.00816	0.00919	0.01272	0.01607	0.02107	0.04479	0.53820	0.10270	0.05662	0.01181	0.00348	0.00563	0.02068	0.00713	0.00697
14	0.00982	0.00842	0.00842	0.00842	0.01122	0.00701	0.00631	0.01192	0.01894	0.02244	0.08416	0.07995	0.65285	0.02104	0.00982	0.00281	0.00421	0.01753	0.00771	0.00701
15	0.03103	0.03959	0.02354	0.02140	0.02568	0.67469	0.01605	0.03317	0.02354	0.02033	0.01284	0.01498	0.01070	0.00856	0.00749	0.00214	0.01498	0.00535	0.00428	0.00963
16	0.01705	0.08943	0.62191	0.02302	0.03494	0.02023	0.02955	0.02621	0.01749	0.02584	0.01468	0.01725	0.01053	0.00784	0.00772	0.00257	0.01204	0.00602	0.00351	0.01217
17	0.00982	0.00842	0.00842	0.00842	0.01122	0.00701	0.00631	0.01192	0.01894	0.02244	0.08416	0.07995	0.65285	0.02104	0.00982	0.00281	0.00421	0.01753	0.00771	0.00701
18	0.02129	0.60201	0.14651	0.01578	0.02375	0.03062	0.01695	0.02511	0.01699	0.02067	0.01211	0.01402	0.01064	0.00724	0.00576	0.00192	0.00945	0.00472	0.00355	0.01093
19	0.02198	0.17098	0.28510	0.02533	0.12351	0.18803	0.02295	0.02764	0.01914	0.02358	0.01383	0.01651	0.01099	0.00783	0.00733	0.00231	0.01193	0.00579	0.00380	0.01142
20	0.01696	0.01677	0.01704	0.01597	0.01760	0.15065	0.01227	0.01920	0.01521	0.01925	0.01881	0.02906	0.01810	0.11959	0.34966	0.00872	0.13465	0.00826	0.00434	0.00788
21	0.11572	0.02739	0.31891	0.01812	0.02678	0.01597	0.02010	0.03000	0.01966	0.24063	0.06893	0.02402	0.01885	0.00936	0.00785	0.00260	0.00918	0.00735	0.00640	0.01216
22	0.00998	0.00842	0.00865	0.00859	0.01132	0.00708	0.00644	0.01224	0.01933	0.02337	0.13275	0.07842	0.60368	0.02069	0.00982	0.00279	0.00418	0.01732	0.00784	0.00708
23	0.05731	0.02068	0.03211	0.04739	0.58974	0.05651	0.02416	0.02588	0.01894	0.02725	0.01527	0.01990	0.01282	0.00748	0.00803	0.00245	0.00999	0.00715	0.00417	0.01276
24	0.01996	0.01903	0.03109	0.04387	0.52424	0.01932	0.02305	0.02446	0.01813	0.02644	0.01508	0.01996	0.01285	0.00795	0.00983	0.00244	0.07528	0.00711	0.00416	0.09575
25	0.02131	0.07157	0.20103	0.03669	0.35047	0.12583	0.02467	0.02691	0.01917	0.02536	0.01474	0.01841	0.01191	0.00770	0.00784	0.00242	0.01127	0.00655	0.00394	0.01220
26	0.02420	0.02454	0.02227	0.02093	0.06083	0.20450	0.01549	0.08666	0.30957	0.03009	0.02311	0.02351	0.01795	0.01054	0.01028	0.00267	0.08685	0.00774	0.00647	0.01179
27	0.02183	0.11120	0.06844	0.02029	0.09389	0.22495	0.01527	0.02543	0.02001	0.02437	0.07330	0.02242	0.03755	0.00873	0.00727	0.00200	0.00987	0.00666	0.00483	0.20168
28	0.26417	0.09893	0.01943	0.04184	0.02016	0.01900	0.01127	0.14743	0.02035	0.03330	0.01951	0.02319	0.05094	0.06790	0.00954	0.00273	0.00744	0.00672	0.00566	0.13049
29	0.01859	0.13211	0.10017	0.01675	0.02217	0.01725	0.08257	0.05855	0.04441	0.08397	0.08574	0.09674	0.13087	0.03420	0.01032	0.00280	0.03522	0.01116	0.00631	0.01010
30	0.02171	0.10393	0.05463	0.02342	0.07975	0.24094	0.14683	0.02548	0.02035	0.02285	0.02868	0.03046	0.14466	0.01053	0.00831	0.00243	0.01130	0.00894	0.00485	0.00995
31	0.08563	0.01945	0.02200	0.02362	0.16074	0.06478	0.01544	0.17810	0.15799	0.03589	0.09532	0.02929	0.05448	0.01073	0.00824	0.00257	0.00809	0.00882	0.00693	0.01190
32	0.18545	0.21491	0.13671	0.01703	0.02382	0.19071	0.01623	0.02848	0.01870	0.07907	0.01426	0.01578	0.01113	0.00802	0.00654	0.00226	0.01035	0.00531	0.00464	0.01061

[dist]
# distance from previous block
# <min> <max>
37	137

[block]
# block no. 3 follows, 22 sequences, length 27
# corresponding to MSA columns:
# 330-356
name=unknown_D
#
# <colnr> <probs for GDERKNQSTAVLIFYWHMCP>
#	G	D	E	R	K	N	Q	S	T	A	V	L	I	F	Y	W	H	M	C	P
0	0.02050	0.08989	0.05974	0.02080	0.11187	0.21611	0.01492	0.02569	0.08342	0.02368	0.03650	0.03665	0.20275	0.01219	0.00820	0.00245	0.00946	0.00963	0.00558	0.00998
1	0.09401	0.12460	0.11055	0.01978	0.06764	0.13426	0.04534	0.06190	0.01983	0.05441	0.01491	0.01707	0.01177	0.00762	0.00694	0.00207	0.00977	0.00575	0.00479	0.18700
2	0.02247	0.12579	0.08245	0.02233	0.05171	0.18905	0.12302	0.03151	0.16996	0.02636	0.05853	0.02326	0.01886	0.00916	0.00802	0.00245	0.01080	0.00772	0.00540	0.01115
3	0.02137	0.25876	0.33416	0.02016	0.02914	0.15657	0.02240	0.02724	0.01854	0.02291	0.01340	0.01566	0.01060	0.00777	0.00698	0.00226	0.01173	0.00543	0.00368	0.01122
4	0.09368	0.09473	0.33580	0.02091	0.02939	0.24037	0.02234	0.02831	0.01917	0.02479	0.01362	0.01595	0.01045	0.00803	0.00728	0.00239	0.01234	0.00558	0.00393	0.01094
5	0.01418	0.01408	0.05834	0.01661	0.06899	0.01099	0.04782	0.01779	0.01793	0.02465	0.04064	0.15132	0.18775	0.01505	0.00881	0.00251	0.00673	0.06868	0.00615	0.22097
6	0.01539	0.01453	0.01340	0.01292	0.01542	0.11632	0.00940	0.01935	0.07676	0.02200	0.03962	0.16128	0.16430	0.12134	0.10953	0.00496	0.00953	0.01308	0.00621	0.05463
7	0.02572	0.02981	0.02056	0.01855	0.02220	0.43161	0.01404	0.07700	0.02234	0.02281	0.02177	0.02569	0.07446	0.05954	0.06390	0.00357	0.04471	0.00750	0.00497	0.00926
8	0.01971	0.02322	0.09787	0.04009	0.27601	0.02037	0.34461	0.02616	0.01916	0.02679	0.01619	0.02127	0.01263	0.00723	0.00903	0.00266	0.01228	0.00856	0.00411	0.01204
9	0.02539	0.22560	0.06619	0.01964	0.07535	0.18528	0.01572	0.05040	0.04517	0.11109	0.05653	0.02076	0.01721	0.00881	0.00721	0.00218	0.00993	0.00653	0.00546	0.04557
10	0.02077	0.04707	0.01736	0.01489	0.01892	0.22981	0.01147	0.04852	0.12313	0.04710	0.04568	0.04415	0.27018	0.01405	0.00856	0.00253	0.00858	0.01103	0.00667	0.00952
11	0.01982	0.01120	0.01430	0.01282	0.01691	0.00974	0.01037	0.02292	0.02009	0.20850	0.07934	0.11688	0.14454	0.01629	0.00927	0.00276	0.00615	0.14387	0.00809	0.12614
12	0.01188	0.00841	0.01139	0.01165	0.01291	0.00909	0.00856	0.01425	0.01425	0.02040	0.03034	0.12967	0.06624	0.14255	0.38832	0.00948	0.01496	0.01179	0.07688	0.00699
13	0.01926	0.26112	0.25815	0.02222	0.03035	0.02502	0.12769	0.02499	0.01700	0.02320	0.01355	0.01707	0.01099	0.00841	0.01009	0.00251	0.10724	0.00637	0.00366	0.01110
14	0.02741	0.19606	0.02979	0.05035	0.08459	0.25203	0.01671	0.19279	0.02544	0.02957	0.01481	0.01676	0.01187	0.00847	0.00729	0.00221	0.01126	0.00599	0.00517	0.01142
15	0.01144	0.00861	0.01086	0.01206	0.01392	0.00803	0.00960	0.01417	0.01851	0.02363	0.08436	0.23053	0.23941	0.02281	0.01068	0.00335	0.00575	0.25728	0.00775	0.00725
16	0.02516	0.02576	0.08925	0.06401	0.26581	0.11587	0.02126	0.22890	0.02610	0.03426	0.01657	0.01934	0.01278	0.00852	0.00812	0.00246	0.01065	0.00701	0.00547	0.01270
17	0.09361	0.30419	0.02961	0.01841	0.07111	0.18268	0.01439	0.02514	0.01778	0.02199	0.01406	0.01770	0.01248	0.01721	0.12340	0.00402	0.01255	0.00568	0.00408	0.00988
18	0.01040	0.00735	0.00956	0.01121	0.01163	0.00693	0.00733	0.01164	0.01536	0.02048	0.04301	0.61077	0.05144	0.12266	0.01509	0.00404	0.00528	0.02198	0.00733	0.00650
19	0.01208	0.00805	0.00906	0.00906	0.00906	0.00805	0.00503	0.01208	0.01208	0.01611	0.02618	0.05436	0.03020	0.70804	0.04228	0.00805	0.00805	0.01208	0.00503	0.00503
20	0.01866	0.01661	0.02125	0.28659	0.03591	0.01978	0.01714	0.03494	0.39024	0.02932	0.02616	0.02744	0.01962	0.01008	0.00839	0.00280	0.00838	0.00858	0.00654	0.01157
21	0.00982	0.00842	0.00842	0.00842	0.01122	0.00701	0.00631	0.01192	0.01894	0.02244	0.08416	0.07995	0.65285	0.02104	0.00982	0.00281	0.00421	0.01753	0.00771	0.00701
22	0.02221	0.71304	0.04353	0.01421	0.02132	0.03287	0.01421	0.02488	0.01688	0.01955	0.01155	0.01333	0.01066	0.00711	0.00533	0.00178	0.00888	0.00444	0.00355	0.01066
23	0.01187	0.00890	0.01335	0.01335	0.01483	0.01038	0.01038	0.01483	0.01335	0.01928	0.02225	0.03264	0.02077	0.06231	0.67512	0.01335	0.02225	0.00890	0.00445	0.00742
24	0.76672	0.01607	0.01221	0.01092	0.01607	0.01864	0.00900	0.02442	0.01414	0.03727	0.01157	0.01350	0.00900	0.00771	0.00514	0.00257	0.00643	0.00450	0.00514	0.00900
25	0.13810	0.01612	0.01653	0.01631	0.05950	0.04749	0.01192	0.02925	0.25272	0.03030	0.03587	0.03898	0.13170	0.01247	0.00812	0.00265	0.00680	0.05616	0.00691	0.08211
26	0.02881	0.02842	0.02464	0.02147	0.04913	0.30834	0.05478	0.21958	0.02743	0.07121	0.01931	0.07262	0.01613	0.01036	0.00823	0.00243	0.01158	0.00802	0.00619	0.01134

[dist]
# distance from previous block
# <min> <max>
0	1

[block]
# block no. 4 follows, 22 sequences, length 6
# corresponding to MSA columns:
# 358-363
name=unknown_E
#
# <colnr> <probs for GDERKNQSTAVLIFYWHMCP>
#	G	D	E	R	K	N	Q	S	T	A	V	L	I	F	Y	W	H	M	C	P
0	0.01871	0.17444	0.02087	0.01276	0.01718	0.01789	0.01070	0.13269	0.07915	0.03136	0.14286	0.03982	0.15061	0.01277	0.00787	0.00237	0.00631	0.01026	0.10142	0.00995
1	0.02217	0.09017	0.02106	0.01656	0.05088	0.01966	0.01275	0.21854	0.15940	0.03601	0.02657	0.02761	0.04946	0.01372	0.05104	0.00310	0.00817	0.00821	0.15345	0.01146
2	0.01761	0.01464	0.01599	0.07943	0.02099	0.04041	0.01160	0.07068	0.24831	0.03026	0.11243	0.06542	0.09241	0.07606	0.01165	0.00317	0.00682	0.01109	0.06095	0.01006
3	0.12558	0.01842	0.10815	0.01994	0.05097	0.01476	0.15465	0.02341	0.01887	0.10762	0.07543	0.09505	0.12724	0.01239	0.00871	0.00274	0.00849	0.01117	0.00625	0.01015
4	0.02055	0.02007	0.02992	0.13612	0.44959	0.06187	0.02298	0.02773	0.09745	0.02681	0.01762	0.02175	0.01424	0.00809	0.00822	0.00253	0.00996	0.00752	0.00461	0.01237
5	0.19659	0.02224	0.02133	0.20024	0.06346	0.17285	0.01630	0.12629	0.02156	0.03068	0.01503	0.01841	0.01158	0.00852	0.00727	0.00248	0.01020	0.00627	0.03848	0.01022

[dist]
# distance from previous block
# <min> <max>
38	83

[block]
# block no. 5 follows, 22 sequences, length 19
# corresponding to MSA columns:
# 462-480
name=unknown_F
#
# <colnr> <probs for GDERKNQSTAVLIFYWHMCP>
#	G	D	E	R	K	N	Q	S	T	A	V	L	I	F	Y	W	H	M	C	P
0	0.02732	0.03321	0.07396	0.02790	0.15011	0.39115	0.05571	0.09408	0.02362	0.02587	0.01453	0.01723	0.01165	0.00834	0.00789	0.00232	0.01311	0.00630	0.00462	0.01108
1	0.02385	0.02844	0.09459	0.16827	0.18319	0.24855	0.02130	0.08612	0.02186	0.02589	0.01482	0.01857	0.01168	0.00830	0.00796	0.00244	0.01209	0.00656	0.00443	0.01110
2	0.02152	0.01907	0.02049	0.11484	0.07202	0.11265	0.01464	0.15731	0.02318	0.04968	0.02566	0.12925	0.06154	0.01196	0.00829	0.00244	0.00879	0.00993	0.00613	0.13062
3	0.02355	0.02529	0.02090	0.02159	0.11221	0.28902	0.01458	0.11833	0.02397	0.02688	0.03473	0.03513	0.19515	0.01218	0.00839	0.00243	0.01026	0.00946	0.00586	0.01009
4	0.02171	0.01746	0.07166	0.02321	0.16761	0.03721	0.01584	0.06994	0.04326	0.15723	0.19915	0.03444	0.03367	0.01469	0.05270	0.00326	0.00866	0.00974	0.00719	0.01136
5	0.01900	0.01724	0.02530	0.11506	0.09619	0.01757	0.10496	0.08103	0.10705	0.02866	0.02225	0.02589	0.04937	0.03250	0.01017	0.00258	0.04217	0.00814	0.00546	0.18941
6	0.02801	0.13456	0.06879	0.02273	0.07759	0.42698	0.01748	0.08437	0.02320	0.02404	0.01365	0.01581	0.01119	0.00834	0.00734	0.00218	0.01298	0.00563	0.00447	0.01065
7	0.01637	0.02172	0.18120	0.12555	0.25386	0.01625	0.02182	0.02191	0.01833	0.02571	0.07833	0.10022	0.06096	0.01131	0.00864	0.00268	0.00923	0.01010	0.00495	0.01086
8	0.24915	0.02501	0.06731	0.09149	0.08744	0.20047	0.01622	0.02958	0.10787	0.02874	0.01609	0.01832	0.01256	0.00850	0.00710	0.00250	0.01007	0.00615	0.00501	0.01044
9	0.02016	0.01983	0.03590	0.03294	0.19255	0.01895	0.28902	0.08710	0.02090	0.02912	0.01848	0.06593	0.01566	0.00856	0.00883	0.00252	0.01082	0.00923	0.00493	0.10858
10	0.16233	0.02849	0.02173	0.01874	0.02344	0.31121	0.01473	0.17642	0.05811	0.03195	0.01532	0.01704	0.01204	0.00937	0.00889	0.00246	0.06528	0.00609	0.00559	0.01076
11	0.12085	0.01090	0.01095	0.01040	0.01332	0.01100	0.00773	0.01908	0.11201	0.02683	0.12664	0.05705	0.30389	0.11810	0.01371	0.00352	0.00542	0.01332	0.00724	0.00804
12	0.02025	0.07144	0.02036	0.01405	0.02045	0.01630	0.01148	0.14557	0.07902	0.03295	0.08503	0.02349	0.02076	0.00862	0.00712	0.00182	0.00677	0.00688	0.00627	0.40139
13	0.02696	0.03240	0.02261	0.02157	0.05780	0.48447	0.01569	0.05066	0.02211	0.02188	0.01811	0.02088	0.05043	0.01361	0.05767	0.00313	0.05914	0.00666	0.00459	0.00963
14	0.01729	0.01511	0.01420	0.01381	0.01580	0.11722	0.00990	0.10433	0.01995	0.02489	0.05058	0.27872	0.03620	0.18772	0.01757	0.00420	0.00801	0.04995	0.00663	0.00794
15	0.30011	0.02132	0.01641	0.01452	0.01894	0.20360	0.01136	0.05056	0.02069	0.09308	0.14677	0.02566	0.02517	0.01021	0.00721	0.00245	0.00852	0.00741	0.00635	0.00964
16	0.02081	0.01981	0.01841	0.05695	0.02276	0.14244	0.01353	0.08701	0.25453	0.03001	0.05491	0.04121	0.10562	0.01330	0.00883	0.00277	0.00843	0.08077	0.00719	0.01071
17	0.13425	0.02814	0.02092	0.01840	0.02327	0.31311	0.01426	0.12705	0.18195	0.03141	0.01910	0.01962	0.01472	0.00935	0.00753	0.00243	0.01070	0.00659	0.00609	0.01113
18	0.02315	0.64144	0.04141	0.01498	0.02179	0.10111	0.01441	0.02576	0.01759	0.01963	0.01169	0.01350	0.01067	0.00726	0.00556	0.00182	0.00953	0.00454	0.00363	0.01055

[dist]
# distance from previous block
# <min> <max>
0	1

[block]
# block no. 6 follows, 22 sequences, length 10
# corresponding to MSA columns:
# 482-491
name=unknown_G
#
# <colnr> <probs for GDERKNQSTAVLIFYWHMCP>
#	G	D	E	R	K	N	Q	S	T	A	V	L	I	F	Y	W	H	M	C	P
0	0.17980	0.03484	0.02125	0.01928	0.02374	0.54203	0.01462	0.03140	0.02164	0.02376	0.01258	0.01468	0.01036	0.00839	0.00702	0.00223	0.01325	0.00518	0.00445	0.00950
1	0.01321	0.00987	0.01228	0.01113	0.01330	0.00947	0.00780	0.01498	0.01367	0.01963	0.02232	0.03906	0.02314	0.34637	0.22865	0.00810	0.01198	0.00944	0.00483	0.18077
2	0.01012	0.00723	0.00964	0.01157	0.01205	0.00675	0.00771	0.01157	0.01591	0.02121	0.04579	0.70262	0.05495	0.02603	0.01060	0.00337	0.00482	0.02362	0.00771	0.00675
3	0.02849	0.03586	0.02173	0.01985	0.02395	0.59466	0.01488	0.03063	0.02299	0.02058	0.02139	0.02277	0.08767	0.01006	0.00777	0.00222	0.01369	0.00681	0.00469	0.00932
4	0.01192	0.00799	0.00911	0.00927	0.00931	0.00795	0.00525	0.01204	0.01240	0.01653	0.02779	0.10780	0.03224	0.65182	0.03967	0.00767	0.00779	0.01303	0.00525	0.00518
5	0.03103	0.03959	0.02354	0.02140	0.02568	0.67469	0.01605	0.03317	0.02354	0.02033	0.01284	0.01498	0.01070	0.00856	0.00749	0.00214	0.01498	0.00535	0.00428	0.00963
6	0.01953	0.01865	0.03129	0.04690	0.59430	0.01852	0.02365	0.02419	0.01892	0.02669	0.02221	0.02626	0.07457	0.00871	0.00838	0.00250	0.00933	0.00837	0.00446	0.01257
7	0.02317	0.01875	0.02370	0.08422	0.07761	0.01895	0.04459	0.27782	0.02658	0.03688	0.01867	0.05351	0.01516	0.00910	0.00784	0.00219	0.00850	0.00760	0.00627	0.23888
8	0.02056	0.01974	0.03372	0.05099	0.65622	0.01974	0.02550	0.02550	0.01892	0.02714	0.01563	0.02056	0.01316	0.00740	0.00822	0.00247	0.00987	0.00740	0.00411	0.01316
9	0.02056	0.01974	0.03372	0.05099	0.65622	0.01974	0.02550	0.02550	0.01892	0.02714	0.01563	0.02056	0.01316	0.00740	0.00822	0.00247	0.00987	0.00740	0.00411	0.01316

[dist]
# distance from previous block
# <min> <max>
0	3

[block]
# block no. 7 follows, 22 sequences, length 8
# corresponding to MSA columns:
# 495-502
name=unknown_H
#
# <colnr> <probs for GDERKNQSTAVLIFYWHMCP>
#	G	D	E	R	K	N	Q	S	T	A	V	L	I	F	Y	W	H	M	C	P
0	0.16982	0.01712	0.02605	0.28258	0.30122	0.01903	0.02124	0.02367	0.01708	0.02697	0.01448	0.01973	0.01153	0.00780	0.00763	0.00260	0.00963	0.00681	0.00416	0.01084
1	0.02011	0.01928	0.03290	0.11031	0.60045	0.01962	0.02527	0.02510	0.01870	0.02659	0.01555	0.02071	0.01296	0.00749	0.00823	0.00250	0.00998	0.00740	0.00407	0.01279
2	0.02913	0.03198	0.02290	0.02005	0.02490	0.41303	0.01543	0.15852	0.14704	0.02977	0.01840	0.01913	0.01426	0.00938	0.00785	0.00235	0.01214	0.00658	0.00593	0.01125
3	0.00982	0.00842	0.00842	0.00842	0.01122	0.00701	0.00631	0.01192	0.01894	0.02244	0.08416	0.07995	0.65285	0.02104	0.00982	0.00281	0.00421	0.01753	0.00771	0.00701
4	0.01012	0.00723	0.00964	0.01157	0.01205	0.00675	0.00771	0.01157	0.01591	0.02121	0.04579	0.70262	0.05495	0.02603	0.01060	0.00337	0.00482	0.02362	0.00771	0.00675
5	0.10008	0.64014	0.04026	0.01387	0.02077	0.03138	0.01367	0.02483	0.01659	0.02140	0.01155	0.01334	0.01049	0.00717	0.00531	0.00186	0.00863	0.00445	0.00372	0.01049
6	0.00982	0.00842	0.00842	0.00842	0.01122	0.00701	0.00631	0.01192	0.01894	0.02244	0.08416	0.07995	0.65285	0.02104	0.00982	0.00281	0.00421	0.01753	0.00771	0.00701
7	0.01027	0.00735	0.00978	0.01146	0.01208	0.00685	0.00772	0.01195	0.01661	0.02233	0.10221	0.64298	0.05713	0.02518	0.01053	0.00330	0.00474	0.02282	0.00785	0.00685

[dist]
# distance from previous block
# <min> <max>
0	0

# created by:
# /home/cegg/simao/soft/augustus-3.2.1/scripts/msa2prfl.pl ./align_prep/11301.fa
