[name]
unknown

[dist]
# distance from previous block
# <min> <max>
0	0

[block]
# block no. 0 follows, 22 sequences, length 10
# corresponding to MSA columns:
# 0-9
name=unknown_A
#
# <colnr> <probs for GDERKNQSTAVLIFYWHMCP>
#	G	D	E	R	K	N	Q	S	T	A	V	L	I	F	Y	W	H	M	C	P
0	0.01339	0.00956	0.01339	0.01530	0.01721	0.00956	0.01339	0.01721	0.01912	0.02486	0.04399	0.09371	0.04781	0.02295	0.01147	0.00382	0.00765	0.60031	0.00765	0.00765
1	0.02157	0.63523	0.11570	0.01531	0.02302	0.03129	0.01613	0.02504	0.01696	0.02033	0.01194	0.01382	0.01065	0.00720	0.00563	0.00188	0.00928	0.00464	0.00355	0.01085
2	0.02448	0.16609	0.02486	0.01613	0.02161	0.12480	0.01341	0.25193	0.05915	0.03342	0.03106	0.03075	0.14527	0.01151	0.00788	0.00237	0.00885	0.00869	0.00657	0.01118
3	0.01208	0.00805	0.00906	0.00906	0.00906	0.00805	0.00503	0.01208	0.01208	0.01611	0.02618	0.05436	0.03020	0.70804	0.04228	0.00805	0.00805	0.01208	0.00503	0.00503
4	0.00982	0.00842	0.00842	0.00842	0.01122	0.00701	0.00631	0.01192	0.01894	0.02244	0.08416	0.07995	0.65285	0.02104	0.00982	0.00281	0.00421	0.01753	0.00771	0.00701
5	0.02405	0.57283	0.03937	0.01571	0.02223	0.16649	0.01460	0.02660	0.01827	0.01971	0.01182	0.01367	0.01067	0.00741	0.00578	0.00185	0.01015	0.00463	0.00370	0.01045
6	0.01962	0.33816	0.28670	0.02133	0.03066	0.02563	0.12134	0.02572	0.01759	0.02334	0.01372	0.01646	0.01093	0.00740	0.00707	0.00228	0.01105	0.00599	0.00364	0.01138
7	0.01666	0.04297	0.66500	0.02368	0.03596	0.01929	0.03069	0.02631	0.01754	0.02631	0.01491	0.01754	0.01052	0.00789	0.00789	0.00263	0.01228	0.00614	0.00351	0.01228
8	0.00988	0.00816	0.00868	0.00909	0.01140	0.00696	0.00661	0.01185	0.01829	0.02218	0.07593	0.21342	0.52469	0.02211	0.00999	0.00293	0.00434	0.01884	0.00771	0.00696
9	0.02895	0.03611	0.02223	0.02025	0.02446	0.58765	0.01522	0.03250	0.06392	0.02142	0.01892	0.02031	0.05396	0.00956	0.00771	0.00223	0.01372	0.00642	0.00478	0.00969

[dist]
# distance from previous block
# <min> <max>
0	1

[block]
# block no. 1 follows, 22 sequences, length 26
# corresponding to MSA columns:
# 11-36
name=unknown_B
#
# <colnr> <probs for GDERKNQSTAVLIFYWHMCP>
#	G	D	E	R	K	N	Q	S	T	A	V	L	I	F	Y	W	H	M	C	P
0	0.15363	0.01779	0.01900	0.04707	0.02229	0.01972	0.01302	0.32466	0.06552	0.04041	0.02473	0.16839	0.02268	0.01308	0.00827	0.00273	0.00766	0.01059	0.00742	0.01134
1	0.02509	0.01582	0.01772	0.01462	0.01971	0.01631	0.01174	0.19965	0.14923	0.18850	0.04022	0.03789	0.15755	0.01270	0.00853	0.00261	0.00674	0.01028	0.05308	0.01201
2	0.02252	0.63830	0.07242	0.01497	0.02230	0.03178	0.01511	0.06202	0.01827	0.02189	0.01223	0.01394	0.01087	0.00732	0.00564	0.00186	0.00906	0.00471	0.00384	0.01095
3	0.01666	0.04297	0.66500	0.02368	0.03596	0.01929	0.03069	0.02631	0.01754	0.02631	0.01491	0.01754	0.01052	0.00789	0.00789	0.00263	0.01228	0.00614	0.00351	0.01228
4	0.03103	0.03959	0.02354	0.02140	0.02568	0.67469	0.01605	0.03317	0.02354	0.02033	0.01284	0.01498	0.01070	0.00856	0.00749	0.00214	0.01498	0.00535	0.00428	0.00963
5	0.01666	0.04297	0.66500	0.02368	0.03596	0.01929	0.03069	0.02631	0.01754	0.02631	0.01491	0.01754	0.01052	0.00789	0.00789	0.00263	0.01228	0.00614	0.00351	0.01228
6	0.02408	0.01455	0.01793	0.01315	0.02021	0.01146	0.01065	0.02760	0.01946	0.24401	0.02092	0.02100	0.01513	0.00756	0.00690	0.00169	0.00647	0.00609	0.00675	0.50438
7	0.01131	0.00847	0.01048	0.00998	0.01213	0.00765	0.00748	0.01480	0.02245	0.03079	0.51988	0.06621	0.21192	0.01793	0.00980	0.00266	0.00399	0.01561	0.00881	0.00765
8	0.01012	0.00723	0.00964	0.01157	0.01205	0.00675	0.00771	0.01157	0.01591	0.02121	0.04579	0.70262	0.05495	0.02603	0.01060	0.00337	0.00482	0.02362	0.00771	0.00675
9	0.01006	0.00749	0.00937	0.01088	0.01187	0.00681	0.00741	0.01164	0.01657	0.02148	0.05415	0.56691	0.18526	0.02494	0.01043	0.00325	0.00469	0.02229	0.00771	0.00681
10	0.02009	0.34959	0.34104	0.01920	0.02862	0.06576	0.02225	0.02607	0.01761	0.02284	0.01324	0.01545	0.01060	0.00757	0.00669	0.00221	0.01089	0.00531	0.00358	0.01137
11	0.01002	0.00842	0.00870	0.00863	0.01135	0.00710	0.00647	0.01232	0.01942	0.02359	0.14394	0.07807	0.59235	0.02061	0.00982	0.00278	0.00418	0.01727	0.00787	0.00710
12	0.02406	0.30501	0.06585	0.02314	0.07876	0.15585	0.12220	0.08674	0.02107	0.02510	0.01403	0.01666	0.01155	0.00772	0.00718	0.00219	0.01124	0.00617	0.00432	0.01117
13	0.02221	0.71304	0.04353	0.01421	0.02132	0.03287	0.01421	0.02488	0.01688	0.01955	0.01155	0.01333	0.01066	0.00711	0.00533	0.00178	0.00888	0.00444	0.00355	0.01066
14	0.01010	0.00730	0.00957	0.01138	0.01200	0.00676	0.00763	0.01159	0.01608	0.02128	0.04804	0.66607	0.09004	0.02573	0.01056	0.00334	0.00478	0.02326	0.00771	0.00676
15	0.01031	0.00791	0.00932	0.01032	0.01183	0.00711	0.00730	0.01208	0.01712	0.02163	0.06046	0.36733	0.30202	0.06556	0.01227	0.00345	0.00493	0.05470	0.00754	0.00681
16	0.02526	0.10075	0.02744	0.02678	0.18191	0.24810	0.01758	0.05406	0.08480	0.05375	0.01670	0.01894	0.01348	0.00878	0.00876	0.00234	0.05281	0.00650	0.00501	0.04623
17	0.01615	0.01016	0.01228	0.01178	0.01363	0.01008	0.00820	0.05022	0.06803	0.09922	0.10867	0.23451	0.04078	0.25409	0.02077	0.00470	0.00645	0.01485	0.00736	0.00806
18	0.18319	0.01894	0.02903	0.04226	0.51670	0.01950	0.02190	0.02526	0.01787	0.02935	0.01474	0.01902	0.01225	0.00747	0.00755	0.00249	0.00912	0.00677	0.00434	0.01225
19	0.02033	0.11370	0.07944	0.09461	0.23979	0.11664	0.01914	0.02329	0.01739	0.02194	0.01429	0.01961	0.01229	0.01193	0.01252	0.15242	0.01029	0.00656	0.00387	0.00994
20	0.01883	0.01550	0.02287	0.15245	0.08048	0.01530	0.07518	0.09498	0.02145	0.05932	0.12807	0.05844	0.02611	0.01019	0.00830	0.00234	0.00817	0.00915	0.00606	0.18680
21	0.02078	0.02004	0.02413	0.02662	0.22299	0.09695	0.01638	0.05528	0.01940	0.02715	0.01484	0.01821	0.01239	0.00754	0.00834	0.00194	0.04944	0.00603	0.00468	0.34684
22	0.01985	0.10299	0.07946	0.02880	0.26226	0.07088	0.01839	0.02416	0.01830	0.02536	0.01586	0.04630	0.01393	0.00790	0.00727	0.00204	0.00904	0.00671	0.00440	0.23609
23	0.01958	0.01960	0.03596	0.14565	0.41932	0.01984	0.16660	0.02510	0.01872	0.02610	0.01577	0.02124	0.01271	0.00745	0.00861	0.00259	0.01103	0.00796	0.00407	0.01209
24	0.13689	0.01999	0.02510	0.25207	0.19798	0.08493	0.01973	0.11526	0.02089	0.02982	0.01508	0.01936	0.01171	0.00826	0.00772	0.00256	0.01014	0.00676	0.00478	0.01099
25	0.28624	0.01967	0.01940	0.05030	0.12313	0.09610	0.01409	0.09904	0.08404	0.03302	0.02300	0.02435	0.07605	0.00975	0.00724	0.00255	0.00832	0.00735	0.00579	0.01060

[dist]
# distance from previous block
# <min> <max>
6	111

[block]
# block no. 2 follows, 22 sequences, length 9
# corresponding to MSA columns:
# 157-165
name=unknown_C
#
# <colnr> <probs for GDERKNQSTAVLIFYWHMCP>
#	G	D	E	R	K	N	Q	S	T	A	V	L	I	F	Y	W	H	M	C	P
0	0.02623	0.15047	0.06202	0.02564	0.12284	0.16829	0.10468	0.12741	0.02336	0.08729	0.01671	0.01876	0.01281	0.00826	0.00778	0.00234	0.01115	0.00680	0.00529	0.01185
1	0.02352	0.22353	0.03055	0.02415	0.16319	0.07967	0.01674	0.17924	0.02309	0.02969	0.01625	0.01954	0.01356	0.01593	0.10273	0.00380	0.01160	0.00660	0.00509	0.01155
2	0.12462	0.01497	0.04336	0.01234	0.01624	0.07237	0.00994	0.02094	0.01914	0.10347	0.13945	0.10005	0.17077	0.06020	0.01065	0.00294	0.00662	0.01190	0.00703	0.05297
3	0.02727	0.02945	0.02231	0.01957	0.02370	0.37449	0.01519	0.16990	0.02490	0.02770	0.01594	0.01923	0.01317	0.01805	0.11815	0.00415	0.05477	0.00655	0.00522	0.01030
4	0.01725	0.02332	0.16369	0.01749	0.02154	0.13357	0.01614	0.02093	0.01609	0.02082	0.02050	0.02927	0.04359	0.12935	0.18714	0.00627	0.11168	0.00825	0.00432	0.00878
5	0.01334	0.00948	0.01262	0.01270	0.01405	0.01039	0.00925	0.01743	0.10301	0.02062	0.02685	0.15215	0.02700	0.09307	0.28293	0.15818	0.01278	0.01151	0.00548	0.00717
6	0.01519	0.01337	0.02094	0.13640	0.25968	0.01373	0.01636	0.01846	0.01688	0.02281	0.03020	0.18571	0.08420	0.11325	0.01380	0.00355	0.00814	0.01268	0.00533	0.00933
7	0.01544	0.01328	0.01709	0.11140	0.07310	0.01217	0.01245	0.04615	0.01892	0.02586	0.03784	0.04250	0.20567	0.01238	0.00820	0.00226	0.00682	0.05214	0.00586	0.28047
8	0.01958	0.02031	0.02922	0.03473	0.31707	0.11086	0.11826	0.02387	0.01974	0.02561	0.06534	0.08570	0.07130	0.01080	0.00881	0.00259	0.01001	0.01019	0.00508	0.01095

[dist]
# distance from previous block
# <min> <max>
4	29

[block]
# block no. 3 follows, 22 sequences, length 14
# corresponding to MSA columns:
# 195-208
name=unknown_D
#
# <colnr> <probs for GDERKNQSTAVLIFYWHMCP>
#	G	D	E	R	K	N	Q	S	T	A	V	L	I	F	Y	W	H	M	C	P
0	0.18224	0.17423	0.16749	0.12449	0.02999	0.14723	0.01850	0.02610	0.01767	0.02528	0.01306	0.01602	0.01035	0.00788	0.00674	0.00236	0.01062	0.00547	0.00405	0.01023
1	0.02070	0.30903	0.31078	0.01819	0.02719	0.02341	0.02084	0.02654	0.01825	0.08800	0.05224	0.01950	0.01552	0.00834	0.00701	0.00228	0.00990	0.00619	0.00454	0.01155
2	0.18958	0.13145	0.04479	0.01957	0.09022	0.08985	0.01494	0.09346	0.02089	0.16840	0.01774	0.01868	0.01311	0.00883	0.00802	0.00244	0.04421	0.00625	0.00602	0.01156
3	0.12332	0.33012	0.23331	0.01704	0.02526	0.02530	0.01860	0.02733	0.08346	0.02577	0.01500	0.01657	0.01196	0.00788	0.00645	0.00227	0.00937	0.00552	0.00428	0.01121
4	0.01800	0.01150	0.01497	0.01645	0.10214	0.01117	0.01024	0.04590	0.01728	0.09875	0.02614	0.04241	0.02497	0.29207	0.02174	0.00469	0.00743	0.05684	0.12540	0.05193
5	0.01179	0.10491	0.01433	0.01193	0.01333	0.01036	0.00861	0.01341	0.01604	0.02098	0.04105	0.60723	0.04882	0.02341	0.00987	0.00315	0.00538	0.02096	0.00714	0.00729
6	0.12162	0.06695	0.01439	0.01128	0.01506	0.01177	0.00890	0.02085	0.01852	0.16370	0.04896	0.18568	0.24783	0.01678	0.00866	0.00276	0.00564	0.01396	0.00759	0.00908
7	0.02557	0.02008	0.10986	0.01792	0.02337	0.01827	0.01622	0.14641	0.06604	0.21979	0.02294	0.02437	0.01675	0.01789	0.10431	0.00425	0.11907	0.00785	0.00696	0.01207
8	0.01950	0.07991	0.16489	0.03769	0.37470	0.02161	0.02451	0.02474	0.01748	0.02522	0.01440	0.01897	0.01205	0.00862	0.01096	0.00263	0.11927	0.00688	0.00387	0.01213
9	0.05540	0.12301	0.32288	0.12245	0.10001	0.02164	0.02445	0.02455	0.01680	0.02464	0.01394	0.01783	0.01086	0.00846	0.00946	0.00262	0.07983	0.00626	0.00370	0.01122
10	0.25080	0.09605	0.12780	0.05723	0.12815	0.02024	0.10195	0.02637	0.01738	0.07983	0.01532	0.01809	0.01161	0.00776	0.00715	0.00252	0.00949	0.00640	0.00476	0.01108
11	0.11599	0.14782	0.11306	0.01949	0.06752	0.23856	0.01625	0.02701	0.04343	0.02444	0.02237	0.02372	0.08878	0.00964	0.00725	0.00233	0.01049	0.00697	0.00472	0.01016
12	0.01933	0.02613	0.23508	0.02224	0.02984	0.01870	0.15203	0.14206	0.06557	0.03084	0.02383	0.09625	0.04033	0.04691	0.01056	0.00302	0.01036	0.00997	0.00561	0.01133
13	0.02291	0.02585	0.02608	0.26084	0.15709	0.28174	0.02044	0.02675	0.01960	0.02193	0.01394	0.01875	0.01131	0.00860	0.00906	0.00251	0.05191	0.00657	0.00400	0.01013

[dist]
# distance from previous block
# <min> <max>
2	7

[block]
# block no. 4 follows, 22 sequences, length 8
# corresponding to MSA columns:
# 216-223
name=unknown_E
#
# <colnr> <probs for GDERKNQSTAVLIFYWHMCP>
#	G	D	E	R	K	N	Q	S	T	A	V	L	I	F	Y	W	H	M	C	P
0	0.02603	0.02302	0.02182	0.02300	0.14131	0.23489	0.01506	0.06026	0.02159	0.14323	0.02433	0.02592	0.07315	0.01177	0.01043	0.07613	0.01006	0.00771	0.00587	0.04443
1	0.01981	0.01971	0.02841	0.27703	0.32977	0.08279	0.02277	0.02609	0.06534	0.02490	0.01641	0.02138	0.01308	0.00813	0.00820	0.00257	0.01055	0.00735	0.00430	0.01139
2	0.02255	0.02781	0.18966	0.09635	0.02997	0.13055	0.01936	0.20802	0.02476	0.03188	0.02070	0.12093	0.01836	0.01140	0.00840	0.00263	0.01053	0.00917	0.00575	0.01121
3	0.01974	0.01947	0.02844	0.10957	0.43183	0.08270	0.02174	0.02425	0.01926	0.02600	0.07726	0.02488	0.01944	0.01163	0.04590	0.00309	0.01062	0.00802	0.00459	0.01155
4	0.07038	0.01503	0.11083	0.01446	0.01780	0.01302	0.01318	0.01834	0.01462	0.02354	0.02028	0.02764	0.01772	0.03850	0.37504	0.00848	0.06513	0.00786	0.11973	0.00843
5	0.02217	0.11873	0.08699	0.01809	0.02292	0.10717	0.01602	0.17916	0.02215	0.02879	0.01680	0.02107	0.01409	0.02277	0.17582	0.00520	0.09940	0.00698	0.00511	0.01058
6	0.02367	0.01911	0.02325	0.02184	0.13336	0.01859	0.01501	0.26988	0.02644	0.03741	0.01703	0.01892	0.01320	0.00793	0.00740	0.00196	0.00802	0.00640	0.00616	0.32442
7	0.02178	0.09131	0.14402	0.03125	0.28000	0.02097	0.02130	0.14827	0.02241	0.03164	0.01664	0.01964	0.01309	0.00806	0.00764	0.00234	0.00949	0.00679	0.05078	0.05257

[dist]
# distance from previous block
# <min> <max>
6	9

[block]
# block no. 5 follows, 22 sequences, length 10
# corresponding to MSA columns:
# 233-242
name=unknown_F
#
# <colnr> <probs for GDERKNQSTAVLIFYWHMCP>
#	G	D	E	R	K	N	Q	S	T	A	V	L	I	F	Y	W	H	M	C	P
0	0.02087	0.02161	0.01839	0.05155	0.05306	0.23249	0.01289	0.08855	0.02094	0.02396	0.03114	0.03685	0.14749	0.12282	0.05350	0.00399	0.03590	0.00963	0.00550	0.00888
1	0.01118	0.00839	0.01097	0.01178	0.01340	0.00818	0.00898	0.01378	0.01746	0.02307	0.11581	0.24825	0.18075	0.03088	0.14777	0.00531	0.00869	0.12096	0.00719	0.00723
2	0.06521	0.01649	0.01600	0.09278	0.02127	0.14909	0.01227	0.02113	0.01673	0.02337	0.01935	0.02565	0.01655	0.02846	0.25033	0.00633	0.03999	0.00740	0.16327	0.00832
3	0.22903	0.01989	0.04742	0.01573	0.02141	0.02083	0.01318	0.31287	0.06514	0.06869	0.01948	0.02263	0.01518	0.08044	0.01090	0.00311	0.00818	0.00723	0.00699	0.01166
4	0.01648	0.01502	0.02365	0.21981	0.24478	0.01673	0.01861	0.02007	0.01621	0.02213	0.02143	0.03153	0.05647	0.15399	0.01732	0.00385	0.07902	0.00899	0.00436	0.00955
5	0.02083	0.01206	0.01752	0.02060	0.14799	0.01138	0.01306	0.02402	0.01925	0.20339	0.03366	0.23195	0.03220	0.01563	0.00905	0.00285	0.00670	0.07778	0.08972	0.01035
6	0.02076	0.02015	0.02934	0.04115	0.47219	0.06691	0.02201	0.02749	0.09031	0.02737	0.01922	0.02573	0.01648	0.00884	0.00831	0.00252	0.00958	0.04404	0.00487	0.04272
7	0.02674	0.02882	0.02193	0.10911	0.02790	0.36949	0.01561	0.14686	0.02493	0.02779	0.01904	0.02132	0.04214	0.00948	0.00772	0.00231	0.01184	0.00682	0.06995	0.01018
8	0.01246	0.00843	0.01145	0.01161	0.01293	0.00929	0.00866	0.01515	0.01424	0.02142	0.02568	0.09259	0.02486	0.11987	0.41520	0.00964	0.01553	0.01029	0.15354	0.00716
9	0.01307	0.01572	0.14671	0.01424	0.01790	0.01154	0.01336	0.01712	0.01476	0.02158	0.02523	0.03455	0.05690	0.11523	0.37063	0.00895	0.01598	0.00909	0.06929	0.00816

[dist]
# distance from previous block
# <min> <max>
1	3

[block]
# block no. 6 follows, 22 sequences, length 12
# corresponding to MSA columns:
# 246-257
name=unknown_G
#
# <colnr> <probs for GDERKNQSTAVLIFYWHMCP>
#	G	D	E	R	K	N	Q	S	T	A	V	L	I	F	Y	W	H	M	C	P
0	0.11270	0.01063	0.01108	0.01099	0.01404	0.01053	0.00865	0.01829	0.08874	0.02700	0.10772	0.08739	0.34073	0.01828	0.00931	0.00293	0.00527	0.10005	0.00756	0.00812
1	0.01151	0.00832	0.00963	0.00935	0.01115	0.00763	0.00664	0.01405	0.01928	0.02623	0.30458	0.06355	0.23552	0.16506	0.01645	0.00378	0.00488	0.01463	0.06077	0.00699
2	0.02426	0.27457	0.05929	0.02387	0.12859	0.24489	0.01778	0.02733	0.01907	0.02139	0.01273	0.01574	0.01111	0.00842	0.00884	0.00223	0.07974	0.00559	0.00390	0.01064
3	0.18627	0.01793	0.02561	0.12839	0.33993	0.01918	0.01965	0.07642	0.01928	0.03050	0.01850	0.02222	0.04493	0.00853	0.00764	0.00255	0.00892	0.00728	0.00483	0.01144
4	0.01173	0.00806	0.01077	0.01163	0.01269	0.00771	0.00847	0.01368	0.01777	0.02412	0.20846	0.29697	0.05418	0.08260	0.01536	0.07504	0.00558	0.12094	0.00748	0.00676
5	0.07571	0.02030	0.09142	0.09289	0.35524	0.01822	0.02172	0.02863	0.04772	0.13965	0.01905	0.02174	0.01429	0.00824	0.00801	0.00255	0.00932	0.00733	0.00538	0.01261
6	0.02681	0.19139	0.09006	0.02238	0.07669	0.41333	0.01779	0.03001	0.02108	0.02127	0.01297	0.01530	0.01087	0.00807	0.00710	0.00213	0.01292	0.00539	0.00403	0.01040
7	0.01488	0.01345	0.02024	0.02820	0.30405	0.01283	0.01527	0.01836	0.01903	0.02538	0.09739	0.10937	0.25856	0.01497	0.00917	0.00269	0.00681	0.01329	0.00620	0.00985
8	0.01173	0.00807	0.00989	0.01019	0.01052	0.00825	0.00638	0.01247	0.01290	0.01746	0.02861	0.15326	0.03250	0.48928	0.14585	0.00822	0.00998	0.01336	0.00536	0.00571
9	0.01884	0.01743	0.01747	0.01539	0.01946	0.07406	0.01205	0.05639	0.28793	0.02907	0.03951	0.03842	0.17333	0.01319	0.01036	0.00267	0.07554	0.01030	0.00709	0.08151
10	0.21886	0.02088	0.01779	0.07418	0.02241	0.18978	0.01298	0.07410	0.01894	0.02737	0.01888	0.13444	0.01839	0.01303	0.01040	0.04662	0.05785	0.00886	0.00530	0.00892
11	0.05486	0.08396	0.08785	0.09192	0.23535	0.16695	0.02081	0.02688	0.04029	0.02436	0.01450	0.01839	0.01198	0.00863	0.00957	0.00251	0.07940	0.00650	0.00416	0.01113

[dist]
# distance from previous block
# <min> <max>
6	11

[block]
# block no. 7 follows, 22 sequences, length 109
# corresponding to MSA columns:
# 269-377
name=unknown_H
#
# <colnr> <probs for GDERKNQSTAVLIFYWHMCP>
#	G	D	E	R	K	N	Q	S	T	A	V	L	I	F	Y	W	H	M	C	P
0	0.01303	0.00906	0.01111	0.01143	0.01230	0.00925	0.00798	0.04155	0.01525	0.02034	0.03112	0.12196	0.03467	0.41215	0.08682	0.00694	0.00895	0.13380	0.00593	0.00636
1	0.10620	0.06922	0.01696	0.01367	0.01665	0.01507	0.01098	0.09435	0.01693	0.02552	0.01997	0.02809	0.01809	0.07262	0.42766	0.00950	0.01697	0.00796	0.00497	0.00862
2	0.01237	0.00964	0.01432	0.01403	0.01539	0.01159	0.01101	0.01525	0.01330	0.01934	0.02134	0.03148	0.01998	0.05848	0.62329	0.01257	0.07590	0.00877	0.00439	0.00755
3	0.02543	0.02279	0.07734	0.02717	0.19222	0.02206	0.01885	0.32457	0.07927	0.04014	0.01911	0.02060	0.01435	0.00893	0.00809	0.00242	0.00913	0.00730	0.00656	0.07368
4	0.02720	0.28362	0.03133	0.04871	0.02553	0.25052	0.01563	0.17334	0.02451	0.02782	0.01417	0.01590	0.01153	0.00835	0.00693	0.00212	0.01114	0.00562	0.00496	0.01108
5	0.02418	0.14081	0.02628	0.01948	0.02289	0.31452	0.01572	0.02738	0.04752	0.02070	0.01385	0.01771	0.01224	0.01433	0.06582	0.00340	0.19316	0.00618	0.00420	0.00964
6	0.01402	0.01079	0.01203	0.01173	0.01373	0.01115	0.00823	0.04600	0.15466	0.02493	0.07854	0.18832	0.13852	0.22716	0.01944	0.00449	0.00622	0.01478	0.00718	0.00807
7	0.02878	0.02188	0.02476	0.01872	0.02557	0.02322	0.04140	0.50577	0.03474	0.04722	0.01899	0.01962	0.01377	0.00924	0.00803	0.00231	0.00888	0.00717	0.00759	0.13235
8	0.02363	0.16060	0.02398	0.01520	0.01995	0.02178	0.01235	0.31727	0.02653	0.03490	0.02121	0.06560	0.01969	0.18262	0.01621	0.00377	0.00858	0.00890	0.00649	0.01075
9	0.02060	0.51862	0.22385	0.01696	0.02557	0.02893	0.01900	0.02529	0.01707	0.02151	0.01252	0.01455	0.01062	0.00734	0.00607	0.00202	0.00987	0.00493	0.00354	0.01113
10	0.01238	0.00819	0.00980	0.00980	0.01029	0.00849	0.00619	0.01337	0.01287	0.01824	0.02547	0.04762	0.02740	0.50731	0.16673	0.00851	0.01051	0.01100	0.08003	0.00579
11	0.01087	0.00762	0.00935	0.01042	0.01084	0.00727	0.00659	0.01179	0.01459	0.01930	0.04034	0.41574	0.07908	0.29060	0.02286	0.00516	0.00604	0.01879	0.00667	0.00610
12	0.02402	0.02799	0.02556	0.02217	0.02444	0.31748	0.04227	0.02620	0.01788	0.02042	0.01202	0.01691	0.01088	0.01154	0.01764	0.00293	0.35976	0.00651	0.00395	0.00942
13	0.00993	0.00842	0.00857	0.00853	0.01129	0.00706	0.00640	0.01213	0.01919	0.02306	0.11619	0.07894	0.62043	0.02081	0.00982	0.00279	0.00419	0.01739	0.00780	0.00706
14	0.01012	0.00723	0.00964	0.01157	0.01205	0.00675	0.00771	0.01157	0.01591	0.02121	0.04579	0.70262	0.05495	0.02603	0.01060	0.00337	0.00482	0.02362	0.00771	0.00675
15	0.03727	0.01414	0.01928	0.01478	0.02121	0.01221	0.01221	0.04049	0.02378	0.66198	0.03277	0.02828	0.02056	0.01028	0.00835	0.00257	0.00707	0.00835	0.01028	0.01414
16	0.02909	0.03052	0.02298	0.01984	0.02488	0.35679	0.01539	0.20558	0.15301	0.03241	0.01912	0.01964	0.01465	0.00951	0.00792	0.00238	0.01161	0.00678	0.00628	0.01163
17	0.01569	0.01477	0.02492	0.68808	0.05722	0.01846	0.02307	0.02123	0.01661	0.02123	0.01477	0.02215	0.01107	0.00831	0.00831	0.00277	0.01107	0.00738	0.00369	0.00923
18	0.01012	0.00723	0.00964	0.01157	0.01205	0.00675	0.00771	0.01157	0.01591	0.02121	0.04579	0.70262	0.05495	0.02603	0.01060	0.00337	0.00482	0.02362	0.00771	0.00675
19	0.01187	0.00890	0.01335	0.01335	0.01483	0.01038	0.01038	0.01483	0.01335	0.01928	0.02225	0.03264	0.02077	0.06231	0.67512	0.01335	0.02225	0.00890	0.00445	0.00742
20	0.01187	0.00890	0.01335	0.01335	0.01483	0.01038	0.01038	0.01483	0.01335	0.01928	0.02225	0.03264	0.02077	0.06231	0.67512	0.01335	0.02225	0.00890	0.00445	0.00742
21	0.03158	0.02327	0.02493	0.01911	0.02576	0.02576	0.01579	0.62852	0.03906	0.05236	0.01995	0.01995	0.01413	0.00997	0.00831	0.00249	0.00914	0.00748	0.00831	0.01413
22	0.01877	0.01791	0.03049	0.28499	0.43621	0.01927	0.02461	0.02393	0.01807	0.02497	0.01531	0.02114	0.01239	0.00773	0.00825	0.00258	0.01031	0.00739	0.00396	0.01172
23	0.30238	0.01138	0.01027	0.00968	0.01326	0.01162	0.00757	0.01729	0.01774	0.02974	0.13797	0.05171	0.32140	0.01531	0.00801	0.00269	0.00502	0.01214	0.00693	0.00790
24	0.02142	0.01768	0.01881	0.01681	0.02158	0.02028	0.01311	0.04398	0.61294	0.06347	0.03376	0.03087	0.02514	0.01123	0.00845	0.00281	0.00660	0.00934	0.00854	0.01319
25	0.02022	0.01570	0.02060	0.02335	0.14895	0.01666	0.01594	0.08948	0.20399	0.06900	0.03218	0.04919	0.02920	0.01432	0.00943	0.00305	0.00790	0.21204	0.00739	0.01142
26	0.01217	0.00937	0.01428	0.06733	0.01823	0.01103	0.01140	0.01535	0.01361	0.01944	0.02165	0.03180	0.01999	0.05799	0.62177	0.01250	0.02136	0.00878	0.00439	0.00756
27	0.01031	0.00772	0.00963	0.01107	0.01225	0.00704	0.00781	0.01211	0.01693	0.02181	0.05533	0.49675	0.20528	0.02452	0.01047	0.00327	0.00489	0.06822	0.00771	0.00689
28	0.01187	0.00890	0.01335	0.01335	0.01483	0.01038	0.01038	0.01483	0.01335	0.01928	0.02225	0.03264	0.02077	0.06231	0.67512	0.01335	0.02225	0.00890	0.00445	0.00742
29	0.01196	0.00807	0.00903	0.00903	0.00918	0.00800	0.00510	0.01207	0.01245	0.01645	0.02929	0.05574	0.06366	0.67113	0.04054	0.00777	0.00785	0.01237	0.00518	0.00514
30	0.01125	0.00782	0.00943	0.01025	0.01068	0.00755	0.00649	0.01209	0.01426	0.01881	0.03792	0.30678	0.07761	0.37605	0.02687	0.00576	0.00656	0.04155	0.00633	0.00592
31	0.01176	0.00849	0.01110	0.01045	0.01241	0.00784	0.00784	0.01568	0.02352	0.03331	0.65184	0.06206	0.07839	0.01698	0.00980	0.00261	0.00392	0.01502	0.00914	0.00784
32	0.01072	0.00905	0.00937	0.00941	0.01213	0.00808	0.00700	0.01446	0.06842	0.02330	0.07628	0.13847	0.54270	0.02076	0.00979	0.00286	0.00446	0.01749	0.00777	0.00748
33	0.01042	0.00812	0.00935	0.00968	0.01160	0.00717	0.00695	0.01268	0.01893	0.02431	0.19913	0.22912	0.35104	0.04937	0.01133	0.00312	0.00445	0.01826	0.00792	0.00705
34	0.01026	0.00734	0.00977	0.01147	0.01208	0.00684	0.00772	0.01193	0.01657	0.02227	0.09895	0.64643	0.05700	0.02523	0.01053	0.00331	0.00474	0.02286	0.00784	0.00684
35	0.03103	0.03959	0.02354	0.02140	0.02568	0.67469	0.01605	0.03317	0.02354	0.02033	0.01284	0.01498	0.01070	0.00856	0.00749	0.00214	0.01498	0.00535	0.00428	0.00963
36	0.01020	0.00777	0.00939	0.01038	0.01181	0.00696	0.00725	0.01215	0.01779	0.02300	0.12744	0.42033	0.25891	0.02332	0.01025	0.00310	0.00451	0.02059	0.00788	0.00696
37	0.01328	0.00963	0.01119	0.01068	0.01214	0.00986	0.00732	0.06668	0.01612	0.02123	0.03677	0.05221	0.15506	0.37467	0.16073	0.00756	0.01023	0.01216	0.00575	0.00672
38	0.01069	0.00917	0.00925	0.00910	0.01205	0.00811	0.00686	0.01450	0.06872	0.02343	0.08013	0.07603	0.60265	0.02026	0.00971	0.00281	0.00440	0.01688	0.00777	0.00750
39	0.01012	0.00723	0.00964	0.01157	0.01205	0.00675	0.00771	0.01157	0.01591	0.02121	0.04579	0.70262	0.05495	0.02603	0.01060	0.00337	0.00482	0.02362	0.00771	0.00675
40	0.04189	0.00872	0.00971	0.00984	0.01212	0.00792	0.00739	0.01367	0.01911	0.02518	0.19620	0.12757	0.36272	0.05896	0.01166	0.00318	0.00479	0.06440	0.00777	0.00719
41	0.01538	0.01197	0.01547	0.01458	0.01716	0.01381	0.01142	0.07460	0.14270	0.02532	0.02439	0.03119	0.02112	0.04738	0.48168	0.01027	0.01793	0.00888	0.00560	0.00917
42	0.06138	0.01771	0.01841	0.01634	0.02108	0.02036	0.01280	0.08868	0.53032	0.03612	0.03120	0.02917	0.02339	0.01090	0.00814	0.00274	0.00665	0.00890	0.04297	0.01275
43	0.01752	0.00976	0.01150	0.01047	0.01352	0.00856	0.00774	0.01947	0.01868	0.19002	0.05662	0.11131	0.32101	0.14774	0.01560	0.00378	0.00574	0.01457	0.00789	0.00850
44	0.01405	0.00934	0.01073	0.01027	0.01125	0.00974	0.00671	0.06271	0.01510	0.02137	0.02527	0.04566	0.02649	0.47485	0.11968	0.00752	0.00950	0.01072	0.10258	0.00643
45	0.02125	0.01677	0.01800	0.01604	0.02074	0.01883	0.01252	0.04125	0.53727	0.08879	0.03775	0.03467	0.07514	0.01197	0.00855	0.00280	0.00643	0.00995	0.00855	0.01275
46	0.02323	0.02589	0.03345	0.06673	0.32105	0.21222	0.14419	0.02779	0.02031	0.02478	0.01501	0.01937	0.01223	0.00770	0.00833	0.00245	0.01226	0.00729	0.00416	0.01156
47	0.01220	0.00907	0.01172	0.01265	0.01479	0.00860	0.01055	0.01563	0.01998	0.02602	0.17875	0.08389	0.19928	0.02126	0.01073	0.00333	0.00606	0.33999	0.00797	0.00754
48	0.01149	0.00825	0.01103	0.01184	0.01325	0.00779	0.00892	0.01448	0.01984	0.02717	0.30710	0.30278	0.06362	0.02150	0.01043	0.00314	0.00500	0.13665	0.00832	0.00740
49	0.03140	0.02870	0.02447	0.01987	0.02574	0.24146	0.01588	0.43063	0.03390	0.04171	0.01758	0.01830	0.01299	0.00950	0.00804	0.00238	0.01108	0.00677	0.00697	0.01263
50	0.01709	0.01564	0.02551	0.03735	0.43476	0.01542	0.01952	0.02099	0.01827	0.02537	0.02899	0.17753	0.07504	0.01327	0.00902	0.00275	0.00821	0.03890	0.00535	0.01102
51	0.01202	0.00825	0.01007	0.01003	0.01045	0.00852	0.00630	0.01286	0.01302	0.01779	0.06271	0.05035	0.03114	0.53387	0.17062	0.00882	0.01073	0.01160	0.00516	0.00569
52	0.01265	0.00873	0.01116	0.01041	0.01266	0.00794	0.00786	0.01633	0.02301	0.05944	0.56052	0.06261	0.14102	0.01715	0.00974	0.00263	0.00409	0.01502	0.00903	0.00802
53	0.01176	0.00849	0.01110	0.01045	0.01241	0.00784	0.00784	0.01568	0.02352	0.03331	0.65184	0.06206	0.07839	0.01698	0.00980	0.00261	0.00392	0.01502	0.00914	0.00784
54	0.01430	0.00905	0.01020	0.01015	0.01246	0.00865	0.00750	0.01873	0.06827	0.06488	0.10083	0.19542	0.18769	0.01690	0.00857	0.00264	0.00458	0.01448	0.23655	0.00817
55	0.03091	0.01982	0.02213	0.01725	0.02332	0.02113	0.01414	0.44631	0.03369	0.17529	0.02411	0.05193	0.01763	0.01072	0.00828	0.00252	0.00823	0.00838	0.05078	0.01345
56	0.01666	0.04297	0.66500	0.02368	0.03596	0.01929	0.03069	0.02631	0.01754	0.02631	0.01491	0.01754	0.01052	0.00789	0.00789	0.00263	0.01228	0.00614	0.00351	0.01228
57	0.01047	0.00855	0.00937	0.00982	0.01233	0.00745	0.00765	0.01284	0.01880	0.02280	0.07484	0.11754	0.51136	0.02166	0.01016	0.00302	0.00486	0.12166	0.00770	0.00711
58	0.01208	0.00805	0.00906	0.00906	0.00906	0.00805	0.00503	0.01208	0.01208	0.01611	0.02618	0.05436	0.03020	0.70804	0.04228	0.00805	0.00805	0.01208	0.00503	0.00503
59	0.01160	0.00849	0.01089	0.01029	0.01232	0.00777	0.00772	0.01538	0.02315	0.03244	0.60642	0.06349	0.12434	0.01731	0.00980	0.00263	0.00394	0.01522	0.00903	0.00777
60	0.00982	0.00842	0.00842	0.00842	0.01122	0.00701	0.00631	0.01192	0.01894	0.02244	0.08416	0.07995	0.65285	0.02104	0.00982	0.00281	0.00421	0.01753	0.00771	0.00701
61	0.01066	0.00772	0.00921	0.01016	0.01097	0.00720	0.00661	0.01180	0.01535	0.01990	0.04755	0.37813	0.16840	0.23380	0.02014	0.00469	0.00569	0.01885	0.00689	0.00628
62	0.01339	0.00956	0.01339	0.01530	0.01721	0.00956	0.01339	0.01721	0.01912	0.02486	0.04399	0.09371	0.04781	0.02295	0.01147	0.00382	0.00765	0.60031	0.00765	0.00765
63	0.01140	0.00819	0.01055	0.01202	0.01287	0.00788	0.00819	0.04839	0.01729	0.02307	0.04425	0.66188	0.05251	0.02507	0.01047	0.00332	0.00508	0.02265	0.00775	0.00719
64	0.01138	0.00797	0.00979	0.01018	0.01090	0.00771	0.00662	0.01280	0.01583	0.02146	0.16364	0.23170	0.07250	0.32429	0.05195	0.00566	0.00675	0.01591	0.00670	0.00626
65	0.01056	0.00810	0.00950	0.01022	0.01190	0.00729	0.00736	0.01257	0.01781	0.02267	0.11355	0.27895	0.30930	0.07893	0.01287	0.00349	0.00497	0.06546	0.00761	0.00689
66	0.01666	0.04297	0.66500	0.02368	0.03596	0.01929	0.03069	0.02631	0.01754	0.02631	0.01491	0.01754	0.01052	0.00789	0.00789	0.00263	0.01228	0.00614	0.00351	0.01228
67	0.01109	0.00847	0.01018	0.00975	0.01200	0.00755	0.00731	0.01438	0.02193	0.02956	0.45568	0.06824	0.27689	0.01838	0.00981	0.00268	0.00402	0.01589	0.00865	0.00755
68	0.01439	0.00865	0.00953	0.00957	0.01094	0.00871	0.00657	0.05205	0.01688	0.02602	0.03019	0.17296	0.03022	0.21264	0.01735	0.00401	0.00557	0.01218	0.34440	0.00715
69	0.01012	0.00723	0.00964	0.01157	0.01205	0.00675	0.00771	0.01157	0.01591	0.02121	0.04579	0.70262	0.05495	0.02603	0.01060	0.00337	0.00482	0.02362	0.00771	0.00675
70	0.01569	0.01477	0.02492	0.68808	0.05722	0.01846	0.02307	0.02123	0.01661	0.02123	0.01477	0.02215	0.01107	0.00831	0.00831	0.00277	0.01107	0.00738	0.00369	0.00923
71	0.01012	0.00723	0.00964	0.01157	0.01205	0.00675	0.00771	0.01157	0.01591	0.02121	0.04579	0.70262	0.05495	0.02603	0.01060	0.00337	0.00482	0.02362	0.00771	0.00675
72	0.02127	0.01305	0.01565	0.01425	0.01808	0.01331	0.01105	0.03125	0.23766	0.19636	0.08834	0.17667	0.06483	0.01559	0.00920	0.00290	0.00608	0.04462	0.00876	0.01109
73	0.02066	0.01785	0.01878	0.01691	0.02160	0.02066	0.01315	0.04414	0.64121	0.03475	0.03381	0.03099	0.02536	0.01127	0.00845	0.00282	0.00657	0.00939	0.00845	0.01315
74	0.01871	0.02870	0.23758	0.03154	0.04113	0.02048	0.44380	0.02652	0.01897	0.02652	0.01623	0.02092	0.01197	0.00728	0.00922	0.00275	0.01348	0.00868	0.00399	0.01153
75	0.76672	0.01607	0.01221	0.01092	0.01607	0.01864	0.00900	0.02442	0.01414	0.03727	0.01157	0.01350	0.00900	0.00771	0.00514	0.00257	0.00643	0.00450	0.00514	0.00900
76	0.02323	0.01889	0.02366	0.27551	0.03698	0.02191	0.01804	0.27505	0.15440	0.03678	0.02081	0.02307	0.01527	0.00960	0.00834	0.00267	0.00936	0.00784	0.00657	0.01205
77	0.02696	0.02491	0.02458	0.20862	0.03463	0.18441	0.01791	0.30956	0.02888	0.03563	0.01672	0.01934	0.01242	0.00915	0.00811	0.00248	0.01113	0.00692	0.00601	0.01163
78	0.01187	0.00890	0.01335	0.01335	0.01483	0.01038	0.01038	0.01483	0.01335	0.01928	0.02225	0.03264	0.02077	0.06231	0.67512	0.01335	0.02225	0.00890	0.00445	0.00742
79	0.01208	0.00805	0.00906	0.00906	0.00906	0.00805	0.00503	0.01208	0.01208	0.01611	0.02618	0.05436	0.03020	0.70804	0.04228	0.00805	0.00805	0.01208	0.00503	0.00503
80	0.01353	0.01135	0.01654	0.01558	0.01668	0.01436	0.01244	0.01620	0.01319	0.01947	0.01926	0.02882	0.01816	0.04969	0.50406	0.01079	0.19932	0.00847	0.00424	0.00786
81	0.02314	0.02644	0.02471	0.02165	0.02331	0.27609	0.01736	0.02508	0.01690	0.02012	0.01165	0.01694	0.01083	0.01223	0.01963	0.00306	0.43114	0.00653	0.00388	0.00930
82	0.01197	0.00801	0.00909	0.00920	0.00923	0.00798	0.00518	0.01205	0.01230	0.01640	0.02728	0.09095	0.03160	0.66956	0.04050	0.00779	0.00787	0.01273	0.00518	0.00513
83	0.02080	0.54228	0.20191	0.01663	0.02505	0.02941	0.01841	0.02524	0.01705	0.02127	0.01241	0.01440	0.01063	0.00731	0.00598	0.00199	0.00975	0.00487	0.00354	0.01107
84	0.76672	0.01607	0.01221	0.01092	0.01607	0.01864	0.00900	0.02442	0.01414	0.03727	0.01157	0.01350	0.00900	0.00771	0.00514	0.00257	0.00643	0.00450	0.00514	0.00900
85	0.01012	0.00723	0.00964	0.01157	0.01205	0.00675	0.00771	0.01157	0.01591	0.02121	0.04579	0.70262	0.05495	0.02603	0.01060	0.00337	0.00482	0.02362	0.00771	0.00675
86	0.01208	0.00805	0.00906	0.00906	0.00906	0.00805	0.00503	0.01208	0.01208	0.01611	0.02618	0.05436	0.03020	0.70804	0.04228	0.00805	0.00805	0.01208	0.00503	0.00503
87	0.02221	0.71304	0.04353	0.01421	0.02132	0.03287	0.01421	0.02488	0.01688	0.01955	0.01155	0.01333	0.01066	0.00711	0.00533	0.00178	0.00888	0.00444	0.00355	0.01066
88	0.01176	0.00849	0.01110	0.01045	0.01241	0.00784	0.00784	0.01568	0.02352	0.03331	0.65184	0.06206	0.07839	0.01698	0.00980	0.00261	0.00392	0.01502	0.00914	0.00784
89	0.01769	0.01514	0.01602	0.01472	0.01875	0.01683	0.01134	0.03519	0.46553	0.03168	0.07019	0.06892	0.15475	0.01406	0.00887	0.00283	0.00592	0.01183	0.00830	0.01144
90	0.01137	0.00848	0.01056	0.01004	0.01217	0.00767	0.00753	0.01492	0.02259	0.03111	0.53692	0.06568	0.19467	0.01780	0.00980	0.00265	0.00398	0.01553	0.00886	0.00767
91	0.02291	0.01896	0.02005	0.01736	0.02246	0.02171	0.01369	0.16444	0.51726	0.03838	0.03096	0.02872	0.02305	0.01100	0.00842	0.00275	0.00710	0.00900	0.00842	0.01335
92	0.01447	0.01186	0.01247	0.01177	0.01455	0.01240	0.00854	0.02405	0.25052	0.02541	0.05023	0.05495	0.25591	0.19571	0.01773	0.00417	0.00609	0.01306	0.00730	0.00880
93	0.01258	0.00928	0.01226	0.01366	0.01576	0.00896	0.01168	0.01605	0.01929	0.02475	0.07998	0.08943	0.17376	0.02228	0.01106	0.00356	0.00677	0.45364	0.00773	0.00753
94	0.01549	0.00774	0.00774	0.00774	0.00968	0.00774	0.00581	0.01936	0.01742	0.03097	0.02710	0.03097	0.02129	0.00968	0.00581	0.00194	0.00387	0.00774	0.75416	0.00774
95	0.01148	0.00780	0.00924	0.00983	0.00998	0.00765	0.00586	0.01192	0.01326	0.01767	0.03220	0.25356	0.03781	0.49848	0.03255	0.00662	0.00706	0.01563	0.00586	0.00556
96	0.01023	0.00727	0.00961	0.01143	0.01189	0.00682	0.00757	0.01159	0.01570	0.02093	0.04473	0.66779	0.05362	0.06267	0.01231	0.00363	0.00499	0.02300	0.00757	0.00666
97	0.01012	0.00723	0.00964	0.01157	0.01205	0.00675	0.00771	0.01157	0.01591	0.02121	0.04579	0.70262	0.05495	0.02603	0.01060	0.00337	0.00482	0.02362	0.00771	0.00675
98	0.01012	0.00723	0.00964	0.01157	0.01205	0.00675	0.00771	0.01157	0.01591	0.02121	0.04579	0.70262	0.05495	0.02603	0.01060	0.00337	0.00482	0.02362	0.00771	0.00675
99	0.01002	0.00808	0.00893	0.00944	0.01153	0.00699	0.00680	0.01204	0.01834	0.02274	0.10707	0.25688	0.44765	0.02222	0.01004	0.00296	0.00437	0.01912	0.00780	0.00699
100	0.03147	0.02663	0.02465	0.01959	0.02575	0.15935	0.01584	0.50597	0.03586	0.04576	0.01848	0.01892	0.01342	0.00968	0.00814	0.00242	0.01034	0.00704	0.00748	0.01320
101	0.03158	0.02327	0.02493	0.01911	0.02576	0.02576	0.01579	0.62852	0.03906	0.05236	0.01995	0.01995	0.01413	0.00997	0.00831	0.00249	0.00914	0.00748	0.00831	0.01413
102	0.76672	0.01607	0.01221	0.01092	0.01607	0.01864	0.00900	0.02442	0.01414	0.03727	0.01157	0.01350	0.00900	0.00771	0.00514	0.00257	0.00643	0.00450	0.00514	0.00900
103	0.02221	0.71304	0.04353	0.01421	0.02132	0.03287	0.01421	0.02488	0.01688	0.01955	0.01155	0.01333	0.01066	0.00711	0.00533	0.00178	0.00888	0.00444	0.00355	0.01066
104	0.01051	0.00747	0.00945	0.01086	0.01138	0.00703	0.00708	0.01169	0.01530	0.02023	0.04404	0.53201	0.08553	0.16613	0.01708	0.00430	0.00545	0.02088	0.00716	0.00641
105	0.02056	0.01974	0.03372	0.05099	0.65622	0.01974	0.02550	0.02550	0.01892	0.02714	0.01563	0.02056	0.01316	0.00740	0.00822	0.00247	0.00987	0.00740	0.00411	0.01316
106	0.01105	0.00846	0.01013	0.00971	0.01198	0.00754	0.00729	0.01432	0.02186	0.02937	0.44603	0.06854	0.28666	0.01845	0.00981	0.00268	0.00402	0.01593	0.00863	0.00754
107	0.01208	0.00805	0.00906	0.00906	0.00906	0.00805	0.00503	0.01208	0.01208	0.01611	0.02618	0.05436	0.03020	0.70804	0.04228	0.00805	0.00805	0.01208	0.00503	0.00503
108	0.01362	0.01067	0.01307	0.01273	0.01413	0.04126	0.00934	0.03992	0.01451	0.01977	0.02284	0.03751	0.02273	0.24226	0.43597	0.01087	0.01732	0.00959	0.00477	0.00711

[dist]
# distance from previous block
# <min> <max>
0	1

[block]
# block no. 8 follows, 22 sequences, length 61
# corresponding to MSA columns:
# 379-439
name=unknown_I
#
# <colnr> <probs for GDERKNQSTAVLIFYWHMCP>
#	G	D	E	R	K	N	Q	S	T	A	V	L	I	F	Y	W	H	M	C	P
0	0.02237	0.02764	0.26301	0.02716	0.08372	0.01860	0.20017	0.02909	0.01937	0.16356	0.01919	0.02156	0.01353	0.00844	0.00953	0.00270	0.04501	0.00785	0.00523	0.01228
1	0.02767	0.17355	0.02636	0.01711	0.02298	0.17486	0.01418	0.17993	0.08107	0.11181	0.02162	0.02162	0.03914	0.00944	0.00745	0.00225	0.00962	0.00688	0.00643	0.04603
2	0.02390	0.14150	0.19869	0.02615	0.14866	0.16430	0.02140	0.12837	0.02260	0.02846	0.01491	0.01730	0.01169	0.00817	0.00753	0.00233	0.01133	0.00616	0.00460	0.01193
3	0.01347	0.01112	0.01224	0.01203	0.01511	0.01114	0.00948	0.02168	0.18434	0.02697	0.10791	0.06798	0.33606	0.01847	0.00974	0.00297	0.00541	0.11703	0.00801	0.00882
4	0.01681	0.00966	0.01244	0.01108	0.01408	0.00864	0.00854	0.02034	0.02295	0.16273	0.44644	0.05743	0.14378	0.01614	0.00950	0.00263	0.00461	0.01397	0.00919	0.00904
5	0.02056	0.01974	0.03372	0.05099	0.65622	0.01974	0.02550	0.02550	0.01892	0.02714	0.01563	0.02056	0.01316	0.00740	0.00822	0.00247	0.00987	0.00740	0.00411	0.01316
6	0.02008	0.01718	0.01835	0.01678	0.02125	0.01978	0.01317	0.04200	0.59160	0.03396	0.03462	0.03600	0.02715	0.01220	0.00869	0.00290	0.00666	0.05652	0.00839	0.01271
7	0.02391	0.02310	0.03061	0.04242	0.48450	0.14476	0.02262	0.02817	0.02019	0.07660	0.01646	0.02011	0.01328	0.00785	0.00809	0.00241	0.01063	0.00708	0.00464	0.01256
8	0.02676	0.03149	0.02769	0.03347	0.28292	0.40750	0.01990	0.03004	0.02165	0.02311	0.01398	0.01726	0.01170	0.00809	0.00779	0.00227	0.01290	0.00619	0.00421	0.01107
9	0.02334	0.02365	0.02895	0.08883	0.37234	0.15674	0.02150	0.08115	0.07110	0.02808	0.01681	0.02030	0.01354	0.00825	0.00810	0.00245	0.01070	0.00714	0.00483	0.01220
10	0.01666	0.04297	0.66500	0.02368	0.03596	0.01929	0.03069	0.02631	0.01754	0.02631	0.01491	0.01754	0.01052	0.00789	0.00789	0.00263	0.01228	0.00614	0.00351	0.01228
11	0.01105	0.00862	0.01013	0.01021	0.01259	0.00770	0.00796	0.01405	0.02053	0.02655	0.27211	0.07602	0.35952	0.01996	0.01008	0.00290	0.00466	0.10975	0.00819	0.00740
12	0.01666	0.04297	0.66500	0.02368	0.03596	0.01929	0.03069	0.02631	0.01754	0.02631	0.01491	0.01754	0.01052	0.00789	0.00789	0.00263	0.01228	0.00614	0.00351	0.01228
13	0.01666	0.04297	0.66500	0.02368	0.03596	0.01929	0.03069	0.02631	0.01754	0.02631	0.01491	0.01754	0.01052	0.00789	0.00789	0.00263	0.01228	0.00614	0.00351	0.01228
14	0.00999	0.00847	0.00866	0.00875	0.01151	0.00714	0.00666	0.01218	0.01894	0.02256	0.08219	0.08062	0.62329	0.02113	0.00990	0.00286	0.00438	0.04601	0.00771	0.00704
15	0.01013	0.00843	0.00885	0.00874	0.01141	0.00714	0.00656	0.01252	0.01967	0.02418	0.17483	0.07709	0.56110	0.02039	0.00982	0.00277	0.00416	0.01713	0.00794	0.00714
16	0.03158	0.02327	0.02493	0.01911	0.02576	0.02576	0.01579	0.62852	0.03906	0.05236	0.01995	0.01995	0.01413	0.00997	0.00831	0.00249	0.00914	0.00748	0.00831	0.01413
17	0.02017	0.02325	0.04777	0.03435	0.04255	0.05305	0.59615	0.02693	0.01980	0.02630	0.01661	0.02204	0.01251	0.00708	0.00969	0.00277	0.01405	0.00959	0.00421	0.01113
18	0.03071	0.02284	0.02444	0.01894	0.02543	0.02535	0.01558	0.58179	0.08721	0.05095	0.02105	0.02083	0.01503	0.01008	0.00832	0.00252	0.00894	0.00763	0.00832	0.01405
19	0.01012	0.00723	0.00964	0.01157	0.01205	0.00675	0.00771	0.01157	0.01591	0.02121	0.04579	0.70262	0.05495	0.02603	0.01060	0.00337	0.00482	0.02362	0.00771	0.00675
20	0.02066	0.01785	0.01878	0.01691	0.02160	0.02066	0.01315	0.04414	0.64121	0.03475	0.03381	0.03099	0.02536	0.01127	0.00845	0.00282	0.00657	0.00939	0.00845	0.01315
21	0.01147	0.00856	0.01071	0.01040	0.01254	0.00780	0.00795	0.01499	0.02217	0.03029	0.48052	0.06845	0.20011	0.01834	0.00994	0.00275	0.00428	0.06237	0.00872	0.00765
22	0.01028	0.00730	0.00959	0.01137	0.01181	0.00685	0.00750	0.01161	0.01560	0.02080	0.04422	0.65092	0.05297	0.08042	0.01313	0.00375	0.00508	0.02270	0.00750	0.00661
23	0.01569	0.01477	0.02492	0.68808	0.05722	0.01846	0.02307	0.02123	0.01661	0.02123	0.01477	0.02215	0.01107	0.00831	0.00831	0.00277	0.01107	0.00738	0.00369	0.00923
24	0.01208	0.00805	0.00906	0.00906	0.00906	0.00805	0.00503	0.01208	0.01208	0.01611	0.02618	0.05436	0.03020	0.70804	0.04228	0.00805	0.00805	0.01208	0.00503	0.00503
25	0.03158	0.02327	0.02493	0.01911	0.02576	0.02576	0.01579	0.62852	0.03906	0.05236	0.01995	0.01995	0.01413	0.00997	0.00831	0.00249	0.00914	0.00748	0.00831	0.01413
26	0.01156	0.00784	0.00921	0.00973	0.00985	0.00771	0.00574	0.01194	0.01309	0.01746	0.03137	0.22616	0.03676	0.52730	0.03389	0.00681	0.00720	0.01514	0.00574	0.00549
27	0.01949	0.02207	0.04714	0.03396	0.04169	0.02136	0.57757	0.02608	0.01906	0.02608	0.01634	0.02207	0.01247	0.00760	0.01120	0.00287	0.06814	0.00960	0.00416	0.01104
28	0.01055	0.00741	0.00951	0.01103	0.01140	0.00703	0.00713	0.01168	0.01508	0.02010	0.04155	0.56250	0.04960	0.17345	0.01745	0.00439	0.00552	0.02112	0.00713	0.00638
29	0.01208	0.00805	0.00906	0.00906	0.00906	0.00805	0.00503	0.01208	0.01208	0.01611	0.02618	0.05436	0.03020	0.70804	0.04228	0.00805	0.00805	0.01208	0.00503	0.00503
30	0.01569	0.01477	0.02492	0.68808	0.05722	0.01846	0.02307	0.02123	0.01661	0.02123	0.01477	0.02215	0.01107	0.00831	0.00831	0.00277	0.01107	0.00738	0.00369	0.00923
31	0.02066	0.01785	0.01878	0.01691	0.02160	0.02066	0.01315	0.04414	0.64121	0.03475	0.03381	0.03099	0.02536	0.01127	0.00845	0.00282	0.00657	0.00939	0.00845	0.01315
32	0.01004	0.00817	0.00889	0.00926	0.01149	0.00702	0.00674	0.01215	0.01865	0.02305	0.12129	0.21262	0.47814	0.02179	0.00999	0.00291	0.00432	0.01864	0.00783	0.00702
