[name]
unknown

[dist]
# distance from previous block
# <min> <max>
0	257

[block]
# block no. 0 follows, 20 sequences, length 16
# corresponding to MSA columns:
# 257-272
name=unknown_A
#
# <colnr> <probs for GDERKNQSTAVLIFYWHMCP>
#	G	D	E	R	K	N	Q	S	T	A	V	L	I	F	Y	W	H	M	C	P
0	0.01986	0.01823	0.02830	0.15945	0.34167	0.01955	0.02237	0.02894	0.14015	0.02867	0.02316	0.03209	0.01975	0.01046	0.00905	0.00287	0.00967	0.06778	0.00553	0.01243
1	0.09481	0.01110	0.01434	0.01762	0.10954	0.01082	0.01087	0.01671	0.01897	0.02754	0.14835	0.28879	0.15905	0.01956	0.00981	0.00305	0.00578	0.01719	0.00748	0.00863
2	0.01927	0.01444	0.01732	0.01530	0.01906	0.01510	0.01187	0.20625	0.02393	0.03295	0.02857	0.21132	0.02856	0.02998	0.18971	0.00588	0.01177	0.01270	0.00699	0.09902
3	0.05120	0.01839	0.01765	0.01564	0.01986	0.14124	0.01200	0.05485	0.02079	0.14397	0.02716	0.16697	0.02531	0.02210	0.11386	0.00442	0.01110	0.01098	0.00685	0.11565
4	0.01441	0.01190	0.01261	0.01215	0.01508	0.01218	0.00890	0.02355	0.21539	0.02667	0.05835	0.11794	0.29407	0.11966	0.01502	0.00383	0.00589	0.01534	0.00793	0.00913
5	0.01630	0.01213	0.01548	0.01418	0.01663	0.01224	0.03684	0.13353	0.02290	0.03108	0.16961	0.28405	0.04848	0.12662	0.01570	0.00393	0.00674	0.01680	0.00795	0.00882
6	0.01731	0.01072	0.01253	0.01161	0.01506	0.00973	0.00885	0.02177	0.07204	0.15009	0.12799	0.14829	0.32193	0.01920	0.00999	0.00296	0.00528	0.01633	0.00887	0.00946
7	0.01317	0.01051	0.01293	0.01250	0.01314	0.01168	0.00877	0.01423	0.01485	0.01988	0.03921	0.15955	0.14609	0.32000	0.02926	0.00567	0.14098	0.01477	0.00599	0.00683
8	0.01678	0.01217	0.01467	0.01461	0.01694	0.01252	0.01093	0.16587	0.02330	0.03107	0.04092	0.45189	0.04589	0.02265	0.01062	0.00336	0.00655	0.08184	0.00825	0.00917
9	0.01206	0.00819	0.00970	0.01031	0.01046	0.00804	0.00614	0.01252	0.01390	0.01853	0.03372	0.24805	0.03958	0.49175	0.03433	0.00697	0.00743	0.01635	0.00614	0.00583
10	0.01357	0.01042	0.01307	0.01270	0.01279	0.01185	0.00858	0.01424	0.01359	0.01875	0.02821	0.17004	0.03263	0.43042	0.03488	0.00659	0.14166	0.01399	0.00553	0.00648
11	0.01771	0.01010	0.01338	0.01188	0.01488	0.00915	0.00915	0.02167	0.02475	0.15704	0.51438	0.05806	0.07016	0.01642	0.00998	0.00273	0.00478	0.01437	0.00984	0.00955
12	0.01324	0.01077	0.01468	0.01889	0.13697	0.01023	0.01075	0.01530	0.01721	0.02255	0.04763	0.23614	0.19934	0.18517	0.01856	0.00439	0.00678	0.01669	0.00665	0.00807
13	0.01547	0.01053	0.01298	0.01230	0.01407	0.01147	0.00900	0.08119	0.01734	0.02520	0.02523	0.03940	0.02413	0.23995	0.28797	0.00900	0.01399	0.00998	0.13293	0.00787
14	0.02043	0.02728	0.19410	0.04434	0.41950	0.02075	0.09232	0.02712	0.01957	0.02821	0.01635	0.02099	0.01304	0.00786	0.00873	0.00267	0.01149	0.00771	0.00417	0.01335
15	0.02125	0.02161	0.02855	0.04002	0.41050	0.12553	0.02136	0.02520	0.02005	0.02605	0.02225	0.15388	0.02216	0.01189	0.00901	0.00272	0.01021	0.01082	0.00510	0.01185

[dist]
# distance from previous block
# <min> <max>
0	1

[block]
# block no. 1 follows, 20 sequences, length 20
# corresponding to MSA columns:
# 274-293
name=unknown_B
#
# <colnr> <probs for GDERKNQSTAVLIFYWHMCP>
#	G	D	E	R	K	N	Q	S	T	A	V	L	I	F	Y	W	H	M	C	P
0	0.01854	0.01507	0.01649	0.01621	0.05086	0.04790	0.01135	0.02796	0.20701	0.05630	0.06047	0.14745	0.06129	0.08932	0.01283	0.00335	0.00701	0.01237	0.04011	0.09812
1	0.01774	0.01767	0.01440	0.01408	0.01629	0.19039	0.01013	0.02018	0.02097	0.02553	0.19585	0.20240	0.07772	0.08363	0.01293	0.00333	0.00805	0.01457	0.04601	0.00814
2	0.01235	0.00892	0.01166	0.01097	0.01303	0.00823	0.00823	0.01646	0.02469	0.03498	0.63443	0.06516	0.08230	0.01783	0.01029	0.00274	0.00412	0.01578	0.00960	0.00823
3	0.02274	0.34072	0.15976	0.01949	0.02736	0.09760	0.05264	0.03093	0.12192	0.02518	0.01728	0.01878	0.01392	0.00853	0.00721	0.00234	0.01064	0.00634	0.00472	0.01189
4	0.24791	0.01428	0.01231	0.01115	0.01486	0.04804	0.00878	0.08319	0.01989	0.03628	0.02184	0.02476	0.01699	0.00949	0.00624	0.00231	0.00608	0.00691	0.39934	0.00933
5	0.01141	0.00888	0.01037	0.01000	0.01246	0.00783	0.00750	0.01466	0.02249	0.02976	0.38452	0.07376	0.33547	0.01978	0.01030	0.00284	0.00425	0.01698	0.00891	0.00783
6	0.01394	0.04467	0.01290	0.01111	0.01448	0.07844	0.00853	0.01737	0.04994	0.02442	0.10319	0.06998	0.48151	0.01930	0.00976	0.00281	0.00595	0.01586	0.00763	0.00819
7	0.02008	0.02603	0.14756	0.07573	0.19575	0.02126	0.32833	0.02726	0.01985	0.02770	0.01687	0.02215	0.01292	0.00770	0.00944	0.00282	0.01312	0.00885	0.00423	0.01236
8	0.02125	0.02038	0.03479	0.09502	0.60024	0.02064	0.02660	0.02647	0.01970	0.02808	0.01635	0.02170	0.01367	0.00784	0.00864	0.00261	0.01045	0.00777	0.00429	0.01354
9	0.02059	0.02353	0.05147	0.03676	0.04559	0.02206	0.60735	0.02794	0.02059	0.02794	0.01765	0.02353	0.01324	0.00735	0.01029	0.00294	0.01471	0.01029	0.00441	0.01176
10	0.07238	0.65299	0.04350	0.01469	0.02202	0.03351	0.01456	0.02609	0.01753	0.02177	0.01213	0.01400	0.01108	0.00751	0.00558	0.00192	0.00916	0.00467	0.00384	0.01108
11	0.01889	0.01040	0.01353	0.01190	0.01523	0.00930	0.00922	0.02262	0.02426	0.18770	0.42669	0.05815	0.12411	0.01650	0.00991	0.00275	0.00498	0.01428	0.00975	0.00981
12	0.01246	0.00935	0.01402	0.01402	0.01558	0.01090	0.01090	0.01558	0.01402	0.02025	0.02336	0.03427	0.02181	0.06542	0.65888	0.01402	0.02336	0.00935	0.00467	0.00779
13	0.01063	0.00759	0.01012	0.01215	0.01265	0.00709	0.00810	0.01215	0.01670	0.02227	0.04808	0.68775	0.05769	0.02733	0.01113	0.00354	0.00506	0.02480	0.00810	0.00709
14	0.02332	0.69869	0.04571	0.01493	0.02239	0.03451	0.01493	0.02612	0.01772	0.02052	0.01213	0.01399	0.01119	0.00746	0.00560	0.00187	0.00933	0.00466	0.00373	0.01119
15	0.02332	0.69869	0.04571	0.01493	0.02239	0.03451	0.01493	0.02612	0.01772	0.02052	0.01213	0.01399	0.01119	0.00746	0.00560	0.00187	0.00933	0.00466	0.00373	0.01119
16	0.01973	0.29579	0.41716	0.02105	0.03186	0.02573	0.02559	0.02705	0.01815	0.02490	0.01430	0.01672	0.01111	0.00797	0.00726	0.00242	0.01152	0.00576	0.00370	0.01224
17	0.01268	0.00846	0.00951	0.00951	0.00951	0.00846	0.00529	0.01268	0.01268	0.01691	0.02748	0.05708	0.03171	0.69345	0.04440	0.00846	0.00846	0.01268	0.00529	0.00529
18	0.02003	0.01913	0.03259	0.24214	0.46262	0.02032	0.02599	0.02540	0.01912	0.02660	0.01613	0.02210	0.01315	0.00806	0.00866	0.00269	0.01075	0.00777	0.00418	0.01256
19	0.03242	0.02406	0.02576	0.01992	0.02677	0.02670	0.01640	0.57338	0.07879	0.05377	0.02189	0.02170	0.01560	0.01056	0.00874	0.00264	0.00942	0.00798	0.00874	0.01477

[dist]
# distance from previous block
# <min> <max>
0	6

[block]
# block no. 2 follows, 20 sequences, length 74
# corresponding to MSA columns:
# 300-373
name=unknown_C
#
# <colnr> <probs for GDERKNQSTAVLIFYWHMCP>
#	G	D	E	R	K	N	Q	S	T	A	V	L	I	F	Y	W	H	M	C	P
0	0.03316	0.02443	0.02618	0.02007	0.02705	0.02705	0.01658	0.60995	0.04101	0.05497	0.02094	0.02094	0.01483	0.01047	0.00873	0.00262	0.00960	0.00785	0.00873	0.01483
1	0.03316	0.02443	0.02618	0.02007	0.02705	0.02705	0.01658	0.60995	0.04101	0.05497	0.02094	0.02094	0.01483	0.01047	0.00873	0.00262	0.00960	0.00785	0.00873	0.01483
2	0.01809	0.01550	0.01809	0.01292	0.02067	0.01163	0.01034	0.02196	0.01809	0.02842	0.01550	0.01809	0.01292	0.00646	0.00646	0.00129	0.00646	0.00517	0.00517	0.74677
3	0.03316	0.02443	0.02618	0.02007	0.02705	0.02705	0.01658	0.60995	0.04101	0.05497	0.02094	0.02094	0.01483	0.01047	0.00873	0.00262	0.00960	0.00785	0.00873	0.01483
4	0.03914	0.01484	0.02024	0.01552	0.02227	0.01282	0.01282	0.04251	0.02497	0.64507	0.03441	0.02969	0.02159	0.01080	0.00877	0.00270	0.00742	0.00877	0.01080	0.01484
5	0.03068	0.18670	0.03022	0.01968	0.02594	0.24137	0.01629	0.28080	0.03012	0.03566	0.01638	0.01757	0.01278	0.00927	0.00771	0.00232	0.01160	0.00636	0.00614	0.01240
6	0.01268	0.00846	0.00951	0.00951	0.00951	0.00846	0.00529	0.01268	0.01268	0.01691	0.02748	0.05708	0.03171	0.69345	0.04440	0.00846	0.00846	0.01268	0.00529	0.00529
7	0.01063	0.00759	0.01012	0.01215	0.01265	0.00709	0.00810	0.01215	0.01670	0.02227	0.04808	0.68775	0.05769	0.02733	0.01113	0.00354	0.00506	0.02480	0.00810	0.00709
8	0.03316	0.02443	0.02618	0.02007	0.02705	0.02705	0.01658	0.60995	0.04101	0.05497	0.02094	0.02094	0.01483	0.01047	0.00873	0.00262	0.00960	0.00785	0.00873	0.01483
9	0.01647	0.01550	0.02616	0.67248	0.06008	0.01938	0.02422	0.02229	0.01744	0.02229	0.01550	0.02326	0.01163	0.00872	0.00872	0.00291	0.01163	0.00775	0.00388	0.00969
10	0.01031	0.00884	0.00884	0.00884	0.01178	0.00736	0.00663	0.01252	0.01988	0.02356	0.08837	0.08395	0.63549	0.02209	0.01031	0.00295	0.00442	0.01841	0.00810	0.00736
11	0.01235	0.00892	0.01166	0.01097	0.01303	0.00823	0.00823	0.01646	0.02469	0.03498	0.63443	0.06516	0.08230	0.01783	0.01029	0.00274	0.00412	0.01578	0.00960	0.00823
12	0.01908	0.01908	0.02672	0.02290	0.02290	0.02672	0.01908	0.02099	0.01336	0.02099	0.01145	0.01908	0.01145	0.01527	0.02863	0.00382	0.67748	0.00763	0.00382	0.00954
13	0.03316	0.02443	0.02618	0.02007	0.02705	0.02705	0.01658	0.60995	0.04101	0.05497	0.02094	0.02094	0.01483	0.01047	0.00873	0.00262	0.00960	0.00785	0.00873	0.01483
14	0.02432	0.62783	0.04345	0.01574	0.02288	0.10180	0.01513	0.02706	0.01848	0.02061	0.01227	0.01418	0.01120	0.00763	0.00584	0.00191	0.01002	0.00477	0.00381	0.01108
15	0.02135	0.16636	0.42258	0.02241	0.03292	0.09920	0.02618	0.06399	0.02042	0.02722	0.01506	0.01742	0.01133	0.00835	0.00776	0.00252	0.01236	0.00610	0.00410	0.01236
16	0.03233	0.02198	0.02420	0.01897	0.02559	0.02390	0.01553	0.42946	0.12985	0.14772	0.02541	0.02418	0.01778	0.01074	0.00876	0.00268	0.00882	0.00832	0.00909	0.01467
17	0.01702	0.01607	0.02716	0.60573	0.12251	0.01952	0.02450	0.02277	0.01770	0.02296	0.01560	0.02308	0.01186	0.00862	0.00871	0.00287	0.01149	0.00775	0.00392	0.01013
18	0.01268	0.00846	0.00951	0.00951	0.00951	0.00846	0.00529	0.01268	0.01268	0.01691	0.02748	0.05708	0.03171	0.69345	0.04440	0.00846	0.00846	0.01268	0.00529	0.00529
19	0.02152	0.01470	0.01705	0.01505	0.01931	0.01555	0.01173	0.03546	0.31492	0.14132	0.24022	0.04321	0.04480	0.01371	0.00934	0.00284	0.00604	0.01170	0.00946	0.01208
20	0.02059	0.02353	0.05147	0.03676	0.04559	0.02206	0.60735	0.02794	0.02059	0.02794	0.01765	0.02353	0.01324	0.00735	0.01029	0.00294	0.01471	0.01029	0.00441	0.01176
21	0.01437	0.01207	0.01288	0.01212	0.01555	0.01218	0.00925	0.02422	0.21673	0.02982	0.16965	0.06386	0.33800	0.01799	0.00984	0.00291	0.00517	0.01516	0.00862	0.00961
22	0.02204	0.02264	0.03835	0.04787	0.46823	0.06022	0.15646	0.02753	0.02032	0.02793	0.01651	0.02166	0.01353	0.00775	0.00896	0.00265	0.01167	0.00821	0.00435	0.01313
23	0.03264	0.03999	0.02485	0.02225	0.02697	0.60008	0.01683	0.08798	0.02622	0.02446	0.01417	0.01621	0.01157	0.00913	0.00794	0.00228	0.01516	0.00582	0.00489	0.01055
24	0.02132	0.02045	0.03493	0.08561	0.60903	0.02066	0.02664	0.02654	0.01974	0.02818	0.01636	0.02168	0.01370	0.00782	0.00864	0.00261	0.01043	0.00777	0.00429	0.01360
25	0.01934	0.01442	0.01555	0.01402	0.01839	0.01507	0.01090	0.03273	0.31744	0.10379	0.05594	0.05220	0.26289	0.01570	0.00942	0.00292	0.00600	0.01306	0.00880	0.01142
26	0.02332	0.69869	0.04571	0.01493	0.02239	0.03451	0.01493	0.02612	0.01772	0.02052	0.01213	0.01399	0.01119	0.00746	0.00560	0.00187	0.00933	0.00466	0.00373	0.01119
27	0.01031	0.00884	0.00884	0.00884	0.01178	0.00736	0.00663	0.01252	0.01988	0.02356	0.08837	0.08395	0.63549	0.02209	0.01031	0.00295	0.00442	0.01841	0.00810	0.00736
28	0.01461	0.00758	0.01122	0.01146	0.01152	0.00752	0.00764	0.01146	0.01200	0.01600	0.01906	0.10510	0.02021	0.02995	0.03136	0.65795	0.00728	0.00962	0.00430	0.00418
29	0.07809	0.02922	0.02490	0.02027	0.02639	0.22029	0.01622	0.39698	0.03438	0.04367	0.01810	0.01892	0.01339	0.00987	0.00825	0.00251	0.01130	0.00697	0.00722	0.01305
30	0.02131	0.02044	0.03490	0.08712	0.60762	0.02065	0.02663	0.02653	0.01973	0.02816	0.01636	0.02168	0.01370	0.00782	0.00864	0.00261	0.01043	0.00777	0.00429	0.01359
31	0.02170	0.01874	0.01972	0.01775	0.02268	0.02170	0.01381	0.04635	0.62327	0.03649	0.03550	0.03254	0.02663	0.01183	0.00888	0.00296	0.00690	0.00986	0.00888	0.01381
32	0.01157	0.00889	0.01058	0.01016	0.01255	0.00790	0.00762	0.01496	0.02286	0.03062	0.42603	0.07233	0.29342	0.01946	0.01030	0.00282	0.00423	0.01678	0.00903	0.00790
33	0.02332	0.69869	0.04571	0.01493	0.02239	0.03451	0.01493	0.02612	0.01772	0.02052	0.01213	0.01399	0.01119	0.00746	0.00560	0.00187	0.00933	0.00466	0.00373	0.01119
34	0.02159	0.02073	0.03541	0.05354	0.63903	0.02073	0.02677	0.02677	0.01986	0.02850	0.01641	0.02159	0.01382	0.00777	0.00864	0.00259	0.01036	0.00777	0.00432	0.01382
35	0.03746	0.01447	0.01971	0.01524	0.02169	0.01253	0.01253	0.04088	0.02495	0.60695	0.07191	0.03191	0.02539	0.01124	0.00887	0.00270	0.00722	0.00921	0.01072	0.01443
36	0.01246	0.00935	0.01402	0.01402	0.01558	0.01090	0.01090	0.01558	0.01402	0.02025	0.02336	0.03427	0.02181	0.06542	0.65888	0.01402	0.02336	0.00935	0.00467	0.00779
37	0.03455	0.02221	0.02480	0.01901	0.02594	0.02375	0.01571	0.47824	0.03729	0.19194	0.02407	0.02297	0.01640	0.01055	0.00874	0.00264	0.00909	0.00807	0.00921	0.01484
38	0.01031	0.00884	0.00884	0.00884	0.01178	0.00736	0.00663	0.01252	0.01988	0.02356	0.08837	0.08395	0.63549	0.02209	0.01031	0.00295	0.00442	0.01841	0.00810	0.00736
39	0.03258	0.04157	0.02472	0.02247	0.02697	0.65843	0.01685	0.03483	0.02472	0.02135	0.01348	0.01573	0.01124	0.00899	0.00787	0.00225	0.01573	0.00562	0.00449	0.01011
40	0.02059	0.02353	0.05147	0.03676	0.04559	0.02206	0.60735	0.02794	0.02059	0.02794	0.01765	0.02353	0.01324	0.00735	0.01029	0.00294	0.01471	0.01029	0.00441	0.01176
41	0.01233	0.00878	0.01091	0.01045	0.01199	0.00825	0.00733	0.01520	0.02111	0.02937	0.43693	0.06395	0.09855	0.20470	0.01971	0.00433	0.00533	0.01507	0.00833	0.00737
42	0.03316	0.02443	0.02618	0.02007	0.02705	0.02705	0.01658	0.60995	0.04101	0.05497	0.02094	0.02094	0.01483	0.01047	0.00873	0.00262	0.00960	0.00785	0.00873	0.01483
43	0.03281	0.03493	0.02528	0.02154	0.02700	0.41390	0.01675	0.25757	0.03103	0.03437	0.01637	0.01775	0.01263	0.00956	0.00820	0.00239	0.01336	0.00648	0.00613	0.01194
44	0.22500	0.12117	0.09039	0.01609	0.02181	0.15305	0.01441	0.05763	0.02118	0.03150	0.14288	0.02592	0.02571	0.01037	0.00746	0.00250	0.00927	0.00756	0.00584	0.01025
45	0.01031	0.00884	0.00884	0.00884	0.01178	0.00736	0.00663	0.01252	0.01988	0.02356	0.08837	0.08395	0.63549	0.02209	0.01031	0.00295	0.00442	0.01841	0.00810	0.00736
46	0.01406	0.01004	0.01406	0.01606	0.01807	0.01004	0.01406	0.01807	0.02008	0.02610	0.04618	0.09839	0.05020	0.02410	0.01205	0.00402	0.00803	0.58032	0.00803	0.00803
47	0.01964	0.01874	0.03189	0.28911	0.41868	0.02021	0.02580	0.02506	0.01894	0.02613	0.01606	0.02222	0.01298	0.00813	0.00867	0.00271	0.01084	0.00776	0.00415	0.01225
48	0.01334	0.01007	0.01246	0.01166	0.01410	0.00977	0.00880	0.01977	0.09495	0.03454	0.53433	0.06233	0.10567	0.01736	0.01012	0.00278	0.00446	0.01522	0.00944	0.00884
49	0.01246	0.00935	0.01402	0.01402	0.01558	0.01090	0.01090	0.01558	0.01402	0.02025	0.02336	0.03427	0.02181	0.06542	0.65888	0.01402	0.02336	0.00935	0.00467	0.00779
50	0.01182	0.00919	0.01093	0.01133	0.01381	0.00830	0.00905	0.01497	0.02105	0.02692	0.20346	0.08358	0.34541	0.02166	0.01078	0.00319	0.00535	0.17302	0.00843	0.00775
51	0.02914	0.02243	0.02391	0.01926	0.02552	0.02517	0.01561	0.41216	0.24536	0.04849	0.02605	0.02501	0.01897	0.01095	0.00878	0.00274	0.00865	0.00856	0.00878	0.01447
52	0.01071	0.00772	0.01014	0.01192	0.01263	0.00716	0.00803	0.01240	0.01729	0.02302	0.08175	0.62476	0.08708	0.02656	0.01105	0.00347	0.00498	0.02400	0.00818	0.00716
53	0.01063	0.00759	0.01012	0.01215	0.01265	0.00709	0.00810	0.01215	0.01670	0.02227	0.04808	0.68775	0.05769	0.02733	0.01113	0.00354	0.00506	0.02480	0.00810	0.00709
54	0.01542	0.01114	0.01343	0.01366	0.01549	0.01131	0.00972	0.13661	0.02155	0.02880	0.04136	0.51627	0.04742	0.05833	0.01236	0.00360	0.00618	0.02064	0.00808	0.00860
55	0.01063	0.00759	0.01012	0.01215	0.01265	0.00709	0.00810	0.01215	0.01670	0.02227	0.04808	0.68775	0.05769	0.02733	0.01113	0.00354	0.00506	0.02480	0.00810	0.00709
56	0.01177	0.00814	0.00972	0.01051	0.01084	0.00787	0.00644	0.01247	0.01459	0.01931	0.03840	0.30371	0.07064	0.40227	0.02983	0.00628	0.00694	0.01767	0.00651	0.00608
57	0.01063	0.00759	0.01012	0.01215	0.01265	0.00709	0.00810	0.01215	0.01670	0.02227	0.04808	0.68775	0.05769	0.02733	0.01113	0.00354	0.00506	0.02480	0.00810	0.00709
58	0.01151	0.00785	0.00984	0.01121	0.01167	0.00751	0.00724	0.01279	0.01574	0.02149	0.04146	0.48174	0.04869	0.20133	0.01957	0.00474	0.00589	0.02059	0.05246	0.00668
59	0.01809	0.01550	0.01809	0.01292	0.02067	0.01163	0.01034	0.02196	0.01809	0.02842	0.01550	0.01809	0.01292	0.00646	0.00646	0.00129	0.00646	0.00517	0.00517	0.74677
60	0.01233	0.00902	0.01283	0.01302	0.01420	0.01010	0.00962	0.01473	0.01403	0.01983	0.02645	0.10025	0.02700	0.17587	0.48599	0.01202	0.01892	0.01141	0.00511	0.00727
61	0.01268	0.00846	0.00951	0.00951	0.00951	0.00846	0.00529	0.01268	0.01268	0.01691	0.02748	0.05708	0.03171	0.69345	0.04440	0.00846	0.00846	0.01268	0.00529	0.00529
62	0.03226	0.01452	0.01890	0.01496	0.02065	0.01331	0.01217	0.09863	0.02666	0.43882	0.17221	0.03696	0.03494	0.01239	0.00912	0.00270	0.00689	0.01030	0.01029	0.01331
63	0.01247	0.00929	0.01374	0.01374	0.01520	0.01075	0.01056	0.01540	0.01394	0.02004	0.02362	0.03567	0.02242	0.10402	0.62111	0.01368	0.02245	0.00955	0.00471	0.00763
64	0.01155	0.00913	0.01056	0.01090	0.01347	0.00814	0.00864	0.01453	0.02081	0.02624	0.17831	0.08387	0.39861	0.02178	0.01071	0.00316	0.00520	0.14835	0.00836	0.00768
65	0.75506	0.01687	0.01282	0.01147	0.01687	0.01957	0.00945	0.02564	0.01484	0.03914	0.01215	0.01417	0.00945	0.00810	0.00540	0.00270	0.00675	0.00472	0.00540	0.00945
66	0.01087	0.00886	0.00962	0.00943	0.01213	0.00760	0.00707	0.01361	0.02121	0.02672	0.23921	0.07876	0.48268	0.02091	0.01030	0.00289	0.00433	0.01768	0.00852	0.00760
67	0.01268	0.00846	0.00951	0.00951	0.00951	0.00846	0.00529	0.01268	0.01268	0.01691	0.02748	0.05708	0.03171	0.69345	0.04440	0.00846	0.00846	0.01268	0.00529	0.00529
68	0.75506	0.01687	0.01282	0.01147	0.01687	0.01957	0.00945	0.02564	0.01484	0.03914	0.01215	0.01417	0.00945	0.00810	0.00540	0.00270	0.00675	0.00472	0.00540	0.00945
69	0.02106	0.02417	0.05875	0.02147	0.02348	0.17042	0.01797	0.02370	0.01638	0.02132	0.01408	0.02073	0.01305	0.02154	0.12469	0.00505	0.38107	0.00738	0.00411	0.00958
70	0.02551	0.01878	0.02050	0.01767	0.02309	0.02096	0.01396	0.10656	0.47198	0.12851	0.03377	0.03087	0.02461	0.01153	0.00884	0.00288	0.00727	0.00948	0.00914	0.01407
71	0.01743	0.01635	0.02750	0.49205	0.19184	0.01907	0.02393	0.02300	0.01841	0.02443	0.05012	0.02520	0.01606	0.00901	0.00879	0.00282	0.01092	0.00820	0.00430	0.01057
72	0.03029	0.07883	0.02609	0.02313	0.06006	0.51685	0.01694	0.06068	0.02420	0.02326	0.01448	0.01725	0.01215	0.01208	0.04449	0.00292	0.01516	0.00600	0.00465	0.01048
73	0.02136	0.02338	0.04348	0.03881	0.19172	0.05756	0.36981	0.02734	0.01992	0.02702	0.01649	0.02216	0.01309	0.00834	0.01157	0.00290	0.07962	0.00913	0.00433	0.01197

[dist]
# distance from previous block
# <min> <max>
0	1

[block]
# block no. 3 follows, 20 sequences, length 215
# corresponding to MSA columns:
# 375-589
name=unknown_D
#
# <colnr> <probs for GDERKNQSTAVLIFYWHMCP>
#	G	D	E	R	K	N	Q	S	T	A	V	L	I	F	Y	W	H	M	C	P
0	0.02413	0.01582	0.01808	0.01585	0.02066	0.01679	0.01240	0.03926	0.35806	0.18883	0.08277	0.07496	0.06664	0.01350	0.00917	0.00291	0.00658	0.01138	0.00932	0.01290
1	0.02253	0.02045	0.01862	0.01681	0.02108	0.13411	0.01293	0.03752	0.35198	0.05962	0.13269	0.03489	0.03281	0.01219	0.00877	0.00273	0.00790	0.00995	0.05053	0.01191
2	0.01141	0.00796	0.01001	0.01120	0.01163	0.00761	0.00717	0.01257	0.01583	0.02122	0.07502	0.44216	0.05047	0.24828	0.02215	0.00513	0.00614	0.02025	0.00725	0.00655
3	0.02526	0.01793	0.02024	0.01757	0.02261	0.02009	0.01390	0.04407	0.46066	0.16525	0.03388	0.03116	0.02468	0.01181	0.00999	0.00295	0.04566	0.00950	0.00899	0.01378
4	0.01075	0.00764	0.01009	0.01199	0.01247	0.00716	0.00794	0.01218	0.01647	0.02196	0.04689	0.65140	0.05619	0.06572	0.01305	0.00383	0.00526	0.02410	0.00794	0.00698
5	0.03186	0.02346	0.02525	0.01961	0.02622	0.02590	0.01609	0.57549	0.03961	0.05309	0.02251	0.05937	0.01730	0.01144	0.00886	0.00267	0.00934	0.00883	0.00869	0.01439
6	0.03341	0.02496	0.02581	0.01999	0.02682	0.06276	0.01642	0.54983	0.03931	0.08108	0.02115	0.02106	0.01495	0.01040	0.00868	0.00260	0.00985	0.00777	0.00858	0.01456
7	0.01065	0.00859	0.00931	0.00963	0.01190	0.00744	0.00693	0.01274	0.01923	0.02376	0.11636	0.19094	0.45621	0.06144	0.01242	0.00336	0.00475	0.01905	0.00804	0.00725
8	0.01375	0.00839	0.01033	0.01115	0.01226	0.00832	0.00775	0.01635	0.05112	0.02474	0.03546	0.33509	0.03763	0.02199	0.01384	0.14237	0.00535	0.01585	0.22109	0.00716
9	0.10308	0.01620	0.02030	0.01571	0.02237	0.01518	0.01298	0.11061	0.02602	0.51793	0.03075	0.02721	0.01967	0.01051	0.00846	0.00269	0.00763	0.00829	0.01005	0.01436
10	0.01246	0.00935	0.01402	0.01402	0.01558	0.01090	0.01090	0.01558	0.01402	0.02025	0.02336	0.03427	0.02181	0.06542	0.65888	0.01402	0.02336	0.00935	0.00467	0.00779
11	0.01257	0.00841	0.00955	0.00966	0.00969	0.00838	0.00544	0.01265	0.01291	0.01721	0.02863	0.09225	0.03316	0.65630	0.04254	0.00818	0.00827	0.01336	0.00544	0.00539
12	0.02654	0.01565	0.01851	0.01590	0.02105	0.01613	0.01268	0.03967	0.29766	0.26099	0.08717	0.03949	0.05683	0.01296	0.00916	0.00289	0.00681	0.03713	0.00957	0.01318
13	0.01063	0.00759	0.01012	0.01215	0.01265	0.00709	0.00810	0.01215	0.01670	0.02227	0.04808	0.68775	0.05769	0.02733	0.01113	0.00354	0.00506	0.02480	0.00810	0.00709
14	0.01097	0.00784	0.01052	0.01254	0.01320	0.00738	0.00870	0.01274	0.01704	0.02265	0.04789	0.62851	0.05694	0.02700	0.01123	0.00359	0.00536	0.08064	0.00809	0.00718
15	0.01264	0.00969	0.01181	0.01191	0.01438	0.00912	0.00944	0.01725	0.05428	0.02947	0.29550	0.07707	0.23970	0.02030	0.01064	0.00312	0.00529	0.15143	0.00873	0.00822
16	0.01945	0.01481	0.01703	0.01496	0.01881	0.01574	0.01183	0.16514	0.15580	0.03946	0.31801	0.04998	0.05199	0.01524	0.00974	0.00285	0.00630	0.05277	0.00913	0.01099
17	0.01268	0.00846	0.00951	0.00951	0.00951	0.00846	0.00529	0.01268	0.01268	0.01691	0.02748	0.05708	0.03171	0.69345	0.04440	0.00846	0.00846	0.01268	0.00529	0.00529
18	0.01260	0.00880	0.01125	0.01125	0.01185	0.00940	0.00745	0.01380	0.01320	0.01820	0.02590	0.04828	0.02789	0.45120	0.28142	0.01060	0.01421	0.01140	0.00505	0.00625
19	0.01063	0.00759	0.01012	0.01215	0.01265	0.00709	0.00810	0.01215	0.01670	0.02227	0.04808	0.68775	0.05769	0.02733	0.01113	0.00354	0.00506	0.02480	0.00810	0.00709
20	0.02057	0.01679	0.01786	0.01599	0.01992	0.01901	0.01202	0.08920	0.42437	0.03347	0.03227	0.03738	0.02678	0.17503	0.01737	0.00425	0.00752	0.01036	0.00800	0.01186
21	0.03258	0.04157	0.02472	0.02247	0.02697	0.65843	0.01685	0.03483	0.02472	0.02135	0.01348	0.01573	0.01124	0.00899	0.00787	0.00225	0.01573	0.00562	0.00449	0.01011
22	0.75506	0.01687	0.01282	0.01147	0.01687	0.01957	0.00945	0.02564	0.01484	0.03914	0.01215	0.01417	0.00945	0.00810	0.00540	0.00270	0.00675	0.00472	0.00540	0.00945
23	0.01031	0.00884	0.00884	0.00884	0.01178	0.00736	0.00663	0.01252	0.01988	0.02356	0.08837	0.08395	0.63549	0.02209	0.01031	0.00295	0.00442	0.01841	0.00810	0.00736
24	0.01063	0.00759	0.01012	0.01215	0.01265	0.00709	0.00810	0.01215	0.01670	0.02227	0.04808	0.68775	0.05769	0.02733	0.01113	0.00354	0.00506	0.02480	0.00810	0.00709
25	0.03279	0.03533	0.02525	0.02160	0.02700	0.42839	0.01675	0.24437	0.03066	0.03360	0.01620	0.01763	0.01255	0.00953	0.00818	0.00238	0.01350	0.00643	0.00604	0.01183
26	0.01081	0.00886	0.00953	0.00936	0.01209	0.00758	0.00702	0.01349	0.02106	0.02637	0.22240	0.07933	0.49971	0.02105	0.01030	0.00290	0.00434	0.01776	0.00847	0.00758
27	0.75506	0.01687	0.01282	0.01147	0.01687	0.01957	0.00945	0.02564	0.01484	0.03914	0.01215	0.01417	0.00945	0.00810	0.00540	0.00270	0.00675	0.00472	0.00540	0.00945
28	0.01207	0.00826	0.00995	0.01054	0.01078	0.00820	0.00643	0.01270	0.01393	0.01867	0.03324	0.23947	0.03870	0.46286	0.07046	0.00735	0.00833	0.01602	0.00607	0.00596
29	0.01235	0.00892	0.01166	0.01097	0.01303	0.00823	0.00823	0.01646	0.02469	0.03498	0.63443	0.06516	0.08230	0.01783	0.01029	0.00274	0.00412	0.01578	0.00960	0.00823
30	0.01919	0.01115	0.01177	0.01096	0.01402	0.01171	0.00842	0.02814	0.16372	0.07704	0.03057	0.03232	0.02333	0.01061	0.00695	0.00230	0.00498	0.00859	0.51425	0.00997
31	0.03316	0.02443	0.02618	0.02007	0.02705	0.02705	0.01658	0.60995	0.04101	0.05497	0.02094	0.02094	0.01483	0.01047	0.00873	0.00262	0.00960	0.00785	0.00873	0.01483
32	0.01060	0.00768	0.01003	0.01191	0.01259	0.00710	0.00799	0.01217	0.01693	0.02236	0.05094	0.64481	0.09879	0.02696	0.01107	0.00350	0.00502	0.02434	0.00810	0.00710
33	0.01809	0.01550	0.01809	0.01292	0.02067	0.01163	0.01034	0.02196	0.01809	0.02842	0.01550	0.01809	0.01292	0.00646	0.00646	0.00129	0.00646	0.00517	0.00517	0.74677
34	0.01116	0.00815	0.01069	0.01220	0.01322	0.00741	0.00826	0.01284	0.01680	0.02271	0.04576	0.64013	0.05451	0.02584	0.01080	0.00338	0.00516	0.02340	0.00789	0.05969
35	0.01235	0.00892	0.01166	0.01097	0.01303	0.00823	0.00823	0.01646	0.02469	0.03498	0.63443	0.06516	0.08230	0.01783	0.01029	0.00274	0.00412	0.01578	0.00960	0.00823
36	0.01249	0.00852	0.01006	0.01001	0.01053	0.00833	0.00615	0.01356	0.01579	0.02154	0.17406	0.09418	0.04528	0.49443	0.03437	0.00681	0.00723	0.01410	0.00648	0.00609
37	0.32405	0.01565	0.01729	0.01391	0.02012	0.01551	0.01148	0.03580	0.02094	0.40393	0.02555	0.02351	0.01676	0.00972	0.00743	0.00270	0.00715	0.00716	0.00865	0.01270
38	0.01212	0.00854	0.01077	0.01078	0.01196	0.00808	0.00737	0.01459	0.01980	0.02749	0.35353	0.17800	0.06338	0.21157	0.02014	0.00451	0.00552	0.01657	0.00810	0.00718
39	0.01312	0.00949	0.01107	0.01155	0.01238	0.00970	0.00742	0.01691	0.09426	0.02142	0.03600	0.28236	0.04046	0.36267	0.02768	0.00595	0.00702	0.01670	0.00678	0.00706
40	0.02079	0.01093	0.01351	0.01170	0.01573	0.00947	0.00919	0.02390	0.02290	0.24099	0.21316	0.06029	0.27841	0.01708	0.00977	0.00281	0.00538	0.01439	0.00942	0.01017
41	0.01254	0.00840	0.00956	0.00970	0.00974	0.00836	0.00549	0.01265	0.01297	0.01729	0.02895	0.10194	0.03356	0.64607	0.04203	0.00811	0.00822	0.01355	0.00549	0.00541
42	0.02556	0.02858	0.02142	0.01911	0.02284	0.34071	0.01473	0.09944	0.02396	0.02597	0.03027	0.06044	0.13518	0.01337	0.01132	0.00269	0.09912	0.00951	0.00580	0.00996
43	0.01137	0.00770	0.01020	0.01172	0.01226	0.00724	0.00780	0.01208	0.01589	0.02103	0.04439	0.52679	0.08120	0.06159	0.01613	0.11185	0.00557	0.02133	0.00733	0.00653
44	0.20373	0.01379	0.01624	0.01337	0.01858	0.01325	0.01082	0.03172	0.02247	0.34179	0.18457	0.03516	0.03442	0.01197	0.00836	0.00271	0.00640	0.00962	0.00919	0.01184
45	0.02410	0.02201	0.02349	0.05139	0.10510	0.13624	0.01663	0.20158	0.02556	0.03291	0.04840	0.02546	0.01869	0.02375	0.16807	0.00540	0.04574	0.00816	0.00599	0.01133
46	0.03316	0.02443	0.02618	0.02007	0.02705	0.02705	0.01658	0.60995	0.04101	0.05497	0.02094	0.02094	0.01483	0.01047	0.00873	0.00262	0.00960	0.00785	0.00873	0.01483
47	0.02332	0.69869	0.04571	0.01493	0.02239	0.03451	0.01493	0.02612	0.01772	0.02052	0.01213	0.01399	0.01119	0.00746	0.00560	0.00187	0.00933	0.00466	0.00373	0.01119
48	0.01515	0.00848	0.00985	0.00985	0.01174	0.00894	0.00750	0.01894	0.01705	0.02895	0.02697	0.03303	0.02220	0.02626	0.19626	0.00552	0.00969	0.00848	0.52712	0.00803
49	0.02068	0.02515	0.17102	0.02106	0.05388	0.02131	0.01880	0.04099	0.45134	0.03401	0.02989	0.02867	0.02232	0.01080	0.00872	0.00290	0.00849	0.00895	0.00743	0.01359
50	0.01247	0.01047	0.01064	0.01014	0.01347	0.00956	0.00773	0.04975	0.06518	0.02634	0.08058	0.07653	0.55491	0.02067	0.01011	0.00293	0.00490	0.01717	0.00819	0.00827
51	0.02422	0.02572	0.03285	0.04610	0.49238	0.17352	0.02439	0.02870	0.02103	0.02678	0.01571	0.02019	0.01320	0.00806	0.00845	0.00251	0.01165	0.00726	0.00436	0.01293
52	0.02758	0.01978	0.02143	0.01726	0.02284	0.02146	0.01381	0.36387	0.12699	0.08845	0.03160	0.03311	0.08106	0.07559	0.01224	0.00326	0.00839	0.00975	0.00852	0.01303
53	0.01063	0.00759	0.01012	0.01215	0.01265	0.00709	0.00810	0.01215	0.01670	0.02227	0.04808	0.68775	0.05769	0.02733	0.01113	0.00354	0.00506	0.02480	0.00810	0.00709
54	0.01945	0.01516	0.01941	0.01707	0.01998	0.01791	0.01375	0.18951	0.02179	0.03047	0.02092	0.02818	0.01827	0.04211	0.37776	0.00921	0.11456	0.00866	0.00573	0.01010
55	0.02391	0.02544	0.03214	0.08999	0.44865	0.17609	0.02417	0.02842	0.02087	0.02631	0.01563	0.02028	0.01303	0.00814	0.00845	0.00253	0.01176	0.00725	0.00433	0.01262
56	0.01400	0.01144	0.01349	0.01332	0.01464	0.05748	0.00970	0.01614	0.01441	0.01936	0.02384	0.03956	0.02392	0.24425	0.43233	0.01154	0.01846	0.01005	0.00484	0.00723
57	0.02101	0.01802	0.01913	0.01726	0.02198	0.02071	0.01340	0.04417	0.57956	0.03638	0.07924	0.03493	0.03069	0.01227	0.00898	0.00294	0.00670	0.01029	0.00893	0.01340
58	0.01647	0.01550	0.02616	0.67248	0.06008	0.01938	0.02422	0.02229	0.01744	0.02229	0.01550	0.02326	0.01163	0.00872	0.00872	0.00291	0.01163	0.00775	0.00388	0.00969
59	0.01319	0.00972	0.01407	0.01387	0.01540	0.01143	0.01083	0.01634	0.01442	0.02154	0.02327	0.03331	0.02133	0.05722	0.56005	0.01227	0.05489	0.00913	0.07979	0.00791
60	0.08697	0.00974	0.01025	0.01005	0.01296	0.00898	0.00773	0.01518	0.02062	0.02825	0.21977	0.07274	0.39693	0.01967	0.00990	0.00293	0.00477	0.04651	0.00821	0.00784
61	0.01268	0.00846	0.00951	0.00951	0.00951	0.00846	0.00529	0.01268	0.01268	0.01691	0.02748	0.05708	0.03171	0.69345	0.04440	0.00846	0.00846	0.01268	0.00529	0.00529
62	0.02118	0.01288	0.01339	0.01161	0.01508	0.01364	0.00915	0.19209	0.02491	0.03906	0.02627	0.02915	0.02017	0.01025	0.00686	0.00220	0.00568	0.00805	0.52830	0.01008
63	0.01249	0.00837	0.00957	0.00977	0.00982	0.00832	0.00556	0.01263	0.01307	0.01743	0.02948	0.11829	0.03423	0.62880	0.04117	0.00798	0.00813	0.01386	0.00556	0.00546
64	0.01117	0.00893	0.01003	0.00993	0.01254	0.00779	0.00756	0.01408	0.02141	0.02731	0.25828	0.07885	0.42717	0.02086	0.01040	0.00294	0.00453	0.04996	0.00857	0.00768
65	0.01333	0.00993	0.01151	0.01160	0.01354	0.00953	0.00822	0.07500	0.02038	0.02660	0.11205	0.30725	0.21171	0.11029	0.01492	0.00384	0.00571	0.01879	0.00795	0.00785
66	0.03554	0.02062	0.02382	0.01826	0.02515	0.02139	0.01508	0.38412	0.03463	0.28982	0.02630	0.02442	0.01752	0.01060	0.00874	0.00265	0.00873	0.00822	0.00955	0.01484
67	0.02159	0.02073	0.03541	0.05354	0.63903	0.02073	0.02677	0.02677	0.01986	0.02850	0.01641	0.02159	0.01382	0.00777	0.00864	0.00259	0.01036	0.00777	0.00432	0.01382
68	0.01130	0.00793	0.00987	0.01113	0.01157	0.00756	0.00710	0.01234	0.01549	0.02053	0.04281	0.45230	0.07236	0.25002	0.02223	0.00516	0.00617	0.02049	0.00716	0.00649
69	0.01060	0.00809	0.00975	0.01093	0.01237	0.00724	0.00759	0.01250	0.01822	0.02337	0.09221	0.44447	0.26125	0.02501	0.01080	0.00329	0.00479	0.02210	0.00818	0.00724
70	0.01246	0.00935	0.01402	0.01402	0.01558	0.01090	0.01090	0.01558	0.01402	0.02025	0.02336	0.03427	0.02181	0.06542	0.65888	0.01402	0.02336	0.00935	0.00467	0.00779
71	0.02332	0.69869	0.04571	0.01493	0.02239	0.03451	0.01493	0.02612	0.01772	0.02052	0.01213	0.01399	0.01119	0.00746	0.00560	0.00187	0.00933	0.00466	0.00373	0.01119
72	0.01199	0.00941	0.01090	0.01043	0.01302	0.00859	0.00785	0.01640	0.05481	0.03024	0.37154	0.07135	0.31305	0.01931	0.01022	0.00284	0.00439	0.01657	0.00893	0.00816
73	0.06888	0.01062	0.01277	0.01169	0.01448	0.01027	0.00893	0.05248	0.02430	0.06422	0.46723	0.08699	0.09988	0.01704	0.00981	0.00278	0.00484	0.01474	0.00915	0.00892
74	0.02170	0.01874	0.01972	0.01775	0.02268	0.02170	0.01381	0.04635	0.62327	0.03649	0.03550	0.03254	0.02663	0.01183	0.00888	0.00296	0.00690	0.00986	0.00888	0.01381
75	0.02383	0.02730	0.02274	0.02057	0.02305	0.31926	0.01608	0.02619	0.01885	0.02098	0.01526	0.02115	0.01383	0.02434	0.16990	0.00552	0.21033	0.00710	0.00434	0.00939
76	0.01084	0.00804	0.00984	0.01103	0.01216	0.00735	0.00748	0.01252	0.01750	0.02274	0.08722	0.44843	0.19494	0.09021	0.01412	0.00383	0.00519	0.02161	0.00791	0.00704
77	0.24002	0.02092	0.02425	0.06266	0.15638	0.02308	0.01712	0.28130	0.02751	0.04282	0.01710	0.01924	0.01286	0.00910	0.00774	0.00265	0.00905	0.00692	0.00654	0.01275
78	0.48723	0.01559	0.01439	0.01441	0.04674	0.01748	0.01059	0.05635	0.04490	0.03579	0.02157	0.15925	0.02103	0.01248	0.00712	0.00288	0.00673	0.00956	0.00627	0.00965
79	0.02400	0.65070	0.04418	0.01548	0.02272	0.08008	0.01507	0.02676	0.01823	0.02058	0.01223	0.01412	0.01120	0.00757	0.00576	0.00189	0.00980	0.00473	0.00379	0.01112
80	0.28872	0.16695	0.10979	0.02622	0.20203	0.02318	0.01865	0.02633	0.01739	0.03056	0.01384	0.01685	0.01130	0.00789	0.00676	0.00250	0.00916	0.00582	0.00450	0.01154
81	0.02973	0.01385	0.01789	0.01510	0.02004	0.01294	0.01188	0.07599	0.06645	0.38977	0.03721	0.20774	0.03125	0.01533	0.00942	0.00294	0.00690	0.01313	0.00978	0.01267
82	0.03258	0.04157	0.02472	0.02247	0.02697	0.65843	0.01685	0.03483	0.02472	0.02135	0.01348	0.01573	0.01124	0.00899	0.00787	0.00225	0.01573	0.00562	0.00449	0.01011
83	0.02977	0.01734	0.01995	0.01579	0.02172	0.01736	0.01288	0.26849	0.03034	0.25369	0.04180	0.03910	0.16591	0.01337	0.00912	0.00272	0.00760	0.01070	0.00930	0.01305
84	0.01268	0.00846	0.00951	0.00951	0.00951	0.00846	0.00529	0.01268	0.01268	0.01691	0.02748	0.05708	0.03171	0.69345	0.04440	0.00846	0.00846	0.01268	0.00529	0.00529
85	0.02332	0.69869	0.04571	0.01493	0.02239	0.03451	0.01493	0.02612	0.01772	0.02052	0.01213	0.01399	0.01119	0.00746	0.00560	0.00187	0.00933	0.00466	0.00373	0.01119
86	0.01246	0.00935	0.01402	0.01402	0.01558	0.01090	0.01090	0.01558	0.01402	0.02025	0.02336	0.03427	0.02181	0.06542	0.65888	0.01402	0.02336	0.00935	0.00467	0.00779
87	0.75506	0.01687	0.01282	0.01147	0.01687	0.01957	0.00945	0.02564	0.01484	0.03914	0.01215	0.01417	0.00945	0.00810	0.00540	0.00270	0.00675	0.00472	0.00540	0.00945
88	0.01237	0.00896	0.01004	0.00985	0.01108	0.00832	0.00619	0.01326	0.01497	0.01964	0.04149	0.11793	0.16139	0.44041	0.03138	0.00632	0.00714	0.01448	0.00613	0.05863
89	0.03265	0.02418	0.02589	0.01997	0.02686	0.02681	0.01646	0.58472	0.06708	0.05415	0.02159	0.02146	0.01536	0.01053	0.00873	0.00263	0.00948	0.00794	0.00873	0.01479
90	0.75506	0.01687	0.01282	0.01147	0.01687	0.01957	0.00945	0.02564	0.01484	0.03914	0.01215	0.01417	0.00945	0.00810	0.00540	0.00270	0.00675	0.00472	0.00540	0.00945
91	0.01274	0.00994	0.01410	0.01401	0.01525	0.01153	0.01068	0.01527	0.01453	0.02052	0.02927	0.12288	0.05921	0.09804	0.43606	0.01069	0.08041	0.01194	0.00527	0.00766
92	0.01055	0.00848	0.00941	0.00995	0.01212	0.00734	0.00717	0.01269	0.01930	0.02400	0.11547	0.25850	0.42783	0.02331	0.01055	0.00311	0.00458	0.02008	0.00821	0.00734
93	0.01246	0.00935	0.01402	0.01402	0.01558	0.01090	0.01090	0.01558	0.01402	0.02025	0.02336	0.03427	0.02181	0.06542	0.65888	0.01402	0.02336	0.00935	0.00467	0.00779
94	0.01384	0.00997	0.01375	0.01564	0.01771	0.00988	0.01362	0.01775	0.02007	0.02596	0.04864	0.09755	0.08426	0.02398	0.01195	0.00395	0.00782	0.54762	0.00804	0.00799
95	0.03275	0.03658	0.02514	0.02177	0.02699	0.47450	0.01677	0.20237	0.02947	0.03114	0.01566	0.01725	0.01228	0.00942	0.00812	0.00236	0.01394	0.00627	0.00573	0.01149
96	0.01060	0.00768	0.01003	0.01190	0.01259	0.00711	0.00799	0.01217	0.01693	0.02236	0.05102	0.64366	0.09989	0.02695	0.01107	0.00350	0.00501	0.02433	0.00810	0.00711
97	0.01083	0.00768	0.01006	0.01188	0.01234	0.00722	0.00782	0.01220	0.01630	0.02173	0.04602	0.62474	0.05510	0.09388	0.01446	0.00403	0.00540	0.02359	0.00782	0.00691
98	0.01996	0.01906	0.03246	0.25066	0.45465	0.02030	0.02596	0.02534	0.01909	0.02652	0.01612	0.02212	0.01312	0.00807	0.00866	0.00269	0.01077	0.00777	0.00418	0.01250
99	0.75506	0.01687	0.01282	0.01147	0.01687	0.01957	0.00945	0.02564	0.01484	0.03914	0.01215	0.01417	0.00945	0.00810	0.00540	0.00270	0.00675	0.00472	0.00540	0.00945
100	0.02995	0.03658	0.02728	0.02992	0.17362	0.50563	0.01923	0.03290	0.02356	0.02306	0.01418	0.01713	0.01185	0.00870	0.00805	0.00233	0.01444	0.00613	0.00445	0.01100
101	0.01514	0.01258	0.01551	0.01499	0.01708	0.05913	0.01167	0.05157	0.01637	0.02235	0.02250	0.03214	0.02063	0.05810	0.57350	0.01250	0.02201	0.00899	0.00490	0.00837
102	0.01246	0.00935	0.01402	0.01402	0.01558	0.01090	0.01090	0.01558	0.01402	0.02025	0.02336	0.03427	0.02181	0.06542	0.65888	0.01402	0.02336	0.00935	0.00467	0.00779
103	0.01188	0.00874	0.01027	0.01098	0.01236	0.00820	0.00784	0.01359	0.01699	0.02160	0.05335	0.17240	0.22811	0.25013	0.02229	0.00511	0.00658	0.12569	0.00714	0.00675
104	0.01262	0.00916	0.01068	0.01014	0.01286	0.00802	0.00766	0.01577	0.02235	0.05839	0.33845	0.07267	0.35037	0.01958	0.01023	0.00284	0.00442	0.01673	0.00892	0.00812
105	0.01063	0.00759	0.01012	0.01215	0.01265	0.00709	0.00810	0.01215	0.01670	0.02227	0.04808	0.68775	0.05769	0.02733	0.01113	0.00354	0.00506	0.02480	0.00810	0.00709
106	0.02159	0.02073	0.03541	0.05354	0.63903	0.02073	0.02677	0.02677	0.01986	0.02850	0.01641	0.02159	0.01382	0.00777	0.00864	0.00259	0.01036	0.00777	0.00432	0.01382
107	0.05887	0.01037	0.01210	0.01140	0.01458	0.00934	0.00850	0.02024	0.01952	0.17004	0.05742	0.21004	0.27460	0.06765	0.01230	0.00341	0.00570	0.01650	0.00838	0.00903
108	0.01303	0.00913	0.01125	0.01059	0.01297	0.00823	0.00791	0.01647	0.02299	0.05783	0.44906	0.06774	0.20984	0.05031	0.01183	0.00306	0.00454	0.01596	0.00909	0.00817
109	0.01908	0.01908	0.02672	0.02290	0.02290	0.02672	0.01908	0.02099	0.01336	0.02099	0.01145	0.01908	0.01145	0.01527	0.02863	0.00382	0.67748	0.00763	0.00382	0.00954
110	0.01063	0.00759	0.01012	0.01215	0.01265	0.00709	0.00810	0.01215	0.01670	0.02227	0.04808	0.68775	0.05769	0.02733	0.01113	0.00354	0.00506	0.02480	0.00810	0.00709
111	0.01149	0.00926	0.01038	0.01099	0.01328	0.00850	0.00812	0.01522	0.06186	0.02428	0.06951	0.26146	0.37709	0.02307	0.01058	0.00320	0.00505	0.06074	0.00815	0.00779
112	0.01348	0.00924	0.01158	0.01080	0.01331	0.00832	0.00817	0.01716	0.02372	0.06813	0.48690	0.06697	0.19286	0.01830	0.01020	0.00278	0.00437	0.01591	0.00936	0.00844
113	0.01063	0.00759	0.01012	0.01215	0.01265	0.00709	0.00810	0.01215	0.01670	0.02227	0.04808	0.68775	0.05769	0.02733	0.01113	0.00354	0.00506	0.02480	0.00810	0.00709
114	0.06279	0.02222	0.02349	0.01845	0.02481	0.02455	0.01512	0.48881	0.07923	0.05042	0.02535	0.02517	0.04752	0.01104	0.00856	0.00264	0.00879	0.00841	0.03877	0.01386
115	0.01163	0.00846	0.01074	0.01102	0.01253	0.00780	0.00781	0.01445	0.02085	0.02858	0.35363	0.25989	0.12595	0.07055	0.01304	0.00343	0.00476	0.01861	0.00867	0.00757
116	0.01201	0.00934	0.01043	0.01046	0.01263	0.00865	0.00751	0.04127	0.01929	0.02440	0.09789	0.17970	0.35527	0.11648	0.05121	0.00439	0.00637	0.01759	0.00764	0.00746
117	0.03324	0.01917	0.02230	0.01765	0.02410	0.01990	0.01440	0.25012	0.15828	0.30037	0.02974	0.02711	0.02020	0.01090	0.00878	0.00272	0.00810	0.00867	0.00963	0.01462
118	0.01101	0.00765	0.01014	0.01192	0.01236	0.00721	0.00787	0.01214	0.01614	0.02152	0.04493	0.60904	0.05367	0.07486	0.01467	0.04192	0.00543	0.02305	0.00768	0.00679
119	0.01166	0.00915	0.01071	0.01106	0.01358	0.00820	0.00878	0.01472	0.02096	0.02662	0.19439	0.08347	0.37466	0.02167	0.01073	0.00316	0.00524	0.15512	0.00840	0.00771
120	0.01048	0.00881	0.00888	0.00888	0.01162	0.00744	0.00653	0.01253	0.01937	0.02309	0.08404	0.08204	0.59255	0.06984	0.01273	0.00334	0.00471	0.01800	0.00790	0.00722
121	0.01349	0.01184	0.01571	0.14686	0.07910	0.01193	0.01260	0.01823	0.05510	0.02593	0.13231	0.06078	0.34947	0.01698	0.00975	0.00288	0.00651	0.01448	0.00714	0.00890
122	0.02159	0.02073	0.03541	0.05354	0.63903	0.02073	0.02677	0.02677	0.01986	0.02850	0.01641	0.02159	0.01382	0.00777	0.00864	0.00259	0.01036	0.00777	0.00432	0.01382
123	0.01209	0.00890	0.01113	0.01241	0.01377	0.00846	0.00885	0.04483	0.01879	0.02456	0.05256	0.50854	0.14238	0.02534	0.01096	0.00344	0.00547	0.07175	0.00813	0.00763
124	0.01288	0.00847	0.00987	0.00998	0.01036	0.00860	0.00608	0.01366	0.01357	0.01901	0.02831	0.08765	0.03129	0.52900	0.10061	0.00814	0.00935	0.01260	0.07466	0.00590
125	0.02007	0.01668	0.01915	0.01386	0.02151	0.01365	0.01116	0.09912	0.02110	0.03191	0.01622	0.01846	0.01317	0.00699	0.00676	0.00147	0.00687	0.00552	0.00563	0.65072
126	0.02319	0.02347	0.02896	0.18798	0.29374	0.15598	0.02226	0.06805	0.02136	0.02665	0.01582	0.02096	0.01290	0.00970	0.00992	0.04406	0.01159	0.00730	0.00454	0.01157
127	0.01104	0.00859	0.00988	0.01011	0.01217	0.00760	0.00728	0.01349	0.02012	0.02596	0.22124	0.19972	0.33997	0.05808	0.01230	0.00331	0.00469	0.01870	0.00835	0.00742
128	0.01268	0.00846	0.00951	0.00951	0.00951	0.00846	0.00529	0.01268	0.01268	0.01691	0.02748	0.05708	0.03171	0.69345	0.04440	0.00846	0.00846	0.01268	0.00529	0.00529
