[name]
unknown

[dist]
# distance from previous block
# <min> <max>
0	5

[block]
# block no. 0 follows, 22 sequences, length 51
# corresponding to MSA columns:
# 5-55
name=unknown_A
#
# <colnr> <probs for GDERKNQSTAVLIFYWHMCP>
#	G	D	E	R	K	N	Q	S	T	A	V	L	I	F	Y	W	H	M	C	P
0	0.01339	0.00956	0.01339	0.01530	0.01721	0.00956	0.01339	0.01721	0.01912	0.02486	0.04399	0.09371	0.04781	0.02295	0.01147	0.00382	0.00765	0.60031	0.00765	0.00765
1	0.01998	0.02321	0.20597	0.07144	0.19566	0.01691	0.02151	0.05405	0.01880	0.10698	0.01914	0.02328	0.01485	0.01952	0.14699	0.00481	0.01282	0.00748	0.00497	0.01162
2	0.01789	0.16484	0.13874	0.07930	0.20603	0.01943	0.01940	0.02290	0.01819	0.02551	0.09329	0.02517	0.02099	0.01206	0.04687	0.00300	0.00975	0.00761	0.05823	0.01080
3	0.01764	0.01607	0.02064	0.01812	0.01881	0.04589	0.01484	0.02000	0.01422	0.02235	0.01533	0.02188	0.01387	0.01667	0.06822	0.00390	0.46794	0.00742	0.16750	0.00870
4	0.07728	0.12566	0.16781	0.02598	0.15791	0.16441	0.02041	0.11524	0.02194	0.02883	0.01464	0.01709	0.01155	0.00812	0.00738	0.00235	0.01101	0.00607	0.00463	0.01170
5	0.02066	0.01785	0.01878	0.01691	0.02160	0.02066	0.01315	0.04414	0.64121	0.03475	0.03381	0.03099	0.02536	0.01127	0.00845	0.00282	0.00657	0.00939	0.00845	0.01315
6	0.01208	0.00805	0.00906	0.00906	0.00906	0.00805	0.00503	0.01208	0.01208	0.01611	0.02618	0.05436	0.03020	0.70804	0.04228	0.00805	0.00805	0.01208	0.00503	0.00503
7	0.01973	0.02471	0.16881	0.04515	0.52349	0.01964	0.02661	0.02567	0.01862	0.02696	0.01547	0.01991	0.01260	0.00751	0.00815	0.00250	0.01038	0.00713	0.00398	0.01297
8	0.02352	0.37442	0.17344	0.01833	0.02576	0.21328	0.01834	0.02756	0.01893	0.02125	0.01265	0.01472	0.01064	0.00769	0.00651	0.00207	0.01137	0.00507	0.00375	0.01072
9	0.01012	0.00723	0.00964	0.01157	0.01205	0.00675	0.00771	0.01157	0.01591	0.02121	0.04579	0.70262	0.05495	0.02603	0.01060	0.00337	0.00482	0.02362	0.00771	0.00675
10	0.01039	0.00803	0.00948	0.00997	0.01179	0.00712	0.00715	0.01271	0.01901	0.02465	0.20812	0.28655	0.31173	0.02175	0.01008	0.00295	0.00435	0.01899	0.00806	0.00712
11	0.01913	0.01983	0.03839	0.17831	0.26881	0.02001	0.28106	0.02507	0.01873	0.02567	0.01595	0.02168	0.01248	0.00742	0.00892	0.00267	0.01189	0.00842	0.00406	0.01150
12	0.01066	0.00746	0.00948	0.01088	0.01123	0.00711	0.00698	0.01171	0.01486	0.01981	0.04041	0.52474	0.04816	0.21318	0.01930	0.00466	0.00571	0.02045	0.00698	0.00628
13	0.01939	0.02047	0.01878	0.01714	0.01874	0.21349	0.01305	0.02115	0.01596	0.01910	0.01718	0.02812	0.01711	0.17402	0.15948	0.00617	0.20023	0.00808	0.00430	0.00802
14	0.39164	0.26524	0.05473	0.01327	0.01916	0.05965	0.01218	0.02453	0.01564	0.02847	0.01192	0.01425	0.01001	0.00853	0.00674	0.03731	0.00809	0.00473	0.00438	0.00953
15	0.02426	0.33473	0.03213	0.10494	0.02745	0.27139	0.01602	0.02715	0.01946	0.02032	0.01401	0.01896	0.01251	0.00857	0.00683	0.00214	0.01141	0.03374	0.00404	0.00994
16	0.01023	0.00751	0.00964	0.01128	0.01217	0.00692	0.00778	0.01189	0.01650	0.02156	0.05131	0.58291	0.14192	0.02515	0.01053	0.00331	0.00486	0.04999	0.00771	0.00683
17	0.01919	0.02401	0.16414	0.11824	0.45851	0.01950	0.02630	0.02518	0.01837	0.02629	0.01538	0.02011	0.01237	0.00761	0.00816	0.00254	0.01051	0.00714	0.00394	0.01253
18	0.01974	0.01926	0.03111	0.21006	0.48110	0.04485	0.02452	0.02472	0.01852	0.02539	0.01530	0.02074	0.01254	0.00767	0.00822	0.00253	0.01037	0.00732	0.00401	0.01203
19	0.01666	0.04297	0.66500	0.02368	0.03596	0.01929	0.03069	0.02631	0.01754	0.02631	0.01491	0.01754	0.01052	0.00789	0.00789	0.00263	0.01228	0.00614	0.00351	0.01228
20	0.01787	0.18919	0.52938	0.02161	0.03276	0.02226	0.02710	0.02600	0.01740	0.02483	0.01418	0.01662	0.01055	0.00772	0.00733	0.00244	0.01154	0.00577	0.00352	0.01192
21	0.01531	0.00919	0.01154	0.01090	0.01354	0.00817	0.00818	0.01817	0.02095	0.13540	0.28740	0.18459	0.20747	0.01860	0.00971	0.00280	0.00470	0.01617	0.00870	0.00850
22	0.01088	0.00758	0.00951	0.01064	0.01102	0.00725	0.00678	0.01194	0.01493	0.02000	0.06760	0.44625	0.04742	0.26346	0.02161	0.00497	0.00591	0.01919	0.00685	0.00620
23	0.01356	0.00893	0.01143	0.01055	0.01297	0.00809	0.00800	0.01720	0.02298	0.08227	0.53317	0.06153	0.14373	0.01694	0.00969	0.00263	0.00421	0.01480	0.00906	0.00824
24	0.01012	0.00723	0.00964	0.01157	0.01205	0.00675	0.00771	0.01157	0.01591	0.02121	0.04579	0.70262	0.05495	0.02603	0.01060	0.00337	0.00482	0.02362	0.00771	0.00675
25	0.01208	0.00805	0.00906	0.00906	0.00906	0.00805	0.00503	0.01208	0.01208	0.01611	0.02618	0.05436	0.03020	0.70804	0.04228	0.00805	0.00805	0.01208	0.00503	0.00503
26	0.01159	0.00813	0.00892	0.00892	0.00953	0.00783	0.00531	0.01205	0.01358	0.01749	0.03883	0.05995	0.16608	0.55813	0.03520	0.00691	0.00721	0.01327	0.00562	0.00547
27	0.01818	0.01818	0.02545	0.02181	0.02181	0.02545	0.01818	0.01999	0.01272	0.01999	0.01091	0.01818	0.01091	0.01454	0.02726	0.00364	0.69284	0.00727	0.00364	0.00909
28	0.16103	0.02200	0.02269	0.01767	0.02405	0.02451	0.01459	0.52214	0.03467	0.04970	0.01847	0.01881	0.01322	0.00957	0.00775	0.00251	0.00866	0.00695	0.00775	0.01322
29	0.01778	0.01181	0.01242	0.01132	0.01399	0.01270	0.00838	0.09713	0.14876	0.03112	0.02742	0.03474	0.02321	0.16244	0.01462	0.00352	0.00599	0.00900	0.34459	0.00905
30	0.00990	0.00810	0.00874	0.00925	0.01144	0.00694	0.00668	0.01183	0.01814	0.02212	0.07404	0.24419	0.49514	0.02235	0.01003	0.00296	0.00437	0.01914	0.00771	0.00694
31	0.01012	0.00723	0.00964	0.01157	0.01205	0.00675	0.00771	0.01157	0.01591	0.02121	0.04579	0.70262	0.05495	0.02603	0.01060	0.00337	0.00482	0.02362	0.00771	0.00675
32	0.02292	0.65917	0.04193	0.01479	0.02167	0.08421	0.01436	0.02554	0.01741	0.01961	0.01165	0.01346	0.01066	0.00722	0.00550	0.00181	0.00937	0.00451	0.00361	0.01058
33	0.02919	0.03434	0.02328	0.02068	0.02483	0.51006	0.01584	0.10900	0.02428	0.02443	0.01416	0.01682	0.01172	0.01213	0.04602	0.00291	0.05951	0.00595	0.00477	0.01006
34	0.02786	0.18400	0.02664	0.01874	0.02345	0.48129	0.01483	0.03026	0.02160	0.02101	0.01370	0.01590	0.01154	0.00833	0.00688	0.00204	0.01276	0.00534	0.06410	0.00970
35	0.01202	0.00830	0.01030	0.01030	0.01072	0.00873	0.00658	0.01287	0.01245	0.01702	0.02504	0.04810	0.02748	0.52196	0.22465	0.00958	0.01215	0.01116	0.00487	0.00572
36	0.01462	0.01322	0.01251	0.01167	0.01498	0.06373	0.00890	0.04730	0.12874	0.02717	0.14095	0.06124	0.38906	0.01732	0.00933	0.00272	0.00566	0.01437	0.00778	0.00871
37	0.01213	0.00882	0.01295	0.01295	0.01447	0.01019	0.01006	0.01516	0.01364	0.02012	0.02260	0.03252	0.02081	0.05853	0.62717	0.01253	0.02094	0.00882	0.05816	0.00744
38	0.01842	0.02650	0.24001	0.03857	0.39995	0.01857	0.02568	0.02468	0.01846	0.02649	0.02087	0.02431	0.06346	0.00865	0.00824	0.00255	0.01021	0.00780	0.00420	0.01238
39	0.01012	0.00723	0.00964	0.01157	0.01205	0.00675	0.00771	0.01157	0.01591	0.02121	0.04579	0.70262	0.05495	0.02603	0.01060	0.00337	0.00482	0.02362	0.00771	0.00675
40	0.02717	0.03374	0.10398	0.02754	0.15821	0.37379	0.01977	0.10846	0.02387	0.02666	0.01460	0.01710	0.01164	0.00842	0.00780	0.00231	0.01283	0.00615	0.00468	0.01127
41	0.02314	0.27404	0.08595	0.02882	0.24485	0.02573	0.01980	0.15088	0.02226	0.02957	0.01499	0.01756	0.01224	0.00787	0.00717	0.00224	0.00955	0.00624	0.00474	0.01238
42	0.01692	0.04143	0.62320	0.02549	0.07703	0.01932	0.03035	0.02626	0.01763	0.02636	0.01496	0.01774	0.01070	0.00786	0.00791	0.00262	0.01212	0.00622	0.00355	0.01234
43	0.01976	0.02005	0.05866	0.13303	0.55239	0.01955	0.02539	0.02497	0.01856	0.02633	0.01548	0.02064	0.01278	0.00754	0.00822	0.00251	0.01013	0.00735	0.00403	0.01261
44	0.01987	0.02781	0.22679	0.04120	0.43580	0.05101	0.02664	0.02611	0.01872	0.02656	0.01527	0.01937	0.01223	0.00761	0.00809	0.00250	0.01085	0.00692	0.00393	0.01272
45	0.01516	0.01472	0.09734	0.01291	0.01687	0.01198	0.01165	0.09132	0.01935	0.02759	0.03793	0.04088	0.18064	0.02677	0.19033	0.00544	0.01072	0.01033	0.16923	0.00884
46	0.02022	0.01919	0.14506	0.02485	0.19014	0.01401	0.01786	0.02507	0.02026	0.16120	0.15522	0.11332	0.03288	0.01237	0.00881	0.00266	0.00789	0.01092	0.00678	0.01131
47	0.01442	0.01176	0.01621	0.01952	0.13781	0.01228	0.01183	0.01972	0.10048	0.02337	0.06072	0.12661	0.07096	0.16956	0.16137	0.00620	0.01043	0.01213	0.00592	0.00871
48	0.02500	0.02209	0.01995	0.01714	0.02157	0.16168	0.01333	0.31335	0.02892	0.03610	0.02870	0.18264	0.06523	0.01416	0.00877	0.00264	0.00908	0.01146	0.00725	0.01095
49	0.02050	0.03894	0.52940	0.02233	0.03321	0.07079	0.02711	0.02871	0.01883	0.10881	0.01708	0.01874	0.01185	0.00826	0.00792	0.00258	0.01181	0.00636	0.00445	0.01231
50	0.02911	0.18655	0.02790	0.01983	0.02473	0.53464	0.01565	0.03136	0.02209	0.02016	0.01256	0.01462	0.01069	0.00824	0.00702	0.00206	0.01365	0.00515	0.00412	0.00986

[dist]
# distance from previous block
# <min> <max>
0	1

[block]
# block no. 1 follows, 22 sequences, length 6
# corresponding to MSA columns:
# 57-62
name=unknown_B
#
# <colnr> <probs for GDERKNQSTAVLIFYWHMCP>
#	G	D	E	R	K	N	Q	S	T	A	V	L	I	F	Y	W	H	M	C	P
0	0.01830	0.14948	0.39242	0.07261	0.15703	0.02161	0.02637	0.02556	0.01764	0.02499	0.01447	0.01774	0.01110	0.00769	0.00755	0.00246	0.01115	0.00619	0.00365	0.01197
1	0.02533	0.02878	0.02908	0.03752	0.36907	0.31801	0.02119	0.02899	0.02102	0.02404	0.01436	0.01802	0.01204	0.00793	0.00789	0.00232	0.01220	0.00647	0.00419	0.01155
2	0.01047	0.00844	0.00938	0.00957	0.01199	0.00735	0.00727	0.01298	0.01951	0.02439	0.17377	0.12219	0.46226	0.02087	0.01001	0.00290	0.00449	0.06703	0.00795	0.00719
3	0.01993	0.02685	0.18080	0.03712	0.28318	0.06073	0.17569	0.02609	0.01868	0.02596	0.01529	0.01984	0.01213	0.00793	0.00967	0.00264	0.05392	0.00758	0.00398	0.01200
4	0.01003	0.00842	0.00871	0.00864	0.01135	0.00710	0.00648	0.01233	0.01943	0.02362	0.14572	0.07801	0.59056	0.02060	0.00982	0.00278	0.00418	0.01726	0.00787	0.00710
5	0.02894	0.03033	0.13256	0.02041	0.02746	0.17311	0.01836	0.39078	0.03188	0.04064	0.01747	0.01840	0.01274	0.00930	0.00805	0.00244	0.01101	0.00677	0.00658	0.01279

[dist]
# distance from previous block
# <min> <max>
0	1

[block]
# block no. 2 follows, 22 sequences, length 42
# corresponding to MSA columns:
# 64-105
name=unknown_C
#
# <colnr> <probs for GDERKNQSTAVLIFYWHMCP>
#	G	D	E	R	K	N	Q	S	T	A	V	L	I	F	Y	W	H	M	C	P
0	0.06509	0.30470	0.07415	0.01817	0.02415	0.34250	0.01594	0.02897	0.02001	0.02131	0.01240	0.01442	0.01058	0.00790	0.00654	0.00205	0.01194	0.00500	0.00399	0.01018
1	0.52160	0.02037	0.07853	0.01408	0.02027	0.02037	0.01269	0.16624	0.02031	0.03975	0.01386	0.01540	0.01035	0.00826	0.00615	0.00256	0.00763	0.00536	0.00573	0.01052
2	0.01187	0.00890	0.01335	0.01335	0.01483	0.01038	0.01038	0.01483	0.01335	0.01928	0.02225	0.03264	0.02077	0.06231	0.67512	0.01335	0.02225	0.00890	0.00445	0.00742
3	0.01027	0.00843	0.00905	0.00889	0.01150	0.00721	0.00667	0.01280	0.02001	0.02499	0.21725	0.07575	0.51817	0.02009	0.00981	0.00276	0.00414	0.01694	0.00805	0.00721
4	0.02023	0.01940	0.03313	0.09399	0.61579	0.01965	0.02533	0.02521	0.01876	0.02674	0.01557	0.02067	0.01302	0.00746	0.00823	0.00249	0.00995	0.00740	0.00408	0.01289
5	0.01353	0.01134	0.01654	0.01558	0.01667	0.01435	0.01244	0.01619	0.01319	0.01947	0.01926	0.02883	0.01817	0.04973	0.50457	0.01079	0.19879	0.00847	0.00424	0.00786
6	0.01719	0.01460	0.01951	0.02349	0.16785	0.01542	0.01537	0.02778	0.22860	0.02901	0.06898	0.05284	0.07460	0.01493	0.00949	0.00303	0.00738	0.19199	0.00717	0.01076
7	0.01749	0.01391	0.01731	0.01435	0.01926	0.01319	0.05505	0.04801	0.16019	0.07148	0.07521	0.04540	0.20465	0.01340	0.00865	0.00248	0.00639	0.03808	0.00730	0.16818
8	0.07603	0.62176	0.03951	0.01392	0.02057	0.03054	0.01361	0.02427	0.01648	0.02083	0.01216	0.01444	0.01112	0.01031	0.04369	0.00250	0.00947	0.00470	0.00372	0.01035
9	0.05642	0.11102	0.02782	0.02560	0.17205	0.16235	0.01721	0.18611	0.02534	0.11233	0.01767	0.01901	0.01335	0.00866	0.00763	0.00233	0.01017	0.00662	0.00600	0.01231
10	0.02190	0.12078	0.13010	0.14700	0.06485	0.15523	0.01937	0.05791	0.15117	0.02623	0.01826	0.02042	0.01412	0.00878	0.00769	0.00247	0.01067	0.00680	0.00500	0.01126
11	0.02820	0.03055	0.02670	0.02926	0.20348	0.35308	0.01866	0.15664	0.02551	0.02901	0.01513	0.01760	0.01212	0.00853	0.00787	0.00231	0.01231	0.00638	0.00508	0.01157
12	0.17265	0.21398	0.14468	0.02118	0.09677	0.17607	0.01789	0.02706	0.01824	0.02539	0.01293	0.01534	0.01060	0.00775	0.00660	0.00226	0.01055	0.00531	0.00410	0.01067
13	0.02441	0.16147	0.03265	0.03133	0.25803	0.19433	0.06342	0.02913	0.05020	0.05582	0.01591	0.01869	0.01294	0.00795	0.00759	0.00229	0.01102	0.00660	0.00457	0.01164
14	0.01165	0.00795	0.00946	0.00975	0.01012	0.00777	0.00596	0.01248	0.01445	0.01954	0.11801	0.18372	0.04187	0.47594	0.03145	0.00636	0.00683	0.01478	0.00614	0.00577
15	0.01140	0.00790	0.00913	0.00958	0.00997	0.00765	0.00579	0.01194	0.01365	0.01793	0.03647	0.20887	0.09723	0.48059	0.03166	0.00644	0.00692	0.01532	0.00593	0.00563
16	0.01000	0.00818	0.00883	0.00918	0.01146	0.00701	0.00669	0.01209	0.01861	0.02287	0.11185	0.20393	0.49691	0.02179	0.00997	0.00291	0.00431	0.01860	0.00780	0.00701
17	0.11713	0.02113	0.02197	0.01761	0.02363	0.02371	0.01436	0.41911	0.17725	0.04642	0.02219	0.02176	0.01615	0.01001	0.00796	0.00258	0.00821	0.00757	0.00796	0.01328
18	0.01672	0.01582	0.02677	0.55363	0.18362	0.01873	0.02358	0.02213	0.01710	0.02247	0.01495	0.02181	0.01151	0.00811	0.00829	0.00270	0.01082	0.00739	0.00378	0.01006
19	0.00991	0.00805	0.00879	0.00939	0.01148	0.00693	0.00674	0.01181	0.01800	0.02206	0.07229	0.27258	0.46788	0.02258	0.01006	0.00298	0.00440	0.01941	0.00771	0.00693
20	0.01012	0.00723	0.00964	0.01157	0.01205	0.00675	0.00771	0.01157	0.01591	0.02121	0.04579	0.70262	0.05495	0.02603	0.01060	0.00337	0.00482	0.02362	0.00771	0.00675
21	0.00985	0.00830	0.00854	0.00873	0.01130	0.00699	0.00645	0.01189	0.01864	0.02232	0.08038	0.14118	0.59406	0.02153	0.00990	0.00286	0.00427	0.01813	0.00771	0.00699
22	0.02092	0.50834	0.07805	0.01659	0.02235	0.03028	0.01617	0.02382	0.01595	0.02007	0.01161	0.01473	0.01071	0.00890	0.01063	0.00227	0.16945	0.00521	0.00357	0.01039
23	0.01723	0.01477	0.01723	0.01230	0.01969	0.01107	0.00984	0.02092	0.01723	0.02707	0.01477	0.01723	0.01230	0.00615	0.00615	0.00123	0.00615	0.00492	0.00492	0.75883
24	0.01653	0.08214	0.57835	0.02220	0.03330	0.01922	0.02799	0.02514	0.01738	0.02551	0.01696	0.06734	0.01378	0.00917	0.00793	0.00263	0.01152	0.00731	0.00382	0.01177
25	0.01443	0.00722	0.01082	0.01082	0.01082	0.00722	0.00722	0.01082	0.01082	0.01443	0.01443	0.02525	0.01443	0.02886	0.03247	0.75830	0.00722	0.00722	0.00361	0.00361
26	0.01746	0.01647	0.02731	0.45527	0.24063	0.01897	0.02329	0.02377	0.05057	0.02378	0.01605	0.02213	0.01248	0.00818	0.00829	0.00268	0.01046	0.00750	0.00407	0.01065
27	0.02688	0.02881	0.02603	0.09223	0.15023	0.31623	0.01863	0.14937	0.02447	0.02815	0.01488	0.01794	0.01191	0.00894	0.00901	0.00242	0.05128	0.00648	0.00496	0.01114
28	0.03107	0.03840	0.02364	0.02123	0.02569	0.62727	0.01603	0.07668	0.02468	0.02267	0.01336	0.01534	0.01095	0.00866	0.00755	0.00217	0.01455	0.00551	0.00457	0.00996
29	0.03145	0.02710	0.02461	0.01965	0.02574	0.17791	0.01585	0.48894	0.03542	0.04485	0.01828	0.01878	0.01332	0.00964	0.00812	0.00241	0.01051	0.00698	0.00737	0.01307
30	0.07033	0.02834	0.02375	0.02021	0.02425	0.29070	0.01607	0.20773	0.02511	0.03081	0.01444	0.01713	0.01168	0.01034	0.01224	0.00262	0.17167	0.00639	0.00538	0.01081
31	0.03118	0.03507	0.02393	0.02077	0.02570	0.49480	0.01598	0.19821	0.02784	0.02921	0.01481	0.01636	0.01165	0.00895	0.00772	0.00224	0.01336	0.00594	0.00540	0.01088
32	0.01187	0.00890	0.01335	0.01335	0.01483	0.01038	0.01038	0.01483	0.01335	0.01928	0.02225	0.03264	0.02077	0.06231	0.67512	0.01335	0.02225	0.00890	0.00445	0.00742
33	0.03103	0.03959	0.02354	0.02140	0.02568	0.67469	0.01605	0.03317	0.02354	0.02033	0.01284	0.01498	0.01070	0.00856	0.00749	0.00214	0.01498	0.00535	0.00428	0.00963
34	0.01208	0.00805	0.00906	0.00906	0.00906	0.00805	0.00503	0.01208	0.01208	0.01611	0.02618	0.05436	0.03020	0.70804	0.04228	0.00805	0.00805	0.01208	0.00503	0.00503
35	0.01415	0.01133	0.01318	0.01355	0.01616	0.01180	0.01057	0.02311	0.20963	0.02656	0.04917	0.21701	0.16129	0.01972	0.01001	0.00321	0.00597	0.16667	0.00792	0.00900
36	0.01187	0.00890	0.01335	0.01335	0.01483	0.01038	0.01038	0.01483	0.01335	0.01928	0.02225	0.03264	0.02077	0.06231	0.67512	0.01335	0.02225	0.00890	0.00445	0.00742
37	0.01977	0.01882	0.03087	0.14405	0.43282	0.01975	0.05518	0.02776	0.11426	0.02736	0.01835	0.02251	0.01468	0.00812	0.00836	0.00259	0.00977	0.00783	0.00472	0.01244
38	0.02854	0.03007	0.02998	0.02382	0.02987	0.30317	0.15898	0.23187	0.02784	0.03257	0.01616	0.01839	0.01230	0.00867	0.00831	0.00241	0.01279	0.00711	0.00562	0.01151
39	0.01692	0.01275	0.01747	0.02020	0.15020	0.01267	0.01270	0.02161	0.06527	0.09799	0.16466	0.08296	0.21374	0.01527	0.01043	0.00276	0.05235	0.01290	0.00730	0.00985
40	0.01989	0.12750	0.15121	0.02991	0.16287	0.05308	0.14775	0.02501	0.01745	0.02398	0.01404	0.01858	0.01162	0.00888	0.01194	0.00269	0.15141	0.00711	0.00385	0.01123
41	0.02591	0.02763	0.02221	0.02111	0.06323	0.29917	0.01536	0.08329	0.29335	0.02950	0.02269	0.02268	0.01750	0.00978	0.00802	0.00248	0.01055	0.00740	0.00640	0.01173

[dist]
# distance from previous block
# <min> <max>
0	2

[block]
# block no. 3 follows, 22 sequences, length 43
# corresponding to MSA columns:
# 108-150
name=unknown_D
#
# <colnr> <probs for GDERKNQSTAVLIFYWHMCP>
#	G	D	E	R	K	N	Q	S	T	A	V	L	I	F	Y	W	H	M	C	P
0	0.03001	0.07649	0.02464	0.01964	0.02478	0.39616	0.01543	0.22472	0.02788	0.03108	0.01564	0.01713	0.01224	0.00897	0.00755	0.00222	0.01225	0.00608	0.03603	0.01108
1	0.02368	0.42672	0.09594	0.01565	0.02244	0.08239	0.01525	0.02712	0.01861	0.11300	0.04097	0.01890	0.01525	0.01085	0.03901	0.00260	0.00994	0.00588	0.00484	0.01096
2	0.02022	0.01770	0.02026	0.07750	0.06480	0.02041	0.01479	0.04097	0.54751	0.03309	0.03100	0.02957	0.02334	0.01077	0.00843	0.00279	0.00717	0.00909	0.00776	0.01281
3	0.01187	0.00890	0.01335	0.01335	0.01483	0.01038	0.01038	0.01483	0.01335	0.01928	0.02225	0.03264	0.02077	0.06231	0.67512	0.01335	0.02225	0.00890	0.00445	0.00742
4	0.02919	0.03688	0.02222	0.02027	0.02442	0.61655	0.01520	0.03132	0.02314	0.02052	0.01905	0.02064	0.06662	0.00965	0.00769	0.00220	0.01404	0.00641	0.00458	0.00940
5	0.01012	0.00723	0.00964	0.01157	0.01205	0.00675	0.00771	0.01157	0.01591	0.02121	0.04579	0.70262	0.05495	0.02603	0.01060	0.00337	0.00482	0.02362	0.00771	0.00675
6	0.03103	0.03959	0.02354	0.02140	0.02568	0.67469	0.01605	0.03317	0.02354	0.02033	0.01284	0.01498	0.01070	0.00856	0.00749	0.00214	0.01498	0.00535	0.00428	0.00963
7	0.00989	0.00814	0.00870	0.00916	0.01142	0.00695	0.00664	0.01184	0.01822	0.02215	0.07514	0.22622	0.51240	0.02221	0.01000	0.00294	0.00435	0.01896	0.00771	0.00695
8	0.01237	0.00892	0.01132	0.01196	0.01333	0.00866	0.00844	0.06625	0.01971	0.02676	0.18591	0.49270	0.05690	0.02250	0.01021	0.00312	0.00498	0.02019	0.00810	0.00765
9	0.02056	0.01974	0.03372	0.05099	0.65622	0.01974	0.02550	0.02550	0.01892	0.02714	0.01563	0.02056	0.01316	0.00740	0.00822	0.00247	0.00987	0.00740	0.00411	0.01316
10	0.00993	0.00842	0.00857	0.00853	0.01129	0.00706	0.00640	0.01214	0.01920	0.02307	0.11703	0.07891	0.61958	0.02080	0.00982	0.00279	0.00419	0.01739	0.00780	0.00706
11	0.18341	0.13770	0.42722	0.01944	0.02936	0.02119	0.02342	0.02568	0.01669	0.02772	0.01366	0.01601	0.01021	0.00773	0.00690	0.00249	0.01047	0.00552	0.00388	0.01131
12	0.02994	0.03752	0.02461	0.02450	0.09165	0.60617	0.01704	0.03237	0.02306	0.02104	0.01313	0.01557	0.01096	0.00844	0.00757	0.00217	0.01445	0.00557	0.00426	0.01000
13	0.03158	0.02327	0.02493	0.01911	0.02576	0.02576	0.01579	0.62852	0.03906	0.05236	0.01995	0.01995	0.01413	0.00997	0.00831	0.00249	0.00914	0.00748	0.00831	0.01413
14	0.01012	0.00723	0.00964	0.01157	0.01205	0.00675	0.00771	0.01157	0.01591	0.02121	0.04579	0.70262	0.05495	0.02603	0.01060	0.00337	0.00482	0.02362	0.00771	0.00675
15	0.01292	0.00866	0.01138	0.01079	0.01283	0.00796	0.00805	0.01655	0.02275	0.06492	0.55731	0.12601	0.07296	0.01756	0.00981	0.00269	0.00418	0.01556	0.00906	0.00806
16	0.01040	0.00792	0.00958	0.01026	0.01186	0.00709	0.00728	0.01265	0.01870	0.02446	0.20093	0.34478	0.25957	0.02224	0.01015	0.00301	0.00440	0.01957	0.00805	0.00709
17	0.01934	0.02163	0.04468	0.03258	0.03944	0.02183	0.51406	0.02539	0.01834	0.02539	0.01572	0.02163	0.01229	0.00839	0.01302	0.00295	0.13907	0.00934	0.00410	0.01081
18	0.01018	0.00816	0.00909	0.00942	0.01158	0.00708	0.00685	0.01241	0.01895	0.02380	0.16097	0.21499	0.43428	0.02153	0.00999	0.00290	0.00430	0.01850	0.00793	0.00708
19	0.00982	0.00842	0.00842	0.00842	0.01122	0.00701	0.00631	0.01192	0.01894	0.02244	0.08416	0.07995	0.65285	0.02104	0.00982	0.00281	0.00421	0.01753	0.00771	0.00701
20	0.02865	0.22137	0.02894	0.01946	0.02451	0.50145	0.01556	0.03093	0.02174	0.02012	0.01249	0.01453	0.01069	0.00817	0.00691	0.00204	0.01334	0.00511	0.00408	0.00991
21	0.01523	0.01270	0.01384	0.01300	0.01644	0.01340	0.01008	0.02729	0.29692	0.03007	0.16320	0.05574	0.22993	0.01607	0.00931	0.00284	0.00543	0.05027	0.00830	0.00994
22	0.02844	0.02659	0.28090	0.01876	0.02757	0.01625	0.02000	0.08596	0.02259	0.35183	0.02443	0.02321	0.01594	0.00929	0.00816	0.00259	0.00936	0.00738	0.00737	0.01338
23	0.02080	0.17894	0.13471	0.02960	0.13638	0.07254	0.23168	0.02719	0.04355	0.02494	0.01554	0.01914	0.01232	0.00751	0.00804	0.00244	0.01171	0.00732	0.00411	0.01153
24	0.01723	0.01477	0.01723	0.01230	0.01969	0.01107	0.00984	0.02092	0.01723	0.02707	0.01477	0.01723	0.01230	0.00615	0.00615	0.00123	0.00615	0.00492	0.00492	0.75883
25	0.03006	0.02180	0.02331	0.01804	0.02425	0.02406	0.01485	0.57106	0.03702	0.05034	0.02062	0.02099	0.01480	0.00994	0.00807	0.00244	0.00864	0.00750	0.07867	0.01353
26	0.02306	0.02022	0.01882	0.01604	0.02032	0.13740	0.01256	0.24800	0.06860	0.03703	0.20542	0.06528	0.06564	0.01307	0.00877	0.00254	0.00811	0.01059	0.00777	0.01076
27	0.01075	0.00845	0.00970	0.00939	0.01179	0.00741	0.00704	0.01372	0.02113	0.02765	0.35631	0.07137	0.37744	0.01909	0.00981	0.00271	0.00407	0.01633	0.00840	0.00741
28	0.01818	0.01818	0.02545	0.02181	0.02181	0.02545	0.01818	0.01999	0.01272	0.01999	0.01091	0.01818	0.01091	0.01454	0.02726	0.00364	0.69284	0.00727	0.00364	0.00909
29	0.03088	0.02292	0.02453	0.01897	0.02549	0.02543	0.01562	0.59080	0.07793	0.05122	0.02084	0.02066	0.01485	0.01006	0.00832	0.00251	0.00898	0.00760	0.00832	0.01406
30	0.01223	0.00831	0.00987	0.00948	0.01159	0.00767	0.00711	0.01580	0.02133	0.03080	0.40965	0.05846	0.17100	0.01611	0.00892	0.00250	0.00396	0.01387	0.17368	0.00767
31	0.02066	0.01785	0.01878	0.01691	0.02160	0.02066	0.01315	0.04414	0.64121	0.03475	0.03381	0.03099	0.02536	0.01127	0.00845	0.00282	0.00657	0.00939	0.00845	0.01315
32	0.00982	0.00842	0.00842	0.00842	0.01122	0.00701	0.00631	0.01192	0.01894	0.02244	0.08416	0.07995	0.65285	0.02104	0.00982	0.00281	0.00421	0.01753	0.00771	0.00701
33	0.02696	0.22762	0.03074	0.02381	0.11919	0.39424	0.01695	0.02967	0.02096	0.02113	0.01289	0.01535	0.01106	0.00797	0.00699	0.00209	0.01248	0.00540	0.00405	0.01045
34	0.01159	0.00888	0.01088	0.01151	0.01380	0.00817	0.00939	0.01471	0.01988	0.02545	0.17565	0.08198	0.30610	0.02102	0.01047	0.00317	0.00551	0.24646	0.00796	0.00742
35	0.02399	0.36838	0.03649	0.01942	0.02509	0.21318	0.08372	0.02690	0.01863	0.02061	0.01244	0.01534	0.01092	0.00832	0.00884	0.00220	0.08585	0.00561	0.00384	0.01026
36	0.01704	0.04071	0.60366	0.02633	0.09623	0.01934	0.03019	0.02623	0.01767	0.02639	0.01498	0.01783	0.01078	0.00784	0.00792	0.00261	0.01204	0.00626	0.00357	0.01236
37	0.01187	0.00890	0.01335	0.01335	0.01483	0.01038	0.01038	0.01483	0.01335	0.01928	0.02225	0.03264	0.02077	0.06231	0.67512	0.01335	0.02225	0.00890	0.00445	0.00742
38	0.01046	0.00844	0.00931	0.00909	0.01162	0.00729	0.00682	0.01317	0.02046	0.02605	0.27267	0.07401	0.46209	0.01969	0.00981	0.00274	0.00411	0.01670	0.00819	0.00729
39	0.02957	0.03513	0.02515	0.02547	0.11711	0.51668	0.01740	0.08990	0.02438	0.02443	0.01394	0.01627	0.01139	0.00853	0.00768	0.00222	0.01367	0.00585	0.00465	0.01058
40	0.02426	0.02765	0.14537	0.03453	0.31473	0.15053	0.02265	0.06674	0.02134	0.08890	0.01688	0.01960	0.01296	0.00817	0.00803	0.00244	0.01102	0.00686	0.00490	0.01245
41	0.05836	0.06899	0.01869	0.01560	0.01934	0.33845	0.01199	0.02833	0.06051	0.02555	0.01883	0.02120	0.01511	0.00898	0.00674	0.00211	0.00994	0.00632	0.25569	0.00926
42	0.02130	0.02527	0.08175	0.01910	0.06287	0.23471	0.01500	0.05627	0.10281	0.02585	0.03395	0.03594	0.16154	0.01211	0.00835	0.00248	0.00974	0.03157	0.00589	0.05351

[dist]
# distance from previous block
# <min> <max>
1	9

[block]
# block no. 4 follows, 22 sequences, length 27
# corresponding to MSA columns:
# 160-186
name=unknown_E
#
# <colnr> <probs for GDERKNQSTAVLIFYWHMCP>
#	G	D	E	R	K	N	Q	S	T	A	V	L	I	F	Y	W	H	M	C	P
0	0.01292	0.04493	0.12534	0.01362	0.01755	0.01136	0.01292	0.01662	0.01726	0.02252	0.04565	0.06188	0.22225	0.10540	0.08131	0.00469	0.00897	0.16063	0.00614	0.00804
1	0.02083	0.03640	0.36437	0.03002	0.18919	0.16485	0.02614	0.02763	0.01922	0.02519	0.01463	0.01773	0.01122	0.00792	0.00789	0.00248	0.01227	0.00628	0.00383	0.01191
2	0.01557	0.03180	0.42725	0.05853	0.06574	0.01674	0.05064	0.02290	0.01766	0.02498	0.02749	0.03054	0.12275	0.04018	0.00983	0.00290	0.01058	0.00866	0.00437	0.01089
3	0.02380	0.02379	0.02162	0.09980	0.02670	0.23188	0.01555	0.16156	0.05553	0.02815	0.01775	0.02190	0.01453	0.02124	0.15707	0.00490	0.05147	0.00718	0.00534	0.01026
4	0.01070	0.00826	0.00985	0.01040	0.01234	0.00740	0.00776	0.01323	0.01919	0.02476	0.19375	0.23367	0.31206	0.02161	0.01019	0.00302	0.00467	0.08191	0.00802	0.00720
5	0.02089	0.09810	0.03000	0.02502	0.09964	0.19431	0.15980	0.02471	0.01872	0.02233	0.01764	0.05422	0.01580	0.02067	0.15620	0.00484	0.01462	0.00821	0.00437	0.00990
6	0.01211	0.00985	0.01279	0.01523	0.08308	0.00910	0.01045	0.01509	0.01922	0.02458	0.12139	0.12281	0.32625	0.02001	0.01012	0.00305	0.00571	0.16380	0.00745	0.00791
7	0.01816	0.18458	0.35694	0.01968	0.02956	0.02062	0.05180	0.02484	0.01743	0.02499	0.01423	0.01678	0.01104	0.00730	0.00704	0.00215	0.01029	0.00568	0.00386	0.17305
8	0.02171	0.02216	0.03339	0.04672	0.55027	0.09503	0.05728	0.02644	0.01949	0.02633	0.01537	0.02002	0.01285	0.00751	0.00823	0.00245	0.01068	0.00730	0.00414	0.01265
9	0.01012	0.00723	0.00964	0.01157	0.01205	0.00675	0.00771	0.01157	0.01591	0.02121	0.04579	0.70262	0.05495	0.02603	0.01060	0.00337	0.00482	0.02362	0.00771	0.00675
10	0.01690	0.03139	0.37987	0.02842	0.15439	0.01800	0.10080	0.02432	0.01825	0.02601	0.02429	0.02685	0.09484	0.00940	0.00845	0.00264	0.01097	0.00832	0.00426	0.01163
11	0.02353	0.02586	0.06418	0.03687	0.30306	0.15513	0.14550	0.09294	0.02213	0.02834	0.01573	0.01958	0.01252	0.00786	0.00839	0.00248	0.01180	0.00742	0.00459	0.01210
12	0.01050	0.00818	0.00954	0.00975	0.01178	0.00722	0.00710	0.01305	0.01974	0.02565	0.25730	0.20867	0.34016	0.02082	0.00998	0.00287	0.00425	0.01804	0.00817	0.00722
13	0.01282	0.00799	0.00878	0.00878	0.00919	0.00799	0.00520	0.01365	0.01323	0.01932	0.02638	0.04931	0.02828	0.55726	0.03441	0.00673	0.00715	0.01114	0.16678	0.00562
14	0.01950	0.02210	0.04729	0.03405	0.04183	0.02133	0.58153	0.02613	0.01910	0.02613	0.01637	0.02210	0.01248	0.00755	0.01108	0.00286	0.06372	0.00962	0.00416	0.01105
15	0.02243	0.01784	0.01833	0.01626	0.02101	0.05272	0.01269	0.04077	0.48824	0.10950	0.03628	0.03341	0.06997	0.01172	0.00849	0.00275	0.00690	0.00965	0.00840	0.01264
16	0.02112	0.02321	0.02660	0.02261	0.02412	0.16923	0.05848	0.02336	0.01559	0.02051	0.01173	0.01775	0.01097	0.01271	0.02170	0.00325	0.49687	0.00701	0.00382	0.00935
17	0.00982	0.00842	0.00842	0.00842	0.01122	0.00701	0.00631	0.01192	0.01894	0.02244	0.08416	0.07995	0.65285	0.02104	0.00982	0.00281	0.00421	0.01753	0.00771	0.00701
18	0.01012	0.00723	0.00964	0.01157	0.01205	0.00675	0.00771	0.01157	0.01591	0.02121	0.04579	0.70262	0.05495	0.02603	0.01060	0.00337	0.00482	0.02362	0.00771	0.00675
19	0.06224	0.02531	0.02035	0.06229	0.02376	0.26952	0.01372	0.19708	0.02456	0.02944	0.01781	0.02531	0.01583	0.15993	0.01518	0.00358	0.01114	0.00750	0.00559	0.00986
20	0.02353	0.02737	0.02176	0.01972	0.02230	0.36332	0.01533	0.02577	0.01855	0.02001	0.01444	0.01971	0.01299	0.02200	0.16065	0.00501	0.18776	0.00662	0.00416	0.00900
21	0.01339	0.00956	0.01339	0.01530	0.01721	0.00956	0.01339	0.01721	0.01912	0.02486	0.04399	0.09371	0.04781	0.02295	0.01147	0.00382	0.00765	0.60031	0.00765	0.00765
22	0.02097	0.02281	0.03130	0.03379	0.25855	0.14872	0.15037	0.02515	0.01931	0.02438	0.02243	0.02620	0.08340	0.00984	0.01067	0.00264	0.08544	0.00863	0.00451	0.01091
23	0.02252	0.05734	0.02386	0.05359	0.16907	0.14754	0.01601	0.13305	0.06849	0.02959	0.08736	0.02826	0.02260	0.09088	0.01210	0.00308	0.00965	0.00838	0.00582	0.01081
24	0.19566	0.02412	0.02380	0.02683	0.19728	0.19417	0.01710	0.06811	0.05215	0.02898	0.01468	0.01770	0.01200	0.00893	0.00941	0.00255	0.08450	0.00628	0.00485	0.01089
25	0.02533	0.14048	0.02615	0.02003	0.05570	0.28290	0.01539	0.12338	0.02295	0.02590	0.02145	0.02324	0.08125	0.01054	0.00986	0.00240	0.09040	0.00720	0.00510	0.01036
26	0.02581	0.04884	0.02752	0.02832	0.19168	0.23179	0.04948	0.15593	0.06661	0.03082	0.04995	0.02136	0.01668	0.00905	0.00809	0.00239	0.01101	0.00732	0.00559	0.01177

[dist]
# distance from previous block
# <min> <max>
9	25

[block]
# block no. 5 follows, 22 sequences, length 6
# corresponding to MSA columns:
# 212-217
name=unknown_F
#
# <colnr> <probs for GDERKNQSTAVLIFYWHMCP>
#	G	D	E	R	K	N	Q	S	T	A	V	L	I	F	Y	W	H	M	C	P
0	0.08805	0.02955	0.31516	0.02379	0.09081	0.01978	0.05692	0.03138	0.20322	0.02994	0.02041	0.02174	0.01518	0.00878	0.00795	0.00267	0.00990	0.00729	0.00523	0.01226
1	0.02074	0.01571	0.01771	0.01517	0.01924	0.01732	0.01189	0.21684	0.17006	0.03431	0.02458	0.02944	0.02027	0.09026	0.16499	0.00551	0.01094	0.00859	0.05728	0.04916
2	0.02768	0.03309	0.03125	0.02526	0.03097	0.42478	0.19770	0.08189	0.02369	0.02493	0.01463	0.01762	0.01156	0.00822	0.00825	0.00237	0.01419	0.00686	0.00460	0.01048
3	0.05731	0.01969	0.13578	0.01565	0.02154	0.01591	0.01450	0.03132	0.25828	0.09653	0.09543	0.03642	0.11109	0.01203	0.00839	0.00266	0.00707	0.00990	0.00738	0.04312
4	0.02279	0.02603	0.02910	0.02338	0.02787	0.24547	0.15776	0.02620	0.01869	0.02267	0.01350	0.01793	0.01143	0.00953	0.01337	0.00258	0.20321	0.00686	0.00417	0.11746
5	0.02043	0.14565	0.32819	0.02828	0.17860	0.11055	0.02481	0.02682	0.01857	0.02460	0.01425	0.01722	0.01119	0.00774	0.00750	0.00239	0.01153	0.00605	0.00376	0.01186

[dist]
# distance from previous block
# <min> <max>
0	1

[block]
# block no. 6 follows, 22 sequences, length 30
# corresponding to MSA columns:
# 219-248
name=unknown_G
#
# <colnr> <probs for GDERKNQSTAVLIFYWHMCP>
#	G	D	E	R	K	N	Q	S	T	A	V	L	I	F	Y	W	H	M	C	P
0	0.01746	0.11175	0.02146	0.01686	0.04007	0.04227	0.01313	0.02532	0.18225	0.02457	0.03261	0.11293	0.11314	0.01674	0.04357	0.00337	0.15564	0.01091	0.00606	0.00988
1	0.01758	0.01693	0.01832	0.05181	0.02128	0.13065	0.06861	0.04806	0.01908	0.02322	0.03298	0.05012	0.11261	0.16401	0.01635	0.00391	0.00932	0.13087	0.00580	0.05849
2	0.01996	0.02057	0.02904	0.14855	0.25246	0.12189	0.10439	0.02464	0.01938	0.02455	0.02029	0.03333	0.01855	0.01048	0.00892	0.00276	0.01106	0.11382	0.00471	0.01066
3	0.12700	0.02796	0.07986	0.01727	0.02343	0.27840	0.01453	0.05404	0.04414	0.02711	0.01452	0.01649	0.01162	0.00785	0.00689	0.00202	0.01043	0.00543	0.00485	0.22615
4	0.02124	0.02381	0.02027	0.01970	0.06297	0.27162	0.01432	0.02481	0.05417	0.02295	0.07785	0.03393	0.14937	0.01309	0.01233	0.00268	0.15079	0.00937	0.00545	0.00927
5	0.02267	0.01608	0.01721	0.01474	0.01864	0.05910	0.01138	0.17058	0.07024	0.11757	0.02596	0.03802	0.02324	0.19702	0.05293	0.00458	0.00913	0.06401	0.00697	0.05992
6	0.02254	0.02568	0.02575	0.14603	0.05522	0.28235	0.07854	0.02565	0.01865	0.02094	0.01460	0.02152	0.01291	0.07464	0.01474	0.00316	0.13643	0.00723	0.00411	0.00932
7	0.02200	0.02071	0.02090	0.11265	0.08522	0.15281	0.01541	0.07920	0.18879	0.05776	0.02970	0.07448	0.08130	0.01174	0.00847	0.00264	0.00912	0.00964	0.00648	0.01098
8	0.02495	0.05638	0.11024	0.06234	0.02561	0.12432	0.01607	0.18825	0.05895	0.09162	0.02053	0.02284	0.01551	0.03595	0.00896	0.00260	0.00955	0.00720	0.10672	0.01140
9	0.02102	0.16842	0.14434	0.02328	0.11440	0.11121	0.05918	0.05120	0.01921	0.02510	0.01474	0.01792	0.01209	0.01039	0.04281	0.00270	0.01107	0.00610	0.00426	0.14055
10	0.02058	0.25829	0.09596	0.02645	0.15745	0.05133	0.12736	0.02526	0.01818	0.02408	0.01415	0.01745	0.01174	0.00715	0.00718	0.00212	0.01021	0.00628	0.00400	0.11476
11	0.02562	0.02274	0.02102	0.01715	0.02268	0.15388	0.01352	0.29550	0.02818	0.03630	0.02068	0.10592	0.01826	0.01092	0.00797	0.00226	0.00915	0.00856	0.00667	0.17303
12	0.01504	0.01353	0.02125	0.13769	0.02691	0.01536	0.07127	0.01876	0.01495	0.02151	0.01753	0.02533	0.01550	0.03196	0.29597	0.00722	0.12592	0.00790	0.00422	0.11220
13	0.01202	0.00797	0.00992	0.01055	0.01135	0.00755	0.00690	0.01333	0.01583	0.04534	0.10711	0.35165	0.07255	0.26424	0.02154	0.00488	0.00592	0.01777	0.00703	0.00656
14	0.01071	0.00763	0.00931	0.01039	0.01100	0.00719	0.00669	0.01177	0.01506	0.01974	0.04418	0.42167	0.11913	0.24207	0.02057	0.00479	0.00577	0.01922	0.00686	0.00624
15	0.05867	0.01937	0.03463	0.05547	0.07508	0.01988	0.29506	0.02384	0.01731	0.02571	0.01479	0.02002	0.01198	0.00853	0.01235	0.00266	0.15173	0.00789	0.00423	0.14081
16	0.02926	0.03663	0.02381	0.02146	0.02515	0.58498	0.01634	0.03135	0.02205	0.02028	0.01257	0.01542	0.01073	0.00939	0.01022	0.00235	0.10865	0.00562	0.00419	0.00956
17	0.01207	0.00810	0.00930	0.00930	0.00938	0.00818	0.00533	0.01223	0.01215	0.01628	0.02596	0.05316	0.02968	0.67237	0.07724	0.00835	0.00884	0.01191	0.00500	0.00517
18	0.03014	0.03531	0.02329	0.02067	0.02531	0.52402	0.01574	0.11646	0.08329	0.02610	0.01578	0.01716	0.01254	0.00901	0.00769	0.00225	0.01339	0.00602	0.00523	0.01058
19	0.02303	0.65023	0.04167	0.01488	0.02173	0.09273	0.01439	0.02565	0.01750	0.01962	0.01167	0.01348	0.01066	0.00724	0.00553	0.00181	0.00945	0.00453	0.00362	0.01056
20	0.02296	0.44358	0.03422	0.01570	0.02171	0.14154	0.01402	0.02919	0.12838	0.02249	0.01872	0.01950	0.03995	0.00867	0.00645	0.00207	0.00934	0.00602	0.00472	0.01077
21	0.01708	0.01684	0.02041	0.01839	0.01945	0.09118	0.01483	0.01939	0.01417	0.01975	0.01565	0.02360	0.01482	0.03295	0.28379	0.00735	0.35014	0.00771	0.00403	0.00848
22	0.01208	0.00805	0.00906	0.00906	0.00906	0.00805	0.00503	0.01208	0.01208	0.01611	0.02618	0.05436	0.03020	0.70804	0.04228	0.00805	0.00805	0.01208	0.00503	0.00503
23	0.02221	0.71304	0.04353	0.01421	0.02132	0.03287	0.01421	0.02488	0.01688	0.01955	0.01155	0.01333	0.01066	0.00711	0.00533	0.00178	0.00888	0.00444	0.00355	0.01066
24	0.02221	0.71304	0.04353	0.01421	0.02132	0.03287	0.01421	0.02488	0.01688	0.01955	0.01155	0.01333	0.01066	0.00711	0.00533	0.00178	0.00888	0.00444	0.00355	0.01066
25	0.02056	0.01974	0.03372	0.05099	0.65622	0.01974	0.02550	0.02550	0.01892	0.02714	0.01563	0.02056	0.01316	0.00740	0.00822	0.00247	0.00987	0.00740	0.00411	0.01316
26	0.03005	0.03796	0.02369	0.02143	0.02539	0.62523	0.01621	0.03217	0.02272	0.02031	0.01269	0.01522	0.01072	0.00902	0.00900	0.00225	0.06662	0.00550	0.00423	0.00959
27	0.01723	0.01477	0.01723	0.01230	0.01969	0.01107	0.00984	0.02092	0.01723	0.02707	0.01477	0.01723	0.01230	0.00615	0.00615	0.00123	0.00615	0.00492	0.00492	0.75883
28	0.02154	0.01952	0.01749	0.01477	0.01960	0.15600	0.01149	0.09931	0.08094	0.06872	0.10709	0.03570	0.13684	0.01185	0.00815	0.00226	0.00790	0.00944	0.00687	0.16450
29	0.00989	0.00812	0.00872	0.00921	0.01143	0.00695	0.00667	0.01183	0.01817	0.02213	0.07447	0.23710	0.50195	0.02230	0.01002	0.00295	0.00436	0.01907	0.00771	0.00695

[dist]
# distance from previous block
# <min> <max>
0	1

[block]
# block no. 7 follows, 22 sequences, length 49
# corresponding to MSA columns:
# 250-298
name=unknown_H
#
# <colnr> <probs for GDERKNQSTAVLIFYWHMCP>
#	G	D	E	R	K	N	Q	S	T	A	V	L	I	F	Y	W	H	M	C	P
0	0.35384	0.01620	0.01753	0.19929	0.02894	0.01915	0.01402	0.02898	0.18779	0.03215	0.01859	0.02071	0.01408	0.00886	0.00693	0.00269	0.00775	0.00664	0.00565	0.01021
1	0.02085	0.02701	0.11671	0.28095	0.04282	0.20010	0.14465	0.02631	0.01926	0.02277	0.01467	0.01960	0.01121	0.00806	0.00833	0.00258	0.01291	0.00714	0.00393	0.01016
2	0.02768	0.03248	0.02376	0.02105	0.02461	0.44819	0.01631	0.07426	0.06047	0.02347	0.01424	0.01701	0.01190	0.01011	0.01184	0.00253	0.15918	0.00617	0.00469	0.01006
3	0.01131	0.00964	0.01007	0.01107	0.01260	0.04806	0.00774	0.01303	0.01744	0.02159	0.05720	0.44196	0.26176	0.02320	0.01014	0.00310	0.00523	0.02036	0.00750	0.00702
4	0.01007	0.00798	0.00888	0.00956	0.01137	0.00699	0.00672	0.01181	0.01744	0.02161	0.06709	0.29529	0.40483	0.06656	0.01216	0.00334	0.00467	0.01931	0.00754	0.00679
5	0.01723	0.01477	0.01723	0.01230	0.01969	0.01107	0.00984	0.02092	0.01723	0.02707	0.01477	0.01723	0.01230	0.00615	0.00615	0.00123	0.00615	0.00492	0.00492	0.75883
6	0.02716	0.33682	0.03248	0.01808	0.02376	0.35042	0.01522	0.06624	0.02155	0.02196	0.01271	0.01455	0.01089	0.00800	0.00658	0.00200	0.01192	0.00508	0.00421	0.01036
7	0.01086	0.00789	0.00999	0.01115	0.01209	0.00755	0.00777	0.01249	0.01579	0.02069	0.04601	0.39042	0.13437	0.14853	0.06445	0.00489	0.00684	0.07462	0.00699	0.00662
8	0.02163	0.02260	0.02446	0.30970	0.11864	0.19950	0.01953	0.08231	0.02113	0.02479	0.01988	0.02396	0.05814	0.00934	0.00818	0.00253	0.01132	0.00757	0.00464	0.01015
9	0.02448	0.02994	0.06252	0.07353	0.16943	0.30997	0.15816	0.02892	0.02091	0.02359	0.01457	0.01847	0.01168	0.00791	0.00825	0.00243	0.01327	0.00698	0.00415	0.01086
10	0.17388	0.12308	0.02490	0.01860	0.06291	0.17613	0.05754	0.02585	0.01834	0.02641	0.01339	0.01595	0.01109	0.00733	0.00655	0.00199	0.00953	0.00538	0.00451	0.21665
11	0.01988	0.12159	0.02265	0.01673	0.01965	0.19414	0.01356	0.02227	0.01885	0.02244	0.12070	0.03319	0.12399	0.01328	0.01336	0.00268	0.19767	0.00917	0.00529	0.00894
12	0.02122	0.02145	0.02051	0.04852	0.02347	0.16965	0.01329	0.05383	0.01919	0.02556	0.01408	0.01719	0.01178	0.00808	0.00937	0.00189	0.09627	0.00557	0.00472	0.41437
13	0.01053	0.00844	0.00940	0.00916	0.01166	0.00731	0.00687	0.01329	0.02061	0.02641	0.29143	0.07342	0.44310	0.01956	0.00981	0.00273	0.00410	0.01662	0.00824	0.00731
14	0.01029	0.00736	0.00979	0.01145	0.01209	0.00686	0.00772	0.01200	0.01671	0.02248	0.10953	0.63525	0.05741	0.02508	0.01052	0.00329	0.00473	0.02271	0.00786	0.00686
15	0.01990	0.01906	0.03253	0.13727	0.57510	0.01956	0.02517	0.02492	0.01860	0.02634	0.01551	0.02078	0.01288	0.00752	0.00824	0.00251	0.01003	0.00740	0.00406	0.01263
16	0.01723	0.01477	0.01723	0.01230	0.01969	0.01107	0.00984	0.02092	0.01723	0.02707	0.01477	0.01723	0.01230	0.00615	0.00615	0.00123	0.00615	0.00492	0.00492	0.75883
17	0.02221	0.71304	0.04353	0.01421	0.02132	0.03287	0.01421	0.02488	0.01688	0.01955	0.01155	0.01333	0.01066	0.00711	0.00533	0.00178	0.00888	0.00444	0.00355	0.01066
18	0.76672	0.01607	0.01221	0.01092	0.01607	0.01864	0.00900	0.02442	0.01414	0.03727	0.01157	0.01350	0.00900	0.00771	0.00514	0.00257	0.00643	0.00450	0.00514	0.00900
19	0.01012	0.00723	0.00964	0.01157	0.01205	0.00675	0.00771	0.01157	0.01591	0.02121	0.04579	0.70262	0.05495	0.02603	0.01060	0.00337	0.00482	0.02362	0.00771	0.00675
20	0.01037	0.00733	0.00957	0.01125	0.01167	0.00691	0.00737	0.01163	0.01542	0.02056	0.04328	0.61987	0.05179	0.11309	0.01465	0.00397	0.00523	0.02214	0.00737	0.00653
21	0.01176	0.00849	0.01110	0.01045	0.01241	0.00784	0.00784	0.01568	0.02352	0.03331	0.65184	0.06206	0.07839	0.01698	0.00980	0.00261	0.00392	0.01502	0.00914	0.00784
22	0.76672	0.01607	0.01221	0.01092	0.01607	0.01864	0.00900	0.02442	0.01414	0.03727	0.01157	0.01350	0.00900	0.00771	0.00514	0.00257	0.00643	0.00450	0.00514	0.00900
23	0.01723	0.01477	0.01723	0.01230	0.01969	0.01107	0.00984	0.02092	0.01723	0.02707	0.01477	0.01723	0.01230	0.00615	0.00615	0.00123	0.00615	0.00492	0.00492	0.75883
24	0.02892	0.20104	0.02833	0.01968	0.02464	0.52083	0.01561	0.03118	0.02194	0.02014	0.01253	0.01458	0.01069	0.00821	0.00697	0.00205	0.01352	0.00513	0.00411	0.00988
25	0.03103	0.03959	0.02354	0.02140	0.02568	0.67469	0.01605	0.03317	0.02354	0.02033	0.01284	0.01498	0.01070	0.00856	0.00749	0.00214	0.01498	0.00535	0.00428	0.00963
26	0.02021	0.01938	0.03308	0.09726	0.61272	0.01965	0.02532	0.02519	0.01875	0.02671	0.01556	0.02068	0.01301	0.00747	0.00823	0.00249	0.00996	0.00740	0.00408	0.01287
27	0.01208	0.00805	0.00906	0.00906	0.00906	0.00805	0.00503	0.01208	0.01208	0.01611	0.02618	0.05436	0.03020	0.70804	0.04228	0.00805	0.00805	0.01208	0.00503	0.00503
