[name]
unknown

[dist]
# distance from previous block
# <min> <max>
0	1

[block]
# block no. 0 follows, 21 sequences, length 61
# corresponding to MSA columns:
# 1-61
name=unknown_A
#
# <colnr> <probs for GDERKNQSTAVLIFYWHMCP>
#	G	D	E	R	K	N	Q	S	T	A	V	L	I	F	Y	W	H	M	C	P
0	0.01531	0.01100	0.01473	0.01601	0.01838	0.01122	0.01392	0.06922	0.02134	0.02788	0.04295	0.08952	0.04602	0.02237	0.01148	0.00380	0.00797	0.54059	0.00789	0.00841
1	0.01006	0.00862	0.00862	0.00862	0.01149	0.00718	0.00647	0.01221	0.01940	0.02299	0.08621	0.08190	0.64438	0.02155	0.01006	0.00287	0.00431	0.01796	0.00790	0.00718
2	0.02247	0.02891	0.33993	0.01921	0.02801	0.01620	0.02147	0.06469	0.02204	0.18954	0.13336	0.02913	0.02614	0.01052	0.00858	0.00267	0.00948	0.00859	0.00670	0.01236
3	0.01238	0.00825	0.00928	0.00928	0.00928	0.00825	0.00516	0.01238	0.01238	0.01650	0.02681	0.05569	0.03094	0.70092	0.04331	0.00825	0.00825	0.01238	0.00516	0.00516
4	0.02226	0.64930	0.09707	0.01539	0.02313	0.03248	0.01601	0.02561	0.01735	0.02062	0.01213	0.01402	0.01091	0.00735	0.00569	0.00190	0.00940	0.00470	0.00364	0.01106
5	0.01707	0.04402	0.65683	0.02426	0.03683	0.01976	0.03144	0.02695	0.01797	0.02695	0.01527	0.01797	0.01078	0.00809	0.00809	0.00270	0.01258	0.00629	0.00359	0.01258
6	0.01023	0.00797	0.00930	0.01036	0.01195	0.00704	0.00724	0.01202	0.01772	0.02231	0.06503	0.41251	0.32745	0.02431	0.01049	0.00319	0.00465	0.02132	0.00790	0.00704
7	0.01238	0.00825	0.00928	0.00928	0.00928	0.00825	0.00516	0.01238	0.01238	0.01650	0.02681	0.05569	0.03094	0.70092	0.04331	0.00825	0.00825	0.01238	0.00516	0.00516
8	0.01707	0.04402	0.65683	0.02426	0.03683	0.01976	0.03144	0.02695	0.01797	0.02695	0.01527	0.01797	0.01078	0.00809	0.00809	0.00270	0.01258	0.00629	0.00359	0.01258
9	0.01200	0.00809	0.00939	0.00976	0.00985	0.00800	0.00567	0.01228	0.01311	0.01747	0.03056	0.17494	0.03566	0.57522	0.03726	0.00736	0.00763	0.01458	0.00567	0.00548
10	0.01084	0.00774	0.01041	0.01238	0.01308	0.00731	0.00871	0.01266	0.01675	0.02225	0.04665	0.61173	0.05527	0.02622	0.01099	0.00352	0.00534	0.10322	0.00789	0.00704
11	0.01770	0.01679	0.02846	0.47569	0.25068	0.01934	0.02444	0.02317	0.01779	0.02372	0.01541	0.02216	0.01204	0.00821	0.00848	0.00274	0.01094	0.00757	0.00392	0.01077
12	0.01707	0.04402	0.65683	0.02426	0.03683	0.01976	0.03144	0.02695	0.01797	0.02695	0.01527	0.01797	0.01078	0.00809	0.00809	0.00270	0.01258	0.00629	0.00359	0.01258
13	0.01924	0.01069	0.01363	0.01193	0.01541	0.00973	0.00928	0.02374	0.05160	0.19964	0.37735	0.05520	0.13641	0.01583	0.00958	0.00270	0.00505	0.01362	0.00946	0.00991
14	0.01707	0.04402	0.65683	0.02426	0.03683	0.01976	0.03144	0.02695	0.01797	0.02695	0.01527	0.01797	0.01078	0.00809	0.00809	0.00270	0.01258	0.00629	0.00359	0.01258
15	0.01164	0.01029	0.01014	0.01040	0.01311	0.03971	0.00803	0.01401	0.01952	0.02317	0.07515	0.10797	0.50418	0.02143	0.01021	0.00301	0.00537	0.09753	0.00772	0.00739
16	0.02421	0.01979	0.02096	0.01793	0.02329	0.02259	0.01421	0.20150	0.47123	0.04051	0.03077	0.02867	0.02285	0.01118	0.00862	0.00280	0.00745	0.00909	0.00862	0.01374
17	0.01586	0.00793	0.00793	0.00793	0.00991	0.00793	0.00595	0.01983	0.01785	0.03173	0.02776	0.03173	0.02181	0.00991	0.00595	0.00198	0.00397	0.00793	0.74817	0.00793
18	0.02171	0.58458	0.15692	0.01634	0.02459	0.03112	0.01766	0.02575	0.01742	0.02129	0.01246	0.01444	0.01090	0.00743	0.00594	0.00198	0.00974	0.00487	0.00363	0.01122
19	0.03072	0.03726	0.02440	0.02176	0.02598	0.55732	0.01661	0.08302	0.02454	0.02361	0.01361	0.01606	0.01128	0.00941	0.00947	0.00235	0.07187	0.00584	0.00468	0.01021
20	0.01238	0.00825	0.00928	0.00928	0.00928	0.00825	0.00516	0.01238	0.01238	0.01650	0.02681	0.05569	0.03094	0.70092	0.04331	0.00825	0.00825	0.01238	0.00516	0.00516
21	0.02986	0.03690	0.02599	0.02738	0.13824	0.55032	0.01819	0.03257	0.02326	0.02208	0.01367	0.01638	0.01142	0.00856	0.00781	0.00225	0.01440	0.00586	0.00435	0.01052
22	0.01707	0.04402	0.65683	0.02426	0.03683	0.01976	0.03144	0.02695	0.01797	0.02695	0.01527	0.01797	0.01078	0.00809	0.00809	0.00270	0.01258	0.00629	0.00359	0.01258
23	0.01832	0.02957	0.29503	0.07356	0.10974	0.01930	0.21285	0.02599	0.01873	0.02721	0.01703	0.02140	0.01275	0.00792	0.00859	0.00268	0.01203	0.00785	0.06773	0.01173
24	0.02238	0.09001	0.17199	0.06732	0.16899	0.16311	0.02145	0.07639	0.02171	0.02723	0.04645	0.02326	0.04489	0.00931	0.00808	0.00247	0.01121	0.00740	0.00480	0.01155
25	0.01781	0.03958	0.54082	0.02947	0.15074	0.01985	0.03045	0.02680	0.01823	0.02711	0.01541	0.01854	0.01128	0.00799	0.00815	0.00266	0.01212	0.00653	0.00371	0.01275
26	0.12123	0.03813	0.51358	0.02483	0.08636	0.01971	0.02788	0.02661	0.01760	0.02859	0.01486	0.01765	0.01079	0.00802	0.00772	0.00267	0.01153	0.00616	0.00388	0.01219
27	0.02073	0.02139	0.03703	0.10592	0.36902	0.05224	0.18515	0.02613	0.01929	0.02640	0.01589	0.02135	0.01289	0.00795	0.00970	0.00269	0.04173	0.00814	0.00418	0.01218
28	0.01707	0.04402	0.65683	0.02426	0.03683	0.01976	0.03144	0.02695	0.01797	0.02695	0.01527	0.01797	0.01078	0.00809	0.00809	0.00270	0.01258	0.00629	0.00359	0.01258
29	0.02528	0.02110	0.03011	0.04049	0.43528	0.07470	0.02203	0.05664	0.05055	0.13064	0.01970	0.02234	0.01514	0.00847	0.00840	0.00253	0.00990	0.00766	0.00566	0.01338
30	0.01087	0.00932	0.00939	0.00925	0.01227	0.00820	0.00698	0.01462	0.06406	0.02391	0.08245	0.07825	0.59934	0.02082	0.00996	0.00287	0.00449	0.01735	0.00796	0.00764
31	0.01006	0.00862	0.00862	0.00862	0.01149	0.00718	0.00647	0.01221	0.01940	0.02299	0.08621	0.08190	0.64438	0.02155	0.01006	0.00287	0.00431	0.01796	0.00790	0.00718
32	0.01050	0.00757	0.00995	0.01162	0.01234	0.00702	0.00785	0.01222	0.01709	0.02284	0.09960	0.61674	0.08181	0.02566	0.01076	0.00337	0.00483	0.02319	0.00803	0.00702
33	0.01238	0.00825	0.00928	0.00928	0.00928	0.00825	0.00516	0.01238	0.01238	0.01650	0.02681	0.05569	0.03094	0.70092	0.04331	0.00825	0.00825	0.01238	0.00516	0.00516
34	0.01024	0.00791	0.00936	0.01052	0.01199	0.00702	0.00731	0.01200	0.01757	0.02225	0.06311	0.44241	0.29878	0.02455	0.01053	0.00322	0.00468	0.02162	0.00790	0.00702
35	0.02892	0.03605	0.02238	0.02064	0.02455	0.57493	0.01543	0.03112	0.02285	0.02082	0.01626	0.06609	0.01495	0.01374	0.05189	0.00305	0.01509	0.00709	0.00465	0.00950
36	0.01813	0.16744	0.54269	0.02245	0.03404	0.02236	0.02830	0.02668	0.01784	0.02566	0.01463	0.01716	0.01081	0.00794	0.00760	0.00253	0.01193	0.00596	0.00360	0.01227
37	0.01037	0.00741	0.00987	0.01185	0.01234	0.00691	0.00790	0.01185	0.01629	0.02172	0.04690	0.69537	0.05629	0.02666	0.01086	0.00346	0.00494	0.02419	0.00790	0.00691
38	0.02499	0.02767	0.03072	0.04113	0.42004	0.25719	0.02257	0.02900	0.02111	0.02525	0.01496	0.01897	0.01256	0.00802	0.00815	0.00240	0.01203	0.00681	0.00428	0.01216
39	0.02981	0.02233	0.02396	0.01892	0.02517	0.02479	0.01543	0.51224	0.12163	0.04969	0.02359	0.05210	0.01794	0.01113	0.00864	0.00264	0.00880	0.00867	0.00851	0.01400
40	0.01326	0.00974	0.01395	0.01368	0.01546	0.01124	0.01067	0.04328	0.01509	0.02188	0.02292	0.03275	0.02099	0.05880	0.60551	0.01261	0.02128	0.00899	0.03995	0.00793
41	0.01006	0.00862	0.00862	0.00862	0.01149	0.00718	0.00647	0.01221	0.01940	0.02299	0.08621	0.08190	0.64438	0.02155	0.01006	0.00287	0.00431	0.01796	0.00790	0.00718
42	0.03037	0.11975	0.02519	0.01904	0.02410	0.40941	0.01498	0.03388	0.05039	0.13432	0.04662	0.02050	0.01662	0.00941	0.00770	0.00228	0.01219	0.00655	0.00580	0.01090
43	0.02275	0.70604	0.04459	0.01456	0.02184	0.03367	0.01456	0.02548	0.01729	0.02002	0.01183	0.01365	0.01092	0.00728	0.00546	0.00182	0.00910	0.00455	0.00364	0.01092
44	0.01055	0.00804	0.00927	0.01013	0.01152	0.00723	0.00689	0.01208	0.01697	0.02144	0.06000	0.34464	0.29451	0.12804	0.01551	0.00395	0.00519	0.01981	0.00748	0.00675
45	0.03265	0.02335	0.02524	0.01935	0.02615	0.02567	0.01598	0.58936	0.03920	0.08489	0.02112	0.02088	0.01482	0.01023	0.00852	0.00256	0.00925	0.00771	0.00862	0.01447
46	0.01467	0.10891	0.01714	0.01343	0.01570	0.07327	0.01029	0.01673	0.01709	0.02126	0.03960	0.32325	0.12490	0.02620	0.10234	0.00447	0.04052	0.01592	0.00632	0.00799
47	0.03235	0.02384	0.02554	0.01958	0.02639	0.02639	0.01618	0.61946	0.04001	0.05363	0.02043	0.02043	0.01447	0.01022	0.00851	0.00255	0.00936	0.00766	0.00851	0.01447
48	0.01037	0.00741	0.00987	0.01185	0.01234	0.00691	0.00790	0.01185	0.01629	0.02172	0.04690	0.69537	0.05629	0.02666	0.01086	0.00346	0.00494	0.02419	0.00790	0.00691
49	0.02015	0.01929	0.03289	0.16750	0.53973	0.01998	0.02566	0.02531	0.01894	0.02669	0.01585	0.02136	0.01309	0.00775	0.00844	0.00258	0.01034	0.00758	0.00413	0.01274
50	0.15088	0.05536	0.22374	0.01925	0.02542	0.01951	0.05520	0.02317	0.01754	0.02866	0.13085	0.02597	0.02368	0.01113	0.01211	0.00287	0.15126	0.00808	0.00504	0.01030
51	0.02024	0.01995	0.03124	0.23628	0.43573	0.05912	0.02479	0.02530	0.01897	0.02559	0.01557	0.02120	0.01270	0.00793	0.00840	0.00260	0.01079	0.00745	0.00410	0.01207
52	0.01229	0.01026	0.01094	0.01082	0.01367	0.00980	0.00807	0.01855	0.13354	0.02584	0.10496	0.15704	0.41276	0.02015	0.00991	0.00295	0.00483	0.01712	0.00813	0.00837
53	0.03179	0.04056	0.02412	0.02192	0.02631	0.66676	0.01644	0.03398	0.02412	0.02083	0.01315	0.01535	0.01096	0.00877	0.00767	0.00219	0.01535	0.00548	0.00438	0.00987
54	0.02689	0.02307	0.02979	0.03060	0.20085	0.13616	0.10215	0.06735	0.05110	0.15760	0.02004	0.02219	0.01497	0.00933	0.01023	0.00266	0.06872	0.00784	0.00600	0.01246
55	0.02270	0.01815	0.02024	0.01579	0.02223	0.01797	0.01271	0.21773	0.13921	0.03704	0.02093	0.02213	0.01623	0.01203	0.04761	0.00273	0.00837	0.00699	0.00680	0.33240
56	0.02258	0.37978	0.07141	0.01648	0.02256	0.11620	0.01527	0.07991	0.01972	0.02362	0.01507	0.01847	0.01318	0.01835	0.12958	0.00420	0.01276	0.00593	0.00436	0.01058
57	0.05843	0.39513	0.12483	0.02340	0.14075	0.08278	0.01897	0.02651	0.01822	0.02339	0.01320	0.01579	0.01130	0.00761	0.00656	0.00215	0.01019	0.00544	0.00388	0.01146
58	0.01229	0.01397	0.10063	0.01218	0.01603	0.00989	0.01094	0.01718	0.05050	0.02791	0.26346	0.10823	0.28870	0.01812	0.00976	0.00282	0.00553	0.01548	0.00784	0.00852
59	0.02170	0.01797	0.01893	0.01653	0.02144	0.02019	0.01300	0.14767	0.43647	0.03720	0.03919	0.03664	0.11013	0.01269	0.00883	0.00282	0.00689	0.01042	0.00853	0.01278
60	0.01825	0.13873	0.51255	0.02224	0.03338	0.02192	0.02743	0.02830	0.07054	0.02668	0.01643	0.01852	0.01210	0.00826	0.00775	0.00258	0.01157	0.00632	0.00403	0.01241

[dist]
# distance from previous block
# <min> <max>
0	1

[block]
# block no. 1 follows, 21 sequences, length 27
# corresponding to MSA columns:
# 63-89
name=unknown_B
#
# <colnr> <probs for GDERKNQSTAVLIFYWHMCP>
#	G	D	E	R	K	N	Q	S	T	A	V	L	I	F	Y	W	H	M	C	P
0	0.01437	0.01338	0.02120	0.01782	0.02034	0.01422	0.13525	0.01701	0.01643	0.02199	0.03879	0.16425	0.16763	0.13621	0.01971	0.00409	0.14908	0.01430	0.00581	0.00811
1	0.02227	0.62522	0.04242	0.01548	0.02190	0.03278	0.01504	0.02489	0.01679	0.02008	0.01175	0.01424	0.01095	0.00818	0.00810	0.00204	0.08860	0.00489	0.00365	0.01073
2	0.01009	0.00849	0.00876	0.00897	0.01159	0.00715	0.00662	0.01217	0.01906	0.02285	0.08194	0.14861	0.58043	0.02211	0.01015	0.00294	0.00438	0.01864	0.00790	0.00715
3	0.01037	0.00741	0.00987	0.01185	0.01234	0.00691	0.00790	0.01185	0.01629	0.02172	0.04690	0.69537	0.05629	0.02666	0.01086	0.00346	0.00494	0.02419	0.00790	0.00691
4	0.02063	0.02281	0.10221	0.04919	0.58139	0.02017	0.02670	0.02621	0.01922	0.02771	0.01593	0.02073	0.01319	0.00764	0.00839	0.00255	0.01038	0.00744	0.00415	0.01338
5	0.02106	0.02022	0.03454	0.05223	0.64784	0.02022	0.02612	0.02612	0.01938	0.02780	0.01601	0.02106	0.01348	0.00758	0.00842	0.00253	0.01011	0.00758	0.00421	0.01348
6	0.01017	0.00863	0.00877	0.00874	0.01156	0.00723	0.00655	0.01243	0.01966	0.02360	0.11694	0.08089	0.61327	0.02132	0.01006	0.00286	0.00429	0.01782	0.00798	0.00723
7	0.01242	0.01209	0.01031	0.01007	0.01311	0.07891	0.00755	0.01458	0.01991	0.02275	0.07827	0.07466	0.57550	0.02016	0.00980	0.00280	0.00551	0.01660	0.00752	0.00748
8	0.02788	0.03104	0.02227	0.01984	0.02417	0.40847	0.01522	0.12889	0.06249	0.02701	0.01733	0.02029	0.01423	0.01857	0.12039	0.00425	0.01509	0.00672	0.00536	0.01047
9	0.02106	0.02022	0.03454	0.05223	0.64784	0.02022	0.02612	0.02612	0.01938	0.02780	0.01601	0.02106	0.01348	0.00758	0.00842	0.00253	0.01011	0.00758	0.00421	0.01348
10	0.02106	0.02022	0.03454	0.05223	0.64784	0.02022	0.02612	0.02612	0.01938	0.02780	0.01601	0.02106	0.01348	0.00758	0.00842	0.00253	0.01011	0.00758	0.00421	0.01348
11	0.01860	0.04117	0.54216	0.02712	0.10250	0.06787	0.02975	0.02738	0.01858	0.02659	0.01519	0.01811	0.01109	0.00808	0.00809	0.00264	0.01251	0.00637	0.00372	0.01247
12	0.02564	0.01891	0.02367	0.13156	0.10221	0.02069	0.01693	0.29370	0.06829	0.08403	0.05646	0.02548	0.01929	0.01011	0.00841	0.00259	0.00876	0.00828	0.06236	0.01261
13	0.01037	0.00741	0.00987	0.01185	0.01234	0.00691	0.00790	0.01185	0.01629	0.02172	0.04690	0.69537	0.05629	0.02666	0.01086	0.00346	0.00494	0.02419	0.00790	0.00691
14	0.01707	0.04402	0.65683	0.02426	0.03683	0.01976	0.03144	0.02695	0.01797	0.02695	0.01527	0.01797	0.01078	0.00809	0.00809	0.00270	0.01258	0.00629	0.00359	0.01258
15	0.02347	0.02524	0.02360	0.04985	0.17533	0.28536	0.01700	0.02523	0.01905	0.02135	0.01550	0.04700	0.01422	0.01381	0.01448	0.15538	0.05319	0.00734	0.00428	0.00932
16	0.01734	0.00992	0.01233	0.01116	0.01439	0.00872	0.00856	0.02042	0.02209	0.17313	0.28210	0.10827	0.24278	0.01781	0.00976	0.00279	0.00492	0.01527	0.00907	0.00917
17	0.01015	0.00826	0.00899	0.00957	0.01174	0.00710	0.00689	0.01211	0.01848	0.02262	0.07466	0.26220	0.47154	0.02305	0.01029	0.00304	0.00449	0.01979	0.00790	0.00710
18	0.02060	0.01621	0.02523	0.23095	0.24276	0.01719	0.01993	0.06832	0.02044	0.10052	0.02544	0.09919	0.05394	0.01127	0.00883	0.00276	0.00921	0.01009	0.00575	0.01137
19	0.02432	0.03062	0.10456	0.06437	0.27202	0.26249	0.06689	0.02905	0.02093	0.02478	0.01490	0.01877	0.01208	0.00810	0.00823	0.00246	0.01273	0.00682	0.00419	0.01169
20	0.02072	0.03216	0.32513	0.03168	0.22782	0.04893	0.02604	0.09598	0.02126	0.03031	0.01663	0.01980	0.01262	0.00830	0.00812	0.00257	0.01112	0.00691	0.04117	0.01274
21	0.02048	0.02444	0.10216	0.19483	0.28928	0.12662	0.02331	0.02560	0.01942	0.02476	0.01956	0.02390	0.05112	0.00893	0.00838	0.00259	0.01122	0.00772	0.00429	0.01140
22	0.02287	0.35065	0.06892	0.02059	0.09550	0.14348	0.01631	0.02648	0.04847	0.02162	0.01423	0.01740	0.01242	0.01046	0.00979	0.09032	0.01024	0.00576	0.00410	0.01040
23	0.02661	0.03546	0.12947	0.02187	0.02760	0.42097	0.05189	0.03051	0.02165	0.04598	0.01564	0.01885	0.01264	0.01511	0.08545	0.00368	0.01540	0.00642	0.00450	0.01032
24	0.01575	0.01176	0.01508	0.06700	0.07213	0.01241	0.01024	0.08607	0.01733	0.02345	0.05795	0.04497	0.02806	0.42744	0.07005	0.00668	0.00945	0.01099	0.00556	0.00763
25	0.01862	0.01874	0.02293	0.02883	0.24142	0.13307	0.03957	0.02196	0.01971	0.02512	0.08598	0.24506	0.03344	0.01498	0.00930	0.00280	0.00895	0.01349	0.00595	0.01007
26	0.21409	0.01997	0.01961	0.12960	0.02654	0.13684	0.01480	0.02463	0.01723	0.05165	0.01648	0.02462	0.01456	0.04927	0.01276	0.00308	0.12212	0.04206	0.00495	0.05515

[dist]
# distance from previous block
# <min> <max>
9	15

[block]
# block no. 2 follows, 21 sequences, length 11
# corresponding to MSA columns:
# 105-115
name=unknown_C
#
# <colnr> <probs for GDERKNQSTAVLIFYWHMCP>
#	G	D	E	R	K	N	Q	S	T	A	V	L	I	F	Y	W	H	M	C	P
0	0.07817	0.09294	0.11708	0.02320	0.13919	0.10376	0.01755	0.06270	0.02163	0.09193	0.10793	0.02877	0.05916	0.01044	0.00808	0.00250	0.00928	0.00838	0.00600	0.01133
1	0.09722	0.16379	0.13038	0.01965	0.07625	0.02185	0.01685	0.14148	0.05829	0.03047	0.01666	0.01995	0.01349	0.01360	0.03395	0.11382	0.00963	0.00660	0.00515	0.01091
2	0.27503	0.08452	0.11492	0.05739	0.02446	0.10588	0.01617	0.02478	0.01641	0.02754	0.01370	0.01769	0.01138	0.01437	0.07353	0.00374	0.09832	0.00595	0.00440	0.00982
3	0.01860	0.12267	0.01960	0.04245	0.01908	0.01550	0.01141	0.02483	0.10907	0.11301	0.13684	0.04166	0.12905	0.02289	0.13120	0.00465	0.00954	0.01077	0.00714	0.01003
4	0.02605	0.12357	0.02685	0.02390	0.11604	0.32103	0.01655	0.06810	0.08197	0.02536	0.01895	0.07835	0.01704	0.01034	0.00791	0.00239	0.01156	0.00787	0.00525	0.01093
5	0.06355	0.06042	0.05711	0.06353	0.04270	0.06014	0.03749	0.06175	0.01927	0.02731	0.15221	0.03182	0.02837	0.07925	0.01648	0.00339	0.17087	0.00924	0.00558	0.00951
6	0.16916	0.15651	0.02186	0.01478	0.01858	0.07674	0.01207	0.02146	0.01648	0.02504	0.02132	0.19275	0.02261	0.01362	0.01041	0.00267	0.10702	0.01024	0.00530	0.08138
7	0.05609	0.28476	0.02907	0.01574	0.02056	0.02521	0.01361	0.10416	0.10990	0.02829	0.06056	0.02499	0.02006	0.07168	0.01290	0.00299	0.09553	0.00752	0.00563	0.01077
8	0.02420	0.02187	0.01772	0.01582	0.01992	0.23845	0.01202	0.02919	0.08342	0.11134	0.07069	0.10377	0.02581	0.01191	0.00808	0.00239	0.00898	0.00950	0.10249	0.08242
9	0.02633	0.11349	0.02358	0.01692	0.02214	0.17296	0.01368	0.22639	0.02732	0.07531	0.03059	0.07613	0.11470	0.01244	0.00832	0.00249	0.00950	0.00957	0.00690	0.01125
10	0.02060	0.12667	0.02230	0.01605	0.01986	0.11050	0.01315	0.13030	0.02237	0.02755	0.03531	0.11119	0.15258	0.01527	0.01123	0.00280	0.09576	0.05045	0.00631	0.00978

[dist]
# distance from previous block
# <min> <max>
69	151

[block]
# block no. 3 follows, 21 sequences, length 50
# corresponding to MSA columns:
# 318-367
name=unknown_D
#
# <colnr> <probs for GDERKNQSTAVLIFYWHMCP>
#	G	D	E	R	K	N	Q	S	T	A	V	L	I	F	Y	W	H	M	C	P
0	0.02110	0.02448	0.05417	0.14399	0.12248	0.23621	0.01819	0.02479	0.01938	0.02239	0.02183	0.05890	0.05804	0.01733	0.09066	0.00397	0.03909	0.00853	0.00462	0.00983
1	0.02117	0.04821	0.05857	0.05830	0.18063	0.12391	0.01718	0.07721	0.09638	0.02712	0.02410	0.06407	0.04601	0.10500	0.01318	0.00336	0.00986	0.00929	0.00556	0.01087
2	0.02310	0.02733	0.14821	0.03152	0.24600	0.12837	0.02175	0.07027	0.09723	0.05677	0.02034	0.05519	0.01665	0.00964	0.00840	0.00260	0.01061	0.00812	0.00543	0.01248
3	0.02484	0.02498	0.02416	0.05856	0.14332	0.22063	0.01720	0.16295	0.02484	0.02999	0.02315	0.09717	0.05224	0.01187	0.00958	0.00263	0.04563	0.00935	0.00583	0.01109
4	0.02002	0.06421	0.01861	0.01542	0.01830	0.13654	0.01191	0.08207	0.01940	0.05113	0.02353	0.11047	0.02276	0.09467	0.19793	0.00627	0.04548	0.01000	0.04225	0.00902
5	0.02122	0.43656	0.26098	0.01826	0.02739	0.02837	0.02064	0.05600	0.01868	0.02418	0.01349	0.01553	0.01105	0.00771	0.00655	0.00217	0.01035	0.00532	0.00387	0.01169
6	0.20121	0.06722	0.10973	0.01932	0.02541	0.29296	0.04615	0.05948	0.02124	0.02842	0.04474	0.01827	0.01422	0.00881	0.00732	0.00242	0.01163	0.00616	0.00490	0.01037
7	0.01300	0.00889	0.01041	0.00993	0.01248	0.00805	0.00752	0.01617	0.02088	0.05914	0.28093	0.06368	0.29306	0.02049	0.04710	0.00330	0.00536	0.01483	0.09680	0.00797
8	0.01750	0.04126	0.58088	0.02663	0.07232	0.01991	0.07007	0.02692	0.01819	0.02702	0.01544	0.01848	0.01108	0.00800	0.00823	0.00270	0.01255	0.00661	0.00368	0.01256
9	0.01383	0.01127	0.01228	0.01210	0.01494	0.01131	0.00898	0.04976	0.16204	0.02707	0.05980	0.24158	0.30238	0.02012	0.00989	0.00303	0.00530	0.01729	0.00811	0.00893
10	0.01051	0.00779	0.00982	0.01110	0.01223	0.00710	0.00764	0.01242	0.01782	0.02345	0.12574	0.50336	0.17074	0.02458	0.01061	0.00325	0.00471	0.02196	0.00808	0.00710
11	0.02468	0.02455	0.03131	0.04191	0.44304	0.14258	0.02289	0.11163	0.02319	0.03015	0.01610	0.01990	0.01315	0.00818	0.00830	0.00247	0.01099	0.00720	0.00485	0.01294
12	0.02244	0.66952	0.07837	0.01510	0.02267	0.03291	0.01549	0.02556	0.01733	0.02040	0.01202	0.01389	0.01091	0.00733	0.00561	0.00187	0.00929	0.00465	0.00364	0.01101
13	0.02274	0.35421	0.22012	0.01953	0.02809	0.09035	0.04667	0.08140	0.02037	0.02554	0.01400	0.01612	0.01130	0.00793	0.00693	0.00223	0.01099	0.00568	0.00418	0.01165
14	0.01080	0.00842	0.00980	0.00995	0.01207	0.00742	0.00727	0.01346	0.02042	0.02657	0.26970	0.19201	0.33947	0.02110	0.01020	0.00292	0.00433	0.01826	0.00840	0.00742
15	0.01016	0.00821	0.00904	0.00971	0.01178	0.00709	0.00695	0.01209	0.01835	0.02256	0.07296	0.28863	0.44621	0.02327	0.01033	0.00307	0.00452	0.02006	0.00790	0.00709
16	0.02106	0.02022	0.03454	0.05223	0.64784	0.02022	0.02612	0.02612	0.01938	0.02780	0.01601	0.02106	0.01348	0.00758	0.00842	0.00253	0.01011	0.00758	0.00421	0.01348
17	0.01707	0.04402	0.65683	0.02426	0.03683	0.01976	0.03144	0.02695	0.01797	0.02695	0.01527	0.01797	0.01078	0.00809	0.00809	0.00270	0.01258	0.00629	0.00359	0.01258
18	0.01478	0.00739	0.01109	0.01109	0.01109	0.00739	0.00739	0.01109	0.01109	0.01478	0.01478	0.02587	0.01478	0.02956	0.03326	0.75240	0.00739	0.00739	0.00370	0.00370
19	0.30692	0.02106	0.02063	0.01642	0.02265	0.02364	0.01355	0.39547	0.03039	0.04781	0.01720	0.01794	0.01249	0.00934	0.00729	0.00258	0.00832	0.00651	0.00729	0.01249
20	0.02107	0.03976	0.46356	0.02394	0.03454	0.09804	0.05782	0.10885	0.02183	0.02989	0.01583	0.01825	0.01142	0.00841	0.00820	0.00262	0.01256	0.00657	0.00440	0.01246
21	0.01990	0.02242	0.04723	0.03419	0.04174	0.02208	0.54290	0.02642	0.01921	0.02642	0.01647	0.02242	0.01270	0.00813	0.01226	0.00298	0.09737	0.00972	0.00423	0.01121
22	0.01006	0.00862	0.00862	0.00862	0.01149	0.00718	0.00647	0.01221	0.01940	0.02299	0.08621	0.08190	0.64438	0.02155	0.01006	0.00287	0.00431	0.01796	0.00790	0.00718
23	0.02275	0.70604	0.04459	0.01456	0.02184	0.03367	0.01456	0.02548	0.01729	0.02002	0.01183	0.01365	0.01092	0.00728	0.00546	0.00182	0.00910	0.00455	0.00364	0.01092
24	0.01746	0.08903	0.61520	0.02360	0.03581	0.02071	0.03029	0.02685	0.01792	0.02648	0.01504	0.01767	0.01079	0.00803	0.00791	0.00264	0.01234	0.00617	0.00360	0.01246
25	0.01220	0.00896	0.01285	0.01285	0.01409	0.01019	0.00961	0.01467	0.01343	0.01915	0.02355	0.03760	0.02308	0.18300	0.55049	0.01266	0.02007	0.00973	0.00467	0.00714
26	0.02275	0.70604	0.04459	0.01456	0.02184	0.03367	0.01456	0.02548	0.01729	0.02002	0.01183	0.01365	0.01092	0.00728	0.00546	0.00182	0.00910	0.00455	0.00364	0.01092
27	0.03179	0.04056	0.02412	0.02192	0.02631	0.66676	0.01644	0.03398	0.02412	0.02083	0.01315	0.01535	0.01096	0.00877	0.00767	0.00219	0.01535	0.00548	0.00438	0.00987
28	0.01037	0.00741	0.00987	0.01185	0.01234	0.00691	0.00790	0.01185	0.01629	0.02172	0.04690	0.69537	0.05629	0.02666	0.01086	0.00346	0.00494	0.02419	0.00790	0.00691
29	0.01232	0.01015	0.01424	0.01869	0.13270	0.00951	0.01099	0.01465	0.01767	0.02320	0.05106	0.41107	0.19806	0.02174	0.01019	0.00313	0.00576	0.01945	0.00720	0.00823
30	0.01260	0.00976	0.01452	0.01427	0.01568	0.01169	0.01118	0.01556	0.01363	0.01980	0.02200	0.03242	0.02059	0.06050	0.62373	0.01300	0.06784	0.00900	0.00450	0.00771
31	0.01707	0.04402	0.65683	0.02426	0.03683	0.01976	0.03144	0.02695	0.01797	0.02695	0.01527	0.01797	0.01078	0.00809	0.00809	0.00270	0.01258	0.00629	0.00359	0.01258
32	0.01380	0.01119	0.01545	0.01454	0.01526	0.01373	0.01103	0.01569	0.01315	0.01901	0.02110	0.03614	0.02155	0.23296	0.33369	0.00970	0.18053	0.00964	0.00452	0.00732
33	0.02666	0.02101	0.02234	0.01843	0.02422	0.02373	0.01480	0.32732	0.34142	0.04446	0.02766	0.02619	0.02033	0.01089	0.00859	0.00272	0.00803	0.00866	0.00859	0.01396
34	0.01194	0.00831	0.01052	0.01089	0.01137	0.00861	0.00707	0.01300	0.01344	0.01831	0.02954	0.16965	0.03320	0.41155	0.19710	0.00874	0.01136	0.01375	0.00552	0.00611
35	0.03013	0.02575	0.26277	0.01862	0.02749	0.01528	0.01973	0.03593	0.02192	0.41464	0.02659	0.02477	0.01714	0.00960	0.00838	0.00266	0.00928	0.00769	0.00789	0.01376
36	0.01222	0.00887	0.01244	0.01244	0.01353	0.00996	0.00909	0.01440	0.01331	0.01884	0.02393	0.03970	0.02400	0.24337	0.49138	0.01215	0.01870	0.01004	0.00473	0.00691
37	0.02106	0.02022	0.03454	0.05223	0.64784	0.02022	0.02612	0.02612	0.01938	0.02780	0.01601	0.02106	0.01348	0.00758	0.00842	0.00253	0.01011	0.00758	0.00421	0.01348
38	0.02106	0.02022	0.03454	0.05223	0.64784	0.02022	0.02612	0.02612	0.01938	0.02780	0.01601	0.02106	0.01348	0.00758	0.00842	0.00253	0.01011	0.00758	0.00421	0.01348
39	0.02188	0.02594	0.08452	0.03053	0.23736	0.21499	0.02008	0.02613	0.02074	0.02486	0.02473	0.03759	0.05313	0.01199	0.00893	0.00274	0.01117	0.12675	0.00514	0.01080
40	0.14188	0.38459	0.15314	0.01679	0.02410	0.06440	0.01727	0.02584	0.01707	0.02436	0.01252	0.01493	0.01064	0.00813	0.00755	0.00227	0.05467	0.00514	0.00394	0.01079
41	0.01166	0.00806	0.00974	0.01022	0.01089	0.00770	0.00654	0.01260	0.01555	0.02071	0.11389	0.24165	0.10151	0.32508	0.02622	0.04241	0.00636	0.01643	0.00665	0.00614
42	0.01719	0.01844	0.06383	0.16711	0.03432	0.01965	0.17210	0.02134	0.01587	0.02212	0.01674	0.02752	0.01533	0.13947	0.02086	0.00410	0.20156	0.00900	0.00415	0.00930
43	0.02153	0.02111	0.03408	0.05090	0.62057	0.04859	0.02569	0.02646	0.01959	0.02750	0.01588	0.02081	0.01337	0.00763	0.00839	0.00251	0.01034	0.00749	0.00422	0.01332
44	0.02106	0.02022	0.03454	0.05223	0.64784	0.02022	0.02612	0.02612	0.01938	0.02780	0.01601	0.02106	0.01348	0.00758	0.00842	0.00253	0.01011	0.00758	0.00421	0.01348
45	0.01290	0.01098	0.01173	0.01265	0.01485	0.05291	0.01000	0.01555	0.01920	0.02349	0.05913	0.19879	0.27765	0.02235	0.01065	0.00331	0.00644	0.22225	0.00764	0.00755
46	0.01882	0.16544	0.42848	0.02669	0.11513	0.02255	0.05643	0.02658	0.01813	0.02576	0.01481	0.01780	0.01127	0.00782	0.00773	0.00252	0.01168	0.00632	0.00372	0.01233
47	0.02325	0.02036	0.03035	0.04059	0.43733	0.02111	0.02207	0.16416	0.05764	0.03366	0.01860	0.02323	0.01527	0.04293	0.01020	0.00284	0.00966	0.00795	0.00550	0.01330
48	0.01782	0.01710	0.02956	0.45312	0.24104	0.01945	0.05395	0.02338	0.01790	0.02390	0.01550	0.02220	0.01209	0.00815	0.00856	0.00274	0.01111	0.00769	0.00394	0.01081
49	0.02178	0.02157	0.03385	0.05022	0.60651	0.06321	0.02547	0.02664	0.01969	0.02734	0.01582	0.02068	0.01331	0.00766	0.00837	0.00251	0.01046	0.00744	0.00422	0.01324

[dist]
# distance from previous block
# <min> <max>
6	10

[block]
# block no. 4 follows, 21 sequences, length 72
# corresponding to MSA columns:
# 378-449
name=unknown_E
#
# <colnr> <probs for GDERKNQSTAVLIFYWHMCP>
#	G	D	E	R	K	N	Q	S	T	A	V	L	I	F	Y	W	H	M	C	P
0	0.09528	0.20145	0.31645	0.02013	0.02904	0.15359	0.02211	0.02782	0.01870	0.02515	0.01367	0.01598	0.01070	0.00801	0.00708	0.00237	0.01170	0.00554	0.00393	0.01129
1	0.02844	0.10179	0.02494	0.02020	0.02484	0.47320	0.01567	0.03427	0.12096	0.02331	0.01779	0.02113	0.01493	0.00967	0.00778	0.00234	0.01303	0.03011	0.00514	0.01047
2	0.01022	0.00863	0.00884	0.00879	0.01159	0.00725	0.00659	0.01252	0.01977	0.02388	0.13101	0.08043	0.59903	0.02122	0.01006	0.00286	0.00429	0.01775	0.00802	0.00725
3	0.02275	0.70604	0.04459	0.01456	0.02184	0.03367	0.01456	0.02548	0.01729	0.02002	0.01183	0.01365	0.01092	0.00728	0.00546	0.00182	0.00910	0.00455	0.00364	0.01092
4	0.01845	0.20489	0.50806	0.02190	0.03319	0.02314	0.02734	0.02659	0.01780	0.02527	0.01444	0.01692	0.01081	0.00789	0.00745	0.00248	0.01173	0.00587	0.00360	0.01217
5	0.01707	0.04402	0.65683	0.02426	0.03683	0.01976	0.03144	0.02695	0.01797	0.02695	0.01527	0.01797	0.01078	0.00809	0.00809	0.00270	0.01258	0.00629	0.00359	0.01258
6	0.01037	0.00741	0.00987	0.01185	0.01234	0.00691	0.00790	0.01185	0.01629	0.02172	0.04690	0.69537	0.05629	0.02666	0.01086	0.00346	0.00494	0.02419	0.00790	0.00691
7	0.01586	0.00793	0.00793	0.00793	0.00991	0.00793	0.00595	0.01983	0.01785	0.03173	0.02776	0.03173	0.02181	0.00991	0.00595	0.00198	0.00397	0.00793	0.74817	0.00793
8	0.01037	0.00741	0.00987	0.01185	0.01234	0.00691	0.00790	0.01185	0.01629	0.02172	0.04690	0.69537	0.05629	0.02666	0.01086	0.00346	0.00494	0.02419	0.00790	0.00691
9	0.01037	0.00741	0.00987	0.01185	0.01234	0.00691	0.00790	0.01185	0.01629	0.02172	0.04690	0.69537	0.05629	0.02666	0.01086	0.00346	0.00494	0.02419	0.00790	0.00691
10	0.03818	0.01448	0.01975	0.01514	0.02172	0.01251	0.01251	0.04147	0.02436	0.65373	0.03357	0.02897	0.02107	0.01053	0.00856	0.00263	0.00724	0.00856	0.01053	0.01448
11	0.02009	0.02296	0.05022	0.03587	0.04448	0.02152	0.61693	0.02726	0.02009	0.02726	0.01722	0.02296	0.01291	0.00717	0.01004	0.00287	0.01435	0.01004	0.00430	0.01148
12	0.01707	0.04402	0.65683	0.02426	0.03683	0.01976	0.03144	0.02695	0.01797	0.02695	0.01527	0.01797	0.01078	0.00809	0.00809	0.00270	0.01258	0.00629	0.00359	0.01258
13	0.01371	0.00980	0.01371	0.01567	0.01763	0.00980	0.01371	0.01763	0.01959	0.02547	0.04506	0.09599	0.04898	0.02351	0.01175	0.00392	0.00784	0.59056	0.00784	0.00784
14	0.02106	0.02022	0.03454	0.05223	0.64784	0.02022	0.02612	0.02612	0.01938	0.02780	0.01601	0.02106	0.01348	0.00758	0.00842	0.00253	0.01011	0.00758	0.00421	0.01348
15	0.01707	0.04402	0.65683	0.02426	0.03683	0.01976	0.03144	0.02695	0.01797	0.02695	0.01527	0.01797	0.01078	0.00809	0.00809	0.00270	0.01258	0.00629	0.00359	0.01258
16	0.03179	0.04056	0.02412	0.02192	0.02631	0.66676	0.01644	0.03398	0.02412	0.02083	0.01315	0.01535	0.01096	0.00877	0.00767	0.00219	0.01535	0.00548	0.00438	0.00987
17	0.01204	0.00870	0.01138	0.01071	0.01271	0.00803	0.00803	0.01606	0.02409	0.03413	0.64335	0.06357	0.08030	0.01740	0.01004	0.00268	0.00401	0.01539	0.00937	0.00803
18	0.01037	0.00741	0.00987	0.01185	0.01234	0.00691	0.00790	0.01185	0.01629	0.02172	0.04690	0.69537	0.05629	0.02666	0.01086	0.00346	0.00494	0.02419	0.00790	0.00691
19	0.02530	0.01736	0.01937	0.01679	0.02203	0.01906	0.01324	0.04431	0.48470	0.18580	0.03438	0.03107	0.02478	0.01130	0.00863	0.00282	0.00686	0.00936	0.00911	0.01372
20	0.01216	0.00912	0.01368	0.01368	0.01520	0.01064	0.01064	0.01520	0.01368	0.01976	0.02279	0.03343	0.02127	0.06382	0.66720	0.01368	0.02279	0.00912	0.00456	0.00760
21	0.01607	0.01513	0.02552	0.68047	0.05861	0.01891	0.02363	0.02174	0.01702	0.02174	0.01513	0.02269	0.01134	0.00851	0.00851	0.00284	0.01134	0.00756	0.00378	0.00945
22	0.02100	0.30403	0.17583	0.02422	0.03296	0.05268	0.22441	0.02675	0.01867	0.02401	0.01446	0.01782	0.01157	0.00748	0.00768	0.00238	0.01189	0.00684	0.00389	0.01142
23	0.01006	0.00862	0.00862	0.00862	0.01149	0.00718	0.00647	0.01221	0.01940	0.02299	0.08621	0.08190	0.64438	0.02155	0.01006	0.00287	0.00431	0.01796	0.00790	0.00718
24	0.01013	0.00833	0.00893	0.00941	0.01170	0.00712	0.00681	0.01212	0.01864	0.02268	0.07666	0.23097	0.50148	0.02279	0.01025	0.00302	0.00446	0.01947	0.00790	0.00712
25	0.01629	0.01377	0.01804	0.02078	0.14342	0.01418	0.01309	0.02609	0.19750	0.03219	0.28782	0.04763	0.10595	0.01414	0.00932	0.00273	0.00605	0.01241	0.00798	0.01061
26	0.01819	0.14442	0.51364	0.02369	0.03514	0.02205	0.07592	0.02675	0.01803	0.02591	0.01490	0.01770	0.01097	0.00789	0.00784	0.00257	0.01218	0.00632	0.00366	0.01223
27	0.02275	0.70604	0.04459	0.01456	0.02184	0.03367	0.01456	0.02548	0.01729	0.02002	0.01183	0.01365	0.01092	0.00728	0.00546	0.00182	0.00910	0.00455	0.00364	0.01092
28	0.03179	0.04056	0.02412	0.02192	0.02631	0.66676	0.01644	0.03398	0.02412	0.02083	0.01315	0.01535	0.01096	0.00877	0.00767	0.00219	0.01535	0.00548	0.00438	0.00987
29	0.01951	0.01841	0.02972	0.19456	0.30580	0.01979	0.06999	0.02867	0.14255	0.02777	0.02078	0.02669	0.01683	0.00920	0.00875	0.00276	0.00998	0.03097	0.00515	0.01212
30	0.02052	0.01525	0.01756	0.01659	0.02068	0.01675	0.01345	0.03622	0.38031	0.09380	0.03779	0.05158	0.03269	0.01519	0.00962	0.00318	0.00713	0.19130	0.00859	0.01181
31	0.01037	0.00741	0.00987	0.01185	0.01234	0.00691	0.00790	0.01185	0.01629	0.02172	0.04690	0.69537	0.05629	0.02666	0.01086	0.00346	0.00494	0.02419	0.00790	0.00691
32	0.01707	0.04402	0.65683	0.02426	0.03683	0.01976	0.03144	0.02695	0.01797	0.02695	0.01527	0.01797	0.01078	0.00809	0.00809	0.00270	0.01258	0.00629	0.00359	0.01258
33	0.01766	0.02155	0.12168	0.03334	0.24348	0.01738	0.18116	0.02338	0.01963	0.02698	0.06389	0.03490	0.13526	0.01071	0.00921	0.00272	0.01018	0.01044	0.00513	0.01133
34	0.03290	0.02295	0.02499	0.01916	0.02595	0.02508	0.01583	0.56492	0.03853	0.11027	0.02167	0.02124	0.01509	0.01025	0.00852	0.00256	0.00916	0.00775	0.00870	0.01447
35	0.03696	0.01421	0.01936	0.01493	0.02130	0.01230	0.01230	0.04029	0.02434	0.62481	0.06204	0.03058	0.02383	0.01085	0.00863	0.00264	0.00709	0.00888	0.01048	0.01418
36	0.06375	0.03565	0.02354	0.02110	0.02531	0.51901	0.01611	0.06140	0.05697	0.02400	0.01447	0.01669	0.01189	0.00944	0.00929	0.00239	0.06805	0.00593	0.00481	0.01021
37	0.02106	0.02022	0.03454	0.05223	0.64784	0.02022	0.02612	0.02612	0.01938	0.02780	0.01601	0.02106	0.01348	0.00758	0.00842	0.00253	0.01011	0.00758	0.00421	0.01348
38	0.02009	0.02296	0.05022	0.03587	0.04448	0.02152	0.61693	0.02726	0.02009	0.02726	0.01722	0.02296	0.01291	0.00717	0.01004	0.00287	0.01435	0.01004	0.00430	0.01148
39	0.01932	0.01627	0.01563	0.04076	0.01901	0.14234	0.01153	0.04762	0.02148	0.09105	0.14835	0.27056	0.04388	0.01798	0.00970	0.00294	0.00776	0.05721	0.00760	0.00900
40	0.02329	0.02274	0.02315	0.01984	0.02381	0.17621	0.07089	0.16349	0.07329	0.03044	0.02521	0.18919	0.02454	0.01427	0.01098	0.00286	0.07708	0.01163	0.00650	0.01058
41	0.02965	0.03606	0.02313	0.02099	0.02547	0.53653	0.01584	0.03625	0.14683	0.02381	0.01749	0.01866	0.01399	0.00933	0.00787	0.00233	0.01361	0.00632	0.00525	0.01059
42	0.01017	0.00818	0.00907	0.00978	0.01180	0.00709	0.00698	0.01208	0.01828	0.02254	0.07210	0.30210	0.43329	0.02339	0.01035	0.00308	0.00454	0.02020	0.00790	0.00709
43	0.02275	0.70604	0.04459	0.01456	0.02184	0.03367	0.01456	0.02548	0.01729	0.02002	0.01183	0.01365	0.01092	0.00728	0.00546	0.00182	0.00910	0.00455	0.00364	0.01092
44	0.03273	0.02819	0.02455	0.01989	0.02592	0.22546	0.01591	0.38171	0.03356	0.10000	0.01939	0.01965	0.01400	0.00979	0.00825	0.00245	0.01104	0.00706	0.00741	0.01303
45	0.01087	0.00856	0.00995	0.01083	0.01294	0.00764	0.00828	0.01322	0.01868	0.02318	0.06838	0.23343	0.38174	0.02319	0.01059	0.00323	0.00517	0.13498	0.00789	0.00725
46	0.02003	0.01715	0.04831	0.01641	0.02079	0.01766	0.01316	0.08223	0.37740	0.06172	0.03549	0.19130	0.03146	0.01490	0.00915	0.00298	0.00682	0.01279	0.00830	0.01196
47	0.02292	0.61421	0.04198	0.01559	0.02213	0.06784	0.01499	0.02555	0.01732	0.02010	0.01185	0.01414	0.01094	0.00797	0.00739	0.00199	0.06382	0.00483	0.00369	0.01073
48	0.01204	0.00870	0.01138	0.01071	0.01271	0.00803	0.00803	0.01606	0.02409	0.03413	0.64335	0.06357	0.08030	0.01740	0.01004	0.00268	0.00401	0.01539	0.00937	0.00803
49	0.02617	0.03148	0.02185	0.02004	0.02341	0.46269	0.01527	0.02853	0.02080	0.02055	0.01524	0.01981	0.01338	0.02206	0.16264	0.00499	0.07095	0.00648	0.00437	0.00929
50	0.01978	0.01880	0.03166	0.07399	0.56039	0.01886	0.02413	0.02454	0.01913	0.02701	0.02099	0.05762	0.04684	0.00926	0.00863	0.00260	0.00962	0.00892	0.00456	0.01268
51	0.02119	0.02110	0.03237	0.14278	0.51066	0.07201	0.02497	0.02610	0.01941	0.02634	0.01565	0.02084	0.01296	0.00781	0.00838	0.00255	0.01071	0.00741	0.00416	0.01259
52	0.02030	0.01741	0.01849	0.01688	0.02134	0.02002	0.01302	0.04254	0.58292	0.03448	0.03562	0.08511	0.02841	0.01276	0.00884	0.00293	0.00659	0.01079	0.00860	0.01294
53	0.02091	0.02066	0.03706	0.04961	0.55093	0.02043	0.12101	0.02630	0.01949	0.02772	0.01620	0.02137	0.01339	0.00752	0.00868	0.00258	0.01079	0.00798	0.00423	0.01316
54	0.02112	0.02019	0.03461	0.10177	0.51986	0.02052	0.07293	0.05475	0.02024	0.02851	0.01625	0.02132	0.01330	0.00776	0.00857	0.00258	0.01052	0.00778	0.00439	0.01303
55	0.01371	0.00980	0.01371	0.01567	0.01763	0.00980	0.01371	0.01763	0.01959	0.02547	0.04506	0.09599	0.04898	0.02351	0.01175	0.00392	0.00784	0.59056	0.00784	0.00784
56	0.43586	0.02167	0.01677	0.01481	0.01997	0.14489	0.01177	0.05961	0.11387	0.06391	0.01707	0.01793	0.01296	0.00887	0.00657	0.00258	0.00847	0.00589	0.00603	0.01050
57	0.02228	0.02378	0.11544	0.13673	0.14005	0.02179	0.13702	0.17181	0.08482	0.03364	0.01892	0.02219	0.01414	0.00876	0.00875	0.00271	0.01094	0.00810	0.00556	0.01255
58	0.13962	0.03159	0.02286	0.01958	0.02488	0.36379	0.01529	0.22224	0.02784	0.03401	0.01532	0.01677	0.01184	0.00911	0.00759	0.00237	0.01212	0.00606	0.00585	0.01126
59	0.02279	0.02132	0.03712	0.04039	0.33269	0.04853	0.21133	0.02804	0.01996	0.08907	0.01774	0.02206	0.01382	0.00820	0.00999	0.00270	0.04849	0.00836	0.00485	0.01256
60	0.02973	0.03066	0.02305	0.01961	0.02479	0.34691	0.01529	0.26089	0.02984	0.03390	0.02366	0.02432	0.07877	0.01068	0.00825	0.00241	0.01185	0.00764	0.00637	0.01139
61	0.01122	0.00963	0.00973	0.00953	0.01261	0.00865	0.00720	0.01567	0.08369	0.02431	0.08080	0.07664	0.57953	0.02050	0.00991	0.00288	0.00456	0.01709	0.00798	0.00784
62	0.03023	0.02229	0.02430	0.01896	0.02522	0.02474	0.01559	0.55609	0.03725	0.05008	0.02068	0.02180	0.01519	0.01584	0.07759	0.00372	0.01077	0.00781	0.00810	0.01375
63	0.01303	0.00934	0.01104	0.01065	0.01065	0.01012	0.00657	0.01323	0.01244	0.01692	0.02517	0.05180	0.02887	0.62898	0.04170	0.00778	0.07926	0.01186	0.00501	0.00559
64	0.01329	0.00951	0.01193	0.01379	0.07625	0.00951	0.00735	0.01382	0.01311	0.01769	0.02568	0.05206	0.02911	0.62821	0.03966	0.00765	0.00845	0.01187	0.00506	0.00603
65	0.01367	0.01174	0.01237	0.01278	0.01457	0.07692	0.00950	0.01655	0.02072	0.02700	0.27790	0.27305	0.08865	0.02053	0.01028	0.00305	0.00600	0.08886	0.00810	0.00779
66	0.03117	0.02346	0.02648	0.02300	0.09157	0.02574	0.01722	0.55723	0.03785	0.05092	0.01997	0.02050	0.01437	0.00994	0.00850	0.00255	0.00944	0.00765	0.00806	0.01437
67	0.01072	0.00766	0.01028	0.01225	0.01290	0.00721	0.00851	0.01246	0.01664	0.02212	0.04671	0.63251	0.05552	0.02633	0.01096	0.00350	0.00524	0.08359	0.00789	0.00701
68	0.01145	0.00929	0.01192	0.01464	0.07851	0.00848	0.00910	0.01352	0.01773	0.02265	0.05900	0.34352	0.29331	0.05211	0.01170	0.00333	0.00537	0.01936	0.00739	0.00764
69	0.01121	0.00984	0.01134	0.01320	0.07823	0.00855	0.00853	0.01367	0.01940	0.02349	0.07885	0.07552	0.57822	0.02009	0.00989	0.00284	0.00492	0.01687	0.00752	0.00784
70	0.01121	0.00984	0.01134	0.01320	0.07823	0.00855	0.00853	0.01367	0.01940	0.02349	0.07885	0.07552	0.57822	0.02009	0.00989	0.00284	0.00492	0.01687	0.00752	0.00784
71	0.06954	0.01556	0.01722	0.01435	0.01914	0.08013	0.01132	0.03204	0.02289	0.37189	0.15546	0.06726	0.03357	0.03842	0.01001	0.00285	0.00732	0.01032	0.00903	0.01167

[dist]
# distance from previous block
# <min> <max>
0	5

[block]
# block no. 5 follows, 21 sequences, length 11
# corresponding to MSA columns:
# 455-465
name=unknown_F
#
# <colnr> <probs for GDERKNQSTAVLIFYWHMCP>
#	G	D	E	R	K	N	Q	S	T	A	V	L	I	F	Y	W	H	M	C	P
0	0.01943	0.01376	0.01557	0.01391	0.01795	0.01435	0.01081	0.03193	0.29357	0.12003	0.19133	0.04772	0.14487	0.01455	0.00922	0.00280	0.00573	0.01231	0.00896	0.01121
1	0.03220	0.02821	0.02517	0.02019	0.02637	0.19397	0.01625	0.46625	0.03585	0.04505	0.01853	0.01910	0.01355	0.00984	0.00829	0.00246	0.01093	0.00709	0.00743	0.01327
2	0.02313	0.01261	0.01601	0.01300	0.01826	0.01060	0.01049	0.02661	0.02164	0.26084	0.14535	0.04319	0.10011	0.01287	0.00864	0.00241	0.00614	0.05446	0.00839	0.20526
3	0.01628	0.01632	0.01388	0.01428	0.01607	0.17979	0.01016	0.01841	0.01976	0.02375	0.14694	0.40209	0.04881	0.02029	0.00988	0.00298	0.00749	0.01769	0.00725	0.00789
4	0.01084	0.00785	0.01087	0.01233	0.01309	0.00789	0.00862	0.01273	0.01561	0.02121	0.04060	0.52215	0.04712	0.03639	0.18262	0.00613	0.00961	0.02025	0.00703	0.00709
5	0.01488	0.01136	0.01580	0.02043	0.17643	0.01136	0.01069	0.01646	0.01457	0.02046	0.02405	0.04505	0.02577	0.47386	0.03172	0.00634	0.00845	0.01083	0.05397	0.00752
6	0.01143	0.00893	0.01052	0.01084	0.01329	0.00802	0.00861	0.01446	0.02057	0.02626	0.20969	0.08095	0.36383	0.02103	0.01047	0.00308	0.00510	0.15714	0.00824	0.00755
7	0.01114	0.00808	0.00930	0.00992	0.01082	0.00755	0.00636	0.01217	0.01545	0.01984	0.04868	0.26389	0.19945	0.31092	0.02440	0.00533	0.00618	0.01756	0.00674	0.00624
8	0.02117	0.01828	0.01924	0.01732	0.02213	0.02117	0.01347	0.04522	0.63246	0.03560	0.03464	0.03175	0.02598	0.01155	0.00866	0.00289	0.00673	0.00962	0.00866	0.01347
9	0.01238	0.00825	0.00928	0.00928	0.00928	0.00825	0.00516	0.01238	0.01238	0.01650	0.02681	0.05569	0.03094	0.70092	0.04331	0.00825	0.00825	0.01238	0.00516	0.00516
10	0.01301	0.00803	0.00975	0.00975	0.00975	0.00803	0.00574	0.01204	0.01204	0.01605	0.02367	0.04789	0.02671	0.52524	0.04068	0.20299	0.00803	0.01107	0.00477	0.00477

[dist]
# distance from previous block
# <min> <max>
0	5

# created by:
# /home/cegg/simao/soft/augustus-3.2.1/scripts/msa2prfl.pl ./align_prep/11388.fa
