[name]
unknown

[dist]
# distance from previous block
# <min> <max>
2	14

[block]
# block no. 0 follows, 15 sequences, length 34
# corresponding to MSA columns:
# 14-47
name=unknown_A
#
# <colnr> <probs for GDERKNQSTAVLIFYWHMCP>
#	G	D	E	R	K	N	Q	S	T	A	V	L	I	F	Y	W	H	M	C	P
0	0.02353	0.01247	0.01623	0.01494	0.01860	0.01236	0.01158	0.02841	0.05227	0.18519	0.04078	0.12684	0.06738	0.03424	0.18716	0.00695	0.01259	0.01349	0.12356	0.01144
1	0.01607	0.01119	0.01205	0.01224	0.01512	0.01097	0.00930	0.02259	0.09025	0.03225	0.06117	0.13578	0.22341	0.02014	0.01025	0.00320	0.00570	0.05761	0.24106	0.00966
2	0.02832	0.01584	0.01978	0.01602	0.02200	0.01444	0.01276	0.05888	0.07989	0.23753	0.21136	0.04462	0.04568	0.01418	0.01013	0.00284	0.00712	0.01197	0.01044	0.13619
3	0.01737	0.01570	0.06471	0.02120	0.08925	0.01360	0.01445	0.02196	0.08352	0.02614	0.03397	0.22899	0.03603	0.09821	0.02249	0.17167	0.00867	0.01585	0.00686	0.00939
4	0.03416	0.01891	0.02248	0.01840	0.02496	0.01893	0.01498	0.14845	0.12907	0.28481	0.04449	0.04428	0.09276	0.01487	0.01046	0.00324	0.00852	0.04004	0.01091	0.01529
5	0.21718	0.01923	0.01625	0.01459	0.01939	0.08598	0.01142	0.08659	0.02526	0.03739	0.11134	0.05332	0.23253	0.01685	0.00966	0.00312	0.00799	0.01314	0.00818	0.01059
6	0.02214	0.01491	0.01721	0.01510	0.01961	0.01481	0.01179	0.07969	0.12856	0.11808	0.23183	0.06230	0.18665	0.01837	0.01105	0.00322	0.00652	0.01552	0.01049	0.01214
7	0.01772	0.01034	0.01297	0.01282	0.01469	0.00970	0.00890	0.02025	0.02139	0.09649	0.16988	0.23100	0.05627	0.18111	0.02125	0.00497	0.00672	0.01837	0.07608	0.00906
8	0.01496	0.01151	0.01401	0.01531	0.01701	0.01181	0.01071	0.02258	0.14150	0.02906	0.05175	0.50837	0.05804	0.02729	0.01215	0.00390	0.00625	0.02454	0.00945	0.00981
9	0.01293	0.00964	0.01213	0.01329	0.01506	0.00884	0.00971	0.01580	0.02224	0.02930	0.17416	0.34110	0.18585	0.02722	0.01244	0.00377	0.00580	0.08256	0.00960	0.00857
10	0.01323	0.00960	0.01202	0.01247	0.01403	0.00889	0.00868	0.01605	0.02265	0.03077	0.27429	0.26511	0.13442	0.11097	0.01743	0.00436	0.00579	0.02133	0.00952	0.00839
11	0.33732	0.01870	0.01833	0.01546	0.02111	0.02046	0.01244	0.14580	0.02488	0.10951	0.02132	0.02371	0.01600	0.01348	0.01147	0.08751	0.00835	0.00750	0.07468	0.01197
12	0.18168	0.01316	0.01374	0.01375	0.01692	0.01375	0.01022	0.02314	0.08647	0.03473	0.14306	0.25239	0.11851	0.02123	0.01057	0.00349	0.00621	0.01811	0.00894	0.00993
13	0.16307	0.01234	0.01385	0.01352	0.01677	0.01216	0.01009	0.02237	0.02225	0.10005	0.17368	0.25725	0.10313	0.02134	0.01073	0.00346	0.00618	0.01833	0.00939	0.01004
14	0.01504	0.01106	0.01525	0.01534	0.01662	0.01265	0.01152	0.01793	0.01710	0.02514	0.03271	0.17349	0.03380	0.09372	0.30908	0.01014	0.07629	0.01453	0.08982	0.00875
15	0.16321	0.01687	0.01720	0.01657	0.01966	0.08591	0.01293	0.02282	0.01768	0.02776	0.02270	0.03187	0.02055	0.05348	0.41315	0.01173	0.02173	0.00908	0.00549	0.00961
16	0.01324	0.00987	0.01111	0.01111	0.01289	0.00904	0.00750	0.01525	0.02065	0.02673	0.16925	0.11626	0.25706	0.24726	0.02573	0.00561	0.00667	0.01858	0.00845	0.00775
17	0.01408	0.01188	0.01374	0.08390	0.02092	0.01161	0.01066	0.01911	0.07080	0.02726	0.07569	0.11919	0.37610	0.08283	0.01523	0.00402	0.00677	0.01862	0.00846	0.00914
18	0.01668	0.01355	0.01731	0.01589	0.01716	0.01581	0.01222	0.01769	0.01761	0.02400	0.04670	0.05370	0.21179	0.08375	0.02710	0.13487	0.20970	0.01351	0.04266	0.00829
19	0.02078	0.02060	0.02453	0.02338	0.04846	0.09953	0.01791	0.02377	0.01765	0.02407	0.01941	0.02878	0.01819	0.04038	0.27302	0.00900	0.26603	0.00925	0.00490	0.01036
20	0.01516	0.01189	0.01724	0.01672	0.01812	0.01432	0.01295	0.01821	0.01579	0.02288	0.02555	0.03962	0.02462	0.12326	0.48835	0.01404	0.09632	0.01082	0.00529	0.00886
21	0.01215	0.00868	0.01157	0.01388	0.01446	0.00810	0.00925	0.01388	0.01909	0.02545	0.05495	0.64315	0.06593	0.03123	0.01272	0.00405	0.00578	0.02834	0.00925	0.00810
22	0.03615	0.11453	0.03147	0.02402	0.03022	0.40534	0.01893	0.16051	0.03172	0.03339	0.01725	0.01915	0.01381	0.01047	0.00892	0.00262	0.01546	0.00690	0.00618	0.01298
23	0.02066	0.02198	0.07390	0.10748	0.21210	0.02025	0.10929	0.02817	0.06607	0.02997	0.03186	0.03951	0.08580	0.09162	0.01554	0.00401	0.01164	0.01158	0.00591	0.01267
24	0.02329	0.02227	0.03796	0.19493	0.46455	0.02332	0.02991	0.02938	0.02204	0.03089	0.01851	0.02512	0.01520	0.00914	0.00989	0.00305	0.01219	0.00888	0.00481	0.01467
25	0.02467	0.02369	0.04046	0.06119	0.58747	0.02369	0.03059	0.03059	0.02270	0.03257	0.01875	0.02467	0.01579	0.00888	0.00987	0.00296	0.01184	0.00888	0.00493	0.01579
26	0.02426	0.10283	0.10090	0.03571	0.23046	0.12721	0.02370	0.02942	0.02172	0.02783	0.01925	0.02525	0.01657	0.02381	0.14277	0.00572	0.01645	0.00824	0.00490	0.01303
27	0.02699	0.08142	0.14777	0.06603	0.11583	0.22236	0.05325	0.03276	0.02374	0.02901	0.01875	0.02276	0.01490	0.00982	0.00900	0.00278	0.01394	0.00769	0.08848	0.01272
28	0.01345	0.00923	0.01118	0.01221	0.01247	0.00897	0.00747	0.01422	0.01654	0.02205	0.04186	0.32187	0.04943	0.37503	0.03386	0.00717	0.00794	0.02064	0.00747	0.00695
29	0.01856	0.01388	0.01577	0.01480	0.01800	0.01372	0.01082	0.13486	0.02556	0.03373	0.05268	0.28803	0.15582	0.09831	0.01616	0.00420	0.00734	0.01961	0.00884	0.04932
30	0.03553	0.09347	0.02996	0.02432	0.03004	0.46497	0.01880	0.08939	0.06864	0.02927	0.01793	0.01978	0.01451	0.01053	0.00896	0.00263	0.01597	0.00693	0.00589	0.01248
31	0.01358	0.00909	0.01257	0.01381	0.01464	0.00888	0.00955	0.01477	0.01867	0.02538	0.10674	0.39063	0.05536	0.03579	0.08889	0.13587	0.00869	0.02138	0.00808	0.00765
32	0.01253	0.00911	0.01154	0.01302	0.01410	0.00842	0.00881	0.01456	0.02022	0.02684	0.12065	0.46346	0.12869	0.07981	0.01561	0.00432	0.00589	0.02512	0.00919	0.00812
33	0.17792	0.02609	0.10330	0.09029	0.12464	0.02375	0.17175	0.03312	0.08975	0.03544	0.02060	0.02473	0.01571	0.00959	0.00958	0.00321	0.01231	0.00904	0.00576	0.01344

[dist]
# distance from previous block
# <min> <max>
0	8

[block]
# block no. 1 follows, 15 sequences, length 29
# corresponding to MSA columns:
# 56-84
name=unknown_B
#
# <colnr> <probs for GDERKNQSTAVLIFYWHMCP>
#	G	D	E	R	K	N	Q	S	T	A	V	L	I	F	Y	W	H	M	C	P
0	0.07741	0.03541	0.14974	0.03629	0.21584	0.19222	0.02561	0.03522	0.02416	0.08841	0.01938	0.02234	0.01484	0.00979	0.00929	0.00291	0.01359	0.00773	0.00569	0.01412
1	0.30672	0.02561	0.10420	0.03728	0.28404	0.02308	0.02338	0.03020	0.02015	0.03738	0.01666	0.02074	0.01334	0.00911	0.00831	0.00304	0.01055	0.00726	0.00534	0.01362
2	0.03724	0.04751	0.02825	0.02568	0.03082	0.60963	0.01926	0.03981	0.02825	0.02440	0.01541	0.01798	0.01284	0.01027	0.00899	0.00257	0.01798	0.00642	0.00514	0.01156
3	0.01265	0.01013	0.01130	0.01101	0.01400	0.00878	0.00825	0.01598	0.02476	0.03177	0.27968	0.08797	0.40171	0.02344	0.01177	0.00328	0.00492	0.01992	0.00989	0.00878
4	0.12071	0.02220	0.02322	0.01849	0.02504	0.02422	0.01513	0.34286	0.03643	0.09099	0.02549	0.02639	0.01849	0.01157	0.00887	0.00287	0.00907	0.00866	0.15472	0.01458
5	0.01256	0.00974	0.01056	0.01095	0.01295	0.00869	0.00746	0.01428	0.01992	0.02466	0.07466	0.18167	0.34971	0.19167	0.02226	0.00515	0.00640	0.02056	0.00840	0.00773
6	0.01282	0.01014	0.01154	0.01119	0.01410	0.00886	0.00839	0.01632	0.02518	0.03277	0.31628	0.08633	0.36449	0.02307	0.01177	0.00326	0.00489	0.01969	0.01003	0.00886
7	0.01294	0.01014	0.01171	0.01132	0.01418	0.00891	0.00849	0.01655	0.02546	0.03343	0.34077	0.08524	0.33958	0.02282	0.01177	0.00325	0.00488	0.01954	0.01011	0.00891
8	0.04473	0.01697	0.02313	0.01774	0.02545	0.01465	0.01465	0.04858	0.02853	0.59437	0.03933	0.03393	0.02468	0.01234	0.01003	0.00308	0.00848	0.01003	0.01234	0.01697
9	0.02181	0.02181	0.03053	0.02617	0.02617	0.03053	0.02181	0.02399	0.01527	0.02399	0.01309	0.02181	0.01309	0.01745	0.03272	0.00436	0.63141	0.00872	0.00436	0.01091
10	0.02067	0.01772	0.02067	0.01477	0.02362	0.01329	0.01181	0.02510	0.02067	0.03248	0.01772	0.02067	0.01477	0.00738	0.00738	0.00148	0.00738	0.00591	0.00591	0.71059
11	0.02665	0.65565	0.05224	0.01706	0.02559	0.03945	0.01706	0.02985	0.02026	0.02345	0.01386	0.01599	0.01279	0.00853	0.00640	0.00213	0.01066	0.00533	0.00426	0.01279
12	0.02665	0.65565	0.05224	0.01706	0.02559	0.03945	0.01706	0.02985	0.02026	0.02345	0.01386	0.01599	0.01279	0.00853	0.00640	0.00213	0.01066	0.00533	0.00426	0.01279
13	0.01999	0.05157	0.59800	0.02841	0.04315	0.02315	0.03683	0.03157	0.02105	0.03157	0.01789	0.02105	0.01263	0.00947	0.00947	0.00316	0.01473	0.00737	0.00421	0.01473
14	0.01261	0.00972	0.01153	0.01195	0.01420	0.00863	0.00863	0.01559	0.02338	0.03056	0.23747	0.24770	0.28123	0.02546	0.01205	0.00349	0.00515	0.02222	0.00979	0.00863
15	0.01606	0.01147	0.01606	0.01836	0.02065	0.01147	0.01606	0.02065	0.02295	0.02983	0.05278	0.11245	0.05737	0.02754	0.01377	0.00459	0.00918	0.52037	0.00918	0.00918
16	0.01450	0.00966	0.01087	0.01087	0.01087	0.00966	0.00604	0.01450	0.01450	0.01933	0.03141	0.06524	0.03624	0.64965	0.05074	0.00966	0.00966	0.01450	0.00604	0.00604
17	0.01450	0.00966	0.01087	0.01087	0.01087	0.00966	0.00604	0.01450	0.01450	0.01933	0.03141	0.06524	0.03624	0.64965	0.05074	0.00966	0.00966	0.01450	0.00604	0.00604
18	0.01377	0.00936	0.01109	0.01181	0.01199	0.00918	0.00704	0.01431	0.01593	0.02123	0.03873	0.24508	0.04548	0.45720	0.03891	0.00792	0.00846	0.01881	0.00704	0.00668
19	0.02067	0.01772	0.02067	0.01477	0.02362	0.01329	0.01181	0.02510	0.02067	0.03248	0.01772	0.02067	0.01477	0.00738	0.00738	0.00148	0.00738	0.00591	0.00591	0.71059
20	0.02480	0.02141	0.02254	0.02029	0.02592	0.02480	0.01578	0.05297	0.56946	0.04170	0.04057	0.03719	0.03043	0.01352	0.01014	0.00338	0.00789	0.01127	0.01014	0.01578
21	0.01192	0.00956	0.01066	0.01154	0.01384	0.00829	0.00821	0.01414	0.02134	0.02637	0.08348	0.30402	0.38664	0.02752	0.01214	0.00363	0.00533	0.02382	0.00926	0.00829
22	0.02596	0.02613	0.03921	0.05755	0.53042	0.08373	0.02943	0.03154	0.02327	0.03173	0.01841	0.02399	0.01549	0.00902	0.00978	0.00292	0.01247	0.00863	0.00496	0.01536
23	0.01283	0.00896	0.01137	0.01301	0.01342	0.00855	0.00832	0.01406	0.01776	0.02368	0.04813	0.47581	0.05734	0.21030	0.02373	0.00567	0.00691	0.02433	0.00832	0.00750
24	0.01215	0.00868	0.01157	0.01388	0.01446	0.00810	0.00925	0.01388	0.01909	0.02545	0.05495	0.64315	0.06593	0.03123	0.01272	0.00405	0.00578	0.02834	0.00925	0.00810
25	0.01450	0.00966	0.01087	0.01087	0.01087	0.00966	0.00604	0.01450	0.01450	0.01933	0.03141	0.06524	0.03624	0.64965	0.05074	0.00966	0.00966	0.01450	0.00604	0.00604
26	0.02715	0.38107	0.11927	0.08278	0.03348	0.15446	0.02130	0.03171	0.02200	0.02496	0.01513	0.01818	0.01283	0.00917	0.00772	0.00248	0.01301	0.00620	0.00446	0.01262
27	0.02630	0.02764	0.03611	0.15021	0.38266	0.14572	0.02773	0.03164	0.02339	0.02965	0.01788	0.02360	0.01475	0.00936	0.00970	0.00294	0.01337	0.00836	0.00489	0.01410
28	0.02467	0.02369	0.04046	0.06119	0.58747	0.02369	0.03059	0.03059	0.02270	0.03257	0.01875	0.02467	0.01579	0.00888	0.00987	0.00296	0.01184	0.00888	0.00493	0.01579

[dist]
# distance from previous block
# <min> <max>
0	1

[block]
# block no. 2 follows, 15 sequences, length 176
# corresponding to MSA columns:
# 86-261
name=unknown_C
#
# <colnr> <probs for GDERKNQSTAVLIFYWHMCP>
#	G	D	E	R	K	N	Q	S	T	A	V	L	I	F	Y	W	H	M	C	P
0	0.02467	0.02369	0.04046	0.06119	0.58747	0.02369	0.03059	0.03059	0.02270	0.03257	0.01875	0.02467	0.01579	0.00888	0.00987	0.00296	0.01184	0.00888	0.00493	0.01579
1	0.02506	0.02921	0.16500	0.04220	0.30739	0.02313	0.02791	0.03663	0.13287	0.07479	0.02444	0.02702	0.01865	0.01020	0.00984	0.00310	0.01147	0.00909	0.00635	0.01563
2	0.02494	0.05040	0.43463	0.02763	0.03961	0.19132	0.03179	0.03393	0.02311	0.02951	0.01718	0.02017	0.01269	0.00970	0.00933	0.00299	0.01566	0.00710	0.00448	0.01382
3	0.01209	0.00998	0.01061	0.01073	0.01372	0.00850	0.00794	0.01480	0.02304	0.02833	0.15339	0.14263	0.47937	0.02521	0.01186	0.00340	0.00507	0.02134	0.00946	0.00850
4	0.01450	0.00966	0.01087	0.01087	0.01087	0.00966	0.00604	0.01450	0.01450	0.01933	0.03141	0.06524	0.03624	0.64965	0.05074	0.00966	0.00966	0.01450	0.00604	0.00604
5	0.01205	0.00904	0.01119	0.01291	0.01420	0.00818	0.00882	0.01399	0.02002	0.02583	0.06678	0.50251	0.19893	0.02969	0.01248	0.00387	0.00559	0.02646	0.00925	0.00818
6	0.01236	0.00876	0.01150	0.01361	0.01414	0.00824	0.00896	0.01394	0.01867	0.02490	0.05283	0.59117	0.06326	0.08686	0.01614	0.00455	0.00613	0.02709	0.00896	0.00791
7	0.03454	0.02469	0.02633	0.02057	0.02756	0.02716	0.01687	0.46194	0.04236	0.05837	0.02543	0.02623	0.01845	0.01191	0.00945	0.00288	0.00987	0.00903	0.13077	0.01562
8	0.01215	0.00868	0.01157	0.01388	0.01446	0.00810	0.00925	0.01388	0.01909	0.02545	0.05495	0.64315	0.06593	0.03123	0.01272	0.00405	0.00578	0.02834	0.00925	0.00810
9	0.03557	0.02677	0.02861	0.02247	0.03003	0.02983	0.01839	0.46535	0.13953	0.05908	0.02688	0.02629	0.01934	0.01224	0.01000	0.00306	0.01042	0.00938	0.01000	0.01675
10	0.03724	0.04751	0.02825	0.02568	0.03082	0.60963	0.01926	0.03981	0.02825	0.02440	0.01541	0.01798	0.01284	0.01027	0.00899	0.00257	0.01798	0.00642	0.00514	0.01156
11	0.72007	0.01928	0.01465	0.01311	0.01928	0.02236	0.01080	0.02930	0.01697	0.04473	0.01388	0.01619	0.01080	0.00925	0.00617	0.00308	0.00771	0.00540	0.00617	0.01080
12	0.03402	0.23262	0.03555	0.02306	0.02923	0.43608	0.01859	0.03678	0.02582	0.02411	0.01494	0.01737	0.01283	0.00974	0.00820	0.00244	0.01575	0.00609	0.00487	0.01193
13	0.01430	0.01045	0.01483	0.01483	0.01619	0.01181	0.01097	0.01703	0.01567	0.02226	0.02780	0.04521	0.02755	0.20819	0.48031	0.01455	0.02275	0.01157	0.00550	0.00824
14	0.01424	0.01068	0.01602	0.01602	0.01780	0.01246	0.01246	0.01780	0.01602	0.02314	0.02670	0.03916	0.02492	0.07477	0.61015	0.01602	0.02670	0.01068	0.00534	0.00890
15	0.59558	0.01963	0.01739	0.08570	0.02580	0.02287	0.01328	0.06124	0.01916	0.04358	0.01495	0.01789	0.01147	0.00951	0.00685	0.00311	0.00857	0.00603	0.00620	0.01121
16	0.01904	0.01922	0.03593	0.03045	0.08312	0.01909	0.24097	0.02457	0.02110	0.02851	0.03740	0.04311	0.13178	0.02753	0.14950	0.00628	0.05209	0.01295	0.00591	0.01146
17	0.72007	0.01928	0.01465	0.01311	0.01928	0.02236	0.01080	0.02930	0.01697	0.04473	0.01388	0.01619	0.01080	0.00925	0.00617	0.00308	0.00771	0.00540	0.00617	0.01080
18	0.02634	0.02849	0.03263	0.08581	0.32290	0.18979	0.02443	0.03095	0.02409	0.02905	0.02738	0.03127	0.08146	0.01128	0.00985	0.00292	0.01291	0.00960	0.00546	0.01337
19	0.01194	0.01011	0.01032	0.01027	0.01356	0.00848	0.00770	0.01461	0.02310	0.02782	0.13377	0.09448	0.55009	0.02492	0.01178	0.00335	0.00503	0.02083	0.00937	0.00848
20	0.01883	0.01772	0.02990	0.62569	0.06866	0.02215	0.02769	0.02547	0.01993	0.02547	0.01772	0.02658	0.01329	0.00997	0.00997	0.00332	0.01329	0.00886	0.00443	0.01107
21	0.02078	0.12255	0.53387	0.02708	0.04108	0.02507	0.03451	0.03137	0.02095	0.03062	0.01742	0.02045	0.01265	0.00936	0.00911	0.00304	0.01425	0.00713	0.00422	0.01451
22	0.02448	0.02423	0.04361	0.05791	0.49581	0.02395	0.11973	0.03082	0.02284	0.03246	0.01899	0.02505	0.01568	0.00880	0.01019	0.00303	0.01269	0.00938	0.00495	0.01539
23	0.01999	0.05157	0.59800	0.02841	0.04315	0.02315	0.03683	0.03157	0.02105	0.03157	0.01789	0.02105	0.01263	0.00947	0.00947	0.00316	0.01473	0.00737	0.00421	0.01473
24	0.01258	0.00904	0.01125	0.01283	0.01362	0.00845	0.00841	0.01406	0.01859	0.02439	0.05561	0.46244	0.12076	0.15510	0.02027	0.00510	0.00648	0.02469	0.00861	0.00772
25	0.01639	0.01275	0.01687	0.01642	0.01881	0.01469	0.01255	0.02459	0.12736	0.02654	0.02992	0.04111	0.02705	0.11414	0.43897	0.01290	0.02138	0.01114	0.00637	0.01003
26	0.02516	0.09952	0.03773	0.04215	0.30053	0.08032	0.02531	0.02933	0.02065	0.02815	0.01615	0.02218	0.01435	0.01157	0.01634	0.00325	0.20084	0.00820	0.00470	0.01357
27	0.01411	0.01019	0.01333	0.01254	0.01489	0.00941	0.00941	0.01881	0.02822	0.03998	0.58221	0.07447	0.09406	0.02038	0.01176	0.00314	0.00470	0.01803	0.01097	0.00941
28	0.01732	0.00866	0.01299	0.01299	0.01299	0.00866	0.00866	0.01299	0.01299	0.01732	0.01732	0.03030	0.01732	0.03463	0.03896	0.70996	0.00866	0.00866	0.00433	0.00433
29	0.03790	0.02792	0.02992	0.02294	0.03091	0.03091	0.01895	0.55423	0.04687	0.06283	0.02393	0.02393	0.01695	0.01197	0.00997	0.00299	0.01097	0.00898	0.00997	0.01695
30	0.01424	0.01068	0.01602	0.01602	0.01780	0.01246	0.01246	0.01780	0.01602	0.02314	0.02670	0.03916	0.02492	0.07477	0.61015	0.01602	0.02670	0.01068	0.00534	0.00890
31	0.01202	0.00919	0.01104	0.01252	0.01410	0.00821	0.00865	0.01403	0.02039	0.02598	0.07148	0.44669	0.25172	0.02908	0.01239	0.00380	0.00552	0.02572	0.00926	0.00821
32	0.72007	0.01928	0.01465	0.01311	0.01928	0.02236	0.01080	0.02930	0.01697	0.04473	0.01388	0.01619	0.01080	0.00925	0.00617	0.00308	0.00771	0.00540	0.00617	0.01080
33	0.72007	0.01928	0.01465	0.01311	0.01928	0.02236	0.01080	0.02930	0.01697	0.04473	0.01388	0.01619	0.01080	0.00925	0.00617	0.00308	0.00771	0.00540	0.00617	0.01080
34	0.01843	0.03287	0.30560	0.02323	0.03110	0.02036	0.02545	0.02580	0.02141	0.03155	0.15058	0.07857	0.03547	0.01518	0.01492	0.00346	0.13598	0.01163	0.00617	0.01225
35	0.02387	0.02248	0.03648	0.05184	0.47389	0.02159	0.02681	0.02949	0.02229	0.03255	0.01854	0.02387	0.01558	0.00858	0.00937	0.00266	0.01094	0.00828	0.00513	0.15575
36	0.03503	0.08698	0.03135	0.02926	0.09586	0.50114	0.02044	0.03803	0.02704	0.02529	0.01569	0.01863	0.01318	0.00999	0.00891	0.00258	0.01675	0.00663	0.00505	0.01214
37	0.03724	0.04751	0.02825	0.02568	0.03082	0.60963	0.01926	0.03981	0.02825	0.02440	0.01541	0.01798	0.01284	0.01027	0.00899	0.00257	0.01798	0.00642	0.00514	0.01156
38	0.01771	0.00957	0.01065	0.01065	0.01286	0.00993	0.00807	0.02214	0.01992	0.03434	0.03135	0.03757	0.02542	0.02434	0.12847	0.00508	0.00909	0.00957	0.56406	0.00921
39	0.02343	0.02566	0.08776	0.04820	0.37757	0.02560	0.02864	0.02879	0.02042	0.03002	0.01705	0.02353	0.01473	0.01139	0.01638	0.00338	0.18975	0.00870	0.00471	0.01429
40	0.01276	0.01014	0.01146	0.01113	0.01407	0.00883	0.00835	0.01621	0.02504	0.03243	0.30401	0.08688	0.37697	0.02319	0.01177	0.00327	0.00490	0.01977	0.00998	0.00883
41	0.01497	0.00988	0.01331	0.01426	0.01578	0.00946	0.01088	0.01627	0.02006	0.02633	0.11194	0.16674	0.12542	0.02900	0.02031	0.20641	0.00738	0.16605	0.00802	0.00754
42	0.03291	0.29617	0.03806	0.02216	0.02868	0.37649	0.01836	0.03574	0.02498	0.02401	0.01478	0.01717	0.01282	0.00956	0.00793	0.00239	0.01499	0.00597	0.00478	0.01206
43	0.02790	0.58419	0.04942	0.01807	0.02620	0.10645	0.01732	0.03102	0.02120	0.02357	0.01404	0.01622	0.01280	0.00873	0.00670	0.00218	0.01152	0.00546	0.00437	0.01265
44	0.02596	0.08364	0.02568	0.01810	0.02586	0.18663	0.01442	0.02975	0.02281	0.02935	0.01671	0.01948	0.01404	0.00831	0.00775	0.00185	0.01072	0.00600	0.00554	0.44739
45	0.02912	0.13965	0.04003	0.04004	0.25686	0.22304	0.07132	0.03368	0.02422	0.02822	0.01692	0.02115	0.01423	0.00925	0.00915	0.00272	0.01415	0.00771	0.00490	0.01365
46	0.01266	0.01011	0.01145	0.01196	0.01471	0.00889	0.00912	0.01561	0.02293	0.02864	0.14481	0.16538	0.39105	0.02575	0.01216	0.00359	0.00565	0.08749	0.00945	0.00859
47	0.02326	0.02604	0.05567	0.08531	0.08415	0.02490	0.48341	0.03139	0.02322	0.03150	0.01991	0.02674	0.01503	0.00854	0.01153	0.00334	0.01627	0.01139	0.00499	0.01341
48	0.02665	0.65565	0.05224	0.01706	0.02559	0.03945	0.01706	0.02985	0.02026	0.02345	0.01386	0.01599	0.01279	0.00853	0.00640	0.00213	0.01066	0.00533	0.00426	0.01279
49	0.61940	0.02055	0.01690	0.01456	0.02100	0.02363	0.01200	0.10677	0.02138	0.04740	0.01536	0.01734	0.01170	0.00965	0.00673	0.00307	0.00819	0.00593	0.00673	0.01170
50	0.02209	0.01313	0.01692	0.01530	0.01715	0.01382	0.01105	0.13861	0.02085	0.02788	0.01885	0.02882	0.01723	0.02937	0.03223	0.54587	0.00919	0.00873	0.00564	0.00726
51	0.02929	0.02662	0.02145	0.01957	0.02406	0.23103	0.01469	0.03627	0.12041	0.12690	0.03671	0.13688	0.06250	0.05292	0.01260	0.00351	0.01124	0.01294	0.00826	0.01215
52	0.01811	0.01369	0.01656	0.01469	0.01815	0.01352	0.01085	0.08095	0.02074	0.02900	0.03191	0.08137	0.05996	0.20615	0.19301	0.00834	0.01374	0.01226	0.00666	0.15033
53	0.01732	0.00866	0.01299	0.01299	0.01299	0.00866	0.00866	0.01299	0.01299	0.01732	0.01732	0.03030	0.01732	0.03463	0.03896	0.70996	0.00866	0.00866	0.00433	0.00433
54	0.03325	0.27658	0.03729	0.02243	0.02885	0.39485	0.01843	0.03606	0.02524	0.02404	0.01483	0.01723	0.01282	0.00962	0.00801	0.00240	0.01522	0.00601	0.00481	0.01202
55	0.02062	0.08736	0.53200	0.02853	0.04260	0.02428	0.06645	0.03149	0.02115	0.03109	0.01778	0.02109	0.01279	0.00935	0.00942	0.00311	0.01461	0.00750	0.00426	0.01454
56	0.02352	0.02866	0.11568	0.04720	0.24049	0.02443	0.30657	0.03142	0.02294	0.03212	0.01940	0.02542	0.01507	0.00870	0.01082	0.00320	0.01481	0.01023	0.00491	0.01443
57	0.01675	0.01393	0.01969	0.01855	0.01966	0.01754	0.01470	0.01973	0.01649	0.02470	0.02606	0.10440	0.02598	0.04663	0.31039	0.00987	0.21739	0.01203	0.05606	0.00948
58	0.01224	0.00946	0.01117	0.01212	0.01410	0.00840	0.00857	0.01468	0.02177	0.02790	0.14077	0.34158	0.28685	0.02735	0.01221	0.00365	0.00534	0.02397	0.00947	0.00840
59	0.02683	0.01613	0.01916	0.01597	0.02038	0.01619	0.01224	0.16402	0.03005	0.15748	0.19757	0.05067	0.04625	0.15920	0.01977	0.00457	0.00826	0.01318	0.00988	0.01220
60	0.02788	0.22099	0.04151	0.04039	0.30096	0.15004	0.02412	0.03228	0.02311	0.02810	0.01657	0.02064	0.01427	0.00906	0.00863	0.00263	0.01276	0.00729	0.00477	0.01400
61	0.01273	0.00972	0.01169	0.01207	0.01427	0.00868	0.00872	0.01582	0.02368	0.03125	0.26279	0.24503	0.25708	0.02519	0.01204	0.00348	0.00513	0.02204	0.00988	0.00868
62	0.01202	0.00919	0.01104	0.01252	0.01410	0.00821	0.00865	0.01403	0.02039	0.02598	0.07148	0.44669	0.25172	0.02908	0.01239	0.00380	0.00552	0.02572	0.00926	0.00821
63	0.03345	0.02229	0.03145	0.03658	0.25378	0.02249	0.02206	0.14356	0.07852	0.21049	0.02802	0.02847	0.02005	0.01097	0.00996	0.00304	0.01029	0.00946	0.00867	0.01638
64	0.02871	0.38737	0.04431	0.02795	0.13998	0.16846	0.02030	0.03231	0.02260	0.02551	0.01520	0.01820	0.01341	0.00900	0.00770	0.00240	0.01260	0.00630	0.00460	0.01311
65	0.01518	0.01178	0.01669	0.01618	0.01739	0.01402	0.01227	0.01786	0.01563	0.02247	0.02605	0.04238	0.02581	0.18383	0.42961	0.01337	0.09433	0.01122	0.00537	0.00856
66	0.01858	0.00929	0.00929	0.00929	0.01161	0.00929	0.00697	0.02323	0.02091	0.03717	0.03252	0.03717	0.02555	0.01161	0.00697	0.00232	0.00465	0.00929	0.70499	0.00929
67	0.02903	0.02189	0.02346	0.01948	0.02580	0.02393	0.01561	0.25106	0.23211	0.07853	0.04404	0.04165	0.11927	0.01483	0.01035	0.00320	0.00870	0.01194	0.01004	0.01506
68	0.02337	0.02435	0.04744	0.12806	0.27322	0.02418	0.26822	0.03052	0.02271	0.03133	0.01926	0.02594	0.01515	0.00881	0.01075	0.00319	0.01431	0.01020	0.00492	0.01409
69	0.01866	0.01702	0.02304	0.23028	0.03709	0.06094	0.01903	0.02313	0.01848	0.02501	0.02151	0.03108	0.01864	0.03686	0.25216	0.00840	0.09109	0.00942	0.04806	0.01011
70	0.03420	0.22189	0.03513	0.02321	0.02932	0.44614	0.01863	0.03695	0.02596	0.02413	0.01496	0.01741	0.01283	0.00977	0.00825	0.00244	0.01588	0.00611	0.00489	0.01191
71	0.01178	0.01010	0.01010	0.01010	0.01347	0.00842	0.00757	0.01431	0.02272	0.02693	0.10099	0.09594	0.58342	0.02525	0.01178	0.00337	0.00505	0.02104	0.00926	0.00842
72	0.02449	0.02239	0.03601	0.22721	0.36407	0.02409	0.02832	0.09171	0.02476	0.03404	0.01906	0.02516	0.01517	0.00958	0.00991	0.00307	0.01218	0.00889	0.00538	0.01450
73	0.02650	0.02721	0.02989	0.03697	0.24572	0.15860	0.02180	0.03765	0.18044	0.03265	0.02749	0.08234	0.02381	0.01255	0.01000	0.00309	0.01159	0.01075	0.00686	0.01411
74	0.01314	0.01015	0.01197	0.01152	0.01430	0.00899	0.00864	0.01693	0.02592	0.03451	0.38074	0.08346	0.29894	0.02242	0.01177	0.00323	0.00485	0.01929	0.01026	0.00899
75	0.01282	0.00896	0.01137	0.01302	0.01343	0.00855	0.00833	0.01406	0.01777	0.02369	0.04820	0.47744	0.05742	0.20855	0.02362	0.00566	0.00690	0.02437	0.00833	0.00751
76	0.02480	0.02141	0.02254	0.02029	0.02592	0.02480	0.01578	0.05297	0.56946	0.04170	0.04057	0.03719	0.03043	0.01352	0.01014	0.00338	0.00789	0.01127	0.01014	0.01578
77	0.01450	0.00966	0.01087	0.01087	0.01087	0.00966	0.00604	0.01450	0.01450	0.01933	0.03141	0.06524	0.03624	0.64965	0.05074	0.00966	0.00966	0.01450	0.00604	0.00604
78	0.02665	0.65565	0.05224	0.01706	0.02559	0.03945	0.01706	0.02985	0.02026	0.02345	0.01386	0.01599	0.01279	0.00853	0.00640	0.00213	0.01066	0.00533	0.00426	0.01279
79	0.15304	0.08009	0.14524	0.02613	0.08101	0.19369	0.02216	0.12337	0.02693	0.03676	0.01731	0.01978	0.01341	0.00997	0.00866	0.00286	0.01323	0.00702	0.00588	0.01347
80	0.01424	0.01068	0.01602	0.01602	0.01780	0.01246	0.01246	0.01780	0.01602	0.02314	0.02670	0.03916	0.02492	0.07477	0.61015	0.01602	0.02670	0.01068	0.00534	0.00890
81	0.72007	0.01928	0.01465	0.01311	0.01928	0.02236	0.01080	0.02930	0.01697	0.04473	0.01388	0.01619	0.01080	0.00925	0.00617	0.00308	0.00771	0.00540	0.00617	0.01080
82	0.01384	0.01018	0.01295	0.01225	0.01473	0.00929	0.00919	0.01828	0.02757	0.03844	0.52566	0.07699	0.15157	0.02095	0.01176	0.00316	0.00474	0.01838	0.01077	0.00929
83	0.03790	0.02792	0.02992	0.02294	0.03091	0.03091	0.01895	0.55423	0.04687	0.06283	0.02393	0.02393	0.01695	0.01197	0.00997	0.00299	0.01097	0.00898	0.00997	0.01695
84	0.72007	0.01928	0.01465	0.01311	0.01928	0.02236	0.01080	0.02930	0.01697	0.04473	0.01388	0.01619	0.01080	0.00925	0.00617	0.00308	0.00771	0.00540	0.00617	0.01080
85	0.02181	0.02181	0.03053	0.02617	0.02617	0.03053	0.02181	0.02399	0.01527	0.02399	0.01309	0.02181	0.01309	0.01745	0.03272	0.00436	0.63141	0.00872	0.00436	0.01091
86	0.02067	0.01772	0.02067	0.01477	0.02362	0.01329	0.01181	0.02510	0.02067	0.03248	0.01772	0.02067	0.01477	0.00738	0.00738	0.00148	0.00738	0.00591	0.00591	0.71059
87	0.03724	0.04751	0.02825	0.02568	0.03082	0.60963	0.01926	0.03981	0.02825	0.02440	0.01541	0.01798	0.01284	0.01027	0.00899	0.00257	0.01798	0.00642	0.00514	0.01156
88	0.02181	0.02181	0.03053	0.02617	0.02617	0.03053	0.02181	0.02399	0.01527	0.02399	0.01309	0.02181	0.01309	0.01745	0.03272	0.00436	0.63141	0.00872	0.00436	0.01091
89	0.01261	0.01099	0.01243	0.08244	0.01995	0.01003	0.00994	0.01562	0.02239	0.02676	0.09120	0.08779	0.51643	0.02345	0.01157	0.00336	0.00602	0.01961	0.00869	0.00873
90	0.03790	0.02792	0.02992	0.02294	0.03091	0.03091	0.01895	0.55423	0.04687	0.06283	0.02393	0.02393	0.01695	0.01197	0.00997	0.00299	0.01097	0.00898	0.00997	0.01695
91	0.01854	0.01376	0.01603	0.01468	0.01842	0.01394	0.01125	0.02957	0.18180	0.06975	0.32614	0.06472	0.14422	0.01869	0.01120	0.00324	0.00588	0.01609	0.01056	0.01150
92	0.01656	0.01401	0.02013	0.01880	0.01993	0.01779	0.01492	0.01949	0.01570	0.02317	0.02284	0.03544	0.02200	0.09179	0.40085	0.01209	0.20974	0.01031	0.00508	0.00934
93	0.14560	0.02786	0.03270	0.07994	0.33496	0.15355	0.02452	0.03211	0.02278	0.03239	0.01712	0.02186	0.01413	0.00932	0.00905	0.00292	0.01259	0.00774	0.00516	0.01371
94	0.17531	0.02618	0.02684	0.02096	0.02857	0.02919	0.01731	0.44849	0.04085	0.05918	0.02191	0.02238	0.01571	0.01142	0.00921	0.00301	0.01031	0.00825	0.00921	0.01571
95	0.03125	0.01403	0.01802	0.01498	0.02064	0.01210	0.01194	0.03462	0.02617	0.36017	0.08788	0.09797	0.19167	0.01785	0.01082	0.00324	0.00710	0.01495	0.01116	0.01346
96	0.01953	0.02128	0.07320	0.50718	0.06470	0.02262	0.09739	0.02675	0.02049	0.02675	0.01805	0.02623	0.01349	0.00973	0.01017	0.00332	0.01385	0.00914	0.00450	0.01164
97	0.01315	0.00993	0.01239	0.01396	0.01592	0.00917	0.01067	0.01596	0.02135	0.02718	0.06901	0.31645	0.22853	0.02826	0.01272	0.00399	0.00652	0.16709	0.00923	0.00851
98	0.01215	0.00868	0.01157	0.01388	0.01446	0.00810	0.00925	0.01388	0.01909	0.02545	0.05495	0.64315	0.06593	0.03123	0.01272	0.00405	0.00578	0.02834	0.00925	0.00810
99	0.03927	0.02572	0.02855	0.02189	0.02981	0.02764	0.01808	0.45237	0.04318	0.16990	0.02704	0.02595	0.01851	0.01204	0.00998	0.00301	0.01047	0.00919	0.01045	0.01696
100	0.02585	0.02692	0.03598	0.11740	0.36637	0.12614	0.02729	0.03085	0.02250	0.02935	0.01741	0.02341	0.01468	0.01022	0.01231	0.00309	0.08302	0.00843	0.00485	0.01395
101	0.02308	0.02112	0.06532	0.16103	0.03625	0.02135	0.02040	0.13664	0.14061	0.03865	0.06465	0.05026	0.03232	0.01569	0.01094	0.00353	0.01037	0.12665	0.00818	0.01297
102	0.02254	0.02123	0.03696	0.04900	0.39300	0.02103	0.08840	0.02844	0.02285	0.03186	0.02682	0.04531	0.02536	0.01316	0.01100	0.00339	0.01181	0.12793	0.00593	0.01398
103	0.28117	0.30021	0.03384	0.01717	0.02435	0.10786	0.01520	0.06741	0.02196	0.03406	0.01477	0.01688	0.01236	0.00926	0.00690	0.00260	0.01057	0.00575	0.00547	0.01219
104	0.01199	0.01011	0.01039	0.01032	0.01359	0.00850	0.00774	0.01471	0.02322	0.02810	0.14427	0.09401	0.53941	0.02481	0.01178	0.00335	0.00502	0.02077	0.00941	0.00850
105	0.02502	0.20527	0.04543	0.03987	0.25253	0.02864	0.12985	0.03328	0.08641	0.03090	0.02020	0.02410	0.01652	0.00923	0.00929	0.00285	0.01204	0.00873	0.00538	0.01446
106	0.01305	0.00986	0.01205	0.01211	0.01440	0.00886	0.00885	0.01653	0.02480	0.03331	0.33802	0.19517	0.22871	0.02396	0.01196	0.00339	0.00502	0.02097	0.01014	0.00886
107	0.01384	0.00971	0.01252	0.01309	0.01374	0.01008	0.00867	0.01529	0.01607	0.02193	0.03587	0.20036	0.04032	0.33222	0.20176	0.01010	0.01359	0.01682	0.00663	0.00737
108	0.02743	0.02273	0.02403	0.02082	0.02693	0.02603	0.01642	0.15394	0.46419	0.04596	0.03722	0.03452	0.02772	0.01321	0.01011	0.00330	0.00851	0.01081	0.01011	0.01602
109	0.01215	0.00868	0.01157	0.01388	0.01446	0.00810	0.00925	0.01388	0.01909	0.02545	0.05495	0.64315	0.06593	0.03123	0.01272	0.00405	0.00578	0.02834	0.00925	0.00810
110	0.02742	0.02989	0.03109	0.07313	0.19038	0.22193	0.02281	0.03126	0.02247	0.02760	0.01714	0.02271	0.01466	0.01169	0.01492	0.00315	0.16380	0.00804	0.05349	0.01242
111	0.03790	0.02792	0.02992	0.02294	0.03091	0.03091	0.01895	0.55423	0.04687	0.06283	0.02393	0.02393	0.01695	0.01197	0.00997	0.00299	0.01097	0.00898	0.00997	0.01695
112	0.02659	0.02101	0.02259	0.02006	0.02588	0.02388	0.01568	0.05258	0.52080	0.09141	0.04046	0.03690	0.02991	0.01342	0.01013	0.00335	0.00794	0.01116	0.01034	0.01589
113	0.03254	0.03969	0.02895	0.02583	0.02940	0.43336	0.02004	0.03499	0.02430	0.02427	0.01470	0.01914	0.01292	0.01246	0.01621	0.00311	0.20469	0.00712	0.00490	0.01136
114	0.01204	0.00908	0.01115	0.01280	0.01417	0.00819	0.00877	0.01400	0.02013	0.02587	0.06815	0.48624	0.21432	0.02952	0.01245	0.00385	0.00557	0.02625	0.00925	0.00819
115	0.01180	0.01001	0.01019	0.01033	0.01352	0.00840	0.00767	0.01428	0.02250	0.02684	0.09823	0.12875	0.55240	0.02561	0.01184	0.00341	0.00509	0.02148	0.00926	0.00840
116	0.01737	0.01573	0.02571	0.02110	0.02523	0.01623	0.12097	0.02201	0.02118	0.03003	0.15728	0.04529	0.07706	0.03240	0.18541	0.00689	0.08736	0.01269	0.00681	0.07325
117	0.02467	0.02369	0.04046	0.06119	0.58747	0.02369	0.03059	0.03059	0.02270	0.03257	0.01875	0.02467	0.01579	0.00888	0.00987	0.00296	0.01184	0.00888	0.00493	0.01579
118	0.01424	0.01068	0.01602	0.01602	0.01780	0.01246	0.01246	0.01780	0.01602	0.02314	0.02670	0.03916	0.02492	0.07477	0.61015	0.01602	0.02670	0.01068	0.00534	0.00890
119	0.01327	0.00948	0.01286	0.01516	0.01624	0.00907	0.01121	0.01582	0.02019	0.02671	0.05432	0.49098	0.06348	0.03017	0.01302	0.00420	0.00676	0.16942	0.00923	0.00841
120	0.48491	0.02226	0.01991	0.01650	0.02329	0.02531	0.01361	0.21025	0.02727	0.05097	0.01735	0.01886	0.01292	0.01019	0.00748	0.00305	0.00883	0.00663	0.00748	0.01292
121	0.01417	0.01000	0.01248	0.01335	0.01453	0.00967	0.00953	0.01637	0.01971	0.02618	0.11834	0.18923	0.09244	0.26147	0.02709	0.00612	0.00784	0.13545	0.00825	0.00777
122	0.01400	0.00956	0.01148	0.01194	0.01222	0.00960	0.00727	0.01467	0.01556	0.02090	0.03573	0.17930	0.04121	0.47338	0.09340	0.00911	0.01042	0.01694	0.00662	0.00671
123	0.03870	0.02664	0.02912	0.02233	0.03027	0.02900	0.01844	0.49481	0.04472	0.12529	0.02574	0.02511	0.01786	0.01201	0.00998	0.00300	0.01068	0.00910	0.01025	0.01695
124	0.01350	0.00957	0.01262	0.01354	0.01427	0.00985	0.00915	0.01520	0.01674	0.02284	0.03934	0.28565	0.04470	0.24095	0.19615	0.00927	0.01302	0.01886	0.00711	0.00767
125	0.02067	0.01772	0.02067	0.01477	0.02362	0.01329	0.01181	0.02510	0.02067	0.03248	0.01772	0.02067	0.01477	0.00738	0.00738	0.00148	0.00738	0.00591	0.00591	0.71059
126	0.01450	0.00966	0.01087	0.01087	0.01087	0.00966	0.00604	0.01450	0.01450	0.01933	0.03141	0.06524	0.03624	0.64965	0.05074	0.00966	0.00966	0.01450	0.00604	0.00604
127	0.01207	0.00956	0.01068	0.01152	0.01368	0.00837	0.00810	0.01416	0.02092	0.02595	0.08020	0.29329	0.36338	0.06363	0.01438	0.00398	0.00558	0.02332	0.00907	0.00816
128	0.01625	0.01253	0.01457	0.01511	0.01702	0.01320	0.01048	0.02521	0.17597	0.02888	0.04608	0.35299	0.04977	0.15072	0.01964	0.00499	0.00717	0.02066	0.00886	0.00989
129	0.02622	0.02970	0.03540	0.09961	0.03763	0.19454	0.12649	0.03027	0.02117	0.02585	0.01570	0.02228	0.01344	0.01272	0.01910	0.00353	0.26132	0.00868	0.00473	0.01161
130	0.02469	0.02332	0.03756	0.05455	0.49637	0.02387	0.02819	0.03423	0.11140	0.03405	0.02229	0.02670	0.01817	0.00964	0.00991	0.00303	0.01120	0.00927	0.00578	0.01579
131	0.02530	0.02246	0.03466	0.25017	0.29459	0.02461	0.02723	0.13429	0.02660	0.03619	0.01944	0.02519	0.01515	0.00988	0.00992	0.00309	0.01217	0.00889	0.00577	0.01438
132	0.01370	0.00952	0.01198	0.01271	0.01320	0.00964	0.00816	0.01487	0.01622	0.02193	0.03811	0.24509	0.04377	0.35399	0.13439	0.00896	0.01134	0.01826	0.00695	0.00719
133	0.01271	0.00911	0.01207	0.01350	0.01458	0.00847	0.00930	0.01529	0.02170	0.02961	0.20613	0.48009	0.07400	0.02812	0.01245	0.00379	0.00547	0.02538	0.00975	0.00847
134	0.02130	0.01707	0.01834	0.01628	0.02100	0.01803	0.01267	0.13534	0.19445	0.04011	0.12107	0.09144	0.21473	0.01876	0.01097	0.00331	0.00711	0.01569	0.00987	0.01248
135	0.01688	0.01149	0.01417	0.01312	0.01514	0.01111	0.00902	0.01964	0.06747	0.02647	0.13753	0.04932	0.03942	0.21386	0.03076	0.20762	0.00795	0.01223	0.00690	0.08989
136	0.02939	0.02190	0.02864	0.16214	0.03801	0.02408	0.05733	0.25001	0.06980	0.09315	0.02564	0.03144	0.01987	0.08632	0.01491	0.00391	0.01134	0.01005	0.00809	0.01397
137	0.01448	0.00972	0.01116	0.01116	0.01126	0.00982	0.00640	0.01468	0.01458	0.01955	0.03114	0.06376	0.03560	0.61712	0.08240	0.01002	0.01063	0.01428	0.00600	0.00620
138	0.03724	0.04751	0.02825	0.02568	0.03082	0.60963	0.01926	0.03981	0.02825	0.02440	0.01541	0.01798	0.01284	0.01027	0.00899	0.00257	0.01798	0.00642	0.00514	0.01156
139	0.02067	0.01772	0.02067	0.01477	0.02362	0.01329	0.01181	0.02510	0.02067	0.03248	0.01772	0.02067	0.01477	0.00738	0.00738	0.00148	0.00738	0.00591	0.00591	0.71059
140	0.01320	0.00962	0.01167	0.01210	0.01361	0.00890	0.00827	0.01560	0.02153	0.02879	0.21882	0.23949	0.16469	0.16402	0.02069	0.00489	0.00618	0.02076	0.00907	0.00810
141	0.01774	0.01272	0.01514	0.01518	0.01715	0.01297	0.01065	0.12283	0.02389	0.03191	0.04461	0.41795	0.05091	0.13486	0.01878	0.00481	0.00750	0.02203	0.00884	0.00952
142	0.01215	0.00868	0.01157	0.01388	0.01446	0.00810	0.00925	0.01388	0.01909	0.02545	0.05495	0.64315	0.06593	0.03123	0.01272	0.00405	0.00578	0.02834	0.00925	0.00810
143	0.01277	0.00904	0.01189	0.01393	0.01459	0.00859	0.00949	0.01456	0.01889	0.02512	0.05199	0.52751	0.06168	0.10357	0.01729	0.00476	0.00655	0.07097	0.00887	0.00795
144	0.01925	0.01815	0.03066	0.58488	0.10616	0.02226	0.02790	0.02584	0.02013	0.02598	0.01779	0.02644	0.01347	0.00989	0.00996	0.00330	0.01318	0.00886	0.00447	0.01142
145	0.01215	0.00868	0.01157	0.01388	0.01446	0.00810	0.00925	0.01388	0.01909	0.02545	0.05495	0.64315	0.06593	0.03123	0.01272	0.00405	0.00578	0.02834	0.00925	0.00810
146	0.01606	0.01147	0.01606	0.01836	0.02065	0.01147	0.01606	0.02065	0.02295	0.02983	0.05278	0.11245	0.05737	0.02754	0.01377	0.00459	0.00918	0.52037	0.00918	0.00918
147	0.01678	0.01216	0.01458	0.01414	0.01570	0.01303	0.00972	0.05767	0.06765	0.02609	0.03337	0.12159	0.03519	0.34024	0.16951	0.00943	0.01310	0.01455	0.00691	0.00861
148	0.01279	0.00906	0.01126	0.01274	0.01336	0.00857	0.00821	0.01409	0.01803	0.02380	0.05153	0.43788	0.09483	0.20812	0.02356	0.00561	0.00684	0.02384	0.00833	0.00753
149	0.01424	0.01068	0.01602	0.01602	0.01780	0.01246	0.01246	0.01780	0.01602	0.02314	0.02670	0.03916	0.02492	0.07477	0.61015	0.01602	0.02670	0.01068	0.00534	0.00890
150	0.02103	0.01997	0.03388	0.41306	0.26408	0.02273	0.02878	0.02740	0.02098	0.02814	0.01811	0.02586	0.01423	0.00956	0.00993	0.00319	0.01274	0.00887	0.00462	0.01285
151	0.03790	0.02792	0.02992	0.02294	0.03091	0.03091	0.01895	0.55423	0.04687	0.06283	0.02393	0.02393	0.01695	0.01197	0.00997	0.00299	0.01097	0.00898	0.00997	0.01695
152	0.02353	0.02689	0.05882	0.04202	0.05210	0.02521	0.55126	0.03193	0.02353	0.03193	0.02017	0.02689	0.01513	0.00840	0.01176	0.00336	0.01681	0.01176	0.00504	0.01345
153	0.01382	0.00938	0.01107	0.01174	0.01190	0.00922	0.00696	0.01432	0.01581	0.02108	0.03816	0.23094	0.04476	0.47233	0.03984	0.00805	0.00855	0.01847	0.00696	0.00663
154	0.01812	0.01212	0.01529	0.01392	0.01714	0.01169	0.01063	0.02550	0.09185	0.09004	0.46973	0.06644	0.08034	0.01885	0.01141	0.00316	0.00542	0.01651	0.01100	0.01083
155	0.01499	0.01140	0.01592	0.01553	0.01666	0.01332	0.01154	0.01745	0.01554	0.02217	0.02677	0.04474	0.02696	0.22697	0.40509	0.01323	0.07643	0.01155	0.00544	0.00830
156	0.01479	0.01132	0.01640	0.01611	0.01756	0.01336	0.01234	0.01783	0.01579	0.02275	0.02633	0.04105	0.02545	0.13841	0.50508	0.01448	0.06589	0.01100	0.00536	0.00870
157	0.01883	0.01772	0.02990	0.62569	0.06866	0.02215	0.02769	0.02547	0.01993	0.02547	0.01772	0.02658	0.01329	0.00997	0.00997	0.00332	0.01329	0.00886	0.00443	0.01107
158	0.01264	0.01024	0.01129	0.01133	0.01440	0.00889	0.00871	0.01579	0.02385	0.02982	0.19359	0.09310	0.43753	0.02447	0.01196	0.00343	0.00535	0.06534	0.00960	0.00868
159	0.01215	0.00868	0.01157	0.01388	0.01446	0.00810	0.00925	0.01388	0.01909	0.02545	0.05495	0.64315	0.06593	0.03123	0.01272	0.00405	0.00578	0.02834	0.00925	0.00810
160	0.01450	0.00966	0.01087	0.01087	0.01087	0.00966	0.00604	0.01450	0.01450	0.01933	0.03141	0.06524	0.03624	0.64965	0.05074	0.00966	0.00966	0.01450	0.00604	0.00604
161	0.01858	0.00929	0.00929	0.00929	0.01161	0.00929	0.00697	0.02323	0.02091	0.03717	0.03252	0.03717	0.02555	0.01161	0.00697	0.00232	0.00465	0.00929	0.70499	0.00929
162	0.01225	0.00936	0.01125	0.01237	0.01415	0.00837	0.00867	0.01461	0.02146	0.02769	0.13343	0.37986	0.25503	0.02781	0.01227	0.00370	0.00539	0.02451	0.00946	0.00837
163	0.01455	0.00968	0.01069	0.01069	0.01116	0.00953	0.00625	0.01511	0.01570	0.02130	0.03775	0.06597	0.08469	0.54737	0.04407	0.00857	0.00889	0.01471	0.05686	0.00649
164	0.03790	0.02792	0.02992	0.02294	0.03091	0.03091	0.01895	0.55423	0.04687	0.06283	0.02393	0.02393	0.01695	0.01197	0.00997	0.00299	0.01097	0.00898	0.00997	0.01695
165	0.02353	0.02689	0.05882	0.04202	0.05210	0.02521	0.55126	0.03193	0.02353	0.03193	0.02017	0.02689	0.01513	0.00840	0.01176	0.00336	0.01681	0.01176	0.00504	0.01345
166	0.01681	0.01436	0.01961	0.02189	0.08550	0.04861	0.01499	0.02059	0.01752	0.02432	0.02511	0.03623	0.02314	0.06326	0.50455	0.01370	0.02445	0.01022	0.00528	0.00987
167	0.03288	0.01412	0.01870	0.01525	0.02080	0.01252	0.01225	0.03707	0.02755	0.36993	0.19419	0.04593	0.04467	0.01456	0.01016	0.00301	0.00695	0.01223	0.09334	0.01390
168	0.01446	0.01077	0.01603	0.01630	0.01814	0.01235	0.01288	0.01814	0.01684	0.02393	0.02977	0.04777	0.02874	0.06922	0.54007	0.01468	0.02464	0.07057	0.00579	0.00893
169	0.09734	0.01105	0.01264	0.01245	0.01364	0.01187	0.00824	0.01708	0.01518	0.02329	0.02814	0.05279	0.03035	0.42711	0.18883	0.01052	0.01380	0.01245	0.00588	0.00733
170	0.03732	0.04521	0.02845	0.02536	0.03083	0.54163	0.01922	0.10026	0.03044	0.02891	0.01641	0.01868	0.01332	0.01047	0.00910	0.00262	0.01715	0.00672	0.00570	0.01219
171	0.02916	0.02258	0.02807	0.02297	0.02975	0.02462	0.07908	0.13129	0.35579	0.11012	0.03533	0.03344	0.02576	0.01253	0.01029	0.00328	0.00951	0.01081	0.00978	0.01584
172	0.01440	0.00993	0.01220	0.01211	0.01274	0.01020	0.00773	0.01567	0.01642	0.02252	0.09518	0.06107	0.04076	0.45991	0.15884	0.01018	0.01251	0.01414	0.00648	0.00701
173	0.02395	0.35875	0.03758	0.01745	0.02379	0.08032	0.04532	0.02786	0.02284	0.02897	0.13104	0.03107	0.03080	0.01143	0.00809	0.00247	0.00977	0.00882	0.08808	0.01163
174	0.01597	0.00965	0.01293	0.01433	0.01575	0.00887	0.00989	0.01796	0.02020	0.09230	0.05311	0.57156	0.06109	0.02901	0.01241	0.00394	0.00610	0.02619	0.00962	0.00914
175	0.01703	0.01391	0.01720	0.01654	0.01852	0.01537	0.01253	0.07951	0.02243	0.02989	0.05356	0.31822	0.16964	0.02480	0.01621	0.00383	0.13224	0.02042	0.00835	0.00978

[dist]
# distance from previous block
# <min> <max>
0	8

# created by:
# /home/cegg/simao/soft/augustus-3.2.1/scripts/msa2prfl.pl ./align_prep/11414.fa
