[name]
unknown

[dist]
# distance from previous block
# <min> <max>
0	0

[block]
# block no. 0 follows, 19 sequences, length 23
# corresponding to MSA columns:
# 0-22
name=unknown_A
#
# <colnr> <probs for GDERKNQSTAVLIFYWHMCP>
#	G	D	E	R	K	N	Q	S	T	A	V	L	I	F	Y	W	H	M	C	P
0	0.01442	0.01030	0.01442	0.01648	0.01854	0.01030	0.01442	0.01854	0.02060	0.02677	0.04737	0.10092	0.05149	0.02471	0.01236	0.00412	0.00824	0.56956	0.00824	0.00824
1	0.02056	0.01497	0.01634	0.01414	0.01739	0.01574	0.01041	0.23991	0.02574	0.03400	0.03673	0.11481	0.11301	0.25985	0.02276	0.00501	0.00816	0.01326	0.00751	0.00971
2	0.01938	0.00994	0.01339	0.01346	0.01584	0.00897	0.00971	0.02149	0.01959	0.20060	0.04525	0.49150	0.04844	0.02311	0.01072	0.00338	0.00589	0.02067	0.00911	0.00957
3	0.01939	0.01792	0.02300	0.13911	0.16016	0.05987	0.01801	0.02960	0.19164	0.02861	0.03014	0.15845	0.02822	0.01426	0.00958	0.00307	0.00900	0.04181	0.00668	0.01150
4	0.02302	0.02360	0.03280	0.04701	0.49755	0.11386	0.02452	0.02768	0.02111	0.02779	0.02147	0.02566	0.05597	0.00917	0.00886	0.00263	0.01103	0.00839	0.00472	0.01315
5	0.01113	0.00869	0.01010	0.01057	0.01264	0.00766	0.00761	0.01360	0.02047	0.02631	0.19445	0.26278	0.33540	0.02334	0.01083	0.00316	0.00466	0.02029	0.00864	0.00766
6	0.01503	0.01023	0.01189	0.01182	0.01341	0.01009	0.00803	0.07120	0.01851	0.02611	0.03521	0.28895	0.03879	0.23660	0.02130	0.00484	0.00670	0.01627	0.11054	0.04447
7	0.01399	0.00982	0.01172	0.01215	0.01311	0.00982	0.00798	0.06955	0.01788	0.02387	0.03809	0.36517	0.04416	0.29190	0.02496	0.00558	0.00705	0.01873	0.00720	0.00729
8	0.02117	0.01530	0.01951	0.01535	0.02109	0.01382	0.04245	0.07911	0.02227	0.11665	0.06540	0.07866	0.12301	0.01288	0.00980	0.00240	0.04277	0.01067	0.00729	0.28039
9	0.02007	0.01921	0.01610	0.07671	0.02164	0.17066	0.01185	0.06788	0.02275	0.02803	0.04537	0.04601	0.23351	0.01437	0.00872	0.00261	0.00848	0.01140	0.16536	0.00927
10	0.01221	0.00856	0.01099	0.01173	0.01226	0.00872	0.00770	0.01346	0.01478	0.02005	0.03480	0.27496	0.03981	0.31639	0.16506	0.00812	0.01076	0.01669	0.00631	0.00664
11	0.01259	0.00868	0.00955	0.00968	0.01051	0.00832	0.00595	0.01346	0.01526	0.02024	0.04316	0.10127	0.16283	0.45553	0.03319	0.00669	0.00726	0.01475	0.05488	0.00619
12	0.01512	0.00913	0.01063	0.01029	0.01156	0.00878	0.00672	0.01678	0.01711	0.06564	0.12199	0.08352	0.07135	0.37871	0.02882	0.00593	0.00692	0.01341	0.11042	0.00716
13	0.01830	0.01388	0.01496	0.01341	0.01787	0.01386	0.01040	0.02940	0.24275	0.08866	0.06037	0.05681	0.30573	0.01661	0.00963	0.00290	0.00591	0.01380	0.00869	0.05607
14	0.01290	0.00830	0.00973	0.01047	0.01102	0.00811	0.00660	0.01419	0.01549	0.02213	0.03590	0.27562	0.04034	0.33215	0.02645	0.00572	0.00664	0.01662	0.13504	0.00659
15	0.01429	0.01161	0.01313	0.01318	0.01632	0.01155	0.01053	0.02222	0.15005	0.02867	0.10989	0.07698	0.30171	0.02056	0.01072	0.00330	0.00604	0.16144	0.00859	0.00924
16	0.02220	0.02138	0.02294	0.07091	0.02674	0.15412	0.07662	0.14270	0.02461	0.03026	0.02977	0.27536	0.03097	0.01661	0.00988	0.00303	0.01014	0.01454	0.00688	0.01033
17	0.01460	0.01231	0.01874	0.14007	0.02585	0.01531	0.01507	0.01814	0.01495	0.02128	0.02056	0.03062	0.01875	0.04816	0.43315	0.01061	0.11968	0.00901	0.00450	0.00863
18	0.01470	0.01165	0.01294	0.01276	0.01510	0.01205	0.00908	0.02312	0.19038	0.02701	0.08779	0.19499	0.16156	0.16490	0.01795	0.00438	0.00630	0.01633	0.00801	0.00900
19	0.01172	0.00865	0.01112	0.01239	0.01293	0.00862	0.00832	0.01306	0.01639	0.02187	0.04580	0.50264	0.08256	0.14293	0.01835	0.00450	0.04155	0.02194	0.00756	0.00709
20	0.01090	0.00779	0.01038	0.01246	0.01298	0.00727	0.00830	0.01246	0.01713	0.02284	0.04931	0.67975	0.05917	0.02803	0.01142	0.00363	0.00519	0.02543	0.00830	0.00727
21	0.01788	0.01322	0.01461	0.01351	0.01735	0.01345	0.01035	0.02869	0.23462	0.08925	0.11688	0.10692	0.25203	0.01773	0.00996	0.00303	0.00577	0.01502	0.00902	0.01074
22	0.02336	0.02119	0.03336	0.02564	0.03190	0.02253	0.22079	0.09375	0.18810	0.06362	0.02339	0.02572	0.01774	0.01043	0.01230	0.00298	0.10425	0.00934	0.00657	0.06303

[dist]
# distance from previous block
# <min> <max>
6	10

[block]
# block no. 1 follows, 19 sequences, length 7
# corresponding to MSA columns:
# 34-40
name=unknown_B
#
# <colnr> <probs for GDERKNQSTAVLIFYWHMCP>
#	G	D	E	R	K	N	Q	S	T	A	V	L	I	F	Y	W	H	M	C	P
0	0.02551	0.02824	0.02965	0.03828	0.33652	0.26112	0.02164	0.02956	0.02278	0.02708	0.07704	0.02435	0.02024	0.00949	0.00872	0.00254	0.01209	0.00795	0.00504	0.01214
1	0.05915	0.01946	0.01783	0.01649	0.01925	0.16563	0.01284	0.05466	0.01924	0.02625	0.02052	0.02697	0.01779	0.03243	0.25758	0.00713	0.07932	0.00796	0.13023	0.00928
2	0.01745	0.01442	0.01703	0.01595	0.01859	0.06425	0.01250	0.10104	0.01921	0.02595	0.02280	0.03168	0.02048	0.05444	0.50747	0.01175	0.02132	0.00906	0.00537	0.00921
3	0.02025	0.01452	0.01708	0.01593	0.04993	0.01423	0.01167	0.05796	0.16864	0.11158	0.14202	0.04932	0.18739	0.01486	0.00943	0.00275	0.00631	0.01251	0.00864	0.08498
4	0.01195	0.00804	0.01004	0.01143	0.01199	0.00770	0.00744	0.01340	0.01633	0.02258	0.04248	0.47361	0.04951	0.17847	0.01881	0.00465	0.00590	0.02091	0.07782	0.00694
5	0.03066	0.03168	0.02778	0.02747	0.12518	0.29853	0.01903	0.21376	0.02895	0.03409	0.01660	0.01910	0.01315	0.01002	0.01019	0.00261	0.06576	0.00702	0.00591	0.01249
6	0.02304	0.02437	0.03097	0.23488	0.32141	0.16059	0.02439	0.02788	0.02072	0.02564	0.01588	0.02133	0.01289	0.00855	0.00871	0.00268	0.01225	0.00747	0.00433	0.01203

[dist]
# distance from previous block
# <min> <max>
0	1

[block]
# block no. 2 follows, 19 sequences, length 6
# corresponding to MSA columns:
# 42-47
name=unknown_C
#
# <colnr> <probs for GDERKNQSTAVLIFYWHMCP>
#	G	D	E	R	K	N	Q	S	T	A	V	L	I	F	Y	W	H	M	C	P
0	0.02395	0.01955	0.02661	0.11004	0.20292	0.02115	0.01933	0.20083	0.02588	0.03671	0.01928	0.02314	0.01509	0.00972	0.00989	0.00262	0.05750	0.00783	0.09975	0.06821
1	0.01400	0.01180	0.01586	0.05522	0.01837	0.01386	0.01178	0.01614	0.01566	0.02136	0.03694	0.12726	0.13720	0.14803	0.15885	0.00675	0.16382	0.01344	0.00575	0.00790
2	0.02515	0.02124	0.01970	0.01749	0.02220	0.13793	0.01401	0.16122	0.10195	0.08763	0.04048	0.04877	0.13582	0.01533	0.00971	0.00298	0.00923	0.10956	0.00808	0.01150
3	0.02092	0.01552	0.01836	0.09730	0.02480	0.01659	0.01341	0.14931	0.13559	0.07980	0.04459	0.15550	0.15816	0.01646	0.00977	0.00304	0.00744	0.01393	0.00826	0.01128
4	0.02561	0.02233	0.08021	0.06150	0.13507	0.02205	0.01961	0.13303	0.19844	0.11201	0.02517	0.02597	0.01864	0.01083	0.01071	0.00293	0.06621	0.00861	0.00729	0.01379
5	0.01642	0.01284	0.01511	0.05224	0.01944	0.01248	0.01080	0.12288	0.02283	0.03020	0.04887	0.27593	0.19322	0.01951	0.00997	0.00296	0.00646	0.01685	0.00778	0.10321

[dist]
# distance from previous block
# <min> <max>
0	1

[block]
# block no. 3 follows, 19 sequences, length 12
# corresponding to MSA columns:
# 49-60
name=unknown_D
#
# <colnr> <probs for GDERKNQSTAVLIFYWHMCP>
#	G	D	E	R	K	N	Q	S	T	A	V	L	I	F	Y	W	H	M	C	P
0	0.01556	0.01214	0.01401	0.01368	0.01639	0.01249	0.01012	0.06706	0.15446	0.03157	0.16803	0.27939	0.12896	0.02042	0.01042	0.00318	0.00569	0.01789	0.00885	0.00971
1	0.02838	0.03395	0.02750	0.14954	0.13645	0.42387	0.02044	0.03189	0.02310	0.02332	0.01473	0.01861	0.01205	0.00896	0.00837	0.00249	0.01440	0.00655	0.00446	0.01094
2	0.02362	0.02175	0.10473	0.17956	0.15291	0.01891	0.14366	0.02936	0.02047	0.15158	0.02053	0.02450	0.01489	0.00983	0.01037	0.03537	0.01143	0.00855	0.00561	0.01239
3	0.02484	0.02717	0.03083	0.09011	0.36434	0.22252	0.02306	0.02910	0.02178	0.02615	0.01909	0.02320	0.04050	0.00910	0.00869	0.00259	0.01223	0.00775	0.00462	0.01232
4	0.02870	0.02986	0.02634	0.02731	0.13985	0.29220	0.01833	0.17139	0.02710	0.03168	0.01763	0.02111	0.01438	0.01703	0.09354	0.00407	0.01457	0.00725	0.00568	0.01197
5	0.02185	0.02334	0.01726	0.01624	0.01935	0.26407	0.01186	0.06764	0.02246	0.02462	0.03868	0.16177	0.14882	0.10528	0.01425	0.00358	0.01022	0.01329	0.00651	0.00893
6	0.02245	0.01627	0.01763	0.01457	0.01951	0.01655	0.01155	0.25694	0.02841	0.03967	0.03637	0.10270	0.12055	0.01388	0.00866	0.00255	0.00699	0.01132	0.14547	0.10794
7	0.01143	0.00835	0.01018	0.01116	0.01224	0.00772	0.00748	0.01312	0.01788	0.02349	0.11651	0.37967	0.16724	0.15011	0.01760	0.00438	0.00561	0.02080	0.00793	0.00710
8	0.01535	0.01222	0.01560	0.04873	0.01900	0.01341	0.01169	0.09028	0.02004	0.02668	0.04351	0.13074	0.18614	0.03616	0.23533	0.00709	0.05870	0.01376	0.00662	0.00893
9	0.01816	0.02282	0.13025	0.06307	0.06190	0.01868	0.23552	0.04633	0.02076	0.02816	0.05455	0.06450	0.12820	0.01246	0.01120	0.00303	0.05204	0.01176	0.00556	0.01105
10	0.02111	0.02063	0.03532	0.12173	0.43969	0.02199	0.07017	0.02625	0.01928	0.02744	0.01617	0.02217	0.01355	0.00904	0.01163	0.00288	0.09555	0.00815	0.00432	0.01295
11	0.02302	0.02563	0.12421	0.04475	0.41878	0.02215	0.07092	0.10356	0.02309	0.03265	0.01743	0.02173	0.01385	0.00838	0.00895	0.00271	0.01125	0.00798	0.00494	0.01401

[dist]
# distance from previous block
# <min> <max>
4	39

[block]
# block no. 4 follows, 19 sequences, length 31
# corresponding to MSA columns:
# 100-130
name=unknown_E
#
# <colnr> <probs for GDERKNQSTAVLIFYWHMCP>
#	G	D	E	R	K	N	Q	S	T	A	V	L	I	F	Y	W	H	M	C	P
0	0.01060	0.00894	0.00919	0.00939	0.01217	0.00753	0.00694	0.01280	0.02008	0.02404	0.08667	0.14298	0.57183	0.02317	0.01065	0.00308	0.00459	0.01951	0.00831	0.00753
1	0.01131	0.00972	0.01095	0.07196	0.01691	0.00879	0.00863	0.01405	0.02046	0.02477	0.11682	0.07893	0.53349	0.02107	0.01042	0.00300	0.00522	0.01767	0.00799	0.00784
2	0.02164	0.02074	0.03541	0.11328	0.57534	0.02112	0.02721	0.02702	0.02013	0.02862	0.01674	0.02231	0.01396	0.00806	0.00887	0.00269	0.01075	0.00797	0.00439	0.01377
3	0.01057	0.00906	0.00906	0.00906	0.01208	0.00755	0.00680	0.01284	0.02039	0.02417	0.09063	0.08610	0.62615	0.02266	0.01057	0.00302	0.00453	0.01888	0.00831	0.00755
4	0.01301	0.00867	0.00976	0.00976	0.00976	0.00867	0.00542	0.01301	0.01301	0.01735	0.02819	0.05855	0.03253	0.68559	0.04554	0.00867	0.00867	0.01301	0.00542	0.00542
5	0.74878	0.01730	0.01315	0.01177	0.01730	0.02007	0.00969	0.02630	0.01523	0.04014	0.01246	0.01453	0.00969	0.00830	0.00554	0.00277	0.00692	0.00484	0.00554	0.00969
6	0.01690	0.01590	0.02683	0.66408	0.06162	0.01988	0.02485	0.02286	0.01789	0.02286	0.01590	0.02385	0.01193	0.00894	0.00894	0.00298	0.01193	0.00795	0.00398	0.00994
7	0.01083	0.00804	0.01012	0.01177	0.01280	0.00732	0.00800	0.01253	0.01779	0.02311	0.05763	0.56026	0.17329	0.02695	0.01125	0.00351	0.00506	0.02411	0.00831	0.00732
8	0.03401	0.02506	0.02685	0.02058	0.02774	0.02774	0.01700	0.59995	0.04206	0.05638	0.02148	0.02148	0.01521	0.01074	0.00895	0.00268	0.00984	0.00805	0.00895	0.01521
9	0.02644	0.52025	0.04136	0.01716	0.02420	0.15195	0.01581	0.06906	0.02124	0.02371	0.01334	0.01520	0.01175	0.00817	0.00641	0.00204	0.01084	0.00520	0.00434	0.01153
10	0.02171	0.02247	0.04324	0.04768	0.38479	0.02183	0.26690	0.02796	0.02068	0.02899	0.01736	0.02298	0.01392	0.00779	0.00957	0.00281	0.01250	0.00906	0.00447	0.01329
11	0.01794	0.04628	0.63923	0.02550	0.03872	0.02078	0.03305	0.02833	0.01889	0.02833	0.01606	0.01889	0.01133	0.00850	0.00850	0.00283	0.01322	0.00661	0.00378	0.01322
12	0.01090	0.00779	0.01038	0.01246	0.01298	0.00727	0.00830	0.01246	0.01713	0.02284	0.04931	0.67975	0.05917	0.02803	0.01142	0.00363	0.00519	0.02543	0.00830	0.00727
13	0.01090	0.00779	0.01038	0.01246	0.01298	0.00727	0.00830	0.01246	0.01713	0.02284	0.04931	0.67975	0.05917	0.02803	0.01142	0.00363	0.00519	0.02543	0.00830	0.00727
14	0.74878	0.01730	0.01315	0.01177	0.01730	0.02007	0.00969	0.02630	0.01523	0.04014	0.01246	0.01453	0.00969	0.00830	0.00554	0.00277	0.00692	0.00484	0.00554	0.00969
15	0.01957	0.01957	0.02740	0.02349	0.02349	0.02740	0.01957	0.02153	0.01370	0.02153	0.01174	0.01957	0.01174	0.01566	0.02936	0.00391	0.66921	0.00783	0.00391	0.00979
16	0.01266	0.00914	0.01196	0.01126	0.01337	0.00844	0.00844	0.01688	0.02532	0.03588	0.62506	0.06683	0.08441	0.01829	0.01055	0.00281	0.00422	0.01618	0.00985	0.00844
17	0.01057	0.00906	0.00906	0.00906	0.01208	0.00755	0.00680	0.01284	0.02039	0.02417	0.09063	0.08610	0.62615	0.02266	0.01057	0.00302	0.00453	0.01888	0.00831	0.00755
18	0.03439	0.02445	0.02647	0.02030	0.02744	0.02684	0.01677	0.56567	0.04105	0.09210	0.02233	0.02203	0.01564	0.01076	0.00895	0.00269	0.00971	0.00811	0.00908	0.01522
19	0.01957	0.01957	0.02740	0.02349	0.02349	0.02740	0.01957	0.02153	0.01370	0.02153	0.01174	0.01957	0.01174	0.01566	0.02936	0.00391	0.66921	0.00783	0.00391	0.00979
20	0.03342	0.04264	0.02535	0.02305	0.02766	0.64967	0.01729	0.03572	0.02535	0.02190	0.01383	0.01613	0.01152	0.00922	0.00807	0.00230	0.01613	0.00576	0.00461	0.01037
21	0.03342	0.04264	0.02535	0.02305	0.02766	0.64967	0.01729	0.03572	0.02535	0.02190	0.01383	0.01613	0.01152	0.00922	0.00807	0.00230	0.01613	0.00576	0.00461	0.01037
22	0.02138	0.41756	0.29810	0.01963	0.02965	0.02920	0.02283	0.02744	0.01848	0.02414	0.01397	0.01628	0.01142	0.00801	0.00691	0.00230	0.01112	0.00556	0.00381	0.01222
23	0.01301	0.00867	0.00976	0.00976	0.00976	0.00867	0.00542	0.01301	0.01301	0.01735	0.02819	0.05855	0.03253	0.68559	0.04554	0.00867	0.00867	0.01301	0.00542	0.00542
24	0.01072	0.00907	0.00927	0.00922	0.01217	0.00762	0.00691	0.01313	0.02074	0.02500	0.12846	0.08474	0.58780	0.02235	0.01057	0.00301	0.00451	0.01869	0.00842	0.00762
25	0.01894	0.03964	0.46784	0.03030	0.08366	0.02121	0.15516	0.02834	0.01948	0.02847	0.01656	0.02026	0.01203	0.00825	0.00897	0.00286	0.01344	0.00757	0.00399	0.01304
26	0.01514	0.01462	0.01304	0.01398	0.01564	0.12976	0.00980	0.01695	0.01917	0.02285	0.04859	0.46637	0.13306	0.02366	0.01066	0.00329	0.00718	0.02072	0.00760	0.00790
27	0.02636	0.26443	0.14568	0.06026	0.03018	0.14576	0.01989	0.15271	0.02482	0.03031	0.01554	0.01766	0.01230	0.00885	0.00758	0.00239	0.01168	0.00621	0.00508	0.01230
28	0.02207	0.02147	0.03752	0.05366	0.58717	0.02136	0.06910	0.02754	0.02043	0.02919	0.01692	0.02229	0.01413	0.00794	0.00898	0.00268	0.01095	0.00816	0.00444	0.01402
29	0.02915	0.03455	0.02950	0.03511	0.25555	0.41182	0.02114	0.03260	0.02347	0.02467	0.01496	0.01841	0.01253	0.00875	0.00837	0.00244	0.01405	0.00660	0.00454	0.01181
30	0.02233	0.02554	0.07501	0.07751	0.32052	0.13923	0.04991	0.02723	0.02101	0.02685	0.02323	0.02692	0.07188	0.00963	0.00882	0.00261	0.01138	0.00849	0.00481	0.04709

[dist]
# distance from previous block
# <min> <max>
0	1

[block]
# block no. 5 follows, 19 sequences, length 9
# corresponding to MSA columns:
# 132-140
name=unknown_F
#
# <colnr> <probs for GDERKNQSTAVLIFYWHMCP>
#	G	D	E	R	K	N	Q	S	T	A	V	L	I	F	Y	W	H	M	C	P
0	0.06239	0.01800	0.02800	0.03976	0.41979	0.01785	0.02068	0.02485	0.01901	0.02906	0.01893	0.02630	0.01662	0.07756	0.01198	0.00312	0.00924	0.00814	0.07954	0.06920
1	0.02081	0.01923	0.02991	0.07755	0.40518	0.01957	0.02238	0.02908	0.11283	0.03067	0.06892	0.02732	0.02169	0.00940	0.00886	0.00264	0.00932	0.00876	0.00564	0.07024
2	0.02214	0.02126	0.03631	0.05491	0.62978	0.02126	0.02746	0.02746	0.02037	0.02923	0.01683	0.02214	0.01417	0.00797	0.00886	0.00266	0.01063	0.00797	0.00443	0.01417
3	0.02396	0.02513	0.03317	0.10617	0.45251	0.14989	0.02513	0.02871	0.02116	0.02712	0.01613	0.02107	0.01342	0.00832	0.00870	0.00262	0.01188	0.00752	0.00442	0.01299
4	0.01554	0.00777	0.01166	0.01166	0.01166	0.00777	0.00777	0.01166	0.01166	0.01554	0.01554	0.02720	0.01554	0.03108	0.03497	0.73970	0.00777	0.00777	0.00389	0.00389
5	0.01823	0.04429	0.58658	0.02660	0.03944	0.02094	0.08371	0.02836	0.01909	0.02836	0.01624	0.01936	0.01153	0.00841	0.00868	0.00285	0.01339	0.00697	0.00384	0.01312
6	0.01677	0.01619	0.02064	0.02712	0.23492	0.06471	0.01546	0.02022	0.02022	0.02547	0.05167	0.05271	0.30003	0.02053	0.07042	0.00391	0.00950	0.01303	0.00629	0.01019
7	0.01090	0.00779	0.01038	0.01246	0.01298	0.00727	0.00830	0.01246	0.01713	0.02284	0.04931	0.67975	0.05917	0.02803	0.01142	0.00363	0.00519	0.02543	0.00830	0.00727
8	0.01301	0.00867	0.00976	0.00976	0.00976	0.00867	0.00542	0.01301	0.01301	0.01735	0.02819	0.05855	0.03253	0.68559	0.04554	0.00867	0.00867	0.01301	0.00542	0.00542

[dist]
# distance from previous block
# <min> <max>
0	2

[block]
# block no. 6 follows, 19 sequences, length 39
# corresponding to MSA columns:
# 143-181
name=unknown_G
#
# <colnr> <probs for GDERKNQSTAVLIFYWHMCP>
#	G	D	E	R	K	N	Q	S	T	A	V	L	I	F	Y	W	H	M	C	P
0	0.02606	0.09727	0.03730	0.03292	0.16439	0.21032	0.16971	0.06818	0.02291	0.02746	0.01585	0.01989	0.01289	0.00880	0.00987	0.00264	0.04910	0.00766	0.00472	0.01205
1	0.03214	0.04022	0.02659	0.02666	0.09583	0.57852	0.01844	0.03479	0.02479	0.02273	0.01417	0.01681	0.01182	0.00908	0.00816	0.00234	0.01551	0.00601	0.00459	0.01080
2	0.02488	0.49728	0.07662	0.01778	0.02472	0.13821	0.01698	0.02804	0.01913	0.02165	0.01284	0.01528	0.01150	0.00852	0.00791	0.00217	0.05600	0.00527	0.00396	0.01128
3	0.06775	0.01687	0.01893	0.01656	0.02091	0.01912	0.01317	0.18736	0.18351	0.03718	0.02625	0.02947	0.02095	0.02921	0.21644	0.00653	0.01311	0.00892	0.05597	0.01178
4	0.01078	0.00878	0.00955	0.00998	0.01237	0.00754	0.00724	0.01301	0.01996	0.02460	0.11480	0.22043	0.46263	0.02361	0.01077	0.00315	0.00466	0.02021	0.00840	0.00754
5	0.03342	0.04264	0.02535	0.02305	0.02766	0.64967	0.01729	0.03572	0.02535	0.02190	0.01383	0.01613	0.01152	0.00922	0.00807	0.00230	0.01613	0.00576	0.00461	0.01037
6	0.01295	0.00891	0.01094	0.01094	0.01134	0.00931	0.00689	0.01377	0.01336	0.01822	0.02711	0.05258	0.02994	0.52792	0.19966	0.01013	0.01257	0.01214	0.00526	0.00608
7	0.02200	0.39180	0.28768	0.01990	0.02966	0.06335	0.02267	0.02791	0.01886	0.02407	0.01399	0.01630	0.01142	0.00809	0.00700	0.00231	0.01142	0.00558	0.00385	0.01213
8	0.02054	0.01172	0.01396	0.01234	0.01634	0.01054	0.00958	0.06184	0.02356	0.19478	0.13135	0.12509	0.29548	0.01870	0.01012	0.00297	0.00577	0.01579	0.00929	0.01025
9	0.01162	0.00809	0.01017	0.01154	0.01188	0.00775	0.00732	0.01265	0.01572	0.02096	0.04210	0.46758	0.05007	0.25261	0.02307	0.00535	0.00638	0.02119	0.00732	0.00664
10	0.02214	0.02126	0.03631	0.05491	0.62978	0.02126	0.02746	0.02746	0.02037	0.02923	0.01683	0.02214	0.01417	0.00797	0.00886	0.00266	0.01063	0.00797	0.00443	0.01417
11	0.02709	0.06889	0.02579	0.05724	0.08905	0.30450	0.01726	0.07234	0.14408	0.02826	0.02439	0.02558	0.05634	0.01058	0.00849	0.00257	0.01193	0.00796	0.00596	0.01171
12	0.01301	0.00867	0.00976	0.00976	0.00976	0.00867	0.00542	0.01301	0.01301	0.01735	0.02819	0.05855	0.03253	0.68559	0.04554	0.00867	0.00867	0.01301	0.00542	0.00542
13	0.01090	0.00779	0.01038	0.01246	0.01298	0.00727	0.00830	0.01246	0.01713	0.02284	0.04931	0.67975	0.05917	0.02803	0.01142	0.00363	0.00519	0.02543	0.00830	0.00727
14	0.01807	0.02344	0.14826	0.28072	0.14286	0.06040	0.02354	0.02389	0.01916	0.02508	0.02499	0.08189	0.06755	0.01145	0.00912	0.00291	0.01107	0.00991	0.00478	0.01092
15	0.02566	0.02989	0.03922	0.03677	0.18155	0.24104	0.25670	0.03083	0.02241	0.02644	0.01630	0.02086	0.01300	0.00823	0.00928	0.00268	0.01437	0.00826	0.00453	0.01199
16	0.03512	0.02723	0.02382	0.01966	0.02574	0.23170	0.01559	0.18304	0.06910	0.24146	0.02462	0.02354	0.01715	0.01044	0.00868	0.00261	0.01101	0.00774	0.00822	0.01352
17	0.02034	0.02426	0.13314	0.04164	0.39269	0.01941	0.05867	0.02629	0.01996	0.02876	0.02068	0.02478	0.04687	0.00867	0.00873	0.00257	0.01051	0.00818	0.00464	0.09920
18	0.01301	0.00867	0.00976	0.00976	0.00976	0.00867	0.00542	0.01301	0.01301	0.01735	0.02819	0.05855	0.03253	0.68559	0.04554	0.00867	0.00867	0.01301	0.00542	0.00542
19	0.01794	0.04628	0.63923	0.02550	0.03872	0.02078	0.03305	0.02833	0.01889	0.02833	0.01606	0.01889	0.01133	0.00850	0.00850	0.00283	0.01322	0.00661	0.00378	0.01322
20	0.01554	0.00777	0.01166	0.01166	0.01166	0.00777	0.00777	0.01166	0.01166	0.01554	0.01554	0.02720	0.01554	0.03108	0.03497	0.73970	0.00777	0.00777	0.00389	0.00389
21	0.01855	0.01590	0.01855	0.01325	0.02120	0.01193	0.01060	0.02253	0.01855	0.02915	0.01590	0.01855	0.01325	0.00663	0.00663	0.00133	0.00663	0.00530	0.00530	0.74028
22	0.01090	0.00779	0.01038	0.01246	0.01298	0.00727	0.00830	0.01246	0.01713	0.02284	0.04931	0.67975	0.05917	0.02803	0.01142	0.00363	0.00519	0.02543	0.00830	0.00727
23	0.02225	0.01922	0.02023	0.01821	0.02326	0.02225	0.01416	0.04754	0.61361	0.03742	0.03641	0.03338	0.02731	0.01214	0.00910	0.00303	0.00708	0.01011	0.00910	0.01416
24	0.01167	0.00911	0.01058	0.01021	0.01276	0.00802	0.00766	0.01496	0.02298	0.03031	0.37101	0.07599	0.34193	0.02037	0.01056	0.00291	0.00437	0.01746	0.00912	0.00802
25	0.03342	0.04264	0.02535	0.02305	0.02766	0.64967	0.01729	0.03572	0.02535	0.02190	0.01383	0.01613	0.01152	0.00922	0.00807	0.00230	0.01613	0.00576	0.00461	0.01037
26	0.03321	0.02466	0.02640	0.02042	0.02744	0.02737	0.01681	0.56218	0.08114	0.05509	0.02250	0.02229	0.01604	0.01084	0.00896	0.00271	0.00966	0.00820	0.00896	0.01514
27	0.74878	0.01730	0.01315	0.01177	0.01730	0.02007	0.00969	0.02630	0.01523	0.04014	0.01246	0.01453	0.00969	0.00830	0.00554	0.00277	0.00692	0.00484	0.00554	0.00969
28	0.02112	0.02413	0.05279	0.03771	0.04676	0.02262	0.59729	0.02866	0.02112	0.02866	0.01810	0.02413	0.01357	0.00754	0.01056	0.00302	0.01508	0.01056	0.00452	0.01207
29	0.01057	0.00906	0.00906	0.00906	0.01208	0.00755	0.00680	0.01284	0.02039	0.02417	0.09063	0.08610	0.62615	0.02266	0.01057	0.00302	0.00453	0.01888	0.00831	0.00755
30	0.02178	0.02115	0.03689	0.08733	0.55941	0.02127	0.06548	0.02728	0.02028	0.02884	0.01686	0.02237	0.01401	0.00800	0.00898	0.00270	0.01100	0.00814	0.00441	0.01380
31	0.03052	0.08168	0.02899	0.02892	0.14806	0.48262	0.01919	0.03347	0.02387	0.02331	0.01434	0.01722	0.01205	0.00886	0.00807	0.00235	0.01459	0.00614	0.00452	0.01121
32	0.02048	0.02857	0.17037	0.03526	0.04515	0.02225	0.48416	0.02859	0.02067	0.02859	0.01769	0.02308	0.01313	0.00773	0.01015	0.00298	0.01471	0.00977	0.00438	0.01230
33	0.74878	0.01730	0.01315	0.01177	0.01730	0.02007	0.00969	0.02630	0.01523	0.04014	0.01246	0.01453	0.00969	0.00830	0.00554	0.00277	0.00692	0.00484	0.00554	0.00969
34	0.03048	0.02207	0.02433	0.01840	0.02575	0.02274	0.01511	0.41556	0.03497	0.08818	0.02098	0.02133	0.01518	0.00971	0.00836	0.00234	0.00887	0.00742	0.00816	0.20005
35	0.01057	0.00906	0.00906	0.00906	0.01208	0.00755	0.00680	0.01284	0.02039	0.02417	0.09063	0.08610	0.62615	0.02266	0.01057	0.00302	0.00453	0.01888	0.00831	0.00755
36	0.03124	0.20073	0.03145	0.02007	0.02650	0.23901	0.01667	0.26394	0.03035	0.03577	0.01660	0.01786	0.01302	0.00944	0.00783	0.00236	0.01189	0.00645	0.00618	0.01263
37	0.01057	0.00906	0.00906	0.00906	0.01208	0.00755	0.00680	0.01284	0.02039	0.02417	0.09063	0.08610	0.62615	0.02266	0.01057	0.00302	0.00453	0.01888	0.00831	0.00755
38	0.01855	0.01590	0.01855	0.01325	0.02120	0.01193	0.01060	0.02253	0.01855	0.02915	0.01590	0.01855	0.01325	0.00663	0.00663	0.00133	0.00663	0.00530	0.00530	0.74028

[dist]
# distance from previous block
# <min> <max>
0	7

[block]
# block no. 7 follows, 19 sequences, length 12
# corresponding to MSA columns:
# 189-200
name=unknown_H
#
# <colnr> <probs for GDERKNQSTAVLIFYWHMCP>
#	G	D	E	R	K	N	Q	S	T	A	V	L	I	F	Y	W	H	M	C	P
0	0.01794	0.04628	0.63923	0.02550	0.03872	0.02078	0.03305	0.02833	0.01889	0.02833	0.01606	0.01889	0.01133	0.00850	0.00850	0.00283	0.01322	0.00661	0.00378	0.01322
1	0.03358	0.03776	0.02577	0.02236	0.02768	0.47698	0.01721	0.19239	0.02999	0.03147	0.01595	0.01762	0.01255	0.00964	0.00831	0.00241	0.01439	0.00640	0.00581	0.01172
2	0.01668	0.00834	0.00834	0.00834	0.01042	0.00834	0.00625	0.02085	0.01876	0.03335	0.02918	0.03335	0.02293	0.01042	0.00625	0.00208	0.00417	0.00834	0.73525	0.00834
3	0.01690	0.01590	0.02683	0.66408	0.06162	0.01988	0.02485	0.02286	0.01789	0.02286	0.01590	0.02385	0.01193	0.00894	0.00894	0.00298	0.01193	0.00795	0.00398	0.00994
4	0.02214	0.02126	0.03631	0.05491	0.62978	0.02126	0.02746	0.02746	0.02037	0.02923	0.01683	0.02214	0.01417	0.00797	0.00886	0.00266	0.01063	0.00797	0.00443	0.01417
5	0.01057	0.00906	0.00906	0.00906	0.01208	0.00755	0.00680	0.01284	0.02039	0.02417	0.09063	0.08610	0.62615	0.02266	0.01057	0.00302	0.00453	0.01888	0.00831	0.00755
6	0.03396	0.02654	0.02672	0.02079	0.02774	0.08001	0.01703	0.55253	0.04066	0.05349	0.02084	0.02103	0.01490	0.01061	0.00888	0.00265	0.01037	0.00786	0.00859	0.01481
7	0.01909	0.16981	0.52572	0.02355	0.03570	0.02358	0.02965	0.02804	0.01875	0.02694	0.01536	0.01802	0.01136	0.00834	0.00797	0.00266	0.01252	0.00626	0.00379	0.01289
8	0.01749	0.02063	0.10436	0.02584	0.03197	0.01689	0.29740	0.02276	0.01845	0.02516	0.02463	0.08132	0.02395	0.18646	0.01959	0.00458	0.01206	0.05139	0.00518	0.00988
9	0.01226	0.00849	0.01044	0.01095	0.01157	0.00817	0.00700	0.01368	0.01701	0.02314	0.16495	0.25857	0.05233	0.33040	0.02703	0.00579	0.00659	0.01766	0.00731	0.00667
10	0.02116	0.02025	0.03454	0.16908	0.52330	0.02100	0.02697	0.02659	0.01991	0.02803	0.01665	0.02246	0.01375	0.00815	0.00887	0.00272	0.01087	0.00797	0.00434	0.01338
11	0.19439	0.03244	0.02299	0.01988	0.02535	0.34873	0.01551	0.17822	0.02736	0.03484	0.01548	0.01714	0.01206	0.00940	0.00772	0.00251	0.01245	0.00614	0.00593	0.01146

[dist]
# distance from previous block
# <min> <max>
2	32

[block]
# block no. 8 follows, 19 sequences, length 51
# corresponding to MSA columns:
# 233-283
name=unknown_I
#
# <colnr> <probs for GDERKNQSTAVLIFYWHMCP>
#	G	D	E	R	K	N	Q	S	T	A	V	L	I	F	Y	W	H	M	C	P
0	0.02949	0.02032	0.02277	0.07039	0.06545	0.08030	0.01594	0.06891	0.24708	0.23602	0.03027	0.02868	0.02142	0.01091	0.00893	0.00283	0.00888	0.00891	0.00862	0.01387
1	0.02144	0.02051	0.03465	0.05211	0.59205	0.02042	0.02620	0.02656	0.02037	0.02892	0.02134	0.02605	0.05155	0.00887	0.00896	0.00268	0.01026	0.00864	0.00467	0.01377
2	0.01057	0.00906	0.00906	0.00906	0.01208	0.00755	0.00680	0.01284	0.02039	0.02417	0.09063	0.08610	0.62615	0.02266	0.01057	0.00302	0.00453	0.01888	0.00831	0.00755
3	0.03342	0.04264	0.02535	0.02305	0.02766	0.64967	0.01729	0.03572	0.02535	0.02190	0.01383	0.01613	0.01152	0.00922	0.00807	0.00230	0.01613	0.00576	0.00461	0.01037
4	0.01090	0.00779	0.01038	0.01246	0.01298	0.00727	0.00830	0.01246	0.01713	0.02284	0.04931	0.67975	0.05917	0.02803	0.01142	0.00363	0.00519	0.02543	0.00830	0.00727
5	0.02214	0.02126	0.03631	0.05491	0.62978	0.02126	0.02746	0.02746	0.02037	0.02923	0.01683	0.02214	0.01417	0.00797	0.00886	0.00266	0.01063	0.00797	0.00443	0.01417
6	0.01059	0.00899	0.00913	0.00925	0.01213	0.00754	0.00688	0.01282	0.02022	0.02410	0.08840	0.11809	0.59559	0.02295	0.01062	0.00305	0.00457	0.01923	0.00831	0.00754
7	0.01057	0.00906	0.00906	0.00906	0.01208	0.00755	0.00680	0.01284	0.02039	0.02417	0.09063	0.08610	0.62615	0.02266	0.01057	0.00302	0.00453	0.01888	0.00831	0.00755
8	0.03342	0.04264	0.02535	0.02305	0.02766	0.64967	0.01729	0.03572	0.02535	0.02190	0.01383	0.01613	0.01152	0.00922	0.00807	0.00230	0.01613	0.00576	0.00461	0.01037
9	0.02392	0.54519	0.12705	0.01739	0.02555	0.08689	0.01794	0.02778	0.01890	0.02213	0.01306	0.01514	0.01146	0.00791	0.00633	0.00207	0.01065	0.00512	0.00389	0.01163
10	0.01321	0.01022	0.01521	0.01496	0.01646	0.01222	0.01172	0.01633	0.01433	0.02082	0.02318	0.03415	0.02169	0.06381	0.61051	0.01371	0.06515	0.00947	0.00474	0.00810
11	0.01228	0.00913	0.01143	0.01085	0.01313	0.00828	0.00814	0.01614	0.02442	0.03373	0.52700	0.07036	0.18381	0.01909	0.01056	0.00285	0.00428	0.01668	0.00957	0.00828
12	0.03390	0.02846	0.02656	0.02106	0.02773	0.14804	0.01706	0.49081	0.03883	0.04971	0.02000	0.02045	0.01450	0.01045	0.00878	0.00261	0.01106	0.00761	0.00811	0.01428
13	0.01794	0.04628	0.63923	0.02550	0.03872	0.02078	0.03305	0.02833	0.01889	0.02833	0.01606	0.01889	0.01133	0.00850	0.00850	0.00283	0.01322	0.00661	0.00378	0.01322
14	0.01539	0.01439	0.02706	0.02269	0.02669	0.01360	0.23082	0.01966	0.01926	0.02575	0.03722	0.32710	0.04062	0.01972	0.01127	0.00349	0.00947	0.11968	0.00687	0.00925
15	0.01975	0.01661	0.01919	0.01382	0.02171	0.01315	0.01110	0.06724	0.02037	0.03126	0.01633	0.01878	0.01340	0.00694	0.00681	0.00143	0.00687	0.00551	0.00558	0.68413
16	0.01057	0.00906	0.00906	0.00906	0.01208	0.00755	0.00680	0.01284	0.02039	0.02417	0.09063	0.08610	0.62615	0.02266	0.01057	0.00302	0.00453	0.01888	0.00831	0.00755
17	0.03401	0.02506	0.02685	0.02058	0.02774	0.02774	0.01700	0.59995	0.04206	0.05638	0.02148	0.02148	0.01521	0.01074	0.00895	0.00268	0.00984	0.00805	0.00895	0.01521
18	0.03025	0.09443	0.02615	0.02119	0.02629	0.47427	0.01633	0.03597	0.10854	0.02441	0.01704	0.01857	0.01387	0.00937	0.00794	0.00233	0.01379	0.00628	0.00522	0.04778
19	0.02392	0.69097	0.04688	0.01531	0.02296	0.03540	0.01531	0.02679	0.01818	0.02105	0.01244	0.01435	0.01148	0.00765	0.00574	0.00191	0.00957	0.00478	0.00383	0.01148
20	0.04014	0.01523	0.02076	0.01592	0.02284	0.01315	0.01315	0.04360	0.02561	0.63597	0.03530	0.03045	0.02215	0.01107	0.00900	0.00277	0.00761	0.00900	0.01107	0.01523
21	0.01139	0.00933	0.01020	0.01064	0.01346	0.00814	0.00842	0.01405	0.02044	0.02472	0.08141	0.08926	0.50362	0.02310	0.01095	0.00326	0.00532	0.13630	0.00829	0.00770
22	0.02087	0.02585	0.09821	0.03676	0.04613	0.02248	0.55359	0.02863	0.02094	0.02863	0.01794	0.02373	0.01340	0.00762	0.01040	0.00300	0.01494	0.01025	0.00447	0.01216
23	0.01668	0.00834	0.00834	0.00834	0.01042	0.00834	0.00625	0.02085	0.01876	0.03335	0.02918	0.03335	0.02293	0.01042	0.00625	0.00208	0.00417	0.00834	0.73525	0.00834
24	0.01266	0.00914	0.01196	0.01126	0.01337	0.00844	0.00844	0.01688	0.02532	0.03588	0.62506	0.06683	0.08441	0.01829	0.01055	0.00281	0.00422	0.01618	0.00985	0.00844
25	0.01301	0.00867	0.00976	0.00976	0.00976	0.00867	0.00542	0.01301	0.01301	0.01735	0.02819	0.05855	0.03253	0.68559	0.04554	0.00867	0.00867	0.01301	0.00542	0.00542
26	0.03454	0.02420	0.02632	0.02018	0.02732	0.02647	0.01667	0.55148	0.04063	0.10688	0.02268	0.02226	0.01582	0.01077	0.00895	0.00269	0.00965	0.00814	0.00913	0.01522
27	0.03401	0.02506	0.02685	0.02058	0.02774	0.02774	0.01700	0.59995	0.04206	0.05638	0.02148	0.02148	0.01521	0.01074	0.00895	0.00268	0.00984	0.00805	0.00895	0.01521
28	0.01301	0.00867	0.00976	0.00976	0.00976	0.00867	0.00542	0.01301	0.01301	0.01735	0.02819	0.05855	0.03253	0.68559	0.04554	0.00867	0.00867	0.01301	0.00542	0.00542
29	0.03401	0.02506	0.02685	0.02058	0.02774	0.02774	0.01700	0.59995	0.04206	0.05638	0.02148	0.02148	0.01521	0.01074	0.00895	0.00268	0.00984	0.00805	0.00895	0.01521
30	0.02475	0.63448	0.04501	0.01598	0.02337	0.08892	0.01548	0.02757	0.01880	0.02112	0.01256	0.01451	0.01148	0.00779	0.00594	0.00195	0.01014	0.00487	0.00390	0.01138
31	0.01319	0.00942	0.01203	0.01273	0.01376	0.00960	0.00875	0.05073	0.01730	0.02338	0.03820	0.38161	0.04370	0.18001	0.13602	0.00666	0.00971	0.01866	0.00706	0.00750
32	0.02085	0.19493	0.26014	0.01894	0.02875	0.02229	0.02072	0.07049	0.02041	0.02895	0.01554	0.01787	0.01224	0.00790	0.00729	0.00214	0.01009	0.00588	0.00464	0.22993
33	0.01989	0.09955	0.36878	0.02184	0.03114	0.07556	0.02472	0.06293	0.01999	0.02740	0.01739	0.02152	0.01375	0.01996	0.13234	0.00492	0.01499	0.00703	0.00438	0.01192
34	0.01090	0.00779	0.01038	0.01246	0.01298	0.00727	0.00830	0.01246	0.01713	0.02284	0.04931	0.67975	0.05917	0.02803	0.01142	0.00363	0.00519	0.02543	0.00830	0.00727
35	0.02225	0.01922	0.02023	0.01821	0.02326	0.02225	0.01416	0.04754	0.61361	0.03742	0.03641	0.03338	0.02731	0.01214	0.00910	0.00303	0.00708	0.01011	0.00910	0.01416
36	0.02083	0.01968	0.03333	0.13438	0.50554	0.02022	0.02609	0.02614	0.02005	0.02818	0.01907	0.02847	0.01676	0.00940	0.00914	0.00281	0.01062	0.05146	0.00466	0.01314
37	0.02197	0.48045	0.24031	0.01864	0.02811	0.03063	0.02110	0.02729	0.01841	0.02343	0.01362	0.01583	0.01143	0.00793	0.00664	0.00221	0.01076	0.00538	0.00381	0.01205
38	0.02437	0.02706	0.04116	0.03110	0.03768	0.14513	0.34206	0.07866	0.02257	0.02862	0.01655	0.02162	0.01303	0.00944	0.01295	0.00299	0.11954	0.00898	0.00483	0.01165
39	0.01301	0.00867	0.00976	0.00976	0.00976	0.00867	0.00542	0.01301	0.01301	0.01735	0.02819	0.05855	0.03253	0.68559	0.04554	0.00867	0.00867	0.01301	0.00542	0.00542
40	0.01057	0.00906	0.00906	0.00906	0.01208	0.00755	0.00680	0.01284	0.02039	0.02417	0.09063	0.08610	0.62615	0.02266	0.01057	0.00302	0.00453	0.01888	0.00831	0.00755
41	0.02954	0.03174	0.03009	0.02468	0.03058	0.31343	0.12915	0.17733	0.02840	0.03246	0.01954	0.02644	0.01635	0.01063	0.00915	0.00270	0.01363	0.05640	0.00602	0.01175
42	0.02156	0.02066	0.03526	0.12260	0.56665	0.02110	0.02717	0.02695	0.02010	0.02852	0.01673	0.02233	0.01392	0.00808	0.00887	0.00269	0.01077	0.00797	0.00438	0.01370
43	0.01057	0.00906	0.00906	0.00906	0.01208	0.00755	0.00680	0.01284	0.02039	0.02417	0.09063	0.08610	0.62615	0.02266	0.01057	0.00302	0.00453	0.01888	0.00831	0.00755
44	0.01957	0.01957	0.02740	0.02349	0.02349	0.02740	0.01957	0.02153	0.01370	0.02153	0.01174	0.01957	0.01174	0.01566	0.02936	0.00391	0.66921	0.00783	0.00391	0.00979
45	0.01794	0.04628	0.63923	0.02550	0.03872	0.02078	0.03305	0.02833	0.01889	0.02833	0.01606	0.01889	0.01133	0.00850	0.00850	0.00283	0.01322	0.00661	0.00378	0.01322
46	0.01554	0.00777	0.01166	0.01166	0.01166	0.00777	0.00777	0.01166	0.01166	0.01554	0.01554	0.02720	0.01554	0.03108	0.03497	0.73970	0.00777	0.00777	0.00389	0.00389
47	0.04014	0.01523	0.02076	0.01592	0.02284	0.01315	0.01315	0.04360	0.02561	0.63597	0.03530	0.03045	0.02215	0.01107	0.00900	0.00277	0.00761	0.00900	0.01107	0.01523
48	0.01855	0.01590	0.01855	0.01325	0.02120	0.01193	0.01060	0.02253	0.01855	0.02915	0.01590	0.01855	0.01325	0.00663	0.00663	0.00133	0.00663	0.00530	0.00530	0.74028
49	0.03401	0.02506	0.02685	0.02058	0.02774	0.02774	0.01700	0.59995	0.04206	0.05638	0.02148	0.02148	0.01521	0.01074	0.00895	0.00268	0.00984	0.00805	0.00895	0.01521
50	0.02392	0.69097	0.04688	0.01531	0.02296	0.03540	0.01531	0.02679	0.01818	0.02105	0.01244	0.01435	0.01148	0.00765	0.00574	0.00191	0.00957	0.00478	0.00383	0.01148

[dist]
# distance from previous block
# <min> <max>
0	2

[block]
# block no. 9 follows, 19 sequences, length 23
# corresponding to MSA columns:
# 286-308
name=unknown_J
#
# <colnr> <probs for GDERKNQSTAVLIFYWHMCP>
#	G	D	E	R	K	N	Q	S	T	A	V	L	I	F	Y	W	H	M	C	P
0	0.01124	0.00879	0.01019	0.01047	0.01265	0.00774	0.00761	0.01390	0.02105	0.02719	0.23310	0.21684	0.34201	0.02265	0.01076	0.00310	0.00459	0.01962	0.00875	0.00774
1	0.02392	0.69097	0.04688	0.01531	0.02296	0.03540	0.01531	0.02679	0.01818	0.02105	0.01244	0.01435	0.01148	0.00765	0.00574	0.00191	0.00957	0.00478	0.00383	0.01148
2	0.01554	0.00777	0.01166	0.01166	0.01166	0.00777	0.00777	0.01166	0.01166	0.01554	0.01554	0.02720	0.01554	0.03108	0.03497	0.73970	0.00777	0.00777	0.00389	0.00389
3	0.01278	0.00959	0.01438	0.01438	0.01598	0.01118	0.01118	0.01598	0.01438	0.02077	0.02396	0.03515	0.02237	0.06710	0.65013	0.01438	0.02396	0.00959	0.00479	0.00799
4	0.02225	0.01922	0.02023	0.01821	0.02326	0.02225	0.01416	0.04754	0.61361	0.03742	0.03641	0.03338	0.02731	0.01214	0.00910	0.00303	0.00708	0.01011	0.00910	0.01416
5	0.01301	0.00867	0.00976	0.00976	0.00976	0.00867	0.00542	0.01301	0.01301	0.01735	0.02819	0.05855	0.03253	0.68559	0.04554	0.00867	0.00867	0.01301	0.00542	0.00542
6	0.01266	0.00914	0.01196	0.01126	0.01337	0.00844	0.00844	0.01688	0.02532	0.03588	0.62506	0.06683	0.08441	0.01829	0.01055	0.00281	0.00422	0.01618	0.00985	0.00844
7	0.01278	0.00959	0.01438	0.01438	0.01598	0.01118	0.01118	0.01598	0.01438	0.02077	0.02396	0.03515	0.02237	0.06710	0.65013	0.01438	0.02396	0.00959	0.00479	0.00799
8	0.03342	0.04264	0.02535	0.02305	0.02766	0.64967	0.01729	0.03572	0.02535	0.02190	0.01383	0.01613	0.01152	0.00922	0.00807	0.00230	0.01613	0.00576	0.00461	0.01037
9	0.01090	0.00779	0.01038	0.01246	0.01298	0.00727	0.00830	0.01246	0.01713	0.02284	0.04931	0.67975	0.05917	0.02803	0.01142	0.00363	0.00519	0.02543	0.00830	0.00727
10	0.02177	0.02088	0.03564	0.09792	0.58966	0.02116	0.02727	0.02713	0.02020	0.02878	0.01676	0.02226	0.01401	0.00804	0.00886	0.00268	0.01072	0.00797	0.00440	0.01387
11	0.01794	0.04628	0.63923	0.02550	0.03872	0.02078	0.03305	0.02833	0.01889	0.02833	0.01606	0.01889	0.01133	0.00850	0.00850	0.00283	0.01322	0.00661	0.00378	0.01322
12	0.01794	0.04628	0.63923	0.02550	0.03872	0.02078	0.03305	0.02833	0.01889	0.02833	0.01606	0.01889	0.01133	0.00850	0.00850	0.00283	0.01322	0.00661	0.00378	0.01322
13	0.01855	0.01590	0.01855	0.01325	0.02120	0.01193	0.01060	0.02253	0.01855	0.02915	0.01590	0.01855	0.01325	0.00663	0.00663	0.00133	0.00663	0.00530	0.00530	0.74028
14	0.02984	0.02262	0.02428	0.01952	0.02578	0.02518	0.01580	0.43587	0.17163	0.04990	0.02667	0.06603	0.02078	0.01216	0.00914	0.00283	0.00891	0.00963	0.00894	0.01447
15	0.02392	0.69097	0.04688	0.01531	0.02296	0.03540	0.01531	0.02679	0.01818	0.02105	0.01244	0.01435	0.01148	0.00765	0.00574	0.00191	0.00957	0.00478	0.00383	0.01148
16	0.03342	0.04264	0.02535	0.02305	0.02766	0.64967	0.01729	0.03572	0.02535	0.02190	0.01383	0.01613	0.01152	0.00922	0.00807	0.00230	0.01613	0.00576	0.00461	0.01037
17	0.01057	0.00906	0.00906	0.00906	0.01208	0.00755	0.00680	0.01284	0.02039	0.02417	0.09063	0.08610	0.62615	0.02266	0.01057	0.00302	0.00453	0.01888	0.00831	0.00755
18	0.02214	0.02126	0.03631	0.05491	0.62978	0.02126	0.02746	0.02746	0.02037	0.02923	0.01683	0.02214	0.01417	0.00797	0.00886	0.00266	0.01063	0.00797	0.00443	0.01417
19	0.01810	0.01713	0.02901	0.52430	0.19199	0.02019	0.02545	0.02391	0.01846	0.02432	0.01611	0.02346	0.01244	0.00872	0.00892	0.00291	0.01163	0.00796	0.00408	0.01091
20	0.01301	0.00867	0.00976	0.00976	0.00976	0.00867	0.00542	0.01301	0.01301	0.01735	0.02819	0.05855	0.03253	0.68559	0.04554	0.00867	0.00867	0.01301	0.00542	0.00542
21	0.01301	0.00867	0.00976	0.00976	0.00976	0.00867	0.00542	0.01301	0.01301	0.01735	0.02819	0.05855	0.03253	0.68559	0.04554	0.00867	0.00867	0.01301	0.00542	0.00542
22	0.02392	0.69097	0.04688	0.01531	0.02296	0.03540	0.01531	0.02679	0.01818	0.02105	0.01244	0.01435	0.01148	0.00765	0.00574	0.00191	0.00957	0.00478	0.00383	0.01148

[dist]
# distance from previous block
# <min> <max>
0	0

# created by:
# /home/cegg/simao/soft/augustus-3.2.1/scripts/msa2prfl.pl ./align_prep/11434.fa
