[name]
unknown

[dist]
# distance from previous block
# <min> <max>
8	10

[block]
# block no. 0 follows, 22 sequences, length 89
# corresponding to MSA columns:
# 10-98
name=unknown_A
#
# <colnr> <probs for GDERKNQSTAVLIFYWHMCP>
#	G	D	E	R	K	N	Q	S	T	A	V	L	I	F	Y	W	H	M	C	P
0	0.01666	0.04297	0.66500	0.02368	0.03596	0.01929	0.03069	0.02631	0.01754	0.02631	0.01491	0.01754	0.01052	0.00789	0.00789	0.00263	0.01228	0.00614	0.00351	0.01228
1	0.01696	0.01479	0.01748	0.14942	0.02612	0.01673	0.01345	0.03140	0.35477	0.02947	0.07560	0.04090	0.15236	0.01298	0.00878	0.00279	0.00685	0.01096	0.00739	0.01082
2	0.01187	0.00890	0.01335	0.01335	0.01483	0.01038	0.01038	0.01483	0.01335	0.01928	0.02225	0.03264	0.02077	0.06231	0.67512	0.01335	0.02225	0.00890	0.00445	0.00742
3	0.01073	0.00749	0.00946	0.01079	0.01112	0.00716	0.00688	0.01173	0.01471	0.01962	0.03967	0.50039	0.04723	0.23879	0.02049	0.00483	0.00583	0.02002	0.00688	0.00621
4	0.02497	0.01688	0.01891	0.01635	0.02150	0.01847	0.01291	0.04319	0.48102	0.19748	0.03354	0.03029	0.02412	0.01101	0.00843	0.00275	0.00670	0.00912	0.00893	0.01341
5	0.02056	0.01974	0.03372	0.05099	0.65622	0.01974	0.02550	0.02550	0.01892	0.02714	0.01563	0.02056	0.01316	0.00740	0.00822	0.00247	0.00987	0.00740	0.00411	0.01316
6	0.03727	0.01414	0.01928	0.01478	0.02121	0.01221	0.01221	0.04049	0.02378	0.66198	0.03277	0.02828	0.02056	0.01028	0.00835	0.00257	0.00707	0.00835	0.01028	0.01414
7	0.00985	0.00830	0.00854	0.00873	0.01130	0.00699	0.00645	0.01189	0.01863	0.02232	0.08027	0.14299	0.59232	0.02154	0.00990	0.00286	0.00427	0.01815	0.00771	0.00699
8	0.01187	0.00890	0.01335	0.01335	0.01483	0.01038	0.01038	0.01483	0.01335	0.01928	0.02225	0.03264	0.02077	0.06231	0.67512	0.01335	0.02225	0.00890	0.00445	0.00742
9	0.03727	0.01414	0.01928	0.01478	0.02121	0.01221	0.01221	0.04049	0.02378	0.66198	0.03277	0.02828	0.02056	0.01028	0.00835	0.00257	0.00707	0.00835	0.01028	0.01414
10	0.01187	0.00890	0.01335	0.01335	0.01483	0.01038	0.01038	0.01483	0.01335	0.01928	0.02225	0.03264	0.02077	0.06231	0.67512	0.01335	0.02225	0.00890	0.00445	0.00742
11	0.76672	0.01607	0.01221	0.01092	0.01607	0.01864	0.00900	0.02442	0.01414	0.03727	0.01157	0.01350	0.00900	0.00771	0.00514	0.00257	0.00643	0.00450	0.00514	0.00900
12	0.00982	0.00842	0.00842	0.00842	0.01122	0.00701	0.00631	0.01192	0.01894	0.02244	0.08416	0.07995	0.65285	0.02104	0.00982	0.00281	0.00421	0.01753	0.00771	0.00701
13	0.03022	0.03793	0.02272	0.02069	0.02485	0.63986	0.01552	0.03245	0.02322	0.02089	0.01359	0.01582	0.01125	0.00862	0.00740	0.00213	0.01440	0.00548	0.04344	0.00953
14	0.01659	0.01520	0.02519	0.20623	0.33351	0.01604	0.02025	0.02077	0.01754	0.02406	0.02323	0.19793	0.02346	0.01247	0.00886	0.00278	0.00887	0.01160	0.00494	0.01047
15	0.03106	0.03887	0.02360	0.02130	0.02569	0.64590	0.01604	0.05959	0.02423	0.02175	0.01316	0.01520	0.01085	0.00862	0.00753	0.00216	0.01472	0.00544	0.00446	0.00983
16	0.01060	0.00845	0.00950	0.00923	0.01170	0.00734	0.00693	0.01343	0.02078	0.02681	0.31220	0.07276	0.42209	0.01941	0.00981	0.00273	0.00409	0.01652	0.00829	0.00734
17	0.01540	0.01362	0.02170	0.12292	0.18842	0.01570	0.01705	0.01912	0.01520	0.02169	0.01815	0.02633	0.01626	0.03474	0.33105	0.00788	0.09315	0.00810	0.00416	0.00936
18	0.03103	0.03959	0.02354	0.02140	0.02568	0.67469	0.01605	0.03317	0.02354	0.02033	0.01284	0.01498	0.01070	0.00856	0.00749	0.00214	0.01498	0.00535	0.00428	0.00963
19	0.01723	0.01477	0.01723	0.01230	0.01969	0.01107	0.00984	0.02092	0.01723	0.02707	0.01477	0.01723	0.01230	0.00615	0.00615	0.00123	0.00615	0.00492	0.00492	0.75883
20	0.01208	0.00805	0.00906	0.00906	0.00906	0.00805	0.00503	0.01208	0.01208	0.01611	0.02618	0.05436	0.03020	0.70804	0.04228	0.00805	0.00805	0.01208	0.00503	0.00503
21	0.01233	0.00940	0.01306	0.01293	0.01380	0.01086	0.00954	0.01430	0.01327	0.01880	0.02477	0.11217	0.02596	0.20944	0.38507	0.01001	0.08132	0.01117	0.00488	0.00693
22	0.01024	0.00749	0.00940	0.01086	0.01167	0.00690	0.00727	0.01167	0.01607	0.02098	0.05023	0.55006	0.14757	0.08201	0.01312	0.00367	0.00499	0.02169	0.00749	0.00665
23	0.01025	0.00746	0.00966	0.01116	0.01201	0.00688	0.00759	0.01200	0.01692	0.02249	0.10769	0.58200	0.11390	0.02468	0.01045	0.00325	0.00468	0.02221	0.00785	0.00688
24	0.02123	0.59480	0.15320	0.01588	0.02390	0.03048	0.01712	0.02513	0.01700	0.02074	0.01214	0.01407	0.01064	0.00725	0.00578	0.00193	0.00948	0.00474	0.00355	0.01095
25	0.02140	0.32806	0.29419	0.01927	0.02802	0.13327	0.02125	0.02683	0.01825	0.02244	0.01314	0.01532	0.01061	0.00767	0.00673	0.00219	0.01128	0.00529	0.00365	0.01115
26	0.03103	0.03959	0.02354	0.02140	0.02568	0.67469	0.01605	0.03317	0.02354	0.02033	0.01284	0.01498	0.01070	0.00856	0.00749	0.00214	0.01498	0.00535	0.00428	0.00963
27	0.02464	0.01699	0.01820	0.01489	0.01952	0.01844	0.01195	0.38318	0.03023	0.04289	0.02449	0.08458	0.02002	0.01132	0.00774	0.00240	0.00711	0.00901	0.24093	0.01147
28	0.01050	0.00829	0.00887	0.00890	0.01091	0.00730	0.00625	0.01230	0.01777	0.02207	0.12386	0.10235	0.43783	0.16674	0.01675	0.00393	0.00503	0.01643	0.00728	0.00666
29	0.01208	0.00805	0.00906	0.00906	0.00906	0.00805	0.00503	0.01208	0.01208	0.01611	0.02618	0.05436	0.03020	0.70804	0.04228	0.00805	0.00805	0.01208	0.00503	0.00503
30	0.01187	0.00890	0.01335	0.01335	0.01483	0.01038	0.01038	0.01483	0.01335	0.01928	0.02225	0.03264	0.02077	0.06231	0.67512	0.01335	0.02225	0.00890	0.00445	0.00742
31	0.05297	0.01214	0.01240	0.01083	0.01413	0.01290	0.00854	0.17763	0.02289	0.03680	0.02456	0.02734	0.01889	0.00967	0.00643	0.00211	0.00535	0.00753	0.52744	0.00946
32	0.01030	0.00843	0.00908	0.00892	0.01152	0.00722	0.00669	0.01285	0.02007	0.02514	0.22494	0.07551	0.51038	0.02003	0.00981	0.00276	0.00414	0.01691	0.00807	0.00722
33	0.76672	0.01607	0.01221	0.01092	0.01607	0.01864	0.00900	0.02442	0.01414	0.03727	0.01157	0.01350	0.00900	0.00771	0.00514	0.00257	0.00643	0.00450	0.00514	0.00900
34	0.02130	0.01769	0.01889	0.01659	0.02129	0.02014	0.01300	0.12062	0.50105	0.03700	0.09054	0.03244	0.02887	0.01164	0.00856	0.00275	0.00667	0.00967	0.00850	0.01278
35	0.03103	0.03959	0.02354	0.02140	0.02568	0.67469	0.01605	0.03317	0.02354	0.02033	0.01284	0.01498	0.01070	0.00856	0.00749	0.00214	0.01498	0.00535	0.00428	0.00963
36	0.76672	0.01607	0.01221	0.01092	0.01607	0.01864	0.00900	0.02442	0.01414	0.03727	0.01157	0.01350	0.00900	0.00771	0.00514	0.00257	0.00643	0.00450	0.00514	0.00900
37	0.01176	0.00849	0.01110	0.01045	0.01241	0.00784	0.00784	0.01568	0.02352	0.03331	0.65184	0.06206	0.07839	0.01698	0.00980	0.00261	0.00392	0.01502	0.00914	0.00784
38	0.01074	0.00821	0.00985	0.00995	0.01191	0.00733	0.00727	0.01352	0.02036	0.02702	0.32829	0.19688	0.27811	0.02024	0.00997	0.00283	0.00420	0.01764	0.00835	0.00733
39	0.01818	0.01818	0.02545	0.02181	0.02181	0.02545	0.01818	0.01999	0.01272	0.01999	0.01091	0.01818	0.01091	0.01454	0.02726	0.00364	0.69284	0.00727	0.00364	0.00909
40	0.02959	0.02606	0.02307	0.01875	0.02416	0.19245	0.01484	0.41561	0.03248	0.04061	0.01869	0.02192	0.01476	0.07580	0.01132	0.00293	0.01055	0.00736	0.00695	0.01210
41	0.01015	0.00790	0.00922	0.01001	0.01170	0.00698	0.00708	0.01214	0.01806	0.02298	0.12384	0.35236	0.33231	0.02283	0.01016	0.00304	0.00445	0.01996	0.00786	0.00698
42	0.01808	0.01386	0.01557	0.04833	0.01901	0.01431	0.01089	0.23136	0.02601	0.03391	0.10974	0.13682	0.25544	0.01671	0.00931	0.00275	0.00637	0.01400	0.00786	0.00970
43	0.01861	0.17821	0.50262	0.02163	0.03241	0.05961	0.02652	0.02641	0.01775	0.02460	0.01411	0.01654	0.01056	0.00777	0.00735	0.00243	0.01175	0.00575	0.00356	0.01180
44	0.02010	0.01927	0.03288	0.11145	0.59938	0.01962	0.02527	0.02509	0.01870	0.02658	0.01554	0.02071	0.01296	0.00749	0.00823	0.00250	0.00998	0.00740	0.00407	0.01279
45	0.02392	0.02160	0.03096	0.04132	0.46273	0.05239	0.02253	0.18231	0.02436	0.03336	0.01661	0.02014	0.01329	0.00812	0.00821	0.00246	0.00992	0.00732	0.00521	0.01324
46	0.01961	0.02241	0.04902	0.03501	0.04342	0.02101	0.62605	0.02661	0.01961	0.02661	0.01681	0.02241	0.01261	0.00700	0.00980	0.00280	0.01401	0.00980	0.00420	0.01120
47	0.01872	0.01782	0.02952	0.27174	0.38260	0.01965	0.02370	0.02447	0.04400	0.02497	0.01582	0.02142	0.01281	0.00829	0.00935	0.00265	0.04931	0.00747	0.00412	0.01154
48	0.01208	0.00805	0.00906	0.00906	0.00906	0.00805	0.00503	0.01208	0.01208	0.01611	0.02618	0.05436	0.03020	0.70804	0.04228	0.00805	0.00805	0.01208	0.00503	0.00503
49	0.01004	0.00754	0.00932	0.01075	0.01183	0.00682	0.00735	0.01166	0.01669	0.02153	0.05574	0.54107	0.21007	0.02473	0.01040	0.00323	0.00466	0.02204	0.00771	0.00682
50	0.01012	0.00723	0.00964	0.01157	0.01205	0.00675	0.00771	0.01157	0.01591	0.02121	0.04579	0.70262	0.05495	0.02603	0.01060	0.00337	0.00482	0.02362	0.00771	0.00675
51	0.10129	0.02259	0.02373	0.01834	0.02484	0.02509	0.01515	0.57124	0.03670	0.05093	0.01915	0.01933	0.01364	0.00976	0.00801	0.00250	0.00888	0.00720	0.00801	0.01364
52	0.02257	0.47562	0.06710	0.01624	0.02210	0.02878	0.01560	0.02544	0.01673	0.08088	0.01359	0.01592	0.01164	0.00894	0.01014	0.00227	0.14603	0.00546	0.00421	0.01075
53	0.01701	0.08470	0.62630	0.02309	0.03504	0.02014	0.02967	0.02622	0.01750	0.02589	0.01470	0.01728	0.01053	0.00784	0.00773	0.00258	0.01207	0.00603	0.00351	0.01218
54	0.02984	0.02925	0.02559	0.02442	0.11273	0.28220	0.01723	0.30928	0.03013	0.03618	0.01653	0.01806	0.01264	0.00906	0.00797	0.00235	0.01156	0.00662	0.00613	0.01221
55	0.02740	0.01924	0.02047	0.01616	0.02159	0.02109	0.01320	0.47048	0.03345	0.04681	0.02180	0.02281	0.01599	0.00990	0.00766	0.00235	0.00777	0.00755	0.20182	0.01247
56	0.01187	0.00890	0.01335	0.01335	0.01483	0.01038	0.01038	0.01483	0.01335	0.01928	0.02225	0.03264	0.02077	0.06231	0.67512	0.01335	0.02225	0.00890	0.00445	0.00742
57	0.57599	0.01793	0.01551	0.01305	0.01858	0.02049	0.01076	0.18115	0.02060	0.04119	0.01374	0.01517	0.01033	0.00830	0.00596	0.00255	0.00713	0.00527	0.00596	0.01033
58	0.00982	0.00842	0.00842	0.00842	0.01122	0.00701	0.00631	0.01192	0.01894	0.02244	0.08416	0.07995	0.65285	0.02104	0.00982	0.00281	0.00421	0.01753	0.00771	0.00701
59	0.01048	0.00849	0.00933	0.00924	0.01179	0.00734	0.00701	0.01313	0.02013	0.02537	0.22987	0.07590	0.47749	0.02007	0.00988	0.00280	0.00428	0.04208	0.00808	0.00726
60	0.01549	0.00774	0.00774	0.00774	0.00968	0.00774	0.00581	0.01936	0.01742	0.03097	0.02710	0.03097	0.02129	0.00968	0.00581	0.00194	0.00387	0.00774	0.75416	0.00774
61	0.01012	0.00723	0.00964	0.01157	0.01205	0.00675	0.00771	0.01157	0.01591	0.02121	0.04579	0.70262	0.05495	0.02603	0.01060	0.00337	0.00482	0.02362	0.00771	0.00675
62	0.68268	0.01591	0.01258	0.01114	0.01616	0.01832	0.00914	0.05473	0.01561	0.03764	0.01296	0.01491	0.01002	0.00795	0.00534	0.00253	0.00640	0.00485	0.05194	0.00918
63	0.01001	0.00837	0.00872	0.00874	0.01137	0.00708	0.00651	0.01226	0.01923	0.02340	0.13529	0.10436	0.57445	0.02087	0.00985	0.00281	0.00421	0.01755	0.00785	0.00708
64	0.03158	0.02327	0.02493	0.01911	0.02576	0.02576	0.01579	0.62852	0.03906	0.05236	0.01995	0.01995	0.01413	0.00997	0.00831	0.00249	0.00914	0.00748	0.00831	0.01413
65	0.02660	0.06829	0.06232	0.01915	0.02370	0.46835	0.01528	0.05423	0.02241	0.02229	0.04218	0.02291	0.04272	0.06266	0.01028	0.00266	0.01283	0.00686	0.00476	0.00950
66	0.02221	0.71304	0.04353	0.01421	0.02132	0.03287	0.01421	0.02488	0.01688	0.01955	0.01155	0.01333	0.01066	0.00711	0.00533	0.00178	0.00888	0.00444	0.00355	0.01066
67	0.01930	0.01845	0.03143	0.21646	0.50064	0.01941	0.02487	0.02439	0.01832	0.02560	0.01540	0.02097	0.01262	0.00764	0.00825	0.00255	0.01018	0.00740	0.00400	0.01214
68	0.02050	0.01990	0.03467	0.05000	0.61806	0.01982	0.06289	0.02556	0.01896	0.02711	0.01570	0.02068	0.01312	0.00738	0.00832	0.00249	0.01013	0.00755	0.00412	0.01304
69	0.01012	0.00723	0.00964	0.01157	0.01205	0.00675	0.00771	0.01157	0.01591	0.02121	0.04579	0.70262	0.05495	0.02603	0.01060	0.00337	0.00482	0.02362	0.00771	0.00675
70	0.01012	0.00723	0.00964	0.01157	0.01205	0.00675	0.00771	0.01157	0.01591	0.02121	0.04579	0.70262	0.05495	0.02603	0.01060	0.00337	0.00482	0.02362	0.00771	0.00675
71	0.03065	0.01267	0.01716	0.01366	0.01892	0.01107	0.01107	0.03404	0.02371	0.49869	0.19356	0.03705	0.03558	0.01202	0.00873	0.00258	0.00625	0.01009	0.00999	0.01250
72	0.01012	0.00723	0.00964	0.01157	0.01205	0.00675	0.00771	0.01157	0.01591	0.02121	0.04579	0.70262	0.05495	0.02603	0.01060	0.00337	0.00482	0.02362	0.00771	0.00675
73	0.76672	0.01607	0.01221	0.01092	0.01607	0.01864	0.00900	0.02442	0.01414	0.03727	0.01157	0.01350	0.00900	0.00771	0.00514	0.00257	0.00643	0.00450	0.00514	0.00900
74	0.01666	0.04297	0.66500	0.02368	0.03596	0.01929	0.03069	0.02631	0.01754	0.02631	0.01491	0.01754	0.01052	0.00789	0.00789	0.00263	0.01228	0.00614	0.00351	0.01228
75	0.01703	0.01568	0.02560	0.20642	0.33418	0.01648	0.02093	0.02164	0.01835	0.02474	0.02730	0.03840	0.08996	0.01145	0.00890	0.00278	0.00922	0.09539	0.00493	0.01064
76	0.03158	0.02327	0.02493	0.01911	0.02576	0.02576	0.01579	0.62852	0.03906	0.05236	0.01995	0.01995	0.01413	0.00997	0.00831	0.00249	0.00914	0.00748	0.00831	0.01413
77	0.01078	0.00840	0.00983	0.00984	0.01206	0.00744	0.00739	0.01363	0.02047	0.02672	0.30181	0.12964	0.34354	0.01999	0.00996	0.00283	0.00432	0.04575	0.00827	0.00734
78	0.06406	0.02914	0.02395	0.19633	0.08725	0.38165	0.01817	0.02949	0.05122	0.02274	0.01454	0.01803	0.01164	0.00848	0.00769	0.00239	0.01267	0.00621	0.00436	0.00997
79	0.02056	0.01974	0.03372	0.05099	0.65622	0.01974	0.02550	0.02550	0.01892	0.02714	0.01563	0.02056	0.01316	0.00740	0.00822	0.00247	0.00987	0.00740	0.00411	0.01316
80	0.01723	0.01477	0.01723	0.01230	0.01969	0.01107	0.00984	0.02092	0.01723	0.02707	0.01477	0.01723	0.01230	0.00615	0.00615	0.00123	0.00615	0.00492	0.00492	0.75883
81	0.01204	0.00822	0.00992	0.00992	0.01022	0.00852	0.00611	0.01263	0.01234	0.01675	0.02539	0.05001	0.02831	0.57855	0.16919	0.00912	0.01090	0.01144	0.00492	0.00551
82	0.01008	0.00811	0.00899	0.00943	0.01155	0.00702	0.00682	0.01219	0.01859	0.02317	0.12876	0.23996	0.44233	0.02194	0.01002	0.00293	0.00434	0.01887	0.00785	0.00702
83	0.02740	0.01924	0.02047	0.01616	0.02159	0.02109	0.01320	0.47048	0.03345	0.04681	0.02180	0.02281	0.01599	0.00990	0.00766	0.00235	0.00777	0.00755	0.20182	0.01247
84	0.00982	0.00842	0.00842	0.00842	0.01122	0.00701	0.00631	0.01192	0.01894	0.02244	0.08416	0.07995	0.65285	0.02104	0.00982	0.00281	0.00421	0.01753	0.00771	0.00701
85	0.01201	0.00832	0.01040	0.01040	0.01086	0.00878	0.00670	0.01294	0.01248	0.01710	0.02495	0.04759	0.02726	0.50660	0.23970	0.00971	0.01248	0.01109	0.00485	0.00578
86	0.02382	0.02013	0.02052	0.01765	0.02281	0.05025	0.01393	0.18859	0.46513	0.03849	0.02947	0.02756	0.02194	0.01083	0.00838	0.00271	0.00758	0.00874	0.00824	0.01324
87	0.02925	0.07353	0.02618	0.02451	0.10679	0.46940	0.01713	0.10877	0.02457	0.02531	0.01405	0.01625	0.01146	0.00851	0.00757	0.00221	0.01322	0.00584	0.00474	0.01073
88	0.14609	0.06087	0.02425	0.02208	0.09520	0.27898	0.01584	0.20243	0.02569	0.03299	0.01494	0.01673	0.01170	0.00863	0.00734	0.00233	0.01107	0.00602	0.00553	0.01128

[dist]
# distance from previous block
# <min> <max>
0	1

[block]
# block no. 1 follows, 22 sequences, length 94
# corresponding to MSA columns:
# 100-193
name=unknown_B
#
# <colnr> <probs for GDERKNQSTAVLIFYWHMCP>
#	G	D	E	R	K	N	Q	S	T	A	V	L	I	F	Y	W	H	M	C	P
0	0.01939	0.01512	0.01893	0.01640	0.01911	0.01798	0.01319	0.20320	0.02122	0.02999	0.01960	0.02660	0.01712	0.06161	0.27460	0.00719	0.15654	0.00820	0.04429	0.00973
1	0.02056	0.01974	0.03372	0.05099	0.65622	0.01974	0.02550	0.02550	0.01892	0.02714	0.01563	0.02056	0.01316	0.00740	0.00822	0.00247	0.00987	0.00740	0.00411	0.01316
2	0.01053	0.00740	0.00952	0.01105	0.01143	0.00702	0.00716	0.01167	0.01511	0.02015	0.04173	0.56844	0.04982	0.16720	0.01716	0.00434	0.00549	0.02123	0.00716	0.00639
3	0.01070	0.00840	0.00967	0.00945	0.01179	0.00737	0.00705	0.01359	0.02086	0.02725	0.33628	0.09670	0.37241	0.01943	0.00984	0.00274	0.00410	0.01665	0.00835	0.00737
4	0.02056	0.01974	0.03372	0.05099	0.65622	0.01974	0.02550	0.02550	0.01892	0.02714	0.01563	0.02056	0.01316	0.00740	0.00822	0.00247	0.00987	0.00740	0.00411	0.01316
5	0.01670	0.01579	0.02674	0.55621	0.18121	0.01872	0.02357	0.02211	0.01709	0.02245	0.01494	0.02182	0.01151	0.00812	0.00829	0.00271	0.01082	0.00739	0.00378	0.01004
6	0.01010	0.00731	0.00956	0.01136	0.01200	0.00676	0.00762	0.01159	0.01610	0.02129	0.04826	0.66253	0.09344	0.02571	0.01055	0.00334	0.00478	0.02323	0.00771	0.00676
7	0.01856	0.01581	0.01664	0.01516	0.01921	0.01786	0.01158	0.03731	0.50840	0.03158	0.03937	0.03913	0.10350	0.07422	0.01162	0.00328	0.00641	0.01064	0.00806	0.01167
8	0.01012	0.00723	0.00964	0.01157	0.01205	0.00675	0.00771	0.01157	0.01591	0.02121	0.04579	0.70262	0.05495	0.02603	0.01060	0.00337	0.00482	0.02362	0.00771	0.00675
9	0.02185	0.15555	0.37004	0.02140	0.03044	0.21533	0.02357	0.02809	0.01920	0.02340	0.01373	0.01607	0.01060	0.00796	0.00734	0.00234	0.01250	0.00562	0.00374	0.01122
10	0.01001	0.00842	0.00872	0.00891	0.01156	0.00713	0.00674	0.01218	0.01881	0.02251	0.08038	0.10869	0.59507	0.02136	0.00994	0.00288	0.00441	0.04753	0.00771	0.00703
11	0.03229	0.01972	0.02249	0.01734	0.02368	0.02070	0.01429	0.41745	0.03359	0.23730	0.05656	0.02467	0.01942	0.01043	0.00840	0.00252	0.00824	0.00814	0.00896	0.01381
12	0.02221	0.71304	0.04353	0.01421	0.02132	0.03287	0.01421	0.02488	0.01688	0.01955	0.01155	0.01333	0.01066	0.00711	0.00533	0.00178	0.00888	0.00444	0.00355	0.01066
13	0.03103	0.03959	0.02354	0.02140	0.02568	0.67469	0.01605	0.03317	0.02354	0.02033	0.01284	0.01498	0.01070	0.00856	0.00749	0.00214	0.01498	0.00535	0.00428	0.00963
14	0.05651	0.03705	0.52999	0.02163	0.03263	0.01813	0.02668	0.02848	0.01837	0.12843	0.01760	0.01906	0.01205	0.00827	0.00783	0.00262	0.01116	0.00641	0.00467	0.01241
15	0.02667	0.01853	0.01969	0.01565	0.02086	0.02027	0.01275	0.44273	0.03246	0.04583	0.02213	0.02331	0.01631	0.00988	0.00755	0.00232	0.00753	0.00756	0.23579	0.01218
16	0.01965	0.05527	0.02987	0.17612	0.38995	0.02033	0.02230	0.02773	0.12381	0.02679	0.01831	0.02228	0.01466	0.00823	0.00813	0.00255	0.00951	0.00758	0.00473	0.01220
17	0.00982	0.00842	0.00842	0.00842	0.01122	0.00701	0.00631	0.01192	0.01894	0.02244	0.08416	0.07995	0.65285	0.02104	0.00982	0.00281	0.00421	0.01753	0.00771	0.00701
18	0.01330	0.00951	0.01327	0.01505	0.01696	0.00947	0.01310	0.01713	0.01935	0.02530	0.07545	0.09207	0.04939	0.02264	0.01139	0.00376	0.00746	0.57001	0.00773	0.00766
19	0.03041	0.03745	0.02373	0.02128	0.02549	0.59980	0.01614	0.07083	0.02399	0.02238	0.01320	0.01546	0.01093	0.00896	0.00855	0.00224	0.04918	0.00559	0.00451	0.00989
20	0.01009	0.00843	0.00880	0.00870	0.01139	0.00713	0.00653	0.01245	0.01958	0.02398	0.16446	0.07742	0.57159	0.02047	0.00982	0.00278	0.00417	0.01718	0.00792	0.00713
21	0.02285	0.01495	0.01615	0.01366	0.01777	0.01603	0.01083	0.25861	0.08130	0.07096	0.02681	0.08424	0.02172	0.01137	0.00756	0.00239	0.00640	0.00918	0.29629	0.01094
22	0.01208	0.00805	0.00906	0.00906	0.00906	0.00805	0.00503	0.01208	0.01208	0.01611	0.02618	0.05436	0.03020	0.70804	0.04228	0.00805	0.00805	0.01208	0.00503	0.00503
23	0.03158	0.02327	0.02493	0.01911	0.02576	0.02576	0.01579	0.62852	0.03906	0.05236	0.01995	0.01995	0.01413	0.00997	0.00831	0.00249	0.00914	0.00748	0.00831	0.01413
24	0.03158	0.02327	0.02493	0.01911	0.02576	0.02576	0.01579	0.62852	0.03906	0.05236	0.01995	0.01995	0.01413	0.00997	0.00831	0.00249	0.00914	0.00748	0.00831	0.01413
25	0.02056	0.01974	0.03372	0.05099	0.65622	0.01974	0.02550	0.02550	0.01892	0.02714	0.01563	0.02056	0.01316	0.00740	0.00822	0.00247	0.00987	0.00740	0.00411	0.01316
26	0.03103	0.03959	0.02354	0.02140	0.02568	0.67469	0.01605	0.03317	0.02354	0.02033	0.01284	0.01498	0.01070	0.00856	0.00749	0.00214	0.01498	0.00535	0.00428	0.00963
27	0.02056	0.01974	0.03372	0.05099	0.65622	0.01974	0.02550	0.02550	0.01892	0.02714	0.01563	0.02056	0.01316	0.00740	0.00822	0.00247	0.00987	0.00740	0.00411	0.01316
28	0.01187	0.00890	0.01335	0.01335	0.01483	0.01038	0.01038	0.01483	0.01335	0.01928	0.02225	0.03264	0.02077	0.06231	0.67512	0.01335	0.02225	0.00890	0.00445	0.00742
29	0.01025	0.00782	0.00943	0.01031	0.01181	0.00700	0.00724	0.01228	0.01806	0.02339	0.14675	0.39354	0.26619	0.02299	0.01021	0.00307	0.00448	0.02026	0.00792	0.00700
30	0.01187	0.00890	0.01335	0.01335	0.01483	0.01038	0.01038	0.01483	0.01335	0.01928	0.02225	0.03264	0.02077	0.06231	0.67512	0.01335	0.02225	0.00890	0.00445	0.00742
31	0.01549	0.00774	0.00774	0.00774	0.00968	0.00774	0.00581	0.01936	0.01742	0.03097	0.02710	0.03097	0.02129	0.00968	0.00581	0.00194	0.00387	0.00774	0.75416	0.00774
32	0.01023	0.00807	0.00924	0.00971	0.01167	0.00707	0.00699	0.01244	0.01877	0.02387	0.16665	0.26689	0.37517	0.02189	0.01005	0.00295	0.00435	0.01897	0.00795	0.00707
33	0.02066	0.01785	0.01878	0.01691	0.02160	0.02066	0.01315	0.04414	0.64121	0.03475	0.03381	0.03099	0.02536	0.01127	0.00845	0.00282	0.00657	0.00939	0.00845	0.01315
34	0.03106	0.03882	0.02361	0.02129	0.02569	0.64380	0.01604	0.06151	0.02428	0.02186	0.01318	0.01522	0.01086	0.00863	0.00753	0.00216	0.01470	0.00545	0.00447	0.00984
35	0.73117	0.01597	0.01255	0.01111	0.01632	0.01832	0.00915	0.02520	0.01461	0.06772	0.01260	0.01422	0.00956	0.00784	0.00530	0.00257	0.00646	0.00469	0.00539	0.00925
36	0.02747	0.02222	0.02147	0.01733	0.02230	0.10555	0.01360	0.42436	0.03148	0.04073	0.02032	0.02643	0.01701	0.15429	0.01524	0.00360	0.00967	0.00816	0.00711	0.01167
37	0.02066	0.01785	0.01878	0.01691	0.02160	0.02066	0.01315	0.04414	0.64121	0.03475	0.03381	0.03099	0.02536	0.01127	0.00845	0.00282	0.00657	0.00939	0.00845	0.01315
38	0.02056	0.01974	0.03372	0.05099	0.65622	0.01974	0.02550	0.02550	0.01892	0.02714	0.01563	0.02056	0.01316	0.00740	0.00822	0.00247	0.00987	0.00740	0.00411	0.01316
39	0.03158	0.02327	0.02493	0.01911	0.02576	0.02576	0.01579	0.62852	0.03906	0.05236	0.01995	0.01995	0.01413	0.00997	0.00831	0.00249	0.00914	0.00748	0.00831	0.01413
40	0.01012	0.00723	0.00964	0.01157	0.01205	0.00675	0.00771	0.01157	0.01591	0.02121	0.04579	0.70262	0.05495	0.02603	0.01060	0.00337	0.00482	0.02362	0.00771	0.00675
41	0.01198	0.00801	0.00909	0.00919	0.00922	0.00798	0.00518	0.01205	0.01228	0.01638	0.02722	0.08885	0.03152	0.67176	0.04060	0.00780	0.00788	0.01269	0.00518	0.00512
42	0.01069	0.00759	0.00935	0.01052	0.01106	0.00717	0.00677	0.01176	0.01501	0.01976	0.04321	0.44973	0.10038	0.23360	0.02020	0.00475	0.00575	0.01956	0.00690	0.00625
43	0.01549	0.00774	0.00774	0.00774	0.00968	0.00774	0.00581	0.01936	0.01742	0.03097	0.02710	0.03097	0.02129	0.00968	0.00581	0.00194	0.00387	0.00774	0.75416	0.00774
44	0.01187	0.00890	0.01335	0.01335	0.01483	0.01038	0.01038	0.01483	0.01335	0.01928	0.02225	0.03264	0.02077	0.06231	0.67512	0.01335	0.02225	0.00890	0.00445	0.00742
45	0.02221	0.71304	0.04353	0.01421	0.02132	0.03287	0.01421	0.02488	0.01688	0.01955	0.01155	0.01333	0.01066	0.00711	0.00533	0.00178	0.00888	0.00444	0.00355	0.01066
46	0.01443	0.00722	0.01082	0.01082	0.01082	0.00722	0.00722	0.01082	0.01082	0.01443	0.01443	0.02525	0.01443	0.02886	0.03247	0.75830	0.00722	0.00722	0.00361	0.00361
47	0.01056	0.00771	0.00921	0.01020	0.01109	0.00715	0.00670	0.01178	0.01561	0.02017	0.04945	0.39310	0.18469	0.20136	0.01862	0.00446	0.00552	0.01925	0.00702	0.00636
48	0.02247	0.02145	0.03954	0.03427	0.16640	0.02134	0.34695	0.12538	0.02252	0.05797	0.01750	0.02168	0.01324	0.00805	0.00995	0.00271	0.04262	0.00875	0.00509	0.01212
49	0.25591	0.03439	0.45678	0.01961	0.02961	0.01908	0.02377	0.02571	0.01645	0.02981	0.01384	0.01625	0.01004	0.00783	0.00701	0.00261	0.01041	0.00562	0.00403	0.01123
50	0.02056	0.01974	0.03372	0.05099	0.65622	0.01974	0.02550	0.02550	0.01892	0.02714	0.01563	0.02056	0.01316	0.00740	0.00822	0.00247	0.00987	0.00740	0.00411	0.01316
51	0.01012	0.00723	0.00964	0.01157	0.01205	0.00675	0.00771	0.01157	0.01591	0.02121	0.04579	0.70262	0.05495	0.02603	0.01060	0.00337	0.00482	0.02362	0.00771	0.00675
52	0.01151	0.00896	0.01077	0.01168	0.01406	0.00822	0.00966	0.01443	0.01902	0.02359	0.06512	0.08647	0.36618	0.02194	0.01060	0.00329	0.00584	0.29365	0.00768	0.00731
53	0.01207	0.00811	0.00934	0.00934	0.00943	0.00820	0.00538	0.01226	0.01216	0.01631	0.02592	0.05297	0.02959	0.66647	0.08303	0.00839	0.00897	0.01188	0.00500	0.00519
54	0.02667	0.01853	0.01969	0.01565	0.02086	0.02027	0.01275	0.44273	0.03246	0.04583	0.02213	0.02331	0.01631	0.00988	0.00755	0.00232	0.00753	0.00756	0.23579	0.01218
55	0.02056	0.01974	0.03372	0.05099	0.65622	0.01974	0.02550	0.02550	0.01892	0.02714	0.01563	0.02056	0.01316	0.00740	0.00822	0.00247	0.00987	0.00740	0.00411	0.01316
56	0.00983	0.00835	0.00848	0.00859	0.01127	0.00700	0.00639	0.01190	0.01877	0.02238	0.08208	0.11365	0.62049	0.02131	0.00986	0.00284	0.00424	0.01786	0.00771	0.00700
57	0.01208	0.00805	0.00906	0.00906	0.00906	0.00805	0.00503	0.01208	0.01208	0.01611	0.02618	0.05436	0.03020	0.70804	0.04228	0.00805	0.00805	0.01208	0.00503	0.00503
58	0.02149	0.01679	0.01916	0.01404	0.02121	0.01465	0.01137	0.16790	0.02274	0.05868	0.01674	0.01832	0.01308	0.00724	0.00676	0.00159	0.00691	0.00568	0.00595	0.54970
59	0.01686	0.01192	0.01402	0.01118	0.01541	0.00992	0.00805	0.01898	0.01567	0.07877	0.02110	0.03364	0.02047	0.29819	0.02136	0.00418	0.00702	0.00820	0.00544	0.37961
60	0.02600	0.01955	0.02169	0.01762	0.02293	0.02188	0.01431	0.42106	0.11662	0.04309	0.02233	0.02409	0.01705	0.02098	0.14635	0.00479	0.01150	0.00804	0.00753	0.01260
61	0.01163	0.01482	0.14538	0.01380	0.01699	0.00947	0.01241	0.01506	0.01717	0.02356	0.10303	0.46342	0.07908	0.02109	0.00992	0.00311	0.00624	0.01881	0.00699	0.00802
62	0.01208	0.00805	0.00906	0.00906	0.00906	0.00805	0.00503	0.01208	0.01208	0.01611	0.02618	0.05436	0.03020	0.70804	0.04228	0.00805	0.00805	0.01208	0.00503	0.00503
63	0.06007	0.02528	0.02002	0.05269	0.02341	0.26863	0.01376	0.20710	0.02604	0.03307	0.01817	0.02032	0.01401	0.00918	0.00730	0.00225	0.01018	0.00659	0.17142	0.01051
64	0.02217	0.27816	0.22371	0.02354	0.11290	0.16088	0.02105	0.02712	0.01874	0.02276	0.01338	0.01591	0.01097	0.00769	0.00694	0.00220	0.01130	0.00554	0.00377	0.01127
65	0.02001	0.02262	0.01715	0.01602	0.01899	0.29909	0.01221	0.02233	0.01920	0.02060	0.03366	0.03650	0.18040	0.02562	0.17665	0.00521	0.05069	0.00952	0.00518	0.00836
66	0.01549	0.00774	0.00774	0.00774	0.00968	0.00774	0.00581	0.01936	0.01742	0.03097	0.02710	0.03097	0.02129	0.00968	0.00581	0.00194	0.00387	0.00774	0.75416	0.00774
67	0.04903	0.15543	0.53230	0.02154	0.03264	0.02157	0.02699	0.02599	0.01728	0.02562	0.01420	0.01666	0.01048	0.00775	0.00734	0.00248	0.01146	0.00578	0.00358	0.01187
68	0.00982	0.00842	0.00842	0.00842	0.01122	0.00701	0.00631	0.01192	0.01894	0.02244	0.08416	0.07995	0.65285	0.02104	0.00982	0.00281	0.00421	0.01753	0.00771	0.00701
69	0.01364	0.00809	0.00937	0.00937	0.01060	0.00841	0.00656	0.01610	0.01487	0.02379	0.02576	0.03865	0.02397	0.23957	0.16206	0.00632	0.00916	0.00935	0.35754	0.00682
70	0.01005	0.00753	0.00933	0.01077	0.01184	0.00681	0.00736	0.01166	0.01667	0.02152	0.05545	0.54581	0.20552	0.02477	0.01041	0.00323	0.00467	0.02208	0.00771	0.00681
71	0.03103	0.03959	0.02354	0.02140	0.02568	0.67469	0.01605	0.03317	0.02354	0.02033	0.01284	0.01498	0.01070	0.00856	0.00749	0.00214	0.01498	0.00535	0.00428	0.00963
72	0.06470	0.02037	0.01880	0.01547	0.02098	0.15120	0.01217	0.08120	0.10387	0.12264	0.08523	0.02482	0.02166	0.00945	0.00756	0.00215	0.00821	0.00733	0.00677	0.21540
73	0.01956	0.02114	0.04188	0.03610	0.16663	0.02149	0.39940	0.02527	0.01831	0.02561	0.01557	0.02131	0.01243	0.00835	0.01242	0.00287	0.12743	0.00888	0.00409	0.01125
74	0.03103	0.03959	0.02354	0.02140	0.02568	0.67469	0.01605	0.03317	0.02354	0.02033	0.01284	0.01498	0.01070	0.00856	0.00749	0.00214	0.01498	0.00535	0.00428	0.00963
75	0.03158	0.02327	0.02493	0.01911	0.02576	0.02576	0.01579	0.62852	0.03906	0.05236	0.01995	0.01995	0.01413	0.00997	0.00831	0.00249	0.00914	0.00748	0.00831	0.01413
76	0.03188	0.02278	0.02463	0.01888	0.02552	0.02504	0.01560	0.59724	0.03825	0.08479	0.02063	0.02039	0.01447	0.00999	0.00831	0.00250	0.00903	0.00753	0.00842	0.01413
77	0.01187	0.00890	0.01335	0.01335	0.01483	0.01038	0.01038	0.01483	0.01335	0.01928	0.02225	0.03264	0.02077	0.06231	0.67512	0.01335	0.02225	0.00890	0.00445	0.00742
78	0.00994	0.00842	0.00859	0.00855	0.01130	0.00707	0.00641	0.01216	0.01923	0.02314	0.12071	0.07880	0.61587	0.02078	0.00982	0.00279	0.00419	0.01737	0.00781	0.00707
79	0.18826	0.01454	0.01782	0.01398	0.02014	0.01354	0.01154	0.03716	0.02178	0.53267	0.02838	0.02522	0.01817	0.00975	0.00769	0.00257	0.00694	0.00756	0.00922	0.01307
80	0.01012	0.00723	0.00964	0.01157	0.01205	0.00675	0.00771	0.01157	0.01591	0.02121	0.04579	0.70262	0.05495	0.02603	0.01060	0.00337	0.00482	0.02362	0.00771	0.00675
81	0.01020	0.00758	0.00951	0.01082	0.01191	0.00690	0.00743	0.01199	0.01719	0.02250	0.10578	0.51872	0.18072	0.02422	0.01037	0.00319	0.00462	0.02162	0.00784	0.00690
82	0.03158	0.02327	0.02493	0.01911	0.02576	0.02576	0.01579	0.62852	0.03906	0.05236	0.01995	0.01995	0.01413	0.00997	0.00831	0.00249	0.00914	0.00748	0.00831	0.01413
83	0.01283	0.01040	0.01162	0.01097	0.01384	0.01016	0.00833	0.02007	0.14954	0.02927	0.29718	0.06277	0.29685	0.01742	0.00953	0.00273	0.00458	0.01486	0.00843	0.00861
84	0.05901	0.01790	0.01626	0.01392	0.01754	0.10721	0.01061	0.22645	0.02434	0.03397	0.02174	0.02900	0.01864	0.15408	0.01441	0.00345	0.00819	0.00806	0.20554	0.00967
85	0.07020	0.01652	0.01657	0.04393	0.01976	0.10993	0.01136	0.07740	0.02349	0.15329	0.25527	0.03874	0.06901	0.01253	0.00851	0.00247	0.00722	0.01027	0.00780	0.04571
86	0.04611	0.01076	0.01515	0.01903	0.14562	0.01037	0.01137	0.01651	0.01942	0.02756	0.25731	0.24939	0.10398	0.01772	0.00952	0.00283	0.00556	0.01584	0.00736	0.00859
87	0.06530	0.02668	0.02845	0.03647	0.36150	0.24805	0.02069	0.06693	0.02156	0.02694	0.01472	0.01820	0.01214	0.00799	0.00781	0.00236	0.01142	0.00654	0.00450	0.01177
88	0.07264	0.16997	0.05309	0.01782	0.02276	0.24927	0.01502	0.11264	0.02192	0.02624	0.01904	0.05575	0.04820	0.01051	0.00907	0.00240	0.07116	0.00725	0.00504	0.01022
89	0.16617	0.04579	0.05730	0.01378	0.01799	0.04341	0.01151	0.07551	0.08014	0.06477	0.13266	0.17037	0.05993	0.01431	0.00830	0.00272	0.00672	0.01183	0.00711	0.00968
90	0.05478	0.08325	0.01991	0.01678	0.05207	0.24227	0.01241	0.02559	0.02137	0.09969	0.12183	0.03695	0.15556	0.01235	0.00816	0.00240	0.00904	0.00963	0.00637	0.00961
91	0.06140	0.20636	0.05974	0.01671	0.02209	0.24660	0.01430	0.05480	0.08095	0.02492	0.04996	0.02539	0.08420	0.01013	0.00731	0.00227	0.01011	0.00732	0.00526	0.01019
92	0.10073	0.09110	0.15549	0.01755	0.02433	0.04927	0.04766	0.14520	0.10033	0.03214	0.02929	0.02954	0.12150	0.01084	0.00791	0.00255	0.00883	0.00855	0.00604	0.01118
93	0.13230	0.17287	0.02729	0.01772	0.02354	0.08331	0.07882	0.10942	0.18300	0.03137	0.02226	0.02281	0.04253	0.00938	0.00738	0.00245	0.00886	0.00736	0.00600	0.01133

[dist]
# distance from previous block
# <min> <max>
20	113

[block]
# block no. 2 follows, 22 sequences, length 78
# corresponding to MSA columns:
# 315-392
name=unknown_C
#
# <colnr> <probs for GDERKNQSTAVLIFYWHMCP>
#	G	D	E	R	K	N	Q	S	T	A	V	L	I	F	Y	W	H	M	C	P
0	0.01826	0.22243	0.02390	0.06801	0.02146	0.07763	0.01271	0.02452	0.12288	0.02368	0.05909	0.04057	0.12353	0.05609	0.01012	0.00286	0.00808	0.06879	0.00586	0.00951
1	0.04917	0.12264	0.02114	0.01484	0.01949	0.21616	0.01160	0.06107	0.01965	0.02368	0.02196	0.02768	0.07147	0.12387	0.01279	0.00297	0.00957	0.00742	0.00501	0.15780
2	0.01828	0.01651	0.02299	0.06291	0.20930	0.03829	0.04573	0.02398	0.06520	0.02691	0.02063	0.02412	0.03835	0.01081	0.04023	0.00263	0.00875	0.00732	0.07851	0.23854
3	0.02250	0.01369	0.01793	0.01757	0.07524	0.01328	0.01281	0.09728	0.05943	0.19623	0.14092	0.09463	0.03629	0.01429	0.00916	0.00277	0.00685	0.10779	0.00826	0.05307
4	0.24161	0.10054	0.02139	0.01565	0.02076	0.12222	0.01285	0.19865	0.02297	0.03426	0.01580	0.01846	0.01271	0.01669	0.10789	0.00402	0.01121	0.00615	0.00564	0.01053
5	0.06747	0.02405	0.09591	0.02154	0.07954	0.13867	0.01716	0.05071	0.04398	0.02567	0.01585	0.05184	0.01405	0.01055	0.01263	0.00260	0.18781	0.00717	0.00468	0.12813
6	0.10793	0.02106	0.02509	0.02127	0.06285	0.14302	0.13597	0.05593	0.02035	0.07669	0.05653	0.02260	0.01724	0.01261	0.05994	0.00315	0.01102	0.00742	0.00544	0.13389
7	0.01693	0.01914	0.13440	0.01810	0.05261	0.01582	0.01522	0.06511	0.24060	0.02920	0.03279	0.26206	0.03169	0.01554	0.00908	0.00294	0.00732	0.01355	0.00707	0.01081
8	0.13919	0.02181	0.16039	0.06156	0.09347	0.01700	0.16750	0.02316	0.01860	0.02904	0.13217	0.05520	0.02529	0.01003	0.00843	0.00268	0.00960	0.00931	0.00522	0.01036
9	0.01647	0.01556	0.02632	0.58642	0.15280	0.01866	0.02346	0.02191	0.01698	0.02217	0.01490	0.02190	0.01141	0.00816	0.00829	0.00272	0.01088	0.00739	0.00376	0.00986
10	0.02402	0.16973	0.06936	0.02079	0.02504	0.28167	0.04338	0.02685	0.01842	0.02071	0.01230	0.01607	0.01082	0.00994	0.01307	0.00257	0.21547	0.00598	0.00389	0.00991
11	0.01090	0.00846	0.00991	0.00955	0.01188	0.00747	0.00716	0.01401	0.02149	0.02850	0.40054	0.06998	0.33269	0.01878	0.00981	0.00270	0.00405	0.01613	0.00851	0.00747
12	0.01186	0.00801	0.00937	0.00958	0.00972	0.00805	0.00564	0.01219	0.01257	0.01685	0.02807	0.12343	0.03234	0.59634	0.07581	0.00786	0.00853	0.01315	0.00529	0.00536
13	0.01012	0.00723	0.00964	0.01157	0.01205	0.00675	0.00771	0.01157	0.01591	0.02121	0.04579	0.70262	0.05495	0.02603	0.01060	0.00337	0.00482	0.02362	0.00771	0.00675
14	0.01187	0.00890	0.01335	0.01335	0.01483	0.01038	0.01038	0.01483	0.01335	0.01928	0.02225	0.03264	0.02077	0.06231	0.67512	0.01335	0.02225	0.00890	0.00445	0.00742
15	0.01794	0.01812	0.02737	0.02282	0.02381	0.02402	0.08731	0.02034	0.01367	0.02081	0.01329	0.05226	0.01326	0.01424	0.02444	0.00353	0.58129	0.00836	0.00390	0.00922
16	0.02607	0.03079	0.02095	0.01919	0.02286	0.46974	0.01456	0.05762	0.02165	0.02163	0.01564	0.01983	0.01349	0.02263	0.18149	0.00508	0.01659	0.00638	0.00452	0.00927
17	0.01398	0.01093	0.01297	0.01203	0.01475	0.01114	0.00915	0.02291	0.18424	0.03315	0.46294	0.05484	0.09277	0.01569	0.00945	0.00268	0.00463	0.01368	0.00889	0.00918
18	0.02273	0.32261	0.23770	0.01912	0.02715	0.19575	0.01998	0.02750	0.01883	0.02192	0.01296	0.01511	0.01063	0.00774	0.00672	0.00215	0.01156	0.00522	0.00373	0.01091
19	0.01726	0.02346	0.19408	0.34229	0.21403	0.01902	0.02571	0.02371	0.01748	0.02415	0.01504	0.02052	0.01150	0.00795	0.00818	0.00265	0.01106	0.00706	0.00376	0.01109
20	0.03053	0.07899	0.02481	0.02085	0.02543	0.60098	0.01593	0.06508	0.02399	0.02203	0.01315	0.01515	0.01089	0.00855	0.00741	0.00214	0.01430	0.00541	0.00446	0.00994
21	0.01010	0.00730	0.00957	0.01139	0.01200	0.00676	0.00763	0.01159	0.01608	0.02128	0.04794	0.66765	0.08853	0.02575	0.01056	0.00334	0.00479	0.02328	0.00771	0.00676
22	0.01642	0.14231	0.07716	0.01399	0.01852	0.01676	0.01242	0.02571	0.18272	0.03056	0.31756	0.04113	0.04620	0.01289	0.00846	0.00252	0.00626	0.01084	0.00745	0.01013
23	0.01831	0.24177	0.48062	0.02087	0.03161	0.02332	0.02580	0.02588	0.01734	0.02430	0.01391	0.01629	0.01056	0.00766	0.00713	0.00238	0.01127	0.00564	0.00352	0.01180
24	0.01004	0.00842	0.00872	0.00865	0.01136	0.00711	0.00649	0.01235	0.01946	0.02369	0.14920	0.07790	0.58703	0.02057	0.00982	0.00278	0.00417	0.01725	0.00788	0.00711
25	0.01896	0.01769	0.02960	0.04361	0.53897	0.01757	0.02228	0.02371	0.01975	0.02826	0.13149	0.02812	0.02504	0.00915	0.00851	0.00249	0.00879	0.00879	0.00503	0.01219
26	0.00997	0.00846	0.00862	0.00870	0.01147	0.00712	0.00660	0.01214	0.01894	0.02254	0.08250	0.08052	0.62787	0.02112	0.00989	0.00285	0.00435	0.04159	0.00771	0.00704
27	0.02026	0.01943	0.03317	0.09081	0.61878	0.01966	0.02534	0.02523	0.01877	0.02677	0.01557	0.02066	0.01303	0.00746	0.00823	0.00249	0.00994	0.00740	0.00409	0.01291
28	0.03103	0.03959	0.02354	0.02140	0.02568	0.67469	0.01605	0.03317	0.02354	0.02033	0.01284	0.01498	0.01070	0.00856	0.00749	0.00214	0.01498	0.00535	0.00428	0.00963
29	0.02056	0.01974	0.03372	0.05099	0.65622	0.01974	0.02550	0.02550	0.01892	0.02714	0.01563	0.02056	0.01316	0.00740	0.00822	0.00247	0.00987	0.00740	0.00411	0.01316
30	0.02056	0.01974	0.03372	0.05099	0.65622	0.01974	0.02550	0.02550	0.01892	0.02714	0.01563	0.02056	0.01316	0.00740	0.00822	0.00247	0.00987	0.00740	0.00411	0.01316
31	0.01012	0.00723	0.00964	0.01157	0.01205	0.00675	0.00771	0.01157	0.01591	0.02121	0.04579	0.70262	0.05495	0.02603	0.01060	0.00337	0.00482	0.02362	0.00771	0.00675
32	0.01831	0.24181	0.48058	0.02087	0.03161	0.02332	0.02580	0.02588	0.01734	0.02430	0.01391	0.01629	0.01056	0.00766	0.00713	0.00238	0.01127	0.00564	0.00352	0.01180
33	0.02056	0.01974	0.03372	0.05099	0.65622	0.01974	0.02550	0.02550	0.01892	0.02714	0.01563	0.02056	0.01316	0.00740	0.00822	0.00247	0.00987	0.00740	0.00411	0.01316
34	0.01013	0.00843	0.00884	0.00874	0.01141	0.00714	0.00656	0.01252	0.01967	0.02418	0.17474	0.07709	0.56119	0.02039	0.00982	0.00277	0.00416	0.01713	0.00794	0.00714
35	0.02457	0.53579	0.03848	0.01584	0.02247	0.12919	0.01466	0.09210	0.02031	0.02325	0.01266	0.01430	0.01105	0.00764	0.00598	0.00191	0.00983	0.00491	0.00418	0.01088
36	0.02634	0.03195	0.02554	0.18442	0.05930	0.45755	0.04837	0.02965	0.02149	0.02113	0.01361	0.01730	0.01098	0.00838	0.00783	0.00234	0.01378	0.00614	0.00413	0.00975
37	0.02621	0.02898	0.02185	0.09600	0.02753	0.38715	0.01570	0.03333	0.15200	0.05567	0.01906	0.02094	0.01495	0.01255	0.04956	0.00308	0.01282	0.00681	0.00540	0.01041
38	0.01201	0.00833	0.01045	0.01045	0.01093	0.00881	0.00676	0.01297	0.01249	0.01713	0.02491	0.04734	0.02715	0.49943	0.24673	0.00977	0.01264	0.01105	0.00485	0.00580
39	0.02018	0.01696	0.01783	0.01580	0.02042	0.01907	0.01236	0.10596	0.47293	0.03480	0.04026	0.03754	0.12420	0.01268	0.00865	0.00278	0.00649	0.01047	0.00832	0.01228
40	0.02426	0.02795	0.01908	0.01774	0.02102	0.42519	0.01340	0.02681	0.02019	0.02128	0.01693	0.02141	0.01454	0.02269	0.18125	0.00504	0.01560	0.00655	0.09024	0.00884
41	0.01549	0.00774	0.00774	0.00774	0.00968	0.00774	0.00581	0.01936	0.01742	0.03097	0.02710	0.03097	0.02129	0.00968	0.00581	0.00194	0.00387	0.00774	0.75416	0.00774
42	0.01645	0.00867	0.00877	0.00842	0.01064	0.00882	0.00640	0.05580	0.01872	0.03225	0.02667	0.03031	0.02086	0.00970	0.00596	0.00197	0.00419	0.00773	0.70955	0.00812
43	0.01443	0.00722	0.01082	0.01082	0.01082	0.00722	0.00722	0.01082	0.01082	0.01443	0.01443	0.02525	0.01443	0.02886	0.03247	0.75830	0.00722	0.00722	0.00361	0.00361
44	0.01015	0.00754	0.00947	0.01086	0.01190	0.00686	0.00743	0.01186	0.01694	0.02212	0.08669	0.53941	0.17946	0.02451	0.01040	0.00322	0.00464	0.02189	0.00779	0.00686
45	0.03040	0.03442	0.02395	0.05391	0.02727	0.48528	0.01634	0.17650	0.02695	0.02812	0.01465	0.01654	0.01155	0.00889	0.00773	0.00226	0.01338	0.00597	0.00523	0.01070
46	0.02221	0.71304	0.04353	0.01421	0.02132	0.03287	0.01421	0.02488	0.01688	0.01955	0.01155	0.01333	0.01066	0.00711	0.00533	0.00178	0.00888	0.00444	0.00355	0.01066
47	0.76672	0.01607	0.01221	0.01092	0.01607	0.01864	0.00900	0.02442	0.01414	0.03727	0.01157	0.01350	0.00900	0.00771	0.00514	0.00257	0.00643	0.00450	0.00514	0.00900
48	0.01137	0.00904	0.01027	0.00986	0.01240	0.00824	0.00742	0.01562	0.05988	0.02809	0.33581	0.06886	0.35579	0.01861	0.00972	0.00272	0.00423	0.01590	0.00840	0.00777
49	0.01012	0.00723	0.00964	0.01157	0.01205	0.00675	0.00771	0.01157	0.01591	0.02121	0.04579	0.70262	0.05495	0.02603	0.01060	0.00337	0.00482	0.02362	0.00771	0.00675
50	0.01012	0.00723	0.00964	0.01157	0.01205	0.00675	0.00771	0.01157	0.01591	0.02121	0.04579	0.70262	0.05495	0.02603	0.01060	0.00337	0.00482	0.02362	0.00771	0.00675
51	0.01012	0.00723	0.00964	0.01157	0.01205	0.00675	0.00771	0.01157	0.01591	0.02121	0.04579	0.70262	0.05495	0.02603	0.01060	0.00337	0.00482	0.02362	0.00771	0.00675
52	0.01310	0.01117	0.01160	0.01102	0.01432	0.01104	0.00840	0.02154	0.20051	0.02671	0.10497	0.06457	0.43414	0.01794	0.00942	0.00280	0.00488	0.01500	0.00802	0.00885
53	0.03103	0.03959	0.02354	0.02140	0.02568	0.67469	0.01605	0.03317	0.02354	0.02033	0.01284	0.01498	0.01070	0.00856	0.00749	0.00214	0.01498	0.00535	0.00428	0.00963
54	0.01984	0.01900	0.03241	0.14565	0.56722	0.01955	0.02514	0.02486	0.01857	0.02626	0.01550	0.02080	0.01285	0.00754	0.00824	0.00251	0.01005	0.00740	0.00405	0.01257
55	0.02824	0.14534	0.09169	0.02020	0.02603	0.42438	0.01720	0.10612	0.02383	0.02484	0.01374	0.01560	0.01111	0.00844	0.00729	0.00218	0.01300	0.00555	0.00459	0.01063
56	0.03103	0.03959	0.02354	0.02140	0.02568	0.67469	0.01605	0.03317	0.02354	0.02033	0.01284	0.01498	0.01070	0.00856	0.00749	0.00214	0.01498	0.00535	0.00428	0.00963
