[name]
unknown

[dist]
# distance from previous block
# <min> <max>
0	19

[block]
# block no. 0 follows, 16 sequences, length 17
# corresponding to MSA columns:
# 64-80
name=unknown_A
#
# <colnr> <probs for GDERKNQSTAVLIFYWHMCP>
#	G	D	E	R	K	N	Q	S	T	A	V	L	I	F	Y	W	H	M	C	P
0	0.01520	0.01088	0.01503	0.01660	0.01884	0.01071	0.01419	0.01968	0.02344	0.03118	0.17121	0.10116	0.06366	0.02524	0.01295	0.00415	0.00796	0.41961	0.00931	0.00897
1	0.03264	0.03979	0.02584	0.02262	0.02842	0.48620	0.01713	0.03554	0.02584	0.02546	0.01548	0.01806	0.01290	0.00937	0.00839	0.00226	0.01520	0.00613	0.00516	0.16758
2	0.02055	0.01678	0.01888	0.01502	0.02108	0.01531	0.01140	0.06024	0.12727	0.03226	0.02477	0.03293	0.02200	0.15273	0.01716	0.00364	0.00797	0.00876	0.00680	0.38443
3	0.01881	0.01022	0.01373	0.01432	0.01642	0.00928	0.01016	0.02095	0.02059	0.15313	0.05006	0.51602	0.05524	0.02630	0.01179	0.00373	0.00620	0.02362	0.00966	0.00978
4	0.01709	0.01252	0.01502	0.01454	0.01715	0.01248	0.01072	0.12027	0.02646	0.03575	0.20322	0.32853	0.10154	0.02340	0.01153	0.00344	0.00624	0.02062	0.00960	0.00989
5	0.01775	0.04092	0.47702	0.02450	0.03578	0.01927	0.02988	0.02689	0.02004	0.02938	0.02536	0.16027	0.02373	0.01388	0.00991	0.00326	0.01240	0.01167	0.00518	0.01290
6	0.01611	0.01269	0.01698	0.01649	0.01905	0.01477	0.01283	0.02486	0.14063	0.02649	0.02894	0.03765	0.02541	0.05953	0.48591	0.01286	0.02192	0.01051	0.00622	0.01013
7	0.02257	0.02859	0.16453	0.09459	0.43693	0.02280	0.03088	0.02959	0.02152	0.03095	0.01797	0.02334	0.01449	0.00884	0.00952	0.00295	0.01224	0.00831	0.00461	0.01479
8	0.01830	0.01723	0.02907	0.63609	0.06675	0.02153	0.02692	0.02476	0.01938	0.02476	0.01723	0.02584	0.01292	0.00969	0.00969	0.00323	0.01292	0.00861	0.00431	0.01077
9	0.01145	0.00982	0.00982	0.00982	0.01309	0.00818	0.00736	0.01391	0.02209	0.02618	0.09818	0.09327	0.59499	0.02455	0.01145	0.00327	0.00491	0.02045	0.00900	0.00818
10	0.02399	0.02303	0.03934	0.05949	0.59893	0.02303	0.02974	0.02974	0.02207	0.03166	0.01823	0.02399	0.01535	0.00864	0.00960	0.00288	0.01151	0.00864	0.00480	0.01535
11	0.02145	0.03611	0.28650	0.03536	0.04704	0.02368	0.34441	0.03090	0.02187	0.03090	0.01869	0.02378	0.01370	0.00860	0.01051	0.00319	0.01550	0.00966	0.00457	0.01359
12	0.04348	0.01649	0.02249	0.01724	0.02474	0.01425	0.01425	0.04723	0.02774	0.60564	0.03824	0.03299	0.02399	0.01200	0.00975	0.00300	0.00825	0.00975	0.01200	0.01649
13	0.01320	0.00951	0.01249	0.01255	0.01436	0.00880	0.00910	0.01698	0.02501	0.03501	0.44629	0.23092	0.08398	0.02269	0.01169	0.00329	0.00486	0.02026	0.01021	0.00880
14	0.02030	0.01424	0.01563	0.01377	0.01589	0.01504	0.00930	0.16493	0.02269	0.03034	0.02855	0.05246	0.03012	0.48255	0.03851	0.00763	0.00974	0.01263	0.00692	0.00877
15	0.03289	0.15494	0.03136	0.02144	0.02795	0.25732	0.01748	0.22574	0.03217	0.03718	0.02301	0.02405	0.05122	0.01119	0.00878	0.00261	0.01286	0.00785	0.00679	0.01316
16	0.02750	0.02415	0.03654	0.04934	0.44363	0.02495	0.02665	0.17631	0.02848	0.03969	0.01961	0.02379	0.01566	0.00945	0.00962	0.00289	0.01128	0.00866	0.00613	0.01566

[dist]
# distance from previous block
# <min> <max>
0	3

[block]
# block no. 1 follows, 16 sequences, length 21
# corresponding to MSA columns:
# 84-104
name=unknown_B
#
# <colnr> <probs for GDERKNQSTAVLIFYWHMCP>
#	G	D	E	R	K	N	Q	S	T	A	V	L	I	F	Y	W	H	M	C	P
0	0.02937	0.03452	0.02719	0.02372	0.02762	0.35476	0.01855	0.03199	0.02253	0.02463	0.01457	0.01899	0.01281	0.01181	0.01579	0.00291	0.21238	0.00688	0.00486	0.10413
1	0.02791	0.02336	0.02633	0.02728	0.14337	0.10316	0.01830	0.12495	0.02710	0.09395	0.02481	0.03415	0.02111	0.01173	0.00942	0.00270	0.01047	0.07682	0.00720	0.18589
2	0.01305	0.00896	0.01088	0.01191	0.01217	0.00870	0.00730	0.01382	0.01613	0.02151	0.04100	0.33302	0.04843	0.37178	0.03243	0.00690	0.00767	0.02025	0.00730	0.00679
3	0.16098	0.03191	0.03016	0.02483	0.03064	0.26692	0.11047	0.07150	0.02458	0.06540	0.01720	0.02036	0.01348	0.01048	0.01130	0.00297	0.08143	0.00757	0.00583	0.01202
4	0.01530	0.01382	0.01762	0.01718	0.01877	0.04612	0.04254	0.01757	0.01913	0.02499	0.04849	0.40347	0.11975	0.02499	0.01525	0.00378	0.11329	0.02135	0.00775	0.00885
5	0.02697	0.02868	0.03644	0.05106	0.46006	0.16885	0.02706	0.03193	0.02339	0.02973	0.01744	0.02240	0.01465	0.00897	0.00939	0.00279	0.01297	0.00805	0.00485	0.01435
6	0.02176	0.02075	0.03531	0.28591	0.38995	0.02244	0.02863	0.02779	0.02101	0.02895	0.01784	0.02471	0.01440	0.00905	0.00963	0.00302	0.01207	0.00863	0.00460	0.01355
7	0.02331	0.20886	0.19423	0.03150	0.18126	0.02735	0.02506	0.03383	0.12464	0.03058	0.02061	0.02293	0.01634	0.00953	0.00860	0.00278	0.01125	0.00770	0.00536	0.01426
8	0.01254	0.00962	0.01205	0.01243	0.01450	0.00913	0.00913	0.01548	0.02108	0.02789	0.18261	0.21391	0.23616	0.03481	0.13694	0.00591	0.00933	0.01947	0.00859	0.00842
9	0.01366	0.01125	0.01272	0.01193	0.01576	0.00925	0.00881	0.01636	0.02064	0.02711	0.06625	0.22761	0.30894	0.02189	0.01066	0.00300	0.00566	0.01879	0.00820	0.18150
10	0.01967	0.02356	0.10977	0.03763	0.24978	0.01913	0.13405	0.02573	0.02203	0.02988	0.04067	0.04327	0.17626	0.01305	0.01044	0.00309	0.01104	0.01231	0.00590	0.01275
11	0.03641	0.04021	0.02797	0.02413	0.02999	0.43509	0.01863	0.20446	0.03315	0.03545	0.01758	0.01930	0.01374	0.01050	0.00904	0.00263	0.01534	0.00702	0.00647	0.01288
12	0.02133	0.12491	0.40597	0.03343	0.16649	0.02471	0.03190	0.03026	0.02073	0.02988	0.01707	0.02062	0.01300	0.00896	0.00890	0.00289	0.01316	0.00724	0.00426	0.01431
13	0.02965	0.21413	0.07708	0.02991	0.14631	0.29374	0.02159	0.03360	0.02370	0.02558	0.01540	0.01849	0.01305	0.00918	0.00825	0.00250	0.01405	0.00650	0.00465	0.01263
14	0.02175	0.01708	0.02450	0.07027	0.22573	0.01759	0.01823	0.09597	0.02566	0.03765	0.14038	0.03693	0.03330	0.01204	0.00930	0.00279	0.00836	0.01057	0.17951	0.01238
15	0.02447	0.03871	0.25294	0.15613	0.11700	0.18893	0.02843	0.03158	0.02240	0.02766	0.01680	0.02120	0.01287	0.00945	0.00923	0.00292	0.01454	0.00740	0.00448	0.01287
16	0.02315	0.02536	0.01853	0.01774	0.02042	0.27413	0.01271	0.02505	0.02122	0.02268	0.03102	0.12015	0.06724	0.17977	0.09328	0.00601	0.01409	0.01246	0.00604	0.00896
17	0.02270	0.02184	0.02818	0.07551	0.28448	0.08290	0.02103	0.07932	0.02481	0.03177	0.04059	0.04264	0.17645	0.01358	0.01004	0.00297	0.01031	0.01168	0.00644	0.01273
18	0.02376	0.02460	0.02450	0.02820	0.16286	0.18092	0.01760	0.03135	0.10853	0.03253	0.18533	0.04142	0.07049	0.01369	0.01002	0.00291	0.01026	0.01147	0.00748	0.01210
19	0.01926	0.01766	0.02918	0.31559	0.23348	0.01949	0.02421	0.02509	0.02193	0.02996	0.13606	0.03479	0.02987	0.01142	0.01002	0.00308	0.01074	0.01045	0.00578	0.01196
20	0.28465	0.16766	0.23079	0.01959	0.02859	0.02607	0.02133	0.02904	0.01845	0.03329	0.01480	0.01771	0.01168	0.00944	0.00885	0.00291	0.05196	0.00611	0.00482	0.01225

[dist]
# distance from previous block
# <min> <max>
19	81

[block]
# block no. 2 follows, 16 sequences, length 10
# corresponding to MSA columns:
# 198-207
name=unknown_C
#
# <colnr> <probs for GDERKNQSTAVLIFYWHMCP>
#	G	D	E	R	K	N	Q	S	T	A	V	L	I	F	Y	W	H	M	C	P
0	0.07052	0.10819	0.30748	0.02606	0.07322	0.12245	0.02639	0.03356	0.02225	0.09624	0.01880	0.02084	0.01379	0.00951	0.00869	0.00284	0.01309	0.00708	0.00533	0.01369
1	0.02338	0.10281	0.11068	0.23949	0.12070	0.12402	0.02535	0.02890	0.02080	0.02595	0.01611	0.02181	0.01302	0.01012	0.01134	0.00301	0.07835	0.00762	0.00443	0.01212
2	0.11264	0.03343	0.03126	0.06865	0.07340	0.28607	0.09455	0.12510	0.02773	0.03403	0.01724	0.02048	0.01347	0.00979	0.00908	0.00281	0.01428	0.00760	0.00584	0.01255
3	0.02194	0.15465	0.34180	0.02646	0.07874	0.02578	0.02761	0.03459	0.13578	0.03135	0.02127	0.02306	0.01610	0.00981	0.00883	0.00292	0.01201	0.00769	0.00534	0.01427
4	0.06233	0.01230	0.01619	0.10254	0.02340	0.01301	0.01265	0.02128	0.01874	0.08478	0.03891	0.05604	0.10462	0.17957	0.14513	0.00733	0.01241	0.07266	0.00692	0.00920
5	0.02531	0.05952	0.06436	0.05519	0.02835	0.21040	0.05884	0.02969	0.02525	0.07992	0.16230	0.04084	0.09244	0.01368	0.00991	0.00287	0.01142	0.01122	0.00721	0.01128
6	0.01270	0.01069	0.01135	0.01060	0.01439	0.00884	0.00803	0.01560	0.02244	0.02818	0.14234	0.08253	0.47324	0.02202	0.01096	0.00304	0.00514	0.01843	0.00880	0.09069
7	0.02950	0.02932	0.03444	0.04373	0.34819	0.16494	0.02483	0.14223	0.02817	0.03584	0.01850	0.02231	0.01491	0.00957	0.00941	0.00279	0.01274	0.00809	0.00585	0.01462
8	0.02244	0.02651	0.10460	0.11068	0.25403	0.02343	0.25392	0.02985	0.02195	0.03056	0.01861	0.02473	0.01450	0.00861	0.01034	0.00310	0.01398	0.00966	0.00472	0.01379
9	0.30312	0.06498	0.20415	0.01953	0.02768	0.10225	0.02000	0.02942	0.01928	0.03359	0.01620	0.01975	0.01284	0.01574	0.07093	0.00421	0.01303	0.00651	0.00509	0.01170

[dist]
# distance from previous block
# <min> <max>
0	3

[block]
# block no. 3 follows, 16 sequences, length 7
# corresponding to MSA columns:
# 211-217
name=unknown_D
#
# <colnr> <probs for GDERKNQSTAVLIFYWHMCP>
#	G	D	E	R	K	N	Q	S	T	A	V	L	I	F	Y	W	H	M	C	P
0	0.02059	0.02927	0.21302	0.02870	0.14760	0.07775	0.02340	0.02711	0.02036	0.02909	0.02126	0.02710	0.01742	0.02395	0.14855	0.00571	0.01534	0.00838	0.10319	0.01220
1	0.02874	0.02962	0.06751	0.03387	0.15957	0.12528	0.10833	0.16524	0.11329	0.03867	0.02229	0.02470	0.01702	0.01023	0.00979	0.00296	0.01265	0.00897	0.00676	0.01451
2	0.02013	0.09281	0.01973	0.01503	0.01860	0.01722	0.01177	0.10523	0.08018	0.03394	0.03532	0.22646	0.03488	0.02257	0.06316	0.00414	0.00871	0.01467	0.16462	0.01082
3	0.01745	0.02292	0.19884	0.01703	0.02361	0.01355	0.01757	0.02372	0.02448	0.07809	0.29660	0.05635	0.13773	0.01662	0.01061	0.00309	0.00794	0.01414	0.00847	0.01118
4	0.02852	0.23519	0.15683	0.02474	0.08623	0.11683	0.02180	0.03524	0.06038	0.11679	0.02058	0.02179	0.01564	0.00967	0.00835	0.00265	0.01188	0.00720	0.00593	0.01376
5	0.02330	0.04503	0.48037	0.02644	0.03931	0.02418	0.03195	0.14968	0.02604	0.03744	0.01870	0.02109	0.01321	0.00975	0.00932	0.00303	0.01351	0.00751	0.00534	0.01480
6	0.02277	0.20381	0.41011	0.02459	0.03645	0.08732	0.02926	0.03109	0.02098	0.02801	0.01617	0.01893	0.01234	0.00906	0.00841	0.00276	0.01365	0.00657	0.00420	0.01354

[dist]
# distance from previous block
# <min> <max>
0	1

[block]
# block no. 4 follows, 16 sequences, length 42
# corresponding to MSA columns:
# 219-254,258-263
name=unknown_E
#
# <colnr> <probs for GDERKNQSTAVLIFYWHMCP>
#	G	D	E	R	K	N	Q	S	T	A	V	L	I	F	Y	W	H	M	C	P
0	0.01711	0.01479	0.01717	0.01981	0.07149	0.04999	0.01290	0.02487	0.14300	0.02879	0.04477	0.42096	0.04889	0.02334	0.01134	0.00361	0.00734	0.02087	0.00856	0.01041
1	0.01874	0.23877	0.20105	0.01870	0.02589	0.02231	0.01944	0.02373	0.01950	0.02586	0.02951	0.25452	0.03164	0.01679	0.00939	0.00306	0.00977	0.01410	0.00594	0.01129
2	0.01477	0.01062	0.01272	0.01318	0.01464	0.01040	0.00898	0.06510	0.02093	0.02780	0.08725	0.36113	0.10379	0.17800	0.02082	0.00503	0.00685	0.02123	0.00843	0.00831
3	0.02531	0.01892	0.02033	0.01690	0.02202	0.01997	0.01329	0.30957	0.03359	0.04404	0.04772	0.10477	0.18472	0.07686	0.01410	0.00371	0.00847	0.01425	0.00908	0.01238
4	0.02153	0.01739	0.06044	0.01697	0.02208	0.01497	0.01430	0.02511	0.02040	0.12535	0.03569	0.17181	0.08041	0.01656	0.01333	0.00300	0.11052	0.01324	0.00748	0.20942
5	0.01723	0.02435	0.18776	0.06445	0.03145	0.01619	0.11127	0.02406	0.02262	0.03195	0.16205	0.04679	0.12653	0.01414	0.01026	0.00307	0.00993	0.01266	0.07202	0.01121
6	0.02018	0.19721	0.02890	0.01791	0.02081	0.02469	0.01519	0.02290	0.01690	0.02410	0.01915	0.02828	0.01820	0.08325	0.12897	0.00591	0.22189	0.00848	0.08693	0.01015
7	0.02362	0.20179	0.03968	0.12717	0.03802	0.02579	0.14475	0.07739	0.02286	0.03057	0.01729	0.02150	0.01385	0.00856	0.00856	0.00248	0.01150	0.00767	0.00522	0.17174
8	0.02989	0.21850	0.03310	0.02053	0.02714	0.17294	0.01709	0.13637	0.18371	0.03502	0.02291	0.02321	0.01800	0.01067	0.00848	0.00267	0.01138	0.00771	0.00697	0.01370
9	0.10003	0.16537	0.06099	0.01709	0.02287	0.16471	0.01477	0.02822	0.05332	0.02898	0.08820	0.04023	0.15174	0.01382	0.00884	0.00276	0.01009	0.01046	0.00656	0.01095
10	0.02315	0.03506	0.21620	0.02116	0.02972	0.18564	0.02104	0.02910	0.02298	0.02910	0.06464	0.02992	0.07223	0.01113	0.00898	0.00256	0.01204	0.00854	0.00563	0.17117
11	0.02399	0.02303	0.03934	0.05949	0.59893	0.02303	0.02974	0.02974	0.02207	0.03166	0.01823	0.02399	0.01535	0.00864	0.00960	0.00288	0.01151	0.00864	0.00480	0.01535
12	0.03639	0.04057	0.02794	0.02418	0.02999	0.44607	0.01864	0.19464	0.03281	0.03476	0.01743	0.01919	0.01367	0.01047	0.00902	0.00262	0.01547	0.00698	0.00638	0.01279
13	0.03367	0.08523	0.03092	0.03090	0.18684	0.15604	0.01988	0.03897	0.05649	0.22807	0.02517	0.02554	0.01823	0.01032	0.00916	0.00278	0.01141	0.00829	0.00756	0.01455
14	0.02491	0.01712	0.02149	0.02286	0.11505	0.01725	0.01520	0.03647	0.20898	0.16236	0.05218	0.04947	0.18444	0.01535	0.01024	0.00315	0.00765	0.01297	0.00928	0.01360
15	0.41813	0.02567	0.01901	0.07359	0.02593	0.18854	0.01410	0.02998	0.02023	0.03500	0.02021	0.02261	0.05234	0.01043	0.00749	0.00290	0.01061	0.00691	0.00577	0.01057
16	0.01570	0.01219	0.01650	0.01620	0.01896	0.01180	0.04471	0.06752	0.02331	0.03051	0.08720	0.29909	0.15315	0.02481	0.01207	0.00375	0.00729	0.13697	0.00889	0.00935
17	0.01489	0.01163	0.01372	0.01289	0.01589	0.01133	0.00975	0.02265	0.11464	0.03643	0.39975	0.07107	0.18893	0.01976	0.01119	0.00313	0.00514	0.01710	0.01018	0.00993
18	0.02167	0.02007	0.03340	0.04884	0.46728	0.01990	0.02510	0.02716	0.02328	0.03329	0.14788	0.03489	0.03249	0.01115	0.01001	0.00292	0.00995	0.01064	0.00612	0.01395
19	0.01385	0.01038	0.01558	0.01558	0.01731	0.01211	0.01211	0.01731	0.01558	0.02250	0.02596	0.03808	0.02423	0.07269	0.62098	0.01558	0.02596	0.01038	0.00519	0.00865
20	0.02046	0.04403	0.48082	0.03480	0.16740	0.02263	0.03444	0.03048	0.02082	0.03091	0.01758	0.02126	0.01297	0.00908	0.00930	0.00303	0.01369	0.00749	0.00425	0.01456
21	0.01385	0.01038	0.01558	0.01558	0.01731	0.01211	0.01211	0.01731	0.01558	0.02250	0.02596	0.03808	0.02423	0.07269	0.62098	0.01558	0.02596	0.01038	0.00519	0.00865
22	0.01807	0.00903	0.00903	0.00903	0.01129	0.00903	0.00678	0.02258	0.02033	0.03613	0.03162	0.03613	0.02484	0.01129	0.00678	0.00226	0.00452	0.00903	0.71319	0.00903
23	0.01385	0.01038	0.01558	0.01558	0.01731	0.01211	0.01211	0.01731	0.01558	0.02250	0.02596	0.03808	0.02423	0.07269	0.62098	0.01558	0.02596	0.01038	0.00519	0.00865
24	0.01145	0.00982	0.00982	0.00982	0.01309	0.00818	0.00736	0.01391	0.02209	0.02618	0.09818	0.09327	0.59499	0.02455	0.01145	0.00327	0.00491	0.02045	0.00900	0.00818
25	0.01807	0.00903	0.00903	0.00903	0.01129	0.00903	0.00678	0.02258	0.02033	0.03613	0.03162	0.03613	0.02484	0.01129	0.00678	0.00226	0.00452	0.00903	0.71319	0.00903
26	0.02125	0.22248	0.45271	0.02453	0.03716	0.02695	0.03042	0.03023	0.02025	0.02848	0.01630	0.01909	0.01232	0.00895	0.00837	0.00279	0.01321	0.00661	0.00411	0.01380
27	0.02036	0.01463	0.01708	0.01675	0.02063	0.01547	0.01367	0.03274	0.22220	0.07391	0.04964	0.06925	0.10232	0.01919	0.01104	0.00360	0.00757	0.20367	0.07459	0.01167
28	0.19369	0.01763	0.02107	0.01656	0.02374	0.01684	0.01367	0.07432	0.02634	0.44921	0.03189	0.02861	0.02057	0.01131	0.00892	0.00299	0.00823	0.00870	0.01054	0.01517
29	0.02399	0.02303	0.03934	0.05949	0.59893	0.02303	0.02974	0.02974	0.02207	0.03166	0.01823	0.02399	0.01535	0.00864	0.00960	0.00288	0.01151	0.00864	0.00480	0.01535
30	0.02010	0.01723	0.02010	0.01436	0.02297	0.01292	0.01148	0.02440	0.02010	0.03158	0.01723	0.02010	0.01436	0.00718	0.00718	0.00144	0.00718	0.00574	0.00574	0.71863
31	0.01807	0.00903	0.00903	0.00903	0.01129	0.00903	0.00678	0.02258	0.02033	0.03613	0.03162	0.03613	0.02484	0.01129	0.00678	0.00226	0.00452	0.00903	0.71319	0.00903
32	0.01885	0.02437	0.18312	0.01885	0.02358	0.01828	0.01791	0.07128	0.01891	0.02677	0.02328	0.04081	0.02341	0.31285	0.03158	0.00619	0.11376	0.01074	0.00546	0.00999
33	0.01807	0.00903	0.00903	0.00903	0.01129	0.00903	0.00678	0.02258	0.02033	0.03613	0.03162	0.03613	0.02484	0.01129	0.00678	0.00226	0.00452	0.00903	0.71319	0.00903
34	0.02246	0.01868	0.02128	0.02088	0.07504	0.05876	0.01490	0.14489	0.02820	0.03816	0.15288	0.11894	0.04235	0.01629	0.01034	0.00297	0.00853	0.07164	0.00832	0.12448
35	0.02280	0.36979	0.31898	0.02189	0.03308	0.03074	0.02582	0.02982	0.02006	0.02659	0.01536	0.01791	0.01236	0.00873	0.00765	0.00255	0.01227	0.00613	0.00412	0.01334
36	0.02582	0.04667	0.40502	0.02615	0.03738	0.18948	0.02951	0.03410	0.02294	0.06907	0.01818	0.02050	0.01316	0.00962	0.00911	0.00290	0.01478	0.00709	0.00490	0.01361
37	0.02859	0.03269	0.02444	0.02222	0.02600	0.35940	0.01708	0.06351	0.02407	0.02562	0.01835	0.02395	0.01604	0.02830	0.18248	0.00635	0.07709	0.00776	0.00527	0.01077
38	0.01528	0.00984	0.01292	0.01292	0.01467	0.01083	0.00975	0.01878	0.01703	0.02673	0.02828	0.03977	0.02545	0.10629	0.36218	0.01054	0.01724	0.01027	0.24271	0.00852
39	0.02351	0.32064	0.04382	0.02215	0.03092	0.02769	0.15471	0.02824	0.02062	0.02737	0.01609	0.01953	0.01355	0.00795	0.00782	0.00220	0.01100	0.00693	0.00479	0.21048
40	0.01920	0.01896	0.01842	0.01783	0.02034	0.15781	0.01370	0.02243	0.01842	0.02279	0.02333	0.03314	0.02142	0.05767	0.47435	0.01244	0.02393	0.00939	0.00514	0.00927
41	0.02099	0.19744	0.47544	0.02498	0.03786	0.02630	0.03120	0.03029	0.02028	0.02880	0.01645	0.01929	0.01232	0.00899	0.00849	0.00283	0.01338	0.00669	0.00411	0.01387

[dist]
# distance from previous block
# <min> <max>
1	3

[block]
# block no. 5 follows, 16 sequences, length 34
# corresponding to MSA columns:
# 267-300
name=unknown_F
#
# <colnr> <probs for GDERKNQSTAVLIFYWHMCP>
#	G	D	E	R	K	N	Q	S	T	A	V	L	I	F	Y	W	H	M	C	P
0	0.07489	0.03030	0.02614	0.02108	0.02809	0.19437	0.01680	0.28797	0.03416	0.04416	0.01926	0.02061	0.01461	0.01022	0.00876	0.00253	0.01179	0.00728	0.00743	0.13956
1	0.03088	0.18721	0.03169	0.02173	0.02762	0.34034	0.01741	0.03945	0.15738	0.02750	0.02044	0.02146	0.01654	0.01034	0.00841	0.00258	0.01346	0.00711	0.00595	0.01250
2	0.01698	0.00849	0.01219	0.01219	0.01246	0.00849	0.00822	0.01383	0.01356	0.01918	0.01863	0.03027	0.01781	0.03096	0.03411	0.63119	0.00794	0.00849	0.09021	0.00479
3	0.02465	0.13773	0.03401	0.03229	0.18822	0.13454	0.02127	0.02821	0.02013	0.02558	0.01644	0.02237	0.01477	0.01857	0.08829	0.00453	0.16384	0.00777	0.00463	0.01215
4	0.19023	0.02373	0.02160	0.02390	0.12438	0.16113	0.01560	0.05880	0.02253	0.03460	0.02020	0.02417	0.01635	0.01396	0.04748	0.00350	0.01128	0.00748	0.16768	0.01142
5	0.23318	0.02248	0.09293	0.19369	0.03709	0.02190	0.01960	0.03426	0.15265	0.06863	0.02263	0.02504	0.01672	0.01038	0.00857	0.00314	0.00995	0.00806	0.00655	0.01254
6	0.02692	0.02790	0.03157	0.03998	0.30066	0.16526	0.02303	0.03806	0.18237	0.03230	0.02349	0.02590	0.01872	0.01024	0.00947	0.00290	0.01184	0.00873	0.00628	0.01437
7	0.01341	0.01107	0.01199	0.01209	0.01518	0.01031	0.00913	0.01904	0.08983	0.02864	0.11094	0.15371	0.40097	0.02373	0.01149	0.00341	0.00556	0.05119	0.00919	0.00911
8	0.02297	0.02159	0.03646	0.05444	0.52871	0.02159	0.02803	0.02857	0.02210	0.03134	0.02224	0.03434	0.02026	0.01084	0.01006	0.00307	0.01120	0.07233	0.00530	0.01457
9	0.03317	0.02504	0.02709	0.02077	0.02853	0.02672	0.01703	0.44142	0.07353	0.05472	0.02320	0.02350	0.01691	0.01095	0.00927	0.00268	0.00988	0.00834	0.00902	0.13822
10	0.03620	0.04619	0.02747	0.02497	0.02996	0.62047	0.01873	0.03870	0.02747	0.02372	0.01498	0.01748	0.01248	0.00999	0.00874	0.00250	0.01748	0.00624	0.00499	0.01124
11	0.01212	0.00984	0.01074	0.01052	0.01350	0.00846	0.00789	0.01519	0.02366	0.02990	0.24363	0.08715	0.44723	0.02316	0.01145	0.00321	0.00481	0.01960	0.00949	0.00846
12	0.02120	0.02120	0.02969	0.02545	0.02545	0.02969	0.02120	0.02332	0.01484	0.02332	0.01272	0.02120	0.01272	0.01696	0.03181	0.00424	0.64165	0.00848	0.00424	0.01060
13	0.03513	0.02587	0.02787	0.02170	0.02896	0.02854	0.01778	0.52874	0.04372	0.05859	0.02533	0.06638	0.01974	0.01292	0.00988	0.00298	0.01032	0.01001	0.00965	0.01589
14	0.03337	0.04026	0.02617	0.02374	0.02885	0.48097	0.01793	0.04170	0.15704	0.02766	0.02070	0.02185	0.01648	0.01073	0.00900	0.00268	0.01518	0.00735	0.00613	0.01220
15	0.01290	0.00889	0.01092	0.01210	0.01239	0.00860	0.00750	0.01378	0.01642	0.02190	0.04248	0.37113	0.05030	0.33113	0.03004	0.00655	0.00743	0.02112	0.00750	0.00692
16	0.02199	0.02059	0.03270	0.25758	0.31132	0.02268	0.02627	0.03171	0.11712	0.03074	0.02152	0.02674	0.01693	0.00979	0.00967	0.00307	0.01135	0.00903	0.00549	0.01372
17	0.02301	0.45073	0.16875	0.01847	0.02736	0.03133	0.01990	0.02809	0.02080	0.02648	0.08473	0.02352	0.02199	0.00989	0.00751	0.00241	0.01053	0.00711	0.00493	0.01245
18	0.01145	0.00982	0.00982	0.00982	0.01309	0.00818	0.00736	0.01391	0.02209	0.02618	0.09818	0.09327	0.59499	0.02455	0.01145	0.00327	0.00491	0.02045	0.00900	0.00818
19	0.03684	0.02715	0.02909	0.02230	0.03006	0.03006	0.01842	0.56661	0.04557	0.06108	0.02327	0.02327	0.01648	0.01163	0.00970	0.00291	0.01067	0.00873	0.00970	0.01648
20	0.03092	0.03756	0.02402	0.02212	0.02613	0.47562	0.01639	0.03322	0.02446	0.02297	0.01815	0.02549	0.01663	0.09716	0.08376	0.00484	0.01745	0.00768	0.00512	0.01028
21	0.01152	0.00957	0.01007	0.01048	0.01326	0.00813	0.00766	0.01384	0.02146	0.02592	0.09015	0.19376	0.49969	0.02559	0.01162	0.00339	0.00504	0.02173	0.00900	0.00813
22	0.01322	0.01038	0.01227	0.01322	0.01605	0.00944	0.01086	0.01652	0.02218	0.02738	0.07833	0.10007	0.36659	0.02549	0.01227	0.00378	0.00661	0.23785	0.00897	0.00850
23	0.02028	0.12981	0.53683	0.02619	0.03974	0.02456	0.03332	0.03048	0.02036	0.02967	0.01689	0.01983	0.01230	0.00909	0.00882	0.00294	0.01381	0.00691	0.00410	0.01408
24	0.02863	0.02884	0.03192	0.04023	0.30294	0.19255	0.02318	0.03713	0.12189	0.06471	0.02220	0.02480	0.01754	0.01001	0.00941	0.00285	0.01234	0.00843	0.00616	0.01425
25	0.01145	0.00982	0.00982	0.00982	0.01309	0.00818	0.00736	0.01391	0.02209	0.02618	0.09818	0.09327	0.59499	0.02455	0.01145	0.00327	0.00491	0.02045	0.00900	0.00818
26	0.02248	0.02499	0.05076	0.03725	0.04476	0.02572	0.43682	0.02924	0.02100	0.02924	0.01800	0.02499	0.01424	0.01023	0.01620	0.00350	0.16261	0.01075	0.00475	0.01249
27	0.02996	0.03020	0.13071	0.02218	0.03030	0.05983	0.02034	0.32080	0.12570	0.04790	0.02923	0.02907	0.05513	0.01219	0.00969	0.00300	0.01085	0.00943	0.00840	0.01507
28	0.03345	0.03663	0.02645	0.02323	0.02885	0.36932	0.01787	0.13964	0.16242	0.03464	0.02233	0.02299	0.01729	0.01104	0.00918	0.00276	0.01388	0.00782	0.00702	0.01318
29	0.02399	0.02303	0.03934	0.05949	0.59893	0.02303	0.02974	0.02974	0.02207	0.03166	0.01823	0.02399	0.01535	0.00864	0.00960	0.00288	0.01151	0.00864	0.00480	0.01535
30	0.02269	0.02171	0.03700	0.19069	0.47783	0.02269	0.02910	0.02861	0.02146	0.03009	0.01800	0.02441	0.01480	0.00888	0.00962	0.00296	0.01183	0.00863	0.00469	0.01431
31	0.02399	0.02303	0.03934	0.05949	0.59893	0.02303	0.02974	0.02974	0.02207	0.03166	0.01823	0.02399	0.01535	0.00864	0.00960	0.00288	0.01151	0.00864	0.00480	0.01535
32	0.02615	0.03013	0.04252	0.03796	0.14223	0.19260	0.27565	0.03185	0.02375	0.02867	0.02023	0.06386	0.01739	0.01021	0.01040	0.00302	0.01509	0.01049	0.00517	0.01263
33	0.02022	0.12475	0.54143	0.02629	0.03988	0.02443	0.03348	0.03049	0.02037	0.02974	0.01692	0.01987	0.01230	0.00910	0.00885	0.00295	0.01384	0.00692	0.00410	0.01409

[dist]
# distance from previous block
# <min> <max>
9	16

[block]
# block no. 6 follows, 16 sequences, length 9
# corresponding to MSA columns:
# 317-325
name=unknown_G
#
# <colnr> <probs for GDERKNQSTAVLIFYWHMCP>
#	G	D	E	R	K	N	Q	S	T	A	V	L	I	F	Y	W	H	M	C	P
0	0.15899	0.01268	0.01300	0.01324	0.01635	0.01310	0.00977	0.02211	0.09984	0.03121	0.05539	0.28391	0.19160	0.02198	0.01047	0.00347	0.00610	0.01872	0.00851	0.00956
1	0.02494	0.02175	0.03397	0.08724	0.40771	0.02256	0.02558	0.03502	0.13622	0.07163	0.02383	0.02720	0.01867	0.00985	0.00967	0.00299	0.01061	0.00918	0.00628	0.01512
2	0.02941	0.03233	0.03236	0.11104	0.25355	0.27305	0.02393	0.07449	0.02582	0.02980	0.01714	0.02143	0.01395	0.00956	0.00926	0.00276	0.01411	0.00764	0.00520	0.01317
3	0.10986	0.28597	0.03513	0.02031	0.02671	0.32484	0.01696	0.03376	0.02318	0.02558	0.01422	0.01653	0.01224	0.00921	0.00744	0.00239	0.01357	0.00571	0.00477	0.01162
4	0.01958	0.02342	0.13740	0.02240	0.02950	0.01729	0.13903	0.06584	0.02234	0.03156	0.08750	0.06921	0.02951	0.13698	0.01762	0.00412	0.01091	0.01160	0.00630	0.11786
5	0.02125	0.01612	0.01834	0.01539	0.02076	0.01580	0.01205	0.10286	0.10759	0.03626	0.02812	0.08098	0.02420	0.01922	0.08159	0.00397	0.00937	0.00993	0.13590	0.24029
6	0.29139	0.01677	0.01566	0.01365	0.01881	0.01790	0.01094	0.13214	0.02511	0.04084	0.08705	0.04779	0.21623	0.01561	0.00900	0.00308	0.00705	0.01203	0.00811	0.01083
7	0.02190	0.02095	0.03739	0.04662	0.36538	0.02064	0.12756	0.02782	0.02228	0.03095	0.02591	0.04354	0.02430	0.01262	0.01079	0.00331	0.01185	0.12696	0.00574	0.01348
8	0.02475	0.02552	0.03928	0.10162	0.42502	0.09019	0.09203	0.03049	0.02255	0.03012	0.01795	0.02367	0.01475	0.00882	0.00973	0.00291	0.01288	0.00870	0.00479	0.01423

[dist]
# distance from previous block
# <min> <max>
2	6

[block]
# block no. 7 follows, 16 sequences, length 14
# corresponding to MSA columns:
# 332-345
name=unknown_H
#
# <colnr> <probs for GDERKNQSTAVLIFYWHMCP>
#	G	D	E	R	K	N	Q	S	T	A	V	L	I	F	Y	W	H	M	C	P
0	0.02643	0.03652	0.15937	0.03736	0.16222	0.20385	0.17249	0.03300	0.02358	0.02889	0.01745	0.02187	0.01367	0.00904	0.00976	0.00291	0.01521	0.00837	0.00474	0.01328
1	0.02449	0.02645	0.07802	0.05498	0.52235	0.06288	0.02943	0.03041	0.02232	0.03107	0.01796	0.02331	0.01495	0.00877	0.00951	0.00287	0.01211	0.00837	0.00476	0.01501
2	0.02730	0.02931	0.03612	0.05013	0.44463	0.18504	0.02676	0.03217	0.02353	0.02951	0.01735	0.02222	0.01457	0.00900	0.00936	0.00278	0.01313	0.00799	0.00485	0.01424
3	0.02273	0.08706	0.45230	0.02808	0.06918	0.08381	0.03158	0.06038	0.02256	0.03118	0.01726	0.02019	0.01270	0.00933	0.00901	0.00293	0.01403	0.00711	0.00453	0.01406
4	0.02142	0.01661	0.05281	0.01509	0.02062	0.01419	0.01276	0.08311	0.05983	0.11778	0.09026	0.05511	0.23478	0.02193	0.06526	0.00409	0.00887	0.01362	0.00871	0.08316
5	0.02978	0.02858	0.03061	0.03610	0.24249	0.18029	0.02184	0.08606	0.13745	0.07530	0.02350	0.02528	0.01816	0.01040	0.00944	0.00287	0.01200	0.00856	0.00682	0.01445
6	0.09306	0.02261	0.03688	0.05490	0.54199	0.02290	0.02786	0.02962	0.02152	0.03282	0.01777	0.02318	0.01488	0.00867	0.00924	0.00289	0.01112	0.00830	0.00492	0.01488
7	0.02339	0.02353	0.02614	0.06519	0.03006	0.13122	0.09054	0.06719	0.09782	0.03230	0.06361	0.03732	0.11043	0.01249	0.00966	0.00273	0.01061	0.01063	0.00696	0.14816
8	0.01266	0.00904	0.01223	0.01447	0.01541	0.00861	0.01048	0.01497	0.01940	0.02570	0.05295	0.53118	0.06224	0.02956	0.01260	0.00405	0.00636	0.14101	0.00898	0.00811
9	0.10460	0.02804	0.02748	0.02160	0.02894	0.08244	0.01767	0.46623	0.04108	0.05599	0.02156	0.02201	0.01553	0.01123	0.00925	0.00288	0.01097	0.00816	0.00891	0.01542
10	0.02979	0.02276	0.02168	0.01802	0.02412	0.11866	0.01426	0.13879	0.09767	0.15956	0.04217	0.04029	0.13944	0.01391	0.00971	0.00285	0.00940	0.01098	0.00892	0.07700
11	0.01385	0.01038	0.01558	0.01558	0.01731	0.01211	0.01211	0.01731	0.01558	0.02250	0.02596	0.03808	0.02423	0.07269	0.62098	0.01558	0.02596	0.01038	0.00519	0.00865
12	0.02084	0.16810	0.45615	0.02530	0.03736	0.02615	0.03095	0.02981	0.01989	0.02859	0.01627	0.01956	0.01234	0.00962	0.01034	0.00296	0.06112	0.00688	0.00411	0.01367
13	0.02126	0.02025	0.03441	0.33604	0.34368	0.02231	0.02839	0.02736	0.02078	0.02835	0.01775	0.02488	0.01419	0.00914	0.00964	0.00305	0.01219	0.00862	0.00456	0.01315

[dist]
# distance from previous block
# <min> <max>
0	9

[block]
# block no. 8 follows, 16 sequences, length 27
# corresponding to MSA columns:
# 355-381
name=unknown_I
#
# <colnr> <probs for GDERKNQSTAVLIFYWHMCP>
#	G	D	E	R	K	N	Q	S	T	A	V	L	I	F	Y	W	H	M	C	P
0	0.01409	0.00940	0.01057	0.01057	0.01057	0.00940	0.00587	0.01409	0.01409	0.01879	0.03054	0.06342	0.03524	0.65938	0.04933	0.00940	0.00940	0.01409	0.00587	0.00587
1	0.01444	0.01126	0.01671	0.01637	0.01796	0.01353	0.01285	0.01779	0.01552	0.02257	0.02489	0.03672	0.02330	0.06820	0.57350	0.01466	0.07558	0.01023	0.00512	0.00881
2	0.01428	0.01179	0.01738	0.17118	0.02833	0.01326	0.01460	0.01721	0.01843	0.02462	0.04067	0.43875	0.04663	0.02396	0.01343	0.00379	0.06435	0.02108	0.00739	0.00884
3	0.02195	0.19871	0.32719	0.02824	0.03989	0.02701	0.16632	0.03036	0.02089	0.02880	0.01698	0.02068	0.01294	0.00871	0.00903	0.00287	0.01384	0.00776	0.00431	0.01353
4	0.02325	0.02392	0.04062	0.04837	0.37462	0.05498	0.16404	0.02916	0.02257	0.03058	0.02556	0.03038	0.06688	0.01001	0.01019	0.00299	0.01249	0.01028	0.00521	0.01390
5	0.01376	0.01039	0.01303	0.01375	0.01634	0.00966	0.01123	0.01759	0.02357	0.03063	0.20715	0.09450	0.24187	0.02424	0.01225	0.00371	0.00648	0.23171	0.00940	0.00874
6	0.02469	0.02479	0.04000	0.05574	0.51767	0.06207	0.07206	0.03043	0.02249	0.03110	0.01813	0.02374	0.01511	0.00869	0.00969	0.00289	0.01229	0.00871	0.00482	0.01490
7	0.01553	0.01267	0.01407	0.01323	0.01670	0.01262	0.01006	0.02515	0.16745	0.03450	0.26433	0.07100	0.26594	0.01989	0.01104	0.00319	0.00549	0.01695	0.00983	0.01037
8	0.01362	0.01071	0.01240	0.01183	0.01475	0.00991	0.00891	0.01909	0.06766	0.03397	0.35524	0.07789	0.28606	0.02118	0.01132	0.00316	0.00494	0.01818	0.00995	0.00924
9	0.02399	0.02303	0.03934	0.05949	0.59893	0.02303	0.02974	0.02974	0.02207	0.03166	0.01823	0.02399	0.01535	0.00864	0.00960	0.00288	0.01151	0.00864	0.00480	0.01535
10	0.14457	0.18131	0.02988	0.07387	0.02678	0.02703	0.01692	0.06978	0.01978	0.03014	0.01947	0.09933	0.01909	0.01400	0.01462	0.00324	0.18385	0.00954	0.00558	0.01120
11	0.02351	0.02255	0.03848	0.10751	0.55461	0.02290	0.02951	0.02933	0.02184	0.03109	0.01815	0.02414	0.01515	0.00872	0.00960	0.00291	0.01163	0.00863	0.00476	0.01497
12	0.01181	0.00843	0.01125	0.01350	0.01406	0.00787	0.00900	0.01350	0.01856	0.02474	0.05342	0.65306	0.06410	0.03036	0.01237	0.00394	0.00562	0.02755	0.00900	0.00787
13	0.03137	0.21255	0.08247	0.02187	0.02928	0.22396	0.01927	0.16891	0.06282	0.03446	0.01833	0.01978	0.01450	0.01006	0.00839	0.00258	0.01293	0.00693	0.00616	0.01340
14	0.02752	0.06798	0.12175	0.02288	0.05963	0.29944	0.01904	0.03222	0.02375	0.02848	0.01976	0.02303	0.01578	0.01003	0.00823	0.00253	0.01292	0.00719	0.18636	0.01149
15	0.01397	0.00899	0.01160	0.01224	0.01334	0.00857	0.00842	0.01579	0.01997	0.02829	0.19291	0.28085	0.05787	0.08201	0.01840	0.10550	0.00594	0.01874	0.08894	0.00766
16	0.01987	0.01883	0.03191	0.47687	0.21371	0.02195	0.02770	0.02614	0.02012	0.02667	0.01750	0.02533	0.01359	0.00940	0.00966	0.00313	0.01253	0.00862	0.00444	0.01203
17	0.03126	0.08597	0.17806	0.02512	0.03272	0.43071	0.02297	0.03604	0.02518	0.02545	0.01551	0.01812	0.01243	0.00968	0.00870	0.00262	0.01622	0.00641	0.00471	0.01210
18	0.53348	0.01993	0.02117	0.02565	0.17896	0.02210	0.01581	0.02884	0.01803	0.04022	0.01480	0.01802	0.01184	0.00890	0.00699	0.00297	0.00861	0.00618	0.00567	0.01184
19	0.02523	0.02411	0.07552	0.24393	0.18255	0.02447	0.02528	0.17758	0.05936	0.03783	0.02042	0.02485	0.01540	0.01013	0.00964	0.00305	0.01176	0.00867	0.00621	0.01400
20	0.02230	0.20655	0.17602	0.01958	0.02718	0.09922	0.01967	0.02993	0.07310	0.03061	0.16576	0.03345	0.03419	0.01213	0.00895	0.00274	0.01053	0.00950	0.00642	0.01218
21	0.11530	0.02159	0.17745	0.01684	0.02203	0.01420	0.01645	0.02077	0.01828	0.02864	0.10583	0.11366	0.03186	0.02102	0.01829	0.22224	0.00899	0.01149	0.00600	0.00908
22	0.02727	0.08076	0.02387	0.02030	0.02419	0.36719	0.01526	0.02979	0.02463	0.02526	0.07631	0.18213	0.03253	0.01586	0.00970	0.00288	0.01280	0.01253	0.00644	0.01029
23	0.02043	0.19338	0.30374	0.02047	0.02947	0.02264	0.02330	0.02593	0.01861	0.02614	0.01722	0.02215	0.01410	0.01427	0.01435	0.15361	0.01144	0.00705	0.05033	0.01137
24	0.02347	0.43270	0.26187	0.02076	0.03133	0.03236	0.02385	0.02965	0.01998	0.02579	0.01496	0.01741	0.01238	0.00864	0.00735	0.00245	0.01186	0.00593	0.00413	0.01315
25	0.01770	0.02574	0.21813	0.01977	0.02656	0.01673	0.02020	0.02868	0.13275	0.03348	0.15628	0.12526	0.04462	0.01703	0.01071	0.00338	0.00915	0.07403	0.00785	0.01195
26	0.02322	0.05687	0.01985	0.01712	0.02075	0.14610	0.01311	0.02830	0.07055	0.09525	0.15158	0.20300	0.04756	0.01871	0.01058	0.00320	0.00893	0.04592	0.00860	0.01080

[dist]
# distance from previous block
# <min> <max>
0	5

[block]
# block no. 9 follows, 16 sequences, length 9
# corresponding to MSA columns:
# 387-395
name=unknown_J
#
# <colnr> <probs for GDERKNQSTAVLIFYWHMCP>
#	G	D	E	R	K	N	Q	S	T	A	V	L	I	F	Y	W	H	M	C	P
0	0.02131	0.14505	0.08404	0.02070	0.02479	0.09531	0.01846	0.02497	0.01804	0.02371	0.01791	0.02513	0.01636	0.03197	0.21462	0.00722	0.18700	0.00809	0.00461	0.01074
1	0.02365	0.01446	0.01772	0.01663	0.02070	0.01444	0.01319	0.07729	0.11018	0.15937	0.04894	0.20127	0.09283	0.02074	0.01130	0.00359	0.00759	0.12435	0.00984	0.01193
2	0.13242	0.16638	0.19155	0.02545	0.10070	0.10409	0.02250	0.05841	0.02223	0.03158	0.02035	0.02276	0.04350	0.00996	0.00822	0.00275	0.01183	0.00731	0.00516	0.01286
3	0.02244	0.02670	0.16591	0.13002	0.14370	0.02179	0.02477	0.13438	0.02461	0.03430	0.02049	0.02625	0.01630	0.02291	0.13707	0.00564	0.01526	0.00866	0.00562	0.01318
4	0.02055	0.01864	0.03052	0.04368	0.40352	0.01839	0.02286	0.02591	0.02386	0.03407	0.21067	0.04017	0.04080	0.01237	0.01021	0.00294	0.00919	0.01161	0.00676	0.01328
5	0.02499	0.01583	0.01873	0.01611	0.02095	0.01586	0.01294	0.14067	0.07926	0.14887	0.19935	0.05779	0.12583	0.01734	0.01079	0.00319	0.00727	0.06149	0.01025	0.01247
6	0.02636	0.16241	0.02652	0.01791	0.02331	0.19659	0.01465	0.03165	0.07794	0.08156	0.04113	0.04420	0.15441	0.01465	0.00935	0.00284	0.01062	0.04523	0.00715	0.01152
7	0.02127	0.01879	0.02070	0.02260	0.10338	0.08763	0.01490	0.07407	0.07886	0.03318	0.16343	0.05387	0.04333	0.13628	0.01788	0.00433	0.00941	0.07733	0.00786	0.01091
8	0.02736	0.23977	0.12956	0.03089	0.16529	0.19766	0.02335	0.03221	0.02259	0.02641	0.01565	0.01888	0.01312	0.00900	0.00821	0.00254	0.01328	0.00662	0.00453	0.01309

[dist]
# distance from previous block
# <min> <max>
0	3

[block]
# block no. 10 follows, 16 sequences, length 17
# corresponding to MSA columns:
# 399-415
name=unknown_K
#
# <colnr> <probs for GDERKNQSTAVLIFYWHMCP>
#	G	D	E	R	K	N	Q	S	T	A	V	L	I	F	Y	W	H	M	C	P
0	0.07650	0.21009	0.02870	0.01794	0.02351	0.26013	0.01469	0.02904	0.02314	0.02549	0.03525	0.03576	0.15795	0.01308	0.00851	0.00261	0.01161	0.00942	0.00583	0.01076
1	0.18925	0.03043	0.27270	0.02046	0.02941	0.01912	0.06435	0.02817	0.01967	0.03515	0.02019	0.02370	0.01518	0.00960	0.00801	0.00287	0.01040	0.00751	0.18188	0.01198
2	0.03112	0.03419	0.02781	0.02389	0.02826	0.31857	0.01883	0.12243	0.02659	0.03047	0.01593	0.01964	0.01336	0.01194	0.01500	0.00296	0.18367	0.00723	0.00564	0.06247
3	0.02457	0.01724	0.01697	0.01577	0.01919	0.10618	0.01200	0.02705	0.02207	0.16323	0.04242	0.06172	0.10220	0.19913	0.02171	0.00505	0.00974	0.11542	0.00819	0.01015
4	0.01459	0.01051	0.01345	0.01478	0.01661	0.01025	0.01189	0.01762	0.02022	0.02601	0.05344	0.09535	0.13485	0.18457	0.02207	0.00551	0.00842	0.32365	0.00817	0.00805
5	0.02038	0.03558	0.31954	0.03621	0.18465	0.02159	0.11289	0.02890	0.02141	0.03057	0.02565	0.02919	0.06899	0.01036	0.00987	0.00307	0.01301	0.00947	0.00487	0.01381
6	0.02382	0.20876	0.13156	0.04239	0.34970	0.02728	0.02697	0.02969	0.02115	0.02901	0.01676	0.02105	0.01405	0.00863	0.00858	0.00268	0.01163	0.00743	0.00450	0.01437
7	0.01830	0.01723	0.02907	0.63609	0.06675	0.02153	0.02692	0.02476	0.01938	0.02476	0.01723	0.02584	0.01292	0.00969	0.00969	0.00323	0.01292	0.00861	0.00431	0.01077
8	0.01349	0.00976	0.01310	0.01518	0.01669	0.00937	0.01185	0.01648	0.02050	0.02676	0.05577	0.36781	0.09946	0.02832	0.01276	0.00412	0.00705	0.25418	0.00896	0.00837
9	0.02669	0.27418	0.27169	0.02171	0.03212	0.06565	0.02417	0.03317	0.02176	0.11708	0.01903	0.02039	0.01418	0.00935	0.00815	0.00265	0.01210	0.00677	0.00540	0.01376
10	0.04348	0.01649	0.02249	0.01724	0.02474	0.01425	0.01425	0.04723	0.02774	0.60564	0.03824	0.03299	0.02399	0.01200	0.00975	0.00300	0.00825	0.00975	0.01200	0.01649
11	0.01181	0.00843	0.01125	0.01350	0.01406	0.00787	0.00900	0.01350	0.01856	0.02474	0.05342	0.65306	0.06410	0.03036	0.01237	0.00394	0.00562	0.02755	0.00900	0.00787
12	0.02008	0.02012	0.07325	0.15754	0.27004	0.01885	0.02462	0.02600	0.02135	0.02991	0.02686	0.04542	0.02501	0.01343	0.01029	0.00330	0.01089	0.13446	0.05623	0.01237
13	0.02751	0.34105	0.13868	0.02255	0.03103	0.19922	0.05950	0.03218	0.02225	0.02498	0.01500	0.01768	0.01259	0.00892	0.00781	0.00245	0.01347	0.00626	0.00443	0.01246
14	0.01263	0.01020	0.01146	0.01209	0.01507	0.00902	0.00970	0.01565	0.02215	0.02698	0.08494	0.09781	0.44260	0.02518	0.01200	0.00361	0.00604	0.16551	0.00898	0.00839
15	0.01944	0.05013	0.60917	0.02762	0.04195	0.02251	0.03581	0.03069	0.02046	0.03069	0.01739	0.02046	0.01228	0.00921	0.00921	0.00307	0.01432	0.00716	0.00409	0.01432
16	0.02345	0.02248	0.03836	0.11445	0.54820	0.02289	0.02948	0.02927	0.02181	0.03101	0.01813	0.02416	0.01512	0.00874	0.00960	0.00291	0.01165	0.00863	0.00475	0.01492

[dist]
# distance from previous block
# <min> <max>
0	14

[block]
# block no. 11 follows, 16 sequences, length 21
# corresponding to MSA columns:
# 430-450
name=unknown_L
#
# <colnr> <probs for GDERKNQSTAVLIFYWHMCP>
#	G	D	E	R	K	N	Q	S	T	A	V	L	I	F	Y	W	H	M	C	P
0	0.02399	0.02303	0.03934	0.05949	0.59893	0.02303	0.02974	0.02974	0.02207	0.03166	0.01823	0.02399	0.01535	0.00864	0.00960	0.00288	0.01151	0.00864	0.00480	0.01535
1	0.02120	0.02120	0.02969	0.02545	0.02545	0.02969	0.02120	0.02332	0.01484	0.02332	0.01272	0.02120	0.01272	0.01696	0.03181	0.00424	0.64165	0.00848	0.00424	0.01060
2	0.01178	0.00853	0.01115	0.01324	0.01399	0.00789	0.00888	0.01352	0.01880	0.02484	0.05650	0.61451	0.10066	0.02996	0.01231	0.00389	0.00557	0.02706	0.00900	0.00789
3	0.02581	0.03848	0.19836	0.03265	0.04228	0.19703	0.26218	0.03317	0.02355	0.02882	0.01766	0.02209	0.01340	0.00898	0.01005	0.00299	0.01612	0.00877	0.00471	0.01288
4	0.01181	0.00843	0.01125	0.01350	0.01406	0.00787	0.00900	0.01350	0.01856	0.02474	0.05342	0.65306	0.06410	0.03036	0.01237	0.00394	0.00562	0.02755	0.00900	0.00787
5	0.01181	0.00843	0.01125	0.01350	0.01406	0.00787	0.00900	0.01350	0.01856	0.02474	0.05342	0.65306	0.06410	0.03036	0.01237	0.00394	0.00562	0.02755	0.00900	0.00787
6	0.02014	0.01537	0.01965	0.01679	0.02083	0.01553	0.04631	0.16690	0.03038	0.04145	0.28942	0.14690	0.09283	0.01878	0.01111	0.00317	0.00715	0.01648	0.00968	0.01113
7	0.03208	0.16723	0.03025	0.01978	0.02608	0.19833	0.01629	0.15191	0.02982	0.11346	0.09756	0.02785	0.02556	0.01158	0.00890	0.00264	0.01143	0.00856	0.00757	0.01310
8	0.01181	0.00843	0.01125	0.01350	0.01406	0.00787	0.00900	0.01350	0.01856	0.02474	0.05342	0.65306	0.06410	0.03036	0.01237	0.00394	0.00562	0.02755	0.00900	0.00787
9	0.01347	0.00914	0.01075	0.01136	0.01152	0.00898	0.00672	0.01393	0.01531	0.02041	0.03675	0.22345	0.04307	0.48867	0.03930	0.00791	0.00837	0.01775	0.00672	0.00642
10	0.02088	0.32096	0.19242	0.01930	0.02744	0.02694	0.02058	0.02629	0.01878	0.02486	0.01792	0.02299	0.01559	0.02602	0.17387	0.00601	0.01567	0.00713	0.00442	0.01192
11	0.01944	0.05013	0.60917	0.02762	0.04195	0.02251	0.03581	0.03069	0.02046	0.03069	0.01739	0.02046	0.01228	0.00921	0.00921	0.00307	0.01432	0.00716	0.00409	0.01432
12	0.01798	0.01646	0.02350	0.02112	0.02188	0.02199	0.01722	0.02069	0.01516	0.02296	0.01852	0.02860	0.01777	0.04138	0.28998	0.00921	0.37185	0.00932	0.00466	0.00975
13	0.02224	0.02100	0.03504	0.05203	0.50877	0.02082	0.02644	0.02766	0.02250	0.03184	0.07024	0.03299	0.06433	0.01071	0.00988	0.00292	0.01047	0.01022	0.00558	0.01432
14	0.02296	0.27881	0.36295	0.02334	0.03480	0.06787	0.02753	0.03060	0.02064	0.02730	0.01578	0.01844	0.01235	0.00892	0.00806	0.00266	0.01306	0.00636	0.00417	0.01342
15	0.01333	0.00989	0.01276	0.01450	0.01637	0.00932	0.01141	0.01635	0.02093	0.02685	0.06256	0.29929	0.17953	0.02755	0.01259	0.00401	0.00685	0.23855	0.00897	0.00838
16	0.11780	0.04131	0.44884	0.02420	0.03647	0.02127	0.02945	0.03267	0.02093	0.11130	0.01973	0.02155	0.01365	0.00956	0.00885	0.00305	0.01257	0.00726	0.00543	0.01411
17	0.02308	0.39569	0.29547	0.02142	0.03236	0.03141	0.02501	0.02975	0.02003	0.02626	0.01519	0.01770	0.01237	0.00869	0.00753	0.00251	0.01210	0.00605	0.00412	0.01326
18	0.01924	0.01813	0.03058	0.16439	0.16093	0.01977	0.09506	0.02465	0.02218	0.03104	0.18461	0.03837	0.03648	0.01317	0.01339	0.00324	0.09526	0.01158	0.00633	0.01160
19	0.01320	0.01080	0.01192	0.01231	0.01547	0.00985	0.00979	0.01765	0.05630	0.02772	0.08360	0.09355	0.43393	0.02437	0.01181	0.00355	0.00602	0.14032	0.00904	0.00879
