[name]
unknown

[dist]
# distance from previous block
# <min> <max>
5	30

[block]
# block no. 0 follows, 21 sequences, length 126
# corresponding to MSA columns:
# 31-156
name=unknown_A
#
# <colnr> <probs for GDERKNQSTAVLIFYWHMCP>
#	G	D	E	R	K	N	Q	S	T	A	V	L	I	F	Y	W	H	M	C	P
0	0.02089	0.02070	0.03730	0.04936	0.54170	0.02045	0.13005	0.02632	0.01950	0.02771	0.01622	0.02140	0.01338	0.00751	0.00871	0.00259	0.01086	0.00802	0.00423	0.01313
1	0.02106	0.02022	0.03454	0.05223	0.64784	0.02022	0.02612	0.02612	0.01938	0.02780	0.01601	0.02106	0.01348	0.00758	0.00842	0.00253	0.01011	0.00758	0.00421	0.01348
2	0.01038	0.00863	0.00906	0.00896	0.01169	0.00732	0.00672	0.01283	0.02015	0.02478	0.17555	0.07896	0.55393	0.02089	0.01005	0.00284	0.00426	0.01755	0.00814	0.00732
3	0.02114	0.01885	0.02372	0.02753	0.20521	0.02089	0.01717	0.03963	0.45307	0.03332	0.02919	0.02862	0.02232	0.01039	0.00859	0.00278	0.00772	0.00902	0.00736	0.01347
4	0.01188	0.00869	0.01114	0.01053	0.01261	0.00796	0.00790	0.01574	0.02369	0.03319	0.59644	0.06511	0.12779	0.01775	0.01004	0.00269	0.00404	0.01561	0.00924	0.00796
5	0.02533	0.01865	0.02055	0.01708	0.02202	0.02019	0.01367	0.42187	0.03259	0.04347	0.03089	0.18305	0.05644	0.01518	0.00928	0.00284	0.00802	0.03850	0.00831	0.01207
6	0.02056	0.05482	0.11697	0.04589	0.50363	0.02085	0.06158	0.02627	0.01914	0.02730	0.01579	0.02043	0.01298	0.00761	0.00834	0.00254	0.01064	0.00742	0.00411	0.01313
7	0.20838	0.06358	0.08051	0.02123	0.05344	0.09043	0.09559	0.17077	0.07738	0.03594	0.01723	0.01901	0.01304	0.00874	0.00762	0.00258	0.01003	0.00686	0.00584	0.01179
8	0.01940	0.26247	0.36614	0.02266	0.03290	0.02467	0.10871	0.02650	0.01804	0.02468	0.01440	0.01723	0.01113	0.00769	0.00748	0.00243	0.01166	0.00624	0.00371	0.01187
9	0.01037	0.00741	0.00987	0.01185	0.01234	0.00691	0.00790	0.01185	0.01629	0.02172	0.04690	0.69537	0.05629	0.02666	0.01086	0.00346	0.00494	0.02419	0.00790	0.00691
10	0.01502	0.01332	0.02156	0.27864	0.17595	0.01458	0.01814	0.01893	0.01728	0.02313	0.02758	0.28159	0.02916	0.01529	0.00940	0.00300	0.00859	0.01398	0.00547	0.00940
11	0.02047	0.01680	0.01916	0.01394	0.02136	0.01423	0.01125	0.13624	0.02194	0.03270	0.01614	0.01818	0.01296	0.00705	0.00673	0.00151	0.00689	0.00554	0.00571	0.61117
12	0.03141	0.02337	0.02501	0.01939	0.02603	0.02595	0.01595	0.57111	0.08989	0.05211	0.02163	0.02138	0.01544	0.01033	0.00853	0.00258	0.00914	0.00783	0.00853	0.01439
13	0.01016	0.00824	0.00902	0.00964	0.01176	0.00710	0.00692	0.01210	0.01842	0.02259	0.07381	0.27551	0.45878	0.02316	0.01031	0.00306	0.00451	0.01993	0.00790	0.00710
14	0.01216	0.00912	0.01368	0.01368	0.01520	0.01064	0.01064	0.01520	0.01368	0.01976	0.02279	0.03343	0.02127	0.06382	0.66720	0.01368	0.02279	0.00912	0.00456	0.00760
15	0.02275	0.70604	0.04459	0.01456	0.02184	0.03367	0.01456	0.02548	0.01729	0.02002	0.01183	0.01365	0.01092	0.00728	0.00546	0.00182	0.00910	0.00455	0.00364	0.01092
16	0.01216	0.00912	0.01368	0.01368	0.01520	0.01064	0.01064	0.01520	0.01368	0.01976	0.02279	0.03343	0.02127	0.06382	0.66720	0.01368	0.02279	0.00912	0.00456	0.00760
17	0.02255	0.09254	0.27235	0.02219	0.02919	0.19750	0.02256	0.05424	0.01953	0.02456	0.01378	0.01714	0.01109	0.00974	0.01196	0.00270	0.15499	0.00623	0.00406	0.01110
18	0.01181	0.00869	0.01105	0.01046	0.01257	0.00793	0.00785	0.01561	0.02354	0.03283	0.57834	0.06571	0.14612	0.01788	0.01004	0.00270	0.00405	0.01569	0.00920	0.00793
19	0.02097	0.02048	0.03605	0.05066	0.58976	0.02035	0.08299	0.02623	0.01945	0.02775	0.01612	0.02124	0.01343	0.00754	0.00858	0.00256	0.01052	0.00782	0.00422	0.01329
20	0.02490	0.14200	0.03349	0.03537	0.34284	0.02452	0.02097	0.21208	0.02548	0.03453	0.01666	0.01956	0.01334	0.00836	0.00793	0.00241	0.00970	0.00707	0.00546	0.01334
21	0.01037	0.00741	0.00987	0.01185	0.01234	0.00691	0.00790	0.01185	0.01629	0.02172	0.04690	0.69537	0.05629	0.02666	0.01086	0.00346	0.00494	0.02419	0.00790	0.00691
22	0.02566	0.49610	0.03847	0.01644	0.02325	0.11795	0.01510	0.13112	0.02221	0.02604	0.01352	0.01507	0.01155	0.00800	0.00630	0.00200	0.00999	0.00522	0.00460	0.01140
23	0.72641	0.01760	0.01306	0.01170	0.01693	0.04984	0.00956	0.02544	0.01494	0.03736	0.01191	0.01390	0.00930	0.00794	0.00538	0.00261	0.00700	0.00465	0.00522	0.00925
24	0.02339	0.01877	0.02114	0.02013	0.07502	0.02092	0.01462	0.14284	0.41802	0.06668	0.03303	0.03117	0.05283	0.01142	0.00868	0.00279	0.00739	0.00946	0.00831	0.01339
25	0.02476	0.11750	0.02427	0.01829	0.02341	0.19751	0.01454	0.06556	0.35810	0.03032	0.02511	0.02436	0.01936	0.01016	0.00795	0.00254	0.00950	0.00773	0.00682	0.01220
26	0.01136	0.00867	0.01043	0.00999	0.01230	0.00774	0.00749	0.01474	0.02248	0.03031	0.45246	0.06985	0.27357	0.01882	0.01004	0.00274	0.00412	0.01627	0.00887	0.00774
27	0.02574	0.01861	0.02108	0.01571	0.02287	0.01760	0.01282	0.26741	0.02745	0.10226	0.01917	0.01994	0.01423	0.00833	0.00743	0.00193	0.00765	0.00647	0.00702	0.37628
28	0.01371	0.00980	0.01371	0.01567	0.01763	0.00980	0.01371	0.01763	0.01959	0.02547	0.04506	0.09599	0.04898	0.02351	0.01175	0.00392	0.00784	0.59056	0.00784	0.00784
29	0.03235	0.02384	0.02554	0.01958	0.02639	0.02639	0.01618	0.61946	0.04001	0.05363	0.02043	0.02043	0.01447	0.01022	0.00851	0.00255	0.00936	0.00766	0.00851	0.01447
30	0.02042	0.01913	0.02154	0.02443	0.15946	0.07801	0.01559	0.03478	0.34496	0.03043	0.03280	0.09475	0.06169	0.01247	0.00881	0.00280	0.00795	0.01069	0.00716	0.01213
31	0.01222	0.00886	0.01239	0.01239	0.01347	0.00994	0.00903	0.01437	0.01330	0.01880	0.02397	0.03994	0.02410	0.25024	0.48465	0.01209	0.01854	0.01007	0.00473	0.00688
32	0.02083	0.01998	0.03412	0.08189	0.62002	0.02016	0.02600	0.02591	0.01927	0.02752	0.01597	0.02114	0.01338	0.00763	0.00843	0.00254	0.01017	0.00758	0.00419	0.01329
33	0.03179	0.04056	0.02412	0.02192	0.02631	0.66676	0.01644	0.03398	0.02412	0.02083	0.01315	0.01535	0.01096	0.00877	0.00767	0.00219	0.01535	0.00548	0.00438	0.00987
34	0.02106	0.02022	0.03454	0.05223	0.64784	0.02022	0.02612	0.02612	0.01938	0.02780	0.01601	0.02106	0.01348	0.00758	0.00842	0.00253	0.01011	0.00758	0.00421	0.01348
35	0.01245	0.00924	0.01166	0.01096	0.01318	0.00873	0.00825	0.01749	0.05846	0.03354	0.57540	0.06285	0.11090	0.01731	0.00996	0.00270	0.00419	0.01522	0.00924	0.00829
36	0.01037	0.00741	0.00987	0.01185	0.01234	0.00691	0.00790	0.01185	0.01629	0.02172	0.04690	0.69537	0.05629	0.02666	0.01086	0.00346	0.00494	0.02419	0.00790	0.00691
37	0.01035	0.00815	0.00935	0.01007	0.01193	0.00715	0.00716	0.01239	0.01857	0.02343	0.11764	0.32194	0.36529	0.02321	0.01037	0.00309	0.00453	0.02020	0.00802	0.00715
38	0.01006	0.00862	0.00862	0.00862	0.01149	0.00718	0.00647	0.01221	0.01940	0.02299	0.08621	0.08190	0.64438	0.02155	0.01006	0.00287	0.00431	0.01796	0.00790	0.00718
39	0.01228	0.00838	0.00990	0.00971	0.01030	0.00818	0.00601	0.01347	0.01586	0.02175	0.21026	0.05803	0.04563	0.49754	0.03341	0.00659	0.00699	0.01327	0.00641	0.00601
40	0.03179	0.04056	0.02412	0.02192	0.02631	0.66676	0.01644	0.03398	0.02412	0.02083	0.01315	0.01535	0.01096	0.00877	0.00767	0.00219	0.01535	0.00548	0.00438	0.00987
41	0.03235	0.02384	0.02554	0.01958	0.02639	0.02639	0.01618	0.61946	0.04001	0.05363	0.02043	0.02043	0.01447	0.01022	0.00851	0.00255	0.00936	0.00766	0.00851	0.01447
42	0.03818	0.01448	0.01975	0.01514	0.02172	0.01251	0.01251	0.04147	0.02436	0.65373	0.03357	0.02897	0.02107	0.01053	0.00856	0.00263	0.00724	0.00856	0.01053	0.01448
43	0.03235	0.02384	0.02554	0.01958	0.02639	0.02639	0.01618	0.61946	0.04001	0.05363	0.02043	0.02043	0.01447	0.01022	0.00851	0.00255	0.00936	0.00766	0.00851	0.01447
44	0.02106	0.02022	0.03454	0.05223	0.64784	0.02022	0.02612	0.02612	0.01938	0.02780	0.01601	0.02106	0.01348	0.00758	0.00842	0.00253	0.01011	0.00758	0.00421	0.01348
45	0.01586	0.00793	0.00793	0.00793	0.00991	0.00793	0.00595	0.01983	0.01785	0.03173	0.02776	0.03173	0.02181	0.00991	0.00595	0.00198	0.00397	0.00793	0.74817	0.00793
46	0.76103	0.01646	0.01251	0.01119	0.01646	0.01909	0.00922	0.02502	0.01448	0.03818	0.01185	0.01382	0.00922	0.00790	0.00527	0.00263	0.00658	0.00461	0.00527	0.00922
47	0.01037	0.00741	0.00987	0.01185	0.01234	0.00691	0.00790	0.01185	0.01629	0.02172	0.04690	0.69537	0.05629	0.02666	0.01086	0.00346	0.00494	0.02419	0.00790	0.00691
48	0.02117	0.01828	0.01924	0.01732	0.02213	0.02117	0.01347	0.04522	0.63246	0.03560	0.03464	0.03175	0.02598	0.01155	0.00866	0.00289	0.00673	0.00962	0.00866	0.01347
49	0.02076	0.01925	0.03153	0.20658	0.44817	0.02041	0.02466	0.07498	0.02052	0.02846	0.01616	0.02142	0.01303	0.00804	0.00845	0.00261	0.01036	0.00758	0.00447	0.01256
50	0.02915	0.03407	0.02684	0.02931	0.18174	0.45117	0.01884	0.08131	0.02427	0.02533	0.01448	0.01720	0.01189	0.00859	0.00793	0.00231	0.01353	0.00619	0.00469	0.01116
51	0.01874	0.01898	0.02810	0.02348	0.02421	0.02568	0.06899	0.02105	0.01363	0.02105	0.01168	0.01898	0.01132	0.01424	0.02642	0.00365	0.62885	0.00767	0.00377	0.00949
52	0.01118	0.00867	0.01018	0.00980	0.01219	0.00766	0.00735	0.01439	0.02206	0.02930	0.40185	0.07151	0.32481	0.01920	0.01005	0.00276	0.00414	0.01650	0.00873	0.00766
53	0.02362	0.24470	0.19653	0.02461	0.11700	0.20941	0.02115	0.02839	0.01972	0.02317	0.01371	0.01632	0.01126	0.00796	0.00720	0.00226	0.01194	0.00570	0.00392	0.01142
54	0.01981	0.02488	0.10569	0.03481	0.04378	0.02136	0.56339	0.02723	0.01989	0.02723	0.01704	0.02250	0.01272	0.00726	0.00986	0.00285	0.01419	0.00970	0.00424	0.01158
55	0.01187	0.00804	0.00943	0.00992	0.01005	0.00792	0.00584	0.01224	0.01336	0.01781	0.03184	0.21565	0.03728	0.53231	0.03520	0.00705	0.00742	0.01533	0.00584	0.00560
56	0.03179	0.04056	0.02412	0.02192	0.02631	0.66676	0.01644	0.03398	0.02412	0.02083	0.01315	0.01535	0.01096	0.00877	0.00767	0.00219	0.01535	0.00548	0.00438	0.00987
57	0.01873	0.09624	0.30763	0.03013	0.17816	0.02078	0.09924	0.02670	0.04855	0.02672	0.02034	0.02322	0.04852	0.00871	0.00830	0.00261	0.01113	0.00772	0.00432	0.01223
58	0.01037	0.00741	0.00987	0.01185	0.01234	0.00691	0.00790	0.01185	0.01629	0.02172	0.04690	0.69537	0.05629	0.02666	0.01086	0.00346	0.00494	0.02419	0.00790	0.00691
59	0.01646	0.01544	0.02192	0.01944	0.01995	0.02091	0.01595	0.01871	0.01325	0.02024	0.01506	0.02357	0.01455	0.03126	0.24173	0.00705	0.46376	0.00801	0.00400	0.00874
60	0.01927	0.30000	0.42010	0.02051	0.03104	0.02514	0.02492	0.02638	0.01771	0.02427	0.01394	0.01630	0.01083	0.00777	0.00707	0.00236	0.01123	0.00562	0.00361	0.01194
61	0.01845	0.01755	0.02982	0.38124	0.33926	0.01953	0.02482	0.02383	0.01814	0.02463	0.01555	0.02191	0.01236	0.00807	0.00847	0.00269	0.01076	0.00757	0.00399	0.01137
62	0.01182	0.00815	0.01055	0.01132	0.01185	0.00825	0.00757	0.01288	0.01423	0.01921	0.03331	0.27159	0.03805	0.29512	0.13998	0.04111	0.00961	0.04308	0.00605	0.00625
63	0.02954	0.03696	0.02650	0.02314	0.02746	0.55076	0.06721	0.03212	0.02271	0.02134	0.01331	0.01630	0.01115	0.00922	0.00982	0.00240	0.07976	0.00605	0.00431	0.00995
64	0.09749	0.11688	0.15599	0.01908	0.02638	0.02203	0.04509	0.15097	0.02310	0.16904	0.01924	0.02018	0.01379	0.00953	0.00961	0.00263	0.07320	0.00695	0.00633	0.01248
65	0.01896	0.01838	0.03219	0.30531	0.35922	0.01980	0.07405	0.02444	0.01848	0.02530	0.01575	0.02188	0.01257	0.00792	0.00859	0.00268	0.01096	0.00778	0.00405	0.01168
66	0.76103	0.01646	0.01251	0.01119	0.01646	0.01909	0.00922	0.02502	0.01448	0.03818	0.01185	0.01382	0.00922	0.00790	0.00527	0.00263	0.00658	0.00461	0.00527	0.00922
67	0.01037	0.00741	0.00987	0.01185	0.01234	0.00691	0.00790	0.01185	0.01629	0.02172	0.04690	0.69537	0.05629	0.02666	0.01086	0.00346	0.00494	0.02419	0.00790	0.00691
68	0.01707	0.04402	0.65683	0.02426	0.03683	0.01976	0.03144	0.02695	0.01797	0.02695	0.01527	0.01797	0.01078	0.00809	0.00809	0.00270	0.01258	0.00629	0.00359	0.01258
69	0.01008	0.00852	0.00873	0.00889	0.01157	0.00716	0.00659	0.01218	0.01914	0.02288	0.08290	0.13355	0.59487	0.02198	0.01013	0.00292	0.00436	0.01849	0.00790	0.00716
70	0.01037	0.00741	0.00987	0.01185	0.01234	0.00691	0.00790	0.01185	0.01629	0.02172	0.04690	0.69537	0.05629	0.02666	0.01086	0.00346	0.00494	0.02419	0.00790	0.00691
71	0.20377	0.01532	0.01833	0.01442	0.02071	0.01459	0.01190	0.06138	0.02273	0.48794	0.02805	0.02514	0.01808	0.00992	0.00780	0.00263	0.00718	0.00762	0.00924	0.01327
72	0.01238	0.00825	0.00928	0.00928	0.00928	0.00825	0.00516	0.01238	0.01238	0.01650	0.02681	0.05569	0.03094	0.70092	0.04331	0.00825	0.00825	0.01238	0.00516	0.00516
73	0.01765	0.01513	0.01765	0.01260	0.02017	0.01134	0.01008	0.02143	0.01765	0.02773	0.01513	0.01765	0.01260	0.00630	0.00630	0.00126	0.00630	0.00504	0.00504	0.75295
74	0.02117	0.01828	0.01924	0.01732	0.02213	0.02117	0.01347	0.04522	0.63246	0.03560	0.03464	0.03175	0.02598	0.01155	0.00866	0.00289	0.00673	0.00962	0.00866	0.01347
75	0.02209	0.01666	0.02043	0.08066	0.02468	0.01889	0.01451	0.30192	0.02647	0.03599	0.02094	0.02624	0.01710	0.03312	0.29193	0.00737	0.01533	0.00828	0.00636	0.01103
76	0.02009	0.02296	0.05022	0.03587	0.04448	0.02152	0.61693	0.02726	0.02009	0.02726	0.01722	0.02296	0.01291	0.00717	0.01004	0.00287	0.01435	0.01004	0.00430	0.01148
77	0.01238	0.00825	0.00928	0.00928	0.00928	0.00825	0.00516	0.01238	0.01238	0.01650	0.02681	0.05569	0.03094	0.70092	0.04331	0.00825	0.00825	0.01238	0.00516	0.00516
78	0.01083	0.00760	0.00974	0.01126	0.01164	0.00722	0.00727	0.01197	0.01539	0.02053	0.04230	0.54863	0.05047	0.18134	0.01831	0.00456	0.00570	0.02148	0.00727	0.00651
79	0.03110	0.03485	0.02405	0.02096	0.02586	0.47147	0.01613	0.18630	0.02783	0.02936	0.01547	0.01744	0.01232	0.01148	0.03585	0.00277	0.01410	0.00621	0.00547	0.01097
80	0.02009	0.02296	0.05022	0.03587	0.04448	0.02152	0.61693	0.02726	0.02009	0.02726	0.01722	0.02296	0.01291	0.00717	0.01004	0.00287	0.01435	0.01004	0.00430	0.01148
81	0.01707	0.04402	0.65683	0.02426	0.03683	0.01976	0.03144	0.02695	0.01797	0.02695	0.01527	0.01797	0.01078	0.00809	0.00809	0.00270	0.01258	0.00629	0.00359	0.01258
82	0.01233	0.00844	0.01025	0.01025	0.01059	0.00878	0.00637	0.01300	0.01266	0.01722	0.02593	0.05077	0.02880	0.56020	0.18112	0.00945	0.01146	0.01166	0.00502	0.00570
83	0.02200	0.14131	0.03698	0.02988	0.17250	0.02232	0.19568	0.10408	0.02167	0.02968	0.01607	0.01967	0.01285	0.00754	0.00805	0.00230	0.01046	0.00737	0.00485	0.13475
84	0.02862	0.07366	0.03133	0.02460	0.03023	0.45343	0.15408	0.05871	0.02353	0.02376	0.01434	0.01723	0.01157	0.00838	0.00813	0.00234	0.01449	0.00657	0.00451	0.01051
85	0.02582	0.02017	0.02163	0.01786	0.02340	0.02259	0.01432	0.32115	0.29403	0.04422	0.07900	0.02894	0.02497	0.01139	0.00870	0.00271	0.00778	0.00916	0.00865	0.01350
86	0.01870	0.01195	0.01467	0.01708	0.12405	0.01225	0.01069	0.09091	0.02070	0.03359	0.02484	0.02853	0.01949	0.00954	0.00668	0.00215	0.00568	0.00784	0.53099	0.00967
87	0.02275	0.70604	0.04459	0.01456	0.02184	0.03367	0.01456	0.02548	0.01729	0.02002	0.01183	0.01365	0.01092	0.00728	0.00546	0.00182	0.00910	0.00455	0.00364	0.01092
88	0.01006	0.00862	0.00862	0.00862	0.01149	0.00718	0.00647	0.01221	0.01940	0.02299	0.08621	0.08190	0.64438	0.02155	0.01006	0.00287	0.00431	0.01796	0.00790	0.00718
89	0.02459	0.01761	0.02038	0.13543	0.02738	0.01964	0.01453	0.33615	0.02938	0.04147	0.02162	0.02414	0.01606	0.00982	0.00776	0.00244	0.00814	0.00772	0.22408	0.01165
90	0.02758	0.02045	0.02846	0.02191	0.02855	0.02136	0.15260	0.22498	0.19184	0.15103	0.02588	0.02559	0.01840	0.00993	0.00891	0.00273	0.00942	0.00890	0.00795	0.01352
91	0.01238	0.00825	0.00928	0.00928	0.00928	0.00825	0.00516	0.01238	0.01238	0.01650	0.02681	0.05569	0.03094	0.70092	0.04331	0.00825	0.00825	0.01238	0.00516	0.00516
92	0.03179	0.04056	0.02412	0.02192	0.02631	0.66676	0.01644	0.03398	0.02412	0.02083	0.01315	0.01535	0.01096	0.00877	0.00767	0.00219	0.01535	0.00548	0.00438	0.00987
93	0.01823	0.09403	0.46696	0.02612	0.03734	0.02132	0.16435	0.02690	0.01840	0.02645	0.01543	0.01875	0.01128	0.00781	0.00832	0.00266	0.01270	0.00701	0.00376	0.01219
94	0.02070	0.02615	0.17829	0.04238	0.41420	0.02059	0.08364	0.06021	0.02030	0.02903	0.01621	0.02050	0.01286	0.00781	0.00851	0.00260	0.01104	0.00753	0.00432	0.01314
95	0.02739	0.03222	0.02839	0.03435	0.28105	0.40177	0.02041	0.03076	0.02217	0.02369	0.01432	0.01769	0.01199	0.00828	0.00798	0.00233	0.01320	0.00634	0.00431	0.01135
96	0.02487	0.02792	0.03238	0.03948	0.35836	0.25594	0.08429	0.02910	0.02118	0.02520	0.01509	0.01918	0.01250	0.00797	0.00832	0.00244	0.01246	0.00707	0.00428	0.01195
97	0.01040	0.00863	0.00909	0.00898	0.01170	0.00733	0.00673	0.01287	0.02020	0.02489	0.18122	0.07877	0.54819	0.02084	0.01005	0.00284	0.00426	0.01752	0.00815	0.00733
98	0.02106	0.02022	0.03454	0.05223	0.64784	0.02022	0.02612	0.02612	0.01938	0.02780	0.01601	0.02106	0.01348	0.00758	0.00842	0.00253	0.01011	0.00758	0.00421	0.01348
99	0.01216	0.00912	0.01368	0.01368	0.01520	0.01064	0.01064	0.01520	0.01368	0.01976	0.02279	0.03343	0.02127	0.06382	0.66720	0.01368	0.02279	0.00912	0.00456	0.00760
100	0.02809	0.03539	0.08518	0.02179	0.02658	0.43113	0.01802	0.08126	0.05221	0.02483	0.01472	0.01726	0.01198	0.00981	0.01064	0.00252	0.10700	0.00621	0.00477	0.01061
101	0.01336	0.00970	0.01216	0.01228	0.01401	0.00968	0.00934	0.01803	0.07114	0.02745	0.27250	0.06789	0.05472	0.18952	0.01872	0.00443	0.00636	0.17318	0.00783	0.00772
102	0.01235	0.00835	0.00979	0.00979	0.00997	0.00853	0.00580	0.01270	0.01253	0.01688	0.02634	0.05309	0.02981	0.62658	0.11611	0.00888	0.00995	0.01200	0.00509	0.00544
103	0.03720	0.01605	0.02072	0.01589	0.02251	0.01484	0.01312	0.13851	0.02699	0.55298	0.03137	0.02753	0.01996	0.01048	0.00855	0.00262	0.00760	0.00841	0.01019	0.01448
104	0.01765	0.01513	0.01765	0.01260	0.02017	0.01134	0.01008	0.02143	0.01765	0.02773	0.01513	0.01765	0.01260	0.00630	0.00630	0.00126	0.00630	0.00504	0.00504	0.75295
105	0.01068	0.00865	0.00949	0.00928	0.01188	0.00745	0.00696	0.01343	0.02088	0.02650	0.26204	0.07611	0.46636	0.02024	0.01005	0.00281	0.00422	0.01715	0.00837	0.00745
106	0.01773	0.12127	0.58539	0.02312	0.03508	0.02139	0.02947	0.02678	0.01789	0.02614	0.01487	0.01746	0.01080	0.00799	0.00778	0.00259	0.01217	0.00609	0.00360	0.01238
107	0.01193	0.00869	0.01121	0.01058	0.01264	0.00798	0.00794	0.01583	0.02381	0.03346	0.61006	0.06466	0.11400	0.01765	0.01004	0.00269	0.00403	0.01554	0.00928	0.00798
108	0.03179	0.04056	0.02412	0.02192	0.02631	0.66676	0.01644	0.03398	0.02412	0.02083	0.01315	0.01535	0.01096	0.00877	0.00767	0.00219	0.01535	0.00548	0.00438	0.00987
109	0.76103	0.01646	0.01251	0.01119	0.01646	0.01909	0.00922	0.02502	0.01448	0.03818	0.01185	0.01382	0.00922	0.00790	0.00527	0.00263	0.00658	0.00461	0.00527	0.00922
110	0.01967	0.29903	0.35866	0.01983	0.02962	0.02530	0.02318	0.02810	0.07562	0.02507	0.01576	0.01759	0.01227	0.00810	0.00712	0.00237	0.01067	0.00593	0.00409	0.01202
111	0.03054	0.03819	0.02533	0.02546	0.09883	0.59131	0.01757	0.03306	0.02356	0.02164	0.01349	0.01601	0.01126	0.00863	0.00776	0.00223	0.01474	0.00573	0.00436	0.01029
112	0.02117	0.01828	0.01924	0.01732	0.02213	0.02117	0.01347	0.04522	0.63246	0.03560	0.03464	0.03175	0.02598	0.01155	0.00866	0.00289	0.00673	0.00962	0.00866	0.01347
113	0.01973	0.02047	0.02590	0.02231	0.02268	0.08001	0.01844	0.02162	0.01397	0.02051	0.01134	0.01834	0.01115	0.01438	0.02622	0.00359	0.62894	0.00728	0.00378	0.00936
114	0.01772	0.09130	0.41826	0.02003	0.03069	0.01847	0.02377	0.02521	0.01782	0.02660	0.01494	0.01751	0.01133	0.00750	0.00734	0.00220	0.01045	0.00578	0.00402	0.22907
115	0.01037	0.00741	0.00987	0.01185	0.01234	0.00691	0.00790	0.01185	0.01629	0.02172	0.04690	0.69537	0.05629	0.02666	0.01086	0.00346	0.00494	0.02419	0.00790	0.00691
116	0.01238	0.00825	0.00928	0.00928	0.00928	0.00825	0.00516	0.01238	0.01238	0.01650	0.02681	0.05569	0.03094	0.70092	0.04331	0.00825	0.00825	0.01238	0.00516	0.00516
117	0.02106	0.02022	0.03454	0.05223	0.64784	0.02022	0.02612	0.02612	0.01938	0.02780	0.01601	0.02106	0.01348	0.00758	0.00842	0.00253	0.01011	0.00758	0.00421	0.01348
118	0.01227	0.00869	0.01149	0.01149	0.01225	0.00945	0.00791	0.01379	0.01303	0.01813	0.02480	0.04453	0.02609	0.38137	0.35624	0.01097	0.01555	0.01074	0.00486	0.00638
119	0.01037	0.00741	0.00987	0.01185	0.01234	0.00691	0.00790	0.01185	0.01629	0.02172	0.04690	0.69537	0.05629	0.02666	0.01086	0.00346	0.00494	0.02419	0.00790	0.00691
120	0.02106	0.02022	0.03454	0.05223	0.64784	0.02022	0.02612	0.02612	0.01938	0.02780	0.01601	0.02106	0.01348	0.00758	0.00842	0.00253	0.01011	0.00758	0.00421	0.01348
121	0.02925	0.01406	0.01995	0.02032	0.12901	0.01289	0.01322	0.03210	0.02073	0.39744	0.02893	0.03371	0.02200	0.16839	0.01651	0.00390	0.00798	0.00926	0.00819	0.01217
122	0.03179	0.04056	0.02412	0.02192	0.02631	0.66676	0.01644	0.03398	0.02412	0.02083	0.01315	0.01535	0.01096	0.00877	0.00767	0.00219	0.01535	0.00548	0.00438	0.00987
123	0.01586	0.00793	0.00793	0.00793	0.00991	0.00793	0.00595	0.01983	0.01785	0.03173	0.02776	0.03173	0.02181	0.00991	0.00595	0.00198	0.00397	0.00793	0.74817	0.00793
124	0.02311	0.58836	0.09424	0.01606	0.02352	0.09143	0.01616	0.02640	0.01798	0.02068	0.01224	0.01417	0.01091	0.00749	0.00589	0.00193	0.00997	0.00478	0.00371	0.01096
125	0.02737	0.02755	0.14293	0.02095	0.02851	0.05461	0.04486	0.37443	0.11820	0.04341	0.02100	0.02145	0.01518	0.00981	0.00848	0.00262	0.01009	0.00768	0.00724	0.01363

[dist]
# distance from previous block
# <min> <max>
0	10

[block]
# block no. 1 follows, 21 sequences, length 47
# corresponding to MSA columns:
# 167-213
name=unknown_B
#
# <colnr> <probs for GDERKNQSTAVLIFYWHMCP>
#	G	D	E	R	K	N	Q	S	T	A	V	L	I	F	Y	W	H	M	C	P
0	0.01371	0.00980	0.01371	0.01567	0.01763	0.00980	0.01371	0.01763	0.01959	0.02547	0.04506	0.09599	0.04898	0.02351	0.01175	0.00392	0.00784	0.59056	0.00784	0.00784
1	0.01862	0.01862	0.02607	0.02234	0.02234	0.02607	0.01862	0.02048	0.01303	0.02048	0.01117	0.01862	0.01117	0.01489	0.02793	0.00372	0.68535	0.00745	0.00372	0.00931
2	0.02433	0.59017	0.04103	0.01584	0.02262	0.14391	0.01489	0.02696	0.01848	0.02016	0.01206	0.01395	0.01093	0.00754	0.00585	0.00188	0.01019	0.00471	0.00377	0.01074
3	0.06159	0.03095	0.34636	0.02859	0.17953	0.01867	0.02531	0.02865	0.04532	0.09760	0.01938	0.02358	0.01474	0.00902	0.00824	0.00270	0.01061	0.03149	0.00500	0.01266
4	0.03003	0.11845	0.02665	0.02107	0.02557	0.55827	0.01633	0.03227	0.02273	0.02071	0.01289	0.01532	0.01097	0.00891	0.00846	0.00223	0.04944	0.00547	0.00426	0.00996
5	0.76103	0.01646	0.01251	0.01119	0.01646	0.01909	0.00922	0.02502	0.01448	0.03818	0.01185	0.01382	0.00922	0.00790	0.00527	0.00263	0.00658	0.00461	0.00527	0.00922
6	0.01844	0.01691	0.02523	0.05535	0.05783	0.01788	0.14620	0.03201	0.28740	0.03231	0.17719	0.03657	0.03497	0.01166	0.00928	0.00281	0.00815	0.01091	0.00740	0.01150
7	0.01037	0.00741	0.00987	0.01185	0.01234	0.00691	0.00790	0.01185	0.01629	0.02172	0.04690	0.69537	0.05629	0.02666	0.01086	0.00346	0.00494	0.02419	0.00790	0.00691
8	0.01921	0.16370	0.37574	0.02981	0.19559	0.02253	0.02682	0.02645	0.01821	0.02586	0.01481	0.01796	0.01152	0.00780	0.00768	0.00248	0.01126	0.00630	0.00377	0.01250
9	0.03194	0.03614	0.02449	0.02130	0.02633	0.49739	0.01637	0.18884	0.02832	0.02950	0.01508	0.01669	0.01189	0.00915	0.00790	0.00229	0.01376	0.00606	0.00548	0.01108
10	0.01006	0.00862	0.00862	0.00862	0.01149	0.00718	0.00647	0.01221	0.01940	0.02299	0.08621	0.08190	0.64438	0.02155	0.01006	0.00287	0.00431	0.01796	0.00790	0.00718
11	0.76103	0.01646	0.01251	0.01119	0.01646	0.01909	0.00922	0.02502	0.01448	0.03818	0.01185	0.01382	0.00922	0.00790	0.00527	0.00263	0.00658	0.00461	0.00527	0.00922
12	0.01478	0.00739	0.01109	0.01109	0.01109	0.00739	0.00739	0.01109	0.01109	0.01478	0.01478	0.02587	0.01478	0.02956	0.03326	0.75240	0.00739	0.00739	0.00370	0.00370
13	0.03179	0.04056	0.02412	0.02192	0.02631	0.66676	0.01644	0.03398	0.02412	0.02083	0.01315	0.01535	0.01096	0.00877	0.00767	0.00219	0.01535	0.00548	0.00438	0.00987
14	0.01238	0.00825	0.00928	0.00928	0.00928	0.00825	0.00516	0.01238	0.01238	0.01650	0.02681	0.05569	0.03094	0.70092	0.04331	0.00825	0.00825	0.01238	0.00516	0.00516
15	0.76103	0.01646	0.01251	0.01119	0.01646	0.01909	0.00922	0.02502	0.01448	0.03818	0.01185	0.01382	0.00922	0.00790	0.00527	0.00263	0.00658	0.00461	0.00527	0.00922
16	0.02106	0.02022	0.03454	0.05223	0.64784	0.02022	0.02612	0.02612	0.01938	0.02780	0.01601	0.02106	0.01348	0.00758	0.00842	0.00253	0.01011	0.00758	0.00421	0.01348
17	0.01238	0.00825	0.00928	0.00928	0.00928	0.00825	0.00516	0.01238	0.01238	0.01650	0.02681	0.05569	0.03094	0.70092	0.04331	0.00825	0.00825	0.01238	0.00516	0.00516
18	0.01035	0.00747	0.00981	0.01168	0.01230	0.00693	0.00782	0.01187	0.01646	0.02179	0.04901	0.66244	0.08785	0.02639	0.01082	0.00342	0.00490	0.02386	0.00790	0.00693
19	0.01171	0.00869	0.01091	0.01035	0.01251	0.00789	0.00776	0.01540	0.02329	0.03223	0.54835	0.06669	0.17648	0.01811	0.01004	0.00271	0.00407	0.01583	0.00912	0.00789
20	0.02578	0.48336	0.03774	0.01702	0.02334	0.24552	0.01519	0.02833	0.01958	0.02029	0.01227	0.01422	0.01093	0.00778	0.00620	0.00194	0.01119	0.00486	0.00389	0.01057
21	0.01925	0.01837	0.03127	0.28001	0.43421	0.01974	0.02522	0.02453	0.01852	0.02561	0.01569	0.02165	0.01271	0.00792	0.00846	0.00264	0.01056	0.00758	0.00406	0.01202
22	0.02806	0.03345	0.10010	0.02433	0.09032	0.34396	0.01885	0.16499	0.02599	0.02970	0.01586	0.01834	0.01253	0.01175	0.04212	0.00296	0.01350	0.00648	0.00522	0.01149
23	0.76103	0.01646	0.01251	0.01119	0.01646	0.01909	0.00922	0.02502	0.01448	0.03818	0.01185	0.01382	0.00922	0.00790	0.00527	0.00263	0.00658	0.00461	0.00527	0.00922
24	0.02792	0.12693	0.08498	0.02281	0.02879	0.44996	0.08881	0.03145	0.02220	0.02202	0.01365	0.01625	0.01117	0.00832	0.00770	0.00227	0.01416	0.00597	0.00421	0.01043
25	0.01204	0.00870	0.01138	0.01071	0.01271	0.00803	0.00803	0.01606	0.02409	0.03413	0.64335	0.06357	0.08030	0.01740	0.01004	0.00268	0.00401	0.01539	0.00937	0.00803
26	0.01173	0.00869	0.01094	0.01038	0.01252	0.00790	0.00778	0.01545	0.02335	0.03237	0.55543	0.06646	0.16931	0.01805	0.01004	0.00271	0.00406	0.01580	0.00914	0.00790
27	0.02958	0.02609	0.02712	0.02926	0.20823	0.19230	0.01873	0.22180	0.02789	0.10864	0.01877	0.02029	0.01404	0.00910	0.00827	0.00246	0.01091	0.00717	0.00640	0.01296
28	0.01216	0.00912	0.01368	0.01368	0.01520	0.01064	0.01064	0.01520	0.01368	0.01976	0.02279	0.03343	0.02127	0.06382	0.66720	0.01368	0.02279	0.00912	0.00456	0.00760
29	0.01232	0.00841	0.01008	0.01005	0.01039	0.00861	0.00617	0.01302	0.01322	0.01798	0.05998	0.05264	0.03213	0.56385	0.13903	0.00879	0.01029	0.01203	0.00529	0.00570
30	0.03235	0.02384	0.02554	0.01958	0.02639	0.02639	0.01618	0.61946	0.04001	0.05363	0.02043	0.02043	0.01447	0.01022	0.00851	0.00255	0.00936	0.00766	0.00851	0.01447
31	0.01765	0.01513	0.01765	0.01260	0.02017	0.01134	0.01008	0.02143	0.01765	0.02773	0.01513	0.01765	0.01260	0.00630	0.00630	0.00126	0.00630	0.00504	0.00504	0.75295
32	0.01861	0.01771	0.03011	0.36123	0.35802	0.01957	0.02490	0.02397	0.01822	0.02482	0.01557	0.02186	0.01243	0.00804	0.00847	0.00268	0.01072	0.00757	0.00400	0.01150
33	0.01718	0.01461	0.01557	0.01461	0.01839	0.01606	0.01113	0.03321	0.40986	0.03086	0.04794	0.13402	0.16948	0.01587	0.00928	0.00296	0.00594	0.01350	0.00838	0.01115
34	0.02740	0.02835	0.02211	0.01932	0.02375	0.32645	0.01502	0.20148	0.02636	0.03021	0.01753	0.02104	0.01439	0.02198	0.16105	0.00496	0.01532	0.00697	0.00564	0.01069
35	0.01765	0.01513	0.01765	0.01260	0.02017	0.01134	0.01008	0.02143	0.01765	0.02773	0.01513	0.01765	0.01260	0.00630	0.00630	0.00126	0.00630	0.00504	0.00504	0.75295
36	0.01289	0.00928	0.01175	0.01288	0.01412	0.00914	0.00909	0.07691	0.01900	0.02532	0.04398	0.59145	0.05144	0.02474	0.01066	0.00338	0.00556	0.05265	0.00796	0.00777
37	0.02283	0.41637	0.15543	0.01776	0.02519	0.15027	0.01792	0.02683	0.01853	0.02148	0.01332	0.01585	0.01145	0.01073	0.04169	0.00269	0.01168	0.00530	0.00382	0.01086
38	0.01125	0.00850	0.01060	0.01193	0.01362	0.00785	0.00914	0.01366	0.01826	0.02323	0.05907	0.32115	0.24422	0.02408	0.01086	0.00340	0.00559	0.18843	0.00788	0.00727
39	0.01707	0.04402	0.65683	0.02426	0.03683	0.01976	0.03144	0.02695	0.01797	0.02695	0.01527	0.01797	0.01078	0.00809	0.00809	0.00270	0.01258	0.00629	0.00359	0.01258
40	0.02337	0.02459	0.03230	0.04573	0.51437	0.15906	0.02404	0.02781	0.02040	0.02630	0.01539	0.01983	0.01294	0.00784	0.00826	0.00246	0.01123	0.00713	0.00425	0.01270
41	0.01994	0.15239	0.02284	0.01604	0.01942	0.19415	0.01294	0.02225	0.01802	0.02057	0.02758	0.03225	0.12077	0.05689	0.14356	0.00501	0.09299	0.00871	0.00483	0.00886
42	0.01006	0.00862	0.00862	0.00862	0.01149	0.00718	0.00647	0.01221	0.01940	0.02299	0.08621	0.08190	0.64438	0.02155	0.01006	0.00287	0.00431	0.01796	0.00790	0.00718
43	0.01895	0.01704	0.01662	0.01541	0.01937	0.07720	0.01209	0.06288	0.30325	0.03108	0.07497	0.05001	0.16749	0.01516	0.00931	0.00291	0.00714	0.08027	0.00802	0.01084
44	0.01989	0.26023	0.27619	0.02508	0.06153	0.02488	0.16700	0.02649	0.01832	0.02474	0.01462	0.01786	0.01147	0.00757	0.00769	0.00244	0.01172	0.00667	0.00381	0.01180
45	0.01037	0.00741	0.00987	0.01185	0.01234	0.00691	0.00790	0.01185	0.01629	0.02172	0.04690	0.69537	0.05629	0.02666	0.01086	0.00346	0.00494	0.02419	0.00790	0.00691
46	0.01046	0.00748	0.00996	0.01179	0.01236	0.00697	0.00791	0.01208	0.01672	0.02241	0.07993	0.66039	0.05761	0.02615	0.01082	0.00341	0.00489	0.02371	0.00798	0.00697

[dist]
# distance from previous block
# <min> <max>
0	26

# created by:
# /home/cegg/simao/soft/augustus-3.2.1/scripts/msa2prfl.pl ./align_prep/11471.fa
