[name]
unknown

[dist]
# distance from previous block
# <min> <max>
0	1

[block]
# block no. 0 follows, 21 sequences, length 58
# corresponding to MSA columns:
# 6-63
name=unknown_A
#
# <colnr> <probs for GDERKNQSTAVLIFYWHMCP>
#	G	D	E	R	K	N	Q	S	T	A	V	L	I	F	Y	W	H	M	C	P
0	0.01458	0.07687	0.01669	0.01557	0.01804	0.01210	0.01380	0.01839	0.01937	0.02494	0.04186	0.08806	0.04531	0.02195	0.01115	0.00372	0.00796	0.53410	0.00743	0.00813
1	0.02932	0.13210	0.02813	0.01972	0.02526	0.19697	0.01625	0.31218	0.02956	0.03641	0.01624	0.01786	0.01266	0.00986	0.00982	0.00247	0.08025	0.00659	0.00618	0.01218
2	0.12614	0.16745	0.02824	0.08678	0.13077	0.18366	0.01703	0.07792	0.02069	0.02708	0.01451	0.01786	0.01203	0.01120	0.04266	0.00294	0.01145	0.00610	0.00463	0.01084
3	0.04893	0.05125	0.05312	0.07711	0.09299	0.01801	0.07451	0.02034	0.01540	0.02256	0.01769	0.02662	0.01616	0.07983	0.21989	0.00670	0.13695	0.00830	0.00427	0.00936
4	0.02313	0.67785	0.04373	0.01487	0.02203	0.06050	0.01464	0.02584	0.01758	0.02006	0.01189	0.01372	0.01092	0.00734	0.00555	0.00184	0.00937	0.00459	0.00367	0.01088
5	0.03306	0.02055	0.02321	0.01789	0.02433	0.02174	0.01467	0.43251	0.03444	0.21758	0.02435	0.02438	0.01704	0.04151	0.01010	0.00283	0.00873	0.00812	0.00892	0.01405
6	0.01163	0.00848	0.01086	0.01232	0.01348	0.00807	0.00882	0.03669	0.01795	0.02358	0.04945	0.53361	0.11093	0.02512	0.01080	0.00342	0.00542	0.09410	0.00792	0.00735
7	0.01440	0.01151	0.01514	0.01487	0.01711	0.01183	0.04665	0.05247	0.14670	0.02668	0.04110	0.47921	0.04505	0.02143	0.01022	0.00325	0.00613	0.01939	0.00787	0.00897
8	0.02009	0.02296	0.05022	0.03587	0.04448	0.02152	0.61693	0.02726	0.02009	0.02726	0.01722	0.02296	0.01291	0.00717	0.01004	0.00287	0.01435	0.01004	0.00430	0.01148
9	0.03144	0.02576	0.02534	0.05359	0.02802	0.11663	0.01659	0.50616	0.03659	0.04737	0.01913	0.01983	0.01382	0.00992	0.00839	0.00252	0.01031	0.00735	0.00769	0.01356
10	0.01953	0.03677	0.47766	0.02941	0.16348	0.01930	0.02887	0.02789	0.01875	0.07534	0.01683	0.01946	0.01214	0.00817	0.00819	0.00266	0.01165	0.00673	0.00426	0.01291
11	0.03818	0.01448	0.01975	0.01514	0.02172	0.01251	0.01251	0.04147	0.02436	0.65373	0.03357	0.02897	0.02107	0.01053	0.00856	0.00263	0.00724	0.00856	0.01053	0.01448
12	0.01238	0.00825	0.00928	0.00928	0.00928	0.00825	0.00516	0.01238	0.01238	0.01650	0.02681	0.05569	0.03094	0.70092	0.04331	0.00825	0.00825	0.01238	0.00516	0.00516
13	0.02964	0.02386	0.02358	0.01842	0.02485	0.09480	0.01496	0.44964	0.03434	0.04563	0.01925	0.01999	0.01416	0.00953	0.00802	0.00232	0.00939	0.00709	0.03986	0.11070
14	0.01064	0.00805	0.00987	0.01102	0.01248	0.00729	0.00787	0.01269	0.01809	0.02334	0.10490	0.41332	0.24096	0.02413	0.01061	0.00325	0.00488	0.06145	0.00801	0.00715
15	0.01798	0.14995	0.55886	0.02270	0.03443	0.02199	0.02874	0.02672	0.01786	0.02584	0.01472	0.01728	0.01080	0.00796	0.00767	0.00256	0.01202	0.00601	0.00360	0.01231
16	0.01707	0.04402	0.65683	0.02426	0.03683	0.01976	0.03144	0.02695	0.01797	0.02695	0.01527	0.01797	0.01078	0.00809	0.00809	0.00270	0.01258	0.00629	0.00359	0.01258
17	0.01006	0.00862	0.00862	0.00862	0.01149	0.00718	0.00647	0.01221	0.01940	0.02299	0.08621	0.08190	0.64438	0.02155	0.01006	0.00287	0.00431	0.01796	0.00790	0.00718
18	0.01210	0.00871	0.01198	0.01211	0.01307	0.00960	0.00866	0.01404	0.01344	0.01883	0.02580	0.08730	0.02689	0.26906	0.41745	0.01119	0.01679	0.01124	0.00499	0.00675
19	0.28098	0.03078	0.33848	0.05295	0.03142	0.01965	0.08015	0.02604	0.01689	0.03071	0.01424	0.01722	0.01046	0.00795	0.00730	0.00270	0.01056	0.00612	0.00426	0.01113
20	0.03155	0.02307	0.02469	0.01902	0.02560	0.02550	0.01568	0.59051	0.03894	0.05258	0.02079	0.02098	0.01483	0.01020	0.00839	0.00253	0.00910	0.00767	0.04422	0.01416
21	0.02275	0.70604	0.04459	0.01456	0.02184	0.03367	0.01456	0.02548	0.01729	0.02002	0.01183	0.01365	0.01092	0.00728	0.00546	0.00182	0.00910	0.00455	0.00364	0.01092
22	0.01125	0.00922	0.01000	0.00989	0.01255	0.00831	0.00737	0.01526	0.06323	0.02594	0.18780	0.12199	0.44602	0.02043	0.01002	0.00288	0.00447	0.01735	0.00824	0.00777
23	0.02271	0.02201	0.01980	0.01810	0.02262	0.14579	0.01406	0.04109	0.47112	0.03202	0.03120	0.03309	0.02468	0.01185	0.00869	0.00282	0.00849	0.04972	0.00777	0.01237
24	0.02804	0.31659	0.03261	0.01887	0.02446	0.40416	0.01566	0.03046	0.02129	0.02049	0.01261	0.01464	0.01094	0.00815	0.00676	0.00204	0.01276	0.00509	0.00408	0.01030
25	0.01726	0.04285	0.62630	0.02563	0.06681	0.01979	0.03118	0.02691	0.01804	0.02699	0.01531	0.01812	0.01091	0.00806	0.00810	0.00269	0.01246	0.00635	0.00362	0.01262
26	0.01795	0.03788	0.47995	0.02764	0.03906	0.02028	0.20216	0.02704	0.01858	0.02704	0.01584	0.01942	0.01140	0.00782	0.00866	0.00275	0.01309	0.00738	0.00380	0.01226
27	0.03179	0.04056	0.02412	0.02192	0.02631	0.66676	0.01644	0.03398	0.02412	0.02083	0.01315	0.01535	0.01096	0.00877	0.00767	0.00219	0.01535	0.00548	0.00438	0.00987
28	0.02096	0.01951	0.03210	0.17178	0.48556	0.02044	0.02487	0.07090	0.02051	0.02861	0.01618	0.02133	0.01314	0.00796	0.00845	0.00259	0.01029	0.00758	0.00446	0.01277
29	0.01601	0.01162	0.01397	0.01397	0.01611	0.01191	0.01025	0.16363	0.02237	0.02986	0.04021	0.49751	0.04550	0.02241	0.01032	0.00325	0.00618	0.04801	0.00805	0.00884
30	0.01009	0.00850	0.00875	0.00895	0.01158	0.00716	0.00661	0.01218	0.01908	0.02286	0.08218	0.14483	0.58406	0.02208	0.01014	0.00293	0.00437	0.01860	0.00790	0.00716
31	0.01062	0.00864	0.00939	0.00921	0.01184	0.00742	0.00691	0.01329	0.02072	0.02612	0.24269	0.07675	0.48595	0.02039	0.01005	0.00282	0.00423	0.01724	0.00831	0.00742
32	0.01943	0.16691	0.50266	0.02187	0.03309	0.02194	0.02711	0.02756	0.01823	0.06387	0.01574	0.01782	0.01143	0.00808	0.00762	0.00253	0.01160	0.00610	0.00403	0.01238
33	0.01231	0.00851	0.01059	0.01059	0.01104	0.00896	0.00679	0.01322	0.01276	0.01747	0.02562	0.04906	0.02806	0.51101	0.22929	0.00987	0.01259	0.01140	0.00498	0.00588
34	0.01231	0.00903	0.01182	0.01334	0.01508	0.00867	0.01084	0.01524	0.01856	0.02386	0.05203	0.21493	0.15656	0.05343	0.01265	0.00383	0.00663	0.34605	0.00774	0.00741
35	0.01811	0.01737	0.02997	0.41754	0.27823	0.01951	0.05044	0.02362	0.01803	0.02425	0.01555	0.02209	0.01221	0.00810	0.00854	0.00272	0.01101	0.00768	0.00397	0.01105
36	0.02794	0.03463	0.03076	0.02543	0.03056	0.46077	0.16632	0.03136	0.02233	0.02241	0.01403	0.01747	0.01146	0.00880	0.00969	0.00247	0.06227	0.00676	0.00432	0.01023
37	0.01338	0.00957	0.01324	0.01467	0.01664	0.00944	0.01257	0.01732	0.02050	0.02721	0.16535	0.08947	0.05527	0.02228	0.01141	0.00367	0.00707	0.47491	0.00814	0.00788
38	0.01788	0.02390	0.15899	0.02935	0.07314	0.01828	0.33978	0.02479	0.02047	0.02867	0.14774	0.03037	0.02663	0.00951	0.00956	0.00277	0.01158	0.01028	0.00522	0.01109
39	0.02827	0.03694	0.08771	0.02804	0.14809	0.47819	0.01978	0.03177	0.02260	0.02278	0.01391	0.01671	0.01143	0.00847	0.00786	0.00231	0.01406	0.00597	0.00427	0.01083
40	0.01707	0.04402	0.65683	0.02426	0.03683	0.01976	0.03144	0.02695	0.01797	0.02695	0.01527	0.01797	0.01078	0.00809	0.00809	0.00270	0.01258	0.00629	0.00359	0.01258
41	0.01607	0.01513	0.02552	0.68047	0.05861	0.01891	0.02363	0.02174	0.01702	0.02174	0.01513	0.02269	0.01134	0.00851	0.00851	0.00284	0.01134	0.00756	0.00378	0.00945
42	0.02852	0.28523	0.03195	0.01882	0.02466	0.32969	0.01570	0.12388	0.02411	0.02574	0.01382	0.01552	0.01150	0.00845	0.00698	0.00211	0.01207	0.00548	0.00476	0.01099
43	0.01939	0.01421	0.02426	0.02184	0.06765	0.01342	0.16259	0.04584	0.02001	0.13266	0.03388	0.29440	0.03427	0.01683	0.01007	0.00310	0.00844	0.05975	0.00721	0.01017
44	0.01034	0.00753	0.00975	0.01152	0.01226	0.00694	0.00775	0.01189	0.01661	0.02185	0.05094	0.63244	0.11661	0.02614	0.01078	0.00340	0.00487	0.02355	0.00790	0.00694
45	0.01765	0.01513	0.01765	0.01260	0.02017	0.01134	0.01008	0.02143	0.01765	0.02773	0.01513	0.01765	0.01260	0.00630	0.00630	0.00126	0.00630	0.00504	0.00504	0.75295
46	0.02849	0.02544	0.02523	0.17199	0.03378	0.16271	0.01795	0.35587	0.03130	0.03923	0.01764	0.01985	0.01300	0.00951	0.00833	0.00254	0.01111	0.00717	0.00654	0.01233
47	0.02231	0.02200	0.01923	0.01744	0.02197	0.15486	0.01341	0.03966	0.44555	0.03128	0.03516	0.03320	0.08301	0.01194	0.00859	0.00274	0.00830	0.00957	0.00769	0.01210
48	0.01189	0.00869	0.01116	0.01055	0.01262	0.00796	0.00791	0.01576	0.02373	0.03327	0.60050	0.06498	0.12368	0.01772	0.01004	0.00269	0.00404	0.01559	0.00926	0.00796
49	0.02580	0.02546	0.02008	0.01747	0.02180	0.26955	0.01351	0.17589	0.07029	0.03369	0.14034	0.02873	0.02742	0.01111	0.00824	0.00241	0.00994	0.00848	0.07906	0.01072
50	0.02587	0.01182	0.01545	0.01276	0.01739	0.01031	0.01020	0.02918	0.02346	0.36778	0.22092	0.04787	0.14162	0.01437	0.00924	0.00269	0.00581	0.01212	0.00976	0.01138
51	0.02107	0.09431	0.16158	0.19392	0.20064	0.13715	0.02375	0.02655	0.01914	0.02410	0.01472	0.01907	0.01168	0.00810	0.00795	0.00251	0.01178	0.00663	0.00395	0.01139
52	0.02335	0.05923	0.10412	0.01788	0.02346	0.25566	0.01556	0.11233	0.05683	0.02769	0.03443	0.03440	0.17564	0.01227	0.00842	0.00251	0.01053	0.00930	0.00598	0.01044
53	0.01516	0.01577	0.01320	0.01374	0.04519	0.14576	0.00961	0.01741	0.02014	0.02267	0.06454	0.11224	0.43638	0.01860	0.00954	0.00276	0.00695	0.01533	0.00699	0.00803
54	0.01732	0.01547	0.02380	0.03290	0.34021	0.01548	0.01800	0.02342	0.07948	0.02847	0.12827	0.10643	0.08005	0.01335	0.00924	0.00278	0.00772	0.04013	0.00631	0.01117
55	0.12537	0.05443	0.11875	0.01614	0.02154	0.06292	0.01463	0.02949	0.18528	0.05878	0.10812	0.07843	0.02849	0.01475	0.04365	0.00330	0.00875	0.00962	0.00673	0.01085
56	0.07867	0.13475	0.12652	0.02186	0.08915	0.18056	0.01804	0.03238	0.06775	0.14395	0.01898	0.01980	0.01412	0.00879	0.00754	0.00242	0.01059	0.00652	0.00567	0.01193
57	0.02280	0.03874	0.31547	0.02314	0.03127	0.28363	0.05935	0.02878	0.02049	0.02410	0.01675	0.06489	0.01419	0.00962	0.00823	0.00255	0.01328	0.00745	0.00426	0.01100

[dist]
# distance from previous block
# <min> <max>
3	12

[block]
# block no. 1 follows, 21 sequences, length 18
# corresponding to MSA columns:
# 76-93
name=unknown_B
#
# <colnr> <probs for GDERKNQSTAVLIFYWHMCP>
#	G	D	E	R	K	N	Q	S	T	A	V	L	I	F	Y	W	H	M	C	P
0	0.02651	0.02639	0.02137	0.05357	0.02495	0.27037	0.01481	0.16695	0.12721	0.03199	0.02062	0.02241	0.01603	0.01269	0.04398	0.00303	0.01150	0.00725	0.08724	0.01116
1	0.02910	0.03516	0.09891	0.02481	0.09180	0.38342	0.01912	0.16167	0.02642	0.02950	0.01530	0.01736	0.01198	0.00889	0.00798	0.00237	0.01316	0.00627	0.00519	0.01157
2	0.02360	0.02045	0.03036	0.14688	0.36465	0.02184	0.02274	0.20230	0.02514	0.03450	0.01718	0.02114	0.01342	0.00852	0.00847	0.00259	0.01009	0.00760	0.00542	0.01311
3	0.01755	0.01516	0.01789	0.01836	0.08725	0.01551	0.01272	0.02990	0.28631	0.02986	0.04034	0.07334	0.14203	0.01354	0.00879	0.00266	0.00655	0.04274	0.00736	0.13215
4	0.01862	0.01862	0.02607	0.02234	0.02234	0.02607	0.01862	0.02048	0.01303	0.02048	0.01117	0.01862	0.01117	0.01489	0.02793	0.00372	0.68535	0.00745	0.00372	0.00931
5	0.02406	0.03041	0.13963	0.03028	0.10131	0.17358	0.23634	0.10644	0.02322	0.02922	0.01623	0.01980	0.01237	0.00814	0.00879	0.00260	0.01318	0.00777	0.00475	0.01189
6	0.01043	0.00847	0.00931	0.00987	0.01219	0.00735	0.00737	0.01260	0.01878	0.02294	0.07473	0.20806	0.47429	0.02276	0.01036	0.00308	0.00474	0.06760	0.00790	0.00718
7	0.01193	0.00822	0.01012	0.01052	0.01087	0.00837	0.00661	0.01273	0.01339	0.01810	0.03025	0.18237	0.03453	0.45976	0.13836	0.00816	0.00995	0.01425	0.00562	0.00591
8	0.02690	0.02999	0.05476	0.01905	0.02373	0.36256	0.01519	0.09583	0.05816	0.06182	0.10644	0.06166	0.02489	0.01133	0.00840	0.00246	0.01147	0.00857	0.00626	0.01055
9	0.01038	0.00851	0.00915	0.00926	0.01176	0.00728	0.00684	0.01274	0.01976	0.02448	0.16348	0.14243	0.50146	0.02147	0.01014	0.00290	0.00433	0.01823	0.00812	0.00728
10	0.01041	0.00815	0.00948	0.01047	0.01223	0.00722	0.00753	0.01237	0.01804	0.02258	0.06637	0.35421	0.34881	0.02393	0.01051	0.00319	0.00480	0.05470	0.00790	0.00710
11	0.02515	0.52940	0.03916	0.01652	0.02303	0.20171	0.01506	0.02774	0.01910	0.02024	0.01218	0.01410	0.01093	0.00768	0.00605	0.00192	0.01076	0.00480	0.00384	0.01064
12	0.01904	0.01767	0.02965	0.15066	0.44724	0.01830	0.02368	0.02401	0.01902	0.02642	0.02059	0.03354	0.01891	0.01033	0.00898	0.00281	0.00994	0.10257	0.00473	0.01189
13	0.01219	0.00899	0.01305	0.01305	0.01435	0.01030	0.00985	0.01479	0.01349	0.01929	0.02337	0.03662	0.02266	0.15519	0.57773	0.01290	0.02071	0.00959	0.00464	0.00725
14	0.02299	0.01985	0.02537	0.02928	0.23045	0.02172	0.01812	0.13429	0.33060	0.03601	0.02610	0.02632	0.01992	0.01001	0.00856	0.00271	0.00829	0.00862	0.00716	0.01364
15	0.01674	0.03107	0.38226	0.02580	0.13227	0.01739	0.02449	0.02489	0.05556	0.02625	0.02184	0.11936	0.01993	0.05201	0.01067	0.00312	0.01045	0.00966	0.00472	0.01152
16	0.08456	0.02172	0.02332	0.08025	0.19055	0.13782	0.01722	0.06132	0.15736	0.02949	0.02710	0.02851	0.08407	0.01045	0.00826	0.00262	0.00945	0.00853	0.00592	0.01149
17	0.14197	0.06932	0.32929	0.02050	0.02898	0.18093	0.02213	0.02768	0.01866	0.02652	0.01443	0.01727	0.01115	0.01121	0.04317	0.00311	0.01267	0.00588	0.00412	0.01100

[dist]
# distance from previous block
# <min> <max>
2	9

[block]
# block no. 2 follows, 21 sequences, length 90
# corresponding to MSA columns:
# 103-192
name=unknown_C
#
# <colnr> <probs for GDERKNQSTAVLIFYWHMCP>
#	G	D	E	R	K	N	Q	S	T	A	V	L	I	F	Y	W	H	M	C	P
0	0.02124	0.02329	0.06174	0.08013	0.40863	0.12633	0.02271	0.02584	0.01970	0.02557	0.02021	0.02447	0.05335	0.01119	0.03698	0.00301	0.01136	0.00789	0.00443	0.01193
1	0.24959	0.02577	0.15106	0.01737	0.02286	0.15101	0.01626	0.02490	0.01693	0.02724	0.01511	0.01946	0.01258	0.02038	0.14771	0.00496	0.05634	0.00627	0.00449	0.00972
2	0.02449	0.06364	0.02138	0.01790	0.02170	0.28771	0.01381	0.09587	0.08435	0.02515	0.01814	0.02221	0.01532	0.02207	0.13577	0.09470	0.01388	0.00702	0.00521	0.00965
3	0.06448	0.02341	0.02079	0.02354	0.15122	0.23897	0.01497	0.02894	0.09399	0.02747	0.02120	0.05704	0.01791	0.00998	0.00760	0.00239	0.00969	0.00787	0.16810	0.01044
4	0.01830	0.05406	0.01641	0.01291	0.01714	0.01359	0.01014	0.14425	0.02304	0.06979	0.04715	0.19170	0.22571	0.01692	0.00909	0.00267	0.00623	0.01424	0.00760	0.09906
5	0.02036	0.02172	0.10204	0.05946	0.27224	0.01967	0.02072	0.06388	0.19701	0.03092	0.02458	0.02633	0.04472	0.00952	0.00842	0.00261	0.00898	0.00834	0.00585	0.05262
6	0.01561	0.00841	0.01191	0.01166	0.01211	0.00854	0.00796	0.04873	0.01318	0.01759	0.01701	0.06469	0.01719	0.02820	0.03042	0.66225	0.00737	0.00839	0.00424	0.00455
7	0.02049	0.01963	0.03350	0.12481	0.57977	0.02007	0.02583	0.02561	0.01910	0.02710	0.01591	0.02125	0.01323	0.00769	0.00843	0.00256	0.01025	0.00758	0.00416	0.01301
8	0.02492	0.03139	0.19893	0.02170	0.02914	0.15845	0.05682	0.20572	0.08410	0.03413	0.02016	0.05937	0.01615	0.01022	0.00846	0.00262	0.01132	0.00812	0.00600	0.01225
9	0.06814	0.05842	0.09807	0.01867	0.02484	0.23134	0.01618	0.03644	0.14717	0.18290	0.02276	0.02225	0.01643	0.00958	0.00792	0.00251	0.01049	0.00710	0.00671	0.01209
10	0.01315	0.00954	0.01142	0.01084	0.01349	0.00881	0.00829	0.01772	0.05845	0.05700	0.37490	0.06753	0.25481	0.01836	0.00997	0.00281	0.00458	0.04115	0.00884	0.00835
11	0.01117	0.00866	0.01016	0.00979	0.01218	0.00766	0.00734	0.01437	0.02203	0.02923	0.39845	0.07163	0.32825	0.01922	0.01005	0.00276	0.00414	0.01652	0.00872	0.00766
12	0.01914	0.03168	0.29530	0.02730	0.03543	0.05639	0.20914	0.02599	0.01786	0.02528	0.01485	0.01952	0.01154	0.00935	0.01306	0.00295	0.16230	0.00766	0.00388	0.01137
13	0.01281	0.00956	0.01392	0.01372	0.01519	0.01129	0.01072	0.01585	0.01396	0.02072	0.02253	0.03247	0.02075	0.05691	0.58014	0.01221	0.05841	0.00893	0.06218	0.00772
14	0.01104	0.00825	0.01025	0.01062	0.01232	0.00746	0.00764	0.01378	0.02042	0.02746	0.31808	0.27978	0.19884	0.02144	0.01032	0.00298	0.00439	0.01892	0.00855	0.00746
15	0.02346	0.02626	0.02494	0.24753	0.10871	0.28582	0.01950	0.02927	0.07841	0.02331	0.01656	0.02075	0.01321	0.01093	0.03361	0.00296	0.01285	0.00696	0.00457	0.01040
16	0.02764	0.10517	0.02709	0.15850	0.03260	0.28681	0.01767	0.18893	0.02617	0.02981	0.01539	0.01807	0.01199	0.00894	0.00783	0.00238	0.01219	0.00640	0.00529	0.01114
17	0.01093	0.00784	0.01038	0.01147	0.01247	0.00729	0.00794	0.01326	0.01890	0.02587	0.24636	0.48409	0.06431	0.02356	0.01059	0.00320	0.00463	0.02125	0.00839	0.00729
18	0.01607	0.01513	0.02552	0.68047	0.05861	0.01891	0.02363	0.02174	0.01702	0.02174	0.01513	0.02269	0.01134	0.00851	0.00851	0.00284	0.01134	0.00756	0.00378	0.00945
19	0.02325	0.02421	0.02362	0.06776	0.16015	0.23522	0.01722	0.09682	0.02211	0.02624	0.02071	0.02503	0.04808	0.02089	0.14636	0.00479	0.01420	0.00776	0.00503	0.01056
20	0.01216	0.00912	0.01368	0.01368	0.01520	0.01064	0.01064	0.01520	0.01368	0.01976	0.02279	0.03343	0.02127	0.06382	0.66720	0.01368	0.02279	0.00912	0.00456	0.00760
21	0.01050	0.00876	0.00924	0.00947	0.01224	0.00750	0.00734	0.01287	0.01942	0.02329	0.08124	0.08360	0.57247	0.02179	0.01026	0.00300	0.00474	0.08712	0.00789	0.00726
22	0.01862	0.01862	0.02607	0.02234	0.02234	0.02607	0.01862	0.02048	0.01303	0.02048	0.01117	0.01862	0.01117	0.01489	0.02793	0.00372	0.68535	0.00745	0.00372	0.00931
23	0.01922	0.01838	0.03177	0.21408	0.41701	0.01929	0.05970	0.02449	0.01881	0.02603	0.01770	0.02638	0.01515	0.00882	0.00876	0.00272	0.01054	0.04489	0.00434	0.01194
24	0.02106	0.02022	0.03454	0.05223	0.64784	0.02022	0.02612	0.02612	0.01938	0.02780	0.01601	0.02106	0.01348	0.00758	0.00842	0.00253	0.01011	0.00758	0.00421	0.01348
25	0.01216	0.00912	0.01368	0.01368	0.01520	0.01064	0.01064	0.01520	0.01368	0.01976	0.02279	0.03343	0.02127	0.06382	0.66720	0.01368	0.02279	0.00912	0.00456	0.00760
26	0.03179	0.04056	0.02412	0.02192	0.02631	0.66676	0.01644	0.03398	0.02412	0.02083	0.01315	0.01535	0.01096	0.00877	0.00767	0.00219	0.01535	0.00548	0.00438	0.00987
27	0.01662	0.01569	0.02652	0.61095	0.12381	0.01905	0.02391	0.02223	0.01728	0.02241	0.01522	0.02251	0.01158	0.00841	0.00850	0.00280	0.01121	0.00757	0.00383	0.00990
28	0.02255	0.02411	0.02969	0.19875	0.34612	0.18333	0.02306	0.02703	0.02000	0.02455	0.01507	0.02002	0.01232	0.00811	0.00826	0.00252	0.01174	0.00705	0.00415	0.01158
29	0.01047	0.00870	0.00920	0.00924	0.01197	0.00742	0.00704	0.01292	0.01989	0.02428	0.14152	0.08081	0.55205	0.02123	0.01015	0.00291	0.00448	0.05035	0.00805	0.00731
30	0.01006	0.00862	0.00862	0.00862	0.01149	0.00718	0.00647	0.01221	0.01940	0.02299	0.08621	0.08190	0.64438	0.02155	0.01006	0.00287	0.00431	0.01796	0.00790	0.00718
31	0.02446	0.57997	0.04071	0.01596	0.02269	0.15361	0.01492	0.02709	0.01858	0.02017	0.01208	0.01397	0.01093	0.00756	0.00588	0.00189	0.01028	0.00473	0.00378	0.01072
32	0.22838	0.01897	0.01898	0.01608	0.02161	0.02145	0.01292	0.18230	0.28372	0.07268	0.02478	0.02386	0.01825	0.01016	0.00768	0.00272	0.00737	0.00770	0.00779	0.01260
33	0.02252	0.01635	0.01817	0.01524	0.01905	0.01766	0.01166	0.32882	0.02801	0.03770	0.06479	0.10678	0.02779	0.19093	0.05170	0.00468	0.00895	0.01124	0.00744	0.01051
34	0.02169	0.02141	0.03393	0.05046	0.61149	0.05803	0.02555	0.02658	0.01965	0.02739	0.01584	0.02073	0.01333	0.00765	0.00838	0.00251	0.01042	0.00746	0.00422	0.01327
35	0.01239	0.00904	0.01332	0.01332	0.01487	0.01047	0.01035	0.01548	0.01393	0.02050	0.02310	0.03333	0.02131	0.06049	0.62633	0.01295	0.02163	0.00904	0.05052	0.00762
36	0.01969	0.02115	0.02055	0.01856	0.02070	0.21330	0.05157	0.02183	0.01747	0.02069	0.02210	0.15221	0.02326	0.10271	0.09006	0.00480	0.15490	0.01096	0.00502	0.00847
37	0.02889	0.02212	0.02359	0.01888	0.02507	0.02477	0.01534	0.44160	0.22352	0.04805	0.02483	0.02394	0.01804	0.01063	0.00856	0.00266	0.00855	0.00827	0.00856	0.01416
38	0.02963	0.01750	0.01977	0.01574	0.02132	0.01830	0.01281	0.29023	0.07700	0.21274	0.02669	0.02602	0.01872	0.01034	0.00800	0.00248	0.00744	0.00812	0.16411	0.01303
39	0.02876	0.09951	0.02816	0.02735	0.15156	0.47604	0.01822	0.03159	0.02251	0.02216	0.01361	0.01634	0.01147	0.00839	0.00762	0.00222	0.01370	0.00582	0.00428	0.01070
40	0.01586	0.00793	0.00793	0.00793	0.00991	0.00793	0.00595	0.01983	0.01785	0.03173	0.02776	0.03173	0.02181	0.00991	0.00595	0.00198	0.00397	0.00793	0.74817	0.00793
41	0.02940	0.09435	0.02375	0.01594	0.02267	0.01963	0.01336	0.25179	0.02789	0.21223	0.02248	0.02205	0.01590	0.00923	0.00766	0.00222	0.00792	0.00708	0.04076	0.15369
42	0.01137	0.00922	0.01015	0.00982	0.01252	0.00829	0.00739	0.01543	0.05727	0.02737	0.26513	0.07294	0.42348	0.01960	0.00997	0.00281	0.00436	0.01663	0.00843	0.00783
43	0.01037	0.00741	0.00987	0.01185	0.01234	0.00691	0.00790	0.01185	0.01629	0.02172	0.04690	0.69537	0.05629	0.02666	0.01086	0.00346	0.00494	0.02419	0.00790	0.00691
44	0.02666	0.02575	0.14325	0.01959	0.02677	0.02296	0.01811	0.41303	0.07136	0.04440	0.02287	0.08464	0.01847	0.01146	0.00866	0.00269	0.00939	0.00909	0.00753	0.01333
45	0.02319	0.02055	0.06069	0.03049	0.23380	0.01990	0.09061	0.20570	0.02538	0.03630	0.01969	0.02296	0.01515	0.00880	0.00816	0.00248	0.00936	0.00790	0.14644	0.01244
46	0.01037	0.00741	0.00987	0.01185	0.01234	0.00691	0.00790	0.01185	0.01629	0.02172	0.04690	0.69537	0.05629	0.02666	0.01086	0.00346	0.00494	0.02419	0.00790	0.00691
47	0.02041	0.02204	0.04497	0.04134	0.24624	0.02109	0.41936	0.02688	0.01985	0.02744	0.01681	0.02232	0.01310	0.00731	0.00950	0.00276	0.01293	0.00922	0.00427	0.01215
48	0.02020	0.01934	0.03298	0.16113	0.54570	0.01999	0.02569	0.02536	0.01897	0.02675	0.01585	0.02134	0.01311	0.00774	0.00844	0.00258	0.01032	0.00758	0.00414	0.01278
49	0.02553	0.17252	0.03025	0.13917	0.12624	0.32266	0.01878	0.02887	0.02073	0.02189	0.01366	0.01714	0.01141	0.00823	0.00747	0.00228	0.01254	0.00597	0.00410	0.01057
50	0.02004	0.08168	0.48836	0.02447	0.06000	0.12888	0.02771	0.02800	0.01902	0.02555	0.01474	0.01740	0.01093	0.00813	0.00788	0.00255	0.01273	0.00610	0.00375	0.01206
51	0.02875	0.21447	0.03015	0.02186	0.06355	0.46015	0.01655	0.03126	0.02203	0.02105	0.01298	0.01525	0.01111	0.00830	0.00714	0.00212	0.01338	0.00537	0.00418	0.01037
52	0.01037	0.00741	0.00987	0.01185	0.01234	0.00691	0.00790	0.01185	0.01629	0.02172	0.04690	0.69537	0.05629	0.02666	0.01086	0.00346	0.00494	0.02419	0.00790	0.00691
53	0.01010	0.00847	0.00877	0.00901	0.01160	0.00715	0.00664	0.01217	0.01902	0.02284	0.08148	0.15569	0.57364	0.02217	0.01015	0.00294	0.00439	0.01871	0.00790	0.00715
54	0.02965	0.02328	0.02864	0.02184	0.02829	0.02576	0.09085	0.49475	0.03523	0.04752	0.01924	0.02059	0.01400	0.01024	0.01037	0.00269	0.06788	0.00794	0.00758	0.01366
55	0.01183	0.00980	0.01050	0.01012	0.01304	0.00905	0.00765	0.01703	0.09417	0.02695	0.20211	0.07185	0.44637	0.01944	0.00989	0.00283	0.00454	0.01639	0.00831	0.00813
56	0.01238	0.00825	0.00928	0.00928	0.00928	0.00825	0.00516	0.01238	0.01238	0.01650	0.02681	0.05569	0.03094	0.70092	0.04331	0.00825	0.00825	0.01238	0.00516	0.00516
57	0.02558	0.01857	0.02069	0.05096	0.02363	0.02034	0.01390	0.40940	0.03196	0.04360	0.02596	0.14962	0.02302	0.01321	0.00868	0.00268	0.00805	0.01082	0.08725	0.01208
58	0.02930	0.02208	0.02380	0.01887	0.02505	0.02464	0.01540	0.48523	0.14504	0.04865	0.02310	0.02313	0.01689	0.01322	0.04246	0.00319	0.00958	0.00809	0.00834	0.01394
59	0.02391	0.02150	0.03348	0.03721	0.31243	0.02243	0.12268	0.19046	0.06127	0.03499	0.01834	0.02175	0.01431	0.00876	0.00951	0.00266	0.03727	0.00814	0.00566	0.01325
60	0.01761	0.01403	0.01670	0.01240	0.01900	0.01084	0.00985	0.02141	0.01901	0.05596	0.12034	0.02577	0.02422	0.00833	0.00702	0.00156	0.00596	0.00691	0.00600	0.59709
61	0.01079	0.00758	0.00975	0.01131	0.01170	0.00719	0.00732	0.01196	0.01547	0.02063	0.04269	0.56129	0.05097	0.16799	0.01766	0.00446	0.00563	0.02172	0.00732	0.00654
62	0.01586	0.00793	0.00793	0.00793	0.00991	0.00793	0.00595	0.01983	0.01785	0.03173	0.02776	0.03173	0.02181	0.00991	0.00595	0.00198	0.00397	0.00793	0.74817	0.00793
63	0.01100	0.00866	0.00993	0.00961	0.01208	0.00759	0.00721	0.01404	0.02163	0.02829	0.35149	0.07317	0.37579	0.01957	0.01005	0.00278	0.00417	0.01674	0.00860	0.00759
64	0.01862	0.01862	0.02607	0.02234	0.02234	0.02607	0.01862	0.02048	0.01303	0.02048	0.01117	0.01862	0.01117	0.01489	0.02793	0.00372	0.68535	0.00745	0.00372	0.00931
65	0.01037	0.00741	0.00987	0.01185	0.01234	0.00691	0.00790	0.01185	0.01629	0.02172	0.04690	0.69537	0.05629	0.02666	0.01086	0.00346	0.00494	0.02419	0.00790	0.00691
66	0.01216	0.00912	0.01368	0.01368	0.01520	0.01064	0.01064	0.01520	0.01368	0.01976	0.02279	0.03343	0.02127	0.06382	0.66720	0.01368	0.02279	0.00912	0.00456	0.00760
67	0.01028	0.00862	0.00898	0.00920	0.01189	0.00732	0.00696	0.01250	0.01923	0.02306	0.08166	0.11704	0.57751	0.02195	0.01020	0.00297	0.00455	0.05097	0.00790	0.00721
68	0.01216	0.00912	0.01368	0.01368	0.01520	0.01064	0.01064	0.01520	0.01368	0.01976	0.02279	0.03343	0.02127	0.06382	0.66720	0.01368	0.02279	0.00912	0.00456	0.00760
69	0.76103	0.01646	0.01251	0.01119	0.01646	0.01909	0.00922	0.02502	0.01448	0.03818	0.01185	0.01382	0.00922	0.00790	0.00527	0.00263	0.00658	0.00461	0.00527	0.00922
70	0.01006	0.00862	0.00862	0.00862	0.01149	0.00718	0.00647	0.01221	0.01940	0.02299	0.08621	0.08190	0.64438	0.02155	0.01006	0.00287	0.00431	0.01796	0.00790	0.00718
71	0.03179	0.04056	0.02412	0.02192	0.02631	0.66676	0.01644	0.03398	0.02412	0.02083	0.01315	0.01535	0.01096	0.00877	0.00767	0.00219	0.01535	0.00548	0.00438	0.00987
72	0.01216	0.00912	0.01368	0.01368	0.01520	0.01064	0.01064	0.01520	0.01368	0.01976	0.02279	0.03343	0.02127	0.06382	0.66720	0.01368	0.02279	0.00912	0.00456	0.00760
73	0.01904	0.01779	0.02987	0.04458	0.52745	0.01770	0.02267	0.02341	0.01879	0.02665	0.02186	0.14881	0.02159	0.01120	0.00889	0.00270	0.00913	0.01073	0.00491	0.01224
74	0.02009	0.02296	0.05022	0.03587	0.04448	0.02152	0.61693	0.02726	0.02009	0.02726	0.01722	0.02296	0.01291	0.00717	0.01004	0.00287	0.01435	0.01004	0.00430	0.01148
75	0.01082	0.00865	0.00968	0.00943	0.01197	0.00751	0.00707	0.01370	0.02121	0.02729	0.30121	0.07483	0.42670	0.01995	0.01005	0.00280	0.00420	0.01697	0.00847	0.00751
76	0.01072	0.00865	0.00954	0.00932	0.01190	0.00747	0.00699	0.01350	0.02097	0.02671	0.27252	0.07577	0.45575	0.02016	0.01005	0.00281	0.00421	0.01710	0.00839	0.00747
77	0.01357	0.01119	0.01638	0.01557	0.01675	0.01400	0.01238	0.01635	0.01354	0.01991	0.02026	0.03020	0.01907	0.05315	0.52778	0.01151	0.16729	0.00875	0.00438	0.00797
78	0.01216	0.00912	0.01368	0.01368	0.01520	0.01064	0.01064	0.01520	0.01368	0.01976	0.02279	0.03343	0.02127	0.06382	0.66720	0.01368	0.02279	0.00912	0.00456	0.00760
79	0.01014	0.00829	0.00897	0.00951	0.01173	0.00711	0.00686	0.01211	0.01854	0.02264	0.07540	0.25068	0.48258	0.02296	0.01028	0.00303	0.00448	0.01968	0.00790	0.00711
80	0.02082	0.44028	0.03681	0.01712	0.02167	0.02994	0.01572	0.02328	0.01568	0.02016	0.01217	0.01633	0.01154	0.01274	0.04705	0.00307	0.23594	0.00575	0.00372	0.01021
81	0.01102	0.00843	0.01011	0.01018	0.01221	0.00752	0.00745	0.01389	0.02094	0.02781	0.33209	0.18978	0.27649	0.02063	0.01020	0.00289	0.00429	0.01797	0.00857	0.00752
82	0.01016	0.00863	0.00876	0.00873	0.01156	0.00723	0.00655	0.01241	0.01964	0.02356	0.11495	0.08095	0.61529	0.02134	0.01006	0.00286	0.00430	0.01783	0.00798	0.00723
83	0.03042	0.01621	0.01952	0.01613	0.02191	0.01646	0.01295	0.04318	0.30165	0.37187	0.03406	0.03024	0.02331	0.01099	0.00860	0.00275	0.00701	0.00904	0.00968	0.01402
84	0.02552	0.06719	0.07179	0.09339	0.06642	0.15837	0.16315	0.19085	0.02577	0.03219	0.01654	0.01969	0.01255	0.00857	0.00850	0.00255	0.01224	0.00750	0.00534	0.01189
85	0.01645	0.01543	0.02191	0.01943	0.01994	0.02089	0.01594	0.01871	0.01325	0.02024	0.01507	0.02359	0.01456	0.03132	0.24253	0.00706	0.46293	0.00801	0.00400	0.00873
86	0.01038	0.00786	0.00942	0.01061	0.01188	0.00708	0.00726	0.01200	0.01710	0.02184	0.05891	0.45151	0.25221	0.06492	0.01252	0.00354	0.00492	0.02140	0.00774	0.00690
87	0.02190	0.02688	0.08241	0.02276	0.09846	0.27417	0.04714	0.02603	0.02275	0.02703	0.22464	0.03280	0.03453	0.01136	0.00872	0.00248	0.01061	0.00936	0.00595	0.01003
88	0.02173	0.18256	0.10178	0.01780	0.02296	0.15681	0.01589	0.08140	0.05203	0.02535	0.02161	0.14643	0.02110	0.01484	0.03867	0.00308	0.05064	0.00961	0.00536	0.01036
89	0.01945	0.09125	0.27887	0.20507	0.04115	0.09974	0.09688	0.02628	0.01865	0.02420	0.01491	0.01917	0.01123	0.00810	0.00816	0.00262	0.01248	0.00684	0.00383	0.01111

[dist]
# distance from previous block
# <min> <max>
0	1

[block]
# block no. 3 follows, 21 sequences, length 47
# corresponding to MSA columns:
# 194-240
name=unknown_D
#
# <colnr> <probs for GDERKNQSTAVLIFYWHMCP>
#	G	D	E	R	K	N	Q	S	T	A	V	L	I	F	Y	W	H	M	C	P
0	0.02369	0.03316	0.17541	0.02914	0.16157	0.27898	0.05574	0.02874	0.02101	0.02455	0.01747	0.02516	0.01512	0.00964	0.00845	0.00258	0.01282	0.06111	0.00448	0.01117
1	0.19707	0.03502	0.44150	0.02239	0.06138	0.01991	0.02522	0.02614	0.01697	0.02941	0.01429	0.01715	0.01055	0.00833	0.00833	0.00272	0.04192	0.00600	0.00403	0.01166
2	0.14725	0.02274	0.08350	0.02299	0.08420	0.08668	0.05123	0.02851	0.06290	0.10293	0.01711	0.02012	0.01339	0.01055	0.01357	0.00293	0.20586	0.00712	0.00531	0.01111
3	0.03136	0.03446	0.02426	0.02099	0.02610	0.44467	0.01620	0.20464	0.06277	0.03118	0.01647	0.01774	0.01282	0.00934	0.00797	0.00234	0.01313	0.00635	0.00582	0.01141
4	0.01270	0.00800	0.01062	0.01113	0.01175	0.00759	0.00731	0.01223	0.01380	0.01864	0.03008	0.30072	0.03451	0.15783	0.02468	0.26367	0.00651	0.01499	0.00575	0.04749
5	0.05741	0.01032	0.01136	0.01095	0.01370	0.01004	0.00850	0.05167	0.01936	0.07066	0.04753	0.05926	0.21748	0.11170	0.01365	0.00356	0.00599	0.10784	0.16084	0.00820
6	0.01094	0.00778	0.00992	0.01140	0.01202	0.00736	0.00764	0.01232	0.01590	0.02100	0.04510	0.50002	0.08405	0.15750	0.01719	0.00438	0.00572	0.05575	0.00736	0.00664
7	0.01228	0.00863	0.01122	0.01122	0.01188	0.00930	0.00757	0.01362	0.01295	0.01793	0.02505	0.04590	0.02669	0.42062	0.31780	0.01064	0.01465	0.01094	0.00489	0.00623
8	0.01077	0.00811	0.00997	0.01064	0.01222	0.00731	0.00755	0.01317	0.01940	0.02567	0.23083	0.34469	0.22354	0.02258	0.01040	0.00307	0.00450	0.01994	0.00833	0.00731
9	0.01478	0.00739	0.01109	0.01109	0.01109	0.00739	0.00739	0.01109	0.01109	0.01478	0.01478	0.02587	0.01478	0.02956	0.03326	0.75240	0.00739	0.00739	0.00370	0.00370
10	0.01026	0.00783	0.00944	0.01073	0.01205	0.00701	0.00740	0.01198	0.01737	0.02216	0.06052	0.48289	0.25998	0.02489	0.01058	0.00325	0.00472	0.02203	0.00790	0.00701
11	0.01462	0.01017	0.01114	0.01035	0.01376	0.00910	0.00794	0.01895	0.07267	0.10195	0.12752	0.06946	0.46299	0.01897	0.00975	0.00283	0.00485	0.01586	0.00842	0.00869
12	0.01216	0.00912	0.01368	0.01368	0.01520	0.01064	0.01064	0.01520	0.01368	0.01976	0.02279	0.03343	0.02127	0.06382	0.66720	0.01368	0.02279	0.00912	0.00456	0.00760
13	0.01057	0.00749	0.00981	0.01159	0.01203	0.00705	0.00762	0.01190	0.01589	0.02119	0.04486	0.63028	0.05371	0.09527	0.01416	0.00394	0.00527	0.02299	0.00762	0.00673
14	0.01037	0.00741	0.00987	0.01185	0.01234	0.00691	0.00790	0.01185	0.01629	0.02172	0.04690	0.69537	0.05629	0.02666	0.01086	0.00346	0.00494	0.02419	0.00790	0.00691
15	0.01008	0.00855	0.00869	0.00880	0.01154	0.00717	0.00655	0.01219	0.01922	0.02292	0.08399	0.11660	0.61112	0.02184	0.01010	0.00291	0.00435	0.01831	0.00790	0.00717
16	0.01037	0.00741	0.00987	0.01185	0.01234	0.00691	0.00790	0.01185	0.01629	0.02172	0.04690	0.69537	0.05629	0.02666	0.01086	0.00346	0.00494	0.02419	0.00790	0.00691
17	0.01037	0.00741	0.00987	0.01185	0.01234	0.00691	0.00790	0.01185	0.01629	0.02172	0.04690	0.69537	0.05629	0.02666	0.01086	0.00346	0.00494	0.02419	0.00790	0.00691
18	0.02275	0.70604	0.04459	0.01456	0.02184	0.03367	0.01456	0.02548	0.01729	0.02002	0.01183	0.01365	0.01092	0.00728	0.00546	0.00182	0.00910	0.00455	0.00364	0.01092
19	0.03235	0.02384	0.02554	0.01958	0.02639	0.02639	0.01618	0.61946	0.04001	0.05363	0.02043	0.02043	0.01447	0.01022	0.00851	0.00255	0.00936	0.00766	0.00851	0.01447
20	0.01037	0.00741	0.00987	0.01185	0.01234	0.00691	0.00790	0.01185	0.01629	0.02172	0.04690	0.69537	0.05629	0.02666	0.01086	0.00346	0.00494	0.02419	0.00790	0.00691
21	0.02009	0.02296	0.05022	0.03587	0.04448	0.02152	0.61693	0.02726	0.02009	0.02726	0.01722	0.02296	0.01291	0.00717	0.01004	0.00287	0.01435	0.01004	0.00430	0.01148
22	0.03818	0.01448	0.01975	0.01514	0.02172	0.01251	0.01251	0.04147	0.02436	0.65373	0.03357	0.02897	0.02107	0.01053	0.00856	0.00263	0.00724	0.00856	0.01053	0.01448
23	0.01062	0.00757	0.00999	0.01162	0.01223	0.00708	0.00778	0.01227	0.01683	0.02263	0.10171	0.60471	0.05728	0.05905	0.01239	0.00362	0.00501	0.02279	0.00790	0.00693
24	0.02275	0.70604	0.04459	0.01456	0.02184	0.03367	0.01456	0.02548	0.01729	0.02002	0.01183	0.01365	0.01092	0.00728	0.00546	0.00182	0.00910	0.00455	0.00364	0.01092
25	0.02715	0.01897	0.02158	0.01810	0.02343	0.02044	0.01518	0.39845	0.03279	0.08682	0.02875	0.04374	0.02530	0.01423	0.00949	0.00297	0.00876	0.18293	0.00845	0.01248
26	0.02799	0.27201	0.03195	0.01864	0.02452	0.21898	0.01582	0.20022	0.02568	0.03005	0.01468	0.01640	0.01198	0.00900	0.00826	0.00225	0.04886	0.00589	0.00528	0.01155
27	0.01204	0.00870	0.01138	0.01071	0.01271	0.00803	0.00803	0.01606	0.02409	0.03413	0.64335	0.06357	0.08030	0.01740	0.01004	0.00268	0.00401	0.01539	0.00937	0.00803
28	0.03356	0.02190	0.02434	0.01866	0.02542	0.02352	0.01542	0.49980	0.03677	0.17787	0.02315	0.02220	0.01584	0.01028	0.00852	0.00257	0.00892	0.00785	0.00893	0.01447
29	0.03235	0.02384	0.02554	0.01958	0.02639	0.02639	0.01618	0.61946	0.04001	0.05363	0.02043	0.02043	0.01447	0.01022	0.00851	0.00255	0.00936	0.00766	0.00851	0.01447
30	0.02916	0.23382	0.03006	0.01979	0.02501	0.48290	0.01590	0.03151	0.02213	0.02059	0.01277	0.01485	0.01095	0.00834	0.00703	0.00208	0.01353	0.00521	0.00417	0.01017
31	0.01037	0.00741	0.00987	0.01185	0.01234	0.00691	0.00790	0.01185	0.01629	0.02172	0.04690	0.69537	0.05629	0.02666	0.01086	0.00346	0.00494	0.02419	0.00790	0.00691
32	0.02009	0.02296	0.05022	0.03587	0.04448	0.02152	0.61693	0.02726	0.02009	0.02726	0.01722	0.02296	0.01291	0.00717	0.01004	0.00287	0.01435	0.01004	0.00430	0.01148
33	0.02024	0.01458	0.01492	0.01315	0.01705	0.07264	0.01021	0.05813	0.08752	0.14571	0.20726	0.05233	0.22081	0.01553	0.00932	0.00270	0.00635	0.01292	0.00856	0.01008
34	0.01006	0.00862	0.00862	0.00862	0.01149	0.00718	0.00647	0.01221	0.01940	0.02299	0.08621	0.08190	0.64438	0.02155	0.01006	0.00287	0.00431	0.01796	0.00790	0.00718
35	0.02106	0.02022	0.03454	0.05223	0.64784	0.02022	0.02612	0.02612	0.01938	0.02780	0.01601	0.02106	0.01348	0.00758	0.00842	0.00253	0.01011	0.00758	0.00421	0.01348
36	0.01607	0.01513	0.02552	0.68047	0.05861	0.01891	0.02363	0.02174	0.01702	0.02174	0.01513	0.02269	0.01134	0.00851	0.00851	0.00284	0.01134	0.00756	0.00378	0.00945
37	0.01805	0.00970	0.01194	0.01088	0.01254	0.00929	0.00724	0.01919	0.01590	0.15871	0.07091	0.04930	0.03173	0.47131	0.06230	0.00687	0.00841	0.01159	0.00661	0.00753
38	0.01586	0.00793	0.00793	0.00793	0.00991	0.00793	0.00595	0.01983	0.01785	0.03173	0.02776	0.03173	0.02181	0.00991	0.00595	0.00198	0.00397	0.00793	0.74817	0.00793
39	0.01839	0.01007	0.01226	0.01130	0.01471	0.00872	0.00860	0.02084	0.02046	0.20638	0.09410	0.19252	0.31007	0.01918	0.00979	0.00291	0.00527	0.01638	0.00875	0.00929
40	0.02548	0.03382	0.20212	0.02961	0.18507	0.24958	0.02275	0.05777	0.02197	0.06973	0.01621	0.01869	0.01241	0.00847	0.00808	0.00246	0.01242	0.00655	0.00474	0.01206
41	0.01956	0.01890	0.03281	0.23376	0.44259	0.01991	0.05881	0.02491	0.01873	0.02601	0.01582	0.02164	0.01283	0.00783	0.00854	0.00264	0.01071	0.00772	0.00409	0.01220
42	0.22815	0.01090	0.00975	0.00937	0.01294	0.01064	0.00726	0.01593	0.01797	0.02740	0.06461	0.06213	0.45992	0.01759	0.00867	0.00280	0.00497	0.01408	0.00714	0.00777
43	0.14467	0.03662	0.47484	0.02261	0.03300	0.02011	0.06229	0.02628	0.01722	0.02853	0.01458	0.01760	0.01066	0.00838	0.00882	0.00275	0.04907	0.00629	0.00393	0.01175
44	0.02808	0.02998	0.02357	0.02356	0.09720	0.37394	0.01652	0.09288	0.05462	0.06240	0.05370	0.02639	0.01942	0.01052	0.00836	0.00247	0.01208	0.04749	0.00587	0.01096
45	0.01763	0.01416	0.01650	0.01437	0.01763	0.01544	0.01124	0.09455	0.14863	0.03237	0.19879	0.04242	0.09449	0.05275	0.01330	0.00304	0.09409	0.01120	0.04414	0.06326
46	0.05699	0.31427	0.17108	0.01904	0.02662	0.05549	0.05187	0.06282	0.01927	0.06885	0.01491	0.01709	0.01186	0.00860	0.00870	0.00239	0.06809	0.00599	0.00456	0.01151

[dist]
# distance from previous block
# <min> <max>
2	85

[block]
# block no. 4 follows, 21 sequences, length 20
# corresponding to MSA columns:
# 326-345
name=unknown_E
#
# <colnr> <probs for GDERKNQSTAVLIFYWHMCP>
#	G	D	E	R	K	N	Q	S	T	A	V	L	I	F	Y	W	H	M	C	P
0	0.06512	0.02835	0.24940	0.10095	0.03025	0.10437	0.01989	0.02574	0.06075	0.02565	0.02025	0.02537	0.04087	0.07855	0.01139	0.00307	0.01058	0.00744	0.00467	0.08734
1	0.02561	0.09937	0.18877	0.02018	0.02788	0.10372	0.04861	0.15763	0.06804	0.10987	0.05290	0.02273	0.01776	0.00955	0.00815	0.00252	0.01044	0.00749	0.00632	0.01247
2	0.02161	0.09249	0.07297	0.11068	0.20505	0.06908	0.05711	0.02837	0.08318	0.07855	0.05330	0.05149	0.01976	0.00972	0.00837	0.00259	0.00987	0.00855	0.00549	0.01177
3	0.01883	0.07608	0.07236	0.02802	0.19890	0.01929	0.08441	0.02615	0.09991	0.02799	0.06800	0.02898	0.05306	0.01044	0.01014	0.00265	0.07233	0.00891	0.08225	0.01129
4	0.02206	0.19164	0.15123	0.02088	0.08786	0.02291	0.01822	0.13406	0.08547	0.03135	0.01793	0.01962	0.01403	0.00841	0.00728	0.00223	0.00909	0.00648	0.03580	0.11345
5	0.07515	0.03298	0.02303	0.02034	0.02458	0.44168	0.01570	0.10990	0.02428	0.02641	0.01738	0.01949	0.04193	0.01016	0.00985	0.00246	0.08281	0.00653	0.00510	0.01026
6	0.01485	0.05751	0.20091	0.01597	0.02078	0.04696	0.01564	0.01901	0.01601	0.02174	0.02617	0.12888	0.04769	0.14866	0.17528	0.00641	0.01283	0.01098	0.00494	0.00878
7	0.01046	0.00762	0.00985	0.01143	0.01228	0.00702	0.00776	0.01219	0.01718	0.02275	0.09409	0.58631	0.11877	0.02546	0.01072	0.00334	0.00481	0.02291	0.00801	0.00702
8	0.02781	0.14551	0.02669	0.01914	0.02456	0.28783	0.01536	0.14157	0.17172	0.03019	0.01940	0.01992	0.01519	0.00944	0.00769	0.00236	0.01113	0.00671	0.00603	0.01175
9	0.01238	0.00825	0.00928	0.00928	0.00928	0.00825	0.00516	0.01238	0.01238	0.01650	0.02681	0.05569	0.03094	0.70092	0.04331	0.00825	0.00825	0.01238	0.00516	0.00516
10	0.01073	0.00756	0.00977	0.01139	0.01179	0.00715	0.00741	0.01194	0.01559	0.02078	0.04328	0.58004	0.05172	0.14823	0.01671	0.00432	0.00553	0.02206	0.00741	0.00660
11	0.02285	0.02191	0.05306	0.02286	0.10701	0.06650	0.01651	0.10045	0.41732	0.03498	0.02825	0.02734	0.02134	0.01052	0.00852	0.00275	0.00834	0.00870	0.00751	0.01328
12	0.02430	0.02809	0.02522	0.02216	0.02405	0.30260	0.01768	0.02631	0.01782	0.02063	0.01203	0.01721	0.01108	0.01225	0.01919	0.00306	0.39617	0.00660	0.00401	0.00955
13	0.01238	0.00825	0.00928	0.00928	0.00928	0.00825	0.00516	0.01238	0.01238	0.01650	0.02681	0.05569	0.03094	0.70092	0.04331	0.00825	0.00825	0.01238	0.00516	0.00516
14	0.02024	0.02102	0.01904	0.01766	0.02046	0.20754	0.01369	0.02669	0.12825	0.02300	0.02088	0.02626	0.01804	0.03311	0.28789	0.00732	0.08629	0.00796	0.00516	0.00950
15	0.01586	0.00793	0.00793	0.00793	0.00991	0.00793	0.00595	0.01983	0.01785	0.03173	0.02776	0.03173	0.02181	0.00991	0.00595	0.00198	0.00397	0.00793	0.74817	0.00793
16	0.02355	0.02503	0.03089	0.03693	0.32270	0.17556	0.08266	0.03159	0.13194	0.02749	0.01883	0.02183	0.01509	0.00854	0.00845	0.00255	0.01119	0.00770	0.00507	0.01240
17	0.02991	0.02092	0.02304	0.01815	0.02401	0.02279	0.01473	0.49691	0.03529	0.08620	0.02269	0.06840	0.01782	0.01278	0.01047	0.05684	0.00878	0.00885	0.00825	0.01317
18	0.11605	0.02400	0.05510	0.02512	0.16881	0.13556	0.01697	0.12908	0.02271	0.03225	0.01549	0.01805	0.01232	0.00801	0.00739	0.00219	0.00969	0.00617	0.00529	0.18974
19	0.02228	0.02740	0.13400	0.01816	0.02385	0.20198	0.01628	0.10864	0.10041	0.03073	0.13208	0.03366	0.09065	0.01198	0.00863	0.00257	0.00989	0.00942	0.00655	0.01084

[dist]
# distance from previous block
# <min> <max>
1	3

[block]
# block no. 5 follows, 21 sequences, length 27
# corresponding to MSA columns:
# 349-375
name=unknown_F
#
# <colnr> <probs for GDERKNQSTAVLIFYWHMCP>
#	G	D	E	R	K	N	Q	S	T	A	V	L	I	F	Y	W	H	M	C	P
0	0.03036	0.10487	0.02701	0.02249	0.06046	0.46593	0.01675	0.12419	0.02564	0.02626	0.01432	0.01629	0.01165	0.00878	0.00762	0.00223	0.01348	0.00584	0.00494	0.01089
1	0.01958	0.01880	0.01723	0.01608	0.01846	0.16263	0.01230	0.02551	0.11879	0.02467	0.02455	0.07863	0.02272	0.07802	0.08544	0.00442	0.10977	0.03127	0.12200	0.00913
2	0.02354	0.05882	0.04442	0.07560	0.06411	0.15636	0.01587	0.08796	0.05505	0.09712	0.04918	0.02907	0.02047	0.02030	0.12864	0.00460	0.01271	0.03937	0.00604	0.01079
