[name]
unknown

[dist]
# distance from previous block
# <min> <max>
0	0

[block]
# block no. 0 follows, 22 sequences, length 53
# corresponding to MSA columns:
# 0-52
name=unknown_A
#
# <colnr> <probs for GDERKNQSTAVLIFYWHMCP>
#	G	D	E	R	K	N	Q	S	T	A	V	L	I	F	Y	W	H	M	C	P
0	0.01339	0.00956	0.01339	0.01530	0.01721	0.00956	0.01339	0.01721	0.01912	0.02486	0.04399	0.09371	0.04781	0.02295	0.01147	0.00382	0.00765	0.60031	0.00765	0.00765
1	0.02344	0.02066	0.03142	0.04266	0.49153	0.02131	0.02296	0.18302	0.02418	0.03373	0.01675	0.02040	0.01341	0.00807	0.00825	0.00247	0.00968	0.00742	0.00521	0.01341
2	0.03130	0.03151	0.02423	0.02027	0.02572	0.35347	0.01592	0.32787	0.03122	0.03618	0.01636	0.01744	0.01240	0.00926	0.00790	0.00231	0.01209	0.00640	0.00628	0.01186
3	0.02180	0.49374	0.03783	0.02074	0.14010	0.02741	0.01565	0.02488	0.01778	0.05553	0.01875	0.02035	0.05853	0.00835	0.00636	0.00202	0.00863	0.00616	0.00432	0.01105
4	0.02104	0.02007	0.03555	0.03533	0.24467	0.02006	0.25418	0.03088	0.15982	0.06015	0.02104	0.02401	0.01606	0.00826	0.00889	0.00268	0.01059	0.00883	0.00543	0.01245
5	0.02219	0.15276	0.03428	0.04034	0.45725	0.10474	0.02218	0.02635	0.01912	0.02485	0.01451	0.01850	0.01238	0.00749	0.00759	0.00230	0.01033	0.00659	0.00403	0.01224
6	0.01055	0.00756	0.01002	0.01128	0.01214	0.00703	0.00774	0.01264	0.01789	0.02437	0.20411	0.53529	0.06107	0.02366	0.01039	0.00318	0.00458	0.02137	0.00809	0.00703
7	0.02502	0.50231	0.03755	0.01611	0.02268	0.13774	0.01475	0.11343	0.02118	0.02441	0.01298	0.01456	0.01117	0.00776	0.00612	0.00194	0.00993	0.00503	0.00436	0.01099
8	0.01012	0.00723	0.00964	0.01157	0.01205	0.00675	0.00771	0.01157	0.01591	0.02121	0.04579	0.70262	0.05495	0.02603	0.01060	0.00337	0.00482	0.02362	0.00771	0.00675
9	0.01187	0.00890	0.01335	0.01335	0.01483	0.01038	0.01038	0.01483	0.01335	0.01928	0.02225	0.03264	0.02077	0.06231	0.67512	0.01335	0.02225	0.00890	0.00445	0.00742
10	0.01717	0.10392	0.60847	0.02282	0.03462	0.02053	0.02919	0.02618	0.01748	0.02569	0.01460	0.01716	0.01054	0.00782	0.00766	0.00255	0.01197	0.00598	0.00351	0.01213
11	0.00982	0.00842	0.00842	0.00842	0.01122	0.00701	0.00631	0.01192	0.01894	0.02244	0.08416	0.07995	0.65285	0.02104	0.00982	0.00281	0.00421	0.01753	0.00771	0.00701
12	0.01012	0.00723	0.00964	0.01157	0.01205	0.00675	0.00771	0.01157	0.01591	0.02121	0.04579	0.70262	0.05495	0.02603	0.01060	0.00337	0.00482	0.02362	0.00771	0.00675
13	0.76672	0.01607	0.01221	0.01092	0.01607	0.01864	0.00900	0.02442	0.01414	0.03727	0.01157	0.01350	0.00900	0.00771	0.00514	0.00257	0.00643	0.00450	0.00514	0.00900
14	0.01156	0.00848	0.01083	0.01025	0.01229	0.00776	0.00769	0.01530	0.02306	0.03222	0.59483	0.06385	0.13607	0.01739	0.00980	0.00263	0.00395	0.01528	0.00900	0.00776
15	0.06152	0.12849	0.34921	0.02210	0.05891	0.11300	0.02320	0.10055	0.02080	0.02837	0.01464	0.01683	0.01105	0.00810	0.00741	0.00242	0.01139	0.00593	0.00432	0.01178
16	0.01929	0.01844	0.03142	0.21742	0.49974	0.01940	0.02486	0.02438	0.01831	0.02560	0.01540	0.02098	0.01261	0.00764	0.00825	0.00255	0.01018	0.00740	0.00400	0.01213
17	0.02499	0.02925	0.02588	0.20131	0.15641	0.37603	0.01972	0.02856	0.02083	0.02189	0.01388	0.01794	0.01128	0.00827	0.00785	0.00237	0.01297	0.00628	0.00409	0.01021
18	0.03727	0.01414	0.01928	0.01478	0.02121	0.01221	0.01221	0.04049	0.02378	0.66198	0.03277	0.02828	0.02056	0.01028	0.00835	0.00257	0.00707	0.00835	0.01028	0.01414
19	0.22137	0.02165	0.02025	0.01672	0.02238	0.07696	0.01350	0.30312	0.15281	0.04219	0.01996	0.02008	0.01477	0.00953	0.00744	0.00255	0.00840	0.00691	0.00718	0.01222
20	0.01569	0.00955	0.01127	0.01021	0.01349	0.00825	0.00788	0.01850	0.02114	0.14967	0.23042	0.06499	0.37192	0.01783	0.00953	0.00271	0.00468	0.01506	0.00861	0.00862
21	0.02021	0.01938	0.03308	0.09749	0.61251	0.01964	0.02532	0.02518	0.01875	0.02671	0.01556	0.02068	0.01301	0.00747	0.00823	0.00249	0.00996	0.00740	0.00408	0.01287
22	0.01666	0.04297	0.66500	0.02368	0.03596	0.01929	0.03069	0.02631	0.01754	0.02631	0.01491	0.01754	0.01052	0.00789	0.00789	0.00263	0.01228	0.00614	0.00351	0.01228
23	0.00982	0.00842	0.00842	0.00842	0.01122	0.00701	0.00631	0.01192	0.01894	0.02244	0.08416	0.07995	0.65285	0.02104	0.00982	0.00281	0.00421	0.01753	0.00771	0.00701
24	0.03263	0.01559	0.01945	0.01557	0.02155	0.01514	0.01265	0.07288	0.18589	0.46553	0.03236	0.02854	0.02147	0.01052	0.00838	0.00263	0.00705	0.00858	0.00970	0.01388
25	0.01976	0.01919	0.03352	0.14526	0.52177	0.01964	0.06896	0.02494	0.01862	0.02622	0.01558	0.02093	0.01281	0.00751	0.00835	0.00254	0.01035	0.00757	0.00406	0.01243
26	0.03727	0.01414	0.01928	0.01478	0.02121	0.01221	0.01221	0.04049	0.02378	0.66198	0.03277	0.02828	0.02056	0.01028	0.00835	0.00257	0.00707	0.00835	0.01028	0.01414
27	0.01187	0.00890	0.01335	0.01335	0.01483	0.01038	0.01038	0.01483	0.01335	0.01928	0.02225	0.03264	0.02077	0.06231	0.67512	0.01335	0.02225	0.00890	0.00445	0.00742
28	0.01569	0.01477	0.02492	0.68808	0.05722	0.01846	0.02307	0.02123	0.01661	0.02123	0.01477	0.02215	0.01107	0.00831	0.00831	0.00277	0.01107	0.00738	0.00369	0.00923
29	0.00982	0.00842	0.00842	0.00842	0.01122	0.00701	0.00631	0.01192	0.01894	0.02244	0.08416	0.07995	0.65285	0.02104	0.00982	0.00281	0.00421	0.01753	0.00771	0.00701
30	0.01012	0.00723	0.00964	0.01157	0.01205	0.00675	0.00771	0.01157	0.01591	0.02121	0.04579	0.70262	0.05495	0.02603	0.01060	0.00337	0.00482	0.02362	0.00771	0.00675
31	0.03025	0.01258	0.01703	0.01359	0.01879	0.01101	0.01101	0.03366	0.02371	0.48895	0.20316	0.03757	0.03648	0.01213	0.00875	0.00258	0.00620	0.01019	0.00997	0.01240
32	0.01012	0.00723	0.00964	0.01157	0.01205	0.00675	0.00771	0.01157	0.01591	0.02121	0.04579	0.70262	0.05495	0.02603	0.01060	0.00337	0.00482	0.02362	0.00771	0.00675
33	0.01894	0.01668	0.02122	0.02488	0.18601	0.01810	0.01578	0.03373	0.36174	0.03068	0.03463	0.03880	0.08143	0.01228	0.00881	0.00282	0.00732	0.06690	0.00717	0.01206
34	0.01187	0.00890	0.01335	0.01335	0.01483	0.01038	0.01038	0.01483	0.01335	0.01928	0.02225	0.03264	0.02077	0.06231	0.67512	0.01335	0.02225	0.00890	0.00445	0.00742
35	0.01818	0.01818	0.02545	0.02181	0.02181	0.02545	0.01818	0.01999	0.01272	0.01999	0.01091	0.01818	0.01091	0.01454	0.02726	0.00364	0.69284	0.00727	0.00364	0.00909
36	0.01723	0.01477	0.01723	0.01230	0.01969	0.01107	0.00984	0.02092	0.01723	0.02707	0.01477	0.01723	0.01230	0.00615	0.00615	0.00123	0.00615	0.00492	0.00492	0.75883
37	0.02221	0.71304	0.04353	0.01421	0.02132	0.03287	0.01421	0.02488	0.01688	0.01955	0.01155	0.01333	0.01066	0.00711	0.00533	0.00178	0.00888	0.00444	0.00355	0.01066
38	0.02056	0.01974	0.03372	0.05099	0.65622	0.01974	0.02550	0.02550	0.01892	0.02714	0.01563	0.02056	0.01316	0.00740	0.00822	0.00247	0.00987	0.00740	0.00411	0.01316
39	0.01208	0.00805	0.00906	0.00906	0.00906	0.00805	0.00503	0.01208	0.01208	0.01611	0.02618	0.05436	0.03020	0.70804	0.04228	0.00805	0.00805	0.01208	0.00503	0.00503
40	0.01903	0.00950	0.01280	0.01262	0.01506	0.00854	0.00919	0.02106	0.01849	0.23154	0.04152	0.48126	0.04366	0.02086	0.00987	0.00311	0.00556	0.01861	0.00856	0.00917
41	0.03122	0.01785	0.02085	0.01664	0.02268	0.01849	0.01353	0.21830	0.18967	0.31478	0.02919	0.02648	0.01988	0.01045	0.00837	0.00261	0.00756	0.00836	0.00921	0.01388
42	0.02503	0.02963	0.02467	0.17266	0.06412	0.39164	0.01844	0.02802	0.02004	0.02082	0.01311	0.01738	0.01094	0.00939	0.01083	0.00253	0.12086	0.00621	0.00404	0.00963
43	0.02185	0.01818	0.02119	0.11228	0.11367	0.07244	0.01493	0.21859	0.02338	0.03049	0.01938	0.02918	0.01750	0.19258	0.01833	0.04226	0.00961	0.00847	0.00566	0.01004
44	0.31995	0.01826	0.02509	0.03492	0.39937	0.01930	0.01888	0.02506	0.01700	0.03121	0.01400	0.01773	0.01149	0.00753	0.00699	0.00251	0.00849	0.00624	0.00453	0.01149
45	0.02011	0.01928	0.03290	0.11013	0.60061	0.01962	0.02527	0.02510	0.01870	0.02659	0.01555	0.02071	0.01297	0.00749	0.00823	0.00250	0.00998	0.00740	0.00407	0.01279
46	0.01675	0.01255	0.01438	0.01287	0.01607	0.01279	0.00989	0.17576	0.05408	0.03448	0.26052	0.16285	0.14954	0.01711	0.00949	0.00275	0.00561	0.01468	0.00841	0.00940
47	0.16479	0.05649	0.02432	0.05563	0.05714	0.24014	0.08307	0.02798	0.01986	0.07263	0.04440	0.01947	0.01473	0.00838	0.00734	0.00230	0.01062	0.00649	0.00508	0.07917
48	0.09063	0.12927	0.14520	0.02321	0.11679	0.21338	0.01870	0.02987	0.02001	0.11555	0.01618	0.01780	0.01228	0.00823	0.00728	0.00232	0.01098	0.00602	0.00494	0.01137
49	0.09497	0.02138	0.12057	0.03346	0.33716	0.01752	0.02102	0.02800	0.01904	0.14750	0.01829	0.02064	0.01370	0.00796	0.00775	0.00243	0.00909	0.00693	0.00534	0.06723
50	0.38803	0.09028	0.05745	0.02445	0.21133	0.02082	0.01601	0.05552	0.01731	0.03258	0.01339	0.01615	0.01076	0.00768	0.00640	0.00246	0.00817	0.00561	0.00474	0.01086
51	0.02293	0.20779	0.15000	0.02611	0.16448	0.12481	0.04510	0.05503	0.02024	0.05899	0.03942	0.01928	0.01454	0.00822	0.00743	0.00229	0.01062	0.00652	0.00460	0.01161
52	0.07403	0.02144	0.11782	0.02833	0.23671	0.01875	0.01915	0.13872	0.07951	0.03288	0.05429	0.07472	0.04628	0.01073	0.00831	0.00262	0.00864	0.00918	0.00595	0.01193

[dist]
# distance from previous block
# <min> <max>
0	162

[block]
# block no. 1 follows, 22 sequences, length 42
# corresponding to MSA columns:
# 215-256
name=unknown_B
#
# <colnr> <probs for GDERKNQSTAVLIFYWHMCP>
#	G	D	E	R	K	N	Q	S	T	A	V	L	I	F	Y	W	H	M	C	P
0	0.06011	0.08896	0.02932	0.02372	0.06028	0.34125	0.11319	0.06526	0.04902	0.02489	0.01466	0.01746	0.01191	0.00869	0.00902	0.00240	0.05824	0.00648	0.00461	0.01051
1	0.05391	0.33753	0.06399	0.01633	0.02214	0.19723	0.01460	0.02791	0.07513	0.02360	0.07917	0.02053	0.01880	0.00893	0.00676	0.00213	0.00986	0.00629	0.00482	0.01034
2	0.05621	0.09676	0.18430	0.02017	0.05228	0.07711	0.05865	0.03151	0.07490	0.19742	0.05394	0.02353	0.01826	0.00919	0.00789	0.00250	0.00960	0.00746	0.00627	0.01204
3	0.05525	0.31876	0.28271	0.01873	0.02746	0.09298	0.02069	0.05285	0.01868	0.02453	0.01337	0.01545	0.01069	0.00772	0.00668	0.00222	0.01074	0.00534	0.00389	0.01126
4	0.01666	0.04297	0.66500	0.02368	0.03596	0.01929	0.03069	0.02631	0.01754	0.02631	0.01491	0.01754	0.01052	0.00789	0.00789	0.00263	0.01228	0.00614	0.00351	0.01228
5	0.01765	0.02554	0.25848	0.01737	0.02564	0.01594	0.01819	0.05110	0.11579	0.02958	0.07503	0.02361	0.01966	0.00872	0.00757	0.00217	0.00842	0.00708	0.00546	0.26698
6	0.01100	0.00786	0.01065	0.01257	0.01344	0.00750	0.00924	0.01309	0.01677	0.02219	0.04530	0.53883	0.05303	0.02520	0.01084	0.00350	0.00558	0.17874	0.00769	0.00699
7	0.02172	0.01837	0.01938	0.01712	0.02201	0.02116	0.01341	0.10079	0.58284	0.03646	0.03247	0.02992	0.02427	0.01114	0.00844	0.00279	0.00682	0.00921	0.00844	0.01324
8	0.01012	0.00723	0.00964	0.01157	0.01205	0.00675	0.00771	0.01157	0.01591	0.02121	0.04579	0.70262	0.05495	0.02603	0.01060	0.00337	0.00482	0.02362	0.00771	0.00675
9	0.01691	0.04128	0.61422	0.02461	0.03657	0.01943	0.07978	0.02633	0.01771	0.02633	0.01506	0.01794	0.01070	0.00782	0.00805	0.00264	0.01242	0.00644	0.00357	0.01219
10	0.02029	0.01947	0.03324	0.08595	0.62335	0.01967	0.02536	0.02526	0.01879	0.02682	0.01558	0.02065	0.01304	0.00745	0.00823	0.00248	0.00994	0.00740	0.00409	0.01294
11	0.01549	0.00774	0.00774	0.00774	0.00968	0.00774	0.00581	0.01936	0.01742	0.03097	0.02710	0.03097	0.02129	0.00968	0.00581	0.00194	0.00387	0.00774	0.75416	0.00774
12	0.02056	0.01974	0.03372	0.05099	0.65622	0.01974	0.02550	0.02550	0.01892	0.02714	0.01563	0.02056	0.01316	0.00740	0.00822	0.00247	0.00987	0.00740	0.00411	0.01316
13	0.01666	0.04297	0.66500	0.02368	0.03596	0.01929	0.03069	0.02631	0.01754	0.02631	0.01491	0.01754	0.01052	0.00789	0.00789	0.00263	0.01228	0.00614	0.00351	0.01228
14	0.01299	0.00944	0.01284	0.01454	0.01655	0.00928	0.01260	0.01663	0.01910	0.02459	0.04844	0.09218	0.11485	0.02274	0.01129	0.00371	0.00727	0.53573	0.00766	0.00758
15	0.01208	0.00805	0.00906	0.00906	0.00906	0.00805	0.00503	0.01208	0.01208	0.01611	0.02618	0.05436	0.03020	0.70804	0.04228	0.00805	0.00805	0.01208	0.00503	0.00503
16	0.01012	0.00723	0.00964	0.01157	0.01205	0.00675	0.00771	0.01157	0.01591	0.02121	0.04579	0.70262	0.05495	0.02603	0.01060	0.00337	0.00482	0.02362	0.00771	0.00675
17	0.01961	0.02241	0.04902	0.03501	0.04342	0.02101	0.62605	0.02661	0.01961	0.02661	0.01681	0.02241	0.01261	0.00700	0.00980	0.00280	0.01401	0.00980	0.00420	0.01120
18	0.00982	0.00842	0.00842	0.00842	0.01122	0.00701	0.00631	0.01192	0.01894	0.02244	0.08416	0.07995	0.65285	0.02104	0.00982	0.00281	0.00421	0.01753	0.00771	0.00701
19	0.01961	0.02241	0.04902	0.03501	0.04342	0.02101	0.62605	0.02661	0.01961	0.02661	0.01681	0.02241	0.01261	0.00700	0.00980	0.00280	0.01401	0.00980	0.00420	0.01120
20	0.02027	0.01945	0.03320	0.08849	0.62096	0.01966	0.02535	0.02524	0.01878	0.02679	0.01558	0.02065	0.01304	0.00746	0.00823	0.00249	0.00994	0.00740	0.00409	0.01293
21	0.03727	0.01414	0.01928	0.01478	0.02121	0.01221	0.01221	0.04049	0.02378	0.66198	0.03277	0.02828	0.02056	0.01028	0.00835	0.00257	0.00707	0.00835	0.01028	0.01414
22	0.01187	0.00890	0.01335	0.01335	0.01483	0.01038	0.01038	0.01483	0.01335	0.01928	0.02225	0.03264	0.02077	0.06231	0.67512	0.01335	0.02225	0.00890	0.00445	0.00742
23	0.01788	0.19005	0.52859	0.02160	0.03274	0.02227	0.02708	0.02599	0.01739	0.02482	0.01417	0.01661	0.01055	0.00772	0.00733	0.00244	0.01153	0.00577	0.00352	0.01192
24	0.00982	0.00842	0.00842	0.00842	0.01122	0.00701	0.00631	0.01192	0.01894	0.02244	0.08416	0.07995	0.65285	0.02104	0.00982	0.00281	0.00421	0.01753	0.00771	0.00701
25	0.01012	0.00723	0.00964	0.01157	0.01205	0.00675	0.00771	0.01157	0.01591	0.02121	0.04579	0.70262	0.05495	0.02603	0.01060	0.00337	0.00482	0.02362	0.00771	0.00675
26	0.01801	0.01713	0.02911	0.38495	0.34223	0.01907	0.02422	0.02326	0.01771	0.02404	0.01518	0.02139	0.01207	0.00788	0.00827	0.00263	0.01050	0.00739	0.00389	0.01110
27	0.02458	0.53190	0.03816	0.01615	0.02249	0.20551	0.01471	0.02711	0.01867	0.01976	0.01190	0.01377	0.01067	0.00750	0.00591	0.00187	0.01052	0.00469	0.00375	0.01038
28	0.01723	0.01477	0.01723	0.01230	0.01969	0.01107	0.00984	0.02092	0.01723	0.02707	0.01477	0.01723	0.01230	0.00615	0.00615	0.00123	0.00615	0.00492	0.00492	0.75883
29	0.01580	0.07543	0.49597	0.02024	0.03022	0.01769	0.02495	0.02370	0.01825	0.02623	0.08644	0.02809	0.08195	0.01009	0.00813	0.00260	0.01042	0.00809	0.00451	0.01120
30	0.02000	0.01798	0.02856	0.07462	0.45318	0.01839	0.02153	0.09333	0.02068	0.02886	0.02069	0.12465	0.01954	0.01059	0.00860	0.00262	0.00908	0.00988	0.00513	0.01209
31	0.01569	0.01477	0.02492	0.68808	0.05722	0.01846	0.02307	0.02123	0.01661	0.02123	0.01477	0.02215	0.01107	0.00831	0.00831	0.00277	0.01107	0.00738	0.00369	0.00923
32	0.01932	0.02654	0.20669	0.04034	0.36264	0.01988	0.15110	0.02594	0.01869	0.02681	0.01568	0.02013	0.01234	0.00745	0.00846	0.00258	0.01137	0.00756	0.00397	0.01252
33	0.03107	0.03850	0.02363	0.02125	0.02569	0.63132	0.01603	0.07297	0.02458	0.02247	0.01332	0.01531	0.01093	0.00866	0.00755	0.00216	0.01459	0.00549	0.00455	0.00993
34	0.01187	0.00890	0.01335	0.01335	0.01483	0.01038	0.01038	0.01483	0.01335	0.01928	0.02225	0.03264	0.02077	0.06231	0.67512	0.01335	0.02225	0.00890	0.00445	0.00742
35	0.02221	0.71304	0.04353	0.01421	0.02132	0.03287	0.01421	0.02488	0.01688	0.01955	0.01155	0.01333	0.01066	0.00711	0.00533	0.00178	0.00888	0.00444	0.00355	0.01066
36	0.01562	0.07037	0.45443	0.01919	0.02803	0.01696	0.02295	0.02240	0.01638	0.02352	0.02071	0.02852	0.04752	0.16121	0.01535	0.00378	0.01076	0.00792	0.00406	0.01034
37	0.01203	0.00826	0.01012	0.01012	0.01048	0.00863	0.00635	0.01276	0.01239	0.01689	0.02521	0.04901	0.02788	0.54882	0.19832	0.00936	0.01155	0.01130	0.00489	0.00562
38	0.76672	0.01607	0.01221	0.01092	0.01607	0.01864	0.00900	0.02442	0.01414	0.03727	0.01157	0.01350	0.00900	0.00771	0.00514	0.00257	0.00643	0.00450	0.00514	0.00900
39	0.01012	0.00723	0.00964	0.01157	0.01205	0.00675	0.00771	0.01157	0.01591	0.02121	0.04579	0.70262	0.05495	0.02603	0.01060	0.00337	0.00482	0.02362	0.00771	0.00675
40	0.01840	0.25267	0.47051	0.02072	0.03138	0.02354	0.02554	0.02586	0.01733	0.02419	0.01386	0.01622	0.01057	0.00765	0.00709	0.00236	0.01122	0.00561	0.00352	0.01177
41	0.02062	0.38797	0.16943	0.02606	0.19513	0.02653	0.02066	0.02534	0.01756	0.02299	0.01334	0.01614	0.01130	0.00735	0.00664	0.00214	0.00985	0.00559	0.00369	0.01167

[dist]
# distance from previous block
# <min> <max>
0	1

[block]
# block no. 2 follows, 22 sequences, length 112
# corresponding to MSA columns:
# 258-369
name=unknown_C
#
# <colnr> <probs for GDERKNQSTAVLIFYWHMCP>
#	G	D	E	R	K	N	Q	S	T	A	V	L	I	F	Y	W	H	M	C	P
0	0.02143	0.27356	0.32331	0.01996	0.02887	0.15395	0.02210	0.02718	0.01850	0.02279	0.01334	0.01558	0.01061	0.00775	0.00693	0.00224	0.01164	0.00540	0.00368	0.01119
1	0.01194	0.00802	0.00996	0.01063	0.01127	0.00808	0.00714	0.01335	0.01431	0.01994	0.03246	0.22899	0.03626	0.32455	0.10737	0.00656	0.00854	0.05887	0.07553	0.00625
2	0.02380	0.36070	0.03195	0.01555	0.02186	0.02708	0.01390	0.20690	0.10292	0.03153	0.02283	0.02300	0.06615	0.00963	0.00699	0.00221	0.00829	0.00705	0.00594	0.01172
3	0.01695	0.07747	0.63300	0.02319	0.03520	0.01999	0.02985	0.02624	0.01751	0.02596	0.01474	0.01732	0.01053	0.00785	0.00776	0.00259	0.01210	0.00605	0.00351	0.01219
4	0.01208	0.00805	0.00906	0.00906	0.00906	0.00805	0.00503	0.01208	0.01208	0.01611	0.02618	0.05436	0.03020	0.70804	0.04228	0.00805	0.00805	0.01208	0.00503	0.00503
5	0.02019	0.02077	0.03963	0.04482	0.41960	0.02023	0.25739	0.02593	0.01918	0.02694	0.01608	0.02127	0.01295	0.00725	0.00883	0.00260	0.01147	0.00833	0.00415	0.01240
6	0.02703	0.03120	0.02171	0.01967	0.02411	0.42215	0.01493	0.03741	0.26204	0.02590	0.02094	0.02116	0.01636	0.00961	0.00786	0.00240	0.01174	0.00691	0.00589	0.01099
7	0.01189	0.00880	0.01283	0.01283	0.01413	0.01010	0.00973	0.01450	0.01320	0.01890	0.02273	0.03530	0.02192	0.14136	0.59765	0.01270	0.02051	0.00929	0.00452	0.00713
8	0.01089	0.00784	0.01070	0.01180	0.01253	0.00801	0.00820	0.01262	0.01467	0.02000	0.03626	0.42061	0.04157	0.11976	0.21617	0.00697	0.01050	0.01775	0.00640	0.00674
9	0.02319	0.38921	0.18015	0.01820	0.02577	0.19279	0.01844	0.02731	0.01872	0.02129	0.01264	0.01471	0.01064	0.00766	0.00646	0.00206	0.01121	0.00506	0.00373	0.01077
10	0.01723	0.01477	0.01723	0.01230	0.01969	0.01107	0.00984	0.02092	0.01723	0.02707	0.01477	0.01723	0.01230	0.00615	0.00615	0.00123	0.00615	0.00492	0.00492	0.75883
11	0.01975	0.01891	0.03226	0.15698	0.55657	0.01953	0.02509	0.02479	0.01853	0.02616	0.01548	0.02082	0.01281	0.00755	0.00824	0.00252	0.01007	0.00740	0.00404	0.01251
12	0.01021	0.00727	0.00961	0.01146	0.01192	0.00680	0.00759	0.01159	0.01574	0.02098	0.04493	0.67434	0.05387	0.05579	0.01199	0.00358	0.00496	0.02311	0.00759	0.00667
13	0.01208	0.00805	0.00906	0.00906	0.00906	0.00805	0.00503	0.01208	0.01208	0.01611	0.02618	0.05436	0.03020	0.70804	0.04228	0.00805	0.00805	0.01208	0.00503	0.00503
14	0.01783	0.01771	0.02537	0.11323	0.02667	0.02449	0.01885	0.02016	0.01326	0.02016	0.01143	0.01872	0.01093	0.01368	0.02466	0.00352	0.59929	0.00729	0.00364	0.00911
15	0.02885	0.02588	0.12822	0.02131	0.05968	0.02385	0.01854	0.47611	0.03392	0.07215	0.01944	0.01993	0.01376	0.00952	0.00824	0.00252	0.00960	0.00730	0.00740	0.01378
16	0.01569	0.01477	0.02492	0.68808	0.05722	0.01846	0.02307	0.02123	0.01661	0.02123	0.01477	0.02215	0.01107	0.00831	0.00831	0.00277	0.01107	0.00738	0.00369	0.00923
17	0.01006	0.00843	0.00875	0.00867	0.01137	0.00711	0.00650	0.01238	0.01950	0.02378	0.15384	0.07775	0.58234	0.02054	0.00982	0.00278	0.00417	0.01722	0.00789	0.00711
18	0.02374	0.02577	0.03063	0.04201	0.46481	0.21856	0.02263	0.02783	0.02032	0.02507	0.01478	0.01887	0.01241	0.00775	0.00800	0.00237	0.01142	0.00678	0.00416	0.01209
19	0.01176	0.00849	0.01110	0.01045	0.01241	0.00784	0.00784	0.01568	0.02352	0.03331	0.65184	0.06206	0.07839	0.01698	0.00980	0.00261	0.00392	0.01502	0.00914	0.00784
20	0.01765	0.08041	0.52167	0.02764	0.13824	0.02020	0.02881	0.02609	0.01773	0.02603	0.01482	0.01778	0.01097	0.00776	0.00779	0.00255	0.01167	0.00624	0.00361	0.01232
21	0.02221	0.71304	0.04353	0.01421	0.02132	0.03287	0.01421	0.02488	0.01688	0.01955	0.01155	0.01333	0.01066	0.00711	0.00533	0.00178	0.00888	0.00444	0.00355	0.01066
22	0.00982	0.00842	0.00842	0.00842	0.01122	0.00701	0.00631	0.01192	0.01894	0.02244	0.08416	0.07995	0.65285	0.02104	0.00982	0.00281	0.00421	0.01753	0.00771	0.00701
23	0.01185	0.00952	0.01412	0.06479	0.01824	0.00972	0.04303	0.01425	0.01652	0.02194	0.04157	0.47703	0.07272	0.02248	0.01132	0.00334	0.04182	0.09132	0.00700	0.00742
24	0.02667	0.03133	0.02778	0.03372	0.28823	0.40198	0.01998	0.02998	0.02162	0.02317	0.01400	0.01730	0.01172	0.00808	0.00780	0.00228	0.01285	0.00620	0.00421	0.01110
25	0.01187	0.00890	0.01335	0.01335	0.01483	0.01038	0.01038	0.01483	0.01335	0.01928	0.02225	0.03264	0.02077	0.06231	0.67512	0.01335	0.02225	0.00890	0.00445	0.00742
26	0.01666	0.04297	0.66500	0.02368	0.03596	0.01929	0.03069	0.02631	0.01754	0.02631	0.01491	0.01754	0.01052	0.00789	0.00789	0.00263	0.01228	0.00614	0.00351	0.01228
27	0.02237	0.02088	0.03501	0.04222	0.42678	0.02107	0.13688	0.13475	0.02269	0.03160	0.01663	0.02080	0.01323	0.00779	0.00854	0.00253	0.01052	0.00787	0.00489	0.01297
28	0.01931	0.01757	0.02504	0.03405	0.37355	0.05035	0.01822	0.07376	0.01993	0.02705	0.06086	0.03253	0.05962	0.13580	0.01455	0.00349	0.00903	0.00924	0.00518	0.01089
29	0.01187	0.00890	0.01335	0.01335	0.01483	0.01038	0.01038	0.01483	0.01335	0.01928	0.02225	0.03264	0.02077	0.06231	0.67512	0.01335	0.02225	0.00890	0.00445	0.00742
30	0.02056	0.01974	0.03372	0.05099	0.65622	0.01974	0.02550	0.02550	0.01892	0.02714	0.01563	0.02056	0.01316	0.00740	0.00822	0.00247	0.00987	0.00740	0.00411	0.01316
31	0.25437	0.03245	0.02010	0.01822	0.02276	0.47553	0.01391	0.03052	0.02069	0.02547	0.01245	0.01453	0.01018	0.00830	0.00678	0.00227	0.01238	0.00509	0.00454	0.00944
32	0.03158	0.02327	0.02493	0.01911	0.02576	0.02576	0.01579	0.62852	0.03906	0.05236	0.01995	0.01995	0.01413	0.00997	0.00831	0.00249	0.00914	0.00748	0.00831	0.01413
33	0.02645	0.02379	0.16422	0.02209	0.03001	0.01835	0.15773	0.15672	0.02436	0.22460	0.02317	0.05232	0.01675	0.00964	0.00868	0.00266	0.01011	0.00870	0.00692	0.01274
34	0.02208	0.50745	0.18340	0.01642	0.02465	0.02821	0.01782	0.02638	0.01755	0.06963	0.01392	0.01542	0.01138	0.00753	0.00614	0.00203	0.00952	0.00512	0.00405	0.01129
35	0.01666	0.04297	0.66500	0.02368	0.03596	0.01929	0.03069	0.02631	0.01754	0.02631	0.01491	0.01754	0.01052	0.00789	0.00789	0.00263	0.01228	0.00614	0.00351	0.01228
36	0.02056	0.01974	0.03372	0.05099	0.65622	0.01974	0.02550	0.02550	0.01892	0.02714	0.01563	0.02056	0.01316	0.00740	0.00822	0.00247	0.00987	0.00740	0.00411	0.01316
37	0.01750	0.14465	0.57069	0.02224	0.03373	0.02135	0.02819	0.02609	0.01744	0.02528	0.01440	0.01690	0.01054	0.00777	0.00750	0.00250	0.01176	0.00588	0.00351	0.01203
38	0.02221	0.71304	0.04353	0.01421	0.02132	0.03287	0.01421	0.02488	0.01688	0.01955	0.01155	0.01333	0.01066	0.00711	0.00533	0.00178	0.00888	0.00444	0.00355	0.01066
39	0.01011	0.00728	0.00959	0.01144	0.01202	0.00676	0.00765	0.01158	0.01603	0.02126	0.04736	0.67705	0.07950	0.02582	0.01057	0.00335	0.00479	0.02337	0.00771	0.00676
40	0.01064	0.00863	0.00960	0.01011	0.01262	0.00758	0.00798	0.01311	0.01886	0.02295	0.07351	0.10728	0.49167	0.02167	0.01023	0.00306	0.00502	0.15064	0.00770	0.00715
41	0.01800	0.02462	0.19552	0.02599	0.03367	0.01851	0.28835	0.06933	0.01913	0.02681	0.01780	0.02332	0.01405	0.02006	0.16090	0.00514	0.01508	0.00849	0.00439	0.01083
42	0.01208	0.00805	0.00906	0.00906	0.00906	0.00805	0.00503	0.01208	0.01208	0.01611	0.02618	0.05436	0.03020	0.70804	0.04228	0.00805	0.00805	0.01208	0.00503	0.00503
43	0.01189	0.00883	0.01300	0.01300	0.01436	0.01019	0.00994	0.01461	0.01325	0.01902	0.02258	0.03443	0.02155	0.11562	0.62287	0.01291	0.02108	0.00916	0.00450	0.00722
44	0.02594	0.09622	0.21992	0.02150	0.02844	0.42274	0.02034	0.03040	0.02117	0.02208	0.01336	0.01562	0.01064	0.00824	0.00743	0.00226	0.01366	0.00551	0.00399	0.01052
45	0.01933	0.01849	0.03150	0.21132	0.50548	0.01942	0.02489	0.02442	0.01834	0.02565	0.01541	0.02096	0.01263	0.00763	0.00824	0.00254	0.01017	0.00740	0.00401	0.01217
46	0.01206	0.00815	0.00957	0.00957	0.00975	0.00833	0.00567	0.01241	0.01223	0.01648	0.02571	0.05179	0.02908	0.63145	0.11734	0.00868	0.00974	0.01170	0.00496	0.00532
47	0.11791	0.03184	0.02259	0.02022	0.02363	0.44658	0.01567	0.02910	0.01993	0.02232	0.01224	0.01553	0.01054	0.00982	0.01171	0.00253	0.16849	0.00568	0.00424	0.00943
48	0.76672	0.01607	0.01221	0.01092	0.01607	0.01864	0.00900	0.02442	0.01414	0.03727	0.01157	0.01350	0.00900	0.00771	0.00514	0.00257	0.00643	0.00450	0.00514	0.00900
49	0.02586	0.35216	0.06171	0.01939	0.05026	0.31993	0.01624	0.02869	0.01999	0.02051	0.01245	0.01456	0.01078	0.00781	0.00653	0.00201	0.01181	0.00505	0.00390	0.01037
50	0.01006	0.00745	0.00941	0.01097	0.01189	0.00680	0.00745	0.01163	0.01648	0.02144	0.05302	0.58532	0.16758	0.02509	0.01046	0.00327	0.00470	0.02247	0.00771	0.00680
51	0.02264	0.02570	0.08114	0.03183	0.27181	0.16930	0.02014	0.03282	0.20365	0.02776	0.02030	0.02211	0.01598	0.00885	0.00810	0.00251	0.01027	0.00741	0.00538	0.01228
52	0.02318	0.02651	0.02470	0.02165	0.02332	0.27823	0.01735	0.02512	0.01694	0.02012	0.01166	0.01693	0.01083	0.01221	0.01956	0.00305	0.42891	0.00652	0.00389	0.00930
53	0.00982	0.00842	0.00842	0.00842	0.01122	0.00701	0.00631	0.01192	0.01894	0.02244	0.08416	0.07995	0.65285	0.02104	0.00982	0.00281	0.00421	0.01753	0.00771	0.00701
54	0.01012	0.00723	0.00964	0.01157	0.01205	0.00675	0.00771	0.01157	0.01591	0.02121	0.04579	0.70262	0.05495	0.02603	0.01060	0.00337	0.00482	0.02362	0.00771	0.00675
55	0.01666	0.04297	0.66500	0.02368	0.03596	0.01929	0.03069	0.02631	0.01754	0.02631	0.01491	0.01754	0.01052	0.00789	0.00789	0.00263	0.01228	0.00614	0.00351	0.01228
56	0.01190	0.00876	0.01264	0.01264	0.01387	0.01000	0.00949	0.01438	0.01314	0.01876	0.02290	0.03625	0.02234	0.16973	0.56984	0.01247	0.01989	0.00943	0.00455	0.00702
57	0.00982	0.00842	0.00842	0.00842	0.01122	0.00701	0.00631	0.01192	0.01894	0.02244	0.08416	0.07995	0.65285	0.02104	0.00982	0.00281	0.00421	0.01753	0.00771	0.00701
58	0.01723	0.01477	0.01723	0.01230	0.01969	0.01107	0.00984	0.02092	0.01723	0.02707	0.01477	0.01723	0.01230	0.00615	0.00615	0.00123	0.00615	0.00492	0.00492	0.75883
59	0.01169	0.00789	0.00918	0.00956	0.00965	0.00779	0.00556	0.01198	0.01284	0.01712	0.03006	0.18292	0.03511	0.57279	0.03600	0.00713	0.00741	0.01437	0.00556	0.00537
60	0.03158	0.02327	0.02493	0.01911	0.02576	0.02576	0.01579	0.62852	0.03906	0.05236	0.01995	0.01995	0.01413	0.00997	0.00831	0.00249	0.00914	0.00748	0.00831	0.01413
61	0.01843	0.25640	0.46705	0.02066	0.03129	0.02362	0.02544	0.02585	0.01733	0.02415	0.01384	0.01620	0.01057	0.00764	0.00708	0.00236	0.01120	0.00560	0.00352	0.01176
62	0.02244	0.03059	0.34782	0.02024	0.02927	0.01915	0.02219	0.09601	0.16220	0.13266	0.02258	0.02256	0.01587	0.00926	0.00814	0.00265	0.00982	0.00737	0.00622	0.01297
63	0.02916	0.02010	0.02273	0.02110	0.10072	0.07483	0.01511	0.19749	0.11814	0.22198	0.02425	0.02348	0.01714	0.00953	0.00810	0.00244	0.00851	0.00764	0.00780	0.06976
64	0.02221	0.71304	0.04353	0.01421	0.02132	0.03287	0.01421	0.02488	0.01688	0.01955	0.01155	0.01333	0.01066	0.00711	0.00533	0.00178	0.00888	0.00444	0.00355	0.01066
65	0.01010	0.00732	0.00955	0.01133	0.01199	0.00677	0.00761	0.01159	0.01613	0.02130	0.04869	0.65557	0.10013	0.02565	0.01054	0.00333	0.00477	0.02316	0.00771	0.00677
66	0.05505	0.18666	0.05461	0.02252	0.11468	0.23830	0.01654	0.03083	0.12511	0.02482	0.01661	0.01826	0.01352	0.00835	0.00712	0.00222	0.01056	0.00610	0.00483	0.04330
67	0.01569	0.01477	0.02492	0.68808	0.05722	0.01846	0.02307	0.02123	0.01661	0.02123	0.01477	0.02215	0.01107	0.00831	0.00831	0.00277	0.01107	0.00738	0.00369	0.00923
68	0.01197	0.00848	0.01122	0.01122	0.01197	0.00923	0.00773	0.01347	0.01272	0.01771	0.02420	0.04342	0.02545	0.38289	0.36094	0.01072	0.01520	0.01048	0.00474	0.00623
69	0.01050	0.00824	0.00949	0.00961	0.01175	0.00723	0.00704	0.01307	0.01989	0.02574	0.26082	0.18082	0.36503	0.02058	0.00995	0.00284	0.00422	0.01776	0.00818	0.00723
70	0.22777	0.25505	0.02804	0.01879	0.09067	0.13101	0.01425	0.05233	0.01889	0.07524	0.01417	0.01584	0.01138	0.00790	0.00630	0.00222	0.00920	0.00535	0.00487	0.01072
71	0.00998	0.00840	0.00868	0.00886	0.01151	0.00710	0.00668	0.01212	0.01879	0.02248	0.08052	0.11258	0.59704	0.02138	0.00993	0.00288	0.00438	0.04195	0.00771	0.00703
72	0.01200	0.00839	0.01077	0.01077	0.01136	0.00898	0.00716	0.01318	0.01259	0.01737	0.02461	0.04571	0.02645	0.45091	0.29428	0.01016	0.01371	0.01081	0.00480	0.00598
73	0.02097	0.11436	0.43379	0.02185	0.03174	0.12693	0.02514	0.08324	0.02043	0.02702	0.01467	0.01689	0.01090	0.00811	0.00758	0.00245	0.01205	0.00595	0.00408	0.01185
74	0.05590	0.15499	0.03104	0.03074	0.26993	0.16164	0.01904	0.12915	0.02273	0.02896	0.01483	0.01762	0.01216	0.00804	0.00741	0.00228	0.01050	0.00630	0.00480	0.01193
75	0.01708	0.01158	0.01391	0.01346	0.01578	0.01176	0.00981	0.16295	0.02180	0.06765	0.03772	0.46251	0.04167	0.05629	0.01154	0.00335	0.00617	0.01818	0.00788	0.00890
76	0.01184	0.00795	0.00913	0.00937	0.00943	0.00789	0.00536	0.01202	0.01255	0.01673	0.02858	0.13394	0.03324	0.62433	0.03839	0.00748	0.00766	0.01350	0.00536	0.00524
77	0.02464	0.05411	0.03022	0.06713	0.43792	0.01847	0.02146	0.02905	0.01994	0.18625	0.01969	0.02219	0.01480	0.00815	0.00811	0.00247	0.00916	0.00749	0.00562	0.01311
78	0.02675	0.31105	0.03194	0.01693	0.02334	0.07697	0.01482	0.30666	0.02769	0.03499	0.01698	0.04505	0.01411	0.00934	0.00710	0.00220	0.00930	0.00672	0.00600	0.01204
79	0.24707	0.01862	0.02719	0.03883	0.46189	0.01940	0.02049	0.02517	0.01747	0.03022	0.01439	0.01842	0.01190	0.00750	0.00729	0.00250	0.00882	0.00652	0.00442	0.01190
80	0.01799	0.03481	0.44036	0.03099	0.18895	0.01958	0.07210	0.02680	0.04128	0.02685	0.01593	0.01914	0.01188	0.00783	0.00813	0.00261	0.01160	0.00684	0.00389	0.01245
81	0.00997	0.00814	0.00882	0.00925	0.01147	0.00698	0.00671	0.01199	0.01841	0.02260	0.09854	0.22677	0.48739	0.02205	0.01000	0.00293	0.00434	0.01887	0.00777	0.00698
82	0.01615	0.02073	0.16993	0.02893	0.26498	0.01499	0.01978	0.02166	0.02009	0.02866	0.22613	0.03699	0.07315	0.01146	0.00876	0.00257	0.00814	0.01021	0.00583	0.01085
83	0.02052	0.01985	0.03438	0.05030	0.62985	0.01979	0.05134	0.02554	0.01895	0.02712	0.01568	0.02064	0.01314	0.00738	0.00829	0.00248	0.01005	0.00751	0.00412	0.01307
84	0.02066	0.01785	0.01878	0.01691	0.02160	0.02066	0.01315	0.04414	0.64121	0.03475	0.03381	0.03099	0.02536	0.01127	0.00845	0.00282	0.00657	0.00939	0.00845	0.01315
85	0.02068	0.02557	0.21818	0.02440	0.14554	0.01791	0.02026	0.10346	0.07222	0.05886	0.01800	0.01992	0.01360	0.00801	0.00763	0.00224	0.00917	0.00660	0.00530	0.20245
86	0.01995	0.44049	0.03384	0.01501	0.02058	0.02516	0.04537	0.07367	0.01915	0.02389	0.05815	0.14772	0.02358	0.01153	0.00709	0.00225	0.00811	0.00926	0.00512	0.01007
87	0.01187	0.00890	0.01335	0.01335	0.01483	0.01038	0.01038	0.01483	0.01335	0.01928	0.02225	0.03264	0.02077	0.06231	0.67512	0.01335	0.02225	0.00890	0.00445	0.00742
88	0.02078	0.24083	0.37180	0.02028	0.02987	0.07801	0.02329	0.07811	0.01968	0.02603	0.01417	0.01628	0.01089	0.00789	0.00713	0.00232	0.01122	0.00568	0.00400	0.01174
89	0.01976	0.04632	0.02950	0.11387	0.43338	0.04968	0.02187	0.02586	0.07017	0.02613	0.02192	0.02555	0.06206	0.00890	0.00823	0.00251	0.00950	0.00812	0.00468	0.01199
90	0.03077	0.02287	0.02447	0.01895	0.02545	0.02538	0.01559	0.58507	0.08383	0.05105	0.02098	0.02077	0.01496	0.01007	0.00832	0.00252	0.00895	0.00762	0.00832	0.01406
91	0.01021	0.00729	0.00971	0.01151	0.01207	0.00680	0.00772	0.01178	0.01630	0.02183	0.07699	0.66964	0.05615	0.02556	0.01056	0.00333	0.00477	0.02317	0.00779	0.00680
92	0.11149	0.02136	0.09628	0.04027	0.46426	0.01890	0.02283	0.02510	0.01806	0.02829	0.01499	0.01912	0.01231	0.00740	0.00765	0.00240	0.00942	0.00673	0.00424	0.06890
93	0.03103	0.03959	0.02354	0.02140	0.02568	0.67469	0.01605	0.03317	0.02354	0.02033	0.01284	0.01498	0.01070	0.00856	0.00749	0.00214	0.01498	0.00535	0.00428	0.00963
94	0.01072	0.00847	0.00977	0.01022	0.01247	0.00752	0.00786	0.01330	0.01928	0.02431	0.15786	0.15594	0.39536	0.02135	0.01018	0.00301	0.00480	0.11245	0.00792	0.00721
95	0.02602	0.06950	0.17310	0.02393	0.05712	0.41697	0.06582	0.03039	0.02136	0.02243	0.01368	0.01630	0.01091	0.00817	0.00769	0.00230	0.01378	0.00592	0.00406	0.01056
96	0.02763	0.03315	0.02684	0.03100	0.23028	0.46217	0.01912	0.03068	0.02204	0.02254	0.01374	0.01679	0.01150	0.00818	0.00773	0.00225	0.01332	0.00602	0.00423	0.01078
97	0.00982	0.00842	0.00842	0.00842	0.01122	0.00701	0.00631	0.01192	0.01894	0.02244	0.08416	0.07995	0.65285	0.02104	0.00982	0.00281	0.00421	0.01753	0.00771	0.00701
98	0.01007	0.00843	0.00876	0.00868	0.01137	0.00712	0.00651	0.01240	0.01952	0.02384	0.15691	0.07766	0.57923	0.02052	0.00982	0.00278	0.00417	0.01721	0.00790	0.00712
99	0.06183	0.02003	0.03116	0.04165	0.46829	0.02062	0.05046	0.10905	0.05981	0.03157	0.01718	0.02083	0.01380	0.00799	0.00816	0.00251	0.00958	0.00749	0.00501	0.01298
100	0.02232	0.02006	0.03286	0.04341	0.48652	0.02026	0.07301	0.09329	0.04693	0.05382	0.01758	0.02136	0.01400	0.00792	0.00838	0.00252	0.00989	0.00773	0.00499	0.01314
101	0.01187	0.00890	0.01335	0.01335	0.01483	0.01038	0.01038	0.01483	0.01335	0.01928	0.02225	0.03264	0.02077	0.06231	0.67512	0.01335	0.02225	0.00890	0.00445	0.00742
102	0.02329	0.03213	0.34024	0.02627	0.13811	0.07279	0.02419	0.07849	0.02111	0.13749	0.01835	0.01989	0.01301	0.00845	0.00803	0.00254	0.01093	0.00678	0.00523	0.01268
103	0.03084	0.03083	0.02400	0.02011	0.02554	0.33534	0.01580	0.31880	0.05793	0.03630	0.01716	0.01806	0.01298	0.00936	0.00793	0.00234	0.01182	0.00655	0.00639	0.01194
104	0.01010	0.00769	0.00918	0.01033	0.01161	0.00690	0.00709	0.01172	0.01681	0.02141	0.05856	0.45039	0.26704	0.05597	0.01180	0.00339	0.00475	0.02091	0.00759	0.00676
105	0.01310	0.01070	0.01536	0.01965	0.14829	0.01019	0.01212	0.01626	0.01910	0.02564	0.16529	0.22146	0.16043	0.01892	0.00994	0.00300	0.00604	0.10878	0.00723	0.00850
106	0.01977	0.01879	0.03190	0.04801	0.60754	0.01876	0.02415	0.02444	0.01869	0.02669	0.01791	0.07210	0.01632	0.00881	0.00840	0.00254	0.00949	0.00863	0.00438	0.01267
107	0.02103	0.02062	0.03327	0.04968	0.62826	0.04878	0.02508	0.02584	0.01912	0.02684	0.01550	0.02031	0.01305	0.00745	0.00819	0.00245	0.01010	0.00731	0.00412	0.01300
108	0.02053	0.50963	0.23219	0.01709	0.02576	0.02875	0.01922	0.02531	0.01708	0.02160	0.01257	0.01461	0.01062	0.00735	0.00611	0.00204	0.00991	0.00496	0.00354	0.01115
109	0.02839	0.02630	0.02760	0.02351	0.06587	0.19953	0.09491	0.25902	0.05551	0.07394	0.01829	0.01987	0.01367	0.00936	0.00927	0.00251	0.04665	0.00733	0.00632	0.01217
110	0.02384	0.02061	0.02631	0.19938	0.21759	0.09184	0.01990	0.16337	0.02380	0.07842	0.01993	0.02301	0.03695	0.00907	0.00825	0.00253	0.01015	0.00764	0.00558	0.01183
111	0.01649	0.02221	0.21600	0.12204	0.13675	0.01532	0.02104	0.02236	0.01876	0.05179	0.07705	0.04126	0.07731	0.01242	0.00897	0.00284	0.00933	0.11218	0.00544	0.01045

[dist]
# distance from previous block
# <min> <max>
0	8

[block]
# block no. 3 follows, 22 sequences, length 74
# corresponding to MSA columns:
# 378-451
name=unknown_D
#
# <colnr> <probs for GDERKNQSTAVLIFYWHMCP>
#	G	D	E	R	K	N	Q	S	T	A	V	L	I	F	Y	W	H	M	C	P
0	0.11688	0.01885	0.02723	0.03622	0.40142	0.01917	0.01986	0.07640	0.06554	0.03109	0.01670	0.01998	0.01350	0.00780	0.00761	0.00237	0.00870	0.00690	0.00501	0.09879
1	0.02310	0.02034	0.03068	0.04108	0.46706	0.02076	0.02227	0.17388	0.02379	0.03335	0.01665	0.02023	0.01335	0.00797	0.00814	0.00241	0.00949	0.00729	0.00519	0.05296
2	0.01875	0.01789	0.03045	0.28731	0.43403	0.01926	0.02460	0.02391	0.01806	0.02495	0.01531	0.02115	0.01239	0.00774	0.00825	0.00258	0.01032	0.00739	0.00396	0.01170
3	0.01805	0.01717	0.02918	0.37942	0.34742	0.01908	0.02425	0.02329	0.01773	0.02409	0.01518	0.02138	0.01208	0.00787	0.00827	0.00262	0.01049	0.00739	0.00390	0.01113
4	0.02207	0.02131	0.02983	0.04132	0.46632	0.09245	0.02238	0.08143	0.02132	0.02850	0.01843	0.02687	0.01629	0.00926	0.00846	0.00256	0.01016	0.06386	0.00486	0.01233
5	0.02427	0.02152	0.05577	0.02729	0.21255	0.07957	0.01778	0.17481	0.09287	0.08832	0.05273	0.02790	0.06681	0.01029	0.00839	0.00253	0.00899	0.00858	0.00662	0.01241
6	0.01970	0.03173	0.39984	0.02196	0.03170	0.01733	0.09319	0.02799	0.04372	0.11573	0.06429	0.02332	0.01773	0.00883	0.00825	0.00258	0.01062	0.00758	0.00520	0.04871
7	0.01998	0.23046	0.15278	0.01884	0.02718	0.02083	0.11541	0.02501	0.01789	0.05571	0.01504	0.01750	0.01193	0.00711	0.00694	0.00198	0.00945	0.00597	0.00439	0.23560
8	0.02153	0.01731	0.01953	0.01434	0.02151	0.01547	0.01162	0.20291	0.02377	0.03464	0.01632	0.01804	0.01285	0.00730	0.00680	0.00161	0.00705	0.00569	0.00594	0.53577
9	0.00999	0.00776	0.00909	0.01015	0.01168	0.00687	0.00708	0.01173	0.01727	0.02176	0.06304	0.42268	0.32375	0.02378	0.01025	0.00312	0.00454	0.02088	0.00771	0.00687
10	0.02055	0.51234	0.22968	0.01705	0.02571	0.02880	0.01915	0.02530	0.01708	0.02157	0.01256	0.01459	0.01062	0.00734	0.00610	0.00203	0.00990	0.00495	0.00354	0.01115
11	0.02055	0.51234	0.22968	0.01705	0.02571	0.02880	0.01915	0.02530	0.01708	0.02157	0.01256	0.01459	0.01062	0.00734	0.00610	0.00203	0.00990	0.00495	0.00354	0.01115
12	0.01012	0.00723	0.00964	0.01157	0.01205	0.00675	0.00771	0.01157	0.01591	0.02121	0.04579	0.70262	0.05495	0.02603	0.01060	0.00337	0.00482	0.02362	0.00771	0.00675
13	0.01118	0.00847	0.01030	0.00984	0.01205	0.00759	0.00738	0.01455	0.02214	0.03006	0.48180	0.06741	0.25045	0.01820	0.00980	0.00267	0.00401	0.01578	0.00872	0.00759
14	0.01043	0.00746	0.00991	0.01136	0.01212	0.00695	0.00774	0.01233	0.01732	0.02346	0.15850	0.58349	0.05930	0.02434	0.01045	0.00323	0.00465	0.02202	0.00798	0.00695
15	0.03727	0.01414	0.01928	0.01478	0.02121	0.01221	0.01221	0.04049	0.02378	0.66198	0.03277	0.02828	0.02056	0.01028	0.00835	0.00257	0.00707	0.00835	0.01028	0.01414
16	0.00982	0.00842	0.00842	0.00842	0.01122	0.00701	0.00631	0.01192	0.01894	0.02244	0.08416	0.07995	0.65285	0.02104	0.00982	0.00281	0.00421	0.01753	0.00771	0.00701
17	0.01569	0.01477	0.02492	0.68808	0.05722	0.01846	0.02307	0.02123	0.01661	0.02123	0.01477	0.02215	0.01107	0.00831	0.00831	0.00277	0.01107	0.00738	0.00369	0.00923
18	0.03103	0.03959	0.02354	0.02140	0.02568	0.67469	0.01605	0.03317	0.02354	0.02033	0.01284	0.01498	0.01070	0.00856	0.00749	0.00214	0.01498	0.00535	0.00428	0.00963
19	0.03103	0.03959	0.02354	0.02140	0.02568	0.67469	0.01605	0.03317	0.02354	0.02033	0.01284	0.01498	0.01070	0.00856	0.00749	0.00214	0.01498	0.00535	0.00428	0.00963
20	0.01666	0.04297	0.66500	0.02368	0.03596	0.01929	0.03069	0.02631	0.01754	0.02631	0.01491	0.01754	0.01052	0.00789	0.00789	0.00263	0.01228	0.00614	0.00351	0.01228
21	0.03110	0.02277	0.21269	0.01745	0.02562	0.01433	0.01775	0.03624	0.02191	0.47158	0.02742	0.02506	0.01756	0.00957	0.00822	0.00259	0.00863	0.00769	0.00825	0.01358
22	0.01902	0.01834	0.03177	0.24559	0.44249	0.01941	0.05418	0.02424	0.01824	0.02530	0.01542	0.02114	0.01249	0.00766	0.00833	0.00258	0.01044	0.00751	0.00399	0.01186
23	0.01569	0.01477	0.02492	0.68808	0.05722	0.01846	0.02307	0.02123	0.01661	0.02123	0.01477	0.02215	0.01107	0.00831	0.00831	0.00277	0.01107	0.00738	0.00369	0.00923
24	0.02652	0.02844	0.02232	0.02171	0.07394	0.33967	0.01550	0.03713	0.26047	0.05720	0.02207	0.02221	0.01700	0.00959	0.00796	0.00245	0.01097	0.00721	0.00616	0.01148
25	0.01189	0.01019	0.01699	0.01576	0.01791	0.00946	0.12445	0.01444	0.01684	0.02232	0.04325	0.52642	0.09272	0.02205	0.01039	0.00322	0.00651	0.02054	0.00705	0.00761
26	0.02052	0.01985	0.03438	0.05030	0.62961	0.01979	0.05158	0.02554	0.01895	0.02712	0.01568	0.02064	0.01313	0.00738	0.00829	0.00248	0.01005	0.00751	0.00412	0.01307
27	0.01014	0.00852	0.00887	0.00904	0.01177	0.00725	0.00696	0.01241	0.01895	0.02266	0.08049	0.08121	0.59763	0.02121	0.00997	0.00290	0.00452	0.07072	0.00771	0.00707
28	0.08217	0.03357	0.02235	0.01988	0.02454	0.47923	0.01519	0.10141	0.09563	0.02683	0.01597	0.01728	0.01265	0.00897	0.00753	0.00229	0.01274	0.00600	0.00528	0.01050
29	0.03083	0.03131	0.02396	0.02018	0.02554	0.35440	0.01581	0.30131	0.05748	0.03536	0.01695	0.01791	0.01288	0.00931	0.00790	0.00233	0.01199	0.00648	0.00627	0.01181
30	0.01012	0.00723	0.00964	0.01157	0.01205	0.00675	0.00771	0.01157	0.01591	0.02121	0.04579	0.70262	0.05495	0.02603	0.01060	0.00337	0.00482	0.02362	0.00771	0.00675
31	0.01012	0.00723	0.00964	0.01157	0.01205	0.00675	0.00771	0.01157	0.01591	0.02121	0.04579	0.70262	0.05495	0.02603	0.01060	0.00337	0.00482	0.02362	0.00771	0.00675
