[name]
unknown

[dist]
# distance from previous block
# <min> <max>
2	7

[block]
# block no. 0 follows, 21 sequences, length 14
# corresponding to MSA columns:
# 8-21
name=unknown_A
#
# <colnr> <probs for GDERKNQSTAVLIFYWHMCP>
#	G	D	E	R	K	N	Q	S	T	A	V	L	I	F	Y	W	H	M	C	P
0	0.02173	0.01271	0.01545	0.01395	0.01750	0.01240	0.01062	0.14710	0.02357	0.18223	0.04211	0.32842	0.09907	0.01875	0.00972	0.00301	0.00637	0.01627	0.00867	0.01037
1	0.01549	0.01396	0.01616	0.01516	0.01624	0.07726	0.01145	0.01741	0.01422	0.01916	0.02045	0.03436	0.02066	0.21439	0.30540	0.00904	0.15786	0.00926	0.00452	0.00754
2	0.01033	0.00755	0.00973	0.01148	0.01225	0.00694	0.00773	0.01189	0.01665	0.02187	0.05144	0.62453	0.12419	0.02607	0.01077	0.00339	0.00486	0.02347	0.00790	0.00694
3	0.01073	0.00810	0.00923	0.00993	0.01126	0.00735	0.00666	0.01212	0.01659	0.02096	0.05779	0.29365	0.28614	0.18853	0.01843	0.00439	0.00549	0.01882	0.00723	0.00659
4	0.01040	0.00844	0.00928	0.00986	0.01214	0.00732	0.00732	0.01254	0.01873	0.02290	0.07446	0.21838	0.47004	0.02283	0.01036	0.00308	0.00471	0.06214	0.00790	0.00717
5	0.01029	0.00770	0.00957	0.01106	0.01214	0.00698	0.00755	0.01194	0.01705	0.02203	0.05646	0.54623	0.19926	0.02542	0.01067	0.00331	0.00478	0.02268	0.00790	0.00698
6	0.03179	0.04056	0.02412	0.02192	0.02631	0.66676	0.01644	0.03398	0.02412	0.02083	0.01315	0.01535	0.01096	0.00877	0.00767	0.00219	0.01535	0.00548	0.00438	0.00987
7	0.01418	0.00839	0.01013	0.01013	0.01175	0.00894	0.00755	0.01740	0.01579	0.02587	0.02588	0.03479	0.02255	0.09995	0.24721	0.00682	0.01117	0.00881	0.40515	0.00753
8	0.01031	0.00764	0.00964	0.01123	0.01218	0.00696	0.00763	0.01192	0.01688	0.02197	0.05440	0.57841	0.16841	0.02569	0.01071	0.00335	0.00482	0.02300	0.00790	0.00696
9	0.01055	0.00854	0.00876	0.00876	0.01103	0.00741	0.00619	0.01225	0.01792	0.02162	0.07370	0.07638	0.51515	0.16468	0.01706	0.00401	0.00514	0.01678	0.00732	0.00676
10	0.01171	0.00807	0.00938	0.00986	0.01019	0.00785	0.00592	0.01224	0.01385	0.01826	0.03614	0.21316	0.08296	0.48621	0.03294	0.00668	0.00715	0.01567	0.00603	0.00573
11	0.46474	0.29320	0.02538	0.01254	0.01862	0.02494	0.01136	0.02520	0.01561	0.03089	0.01184	0.01375	0.00990	0.00765	0.00534	0.00231	0.00759	0.00458	0.00461	0.00990
12	0.02809	0.03440	0.02129	0.01951	0.02306	0.54121	0.01429	0.02986	0.02188	0.02000	0.01576	0.02304	0.01477	0.14073	0.01447	0.00335	0.01399	0.00680	0.00453	0.00897
13	0.01295	0.00963	0.01274	0.01496	0.05174	0.00943	0.00972	0.06640	0.01857	0.02491	0.04271	0.59524	0.05002	0.02406	0.01051	0.00332	0.00564	0.02173	0.00773	0.00797

[dist]
# distance from previous block
# <min> <max>
0	11

[block]
# block no. 1 follows, 21 sequences, length 9
# corresponding to MSA columns:
# 33-41
name=unknown_B
#
# <colnr> <probs for GDERKNQSTAVLIFYWHMCP>
#	G	D	E	R	K	N	Q	S	T	A	V	L	I	F	Y	W	H	M	C	P
0	0.02281	0.02463	0.02935	0.20213	0.32535	0.20083	0.02278	0.02722	0.02011	0.02432	0.01499	0.01987	0.01224	0.00815	0.00824	0.00251	0.01189	0.00699	0.00415	0.01145
1	0.35376	0.01949	0.01664	0.01714	0.08336	0.13463	0.01195	0.02711	0.01817	0.08179	0.01723	0.01942	0.01328	0.00861	0.00642	0.00242	0.00811	0.00601	0.14450	0.00996
2	0.01918	0.08477	0.01734	0.01249	0.01628	0.01298	0.01007	0.07124	0.02450	0.13846	0.39318	0.04979	0.08631	0.01478	0.00918	0.00258	0.00556	0.01258	0.00881	0.00992
3	0.01891	0.02286	0.09386	0.18356	0.04711	0.02078	0.43251	0.02596	0.01921	0.02596	0.01658	0.02249	0.01238	0.00756	0.00953	0.00285	0.01351	0.00917	0.00413	0.01110
4	0.07446	0.02373	0.02465	0.08923	0.02920	0.07351	0.01657	0.47617	0.03484	0.04685	0.01880	0.01989	0.01356	0.00979	0.00825	0.00256	0.00986	0.00730	0.00750	0.01328
5	0.01819	0.02050	0.09080	0.30860	0.12060	0.06231	0.02096	0.02677	0.12237	0.02549	0.02512	0.02859	0.07365	0.01010	0.00857	0.00275	0.01014	0.00862	0.00507	0.01081
6	0.02825	0.03121	0.02516	0.02615	0.14156	0.37591	0.01745	0.14058	0.02585	0.02844	0.02057	0.02239	0.05992	0.00978	0.00815	0.00237	0.01241	0.00723	0.00539	0.01120
7	0.01481	0.13767	0.01760	0.01167	0.01564	0.01491	0.00951	0.02165	0.14249	0.02614	0.12047	0.05749	0.34599	0.01651	0.00894	0.00266	0.00564	0.01358	0.00743	0.00921
8	0.02461	0.01873	0.02057	0.01616	0.02217	0.01908	0.01302	0.35935	0.03035	0.04142	0.02736	0.09531	0.07066	0.01192	0.00835	0.00236	0.00773	0.00960	0.00755	0.19371

[dist]
# distance from previous block
# <min> <max>
2	8

[block]
# block no. 2 follows, 21 sequences, length 55
# corresponding to MSA columns:
# 50-104
name=unknown_C
#
# <colnr> <probs for GDERKNQSTAVLIFYWHMCP>
#	G	D	E	R	K	N	Q	S	T	A	V	L	I	F	Y	W	H	M	C	P
0	0.01679	0.03077	0.37490	0.02704	0.16198	0.01718	0.02472	0.02401	0.01885	0.02755	0.11658	0.02856	0.02388	0.05811	0.01094	0.00305	0.01038	0.00845	0.00476	0.01152
1	0.05875	0.37647	0.13518	0.01807	0.02497	0.16589	0.01769	0.02716	0.01843	0.02220	0.01262	0.01506	0.01084	0.00829	0.00792	0.00221	0.05835	0.00523	0.00388	0.01076
2	0.08985	0.17601	0.14848	0.01816	0.02540	0.16016	0.01735	0.05502	0.04699	0.15834	0.01865	0.01911	0.01367	0.00879	0.00733	0.00238	0.01042	0.00627	0.00578	0.01187
3	0.19853	0.01048	0.00969	0.00936	0.01262	0.01044	0.00725	0.01685	0.01765	0.02815	0.05480	0.05414	0.35125	0.01799	0.03688	0.00313	0.00563	0.01251	0.13482	0.00784
4	0.76103	0.01646	0.01251	0.01119	0.01646	0.01909	0.00922	0.02502	0.01448	0.03818	0.01185	0.01382	0.00922	0.00790	0.00527	0.00263	0.00658	0.00461	0.00527	0.00922
5	0.01997	0.01045	0.01391	0.01205	0.01545	0.00939	0.00939	0.02376	0.02417	0.22198	0.45847	0.05308	0.06234	0.01532	0.00959	0.00266	0.00499	0.01332	0.00972	0.00999
6	0.03235	0.02384	0.02554	0.01958	0.02639	0.02639	0.01618	0.61946	0.04001	0.05363	0.02043	0.02043	0.01447	0.01022	0.00851	0.00255	0.00936	0.00766	0.00851	0.01447
7	0.01757	0.04102	0.57851	0.02778	0.11373	0.01982	0.03077	0.02685	0.01814	0.02706	0.01536	0.01836	0.01112	0.00802	0.00813	0.00267	0.01227	0.00645	0.00367	0.01269
8	0.01631	0.03126	0.37743	0.02424	0.03329	0.01739	0.16099	0.02376	0.01809	0.02589	0.02256	0.16560	0.02111	0.01189	0.00914	0.00290	0.01133	0.01102	0.00469	0.01110
9	0.03818	0.01448	0.01975	0.01514	0.02172	0.01251	0.01251	0.04147	0.02436	0.65373	0.03357	0.02897	0.02107	0.01053	0.00856	0.00263	0.00724	0.00856	0.01053	0.01448
10	0.01017	0.00817	0.00909	0.00983	0.01181	0.00708	0.00700	0.01208	0.01824	0.02252	0.07151	0.31137	0.42440	0.02346	0.01036	0.00309	0.00454	0.02029	0.00790	0.00708
11	0.02321	0.02090	0.03297	0.07297	0.45859	0.02155	0.05259	0.15313	0.02373	0.03304	0.01697	0.02109	0.01357	0.00817	0.00853	0.00256	0.01021	0.00772	0.00512	0.01341
12	0.02106	0.02022	0.03454	0.05223	0.64784	0.02022	0.02612	0.02612	0.01938	0.02780	0.01601	0.02106	0.01348	0.00758	0.00842	0.00253	0.01011	0.00758	0.00421	0.01348
13	0.01037	0.00741	0.00987	0.01185	0.01234	0.00691	0.00790	0.01185	0.01629	0.02172	0.04690	0.69537	0.05629	0.02666	0.01086	0.00346	0.00494	0.02419	0.00790	0.00691
14	0.02002	0.02019	0.03728	0.03781	0.26285	0.01996	0.26872	0.02825	0.09685	0.02835	0.02142	0.02982	0.01796	0.00932	0.00942	0.00284	0.01124	0.06042	0.00513	0.01215
15	0.01726	0.04286	0.62656	0.02562	0.06656	0.01979	0.03118	0.02691	0.01804	0.02699	0.01531	0.01812	0.01091	0.00806	0.00810	0.00269	0.01246	0.00635	0.00362	0.01262
16	0.01104	0.00844	0.01029	0.01150	0.01326	0.00770	0.00871	0.01335	0.01828	0.02310	0.06173	0.31589	0.28283	0.02393	0.01076	0.00334	0.00538	0.15535	0.00789	0.00724
17	0.02106	0.02022	0.03454	0.05223	0.64784	0.02022	0.02612	0.02612	0.01938	0.02780	0.01601	0.02106	0.01348	0.00758	0.00842	0.00253	0.01011	0.00758	0.00421	0.01348
18	0.02106	0.02022	0.03454	0.05223	0.64784	0.02022	0.02612	0.02612	0.01938	0.02780	0.01601	0.02106	0.01348	0.00758	0.00842	0.00253	0.01011	0.00758	0.00421	0.01348
19	0.01078	0.00769	0.00964	0.01102	0.01161	0.00722	0.00718	0.01199	0.01571	0.02070	0.04590	0.50494	0.10075	0.17203	0.01781	0.00444	0.00560	0.02111	0.00731	0.00656
20	0.01707	0.04402	0.65683	0.02426	0.03683	0.01976	0.03144	0.02695	0.01797	0.02695	0.01527	0.01797	0.01078	0.00809	0.00809	0.00270	0.01258	0.00629	0.00359	0.01258
21	0.01037	0.00741	0.00987	0.01185	0.01234	0.00691	0.00790	0.01185	0.01629	0.02172	0.04690	0.69537	0.05629	0.02666	0.01086	0.00346	0.00494	0.02419	0.00790	0.00691
22	0.02235	0.65956	0.08758	0.01524	0.02289	0.03270	0.01575	0.02559	0.01734	0.02051	0.01207	0.01395	0.01091	0.00734	0.00564	0.00188	0.00934	0.00467	0.00364	0.01104
23	0.01015	0.00827	0.00898	0.00954	0.01174	0.00711	0.00688	0.01211	0.01851	0.02263	0.07498	0.25711	0.47642	0.02301	0.01029	0.00304	0.00449	0.01974	0.00790	0.00711
24	0.01037	0.00741	0.00987	0.01185	0.01234	0.00691	0.00790	0.01185	0.01629	0.02172	0.04690	0.69537	0.05629	0.02666	0.01086	0.00346	0.00494	0.02419	0.00790	0.00691
25	0.02027	0.02020	0.02946	0.04254	0.49026	0.07631	0.02211	0.02460	0.01981	0.02641	0.02697	0.03027	0.11404	0.00992	0.00862	0.00255	0.00965	0.00905	0.00482	0.01215
26	0.02275	0.70604	0.04459	0.01456	0.02184	0.03367	0.01456	0.02548	0.01729	0.02002	0.01183	0.01365	0.01092	0.00728	0.00546	0.00182	0.00910	0.00455	0.00364	0.01092
27	0.01190	0.00833	0.00915	0.00915	0.00974	0.00803	0.00543	0.01234	0.01382	0.01784	0.03905	0.06109	0.15732	0.56096	0.03646	0.00714	0.00744	0.01353	0.00572	0.00557
28	0.01392	0.00932	0.01162	0.01117	0.01381	0.00841	0.00874	0.01733	0.02215	0.08236	0.34971	0.07034	0.23254	0.01885	0.01015	0.00290	0.00490	0.09463	0.00884	0.00831
29	0.02121	0.07846	0.03540	0.04904	0.59468	0.02136	0.02514	0.02606	0.01920	0.02714	0.01565	0.02043	0.01326	0.00756	0.00817	0.00247	0.01002	0.00732	0.00416	0.01326
30	0.02082	0.02090	0.03845	0.04815	0.49729	0.02054	0.17354	0.02640	0.01955	0.02767	0.01631	0.02153	0.01334	0.00748	0.00883	0.00261	0.01117	0.00820	0.00424	0.01298
31	0.02275	0.70604	0.04459	0.01456	0.02184	0.03367	0.01456	0.02548	0.01729	0.02002	0.01183	0.01365	0.01092	0.00728	0.00546	0.00182	0.00910	0.00455	0.00364	0.01092
32	0.01998	0.01642	0.01749	0.01561	0.02032	0.01809	0.01215	0.03868	0.47912	0.06062	0.04193	0.03899	0.12393	0.01286	0.00877	0.00280	0.00635	0.01069	0.00845	0.04672
33	0.08892	0.25158	0.13287	0.01713	0.02344	0.02455	0.01664	0.02937	0.16871	0.02673	0.01881	0.02076	0.01526	0.01340	0.05809	0.00335	0.06731	0.00669	0.00510	0.01128
34	0.02116	0.02285	0.02569	0.02226	0.02311	0.14959	0.01820	0.02308	0.01517	0.02055	0.01155	0.01799	0.01113	0.01371	0.02402	0.00343	0.55617	0.00707	0.00385	0.00942
35	0.02791	0.02204	0.05194	0.02056	0.07068	0.07519	0.01586	0.23160	0.16039	0.14602	0.06832	0.02688	0.02218	0.01064	0.00856	0.00262	0.00877	0.00853	0.00805	0.01325
36	0.02349	0.57581	0.08500	0.01617	0.02346	0.11237	0.01598	0.02666	0.01820	0.02061	0.01224	0.01417	0.01092	0.00752	0.00592	0.00193	0.01013	0.00479	0.00373	0.01090
37	0.01226	0.00968	0.01139	0.01213	0.01462	0.00917	0.00977	0.01665	0.06509	0.02474	0.06396	0.13405	0.33047	0.02195	0.01064	0.00331	0.00584	0.22848	0.00793	0.00787
38	0.01216	0.00912	0.01368	0.01368	0.01520	0.01064	0.01064	0.01520	0.01368	0.01976	0.02279	0.03343	0.02127	0.06382	0.66720	0.01368	0.02279	0.00912	0.00456	0.00760
39	0.02203	0.02038	0.03263	0.04685	0.54824	0.02081	0.02433	0.07794	0.06701	0.03058	0.01778	0.02181	0.01450	0.00810	0.00845	0.00256	0.00979	0.00774	0.00491	0.01356
40	0.01917	0.01829	0.03112	0.29036	0.42450	0.01972	0.02518	0.02446	0.01848	0.02551	0.01567	0.02168	0.01267	0.00793	0.00846	0.00264	0.01058	0.00758	0.00405	0.01195
41	0.01219	0.00898	0.01298	0.01298	0.01426	0.01026	0.00977	0.01475	0.01347	0.01924	0.02343	0.03696	0.02281	0.16490	0.56822	0.01282	0.02049	0.00963	0.00465	0.00721
42	0.01862	0.01862	0.02607	0.02234	0.02234	0.02607	0.01862	0.02048	0.01303	0.02048	0.01117	0.01862	0.01117	0.01489	0.02793	0.00372	0.68535	0.00745	0.00372	0.00931
43	0.01586	0.00793	0.00793	0.00793	0.00991	0.00793	0.00595	0.01983	0.01785	0.03173	0.02776	0.03173	0.02181	0.00991	0.00595	0.00198	0.00397	0.00793	0.74817	0.00793
44	0.01006	0.00862	0.00862	0.00862	0.01149	0.00718	0.00647	0.01221	0.01940	0.02299	0.08621	0.08190	0.64438	0.02155	0.01006	0.00287	0.00431	0.01796	0.00790	0.00718
45	0.03474	0.02000	0.02317	0.01776	0.02448	0.02070	0.01467	0.38266	0.03360	0.29949	0.02582	0.02393	0.01717	0.01035	0.00853	0.00259	0.00849	0.00803	0.00934	0.01448
46	0.03235	0.02384	0.02554	0.01958	0.02639	0.02639	0.01618	0.61946	0.04001	0.05363	0.02043	0.02043	0.01447	0.01022	0.00851	0.00255	0.00936	0.00766	0.00851	0.01447
47	0.02275	0.70604	0.04459	0.01456	0.02184	0.03367	0.01456	0.02548	0.01729	0.02002	0.01183	0.01365	0.01092	0.00728	0.00546	0.00182	0.00910	0.00455	0.00364	0.01092
48	0.01225	0.00876	0.01189	0.01189	0.01279	0.00967	0.00840	0.01405	0.01315	0.01843	0.02443	0.04250	0.02521	0.32336	0.41305	0.01147	0.01687	0.01044	0.00480	0.00660
49	0.01237	0.00880	0.00992	0.00995	0.01253	0.00758	0.00734	0.01459	0.01943	0.07070	0.11289	0.20931	0.43096	0.02154	0.01012	0.00297	0.00464	0.01842	0.00820	0.00773
50	0.02826	0.02183	0.02631	0.02606	0.15972	0.02360	0.01771	0.44569	0.03377	0.04566	0.02146	0.07107	0.01739	0.01088	0.00867	0.00262	0.00919	0.00888	0.00754	0.01369
51	0.07732	0.04720	0.01691	0.01416	0.01636	0.09885	0.01056	0.04253	0.01630	0.02252	0.04346	0.03487	0.02235	0.27481	0.09761	0.00596	0.10076	0.00906	0.00503	0.04337
52	0.02344	0.32414	0.03079	0.01610	0.02201	0.13160	0.01392	0.07937	0.12391	0.02679	0.04953	0.02330	0.04730	0.00959	0.00709	0.00219	0.00915	0.00698	0.00555	0.04722
53	0.01982	0.01819	0.02833	0.03881	0.43371	0.01743	0.02064	0.04889	0.01976	0.02837	0.02083	0.05391	0.04595	0.00898	0.00819	0.00233	0.00878	0.00833	0.00491	0.16385
54	0.02168	0.02332	0.06257	0.04641	0.49357	0.07527	0.09897	0.02696	0.01981	0.02711	0.01588	0.02068	0.01308	0.00765	0.00855	0.00255	0.01119	0.00765	0.00421	0.01288

[dist]
# distance from previous block
# <min> <max>
0	1

[block]
# block no. 3 follows, 21 sequences, length 7
# corresponding to MSA columns:
# 106-112
name=unknown_D
#
# <colnr> <probs for GDERKNQSTAVLIFYWHMCP>
#	G	D	E	R	K	N	Q	S	T	A	V	L	I	F	Y	W	H	M	C	P
0	0.24557	0.11070	0.11949	0.07041	0.08414	0.02158	0.01720	0.08455	0.07124	0.07545	0.01723	0.01896	0.01296	0.00857	0.00708	0.00256	0.00883	0.00634	0.00555	0.01158
1	0.02166	0.01811	0.02375	0.05909	0.20645	0.01928	0.01742	0.18143	0.13354	0.03477	0.03255	0.03739	0.10665	0.01225	0.00899	0.00277	0.00838	0.05640	0.00691	0.01221
2	0.02669	0.11812	0.12587	0.02688	0.16518	0.13358	0.02021	0.16297	0.02483	0.09077	0.01752	0.01924	0.01324	0.00870	0.00789	0.00242	0.01081	0.00673	0.00564	0.01270
3	0.14066	0.02065	0.09770	0.01865	0.08356	0.06141	0.01452	0.07061	0.01903	0.02944	0.01893	0.08387	0.01756	0.06788	0.01039	0.00275	0.00843	0.00803	0.00533	0.22059
4	0.08995	0.10979	0.08437	0.02892	0.16188	0.02139	0.16708	0.02466	0.01759	0.02632	0.01528	0.02005	0.01266	0.01208	0.05635	0.00336	0.07450	0.00734	0.00425	0.06217
5	0.08287	0.02961	0.10998	0.02198	0.07813	0.24520	0.01759	0.08668	0.08517	0.06774	0.01790	0.01928	0.01365	0.00880	0.00771	0.00237	0.01105	0.00648	0.00559	0.08220
6	0.02420	0.02613	0.02461	0.07749	0.16629	0.26836	0.01799	0.05770	0.10567	0.02589	0.01849	0.02203	0.01512	0.01605	0.09330	0.00391	0.01336	0.00725	0.00510	0.01106

[dist]
# distance from previous block
# <min> <max>
4	20

[block]
# block no. 4 follows, 21 sequences, length 7
# corresponding to MSA columns:
# 133-139
name=unknown_E
#
# <colnr> <probs for GDERKNQSTAVLIFYWHMCP>
#	G	D	E	R	K	N	Q	S	T	A	V	L	I	F	Y	W	H	M	C	P
0	0.06406	0.02787	0.07795	0.02035	0.05882	0.24051	0.01626	0.11568	0.02421	0.13874	0.01833	0.01926	0.01351	0.00875	0.00770	0.00227	0.01078	0.00641	0.00611	0.12244
1	0.01671	0.06582	0.01798	0.01695	0.07179	0.06652	0.01182	0.07320	0.05125	0.02563	0.04071	0.20106	0.16274	0.02440	0.10969	0.00447	0.00962	0.01386	0.00656	0.00921
2	0.02321	0.02084	0.07058	0.02486	0.16190	0.04730	0.01735	0.16070	0.05147	0.08468	0.06465	0.02923	0.07501	0.01092	0.00974	0.00256	0.05260	0.00877	0.00656	0.07706
3	0.02445	0.02694	0.07888	0.02855	0.17731	0.18491	0.07126	0.15267	0.02492	0.03081	0.02481	0.02679	0.08953	0.01015	0.00856	0.00253	0.01115	0.00844	0.00558	0.01175
4	0.11047	0.13189	0.18504	0.02419	0.12731	0.17628	0.01998	0.02720	0.01964	0.02649	0.06299	0.02026	0.01652	0.00875	0.00747	0.00241	0.01094	0.00656	0.00454	0.01107
5	0.20784	0.02493	0.08165	0.02781	0.12192	0.11949	0.18266	0.02691	0.01838	0.02846	0.01436	0.01842	0.01144	0.00843	0.00970	0.00272	0.07251	0.00707	0.00443	0.01085
6	0.02133	0.11829	0.31556	0.02582	0.12497	0.09661	0.02401	0.07330	0.02051	0.02765	0.01510	0.01777	0.01166	0.00802	0.00766	0.00238	0.01137	0.00619	0.00428	0.06749

[dist]
# distance from previous block
# <min> <max>
0	1

[block]
# block no. 5 follows, 21 sequences, length 26
# corresponding to MSA columns:
# 141-166
name=unknown_F
#
# <colnr> <probs for GDERKNQSTAVLIFYWHMCP>
#	G	D	E	R	K	N	Q	S	T	A	V	L	I	F	Y	W	H	M	C	P
0	0.02292	0.02746	0.17736	0.03538	0.31182	0.05682	0.02403	0.15054	0.02354	0.03261	0.01656	0.01973	0.01287	0.00826	0.00823	0.00250	0.01065	0.00706	0.00501	0.04665
1	0.18268	0.02232	0.07735	0.05995	0.22902	0.02192	0.01952	0.22228	0.02494	0.03823	0.01648	0.01913	0.01257	0.00861	0.00775	0.00259	0.00937	0.00687	0.00579	0.01263
2	0.02261	0.02389	0.10909	0.02928	0.21823	0.05096	0.02007	0.13826	0.19969	0.03405	0.02503	0.02603	0.04458	0.00993	0.00850	0.00266	0.00932	0.00837	0.00636	0.01309
3	0.11956	0.02295	0.02398	0.01858	0.02520	0.02552	0.01534	0.54831	0.03696	0.05178	0.01940	0.01964	0.01384	0.00994	0.00812	0.00256	0.00903	0.00730	0.00812	0.01384
4	0.01238	0.00825	0.00928	0.00928	0.00928	0.00825	0.00516	0.01238	0.01238	0.01650	0.02681	0.05569	0.03094	0.70092	0.04331	0.00825	0.00825	0.01238	0.00516	0.00516
5	0.01037	0.00854	0.00889	0.00894	0.01142	0.00731	0.00651	0.01242	0.01894	0.02302	0.11038	0.10726	0.53555	0.07721	0.01282	0.00333	0.00465	0.01765	0.00776	0.00705
6	0.02455	0.24831	0.19814	0.02089	0.02853	0.26904	0.04771	0.02917	0.02018	0.02249	0.01349	0.01586	0.01099	0.00805	0.00720	0.00224	0.01262	0.00562	0.00394	0.01098
7	0.02059	0.01974	0.03369	0.11161	0.59215	0.02010	0.02588	0.02570	0.01915	0.02723	0.01592	0.02122	0.01328	0.00767	0.00843	0.00256	0.01023	0.00758	0.00417	0.01310
8	0.01022	0.00863	0.00885	0.00879	0.01159	0.00725	0.00659	0.01253	0.01978	0.02390	0.13184	0.08040	0.59818	0.02121	0.01006	0.00286	0.00429	0.01775	0.00802	0.00725
9	0.01785	0.01382	0.01524	0.01382	0.01770	0.01452	0.01082	0.07658	0.25136	0.06074	0.15316	0.05334	0.20298	0.01578	0.00943	0.00287	0.00591	0.04485	0.00860	0.01064
10	0.03235	0.02384	0.02554	0.01958	0.02639	0.02639	0.01618	0.61946	0.04001	0.05363	0.02043	0.02043	0.01447	0.01022	0.00851	0.00255	0.00936	0.00766	0.00851	0.01447
11	0.01238	0.00825	0.00928	0.00928	0.00928	0.00825	0.00516	0.01238	0.01238	0.01650	0.02681	0.05569	0.03094	0.70092	0.04331	0.00825	0.00825	0.01238	0.00516	0.00516
12	0.01259	0.00874	0.01108	0.01073	0.01285	0.00793	0.00796	0.01592	0.02225	0.05657	0.44582	0.15579	0.16168	0.01909	0.01010	0.00282	0.00433	0.01677	0.00898	0.00801
13	0.57586	0.01833	0.01582	0.01332	0.01898	0.02095	0.01098	0.17608	0.02097	0.04211	0.01403	0.01550	0.01055	0.00849	0.00609	0.00261	0.00729	0.00538	0.00609	0.01055
14	0.01093	0.00884	0.00987	0.01042	0.01297	0.00778	0.00823	0.01347	0.01930	0.02351	0.07479	0.11274	0.47826	0.02224	0.01049	0.00314	0.00517	0.15262	0.00789	0.00732
15	0.01294	0.00805	0.00971	0.00971	0.00971	0.00805	0.00568	0.01207	0.01207	0.01610	0.02399	0.04869	0.02715	0.54337	0.04095	0.18289	0.00805	0.01121	0.00481	0.00481
16	0.02849	0.08845	0.02627	0.09742	0.02946	0.41168	0.01722	0.11189	0.02424	0.02538	0.01416	0.01696	0.01150	0.00920	0.00896	0.00238	0.05499	0.00607	0.00478	0.01051
17	0.01277	0.01002	0.01485	0.01450	0.01587	0.01210	0.01139	0.01570	0.01362	0.01982	0.02170	0.03203	0.02032	0.05920	0.60678	0.01274	0.08541	0.00896	0.00448	0.00776
18	0.02845	0.17411	0.03011	0.02437	0.11457	0.34154	0.01740	0.12263	0.02450	0.02679	0.01443	0.01661	0.01186	0.00851	0.00745	0.00222	0.01235	0.00593	0.00485	0.01133
19	0.02633	0.03020	0.02942	0.03736	0.34276	0.33757	0.02137	0.02998	0.02170	0.02438	0.01461	0.01826	0.01224	0.00817	0.00806	0.00236	0.01268	0.00655	0.00430	0.01171
20	0.01298	0.01048	0.01471	0.01709	0.10451	0.01027	0.01110	0.01649	0.01974	0.02700	0.25888	0.05575	0.18341	0.02805	0.16410	0.00533	0.00951	0.03499	0.00711	0.00851
21	0.12598	0.02893	0.02172	0.01863	0.02364	0.31542	0.01454	0.21217	0.02776	0.03464	0.08013	0.02169	0.01896	0.00999	0.00786	0.00241	0.01117	0.00706	0.00629	0.01102
22	0.02644	0.03094	0.02604	0.05967	0.19661	0.39862	0.01915	0.02973	0.02207	0.02321	0.01704	0.02486	0.01526	0.00983	0.00830	0.00248	0.01302	0.06145	0.00464	0.01064
23	0.01591	0.05434	0.01591	0.01552	0.07466	0.12795	0.01044	0.01818	0.01947	0.02229	0.05683	0.05800	0.37907	0.08032	0.01231	0.00316	0.00747	0.01348	0.00643	0.00828
24	0.01399	0.01125	0.01448	0.01334	0.01578	0.01219	0.01041	0.05273	0.01684	0.02315	0.03603	0.04254	0.16595	0.07654	0.32313	0.00820	0.07809	0.01079	0.00558	0.06900
25	0.02862	0.02294	0.02997	0.02389	0.06394	0.02424	0.12379	0.44343	0.03391	0.04587	0.01928	0.02075	0.01402	0.00928	0.00865	0.00253	0.01011	0.00792	0.00731	0.05956

[dist]
# distance from previous block
# <min> <max>
4	5

[block]
# block no. 6 follows, 21 sequences, length 7
# corresponding to MSA columns:
# 172-178
name=unknown_G
#
# <colnr> <probs for GDERKNQSTAVLIFYWHMCP>
#	G	D	E	R	K	N	Q	S	T	A	V	L	I	F	Y	W	H	M	C	P
0	0.01878	0.01733	0.06218	0.02264	0.11983	0.01612	0.05171	0.13035	0.06890	0.03246	0.09688	0.05152	0.10491	0.01491	0.00970	0.00299	0.00828	0.15257	0.00713	0.01080
1	0.01550	0.01551	0.05764	0.01860	0.05946	0.01511	0.06401	0.01815	0.01547	0.02178	0.02745	0.06588	0.09198	0.22055	0.02367	0.00452	0.16568	0.01076	0.00502	0.08327
2	0.02411	0.02263	0.02539	0.02044	0.02574	0.16927	0.10893	0.07209	0.05820	0.08991	0.01905	0.02218	0.01502	0.01588	0.09135	0.00380	0.06797	0.00746	0.00563	0.13495
3	0.02300	0.08117	0.02586	0.07373	0.17786	0.16193	0.01732	0.10670	0.07623	0.02857	0.02817	0.02967	0.11256	0.01077	0.00830	0.00251	0.00996	0.00868	0.00571	0.01132
4	0.06137	0.01548	0.06472	0.06879	0.11513	0.01404	0.01508	0.02237	0.06855	0.05514	0.03665	0.04384	0.15123	0.02145	0.11197	0.00450	0.01012	0.06854	0.00609	0.04493
5	0.02118	0.02202	0.03105	0.23597	0.33996	0.12113	0.05611	0.02609	0.01945	0.02485	0.01536	0.02076	0.01241	0.00803	0.00842	0.00259	0.01153	0.00738	0.00411	0.01159
6	0.02192	0.21390	0.19468	0.02383	0.09090	0.16261	0.07115	0.02695	0.01954	0.02360	0.01928	0.02162	0.05730	0.00887	0.00764	0.00236	0.01155	0.00695	0.00421	0.01115

[dist]
# distance from previous block
# <min> <max>
3	15

[block]
# block no. 7 follows, 21 sequences, length 7
# corresponding to MSA columns:
# 194-200
name=unknown_H
#
# <colnr> <probs for GDERKNQSTAVLIFYWHMCP>
#	G	D	E	R	K	N	Q	S	T	A	V	L	I	F	Y	W	H	M	C	P
0	0.02189	0.28596	0.02819	0.01599	0.02061	0.16445	0.01339	0.07213	0.01999	0.02322	0.02059	0.14005	0.02076	0.01881	0.09453	0.00382	0.01155	0.00915	0.00509	0.00982
1	0.08843	0.08263	0.02366	0.02282	0.13754	0.12206	0.01539	0.03037	0.11533	0.11309	0.02138	0.02384	0.01688	0.01894	0.12653	0.00450	0.01191	0.00744	0.00591	0.01137
2	0.02042	0.02473	0.10307	0.02018	0.07909	0.18574	0.01576	0.06024	0.10035	0.02666	0.03744	0.09413	0.16989	0.01366	0.00883	0.00267	0.00948	0.01108	0.00621	0.01038
3	0.01868	0.02282	0.12327	0.02841	0.20491	0.10283	0.01988	0.02317	0.01733	0.02343	0.01735	0.02372	0.01511	0.02714	0.22882	0.00632	0.07446	0.00760	0.00421	0.01054
4	0.07624	0.02542	0.15579	0.02688	0.18849	0.10323	0.01946	0.07858	0.02021	0.02822	0.01943	0.08527	0.01794	0.07408	0.01140	0.00309	0.01017	0.00871	0.00504	0.04235
5	0.02112	0.17989	0.21276	0.01892	0.02658	0.10540	0.06325	0.02616	0.01964	0.08108	0.02926	0.02995	0.12998	0.01066	0.00800	0.00247	0.01028	0.00846	0.00520	0.01094
6	0.01789	0.14884	0.38805	0.02416	0.08190	0.02109	0.05614	0.02515	0.01753	0.02494	0.01581	0.01973	0.01248	0.01499	0.09204	0.00395	0.01318	0.00666	0.00381	0.01168

[dist]
# distance from previous block
# <min> <max>
0	1

[block]
# block no. 8 follows, 21 sequences, length 16
# corresponding to MSA columns:
# 202-217
name=unknown_I
#
# <colnr> <probs for GDERKNQSTAVLIFYWHMCP>
#	G	D	E	R	K	N	Q	S	T	A	V	L	I	F	Y	W	H	M	C	P
0	0.02545	0.02455	0.02192	0.01909	0.02317	0.20752	0.01514	0.14436	0.14294	0.05531	0.02618	0.02956	0.06328	0.01233	0.01171	0.00280	0.11897	0.03790	0.00658	0.01124
1	0.02106	0.07165	0.39868	0.02226	0.03113	0.07336	0.02515	0.02789	0.01827	0.09129	0.01616	0.01880	0.01196	0.00951	0.01132	0.00277	0.12584	0.00657	0.00442	0.01192
2	0.01122	0.00921	0.00997	0.00993	0.01256	0.00831	0.00738	0.01520	0.06468	0.02555	0.16700	0.14020	0.44710	0.02070	0.01004	0.00290	0.00451	0.01760	0.00819	0.00775
3	0.21273	0.01656	0.04796	0.01362	0.01927	0.01560	0.01150	0.05176	0.13460	0.12372	0.03416	0.03311	0.13361	0.01142	0.00769	0.00255	0.00666	0.00889	0.00718	0.10743
4	0.01993	0.01878	0.02895	0.03962	0.42415	0.01994	0.02159	0.02762	0.12240	0.02796	0.02435	0.02755	0.06660	0.01016	0.01066	0.00274	0.08049	0.00876	0.00521	0.01253
5	0.02592	0.03333	0.09715	0.03189	0.19207	0.34595	0.09831	0.03031	0.02171	0.02413	0.01465	0.01810	0.01185	0.00818	0.00822	0.00242	0.01356	0.00671	0.00425	0.01130
6	0.01905	0.03106	0.29739	0.03467	0.17385	0.02051	0.24527	0.02688	0.01905	0.02725	0.01615	0.02048	0.01216	0.00764	0.00888	0.00272	0.01269	0.00795	0.00399	0.01237
7	0.02717	0.03179	0.02861	0.03499	0.29419	0.38809	0.02061	0.03059	0.02207	0.02383	0.01438	0.01781	0.01205	0.00826	0.00800	0.00234	0.01309	0.00639	0.00431	0.01142
8	0.05517	0.01845	0.02212	0.01660	0.02368	0.01749	0.05645	0.18893	0.08105	0.03603	0.01841	0.01994	0.01424	0.00800	0.00736	0.00195	0.00779	0.00654	0.00629	0.39352
9	0.03194	0.03609	0.02450	0.02130	0.02633	0.49556	0.01637	0.19051	0.02837	0.02960	0.01510	0.01671	0.01190	0.00916	0.00790	0.00229	0.01375	0.00606	0.00549	0.01110
10	0.03235	0.02384	0.02554	0.01958	0.02639	0.02639	0.01618	0.61946	0.04001	0.05363	0.02043	0.02043	0.01447	0.01022	0.00851	0.00255	0.00936	0.00766	0.00851	0.01447
11	0.01216	0.00912	0.01368	0.01368	0.01520	0.01064	0.01064	0.01520	0.01368	0.01976	0.02279	0.03343	0.02127	0.06382	0.66720	0.01368	0.02279	0.00912	0.00456	0.00760
12	0.01320	0.00946	0.01299	0.01414	0.01611	0.00925	0.01195	0.01715	0.02098	0.02815	0.23015	0.08596	0.05867	0.02162	0.01122	0.00353	0.00665	0.41261	0.00831	0.00790
13	0.01948	0.02716	0.17133	0.03355	0.04295	0.02117	0.50004	0.02720	0.01966	0.02720	0.01683	0.02196	0.01249	0.00736	0.00965	0.00283	0.01399	0.00929	0.00416	0.01170
14	0.01037	0.00741	0.00987	0.01185	0.01234	0.00691	0.00790	0.01185	0.01629	0.02172	0.04690	0.69537	0.05629	0.02666	0.01086	0.00346	0.00494	0.02419	0.00790	0.00691
15	0.03033	0.02522	0.02590	0.02299	0.09180	0.10966	0.01695	0.44868	0.03458	0.04524	0.01873	0.01968	0.01381	0.00955	0.00828	0.00244	0.01008	0.00723	0.00733	0.05153

[dist]
# distance from previous block
# <min> <max>
0	1

[block]
# block no. 9 follows, 21 sequences, length 83
# corresponding to MSA columns:
# 219-301
name=unknown_J
#
# <colnr> <probs for GDERKNQSTAVLIFYWHMCP>
#	G	D	E	R	K	N	Q	S	T	A	V	L	I	F	Y	W	H	M	C	P
0	0.23317	0.01696	0.01837	0.01505	0.02093	0.01781	0.01225	0.10925	0.14797	0.28338	0.02618	0.02431	0.01799	0.00998	0.00767	0.00268	0.00722	0.00758	0.00845	0.01282
1	0.05138	0.01219	0.05150	0.01561	0.07289	0.01109	0.01027	0.01542	0.01455	0.02087	0.02896	0.21647	0.03281	0.34764	0.02663	0.00561	0.03915	0.01408	0.00564	0.00725
2	0.06465	0.03379	0.15008	0.02071	0.02712	0.29812	0.01866	0.16936	0.02552	0.03080	0.01843	0.02010	0.04002	0.00974	0.00872	0.00249	0.03823	0.00675	0.00538	0.01133
3	0.01481	0.01105	0.01340	0.01316	0.01563	0.01056	0.00949	0.10769	0.02017	0.02753	0.03832	0.49508	0.04364	0.02124	0.00986	0.00301	0.00582	0.01893	0.00759	0.11302
4	0.01899	0.01319	0.01536	0.01437	0.01793	0.01357	0.01130	0.09142	0.16557	0.10078	0.07028	0.17253	0.13631	0.01779	0.00980	0.00307	0.00641	0.10248	0.00849	0.01037
5	0.10643	0.02211	0.03009	0.04115	0.44952	0.08170	0.02221	0.09246	0.02156	0.03117	0.01576	0.01964	0.01287	0.00802	0.00801	0.00251	0.01012	0.00706	0.00482	0.01277
6	0.01884	0.01894	0.05792	0.17602	0.42753	0.01856	0.02381	0.02412	0.01936	0.02722	0.08624	0.02603	0.02042	0.00890	0.00861	0.00262	0.00979	0.00840	0.00467	0.01200
7	0.16980	0.02752	0.02048	0.01774	0.02264	0.30371	0.01383	0.14575	0.02541	0.06995	0.08633	0.02228	0.01971	0.00996	0.00770	0.00243	0.01073	0.00704	0.00629	0.01072
8	0.01490	0.01250	0.01410	0.01492	0.01735	0.06696	0.01208	0.01804	0.01894	0.02437	0.03936	0.23081	0.04339	0.02107	0.01056	0.00335	0.00759	0.33101	0.00724	0.09146
9	0.01197	0.00808	0.00940	0.00980	0.00989	0.00798	0.00571	0.01227	0.01316	0.01755	0.03083	0.18372	0.03601	0.56597	0.03682	0.00729	0.00759	0.01474	0.00571	0.00551
10	0.01550	0.01122	0.01320	0.01276	0.01476	0.01123	0.00895	0.12897	0.01997	0.02694	0.03508	0.37113	0.03954	0.18501	0.01797	0.00431	0.00667	0.01703	0.00718	0.05256
11	0.57651	0.01733	0.01485	0.01284	0.01811	0.01976	0.01047	0.13813	0.01948	0.04016	0.01559	0.05586	0.01304	0.00947	0.00622	0.00267	0.00702	0.00636	0.00605	0.01009
12	0.42916	0.14999	0.02204	0.05355	0.02200	0.02334	0.01250	0.14389	0.02028	0.03681	0.01376	0.01564	0.01072	0.00828	0.00615	0.00247	0.00791	0.00539	0.00552	0.01061
13	0.02106	0.02022	0.03454	0.05223	0.64784	0.02022	0.02612	0.02612	0.01938	0.02780	0.01601	0.02106	0.01348	0.00758	0.00842	0.00253	0.01011	0.00758	0.00421	0.01348
14	0.12525	0.45250	0.18486	0.01638	0.02463	0.02833	0.01780	0.02576	0.01706	0.02421	0.01265	0.01470	0.01065	0.00756	0.00605	0.00214	0.00957	0.00497	0.00386	0.01107
15	0.02765	0.02978	0.02652	0.12264	0.14528	0.32567	0.01921	0.14794	0.02540	0.02881	0.01542	0.01848	0.01218	0.00880	0.00810	0.00242	0.01261	0.00661	0.00509	0.01139
16	0.03126	0.02002	0.02275	0.01728	0.02416	0.02037	0.01422	0.37350	0.03229	0.19768	0.02277	0.02206	0.01578	0.00962	0.00814	0.00235	0.00831	0.00743	0.00842	0.14158
17	0.03089	0.02910	0.02607	0.02404	0.09615	0.24296	0.01738	0.35419	0.03230	0.03960	0.01747	0.01878	0.01317	0.00943	0.00822	0.00243	0.01148	0.00691	0.00663	0.01280
18	0.01766	0.03988	0.53763	0.02654	0.03833	0.02011	0.14649	0.02701	0.01838	0.02701	0.01565	0.01895	0.01120	0.00791	0.00847	0.00273	0.01292	0.00703	0.00373	0.01236
19	0.02715	0.03284	0.02480	0.02207	0.02491	0.44129	0.01721	0.02923	0.02022	0.02071	0.01246	0.01650	0.01104	0.01093	0.01480	0.00273	0.25113	0.00617	0.00415	0.00967
20	0.01454	0.00911	0.01174	0.01126	0.01251	0.00931	0.00775	0.01618	0.01513	0.07542	0.09546	0.04763	0.03275	0.37482	0.22130	0.00874	0.01199	0.01141	0.00592	0.00702
21	0.01827	0.03605	0.43445	0.03029	0.10645	0.02026	0.17896	0.02694	0.01866	0.02712	0.01585	0.01957	0.01162	0.00780	0.00862	0.00272	0.01275	0.00738	0.00384	0.01240
22	0.01157	0.00868	0.01071	0.01021	0.01242	0.00783	0.00765	0.01513	0.02296	0.03145	0.50942	0.06798	0.21590	0.01840	0.01004	0.00272	0.00409	0.01601	0.00902	0.00783
23	0.76103	0.01646	0.01251	0.01119	0.01646	0.01909	0.00922	0.02502	0.01448	0.03818	0.01185	0.01382	0.00922	0.00790	0.00527	0.00263	0.00658	0.00461	0.00527	0.00922
24	0.03179	0.04056	0.02412	0.02192	0.02631	0.66676	0.01644	0.03398	0.02412	0.02083	0.01315	0.01535	0.01096	0.00877	0.00767	0.00219	0.01535	0.00548	0.00438	0.00987
25	0.01110	0.00799	0.01089	0.01208	0.01281	0.00812	0.00837	0.01286	0.01511	0.02058	0.03779	0.43530	0.04348	0.11295	0.20114	0.00690	0.01039	0.01858	0.00664	0.00691
26	0.76103	0.01646	0.01251	0.01119	0.01646	0.01909	0.00922	0.02502	0.01448	0.03818	0.01185	0.01382	0.00922	0.00790	0.00527	0.00263	0.00658	0.00461	0.00527	0.00922
27	0.03235	0.02384	0.02554	0.01958	0.02639	0.02639	0.01618	0.61946	0.04001	0.05363	0.02043	0.02043	0.01447	0.01022	0.00851	0.00255	0.00936	0.00766	0.00851	0.01447
28	0.01238	0.00825	0.00928	0.00928	0.00928	0.00825	0.00516	0.01238	0.01238	0.01650	0.02681	0.05569	0.03094	0.70092	0.04331	0.00825	0.00825	0.01238	0.00516	0.00516
29	0.01220	0.00894	0.01280	0.01280	0.01401	0.01016	0.00954	0.01463	0.01342	0.01910	0.02360	0.03789	0.02321	0.19134	0.54233	0.01259	0.01988	0.00977	0.00468	0.00711
30	0.01345	0.00949	0.01283	0.01439	0.01596	0.00949	0.01200	0.01658	0.01815	0.02367	0.04141	0.08793	0.04537	0.15910	0.01807	0.00479	0.00792	0.47483	0.00730	0.00730
31	0.01006	0.00862	0.00862	0.00862	0.01149	0.00718	0.00647	0.01221	0.01940	0.02299	0.08621	0.08190	0.64438	0.02155	0.01006	0.00287	0.00431	0.01796	0.00790	0.00718
32	0.01238	0.00825	0.00928	0.00928	0.00928	0.00825	0.00516	0.01238	0.01238	0.01650	0.02681	0.05569	0.03094	0.70092	0.04331	0.00825	0.00825	0.01238	0.00516	0.00516
33	0.76103	0.01646	0.01251	0.01119	0.01646	0.01909	0.00922	0.02502	0.01448	0.03818	0.01185	0.01382	0.00922	0.00790	0.00527	0.00263	0.00658	0.00461	0.00527	0.00922
34	0.03408	0.01561	0.02135	0.01959	0.09209	0.01448	0.01416	0.04023	0.10169	0.50427	0.03174	0.02843	0.02084	0.01033	0.00856	0.00265	0.00750	0.00858	0.00958	0.01424
35	0.02342	0.01906	0.02553	0.38203	0.04406	0.02229	0.02027	0.29166	0.02740	0.03614	0.01752	0.02167	0.01276	0.00928	0.00851	0.00271	0.01045	0.00761	0.00592	0.01172
36	0.03179	0.04056	0.02412	0.02192	0.02631	0.66676	0.01644	0.03398	0.02412	0.02083	0.01315	0.01535	0.01096	0.00877	0.00767	0.00219	0.01535	0.00548	0.00438	0.00987
37	0.01837	0.01585	0.01657	0.01513	0.01946	0.01765	0.01171	0.03692	0.47832	0.03243	0.04760	0.04436	0.18146	0.01406	0.00901	0.00288	0.00613	0.01172	0.00847	0.01189
38	0.02275	0.70604	0.04459	0.01456	0.02184	0.03367	0.01456	0.02548	0.01729	0.02002	0.01183	0.01365	0.01092	0.00728	0.00546	0.00182	0.00910	0.00455	0.00364	0.01092
39	0.01216	0.00912	0.01368	0.01368	0.01520	0.01064	0.01064	0.01520	0.01368	0.01976	0.02279	0.03343	0.02127	0.06382	0.66720	0.01368	0.02279	0.00912	0.00456	0.00760
40	0.01765	0.01513	0.01765	0.01260	0.02017	0.01134	0.01008	0.02143	0.01765	0.02773	0.01513	0.01765	0.01260	0.00630	0.00630	0.00126	0.00630	0.00504	0.00504	0.75295
41	0.01478	0.00739	0.01109	0.01109	0.01109	0.00739	0.00739	0.01109	0.01109	0.01478	0.01478	0.02587	0.01478	0.02956	0.03326	0.75240	0.00739	0.00739	0.00370	0.00370
42	0.03818	0.01448	0.01975	0.01514	0.02172	0.01251	0.01251	0.04147	0.02436	0.65373	0.03357	0.02897	0.02107	0.01053	0.00856	0.00263	0.00724	0.00856	0.01053	0.01448
43	0.01586	0.00793	0.00793	0.00793	0.00991	0.00793	0.00595	0.01983	0.01785	0.03173	0.02776	0.03173	0.02181	0.00991	0.00595	0.00198	0.00397	0.00793	0.74817	0.00793
44	0.02661	0.01916	0.02105	0.01737	0.02291	0.02106	0.01393	0.26462	0.28129	0.11187	0.08249	0.02985	0.02574	0.01143	0.00871	0.00271	0.00757	0.00925	0.00888	0.01349
45	0.01586	0.00793	0.00793	0.00793	0.00991	0.00793	0.00595	0.01983	0.01785	0.03173	0.02776	0.03173	0.02181	0.00991	0.00595	0.00198	0.00397	0.00793	0.74817	0.00793
46	0.02275	0.70604	0.04459	0.01456	0.02184	0.03367	0.01456	0.02548	0.01729	0.02002	0.01183	0.01365	0.01092	0.00728	0.00546	0.00182	0.00910	0.00455	0.00364	0.01092
47	0.01793	0.01538	0.01778	0.01299	0.02033	0.01215	0.01036	0.02338	0.06796	0.02837	0.01672	0.01880	0.01370	0.00673	0.00650	0.00139	0.00634	0.00542	0.00534	0.69243
48	0.01173	0.00926	0.01305	0.08786	0.01842	0.00994	0.01061	0.01372	0.01609	0.02162	0.04020	0.56037	0.04727	0.02359	0.01210	0.00341	0.06543	0.02085	0.00707	0.00741
49	0.02009	0.02296	0.05022	0.03587	0.04448	0.02152	0.61693	0.02726	0.02009	0.02726	0.01722	0.02296	0.01291	0.00717	0.01004	0.00287	0.01435	0.01004	0.00430	0.01148
50	0.01037	0.00741	0.00987	0.01185	0.01234	0.00691	0.00790	0.01185	0.01629	0.02172	0.04690	0.69537	0.05629	0.02666	0.01086	0.00346	0.00494	0.02419	0.00790	0.00691
51	0.01309	0.01732	0.13990	0.01825	0.11221	0.01162	0.01433	0.01720	0.01911	0.02449	0.06171	0.06018	0.42496	0.01680	0.00942	0.00279	0.00681	0.01411	0.00650	0.00919
52	0.01881	0.24737	0.46877	0.02128	0.03223	0.02404	0.02626	0.02650	0.01776	0.02482	0.01422	0.01664	0.01082	0.00784	0.00728	0.00243	0.01151	0.00575	0.00361	0.01207
53	0.01216	0.00912	0.01368	0.01368	0.01520	0.01064	0.01064	0.01520	0.01368	0.01976	0.02279	0.03343	0.02127	0.06382	0.66720	0.01368	0.02279	0.00912	0.00456	0.00760
54	0.02106	0.02022	0.03454	0.05223	0.64784	0.02022	0.02612	0.02612	0.01938	0.02780	0.01601	0.02106	0.01348	0.00758	0.00842	0.00253	0.01011	0.00758	0.00421	0.01348
55	0.01742	0.04193	0.60216	0.02671	0.09051	0.01980	0.03097	0.02688	0.01809	0.02703	0.01534	0.01824	0.01102	0.00804	0.00812	0.00268	0.01236	0.00640	0.00365	0.01266
56	0.02106	0.02022	0.03454	0.05223	0.64784	0.02022	0.02612	0.02612	0.01938	0.02780	0.01601	0.02106	0.01348	0.00758	0.00842	0.00253	0.01011	0.00758	0.00421	0.01348
57	0.02106	0.02022	0.03454	0.05223	0.64784	0.02022	0.02612	0.02612	0.01938	0.02780	0.01601	0.02106	0.01348	0.00758	0.00842	0.00253	0.01011	0.00758	0.00421	0.01348
58	0.01607	0.01513	0.02552	0.68047	0.05861	0.01891	0.02363	0.02174	0.01702	0.02174	0.01513	0.02269	0.01134	0.00851	0.00851	0.00284	0.01134	0.00756	0.00378	0.00945
59	0.02974	0.03200	0.05254	0.04794	0.02777	0.33589	0.01706	0.23395	0.08242	0.03363	0.01770	0.01894	0.01349	0.00947	0.00810	0.00243	0.01226	0.00671	0.00611	0.01186
60	0.01218	0.00902	0.01318	0.01318	0.01453	0.01037	0.01002	0.01488	0.01353	0.01939	0.02325	0.03593	0.02236	0.13537	0.59713	0.01307	0.02116	0.00948	0.00463	0.00732
61	0.01204	0.00870	0.01138	0.01071	0.01271	0.00803	0.00803	0.01606	0.02409	0.03413	0.64335	0.06357	0.08030	0.01740	0.01004	0.00268	0.00401	0.01539	0.00937	0.00803
62	0.01037	0.00741	0.00987	0.01185	0.01234	0.00691	0.00790	0.01185	0.01629	0.02172	0.04690	0.69537	0.05629	0.02666	0.01086	0.00346	0.00494	0.02419	0.00790	0.00691
63	0.01586	0.00793	0.00793	0.00793	0.00991	0.00793	0.00595	0.01983	0.01785	0.03173	0.02776	0.03173	0.02181	0.00991	0.00595	0.00198	0.00397	0.00793	0.74817	0.00793
64	0.03108	0.02526	0.02543	0.02009	0.02603	0.09828	0.01642	0.50109	0.03586	0.04704	0.01880	0.01970	0.01379	0.01046	0.01012	0.00262	0.06942	0.00740	0.00763	0.01350
65	0.03179	0.04056	0.02412	0.02192	0.02631	0.66676	0.01644	0.03398	0.02412	0.02083	0.01315	0.01535	0.01096	0.00877	0.00767	0.00219	0.01535	0.00548	0.00438	0.00987
66	0.01975	0.02532	0.11834	0.03456	0.04362	0.02132	0.55118	0.02722	0.01985	0.02722	0.01700	0.02240	0.01267	0.00728	0.00982	0.00285	0.01415	0.00962	0.00422	0.01160
67	0.01132	0.00843	0.01053	0.01051	0.01240	0.00764	0.00769	0.01446	0.02162	0.02946	0.41463	0.19139	0.18848	0.02005	0.01020	0.00287	0.00426	0.01763	0.00879	0.00764
68	0.02275	0.70604	0.04459	0.01456	0.02184	0.03367	0.01456	0.02548	0.01729	0.02002	0.01183	0.01365	0.01092	0.00728	0.00546	0.00182	0.00910	0.00455	0.00364	0.01092
69	0.01371	0.00980	0.01371	0.01567	0.01763	0.00980	0.01371	0.01763	0.01959	0.02547	0.04506	0.09599	0.04898	0.02351	0.01175	0.00392	0.00784	0.59056	0.00784	0.00784
70	0.03235	0.02384	0.02554	0.01958	0.02639	0.02639	0.01618	0.61946	0.04001	0.05363	0.02043	0.02043	0.01447	0.01022	0.00851	0.00255	0.00936	0.00766	0.00851	0.01447
71	0.01006	0.00862	0.00862	0.00862	0.01149	0.00718	0.00647	0.01221	0.01940	0.02299	0.08621	0.08190	0.64438	0.02155	0.01006	0.00287	0.00431	0.01796	0.00790	0.00718
72	0.02009	0.02296	0.05022	0.03587	0.04448	0.02152	0.61693	0.02726	0.02009	0.02726	0.01722	0.02296	0.01291	0.00717	0.01004	0.00287	0.01435	0.01004	0.00430	0.01148
73	0.03179	0.04056	0.02412	0.02192	0.02631	0.66676	0.01644	0.03398	0.02412	0.02083	0.01315	0.01535	0.01096	0.00877	0.00767	0.00219	0.01535	0.00548	0.00438	0.00987
74	0.03418	0.02090	0.02372	0.01819	0.02493	0.02203	0.01502	0.43794	0.03510	0.24210	0.02456	0.02311	0.01654	0.01032	0.00853	0.00258	0.00870	0.00794	0.00915	0.01448
75	0.02275	0.70604	0.04459	0.01456	0.02184	0.03367	0.01456	0.02548	0.01729	0.02002	0.01183	0.01365	0.01092	0.00728	0.00546	0.00182	0.00910	0.00455	0.00364	0.01092
76	0.01037	0.00741	0.00987	0.01185	0.01234	0.00691	0.00790	0.01185	0.01629	0.02172	0.04690	0.69537	0.05629	0.02666	0.01086	0.00346	0.00494	0.02419	0.00790	0.00691
77	0.01186	0.00854	0.01025	0.01025	0.01121	0.00864	0.00680	0.01305	0.01411	0.01862	0.03769	0.05534	0.15129	0.40476	0.19352	0.00854	0.01112	0.01267	0.00556	0.00618
78	0.01586	0.00793	0.00793	0.00793	0.00991	0.00793	0.00595	0.01983	0.01785	0.03173	0.02776	0.03173	0.02181	0.00991	0.00595	0.00198	0.00397	0.00793	0.74817	0.00793
79	0.03179	0.04056	0.02412	0.02192	0.02631	0.66676	0.01644	0.03398	0.02412	0.02083	0.01315	0.01535	0.01096	0.00877	0.00767	0.00219	0.01535	0.00548	0.00438	0.00987
80	0.01657	0.01383	0.01636	0.01233	0.01851	0.01093	0.00958	0.01986	0.01671	0.02577	0.01711	0.02331	0.01543	0.08936	0.06852	0.00314	0.00797	0.00622	0.00501	0.60349
81	0.02192	0.02459	0.08804	0.04637	0.52436	0.09279	0.02550	0.02707	0.01979	0.02694	0.01562	0.02015	0.01296	0.00776	0.00831	0.00250	0.01091	0.00723	0.00418	0.01299
