[name]
unknown

[dist]
# distance from previous block
# <min> <max>
6	14

[block]
# block no. 0 follows, 18 sequences, length 49
# corresponding to MSA columns:
# 15-63
name=unknown_A
#
# <colnr> <probs for GDERKNQSTAVLIFYWHMCP>
#	G	D	E	R	K	N	Q	S	T	A	V	L	I	F	Y	W	H	M	C	P
0	0.22605	0.02383	0.06005	0.03572	0.30671	0.05771	0.02133	0.10456	0.02266	0.03643	0.01645	0.01992	0.01309	0.00876	0.00808	0.00275	0.01020	0.00709	0.00547	0.01313
1	0.02227	0.03228	0.23001	0.02751	0.03490	0.07007	0.14207	0.07871	0.02092	0.02919	0.01593	0.02075	0.01261	0.01099	0.01560	0.00323	0.20804	0.00807	0.00463	0.01224
2	0.01778	0.02228	0.19272	0.02078	0.07717	0.01409	0.01904	0.02333	0.02102	0.08198	0.04871	0.06097	0.20326	0.01713	0.01036	0.00325	0.00895	0.13918	0.00707	0.01092
3	0.29743	0.07335	0.02148	0.01709	0.02251	0.16641	0.01369	0.08329	0.11342	0.03513	0.01863	0.02041	0.01477	0.01361	0.05008	0.00351	0.01098	0.00667	0.00618	0.01137
4	0.01867	0.08567	0.01824	0.01417	0.01783	0.15088	0.01067	0.02082	0.02007	0.02331	0.04430	0.13807	0.19607	0.11011	0.01455	0.00355	0.00873	0.01361	0.00648	0.08420
5	0.01943	0.01112	0.01494	0.01468	0.01676	0.01107	0.01091	0.02157	0.01917	0.16337	0.04169	0.36656	0.04446	0.08248	0.01605	0.00406	0.06507	0.05864	0.00851	0.00949
6	0.01970	0.02095	0.08343	0.09446	0.34618	0.01871	0.02299	0.05260	0.02167	0.02952	0.03497	0.03781	0.15411	0.01197	0.00948	0.00286	0.00977	0.01066	0.00560	0.01254
7	0.01399	0.01241	0.01226	0.01183	0.01451	0.06585	0.00881	0.01720	0.02353	0.03002	0.32262	0.10397	0.28894	0.02024	0.01065	0.00297	0.00563	0.01724	0.00890	0.00842
8	0.01148	0.00902	0.00966	0.00996	0.01198	0.00798	0.00687	0.01316	0.01869	0.02298	0.07212	0.16413	0.40223	0.17618	0.01932	0.00454	0.00574	0.01893	0.00784	0.00720
9	0.01512	0.00886	0.00971	0.00954	0.01140	0.00858	0.00684	0.01858	0.01997	0.03152	0.17018	0.05010	0.07984	0.12221	0.01432	0.00348	0.00507	0.01194	0.39468	0.00804
10	0.01615	0.01222	0.01581	0.01949	0.12478	0.01220	0.01161	0.02150	0.07936	0.02813	0.04192	0.15940	0.12394	0.10982	0.01456	0.00374	0.00671	0.01423	0.17489	0.00953
11	0.01625	0.00955	0.01248	0.01262	0.01441	0.00881	0.00886	0.01854	0.02020	0.11290	0.17685	0.35222	0.05740	0.11553	0.01610	0.00414	0.00596	0.01965	0.00888	0.00865
12	0.01312	0.00984	0.01476	0.01476	0.01640	0.01148	0.01148	0.01640	0.01476	0.02131	0.02459	0.03607	0.02295	0.06886	0.64092	0.01476	0.02459	0.00984	0.00492	0.00820
13	0.01474	0.01222	0.01786	0.01693	0.01819	0.01535	0.01348	0.01772	0.01460	0.02150	0.02168	0.03236	0.02042	0.05659	0.49895	0.01226	0.17241	0.00942	0.00471	0.00863
14	0.02006	0.01333	0.01586	0.01415	0.01805	0.01342	0.01096	0.03031	0.19175	0.12872	0.31041	0.05465	0.10804	0.01620	0.01015	0.00297	0.00575	0.01391	0.00994	0.01136
15	0.01355	0.01082	0.01167	0.01091	0.01418	0.00986	0.00833	0.06671	0.02416	0.03067	0.21053	0.07762	0.43576	0.02107	0.01069	0.00302	0.00507	0.01771	0.00896	0.00869
16	0.47224	0.17129	0.02138	0.01285	0.01854	0.02257	0.01110	0.02574	0.01780	0.03602	0.09787	0.02245	0.02120	0.00982	0.00646	0.00264	0.00734	0.00660	0.00590	0.01019
17	0.01265	0.00909	0.00909	0.00909	0.01191	0.00798	0.00682	0.01554	0.02045	0.02752	0.07487	0.07279	0.44572	0.01964	0.00958	0.00282	0.00454	0.01626	0.21566	0.00798
18	0.01326	0.00875	0.01002	0.01033	0.01053	0.00868	0.00604	0.01373	0.01429	0.01955	0.03208	0.14588	0.03672	0.54662	0.03943	0.00778	0.00813	0.01490	0.04729	0.00601
19	0.01348	0.00919	0.01117	0.01139	0.01320	0.00837	0.00797	0.01575	0.02017	0.05829	0.18913	0.25479	0.19774	0.12706	0.01672	0.00415	0.00563	0.01929	0.00858	0.00795
20	0.01119	0.00799	0.01065	0.01278	0.01332	0.00746	0.00852	0.01278	0.01758	0.02344	0.05061	0.67132	0.06073	0.02877	0.01172	0.00373	0.00533	0.02610	0.00852	0.00746
21	0.01166	0.00832	0.01038	0.01183	0.01247	0.00782	0.00770	0.01295	0.01690	0.02225	0.04936	0.47698	0.10407	0.17914	0.01979	0.00488	0.00610	0.02254	0.00784	0.00704
22	0.01106	0.00850	0.01013	0.01143	0.01296	0.00757	0.00792	0.01294	0.01889	0.02397	0.06715	0.44388	0.27748	0.02662	0.01138	0.00348	0.00506	0.02348	0.00852	0.00757
23	0.03210	0.02432	0.02598	0.02056	0.02740	0.02716	0.01677	0.46365	0.17351	0.05334	0.02561	0.02489	0.01850	0.01136	0.00922	0.00284	0.00944	0.00876	0.00922	0.01536
24	0.01335	0.00890	0.01001	0.01001	0.01001	0.00890	0.00556	0.01335	0.01335	0.01780	0.02893	0.06009	0.03338	0.67731	0.04673	0.00890	0.00890	0.01335	0.00556	0.00556
25	0.01516	0.01264	0.01786	0.01670	0.01761	0.01586	0.01302	0.01756	0.01434	0.02099	0.02167	0.03526	0.02146	0.14962	0.37145	0.01074	0.20512	0.00987	0.00476	0.00831
26	0.01673	0.01158	0.01289	0.01184	0.01311	0.01198	0.00759	0.10440	0.01869	0.02508	0.05735	0.05452	0.03326	0.53910	0.03901	0.00763	0.00886	0.01271	0.00636	0.00730
27	0.02273	0.02182	0.03727	0.05636	0.62003	0.02182	0.02818	0.02818	0.02091	0.03000	0.01727	0.02273	0.01454	0.00818	0.00909	0.00273	0.01091	0.00818	0.00455	0.01454
28	0.02958	0.02263	0.02430	0.01937	0.02585	0.02483	0.01560	0.38226	0.17924	0.04882	0.02581	0.02690	0.01951	0.04674	0.01106	0.00307	0.00909	0.00886	0.00875	0.06774
29	0.01111	0.00914	0.00978	0.00999	0.01266	0.00781	0.00735	0.01355	0.02100	0.02585	0.14055	0.16270	0.48970	0.02352	0.01096	0.00316	0.00471	0.01998	0.00869	0.00781
30	0.03258	0.03742	0.02541	0.02251	0.02769	0.45661	0.01719	0.11665	0.11950	0.02998	0.01896	0.02012	0.01492	0.01015	0.00857	0.00254	0.01418	0.00695	0.00609	0.01196
31	0.02317	0.03290	0.20691	0.03665	0.22561	0.11952	0.10585	0.03179	0.07350	0.02922	0.01854	0.02211	0.01440	0.00886	0.00913	0.00281	0.01289	0.00799	0.00483	0.01334
32	0.01595	0.00797	0.01196	0.01196	0.01196	0.00797	0.00797	0.01196	0.01196	0.01595	0.01595	0.02791	0.01595	0.03190	0.03589	0.73285	0.00797	0.00797	0.00399	0.00399
33	0.03782	0.02104	0.02466	0.01891	0.02614	0.02153	0.01562	0.33706	0.03534	0.32128	0.02861	0.02631	0.01891	0.01118	0.00921	0.00280	0.00904	0.00871	0.01019	0.01562
34	0.01119	0.00799	0.01065	0.01278	0.01332	0.00746	0.00852	0.01278	0.01758	0.02344	0.05061	0.67132	0.06073	0.02877	0.01172	0.00373	0.00533	0.02610	0.00852	0.00746
35	0.02009	0.02009	0.02812	0.02411	0.02411	0.02812	0.02009	0.02210	0.01406	0.02210	0.01205	0.02009	0.01205	0.01607	0.03013	0.00402	0.66051	0.00804	0.00402	0.01004
36	0.74217	0.01776	0.01350	0.01207	0.01776	0.02060	0.00994	0.02699	0.01563	0.04120	0.01278	0.01492	0.00994	0.00852	0.00568	0.00284	0.00710	0.00497	0.00568	0.00994
37	0.02273	0.02182	0.03727	0.05636	0.62003	0.02182	0.02818	0.02818	0.02091	0.03000	0.01727	0.02273	0.01454	0.00818	0.00909	0.00273	0.01091	0.00818	0.00455	0.01454
38	0.03430	0.04376	0.02602	0.02365	0.02839	0.64045	0.01774	0.03666	0.02602	0.02247	0.01419	0.01656	0.01183	0.00946	0.00828	0.00237	0.01656	0.00591	0.00473	0.01064
39	0.01176	0.00840	0.01131	0.01344	0.01422	0.00795	0.00951	0.01377	0.01814	0.02408	0.05029	0.58179	0.05949	0.02823	0.01187	0.00381	0.00582	0.11002	0.00851	0.00762
40	0.01326	0.00925	0.01180	0.01180	0.01242	0.00987	0.00779	0.01450	0.01388	0.01913	0.02729	0.05103	0.02945	0.44779	0.27088	0.01111	0.01482	0.01203	0.00532	0.00656
41	0.01128	0.00911	0.01011	0.01079	0.01321	0.00794	0.00804	0.01361	0.02017	0.02473	0.07918	0.22534	0.43666	0.02473	0.01122	0.00335	0.00515	0.06915	0.00852	0.00775
42	0.02201	0.02089	0.03446	0.13317	0.49106	0.02172	0.02658	0.02943	0.07369	0.02989	0.01898	0.02401	0.01547	0.00870	0.00913	0.00281	0.01075	0.00838	0.00492	0.01396
43	0.01418	0.00950	0.01150	0.01152	0.01398	0.00840	0.00843	0.01689	0.02163	0.08111	0.20127	0.25276	0.26930	0.02276	0.01096	0.00321	0.00506	0.01981	0.00916	0.00859
44	0.01871	0.04546	0.57825	0.02729	0.04048	0.02149	0.08337	0.02911	0.01959	0.02911	0.01667	0.01987	0.01184	0.00864	0.00891	0.00292	0.01374	0.00715	0.00395	0.01346
45	0.02217	0.02462	0.09397	0.05082	0.47690	0.02199	0.11678	0.02846	0.02089	0.02982	0.01740	0.02274	0.01418	0.00816	0.00933	0.00280	0.01187	0.00847	0.00450	0.01411
46	0.28424	0.29649	0.10580	0.01653	0.02399	0.09183	0.01611	0.02847	0.01842	0.02971	0.01338	0.01557	0.01110	0.00837	0.00642	0.00244	0.01001	0.00527	0.00464	0.01122
47	0.01894	0.07997	0.57140	0.02702	0.06584	0.02214	0.03269	0.02895	0.01942	0.02872	0.01632	0.01929	0.01177	0.00865	0.00859	0.00285	0.01325	0.00675	0.00391	0.01352
48	0.02206	0.03158	0.25995	0.12287	0.03662	0.06691	0.02402	0.03597	0.20946	0.06237	0.02411	0.02544	0.01765	0.01020	0.00899	0.00296	0.01123	0.00823	0.00614	0.01324

[dist]
# distance from previous block
# <min> <max>
0	3

[block]
# block no. 1 follows, 18 sequences, length 192
# corresponding to MSA columns:
# 67-113,133-277
name=unknown_B
#
# <colnr> <probs for GDERKNQSTAVLIFYWHMCP>
#	G	D	E	R	K	N	Q	S	T	A	V	L	I	F	Y	W	H	M	C	P
0	0.11922	0.02150	0.06699	0.10342	0.35909	0.02009	0.02328	0.02686	0.01957	0.03079	0.01638	0.02110	0.01337	0.00816	0.00828	0.00259	0.01010	0.00726	0.00474	0.11720
1	0.01940	0.01739	0.02118	0.09547	0.06168	0.05685	0.01602	0.03016	0.21157	0.02762	0.02538	0.03046	0.02100	0.02987	0.20225	0.04370	0.06361	0.00925	0.00614	0.01100
2	0.02791	0.02806	0.02724	0.02681	0.10885	0.20794	0.01892	0.16091	0.07037	0.03294	0.01953	0.05236	0.01673	0.01217	0.01336	0.00297	0.14592	0.00853	0.00613	0.01236
3	0.02720	0.02007	0.02162	0.01787	0.02335	0.02235	0.01437	0.31439	0.17494	0.04620	0.02738	0.02823	0.02060	0.01572	0.05682	0.00365	0.00950	0.00896	0.13321	0.01356
4	0.02307	0.01800	0.02652	0.03431	0.28717	0.01828	0.02011	0.03208	0.14031	0.10600	0.03322	0.04363	0.05711	0.01323	0.00987	0.00310	0.00902	0.10445	0.00727	0.01326
5	0.01233	0.00890	0.01002	0.01029	0.01133	0.00836	0.00653	0.01341	0.01668	0.02148	0.07823	0.15660	0.20204	0.36993	0.02996	0.00625	0.00698	0.01703	0.00703	0.00660
6	0.02267	0.01769	0.02197	0.01881	0.02235	0.02086	0.01525	0.23682	0.02552	0.03545	0.02145	0.02794	0.01826	0.03759	0.29341	0.00830	0.12898	0.00892	0.00640	0.01136
7	0.02150	0.02040	0.03379	0.19051	0.44728	0.02157	0.02653	0.02867	0.06466	0.02914	0.01858	0.02400	0.01504	0.00874	0.00913	0.00283	0.01094	0.00834	0.00480	0.01355
8	0.01189	0.00829	0.01045	0.01189	0.01225	0.00793	0.00756	0.01297	0.01621	0.02161	0.04359	0.47332	0.05187	0.23886	0.02306	0.00540	0.00649	0.02197	0.00756	0.00684
9	0.02108	0.02014	0.03430	0.23928	0.44997	0.02138	0.02736	0.02674	0.02013	0.02800	0.01698	0.02326	0.01384	0.00849	0.00912	0.00283	0.01131	0.00817	0.00440	0.01322
10	0.16752	0.02179	0.02903	0.13440	0.29687	0.05224	0.02204	0.11067	0.02300	0.03497	0.01679	0.02105	0.01329	0.00889	0.00840	0.00279	0.01051	0.00744	0.00539	0.01292
11	0.01863	0.01634	0.02600	0.03709	0.36518	0.01596	0.01946	0.02168	0.01937	0.02629	0.03571	0.03980	0.16308	0.01600	0.01416	0.12904	0.00886	0.01090	0.00543	0.01105
12	0.01186	0.00919	0.00987	0.00978	0.01184	0.00821	0.00675	0.01372	0.01925	0.02412	0.13553	0.07751	0.37819	0.21957	0.02165	0.00482	0.00589	0.01724	0.00782	0.00720
13	0.02559	0.61463	0.04576	0.01656	0.02408	0.10081	0.01593	0.02847	0.01944	0.02170	0.01292	0.01492	0.01179	0.00803	0.00615	0.00201	0.01054	0.00502	0.00401	0.01166
14	0.02732	0.16835	0.03226	0.02258	0.02701	0.29044	0.04639	0.03140	0.05580	0.02350	0.01496	0.01855	0.01295	0.01091	0.01355	0.00278	0.17879	0.00676	0.00465	0.01105
15	0.01360	0.01040	0.01204	0.01253	0.01473	0.01006	0.00960	0.01777	0.06428	0.02495	0.05935	0.08185	0.25496	0.18424	0.02014	0.00488	0.00706	0.18178	0.00784	0.00795
16	0.01451	0.01248	0.01280	0.01217	0.01591	0.01236	0.00928	0.02405	0.19885	0.02896	0.07602	0.07184	0.43663	0.01996	0.01039	0.00310	0.00545	0.01663	0.00878	0.00982
17	0.01098	0.00931	0.00948	0.00944	0.01248	0.00781	0.00708	0.01343	0.02123	0.02552	0.12429	0.08718	0.58458	0.02299	0.01085	0.00309	0.00463	0.01921	0.00862	0.00781
18	0.03297	0.02458	0.02652	0.02021	0.02766	0.02650	0.01665	0.52053	0.04024	0.05447	0.02135	0.02168	0.01537	0.01051	0.00890	0.00259	0.00970	0.00792	0.00873	0.10293
19	0.02273	0.02182	0.03727	0.05636	0.62003	0.02182	0.02818	0.02818	0.02091	0.03000	0.01727	0.02273	0.01454	0.00818	0.00909	0.00273	0.01091	0.00818	0.00455	0.01454
20	0.02285	0.01931	0.02877	0.03844	0.35389	0.01978	0.02122	0.03295	0.16519	0.07757	0.06512	0.03298	0.05898	0.01103	0.00938	0.00286	0.00899	0.00999	0.00683	0.01385
21	0.01525	0.01297	0.01884	0.01761	0.01875	0.01656	0.01411	0.01814	0.01454	0.02155	0.02076	0.03119	0.01962	0.05274	0.45437	0.01148	0.21883	0.00929	0.00464	0.00876
22	0.01335	0.00890	0.01001	0.01001	0.01001	0.00890	0.00556	0.01335	0.01335	0.01780	0.02893	0.06009	0.03338	0.67731	0.04673	0.00890	0.00890	0.01335	0.00556	0.00556
23	0.03102	0.02020	0.02392	0.02120	0.07034	0.02119	0.01567	0.33099	0.03311	0.16343	0.02842	0.10526	0.02354	0.05376	0.01179	0.00326	0.00905	0.01094	0.00896	0.01393
24	0.02009	0.02009	0.02812	0.02411	0.02411	0.02812	0.02009	0.02210	0.01406	0.02210	0.01205	0.02009	0.01205	0.01607	0.03013	0.00402	0.66051	0.00804	0.00402	0.01004
25	0.01335	0.00890	0.01001	0.01001	0.01001	0.00890	0.00556	0.01335	0.01335	0.01780	0.02893	0.06009	0.03338	0.67731	0.04673	0.00890	0.00890	0.01335	0.00556	0.00556
26	0.01312	0.00984	0.01476	0.01476	0.01640	0.01148	0.01148	0.01640	0.01476	0.02131	0.02459	0.03607	0.02295	0.06886	0.64092	0.01476	0.02459	0.00984	0.00492	0.00820
27	0.01199	0.00926	0.01040	0.01017	0.01242	0.00825	0.00729	0.01457	0.02129	0.02755	0.25399	0.07696	0.34101	0.13485	0.01705	0.00403	0.00528	0.01742	0.00854	0.00767
28	0.01144	0.00917	0.01022	0.01029	0.01285	0.00795	0.00759	0.01419	0.02183	0.02772	0.22187	0.15228	0.41476	0.02276	0.01095	0.00312	0.00465	0.01946	0.00893	0.00795
29	0.74217	0.01776	0.01350	0.01207	0.01776	0.02060	0.00994	0.02699	0.01563	0.04120	0.01278	0.01492	0.00994	0.00852	0.00568	0.00284	0.00710	0.00497	0.00568	0.00994
30	0.01132	0.00805	0.01061	0.01261	0.01311	0.00755	0.00834	0.01282	0.01732	0.02309	0.04927	0.63358	0.05904	0.06881	0.01388	0.00405	0.00555	0.02532	0.00834	0.00734
31	0.01342	0.00938	0.01164	0.01146	0.01376	0.00843	0.00844	0.01668	0.02309	0.05869	0.34734	0.19011	0.21045	0.02150	0.01094	0.00310	0.00477	0.01882	0.00946	0.00852
32	0.01184	0.00934	0.01067	0.01033	0.01301	0.00817	0.00775	0.01508	0.02325	0.03032	0.33272	0.07929	0.37316	0.02120	0.01084	0.00300	0.00450	0.01811	0.00925	0.00817
33	0.03430	0.04376	0.02602	0.02365	0.02839	0.64045	0.01774	0.03666	0.02602	0.02247	0.01419	0.01656	0.01183	0.00946	0.00828	0.00237	0.01656	0.00591	0.00473	0.01064
34	0.03490	0.02572	0.02756	0.02113	0.02847	0.02847	0.01745	0.58942	0.04317	0.05787	0.02204	0.02204	0.01561	0.01102	0.00919	0.00276	0.01010	0.00827	0.00919	0.01561
35	0.01840	0.01061	0.01290	0.01177	0.01510	0.00933	0.00888	0.02128	0.02258	0.16180	0.20510	0.11359	0.26124	0.06966	0.01328	0.00348	0.00565	0.01647	0.00934	0.00956
36	0.01105	0.00854	0.01009	0.01132	0.01293	0.00758	0.00787	0.01295	0.01898	0.02401	0.06839	0.42689	0.29368	0.02645	0.01136	0.00347	0.00504	0.02328	0.00852	0.00758
37	0.01167	0.00837	0.01109	0.01245	0.01343	0.00778	0.00856	0.01401	0.01985	0.02705	0.20284	0.50880	0.06771	0.02607	0.01148	0.00350	0.00506	0.02354	0.00895	0.00778
38	0.01204	0.00893	0.01004	0.01035	0.01174	0.00821	0.00683	0.01350	0.01783	0.02281	0.10153	0.17674	0.25520	0.27520	0.02479	0.00542	0.00638	0.01801	0.00751	0.00693
39	0.02016	0.01945	0.03823	0.02836	0.03475	0.01912	0.36553	0.02640	0.02034	0.03032	0.02155	0.02730	0.01672	0.00929	0.01098	0.00288	0.06206	0.00992	0.22562	0.01103
40	0.02455	0.68284	0.04811	0.01571	0.02357	0.03633	0.01571	0.02749	0.01866	0.02160	0.01277	0.01473	0.01178	0.00786	0.00589	0.00196	0.00982	0.00491	0.00393	0.01178
41	0.01196	0.00866	0.01022	0.01100	0.01199	0.00808	0.00716	0.01330	0.01727	0.02245	0.08067	0.30079	0.17454	0.25232	0.02365	0.00535	0.00637	0.01972	0.00758	0.00692
42	0.02659	0.02556	0.03170	0.05672	0.03279	0.12992	0.15717	0.21413	0.02847	0.03609	0.02450	0.02769	0.06033	0.01466	0.04983	0.00363	0.05209	0.00942	0.00642	0.01230
43	0.01875	0.02675	0.18777	0.02968	0.03815	0.01985	0.30731	0.02612	0.01940	0.02733	0.01954	0.02621	0.01558	0.02305	0.16558	0.00592	0.01725	0.00958	0.00452	0.01165
44	0.02696	0.02435	0.02402	0.18293	0.06202	0.21682	0.01824	0.03083	0.02188	0.12829	0.02059	0.02444	0.01571	0.01461	0.05783	0.00365	0.04606	0.00778	0.06177	0.01120
45	0.06262	0.01667	0.01950	0.01675	0.02147	0.01753	0.01320	0.21058	0.05998	0.15623	0.03261	0.18591	0.02945	0.02245	0.08650	0.00450	0.00992	0.01300	0.00877	0.01236
46	0.12987	0.02107	0.08670	0.17698	0.27652	0.01972	0.02305	0.02554	0.01963	0.03017	0.05136	0.02798	0.05385	0.00998	0.00875	0.00287	0.01017	0.00867	0.00508	0.01204
47	0.03267	0.03558	0.02519	0.02177	0.02717	0.40449	0.01682	0.20368	0.03086	0.03346	0.02270	0.02380	0.05984	0.01101	0.00876	0.00254	0.01366	0.00768	0.00639	0.01194
48	0.02222	0.03987	0.35414	0.03113	0.09546	0.12878	0.14007	0.03037	0.02113	0.02809	0.01657	0.02029	0.01240	0.00860	0.00910	0.00283	0.01421	0.00757	0.00424	0.01292
49	0.01947	0.02014	0.03994	0.15873	0.11854	0.02045	0.30500	0.02583	0.01972	0.02691	0.01900	0.02640	0.01524	0.01865	0.11921	0.00506	0.01583	0.00980	0.00457	0.01150
50	0.02975	0.03472	0.02451	0.06114	0.02916	0.41352	0.01724	0.03955	0.20191	0.02740	0.02140	0.02245	0.01680	0.01036	0.00866	0.00264	0.01345	0.00742	0.00610	0.01180
51	0.08046	0.01313	0.01650	0.01393	0.01853	0.01232	0.01105	0.03093	0.05760	0.27611	0.30247	0.04746	0.05163	0.01464	0.00971	0.00288	0.00612	0.01239	0.01024	0.01191
52	0.01298	0.00960	0.01311	0.01351	0.01435	0.01055	0.00963	0.01491	0.01518	0.02110	0.03244	0.22249	0.03573	0.20343	0.28504	0.00963	0.04758	0.01525	0.00606	0.00744
53	0.01844	0.15351	0.13180	0.01978	0.02421	0.02321	0.01883	0.02254	0.01612	0.02295	0.01700	0.02405	0.01544	0.03019	0.21860	0.00688	0.21398	0.00778	0.00427	0.01040
54	0.01717	0.01291	0.01659	0.01515	0.01620	0.01601	0.01190	0.01998	0.01606	0.02611	0.02268	0.03256	0.02054	0.10169	0.10689	0.00537	0.24267	0.00913	0.28169	0.00868
55	0.01198	0.01017	0.01047	0.01041	0.01363	0.00906	0.00796	0.01623	0.06609	0.02599	0.08647	0.08494	0.54232	0.02252	0.01083	0.00316	0.00505	0.04583	0.00859	0.00831
56	0.03052	0.02149	0.02287	0.01803	0.02409	0.02357	0.01473	0.44944	0.03728	0.05204	0.02399	0.02505	0.01757	0.01094	0.00850	0.00260	0.00867	0.00834	0.18639	0.01388
57	0.01355	0.01109	0.01546	0.01931	0.11823	0.01049	0.01173	0.01661	0.02040	0.02726	0.15812	0.25817	0.19897	0.02442	0.04973	0.00392	0.00712	0.01851	0.00791	0.00903
58	0.02284	0.01972	0.02076	0.01869	0.02388	0.02284	0.01453	0.04879	0.60345	0.03841	0.03737	0.03426	0.02803	0.01246	0.00934	0.00311	0.00727	0.01038	0.00934	0.01453
59	0.03430	0.04376	0.02602	0.02365	0.02839	0.64045	0.01774	0.03666	0.02602	0.02247	0.01419	0.01656	0.01183	0.00946	0.00828	0.00237	0.01656	0.00591	0.00473	0.01064
60	0.01192	0.00902	0.01100	0.01119	0.01323	0.00810	0.00813	0.01499	0.02243	0.02998	0.32227	0.22294	0.23625	0.02255	0.01106	0.00316	0.00467	0.01976	0.00925	0.00810
61	0.01269	0.00982	0.01180	0.01279	0.01484	0.00932	0.00959	0.01697	0.06429	0.02642	0.09292	0.30906	0.23291	0.02467	0.01138	0.00353	0.00575	0.11427	0.00866	0.00833
62	0.01236	0.00848	0.01031	0.01129	0.01153	0.00824	0.00692	0.01309	0.01529	0.02039	0.03888	0.34068	0.04594	0.37959	0.03066	0.00653	0.00726	0.01921	0.00692	0.00643
63	0.01983	0.03682	0.36420	0.03118	0.04231	0.02244	0.25888	0.02886	0.02005	0.02886	0.01711	0.02162	0.01259	0.00870	0.01067	0.00304	0.04723	0.00850	0.00420	0.01291
64	0.01163	0.00933	0.01039	0.01012	0.01288	0.00808	0.00759	0.01469	0.02278	0.02919	0.28378	0.08114	0.42280	0.02162	0.01084	0.00302	0.00453	0.01837	0.00910	0.00808
65	0.02069	0.02188	0.03810	0.02969	0.03325	0.02625	0.23707	0.02490	0.01698	0.02490	0.01455	0.02188	0.01277	0.01288	0.02274	0.00366	0.41349	0.00911	0.00426	0.01094
66	0.01119	0.00799	0.01065	0.01278	0.01332	0.00746	0.00852	0.01278	0.01758	0.02344	0.05061	0.67132	0.06073	0.02877	0.01172	0.00373	0.00533	0.02610	0.00852	0.00746
67	0.01165	0.00855	0.01094	0.01200	0.01331	0.00783	0.00837	0.01411	0.02037	0.02738	0.21505	0.42776	0.13830	0.02525	0.01136	0.00341	0.00496	0.02258	0.00897	0.00783
68	0.01734	0.01632	0.02754	0.65524	0.06324	0.02040	0.02550	0.02346	0.01836	0.02346	0.01632	0.02448	0.01224	0.00918	0.00918	0.00306	0.01224	0.00816	0.00408	0.01020
69	0.01734	0.01632	0.02754	0.65524	0.06324	0.02040	0.02550	0.02346	0.01836	0.02346	0.01632	0.02448	0.01224	0.00918	0.00918	0.00306	0.01224	0.00816	0.00408	0.01020
70	0.01172	0.00822	0.01050	0.01210	0.01250	0.00781	0.00779	0.01292	0.01654	0.02205	0.04527	0.52069	0.05399	0.18859	0.02035	0.00500	0.00621	0.02296	0.00779	0.00699
71	0.01220	0.00831	0.01034	0.01167	0.01212	0.00798	0.00746	0.01343	0.01631	0.02221	0.04254	0.44086	0.04995	0.23600	0.02268	0.00530	0.00642	0.02107	0.04624	0.00691
72	0.01842	0.04749	0.62974	0.02617	0.03974	0.02132	0.03392	0.02908	0.01939	0.02908	0.01648	0.01939	0.01163	0.00872	0.00872	0.00291	0.01357	0.00678	0.00388	0.01357
73	0.02167	0.02477	0.05418	0.03870	0.04799	0.02322	0.58669	0.02941	0.02167	0.02941	0.01858	0.02477	0.01393	0.00774	0.01084	0.00310	0.01548	0.01084	0.00464	0.01238
74	0.01113	0.00822	0.01042	0.01218	0.01316	0.00751	0.00826	0.01285	0.01816	0.02368	0.05794	0.57054	0.15677	0.02781	0.01157	0.00362	0.00521	0.02494	0.00852	0.00751
75	0.01278	0.00866	0.01018	0.01075	0.01089	0.00852	0.00635	0.01320	0.01448	0.01930	0.03470	0.22267	0.04066	0.50480	0.03742	0.00753	0.00795	0.01674	0.00635	0.00607
76	0.01205	0.00902	0.01118	0.01133	0.01331	0.00815	0.00824	0.01524	0.02274	0.03073	0.35466	0.22171	0.20339	0.02228	0.01105	0.00314	0.00465	0.01959	0.00935	0.00815
77	0.01300	0.00939	0.01227	0.01155	0.01372	0.00866	0.00866	0.01733	0.02599	0.03682	0.61519	0.06859	0.08664	0.01877	0.01083	0.00289	0.00433	0.01661	0.01011	0.00866
78	0.01827	0.01727	0.02922	0.55171	0.15949	0.02064	0.02596	0.02428	0.01880	0.02459	0.01648	0.02418	0.01264	0.00901	0.00916	0.00300	0.01201	0.00816	0.00416	0.01095
79	0.02284	0.01972	0.02076	0.01869	0.02388	0.02284	0.01453	0.04879	0.60345	0.03841	0.03737	0.03426	0.02803	0.01246	0.00934	0.00311	0.00727	0.01038	0.00934	0.01453
80	0.02349	0.02005	0.02113	0.01882	0.02412	0.02314	0.01469	0.07783	0.57335	0.03945	0.03655	0.03360	0.02736	0.01238	0.00933	0.00310	0.00742	0.01027	0.00933	0.01459
81	0.02586	0.02064	0.02262	0.01764	0.02477	0.02087	0.01422	0.23933	0.17200	0.04237	0.02363	0.02390	0.01790	0.00976	0.00831	0.00231	0.00814	0.00771	0.00779	0.29024
82	0.02342	0.02313	0.03660	0.05440	0.58460	0.05887	0.02755	0.02869	0.02121	0.02955	0.01709	0.02236	0.01438	0.00826	0.00904	0.00271	0.01125	0.00805	0.00456	0.01431
83	0.03490	0.02572	0.02756	0.02113	0.02847	0.02847	0.01745	0.58942	0.04317	0.05787	0.02204	0.02204	0.01561	0.01102	0.00919	0.00276	0.01010	0.00827	0.00919	0.01561
84	0.01538	0.00960	0.01171	0.01106	0.01240	0.00917	0.00730	0.01723	0.01894	0.07187	0.24210	0.06093	0.05187	0.38687	0.03081	0.00625	0.00716	0.01421	0.00766	0.00747
85	0.01480	0.01057	0.01480	0.01691	0.01902	0.01057	0.01480	0.01902	0.02114	0.02748	0.04862	0.10357	0.05284	0.02536	0.01268	0.00423	0.00845	0.55823	0.00845	0.00845
86	0.02009	0.02009	0.02812	0.02411	0.02411	0.02812	0.02009	0.02210	0.01406	0.02210	0.01205	0.02009	0.01205	0.01607	0.03013	0.00402	0.66051	0.00804	0.00402	0.01004
87	0.01139	0.00932	0.01004	0.00986	0.01273	0.00798	0.00740	0.01421	0.02219	0.02780	0.22331	0.08343	0.48414	0.02214	0.01085	0.00305	0.00457	0.01869	0.00892	0.00798
88	0.01514	0.01045	0.01176	0.01148	0.01266	0.01051	0.00742	0.07152	0.01795	0.02416	0.03691	0.16279	0.08019	0.41509	0.03216	0.00661	0.00785	0.01526	0.04287	0.00722
89	0.03490	0.02572	0.02756	0.02113	0.02847	0.02847	0.01745	0.58942	0.04317	0.05787	0.02204	0.02204	0.01561	0.01102	0.00919	0.00276	0.01010	0.00827	0.00919	0.01561
90	0.01312	0.00984	0.01476	0.01476	0.01640	0.01148	0.01148	0.01640	0.01476	0.02131	0.02459	0.03607	0.02295	0.06886	0.64092	0.01476	0.02459	0.00984	0.00492	0.00820
91	0.01214	0.00828	0.01022	0.01166	0.01250	0.00780	0.00777	0.01389	0.01747	0.02404	0.04862	0.47096	0.09585	0.11271	0.01571	0.00419	0.00563	0.02185	0.09138	0.00736
92	0.01119	0.00799	0.01065	0.01278	0.01332	0.00746	0.00852	0.01278	0.01758	0.02344	0.05061	0.67132	0.06073	0.02877	0.01172	0.00373	0.00533	0.02610	0.00852	0.00746
93	0.74217	0.01776	0.01350	0.01207	0.01776	0.02060	0.00994	0.02699	0.01563	0.04120	0.01278	0.01492	0.00994	0.00852	0.00568	0.00284	0.00710	0.00497	0.00568	0.00994
94	0.01167	0.00933	0.01044	0.01016	0.01290	0.00810	0.00762	0.01476	0.02286	0.02939	0.29226	0.08082	0.41420	0.02154	0.01084	0.00302	0.00453	0.01832	0.00913	0.00810
95	0.03028	0.02342	0.02495	0.02019	0.02671	0.02632	0.01633	0.38238	0.25773	0.05042	0.02791	0.02672	0.02037	0.01157	0.00925	0.00289	0.00902	0.00908	0.00925	0.01520
96	0.01335	0.00890	0.01001	0.01001	0.01001	0.00890	0.00556	0.01335	0.01335	0.01780	0.02893	0.06009	0.03338	0.67731	0.04673	0.00890	0.00890	0.01335	0.00556	0.00556
97	0.01312	0.00984	0.01476	0.01476	0.01640	0.01148	0.01148	0.01640	0.01476	0.02131	0.02459	0.03607	0.02295	0.06886	0.64092	0.01476	0.02459	0.00984	0.00492	0.00820
98	0.01170	0.00883	0.01086	0.01175	0.01349	0.00799	0.00848	0.01426	0.02058	0.02695	0.18353	0.33579	0.22949	0.02480	0.01133	0.00339	0.00511	0.05495	0.00886	0.00786
99	0.01257	0.00943	0.01168	0.01130	0.01369	0.00855	0.00859	0.01640	0.02447	0.03334	0.45483	0.07542	0.21527	0.02024	0.01094	0.00302	0.00464	0.04757	0.00963	0.00843
100	0.02426	0.01941	0.02080	0.01850	0.02384	0.02211	0.01445	0.04848	0.55871	0.08399	0.03728	0.03402	0.02762	0.01237	0.00933	0.00309	0.00731	0.01029	0.00950	0.01462
101	0.01904	0.01632	0.01904	0.01360	0.02176	0.01224	0.01088	0.02312	0.01904	0.02992	0.01632	0.01904	0.01360	0.00680	0.00680	0.00136	0.00680	0.00544	0.00544	0.73344
102	0.01328	0.00919	0.01146	0.01146	0.01196	0.00969	0.00737	0.01428	0.01378	0.01888	0.02761	0.05275	0.03020	0.49147	0.22822	0.01069	0.01369	0.01228	0.00537	0.00637
103	0.03490	0.02572	0.02756	0.02113	0.02847	0.02847	0.01745	0.58942	0.04317	0.05787	0.02204	0.02204	0.01561	0.01102	0.00919	0.00276	0.01010	0.00827	0.00919	0.01561
104	0.01116	0.00809	0.01055	0.01251	0.01325	0.00748	0.00840	0.01282	0.01784	0.02354	0.05389	0.62613	0.10379	0.02834	0.01165	0.00368	0.00527	0.02558	0.00852	0.00748
105	0.01685	0.01547	0.02345	0.06871	0.02486	0.01987	0.04546	0.02003	0.01509	0.02222	0.01830	0.02778	0.01702	0.03865	0.29972	0.00868	0.29504	0.00899	0.00446	0.00935
106	0.03270	0.03980	0.02682	0.02511	0.05661	0.52659	0.01841	0.06894	0.02591	0.02497	0.01466	0.01746	0.01221	0.01000	0.01004	0.00253	0.06490	0.00633	0.00494	0.01109
107	0.03194	0.03696	0.02857	0.03021	0.15260	0.43614	0.01990	0.10212	0.02703	0.02836	0.01579	0.01852	0.01286	0.00938	0.00856	0.00249	0.01459	0.00668	0.00523	0.01207
108	0.02463	0.38250	0.18724	0.02170	0.05827	0.13634	0.02118	0.02950	0.02022	0.02402	0.01415	0.01659	0.01189	0.00836	0.00716	0.00230	0.01196	0.00571	0.00409	0.01217
109	0.01979	0.01896	0.03179	0.13934	0.40080	0.01924	0.05208	0.02492	0.02056	0.02807	0.03028	0.03444	0.11819	0.01092	0.00950	0.00286	0.01026	0.01025	0.00517	0.01259
110	0.01820	0.01847	0.02233	0.21455	0.07900	0.09319	0.01785	0.02188	0.01957	0.02404	0.04013	0.04323	0.20717	0.01487	0.01322	0.00313	0.12228	0.01149	0.00562	0.00977
111	0.02392	0.03692	0.25535	0.03611	0.22686	0.17416	0.05897	0.03067	0.02165	0.02777	0.01629	0.02008	0.01276	0.00867	0.00885	0.00273	0.01354	0.00725	0.00435	0.01310
112	0.01273	0.00975	0.01381	0.01381	0.01571	0.01083	0.01070	0.01584	0.01582	0.02192	0.03642	0.04511	0.12553	0.06098	0.53200	0.01274	0.02115	0.01149	0.00554	0.00812
113	0.02805	0.02683	0.02340	0.02039	0.02590	0.17615	0.01590	0.15271	0.35036	0.03833	0.02863	0.02748	0.02158	0.01144	0.00905	0.00286	0.01012	0.00886	0.00818	0.01379
114	0.01641	0.01210	0.01531	0.01640	0.05314	0.01262	0.01108	0.02394	0.16738	0.02901	0.13492	0.20662	0.04336	0.02136	0.01533	0.14772	0.00647	0.01491	0.04266	0.00927
115	0.05681	0.01342	0.01560	0.01433	0.01744	0.01381	0.01085	0.15740	0.02703	0.03805	0.25987	0.24315	0.05692	0.01945	0.01043	0.00312	0.00621	0.01691	0.00915	0.01007
116	0.24063	0.02199	0.06642	0.02205	0.12402	0.09327	0.01552	0.02679	0.06414	0.03179	0.03566	0.03638	0.16190	0.01252	0.00838	0.00285	0.00882	0.00974	0.00621	0.01091
117	0.01135	0.00835	0.01032	0.01180	0.01279	0.00767	0.00790	0.01292	0.01780	0.02311	0.05672	0.49133	0.16789	0.09613	0.01524	0.00415	0.00557	0.02342	0.00821	0.00732
118	0.01416	0.01021	0.01223	0.01254	0.01393	0.01020	0.00857	0.06763	0.01893	0.02505	0.04441	0.31938	0.10796	0.21647	0.07024	0.00591	0.00823	0.01873	0.00745	0.00777
119	0.02492	0.01980	0.02220	0.01639	0.02425	0.01826	0.01332	0.23300	0.02798	0.04028	0.01844	0.02015	0.01435	0.00836	0.00768	0.00188	0.00802	0.00649	0.00683	0.46740
120	0.01191	0.00892	0.01106	0.01143	0.01328	0.00806	0.00823	0.01490	0.02210	0.02971	0.31155	0.26759	0.20157	0.02304	0.01112	0.00321	0.00473	0.02031	0.00923	0.00806
121	0.01416	0.01124	0.01300	0.01286	0.01549	0.01120	0.00950	0.02200	0.14675	0.03106	0.23011	0.21436	0.19128	0.02092	0.01073	0.00319	0.00528	0.01826	0.00918	0.00941
122	0.01179	0.00863	0.01112	0.01227	0.01360	0.00796	0.00869	0.01430	0.02030	0.02722	0.19953	0.41999	0.13269	0.02539	0.01144	0.00347	0.00515	0.04969	0.00892	0.00785
123	0.01335	0.00890	0.01001	0.01001	0.01001	0.00890	0.00556	0.01335	0.01335	0.01780	0.02893	0.06009	0.03338	0.67731	0.04673	0.00890	0.00890	0.01335	0.00556	0.00556
124	0.01116	0.00873	0.01013	0.01102	0.01291	0.00769	0.00779	0.01332	0.01982	0.02511	0.11390	0.34610	0.32893	0.02536	0.01124	0.00336	0.00493	0.02216	0.00865	0.00769
125	0.01255	0.00857	0.01008	0.01089	0.01158	0.00821	0.00691	0.01373	0.01619	0.02193	0.04385	0.29508	0.10260	0.31147	0.02660	0.00581	0.00675	0.01849	0.06200	0.00674
126	0.74217	0.01776	0.01350	0.01207	0.01776	0.02060	0.00994	0.02699	0.01563	0.04120	0.01278	0.01492	0.00994	0.00852	0.00568	0.00284	0.00710	0.00497	0.00568	0.00994
127	0.02991	0.03456	0.02401	0.02175	0.02666	0.40393	0.01651	0.04131	0.24715	0.02858	0.02307	0.02334	0.01803	0.01061	0.00869	0.00265	0.01300	0.00762	0.00650	0.01213
128	0.01110	0.00831	0.01032	0.01193	0.01309	0.00753	0.00814	0.01288	0.01840	0.02378	0.06106	0.52766	0.19764	0.02741	0.01151	0.00357	0.00516	0.02445	0.00852	0.00753
129	0.01128	0.00940	0.00990	0.01002	0.01299	0.00802	0.00767	0.01388	0.02125	0.02574	0.12156	0.08831	0.54105	0.02314	0.01099	0.00317	0.00492	0.06022	0.00862	0.00786
130	0.02167	0.02477	0.05418	0.03870	0.04799	0.02322	0.58669	0.02941	0.02167	0.02941	0.01858	0.02477	0.01393	0.00774	0.01084	0.00310	0.01548	0.01084	0.00464	0.01238
131	0.01405	0.01019	0.01358	0.01326	0.01421	0.01160	0.00958	0.01610	0.01453	0.02107	0.02563	0.04353	0.02599	0.28430	0.32659	0.01081	0.06656	0.01089	0.06014	0.00740
132	0.02422	0.64870	0.07936	0.01627	0.02444	0.03553	0.01669	0.02758	0.01870	0.02200	0.01296	0.01498	0.01178	0.00790	0.00604	0.00201	0.01002	0.00501	0.00393	0.01188
133	0.03431	0.02471	0.02670	0.02068	0.02785	0.02724	0.01701	0.51839	0.08570	0.08675	0.02399	0.02348	0.01696	0.01115	0.00920	0.00279	0.00976	0.00848	0.00931	0.01553
134	0.02009	0.02009	0.02812	0.02411	0.02411	0.02812	0.02009	0.02210	0.01406	0.02210	0.01205	0.02009	0.01205	0.01607	0.03013	0.00402	0.66051	0.00804	0.00402	0.01004
135	0.01372	0.00991	0.01266	0.01252	0.01447	0.00946	0.00914	0.05012	0.02430	0.03375	0.39677	0.26105	0.07399	0.02154	0.01102	0.00315	0.00500	0.01918	0.00954	0.00869
136	0.01734	0.01632	0.02754	0.65524	0.06324	0.02040	0.02550	0.02346	0.01836	0.02346	0.01632	0.02448	0.01224	0.00918	0.00918	0.00306	0.01224	0.00816	0.00408	0.01020
137	0.01119	0.00799	0.01065	0.01278	0.01332	0.00746	0.00852	0.01278	0.01758	0.02344	0.05061	0.67132	0.06073	0.02877	0.01172	0.00373	0.00533	0.02610	0.00852	0.00746
138	0.04120	0.01563	0.02131	0.01634	0.02344	0.01350	0.01350	0.04475	0.02628	0.62639	0.03622	0.03125	0.02273	0.01136	0.00923	0.00284	0.00781	0.00923	0.01136	0.01563
139	0.02126	0.02032	0.03462	0.21952	0.46834	0.02143	0.02745	0.02689	0.02021	0.02822	0.01701	0.02320	0.01392	0.00845	0.00911	0.00282	0.01127	0.00818	0.00442	0.01336
140	0.01119	0.00799	0.01065	0.01278	0.01332	0.00746	0.00852	0.01278	0.01758	0.02344	0.05061	0.67132	0.06073	0.02877	0.01172	0.00373	0.00533	0.02610	0.00852	0.00746
141	0.01734	0.01632	0.02754	0.65524	0.06324	0.02040	0.02550	0.02346	0.01836	0.02346	0.01632	0.02448	0.01224	0.00918	0.00918	0.00306	0.01224	0.00816	0.00408	0.01020
142	0.02178	0.01794	0.02051	0.01490	0.02292	0.01505	0.01202	0.12102	0.02321	0.03475	0.01731	0.01956	0.01395	0.00753	0.00721	0.00160	0.00737	0.00593	0.00609	0.60935
143	0.02265	0.02204	0.03856	0.05501	0.57650	0.02192	0.07068	0.02827	0.02097	0.02995	0.01737	0.02288	0.01450	0.00815	0.00922	0.00276	0.01126	0.00838	0.00455	0.01438
144	0.44298	0.13268	0.06849	0.01452	0.02143	0.02210	0.01340	0.03031	0.01827	0.13809	0.01712	0.01805	0.01260	0.00892	0.00657	0.00270	0.00819	0.00584	0.00623	0.01152
145	0.07388	0.01711	0.09308	0.01462	0.01991	0.01322	0.01296	0.02550	0.08649	0.11887	0.05102	0.15646	0.20997	0.01738	0.00972	0.00304	0.00698	0.01458	0.00808	0.04713
146	0.02242	0.02366	0.06877	0.12056	0.49732	0.05048	0.02771	0.02809	0.02077	0.02886	0.01698	0.02245	0.01400	0.00838	0.00904	0.00276	0.01147	0.00799	0.00446	0.01382
147	0.02531	0.02672	0.03476	0.04906	0.48795	0.15993	0.02585	0.03007	0.02205	0.02832	0.01658	0.02135	0.01394	0.00847	0.00891	0.00265	0.01217	0.00767	0.00459	0.01367
148	0.02559	0.02522	0.02045	0.01853	0.02257	0.23027	0.01401	0.17911	0.02775	0.03265	0.03358	0.22362	0.07466	0.01686	0.00978	0.00295	0.01044	0.01377	0.00740	0.01081
149	0.02260	0.52084	0.14608	0.01745	0.02581	0.03181	0.01853	0.02691	0.01848	0.02287	0.01432	0.01719	0.01262	0.01273	0.05560	0.00312	0.01161	0.00562	0.00400	0.01181
150	0.02483	0.01898	0.01968	0.01662	0.02154	0.04878	0.01304	0.24133	0.11370	0.07183	0.07694	0.07911	0.14094	0.05575	0.01203	0.00330	0.00813	0.01249	0.00878	0.01220
151	0.01630	0.01300	0.01541	0.01280	0.01754	0.01066	0.00948	0.01904	0.01756	0.02589	0.02609	0.12414	0.02732	0.17617	0.01767	0.00372	0.00721	0.04335	0.00608	0.41057
152	0.01312	0.00984	0.01476	0.01476	0.01640	0.01148	0.01148	0.01640	0.01476	0.02131	0.02459	0.03607	0.02295	0.06886	0.64092	0.01476	0.02459	0.00984	0.00492	0.00820
153	0.02242	0.02151	0.03673	0.08984	0.58890	0.02174	0.02803	0.02792	0.02076	0.02963	0.01722	0.02282	0.01442	0.00824	0.00910	0.00275	0.01098	0.00818	0.00452	0.01430
154	0.01283	0.00938	0.01205	0.01138	0.01362	0.00859	0.00854	0.01701	0.02561	0.03591	0.57545	0.07009	0.12695	0.01911	0.01083	0.00290	0.00436	0.01682	0.00999	0.00859
155	0.01904	0.01632	0.01904	0.01360	0.02176	0.01224	0.01088	0.02312	0.01904	0.02992	0.01632	0.01904	0.01360	0.00680	0.00680	0.00136	0.00680	0.00544	0.00544	0.73344
156	0.01689	0.01560	0.01971	0.01830	0.01968	0.06532	0.01459	0.01971	0.01542	0.02164	0.01996	0.02968	0.01876	0.04813	0.40533	0.01052	0.21820	0.00898	0.00463	0.00895
157	0.74217	0.01776	0.01350	0.01207	0.01776	0.02060	0.00994	0.02699	0.01563	0.04120	0.01278	0.01492	0.00994	0.00852	0.00568	0.00284	0.00710	0.00497	0.00568	0.00994
158	0.74217	0.01776	0.01350	0.01207	0.01776	0.02060	0.00994	0.02699	0.01563	0.04120	0.01278	0.01492	0.00994	0.00852	0.00568	0.00284	0.00710	0.00497	0.00568	0.00994
159	0.01205	0.00835	0.01040	0.01168	0.01201	0.00803	0.00735	0.01301	0.01590	0.02120	0.04200	0.42851	0.04987	0.28640	0.02563	0.00578	0.00675	0.02104	0.00735	0.00671
160	0.01335	0.00890	0.01001	0.01001	0.01001	0.00890	0.00556	0.01335	0.01335	0.01780	0.02893	0.06009	0.03338	0.67731	0.04673	0.00890	0.00890	0.01335	0.00556	0.00556
161	0.01676	0.12863	0.02372	0.01716	0.01948	0.01976	0.01427	0.01968	0.01526	0.02155	0.01955	0.02856	0.01841	0.04568	0.38496	0.00997	0.17424	0.00855	0.00453	0.00926
162	0.01317	0.00889	0.01036	0.01052	0.01066	0.00895	0.00616	0.01350	0.01377	0.01846	0.03034	0.10598	0.03486	0.58947	0.08071	0.00886	0.00959	0.01412	0.00575	0.00587
163	0.01283	0.00938	0.01205	0.01138	0.01362	0.00859	0.00854	0.01701	0.02561	0.03591	0.57545	0.07009	0.12695	0.01911	0.01083	0.00290	0.00436	0.01682	0.00999	0.00859
164	0.03490	0.02572	0.02756	0.02113	0.02847	0.02847	0.01745	0.58942	0.04317	0.05787	0.02204	0.02204	0.01561	0.01102	0.00919	0.00276	0.01010	0.00827	0.00919	0.01561
165	0.01712	0.00856	0.00856	0.00856	0.01070	0.00856	0.00642	0.02139	0.01926	0.03423	0.02995	0.03423	0.02353	0.01070	0.00642	0.00214	0.00428	0.00856	0.72828	0.00856
166	0.01904	0.01632	0.01904	0.01360	0.02176	0.01224	0.01088	0.02312	0.01904	0.02992	0.01632	0.01904	0.01360	0.00680	0.00680	0.00136	0.00680	0.00544	0.00544	0.73344
167	0.02009	0.02009	0.02812	0.02411	0.02411	0.02812	0.02009	0.02210	0.01406	0.02210	0.01205	0.02009	0.01205	0.01607	0.03013	0.00402	0.66051	0.00804	0.00402	0.01004
168	0.01312	0.00984	0.01476	0.01476	0.01640	0.01148	0.01148	0.01640	0.01476	0.02131	0.02459	0.03607	0.02295	0.06886	0.64092	0.01476	0.02459	0.00984	0.00492	0.00820
169	0.01335	0.00890	0.01001	0.01001	0.01001	0.00890	0.00556	0.01335	0.01335	0.01780	0.02893	0.06009	0.03338	0.67731	0.04673	0.00890	0.00890	0.01335	0.00556	0.00556
170	0.03963	0.01814	0.02286	0.01753	0.02469	0.01722	0.01448	0.18036	0.03049	0.48484	0.03269	0.02896	0.02096	0.01128	0.00922	0.00282	0.00838	0.00899	0.01082	0.01562
171	0.01842	0.04749	0.62974	0.02617	0.03974	0.02132	0.03392	0.02908	0.01939	0.02908	0.01648	0.01939	0.01163	0.00872	0.00872	0.00291	0.01357	0.00678	0.00388	0.01357
172	0.01085	0.00930	0.00930	0.00930	0.01240	0.00775	0.00698	0.01318	0.02093	0.02480	0.09302	0.08837	0.61631	0.02325	0.01085	0.00310	0.00465	0.01938	0.00853	0.00775
173	0.01119	0.00799	0.01065	0.01278	0.01332	0.00746	0.00852	0.01278	0.01758	0.02344	0.05061	0.67132	0.06073	0.02877	0.01172	0.00373	0.00533	0.02610	0.00852	0.00746
174	0.01097	0.00931	0.00947	0.00943	0.01248	0.00780	0.00707	0.01341	0.02121	0.02548	0.12221	0.08726	0.58669	0.02300	0.01085	0.00309	0.00463	0.01922	0.00861	0.00780
175	0.01312	0.00984	0.01476	0.01476	0.01640	0.01148	0.01148	0.01640	0.01476	0.02131	0.02459	0.03607	0.02295	0.06886	0.64092	0.01476	0.02459	0.00984	0.00492	0.00820
176	0.01226	0.00844	0.01034	0.01141	0.01168	0.00817	0.00706	0.01307	0.01549	0.02065	0.03987	0.36851	0.04718	0.35006	0.02907	0.00629	0.00710	0.01979	0.00706	0.00652
177	0.03490	0.02572	0.02756	0.02113	0.02847	0.02847	0.01745	0.58942	0.04317	0.05787	0.02204	0.02204	0.01561	0.01102	0.00919	0.00276	0.01010	0.00827	0.00919	0.01561
178	0.01335	0.00890	0.01001	0.01001	0.01001	0.00890	0.00556	0.01335	0.01335	0.01780	0.02893	0.06009	0.03338	0.67731	0.04673	0.00890	0.00890	0.01335	0.00556	0.00556
179	0.01223	0.00843	0.01035	0.01145	0.01173	0.00815	0.00710	0.01306	0.01555	0.02073	0.04018	0.37729	0.04757	0.34075	0.02856	0.00622	0.00705	0.01997	0.00710	0.00655
180	0.01228	0.00912	0.01160	0.01328	0.01442	0.00884	0.00928	0.01593	0.06259	0.02491	0.05202	0.55286	0.09103	0.02698	0.01155	0.00368	0.00563	0.05736	0.00858	0.00808
181	0.01529	0.01106	0.01358	0.01423	0.01594	0.01109	0.01007	0.11247	0.02200	0.02939	0.04567	0.55908	0.05293	0.02570	0.01128	0.00356	0.00615	0.02302	0.00864	0.00887
182	0.03430	0.04376	0.02602	0.02365	0.02839	0.64045	0.01774	0.03666	0.02602	0.02247	0.01419	0.01656	0.01183	0.00946	0.00828	0.00237	0.01656	0.00591	0.00473	0.01064
183	0.01751	0.01347	0.01949	0.02405	0.16435	0.01340	0.01411	0.02151	0.08806	0.02509	0.02754	0.18691	0.02804	0.02096	0.01778	0.22593	0.00786	0.01264	0.00602	0.06528
184	0.03261	0.15424	0.02984	0.02228	0.02755	0.53601	0.01739	0.03508	0.02475	0.02232	0.01395	0.01624	0.01182	0.00918	0.00787	0.00230	0.01539	0.00574	0.00459	0.01084
185	0.01309	0.00971	0.01078	0.01094	0.01235	0.00939	0.00729	0.01575	0.05248	0.02216	0.05154	0.11688	0.21172	0.35225	0.02899	0.00613	0.00722	0.04715	0.00708	0.00708
186	0.01411	0.01197	0.01254	0.01219	0.01573	0.01168	0.00943	0.02240	0.16449	0.02836	0.07592	0.07619	0.42846	0.02075	0.01062	0.00319	0.00558	0.05817	0.00872	0.00948
187	0.02642	0.02050	0.01938	0.05010	0.02287	0.10378	0.01330	0.24504	0.02946	0.04125	0.02398	0.02653	0.01823	0.01057	0.00790	0.00246	0.00866	0.00806	0.30982	0.01168
188	0.01900	0.01383	0.01622	0.01553	0.01831	0.01438	0.01146	0.20264	0.02601	0.03477	0.04120	0.45754	0.04587	0.02292	0.01089	0.00341	0.00690	0.02023	0.00874	0.01014
189	0.01157	0.01010	0.04375	0.01350	0.01473	0.00820	0.00988	0.01366	0.01768	0.02374	0.04878	0.63647	0.05810	0.02769	0.01156	0.00369	0.00577	0.02507	0.00827	0.00778
190	0.03333	0.03735	0.02555	0.02229	0.02743	0.45248	0.01702	0.17470	0.02966	0.03114	0.01696	0.02027	0.01393	0.04556	0.01056	0.00281	0.01452	0.00690	0.00590	0.01163
191	0.01623	0.00921	0.01044	0.01018	0.01148	0.00922	0.00677	0.01827	0.01636	0.05676	0.02937	0.04701	0.02832	0.34521	0.07571	0.00650	0.00833	0.01107	0.27614	0.00743

[dist]
# distance from previous block
# <min> <max>
0	3

[block]
