[name]
unknown

[dist]
# distance from previous block
# <min> <max>
0	0

[block]
# block no. 0 follows, 22 sequences, length 206
# corresponding to MSA columns:
# 0-205
name=unknown_A
#
# <colnr> <probs for GDERKNQSTAVLIFYWHMCP>
#	G	D	E	R	K	N	Q	S	T	A	V	L	I	F	Y	W	H	M	C	P
0	0.01339	0.00956	0.01339	0.01530	0.01721	0.00956	0.01339	0.01721	0.01912	0.02486	0.04399	0.09371	0.04781	0.02295	0.01147	0.00382	0.00765	0.60031	0.00765	0.00765
1	0.03727	0.01414	0.01928	0.01478	0.02121	0.01221	0.01221	0.04049	0.02378	0.66198	0.03277	0.02828	0.02056	0.01028	0.00835	0.00257	0.00707	0.00835	0.01028	0.01414
2	0.01961	0.02241	0.04902	0.03501	0.04342	0.02101	0.62605	0.02661	0.01961	0.02661	0.01681	0.02241	0.01261	0.00700	0.00980	0.00280	0.01401	0.00980	0.00420	0.01120
3	0.03103	0.03959	0.02354	0.02140	0.02568	0.67469	0.01605	0.03317	0.02354	0.02033	0.01284	0.01498	0.01070	0.00856	0.00749	0.00214	0.01498	0.00535	0.00428	0.00963
4	0.01723	0.01477	0.01723	0.01230	0.01969	0.01107	0.00984	0.02092	0.01723	0.02707	0.01477	0.01723	0.01230	0.00615	0.00615	0.00123	0.00615	0.00492	0.00492	0.75883
5	0.01443	0.00722	0.01082	0.01082	0.01082	0.00722	0.00722	0.01082	0.01082	0.01443	0.01443	0.02525	0.01443	0.02886	0.03247	0.75830	0.00722	0.00722	0.00361	0.00361
6	0.01363	0.01154	0.01854	0.01628	0.01822	0.01296	0.09212	0.01640	0.01386	0.01969	0.02109	0.03413	0.02053	0.18133	0.38713	0.00981	0.09117	0.00949	0.00445	0.00762
7	0.01090	0.00846	0.00992	0.00955	0.01188	0.00747	0.00716	0.01402	0.02149	0.02851	0.40088	0.06997	0.33235	0.01878	0.00981	0.00270	0.00405	0.01613	0.00851	0.00747
8	0.02022	0.02031	0.03601	0.03659	0.26648	0.02045	0.25403	0.03044	0.16971	0.02878	0.02048	0.02380	0.01590	0.00818	0.00889	0.00268	0.01067	0.00881	0.00520	0.01240
9	0.02056	0.01974	0.03372	0.05099	0.65622	0.01974	0.02550	0.02550	0.01892	0.02714	0.01563	0.02056	0.01316	0.00740	0.00822	0.00247	0.00987	0.00740	0.00411	0.01316
10	0.02639	0.01939	0.02123	0.01729	0.02245	0.02116	0.01384	0.47929	0.03346	0.04482	0.02620	0.18508	0.02400	0.01386	0.00887	0.00271	0.00810	0.01138	0.00817	0.01234
11	0.02056	0.01974	0.03372	0.05099	0.65622	0.01974	0.02550	0.02550	0.01892	0.02714	0.01563	0.02056	0.01316	0.00740	0.00822	0.00247	0.00987	0.00740	0.00411	0.01316
12	0.02690	0.02222	0.17479	0.01714	0.02419	0.04183	0.01658	0.03500	0.12294	0.32014	0.08657	0.02879	0.02401	0.01043	0.00836	0.00261	0.00827	0.00850	0.00799	0.01275
13	0.01012	0.00723	0.00964	0.01157	0.01205	0.00675	0.00771	0.01157	0.01591	0.02121	0.04579	0.70262	0.05495	0.02603	0.01060	0.00337	0.00482	0.02362	0.00771	0.00675
14	0.01569	0.01477	0.02492	0.68808	0.05722	0.01846	0.02307	0.02123	0.01661	0.02123	0.01477	0.02215	0.01107	0.00831	0.00831	0.00277	0.01107	0.00738	0.00369	0.00923
15	0.02127	0.01794	0.01891	0.01671	0.02152	0.02051	0.01308	0.10404	0.54646	0.03598	0.03489	0.03230	0.05581	0.01163	0.00851	0.00278	0.00673	0.00960	0.00840	0.01294
16	0.03154	0.02448	0.02483	0.01928	0.02576	0.07373	0.01581	0.58452	0.03791	0.04999	0.01942	0.01958	0.01387	0.00987	0.00825	0.00247	0.00957	0.00732	0.00801	0.01380
17	0.02037	0.02028	0.03684	0.04774	0.53135	0.02000	0.14787	0.02572	0.01906	0.02703	0.01587	0.02094	0.01305	0.00732	0.00855	0.00254	0.01071	0.00789	0.00413	0.01276
18	0.01012	0.00723	0.00964	0.01157	0.01205	0.00675	0.00771	0.01157	0.01591	0.02121	0.04579	0.70262	0.05495	0.02603	0.01060	0.00337	0.00482	0.02362	0.00771	0.00675
19	0.19708	0.03650	0.50798	0.02061	0.03117	0.01914	0.02547	0.02585	0.01672	0.02895	0.01410	0.01657	0.01016	0.00785	0.00723	0.00262	0.01087	0.00574	0.00390	0.01149
20	0.02155	0.02162	0.03275	0.04818	0.59637	0.08191	0.02460	0.02622	0.01936	0.02649	0.01536	0.02003	0.01293	0.00751	0.00815	0.00244	0.01035	0.00721	0.00413	0.01282
21	0.01059	0.00831	0.00874	0.00871	0.01063	0.00736	0.00601	0.01215	0.01711	0.02109	0.09483	0.07142	0.43854	0.22604	0.01951	0.00436	0.00534	0.01578	0.00698	0.00646
22	0.01013	0.00851	0.00885	0.00901	0.01174	0.00723	0.00692	0.01238	0.01895	0.02265	0.08068	0.08114	0.60046	0.02120	0.00996	0.00289	0.00451	0.06800	0.00771	0.00707
23	0.03103	0.03959	0.02354	0.02140	0.02568	0.67469	0.01605	0.03317	0.02354	0.02033	0.01284	0.01498	0.01070	0.00856	0.00749	0.00214	0.01498	0.00535	0.00428	0.00963
24	0.02105	0.02067	0.03324	0.04960	0.62667	0.05043	0.02505	0.02586	0.01913	0.02682	0.01550	0.02030	0.01304	0.00746	0.00819	0.00245	0.01011	0.00731	0.00412	0.01299
25	0.01208	0.00805	0.00906	0.00906	0.00906	0.00805	0.00503	0.01208	0.01208	0.01611	0.02618	0.05436	0.03020	0.70804	0.04228	0.00805	0.00805	0.01208	0.00503	0.00503
26	0.02827	0.03544	0.02970	0.02469	0.02997	0.51657	0.16360	0.03159	0.02259	0.02185	0.01380	0.01678	0.01116	0.00818	0.00805	0.00230	0.01475	0.00643	0.00426	0.01001
27	0.01737	0.04136	0.61486	0.02395	0.03585	0.01962	0.05401	0.05022	0.01848	0.02735	0.01518	0.01783	0.01075	0.00794	0.00799	0.00263	0.01222	0.00634	0.00373	0.01231
28	0.01767	0.16524	0.55160	0.02195	0.03329	0.02177	0.02769	0.02605	0.01742	0.02507	0.01430	0.01677	0.01055	0.00775	0.00743	0.00248	0.01166	0.00583	0.00352	0.01198
29	0.01650	0.01632	0.01582	0.01530	0.01746	0.17107	0.01176	0.01927	0.01582	0.01954	0.01998	0.02837	0.01833	0.04931	0.51363	0.01064	0.02049	0.00804	0.00441	0.00795
30	0.02409	0.25965	0.16032	0.01814	0.02535	0.12050	0.01780	0.14713	0.02245	0.05309	0.01574	0.01777	0.01247	0.01226	0.05639	0.00303	0.01144	0.00601	0.00494	0.01143
31	0.01818	0.01818	0.02545	0.02181	0.02181	0.02545	0.01818	0.01999	0.01272	0.01999	0.01091	0.01818	0.01091	0.01454	0.02726	0.00364	0.69284	0.00727	0.00364	0.00909
32	0.01012	0.00723	0.00964	0.01157	0.01205	0.00675	0.00771	0.01157	0.01591	0.02121	0.04579	0.70262	0.05495	0.02603	0.01060	0.00337	0.00482	0.02362	0.00771	0.00675
33	0.01321	0.00950	0.01314	0.01495	0.01691	0.00943	0.01303	0.01695	0.01911	0.02474	0.04601	0.09301	0.07831	0.02285	0.01139	0.00377	0.00748	0.57093	0.00765	0.00762
34	0.01670	0.08795	0.02103	0.01645	0.01815	0.05096	0.01354	0.01926	0.01443	0.02092	0.01687	0.02403	0.01550	0.02984	0.25106	0.00662	0.27426	0.00751	0.08637	0.00854
35	0.01250	0.01051	0.01143	0.01219	0.01466	0.04182	0.01001	0.01539	0.01925	0.02343	0.06238	0.08290	0.34661	0.02127	0.01045	0.00323	0.00631	0.28071	0.00751	0.00743
36	0.02195	0.01778	0.01970	0.01515	0.02178	0.01714	0.01218	0.19592	0.15050	0.03572	0.02010	0.02079	0.01548	0.00827	0.00723	0.00191	0.00708	0.00655	0.00659	0.39819
37	0.01957	0.01873	0.03193	0.18081	0.53416	0.01948	0.02500	0.02463	0.01845	0.02594	0.01545	0.02088	0.01273	0.00759	0.00824	0.00253	0.01011	0.00740	0.00403	0.01236
38	0.01208	0.00805	0.00906	0.00906	0.00906	0.00805	0.00503	0.01208	0.01208	0.01611	0.02618	0.05436	0.03020	0.70804	0.04228	0.00805	0.00805	0.01208	0.00503	0.00503
39	0.01813	0.01657	0.02755	0.13476	0.41568	0.01710	0.02223	0.02288	0.01863	0.02573	0.02232	0.03839	0.02119	0.01127	0.00902	0.00284	0.00951	0.15002	0.00490	0.01126
40	0.02087	0.02194	0.02111	0.01865	0.02155	0.22900	0.05003	0.06741	0.01877	0.02245	0.01732	0.02438	0.01560	0.06138	0.25049	0.00669	0.11117	0.00762	0.00458	0.00898
41	0.00993	0.00842	0.00858	0.00854	0.01129	0.00706	0.00640	0.01215	0.01921	0.02309	0.11789	0.07889	0.61872	0.02080	0.00982	0.00279	0.00419	0.01738	0.00780	0.00706
42	0.01975	0.01886	0.03125	0.14579	0.44101	0.01974	0.05915	0.02737	0.10146	0.02719	0.01798	0.02231	0.01442	0.00804	0.00836	0.00258	0.00987	0.00781	0.00463	0.01242
43	0.02656	0.03095	0.02448	0.19741	0.06350	0.42398	0.01832	0.07368	0.02265	0.02325	0.01400	0.01749	0.01117	0.00854	0.00780	0.00235	0.01329	0.00614	0.00442	0.01002
44	0.02417	0.01741	0.01910	0.01641	0.02135	0.01929	0.01287	0.11949	0.42820	0.13295	0.03135	0.03049	0.02341	0.05234	0.01043	0.00305	0.00708	0.00914	0.00851	0.01295
45	0.01012	0.00723	0.00964	0.01157	0.01205	0.00675	0.00771	0.01157	0.01591	0.02121	0.04579	0.70262	0.05495	0.02603	0.01060	0.00337	0.00482	0.02362	0.00771	0.00675
46	0.05468	0.11284	0.30114	0.02034	0.02889	0.05462	0.04635	0.17099	0.02278	0.03163	0.01784	0.06815	0.01472	0.00963	0.00783	0.00253	0.01051	0.00759	0.00513	0.01180
47	0.07695	0.01787	0.02172	0.14876	0.08387	0.02017	0.01605	0.19231	0.19821	0.03630	0.08181	0.02704	0.02232	0.01029	0.00825	0.00265	0.00816	0.00849	0.00694	0.01185
48	0.00982	0.00842	0.00842	0.00842	0.01122	0.00701	0.00631	0.01192	0.01894	0.02244	0.08416	0.07995	0.65285	0.02104	0.00982	0.00281	0.00421	0.01753	0.00771	0.00701
49	0.01573	0.01449	0.02548	0.02556	0.15130	0.01478	0.16138	0.01929	0.01582	0.02207	0.02118	0.06573	0.02067	0.17839	0.17644	0.00649	0.04141	0.01020	0.00458	0.00901
50	0.01846	0.17204	0.49118	0.02167	0.03212	0.05244	0.02636	0.02612	0.01751	0.02449	0.01401	0.01663	0.01057	0.00802	0.00809	0.00248	0.03674	0.00581	0.00356	0.01172
51	0.02892	0.20188	0.02843	0.01958	0.02463	0.49523	0.01560	0.05338	0.02251	0.02134	0.01279	0.01477	0.01082	0.00826	0.00700	0.00207	0.01329	0.00521	0.00425	0.01005
52	0.02884	0.02164	0.02346	0.01781	0.02460	0.02296	0.01465	0.51243	0.03489	0.04752	0.01896	0.01943	0.01378	0.00924	0.00790	0.00225	0.00857	0.00699	0.00766	0.15641
53	0.16836	0.22365	0.36174	0.01850	0.02791	0.02293	0.02177	0.02553	0.01668	0.02663	0.01331	0.01556	0.01026	0.00764	0.00663	0.00238	0.01016	0.00534	0.00385	0.01117
54	0.01012	0.00723	0.00964	0.01157	0.01205	0.00675	0.00771	0.01157	0.01591	0.02121	0.04579	0.70262	0.05495	0.02603	0.01060	0.00337	0.00482	0.02362	0.00771	0.00675
55	0.00982	0.00842	0.00842	0.00842	0.01122	0.00701	0.00631	0.01192	0.01894	0.02244	0.08416	0.07995	0.65285	0.02104	0.00982	0.00281	0.00421	0.01753	0.00771	0.00701
56	0.00982	0.00842	0.00842	0.00842	0.01122	0.00701	0.00631	0.01192	0.01894	0.02244	0.08416	0.07995	0.65285	0.02104	0.00982	0.00281	0.00421	0.01753	0.00771	0.00701
57	0.02997	0.03984	0.07095	0.02157	0.02644	0.62625	0.01713	0.03267	0.02310	0.02077	0.01299	0.01517	0.01069	0.00851	0.00752	0.00218	0.01478	0.00541	0.00422	0.00983
58	0.02056	0.01974	0.03372	0.05099	0.65622	0.01974	0.02550	0.02550	0.01892	0.02714	0.01563	0.02056	0.01316	0.00740	0.00822	0.00247	0.00987	0.00740	0.00411	0.01316
59	0.02056	0.01974	0.03372	0.05099	0.65622	0.01974	0.02550	0.02550	0.01892	0.02714	0.01563	0.02056	0.01316	0.00740	0.00822	0.00247	0.00987	0.00740	0.00411	0.01316
60	0.02161	0.01832	0.01932	0.01710	0.02196	0.02110	0.01338	0.09476	0.58906	0.03628	0.03261	0.03004	0.02439	0.01116	0.00844	0.00279	0.00680	0.00923	0.00844	0.01323
61	0.01208	0.00805	0.00906	0.00906	0.00906	0.00805	0.00503	0.01208	0.01208	0.01611	0.02618	0.05436	0.03020	0.70804	0.04228	0.00805	0.00805	0.01208	0.00503	0.00503
62	0.03119	0.03486	0.02395	0.02074	0.02571	0.48641	0.01598	0.20590	0.02804	0.02962	0.01490	0.01642	0.01170	0.00897	0.00773	0.00224	0.01329	0.00597	0.00545	0.01094
63	0.01048	0.00844	0.00933	0.00911	0.01162	0.00729	0.00683	0.01320	0.02049	0.02613	0.27671	0.07388	0.45799	0.01966	0.00981	0.00274	0.00411	0.01668	0.00820	0.00729
64	0.01760	0.00960	0.01278	0.01173	0.01446	0.00867	0.00887	0.02084	0.02203	0.18291	0.37860	0.18442	0.05962	0.01721	0.00961	0.00276	0.00486	0.01516	0.00913	0.00914
65	0.01746	0.01622	0.02505	0.47747	0.04633	0.02069	0.02135	0.06581	0.01733	0.02323	0.01421	0.02102	0.01126	0.00994	0.01289	0.00296	0.17584	0.00736	0.00402	0.00956
66	0.00982	0.00842	0.00842	0.00842	0.01122	0.00701	0.00631	0.01192	0.01894	0.02244	0.08416	0.07995	0.65285	0.02104	0.00982	0.00281	0.00421	0.01753	0.00771	0.00701
67	0.10508	0.01876	0.01943	0.01550	0.02085	0.02065	0.01266	0.41758	0.03120	0.04560	0.02079	0.02193	0.01532	0.00966	0.00737	0.00237	0.00758	0.00723	0.18839	0.01204
68	0.01549	0.00774	0.00774	0.00774	0.00968	0.00774	0.00581	0.01936	0.01742	0.03097	0.02710	0.03097	0.02129	0.00968	0.00581	0.00194	0.00387	0.00774	0.75416	0.00774
69	0.01113	0.00847	0.01023	0.00979	0.01203	0.00757	0.00734	0.01446	0.02203	0.02979	0.46795	0.06785	0.26447	0.01830	0.00980	0.00268	0.00401	0.01584	0.00868	0.00757
70	0.03727	0.01414	0.01928	0.01478	0.02121	0.01221	0.01221	0.04049	0.02378	0.66198	0.03277	0.02828	0.02056	0.01028	0.00835	0.00257	0.00707	0.00835	0.01028	0.01414
71	0.01955	0.02224	0.04807	0.03448	0.04255	0.02119	0.60164	0.02634	0.01933	0.02634	0.01657	0.02224	0.01254	0.00731	0.01051	0.00283	0.04127	0.00970	0.00418	0.01112
72	0.01010	0.00732	0.00955	0.01133	0.01199	0.00677	0.00761	0.01159	0.01613	0.02130	0.04862	0.65660	0.09914	0.02566	0.01055	0.00333	0.00477	0.02317	0.00771	0.00677
73	0.01901	0.02083	0.04210	0.07038	0.03961	0.02071	0.46374	0.02499	0.01834	0.02544	0.01575	0.02145	0.01227	0.00802	0.01177	0.00279	0.10365	0.00896	0.00415	0.06606
74	0.01723	0.01477	0.01723	0.01230	0.01969	0.01107	0.00984	0.02092	0.01723	0.02707	0.01477	0.01723	0.01230	0.00615	0.00615	0.00123	0.00615	0.00492	0.00492	0.75883
75	0.01680	0.01522	0.02524	0.24134	0.19765	0.01644	0.06489	0.02266	0.04898	0.02491	0.02478	0.04351	0.02337	0.01248	0.00935	0.00301	0.00974	0.18427	0.00525	0.01012
76	0.01416	0.01110	0.01545	0.01454	0.01610	0.01329	0.01138	0.06065	0.01507	0.02158	0.02091	0.03149	0.01972	0.10190	0.49319	0.01088	0.10713	0.00883	0.00467	0.00795
77	0.01015	0.00758	0.00945	0.01078	0.01188	0.00687	0.00740	0.01189	0.01705	0.02221	0.09057	0.52217	0.19306	0.02435	0.01038	0.00320	0.00463	0.02171	0.00780	0.00687
78	0.03024	0.10027	0.02534	0.02075	0.02529	0.61687	0.01589	0.03243	0.02294	0.02026	0.01272	0.01483	0.01070	0.00843	0.00730	0.00211	0.01443	0.00527	0.00421	0.00972
79	0.02777	0.03386	0.02528	0.09623	0.12794	0.50284	0.01827	0.03071	0.02209	0.02149	0.01348	0.01661	0.01113	0.00835	0.00769	0.00226	0.01377	0.00589	0.00419	0.01014
80	0.01325	0.00889	0.01116	0.01036	0.01282	0.00799	0.00785	0.01675	0.02260	0.07756	0.49040	0.06320	0.19117	0.01731	0.00970	0.00265	0.00421	0.01504	0.00894	0.00814
81	0.01941	0.12999	0.09972	0.15723	0.35227	0.02179	0.02349	0.02445	0.01774	0.02445	0.01453	0.01929	0.01200	0.00791	0.00864	0.00249	0.04219	0.00679	0.00386	0.01177
82	0.02221	0.71304	0.04353	0.01421	0.02132	0.03287	0.01421	0.02488	0.01688	0.01955	0.01155	0.01333	0.01066	0.00711	0.00533	0.00178	0.00888	0.00444	0.00355	0.01066
83	0.76672	0.01607	0.01221	0.01092	0.01607	0.01864	0.00900	0.02442	0.01414	0.03727	0.01157	0.01350	0.00900	0.00771	0.00514	0.00257	0.00643	0.00450	0.00514	0.00900
84	0.00993	0.00797	0.00887	0.00960	0.01153	0.00691	0.00684	0.01179	0.01780	0.02198	0.06976	0.31355	0.42854	0.02291	0.01011	0.00302	0.00444	0.01982	0.00771	0.00691
85	0.03296	0.02106	0.02356	0.01807	0.02466	0.02248	0.01492	0.48628	0.03536	0.19982	0.02305	0.02196	0.01568	0.01005	0.00832	0.00251	0.00864	0.00769	0.00879	0.01413
86	0.01083	0.00846	0.00982	0.00948	0.01184	0.00744	0.00711	0.01388	0.02132	0.02811	0.38018	0.07062	0.35329	0.01892	0.00981	0.00270	0.00406	0.01622	0.00846	0.00744
87	0.01187	0.00890	0.01335	0.01335	0.01483	0.01038	0.01038	0.01483	0.01335	0.01928	0.02225	0.03264	0.02077	0.06231	0.67512	0.01335	0.02225	0.00890	0.00445	0.00742
88	0.01012	0.00723	0.00964	0.01157	0.01205	0.00675	0.00771	0.01157	0.01591	0.02121	0.04579	0.70262	0.05495	0.02603	0.01060	0.00337	0.00482	0.02362	0.00771	0.00675
89	0.03182	0.02289	0.02470	0.01893	0.02557	0.02520	0.01564	0.60421	0.03843	0.07756	0.02048	0.02029	0.01439	0.00999	0.00831	0.00250	0.00906	0.00752	0.00839	0.01413
90	0.02859	0.03543	0.02743	0.02634	0.10222	0.52831	0.08139	0.03157	0.02258	0.02180	0.01359	0.01642	0.01119	0.00826	0.00782	0.00225	0.01427	0.00606	0.00425	0.01021
91	0.01208	0.00805	0.00906	0.00906	0.00906	0.00805	0.00503	0.01208	0.01208	0.01611	0.02618	0.05436	0.03020	0.70804	0.04228	0.00805	0.00805	0.01208	0.00503	0.00503
92	0.01339	0.00956	0.01339	0.01530	0.01721	0.00956	0.01339	0.01721	0.01912	0.02486	0.04399	0.09371	0.04781	0.02295	0.01147	0.00382	0.00765	0.60031	0.00765	0.00765
93	0.01012	0.00723	0.00964	0.01157	0.01205	0.00675	0.00771	0.01157	0.01591	0.02121	0.04579	0.70262	0.05495	0.02603	0.01060	0.00337	0.00482	0.02362	0.00771	0.00675
94	0.02056	0.01974	0.03372	0.05099	0.65622	0.01974	0.02550	0.02550	0.01892	0.02714	0.01563	0.02056	0.01316	0.00740	0.00822	0.00247	0.00987	0.00740	0.00411	0.01316
95	0.02385	0.01127	0.01471	0.01246	0.01674	0.00991	0.01001	0.02709	0.02255	0.33510	0.21251	0.05085	0.15341	0.01483	0.00920	0.00270	0.00572	0.04703	0.00935	0.01073
96	0.03103	0.03959	0.02354	0.02140	0.02568	0.67469	0.01605	0.03317	0.02354	0.02033	0.01284	0.01498	0.01070	0.00856	0.00749	0.00214	0.01498	0.00535	0.00428	0.00963
97	0.01882	0.01925	0.02535	0.02179	0.02201	0.05817	0.01807	0.02066	0.01327	0.02001	0.01100	0.01801	0.01089	0.01424	0.02627	0.00356	0.65867	0.00717	0.00367	0.00911
98	0.02221	0.71304	0.04353	0.01421	0.02132	0.03287	0.01421	0.02488	0.01688	0.01955	0.01155	0.01333	0.01066	0.00711	0.00533	0.00178	0.00888	0.00444	0.00355	0.01066
99	0.01129	0.00847	0.01045	0.00996	0.01212	0.00764	0.00747	0.01477	0.02241	0.03068	0.51452	0.06638	0.21734	0.01796	0.00980	0.00266	0.00399	0.01563	0.00880	0.00764
100	0.01694	0.04121	0.61500	0.02525	0.06189	0.01938	0.05357	0.02629	0.01768	0.02635	0.01501	0.01785	0.01071	0.00784	0.00798	0.00263	0.01224	0.00633	0.00356	0.01227
101	0.76672	0.01607	0.01221	0.01092	0.01607	0.01864	0.00900	0.02442	0.01414	0.03727	0.01157	0.01350	0.00900	0.00771	0.00514	0.00257	0.00643	0.00450	0.00514	0.00900
102	0.01208	0.00805	0.00906	0.00906	0.00906	0.00805	0.00503	0.01208	0.01208	0.01611	0.02618	0.05436	0.03020	0.70804	0.04228	0.00805	0.00805	0.01208	0.00503	0.00503
103	0.02520	0.01763	0.01886	0.01551	0.02049	0.01936	0.01247	0.30975	0.17378	0.07097	0.02560	0.02572	0.01887	0.01022	0.00771	0.00243	0.00711	0.00803	0.19801	0.01228
104	0.01047	0.00806	0.00957	0.01001	0.01182	0.00716	0.00720	0.01287	0.01926	0.02512	0.23258	0.27551	0.29750	0.02150	0.01007	0.00293	0.00432	0.01878	0.00812	0.00716
105	0.01718	0.00938	0.00955	0.00894	0.01137	0.00964	0.00686	0.08349	0.01970	0.03322	0.02635	0.02981	0.02054	0.00971	0.00607	0.00199	0.00443	0.00772	0.67564	0.00842
106	0.01208	0.00805	0.00906	0.00906	0.00906	0.00805	0.00503	0.01208	0.01208	0.01611	0.02618	0.05436	0.03020	0.70804	0.04228	0.00805	0.00805	0.01208	0.00503	0.00503
107	0.03032	0.03627	0.02334	0.02083	0.02539	0.55804	0.01581	0.09666	0.07083	0.02477	0.01514	0.01669	0.01215	0.00891	0.00765	0.00223	0.01375	0.00587	0.00501	0.01036
108	0.17792	0.07322	0.02514	0.02361	0.15173	0.08461	0.01614	0.25596	0.02611	0.06571	0.01664	0.01817	0.01259	0.00866	0.00735	0.00242	0.00918	0.00647	0.00617	0.01221
109	0.00982	0.00842	0.00842	0.00842	0.01122	0.00701	0.00631	0.01192	0.01894	0.02244	0.08416	0.07995	0.65285	0.02104	0.00982	0.00281	0.00421	0.01753	0.00771	0.00701
110	0.02056	0.01974	0.03372	0.05099	0.65622	0.01974	0.02550	0.02550	0.01892	0.02714	0.01563	0.02056	0.01316	0.00740	0.00822	0.00247	0.00987	0.00740	0.00411	0.01316
111	0.01020	0.00729	0.00971	0.01152	0.01207	0.00680	0.00772	0.01176	0.01626	0.02177	0.07379	0.67303	0.05603	0.02561	0.01057	0.00334	0.00478	0.02322	0.00778	0.00680
112	0.02056	0.01974	0.03372	0.05099	0.65622	0.01974	0.02550	0.02550	0.01892	0.02714	0.01563	0.02056	0.01316	0.00740	0.00822	0.00247	0.00987	0.00740	0.00411	0.01316
113	0.01666	0.04297	0.66500	0.02368	0.03596	0.01929	0.03069	0.02631	0.01754	0.02631	0.01491	0.01754	0.01052	0.00789	0.00789	0.00263	0.01228	0.00614	0.00351	0.01228
114	0.01987	0.01903	0.03247	0.14146	0.57116	0.01956	0.02515	0.02489	0.01859	0.02630	0.01550	0.02079	0.01286	0.00753	0.00824	0.00251	0.01004	0.00740	0.00405	0.01260
115	0.01666	0.04297	0.66500	0.02368	0.03596	0.01929	0.03069	0.02631	0.01754	0.02631	0.01491	0.01754	0.01052	0.00789	0.00789	0.00263	0.01228	0.00614	0.00351	0.01228
116	0.02145	0.01568	0.01839	0.01342	0.02059	0.01294	0.01084	0.09460	0.02062	0.11051	0.01766	0.01895	0.01357	0.00712	0.00668	0.00155	0.00662	0.00566	0.00600	0.57717
117	0.01749	0.01619	0.02655	0.16534	0.38466	0.01675	0.02133	0.02209	0.01850	0.02518	0.02669	0.03707	0.08692	0.01113	0.00885	0.00274	0.00919	0.08745	0.00489	0.01099
118	0.01443	0.01172	0.01319	0.01225	0.01535	0.01211	0.00935	0.02475	0.23697	0.03147	0.31484	0.05513	0.18389	0.01588	0.00934	0.00273	0.00490	0.01361	0.00860	0.00950
119	0.01082	0.00837	0.01001	0.01080	0.01277	0.00756	0.00825	0.01331	0.01872	0.02378	0.12645	0.23149	0.32446	0.02221	0.01034	0.00313	0.00503	0.13749	0.00785	0.00717
120	0.03107	0.03839	0.02364	0.02123	0.02569	0.62673	0.01603	0.07718	0.02469	0.02270	0.01337	0.01535	0.01095	0.00867	0.00755	0.00217	0.01455	0.00551	0.00458	0.00996
121	0.36736	0.02438	0.01872	0.01643	0.02076	0.22524	0.01307	0.08391	0.01925	0.03111	0.01267	0.01520	0.01027	0.00910	0.00912	0.00257	0.10076	0.00542	0.00497	0.00969
122	0.02271	0.62440	0.07053	0.01527	0.02237	0.08722	0.01513	0.02565	0.01748	0.01993	0.01182	0.01366	0.01066	0.00727	0.00563	0.00185	0.00956	0.00460	0.00361	0.01065
123	0.02151	0.01575	0.01840	0.01355	0.02063	0.01322	0.01093	0.09155	0.04469	0.11125	0.01838	0.01947	0.01407	0.00730	0.00676	0.00160	0.00662	0.00582	0.00612	0.55240
124	0.02894	0.02196	0.02344	0.01858	0.02476	0.02453	0.01515	0.48717	0.18471	0.04810	0.02330	0.02262	0.01684	0.01029	0.00834	0.00257	0.00852	0.00794	0.00834	0.01389
125	0.01291	0.01142	0.01135	0.01078	0.01326	0.07085	0.00809	0.01603	0.02192	0.02829	0.39321	0.06383	0.27230	0.01760	0.00959	0.00264	0.00507	0.01498	0.00818	0.00772
126	0.01339	0.00956	0.01339	0.01530	0.01721	0.00956	0.01339	0.01721	0.01912	0.02486	0.04399	0.09371	0.04781	0.02295	0.01147	0.00382	0.00765	0.60031	0.00765	0.00765
127	0.01208	0.00805	0.00906	0.00906	0.00906	0.00805	0.00503	0.01208	0.01208	0.01611	0.02618	0.05436	0.03020	0.70804	0.04228	0.00805	0.00805	0.01208	0.00503	0.00503
128	0.01061	0.00755	0.00989	0.01114	0.01188	0.00708	0.00752	0.01245	0.01714	0.02326	0.16769	0.51925	0.05770	0.07977	0.01302	0.00360	0.00490	0.02093	0.00779	0.00683
129	0.02056	0.01974	0.03372	0.05099	0.65622	0.01974	0.02550	0.02550	0.01892	0.02714	0.01563	0.02056	0.01316	0.00740	0.00822	0.00247	0.00987	0.00740	0.00411	0.01316
130	0.00993	0.00842	0.00858	0.00854	0.01129	0.00706	0.00640	0.01215	0.01921	0.02309	0.11789	0.07889	0.61872	0.02080	0.00982	0.00279	0.00419	0.01738	0.00780	0.00706
131	0.02831	0.02164	0.02309	0.01845	0.02451	0.02423	0.01500	0.45323	0.21968	0.04708	0.02410	0.02326	0.01750	0.01036	0.00835	0.00259	0.00837	0.00805	0.00835	0.01383
132	0.01208	0.00805	0.00906	0.00906	0.00906	0.00805	0.00503	0.01208	0.01208	0.01611	0.02618	0.05436	0.03020	0.70804	0.04228	0.00805	0.00805	0.01208	0.00503	0.00503
133	0.02269	0.02377	0.03165	0.04498	0.52807	0.15285	0.02358	0.02706	0.01986	0.02576	0.01506	0.01943	0.01266	0.00764	0.00808	0.00240	0.01091	0.00698	0.00415	0.01244
134	0.01012	0.00723	0.00964	0.01157	0.01205	0.00675	0.00771	0.01157	0.01591	0.02121	0.04579	0.70262	0.05495	0.02603	0.01060	0.00337	0.00482	0.02362	0.00771	0.00675
135	0.01012	0.00723	0.00964	0.01157	0.01205	0.00675	0.00771	0.01157	0.01591	0.02121	0.04579	0.70262	0.05495	0.02603	0.01060	0.00337	0.00482	0.02362	0.00771	0.00675
136	0.01174	0.01040	0.01025	0.01054	0.01269	0.05640	0.00763	0.01391	0.01906	0.02344	0.14657	0.24717	0.35847	0.02095	0.00986	0.00289	0.00514	0.01799	0.00766	0.00725
137	0.01005	0.00752	0.00934	0.01081	0.01185	0.00681	0.00737	0.01165	0.01664	0.02151	0.05507	0.55201	0.19957	0.02482	0.01041	0.00324	0.00467	0.02215	0.00771	0.00681
138	0.01176	0.00849	0.01110	0.01045	0.01241	0.00784	0.00784	0.01568	0.02352	0.03331	0.65184	0.06206	0.07839	0.01698	0.00980	0.00261	0.00392	0.01502	0.00914	0.00784
139	0.01012	0.00723	0.00964	0.01157	0.01205	0.00675	0.00771	0.01157	0.01591	0.02121	0.04579	0.70262	0.05495	0.02603	0.01060	0.00337	0.00482	0.02362	0.00771	0.00675
140	0.02056	0.01974	0.03372	0.05099	0.65622	0.01974	0.02550	0.02550	0.01892	0.02714	0.01563	0.02056	0.01316	0.00740	0.00822	0.00247	0.00987	0.00740	0.00411	0.01316
141	0.01666	0.04297	0.66500	0.02368	0.03596	0.01929	0.03069	0.02631	0.01754	0.02631	0.01491	0.01754	0.01052	0.00789	0.00789	0.00263	0.01228	0.00614	0.00351	0.01228
142	0.02891	0.20159	0.02835	0.01967	0.02463	0.52031	0.01561	0.03118	0.02194	0.02014	0.01253	0.01458	0.01069	0.00821	0.00697	0.00205	0.01351	0.00513	0.00411	0.00988
143	0.01361	0.01038	0.01475	0.01415	0.01595	0.01219	0.01113	0.06042	0.01522	0.02176	0.02158	0.03105	0.01984	0.05631	0.59700	0.01212	0.05114	0.00872	0.00470	0.00799
144	0.01651	0.02111	0.15591	0.33407	0.19341	0.01785	0.02362	0.02241	0.01758	0.02381	0.02159	0.02631	0.07239	0.00921	0.00835	0.00267	0.01038	0.00810	0.00414	0.01059
145	0.00982	0.00842	0.00842	0.00842	0.01122	0.00701	0.00631	0.01192	0.01894	0.02244	0.08416	0.07995	0.65285	0.02104	0.00982	0.00281	0.00421	0.01753	0.00771	0.00701
146	0.02056	0.01974	0.03372	0.05099	0.65622	0.01974	0.02550	0.02550	0.01892	0.02714	0.01563	0.02056	0.01316	0.00740	0.00822	0.00247	0.00987	0.00740	0.00411	0.01316
147	0.01938	0.01018	0.01355	0.01174	0.01504	0.00914	0.00914	0.02309	0.02359	0.22109	0.46693	0.05197	0.06111	0.01498	0.00937	0.00260	0.00486	0.01303	0.00948	0.00972
148	0.02029	0.02049	0.03801	0.04651	0.48449	0.02009	0.19379	0.02581	0.01911	0.02699	0.01596	0.02108	0.01300	0.00729	0.00867	0.00256	0.01103	0.00808	0.00414	0.01261
149	0.00982	0.00842	0.00842	0.00842	0.01122	0.00701	0.00631	0.01192	0.01894	0.02244	0.08416	0.07995	0.65285	0.02104	0.00982	0.00281	0.00421	0.01753	0.00771	0.00701
150	0.03103	0.03959	0.02354	0.02140	0.02568	0.67469	0.01605	0.03317	0.02354	0.02033	0.01284	0.01498	0.01070	0.00856	0.00749	0.00214	0.01498	0.00535	0.00428	0.00963
151	0.02237	0.06240	0.06339	0.04017	0.43736	0.14000	0.02268	0.02801	0.05655	0.02589	0.01594	0.01961	0.01317	0.00785	0.00793	0.00240	0.01067	0.00692	0.00434	0.01233
152	0.00982	0.00842	0.00842	0.00842	0.01122	0.00701	0.00631	0.01192	0.01894	0.02244	0.08416	0.07995	0.65285	0.02104	0.00982	0.00281	0.00421	0.01753	0.00771	0.00701
153	0.09562	0.04014	0.59628	0.02234	0.03386	0.01922	0.02841	0.02611	0.01718	0.02746	0.01456	0.01711	0.01036	0.00787	0.00760	0.00262	0.01166	0.00597	0.00368	0.01193
154	0.01723	0.01477	0.01723	0.01230	0.01969	0.01107	0.00984	0.02092	0.01723	0.02707	0.01477	0.01723	0.01230	0.00615	0.00615	0.00123	0.00615	0.00492	0.00492	0.75883
155	0.02016	0.01499	0.01695	0.01525	0.01873	0.01608	0.01163	0.27444	0.08501	0.03561	0.03377	0.35141	0.03495	0.01787	0.00943	0.00295	0.00681	0.01547	0.00803	0.01046
156	0.02107	0.02186	0.02853	0.06485	0.41193	0.13828	0.02137	0.02508	0.01905	0.02460	0.01923	0.02361	0.05090	0.01162	0.04291	0.00305	0.04855	0.00770	0.00433	0.01148
157	0.01060	0.00861	0.00954	0.01004	0.01254	0.00755	0.00789	0.01304	0.01883	0.02290	0.07376	0.11207	0.49535	0.02168	0.01021	0.00305	0.00497	0.14253	0.00770	0.00714
158	0.01711	0.01666	0.02442	0.18235	0.02986	0.02264	0.01878	0.01991	0.01371	0.02024	0.01268	0.02021	0.01168	0.01656	0.07056	0.00414	0.47837	0.00742	0.00371	0.00900
159	0.01126	0.00804	0.01094	0.01286	0.01384	0.00772	0.00968	0.01353	0.01702	0.02248	0.04516	0.49123	0.05247	0.02496	0.01091	0.00353	0.00580	0.22382	0.00769	0.00706
160	0.12622	0.52639	0.07462	0.01485	0.02178	0.07752	0.01460	0.02551	0.01703	0.02247	0.01185	0.01372	0.01042	0.00735	0.00562	0.00196	0.00919	0.00462	0.00383	0.01045
161	0.01056	0.00829	0.00935	0.00937	0.01148	0.00729	0.00679	0.01295	0.01939	0.02489	0.23492	0.13859	0.38290	0.07120	0.01229	0.00320	0.00448	0.01707	0.00792	0.00707
162	0.01208	0.00805	0.00906	0.00906	0.00906	0.00805	0.00503	0.01208	0.01208	0.01611	0.02618	0.05436	0.03020	0.70804	0.04228	0.00805	0.00805	0.01208	0.00503	0.00503
163	0.71140	0.01622	0.01319	0.01173	0.01649	0.01914	0.00968	0.02409	0.01403	0.03600	0.01152	0.01384	0.00914	0.00822	0.00678	0.00265	0.05716	0.00470	0.00503	0.00900
164	0.01025	0.00832	0.00916	0.00972	0.01200	0.00723	0.00731	0.01241	0.01840	0.02247	0.07293	0.19502	0.48005	0.02215	0.01014	0.00302	0.00468	0.07999	0.00771	0.00703
165	0.01030	0.00843	0.00909	0.00892	0.01152	0.00722	0.00669	0.01286	0.02008	0.02516	0.22607	0.07548	0.50925	0.02003	0.00981	0.00276	0.00414	0.01691	0.00807	0.00722
166	0.01666	0.04297	0.66500	0.02368	0.03596	0.01929	0.03069	0.02631	0.01754	0.02631	0.01491	0.01754	0.01052	0.00789	0.00789	0.00263	0.01228	0.00614	0.00351	0.01228
167	0.03459	0.01354	0.01842	0.01432	0.02028	0.01175	0.01175	0.03787	0.02375	0.59579	0.09795	0.03183	0.02665	0.01099	0.00851	0.00257	0.00674	0.00906	0.01016	0.01347
168	0.01489	0.01239	0.01356	0.01299	0.01635	0.01296	0.01019	0.02607	0.27120	0.02893	0.12016	0.06003	0.25597	0.01690	0.00948	0.00293	0.00559	0.09157	0.00816	0.00967
169	0.01129	0.00816	0.00952	0.00990	0.01086	0.00785	0.00655	0.01242	0.01476	0.01908	0.04379	0.15796	0.18543	0.35744	0.07490	0.00626	0.00766	0.04390	0.00617	0.00608
170	0.02049	0.01363	0.01572	0.01376	0.01789	0.01365	0.01099	0.13177	0.10579	0.12846	0.07275	0.05113	0.16604	0.06628	0.01161	0.00317	0.00670	0.09719	0.00805	0.04492
171	0.01800	0.20505	0.51468	0.02139	0.03242	0.02258	0.02671	0.02596	0.01738	0.02467	0.01410	0.01652	0.01056	0.00770	0.00727	0.00242	0.01146	0.00573	0.00352	0.01189
172	0.01779	0.17951	0.53836	0.02175	0.03297	0.02206	0.02734	0.02602	0.01740	0.02493	0.01422	0.01668	0.01055	0.00773	0.00737	0.00246	0.01159	0.00579	0.00352	0.01195
173	0.01613	0.01588	0.01399	0.01463	0.01672	0.16917	0.01118	0.01858	0.01929	0.02269	0.06896	0.27850	0.10010	0.02006	0.00998	0.00311	0.00796	0.17836	0.00693	0.00777
174	0.01549	0.00996	0.01138	0.01064	0.01176	0.01007	0.00679	0.07863	0.01590	0.05867	0.02736	0.09710	0.02977	0.54269	0.03435	0.00680	0.00787	0.01223	0.00589	0.00666
175	0.02048	0.01997	0.03502	0.04963	0.60414	0.01985	0.07654	0.02559	0.01897	0.02710	0.01573	0.02072	0.01311	0.00737	0.00836	0.00250	0.01022	0.00761	0.00412	0.01299
176	0.09884	0.35455	0.09781	0.02299	0.15160	0.02525	0.04013	0.02442	0.01691	0.02387	0.01370	0.01700	0.01180	0.01138	0.05582	0.00298	0.01034	0.00575	0.00392	0.01093
177	0.01208	0.00805	0.00906	0.00906	0.00906	0.00805	0.00503	0.01208	0.01208	0.01611	0.02618	0.05436	0.03020	0.70804	0.04228	0.00805	0.00805	0.01208	0.00503	0.00503
178	0.01971	0.01525	0.01912	0.06565	0.02127	0.01851	0.01374	0.16176	0.02053	0.03059	0.01898	0.02397	0.01559	0.01687	0.08598	0.00389	0.22056	0.00763	0.21068	0.00973
179	0.01187	0.00890	0.01335	0.01335	0.01483	0.01038	0.01038	0.01483	0.01335	0.01928	0.02225	0.03264	0.02077	0.06231	0.67512	0.01335	0.02225	0.00890	0.00445	0.00742
180	0.02358	0.39119	0.16140	0.01811	0.02545	0.21003	0.01800	0.02749	0.01888	0.02111	0.01258	0.01463	0.01064	0.00767	0.00644	0.00205	0.01127	0.00503	0.00375	0.01069
181	0.20841	0.02115	0.02189	0.01733	0.02312	0.02402	0.01432	0.43742	0.03108	0.04632	0.01725	0.01825	0.01265	0.00976	0.00894	0.00260	0.05902	0.00674	0.00720	0.01251
182	0.01942	0.01945	0.02890	0.32710	0.33412	0.08135	0.02354	0.02435	0.01835	0.02390	0.01499	0.02073	0.01201	0.00791	0.00819	0.00257	0.01088	0.00720	0.00394	0.01110
183	0.02956	0.03263	0.02406	0.09098	0.02902	0.43268	0.01672	0.19057	0.02695	0.02896	0.01494	0.01706	0.01165	0.00891	0.00779	0.00230	0.01301	0.00613	0.00529	0.01079
184	0.03046	0.03851	0.02410	0.02302	0.06022	0.63882	0.01657	0.03275	0.02329	0.02070	0.01299	0.01529	0.01084	0.00850	0.00753	0.00216	0.01470	0.00546	0.00427	0.00982
185	0.01869	0.01658	0.02007	0.12218	0.02712	0.01890	0.04271	0.03633	0.44857	0.03095	0.03533	0.03436	0.08858	0.01163	0.00864	0.00281	0.00738	0.00995	0.00743	0.01180
186	0.01197	0.00801	0.00909	0.00920	0.00922	0.00798	0.00518	0.01205	0.01229	0.01639	0.02725	0.08987	0.03156	0.67069	0.04055	0.00780	0.00788	0.01271	0.00518	0.00513
187	0.01248	0.01046	0.01452	0.17226	0.04904	0.01065	0.01192	0.01623	0.01998	0.02623	0.26014	0.05826	0.24734	0.01615	0.00946	0.00276	0.00612	0.04077	0.00711	0.00810
188	0.01798	0.01711	0.02906	0.38800	0.33935	0.01906	0.02421	0.02324	0.01770	0.02401	0.01517	0.02140	0.01206	0.00788	0.00827	0.00263	0.01051	0.00739	0.00389	0.01108
189	0.02162	0.31196	0.25854	0.01932	0.02732	0.14474	0.02061	0.02661	0.01808	0.02211	0.01293	0.01541	0.01063	0.00809	0.00793	0.00226	0.05183	0.00538	0.00367	0.01095
190	0.17900	0.13701	0.02507	0.01970	0.06051	0.34452	0.01487	0.08254	0.02169	0.02691	0.01318	0.01519	0.01080	0.00822	0.00679	0.00222	0.01147	0.00535	0.00469	0.01027
191	0.01937	0.01960	0.05243	0.03513	0.35696	0.04727	0.04471	0.02767	0.13895	0.02764	0.02764	0.03214	0.08432	0.01040	0.00861	0.00264	0.00902	0.03805	0.00549	0.01197
192	0.01466	0.01207	0.01311	0.01223	0.01536	0.01259	0.00922	0.02532	0.26148	0.02921	0.18946	0.05480	0.22848	0.07069	0.01185	0.00318	0.00537	0.01336	0.00812	0.00943
193	0.01192	0.00869	0.01231	0.01231	0.01343	0.00982	0.00908	0.01416	0.01304	0.01851	0.02321	0.03793	0.02307	0.21952	0.52105	0.01206	0.01880	0.00968	0.00459	0.00684
194	0.03158	0.02327	0.02493	0.01911	0.02576	0.02576	0.01579	0.62852	0.03906	0.05236	0.01995	0.01995	0.01413	0.00997	0.00831	0.00249	0.00914	0.00748	0.00831	0.01413
195	0.01067	0.00789	0.01007	0.01137	0.01262	0.00729	0.00823	0.01282	0.01769	0.02319	0.11636	0.44038	0.16566	0.02375	0.01049	0.00325	0.00499	0.09839	0.00785	0.00703
196	0.02713	0.03334	0.02147	0.01976	0.02347	0.53932	0.01490	0.02944	0.02147	0.02012	0.01476	0.01858	0.01275	0.01951	0.14354	0.00442	0.01646	0.00607	0.00432	0.00918
197	0.02221	0.71304	0.04353	0.01421	0.02132	0.03287	0.01421	0.02488	0.01688	0.01955	0.01155	0.01333	0.01066	0.00711	0.00533	0.00178	0.00888	0.00444	0.00355	0.01066
198	0.01004	0.00842	0.00872	0.00865	0.01136	0.00711	0.00649	0.01235	0.01946	0.02368	0.14865	0.07792	0.58759	0.02058	0.00982	0.00278	0.00418	0.01725	0.00788	0.00711
199	0.01048	0.00852	0.00933	0.00934	0.01191	0.00737	0.00715	0.01308	0.01988	0.02484	0.19687	0.07732	0.49107	0.02035	0.00994	0.00284	0.00440	0.06009	0.00800	0.00723
200	0.02535	0.05921	0.02131	0.01828	0.02229	0.35164	0.01393	0.11101	0.08883	0.02637	0.02268	0.15739	0.02173	0.01253	0.00824	0.00249	0.01095	0.00975	0.00594	0.01008
201	0.01208	0.00805	0.00906	0.00906	0.00906	0.00805	0.00503	0.01208	0.01208	0.01611	0.02618	0.05436	0.03020	0.70804	0.04228	0.00805	0.00805	0.01208	0.00503	0.00503
202	0.02066	0.01785	0.01878	0.01691	0.02160	0.02066	0.01315	0.04414	0.64121	0.03475	0.03381	0.03099	0.02536	0.01127	0.00845	0.00282	0.00657	0.00939	0.00845	0.01315
203	0.00982	0.00842	0.00842	0.00842	0.01122	0.00701	0.00631	0.01192	0.01894	0.02244	0.08416	0.07995	0.65285	0.02104	0.00982	0.00281	0.00421	0.01753	0.00771	0.00701
204	0.01938	0.01854	0.03159	0.20509	0.51133	0.01943	0.02491	0.02446	0.01836	0.02571	0.01542	0.02094	0.01265	0.00762	0.00824	0.00254	0.01016	0.00740	0.00401	0.01221
205	0.02366	0.02500	0.03020	0.06996	0.43158	0.19534	0.02241	0.05522	0.02098	0.02622	0.01504	0.01911	0.01245	0.00787	0.00804	0.00239	0.01126	0.00686	0.00433	0.01208

[dist]
# distance from previous block
# <min> <max>
0	16

# created by:
# /home/cegg/simao/soft/augustus-3.2.1/scripts/msa2prfl.pl ./align_prep/11588.fa
