[name]
unknown

[dist]
# distance from previous block
# <min> <max>
0	58

[block]
# block no. 0 follows, 22 sequences, length 41
# corresponding to MSA columns:
# 63-103
name=unknown_A
#
# <colnr> <probs for GDERKNQSTAVLIFYWHMCP>
#	G	D	E	R	K	N	Q	S	T	A	V	L	I	F	Y	W	H	M	C	P
0	0.01166	0.00886	0.01108	0.01228	0.01436	0.00827	0.01006	0.01456	0.01867	0.02352	0.05923	0.16112	0.27500	0.02260	0.01075	0.00339	0.00602	0.31358	0.00768	0.00730
1	0.03103	0.03959	0.02354	0.02140	0.02568	0.67469	0.01605	0.03317	0.02354	0.02033	0.01284	0.01498	0.01070	0.00856	0.00749	0.00214	0.01498	0.00535	0.00428	0.00963
2	0.01070	0.00748	0.00947	0.01082	0.01116	0.00714	0.00691	0.01172	0.01477	0.01969	0.03995	0.50959	0.04758	0.22911	0.02004	0.00477	0.00578	0.02018	0.00691	0.00624
3	0.01208	0.00805	0.00906	0.00906	0.00906	0.00805	0.00503	0.01208	0.01208	0.01611	0.02618	0.05436	0.03020	0.70804	0.04228	0.00805	0.00805	0.01208	0.00503	0.00503
4	0.02797	0.02169	0.02444	0.02323	0.12822	0.05076	0.01631	0.43632	0.03269	0.04446	0.01971	0.02104	0.01461	0.00945	0.00799	0.00241	0.00894	0.00740	0.08929	0.01307
5	0.01666	0.04297	0.66500	0.02368	0.03596	0.01929	0.03069	0.02631	0.01754	0.02631	0.01491	0.01754	0.01052	0.00789	0.00789	0.00263	0.01228	0.00614	0.00351	0.01228
6	0.02670	0.19617	0.06397	0.01966	0.02477	0.35326	0.01664	0.08198	0.02175	0.02327	0.01305	0.01554	0.01101	0.00899	0.00936	0.00228	0.09131	0.00559	0.00435	0.01036
7	0.01208	0.00805	0.00906	0.00906	0.00906	0.00805	0.00503	0.01208	0.01208	0.01611	0.02618	0.05436	0.03020	0.70804	0.04228	0.00805	0.00805	0.01208	0.00503	0.00503
8	0.02751	0.31374	0.03207	0.01797	0.02390	0.27554	0.01524	0.15329	0.02402	0.02665	0.01378	0.01533	0.01140	0.00825	0.00677	0.00206	0.01126	0.00542	0.00482	0.01099
9	0.01304	0.00932	0.01299	0.01491	0.01667	0.00927	0.01279	0.01662	0.01879	0.02448	0.04417	0.15772	0.04856	0.02327	0.01138	0.00378	0.00735	0.53968	0.00766	0.00755
10	0.02725	0.06087	0.02269	0.02184	0.10878	0.21618	0.01556	0.03047	0.02168	0.21024	0.02548	0.03596	0.02166	0.01182	0.00855	0.00264	0.01009	0.13046	0.00668	0.01108
11	0.01781	0.01301	0.01626	0.01455	0.01748	0.01464	0.01146	0.19473	0.02098	0.02927	0.02201	0.03015	0.01941	0.08339	0.41452	0.00939	0.01681	0.00863	0.03626	0.00926
12	0.01154	0.00848	0.01080	0.01022	0.01227	0.00774	0.00766	0.01525	0.02299	0.03207	0.58667	0.06411	0.14433	0.01745	0.00980	0.00263	0.00395	0.01531	0.00898	0.00774
13	0.01006	0.00748	0.00938	0.01091	0.01188	0.00680	0.00742	0.01164	0.01654	0.02146	0.05378	0.57285	0.17956	0.02499	0.01044	0.00326	0.00469	0.02235	0.00771	0.00680
14	0.01757	0.10562	0.54418	0.02539	0.09412	0.02065	0.02860	0.02609	0.01761	0.02573	0.01465	0.01742	0.01079	0.00777	0.00768	0.00253	0.01172	0.00610	0.00357	0.01221
15	0.01877	0.03466	0.45853	0.02393	0.03443	0.01821	0.13105	0.02691	0.01858	0.08721	0.02089	0.02297	0.04838	0.00872	0.00838	0.00266	0.01162	0.00764	0.00452	0.01197
16	0.01035	0.00779	0.00965	0.01103	0.01231	0.00709	0.00786	0.01221	0.01708	0.02191	0.05658	0.46620	0.22511	0.02431	0.01046	0.00325	0.00492	0.07728	0.00771	0.00691
17	0.01927	0.02856	0.27521	0.02904	0.13519	0.01945	0.17321	0.09266	0.02018	0.02848	0.01713	0.02301	0.01374	0.07433	0.01173	0.00315	0.01156	0.00797	0.00446	0.01168
18	0.02223	0.02249	0.02592	0.18644	0.21575	0.15588	0.01984	0.06426	0.15018	0.02735	0.01888	0.02192	0.01475	0.00881	0.00814	0.00255	0.01049	0.00739	0.00519	0.01155
19	0.02482	0.02885	0.02767	0.02846	0.15657	0.33022	0.05500	0.02775	0.01952	0.02203	0.01315	0.01742	0.01138	0.00979	0.01294	0.00264	0.19085	0.00654	0.00407	0.01032
20	0.01160	0.00818	0.01070	0.01110	0.01172	0.00860	0.00748	0.01295	0.01333	0.01829	0.02888	0.18181	0.03203	0.33806	0.25897	0.00895	0.01239	0.01336	0.00539	0.00623
21	0.02286	0.32714	0.03226	0.01994	0.07796	0.16933	0.01558	0.05174	0.01893	0.02205	0.01555	0.07673	0.01503	0.01015	0.00928	0.00231	0.09146	0.00709	0.00435	0.01027
22	0.01865	0.07511	0.50929	0.02635	0.11816	0.01970	0.02805	0.02691	0.01804	0.06165	0.01582	0.01832	0.01145	0.00792	0.00782	0.00256	0.01147	0.00634	0.00397	0.01241
23	0.01772	0.01683	0.02858	0.42310	0.30636	0.01899	0.02408	0.02300	0.01757	0.02369	0.01512	0.02149	0.01194	0.00793	0.00827	0.00264	0.01057	0.00739	0.00387	0.01086
24	0.02056	0.01974	0.03372	0.05099	0.65622	0.01974	0.02550	0.02550	0.01892	0.02714	0.01563	0.02056	0.01316	0.00740	0.00822	0.00247	0.00987	0.00740	0.00411	0.01316
25	0.01895	0.04996	0.02616	0.02145	0.02197	0.05573	0.01790	0.02082	0.01341	0.01999	0.01102	0.01781	0.01088	0.01393	0.02538	0.00348	0.63125	0.00706	0.00366	0.00918
26	0.01012	0.00723	0.00964	0.01157	0.01205	0.00675	0.00771	0.01157	0.01591	0.02121	0.04579	0.70262	0.05495	0.02603	0.01060	0.00337	0.00482	0.02362	0.00771	0.00675
27	0.01031	0.00736	0.00986	0.01178	0.01235	0.00691	0.00804	0.01189	0.01609	0.02142	0.04568	0.66740	0.05453	0.02585	0.01065	0.00340	0.00498	0.05697	0.00771	0.00680
28	0.02020	0.01229	0.01278	0.01108	0.01439	0.01302	0.00873	0.19791	0.02376	0.03724	0.02500	0.02774	0.01919	0.00976	0.00654	0.00210	0.00542	0.00767	0.53555	0.00961
29	0.02058	0.51664	0.22569	0.01699	0.02561	0.02889	0.01904	0.02530	0.01707	0.02153	0.01253	0.01456	0.01062	0.00734	0.00608	0.00203	0.00988	0.00494	0.00354	0.01113
30	0.01069	0.00845	0.00962	0.00933	0.01176	0.00738	0.00700	0.01361	0.02099	0.02732	0.33899	0.07192	0.39497	0.01922	0.00981	0.00272	0.00408	0.01641	0.00836	0.00738
31	0.03103	0.03959	0.02354	0.02140	0.02568	0.67469	0.01605	0.03317	0.02354	0.02033	0.01284	0.01498	0.01070	0.00856	0.00749	0.00214	0.01498	0.00535	0.00428	0.00963
32	0.02075	0.06791	0.15795	0.08453	0.02877	0.20601	0.04642	0.02517	0.01807	0.02235	0.01511	0.01972	0.01250	0.01496	0.08246	0.00372	0.11051	0.00665	0.04659	0.00985
33	0.02164	0.29363	0.15586	0.01943	0.05968	0.17315	0.01778	0.02580	0.01896	0.02252	0.06286	0.01982	0.01660	0.01157	0.04558	0.00280	0.01139	0.00622	0.00423	0.01048
34	0.01053	0.00850	0.00941	0.00933	0.01186	0.00737	0.00710	0.01322	0.02019	0.02553	0.23688	0.07578	0.46480	0.02003	0.00990	0.00281	0.00431	0.04709	0.00810	0.00727
35	0.01012	0.00723	0.00964	0.01157	0.01205	0.00675	0.00771	0.01157	0.01591	0.02121	0.04579	0.70262	0.05495	0.02603	0.01060	0.00337	0.00482	0.02362	0.00771	0.00675
36	0.02653	0.02364	0.01958	0.01685	0.02159	0.23760	0.01328	0.18487	0.02642	0.11472	0.03408	0.03629	0.14896	0.01262	0.00854	0.00253	0.00972	0.04438	0.00705	0.01075
37	0.02773	0.02136	0.02276	0.01834	0.02429	0.02396	0.01486	0.42233	0.25152	0.04614	0.02484	0.02384	0.01809	0.01043	0.00836	0.00261	0.00824	0.00815	0.00836	0.01378
38	0.01844	0.02782	0.23096	0.02905	0.03701	0.02134	0.32917	0.02525	0.01766	0.02525	0.01510	0.02012	0.01165	0.00872	0.01258	0.00291	0.14376	0.00821	0.00388	0.01112
39	0.01841	0.01755	0.02984	0.33171	0.39228	0.01917	0.02443	0.02361	0.01790	0.02453	0.01525	0.02126	0.01224	0.00780	0.00826	0.00260	0.01040	0.00739	0.00393	0.01143
40	0.02014	0.02120	0.02656	0.30427	0.24251	0.15500	0.02146	0.02458	0.01893	0.02303	0.01853	0.02338	0.04761	0.00878	0.00819	0.00254	0.01111	0.00753	0.00418	0.01046

[dist]
# distance from previous block
# <min> <max>
0	1

[block]
# block no. 1 follows, 22 sequences, length 56
# corresponding to MSA columns:
# 105-160
name=unknown_B
#
# <colnr> <probs for GDERKNQSTAVLIFYWHMCP>
#	G	D	E	R	K	N	Q	S	T	A	V	L	I	F	Y	W	H	M	C	P
0	0.01885	0.01955	0.07210	0.18366	0.42102	0.01890	0.02409	0.02498	0.04588	0.02601	0.01779	0.02528	0.01502	0.00868	0.00841	0.00264	0.01002	0.04079	0.00437	0.01194
1	0.07024	0.02766	0.20178	0.02935	0.19439	0.08550	0.07477	0.03042	0.14925	0.02846	0.01880	0.02106	0.01443	0.00845	0.00804	0.00259	0.01048	0.00729	0.00495	0.01211
2	0.31050	0.08216	0.02154	0.01845	0.08383	0.09955	0.01346	0.17837	0.02220	0.03534	0.01505	0.01824	0.01223	0.04662	0.00858	0.00272	0.00879	0.00606	0.00559	0.01072
3	0.01004	0.00754	0.00932	0.01073	0.01183	0.00682	0.00734	0.01166	0.01671	0.02153	0.05593	0.53797	0.21305	0.02471	0.01040	0.00322	0.00466	0.02201	0.00771	0.00682
4	0.02847	0.24265	0.03012	0.01851	0.02436	0.28437	0.01541	0.20694	0.02608	0.02957	0.01455	0.01594	0.01170	0.00853	0.00707	0.00213	0.01137	0.00570	0.00525	0.01128
5	0.01889	0.01832	0.02686	0.03817	0.44414	0.05296	0.02013	0.02431	0.06067	0.02629	0.03106	0.03341	0.14799	0.01058	0.00853	0.00254	0.00874	0.00955	0.00517	0.01168
6	0.01187	0.00890	0.01335	0.01335	0.01483	0.01038	0.01038	0.01483	0.01335	0.01928	0.02225	0.03264	0.02077	0.06231	0.67512	0.01335	0.02225	0.00890	0.00445	0.00742
7	0.01683	0.04182	0.63053	0.02431	0.03637	0.01939	0.06401	0.02633	0.01766	0.02633	0.01501	0.01781	0.01064	0.00784	0.00800	0.00264	0.01237	0.00634	0.00355	0.01222
8	0.02224	0.14467	0.16486	0.02607	0.15899	0.02038	0.07294	0.02827	0.04620	0.13589	0.05424	0.02284	0.01750	0.00894	0.00875	0.00250	0.03974	0.00750	0.00541	0.01205
9	0.02611	0.03461	0.10215	0.02398	0.06158	0.42426	0.04655	0.02947	0.02062	0.02165	0.01310	0.01646	0.01093	0.00933	0.01093	0.00249	0.12550	0.00608	0.00407	0.01012
10	0.01012	0.00723	0.00964	0.01157	0.01205	0.00675	0.00771	0.01157	0.01591	0.02121	0.04579	0.70262	0.05495	0.02603	0.01060	0.00337	0.00482	0.02362	0.00771	0.00675
11	0.00992	0.00801	0.00883	0.00949	0.01150	0.00692	0.00679	0.01180	0.01791	0.02202	0.07113	0.29143	0.44978	0.02273	0.01008	0.00300	0.00442	0.01960	0.00771	0.00692
12	0.01831	0.14147	0.24781	0.04980	0.06412	0.02307	0.04678	0.02357	0.01604	0.02325	0.01370	0.01814	0.01136	0.00988	0.01358	0.00278	0.22505	0.00655	0.03404	0.01071
13	0.02286	0.02410	0.03149	0.04450	0.51784	0.16348	0.02342	0.02718	0.01993	0.02565	0.01502	0.01934	0.01262	0.00766	0.00806	0.00240	0.01099	0.00695	0.00415	0.01238
14	0.01961	0.02241	0.04902	0.03501	0.04342	0.02101	0.62605	0.02661	0.01961	0.02661	0.01681	0.02241	0.01261	0.00700	0.00980	0.00280	0.01401	0.00980	0.00420	0.01120
15	0.01731	0.01506	0.01658	0.01656	0.06072	0.01639	0.01186	0.03295	0.40762	0.03044	0.04814	0.04541	0.21825	0.01403	0.00886	0.00279	0.00606	0.01177	0.00794	0.01126
16	0.02225	0.02543	0.03914	0.03479	0.16753	0.16440	0.33824	0.02752	0.02001	0.02504	0.01542	0.02020	0.01223	0.00777	0.00975	0.00262	0.04410	0.00821	0.00417	0.01117
17	0.00982	0.00842	0.00842	0.00842	0.01122	0.00701	0.00631	0.01192	0.01894	0.02244	0.08416	0.07995	0.65285	0.02104	0.00982	0.00281	0.00421	0.01753	0.00771	0.00701
18	0.00992	0.00801	0.00883	0.00949	0.01150	0.00692	0.00679	0.01180	0.01790	0.02202	0.07104	0.29286	0.44841	0.02274	0.01009	0.00300	0.00442	0.01961	0.00771	0.00692
19	0.01272	0.01048	0.01472	0.04886	0.12037	0.01027	0.01169	0.01620	0.04523	0.02326	0.04592	0.37290	0.15572	0.02037	0.00992	0.00310	0.00609	0.05690	0.00697	0.00831
20	0.01819	0.01793	0.02480	0.02631	0.15375	0.05693	0.01813	0.02090	0.01473	0.02138	0.01414	0.02123	0.01323	0.02172	0.14436	0.00514	0.38607	0.00750	0.00392	0.00966
21	0.08557	0.01944	0.01737	0.01678	0.02048	0.15388	0.01348	0.03097	0.24559	0.02859	0.03093	0.04741	0.02848	0.01436	0.00899	0.00300	0.00869	0.20881	0.00702	0.01018
22	0.01881	0.01795	0.03055	0.28056	0.44037	0.01928	0.02462	0.02396	0.01809	0.02501	0.01532	0.02113	0.01241	0.00773	0.00825	0.00258	0.01030	0.00740	0.00396	0.01174
23	0.08436	0.05092	0.01724	0.01544	0.01871	0.20754	0.01226	0.02290	0.04647	0.02329	0.03036	0.04193	0.10130	0.02454	0.15477	0.00504	0.01248	0.11624	0.00560	0.00860
24	0.07253	0.03618	0.02308	0.02052	0.02515	0.55477	0.01562	0.10881	0.02500	0.02538	0.01368	0.01553	0.01104	0.00869	0.00746	0.00221	0.01375	0.00557	0.00484	0.01017
25	0.01187	0.00890	0.01335	0.01335	0.01483	0.01038	0.01038	0.01483	0.01335	0.01928	0.02225	0.03264	0.02077	0.06231	0.67512	0.01335	0.02225	0.00890	0.00445	0.00742
26	0.02297	0.02582	0.03626	0.03785	0.28377	0.19086	0.22700	0.02788	0.02036	0.02519	0.01530	0.01973	0.01233	0.00757	0.00857	0.00250	0.01261	0.00768	0.00419	0.01158
27	0.02058	0.01941	0.03244	0.11308	0.56731	0.01989	0.02481	0.05294	0.01962	0.02772	0.01574	0.02069	0.01300	0.00761	0.00824	0.00250	0.00996	0.00740	0.00426	0.01281
28	0.01012	0.00723	0.00964	0.01157	0.01205	0.00675	0.00771	0.01157	0.01591	0.02121	0.04579	0.70262	0.05495	0.02603	0.01060	0.00337	0.00482	0.02362	0.00771	0.00675
29	0.03099	0.03526	0.02326	0.02056	0.02526	0.53129	0.01568	0.10514	0.05266	0.06070	0.01573	0.01702	0.01231	0.00895	0.00768	0.00224	0.01347	0.00595	0.00528	0.01058
30	0.03103	0.03959	0.02354	0.02140	0.02568	0.67469	0.01605	0.03317	0.02354	0.02033	0.01284	0.01498	0.01070	0.00856	0.00749	0.00214	0.01498	0.00535	0.00428	0.00963
31	0.01035	0.00844	0.00915	0.00897	0.01155	0.00724	0.00673	0.01295	0.02019	0.02541	0.23910	0.07507	0.49605	0.01993	0.00981	0.00275	0.00413	0.01685	0.00810	0.00724
32	0.03116	0.03581	0.02386	0.02087	0.02570	0.52412	0.01599	0.17131	0.02714	0.02776	0.01449	0.01613	0.01150	0.00889	0.00768	0.00222	0.01363	0.00584	0.00522	0.01067
33	0.01187	0.00890	0.01335	0.01335	0.01483	0.01038	0.01038	0.01483	0.01335	0.01928	0.02225	0.03264	0.02077	0.06231	0.67512	0.01335	0.02225	0.00890	0.00445	0.00742
34	0.01163	0.00849	0.01093	0.01032	0.01233	0.00778	0.00774	0.01543	0.02321	0.03259	0.61398	0.06325	0.11669	0.01725	0.00980	0.00263	0.00394	0.01519	0.00905	0.00778
35	0.02056	0.01974	0.03372	0.05099	0.65622	0.01974	0.02550	0.02550	0.01892	0.02714	0.01563	0.02056	0.01316	0.00740	0.00822	0.00247	0.00987	0.00740	0.00411	0.01316
36	0.01187	0.00890	0.01335	0.01335	0.01483	0.01038	0.01038	0.01483	0.01335	0.01928	0.02225	0.03264	0.02077	0.06231	0.67512	0.01335	0.02225	0.00890	0.00445	0.00742
37	0.01356	0.01114	0.01540	0.01450	0.01516	0.01374	0.01105	0.01540	0.01298	0.01877	0.02124	0.06564	0.02204	0.20904	0.30878	0.00891	0.20092	0.00994	0.00453	0.00725
38	0.01012	0.00723	0.00964	0.01157	0.01205	0.00675	0.00771	0.01157	0.01591	0.02121	0.04579	0.70262	0.05495	0.02603	0.01060	0.00337	0.00482	0.02362	0.00771	0.00675
39	0.01723	0.01477	0.01723	0.01230	0.01969	0.01107	0.00984	0.02092	0.01723	0.02707	0.01477	0.01723	0.01230	0.00615	0.00615	0.00123	0.00615	0.00492	0.00492	0.75883
40	0.01150	0.00855	0.01257	0.01298	0.01425	0.00962	0.00982	0.01415	0.01389	0.01969	0.02719	0.17314	0.02794	0.05470	0.53576	0.01126	0.01860	0.01199	0.00513	0.00728
41	0.01549	0.00774	0.00774	0.00774	0.00968	0.00774	0.00581	0.01936	0.01742	0.03097	0.02710	0.03097	0.02129	0.00968	0.00581	0.00194	0.00387	0.00774	0.75416	0.00774
42	0.01065	0.00845	0.00956	0.00929	0.01173	0.00737	0.00696	0.01353	0.02089	0.02708	0.32657	0.07231	0.40754	0.01931	0.00981	0.00272	0.00408	0.01646	0.00833	0.00737
43	0.01961	0.02241	0.04902	0.03501	0.04342	0.02101	0.62605	0.02661	0.01961	0.02661	0.01681	0.02241	0.01261	0.00700	0.00980	0.00280	0.01401	0.00980	0.00420	0.01120
44	0.01723	0.01477	0.01723	0.01230	0.01969	0.01107	0.00984	0.02092	0.01723	0.02707	0.01477	0.01723	0.01230	0.00615	0.00615	0.00123	0.00615	0.00492	0.00492	0.75883
45	0.02056	0.01974	0.03372	0.05099	0.65622	0.01974	0.02550	0.02550	0.01892	0.02714	0.01563	0.02056	0.01316	0.00740	0.00822	0.00247	0.00987	0.00740	0.00411	0.01316
46	0.02066	0.01785	0.01878	0.01691	0.02160	0.02066	0.01315	0.04414	0.64121	0.03475	0.03381	0.03099	0.02536	0.01127	0.00845	0.00282	0.00657	0.00939	0.00845	0.01315
47	0.03103	0.03959	0.02354	0.02140	0.02568	0.67469	0.01605	0.03317	0.02354	0.02033	0.01284	0.01498	0.01070	0.00856	0.00749	0.00214	0.01498	0.00535	0.00428	0.00963
48	0.03103	0.03959	0.02354	0.02140	0.02568	0.67469	0.01605	0.03317	0.02354	0.02033	0.01284	0.01498	0.01070	0.00856	0.00749	0.00214	0.01498	0.00535	0.00428	0.00963
49	0.02066	0.01785	0.01878	0.01691	0.02160	0.02066	0.01315	0.04414	0.64121	0.03475	0.03381	0.03099	0.02536	0.01127	0.00845	0.00282	0.00657	0.00939	0.00845	0.01315
50	0.02425	0.55735	0.03891	0.01588	0.02233	0.18125	0.01464	0.02679	0.01842	0.01973	0.01185	0.01371	0.01067	0.00744	0.00583	0.00186	0.01029	0.00465	0.00372	0.01042
51	0.01310	0.01097	0.01524	0.01951	0.14816	0.01035	0.01235	0.01626	0.01890	0.02443	0.08243	0.13180	0.27786	0.01897	0.00998	0.00304	0.00632	0.16483	0.00701	0.00848
52	0.01549	0.00774	0.00774	0.00774	0.00968	0.00774	0.00581	0.01936	0.01742	0.03097	0.02710	0.03097	0.02129	0.00968	0.00581	0.00194	0.00387	0.00774	0.75416	0.00774
53	0.01884	0.01295	0.05083	0.01341	0.01742	0.01048	0.01079	0.05499	0.01972	0.16381	0.07513	0.32497	0.03730	0.01684	0.00905	0.00271	0.00613	0.01479	0.00770	0.13211
54	0.02661	0.02010	0.02220	0.04766	0.02490	0.02200	0.01463	0.44110	0.09387	0.04435	0.02366	0.09663	0.01952	0.01159	0.00846	0.00256	0.00833	0.00931	0.00786	0.05467
55	0.01974	0.02461	0.16611	0.04526	0.52614	0.01965	0.02659	0.02567	0.01863	0.02697	0.01548	0.01993	0.01261	0.00750	0.00815	0.00250	0.01037	0.00714	0.00399	0.01297

[dist]
# distance from previous block
# <min> <max>
0	1

[block]
# block no. 2 follows, 22 sequences, length 7
# corresponding to MSA columns:
# 162-168
name=unknown_C
#
# <colnr> <probs for GDERKNQSTAVLIFYWHMCP>
#	G	D	E	R	K	N	Q	S	T	A	V	L	I	F	Y	W	H	M	C	P
0	0.02798	0.16709	0.02889	0.02370	0.10754	0.41102	0.01691	0.07873	0.02289	0.02366	0.01353	0.01579	0.01129	0.00824	0.00723	0.00214	0.01265	0.00561	0.00444	0.01066
1	0.17581	0.13858	0.01733	0.01117	0.01538	0.01592	0.00931	0.07003	0.01984	0.02994	0.13508	0.04224	0.20858	0.01327	0.00758	0.00245	0.00587	0.01042	0.06231	0.00888
2	0.01381	0.01182	0.01355	0.01337	0.01442	0.06710	0.00973	0.01560	0.01427	0.01894	0.02539	0.14702	0.02716	0.21235	0.29016	0.00854	0.07295	0.01172	0.00506	0.00703
3	0.01858	0.02011	0.03655	0.02802	0.03413	0.07396	0.40176	0.02407	0.01954	0.02527	0.02421	0.09301	0.02288	0.01185	0.01000	0.00299	0.01208	0.12582	0.00518	0.01000
4	0.02056	0.01974	0.03372	0.05099	0.65622	0.01974	0.02550	0.02550	0.01892	0.02714	0.01563	0.02056	0.01316	0.00740	0.00822	0.00247	0.00987	0.00740	0.00411	0.01316
5	0.02614	0.03176	0.02094	0.01935	0.02291	0.50516	0.01461	0.02849	0.02094	0.02006	0.01524	0.01949	0.01327	0.02228	0.17787	0.00500	0.01684	0.00626	0.00432	0.00907
6	0.02231	0.01504	0.01682	0.01441	0.01853	0.01596	0.01106	0.13240	0.23451	0.13750	0.06256	0.03863	0.07685	0.14791	0.01519	0.00373	0.00707	0.01034	0.00804	0.01115

[dist]
# distance from previous block
# <min> <max>
0	1

[block]
# block no. 3 follows, 22 sequences, length 57
# corresponding to MSA columns:
# 170-226
name=unknown_D
#
# <colnr> <probs for GDERKNQSTAVLIFYWHMCP>
#	G	D	E	R	K	N	Q	S	T	A	V	L	I	F	Y	W	H	M	C	P
0	0.02056	0.01974	0.03372	0.05099	0.65622	0.01974	0.02550	0.02550	0.01892	0.02714	0.01563	0.02056	0.01316	0.00740	0.00822	0.00247	0.00987	0.00740	0.00411	0.01316
1	0.01997	0.02195	0.06910	0.04287	0.36434	0.02026	0.28405	0.02601	0.01915	0.02687	0.01610	0.02122	0.01280	0.00725	0.00889	0.00262	0.01176	0.00838	0.00412	0.01228
2	0.03110	0.03747	0.02372	0.02110	0.02569	0.59023	0.01602	0.11066	0.02556	0.02450	0.01377	0.01563	0.01115	0.00874	0.00760	0.00219	0.01422	0.00563	0.00480	0.01022
3	0.00994	0.00840	0.00845	0.00845	0.01110	0.00707	0.00624	0.01193	0.01855	0.02209	0.08092	0.07852	0.61804	0.05945	0.01163	0.00310	0.00442	0.01723	0.00756	0.00690
4	0.01012	0.00723	0.00964	0.01157	0.01205	0.00675	0.00771	0.01157	0.01591	0.02121	0.04579	0.70262	0.05495	0.02603	0.01060	0.00337	0.00482	0.02362	0.00771	0.00675
5	0.01569	0.01477	0.02492	0.68808	0.05722	0.01846	0.02307	0.02123	0.01661	0.02123	0.01477	0.02215	0.01107	0.00831	0.00831	0.00277	0.01107	0.00738	0.00369	0.00923
6	0.01666	0.04297	0.66500	0.02368	0.03596	0.01929	0.03069	0.02631	0.01754	0.02631	0.01491	0.01754	0.01052	0.00789	0.00789	0.00263	0.01228	0.00614	0.00351	0.01228
7	0.01046	0.00749	0.00994	0.01134	0.01212	0.00697	0.00774	0.01241	0.01747	0.02369	0.17022	0.57110	0.05976	0.02417	0.01044	0.00322	0.00463	0.02185	0.00801	0.00697
8	0.02739	0.03353	0.02408	0.02152	0.02459	0.49087	0.01665	0.02944	0.02048	0.02024	0.01229	0.01589	0.01076	0.01025	0.01309	0.00256	0.20691	0.00589	0.00410	0.00948
9	0.01200	0.00949	0.01095	0.01076	0.01314	0.00906	0.00798	0.01746	0.10117	0.02790	0.28309	0.16156	0.26646	0.01902	0.00975	0.00282	0.00450	0.01646	0.00834	0.00808
10	0.01896	0.01811	0.03083	0.26015	0.45956	0.01932	0.02470	0.02409	0.01816	0.02520	0.01534	0.02108	0.01247	0.00770	0.00825	0.00257	0.01026	0.00740	0.00397	0.01187
11	0.02056	0.01974	0.03372	0.05099	0.65622	0.01974	0.02550	0.02550	0.01892	0.02714	0.01563	0.02056	0.01316	0.00740	0.00822	0.00247	0.00987	0.00740	0.00411	0.01316
12	0.01873	0.01787	0.03041	0.29080	0.43075	0.01926	0.02458	0.02389	0.01805	0.02491	0.01530	0.02116	0.01237	0.00774	0.00825	0.00258	0.01032	0.00739	0.00395	0.01168
13	0.01085	0.01059	0.06506	0.01198	0.01400	0.00799	0.00946	0.01341	0.01750	0.02343	0.12934	0.46758	0.14269	0.02256	0.01015	0.00313	0.00524	0.02010	0.00755	0.00740
14	0.02360	0.01511	0.01751	0.01514	0.01981	0.01599	0.01192	0.03792	0.35810	0.20703	0.14686	0.03594	0.03376	0.01205	0.00867	0.00271	0.00622	0.01014	0.00908	0.01245
15	0.01756	0.03672	0.47768	0.02713	0.03822	0.01981	0.21174	0.02640	0.01817	0.02640	0.01549	0.01902	0.01116	0.00762	0.00847	0.00268	0.01280	0.00725	0.00372	0.01195
16	0.01214	0.01064	0.04767	0.01354	0.01547	0.01066	0.01101	0.01521	0.01347	0.01939	0.02219	0.03367	0.02102	0.11400	0.58611	0.01233	0.02052	0.00902	0.00445	0.00747
17	0.01838	0.01752	0.02979	0.33568	0.38855	0.01917	0.02441	0.02359	0.01789	0.02450	0.01524	0.02127	0.01223	0.00781	0.00826	0.00260	0.01041	0.00739	0.00392	0.01140
18	0.01035	0.00844	0.00916	0.00898	0.01155	0.00724	0.00673	0.01296	0.02020	0.02543	0.24032	0.07503	0.49482	0.01992	0.00981	0.00275	0.00413	0.01684	0.00811	0.00724
19	0.02231	0.31670	0.02961	0.01789	0.07397	0.18058	0.01390	0.02495	0.01938	0.04890	0.02804	0.02867	0.14317	0.01048	0.00715	0.00217	0.00940	0.00777	0.00492	0.01003
20	0.01841	0.02463	0.16070	0.05974	0.03072	0.05681	0.13964	0.02312	0.01587	0.02264	0.01371	0.01957	0.01161	0.01323	0.04735	0.00358	0.31725	0.00751	0.00379	0.01012
21	0.01208	0.00805	0.00906	0.00906	0.00906	0.00805	0.00503	0.01208	0.01208	0.01611	0.02618	0.05436	0.03020	0.70804	0.04228	0.00805	0.00805	0.01208	0.00503	0.00503
22	0.01086	0.00846	0.00985	0.00950	0.01186	0.00745	0.00713	0.01393	0.02138	0.02826	0.38774	0.07038	0.34564	0.01887	0.00981	0.00270	0.00405	0.01619	0.00848	0.00745
23	0.01913	0.01995	0.05979	0.19495	0.39711	0.01962	0.11834	0.02471	0.01843	0.02565	0.01558	0.02109	0.01248	0.00757	0.00847	0.00260	0.01089	0.00772	0.00400	0.01191
24	0.02056	0.01974	0.03372	0.05099	0.65622	0.01974	0.02550	0.02550	0.01892	0.02714	0.01563	0.02056	0.01316	0.00740	0.00822	0.00247	0.00987	0.00740	0.00411	0.01316
25	0.01187	0.00890	0.01335	0.01335	0.01483	0.01038	0.01038	0.01483	0.01335	0.01928	0.02225	0.03264	0.02077	0.06231	0.67512	0.01335	0.02225	0.00890	0.00445	0.00742
26	0.02066	0.01785	0.01878	0.01691	0.02160	0.02066	0.01315	0.04414	0.64121	0.03475	0.03381	0.03099	0.02536	0.01127	0.00845	0.00282	0.00657	0.00939	0.00845	0.01315
27	0.76672	0.01607	0.01221	0.01092	0.01607	0.01864	0.00900	0.02442	0.01414	0.03727	0.01157	0.01350	0.00900	0.00771	0.00514	0.00257	0.00643	0.00450	0.00514	0.00900
28	0.02015	0.01932	0.03298	0.10485	0.60558	0.01963	0.02529	0.02513	0.01872	0.02664	0.01555	0.02070	0.01298	0.00748	0.00823	0.00249	0.00997	0.00740	0.00408	0.01283
29	0.01085	0.00836	0.00927	0.00927	0.01096	0.00780	0.00641	0.01235	0.01590	0.01990	0.05661	0.06519	0.36124	0.25739	0.10732	0.00594	0.00785	0.01458	0.00639	0.00640
30	0.01852	0.01729	0.02900	0.04327	0.53001	0.01719	0.02201	0.02277	0.01833	0.02598	0.02154	0.15420	0.02135	0.01105	0.00869	0.00264	0.00888	0.01058	0.00482	0.01190
31	0.25922	0.01871	0.02343	0.09239	0.23113	0.02055	0.01737	0.14954	0.05434	0.03536	0.01611	0.01890	0.01248	0.00832	0.00728	0.00255	0.00857	0.00660	0.00549	0.01165
32	0.06510	0.13936	0.02867	0.02656	0.19436	0.17704	0.01744	0.16622	0.02408	0.03045	0.01806	0.02011	0.03998	0.00883	0.00750	0.00230	0.01031	0.00673	0.00524	0.01165
33	0.03111	0.03735	0.02373	0.02109	0.02569	0.58538	0.01602	0.11511	0.02568	0.02474	0.01382	0.01566	0.01117	0.00876	0.00760	0.00219	0.01418	0.00564	0.00484	0.01025
34	0.01021	0.00838	0.00903	0.00918	0.01167	0.00719	0.00689	0.01254	0.01923	0.02370	0.14513	0.12850	0.51387	0.02105	0.00995	0.00287	0.00436	0.04127	0.00788	0.00711
35	0.01086	0.00784	0.01044	0.01226	0.01320	0.00741	0.00895	0.01290	0.01682	0.02212	0.04751	0.52664	0.08672	0.02503	0.01076	0.00345	0.00544	0.15698	0.00770	0.00697
36	0.01818	0.01818	0.02545	0.02181	0.02181	0.02545	0.01818	0.01999	0.01272	0.01999	0.01091	0.01818	0.01091	0.01454	0.02726	0.00364	0.69284	0.00727	0.00364	0.00909
37	0.02038	0.01892	0.02857	0.06765	0.42785	0.01998	0.02145	0.03126	0.21737	0.02931	0.02139	0.02396	0.01696	0.00868	0.00830	0.00259	0.00887	0.00804	0.00548	0.01299
38	0.01905	0.02649	0.17468	0.03354	0.07450	0.02059	0.47185	0.02649	0.01915	0.02658	0.01635	0.02131	0.01221	0.00721	0.00933	0.00275	0.01343	0.00892	0.00405	0.01153
39	0.01123	0.00869	0.01042	0.01091	0.01318	0.00788	0.00867	0.01415	0.01978	0.02529	0.18761	0.11066	0.33661	0.02098	0.01032	0.00308	0.00514	0.18006	0.00799	0.00735
40	0.03315	0.02076	0.02338	0.01792	0.02451	0.02203	0.01481	0.46676	0.03486	0.22005	0.02347	0.02224	0.01590	0.01006	0.00832	0.00251	0.00857	0.00772	0.00885	0.01413
41	0.01955	0.02314	0.10831	0.06819	0.31692	0.02015	0.26772	0.02585	0.01895	0.02659	0.01599	0.02104	0.01256	0.00733	0.00883	0.00263	0.01185	0.00823	0.00406	0.01211
42	0.01003	0.00758	0.00928	0.01064	0.01181	0.00683	0.00730	0.01167	0.01680	0.02157	0.05709	0.51917	0.23110	0.02456	0.01037	0.00321	0.00464	0.02182	0.00771	0.00683
43	0.01189	0.00883	0.01299	0.01299	0.01435	0.01019	0.00993	0.01460	0.01324	0.01902	0.02258	0.03447	0.02157	0.11690	0.62162	0.01290	0.02105	0.00917	0.00450	0.00722
44	0.02492	0.03655	0.23566	0.02602	0.11584	0.31279	0.02214	0.08178	0.02229	0.02602	0.01452	0.01702	0.01128	0.00831	0.00780	0.00238	0.01288	0.00608	0.00436	0.01138
45	0.02042	0.03653	0.37948	0.02940	0.16166	0.14788	0.05596	0.02750	0.01910	0.02532	0.01474	0.01790	0.01120	0.00788	0.00798	0.00251	0.01240	0.00642	0.00382	0.01189
46	0.02214	0.02153	0.03180	0.07122	0.52802	0.07653	0.02381	0.07395	0.02082	0.02833	0.01570	0.02009	0.01294	0.00774	0.00817	0.00245	0.01030	0.00723	0.00444	0.01278
47	0.02901	0.02119	0.02301	0.01801	0.02396	0.02346	0.01479	0.54267	0.03567	0.04834	0.02053	0.02164	0.01509	0.01452	0.06632	0.00341	0.01001	0.00762	0.04757	0.01320
48	0.02307	0.01677	0.02608	0.20267	0.27126	0.01736	0.02004	0.02931	0.07312	0.17455	0.02094	0.02353	0.01537	0.00859	0.00821	0.00255	0.00908	0.00769	0.00585	0.04396
49	0.01027	0.00843	0.00904	0.00889	0.01150	0.00721	0.00667	0.01280	0.02000	0.02497	0.21627	0.07579	0.51916	0.02010	0.00981	0.00276	0.00414	0.01695	0.00805	0.00721
50	0.01666	0.04297	0.66500	0.02368	0.03596	0.01929	0.03069	0.02631	0.01754	0.02631	0.01491	0.01754	0.01052	0.00789	0.00789	0.00263	0.01228	0.00614	0.00351	0.01228
51	0.00984	0.00832	0.00852	0.00868	0.01129	0.00699	0.00643	0.01189	0.01868	0.02234	0.08091	0.13259	0.60230	0.02146	0.00988	0.00285	0.00426	0.01805	0.00771	0.00699
52	0.01233	0.00834	0.01055	0.01055	0.01130	0.00890	0.00713	0.01383	0.01308	0.01876	0.02478	0.04386	0.02577	0.39568	0.27782	0.00946	0.01301	0.01045	0.07817	0.00620
53	0.01038	0.00833	0.00926	0.00925	0.01162	0.00722	0.00685	0.01292	0.01993	0.02533	0.23702	0.12861	0.44337	0.02035	0.00988	0.00280	0.00418	0.01737	0.00811	0.00722
54	0.02056	0.01974	0.03372	0.05099	0.65622	0.01974	0.02550	0.02550	0.01892	0.02714	0.01563	0.02056	0.01316	0.00740	0.00822	0.00247	0.00987	0.00740	0.00411	0.01316
55	0.17536	0.02962	0.02178	0.01860	0.02382	0.33310	0.01458	0.22692	0.02679	0.03416	0.01492	0.01632	0.01149	0.00886	0.00730	0.00234	0.01139	0.00588	0.00577	0.01098
56	0.20622	0.12969	0.08238	0.05834	0.23666	0.04979	0.04872	0.02517	0.01718	0.02754	0.01363	0.01725	0.01120	0.00783	0.00779	0.00246	0.03675	0.00614	0.00420	0.01107

[dist]
# distance from previous block
# <min> <max>
0	3

[block]
# block no. 4 follows, 22 sequences, length 29
# corresponding to MSA columns:
# 230-258
name=unknown_E
#
# <colnr> <probs for GDERKNQSTAVLIFYWHMCP>
#	G	D	E	R	K	N	Q	S	T	A	V	L	I	F	Y	W	H	M	C	P
0	0.02176	0.02298	0.02855	0.15550	0.36223	0.17464	0.02211	0.02608	0.01962	0.02433	0.01646	0.02378	0.01422	0.00874	0.00825	0.00252	0.01117	0.04146	0.00428	0.01130
1	0.02062	0.01859	0.01512	0.01391	0.01706	0.19745	0.01021	0.02423	0.07190	0.10173	0.03980	0.08230	0.18315	0.14954	0.01524	0.00365	0.00859	0.01155	0.00661	0.00876
2	0.02526	0.02414	0.02234	0.02185	0.09694	0.21973	0.01543	0.21906	0.02557	0.03168	0.01807	0.02166	0.01468	0.02020	0.14784	0.00464	0.01353	0.00713	0.03932	0.01094
3	0.01204	0.00822	0.00990	0.00990	0.01019	0.00851	0.00608	0.01262	0.01233	0.01673	0.02541	0.05013	0.02836	0.58218	0.16563	0.00909	0.01082	0.01146	0.00492	0.00550
4	0.02539	0.47041	0.03633	0.01680	0.02289	0.26411	0.01488	0.02786	0.01928	0.01983	0.01201	0.01392	0.01068	0.00763	0.00611	0.00191	0.01108	0.00477	0.00382	0.01029
5	0.01359	0.01196	0.01749	0.17716	0.09271	0.01313	0.01411	0.01692	0.01779	0.02373	0.12703	0.17157	0.16417	0.01624	0.01129	0.00293	0.07978	0.01376	0.00614	0.00849
6	0.02108	0.01065	0.01351	0.01155	0.01548	0.00930	0.00910	0.02421	0.02232	0.27340	0.25217	0.05404	0.21816	0.01554	0.00925	0.00265	0.00522	0.01315	0.00918	0.01004
7	0.01028	0.00843	0.00906	0.00890	0.01151	0.00721	0.00668	0.01282	0.02003	0.02504	0.22005	0.07567	0.51533	0.02007	0.00981	0.00276	0.00414	0.01693	0.00806	0.00721
8	0.76672	0.01607	0.01221	0.01092	0.01607	0.01864	0.00900	0.02442	0.01414	0.03727	0.01157	0.01350	0.00900	0.00771	0.00514	0.00257	0.00643	0.00450	0.00514	0.00900
9	0.02269	0.33513	0.03318	0.01831	0.02240	0.16501	0.01595	0.02495	0.01686	0.01986	0.01160	0.01532	0.01075	0.00994	0.01325	0.00249	0.24306	0.00560	0.00373	0.00991
10	0.00982	0.00842	0.00842	0.00842	0.01122	0.00701	0.00631	0.01192	0.01894	0.02244	0.08416	0.07995	0.65285	0.02104	0.00982	0.00281	0.00421	0.01753	0.00771	0.00701
11	0.02109	0.01056	0.01409	0.01203	0.01563	0.00944	0.00944	0.02475	0.02361	0.26315	0.42551	0.04971	0.05725	0.01453	0.00927	0.00260	0.00507	0.01259	0.00956	0.01014
12	0.01208	0.00805	0.00906	0.00906	0.00906	0.00805	0.00503	0.01208	0.01208	0.01611	0.02618	0.05436	0.03020	0.70804	0.04228	0.00805	0.00805	0.01208	0.00503	0.00503
13	0.01208	0.00805	0.00906	0.00906	0.00906	0.00805	0.00503	0.01208	0.01208	0.01611	0.02618	0.05436	0.03020	0.70804	0.04228	0.00805	0.00805	0.01208	0.00503	0.00503
14	0.02221	0.71304	0.04353	0.01421	0.02132	0.03287	0.01421	0.02488	0.01688	0.01955	0.01155	0.01333	0.01066	0.00711	0.00533	0.00178	0.00888	0.00444	0.00355	0.01066
15	0.05366	0.01479	0.01799	0.01564	0.01848	0.01751	0.01264	0.18531	0.02091	0.03103	0.01964	0.02524	0.01658	0.02853	0.23852	0.00633	0.14483	0.00782	0.11484	0.00970
16	0.01797	0.01774	0.02458	0.21757	0.24544	0.08715	0.01962	0.02185	0.01775	0.02306	0.02112	0.16337	0.02094	0.01213	0.00984	0.00278	0.05171	0.01057	0.00474	0.01008
17	0.02072	0.01441	0.05285	0.01272	0.01850	0.01118	0.01081	0.02533	0.05802	0.20523	0.04302	0.04109	0.21833	0.01245	0.00818	0.00229	0.00618	0.01023	0.00745	0.22101
18	0.03103	0.03959	0.02354	0.02140	0.02568	0.67469	0.01605	0.03317	0.02354	0.02033	0.01284	0.01498	0.01070	0.00856	0.00749	0.00214	0.01498	0.00535	0.00428	0.00963
19	0.01090	0.00829	0.01003	0.00994	0.01198	0.00742	0.00733	0.01390	0.02099	0.02813	0.38469	0.15564	0.26147	0.01954	0.00992	0.00278	0.00414	0.01702	0.00848	0.00742
20	0.01012	0.00723	0.00964	0.01157	0.01205	0.00675	0.00771	0.01157	0.01591	0.02121	0.04579	0.70262	0.05495	0.02603	0.01060	0.00337	0.00482	0.02362	0.00771	0.00675
21	0.01012	0.00723	0.00964	0.01157	0.01205	0.00675	0.00771	0.01157	0.01591	0.02121	0.04579	0.70262	0.05495	0.02603	0.01060	0.00337	0.00482	0.02362	0.00771	0.00675
22	0.01684	0.04172	0.62740	0.02437	0.03641	0.01940	0.06704	0.02633	0.01767	0.02633	0.01502	0.01784	0.01065	0.00784	0.00801	0.00264	0.01238	0.00636	0.00355	0.01221
23	0.02918	0.18089	0.02774	0.01989	0.02477	0.54003	0.01567	0.03143	0.02214	0.02017	0.01257	0.01463	0.01069	0.00826	0.00704	0.00206	0.01370	0.00516	0.00413	0.00985
24	0.01810	0.00990	0.01314	0.01153	0.01460	0.00893	0.00893	0.02185	0.02358	0.18964	0.49790	0.05366	0.06401	0.01532	0.00944	0.00260	0.00470	0.01337	0.00943	0.00940
25	0.01630	0.01398	0.01778	0.02030	0.14095	0.01456	0.01290	0.02704	0.24065	0.03079	0.21319	0.04598	0.14375	0.01378	0.00902	0.00269	0.00607	0.01197	0.00768	0.01062
26	0.01221	0.00973	0.01542	0.01448	0.01616	0.01002	0.07697	0.01464	0.01465	0.02019	0.02980	0.24877	0.03232	0.15138	0.28471	0.00812	0.01343	0.01422	0.00556	0.00723
27	0.01294	0.01164	0.01100	0.01074	0.01295	0.07885	0.00778	0.01529	0.01976	0.02460	0.23329	0.11722	0.29632	0.09517	0.01323	0.00331	0.00576	0.01540	0.00747	0.00729
28	0.02601	0.06194	0.02199	0.01888	0.06050	0.21327	0.01401	0.13777	0.05656	0.11413	0.15973	0.02912	0.02852	0.01089	0.00824	0.00240	0.00935	0.00855	0.00703	0.01109

[dist]
# distance from previous block
# <min> <max>
0	50

# created by:
# /home/cegg/simao/soft/augustus-3.2.1/scripts/msa2prfl.pl ./align_prep/11606.fa
