[name]
unknown

[dist]
# distance from previous block
# <min> <max>
0	1

[block]
# block no. 0 follows, 21 sequences, length 35
# corresponding to MSA columns:
# 1-24,36-46
name=unknown_A
#
# <colnr> <probs for GDERKNQSTAVLIFYWHMCP>
#	G	D	E	R	K	N	Q	S	T	A	V	L	I	F	Y	W	H	M	C	P
0	0.01810	0.01726	0.01624	0.01719	0.01974	0.16930	0.01438	0.02160	0.02069	0.02434	0.03731	0.07641	0.03975	0.01993	0.01076	0.00350	0.00966	0.44851	0.00700	0.00833
1	0.09000	0.02459	0.16363	0.08068	0.42282	0.01994	0.02549	0.02592	0.01847	0.02824	0.01540	0.01982	0.01237	0.00778	0.00806	0.00259	0.01037	0.00703	0.00416	0.01264
2	0.03003	0.09423	0.02642	0.02095	0.05218	0.27932	0.01612	0.28037	0.02973	0.03542	0.01686	0.01829	0.01302	0.00924	0.00778	0.00232	0.01151	0.00651	0.03772	0.01199
3	0.01027	0.00826	0.00901	0.00957	0.01162	0.00716	0.00680	0.01212	0.01814	0.02228	0.07186	0.25455	0.44454	0.05954	0.01207	0.00333	0.00470	0.01943	0.00775	0.00700
4	0.01035	0.00749	0.00978	0.01162	0.01228	0.00693	0.00780	0.01188	0.01652	0.02181	0.04972	0.65143	0.09841	0.02630	0.01080	0.00341	0.00489	0.02375	0.00790	0.00693
5	0.12617	0.08238	0.03196	0.04162	0.47517	0.02155	0.02225	0.05116	0.01937	0.02966	0.01523	0.01934	0.01269	0.00771	0.00771	0.00248	0.00949	0.00689	0.00449	0.01269
6	0.02094	0.02258	0.02477	0.02163	0.02267	0.16058	0.01759	0.02296	0.01543	0.02050	0.01242	0.01899	0.01185	0.01710	0.06943	0.00411	0.49607	0.00715	0.00392	0.00930
7	0.01225	0.00827	0.00925	0.00925	0.00940	0.00819	0.00523	0.01237	0.01276	0.01686	0.03010	0.05714	0.06484	0.66338	0.04148	0.00795	0.00803	0.01268	0.00531	0.00527
8	0.01678	0.01466	0.02062	0.45377	0.04321	0.05528	0.01835	0.02168	0.01763	0.02411	0.01918	0.04789	0.01543	0.00950	0.00792	0.00261	0.00957	0.00811	0.18469	0.00902
9	0.01085	0.00874	0.00973	0.00973	0.01232	0.00761	0.00747	0.01361	0.02055	0.02591	0.21794	0.07866	0.45621	0.02071	0.01020	0.00292	0.00454	0.06659	0.00825	0.00745
10	0.01069	0.00763	0.01024	0.01221	0.01284	0.00719	0.00845	0.01240	0.01661	0.02208	0.04673	0.63860	0.05559	0.02636	0.01095	0.00350	0.00521	0.07783	0.00789	0.00700
11	0.03195	0.03578	0.02452	0.02125	0.02633	0.48365	0.01637	0.20140	0.02866	0.03021	0.01524	0.01680	0.01197	0.00918	0.00791	0.00230	0.01364	0.00610	0.00557	0.01118
12	0.01063	0.00864	0.00941	0.00922	0.01184	0.00743	0.00691	0.01331	0.02074	0.02618	0.24564	0.07665	0.48297	0.02036	0.01005	0.00282	0.00423	0.01722	0.00832	0.00743
13	0.02022	0.01665	0.01903	0.01383	0.02126	0.01398	0.01115	0.12613	0.02156	0.03227	0.01605	0.01813	0.01293	0.00699	0.00669	0.00149	0.00684	0.00550	0.00565	0.62365
14	0.01580	0.01035	0.01244	0.01132	0.01445	0.00963	0.00869	0.02109	0.08040	0.11319	0.34546	0.06122	0.22872	0.01712	0.00972	0.00275	0.00478	0.01467	0.00904	0.00916
15	0.01791	0.03898	0.52510	0.03018	0.16617	0.01986	0.03032	0.02677	0.01827	0.02713	0.01543	0.01862	0.01135	0.00798	0.00816	0.00266	0.01205	0.00656	0.00372	0.01277
16	0.02314	0.67763	0.04372	0.01488	0.02203	0.06070	0.01464	0.02585	0.01758	0.02006	0.01189	0.01372	0.01092	0.00734	0.00555	0.00184	0.00937	0.00459	0.00367	0.01088
17	0.03179	0.04056	0.02412	0.02192	0.02631	0.66676	0.01644	0.03398	0.02412	0.02083	0.01315	0.01535	0.01096	0.00877	0.00767	0.00219	0.01535	0.00548	0.00438	0.00987
18	0.01784	0.01530	0.01774	0.01287	0.02028	0.01189	0.01027	0.02275	0.05190	0.02817	0.01621	0.01843	0.01335	0.00659	0.00643	0.00135	0.00633	0.00530	0.00524	0.71175
19	0.01112	0.00772	0.00965	0.01089	0.01119	0.00741	0.00687	0.01205	0.01482	0.01976	0.03936	0.45529	0.04677	0.27972	0.02304	0.00526	0.00618	0.01976	0.00687	0.00625
20	0.01507	0.01130	0.01322	0.01268	0.01545	0.01149	0.00948	0.02378	0.18909	0.05730	0.24946	0.18949	0.13246	0.01800	0.00977	0.00292	0.00514	0.01571	0.00872	0.00946
21	0.01977	0.01707	0.01791	0.01623	0.02079	0.01941	0.01259	0.04107	0.55543	0.03401	0.04112	0.03805	0.10369	0.01280	0.00884	0.00288	0.00643	0.01067	0.00856	0.01268
22	0.01034	0.00815	0.00913	0.00985	0.01165	0.00716	0.00690	0.01209	0.01775	0.02206	0.06752	0.30534	0.38445	0.07209	0.01274	0.00347	0.00482	0.01985	0.00770	0.00694
23	0.03179	0.04056	0.02412	0.02192	0.02631	0.66676	0.01644	0.03398	0.02412	0.02083	0.01315	0.01535	0.01096	0.00877	0.00767	0.00219	0.01535	0.00548	0.00438	0.00987
24	0.01047	0.00748	0.00997	0.01178	0.01237	0.00698	0.00791	0.01210	0.01676	0.02247	0.08286	0.65729	0.05773	0.02610	0.01081	0.00341	0.00488	0.02366	0.00799	0.00698
25	0.01203	0.00816	0.00965	0.00998	0.01015	0.00817	0.00595	0.01246	0.01311	0.01757	0.02993	0.16119	0.03459	0.54990	0.07550	0.00778	0.00857	0.01415	0.00558	0.00560
26	0.01127	0.00867	0.01031	0.00990	0.01224	0.00770	0.00742	0.01457	0.02227	0.02981	0.42742	0.07067	0.29892	0.01901	0.01005	0.00275	0.00413	0.01639	0.00880	0.00770
27	0.03130	0.01543	0.01894	0.01498	0.02022	0.01498	0.01184	0.17564	0.02562	0.37314	0.02895	0.03255	0.02155	0.15660	0.01590	0.00380	0.00797	0.00915	0.00890	0.01251
28	0.03034	0.07562	0.02665	0.02385	0.08492	0.43142	0.01719	0.15665	0.02662	0.02838	0.01488	0.01686	0.01194	0.00887	0.00779	0.00228	0.01320	0.00608	0.00520	0.01125
29	0.01498	0.00817	0.00909	0.00909	0.01088	0.00846	0.00679	0.01855	0.01676	0.02865	0.02677	0.03334	0.02220	0.05727	0.13294	0.00453	0.00776	0.00839	0.56766	0.00772
30	0.02097	0.02048	0.03603	0.05068	0.59069	0.02034	0.08208	0.02623	0.01944	0.02775	0.01612	0.02124	0.01343	0.00754	0.00858	0.00256	0.01051	0.00782	0.00422	0.01329
31	0.02552	0.50214	0.03832	0.01682	0.02321	0.22765	0.01514	0.02809	0.01938	0.02027	0.01224	0.01417	0.01093	0.00774	0.00614	0.00193	0.01101	0.00484	0.00387	0.01060
32	0.01623	0.16065	0.02734	0.01732	0.02270	0.01760	0.15706	0.02180	0.07718	0.02459	0.04883	0.04839	0.29841	0.01409	0.00895	0.00265	0.00799	0.01241	0.00620	0.00961
33	0.02941	0.02368	0.02385	0.01860	0.02519	0.08074	0.01512	0.44284	0.07095	0.04573	0.01984	0.02024	0.01457	0.00958	0.00811	0.00235	0.00928	0.00719	0.00763	0.12509
34	0.02738	0.28472	0.08119	0.01903	0.02549	0.28593	0.01687	0.11810	0.02349	0.02593	0.01392	0.01569	0.01146	0.00838	0.00701	0.00215	0.01192	0.00553	0.00467	0.01116

[dist]
# distance from previous block
# <min> <max>
0	2

[block]
# block no. 1 follows, 21 sequences, length 127
# corresponding to MSA columns:
# 49-175
name=unknown_B
#
# <colnr> <probs for GDERKNQSTAVLIFYWHMCP>
#	G	D	E	R	K	N	Q	S	T	A	V	L	I	F	Y	W	H	M	C	P
0	0.02653	0.03323	0.10112	0.01994	0.02541	0.38141	0.01691	0.11515	0.02488	0.02685	0.02501	0.02822	0.09253	0.01113	0.00832	0.00247	0.01242	0.03254	0.00548	0.01045
1	0.11553	0.01516	0.01696	0.01518	0.01928	0.01634	0.01220	0.13719	0.13708	0.10826	0.02968	0.04365	0.02639	0.10190	0.04324	0.00414	0.00842	0.13102	0.00763	0.01075
2	0.01826	0.02004	0.05653	0.02236	0.02629	0.09331	0.19883	0.02186	0.01665	0.02187	0.01861	0.03018	0.01761	0.18014	0.10280	0.00555	0.12637	0.00934	0.00442	0.00899
3	0.08407	0.07228	0.06798	0.02178	0.05671	0.34888	0.01722	0.17614	0.02627	0.03091	0.01506	0.01685	0.01181	0.00887	0.00764	0.00234	0.01242	0.00606	0.00536	0.01137
4	0.01869	0.20571	0.47111	0.02344	0.06746	0.02321	0.02699	0.02654	0.01788	0.02529	0.01447	0.01708	0.01097	0.00786	0.00746	0.00247	0.01158	0.00593	0.00364	0.01222
5	0.02536	0.01735	0.01937	0.01678	0.02203	0.01903	0.01323	0.04430	0.48272	0.18781	0.03438	0.03106	0.02477	0.01130	0.00863	0.00282	0.00686	0.00936	0.00912	0.01372
6	0.01037	0.00741	0.00987	0.01185	0.01234	0.00691	0.00790	0.01185	0.01629	0.02172	0.04690	0.69537	0.05629	0.02666	0.01086	0.00346	0.00494	0.02419	0.00790	0.00691
7	0.01586	0.00793	0.00793	0.00793	0.00991	0.00793	0.00595	0.01983	0.01785	0.03173	0.02776	0.03173	0.02181	0.00991	0.00595	0.00198	0.00397	0.00793	0.74817	0.00793
8	0.01967	0.01039	0.01382	0.01200	0.01534	0.00934	0.00934	0.02348	0.02417	0.21499	0.46535	0.05347	0.06301	0.01539	0.00961	0.00266	0.00496	0.01340	0.00971	0.00991
9	0.36148	0.01537	0.01651	0.01337	0.01937	0.01545	0.01104	0.03411	0.01994	0.37843	0.02386	0.02219	0.01577	0.00936	0.00709	0.00263	0.00695	0.00679	0.00818	0.01213
10	0.02527	0.01204	0.01531	0.01274	0.01742	0.01068	0.01016	0.02933	0.04971	0.34699	0.16953	0.04905	0.18611	0.01466	0.00923	0.00271	0.00585	0.01229	0.00957	0.01135
11	0.01047	0.00749	0.00997	0.01178	0.01237	0.00698	0.00791	0.01211	0.01677	0.02249	0.08352	0.65658	0.05776	0.02609	0.01081	0.00341	0.00488	0.02365	0.00799	0.00698
12	0.02275	0.70604	0.04459	0.01456	0.02184	0.03367	0.01456	0.02548	0.01729	0.02002	0.01183	0.01365	0.01092	0.00728	0.00546	0.00182	0.00910	0.00455	0.00364	0.01092
13	0.03049	0.03766	0.02324	0.02098	0.02540	0.59029	0.01582	0.06554	0.02472	0.02280	0.01805	0.01972	0.05005	0.00964	0.00787	0.00225	0.01433	0.00637	0.00483	0.00996
14	0.01006	0.00862	0.00862	0.00862	0.01149	0.00718	0.00647	0.01221	0.01940	0.02299	0.08621	0.08190	0.64438	0.02155	0.01006	0.00287	0.00431	0.01796	0.00790	0.00718
15	0.01113	0.00857	0.00956	0.00937	0.01139	0.00766	0.00665	0.01337	0.01929	0.02488	0.23634	0.07104	0.35069	0.16324	0.01705	0.00395	0.00505	0.01604	0.00775	0.00700
16	0.09010	0.02462	0.02635	0.05715	0.17424	0.12593	0.01833	0.30842	0.02940	0.03954	0.01726	0.01932	0.01309	0.00909	0.00809	0.00251	0.01035	0.00703	0.00635	0.01283
17	0.07267	0.03663	0.47628	0.02288	0.03227	0.02104	0.02709	0.02545	0.01667	0.02642	0.01416	0.01780	0.01075	0.00950	0.01205	0.00291	0.15365	0.00641	0.00375	0.01164
18	0.01957	0.12201	0.40918	0.02563	0.10951	0.07599	0.02607	0.02692	0.01856	0.02572	0.01474	0.01757	0.01126	0.00787	0.00765	0.00243	0.01168	0.00609	0.00383	0.05771
19	0.02192	0.57223	0.12047	0.01857	0.07023	0.03093	0.01753	0.02571	0.01753	0.02147	0.01257	0.01474	0.01109	0.00740	0.00601	0.00198	0.00961	0.00499	0.00368	0.01132
20	0.01023	0.00795	0.00931	0.01041	0.01196	0.00703	0.00726	0.01201	0.01768	0.02229	0.06448	0.42099	0.31931	0.02438	0.01050	0.00320	0.00466	0.02141	0.00790	0.00703
21	0.02073	0.01988	0.03393	0.09461	0.60809	0.02013	0.02595	0.02582	0.01922	0.02739	0.01595	0.02117	0.01334	0.00764	0.00843	0.00255	0.01019	0.00758	0.00418	0.01321
22	0.02519	0.02349	0.02530	0.10589	0.18783	0.17282	0.01839	0.10523	0.09950	0.07549	0.02009	0.02387	0.01595	0.05159	0.01045	0.00289	0.01065	0.00771	0.00583	0.01183
23	0.01232	0.00846	0.01032	0.01032	0.01068	0.00882	0.00645	0.01304	0.01268	0.01727	0.02586	0.05042	0.02865	0.54999	0.19112	0.00954	0.01170	0.01160	0.00501	0.00573
24	0.01238	0.00825	0.00928	0.00928	0.00928	0.00825	0.00516	0.01238	0.01238	0.01650	0.02681	0.05569	0.03094	0.70092	0.04331	0.00825	0.00825	0.01238	0.00516	0.00516
25	0.03235	0.02384	0.02554	0.01958	0.02639	0.02639	0.01618	0.61946	0.04001	0.05363	0.02043	0.02043	0.01447	0.01022	0.00851	0.00255	0.00936	0.00766	0.00851	0.01447
26	0.02645	0.03044	0.02931	0.03701	0.33568	0.34494	0.02126	0.03007	0.02176	0.02430	0.01457	0.01819	0.01222	0.00818	0.00805	0.00236	0.01274	0.00653	0.00430	0.01166
27	0.01233	0.00842	0.01014	0.01014	0.01044	0.00872	0.00623	0.01293	0.01263	0.01714	0.02603	0.05134	0.02905	0.57648	0.16518	0.00931	0.01109	0.01174	0.00504	0.00563
28	0.76103	0.01646	0.01251	0.01119	0.01646	0.01909	0.00922	0.02502	0.01448	0.03818	0.01185	0.01382	0.00922	0.00790	0.00527	0.00263	0.00658	0.00461	0.00527	0.00922
29	0.01969	0.01815	0.02675	0.12114	0.32854	0.01947	0.02045	0.03067	0.21366	0.02915	0.02654	0.02877	0.05972	0.00990	0.00862	0.00271	0.00881	0.00893	0.00582	0.01252
30	0.01006	0.00862	0.00862	0.00862	0.01149	0.00718	0.00647	0.01221	0.01940	0.02299	0.08621	0.08190	0.64438	0.02155	0.01006	0.00287	0.00431	0.01796	0.00790	0.00718
31	0.02422	0.02539	0.03156	0.04328	0.46642	0.17971	0.02328	0.05514	0.02149	0.02726	0.01551	0.01963	0.01291	0.00799	0.00824	0.00245	0.01137	0.00707	0.00445	0.01264
32	0.02556	0.01759	0.01871	0.01510	0.01984	0.01914	0.01208	0.38232	0.03081	0.04373	0.02324	0.02688	0.01813	0.06761	0.01061	0.00285	0.00759	0.00814	0.23842	0.01166
33	0.01207	0.00817	0.00961	0.01008	0.01027	0.00808	0.00609	0.01254	0.01347	0.01792	0.03148	0.17766	0.03658	0.54103	0.03567	0.00714	0.00761	0.04312	0.00580	0.00562
34	0.02875	0.03463	0.02255	0.02048	0.02484	0.50717	0.01546	0.03540	0.14569	0.02440	0.04669	0.02086	0.01718	0.00972	0.00798	0.00235	0.01310	0.00677	0.00547	0.01050
35	0.01118	0.00855	0.01008	0.00990	0.01201	0.00764	0.00724	0.01404	0.02099	0.02785	0.34722	0.11707	0.29211	0.06165	0.01215	0.00315	0.00446	0.01685	0.00844	0.00745
36	0.01063	0.00823	0.00969	0.01020	0.01207	0.00729	0.00732	0.01300	0.01947	0.02520	0.20501	0.28338	0.31344	0.02228	0.01032	0.00302	0.00445	0.01944	0.00825	0.00729
37	0.06321	0.07113	0.54840	0.02379	0.03541	0.02048	0.06880	0.02679	0.01787	0.02734	0.01504	0.01785	0.01083	0.00798	0.00792	0.00266	0.01217	0.00636	0.00375	0.01222
38	0.01943	0.01880	0.03276	0.24866	0.42187	0.01989	0.06519	0.02482	0.01868	0.02586	0.01581	0.02170	0.01277	0.00785	0.00856	0.00265	0.01078	0.00774	0.00408	0.01208
39	0.02103	0.02604	0.20215	0.06938	0.40948	0.01947	0.02644	0.02729	0.01926	0.07381	0.01707	0.02088	0.01322	0.00798	0.00835	0.00259	0.01062	0.00730	0.00449	0.01313
40	0.01562	0.01434	0.02162	0.01902	0.02028	0.01840	0.05153	0.01837	0.01377	0.02055	0.01711	0.02598	0.01611	0.03784	0.33284	0.00844	0.32699	0.00841	0.00416	0.00862
41	0.01037	0.00741	0.00987	0.01185	0.01234	0.00691	0.00790	0.01185	0.01629	0.02172	0.04690	0.69537	0.05629	0.02666	0.01086	0.00346	0.00494	0.02419	0.00790	0.00691
42	0.03235	0.02384	0.02554	0.01958	0.02639	0.02639	0.01618	0.61946	0.04001	0.05363	0.02043	0.02043	0.01447	0.01022	0.00851	0.00255	0.00936	0.00766	0.00851	0.01447
43	0.02315	0.02328	0.02986	0.04044	0.42199	0.13677	0.02224	0.06140	0.05678	0.02829	0.01877	0.02567	0.01620	0.00925	0.00853	0.00258	0.01067	0.04665	0.00499	0.01250
44	0.02701	0.03301	0.02096	0.01916	0.02303	0.51066	0.01437	0.02955	0.02388	0.02343	0.13496	0.02768	0.05522	0.01102	0.00823	0.00232	0.01268	0.00796	0.00549	0.00939
45	0.01238	0.00825	0.00928	0.00928	0.00928	0.00825	0.00516	0.01238	0.01238	0.01650	0.02681	0.05569	0.03094	0.70092	0.04331	0.00825	0.00825	0.01238	0.00516	0.00516
46	0.02086	0.02080	0.03784	0.04879	0.52092	0.02049	0.15039	0.02636	0.01953	0.02769	0.01626	0.02146	0.01336	0.00750	0.00877	0.00260	0.01100	0.00810	0.00423	0.01306
47	0.02341	0.02608	0.02588	0.03258	0.28538	0.27116	0.01905	0.02689	0.02125	0.02431	0.02575	0.03103	0.09739	0.01078	0.00853	0.00252	0.01127	0.04087	0.00497	0.01092
48	0.01238	0.00825	0.00928	0.00928	0.00928	0.00825	0.00516	0.01238	0.01238	0.01650	0.02681	0.05569	0.03094	0.70092	0.04331	0.00825	0.00825	0.01238	0.00516	0.00516
49	0.03417	0.01817	0.02175	0.01679	0.02321	0.01822	0.01383	0.28842	0.03107	0.36006	0.06311	0.02729	0.02165	0.01079	0.00862	0.00260	0.00797	0.00857	0.00960	0.01411
50	0.01218	0.00901	0.01313	0.01313	0.01446	0.01034	0.00995	0.01484	0.01351	0.01935	0.02330	0.03622	0.02248	0.14356	0.58912	0.01300	0.02097	0.00953	0.00463	0.00729
51	0.01586	0.00793	0.00793	0.00793	0.00991	0.00793	0.00595	0.01983	0.01785	0.03173	0.02776	0.03173	0.02181	0.00991	0.00595	0.00198	0.00397	0.00793	0.74817	0.00793
52	0.01914	0.01064	0.01298	0.01194	0.01540	0.00958	0.00909	0.02292	0.05802	0.20822	0.09051	0.20765	0.25260	0.01869	0.00972	0.00293	0.00545	0.01603	0.00880	0.00968
53	0.01216	0.00912	0.01368	0.01368	0.01520	0.01064	0.01064	0.01520	0.01368	0.01976	0.02279	0.03343	0.02127	0.06382	0.66720	0.01368	0.02279	0.00912	0.00456	0.00760
54	0.01016	0.00853	0.00883	0.00894	0.01161	0.00720	0.00664	0.01234	0.01936	0.02334	0.10573	0.12674	0.57797	0.02176	0.01012	0.00291	0.00435	0.01832	0.00796	0.00720
55	0.02003	0.01742	0.02138	0.02396	0.15251	0.01931	0.01553	0.03707	0.41980	0.03192	0.03078	0.03523	0.02513	0.06267	0.01137	0.00327	0.00763	0.04506	0.00741	0.01251
56	0.01221	0.00891	0.01264	0.01264	0.01380	0.01007	0.00934	0.01453	0.01337	0.01898	0.02375	0.03871	0.02356	0.21476	0.51940	0.01239	0.01935	0.00989	0.00470	0.00702
57	0.01411	0.01977	0.18329	0.20931	0.03215	0.01409	0.01836	0.01975	0.01944	0.02630	0.17895	0.04360	0.16069	0.01325	0.00909	0.00277	0.00845	0.01127	0.00592	0.00945
58	0.01842	0.20086	0.51179	0.02196	0.03328	0.02306	0.02744	0.02660	0.01781	0.02531	0.01446	0.01694	0.01081	0.00789	0.00746	0.00249	0.01175	0.00588	0.00360	0.01218
59	0.02316	0.03410	0.22762	0.03391	0.26042	0.22253	0.02477	0.02884	0.02042	0.02535	0.01488	0.01830	0.01184	0.00811	0.00808	0.00248	0.01253	0.00652	0.00407	0.01206
60	0.03009	0.09885	0.02609	0.02129	0.02564	0.56668	0.01642	0.03231	0.02276	0.02073	0.01290	0.01542	0.01097	0.00905	0.00884	0.00226	0.05998	0.00553	0.00427	0.00992
61	0.01658	0.01007	0.01277	0.01147	0.01447	0.00923	0.00882	0.02108	0.04913	0.13707	0.44540	0.05870	0.13864	0.01652	0.00973	0.00270	0.00471	0.01432	0.00935	0.00924
62	0.01067	0.00864	0.00947	0.00926	0.01187	0.00744	0.00695	0.01340	0.02084	0.02642	0.25761	0.07626	0.47085	0.02027	0.01005	0.00281	0.00422	0.01717	0.00835	0.00744
63	0.01742	0.08466	0.61924	0.02366	0.03591	0.02062	0.03041	0.02686	0.01793	0.02653	0.01506	0.01770	0.01079	0.00804	0.00792	0.00264	0.01236	0.00618	0.00360	0.01248
64	0.01800	0.01741	0.01932	0.02274	0.16651	0.09588	0.01406	0.02572	0.14960	0.02808	0.12822	0.04602	0.20595	0.01395	0.00908	0.00268	0.00753	0.01182	0.00695	0.01045
65	0.01006	0.00862	0.00862	0.00862	0.01149	0.00718	0.00647	0.01221	0.01940	0.02299	0.08621	0.08190	0.64438	0.02155	0.01006	0.00287	0.00431	0.01796	0.00790	0.00718
66	0.01037	0.00741	0.00987	0.01185	0.01234	0.00691	0.00790	0.01185	0.01629	0.02172	0.04690	0.69537	0.05629	0.02666	0.01086	0.00346	0.00494	0.02419	0.00790	0.00691
67	0.02536	0.01961	0.02475	0.15963	0.05763	0.02192	0.04134	0.24641	0.19376	0.08449	0.02385	0.02475	0.01734	0.01001	0.00861	0.00272	0.00914	0.00833	0.00736	0.01298
68	0.01329	0.00876	0.01193	0.01193	0.01359	0.00981	0.00921	0.01661	0.01495	0.02340	0.02431	0.03291	0.02144	0.04742	0.46594	0.01012	0.01706	0.00876	0.23088	0.00770
69	0.02583	0.02060	0.02187	0.01826	0.02391	0.02335	0.01460	0.28471	0.38538	0.04312	0.02871	0.02703	0.02118	0.01099	0.00860	0.00275	0.00783	0.00880	0.00860	0.01389
70	0.01186	0.00894	0.01113	0.01127	0.01352	0.00820	0.00892	0.01531	0.02165	0.02882	0.33898	0.07660	0.23753	0.02006	0.01045	0.00303	0.00501	0.15240	0.00858	0.00774
71	0.02134	0.20863	0.04047	0.02617	0.05582	0.07268	0.25859	0.02586	0.01842	0.02389	0.01439	0.01881	0.01198	0.00839	0.01087	0.00253	0.10866	0.00740	0.00409	0.06099
72	0.01139	0.00846	0.01072	0.01136	0.01308	0.00779	0.00851	0.01426	0.02015	0.02691	0.26547	0.26139	0.18100	0.02190	0.01054	0.00313	0.00491	0.10310	0.00841	0.00750
73	0.02742	0.36209	0.03401	0.01837	0.02415	0.36088	0.01553	0.02988	0.02082	0.02044	0.01251	0.01453	0.01094	0.00805	0.00660	0.00201	0.01233	0.00503	0.00403	0.01038
74	0.02397	0.24482	0.22776	0.02172	0.05543	0.24297	0.02096	0.02884	0.01990	0.02279	0.01353	0.01589	0.01100	0.00805	0.00716	0.00225	0.01234	0.00554	0.00390	0.01119
75	0.01294	0.00887	0.01247	0.01247	0.01409	0.01007	0.00965	0.01617	0.01455	0.02227	0.02384	0.03307	0.02139	0.05249	0.52811	0.01122	0.01883	0.00887	0.16097	0.00767
76	0.01238	0.00825	0.00928	0.00928	0.00928	0.00825	0.00516	0.01238	0.01238	0.01650	0.02681	0.05569	0.03094	0.70092	0.04331	0.00825	0.00825	0.01238	0.00516	0.00516
77	0.02111	0.01935	0.02770	0.03662	0.36799	0.02064	0.02046	0.03466	0.29358	0.03129	0.02434	0.02584	0.01907	0.00936	0.00853	0.00269	0.00860	0.00849	0.00620	0.01348
78	0.02786	0.02186	0.02791	0.02747	0.17355	0.02340	0.05250	0.40428	0.03248	0.04451	0.01969	0.02149	0.01464	0.00940	0.00841	0.00253	0.00946	0.00780	0.05714	0.01362
79	0.03063	0.03252	0.02589	0.02495	0.10412	0.37529	0.01757	0.22550	0.02875	0.03249	0.01590	0.01773	0.01243	0.00910	0.00804	0.00235	0.01272	0.00646	0.00572	0.01183
80	0.01868	0.01765	0.01988	0.02306	0.16682	0.09619	0.01434	0.05035	0.12510	0.03001	0.18618	0.04362	0.14617	0.01346	0.00907	0.00265	0.00761	0.01147	0.00710	0.01058
81	0.01925	0.02137	0.04297	0.03155	0.03879	0.04692	0.48964	0.02551	0.01918	0.02573	0.01798	0.02440	0.01424	0.01677	0.12045	0.00466	0.01581	0.00969	0.00435	0.01076
82	0.02699	0.01739	0.02007	0.01591	0.02134	0.01789	0.01289	0.31258	0.03154	0.15885	0.19995	0.03418	0.03435	0.01214	0.00885	0.00254	0.00731	0.00991	0.00897	0.04635
83	0.01765	0.01513	0.01765	0.01260	0.02017	0.01134	0.01008	0.02143	0.01765	0.02773	0.01513	0.01765	0.01260	0.00630	0.00630	0.00126	0.00630	0.00504	0.00504	0.75295
84	0.01218	0.00901	0.01313	0.01313	0.01446	0.01034	0.00995	0.01484	0.01351	0.01935	0.02330	0.03622	0.02248	0.14356	0.58912	0.01300	0.02097	0.00953	0.00463	0.00729
85	0.01308	0.00929	0.01075	0.01077	0.01183	0.00926	0.00704	0.05747	0.01630	0.02146	0.03835	0.20688	0.11205	0.37576	0.05736	0.00627	0.00772	0.01538	0.00637	0.00663
86	0.01006	0.00862	0.00862	0.00862	0.01149	0.00718	0.00647	0.01221	0.01940	0.02299	0.08621	0.08190	0.64438	0.02155	0.01006	0.00287	0.00431	0.01796	0.00790	0.00718
87	0.02775	0.03199	0.02487	0.02181	0.02508	0.40060	0.01709	0.09083	0.02232	0.02414	0.01330	0.01690	0.01139	0.01083	0.01406	0.00271	0.22323	0.00632	0.00461	0.01017
88	0.01192	0.00860	0.01119	0.01269	0.01397	0.00826	0.00971	0.01426	0.01746	0.02270	0.04801	0.30888	0.11532	0.10923	0.01519	0.00418	0.00644	0.24739	0.00753	0.00709
89	0.12787	0.03815	0.50536	0.02191	0.03290	0.02026	0.02680	0.07988	0.01943	0.03100	0.01523	0.01758	0.01088	0.00825	0.00771	0.00267	0.01141	0.00616	0.00428	0.01225
90	0.02286	0.02213	0.06778	0.08161	0.41862	0.02147	0.05159	0.15076	0.02353	0.03279	0.01690	0.02094	0.01338	0.00820	0.00850	0.00258	0.01036	0.00764	0.00506	0.01330
91	0.02360	0.02504	0.03207	0.04505	0.50059	0.17339	0.02383	0.02798	0.02050	0.02615	0.01533	0.01971	0.01288	0.00786	0.00825	0.00245	0.01135	0.00708	0.00425	0.01262
92	0.02441	0.02657	0.03129	0.04278	0.45393	0.22193	0.02310	0.02857	0.02086	0.02563	0.01512	0.01928	0.01269	0.00795	0.00819	0.00242	0.01174	0.00693	0.00427	0.01235
93	0.01185	0.00823	0.01035	0.01081	0.01125	0.00844	0.00696	0.01284	0.01358	0.01842	0.03073	0.20255	0.03491	0.40718	0.16686	0.00826	0.01052	0.01449	0.00568	0.00609
94	0.02181	0.01329	0.01586	0.01440	0.01816	0.01340	0.01099	0.09167	0.15067	0.18333	0.04112	0.27384	0.08045	0.01737	0.00952	0.00299	0.00631	0.01504	0.00877	0.01099
95	0.01681	0.01657	0.01615	0.01563	0.01783	0.16608	0.01201	0.01965	0.01615	0.02001	0.02051	0.02915	0.01883	0.05078	0.51095	0.01096	0.02103	0.00826	0.00452	0.00814
96	0.01471	0.17406	0.02020	0.01308	0.01569	0.01566	0.01056	0.01712	0.01429	0.01922	0.02093	0.03282	0.02059	0.16710	0.39618	0.00987	0.01689	0.00863	0.00445	0.00794
97	0.01075	0.00822	0.00987	0.01035	0.01215	0.00734	0.00742	0.01322	0.01971	0.02583	0.23674	0.28879	0.27469	0.02210	0.01033	0.00302	0.00444	0.01936	0.00833	0.00734
98	0.02098	0.02045	0.03589	0.05083	0.59605	0.02033	0.07683	0.02622	0.01944	0.02776	0.01611	0.02122	0.01343	0.00755	0.00856	0.00256	0.01047	0.00779	0.00422	0.01331
99	0.02153	0.02145	0.03368	0.04779	0.54895	0.06791	0.05233	0.02642	0.01977	0.02717	0.01699	0.02366	0.01466	0.00828	0.00857	0.00257	0.01061	0.03040	0.00437	0.01290
100	0.01216	0.00912	0.01368	0.01368	0.01520	0.01064	0.01064	0.01520	0.01368	0.01976	0.02279	0.03343	0.02127	0.06382	0.66720	0.01368	0.02279	0.00912	0.00456	0.00760
101	0.01216	0.00912	0.01368	0.01368	0.01520	0.01064	0.01064	0.01520	0.01368	0.01976	0.02279	0.03343	0.02127	0.06382	0.66720	0.01368	0.02279	0.00912	0.00456	0.00760
102	0.02160	0.47541	0.22215	0.01780	0.02647	0.06518	0.01959	0.02639	0.01787	0.02209	0.01291	0.01501	0.01088	0.00760	0.00635	0.00210	0.01047	0.00511	0.00367	0.01135
103	0.02940	0.17951	0.02820	0.02016	0.02518	0.50363	0.01591	0.03272	0.05091	0.02134	0.01387	0.01575	0.01165	0.00859	0.00725	0.00215	0.01363	0.00548	0.00443	0.01025
104	0.01770	0.01372	0.01794	0.01609	0.01869	0.01618	0.01288	0.15897	0.01984	0.02787	0.02087	0.02862	0.01848	0.04539	0.43625	0.00988	0.09724	0.00858	0.00540	0.00943
105	0.01216	0.00912	0.01368	0.01368	0.01520	0.01064	0.01064	0.01520	0.01368	0.01976	0.02279	0.03343	0.02127	0.06382	0.66720	0.01368	0.02279	0.00912	0.00456	0.00760
106	0.02915	0.23481	0.03009	0.01977	0.02500	0.48196	0.01589	0.03150	0.02212	0.02059	0.01277	0.01485	0.01095	0.00833	0.00703	0.00208	0.01352	0.00521	0.00417	0.01017
107	0.01037	0.00741	0.00987	0.01185	0.01234	0.00691	0.00790	0.01185	0.01629	0.02172	0.04690	0.69537	0.05629	0.02666	0.01086	0.00346	0.00494	0.02419	0.00790	0.00691
108	0.01674	0.01553	0.01487	0.01441	0.01647	0.14816	0.01090	0.01948	0.01627	0.02115	0.02165	0.03108	0.01989	0.09324	0.40437	0.00948	0.01793	0.00846	0.09199	0.00793
109	0.02512	0.03014	0.02090	0.02065	0.06434	0.43569	0.01463	0.02764	0.02223	0.02215	0.05332	0.03029	0.12095	0.01529	0.05723	0.00320	0.01321	0.00841	0.00519	0.00941
110	0.42193	0.02599	0.24091	0.01622	0.02421	0.01863	0.01742	0.02744	0.01676	0.09916	0.01535	0.01689	0.01102	0.00824	0.00661	0.00266	0.00877	0.00562	0.00523	0.01096
111	0.01644	0.01550	0.02619	0.63379	0.10239	0.01900	0.02382	0.02207	0.01719	0.02219	0.01519	0.02257	0.01150	0.00844	0.00850	0.00281	0.01125	0.00756	0.00381	0.00975
112	0.02106	0.02022	0.03454	0.05223	0.64784	0.02022	0.02612	0.02612	0.01938	0.02780	0.01601	0.02106	0.01348	0.00758	0.00842	0.00253	0.01011	0.00758	0.00421	0.01348
113	0.01327	0.01050	0.01108	0.01051	0.01380	0.00982	0.00801	0.01928	0.12264	0.05296	0.11671	0.06987	0.47218	0.01910	0.00976	0.00285	0.00482	0.01597	0.00825	0.00861
114	0.01092	0.00890	0.00983	0.01029	0.01295	0.00780	0.00818	0.01350	0.01944	0.02358	0.07646	0.08524	0.50333	0.02202	0.01046	0.00312	0.00515	0.15361	0.00789	0.00734
115	0.01006	0.00862	0.00862	0.00862	0.01149	0.00718	0.00647	0.01221	0.01940	0.02299	0.08621	0.08190	0.64438	0.02155	0.01006	0.00287	0.00431	0.01796	0.00790	0.00718
116	0.02808	0.03352	0.02772	0.03241	0.24138	0.44303	0.01979	0.03126	0.02248	0.02324	0.01414	0.01732	0.01183	0.00836	0.00793	0.00231	0.01353	0.00621	0.00433	0.01112
117	0.01918	0.30845	0.25539	0.01905	0.02661	0.02557	0.02077	0.02434	0.01658	0.02251	0.01393	0.01768	0.01184	0.01376	0.06913	0.00347	0.11103	0.00600	0.00372	0.01097
118	0.01006	0.00862	0.00862	0.00862	0.01149	0.00718	0.00647	0.01221	0.01940	0.02299	0.08621	0.08190	0.64438	0.02155	0.01006	0.00287	0.00431	0.01796	0.00790	0.00718
119	0.01900	0.01470	0.01653	0.01538	0.01872	0.01596	0.01160	0.17143	0.20594	0.03372	0.03673	0.33121	0.03695	0.01810	0.00963	0.00306	0.00656	0.01578	0.00828	0.01073
120	0.02910	0.03568	0.02741	0.02863	0.15136	0.50761	0.04624	0.03210	0.02298	0.02252	0.01391	0.01684	0.01156	0.00846	0.00793	0.00229	0.01425	0.00611	0.00435	0.01066
121	0.01029	0.00771	0.00957	0.01105	0.01213	0.00698	0.00755	0.01194	0.01706	0.02204	0.05658	0.54430	0.20110	0.02540	0.01066	0.00331	0.00478	0.02266	0.00790	0.00698
122	0.03091	0.03755	0.02328	0.02096	0.02537	0.58555	0.01582	0.07266	0.02483	0.02367	0.01449	0.01663	0.01182	0.00893	0.00763	0.00220	0.01429	0.00577	0.04758	0.01006
123	0.02086	0.02001	0.03418	0.07775	0.62391	0.02017	0.02602	0.02594	0.01928	0.02756	0.01597	0.02113	0.01339	0.00762	0.00843	0.00254	0.01016	0.00758	0.00419	0.01332
124	0.02173	0.38034	0.26952	0.01904	0.02795	0.10444	0.02106	0.02705	0.01836	0.02269	0.01327	0.01546	0.01087	0.00776	0.00670	0.00219	0.01114	0.00531	0.00371	0.01141
125	0.03099	0.03905	0.02489	0.02418	0.07249	0.61872	0.01716	0.03340	0.02376	0.02135	0.01337	0.01577	0.01115	0.00868	0.00773	0.00222	0.01496	0.00564	0.00437	0.01013
126	0.07917	0.02588	0.02986	0.04034	0.41950	0.20886	0.02204	0.02833	0.02040	0.02654	0.01487	0.01886	0.01243	0.00795	0.00797	0.00244	0.01138	0.00675	0.00434	0.01211

[dist]
# distance from previous block
# <min> <max>
1	2

[block]
# block no. 2 follows, 21 sequences, length 75
# corresponding to MSA columns:
# 178-252
name=unknown_C
#
# <colnr> <probs for GDERKNQSTAVLIFYWHMCP>
#	G	D	E	R	K	N	Q	S	T	A	V	L	I	F	Y	W	H	M	C	P
0	0.02004	0.01904	0.03090	0.08909	0.46689	0.01946	0.02314	0.02468	0.01842	0.02671	0.01540	0.02051	0.01301	0.00813	0.00988	0.00249	0.06954	0.00723	0.00425	0.11121
1	0.02106	0.02022	0.03454	0.05223	0.64784	0.02022	0.02612	0.02612	0.01938	0.02780	0.01601	0.02106	0.01348	0.00758	0.00842	0.00253	0.01011	0.00758	0.00421	0.01348
2	0.02106	0.02022	0.03454	0.05223	0.64784	0.02022	0.02612	0.02612	0.01938	0.02780	0.01601	0.02106	0.01348	0.00758	0.00842	0.00253	0.01011	0.00758	0.00421	0.01348
3	0.01628	0.01403	0.02006	0.02633	0.22330	0.01444	0.01512	0.02394	0.15391	0.02680	0.03403	0.32671	0.03550	0.01704	0.00957	0.00302	0.00704	0.01551	0.00686	0.01052
4	0.19835	0.34375	0.03105	0.06566	0.02434	0.16947	0.01440	0.02697	0.01812	0.02461	0.01238	0.01475	0.01056	0.00785	0.00614	0.00217	0.01006	0.00500	0.00420	0.01017
5	0.01128	0.00863	0.01053	0.01146	0.01305	0.00796	0.00800	0.01430	0.04932	0.02360	0.08304	0.47509	0.17232	0.02347	0.01034	0.00317	0.00492	0.02088	0.00789	0.04077
6	0.01157	0.00868	0.01072	0.01021	0.01242	0.00783	0.00766	0.01514	0.02297	0.03147	0.51039	0.06794	0.21491	0.01839	0.01004	0.00272	0.00409	0.01600	0.00902	0.00783
7	0.02275	0.70604	0.04459	0.01456	0.02184	0.03367	0.01456	0.02548	0.01729	0.02002	0.01183	0.01365	0.01092	0.00728	0.00546	0.00182	0.00910	0.00455	0.00364	0.01092
8	0.02063	0.04146	0.46960	0.02585	0.08061	0.16323	0.02772	0.02845	0.01944	0.02566	0.01486	0.01762	0.01102	0.00820	0.00802	0.00257	0.01300	0.00621	0.00382	0.01204
9	0.02275	0.70604	0.04459	0.01456	0.02184	0.03367	0.01456	0.02548	0.01729	0.02002	0.01183	0.01365	0.01092	0.00728	0.00546	0.00182	0.00910	0.00455	0.00364	0.01092
10	0.76103	0.01646	0.01251	0.01119	0.01646	0.01909	0.00922	0.02502	0.01448	0.03818	0.01185	0.01382	0.00922	0.00790	0.00527	0.00263	0.00658	0.00461	0.00527	0.00922
11	0.01238	0.00825	0.00928	0.00928	0.00928	0.00825	0.00516	0.01238	0.01238	0.01650	0.02681	0.05569	0.03094	0.70092	0.04331	0.00825	0.00825	0.01238	0.00516	0.00516
12	0.01892	0.01648	0.01826	0.01820	0.06721	0.01828	0.01302	0.03714	0.46283	0.03247	0.04361	0.04103	0.14947	0.01326	0.00892	0.00286	0.00650	0.01115	0.00817	0.01221
13	0.01181	0.00869	0.01105	0.01046	0.01257	0.00793	0.00784	0.01560	0.02353	0.03279	0.57660	0.06576	0.14788	0.01790	0.01004	0.00270	0.00405	0.01570	0.00919	0.00793
14	0.01204	0.00870	0.01138	0.01071	0.01271	0.00803	0.00803	0.01606	0.02409	0.03413	0.64335	0.06357	0.08030	0.01740	0.01004	0.00268	0.00401	0.01539	0.00937	0.00803
15	0.01995	0.02256	0.04800	0.03462	0.04244	0.02194	0.56194	0.02664	0.01944	0.02664	0.01666	0.02256	0.01275	0.00788	0.01169	0.00295	0.07601	0.00980	0.00425	0.01128
16	0.01836	0.01817	0.02742	0.49149	0.18680	0.06809	0.02364	0.02364	0.01808	0.02302	0.01517	0.02177	0.01179	0.00832	0.00843	0.00272	0.01137	0.00741	0.00392	0.01038
17	0.02042	0.01689	0.02093	0.02278	0.14506	0.07521	0.01492	0.08394	0.02243	0.07949	0.20846	0.03543	0.03506	0.01930	0.09819	0.00414	0.07003	0.01004	0.00674	0.01052
18	0.02780	0.01929	0.06542	0.01691	0.02324	0.01812	0.01446	0.14248	0.23057	0.24006	0.03194	0.02956	0.04898	0.01097	0.00853	0.00266	0.00766	0.00888	0.00870	0.04377
19	0.02161	0.57283	0.16779	0.01651	0.02486	0.03087	0.01796	0.02578	0.01743	0.02142	0.01252	0.01452	0.01089	0.00744	0.00599	0.00200	0.00980	0.00490	0.00363	0.01125
20	0.02322	0.02431	0.03244	0.04614	0.52277	0.15032	0.02417	0.02770	0.02033	0.02640	0.01543	0.01991	0.01297	0.00782	0.00827	0.00246	0.01116	0.00716	0.00425	0.01275
21	0.01814	0.01598	0.01986	0.01468	0.02171	0.01343	0.04224	0.02387	0.07407	0.02810	0.01685	0.01926	0.01379	0.00721	0.00768	0.00160	0.03716	0.00583	0.00528	0.61325
22	0.01833	0.19078	0.52110	0.02211	0.03351	0.02285	0.02770	0.02663	0.01782	0.02541	0.01451	0.01701	0.01081	0.00791	0.00750	0.00250	0.01181	0.00590	0.00360	0.01221
23	0.01668	0.01541	0.01257	0.01208	0.01306	0.15424	0.00766	0.01717	0.01498	0.01746	0.02379	0.04675	0.02651	0.54748	0.03541	0.00691	0.00982	0.01085	0.00499	0.00620
24	0.01065	0.00877	0.00945	0.00964	0.01234	0.00757	0.00747	0.01316	0.01977	0.02413	0.12324	0.08224	0.52914	0.02148	0.01026	0.00299	0.00472	0.08765	0.00801	0.00733
25	0.03179	0.04056	0.02412	0.02192	0.02631	0.66676	0.01644	0.03398	0.02412	0.02083	0.01315	0.01535	0.01096	0.00877	0.00767	0.00219	0.01535	0.00548	0.00438	0.00987
26	0.03235	0.02384	0.02554	0.01958	0.02639	0.02639	0.01618	0.61946	0.04001	0.05363	0.02043	0.02043	0.01447	0.01022	0.00851	0.00255	0.00936	0.00766	0.00851	0.01447
27	0.01107	0.00866	0.01002	0.00968	0.01211	0.00761	0.00726	0.01417	0.02178	0.02865	0.36941	0.07258	0.35765	0.01944	0.01005	0.00277	0.00416	0.01665	0.00865	0.00761
28	0.01238	0.00825	0.00928	0.00928	0.00928	0.00825	0.00516	0.01238	0.01238	0.01650	0.02681	0.05569	0.03094	0.70092	0.04331	0.00825	0.00825	0.01238	0.00516	0.00516
29	0.02874	0.01838	0.02103	0.01659	0.02223	0.01927	0.01352	0.36087	0.03311	0.16979	0.16997	0.03232	0.03132	0.01197	0.00888	0.00260	0.00768	0.00966	0.00912	0.01296
30	0.02428	0.02808	0.12527	0.02022	0.02761	0.16272	0.06517	0.15524	0.06793	0.03214	0.01741	0.01922	0.01333	0.00841	0.00783	0.00222	0.01064	0.00663	0.00561	0.20005
31	0.02771	0.02306	0.02244	0.02165	0.08749	0.16283	0.01543	0.08095	0.27089	0.15637	0.02674	0.02565	0.01956	0.01023	0.00839	0.00262	0.00928	0.00814	0.00762	0.01295
32	0.03196	0.03554	0.02454	0.02122	0.02633	0.47463	0.01636	0.20964	0.02889	0.03067	0.01534	0.01687	0.01202	0.00920	0.00793	0.00230	0.01355	0.00614	0.00562	0.01125
33	0.01996	0.38053	0.34563	0.01933	0.02921	0.02683	0.02286	0.02620	0.01762	0.02343	0.01352	0.01577	0.01085	0.00768	0.00675	0.00225	0.01081	0.00541	0.00362	0.01174
34	0.02050	0.01965	0.03353	0.12251	0.58193	0.02007	0.02584	0.02563	0.01911	0.02712	0.01591	0.02124	0.01324	0.00769	0.00843	0.00256	0.01025	0.00758	0.00416	0.01303
35	0.01187	0.00837	0.00932	0.00930	0.01067	0.00781	0.00619	0.01357	0.01699	0.02285	0.14324	0.08974	0.22130	0.29839	0.02334	0.00499	0.00587	0.01461	0.07504	0.00654
36	0.02657	0.02604	0.02989	0.03239	0.23788	0.17261	0.07020	0.19139	0.06987	0.03374	0.01798	0.02048	0.01401	0.00883	0.00843	0.00251	0.01124	0.00747	0.00575	0.01274
37	0.02159	0.02068	0.01892	0.01712	0.02049	0.19328	0.01334	0.14193	0.02183	0.02687	0.01968	0.02587	0.01709	0.03798	0.35425	0.00830	0.01805	0.00783	0.00531	0.00960
38	0.01132	0.00781	0.00959	0.01063	0.01089	0.00755	0.00660	0.01210	0.01444	0.01925	0.03739	0.39236	0.04428	0.34606	0.02623	0.00573	0.00651	0.01860	0.00660	0.00608
39	0.02109	0.01979	0.03115	0.04449	0.50912	0.02043	0.02331	0.03035	0.15529	0.02953	0.02014	0.02343	0.01625	0.00846	0.00848	0.00261	0.00936	0.00803	0.00520	0.01348
40	0.02009	0.01923	0.03278	0.17489	0.53280	0.01996	0.02563	0.02526	0.01892	0.02662	0.01584	0.02138	0.01306	0.00776	0.00844	0.00259	0.01035	0.00758	0.00413	0.01269
41	0.01984	0.02753	0.22564	0.04364	0.46021	0.02008	0.02775	0.02637	0.01894	0.02754	0.01578	0.02011	0.01265	0.00774	0.00832	0.00258	0.01087	0.00719	0.00402	0.01320
42	0.01842	0.01753	0.02977	0.38443	0.33627	0.01953	0.02480	0.02380	0.01813	0.02460	0.01554	0.02192	0.01235	0.00807	0.00847	0.00269	0.01076	0.00757	0.00398	0.01135
43	0.02281	0.02353	0.03284	0.04730	0.54655	0.12558	0.02454	0.02740	0.02015	0.02667	0.01554	0.02013	0.01307	0.00778	0.00830	0.00247	0.01096	0.00724	0.00424	0.01289
44	0.02365	0.01954	0.02505	0.02807	0.21269	0.02106	0.01776	0.21617	0.18960	0.03836	0.07089	0.02996	0.02361	0.01085	0.00877	0.00270	0.00842	0.03240	0.00728	0.01315
45	0.02075	0.01975	0.03299	0.04859	0.59015	0.01940	0.02464	0.02569	0.01922	0.02780	0.01593	0.02075	0.01340	0.00746	0.00823	0.00241	0.00976	0.00735	0.00429	0.08144
46	0.01016	0.00862	0.00876	0.00873	0.01156	0.00723	0.00655	0.01241	0.01964	0.02355	0.11450	0.08097	0.61574	0.02134	0.01006	0.00286	0.00430	0.01783	0.00798	0.00723
47	0.01862	0.01862	0.02607	0.02234	0.02234	0.02607	0.01862	0.02048	0.01303	0.02048	0.01117	0.01862	0.01117	0.01489	0.02793	0.00372	0.68535	0.00745	0.00372	0.00931
48	0.01707	0.04402	0.65683	0.02426	0.03683	0.01976	0.03144	0.02695	0.01797	0.02695	0.01527	0.01797	0.01078	0.00809	0.00809	0.00270	0.01258	0.00629	0.00359	0.01258
49	0.19346	0.03522	0.02154	0.01954	0.02412	0.52318	0.01484	0.03199	0.02198	0.02467	0.01287	0.01501	0.01057	0.00858	0.00714	0.00229	0.01340	0.00529	0.00458	0.00972
50	0.01238	0.00825	0.00928	0.00928	0.00928	0.00825	0.00516	0.01238	0.01238	0.01650	0.02681	0.05569	0.03094	0.70092	0.04331	0.00825	0.00825	0.01238	0.00516	0.00516
51	0.01216	0.00912	0.01368	0.01368	0.01520	0.01064	0.01064	0.01520	0.01368	0.01976	0.02279	0.03343	0.02127	0.06382	0.66720	0.01368	0.02279	0.00912	0.00456	0.00760
52	0.01037	0.00741	0.00987	0.01185	0.01234	0.00691	0.00790	0.01185	0.01629	0.02172	0.04690	0.69537	0.05629	0.02666	0.01086	0.00346	0.00494	0.02419	0.00790	0.00691
53	0.01238	0.00825	0.00928	0.00928	0.00928	0.00825	0.00516	0.01238	0.01238	0.01650	0.02681	0.05569	0.03094	0.70092	0.04331	0.00825	0.00825	0.01238	0.00516	0.00516
54	0.01863	0.01979	0.03973	0.28155	0.09284	0.02044	0.34977	0.02509	0.01887	0.02521	0.01634	0.02272	0.01236	0.00771	0.00935	0.00283	0.01291	0.00893	0.00410	0.01085
55	0.02106	0.02022	0.03454	0.05223	0.64784	0.02022	0.02612	0.02612	0.01938	0.02780	0.01601	0.02106	0.01348	0.00758	0.00842	0.00253	0.01011	0.00758	0.00421	0.01348
56	0.02106	0.02022	0.03454	0.05223	0.64784	0.02022	0.02612	0.02612	0.01938	0.02780	0.01601	0.02106	0.01348	0.00758	0.00842	0.00253	0.01011	0.00758	0.00421	0.01348
57	0.14953	0.22548	0.34107	0.04923	0.03000	0.02355	0.02239	0.02596	0.01712	0.02672	0.01369	0.01623	0.01057	0.00784	0.00686	0.00244	0.01048	0.00556	0.00391	0.01137
58	0.02659	0.02358	0.02474	0.02537	0.14950	0.13353	0.01726	0.29711	0.02966	0.03783	0.02550	0.03126	0.06437	0.01151	0.00876	0.00264	0.01003	0.06161	0.00682	0.01231
59	0.01133	0.00822	0.00918	0.00951	0.01047	0.00770	0.00602	0.01224	0.01519	0.01937	0.04842	0.17080	0.22356	0.37944	0.02767	0.00580	0.00649	0.01607	0.00646	0.00607
60	0.07991	0.02697	0.02570	0.22924	0.15639	0.29316	0.01999	0.02802	0.02029	0.02378	0.01422	0.01860	0.01144	0.00839	0.00789	0.00249	0.01244	0.00646	0.00423	0.01039
61	0.03183	0.03937	0.02422	0.02176	0.02631	0.62112	0.01642	0.07571	0.02525	0.02317	0.01367	0.01571	0.01121	0.00887	0.00773	0.00222	0.01492	0.00564	0.00468	0.01019
62	0.02698	0.01911	0.05454	0.02017	0.08029	0.01833	0.01532	0.22133	0.10148	0.18383	0.02788	0.11338	0.02263	0.01212	0.00873	0.00268	0.00806	0.01012	0.00813	0.04489
63	0.16841	0.02522	0.01902	0.07741	0.02438	0.27643	0.01366	0.09221	0.02241	0.02840	0.02860	0.02968	0.13851	0.01131	0.00785	0.00252	0.01038	0.00826	0.00567	0.00968
64	0.16824	0.08737	0.25118	0.01732	0.02569	0.06719	0.01843	0.02518	0.01792	0.02869	0.04666	0.01885	0.01450	0.00812	0.00697	0.00225	0.00944	0.00593	0.00461	0.17545
65	0.01407	0.01143	0.01259	0.01251	0.01518	0.01175	0.00935	0.02270	0.20442	0.02613	0.05390	0.16423	0.23951	0.09395	0.01356	0.00366	0.00590	0.06844	0.00783	0.00889
66	0.01160	0.00811	0.00998	0.01078	0.01142	0.00780	0.00710	0.01289	0.01573	0.02097	0.09487	0.29522	0.07414	0.31130	0.02458	0.00542	0.00644	0.05845	0.00687	0.00635
67	0.07438	0.01911	0.02507	0.05022	0.09035	0.07608	0.11032	0.04978	0.06643	0.07631	0.02192	0.05455	0.01874	0.01009	0.00832	0.00248	0.00933	0.05495	0.00591	0.17568
68	0.02210	0.02055	0.03371	0.04923	0.59073	0.02079	0.02520	0.08065	0.02127	0.03018	0.01641	0.02100	0.01357	0.00782	0.00843	0.00253	0.01004	0.00759	0.00461	0.01357
69	0.02532	0.02750	0.07883	0.03533	0.28344	0.16488	0.07667	0.14742	0.02454	0.03134	0.01632	0.01961	0.01287	0.00838	0.00840	0.00250	0.01170	0.00726	0.00508	0.01263
70	0.02205	0.02209	0.03358	0.04945	0.59072	0.07964	0.02523	0.02684	0.01981	0.02716	0.01575	0.02054	0.01325	0.00769	0.00836	0.00250	0.01059	0.00739	0.00423	0.01315
71	0.02049	0.02102	0.02201	0.02711	0.20603	0.18531	0.01665	0.02462	0.04731	0.02425	0.02810	0.07635	0.05638	0.07669	0.01232	0.00333	0.01014	0.12626	0.00565	0.00997
72	0.02310	0.02447	0.02549	0.03116	0.26147	0.21516	0.01846	0.03048	0.12932	0.02793	0.10479	0.02706	0.02411	0.00999	0.00846	0.00251	0.01027	0.00838	0.00576	0.01163
73	0.01787	0.08040	0.03013	0.05884	0.21128	0.01883	0.13167	0.02317	0.05055	0.02538	0.03413	0.03653	0.17251	0.01177	0.01028	0.00273	0.05737	0.01048	0.00528	0.01080
74	0.02190	0.01961	0.02939	0.11458	0.41767	0.05256	0.02234	0.02837	0.07607	0.07451	0.02166	0.02501	0.04054	0.00891	0.00849	0.00260	0.00976	0.00816	0.00521	0.01265

[dist]
# distance from previous block
# <min> <max>
0	49

# created by:
# /home/cegg/simao/soft/augustus-3.2.1/scripts/msa2prfl.pl ./align_prep/11633.fa
