[name]
unknown

[dist]
# distance from previous block
# <min> <max>
0	43

[block]
# block no. 0 follows, 22 sequences, length 64
# corresponding to MSA columns:
# 43-106
name=unknown_A
#
# <colnr> <probs for GDERKNQSTAVLIFYWHMCP>
#	G	D	E	R	K	N	Q	S	T	A	V	L	I	F	Y	W	H	M	C	P
0	0.01339	0.00956	0.01339	0.01530	0.01721	0.00956	0.01339	0.01721	0.01912	0.02486	0.04399	0.09371	0.04781	0.02295	0.01147	0.00382	0.00765	0.60031	0.00765	0.00765
1	0.02855	0.03546	0.02391	0.02148	0.02493	0.54936	0.01646	0.03063	0.02145	0.02027	0.01247	0.01560	0.01074	0.00972	0.01131	0.00243	0.14584	0.00572	0.00416	0.00953
2	0.02056	0.01974	0.03372	0.05099	0.65622	0.01974	0.02550	0.02550	0.01892	0.02714	0.01563	0.02056	0.01316	0.00740	0.00822	0.00247	0.00987	0.00740	0.00411	0.01316
3	0.02495	0.02857	0.02547	0.02766	0.17131	0.34442	0.01816	0.02777	0.01978	0.02243	0.01385	0.01785	0.01190	0.00965	0.01185	0.00253	0.16002	0.00638	0.04523	0.01023
4	0.01006	0.00843	0.00875	0.00867	0.01137	0.00712	0.00650	0.01239	0.01951	0.02380	0.15498	0.07772	0.58119	0.02053	0.00982	0.00278	0.00417	0.01722	0.00789	0.00712
5	0.01549	0.00774	0.00774	0.00774	0.00968	0.00774	0.00581	0.01936	0.01742	0.03097	0.02710	0.03097	0.02129	0.00968	0.00581	0.00194	0.00387	0.00774	0.75416	0.00774
6	0.00982	0.00842	0.00842	0.00842	0.01122	0.00701	0.00631	0.01192	0.01894	0.02244	0.08416	0.07995	0.65285	0.02104	0.00982	0.00281	0.00421	0.01753	0.00771	0.00701
7	0.01188	0.00885	0.01308	0.01308	0.01447	0.01024	0.01005	0.01466	0.01327	0.01908	0.02250	0.03401	0.02136	0.10302	0.63522	0.01302	0.02136	0.00910	0.00449	0.00727
8	0.76672	0.01607	0.01221	0.01092	0.01607	0.01864	0.00900	0.02442	0.01414	0.03727	0.01157	0.01350	0.00900	0.00771	0.00514	0.00257	0.00643	0.00450	0.00514	0.00900
9	0.76672	0.01607	0.01221	0.01092	0.01607	0.01864	0.00900	0.02442	0.01414	0.03727	0.01157	0.01350	0.00900	0.00771	0.00514	0.00257	0.00643	0.00450	0.00514	0.00900
10	0.03158	0.02327	0.02493	0.01911	0.02576	0.02576	0.01579	0.62852	0.03906	0.05236	0.01995	0.01995	0.01413	0.00997	0.00831	0.00249	0.00914	0.00748	0.00831	0.01413
11	0.01206	0.00814	0.00948	0.00948	0.00962	0.00828	0.00555	0.01235	0.01220	0.01642	0.02579	0.05226	0.02929	0.64538	0.10370	0.00857	0.00943	0.01177	0.00498	0.00527
12	0.02221	0.71304	0.04353	0.01421	0.02132	0.03287	0.01421	0.02488	0.01688	0.01955	0.01155	0.01333	0.01066	0.00711	0.00533	0.00178	0.00888	0.00444	0.00355	0.01066
13	0.01723	0.01477	0.01723	0.01230	0.01969	0.01107	0.00984	0.02092	0.01723	0.02707	0.01477	0.01723	0.01230	0.00615	0.00615	0.00123	0.00615	0.00492	0.00492	0.75883
14	0.01150	0.00861	0.00959	0.00936	0.01199	0.00742	0.00701	0.01403	0.02001	0.05333	0.20949	0.11281	0.45541	0.01995	0.00980	0.00279	0.00431	0.01693	0.00816	0.00750
15	0.02066	0.01785	0.01878	0.01691	0.02160	0.02066	0.01315	0.04414	0.64121	0.03475	0.03381	0.03099	0.02536	0.01127	0.00845	0.00282	0.00657	0.00939	0.00845	0.01315
16	0.01539	0.01427	0.01849	0.05506	0.02018	0.06192	0.01393	0.01809	0.01405	0.01969	0.01763	0.02630	0.01644	0.04060	0.38871	0.00894	0.22991	0.00806	0.00414	0.00820
17	0.20773	0.01459	0.01763	0.01388	0.02001	0.01371	0.01146	0.03673	0.02152	0.51599	0.02782	0.02482	0.01786	0.00968	0.00760	0.00257	0.00692	0.00745	0.00908	0.01294
18	0.01818	0.01818	0.02545	0.02181	0.02181	0.02545	0.01818	0.01999	0.01272	0.01999	0.01091	0.01818	0.01091	0.01454	0.02726	0.00364	0.69284	0.00727	0.00364	0.00909
19	0.01666	0.04297	0.66500	0.02368	0.03596	0.01929	0.03069	0.02631	0.01754	0.02631	0.01491	0.01754	0.01052	0.00789	0.00789	0.00263	0.01228	0.00614	0.00351	0.01228
20	0.01339	0.00956	0.01339	0.01530	0.01721	0.00956	0.01339	0.01721	0.01912	0.02486	0.04399	0.09371	0.04781	0.02295	0.01147	0.00382	0.00765	0.60031	0.00765	0.00765
21	0.01176	0.00849	0.01110	0.01045	0.01241	0.00784	0.00784	0.01568	0.02352	0.03331	0.65184	0.06206	0.07839	0.01698	0.00980	0.00261	0.00392	0.01502	0.00914	0.00784
22	0.01012	0.00723	0.00964	0.01157	0.01205	0.00675	0.00771	0.01157	0.01591	0.02121	0.04579	0.70262	0.05495	0.02603	0.01060	0.00337	0.00482	0.02362	0.00771	0.00675
23	0.02628	0.15312	0.02471	0.01625	0.02192	0.05899	0.01353	0.17334	0.18462	0.14517	0.07656	0.02621	0.02265	0.01031	0.00786	0.00244	0.00796	0.00805	0.00761	0.01243
24	0.01890	0.06818	0.31745	0.03672	0.34315	0.02026	0.02721	0.02583	0.01819	0.02635	0.01508	0.01881	0.01184	0.00761	0.00792	0.00250	0.01090	0.00667	0.00381	0.01263
25	0.01047	0.00837	0.00938	0.00928	0.01166	0.00727	0.00690	0.01313	0.02025	0.02594	0.26821	0.11333	0.42646	0.02002	0.00986	0.00278	0.00415	0.01709	0.00818	0.00727
26	0.03046	0.02219	0.02373	0.01832	0.02464	0.02450	0.01509	0.58598	0.03755	0.05086	0.02044	0.02072	0.01463	0.00995	0.00814	0.00245	0.00877	0.00750	0.06039	0.01368
27	0.03054	0.03725	0.02418	0.02274	0.05809	0.58853	0.01652	0.08095	0.02456	0.02327	0.01356	0.01567	0.01110	0.00862	0.00759	0.00219	0.01425	0.00563	0.00460	0.01018
28	0.01012	0.00723	0.00964	0.01157	0.01205	0.00675	0.00771	0.01157	0.01591	0.02121	0.04579	0.70262	0.05495	0.02603	0.01060	0.00337	0.00482	0.02362	0.00771	0.00675
29	0.02485	0.21228	0.18342	0.02142	0.05511	0.32323	0.01952	0.02905	0.02018	0.02187	0.01313	0.01542	0.01076	0.00798	0.00707	0.00218	0.01254	0.00540	0.00390	0.01069
30	0.01443	0.00722	0.01082	0.01082	0.01082	0.00722	0.00722	0.01082	0.01082	0.01443	0.01443	0.02525	0.01443	0.02886	0.03247	0.75830	0.00722	0.00722	0.00361	0.00361
31	0.01035	0.00844	0.00915	0.00897	0.01155	0.00724	0.00673	0.01295	0.02019	0.02541	0.23939	0.07506	0.49576	0.01993	0.00981	0.00275	0.00413	0.01685	0.00811	0.00724
32	0.02143	0.57890	0.04004	0.01568	0.02142	0.03144	0.01498	0.02393	0.01608	0.01963	0.01143	0.01426	0.01071	0.00854	0.00956	0.00214	0.14092	0.00499	0.00357	0.01036
33	0.01666	0.04297	0.66500	0.02368	0.03596	0.01929	0.03069	0.02631	0.01754	0.02631	0.01491	0.01754	0.01052	0.00789	0.00789	0.00263	0.01228	0.00614	0.00351	0.01228
34	0.00993	0.00842	0.00857	0.00853	0.01129	0.00706	0.00640	0.01214	0.01920	0.02306	0.11641	0.07893	0.62021	0.02081	0.00982	0.00279	0.00419	0.01739	0.00780	0.00706
35	0.01443	0.00722	0.01082	0.01082	0.01082	0.00722	0.00722	0.01082	0.01082	0.01443	0.01443	0.02525	0.01443	0.02886	0.03247	0.75830	0.00722	0.00722	0.00361	0.00361
36	0.01176	0.00849	0.01110	0.01045	0.01241	0.00784	0.00784	0.01568	0.02352	0.03331	0.65184	0.06206	0.07839	0.01698	0.00980	0.00261	0.00392	0.01502	0.00914	0.00784
37	0.01176	0.00849	0.01110	0.01045	0.01241	0.00784	0.00784	0.01568	0.02352	0.03331	0.65184	0.06206	0.07839	0.01698	0.00980	0.00261	0.00392	0.01502	0.00914	0.00784
38	0.01013	0.00827	0.00899	0.00935	0.01168	0.00712	0.00693	0.01231	0.01872	0.02302	0.11186	0.18457	0.49148	0.02170	0.01002	0.00293	0.00443	0.04166	0.00780	0.00705
39	0.01753	0.00971	0.00992	0.00919	0.01172	0.01003	0.00707	0.09667	0.02017	0.03369	0.02619	0.02957	0.02038	0.00972	0.00612	0.00201	0.00454	0.00771	0.65951	0.00855
40	0.01631	0.01540	0.02603	0.60722	0.13324	0.01862	0.02338	0.02177	0.01690	0.02198	0.01487	0.02195	0.01134	0.00819	0.00830	0.00273	0.01092	0.00739	0.00374	0.00973
41	0.01549	0.00774	0.00774	0.00774	0.00968	0.00774	0.00581	0.01936	0.01742	0.03097	0.02710	0.03097	0.02129	0.00968	0.00581	0.00194	0.00387	0.00774	0.75416	0.00774
42	0.01569	0.01477	0.02492	0.68808	0.05722	0.01846	0.02307	0.02123	0.01661	0.02123	0.01477	0.02215	0.01107	0.00831	0.00831	0.00277	0.01107	0.00738	0.00369	0.00923
43	0.02368	0.20037	0.02628	0.01774	0.02185	0.32498	0.01438	0.02613	0.01893	0.01987	0.01462	0.01886	0.01305	0.02106	0.16398	0.00475	0.04998	0.00605	0.00410	0.00934
44	0.02221	0.71304	0.04353	0.01421	0.02132	0.03287	0.01421	0.02488	0.01688	0.01955	0.01155	0.01333	0.01066	0.00711	0.00533	0.00178	0.00888	0.00444	0.00355	0.01066
45	0.02056	0.01974	0.03372	0.05099	0.65622	0.01974	0.02550	0.02550	0.01892	0.02714	0.01563	0.02056	0.01316	0.00740	0.00822	0.00247	0.00987	0.00740	0.00411	0.01316
46	0.02400	0.19139	0.10946	0.01940	0.02477	0.23734	0.01745	0.07363	0.04467	0.02383	0.01424	0.01713	0.01194	0.01141	0.03657	0.00285	0.11903	0.00600	0.00439	0.01052
47	0.01010	0.00729	0.00957	0.01139	0.01200	0.00676	0.00763	0.01159	0.01607	0.02127	0.04789	0.66847	0.08774	0.02575	0.01056	0.00334	0.00479	0.02328	0.00771	0.00676
48	0.02362	0.02328	0.17023	0.01819	0.02511	0.01895	0.01721	0.07130	0.34017	0.15796	0.02843	0.02671	0.02033	0.01021	0.00829	0.00271	0.00815	0.00832	0.00765	0.01319
49	0.02424	0.06821	0.34596	0.01914	0.02821	0.01683	0.02152	0.03065	0.01951	0.25979	0.02182	0.02231	0.01495	0.01253	0.05451	0.00331	0.01086	0.00705	0.00607	0.01253
50	0.01208	0.00805	0.00906	0.00906	0.00906	0.00805	0.00503	0.01208	0.01208	0.01611	0.02618	0.05436	0.03020	0.70804	0.04228	0.00805	0.00805	0.01208	0.00503	0.00503
51	0.01873	0.12827	0.24723	0.02571	0.03358	0.02301	0.22348	0.02498	0.01720	0.02421	0.01428	0.01867	0.01131	0.00877	0.01190	0.00276	0.14374	0.00733	0.00377	0.01107
52	0.01818	0.01818	0.02545	0.02181	0.02181	0.02545	0.01818	0.01999	0.01272	0.01999	0.01091	0.01818	0.01091	0.01454	0.02726	0.00364	0.69284	0.00727	0.00364	0.00909
53	0.01569	0.01477	0.02492	0.68808	0.05722	0.01846	0.02307	0.02123	0.01661	0.02123	0.01477	0.02215	0.01107	0.00831	0.00831	0.00277	0.01107	0.00738	0.00369	0.00923
54	0.01951	0.02072	0.02179	0.01947	0.02086	0.17317	0.01561	0.02170	0.01542	0.01988	0.01437	0.02127	0.01347	0.02582	0.19456	0.00586	0.35649	0.00725	0.00400	0.00877
55	0.02943	0.03870	0.06892	0.02325	0.06239	0.59154	0.01761	0.03226	0.02286	0.02114	0.01314	0.01548	0.01083	0.00845	0.00756	0.00219	0.01450	0.00552	0.00422	0.01002
56	0.01339	0.00956	0.01339	0.01530	0.01721	0.00956	0.01339	0.01721	0.01912	0.02486	0.04399	0.09371	0.04781	0.02295	0.01147	0.00382	0.00765	0.60031	0.00765	0.00765
57	0.01194	0.00800	0.00910	0.00924	0.00927	0.00796	0.00522	0.01205	0.01235	0.01646	0.02754	0.09963	0.03193	0.66042	0.04007	0.00773	0.00783	0.01289	0.00522	0.00515
58	0.02836	0.02136	0.02284	0.01812	0.02401	0.02377	0.01467	0.48069	0.15377	0.04690	0.02298	0.02403	0.01721	0.04988	0.01027	0.00287	0.00858	0.00811	0.00815	0.01342
59	0.00997	0.00782	0.00903	0.01000	0.01164	0.00688	0.00702	0.01174	0.01741	0.02182	0.06484	0.39343	0.35184	0.02355	0.01021	0.00309	0.00452	0.02060	0.00771	0.00688
60	0.01065	0.00868	0.00958	0.01002	0.01262	0.00761	0.00797	0.01316	0.01898	0.02301	0.07477	0.08316	0.51146	0.02149	0.01021	0.00304	0.00501	0.15372	0.00770	0.00716
61	0.01151	0.00864	0.01077	0.01183	0.01367	0.00807	0.00936	0.01415	0.01832	0.02338	0.08738	0.19314	0.24323	0.06150	0.01245	0.00360	0.00588	0.24835	0.00761	0.00715
62	0.02721	0.03950	0.17389	0.02324	0.05598	0.49256	0.01989	0.03123	0.02193	0.02203	0.01345	0.01583	0.01077	0.00835	0.00762	0.00227	0.01412	0.00563	0.00409	0.01041
63	0.03037	0.03834	0.02418	0.02327	0.06544	0.63340	0.01665	0.03269	0.02325	0.02076	0.01302	0.01533	0.01086	0.00849	0.00754	0.00216	0.01466	0.00548	0.00427	0.00985

[dist]
# distance from previous block
# <min> <max>
0	1

[block]
# block no. 1 follows, 22 sequences, length 18
# corresponding to MSA columns:
# 108-125
name=unknown_B
#
# <colnr> <probs for GDERKNQSTAVLIFYWHMCP>
#	G	D	E	R	K	N	Q	S	T	A	V	L	I	F	Y	W	H	M	C	P
0	0.02865	0.02055	0.02373	0.02133	0.08861	0.02232	0.01574	0.36087	0.17334	0.12035	0.02426	0.02356	0.01739	0.01005	0.00834	0.00257	0.00837	0.00802	0.00816	0.01381
1	0.02344	0.01799	0.02079	0.01664	0.02182	0.01936	0.01354	0.33327	0.02733	0.03788	0.01896	0.02230	0.01514	0.02178	0.16519	0.00487	0.05268	0.00732	0.00648	0.15323
2	0.02026	0.02352	0.10687	0.03468	0.33040	0.08155	0.06041	0.02534	0.01885	0.02632	0.01514	0.01899	0.01236	0.00726	0.00773	0.00219	0.01006	0.00662	0.00425	0.18720
3	0.01257	0.00981	0.01292	0.01513	0.05617	0.00930	0.01163	0.01585	0.01904	0.02414	0.05654	0.08408	0.26215	0.02127	0.01067	0.00337	0.00656	0.35357	0.00745	0.00778
4	0.01361	0.10392	0.04922	0.01405	0.04761	0.01247	0.01055	0.04063	0.01789	0.02327	0.06918	0.32541	0.15657	0.06351	0.01141	0.00320	0.00623	0.01642	0.00668	0.00817
5	0.02056	0.01974	0.03372	0.05099	0.65622	0.01974	0.02550	0.02550	0.01892	0.02714	0.01563	0.02056	0.01316	0.00740	0.00822	0.00247	0.00987	0.00740	0.00411	0.01316
6	0.03121	0.03432	0.02399	0.02066	0.02571	0.46508	0.01597	0.22548	0.02855	0.03068	0.01514	0.01658	0.01181	0.00902	0.00776	0.00225	0.01309	0.00604	0.00558	0.01108
7	0.02056	0.01974	0.03372	0.05099	0.65622	0.01974	0.02550	0.02550	0.01892	0.02714	0.01563	0.02056	0.01316	0.00740	0.00822	0.00247	0.00987	0.00740	0.00411	0.01316
8	0.00982	0.00842	0.00842	0.00842	0.01122	0.00701	0.00631	0.01192	0.01894	0.02244	0.08416	0.07995	0.65285	0.02104	0.00982	0.00281	0.00421	0.01753	0.00771	0.00701
9	0.01208	0.00805	0.00906	0.00906	0.00906	0.00805	0.00503	0.01208	0.01208	0.01611	0.02618	0.05436	0.03020	0.70804	0.04228	0.00805	0.00805	0.01208	0.00503	0.00503
10	0.01059	0.00769	0.00983	0.01085	0.01187	0.00711	0.00744	0.01260	0.01775	0.02386	0.19027	0.45305	0.11720	0.06436	0.01224	0.00342	0.00474	0.02032	0.00789	0.00693
11	0.02056	0.01974	0.03372	0.05099	0.65622	0.01974	0.02550	0.02550	0.01892	0.02714	0.01563	0.02056	0.01316	0.00740	0.00822	0.00247	0.00987	0.00740	0.00411	0.01316
12	0.02221	0.71304	0.04353	0.01421	0.02132	0.03287	0.01421	0.02488	0.01688	0.01955	0.01155	0.01333	0.01066	0.00711	0.00533	0.00178	0.00888	0.00444	0.00355	0.01066
13	0.01001	0.00765	0.00920	0.01045	0.01175	0.00684	0.00721	0.01169	0.01698	0.02165	0.05943	0.48127	0.26749	0.02425	0.01032	0.00317	0.00460	0.02145	0.00771	0.00684
14	0.01666	0.04297	0.66500	0.02368	0.03596	0.01929	0.03069	0.02631	0.01754	0.02631	0.01491	0.01754	0.01052	0.00789	0.00789	0.00263	0.01228	0.00614	0.00351	0.01228
15	0.02343	0.01598	0.01739	0.01436	0.01869	0.01746	0.01157	0.33625	0.02820	0.04069	0.02278	0.02543	0.01749	0.01627	0.08903	0.00362	0.00887	0.00775	0.27372	0.01103
16	0.01788	0.02349	0.17687	0.03381	0.31091	0.01917	0.02297	0.02297	0.01741	0.02501	0.02294	0.02667	0.09040	0.01055	0.01198	0.00277	0.14013	0.00832	0.00432	0.01142
17	0.02553	0.14639	0.21355	0.02046	0.02798	0.25642	0.01996	0.14350	0.02368	0.02806	0.01459	0.01641	0.01130	0.00840	0.00741	0.00229	0.01209	0.00584	0.00471	0.01143

[dist]
# distance from previous block
# <min> <max>
0	1

[block]
# block no. 2 follows, 22 sequences, length 94
# corresponding to MSA columns:
# 127-220
name=unknown_C
#
# <colnr> <probs for GDERKNQSTAVLIFYWHMCP>
#	G	D	E	R	K	N	Q	S	T	A	V	L	I	F	Y	W	H	M	C	P
0	0.02075	0.01594	0.01775	0.01614	0.02048	0.01757	0.01300	0.10753	0.36046	0.07134	0.03758	0.04573	0.07102	0.01412	0.00915	0.00297	0.00698	0.13139	0.00833	0.01178
1	0.02066	0.01785	0.01878	0.01691	0.02160	0.02066	0.01315	0.04414	0.64121	0.03475	0.03381	0.03099	0.02536	0.01127	0.00845	0.00282	0.00657	0.00939	0.00845	0.01315
2	0.02225	0.01461	0.01774	0.01293	0.02007	0.01136	0.01044	0.02582	0.01887	0.18617	0.01928	0.02000	0.01437	0.00719	0.00670	0.00157	0.00638	0.00578	0.00627	0.57222
3	0.02066	0.01785	0.01878	0.01691	0.02160	0.02066	0.01315	0.04414	0.64121	0.03475	0.03381	0.03099	0.02536	0.01127	0.00845	0.00282	0.00657	0.00939	0.00845	0.01315
4	0.01187	0.00890	0.01335	0.01335	0.01483	0.01038	0.01038	0.01483	0.01335	0.01928	0.02225	0.03264	0.02077	0.06231	0.67512	0.01335	0.02225	0.00890	0.00445	0.00742
5	0.02183	0.64766	0.04183	0.01493	0.02137	0.03217	0.01459	0.02442	0.01649	0.01959	0.01149	0.01378	0.01068	0.00781	0.00739	0.00195	0.07324	0.00471	0.00356	0.01051
6	0.01012	0.00723	0.00964	0.01157	0.01205	0.00675	0.00771	0.01157	0.01591	0.02121	0.04579	0.70262	0.05495	0.02603	0.01060	0.00337	0.00482	0.02362	0.00771	0.00675
7	0.01012	0.00723	0.00964	0.01157	0.01205	0.00675	0.00771	0.01157	0.01591	0.02121	0.04579	0.70262	0.05495	0.02603	0.01060	0.00337	0.00482	0.02362	0.00771	0.00675
8	0.02318	0.02471	0.03117	0.04358	0.49822	0.18386	0.02313	0.02742	0.02008	0.02543	0.01493	0.01916	0.01254	0.00769	0.00804	0.00239	0.01115	0.00689	0.00415	0.01227
9	0.01755	0.01319	0.01589	0.01593	0.01921	0.01425	0.01323	0.02942	0.27494	0.06019	0.03926	0.06473	0.03725	0.01753	0.01008	0.00335	0.00718	0.32848	0.00811	0.01023
10	0.01687	0.01804	0.03767	0.02826	0.03438	0.01690	0.44789	0.02228	0.01854	0.02505	0.02516	0.21840	0.02480	0.01248	0.01003	0.00297	0.01136	0.01378	0.00521	0.00992
11	0.02056	0.01974	0.03372	0.05099	0.65622	0.01974	0.02550	0.02550	0.01892	0.02714	0.01563	0.02056	0.01316	0.00740	0.00822	0.00247	0.00987	0.00740	0.00411	0.01316
12	0.01764	0.03705	0.50603	0.02874	0.15824	0.01945	0.02875	0.02708	0.05038	0.02691	0.01604	0.01884	0.01182	0.00797	0.00799	0.00261	0.01150	0.00656	0.00389	0.01250
13	0.01742	0.01563	0.02283	0.08104	0.27981	0.01644	0.01741	0.02616	0.17405	0.02709	0.03041	0.16735	0.06272	0.01309	0.00887	0.00279	0.00776	0.01184	0.00612	0.01117
14	0.01384	0.01180	0.01713	0.01600	0.01702	0.01509	0.01282	0.01645	0.01315	0.01951	0.01870	0.02811	0.01768	0.04737	0.47256	0.01031	0.23192	0.00839	0.00420	0.00794
15	0.01723	0.01477	0.01723	0.01230	0.01969	0.01107	0.00984	0.02092	0.01723	0.02707	0.01477	0.01723	0.01230	0.00615	0.00615	0.00123	0.00615	0.00492	0.00492	0.75883
16	0.02817	0.03529	0.02993	0.02481	0.03013	0.51089	0.16891	0.03153	0.02256	0.02191	0.01383	0.01684	0.01118	0.00817	0.00807	0.00231	0.01474	0.00647	0.00426	0.01003
17	0.01520	0.01411	0.01641	0.01561	0.01722	0.09571	0.01225	0.01789	0.01453	0.01952	0.01940	0.02829	0.01805	0.04852	0.49577	0.01051	0.12054	0.00822	0.00431	0.00794
18	0.02064	0.02619	0.18116	0.01903	0.02558	0.08186	0.01782	0.03864	0.42682	0.03128	0.02710	0.02612	0.02026	0.01017	0.00822	0.00271	0.00879	0.00820	0.00682	0.01260
19	0.01208	0.00805	0.00906	0.00906	0.00906	0.00805	0.00503	0.01208	0.01208	0.01611	0.02618	0.05436	0.03020	0.70804	0.04228	0.00805	0.00805	0.01208	0.00503	0.00503
20	0.01187	0.00890	0.01335	0.01335	0.01483	0.01038	0.01038	0.01483	0.01335	0.01928	0.02225	0.03264	0.02077	0.06231	0.67512	0.01335	0.02225	0.00890	0.00445	0.00742
21	0.01208	0.00805	0.00906	0.00906	0.00906	0.00805	0.00503	0.01208	0.01208	0.01611	0.02618	0.05436	0.03020	0.70804	0.04228	0.00805	0.00805	0.01208	0.00503	0.00503
22	0.17341	0.01331	0.01352	0.01209	0.01631	0.01398	0.00953	0.02838	0.18855	0.12265	0.04085	0.03926	0.17802	0.01264	0.00777	0.00262	0.00568	0.01007	0.10113	0.01022
23	0.00993	0.00796	0.00888	0.00961	0.01154	0.00691	0.00684	0.01179	0.01778	0.02197	0.06957	0.31668	0.42554	0.02294	0.01012	0.00302	0.00444	0.01985	0.00771	0.00691
24	0.76672	0.01607	0.01221	0.01092	0.01607	0.01864	0.00900	0.02442	0.01414	0.03727	0.01157	0.01350	0.00900	0.00771	0.00514	0.00257	0.00643	0.00450	0.00514	0.00900
25	0.03158	0.02327	0.02493	0.01911	0.02576	0.02576	0.01579	0.62852	0.03906	0.05236	0.01995	0.01995	0.01413	0.00997	0.00831	0.00249	0.00914	0.00748	0.00831	0.01413
26	0.02221	0.71304	0.04353	0.01421	0.02132	0.03287	0.01421	0.02488	0.01688	0.01955	0.01155	0.01333	0.01066	0.00711	0.00533	0.00178	0.00888	0.00444	0.00355	0.01066
27	0.01012	0.00723	0.00964	0.01157	0.01205	0.00675	0.00771	0.01157	0.01591	0.02121	0.04579	0.70262	0.05495	0.02603	0.01060	0.00337	0.00482	0.02362	0.00771	0.00675
28	0.01010	0.00733	0.00954	0.01131	0.01198	0.00677	0.00760	0.01160	0.01616	0.02131	0.04897	0.65098	0.10453	0.02561	0.01054	0.00333	0.00477	0.02311	0.00771	0.00677
29	0.02653	0.02947	0.02051	0.01934	0.05297	0.42151	0.01402	0.06973	0.02273	0.02544	0.01651	0.01902	0.01333	0.00869	0.00716	0.00208	0.01152	0.00606	0.15908	0.05430
30	0.02221	0.71304	0.04353	0.01421	0.02132	0.03287	0.01421	0.02488	0.01688	0.01955	0.01155	0.01333	0.01066	0.00711	0.00533	0.00178	0.00888	0.00444	0.00355	0.01066
31	0.00989	0.00812	0.00872	0.00921	0.01143	0.00695	0.00666	0.01183	0.01818	0.02213	0.07454	0.23598	0.50303	0.02229	0.01002	0.00295	0.00436	0.01906	0.00771	0.00695
32	0.01543	0.01156	0.01254	0.01167	0.01346	0.01236	0.00787	0.06205	0.17196	0.02361	0.03097	0.04763	0.06342	0.44675	0.02964	0.00606	0.00754	0.01141	0.00627	0.00780
33	0.02573	0.02109	0.02032	0.01689	0.02139	0.10935	0.01311	0.37233	0.02977	0.03834	0.02319	0.11011	0.02131	0.12229	0.01386	0.00344	0.00923	0.00994	0.00717	0.01115
34	0.01443	0.00722	0.01082	0.01082	0.01082	0.00722	0.00722	0.01082	0.01082	0.01443	0.01443	0.02525	0.01443	0.02886	0.03247	0.75830	0.00722	0.00722	0.00361	0.00361
35	0.02221	0.71304	0.04353	0.01421	0.02132	0.03287	0.01421	0.02488	0.01688	0.01955	0.01155	0.01333	0.01066	0.00711	0.00533	0.00178	0.00888	0.00444	0.00355	0.01066
36	0.02813	0.03861	0.15584	0.02164	0.02781	0.47305	0.01904	0.09287	0.02390	0.02485	0.01400	0.01602	0.01102	0.00857	0.00766	0.00228	0.01382	0.00573	0.00453	0.01064
37	0.71671	0.01656	0.01308	0.01148	0.01673	0.01912	0.00946	0.06552	0.01583	0.03830	0.01214	0.01393	0.00935	0.00787	0.00536	0.00257	0.00661	0.00470	0.00536	0.00935
38	0.01666	0.04297	0.66500	0.02368	0.03596	0.01929	0.03069	0.02631	0.01754	0.02631	0.01491	0.01754	0.01052	0.00789	0.00789	0.00263	0.01228	0.00614	0.00351	0.01228
39	0.01960	0.02475	0.15601	0.04202	0.39224	0.01996	0.17097	0.02592	0.01882	0.02686	0.01578	0.02044	0.01253	0.00740	0.00854	0.00258	0.01132	0.00774	0.00402	0.01252
40	0.01012	0.00723	0.00964	0.01157	0.01205	0.00675	0.00771	0.01157	0.01591	0.02121	0.04579	0.70262	0.05495	0.02603	0.01060	0.00337	0.00482	0.02362	0.00771	0.00675
41	0.01152	0.00848	0.01077	0.01020	0.01226	0.00774	0.00765	0.01521	0.02294	0.03195	0.58083	0.06429	0.15025	0.01749	0.00980	0.00264	0.00396	0.01534	0.00897	0.00774
42	0.02286	0.01364	0.01646	0.01458	0.01829	0.01372	0.01118	0.20316	0.02467	0.17949	0.03502	0.34131	0.03472	0.01756	0.00939	0.00292	0.00664	0.01523	0.00849	0.01068
43	0.01666	0.04297	0.66500	0.02368	0.03596	0.01929	0.03069	0.02631	0.01754	0.02631	0.01491	0.01754	0.01052	0.00789	0.00789	0.00263	0.01228	0.00614	0.00351	0.01228
44	0.03103	0.03959	0.02354	0.02140	0.02568	0.67469	0.01605	0.03317	0.02354	0.02033	0.01284	0.01498	0.01070	0.00856	0.00749	0.00214	0.01498	0.00535	0.00428	0.00963
45	0.02927	0.03018	0.02203	0.02034	0.04729	0.43114	0.01507	0.05909	0.02284	0.12466	0.01764	0.01976	0.01379	0.01558	0.09121	0.00364	0.01416	0.00645	0.00544	0.01041
46	0.01208	0.00805	0.00906	0.00906	0.00906	0.00805	0.00503	0.01208	0.01208	0.01611	0.02618	0.05436	0.03020	0.70804	0.04228	0.00805	0.00805	0.01208	0.00503	0.00503
47	0.00992	0.00842	0.00856	0.00852	0.01128	0.00706	0.00639	0.01212	0.01918	0.02302	0.11436	0.07900	0.62229	0.02082	0.00982	0.00280	0.00419	0.01740	0.00779	0.00706
48	0.01020	0.00843	0.00895	0.00882	0.01146	0.00718	0.00661	0.01267	0.01984	0.02460	0.19676	0.07640	0.53890	0.02023	0.00981	0.00277	0.00415	0.01704	0.00800	0.00718
49	0.01074	0.00843	0.00957	0.00930	0.01162	0.00741	0.00689	0.01350	0.02052	0.02669	0.31904	0.07122	0.38233	0.05244	0.01137	0.00298	0.00427	0.01622	0.00818	0.00726
50	0.01666	0.04297	0.66500	0.02368	0.03596	0.01929	0.03069	0.02631	0.01754	0.02631	0.01491	0.01754	0.01052	0.00789	0.00789	0.00263	0.01228	0.00614	0.00351	0.01228
51	0.01569	0.01477	0.02492	0.68808	0.05722	0.01846	0.02307	0.02123	0.01661	0.02123	0.01477	0.02215	0.01107	0.00831	0.00831	0.00277	0.01107	0.00738	0.00369	0.00923
52	0.76672	0.01607	0.01221	0.01092	0.01607	0.01864	0.00900	0.02442	0.01414	0.03727	0.01157	0.01350	0.00900	0.00771	0.00514	0.00257	0.00643	0.00450	0.00514	0.00900
53	0.02617	0.20393	0.02894	0.01968	0.02379	0.38011	0.01603	0.02838	0.01964	0.02006	0.01212	0.01522	0.01073	0.00943	0.01102	0.00236	0.15311	0.00552	0.00397	0.00978
54	0.01205	0.00819	0.00977	0.00977	0.01002	0.00844	0.00592	0.01254	0.01229	0.01664	0.02552	0.05075	0.02863	0.60072	0.14746	0.00893	0.01041	0.01155	0.00494	0.00543
55	0.02241	0.19618	0.03479	0.03773	0.41088	0.11262	0.02138	0.02639	0.01904	0.02431	0.01422	0.01798	0.01220	0.00749	0.00740	0.00225	0.01032	0.00638	0.00400	0.01205
56	0.01003	0.00848	0.00871	0.00883	0.01158	0.00716	0.00673	0.01224	0.01895	0.02259	0.08177	0.08077	0.61685	0.02115	0.00992	0.00287	0.00441	0.05221	0.00771	0.00705
57	0.02442	0.54429	0.03852	0.01602	0.02241	0.19370	0.01467	0.02695	0.01855	0.01974	0.01187	0.01374	0.01067	0.00747	0.00587	0.00187	0.01041	0.00467	0.00374	0.01040
58	0.01843	0.03246	0.37933	0.03604	0.31664	0.01949	0.02834	0.02594	0.01816	0.02669	0.01523	0.01891	0.01172	0.00767	0.00804	0.00256	0.01119	0.00671	0.00378	0.01268
59	0.02719	0.10807	0.15876	0.02095	0.02737	0.41905	0.01888	0.08027	0.02290	0.02415	0.01373	0.01575	0.01094	0.00839	0.00742	0.00223	0.01331	0.00560	0.00438	0.01066
60	0.01089	0.00894	0.01045	0.01120	0.04323	0.00785	0.00773	0.01359	0.02004	0.02558	0.23355	0.10075	0.43765	0.01950	0.00977	0.00276	0.00444	0.01663	0.00793	0.00753
61	0.01012	0.00723	0.00964	0.01157	0.01205	0.00675	0.00771	0.01157	0.01591	0.02121	0.04579	0.70262	0.05495	0.02603	0.01060	0.00337	0.00482	0.02362	0.00771	0.00675
62	0.02051	0.01987	0.03447	0.05021	0.62615	0.01980	0.05496	0.02555	0.01895	0.02711	0.01568	0.02065	0.01313	0.00738	0.00830	0.00248	0.01007	0.00752	0.00412	0.01306
63	0.02044	0.02007	0.03563	0.04899	0.57956	0.01990	0.10062	0.02564	0.01900	0.02707	0.01577	0.02079	0.01309	0.00735	0.00842	0.00251	0.01039	0.00770	0.00412	0.01291
64	0.01227	0.00845	0.01011	0.01059	0.01123	0.00837	0.00720	0.01336	0.01425	0.01868	0.03409	0.06575	0.07166	0.49550	0.03263	0.00668	0.00772	0.15980	0.00585	0.00581
65	0.01720	0.01435	0.01681	0.01265	0.01850	0.01209	0.00985	0.04905	0.01728	0.02629	0.01652	0.02297	0.01500	0.11192	0.01277	0.00244	0.04244	0.00624	0.00504	0.57060
66	0.02429	0.02191	0.03064	0.04026	0.44122	0.06040	0.02220	0.19571	0.02486	0.03383	0.01668	0.02006	0.01329	0.00819	0.00820	0.00246	0.00997	0.00730	0.00530	0.01322
67	0.01188	0.00886	0.01314	0.01314	0.01456	0.01027	0.01013	0.01470	0.01329	0.01913	0.02244	0.03368	0.02122	0.09342	0.64463	0.01310	0.02157	0.00905	0.00448	0.00730
68	0.01224	0.00945	0.01407	0.01385	0.01525	0.01128	0.01085	0.01514	0.01331	0.01933	0.02158	0.03178	0.02018	0.05946	0.63658	0.01277	0.06215	0.00880	0.00440	0.00752
69	0.01012	0.00723	0.00964	0.01157	0.01205	0.00675	0.00771	0.01157	0.01591	0.02121	0.04579	0.70262	0.05495	0.02603	0.01060	0.00337	0.00482	0.02362	0.00771	0.00675
70	0.00982	0.00842	0.00842	0.00842	0.01122	0.00701	0.00631	0.01192	0.01894	0.02244	0.08416	0.07995	0.65285	0.02104	0.00982	0.00281	0.00421	0.01753	0.00771	0.00701
71	0.02125	0.03256	0.26878	0.03463	0.29330	0.15451	0.02550	0.02738	0.01935	0.02543	0.01478	0.01828	0.01166	0.00783	0.00795	0.00246	0.01183	0.00650	0.00392	0.01210
72	0.01010	0.00837	0.00850	0.00850	0.01095	0.00714	0.00615	0.01194	0.01808	0.02165	0.07690	0.07675	0.57496	0.10698	0.01388	0.00346	0.00469	0.01685	0.00738	0.00677
73	0.01741	0.02719	0.29026	0.02190	0.10612	0.01560	0.02052	0.02375	0.01757	0.02676	0.01493	0.01777	0.01167	0.00704	0.00714	0.00197	0.00918	0.00574	0.00423	0.35327
74	0.02129	0.02311	0.02508	0.02867	0.22141	0.22004	0.05184	0.02492	0.02089	0.02552	0.14586	0.03006	0.05697	0.01083	0.00978	0.00251	0.05668	0.00893	0.00533	0.01030
75	0.01410	0.01134	0.01724	0.02301	0.17563	0.01118	0.01454	0.01742	0.01801	0.02422	0.03748	0.27700	0.04149	0.02007	0.01037	0.00334	0.00727	0.26079	0.00678	0.00873
76	0.03158	0.02327	0.02493	0.01911	0.02576	0.02576	0.01579	0.62852	0.03906	0.05236	0.01995	0.01995	0.01413	0.00997	0.00831	0.00249	0.00914	0.00748	0.00831	0.01413
77	0.01265	0.01242	0.09111	0.01089	0.01243	0.00946	0.00824	0.01386	0.01276	0.01738	0.02477	0.04976	0.02774	0.62046	0.03798	0.00738	0.00858	0.01134	0.00484	0.00594
78	0.01081	0.00845	0.00979	0.00946	0.01183	0.00744	0.00709	0.01385	0.02128	0.02801	0.37507	0.07078	0.35846	0.01896	0.00981	0.00271	0.00406	0.01625	0.00845	0.00744
79	0.03103	0.03959	0.02354	0.02140	0.02568	0.67469	0.01605	0.03317	0.02354	0.02033	0.01284	0.01498	0.01070	0.00856	0.00749	0.00214	0.01498	0.00535	0.00428	0.00963
80	0.01194	0.00862	0.01193	0.01193	0.01292	0.00961	0.00861	0.01392	0.01293	0.01823	0.02355	0.03983	0.02389	0.27612	0.46558	0.01160	0.01755	0.00995	0.00464	0.00663
81	0.00982	0.00842	0.00842	0.00842	0.01122	0.00701	0.00631	0.01192	0.01894	0.02244	0.08416	0.07995	0.65285	0.02104	0.00982	0.00281	0.00421	0.01753	0.00771	0.00701
82	0.03158	0.02327	0.02493	0.01911	0.02576	0.02576	0.01579	0.62852	0.03906	0.05236	0.01995	0.01995	0.01413	0.00997	0.00831	0.00249	0.00914	0.00748	0.00831	0.01413
83	0.03158	0.02327	0.02493	0.01911	0.02576	0.02576	0.01579	0.62852	0.03906	0.05236	0.01995	0.01995	0.01413	0.00997	0.00831	0.00249	0.00914	0.00748	0.00831	0.01413
84	0.02710	0.02104	0.02241	0.01821	0.02405	0.02367	0.01471	0.38864	0.28624	0.04513	0.02564	0.02448	0.01874	0.01051	0.00837	0.00263	0.00809	0.00826	0.00837	0.01373
85	0.02217	0.49075	0.16907	0.01706	0.02488	0.11036	0.01784	0.02621	0.01785	0.02104	0.01240	0.01440	0.01064	0.00745	0.00613	0.00200	0.01035	0.00491	0.00364	0.01087
86	0.02616	0.01229	0.01583	0.01306	0.01778	0.01112	0.01045	0.03098	0.07083	0.37596	0.19441	0.04341	0.11452	0.01338	0.00891	0.00263	0.00588	0.01125	0.00953	0.01159
87	0.01569	0.01477	0.02492	0.68808	0.05722	0.01846	0.02307	0.02123	0.01661	0.02123	0.01477	0.02215	0.01107	0.00831	0.00831	0.00277	0.01107	0.00738	0.00369	0.00923
88	0.02056	0.01974	0.03372	0.05099	0.65622	0.01974	0.02550	0.02550	0.01892	0.02714	0.01563	0.02056	0.01316	0.00740	0.00822	0.00247	0.00987	0.00740	0.00411	0.01316
89	0.01073	0.00816	0.00937	0.01005	0.01161	0.00743	0.00714	0.01242	0.01678	0.02108	0.05843	0.23190	0.31195	0.16402	0.01688	0.00414	0.00551	0.07863	0.00715	0.00661
90	0.01012	0.00723	0.00964	0.01157	0.01205	0.00675	0.00771	0.01157	0.01591	0.02121	0.04579	0.70262	0.05495	0.02603	0.01060	0.00337	0.00482	0.02362	0.00771	0.00675
91	0.02327	0.01647	0.01838	0.01555	0.02027	0.01785	0.01234	0.17964	0.27411	0.11175	0.15491	0.03426	0.03262	0.01193	0.00858	0.00264	0.00662	0.00988	0.03673	0.01223
92	0.01968	0.02450	0.15403	0.04338	0.44392	0.01986	0.12099	0.02582	0.01877	0.02690	0.01568	0.02029	0.01258	0.00743	0.00841	0.00255	0.01097	0.00754	0.00401	0.01269
93	0.02066	0.05319	0.13928	0.06724	0.26389	0.10280	0.11471	0.02598	0.01856	0.02477	0.01467	0.01920	0.01190	0.00831	0.01010	0.00261	0.07942	0.00717	0.00396	0.01158

[dist]
# distance from previous block
# <min> <max>
0	1

[block]
# block no. 3 follows, 22 sequences, length 26
# corresponding to MSA columns:
# 222-247
name=unknown_D
#
# <colnr> <probs for GDERKNQSTAVLIFYWHMCP>
#	G	D	E	R	K	N	Q	S	T	A	V	L	I	F	Y	W	H	M	C	P
0	0.02891	0.20196	0.02836	0.01967	0.02463	0.51995	0.01561	0.03117	0.02194	0.02014	0.01253	0.01458	0.01069	0.00821	0.00697	0.00205	0.01351	0.00513	0.00411	0.00988
1	0.02254	0.02084	0.01818	0.01556	0.01986	0.17004	0.01200	0.21288	0.02528	0.03102	0.03233	0.06737	0.14153	0.07461	0.04028	0.00337	0.00959	0.01000	0.00652	0.06621
2	0.02129	0.12236	0.37819	0.02399	0.07816	0.18785	0.02456	0.02782	0.01909	0.02402	0.01402	0.01660	0.01078	0.00793	0.00750	0.00239	0.01237	0.00583	0.00376	0.01147
3	0.02117	0.58739	0.16007	0.01599	0.02407	0.03033	0.01730	0.02514	0.01700	0.02081	0.01218	0.01412	0.01064	0.00725	0.00581	0.00194	0.00952	0.00476	0.00355	0.01096
4	0.01006	0.00746	0.00940	0.01095	0.01189	0.00680	0.00744	0.01164	0.01650	0.02145	0.05328	0.58109	0.17165	0.02505	0.01045	0.00326	0.00470	0.02243	0.00771	0.00680
5	0.02009	0.02140	0.06967	0.04546	0.48526	0.02017	0.13692	0.02553	0.01873	0.02672	0.01563	0.02065	0.01283	0.00763	0.00923	0.00258	0.03704	0.00778	0.00408	0.01259
6	0.02049	0.01993	0.03480	0.04987	0.61312	0.01983	0.06774	0.02557	0.01896	0.02710	0.01571	0.02069	0.01312	0.00737	0.00834	0.00249	0.01016	0.00757	0.00412	0.01302
7	0.01163	0.00868	0.01285	0.01311	0.01446	0.00989	0.01002	0.01439	0.01369	0.01954	0.02542	0.12280	0.02537	0.05742	0.58570	0.01201	0.01991	0.01088	0.00489	0.00733
8	0.01075	0.00923	0.00931	0.00915	0.01211	0.00819	0.00690	0.01469	0.07245	0.02350	0.07983	0.07574	0.59889	0.02020	0.00970	0.00281	0.00441	0.01683	0.00778	0.00754
9	0.02411	0.02806	0.02457	0.02162	0.02360	0.32521	0.01719	0.02608	0.01772	0.02015	0.01180	0.01670	0.01081	0.01178	0.01813	0.00294	0.37986	0.00638	0.00393	0.00934
10	0.01797	0.01480	0.01716	0.01298	0.01943	0.01219	0.01025	0.08790	0.01951	0.02919	0.01914	0.10140	0.01773	0.00901	0.00694	0.00163	0.00632	0.00750	0.00564	0.58330
11	0.01069	0.00792	0.01003	0.01094	0.01232	0.00726	0.00785	0.01305	0.01862	0.02478	0.20854	0.38483	0.17023	0.02259	0.01031	0.00310	0.00466	0.05708	0.00808	0.00713
12	0.01976	0.01185	0.01373	0.01204	0.01614	0.01120	0.00944	0.02652	0.14219	0.20369	0.11617	0.05426	0.29782	0.01574	0.00914	0.00272	0.00544	0.01314	0.00871	0.01027
13	0.00986	0.00826	0.00858	0.00884	0.01133	0.00698	0.00650	0.01187	0.01853	0.02228	0.07899	0.16374	0.57239	0.02171	0.00992	0.00288	0.00429	0.01835	0.00771	0.00698
14	0.02523	0.48283	0.03670	0.01667	0.02281	0.25227	0.01484	0.02771	0.01916	0.01981	0.01199	0.01389	0.01067	0.00760	0.00607	0.00190	0.01097	0.00475	0.00380	0.01031
15	0.01187	0.00890	0.01335	0.01335	0.01483	0.01038	0.01038	0.01483	0.01335	0.01928	0.02225	0.03264	0.02077	0.06231	0.67512	0.01335	0.02225	0.00890	0.00445	0.00742
16	0.00982	0.00842	0.00842	0.00842	0.01122	0.00701	0.00631	0.01192	0.01894	0.02244	0.08416	0.07995	0.65285	0.02104	0.00982	0.00281	0.00421	0.01753	0.00771	0.00701
17	0.01950	0.01969	0.02505	0.03382	0.35413	0.11854	0.01865	0.02424	0.05146	0.02494	0.02797	0.06539	0.10739	0.01457	0.05539	0.00330	0.01029	0.00959	0.00509	0.01099
18	0.02039	0.17661	0.22853	0.03286	0.29004	0.06419	0.02407	0.02610	0.01835	0.02482	0.01436	0.01773	0.01166	0.00756	0.00746	0.00235	0.01072	0.00625	0.00382	0.01213
19	0.01960	0.02097	0.02080	0.01882	0.02051	0.20079	0.01493	0.02190	0.01594	0.01985	0.01531	0.02221	0.01421	0.02915	0.24242	0.00653	0.27602	0.00729	0.00409	0.00867
20	0.02928	0.13039	0.02680	0.02198	0.05821	0.55276	0.01630	0.03164	0.02239	0.02058	0.01281	0.01505	0.01082	0.00830	0.00723	0.00211	0.01388	0.00533	0.00417	0.00996
21	0.01012	0.00723	0.00964	0.01157	0.01205	0.00675	0.00771	0.01157	0.01591	0.02121	0.04579	0.70262	0.05495	0.02603	0.01060	0.00337	0.00482	0.02362	0.00771	0.00675
22	0.01187	0.00890	0.01335	0.01335	0.01483	0.01038	0.01038	0.01483	0.01335	0.01928	0.02225	0.03264	0.02077	0.06231	0.67512	0.01335	0.02225	0.00890	0.00445	0.00742
23	0.02048	0.33244	0.09267	0.06726	0.20288	0.02591	0.06549	0.02483	0.01747	0.02289	0.01352	0.01716	0.01153	0.00771	0.00803	0.00228	0.04618	0.00614	0.00377	0.01137
24	0.02165	0.01972	0.01823	0.04503	0.02054	0.16576	0.01249	0.16325	0.02187	0.02766	0.01981	0.02859	0.01789	0.15518	0.13200	0.00542	0.04586	0.00815	0.06170	0.00922
25	0.02741	0.11566	0.02482	0.01912	0.02350	0.41844	0.01505	0.09497	0.02295	0.02418	0.01466	0.01738	0.01224	0.01231	0.05079	0.00291	0.04686	0.00591	0.04086	0.00999

[dist]
# distance from previous block
# <min> <max>
0	7

# created by:
# /home/cegg/simao/soft/augustus-3.2.1/scripts/msa2prfl.pl ./align_prep/11654.fa
