[name]
unknown

[dist]
# distance from previous block
# <min> <max>
2	49

[block]
# block no. 0 follows, 20 sequences, length 16
# corresponding to MSA columns:
# 50-65
name=unknown_A
#
# <colnr> <probs for GDERKNQSTAVLIFYWHMCP>
#	G	D	E	R	K	N	Q	S	T	A	V	L	I	F	Y	W	H	M	C	P
0	0.02648	0.03238	0.02047	0.01881	0.02280	0.47563	0.01410	0.02887	0.02373	0.02284	0.07629	0.03345	0.14425	0.01234	0.00855	0.00243	0.01253	0.00901	0.00562	0.00941
1	0.02260	0.18015	0.14652	0.05390	0.02804	0.15262	0.01817	0.03051	0.11588	0.02601	0.01755	0.01933	0.01395	0.00853	0.00741	0.00225	0.01057	0.00628	0.00495	0.13478
2	0.14430	0.08264	0.02713	0.02798	0.17952	0.34785	0.01803	0.03066	0.02138	0.02593	0.01390	0.01683	0.01160	0.00842	0.00749	0.00238	0.01245	0.00595	0.00454	0.01102
3	0.01258	0.00873	0.01087	0.01076	0.01143	0.00897	0.00701	0.01394	0.01490	0.02054	0.12334	0.05326	0.03756	0.44494	0.17671	0.00879	0.01111	0.01243	0.00584	0.00632
4	0.01974	0.01999	0.02470	0.01951	0.02574	0.11635	0.13370	0.02397	0.02009	0.02650	0.02548	0.03581	0.06239	0.01086	0.00860	0.00232	0.00972	0.09555	0.00555	0.31345
5	0.02571	0.02538	0.02044	0.01789	0.02220	0.23519	0.01357	0.16410	0.14332	0.03151	0.02747	0.03203	0.06609	0.12002	0.01427	0.00352	0.01057	0.00907	0.00673	0.01094
6	0.02787	0.17323	0.12871	0.02099	0.02761	0.31823	0.01896	0.11125	0.02413	0.02684	0.01451	0.01665	0.01171	0.00900	0.00835	0.00236	0.03749	0.00594	0.00477	0.01141
7	0.64237	0.01558	0.01255	0.01147	0.01626	0.01778	0.00925	0.02398	0.01584	0.03771	0.06991	0.06072	0.01896	0.01016	0.00619	0.00276	0.00641	0.00696	0.00594	0.00919
8	0.02893	0.03568	0.02437	0.12566	0.03163	0.52165	0.01771	0.03179	0.02298	0.02144	0.01434	0.01793	0.01187	0.01199	0.04307	0.00299	0.01549	0.00616	0.00441	0.00992
9	0.02009	0.02073	0.02782	0.44234	0.17312	0.12155	0.02357	0.02520	0.01910	0.02341	0.01537	0.02172	0.01201	0.00857	0.00857	0.00274	0.01202	0.00742	0.00406	0.01060
10	0.02008	0.02135	0.02584	0.52677	0.05265	0.16263	0.02257	0.02510	0.01907	0.02208	0.01505	0.02157	0.01154	0.00878	0.00853	0.00276	0.01255	0.00727	0.00401	0.00978
11	0.02084	0.01943	0.02635	0.13586	0.28120	0.07185	0.02001	0.09436	0.02309	0.03053	0.10638	0.03273	0.07809	0.01099	0.00897	0.00267	0.00955	0.00963	0.00584	0.01164
12	0.01964	0.18665	0.38793	0.02850	0.15719	0.02355	0.02723	0.02711	0.01856	0.02621	0.01502	0.01807	0.01165	0.00800	0.00776	0.00253	0.01158	0.00632	0.00382	0.01270
13	0.01418	0.01690	0.14286	0.01635	0.02064	0.01158	0.01608	0.01938	0.02076	0.02827	0.17400	0.07385	0.07976	0.01936	0.01079	0.00342	0.00796	0.30733	0.00750	0.00903
14	0.19023	0.02734	0.01970	0.01830	0.02267	0.31030	0.01445	0.06580	0.05363	0.02919	0.02147	0.03347	0.01982	0.01212	0.00827	0.00277	0.01130	0.12323	0.00591	0.01002
15	0.02983	0.23725	0.03097	0.02022	0.02560	0.47264	0.01628	0.03224	0.02264	0.02110	0.01308	0.01521	0.01122	0.00853	0.00719	0.00213	0.01382	0.00533	0.00427	0.01043

[dist]
# distance from previous block
# <min> <max>
0	1

[block]
# block no. 1 follows, 20 sequences, length 8
# corresponding to MSA columns:
# 67-74
name=unknown_B
#
# <colnr> <probs for GDERKNQSTAVLIFYWHMCP>
#	G	D	E	R	K	N	Q	S	T	A	V	L	I	F	Y	W	H	M	C	P
0	0.01809	0.04156	0.55884	0.02905	0.12548	0.02033	0.03143	0.02750	0.01863	0.02775	0.01576	0.01888	0.01145	0.00821	0.00834	0.00274	0.01252	0.00664	0.00378	0.01303
1	0.02010	0.01800	0.02315	0.02775	0.21441	0.01943	0.01689	0.03557	0.35133	0.03221	0.03677	0.03616	0.10613	0.01197	0.00900	0.00284	0.00765	0.01038	0.00734	0.01293
2	0.01565	0.00996	0.01212	0.01198	0.01504	0.00889	0.00961	0.01860	0.02091	0.11578	0.11412	0.11011	0.32135	0.02086	0.01056	0.00319	0.00577	0.15820	0.00860	0.00868
3	0.01296	0.00989	0.01423	0.01396	0.01517	0.01164	0.01063	0.01552	0.01377	0.01980	0.02315	0.03665	0.02258	0.15675	0.52185	0.01246	0.06702	0.00973	0.00471	0.00753
4	0.37049	0.15404	0.02349	0.01536	0.02135	0.11159	0.01294	0.14314	0.02196	0.03623	0.01407	0.01570	0.01110	0.00857	0.00644	0.00246	0.00905	0.00546	0.00561	0.01095
5	0.01248	0.00927	0.01364	0.01364	0.01507	0.01070	0.01043	0.01533	0.01391	0.01997	0.02371	0.03619	0.02264	0.11833	0.60711	0.01355	0.02211	0.00963	0.00472	0.00758
6	0.03063	0.03043	0.02744	0.02767	0.14869	0.27379	0.01871	0.26810	0.03041	0.03650	0.01711	0.01902	0.01322	0.00935	0.00837	0.00247	0.01216	0.00696	0.00619	0.01278
7	0.02586	0.02715	0.02497	0.06694	0.14600	0.27431	0.01864	0.11307	0.02478	0.02864	0.02176	0.03452	0.02003	0.01196	0.00902	0.00276	0.01201	0.12073	0.00574	0.01108

[dist]
# distance from previous block
# <min> <max>
0	16

[block]
# block no. 2 follows, 20 sequences, length 16
# corresponding to MSA columns:
# 91-106
name=unknown_C
#
# <colnr> <probs for GDERKNQSTAVLIFYWHMCP>
#	G	D	E	R	K	N	Q	S	T	A	V	L	I	F	Y	W	H	M	C	P
0	0.01961	0.01859	0.03073	0.20463	0.42666	0.01961	0.02429	0.02566	0.04684	0.02700	0.02150	0.02636	0.05226	0.00908	0.00877	0.00271	0.01016	0.00852	0.00465	0.01238
1	0.01828	0.18003	0.22022	0.01695	0.02423	0.09855	0.01782	0.02312	0.01954	0.02388	0.03897	0.03906	0.22053	0.01282	0.00831	0.00256	0.00960	0.00995	0.00528	0.01031
2	0.01110	0.00909	0.00987	0.01033	0.01270	0.00817	0.00749	0.01450	0.05621	0.02399	0.07362	0.25285	0.43326	0.02295	0.01046	0.00312	0.00475	0.01970	0.00815	0.00768
3	0.06886	0.18841	0.33280	0.02126	0.03057	0.16747	0.02345	0.02879	0.01946	0.02535	0.01415	0.01655	0.01102	0.00825	0.00741	0.00244	0.01235	0.00575	0.00399	0.01167
4	0.02030	0.01941	0.03308	0.20903	0.49359	0.02039	0.02613	0.02564	0.01925	0.02694	0.01618	0.02201	0.01327	0.00801	0.00866	0.00267	0.01068	0.00777	0.00421	0.01278
5	0.01927	0.03421	0.38290	0.02810	0.13940	0.02070	0.02664	0.03218	0.17062	0.03000	0.02077	0.02252	0.01545	0.00909	0.00850	0.00278	0.01094	0.00754	0.00510	0.01328
6	0.03025	0.03655	0.02516	0.02240	0.02626	0.50772	0.01723	0.06879	0.02376	0.02341	0.01360	0.01665	0.01150	0.01018	0.01156	0.00255	0.13138	0.00611	0.00464	0.01031
7	0.01441	0.01069	0.01407	0.01559	0.01770	0.01097	0.01298	0.02055	0.09454	0.02672	0.04519	0.19354	0.04858	0.02314	0.01149	0.00380	0.00737	0.41194	0.00815	0.00858
8	0.01052	0.00840	0.00943	0.01010	0.01215	0.00731	0.00722	0.01259	0.01901	0.02368	0.10177	0.29444	0.40530	0.02371	0.01060	0.00314	0.00463	0.02051	0.00817	0.00731
9	0.02435	0.02596	0.03272	0.04574	0.48527	0.18092	0.02428	0.02880	0.02108	0.02670	0.01567	0.02012	0.01317	0.00808	0.00844	0.00250	0.01171	0.00723	0.00436	0.01289
10	0.02857	0.03416	0.02516	0.18564	0.03529	0.46606	0.01869	0.06067	0.02371	0.02328	0.01437	0.01788	0.01152	0.00900	0.00812	0.00243	0.01439	0.00627	0.00455	0.01024
11	0.02326	0.14220	0.03588	0.04290	0.45475	0.10249	0.02346	0.02766	0.02009	0.02621	0.01529	0.01953	0.01304	0.00787	0.00801	0.00242	0.01085	0.00696	0.00424	0.01290
12	0.01354	0.01036	0.01263	0.01232	0.01459	0.01031	0.00911	0.02063	0.12777	0.03209	0.38292	0.19085	0.09118	0.01896	0.01022	0.00296	0.00482	0.01674	0.00909	0.00893
13	0.01290	0.00982	0.01414	0.01391	0.01514	0.01152	0.01058	0.01549	0.01378	0.01981	0.02323	0.03668	0.02262	0.15458	0.52967	0.01257	0.06159	0.00973	0.00471	0.00753
14	0.03258	0.04157	0.02472	0.02247	0.02697	0.65843	0.01685	0.03483	0.02472	0.02135	0.01348	0.01573	0.01124	0.00899	0.00787	0.00225	0.01573	0.00562	0.00449	0.01011
15	0.03101	0.03881	0.02556	0.05615	0.07267	0.58157	0.01792	0.03364	0.02402	0.02191	0.01379	0.01652	0.01144	0.00889	0.00796	0.00230	0.01515	0.00588	0.00445	0.01036

[dist]
# distance from previous block
# <min> <max>
0	8

[block]
# block no. 3 follows, 20 sequences, length 13
# corresponding to MSA columns:
# 115-127
name=unknown_D
#
# <colnr> <probs for GDERKNQSTAVLIFYWHMCP>
#	G	D	E	R	K	N	Q	S	T	A	V	L	I	F	Y	W	H	M	C	P
0	0.15896	0.02461	0.02176	0.01800	0.02378	0.13847	0.01443	0.30962	0.08471	0.04223	0.02395	0.02415	0.05675	0.01070	0.00810	0.00262	0.00961	0.00779	0.00734	0.01241
1	0.06515	0.19334	0.02937	0.01975	0.02541	0.37324	0.01599	0.12939	0.02534	0.02768	0.01436	0.01612	0.01175	0.00883	0.00735	0.00224	0.01275	0.00573	0.00507	0.01113
2	0.01136	0.00805	0.01009	0.01142	0.01204	0.00764	0.00756	0.01265	0.01601	0.02111	0.04512	0.44196	0.08973	0.20811	0.02018	0.00487	0.00611	0.05199	0.00733	0.00667
3	0.02358	0.02451	0.03347	0.04790	0.52795	0.13646	0.02497	0.02823	0.02074	0.02720	0.01588	0.02053	0.01335	0.00799	0.00850	0.00253	0.01134	0.00738	0.00435	0.01314
4	0.02159	0.02073	0.03541	0.05354	0.63903	0.02073	0.02677	0.02677	0.01986	0.02850	0.01641	0.02159	0.01382	0.00777	0.00864	0.00259	0.01036	0.00777	0.00432	0.01382
5	0.02357	0.02160	0.03499	0.04630	0.48464	0.02195	0.06942	0.13067	0.02368	0.03317	0.01731	0.02162	0.01395	0.00822	0.00878	0.00262	0.01056	0.00798	0.00511	0.01384
6	0.02189	0.01925	0.01553	0.01401	0.01804	0.19404	0.01072	0.02440	0.02239	0.13409	0.08243	0.05397	0.32284	0.01615	0.00934	0.00269	0.00817	0.01293	0.00762	0.00952
7	0.01391	0.01148	0.01680	0.01596	0.01718	0.01437	0.01269	0.01676	0.01387	0.02041	0.02076	0.03094	0.01954	0.05444	0.52092	0.01179	0.16655	0.00897	0.00449	0.00817
8	0.01246	0.00935	0.01402	0.01402	0.01558	0.01090	0.01090	0.01558	0.01402	0.02025	0.02336	0.03427	0.02181	0.06542	0.65888	0.01402	0.02336	0.00935	0.00467	0.00779
9	0.02331	0.39534	0.21380	0.01910	0.02758	0.14151	0.02020	0.02810	0.01917	0.02269	0.01337	0.01556	0.01116	0.00797	0.00677	0.00219	0.01148	0.00534	0.00385	0.01149
10	0.02365	0.02139	0.03376	0.04758	0.53009	0.02185	0.02496	0.13058	0.02363	0.03321	0.01721	0.02147	0.01400	0.00825	0.00865	0.00260	0.01023	0.00779	0.00510	0.01400
11	0.01437	0.01198	0.01544	0.01461	0.01714	0.01220	0.01148	0.01700	0.01734	0.02421	0.03826	0.25043	0.09986	0.01944	0.01336	0.00312	0.12786	0.11559	0.00667	0.16964
12	0.09914	0.03772	0.02376	0.02124	0.02604	0.54151	0.01615	0.08692	0.02531	0.02608	0.01405	0.01607	0.01140	0.00904	0.00772	0.00232	0.01434	0.00574	0.00497	0.01049

[dist]
# distance from previous block
# <min> <max>
2	15

[block]
# block no. 4 follows, 20 sequences, length 10
# corresponding to MSA columns:
# 143-152
name=unknown_E
#
# <colnr> <probs for GDERKNQSTAVLIFYWHMCP>
#	G	D	E	R	K	N	Q	S	T	A	V	L	I	F	Y	W	H	M	C	P
0	0.02207	0.14301	0.40446	0.02277	0.03279	0.17874	0.02585	0.02916	0.01986	0.02501	0.01459	0.01709	0.01112	0.00833	0.00778	0.00250	0.01305	0.00597	0.00389	0.01195
1	0.02046	0.02706	0.18758	0.04437	0.41599	0.02078	0.10222	0.02713	0.01960	0.02821	0.01638	0.02106	0.01306	0.00784	0.00876	0.00268	0.01154	0.00777	0.00417	0.01333
2	0.08148	0.08099	0.29500	0.01997	0.02770	0.12157	0.02135	0.02555	0.01800	0.02526	0.01664	0.02119	0.01359	0.02232	0.16715	0.00537	0.01513	0.00675	0.00420	0.01078
3	0.06486	0.01060	0.01397	0.01303	0.01539	0.01121	0.00978	0.02039	0.01573	0.13372	0.02565	0.03773	0.02340	0.20545	0.34914	0.00989	0.01577	0.00976	0.00598	0.00856
4	0.01359	0.00957	0.01207	0.01237	0.01490	0.00883	0.01005	0.01706	0.02159	0.05673	0.23019	0.08113	0.23502	0.02104	0.01086	0.00326	0.00577	0.21913	0.00864	0.00821
5	0.02442	0.02163	0.03315	0.04534	0.48912	0.02227	0.02427	0.16963	0.02504	0.03498	0.01752	0.02143	0.01407	0.00843	0.00866	0.00260	0.01018	0.00779	0.00540	0.01407
6	0.02043	0.01891	0.03077	0.02461	0.07271	0.01758	0.21655	0.11208	0.02331	0.03265	0.08407	0.02932	0.05755	0.00955	0.00889	0.00239	0.00968	0.00938	0.00601	0.21356
7	0.02046	0.01938	0.03161	0.04648	0.53189	0.01944	0.02381	0.02672	0.06265	0.02857	0.02504	0.02867	0.07760	0.00951	0.00882	0.00265	0.00952	0.00900	0.00502	0.01316
8	0.03122	0.13989	0.02797	0.02119	0.02628	0.52812	0.01655	0.06633	0.02459	0.02314	0.01370	0.01577	0.01143	0.00884	0.00757	0.00221	0.01441	0.00560	0.00462	0.01055
9	0.02288	0.12124	0.02419	0.01758	0.02268	0.02324	0.01444	0.08110	0.39566	0.05865	0.03018	0.03197	0.02381	0.01195	0.00964	0.00287	0.04432	0.04281	0.00784	0.01295

[dist]
# distance from previous block
# <min> <max>
7	13

[block]
# block no. 5 follows, 20 sequences, length 7
# corresponding to MSA columns:
# 166-172
name=unknown_F
#
# <colnr> <probs for GDERKNQSTAVLIFYWHMCP>
#	G	D	E	R	K	N	Q	S	T	A	V	L	I	F	Y	W	H	M	C	P
0	0.02304	0.02578	0.06485	0.03906	0.37619	0.16174	0.02246	0.02922	0.06958	0.02717	0.02215	0.02523	0.05642	0.00937	0.00858	0.00258	0.01102	0.00811	0.00495	0.01250
1	0.01640	0.01513	0.01716	0.01741	0.05050	0.09759	0.01238	0.01876	0.01540	0.02027	0.02113	0.03388	0.02074	0.17249	0.34499	0.00959	0.09417	0.00923	0.00465	0.00813
2	0.24668	0.01111	0.01056	0.01013	0.01183	0.01196	0.00660	0.01677	0.01337	0.02392	0.02265	0.04356	0.02469	0.47742	0.03210	0.00664	0.00792	0.01018	0.00532	0.00660
3	0.02332	0.69869	0.04571	0.01493	0.02239	0.03451	0.01493	0.02612	0.01772	0.02052	0.01213	0.01399	0.01119	0.00746	0.00560	0.00187	0.00933	0.00466	0.00373	0.01119
4	0.02664	0.29673	0.10004	0.01953	0.02611	0.24031	0.01784	0.09307	0.02245	0.02537	0.01389	0.01610	0.01161	0.00883	0.00828	0.00228	0.04939	0.00569	0.00453	0.01132
5	0.02459	0.02731	0.01961	0.01793	0.02193	0.34049	0.01379	0.09092	0.02423	0.02584	0.03468	0.03931	0.15934	0.01779	0.06138	0.00352	0.01252	0.04910	0.00606	0.00967
6	0.02838	0.03515	0.02184	0.01998	0.02409	0.53060	0.01498	0.03078	0.02418	0.02276	0.07474	0.02753	0.08672	0.01120	0.00834	0.00237	0.01348	0.00791	0.00533	0.00965

[dist]
# distance from previous block
# <min> <max>
0	1

[block]
# block no. 6 follows, 20 sequences, length 21
# corresponding to MSA columns:
# 175-195
name=unknown_G
#
# <colnr> <probs for GDERKNQSTAVLIFYWHMCP>
#	G	D	E	R	K	N	Q	S	T	A	V	L	I	F	Y	W	H	M	C	P
0	0.22243	0.01645	0.06054	0.01368	0.01879	0.01535	0.01173	0.02843	0.13941	0.11349	0.12358	0.03995	0.13650	0.01310	0.00832	0.00281	0.00652	0.01043	0.00776	0.01072
1	0.02110	0.02023	0.03452	0.11262	0.58377	0.02060	0.02653	0.02634	0.01963	0.02790	0.01632	0.02175	0.01361	0.00786	0.00864	0.00262	0.01048	0.00777	0.00428	0.01342
2	0.02332	0.69869	0.04571	0.01493	0.02239	0.03451	0.01493	0.02612	0.01772	0.02052	0.01213	0.01399	0.01119	0.00746	0.00560	0.00187	0.00933	0.00466	0.00373	0.01119
3	0.01788	0.01694	0.02871	0.50187	0.21966	0.01975	0.02493	0.02352	0.01811	0.02400	0.01575	0.02280	0.01223	0.00846	0.00870	0.00282	0.01128	0.00776	0.00400	0.01083
4	0.02656	0.02012	0.02193	0.01736	0.02334	0.02128	0.01388	0.37441	0.08908	0.04382	0.02367	0.06780	0.01967	0.06075	0.01111	0.00291	0.00843	0.00905	0.00785	0.13697
5	0.02246	0.02268	0.03555	0.04980	0.54815	0.07507	0.06389	0.02753	0.02032	0.02785	0.01624	0.02122	0.01356	0.00785	0.00868	0.00258	0.01110	0.00775	0.00434	0.01337
6	0.01241	0.00841	0.00952	0.00967	0.00986	0.00830	0.00556	0.01264	0.01336	0.01765	0.03219	0.10442	0.06542	0.60957	0.04018	0.00781	0.00800	0.01387	0.00564	0.00553
7	0.01694	0.01598	0.02701	0.61550	0.11338	0.01950	0.02446	0.02270	0.01766	0.02286	0.01559	0.02310	0.01183	0.00863	0.00871	0.00288	0.01151	0.00775	0.00392	0.01007
8	0.01788	0.01694	0.02871	0.50187	0.21966	0.01975	0.02493	0.02352	0.01811	0.02400	0.01575	0.02280	0.01223	0.00846	0.00870	0.00282	0.01128	0.00776	0.00400	0.01083
9	0.01042	0.00839	0.00930	0.01002	0.01209	0.00726	0.00715	0.01238	0.01874	0.02310	0.07393	0.30036	0.42840	0.02397	0.01060	0.00316	0.00465	0.02070	0.00810	0.00726
10	0.35391	0.02232	0.18241	0.01574	0.02208	0.01736	0.01592	0.02340	0.01557	0.03086	0.01617	0.02084	0.01328	0.02395	0.18630	0.00584	0.01296	0.00646	0.00474	0.00991
11	0.01831	0.01801	0.03105	0.02463	0.02914	0.01985	0.23010	0.02657	0.12469	0.02608	0.02121	0.02720	0.01760	0.02534	0.18891	0.00610	0.13994	0.00946	0.00517	0.01064
12	0.01320	0.00960	0.01265	0.01238	0.01313	0.01083	0.00875	0.01485	0.01354	0.01930	0.02458	0.04345	0.02557	0.34453	0.30708	0.01026	0.06342	0.01069	0.03539	0.00679
13	0.03157	0.03965	0.02570	0.02533	0.08331	0.59972	0.01777	0.03409	0.02427	0.02201	0.01375	0.01627	0.01147	0.00888	0.00794	0.00228	0.01524	0.00582	0.00448	0.01045
14	0.01750	0.04512	0.64825	0.02486	0.03775	0.02026	0.03223	0.02762	0.01842	0.02762	0.01565	0.01842	0.01105	0.00829	0.00829	0.00276	0.01289	0.00645	0.00368	0.01289
15	0.02241	0.28502	0.31387	0.02047	0.03014	0.06504	0.02304	0.09581	0.02119	0.02782	0.01483	0.01691	0.01156	0.00828	0.00731	0.00238	0.01136	0.00590	0.00434	0.01232
16	0.03094	0.15850	0.02845	0.02113	0.02615	0.54741	0.01651	0.03328	0.02347	0.02120	0.01324	0.01542	0.01123	0.00872	0.00746	0.00218	0.01459	0.00545	0.00436	0.01030
17	0.02974	0.03284	0.02883	0.02911	0.15080	0.36478	0.05576	0.14756	0.02674	0.02990	0.01582	0.01843	0.01260	0.00894	0.00834	0.00243	0.01337	0.00679	0.00530	0.01190
18	0.01453	0.01321	0.01595	0.02032	0.13308	0.06515	0.01214	0.01693	0.01855	0.02361	0.04627	0.39619	0.14819	0.02111	0.01023	0.00314	0.00686	0.01878	0.00707	0.00868
19	0.03022	0.03208	0.02736	0.03006	0.19212	0.37289	0.01917	0.08625	0.02493	0.07944	0.01674	0.01898	0.01315	0.00895	0.00823	0.00241	0.01301	0.00667	0.00537	0.01195
20	0.10664	0.07845	0.02184	0.01700	0.02230	0.13199	0.01400	0.08442	0.08706	0.19546	0.02732	0.03530	0.02231	0.01222	0.00854	0.00279	0.00923	0.10363	0.00765	0.01186

[dist]
# distance from previous block
# <min> <max>
0	3

[block]
# block no. 7 follows, 20 sequences, length 9
# corresponding to MSA columns:
# 199-207
name=unknown_H
#
# <colnr> <probs for GDERKNQSTAVLIFYWHMCP>
#	G	D	E	R	K	N	Q	S	T	A	V	L	I	F	Y	W	H	M	C	P
0	0.01774	0.01738	0.01709	0.01771	0.05639	0.16122	0.01235	0.02026	0.01664	0.02047	0.02132	0.03297	0.02050	0.15321	0.36486	0.00965	0.01830	0.00894	0.00471	0.00829
1	0.09014	0.17886	0.02704	0.01754	0.02323	0.16763	0.01453	0.18439	0.08084	0.03445	0.08165	0.02325	0.02082	0.01014	0.00771	0.00241	0.00985	0.00736	0.00645	0.01170
2	0.13388	0.43856	0.09074	0.01620	0.02341	0.09533	0.01578	0.02802	0.04587	0.02477	0.01366	0.01544	0.01163	0.00799	0.00619	0.00216	0.00981	0.00517	0.00429	0.01109
3	0.15969	0.01383	0.01649	0.12236	0.02399	0.01464	0.01235	0.08355	0.02278	0.10633	0.21454	0.04188	0.10704	0.01336	0.00876	0.00277	0.00686	0.01099	0.00772	0.01007
4	0.18030	0.14146	0.02473	0.01772	0.02291	0.31069	0.01422	0.07972	0.02290	0.02901	0.06687	0.01980	0.01726	0.00944	0.00725	0.00235	0.01126	0.00634	0.00536	0.01040
5	0.02197	0.10510	0.02368	0.02213	0.12301	0.24730	0.01482	0.02496	0.02186	0.02441	0.09714	0.03869	0.17512	0.01280	0.00859	0.00248	0.01004	0.01012	0.00581	0.00998
6	0.03190	0.02376	0.02301	0.01859	0.02454	0.13503	0.01493	0.30071	0.06616	0.17407	0.07651	0.02639	0.02217	0.01099	0.00873	0.00260	0.00960	0.00845	0.00850	0.01336
7	0.05708	0.02310	0.02041	0.02236	0.12279	0.24122	0.01474	0.02573	0.02261	0.05064	0.16085	0.04077	0.10432	0.01316	0.00897	0.00263	0.00978	0.04233	0.00649	0.01002
8	0.03291	0.14207	0.02709	0.01909	0.02491	0.32337	0.01539	0.08267	0.02496	0.19737	0.01969	0.01975	0.01440	0.00936	0.00781	0.00234	0.01185	0.00652	0.00647	0.01200

[dist]
# distance from previous block
# <min> <max>
31	75

[block]
# block no. 8 follows, 20 sequences, length 7
# corresponding to MSA columns:
# 314-320
name=unknown_I
#
# <colnr> <probs for GDERKNQSTAVLIFYWHMCP>
#	G	D	E	R	K	N	Q	S	T	A	V	L	I	F	Y	W	H	M	C	P
0	0.12444	0.01327	0.01740	0.02146	0.16854	0.01344	0.01319	0.02378	0.01950	0.07911	0.08472	0.03664	0.02695	0.01144	0.00782	0.00258	0.00666	0.06454	0.25427	0.01024
1	0.12501	0.02114	0.14111	0.01686	0.02236	0.01755	0.01582	0.16613	0.02208	0.03309	0.02246	0.03447	0.02037	0.11620	0.12709	0.00560	0.01193	0.06428	0.00600	0.01045
2	0.02639	0.02591	0.02312	0.02103	0.06883	0.22162	0.01555	0.17587	0.02636	0.03272	0.01933	0.02621	0.01660	0.01011	0.00819	0.00229	0.01064	0.06266	0.00608	0.20049
3	0.13270	0.03034	0.02270	0.02135	0.06642	0.34503	0.01546	0.07961	0.07355	0.02921	0.01617	0.01801	0.01293	0.00885	0.00756	0.00232	0.01179	0.00612	0.00540	0.09449
4	0.02532	0.29180	0.03081	0.01827	0.02343	0.28729	0.01555	0.02813	0.02108	0.02196	0.01939	0.03133	0.01889	0.01137	0.00780	0.00245	0.01172	0.11841	0.00489	0.01012
5	0.02254	0.02568	0.02340	0.02237	0.07341	0.27348	0.04963	0.02540	0.02101	0.02373	0.07594	0.03447	0.13952	0.01322	0.01262	0.00278	0.13589	0.00973	0.00545	0.00972
6	0.02311	0.02180	0.02667	0.07666	0.27936	0.13127	0.01926	0.02734	0.02092	0.07136	0.06115	0.02366	0.01849	0.00873	0.00820	0.00231	0.00998	0.00752	0.00533	0.15687

[dist]
# distance from previous block
# <min> <max>
24	82

[block]
# block no. 9 follows, 20 sequences, length 9
# corresponding to MSA columns:
# 405-413
name=unknown_J
#
# <colnr> <probs for GDERKNQSTAVLIFYWHMCP>
#	G	D	E	R	K	N	Q	S	T	A	V	L	I	F	Y	W	H	M	C	P
0	0.02548	0.02273	0.03478	0.02933	0.10143	0.02480	0.19218	0.26075	0.02736	0.03757	0.01766	0.02143	0.01361	0.01015	0.01294	0.00294	0.13751	0.00852	0.00602	0.01281
1	0.32002	0.09762	0.02423	0.11632	0.11673	0.07024	0.01613	0.09269	0.02001	0.03347	0.01436	0.01745	0.01135	0.00841	0.00694	0.00258	0.00928	0.00603	0.00514	0.01098
2	0.02019	0.01770	0.01798	0.01585	0.01968	0.08659	0.01247	0.09188	0.12019	0.05309	0.08592	0.07996	0.15849	0.01533	0.01148	0.00286	0.08374	0.03351	0.00741	0.06569
3	0.02409	0.02539	0.01858	0.01693	0.02033	0.32215	0.01258	0.02778	0.05175	0.06116	0.20614	0.03691	0.03643	0.08737	0.01273	0.00314	0.01051	0.00987	0.00670	0.00945
4	0.02091	0.01770	0.02493	0.21519	0.15016	0.01860	0.01921	0.14327	0.02317	0.03183	0.02029	0.02999	0.01735	0.01020	0.00863	0.00259	0.00953	0.07248	0.00569	0.15828
5	0.01867	0.01475	0.01522	0.01483	0.01781	0.10461	0.01192	0.02207	0.02159	0.09683	0.16500	0.06284	0.11128	0.02339	0.08180	0.00432	0.00955	0.18668	0.00779	0.00905
6	0.59319	0.01813	0.02015	0.01829	0.06724	0.02002	0.09819	0.02606	0.01606	0.03671	0.01327	0.01609	0.01033	0.00796	0.00635	0.00273	0.00818	0.00576	0.00517	0.01011
7	0.25398	0.01992	0.01961	0.02023	0.11063	0.08856	0.01370	0.02962	0.13637	0.03242	0.02134	0.02271	0.04077	0.00916	0.00723	0.00243	0.00814	0.00693	0.00589	0.15038
8	0.02142	0.02000	0.02028	0.02152	0.11057	0.13221	0.01439	0.03186	0.21870	0.05780	0.16711	0.03915	0.08240	0.01284	0.00908	0.00272	0.00821	0.01074	0.00760	0.01143

[dist]
# distance from previous block
# <min> <max>
6	20

[block]
# block no. 10 follows, 20 sequences, length 23
# corresponding to MSA columns:
# 434-456
name=unknown_K
#
# <colnr> <probs for GDERKNQSTAVLIFYWHMCP>
#	G	D	E	R	K	N	Q	S	T	A	V	L	I	F	Y	W	H	M	C	P
0	0.14068	0.01679	0.02145	0.02286	0.16145	0.01611	0.01465	0.07914	0.02149	0.12854	0.06144	0.05646	0.02092	0.00984	0.00784	0.00236	0.00761	0.00817	0.00665	0.19555
1	0.15640	0.01588	0.02517	0.02044	0.02582	0.01533	0.18763	0.02320	0.01880	0.05542	0.02737	0.12071	0.02680	0.01384	0.00935	0.00301	0.00918	0.14077	0.00625	0.09864
2	0.02607	0.01777	0.02087	0.01607	0.02244	0.01727	0.01306	0.19012	0.05675	0.15215	0.06447	0.02513	0.02053	0.00995	0.00917	0.00225	0.04532	0.00771	0.00764	0.27524
3	0.02163	0.01659	0.01841	0.01563	0.02069	0.01698	0.01281	0.25282	0.06218	0.03778	0.04201	0.05090	0.17060	0.01541	0.00946	0.00282	0.00753	0.11777	0.00803	0.09995
4	0.02262	0.01778	0.01971	0.01630	0.02179	0.01830	0.01283	0.22499	0.16405	0.03811	0.02804	0.14823	0.02512	0.01297	0.00866	0.00255	0.00736	0.01084	0.00777	0.19197
5	0.01250	0.00920	0.01325	0.01325	0.01455	0.01049	0.00995	0.01509	0.01379	0.01968	0.02406	0.03814	0.02349	0.17192	0.55468	0.01308	0.02084	0.00991	0.00478	0.00736
6	0.01476	0.01302	0.01991	0.01804	0.02023	0.01426	0.08415	0.01806	0.01852	0.02527	0.11183	0.17646	0.10076	0.01969	0.01507	0.00349	0.16059	0.15046	0.00684	0.00861
7	0.23658	0.01847	0.03147	0.02454	0.03079	0.01857	0.29457	0.02500	0.01877	0.03084	0.02255	0.03788	0.02057	0.01140	0.00925	0.00312	0.01082	0.13905	0.00553	0.01022
8	0.01647	0.01550	0.02616	0.67248	0.06008	0.01938	0.02422	0.02229	0.01744	0.02229	0.01550	0.02326	0.01163	0.00872	0.00872	0.00291	0.01163	0.00775	0.00388	0.00969
9	0.02332	0.69869	0.04571	0.01493	0.02239	0.03451	0.01493	0.02612	0.01772	0.02052	0.01213	0.01399	0.01119	0.00746	0.00560	0.00187	0.00933	0.00466	0.00373	0.01119
10	0.02117	0.02077	0.03167	0.04626	0.51913	0.06364	0.02401	0.02589	0.02021	0.02753	0.02270	0.02972	0.05713	0.00974	0.00889	0.00267	0.01021	0.04105	0.00479	0.01280
11	0.01489	0.01220	0.01354	0.01425	0.01662	0.05302	0.01145	0.05070	0.02117	0.02669	0.08354	0.19280	0.16784	0.02216	0.01096	0.00344	0.00714	0.26138	0.00795	0.00826
12	0.01738	0.01718	0.01707	0.01638	0.01853	0.15979	0.01265	0.02024	0.01644	0.02054	0.02054	0.02930	0.01889	0.05012	0.47989	0.01084	0.05280	0.00841	0.00459	0.00840
13	0.02407	0.01929	0.03176	0.02487	0.02874	0.02231	0.17279	0.02775	0.01792	0.16560	0.01834	0.02268	0.01424	0.01216	0.01925	0.00333	0.34941	0.00860	0.00557	0.01134
14	0.01807	0.01675	0.02653	0.37331	0.18976	0.01793	0.02166	0.02329	0.01817	0.02518	0.01572	0.02167	0.01245	0.00798	0.00818	0.00246	0.01014	0.00717	0.00428	0.17930
15	0.02765	0.03409	0.02132	0.01953	0.02359	0.50955	0.01465	0.03005	0.02401	0.02279	0.07528	0.02980	0.10880	0.01164	0.00842	0.00239	0.01312	0.00833	0.00544	0.00955
16	0.02085	0.01965	0.12838	0.01900	0.02491	0.01513	0.09582	0.05842	0.02284	0.14585	0.19486	0.04308	0.07682	0.01356	0.01068	0.00290	0.04489	0.04368	0.00756	0.01111
17	0.04725	0.01958	0.01772	0.04774	0.02128	0.15787	0.01254	0.11131	0.02215	0.02925	0.02609	0.02994	0.07215	0.02326	0.15674	0.00501	0.01259	0.00839	0.11813	0.06101
18	0.01895	0.17548	0.47394	0.02390	0.03533	0.02330	0.07921	0.02735	0.01847	0.02621	0.01512	0.01797	0.01127	0.00804	0.00792	0.00260	0.01233	0.00642	0.00376	0.01245
19	0.01580	0.01399	0.02276	0.01907	0.02272	0.01380	0.15739	0.06978	0.02115	0.02837	0.11373	0.25722	0.11306	0.01838	0.01141	0.00318	0.04091	0.04079	0.00722	0.00926
20	0.06947	0.03308	0.02674	0.02872	0.16769	0.39042	0.01870	0.11084	0.02528	0.02855	0.01510	0.01771	0.01222	0.00886	0.00803	0.00240	0.01317	0.00637	0.00508	0.01157
21	0.05444	0.08531	0.11680	0.01978	0.02654	0.18507	0.01773	0.22992	0.07697	0.03625	0.01884	0.02003	0.01426	0.00953	0.00793	0.00248	0.01098	0.00688	0.04785	0.01239
22	0.03051	0.03765	0.02673	0.02832	0.14217	0.53840	0.01872	0.03331	0.02380	0.02269	0.01403	0.01683	0.01172	0.00876	0.00801	0.00231	0.01472	0.00602	0.00446	0.01081

[dist]
# distance from previous block
# <min> <max>
2	53

[block]
# block no. 11 follows, 20 sequences, length 10
# corresponding to MSA columns:
# 510-519
name=unknown_L
#
# <colnr> <probs for GDERKNQSTAVLIFYWHMCP>
#	G	D	E	R	K	N	Q	S	T	A	V	L	I	F	Y	W	H	M	C	P
0	0.20538	0.03217	0.02212	0.05229	0.02622	0.39331	0.01541	0.10437	0.02403	0.02990	0.01420	0.01639	0.01128	0.00895	0.00742	0.00244	0.01259	0.00579	0.00521	0.01053
1	0.02221	0.01911	0.03190	0.04646	0.52277	0.01894	0.02428	0.02712	0.02030	0.07825	0.02104	0.03044	0.01833	0.00976	0.00901	0.00275	0.00988	0.06893	0.00524	0.01328
2	0.23484	0.37437	0.15249	0.01584	0.02375	0.02742	0.01667	0.02627	0.01702	0.02730	0.01281	0.01490	0.01066	0.00781	0.00606	0.00228	0.00927	0.00503	0.00421	0.01101
3	0.02371	0.02409	0.01891	0.01708	0.02096	0.25197	0.01295	0.15107	0.02600	0.03012	0.07562	0.15715	0.12376	0.01542	0.00922	0.00271	0.00982	0.01241	0.00701	0.01001
4	0.01481	0.01056	0.01303	0.01265	0.01407	0.01125	0.00887	0.08859	0.01739	0.02368	0.02933	0.16433	0.03159	0.29991	0.21223	0.00842	0.01229	0.01338	0.00607	0.00755
5	0.02461	0.02500	0.03171	0.04288	0.43770	0.14728	0.02332	0.07203	0.05734	0.02948	0.01727	0.02102	0.01412	0.00844	0.00850	0.00255	0.01117	0.00747	0.00494	0.01316
6	0.03190	0.03657	0.02580	0.02426	0.07175	0.48381	0.01752	0.15081	0.02767	0.02869	0.01521	0.01722	0.01215	0.00920	0.00810	0.00235	0.01409	0.00623	0.00534	0.01134
7	0.02286	0.64725	0.09314	0.01571	0.02360	0.03339	0.01629	0.02624	0.01778	0.02108	0.01240	0.01434	0.01118	0.00753	0.00581	0.00194	0.00961	0.00480	0.00373	0.01133
8	0.10265	0.08394	0.02206	0.01638	0.02194	0.02209	0.01337	0.18839	0.24867	0.06389	0.06153	0.03079	0.06427	0.01162	0.00832	0.00271	0.00754	0.00912	0.00803	0.01268
9	0.01480	0.01271	0.01832	0.01663	0.01991	0.01267	0.09438	0.02246	0.14177	0.02767	0.09494	0.24076	0.13780	0.01936	0.01047	0.00324	0.00699	0.08789	0.00785	0.00936

[dist]
# distance from previous block
# <min> <max>
3	6

[block]
# block no. 12 follows, 20 sequences, length 9
# corresponding to MSA columns:
# 526-534
name=unknown_M
#
# <colnr> <probs for GDERKNQSTAVLIFYWHMCP>
#	G	D	E	R	K	N	Q	S	T	A	V	L	I	F	Y	W	H	M	C	P
0	0.01191	0.00965	0.01473	0.01454	0.01639	0.00894	0.07365	0.01439	0.01808	0.02391	0.08225	0.48534	0.12220	0.02387	0.01093	0.00338	0.00610	0.04423	0.00778	0.00773
1	0.03020	0.03662	0.02310	0.02079	0.02531	0.53647	0.01571	0.07868	0.02550	0.02430	0.02227	0.02360	0.07974	0.01054	0.00820	0.00235	0.01400	0.00720	0.00523	0.01019
2	0.02253	0.12442	0.29534	0.02934	0.16572	0.16469	0.02533	0.02885	0.02005	0.02549	0.01487	0.01794	0.01172	0.00822	0.00792	0.00249	0.01250	0.00632	0.00401	0.01225
3	0.10971	0.18713	0.38646	0.02322	0.07869	0.02342	0.02510	0.02697	0.01793	0.02750	0.01449	0.01714	0.01110	0.00804	0.00735	0.00254	0.01114	0.00594	0.00395	0.01216
4	0.02219	0.11805	0.16729	0.02787	0.17659	0.16580	0.02118	0.02836	0.05443	0.02619	0.05740	0.02541	0.05322	0.00979	0.00820	0.00251	0.01110	0.00780	0.00493	0.01171
5	0.01433	0.01173	0.01091	0.01069	0.01149	0.07160	0.00658	0.01482	0.01474	0.01816	0.03360	0.05636	0.10387	0.54436	0.03665	0.00718	0.00867	0.01270	0.00555	0.00601
6	0.01312	0.00967	0.01147	0.01195	0.01402	0.00920	0.00890	0.06040	0.02064	0.02724	0.10641	0.31265	0.21713	0.02246	0.01047	0.00321	0.00542	0.08072	0.04690	0.00803
7	0.01870	0.03762	0.45435	0.03235	0.17091	0.02054	0.08786	0.02747	0.01895	0.02785	0.01602	0.01962	0.01187	0.00808	0.00856	0.00274	0.01251	0.00712	0.00389	0.01298
8	0.02809	0.03207	0.02750	0.02919	0.16109	0.36797	0.01937	0.07717	0.02318	0.02557	0.01441	0.01797	0.01213	0.00983	0.01137	0.00260	0.11801	0.00659	0.00469	0.01122

[dist]
# distance from previous block
# <min> <max>
0	1

[block]
# block no. 13 follows, 20 sequences, length 9
# corresponding to MSA columns:
# 536-544
name=unknown_N
#
# <colnr> <probs for GDERKNQSTAVLIFYWHMCP>
#	G	D	E	R	K	N	Q	S	T	A	V	L	I	F	Y	W	H	M	C	P
0	0.02824	0.03381	0.02898	0.06415	0.19244	0.42460	0.04956	0.03171	0.02285	0.02363	0.01457	0.01806	0.01204	0.00857	0.00824	0.00241	0.01404	0.00653	0.00441	0.01116
1	0.01440	0.01155	0.01671	0.02133	0.13525	0.01121	0.01426	0.01807	0.01991	0.02626	0.08364	0.14614	0.14075	0.02062	0.01090	0.00344	0.00732	0.28188	0.00743	0.00894
2	0.02562	0.02994	0.11986	0.02059	0.02650	0.23042	0.01833	0.15484	0.09098	0.03207	0.02407	0.03494	0.02111	0.01240	0.00903	0.00282	0.01154	0.11693	0.00643	0.01156
3	0.02426	0.40329	0.09854	0.02337	0.12110	0.15066	0.01882	0.02804	0.01947	0.02262	0.01340	0.01594	0.01160	0.00788	0.00677	0.00214	0.01106	0.00551	0.00396	0.01156
4	0.07012	0.15680	0.02785	0.02210	0.08261	0.26362	0.01634	0.02753	0.02052	0.02450	0.08465	0.02209	0.01959	0.01052	0.01087	0.00254	0.11547	0.00707	0.00487	0.01033
5	0.04924	0.34714	0.03427	0.08758	0.02691	0.02585	0.04941	0.02652	0.06066	0.04960	0.04282	0.02526	0.01819	0.00992	0.00851	0.00244	0.04762	0.04221	0.00506	0.04077
6	0.05982	0.01628	0.01472	0.01405	0.01731	0.13406	0.01095	0.02214	0.02189	0.08708	0.17225	0.09744	0.17463	0.01743	0.00974	0.00294	0.00756	0.10288	0.00783	0.00901
7	0.13776	0.02209	0.04731	0.01662	0.02292	0.13881	0.01378	0.03599	0.08698	0.27365	0.02428	0.02323	0.01692	0.00956	0.00783	0.00248	0.00899	0.00718	0.00764	0.09598
8	0.02529	0.02475	0.02002	0.01807	0.02221	0.24865	0.01374	0.09866	0.15348	0.06460	0.08588	0.13049	0.02968	0.01359	0.00898	0.00272	0.00988	0.01094	0.00733	0.01105

[dist]
# distance from previous block
# <min> <max>
12	68

[block]
# block no. 14 follows, 20 sequences, length 6
# corresponding to MSA columns:
# 626-631
name=unknown_O
#
# <colnr> <probs for GDERKNQSTAVLIFYWHMCP>
#	G	D	E	R	K	N	Q	S	T	A	V	L	I	F	Y	W	H	M	C	P
0	0.15689	0.24653	0.25390	0.01892	0.02755	0.11342	0.02042	0.02779	0.01842	0.02662	0.01359	0.01586	0.01083	0.00809	0.00685	0.00239	0.01103	0.00545	0.00413	0.01133
1	0.02025	0.30722	0.25993	0.02034	0.02808	0.02757	0.02215	0.02550	0.01698	0.02320	0.01325	0.01675	0.01120	0.00954	0.01181	0.00263	0.16245	0.00599	0.00373	0.01143
2	0.06816	0.10732	0.42798	0.02143	0.03197	0.02117	0.02545	0.03042	0.07425	0.08513	0.01860	0.02001	0.01336	0.00874	0.00791	0.00268	0.01106	0.00667	0.00493	0.01275
3	0.01708	0.01626	0.02837	0.51299	0.10114	0.01903	0.07908	0.02286	0.01813	0.02361	0.01813	0.02890	0.01491	0.00969	0.00912	0.00297	0.01155	0.05183	0.00428	0.01009
4	0.02216	0.05064	0.01926	0.01582	0.01967	0.11297	0.01253	0.02899	0.13217	0.12241	0.13888	0.04195	0.14067	0.01430	0.01130	0.00282	0.08400	0.01110	0.00767	0.01069
5	0.15925	0.02356	0.01970	0.01662	0.02227	0.17946	0.01300	0.11164	0.09490	0.03300	0.01932	0.05536	0.01621	0.00975	0.00748	0.00230	0.00927	0.00721	0.00615	0.19354

[dist]
# distance from previous block
# <min> <max>
0	6

[block]
# block no. 15 follows, 20 sequences, length 8
# corresponding to MSA columns:
# 638-645
name=unknown_P
#
# <colnr> <probs for GDERKNQSTAVLIFYWHMCP>
#	G	D	E	R	K	N	Q	S	T	A	V	L	I	F	Y	W	H	M	C	P
0	0.01911	0.01911	0.02523	0.02112	0.02499	0.12188	0.14162	0.05783	0.01882	0.02424	0.01978	0.02735	0.01729	0.03782	0.34167	0.00850	0.05052	0.00876	0.00479	0.00954
1	0.02140	0.02273	0.02372	0.02036	0.02282	0.16545	0.01640	0.02382	0.01678	0.02227	0.01361	0.01945	0.01253	0.01664	0.07396	0.00391	0.35869	0.00691	0.00427	0.13429
2	0.02559	0.03129	0.01973	0.01819	0.02220	0.45387	0.01364	0.02782	0.02320	0.02204	0.03701	0.03716	0.20737	0.01311	0.00863	0.00247	0.01218	0.00964	0.00563	0.00925
3	0.15122	0.01597	0.01729	0.01457	0.01958	0.01675	0.01154	0.11750	0.12288	0.03421	0.05025	0.02710	0.02060	0.04826	0.12863	0.00474	0.01016	0.00789	0.00652	0.17435
4	0.15118	0.03040	0.02039	0.01836	0.02270	0.39445	0.01400	0.06309	0.02398	0.02880	0.12774	0.02485	0.02419	0.01055	0.00794	0.00244	0.01172	0.00746	0.00583	0.00993
5	0.01589	0.01521	0.01383	0.01386	0.01664	0.12789	0.01098	0.01902	0.02180	0.02620	0.17270	0.07180	0.24005	0.01940	0.01036	0.00309	0.00748	0.17784	0.00772	0.00824
6	0.02199	0.01993	0.03026	0.17527	0.29786	0.02261	0.02309	0.12345	0.02173	0.03027	0.01607	0.02138	0.01308	0.00981	0.01234	0.00289	0.13304	0.00776	0.00488	0.01232
7	0.02012	0.08843	0.02785	0.48751	0.05024	0.13826	0.02194	0.02497	0.01881	0.02194	0.01480	0.02095	0.01151	0.00864	0.00825	0.00268	0.01215	0.00705	0.00398	0.00992

[dist]
# distance from previous block
# <min> <max>
13	23

[block]
# block no. 16 follows, 20 sequences, length 14
# corresponding to MSA columns:
# 677-690
name=unknown_Q
#
# <colnr> <probs for GDERKNQSTAVLIFYWHMCP>
#	G	D	E	R	K	N	Q	S	T	A	V	L	I	F	Y	W	H	M	C	P
0	0.14506	0.01818	0.06924	0.01488	0.01890	0.10081	0.01300	0.02097	0.01974	0.02769	0.07895	0.08941	0.15966	0.01720	0.00946	0.00311	0.00814	0.16997	0.00682	0.00881
1	0.02570	0.02110	0.01968	0.01615	0.02177	0.14962	0.01262	0.12882	0.02428	0.11581	0.02308	0.09573	0.01970	0.01086	0.00797	0.00222	0.00878	0.00861	0.05238	0.23511
2	0.02043	0.02153	0.02569	0.02048	0.02598	0.14993	0.13724	0.02414	0.01944	0.02525	0.02093	0.13558	0.02034	0.01142	0.00990	0.00240	0.05604	0.00993	0.00529	0.25804
3	0.02892	0.03232	0.02553	0.02217	0.02585	0.37227	0.01743	0.13127	0.02439	0.02711	0.01422	0.01757	0.01192	0.01100	0.01380	0.00275	0.19908	0.00657	0.00504	0.01078
4	0.02247	0.02356	0.03124	0.03860	0.33558	0.15297	0.08762	0.02708	0.02100	0.02652	0.02113	0.03397	0.01955	0.01083	0.00925	0.00281	0.01157	0.10745	0.00501	0.01180
5	0.02609	0.03091	0.02260	0.02263	0.07325	0.42644	0.01600	0.02881	0.02134	0.02162	0.01647	0.02137	0.01439	0.02462	0.18936	0.00556	0.01742	0.00683	0.00453	0.00976
6	0.09912	0.05974	0.01558	0.01243	0.01600	0.01290	0.00976	0.02331	0.07438	0.11081	0.27848	0.12000	0.10208	0.01603	0.00920	0.00280	0.00558	0.01359	0.00852	0.00971
7	0.12005	0.01257	0.01423	0.01267	0.01638	0.01270	0.00983	0.02513	0.12730	0.07828	0.36200	0.04690	0.05379	0.01422	0.00901	0.00268	0.00535	0.01204	0.00869	0.05617
8	0.02231	0.58472	0.15078	0.01666	0.02507	0.03203	0.01794	0.02638	0.01784	0.02176	0.01274	0.01476	0.01117	0.00761	0.00607	0.00202	0.00995	0.00497	0.00372	0.01149
9	0.02291	0.02407	0.03084	0.04311	0.45569	0.15352	0.02293	0.02722	0.02088	0.02656	0.02208	0.02580	0.06756	0.00928	0.00862	0.00255	0.01097	0.00825	0.00469	0.01248
10	0.02108	0.44743	0.27736	0.01875	0.02830	0.02903	0.02158	0.02670	0.01799	0.02325	0.01348	0.01569	0.01114	0.00778	0.00663	0.00221	0.01070	0.00535	0.00371	0.01185
11	0.46710	0.01689	0.01632	0.01349	0.01945	0.01810	0.01113	0.08196	0.02031	0.23089	0.01991	0.01964	0.01373	0.00915	0.00675	0.00269	0.00721	0.00627	0.00738	0.01161
12	0.07184	0.08091	0.02536	0.02140	0.02613	0.58456	0.01633	0.03379	0.02374	0.02228	0.01333	0.01554	0.01113	0.00885	0.00759	0.00225	0.01484	0.00551	0.00450	0.01014
13	0.01647	0.01550	0.02616	0.67248	0.06008	0.01938	0.02422	0.02229	0.01744	0.02229	0.01550	0.02326	0.01163	0.00872	0.00872	0.00291	0.01163	0.00775	0.00388	0.00969

[dist]
# distance from previous block
# <min> <max>
0	1

[block]
# block no. 17 follows, 20 sequences, length 27
# corresponding to MSA columns:
# 692-718
name=unknown_R
#
# <colnr> <probs for GDERKNQSTAVLIFYWHMCP>
#	G	D	E	R	K	N	Q	S	T	A	V	L	I	F	Y	W	H	M	C	P
0	0.02159	0.02073	0.03541	0.05354	0.63903	0.02073	0.02677	0.02677	0.01986	0.02850	0.01641	0.02159	0.01382	0.00777	0.00864	0.00259	0.01036	0.00777	0.00432	0.01382
1	0.01750	0.04512	0.64825	0.02486	0.03775	0.02026	0.03223	0.02762	0.01842	0.02762	0.01565	0.01842	0.01105	0.00829	0.00829	0.00276	0.01289	0.00645	0.00368	0.01289
2	0.01459	0.01248	0.01810	0.01687	0.01793	0.01599	0.01353	0.01732	0.01381	0.02049	0.01954	0.02939	0.01848	0.04930	0.45633	0.01074	0.23359	0.00880	0.00440	0.00835
3	0.01966	0.02079	0.03623	0.02823	0.03162	0.02493	0.24511	0.02366	0.01614	0.02366	0.01383	0.02079	0.01214	0.01223	0.02158	0.00348	0.42283	0.00866	0.00405	0.01040
4	0.02870	0.03376	0.02528	0.02612	0.11720	0.43230	0.01770	0.03601	0.14733	0.02553	0.01846	0.02007	0.01479	0.00939	0.00819	0.00244	0.01311	0.00681	0.00537	0.01143
5	0.01247	0.00837	0.00958	0.00979	0.00984	0.00831	0.00558	0.01263	0.01311	0.01748	0.02965	0.12344	0.03445	0.62336	0.04090	0.00794	0.00810	0.01396	0.00558	0.00547
6	0.03316	0.02443	0.02618	0.02007	0.02705	0.02705	0.01658	0.60995	0.04101	0.05497	0.02094	0.02094	0.01483	0.01047	0.00873	0.00262	0.00960	0.00785	0.00873	0.01483
7	0.01251	0.01022	0.01607	0.01505	0.01685	0.00961	0.09663	0.01463	0.01666	0.02209	0.04191	0.41987	0.08309	0.16127	0.01781	0.00443	0.00715	0.01973	0.00697	0.00743
8	0.03307	0.02698	0.02596	0.02043	0.02704	0.12104	0.01662	0.52434	0.03859	0.04997	0.01983	0.02017	0.01430	0.01025	0.00860	0.00256	0.01051	0.00752	0.00810	0.01413
9	0.02429	0.01816	0.01980	0.01742	0.02262	0.02038	0.01366	0.04578	0.53421	0.12708	0.03534	0.03212	0.02588	0.01168	0.00886	0.00292	0.00698	0.00970	0.00916	0.01396
10	0.01061	0.00885	0.00926	0.00915	0.01197	0.00749	0.00687	0.01311	0.02060	0.02526	0.16965	0.08115	0.55315	0.02146	0.01031	0.00292	0.00437	0.01802	0.00832	0.00749
11	0.02332	0.69869	0.04571	0.01493	0.02239	0.03451	0.01493	0.02612	0.01772	0.02052	0.01213	0.01399	0.01119	0.00746	0.00560	0.00187	0.00933	0.00466	0.00373	0.01119
12	0.03006	0.02212	0.02402	0.01872	0.02496	0.02425	0.01534	0.52160	0.03858	0.05200	0.11227	0.02752	0.02488	0.01157	0.00896	0.00264	0.00878	0.00903	0.00886	0.01385
13	0.03132	0.03891	0.02414	0.02192	0.02647	0.58427	0.01650	0.03617	0.09443	0.02311	0.01605	0.01769	0.01303	0.00932	0.00798	0.00233	0.01470	0.00611	0.00500	0.01054
14	0.01327	0.00899	0.01225	0.01225	0.01372	0.01003	0.00922	0.01620	0.01474	0.02237	0.02492	0.03671	0.02314	0.13123	0.44884	0.01087	0.01756	0.00951	0.15665	0.00755
15	0.03316	0.02443	0.02618	0.02007	0.02705	0.02705	0.01658	0.60995	0.04101	0.05497	0.02094	0.02094	0.01483	0.01047	0.00873	0.00262	0.00960	0.00785	0.00873	0.01483
16	0.02672	0.03185	0.02552	0.06664	0.02777	0.39163	0.01814	0.02909	0.02021	0.02129	0.01290	0.01743	0.01134	0.01119	0.01527	0.00285	0.24961	0.00648	0.00421	0.00988
17	0.02095	0.02253	0.04574	0.04275	0.25730	0.02158	0.40023	0.02752	0.02033	0.02814	0.01720	0.02284	0.01344	0.00750	0.00970	0.00282	0.01316	0.00939	0.00438	0.01250
18	0.03258	0.04157	0.02472	0.02247	0.02697	0.65843	0.01685	0.03483	0.02472	0.02135	0.01348	0.01573	0.01124	0.00899	0.00787	0.00225	0.01573	0.00562	0.00449	0.01011
19	0.02527	0.01894	0.01746	0.01523	0.01965	0.15504	0.01182	0.03071	0.08986	0.20669	0.16694	0.04346	0.13440	0.01388	0.00916	0.00268	0.00800	0.01128	0.00849	0.01103
20	0.01198	0.00833	0.01048	0.01113	0.01156	0.00843	0.00715	0.01300	0.01421	0.01921	0.03343	0.25661	0.03841	0.37191	0.13807	0.00782	0.00989	0.01602	0.00609	0.00629
21	0.01934	0.25198	0.45754	0.02172	0.03289	0.02477	0.02675	0.02715	0.01820	0.02538	0.01454	0.01702	0.01110	0.00803	0.00744	0.00248	0.01176	0.00588	0.00370	0.01235
