[name]
unknown

[dist]
# distance from previous block
# <min> <max>
0	5

[block]
# block no. 0 follows, 23 sequences, length 43
# corresponding to MSA columns:
# 5-47
name=unknown_A
#
# <colnr> <probs for GDERKNQSTAVLIFYWHMCP>
#	G	D	E	R	K	N	Q	S	T	A	V	L	I	F	Y	W	H	M	C	P
0	0.01504	0.01324	0.08811	0.01498	0.01840	0.01033	0.01396	0.01933	0.01945	0.07866	0.12267	0.07323	0.06412	0.01888	0.01029	0.00331	0.00734	0.39273	0.00742	0.00851
1	0.13163	0.34862	0.28529	0.01703	0.02567	0.02483	0.01944	0.02478	0.01634	0.02427	0.01257	0.01466	0.01012	0.00733	0.00616	0.00218	0.00962	0.00500	0.00368	0.01079
2	0.16429	0.01627	0.02476	0.34883	0.24894	0.01848	0.02064	0.02272	0.01650	0.02569	0.01409	0.01948	0.01109	0.00771	0.00748	0.00257	0.00954	0.00667	0.00402	0.01024
3	0.16543	0.15139	0.22074	0.07223	0.02804	0.18890	0.01892	0.02640	0.01780	0.02473	0.01285	0.01539	0.01010	0.00774	0.00669	0.00230	0.01090	0.00530	0.00394	0.01021
4	0.02383	0.10950	0.08065	0.02026	0.02499	0.15593	0.04510	0.16881	0.04739	0.02831	0.01465	0.01761	0.01193	0.01013	0.01281	0.00263	0.20316	0.00655	0.00494	0.01083
5	0.01397	0.00838	0.01039	0.01032	0.01130	0.00809	0.00672	0.01503	0.01471	0.08860	0.07227	0.20543	0.03687	0.39911	0.05832	0.00610	0.00740	0.01412	0.00633	0.00656
6	0.01045	0.00781	0.01031	0.01120	0.01234	0.00780	0.00799	0.01238	0.01510	0.02011	0.04318	0.35906	0.14743	0.06694	0.22117	0.00644	0.01005	0.01705	0.00642	0.00676
7	0.00989	0.00706	0.00942	0.01130	0.01177	0.00659	0.00753	0.01130	0.01554	0.02071	0.04472	0.70954	0.05367	0.02542	0.01036	0.00330	0.00471	0.02307	0.00753	0.00659
8	0.02419	0.02771	0.07800	0.12949	0.20771	0.25462	0.02037	0.11242	0.02238	0.02666	0.01471	0.01807	0.01163	0.00815	0.00778	0.00236	0.01167	0.00643	0.00454	0.01112
9	0.01650	0.07026	0.64649	0.02274	0.03452	0.01940	0.02931	0.02564	0.01710	0.02542	0.01442	0.01696	0.01028	0.00768	0.00760	0.00253	0.01185	0.00593	0.00343	0.01193
10	0.01928	0.02252	0.09350	0.03941	0.28575	0.01990	0.34567	0.02554	0.01872	0.02617	0.01581	0.02079	0.01236	0.00706	0.00882	0.00259	0.01196	0.00836	0.00401	0.01178
11	0.00968	0.00786	0.00859	0.00918	0.01121	0.00677	0.00659	0.01154	0.01757	0.02154	0.07052	0.27489	0.47166	0.02207	0.00983	0.00291	0.00430	0.01898	0.00753	0.00677
12	0.01807	0.02383	0.18133	0.17902	0.31104	0.01907	0.10195	0.02434	0.01777	0.02503	0.01507	0.01995	0.01176	0.00748	0.00817	0.00255	0.01094	0.00723	0.00380	0.01160
13	0.01851	0.05705	0.01793	0.01524	0.01709	0.20624	0.01140	0.02007	0.01560	0.01825	0.01809	0.03058	0.01843	0.24528	0.14813	0.00620	0.11582	0.00822	0.00432	0.00754
14	0.02169	0.71972	0.04252	0.01388	0.02083	0.03211	0.01388	0.02430	0.01649	0.01909	0.01128	0.01302	0.01041	0.00694	0.00521	0.00174	0.00868	0.00434	0.00347	0.01041
15	0.01883	0.08180	0.15982	0.03260	0.21271	0.02155	0.18616	0.02436	0.01718	0.02439	0.01431	0.01901	0.01163	0.00840	0.01137	0.00267	0.13076	0.00736	0.00380	0.01129
16	0.01176	0.00804	0.00974	0.00974	0.01005	0.00835	0.00603	0.01237	0.01206	0.01639	0.02475	0.04858	0.02754	0.57568	0.17777	0.00897	0.01082	0.01114	0.00480	0.00541
17	0.03031	0.03867	0.02299	0.02090	0.02508	0.68226	0.01568	0.03240	0.02299	0.01986	0.01254	0.01463	0.01045	0.00836	0.00732	0.00209	0.01463	0.00523	0.00418	0.00941
18	0.01634	0.02303	0.21042	0.40273	0.14524	0.01846	0.02503	0.02280	0.01684	0.02305	0.01459	0.02011	0.01098	0.00786	0.00799	0.00262	0.01097	0.00687	0.00362	0.01046
19	0.02637	0.13180	0.02558	0.07253	0.02631	0.29167	0.01546	0.15893	0.12166	0.02856	0.01713	0.01839	0.01339	0.00883	0.00738	0.00226	0.01097	0.00630	0.00549	0.01098
20	0.01550	0.00934	0.01122	0.01014	0.01328	0.00813	0.00782	0.01840	0.02100	0.15234	0.27684	0.06204	0.32885	0.01709	0.00930	0.00263	0.00456	0.01451	0.00852	0.00850
21	0.01743	0.03387	0.42079	0.02759	0.03806	0.01952	0.27386	0.02582	0.01795	0.02582	0.01531	0.01905	0.01110	0.00736	0.00846	0.00264	0.01267	0.00744	0.00370	0.01157
22	0.01832	0.18496	0.47423	0.02156	0.03188	0.05780	0.05407	0.02578	0.01741	0.02399	0.01384	0.01634	0.01041	0.00754	0.00724	0.00237	0.01151	0.00577	0.00351	0.01147
23	0.01683	0.03806	0.55115	0.02528	0.03654	0.01917	0.14770	0.02575	0.01752	0.02575	0.01492	0.01806	0.01067	0.00754	0.00807	0.00260	0.01232	0.00669	0.00356	0.01179
24	0.01159	0.00869	0.01304	0.01304	0.01449	0.01014	0.01014	0.01449	0.01304	0.01884	0.02173	0.03188	0.02029	0.06086	0.68268	0.01304	0.02173	0.00869	0.00435	0.00724
25	0.01828	0.01743	0.02942	0.22621	0.46600	0.01836	0.02338	0.02314	0.01786	0.02470	0.01812	0.02319	0.04221	0.00809	0.00813	0.00251	0.00971	0.00768	0.00407	0.01152
26	0.01776	0.01964	0.08321	0.29683	0.27000	0.01897	0.12902	0.02353	0.01761	0.02410	0.01508	0.02076	0.01176	0.00755	0.00830	0.00259	0.01098	0.00753	0.00382	0.01096
27	0.01774	0.01687	0.02844	0.29891	0.39707	0.01821	0.02311	0.02266	0.01760	0.02405	0.01807	0.02340	0.04238	0.00820	0.00814	0.00254	0.00984	0.00769	0.00402	0.01108
28	0.01175	0.00808	0.00994	0.00994	0.01032	0.00846	0.00627	0.01250	0.01212	0.01654	0.02457	0.04758	0.02711	0.54487	0.20799	0.00921	0.01147	0.01099	0.00477	0.00552
29	0.21336	0.05184	0.01753	0.11584	0.02345	0.20499	0.01256	0.02283	0.01758	0.02484	0.02230	0.13969	0.05329	0.01170	0.00734	0.00251	0.00897	0.00909	0.03175	0.00854
30	0.05117	0.01371	0.01900	0.01565	0.01984	0.01375	0.11755	0.06660	0.13753	0.03045	0.20712	0.04760	0.19860	0.01397	0.00901	0.00266	0.00657	0.01239	0.00737	0.00947
31	0.02186	0.08617	0.25713	0.01839	0.02547	0.18326	0.01878	0.02710	0.02037	0.10514	0.13351	0.02540	0.02363	0.00972	0.00780	0.00237	0.01027	0.00752	0.00545	0.01065
32	0.02265	0.02413	0.01890	0.01707	0.02115	0.29073	0.01323	0.07236	0.13308	0.02553	0.02499	0.03037	0.06095	0.01637	0.08064	0.00352	0.01155	0.05701	0.00575	0.07003
33	0.01967	0.01983	0.06328	0.06193	0.43911	0.04009	0.02150	0.06456	0.01942	0.02720	0.01775	0.07630	0.01592	0.00889	0.00803	0.00240	0.00923	0.00821	0.00460	0.07209
34	0.01588	0.01590	0.01743	0.01931	0.12404	0.10926	0.01266	0.01867	0.01901	0.02387	0.15041	0.04718	0.26020	0.01493	0.01154	0.00268	0.11042	0.01183	0.00611	0.00867
35	0.08216	0.45990	0.12994	0.01570	0.02316	0.02801	0.01607	0.11598	0.01960	0.02623	0.01299	0.01460	0.01077	0.00752	0.00599	0.00202	0.00901	0.00503	0.00428	0.01102
36	0.04962	0.06497	0.41662	0.02340	0.03343	0.02064	0.12741	0.11692	0.02045	0.02968	0.01533	0.01794	0.01109	0.00783	0.00786	0.00254	0.01144	0.00665	0.00431	0.01189
37	0.01400	0.01241	0.01929	0.01716	0.01872	0.01529	0.06223	0.01689	0.01335	0.01961	0.01805	0.02693	0.01682	0.04284	0.43628	0.00943	0.22029	0.00830	0.00409	0.00802
38	0.01504	0.00977	0.01167	0.01103	0.01267	0.00967	0.00783	0.06646	0.01792	0.06686	0.14801	0.05572	0.06090	0.36805	0.02554	0.00537	0.00695	0.08672	0.00669	0.00714
39	0.13130	0.22610	0.36909	0.01860	0.02779	0.05306	0.02169	0.02534	0.01673	0.02519	0.01307	0.01528	0.01010	0.00750	0.00659	0.00231	0.01034	0.00526	0.00371	0.01096
40	0.02000	0.50849	0.23895	0.01676	0.02528	0.02797	0.01890	0.02473	0.01669	0.02115	0.01230	0.01430	0.01037	0.00718	0.00599	0.00200	0.00971	0.00486	0.00346	0.01091
41	0.02217	0.04838	0.01932	0.01746	0.05030	0.17181	0.01285	0.03226	0.25191	0.09135	0.08341	0.08420	0.05594	0.01202	0.00824	0.00254	0.00817	0.00981	0.00706	0.01082
42	0.02638	0.02264	0.02074	0.01723	0.02253	0.16051	0.01362	0.25564	0.14561	0.08179	0.02418	0.05356	0.03784	0.01045	0.00795	0.00238	0.00895	0.00809	0.00713	0.07277

[dist]
# distance from previous block
# <min> <max>
9	33

[block]
# block no. 1 follows, 23 sequences, length 120
# corresponding to MSA columns:
# 81-200
name=unknown_B
#
# <colnr> <probs for GDERKNQSTAVLIFYWHMCP>
#	G	D	E	R	K	N	Q	S	T	A	V	L	I	F	Y	W	H	M	C	P
0	0.01775	0.03117	0.37585	0.07405	0.29023	0.01897	0.02749	0.02508	0.01762	0.02573	0.01484	0.01859	0.01135	0.00754	0.00786	0.00251	0.01097	0.00657	0.00368	0.01216
1	0.02082	0.06256	0.03358	0.04494	0.55184	0.06483	0.05386	0.02543	0.01870	0.02559	0.01490	0.01938	0.01252	0.00727	0.00789	0.00236	0.01012	0.00704	0.00400	0.01238
2	0.09042	0.01159	0.01293	0.01183	0.01553	0.01081	0.00884	0.01943	0.09721	0.02584	0.03428	0.28299	0.09081	0.01545	0.00816	0.00246	0.00542	0.01333	0.00655	0.23613
3	0.01327	0.00994	0.01174	0.01023	0.01269	0.00889	0.00696	0.01494	0.01453	0.02087	0.08615	0.04149	0.02837	0.38634	0.07072	0.00567	0.00783	0.00977	0.00525	0.23434
4	0.01001	0.00711	0.00938	0.01115	0.01159	0.00667	0.00737	0.01133	0.01530	0.02040	0.04353	0.66850	0.05216	0.06852	0.01229	0.00358	0.00491	0.02236	0.00737	0.00649
5	0.01422	0.01256	0.02053	0.02045	0.08937	0.01442	0.07602	0.01755	0.01416	0.02050	0.01881	0.02744	0.01721	0.04246	0.44139	0.00940	0.12250	0.00838	0.00417	0.00848
6	0.02244	0.02454	0.03198	0.03839	0.37214	0.19032	0.10790	0.02665	0.01936	0.02429	0.01444	0.01879	0.01202	0.00790	0.00923	0.00244	0.05465	0.00704	0.00404	0.01145
7	0.01247	0.00927	0.01204	0.01183	0.01348	0.00990	0.00878	0.05539	0.01589	0.02161	0.05455	0.11033	0.11551	0.14873	0.35280	0.00875	0.01393	0.01191	0.00561	0.00722
8	0.01028	0.00831	0.00918	0.00913	0.01161	0.00720	0.00696	0.01288	0.01963	0.02474	0.22531	0.07450	0.47656	0.01967	0.00968	0.00275	0.00424	0.05239	0.00788	0.00709
9	0.02913	0.02230	0.02245	0.01780	0.02344	0.08917	0.01437	0.47518	0.03303	0.08137	0.01999	0.02205	0.01507	0.05456	0.03951	0.00320	0.00988	0.00748	0.00748	0.01253
10	0.01683	0.01442	0.01683	0.01202	0.01923	0.01082	0.00961	0.02043	0.01683	0.02644	0.01442	0.01683	0.01202	0.00601	0.00601	0.00120	0.00601	0.00481	0.00481	0.76444
11	0.01174	0.00808	0.00944	0.00956	0.01014	0.00792	0.00611	0.01266	0.01412	0.01877	0.09708	0.05949	0.07966	0.52441	0.03277	0.00654	0.00715	0.07297	0.00577	0.00559
12	0.01067	0.00844	0.00978	0.01037	0.01266	0.00755	0.00821	0.01325	0.01864	0.02318	0.10808	0.12429	0.41509	0.02112	0.01007	0.00303	0.00503	0.17586	0.00761	0.00705
13	0.02116	0.53460	0.17063	0.01626	0.02405	0.07324	0.01731	0.02513	0.01706	0.02050	0.01204	0.01397	0.01039	0.00720	0.00586	0.00193	0.00976	0.00474	0.00351	0.01067
14	0.00989	0.00706	0.00942	0.01130	0.01177	0.00659	0.00753	0.01130	0.01554	0.02071	0.04472	0.70954	0.05367	0.02542	0.01036	0.00330	0.00471	0.02307	0.00753	0.00659
15	0.68591	0.01510	0.01218	0.01082	0.01569	0.01719	0.00886	0.02402	0.01487	0.06621	0.05604	0.01707	0.01390	0.00826	0.00548	0.00251	0.00614	0.00527	0.00552	0.00895
16	0.02046	0.02021	0.03190	0.08084	0.59461	0.05937	0.02422	0.02514	0.01864	0.02581	0.01506	0.01983	0.01260	0.00734	0.00799	0.00241	0.01000	0.00711	0.00401	0.01245
17	0.01676	0.01622	0.02543	0.36672	0.10590	0.02080	0.02093	0.02070	0.01499	0.02087	0.01305	0.01997	0.01096	0.01038	0.01528	0.00300	0.27788	0.00717	0.00363	0.00936
18	0.01180	0.00787	0.00885	0.00885	0.00885	0.00787	0.00492	0.01180	0.01180	0.01573	0.02557	0.05310	0.02950	0.71483	0.04130	0.00787	0.00787	0.01180	0.00492	0.00492
19	0.01159	0.00869	0.01304	0.01304	0.01449	0.01014	0.01014	0.01449	0.01304	0.01884	0.02173	0.03188	0.02029	0.06086	0.68268	0.01304	0.02173	0.00869	0.00435	0.00724
20	0.03010	0.02085	0.02286	0.01778	0.02388	0.02266	0.01458	0.53755	0.03523	0.11186	0.02233	0.06344	0.01693	0.01075	0.00826	0.00250	0.00846	0.00838	0.00828	0.01335
21	0.03018	0.02240	0.02398	0.01853	0.02491	0.02485	0.01526	0.60003	0.07637	0.05006	0.02033	0.02016	0.01449	0.00982	0.00813	0.00245	0.00877	0.00742	0.00813	0.01374
22	0.01034	0.00741	0.00987	0.01127	0.01209	0.00693	0.00783	0.01233	0.01709	0.02311	0.16015	0.55705	0.05762	0.02361	0.01025	0.00318	0.00468	0.05057	0.00779	0.00683
23	0.01985	0.01740	0.02014	0.06549	0.08481	0.01995	0.01465	0.03987	0.54661	0.03234	0.03008	0.02872	0.02269	0.01045	0.00823	0.00272	0.00703	0.00886	0.00754	0.01259
24	0.00987	0.00713	0.00934	0.01111	0.01172	0.00661	0.00745	0.01132	0.01572	0.02079	0.04707	0.67007	0.09163	0.02512	0.01031	0.00326	0.00467	0.02270	0.00753	0.00661
25	0.01040	0.00810	0.00911	0.00956	0.01142	0.00724	0.00696	0.01231	0.01730	0.02159	0.09263	0.17394	0.38464	0.12178	0.01446	0.00366	0.00507	0.07599	0.00722	0.00663
26	0.01159	0.00869	0.01304	0.01304	0.01449	0.01014	0.01014	0.01449	0.01304	0.01884	0.02173	0.03188	0.02029	0.06086	0.68268	0.01304	0.02173	0.00869	0.00435	0.00724
27	0.01627	0.04197	0.67279	0.02313	0.03512	0.01884	0.02998	0.02570	0.01713	0.02570	0.01456	0.01713	0.01028	0.00771	0.00771	0.00257	0.01199	0.00600	0.00343	0.01199
28	0.01683	0.01442	0.01683	0.01202	0.01923	0.01082	0.00961	0.02043	0.01683	0.02644	0.01442	0.01683	0.01202	0.00601	0.00601	0.00120	0.00601	0.00481	0.00481	0.76444
29	0.02008	0.01928	0.03294	0.04981	0.66422	0.01928	0.02490	0.02490	0.01848	0.02651	0.01526	0.02008	0.01285	0.00723	0.00803	0.00241	0.00964	0.00723	0.00402	0.01285
30	0.00987	0.00714	0.00933	0.01109	0.01171	0.00661	0.00744	0.01132	0.01573	0.02080	0.04725	0.66694	0.09463	0.02509	0.01031	0.00326	0.00467	0.02267	0.00753	0.00661
31	0.01162	0.00910	0.01219	0.01208	0.01403	0.00995	0.00934	0.01551	0.05238	0.02048	0.03703	0.04295	0.17544	0.04813	0.47966	0.00994	0.01656	0.01076	0.00535	0.00748
32	0.01775	0.01775	0.02485	0.02130	0.02130	0.02485	0.01775	0.01953	0.01243	0.01953	0.01065	0.01775	0.01065	0.01420	0.02663	0.00355	0.69998	0.00710	0.00355	0.00888
33	0.01027	0.00728	0.00959	0.01129	0.01180	0.00689	0.00763	0.01169	0.01537	0.02046	0.04276	0.60749	0.05090	0.09184	0.01340	0.00376	0.00519	0.05864	0.00728	0.00648
34	0.03085	0.02273	0.02435	0.01867	0.02516	0.02516	0.01542	0.63716	0.03815	0.05114	0.01948	0.01948	0.01380	0.00974	0.00812	0.00244	0.00893	0.00731	0.00812	0.01380
35	0.00996	0.00819	0.00876	0.00870	0.01121	0.00699	0.00649	0.01232	0.01924	0.02388	0.18986	0.09613	0.53023	0.01997	0.00961	0.00272	0.00408	0.01686	0.00780	0.00699
36	0.01113	0.00758	0.00905	0.00971	0.00988	0.00742	0.00584	0.01162	0.01311	0.01749	0.03231	0.28411	0.03800	0.47222	0.03041	0.00626	0.00675	0.01577	0.00584	0.00551
37	0.01008	0.00720	0.00964	0.01152	0.01207	0.00676	0.00787	0.01163	0.01573	0.02093	0.04462	0.67211	0.05325	0.02524	0.01041	0.00332	0.00488	0.05859	0.00753	0.00664
38	0.02072	0.01770	0.01865	0.01662	0.02130	0.02043	0.01297	0.07307	0.61873	0.03481	0.03234	0.02973	0.02422	0.01094	0.00825	0.00274	0.00655	0.00908	0.00825	0.01289
39	0.06692	0.01332	0.01448	0.01408	0.01738	0.01464	0.01095	0.02899	0.33486	0.02908	0.04044	0.16074	0.10171	0.01599	0.00898	0.00297	0.00602	0.10068	0.00772	0.01004
40	0.00989	0.00706	0.00942	0.01130	0.01177	0.00659	0.00753	0.01130	0.01554	0.02071	0.04472	0.70954	0.05367	0.02542	0.01036	0.00330	0.00471	0.02307	0.00753	0.00659
41	0.01409	0.00705	0.01057	0.01057	0.01057	0.00705	0.00705	0.01057	0.01057	0.01409	0.01409	0.02467	0.01409	0.02819	0.03171	0.76392	0.00705	0.00705	0.00352	0.00352
42	0.23247	0.01431	0.01699	0.01343	0.01938	0.01360	0.01109	0.03536	0.02072	0.50104	0.02649	0.02377	0.01708	0.00937	0.00732	0.00251	0.00674	0.00716	0.00870	0.01247
43	0.01165	0.00844	0.01178	0.01178	0.01279	0.00946	0.00857	0.01368	0.01267	0.01790	0.02289	0.03828	0.02306	0.25803	0.48930	0.01148	0.01755	0.00963	0.00452	0.00654
44	0.02008	0.01928	0.03294	0.04981	0.66422	0.01928	0.02490	0.02490	0.01848	0.02651	0.01526	0.02008	0.01285	0.00723	0.00803	0.00241	0.00964	0.00723	0.00402	0.01285
45	0.03042	0.03551	0.02326	0.02046	0.02510	0.55210	0.01563	0.15219	0.02600	0.02605	0.01392	0.01559	0.01112	0.00863	0.00748	0.00216	0.01350	0.00564	0.00496	0.01028
46	0.01042	0.00868	0.00914	0.00895	0.01165	0.00764	0.00673	0.01378	0.05023	0.02422	0.17277	0.07293	0.53561	0.01944	0.00952	0.00271	0.00418	0.01634	0.00780	0.00727
47	0.02008	0.01928	0.03294	0.04981	0.66422	0.01928	0.02490	0.02490	0.01848	0.02651	0.01526	0.02008	0.01285	0.00723	0.00803	0.00241	0.00964	0.00723	0.00402	0.01285
48	0.01533	0.00870	0.00970	0.00936	0.01144	0.00915	0.00718	0.05492	0.01746	0.02913	0.02507	0.02994	0.02027	0.02012	0.14607	0.00423	0.00781	0.00778	0.55845	0.00787
49	0.00959	0.00822	0.00822	0.00822	0.01096	0.00685	0.00617	0.01165	0.01850	0.02192	0.08220	0.07809	0.66092	0.02055	0.00959	0.00274	0.00411	0.01713	0.00754	0.00685
50	0.03031	0.03867	0.02299	0.02090	0.02508	0.68226	0.01568	0.03240	0.02299	0.01986	0.01254	0.01463	0.01045	0.00836	0.00732	0.00209	0.01463	0.00523	0.00418	0.00941
51	0.01980	0.02007	0.03744	0.04510	0.47674	0.01965	0.20877	0.02523	0.01868	0.02635	0.01561	0.02063	0.01269	0.00711	0.00850	0.00251	0.01086	0.00794	0.00404	0.01228
52	0.01005	0.00719	0.00956	0.01119	0.01180	0.00670	0.00754	0.01170	0.01629	0.02191	0.10699	0.64386	0.05598	0.02453	0.01028	0.00322	0.00462	0.02222	0.00767	0.00670
53	0.00989	0.00706	0.00942	0.01130	0.01177	0.00659	0.00753	0.01130	0.01554	0.02071	0.04472	0.70954	0.05367	0.02542	0.01036	0.00330	0.00471	0.02307	0.00753	0.00659
54	0.01064	0.00815	0.00904	0.00888	0.01069	0.00732	0.00621	0.01260	0.01784	0.02292	0.21075	0.06715	0.34901	0.20292	0.01796	0.00405	0.00503	0.01511	0.00719	0.00654
55	0.01591	0.01505	0.02133	0.01884	0.01927	0.02046	0.01548	0.01802	0.01261	0.01932	0.01396	0.02197	0.01353	0.02813	0.22247	0.00638	0.49752	0.00758	0.00379	0.00839
56	0.02008	0.01928	0.03294	0.04981	0.66422	0.01928	0.02490	0.02490	0.01848	0.02651	0.01526	0.02008	0.01285	0.00723	0.00803	0.00241	0.00964	0.00723	0.00402	0.01285
57	0.01159	0.00869	0.01304	0.01304	0.01449	0.01014	0.01014	0.01449	0.01304	0.01884	0.02173	0.03188	0.02029	0.06086	0.68268	0.01304	0.02173	0.00869	0.00435	0.00724
58	0.07814	0.03129	0.02131	0.01872	0.02345	0.48055	0.01435	0.03357	0.02248	0.17623	0.01712	0.01765	0.01265	0.00871	0.00737	0.00222	0.01226	0.00588	0.00563	0.01042
59	0.02169	0.71972	0.04252	0.01388	0.02083	0.03211	0.01388	0.02430	0.01649	0.01909	0.01128	0.01302	0.01041	0.00694	0.00521	0.00174	0.00868	0.00434	0.00347	0.01041
60	0.00977	0.00794	0.00867	0.00908	0.01123	0.00684	0.00658	0.01178	0.01805	0.02226	0.10765	0.22971	0.47921	0.02149	0.00977	0.00286	0.00424	0.01842	0.00762	0.00684
61	0.01716	0.01689	0.02373	0.02051	0.02065	0.02345	0.01703	0.01905	0.01249	0.01946	0.01171	0.01910	0.01157	0.01865	0.08923	0.00446	0.63527	0.00725	0.00363	0.00872
62	0.01159	0.00869	0.01304	0.01304	0.01449	0.01014	0.01014	0.01449	0.01304	0.01884	0.02173	0.03188	0.02029	0.06086	0.68268	0.01304	0.02173	0.00869	0.00435	0.00724
63	0.01915	0.02189	0.04788	0.03420	0.04241	0.02052	0.63475	0.02599	0.01915	0.02599	0.01642	0.02189	0.01231	0.00684	0.00958	0.00274	0.01368	0.00958	0.00410	0.01094
64	0.00985	0.00823	0.00858	0.00850	0.01112	0.00696	0.00637	0.01215	0.01912	0.02340	0.16248	0.07566	0.57972	0.02000	0.00959	0.00271	0.00407	0.01678	0.00773	0.00696
65	0.01930	0.01651	0.01759	0.01587	0.02019	0.01891	0.01232	0.04030	0.58614	0.03380	0.09648	0.03334	0.03001	0.01157	0.00839	0.00273	0.00616	0.00973	0.00832	0.01232
66	0.01532	0.01442	0.02434	0.69533	0.05589	0.01803	0.02253	0.02073	0.01622	0.02073	0.01442	0.02163	0.01082	0.00811	0.00811	0.00270	0.01082	0.00721	0.00361	0.00901
67	0.01683	0.01442	0.01683	0.01202	0.01923	0.01082	0.00961	0.02043	0.01683	0.02644	0.01442	0.01683	0.01202	0.00601	0.00601	0.00120	0.00601	0.00481	0.00481	0.76444
68	0.02169	0.71972	0.04252	0.01388	0.02083	0.03211	0.01388	0.02430	0.01649	0.01909	0.01128	0.01302	0.01041	0.00694	0.00521	0.00174	0.00868	0.00434	0.00347	0.01041
69	0.03085	0.02273	0.02435	0.01867	0.02516	0.02516	0.01542	0.63716	0.03815	0.05114	0.01948	0.01948	0.01380	0.00974	0.00812	0.00244	0.00893	0.00731	0.00812	0.01380
70	0.00989	0.00706	0.00942	0.01130	0.01177	0.00659	0.00753	0.01130	0.01554	0.02071	0.04472	0.70954	0.05367	0.02542	0.01036	0.00330	0.00471	0.02307	0.00753	0.00659
71	0.02721	0.03212	0.02340	0.16257	0.03157	0.48265	0.01710	0.08507	0.02295	0.02289	0.01357	0.01655	0.01083	0.00843	0.00756	0.00225	0.01331	0.00583	0.00442	0.00972
72	0.15412	0.02156	0.02229	0.01734	0.02359	0.02401	0.01432	0.53517	0.03410	0.04869	0.01812	0.01843	0.01297	0.00937	0.00760	0.00245	0.00849	0.00682	0.00760	0.01297
73	0.01532	0.01442	0.02434	0.69533	0.05589	0.01803	0.02253	0.02073	0.01622	0.02073	0.01442	0.02163	0.01082	0.00811	0.00811	0.00270	0.01082	0.00721	0.00361	0.00901
74	0.01737	0.01576	0.02092	0.15369	0.02727	0.07000	0.05654	0.08195	0.01759	0.02383	0.01769	0.02445	0.01509	0.02767	0.24766	0.00633	0.10994	0.00775	0.04957	0.00893
75	0.01833	0.01749	0.02976	0.28809	0.43966	0.01882	0.02403	0.02336	0.01765	0.02438	0.01495	0.02066	0.01210	0.00756	0.00806	0.00252	0.01007	0.00722	0.00386	0.01144
76	0.03641	0.01381	0.01883	0.01444	0.02071	0.01193	0.01193	0.03954	0.02322	0.66984	0.03201	0.02762	0.02009	0.01004	0.00816	0.00251	0.00690	0.00816	0.01004	0.01381
77	0.01180	0.00787	0.00885	0.00885	0.00885	0.00787	0.00492	0.01180	0.01180	0.01573	0.02557	0.05310	0.02950	0.71483	0.04130	0.00787	0.00787	0.01180	0.00492	0.00492
78	0.01961	0.01880	0.03209	0.11359	0.60410	0.01916	0.02467	0.02449	0.01825	0.02594	0.01518	0.02024	0.01265	0.00732	0.00804	0.00244	0.00976	0.00723	0.00398	0.01247
79	0.01221	0.00926	0.01142	0.01101	0.01328	0.00891	0.00848	0.01761	0.08172	0.03040	0.46006	0.06316	0.14867	0.01717	0.00961	0.00271	0.00447	0.07327	0.00853	0.00802
80	0.00989	0.00706	0.00942	0.01130	0.01177	0.00659	0.00753	0.01130	0.01554	0.02071	0.04472	0.70954	0.05367	0.02542	0.01036	0.00330	0.00471	0.02307	0.00753	0.00659
81	0.03146	0.01271	0.01725	0.01360	0.01901	0.01108	0.01108	0.03473	0.02317	0.54329	0.15670	0.03417	0.03130	0.01134	0.00844	0.00252	0.00629	0.00945	0.00982	0.01259
82	0.00973	0.00768	0.00878	0.00967	0.01134	0.00673	0.00681	0.01148	0.01711	0.02135	0.06460	0.37458	0.37580	0.02284	0.00995	0.00300	0.00439	0.01992	0.00753	0.00673
83	0.77215	0.01569	0.01193	0.01067	0.01569	0.01820	0.00879	0.02385	0.01381	0.03641	0.01130	0.01318	0.00879	0.00753	0.00502	0.00251	0.00628	0.00439	0.00502	0.00879
84	0.77215	0.01569	0.01193	0.01067	0.01569	0.01820	0.00879	0.02385	0.01381	0.03641	0.01130	0.01318	0.00879	0.00753	0.00502	0.00251	0.00628	0.00439	0.00502	0.00879
85	0.02743	0.02018	0.02192	0.01747	0.02298	0.02214	0.01414	0.53522	0.03447	0.04618	0.02359	0.13188	0.02029	0.01229	0.00848	0.00258	0.00824	0.00987	0.00802	0.01263
86	0.01078	0.00827	0.00987	0.00947	0.01169	0.00736	0.00710	0.01395	0.02131	0.02859	0.44514	0.06711	0.29382	0.01806	0.00958	0.00262	0.00393	0.01559	0.00841	0.00736
87	0.00993	0.00777	0.00902	0.00986	0.01157	0.00687	0.00706	0.01186	0.01746	0.02200	0.09238	0.34466	0.35457	0.02249	0.00997	0.00300	0.00447	0.04067	0.00760	0.00680
88	0.01683	0.01442	0.01683	0.01202	0.01923	0.01082	0.00961	0.02043	0.01683	0.02644	0.01442	0.01683	0.01202	0.00601	0.00601	0.00120	0.00601	0.00481	0.00481	0.76444
89	0.20678	0.00993	0.00926	0.00873	0.01156	0.01047	0.00674	0.02093	0.01634	0.06302	0.02289	0.02660	0.01803	0.03295	0.00684	0.00228	0.00470	0.00694	0.50691	0.00809
90	0.06828	0.01640	0.01727	0.01408	0.01830	0.01789	0.01104	0.35595	0.02734	0.03912	0.02156	0.02794	0.01800	0.15134	0.01414	0.00343	0.00757	0.00808	0.15177	0.01052
91	0.01158	0.00798	0.00922	0.00909	0.00967	0.00775	0.00557	0.01252	0.01457	0.01964	0.16070	0.05639	0.08302	0.52228	0.03254	0.00641	0.00677	0.01276	0.00593	0.00562
92	0.00968	0.00822	0.00834	0.00831	0.01101	0.00689	0.00623	0.01181	0.01870	0.02241	0.10893	0.07728	0.63389	0.02037	0.00959	0.00273	0.00410	0.01701	0.00760	0.00689
93	0.25638	0.01583	0.01747	0.01402	0.01983	0.01618	0.01152	0.11634	0.06467	0.35181	0.02413	0.02234	0.01614	0.00931	0.00721	0.00252	0.00696	0.00698	0.00815	0.01223
94	0.01089	0.00748	0.00912	0.01001	0.01024	0.00726	0.00616	0.01156	0.01357	0.01810	0.03467	0.36494	0.04098	0.38732	0.02660	0.00570	0.00637	0.01715	0.00616	0.00571
95	0.02383	0.01667	0.01834	0.01537	0.01983	0.01818	0.01192	0.21856	0.25412	0.11644	0.02724	0.03122	0.02176	0.15203	0.01485	0.00365	0.00754	0.00900	0.00777	0.01167
96	0.00984	0.00789	0.00882	0.00952	0.01148	0.00687	0.00691	0.01176	0.01754	0.02163	0.06830	0.28407	0.43657	0.02222	0.00991	0.00296	0.00445	0.04494	0.00753	0.00679
97	0.01161	0.00864	0.01276	0.01276	0.01411	0.00999	0.00979	0.01431	0.01296	0.01863	0.02199	0.03331	0.02091	0.10498	0.63941	0.01269	0.02080	0.00890	0.00439	0.00709
98	0.02222	0.67847	0.04134	0.01431	0.02108	0.07148	0.01399	0.02479	0.01688	0.01914	0.01136	0.01311	0.01042	0.00703	0.00533	0.00176	0.00904	0.00439	0.00351	0.01035
99	0.01312	0.00889	0.01116	0.01170	0.01359	0.00848	0.00918	0.01548	0.01707	0.06060	0.04769	0.10278	0.19589	0.16481	0.05002	0.00469	0.00724	0.24352	0.00697	0.00712
100	0.01973	0.01983	0.02317	0.02876	0.26019	0.16065	0.01711	0.05110	0.01840	0.02342	0.01721	0.02314	0.01506	0.02701	0.25215	0.00619	0.01507	0.00733	0.00436	0.01012
101	0.01828	0.01559	0.02619	0.03798	0.46714	0.01559	0.01952	0.02058	0.01609	0.02277	0.01491	0.02146	0.01323	0.01355	0.01517	0.23200	0.00886	0.00717	0.00387	0.01004
102	0.39242	0.02763	0.30104	0.01664	0.02481	0.01895	0.01848	0.06603	0.01690	0.03273	0.01327	0.01533	0.00978	0.00776	0.00640	0.00253	0.00895	0.00529	0.00453	0.01052
103	0.06538	0.02072	0.09733	0.19579	0.28958	0.01912	0.14648	0.02414	0.01765	0.02556	0.01498	0.02009	0.01174	0.00743	0.00814	0.00257	0.01076	0.00739	0.00394	0.01121
104	0.02251	0.02340	0.02230	0.02357	0.14839	0.20889	0.01549	0.03264	0.23890	0.02717	0.02051	0.02151	0.01616	0.00866	0.00756	0.00223	0.00935	0.00692	0.00567	0.13815
105	0.02756	0.06908	0.02525	0.02496	0.12809	0.51839	0.01689	0.03015	0.02159	0.02086	0.01324	0.01603	0.01118	0.00993	0.03083	0.00251	0.01377	0.00563	0.00412	0.00994
106	0.02637	0.01864	0.02099	0.01680	0.02195	0.02050	0.01364	0.44551	0.03091	0.07986	0.02098	0.02411	0.01625	0.05469	0.14540	0.00484	0.01133	0.00786	0.00732	0.01205
107	0.01253	0.00853	0.01091	0.01130	0.01328	0.00784	0.00869	0.01536	0.01941	0.06392	0.23112	0.22516	0.17905	0.02032	0.01002	0.00301	0.00503	0.13888	0.00808	0.00757
108	0.01160	0.00859	0.01135	0.01147	0.01194	0.00878	0.02761	0.01253	0.01365	0.01839	0.03241	0.32560	0.03794	0.35947	0.02637	0.00552	0.04865	0.01617	0.00591	0.00606
109	0.01088	0.00836	0.01003	0.01006	0.01225	0.00752	0.00776	0.01390	0.02036	0.02679	0.32626	0.09400	0.30659	0.01924	0.00982	0.00281	0.00445	0.09352	0.00813	0.00727
110	0.02265	0.02200	0.02640	0.02636	0.17333	0.15116	0.08026	0.06286	0.01992	0.06432	0.01542	0.01856	0.01238	0.00815	0.00945	0.00221	0.07985	0.00653	0.00481	0.19338
111	0.02547	0.02929	0.02363	0.13464	0.07650	0.39268	0.01729	0.06011	0.08520	0.02344	0.01538	0.01817	0.01231	0.00885	0.00855	0.00237	0.04505	0.00629	0.00465	0.01013
112	0.02157	0.02105	0.01730	0.01518	0.01901	0.21539	0.01168	0.17498	0.02458	0.02921	0.09769	0.03857	0.17571	0.04834	0.05077	0.00331	0.00970	0.01008	0.00650	0.00938
113	0.10139	0.15044	0.43447	0.02081	0.03069	0.04417	0.06109	0.02551	0.01698	0.02560	0.01370	0.01621	0.01027	0.00753	0.00710	0.00242	0.01100	0.00573	0.00368	0.01122
114	0.24646	0.01769	0.05169	0.02302	0.19605	0.01748	0.01494	0.12785	0.02056	0.03315	0.04811	0.02882	0.12188	0.01032	0.00744	0.00251	0.00750	0.00823	0.00575	0.01057
115	0.10726	0.01609	0.01764	0.01413	0.01986	0.01602	0.01135	0.15457	0.13123	0.13058	0.02609	0.04753	0.05612	0.00995	0.00741	0.00223	0.00669	0.00789	0.00716	0.21017
116	0.01987	0.01447	0.01605	0.01385	0.01716	0.01536	0.01045	0.29515	0.02550	0.03405	0.06181	0.18085	0.06816	0.17056	0.01612	0.00385	0.00724	0.01265	0.00729	0.00955
117	0.02506	0.02447	0.15397	0.01888	0.02653	0.02047	0.04418	0.32429	0.06608	0.07896	0.01922	0.01989	0.01382	0.00876	0.00780	0.00232	0.00905	0.00694	0.00665	0.12264
118	0.08860	0.02476	0.09963	0.02378	0.10161	0.17354	0.12206	0.02849	0.02008	0.13272	0.05618	0.02172	0.01657	0.00848	0.00785	0.00238	0.01050	0.00726	0.00543	0.04837
119	0.01627	0.01694	0.05923	0.53094	0.13543	0.01840	0.06452	0.02189	0.01677	0.02211	0.01468	0.02122	0.01116	0.00789	0.00818	0.00266	0.01091	0.00731	0.00369	0.00981

[dist]
# distance from previous block
# <min> <max>
0	2

[block]
# block no. 2 follows, 23 sequences, length 60
# corresponding to MSA columns:
# 203-262
name=unknown_C
#
# <colnr> <probs for GDERKNQSTAVLIFYWHMCP>
#	G	D	E	R	K	N	Q	S	T	A	V	L	I	F	Y	W	H	M	C	P
0	0.05349	0.01635	0.01858	0.01690	0.04776	0.04145	0.01281	0.07498	0.24121	0.15242	0.08938	0.02906	0.02489	0.01111	0.00988	0.00264	0.07746	0.00866	0.05947	0.01151
1	0.02744	0.02796	0.02195	0.01894	0.02380	0.31078	0.01474	0.21231	0.17215	0.03229	0.01967	0.02032	0.01511	0.01131	0.03259	0.00275	0.01131	0.00688	0.00629	0.01142
2	0.01860	0.01667	0.02213	0.01737	0.02226	0.01735	0.07874	0.09426	0.09390	0.02818	0.02319	0.02543	0.07654	0.01035	0.01181	0.00236	0.16046	0.00783	0.00551	0.26705
3	0.01080	0.00875	0.01083	0.01135	0.01251	0.00890	0.00818	0.01241	0.01599	0.02076	0.05237	0.38860	0.25024	0.05184	0.01335	0.00334	0.08723	0.01871	0.00695	0.00688
4	0.00977	0.00828	0.00846	0.00856	0.01126	0.00698	0.00651	0.01191	0.01850	0.02204	0.08022	0.07877	0.62996	0.02064	0.00967	0.00279	0.00428	0.04700	0.00753	0.00688
5	0.01683	0.01442	0.01683	0.01202	0.01923	0.01082	0.00961	0.02043	0.01683	0.02644	0.01442	0.01683	0.01202	0.00601	0.00601	0.00120	0.00601	0.00481	0.00481	0.76444
6	0.01159	0.00869	0.01304	0.01304	0.01449	0.01014	0.01014	0.01449	0.01304	0.01884	0.02173	0.03188	0.02029	0.06086	0.68268	0.01304	0.02173	0.00869	0.00435	0.00724
7	0.02071	0.01824	0.01842	0.01646	0.02105	0.04890	0.01281	0.07110	0.56452	0.03368	0.03354	0.03108	0.05070	0.01124	0.00827	0.00271	0.00681	0.00925	0.00804	0.01249
8	0.01021	0.00731	0.00970	0.01108	0.01184	0.00680	0.00756	0.01210	0.01702	0.02307	0.16750	0.58003	0.05824	0.02366	0.01020	0.00315	0.00453	0.02139	0.00781	0.00680
9	0.01742	0.01656	0.02813	0.41058	0.32423	0.01858	0.02358	0.02257	0.01722	0.02328	0.01479	0.02095	0.01171	0.00772	0.00808	0.00257	0.01030	0.00722	0.00379	0.01071
10	0.01532	0.01442	0.02434	0.69533	0.05589	0.01803	0.02253	0.02073	0.01622	0.02073	0.01442	0.02163	0.01082	0.00811	0.00811	0.00270	0.01082	0.00721	0.00361	0.00901
11	0.02432	0.43837	0.03390	0.01625	0.02194	0.26642	0.01423	0.02680	0.01916	0.02002	0.04333	0.01592	0.01365	0.00793	0.00618	0.00190	0.01060	0.00516	0.00399	0.00991
12	0.00976	0.00797	0.00849	0.00887	0.01101	0.00685	0.00637	0.01158	0.01757	0.02137	0.07188	0.20268	0.50806	0.05652	0.01134	0.00311	0.00442	0.01804	0.00740	0.00670
13	0.03085	0.02273	0.02435	0.01867	0.02516	0.02516	0.01542	0.63716	0.03815	0.05114	0.01948	0.01948	0.01380	0.00974	0.00812	0.00244	0.00893	0.00731	0.00812	0.01380
14	0.01760	0.01693	0.02760	0.31028	0.27068	0.01999	0.02234	0.02199	0.01621	0.02258	0.01390	0.02021	0.01152	0.00914	0.01218	0.00278	0.16275	0.00719	0.00374	0.01039
15	0.02008	0.01928	0.03294	0.04981	0.66422	0.01928	0.02490	0.02490	0.01848	0.02651	0.01526	0.02008	0.01285	0.00723	0.00803	0.00241	0.00964	0.00723	0.00402	0.01285
16	0.01128	0.00847	0.01061	0.01088	0.01295	0.00780	0.00858	0.01449	0.02033	0.02703	0.31979	0.10369	0.22847	0.01953	0.01002	0.00293	0.00485	0.16284	0.00812	0.00734
17	0.01462	0.01399	0.02547	0.31439	0.03854	0.01506	0.16886	0.01924	0.01712	0.02266	0.05738	0.20603	0.02605	0.01284	0.00915	0.00286	0.00953	0.01239	0.00505	0.00878
18	0.01542	0.00921	0.01093	0.01104	0.01295	0.00907	0.00801	0.07650	0.01873	0.07141	0.03558	0.37924	0.03701	0.01775	0.00850	0.00271	0.00497	0.01557	0.24728	0.00810
19	0.01002	0.00712	0.00938	0.01113	0.01157	0.00668	0.00735	0.01133	0.01528	0.02037	0.04340	0.66433	0.05200	0.07290	0.01249	0.00361	0.00493	0.02229	0.00735	0.00648
20	0.02008	0.01928	0.03294	0.04981	0.66422	0.01928	0.02490	0.02490	0.01848	0.02651	0.01526	0.02008	0.01285	0.00723	0.00803	0.00241	0.00964	0.00723	0.00402	0.01285
21	0.01648	0.04076	0.63866	0.02455	0.06868	0.01887	0.02971	0.02565	0.01720	0.02574	0.01460	0.01729	0.01042	0.00768	0.00773	0.00256	0.01187	0.00606	0.00346	0.01204
22	0.01967	0.01886	0.03218	0.10617	0.61110	0.01917	0.02470	0.02454	0.01828	0.02600	0.01519	0.02022	0.01268	0.00731	0.00804	0.00244	0.00974	0.00723	0.00398	0.01252
23	0.01545	0.01284	0.01413	0.01364	0.01679	0.01390	0.01039	0.02839	0.34544	0.02858	0.07497	0.17928	0.14405	0.01649	0.00915	0.00291	0.00562	0.05002	0.00797	0.00998
24	0.00997	0.00709	0.00939	0.01120	0.01165	0.00664	0.00742	0.01132	0.01538	0.02051	0.04393	0.68240	0.05267	0.05392	0.01164	0.00348	0.00484	0.02260	0.00742	0.00652
25	0.01167	0.00781	0.00889	0.00902	0.00905	0.00778	0.00510	0.01177	0.01206	0.01608	0.02689	0.09831	0.03116	0.66735	0.03917	0.00755	0.00765	0.01258	0.00510	0.00503
26	0.01180	0.00787	0.00885	0.00885	0.00885	0.00787	0.00492	0.01180	0.01180	0.01573	0.02557	0.05310	0.02950	0.71483	0.04130	0.00787	0.00787	0.01180	0.00492	0.00492
27	0.07115	0.01390	0.01850	0.01426	0.02048	0.01222	0.01178	0.03880	0.02278	0.63993	0.03103	0.02694	0.01955	0.00992	0.00801	0.00251	0.00687	0.00798	0.00981	0.01357
28	0.01952	0.01870	0.03191	0.12649	0.59195	0.01913	0.02462	0.02441	0.01821	0.02582	0.01516	0.02027	0.01261	0.00733	0.00804	0.00244	0.00978	0.00723	0.00397	0.01240
29	0.02169	0.71972	0.04252	0.01388	0.02083	0.03211	0.01388	0.02430	0.01649	0.01909	0.01128	0.01302	0.01041	0.00694	0.00521	0.00174	0.00868	0.00434	0.00347	0.01041
30	0.00989	0.00706	0.00942	0.01130	0.01177	0.00659	0.00753	0.01130	0.01554	0.02071	0.04472	0.70954	0.05367	0.02542	0.01036	0.00330	0.00471	0.02307	0.00753	0.00659
31	0.03641	0.01381	0.01883	0.01444	0.02071	0.01193	0.01193	0.03954	0.02322	0.66984	0.03201	0.02762	0.02009	0.01004	0.00816	0.00251	0.00690	0.00816	0.01004	0.01381
32	0.05458	0.03811	0.56451	0.02476	0.07274	0.01894	0.06375	0.02557	0.01716	0.02630	0.01455	0.01739	0.01048	0.00762	0.00770	0.00257	0.01166	0.00620	0.00358	0.01182
33	0.03031	0.03867	0.02299	0.02090	0.02508	0.68226	0.01568	0.03240	0.02299	0.01986	0.01254	0.01463	0.01045	0.00836	0.00732	0.00209	0.01463	0.00523	0.00418	0.00941
34	0.03031	0.03867	0.02299	0.02090	0.02508	0.68226	0.01568	0.03240	0.02299	0.01986	0.01254	0.01463	0.01045	0.00836	0.00732	0.00209	0.01463	0.00523	0.00418	0.00941
35	0.02853	0.03579	0.02315	0.10102	0.02874	0.60335	0.01649	0.03102	0.02219	0.01996	0.01277	0.01546	0.01050	0.00833	0.00741	0.00216	0.01418	0.00546	0.00411	0.00936
36	0.01143	0.00771	0.00896	0.00933	0.00942	0.00762	0.00543	0.01170	0.01253	0.01671	0.02932	0.18166	0.03423	0.57982	0.03524	0.00697	0.00725	0.01401	0.00543	0.00524
37	0.01988	0.01908	0.03258	0.07679	0.63878	0.01923	0.02480	0.02473	0.01838	0.02627	0.01523	0.02015	0.01277	0.00727	0.00804	0.00242	0.00969	0.00723	0.00400	0.01269
38	0.01790	0.01662	0.02573	0.34148	0.24022	0.01890	0.02114	0.02700	0.15696	0.02548	0.01880	0.02305	0.01454	0.00847	0.00812	0.00262	0.00947	0.00765	0.00476	0.01107
39	0.00989	0.00706	0.00942	0.01130	0.01177	0.00659	0.00753	0.01130	0.01554	0.02071	0.04472	0.70954	0.05367	0.02542	0.01036	0.00330	0.00471	0.02307	0.00753	0.00659
40	0.03085	0.02273	0.02435	0.01867	0.02516	0.02516	0.01542	0.63716	0.03815	0.05114	0.01948	0.01948	0.01380	0.00974	0.00812	0.00244	0.00893	0.00731	0.00812	0.01380
41	0.01923	0.02307	0.10453	0.29248	0.18712	0.11775	0.06471	0.02530	0.04384	0.02343	0.01525	0.02007	0.01184	0.00793	0.00803	0.00253	0.01127	0.00702	0.00399	0.01060
42	0.01627	0.04197	0.67279	0.02313	0.03512	0.01884	0.02998	0.02570	0.01713	0.02570	0.01456	0.01713	0.01028	0.00771	0.00771	0.00257	0.01199	0.00600	0.00343	0.01199
43	0.01159	0.00869	0.01304	0.01304	0.01449	0.01014	0.01014	0.01449	0.01304	0.01884	0.02173	0.03188	0.02029	0.06086	0.68268	0.01304	0.02173	0.00869	0.00435	0.00724
44	0.01722	0.01702	0.02474	0.17032	0.02895	0.02334	0.01881	0.01979	0.01327	0.01979	0.01149	0.01861	0.01069	0.01286	0.02254	0.00336	0.54762	0.00713	0.00356	0.00891
45	0.01834	0.01697	0.02582	0.28137	0.26493	0.01906	0.02078	0.02824	0.18705	0.02635	0.01972	0.02340	0.01529	0.00857	0.00812	0.00261	0.00921	0.00774	0.00500	0.01142
46	0.09785	0.03220	0.02236	0.01936	0.02425	0.44110	0.01498	0.19805	0.02633	0.02997	0.01434	0.01584	0.01122	0.00867	0.00733	0.00222	0.01230	0.00572	0.00534	0.01056
47	0.01065	0.00819	0.00989	0.01070	0.01259	0.00743	0.00820	0.01313	0.01832	0.02338	0.13133	0.23516	0.30714	0.02171	0.01013	0.00308	0.00497	0.14930	0.00768	0.00702
48	0.02398	0.46268	0.07990	0.01669	0.02313	0.23201	0.01555	0.02690	0.01854	0.01978	0.01190	0.01380	0.01042	0.00743	0.00603	0.00190	0.01075	0.00473	0.00369	0.01021
49	0.01945	0.01911	0.03028	0.20787	0.47971	0.05434	0.02383	0.02427	0.01816	0.02473	0.01491	0.02018	0.01222	0.00751	0.00801	0.00247	0.01020	0.00712	0.00392	0.01172
50	0.01532	0.01442	0.02434	0.69533	0.05589	0.01803	0.02253	0.02073	0.01622	0.02073	0.01442	0.02163	0.01082	0.00811	0.00811	0.00270	0.01082	0.00721	0.00361	0.00901
51	0.00987	0.00712	0.00936	0.01115	0.01173	0.00660	0.00747	0.01132	0.01568	0.02077	0.04655	0.67878	0.08324	0.02518	0.01032	0.00327	0.00468	0.02278	0.00753	0.00660
52	0.01944	0.02086	0.02555	0.05718	0.02631	0.17914	0.14836	0.02297	0.01711	0.02166	0.01610	0.02208	0.01380	0.02085	0.16085	0.00496	0.15013	0.00757	0.05609	0.00901
53	0.20739	0.01827	0.02460	0.14108	0.27534	0.01998	0.01863	0.14614	0.02088	0.03291	0.01498	0.01851	0.01170	0.00795	0.00732	0.00249	0.00886	0.00654	0.00502	0.01140
54	0.01461	0.01346	0.01760	0.01647	0.01718	0.04499	0.01298	0.01663	0.01383	0.01964	0.02230	0.19267	0.02401	0.02995	0.20783	0.00612	0.30564	0.01142	0.00479	0.00787
55	0.05485	0.01374	0.01520	0.01388	0.01645	0.05942	0.01063	0.13848	0.01851	0.02564	0.02077	0.03083	0.01928	0.15306	0.36274	0.00881	0.01564	0.00848	0.00521	0.00838
56	0.07579	0.01224	0.06249	0.01104	0.01446	0.00964	0.00897	0.01630	0.01639	0.05540	0.06420	0.15353	0.20260	0.15541	0.01502	0.00362	0.00611	0.01309	0.00634	0.09736
57	0.02009	0.01906	0.03120	0.04585	0.58782	0.01939	0.02347	0.02707	0.09344	0.02739	0.01737	0.02129	0.01427	0.00768	0.00806	0.00245	0.00926	0.00746	0.00452	0.01285
58	0.01928	0.01846	0.03148	0.15886	0.56144	0.01907	0.02450	0.02420	0.01810	0.02553	0.01512	0.02034	0.01251	0.00738	0.00805	0.00246	0.00984	0.00723	0.00395	0.01220
59	0.35313	0.38332	0.05250	0.01281	0.01909	0.02547	0.01223	0.02415	0.01533	0.02699	0.01141	0.01324	0.00969	0.00723	0.00522	0.00211	0.00774	0.00442	0.00415	0.00975

[dist]
# distance from previous block
# <min> <max>
0	10

# created by:
# /home/cegg/simao/soft/augustus-3.2.1/scripts/msa2prfl.pl ./align_prep/11688.fa
