[name]
unknown

[dist]
# distance from previous block
# <min> <max>
0	89

[block]
# block no. 0 follows, 23 sequences, length 98
# corresponding to MSA columns:
# 89-186
name=unknown_A
#
# <colnr> <probs for GDERKNQSTAVLIFYWHMCP>
#	G	D	E	R	K	N	Q	S	T	A	V	L	I	F	Y	W	H	M	C	P
0	0.01744	0.08009	0.02581	0.02925	0.27125	0.01668	0.05683	0.04458	0.05050	0.02562	0.02646	0.15834	0.02686	0.01355	0.00889	0.00279	0.00833	0.12071	0.00561	0.01041
1	0.02025	0.01819	0.01957	0.01789	0.05700	0.10934	0.04270	0.08255	0.13605	0.05462	0.02554	0.17156	0.02380	0.01213	0.00813	0.00238	0.00791	0.01040	0.00639	0.17358
2	0.05287	0.02270	0.22449	0.02358	0.16319	0.01538	0.01895	0.02320	0.07600	0.02685	0.07332	0.10284	0.07727	0.01149	0.00819	0.00256	0.00827	0.00987	0.00537	0.05361
3	0.10556	0.02304	0.16368	0.05848	0.08088	0.01884	0.01799	0.21068	0.02425	0.15277	0.01953	0.02049	0.01374	0.00880	0.00758	0.00247	0.00886	0.00686	0.04330	0.01221
4	0.05917	0.07486	0.42166	0.02073	0.03028	0.09369	0.02375	0.09558	0.02028	0.06458	0.01553	0.01728	0.01118	0.00809	0.00746	0.00245	0.01118	0.00600	0.00449	0.01176
5	0.06607	0.38984	0.05793	0.01640	0.02206	0.21809	0.01475	0.02600	0.01790	0.02057	0.01225	0.01477	0.01081	0.01031	0.03915	0.00254	0.04189	0.00500	0.00381	0.00987
6	0.01737	0.01688	0.02581	0.39149	0.18059	0.04390	0.02136	0.02189	0.01645	0.02211	0.01398	0.02019	0.01129	0.00870	0.01065	0.00265	0.11103	0.00699	0.00378	0.05288
7	0.01850	0.01750	0.02966	0.20926	0.47539	0.01840	0.02364	0.02340	0.01792	0.02494	0.01662	0.02452	0.01426	0.00831	0.00823	0.00256	0.00981	0.04137	0.00411	0.01159
8	0.41171	0.01208	0.01128	0.01072	0.01407	0.01372	0.00849	0.02001	0.01429	0.03020	0.01839	0.06010	0.01622	0.02171	0.16848	0.00498	0.00946	0.00705	0.13894	0.00807
9	0.02266	0.51771	0.11049	0.01622	0.02323	0.14999	0.01604	0.02594	0.01776	0.01998	0.01188	0.01378	0.01040	0.00729	0.00588	0.00190	0.01015	0.00469	0.00360	0.01041
10	0.02436	0.02739	0.02878	0.03772	0.39703	0.29643	0.02105	0.02804	0.02036	0.02373	0.01413	0.01780	0.01185	0.00770	0.00773	0.00228	0.01173	0.00639	0.00409	0.01141
11	0.05349	0.18889	0.50350	0.02051	0.03107	0.02171	0.02545	0.02530	0.01683	0.02476	0.01369	0.01604	0.01024	0.00753	0.00703	0.00238	0.01099	0.00556	0.00351	0.01149
12	0.01532	0.01442	0.02434	0.69533	0.05589	0.01803	0.02253	0.02073	0.01622	0.02073	0.01442	0.02163	0.01082	0.00811	0.00811	0.00270	0.01082	0.00721	0.00361	0.00901
13	0.01627	0.04197	0.67279	0.02313	0.03512	0.01884	0.02998	0.02570	0.01713	0.02570	0.01456	0.01713	0.01028	0.00771	0.00771	0.00257	0.01199	0.00600	0.00343	0.01199
14	0.01017	0.00824	0.00903	0.00883	0.01132	0.00710	0.00662	0.01277	0.01987	0.02518	0.25943	0.07273	0.48166	0.01933	0.00958	0.00268	0.00402	0.01637	0.00796	0.00710
15	0.00959	0.00822	0.00822	0.00822	0.01096	0.00685	0.00617	0.01165	0.01850	0.02192	0.08220	0.07809	0.66092	0.02055	0.00959	0.00274	0.00411	0.01713	0.00754	0.00685
16	0.00989	0.00706	0.00942	0.01130	0.01177	0.00659	0.00753	0.01130	0.01554	0.02071	0.04472	0.70954	0.05367	0.02542	0.01036	0.00330	0.00471	0.02307	0.00753	0.00659
17	0.00989	0.00706	0.00942	0.01130	0.01177	0.00659	0.00753	0.01130	0.01554	0.02071	0.04472	0.70954	0.05367	0.02542	0.01036	0.00330	0.00471	0.02307	0.00753	0.00659
18	0.77215	0.01569	0.01193	0.01067	0.01569	0.01820	0.00879	0.02385	0.01381	0.03641	0.01130	0.01318	0.00879	0.00753	0.00502	0.00251	0.00628	0.00439	0.00502	0.00879
19	0.01049	0.00778	0.00877	0.00927	0.01039	0.00716	0.00606	0.01161	0.01522	0.01930	0.05120	0.23552	0.26530	0.28053	0.02161	0.00480	0.00567	0.01671	0.00656	0.00606
20	0.00989	0.00706	0.00942	0.01130	0.01177	0.00659	0.00753	0.01130	0.01554	0.02071	0.04472	0.70954	0.05367	0.02542	0.01036	0.00330	0.00471	0.02307	0.00753	0.00659
21	0.03031	0.03867	0.02299	0.02090	0.02508	0.68226	0.01568	0.03240	0.02299	0.01986	0.01254	0.01463	0.01045	0.00836	0.00732	0.00209	0.01463	0.00523	0.00418	0.00941
22	0.01058	0.00809	0.00977	0.01013	0.01202	0.00727	0.00755	0.01323	0.01935	0.02539	0.26300	0.21147	0.28133	0.02046	0.00989	0.00288	0.00443	0.06805	0.00799	0.00711
23	0.01930	0.42076	0.32053	0.01796	0.02713	0.02626	0.02098	0.02491	0.01677	0.02200	0.01273	0.01483	0.01035	0.00728	0.00631	0.00210	0.01014	0.00507	0.00345	0.01111
24	0.06359	0.03139	0.02231	0.01921	0.02406	0.41906	0.01489	0.22130	0.02710	0.03084	0.01522	0.01671	0.01184	0.00880	0.00740	0.00221	0.01203	0.00593	0.03545	0.01068
25	0.01104	0.00802	0.01041	0.01035	0.01199	0.00738	0.00756	0.01426	0.02113	0.02945	0.49790	0.20332	0.09941	0.01871	0.00974	0.00272	0.00403	0.01663	0.00856	0.00738
26	0.01159	0.00869	0.01304	0.01304	0.01449	0.01014	0.01014	0.01449	0.01304	0.01884	0.02173	0.03188	0.02029	0.06086	0.68268	0.01304	0.02173	0.00869	0.00435	0.00724
27	0.77215	0.01569	0.01193	0.01067	0.01569	0.01820	0.00879	0.02385	0.01381	0.03641	0.01130	0.01318	0.00879	0.00753	0.00502	0.00251	0.00628	0.00439	0.00502	0.00879
28	0.01864	0.03173	0.37798	0.03363	0.28809	0.01938	0.02710	0.06021	0.01887	0.02747	0.01512	0.01845	0.01152	0.00763	0.00786	0.00250	0.01087	0.00657	0.00393	0.01244
29	0.02660	0.21348	0.09764	0.01934	0.02507	0.44461	0.01675	0.02961	0.02070	0.02029	0.01244	0.01449	0.01042	0.00793	0.00682	0.00205	0.01282	0.00508	0.00392	0.00994
30	0.01409	0.00705	0.01057	0.01057	0.01057	0.00705	0.00705	0.01057	0.01057	0.01409	0.01409	0.02467	0.01409	0.02819	0.03171	0.76392	0.00705	0.00705	0.00352	0.00352
31	0.01201	0.00896	0.01042	0.01003	0.01186	0.00864	0.00715	0.04842	0.01830	0.02413	0.19204	0.08863	0.23734	0.20230	0.07986	0.00498	0.00694	0.01411	0.00692	0.00696
32	0.02134	0.02364	0.15475	0.02660	0.18085	0.02009	0.04268	0.20201	0.08793	0.03349	0.02419	0.02569	0.07354	0.00992	0.00893	0.00257	0.03558	0.00820	0.00582	0.01218
33	0.01925	0.02424	0.17283	0.04397	0.52668	0.01918	0.02601	0.02508	0.01818	0.02633	0.01511	0.01944	0.01229	0.00733	0.00796	0.00244	0.01015	0.00696	0.00389	0.01266
34	0.02008	0.01928	0.03294	0.04981	0.66422	0.01928	0.02490	0.02490	0.01848	0.02651	0.01526	0.02008	0.01285	0.00723	0.00803	0.00241	0.00964	0.00723	0.00402	0.01285
35	0.02188	0.08326	0.21663	0.03153	0.25990	0.20048	0.02305	0.02713	0.01917	0.02391	0.01402	0.01722	0.01127	0.00766	0.00753	0.00232	0.01161	0.00611	0.00385	0.01148
36	0.01722	0.03940	0.57895	0.02592	0.10261	0.04422	0.02889	0.02587	0.01750	0.02556	0.01456	0.01735	0.01056	0.00768	0.00773	0.00253	0.01184	0.00610	0.00352	0.01199
37	0.01017	0.00824	0.00903	0.00883	0.01132	0.00710	0.00662	0.01277	0.01987	0.02518	0.25943	0.07273	0.48166	0.01933	0.00958	0.00268	0.00402	0.01637	0.00796	0.00710
38	0.02008	0.01928	0.03294	0.04981	0.66422	0.01928	0.02490	0.02490	0.01848	0.02651	0.01526	0.02008	0.01285	0.00723	0.00803	0.00241	0.00964	0.00723	0.00402	0.01285
39	0.01985	0.01904	0.03251	0.08140	0.63445	0.01922	0.02479	0.02470	0.01837	0.02623	0.01522	0.02016	0.01275	0.00727	0.00804	0.00242	0.00970	0.00723	0.00400	0.01267
40	0.02169	0.71972	0.04252	0.01388	0.02083	0.03211	0.01388	0.02430	0.01649	0.01909	0.01128	0.01302	0.01041	0.00694	0.00521	0.00174	0.00868	0.00434	0.00347	0.01041
41	0.00996	0.00788	0.00897	0.00945	0.01138	0.00689	0.00680	0.01207	0.01824	0.02310	0.15504	0.26924	0.38933	0.02147	0.00982	0.00288	0.00425	0.01859	0.00774	0.00689
42	0.01687	0.03778	0.54248	0.02544	0.03664	0.01919	0.15609	0.02576	0.01755	0.02576	0.01495	0.01812	0.01070	0.00753	0.00810	0.00260	0.01234	0.00674	0.00357	0.01177
43	0.02152	0.02271	0.01776	0.01649	0.01953	0.30019	0.01253	0.08147	0.02017	0.02317	0.01996	0.08574	0.01855	0.02723	0.22757	0.00579	0.01487	0.00833	0.04767	0.00876
44	0.01940	0.01859	0.03171	0.14206	0.57728	0.01910	0.02456	0.02431	0.01815	0.02568	0.01514	0.02030	0.01256	0.00736	0.00804	0.00245	0.00981	0.00723	0.00396	0.01230
45	0.03040	0.01510	0.01879	0.01475	0.02028	0.01455	0.01204	0.18917	0.02703	0.39329	0.14409	0.03158	0.02884	0.01117	0.00841	0.00250	0.00686	0.00914	0.00934	0.01268
46	0.01185	0.00881	0.01110	0.01044	0.01256	0.00831	0.00785	0.01665	0.05813	0.03194	0.58731	0.06002	0.11122	0.01653	0.00950	0.00258	0.00399	0.01452	0.00880	0.00790
47	0.01973	0.01878	0.03193	0.04804	0.63146	0.01878	0.02430	0.02449	0.01849	0.02640	0.01666	0.02370	0.01457	0.00800	0.00819	0.00248	0.00953	0.03771	0.00419	0.01258
48	0.00989	0.00706	0.00942	0.01130	0.01177	0.00659	0.00753	0.01130	0.01554	0.02071	0.04472	0.70954	0.05367	0.02542	0.01036	0.00330	0.00471	0.02307	0.00753	0.00659
49	0.03031	0.03867	0.02299	0.02090	0.02508	0.68226	0.01568	0.03240	0.02299	0.01986	0.01254	0.01463	0.01045	0.00836	0.00732	0.00209	0.01463	0.00523	0.00418	0.00941
50	0.01906	0.02162	0.04640	0.03337	0.04105	0.02080	0.59506	0.02558	0.01872	0.02558	0.01605	0.02162	0.01221	0.00731	0.01067	0.00279	0.05783	0.00942	0.00407	0.01081
51	0.03536	0.01404	0.01880	0.01457	0.02074	0.01246	0.01199	0.03977	0.06352	0.62893	0.03208	0.02779	0.02039	0.01011	0.00817	0.00253	0.00687	0.00823	0.00993	0.01375
52	0.01180	0.00787	0.00885	0.00885	0.00885	0.00787	0.00492	0.01180	0.01180	0.01573	0.02557	0.05310	0.02950	0.71483	0.04130	0.00787	0.00787	0.01180	0.00492	0.00492
53	0.02003	0.01943	0.03378	0.04892	0.62904	0.01935	0.05940	0.02496	0.01851	0.02648	0.01533	0.02018	0.01282	0.00721	0.00812	0.00243	0.00987	0.00736	0.00402	0.01274
54	0.01911	0.08646	0.02138	0.01713	0.02013	0.22001	0.04116	0.02182	0.01665	0.01955	0.01683	0.02326	0.01523	0.03361	0.33033	0.00741	0.07015	0.00714	0.00414	0.00850
55	0.01834	0.01477	0.01726	0.01243	0.01957	0.01152	0.00998	0.04931	0.01808	0.05629	0.01544	0.01743	0.01246	0.00636	0.00620	0.00132	0.00618	0.00507	0.00519	0.69682
56	0.02953	0.01890	0.02167	0.01711	0.02266	0.02042	0.01396	0.36696	0.09189	0.19585	0.02310	0.02272	0.01626	0.01121	0.01041	0.04562	0.04305	0.00767	0.00811	0.01288
57	0.01142	0.00858	0.00905	0.00873	0.01165	0.00722	0.00662	0.01365	0.01905	0.06420	0.11172	0.07385	0.58657	0.01965	0.00950	0.00271	0.00427	0.01641	0.00778	0.00734
58	0.01180	0.00787	0.00885	0.00885	0.00885	0.00787	0.00492	0.01180	0.01180	0.01573	0.02557	0.05310	0.02950	0.71483	0.04130	0.00787	0.00787	0.01180	0.00492	0.00492
59	0.01675	0.01680	0.02798	0.02269	0.02505	0.02056	0.16908	0.02003	0.01423	0.02098	0.01450	0.02187	0.01317	0.02258	0.16583	0.00542	0.38152	0.00806	0.00386	0.00903
60	0.01627	0.04197	0.67279	0.02313	0.03512	0.01884	0.02998	0.02570	0.01713	0.02570	0.01456	0.01713	0.01028	0.00771	0.00771	0.00257	0.01199	0.00600	0.00343	0.01199
61	0.01923	0.01973	0.02686	0.23647	0.22291	0.10110	0.02109	0.02306	0.01667	0.02201	0.01340	0.01925	0.01133	0.00956	0.01309	0.00278	0.20059	0.00694	0.00378	0.01016
62	0.01180	0.00787	0.00885	0.00885	0.00885	0.00787	0.00492	0.01180	0.01180	0.01573	0.02557	0.05310	0.02950	0.71483	0.04130	0.00787	0.00787	0.01180	0.00492	0.00492
63	0.01627	0.04197	0.67279	0.02313	0.03512	0.01884	0.02998	0.02570	0.01713	0.02570	0.01456	0.01713	0.01028	0.00771	0.00771	0.00257	0.01199	0.00600	0.00343	0.01199
64	0.01180	0.00787	0.00885	0.00885	0.00885	0.00787	0.00492	0.01180	0.01180	0.01573	0.02557	0.05310	0.02950	0.71483	0.04130	0.00787	0.00787	0.01180	0.00492	0.00492
65	0.00989	0.00706	0.00942	0.01130	0.01177	0.00659	0.00753	0.01130	0.01554	0.02071	0.04472	0.70954	0.05367	0.02542	0.01036	0.00330	0.00471	0.02307	0.00753	0.00659
66	0.03014	0.02305	0.02391	0.01862	0.02490	0.05214	0.01527	0.57382	0.07685	0.04873	0.02006	0.01997	0.01437	0.00976	0.00809	0.00244	0.00900	0.00734	0.00796	0.01356
67	0.02577	0.01575	0.01831	0.01496	0.01991	0.01619	0.01201	0.24045	0.09779	0.21159	0.12384	0.07667	0.06515	0.01259	0.00859	0.00258	0.00680	0.01040	0.00871	0.01193
68	0.01978	0.48086	0.26465	0.01714	0.02586	0.02743	0.01956	0.02479	0.01671	0.02142	0.01244	0.01447	0.01037	0.00721	0.00609	0.00203	0.00985	0.00492	0.00346	0.01097
69	0.02009	0.50903	0.20563	0.01665	0.02457	0.02830	0.01826	0.02443	0.01646	0.02083	0.01210	0.01432	0.01039	0.00750	0.00691	0.00204	0.04337	0.00491	0.00346	0.01075
70	0.01160	0.00866	0.01285	0.01285	0.01424	0.01004	0.00991	0.01437	0.01299	0.01870	0.02191	0.03283	0.02070	0.09007	0.65403	0.01281	0.02112	0.00883	0.00437	0.00714
71	0.02986	0.03370	0.02389	0.02201	0.06151	0.48519	0.01614	0.17859	0.02641	0.02782	0.01438	0.01612	0.01140	0.00863	0.00755	0.00219	0.01297	0.00584	0.00513	0.01067
72	0.01426	0.00907	0.01272	0.05040	0.01601	0.01008	0.00987	0.01753	0.01484	0.06359	0.02313	0.03063	0.01986	0.04214	0.43700	0.00908	0.01581	0.00830	0.18784	0.00784
73	0.01148	0.00829	0.01085	0.01021	0.01212	0.00766	0.00766	0.01531	0.02297	0.03254	0.65994	0.06061	0.07656	0.01659	0.00957	0.00255	0.00383	0.01467	0.00893	0.00766
74	0.01981	0.01900	0.03245	0.08640	0.62973	0.01921	0.02477	0.02467	0.01835	0.02618	0.01522	0.02017	0.01274	0.00728	0.00804	0.00243	0.00971	0.00723	0.00399	0.01264
75	0.03031	0.03867	0.02299	0.02090	0.02508	0.68226	0.01568	0.03240	0.02299	0.01986	0.01254	0.01463	0.01045	0.00836	0.00732	0.00209	0.01463	0.00523	0.00418	0.00941
76	0.03031	0.03867	0.02299	0.02090	0.02508	0.68226	0.01568	0.03240	0.02299	0.01986	0.01254	0.01463	0.01045	0.00836	0.00732	0.00209	0.01463	0.00523	0.00418	0.00941
77	0.01159	0.00869	0.01304	0.01304	0.01449	0.01014	0.01014	0.01449	0.01304	0.01884	0.02173	0.03188	0.02029	0.06086	0.68268	0.01304	0.02173	0.00869	0.00435	0.00724
78	0.00970	0.00822	0.00837	0.00833	0.01103	0.00690	0.00625	0.01185	0.01875	0.02252	0.11495	0.07710	0.62780	0.02033	0.00959	0.00273	0.00409	0.01699	0.00761	0.00690
79	0.01159	0.00869	0.01304	0.01304	0.01449	0.01014	0.01014	0.01449	0.01304	0.01884	0.02173	0.03188	0.02029	0.06086	0.68268	0.01304	0.02173	0.00869	0.00435	0.00724
80	0.03085	0.02273	0.02435	0.01867	0.02516	0.02516	0.01542	0.63716	0.03815	0.05114	0.01948	0.01948	0.01380	0.00974	0.00812	0.00244	0.00893	0.00731	0.00812	0.01380
81	0.03641	0.01381	0.01883	0.01444	0.02071	0.01193	0.01193	0.03954	0.02322	0.66984	0.03201	0.02762	0.02009	0.01004	0.00816	0.00251	0.00690	0.00816	0.01004	0.01381
82	0.00959	0.00822	0.00822	0.00822	0.01096	0.00685	0.00617	0.01165	0.01850	0.02192	0.08220	0.07809	0.66092	0.02055	0.00959	0.00274	0.00411	0.01713	0.00754	0.00685
83	0.01038	0.00744	0.00985	0.01096	0.01188	0.00692	0.00757	0.01253	0.01782	0.02434	0.23345	0.51047	0.06069	0.02271	0.01012	0.00307	0.00444	0.02049	0.00796	0.00692
84	0.00959	0.00822	0.00822	0.00822	0.01096	0.00685	0.00617	0.01165	0.01850	0.02192	0.08220	0.07809	0.66092	0.02055	0.00959	0.00274	0.00411	0.01713	0.00754	0.00685
85	0.01175	0.00808	0.00992	0.00992	0.01029	0.00845	0.00625	0.01249	0.01212	0.01653	0.02459	0.04768	0.02715	0.54796	0.20496	0.00919	0.01141	0.01101	0.00477	0.00551
86	0.03031	0.03867	0.02299	0.02090	0.02508	0.68226	0.01568	0.03240	0.02299	0.01986	0.01254	0.01463	0.01045	0.00836	0.00732	0.00209	0.01463	0.00523	0.00418	0.00941
87	0.01683	0.01442	0.01683	0.01202	0.01923	0.01082	0.00961	0.02043	0.01683	0.02644	0.01442	0.01683	0.01202	0.00601	0.00601	0.00120	0.00601	0.00481	0.00481	0.76444
88	0.02804	0.03392	0.02341	0.02085	0.02439	0.52410	0.01604	0.06449	0.02192	0.02158	0.01259	0.01548	0.01068	0.00951	0.01091	0.00238	0.14016	0.00569	0.00429	0.00956
89	0.00982	0.00731	0.00915	0.01063	0.01159	0.00665	0.00723	0.01137	0.01618	0.02098	0.05292	0.57149	0.18643	0.02436	0.01019	0.00317	0.00458	0.02177	0.00753	0.00665
90	0.25508	0.02552	0.07875	0.01671	0.02227	0.20425	0.01422	0.09657	0.13217	0.05556	0.01745	0.01819	0.01318	0.00873	0.00693	0.00243	0.00947	0.00607	0.00573	0.01070
91	0.27460	0.12765	0.02230	0.01839	0.07946	0.22930	0.01343	0.05377	0.01875	0.02736	0.01458	0.05933	0.01304	0.00893	0.00653	0.00230	0.00960	0.00624	0.00474	0.00969
92	0.02176	0.02317	0.02375	0.02957	0.27519	0.22565	0.01730	0.02736	0.09054	0.02491	0.02510	0.02708	0.09199	0.00974	0.00789	0.00236	0.00985	0.00803	0.04802	0.01074
93	0.02458	0.02302	0.02364	0.02117	0.05974	0.14042	0.01618	0.21592	0.13954	0.03233	0.01807	0.02016	0.01430	0.01081	0.01309	0.00274	0.19970	0.00722	0.00595	0.01144
94	0.02671	0.02616	0.08800	0.02038	0.06090	0.18954	0.01641	0.20837	0.11781	0.09984	0.02138	0.05128	0.01657	0.00996	0.00799	0.00245	0.00997	0.00770	0.00660	0.01198
95	0.20719	0.08942	0.02016	0.01571	0.02047	0.28447	0.01246	0.06263	0.04267	0.06811	0.02201	0.02264	0.08154	0.00962	0.00694	0.00230	0.00981	0.00667	0.00543	0.00973
96	0.24776	0.02758	0.19390	0.02240	0.09180	0.11703	0.07625	0.08325	0.01929	0.03055	0.01399	0.01654	0.01064	0.00781	0.00709	0.00247	0.01029	0.00598	0.00458	0.01081
97	0.02403	0.15639	0.18696	0.02483	0.14241	0.22049	0.02018	0.02860	0.01959	0.08235	0.01510	0.01714	0.01173	0.00790	0.00724	0.00224	0.01129	0.00589	0.00438	0.01125

[dist]
# distance from previous block
# <min> <max>
19	181

[block]
# block no. 1 follows, 23 sequences, length 50
# corresponding to MSA columns:
# 372-421
name=unknown_B
#
# <colnr> <probs for GDERKNQSTAVLIFYWHMCP>
#	G	D	E	R	K	N	Q	S	T	A	V	L	I	F	Y	W	H	M	C	P
0	0.01993	0.01939	0.08334	0.05438	0.02419	0.01863	0.01541	0.16767	0.06624	0.03059	0.01843	0.07013	0.01592	0.01065	0.01151	0.00246	0.15026	0.00778	0.00558	0.20750
1	0.02019	0.22423	0.29057	0.01826	0.02707	0.02265	0.02008	0.11378	0.05830	0.02809	0.01546	0.01708	0.01190	0.00780	0.00691	0.00218	0.00962	0.00578	0.00456	0.09549
2	0.01931	0.02134	0.10221	0.04010	0.45649	0.01855	0.05310	0.02593	0.06345	0.02692	0.01644	0.02027	0.01332	0.00742	0.00790	0.00235	0.00952	0.00712	0.00433	0.08394
3	0.02008	0.01928	0.03294	0.04981	0.66422	0.01928	0.02490	0.02490	0.01848	0.02651	0.01526	0.02008	0.01285	0.00723	0.00803	0.00241	0.00964	0.00723	0.00402	0.01285
4	0.02008	0.01928	0.03294	0.04981	0.66422	0.01928	0.02490	0.02490	0.01848	0.02651	0.01526	0.02008	0.01285	0.00723	0.00803	0.00241	0.00964	0.00723	0.00402	0.01285
5	0.01627	0.04197	0.67279	0.02313	0.03512	0.01884	0.02998	0.02570	0.01713	0.02570	0.01456	0.01713	0.01028	0.00771	0.00771	0.00257	0.01199	0.00600	0.00343	0.01199
6	0.77215	0.01569	0.01193	0.01067	0.01569	0.01820	0.00879	0.02385	0.01381	0.03641	0.01130	0.01318	0.00879	0.00753	0.00502	0.00251	0.00628	0.00439	0.00502	0.00879
7	0.01010	0.00817	0.00897	0.00891	0.01131	0.00704	0.00663	0.01258	0.01949	0.02461	0.23003	0.10904	0.47514	0.01980	0.00963	0.00272	0.00407	0.01682	0.00790	0.00704
8	0.77215	0.01569	0.01193	0.01067	0.01569	0.01820	0.00879	0.02385	0.01381	0.03641	0.01130	0.01318	0.00879	0.00753	0.00502	0.00251	0.00628	0.00439	0.00502	0.00879
9	0.01148	0.00829	0.01085	0.01021	0.01212	0.00766	0.00766	0.01531	0.02297	0.03254	0.65994	0.06061	0.07656	0.01659	0.00957	0.00255	0.00383	0.01467	0.00893	0.00766
10	0.00989	0.00706	0.00942	0.01130	0.01177	0.00659	0.00753	0.01130	0.01554	0.02071	0.04472	0.70954	0.05367	0.02542	0.01036	0.00330	0.00471	0.02307	0.00753	0.00659
11	0.01148	0.00829	0.01085	0.01021	0.01212	0.00766	0.00766	0.01531	0.02297	0.03254	0.65994	0.06061	0.07656	0.01659	0.00957	0.00255	0.00383	0.01467	0.00893	0.00766
12	0.01128	0.00829	0.01056	0.00999	0.01200	0.00757	0.00750	0.01492	0.02249	0.03140	0.59789	0.06249	0.13932	0.01701	0.00957	0.00257	0.00386	0.01494	0.00878	0.00757
13	0.02018	0.01743	0.01835	0.01651	0.02110	0.02018	0.01284	0.04312	0.64956	0.03394	0.03303	0.03027	0.02477	0.01101	0.00826	0.00275	0.00642	0.00917	0.00826	0.01284
14	0.01513	0.00756	0.00756	0.00756	0.00945	0.00756	0.00567	0.01891	0.01702	0.03025	0.02647	0.03025	0.02080	0.00945	0.00567	0.00189	0.00378	0.00756	0.75988	0.00756
15	0.02008	0.01928	0.03294	0.04981	0.66422	0.01928	0.02490	0.02490	0.01848	0.02651	0.01526	0.02008	0.01285	0.00723	0.00803	0.00241	0.00964	0.00723	0.00402	0.01285
16	0.02008	0.01928	0.03294	0.04981	0.66422	0.01928	0.02490	0.02490	0.01848	0.02651	0.01526	0.02008	0.01285	0.00723	0.00803	0.00241	0.00964	0.00723	0.00402	0.01285
17	0.01507	0.01181	0.01439	0.01496	0.01775	0.01258	0.01251	0.02475	0.21785	0.02716	0.04264	0.07123	0.08382	0.01868	0.01016	0.00335	0.00690	0.37755	0.00772	0.00912
18	0.01928	0.31150	0.38255	0.01931	0.02882	0.06436	0.02271	0.02555	0.01723	0.02271	0.01313	0.01534	0.01034	0.00744	0.00669	0.00221	0.01083	0.00529	0.00349	0.01121
19	0.02415	0.02355	0.02936	0.03815	0.41662	0.14230	0.02128	0.15098	0.02331	0.03030	0.01562	0.01896	0.01260	0.00795	0.00792	0.00236	0.01041	0.00688	0.00488	0.01241
20	0.05222	0.06218	0.18312	0.01426	0.02066	0.01368	0.01436	0.02161	0.04253	0.05820	0.16439	0.03556	0.11714	0.01128	0.00781	0.00227	0.00703	0.00924	0.00604	0.15641
21	0.01980	0.01915	0.03317	0.08228	0.60483	0.01927	0.05236	0.02474	0.01839	0.02619	0.01527	0.02024	0.01272	0.00726	0.00811	0.00244	0.00988	0.00733	0.00400	0.01257
22	0.01283	0.00926	0.01273	0.01446	0.01639	0.00916	0.01258	0.01644	0.01867	0.02411	0.04578	0.09057	0.09074	0.02228	0.01109	0.00366	0.00723	0.56712	0.00748	0.00743
23	0.02008	0.01928	0.03294	0.04981	0.66422	0.01928	0.02490	0.02490	0.01848	0.02651	0.01526	0.02008	0.01285	0.00723	0.00803	0.00241	0.00964	0.00723	0.00402	0.01285
24	0.01965	0.02091	0.02457	0.02124	0.02187	0.12422	0.01744	0.02147	0.01402	0.01958	0.01094	0.01728	0.01062	0.01332	0.02371	0.00333	0.59639	0.00682	0.00365	0.00896
25	0.00972	0.00802	0.00853	0.00883	0.01115	0.00684	0.00646	0.01173	0.01816	0.02213	0.09830	0.18685	0.53282	0.02124	0.00972	0.00283	0.00420	0.01806	0.00759	0.00684
26	0.00989	0.00706	0.00942	0.01130	0.01177	0.00659	0.00753	0.01130	0.01554	0.02071	0.04472	0.70954	0.05367	0.02542	0.01036	0.00330	0.00471	0.02307	0.00753	0.00659
27	0.00983	0.00823	0.00855	0.00847	0.01111	0.00695	0.00635	0.01211	0.01906	0.02326	0.15536	0.07588	0.58692	0.02005	0.00959	0.00272	0.00407	0.01681	0.00771	0.00695
28	0.02008	0.01928	0.03294	0.04981	0.66422	0.01928	0.02490	0.02490	0.01848	0.02651	0.01526	0.02008	0.01285	0.00723	0.00803	0.00241	0.00964	0.00723	0.00402	0.01285
29	0.01308	0.00934	0.01308	0.01494	0.01681	0.00934	0.01308	0.01681	0.01868	0.02428	0.04296	0.09153	0.04670	0.02242	0.01121	0.00374	0.00747	0.60960	0.00747	0.00747
30	0.00986	0.00716	0.00931	0.01104	0.01170	0.00661	0.00742	0.01133	0.01579	0.02082	0.04793	0.65552	0.10561	0.02500	0.01029	0.00325	0.00466	0.02256	0.00753	0.00661
31	0.02008	0.01928	0.03294	0.04981	0.66422	0.01928	0.02490	0.02490	0.01848	0.02651	0.01526	0.02008	0.01285	0.00723	0.00803	0.00241	0.00964	0.00723	0.00402	0.01285
32	0.01976	0.02092	0.07325	0.04662	0.56357	0.01938	0.08650	0.02506	0.01846	0.02641	0.01534	0.02009	0.01264	0.00722	0.00817	0.00245	0.01019	0.00739	0.00399	0.01261
33	0.01627	0.04197	0.67279	0.02313	0.03512	0.01884	0.02998	0.02570	0.01713	0.02570	0.01456	0.01713	0.01028	0.00771	0.00771	0.00257	0.01199	0.00600	0.00343	0.01199
34	0.00970	0.00822	0.00837	0.00833	0.01103	0.00690	0.00625	0.01185	0.01875	0.02252	0.11467	0.07711	0.62808	0.02033	0.00959	0.00273	0.00409	0.01699	0.00761	0.00690
35	0.01948	0.01866	0.03185	0.13155	0.58718	0.01912	0.02460	0.02437	0.01819	0.02578	0.01516	0.02028	0.01260	0.00734	0.00804	0.00245	0.00979	0.00723	0.00396	0.01237
36	0.01148	0.00829	0.01085	0.01021	0.01212	0.00766	0.00766	0.01531	0.02297	0.03254	0.65994	0.06061	0.07656	0.01659	0.00957	0.00255	0.00383	0.01467	0.00893	0.00766
37	0.01627	0.04197	0.67279	0.02313	0.03512	0.01884	0.02998	0.02570	0.01713	0.02570	0.01456	0.01713	0.01028	0.00771	0.00771	0.00257	0.01199	0.00600	0.00343	0.01199
38	0.02504	0.01752	0.01858	0.01499	0.01988	0.01921	0.01214	0.39493	0.07989	0.04318	0.02276	0.02374	0.01688	0.00975	0.00736	0.00229	0.00711	0.00753	0.24547	0.01175
39	0.01794	0.01516	0.01638	0.01486	0.01882	0.01704	0.01149	0.03606	0.49390	0.03315	0.16410	0.03854	0.06237	0.01256	0.00858	0.00271	0.00579	0.01064	0.00836	0.01152
40	0.01608	0.00969	0.01257	0.01131	0.01400	0.00900	0.00865	0.04580	0.02313	0.13155	0.49041	0.10023	0.06342	0.01591	0.00934	0.00259	0.00459	0.01394	0.00897	0.00880
41	0.00989	0.00706	0.00942	0.01130	0.01177	0.00659	0.00753	0.01130	0.01554	0.02071	0.04472	0.70954	0.05367	0.02542	0.01036	0.00330	0.00471	0.02307	0.00753	0.00659
42	0.01962	0.01881	0.03211	0.11191	0.60569	0.01916	0.02467	0.02450	0.01826	0.02595	0.01518	0.02023	0.01266	0.00731	0.00804	0.00244	0.00975	0.00723	0.00398	0.01248
43	0.01322	0.00817	0.01051	0.01051	0.01217	0.00895	0.00808	0.01653	0.01487	0.02410	0.02392	0.03113	0.02052	0.03714	0.37032	0.00790	0.01345	0.00817	0.35293	0.00739
44	0.02277	0.02462	0.02953	0.08056	0.44164	0.21181	0.02208	0.02683	0.01965	0.02423	0.01442	0.01859	0.01203	0.00761	0.00783	0.00233	0.01116	0.00665	0.00404	0.01162
45	0.20940	0.33838	0.16266	0.01566	0.02289	0.08845	0.01609	0.02525	0.01658	0.02486	0.01208	0.01406	0.00998	0.00738	0.00588	0.00214	0.00933	0.00478	0.00392	0.01023
46	0.27693	0.02267	0.01777	0.01767	0.06700	0.22974	0.01262	0.05666	0.07081	0.02881	0.02025	0.08548	0.04178	0.01041	0.00709	0.00247	0.00910	0.00771	0.00544	0.00958
47	0.01808	0.01605	0.01994	0.01816	0.06572	0.04425	0.04761	0.13821	0.02087	0.02781	0.03459	0.03656	0.19450	0.01785	0.07910	0.00365	0.11904	0.00995	0.00584	0.08222
48	0.02029	0.01828	0.01659	0.01418	0.01790	0.14306	0.01047	0.15043	0.02098	0.02676	0.02137	0.09699	0.02129	0.21259	0.01727	0.00376	0.00871	0.00926	0.00569	0.16412
49	0.02296	0.01808	0.02081	0.01816	0.04502	0.04356	0.01408	0.28483	0.02598	0.06563	0.05678	0.10141	0.07601	0.01349	0.01234	0.00278	0.15014	0.01014	0.00690	0.01092

[dist]
# distance from previous block
# <min> <max>
2	21

[block]
# block no. 2 follows, 23 sequences, length 8
# corresponding to MSA columns:
# 443-450
name=unknown_C
#
# <colnr> <probs for GDERKNQSTAVLIFYWHMCP>
#	G	D	E	R	K	N	Q	S	T	A	V	L	I	F	Y	W	H	M	C	P
0	0.01956	0.06509	0.18999	0.21437	0.11689	0.14451	0.02249	0.02478	0.01766	0.02235	0.01367	0.01814	0.01083	0.00847	0.00950	0.00255	0.07868	0.00637	0.00371	0.01039
1	0.02010	0.03539	0.42555	0.02132	0.03070	0.08420	0.02408	0.10675	0.11877	0.02965	0.01786	0.01923	0.01300	0.00854	0.00781	0.00253	0.01099	0.00658	0.00485	0.01210
2	0.02326	0.15191	0.18361	0.01934	0.02558	0.33232	0.01822	0.02732	0.01931	0.02103	0.01388	0.01696	0.01154	0.01402	0.08497	0.00341	0.01379	0.00566	0.00390	0.00996
3	0.02356	0.02279	0.02135	0.17545	0.09154	0.26058	0.01611	0.02683	0.02034	0.11771	0.02697	0.02857	0.11340	0.01034	0.00805	0.00243	0.01048	0.00816	0.00543	0.00991
4	0.02050	0.10552	0.28327	0.02147	0.07335	0.12323	0.02079	0.08614	0.07414	0.02699	0.02170	0.02300	0.06693	0.00925	0.00765	0.00241	0.01044	0.00712	0.00480	0.01130
5	0.07167	0.02251	0.01961	0.01656	0.02127	0.17971	0.01306	0.26204	0.08504	0.03644	0.12801	0.02881	0.05831	0.01109	0.00806	0.00242	0.00882	0.00853	0.00709	0.01095
6	0.01978	0.02113	0.08960	0.07135	0.36701	0.05937	0.02139	0.08318	0.02044	0.02757	0.02275	0.02955	0.06548	0.00986	0.00834	0.00255	0.00958	0.05462	0.00489	0.01155
7	0.19736	0.02398	0.05856	0.02395	0.12467	0.15998	0.09454	0.10533	0.02133	0.09302	0.01605	0.01808	0.01203	0.00811	0.00739	0.00243	0.01021	0.00649	0.00537	0.01111

[dist]
# distance from previous block
# <min> <max>
0	5

[block]
# block no. 3 follows, 23 sequences, length 7
# corresponding to MSA columns:
# 456-462
name=unknown_D
#
# <colnr> <probs for GDERKNQSTAVLIFYWHMCP>
#	G	D	E	R	K	N	Q	S	T	A	V	L	I	F	Y	W	H	M	C	P
0	0.02024	0.02073	0.02915	0.22299	0.40531	0.11415	0.02293	0.02483	0.01851	0.02397	0.01464	0.01973	0.01195	0.00763	0.00795	0.00244	0.01068	0.00694	0.00393	0.01130
1	0.01405	0.01230	0.01775	0.01633	0.01720	0.01600	0.01317	0.01650	0.01280	0.01911	0.01732	0.02625	0.01645	0.04227	0.42133	0.00926	0.29193	0.00806	0.00403	0.00789
2	0.01423	0.00931	0.01160	0.01213	0.01373	0.00920	0.00849	0.01877	0.10702	0.08773	0.03993	0.48034	0.04381	0.08768	0.01279	0.00357	0.00548	0.01849	0.00764	0.00806
3	0.09039	0.54847	0.13827	0.01503	0.02259	0.02874	0.01593	0.02447	0.01634	0.02173	0.01180	0.01368	0.01024	0.00712	0.00558	0.00194	0.00897	0.00460	0.00361	0.01051
4	0.01951	0.02043	0.02904	0.32697	0.23796	0.12255	0.08070	0.02435	0.01826	0.02289	0.01458	0.02008	0.01153	0.00776	0.00810	0.00252	0.01132	0.00713	0.00387	0.01045
5	0.02214	0.01937	0.09928	0.01803	0.02539	0.01507	0.11369	0.09990	0.02137	0.14881	0.05701	0.02260	0.01741	0.00817	0.00765	0.00208	0.00833	0.00722	0.00615	0.28032
6	0.01937	0.11884	0.11367	0.01492	0.02050	0.01601	0.01390	0.04691	0.06768	0.12152	0.07986	0.02682	0.02181	0.02192	0.17260	0.00486	0.01117	0.00771	0.00586	0.09410

[dist]
# distance from previous block
# <min> <max>
1	49

[block]
# block no. 4 follows, 23 sequences, length 60
# corresponding to MSA columns:
# 513-572
name=unknown_E
#
# <colnr> <probs for GDERKNQSTAVLIFYWHMCP>
#	G	D	E	R	K	N	Q	S	T	A	V	L	I	F	Y	W	H	M	C	P
0	0.02043	0.01663	0.01762	0.01427	0.01922	0.04691	0.01109	0.19409	0.09962	0.03287	0.07338	0.05680	0.02319	0.09648	0.01174	0.00279	0.00728	0.00850	0.00659	0.24049
1	0.01699	0.17630	0.01909	0.01166	0.01517	0.04043	0.00931	0.07255	0.01893	0.05385	0.08656	0.07203	0.18796	0.16757	0.01527	0.00358	0.00696	0.01129	0.00617	0.00835
2	0.02472	0.02455	0.01837	0.01692	0.02063	0.34796	0.01317	0.02748	0.02207	0.11568	0.11066	0.03889	0.05729	0.01270	0.00852	0.00253	0.01035	0.11178	0.00638	0.00935
3	0.01448	0.01231	0.07372	0.01167	0.01527	0.00921	0.00988	0.01814	0.04613	0.11203	0.05679	0.22930	0.32257	0.01874	0.00936	0.00284	0.00551	0.01604	0.00752	0.00850
4	0.02884	0.09173	0.02429	0.01987	0.02443	0.54318	0.01530	0.06390	0.07247	0.02252	0.01441	0.01598	0.01175	0.00853	0.00726	0.00213	0.01321	0.00557	0.00465	0.00999
5	0.02056	0.02018	0.03247	0.04846	0.63441	0.05020	0.02447	0.02525	0.01869	0.02620	0.01514	0.01983	0.01274	0.00728	0.00800	0.00240	0.00987	0.00714	0.00402	0.01269
6	0.01945	0.01950	0.01816	0.01437	0.02021	0.15845	0.01122	0.02252	0.01790	0.02436	0.01548	0.05399	0.01387	0.00797	0.00751	0.00162	0.04065	0.00600	0.00476	0.52204
7	0.01180	0.00787	0.00885	0.00885	0.00885	0.00787	0.00492	0.01180	0.01180	0.01573	0.02557	0.05310	0.02950	0.71483	0.04130	0.00787	0.00787	0.01180	0.00492	0.00492
8	0.02438	0.50726	0.03643	0.01607	0.02215	0.23492	0.01444	0.02683	0.01852	0.01933	0.01167	0.01352	0.01043	0.00738	0.00586	0.00185	0.01054	0.00462	0.00369	0.01010
9	0.01148	0.00829	0.01085	0.01021	0.01212	0.00766	0.00766	0.01531	0.02297	0.03254	0.65994	0.06061	0.07656	0.01659	0.00957	0.00255	0.00383	0.01467	0.00893	0.00766
10	0.02261	0.02005	0.03103	0.09259	0.38835	0.02091	0.06999	0.19461	0.02381	0.03283	0.01646	0.02018	0.01291	0.00797	0.00818	0.00247	0.00986	0.00743	0.00513	0.01265
11	0.01577	0.01487	0.02514	0.63540	0.11236	0.01814	0.02275	0.02112	0.01643	0.02127	0.01450	0.02149	0.01101	0.00803	0.00811	0.00268	0.01071	0.00721	0.00364	0.00937
12	0.03031	0.03867	0.02299	0.02090	0.02508	0.68226	0.01568	0.03240	0.02299	0.01986	0.01254	0.01463	0.01045	0.00836	0.00732	0.00209	0.01463	0.00523	0.00418	0.00941
13	0.03031	0.03867	0.02299	0.02090	0.02508	0.68226	0.01568	0.03240	0.02299	0.01986	0.01254	0.01463	0.01045	0.00836	0.00732	0.00209	0.01463	0.00523	0.00418	0.00941
14	0.01180	0.00787	0.00885	0.00885	0.00885	0.00787	0.00492	0.01180	0.01180	0.01573	0.02557	0.05310	0.02950	0.71483	0.04130	0.00787	0.00787	0.01180	0.00492	0.00492
15	0.01180	0.00787	0.00885	0.00885	0.00885	0.00787	0.00492	0.01180	0.01180	0.01573	0.02557	0.05310	0.02950	0.71483	0.04130	0.00787	0.00787	0.01180	0.00492	0.00492
16	0.03031	0.03867	0.02299	0.02090	0.02508	0.68226	0.01568	0.03240	0.02299	0.01986	0.01254	0.01463	0.01045	0.00836	0.00732	0.00209	0.01463	0.00523	0.00418	0.00941
17	0.01363	0.00998	0.01349	0.01507	0.01715	0.01019	0.01306	0.01888	0.06824	0.02504	0.04218	0.08672	0.04498	0.02152	0.01098	0.00366	0.00739	0.56243	0.00753	0.00789
18	0.02018	0.01743	0.01835	0.01651	0.02110	0.02018	0.01284	0.04312	0.64956	0.03394	0.03303	0.03027	0.02477	0.01101	0.00826	0.00275	0.00642	0.00917	0.00826	0.01284
19	0.03641	0.01381	0.01883	0.01444	0.02071	0.01193	0.01193	0.03954	0.02322	0.66984	0.03201	0.02762	0.02009	0.01004	0.00816	0.00251	0.00690	0.00816	0.01004	0.01381
20	0.01159	0.00869	0.01304	0.01304	0.01449	0.01014	0.01014	0.01449	0.01304	0.01884	0.02173	0.03188	0.02029	0.06086	0.68268	0.01304	0.02173	0.00869	0.00435	0.00724
21	0.00961	0.00813	0.00831	0.00846	0.01102	0.00683	0.00627	0.01162	0.01826	0.02183	0.07926	0.12770	0.61322	0.02093	0.00965	0.00278	0.00416	0.01759	0.00753	0.00683
22	0.01159	0.00869	0.01304	0.01304	0.01449	0.01014	0.01014	0.01449	0.01304	0.01884	0.02173	0.03188	0.02029	0.06086	0.68268	0.01304	0.02173	0.00869	0.00435	0.00724
23	0.77215	0.01569	0.01193	0.01067	0.01569	0.01820	0.00879	0.02385	0.01381	0.03641	0.01130	0.01318	0.00879	0.00753	0.00502	0.00251	0.00628	0.00439	0.00502	0.00879
24	0.03085	0.02273	0.02435	0.01867	0.02516	0.02516	0.01542	0.63716	0.03815	0.05114	0.01948	0.01948	0.01380	0.00974	0.00812	0.00244	0.00893	0.00731	0.00812	0.01380
25	0.03085	0.02273	0.02435	0.01867	0.02516	0.02516	0.01542	0.63716	0.03815	0.05114	0.01948	0.01948	0.01380	0.00974	0.00812	0.00244	0.00893	0.00731	0.00812	0.01380
26	0.03094	0.03037	0.02243	0.01932	0.02400	0.42292	0.01500	0.11386	0.02449	0.15585	0.01731	0.01808	0.01286	0.00920	0.00864	0.00230	0.04951	0.00620	0.00586	0.01086
27	0.00969	0.00784	0.00861	0.00922	0.01122	0.00677	0.00661	0.01153	0.01753	0.02153	0.07002	0.28324	0.46364	0.02213	0.00984	0.00292	0.00430	0.01906	0.00753	0.00677
28	0.00989	0.00706	0.00942	0.01130	0.01177	0.00659	0.00753	0.01130	0.01554	0.02071	0.04472	0.70954	0.05367	0.02542	0.01036	0.00330	0.00471	0.02307	0.00753	0.00659
29	0.03029	0.01997	0.15141	0.01646	0.02368	0.01436	0.01570	0.03718	0.10041	0.45957	0.02860	0.02582	0.01868	0.00969	0.00808	0.00255	0.00788	0.00785	0.00848	0.01332
30	0.03031	0.03867	0.02299	0.02090	0.02508	0.68226	0.01568	0.03240	0.02299	0.01986	0.01254	0.01463	0.01045	0.00836	0.00732	0.00209	0.01463	0.00523	0.00418	0.00941
31	0.02122	0.01795	0.01893	0.01672	0.02150	0.02067	0.01309	0.10095	0.59003	0.03562	0.03171	0.02922	0.02370	0.01089	0.00824	0.00272	0.00667	0.00899	0.00824	0.01294
32	0.03074	0.02596	0.02408	0.01912	0.02515	0.15844	0.01547	0.51450	0.03508	0.04479	0.01807	0.01850	0.01312	0.00946	0.00795	0.00237	0.01009	0.00688	0.00732	0.01291
33	0.00989	0.00706	0.00942	0.01130	0.01177	0.00659	0.00753	0.01130	0.01554	0.02071	0.04472	0.70954	0.05367	0.02542	0.01036	0.00330	0.00471	0.02307	0.00753	0.00659
34	0.01018	0.00824	0.00904	0.00884	0.01132	0.00710	0.00663	0.01279	0.01989	0.02524	0.26287	0.07262	0.47818	0.01931	0.00958	0.00268	0.00402	0.01636	0.00797	0.00710
35	0.01714	0.01834	0.03769	0.02813	0.03441	0.01739	0.46092	0.02364	0.05257	0.02524	0.02364	0.17590	0.02222	0.01122	0.00968	0.00286	0.01128	0.01257	0.00509	0.01007
36	0.01532	0.01442	0.02434	0.69533	0.05589	0.01803	0.02253	0.02073	0.01622	0.02073	0.01442	0.02163	0.01082	0.00811	0.00811	0.00270	0.01082	0.00721	0.00361	0.00901
37	0.01627	0.04197	0.67279	0.02313	0.03512	0.01884	0.02998	0.02570	0.01713	0.02570	0.01456	0.01713	0.01028	0.00771	0.00771	0.00257	0.01199	0.00600	0.00343	0.01199
38	0.01159	0.00869	0.01304	0.01304	0.01449	0.01014	0.01014	0.01449	0.01304	0.01884	0.02173	0.03188	0.02029	0.06086	0.68268	0.01304	0.02173	0.00869	0.00435	0.00724
39	0.46881	0.01340	0.01253	0.10602	0.01971	0.01541	0.00991	0.02213	0.01498	0.03260	0.01569	0.01881	0.01220	0.00811	0.00562	0.00238	0.00626	0.00561	0.20130	0.00850
40	0.02169	0.71972	0.04252	0.01388	0.02083	0.03211	0.01388	0.02430	0.01649	0.01909	0.01128	0.01302	0.01041	0.00694	0.00521	0.00174	0.00868	0.00434	0.00347	0.01041
41	0.02098	0.63098	0.12504	0.01509	0.02270	0.03037	0.01599	0.02448	0.01657	0.01996	0.01171	0.01356	0.01040	0.00704	0.00553	0.00184	0.00911	0.00456	0.00347	0.01062
42	0.01627	0.04197	0.67279	0.02313	0.03512	0.01884	0.02998	0.02570	0.01713	0.02570	0.01456	0.01713	0.01028	0.00771	0.00771	0.00257	0.01199	0.00600	0.00343	0.01199
43	0.01409	0.00705	0.01057	0.01057	0.01057	0.00705	0.00705	0.01057	0.01057	0.01409	0.01409	0.02467	0.01409	0.02819	0.03171	0.76392	0.00705	0.00705	0.00352	0.00352
44	0.03641	0.01381	0.01883	0.01444	0.02071	0.01193	0.01193	0.03954	0.02322	0.66984	0.03201	0.02762	0.02009	0.01004	0.00816	0.00251	0.00690	0.00816	0.01004	0.01381
45	0.01912	0.04130	0.54100	0.02268	0.03308	0.15340	0.02708	0.02706	0.01832	0.02451	0.01415	0.01662	0.01031	0.00784	0.00763	0.00247	0.01253	0.00584	0.00358	0.01147
46	0.01839	0.01755	0.02987	0.27971	0.44756	0.01883	0.02406	0.02342	0.01767	0.02445	0.01496	0.02063	0.01213	0.00754	0.00806	0.00251	0.01006	0.00722	0.00387	0.01149
47	0.00989	0.00706	0.00942	0.01130	0.01177	0.00659	0.00753	0.01130	0.01554	0.02071	0.04472	0.70954	0.05367	0.02542	0.01036	0.00330	0.00471	0.02307	0.00753	0.00659
48	0.01532	0.01442	0.02434	0.69533	0.05589	0.01803	0.02253	0.02073	0.01622	0.02073	0.01442	0.02163	0.01082	0.00811	0.00811	0.00270	0.01082	0.00721	0.00361	0.00901
49	0.01772	0.01687	0.02867	0.37017	0.36231	0.01866	0.02373	0.02283	0.01736	0.02364	0.01485	0.02085	0.01184	0.00767	0.00807	0.00256	0.01022	0.00722	0.00381	0.01095
50	0.01925	0.01645	0.01830	0.01777	0.04872	0.01872	0.01340	0.03888	0.53931	0.03235	0.03355	0.03785	0.02712	0.01234	0.00863	0.00287	0.00670	0.08770	0.00797	0.01214
51	0.02008	0.01928	0.03294	0.04981	0.66422	0.01928	0.02490	0.02490	0.01848	0.02651	0.01526	0.02008	0.01285	0.00723	0.00803	0.00241	0.00964	0.00723	0.00402	0.01285
52	0.01951	0.01869	0.03189	0.12808	0.59045	0.01913	0.02462	0.02440	0.01820	0.02581	0.01516	0.02027	0.01261	0.00734	0.00804	0.00245	0.00978	0.00723	0.00397	0.01239
53	0.22572	0.03203	0.43734	0.01865	0.02792	0.01779	0.02234	0.02437	0.01667	0.02921	0.06436	0.01945	0.01507	0.00836	0.00711	0.00255	0.00976	0.00623	0.00430	0.01076
54	0.01912	0.01829	0.03119	0.18073	0.54083	0.01903	0.02442	0.02406	0.01802	0.02534	0.01509	0.02040	0.01244	0.00741	0.00805	0.00247	0.00988	0.00723	0.00393	0.01207
55	0.01899	0.09920	0.31552	0.02922	0.16153	0.02050	0.13680	0.02579	0.01779	0.05147	0.01529	0.01864	0.01160	0.00771	0.00857	0.00252	0.03626	0.00686	0.00395	0.01178
56	0.05231	0.03063	0.38025	0.02514	0.08170	0.01824	0.12896	0.02397	0.01739	0.02608	0.04957	0.05654	0.01648	0.00925	0.00919	0.00267	0.04837	0.00803	0.00417	0.01105
57	0.02244	0.01956	0.05245	0.01632	0.04780	0.15883	0.01274	0.05749	0.04834	0.16314	0.04067	0.07283	0.20029	0.01368	0.00859	0.00258	0.00821	0.03694	0.00702	0.01008
58	0.08459	0.02650	0.02139	0.14738	0.06145	0.35611	0.01599	0.02626	0.01993	0.02274	0.06513	0.05058	0.01762	0.00985	0.00850	0.00241	0.04252	0.00725	0.00463	0.00917
59	0.28857	0.02006	0.02716	0.02836	0.21142	0.07335	0.15148	0.02632	0.05002	0.02976	0.01480	0.01810	0.01171	0.00754	0.00725	0.00251	0.00957	0.00667	0.00463	0.01070

[dist]
# distance from previous block
# <min> <max>
2	11

[block]
# block no. 5 follows, 23 sequences, length 15
# corresponding to MSA columns:
# 584-598
name=unknown_F
#
# <colnr> <probs for GDERKNQSTAVLIFYWHMCP>
#	G	D	E	R	K	N	Q	S	T	A	V	L	I	F	Y	W	H	M	C	P
0	0.02150	0.30559	0.22004	0.01706	0.02504	0.02408	0.01820	0.13810	0.02115	0.05558	0.02020	0.02113	0.06217	0.00888	0.00695	0.00222	0.00926	0.00654	0.00492	0.01137
1	0.17422	0.01646	0.04245	0.01737	0.06991	0.01633	0.01351	0.13570	0.07911	0.10661	0.02784	0.03742	0.05620	0.01211	0.00809	0.00271	0.00742	0.12644	0.00692	0.04318
2	0.01645	0.01290	0.01583	0.04256	0.07620	0.01253	0.01016	0.08675	0.04421	0.02435	0.02102	0.03497	0.02088	0.33458	0.02293	0.00466	0.00774	0.00883	0.00525	0.19721
3	0.02220	0.01912	0.02769	0.19480	0.24250	0.02091	0.04619	0.21369	0.07324	0.03323	0.01779	0.02115	0.01355	0.00850	0.00816	0.00253	0.00963	0.00750	0.00551	0.01212
4	0.02104	0.07496	0.40481	0.02259	0.03170	0.22370	0.05901	0.02770	0.01902	0.02358	0.01388	0.01642	0.01045	0.00782	0.00756	0.00239	0.01273	0.00588	0.00370	0.01106
5	0.09009	0.03285	0.02194	0.01941	0.02403	0.48134	0.01487	0.12181	0.07158	0.02689	0.01501	0.01641	0.01189	0.00870	0.00732	0.00223	0.01249	0.00576	0.00514	0.01026
6	0.30345	0.01342	0.01474	0.14968	0.05624	0.01485	0.01181	0.02063	0.05254	0.02815	0.03519	0.03619	0.21093	0.01184	0.00739	0.00263	0.00670	0.00930	0.00564	0.00868
7	0.01008	0.00740	0.00925	0.01051	0.01142	0.00680	0.00710	0.01163	0.01619	0.02122	0.08513	0.51111	0.15879	0.07785	0.01259	0.00351	0.00480	0.02067	0.00741	0.00657
8	0.00959	0.00822	0.00822	0.00822	0.01096	0.00685	0.00617	0.01165	0.01850	0.02192	0.08220	0.07809	0.66092	0.02055	0.00959	0.00274	0.00411	0.01713	0.00754	0.00685
9	0.02050	0.01839	0.02881	0.24213	0.36653	0.01992	0.02253	0.13029	0.02121	0.02903	0.01574	0.02045	0.01239	0.00794	0.00807	0.00250	0.00988	0.00724	0.00461	0.01184
10	0.02222	0.01775	0.01877	0.01585	0.02081	0.01967	0.01262	0.25378	0.31716	0.03811	0.03666	0.03468	0.13160	0.01221	0.00844	0.00263	0.00693	0.00988	0.00808	0.01215
11	0.01284	0.00959	0.01164	0.01102	0.01102	0.01083	0.00715	0.01315	0.01191	0.01639	0.02297	0.04694	0.02622	0.59278	0.03874	0.00711	0.12844	0.01098	0.00468	0.00561
12	0.02353	0.02078	0.01920	0.01707	0.02176	0.13472	0.01325	0.04090	0.47917	0.09366	0.02936	0.02729	0.02182	0.01045	0.00808	0.00261	0.00790	0.00839	0.00772	0.01234
