[name]
unknown

[dist]
# distance from previous block
# <min> <max>
0	5

[block]
# block no. 0 follows, 22 sequences, length 22
# corresponding to MSA columns:
# 5-26
name=unknown_A
#
# <colnr> <probs for GDERKNQSTAVLIFYWHMCP>
#	G	D	E	R	K	N	Q	S	T	A	V	L	I	F	Y	W	H	M	C	P
0	0.01431	0.01087	0.01600	0.01989	0.09935	0.01087	0.01494	0.01828	0.01910	0.02515	0.04034	0.08431	0.04336	0.02095	0.01106	0.00365	0.00793	0.52410	0.00719	0.00836
1	0.02835	0.03550	0.09961	0.06832	0.02913	0.44215	0.01823	0.13139	0.02495	0.02647	0.01441	0.01662	0.01128	0.00870	0.00773	0.00230	0.01341	0.00594	0.00482	0.01067
2	0.01839	0.15427	0.37667	0.07532	0.16545	0.02172	0.02615	0.02552	0.01765	0.02493	0.01446	0.01776	0.01114	0.00768	0.00754	0.00246	0.01109	0.00619	0.00366	0.01196
3	0.02946	0.11022	0.02668	0.02216	0.06693	0.44528	0.01643	0.13703	0.02524	0.02636	0.01414	0.01604	0.01147	0.00857	0.00744	0.00218	0.01293	0.00576	0.00490	0.01077
4	0.01084	0.00822	0.00932	0.00937	0.01106	0.00743	0.00650	0.01278	0.01800	0.02326	0.19589	0.13546	0.30723	0.18727	0.01777	0.00409	0.00514	0.01628	0.00739	0.00669
5	0.02345	0.15304	0.37323	0.01950	0.02921	0.01969	0.02257	0.03006	0.01918	0.20442	0.01936	0.01982	0.01338	0.00843	0.00757	0.00246	0.01021	0.00646	0.00543	0.01252
6	0.02070	0.02818	0.16803	0.03482	0.18826	0.10437	0.28019	0.02712	0.01952	0.02587	0.01562	0.02001	0.01207	0.00748	0.00873	0.00260	0.01277	0.00790	0.00405	0.01170
7	0.01003	0.00803	0.00883	0.00943	0.01137	0.00698	0.00668	0.01182	0.01764	0.02173	0.06927	0.27144	0.43540	0.05823	0.01175	0.00325	0.00460	0.01913	0.00757	0.00683
8	0.01088	0.00778	0.00918	0.00998	0.01067	0.00733	0.00636	0.01184	0.01486	0.01932	0.04446	0.32506	0.15020	0.30681	0.02355	0.00521	0.00605	0.01778	0.00661	0.00609
9	0.01994	0.22526	0.20758	0.01793	0.02486	0.10493	0.01807	0.02802	0.12792	0.02445	0.02099	0.10644	0.01891	0.01068	0.00756	0.00245	0.00968	0.00837	0.00503	0.01092
10	0.02091	0.46635	0.15422	0.01644	0.02408	0.02820	0.01708	0.02854	0.12714	0.02348	0.01610	0.01722	0.01323	0.00799	0.00636	0.00212	0.00910	0.00563	0.00441	0.01140
11	0.01137	0.00776	0.00927	0.00997	0.01014	0.00758	0.00600	0.01190	0.01346	0.01795	0.03327	0.28874	0.03915	0.46146	0.03083	0.00636	0.00688	0.01625	0.00600	0.00565
12	0.01028	0.00818	0.00928	0.00992	0.01196	0.00718	0.00731	0.01244	0.01838	0.02293	0.10454	0.25282	0.40772	0.02232	0.01016	0.00303	0.00461	0.06210	0.00779	0.00704
13	0.07376	0.02105	0.02258	0.01783	0.02373	0.02331	0.01458	0.51968	0.03468	0.04768	0.02112	0.06118	0.01664	0.01380	0.04654	0.00317	0.00947	0.00835	0.00786	0.01299
14	0.11766	0.30024	0.25903	0.01806	0.02591	0.02528	0.01988	0.02475	0.01626	0.02434	0.01267	0.01542	0.01042	0.00834	0.00881	0.00241	0.09053	0.00539	0.00376	0.01083
15	0.22607	0.01199	0.01216	0.01167	0.01441	0.01300	0.00858	0.02183	0.12652	0.02958	0.14855	0.15039	0.03695	0.13712	0.01413	0.00373	0.00598	0.01200	0.00692	0.00842
16	0.02750	0.03302	0.02406	0.10877	0.07441	0.48961	0.01737	0.05311	0.02247	0.02212	0.01397	0.01726	0.01150	0.01084	0.03679	0.00275	0.01421	0.00599	0.00435	0.00991
17	0.06772	0.07012	0.02431	0.12443	0.14438	0.24793	0.01705	0.02737	0.06392	0.02459	0.05592	0.02462	0.05450	0.00958	0.00780	0.00241	0.01065	0.00749	0.00494	0.01024
18	0.02175	0.02227	0.02739	0.03645	0.38136	0.14025	0.02020	0.02923	0.12955	0.02689	0.02322	0.02562	0.06065	0.00928	0.00824	0.00249	0.00983	0.00810	0.00517	0.01206
19	0.02005	0.11186	0.05873	0.06627	0.02485	0.05004	0.05556	0.10175	0.09222	0.02602	0.01851	0.02605	0.01649	0.13336	0.01795	0.00369	0.15340	0.00805	0.00510	0.01005
20	0.16349	0.02583	0.24111	0.16805	0.19580	0.01910	0.02353	0.02466	0.01704	0.02759	0.01441	0.01850	0.01102	0.00782	0.00753	0.00261	0.01027	0.00641	0.00402	0.01122
21	0.33395	0.02294	0.09173	0.04019	0.02125	0.16341	0.01324	0.02424	0.01800	0.02933	0.06440	0.02670	0.10003	0.01034	0.00704	0.00252	0.00875	0.00743	0.00531	0.00919

[dist]
# distance from previous block
# <min> <max>
0	7

[block]
# block no. 1 follows, 22 sequences, length 23
# corresponding to MSA columns:
# 34-56
name=unknown_B
#
# <colnr> <probs for GDERKNQSTAVLIFYWHMCP>
#	G	D	E	R	K	N	Q	S	T	A	V	L	I	F	Y	W	H	M	C	P
0	0.23706	0.02243	0.01815	0.01613	0.02101	0.18285	0.01261	0.03545	0.25130	0.08981	0.02214	0.02176	0.01660	0.00949	0.00726	0.00256	0.00868	0.00689	0.00664	0.01118
1	0.02827	0.02877	0.09773	0.01884	0.02462	0.28290	0.01610	0.10642	0.06846	0.15446	0.07328	0.02364	0.01980	0.00990	0.00807	0.00242	0.01084	0.00740	0.00658	0.01149
2	0.15846	0.08989	0.34090	0.04787	0.02827	0.07242	0.02102	0.02468	0.01672	0.02601	0.01500	0.02026	0.01234	0.08096	0.01073	0.00308	0.01062	0.00630	0.00405	0.01042
3	0.12721	0.13875	0.30561	0.02178	0.06999	0.15446	0.02179	0.02716	0.01827	0.02568	0.01355	0.01601	0.01054	0.00785	0.00705	0.00238	0.01132	0.00557	0.00394	0.01109
4	0.02360	0.03491	0.22377	0.03062	0.21041	0.28450	0.02327	0.02885	0.02036	0.02413	0.01428	0.01737	0.01135	0.00802	0.00783	0.00239	0.01268	0.00618	0.00399	0.01146
5	0.05660	0.12232	0.02152	0.01573	0.02016	0.26462	0.01251	0.09516	0.02306	0.02670	0.10303	0.03389	0.14837	0.01199	0.00791	0.00234	0.00957	0.00903	0.00595	0.00954
6	0.01556	0.01154	0.01335	0.01162	0.01546	0.01020	0.00858	0.02002	0.08203	0.06640	0.03724	0.15548	0.13567	0.12718	0.01383	0.00324	0.00600	0.01222	0.00663	0.24775
7	0.02302	0.02531	0.02829	0.09286	0.03071	0.23453	0.13447	0.07716	0.02028	0.02421	0.01477	0.01969	0.01226	0.01398	0.06654	0.00359	0.15663	0.00729	0.00443	0.00998
8	0.01258	0.00948	0.01031	0.01017	0.01160	0.00949	0.00670	0.01656	0.10347	0.02074	0.04359	0.10070	0.19253	0.38576	0.02696	0.00564	0.00663	0.01388	0.00639	0.00681
9	0.01440	0.01475	0.08247	0.12338	0.02415	0.01266	0.01419	0.06725	0.03991	0.02593	0.04795	0.09543	0.24474	0.01707	0.00961	0.00301	0.00742	0.14021	0.00668	0.00882
10	0.06214	0.03042	0.26363	0.03521	0.31789	0.09661	0.02537	0.02664	0.01869	0.02660	0.01481	0.01840	0.01167	0.00774	0.00784	0.00249	0.01116	0.00653	0.00397	0.01219
11	0.04688	0.02382	0.03146	0.14374	0.22795	0.17121	0.14448	0.02781	0.05492	0.02524	0.01598	0.02027	0.01268	0.00797	0.00830	0.00253	0.01180	0.00743	0.00438	0.01115
12	0.08286	0.25124	0.25249	0.01731	0.02544	0.02303	0.01892	0.09794	0.02018	0.02857	0.06417	0.02223	0.04495	0.00914	0.00711	0.00234	0.00932	0.00678	0.00485	0.01114
13	0.31686	0.02984	0.35103	0.01786	0.02680	0.01844	0.02051	0.02675	0.01671	0.08404	0.01508	0.01683	0.01076	0.00802	0.00684	0.00260	0.00951	0.00567	0.00473	0.01113
14	0.02518	0.02423	0.02282	0.02307	0.12695	0.19623	0.01571	0.21946	0.07965	0.03325	0.02885	0.02932	0.11695	0.01106	0.00833	0.00247	0.00982	0.00868	0.00645	0.01153
15	0.02442	0.02826	0.05226	0.03021	0.22883	0.30310	0.04036	0.02915	0.05204	0.02458	0.01612	0.01937	0.01317	0.00854	0.00844	0.00236	0.03582	0.00667	0.06537	0.01094
16	0.01136	0.00751	0.00985	0.01081	0.01140	0.00711	0.00719	0.01184	0.01519	0.02024	0.08858	0.39166	0.08252	0.11251	0.01897	0.15726	0.00561	0.01774	0.00665	0.00600
17	0.01307	0.00981	0.01117	0.01138	0.01267	0.01015	0.00759	0.01843	0.14154	0.02188	0.03759	0.25022	0.07813	0.31160	0.02353	0.00521	0.00651	0.01544	0.00673	0.00734
18	0.02515	0.35682	0.03427	0.02061	0.08323	0.21687	0.01617	0.07616	0.02058	0.02319	0.01296	0.01530	0.01121	0.00821	0.00770	0.00211	0.04906	0.00539	0.00421	0.01079
19	0.05772	0.41718	0.28364	0.01773	0.02675	0.02687	0.02036	0.02541	0.01700	0.02307	0.01286	0.01497	0.01052	0.00744	0.00632	0.00215	0.01008	0.00510	0.00362	0.01121
20	0.02397	0.44146	0.03510	0.01617	0.02192	0.10841	0.01460	0.02830	0.07105	0.07323	0.01527	0.01676	0.01275	0.00868	0.00840	0.00217	0.08069	0.00559	0.00462	0.01086
21	0.01005	0.00832	0.00880	0.00890	0.01142	0.00708	0.00659	0.01228	0.01916	0.02347	0.14015	0.13116	0.54191	0.02104	0.00988	0.00283	0.00423	0.01779	0.00786	0.00708
22	0.19048	0.00952	0.01025	0.01099	0.01260	0.00982	0.00764	0.01494	0.01538	0.02501	0.06993	0.40955	0.04186	0.11801	0.01376	0.00380	0.00561	0.01693	0.00680	0.00710

[dist]
# distance from previous block
# <min> <max>
3	9

[block]
# block no. 2 follows, 22 sequences, length 229
# corresponding to MSA columns:
# 67-295
name=unknown_C
#
# <colnr> <probs for GDERKNQSTAVLIFYWHMCP>
#	G	D	E	R	K	N	Q	S	T	A	V	L	I	F	Y	W	H	M	C	P
0	0.06058	0.02162	0.08903	0.04638	0.56610	0.01964	0.02507	0.02551	0.01853	0.02761	0.01534	0.01991	0.01270	0.00746	0.00803	0.00249	0.00990	0.00713	0.00411	0.01285
1	0.06307	0.03051	0.02646	0.03042	0.23239	0.37102	0.01879	0.08243	0.02293	0.02619	0.01432	0.01718	0.01173	0.00826	0.00769	0.00230	0.01238	0.00617	0.00462	0.01115
2	0.09794	0.17672	0.02797	0.02267	0.10433	0.39334	0.01620	0.02961	0.02065	0.02265	0.01280	0.01520	0.01084	0.00803	0.00691	0.00215	0.01223	0.00534	0.00419	0.01024
3	0.01208	0.00805	0.00906	0.00906	0.00906	0.00805	0.00503	0.01208	0.01208	0.01611	0.02618	0.05436	0.03020	0.70804	0.04228	0.00805	0.00805	0.01208	0.00503	0.00503
4	0.01619	0.01126	0.01240	0.01118	0.01258	0.01179	0.00730	0.14198	0.01777	0.02375	0.02486	0.04711	0.02682	0.56095	0.03512	0.00688	0.00828	0.01111	0.00572	0.00695
5	0.02030	0.01947	0.03324	0.08545	0.62382	0.01967	0.02536	0.02526	0.01879	0.02682	0.01558	0.02065	0.01305	0.00745	0.00823	0.00248	0.00993	0.00740	0.00409	0.01295
6	0.01187	0.00890	0.01335	0.01335	0.01483	0.01038	0.01038	0.01483	0.01335	0.01928	0.02225	0.03264	0.02077	0.06231	0.67512	0.01335	0.02225	0.00890	0.00445	0.00742
7	0.02066	0.01785	0.01878	0.01691	0.02160	0.02066	0.01315	0.04414	0.64121	0.03475	0.03381	0.03099	0.02536	0.01127	0.00845	0.00282	0.00657	0.00939	0.00845	0.01315
8	0.01666	0.04297	0.66500	0.02368	0.03596	0.01929	0.03069	0.02631	0.01754	0.02631	0.01491	0.01754	0.01052	0.00789	0.00789	0.00263	0.01228	0.00614	0.00351	0.01228
9	0.01187	0.00890	0.01335	0.01335	0.01483	0.01038	0.01038	0.01483	0.01335	0.01928	0.02225	0.03264	0.02077	0.06231	0.67512	0.01335	0.02225	0.00890	0.00445	0.00742
10	0.03158	0.02327	0.02493	0.01911	0.02576	0.02576	0.01579	0.62852	0.03906	0.05236	0.01995	0.01995	0.01413	0.00997	0.00831	0.00249	0.00914	0.00748	0.00831	0.01413
11	0.01012	0.00723	0.00964	0.01157	0.01205	0.00675	0.00771	0.01157	0.01591	0.02121	0.04579	0.70262	0.05495	0.02603	0.01060	0.00337	0.00482	0.02362	0.00771	0.00675
12	0.03158	0.02327	0.02493	0.01911	0.02576	0.02576	0.01579	0.62852	0.03906	0.05236	0.01995	0.01995	0.01413	0.00997	0.00831	0.00249	0.00914	0.00748	0.00831	0.01413
13	0.03158	0.02327	0.02493	0.01911	0.02576	0.02576	0.01579	0.62852	0.03906	0.05236	0.01995	0.01995	0.01413	0.00997	0.00831	0.00249	0.00914	0.00748	0.00831	0.01413
14	0.01012	0.00723	0.00964	0.01157	0.01205	0.00675	0.00771	0.01157	0.01591	0.02121	0.04579	0.70262	0.05495	0.02603	0.01060	0.00337	0.00482	0.02362	0.00771	0.00675
15	0.01187	0.00890	0.01335	0.01335	0.01483	0.01038	0.01038	0.01483	0.01335	0.01928	0.02225	0.03264	0.02077	0.06231	0.67512	0.01335	0.02225	0.00890	0.00445	0.00742
16	0.01113	0.00884	0.01024	0.01094	0.01342	0.00795	0.00891	0.01386	0.01900	0.02333	0.06941	0.08500	0.43067	0.02174	0.01043	0.00318	0.00547	0.23153	0.00769	0.00725
17	0.02758	0.02049	0.02183	0.01745	0.02319	0.02279	0.01418	0.44121	0.16366	0.04639	0.02362	0.02344	0.01725	0.01022	0.00808	0.00250	0.00805	0.00791	0.08691	0.01325
18	0.11556	0.40244	0.21255	0.01749	0.02585	0.02667	0.04948	0.02530	0.01685	0.02405	0.01275	0.01498	0.01051	0.00740	0.00625	0.00217	0.00978	0.00520	0.00378	0.01093
19	0.02435	0.07411	0.25894	0.02467	0.08928	0.34030	0.02218	0.02951	0.02057	0.02311	0.01379	0.01636	0.01087	0.00813	0.00759	0.00233	0.01319	0.00579	0.00395	0.01098
20	0.02334	0.02684	0.03191	0.14091	0.12272	0.26070	0.18560	0.02888	0.05292	0.02390	0.01573	0.01983	0.01239	0.00807	0.00841	0.00251	0.01291	0.00741	0.00435	0.01067
21	0.01092	0.00877	0.00996	0.01055	0.01308	0.00780	0.00850	0.01356	0.01899	0.02319	0.07171	0.08421	0.46540	0.02163	0.01033	0.00312	0.00527	0.19808	0.00769	0.00721
22	0.01991	0.01573	0.01989	0.07321	0.02377	0.01503	0.01294	0.05439	0.01817	0.08718	0.01610	0.01901	0.01284	0.00836	0.01025	0.00197	0.12347	0.00600	0.00528	0.45650
23	0.00992	0.00803	0.00882	0.00944	0.01149	0.00693	0.00677	0.01181	0.01795	0.02204	0.07164	0.28316	0.45772	0.02267	0.01007	0.00299	0.00441	0.01952	0.00771	0.00693
24	0.02145	0.24772	0.33682	0.02029	0.02926	0.16405	0.02250	0.02734	0.01862	0.02295	0.01343	0.01570	0.01060	0.00780	0.00702	0.00226	0.01182	0.00545	0.00369	0.01121
25	0.01822	0.18450	0.47153	0.02425	0.09192	0.02225	0.02666	0.02592	0.01753	0.02494	0.01426	0.01692	0.01080	0.00768	0.00737	0.00243	0.01132	0.00590	0.00358	0.01201
26	0.02221	0.71304	0.04353	0.01421	0.02132	0.03287	0.01421	0.02488	0.01688	0.01955	0.01155	0.01333	0.01066	0.00711	0.00533	0.00178	0.00888	0.00444	0.00355	0.01066
27	0.02164	0.02091	0.04930	0.01512	0.02122	0.15192	0.01239	0.02702	0.07760	0.08666	0.05488	0.02483	0.05198	0.00898	0.00733	0.00192	0.00821	0.00702	0.00593	0.34514
28	0.02591	0.02868	0.03015	0.03392	0.26957	0.29543	0.08120	0.08630	0.02285	0.02663	0.01499	0.01835	0.01216	0.00809	0.00808	0.00237	0.01236	0.00679	0.00459	0.01157
29	0.01204	0.00821	0.00987	0.00987	0.01015	0.00849	0.00604	0.01260	0.01232	0.01671	0.02544	0.05028	0.02843	0.58654	0.16136	0.00905	0.01073	0.01148	0.00492	0.00548
30	0.01875	0.02884	0.24844	0.03300	0.10554	0.02031	0.36849	0.02639	0.01886	0.02657	0.01606	0.02063	0.01198	0.00734	0.00901	0.00271	0.01301	0.00835	0.00397	0.01176
31	0.02095	0.16501	0.02934	0.02853	0.24847	0.02290	0.01779	0.03342	0.28713	0.02883	0.02262	0.02354	0.01790	0.00901	0.00771	0.00247	0.00824	0.00764	0.00587	0.01263
32	0.01117	0.00767	0.00933	0.01022	0.01044	0.00745	0.00627	0.01184	0.01385	0.01847	0.03525	0.35446	0.04166	0.39232	0.02762	0.00589	0.00656	0.01742	0.00627	0.00583
33	0.01012	0.00795	0.00916	0.00986	0.01166	0.00699	0.00701	0.01214	0.01817	0.02299	0.12298	0.32603	0.36018	0.02264	0.01013	0.00301	0.00442	0.01971	0.00785	0.00699
34	0.02927	0.03625	0.02526	0.02639	0.13188	0.56438	0.01764	0.03188	0.02276	0.02148	0.01331	0.01592	0.01111	0.00837	0.00761	0.00220	0.01412	0.00570	0.00425	0.01023
35	0.01082	0.00846	0.00981	0.00947	0.01184	0.00744	0.00710	0.01387	0.02131	0.02807	0.37802	0.07069	0.35548	0.01894	0.00981	0.00271	0.00406	0.01623	0.00845	0.00744
36	0.01060	0.00861	0.00954	0.01004	0.01254	0.00755	0.00789	0.01304	0.01884	0.02290	0.07379	0.11129	0.49580	0.02168	0.01021	0.00305	0.00497	0.14282	0.00770	0.00714
37	0.02066	0.01785	0.01878	0.01691	0.02160	0.02066	0.01315	0.04414	0.64121	0.03475	0.03381	0.03099	0.02536	0.01127	0.00845	0.00282	0.00657	0.00939	0.00845	0.01315
38	0.02056	0.01974	0.03372	0.05099	0.65622	0.01974	0.02550	0.02550	0.01892	0.02714	0.01563	0.02056	0.01316	0.00740	0.00822	0.00247	0.00987	0.00740	0.00411	0.01316
39	0.07058	0.01464	0.01921	0.01480	0.02118	0.01312	0.01222	0.06647	0.02403	0.60552	0.03122	0.02722	0.01974	0.01015	0.00820	0.00257	0.00713	0.00814	0.00996	0.01390
40	0.03158	0.02327	0.02493	0.01911	0.02576	0.02576	0.01579	0.62852	0.03906	0.05236	0.01995	0.01995	0.01413	0.00997	0.00831	0.00249	0.00914	0.00748	0.00831	0.01413
41	0.02221	0.71304	0.04353	0.01421	0.02132	0.03287	0.01421	0.02488	0.01688	0.01955	0.01155	0.01333	0.01066	0.00711	0.00533	0.00178	0.00888	0.00444	0.00355	0.01066
42	0.01316	0.00880	0.01155	0.01069	0.01289	0.00808	0.00808	0.01704	0.02353	0.06781	0.61787	0.06020	0.07521	0.01662	0.00972	0.00261	0.00409	0.01466	0.00921	0.00818
43	0.03103	0.03959	0.02354	0.02140	0.02568	0.67469	0.01605	0.03317	0.02354	0.02033	0.01284	0.01498	0.01070	0.00856	0.00749	0.00214	0.01498	0.00535	0.00428	0.00963
44	0.03103	0.03959	0.02354	0.02140	0.02568	0.67469	0.01605	0.03317	0.02354	0.02033	0.01284	0.01498	0.01070	0.00856	0.00749	0.00214	0.01498	0.00535	0.00428	0.00963
45	0.01819	0.02465	0.20361	0.03808	0.40283	0.01801	0.02450	0.02412	0.01874	0.02677	0.04861	0.02665	0.07056	0.00913	0.00834	0.00255	0.00978	0.00826	0.00447	0.01216
46	0.01197	0.00851	0.01136	0.01136	0.01216	0.00931	0.00791	0.01356	0.01276	0.01781	0.02407	0.04269	0.02514	0.36123	0.38217	0.01090	0.01568	0.01037	0.00472	0.00631
47	0.02056	0.01974	0.03372	0.05099	0.65622	0.01974	0.02550	0.02550	0.01892	0.02714	0.01563	0.02056	0.01316	0.00740	0.00822	0.00247	0.00987	0.00740	0.00411	0.01316
48	0.01443	0.00722	0.01082	0.01082	0.01082	0.00722	0.00722	0.01082	0.01082	0.01443	0.01443	0.02525	0.01443	0.02886	0.03247	0.75830	0.00722	0.00722	0.00361	0.00361
49	0.01127	0.00847	0.01043	0.00994	0.01211	0.00763	0.00745	0.01473	0.02236	0.03057	0.50856	0.06657	0.22338	0.01801	0.00980	0.00266	0.00399	0.01566	0.00878	0.00763
50	0.02221	0.71304	0.04353	0.01421	0.02132	0.03287	0.01421	0.02488	0.01688	0.01955	0.01155	0.01333	0.01066	0.00711	0.00533	0.00178	0.00888	0.00444	0.00355	0.01066
51	0.02415	0.20881	0.02717	0.01635	0.02185	0.02392	0.01402	0.31160	0.02664	0.03520	0.01821	0.02126	0.01482	0.02210	0.17205	0.00498	0.01231	0.00700	0.00605	0.01152
52	0.01187	0.00890	0.01335	0.01335	0.01483	0.01038	0.01038	0.01483	0.01335	0.01928	0.02225	0.03264	0.02077	0.06231	0.67512	0.01335	0.02225	0.00890	0.00445	0.00742
53	0.01202	0.00831	0.01034	0.01034	0.01078	0.00875	0.00663	0.01290	0.01246	0.01705	0.02501	0.04790	0.02739	0.51587	0.23061	0.00963	0.01228	0.01113	0.00486	0.00574
54	0.01955	0.01860	0.03137	0.04709	0.59480	0.01851	0.02373	0.02419	0.01877	0.02663	0.02031	0.05621	0.04532	0.00894	0.00841	0.00253	0.00936	0.00866	0.00446	0.01256
55	0.01349	0.01055	0.01424	0.01346	0.01417	0.01271	0.01007	0.01530	0.01303	0.01905	0.02136	0.03650	0.02174	0.25885	0.29393	0.00892	0.16049	0.00952	0.04561	0.00702
56	0.02245	0.41169	0.18129	0.01733	0.02543	0.02801	0.01820	0.12776	0.04954	0.02732	0.01476	0.01622	0.01189	0.00796	0.00656	0.00214	0.00960	0.00557	0.00457	0.01173
57	0.01918	0.01341	0.01588	0.01366	0.01723	0.01373	0.01080	0.21037	0.02787	0.06694	0.36706	0.07927	0.05292	0.01517	0.00938	0.00267	0.00593	0.03968	0.00880	0.01005
58	0.01947	0.01879	0.03253	0.18693	0.49979	0.01952	0.05235	0.02463	0.01845	0.02585	0.01550	0.02099	0.01269	0.00758	0.00831	0.00255	0.01032	0.00751	0.00403	0.01223
59	0.01666	0.04297	0.66500	0.02368	0.03596	0.01929	0.03069	0.02631	0.01754	0.02631	0.01491	0.01754	0.01052	0.00789	0.00789	0.00263	0.01228	0.00614	0.00351	0.01228
60	0.01763	0.15929	0.55712	0.02204	0.03342	0.02165	0.02783	0.02606	0.01742	0.02513	0.01433	0.01681	0.01055	0.00776	0.00745	0.00248	0.01169	0.00584	0.00352	0.01200
61	0.01323	0.01608	0.15127	0.01417	0.01770	0.01083	0.01293	0.04516	0.01811	0.02505	0.12603	0.30509	0.04309	0.11797	0.01439	0.00375	0.00709	0.04315	0.00667	0.00825
62	0.02917	0.18150	0.02775	0.01989	0.02476	0.53945	0.01566	0.03142	0.02214	0.02017	0.01257	0.01463	0.01069	0.00825	0.00704	0.00206	0.01370	0.00516	0.00413	0.00985
63	0.00982	0.00842	0.00842	0.00842	0.01122	0.00701	0.00631	0.01192	0.01894	0.02244	0.08416	0.07995	0.65285	0.02104	0.00982	0.00281	0.00421	0.01753	0.00771	0.00701
64	0.01012	0.00723	0.00964	0.01157	0.01205	0.00675	0.00771	0.01157	0.01591	0.02121	0.04579	0.70262	0.05495	0.02603	0.01060	0.00337	0.00482	0.02362	0.00771	0.00675
65	0.02943	0.02359	0.02188	0.01820	0.02375	0.16108	0.01446	0.23005	0.20203	0.15114	0.02464	0.02349	0.01771	0.01009	0.00818	0.00252	0.00930	0.00772	0.00784	0.01289
66	0.01723	0.01477	0.01723	0.01230	0.01969	0.01107	0.00984	0.02092	0.01723	0.02707	0.01477	0.01723	0.01230	0.00615	0.00615	0.00123	0.00615	0.00492	0.00492	0.75883
67	0.01878	0.01937	0.03725	0.22796	0.24107	0.01987	0.26275	0.02471	0.01853	0.02523	0.01585	0.02175	0.01234	0.00750	0.00887	0.00269	0.01185	0.00835	0.00403	0.01125
68	0.03204	0.02091	0.02335	0.01785	0.02449	0.02215	0.01473	0.47347	0.03472	0.17952	0.02238	0.02156	0.01539	0.00984	0.00821	0.00244	0.00855	0.00753	0.00855	0.05229
69	0.01945	0.02348	0.08119	0.03442	0.04303	0.02092	0.59495	0.02659	0.01950	0.02659	0.01671	0.02215	0.01250	0.00705	0.00970	0.00279	0.01392	0.00961	0.00417	0.01126
70	0.02541	0.21813	0.03214	0.02849	0.21744	0.29833	0.01844	0.02855	0.02030	0.02220	0.01334	0.01624	0.01144	0.00781	0.00712	0.00214	0.01175	0.00573	0.00403	0.01099
71	0.01929	0.01922	0.03507	0.18724	0.39343	0.01973	0.15379	0.02480	0.01856	0.02573	0.01569	0.02131	0.01258	0.00751	0.00858	0.00260	0.01102	0.00791	0.00404	0.01188
72	0.02046	0.50126	0.23995	0.01721	0.02595	0.02858	0.01942	0.02533	0.01709	0.02168	0.01261	0.01466	0.01062	0.00736	0.00614	0.00205	0.00996	0.00498	0.00354	0.01117
73	0.01178	0.00833	0.01095	0.01115	0.01183	0.00891	0.00759	0.01320	0.01302	0.01800	0.02657	0.11341	0.02880	0.36161	0.30805	0.00981	0.01375	0.01194	0.00507	0.00623
74	0.01005	0.00792	0.00908	0.00987	0.01164	0.00695	0.00699	0.01198	0.01790	0.02251	0.09902	0.34335	0.36746	0.02293	0.01015	0.00304	0.00445	0.01998	0.00779	0.00695
75	0.01208	0.00805	0.00906	0.00906	0.00906	0.00805	0.00503	0.01208	0.01208	0.01611	0.02618	0.05436	0.03020	0.70804	0.04228	0.00805	0.00805	0.01208	0.00503	0.00503
76	0.01569	0.01477	0.02492	0.68808	0.05722	0.01846	0.02307	0.02123	0.01661	0.02123	0.01477	0.02215	0.01107	0.00831	0.00831	0.00277	0.01107	0.00738	0.00369	0.00923
77	0.01793	0.03539	0.45898	0.03259	0.23838	0.01944	0.02900	0.02604	0.01799	0.02658	0.01514	0.01853	0.01138	0.00773	0.00800	0.00258	0.01149	0.00655	0.00371	0.01257
78	0.01187	0.00890	0.01335	0.01335	0.01483	0.01038	0.01038	0.01483	0.01335	0.01928	0.02225	0.03264	0.02077	0.06231	0.67512	0.01335	0.02225	0.00890	0.00445	0.00742
79	0.01004	0.00755	0.00931	0.01072	0.01183	0.00682	0.00733	0.01166	0.01672	0.02154	0.05612	0.53488	0.21602	0.02468	0.01039	0.00322	0.00465	0.02198	0.00771	0.00682
80	0.01770	0.07339	0.46145	0.02567	0.03622	0.02070	0.16529	0.02601	0.01776	0.02572	0.01498	0.01845	0.01102	0.00795	0.00907	0.00267	0.04351	0.00694	0.00367	0.01180
81	0.01723	0.01477	0.01723	0.01230	0.01969	0.01107	0.00984	0.02092	0.01723	0.02707	0.01477	0.01723	0.01230	0.00615	0.00615	0.00123	0.00615	0.00492	0.00492	0.75883
82	0.02605	0.02986	0.02006	0.01817	0.02160	0.44137	0.01340	0.07995	0.02194	0.02219	0.01678	0.02467	0.01566	0.15898	0.05101	0.00402	0.01340	0.00715	0.00480	0.00894
83	0.01857	0.01934	0.03191	0.02543	0.02773	0.02423	0.18481	0.02181	0.01461	0.02181	0.01252	0.01934	0.01137	0.01247	0.02248	0.00341	0.50675	0.00796	0.00379	0.00967
84	0.01021	0.00727	0.00961	0.01145	0.01191	0.00681	0.00759	0.01159	0.01573	0.02097	0.04488	0.67274	0.05380	0.05746	0.01206	0.00359	0.00497	0.02308	0.00759	0.00667
85	0.02056	0.01974	0.03372	0.05099	0.65622	0.01974	0.02550	0.02550	0.01892	0.02714	0.01563	0.02056	0.01316	0.00740	0.00822	0.00247	0.00987	0.00740	0.00411	0.01316
86	0.12833	0.03264	0.13155	0.02668	0.16133	0.33354	0.01955	0.02916	0.02024	0.02514	0.01361	0.01640	0.01096	0.00808	0.00739	0.00235	0.01225	0.00580	0.00423	0.01074
87	0.01052	0.00799	0.00974	0.01052	0.01212	0.00720	0.00758	0.01280	0.01858	0.02422	0.17964	0.34186	0.25174	0.02245	0.01023	0.00306	0.00459	0.05006	0.00800	0.00710
88	0.02208	0.01411	0.01479	0.01240	0.01627	0.01513	0.00990	0.26900	0.02629	0.03974	0.02417	0.02645	0.01836	0.00980	0.00683	0.00216	0.00603	0.00763	0.44850	0.01036
89	0.01021	0.00730	0.00972	0.01151	0.01207	0.00680	0.00772	0.01178	0.01630	0.02184	0.07744	0.66916	0.05617	0.02555	0.01056	0.00333	0.00477	0.02317	0.00779	0.00680
90	0.01012	0.00723	0.00964	0.01157	0.01205	0.00675	0.00771	0.01157	0.01591	0.02121	0.04579	0.70262	0.05495	0.02603	0.01060	0.00337	0.00482	0.02362	0.00771	0.00675
91	0.01569	0.01477	0.02492	0.68808	0.05722	0.01846	0.02307	0.02123	0.01661	0.02123	0.01477	0.02215	0.01107	0.00831	0.00831	0.00277	0.01107	0.00738	0.00369	0.00923
92	0.02056	0.01974	0.03372	0.05099	0.65622	0.01974	0.02550	0.02550	0.01892	0.02714	0.01563	0.02056	0.01316	0.00740	0.00822	0.00247	0.00987	0.00740	0.00411	0.01316
93	0.01189	0.00881	0.01290	0.01290	0.01423	0.01014	0.00982	0.01454	0.01322	0.01895	0.02267	0.03492	0.02176	0.13033	0.60846	0.01279	0.02076	0.00924	0.00451	0.00717
94	0.01666	0.04297	0.66500	0.02368	0.03596	0.01929	0.03069	0.02631	0.01754	0.02631	0.01491	0.01754	0.01052	0.00789	0.00789	0.00263	0.01228	0.00614	0.00351	0.01228
95	0.01967	0.02187	0.04596	0.03647	0.12167	0.02105	0.52041	0.02616	0.01920	0.02637	0.01638	0.02198	0.01260	0.00740	0.01040	0.00280	0.04471	0.00938	0.00416	0.01136
96	0.56676	0.01554	0.01415	0.01198	0.01748	0.01687	0.00988	0.02882	0.01678	0.20852	0.01738	0.01755	0.01217	0.00842	0.00602	0.00257	0.00660	0.00556	0.00655	0.01041
97	0.03727	0.01414	0.01928	0.01478	0.02121	0.01221	0.01221	0.04049	0.02378	0.66198	0.03277	0.02828	0.02056	0.01028	0.00835	0.00257	0.00707	0.00835	0.01028	0.01414
98	0.00993	0.00840	0.00845	0.00845	0.01111	0.00707	0.00625	0.01193	0.01858	0.02212	0.08119	0.07864	0.62094	0.05625	0.01148	0.00307	0.00440	0.01725	0.00758	0.00691
99	0.01619	0.01171	0.01378	0.01340	0.01552	0.01208	0.00967	0.18074	0.02189	0.02926	0.03683	0.45371	0.04140	0.08662	0.01299	0.00358	0.00631	0.01809	0.00762	0.00861
100	0.02056	0.01974	0.03372	0.05099	0.65622	0.01974	0.02550	0.02550	0.01892	0.02714	0.01563	0.02056	0.01316	0.00740	0.00822	0.00247	0.00987	0.00740	0.00411	0.01316
101	0.02802	0.02150	0.02293	0.01839	0.02440	0.02410	0.01493	0.43781	0.23558	0.04661	0.02447	0.02355	0.01779	0.01040	0.00836	0.00260	0.00830	0.00810	0.00836	0.01381
102	0.02765	0.02094	0.02282	0.01725	0.02410	0.02174	0.01416	0.46196	0.03307	0.04542	0.01853	0.01920	0.01363	0.00893	0.00772	0.00215	0.00832	0.00678	0.00738	0.21827
103	0.01666	0.04297	0.66500	0.02368	0.03596	0.01929	0.03069	0.02631	0.01754	0.02631	0.01491	0.01754	0.01052	0.00789	0.00789	0.00263	0.01228	0.00614	0.00351	0.01228
104	0.02056	0.01974	0.03372	0.05099	0.65622	0.01974	0.02550	0.02550	0.01892	0.02714	0.01563	0.02056	0.01316	0.00740	0.00822	0.00247	0.00987	0.00740	0.00411	0.01316
105	0.03049	0.03552	0.02313	0.02046	0.02504	0.53722	0.01559	0.13374	0.02593	0.02621	0.01463	0.01648	0.01172	0.00885	0.00756	0.00219	0.01354	0.00581	0.03560	0.01032
106	0.02056	0.01974	0.03372	0.05099	0.65622	0.01974	0.02550	0.02550	0.01892	0.02714	0.01563	0.02056	0.01316	0.00740	0.00822	0.00247	0.00987	0.00740	0.00411	0.01316
107	0.01176	0.00849	0.01110	0.01045	0.01241	0.00784	0.00784	0.01568	0.02352	0.03331	0.65184	0.06206	0.07839	0.01698	0.00980	0.00261	0.00392	0.01502	0.00914	0.00784
108	0.02494	0.50440	0.03734	0.01644	0.02267	0.23171	0.01478	0.02745	0.01894	0.01979	0.01195	0.01384	0.01067	0.00756	0.00600	0.00189	0.01077	0.00472	0.00378	0.01034
109	0.01912	0.01052	0.01362	0.01188	0.01525	0.00967	0.00924	0.02379	0.05563	0.20520	0.42274	0.05203	0.08721	0.01504	0.00933	0.00262	0.00494	0.01302	0.00935	0.00980
110	0.02254	0.02369	0.03117	0.07412	0.49575	0.15769	0.02339	0.02692	0.01978	0.02543	0.01500	0.01946	0.01254	0.00769	0.00807	0.00241	0.01100	0.00697	0.00413	0.01223
111	0.00982	0.00842	0.00842	0.00842	0.01122	0.00701	0.00631	0.01192	0.01894	0.02244	0.08416	0.07995	0.65285	0.02104	0.00982	0.00281	0.00421	0.01753	0.00771	0.00701
112	0.01176	0.00849	0.01110	0.01045	0.01241	0.00784	0.00784	0.01568	0.02352	0.03331	0.65184	0.06206	0.07839	0.01698	0.00980	0.00261	0.00392	0.01502	0.00914	0.00784
113	0.03158	0.02327	0.02493	0.01911	0.02576	0.02576	0.01579	0.62852	0.03906	0.05236	0.01995	0.01995	0.01413	0.00997	0.00831	0.00249	0.00914	0.00748	0.00831	0.01413
114	0.01666	0.04297	0.66500	0.02368	0.03596	0.01929	0.03069	0.02631	0.01754	0.02631	0.01491	0.01754	0.01052	0.00789	0.00789	0.00263	0.01228	0.00614	0.00351	0.01228
115	0.01191	0.00872	0.01243	0.01243	0.01360	0.00988	0.00924	0.01424	0.01308	0.01860	0.02309	0.03730	0.02279	0.20083	0.53937	0.01221	0.01921	0.00958	0.00458	0.00691
116	0.01205	0.01170	0.01001	0.00978	0.01274	0.07735	0.00734	0.01416	0.01942	0.02222	0.07664	0.07311	0.58521	0.01972	0.00957	0.00274	0.00534	0.01625	0.00735	0.00729
117	0.01176	0.00849	0.01110	0.01045	0.01241	0.00784	0.00784	0.01568	0.02352	0.03331	0.65184	0.06206	0.07839	0.01698	0.00980	0.00261	0.00392	0.01502	0.00914	0.00784
118	0.01818	0.01818	0.02545	0.02181	0.02181	0.02545	0.01818	0.01999	0.01272	0.01999	0.01091	0.01818	0.01091	0.01454	0.02726	0.00364	0.69284	0.00727	0.00364	0.00909
119	0.02548	0.46636	0.03640	0.01660	0.02292	0.20028	0.01486	0.08854	0.02088	0.02309	0.01274	0.01443	0.01102	0.00778	0.00620	0.00194	0.01051	0.00499	0.00423	0.01074
120	0.02533	0.02016	0.02141	0.01785	0.02338	0.02284	0.01428	0.29381	0.38395	0.04227	0.02789	0.02627	0.02056	0.01072	0.00839	0.00268	0.00767	0.00858	0.00839	0.01357
121	0.01187	0.00890	0.01335	0.01335	0.01483	0.01038	0.01038	0.01483	0.01335	0.01928	0.02225	0.03264	0.02077	0.06231	0.67512	0.01335	0.02225	0.00890	0.00445	0.00742
122	0.02255	0.01759	0.02847	0.21806	0.35601	0.01840	0.02215	0.05465	0.02003	0.13360	0.01848	0.02227	0.01388	0.00825	0.00827	0.00257	0.00969	0.00756	0.00523	0.01229
123	0.02138	0.02565	0.09470	0.02879	0.09145	0.12386	0.25768	0.03097	0.15299	0.02708	0.01927	0.02225	0.01482	0.00863	0.00962	0.00269	0.04325	0.00832	0.00503	0.01156
124	0.01030	0.00843	0.00908	0.00892	0.01152	0.00722	0.00669	0.01286	0.02007	0.02514	0.22517	0.07550	0.51015	0.02003	0.00981	0.00276	0.00414	0.01691	0.00807	0.00722
125	0.01155	0.00897	0.01083	0.01175	0.01413	0.00825	0.00974	0.01449	0.01903	0.02361	0.06468	0.08662	0.35950	0.02197	0.01062	0.00330	0.00588	0.30009	0.00768	0.00732
126	0.01985	0.02034	0.06505	0.11505	0.53040	0.01962	0.02492	0.02598	0.04833	0.02684	0.01637	0.02107	0.01338	0.00771	0.00823	0.00252	0.00996	0.00743	0.00424	0.01270
127	0.03290	0.02115	0.02362	0.01811	0.02470	0.02261	0.01496	0.49184	0.03551	0.19406	0.02293	0.02188	0.01562	0.01004	0.00832	0.00251	0.00866	0.00768	0.00877	0.01413
128	0.01128	0.00788	0.00956	0.01008	0.01070	0.00754	0.00644	0.01251	0.01557	0.02096	0.14062	0.26840	0.07509	0.33741	0.02498	0.00537	0.00612	0.01659	0.00672	0.00616
129	0.34074	0.26901	0.02583	0.01439	0.02004	0.16754	0.01240	0.02650	0.01717	0.02726	0.01184	0.01376	0.00996	0.00768	0.00572	0.00219	0.00918	0.00467	0.00439	0.00973
130	0.01192	0.00871	0.01237	0.01237	0.01352	0.00985	0.00916	0.01421	0.01306	0.01856	0.02315	0.03760	0.02292	0.20988	0.53050	0.01214	0.01901	0.00963	0.00458	0.00687
131	0.01752	0.01692	0.02503	0.02781	0.19483	0.04991	0.04937	0.02085	0.01550	0.02209	0.01619	0.02347	0.01472	0.02700	0.22495	0.00627	0.22583	0.00786	0.00408	0.00981
132	0.01032	0.00723	0.00969	0.01153	0.01199	0.00677	0.00769	0.01153	0.01567	0.02089	0.04432	0.67090	0.05305	0.02616	0.01163	0.03873	0.00493	0.02285	0.00752	0.00660
133	0.03150	0.02557	0.02474	0.01944	0.02575	0.11724	0.01583	0.54459	0.03687	0.04784	0.01894	0.01925	0.01364	0.00977	0.00819	0.00244	0.00996	0.00718	0.00774	0.01349
134	0.01818	0.01818	0.02545	0.02181	0.02181	0.02545	0.01818	0.01999	0.01272	0.01999	0.01091	0.01818	0.01091	0.01454	0.02726	0.00364	0.69284	0.00727	0.00364	0.00909
135	0.01923	0.01838	0.03131	0.22563	0.49202	0.01939	0.02483	0.02433	0.01828	0.02552	0.01539	0.02100	0.01259	0.00765	0.00825	0.00255	0.01020	0.00740	0.00400	0.01208
136	0.01047	0.00853	0.00933	0.00983	0.01201	0.00763	0.00710	0.01346	0.04989	0.02269	0.06969	0.27035	0.43546	0.02208	0.00999	0.00298	0.00452	0.01900	0.00775	0.00725
137	0.01202	0.00828	0.01019	0.01019	0.01058	0.00867	0.00644	0.01281	0.01241	0.01694	0.02514	0.04865	0.02772	0.53825	0.20869	0.00945	0.01179	0.01124	0.00488	0.00566
138	0.01994	0.01551	0.01665	0.01492	0.01938	0.01699	0.01162	0.03701	0.45218	0.09099	0.04432	0.04106	0.15713	0.01324	0.00873	0.00279	0.00612	0.01101	0.00847	0.01195
139	0.01876	0.02922	0.26793	0.03457	0.18068	0.02010	0.27393	0.02625	0.01870	0.02662	0.01585	0.02023	0.01198	0.00742	0.00875	0.00266	0.01244	0.00793	0.00393	0.01204
140	0.03727	0.01414	0.01928	0.01478	0.02121	0.01221	0.01221	0.04049	0.02378	0.66198	0.03277	0.02828	0.02056	0.01028	0.00835	0.00257	0.00707	0.00835	0.01028	0.01414
141	0.01816	0.05592	0.03136	0.17031	0.03418	0.02336	0.14943	0.02195	0.01528	0.02166	0.01305	0.01969	0.01129	0.01115	0.01817	0.00317	0.36074	0.00769	0.00376	0.00966
142	0.01000	0.00842	0.00867	0.00861	0.01133	0.00709	0.00646	0.01228	0.01937	0.02348	0.13825	0.07824	0.59811	0.02065	0.00982	0.00279	0.00418	0.01729	0.00785	0.00709
143	0.01208	0.00805	0.00906	0.00906	0.00906	0.00805	0.00503	0.01208	0.01208	0.01611	0.02618	0.05436	0.03020	0.70804	0.04228	0.00805	0.00805	0.01208	0.00503	0.00503
144	0.01818	0.01818	0.02545	0.02181	0.02181	0.02545	0.01818	0.01999	0.01272	0.01999	0.01091	0.01818	0.01091	0.01454	0.02726	0.00364	0.69284	0.00727	0.00364	0.00909
145	0.03126	0.03271	0.02413	0.02044	0.02572	0.40107	0.01594	0.28420	0.03008	0.03383	0.01584	0.01707	0.01215	0.00916	0.00784	0.00229	0.01252	0.00625	0.00598	0.01153
146	0.02056	0.01974	0.03372	0.05099	0.65622	0.01974	0.02550	0.02550	0.01892	0.02714	0.01563	0.02056	0.01316	0.00740	0.00822	0.00247	0.00987	0.00740	0.00411	0.01316
147	0.01187	0.00890	0.01335	0.01335	0.01483	0.01038	0.01038	0.01483	0.01335	0.01928	0.02225	0.03264	0.02077	0.06231	0.67512	0.01335	0.02225	0.00890	0.00445	0.00742
148	0.76672	0.01607	0.01221	0.01092	0.01607	0.01864	0.00900	0.02442	0.01414	0.03727	0.01157	0.01350	0.00900	0.00771	0.00514	0.00257	0.00643	0.00450	0.00514	0.00900
149	0.03103	0.03959	0.02354	0.02140	0.02568	0.67469	0.01605	0.03317	0.02354	0.02033	0.01284	0.01498	0.01070	0.00856	0.00749	0.00214	0.01498	0.00535	0.00428	0.00963
150	0.03158	0.02327	0.02493	0.01911	0.02576	0.02576	0.01579	0.62852	0.03906	0.05236	0.01995	0.01995	0.01413	0.00997	0.00831	0.00249	0.00914	0.00748	0.00831	0.01413
151	0.02452	0.53640	0.03829	0.01610	0.02247	0.20122	0.01470	0.02705	0.01863	0.01975	0.01189	0.01376	0.01067	0.00749	0.00590	0.00187	0.01048	0.00468	0.00374	0.01039
152	0.01818	0.01818	0.02545	0.02181	0.02181	0.02545	0.01818	0.01999	0.01272	0.01999	0.01091	0.01818	0.01091	0.01454	0.02726	0.00364	0.69284	0.00727	0.00364	0.00909
153	0.00982	0.00842	0.00842	0.00842	0.01122	0.00701	0.00631	0.01192	0.01894	0.02244	0.08416	0.07995	0.65285	0.02104	0.00982	0.00281	0.00421	0.01753	0.00771	0.00701
154	0.01332	0.00900	0.01068	0.00995	0.01272	0.00788	0.00757	0.01636	0.02149	0.08834	0.33821	0.06686	0.33056	0.01816	0.00967	0.00270	0.00435	0.01551	0.00861	0.00807
155	0.01015	0.00843	0.00887	0.00876	0.01142	0.00715	0.00657	0.01256	0.01971	0.02429	0.18059	0.07691	0.55527	0.02035	0.00981	0.00277	0.00416	0.01711	0.00796	0.00715
156	0.01012	0.00723	0.00964	0.01157	0.01205	0.00675	0.00771	0.01157	0.01591	0.02121	0.04579	0.70262	0.05495	0.02603	0.01060	0.00337	0.00482	0.02362	0.00771	0.00675
157	0.01126	0.00847	0.01041	0.00992	0.01210	0.00762	0.00744	0.01471	0.02233	0.03050	0.50488	0.06669	0.22710	0.01803	0.00980	0.00266	0.00399	0.01567	0.00877	0.00762
158	0.01099	0.00785	0.01061	0.01242	0.01331	0.00748	0.00909	0.01312	0.01703	0.02264	0.07298	0.52628	0.05429	0.02487	0.01078	0.00345	0.00546	0.16258	0.00776	0.00702
159	0.01620	0.01575	0.02803	0.60362	0.05543	0.01879	0.10105	0.02192	0.01700	0.02192	0.01503	0.02218	0.01127	0.00814	0.00850	0.00277	0.01145	0.00770	0.00376	0.00948
160	0.01818	0.01818	0.02545	0.02181	0.02181	0.02545	0.01818	0.01999	0.01272	0.01999	0.01091	0.01818	0.01091	0.01454	0.02726	0.00364	0.69284	0.00727	0.00364	0.00909
161	0.01191	0.00872	0.01245	0.01245	0.01362	0.00989	0.00926	0.01425	0.01308	0.01862	0.02308	0.03721	0.02276	0.19837	0.54177	0.01223	0.01926	0.00957	0.00457	0.00692
162	0.02029	0.01947	0.03324	0.08595	0.62335	0.01967	0.02536	0.02526	0.01879	0.02682	0.01558	0.02065	0.01304	0.00745	0.00823	0.00248	0.00994	0.00740	0.00409	0.01294
163	0.02221	0.71304	0.04353	0.01421	0.02132	0.03287	0.01421	0.02488	0.01688	0.01955	0.01155	0.01333	0.01066	0.00711	0.00533	0.00178	0.00888	0.00444	0.00355	0.01066
164	0.01797	0.03621	0.49795	0.02279	0.03382	0.01805	0.07887	0.02632	0.01798	0.05680	0.01591	0.01844	0.01141	0.00771	0.00786	0.00246	0.01140	0.00641	0.00407	0.10756
165	0.03108	0.03811	0.02367	0.02119	0.02569	0.61562	0.01603	0.08737	0.02495	0.02325	0.01349	0.01543	0.01101	0.00869	0.00757	0.00217	0.01445	0.00554	0.00465	0.01004
166	0.01208	0.00805	0.00906	0.00906	0.00906	0.00805	0.00503	0.01208	0.01208	0.01611	0.02618	0.05436	0.03020	0.70804	0.04228	0.00805	0.00805	0.01208	0.00503	0.00503
167	0.01952	0.01621	0.02335	0.02459	0.15517	0.01667	0.07899	0.18331	0.04874	0.03196	0.02894	0.27620	0.02949	0.01518	0.00931	0.00286	0.00809	0.01382	0.00677	0.01081
168	0.01473	0.01453	0.02256	0.01843	0.02134	0.01603	0.14070	0.01766	0.01668	0.02218	0.04292	0.04628	0.27475	0.05312	0.01726	0.00336	0.23122	0.01226	0.00550	0.00847
169	0.01723	0.01477	0.01723	0.01230	0.01969	0.01107	0.00984	0.02092	0.01723	0.02707	0.01477	0.01723	0.01230	0.00615	0.00615	0.00123	0.00615	0.00492	0.00492	0.75883
170	0.01012	0.00723	0.00964	0.01157	0.01205	0.00675	0.00771	0.01157	0.01591	0.02121	0.04579	0.70262	0.05495	0.02603	0.01060	0.00337	0.00482	0.02362	0.00771	0.00675
171	0.01203	0.00828	0.01019	0.01019	0.01058	0.00867	0.00644	0.01280	0.01241	0.01694	0.02515	0.04867	0.02773	0.53867	0.20827	0.00944	0.01178	0.01125	0.00488	0.00566
172	0.02146	0.02344	0.02476	0.02081	0.02352	0.19281	0.04533	0.02391	0.01660	0.02153	0.01231	0.01739	0.01116	0.01127	0.01787	0.00282	0.37303	0.00651	0.00404	0.12945
173	0.02221	0.71304	0.04353	0.01421	0.02132	0.03287	0.01421	0.02488	0.01688	0.01955	0.01155	0.01333	0.01066	0.00711	0.00533	0.00178	0.00888	0.00444	0.00355	0.01066
174	0.01569	0.01477	0.02492	0.68808	0.05722	0.01846	0.02307	0.02123	0.01661	0.02123	0.01477	0.02215	0.01107	0.00831	0.00831	0.00277	0.01107	0.00738	0.00369	0.00923
175	0.02546	0.01152	0.01549	0.01278	0.01714	0.01019	0.01019	0.02900	0.02366	0.37095	0.31936	0.04391	0.04733	0.01338	0.00902	0.00259	0.00561	0.01144	0.00976	0.01122
176	0.01023	0.00727	0.00961	0.01143	0.01189	0.00682	0.00756	0.01160	0.01570	0.02093	0.04471	0.66705	0.05359	0.06345	0.01234	0.00363	0.00500	0.02298	0.00756	0.00665
177	0.01176	0.00849	0.01110	0.01045	0.01241	0.00784	0.00784	0.01568	0.02352	0.03331	0.65184	0.06206	0.07839	0.01698	0.00980	0.00261	0.00392	0.01502	0.00914	0.00784
178	0.01961	0.02241	0.04902	0.03501	0.04342	0.02101	0.62605	0.02661	0.01961	0.02661	0.01681	0.02241	0.01261	0.00700	0.00980	0.00280	0.01401	0.00980	0.00420	0.01120
179	0.00991	0.00842	0.00854	0.00851	0.01128	0.00705	0.00638	0.01210	0.01915	0.02296	0.11128	0.07909	0.62541	0.02085	0.00982	0.00280	0.00419	0.01741	0.00778	0.00705
180	0.02056	0.01974	0.03372	0.05099	0.65622	0.01974	0.02550	0.02550	0.01892	0.02714	0.01563	0.02056	0.01316	0.00740	0.00822	0.00247	0.00987	0.00740	0.00411	0.01316
181	0.03158	0.02327	0.02493	0.01911	0.02576	0.02576	0.01579	0.62852	0.03906	0.05236	0.01995	0.01995	0.01413	0.00997	0.00831	0.00249	0.00914	0.00748	0.00831	0.01413
182	0.01187	0.00890	0.01335	0.01335	0.01483	0.01038	0.01038	0.01483	0.01335	0.01928	0.02225	0.03264	0.02077	0.06231	0.67512	0.01335	0.02225	0.00890	0.00445	0.00742
183	0.02118	0.01550	0.01754	0.01537	0.01908	0.01653	0.01185	0.32728	0.02816	0.03780	0.06583	0.31838	0.03536	0.01732	0.00939	0.00288	0.00698	0.01489	0.00810	0.01058
184	0.03120	0.03454	0.02397	0.02069	0.02571	0.47365	0.01597	0.21762	0.02835	0.03025	0.01504	0.01652	0.01176	0.00900	0.00774	0.00225	0.01317	0.00601	0.00553	0.01102
185	0.02167	0.67626	0.04196	0.01417	0.02098	0.03170	0.01401	0.02435	0.01670	0.01953	0.01211	0.01433	0.01119	0.00999	0.04032	0.00238	0.00958	0.00467	0.00360	0.01049
186	0.02901	0.03662	0.02210	0.02016	0.02430	0.61107	0.01512	0.03115	0.02310	0.02053	0.01964	0.02117	0.07189	0.00975	0.00771	0.00220	0.01395	0.00651	0.00461	0.00938
187	0.02056	0.01974	0.03372	0.05099	0.65622	0.01974	0.02550	0.02550	0.01892	0.02714	0.01563	0.02056	0.01316	0.00740	0.00822	0.00247	0.00987	0.00740	0.00411	0.01316
188	0.01216	0.00934	0.01392	0.01375	0.01516	0.01109	0.01075	0.01508	0.01332	0.01932	0.02172	0.03196	0.02031	0.06007	0.64478	0.01290	0.05365	0.00882	0.00441	0.00750
189	0.03283	0.02127	0.02369	0.01816	0.02476	0.02279	0.01501	0.49960	0.03571	0.18601	0.02276	0.02177	0.01554	0.01004	0.00832	0.00251	0.00869	0.00767	0.00874	0.01413
190	0.02019	0.46925	0.26964	0.01766	0.02665	0.02793	0.02021	0.02540	0.01712	0.02201	0.01277	0.01486	0.01061	0.00739	0.00626	0.00209	0.01012	0.00506	0.00354	0.01125
191	0.01124	0.00860	0.01056	0.01169	0.01367	0.00792	0.00929	0.01385	0.01837	0.02310	0.06083	0.21638	0.29727	0.02281	0.01061	0.00331	0.00564	0.23996	0.00769	0.00720
192	0.02007	0.01733	0.01822	0.01644	0.02103	0.01991	0.01277	0.04238	0.60707	0.03408	0.03658	0.03368	0.05979	0.01181	0.00853	0.00282	0.00644	0.00984	0.00841	0.01281
193	0.01961	0.02241	0.04902	0.03501	0.04342	0.02101	0.62605	0.02661	0.01961	0.02661	0.01681	0.02241	0.01261	0.00700	0.00980	0.00280	0.01401	0.00980	0.00420	0.01120
194	0.02056	0.01974	0.03372	0.05099	0.65622	0.01974	0.02550	0.02550	0.01892	0.02714	0.01563	0.02056	0.01316	0.00740	0.00822	0.00247	0.00987	0.00740	0.00411	0.01316
