[name]
unknown

[dist]
# distance from previous block
# <min> <max>
0	16

[block]
# block no. 0 follows, 22 sequences, length 170
# corresponding to MSA columns:
# 16-185
name=unknown_A
#
# <colnr> <probs for GDERKNQSTAVLIFYWHMCP>
#	G	D	E	R	K	N	Q	S	T	A	V	L	I	F	Y	W	H	M	C	P
0	0.01709	0.05590	0.38501	0.02045	0.02852	0.01724	0.02352	0.02399	0.01790	0.05616	0.02334	0.03884	0.02127	0.01259	0.01020	0.00300	0.05995	0.16924	0.00498	0.01081
1	0.14792	0.02519	0.22980	0.01704	0.02433	0.05332	0.01758	0.06025	0.05210	0.15558	0.02145	0.02411	0.01584	0.00944	0.00747	0.00256	0.00889	0.03021	0.08550	0.01142
2	0.10532	0.09665	0.11709	0.03058	0.15626	0.02101	0.26526	0.02562	0.01817	0.02717	0.01507	0.01918	0.01182	0.00724	0.00805	0.00250	0.01115	0.00744	0.00417	0.05025
3	0.21073	0.10333	0.09246	0.01721	0.02249	0.29740	0.01482	0.02703	0.01899	0.02525	0.01611	0.08769	0.01495	0.00997	0.00704	0.00239	0.01080	0.00706	0.00470	0.00957
4	0.01916	0.17627	0.39755	0.02433	0.10881	0.02140	0.02497	0.02621	0.01795	0.05590	0.01643	0.02087	0.01299	0.00844	0.00758	0.00248	0.01082	0.03181	0.00410	0.01194
5	0.09961	0.02604	0.22341	0.02178	0.02972	0.01948	0.13909	0.03282	0.21479	0.07627	0.02219	0.02309	0.01618	0.00894	0.00819	0.00271	0.00982	0.00788	0.00587	0.01213
6	0.02327	0.18443	0.02868	0.02317	0.14717	0.07021	0.01625	0.14953	0.02253	0.06170	0.02429	0.02587	0.09257	0.01057	0.00976	0.00246	0.08273	0.00787	0.00558	0.01136
7	0.23510	0.01810	0.01466	0.01394	0.01720	0.15653	0.01049	0.06513	0.01955	0.02923	0.09230	0.23567	0.03164	0.01480	0.00810	0.00273	0.00770	0.01203	0.00642	0.00868
8	0.35149	0.02039	0.10032	0.02423	0.20001	0.01831	0.01662	0.02542	0.04276	0.03186	0.01441	0.01713	0.01141	0.00763	0.00660	0.00242	0.00810	0.00577	0.00476	0.09034
9	0.16685	0.03030	0.34100	0.05388	0.19955	0.01925	0.02469	0.02552	0.01720	0.02852	0.01443	0.01772	0.01095	0.00774	0.00745	0.00258	0.01042	0.00620	0.00400	0.01175
10	0.26989	0.02625	0.10031	0.08852	0.02716	0.17263	0.01625	0.15171	0.02218	0.03339	0.01436	0.01660	0.01087	0.00846	0.00702	0.00248	0.01020	0.00583	0.00524	0.01064
11	0.02159	0.02133	0.09000	0.04405	0.51989	0.01911	0.02436	0.02760	0.04540	0.07988	0.01774	0.02136	0.01404	0.00785	0.00821	0.00251	0.00972	0.00745	0.00475	0.01316
12	0.02056	0.01974	0.03372	0.05099	0.65622	0.01974	0.02550	0.02550	0.01892	0.02714	0.01563	0.02056	0.01316	0.00740	0.00822	0.00247	0.00987	0.00740	0.00411	0.01316
13	0.01175	0.00981	0.01078	0.00960	0.01326	0.00803	0.00734	0.01451	0.01934	0.02528	0.16506	0.06332	0.41684	0.01713	0.00902	0.00243	0.00458	0.01437	0.00735	0.17019
14	0.03068	0.03402	0.02402	0.02076	0.02555	0.46115	0.01606	0.20474	0.02759	0.02958	0.01482	0.01654	0.01170	0.00921	0.00852	0.00230	0.04040	0.00604	0.00542	0.01091
15	0.01390	0.01058	0.01522	0.01865	0.08576	0.01048	0.01418	0.01772	0.01909	0.02493	0.04384	0.08481	0.08792	0.02113	0.01100	0.00360	0.00764	0.49407	0.00727	0.00820
16	0.02056	0.01974	0.03372	0.05099	0.65622	0.01974	0.02550	0.02550	0.01892	0.02714	0.01563	0.02056	0.01316	0.00740	0.00822	0.00247	0.00987	0.00740	0.00411	0.01316
17	0.02792	0.02098	0.02844	0.02158	0.02816	0.02201	0.14719	0.37603	0.05764	0.10898	0.02267	0.06011	0.01725	0.01032	0.00877	0.00263	0.00962	0.00906	0.00760	0.01304
18	0.00982	0.00842	0.00842	0.00842	0.01122	0.00701	0.00631	0.01192	0.01894	0.02244	0.08416	0.07995	0.65285	0.02104	0.00982	0.00281	0.00421	0.01753	0.00771	0.00701
19	0.01855	0.02464	0.16747	0.03264	0.16942	0.02062	0.23175	0.02451	0.01747	0.02510	0.01539	0.02077	0.01241	0.01149	0.04670	0.00339	0.13442	0.00802	0.00395	0.01128
20	0.01208	0.00805	0.00906	0.00906	0.00906	0.00805	0.00503	0.01208	0.01208	0.01611	0.02618	0.05436	0.03020	0.70804	0.04228	0.00805	0.00805	0.01208	0.00503	0.00503
21	0.01014	0.00843	0.00886	0.00875	0.01142	0.00715	0.00657	0.01255	0.01970	0.02425	0.17844	0.07698	0.55744	0.02037	0.00982	0.00277	0.00416	0.01712	0.00795	0.00715
22	0.01133	0.00738	0.00982	0.01093	0.01158	0.00692	0.00738	0.01140	0.01484	0.01941	0.04187	0.42333	0.12340	0.02618	0.01682	0.22152	0.00543	0.01806	0.00653	0.00588
23	0.02056	0.01974	0.03372	0.05099	0.65622	0.01974	0.02550	0.02550	0.01892	0.02714	0.01563	0.02056	0.01316	0.00740	0.00822	0.00247	0.00987	0.00740	0.00411	0.01316
24	0.02056	0.01974	0.03372	0.05099	0.65622	0.01974	0.02550	0.02550	0.01892	0.02714	0.01563	0.02056	0.01316	0.00740	0.00822	0.00247	0.00987	0.00740	0.00411	0.01316
25	0.03383	0.01966	0.02270	0.01740	0.02396	0.02041	0.01438	0.39613	0.03302	0.29328	0.02502	0.02324	0.01667	0.01009	0.00833	0.00252	0.00832	0.00783	0.00909	0.01413
26	0.01810	0.10814	0.42098	0.02595	0.03656	0.02123	0.20104	0.02624	0.01807	0.02568	0.01510	0.01850	0.01114	0.00755	0.00817	0.00259	0.01242	0.00702	0.00371	0.01180
27	0.01666	0.04297	0.66500	0.02368	0.03596	0.01929	0.03069	0.02631	0.01754	0.02631	0.01491	0.01754	0.01052	0.00789	0.00789	0.00263	0.01228	0.00614	0.00351	0.01228
28	0.01012	0.00723	0.00964	0.01157	0.01205	0.00675	0.00771	0.01157	0.01591	0.02121	0.04579	0.70262	0.05495	0.02603	0.01060	0.00337	0.00482	0.02362	0.00771	0.00675
29	0.01666	0.04297	0.66500	0.02368	0.03596	0.01929	0.03069	0.02631	0.01754	0.02631	0.01491	0.01754	0.01052	0.00789	0.00789	0.00263	0.01228	0.00614	0.00351	0.01228
30	0.01936	0.01810	0.02841	0.20372	0.37427	0.01961	0.02233	0.02829	0.14747	0.02724	0.01918	0.02312	0.01517	0.00843	0.00829	0.00262	0.00949	0.00781	0.00491	0.01217
31	0.02368	0.42294	0.03726	0.02368	0.15991	0.16321	0.01704	0.02673	0.01870	0.02136	0.01270	0.01524	0.01121	0.00747	0.00641	0.00200	0.01036	0.00527	0.00383	0.01099
32	0.01818	0.01818	0.02545	0.02181	0.02181	0.02545	0.01818	0.01999	0.01272	0.01999	0.01091	0.01818	0.01091	0.01454	0.02726	0.00364	0.69284	0.00727	0.00364	0.00909
33	0.01853	0.01362	0.01575	0.01444	0.01757	0.01410	0.01085	0.24380	0.02467	0.03319	0.03457	0.41278	0.03753	0.01903	0.00953	0.00294	0.00651	0.01664	0.00780	0.04615
34	0.01012	0.00723	0.00964	0.01157	0.01205	0.00675	0.00771	0.01157	0.01591	0.02121	0.04579	0.70262	0.05495	0.02603	0.01060	0.00337	0.00482	0.02362	0.00771	0.00675
35	0.01598	0.00946	0.01223	0.01098	0.01381	0.00851	0.00843	0.01958	0.02307	0.14122	0.48314	0.05813	0.13036	0.01626	0.00955	0.00263	0.00450	0.01414	0.00919	0.00884
36	0.03158	0.02327	0.02493	0.01911	0.02576	0.02576	0.01579	0.62852	0.03906	0.05236	0.01995	0.01995	0.01413	0.00997	0.00831	0.00249	0.00914	0.00748	0.00831	0.01413
37	0.01208	0.00805	0.00906	0.00906	0.00906	0.00805	0.00503	0.01208	0.01208	0.01611	0.02618	0.05436	0.03020	0.70804	0.04228	0.00805	0.00805	0.01208	0.00503	0.00503
38	0.01033	0.00732	0.00958	0.01130	0.01173	0.00689	0.00742	0.01162	0.01549	0.02066	0.04367	0.63264	0.05227	0.09965	0.01402	0.00388	0.00517	0.02237	0.00742	0.00656
39	0.01549	0.00774	0.00774	0.00774	0.00968	0.00774	0.00581	0.01936	0.01742	0.03097	0.02710	0.03097	0.02129	0.00968	0.00581	0.00194	0.00387	0.00774	0.75416	0.00774
40	0.01416	0.01184	0.01275	0.01193	0.01523	0.01213	0.00911	0.02439	0.24491	0.02925	0.18906	0.05837	0.30141	0.01663	0.00932	0.00277	0.00500	0.01405	0.00829	0.00941
41	0.01012	0.00723	0.00964	0.01157	0.01205	0.00675	0.00771	0.01157	0.01591	0.02121	0.04579	0.70262	0.05495	0.02603	0.01060	0.00337	0.00482	0.02362	0.00771	0.00675
42	0.01188	0.00886	0.01317	0.01317	0.01459	0.01028	0.01016	0.01472	0.01330	0.01915	0.02242	0.03356	0.02117	0.08989	0.64809	0.01312	0.02165	0.00904	0.00448	0.00732
43	0.01068	0.00832	0.00970	0.00962	0.01182	0.00734	0.00711	0.01349	0.02057	0.02696	0.32280	0.13838	0.34377	0.01983	0.00989	0.00278	0.00415	0.01711	0.00833	0.00734
44	0.02051	0.01270	0.01542	0.01300	0.01682	0.01246	0.01026	0.15282	0.02670	0.14916	0.37478	0.04782	0.08393	0.01448	0.00922	0.00259	0.00563	0.01233	0.00909	0.01028
45	0.01666	0.04297	0.66500	0.02368	0.03596	0.01929	0.03069	0.02631	0.01754	0.02631	0.01491	0.01754	0.01052	0.00789	0.00789	0.00263	0.01228	0.00614	0.00351	0.01228
46	0.01919	0.02648	0.19050	0.03711	0.22522	0.02022	0.30498	0.02621	0.01891	0.02670	0.01600	0.02070	0.01228	0.00733	0.00888	0.00266	0.01236	0.00822	0.00401	0.01204
47	0.01012	0.00723	0.00964	0.01157	0.01205	0.00675	0.00771	0.01157	0.01591	0.02121	0.04579	0.70262	0.05495	0.02603	0.01060	0.00337	0.00482	0.02362	0.00771	0.00675
48	0.03045	0.03848	0.02411	0.02306	0.06103	0.63797	0.01658	0.03274	0.02328	0.02071	0.01300	0.01529	0.01084	0.00850	0.00753	0.00216	0.01469	0.00547	0.00427	0.00983
49	0.02201	0.56323	0.13576	0.01616	0.02384	0.07734	0.01683	0.02569	0.01746	0.02062	0.01215	0.01408	0.01064	0.00733	0.00587	0.00193	0.00984	0.00476	0.00360	0.01083
50	0.01269	0.01033	0.01714	0.01565	0.01787	0.01151	0.07573	0.01608	0.01402	0.02006	0.02167	0.03155	0.01990	0.05644	0.60451	0.01223	0.02138	0.00900	0.00442	0.00782
51	0.01154	0.00840	0.01086	0.01043	0.01232	0.00772	0.00775	0.01518	0.02273	0.03187	0.57842	0.10941	0.10653	0.01785	0.00986	0.00268	0.00400	0.01578	0.00897	0.00772
52	0.02056	0.01974	0.03372	0.05099	0.65622	0.01974	0.02550	0.02550	0.01892	0.02714	0.01563	0.02056	0.01316	0.00740	0.00822	0.00247	0.00987	0.00740	0.00411	0.01316
53	0.05993	0.09156	0.02299	0.01812	0.02267	0.37678	0.01417	0.12092	0.02491	0.02811	0.11989	0.02335	0.02239	0.01001	0.00770	0.00226	0.01131	0.00717	0.00568	0.01009
54	0.03057	0.07453	0.02458	0.02103	0.02546	0.64139	0.01596	0.03274	0.02320	0.02029	0.01277	0.01490	0.01070	0.00849	0.00738	0.00212	0.01466	0.00530	0.00424	0.00968
55	0.01795	0.01293	0.01610	0.01442	0.01745	0.01455	0.01146	0.19271	0.02121	0.03008	0.02210	0.02879	0.01890	0.04159	0.41133	0.00900	0.01651	0.00837	0.08514	0.00939
56	0.08042	0.01881	0.01968	0.01662	0.02202	0.04614	0.01324	0.14466	0.34057	0.16340	0.02870	0.02658	0.02064	0.01048	0.00813	0.00267	0.00746	0.00833	0.00839	0.01308
57	0.02221	0.71304	0.04353	0.01421	0.02132	0.03287	0.01421	0.02488	0.01688	0.01955	0.01155	0.01333	0.01066	0.00711	0.00533	0.00178	0.00888	0.00444	0.00355	0.01066
58	0.01259	0.01066	0.01116	0.01064	0.01381	0.01033	0.00809	0.01995	0.16676	0.02651	0.13249	0.06646	0.44331	0.01830	0.00949	0.00279	0.00474	0.01534	0.00804	0.00855
59	0.01781	0.18202	0.53604	0.02171	0.03292	0.02211	0.02727	0.02601	0.01740	0.02491	0.01421	0.01666	0.01055	0.00773	0.00736	0.00245	0.01157	0.00579	0.00352	0.01194
60	0.03320	0.01469	0.02119	0.10106	0.07892	0.01361	0.01467	0.03685	0.02248	0.52951	0.02911	0.02687	0.01877	0.00980	0.00834	0.00259	0.00780	0.00815	0.00895	0.01345
61	0.02056	0.01974	0.03372	0.05099	0.65622	0.01974	0.02550	0.02550	0.01892	0.02714	0.01563	0.02056	0.01316	0.00740	0.00822	0.00247	0.00987	0.00740	0.00411	0.01316
62	0.02948	0.15830	0.02707	0.02013	0.02491	0.56156	0.01573	0.03171	0.02237	0.02019	0.01261	0.01469	0.01069	0.00830	0.00711	0.00208	0.01391	0.00519	0.00415	0.00981
63	0.01096	0.00831	0.01018	0.01057	0.01247	0.00752	0.00792	0.01376	0.01995	0.02636	0.27690	0.20997	0.25119	0.02086	0.01016	0.00297	0.00460	0.07980	0.00822	0.00732
64	0.01082	0.00759	0.00977	0.01124	0.01171	0.00726	0.00749	0.01210	0.01523	0.02026	0.04101	0.50478	0.04856	0.18752	0.01818	0.00452	0.00579	0.06268	0.00707	0.00641
65	0.01052	0.00806	0.00976	0.01093	0.01254	0.00730	0.00807	0.01260	0.01759	0.02226	0.06039	0.36480	0.28577	0.02361	0.01044	0.00322	0.00503	0.11242	0.00770	0.00699
66	0.02360	0.02725	0.03348	0.10315	0.18457	0.25984	0.19538	0.02818	0.02057	0.02387	0.01486	0.01922	0.01188	0.00781	0.00842	0.00248	0.01307	0.00734	0.00415	0.01088
67	0.01549	0.00774	0.00774	0.00774	0.00968	0.00774	0.00581	0.01936	0.01742	0.03097	0.02710	0.03097	0.02129	0.00968	0.00581	0.00194	0.00387	0.00774	0.75416	0.00774
68	0.01045	0.00759	0.00987	0.01110	0.01207	0.00700	0.00764	0.01248	0.01778	0.02392	0.18000	0.51858	0.10336	0.02370	0.01037	0.00317	0.00458	0.02131	0.00802	0.00700
69	0.02380	0.22049	0.20344	0.02280	0.08532	0.26380	0.02039	0.02837	0.01969	0.02236	0.01331	0.01574	0.01087	0.00788	0.00708	0.00220	0.01213	0.00551	0.00386	0.01095
70	0.02004	0.01921	0.03279	0.11861	0.59265	0.01960	0.02524	0.02504	0.01867	0.02651	0.01553	0.02073	0.01294	0.00750	0.00823	0.00250	0.01000	0.00740	0.00407	0.01274
71	0.07817	0.01425	0.01888	0.01456	0.02092	0.01257	0.01203	0.03959	0.02324	0.62695	0.03159	0.02745	0.01992	0.01014	0.00817	0.00257	0.00703	0.00814	0.00999	0.01385
72	0.01666	0.04297	0.66500	0.02368	0.03596	0.01929	0.03069	0.02631	0.01754	0.02631	0.01491	0.01754	0.01052	0.00789	0.00789	0.00263	0.01228	0.00614	0.00351	0.01228
73	0.05490	0.02537	0.19270	0.08745	0.16913	0.02068	0.17059	0.02468	0.01733	0.02566	0.01471	0.01966	0.01163	0.00865	0.01141	0.00281	0.11994	0.00750	0.00392	0.01128
74	0.01146	0.00911	0.01052	0.01093	0.01346	0.00835	0.00876	0.01507	0.04334	0.02478	0.13207	0.08007	0.39387	0.02077	0.01024	0.00308	0.00525	0.18347	0.00788	0.00752
75	0.01569	0.01477	0.02492	0.68808	0.05722	0.01846	0.02307	0.02123	0.01661	0.02123	0.01477	0.02215	0.01107	0.00831	0.00831	0.00277	0.01107	0.00738	0.00369	0.00923
76	0.01786	0.01507	0.01869	0.01685	0.08682	0.01262	0.01171	0.06684	0.01892	0.02833	0.01885	0.09727	0.01748	0.00888	0.00705	0.00171	0.00662	0.00755	0.00542	0.53547
77	0.02866	0.02143	0.02306	0.01829	0.02425	0.02375	0.01487	0.51087	0.11254	0.04790	0.02355	0.07080	0.01849	0.01130	0.00849	0.00260	0.00851	0.00889	0.00828	0.01347
78	0.01178	0.00793	0.00915	0.00945	0.00952	0.00785	0.00545	0.01200	0.01267	0.01689	0.02920	0.15431	0.03402	0.60289	0.03740	0.00733	0.00756	0.01386	0.00545	0.00530
79	0.20621	0.54079	0.03579	0.01340	0.02002	0.02935	0.01293	0.02476	0.01620	0.02393	0.01155	0.01337	0.01025	0.00726	0.00528	0.00197	0.00828	0.00446	0.00395	0.01025
80	0.03009	0.01945	0.02185	0.01711	0.02294	0.02070	0.01390	0.43139	0.03311	0.17006	0.04778	0.05446	0.02039	0.04499	0.01013	0.00282	0.00829	0.00886	0.00855	0.01313
81	0.01144	0.00859	0.01086	0.01095	0.01291	0.00763	0.00785	0.01408	0.01908	0.02632	0.26514	0.34097	0.11393	0.02019	0.00977	0.00282	0.00458	0.01797	0.00793	0.08699
82	0.02196	0.68316	0.07125	0.01464	0.02197	0.03227	0.01495	0.02494	0.01691	0.01985	0.01170	0.01351	0.01065	0.00714	0.00544	0.00181	0.00904	0.00452	0.00355	0.01073
83	0.01187	0.00890	0.01335	0.01335	0.01483	0.01038	0.01038	0.01483	0.01335	0.01928	0.02225	0.03264	0.02077	0.06231	0.67512	0.01335	0.02225	0.00890	0.00445	0.00742
84	0.02722	0.10124	0.02459	0.01884	0.02406	0.27679	0.01496	0.16457	0.20475	0.03136	0.02031	0.02051	0.01568	0.00950	0.00772	0.00237	0.01064	0.00688	0.00628	0.01173
85	0.01831	0.01991	0.09717	0.03963	0.45566	0.01722	0.02239	0.02355	0.01972	0.02833	0.14757	0.02885	0.02641	0.00944	0.00852	0.00252	0.00889	0.00885	0.00509	0.01196
86	0.01033	0.00732	0.00958	0.01130	0.01173	0.00689	0.00743	0.01162	0.01550	0.02067	0.04371	0.63382	0.05232	0.09841	0.01397	0.00387	0.00516	0.02239	0.00743	0.00657
87	0.06438	0.01709	0.02078	0.01599	0.02244	0.01674	0.01321	0.22535	0.02822	0.44491	0.02789	0.02506	0.01808	0.01008	0.00821	0.00255	0.00770	0.00793	0.00946	0.01393
88	0.02293	0.42563	0.07472	0.02158	0.08446	0.13622	0.08143	0.02658	0.01850	0.02151	0.01289	0.01548	0.01110	0.00741	0.00658	0.00206	0.01072	0.00553	0.00379	0.01087
89	0.01166	0.00788	0.00919	0.00960	0.00971	0.00777	0.00561	0.01197	0.01291	0.01721	0.03043	0.19495	0.03557	0.56014	0.03541	0.00704	0.00735	0.01458	0.00561	0.00541
90	0.01549	0.00774	0.00774	0.00774	0.00968	0.00774	0.00581	0.01936	0.01742	0.03097	0.02710	0.03097	0.02129	0.00968	0.00581	0.00194	0.00387	0.00774	0.75416	0.00774
91	0.01915	0.02536	0.19675	0.09610	0.44626	0.01952	0.02665	0.02536	0.01837	0.02644	0.01537	0.01991	0.01230	0.00760	0.00814	0.00253	0.01059	0.00707	0.00392	0.01261
92	0.01931	0.01925	0.03515	0.18391	0.39509	0.01974	0.15521	0.02482	0.01857	0.02576	0.01570	0.02130	0.01259	0.00751	0.00858	0.00260	0.01102	0.00792	0.00404	0.01189
93	0.01012	0.00723	0.00964	0.01157	0.01205	0.00675	0.00771	0.01157	0.01591	0.02121	0.04579	0.70262	0.05495	0.02603	0.01060	0.00337	0.00482	0.02362	0.00771	0.00675
94	0.01208	0.00805	0.00906	0.00906	0.00906	0.00805	0.00503	0.01208	0.01208	0.01611	0.02618	0.05436	0.03020	0.70804	0.04228	0.00805	0.00805	0.01208	0.00503	0.00503
95	0.01012	0.00723	0.00964	0.01157	0.01205	0.00675	0.00771	0.01157	0.01591	0.02121	0.04579	0.70262	0.05495	0.02603	0.01060	0.00337	0.00482	0.02362	0.00771	0.00675
96	0.07512	0.01424	0.01891	0.01458	0.02094	0.01254	0.01204	0.03965	0.02328	0.62956	0.03167	0.02751	0.01996	0.01015	0.00819	0.00257	0.00704	0.00815	0.01002	0.01387
97	0.03727	0.01414	0.01928	0.01478	0.02121	0.01221	0.01221	0.04049	0.02378	0.66198	0.03277	0.02828	0.02056	0.01028	0.00835	0.00257	0.00707	0.00835	0.01028	0.01414
98	0.02267	0.67810	0.04250	0.01459	0.02155	0.06617	0.01431	0.02531	0.01723	0.01959	0.01162	0.01341	0.01066	0.00718	0.00544	0.00180	0.00920	0.00449	0.00359	0.01061
99	0.01941	0.01856	0.03163	0.20205	0.51419	0.01943	0.02492	0.02448	0.01837	0.02574	0.01542	0.02094	0.01266	0.00762	0.00824	0.00254	0.01015	0.00740	0.00401	0.01223
100	0.02646	0.02998	0.02276	0.02024	0.02321	0.40960	0.01575	0.02868	0.01998	0.04917	0.01419	0.01765	0.01196	0.01045	0.01312	0.00258	0.20977	0.00621	0.05871	0.00953
101	0.02221	0.71304	0.04353	0.01421	0.02132	0.03287	0.01421	0.02488	0.01688	0.01955	0.01155	0.01333	0.01066	0.00711	0.00533	0.00178	0.00888	0.00444	0.00355	0.01066
102	0.01589	0.01497	0.02528	0.66168	0.08204	0.01851	0.02317	0.02140	0.01671	0.02147	0.01480	0.02208	0.01116	0.00827	0.00830	0.00276	0.01102	0.00738	0.00371	0.00939
103	0.02231	0.02429	0.02827	0.02302	0.02832	0.20278	0.19083	0.03284	0.22081	0.02669	0.02178	0.02421	0.01707	0.01479	0.08054	0.00376	0.01277	0.00833	0.00562	0.01098
104	0.10221	0.16075	0.32438	0.01841	0.02756	0.02013	0.02087	0.02920	0.01853	0.17691	0.01815	0.01885	0.01277	0.00829	0.00722	0.00245	0.00978	0.00617	0.00530	0.01206
105	0.01591	0.06845	0.49904	0.02047	0.03036	0.01758	0.02515	0.02403	0.01875	0.02743	0.14692	0.02657	0.02461	0.00974	0.00816	0.00259	0.01038	0.00790	0.00468	0.01128
106	0.01008	0.00850	0.00878	0.00891	0.01166	0.00720	0.00682	0.01231	0.01895	0.02262	0.08125	0.08095	0.60900	0.02118	0.00994	0.00288	0.00446	0.05977	0.00771	0.00706
107	0.02066	0.01785	0.01878	0.01691	0.02160	0.02066	0.01315	0.04414	0.64121	0.03475	0.03381	0.03099	0.02536	0.01127	0.00845	0.00282	0.00657	0.00939	0.00845	0.01315
108	0.02283	0.02404	0.03151	0.04457	0.51948	0.16177	0.02345	0.02716	0.01992	0.02566	0.01502	0.01935	0.01263	0.00765	0.00807	0.00240	0.01098	0.00696	0.00415	0.01239
109	0.01969	0.01885	0.03215	0.16478	0.54923	0.01951	0.02506	0.02473	0.01850	0.02608	0.01547	0.02084	0.01279	0.00756	0.00824	0.00252	0.01008	0.00740	0.00404	0.01246
110	0.02066	0.01785	0.01878	0.01691	0.02160	0.02066	0.01315	0.04414	0.64121	0.03475	0.03381	0.03099	0.02536	0.01127	0.00845	0.00282	0.00657	0.00939	0.00845	0.01315
111	0.01029	0.00766	0.00965	0.01115	0.01224	0.00701	0.00782	0.01205	0.01680	0.02174	0.05398	0.52346	0.18409	0.02472	0.01050	0.00328	0.00489	0.06409	0.00771	0.00687
112	0.01914	0.02102	0.04129	0.03068	0.03633	0.02246	0.42671	0.02444	0.01735	0.02444	0.01487	0.02102	0.01205	0.00947	0.01553	0.00307	0.23662	0.00897	0.00402	0.01051
113	0.01339	0.00956	0.01339	0.01530	0.01721	0.00956	0.01339	0.01721	0.01912	0.02486	0.04399	0.09371	0.04781	0.02295	0.01147	0.00382	0.00765	0.60031	0.00765	0.00765
114	0.01208	0.00805	0.00906	0.00906	0.00906	0.00805	0.00503	0.01208	0.01208	0.01611	0.02618	0.05436	0.03020	0.70804	0.04228	0.00805	0.00805	0.01208	0.00503	0.00503
115	0.01207	0.00810	0.00930	0.00930	0.00938	0.00818	0.00533	0.01224	0.01215	0.01629	0.02596	0.05315	0.02967	0.67184	0.07776	0.00835	0.00885	0.01190	0.00500	0.00517
116	0.02066	0.01785	0.01878	0.01691	0.02160	0.02066	0.01315	0.04414	0.64121	0.03475	0.03381	0.03099	0.02536	0.01127	0.00845	0.00282	0.00657	0.00939	0.00845	0.01315
117	0.03191	0.02042	0.02274	0.01754	0.02387	0.02181	0.01445	0.46685	0.03453	0.18336	0.02313	0.02237	0.01593	0.01002	0.00818	0.00248	0.00840	0.00768	0.05055	0.01377
118	0.01981	0.02185	0.04584	0.03833	0.17058	0.02074	0.50143	0.02638	0.01946	0.02672	0.01656	0.02203	0.01272	0.00709	0.00948	0.00273	0.01315	0.00931	0.00418	0.01161
119	0.00997	0.00847	0.00863	0.00872	0.01148	0.00712	0.00662	0.01215	0.01894	0.02255	0.08239	0.08055	0.62630	0.02112	0.00989	0.00285	0.00436	0.04311	0.00771	0.00704
120	0.01208	0.00805	0.00906	0.00906	0.00906	0.00805	0.00503	0.01208	0.01208	0.01611	0.02618	0.05436	0.03020	0.70804	0.04228	0.00805	0.00805	0.01208	0.00503	0.00503
121	0.01187	0.00890	0.01335	0.01335	0.01483	0.01038	0.01038	0.01483	0.01335	0.01928	0.02225	0.03264	0.02077	0.06231	0.67512	0.01335	0.02225	0.00890	0.00445	0.00742
122	0.01666	0.04297	0.66500	0.02368	0.03596	0.01929	0.03069	0.02631	0.01754	0.02631	0.01491	0.01754	0.01052	0.00789	0.00789	0.00263	0.01228	0.00614	0.00351	0.01228
123	0.00982	0.00842	0.00842	0.00842	0.01122	0.00701	0.00631	0.01192	0.01894	0.02244	0.08416	0.07995	0.65285	0.02104	0.00982	0.00281	0.00421	0.01753	0.00771	0.00701
124	0.01012	0.00723	0.00964	0.01157	0.01205	0.00675	0.00771	0.01157	0.01591	0.02121	0.04579	0.70262	0.05495	0.02603	0.01060	0.00337	0.00482	0.02362	0.00771	0.00675
125	0.03106	0.03875	0.02361	0.02128	0.02569	0.64098	0.01604	0.06410	0.02435	0.02200	0.01321	0.01524	0.01088	0.00863	0.00753	0.00216	0.01468	0.00546	0.00449	0.00986
126	0.01818	0.01818	0.02545	0.02181	0.02181	0.02545	0.01818	0.01999	0.01272	0.01999	0.01091	0.01818	0.01091	0.01454	0.02726	0.00364	0.69284	0.00727	0.00364	0.00909
127	0.01208	0.00805	0.00906	0.00906	0.00906	0.00805	0.00503	0.01208	0.01208	0.01611	0.02618	0.05436	0.03020	0.70804	0.04228	0.00805	0.00805	0.01208	0.00503	0.00503
128	0.01892	0.01942	0.03708	0.21289	0.27105	0.01987	0.24769	0.02478	0.01857	0.02539	0.01584	0.02166	0.01240	0.00749	0.00883	0.00267	0.01172	0.00829	0.00403	0.01140
129	0.02250	0.02157	0.02716	0.03181	0.27499	0.12583	0.06246	0.05614	0.12928	0.05659	0.08687	0.02630	0.02212	0.00949	0.00843	0.00252	0.00965	0.00844	0.00589	0.01196
130	0.01012	0.00723	0.00964	0.01157	0.01205	0.00675	0.00771	0.01157	0.01591	0.02121	0.04579	0.70262	0.05495	0.02603	0.01060	0.00337	0.00482	0.02362	0.00771	0.00675
131	0.02736	0.32542	0.03242	0.01784	0.02383	0.26440	0.01521	0.15315	0.02390	0.02664	0.01376	0.01530	0.01139	0.00823	0.00673	0.00206	0.01115	0.00540	0.00480	0.01101
132	0.02350	0.30326	0.08364	0.01693	0.02363	0.09078	0.01556	0.12308	0.15061	0.02881	0.01804	0.01873	0.01433	0.00857	0.00691	0.00218	0.00919	0.00620	0.00545	0.05061
133	0.02011	0.46502	0.23772	0.01686	0.02533	0.02728	0.01898	0.02504	0.01712	0.02227	0.01342	0.01557	0.01117	0.00749	0.00616	0.00205	0.00969	0.00515	0.04253	0.01102
134	0.01666	0.04297	0.66500	0.02368	0.03596	0.01929	0.03069	0.02631	0.01754	0.02631	0.01491	0.01754	0.01052	0.00789	0.00789	0.00263	0.01228	0.00614	0.00351	0.01228
135	0.02182	0.02256	0.03113	0.11017	0.49029	0.12933	0.02367	0.02635	0.01946	0.02540	0.01507	0.01979	0.01254	0.00769	0.00811	0.00244	0.01085	0.00706	0.00410	0.01217
136	0.02028	0.02142	0.07947	0.04901	0.61127	0.01971	0.02587	0.02555	0.01882	0.02708	0.01557	0.02034	0.01297	0.00744	0.00820	0.00248	0.01004	0.00731	0.00407	0.01310
137	0.02056	0.01974	0.03372	0.05099	0.65622	0.01974	0.02550	0.02550	0.01892	0.02714	0.01563	0.02056	0.01316	0.00740	0.00822	0.00247	0.00987	0.00740	0.00411	0.01316
138	0.01187	0.00890	0.01335	0.01335	0.01483	0.01038	0.01038	0.01483	0.01335	0.01928	0.02225	0.03264	0.02077	0.06231	0.67512	0.01335	0.02225	0.00890	0.00445	0.00742
139	0.01103	0.00797	0.01054	0.01183	0.01300	0.00749	0.00867	0.01345	0.01823	0.02444	0.17338	0.42603	0.09206	0.02332	0.01055	0.00326	0.00510	0.12450	0.00800	0.00715
140	0.01187	0.00890	0.01335	0.01335	0.01483	0.01038	0.01038	0.01483	0.01335	0.01928	0.02225	0.03264	0.02077	0.06231	0.67512	0.01335	0.02225	0.00890	0.00445	0.00742
141	0.03727	0.01414	0.01928	0.01478	0.02121	0.01221	0.01221	0.04049	0.02378	0.66198	0.03277	0.02828	0.02056	0.01028	0.00835	0.00257	0.00707	0.00835	0.01028	0.01414
142	0.02056	0.01974	0.03372	0.05099	0.65622	0.01974	0.02550	0.02550	0.01892	0.02714	0.01563	0.02056	0.01316	0.00740	0.00822	0.00247	0.00987	0.00740	0.00411	0.01316
143	0.01187	0.00890	0.01335	0.01335	0.01483	0.01038	0.01038	0.01483	0.01335	0.01928	0.02225	0.03264	0.02077	0.06231	0.67512	0.01335	0.02225	0.00890	0.00445	0.00742
144	0.02056	0.01974	0.03372	0.05099	0.65622	0.01974	0.02550	0.02550	0.01892	0.02714	0.01563	0.02056	0.01316	0.00740	0.00822	0.00247	0.00987	0.00740	0.00411	0.01316
145	0.02066	0.01785	0.01878	0.01691	0.02160	0.02066	0.01315	0.04414	0.64121	0.03475	0.03381	0.03099	0.02536	0.01127	0.00845	0.00282	0.00657	0.00939	0.00845	0.01315
146	0.01038	0.00844	0.00919	0.00900	0.01156	0.00725	0.00675	0.01301	0.02026	0.02558	0.24825	0.07478	0.48679	0.01987	0.00981	0.00275	0.00412	0.01681	0.00813	0.00725
147	0.01187	0.00890	0.01335	0.01335	0.01483	0.01038	0.01038	0.01483	0.01335	0.01928	0.02225	0.03264	0.02077	0.06231	0.67512	0.01335	0.02225	0.00890	0.00445	0.00742
148	0.01001	0.00768	0.00918	0.01037	0.01174	0.00685	0.00718	0.01170	0.01705	0.02168	0.06033	0.46659	0.28159	0.02414	0.01031	0.00316	0.00459	0.02131	0.00771	0.00685
149	0.02056	0.01974	0.03372	0.05099	0.65622	0.01974	0.02550	0.02550	0.01892	0.02714	0.01563	0.02056	0.01316	0.00740	0.00822	0.00247	0.00987	0.00740	0.00411	0.01316
150	0.02110	0.02077	0.03319	0.04945	0.62347	0.05376	0.02500	0.02589	0.01916	0.02679	0.01548	0.02027	0.01303	0.00746	0.00819	0.00245	0.01013	0.00730	0.00412	0.01298
151	0.01549	0.00774	0.00774	0.00774	0.00968	0.00774	0.00581	0.01936	0.01742	0.03097	0.02710	0.03097	0.02129	0.00968	0.00581	0.00194	0.00387	0.00774	0.75416	0.00774
152	0.01208	0.00805	0.00906	0.00906	0.00906	0.00805	0.00503	0.01208	0.01208	0.01611	0.02618	0.05436	0.03020	0.70804	0.04228	0.00805	0.00805	0.01208	0.00503	0.00503
153	0.02221	0.71304	0.04353	0.01421	0.02132	0.03287	0.01421	0.02488	0.01688	0.01955	0.01155	0.01333	0.01066	0.00711	0.00533	0.00178	0.00888	0.00444	0.00355	0.01066
154	0.02987	0.03739	0.02467	0.02468	0.09555	0.60212	0.01710	0.03232	0.02303	0.02109	0.01315	0.01560	0.01097	0.00843	0.00757	0.00218	0.01441	0.00558	0.00426	0.01002
155	0.20449	0.11062	0.02321	0.01800	0.02290	0.41813	0.01416	0.05522	0.02120	0.02561	0.01269	0.01465	0.01044	0.00825	0.00672	0.00222	0.01201	0.00513	0.00457	0.00979
156	0.01002	0.00842	0.00870	0.00863	0.01135	0.00710	0.00647	0.01232	0.01942	0.02359	0.14415	0.07806	0.59214	0.02061	0.00982	0.00278	0.00418	0.01727	0.00787	0.00710
157	0.02036	0.01912	0.03023	0.07233	0.49781	0.01987	0.02283	0.02917	0.14795	0.02846	0.01936	0.02280	0.01560	0.00825	0.00828	0.00255	0.00924	0.00781	0.00499	0.01298
158	0.01723	0.01477	0.01723	0.01230	0.01969	0.01107	0.00984	0.02092	0.01723	0.02707	0.01477	0.01723	0.01230	0.00615	0.00615	0.00123	0.00615	0.00492	0.00492	0.75883
159	0.01647	0.04164	0.63977	0.02317	0.03505	0.01885	0.02981	0.02590	0.01777	0.02658	0.03949	0.01926	0.01314	0.00824	0.00797	0.00263	0.01195	0.00648	0.00373	0.01211
160	0.01827	0.01538	0.01778	0.01280	0.02013	0.01214	0.01027	0.06496	0.01881	0.02890	0.01514	0.01742	0.01244	0.00643	0.00631	0.00132	0.00637	0.00511	0.00517	0.70485
161	0.76672	0.01607	0.01221	0.01092	0.01607	0.01864	0.00900	0.02442	0.01414	0.03727	0.01157	0.01350	0.00900	0.00771	0.00514	0.00257	0.00643	0.00450	0.00514	0.00900
162	0.02712	0.02066	0.02219	0.01798	0.02366	0.02303	0.01450	0.42835	0.19757	0.04542	0.02551	0.07236	0.02007	0.01148	0.00851	0.00264	0.00815	0.00916	0.00831	0.01333
163	0.01723	0.01477	0.01723	0.01230	0.01969	0.01107	0.00984	0.02092	0.01723	0.02707	0.01477	0.01723	0.01230	0.00615	0.00615	0.00123	0.00615	0.00492	0.00492	0.75883
164	0.01792	0.01717	0.02984	0.29853	0.32325	0.01847	0.07186	0.02319	0.01839	0.02521	0.06149	0.02435	0.01702	0.00842	0.00850	0.00262	0.01025	0.00814	0.00432	0.01106
165	0.02666	0.10560	0.07058	0.01885	0.02438	0.41505	0.01558	0.02973	0.02162	0.04997	0.04508	0.01814	0.01461	0.00854	0.00727	0.00207	0.01215	0.00586	0.00472	0.10355
166	0.01932	0.03984	0.52348	0.02386	0.03475	0.08866	0.07147	0.02769	0.01860	0.05405	0.01562	0.01810	0.01114	0.00801	0.00801	0.00259	0.01246	0.00642	0.00394	0.01200
167	0.19603	0.16102	0.02405	0.07554	0.13606	0.05492	0.01450	0.02356	0.04934	0.02646	0.02219	0.11250	0.05112	0.01097	0.00728	0.00251	0.00808	0.00880	0.00511	0.00996
168	0.27394	0.05039	0.22654	0.01593	0.02323	0.01740	0.01673	0.02706	0.05026	0.11120	0.09278	0.02336	0.02013	0.00936	0.00717	0.00258	0.00821	0.00702	0.00585	0.01085
169	0.05599	0.10117	0.26915	0.02405	0.10680	0.01859	0.09989	0.02362	0.01877	0.02727	0.12197	0.02791	0.05035	0.00969	0.00816	0.00254	0.00981	0.00846	0.00487	0.01095

[dist]
# distance from previous block
# <min> <max>
2	8

[block]
# block no. 1 follows, 22 sequences, length 9
# corresponding to MSA columns:
# 194-202
name=unknown_B
#
# <colnr> <probs for GDERKNQSTAVLIFYWHMCP>
#	G	D	E	R	K	N	Q	S	T	A	V	L	I	F	Y	W	H	M	C	P
0	0.15026	0.01420	0.01550	0.01348	0.01745	0.01481	0.01053	0.18698	0.02424	0.06983	0.17179	0.17801	0.03738	0.01456	0.00851	0.00267	0.00626	0.01217	0.00777	0.04358
1	0.01912	0.44374	0.07709	0.01415	0.02022	0.02466	0.01380	0.02248	0.01632	0.02121	0.01506	0.01870	0.01338	0.01762	0.13096	0.00398	0.01111	0.00565	0.05607	0.05467
2	0.12634	0.06834	0.37619	0.02241	0.06647	0.11260	0.02355	0.06391	0.01927	0.02834	0.01433	0.01673	0.01071	0.00802	0.00737	0.00249	0.01133	0.00587	0.00418	0.01153
3	0.16807	0.12425	0.28219	0.10317	0.11986	0.02102	0.02241	0.02501	0.01685	0.02707	0.01386	0.01712	0.01067	0.00773	0.00708	0.00249	0.01015	0.00590	0.00395	0.01115
4	0.01713	0.01078	0.01262	0.01188	0.01544	0.00998	0.00954	0.02205	0.08592	0.15227	0.06101	0.06699	0.34645	0.01821	0.00969	0.00295	0.00568	0.12391	0.00829	0.00921
5	0.02239	0.19895	0.02927	0.04827	0.02553	0.02076	0.07811	0.12888	0.02153	0.06710	0.01612	0.01812	0.01266	0.00750	0.00693	0.00191	0.00850	0.00608	0.00534	0.27606
6	0.01754	0.22022	0.09458	0.02082	0.13792	0.06105	0.01555	0.02107	0.01816	0.02262	0.03431	0.10476	0.17439	0.01279	0.00795	0.00244	0.00824	0.01050	0.00517	0.00992
7	0.02058	0.12556	0.22143	0.02092	0.06582	0.18038	0.01942	0.02468	0.01827	0.02218	0.01699	0.02564	0.01524	0.01236	0.01118	0.10529	0.01114	0.06893	0.00420	0.00979
8	0.26030	0.09724	0.17550	0.02040	0.02787	0.12574	0.13118	0.02672	0.01773	0.02824	0.01353	0.01632	0.01047	0.00770	0.00705	0.00248	0.01082	0.00600	0.00429	0.01044

[dist]
# distance from previous block
# <min> <max>
16	50

[block]
# block no. 2 follows, 22 sequences, length 6
# corresponding to MSA columns:
# 253-258
name=unknown_C
#
# <colnr> <probs for GDERKNQSTAVLIFYWHMCP>
#	G	D	E	R	K	N	Q	S	T	A	V	L	I	F	Y	W	H	M	C	P
0	0.01976	0.12721	0.03169	0.20627	0.19081	0.07041	0.07736	0.02412	0.01770	0.02315	0.01417	0.01917	0.01171	0.00823	0.00953	0.00247	0.07426	0.00683	0.00394	0.06119
1	0.02148	0.02912	0.22810	0.02892	0.20776	0.14728	0.02211	0.02681	0.01942	0.07495	0.01978	0.10003	0.01738	0.01022	0.00827	0.00257	0.01083	0.00859	0.00487	0.01150
2	0.02014	0.02027	0.02210	0.02360	0.14211	0.16375	0.04076	0.05389	0.01801	0.02240	0.01912	0.06317	0.01930	0.21068	0.02087	0.00423	0.11258	0.00919	0.00475	0.00907
3	0.01732	0.02839	0.28537	0.02514	0.15108	0.09377	0.02150	0.02300	0.01846	0.02453	0.02797	0.12680	0.09743	0.01219	0.00855	0.00267	0.01002	0.01029	0.00486	0.01067
4	0.10402	0.01137	0.01270	0.01234	0.01497	0.01182	0.00937	0.10826	0.01953	0.02785	0.04132	0.23484	0.15578	0.06380	0.09018	0.00451	0.00800	0.05415	0.00695	0.00824
5	0.23560	0.27073	0.12921	0.01530	0.02220	0.02424	0.01514	0.02869	0.13669	0.02867	0.01639	0.01746	0.01300	0.00821	0.00629	0.00234	0.00827	0.00569	0.00495	0.01092

[dist]
# distance from previous block
# <min> <max>
0	46

# created by:
# /home/cegg/simao/soft/augustus-3.2.1/scripts/msa2prfl.pl ./align_prep/11708.fa
