[name]
unknown

[dist]
# distance from previous block
# <min> <max>
0	0

[block]
# block no. 0 follows, 19 sequences, length 8
# corresponding to MSA columns:
# 0-7
name=unknown_A
#
# <colnr> <probs for GDERKNQSTAVLIFYWHMCP>
#	G	D	E	R	K	N	Q	S	T	A	V	L	I	F	Y	W	H	M	C	P
0	0.01442	0.01030	0.01442	0.01648	0.01854	0.01030	0.01442	0.01854	0.02060	0.02677	0.04737	0.10092	0.05149	0.02471	0.01236	0.00412	0.00824	0.56956	0.00824	0.00824
1	0.02566	0.43737	0.11714	0.01866	0.02622	0.19550	0.01810	0.02934	0.02016	0.02221	0.01327	0.01540	0.01147	0.00818	0.00671	0.00213	0.01177	0.00528	0.00403	0.01141
2	0.01913	0.10171	0.02304	0.01630	0.01915	0.01931	0.03964	0.08858	0.01810	0.02480	0.02046	0.03553	0.02099	0.29247	0.02810	0.00527	0.15103	0.00957	0.00527	0.06156
3	0.02173	0.03387	0.24529	0.02894	0.03803	0.12079	0.24181	0.02884	0.02037	0.02701	0.01617	0.02047	0.01234	0.00865	0.01056	0.00281	0.05959	0.00798	0.00428	0.05046
4	0.01464	0.01226	0.01642	0.01652	0.04582	0.01433	0.01160	0.01636	0.01510	0.02097	0.03251	0.10805	0.10103	0.23048	0.12721	0.00682	0.18368	0.01283	0.00552	0.00786
5	0.01696	0.01113	0.01151	0.01080	0.01358	0.01140	0.00805	0.06340	0.09634	0.03174	0.04195	0.04627	0.14692	0.09430	0.01241	0.00323	0.00557	0.01125	0.35411	0.00907
6	0.01718	0.01272	0.01509	0.01377	0.01709	0.01273	0.01100	0.14102	0.02734	0.03690	0.31595	0.06584	0.14973	0.01843	0.01051	0.00304	0.00614	0.10667	0.00915	0.00971
7	0.02354	0.15741	0.17886	0.03316	0.22566	0.05782	0.06413	0.10144	0.02270	0.03051	0.01633	0.01962	0.01294	0.00842	0.00826	0.00257	0.01153	0.00712	0.00476	0.01322

[dist]
# distance from previous block
# <min> <max>
22	34

[block]
# block no. 1 follows, 19 sequences, length 46
# corresponding to MSA columns:
# 44-89
name=unknown_B
#
# <colnr> <probs for GDERKNQSTAVLIFYWHMCP>
#	G	D	E	R	K	N	Q	S	T	A	V	L	I	F	Y	W	H	M	C	P
0	0.03342	0.04264	0.02535	0.02305	0.02766	0.64967	0.01729	0.03572	0.02535	0.02190	0.01383	0.01613	0.01152	0.00922	0.00807	0.00230	0.01613	0.00576	0.00461	0.01037
1	0.21659	0.09813	0.02564	0.02552	0.15905	0.22008	0.01659	0.02840	0.02007	0.02835	0.01705	0.07408	0.01574	0.01015	0.00762	0.00258	0.01081	0.00761	0.00505	0.01090
2	0.01794	0.04628	0.63923	0.02550	0.03872	0.02078	0.03305	0.02833	0.01889	0.02833	0.01606	0.01889	0.01133	0.00850	0.00850	0.00283	0.01322	0.00661	0.00378	0.01322
3	0.02567	0.03107	0.08361	0.07807	0.31893	0.25579	0.02398	0.03034	0.02195	0.02602	0.01558	0.01972	0.01280	0.00854	0.00854	0.00256	0.01299	0.00703	0.00441	0.01241
4	0.01323	0.00860	0.00992	0.00992	0.00992	0.00860	0.00562	0.01289	0.01289	0.01719	0.02710	0.05584	0.03106	0.62917	0.04462	0.07169	0.00860	0.01256	0.00529	0.00529
5	0.01916	0.16917	0.02732	0.10199	0.07819	0.08696	0.05088	0.02286	0.02016	0.02566	0.11230	0.15685	0.03261	0.01372	0.00882	0.00270	0.00911	0.01184	0.03968	0.01001
6	0.02078	0.02783	0.18490	0.04258	0.33225	0.02174	0.15090	0.02764	0.01985	0.02851	0.01667	0.02166	0.01324	0.00838	0.01014	0.00284	0.04436	0.00819	0.00427	0.01328
7	0.02568	0.18327	0.14887	0.02039	0.02742	0.15325	0.01937	0.15696	0.02457	0.03061	0.01653	0.01947	0.01336	0.01494	0.07040	0.00364	0.04734	0.00669	0.00523	0.01201
8	0.01284	0.00934	0.01316	0.01316	0.01434	0.01052	0.00966	0.01519	0.01402	0.01987	0.02508	0.04132	0.02505	0.23023	0.49067	0.01287	0.01993	0.01049	0.00496	0.00731
9	0.02156	0.17722	0.14043	0.03424	0.19202	0.02483	0.19656	0.02879	0.04882	0.02747	0.01705	0.02101	0.01357	0.00806	0.00862	0.00264	0.01198	0.00792	0.00444	0.01278
10	0.15003	0.02928	0.02290	0.02245	0.07661	0.28830	0.01601	0.06280	0.18547	0.03146	0.02041	0.02136	0.01595	0.00983	0.00803	0.00263	0.01133	0.00710	0.00618	0.01185
11	0.01280	0.00951	0.01398	0.01398	0.01544	0.01097	0.01069	0.01572	0.01426	0.02047	0.02433	0.03716	0.02324	0.12041	0.59802	0.01389	0.02265	0.00988	0.00485	0.00777
12	0.01134	0.00812	0.01010	0.01148	0.01215	0.00762	0.00749	0.01262	0.01655	0.02174	0.04900	0.47545	0.11438	0.17585	0.01903	0.00470	0.00591	0.02192	0.00765	0.00688
13	0.02121	0.02031	0.03463	0.16317	0.52880	0.02101	0.02699	0.02664	0.01993	0.02810	0.01666	0.02245	0.01377	0.00814	0.00887	0.00271	0.01086	0.00797	0.00435	0.01342
14	0.03180	0.03925	0.02461	0.02235	0.02702	0.55882	0.01683	0.03744	0.11053	0.02414	0.01710	0.01863	0.01381	0.00964	0.00822	0.00241	0.01482	0.00639	0.00526	0.01092
15	0.09340	0.01615	0.10516	0.01426	0.01862	0.01234	0.01317	0.02081	0.04973	0.03258	0.29340	0.05981	0.12120	0.01694	0.00991	0.00304	0.00661	0.09542	0.00803	0.00942
16	0.03342	0.04264	0.02535	0.02305	0.02766	0.64967	0.01729	0.03572	0.02535	0.02190	0.01383	0.01613	0.01152	0.00922	0.00807	0.00230	0.01613	0.00576	0.00461	0.01037
17	0.02155	0.02224	0.03765	0.04452	0.38674	0.05803	0.17536	0.02701	0.02087	0.02820	0.02335	0.02782	0.06661	0.00920	0.00941	0.00276	0.01161	0.00946	0.00480	0.01282
18	0.02660	0.13302	0.05959	0.01749	0.02337	0.05718	0.01565	0.13665	0.02554	0.16667	0.03215	0.04518	0.05375	0.01421	0.00929	0.00294	0.00921	0.15169	0.00779	0.01204
19	0.01301	0.00867	0.00976	0.00976	0.00976	0.00867	0.00542	0.01301	0.01301	0.01735	0.02819	0.05855	0.03253	0.68559	0.04554	0.00867	0.00867	0.01301	0.00542	0.00542
20	0.01098	0.00903	0.00973	0.01018	0.01281	0.00778	0.00770	0.01334	0.02002	0.02426	0.08153	0.15912	0.50308	0.02350	0.01085	0.00320	0.00496	0.07206	0.00830	0.00758
21	0.01794	0.01707	0.02117	0.01913	0.02025	0.07371	0.01542	0.02052	0.01521	0.02182	0.01759	0.02610	0.01646	0.03524	0.27248	0.00784	0.32584	0.00837	0.03878	0.00906
22	0.03065	0.02339	0.02496	0.01991	0.02647	0.02618	0.01619	0.44223	0.20525	0.05097	0.02574	0.02488	0.01867	0.01114	0.00899	0.00278	0.00906	0.00864	0.00899	0.01491
23	0.01903	0.01787	0.02321	0.37563	0.04257	0.08677	0.01970	0.02367	0.01825	0.02457	0.01762	0.02422	0.01397	0.01024	0.01132	0.00287	0.10687	0.00777	0.14421	0.00966
24	0.01957	0.01957	0.02740	0.02349	0.02349	0.02740	0.01957	0.02153	0.01370	0.02153	0.01174	0.01957	0.01174	0.01566	0.02936	0.00391	0.66921	0.00783	0.00391	0.00979
25	0.02373	0.06682	0.20124	0.02562	0.03238	0.21262	0.10776	0.02900	0.01996	0.02456	0.01454	0.01877	0.01182	0.01015	0.01325	0.00290	0.16225	0.00713	0.00417	0.01133
26	0.01490	0.00972	0.01203	0.01187	0.01456	0.00872	0.00915	0.01798	0.02190	0.09369	0.22484	0.16420	0.24996	0.02122	0.01075	0.00317	0.00535	0.08828	0.00903	0.00868
27	0.01322	0.00865	0.00968	0.00968	0.00980	0.00865	0.00547	0.01346	0.01334	0.01826	0.02825	0.05711	0.03198	0.64719	0.04330	0.00830	0.00842	0.01274	0.04692	0.00559
28	0.02832	0.03017	0.11693	0.02382	0.06452	0.14252	0.01996	0.26648	0.09351	0.03913	0.01975	0.02126	0.01490	0.01053	0.01046	0.00278	0.06731	0.00761	0.00669	0.01337
29	0.03781	0.01659	0.02132	0.01660	0.02337	0.01548	0.01363	0.09959	0.08355	0.52073	0.03402	0.02983	0.02195	0.01114	0.00900	0.00279	0.00778	0.00901	0.01067	0.01512
30	0.01972	0.01336	0.01544	0.01363	0.01590	0.01552	0.01081	0.10617	0.02079	0.03332	0.02406	0.02970	0.01973	0.04405	0.01375	0.00290	0.15532	0.00841	0.42788	0.00954
31	0.03257	0.04122	0.02548	0.02308	0.02740	0.61127	0.01743	0.03485	0.02463	0.02187	0.01370	0.01635	0.01154	0.00962	0.00938	0.00240	0.05644	0.00589	0.00457	0.01034
32	0.01809	0.02311	0.16827	0.06416	0.03277	0.01798	0.19335	0.02240	0.01686	0.02367	0.01652	0.02388	0.01377	0.01793	0.05147	0.19796	0.07563	0.00846	0.00411	0.00961
33	0.03216	0.18136	0.03011	0.01988	0.02610	0.27827	0.01632	0.18338	0.02817	0.09711	0.01785	0.01869	0.01363	0.00947	0.00788	0.00237	0.01207	0.00650	0.00628	0.01242
34	0.03035	0.03758	0.02575	0.06267	0.02914	0.51888	0.01809	0.03283	0.02317	0.02190	0.01365	0.01712	0.01158	0.01015	0.01127	0.00258	0.11235	0.00620	0.00447	0.01026
35	0.01130	0.00809	0.01074	0.01219	0.01306	0.00753	0.00834	0.01346	0.01898	0.02578	0.17925	0.54142	0.06487	0.02583	0.01122	0.00345	0.00497	0.02334	0.00865	0.00753
36	0.01906	0.03960	0.47833	0.03335	0.19645	0.02091	0.03156	0.02810	0.01928	0.02857	0.01626	0.01976	0.01209	0.00836	0.00860	0.00279	0.01253	0.00697	0.00395	0.01348
37	0.06264	0.01798	0.02956	0.39759	0.27112	0.02040	0.02491	0.02478	0.01866	0.02627	0.01604	0.02266	0.01263	0.00854	0.00871	0.00285	0.01114	0.00777	0.00424	0.01150
38	0.01135	0.00909	0.01014	0.00988	0.01256	0.00788	0.00741	0.01434	0.02223	0.02852	0.28930	0.07894	0.42477	0.02103	0.01057	0.00294	0.00442	0.01788	0.00888	0.00788
39	0.01152	0.00785	0.01016	0.01201	0.01270	0.00738	0.00808	0.01336	0.01730	0.02397	0.04714	0.60995	0.05526	0.02613	0.01086	0.00347	0.00508	0.02359	0.08680	0.00738
40	0.03028	0.01860	0.02102	0.01689	0.02253	0.01952	0.01365	0.33092	0.03238	0.17442	0.02860	0.09625	0.02260	0.01263	0.00883	0.00272	0.00802	0.01018	0.11663	0.01334
41	0.02336	0.21457	0.03039	0.02238	0.08826	0.19668	0.01669	0.02632	0.01905	0.02215	0.01582	0.02094	0.01427	0.02239	0.15468	0.00513	0.08528	0.00681	0.00433	0.01050
42	0.01322	0.01027	0.01572	0.08453	0.02090	0.01212	0.01266	0.01672	0.01476	0.02099	0.02309	0.03393	0.02124	0.06082	0.58090	0.01315	0.02266	0.00941	0.00470	0.00820
43	0.46191	0.02450	0.15834	0.02211	0.12491	0.02043	0.01794	0.02695	0.01692	0.03564	0.01400	0.01679	0.01081	0.00829	0.00676	0.00276	0.00896	0.00577	0.00495	0.01124
44	0.02562	0.02043	0.02225	0.01758	0.02434	0.02114	0.01414	0.25210	0.20830	0.04213	0.02427	0.02418	0.01828	0.00988	0.00827	0.00237	0.00800	0.00782	0.00786	0.24103
45	0.03190	0.03172	0.02620	0.09114	0.03136	0.29751	0.01797	0.29212	0.03218	0.03776	0.01755	0.01941	0.01325	0.00988	0.00857	0.00255	0.01281	0.00705	0.00652	0.01254

[dist]
# distance from previous block
# <min> <max>
0	7

[block]
# block no. 2 follows, 19 sequences, length 44
# corresponding to MSA columns:
# 97-140
name=unknown_C
#
# <colnr> <probs for GDERKNQSTAVLIFYWHMCP>
#	G	D	E	R	K	N	Q	S	T	A	V	L	I	F	Y	W	H	M	C	P
0	0.02823	0.02138	0.09138	0.06483	0.28430	0.01815	0.05173	0.03350	0.02212	0.25835	0.02376	0.02514	0.01677	0.00922	0.00897	0.00275	0.01004	0.00835	0.00686	0.01417
1	0.02265	0.01924	0.03225	0.20882	0.41963	0.02006	0.02530	0.02794	0.02027	0.09039	0.01850	0.02345	0.01441	0.00854	0.00889	0.00275	0.01065	0.00807	0.00500	0.01318
2	0.01088	0.00833	0.00999	0.01114	0.01267	0.00744	0.00776	0.01285	0.01880	0.02408	0.09771	0.42586	0.26937	0.02549	0.01106	0.00336	0.00489	0.02249	0.00839	0.00744
3	0.05835	0.01367	0.01744	0.01425	0.01961	0.01244	0.01147	0.03454	0.06048	0.39006	0.16506	0.04304	0.09286	0.01367	0.00935	0.00282	0.00654	0.01137	0.01021	0.01277
4	0.01635	0.01098	0.01510	0.22662	0.02799	0.01246	0.01294	0.02101	0.01802	0.02857	0.02424	0.03039	0.01922	0.01580	0.07380	0.00365	0.00879	0.00834	0.41691	0.00883
5	0.03646	0.01653	0.02403	0.01839	0.02535	0.01500	0.07372	0.04243	0.08127	0.51597	0.03362	0.03008	0.02175	0.01081	0.00917	0.00282	0.00834	0.00927	0.01021	0.01480
6	0.01781	0.01589	0.02579	0.18784	0.03430	0.01809	0.10871	0.08037	0.01946	0.02655	0.02228	0.09781	0.02052	0.02758	0.18728	0.00624	0.07752	0.01072	0.00527	0.00998
7	0.14765	0.03123	0.02333	0.01988	0.02554	0.32273	0.01558	0.18134	0.02811	0.09730	0.01782	0.01875	0.01329	0.00966	0.00799	0.00252	0.01216	0.00655	0.00655	0.01202
8	0.01299	0.00876	0.01020	0.01020	0.01035	0.00891	0.00597	0.01329	0.01314	0.01767	0.02779	0.05631	0.03156	0.62655	0.10325	0.00922	0.01013	0.01268	0.00536	0.00567
9	0.01994	0.01901	0.03233	0.31064	0.39126	0.02068	0.02636	0.02553	0.01933	0.02655	0.01644	0.02286	0.01323	0.00838	0.00889	0.00279	0.01117	0.00796	0.00424	0.01239
10	0.01499	0.01374	0.01357	0.01439	0.01576	0.11000	0.01018	0.01693	0.01761	0.02193	0.03706	0.40125	0.04223	0.07128	0.14911	0.00601	0.01113	0.01822	0.00680	0.00781
11	0.01815	0.03650	0.46839	0.02189	0.03236	0.01769	0.02661	0.02680	0.02066	0.06632	0.14712	0.02981	0.02757	0.01074	0.00897	0.00283	0.01097	0.00880	0.00551	0.01232
12	0.01087	0.00791	0.01026	0.01213	0.01289	0.00729	0.00816	0.01249	0.01744	0.02297	0.05325	0.62308	0.11329	0.02752	0.01134	0.00357	0.00513	0.02481	0.00831	0.00729
13	0.01500	0.01125	0.01323	0.01338	0.01601	0.01127	0.01006	0.02254	0.15070	0.05212	0.11714	0.26296	0.17424	0.02134	0.01063	0.00329	0.00575	0.07095	0.00875	0.00938
14	0.01794	0.04628	0.63923	0.02550	0.03872	0.02078	0.03305	0.02833	0.01889	0.02833	0.01606	0.01889	0.01133	0.00850	0.00850	0.00283	0.01322	0.00661	0.00378	0.01322
15	0.03361	0.03701	0.02583	0.02226	0.02769	0.45050	0.01720	0.21641	0.03070	0.03294	0.01628	0.01785	0.01271	0.00971	0.00835	0.00243	0.01412	0.00650	0.00600	0.01192
16	0.01718	0.01664	0.01672	0.01623	0.01847	0.14739	0.01248	0.02019	0.01672	0.02101	0.02180	0.03109	0.02005	0.05475	0.51316	0.01180	0.02229	0.00877	0.00475	0.00850
17	0.02159	0.02069	0.03532	0.11889	0.57011	0.02111	0.02718	0.02697	0.02011	0.02856	0.01673	0.02232	0.01394	0.00807	0.00887	0.00269	0.01076	0.00797	0.00438	0.01373
18	0.01442	0.01030	0.01442	0.01648	0.01854	0.01030	0.01442	0.01854	0.02060	0.02677	0.04737	0.10092	0.05149	0.02471	0.01236	0.00412	0.00824	0.56956	0.00824	0.00824
19	0.01961	0.01707	0.02346	0.15692	0.02977	0.02153	0.01759	0.11179	0.01912	0.02679	0.01767	0.02711	0.01604	0.09035	0.11456	0.00555	0.26140	0.00869	0.00501	0.00996
20	0.02188	0.02198	0.04047	0.05057	0.48259	0.02160	0.17131	0.02776	0.02056	0.02908	0.01715	0.02264	0.01402	0.00786	0.00929	0.00275	0.01175	0.00862	0.00445	0.01364
21	0.01794	0.04628	0.63923	0.02550	0.03872	0.02078	0.03305	0.02833	0.01889	0.02833	0.01606	0.01889	0.01133	0.00850	0.00850	0.00283	0.01322	0.00661	0.00378	0.01322
22	0.02365	0.66207	0.07343	0.01576	0.02367	0.03474	0.01610	0.02686	0.01821	0.02138	0.01260	0.01455	0.01147	0.00769	0.00586	0.00195	0.00973	0.00487	0.00382	0.01156
23	0.01984	0.02452	0.13291	0.04035	0.31167	0.01991	0.17364	0.02617	0.02033	0.02834	0.02579	0.02973	0.08615	0.00969	0.00945	0.00282	0.01147	0.00972	0.00481	0.01269
24	0.01280	0.00949	0.01390	0.01390	0.01533	0.01092	0.01059	0.01567	0.01424	0.02041	0.02440	0.03757	0.02342	0.13112	0.58754	0.01379	0.02238	0.00994	0.00486	0.00772
25	0.01215	0.00868	0.01181	0.01388	0.01495	0.00834	0.01047	0.01461	0.01836	0.02423	0.04862	0.47441	0.05645	0.02685	0.01175	0.00381	0.00627	0.21846	0.00828	0.00761
26	0.01834	0.03994	0.49966	0.09863	0.11263	0.02074	0.03148	0.02763	0.01896	0.02784	0.01613	0.01982	0.01174	0.00848	0.00859	0.00283	0.01277	0.00692	0.00388	0.01298
27	0.03086	0.02560	0.02510	0.08140	0.02955	0.12398	0.01692	0.40803	0.03520	0.04583	0.02036	0.02183	0.01495	0.01030	0.00859	0.00260	0.01058	0.00770	0.06723	0.01338
28	0.01605	0.01168	0.01384	0.01351	0.01626	0.01184	0.01000	0.02463	0.17474	0.06749	0.19772	0.25539	0.11161	0.01983	0.01036	0.00315	0.00551	0.01742	0.00908	0.00987
29	0.01126	0.00805	0.01080	0.01287	0.01355	0.00758	0.00894	0.01309	0.01749	0.02325	0.04911	0.61983	0.05838	0.02769	0.01152	0.00368	0.00551	0.08176	0.00830	0.00737
30	0.02287	0.06729	0.19244	0.04116	0.38162	0.02120	0.02682	0.02919	0.02035	0.08642	0.01813	0.02162	0.01403	0.00839	0.00859	0.00267	0.01095	0.00752	0.00486	0.01386
31	0.01446	0.01255	0.01877	0.32411	0.03701	0.01400	0.01688	0.01901	0.01974	0.02519	0.10294	0.05678	0.17991	0.01598	0.01009	0.00316	0.00866	0.10547	0.00638	0.00890
32	0.01850	0.08425	0.56801	0.02561	0.03824	0.02178	0.06575	0.02826	0.01898	0.02791	0.01596	0.01893	0.01148	0.00839	0.00845	0.00279	0.01311	0.00674	0.00383	0.01305
33	0.03124	0.03489	0.02647	0.08821	0.06655	0.41445	0.01858	0.15686	0.02796	0.02994	0.01588	0.01842	0.01252	0.00945	0.00839	0.00248	0.01402	0.00661	0.00548	0.01161
34	0.02128	0.05342	0.02772	0.02275	0.02447	0.12947	0.05242	0.02363	0.01666	0.02213	0.01639	0.08737	0.01671	0.01501	0.02173	0.00347	0.42169	0.00933	0.00452	0.00984
35	0.01353	0.01121	0.01384	0.01586	0.07307	0.01072	0.01062	0.01881	0.08478	0.02727	0.12220	0.17921	0.29962	0.02078	0.01054	0.00316	0.00577	0.06183	0.00818	0.00900
36	0.01679	0.01735	0.06084	0.43242	0.10816	0.01830	0.02230	0.02334	0.04829	0.02475	0.02847	0.03339	0.10692	0.01108	0.00917	0.00295	0.01050	0.00966	0.00493	0.01040
37	0.02189	0.06221	0.02672	0.02173	0.02453	0.18804	0.06314	0.02475	0.01781	0.02198	0.01595	0.02268	0.01452	0.02590	0.17850	0.00596	0.24178	0.00777	0.00437	0.00977
38	0.01866	0.01832	0.02721	0.24201	0.03650	0.02484	0.02137	0.02198	0.01513	0.02198	0.01316	0.02103	0.01181	0.01337	0.02240	0.00360	0.44499	0.00787	0.00394	0.00984
39	0.02362	0.02604	0.06151	0.10554	0.43165	0.14241	0.02551	0.02865	0.02103	0.02716	0.01612	0.02099	0.01331	0.00833	0.00870	0.00263	0.01194	0.00748	0.00439	0.01299
40	0.01085	0.00799	0.01017	0.01192	0.01283	0.00731	0.00807	0.01252	0.01765	0.02305	0.05586	0.58566	0.14904	0.02718	0.01129	0.00354	0.00509	0.02439	0.00831	0.00731
41	0.02117	0.02024	0.03417	0.08338	0.56297	0.02035	0.02606	0.02633	0.02025	0.02859	0.02128	0.02613	0.05136	0.00892	0.00897	0.00270	0.01032	0.00864	0.00464	0.01355
42	0.01881	0.02156	0.06805	0.03181	0.03922	0.01927	0.44825	0.02519	0.02017	0.02740	0.02467	0.16377	0.02321	0.01195	0.01066	0.00314	0.01290	0.01357	0.00530	0.01109
43	0.02420	0.02344	0.02627	0.23159	0.12922	0.15260	0.02027	0.14829	0.02491	0.03078	0.02026	0.08936	0.01778	0.01121	0.00900	0.00279	0.01147	0.00933	0.00569	0.01153

[dist]
# distance from previous block
# <min> <max>
0	51

[block]
# block no. 3 follows, 19 sequences, length 11
# corresponding to MSA columns:
# 192-202
name=unknown_D
#
# <colnr> <probs for GDERKNQSTAVLIFYWHMCP>
#	G	D	E	R	K	N	Q	S	T	A	V	L	I	F	Y	W	H	M	C	P
0	0.02393	0.02935	0.09663	0.08230	0.24639	0.17760	0.15792	0.02956	0.02146	0.02674	0.01624	0.02091	0.01294	0.00830	0.00903	0.00269	0.01338	0.00789	0.00440	0.01235
1	0.01176	0.00918	0.01065	0.01132	0.01361	0.00827	0.00874	0.01435	0.01994	0.02492	0.10421	0.15403	0.36378	0.06151	0.01308	0.00365	0.00568	0.14549	0.00822	0.00761
2	0.24866	0.10121	0.29315	0.01983	0.02856	0.07963	0.02175	0.02783	0.01797	0.03032	0.01412	0.01685	0.01087	0.00881	0.00841	0.00273	0.04752	0.00586	0.00442	0.01149
3	0.02089	0.12660	0.02230	0.01610	0.02059	0.08233	0.01282	0.07039	0.22867	0.03096	0.07994	0.13017	0.09243	0.01488	0.00904	0.00283	0.00782	0.01226	0.00765	0.01132
4	0.02856	0.03270	0.02491	0.02501	0.09287	0.37716	0.01740	0.03863	0.21510	0.02773	0.02147	0.02238	0.01692	0.01003	0.00849	0.00258	0.01260	0.00741	0.00604	0.01202
5	0.01753	0.01219	0.01505	0.01386	0.01637	0.01349	0.01061	0.12770	0.02021	0.02922	0.02500	0.03563	0.02258	0.13649	0.32987	0.00922	0.01566	0.00958	0.13071	0.00905
6	0.64349	0.11516	0.01805	0.01228	0.01812	0.02230	0.01051	0.02637	0.01565	0.03737	0.01245	0.01451	0.00995	0.00821	0.00557	0.00264	0.00731	0.00484	0.00529	0.00995
7	0.02766	0.43568	0.03840	0.01836	0.02481	0.27728	0.01609	0.03031	0.02100	0.02138	0.01299	0.01505	0.01150	0.00827	0.00666	0.00207	0.01215	0.00517	0.00414	0.01104
8	0.02536	0.05372	0.02231	0.01777	0.02257	0.06562	0.01427	0.26749	0.06345	0.06362	0.02535	0.09064	0.02195	0.02654	0.17115	0.00569	0.01313	0.01000	0.00736	0.01200
9	0.01293	0.00899	0.01135	0.01135	0.01191	0.00954	0.00741	0.01403	0.01348	0.01853	0.02673	0.05046	0.02902	0.47191	0.25441	0.01064	0.01396	0.01183	0.00520	0.00631
10	0.01265	0.00862	0.01032	0.01065	0.01089	0.00870	0.00646	0.01322	0.01381	0.01857	0.03117	0.15619	0.03580	0.51836	0.10007	0.00843	0.00963	0.01467	0.00582	0.00597

[dist]
# distance from previous block
# <min> <max>
0	1

[block]
# block no. 4 follows, 19 sequences, length 40
# corresponding to MSA columns:
# 204-243
name=unknown_E
#
# <colnr> <probs for GDERKNQSTAVLIFYWHMCP>
#	G	D	E	R	K	N	Q	S	T	A	V	L	I	F	Y	W	H	M	C	P
0	0.01281	0.00949	0.01388	0.01388	0.01530	0.01091	0.01056	0.01565	0.01423	0.02040	0.02442	0.03768	0.02347	0.13413	0.58460	0.01376	0.02231	0.00996	0.00486	0.00771
1	0.02405	0.25801	0.27010	0.02009	0.02922	0.08887	0.02195	0.02987	0.01993	0.10003	0.01736	0.01927	0.01326	0.01138	0.03796	0.00301	0.01210	0.00634	0.00483	0.01234
2	0.02584	0.02682	0.02767	0.03052	0.18635	0.21431	0.01979	0.03274	0.11925	0.05341	0.01887	0.02198	0.01537	0.01086	0.01313	0.00289	0.15500	0.00767	0.00544	0.01210
3	0.01132	0.00820	0.01079	0.01271	0.01361	0.00767	0.00896	0.01325	0.01781	0.02343	0.05219	0.56192	0.10109	0.02720	0.01147	0.00365	0.00552	0.09349	0.00830	0.00741
4	0.01602	0.01228	0.01114	0.01089	0.01184	0.07807	0.00689	0.01718	0.01560	0.02133	0.02685	0.04846	0.02816	0.46526	0.03292	0.00655	0.00850	0.01121	0.16426	0.00659
5	0.02073	0.01495	0.01627	0.01402	0.01680	0.01608	0.00996	0.21166	0.06872	0.03192	0.02658	0.04424	0.02635	0.40863	0.03053	0.00624	0.00894	0.01113	0.00688	0.00936
6	0.01090	0.00779	0.01038	0.01246	0.01298	0.00727	0.00830	0.01246	0.01713	0.02284	0.04931	0.67975	0.05917	0.02803	0.01142	0.00363	0.00519	0.02543	0.00830	0.00727
7	0.01883	0.04054	0.49374	0.03036	0.10388	0.02108	0.10956	0.02828	0.01935	0.02847	0.01642	0.01996	0.01195	0.00831	0.00882	0.00284	0.01320	0.00730	0.00395	0.01317
8	0.02297	0.02383	0.03233	0.18200	0.40087	0.13073	0.02511	0.02790	0.02070	0.02656	0.01610	0.02147	0.01322	0.00840	0.00874	0.00267	0.01187	0.00758	0.00436	0.01259
9	0.02462	0.10673	0.02545	0.02267	0.10499	0.18739	0.01561	0.12539	0.02378	0.02845	0.02248	0.07996	0.02199	0.12094	0.01462	0.00361	0.01095	0.04378	0.00588	0.01071
10	0.01269	0.00854	0.00985	0.01017	0.01025	0.00846	0.00586	0.01293	0.01363	0.01818	0.03139	0.15266	0.03656	0.58596	0.04037	0.00791	0.00815	0.01489	0.00586	0.00570
11	0.01232	0.00838	0.00996	0.01064	0.01081	0.00821	0.00636	0.01283	0.01435	0.01914	0.03508	0.26114	0.04122	0.47113	0.03441	0.00703	0.00754	0.01706	0.00636	0.00602
12	0.01269	0.00952	0.01202	0.01317	0.01487	0.00924	0.00987	0.01703	0.06499	0.02659	0.12556	0.35788	0.12844	0.02422	0.01123	0.00351	0.00577	0.13668	0.00855	0.00818
13	0.02104	0.02717	0.16518	0.15512	0.35974	0.06257	0.02754	0.02737	0.01994	0.02741	0.01630	0.02134	0.01298	0.00834	0.00874	0.00273	0.01179	0.00752	0.00422	0.01296
14	0.02198	0.02172	0.03899	0.05212	0.53503	0.02148	0.12006	0.02765	0.02049	0.02914	0.01703	0.02247	0.01407	0.00790	0.00913	0.00272	0.01135	0.00839	0.00444	0.01383
15	0.01096	0.00908	0.00960	0.00947	0.01232	0.00772	0.00710	0.01359	0.02130	0.02633	0.18949	0.08253	0.52593	0.02185	0.01057	0.00298	0.00447	0.01838	0.00859	0.00772
16	0.02245	0.02902	0.16641	0.04505	0.43581	0.08926	0.02757	0.02854	0.02059	0.02824	0.01633	0.02078	0.01327	0.00822	0.00869	0.00266	0.01179	0.00744	0.00431	0.01355
17	0.02861	0.17765	0.03051	0.02397	0.09102	0.35185	0.01747	0.07461	0.02370	0.02506	0.01520	0.01824	0.01290	0.01324	0.05628	0.00320	0.01422	0.00625	0.00477	0.01122
18	0.01322	0.00991	0.01275	0.01417	0.01653	0.00944	0.01204	0.01676	0.02053	0.02596	0.06084	0.09630	0.23042	0.02407	0.01180	0.00378	0.00708	0.39809	0.00826	0.00802
19	0.03164	0.16882	0.02998	0.02098	0.02674	0.39587	0.01683	0.15255	0.02743	0.02898	0.01516	0.01690	0.01229	0.00923	0.00779	0.00231	0.01350	0.00605	0.00537	0.01161
20	0.01784	0.09107	0.52670	0.02352	0.03506	0.02084	0.02934	0.02688	0.01835	0.02696	0.01664	0.02031	0.01254	0.01479	0.07783	0.00401	0.01411	0.00680	0.00389	0.01252
21	0.01176	0.00851	0.01169	0.01299	0.01405	0.00843	0.00936	0.01418	0.01787	0.02436	0.11662	0.42961	0.05440	0.03438	0.13933	0.00572	0.00906	0.06225	0.00779	0.00763
22	0.02128	0.01429	0.01687	0.01496	0.01890	0.01478	0.01157	0.09287	0.18301	0.12251	0.24466	0.12492	0.04947	0.01601	0.00988	0.00296	0.00621	0.01380	0.00953	0.01154
23	0.02119	0.02392	0.05156	0.03900	0.09042	0.02252	0.55461	0.02857	0.02106	0.02870	0.01800	0.02398	0.01362	0.00757	0.01043	0.00299	0.01475	0.01036	0.00452	0.01222
24	0.02967	0.03877	0.07072	0.02178	0.02674	0.52216	0.01740	0.03283	0.02485	0.02412	0.08962	0.02262	0.02053	0.01029	0.00841	0.00241	0.01444	0.00712	0.00519	0.01035
25	0.03058	0.03654	0.02438	0.02193	0.02620	0.50058	0.01671	0.07866	0.02497	0.02455	0.01545	0.01879	0.01301	0.01592	0.07874	0.00372	0.04739	0.00646	0.00495	0.01048
26	0.02805	0.02529	0.10033	0.08949	0.03027	0.11507	0.01814	0.08149	0.19923	0.17887	0.02680	0.02630	0.01907	0.01053	0.00882	0.00280	0.01009	0.00835	0.00766	0.01335
27	0.01707	0.01648	0.02128	0.15434	0.02820	0.06550	0.01664	0.01975	0.01663	0.02229	0.02569	0.24714	0.02807	0.01802	0.01731	0.00350	0.25387	0.01375	0.00549	0.00900
28	0.01494	0.01442	0.06125	0.01626	0.01905	0.04974	0.01424	0.01884	0.02027	0.02611	0.07032	0.20340	0.06957	0.02284	0.01147	0.00372	0.00818	0.33909	0.00776	0.00854
29	0.03272	0.04132	0.02603	0.02501	0.06479	0.61091	0.01791	0.03521	0.02505	0.02235	0.01401	0.01650	0.01169	0.00914	0.00812	0.00233	0.01579	0.00590	0.00460	0.01061
30	0.01927	0.03616	0.39005	0.06057	0.14458	0.02119	0.14475	0.02801	0.01955	0.02832	0.01659	0.02072	0.01230	0.00823	0.00899	0.00285	0.01309	0.00770	0.00405	0.01301
31	0.02414	0.01288	0.01618	0.01477	0.01855	0.01252	0.01114	0.03109	0.13958	0.25340	0.04053	0.27999	0.03779	0.04917	0.01164	0.00343	0.00663	0.01568	0.00936	0.01152
32	0.02483	0.02672	0.01957	0.01817	0.02234	0.30824	0.01399	0.03119	0.12152	0.05255	0.03889	0.04405	0.15278	0.01439	0.00929	0.00280	0.01087	0.07059	0.00684	0.01037
33	0.02447	0.08625	0.02313	0.01851	0.02216	0.29382	0.01454	0.02720	0.02220	0.04674	0.12683	0.03220	0.07176	0.01612	0.05080	0.00338	0.09505	0.00909	0.00589	0.00988
34	0.05045	0.01792	0.05020	0.12196	0.15200	0.01682	0.01817	0.07442	0.02364	0.25431	0.06486	0.03194	0.06136	0.01109	0.00902	0.00279	0.00886	0.00941	0.00774	0.01303
35	0.05072	0.01522	0.01726	0.01747	0.05919	0.01615	0.01254	0.10377	0.19659	0.03336	0.04748	0.15639	0.16989	0.01740	0.00984	0.00311	0.00684	0.04749	0.00824	0.01105
36	0.01923	0.02174	0.15225	0.03774	0.02476	0.01683	0.01679	0.06496	0.19182	0.06753	0.04563	0.04818	0.18379	0.01485	0.00959	0.00303	0.00818	0.05375	0.00761	0.01174
37	0.01905	0.02399	0.14721	0.16308	0.09953	0.05531	0.02089	0.02467	0.01917	0.02710	0.05320	0.02306	0.01686	0.00913	0.00958	0.00245	0.05389	0.00730	0.00476	0.21977
38	0.01734	0.01466	0.04563	0.01611	0.01919	0.01482	0.01364	0.09314	0.02060	0.02914	0.03291	0.09550	0.06541	0.02732	0.14056	0.00546	0.09413	0.12821	0.08557	0.04070
39	0.23021	0.10623	0.02182	0.01825	0.06951	0.14493	0.01336	0.02846	0.09301	0.02994	0.03051	0.03102	0.12686	0.01151	0.00771	0.00264	0.00896	0.00852	0.00600	0.01057

[dist]
# distance from previous block
# <min> <max>
9	51

[block]
# block no. 5 follows, 19 sequences, length 20
# corresponding to MSA columns:
# 295-314
name=unknown_F
#
# <colnr> <probs for GDERKNQSTAVLIFYWHMCP>
#	G	D	E	R	K	N	Q	S	T	A	V	L	I	F	Y	W	H	M	C	P
0	0.02250	0.02780	0.22125	0.01938	0.02804	0.01936	0.01965	0.20713	0.02648	0.03763	0.05687	0.05743	0.02004	0.01039	0.00847	0.00246	0.00956	0.00833	0.00641	0.19082
1	0.02044	0.16213	0.02863	0.02446	0.13887	0.02315	0.01709	0.02851	0.14246	0.02720	0.02216	0.02830	0.01917	0.01698	0.07611	0.00400	0.12041	0.03548	0.05289	0.01157
2	0.15106	0.06907	0.10419	0.13309	0.26447	0.07954	0.02284	0.02736	0.01920	0.02885	0.01525	0.01959	0.01226	0.00834	0.00796	0.00267	0.01093	0.00683	0.00445	0.01207
3	0.07423	0.01950	0.02114	0.08397	0.13070	0.11588	0.01559	0.07570	0.02147	0.02966	0.02468	0.16870	0.02410	0.01313	0.00864	0.00269	0.00911	0.01110	0.07234	0.07769
4	0.01717	0.01814	0.11544	0.01879	0.05807	0.01490	0.01557	0.10907	0.02116	0.02960	0.08072	0.13996	0.03115	0.06197	0.21908	0.00693	0.01368	0.01214	0.00632	0.01013
5	0.01845	0.01432	0.01643	0.01505	0.01856	0.01491	0.01123	0.11894	0.15446	0.03175	0.03452	0.25442	0.03483	0.08138	0.05225	0.00420	0.00802	0.01472	0.00777	0.09379
6	0.02320	0.02350	0.02842	0.15763	0.03564	0.16254	0.12277	0.11659	0.02321	0.02853	0.01852	0.02431	0.01499	0.02206	0.15263	0.00534	0.01582	0.00831	0.00519	0.01082
7	0.24301	0.02528	0.02505	0.03040	0.23576	0.17989	0.01828	0.03112	0.07683	0.03143	0.01663	0.01941	0.01341	0.00879	0.00768	0.00264	0.01057	0.00668	0.00525	0.01186
8	0.01652	0.01190	0.01377	0.01297	0.01506	0.01192	0.00896	0.12154	0.02024	0.02736	0.03361	0.27110	0.03747	0.27648	0.02375	0.00523	0.00749	0.01598	0.00709	0.06155
9	0.01864	0.16553	0.02331	0.01443	0.01924	0.01884	0.01210	0.05727	0.04864	0.02706	0.03124	0.06440	0.11430	0.01811	0.07427	0.00360	0.06897	0.00959	0.05325	0.15722
10	0.02336	0.02995	0.14591	0.02036	0.02677	0.20689	0.04262	0.09299	0.05404	0.02983	0.06390	0.09565	0.05326	0.01239	0.00895	0.00266	0.01114	0.01000	0.00613	0.06321
11	0.02704	0.06882	0.06116	0.02431	0.03024	0.28530	0.13759	0.03310	0.07669	0.06555	0.01881	0.02175	0.01481	0.01317	0.05125	0.00341	0.04255	0.00770	0.00533	0.01142
12	0.01378	0.00939	0.01105	0.01145	0.01224	0.00937	0.00736	0.05208	0.01687	0.02299	0.03606	0.29755	0.04125	0.34533	0.02754	0.00593	0.00713	0.01727	0.04838	0.00696
13	0.02678	0.17361	0.02682	0.01849	0.02341	0.30135	0.01476	0.03206	0.09029	0.05752	0.08905	0.06208	0.02491	0.01142	0.00820	0.00246	0.01124	0.00853	0.00610	0.01090
14	0.01247	0.00867	0.00969	0.00984	0.01036	0.00839	0.00585	0.01294	0.01448	0.01883	0.03961	0.10827	0.12839	0.53268	0.03751	0.00741	0.00776	0.01485	0.00609	0.00589
15	0.01122	0.00801	0.01075	0.01282	0.01348	0.00754	0.00886	0.01301	0.01744	0.02320	0.04913	0.62709	0.05847	0.02773	0.01150	0.00368	0.00547	0.07494	0.00830	0.00736
16	0.02057	0.01965	0.03347	0.23791	0.45910	0.02084	0.02667	0.02608	0.01963	0.02731	0.01655	0.02266	0.01350	0.00826	0.00888	0.00275	0.01102	0.00797	0.00429	0.01290
17	0.02011	0.16213	0.02228	0.05493	0.02060	0.01781	0.01143	0.08015	0.02035	0.02989	0.02080	0.02635	0.01763	0.07032	0.01024	0.00259	0.00739	0.00725	0.22427	0.17347
18	0.01974	0.02147	0.04284	0.03199	0.03815	0.02215	0.40871	0.02543	0.01905	0.02648	0.01981	0.08900	0.01775	0.01142	0.01486	0.00328	0.16058	0.01144	0.00477	0.01107
19	0.27880	0.02466	0.02576	0.03269	0.28073	0.16157	0.01897	0.02890	0.01969	0.03140	0.01463	0.01814	0.01201	0.00837	0.00752	0.00262	0.01056	0.00638	0.00486	0.01175

[dist]
# distance from previous block
# <min> <max>
0	1

[block]
# block no. 6 follows, 19 sequences, length 14
# corresponding to MSA columns:
# 316-329
name=unknown_G
#
# <colnr> <probs for GDERKNQSTAVLIFYWHMCP>
#	G	D	E	R	K	N	Q	S	T	A	V	L	I	F	Y	W	H	M	C	P
0	0.01124	0.00909	0.00998	0.00976	0.01249	0.00784	0.00732	0.01413	0.02196	0.02789	0.26056	0.07997	0.45390	0.02127	0.01057	0.00296	0.00443	0.01802	0.00880	0.00784
1	0.02587	0.55758	0.04245	0.01690	0.02393	0.16178	0.01572	0.02863	0.01965	0.02122	0.01272	0.01472	0.01149	0.00798	0.00622	0.00199	0.01092	0.00499	0.00399	0.01125
2	0.02369	0.01991	0.02891	0.21313	0.25211	0.02181	0.02219	0.19040	0.02580	0.03555	0.01879	0.02324	0.01447	0.00922	0.00872	0.00272	0.01030	0.00802	0.05818	0.01286
3	0.01255	0.00858	0.00980	0.01008	0.01036	0.00840	0.00591	0.01292	0.01409	0.01858	0.03541	0.14616	0.07715	0.54913	0.03842	0.00759	0.00791	0.01513	0.00602	0.00582
4	0.01301	0.00867	0.00976	0.00976	0.00976	0.00867	0.00542	0.01301	0.01301	0.01735	0.02819	0.05855	0.03253	0.68559	0.04554	0.00867	0.00867	0.01301	0.00542	0.00542
5	0.01270	0.00976	0.01313	0.10380	0.01958	0.01025	0.01043	0.01485	0.01685	0.02254	0.04305	0.36569	0.10514	0.12749	0.01695	0.00421	0.03648	0.01871	0.04081	0.00754
6	0.01090	0.00779	0.01038	0.01246	0.01298	0.00727	0.00830	0.01246	0.01713	0.02284	0.04931	0.67975	0.05917	0.02803	0.01142	0.00363	0.00519	0.02543	0.00830	0.00727
7	0.02902	0.34321	0.03533	0.01946	0.02548	0.36489	0.01637	0.03158	0.02203	0.02150	0.01318	0.01531	0.01150	0.00849	0.00699	0.00212	0.01309	0.00531	0.00425	0.01089
8	0.01134	0.00807	0.01072	0.01268	0.01331	0.00763	0.00871	0.01305	0.01722	0.02290	0.04795	0.59133	0.05697	0.06442	0.01341	0.00396	0.00567	0.07526	0.00814	0.00725
9	0.01823	0.02060	0.09550	0.44705	0.16756	0.02038	0.05518	0.02462	0.01864	0.02496	0.01621	0.02301	0.01238	0.00864	0.00896	0.00291	0.01198	0.00794	0.00407	0.01121
10	0.03013	0.03607	0.02511	0.02500	0.09065	0.48174	0.01738	0.06998	0.02546	0.02517	0.02179	0.02363	0.06912	0.01043	0.00844	0.00243	0.01405	0.00737	0.00522	0.01084
11	0.01474	0.00995	0.01202	0.01153	0.01426	0.00908	0.00862	0.01886	0.05069	0.08593	0.28351	0.16631	0.24020	0.02025	0.01048	0.00302	0.00493	0.01755	0.00920	0.00888
12	0.02368	0.01769	0.02037	0.01669	0.02160	0.01890	0.01326	0.29465	0.02797	0.03847	0.02217	0.02896	0.01885	0.09848	0.19536	0.00648	0.01332	0.00866	0.00691	0.10754
13	0.36903	0.01398	0.01415	0.01265	0.01700	0.01511	0.01014	0.02501	0.01880	0.12009	0.15345	0.03165	0.03004	0.02022	0.10919	0.00462	0.00912	0.00870	0.00716	0.00992

[dist]
# distance from previous block
# <min> <max>
0	3

[block]
# block no. 7 follows, 19 sequences, length 33
# corresponding to MSA columns:
# 333-365
name=unknown_H
#
# <colnr> <probs for GDERKNQSTAVLIFYWHMCP>
#	G	D	E	R	K	N	Q	S	T	A	V	L	I	F	Y	W	H	M	C	P
0	0.02395	0.02582	0.03651	0.06821	0.32704	0.14666	0.14948	0.03022	0.05224	0.02780	0.01749	0.02204	0.01410	0.00838	0.00909	0.00270	0.01257	0.00821	0.00471	0.01278
1	0.04793	0.02440	0.04920	0.05970	0.19755	0.16699	0.01842	0.06979	0.05901	0.02894	0.03360	0.03506	0.14813	0.01202	0.00894	0.00271	0.01036	0.00981	0.00593	0.01150
2	0.02353	0.06880	0.02541	0.16159	0.03209	0.26861	0.01806	0.02667	0.01975	0.02192	0.01680	0.05481	0.01530	0.01738	0.08162	0.00407	0.12129	0.00795	0.00452	0.00983
3	0.26644	0.02137	0.02235	0.09793	0.02854	0.02424	0.01558	0.33973	0.03024	0.04687	0.01782	0.01950	0.01299	0.00972	0.00783	0.00275	0.00914	0.00699	0.00721	0.01274
4	0.01756	0.01561	0.01929	0.02260	0.15169	0.01616	0.01413	0.02927	0.24656	0.03033	0.05379	0.05199	0.26375	0.01543	0.00964	0.00295	0.00684	0.01315	0.00776	0.01152
5	0.05635	0.04195	0.53591	0.02734	0.07597	0.02087	0.06238	0.02819	0.01892	0.02902	0.01603	0.01916	0.01155	0.00840	0.00848	0.00283	0.01283	0.00682	0.00395	0.01304
6	0.02171	0.02082	0.03553	0.10503	0.58304	0.02114	0.02724	0.02708	0.02017	0.02870	0.01675	0.02228	0.01399	0.00805	0.00886	0.00268	0.01074	0.00797	0.00439	0.01382
7	0.01467	0.01224	0.01906	0.30476	0.03522	0.01459	0.01618	0.01848	0.01568	0.02103	0.02118	0.03467	0.01968	0.16239	0.24403	0.00815	0.01557	0.00952	0.00455	0.00836
8	0.32246	0.01605	0.01773	0.01426	0.02063	0.01591	0.01177	0.03671	0.02147	0.39859	0.02620	0.02411	0.01718	0.00997	0.00762	0.00277	0.00734	0.00734	0.00887	0.01302
9	0.01283	0.00940	0.01346	0.01346	0.01474	0.01068	0.01004	0.01539	0.01411	0.02009	0.02480	0.03981	0.02439	0.19023	0.52976	0.01324	0.02092	0.01027	0.00492	0.00748
10	0.01285	0.00944	0.01187	0.01263	0.01435	0.00897	0.00929	0.04469	0.02104	0.02805	0.17829	0.36718	0.13634	0.02392	0.01110	0.00338	0.00549	0.08438	0.00867	0.00808
11	0.07106	0.01514	0.01833	0.01703	0.01856	0.05705	0.01352	0.01976	0.01543	0.02349	0.02098	0.07770	0.02034	0.03640	0.27759	0.00787	0.21967	0.00960	0.05171	0.00879
12	0.01229	0.00878	0.01198	0.01404	0.01517	0.00846	0.01072	0.01486	0.01850	0.02439	0.04854	0.45109	0.05614	0.02672	0.01179	0.00383	0.00639	0.24038	0.00828	0.00765
13	0.01146	0.00847	0.01079	0.01215	0.01349	0.00781	0.00874	0.01376	0.01913	0.02515	0.12836	0.43075	0.16399	0.02547	0.01126	0.00348	0.00529	0.08439	0.00849	0.00757
14	0.02571	0.02894	0.25989	0.03109	0.20702	0.01879	0.02494	0.03323	0.04532	0.20319	0.02262	0.02375	0.01591	0.00923	0.00877	0.00277	0.01060	0.00784	0.00628	0.01411
15	0.01333	0.04295	0.01597	0.01442	0.01632	0.01237	0.01139	0.01651	0.01456	0.02078	0.02340	0.03413	0.02183	0.06419	0.61858	0.01377	0.02326	0.00935	0.00475	0.00816
16	0.01090	0.00779	0.01038	0.01246	0.01298	0.00727	0.00830	0.01246	0.01713	0.02284	0.04931	0.67975	0.05917	0.02803	0.01142	0.00363	0.00519	0.02543	0.00830	0.00727
17	0.03390	0.02435	0.02480	0.01981	0.02600	0.10901	0.01609	0.31736	0.06477	0.19288	0.02406	0.02351	0.01687	0.01100	0.01015	0.00275	0.05188	0.00807	0.00857	0.01415
18	0.08701	0.03413	0.02484	0.10330	0.06328	0.44073	0.01788	0.03352	0.02338	0.06952	0.01574	0.01836	0.01236	0.00918	0.00809	0.00248	0.01396	0.00632	0.00507	0.01083
19	0.02131	0.02386	0.03609	0.07762	0.03651	0.14412	0.30791	0.02661	0.02162	0.02674	0.08828	0.03219	0.04904	0.05335	0.01218	0.00321	0.01297	0.01055	0.00531	0.01054
20	0.43373	0.16763	0.06313	0.01743	0.06842	0.02414	0.01433	0.06930	0.01850	0.03556	0.01369	0.01588	0.01095	0.00833	0.00628	0.00257	0.00841	0.00543	0.00522	0.01107
21	0.02111	0.14443	0.34758	0.02143	0.03084	0.14676	0.02397	0.02772	0.02024	0.02539	0.02385	0.02556	0.08411	0.01018	0.00822	0.00260	0.01219	0.00760	0.00449	0.01170
22	0.01354	0.00878	0.01235	0.01277	0.01393	0.00888	0.00950	0.01440	0.01649	0.02234	0.11286	0.12315	0.07509	0.03550	0.15915	0.25068	0.01040	0.08732	0.00627	0.00661
23	0.02204	0.01620	0.01800	0.01577	0.01934	0.01744	0.01182	0.26315	0.07581	0.03698	0.03189	0.21294	0.03218	0.16351	0.01766	0.00429	0.00807	0.01412	0.00801	0.01078
24	0.25934	0.01988	0.01660	0.01518	0.01910	0.14221	0.01178	0.07096	0.01936	0.03023	0.02190	0.02777	0.04918	0.06855	0.18522	0.00623	0.01363	0.00787	0.00557	0.00943
25	0.01186	0.00957	0.01146	0.05241	0.01615	0.00879	0.00906	0.01501	0.02145	0.02741	0.22569	0.10271	0.37146	0.02098	0.01064	0.00307	0.00524	0.06064	0.00844	0.00799
26	0.02756	0.03180	0.03011	0.03641	0.27912	0.33568	0.02173	0.03110	0.02231	0.02493	0.01491	0.01893	0.01265	0.00923	0.01015	0.00258	0.06756	0.00686	0.00448	0.01191
27	0.07942	0.03115	0.15948	0.26988	0.04237	0.21997	0.02306	0.02841	0.02027	0.02510	0.01501	0.01959	0.01149	0.00888	0.00830	0.00272	0.01316	0.00672	0.00426	0.01078
28	0.02033	0.01893	0.02898	0.08715	0.38885	0.01964	0.02202	0.02932	0.13916	0.02977	0.02989	0.03250	0.09295	0.01071	0.00913	0.00280	0.00925	0.00976	0.00582	0.01303
29	0.01920	0.08143	0.21477	0.03374	0.27714	0.01977	0.02377	0.02479	0.01828	0.02592	0.01849	0.02776	0.01674	0.14301	0.01579	0.00385	0.01094	0.00830	0.00438	0.01192
30	0.12744	0.01362	0.05285	0.01296	0.01677	0.01139	0.01037	0.01789	0.01703	0.02670	0.03520	0.27053	0.08187	0.07238	0.04649	0.00391	0.00749	0.01466	0.00657	0.15388
31	0.02687	0.06345	0.02774	0.02389	0.06418	0.20754	0.01825	0.15343	0.02403	0.02974	0.01539	0.01956	0.01305	0.01404	0.04337	0.00345	0.22807	0.00720	0.00529	0.01145
32	0.02875	0.03092	0.16095	0.02392	0.06803	0.09306	0.02099	0.33388	0.07834	0.04328	0.02033	0.02130	0.01484	0.01002	0.00876	0.00270	0.01110	0.00764	0.00707	0.01410

[dist]
# distance from previous block
# <min> <max>
0	9

[block]
# block no. 8 follows, 19 sequences, length 32
# corresponding to MSA columns:
# 375-402,409-412
name=unknown_I
#
# <colnr> <probs for GDERKNQSTAVLIFYWHMCP>
#	G	D	E	R	K	N	Q	S	T	A	V	L	I	F	Y	W	H	M	C	P
0	0.01500	0.01192	0.01756	0.10934	0.07255	0.01325	0.01384	0.05110	0.01746	0.02405	0.02755	0.16513	0.02798	0.08205	0.30003	0.00856	0.01552	0.01259	0.00565	0.00888
1	0.35040	0.02255	0.01715	0.05309	0.02171	0.19843	0.01236	0.02581	0.01756	0.02885	0.01368	0.01813	0.01154	0.01327	0.01249	0.15351	0.01003	0.00589	0.00484	0.00871
2	0.07374	0.23066	0.06586	0.09647	0.25669	0.08422	0.02152	0.02752	0.01948	0.02609	0.01475	0.01865	0.01241	0.00814	0.00758	0.00244	0.01082	0.00649	0.00426	0.01220
3	0.08603	0.05571	0.02306	0.25436	0.03481	0.06561	0.05383	0.02178	0.01694	0.02320	0.01903	0.03091	0.01757	0.16677	0.09009	0.00543	0.01250	0.00880	0.00461	0.00894
4	0.01542	0.01198	0.01610	0.01452	0.01789	0.01240	0.01142	0.05458	0.01707	0.02491	0.02200	0.03056	0.01987	0.04999	0.46540	0.01071	0.01919	0.00853	0.00517	0.17226
5	0.01871	0.01338	0.01642	0.01540	0.01813	0.01437	0.01188	0.17818	0.02320	0.03129	0.03158	0.18789	0.03253	0.07745	0.15790	0.06243	0.01150	0.08121	0.00715	0.00938
6	0.02830	0.39571	0.03743	0.01838	0.02509	0.20655	0.01615	0.12677	0.02425	0.02730	0.01437	0.01606	0.01213	0.00862	0.00694	0.00215	0.01146	0.00561	0.00492	0.01180
7	0.01465	0.01284	0.02297	0.01960	0.02286	0.01374	0.14230	0.01881	0.01589	0.02253	0.02265	0.03268	0.02040	0.05377	0.50706	0.01184	0.02198	0.00980	0.00473	0.00890
8	0.01883	0.01788	0.03033	0.43939	0.27118	0.02039	0.02581	0.02455	0.01880	0.02521	0.01624	0.02322	0.01275	0.00859	0.00891	0.00286	0.01145	0.00796	0.00414	0.01150
9	0.02332	0.02826	0.22508	0.11219	0.24616	0.02062	0.02632	0.08262	0.02222	0.09981	0.01901	0.02220	0.01400	0.00887	0.00878	0.00277	0.01120	0.00766	0.00535	0.01357
10	0.02214	0.02126	0.03631	0.05491	0.62978	0.02126	0.02746	0.02746	0.02037	0.02923	0.01683	0.02214	0.01417	0.00797	0.00886	0.00266	0.01063	0.00797	0.00443	0.01417
11	0.01130	0.00915	0.01014	0.01060	0.01322	0.00799	0.00818	0.01388	0.02038	0.02502	0.10635	0.13826	0.46274	0.02322	0.01092	0.00323	0.00514	0.10421	0.00837	0.00768
12	0.01132	0.00817	0.01005	0.01136	0.01213	0.00762	0.00744	0.01264	0.01668	0.02180	0.05063	0.45397	0.13612	0.17434	0.01893	0.00467	0.00587	0.02170	0.00766	0.00690
13	0.01836	0.09107	0.59807	0.02479	0.03763	0.02179	0.03182	0.02823	0.01884	0.02783	0.01580	0.01857	0.01134	0.00844	0.00831	0.00277	0.01297	0.00648	0.00378	0.01310
14	0.18982	0.02513	0.03530	0.03309	0.16714	0.13017	0.23519	0.02907	0.02034	0.03024	0.01579	0.02011	0.01247	0.00810	0.00860	0.00276	0.01240	0.00784	0.00475	0.01170
