[name]
unknown

[dist]
# distance from previous block
# <min> <max>
0	3

[block]
# block no. 0 follows, 21 sequences, length 72
# corresponding to MSA columns:
# 3-74
name=unknown_A
#
# <colnr> <probs for GDERKNQSTAVLIFYWHMCP>
#	G	D	E	R	K	N	Q	S	T	A	V	L	I	F	Y	W	H	M	C	P
0	0.01784	0.01809	0.03215	0.02570	0.03047	0.04520	0.28577	0.02281	0.01866	0.02495	0.02492	0.04440	0.02391	0.01795	0.07009	0.00420	0.09833	0.17954	0.00529	0.00973
1	0.01586	0.00793	0.00793	0.00793	0.00991	0.00793	0.00595	0.01983	0.01785	0.03173	0.02776	0.03173	0.02181	0.00991	0.00595	0.00198	0.00397	0.00793	0.74817	0.00793
2	0.01193	0.00888	0.01252	0.01250	0.01405	0.00966	0.00947	0.01480	0.01578	0.02218	0.12847	0.07361	0.07493	0.09155	0.44768	0.01036	0.01679	0.01163	0.00575	0.00746
3	0.01016	0.00821	0.00904	0.00971	0.01178	0.00709	0.00695	0.01209	0.01835	0.02256	0.07295	0.28880	0.44604	0.02328	0.01033	0.00307	0.00452	0.02006	0.00790	0.00709
4	0.01174	0.00886	0.01099	0.01119	0.01339	0.00811	0.00877	0.01507	0.02140	0.02842	0.32337	0.10201	0.24201	0.02034	0.01045	0.00303	0.00496	0.13970	0.00854	0.00769
5	0.01765	0.01513	0.01765	0.01260	0.02017	0.01134	0.01008	0.02143	0.01765	0.02773	0.01513	0.01765	0.01260	0.00630	0.00630	0.00126	0.00630	0.00504	0.00504	0.75295
6	0.60073	0.01617	0.01531	0.15521	0.02553	0.01905	0.01232	0.02431	0.01503	0.03464	0.01255	0.01573	0.00967	0.00803	0.00596	0.00268	0.00761	0.00524	0.00495	0.00927
7	0.01707	0.04402	0.65683	0.02426	0.03683	0.01976	0.03144	0.02695	0.01797	0.02695	0.01527	0.01797	0.01078	0.00809	0.00809	0.00270	0.01258	0.00629	0.00359	0.01258
8	0.01170	0.00797	0.00948	0.01014	0.01031	0.00780	0.00608	0.01220	0.01369	0.01825	0.03356	0.27038	0.03945	0.47463	0.03242	0.00664	0.00714	0.01634	0.00608	0.00575
9	0.76103	0.01646	0.01251	0.01119	0.01646	0.01909	0.00922	0.02502	0.01448	0.03818	0.01185	0.01382	0.00922	0.00790	0.00527	0.00263	0.00658	0.00461	0.00527	0.00922
10	0.01091	0.00798	0.01025	0.01111	0.01238	0.00732	0.00779	0.01333	0.01929	0.02610	0.25484	0.41291	0.12845	0.02294	0.01049	0.00313	0.00455	0.02051	0.00840	0.00732
11	0.01085	0.00781	0.00981	0.01101	0.01176	0.00737	0.00730	0.01228	0.01610	0.02129	0.07099	0.45576	0.11513	0.15876	0.03875	0.00464	0.00607	0.02035	0.00731	0.00667
12	0.01138	0.00867	0.01045	0.01001	0.01230	0.00775	0.00750	0.01477	0.02251	0.03039	0.45636	0.06972	0.26961	0.01879	0.01004	0.00274	0.00411	0.01625	0.00888	0.00775
13	0.01922	0.02127	0.04490	0.17457	0.04752	0.02096	0.48926	0.02607	0.01943	0.02607	0.01677	0.02290	0.01258	0.00746	0.00971	0.00286	0.01370	0.00951	0.00419	0.01104
14	0.17216	0.01030	0.01126	0.01063	0.01337	0.01026	0.00811	0.01739	0.02120	0.03328	0.42327	0.08059	0.12546	0.01619	0.00905	0.00272	0.00463	0.01372	0.00827	0.00815
15	0.01183	0.00830	0.00939	0.00946	0.01015	0.00797	0.00580	0.01264	0.01483	0.01947	0.09265	0.10069	0.13909	0.48502	0.03280	0.00656	0.00701	0.01431	0.00616	0.00586
16	0.01149	0.00872	0.01081	0.01192	0.01384	0.00805	0.00935	0.01418	0.01898	0.02420	0.09742	0.23788	0.26324	0.02322	0.01083	0.00336	0.00563	0.21152	0.00797	0.00739
17	0.47440	0.01428	0.01279	0.01118	0.01597	0.01554	0.00909	0.02677	0.01693	0.14433	0.01907	0.02032	0.01400	0.00879	0.00599	0.00249	0.00613	0.00601	0.16604	0.00986
18	0.01668	0.00905	0.01012	0.00946	0.01194	0.00843	0.00697	0.01957	0.01871	0.10920	0.09214	0.04849	0.16194	0.11927	0.01325	0.00328	0.00513	0.01147	0.31668	0.00821
19	0.02040	0.01518	0.01695	0.01413	0.01836	0.01576	0.01124	0.27442	0.03007	0.04046	0.27402	0.04840	0.15519	0.01507	0.00939	0.00266	0.00637	0.01254	0.00873	0.01064
20	0.02762	0.02030	0.02217	0.01792	0.02337	0.02220	0.01439	0.48872	0.03491	0.04677	0.02613	0.16566	0.02347	0.01375	0.00902	0.00275	0.00841	0.01122	0.00838	0.01285
21	0.01531	0.01153	0.01320	0.01279	0.01551	0.01144	0.00968	0.14328	0.02284	0.02967	0.07337	0.30001	0.22422	0.02104	0.01015	0.00309	0.00588	0.06017	0.00808	0.00873
22	0.16783	0.01799	0.01810	0.01476	0.02007	0.01951	0.01200	0.33032	0.02903	0.04247	0.03345	0.03319	0.14952	0.01218	0.00803	0.00260	0.00735	0.00930	0.06088	0.01141
23	0.01022	0.00836	0.00902	0.00941	0.01173	0.00716	0.00685	0.01231	0.01895	0.02323	0.10357	0.21306	0.49170	0.02246	0.01023	0.00299	0.00443	0.01918	0.00797	0.00716
24	0.01080	0.00759	0.00975	0.01130	0.01168	0.00720	0.00731	0.01196	0.01545	0.02060	0.04258	0.55772	0.05083	0.17175	0.01785	0.00449	0.00565	0.02165	0.00731	0.00653
25	0.01294	0.01035	0.01132	0.01136	0.01357	0.01033	0.00806	0.01926	0.14932	0.02423	0.05521	0.20744	0.26385	0.14481	0.01602	0.00399	0.00570	0.01658	0.00756	0.00810
26	0.02432	0.01735	0.02230	0.02426	0.15640	0.01840	0.01600	0.03858	0.33205	0.16567	0.03105	0.03287	0.02367	0.01122	0.00878	0.00282	0.00764	0.04523	0.00805	0.01334
27	0.01915	0.01783	0.03005	0.04394	0.51171	0.01816	0.02279	0.02377	0.01815	0.02607	0.01747	0.02372	0.01516	0.01968	0.15018	0.00493	0.01284	0.00791	0.00429	0.01221
28	0.01200	0.00936	0.01280	0.01264	0.01427	0.01039	0.00967	0.01457	0.01478	0.02024	0.03624	0.04489	0.15564	0.10069	0.45076	0.01051	0.04667	0.01119	0.00529	0.00740
29	0.01188	0.00847	0.00967	0.00997	0.01171	0.00760	0.00688	0.01353	0.01751	0.04743	0.08775	0.23254	0.30734	0.16842	0.01736	0.00416	0.00543	0.01787	0.00749	0.00701
30	0.01294	0.01576	0.14875	0.01307	0.01589	0.01043	0.01142	0.01540	0.01445	0.01991	0.02879	0.18941	0.03222	0.40233	0.02854	0.00599	0.00845	0.01369	0.00543	0.00714
31	0.01793	0.03890	0.52293	0.03028	0.16831	0.01986	0.03030	0.02677	0.01827	0.02713	0.01543	0.01863	0.01136	0.00798	0.00816	0.00266	0.01205	0.00657	0.00373	0.01277
32	0.02203	0.02255	0.02859	0.06830	0.37232	0.13501	0.02080	0.02632	0.01975	0.02624	0.01526	0.01937	0.01273	0.00757	0.00784	0.00221	0.01030	0.00666	0.00440	0.17175
33	0.01838	0.01622	0.02128	0.02113	0.15523	0.01325	0.01353	0.02244	0.01802	0.02775	0.01532	0.01838	0.01279	0.00658	0.00676	0.00153	0.00712	0.00559	0.00486	0.59383
34	0.01775	0.01684	0.02855	0.46962	0.25637	0.01935	0.02447	0.02321	0.01781	0.02378	0.01542	0.02214	0.01206	0.00820	0.00848	0.00273	0.01093	0.00757	0.00393	0.01080
35	0.01484	0.01346	0.02216	0.53660	0.04866	0.01633	0.02025	0.01961	0.01686	0.02174	0.02196	0.16744	0.02101	0.01241	0.00901	0.00297	0.00997	0.01114	0.00467	0.00891
36	0.01827	0.01493	0.01661	0.01576	0.03652	0.01627	0.01129	0.05870	0.34110	0.02994	0.03201	0.11511	0.02896	0.16120	0.01622	0.00398	0.00704	0.01153	0.00745	0.05711
37	0.01187	0.00817	0.00986	0.01014	0.01068	0.00792	0.00636	0.01306	0.01574	0.02141	0.16378	0.19438	0.04699	0.40945	0.02920	0.00602	0.00663	0.01556	0.00665	0.00615
38	0.01045	0.00834	0.00937	0.00974	0.01190	0.00726	0.00706	0.01275	0.01941	0.02448	0.16675	0.22685	0.41145	0.02211	0.01025	0.00298	0.00441	0.01905	0.00814	0.00726
39	0.01982	0.02089	0.04236	0.02551	0.19099	0.14794	0.01573	0.02494	0.08519	0.02386	0.02799	0.03563	0.09387	0.15948	0.01687	0.00383	0.04018	0.00961	0.00534	0.00998
40	0.01238	0.00825	0.00928	0.00928	0.00928	0.00825	0.00516	0.01238	0.01238	0.01650	0.02681	0.05569	0.03094	0.70092	0.04331	0.00825	0.00825	0.01238	0.00516	0.00516
41	0.01309	0.01039	0.01500	0.01986	0.14840	0.01007	0.01117	0.01505	0.01625	0.02197	0.03757	0.38805	0.06584	0.16674	0.01725	0.00426	0.00673	0.01783	0.00652	0.00796
42	0.02264	0.02603	0.16535	0.03802	0.36176	0.02148	0.02468	0.15463	0.04458	0.03345	0.01744	0.02063	0.01354	0.00839	0.00838	0.00258	0.01036	0.00739	0.00516	0.01350
43	0.02108	0.51434	0.03572	0.01388	0.01942	0.06773	0.01266	0.02319	0.01666	0.01931	0.01514	0.02280	0.01523	0.15663	0.01374	0.00323	0.00931	0.00629	0.00401	0.00961
44	0.01591	0.01526	0.01377	0.01338	0.01555	0.14952	0.00981	0.01895	0.02231	0.02842	0.37103	0.19801	0.05987	0.01766	0.00972	0.00275	0.00666	0.01528	0.00796	0.00817
45	0.01653	0.00998	0.01209	0.01111	0.01448	0.00907	0.00866	0.01912	0.01923	0.15737	0.06129	0.06013	0.37682	0.02829	0.15114	0.00515	0.00892	0.01404	0.00775	0.00884
46	0.01368	0.01015	0.01276	0.01230	0.01451	0.01025	0.00926	0.08014	0.02135	0.02916	0.24723	0.18990	0.12323	0.02909	0.15146	0.00522	0.00887	0.01539	0.00775	0.00830
47	0.01062	0.00828	0.00903	0.00945	0.01120	0.00736	0.00649	0.01217	0.01722	0.02132	0.06501	0.20764	0.38644	0.16883	0.01739	0.00416	0.00529	0.01809	0.00731	0.00669
48	0.01294	0.00966	0.01147	0.01204	0.01384	0.00932	0.00857	0.08511	0.01986	0.02586	0.05270	0.47391	0.18562	0.02351	0.01040	0.00321	0.00533	0.02078	0.00797	0.00788
49	0.01421	0.00782	0.00901	0.00927	0.01058	0.00764	0.00651	0.01580	0.01598	0.02509	0.03228	0.12308	0.07715	0.06045	0.01514	0.16412	0.00513	0.01106	0.38305	0.00665
50	0.59994	0.01469	0.01181	0.01078	0.01491	0.01676	0.00834	0.02230	0.01403	0.03352	0.01507	0.02283	0.01389	0.15702	0.01345	0.00384	0.00694	0.00628	0.00524	0.00834
51	0.02788	0.02425	0.02268	0.01881	0.02396	0.16014	0.01504	0.36405	0.03094	0.03932	0.01938	0.02214	0.01518	0.02144	0.15007	0.00487	0.01354	0.00751	0.00678	0.01201
52	0.01804	0.01798	0.01531	0.01419	0.01768	0.15288	0.01077	0.02622	0.17802	0.02835	0.18780	0.05048	0.21811	0.01527	0.00918	0.00268	0.00723	0.01254	0.00768	0.00956
53	0.01811	0.01474	0.01606	0.01479	0.01878	0.01609	0.01154	0.03392	0.39186	0.05115	0.11975	0.04851	0.14366	0.01476	0.00927	0.00291	0.00605	0.04805	0.00862	0.01136
54	0.01503	0.01120	0.01298	0.01282	0.01518	0.01116	0.00937	0.14267	0.02206	0.02886	0.04963	0.41876	0.17323	0.02203	0.01018	0.00314	0.00576	0.01930	0.00803	0.00860
55	0.01728	0.01639	0.02245	0.01953	0.01953	0.02223	0.01572	0.01874	0.01289	0.01962	0.01454	0.02660	0.01542	0.16251	0.03124	0.00470	0.53965	0.00851	0.00403	0.00842
56	0.01737	0.01265	0.01407	0.01282	0.01527	0.01317	0.00925	0.17238	0.04259	0.02881	0.03640	0.14860	0.10505	0.28376	0.02275	0.00502	0.00749	0.03703	0.00702	0.00850
57	0.01959	0.01373	0.01859	0.02136	0.15179	0.01386	0.01302	0.02662	0.13905	0.11986	0.13018	0.08086	0.03450	0.16009	0.01638	0.00392	0.00730	0.01148	0.00730	0.01053
58	0.02757	0.03379	0.02187	0.02015	0.02392	0.52557	0.01519	0.02994	0.02187	0.02060	0.01523	0.01924	0.01318	0.02062	0.14959	0.00466	0.01695	0.00626	0.00442	0.00938
59	0.01099	0.00883	0.00998	0.01061	0.01309	0.00782	0.00838	0.01354	0.01922	0.02352	0.07312	0.12948	0.45362	0.02241	0.01054	0.00318	0.00523	0.16124	0.00789	0.00733
60	0.01275	0.00823	0.00903	0.00903	0.00954	0.00812	0.00537	0.01352	0.01373	0.01932	0.03123	0.05387	0.07359	0.54523	0.03515	0.00689	0.00730	0.01209	0.12030	0.00573
61	0.04103	0.01068	0.01245	0.01181	0.01408	0.01058	0.00850	0.07156	0.04511	0.06731	0.17028	0.20225	0.11114	0.16475	0.01691	0.00407	0.00606	0.01534	0.00779	0.00831
62	0.02039	0.01332	0.01485	0.01293	0.01637	0.01447	0.01026	0.21247	0.02411	0.03623	0.02433	0.02845	0.01933	0.02161	0.14906	0.00468	0.00976	0.00810	0.34930	0.00997
63	0.01260	0.01031	0.01183	0.01123	0.01489	0.00873	0.00905	0.01554	0.01907	0.02463	0.06069	0.07158	0.36047	0.01876	0.00967	0.00279	0.00562	0.15748	0.00727	0.16782
64	0.01206	0.00817	0.00986	0.01030	0.01087	0.00820	0.00659	0.01316	0.01410	0.01945	0.03332	0.19345	0.06075	0.38996	0.11378	0.00722	0.00895	0.01448	0.05917	0.00615
65	0.01049	0.00843	0.00899	0.00919	0.01137	0.00733	0.00655	0.01237	0.01835	0.02254	0.10053	0.15155	0.46794	0.10903	0.01442	0.00362	0.00488	0.01787	0.00762	0.00693
66	0.01749	0.01224	0.01344	0.01192	0.01366	0.01289	0.00798	0.16768	0.01945	0.02600	0.02518	0.04667	0.02673	0.52422	0.03441	0.00679	0.00854	0.01117	0.00602	0.00754
67	0.01594	0.01490	0.02411	0.36953	0.04092	0.01877	0.04417	0.02029	0.01557	0.02127	0.01602	0.02414	0.01351	0.02172	0.15447	0.00536	0.15827	0.00797	0.00396	0.00911
68	0.01566	0.15965	0.02080	0.10100	0.02136	0.01617	0.01231	0.01916	0.01569	0.02236	0.02037	0.02743	0.01784	0.03406	0.31161	0.00746	0.01474	0.00770	0.14600	0.00862
69	0.01952	0.07351	0.02525	0.04944	0.15586	0.11806	0.01715	0.02239	0.01792	0.02265	0.02885	0.03203	0.14788	0.01301	0.01437	0.00287	0.21524	0.00922	0.00482	0.00996
70	0.01041	0.00819	0.00928	0.00991	0.01177	0.00720	0.00701	0.01237	0.01835	0.02306	0.11007	0.28987	0.37450	0.05358	0.01183	0.00330	0.00468	0.01966	0.00788	0.00706
71	0.01037	0.00741	0.00987	0.01185	0.01234	0.00691	0.00790	0.01185	0.01629	0.02172	0.04690	0.69537	0.05629	0.02666	0.01086	0.00346	0.00494	0.02419	0.00790	0.00691

[dist]
# distance from previous block
# <min> <max>
0	10

[block]
# block no. 1 follows, 21 sequences, length 41
# corresponding to MSA columns:
# 85-125
name=unknown_B
#
# <colnr> <probs for GDERKNQSTAVLIFYWHMCP>
#	G	D	E	R	K	N	Q	S	T	A	V	L	I	F	Y	W	H	M	C	P
0	0.01802	0.01416	0.01924	0.01874	0.06935	0.01481	0.04272	0.16395	0.02184	0.03005	0.02762	0.21038	0.02774	0.02993	0.20273	0.00601	0.01223	0.01261	0.00643	0.05144
1	0.01154	0.00897	0.01219	0.01219	0.01411	0.00962	0.00941	0.01432	0.01536	0.02071	0.04144	0.04768	0.20444	0.05140	0.47403	0.01050	0.01736	0.01172	0.00554	0.00748
2	0.01110	0.00829	0.01109	0.01216	0.01345	0.00828	0.00892	0.01334	0.01629	0.02164	0.04609	0.35407	0.14148	0.03651	0.20374	0.00640	0.01031	0.06270	0.00691	0.00723
3	0.01902	0.01859	0.01573	0.01487	0.01714	0.20332	0.01096	0.04194	0.01777	0.02164	0.02117	0.03223	0.02010	0.17622	0.25921	0.00772	0.01538	0.00858	0.07038	0.00802
4	0.02008	0.02186	0.02721	0.02981	0.21871	0.16258	0.11778	0.02400	0.02057	0.02472	0.03620	0.03797	0.19828	0.01189	0.00901	0.00261	0.01030	0.01057	0.00535	0.01048
5	0.01359	0.01219	0.01457	0.01320	0.01536	0.01357	0.01051	0.03997	0.01859	0.02402	0.08645	0.05993	0.40682	0.01894	0.01525	0.00310	0.20470	0.01433	0.00677	0.00815
6	0.01788	0.25499	0.15489	0.01698	0.02234	0.05052	0.01658	0.02156	0.01693	0.02201	0.02282	0.21559	0.02426	0.01412	0.01036	0.00272	0.08963	0.01106	0.00493	0.00984
7	0.01326	0.00960	0.01370	0.01509	0.01692	0.01004	0.01281	0.01692	0.01785	0.02379	0.03851	0.07760	0.04083	0.03536	0.20443	0.00679	0.01223	0.41964	0.00687	0.00777
8	0.02108	0.51143	0.22457	0.01741	0.02625	0.02958	0.01952	0.02591	0.01749	0.02206	0.01284	0.01492	0.01088	0.00752	0.00623	0.00208	0.01012	0.00506	0.00363	0.01141
9	0.01671	0.03341	0.46608	0.01946	0.02892	0.01629	0.02395	0.02486	0.01793	0.02835	0.01894	0.02201	0.01402	0.00862	0.00746	0.00249	0.01005	0.00677	0.22247	0.01121
10	0.02071	0.01261	0.01311	0.01136	0.01476	0.01336	0.00895	0.19610	0.02436	0.03817	0.02561	0.02841	0.01965	0.01000	0.00670	0.00215	0.00555	0.00785	0.53074	0.00985
11	0.02609	0.01890	0.02028	0.01614	0.02178	0.02005	0.01314	0.41209	0.03317	0.07459	0.04042	0.03893	0.19997	0.01356	0.00897	0.00265	0.00777	0.01073	0.00843	0.01233
12	0.01076	0.00877	0.01023	0.01020	0.01264	0.00824	0.00776	0.01326	0.01792	0.02252	0.09188	0.06685	0.43660	0.03380	0.20323	0.00604	0.00973	0.01525	0.00698	0.00734
13	0.01216	0.00912	0.01368	0.01368	0.01520	0.01064	0.01064	0.01520	0.01368	0.01976	0.02279	0.03343	0.02127	0.06382	0.66720	0.01368	0.02279	0.00912	0.00456	0.00760
14	0.01169	0.00836	0.00909	0.00909	0.00993	0.00794	0.00554	0.01233	0.01444	0.01841	0.04427	0.06339	0.21127	0.50121	0.03354	0.00667	0.00709	0.01402	0.00596	0.00575
15	0.01470	0.01305	0.01575	0.01432	0.01657	0.01488	0.01148	0.04094	0.07289	0.02534	0.08959	0.05611	0.31506	0.01812	0.01521	0.00315	0.20507	0.04218	0.00685	0.00872
16	0.01696	0.01822	0.03510	0.02624	0.03214	0.01785	0.36602	0.02203	0.01904	0.02519	0.03678	0.03976	0.19833	0.01232	0.01218	0.00297	0.09154	0.01206	0.00529	0.00996
17	0.01134	0.00939	0.01003	0.00974	0.01258	0.00845	0.00734	0.01559	0.06798	0.02633	0.20047	0.07412	0.47665	0.01989	0.00994	0.00283	0.00444	0.01677	0.00827	0.00785
18	0.01006	0.00862	0.00862	0.00862	0.01149	0.00718	0.00647	0.01221	0.01940	0.02299	0.08621	0.08190	0.64438	0.02155	0.01006	0.00287	0.00431	0.01796	0.00790	0.00718
19	0.01399	0.21339	0.01968	0.01139	0.01496	0.01500	0.00945	0.01622	0.01804	0.02190	0.05345	0.20972	0.29588	0.01865	0.00896	0.00274	0.00599	0.03571	0.00665	0.00824
20	0.01902	0.50103	0.03402	0.01282	0.01880	0.02589	0.01218	0.02158	0.01791	0.02089	0.03370	0.03371	0.19713	0.01148	0.00681	0.00213	0.00769	0.00849	0.00489	0.00982
21	0.17999	0.01248	0.01361	0.01161	0.01638	0.01170	0.00931	0.02588	0.02021	0.26232	0.05072	0.04763	0.27623	0.01453	0.00848	0.00273	0.00589	0.01161	0.00833	0.01035
22	0.01963	0.01590	0.01741	0.01604	0.01987	0.01774	0.01223	0.11925	0.36484	0.03415	0.03617	0.22518	0.03321	0.01579	0.00929	0.00301	0.00659	0.01362	0.00841	0.01169
23	0.23121	0.01029	0.01054	0.01112	0.01326	0.01066	0.00795	0.01594	0.01604	0.02673	0.05994	0.36805	0.09647	0.07006	0.01151	0.00349	0.00557	0.01667	0.00698	0.00753
24	0.54037	0.01380	0.01173	0.01138	0.01525	0.01551	0.00883	0.02115	0.01501	0.03334	0.02215	0.21417	0.02305	0.01341	0.00691	0.00288	0.00610	0.01037	0.00604	0.00854
25	0.01088	0.00795	0.01095	0.01228	0.01315	0.00802	0.00866	0.01285	0.01563	0.02119	0.04110	0.48078	0.06517	0.03742	0.20377	0.00644	0.01017	0.01956	0.00692	0.00712
26	0.01163	0.00861	0.01256	0.01314	0.01436	0.00954	0.00983	0.01421	0.01445	0.02033	0.02988	0.22802	0.03157	0.05290	0.47426	0.01067	0.01755	0.01355	0.00554	0.00740
27	0.01391	0.01156	0.01748	0.02364	0.19949	0.01116	0.01356	0.01695	0.01855	0.02536	0.11382	0.34526	0.08021	0.01941	0.01005	0.00308	0.00649	0.05396	0.00699	0.00906
28	0.01689	0.02494	0.21377	0.02601	0.03367	0.01782	0.27048	0.02362	0.01759	0.02496	0.01830	0.02460	0.01476	0.02409	0.20266	0.00600	0.01632	0.00869	0.00417	0.01065
29	0.02321	0.02072	0.01906	0.01716	0.02056	0.20577	0.01340	0.07715	0.02036	0.10210	0.02061	0.02580	0.01720	0.03425	0.30678	0.00753	0.04520	0.00778	0.00556	0.00980
30	0.01764	0.01628	0.02406	0.06002	0.33457	0.01649	0.01818	0.02495	0.11880	0.02740	0.03963	0.04075	0.20088	0.01237	0.00895	0.00270	0.00791	0.01096	0.00600	0.01146
31	0.01087	0.00799	0.00935	0.01020	0.01121	0.00738	0.00669	0.01211	0.01601	0.02054	0.05195	0.33645	0.21265	0.22344	0.02018	0.00470	0.00574	0.01898	0.00709	0.00647
32	0.01942	0.00986	0.01252	0.01169	0.01376	0.00914	0.00805	0.02079	0.01695	0.20522	0.03419	0.21939	0.03483	0.31715	0.02439	0.00531	0.00707	0.01442	0.00747	0.00837
33	0.02390	0.16052	0.02266	0.01448	0.01946	0.01728	0.01189	0.09880	0.04336	0.19199	0.02995	0.21983	0.02801	0.01427	0.00841	0.00260	0.00713	0.01197	0.00758	0.06591
34	0.01097	0.00833	0.01058	0.01125	0.01268	0.00820	0.00806	0.01298	0.01608	0.02107	0.04937	0.27166	0.21206	0.09270	0.20629	0.00670	0.01029	0.01699	0.00669	0.00704
35	0.01489	0.01194	0.01756	0.02276	0.19813	0.01223	0.01238	0.01696	0.01469	0.02045	0.02286	0.04121	0.02394	0.37404	0.15357	0.00762	0.01161	0.01034	0.00476	0.00807
36	0.01953	0.01661	0.02672	0.03921	0.46031	0.01661	0.02019	0.02427	0.01893	0.02896	0.01946	0.02420	0.01593	0.00827	0.00770	0.00237	0.00830	0.00769	0.22291	0.01185
37	0.01137	0.00839	0.00979	0.00989	0.01128	0.00782	0.00671	0.01316	0.01746	0.02293	0.17746	0.14314	0.22448	0.24675	0.04805	0.00512	0.00638	0.01598	0.00717	0.00668
38	0.01584	0.01378	0.01898	0.02437	0.20121	0.01398	0.01432	0.02336	0.14868	0.02681	0.04276	0.22103	0.15067	0.01677	0.00955	0.00296	0.00680	0.03084	0.00698	0.01031
39	0.01870	0.01752	0.02702	0.05830	0.41707	0.04338	0.02032	0.02335	0.02089	0.02918	0.20027	0.03337	0.03295	0.01055	0.00887	0.00257	0.00857	0.00979	0.00572	0.01160
40	0.01322	0.01055	0.01529	0.20771	0.02572	0.01179	0.01229	0.01631	0.01632	0.02196	0.12526	0.04410	0.06783	0.21148	0.15817	0.00659	0.01133	0.01109	0.00547	0.00752

[dist]
# distance from previous block
# <min> <max>
1	2

[block]
# block no. 2 follows, 21 sequences, length 45
# corresponding to MSA columns:
# 128-172
name=unknown_C
#
# <colnr> <probs for GDERKNQSTAVLIFYWHMCP>
#	G	D	E	R	K	N	Q	S	T	A	V	L	I	F	Y	W	H	M	C	P
0	0.01880	0.01862	0.02369	0.27247	0.18388	0.11531	0.01882	0.02247	0.01758	0.02184	0.01777	0.02889	0.01637	0.16999	0.01649	0.00393	0.01093	0.00837	0.00430	0.00948
1	0.11147	0.05305	0.29072	0.01928	0.02740	0.02005	0.02074	0.16285	0.02188	0.03300	0.01731	0.02071	0.01338	0.01873	0.12835	0.00463	0.01284	0.00686	0.00513	0.01164
2	0.01188	0.00860	0.01195	0.01232	0.01329	0.00940	0.00886	0.01393	0.01385	0.01936	0.02814	0.15975	0.02994	0.20578	0.40143	0.01054	0.01613	0.01264	0.00531	0.00690
3	0.01262	0.01045	0.01712	0.01564	0.01751	0.00990	0.11870	0.01479	0.01607	0.02152	0.03678	0.42297	0.04243	0.18053	0.01829	0.00447	0.00743	0.01884	0.00660	0.00734
4	0.01981	0.02224	0.05093	0.08245	0.02895	0.13899	0.10746	0.02339	0.01678	0.02179	0.01502	0.02165	0.01319	0.02047	0.13256	0.00496	0.25796	0.00774	0.00408	0.00957
5	0.16426	0.03431	0.02294	0.02271	0.08082	0.48967	0.01600	0.03163	0.02192	0.02464	0.01317	0.01559	0.01087	0.00850	0.00730	0.00230	0.01327	0.00551	0.00453	0.01007
6	0.06575	0.05040	0.02695	0.02764	0.17082	0.30038	0.01821	0.18122	0.02639	0.03170	0.01558	0.01785	0.01236	0.00877	0.00788	0.00237	0.01197	0.00646	0.00542	0.01189
7	0.02388	0.01751	0.01918	0.01570	0.02059	0.01896	0.01270	0.36766	0.03045	0.04115	0.03345	0.03457	0.13137	0.02014	0.10531	0.00420	0.00994	0.00978	0.07189	0.01156
8	0.02126	0.01916	0.02149	0.02392	0.16642	0.08248	0.01535	0.15480	0.10440	0.03232	0.03993	0.04155	0.19409	0.01330	0.00898	0.00269	0.00832	0.03127	0.00692	0.01136
9	0.06727	0.02095	0.02370	0.01880	0.02407	0.02374	0.01548	0.39512	0.03097	0.08401	0.01988	0.04415	0.01543	0.01140	0.01189	0.00276	0.13249	0.00800	0.00744	0.04247
10	0.02104	0.01662	0.01834	0.01530	0.01941	0.01820	0.01226	0.26995	0.05141	0.03575	0.04432	0.04496	0.24651	0.04918	0.01320	0.00311	0.09052	0.01173	0.00754	0.01066
11	0.01114	0.00884	0.01051	0.01059	0.01298	0.00822	0.00820	0.01395	0.01917	0.02455	0.16619	0.07126	0.37559	0.02877	0.13047	0.00492	0.00799	0.07167	0.00754	0.00747
12	0.01503	0.01233	0.01838	0.19429	0.02789	0.01501	0.01496	0.04760	0.01603	0.02264	0.01973	0.02836	0.01730	0.03879	0.36158	0.00865	0.08262	0.00840	0.04178	0.00862
13	0.02044	0.01929	0.03145	0.04498	0.53298	0.01860	0.02318	0.02526	0.01906	0.02779	0.01585	0.02044	0.01332	0.00735	0.00804	0.00230	0.00941	0.00712	0.00436	0.14879
14	0.01687	0.01475	0.01934	0.01881	0.10437	0.01317	0.01270	0.02022	0.01719	0.02594	0.02068	0.14222	0.02058	0.01104	0.00953	0.00207	0.07270	0.00913	0.00532	0.44337
15	0.01911	0.14305	0.02070	0.01397	0.01822	0.10528	0.01134	0.08100	0.08427	0.02914	0.18814	0.04483	0.18017	0.01407	0.00860	0.00251	0.00735	0.01134	0.00714	0.00978
16	0.02681	0.48893	0.03726	0.01567	0.02243	0.11596	0.01444	0.02957	0.01951	0.13609	0.01599	0.01668	0.01278	0.00808	0.00633	0.00202	0.00961	0.00541	0.00500	0.01143
17	0.02948	0.01617	0.01745	0.01483	0.01964	0.10001	0.01161	0.03218	0.02237	0.39052	0.03836	0.15421	0.08684	0.01432	0.00901	0.00275	0.00764	0.01192	0.00896	0.01176
18	0.01457	0.01049	0.01269	0.01303	0.01464	0.01060	0.00917	0.12308	0.02028	0.02709	0.04024	0.51391	0.04634	0.08474	0.01337	0.00373	0.00605	0.02010	0.00776	0.00814
19	0.02640	0.02085	0.02379	0.01846	0.02420	0.02282	0.01520	0.37023	0.02985	0.04152	0.01750	0.01945	0.01343	0.01016	0.01155	0.00247	0.13234	0.00701	0.00683	0.18595
20	0.01686	0.01521	0.02115	0.10812	0.02368	0.02007	0.01560	0.01911	0.01392	0.02102	0.01619	0.02723	0.01585	0.13907	0.02596	0.00426	0.40336	0.00841	0.07650	0.00843
21	0.01585	0.01181	0.01585	0.01476	0.01724	0.01352	0.01165	0.12577	0.01850	0.02595	0.02236	0.03105	0.02003	0.05402	0.54667	0.01164	0.02034	0.00885	0.00528	0.00886
22	0.02719	0.01995	0.02187	0.01674	0.02335	0.02044	0.01369	0.39581	0.03214	0.07492	0.02581	0.02578	0.07144	0.01035	0.00814	0.00228	0.00809	0.00803	0.00775	0.18624
23	0.02870	0.02098	0.02256	0.01770	0.02326	0.02307	0.01416	0.50837	0.03495	0.04684	0.02160	0.02688	0.01749	0.13660	0.01488	0.00360	0.00916	0.00852	0.00790	0.01277
24	0.01201	0.00810	0.00939	0.00975	0.00984	0.00801	0.00566	0.01228	0.01309	0.01746	0.03049	0.17274	0.03558	0.57754	0.03738	0.00737	0.00764	0.01454	0.00566	0.00548
25	0.01752	0.17705	0.02077	0.01364	0.01709	0.13419	0.01086	0.02010	0.02015	0.02418	0.17467	0.18657	0.11968	0.01607	0.00872	0.00259	0.00752	0.01335	0.00660	0.00868
26	0.02069	0.02193	0.01957	0.02222	0.12759	0.23813	0.01387	0.02422	0.05870	0.02241	0.02542	0.18356	0.02661	0.13957	0.01513	0.00370	0.01015	0.01174	0.00559	0.00918
27	0.01693	0.01607	0.01401	0.01406	0.01563	0.16237	0.01013	0.01858	0.01695	0.01997	0.02861	0.11577	0.03124	0.29003	0.08249	0.00605	0.01082	0.11745	0.00569	0.00714
28	0.04910	0.02520	0.01990	0.01778	0.02218	0.28610	0.01394	0.09192	0.05681	0.11276	0.08226	0.03599	0.05452	0.01248	0.00869	0.00263	0.01043	0.07979	0.00694	0.01060
29	0.09720	0.10254	0.05846	0.02023	0.02553	0.48100	0.01637	0.05981	0.02300	0.02423	0.01336	0.01542	0.01095	0.00858	0.00730	0.00224	0.01350	0.00546	0.00455	0.01027
30	0.03159	0.02860	0.02559	0.02200	0.05913	0.21560	0.01678	0.41489	0.03422	0.04256	0.01804	0.01896	0.01338	0.00965	0.00826	0.00245	0.01117	0.00701	0.00706	0.01306
31	0.06223	0.03519	0.14011	0.02280	0.05223	0.35492	0.01939	0.10276	0.02330	0.02706	0.01431	0.01690	0.01140	0.00929	0.00960	0.00250	0.07418	0.00612	0.00472	0.01099
32	0.02198	0.32763	0.12652	0.01699	0.02345	0.17018	0.01635	0.02590	0.02018	0.02383	0.12821	0.02382	0.02360	0.00959	0.00720	0.00219	0.01011	0.00701	0.00485	0.01040
33	0.02017	0.19823	0.11665	0.03177	0.28846	0.05432	0.02092	0.02482	0.01903	0.02540	0.06125	0.06514	0.01985	0.00956	0.00786	0.00242	0.00968	0.00816	0.00460	0.01171
34	0.02112	0.29409	0.06653	0.02882	0.11903	0.02626	0.25310	0.02614	0.01855	0.02421	0.01463	0.01867	0.01206	0.00758	0.00856	0.00243	0.03543	0.00729	0.00398	0.01150
35	0.06384	0.02450	0.05959	0.03739	0.36393	0.10112	0.02197	0.16560	0.02445	0.03348	0.01644	0.01968	0.01305	0.00838	0.00817	0.00251	0.01051	0.00712	0.00526	0.01300
36	0.16016	0.01390	0.01844	0.01921	0.09534	0.01451	0.06609	0.02250	0.10057	0.02814	0.06074	0.18051	0.05912	0.08507	0.03556	0.00383	0.00788	0.01263	0.00639	0.00939
37	0.15722	0.11339	0.04642	0.02162	0.12761	0.15969	0.01513	0.02548	0.01914	0.02727	0.06117	0.05387	0.01861	0.00937	0.00723	0.00227	0.00933	0.00718	0.00502	0.11298
38	0.11422	0.35032	0.03166	0.01646	0.04392	0.14156	0.01383	0.02624	0.01832	0.02409	0.01282	0.01497	0.01112	0.00746	0.00610	0.00191	0.00944	0.00492	0.00425	0.14639
39	0.02159	0.06241	0.06344	0.01964	0.08392	0.04024	0.01485	0.15261	0.02323	0.07746	0.05354	0.17950	0.02669	0.01347	0.00938	0.00261	0.03502	0.01124	0.00673	0.10245
40	0.02120	0.01895	0.02484	0.03171	0.30351	0.07579	0.01814	0.09678	0.02200	0.05627	0.03104	0.03357	0.13393	0.01643	0.07474	0.00369	0.01054	0.00956	0.00577	0.01154
41	0.07035	0.02804	0.13813	0.02187	0.07051	0.18996	0.01833	0.11431	0.04350	0.02872	0.01717	0.02096	0.01396	0.01922	0.12985	0.00460	0.04756	0.00696	0.00504	0.01095
42	0.09085	0.02511	0.11856	0.03631	0.02320	0.18992	0.01522	0.07788	0.02138	0.04943	0.03123	0.15054	0.10856	0.01383	0.00856	0.00271	0.00968	0.01107	0.00605	0.00989
43	0.11550	0.04696	0.02012	0.01709	0.02172	0.17278	0.01331	0.10684	0.21909	0.05442	0.02563	0.10515	0.02194	0.01195	0.00814	0.00267	0.00896	0.00935	0.00701	0.01136
44	0.09275	0.02624	0.02068	0.01837	0.02321	0.24837	0.01420	0.09608	0.28557	0.03208	0.02504	0.02464	0.03551	0.01039	0.00803	0.00259	0.00995	0.00775	0.00681	0.01174

[dist]
# distance from previous block
# <min> <max>
19	199

[block]
# block no. 3 follows, 21 sequences, length 28
# corresponding to MSA columns:
# 402-429
name=unknown_D
#
# <colnr> <probs for GDERKNQSTAVLIFYWHMCP>
#	G	D	E	R	K	N	Q	S	T	A	V	L	I	F	Y	W	H	M	C	P
0	0.02186	0.15994	0.29458	0.02754	0.15266	0.15241	0.02428	0.02793	0.01936	0.02462	0.01436	0.01726	0.01138	0.00798	0.00759	0.00240	0.01201	0.00606	0.00388	0.01191
1	0.01086	0.00824	0.01094	0.01341	0.04441	0.00763	0.00861	0.01263	0.01692	0.02222	0.05125	0.56901	0.14249	0.02493	0.01062	0.00332	0.00511	0.02241	0.00771	0.00729
2	0.02079	0.02109	0.02357	0.02920	0.23043	0.16804	0.01802	0.02624	0.07108	0.02515	0.02366	0.03728	0.02212	0.01979	0.10792	0.00443	0.01251	0.12265	0.00539	0.01063
3	0.01524	0.01112	0.01323	0.01255	0.01481	0.01092	0.00897	0.11427	0.02080	0.02842	0.12585	0.31545	0.04472	0.14443	0.01592	0.00389	0.00625	0.01639	0.00748	0.06928
4	0.01504	0.01437	0.01329	0.01404	0.01545	0.14013	0.00992	0.01683	0.01729	0.02101	0.03554	0.42896	0.04069	0.05852	0.11234	0.00498	0.00991	0.01760	0.00656	0.00753
5	0.02824	0.03311	0.02249	0.02038	0.02491	0.45086	0.01545	0.03774	0.22756	0.02577	0.02034	0.02083	0.01598	0.00970	0.00800	0.00242	0.01247	0.00687	0.00581	0.01107
6	0.02375	0.23966	0.03105	0.02509	0.17919	0.14126	0.01681	0.02870	0.07029	0.06886	0.02360	0.02487	0.07358	0.00956	0.00753	0.00231	0.00972	0.00746	0.00523	0.01148
7	0.01922	0.07563	0.33238	0.03036	0.19170	0.02107	0.05392	0.02940	0.11073	0.02804	0.01824	0.02079	0.01387	0.00838	0.00818	0.00263	0.01092	0.00719	0.00455	0.01279
8	0.01707	0.01464	0.01724	0.01581	0.01896	0.01632	0.01212	0.02832	0.27293	0.02811	0.03224	0.22779	0.03112	0.01591	0.01191	0.00297	0.10812	0.01308	0.00721	0.10814
9	0.02229	0.01807	0.02746	0.02719	0.17067	0.01834	0.08726	0.06783	0.01989	0.10871	0.01901	0.05081	0.01574	0.01000	0.01185	0.00256	0.13286	0.00815	0.00560	0.17570
10	0.02800	0.17186	0.02835	0.02178	0.06396	0.41971	0.01631	0.03311	0.09568	0.02288	0.01565	0.01734	0.01292	0.00873	0.00739	0.00222	0.01271	0.00592	0.00474	0.01074
11	0.03879	0.12977	0.19872	0.07344	0.18965	0.01949	0.02119	0.02313	0.01801	0.02500	0.02596	0.02890	0.10738	0.01338	0.04943	0.00324	0.01054	0.00833	0.00453	0.01111
12	0.01584	0.12108	0.35849	0.01784	0.02604	0.01760	0.02065	0.02186	0.01730	0.02372	0.02954	0.03477	0.12994	0.11456	0.01339	0.00345	0.00994	0.00911	0.00462	0.01025
13	0.01585	0.00932	0.01145	0.01066	0.01297	0.00853	0.00773	0.01846	0.02005	0.12084	0.25638	0.10269	0.14522	0.15672	0.01641	0.00385	0.00547	0.01431	0.05490	0.00819
14	0.02320	0.01339	0.01610	0.07911	0.02066	0.01427	0.01149	0.13611	0.02285	0.14822	0.02532	0.02752	0.01870	0.01021	0.00833	0.00239	0.04241	0.00793	0.36122	0.01058
15	0.01749	0.01370	0.01426	0.01228	0.01646	0.01359	0.00970	0.21475	0.02627	0.03321	0.06427	0.06140	0.43429	0.01777	0.00954	0.00277	0.00600	0.01453	0.00811	0.00962
16	0.02311	0.02571	0.06320	0.02358	0.02977	0.17962	0.20629	0.13445	0.02434	0.02958	0.02846	0.06094	0.10954	0.01126	0.00911	0.00266	0.01164	0.01013	0.00577	0.01082
17	0.01217	0.00971	0.01347	0.01647	0.08949	0.00939	0.01059	0.01475	0.01756	0.02326	0.07469	0.30299	0.18178	0.02814	0.10904	0.00474	0.00827	0.05848	0.00701	0.00798
18	0.02459	0.13740	0.12043	0.01963	0.02517	0.35218	0.01734	0.02818	0.02023	0.02143	0.01504	0.01879	0.01282	0.01853	0.12826	0.00432	0.01534	0.00613	0.00418	0.01002
19	0.15083	0.03656	0.40276	0.06837	0.03320	0.11681	0.02470	0.02729	0.01821	0.02765	0.01434	0.01718	0.01057	0.00819	0.00755	0.00262	0.01184	0.00596	0.00402	0.01135
20	0.05267	0.03290	0.02218	0.02164	0.06805	0.47694	0.01538	0.05042	0.02330	0.02339	0.02455	0.02588	0.10639	0.01063	0.00803	0.00235	0.01281	0.00755	0.00508	0.00986
21	0.13644	0.04477	0.02230	0.01808	0.02295	0.19717	0.10267	0.06132	0.02128	0.02735	0.03518	0.03857	0.18241	0.01263	0.00849	0.00265	0.00991	0.04047	0.00587	0.00951
22	0.02182	0.12908	0.05084	0.02225	0.02757	0.18181	0.15731	0.02559	0.01935	0.02340	0.04016	0.04733	0.04549	0.01046	0.01117	0.00258	0.11289	0.00832	0.00464	0.05794
23	0.01874	0.06273	0.02055	0.01678	0.01913	0.07432	0.03362	0.10845	0.01952	0.02554	0.02630	0.23502	0.02850	0.11042	0.01786	0.00379	0.15060	0.01311	0.00602	0.00900
24	0.07264	0.28908	0.03404	0.02563	0.17822	0.14288	0.01762	0.09867	0.02160	0.02731	0.01414	0.01662	0.01188	0.00802	0.00695	0.00220	0.01035	0.00585	0.00461	0.01168
25	0.02429	0.11439	0.06317	0.03156	0.25369	0.26028	0.02007	0.02808	0.02032	0.02352	0.01496	0.01889	0.01274	0.01273	0.06299	0.00326	0.01311	0.00648	0.00420	0.01128
26	0.02048	0.30292	0.20638	0.02620	0.10601	0.02579	0.14879	0.02633	0.01832	0.02433	0.01439	0.01767	0.01162	0.00751	0.00749	0.00236	0.01126	0.00655	0.00384	0.01179
27	0.01931	0.12981	0.22000	0.02273	0.04987	0.09727	0.12936	0.02562	0.03801	0.02489	0.02716	0.03074	0.10829	0.01052	0.00846	0.00261	0.01105	0.02861	0.00479	0.01089

[dist]
# distance from previous block
# <min> <max>
6	24

[block]
# block no. 4 follows, 21 sequences, length 34
# corresponding to MSA columns:
# 454-487
name=unknown_E
#
# <colnr> <probs for GDERKNQSTAVLIFYWHMCP>
#	G	D	E	R	K	N	Q	S	T	A	V	L	I	F	Y	W	H	M	C	P
0	0.08131	0.13720	0.26019	0.02392	0.05935	0.02249	0.13293	0.02958	0.11916	0.02831	0.01803	0.02028	0.01369	0.00832	0.00791	0.00261	0.01079	0.00718	0.00473	0.01202
1	0.01855	0.06082	0.43618	0.03281	0.23079	0.02042	0.02913	0.02663	0.01839	0.02697	0.01538	0.01879	0.01164	0.00790	0.00810	0.00261	0.01166	0.00664	0.00379	0.01280
2	0.02390	0.06715	0.02724	0.03018	0.23997	0.20247	0.01857	0.09825	0.02202	0.02698	0.01674	0.02122	0.01418	0.01871	0.13091	0.00447	0.01380	0.00710	0.00481	0.01132
3	0.02028	0.04635	0.01836	0.01658	0.04396	0.09315	0.01251	0.02333	0.01735	0.13847	0.02284	0.02896	0.01917	0.04222	0.40597	0.00921	0.01783	0.00829	0.00560	0.00955
4	0.02103	0.15102	0.10414	0.01776	0.02299	0.12575	0.01644	0.09582	0.02218	0.02758	0.06838	0.04209	0.04779	0.01362	0.00962	0.00279	0.04072	0.15412	0.00595	0.01021
5	0.02146	0.34979	0.03108	0.01543	0.02078	0.06268	0.01350	0.09624	0.02008	0.02524	0.01976	0.14239	0.01998	0.01174	0.00845	0.00231	0.05070	0.00888	0.00521	0.07430
6	0.01715	0.01734	0.01446	0.01466	0.01710	0.18259	0.01109	0.02013	0.03998	0.02267	0.04420	0.19893	0.16391	0.06179	0.01199	0.00338	0.00843	0.13532	0.00681	0.00805
7	0.02631	0.17556	0.02600	0.01760	0.02218	0.30442	0.01389	0.12210	0.02300	0.02511	0.01658	0.02332	0.01524	0.13778	0.01398	0.00330	0.01171	0.00692	0.00503	0.00995
8	0.01059	0.00764	0.00967	0.01119	0.01187	0.00711	0.00740	0.01195	0.01612	0.02120	0.04845	0.55067	0.11427	0.11137	0.01488	0.00400	0.00529	0.02205	0.00755	0.00672
9	0.01253	0.00949	0.01087	0.01023	0.01240	0.00838	0.00690	0.01407	0.01588	0.02143	0.06198	0.15907	0.16205	0.29457	0.02296	0.00484	0.00637	0.01422	0.00631	0.14544
10	0.02245	0.16486	0.03739	0.02378	0.03060	0.02424	0.22923	0.13578	0.02205	0.02990	0.01569	0.01934	0.01254	0.00859	0.01049	0.00249	0.09272	0.00750	0.00497	0.10539
11	0.11636	0.02782	0.02015	0.01760	0.02237	0.31737	0.01364	0.16394	0.02574	0.03091	0.02830	0.02875	0.12970	0.01138	0.00802	0.00246	0.01084	0.00821	0.00610	0.01035
12	0.01162	0.00960	0.01034	0.01037	0.01302	0.00890	0.00768	0.01647	0.09366	0.02521	0.11840	0.17490	0.42749	0.02084	0.01002	0.00295	0.00468	0.01776	0.00811	0.00797
13	0.01112	0.00856	0.00984	0.01016	0.01199	0.00757	0.00702	0.01286	0.01724	0.02223	0.08261	0.27828	0.27758	0.13910	0.01582	0.00389	0.00531	0.01817	0.00731	0.05334
14	0.01124	0.00775	0.00997	0.01115	0.01211	0.00716	0.00770	0.01199	0.01611	0.02084	0.04934	0.41662	0.17529	0.02599	0.01490	0.14304	0.00536	0.03993	0.00711	0.00640
15	0.01390	0.00762	0.01063	0.01063	0.01116	0.00735	0.00722	0.01130	0.01264	0.01631	0.02810	0.03632	0.13221	0.02807	0.02893	0.61260	0.00682	0.00936	0.00448	0.00435
16	0.01468	0.01127	0.01256	0.01164	0.01467	0.01090	0.00884	0.12621	0.02370	0.03081	0.18338	0.16914	0.31117	0.01943	0.00990	0.00287	0.00530	0.01655	0.00832	0.00867
17	0.02377	0.01747	0.01940	0.01589	0.02034	0.01899	0.01251	0.35163	0.05676	0.04143	0.13835	0.03517	0.03019	0.12050	0.05525	0.00416	0.00892	0.01000	0.00792	0.01137
18	0.01167	0.00868	0.01086	0.01032	0.01249	0.00787	0.00774	0.01534	0.02321	0.03205	0.53943	0.06699	0.18551	0.01817	0.01004	0.00271	0.00407	0.01587	0.00909	0.00787
19	0.01088	0.00834	0.00997	0.01023	0.01217	0.00743	0.00742	0.01355	0.02035	0.02682	0.28396	0.23216	0.28338	0.02131	0.01026	0.00295	0.00436	0.01860	0.00845	0.00743
20	0.01237	0.00949	0.01157	0.01273	0.01413	0.00958	0.00888	0.01809	0.13135	0.02437	0.04632	0.54494	0.07618	0.02362	0.01042	0.00332	0.00525	0.02120	0.00804	0.00815
21	0.02266	0.01871	0.01975	0.01713	0.02221	0.02119	0.01350	0.16312	0.46132	0.03842	0.03560	0.03321	0.07087	0.01203	0.00874	0.00282	0.00710	0.00985	0.00857	0.01320
22	0.03036	0.01578	0.02184	0.02211	0.13794	0.01506	0.01489	0.03746	0.12382	0.39181	0.07289	0.03036	0.02458	0.01063	0.00865	0.00266	0.00747	0.00903	0.00896	0.01368
23	0.01901	0.01806	0.02971	0.04410	0.52915	0.01779	0.02245	0.02352	0.01938	0.02690	0.02910	0.03241	0.13115	0.01019	0.00873	0.00259	0.00903	0.00952	0.00490	0.01231
24	0.01366	0.00977	0.01056	0.01020	0.01210	0.00947	0.00705	0.07204	0.01845	0.02446	0.04883	0.12789	0.24156	0.25719	0.02119	0.00469	0.00621	0.01465	0.08277	0.00723
25	0.01226	0.01038	0.01081	0.01049	0.01358	0.00983	0.00792	0.01858	0.13390	0.02595	0.10795	0.09433	0.47389	0.01963	0.00983	0.00289	0.00477	0.01649	0.00813	0.00840
26	0.02122	0.01622	0.01809	0.01572	0.01985	0.01761	0.01225	0.23731	0.17904	0.03912	0.15953	0.15817	0.03893	0.01512	0.00931	0.00283	0.00677	0.01285	0.00861	0.01146
27	0.01067	0.00797	0.00969	0.01064	0.01192	0.00724	0.00732	0.01254	0.01783	0.02327	0.13431	0.39825	0.21290	0.07851	0.01316	0.00359	0.00492	0.02043	0.00787	0.00699
28	0.01123	0.00803	0.00954	0.01023	0.01102	0.00756	0.00659	0.01241	0.01578	0.02072	0.08678	0.29891	0.14287	0.29236	0.02353	0.00521	0.00608	0.01789	0.00692	0.00634
29	0.01290	0.00926	0.01078	0.01045	0.01188	0.00896	0.00708	0.04907	0.01868	0.02505	0.20687	0.12645	0.13802	0.30031	0.02375	0.00508	0.00622	0.01500	0.00721	0.00698
30	0.01238	0.00825	0.00928	0.00928	0.00928	0.00825	0.00516	0.01238	0.01238	0.01650	0.02681	0.05569	0.03094	0.70092	0.04331	0.00825	0.00825	0.01238	0.00516	0.00516
31	0.01370	0.01014	0.01178	0.01151	0.01294	0.01053	0.00780	0.01930	0.13099	0.02447	0.15982	0.12765	0.04306	0.33031	0.04481	0.00568	0.00713	0.01379	0.00700	0.00759
32	0.01067	0.00783	0.00970	0.01088	0.01189	0.00720	0.00735	0.01232	0.01710	0.02243	0.10172	0.45955	0.16525	0.09746	0.01413	0.00380	0.00510	0.02103	0.00773	0.00687
33	0.01280	0.01001	0.01154	0.01210	0.01389	0.01010	0.00849	0.01898	0.14565	0.02427	0.04937	0.36890	0.15673	0.09935	0.01395	0.00377	0.00557	0.01863	0.00775	0.00814

[dist]
# distance from previous block
# <min> <max>
0	4

[block]
# block no. 5 follows, 21 sequences, length 48
# corresponding to MSA columns:
# 492-539
name=unknown_F
#
# <colnr> <probs for GDERKNQSTAVLIFYWHMCP>
#	G	D	E	R	K	N	Q	S	T	A	V	L	I	F	Y	W	H	M	C	P
0	0.03027	0.03399	0.02469	0.02144	0.02583	0.44036	0.01665	0.16587	0.02635	0.02827	0.01457	0.01692	0.01179	0.00987	0.01040	0.00247	0.09795	0.00622	0.00524	0.01085
1	0.01340	0.00904	0.01058	0.01054	0.01252	0.00830	0.00768	0.01536	0.01792	0.06598	0.10389	0.09147	0.26453	0.22718	0.02032	0.00464	0.00620	0.09585	0.00736	0.00723
2	0.01200	0.00823	0.00985	0.00999	0.01052	0.00800	0.00622	0.01314	0.01563	0.02130	0.17049	0.15309	0.04599	0.44420	0.03087	0.00626	0.00679	0.01483	0.00653	0.00607
3	0.01455	0.01093	0.01263	0.01171	0.01474	0.01073	0.00893	0.02219	0.14930	0.05876	0.33749	0.06044	0.22064	0.01701	0.00969	0.00277	0.00480	0.01459	0.00887	0.00921
4	0.01239	0.00914	0.01193	0.01267	0.01424	0.00922	0.00953	0.04041	0.01776	0.02367	0.06651	0.29156	0.11611	0.06296	0.16197	0.00594	0.00971	0.10965	0.00709	0.00755
5	0.19544	0.01563	0.01602	0.01492	0.01821	0.06134	0.01175	0.02597	0.15574	0.02790	0.02161	0.02634	0.01823	0.03218	0.27998	0.00726	0.04846	0.00781	0.00561	0.00957
6	0.01920	0.01636	0.01714	0.01545	0.01992	0.01824	0.01201	0.06693	0.46242	0.03364	0.04568	0.04262	0.16649	0.01376	0.00897	0.00287	0.00632	0.01142	0.00848	0.01209
7	0.01315	0.16771	0.01714	0.01030	0.01400	0.01330	0.00852	0.01559	0.01924	0.02332	0.12048	0.08871	0.42328	0.01810	0.00904	0.00264	0.00540	0.01490	0.00707	0.00811
8	0.02873	0.09932	0.02205	0.01503	0.02026	0.01813	0.01215	0.20113	0.02533	0.25713	0.02558	0.03073	0.02017	0.16757	0.01610	0.00379	0.00831	0.00868	0.00789	0.01192
9	0.01430	0.01259	0.01525	0.01430	0.01558	0.04000	0.01102	0.01632	0.01547	0.02104	0.03638	0.09734	0.16435	0.10995	0.15518	0.00598	0.19655	0.01212	0.03854	0.00773
10	0.01257	0.01127	0.01454	0.01857	0.15668	0.01016	0.01095	0.01539	0.01939	0.02409	0.07019	0.06802	0.50044	0.01837	0.00969	0.00279	0.00563	0.01559	0.00706	0.00862
11	0.02553	0.17878	0.03081	0.02711	0.19745	0.09551	0.01791	0.11971	0.12317	0.07378	0.01967	0.02094	0.01534	0.00889	0.00773	0.00240	0.00960	0.00707	0.00591	0.01271
12	0.02134	0.49933	0.03608	0.01534	0.02120	0.07375	0.01450	0.02430	0.01831	0.02132	0.01951	0.03256	0.01961	0.01109	0.00706	0.00233	0.00926	0.13832	0.00465	0.01014
13	0.01572	0.01287	0.01840	0.02316	0.16085	0.01305	0.01524	0.02206	0.09369	0.02753	0.08878	0.11283	0.07108	0.01806	0.01033	0.00329	0.00751	0.26858	0.00724	0.00972
14	0.01579	0.01440	0.02379	0.39979	0.16823	0.01644	0.02055	0.02038	0.01733	0.02297	0.02256	0.17584	0.02203	0.01246	0.00903	0.00291	0.00963	0.01136	0.00481	0.00969
15	0.01448	0.01195	0.01834	0.02213	0.15906	0.01299	0.01375	0.01779	0.01610	0.02309	0.09603	0.03545	0.02698	0.09620	0.35738	0.00891	0.04570	0.00972	0.00507	0.00886
