[name]
unknown

[dist]
# distance from previous block
# <min> <max>
0	2

[block]
# block no. 0 follows, 20 sequences, length 10
# corresponding to MSA columns:
# 2-11
name=unknown_A
#
# <colnr> <probs for GDERKNQSTAVLIFYWHMCP>
#	G	D	E	R	K	N	Q	S	T	A	V	L	I	F	Y	W	H	M	C	P
0	0.01277	0.00918	0.01172	0.01258	0.01398	0.00866	0.00917	0.01477	0.01666	0.02240	0.03919	0.29628	0.04476	0.20585	0.02004	0.00482	0.00693	0.17363	0.00707	0.06956
1	0.01980	0.01406	0.01617	0.01465	0.01747	0.01485	0.01080	0.23701	0.02478	0.03314	0.03194	0.28347	0.03400	0.12642	0.01735	0.06449	0.00751	0.01511	0.00754	0.00945
2	0.02278	0.01789	0.02254	0.19833	0.03294	0.01986	0.01668	0.27429	0.02726	0.03673	0.02222	0.09660	0.01921	0.01680	0.07128	0.00378	0.01071	0.00962	0.00662	0.07385
3	0.02102	0.01522	0.01691	0.11753	0.02412	0.08836	0.01263	0.02441	0.02140	0.16722	0.12461	0.04700	0.19408	0.01892	0.06439	0.00371	0.00916	0.01186	0.00754	0.00993
4	0.07741	0.01627	0.02470	0.13851	0.32041	0.01671	0.01937	0.02200	0.01906	0.02699	0.03583	0.03852	0.18521	0.01192	0.00885	0.00275	0.00863	0.01047	0.00538	0.01100
5	0.01718	0.01608	0.02495	0.26595	0.20493	0.01752	0.02006	0.02167	0.01826	0.02471	0.02823	0.03262	0.12208	0.01115	0.01045	0.00275	0.06596	0.00937	0.00486	0.08124
6	0.01663	0.01398	0.01911	0.01719	0.01807	0.01825	0.01396	0.01934	0.01463	0.02332	0.01849	0.02625	0.01672	0.02806	0.19848	0.00625	0.34810	0.00822	0.16622	0.00875
7	0.01519	0.00847	0.00979	0.00979	0.01169	0.00891	0.00745	0.01898	0.01709	0.02906	0.02702	0.03301	0.02220	0.02576	0.19036	0.00542	0.00951	0.00847	0.53378	0.00803
8	0.06768	0.01622	0.02635	0.55359	0.12597	0.01955	0.02352	0.02305	0.01755	0.02418	0.01538	0.02244	0.01174	0.00857	0.00848	0.00286	0.01114	0.00755	0.00403	0.01016
9	0.01350	0.01002	0.01435	0.01403	0.01551	0.01189	0.01099	0.01664	0.01450	0.02186	0.02300	0.03276	0.02100	0.05419	0.52298	0.01164	0.07631	0.00905	0.09780	0.00798

[dist]
# distance from previous block
# <min> <max>
0	1

[block]
# block no. 1 follows, 20 sequences, length 17
# corresponding to MSA columns:
# 13-29
name=unknown_B
#
# <colnr> <probs for GDERKNQSTAVLIFYWHMCP>
#	G	D	E	R	K	N	Q	S	T	A	V	L	I	F	Y	W	H	M	C	P
0	0.01593	0.01303	0.02003	0.24459	0.12276	0.01388	0.01649	0.02017	0.01981	0.05569	0.15302	0.12937	0.11096	0.01469	0.00955	0.00291	0.00795	0.01305	0.00651	0.00962
1	0.02094	0.01946	0.01781	0.01597	0.02046	0.10433	0.01236	0.09142	0.30412	0.03245	0.04677	0.04438	0.20439	0.01436	0.00915	0.00282	0.00763	0.01163	0.00804	0.01149
2	0.01290	0.01136	0.01864	0.01640	0.01926	0.01046	0.13413	0.01588	0.01849	0.02426	0.08771	0.33876	0.17293	0.06109	0.01271	0.00353	0.00710	0.01904	0.00725	0.00810
3	0.06364	0.01574	0.02539	0.29856	0.04010	0.01678	0.09747	0.02873	0.01993	0.20025	0.02224	0.02554	0.01561	0.00923	0.00850	0.00275	0.00984	0.00826	0.08021	0.01125
4	0.01954	0.01803	0.02867	0.04084	0.44481	0.01814	0.02147	0.02636	0.08132	0.03007	0.12014	0.03288	0.05860	0.01053	0.00901	0.00267	0.00871	0.00981	0.00581	0.01259
5	0.01832	0.01489	0.01412	0.07977	0.05231	0.11169	0.01080	0.02209	0.01951	0.02831	0.03228	0.03534	0.10223	0.01132	0.00735	0.00231	0.00704	0.00907	0.41244	0.00880
6	0.02256	0.01857	0.01950	0.01791	0.05573	0.05191	0.01327	0.24833	0.11604	0.03756	0.04416	0.08475	0.20290	0.01498	0.00932	0.00280	0.00774	0.01226	0.00805	0.01166
7	0.02482	0.02658	0.02677	0.03232	0.24932	0.23486	0.01959	0.03345	0.16136	0.02779	0.02181	0.02721	0.01831	0.01020	0.00866	0.00265	0.01121	0.04522	0.00568	0.01219
8	0.21638	0.02037	0.08549	0.12917	0.10577	0.02105	0.01882	0.05935	0.01764	0.02983	0.01611	0.05869	0.01416	0.01106	0.01234	0.00302	0.15749	0.00781	0.00486	0.01059
9	0.02486	0.01957	0.02029	0.01753	0.02210	0.09133	0.01389	0.18169	0.15851	0.09584	0.02542	0.02786	0.01984	0.02735	0.20638	0.00613	0.01367	0.00859	0.00725	0.01193
10	0.14304	0.28272	0.03164	0.01984	0.06655	0.21955	0.01562	0.08165	0.02165	0.02741	0.01364	0.01571	0.01144	0.00832	0.00675	0.00223	0.01096	0.00547	0.00472	0.01110
11	0.08178	0.01894	0.01998	0.08454	0.05998	0.11912	0.01491	0.02137	0.01816	0.02401	0.03699	0.03932	0.20978	0.01472	0.01431	0.00303	0.19390	0.01051	0.00546	0.00920
12	0.06371	0.01271	0.01571	0.01727	0.09978	0.01186	0.01117	0.05359	0.02031	0.02864	0.09679	0.18273	0.20620	0.01684	0.00924	0.00271	0.00612	0.01450	0.00712	0.12299
13	0.08111	0.02641	0.08703	0.03550	0.30729	0.10858	0.02219	0.16662	0.02504	0.03455	0.01670	0.01978	0.01312	0.00865	0.00827	0.00257	0.01087	0.00714	0.00541	0.01314
14	0.07426	0.03254	0.02597	0.06318	0.12342	0.38071	0.01832	0.12625	0.02561	0.02909	0.01519	0.01782	0.01214	0.00897	0.00802	0.00243	0.01311	0.00638	0.00518	0.01139
15	0.02428	0.02464	0.02315	0.02308	0.09653	0.22029	0.01613	0.12776	0.02290	0.02769	0.02053	0.02636	0.04154	0.06698	0.11216	0.00480	0.09718	0.00812	0.00537	0.01051
16	0.01468	0.01116	0.01323	0.01173	0.01456	0.01056	0.00840	0.04768	0.01663	0.02313	0.03117	0.04482	0.10016	0.28356	0.15930	0.00700	0.01071	0.01073	0.00567	0.17514

[dist]
# distance from previous block
# <min> <max>
15	22

[block]
# block no. 2 follows, 20 sequences, length 19
# corresponding to MSA columns:
# 53-71
name=unknown_C
#
# <colnr> <probs for GDERKNQSTAVLIFYWHMCP>
#	G	D	E	R	K	N	Q	S	T	A	V	L	I	F	Y	W	H	M	C	P
0	0.01246	0.00935	0.01402	0.01402	0.01558	0.01090	0.01090	0.01558	0.01402	0.02025	0.02336	0.03427	0.02181	0.06542	0.65888	0.01402	0.02336	0.00935	0.00467	0.00779
1	0.01421	0.01691	0.14466	0.01555	0.05455	0.01166	0.01246	0.01695	0.01522	0.02120	0.06933	0.04741	0.03004	0.45792	0.03212	0.00648	0.00918	0.01131	0.00521	0.00762
2	0.02174	0.52184	0.20875	0.01761	0.02655	0.03066	0.01961	0.02653	0.01791	0.02244	0.01308	0.01519	0.01115	0.00769	0.00632	0.00211	0.01029	0.00515	0.00372	0.01165
3	0.01347	0.01083	0.01596	0.01537	0.01669	0.01332	0.01215	0.01640	0.01392	0.02036	0.02155	0.03195	0.02023	0.05777	0.56276	0.01246	0.12312	0.00908	0.00454	0.00806
4	0.02464	0.22225	0.12949	0.02822	0.16138	0.21237	0.05221	0.02915	0.02051	0.02398	0.01429	0.01734	0.01186	0.00810	0.00759	0.00233	0.01227	0.00619	0.00411	0.01174
5	0.01830	0.03985	0.50740	0.02896	0.08609	0.02057	0.12125	0.02761	0.01887	0.02774	0.01602	0.01946	0.01161	0.00810	0.00863	0.00278	0.01298	0.00715	0.00385	0.01279
6	0.02332	0.69869	0.04571	0.01493	0.02239	0.03451	0.01493	0.02612	0.01772	0.02052	0.01213	0.01399	0.01119	0.00746	0.00560	0.00187	0.00933	0.00466	0.00373	0.01119
7	0.01668	0.01108	0.01350	0.01262	0.01448	0.01273	0.00989	0.05665	0.01798	0.02904	0.02516	0.06009	0.02171	0.02386	0.15306	0.00504	0.11140	0.00907	0.38731	0.00865
8	0.02426	0.02820	0.07857	0.04298	0.42822	0.19325	0.02450	0.02902	0.02107	0.02650	0.01556	0.01977	0.01291	0.00814	0.00840	0.00251	0.01201	0.00709	0.00432	0.01274
9	0.01054	0.00793	0.00977	0.01125	0.01242	0.00716	0.00770	0.01225	0.01756	0.02262	0.05898	0.52437	0.21404	0.02591	0.01091	0.00338	0.00489	0.02307	0.00810	0.00716
10	0.01063	0.00759	0.01012	0.01215	0.01265	0.00709	0.00810	0.01215	0.01670	0.02227	0.04808	0.68775	0.05769	0.02733	0.01113	0.00354	0.00506	0.02480	0.00810	0.00709
11	0.10232	0.02285	0.08029	0.06919	0.36246	0.02187	0.02301	0.15330	0.02369	0.03503	0.01683	0.02047	0.01324	0.00848	0.00828	0.00264	0.01007	0.00735	0.00532	0.01329
12	0.02010	0.01745	0.02617	0.53063	0.05290	0.02105	0.02256	0.15006	0.02257	0.02939	0.01669	0.02275	0.01233	0.00910	0.00872	0.00284	0.01119	0.00777	0.00493	0.01081
13	0.01063	0.00759	0.01012	0.01215	0.01265	0.00709	0.00810	0.01215	0.01670	0.02227	0.04808	0.68775	0.05769	0.02733	0.01113	0.00354	0.00506	0.02480	0.00810	0.00709
14	0.01939	0.02255	0.08702	0.21045	0.13943	0.02100	0.31779	0.02621	0.01946	0.02647	0.01673	0.02278	0.01272	0.00786	0.00946	0.00287	0.01307	0.00893	0.00420	0.01160
15	0.02345	0.02540	0.02899	0.21441	0.27010	0.21018	0.02256	0.02876	0.04631	0.02499	0.01610	0.02077	0.01299	0.00857	0.00844	0.00259	0.01216	0.00721	0.00444	0.01157
16	0.14272	0.11041	0.07589	0.02002	0.02577	0.41200	0.01672	0.05539	0.02256	0.02591	0.01361	0.01573	0.01109	0.00868	0.00730	0.00233	0.01314	0.00553	0.00466	0.01055
17	0.02064	0.33806	0.29107	0.02327	0.07648	0.02687	0.06069	0.02690	0.01835	0.02449	0.01424	0.01698	0.01146	0.00782	0.00722	0.00235	0.01120	0.00598	0.00380	0.01212
18	0.01182	0.00836	0.01041	0.01158	0.01234	0.00802	0.00793	0.01326	0.01612	0.02115	0.04414	0.33467	0.09541	0.25180	0.02246	0.00523	0.00661	0.10489	0.00714	0.00664

[dist]
# distance from previous block
# <min> <max>
2	8

[block]
# block no. 3 follows, 20 sequences, length 7
# corresponding to MSA columns:
# 80-86
name=unknown_D
#
# <colnr> <probs for GDERKNQSTAVLIFYWHMCP>
#	G	D	E	R	K	N	Q	S	T	A	V	L	I	F	Y	W	H	M	C	P
0	0.02639	0.23468	0.03464	0.03069	0.24662	0.17074	0.01945	0.02998	0.02082	0.08536	0.01619	0.01869	0.01318	0.00825	0.00753	0.00230	0.01099	0.00641	0.00482	0.01226
1	0.16125	0.57018	0.03951	0.01427	0.02135	0.03170	0.01389	0.02603	0.01718	0.02403	0.01213	0.01403	0.01086	0.00758	0.00556	0.00202	0.00884	0.00468	0.00405	0.01086
2	0.02053	0.22019	0.20006	0.02877	0.15604	0.02556	0.07798	0.02604	0.01795	0.02481	0.01435	0.01839	0.01193	0.00892	0.01087	0.00265	0.11231	0.00675	0.00392	0.01199
3	0.07098	0.01911	0.03268	0.24459	0.34702	0.02037	0.08881	0.02540	0.01883	0.02721	0.01596	0.02181	0.01276	0.00805	0.00862	0.00274	0.01099	0.00783	0.00426	0.01198
4	0.02755	0.40031	0.03633	0.01815	0.02446	0.26780	0.01578	0.07448	0.02214	0.02349	0.01332	0.01518	0.01149	0.00827	0.00669	0.00207	0.01175	0.00527	0.00440	0.01107
5	0.09368	0.01197	0.01432	0.01219	0.01665	0.01087	0.00968	0.02639	0.02248	0.27020	0.18495	0.05176	0.20910	0.01536	0.00923	0.00278	0.00575	0.01273	0.00924	0.01068
6	0.01516	0.01461	0.01314	0.01428	0.01561	0.14160	0.00991	0.01683	0.01836	0.02208	0.04093	0.54896	0.04810	0.02354	0.01046	0.00327	0.00726	0.02084	0.00735	0.00771

[dist]
# distance from previous block
# <min> <max>
0	3

[block]
# block no. 4 follows, 20 sequences, length 46
# corresponding to MSA columns:
# 90-135
name=unknown_E
#
# <colnr> <probs for GDERKNQSTAVLIFYWHMCP>
#	G	D	E	R	K	N	Q	S	T	A	V	L	I	F	Y	W	H	M	C	P
0	0.02012	0.01922	0.03274	0.23183	0.47226	0.02034	0.02604	0.02548	0.01916	0.02671	0.01615	0.02207	0.01319	0.00805	0.00866	0.00268	0.01073	0.00777	0.00419	0.01263
1	0.02159	0.02073	0.03541	0.05354	0.63903	0.02073	0.02677	0.02677	0.01986	0.02850	0.01641	0.02159	0.01382	0.00777	0.00864	0.00259	0.01036	0.00777	0.00432	0.01382
2	0.01193	0.00884	0.01290	0.01348	0.01473	0.00980	0.01010	0.01459	0.01479	0.02083	0.03048	0.22250	0.03214	0.05445	0.47230	0.01100	0.01809	0.01380	0.00566	0.00759
3	0.01063	0.00759	0.01012	0.01215	0.01265	0.00709	0.00810	0.01215	0.01670	0.02227	0.04808	0.68775	0.05769	0.02733	0.01113	0.00354	0.00506	0.02480	0.00810	0.00709
4	0.02130	0.02043	0.03488	0.08891	0.60595	0.02065	0.02662	0.02651	0.01972	0.02814	0.01636	0.02168	0.01369	0.00783	0.00864	0.00261	0.01043	0.00777	0.00429	0.01358
5	0.01073	0.00767	0.01021	0.01208	0.01267	0.00715	0.00811	0.01240	0.01718	0.02302	0.08300	0.65067	0.05916	0.02676	0.01108	0.00349	0.00500	0.02426	0.00819	0.00715
6	0.01063	0.00759	0.01012	0.01215	0.01265	0.00709	0.00810	0.01215	0.01670	0.02227	0.04808	0.68775	0.05769	0.02733	0.01113	0.00354	0.00506	0.02480	0.00810	0.00709
7	0.01891	0.01820	0.03150	0.36987	0.31147	0.02011	0.05565	0.02453	0.01866	0.02529	0.01601	0.02254	0.01266	0.00824	0.00877	0.00277	0.01124	0.00789	0.00410	0.01160
8	0.02108	0.20942	0.02551	0.01543	0.01994	0.01738	0.05145	0.02401	0.01956	0.15096	0.06476	0.24948	0.03486	0.01619	0.00900	0.00283	0.00752	0.04313	0.00723	0.01029
9	0.01290	0.01000	0.01487	0.01461	0.01607	0.01196	0.01145	0.01594	0.01397	0.02030	0.02257	0.03325	0.02111	0.06206	0.61671	0.01334	0.06713	0.00923	0.00462	0.00791
10	0.01908	0.01908	0.02672	0.02290	0.02290	0.02672	0.01908	0.02099	0.01336	0.02099	0.01145	0.01908	0.01145	0.01527	0.02863	0.00382	0.67748	0.00763	0.00382	0.00954
11	0.01809	0.01550	0.01809	0.01292	0.02067	0.01163	0.01034	0.02196	0.01809	0.02842	0.01550	0.01809	0.01292	0.00646	0.00646	0.00129	0.00646	0.00517	0.00517	0.74677
12	0.02332	0.69869	0.04571	0.01493	0.02239	0.03451	0.01493	0.02612	0.01772	0.02052	0.01213	0.01399	0.01119	0.00746	0.00560	0.00187	0.00933	0.00466	0.00373	0.01119
13	0.01980	0.01551	0.01768	0.01679	0.02081	0.01719	0.01353	0.03640	0.38892	0.06185	0.07119	0.05316	0.03622	0.01565	0.00986	0.00324	0.00710	0.17445	0.00876	0.01189
14	0.01247	0.00930	0.01377	0.01377	0.01524	0.01077	0.01059	0.01542	0.01395	0.02007	0.02359	0.03553	0.02235	0.10003	0.62502	0.01371	0.02254	0.00953	0.00471	0.00765
15	0.01212	0.00933	0.01135	0.01206	0.01450	0.00857	0.00986	0.01533	0.02066	0.02625	0.15067	0.08704	0.31911	0.02228	0.01101	0.00335	0.00583	0.24464	0.00829	0.00776
16	0.02507	0.02467	0.03232	0.04360	0.45012	0.12586	0.02367	0.11279	0.02373	0.03117	0.01659	0.02054	0.01354	0.00836	0.00852	0.00254	0.01113	0.00743	0.00499	0.01336
17	0.01783	0.08223	0.61404	0.02430	0.03688	0.02107	0.03125	0.02754	0.01838	0.02722	0.01545	0.01817	0.01106	0.00824	0.00813	0.00271	0.01269	0.00634	0.00369	0.01279
18	0.02224	0.02197	0.03477	0.05169	0.60263	0.05865	0.02618	0.02725	0.02015	0.02807	0.01623	0.02124	0.01366	0.00784	0.00859	0.00257	0.01068	0.00764	0.00433	0.01360
19	0.03258	0.04157	0.02472	0.02247	0.02697	0.65843	0.01685	0.03483	0.02472	0.02135	0.01348	0.01573	0.01124	0.00899	0.00787	0.00225	0.01573	0.00562	0.00449	0.01011
20	0.01630	0.03669	0.49996	0.02163	0.03199	0.01746	0.02664	0.02502	0.01988	0.02934	0.15980	0.02930	0.02765	0.01051	0.00875	0.00276	0.01085	0.00862	0.00506	0.01181
21	0.01965	0.02957	0.24698	0.06953	0.22594	0.02091	0.20563	0.02719	0.01947	0.02772	0.01649	0.02119	0.01260	0.00787	0.00903	0.00277	0.01261	0.00809	0.00411	0.01267
22	0.01697	0.01601	0.02706	0.61235	0.11633	0.01951	0.02447	0.02272	0.01768	0.02289	0.01559	0.02309	0.01184	0.00863	0.00871	0.00288	0.01150	0.00775	0.00392	0.01009
23	0.02159	0.02073	0.03541	0.05354	0.63903	0.02073	0.02677	0.02677	0.01986	0.02850	0.01641	0.02159	0.01382	0.00777	0.00864	0.00259	0.01036	0.00777	0.00432	0.01382
24	0.02159	0.02073	0.03541	0.05354	0.63903	0.02073	0.02677	0.02677	0.01986	0.02850	0.01641	0.02159	0.01382	0.00777	0.00864	0.00259	0.01036	0.00777	0.00432	0.01382
25	0.01993	0.02000	0.02664	0.15341	0.20749	0.11207	0.05068	0.02440	0.02023	0.02598	0.08031	0.03739	0.02526	0.01218	0.01066	0.00294	0.05528	0.09919	0.00533	0.01063
26	0.02159	0.02073	0.03541	0.05354	0.63903	0.02073	0.02677	0.02677	0.01986	0.02850	0.01641	0.02159	0.01382	0.00777	0.00864	0.00259	0.01036	0.00777	0.00432	0.01382
27	0.01750	0.04512	0.64825	0.02486	0.03775	0.02026	0.03223	0.02762	0.01842	0.02762	0.01565	0.01842	0.01105	0.00829	0.00829	0.00276	0.01289	0.00645	0.00368	0.01289
28	0.01777	0.07607	0.61972	0.02439	0.03703	0.02093	0.03141	0.02755	0.01838	0.02729	0.01549	0.01821	0.01106	0.00825	0.00816	0.00272	0.01272	0.00636	0.00369	0.01281
29	0.01031	0.00884	0.00884	0.00884	0.01178	0.00736	0.00663	0.01252	0.01988	0.02356	0.08837	0.08395	0.63549	0.02209	0.01031	0.00295	0.00442	0.01841	0.00810	0.00736
30	0.01268	0.00846	0.00951	0.00951	0.00951	0.00846	0.00529	0.01268	0.01268	0.01691	0.02748	0.05708	0.03171	0.69345	0.04440	0.00846	0.00846	0.01268	0.00529	0.00529
31	0.01090	0.00857	0.01073	0.05513	0.01551	0.00801	0.00864	0.01296	0.01790	0.02274	0.06049	0.42453	0.26395	0.02419	0.01067	0.00328	0.00527	0.02134	0.00782	0.00736
32	0.01872	0.02779	0.21706	0.03138	0.07872	0.02023	0.31559	0.02589	0.01918	0.02699	0.01964	0.08624	0.01688	0.00998	0.01059	0.00297	0.04566	0.01029	0.00452	0.01166
33	0.01061	0.00885	0.00925	0.00915	0.01197	0.00749	0.00686	0.01310	0.02059	0.02524	0.16837	0.08119	0.55445	0.02147	0.01031	0.00292	0.00437	0.01802	0.00832	0.00749
34	0.01246	0.00935	0.01402	0.01402	0.01558	0.01090	0.01090	0.01558	0.01402	0.02025	0.02336	0.03427	0.02181	0.06542	0.65888	0.01402	0.02336	0.00935	0.00467	0.00779
35	0.02460	0.02702	0.02553	0.18316	0.12489	0.26562	0.01942	0.03320	0.15726	0.02605	0.01937	0.02221	0.01519	0.00939	0.00841	0.00262	0.01195	0.00741	0.00531	0.01139
36	0.02069	0.02029	0.03496	0.04526	0.45109	0.02134	0.09054	0.02553	0.01870	0.02693	0.01611	0.02199	0.01375	0.01142	0.04079	0.00332	0.11223	0.00811	0.00427	0.01267
37	0.01246	0.00935	0.01402	0.01402	0.01558	0.01090	0.01090	0.01558	0.01402	0.02025	0.02336	0.03427	0.02181	0.06542	0.65888	0.01402	0.02336	0.00935	0.00467	0.00779
38	0.02159	0.02073	0.03541	0.05354	0.63903	0.02073	0.02677	0.02677	0.01986	0.02850	0.01641	0.02159	0.01382	0.00777	0.00864	0.00259	0.01036	0.00777	0.00432	0.01382
39	0.03179	0.03590	0.02458	0.02149	0.02646	0.47426	0.01651	0.17445	0.02821	0.02951	0.01576	0.01786	0.01260	0.01196	0.03815	0.00288	0.01459	0.00634	0.00554	0.01116
40	0.01176	0.00860	0.00925	0.00925	0.01040	0.00803	0.00581	0.01262	0.01549	0.01950	0.05119	0.06754	0.26677	0.43208	0.03113	0.00631	0.00688	0.01491	0.00638	0.00609
41	0.02715	0.18300	0.02888	0.05136	0.02654	0.14963	0.01596	0.19674	0.17201	0.03432	0.02069	0.02123	0.01598	0.00972	0.00787	0.00247	0.01018	0.00716	0.00654	0.01256
42	0.02169	0.02483	0.06888	0.18613	0.23176	0.12189	0.16526	0.02734	0.02017	0.02574	0.01599	0.02134	0.01261	0.00811	0.00892	0.00270	0.01269	0.00796	0.00423	0.01173
43	0.02156	0.17918	0.07317	0.06228	0.07085	0.06268	0.32212	0.02725	0.01955	0.02527	0.01558	0.02032	0.01242	0.00798	0.00966	0.00267	0.04364	0.00816	0.00417	0.01149
44	0.01253	0.00909	0.01272	0.01272	0.01383	0.01020	0.00929	0.01474	0.01363	0.01929	0.02455	0.04084	0.02466	0.24632	0.48188	0.01242	0.01907	0.01031	0.00485	0.00707
45	0.02180	0.40693	0.11133	0.02318	0.03166	0.02890	0.21211	0.02688	0.01874	0.02372	0.01432	0.01761	0.01185	0.00751	0.00743	0.00232	0.01148	0.00671	0.00395	0.01156

[dist]
# distance from previous block
# <min> <max>
0	1

[block]
# block no. 5 follows, 20 sequences, length 37
# corresponding to MSA columns:
# 138-174
name=unknown_F
#
# <colnr> <probs for GDERKNQSTAVLIFYWHMCP>
#	G	D	E	R	K	N	Q	S	T	A	V	L	I	F	Y	W	H	M	C	P
0	0.01310	0.00983	0.01256	0.01398	0.01578	0.00978	0.01095	0.01803	0.07953	0.02538	0.04995	0.32422	0.10757	0.02395	0.01120	0.00362	0.00639	0.24786	0.00815	0.00817
1	0.17329	0.01407	0.01782	0.01631	0.01819	0.01781	0.01321	0.01946	0.01398	0.02452	0.01716	0.02512	0.01585	0.03714	0.31773	0.00834	0.22893	0.00781	0.00455	0.00870
2	0.01986	0.08645	0.03091	0.04024	0.44233	0.01949	0.02098	0.02369	0.01811	0.02522	0.01834	0.02841	0.01738	0.15428	0.01597	0.00377	0.00985	0.00851	0.00447	0.01173
3	0.02938	0.02218	0.02389	0.01892	0.02526	0.02435	0.01537	0.45969	0.12987	0.04897	0.02444	0.05907	0.01893	0.01141	0.00877	0.00266	0.00877	0.00896	0.00854	0.05057
4	0.08025	0.34261	0.19514	0.01864	0.02688	0.12478	0.01936	0.05678	0.01991	0.02564	0.01369	0.01576	0.01121	0.00811	0.00678	0.00226	0.01105	0.00543	0.00421	0.01151
5	0.01414	0.07568	0.01424	0.01150	0.01447	0.08194	0.00871	0.01618	0.01932	0.02249	0.06316	0.17170	0.38034	0.05354	0.01144	0.00314	0.00643	0.01654	0.00716	0.00787
6	0.01713	0.01402	0.01311	0.01223	0.01512	0.07788	0.00883	0.02205	0.10519	0.07139	0.05228	0.05799	0.27171	0.20102	0.01900	0.00435	0.00728	0.01355	0.00728	0.00858
7	0.02332	0.69869	0.04571	0.01493	0.02239	0.03451	0.01493	0.02612	0.01772	0.02052	0.01213	0.01399	0.01119	0.00746	0.00560	0.00187	0.00933	0.00466	0.00373	0.01119
8	0.01750	0.04512	0.64825	0.02486	0.03775	0.02026	0.03223	0.02762	0.01842	0.02762	0.01565	0.01842	0.01105	0.00829	0.00829	0.00276	0.01289	0.00645	0.00368	0.01289
9	0.03354	0.02267	0.02495	0.01925	0.02610	0.02458	0.01586	0.49462	0.06627	0.14609	0.02374	0.02286	0.01645	0.01059	0.00874	0.00265	0.00913	0.00809	0.00906	0.01479
10	0.01104	0.00883	0.00967	0.00948	0.01197	0.00768	0.00698	0.01363	0.02073	0.02629	0.23662	0.07684	0.43915	0.06747	0.01267	0.00327	0.00461	0.01728	0.00832	0.00746
11	0.01267	0.00898	0.01316	0.01336	0.01472	0.01015	0.01015	0.01514	0.01427	0.02063	0.02534	0.09638	0.02477	0.05645	0.51765	0.06901	0.01948	0.01064	0.03963	0.00743
12	0.01750	0.04512	0.64825	0.02486	0.03775	0.02026	0.03223	0.02762	0.01842	0.02762	0.01565	0.01842	0.01105	0.00829	0.00829	0.00276	0.01289	0.00645	0.00368	0.01289
13	0.02951	0.17480	0.02824	0.01937	0.02498	0.31677	0.01564	0.09131	0.11599	0.07494	0.01889	0.01951	0.01472	0.00938	0.00769	0.00234	0.01178	0.00652	0.00590	0.01173
14	0.01814	0.11747	0.58155	0.02376	0.03605	0.02184	0.03031	0.02746	0.01834	0.02684	0.01526	0.01793	0.01107	0.00820	0.00799	0.00266	0.01250	0.00625	0.00369	0.01270
15	0.01946	0.17979	0.38092	0.02550	0.03629	0.02372	0.16206	0.02738	0.01877	0.02618	0.01536	0.01866	0.01159	0.00789	0.00818	0.00261	0.01255	0.00696	0.00386	0.01227
16	0.01887	0.17640	0.49658	0.02423	0.06364	0.02317	0.02846	0.02728	0.01835	0.02623	0.01498	0.01767	0.01121	0.00810	0.00776	0.00257	0.01205	0.00615	0.00372	0.01259
17	0.01871	0.01779	0.03021	0.40158	0.31348	0.01997	0.02534	0.02425	0.01850	0.02501	0.01590	0.02253	0.01259	0.00831	0.00868	0.00277	0.01107	0.00776	0.00407	0.01150
18	0.06976	0.20893	0.15637	0.01959	0.02738	0.13478	0.01894	0.20559	0.02598	0.03368	0.01576	0.01731	0.01218	0.00884	0.00747	0.00239	0.01107	0.00616	0.00547	0.01236
19	0.01782	0.08146	0.61475	0.02431	0.03690	0.02105	0.03127	0.02754	0.01838	0.02723	0.01546	0.01817	0.01106	0.00824	0.00814	0.00271	0.01269	0.00635	0.00369	0.01280
20	0.01647	0.01550	0.02616	0.67248	0.06008	0.01938	0.02422	0.02229	0.01744	0.02229	0.01550	0.02326	0.01163	0.00872	0.00872	0.00291	0.01163	0.00775	0.00388	0.00969
21	0.01054	0.00792	0.00979	0.01128	0.01243	0.00716	0.00771	0.01224	0.01753	0.02260	0.05856	0.53069	0.20799	0.02597	0.01092	0.00339	0.00489	0.02314	0.00810	0.00716
22	0.01762	0.04311	0.60024	0.02471	0.03661	0.02076	0.03121	0.02711	0.01803	0.02711	0.01533	0.01847	0.01108	0.00883	0.00986	0.00284	0.06423	0.00654	0.00369	0.01263
23	0.01808	0.01715	0.02907	0.47780	0.24218	0.01980	0.02503	0.02370	0.01820	0.02424	0.01579	0.02273	0.01232	0.00842	0.00869	0.00281	0.01123	0.00776	0.00401	0.01099
24	0.01246	0.00935	0.01402	0.01402	0.01558	0.01090	0.01090	0.01558	0.01402	0.02025	0.02336	0.03427	0.02181	0.06542	0.65888	0.01402	0.02336	0.00935	0.00467	0.00779
25	0.01981	0.01891	0.03220	0.26840	0.43806	0.02026	0.02589	0.02521	0.01902	0.02634	0.01609	0.02217	0.01306	0.00810	0.00867	0.00270	0.01080	0.00777	0.00416	0.01238
26	0.01647	0.01550	0.02616	0.67248	0.06008	0.01938	0.02422	0.02229	0.01744	0.02229	0.01550	0.02326	0.01163	0.00872	0.00872	0.00291	0.01163	0.00775	0.00388	0.00969
27	0.01246	0.00935	0.01402	0.01402	0.01558	0.01090	0.01090	0.01558	0.01402	0.02025	0.02336	0.03427	0.02181	0.06542	0.65888	0.01402	0.02336	0.00935	0.00467	0.00779
28	0.03270	0.02350	0.02540	0.01965	0.02648	0.02588	0.01618	0.53906	0.08050	0.08676	0.02271	0.02224	0.01603	0.01058	0.00874	0.00265	0.00929	0.00804	0.00885	0.01476
29	0.01750	0.04512	0.64825	0.02486	0.03775	0.02026	0.03223	0.02762	0.01842	0.02762	0.01565	0.01842	0.01105	0.00829	0.00829	0.00276	0.01289	0.00645	0.00368	0.01289
30	0.75506	0.01687	0.01282	0.01147	0.01687	0.01957	0.00945	0.02564	0.01484	0.03914	0.01215	0.01417	0.00945	0.00810	0.00540	0.00270	0.00675	0.00472	0.00540	0.00945
31	0.02115	0.02010	0.03415	0.05134	0.60250	0.02010	0.02602	0.02626	0.01987	0.02836	0.01816	0.02611	0.01596	0.00873	0.00884	0.00267	0.01023	0.04146	0.00454	0.01348
32	0.01647	0.01550	0.02616	0.67248	0.06008	0.01938	0.02422	0.02229	0.01744	0.02229	0.01550	0.02326	0.01163	0.00872	0.00872	0.00291	0.01163	0.00775	0.00388	0.00969
33	0.02913	0.03558	0.02476	0.02530	0.10425	0.50225	0.01728	0.03278	0.05121	0.02311	0.02006	0.02198	0.05557	0.00987	0.00818	0.00237	0.01385	0.00698	0.00492	0.01057
34	0.02332	0.69869	0.04571	0.01493	0.02239	0.03451	0.01493	0.02612	0.01772	0.02052	0.01213	0.01399	0.01119	0.00746	0.00560	0.00187	0.00933	0.00466	0.00373	0.01119
35	0.01447	0.01021	0.01180	0.01137	0.01449	0.00934	0.00892	0.01894	0.06315	0.08082	0.18253	0.07381	0.35658	0.01982	0.01029	0.00302	0.00525	0.08779	0.00868	0.00871
36	0.02977	0.07477	0.02494	0.02050	0.05141	0.26936	0.01553	0.14943	0.05239	0.10871	0.02044	0.05163	0.01640	0.01016	0.00812	0.00239	0.01115	0.00756	0.00650	0.06883

[dist]
# distance from previous block
# <min> <max>
0	2

[block]
# block no. 6 follows, 20 sequences, length 34
# corresponding to MSA columns:
# 177-210
name=unknown_G
#
# <colnr> <probs for GDERKNQSTAVLIFYWHMCP>
#	G	D	E	R	K	N	Q	S	T	A	V	L	I	F	Y	W	H	M	C	P
0	0.01990	0.01923	0.02296	0.02004	0.02279	0.06312	0.04338	0.03055	0.24216	0.02736	0.02796	0.07301	0.05815	0.01443	0.01677	0.00328	0.26734	0.01027	0.00632	0.01097
1	0.02159	0.02073	0.03541	0.05354	0.63903	0.02073	0.02677	0.02677	0.01986	0.02850	0.01641	0.02159	0.01382	0.00777	0.00864	0.00259	0.01036	0.00777	0.00432	0.01382
2	0.02344	0.02659	0.02343	0.02101	0.02318	0.28733	0.01657	0.02572	0.01823	0.02100	0.01460	0.02062	0.01336	0.02233	0.14162	0.00513	0.27501	0.00712	0.00426	0.00944
3	0.01280	0.00966	0.01153	0.01107	0.01347	0.00897	0.00826	0.05077	0.02324	0.03124	0.36295	0.15027	0.23365	0.01986	0.01031	0.00290	0.00466	0.01724	0.00892	0.00823
4	0.01750	0.04512	0.64825	0.02486	0.03775	0.02026	0.03223	0.02762	0.01842	0.02762	0.01565	0.01842	0.01105	0.00829	0.00829	0.00276	0.01289	0.00645	0.00368	0.01289
5	0.01334	0.00938	0.01155	0.01180	0.01430	0.00852	0.00933	0.01646	0.02108	0.06095	0.20095	0.13136	0.27498	0.02141	0.01073	0.00320	0.00547	0.15847	0.00859	0.00812
6	0.01246	0.00935	0.01402	0.01402	0.01558	0.01090	0.01090	0.01558	0.01402	0.02025	0.02336	0.03427	0.02181	0.06542	0.65888	0.01402	0.02336	0.00935	0.00467	0.00779
7	0.01031	0.00884	0.00884	0.00884	0.01178	0.00736	0.00663	0.01252	0.01988	0.02356	0.08837	0.08395	0.63549	0.02209	0.01031	0.00295	0.00442	0.01841	0.00810	0.00736
8	0.01099	0.00787	0.01045	0.01190	0.01273	0.00733	0.00813	0.01307	0.01840	0.02498	0.17301	0.55510	0.06294	0.02530	0.01095	0.00337	0.00486	0.02288	0.00842	0.00733
9	0.01414	0.00952	0.01108	0.01067	0.01365	0.00830	0.00821	0.01695	0.02125	0.09388	0.18834	0.10836	0.38492	0.02041	0.01030	0.00298	0.00496	0.05498	0.00870	0.00839
10	0.15501	0.01952	0.02009	0.01678	0.02235	0.02166	0.01368	0.29735	0.14987	0.04357	0.03022	0.03329	0.07502	0.01235	0.00855	0.00283	0.00797	0.04933	0.00806	0.01252
11	0.01031	0.00884	0.00884	0.00884	0.01178	0.00736	0.00663	0.01252	0.01988	0.02356	0.08837	0.08395	0.63549	0.02209	0.01031	0.00295	0.00442	0.01841	0.00810	0.00736
12	0.01063	0.00759	0.01012	0.01215	0.01265	0.00709	0.00810	0.01215	0.01670	0.02227	0.04808	0.68775	0.05769	0.02733	0.01113	0.00354	0.00506	0.02480	0.00810	0.00709
13	0.01248	0.00907	0.01144	0.01225	0.01365	0.00868	0.00861	0.05338	0.02015	0.02713	0.16769	0.48125	0.09334	0.02396	0.01075	0.00328	0.00514	0.02145	0.00845	0.00786
14	0.01912	0.01649	0.01726	0.01573	0.02021	0.01845	0.01218	0.03869	0.48656	0.03356	0.04748	0.04419	0.16458	0.01416	0.00920	0.00296	0.00634	0.01180	0.00870	0.01235
15	0.01268	0.00846	0.00951	0.00951	0.00951	0.00846	0.00529	0.01268	0.01268	0.01691	0.02748	0.05708	0.03171	0.69345	0.04440	0.00846	0.00846	0.01268	0.00529	0.00529
16	0.40788	0.01301	0.01167	0.01076	0.01446	0.01426	0.00840	0.02160	0.01780	0.03565	0.18245	0.03318	0.03222	0.05709	0.00943	0.00301	0.00580	0.00868	0.10399	0.00867
17	0.20774	0.01364	0.01410	0.01341	0.01705	0.01471	0.01021	0.02717	0.18042	0.07328	0.07668	0.21250	0.07362	0.01611	0.00878	0.00302	0.00604	0.01350	0.00789	0.01012
18	0.01224	0.00891	0.01151	0.01086	0.01296	0.00818	0.00814	0.01625	0.02443	0.03436	0.60483	0.06618	0.11229	0.01806	0.01029	0.00275	0.00413	0.01592	0.00952	0.00818
19	0.01203	0.00818	0.00971	0.01035	0.01051	0.00802	0.00618	0.01251	0.01396	0.01862	0.03405	0.25812	0.03999	0.48111	0.03379	0.00689	0.00737	0.01655	0.00618	0.00586
20	0.01579	0.01133	0.01344	0.01337	0.01517	0.01158	0.00941	0.13961	0.02117	0.02829	0.03866	0.43435	0.04397	0.14133	0.01649	0.00421	0.00663	0.01905	0.00773	0.00842
21	0.01071	0.00876	0.00946	0.00947	0.01208	0.00751	0.00703	0.01323	0.02056	0.02561	0.18765	0.12332	0.49098	0.02167	0.01036	0.00295	0.00441	0.01837	0.00838	0.00751
22	0.01626	0.00813	0.00813	0.00813	0.01016	0.00813	0.00610	0.02033	0.01829	0.03252	0.02846	0.03252	0.02236	0.01016	0.00610	0.00203	0.00407	0.00813	0.74187	0.00813
23	0.02095	0.01089	0.01400	0.01209	0.01589	0.00960	0.00946	0.02445	0.02386	0.23766	0.32752	0.05687	0.16870	0.01629	0.00978	0.00277	0.00528	0.01393	0.00971	0.01028
24	0.01248	0.00928	0.01370	0.01370	0.01515	0.01073	0.01050	0.01537	0.01392	0.02001	0.02366	0.03589	0.02251	0.11003	0.61523	0.01362	0.02231	0.00958	0.00472	0.00761
25	0.01063	0.00759	0.01012	0.01215	0.01265	0.00709	0.00810	0.01215	0.01670	0.02227	0.04808	0.68775	0.05769	0.02733	0.01113	0.00354	0.00506	0.02480	0.00810	0.00709
26	0.01809	0.01550	0.01809	0.01292	0.02067	0.01163	0.01034	0.02196	0.01809	0.02842	0.01550	0.01809	0.01292	0.00646	0.00646	0.00129	0.00646	0.00517	0.00517	0.74677
27	0.01244	0.00843	0.00951	0.00963	0.00981	0.00832	0.00552	0.01265	0.01329	0.01756	0.03180	0.09506	0.06414	0.62040	0.04072	0.00789	0.00805	0.01368	0.00559	0.00550
28	0.02735	0.21425	0.06648	0.02600	0.13311	0.34489	0.01891	0.03069	0.02165	0.02272	0.01375	0.01643	0.01166	0.00833	0.00741	0.00223	0.01292	0.00578	0.00421	0.01120
29	0.17211	0.01108	0.01159	0.01068	0.01417	0.01072	0.00829	0.01917	0.02084	0.08342	0.24912	0.05823	0.26607	0.01674	0.00913	0.00280	0.00507	0.01380	0.00825	0.00873
30	0.03154	0.12302	0.02797	0.02070	0.02639	0.37235	0.01651	0.21905	0.02904	0.03208	0.01571	0.01718	0.01239	0.00926	0.00784	0.00232	0.01291	0.00621	0.00576	0.01178
31	0.02238	0.01892	0.01892	0.01594	0.02126	0.06133	0.01256	0.15542	0.23972	0.03610	0.03444	0.03362	0.10336	0.01178	0.00840	0.00251	0.00747	0.00945	0.05716	0.12928
32	0.06808	0.05682	0.01625	0.01378	0.01678	0.01496	0.01062	0.02449	0.17912	0.02699	0.06934	0.10246	0.07090	0.08947	0.19432	0.00650	0.01129	0.01167	0.00671	0.00945
33	0.01877	0.16197	0.03158	0.41105	0.12642	0.02323	0.02227	0.02362	0.01757	0.02265	0.01466	0.02081	0.01181	0.00872	0.00925	0.00270	0.05137	0.00709	0.00390	0.01055

[dist]
# distance from previous block
# <min> <max>
0	1

[block]
# block no. 7 follows, 20 sequences, length 10
# corresponding to MSA columns:
# 212-221
name=unknown_H
#
# <colnr> <probs for GDERKNQSTAVLIFYWHMCP>
#	G	D	E	R	K	N	Q	S	T	A	V	L	I	F	Y	W	H	M	C	P
0	0.01852	0.15959	0.54272	0.02312	0.03506	0.02275	0.02920	0.02736	0.01829	0.02638	0.01504	0.01764	0.01107	0.00814	0.00782	0.00261	0.01227	0.00613	0.00369	0.01259
1	0.01788	0.03880	0.49746	0.02439	0.03415	0.02182	0.02904	0.02602	0.01719	0.02602	0.01463	0.01858	0.01115	0.00998	0.01322	0.00302	0.17412	0.00673	0.00372	0.01208
2	0.01098	0.00819	0.00956	0.01047	0.01167	0.00748	0.00699	0.01239	0.01685	0.02150	0.05677	0.34817	0.24238	0.17404	0.01827	0.00444	0.00561	0.01999	0.00747	0.00678
3	0.01457	0.01031	0.01421	0.06112	0.01779	0.01210	0.01111	0.01807	0.01556	0.02436	0.02331	0.03151	0.02028	0.03911	0.34603	0.00846	0.07671	0.00869	0.23851	0.00820
4	0.02101	0.43970	0.28448	0.01886	0.02848	0.02887	0.02178	0.02672	0.01800	0.02334	0.01352	0.01575	0.01114	0.00779	0.00666	0.00222	0.01074	0.00537	0.00371	0.01187
5	0.10977	0.14569	0.02556	0.01800	0.02349	0.23368	0.01457	0.11906	0.13348	0.03110	0.02199	0.02253	0.04586	0.01002	0.00762	0.00245	0.01050	0.00710	0.00607	0.01146
6	0.02700	0.01535	0.01816	0.01514	0.02040	0.01533	0.01209	0.08901	0.19002	0.27385	0.10069	0.04097	0.11644	0.01337	0.00917	0.00280	0.00672	0.01106	0.00957	0.01283
7	0.01934	0.25172	0.45778	0.02172	0.03290	0.02476	0.02676	0.02715	0.01820	0.02538	0.01454	0.01702	0.01110	0.00803	0.00744	0.00248	0.01177	0.00588	0.00370	0.01235
8	0.07457	0.07181	0.17489	0.01946	0.02675	0.11738	0.01864	0.17685	0.11768	0.03560	0.02018	0.02129	0.01515	0.00956	0.00790	0.00257	0.01028	0.00709	0.05996	0.01242
9	0.28682	0.02136	0.01912	0.17489	0.02960	0.17288	0.01505	0.02551	0.01774	0.02784	0.01501	0.01984	0.01231	0.01727	0.10722	0.00438	0.01266	0.00639	0.00470	0.00941

[dist]
# distance from previous block
# <min> <max>
0	1

[block]
# block no. 8 follows, 20 sequences, length 22
# corresponding to MSA columns:
# 223-244
name=unknown_I
#
# <colnr> <probs for GDERKNQSTAVLIFYWHMCP>
#	G	D	E	R	K	N	Q	S	T	A	V	L	I	F	Y	W	H	M	C	P
0	0.02546	0.19428	0.03435	0.03173	0.26011	0.06198	0.02009	0.13639	0.02332	0.05915	0.01648	0.01940	0.01339	0.00895	0.00928	0.00249	0.05810	0.00691	0.00527	0.01287
1	0.02485	0.18613	0.02341	0.01362	0.01875	0.01657	0.01159	0.02836	0.02302	0.25253	0.25893	0.03931	0.04224	0.01265	0.00855	0.00250	0.00664	0.01042	0.00855	0.01138
2	0.02303	0.03231	0.16071	0.03082	0.03934	0.18321	0.34567	0.02963	0.02121	0.02621	0.01620	0.02056	0.01230	0.00795	0.00929	0.00273	0.01461	0.00836	0.00429	0.01156
3	0.01200	0.00907	0.01119	0.01112	0.01344	0.00825	0.00866	0.01553	0.02253	0.03017	0.37912	0.07596	0.24323	0.02008	0.01057	0.00300	0.00482	0.10440	0.00891	0.00794
4	0.01210	0.00881	0.01139	0.01094	0.01293	0.00810	0.00813	0.01591	0.02382	0.03338	0.55950	0.11336	0.11136	0.01879	0.01035	0.00282	0.00420	0.01661	0.00940	0.00810
5	0.02611	0.02054	0.02232	0.01752	0.02419	0.02146	0.01416	0.30548	0.18249	0.04299	0.02314	0.02310	0.01730	0.00972	0.00814	0.00234	0.00805	0.00763	0.00779	0.21553
6	0.01626	0.00813	0.00813	0.00813	0.01016	0.00813	0.00610	0.02033	0.01829	0.03252	0.02846	0.03252	0.02236	0.01016	0.00610	0.00203	0.00407	0.00813	0.74187	0.00813
7	0.01268	0.00846	0.00951	0.00951	0.00951	0.00846	0.00529	0.01268	0.01268	0.01691	0.02748	0.05708	0.03171	0.69345	0.04440	0.00846	0.00846	0.01268	0.00529	0.00529
8	0.01246	0.00935	0.01402	0.01402	0.01558	0.01090	0.01090	0.01558	0.01402	0.02025	0.02336	0.03427	0.02181	0.06542	0.65888	0.01402	0.02336	0.00935	0.00467	0.00779
9	0.03258	0.04157	0.02472	0.02247	0.02697	0.65843	0.01685	0.03483	0.02472	0.02135	0.01348	0.01573	0.01124	0.00899	0.00787	0.00225	0.01573	0.00562	0.00449	0.01011
10	0.01809	0.01550	0.01809	0.01292	0.02067	0.01163	0.01034	0.02196	0.01809	0.02842	0.01550	0.01809	0.01292	0.00646	0.00646	0.00129	0.00646	0.00517	0.00517	0.74677
11	0.01527	0.00970	0.01180	0.01081	0.01384	0.00854	0.00827	0.01859	0.02297	0.11448	0.35184	0.06718	0.27687	0.01843	0.01009	0.00281	0.00468	0.01578	0.00922	0.00882
12	0.01406	0.01004	0.01406	0.01606	0.01807	0.01004	0.01406	0.01807	0.02008	0.02610	0.04618	0.09839	0.05020	0.02410	0.01205	0.00402	0.00803	0.58032	0.00803	0.00803
13	0.02029	0.01940	0.03306	0.21062	0.49210	0.02038	0.02612	0.02563	0.01925	0.02692	0.01618	0.02201	0.01326	0.00801	0.00866	0.00267	0.01068	0.00777	0.00421	0.01277
14	0.01647	0.01550	0.02616	0.67248	0.06008	0.01938	0.02422	0.02229	0.01744	0.02229	0.01550	0.02326	0.01163	0.00872	0.00872	0.00291	0.01163	0.00775	0.00388	0.00969
15	0.01246	0.00935	0.01402	0.01402	0.01558	0.01090	0.01090	0.01558	0.01402	0.02025	0.02336	0.03427	0.02181	0.06542	0.65888	0.01402	0.02336	0.00935	0.00467	0.00779
16	0.01750	0.04512	0.64825	0.02486	0.03775	0.02026	0.03223	0.02762	0.01842	0.02762	0.01565	0.01842	0.01105	0.00829	0.00829	0.00276	0.01289	0.00645	0.00368	0.01289
17	0.01246	0.00935	0.01402	0.01402	0.01558	0.01090	0.01090	0.01558	0.01402	0.02025	0.02336	0.03427	0.02181	0.06542	0.65888	0.01402	0.02336	0.00935	0.00467	0.00779
18	0.01091	0.00771	0.01004	0.01178	0.01222	0.00727	0.00771	0.01222	0.01615	0.02153	0.04525	0.60125	0.05413	0.11870	0.01570	0.00422	0.00553	0.02314	0.00771	0.00684
19	0.02767	0.02126	0.02321	0.01769	0.02476	0.02189	0.01445	0.38733	0.07578	0.04542	0.02031	0.02089	0.01509	0.00933	0.00804	0.00223	0.00843	0.00717	0.00763	0.24143
20	0.18440	0.11521	0.06255	0.02147	0.05946	0.02368	0.10300	0.20347	0.02506	0.06538	0.01718	0.01907	0.01290	0.00866	0.00768	0.00253	0.00967	0.00694	0.00611	0.04556
21	0.25874	0.07071	0.12375	0.01877	0.02526	0.27084	0.01688	0.07160	0.02133	0.03038	0.01387	0.01595	0.01089	0.00861	0.00708	0.00248	0.01161	0.00558	0.00491	0.01076

[dist]
# distance from previous block
# <min> <max>
0	2

[block]
# block no. 9 follows, 20 sequences, length 37
# corresponding to MSA columns:
# 247-283
name=unknown_J
#
# <colnr> <probs for GDERKNQSTAVLIFYWHMCP>
#	G	D	E	R	K	N	Q	S	T	A	V	L	I	F	Y	W	H	M	C	P
0	0.01257	0.00892	0.01185	0.01185	0.01266	0.00973	0.00820	0.01418	0.01338	0.01864	0.02535	0.04525	0.02657	0.36765	0.36316	0.01134	0.01619	0.01095	0.00497	0.00658
1	0.01495	0.01050	0.01165	0.01104	0.01427	0.00957	0.00836	0.04496	0.05265	0.08734	0.10051	0.15407	0.40692	0.02039	0.01012	0.00298	0.00515	0.01726	0.00851	0.00879
2	0.01809	0.01550	0.01809	0.01292	0.02067	0.01163	0.01034	0.02196	0.01809	0.02842	0.01550	0.01809	0.01292	0.00646	0.00646	0.00129	0.00646	0.00517	0.00517	0.74677
3	0.01809	0.01550	0.01809	0.01292	0.02067	0.01163	0.01034	0.02196	0.01809	0.02842	0.01550	0.01809	0.01292	0.00646	0.00646	0.00129	0.00646	0.00517	0.00517	0.74677
4	0.02390	0.02512	0.02515	0.02302	0.05279	0.18732	0.01767	0.05933	0.14263	0.02629	0.01759	0.02119	0.01478	0.01237	0.01735	0.00312	0.30649	0.00759	0.00529	0.01102
5	0.01809	0.01550	0.01809	0.01292	0.02067	0.01163	0.01034	0.02196	0.01809	0.02842	0.01550	0.01809	0.01292	0.00646	0.00646	0.00129	0.00646	0.00517	0.00517	0.74677
6	0.01793	0.02045	0.09132	0.13182	0.03298	0.02177	0.10790	0.02333	0.04336	0.02352	0.01619	0.02305	0.01380	0.01895	0.10526	0.00477	0.28089	0.00826	0.00425	0.01019
7	0.02059	0.02353	0.05147	0.03676	0.04559	0.02206	0.60735	0.02794	0.02059	0.02794	0.01765	0.02353	0.01324	0.00735	0.01029	0.00294	0.01471	0.01029	0.00441	0.01176
8	0.01063	0.00759	0.01012	0.01215	0.01265	0.00709	0.00810	0.01215	0.01670	0.02227	0.04808	0.68775	0.05769	0.02733	0.01113	0.00354	0.00506	0.02480	0.00810	0.00709
9	0.01284	0.00991	0.01475	0.01453	0.01600	0.01181	0.01137	0.01589	0.01398	0.02029	0.02268	0.03340	0.02121	0.06254	0.62265	0.01343	0.06096	0.00925	0.00462	0.00789
10	0.01785	0.01783	0.01845	0.01732	0.01924	0.15069	0.01356	0.02058	0.01617	0.02061	0.01924	0.02775	0.01780	0.04492	0.41360	0.00979	0.13327	0.00826	0.00449	0.00858
11	0.01268	0.00846	0.00951	0.00951	0.00951	0.00846	0.00529	0.01268	0.01268	0.01691	0.02748	0.05708	0.03171	0.69345	0.04440	0.00846	0.00846	0.01268	0.00529	0.00529
12	0.01246	0.00935	0.01402	0.01402	0.01558	0.01090	0.01090	0.01558	0.01402	0.02025	0.02336	0.03427	0.02181	0.06542	0.65888	0.01402	0.02336	0.00935	0.00467	0.00779
13	0.02159	0.02073	0.03541	0.05354	0.63903	0.02073	0.02677	0.02677	0.01986	0.02850	0.01641	0.02159	0.01382	0.00777	0.00864	0.00259	0.01036	0.00777	0.00432	0.01382
14	0.03057	0.03845	0.02732	0.05933	0.03053	0.56346	0.07299	0.03350	0.02393	0.02202	0.01399	0.01688	0.01145	0.00882	0.00814	0.00235	0.01541	0.00618	0.00445	0.01025
15	0.03061	0.03806	0.02481	0.02431	0.07057	0.57109	0.01739	0.03318	0.02407	0.02217	0.01578	0.02142	0.01391	0.00986	0.00819	0.00238	0.01485	0.04239	0.00471	0.01025
16	0.01268	0.00846	0.00951	0.00951	0.00951	0.00846	0.00529	0.01268	0.01268	0.01691	0.02748	0.05708	0.03171	0.69345	0.04440	0.00846	0.00846	0.01268	0.00529	0.00529
17	0.01809	0.01550	0.01809	0.01292	0.02067	0.01163	0.01034	0.02196	0.01809	0.02842	0.01550	0.01809	0.01292	0.00646	0.00646	0.00129	0.00646	0.00517	0.00517	0.74677
18	0.02411	0.20834	0.28487	0.02136	0.03022	0.19401	0.02263	0.07118	0.02155	0.02613	0.01456	0.01676	0.01141	0.00842	0.00752	0.00239	0.01251	0.00588	0.00427	0.01186
19	0.01063	0.00759	0.01012	0.01215	0.01265	0.00709	0.00810	0.01215	0.01670	0.02227	0.04808	0.68775	0.05769	0.02733	0.01113	0.00354	0.00506	0.02480	0.00810	0.00709
20	0.01973	0.12048	0.05368	0.01420	0.01937	0.01744	0.01184	0.12895	0.02047	0.02821	0.02003	0.03061	0.01904	0.21762	0.05231	0.00453	0.00930	0.00814	0.00554	0.19851
21	0.01118	0.00864	0.01020	0.01030	0.01244	0.00766	0.00754	0.01403	0.02123	0.02791	0.30022	0.18657	0.30801	0.02134	0.01045	0.00297	0.00441	0.01852	0.00870	0.00766
22	0.02213	0.56509	0.16888	0.01696	0.02553	0.03160	0.01846	0.02643	0.01787	0.02197	0.01285	0.01490	0.01116	0.00763	0.00615	0.00205	0.01006	0.00503	0.00372	0.01154
23	0.01998	0.24162	0.35837	0.02672	0.13593	0.02472	0.02598	0.02702	0.01845	0.02559	0.01470	0.01760	0.01157	0.00795	0.00752	0.00246	0.01136	0.00613	0.00381	0.01253
24	0.02399	0.65127	0.04419	0.01547	0.02272	0.07954	0.01506	0.02675	0.01823	0.02058	0.01222	0.01412	0.01120	0.00757	0.00576	0.00189	0.00979	0.00473	0.00379	0.01112
25	0.01039	0.00853	0.00916	0.00966	0.01200	0.00729	0.00699	0.01243	0.01909	0.02324	0.07831	0.23464	0.49129	0.02340	0.01052	0.00309	0.00458	0.02000	0.00810	0.00729
26	0.01063	0.00759	0.01012	0.01215	0.01265	0.00709	0.00810	0.01215	0.01670	0.02227	0.04808	0.68775	0.05769	0.02733	0.01113	0.00354	0.00506	0.02480	0.00810	0.00709
27	0.02384	0.02499	0.03322	0.04719	0.51392	0.15108	0.02474	0.02842	0.02085	0.02704	0.01581	0.02039	0.01329	0.00802	0.00848	0.00252	0.01146	0.00733	0.00435	0.01306
