[name]
unknown

[dist]
# distance from previous block
# <min> <max>
13	60

[block]
# block no. 0 follows, 19 sequences, length 169
# corresponding to MSA columns:
# 60-228
name=unknown_A
#
# <colnr> <probs for GDERKNQSTAVLIFYWHMCP>
#	G	D	E	R	K	N	Q	S	T	A	V	L	I	F	Y	W	H	M	C	P
0	0.01996	0.08493	0.02591	0.02349	0.10406	0.02280	0.01695	0.02824	0.15589	0.02705	0.02104	0.02551	0.01779	0.01867	0.09106	0.00443	0.23200	0.00832	0.06063	0.01125
1	0.03074	0.03306	0.02542	0.02371	0.06803	0.37276	0.01730	0.18707	0.02847	0.03170	0.01714	0.01991	0.01380	0.01534	0.07266	0.00364	0.01482	0.00692	0.00580	0.01172
2	0.01303	0.01057	0.01212	0.05188	0.01678	0.01005	0.00913	0.01777	0.06509	0.02708	0.13284	0.06578	0.36807	0.02200	0.05399	0.00364	0.00657	0.01524	0.05675	0.04163
3	0.01743	0.01662	0.01891	0.01803	0.01907	0.09109	0.01409	0.01951	0.01681	0.02217	0.02812	0.19410	0.03111	0.08523	0.05516	0.00470	0.24458	0.08890	0.00583	0.00853
4	0.01342	0.01158	0.01267	0.01297	0.01466	0.05241	0.00949	0.01514	0.01786	0.02242	0.05301	0.27391	0.23503	0.02893	0.08910	0.05111	0.05388	0.01772	0.00706	0.00762
5	0.01277	0.00998	0.01135	0.01178	0.01416	0.00942	0.00911	0.01661	0.05666	0.02456	0.06485	0.08215	0.33121	0.13466	0.01688	0.00428	0.00640	0.16754	0.00785	0.00780
6	0.15574	0.12665	0.08044	0.05362	0.03228	0.10887	0.18234	0.02780	0.01923	0.02797	0.01484	0.01878	0.01189	0.00852	0.00930	0.00265	0.05342	0.00708	0.00454	0.05403
7	0.02189	0.02100	0.03586	0.08405	0.60260	0.02119	0.02733	0.02724	0.02025	0.02892	0.01678	0.02222	0.01406	0.00802	0.00886	0.00267	0.01069	0.00797	0.00441	0.01397
8	0.02359	0.02342	0.03400	0.09178	0.49565	0.09055	0.02566	0.05539	0.02178	0.02928	0.01666	0.02157	0.01378	0.00831	0.00878	0.00264	0.01129	0.00773	0.00463	0.01351
9	0.01614	0.01289	0.01688	0.01490	0.01792	0.01375	0.01159	0.05454	0.01683	0.02458	0.02125	0.03173	0.01998	0.11778	0.33034	0.00897	0.08298	0.00875	0.00515	0.17303
10	0.01472	0.00922	0.01049	0.01013	0.01108	0.00885	0.00620	0.01530	0.01501	0.06512	0.03757	0.06032	0.11584	0.54064	0.03782	0.00743	0.00801	0.01354	0.00626	0.00646
11	0.03401	0.02506	0.02685	0.02058	0.02774	0.02774	0.01700	0.59995	0.04206	0.05638	0.02148	0.02148	0.01521	0.01074	0.00895	0.00268	0.00984	0.00805	0.00895	0.01521
12	0.01958	0.19544	0.45626	0.02404	0.03564	0.02434	0.07159	0.02800	0.01889	0.02665	0.01536	0.01822	0.01154	0.00823	0.00801	0.00263	0.01251	0.00648	0.00385	0.01273
13	0.02109	0.02367	0.05019	0.03803	0.08457	0.02281	0.52498	0.02816	0.02063	0.02828	0.01764	0.02373	0.01351	0.00805	0.01155	0.00305	0.05329	0.01022	0.00448	0.01207
14	0.01964	0.01571	0.01803	0.01783	0.07941	0.01594	0.01250	0.19347	0.06221	0.03604	0.09966	0.05567	0.30462	0.01665	0.00982	0.00287	0.00687	0.01381	0.00828	0.01098
15	0.01069	0.00907	0.00922	0.00918	0.01215	0.00760	0.00689	0.01306	0.02066	0.02480	0.11941	0.08506	0.59697	0.02242	0.01057	0.00301	0.00451	0.01874	0.00839	0.00760
16	0.01057	0.00906	0.00906	0.00906	0.01208	0.00755	0.00680	0.01284	0.02039	0.02417	0.09063	0.08610	0.62615	0.02266	0.01057	0.00302	0.00453	0.01888	0.00831	0.00755
17	0.02744	0.45100	0.03891	0.01817	0.02470	0.26276	0.01604	0.03010	0.02083	0.02136	0.01295	0.01501	0.01150	0.00823	0.00660	0.00206	0.01200	0.00515	0.00412	0.01107
18	0.03024	0.02338	0.02575	0.02051	0.02645	0.02674	0.01681	0.43449	0.13919	0.04893	0.02295	0.02335	0.01693	0.01157	0.01139	0.00289	0.08727	0.00839	0.00838	0.01439
19	0.01059	0.00901	0.00912	0.00922	0.01212	0.00754	0.00687	0.01282	0.02024	0.02411	0.08876	0.11303	0.60043	0.02290	0.01061	0.00305	0.00456	0.01918	0.00831	0.00754
20	0.01813	0.01808	0.03335	0.48903	0.08472	0.02058	0.15891	0.02443	0.01876	0.02451	0.01646	0.02384	0.01242	0.00857	0.00932	0.00297	0.01260	0.00856	0.00413	0.01063
21	0.02478	0.02626	0.03375	0.04746	0.48890	0.16829	0.02508	0.02939	0.02154	0.02751	0.01613	0.02074	0.01355	0.00826	0.00867	0.00257	0.01192	0.00745	0.00447	0.01328
22	0.03689	0.01451	0.01972	0.01537	0.02172	0.01259	0.01259	0.04044	0.02557	0.56507	0.10498	0.03475	0.02950	0.01193	0.00918	0.00277	0.00721	0.00985	0.01093	0.01442
23	0.02185	0.02209	0.04106	0.04996	0.46183	0.02165	0.19161	0.02780	0.02059	0.02906	0.01719	0.02272	0.01400	0.00785	0.00935	0.00276	0.01191	0.00872	0.00446	0.01356
24	0.03294	0.04054	0.02595	0.02436	0.05540	0.58145	0.01774	0.07097	0.02618	0.02441	0.01445	0.01675	0.01188	0.00926	0.00816	0.00235	0.01548	0.00601	0.00488	0.01085
25	0.02115	0.18636	0.24131	0.03577	0.28926	0.02440	0.02649	0.02759	0.01936	0.02701	0.01554	0.01923	0.01259	0.00807	0.00801	0.00254	0.01125	0.00677	0.00407	0.01322
26	0.01090	0.00779	0.01038	0.01246	0.01298	0.00727	0.00830	0.01246	0.01713	0.02284	0.04931	0.67975	0.05917	0.02803	0.01142	0.00363	0.00519	0.02543	0.00830	0.00727
27	0.02392	0.69097	0.04688	0.01531	0.02296	0.03540	0.01531	0.02679	0.01818	0.02105	0.01244	0.01435	0.01148	0.00765	0.00574	0.00191	0.00957	0.00478	0.00383	0.01148
28	0.01690	0.01590	0.02683	0.66408	0.06162	0.01988	0.02485	0.02286	0.01789	0.02286	0.01590	0.02385	0.01193	0.00894	0.00894	0.00298	0.01193	0.00795	0.00398	0.00994
29	0.46272	0.01714	0.01664	0.01376	0.01987	0.01829	0.01135	0.07164	0.02054	0.24034	0.02071	0.02033	0.01423	0.00940	0.00693	0.00276	0.00735	0.00645	0.00762	0.01192
30	0.03401	0.02506	0.02685	0.02058	0.02774	0.02774	0.01700	0.59995	0.04206	0.05638	0.02148	0.02148	0.01521	0.01074	0.00895	0.00268	0.00984	0.00805	0.00895	0.01521
31	0.01090	0.00779	0.01038	0.01246	0.01298	0.00727	0.00830	0.01246	0.01713	0.02284	0.04931	0.67975	0.05917	0.02803	0.01142	0.00363	0.00519	0.02543	0.00830	0.00727
32	0.01278	0.00959	0.01438	0.01438	0.01598	0.01118	0.01118	0.01598	0.01438	0.02077	0.02396	0.03515	0.02237	0.06710	0.65013	0.01438	0.02396	0.00959	0.00479	0.00799
33	0.01866	0.01359	0.01591	0.01519	0.01794	0.01415	0.01123	0.20980	0.02550	0.03411	0.03996	0.45863	0.04441	0.02222	0.01059	0.00331	0.00675	0.01960	0.00852	0.00994
34	0.01090	0.00779	0.01038	0.01246	0.01298	0.00727	0.00830	0.01246	0.01713	0.02284	0.04931	0.67975	0.05917	0.02803	0.01142	0.00363	0.00519	0.02543	0.00830	0.00727
35	0.02112	0.02413	0.05279	0.03771	0.04676	0.02262	0.59729	0.02866	0.02112	0.02866	0.01810	0.02413	0.01357	0.00754	0.01056	0.00302	0.01508	0.01056	0.00452	0.01207
36	0.01893	0.04042	0.49816	0.03238	0.17701	0.02089	0.03174	0.02813	0.01924	0.02854	0.01624	0.01965	0.01200	0.00838	0.00858	0.00279	0.01262	0.00693	0.00393	0.01344
37	0.02898	0.02359	0.06629	0.01955	0.02600	0.02379	0.01664	0.46095	0.03624	0.04876	0.02582	0.13287	0.02240	0.01352	0.00934	0.00286	0.00929	0.01090	0.00848	0.01373
38	0.01129	0.00907	0.00993	0.00973	0.01234	0.00786	0.00721	0.01401	0.02146	0.02722	0.24164	0.07923	0.44170	0.05306	0.01224	0.00323	0.00464	0.01782	0.00861	0.00771
39	0.03248	0.03799	0.02510	0.02225	0.02727	0.50365	0.01696	0.11729	0.08147	0.02823	0.01698	0.01847	0.01349	0.00970	0.00829	0.00243	0.01441	0.00649	0.00564	0.01141
40	0.03214	0.03572	0.02473	0.02149	0.02670	0.43949	0.01655	0.18818	0.02960	0.03145	0.02077	0.02201	0.05134	0.01048	0.00847	0.00245	0.01369	0.00722	0.00603	0.01151
41	0.03148	0.08412	0.02611	0.02198	0.02660	0.56807	0.01677	0.03388	0.02418	0.02177	0.01438	0.01721	0.01221	0.01277	0.04845	0.00304	0.01619	0.00594	0.00457	0.01030
42	0.05102	0.01041	0.01233	0.01180	0.01368	0.01186	0.00922	0.01997	0.01690	0.02914	0.02502	0.03127	0.02084	0.02509	0.16965	0.00540	0.08782	0.00842	0.43167	0.00849
43	0.02510	0.02743	0.03527	0.04419	0.39666	0.19282	0.09201	0.02985	0.02182	0.02716	0.01616	0.02074	0.01338	0.00826	0.00884	0.00260	0.01266	0.00767	0.00449	0.01289
44	0.01567	0.01106	0.01256	0.01169	0.01361	0.01180	0.00863	0.06056	0.01866	0.02690	0.04065	0.04994	0.16477	0.18912	0.06043	0.00498	0.07368	0.01200	0.20524	0.00806
45	0.01098	0.00798	0.01019	0.01191	0.01270	0.00738	0.00797	0.01253	0.01729	0.02270	0.05305	0.57615	0.12473	0.06281	0.01316	0.00383	0.00530	0.02399	0.00815	0.00720
46	0.03223	0.03600	0.02700	0.02624	0.09882	0.42990	0.01842	0.16676	0.02867	0.03083	0.01597	0.01809	0.01270	0.00943	0.00837	0.00244	0.01401	0.00656	0.00560	0.01195
47	0.01900	0.03920	0.45640	0.03058	0.08532	0.02125	0.16465	0.02834	0.01952	0.02848	0.01659	0.02036	0.01207	0.00824	0.00901	0.00286	0.01346	0.00764	0.00400	0.01302
48	0.01794	0.04628	0.63923	0.02550	0.03872	0.02078	0.03305	0.02833	0.01889	0.02833	0.01606	0.01889	0.01133	0.00850	0.00850	0.00283	0.01322	0.00661	0.00378	0.01322
49	0.02175	0.02085	0.03560	0.10100	0.58679	0.02115	0.02726	0.02711	0.02018	0.02875	0.01676	0.02227	0.01400	0.00804	0.00886	0.00268	0.01073	0.00797	0.00439	0.01385
50	0.02214	0.02126	0.03631	0.05491	0.62978	0.02126	0.02746	0.02746	0.02037	0.02923	0.01683	0.02214	0.01417	0.00797	0.00886	0.00266	0.01063	0.00797	0.00443	0.01417
51	0.02637	0.01404	0.01757	0.01483	0.01964	0.01364	0.01174	0.03521	0.16309	0.28671	0.24117	0.04382	0.04506	0.01384	0.00956	0.00285	0.00631	0.01176	0.01019	0.01261
52	0.02154	0.02086	0.03423	0.04756	0.48792	0.02269	0.02561	0.02607	0.01881	0.02743	0.01564	0.02154	0.01360	0.00977	0.01365	0.00295	0.16472	0.00794	0.00431	0.01315
53	0.01365	0.00950	0.01096	0.01076	0.01157	0.00956	0.00678	0.04080	0.01585	0.02113	0.06207	0.09451	0.07999	0.49037	0.07918	0.00778	0.00905	0.01387	0.00614	0.00647
54	0.01975	0.02341	0.08615	0.20772	0.05026	0.02175	0.40224	0.02705	0.02008	0.02705	0.01736	0.02369	0.01297	0.00799	0.00998	0.00299	0.01409	0.00957	0.00432	0.01157
55	0.02478	0.02626	0.03375	0.04746	0.48890	0.16829	0.02508	0.02939	0.02154	0.02751	0.01613	0.02074	0.01355	0.00826	0.00867	0.00257	0.01192	0.00745	0.00447	0.01328
56	0.02551	0.01204	0.01576	0.01317	0.01772	0.01057	0.01046	0.02909	0.02475	0.32138	0.26648	0.05217	0.13201	0.01546	0.00981	0.00282	0.00589	0.01313	0.01021	0.01156
57	0.01094	0.00883	0.00934	0.00964	0.01191	0.00766	0.00683	0.01281	0.01896	0.02309	0.07661	0.16703	0.46802	0.10985	0.01525	0.00385	0.00517	0.01905	0.00793	0.00723
58	0.02561	0.36985	0.04160	0.02185	0.02864	0.18885	0.12497	0.02917	0.02034	0.02271	0.01382	0.01688	0.01190	0.00841	0.00834	0.00231	0.04311	0.00626	0.00416	0.01123
59	0.01825	0.07910	0.60908	0.02498	0.03792	0.02152	0.03215	0.02825	0.01885	0.02796	0.01587	0.01866	0.01134	0.00846	0.00836	0.00279	0.01304	0.00652	0.00378	0.01313
60	0.01090	0.00779	0.01038	0.01246	0.01298	0.00727	0.00830	0.01246	0.01713	0.02284	0.04931	0.67975	0.05917	0.02803	0.01142	0.00363	0.00519	0.02543	0.00830	0.00727
61	0.03342	0.04264	0.02535	0.02305	0.02766	0.64967	0.01729	0.03572	0.02535	0.02190	0.01383	0.01613	0.01152	0.00922	0.00807	0.00230	0.01613	0.00576	0.00461	0.01037
62	0.02533	0.10788	0.02097	0.01459	0.01933	0.08934	0.01185	0.02880	0.02421	0.22339	0.25558	0.04299	0.07173	0.01367	0.00911	0.00263	0.00745	0.01123	0.00873	0.01121
63	0.01090	0.00779	0.01038	0.01246	0.01298	0.00727	0.00830	0.01246	0.01713	0.02284	0.04931	0.67975	0.05917	0.02803	0.01142	0.00363	0.00519	0.02543	0.00830	0.00727
64	0.01090	0.00779	0.01038	0.01246	0.01298	0.00727	0.00830	0.01246	0.01713	0.02284	0.04931	0.67975	0.05917	0.02803	0.01142	0.00363	0.00519	0.02543	0.00830	0.00727
65	0.02503	0.02125	0.01968	0.01750	0.02246	0.12406	0.01357	0.04044	0.35619	0.11513	0.03964	0.03706	0.10307	0.01289	0.00911	0.00287	0.00833	0.01039	0.00852	0.01280
66	0.01835	0.18025	0.06561	0.01567	0.01982	0.01905	0.01403	0.02210	0.01923	0.06440	0.18384	0.03547	0.03462	0.02568	0.16101	0.00543	0.08954	0.00976	0.00616	0.00999
67	0.02214	0.02126	0.03631	0.05491	0.62978	0.02126	0.02746	0.02746	0.02037	0.02923	0.01683	0.02214	0.01417	0.00797	0.00886	0.00266	0.01063	0.00797	0.00443	0.01417
68	0.03171	0.02352	0.02520	0.01968	0.02620	0.02605	0.01601	0.51871	0.08336	0.05233	0.02306	0.02487	0.01729	0.05619	0.01142	0.00311	0.00956	0.00854	0.00872	0.01448
69	0.02692	0.03221	0.02267	0.06934	0.02726	0.43964	0.01631	0.02973	0.02200	0.02168	0.01656	0.02155	0.01431	0.02392	0.17142	0.00543	0.01781	0.00690	0.00461	0.00973
70	0.01090	0.00779	0.01038	0.01246	0.01298	0.00727	0.00830	0.01246	0.01713	0.02284	0.04931	0.67975	0.05917	0.02803	0.01142	0.00363	0.00519	0.02543	0.00830	0.00727
71	0.02118	0.01627	0.01925	0.05903	0.05194	0.01773	0.01438	0.03650	0.33852	0.09300	0.04277	0.04712	0.10960	0.01455	0.00966	0.00311	0.00740	0.07706	0.00855	0.01240
72	0.01821	0.04470	0.60116	0.02736	0.07604	0.02081	0.03270	0.02828	0.01898	0.02839	0.01610	0.01909	0.01151	0.00847	0.00852	0.00282	0.01306	0.00670	0.00382	0.01328
73	0.01794	0.04628	0.63923	0.02550	0.03872	0.02078	0.03305	0.02833	0.01889	0.02833	0.01606	0.01889	0.01133	0.00850	0.00850	0.00283	0.01322	0.00661	0.00378	0.01322
74	0.02091	0.02000	0.03410	0.19744	0.49684	0.02093	0.02685	0.02638	0.01979	0.02774	0.01661	0.02254	0.01365	0.00820	0.00888	0.00273	0.01093	0.00797	0.00432	0.01318
75	0.01463	0.01397	0.02081	0.01701	0.02172	0.01308	0.14596	0.02127	0.10133	0.02702	0.06628	0.06442	0.40128	0.01769	0.01037	0.00302	0.00735	0.01574	0.00753	0.00951
76	0.02180	0.02222	0.04185	0.04913	0.43394	0.02172	0.21886	0.02786	0.02062	0.02904	0.01726	0.02281	0.01397	0.00783	0.00943	0.00278	0.01212	0.00884	0.00446	0.01346
77	0.01057	0.00906	0.00906	0.00906	0.01208	0.00755	0.00680	0.01284	0.02039	0.02417	0.09063	0.08610	0.62615	0.02266	0.01057	0.00302	0.00453	0.01888	0.00831	0.00755
78	0.01090	0.00779	0.01038	0.01246	0.01298	0.00727	0.00830	0.01246	0.01713	0.02284	0.04931	0.67975	0.05917	0.02803	0.01142	0.00363	0.00519	0.02543	0.00830	0.00727
79	0.02563	0.02544	0.02183	0.01955	0.02458	0.18206	0.01508	0.06959	0.43809	0.03434	0.02999	0.02845	0.02275	0.01133	0.00883	0.00283	0.00951	0.00891	0.00795	0.01324
80	0.01875	0.04065	0.49009	0.02860	0.04076	0.02125	0.17655	0.02842	0.01945	0.02842	0.01658	0.02022	0.01190	0.00826	0.00902	0.00288	0.01370	0.00761	0.00397	0.01293
81	0.02488	0.02615	0.03172	0.07037	0.35748	0.17390	0.02345	0.05588	0.02171	0.02755	0.01568	0.02044	0.01319	0.00936	0.01110	0.00274	0.08980	0.00742	0.00461	0.01259
82	0.02966	0.03329	0.02596	0.17260	0.03562	0.39298	0.01901	0.13191	0.02654	0.02818	0.01566	0.01888	0.01227	0.00942	0.00843	0.00253	0.01404	0.00668	0.00522	0.01112
83	0.03341	0.02476	0.02651	0.02046	0.02752	0.02746	0.01686	0.57183	0.07116	0.05542	0.02224	0.02209	0.01583	0.01081	0.00896	0.00270	0.00970	0.00816	0.00896	0.01516
84	0.02366	0.09485	0.17612	0.03771	0.30980	0.15222	0.02552	0.02931	0.02085	0.02673	0.01561	0.01940	0.01271	0.00832	0.00832	0.00256	0.01227	0.00690	0.00426	0.01291
85	0.42362	0.01781	0.02126	0.17353	0.15740	0.02028	0.01700	0.02574	0.01694	0.03379	0.01419	0.01833	0.01116	0.00838	0.00704	0.00279	0.00888	0.00623	0.00494	0.01070
86	0.01278	0.00959	0.01438	0.01438	0.01598	0.01118	0.01118	0.01598	0.01438	0.02077	0.02396	0.03515	0.02237	0.06710	0.65013	0.01438	0.02396	0.00959	0.00479	0.00799
87	0.02192	0.02072	0.03358	0.07774	0.51709	0.02134	0.02544	0.03011	0.10488	0.03010	0.01958	0.02382	0.01594	0.00861	0.00890	0.00273	0.01018	0.00828	0.00507	0.01397
88	0.03282	0.08358	0.02671	0.02256	0.02736	0.61088	0.01716	0.03516	0.02490	0.02184	0.01374	0.01602	0.01152	0.00912	0.00792	0.00228	0.01572	0.00570	0.00456	0.01044
89	0.02162	0.02072	0.03536	0.11592	0.57288	0.02112	0.02720	0.02700	0.02012	0.02859	0.01674	0.02231	0.01395	0.00807	0.00887	0.00269	0.01076	0.00797	0.00438	0.01375
90	0.01794	0.04628	0.63923	0.02550	0.03872	0.02078	0.03305	0.02833	0.01889	0.02833	0.01606	0.01889	0.01133	0.00850	0.00850	0.00283	0.01322	0.00661	0.00378	0.01322
91	0.01129	0.00913	0.00996	0.01040	0.01293	0.00799	0.00791	0.01364	0.01976	0.02405	0.07793	0.12753	0.47013	0.06235	0.01294	0.00355	0.00535	0.09754	0.00813	0.00751
92	0.01104	0.00848	0.00970	0.01055	0.01213	0.00759	0.00723	0.01271	0.01804	0.02269	0.06512	0.32667	0.31197	0.11513	0.01568	0.00404	0.00537	0.02078	0.00791	0.00714
93	0.74878	0.01730	0.01315	0.01177	0.01730	0.02007	0.00969	0.02630	0.01523	0.04014	0.01246	0.01453	0.00969	0.00830	0.00554	0.00277	0.00692	0.00484	0.00554	0.00969
94	0.01090	0.00779	0.01038	0.01246	0.01298	0.00727	0.00830	0.01246	0.01713	0.02284	0.04931	0.67975	0.05917	0.02803	0.01142	0.00363	0.00519	0.02543	0.00830	0.00727
95	0.01301	0.00867	0.00976	0.00976	0.00976	0.00867	0.00542	0.01301	0.01301	0.01735	0.02819	0.05855	0.03253	0.68559	0.04554	0.00867	0.00867	0.01301	0.00542	0.00542
96	0.01180	0.00904	0.01094	0.01157	0.01371	0.00819	0.00883	0.01469	0.02088	0.02702	0.19563	0.20518	0.28559	0.02313	0.01106	0.00329	0.00526	0.11774	0.00864	0.00782
97	0.02469	0.01867	0.02030	0.01789	0.02321	0.02101	0.01402	0.04700	0.53355	0.11892	0.03626	0.03298	0.02661	0.01199	0.00909	0.00300	0.00715	0.00996	0.00937	0.01431
98	0.74878	0.01730	0.01315	0.01177	0.01730	0.02007	0.00969	0.02630	0.01523	0.04014	0.01246	0.01453	0.00969	0.00830	0.00554	0.00277	0.00692	0.00484	0.00554	0.00969
99	0.01301	0.00867	0.00976	0.00976	0.00976	0.00867	0.00542	0.01301	0.01301	0.01735	0.02819	0.05855	0.03253	0.68559	0.04554	0.00867	0.00867	0.01301	0.00542	0.00542
100	0.01301	0.00867	0.00976	0.00976	0.00976	0.00867	0.00542	0.01301	0.01301	0.01735	0.02819	0.05855	0.03253	0.68559	0.04554	0.00867	0.00867	0.01301	0.00542	0.00542
101	0.01272	0.00872	0.00968	0.00968	0.01003	0.00854	0.00558	0.01299	0.01388	0.01815	0.03557	0.06180	0.10267	0.60726	0.04140	0.00801	0.00818	0.01370	0.00576	0.00567
102	0.04014	0.01523	0.02076	0.01592	0.02284	0.01315	0.01315	0.04360	0.02561	0.63597	0.03530	0.03045	0.02215	0.01107	0.00900	0.00277	0.00761	0.00900	0.01107	0.01523
103	0.01106	0.00908	0.00974	0.00958	0.01238	0.00776	0.00718	0.01379	0.02155	0.02691	0.21567	0.08159	0.49939	0.02164	0.01057	0.00297	0.00446	0.01825	0.00867	0.00776
104	0.70403	0.01717	0.01363	0.01203	0.01765	0.01963	0.00991	0.02739	0.01588	0.07776	0.01390	0.01554	0.01048	0.00848	0.00576	0.00277	0.00696	0.00511	0.00589	0.01004
105	0.03401	0.02506	0.02685	0.02058	0.02774	0.02774	0.01700	0.59995	0.04206	0.05638	0.02148	0.02148	0.01521	0.01074	0.00895	0.00268	0.00984	0.00805	0.00895	0.01521
106	0.01242	0.00914	0.01162	0.01100	0.01321	0.00834	0.00825	0.01641	0.02474	0.03449	0.56191	0.06911	0.14842	0.01881	0.01055	0.00284	0.00426	0.01650	0.00967	0.00834
107	0.02364	0.01991	0.02101	0.01849	0.02379	0.02290	0.01450	0.11281	0.54608	0.03966	0.03465	0.03197	0.02588	0.01197	0.00909	0.00299	0.00741	0.00987	0.00909	0.01429
108	0.01925	0.01910	0.02678	0.02305	0.02313	0.02663	0.01917	0.02126	0.01373	0.02149	0.01233	0.02032	0.01225	0.01812	0.05906	0.00442	0.63835	0.00791	0.00396	0.00970
109	0.03039	0.02292	0.02491	0.01887	0.02621	0.02404	0.01551	0.46484	0.03656	0.05001	0.02017	0.02079	0.01476	0.00978	0.00841	0.00237	0.00909	0.00741	0.00810	0.18486
110	0.01369	0.00918	0.01142	0.01141	0.01364	0.00822	0.00834	0.01656	0.02166	0.07443	0.27346	0.25109	0.20997	0.02175	0.01070	0.00311	0.00484	0.01907	0.00909	0.00838
111	0.01277	0.00872	0.01032	0.01031	0.01085	0.00851	0.00635	0.01387	0.01620	0.02210	0.16944	0.10748	0.04668	0.47970	0.03477	0.00692	0.00737	0.01469	0.00668	0.00627
112	0.01278	0.00959	0.01438	0.01438	0.01598	0.01118	0.01118	0.01598	0.01438	0.02077	0.02396	0.03515	0.02237	0.06710	0.65013	0.01438	0.02396	0.00959	0.00479	0.00799
113	0.01090	0.00779	0.01038	0.01246	0.01298	0.00727	0.00830	0.01246	0.01713	0.02284	0.04931	0.67975	0.05917	0.02803	0.01142	0.00363	0.00519	0.02543	0.00830	0.00727
114	0.02283	0.01140	0.01522	0.01298	0.01687	0.01018	0.01018	0.02677	0.02543	0.25799	0.40677	0.05336	0.06137	0.01562	0.00998	0.00280	0.00548	0.01352	0.01030	0.01095
115	0.03401	0.02506	0.02685	0.02058	0.02774	0.02774	0.01700	0.59995	0.04206	0.05638	0.02148	0.02148	0.01521	0.01074	0.00895	0.00268	0.00984	0.00805	0.00895	0.01521
116	0.01756	0.01036	0.01313	0.01196	0.01520	0.00925	0.00932	0.02118	0.02396	0.14779	0.35486	0.06630	0.19498	0.01829	0.01037	0.00293	0.00518	0.04823	0.00963	0.00953
117	0.01278	0.00959	0.01438	0.01438	0.01598	0.01118	0.01118	0.01598	0.01438	0.02077	0.02396	0.03515	0.02237	0.06710	0.65013	0.01438	0.02396	0.00959	0.00479	0.00799
118	0.74878	0.01730	0.01315	0.01177	0.01730	0.02007	0.00969	0.02630	0.01523	0.04014	0.01246	0.01453	0.00969	0.00830	0.00554	0.00277	0.00692	0.00484	0.00554	0.00969
119	0.01103	0.00830	0.01002	0.01119	0.01251	0.00751	0.00766	0.01283	0.01825	0.02353	0.08965	0.42798	0.22945	0.07010	0.01341	0.00375	0.00518	0.02215	0.00819	0.00729
120	0.01278	0.00959	0.01438	0.01438	0.01598	0.01118	0.01118	0.01598	0.01438	0.02077	0.02396	0.03515	0.02237	0.06710	0.65013	0.01438	0.02396	0.00959	0.00479	0.00799
121	0.01120	0.00909	0.00993	0.00972	0.01247	0.00782	0.00729	0.01405	0.02187	0.02769	0.25127	0.08031	0.46331	0.02134	0.01057	0.00296	0.00444	0.01807	0.00877	0.00782
122	0.01090	0.00779	0.01038	0.01246	0.01298	0.00727	0.00830	0.01246	0.01713	0.02284	0.04931	0.67975	0.05917	0.02803	0.01142	0.00363	0.00519	0.02543	0.00830	0.00727
123	0.01980	0.01963	0.02859	0.05822	0.10785	0.02621	0.02090	0.02240	0.01481	0.02264	0.01263	0.02013	0.01208	0.01429	0.02560	0.00370	0.54829	0.00785	0.00399	0.01039
124	0.02208	0.02143	0.03729	0.05389	0.59521	0.02134	0.06124	0.02753	0.02042	0.02919	0.01690	0.02226	0.01414	0.00795	0.00896	0.00268	0.01089	0.00812	0.00443	0.01405
125	0.04014	0.01523	0.02076	0.01592	0.02284	0.01315	0.01315	0.04360	0.02561	0.63597	0.03530	0.03045	0.02215	0.01107	0.00900	0.00277	0.00761	0.00900	0.01107	0.01523
126	0.03401	0.02506	0.02685	0.02058	0.02774	0.02774	0.01700	0.59995	0.04206	0.05638	0.02148	0.02148	0.01521	0.01074	0.00895	0.00268	0.00984	0.00805	0.00895	0.01521
127	0.02215	0.02112	0.03523	0.05245	0.58902	0.02132	0.02656	0.02881	0.06024	0.02978	0.01814	0.02290	0.01505	0.00825	0.00887	0.00268	0.01039	0.00812	0.00474	0.01417
128	0.01794	0.04628	0.63923	0.02550	0.03872	0.02078	0.03305	0.02833	0.01889	0.02833	0.01606	0.01889	0.01133	0.00850	0.00850	0.00283	0.01322	0.00661	0.00378	0.01322
129	0.03342	0.04264	0.02535	0.02305	0.02766	0.64967	0.01729	0.03572	0.02535	0.02190	0.01383	0.01613	0.01152	0.00922	0.00807	0.00230	0.01613	0.00576	0.00461	0.01037
130	0.03017	0.26419	0.03271	0.02040	0.02605	0.43976	0.01661	0.03267	0.02290	0.02161	0.01335	0.01552	0.01151	0.00868	0.00727	0.00217	0.01389	0.00543	0.00434	0.01075
131	0.19506	0.05815	0.02388	0.01866	0.02479	0.15474	0.01510	0.28361	0.07461	0.04243	0.01854	0.01935	0.01393	0.00983	0.00785	0.00261	0.01026	0.00685	0.00704	0.01270
132	0.01816	0.01576	0.02542	0.08315	0.30286	0.01606	0.02120	0.02296	0.02029	0.02761	0.03094	0.05886	0.03134	0.01582	0.01049	0.00336	0.00962	0.26884	0.00616	0.01109
133	0.01077	0.00867	0.00961	0.01022	0.01242	0.00751	0.00734	0.01291	0.01961	0.02430	0.10257	0.26902	0.42551	0.02412	0.01083	0.00320	0.00472	0.02079	0.00838	0.00751
134	0.01278	0.00959	0.01438	0.01438	0.01598	0.01118	0.01118	0.01598	0.01438	0.02077	0.02396	0.03515	0.02237	0.06710	0.65013	0.01438	0.02396	0.00959	0.00479	0.00799
135	0.01272	0.00997	0.01170	0.01169	0.01430	0.00933	0.00903	0.01763	0.06686	0.02952	0.26408	0.10584	0.28752	0.02088	0.01074	0.00313	0.00515	0.09257	0.00889	0.00844
136	0.01794	0.04628	0.63923	0.02550	0.03872	0.02078	0.03305	0.02833	0.01889	0.02833	0.01606	0.01889	0.01133	0.00850	0.00850	0.00283	0.01322	0.00661	0.00378	0.01322
137	0.01893	0.01806	0.03014	0.32145	0.25475	0.01985	0.05995	0.02581	0.05917	0.02654	0.02290	0.02820	0.05621	0.00967	0.00914	0.00288	0.01083	0.00902	0.00481	0.01168
138	0.02063	0.01972	0.03359	0.23025	0.46624	0.02086	0.02671	0.02613	0.01966	0.02739	0.01656	0.02263	0.01352	0.00825	0.00888	0.00275	0.01100	0.00797	0.00430	0.01295
139	0.01090	0.00779	0.01038	0.01246	0.01298	0.00727	0.00830	0.01246	0.01713	0.02284	0.04931	0.67975	0.05917	0.02803	0.01142	0.00363	0.00519	0.02543	0.00830	0.00727
140	0.03350	0.04036	0.02555	0.02273	0.02767	0.56912	0.01725	0.10880	0.02752	0.02636	0.01482	0.01683	0.01200	0.00942	0.00818	0.00235	0.01532	0.00606	0.00517	0.01100
141	0.02220	0.39289	0.27928	0.01985	0.02950	0.07091	0.02245	0.02800	0.01894	0.02398	0.01396	0.01626	0.01143	0.00809	0.00699	0.00230	0.01145	0.00557	0.00386	0.01209
142	0.03342	0.04264	0.02535	0.02305	0.02766	0.64967	0.01729	0.03572	0.02535	0.02190	0.01383	0.01613	0.01152	0.00922	0.00807	0.00230	0.01613	0.00576	0.00461	0.01037
143	0.02214	0.02126	0.03631	0.05491	0.62978	0.02126	0.02746	0.02746	0.02037	0.02923	0.01683	0.02214	0.01417	0.00797	0.00886	0.00266	0.01063	0.00797	0.00443	0.01417
144	0.03083	0.21948	0.03122	0.02094	0.02638	0.48212	0.01675	0.03329	0.02340	0.02166	0.01345	0.01565	0.01151	0.00879	0.00743	0.00220	0.01434	0.00550	0.00440	0.01067
145	0.02235	0.02200	0.03501	0.09929	0.55436	0.05500	0.02671	0.02755	0.02045	0.02835	0.01660	0.02195	0.01386	0.00811	0.00882	0.00266	0.01102	0.00785	0.00440	0.01365
146	0.01087	0.00791	0.01025	0.01212	0.01289	0.00730	0.00815	0.01250	0.01746	0.02297	0.05345	0.62030	0.11595	0.02749	0.01133	0.00357	0.00512	0.02478	0.00831	0.00730
147	0.01086	0.00796	0.01020	0.01200	0.01285	0.00731	0.00810	0.01251	0.01757	0.02302	0.05494	0.59892	0.13637	0.02730	0.01130	0.00355	0.00510	0.02454	0.00831	0.00731
148	0.01430	0.01254	0.01734	0.16265	0.09698	0.01281	0.01395	0.01922	0.04911	0.02725	0.16035	0.05849	0.28787	0.01654	0.00993	0.00293	0.00698	0.01422	0.00720	0.00935
149	0.03342	0.04264	0.02535	0.02305	0.02766	0.64967	0.01729	0.03572	0.02535	0.02190	0.01383	0.01613	0.01152	0.00922	0.00807	0.00230	0.01613	0.00576	0.00461	0.01037
150	0.02151	0.02152	0.03945	0.09698	0.45038	0.02147	0.16059	0.02739	0.02036	0.02861	0.01706	0.02274	0.01386	0.00794	0.00926	0.00277	0.01177	0.00857	0.00442	0.01336
151	0.02292	0.02304	0.03458	0.09266	0.53130	0.08410	0.02626	0.02798	0.02070	0.02807	0.01647	0.02166	0.01376	0.00816	0.00878	0.00264	0.01127	0.00775	0.00442	0.01351
152	0.02761	0.18600	0.03076	0.02258	0.06692	0.27339	0.01729	0.09252	0.05161	0.02660	0.01588	0.01876	0.01337	0.01238	0.03943	0.00303	0.07886	0.00653	0.00504	0.01143
153	0.01082	0.00907	0.00941	0.00932	0.01224	0.00766	0.00699	0.01332	0.02097	0.02555	0.15378	0.08382	0.56214	0.02214	0.01057	0.00300	0.00449	0.01856	0.00849	0.00766
154	0.02056	0.12247	0.15574	0.02890	0.03641	0.02522	0.27340	0.02666	0.01854	0.02584	0.01542	0.02069	0.01243	0.00964	0.01388	0.00303	0.16700	0.00836	0.00414	0.01167
155	0.02776	0.22083	0.02984	0.01909	0.02481	0.26204	0.01562	0.03695	0.19380	0.05444	0.02096	0.02128	0.01658	0.00970	0.00774	0.00243	0.01123	0.00689	0.00599	0.01201
156	0.01071	0.00851	0.00963	0.01052	0.01247	0.00743	0.00745	0.01267	0.01899	0.02360	0.07286	0.34144	0.38228	0.02497	0.01094	0.00328	0.00481	0.02170	0.00831	0.00743
157	0.01090	0.00779	0.01038	0.01246	0.01298	0.00727	0.00830	0.01246	0.01713	0.02284	0.04931	0.67975	0.05917	0.02803	0.01142	0.00363	0.00519	0.02543	0.00830	0.00727
158	0.02764	0.02539	0.02304	0.01980	0.02534	0.14637	0.01555	0.19590	0.34275	0.03956	0.02793	0.02676	0.02093	0.01119	0.00886	0.00280	0.00960	0.00870	0.00818	0.01371
159	0.02537	0.01462	0.02033	0.02197	0.13433	0.01391	0.01427	0.03133	0.08676	0.25614	0.11807	0.11508	0.07975	0.01446	0.00960	0.00290	0.00714	0.01259	0.00890	0.01247
160	0.01117	0.00798	0.01069	0.01276	0.01340	0.00750	0.00877	0.01292	0.01739	0.02314	0.04916	0.63595	0.05859	0.02778	0.01149	0.00367	0.00542	0.06660	0.00830	0.00734
161	0.01794	0.04628	0.63923	0.02550	0.03872	0.02078	0.03305	0.02833	0.01889	0.02833	0.01606	0.01889	0.01133	0.00850	0.00850	0.00283	0.01322	0.00661	0.00378	0.01322
162	0.02760	0.07944	0.03653	0.02765	0.03373	0.34954	0.21938	0.03175	0.02265	0.02417	0.01509	0.01901	0.01225	0.00893	0.01012	0.00263	0.05655	0.00750	0.00448	0.01100
163	0.02351	0.64651	0.08773	0.01601	0.02405	0.03439	0.01653	0.02690	0.01823	0.02155	0.01269	0.01466	0.01147	0.00771	0.00593	0.00198	0.00982	0.00491	0.00382	0.01160
164	0.01135	0.00797	0.01025	0.01189	0.01229	0.00756	0.00769	0.01257	0.01626	0.02168	0.04484	0.54816	0.05353	0.16731	0.01865	0.00470	0.00593	0.02280	0.00769	0.00688
165	0.01278	0.01084	0.01387	0.01309	0.01628	0.00997	0.04932	0.01723	0.05808	0.02649	0.11357	0.11909	0.38339	0.02128	0.01079	0.00321	0.00598	0.09811	0.00820	0.00843
166	0.02239	0.02309	0.07959	0.04674	0.48523	0.02164	0.02582	0.05668	0.09137	0.03140	0.01930	0.02319	0.01556	0.00863	0.00886	0.00272	0.01037	0.00813	0.00514	0.01415
167	0.01911	0.02116	0.04651	0.01728	0.04813	0.16209	0.01301	0.02632	0.13623	0.02655	0.05227	0.09423	0.26900	0.01648	0.00958	0.00287	0.00849	0.01346	0.00720	0.01005
168	0.02214	0.02126	0.03631	0.05491	0.62978	0.02126	0.02746	0.02746	0.02037	0.02923	0.01683	0.02214	0.01417	0.00797	0.00886	0.00266	0.01063	0.00797	0.00443	0.01417

[dist]
# distance from previous block
# <min> <max>
0	0

# created by:
# /home/cegg/simao/soft/augustus-3.2.1/scripts/msa2prfl.pl ./align_prep/11770.fa
