[name]
unknown

[dist]
# distance from previous block
# <min> <max>
0	0

[block]
# block no. 0 follows, 20 sequences, length 6
# corresponding to MSA columns:
# 0-5
name=unknown_A
#
# <colnr> <probs for GDERKNQSTAVLIFYWHMCP>
#	G	D	E	R	K	N	Q	S	T	A	V	L	I	F	Y	W	H	M	C	P
0	0.01406	0.01004	0.01406	0.01606	0.01807	0.01004	0.01406	0.01807	0.02008	0.02610	0.04618	0.09839	0.05020	0.02410	0.01205	0.00402	0.00803	0.58032	0.00803	0.00803
1	0.01219	0.00825	0.00966	0.01015	0.01027	0.00813	0.00596	0.01255	0.01366	0.01821	0.03246	0.20949	0.03799	0.53247	0.03636	0.00727	0.00764	0.01561	0.00596	0.00572
2	0.01138	0.00813	0.01099	0.01301	0.01384	0.00773	0.00941	0.01345	0.01744	0.02311	0.04766	0.55815	0.05604	0.02662	0.01133	0.00365	0.00571	0.14696	0.00808	0.00729
3	0.02061	0.01973	0.03364	0.17153	0.52867	0.02047	0.02629	0.02592	0.01940	0.02731	0.01624	0.02191	0.01340	0.00795	0.00865	0.00265	0.01060	0.00777	0.00423	0.01303
4	0.01573	0.01153	0.01341	0.01282	0.01517	0.01157	0.00932	0.13593	0.02285	0.03043	0.13372	0.29681	0.12864	0.10328	0.01447	0.00375	0.00618	0.01759	0.00811	0.00867
5	0.01530	0.00946	0.01189	0.01156	0.01400	0.00868	0.00853	0.01783	0.01969	0.11497	0.15817	0.20941	0.21080	0.06430	0.08026	0.00450	0.00717	0.01677	0.00824	0.00846

[dist]
# distance from previous block
# <min> <max>
0	1

[block]
# block no. 1 follows, 20 sequences, length 35
# corresponding to MSA columns:
# 8-42
name=unknown_B
#
# <colnr> <probs for GDERKNQSTAVLIFYWHMCP>
#	G	D	E	R	K	N	Q	S	T	A	V	L	I	F	Y	W	H	M	C	P
0	0.01197	0.00853	0.01058	0.01097	0.01175	0.00862	0.00726	0.01322	0.01458	0.01946	0.03742	0.17699	0.10275	0.34621	0.17346	0.00814	0.01072	0.01492	0.00601	0.00644
1	0.01664	0.00933	0.01146	0.01114	0.01238	0.00887	0.00721	0.01756	0.01568	0.12352	0.03345	0.19964	0.03608	0.42353	0.03066	0.00634	0.00749	0.01485	0.00687	0.00731
2	0.01368	0.00986	0.01229	0.01252	0.01419	0.00994	0.00894	0.01891	0.12055	0.02675	0.19032	0.28202	0.07712	0.02258	0.01435	0.12778	0.00553	0.01682	0.00789	0.00797
3	0.01519	0.01142	0.01325	0.01201	0.01503	0.01109	0.00920	0.11469	0.02566	0.03453	0.35075	0.10137	0.21572	0.01831	0.01008	0.00283	0.00517	0.01570	0.00896	0.00904
4	0.01961	0.02070	0.02194	0.02400	0.13909	0.15387	0.01578	0.02219	0.01883	0.02300	0.03539	0.03931	0.18828	0.05445	0.01612	0.00327	0.17864	0.01055	0.00535	0.00963
5	0.01350	0.01239	0.01210	0.01215	0.01446	0.08162	0.00898	0.01597	0.01943	0.02393	0.12922	0.18241	0.28126	0.02836	0.11897	0.00481	0.00896	0.01635	0.00730	0.00780
6	0.01248	0.00852	0.00914	0.00914	0.01023	0.00811	0.00577	0.01362	0.01543	0.02080	0.04470	0.06145	0.20003	0.41673	0.02988	0.00608	0.00676	0.01370	0.10117	0.00624
7	0.01162	0.00836	0.00948	0.00994	0.01080	0.00787	0.00626	0.01252	0.01542	0.01981	0.04757	0.20691	0.19048	0.37239	0.02822	0.00595	0.00666	0.01688	0.00664	0.00622
8	0.01359	0.01136	0.01214	0.01151	0.01478	0.01116	0.00876	0.02185	0.17359	0.02905	0.18065	0.06730	0.37427	0.01867	0.00994	0.00291	0.00499	0.01574	0.00859	0.00916
9	0.01472	0.00962	0.01246	0.01214	0.01378	0.01100	0.00945	0.01815	0.01587	0.02579	0.02463	0.03221	0.02118	0.03651	0.31412	0.00780	0.06991	0.00866	0.33392	0.00809
10	0.02140	0.01885	0.02232	0.05795	0.11331	0.02143	0.01623	0.04225	0.50408	0.03458	0.03169	0.03047	0.02398	0.01108	0.00883	0.00290	0.00765	0.00945	0.00795	0.01359
11	0.02060	0.01971	0.03362	0.17332	0.52699	0.02046	0.02628	0.02590	0.01939	0.02730	0.01623	0.02191	0.01339	0.00796	0.00865	0.00265	0.01061	0.00777	0.00423	0.01302
12	0.01953	0.01128	0.01162	0.01044	0.01343	0.01179	0.00813	0.13443	0.02269	0.03687	0.02700	0.03028	0.02090	0.01022	0.00661	0.00215	0.00514	0.00808	0.59999	0.00943
13	0.02989	0.03708	0.02512	0.02256	0.02615	0.53229	0.01730	0.03207	0.02245	0.02128	0.01308	0.01640	0.01128	0.01024	0.01201	0.00256	0.14786	0.00602	0.00436	0.01000
14	0.03432	0.02258	0.02503	0.01919	0.02612	0.02430	0.01585	0.50014	0.03791	0.16917	0.02355	0.02264	0.01614	0.01053	0.00873	0.00263	0.00918	0.00803	0.00913	0.01484
15	0.01211	0.00901	0.01326	0.01366	0.01501	0.01016	0.01036	0.01491	0.01454	0.02064	0.02815	0.16073	0.02875	0.05805	0.53353	0.01199	0.01982	0.01234	0.00534	0.00765
16	0.01188	0.00877	0.01026	0.01026	0.01153	0.00863	0.00691	0.01325	0.01527	0.01976	0.04610	0.06082	0.22295	0.34441	0.16463	0.00788	0.01035	0.01381	0.00606	0.00649
17	0.01056	0.00786	0.00985	0.01144	0.01247	0.00714	0.00778	0.01223	0.01738	0.02254	0.05668	0.55888	0.18101	0.02621	0.01096	0.00342	0.00492	0.02343	0.00810	0.00714
18	0.01964	0.01874	0.03188	0.28945	0.41836	0.02021	0.02580	0.02506	0.01894	0.02613	0.01606	0.02222	0.01298	0.00813	0.00867	0.00271	0.01084	0.00776	0.00415	0.01224
19	0.02394	0.02613	0.03009	0.17593	0.32406	0.21986	0.02313	0.02833	0.02086	0.02494	0.01530	0.02011	0.01254	0.00836	0.00841	0.00255	0.01231	0.00709	0.00428	0.01178
20	0.02297	0.02360	0.03323	0.08535	0.51127	0.11813	0.02510	0.02774	0.02046	0.02704	0.01591	0.02079	0.01329	0.00801	0.00852	0.00256	0.01126	0.00744	0.00432	0.01301
21	0.01340	0.01035	0.01500	0.01587	0.05150	0.01181	0.01108	0.01591	0.01404	0.02006	0.02320	0.03758	0.02289	0.19337	0.45558	0.01161	0.05443	0.00987	0.00474	0.00770
22	0.01227	0.00840	0.01003	0.01024	0.01072	0.00818	0.00633	0.01333	0.01568	0.02131	0.14839	0.16442	0.04586	0.45098	0.03222	0.00653	0.00705	0.01531	0.00659	0.00616
23	0.07863	0.14641	0.34055	0.02841	0.15035	0.02280	0.06216	0.02707	0.01843	0.02755	0.01505	0.01827	0.01162	0.00798	0.00780	0.00258	0.01142	0.00650	0.00400	0.01244
24	0.03258	0.04157	0.02472	0.02247	0.02697	0.65843	0.01685	0.03483	0.02472	0.02135	0.01348	0.01573	0.01124	0.00899	0.00787	0.00225	0.01573	0.00562	0.00449	0.01011
25	0.01091	0.00810	0.01018	0.01127	0.01256	0.00737	0.00784	0.01308	0.01891	0.02506	0.17295	0.44659	0.17442	0.02442	0.01081	0.00327	0.00475	0.02176	0.00840	0.00737
26	0.01229	0.00829	0.00963	0.01002	0.01012	0.00819	0.00583	0.01258	0.01346	0.01795	0.03147	0.17913	0.03674	0.56454	0.03796	0.00751	0.00780	0.01503	0.00583	0.00563
27	0.01262	0.00855	0.00993	0.00980	0.01019	0.00841	0.00586	0.01342	0.01501	0.02041	0.14494	0.05865	0.04150	0.56270	0.03780	0.00735	0.00762	0.01328	0.00612	0.00586
28	0.01167	0.00862	0.01090	0.01090	0.01276	0.00785	0.00796	0.01493	0.02225	0.03051	0.42528	0.20093	0.16215	0.02051	0.01047	0.00295	0.00436	0.01811	0.00905	0.00785
29	0.03261	0.04068	0.02480	0.02235	0.02697	0.62556	0.01684	0.06477	0.02557	0.02310	0.01387	0.01600	0.01142	0.00907	0.00791	0.00227	0.01541	0.00573	0.00471	0.01036
30	0.02303	0.02096	0.02051	0.05284	0.02375	0.15371	0.01455	0.19461	0.02440	0.03079	0.02013	0.02582	0.01697	0.03425	0.29476	0.00757	0.01707	0.00803	0.00578	0.01045
31	0.02402	0.27076	0.03090	0.01829	0.02278	0.23330	0.01545	0.02640	0.01938	0.02123	0.02105	0.02348	0.08184	0.01117	0.01147	0.00250	0.14427	0.00712	0.00449	0.01008
32	0.01991	0.01774	0.01699	0.04340	0.02068	0.08803	0.01192	0.14860	0.12118	0.03269	0.08616	0.05083	0.27551	0.01566	0.00940	0.00279	0.00750	0.01273	0.00785	0.01045
33	0.02403	0.02461	0.02694	0.06150	0.27234	0.19302	0.01962	0.09280	0.02407	0.02986	0.09603	0.02812	0.04864	0.01032	0.00872	0.00255	0.01076	0.00865	0.00567	0.01176
34	0.13958	0.08449	0.02234	0.14275	0.02850	0.15504	0.01467	0.05940	0.01982	0.02731	0.01718	0.06132	0.01544	0.04433	0.00930	0.00267	0.00995	0.00741	0.00508	0.13342

[dist]
# distance from previous block
# <min> <max>
17	50

[block]
# block no. 2 follows, 20 sequences, length 20
# corresponding to MSA columns:
# 99-118
name=unknown_C
#
# <colnr> <probs for GDERKNQSTAVLIFYWHMCP>
#	G	D	E	R	K	N	Q	S	T	A	V	L	I	F	Y	W	H	M	C	P
0	0.06100	0.02306	0.15920	0.13392	0.03114	0.06533	0.06031	0.07786	0.01868	0.02568	0.01576	0.02191	0.01285	0.01528	0.01624	0.23010	0.01073	0.00727	0.00444	0.00925
1	0.02028	0.01852	0.02598	0.14238	0.29168	0.07788	0.01995	0.02492	0.02141	0.05895	0.17527	0.03288	0.03114	0.01078	0.00901	0.00266	0.00934	0.00966	0.00594	0.01138
2	0.02045	0.02446	0.10414	0.15708	0.23390	0.13230	0.02240	0.02548	0.01905	0.02447	0.01684	0.02270	0.01399	0.01836	0.12266	0.00462	0.01416	0.00750	0.00425	0.01119
3	0.02116	0.02024	0.03373	0.09558	0.49637	0.02080	0.05386	0.02869	0.08767	0.02890	0.01855	0.02305	0.01506	0.00828	0.00875	0.00267	0.01028	0.00813	0.00480	0.01340
4	0.10158	0.01830	0.05505	0.16239	0.24219	0.01942	0.02091	0.02309	0.01706	0.02619	0.01722	0.05178	0.01527	0.01631	0.08323	0.00415	0.10222	0.00828	0.00446	0.01089
5	0.13700	0.02078	0.09183	0.04830	0.17924	0.07139	0.01755	0.02571	0.01993	0.09402	0.08641	0.09860	0.04966	0.01202	0.00854	0.00275	0.00884	0.01012	0.00619	0.01112
6	0.23945	0.13827	0.06964	0.01799	0.07869	0.04838	0.01427	0.02327	0.01774	0.02891	0.07038	0.02871	0.08748	0.01476	0.05465	0.00342	0.04060	0.00804	0.00534	0.01002
7	0.02339	0.07617	0.08684	0.02847	0.17915	0.22818	0.01979	0.02731	0.01976	0.02399	0.01585	0.02046	0.01354	0.01555	0.08330	0.00383	0.08174	0.00690	0.03478	0.01098
8	0.02533	0.07063	0.02772	0.13547	0.13854	0.09455	0.01897	0.23831	0.02693	0.03485	0.01802	0.02179	0.01419	0.01520	0.07790	0.00379	0.01222	0.00750	0.00587	0.01224
9	0.01933	0.01401	0.01558	0.01336	0.01637	0.01435	0.00955	0.19628	0.02231	0.03030	0.02617	0.10217	0.02703	0.34744	0.02625	0.00544	0.00827	0.01156	0.00659	0.08766
10	0.02168	0.02085	0.01957	0.01697	0.02216	0.12720	0.01316	0.03507	0.30614	0.03017	0.02549	0.02628	0.02009	0.01575	0.07760	0.00361	0.01007	0.00792	0.00676	0.19347
11	0.02238	0.01828	0.02569	0.44805	0.09414	0.07944	0.02171	0.02738	0.01964	0.13204	0.01870	0.02354	0.01351	0.00904	0.00864	0.00278	0.01119	0.00773	0.00518	0.01095
12	0.01559	0.00821	0.00821	0.00821	0.01034	0.00804	0.00616	0.01945	0.01847	0.03151	0.03520	0.03831	0.09140	0.01151	0.00657	0.00214	0.00410	0.00929	0.65924	0.00804
13	0.01265	0.00861	0.01028	0.01028	0.01054	0.00887	0.00623	0.01317	0.01291	0.01748	0.02679	0.05323	0.03004	0.58731	0.14825	0.00940	0.01098	0.01212	0.00518	0.00571
14	0.01155	0.00798	0.00985	0.01097	0.01125	0.00770	0.00684	0.01239	0.01491	0.01988	0.03889	0.40643	0.04610	0.32446	0.02597	0.00573	0.00658	0.01939	0.00684	0.00628
15	0.01298	0.01023	0.01494	0.01985	0.13332	0.00987	0.01139	0.01503	0.01686	0.02287	0.03964	0.48803	0.04629	0.09856	0.01440	0.00391	0.00647	0.02014	0.00705	0.00818
16	0.02872	0.02687	0.02420	0.02275	0.09399	0.23668	0.01612	0.14438	0.07108	0.09378	0.01937	0.02048	0.01472	0.00908	0.00803	0.00229	0.01079	0.00685	0.00637	0.14344
17	0.10556	0.02976	0.02390	0.08591	0.09638	0.34032	0.01722	0.09490	0.02369	0.02799	0.01716	0.06540	0.01509	0.01021	0.00810	0.00253	0.01233	0.00759	0.00525	0.01073
18	0.19514	0.02889	0.08670	0.11796	0.13532	0.24524	0.01942	0.02880	0.01992	0.02748	0.01418	0.01771	0.01130	0.00846	0.00759	0.00256	0.01185	0.00617	0.00451	0.01081
19	0.23365	0.02183	0.14784	0.16011	0.03115	0.01962	0.01884	0.02349	0.01699	0.02954	0.08355	0.02360	0.01880	0.01060	0.01124	0.00295	0.12374	0.00748	0.00492	0.01008

[dist]
# distance from previous block
# <min> <max>
1	3

[block]
# block no. 3 follows, 20 sequences, length 6
# corresponding to MSA columns:
# 122-127
name=unknown_D
#
# <colnr> <probs for GDERKNQSTAVLIFYWHMCP>
#	G	D	E	R	K	N	Q	S	T	A	V	L	I	F	Y	W	H	M	C	P
0	0.09994	0.01671	0.09688	0.02190	0.14641	0.01414	0.01492	0.01950	0.01569	0.02424	0.02261	0.08066	0.02279	0.21770	0.14323	0.00657	0.01183	0.01019	0.00498	0.00911
1	0.01932	0.08099	0.01998	0.01520	0.01870	0.04424	0.01203	0.05163	0.01809	0.07234	0.02398	0.16090	0.02383	0.02176	0.08789	0.07652	0.09391	0.01067	0.00587	0.14216
2	0.07491	0.13801	0.10392	0.13389	0.18033	0.02386	0.06730	0.12243	0.02214	0.03114	0.01599	0.01972	0.01251	0.00837	0.00801	0.00258	0.01063	0.00708	0.00489	0.01230
3	0.15281	0.01804	0.02030	0.02131	0.10756	0.07328	0.01471	0.05153	0.07149	0.05604	0.02438	0.02815	0.06292	0.02281	0.14857	0.00522	0.09628	0.00839	0.00571	0.01049
4	0.28386	0.01585	0.02274	0.02119	0.08254	0.01658	0.13554	0.02247	0.01744	0.03089	0.06682	0.11880	0.02441	0.01794	0.08272	0.00416	0.01022	0.01040	0.00570	0.00974
5	0.02459	0.13616	0.02725	0.02274	0.11008	0.13771	0.01625	0.12798	0.08191	0.03063	0.01913	0.02190	0.01552	0.01258	0.04237	0.00306	0.06263	0.00719	0.08870	0.01160

[dist]
# distance from previous block
# <min> <max>
3	68

[block]
# block no. 4 follows, 20 sequences, length 88
# corresponding to MSA columns:
# 204-291
name=unknown_E
#
# <colnr> <probs for GDERKNQSTAVLIFYWHMCP>
#	G	D	E	R	K	N	Q	S	T	A	V	L	I	F	Y	W	H	M	C	P
0	0.01177	0.00962	0.01220	0.04657	0.04967	0.00880	0.00946	0.01411	0.01828	0.02345	0.05952	0.33732	0.28680	0.02213	0.01030	0.00310	0.00549	0.01941	0.00753	0.04447
1	0.01247	0.00835	0.01007	0.01056	0.01131	0.00836	0.00691	0.01390	0.01495	0.02101	0.03542	0.20588	0.06883	0.32228	0.11364	0.00691	0.00889	0.01492	0.09881	0.00654
2	0.02503	0.01690	0.01983	0.01679	0.02132	0.01818	0.01347	0.29959	0.02862	0.10366	0.02781	0.10152	0.02473	0.05521	0.13953	0.00535	0.01145	0.05142	0.00787	0.01171
3	0.06410	0.08509	0.06623	0.01908	0.02624	0.05987	0.01664	0.38943	0.03335	0.12430	0.02077	0.02071	0.01471	0.00992	0.00823	0.00255	0.00971	0.00734	0.00785	0.01389
4	0.02682	0.06174	0.06603	0.02692	0.14265	0.27067	0.01893	0.08968	0.15395	0.02953	0.01958	0.02106	0.01538	0.00940	0.00823	0.00252	0.01175	0.00716	0.00572	0.01229
5	0.01268	0.00846	0.00951	0.00951	0.00951	0.00846	0.00529	0.01268	0.01268	0.01691	0.02748	0.05708	0.03171	0.69345	0.04440	0.00846	0.00846	0.01268	0.00529	0.00529
6	0.02027	0.34646	0.33977	0.02017	0.02993	0.02717	0.02359	0.02661	0.01786	0.02402	0.01382	0.01640	0.01114	0.00824	0.00801	0.00240	0.04281	0.00568	0.00371	0.01195
7	0.02351	0.02093	0.03236	0.11649	0.44117	0.02194	0.02428	0.15226	0.02416	0.03351	0.01728	0.02164	0.01379	0.00846	0.00866	0.00263	0.01034	0.00779	0.00522	0.01357
8	0.01602	0.01002	0.01233	0.01180	0.01493	0.00894	0.00941	0.01925	0.02196	0.12324	0.21487	0.07337	0.28469	0.01961	0.01040	0.00306	0.00549	0.12285	0.00890	0.00888
9	0.01268	0.00846	0.00951	0.00951	0.00951	0.00846	0.00529	0.01268	0.01268	0.01691	0.02748	0.05708	0.03171	0.69345	0.04440	0.00846	0.00846	0.01268	0.00529	0.00529
10	0.02108	0.02020	0.03448	0.11566	0.58093	0.02059	0.02651	0.02632	0.01962	0.02787	0.01632	0.02176	0.01360	0.00787	0.00864	0.00262	0.01049	0.00777	0.00427	0.01340
11	0.01823	0.12743	0.57237	0.02361	0.03582	0.02205	0.03005	0.02743	0.01833	0.02673	0.01521	0.01786	0.01107	0.00818	0.00795	0.00265	0.01244	0.00622	0.00369	0.01268
12	0.03275	0.03653	0.02515	0.02176	0.02699	0.47254	0.01677	0.20415	0.02952	0.03125	0.01568	0.01726	0.01230	0.00943	0.00812	0.00236	0.01393	0.00628	0.00574	0.01150
13	0.01268	0.00846	0.00951	0.00951	0.00951	0.00846	0.00529	0.01268	0.01268	0.01691	0.02748	0.05708	0.03171	0.69345	0.04440	0.00846	0.00846	0.01268	0.00529	0.00529
14	0.02934	0.27339	0.03227	0.01962	0.02535	0.39173	0.01615	0.07312	0.02341	0.02347	0.01354	0.01549	0.01148	0.00855	0.00712	0.00214	0.01302	0.00544	0.00453	0.01084
15	0.01750	0.04512	0.64825	0.02486	0.03775	0.02026	0.03223	0.02762	0.01842	0.02762	0.01565	0.01842	0.01105	0.00829	0.00829	0.00276	0.01289	0.00645	0.00368	0.01289
16	0.02840	0.22747	0.03146	0.08491	0.02897	0.22825	0.01695	0.19700	0.02663	0.03090	0.01544	0.01748	0.01230	0.00894	0.00753	0.00231	0.01166	0.00620	0.00543	0.01175
17	0.02474	0.52619	0.03959	0.01547	0.02249	0.03141	0.01468	0.13690	0.02219	0.02785	0.01485	0.01650	0.01260	0.00821	0.00622	0.00202	0.00904	0.00549	0.05186	0.01169
18	0.01770	0.01675	0.02837	0.52442	0.19857	0.01970	0.02483	0.02336	0.01802	0.02377	0.01572	0.02286	0.01215	0.00849	0.00870	0.00283	0.01133	0.00776	0.00398	0.01068
19	0.01085	0.00775	0.01037	0.01240	0.01300	0.00727	0.00848	0.01252	0.01692	0.02251	0.04796	0.65009	0.05721	0.02712	0.01119	0.00357	0.00525	0.06030	0.00809	0.00715
20	0.02159	0.02073	0.03541	0.05354	0.63903	0.02073	0.02677	0.02677	0.01986	0.02850	0.01641	0.02159	0.01382	0.00777	0.00864	0.00259	0.01036	0.00777	0.00432	0.01382
21	0.02118	0.02317	0.09691	0.05066	0.57869	0.02068	0.02732	0.02686	0.01972	0.02841	0.01633	0.02127	0.01354	0.00782	0.00860	0.00261	0.01062	0.00764	0.00425	0.01372
22	0.03118	0.02345	0.02507	0.01967	0.02630	0.02613	0.01610	0.51284	0.14134	0.05179	0.02345	0.02294	0.01687	0.01071	0.00875	0.00268	0.00913	0.00820	0.00875	0.01466
23	0.01750	0.04512	0.64825	0.02486	0.03775	0.02026	0.03223	0.02762	0.01842	0.02762	0.01565	0.01842	0.01105	0.00829	0.00829	0.00276	0.01289	0.00645	0.00368	0.01289
24	0.01063	0.00759	0.01012	0.01215	0.01265	0.00709	0.00810	0.01215	0.01670	0.02227	0.04808	0.68775	0.05769	0.02733	0.01113	0.00354	0.00506	0.02480	0.00810	0.00709
25	0.01088	0.00886	0.00963	0.00944	0.01213	0.00761	0.00708	0.01363	0.02124	0.02678	0.24214	0.07866	0.47971	0.02089	0.01030	0.00289	0.00433	0.01767	0.00852	0.00761
26	0.03316	0.02443	0.02618	0.02007	0.02705	0.02705	0.01658	0.60995	0.04101	0.05497	0.02094	0.02094	0.01483	0.01047	0.00873	0.00262	0.00960	0.00785	0.00873	0.01483
27	0.01031	0.00884	0.00884	0.00884	0.01178	0.00736	0.00663	0.01252	0.01988	0.02356	0.08837	0.08395	0.63549	0.02209	0.01031	0.00295	0.00442	0.01841	0.00810	0.00736
28	0.01072	0.00766	0.01021	0.01208	0.01267	0.00715	0.00810	0.01238	0.01714	0.02297	0.08036	0.65347	0.05905	0.02681	0.01109	0.00350	0.00501	0.02430	0.00818	0.00715
29	0.03914	0.01484	0.02024	0.01552	0.02227	0.01282	0.01282	0.04251	0.02497	0.64507	0.03441	0.02969	0.02159	0.01080	0.00877	0.00270	0.00742	0.00877	0.01080	0.01484
30	0.01626	0.00813	0.00813	0.00813	0.01016	0.00813	0.00610	0.02033	0.01829	0.03252	0.02846	0.03252	0.02236	0.01016	0.00610	0.00203	0.00407	0.00813	0.74187	0.00813
31	0.01031	0.00884	0.00884	0.00884	0.01178	0.00736	0.00663	0.01252	0.01988	0.02356	0.08837	0.08395	0.63549	0.02209	0.01031	0.00295	0.00442	0.01841	0.00810	0.00736
32	0.01626	0.00813	0.00813	0.00813	0.01016	0.00813	0.00610	0.02033	0.01829	0.03252	0.02846	0.03252	0.02236	0.01016	0.00610	0.00203	0.00407	0.00813	0.74187	0.00813
33	0.02170	0.01874	0.01972	0.01775	0.02268	0.02170	0.01381	0.04635	0.62327	0.03649	0.03550	0.03254	0.02663	0.01183	0.00888	0.00296	0.00690	0.00986	0.00888	0.01381
34	0.03258	0.04157	0.02472	0.02247	0.02697	0.65843	0.01685	0.03483	0.02472	0.02135	0.01348	0.01573	0.01124	0.00899	0.00787	0.00225	0.01573	0.00562	0.00449	0.01011
35	0.01031	0.00884	0.00884	0.00884	0.01178	0.00736	0.00663	0.01252	0.01988	0.02356	0.08837	0.08395	0.63549	0.02209	0.01031	0.00295	0.00442	0.01841	0.00810	0.00736
36	0.01235	0.00892	0.01166	0.01097	0.01303	0.00823	0.00823	0.01646	0.02469	0.03498	0.63443	0.06516	0.08230	0.01783	0.01029	0.00274	0.00412	0.01578	0.00960	0.00823
37	0.01031	0.00884	0.00884	0.00884	0.01178	0.00736	0.00663	0.01252	0.01988	0.02356	0.08837	0.08395	0.63549	0.02209	0.01031	0.00295	0.00442	0.01841	0.00810	0.00736
38	0.01816	0.04046	0.51932	0.02743	0.03945	0.02065	0.15648	0.02769	0.01889	0.02769	0.01608	0.01952	0.01152	0.00809	0.00872	0.00280	0.01328	0.00728	0.00384	0.01265
39	0.01256	0.00893	0.01193	0.01193	0.01277	0.00977	0.00830	0.01424	0.01340	0.01870	0.02527	0.04484	0.02640	0.35652	0.37406	0.01144	0.01645	0.01089	0.00496	0.00663
40	0.01063	0.00759	0.01012	0.01215	0.01265	0.00709	0.00810	0.01215	0.01670	0.02227	0.04808	0.68775	0.05769	0.02733	0.01113	0.00354	0.00506	0.02480	0.00810	0.00709
41	0.02159	0.02073	0.03541	0.05354	0.63903	0.02073	0.02677	0.02677	0.01986	0.02850	0.01641	0.02159	0.01382	0.00777	0.00864	0.00259	0.01036	0.00777	0.00432	0.01382
42	0.01058	0.00867	0.00937	0.00986	0.01229	0.00746	0.00732	0.01275	0.01929	0.02346	0.07840	0.19931	0.49363	0.02320	0.01056	0.00312	0.00474	0.05056	0.00810	0.00735
43	0.02126	0.02039	0.03482	0.09310	0.60203	0.02064	0.02661	0.02648	0.01971	0.02810	0.01635	0.02170	0.01368	0.00783	0.00864	0.00261	0.01044	0.00777	0.00429	0.01355
44	0.01750	0.04512	0.64825	0.02486	0.03775	0.02026	0.03223	0.02762	0.01842	0.02762	0.01565	0.01842	0.01105	0.00829	0.00829	0.00276	0.01289	0.00645	0.00368	0.01289
45	0.01750	0.04512	0.64825	0.02486	0.03775	0.02026	0.03223	0.02762	0.01842	0.02762	0.01565	0.01842	0.01105	0.00829	0.00829	0.00276	0.01289	0.00645	0.00368	0.01289
46	0.02122	0.02035	0.03474	0.09807	0.59738	0.02063	0.02659	0.02645	0.01969	0.02805	0.01634	0.02171	0.01366	0.00784	0.00864	0.00261	0.01045	0.00777	0.00429	0.01352
47	0.02159	0.02073	0.03541	0.05354	0.63903	0.02073	0.02677	0.02677	0.01986	0.02850	0.01641	0.02159	0.01382	0.00777	0.00864	0.00259	0.01036	0.00777	0.00432	0.01382
48	0.02198	0.02043	0.02113	0.02151	0.08433	0.08706	0.01518	0.04036	0.44556	0.03299	0.03233	0.06254	0.02620	0.01238	0.00899	0.00292	0.00814	0.03523	0.00789	0.01286
49	0.01806	0.10834	0.58997	0.02390	0.03627	0.02164	0.03055	0.02748	0.01835	0.02694	0.01531	0.01799	0.01106	0.00821	0.00803	0.00268	0.01255	0.00627	0.00369	0.01273
50	0.02752	0.33840	0.03437	0.01907	0.02463	0.33486	0.01612	0.02999	0.02082	0.02095	0.01274	0.01516	0.01123	0.00870	0.00816	0.00217	0.05512	0.00531	0.00410	0.01057
51	0.01254	0.00848	0.00947	0.00947	0.00966	0.00839	0.00537	0.01267	0.01314	0.01733	0.03132	0.05877	0.06972	0.65119	0.04225	0.00811	0.00820	0.01305	0.00546	0.00542
52	0.02105	0.32933	0.22833	0.01975	0.02850	0.02697	0.05279	0.03053	0.13300	0.02617	0.01796	0.01941	0.01419	0.00854	0.00731	0.00241	0.01027	0.00651	0.00473	0.01225
53	0.01246	0.00935	0.01402	0.01402	0.01558	0.01090	0.01090	0.01558	0.01402	0.02025	0.02336	0.03427	0.02181	0.06542	0.65888	0.01402	0.02336	0.00935	0.00467	0.00779
54	0.02537	0.02020	0.02189	0.01745	0.02392	0.02128	0.01403	0.26582	0.23624	0.04184	0.02459	0.02422	0.01842	0.00992	0.00820	0.00240	0.00787	0.00786	0.00787	0.20060
55	0.01268	0.00846	0.00951	0.00951	0.00951	0.00846	0.00529	0.01268	0.01268	0.01691	0.02748	0.05708	0.03171	0.69345	0.04440	0.00846	0.00846	0.01268	0.00529	0.00529
56	0.02332	0.69869	0.04571	0.01493	0.02239	0.03451	0.01493	0.02612	0.01772	0.02052	0.01213	0.01399	0.01119	0.00746	0.00560	0.00187	0.00933	0.00466	0.00373	0.01119
57	0.01246	0.00935	0.01402	0.01402	0.01558	0.01090	0.01090	0.01558	0.01402	0.02025	0.02336	0.03427	0.02181	0.06542	0.65888	0.01402	0.02336	0.00935	0.00467	0.00779
58	0.03262	0.06165	0.02726	0.01979	0.02679	0.02746	0.01649	0.57772	0.03973	0.05307	0.02046	0.02056	0.01463	0.01031	0.00855	0.00258	0.00958	0.00768	0.00845	0.01463
59	0.01165	0.00849	0.01097	0.01119	0.01282	0.00780	0.00807	0.01481	0.02181	0.03013	0.40913	0.26402	0.11429	0.02115	0.01056	0.00301	0.00444	0.01883	0.00902	0.00780
60	0.01406	0.01004	0.01406	0.01606	0.01807	0.01004	0.01406	0.01807	0.02008	0.02610	0.04618	0.09839	0.05020	0.02410	0.01205	0.00402	0.00803	0.58032	0.00803	0.00803
61	0.03258	0.04157	0.02472	0.02247	0.02697	0.65843	0.01685	0.03483	0.02472	0.02135	0.01348	0.01573	0.01124	0.00899	0.00787	0.00225	0.01573	0.00562	0.00449	0.01011
62	0.01072	0.00876	0.00946	0.00948	0.01208	0.00751	0.00704	0.01324	0.02057	0.02564	0.18908	0.12382	0.48896	0.02166	0.01036	0.00295	0.00441	0.01837	0.00838	0.00751
63	0.01063	0.00759	0.01012	0.01215	0.01265	0.00709	0.00810	0.01215	0.01670	0.02227	0.04808	0.68775	0.05769	0.02733	0.01113	0.00354	0.00506	0.02480	0.00810	0.00709
64	0.02122	0.02035	0.03474	0.09807	0.59738	0.02063	0.02659	0.02645	0.01969	0.02805	0.01634	0.02171	0.01366	0.00784	0.00864	0.00261	0.01045	0.00777	0.00429	0.01352
65	0.01188	0.00849	0.01156	0.01358	0.01464	0.00817	0.01028	0.01432	0.01794	0.02367	0.04738	0.47184	0.05495	0.02614	0.01147	0.00372	0.00615	0.22832	0.00807	0.00743
66	0.01235	0.00892	0.01166	0.01097	0.01303	0.00823	0.00823	0.01646	0.02469	0.03498	0.63443	0.06516	0.08230	0.01783	0.01029	0.00274	0.00412	0.01578	0.00960	0.00823
67	0.03258	0.04157	0.02472	0.02247	0.02697	0.65843	0.01685	0.03483	0.02472	0.02135	0.01348	0.01573	0.01124	0.00899	0.00787	0.00225	0.01573	0.00562	0.00449	0.01011
68	0.01268	0.00846	0.00951	0.00951	0.00951	0.00846	0.00529	0.01268	0.01268	0.01691	0.02748	0.05708	0.03171	0.69345	0.04440	0.00846	0.00846	0.01268	0.00529	0.00529
69	0.01791	0.09214	0.60490	0.02415	0.03665	0.02128	0.03098	0.02752	0.01837	0.02711	0.01540	0.01810	0.01106	0.00823	0.00809	0.00270	0.01264	0.00632	0.00369	0.01277
70	0.01246	0.00935	0.01402	0.01402	0.01558	0.01090	0.01090	0.01558	0.01402	0.02025	0.02336	0.03427	0.02181	0.06542	0.65888	0.01402	0.02336	0.00935	0.00467	0.00779
71	0.02332	0.69869	0.04571	0.01493	0.02239	0.03451	0.01493	0.02612	0.01772	0.02052	0.01213	0.01399	0.01119	0.00746	0.00560	0.00187	0.00933	0.00466	0.00373	0.01119
72	0.01235	0.00892	0.01166	0.01097	0.01303	0.00823	0.00823	0.01646	0.02469	0.03498	0.63443	0.06516	0.08230	0.01783	0.01029	0.00274	0.00412	0.01578	0.00960	0.00823
73	0.03258	0.04157	0.02472	0.02247	0.02697	0.65843	0.01685	0.03483	0.02472	0.02135	0.01348	0.01573	0.01124	0.00899	0.00787	0.00225	0.01573	0.00562	0.00449	0.01011
74	0.01886	0.04321	0.60872	0.02427	0.03678	0.01979	0.03101	0.02856	0.01883	0.06649	0.01683	0.01913	0.01171	0.00845	0.00832	0.00276	0.01255	0.00659	0.00413	0.01301
75	0.01750	0.04512	0.64825	0.02486	0.03775	0.02026	0.03223	0.02762	0.01842	0.02762	0.01565	0.01842	0.01105	0.00829	0.00829	0.00276	0.01289	0.00645	0.00368	0.01289
76	0.01064	0.00834	0.00964	0.01040	0.01226	0.00734	0.00739	0.01276	0.01907	0.02418	0.12690	0.32746	0.34504	0.02379	0.01064	0.00317	0.00465	0.02074	0.00825	0.00734
77	0.02108	0.02310	0.09112	0.04387	0.41599	0.02101	0.11489	0.02949	0.09584	0.02934	0.01894	0.02298	0.01509	0.00827	0.00889	0.00271	0.01082	0.00830	0.00485	0.01342
78	0.02159	0.02073	0.03541	0.05354	0.63903	0.02073	0.02677	0.02677	0.01986	0.02850	0.01641	0.02159	0.01382	0.00777	0.00864	0.00259	0.01036	0.00777	0.00432	0.01382
79	0.02197	0.02144	0.03800	0.04870	0.49615	0.02129	0.13643	0.05585	0.02105	0.02970	0.01687	0.02193	0.01376	0.00783	0.00895	0.00266	0.01115	0.00825	0.00455	0.01348
80	0.01997	0.01907	0.03247	0.24989	0.45537	0.02030	0.02596	0.02535	0.01909	0.02653	0.01612	0.02212	0.01312	0.00807	0.00866	0.00269	0.01076	0.00777	0.00418	0.01251
81	0.02127	0.02040	0.03482	0.09250	0.60259	0.02064	0.02661	0.02649	0.01971	0.02811	0.01635	0.02169	0.01368	0.00783	0.00864	0.00261	0.01044	0.00777	0.00429	0.01356
82	0.02288	0.02318	0.03415	0.04989	0.56704	0.09574	0.02560	0.02772	0.02043	0.02766	0.01606	0.02090	0.01351	0.00792	0.00854	0.00255	0.01099	0.00752	0.00434	0.01338
83	0.02181	0.02669	0.16856	0.04199	0.37968	0.02143	0.09091	0.08812	0.02184	0.03102	0.01686	0.02105	0.01326	0.00812	0.00875	0.00267	0.01131	0.00777	0.00465	0.01350
84	0.01794	0.01624	0.02700	0.06985	0.37851	0.01701	0.02075	0.02239	0.01757	0.02512	0.01895	0.02638	0.01667	0.02923	0.25013	0.00685	0.01525	0.00836	0.00443	0.01137
85	0.01931	0.01783	0.02983	0.14876	0.42549	0.01848	0.02394	0.02438	0.01950	0.02702	0.02191	0.03644	0.02036	0.01103	0.00930	0.00291	0.01013	0.11640	0.00495	0.01204
86	0.02274	0.07356	0.18987	0.03792	0.33118	0.14247	0.02553	0.02848	0.02028	0.02642	0.01539	0.01919	0.01246	0.00811	0.00821	0.00252	0.01196	0.00683	0.00415	0.01271
87	0.05557	0.01783	0.05914	0.03425	0.34432	0.01671	0.01891	0.02323	0.04736	0.02605	0.02190	0.07254	0.02139	0.18361	0.01772	0.00418	0.00933	0.00997	0.00505	0.01095

[dist]
# distance from previous block
# <min> <max>
5	51

[block]
# block no. 5 follows, 20 sequences, length 104
# corresponding to MSA columns:
# 358-461
name=unknown_F
#
# <colnr> <probs for GDERKNQSTAVLIFYWHMCP>
#	G	D	E	R	K	N	Q	S	T	A	V	L	I	F	Y	W	H	M	C	P
0	0.02415	0.31411	0.10887	0.05809	0.02734	0.21551	0.01767	0.02875	0.04555	0.02259	0.01844	0.02033	0.04696	0.00910	0.00719	0.00226	0.01143	0.00635	0.00442	0.01088
1	0.17275	0.02850	0.22999	0.03163	0.24640	0.04920	0.02364	0.02820	0.01891	0.06961	0.01630	0.01927	0.01239	0.00826	0.00783	0.00266	0.01051	0.00668	0.00476	0.01251
2	0.12486	0.02103	0.16975	0.01728	0.04971	0.01532	0.01568	0.07328	0.04669	0.02992	0.03733	0.16246	0.14247	0.04349	0.01039	0.00316	0.00798	0.01265	0.00642	0.01013
3	0.05272	0.02815	0.33065	0.01872	0.02662	0.01574	0.02084	0.02470	0.05528	0.06221	0.05602	0.13099	0.08207	0.01581	0.03798	0.00341	0.01002	0.01116	0.00587	0.01105
4	0.01544	0.13351	0.12325	0.01597	0.02055	0.01599	0.01537	0.01995	0.01786	0.02445	0.09962	0.04437	0.03114	0.03228	0.23550	0.00677	0.01391	0.11915	0.00560	0.00931
5	0.01828	0.11186	0.27956	0.02087	0.06310	0.07651	0.02056	0.02368	0.01734	0.02326	0.01830	0.02724	0.01656	0.14758	0.09481	0.00508	0.01299	0.00779	0.00423	0.01039
6	0.01914	0.04166	0.56993	0.02604	0.07409	0.01981	0.03064	0.02853	0.01893	0.06727	0.01690	0.01934	0.01190	0.00842	0.00834	0.00275	0.01238	0.00668	0.00418	0.01307
7	0.01789	0.02830	0.29405	0.02007	0.02777	0.01877	0.02126	0.03158	0.22824	0.02914	0.02421	0.02672	0.01877	0.02170	0.14717	0.00523	0.01304	0.00825	0.00570	0.01212
8	0.01998	0.03066	0.31549	0.02055	0.02913	0.02003	0.02214	0.10309	0.19367	0.03440	0.09769	0.02846	0.02466	0.01073	0.00875	0.00280	0.00971	0.00873	0.00650	0.01282
9	0.01829	0.04041	0.52987	0.03040	0.15390	0.02035	0.03117	0.02746	0.01870	0.02779	0.01580	0.01903	0.01158	0.00819	0.00835	0.00273	0.01240	0.00670	0.00381	0.01307
10	0.01861	0.08168	0.58191	0.02418	0.03633	0.05428	0.03046	0.02791	0.01871	0.02690	0.01534	0.01803	0.01107	0.00828	0.00811	0.00269	0.01284	0.00630	0.00373	0.01265
11	0.01165	0.00873	0.01080	0.01061	0.01269	0.00788	0.00783	0.01499	0.02257	0.03070	0.43255	0.14609	0.21085	0.02001	0.01040	0.00289	0.00430	0.01751	0.00906	0.00788
12	0.03258	0.04157	0.02472	0.02247	0.02697	0.65843	0.01685	0.03483	0.02472	0.02135	0.01348	0.01573	0.01124	0.00899	0.00787	0.00225	0.01573	0.00562	0.00449	0.01011
13	0.01043	0.00884	0.00901	0.00897	0.01186	0.00742	0.00672	0.01276	0.02017	0.02425	0.12141	0.08281	0.60202	0.02183	0.01031	0.00293	0.00440	0.01825	0.00819	0.00742
14	0.02966	0.24895	0.03134	0.02009	0.02552	0.46153	0.01625	0.03208	0.02251	0.02109	0.01306	0.01518	0.01122	0.00851	0.00715	0.00213	0.01371	0.00532	0.00425	0.01045
15	0.01031	0.00884	0.00884	0.00884	0.01178	0.00736	0.00663	0.01252	0.01988	0.02356	0.08837	0.08395	0.63549	0.02209	0.01031	0.00295	0.00442	0.01841	0.00810	0.00736
16	0.02511	0.57176	0.04165	0.01638	0.02327	0.15503	0.01530	0.02780	0.01908	0.02068	0.01239	0.01433	0.01120	0.00776	0.00604	0.00194	0.01056	0.00485	0.00388	0.01099
17	0.03258	0.04157	0.02472	0.02247	0.02697	0.65843	0.01685	0.03483	0.02472	0.02135	0.01348	0.01573	0.01124	0.00899	0.00787	0.00225	0.01573	0.00562	0.00449	0.01011
18	0.02159	0.02073	0.03541	0.05354	0.63903	0.02073	0.02677	0.02677	0.01986	0.02850	0.01641	0.02159	0.01382	0.00777	0.00864	0.00259	0.01036	0.00777	0.00432	0.01382
19	0.03258	0.04157	0.02472	0.02247	0.02697	0.65843	0.01685	0.03483	0.02472	0.02135	0.01348	0.01573	0.01124	0.00899	0.00787	0.00225	0.01573	0.00562	0.00449	0.01011
20	0.02510	0.02043	0.02164	0.01844	0.02398	0.02329	0.01463	0.21391	0.45017	0.04198	0.03117	0.02910	0.02312	0.01143	0.00883	0.00286	0.00770	0.00926	0.00883	0.01411
21	0.02159	0.02073	0.03541	0.05354	0.63903	0.02073	0.02677	0.02677	0.01986	0.02850	0.01641	0.02159	0.01382	0.00777	0.00864	0.00259	0.01036	0.00777	0.00432	0.01382
22	0.01750	0.04512	0.64825	0.02486	0.03775	0.02026	0.03223	0.02762	0.01842	0.02762	0.01565	0.01842	0.01105	0.00829	0.00829	0.00276	0.01289	0.00645	0.00368	0.01289
23	0.01750	0.04512	0.64825	0.02486	0.03775	0.02026	0.03223	0.02762	0.01842	0.02762	0.01565	0.01842	0.01105	0.00829	0.00829	0.00276	0.01289	0.00645	0.00368	0.01289
24	0.03061	0.18164	0.02919	0.02086	0.02599	0.52544	0.01644	0.03297	0.02323	0.02117	0.01319	0.01536	0.01123	0.00866	0.00738	0.00217	0.01437	0.00541	0.00433	0.01034
25	0.01810	0.11344	0.58527	0.02382	0.03615	0.02175	0.03042	0.02747	0.01834	0.02688	0.01529	0.01795	0.01106	0.00820	0.00801	0.00267	0.01252	0.00626	0.00369	0.01271
26	0.01800	0.01832	0.06651	0.06667	0.34198	0.01677	0.05708	0.02280	0.01912	0.02663	0.02616	0.15967	0.02644	0.01360	0.00962	0.00300	0.00953	0.08123	0.00545	0.01144
27	0.01063	0.00759	0.01012	0.01215	0.01265	0.00709	0.00810	0.01215	0.01670	0.02227	0.04808	0.68775	0.05769	0.02733	0.01113	0.00354	0.00506	0.02480	0.00810	0.00709
28	0.02530	0.55863	0.04123	0.01653	0.02336	0.16750	0.01534	0.02798	0.01921	0.02070	0.01242	0.01436	0.01120	0.00779	0.00608	0.00195	0.01069	0.00487	0.00389	0.01096
29	0.01733	0.03535	0.45049	0.02668	0.10779	0.01834	0.02805	0.02567	0.01892	0.02744	0.02164	0.03425	0.01895	0.01128	0.00906	0.00298	0.01164	0.11746	0.00460	0.01207
30	0.01246	0.00935	0.01402	0.01402	0.01558	0.01090	0.01090	0.01558	0.01402	0.02025	0.02336	0.03427	0.02181	0.06542	0.65888	0.01402	0.02336	0.00935	0.00467	0.00779
31	0.01056	0.00885	0.00918	0.00910	0.01194	0.00747	0.00682	0.01300	0.02047	0.02496	0.15522	0.08165	0.56777	0.02157	0.01031	0.00292	0.00438	0.01809	0.00828	0.00747
32	0.02084	0.02058	0.03721	0.04790	0.48655	0.02039	0.13795	0.02632	0.01965	0.02789	0.01707	0.02273	0.01419	0.01119	0.04844	0.00335	0.01199	0.00835	0.00436	0.01305
33	0.01942	0.01765	0.02926	0.04275	0.46023	0.01765	0.02311	0.02427	0.01992	0.02781	0.02498	0.04370	0.02429	0.01247	0.00962	0.00300	0.00969	0.17264	0.00539	0.01215
34	0.01200	0.00875	0.01158	0.01335	0.01477	0.00833	0.01036	0.01462	0.01848	0.02400	0.05224	0.37187	0.12545	0.02536	0.01141	0.00366	0.00620	0.25199	0.00807	0.00751
35	0.01750	0.04512	0.64825	0.02486	0.03775	0.02026	0.03223	0.02762	0.01842	0.02762	0.01565	0.01842	0.01105	0.00829	0.00829	0.00276	0.01289	0.00645	0.00368	0.01289
36	0.01503	0.01291	0.01335	0.01307	0.01430	0.08935	0.00916	0.01667	0.01475	0.01891	0.02397	0.04204	0.02487	0.33523	0.30815	0.01012	0.01586	0.01036	0.00492	0.00697
37	0.03258	0.04157	0.02472	0.02247	0.02697	0.65843	0.01685	0.03483	0.02472	0.02135	0.01348	0.01573	0.01124	0.00899	0.00787	0.00225	0.01573	0.00562	0.00449	0.01011
38	0.02170	0.01874	0.01972	0.01775	0.02268	0.02170	0.01381	0.04635	0.62327	0.03649	0.03550	0.03254	0.02663	0.01183	0.00888	0.00296	0.00690	0.00986	0.00888	0.01381
39	0.01255	0.00897	0.01233	0.01435	0.01570	0.00875	0.01145	0.01548	0.01860	0.02442	0.04701	0.35661	0.05348	0.02551	0.01165	0.00381	0.00673	0.33693	0.00806	0.00762
40	0.01800	0.04213	0.57322	0.02837	0.11137	0.02032	0.03156	0.02752	0.01859	0.02773	0.01575	0.01880	0.01139	0.00822	0.00833	0.00274	0.01258	0.00661	0.00376	0.01300
41	0.01093	0.00875	0.00987	0.01060	0.01289	0.00770	0.00803	0.01325	0.01923	0.02366	0.07360	0.21476	0.42666	0.02350	0.01074	0.00323	0.00508	0.10202	0.00809	0.00740
42	0.02751	0.02906	0.02841	0.07163	0.23460	0.27026	0.02045	0.12821	0.05295	0.03014	0.01685	0.01980	0.01344	0.00894	0.00837	0.00250	0.01224	0.00704	0.00531	0.01229
43	0.01841	0.09787	0.44098	0.02348	0.03271	0.02314	0.02743	0.02586	0.01711	0.02535	0.01430	0.01818	0.01116	0.00993	0.01304	0.00294	0.17589	0.00658	0.00372	0.01191
44	0.01031	0.00884	0.00884	0.00884	0.01178	0.00736	0.00663	0.01252	0.01988	0.02356	0.08837	0.08395	0.63549	0.02209	0.01031	0.00295	0.00442	0.01841	0.00810	0.00736
45	0.01968	0.03744	0.42204	0.03349	0.22104	0.06002	0.02960	0.02781	0.01925	0.02750	0.01575	0.01922	0.01191	0.00817	0.00837	0.00268	0.01229	0.00680	0.00393	0.01300
46	0.01878	0.01647	0.01912	0.01522	0.02103	0.01594	0.01215	0.02784	0.17821	0.02941	0.02397	0.02535	0.04763	0.00975	0.01002	0.00213	0.08888	0.00738	0.00613	0.42460
47	0.01246	0.00935	0.01402	0.01402	0.01558	0.01090	0.01090	0.01558	0.01402	0.02025	0.02336	0.03427	0.02181	0.06542	0.65888	0.01402	0.02336	0.00935	0.00467	0.00779
48	0.01031	0.00884	0.00884	0.00884	0.01178	0.00736	0.00663	0.01252	0.01988	0.02356	0.08837	0.08395	0.63549	0.02209	0.01031	0.00295	0.00442	0.01841	0.00810	0.00736
49	0.02388	0.65893	0.04444	0.01538	0.02267	0.07227	0.01504	0.02665	0.01815	0.02057	0.01221	0.01410	0.01120	0.00756	0.00573	0.00189	0.00972	0.00472	0.00378	0.01113
50	0.01063	0.00759	0.01012	0.01215	0.01265	0.00709	0.00810	0.01215	0.01670	0.02227	0.04808	0.68775	0.05769	0.02733	0.01113	0.00354	0.00506	0.02480	0.00810	0.00709
51	0.01268	0.00846	0.00951	0.00951	0.00951	0.00846	0.00529	0.01268	0.01268	0.01691	0.02748	0.05708	0.03171	0.69345	0.04440	0.00846	0.00846	0.01268	0.00529	0.00529
52	0.01268	0.00846	0.00951	0.00951	0.00951	0.00846	0.00529	0.01268	0.01268	0.01691	0.02748	0.05708	0.03171	0.69345	0.04440	0.00846	0.00846	0.01268	0.00529	0.00529
53	0.75506	0.01687	0.01282	0.01147	0.01687	0.01957	0.00945	0.02564	0.01484	0.03914	0.01215	0.01417	0.00945	0.00810	0.00540	0.00270	0.00675	0.00472	0.00540	0.00945
54	0.02159	0.02073	0.03541	0.05354	0.63903	0.02073	0.02677	0.02677	0.01986	0.02850	0.01641	0.02159	0.01382	0.00777	0.00864	0.00259	0.01036	0.00777	0.00432	0.01382
55	0.02689	0.07316	0.06064	0.03457	0.27224	0.33430	0.02146	0.03073	0.02204	0.02447	0.01468	0.01810	0.01226	0.00838	0.00806	0.00239	0.01306	0.00646	0.00434	0.01180
56	0.02130	0.01828	0.01943	0.01766	0.02244	0.02109	0.01382	0.04488	0.59187	0.03595	0.03606	0.03597	0.02785	0.01247	0.00904	0.00301	0.00696	0.03956	0.00883	0.01351
57	0.01250	0.00917	0.01315	0.01315	0.01440	0.01043	0.00982	0.01502	0.01376	0.01960	0.02416	0.03869	0.02373	0.18706	0.53986	0.01294	0.02048	0.00999	0.00479	0.00730
58	0.02175	0.03363	0.26587	0.03588	0.24990	0.12558	0.08811	0.02854	0.02019	0.02693	0.01577	0.01964	0.01229	0.00812	0.00855	0.00264	0.01265	0.00718	0.00412	0.01264
59	0.02730	0.03144	0.02904	0.03556	0.28935	0.35168	0.02095	0.03197	0.05380	0.02520	0.01588	0.01912	0.01314	0.00861	0.00825	0.00243	0.01297	0.00676	0.00465	0.01189
60	0.01182	0.00890	0.01093	0.01042	0.01271	0.00801	0.00782	0.01545	0.02345	0.03204	0.49374	0.07000	0.22483	0.01893	0.01029	0.00280	0.00419	0.01645	0.00922	0.00801
61	0.01268	0.00846	0.00951	0.00951	0.00951	0.00846	0.00529	0.01268	0.01268	0.01691	0.02748	0.05708	0.03171	0.69345	0.04440	0.00846	0.00846	0.01268	0.00529	0.00529
62	0.01148	0.00881	0.01051	0.01024	0.01254	0.00784	0.00762	0.01474	0.02243	0.02997	0.39613	0.10722	0.28894	0.01997	0.01034	0.00286	0.00428	0.01727	0.00895	0.00784
63	0.02159	0.02073	0.03541	0.05354	0.63903	0.02073	0.02677	0.02677	0.01986	0.02850	0.01641	0.02159	0.01382	0.00777	0.00864	0.00259	0.01036	0.00777	0.00432	0.01382
64	0.02358	0.02682	0.02132	0.01943	0.02187	0.32550	0.01482	0.02564	0.01886	0.02053	0.01658	0.02491	0.01573	0.10471	0.13587	0.00550	0.15729	0.00760	0.00448	0.00897
65	0.13790	0.03609	0.02392	0.02361	0.07981	0.50783	0.01664	0.03276	0.02284	0.02460	0.01355	0.01602	0.01120	0.00875	0.00757	0.00234	0.01393	0.00568	0.00461	0.01034
66	0.01031	0.00884	0.00884	0.00884	0.01178	0.00736	0.00663	0.01252	0.01988	0.02356	0.08837	0.08395	0.63549	0.02209	0.01031	0.00295	0.00442	0.01841	0.00810	0.00736
67	0.02511	0.57176	0.04165	0.01638	0.02327	0.15503	0.01530	0.02780	0.01908	0.02068	0.01239	0.01433	0.01120	0.00776	0.00604	0.00194	0.01056	0.00485	0.00388	0.01099
68	0.01041	0.00884	0.00897	0.00894	0.01184	0.00741	0.00670	0.01271	0.02011	0.02412	0.11474	0.08304	0.60877	0.02189	0.01031	0.00294	0.00440	0.01828	0.00817	0.00741
69	0.02244	0.02895	0.11028	0.02739	0.03333	0.18367	0.22785	0.02744	0.01946	0.02431	0.01541	0.02067	0.01262	0.01313	0.05351	0.00361	0.15289	0.00802	0.00424	0.01077
70	0.02096	0.02009	0.03427	0.12931	0.56815	0.02056	0.02646	0.02622	0.01957	0.02774	0.01630	0.02179	0.01355	0.00789	0.00865	0.00263	0.01052	0.00777	0.00426	0.01331
71	0.01031	0.00884	0.00884	0.00884	0.01178	0.00736	0.00663	0.01252	0.01988	0.02356	0.08837	0.08395	0.63549	0.02209	0.01031	0.00295	0.00442	0.01841	0.00810	0.00736
72	0.01364	0.01084	0.01532	0.01466	0.01566	0.01313	0.01121	0.01594	0.01365	0.01973	0.02213	0.03608	0.02195	0.17817	0.43258	0.01120	0.13216	0.00970	0.00465	0.00760
73	0.02477	0.39263	0.07575	0.02392	0.13110	0.17275	0.01846	0.02830	0.01972	0.02252	0.01339	0.01597	0.01165	0.00791	0.00680	0.00213	0.01118	0.00553	0.00400	0.01151
74	0.01647	0.01400	0.01881	0.02234	0.16281	0.01424	0.01372	0.02543	0.16363	0.03240	0.28084	0.04952	0.12100	0.01457	0.00957	0.00278	0.00628	0.01282	0.00800	0.01075
75	0.01063	0.00759	0.01012	0.01215	0.01265	0.00709	0.00810	0.01215	0.01670	0.02227	0.04808	0.68775	0.05769	0.02733	0.01113	0.00354	0.00506	0.02480	0.00810	0.00709
76	0.02763	0.02993	0.02408	0.02105	0.02480	0.33374	0.01650	0.14220	0.02440	0.02772	0.01576	0.01967	0.01327	0.01740	0.09174	0.00406	0.14329	0.00690	0.00521	0.01064
77	0.02061	0.03101	0.30410	0.02515	0.10488	0.02084	0.02363	0.10300	0.17488	0.03313	0.02522	0.02611	0.04832	0.01011	0.00864	0.00278	0.01022	0.00827	0.00593	0.01319
78	0.03335	0.01517	0.01948	0.01551	0.02147	0.01420	0.01260	0.07411	0.09915	0.45994	0.10742	0.03387	0.02926	0.01177	0.00897	0.00273	0.00708	0.00971	0.01029	0.01390
79	0.01063	0.00759	0.01012	0.01215	0.01265	0.00709	0.00810	0.01215	0.01670	0.02227	0.04808	0.68775	0.05769	0.02733	0.01113	0.00354	0.00506	0.02480	0.00810	0.00709
80	0.01256	0.00840	0.00955	0.00967	0.00970	0.00837	0.00546	0.01265	0.01293	0.01724	0.02873	0.09524	0.03328	0.65314	0.04238	0.00816	0.00825	0.01342	0.00546	0.00539
