[name]
unknown

[dist]
# distance from previous block
# <min> <max>
0	0

[block]
# block no. 0 follows, 20 sequences, length 220
# corresponding to MSA columns:
# 0-219
name=unknown_A
#
# <colnr> <probs for GDERKNQSTAVLIFYWHMCP>
#	G	D	E	R	K	N	Q	S	T	A	V	L	I	F	Y	W	H	M	C	P
0	0.01406	0.01004	0.01406	0.01606	0.01807	0.01004	0.01406	0.01807	0.02008	0.02610	0.04618	0.09839	0.05020	0.02410	0.01205	0.00402	0.00803	0.58032	0.00803	0.00803
1	0.07072	0.48790	0.03829	0.01665	0.02322	0.19391	0.01508	0.02833	0.01934	0.02188	0.01248	0.01445	0.01110	0.00789	0.00617	0.00201	0.01081	0.00491	0.00403	0.01081
2	0.01236	0.00857	0.00973	0.00964	0.01027	0.00830	0.00585	0.01319	0.01520	0.02021	0.11929	0.06136	0.10970	0.52035	0.03564	0.00701	0.00738	0.01379	0.00622	0.00594
3	0.01926	0.02141	0.04597	0.03349	0.04120	0.02007	0.52759	0.02584	0.02007	0.02719	0.02170	0.11194	0.01915	0.01001	0.01041	0.00302	0.01342	0.01222	0.00490	0.01114
4	0.01842	0.01749	0.02968	0.43669	0.28064	0.01989	0.02519	0.02399	0.01836	0.02465	0.01585	0.02262	0.01246	0.00836	0.00869	0.00279	0.01115	0.00776	0.00404	0.01126
5	0.01042	0.00840	0.00929	0.01000	0.01209	0.00727	0.00715	0.01239	0.01876	0.02311	0.07415	0.29703	0.43159	0.02394	0.01060	0.00316	0.00464	0.02066	0.00810	0.00727
6	0.06217	0.01718	0.02003	0.01612	0.02178	0.01761	0.01306	0.20935	0.09962	0.25220	0.14295	0.03339	0.03108	0.01203	0.00891	0.00271	0.00737	0.00977	0.00948	0.01323
7	0.01861	0.01575	0.01693	0.01543	0.01960	0.01751	0.01192	0.03680	0.44118	0.03463	0.15018	0.04474	0.11132	0.01418	0.00931	0.00292	0.00610	0.01198	0.00891	0.01201
8	0.01255	0.00861	0.01088	0.01111	0.01175	0.00902	0.00735	0.01388	0.01384	0.01932	0.02869	0.12264	0.03129	0.39186	0.22435	0.00924	0.01235	0.01286	0.04201	0.00639
9	0.01518	0.00823	0.00855	0.00855	0.00997	0.00823	0.00585	0.01801	0.01659	0.02779	0.02816	0.03997	0.02519	0.21735	0.01771	0.00398	0.00540	0.00951	0.51852	0.00727
10	0.01268	0.00846	0.00951	0.00951	0.00951	0.00846	0.00529	0.01268	0.01268	0.01691	0.02748	0.05708	0.03171	0.69345	0.04440	0.00846	0.00846	0.01268	0.00529	0.00529
11	0.01454	0.00926	0.01087	0.01086	0.01342	0.00808	0.00790	0.01659	0.01925	0.10953	0.06519	0.26853	0.33753	0.05255	0.01190	0.00335	0.00523	0.01885	0.00835	0.00822
12	0.01052	0.00844	0.00926	0.00987	0.01194	0.00733	0.00701	0.01241	0.01857	0.02285	0.07324	0.26576	0.43146	0.05573	0.01219	0.00339	0.00481	0.02007	0.00796	0.00718
13	0.03316	0.02443	0.02618	0.02007	0.02705	0.02705	0.01658	0.60995	0.04101	0.05497	0.02094	0.02094	0.01483	0.01047	0.00873	0.00262	0.00960	0.00785	0.00873	0.01483
14	0.01246	0.00935	0.01402	0.01402	0.01558	0.01090	0.01090	0.01558	0.01402	0.02025	0.02336	0.03427	0.02181	0.06542	0.65888	0.01402	0.02336	0.00935	0.00467	0.00779
15	0.01780	0.01221	0.01451	0.01397	0.01664	0.01228	0.01031	0.15805	0.02335	0.06911	0.04423	0.43303	0.09590	0.02178	0.01033	0.00321	0.00624	0.01916	0.00842	0.00946
16	0.01059	0.00867	0.00935	0.00955	0.01205	0.00743	0.00702	0.01293	0.02000	0.02472	0.14690	0.16595	0.48992	0.02232	0.01042	0.00301	0.00447	0.01899	0.00828	0.00743
17	0.01265	0.00858	0.01014	0.01014	0.01036	0.00880	0.00607	0.01309	0.01287	0.01738	0.02691	0.05390	0.03033	0.60586	0.13010	0.00923	0.01054	0.01222	0.00520	0.00563
18	0.01626	0.00813	0.00813	0.00813	0.01016	0.00813	0.00610	0.02033	0.01829	0.03252	0.02846	0.03252	0.02236	0.01016	0.00610	0.00203	0.00407	0.00813	0.74187	0.00813
19	0.01908	0.01908	0.02672	0.02290	0.02290	0.02672	0.01908	0.02099	0.01336	0.02099	0.01145	0.01908	0.01145	0.01527	0.02863	0.00382	0.67748	0.00763	0.00382	0.00954
20	0.01050	0.00846	0.00935	0.00993	0.01210	0.00732	0.00714	0.01258	0.01913	0.02367	0.10023	0.26621	0.43590	0.02349	0.01056	0.00312	0.00460	0.02023	0.00817	0.00732
21	0.01209	0.00936	0.01107	0.01056	0.01306	0.00857	0.00794	0.01653	0.05161	0.03112	0.41753	0.07008	0.27040	0.01901	0.01023	0.00282	0.00435	0.01640	0.00905	0.00820
22	0.01515	0.00758	0.01136	0.01136	0.01136	0.00758	0.00758	0.01136	0.01136	0.01515	0.01515	0.02652	0.01515	0.03030	0.03409	0.74621	0.00758	0.00758	0.00379	0.00379
23	0.03258	0.04157	0.02472	0.02247	0.02697	0.65843	0.01685	0.03483	0.02472	0.02135	0.01348	0.01573	0.01124	0.00899	0.00787	0.00225	0.01573	0.00562	0.00449	0.01011
24	0.75506	0.01687	0.01282	0.01147	0.01687	0.01957	0.00945	0.02564	0.01484	0.03914	0.01215	0.01417	0.00945	0.00810	0.00540	0.00270	0.00675	0.00472	0.00540	0.00945
25	0.01626	0.00813	0.00813	0.00813	0.01016	0.00813	0.00610	0.02033	0.01829	0.03252	0.02846	0.03252	0.02236	0.01016	0.00610	0.00203	0.00407	0.00813	0.74187	0.00813
26	0.01246	0.00935	0.01402	0.01402	0.01558	0.01090	0.01090	0.01558	0.01402	0.02025	0.02336	0.03427	0.02181	0.06542	0.65888	0.01402	0.02336	0.00935	0.00467	0.00779
27	0.03258	0.04157	0.02472	0.02247	0.02697	0.65843	0.01685	0.03483	0.02472	0.02135	0.01348	0.01573	0.01124	0.00899	0.00787	0.00225	0.01573	0.00562	0.00449	0.01011
28	0.01248	0.00923	0.01006	0.00964	0.01266	0.00786	0.00730	0.01510	0.02106	0.06445	0.18285	0.07719	0.49799	0.02062	0.01021	0.00289	0.00455	0.01734	0.00854	0.00799
29	0.01447	0.01230	0.01787	0.01671	0.01780	0.01570	0.01338	0.01722	0.01382	0.02047	0.01975	0.02966	0.01867	0.05021	0.46777	0.01093	0.22171	0.00883	0.00441	0.00832
30	0.03368	0.02359	0.02566	0.01967	0.02663	0.02580	0.01625	0.56008	0.03960	0.10684	0.02213	0.02171	0.01543	0.01050	0.00873	0.00262	0.00941	0.00793	0.00891	0.01484
31	0.02623	0.01859	0.01969	0.01608	0.02124	0.02047	0.01296	0.34244	0.12578	0.04526	0.02551	0.02628	0.01897	0.01059	0.00795	0.00249	0.00750	0.00825	0.23106	0.01264
32	0.02967	0.02270	0.02421	0.01936	0.02572	0.02542	0.01574	0.43851	0.21813	0.04935	0.02537	0.02447	0.01842	0.01089	0.00877	0.00272	0.00878	0.00846	0.00877	0.01452
33	0.01750	0.04512	0.64825	0.02486	0.03775	0.02026	0.03223	0.02762	0.01842	0.02762	0.01565	0.01842	0.01105	0.00829	0.00829	0.00276	0.01289	0.00645	0.00368	0.01289
34	0.02354	0.49287	0.03823	0.01593	0.02275	0.03096	0.01476	0.06742	0.16502	0.02652	0.01831	0.01889	0.01514	0.00870	0.00658	0.00218	0.00876	0.00611	0.00528	0.01205
35	0.01801	0.10256	0.59529	0.02399	0.03640	0.02151	0.03071	0.02749	0.01836	0.02700	0.01534	0.01803	0.01106	0.00821	0.00805	0.00268	0.01258	0.00629	0.00369	0.01274
36	0.01255	0.00905	0.01194	0.01157	0.01362	0.00844	0.00891	0.01665	0.02415	0.03394	0.56532	0.06906	0.07853	0.01857	0.01049	0.00289	0.00458	0.08210	0.00942	0.00821
37	0.01328	0.01055	0.01559	0.01512	0.01648	0.01286	0.01192	0.01625	0.01394	0.02034	0.02189	0.03238	0.02052	0.05920	0.58072	0.01275	0.10449	0.00913	0.00457	0.00801
38	0.03262	0.04061	0.02480	0.02234	0.02697	0.62295	0.01684	0.06715	0.02563	0.02324	0.01390	0.01602	0.01144	0.00907	0.00791	0.00227	0.01539	0.00574	0.00473	0.01038
39	0.01818	0.01328	0.01563	0.01497	0.01785	0.01378	0.01158	0.19458	0.02473	0.03276	0.04106	0.30955	0.07756	0.05026	0.01197	0.00353	0.00711	0.12390	0.00815	0.00955
40	0.01061	0.00767	0.01004	0.01194	0.01260	0.00710	0.00801	0.01217	0.01690	0.02235	0.05059	0.65008	0.09374	0.02700	0.01108	0.00351	0.00502	0.02440	0.00810	0.00710
41	0.01246	0.00935	0.01402	0.01402	0.01558	0.01090	0.01090	0.01558	0.01402	0.02025	0.02336	0.03427	0.02181	0.06542	0.65888	0.01402	0.02336	0.00935	0.00467	0.00779
42	0.01989	0.09910	0.02119	0.01639	0.01983	0.13489	0.01315	0.09020	0.01960	0.02456	0.01992	0.02687	0.01778	0.04167	0.38482	0.00906	0.01867	0.00793	0.00500	0.00945
43	0.02178	0.01640	0.02539	0.40083	0.11668	0.01865	0.02119	0.02942	0.09421	0.13639	0.02148	0.02536	0.01553	0.00937	0.00874	0.00284	0.01014	0.00820	0.00579	0.01161
44	0.02492	0.02705	0.03217	0.04412	0.45344	0.21410	0.02376	0.02921	0.02133	0.02633	0.01552	0.01981	0.01303	0.00814	0.00840	0.00249	0.01199	0.00712	0.00437	0.01269
45	0.02027	0.01938	0.03303	0.21264	0.49022	0.02038	0.02612	0.02562	0.01924	0.02690	0.01618	0.02202	0.01325	0.00802	0.00866	0.00267	0.01069	0.00777	0.00420	0.01276
46	0.01930	0.03312	0.37704	0.03190	0.21718	0.01899	0.02755	0.02708	0.01971	0.05747	0.07114	0.02401	0.01865	0.00909	0.00859	0.00271	0.01110	0.00778	0.00473	0.01285
47	0.10789	0.02074	0.02424	0.08364	0.18200	0.09392	0.01763	0.06268	0.05778	0.02947	0.02078	0.02393	0.05157	0.00989	0.00994	0.00258	0.07449	0.00757	0.00529	0.11398
48	0.01904	0.01926	0.03584	0.23399	0.24453	0.01990	0.20081	0.02489	0.01935	0.02614	0.02092	0.02651	0.05107	0.00881	0.00927	0.00281	0.01170	0.00918	0.00444	0.01154
49	0.02597	0.01906	0.02056	0.01594	0.02277	0.05643	0.01279	0.13510	0.10824	0.14437	0.02253	0.02255	0.01662	0.00886	0.00770	0.00207	0.00784	0.00698	0.00729	0.33632
50	0.01383	0.01118	0.01259	0.01198	0.01493	0.01113	0.00904	0.02212	0.16730	0.03081	0.27407	0.10161	0.24935	0.01837	0.01001	0.00291	0.00495	0.01577	0.00884	0.00922
51	0.02159	0.02073	0.03541	0.05354	0.63903	0.02073	0.02677	0.02677	0.01986	0.02850	0.01641	0.02159	0.01382	0.00777	0.00864	0.00259	0.01036	0.00777	0.00432	0.01382
52	0.01510	0.01010	0.01262	0.01303	0.01470	0.00990	0.00919	0.08399	0.02024	0.06153	0.07879	0.49537	0.05054	0.06541	0.01274	0.00364	0.00588	0.02061	0.00824	0.00838
53	0.19542	0.11284	0.38471	0.01960	0.02938	0.02102	0.02321	0.02627	0.01787	0.03002	0.05306	0.01980	0.01513	0.00874	0.00740	0.00264	0.01045	0.00640	0.00447	0.01157
54	0.01146	0.00951	0.01019	0.01043	0.01324	0.00854	0.00803	0.01522	0.05669	0.02457	0.07772	0.11963	0.49426	0.02202	0.01048	0.00311	0.00503	0.08392	0.00814	0.00782
55	0.01817	0.01805	0.03284	0.40551	0.12214	0.01970	0.16410	0.02416	0.01852	0.02476	0.01613	0.02280	0.01235	0.00814	0.00895	0.00278	0.01190	0.00821	0.00414	0.05666
56	0.03129	0.03686	0.02563	0.05233	0.06593	0.50660	0.01775	0.11117	0.02630	0.02635	0.01475	0.01712	0.01190	0.00910	0.00807	0.00235	0.01440	0.00614	0.00503	0.01096
57	0.11025	0.02877	0.08390	0.03664	0.32700	0.21434	0.02222	0.02916	0.02062	0.02749	0.01495	0.01866	0.01228	0.00823	0.00799	0.00251	0.01180	0.00664	0.00444	0.01210
58	0.01045	0.00828	0.00941	0.01030	0.01217	0.00724	0.00728	0.01235	0.01847	0.02299	0.07049	0.35183	0.37915	0.02441	0.01067	0.00321	0.00470	0.02124	0.00810	0.00724
59	0.02159	0.02064	0.03473	0.05199	0.61239	0.02077	0.02621	0.02762	0.04595	0.02884	0.01723	0.02206	0.01437	0.00795	0.00865	0.00261	0.01021	0.00786	0.00451	0.01382
60	0.01147	0.00832	0.01030	0.01086	0.01208	0.00772	0.00743	0.01361	0.01886	0.02536	0.22837	0.30113	0.14111	0.14308	0.01672	0.00410	0.00529	0.01899	0.00805	0.00715
61	0.15533	0.26057	0.03250	0.02538	0.18055	0.08187	0.01719	0.06415	0.05765	0.02910	0.01535	0.01772	0.01275	0.00825	0.00694	0.00235	0.00956	0.00608	0.00488	0.01185
62	0.02347	0.29066	0.03348	0.21663	0.03503	0.19223	0.01843	0.02701	0.01927	0.02129	0.01348	0.01748	0.01135	0.00858	0.00814	0.00237	0.04076	0.00598	0.00398	0.01038
63	0.14516	0.01113	0.01255	0.09226	0.01906	0.01130	0.00980	0.01727	0.02013	0.02965	0.23073	0.05824	0.27872	0.01664	0.00923	0.00284	0.00564	0.01384	0.00755	0.00829
64	0.02291	0.02388	0.03623	0.04708	0.47515	0.10543	0.10643	0.02800	0.02061	0.02747	0.01619	0.02108	0.01339	0.00787	0.00876	0.00259	0.01168	0.00784	0.00435	0.01304
65	0.02390	0.02196	0.03034	0.09560	0.36453	0.06094	0.02250	0.13381	0.09857	0.03325	0.01933	0.02262	0.01524	0.00892	0.00864	0.00265	0.01024	0.00791	0.00565	0.01341
66	0.10518	0.01060	0.01312	0.05230	0.01701	0.01062	0.00981	0.01904	0.02160	0.06691	0.37929	0.09410	0.05923	0.05462	0.01159	0.00320	0.00563	0.04919	0.00837	0.00860
67	0.10650	0.13382	0.01955	0.01387	0.01696	0.01621	0.01144	0.01871	0.01479	0.02264	0.01996	0.02814	0.01837	0.04792	0.46076	0.01044	0.01879	0.00793	0.00459	0.00860
68	0.01902	0.01311	0.01571	0.01366	0.01724	0.01315	0.01081	0.16217	0.02815	0.07545	0.38604	0.05525	0.08776	0.01622	0.00993	0.00280	0.00590	0.04816	0.00929	0.01018
69	0.02159	0.02073	0.03541	0.05354	0.63903	0.02073	0.02677	0.02677	0.01986	0.02850	0.01641	0.02159	0.01382	0.00777	0.00864	0.00259	0.01036	0.00777	0.00432	0.01382
70	0.15441	0.02022	0.02833	0.03763	0.37920	0.02138	0.02086	0.09751	0.09628	0.03451	0.01854	0.02154	0.01474	0.00865	0.00810	0.00266	0.00920	0.00749	0.00559	0.01315
71	0.03065	0.01701	0.02028	0.01652	0.02263	0.01712	0.01329	0.07824	0.26044	0.33216	0.03286	0.02957	0.02262	0.01092	0.00867	0.00271	0.00730	0.00893	0.00957	0.05850
72	0.01809	0.01550	0.01809	0.01292	0.02067	0.01163	0.01034	0.02196	0.01809	0.02842	0.01550	0.01809	0.01292	0.00646	0.00646	0.00129	0.00646	0.00517	0.00517	0.74677
73	0.01626	0.00813	0.00813	0.00813	0.01016	0.00813	0.00610	0.02033	0.01829	0.03252	0.02846	0.03252	0.02236	0.01016	0.00610	0.00203	0.00407	0.00813	0.74187	0.00813
74	0.01809	0.01550	0.01809	0.01292	0.02067	0.01163	0.01034	0.02196	0.01809	0.02842	0.01550	0.01809	0.01292	0.00646	0.00646	0.00129	0.00646	0.00517	0.00517	0.74677
75	0.01173	0.00889	0.01080	0.01033	0.01265	0.00797	0.00774	0.01527	0.02323	0.03152	0.46885	0.07086	0.25005	0.01912	0.01029	0.00280	0.00421	0.01657	0.00915	0.00797
76	0.01063	0.00759	0.01012	0.01215	0.01265	0.00709	0.00810	0.01215	0.01670	0.02227	0.04808	0.68775	0.05769	0.02733	0.01113	0.00354	0.00506	0.02480	0.00810	0.00709
77	0.01809	0.01550	0.01809	0.01292	0.02067	0.01163	0.01034	0.02196	0.01809	0.02842	0.01550	0.01809	0.01292	0.00646	0.00646	0.00129	0.00646	0.00517	0.00517	0.74677
78	0.01802	0.01709	0.02897	0.48480	0.23563	0.01979	0.02500	0.02365	0.01818	0.02417	0.01578	0.02275	0.01229	0.00843	0.00870	0.00281	0.01124	0.00776	0.00401	0.01094
79	0.01809	0.01550	0.01809	0.01292	0.02067	0.01163	0.01034	0.02196	0.01809	0.02842	0.01550	0.01809	0.01292	0.00646	0.00646	0.00129	0.00646	0.00517	0.00517	0.74677
80	0.01059	0.00879	0.00892	0.00892	0.01152	0.00749	0.00647	0.01254	0.01904	0.02278	0.08121	0.08079	0.56456	0.10096	0.01431	0.00359	0.00489	0.01774	0.00777	0.00712
81	0.02134	0.02048	0.03496	0.08309	0.61139	0.02066	0.02665	0.02656	0.01975	0.02820	0.01636	0.02167	0.01371	0.00782	0.00864	0.00261	0.01042	0.00777	0.00430	0.01362
82	0.03316	0.02443	0.02618	0.02007	0.02705	0.02705	0.01658	0.60995	0.04101	0.05497	0.02094	0.02094	0.01483	0.01047	0.00873	0.00262	0.00960	0.00785	0.00873	0.01483
83	0.01039	0.00852	0.00916	0.00968	0.01200	0.00729	0.00700	0.01242	0.01907	0.02323	0.07811	0.23763	0.48843	0.02342	0.01052	0.00310	0.00458	0.02004	0.00810	0.00729
84	0.01268	0.00846	0.00951	0.00951	0.00951	0.00846	0.00529	0.01268	0.01268	0.01691	0.02748	0.05708	0.03171	0.69345	0.04440	0.00846	0.00846	0.01268	0.00529	0.00529
85	0.01908	0.01908	0.02672	0.02290	0.02290	0.02672	0.01908	0.02099	0.01336	0.02099	0.01145	0.01908	0.01145	0.01527	0.02863	0.00382	0.67748	0.00763	0.00382	0.00954
86	0.01075	0.00764	0.01008	0.01198	0.01246	0.00717	0.00792	0.01218	0.01645	0.02194	0.04681	0.64895	0.05609	0.06831	0.01318	0.00384	0.00527	0.02405	0.00792	0.00697
87	0.03258	0.04157	0.02472	0.02247	0.02697	0.65843	0.01685	0.03483	0.02472	0.02135	0.01348	0.01573	0.01124	0.00899	0.00787	0.00225	0.01573	0.00562	0.00449	0.01011
88	0.01515	0.00758	0.01136	0.01136	0.01136	0.00758	0.00758	0.01136	0.01136	0.01515	0.01515	0.02652	0.01515	0.03030	0.03409	0.74621	0.00758	0.00758	0.00379	0.00379
89	0.01268	0.00846	0.00951	0.00951	0.00951	0.00846	0.00529	0.01268	0.01268	0.01691	0.02748	0.05708	0.03171	0.69345	0.04440	0.00846	0.00846	0.01268	0.00529	0.00529
90	0.01647	0.01550	0.02616	0.67248	0.06008	0.01938	0.02422	0.02229	0.01744	0.02229	0.01550	0.02326	0.01163	0.00872	0.00872	0.00291	0.01163	0.00775	0.00388	0.00969
91	0.02159	0.02073	0.03541	0.05354	0.63903	0.02073	0.02677	0.02677	0.01986	0.02850	0.01641	0.02159	0.01382	0.00777	0.00864	0.00259	0.01036	0.00777	0.00432	0.01382
92	0.03316	0.02443	0.02618	0.02007	0.02705	0.02705	0.01658	0.60995	0.04101	0.05497	0.02094	0.02094	0.01483	0.01047	0.00873	0.00262	0.00960	0.00785	0.00873	0.01483
93	0.02649	0.02048	0.02260	0.01690	0.02423	0.02022	0.01382	0.34965	0.03086	0.04322	0.01853	0.01968	0.01399	0.00870	0.00772	0.00203	0.00821	0.00666	0.00715	0.33886
94	0.02264	0.62191	0.11650	0.01609	0.02419	0.03284	0.01696	0.02630	0.01781	0.02136	0.01254	0.01451	0.01118	0.00756	0.00591	0.00197	0.00975	0.00487	0.00373	0.01139
95	0.01063	0.00759	0.01012	0.01215	0.01265	0.00709	0.00810	0.01215	0.01670	0.02227	0.04808	0.68775	0.05769	0.02733	0.01113	0.00354	0.00506	0.02480	0.00810	0.00709
96	0.01175	0.00875	0.01004	0.00979	0.01153	0.00800	0.00678	0.01396	0.01939	0.02556	0.26208	0.06919	0.25772	0.22417	0.02064	0.00455	0.00554	0.01575	0.00778	0.00704
97	0.01809	0.01550	0.01809	0.01292	0.02067	0.01163	0.01034	0.02196	0.01809	0.02842	0.01550	0.01809	0.01292	0.00646	0.00646	0.00129	0.00646	0.00517	0.00517	0.74677
98	0.01031	0.00884	0.00884	0.00884	0.01178	0.00736	0.00663	0.01252	0.01988	0.02356	0.08837	0.08395	0.63549	0.02209	0.01031	0.00295	0.00442	0.01841	0.00810	0.00736
99	0.03316	0.02443	0.02618	0.02007	0.02705	0.02705	0.01658	0.60995	0.04101	0.05497	0.02094	0.02094	0.01483	0.01047	0.00873	0.00262	0.00960	0.00785	0.00873	0.01483
100	0.01083	0.00900	0.00956	0.00984	0.01265	0.00773	0.00766	0.01329	0.01991	0.02392	0.08251	0.08595	0.55432	0.02237	0.01055	0.00309	0.00492	0.09634	0.00809	0.00746
101	0.02027	0.02259	0.04625	0.03384	0.04080	0.02304	0.48322	0.02647	0.01906	0.02647	0.01634	0.02259	0.01286	0.00902	0.01416	0.00313	0.15456	0.00973	0.00429	0.01130
102	0.01063	0.00759	0.01012	0.01215	0.01265	0.00709	0.00810	0.01215	0.01670	0.02227	0.04808	0.68775	0.05769	0.02733	0.01113	0.00354	0.00506	0.02480	0.00810	0.00709
103	0.01246	0.00935	0.01402	0.01402	0.01558	0.01090	0.01090	0.01558	0.01402	0.02025	0.02336	0.03427	0.02181	0.06542	0.65888	0.01402	0.02336	0.00935	0.00467	0.00779
104	0.03316	0.02443	0.02618	0.02007	0.02705	0.02705	0.01658	0.60995	0.04101	0.05497	0.02094	0.02094	0.01483	0.01047	0.00873	0.00262	0.00960	0.00785	0.00873	0.01483
105	0.01406	0.01004	0.01406	0.01606	0.01807	0.01004	0.01406	0.01807	0.02008	0.02610	0.04618	0.09839	0.05020	0.02410	0.01205	0.00402	0.00803	0.58032	0.00803	0.00803
106	0.01268	0.00846	0.00951	0.00951	0.00951	0.00846	0.00529	0.01268	0.01268	0.01691	0.02748	0.05708	0.03171	0.69345	0.04440	0.00846	0.00846	0.01268	0.00529	0.00529
107	0.02462	0.54088	0.07887	0.01689	0.02415	0.14545	0.01633	0.02777	0.01902	0.02111	0.01259	0.01458	0.01119	0.00779	0.00617	0.00199	0.01069	0.00494	0.00387	0.01110
108	0.01750	0.04512	0.64825	0.02486	0.03775	0.02026	0.03223	0.02762	0.01842	0.02762	0.01565	0.01842	0.01105	0.00829	0.00829	0.00276	0.01289	0.00645	0.00368	0.01289
109	0.02159	0.02073	0.03541	0.05354	0.63903	0.02073	0.02677	0.02677	0.01986	0.02850	0.01641	0.02159	0.01382	0.00777	0.00864	0.00259	0.01036	0.00777	0.00432	0.01382
110	0.02999	0.03690	0.02353	0.02076	0.02584	0.54251	0.01569	0.03253	0.02353	0.02262	0.01385	0.01615	0.01154	0.00854	0.00761	0.00208	0.01407	0.00554	0.00462	0.14213
111	0.03258	0.04157	0.02472	0.02247	0.02697	0.65843	0.01685	0.03483	0.02472	0.02135	0.01348	0.01573	0.01124	0.00899	0.00787	0.00225	0.01573	0.00562	0.00449	0.01011
112	0.01539	0.01162	0.01281	0.01215	0.01384	0.01245	0.00815	0.02325	0.19897	0.02455	0.08716	0.05040	0.03494	0.42304	0.03041	0.00625	0.00758	0.01212	0.00678	0.00815
113	0.01063	0.00759	0.01012	0.01215	0.01265	0.00709	0.00810	0.01215	0.01670	0.02227	0.04808	0.68775	0.05769	0.02733	0.01113	0.00354	0.00506	0.02480	0.00810	0.00709
114	0.75506	0.01687	0.01282	0.01147	0.01687	0.01957	0.00945	0.02564	0.01484	0.03914	0.01215	0.01417	0.00945	0.00810	0.00540	0.00270	0.00675	0.00472	0.00540	0.00945
115	0.01258	0.00841	0.00954	0.00964	0.00967	0.00839	0.00543	0.01266	0.01288	0.01718	0.02851	0.08841	0.03300	0.66036	0.04275	0.00821	0.00829	0.01329	0.00543	0.00537
116	0.01075	0.00863	0.00960	0.00983	0.01217	0.00748	0.00719	0.01319	0.02021	0.02547	0.18338	0.18864	0.42838	0.02223	0.01045	0.00301	0.00448	0.01906	0.00838	0.00748
117	0.01063	0.00759	0.01012	0.01215	0.01265	0.00709	0.00810	0.01215	0.01670	0.02227	0.04808	0.68775	0.05769	0.02733	0.01113	0.00354	0.00506	0.02480	0.00810	0.00709
118	0.01061	0.00767	0.01004	0.01194	0.01260	0.00710	0.00801	0.01217	0.01690	0.02235	0.05059	0.65002	0.09380	0.02700	0.01108	0.00351	0.00502	0.02440	0.00810	0.00710
119	0.02882	0.02024	0.02154	0.01700	0.02271	0.02219	0.01389	0.45845	0.03517	0.04920	0.02287	0.02392	0.01677	0.01039	0.00805	0.00247	0.00818	0.00792	0.19710	0.01311
120	0.03316	0.02443	0.02618	0.02007	0.02705	0.02705	0.01658	0.60995	0.04101	0.05497	0.02094	0.02094	0.01483	0.01047	0.00873	0.00262	0.00960	0.00785	0.00873	0.01483
121	0.03914	0.01484	0.02024	0.01552	0.02227	0.01282	0.01282	0.04251	0.02497	0.64507	0.03441	0.02969	0.02159	0.01080	0.00877	0.00270	0.00742	0.00877	0.01080	0.01484
122	0.01031	0.00884	0.00884	0.00884	0.01178	0.00736	0.00663	0.01252	0.01988	0.02356	0.08837	0.08395	0.63549	0.02209	0.01031	0.00295	0.00442	0.01841	0.00810	0.00736
123	0.01268	0.00846	0.00951	0.00951	0.00951	0.00846	0.00529	0.01268	0.01268	0.01691	0.02748	0.05708	0.03171	0.69345	0.04440	0.00846	0.00846	0.01268	0.00529	0.00529
124	0.02170	0.01874	0.01972	0.01775	0.02268	0.02170	0.01381	0.04635	0.62327	0.03649	0.03550	0.03254	0.02663	0.01183	0.00888	0.00296	0.00690	0.00986	0.00888	0.01381
125	0.01033	0.00877	0.00890	0.00900	0.01183	0.00735	0.00670	0.01250	0.01972	0.02350	0.08636	0.11394	0.60680	0.02235	0.01035	0.00298	0.00445	0.01873	0.00810	0.00735
126	0.01041	0.00846	0.00923	0.00984	0.01205	0.00728	0.00707	0.01241	0.01891	0.02317	0.07611	0.26762	0.45973	0.02368	0.01056	0.00313	0.00461	0.02035	0.00810	0.00728
127	0.01750	0.04512	0.64825	0.02486	0.03775	0.02026	0.03223	0.02762	0.01842	0.02762	0.01565	0.01842	0.01105	0.00829	0.00829	0.00276	0.01289	0.00645	0.00368	0.01289
128	0.01515	0.00758	0.01136	0.01136	0.01136	0.00758	0.00758	0.01136	0.01136	0.01515	0.01515	0.02652	0.01515	0.03030	0.03409	0.74621	0.00758	0.00758	0.00379	0.00379
129	0.01197	0.00930	0.01114	0.01182	0.01431	0.00848	0.00963	0.01508	0.02052	0.02587	0.13655	0.08721	0.34895	0.02235	0.01097	0.00333	0.00575	0.23081	0.00825	0.00772
130	0.01246	0.00935	0.01402	0.01402	0.01558	0.01090	0.01090	0.01558	0.01402	0.02025	0.02336	0.03427	0.02181	0.06542	0.65888	0.01402	0.02336	0.00935	0.00467	0.00779
131	0.01035	0.00866	0.00902	0.00930	0.01190	0.00732	0.00683	0.01247	0.01944	0.02338	0.08275	0.16816	0.55491	0.02282	0.01042	0.00303	0.00451	0.01930	0.00810	0.00732
132	0.01606	0.00987	0.01209	0.01098	0.01412	0.00869	0.00843	0.01939	0.02306	0.13180	0.34501	0.06584	0.26503	0.01815	0.01004	0.00281	0.00477	0.01554	0.00928	0.00902
133	0.01246	0.00935	0.01402	0.01402	0.01558	0.01090	0.01090	0.01558	0.01402	0.02025	0.02336	0.03427	0.02181	0.06542	0.65888	0.01402	0.02336	0.00935	0.00467	0.00779
134	0.01063	0.00759	0.01012	0.01215	0.01265	0.00709	0.00810	0.01215	0.01670	0.02227	0.04808	0.68775	0.05769	0.02733	0.01113	0.00354	0.00506	0.02480	0.00810	0.00709
135	0.02676	0.01182	0.01598	0.01386	0.01806	0.01044	0.01075	0.02967	0.02242	0.37113	0.12224	0.23418	0.04101	0.01679	0.00970	0.00296	0.00625	0.01461	0.00981	0.01157
136	0.22316	0.01973	0.01969	0.01586	0.02151	0.02194	0.01290	0.35598	0.03000	0.04629	0.01979	0.02222	0.01508	0.04241	0.00923	0.00285	0.00813	0.00728	0.09380	0.01215
137	0.01724	0.01318	0.01715	0.09714	0.02384	0.01415	0.01439	0.10307	0.07628	0.03185	0.13521	0.09627	0.04409	0.01834	0.01056	0.00336	0.00780	0.25847	0.00795	0.00968
138	0.01071	0.00765	0.01019	0.01209	0.01267	0.00714	0.00810	0.01234	0.01706	0.02284	0.07459	0.65960	0.05881	0.02690	0.01110	0.00351	0.00502	0.02439	0.00817	0.00714
139	0.01063	0.00759	0.01012	0.01215	0.01265	0.00709	0.00810	0.01215	0.01670	0.02227	0.04808	0.68775	0.05769	0.02733	0.01113	0.00354	0.00506	0.02480	0.00810	0.00709
140	0.01515	0.00758	0.01136	0.01136	0.01136	0.00758	0.00758	0.01136	0.01136	0.01515	0.01515	0.02652	0.01515	0.03030	0.03409	0.74621	0.00758	0.00758	0.00379	0.00379
141	0.02332	0.69869	0.04571	0.01493	0.02239	0.03451	0.01493	0.02612	0.01772	0.02052	0.01213	0.01399	0.01119	0.00746	0.00560	0.00187	0.00933	0.00466	0.00373	0.01119
142	0.75506	0.01687	0.01282	0.01147	0.01687	0.01957	0.00945	0.02564	0.01484	0.03914	0.01215	0.01417	0.00945	0.00810	0.00540	0.00270	0.00675	0.00472	0.00540	0.00945
143	0.01126	0.00879	0.00968	0.00951	0.01170	0.00778	0.00680	0.01356	0.01983	0.02531	0.21776	0.07430	0.38515	0.14131	0.01641	0.00388	0.00506	0.01671	0.00798	0.00721
144	0.01067	0.00885	0.00934	0.00922	0.01200	0.00752	0.00691	0.01322	0.02074	0.02560	0.18575	0.08060	0.53683	0.02133	0.01031	0.00291	0.00436	0.01794	0.00837	0.00752
145	0.02159	0.02073	0.03541	0.05354	0.63903	0.02073	0.02677	0.02677	0.01986	0.02850	0.01641	0.02159	0.01382	0.00777	0.00864	0.00259	0.01036	0.00777	0.00432	0.01382
146	0.01809	0.01550	0.01809	0.01292	0.02067	0.01163	0.01034	0.02196	0.01809	0.02842	0.01550	0.01809	0.01292	0.00646	0.00646	0.00129	0.00646	0.00517	0.00517	0.74677
147	0.01084	0.00871	0.00967	0.00974	0.01219	0.00754	0.00719	0.01342	0.02067	0.02616	0.21509	0.15036	0.43444	0.02168	0.01040	0.00297	0.00442	0.01853	0.00846	0.00754
148	0.01248	0.00834	0.00951	0.00978	0.01005	0.00822	0.00575	0.01294	0.01374	0.01856	0.03258	0.14098	0.05769	0.54955	0.03701	0.00731	0.00766	0.01432	0.03781	0.00573
149	0.02159	0.02073	0.03541	0.05354	0.63903	0.02073	0.02677	0.02677	0.01986	0.02850	0.01641	0.02159	0.01382	0.00777	0.00864	0.00259	0.01036	0.00777	0.00432	0.01382
150	0.01039	0.00852	0.00916	0.00968	0.01200	0.00729	0.00700	0.01242	0.01907	0.02323	0.07811	0.23763	0.48843	0.02342	0.01052	0.00310	0.00458	0.02004	0.00810	0.00729
151	0.01068	0.00809	0.00987	0.01104	0.01242	0.00727	0.00766	0.01264	0.01837	0.02378	0.11216	0.44959	0.23508	0.02490	0.01081	0.00329	0.00478	0.02206	0.00823	0.00727
152	0.01246	0.00935	0.01402	0.01402	0.01558	0.01090	0.01090	0.01558	0.01402	0.02025	0.02336	0.03427	0.02181	0.06542	0.65888	0.01402	0.02336	0.00935	0.00467	0.00779
153	0.01117	0.00815	0.01061	0.01224	0.01333	0.00759	0.00876	0.01326	0.01800	0.02367	0.08575	0.49937	0.12592	0.02572	0.01112	0.00349	0.00535	0.10101	0.00817	0.00731
154	0.12317	0.01165	0.01327	0.01182	0.01590	0.01077	0.00922	0.02379	0.02079	0.21569	0.10658	0.12693	0.24292	0.01693	0.00925	0.00289	0.00570	0.01408	0.00868	0.00998
155	0.01031	0.00884	0.00884	0.00884	0.01178	0.00736	0.00663	0.01252	0.01988	0.02356	0.08837	0.08395	0.63549	0.02209	0.01031	0.00295	0.00442	0.01841	0.00810	0.00736
156	0.02695	0.01959	0.02112	0.01687	0.02173	0.02141	0.01315	0.42884	0.03242	0.04343	0.02293	0.03190	0.01995	0.21757	0.01954	0.00439	0.00925	0.00932	0.00768	0.01194
157	0.01256	0.00964	0.01165	0.01178	0.01383	0.00931	0.00857	0.01795	0.09168	0.02922	0.28704	0.26053	0.16164	0.02084	0.01039	0.00305	0.00479	0.01837	0.00879	0.00838
158	0.01361	0.00898	0.01223	0.01223	0.01393	0.01006	0.00945	0.01702	0.01531	0.02397	0.02491	0.03374	0.02197	0.04866	0.46094	0.01038	0.01751	0.00898	0.22821	0.00789
159	0.01468	0.00897	0.01205	0.01278	0.01448	0.00832	0.00937	0.01719	0.01955	0.09785	0.15556	0.42558	0.05718	0.02325	0.01081	0.00335	0.00551	0.08651	0.00869	0.00832
160	0.01041	0.00846	0.00923	0.00984	0.01205	0.00728	0.00707	0.01241	0.01892	0.02317	0.07615	0.26704	0.46029	0.02368	0.01056	0.00313	0.00461	0.02035	0.00810	0.00728
161	0.01172	0.00888	0.01106	0.01238	0.01425	0.00822	0.00968	0.01435	0.01898	0.02406	0.06131	0.27269	0.25431	0.02439	0.01117	0.00350	0.00588	0.21757	0.00808	0.00751
162	0.01856	0.01763	0.02993	0.42047	0.29581	0.01993	0.02526	0.02411	0.01843	0.02482	0.01587	0.02258	0.01252	0.00833	0.00869	0.00278	0.01111	0.00776	0.00406	0.01137
163	0.01321	0.00843	0.00911	0.00911	0.00994	0.00825	0.00564	0.01441	0.01486	0.02131	0.03526	0.05479	0.10445	0.45380	0.03140	0.00630	0.00695	0.01235	0.17422	0.00619
164	0.02632	0.01993	0.02150	0.01776	0.02339	0.02205	0.01425	0.29195	0.26871	0.07051	0.06868	0.03217	0.05881	0.01213	0.00897	0.00278	0.00781	0.00977	0.00889	0.01360
165	0.01235	0.00892	0.01166	0.01097	0.01303	0.00823	0.00823	0.01646	0.02469	0.03498	0.63443	0.06516	0.08230	0.01783	0.01029	0.00274	0.00412	0.01578	0.00960	0.00823
166	0.01160	0.00898	0.01079	0.01174	0.01391	0.00817	0.00923	0.01432	0.01959	0.02464	0.09423	0.19860	0.32522	0.02346	0.01099	0.00337	0.00562	0.18985	0.00815	0.00756
167	0.01243	0.00835	0.00959	0.00984	0.00990	0.00829	0.00563	0.01262	0.01318	0.01757	0.03001	0.13453	0.03490	0.61164	0.04031	0.00785	0.00804	0.01417	0.00563	0.00551
168	0.01105	0.00789	0.01060	0.01263	0.01332	0.00745	0.00883	0.01287	0.01711	0.02274	0.04784	0.61551	0.05677	0.02693	0.01125	0.00360	0.00542	0.09290	0.00809	0.00720
169	0.01809	0.01550	0.01809	0.01292	0.02067	0.01163	0.01034	0.02196	0.01809	0.02842	0.01550	0.01809	0.01292	0.00646	0.00646	0.00129	0.00646	0.00517	0.00517	0.74677
170	0.01247	0.00931	0.01382	0.01382	0.01531	0.01080	0.01066	0.01545	0.01396	0.02010	0.02354	0.03526	0.02224	0.09274	0.63214	0.01378	0.02272	0.00949	0.00470	0.00768
171	0.02564	0.01786	0.01984	0.01725	0.02259	0.01969	0.01358	0.04548	0.48782	0.17427	0.03526	0.03190	0.02549	0.01160	0.00885	0.00290	0.00702	0.00962	0.00931	0.01404
172	0.02159	0.02073	0.03541	0.05354	0.63903	0.02073	0.02677	0.02677	0.01986	0.02850	0.01641	0.02159	0.01382	0.00777	0.00864	0.00259	0.01036	0.00777	0.00432	0.01382
173	0.03316	0.02443	0.02618	0.02007	0.02705	0.02705	0.01658	0.60995	0.04101	0.05497	0.02094	0.02094	0.01483	0.01047	0.00873	0.00262	0.00960	0.00785	0.00873	0.01483
174	0.01247	0.00931	0.01382	0.01382	0.01531	0.01080	0.01066	0.01545	0.01396	0.02011	0.02354	0.03525	0.02224	0.09257	0.63232	0.01378	0.02272	0.00949	0.00470	0.00768
175	0.01301	0.00955	0.01223	0.01350	0.01545	0.00921	0.01114	0.01606	0.01900	0.02424	0.05318	0.08934	0.18090	0.11699	0.01616	0.00439	0.00727	0.37320	0.00766	0.00750
176	0.03225	0.02390	0.02569	0.01964	0.02667	0.02612	0.01620	0.57455	0.03963	0.05338	0.02062	0.02077	0.01472	0.01023	0.00859	0.00254	0.00941	0.00769	0.00851	0.05890
177	0.02021	0.02383	0.07654	0.03399	0.04240	0.02168	0.50964	0.02716	0.01989	0.02752	0.01704	0.02270	0.01300	0.00784	0.01113	0.00289	0.05550	0.00966	0.00438	0.05298
178	0.01926	0.24330	0.46554	0.02185	0.03309	0.02458	0.02698	0.02717	0.01821	0.02547	0.01458	0.01707	0.01109	0.00804	0.00747	0.00249	0.01181	0.00591	0.00370	0.01238
179	0.03258	0.04157	0.02472	0.02247	0.02697	0.65843	0.01685	0.03483	0.02472	0.02135	0.01348	0.01573	0.01124	0.00899	0.00787	0.00225	0.01573	0.00562	0.00449	0.01011
180	0.01246	0.00935	0.01402	0.01402	0.01558	0.01090	0.01090	0.01558	0.01402	0.02025	0.02336	0.03427	0.02181	0.06542	0.65888	0.01402	0.02336	0.00935	0.00467	0.00779
181	0.02282	0.02321	0.03485	0.10356	0.41124	0.09598	0.09690	0.05477	0.02129	0.02825	0.01635	0.02127	0.01329	0.00808	0.00876	0.00262	0.01161	0.00783	0.00452	0.01279
182	0.01419	0.01188	0.01733	0.01633	0.01749	0.01503	0.01304	0.01699	0.01385	0.02044	0.02026	0.03031	0.01911	0.05235	0.49458	0.01136	0.19388	0.00890	0.00445	0.00825
183	0.01101	0.00869	0.00992	0.00999	0.01231	0.00760	0.00735	0.01374	0.02099	0.02706	0.25850	0.16211	0.37687	0.02145	0.01042	0.00296	0.00441	0.01845	0.00858	0.00760
184	0.03316	0.02443	0.02618	0.02007	0.02705	0.02705	0.01658	0.60995	0.04101	0.05497	0.02094	0.02094	0.01483	0.01047	0.00873	0.00262	0.00960	0.00785	0.00873	0.01483
185	0.06524	0.02381	0.02525	0.01957	0.02637	0.02645	0.01612	0.55553	0.06875	0.05334	0.02127	0.02121	0.01518	0.01043	0.00858	0.00264	0.00934	0.00781	0.00858	0.01454
186	0.01386	0.00894	0.01098	0.01159	0.01278	0.00908	0.00861	0.01623	0.01626	0.02338	0.03301	0.06229	0.03443	0.28742	0.07956	0.00620	0.00867	0.18353	0.16624	0.00695
187	0.01174	0.00889	0.01082	0.01034	0.01266	0.00797	0.00775	0.01529	0.02326	0.03158	0.47161	0.07076	0.24724	0.01910	0.01029	0.00280	0.00421	0.01656	0.00915	0.00797
188	0.01216	0.00823	0.00967	0.01019	0.01032	0.00810	0.00601	0.01255	0.01372	0.01829	0.03278	0.21913	0.03839	0.52229	0.03585	0.00719	0.00758	0.01580	0.00601	0.00575
189	0.02984	0.03392	0.02474	0.02171	0.02587	0.42975	0.01683	0.13187	0.02545	0.02709	0.01497	0.01799	0.01240	0.01282	0.04199	0.00309	0.10732	0.00647	0.00514	0.01074
190	0.01545	0.01065	0.01186	0.01110	0.01210	0.01099	0.00699	0.09596	0.01681	0.02246	0.02749	0.08020	0.03052	0.56845	0.03794	0.00742	0.00846	0.01255	0.00589	0.00670
191	0.01449	0.01257	0.01547	0.01512	0.01687	0.06845	0.01175	0.01748	0.01493	0.02038	0.02202	0.03203	0.02046	0.05846	0.57649	0.01258	0.04882	0.00895	0.00462	0.00806
192	0.03258	0.04157	0.02472	0.02247	0.02697	0.65843	0.01685	0.03483	0.02472	0.02135	0.01348	0.01573	0.01124	0.00899	0.00787	0.00225	0.01573	0.00562	0.00449	0.01011
193	0.01075	0.00836	0.00978	0.01047	0.01232	0.00739	0.00746	0.01299	0.01939	0.02484	0.15815	0.31804	0.32194	0.02348	0.01063	0.00315	0.00462	0.02050	0.00833	0.00739
194	0.01689	0.01114	0.01223	0.01114	0.01501	0.01012	0.00863	0.02209	0.09563	0.13655	0.07214	0.06785	0.44997	0.01880	0.00986	0.00290	0.00526	0.01562	0.00868	0.00950
195	0.02220	0.01770	0.02024	0.05816	0.02487	0.01988	0.01518	0.17390	0.29174	0.03744	0.03347	0.04593	0.02885	0.01443	0.00964	0.00314	0.00813	0.15444	0.00832	0.01233
196	0.02159	0.02073	0.03541	0.05354	0.63903	0.02073	0.02677	0.02677	0.01986	0.02850	0.01641	0.02159	0.01382	0.00777	0.00864	0.00259	0.01036	0.00777	0.00432	0.01382
197	0.01052	0.00844	0.00926	0.00987	0.01194	0.00733	0.00701	0.01241	0.01858	0.02286	0.07328	0.26577	0.43179	0.05536	0.01217	0.00339	0.00480	0.02008	0.00797	0.00718
198	0.02585	0.01911	0.02189	0.01793	0.02300	0.02135	0.01458	0.40020	0.03149	0.04272	0.02180	0.02564	0.01729	0.02986	0.23816	0.00664	0.01446	0.00838	0.00730	0.01235
199	0.02352	0.02446	0.03323	0.04499	0.46433	0.13513	0.05010	0.02949	0.05847	0.02769	0.01713	0.02131	0.01413	0.00823	0.00859	0.00257	0.01130	0.00763	0.00464	0.01306
200	0.01926	0.24330	0.46554	0.02185	0.03309	0.02458	0.02698	0.02717	0.01821	0.02547	0.01458	0.01707	0.01109	0.00804	0.00747	0.00249	0.01181	0.00591	0.00370	0.01238
201	0.01197	0.00850	0.01066	0.01098	0.01215	0.00803	0.00757	0.01424	0.01908	0.02608	0.27548	0.22288	0.08894	0.19871	0.01956	0.00451	0.00567	0.03992	0.00795	0.00711
202	0.49496	0.02045	0.01756	0.01469	0.02053	0.05362	0.01203	0.20758	0.02346	0.04317	0.01494	0.01635	0.01121	0.00888	0.00655	0.00265	0.00808	0.00574	0.00639	0.01115
203	0.02130	0.02078	0.02019	0.01812	0.02202	0.14579	0.04164	0.08172	0.19183	0.02962	0.03652	0.12755	0.10224	0.01529	0.01052	0.00298	0.04648	0.04743	0.00723	0.01074
204	0.01114	0.00789	0.01026	0.01163	0.01229	0.00743	0.00774	0.01282	0.01728	0.02333	0.12711	0.51698	0.05767	0.11466	0.01544	0.00409	0.00538	0.02193	0.00793	0.00701
205	0.01245	0.00930	0.01145	0.01224	0.01428	0.00875	0.00977	0.01532	0.01947	0.02493	0.11973	0.08436	0.24342	0.11613	0.01580	0.00415	0.00649	0.25666	0.00784	0.00745
206	0.03258	0.04157	0.02472	0.02247	0.02697	0.65843	0.01685	0.03483	0.02472	0.02135	0.01348	0.01573	0.01124	0.00899	0.00787	0.00225	0.01573	0.00562	0.00449	0.01011
207	0.02267	0.02475	0.02810	0.31634	0.19880	0.21350	0.02264	0.02724	0.02027	0.02360	0.01512	0.02055	0.01207	0.00856	0.00844	0.00263	0.01255	0.00711	0.00418	0.01088
208	0.02037	0.01071	0.01412	0.01225	0.01577	0.00958	0.00954	0.02416	0.02454	0.21941	0.42537	0.05534	0.09137	0.01591	0.00983	0.00274	0.00513	0.01378	0.00989	0.01019
209	0.01165	0.00903	0.01085	0.01190	0.01409	0.00823	0.00943	0.01435	0.01938	0.02420	0.06670	0.19710	0.33153	0.02372	0.01105	0.00342	0.00577	0.21196	0.00808	0.00754
210	0.02091	0.02223	0.04408	0.04271	0.27668	0.02175	0.35401	0.02717	0.01998	0.02785	0.01689	0.02257	0.01338	0.00787	0.01046	0.00284	0.04260	0.00919	0.00435	0.01247
211	0.01858	0.16695	0.53593	0.02301	0.03489	0.02292	0.02900	0.02734	0.01829	0.02630	0.01500	0.01759	0.01108	0.00813	0.00779	0.00260	0.01223	0.00611	0.00369	0.01257
212	0.02903	0.29657	0.03310	0.01924	0.02519	0.34023	0.01607	0.09899	0.02390	0.02498	0.01383	0.01566	0.01164	0.00857	0.00708	0.00214	0.01251	0.00551	0.00469	0.01109
213	0.24363	0.01396	0.01457	0.01287	0.01699	0.01459	0.01013	0.10398	0.02277	0.10025	0.19464	0.11370	0.07606	0.01449	0.00853	0.00281	0.00615	0.01180	0.00806	0.01002
214	0.24112	0.01536	0.01600	0.07155	0.02167	0.01735	0.01189	0.03010	0.23151	0.03514	0.15575	0.03539	0.05953	0.01216	0.00817	0.00283	0.00657	0.00976	0.00750	0.01065
215	0.01599	0.01517	0.01621	0.01438	0.01761	0.08833	0.04662	0.05349	0.02231	0.02783	0.18846	0.08882	0.29320	0.01778	0.01110	0.00288	0.04873	0.01478	0.00756	0.00873
216	0.02410	0.02899	0.10519	0.01720	0.02190	0.31508	0.01479	0.02815	0.02133	0.02659	0.01964	0.02267	0.01556	0.00935	0.00723	0.00224	0.01077	0.00672	0.29278	0.00972
217	0.01751	0.01618	0.02547	0.03669	0.39426	0.01573	0.01954	0.02168	0.01989	0.02679	0.04084	0.04725	0.20553	0.01355	0.00944	0.00282	0.00836	0.06132	0.00579	0.01135
218	0.01716	0.03393	0.40081	0.02104	0.02984	0.07329	0.02414	0.02441	0.01800	0.02504	0.02186	0.02609	0.05268	0.02297	0.16500	0.00544	0.01513	0.00782	0.00427	0.01107
219	0.01662	0.01567	0.01905	0.02452	0.18210	0.09171	0.01427	0.01931	0.01860	0.02410	0.03385	0.39619	0.03819	0.01889	0.00985	0.00303	0.00786	0.01698	0.00651	0.04271

[dist]
# distance from previous block
# <min> <max>
0	2

# created by:
# /home/cegg/simao/soft/augustus-3.2.1/scripts/msa2prfl.pl ./align_prep/11790.fa
