[name]
unknown

[dist]
# distance from previous block
# <min> <max>
0	79

[block]
# block no. 0 follows, 21 sequences, length 12
# corresponding to MSA columns:
# 79-90
name=unknown_A
#
# <colnr> <probs for GDERKNQSTAVLIFYWHMCP>
#	G	D	E	R	K	N	Q	S	T	A	V	L	I	F	Y	W	H	M	C	P
0	0.06556	0.01247	0.01645	0.10069	0.02375	0.01341	0.01495	0.08520	0.02118	0.02895	0.03631	0.07284	0.03772	0.01909	0.01055	0.00354	0.00837	0.41286	0.00722	0.00887
1	0.05613	0.02258	0.02378	0.05599	0.08081	0.20874	0.07626	0.06987	0.02014	0.02509	0.01769	0.02347	0.01510	0.02729	0.23232	0.00628	0.01625	0.00760	0.00475	0.00988
2	0.01647	0.01503	0.01632	0.05507	0.01957	0.08166	0.01208	0.07811	0.01947	0.02472	0.03968	0.19072	0.16927	0.02443	0.10344	0.00452	0.10074	0.01377	0.00632	0.00862
3	0.01721	0.01390	0.01663	0.01362	0.01770	0.01336	0.01043	0.08443	0.01921	0.02790	0.08401	0.09227	0.02679	0.13286	0.01627	0.00325	0.08240	0.00972	0.00600	0.31204
4	0.01449	0.01160	0.01363	0.01347	0.01584	0.01262	0.00994	0.02373	0.21966	0.02553	0.03994	0.20070	0.10112	0.09240	0.15919	0.00593	0.00975	0.01422	0.00715	0.00910
5	0.05623	0.01411	0.01513	0.15299	0.02407	0.08356	0.01195	0.01909	0.01858	0.06329	0.04663	0.11958	0.25921	0.01704	0.01074	0.05246	0.00760	0.01306	0.00639	0.00828
6	0.19237	0.02073	0.01808	0.01771	0.05980	0.16677	0.01281	0.11349	0.02123	0.03108	0.02013	0.08900	0.01819	0.01816	0.09779	0.00405	0.01109	0.00835	0.06930	0.00987
7	0.01750	0.01403	0.01742	0.01970	0.12227	0.01454	0.01252	0.02744	0.22942	0.06123	0.04361	0.11683	0.16624	0.08352	0.01263	0.00341	0.00674	0.01298	0.00741	0.01056
8	0.01867	0.01321	0.01532	0.01375	0.01728	0.01399	0.01061	0.09110	0.16091	0.09188	0.04098	0.04424	0.16237	0.09452	0.16613	0.00587	0.01044	0.01132	0.00736	0.01007
9	0.01179	0.00825	0.00979	0.01045	0.01108	0.00798	0.00680	0.01277	0.01479	0.01933	0.03989	0.20955	0.10690	0.40175	0.02896	0.00611	0.00701	0.07437	0.00636	0.00606
10	0.01233	0.00902	0.01077	0.01147	0.01279	0.00867	0.00785	0.05878	0.01803	0.02356	0.04847	0.43431	0.15116	0.13258	0.01574	0.00405	0.00570	0.01994	0.00751	0.00726
11	0.01609	0.01105	0.01222	0.01137	0.01312	0.01137	0.00777	0.12708	0.01915	0.02628	0.03227	0.13473	0.06983	0.35975	0.02611	0.00549	0.00728	0.01296	0.08850	0.00758

[dist]
# distance from previous block
# <min> <max>
10	16

[block]
# block no. 1 follows, 21 sequences, length 12
# corresponding to MSA columns:
# 108-119
name=unknown_B
#
# <colnr> <probs for GDERKNQSTAVLIFYWHMCP>
#	G	D	E	R	K	N	Q	S	T	A	V	L	I	F	Y	W	H	M	C	P
0	0.01324	0.01129	0.01490	0.01797	0.11935	0.01110	0.01127	0.01777	0.06925	0.02410	0.05356	0.14348	0.29621	0.02656	0.12594	0.00481	0.00883	0.01483	0.00676	0.00880
1	0.02244	0.01820	0.02401	0.09329	0.08001	0.01946	0.06487	0.26097	0.06750	0.03863	0.13573	0.03443	0.07900	0.01186	0.00904	0.00268	0.00852	0.01019	0.00740	0.01178
2	0.01709	0.24517	0.23688	0.01593	0.02272	0.02020	0.01708	0.02145	0.01642	0.02167	0.02315	0.03176	0.06962	0.18848	0.01653	0.00387	0.00964	0.00829	0.00438	0.00966
3	0.20598	0.01328	0.01427	0.04195	0.01795	0.01480	0.01057	0.02678	0.10090	0.09996	0.02427	0.02844	0.01912	0.01287	0.03730	0.00308	0.04759	0.03112	0.23991	0.00986
4	0.01750	0.01688	0.02834	0.17910	0.22787	0.01875	0.08555	0.02177	0.01740	0.02408	0.02218	0.11505	0.04441	0.01218	0.01242	0.00298	0.12786	0.01050	0.00469	0.01048
5	0.02340	0.02241	0.03506	0.04230	0.40751	0.05713	0.12250	0.12734	0.02326	0.03171	0.01680	0.02096	0.01341	0.00803	0.00867	0.00257	0.01098	0.00789	0.00497	0.01311
6	0.01611	0.00940	0.01195	0.01209	0.01424	0.00865	0.00899	0.01820	0.01818	0.13344	0.04786	0.26693	0.14747	0.13144	0.01571	0.00406	0.00625	0.11295	0.00791	0.00817
7	0.01778	0.01844	0.08031	0.13984	0.21011	0.01776	0.08554	0.02157	0.01642	0.02304	0.01572	0.02278	0.01340	0.01647	0.06343	0.13456	0.08110	0.00781	0.00398	0.00994
8	0.37983	0.02034	0.01745	0.07252	0.06235	0.13151	0.01301	0.02751	0.08465	0.03155	0.02133	0.02296	0.06495	0.00962	0.00693	0.00261	0.00857	0.00687	0.00551	0.00992
9	0.02340	0.10019	0.02226	0.01753	0.02145	0.30030	0.01379	0.07407	0.02116	0.02325	0.02126	0.02542	0.05497	0.02652	0.21102	0.00577	0.01576	0.00748	0.00492	0.00949
10	0.02264	0.02419	0.02334	0.02043	0.02321	0.23002	0.04840	0.02806	0.12021	0.02283	0.01707	0.02156	0.01459	0.01609	0.05125	0.08540	0.20889	0.00740	0.00483	0.00960
11	0.01759	0.01654	0.02549	0.02274	0.07525	0.04544	0.14989	0.04643	0.01676	0.02286	0.01967	0.03258	0.01907	0.21566	0.12101	0.00610	0.12368	0.00963	0.00467	0.00896

[dist]
# distance from previous block
# <min> <max>
2	10

[block]
# block no. 2 follows, 21 sequences, length 9
# corresponding to MSA columns:
# 130-138
name=unknown_C
#
# <colnr> <probs for GDERKNQSTAVLIFYWHMCP>
#	G	D	E	R	K	N	Q	S	T	A	V	L	I	F	Y	W	H	M	C	P
0	0.01663	0.01464	0.01584	0.05275	0.04393	0.09521	0.01155	0.07029	0.01814	0.02319	0.02721	0.19268	0.02871	0.15489	0.18853	0.00671	0.01253	0.01261	0.00574	0.00822
1	0.15836	0.01950	0.02839	0.18655	0.16501	0.02129	0.10069	0.16089	0.02273	0.03409	0.01621	0.02024	0.01233	0.00841	0.00811	0.00267	0.01017	0.00738	0.00530	0.01168
2	0.02188	0.02238	0.02526	0.14701	0.13764	0.16647	0.01905	0.07677	0.01983	0.02488	0.01558	0.02123	0.01322	0.01732	0.10180	0.00426	0.14321	0.00729	0.00450	0.01041
3	0.01969	0.01745	0.02057	0.04606	0.10193	0.07562	0.01439	0.07687	0.01935	0.02765	0.01793	0.02277	0.01508	0.01774	0.11416	0.00404	0.09111	0.00706	0.10119	0.18935
4	0.01714	0.01372	0.01948	0.01629	0.01992	0.01448	0.06700	0.08454	0.01806	0.02651	0.01969	0.02639	0.01704	0.03133	0.26505	0.04533	0.07599	0.00798	0.07623	0.13781
5	0.02324	0.14707	0.21868	0.02852	0.18891	0.02409	0.02299	0.18761	0.02421	0.03323	0.01627	0.01869	0.01250	0.00840	0.00783	0.00246	0.01047	0.00669	0.00510	0.01304
6	0.01646	0.01364	0.01851	0.10543	0.07748	0.05028	0.01418	0.04916	0.01606	0.02168	0.01838	0.02700	0.01658	0.03661	0.29804	0.14530	0.05449	0.00809	0.00442	0.00823
7	0.08234	0.01742	0.05359	0.05805	0.05718	0.04048	0.12420	0.02239	0.04417	0.05545	0.04181	0.04274	0.23770	0.01357	0.01072	0.00286	0.06810	0.01144	0.00603	0.00976
8	0.01887	0.01799	0.01852	0.02105	0.13205	0.14748	0.01283	0.04811	0.01760	0.02178	0.02100	0.03540	0.02112	0.28500	0.13919	0.00665	0.01270	0.00927	0.00487	0.00853

[dist]
# distance from previous block
# <min> <max>
0	4

[block]
# block no. 3 follows, 21 sequences, length 6
# corresponding to MSA columns:
# 143-148
name=unknown_D
#
# <colnr> <probs for GDERKNQSTAVLIFYWHMCP>
#	G	D	E	R	K	N	Q	S	T	A	V	L	I	F	Y	W	H	M	C	P
0	0.01936	0.01849	0.03147	0.26618	0.44718	0.01977	0.02527	0.02463	0.01857	0.02574	0.01571	0.02162	0.01275	0.00790	0.00845	0.00263	0.01053	0.00758	0.00407	0.01211
1	0.11612	0.02703	0.02480	0.02557	0.14309	0.24911	0.01727	0.12271	0.02290	0.02986	0.01458	0.01759	0.01191	0.00926	0.00999	0.00250	0.09158	0.00633	0.00508	0.05273
2	0.01945	0.01525	0.02093	0.02609	0.22245	0.04551	0.01545	0.02418	0.05563	0.10069	0.09255	0.07802	0.07881	0.05689	0.07648	0.00414	0.00948	0.04081	0.00654	0.01064
3	0.17511	0.01908	0.06313	0.02204	0.13786	0.08752	0.04906	0.02187	0.01665	0.02553	0.02059	0.09031	0.02072	0.19586	0.01734	0.00417	0.00939	0.00960	0.00501	0.00915
4	0.01585	0.01170	0.01658	0.02028	0.14020	0.01177	0.01199	0.07584	0.01781	0.02417	0.02927	0.28738	0.03222	0.08883	0.01810	0.16206	0.00727	0.01448	0.00606	0.00813
5	0.09589	0.02252	0.02383	0.26017	0.12759	0.20089	0.01907	0.02544	0.01874	0.02382	0.01522	0.02068	0.01244	0.01454	0.08123	0.00379	0.01308	0.00685	0.00425	0.00994

[dist]
# distance from previous block
# <min> <max>
5	28

[block]
# block no. 4 follows, 21 sequences, length 13
# corresponding to MSA columns:
# 180-192
name=unknown_E
#
# <colnr> <probs for GDERKNQSTAVLIFYWHMCP>
#	G	D	E	R	K	N	Q	S	T	A	V	L	I	F	Y	W	H	M	C	P
0	0.01954	0.02177	0.10635	0.17897	0.22820	0.06515	0.02133	0.02747	0.09808	0.02732	0.01942	0.02336	0.01515	0.00875	0.00806	0.00257	0.00987	0.00757	0.09960	0.01148
1	0.02168	0.02363	0.07272	0.22578	0.22733	0.13971	0.02203	0.06740	0.02037	0.02562	0.01539	0.02053	0.01234	0.00975	0.00993	0.05201	0.01140	0.00709	0.00434	0.01097
2	0.08444	0.01843	0.02520	0.25359	0.13688	0.02043	0.01935	0.19357	0.02461	0.11371	0.01885	0.02188	0.01364	0.00905	0.00824	0.00266	0.00968	0.00748	0.00617	0.01214
3	0.02451	0.02247	0.02153	0.02224	0.12253	0.20108	0.01493	0.09851	0.02363	0.09703	0.07247	0.03179	0.09961	0.01506	0.05607	0.00325	0.01075	0.00898	0.00639	0.04717
4	0.01223	0.00903	0.01113	0.01116	0.01311	0.00843	0.00792	0.01433	0.01601	0.02226	0.04021	0.26668	0.12471	0.12518	0.12916	0.00546	0.00855	0.01540	0.05690	0.10213
5	0.01410	0.01130	0.01520	0.01356	0.01658	0.01156	0.01055	0.01705	0.01466	0.02181	0.02025	0.02974	0.01895	0.09112	0.39832	0.00920	0.05581	0.00811	0.00469	0.21743
6	0.02649	0.01910	0.02107	0.01693	0.02187	0.02140	0.01383	0.40833	0.03157	0.04427	0.02146	0.02358	0.01625	0.01429	0.05606	0.00331	0.05811	0.00781	0.16203	0.01225
7	0.19107	0.01357	0.01441	0.01305	0.01653	0.01440	0.00985	0.09906	0.07612	0.09770	0.07799	0.17220	0.03166	0.11918	0.01370	0.00368	0.00672	0.01206	0.00742	0.00963
8	0.01723	0.01369	0.01424	0.01241	0.01655	0.01372	0.00977	0.18589	0.07470	0.03264	0.06352	0.06054	0.41705	0.01755	0.00951	0.00278	0.00593	0.01439	0.00814	0.00974
9	0.01965	0.02474	0.11614	0.02945	0.24775	0.15320	0.01932	0.02399	0.02018	0.02485	0.03507	0.03653	0.19023	0.01184	0.00868	0.00258	0.00995	0.00987	0.00520	0.01081
10	0.01052	0.00822	0.00908	0.00964	0.01138	0.00728	0.00666	0.01214	0.01739	0.02158	0.06552	0.25042	0.37938	0.13305	0.01567	0.00391	0.00513	0.01881	0.00746	0.00678
11	0.01950	0.01852	0.02549	0.07443	0.30762	0.06345	0.01892	0.02513	0.06333	0.02678	0.02126	0.08728	0.01966	0.01034	0.00838	0.00246	0.00899	0.03804	0.00521	0.15522
12	0.02797	0.07568	0.02639	0.02483	0.11634	0.34299	0.01722	0.10979	0.12358	0.02843	0.01791	0.01939	0.01421	0.00913	0.00791	0.00238	0.01200	0.00668	0.00554	0.01164

[dist]
# distance from previous block
# <min> <max>
0	4

[block]
# block no. 5 follows, 21 sequences, length 11
# corresponding to MSA columns:
# 197-207
name=unknown_F
#
# <colnr> <probs for GDERKNQSTAVLIFYWHMCP>
#	G	D	E	R	K	N	Q	S	T	A	V	L	I	F	Y	W	H	M	C	P
0	0.01244	0.00845	0.01040	0.01076	0.01242	0.00767	0.00756	0.01456	0.01871	0.05965	0.18057	0.31117	0.19294	0.09587	0.01390	0.00363	0.00508	0.01870	0.00806	0.00745
1	0.02129	0.02118	0.03262	0.12702	0.52689	0.07059	0.02506	0.02619	0.01946	0.02651	0.01568	0.02082	0.01302	0.00779	0.00838	0.00254	0.01067	0.00742	0.00417	0.01270
2	0.02159	0.02234	0.03036	0.16350	0.37748	0.12336	0.02339	0.02600	0.01908	0.02484	0.01492	0.02023	0.01245	0.00865	0.01019	0.00265	0.07588	0.00723	0.00411	0.01174
3	0.01349	0.01196	0.01316	0.01563	0.06951	0.07087	0.00984	0.01532	0.01742	0.02187	0.04515	0.41457	0.13710	0.08710	0.01333	0.00362	0.00660	0.01885	0.00698	0.00765
4	0.01096	0.00854	0.01002	0.01034	0.01250	0.00759	0.00775	0.01366	0.02016	0.02600	0.22646	0.18166	0.34155	0.02146	0.01033	0.00301	0.00464	0.06767	0.00829	0.00742
5	0.02698	0.03029	0.02922	0.02403	0.02880	0.32228	0.12745	0.11010	0.05268	0.02709	0.01558	0.01877	0.01255	0.00984	0.01169	0.00266	0.12697	0.00715	0.00502	0.01086
6	0.02123	0.02085	0.02938	0.14372	0.38411	0.07743	0.02255	0.02961	0.13150	0.02764	0.01902	0.02277	0.01520	0.00856	0.00841	0.00261	0.01015	0.00777	0.00497	0.01251
7	0.01329	0.00824	0.01180	0.01180	0.01241	0.00885	0.00828	0.01297	0.01236	0.01709	0.02021	0.03438	0.02035	0.16646	0.28964	0.31929	0.01373	0.00900	0.00431	0.00553
8	0.31847	0.01198	0.01193	0.06296	0.01703	0.01314	0.00909	0.01896	0.01578	0.02929	0.05451	0.16725	0.06031	0.09825	0.01187	0.00347	0.00636	0.01131	0.07003	0.00799
9	0.01378	0.01087	0.01503	0.01885	0.12904	0.01060	0.01107	0.04416	0.01812	0.02438	0.07449	0.34260	0.10011	0.12859	0.01534	0.00390	0.00651	0.01737	0.00690	0.00829
10	0.01624	0.01513	0.01476	0.05025	0.01832	0.13034	0.01095	0.04662	0.01857	0.02302	0.06547	0.29934	0.03678	0.08546	0.12351	0.00524	0.01065	0.01501	0.00634	0.00798

[dist]
# distance from previous block
# <min> <max>
2	8

[block]
# block no. 6 follows, 21 sequences, length 90
# corresponding to MSA columns:
# 216-305
name=unknown_G
#
# <colnr> <probs for GDERKNQSTAVLIFYWHMCP>
#	G	D	E	R	K	N	Q	S	T	A	V	L	I	F	Y	W	H	M	C	P
0	0.02685	0.06324	0.05836	0.02342	0.06303	0.36254	0.08279	0.03228	0.07997	0.05850	0.02109	0.02263	0.04910	0.00950	0.00817	0.00242	0.01262	0.00737	0.00523	0.01088
1	0.02171	0.02964	0.18177	0.01821	0.02445	0.23517	0.01716	0.02769	0.07053	0.05996	0.03611	0.03590	0.18195	0.01233	0.00855	0.00258	0.01053	0.00953	0.00582	0.01040
2	0.01068	0.00865	0.00949	0.00928	0.01188	0.00745	0.00696	0.01343	0.02088	0.02650	0.26200	0.07612	0.46640	0.02024	0.01005	0.00281	0.00422	0.01715	0.00836	0.00745
3	0.01862	0.01862	0.02607	0.02234	0.02234	0.02607	0.01862	0.02048	0.01303	0.02048	0.01117	0.01862	0.01117	0.01489	0.02793	0.00372	0.68535	0.00745	0.00372	0.00931
4	0.01765	0.01513	0.01765	0.01260	0.02017	0.01134	0.01008	0.02143	0.01765	0.02773	0.01513	0.01765	0.01260	0.00630	0.00630	0.00126	0.00630	0.00504	0.00504	0.75295
5	0.01037	0.00741	0.00987	0.01185	0.01234	0.00691	0.00790	0.01185	0.01629	0.02172	0.04690	0.69537	0.05629	0.02666	0.01086	0.00346	0.00494	0.02419	0.00790	0.00691
6	0.02106	0.02022	0.03454	0.05223	0.64784	0.02022	0.02612	0.02612	0.01938	0.02780	0.01601	0.02106	0.01348	0.00758	0.00842	0.00253	0.01011	0.00758	0.00421	0.01348
7	0.03127	0.07898	0.02530	0.02150	0.02605	0.63021	0.01633	0.03349	0.02372	0.02078	0.01308	0.01525	0.01096	0.00868	0.00755	0.00217	0.01499	0.00543	0.00434	0.00993
8	0.01853	0.01102	0.01134	0.01037	0.01326	0.01164	0.00802	0.10049	0.08096	0.03496	0.02748	0.03026	0.02126	0.01011	0.00655	0.00215	0.00494	0.00806	0.57928	0.00933
9	0.01273	0.01061	0.01636	0.28907	0.03153	0.01189	0.01442	0.01595	0.01659	0.02173	0.03373	0.41646	0.03765	0.01913	0.00989	0.00320	0.00759	0.01730	0.00619	0.00797
10	0.01478	0.00739	0.01109	0.01109	0.01109	0.00739	0.00739	0.01109	0.01109	0.01478	0.01478	0.02587	0.01478	0.02956	0.03326	0.75240	0.00739	0.00739	0.00370	0.00370
11	0.01905	0.03223	0.34845	0.03812	0.33962	0.01999	0.02880	0.02654	0.01867	0.02737	0.01564	0.01950	0.01212	0.00784	0.00825	0.00261	0.01135	0.00693	0.00390	0.01302
12	0.01006	0.00862	0.00862	0.00862	0.01149	0.00718	0.00647	0.01221	0.01940	0.02299	0.08621	0.08190	0.64438	0.02155	0.01006	0.00287	0.00431	0.01796	0.00790	0.00718
13	0.02445	0.02517	0.02075	0.01874	0.02342	0.22085	0.01439	0.04174	0.44430	0.03103	0.02799	0.02668	0.02133	0.01069	0.00835	0.00267	0.00940	0.00834	0.00734	0.01236
14	0.01721	0.01440	0.01568	0.01436	0.01816	0.01574	0.01106	0.03290	0.38586	0.03348	0.20436	0.04713	0.12527	0.01448	0.00922	0.00283	0.00568	0.01231	0.00874	0.01115
15	0.01221	0.00890	0.01255	0.01255	0.01368	0.01002	0.00923	0.01447	0.01334	0.01892	0.02383	0.03915	0.02376	0.22738	0.50703	0.01228	0.01906	0.00995	0.00471	0.00697
16	0.03179	0.04056	0.02412	0.02192	0.02631	0.66676	0.01644	0.03398	0.02412	0.02083	0.01315	0.01535	0.01096	0.00877	0.00767	0.00219	0.01535	0.00548	0.00438	0.00987
17	0.01317	0.00818	0.00897	0.00897	0.00943	0.00818	0.00534	0.01408	0.01362	0.01998	0.02703	0.05022	0.02885	0.54313	0.03478	0.00682	0.00727	0.01136	0.17483	0.00579
18	0.01128	0.00779	0.00960	0.01068	0.01095	0.00752	0.00665	0.01209	0.01451	0.01934	0.03774	0.40359	0.04472	0.33421	0.02566	0.00564	0.00645	0.01880	0.00665	0.00611
19	0.01073	0.00761	0.01001	0.01179	0.01231	0.00719	0.00792	0.01219	0.01607	0.02140	0.04484	0.60295	0.05344	0.09258	0.01409	0.00395	0.00541	0.05113	0.00763	0.00679
20	0.02014	0.02279	0.04929	0.03683	0.07995	0.02144	0.58219	0.02719	0.02004	0.02729	0.01715	0.02284	0.01295	0.00720	0.00995	0.00285	0.01410	0.00990	0.00430	0.01160
21	0.02215	0.02228	0.03349	0.04916	0.58485	0.08574	0.02514	0.02691	0.01986	0.02710	0.01572	0.02048	0.01322	0.00770	0.00835	0.00249	0.01064	0.00737	0.00423	0.01311
22	0.02096	0.02136	0.03601	0.11307	0.43574	0.05689	0.13826	0.02632	0.01953	0.02667	0.01599	0.02127	0.01301	0.00767	0.00870	0.00261	0.01135	0.00793	0.00419	0.01247
23	0.05656	0.10866	0.02882	0.02921	0.23475	0.08603	0.01836	0.12230	0.13492	0.06811	0.02012	0.02157	0.01560	0.00897	0.00791	0.00249	0.00945	0.00731	0.00604	0.01283
24	0.03031	0.02282	0.02439	0.01917	0.02561	0.02544	0.01568	0.51467	0.14813	0.05034	0.02302	0.02250	0.01657	0.01046	0.00854	0.00261	0.00888	0.00802	0.00854	0.01429
25	0.01238	0.00825	0.00928	0.00928	0.00928	0.00825	0.00516	0.01238	0.01238	0.01650	0.02681	0.05569	0.03094	0.70092	0.04331	0.00825	0.00825	0.01238	0.00516	0.00516
26	0.01320	0.01036	0.01277	0.01264	0.01360	0.03673	0.00903	0.01495	0.01374	0.01874	0.02474	0.07667	0.02593	0.29238	0.34864	0.01025	0.04297	0.01093	0.00492	0.00682
27	0.01044	0.00838	0.00933	0.00963	0.01187	0.00726	0.00702	0.01276	0.01951	0.02453	0.16819	0.20704	0.43027	0.02195	0.01022	0.00296	0.00439	0.01885	0.00814	0.00726
28	0.01661	0.01567	0.02240	0.04856	0.02183	0.02122	0.01649	0.01898	0.01340	0.02032	0.01476	0.02315	0.01415	0.02899	0.21494	0.00661	0.46119	0.00794	0.00397	0.00881
29	0.01011	0.00842	0.00882	0.00914	0.01163	0.00714	0.00670	0.01215	0.01889	0.02278	0.07985	0.18120	0.54919	0.02238	0.01019	0.00297	0.00441	0.01897	0.00790	0.00714
30	0.01498	0.01349	0.01622	0.01552	0.01692	0.07477	0.01203	0.01749	0.01463	0.01990	0.02153	0.06637	0.02110	0.08444	0.43065	0.01012	0.12783	0.00950	0.00462	0.00792
31	0.01803	0.15605	0.55322	0.02261	0.03430	0.02212	0.02859	0.02670	0.01785	0.02578	0.01469	0.01724	0.01080	0.00795	0.00764	0.00255	0.01199	0.00599	0.00360	0.01230
32	0.02940	0.21661	0.02953	0.01998	0.02513	0.49928	0.01595	0.03173	0.02231	0.02061	0.01280	0.01490	0.01095	0.00838	0.00709	0.00209	0.01369	0.00523	0.00419	0.01014
33	0.76103	0.01646	0.01251	0.01119	0.01646	0.01909	0.00922	0.02502	0.01448	0.03818	0.01185	0.01382	0.00922	0.00790	0.00527	0.00263	0.00658	0.00461	0.00527	0.00922
34	0.02111	0.01870	0.02438	0.16433	0.18636	0.05565	0.01889	0.03321	0.25271	0.06004	0.02522	0.02966	0.01998	0.01037	0.00868	0.00279	0.00911	0.04031	0.00634	0.01217
35	0.01141	0.00861	0.01055	0.01021	0.01236	0.00774	0.00760	0.01478	0.02238	0.03042	0.45938	0.10399	0.23131	0.01904	0.01009	0.00277	0.00415	0.01658	0.00889	0.00774
36	0.02107	0.02011	0.03366	0.05022	0.61171	0.02027	0.02539	0.02722	0.05478	0.02825	0.01708	0.02168	0.01420	0.00781	0.00844	0.00255	0.00992	0.00770	0.00447	0.01348
37	0.01906	0.01605	0.01755	0.01652	0.02065	0.01812	0.01314	0.03787	0.47564	0.03287	0.03953	0.04743	0.06407	0.01450	0.00936	0.00309	0.00683	0.12729	0.00845	0.01199
38	0.03094	0.02379	0.02473	0.01903	0.02580	0.05477	0.01561	0.53574	0.03716	0.04966	0.01959	0.01993	0.01413	0.00978	0.00827	0.00241	0.00935	0.00731	0.00799	0.08400
39	0.02433	0.40730	0.14233	0.01827	0.02563	0.20907	0.01794	0.02812	0.01932	0.02142	0.01278	0.01486	0.01091	0.00783	0.00653	0.00207	0.01144	0.00511	0.00384	0.01090
40	0.06669	0.16521	0.02766	0.01999	0.02452	0.44406	0.01593	0.03047	0.02114	0.02154	0.01262	0.01528	0.01088	0.00908	0.00924	0.00230	0.08373	0.00546	0.00422	0.00998
41	0.01083	0.00774	0.01038	0.01223	0.01297	0.00729	0.00857	0.01271	0.01704	0.02273	0.07470	0.59721	0.05658	0.02587	0.01093	0.00347	0.00523	0.08851	0.00796	0.00707
42	0.01808	0.02991	0.31458	0.02375	0.03254	0.01930	0.14617	0.02994	0.15882	0.02897	0.05449	0.02548	0.01904	0.01232	0.04573	0.00339	0.01172	0.00848	0.00526	0.01203
43	0.76103	0.01646	0.01251	0.01119	0.01646	0.01909	0.00922	0.02502	0.01448	0.03818	0.01185	0.01382	0.00922	0.00790	0.00527	0.00263	0.00658	0.00461	0.00527	0.00922
44	0.01804	0.01695	0.05374	0.10154	0.06059	0.01774	0.01548	0.05467	0.28632	0.02933	0.02985	0.03214	0.05744	0.02323	0.15905	0.00530	0.01145	0.00936	0.00654	0.01125
45	0.01478	0.00739	0.01109	0.01109	0.01109	0.00739	0.00739	0.01109	0.01109	0.01478	0.01478	0.02587	0.01478	0.02956	0.03326	0.75240	0.00739	0.00739	0.00370	0.00370
46	0.01718	0.01311	0.01392	0.01266	0.01445	0.04772	0.00879	0.12935	0.01848	0.02434	0.02418	0.04305	0.02510	0.42459	0.14022	0.00776	0.01130	0.01056	0.00565	0.00759
47	0.01220	0.00894	0.01276	0.01276	0.01396	0.01014	0.00950	0.01461	0.01341	0.01908	0.02363	0.03807	0.02329	0.19660	0.53718	0.01255	0.01976	0.00980	0.00468	0.00709
48	0.02914	0.24210	0.03082	0.01904	0.02495	0.30655	0.01579	0.18166	0.02609	0.02900	0.01461	0.01613	0.01185	0.00868	0.00720	0.00217	0.01188	0.00575	0.00521	0.01137
49	0.03074	0.03857	0.02514	0.02489	0.08721	0.60340	0.01739	0.03321	0.02365	0.02151	0.01343	0.01591	0.01121	0.00865	0.00775	0.00223	0.01483	0.00569	0.00437	0.01022
50	0.01216	0.00912	0.01368	0.01368	0.01520	0.01064	0.01064	0.01520	0.01368	0.01976	0.02279	0.03343	0.02127	0.06382	0.66720	0.01368	0.02279	0.00912	0.00456	0.00760
51	0.01491	0.01317	0.01896	0.01738	0.01825	0.01722	0.01404	0.01745	0.01340	0.02006	0.01783	0.02711	0.01696	0.04294	0.39437	0.00943	0.30556	0.00840	0.00420	0.00833
52	0.01021	0.00804	0.00922	0.01016	0.01190	0.00705	0.00715	0.01204	0.01792	0.02239	0.06753	0.37338	0.36495	0.02398	0.01044	0.00315	0.00461	0.02092	0.00790	0.00705
53	0.02117	0.01828	0.01924	0.01732	0.02213	0.02117	0.01347	0.04522	0.63246	0.03560	0.03464	0.03175	0.02598	0.01155	0.00866	0.00289	0.00673	0.00962	0.00866	0.01347
54	0.01478	0.00739	0.01109	0.01109	0.01109	0.00739	0.00739	0.01109	0.01109	0.01478	0.01478	0.02587	0.01478	0.02956	0.03326	0.75240	0.00739	0.00739	0.00370	0.00370
55	0.01691	0.01158	0.01324	0.01215	0.01491	0.01238	0.00931	0.08912	0.10921	0.03252	0.15539	0.03872	0.03421	0.05926	0.11316	0.00451	0.00817	0.01014	0.24585	0.00928
56	0.01074	0.00863	0.00945	0.00925	0.01174	0.00748	0.00686	0.01333	0.02042	0.02590	0.24394	0.07540	0.45335	0.05197	0.01160	0.00307	0.00441	0.01696	0.00820	0.00733
57	0.01764	0.11111	0.59479	0.02327	0.03531	0.02117	0.02973	0.02680	0.01790	0.02625	0.01492	0.01753	0.01079	0.00800	0.00782	0.00261	0.01222	0.00611	0.00360	0.01241
58	0.01353	0.01274	0.05186	0.01577	0.01757	0.01379	0.01313	0.01665	0.01394	0.02040	0.02155	0.06620	0.02074	0.04963	0.47618	0.01066	0.14350	0.00948	0.00453	0.00816
59	0.02040	0.06612	0.27415	0.02198	0.09622	0.01705	0.02083	0.02662	0.01870	0.09753	0.01717	0.01920	0.01284	0.00768	0.00745	0.00215	0.00947	0.00618	0.00492	0.25335
60	0.02426	0.59506	0.04118	0.01579	0.02259	0.13926	0.01488	0.02690	0.01843	0.02016	0.01205	0.01393	0.01093	0.00753	0.00583	0.00188	0.01014	0.00471	0.00376	0.01075
61	0.01691	0.01599	0.02705	0.57428	0.15821	0.01913	0.02405	0.02248	0.01742	0.02277	0.01527	0.02241	0.01171	0.00835	0.00849	0.00278	0.01114	0.00757	0.00385	0.01013
62	0.01846	0.01747	0.02913	0.37835	0.31142	0.01958	0.02424	0.02472	0.04659	0.02500	0.01641	0.02241	0.01295	0.00825	0.00848	0.00271	0.01060	0.00767	0.00419	0.01138
63	0.01193	0.00869	0.01122	0.01059	0.01264	0.00798	0.00794	0.01584	0.02382	0.03350	0.61184	0.06461	0.11219	0.01763	0.01004	0.00269	0.00403	0.01554	0.00929	0.00798
64	0.01220	0.00894	0.01276	0.01276	0.01396	0.01014	0.00950	0.01461	0.01341	0.01908	0.02363	0.03807	0.02329	0.19660	0.53718	0.01255	0.01976	0.00980	0.00468	0.00709
65	0.01363	0.01129	0.01651	0.01566	0.01683	0.01416	0.01246	0.01640	0.01353	0.01992	0.02014	0.03005	0.01897	0.05265	0.52122	0.01140	0.17409	0.00874	0.00437	0.00799
66	0.02117	0.01828	0.01924	0.01732	0.02213	0.02117	0.01347	0.04522	0.63246	0.03560	0.03464	0.03175	0.02598	0.01155	0.00866	0.00289	0.00673	0.00962	0.00866	0.01347
67	0.03761	0.01540	0.02032	0.01558	0.02218	0.01387	0.01287	0.09811	0.02589	0.59493	0.03229	0.02813	0.02042	0.01050	0.00855	0.00263	0.00745	0.00847	0.01033	0.01448
68	0.01707	0.04402	0.65683	0.02426	0.03683	0.01976	0.03144	0.02695	0.01797	0.02695	0.01527	0.01797	0.01078	0.00809	0.00809	0.00270	0.01258	0.00629	0.00359	0.01258
69	0.01037	0.00741	0.00987	0.01185	0.01234	0.00691	0.00790	0.01185	0.01629	0.02172	0.04690	0.69537	0.05629	0.02666	0.01086	0.00346	0.00494	0.02419	0.00790	0.00691
70	0.01115	0.00793	0.01003	0.01090	0.01175	0.00746	0.00729	0.01294	0.01740	0.02353	0.18078	0.38865	0.08441	0.16482	0.01740	0.00425	0.00539	0.01942	0.00766	0.00681
71	0.01478	0.00739	0.01109	0.01109	0.01109	0.00739	0.00739	0.01109	0.01109	0.01478	0.01478	0.02587	0.01478	0.02956	0.03326	0.75240	0.00739	0.00739	0.00370	0.00370
72	0.03179	0.04056	0.02412	0.02192	0.02631	0.66676	0.01644	0.03398	0.02412	0.02083	0.01315	0.01535	0.01096	0.00877	0.00767	0.00219	0.01535	0.00548	0.00438	0.00987
73	0.22131	0.02578	0.02511	0.02075	0.02603	0.25676	0.13884	0.02848	0.01958	0.05672	0.01569	0.01917	0.01252	0.01436	0.08027	0.00374	0.01325	0.00675	0.00491	0.01000
74	0.01854	0.21574	0.49802	0.02174	0.03294	0.02337	0.02706	0.02657	0.01779	0.02515	0.01438	0.01685	0.01082	0.00788	0.00740	0.00247	0.01168	0.00584	0.00361	0.01215
75	0.02201	0.02570	0.09613	0.04320	0.42411	0.10898	0.10233	0.02743	0.01998	0.02669	0.01570	0.02022	0.01280	0.00774	0.00850	0.00254	0.01162	0.00749	0.00419	0.01263
76	0.03235	0.02384	0.02554	0.01958	0.02639	0.02639	0.01618	0.61946	0.04001	0.05363	0.02043	0.02043	0.01447	0.01022	0.00851	0.00255	0.00936	0.00766	0.00851	0.01447
77	0.02050	0.01964	0.03352	0.12315	0.58132	0.02007	0.02584	0.02562	0.01911	0.02712	0.01591	0.02125	0.01324	0.00769	0.00843	0.00256	0.01025	0.00758	0.00416	0.01303
78	0.01239	0.00885	0.01220	0.01417	0.01555	0.00866	0.01142	0.01535	0.01829	0.02399	0.04579	0.33228	0.05186	0.02475	0.01140	0.00374	0.00669	0.36729	0.00786	0.00747
79	0.01173	0.00926	0.01068	0.01038	0.01294	0.00848	0.00791	0.01602	0.05610	0.02864	0.32147	0.07189	0.33506	0.01930	0.01006	0.00284	0.00450	0.04623	0.00857	0.00794
80	0.02106	0.02022	0.03454	0.05223	0.64784	0.02022	0.02612	0.02612	0.01938	0.02780	0.01601	0.02106	0.01348	0.00758	0.00842	0.00253	0.01011	0.00758	0.00421	0.01348
81	0.76103	0.01646	0.01251	0.01119	0.01646	0.01909	0.00922	0.02502	0.01448	0.03818	0.01185	0.01382	0.00922	0.00790	0.00527	0.00263	0.00658	0.00461	0.00527	0.00922
82	0.01032	0.00863	0.00898	0.00889	0.01165	0.00729	0.00667	0.01271	0.02001	0.02444	0.15884	0.07951	0.57085	0.02101	0.01006	0.00285	0.00427	0.01763	0.00809	0.00729
83	0.01006	0.00862	0.00862	0.00862	0.01149	0.00718	0.00647	0.01221	0.01940	0.02299	0.08621	0.08190	0.64438	0.02155	0.01006	0.00287	0.00431	0.01796	0.00790	0.00718
84	0.01216	0.00912	0.01368	0.01368	0.01520	0.01064	0.01064	0.01520	0.01368	0.01976	0.02279	0.03343	0.02127	0.06382	0.66720	0.01368	0.02279	0.00912	0.00456	0.00760
85	0.01793	0.03823	0.49382	0.02832	0.07435	0.02016	0.15315	0.02697	0.01849	0.02707	0.01572	0.01919	0.01138	0.00787	0.00851	0.00272	0.01280	0.00715	0.00378	0.01240
86	0.01707	0.04402	0.65683	0.02426	0.03683	0.01976	0.03144	0.02695	0.01797	0.02695	0.01527	0.01797	0.01078	0.00809	0.00809	0.00270	0.01258	0.00629	0.00359	0.01258
87	0.02066	0.01885	0.02863	0.06915	0.26706	0.01991	0.08386	0.06571	0.20216	0.03101	0.02471	0.03183	0.02054	0.01048	0.00900	0.00283	0.00937	0.06558	0.00612	0.01255
88	0.02106	0.02022	0.03454	0.05223	0.64784	0.02022	0.02612	0.02612	0.01938	0.02780	0.01601	0.02106	0.01348	0.00758	0.00842	0.00253	0.01011	0.00758	0.00421	0.01348
89	0.02041	0.02011	0.03161	0.21173	0.46003	0.05790	0.02491	0.02546	0.01905	0.02584	0.01561	0.02114	0.01278	0.00789	0.00840	0.00259	0.01073	0.00745	0.00411	0.01223

[dist]
# distance from previous block
# <min> <max>
0	1

[block]
# block no. 7 follows, 21 sequences, length 22
# corresponding to MSA columns:
# 307-328
name=unknown_H
#
# <colnr> <probs for GDERKNQSTAVLIFYWHMCP>
#	G	D	E	R	K	N	Q	S	T	A	V	L	I	F	Y	W	H	M	C	P
0	0.02306	0.02377	0.02347	0.27038	0.03747	0.20233	0.01836	0.07607	0.18353	0.02753	0.02013	0.02285	0.01534	0.00951	0.00831	0.00265	0.01110	0.00753	0.00560	0.01101
1	0.02273	0.01747	0.02156	0.14692	0.07185	0.01936	0.01520	0.28934	0.02625	0.03509	0.02090	0.03092	0.01847	0.20575	0.01838	0.00422	0.00948	0.00898	0.00634	0.01079
2	0.01224	0.00827	0.00924	0.00924	0.00941	0.00819	0.00523	0.01237	0.01279	0.01688	0.03029	0.05723	0.06687	0.66113	0.04137	0.00794	0.00802	0.01270	0.00532	0.00528
3	0.01056	0.00773	0.00957	0.01095	0.01181	0.00713	0.00730	0.01198	0.01637	0.02131	0.05152	0.50524	0.15948	0.10924	0.01474	0.00394	0.00523	0.02160	0.00756	0.00674
4	0.01765	0.01513	0.01765	0.01260	0.02017	0.01134	0.01008	0.02143	0.01765	0.02773	0.01513	0.01765	0.01260	0.00630	0.00630	0.00126	0.00630	0.00504	0.00504	0.75295
5	0.03261	0.02113	0.02369	0.01810	0.02491	0.02223	0.01493	0.44818	0.03494	0.18560	0.02299	0.02214	0.01581	0.01001	0.00837	0.00248	0.00867	0.00768	0.00872	0.06685
6	0.01673	0.01245	0.01636	0.01501	0.01773	0.01420	0.01189	0.15195	0.01964	0.02742	0.02226	0.03049	0.01974	0.05169	0.51813	0.01116	0.01976	0.00879	0.00545	0.00915
7	0.01269	0.00892	0.01124	0.01222	0.01334	0.00878	0.00922	0.01467	0.01633	0.02127	0.04050	0.11143	0.08624	0.31070	0.02496	0.00565	0.00759	0.27093	0.00671	0.00660
8	0.01238	0.00825	0.00928	0.00928	0.00928	0.00825	0.00516	0.01238	0.01238	0.01650	0.02681	0.05569	0.03094	0.70092	0.04331	0.00825	0.00825	0.01238	0.00516	0.00516
9	0.01607	0.01513	0.02552	0.68047	0.05861	0.01891	0.02363	0.02174	0.01702	0.02174	0.01513	0.02269	0.01134	0.00851	0.00851	0.00284	0.01134	0.00756	0.00378	0.00945
10	0.02106	0.02022	0.03454	0.05223	0.64784	0.02022	0.02612	0.02612	0.01938	0.02780	0.01601	0.02106	0.01348	0.00758	0.00842	0.00253	0.01011	0.00758	0.00421	0.01348
11	0.01018	0.00863	0.00879	0.00875	0.01157	0.00724	0.00656	0.01245	0.01968	0.02367	0.12013	0.08078	0.61004	0.02130	0.01006	0.00286	0.00429	0.01780	0.00799	0.00724
12	0.01053	0.00764	0.00995	0.01148	0.01232	0.00706	0.00781	0.01234	0.01738	0.02318	0.11541	0.58006	0.10288	0.02526	0.01071	0.00333	0.00479	0.02276	0.00806	0.00706
13	0.56463	0.01512	0.01252	0.01123	0.01586	0.01726	0.00912	0.05575	0.01637	0.03709	0.01543	0.01803	0.01213	0.01099	0.03678	0.00304	0.00707	0.00553	0.12682	0.00921
14	0.03235	0.02384	0.02554	0.01958	0.02639	0.02639	0.01618	0.61946	0.04001	0.05363	0.02043	0.02043	0.01447	0.01022	0.00851	0.00255	0.00936	0.00766	0.00851	0.01447
15	0.01238	0.00825	0.00928	0.00928	0.00928	0.00825	0.00516	0.01238	0.01238	0.01650	0.02681	0.05569	0.03094	0.70092	0.04331	0.00825	0.00825	0.01238	0.00516	0.00516
16	0.02193	0.28526	0.31622	0.01982	0.02940	0.02611	0.02244	0.13353	0.02170	0.02921	0.01493	0.01682	0.01150	0.00817	0.00719	0.00235	0.01071	0.00589	0.00450	0.01231
17	0.76103	0.01646	0.01251	0.01119	0.01646	0.01909	0.00922	0.02502	0.01448	0.03818	0.01185	0.01382	0.00922	0.00790	0.00527	0.00263	0.00658	0.00461	0.00527	0.00922
18	0.02222	0.02039	0.02962	0.26357	0.24970	0.05533	0.04893	0.15061	0.02320	0.03075	0.01654	0.02128	0.01278	0.00851	0.00851	0.00264	0.01085	0.00759	0.00498	0.01200
19	0.01050	0.00864	0.00924	0.00909	0.01177	0.00737	0.00681	0.01307	0.02044	0.02547	0.21043	0.07781	0.51861	0.02063	0.01005	0.00283	0.00424	0.01739	0.00823	0.00737
20	0.02315	0.02672	0.14137	0.02267	0.02814	0.10653	0.08837	0.13146	0.02217	0.05772	0.05401	0.02210	0.01652	0.01109	0.01421	0.00292	0.20635	0.00785	0.00536	0.01130
21	0.02072	0.02092	0.01717	0.04482	0.02081	0.20736	0.01225	0.11927	0.02416	0.02787	0.07170	0.07646	0.24643	0.01543	0.00914	0.00268	0.00891	0.03773	0.00683	0.00934

[dist]
# distance from previous block
# <min> <max>
0	1

# created by:
# /home/cegg/simao/soft/augustus-3.2.1/scripts/msa2prfl.pl ./align_prep/11791.fa
