[name]
unknown

[dist]
# distance from previous block
# <min> <max>
0	0

[block]
# block no. 0 follows, 21 sequences, length 27
# corresponding to MSA columns:
# 0-26
name=unknown_A
#
# <colnr> <probs for GDERKNQSTAVLIFYWHMCP>
#	G	D	E	R	K	N	Q	S	T	A	V	L	I	F	Y	W	H	M	C	P
0	0.01371	0.00980	0.01371	0.01567	0.01763	0.00980	0.01371	0.01763	0.01959	0.02547	0.04506	0.09599	0.04898	0.02351	0.01175	0.00392	0.00784	0.59056	0.00784	0.00784
1	0.02482	0.02991	0.02130	0.13199	0.02892	0.42591	0.01571	0.02760	0.02197	0.02141	0.02789	0.02972	0.13586	0.01124	0.00829	0.00244	0.01249	0.00830	0.00497	0.00927
2	0.02500	0.12595	0.23692	0.02388	0.07294	0.32561	0.02185	0.03001	0.02087	0.02324	0.01389	0.01640	0.01107	0.00827	0.00758	0.00233	0.01326	0.00578	0.00401	0.01115
3	0.01763	0.10934	0.59642	0.02330	0.03535	0.02114	0.02978	0.02681	0.01790	0.02627	0.01493	0.01754	0.01079	0.00801	0.00783	0.00261	0.01223	0.00612	0.00360	0.01241
4	0.01006	0.00862	0.00862	0.00862	0.01149	0.00718	0.00647	0.01221	0.01940	0.02299	0.08621	0.08190	0.64438	0.02155	0.01006	0.00287	0.00431	0.01796	0.00790	0.00718
5	0.02505	0.01953	0.02092	0.01779	0.02323	0.02206	0.01413	0.19585	0.44291	0.07483	0.03085	0.02862	0.02268	0.01114	0.00862	0.00278	0.00745	0.00905	0.00873	0.01379
6	0.02106	0.02022	0.03454	0.05223	0.64784	0.02022	0.02612	0.02612	0.01938	0.02780	0.01601	0.02106	0.01348	0.00758	0.00842	0.00253	0.01011	0.00758	0.00421	0.01348
7	0.02641	0.02334	0.02410	0.19280	0.03379	0.13265	0.01750	0.31956	0.02980	0.03749	0.02242	0.02448	0.05736	0.01032	0.00848	0.00259	0.01055	0.00799	0.00652	0.01185
8	0.01037	0.00741	0.00987	0.01185	0.01234	0.00691	0.00790	0.01185	0.01629	0.02172	0.04690	0.69537	0.05629	0.02666	0.01086	0.00346	0.00494	0.02419	0.00790	0.00691
9	0.01238	0.00825	0.00928	0.00928	0.00928	0.00825	0.00516	0.01238	0.01238	0.01650	0.02681	0.05569	0.03094	0.70092	0.04331	0.00825	0.00825	0.01238	0.00516	0.00516
10	0.01825	0.01567	0.01792	0.01341	0.02050	0.01303	0.01066	0.02550	0.12285	0.02908	0.01846	0.02006	0.01489	0.00720	0.00671	0.00154	0.00638	0.00583	0.00566	0.62641
11	0.01216	0.00912	0.01368	0.01368	0.01520	0.01064	0.01064	0.01520	0.01368	0.01976	0.02279	0.03343	0.02127	0.06382	0.66720	0.01368	0.02279	0.00912	0.00456	0.00760
12	0.02156	0.56723	0.17297	0.01659	0.02499	0.03076	0.01810	0.02579	0.01743	0.02147	0.01255	0.01456	0.01089	0.00745	0.00601	0.00200	0.00983	0.00491	0.00363	0.01127
13	0.03337	0.01653	0.02040	0.01603	0.02217	0.01613	0.01310	0.16851	0.08782	0.41578	0.07365	0.02978	0.02425	0.01105	0.00866	0.00264	0.00744	0.00894	0.00982	0.01393
14	0.02057	0.01972	0.03365	0.11423	0.58970	0.02009	0.02587	0.02569	0.01914	0.02720	0.01592	0.02122	0.01327	0.00767	0.00843	0.00256	0.01023	0.00758	0.00417	0.01308
15	0.01232	0.00848	0.01044	0.01044	0.01084	0.00888	0.00660	0.01312	0.01272	0.01736	0.02576	0.04984	0.02840	0.53358	0.20719	0.00968	0.01207	0.01152	0.00500	0.00580
16	0.01224	0.00819	0.00932	0.00946	0.00949	0.00816	0.00534	0.01234	0.01264	0.01686	0.02819	0.09944	0.03267	0.65480	0.04109	0.00792	0.00802	0.01318	0.00534	0.00528
17	0.02106	0.02022	0.03454	0.05223	0.64784	0.02022	0.02612	0.02612	0.01938	0.02780	0.01601	0.02106	0.01348	0.00758	0.00842	0.00253	0.01011	0.00758	0.00421	0.01348
18	0.51537	0.02022	0.07627	0.05963	0.02296	0.02039	0.01349	0.12669	0.01935	0.03864	0.01386	0.01595	0.01041	0.00836	0.00631	0.00264	0.00795	0.00549	0.00556	0.01045
19	0.01012	0.00838	0.00887	0.00926	0.01166	0.00713	0.00675	0.01214	0.01879	0.02274	0.07846	0.20280	0.52848	0.02256	0.01022	0.00299	0.00443	0.01919	0.00790	0.00713
20	0.01238	0.00825	0.00928	0.00928	0.00928	0.00825	0.00516	0.01238	0.01238	0.01650	0.02681	0.05569	0.03094	0.70092	0.04331	0.00825	0.00825	0.01238	0.00516	0.00516
21	0.02341	0.65784	0.04311	0.01509	0.02217	0.07953	0.01470	0.02610	0.01779	0.02008	0.01193	0.01377	0.01092	0.00739	0.00562	0.00185	0.00955	0.00462	0.00369	0.01084
22	0.02076	0.01992	0.03400	0.08975	0.61265	0.02014	0.02597	0.02586	0.01924	0.02744	0.01595	0.02116	0.01335	0.00764	0.00843	0.00255	0.01018	0.00758	0.00419	0.01324
23	0.01216	0.00912	0.01368	0.01368	0.01520	0.01064	0.01064	0.01520	0.01368	0.01976	0.02279	0.03343	0.02127	0.06382	0.66720	0.01368	0.02279	0.00912	0.00456	0.00760
24	0.01178	0.00910	0.01107	0.01209	0.01441	0.00839	0.00993	0.01472	0.01931	0.02408	0.06481	0.12271	0.33368	0.02275	0.01089	0.00339	0.00599	0.28555	0.00787	0.00747
25	0.02381	0.02575	0.03291	0.04312	0.44214	0.19014	0.06514	0.02826	0.02067	0.02593	0.01534	0.01969	0.01278	0.00787	0.00834	0.00246	0.01178	0.00720	0.00426	0.01239
26	0.02446	0.36705	0.15884	0.01878	0.02620	0.22930	0.01848	0.02843	0.01956	0.02164	0.01292	0.01503	0.01091	0.00791	0.00667	0.00211	0.01174	0.00518	0.00386	0.01092

[dist]
# distance from previous block
# <min> <max>
0	1

[block]
# block no. 1 follows, 21 sequences, length 60
# corresponding to MSA columns:
# 28-87
name=unknown_B
#
# <colnr> <probs for GDERKNQSTAVLIFYWHMCP>
#	G	D	E	R	K	N	Q	S	T	A	V	L	I	F	Y	W	H	M	C	P
0	0.01853	0.21376	0.49985	0.02177	0.03299	0.02333	0.02711	0.02657	0.01779	0.02517	0.01439	0.01686	0.01082	0.00788	0.00741	0.00247	0.01169	0.00584	0.00361	0.01215
1	0.02275	0.70604	0.04459	0.01456	0.02184	0.03367	0.01456	0.02548	0.01729	0.02002	0.01183	0.01365	0.01092	0.00728	0.00546	0.00182	0.00910	0.00455	0.00364	0.01092
2	0.01216	0.00912	0.01368	0.01368	0.01520	0.01064	0.01064	0.01520	0.01368	0.01976	0.02279	0.03343	0.02127	0.06382	0.66720	0.01368	0.02279	0.00912	0.00456	0.00760
3	0.02860	0.02525	0.02622	0.12335	0.09665	0.14363	0.01840	0.35785	0.03141	0.04000	0.01781	0.01989	0.01324	0.00941	0.00835	0.00253	0.01085	0.00723	0.00658	0.01275
4	0.01968	0.02844	0.24951	0.04257	0.43676	0.02006	0.02796	0.02641	0.01889	0.02751	0.01575	0.01999	0.01255	0.00776	0.00831	0.00259	0.01096	0.00714	0.00400	0.01317
5	0.02084	0.51184	0.18857	0.01682	0.02506	0.02915	0.01837	0.02529	0.01726	0.02166	0.01323	0.01572	0.01143	0.01045	0.04098	0.00265	0.01065	0.00520	0.00368	0.01114
6	0.01056	0.00755	0.01010	0.01207	0.01265	0.00708	0.00824	0.01219	0.01648	0.02194	0.04680	0.66048	0.05586	0.02648	0.01091	0.00348	0.00511	0.05716	0.00790	0.00697
7	0.02055	0.01970	0.03363	0.11611	0.58793	0.02009	0.02586	0.02567	0.01914	0.02719	0.01592	0.02123	0.01326	0.00768	0.00843	0.00256	0.01024	0.00758	0.00417	0.01307
8	0.02060	0.01231	0.01332	0.01177	0.01526	0.05648	0.00912	0.02399	0.02218	0.18977	0.23123	0.04791	0.13922	0.01421	0.00869	0.00253	0.00570	0.01187	0.15416	0.00966
9	0.01088	0.00810	0.01014	0.01080	0.01230	0.00735	0.00766	0.01338	0.01961	0.02626	0.26088	0.35334	0.18324	0.02243	0.01041	0.00307	0.00449	0.01989	0.00841	0.00735
10	0.01863	0.01946	0.03726	0.25872	0.11032	0.02100	0.28109	0.02446	0.01814	0.02463	0.01567	0.02217	0.01223	0.00856	0.01140	0.00292	0.08991	0.00863	0.00405	0.01074
11	0.03218	0.02896	0.02510	0.02030	0.02637	0.22255	0.01626	0.44012	0.03514	0.04358	0.01820	0.01887	0.01340	0.00977	0.00826	0.00244	0.01120	0.00699	0.00725	0.01306
12	0.03180	0.02357	0.02523	0.01947	0.02618	0.02614	0.01604	0.59141	0.06895	0.05275	0.02113	0.02098	0.01503	0.01028	0.00852	0.00257	0.00924	0.00776	0.00852	0.01442
13	0.08511	0.02156	0.06435	0.23639	0.20965	0.06653	0.14446	0.02551	0.01863	0.02618	0.01537	0.02074	0.01201	0.00793	0.00843	0.00269	0.01155	0.00760	0.00417	0.01114
14	0.02692	0.03237	0.02473	0.02659	0.14672	0.44428	0.01746	0.02965	0.02219	0.02239	0.02081	0.02318	0.07381	0.01009	0.00902	0.00240	0.04522	0.00722	0.00467	0.01028
15	0.01037	0.00741	0.00987	0.01185	0.01234	0.00691	0.00790	0.01185	0.01629	0.02172	0.04690	0.69537	0.05629	0.02666	0.01086	0.00346	0.00494	0.02419	0.00790	0.00691
16	0.01278	0.00941	0.01247	0.01404	0.01609	0.00910	0.01192	0.01620	0.01934	0.02474	0.05326	0.13168	0.16637	0.02333	0.01136	0.00368	0.00696	0.44177	0.00785	0.00765
17	0.01802	0.10268	0.52484	0.02561	0.06695	0.02120	0.07178	0.02679	0.01813	0.02637	0.01513	0.01808	0.01108	0.00792	0.00800	0.00262	0.01226	0.00646	0.00368	0.01239
18	0.01707	0.04402	0.65683	0.02426	0.03683	0.01976	0.03144	0.02695	0.01797	0.02695	0.01527	0.01797	0.01078	0.00809	0.00809	0.00270	0.01258	0.00629	0.00359	0.01258
19	0.01084	0.00859	0.00975	0.00959	0.01201	0.00750	0.00714	0.01368	0.02105	0.02723	0.29962	0.10575	0.39664	0.02020	0.01009	0.00283	0.00423	0.01728	0.00847	0.00750
20	0.01057	0.00864	0.00933	0.00916	0.01181	0.00740	0.00687	0.01320	0.02060	0.02584	0.22906	0.07720	0.49975	0.02049	0.01005	0.00282	0.00423	0.01730	0.00828	0.00740
21	0.03235	0.02384	0.02554	0.01958	0.02639	0.02639	0.01618	0.61946	0.04001	0.05363	0.02043	0.02043	0.01447	0.01022	0.00851	0.00255	0.00936	0.00766	0.00851	0.01447
22	0.02184	0.02169	0.03379	0.05005	0.60306	0.06680	0.02542	0.02668	0.01972	0.02730	0.01580	0.02065	0.01330	0.00767	0.00837	0.00250	0.01049	0.00743	0.00422	0.01322
23	0.20782	0.03695	0.49163	0.02091	0.03161	0.01959	0.02574	0.02645	0.01707	0.02983	0.01439	0.01690	0.01038	0.00804	0.00736	0.00268	0.01104	0.00586	0.00402	0.01172
24	0.02907	0.03485	0.02287	0.02074	0.02524	0.50123	0.01568	0.03686	0.18010	0.02462	0.01866	0.01955	0.01481	0.00948	0.00793	0.00237	0.01314	0.00654	0.00548	0.01079
25	0.76103	0.01646	0.01251	0.01119	0.01646	0.01909	0.00922	0.02502	0.01448	0.03818	0.01185	0.01382	0.00922	0.00790	0.00527	0.00263	0.00658	0.00461	0.00527	0.00922
26	0.01037	0.00741	0.00987	0.01185	0.01234	0.00691	0.00790	0.01185	0.01629	0.02172	0.04690	0.69537	0.05629	0.02666	0.01086	0.00346	0.00494	0.02419	0.00790	0.00691
27	0.03022	0.03826	0.02300	0.02097	0.02524	0.61924	0.01572	0.03241	0.02378	0.02098	0.01842	0.02014	0.05659	0.00969	0.00785	0.00224	0.01455	0.00638	0.00464	0.00967
28	0.01238	0.00825	0.00928	0.00928	0.00928	0.00825	0.00516	0.01238	0.01238	0.01650	0.02681	0.05569	0.03094	0.70092	0.04331	0.00825	0.00825	0.01238	0.00516	0.00516
29	0.01216	0.00912	0.01368	0.01368	0.01520	0.01064	0.01064	0.01520	0.01368	0.01976	0.02279	0.03343	0.02127	0.06382	0.66720	0.01368	0.02279	0.00912	0.00456	0.00760
30	0.01023	0.00796	0.00931	0.01039	0.01196	0.00704	0.00725	0.01201	0.01770	0.02230	0.06470	0.41760	0.32257	0.02435	0.01050	0.00319	0.00465	0.02137	0.00790	0.00704
31	0.02061	0.45659	0.27529	0.01821	0.02749	0.02843	0.02092	0.02604	0.01755	0.02263	0.01313	0.01528	0.01087	0.00758	0.00645	0.00215	0.01041	0.00521	0.00362	0.01154
32	0.01877	0.14255	0.49780	0.02257	0.03325	0.05556	0.02743	0.02674	0.01792	0.02524	0.01442	0.01721	0.01083	0.00836	0.00873	0.00259	0.04831	0.00605	0.00365	0.01201
33	0.02943	0.03674	0.02588	0.02279	0.02686	0.54766	0.05167	0.03187	0.02247	0.02116	0.01314	0.01621	0.01110	0.00946	0.01039	0.00243	0.10056	0.00600	0.00430	0.00989
34	0.01573	0.01246	0.01323	0.01305	0.01491	0.07051	0.00958	0.06480	0.01794	0.02463	0.02912	0.20254	0.02987	0.10385	0.21408	0.00667	0.01191	0.01269	0.12445	0.00797
35	0.02544	0.50802	0.03850	0.01675	0.02317	0.22205	0.01512	0.02801	0.01932	0.02026	0.01222	0.01416	0.01093	0.00772	0.00612	0.00193	0.01096	0.00483	0.00386	0.01061
36	0.01976	0.38527	0.30563	0.01867	0.02792	0.02649	0.02160	0.02557	0.01739	0.02298	0.01389	0.01655	0.01141	0.01061	0.04148	0.00282	0.01131	0.00554	0.00367	0.01146
37	0.02518	0.02727	0.02313	0.02248	0.07794	0.28100	0.01616	0.06372	0.20412	0.02756	0.02343	0.02454	0.04610	0.01088	0.01051	0.00265	0.08828	0.00783	0.00594	0.01129
38	0.01238	0.00825	0.00928	0.00928	0.00928	0.00825	0.00516	0.01238	0.01238	0.01650	0.02681	0.05569	0.03094	0.70092	0.04331	0.00825	0.00825	0.01238	0.00516	0.00516
39	0.01037	0.00741	0.00987	0.01185	0.01234	0.00691	0.00790	0.01185	0.01629	0.02172	0.04690	0.69537	0.05629	0.02666	0.01086	0.00346	0.00494	0.02419	0.00790	0.00691
40	0.01997	0.02301	0.10570	0.09980	0.39393	0.02035	0.15945	0.02609	0.01918	0.02706	0.01612	0.02129	0.01287	0.00763	0.00876	0.00265	0.01144	0.00799	0.00413	0.01258
41	0.02043	0.07118	0.22029	0.07288	0.23917	0.02072	0.14419	0.02712	0.01910	0.06019	0.01666	0.02057	0.01269	0.00784	0.00847	0.00262	0.01154	0.00755	0.00433	0.01247
42	0.01564	0.00795	0.00802	0.00802	0.00987	0.00795	0.00590	0.01935	0.01750	0.03075	0.02770	0.03326	0.02240	0.05425	0.00835	0.00239	0.00424	0.00822	0.70049	0.00775
43	0.02106	0.02022	0.03454	0.05223	0.64784	0.02022	0.02612	0.02612	0.01938	0.02780	0.01601	0.02106	0.01348	0.00758	0.00842	0.00253	0.01011	0.00758	0.00421	0.01348
44	0.01037	0.00741	0.00987	0.01185	0.01234	0.00691	0.00790	0.01185	0.01629	0.02172	0.04690	0.69537	0.05629	0.02666	0.01086	0.00346	0.00494	0.02419	0.00790	0.00691
45	0.01738	0.01864	0.09962	0.01703	0.06686	0.01316	0.01391	0.02293	0.04787	0.02815	0.05397	0.04811	0.01875	0.00833	0.00719	0.00178	0.00721	0.00697	0.00534	0.49680
46	0.01233	0.00842	0.01014	0.01014	0.01044	0.00872	0.00623	0.01293	0.01263	0.01714	0.02602	0.05132	0.02904	0.57581	0.16583	0.00932	0.01111	0.01174	0.00504	0.00564
47	0.01238	0.00825	0.00928	0.00928	0.00928	0.00825	0.00516	0.01238	0.01238	0.01650	0.02681	0.05569	0.03094	0.70092	0.04331	0.00825	0.00825	0.01238	0.00516	0.00516
48	0.01915	0.01827	0.03108	0.29320	0.42183	0.01972	0.02516	0.02444	0.01847	0.02548	0.01567	0.02169	0.01266	0.00794	0.00846	0.00265	0.01058	0.00757	0.00405	0.01194
49	0.02106	0.02022	0.03454	0.05223	0.64784	0.02022	0.02612	0.02612	0.01938	0.02780	0.01601	0.02106	0.01348	0.00758	0.00842	0.00253	0.01011	0.00758	0.00421	0.01348
50	0.01102	0.00803	0.01049	0.01205	0.01316	0.00751	0.00873	0.01316	0.01775	0.02338	0.09388	0.48204	0.12144	0.02490	0.01086	0.00341	0.00529	0.11772	0.00800	0.00718
51	0.01037	0.00741	0.00987	0.01185	0.01234	0.00691	0.00790	0.01185	0.01629	0.02172	0.04690	0.69537	0.05629	0.02666	0.01086	0.00346	0.00494	0.02419	0.00790	0.00691
52	0.02106	0.02022	0.03454	0.05223	0.64784	0.02022	0.02612	0.02612	0.01938	0.02780	0.01601	0.02106	0.01348	0.00758	0.00842	0.00253	0.01011	0.00758	0.00421	0.01348
53	0.01227	0.00957	0.01274	0.01247	0.01417	0.01060	0.00960	0.01487	0.01522	0.02102	0.03869	0.04601	0.18090	0.08397	0.38477	0.00932	0.06404	0.01140	0.04089	0.00749
54	0.01127	0.00846	0.01051	0.01096	0.01279	0.00770	0.00816	0.01415	0.02043	0.02722	0.28743	0.23351	0.21626	0.02145	0.01042	0.00305	0.00471	0.07555	0.00846	0.00751
55	0.02031	0.08621	0.03287	0.02886	0.14981	0.06734	0.17108	0.06208	0.01917	0.02561	0.01697	0.02280	0.01442	0.02053	0.15222	0.00504	0.08125	0.00809	0.00450	0.01084
56	0.27348	0.09863	0.20793	0.01591	0.02267	0.01867	0.01664	0.02326	0.01616	0.02902	0.04701	0.02141	0.01584	0.01935	0.13636	0.00473	0.01170	0.00653	0.00466	0.01003
57	0.05593	0.02042	0.02047	0.19514	0.06220	0.18206	0.01659	0.05068	0.02101	0.02565	0.06665	0.04127	0.07732	0.01300	0.00896	0.00282	0.01027	0.11445	0.00570	0.00940
58	0.02222	0.10765	0.23014	0.06009	0.16999	0.18673	0.02317	0.02750	0.01946	0.02406	0.01449	0.01807	0.01164	0.00896	0.00882	0.03330	0.01208	0.00629	0.00395	0.01139
59	0.05754	0.07152	0.36512	0.02563	0.09959	0.18635	0.02511	0.02850	0.01950	0.02568	0.01448	0.01722	0.01105	0.00816	0.00775	0.00250	0.01256	0.00606	0.00395	0.01174

[dist]
# distance from previous block
# <min> <max>
19	70

[block]
# block no. 2 follows, 21 sequences, length 130
# corresponding to MSA columns:
# 159-234,248-301
name=unknown_C
#
# <colnr> <probs for GDERKNQSTAVLIFYWHMCP>
#	G	D	E	R	K	N	Q	S	T	A	V	L	I	F	Y	W	H	M	C	P
0	0.02272	0.05315	0.03417	0.07059	0.17712	0.12890	0.19054	0.05616	0.09718	0.02791	0.01812	0.02159	0.01422	0.00826	0.00858	0.00255	0.01161	0.00795	0.00500	0.04367
1	0.05656	0.01642	0.05449	0.09025	0.17827	0.01550	0.01631	0.02532	0.10770	0.05646	0.15860	0.03738	0.09140	0.01180	0.00869	0.00263	0.00752	0.01024	0.00659	0.04785
2	0.01865	0.01811	0.02729	0.07369	0.43287	0.04785	0.02077	0.02290	0.01948	0.02598	0.03281	0.03559	0.16587	0.01107	0.00879	0.00261	0.00902	0.00999	0.00509	0.01157
3	0.02390	0.03059	0.19350	0.03460	0.28705	0.15696	0.02413	0.05988	0.02139	0.06453	0.01648	0.01948	0.01274	0.00828	0.00819	0.00251	0.01165	0.00686	0.00469	0.01259
4	0.01936	0.01317	0.01409	0.01305	0.01616	0.06115	0.00975	0.05327	0.05091	0.14775	0.12203	0.21602	0.15081	0.05839	0.01161	0.00320	0.00647	0.01519	0.00823	0.00941
5	0.01995	0.01805	0.02869	0.06095	0.02961	0.01829	0.19096	0.12198	0.02125	0.03013	0.01899	0.05563	0.01605	0.01381	0.06146	0.00339	0.07618	0.00873	0.03859	0.16731
6	0.02304	0.44787	0.07151	0.01917	0.05331	0.05805	0.04340	0.02634	0.01772	0.05871	0.01371	0.01627	0.01176	0.00859	0.00916	0.00226	0.09819	0.00569	0.00415	0.01111
7	0.01192	0.00864	0.01246	0.01293	0.01423	0.00960	0.00973	0.01463	0.01453	0.02086	0.02889	0.19347	0.02977	0.05202	0.47391	0.01059	0.01749	0.01270	0.04418	0.00745
8	0.01238	0.00825	0.00928	0.00928	0.00928	0.00825	0.00516	0.01238	0.01238	0.01650	0.02681	0.05569	0.03094	0.70092	0.04331	0.00825	0.00825	0.01238	0.00516	0.00516
9	0.01201	0.00941	0.01096	0.01044	0.01299	0.00873	0.00787	0.01689	0.06953	0.03010	0.38921	0.06791	0.28559	0.01849	0.00994	0.00277	0.00434	0.01590	0.00877	0.00814
10	0.01238	0.00825	0.00928	0.00928	0.00928	0.00825	0.00516	0.01238	0.01238	0.01650	0.02681	0.05569	0.03094	0.70092	0.04331	0.00825	0.00825	0.01238	0.00516	0.00516
11	0.03179	0.04056	0.02412	0.02192	0.02631	0.66676	0.01644	0.03398	0.02412	0.02083	0.01315	0.01535	0.01096	0.00877	0.00767	0.00219	0.01535	0.00548	0.00438	0.00987
12	0.02106	0.02022	0.03454	0.05223	0.64784	0.02022	0.02612	0.02612	0.01938	0.02780	0.01601	0.02106	0.01348	0.00758	0.00842	0.00253	0.01011	0.00758	0.00421	0.01348
13	0.02106	0.02022	0.03454	0.05223	0.64784	0.02022	0.02612	0.02612	0.01938	0.02780	0.01601	0.02106	0.01348	0.00758	0.00842	0.00253	0.01011	0.00758	0.00421	0.01348
14	0.01006	0.00862	0.00862	0.00862	0.01149	0.00718	0.00647	0.01221	0.01940	0.02299	0.08621	0.08190	0.64438	0.02155	0.01006	0.00287	0.00431	0.01796	0.00790	0.00718
15	0.03179	0.04056	0.02412	0.02192	0.02631	0.66676	0.01644	0.03398	0.02412	0.02083	0.01315	0.01535	0.01096	0.00877	0.00767	0.00219	0.01535	0.00548	0.00438	0.00987
16	0.01245	0.00909	0.01194	0.01231	0.01439	0.00859	0.00995	0.01623	0.02193	0.02975	0.36388	0.07745	0.12912	0.02009	0.01067	0.00315	0.00545	0.22705	0.00865	0.00787
17	0.01006	0.00862	0.00862	0.00862	0.01149	0.00718	0.00647	0.01221	0.01940	0.02299	0.08621	0.08190	0.64438	0.02155	0.01006	0.00287	0.00431	0.01796	0.00790	0.00718
18	0.03179	0.04056	0.02412	0.02192	0.02631	0.66676	0.01644	0.03398	0.02412	0.02083	0.01315	0.01535	0.01096	0.00877	0.00767	0.00219	0.01535	0.00548	0.00438	0.00987
19	0.03219	0.02863	0.02513	0.02025	0.02637	0.20998	0.01625	0.45161	0.03545	0.04423	0.01835	0.01897	0.01347	0.00980	0.00827	0.00245	0.01108	0.00704	0.00733	0.01315
20	0.01216	0.00912	0.01368	0.01368	0.01520	0.01064	0.01064	0.01520	0.01368	0.01976	0.02279	0.03343	0.02127	0.06382	0.66720	0.01368	0.02279	0.00912	0.00456	0.00760
21	0.01607	0.01513	0.02552	0.68047	0.05861	0.01891	0.02363	0.02174	0.01702	0.02174	0.01513	0.02269	0.01134	0.00851	0.00851	0.00284	0.01134	0.00756	0.00378	0.00945
22	0.01051	0.00868	0.00925	0.00924	0.01194	0.00742	0.00702	0.01301	0.02008	0.02470	0.16450	0.07989	0.53659	0.02104	0.01013	0.00289	0.00443	0.04323	0.00811	0.00733
23	0.01370	0.01108	0.01603	0.01524	0.01646	0.01378	0.01211	0.01653	0.01374	0.02047	0.02057	0.03021	0.01916	0.05092	0.50067	0.01102	0.16230	0.00871	0.03933	0.00798
24	0.01981	0.01506	0.01968	0.17625	0.02867	0.01730	0.01504	0.20666	0.02316	0.03208	0.02071	0.02658	0.01680	0.02814	0.23398	0.00638	0.01390	0.00816	0.08141	0.01024
25	0.01216	0.00912	0.01368	0.01368	0.01520	0.01064	0.01064	0.01520	0.01368	0.01976	0.02279	0.03343	0.02127	0.06382	0.66720	0.01368	0.02279	0.00912	0.00456	0.00760
26	0.01558	0.00802	0.00838	0.00838	0.01032	0.00814	0.00631	0.01947	0.01752	0.03080	0.02738	0.03186	0.02177	0.01410	0.05724	0.00289	0.00543	0.00802	0.69049	0.00791
27	0.03235	0.02384	0.02554	0.01958	0.02639	0.02639	0.01618	0.61946	0.04001	0.05363	0.02043	0.02043	0.01447	0.01022	0.00851	0.00255	0.00936	0.00766	0.00851	0.01447
28	0.03179	0.04056	0.02412	0.02192	0.02631	0.66676	0.01644	0.03398	0.02412	0.02083	0.01315	0.01535	0.01096	0.00877	0.00767	0.00219	0.01535	0.00548	0.00438	0.00987
29	0.01025	0.00863	0.00889	0.00883	0.01162	0.00727	0.00662	0.01259	0.01986	0.02409	0.14123	0.08009	0.58867	0.02114	0.01006	0.00285	0.00428	0.01771	0.00805	0.00727
30	0.01006	0.00862	0.00862	0.00862	0.01149	0.00718	0.00647	0.01221	0.01940	0.02299	0.08621	0.08190	0.64438	0.02155	0.01006	0.00287	0.00431	0.01796	0.00790	0.00718
31	0.02009	0.02296	0.05022	0.03587	0.04448	0.02152	0.61693	0.02726	0.02009	0.02726	0.01722	0.02296	0.01291	0.00717	0.01004	0.00287	0.01435	0.01004	0.00430	0.01148
32	0.03235	0.02384	0.02554	0.01958	0.02639	0.02639	0.01618	0.61946	0.04001	0.05363	0.02043	0.02043	0.01447	0.01022	0.00851	0.00255	0.00936	0.00766	0.00851	0.01447
33	0.01030	0.00766	0.00961	0.01117	0.01216	0.00697	0.00760	0.01193	0.01695	0.02199	0.05523	0.56538	0.18090	0.02558	0.01069	0.00333	0.00480	0.02287	0.00790	0.00697
34	0.01765	0.01513	0.01765	0.01260	0.02017	0.01134	0.01008	0.02143	0.01765	0.02773	0.01513	0.01765	0.01260	0.00630	0.00630	0.00126	0.00630	0.00504	0.00504	0.75295
35	0.03235	0.02384	0.02554	0.01958	0.02639	0.02639	0.01618	0.61946	0.04001	0.05363	0.02043	0.02043	0.01447	0.01022	0.00851	0.00255	0.00936	0.00766	0.00851	0.01447
36	0.01034	0.00751	0.00977	0.01157	0.01227	0.00694	0.00778	0.01188	0.01656	0.02183	0.05027	0.64283	0.10665	0.02622	0.01079	0.00341	0.00488	0.02366	0.00790	0.00694
37	0.02117	0.01828	0.01924	0.01732	0.02213	0.02117	0.01347	0.04522	0.63246	0.03560	0.03464	0.03175	0.02598	0.01155	0.00866	0.00289	0.00673	0.00962	0.00866	0.01347
38	0.01216	0.00912	0.01368	0.01368	0.01520	0.01064	0.01064	0.01520	0.01368	0.01976	0.02279	0.03343	0.02127	0.06382	0.66720	0.01368	0.02279	0.00912	0.00456	0.00760
39	0.01157	0.00825	0.01058	0.01199	0.01292	0.00791	0.00863	0.01339	0.01652	0.02165	0.04536	0.37070	0.09490	0.16474	0.01772	0.00451	0.00627	0.15828	0.00732	0.00679
40	0.03235	0.02384	0.02554	0.01958	0.02639	0.02639	0.01618	0.61946	0.04001	0.05363	0.02043	0.02043	0.01447	0.01022	0.00851	0.00255	0.00936	0.00766	0.00851	0.01447
41	0.01204	0.00870	0.01138	0.01071	0.01271	0.00803	0.00803	0.01606	0.02409	0.03413	0.64335	0.06357	0.08030	0.01740	0.01004	0.00268	0.00401	0.01539	0.00937	0.00803
42	0.01085	0.00862	0.00952	0.00931	0.01170	0.00753	0.00684	0.01340	0.02029	0.02590	0.25232	0.07425	0.42396	0.07297	0.01263	0.00323	0.00453	0.01674	0.00814	0.00729
43	0.02068	0.01982	0.03384	0.10096	0.60214	0.02012	0.02592	0.02578	0.01919	0.02733	0.01594	0.02119	0.01331	0.00765	0.00843	0.00255	0.01021	0.00758	0.00418	0.01317
44	0.01006	0.00862	0.00862	0.00862	0.01149	0.00718	0.00647	0.01221	0.01940	0.02299	0.08621	0.08190	0.64438	0.02155	0.01006	0.00287	0.00431	0.01796	0.00790	0.00718
45	0.01216	0.00912	0.01368	0.01368	0.01520	0.01064	0.01064	0.01520	0.01368	0.01976	0.02279	0.03343	0.02127	0.06382	0.66720	0.01368	0.02279	0.00912	0.00456	0.00760
46	0.01100	0.00772	0.00990	0.01140	0.01184	0.00736	0.00750	0.01224	0.01549	0.02063	0.04196	0.51384	0.04983	0.18963	0.01875	0.00464	0.00587	0.04664	0.00723	0.00653
47	0.02563	0.02013	0.05998	0.02573	0.10956	0.01912	0.14378	0.06703	0.20643	0.19046	0.02653	0.02650	0.01897	0.00960	0.00886	0.00274	0.00935	0.00891	0.00737	0.01331
48	0.03179	0.04056	0.02412	0.02192	0.02631	0.66676	0.01644	0.03398	0.02412	0.02083	0.01315	0.01535	0.01096	0.00877	0.00767	0.00219	0.01535	0.00548	0.00438	0.00987
49	0.01216	0.00912	0.01368	0.01368	0.01520	0.01064	0.01064	0.01520	0.01368	0.01976	0.02279	0.03343	0.02127	0.06382	0.66720	0.01368	0.02279	0.00912	0.00456	0.00760
50	0.01765	0.01513	0.01765	0.01260	0.02017	0.01134	0.01008	0.02143	0.01765	0.02773	0.01513	0.01765	0.01260	0.00630	0.00630	0.00126	0.00630	0.00504	0.00504	0.75295
51	0.01037	0.00741	0.00987	0.01185	0.01234	0.00691	0.00790	0.01185	0.01629	0.02172	0.04690	0.69537	0.05629	0.02666	0.01086	0.00346	0.00494	0.02419	0.00790	0.00691
52	0.02534	0.02380	0.03089	0.03997	0.40856	0.10636	0.02232	0.17798	0.02524	0.03346	0.01676	0.02015	0.01340	0.00841	0.00835	0.00249	0.01061	0.00733	0.00533	0.01326
53	0.01066	0.00864	0.00946	0.00925	0.01187	0.00744	0.00694	0.01338	0.02082	0.02637	0.25556	0.07633	0.47292	0.02029	0.01005	0.00281	0.00422	0.01718	0.00835	0.00744
54	0.01238	0.00825	0.00928	0.00928	0.00928	0.00825	0.00516	0.01238	0.01238	0.01650	0.02681	0.05569	0.03094	0.70092	0.04331	0.00825	0.00825	0.01238	0.00516	0.00516
55	0.01037	0.00741	0.00987	0.01185	0.01234	0.00691	0.00790	0.01185	0.01629	0.02172	0.04690	0.69537	0.05629	0.02666	0.01086	0.00346	0.00494	0.02419	0.00790	0.00691
56	0.02998	0.02266	0.02421	0.01910	0.02549	0.02528	0.01560	0.49778	0.16555	0.04981	0.02344	0.02283	0.01691	0.01050	0.00854	0.00262	0.00881	0.00808	0.00854	0.01426
57	0.01586	0.00793	0.00793	0.00793	0.00991	0.00793	0.00595	0.01983	0.01785	0.03173	0.02776	0.03173	0.02181	0.00991	0.00595	0.00198	0.00397	0.00793	0.74817	0.00793
58	0.01088	0.00865	0.00977	0.00949	0.01200	0.00754	0.00712	0.01381	0.02135	0.02762	0.31764	0.07428	0.41007	0.01983	0.01005	0.00279	0.00419	0.01689	0.00851	0.00754
59	0.01216	0.00912	0.01368	0.01368	0.01520	0.01064	0.01064	0.01520	0.01368	0.01976	0.02279	0.03343	0.02127	0.06382	0.66720	0.01368	0.02279	0.00912	0.00456	0.00760
60	0.01238	0.00825	0.00928	0.00928	0.00928	0.00825	0.00516	0.01238	0.01238	0.01650	0.02681	0.05569	0.03094	0.70092	0.04331	0.00825	0.00825	0.01238	0.00516	0.00516
61	0.01216	0.00912	0.01368	0.01368	0.01520	0.01064	0.01064	0.01520	0.01368	0.01976	0.02279	0.03343	0.02127	0.06382	0.66720	0.01368	0.02279	0.00912	0.00456	0.00760
62	0.02117	0.01828	0.01924	0.01732	0.02213	0.02117	0.01347	0.04522	0.63246	0.03560	0.03464	0.03175	0.02598	0.01155	0.00866	0.00289	0.00673	0.00962	0.00866	0.01347
63	0.01238	0.00825	0.00928	0.00928	0.00928	0.00825	0.00516	0.01238	0.01238	0.01650	0.02681	0.05569	0.03094	0.70092	0.04331	0.00825	0.00825	0.01238	0.00516	0.00516
64	0.01198	0.00875	0.01129	0.01081	0.01288	0.00806	0.00821	0.01584	0.02349	0.03280	0.56828	0.06672	0.12238	0.01805	0.01013	0.00276	0.00424	0.04621	0.00917	0.00795
65	0.02117	0.01828	0.01924	0.01732	0.02213	0.02117	0.01347	0.04522	0.63246	0.03560	0.03464	0.03175	0.02598	0.01155	0.00866	0.00289	0.00673	0.00962	0.00866	0.01347
66	0.01216	0.00912	0.01368	0.01368	0.01520	0.01064	0.01064	0.01520	0.01368	0.01976	0.02279	0.03343	0.02127	0.06382	0.66720	0.01368	0.02279	0.00912	0.00456	0.00760
67	0.01156	0.00868	0.01071	0.01020	0.01242	0.00783	0.00765	0.01513	0.02295	0.03143	0.50857	0.06800	0.21676	0.01840	0.01004	0.00272	0.00409	0.01601	0.00901	0.00783
68	0.01586	0.00793	0.00793	0.00793	0.00991	0.00793	0.00595	0.01983	0.01785	0.03173	0.02776	0.03173	0.02181	0.00991	0.00595	0.00198	0.00397	0.00793	0.74817	0.00793
69	0.06048	0.67081	0.04295	0.01439	0.02157	0.03293	0.01429	0.02546	0.01715	0.02095	0.01183	0.01366	0.01083	0.00731	0.00545	0.00186	0.00897	0.00455	0.00372	0.01083
70	0.17316	0.01541	0.02278	0.53934	0.04972	0.01895	0.02059	0.02243	0.01648	0.02521	0.01443	0.02082	0.01090	0.00838	0.00782	0.00279	0.01034	0.00694	0.00409	0.00940
71	0.02448	0.30423	0.19305	0.01961	0.02722	0.25228	0.01951	0.02884	0.01986	0.02207	0.01317	0.01534	0.01090	0.00801	0.00690	0.00217	0.01218	0.00532	0.00389	0.01097
72	0.03179	0.04056	0.02412	0.02192	0.02631	0.66676	0.01644	0.03398	0.02412	0.02083	0.01315	0.01535	0.01096	0.00877	0.00767	0.00219	0.01535	0.00548	0.00438	0.00987
73	0.01120	0.00804	0.01062	0.01129	0.01253	0.00746	0.00796	0.01393	0.02014	0.02785	0.34134	0.38348	0.06814	0.02209	0.01045	0.00307	0.00448	0.01985	0.00862	0.00746
74	0.01007	0.00856	0.00868	0.00878	0.01154	0.00717	0.00654	0.01219	0.01924	0.02293	0.08425	0.11242	0.61513	0.02181	0.01010	0.00290	0.00434	0.01827	0.00790	0.00717
75	0.01827	0.18430	0.52710	0.02220	0.03366	0.02271	0.02787	0.02664	0.01782	0.02548	0.01454	0.01705	0.01081	0.00791	0.00753	0.00251	0.01184	0.00592	0.00360	0.01223
76	0.01238	0.00825	0.00928	0.00928	0.00928	0.00825	0.00516	0.01238	0.01238	0.01650	0.02681	0.05569	0.03094	0.70092	0.04331	0.00825	0.00825	0.01238	0.00516	0.00516
77	0.01063	0.00752	0.00980	0.01151	0.01194	0.00709	0.00754	0.01192	0.01578	0.02104	0.04428	0.61170	0.05297	0.11486	0.01511	0.00408	0.00537	0.02265	0.00754	0.00668
78	0.08117	0.04164	0.60131	0.02313	0.03508	0.01971	0.02953	0.02678	0.01767	0.02792	0.01498	0.01761	0.01065	0.00807	0.00784	0.00269	0.01206	0.00614	0.00374	0.01229
79	0.03359	0.02185	0.02431	0.01864	0.02540	0.02345	0.01540	0.49699	0.03669	0.18079	0.02322	0.02224	0.01587	0.01028	0.00852	0.00257	0.00891	0.00785	0.00894	0.01447
80	0.01073	0.00766	0.00966	0.01111	0.01169	0.00719	0.00727	0.01198	0.01579	0.02083	0.04612	0.52573	0.09706	0.15493	0.01699	0.00433	0.00552	0.02145	0.00738	0.00660
81	0.01156	0.00821	0.00921	0.00950	0.01023	0.00781	0.00585	0.01226	0.01455	0.01874	0.04332	0.15328	0.17539	0.44844	0.03103	0.00633	0.00687	0.01535	0.00618	0.00587
82	0.01258	0.00823	0.00920	0.00920	0.00932	0.00823	0.00520	0.01282	0.01270	0.01740	0.02687	0.05427	0.03040	0.65999	0.04110	0.00788	0.00800	0.01211	0.04917	0.00532
83	0.02703	0.01986	0.02175	0.01771	0.02299	0.02168	0.01417	0.47247	0.03427	0.04591	0.02684	0.18371	0.02459	0.01419	0.00908	0.00277	0.00829	0.01166	0.00836	0.01264
84	0.01038	0.00778	0.00964	0.01098	0.01215	0.00704	0.00755	0.01216	0.01747	0.02267	0.08721	0.50969	0.20457	0.02491	0.01062	0.00327	0.00473	0.02218	0.00798	0.00704
85	0.01122	0.00855	0.01052	0.01177	0.01356	0.00785	0.00905	0.01366	0.01839	0.02327	0.06086	0.29568	0.27101	0.02387	0.01082	0.00338	0.00555	0.18583	0.00788	0.00728
86	0.01204	0.00870	0.01138	0.01071	0.01271	0.00803	0.00803	0.01606	0.02409	0.03413	0.64335	0.06357	0.08030	0.01740	0.01004	0.00268	0.00401	0.01539	0.00937	0.00803
87	0.02117	0.01828	0.01924	0.01732	0.02213	0.02117	0.01347	0.04522	0.63246	0.03560	0.03464	0.03175	0.02598	0.01155	0.00866	0.00289	0.00673	0.00962	0.00866	0.01347
88	0.01849	0.01136	0.01295	0.01167	0.01565	0.01043	0.00919	0.02387	0.10080	0.17734	0.06477	0.06321	0.38429	0.01767	0.00959	0.00287	0.00550	0.04192	0.00863	0.00980
89	0.76103	0.01646	0.01251	0.01119	0.01646	0.01909	0.00922	0.02502	0.01448	0.03818	0.01185	0.01382	0.00922	0.00790	0.00527	0.00263	0.00658	0.00461	0.00527	0.00922
90	0.01504	0.00790	0.00823	0.00843	0.01011	0.00785	0.00608	0.01845	0.01727	0.02954	0.02962	0.10059	0.02600	0.06520	0.00934	0.00262	0.00440	0.00992	0.61580	0.00761
91	0.01121	0.00821	0.00983	0.01022	0.01151	0.00758	0.00695	0.01312	0.01801	0.02388	0.20165	0.24428	0.18712	0.18629	0.01833	0.00429	0.00537	0.01772	0.00761	0.00683
92	0.05994	0.01244	0.01410	0.01198	0.01625	0.01215	0.00954	0.07793	0.05820	0.22788	0.03625	0.03561	0.10203	0.01165	0.00765	0.00244	0.00578	0.00936	0.27800	0.01083
93	0.01047	0.00745	0.00984	0.01172	0.01219	0.00698	0.00776	0.01188	0.01610	0.02146	0.04589	0.66321	0.05501	0.06056	0.01249	0.00370	0.00510	0.02360	0.00776	0.00682
94	0.02613	0.01717	0.01939	0.01668	0.02201	0.01864	0.01319	0.04413	0.45510	0.21588	0.03433	0.03094	0.02455	0.01125	0.00863	0.00281	0.00688	0.00931	0.00921	0.01377
95	0.05884	0.01086	0.01348	0.01173	0.01538	0.00977	0.00904	0.02328	0.01896	0.25239	0.04599	0.04560	0.23256	0.01878	0.01488	0.18410	0.00624	0.01130	0.00772	0.00911
96	0.01339	0.00898	0.01171	0.01087	0.01303	0.00827	0.00814	0.01720	0.02361	0.06504	0.58612	0.06147	0.07518	0.04595	0.01137	0.00291	0.00436	0.01491	0.00925	0.00824
97	0.01862	0.01862	0.02607	0.02234	0.02234	0.02607	0.01862	0.02048	0.01303	0.02048	0.01117	0.01862	0.01117	0.01489	0.02793	0.00372	0.68535	0.00745	0.00372	0.00931
98	0.01216	0.00912	0.01368	0.01368	0.01520	0.01064	0.01064	0.01520	0.01368	0.01976	0.02279	0.03343	0.02127	0.06382	0.66720	0.01368	0.02279	0.00912	0.00456	0.00760
99	0.01657	0.01113	0.03952	0.01148	0.01490	0.00889	0.00915	0.01918	0.01974	0.15629	0.09459	0.19042	0.30712	0.04764	0.01120	0.00315	0.00556	0.01635	0.00824	0.00887
100	0.02106	0.02022	0.03454	0.05223	0.64784	0.02022	0.02612	0.02612	0.01938	0.02780	0.01601	0.02106	0.01348	0.00758	0.00842	0.00253	0.01011	0.00758	0.00421	0.01348
101	0.01707	0.04402	0.65683	0.02426	0.03683	0.01976	0.03144	0.02695	0.01797	0.02695	0.01527	0.01797	0.01078	0.00809	0.00809	0.00270	0.01258	0.00629	0.00359	0.01258
102	0.03179	0.04056	0.02412	0.02192	0.02631	0.66676	0.01644	0.03398	0.02412	0.02083	0.01315	0.01535	0.01096	0.00877	0.00767	0.00219	0.01535	0.00548	0.00438	0.00987
103	0.01634	0.01540	0.02600	0.64702	0.08998	0.01898	0.02377	0.02198	0.01714	0.02207	0.01517	0.02260	0.01146	0.00846	0.00850	0.00282	0.01128	0.00756	0.00380	0.00967
104	0.01024	0.00858	0.00894	0.00918	0.01183	0.00728	0.00689	0.01242	0.01916	0.02300	0.08138	0.13009	0.57296	0.02203	0.01019	0.00296	0.00451	0.04327	0.00790	0.00719
105	0.03069	0.03317	0.02367	0.02037	0.02546	0.41717	0.01576	0.22517	0.02906	0.03174	0.01987	0.02096	0.04964	0.01000	0.00809	0.00235	0.01273	0.00694	0.00595	0.01122
106	0.02397	0.01798	0.02123	0.11206	0.02723	0.01982	0.01525	0.35300	0.02989	0.03966	0.02801	0.10118	0.05463	0.01443	0.01026	0.03634	0.00869	0.06744	0.00746	0.01146
107	0.01008	0.00855	0.00870	0.00881	0.01154	0.00717	0.00655	0.01219	0.01921	0.02291	0.08388	0.11824	0.60955	0.02186	0.01011	0.00291	0.00435	0.01833	0.00790	0.00717
108	0.01919	0.01603	0.01777	0.01688	0.02093	0.01815	0.01353	0.03789	0.46960	0.03291	0.03741	0.04882	0.03209	0.01472	0.00948	0.00316	0.00703	0.16399	0.00844	0.01197
109	0.03235	0.02384	0.02554	0.01958	0.02639	0.02639	0.01618	0.61946	0.04001	0.05363	0.02043	0.02043	0.01447	0.01022	0.00851	0.00255	0.00936	0.00766	0.00851	0.01447
110	0.02028	0.01942	0.03313	0.15031	0.55585	0.02001	0.02573	0.02543	0.01901	0.02686	0.01587	0.02132	0.01315	0.00773	0.00844	0.00258	0.01030	0.00758	0.00415	0.01285
111	0.01178	0.00853	0.01093	0.01202	0.01320	0.00833	0.00887	0.01381	0.01647	0.02155	0.04517	0.25816	0.12605	0.17170	0.08267	0.00552	0.00805	0.16333	0.00697	0.00688
112	0.03179	0.04056	0.02412	0.02192	0.02631	0.66676	0.01644	0.03398	0.02412	0.02083	0.01315	0.01535	0.01096	0.00877	0.00767	0.00219	0.01535	0.00548	0.00438	0.00987
113	0.02558	0.28904	0.03242	0.01908	0.02377	0.25594	0.01617	0.05844	0.01999	0.02216	0.01261	0.01566	0.01117	0.00957	0.01116	0.00239	0.15462	0.00566	0.00418	0.01039
114	0.01185	0.00846	0.00981	0.00981	0.01065	0.00839	0.00627	0.01277	0.01406	0.01837	0.03879	0.05786	0.15945	0.46013	0.13110	0.00794	0.00963	0.01306	0.00565	0.00596
115	0.02059	0.01974	0.03369	0.11162	0.59214	0.02010	0.02588	0.02570	0.01915	0.02723	0.01592	0.02122	0.01328	0.00767	0.00843	0.00256	0.01023	0.00758	0.00417	0.01310
116	0.01750	0.03855	0.52422	0.08252	0.11721	0.01975	0.03011	0.02641	0.01807	0.02663	0.01535	0.01876	0.01117	0.00806	0.00816	0.00269	0.01216	0.00656	0.00369	0.01243
117	0.03106	0.03568	0.02354	0.02075	0.02547	0.51068	0.01584	0.14451	0.02681	0.02763	0.01530	0.01717	0.01220	0.00910	0.00774	0.00225	0.01362	0.00602	0.04399	0.01064
118	0.01244	0.00903	0.01323	0.01323	0.01479	0.01043	0.01027	0.01556	0.01400	0.02068	0.02318	0.03330	0.02132	0.05964	0.61591	0.01277	0.02133	0.00903	0.06223	0.00762
119	0.01140	0.00924	0.01024	0.01013	0.01282	0.00832	0.00777	0.01529	0.05255	0.02653	0.21511	0.07594	0.42946	0.02018	0.01011	0.00291	0.00464	0.06131	0.00829	0.00777
120	0.12254	0.00915	0.00859	0.00840	0.01085	0.00953	0.00642	0.02057	0.01736	0.03265	0.02548	0.02916	0.02001	0.00963	0.00585	0.00208	0.00434	0.00746	0.64182	0.00812
121	0.01607	0.01513	0.02552	0.68047	0.05861	0.01891	0.02363	0.02174	0.01702	0.02174	0.01513	0.02269	0.01134	0.00851	0.00851	0.00284	0.01134	0.00756	0.00378	0.00945
122	0.03097	0.03883	0.02374	0.02157	0.02598	0.61669	0.01621	0.03485	0.07130	0.02197	0.01482	0.01662	0.01213	0.00898	0.00775	0.00225	0.01468	0.00580	0.00472	0.01015
123	0.01238	0.00825	0.00928	0.00928	0.00928	0.00825	0.00516	0.01238	0.01238	0.01650	0.02681	0.05569	0.03094	0.70092	0.04331	0.00825	0.00825	0.01238	0.00516	0.00516
124	0.01013	0.00833	0.00892	0.00940	0.01170	0.00712	0.00681	0.01213	0.01865	0.02268	0.07670	0.23031	0.50211	0.02279	0.01025	0.00301	0.00446	0.01947	0.00790	0.00712
125	0.02082	0.01998	0.03411	0.08221	0.61972	0.02016	0.02600	0.02591	0.01926	0.02751	0.01597	0.02114	0.01338	0.00763	0.00843	0.00254	0.01017	0.00758	0.00419	0.01329
126	0.02663	0.02867	0.02561	0.02517	0.10601	0.29137	0.01783	0.11502	0.08351	0.02782	0.01627	0.01913	0.01332	0.01039	0.01228	0.00268	0.15493	0.00689	0.00524	0.01123
127	0.02396	0.02876	0.08251	0.15207	0.14914	0.23980	0.11141	0.06336	0.02176	0.02569	0.01526	0.01942	0.01198	0.00829	0.00841	0.00254	0.01291	0.00714	0.00441	0.01119
128	0.02299	0.01626	0.04925	0.02523	0.20407	0.01449	0.01604	0.02882	0.06916	0.20198	0.15864	0.03581	0.06192	0.01144	0.00879	0.00258	0.00740	0.01000	0.00759	0.04754
129	0.01988	0.05979	0.18505	0.08080	0.43399	0.02070	0.02668	0.02603	0.01879	0.02685	0.01557	0.02004	0.01257	0.00774	0.00820	0.00255	0.01073	0.00712	0.00401	0.01290

[dist]
# distance from previous block
# <min> <max>
1	2

[block]
# block no. 3 follows, 21 sequences, length 57
# corresponding to MSA columns:
# 304-360
name=unknown_D
#
# <colnr> <probs for GDERKNQSTAVLIFYWHMCP>
#	G	D	E	R	K	N	Q	S	T	A	V	L	I	F	Y	W	H	M	C	P
0	0.01934	0.07750	0.31496	0.03642	0.30498	0.02098	0.05361	0.02650	0.01863	0.02687	0.01545	0.01925	0.01207	0.00777	0.00814	0.00257	0.01133	0.00690	0.00390	0.01281
1	0.05540	0.01367	0.01759	0.01744	0.06179	0.01338	0.01332	0.05170	0.08644	0.16800	0.09047	0.05277	0.03459	0.01501	0.00944	0.00297	0.00726	0.20672	0.00809	0.07395
2	0.01682	0.01725	0.07378	0.03391	0.34143	0.01516	0.01981	0.02117	0.01863	0.02583	0.03048	0.18059	0.06238	0.01469	0.00947	0.00295	0.00855	0.09054	0.00566	0.01087
3	0.01427	0.01222	0.01609	0.01506	0.01676	0.04417	0.06304	0.01655	0.01695	0.02225	0.08211	0.18191	0.06653	0.21294	0.02136	0.00472	0.06599	0.11329	0.00637	0.00743
4	0.05428	0.16656	0.02374	0.01504	0.02000	0.05284	0.01226	0.13516	0.09118	0.13933	0.02405	0.05635	0.02054	0.13590	0.01413	0.00351	0.00844	0.00869	0.00685	0.01114
5	0.02153	0.02218	0.03387	0.10395	0.41795	0.09269	0.10131	0.02655	0.01971	0.02638	0.01573	0.02068	0.01289	0.00770	0.00847	0.00251	0.01121	0.00756	0.00424	0.04290
6	0.01233	0.00843	0.01017	0.01017	0.01048	0.00874	0.00627	0.01295	0.01264	0.01716	0.02600	0.05117	0.02898	0.57151	0.17005	0.00935	0.01120	0.01171	0.00504	0.00565
7	0.01667	0.04125	0.60616	0.02319	0.03494	0.01884	0.02960	0.02610	0.01845	0.02751	0.06458	0.02155	0.01624	0.00882	0.00824	0.00269	0.01190	0.00700	0.00405	0.01222
8	0.03176	0.02585	0.02506	0.01979	0.02619	0.11293	0.01609	0.51391	0.06490	0.04836	0.02009	0.02026	0.01452	0.01008	0.00841	0.00252	0.01006	0.00746	0.00796	0.01380
9	0.01974	0.01887	0.03215	0.21888	0.49154	0.01987	0.02546	0.02496	0.01875	0.02620	0.01577	0.02149	0.01291	0.00783	0.00845	0.00261	0.01044	0.00758	0.00410	0.01241
10	0.02106	0.02022	0.03454	0.05223	0.64784	0.02022	0.02612	0.02612	0.01938	0.02780	0.01601	0.02106	0.01348	0.00758	0.00842	0.00253	0.01011	0.00758	0.00421	0.01348
11	0.02117	0.01828	0.01924	0.01732	0.02213	0.02117	0.01347	0.04522	0.63246	0.03560	0.03464	0.03175	0.02598	0.01155	0.00866	0.00289	0.00673	0.00962	0.00866	0.01347
12	0.01210	0.00947	0.01204	0.01234	0.01415	0.00941	0.00966	0.01499	0.01964	0.02606	0.21216	0.18173	0.21391	0.02124	0.01196	0.00322	0.05857	0.14173	0.00795	0.00767
13	0.01707	0.04402	0.65683	0.02426	0.03683	0.01976	0.03144	0.02695	0.01797	0.02695	0.01527	0.01797	0.01078	0.00809	0.00809	0.00270	0.01258	0.00629	0.00359	0.01258
14	0.01052	0.00863	0.00936	0.00980	0.01231	0.00746	0.00747	0.01281	0.01909	0.02315	0.07719	0.14858	0.51176	0.02232	0.01034	0.00306	0.00479	0.08623	0.00789	0.00723
15	0.02083	0.01999	0.03413	0.08087	0.62098	0.02016	0.02600	0.02592	0.01927	0.02753	0.01597	0.02114	0.01338	0.00762	0.00843	0.00254	0.01017	0.00758	0.00419	0.01330
16	0.02106	0.02022	0.03454	0.05223	0.64784	0.02022	0.02612	0.02612	0.01938	0.02780	0.01601	0.02106	0.01348	0.00758	0.00842	0.00253	0.01011	0.00758	0.00421	0.01348
17	0.01216	0.00912	0.01368	0.01368	0.01520	0.01064	0.01064	0.01520	0.01368	0.01976	0.02279	0.03343	0.02127	0.06382	0.66720	0.01368	0.02279	0.00912	0.00456	0.00760
18	0.03235	0.02384	0.02554	0.01958	0.02639	0.02639	0.01618	0.61946	0.04001	0.05363	0.02043	0.02043	0.01447	0.01022	0.00851	0.00255	0.00936	0.00766	0.00851	0.01447
19	0.02106	0.02022	0.03454	0.05223	0.64784	0.02022	0.02612	0.02612	0.01938	0.02780	0.01601	0.02106	0.01348	0.00758	0.00842	0.00253	0.01011	0.00758	0.00421	0.01348
20	0.01216	0.00912	0.01368	0.01368	0.01520	0.01064	0.01064	0.01520	0.01368	0.01976	0.02279	0.03343	0.02127	0.06382	0.66720	0.01368	0.02279	0.00912	0.00456	0.00760
21	0.01238	0.00825	0.00928	0.00928	0.00928	0.00825	0.00516	0.01238	0.01238	0.01650	0.02681	0.05569	0.03094	0.70092	0.04331	0.00825	0.00825	0.01238	0.00516	0.00516
