[name]
unknown

[dist]
# distance from previous block
# <min> <max>
3	7

[block]
# block no. 0 follows, 20 sequences, length 6
# corresponding to MSA columns:
# 8-13
name=unknown_A
#
# <colnr> <probs for GDERKNQSTAVLIFYWHMCP>
#	G	D	E	R	K	N	Q	S	T	A	V	L	I	F	Y	W	H	M	C	P
0	0.10816	0.02223	0.08193	0.04625	0.51705	0.02055	0.02516	0.02671	0.01915	0.02969	0.01584	0.02046	0.01308	0.00785	0.00822	0.00262	0.01014	0.00730	0.00439	0.01322
1	0.14835	0.03044	0.19704	0.03296	0.25906	0.13387	0.02352	0.02824	0.01947	0.02881	0.01495	0.01841	0.01185	0.00819	0.00785	0.00260	0.01139	0.00650	0.00436	0.01215
2	0.15352	0.02330	0.03179	0.03970	0.37196	0.11035	0.09108	0.02784	0.01974	0.02932	0.01538	0.01967	0.01261	0.00795	0.00815	0.00260	0.01099	0.00723	0.00455	0.01228
3	0.01926	0.01803	0.02815	0.08148	0.41402	0.01838	0.02143	0.02635	0.09383	0.02820	0.03150	0.03414	0.12586	0.01088	0.00897	0.00272	0.00896	0.00992	0.00552	0.01240
4	0.02049	0.01780	0.01817	0.06646	0.05749	0.10856	0.01302	0.02905	0.18821	0.07252	0.03318	0.11676	0.06663	0.13473	0.01539	0.00386	0.00867	0.01178	0.00696	0.01028
5	0.01960	0.01830	0.09395	0.01588	0.02029	0.01589	0.01354	0.22315	0.02511	0.03374	0.03487	0.24331	0.07663	0.10747	0.01431	0.00373	0.00801	0.01453	0.00740	0.01029

[dist]
# distance from previous block
# <min> <max>
0	1

[block]
# block no. 1 follows, 20 sequences, length 32
# corresponding to MSA columns:
# 15-46
name=unknown_B
#
# <colnr> <probs for GDERKNQSTAVLIFYWHMCP>
#	G	D	E	R	K	N	Q	S	T	A	V	L	I	F	Y	W	H	M	C	P
0	0.02661	0.09884	0.06351	0.02047	0.02574	0.05566	0.01777	0.29026	0.07040	0.03778	0.01785	0.02013	0.01399	0.01131	0.01360	0.00287	0.18676	0.00740	0.00641	0.01263
1	0.02681	0.13603	0.08483	0.02869	0.21511	0.08785	0.01953	0.03111	0.02090	0.19046	0.02055	0.02236	0.01543	0.01224	0.04794	0.00318	0.01099	0.00727	0.00593	0.01281
2	0.02043	0.02590	0.17124	0.07738	0.47706	0.02056	0.02786	0.02674	0.01942	0.02800	0.01620	0.02096	0.01309	0.00793	0.00856	0.00264	0.01099	0.00748	0.00416	0.01341
3	0.05920	0.25348	0.06841	0.02776	0.21931	0.02351	0.01891	0.03028	0.02003	0.17248	0.01897	0.02039	0.01441	0.00843	0.00746	0.00238	0.00929	0.00673	0.00567	0.01291
4	0.21936	0.47001	0.03544	0.01454	0.02124	0.07479	0.01360	0.02661	0.01745	0.02555	0.01223	0.01416	0.01073	0.00774	0.00570	0.00212	0.00909	0.00475	0.00423	0.01065
5	0.03258	0.04157	0.02472	0.02247	0.02697	0.65843	0.01685	0.03483	0.02472	0.02135	0.01348	0.01573	0.01124	0.00899	0.00787	0.00225	0.01573	0.00562	0.00449	0.01011
6	0.01055	0.00791	0.00979	0.01130	0.01243	0.00716	0.00772	0.01224	0.01751	0.02260	0.05836	0.53367	0.20514	0.02599	0.01092	0.00339	0.00490	0.02317	0.00810	0.00716
7	0.03246	0.02408	0.02578	0.01993	0.02678	0.02672	0.01641	0.57537	0.07673	0.05384	0.02184	0.02165	0.01556	0.01055	0.00874	0.00264	0.00943	0.00798	0.00874	0.01477
8	0.02367	0.01464	0.01787	0.01656	0.02095	0.01523	0.01363	0.03539	0.25167	0.19534	0.03896	0.05491	0.03356	0.01586	0.00996	0.00326	0.00744	0.20993	0.00909	0.01206
9	0.01908	0.01908	0.02672	0.02290	0.02290	0.02672	0.01908	0.02099	0.01336	0.02099	0.01145	0.01908	0.01145	0.01527	0.02863	0.00382	0.67748	0.00763	0.00382	0.00954
10	0.01976	0.02929	0.21082	0.03359	0.04350	0.02158	0.45379	0.02786	0.02001	0.02786	0.01711	0.02216	0.01265	0.00760	0.00976	0.00289	0.01422	0.00927	0.00422	0.01207
11	0.02105	0.02017	0.03443	0.11912	0.57769	0.02058	0.02650	0.02630	0.01961	0.02784	0.01631	0.02177	0.01358	0.00787	0.00864	0.00262	0.01050	0.00777	0.00427	0.01338
12	0.01268	0.00846	0.00951	0.00951	0.00951	0.00846	0.00529	0.01268	0.01268	0.01691	0.02748	0.05708	0.03171	0.69345	0.04440	0.00846	0.00846	0.01268	0.00529	0.00529
13	0.02332	0.69869	0.04571	0.01493	0.02239	0.03451	0.01493	0.02612	0.01772	0.02052	0.01213	0.01399	0.01119	0.00746	0.00560	0.00187	0.00933	0.00466	0.00373	0.01119
14	0.01844	0.01689	0.03032	0.12568	0.21812	0.01683	0.15840	0.02319	0.01921	0.05368	0.02782	0.17374	0.05282	0.01297	0.00968	0.00295	0.00998	0.01270	0.00559	0.01098
15	0.01054	0.00792	0.00978	0.01128	0.01242	0.00716	0.00771	0.01224	0.01753	0.02261	0.05863	0.52956	0.20908	0.02596	0.01092	0.00339	0.00489	0.02312	0.00810	0.00716
16	0.01031	0.00884	0.00884	0.00884	0.01178	0.00736	0.00663	0.01252	0.01988	0.02356	0.08837	0.08395	0.63549	0.02209	0.01031	0.00295	0.00442	0.01841	0.00810	0.00736
17	0.02332	0.69869	0.04571	0.01493	0.02239	0.03451	0.01493	0.02612	0.01772	0.02052	0.01213	0.01399	0.01119	0.00746	0.00560	0.00187	0.00933	0.00466	0.00373	0.01119
18	0.01750	0.04512	0.64825	0.02486	0.03775	0.02026	0.03223	0.02762	0.01842	0.02762	0.01565	0.01842	0.01105	0.00829	0.00829	0.00276	0.01289	0.00645	0.00368	0.01289
19	0.01248	0.00927	0.01362	0.01362	0.01504	0.01069	0.01041	0.01532	0.01390	0.01995	0.02373	0.03629	0.02268	0.12096	0.60453	0.01353	0.02205	0.00964	0.00473	0.00757
20	0.01246	0.00935	0.01402	0.01402	0.01558	0.01090	0.01090	0.01558	0.01402	0.02025	0.02336	0.03427	0.02181	0.06542	0.65888	0.01402	0.02336	0.00935	0.00467	0.00779
21	0.06349	0.01994	0.02122	0.01654	0.02270	0.02116	0.01350	0.39348	0.03245	0.04644	0.02102	0.02220	0.01559	0.00972	0.00778	0.00233	0.00804	0.00736	0.13507	0.11998
22	0.02382	0.59211	0.04331	0.01888	0.07725	0.07756	0.01611	0.02680	0.01841	0.02129	0.01260	0.01479	0.01143	0.00760	0.00603	0.00196	0.00987	0.00501	0.00384	0.01135
23	0.01063	0.00759	0.01012	0.01215	0.01265	0.00709	0.00810	0.01215	0.01670	0.02227	0.04808	0.68775	0.05769	0.02733	0.01113	0.00354	0.00506	0.02480	0.00810	0.00709
24	0.02159	0.02073	0.03541	0.05354	0.63903	0.02073	0.02677	0.02677	0.01986	0.02850	0.01641	0.02159	0.01382	0.00777	0.00864	0.00259	0.01036	0.00777	0.00432	0.01382
25	0.02170	0.51701	0.21321	0.01769	0.02666	0.03055	0.01974	0.02654	0.01792	0.02250	0.01311	0.01522	0.01115	0.00769	0.00634	0.00211	0.01032	0.00516	0.00372	0.01167
26	0.02061	0.15430	0.45877	0.02286	0.03365	0.11309	0.02715	0.02839	0.01919	0.02554	0.01475	0.01729	0.01110	0.00825	0.00778	0.00254	0.01270	0.00603	0.00381	0.01221
27	0.01870	0.01777	0.03018	0.40341	0.31176	0.01996	0.02533	0.02424	0.01849	0.02499	0.01590	0.02253	0.01258	0.00831	0.00868	0.00277	0.01108	0.00776	0.00407	0.01148
28	0.02118	0.02535	0.18768	0.15196	0.28289	0.01973	0.02555	0.02896	0.06232	0.08225	0.01900	0.02257	0.01431	0.00863	0.00859	0.00273	0.01073	0.00767	0.00497	0.01293
29	0.01767	0.08462	0.20780	0.02687	0.18887	0.01849	0.02094	0.02521	0.07720	0.02704	0.03600	0.03695	0.17265	0.01194	0.00871	0.00270	0.00916	0.01002	0.00548	0.01167
30	0.01933	0.02383	0.18881	0.21201	0.15688	0.01806	0.05621	0.02568	0.01952	0.08096	0.05190	0.02854	0.06047	0.00991	0.00887	0.00279	0.01064	0.00878	0.00512	0.01166
31	0.01922	0.03119	0.31779	0.08704	0.17024	0.02035	0.02646	0.05237	0.01922	0.02810	0.01568	0.01969	0.01209	0.00873	0.00998	0.00268	0.06790	0.00690	0.00422	0.08013

[dist]
# distance from previous block
# <min> <max>
2	7

[block]
# block no. 2 follows, 20 sequences, length 20
# corresponding to MSA columns:
# 54-61,70-81
name=unknown_C
#
# <colnr> <probs for GDERKNQSTAVLIFYWHMCP>
#	G	D	E	R	K	N	Q	S	T	A	V	L	I	F	Y	W	H	M	C	P
0	0.02346	0.02678	0.02222	0.15800	0.03050	0.32337	0.01664	0.02686	0.02224	0.02461	0.15479	0.02883	0.02748	0.01145	0.01029	0.00263	0.06627	0.00854	0.00547	0.00955
1	0.01580	0.01164	0.01362	0.01268	0.01566	0.01198	0.00963	0.06455	0.09476	0.02875	0.06389	0.11171	0.10377	0.05807	0.15799	0.00546	0.00977	0.01201	0.12899	0.06926
2	0.02068	0.01964	0.03139	0.04121	0.41248	0.02004	0.06993	0.02996	0.14812	0.02978	0.02597	0.02876	0.06320	0.00968	0.00895	0.00272	0.00954	0.00922	0.00558	0.01316
3	0.01917	0.02525	0.18698	0.10729	0.17241	0.01985	0.07737	0.03029	0.15828	0.02980	0.06704	0.02695	0.02088	0.00967	0.00889	0.00280	0.01030	0.00875	0.00556	0.01247
4	0.63920	0.01550	0.01208	0.01095	0.01582	0.01777	0.00892	0.02481	0.01539	0.03810	0.01470	0.01705	0.01147	0.00842	0.00551	0.00259	0.00633	0.00526	0.12089	0.00924
5	0.02332	0.69869	0.04571	0.01493	0.02239	0.03451	0.01493	0.02612	0.01772	0.02052	0.01213	0.01399	0.01119	0.00746	0.00560	0.00187	0.00933	0.00466	0.00373	0.01119
6	0.01702	0.01579	0.02172	0.01912	0.01929	0.02116	0.01530	0.01866	0.01329	0.02006	0.01612	0.02871	0.01683	0.16284	0.10107	0.00591	0.46557	0.00888	0.00422	0.00846
7	0.01166	0.00884	0.01042	0.01005	0.01220	0.00795	0.00734	0.01465	0.02167	0.02894	0.37385	0.07095	0.27328	0.09346	0.01404	0.00344	0.00470	0.01637	0.00860	0.00760
8	0.01268	0.00846	0.00951	0.00951	0.00951	0.00846	0.00529	0.01268	0.01268	0.01691	0.02748	0.05708	0.03171	0.69345	0.04440	0.00846	0.00846	0.01268	0.00529	0.00529
9	0.02159	0.02073	0.03541	0.05354	0.63903	0.02073	0.02677	0.02677	0.01986	0.02850	0.01641	0.02159	0.01382	0.00777	0.00864	0.00259	0.01036	0.00777	0.00432	0.01382
10	0.03316	0.02443	0.02618	0.02007	0.02705	0.02705	0.01658	0.60995	0.04101	0.05497	0.02094	0.02094	0.01483	0.01047	0.00873	0.00262	0.00960	0.00785	0.00873	0.01483
11	0.01235	0.00892	0.01166	0.01097	0.01303	0.00823	0.00823	0.01646	0.02469	0.03498	0.63443	0.06516	0.08230	0.01783	0.01029	0.00274	0.00412	0.01578	0.00960	0.00823
12	0.02156	0.17811	0.33109	0.02426	0.03407	0.12360	0.11596	0.02849	0.01960	0.02520	0.01489	0.01787	0.01145	0.00808	0.00797	0.00252	0.01287	0.00654	0.00393	0.01192
13	0.01647	0.01550	0.02616	0.67248	0.06008	0.01938	0.02422	0.02229	0.01744	0.02229	0.01550	0.02326	0.01163	0.00872	0.00872	0.00291	0.01163	0.00775	0.00388	0.00969
14	0.02830	0.35164	0.03517	0.01820	0.02480	0.18713	0.01586	0.18775	0.02582	0.03014	0.01487	0.01632	0.01220	0.00866	0.00701	0.00217	0.01099	0.00577	0.00528	0.01192
15	0.14979	0.02082	0.06210	0.10174	0.44540	0.02037	0.02377	0.02620	0.01868	0.02975	0.01554	0.02028	0.01270	0.00794	0.00806	0.00265	0.00997	0.00717	0.00443	0.01262
16	0.02635	0.01580	0.01827	0.01533	0.02061	0.01608	0.01223	0.09939	0.22074	0.24145	0.07261	0.04105	0.13452	0.01345	0.00915	0.00282	0.00679	0.01108	0.00941	0.01285
17	0.02332	0.69869	0.04571	0.01493	0.02239	0.03451	0.01493	0.02612	0.01772	0.02052	0.01213	0.01399	0.01119	0.00746	0.00560	0.00187	0.00933	0.00466	0.00373	0.01119
18	0.01246	0.00935	0.01402	0.01402	0.01558	0.01090	0.01090	0.01558	0.01402	0.02025	0.02336	0.03427	0.02181	0.06542	0.65888	0.01402	0.02336	0.00935	0.00467	0.00779
19	0.03848	0.01590	0.02089	0.01602	0.02279	0.01438	0.01323	0.10476	0.02673	0.58034	0.03294	0.02873	0.02085	0.01076	0.00877	0.00269	0.00766	0.00867	0.01057	0.01484

[dist]
# distance from previous block
# <min> <max>
0	2

[block]
# block no. 3 follows, 20 sequences, length 18
# corresponding to MSA columns:
# 84-101
name=unknown_D
#
# <colnr> <probs for GDERKNQSTAVLIFYWHMCP>
#	G	D	E	R	K	N	Q	S	T	A	V	L	I	F	Y	W	H	M	C	P
0	0.01647	0.01550	0.02616	0.67248	0.06008	0.01938	0.02422	0.02229	0.01744	0.02229	0.01550	0.02326	0.01163	0.00872	0.00872	0.00291	0.01163	0.00775	0.00388	0.00969
1	0.01073	0.00776	0.00997	0.01168	0.01238	0.00720	0.00779	0.01221	0.01674	0.02205	0.05046	0.59337	0.10869	0.06846	0.01314	0.00380	0.00521	0.02346	0.00792	0.00700
2	0.02332	0.69869	0.04571	0.01493	0.02239	0.03451	0.01493	0.02612	0.01772	0.02052	0.01213	0.01399	0.01119	0.00746	0.00560	0.00187	0.00933	0.00466	0.00373	0.01119
3	0.01750	0.04512	0.64825	0.02486	0.03775	0.02026	0.03223	0.02762	0.01842	0.02762	0.01565	0.01842	0.01105	0.00829	0.00829	0.00276	0.01289	0.00645	0.00368	0.01289
4	0.03258	0.04157	0.02472	0.02247	0.02697	0.65843	0.01685	0.03483	0.02472	0.02135	0.01348	0.01573	0.01124	0.00899	0.00787	0.00225	0.01573	0.00562	0.00449	0.01011
5	0.02178	0.53094	0.16356	0.05415	0.02756	0.03084	0.01887	0.02620	0.01784	0.02202	0.01301	0.01539	0.01119	0.00770	0.00631	0.00210	0.01016	0.00519	0.00373	0.01144
6	0.14108	0.04021	0.50574	0.02249	0.03364	0.05781	0.02753	0.02772	0.01819	0.02917	0.01494	0.01755	0.01079	0.00830	0.00778	0.00272	0.01204	0.00611	0.00402	0.01215
7	0.01962	0.01546	0.01825	0.01311	0.02079	0.01171	0.01052	0.02346	0.01859	0.07344	0.01688	0.01893	0.01355	0.00678	0.00663	0.00139	0.00653	0.00543	0.00558	0.69334
8	0.01809	0.01550	0.01809	0.01292	0.02067	0.01163	0.01034	0.02196	0.01809	0.02842	0.01550	0.01809	0.01292	0.00646	0.00646	0.00129	0.00646	0.00517	0.00517	0.74677
9	0.02049	0.02184	0.01741	0.01503	0.02003	0.21342	0.01150	0.02507	0.07111	0.02536	0.03930	0.03913	0.20800	0.01258	0.00830	0.00225	0.00876	0.00984	0.00618	0.22440
10	0.01251	0.00838	0.00956	0.00973	0.00978	0.00834	0.00552	0.01264	0.01302	0.01736	0.02920	0.10959	0.03388	0.63799	0.04163	0.00805	0.00817	0.01369	0.00552	0.00544
11	0.02191	0.01673	0.01757	0.01552	0.01998	0.01885	0.01215	0.12153	0.37687	0.03812	0.03150	0.03085	0.02377	0.01119	0.00811	0.00266	0.00654	0.00911	0.20459	0.01244
12	0.02332	0.69869	0.04571	0.01493	0.02239	0.03451	0.01493	0.02612	0.01772	0.02052	0.01213	0.01399	0.01119	0.00746	0.00560	0.00187	0.00933	0.00466	0.00373	0.01119
13	0.01063	0.00759	0.01012	0.01215	0.01265	0.00709	0.00810	0.01215	0.01670	0.02227	0.04808	0.68775	0.05769	0.02733	0.01113	0.00354	0.00506	0.02480	0.00810	0.00709
14	0.01193	0.00890	0.01108	0.01054	0.01278	0.00805	0.00790	0.01565	0.02371	0.03264	0.52275	0.06900	0.19545	0.01870	0.01029	0.00278	0.00418	0.01631	0.00929	0.00805
15	0.01920	0.21213	0.32722	0.01917	0.02931	0.02187	0.02204	0.02578	0.01815	0.02593	0.01467	0.01715	0.01156	0.00760	0.00710	0.00215	0.01031	0.00565	0.00407	0.19892
16	0.03258	0.04157	0.02472	0.02247	0.02697	0.65843	0.01685	0.03483	0.02472	0.02135	0.01348	0.01573	0.01124	0.00899	0.00787	0.00225	0.01573	0.00562	0.00449	0.01011
17	0.01899	0.04303	0.60486	0.02422	0.03668	0.01974	0.03089	0.02865	0.01887	0.07029	0.01695	0.01920	0.01178	0.00846	0.00832	0.00276	0.01251	0.00661	0.00417	0.01303

[dist]
# distance from previous block
# <min> <max>
0	1

[block]
# block no. 4 follows, 20 sequences, length 135
# corresponding to MSA columns:
# 103-237
name=unknown_E
#
# <colnr> <probs for GDERKNQSTAVLIFYWHMCP>
#	G	D	E	R	K	N	Q	S	T	A	V	L	I	F	Y	W	H	M	C	P
0	0.02721	0.01717	0.02412	0.02563	0.19592	0.01535	0.01614	0.05857	0.02210	0.24698	0.02268	0.02330	0.01632	0.00855	0.00800	0.00222	0.00805	0.00730	0.00708	0.24732
1	0.02159	0.02073	0.03541	0.05354	0.63903	0.02073	0.02677	0.02677	0.01986	0.02850	0.01641	0.02159	0.01382	0.00777	0.00864	0.00259	0.01036	0.00777	0.00432	0.01382
2	0.01151	0.00856	0.00927	0.00942	0.01072	0.00789	0.00607	0.01257	0.01607	0.02016	0.05515	0.11514	0.29292	0.35600	0.02730	0.00573	0.00647	0.01604	0.00670	0.00631
3	0.75506	0.01687	0.01282	0.01147	0.01687	0.01957	0.00945	0.02564	0.01484	0.03914	0.01215	0.01417	0.00945	0.00810	0.00540	0.00270	0.00675	0.00472	0.00540	0.00945
4	0.02298	0.01845	0.01976	0.01759	0.02265	0.02104	0.01373	0.04607	0.57914	0.08138	0.03542	0.03233	0.02626	0.01176	0.00887	0.00294	0.00694	0.00978	0.00902	0.01388
5	0.01217	0.00878	0.01150	0.01109	0.01299	0.00811	0.00822	0.01602	0.02387	0.03367	0.57397	0.12936	0.07977	0.01881	0.01038	0.00283	0.00421	0.01671	0.00945	0.00811
6	0.02004	0.01914	0.03260	0.24127	0.46343	0.02032	0.02600	0.02541	0.01913	0.02661	0.01613	0.02209	0.01315	0.00806	0.00866	0.00269	0.01075	0.00777	0.00418	0.01257
7	0.01042	0.00884	0.00900	0.00896	0.01185	0.00741	0.00672	0.01274	0.02015	0.02421	0.11904	0.08289	0.60442	0.02185	0.01031	0.00293	0.00440	0.01826	0.00818	0.00741
8	0.02157	0.13253	0.02319	0.01663	0.02155	0.08740	0.01338	0.03708	0.37036	0.03145	0.09113	0.03364	0.05990	0.01194	0.00844	0.00268	0.00781	0.00959	0.00760	0.01210
9	0.03105	0.15008	0.02818	0.02123	0.02621	0.55541	0.01654	0.03339	0.02356	0.02121	0.01326	0.01544	0.01123	0.00874	0.00749	0.00218	0.01467	0.00546	0.00437	0.01029
10	0.01809	0.01550	0.01809	0.01292	0.02067	0.01163	0.01034	0.02196	0.01809	0.02842	0.01550	0.01809	0.01292	0.00646	0.00646	0.00129	0.00646	0.00517	0.00517	0.74677
11	0.01095	0.00790	0.01043	0.01221	0.01303	0.00737	0.00847	0.01282	0.01750	0.02325	0.07913	0.58355	0.08680	0.02636	0.01112	0.00351	0.00520	0.06501	0.00817	0.00723
12	0.02025	0.01678	0.01925	0.01394	0.02159	0.01384	0.01123	0.10617	0.02137	0.03223	0.01628	0.01850	0.01319	0.00703	0.00678	0.00148	0.00691	0.00555	0.00568	0.64195
13	0.02159	0.02073	0.03541	0.05354	0.63903	0.02073	0.02677	0.02677	0.01986	0.02850	0.01641	0.02159	0.01382	0.00777	0.00864	0.00259	0.01036	0.00777	0.00432	0.01382
14	0.01157	0.00889	0.01058	0.01016	0.01256	0.00790	0.00762	0.01496	0.02286	0.03063	0.42642	0.07231	0.29302	0.01945	0.01030	0.00282	0.00423	0.01678	0.00903	0.00790
15	0.01750	0.04512	0.64825	0.02486	0.03775	0.02026	0.03223	0.02762	0.01842	0.02762	0.01565	0.01842	0.01105	0.00829	0.00829	0.00276	0.01289	0.00645	0.00368	0.01289
16	0.01836	0.01743	0.02957	0.44433	0.27349	0.01988	0.02516	0.02394	0.01833	0.02458	0.01584	0.02264	0.01243	0.00837	0.00869	0.00279	0.01116	0.00776	0.00404	0.01121
17	0.01647	0.01550	0.02616	0.67248	0.06008	0.01938	0.02422	0.02229	0.01744	0.02229	0.01550	0.02326	0.01163	0.00872	0.00872	0.00291	0.01163	0.00775	0.00388	0.00969
18	0.02577	0.52482	0.04016	0.01692	0.02360	0.19960	0.01544	0.02842	0.01957	0.02074	0.01249	0.01445	0.01121	0.00787	0.00620	0.00197	0.01102	0.00492	0.00393	0.01091
19	0.01871	0.07393	0.45025	0.02845	0.06826	0.02145	0.16181	0.02757	0.01894	0.02736	0.01596	0.01950	0.01169	0.00801	0.00862	0.00275	0.01299	0.00729	0.00388	0.01259
20	0.01063	0.00759	0.01012	0.01215	0.01265	0.00709	0.00810	0.01215	0.01670	0.02227	0.04808	0.68775	0.05769	0.02733	0.01113	0.00354	0.00506	0.02480	0.00810	0.00709
21	0.02048	0.01960	0.03341	0.18745	0.51378	0.02043	0.02622	0.02580	0.01934	0.02715	0.01621	0.02195	0.01334	0.00798	0.00865	0.00266	0.01064	0.00777	0.00422	0.01292
22	0.02073	0.25375	0.25294	0.03073	0.22476	0.02513	0.02475	0.02685	0.01865	0.02555	0.01473	0.01796	0.01198	0.00785	0.00751	0.00241	0.01090	0.00628	0.00390	0.01262
23	0.28590	0.02572	0.02116	0.01761	0.02346	0.16936	0.01414	0.27326	0.02811	0.04171	0.01615	0.01737	0.01212	0.00930	0.00736	0.00256	0.01001	0.00624	0.00659	0.01186
24	0.01246	0.00935	0.01402	0.01402	0.01558	0.01090	0.01090	0.01558	0.01402	0.02025	0.02336	0.03427	0.02181	0.06542	0.65888	0.01402	0.02336	0.00935	0.00467	0.00779
25	0.01406	0.01004	0.01406	0.01606	0.01807	0.01004	0.01406	0.01807	0.02008	0.02610	0.04618	0.09839	0.05020	0.02410	0.01205	0.00402	0.00803	0.58032	0.00803	0.00803
26	0.01955	0.01950	0.03585	0.03615	0.23430	0.02032	0.22608	0.02471	0.01840	0.02647	0.01753	0.02390	0.01461	0.01533	0.08473	0.00414	0.11371	0.00883	0.04442	0.01147
27	0.01515	0.00758	0.01136	0.01136	0.01136	0.00758	0.00758	0.01136	0.01136	0.01515	0.01515	0.02652	0.01515	0.03030	0.03409	0.74621	0.00758	0.00758	0.00379	0.00379
28	0.01088	0.00777	0.01041	0.01243	0.01305	0.00730	0.00854	0.01258	0.01695	0.02255	0.04794	0.64428	0.05714	0.02709	0.01120	0.00358	0.00528	0.06577	0.00809	0.00715
29	0.02145	0.02074	0.03451	0.04262	0.40033	0.02117	0.12024	0.03142	0.15718	0.03022	0.02096	0.02440	0.01663	0.00863	0.00897	0.00273	0.01030	0.00867	0.00537	0.01347
30	0.02230	0.02001	0.02000	0.01801	0.02292	0.05705	0.01398	0.04571	0.59004	0.03565	0.03428	0.03161	0.02577	0.01168	0.00882	0.00292	0.00739	0.00963	0.00863	0.01360
31	0.01750	0.04512	0.64825	0.02486	0.03775	0.02026	0.03223	0.02762	0.01842	0.02762	0.01565	0.01842	0.01105	0.00829	0.00829	0.00276	0.01289	0.00645	0.00368	0.01289
32	0.02004	0.01914	0.03260	0.24127	0.46343	0.02032	0.02600	0.02541	0.01913	0.02661	0.01613	0.02209	0.01315	0.00806	0.00866	0.00269	0.01075	0.00777	0.00418	0.01257
33	0.01063	0.00759	0.01012	0.01215	0.01265	0.00709	0.00810	0.01215	0.01670	0.02227	0.04808	0.68775	0.05769	0.02733	0.01113	0.00354	0.00506	0.02480	0.00810	0.00709
34	0.01406	0.01004	0.01406	0.01606	0.01807	0.01004	0.01406	0.01807	0.02008	0.02610	0.04618	0.09839	0.05020	0.02410	0.01205	0.00402	0.00803	0.58032	0.00803	0.00803
35	0.01783	0.01689	0.02861	0.50871	0.21327	0.01974	0.02490	0.02347	0.01808	0.02393	0.01574	0.02281	0.01221	0.00847	0.00870	0.00282	0.01129	0.00776	0.00399	0.01078
36	0.01809	0.01550	0.01809	0.01292	0.02067	0.01163	0.01034	0.02196	0.01809	0.02842	0.01550	0.01809	0.01292	0.00646	0.00646	0.00129	0.00646	0.00517	0.00517	0.74677
37	0.03103	0.04194	0.08902	0.02272	0.02808	0.59262	0.01844	0.03409	0.02407	0.02200	0.01371	0.01601	0.01122	0.00892	0.00791	0.00230	0.01544	0.00570	0.00441	0.01040
38	0.01781	0.08066	0.61549	0.02432	0.03692	0.02103	0.03129	0.02754	0.01838	0.02724	0.01546	0.01818	0.01106	0.00824	0.00814	0.00271	0.01270	0.00635	0.00369	0.01280
39	0.01647	0.01550	0.02616	0.67248	0.06008	0.01938	0.02422	0.02229	0.01744	0.02229	0.01550	0.02326	0.01163	0.00872	0.00872	0.00291	0.01163	0.00775	0.00388	0.00969
40	0.01647	0.01550	0.02616	0.67248	0.06008	0.01938	0.02422	0.02229	0.01744	0.02229	0.01550	0.02326	0.01163	0.00872	0.00872	0.00291	0.01163	0.00775	0.00388	0.00969
41	0.01238	0.00998	0.01552	0.01780	0.07314	0.00945	0.05403	0.01467	0.01728	0.02326	0.04290	0.57701	0.05035	0.02404	0.01084	0.00341	0.00626	0.02215	0.00748	0.00805
42	0.01904	0.21806	0.48882	0.02223	0.03369	0.02403	0.02765	0.02723	0.01823	0.02575	0.01472	0.01725	0.01109	0.00807	0.00758	0.00253	0.01195	0.00597	0.00370	0.01244
43	0.01456	0.01243	0.01804	0.01683	0.01790	0.01592	0.01350	0.01729	0.01381	0.02048	0.01959	0.02945	0.01852	0.04952	0.45906	0.01078	0.23075	0.00880	0.00440	0.00834
44	0.01750	0.04512	0.64825	0.02486	0.03775	0.02026	0.03223	0.02762	0.01842	0.02762	0.01565	0.01842	0.01105	0.00829	0.00829	0.00276	0.01289	0.00645	0.00368	0.01289
45	0.02140	0.07479	0.06844	0.02873	0.03440	0.08999	0.28926	0.02630	0.01841	0.02450	0.01475	0.02037	0.01221	0.01008	0.01542	0.00306	0.22446	0.00837	0.00415	0.01090
46	0.01406	0.01004	0.01406	0.01606	0.01807	0.01004	0.01406	0.01807	0.02008	0.02610	0.04618	0.09839	0.05020	0.02410	0.01205	0.00402	0.00803	0.58032	0.00803	0.00803
47	0.02059	0.02353	0.05147	0.03676	0.04559	0.02206	0.60735	0.02794	0.02059	0.02794	0.01765	0.02353	0.01324	0.00735	0.01029	0.00294	0.01471	0.01029	0.00441	0.01176
48	0.01912	0.03973	0.47865	0.02948	0.11220	0.05459	0.08916	0.02794	0.01915	0.02743	0.01583	0.01918	0.01162	0.00817	0.00851	0.00273	0.01292	0.00696	0.00388	0.01274
49	0.02152	0.02093	0.03659	0.05230	0.59526	0.02082	0.06959	0.02686	0.01992	0.02846	0.01650	0.02173	0.01377	0.00774	0.00876	0.00262	0.01068	0.00796	0.00432	0.01367
50	0.01246	0.00935	0.01402	0.01402	0.01558	0.01090	0.01090	0.01558	0.01402	0.02025	0.02336	0.03427	0.02181	0.06542	0.65888	0.01402	0.02336	0.00935	0.00467	0.00779
51	0.01060	0.00771	0.00999	0.01182	0.01257	0.00711	0.00795	0.01218	0.01701	0.02239	0.05205	0.62826	0.11462	0.02681	0.01105	0.00348	0.00500	0.02417	0.00810	0.00711
52	0.01750	0.04512	0.64825	0.02486	0.03775	0.02026	0.03223	0.02762	0.01842	0.02762	0.01565	0.01842	0.01105	0.00829	0.00829	0.00276	0.01289	0.00645	0.00368	0.01289
53	0.02433	0.02004	0.02121	0.01828	0.02369	0.02293	0.01444	0.17572	0.48962	0.04073	0.03216	0.02988	0.02392	0.01152	0.00884	0.00288	0.00752	0.00940	0.00884	0.01404
54	0.01045	0.00827	0.00942	0.01035	0.01218	0.00724	0.00730	0.01235	0.01843	0.02297	0.06997	0.35971	0.37161	0.02448	0.01069	0.00322	0.00471	0.02133	0.00810	0.00724
55	0.02159	0.02073	0.03541	0.05354	0.63903	0.02073	0.02677	0.02677	0.01986	0.02850	0.01641	0.02159	0.01382	0.00777	0.00864	0.00259	0.01036	0.00777	0.00432	0.01382
56	0.01063	0.00759	0.01012	0.01215	0.01265	0.00709	0.00810	0.01215	0.01670	0.02227	0.04808	0.68775	0.05769	0.02733	0.01113	0.00354	0.00506	0.02480	0.00810	0.00709
57	0.02935	0.02254	0.02403	0.01930	0.02560	0.02527	0.01566	0.42246	0.23471	0.04882	0.02579	0.02480	0.01876	0.01092	0.00878	0.00273	0.00870	0.00852	0.00878	0.01449
58	0.01809	0.02716	0.23401	0.21365	0.07181	0.02170	0.08594	0.02455	0.01727	0.02464	0.01489	0.02065	0.01167	0.00989	0.01331	0.00306	0.16514	0.00756	0.00388	0.01113
59	0.02332	0.69869	0.04571	0.01493	0.02239	0.03451	0.01493	0.02612	0.01772	0.02052	0.01213	0.01399	0.01119	0.00746	0.00560	0.00187	0.00933	0.00466	0.00373	0.01119
60	0.01031	0.00884	0.00884	0.00884	0.01178	0.00736	0.00663	0.01252	0.01988	0.02356	0.08837	0.08395	0.63549	0.02209	0.01031	0.00295	0.00442	0.01841	0.00810	0.00736
61	0.02159	0.02073	0.03541	0.05354	0.63903	0.02073	0.02677	0.02677	0.01986	0.02850	0.01641	0.02159	0.01382	0.00777	0.00864	0.00259	0.01036	0.00777	0.00432	0.01382
62	0.02322	0.02444	0.03174	0.10883	0.41747	0.15383	0.02401	0.02767	0.02026	0.02595	0.01543	0.02040	0.01292	0.00854	0.00961	0.00262	0.04909	0.00731	0.00428	0.01238
63	0.02332	0.69869	0.04571	0.01493	0.02239	0.03451	0.01493	0.02612	0.01772	0.02052	0.01213	0.01399	0.01119	0.00746	0.00560	0.00187	0.00933	0.00466	0.00373	0.01119
64	0.01181	0.00890	0.01091	0.01041	0.01270	0.00800	0.00781	0.01542	0.02342	0.03196	0.48994	0.07013	0.22868	0.01896	0.01029	0.00280	0.00420	0.01647	0.00920	0.00800
65	0.02159	0.02073	0.03541	0.05354	0.63903	0.02073	0.02677	0.02677	0.01986	0.02850	0.01641	0.02159	0.01382	0.00777	0.00864	0.00259	0.01036	0.00777	0.00432	0.01382
66	0.01063	0.00759	0.01012	0.01215	0.01265	0.00709	0.00810	0.01215	0.01670	0.02227	0.04808	0.68775	0.05769	0.02733	0.01113	0.00354	0.00506	0.02480	0.00810	0.00709
67	0.03914	0.01484	0.02024	0.01552	0.02227	0.01282	0.01282	0.04251	0.02497	0.64507	0.03441	0.02969	0.02159	0.01080	0.00877	0.00270	0.00742	0.00877	0.01080	0.01484
68	0.01765	0.01670	0.02828	0.53040	0.19298	0.01969	0.02481	0.02332	0.01800	0.02371	0.01571	0.02287	0.01213	0.00850	0.00870	0.00283	0.01134	0.00776	0.00398	0.01064
69	0.01850	0.01028	0.01363	0.01202	0.01515	0.00928	0.00928	0.02244	0.02475	0.17503	0.49670	0.05702	0.06837	0.01622	0.00994	0.00273	0.00487	0.01417	0.00988	0.00975
70	0.01077	0.00885	0.00948	0.00932	0.01207	0.00756	0.00699	0.01341	0.02098	0.02616	0.21253	0.07967	0.50971	0.02112	0.01030	0.00290	0.00435	0.01781	0.00844	0.00756
71	0.02240	0.02226	0.03462	0.05125	0.59389	0.06776	0.02604	0.02736	0.02022	0.02797	0.01619	0.02116	0.01363	0.00786	0.00858	0.00257	0.01076	0.00761	0.00433	0.01354
72	0.03316	0.02443	0.02618	0.02007	0.02705	0.02705	0.01658	0.60995	0.04101	0.05497	0.02094	0.02094	0.01483	0.01047	0.00873	0.00262	0.00960	0.00785	0.00873	0.01483
73	0.01975	0.02019	0.02662	0.02288	0.02310	0.05781	0.01897	0.02167	0.01392	0.02101	0.01155	0.01892	0.01144	0.01496	0.02760	0.00374	0.64491	0.00753	0.00385	0.00957
74	0.01246	0.00935	0.01402	0.01402	0.01558	0.01090	0.01090	0.01558	0.01402	0.02025	0.02336	0.03427	0.02181	0.06542	0.65888	0.01402	0.02336	0.00935	0.00467	0.00779
75	0.01809	0.01550	0.01809	0.01292	0.02067	0.01163	0.01034	0.02196	0.01809	0.02842	0.01550	0.01809	0.01292	0.00646	0.00646	0.00129	0.00646	0.00517	0.00517	0.74677
76	0.01647	0.01550	0.02616	0.67248	0.06008	0.01938	0.02422	0.02229	0.01744	0.02229	0.01550	0.02326	0.01163	0.00872	0.00872	0.00291	0.01163	0.00775	0.00388	0.00969
77	0.75506	0.01687	0.01282	0.01147	0.01687	0.01957	0.00945	0.02564	0.01484	0.03914	0.01215	0.01417	0.00945	0.00810	0.00540	0.00270	0.00675	0.00472	0.00540	0.00945
78	0.01031	0.00884	0.00884	0.00884	0.01178	0.00736	0.00663	0.01252	0.01988	0.02356	0.08837	0.08395	0.63549	0.02209	0.01031	0.00295	0.00442	0.01841	0.00810	0.00736
79	0.01235	0.00892	0.01166	0.01097	0.01303	0.00823	0.00823	0.01646	0.02469	0.03498	0.63443	0.06516	0.08230	0.01783	0.01029	0.00274	0.00412	0.01578	0.00960	0.00823
80	0.75506	0.01687	0.01282	0.01147	0.01687	0.01957	0.00945	0.02564	0.01484	0.03914	0.01215	0.01417	0.00945	0.00810	0.00540	0.00270	0.00675	0.00472	0.00540	0.00945
81	0.01235	0.00892	0.01166	0.01097	0.01303	0.00823	0.00823	0.01646	0.02469	0.03498	0.63443	0.06516	0.08230	0.01783	0.01029	0.00274	0.00412	0.01578	0.00960	0.00823
82	0.02332	0.69869	0.04571	0.01493	0.02239	0.03451	0.01493	0.02612	0.01772	0.02052	0.01213	0.01399	0.01119	0.00746	0.00560	0.00187	0.00933	0.00466	0.00373	0.01119
83	0.03316	0.02443	0.02618	0.02007	0.02705	0.02705	0.01658	0.60995	0.04101	0.05497	0.02094	0.02094	0.01483	0.01047	0.00873	0.00262	0.00960	0.00785	0.00873	0.01483
84	0.01093	0.00904	0.00970	0.01004	0.01283	0.00781	0.00786	0.01344	0.01992	0.02399	0.08136	0.08635	0.53829	0.02242	0.01060	0.00312	0.00502	0.11173	0.00809	0.00747
85	0.01246	0.00935	0.01402	0.01402	0.01558	0.01090	0.01090	0.01558	0.01402	0.02025	0.02336	0.03427	0.02181	0.06542	0.65888	0.01402	0.02336	0.00935	0.00467	0.00779
86	0.03284	0.03393	0.02537	0.02140	0.02700	0.37690	0.01673	0.29128	0.03198	0.03634	0.01681	0.01805	0.01284	0.00965	0.00825	0.00241	0.01300	0.00661	0.00638	0.01222
87	0.01750	0.04512	0.64825	0.02486	0.03775	0.02026	0.03223	0.02762	0.01842	0.02762	0.01565	0.01842	0.01105	0.00829	0.00829	0.00276	0.01289	0.00645	0.00368	0.01289
88	0.03064	0.03789	0.02661	0.02797	0.13523	0.54563	0.01861	0.03341	0.02386	0.02261	0.01400	0.01677	0.01169	0.00877	0.00800	0.00231	0.01478	0.00600	0.00446	0.01077
89	0.02170	0.01874	0.01972	0.01775	0.02268	0.02170	0.01381	0.04635	0.62327	0.03649	0.03550	0.03254	0.02663	0.01183	0.00888	0.00296	0.00690	0.00986	0.00888	0.01381
90	0.01311	0.01538	0.12760	0.01363	0.01750	0.01031	0.01259	0.01805	0.02272	0.03233	0.46112	0.12083	0.06677	0.01707	0.01001	0.00283	0.00581	0.01500	0.00837	0.00896
91	0.01063	0.00759	0.01012	0.01215	0.01265	0.00709	0.00810	0.01215	0.01670	0.02227	0.04808	0.68775	0.05769	0.02733	0.01113	0.00354	0.00506	0.02480	0.00810	0.00709
92	0.01246	0.00935	0.01402	0.01402	0.01558	0.01090	0.01090	0.01558	0.01402	0.02025	0.02336	0.03427	0.02181	0.06542	0.65888	0.01402	0.02336	0.00935	0.00467	0.00779
93	0.02159	0.02073	0.03541	0.05354	0.63903	0.02073	0.02677	0.02677	0.01986	0.02850	0.01641	0.02159	0.01382	0.00777	0.00864	0.00259	0.01036	0.00777	0.00432	0.01382
94	0.02205	0.55587	0.17738	0.01710	0.02575	0.03140	0.01871	0.02645	0.01788	0.02207	0.01290	0.01496	0.01116	0.00764	0.00618	0.00206	0.01011	0.00505	0.00372	0.01156
95	0.02131	0.02151	0.03989	0.04886	0.47332	0.02110	0.18890	0.02710	0.02006	0.02834	0.01675	0.02213	0.01365	0.00765	0.00910	0.00269	0.01158	0.00848	0.00434	0.01324
96	0.01447	0.01230	0.01787	0.01671	0.01780	0.01570	0.01338	0.01722	0.01382	0.02047	0.01975	0.02966	0.01867	0.05021	0.46772	0.01092	0.22177	0.00883	0.00441	0.00832
97	0.02201	0.18603	0.36073	0.02362	0.06177	0.15208	0.02508	0.02871	0.01961	0.02485	0.01448	0.01706	0.01125	0.00822	0.00763	0.00245	0.01256	0.00595	0.00389	0.01201
98	0.01770	0.04390	0.61773	0.02629	0.06770	0.02028	0.03196	0.02758	0.01849	0.02767	0.01569	0.01857	0.01119	0.00826	0.00830	0.00275	0.01277	0.00651	0.00371	0.01294
99	0.01214	0.00936	0.01164	0.01258	0.01431	0.00910	0.00978	0.01459	0.01838	0.02346	0.05771	0.22341	0.24354	0.07315	0.01439	0.00387	0.03630	0.19714	0.00768	0.00746
100	0.02159	0.02062	0.03458	0.05166	0.60670	0.02078	0.02609	0.02780	0.05151	0.02892	0.01741	0.02216	0.01449	0.00799	0.00865	0.00261	0.01018	0.00788	0.00456	0.01382
101	0.02801	0.03021	0.02914	0.03001	0.16807	0.29294	0.05211	0.13485	0.02506	0.02938	0.01551	0.01882	0.01261	0.00958	0.01063	0.00260	0.08649	0.00700	0.00514	0.01184
102	0.02043	0.01954	0.03330	0.19427	0.50739	0.02042	0.02619	0.02575	0.01931	0.02709	0.01620	0.02197	0.01332	0.00799	0.00865	0.00266	0.01065	0.00777	0.00422	0.01288
103	0.01877	0.01911	0.03730	0.06933	0.19648	0.01900	0.28623	0.02450	0.01872	0.02603	0.01852	0.02547	0.01527	0.02087	0.15866	0.00539	0.01538	0.00928	0.00442	0.01129
104	0.01846	0.15366	0.54818	0.02321	0.03520	0.02263	0.02935	0.02737	0.01830	0.02644	0.01507	0.01768	0.01107	0.00815	0.00784	0.00261	0.01230	0.00615	0.00369	0.01261
105	0.01247	0.00914	0.01029	0.00985	0.01258	0.00795	0.00736	0.01522	0.02127	0.05762	0.24918	0.07430	0.40890	0.05096	0.01179	0.00312	0.00466	0.01687	0.00856	0.00790
106	0.01983	0.01722	0.02775	0.18348	0.34267	0.01798	0.02173	0.02573	0.04924	0.06257	0.08967	0.03087	0.05316	0.01018	0.00894	0.00272	0.00933	0.00934	0.00557	0.01200
107	0.02199	0.21392	0.40303	0.02096	0.03157	0.02301	0.02500	0.02926	0.01913	0.11009	0.01728	0.01879	0.01253	0.00841	0.00764	0.00252	0.01120	0.00629	0.00467	0.01271
108	0.02132	0.02045	0.03492	0.08600	0.60867	0.02065	0.02664	0.02654	0.01973	0.02817	0.01636	0.02168	0.01370	0.00782	0.00864	0.00261	0.01043	0.00777	0.00429	0.01360
109	0.01843	0.01750	0.02970	0.43580	0.28147	0.01989	0.02520	0.02400	0.01837	0.02466	0.01585	0.02262	0.01246	0.00836	0.00869	0.00279	0.01114	0.00776	0.00404	0.01127
110	0.01338	0.01054	0.01574	0.18824	0.02710	0.01137	0.01445	0.01691	0.01808	0.02362	0.03880	0.30549	0.04288	0.02127	0.01082	0.00354	0.00784	0.21488	0.00696	0.00811
111	0.02159	0.02073	0.03541	0.05354	0.63903	0.02073	0.02677	0.02677	0.01986	0.02850	0.01641	0.02159	0.01382	0.00777	0.00864	0.00259	0.01036	0.00777	0.00432	0.01382
112	0.01853	0.04368	0.61834	0.02442	0.03702	0.01990	0.03130	0.02833	0.01873	0.05704	0.01655	0.01895	0.01155	0.00841	0.00831	0.00276	0.01263	0.00656	0.00402	0.01298
113	0.01765	0.01670	0.02828	0.53040	0.19298	0.01969	0.02481	0.02332	0.01800	0.02371	0.01571	0.02287	0.01213	0.00850	0.00870	0.00283	0.01134	0.00776	0.00398	0.01064
114	0.45339	0.02340	0.15347	0.05232	0.02671	0.01965	0.07417	0.02687	0.01677	0.06194	0.01462	0.01718	0.01083	0.00822	0.00683	0.00275	0.00914	0.00598	0.00510	0.01067
115	0.21395	0.03446	0.40617	0.02301	0.07587	0.01977	0.02491	0.02772	0.01788	0.05899	0.01564	0.01804	0.01131	0.00831	0.00757	0.00273	0.01083	0.00619	0.00451	0.01214
116	0.02876	0.01255	0.01692	0.01376	0.01869	0.01104	0.01104	0.03242	0.02486	0.40884	0.26675	0.04342	0.04510	0.01352	0.00936	0.00272	0.00614	0.01148	0.01033	0.01228
117	0.01063	0.00759	0.01012	0.01215	0.01265	0.00709	0.00810	0.01215	0.01670	0.02227	0.04808	0.68775	0.05769	0.02733	0.01113	0.00354	0.00506	0.02480	0.00810	0.00709
118	0.01750	0.04512	0.64825	0.02486	0.03775	0.02026	0.03223	0.02762	0.01842	0.02762	0.01565	0.01842	0.01105	0.00829	0.00829	0.00276	0.01289	0.00645	0.00368	0.01289
119	0.02053	0.01982	0.03143	0.20864	0.43242	0.05113	0.02477	0.02532	0.01910	0.02595	0.01598	0.02195	0.01319	0.00909	0.00977	0.03612	0.01083	0.00765	0.00419	0.01213
120	0.01885	0.01960	0.03481	0.05919	0.03261	0.02297	0.24221	0.02315	0.01638	0.02362	0.01522	0.02253	0.01320	0.01706	0.08505	0.00448	0.32591	0.00883	0.00413	0.01022
121	0.03258	0.04157	0.02472	0.02247	0.02697	0.65843	0.01685	0.03483	0.02472	0.02135	0.01348	0.01573	0.01124	0.00899	0.00787	0.00225	0.01573	0.00562	0.00449	0.01011
122	0.03001	0.09774	0.03218	0.02385	0.03001	0.34366	0.15154	0.03367	0.02312	0.12636	0.01778	0.01967	0.01341	0.00876	0.00835	0.00244	0.01348	0.00712	0.00545	0.01138
123	0.01987	0.01895	0.03200	0.19208	0.47657	0.01976	0.02520	0.02505	0.01931	0.02684	0.01974	0.02503	0.04387	0.00869	0.00874	0.00268	0.01036	0.00829	0.00440	0.01256
124	0.03258	0.04157	0.02472	0.02247	0.02697	0.65843	0.01685	0.03483	0.02472	0.02135	0.01348	0.01573	0.01124	0.00899	0.00787	0.00225	0.01573	0.00562	0.00449	0.01011
125	0.75506	0.01687	0.01282	0.01147	0.01687	0.01957	0.00945	0.02564	0.01484	0.03914	0.01215	0.01417	0.00945	0.00810	0.00540	0.00270	0.00675	0.00472	0.00540	0.00945
126	0.03258	0.04157	0.02472	0.02247	0.02697	0.65843	0.01685	0.03483	0.02472	0.02135	0.01348	0.01573	0.01124	0.00899	0.00787	0.00225	0.01573	0.00562	0.00449	0.01011
127	0.01188	0.00859	0.00928	0.00928	0.01028	0.00809	0.00574	0.01263	0.01512	0.01916	0.04808	0.06617	0.23601	0.46629	0.03286	0.00659	0.00709	0.01462	0.00624	0.00599
128	0.01063	0.00759	0.01012	0.01215	0.01265	0.00709	0.00810	0.01215	0.01670	0.02227	0.04808	0.68775	0.05769	0.02733	0.01113	0.00354	0.00506	0.02480	0.00810	0.00709
129	0.03299	0.01566	0.01969	0.01593	0.02195	0.01509	0.01288	0.04236	0.19273	0.44579	0.06288	0.03215	0.02585	0.01142	0.00887	0.00277	0.00712	0.00941	0.01020	0.01424
130	0.01438	0.01127	0.01407	0.01306	0.01306	0.01329	0.00894	0.01488	0.01286	0.01799	0.02324	0.04703	0.02635	0.51400	0.04022	0.00723	0.18548	0.01135	0.00490	0.00641
131	0.01864	0.08837	0.46682	0.02686	0.03842	0.02172	0.16297	0.02759	0.01886	0.02717	0.01585	0.01926	0.01156	0.00801	0.00855	0.00274	0.01305	0.00720	0.00385	0.01251
132	0.09477	0.02236	0.13200	0.01766	0.02461	0.01889	0.01626	0.03849	0.30310	0.14438	0.02800	0.02665	0.02025	0.01025	0.00824	0.00273	0.00803	0.00821	0.00768	0.06747
133	0.02678	0.25439	0.09769	0.06821	0.02906	0.34020	0.01840	0.03030	0.02123	0.02181	0.01342	0.01600	0.01123	0.00840	0.00723	0.00223	0.01304	0.00555	0.00411	0.01073
134	0.08394	0.17671	0.02822	0.02009	0.02527	0.48127	0.01591	0.03234	0.02253	0.02249	0.01310	0.01525	0.01110	0.00860	0.00721	0.00220	0.01373	0.00535	0.00440	0.01029

[dist]
# distance from previous block
# <min> <max>
0	1

# created by:
# /home/cegg/simao/soft/augustus-3.2.1/scripts/msa2prfl.pl ./align_prep/11806.fa
