[name]
unknown

[dist]
# distance from previous block
# <min> <max>
0	2

[block]
# block no. 0 follows, 21 sequences, length 69
# corresponding to MSA columns:
# 2-70
name=unknown_A
#
# <colnr> <probs for GDERKNQSTAVLIFYWHMCP>
#	G	D	E	R	K	N	Q	S	T	A	V	L	I	F	Y	W	H	M	C	P
0	0.01588	0.01282	0.01831	0.01792	0.02111	0.01329	0.07052	0.02433	0.14827	0.02776	0.04025	0.07563	0.04075	0.01946	0.01094	0.00360	0.00822	0.41390	0.00768	0.00936
1	0.08939	0.02129	0.04334	0.12021	0.04374	0.02094	0.47987	0.02631	0.01915	0.02755	0.01643	0.02206	0.01235	0.00742	0.00939	0.00284	0.01321	0.00920	0.00432	0.01099
2	0.15969	0.01467	0.01447	0.01270	0.01673	0.04591	0.01002	0.12368	0.02317	0.06590	0.16355	0.04591	0.20263	0.01725	0.04451	0.00328	0.00726	0.01153	0.00758	0.00954
3	0.03007	0.03280	0.02339	0.02031	0.02521	0.41793	0.01566	0.18954	0.06090	0.03124	0.05787	0.02077	0.01728	0.00987	0.00811	0.00236	0.01254	0.00694	0.00604	0.01117
4	0.01101	0.00823	0.00913	0.00953	0.01082	0.00754	0.00626	0.01220	0.01608	0.02025	0.05545	0.19716	0.28949	0.28261	0.02295	0.00505	0.00595	0.01710	0.00685	0.00635
5	0.02351	0.01860	0.02079	0.01539	0.02265	0.01735	0.01251	0.25997	0.02657	0.03806	0.01724	0.01876	0.01335	0.00786	0.00718	0.00178	0.00752	0.00609	0.00643	0.45839
6	0.01664	0.02928	0.31029	0.02500	0.03417	0.01773	0.22936	0.02396	0.01900	0.02623	0.03084	0.03312	0.14451	0.01060	0.00918	0.00279	0.01146	0.01004	0.00474	0.01106
7	0.02182	0.47608	0.21243	0.01776	0.02630	0.07446	0.01936	0.02649	0.01796	0.02199	0.01288	0.01496	0.01088	0.00761	0.00634	0.00209	0.01050	0.00510	0.00368	0.01130
8	0.02106	0.02022	0.03454	0.05223	0.64784	0.02022	0.02612	0.02612	0.01938	0.02780	0.01601	0.02106	0.01348	0.00758	0.00842	0.00253	0.01011	0.00758	0.00421	0.01348
9	0.01018	0.00814	0.00912	0.00991	0.01183	0.00708	0.00704	0.01207	0.01816	0.02248	0.07053	0.32660	0.40981	0.02359	0.01038	0.00311	0.00456	0.02045	0.00790	0.00708
10	0.02046	0.13273	0.08325	0.03537	0.22878	0.02343	0.22882	0.02586	0.01851	0.02552	0.01519	0.02005	0.01244	0.00821	0.01059	0.00267	0.08435	0.00785	0.00406	0.01186
11	0.01037	0.00741	0.00987	0.01185	0.01234	0.00691	0.00790	0.01185	0.01629	0.02172	0.04690	0.69537	0.05629	0.02666	0.01086	0.00346	0.00494	0.02419	0.00790	0.00691
12	0.01180	0.00895	0.01052	0.01120	0.01318	0.00831	0.00872	0.01413	0.01804	0.02254	0.05992	0.08149	0.31371	0.15964	0.01737	0.00432	0.00633	0.21552	0.00732	0.00700
13	0.01847	0.03206	0.33051	0.07570	0.08441	0.02043	0.26147	0.02666	0.01884	0.02678	0.01608	0.02048	0.01185	0.00772	0.00891	0.00276	0.01302	0.00795	0.00393	0.01199
14	0.02072	0.01987	0.03393	0.09521	0.60753	0.02013	0.02595	0.02582	0.01922	0.02739	0.01595	0.02117	0.01333	0.00765	0.00843	0.00255	0.01019	0.00758	0.00418	0.01320
15	0.03179	0.04056	0.02412	0.02192	0.02631	0.66676	0.01644	0.03398	0.02412	0.02083	0.01315	0.01535	0.01096	0.00877	0.00767	0.00219	0.01535	0.00548	0.00438	0.00987
16	0.01238	0.00825	0.00928	0.00928	0.00928	0.00825	0.00516	0.01238	0.01238	0.01650	0.02681	0.05569	0.03094	0.70092	0.04331	0.00825	0.00825	0.01238	0.00516	0.00516
17	0.03179	0.04056	0.02412	0.02192	0.02631	0.66676	0.01644	0.03398	0.02412	0.02083	0.01315	0.01535	0.01096	0.00877	0.00767	0.00219	0.01535	0.00548	0.00438	0.00987
18	0.01035	0.00749	0.00979	0.01164	0.01229	0.00693	0.00780	0.01187	0.01650	0.02181	0.04950	0.65485	0.09513	0.02632	0.01081	0.00342	0.00490	0.02378	0.00790	0.00693
19	0.01098	0.00866	0.00990	0.00959	0.01206	0.00758	0.00719	0.01400	0.02158	0.02817	0.34524	0.07338	0.38213	0.01962	0.01005	0.00278	0.00417	0.01677	0.00858	0.00758
20	0.02275	0.70604	0.04459	0.01456	0.02184	0.03367	0.01456	0.02548	0.01729	0.02002	0.01183	0.01365	0.01092	0.00728	0.00546	0.00182	0.00910	0.00455	0.00364	0.01092
21	0.18271	0.06568	0.02313	0.02050	0.06717	0.30053	0.01506	0.13915	0.02398	0.03107	0.01594	0.04810	0.01355	0.00953	0.00741	0.00241	0.01120	0.00668	0.00545	0.01076
22	0.03179	0.04056	0.02412	0.02192	0.02631	0.66676	0.01644	0.03398	0.02412	0.02083	0.01315	0.01535	0.01096	0.00877	0.00767	0.00219	0.01535	0.00548	0.00438	0.00987
23	0.17794	0.02484	0.06978	0.07707	0.30889	0.15063	0.02081	0.02724	0.01906	0.02811	0.01445	0.01828	0.01175	0.00798	0.00759	0.00251	0.01068	0.00644	0.00440	0.01153
24	0.02275	0.70604	0.04459	0.01456	0.02184	0.03367	0.01456	0.02548	0.01729	0.02002	0.01183	0.01365	0.01092	0.00728	0.00546	0.00182	0.00910	0.00455	0.00364	0.01092
25	0.22712	0.02196	0.02703	0.03675	0.38840	0.10819	0.02012	0.02689	0.01867	0.02972	0.01447	0.01828	0.01196	0.00783	0.00745	0.00251	0.00985	0.00647	0.00453	0.01181
26	0.02106	0.02022	0.03454	0.05223	0.64784	0.02022	0.02612	0.02612	0.01938	0.02780	0.01601	0.02106	0.01348	0.00758	0.00842	0.00253	0.01011	0.00758	0.00421	0.01348
27	0.01006	0.00862	0.00862	0.00862	0.01149	0.00718	0.00647	0.01221	0.01940	0.02299	0.08621	0.08190	0.64438	0.02155	0.01006	0.00287	0.00431	0.01796	0.00790	0.00718
28	0.02845	0.20227	0.02891	0.01839	0.02439	0.19620	0.01528	0.20513	0.11170	0.06189	0.01889	0.01932	0.01454	0.00928	0.00753	0.00232	0.01041	0.00660	0.00628	0.01220
29	0.02347	0.02242	0.17241	0.01683	0.02490	0.01525	0.01641	0.03183	0.11766	0.19342	0.02313	0.02295	0.01653	0.00868	0.00770	0.00223	0.00813	0.00700	0.00671	0.26234
30	0.01890	0.04085	0.51539	0.02450	0.03516	0.08912	0.06032	0.02729	0.01841	0.02589	0.01488	0.01800	0.01094	0.00856	0.00946	0.00272	0.05740	0.00648	0.00372	0.01201
31	0.01707	0.04402	0.65683	0.02426	0.03683	0.01976	0.03144	0.02695	0.01797	0.02695	0.01527	0.01797	0.01078	0.00809	0.00809	0.00270	0.01258	0.00629	0.00359	0.01258
32	0.01238	0.00825	0.00928	0.00928	0.00928	0.00825	0.00516	0.01238	0.01238	0.01650	0.02681	0.05569	0.03094	0.70092	0.04331	0.00825	0.00825	0.01238	0.00516	0.00516
33	0.02072	0.01987	0.03393	0.09521	0.60753	0.02013	0.02595	0.02582	0.01922	0.02739	0.01595	0.02117	0.01333	0.00765	0.00843	0.00255	0.01019	0.00758	0.00418	0.01320
34	0.01628	0.01403	0.01457	0.01350	0.01745	0.01502	0.01039	0.03071	0.36297	0.03006	0.05731	0.05380	0.29782	0.01594	0.00927	0.00288	0.00567	0.01329	0.00833	0.01071
35	0.01037	0.00741	0.00987	0.01185	0.01234	0.00691	0.00790	0.01185	0.01629	0.02172	0.04690	0.69537	0.05629	0.02666	0.01086	0.00346	0.00494	0.02419	0.00790	0.00691
36	0.01045	0.00816	0.00954	0.01057	0.01231	0.00725	0.00762	0.01243	0.01802	0.02260	0.06566	0.35831	0.33838	0.02398	0.01054	0.00321	0.00484	0.06112	0.00790	0.00711
37	0.01635	0.01568	0.02727	0.63503	0.05762	0.01909	0.06546	0.02213	0.01723	0.02213	0.01527	0.02271	0.01145	0.00841	0.00862	0.00284	0.01156	0.00774	0.00382	0.00960
38	0.01071	0.00767	0.01018	0.01162	0.01242	0.00714	0.00793	0.01270	0.01787	0.02423	0.16754	0.56758	0.06114	0.02479	0.01070	0.00330	0.00475	0.02241	0.00820	0.00714
39	0.01082	0.00770	0.01026	0.01214	0.01276	0.00728	0.00839	0.01249	0.01646	0.02188	0.04578	0.60208	0.05434	0.05743	0.01245	0.00373	0.00540	0.08391	0.00777	0.00693
40	0.76103	0.01646	0.01251	0.01119	0.01646	0.01909	0.00922	0.02502	0.01448	0.03818	0.01185	0.01382	0.00922	0.00790	0.00527	0.00263	0.00658	0.00461	0.00527	0.00922
41	0.02009	0.02296	0.05022	0.03587	0.04448	0.02152	0.61693	0.02726	0.02009	0.02726	0.01722	0.02296	0.01291	0.00717	0.01004	0.00287	0.01435	0.01004	0.00430	0.01148
42	0.02117	0.01828	0.01924	0.01732	0.02213	0.02117	0.01347	0.04522	0.63246	0.03560	0.03464	0.03175	0.02598	0.01155	0.00866	0.00289	0.00673	0.00962	0.00866	0.01347
43	0.01755	0.01657	0.02698	0.20478	0.36779	0.01725	0.02150	0.02218	0.01877	0.02527	0.02998	0.03378	0.14054	0.01065	0.00878	0.00268	0.00925	0.00968	0.00485	0.01117
44	0.02338	0.02082	0.02145	0.02034	0.06579	0.07139	0.01490	0.11505	0.46947	0.03619	0.02993	0.02834	0.02253	0.01089	0.00855	0.00277	0.00796	0.00892	0.00801	0.01332
45	0.01826	0.18297	0.52833	0.02222	0.03369	0.02268	0.02790	0.02664	0.01783	0.02550	0.01455	0.01706	0.01081	0.00792	0.00753	0.00251	0.01185	0.00592	0.00360	0.01223
46	0.02102	0.02035	0.03527	0.05147	0.61978	0.02028	0.05359	0.02617	0.01941	0.02778	0.01606	0.02115	0.01345	0.00756	0.00850	0.00254	0.01031	0.00770	0.00422	0.01339
47	0.01852	0.21333	0.50025	0.02178	0.03300	0.02332	0.02712	0.02658	0.01779	0.02518	0.01439	0.01686	0.01082	0.00788	0.00741	0.00247	0.01169	0.00584	0.00361	0.01215
48	0.01153	0.00870	0.01074	0.01192	0.01372	0.00808	0.00927	0.01401	0.01829	0.02317	0.05870	0.24127	0.25488	0.06057	0.01266	0.00368	0.00591	0.21792	0.00773	0.00723
49	0.02111	0.44523	0.07636	0.01580	0.02191	0.09528	0.01505	0.02432	0.01730	0.02051	0.01450	0.01827	0.01309	0.01936	0.14476	0.00441	0.01287	0.00572	0.00391	0.01022
50	0.01882	0.17936	0.43545	0.02196	0.03244	0.02291	0.05015	0.02860	0.08330	0.02643	0.01669	0.01873	0.01251	0.00825	0.00768	0.00254	0.01130	0.00643	0.00417	0.01228
51	0.01089	0.00883	0.00981	0.01033	0.01290	0.00776	0.00814	0.01341	0.01931	0.02349	0.07539	0.11063	0.48708	0.02220	0.01047	0.00313	0.00512	0.14591	0.00789	0.00732
52	0.01075	0.00865	0.00958	0.00934	0.01192	0.00748	0.00701	0.01355	0.02103	0.02685	0.27953	0.07554	0.44865	0.02011	0.01005	0.00281	0.00421	0.01707	0.00841	0.00748
53	0.02399	0.31546	0.17523	0.01909	0.02655	0.21418	0.01885	0.02964	0.06152	0.02289	0.01455	0.01636	0.01193	0.00819	0.00692	0.00220	0.01154	0.00556	0.00419	0.01116
54	0.02147	0.05933	0.07138	0.04109	0.36217	0.07445	0.16184	0.02678	0.01945	0.02632	0.01557	0.02037	0.01276	0.00793	0.00947	0.00261	0.04275	0.00775	0.00416	0.01234
55	0.01919	0.01958	0.02598	0.02232	0.02252	0.05406	0.01852	0.02107	0.01352	0.02050	0.01126	0.01848	0.01116	0.01463	0.02704	0.00366	0.65607	0.00736	0.00375	0.00933
56	0.01238	0.00825	0.00928	0.00928	0.00928	0.00825	0.00516	0.01238	0.01238	0.01650	0.02681	0.05569	0.03094	0.70092	0.04331	0.00825	0.00825	0.01238	0.00516	0.00516
57	0.01767	0.11446	0.59168	0.02322	0.03524	0.02124	0.02965	0.02679	0.01790	0.02621	0.01491	0.01751	0.01080	0.00800	0.00781	0.00260	0.01221	0.00610	0.00360	0.01240
58	0.02262	0.64306	0.04219	0.01483	0.02171	0.05980	0.01445	0.02534	0.01741	0.02004	0.01243	0.01470	0.01143	0.01013	0.03815	0.00242	0.01004	0.00482	0.00372	0.01071
59	0.08044	0.24769	0.15187	0.01878	0.07557	0.02139	0.01705	0.02713	0.01915	0.13982	0.05164	0.02604	0.07044	0.00979	0.00737	0.00239	0.00869	0.00752	0.00569	0.01152
60	0.05923	0.13348	0.02353	0.01841	0.07445	0.15168	0.01359	0.08900	0.05510	0.05693	0.05650	0.03306	0.14374	0.01159	0.00795	0.00239	0.00885	0.00897	0.00619	0.04536
61	0.13986	0.10802	0.45548	0.02034	0.03070	0.02054	0.02482	0.02579	0.01739	0.02788	0.01766	0.01982	0.04018	0.00860	0.00743	0.00260	0.01083	0.00637	0.00408	0.01160
62	0.14781	0.11538	0.34007	0.02591	0.13165	0.02151	0.05187	0.02631	0.01761	0.02821	0.01447	0.01746	0.01107	0.00783	0.00742	0.00256	0.01079	0.00617	0.00402	0.01189
63	0.05429	0.11870	0.19874	0.01983	0.06849	0.08855	0.01837	0.09811	0.02141	0.05901	0.01848	0.02074	0.01409	0.00875	0.00723	0.00235	0.00960	0.00659	0.15531	0.01136
64	0.01754	0.10785	0.41141	0.02390	0.07238	0.02017	0.05715	0.02514	0.01868	0.02692	0.09364	0.02371	0.01982	0.00935	0.00894	0.00264	0.03709	0.00757	0.00441	0.01170
65	0.02128	0.16868	0.10562	0.02890	0.15523	0.09132	0.15789	0.02784	0.06299	0.02619	0.05925	0.02265	0.01770	0.00856	0.00819	0.00248	0.01106	0.00783	0.00473	0.01162
66	0.02513	0.10869	0.24276	0.02285	0.03090	0.26981	0.08126	0.03055	0.02092	0.06808	0.01558	0.01778	0.01180	0.00834	0.00788	0.00242	0.01308	0.00633	0.00446	0.01138
67	0.02023	0.02267	0.08347	0.04192	0.34176	0.02021	0.25029	0.02636	0.01945	0.02753	0.01637	0.02138	0.01303	0.00739	0.00890	0.00260	0.01169	0.00829	0.00425	0.05221
68	0.02223	0.10259	0.06554	0.07268	0.18737	0.06590	0.09177	0.05957	0.05015	0.05520	0.01682	0.02032	0.01339	0.00869	0.00980	0.00252	0.07065	0.00724	0.00487	0.07271

[dist]
# distance from previous block
# <min> <max>
5	38

[block]
# block no. 1 follows, 21 sequences, length 30
# corresponding to MSA columns:
# 109-138
name=unknown_B
#
# <colnr> <probs for GDERKNQSTAVLIFYWHMCP>
#	G	D	E	R	K	N	Q	S	T	A	V	L	I	F	Y	W	H	M	C	P
0	0.02758	0.03258	0.02821	0.03382	0.27024	0.41302	0.02024	0.03090	0.02226	0.02356	0.01427	0.01759	0.01195	0.00830	0.00797	0.00232	0.01329	0.00631	0.00432	0.01128
1	0.15000	0.07102	0.09056	0.01921	0.05997	0.02212	0.01609	0.20056	0.15480	0.08101	0.02134	0.02152	0.01573	0.00943	0.00767	0.00257	0.00847	0.00718	0.00692	0.03382
2	0.14806	0.01429	0.01563	0.01329	0.01758	0.01465	0.01041	0.13054	0.04618	0.16962	0.07778	0.04070	0.09855	0.12833	0.01424	0.00365	0.00710	0.03117	0.00782	0.01041
3	0.02223	0.02376	0.02718	0.03639	0.35718	0.20266	0.02011	0.02583	0.02018	0.02473	0.02069	0.13932	0.02037	0.01131	0.00864	0.00260	0.01069	0.00994	0.00492	0.01128
4	0.08075	0.02068	0.02213	0.02268	0.13293	0.10918	0.01529	0.13950	0.09004	0.15073	0.05075	0.02945	0.07695	0.01089	0.00836	0.00259	0.00879	0.00874	0.00730	0.01224
5	0.01762	0.01291	0.01443	0.01286	0.01674	0.01263	0.00989	0.11718	0.09596	0.07272	0.08311	0.16563	0.24414	0.01731	0.00940	0.00278	0.00586	0.01466	0.00813	0.06603
6	0.15339	0.02036	0.05085	0.01889	0.09513	0.09238	0.01380	0.02585	0.01857	0.07461	0.01577	0.01794	0.01244	0.00743	0.00678	0.00194	0.00825	0.00564	0.00524	0.35475
7	0.02876	0.03358	0.02720	0.03042	0.20397	0.43738	0.01919	0.07249	0.02387	0.02510	0.01448	0.01733	0.01193	0.00853	0.00795	0.00231	0.01343	0.00623	0.00462	0.01122
8	0.01889	0.14037	0.02747	0.02233	0.09451	0.05486	0.01677	0.02140	0.01587	0.02154	0.02156	0.02626	0.08739	0.01600	0.05542	0.00364	0.33341	0.00820	0.00434	0.00976
9	0.02056	0.39578	0.10348	0.01606	0.02229	0.09402	0.01558	0.02416	0.01779	0.02158	0.04795	0.02061	0.01650	0.01846	0.12790	0.00418	0.01240	0.00626	0.00419	0.01023
10	0.01873	0.26217	0.03239	0.37255	0.04162	0.02494	0.01986	0.02294	0.01669	0.02099	0.01353	0.01903	0.01117	0.00875	0.00949	0.00257	0.08241	0.00648	0.00372	0.00996
11	0.01027	0.00869	0.00891	0.00903	0.01185	0.00733	0.00688	0.01253	0.01941	0.02313	0.08383	0.08271	0.61001	0.02167	0.01016	0.00293	0.00451	0.05101	0.00790	0.00722
12	0.02106	0.02022	0.03454	0.05223	0.64784	0.02022	0.02612	0.02612	0.01938	0.02780	0.01601	0.02106	0.01348	0.00758	0.00842	0.00253	0.01011	0.00758	0.00421	0.01348
13	0.02992	0.03572	0.02607	0.02714	0.13682	0.50488	0.01814	0.07549	0.02444	0.02447	0.01419	0.01674	0.01167	0.00866	0.00787	0.00228	0.01398	0.00601	0.00466	0.01085
14	0.01179	0.00847	0.01089	0.01235	0.01325	0.00817	0.00844	0.05120	0.01783	0.02379	0.04519	0.65166	0.05358	0.02560	0.01071	0.00340	0.00522	0.02312	0.00794	0.00740
15	0.01466	0.01494	0.01208	0.01156	0.01483	0.12538	0.00870	0.01826	0.06071	0.02344	0.06982	0.06676	0.49094	0.01862	0.00954	0.00275	0.00643	0.01519	0.00733	0.00808
16	0.07033	0.02025	0.01955	0.01655	0.02158	0.12616	0.01298	0.17027	0.06740	0.18380	0.02730	0.14190	0.02330	0.01274	0.00851	0.00264	0.00858	0.01028	0.00785	0.04803
17	0.02106	0.02022	0.03454	0.05223	0.64784	0.02022	0.02612	0.02612	0.01938	0.02780	0.01601	0.02106	0.01348	0.00758	0.00842	0.00253	0.01011	0.00758	0.00421	0.01348
18	0.01173	0.00867	0.01034	0.01118	0.01249	0.00818	0.00765	0.04426	0.01776	0.02303	0.05195	0.43419	0.18659	0.11278	0.01480	0.00390	0.00546	0.02033	0.00757	0.00715
19	0.03191	0.03694	0.02442	0.02142	0.02633	0.52823	0.01638	0.16063	0.02755	0.02792	0.01473	0.01645	0.01172	0.00908	0.00786	0.00227	0.01405	0.00595	0.00528	0.01086
20	0.02895	0.03466	0.02455	0.09201	0.02940	0.49366	0.01739	0.07312	0.02348	0.02323	0.01370	0.01679	0.01127	0.00940	0.00967	0.00243	0.07561	0.00604	0.00455	0.01010
21	0.01430	0.01053	0.01128	0.01046	0.01243	0.01037	0.00714	0.09593	0.01869	0.02393	0.04714	0.06019	0.24769	0.36324	0.02665	0.00555	0.00700	0.01372	0.00660	0.00716
22	0.02471	0.02583	0.03114	0.04187	0.43891	0.19063	0.02285	0.07167	0.02214	0.02786	0.01558	0.01951	0.01289	0.00809	0.00823	0.00244	0.01143	0.00704	0.00457	0.01260
23	0.02613	0.34364	0.10483	0.01807	0.02545	0.10698	0.01717	0.20716	0.02510	0.03111	0.01499	0.01640	0.01199	0.00844	0.00695	0.00219	0.01033	0.00580	0.00521	0.01206
24	0.02405	0.18153	0.27966	0.02131	0.02955	0.27704	0.02200	0.02941	0.02024	0.02309	0.01372	0.01603	0.01088	0.00819	0.00737	0.00231	0.01294	0.00561	0.00391	0.01116
25	0.01803	0.15273	0.25054	0.01802	0.02497	0.09110	0.01900	0.02355	0.01890	0.02506	0.12735	0.02760	0.02496	0.01908	0.11917	0.00433	0.01245	0.00798	0.00488	0.01032
26	0.02031	0.08994	0.17030	0.03530	0.30116	0.06926	0.06316	0.02601	0.01930	0.02608	0.01842	0.02737	0.01620	0.00943	0.00848	0.00264	0.01099	0.06918	0.00443	0.01204
27	0.09950	0.01934	0.03111	0.04604	0.55402	0.01956	0.02350	0.02542	0.01886	0.02871	0.01849	0.02282	0.03929	0.00820	0.00816	0.00255	0.00949	0.00770	0.00448	0.01276
28	0.04855	0.02448	0.07277	0.09509	0.21225	0.13529	0.04042	0.03260	0.19498	0.02848	0.02058	0.02284	0.01602	0.00905	0.00828	0.00263	0.01040	0.00767	0.00547	0.01215
29	0.05244	0.07918	0.07318	0.02560	0.07640	0.22659	0.14936	0.13383	0.02428	0.02965	0.01815	0.02072	0.03470	0.00886	0.00826	0.00248	0.01232	0.00743	0.00514	0.01145

[dist]
# distance from previous block
# <min> <max>
4	17

[block]
# block no. 2 follows, 21 sequences, length 95
# corresponding to MSA columns:
# 156-250
name=unknown_C
#
# <colnr> <probs for GDERKNQSTAVLIFYWHMCP>
#	G	D	E	R	K	N	Q	S	T	A	V	L	I	F	Y	W	H	M	C	P
0	0.01996	0.03271	0.28312	0.02512	0.12230	0.17598	0.02225	0.02570	0.01979	0.02475	0.02625	0.06439	0.09964	0.01104	0.00846	0.00261	0.01133	0.00887	0.00471	0.01100
1	0.05635	0.05222	0.13772	0.01857	0.05337	0.01543	0.05060	0.10000	0.02032	0.02852	0.03276	0.30060	0.06567	0.01664	0.00925	0.00296	0.00803	0.01461	0.00644	0.00992
2	0.01706	0.02308	0.20109	0.02876	0.21621	0.01630	0.02182	0.02415	0.05902	0.02703	0.03093	0.04551	0.08163	0.01331	0.00934	0.00298	0.00947	0.15552	0.00559	0.01121
3	0.01913	0.04795	0.02157	0.02482	0.18838	0.14881	0.01553	0.02350	0.05302	0.02473	0.04077	0.04814	0.20336	0.01428	0.00909	0.00274	0.00896	0.08917	0.00603	0.01002
4	0.01882	0.01824	0.02776	0.03827	0.41502	0.04549	0.04343	0.02388	0.04504	0.02656	0.03210	0.06445	0.14146	0.01144	0.00890	0.00265	0.00897	0.01050	0.00531	0.01169
5	0.02266	0.02377	0.02759	0.06299	0.32084	0.17652	0.01984	0.02674	0.02002	0.02581	0.01506	0.01892	0.01256	0.00761	0.00774	0.00216	0.01055	0.00646	0.00443	0.18772
6	0.02106	0.02022	0.03454	0.05223	0.64784	0.02022	0.02612	0.02612	0.01938	0.02780	0.01601	0.02106	0.01348	0.00758	0.00842	0.00253	0.01011	0.00758	0.00421	0.01348
7	0.02106	0.02022	0.03454	0.05223	0.64784	0.02022	0.02612	0.02612	0.01938	0.02780	0.01601	0.02106	0.01348	0.00758	0.00842	0.00253	0.01011	0.00758	0.00421	0.01348
8	0.01939	0.18083	0.02865	0.01840	0.02176	0.02470	0.01582	0.02187	0.01503	0.02193	0.01218	0.01723	0.01142	0.01124	0.01795	0.00274	0.37904	0.00624	0.00399	0.16957
9	0.01006	0.00862	0.00862	0.00862	0.01149	0.00718	0.00647	0.01221	0.01940	0.02299	0.08621	0.08190	0.64438	0.02155	0.01006	0.00287	0.00431	0.01796	0.00790	0.00718
10	0.03137	0.07156	0.02507	0.02158	0.02610	0.63726	0.01636	0.03359	0.02380	0.02079	0.01309	0.01527	0.01096	0.00870	0.00757	0.00218	0.01506	0.00544	0.00435	0.00991
11	0.01238	0.00825	0.00928	0.00928	0.00928	0.00825	0.00516	0.01238	0.01238	0.01650	0.02681	0.05569	0.03094	0.70092	0.04331	0.00825	0.00825	0.01238	0.00516	0.00516
12	0.01736	0.07740	0.62596	0.02377	0.03608	0.02047	0.03059	0.02688	0.01793	0.02660	0.01510	0.01775	0.01079	0.00804	0.00795	0.00265	0.01240	0.00620	0.00360	0.01249
13	0.02033	0.02357	0.14148	0.02380	0.09958	0.02082	0.05394	0.03852	0.41007	0.03258	0.02782	0.02741	0.02091	0.01018	0.00861	0.00281	0.00867	0.00879	0.00694	0.01319
14	0.01238	0.00825	0.00928	0.00928	0.00928	0.00825	0.00516	0.01238	0.01238	0.01650	0.02681	0.05569	0.03094	0.70092	0.04331	0.00825	0.00825	0.01238	0.00516	0.00516
15	0.01167	0.00834	0.01137	0.01334	0.01441	0.00804	0.01017	0.01410	0.01758	0.02318	0.04618	0.46157	0.05343	0.02543	0.01121	0.00364	0.00607	0.24511	0.00787	0.00727
16	0.02065	0.02024	0.03145	0.17694	0.46557	0.05620	0.02451	0.02651	0.04608	0.02652	0.01649	0.02154	0.01345	0.00801	0.00841	0.00259	0.01051	0.00755	0.00433	0.01246
17	0.01009	0.00848	0.00877	0.00900	0.01159	0.00715	0.00663	0.01217	0.01903	0.02284	0.08160	0.15386	0.57540	0.02215	0.01015	0.00294	0.00438	0.01869	0.00790	0.00715
18	0.01238	0.00825	0.00928	0.00928	0.00928	0.00825	0.00516	0.01238	0.01238	0.01650	0.02681	0.05569	0.03094	0.70092	0.04331	0.00825	0.00825	0.01238	0.00516	0.00516
19	0.01166	0.00881	0.01106	0.01237	0.01427	0.00821	0.00985	0.01439	0.01871	0.02371	0.05926	0.23966	0.24969	0.02364	0.01097	0.00345	0.00594	0.25907	0.00787	0.00739
20	0.02732	0.06767	0.15321	0.02140	0.02753	0.43108	0.01895	0.06921	0.02319	0.02423	0.01576	0.05155	0.01351	0.00959	0.00788	0.00237	0.01358	0.00672	0.00464	0.01061
21	0.01720	0.01466	0.01557	0.01445	0.01844	0.01600	0.01123	0.03307	0.39902	0.03138	0.07545	0.05081	0.20812	0.01528	0.00928	0.00293	0.00598	0.04156	0.00843	0.01114
22	0.01216	0.00912	0.01368	0.01368	0.01520	0.01064	0.01064	0.01520	0.01368	0.01976	0.02279	0.03343	0.02127	0.06382	0.66720	0.01368	0.02279	0.00912	0.00456	0.00760
23	0.02222	0.02365	0.12903	0.02159	0.07458	0.02167	0.01792	0.13065	0.38758	0.03635	0.02767	0.02681	0.02062	0.01044	0.00852	0.00277	0.00840	0.00859	0.00743	0.01348
24	0.01781	0.03886	0.50815	0.02710	0.03871	0.02019	0.17494	0.02703	0.01849	0.02703	0.01575	0.01919	0.01130	0.00786	0.00857	0.00274	0.01301	0.00721	0.00377	0.01231
25	0.01765	0.01513	0.01765	0.01260	0.02017	0.01134	0.01008	0.02143	0.01765	0.02773	0.01513	0.01765	0.01260	0.00630	0.00630	0.00126	0.00630	0.00504	0.00504	0.75295
26	0.01068	0.00879	0.00945	0.00984	0.01222	0.00780	0.00716	0.01373	0.04847	0.02329	0.07397	0.23132	0.46870	0.02233	0.01019	0.00302	0.00458	0.01910	0.00794	0.00742
27	0.03235	0.02384	0.02554	0.01958	0.02639	0.02639	0.01618	0.61946	0.04001	0.05363	0.02043	0.02043	0.01447	0.01022	0.00851	0.00255	0.00936	0.00766	0.00851	0.01447
28	0.01116	0.00797	0.01043	0.01123	0.01229	0.00744	0.00777	0.01354	0.01911	0.02627	0.28037	0.40495	0.06408	0.06699	0.01265	0.00346	0.00479	0.01996	0.00830	0.00724
29	0.02487	0.30809	0.03310	0.01887	0.02350	0.21508	0.01619	0.05842	0.01944	0.02216	0.01251	0.01572	0.01118	0.00974	0.01177	0.00243	0.17667	0.00570	0.00414	0.01041
30	0.06607	0.08035	0.55075	0.02336	0.03497	0.02062	0.05592	0.02675	0.01780	0.02729	0.01493	0.01767	0.01078	0.00798	0.00784	0.00265	0.01206	0.00625	0.00374	0.01221
31	0.01037	0.00741	0.00987	0.01185	0.01234	0.00691	0.00790	0.01185	0.01629	0.02172	0.04690	0.69537	0.05629	0.02666	0.01086	0.00346	0.00494	0.02419	0.00790	0.00691
32	0.01017	0.00863	0.00878	0.00874	0.01156	0.00723	0.00655	0.01243	0.01966	0.02361	0.11741	0.08087	0.61279	0.02132	0.01006	0.00286	0.00429	0.01782	0.00798	0.00723
33	0.02133	0.02043	0.02975	0.07731	0.43000	0.05153	0.02238	0.03098	0.17124	0.02906	0.02043	0.02352	0.01633	0.00867	0.00845	0.00262	0.00960	0.00798	0.00530	0.01308
34	0.02648	0.01934	0.02165	0.01748	0.02272	0.02150	0.01425	0.43778	0.03232	0.04410	0.02142	0.02425	0.01655	0.02334	0.16981	0.00525	0.01235	0.00803	0.04897	0.01242
35	0.01238	0.00825	0.00928	0.00928	0.00928	0.00825	0.00516	0.01238	0.01238	0.01650	0.02681	0.05569	0.03094	0.70092	0.04331	0.00825	0.00825	0.01238	0.00516	0.00516
36	0.01781	0.03886	0.50815	0.02710	0.03871	0.02019	0.17494	0.02703	0.01849	0.02703	0.01575	0.01919	0.01130	0.00786	0.00857	0.00274	0.01301	0.00721	0.00377	0.01231
37	0.01217	0.00956	0.01031	0.01018	0.01231	0.00910	0.00726	0.01611	0.07986	0.02311	0.09256	0.06881	0.33856	0.22023	0.01978	0.00450	0.00588	0.04514	0.00725	0.00731
38	0.01180	0.00801	0.00945	0.01002	0.01016	0.00787	0.00595	0.01222	0.01350	0.01800	0.03259	0.23958	0.03823	0.50709	0.03399	0.00687	0.00730	0.01577	0.00595	0.00566
39	0.02275	0.70604	0.04459	0.01456	0.02184	0.03367	0.01456	0.02548	0.01729	0.02002	0.01183	0.01365	0.01092	0.00728	0.00546	0.00182	0.00910	0.00455	0.00364	0.01092
40	0.02870	0.03200	0.02667	0.02886	0.17997	0.38196	0.01865	0.11791	0.05488	0.02805	0.01597	0.01830	0.01283	0.00882	0.00803	0.00236	0.01276	0.00652	0.00515	0.01161
41	0.01802	0.03838	0.50931	0.03089	0.18168	0.01987	0.03018	0.02675	0.01830	0.02715	0.01545	0.01870	0.01142	0.00797	0.00817	0.00266	0.01199	0.00660	0.00374	0.01279
42	0.02369	0.02520	0.03199	0.04481	0.49550	0.17868	0.02375	0.02804	0.02054	0.02609	0.01531	0.01966	0.01286	0.00787	0.00824	0.00245	0.01139	0.00707	0.00425	0.01259
43	0.02606	0.02192	0.02527	0.02661	0.17686	0.06448	0.01747	0.26949	0.17325	0.03978	0.02261	0.02351	0.01710	0.00978	0.00834	0.00257	0.00904	0.00798	0.04452	0.01336
44	0.76103	0.01646	0.01251	0.01119	0.01646	0.01909	0.00922	0.02502	0.01448	0.03818	0.01185	0.01382	0.00922	0.00790	0.00527	0.00263	0.00658	0.00461	0.00527	0.00922
45	0.01216	0.00912	0.01368	0.01368	0.01520	0.01064	0.01064	0.01520	0.01368	0.01976	0.02279	0.03343	0.02127	0.06382	0.66720	0.01368	0.02279	0.00912	0.00456	0.00760
46	0.01171	0.00909	0.01090	0.01176	0.01386	0.00851	0.00910	0.01531	0.04847	0.02451	0.09317	0.23398	0.28615	0.02262	0.01062	0.00328	0.00547	0.16587	0.00800	0.00763
47	0.02504	0.53781	0.03942	0.01642	0.02297	0.19372	0.01504	0.02763	0.01902	0.02023	0.01217	0.01408	0.01093	0.00766	0.00602	0.00191	0.01068	0.00479	0.00383	0.01065
48	0.01542	0.03139	0.42322	0.02048	0.02917	0.01581	0.02421	0.02288	0.01833	0.02602	0.02862	0.08450	0.06026	0.01376	0.00926	0.00305	0.01046	0.14726	0.00514	0.01076
49	0.01941	0.16268	0.41700	0.02488	0.09336	0.02306	0.02634	0.05790	0.01892	0.02686	0.01478	0.01763	0.01129	0.00833	0.00861	0.00256	0.04393	0.00622	0.00393	0.01230
50	0.02208	0.01879	0.02958	0.04144	0.46564	0.01895	0.02199	0.02956	0.10824	0.08680	0.02406	0.02657	0.04952	0.00917	0.00856	0.00261	0.00905	0.00852	0.00564	0.01324
51	0.01130	0.00801	0.01056	0.01209	0.01289	0.00764	0.00855	0.01321	0.01702	0.02274	0.09284	0.46932	0.05405	0.10447	0.01475	0.00403	0.00573	0.11614	0.00769	0.00695
52	0.01906	0.01818	0.03093	0.30388	0.41182	0.01969	0.02512	0.02437	0.01843	0.02538	0.01565	0.02171	0.01262	0.00795	0.00846	0.00265	0.01060	0.00757	0.00404	0.01187
53	0.01375	0.01111	0.01532	0.01444	0.01515	0.01359	0.01092	0.01562	0.01314	0.01897	0.02122	0.03647	0.02172	0.23962	0.33215	0.00972	0.17558	0.00968	0.00454	0.00729
54	0.01063	0.00881	0.00942	0.00973	0.01246	0.00759	0.00760	0.01306	0.01943	0.02338	0.07976	0.08411	0.55105	0.02186	0.01032	0.00304	0.00486	0.10772	0.00789	0.00729
55	0.01115	0.00803	0.01073	0.01261	0.01356	0.00761	0.00921	0.01324	0.01722	0.02267	0.04830	0.52470	0.08195	0.02568	0.01104	0.00354	0.00560	0.15816	0.00788	0.00714
56	0.01584	0.01353	0.01925	0.02494	0.20204	0.01351	0.01562	0.02191	0.08759	0.02669	0.04511	0.06347	0.17713	0.01703	0.01003	0.00315	0.00755	0.21879	0.00688	0.00997
57	0.03190	0.03740	0.02439	0.02148	0.02632	0.54581	0.01639	0.14457	0.02712	0.02702	0.01453	0.01631	0.01162	0.00904	0.00783	0.00226	0.01422	0.00589	0.00516	0.01074
58	0.02906	0.02091	0.02229	0.01752	0.02343	0.02305	0.01433	0.49214	0.06390	0.04912	0.02232	0.02285	0.01624	0.01023	0.00809	0.00247	0.00834	0.00780	0.13257	0.01333
59	0.02614	0.41126	0.06187	0.01792	0.02426	0.28730	0.01602	0.02896	0.02006	0.02063	0.01251	0.01451	0.01093	0.00791	0.00646	0.00201	0.01175	0.00500	0.00394	0.01057
60	0.01707	0.04402	0.65683	0.02426	0.03683	0.01976	0.03144	0.02695	0.01797	0.02695	0.01527	0.01797	0.01078	0.00809	0.00809	0.00270	0.01258	0.00629	0.00359	0.01258
61	0.01930	0.01931	0.03550	0.24074	0.32437	0.02013	0.16542	0.02505	0.01882	0.02582	0.01602	0.02201	0.01269	0.00777	0.00883	0.00270	0.01149	0.00816	0.00410	0.01177
62	0.01022	0.00799	0.00927	0.01029	0.01193	0.00704	0.00721	0.01202	0.01779	0.02233	0.06586	0.39958	0.33984	0.02420	0.01047	0.00318	0.00464	0.02119	0.00790	0.00704
63	0.02035	0.01629	0.01696	0.01494	0.01913	0.05056	0.01176	0.13694	0.20579	0.06091	0.16559	0.04691	0.14228	0.01461	0.00925	0.00278	0.00677	0.03869	0.00846	0.01103
64	0.02377	0.41689	0.16125	0.01823	0.02588	0.18099	0.01836	0.02779	0.01904	0.02159	0.01283	0.01491	0.01090	0.00779	0.00651	0.00208	0.01127	0.00512	0.00381	0.01100
65	0.01889	0.23046	0.44997	0.02114	0.03181	0.02378	0.02572	0.02749	0.04977	0.02544	0.01530	0.01746	0.01161	0.00804	0.00737	0.00246	0.01129	0.00597	0.00387	0.01215
66	0.02275	0.70604	0.04459	0.01456	0.02184	0.03367	0.01456	0.02548	0.01729	0.02002	0.01183	0.01365	0.01092	0.00728	0.00546	0.00182	0.00910	0.00455	0.00364	0.01092
67	0.01215	0.00938	0.01118	0.01157	0.01333	0.00918	0.00892	0.01428	0.01741	0.02201	0.05561	0.07648	0.28479	0.18831	0.01962	0.00455	0.04066	0.18659	0.00700	0.00699
68	0.02466	0.02722	0.03047	0.06756	0.40315	0.24927	0.02259	0.02872	0.02096	0.02508	0.01496	0.01910	0.01250	0.00804	0.00816	0.00242	0.01202	0.00684	0.00426	0.01203
69	0.01083	0.00760	0.00974	0.01126	0.01165	0.00722	0.00727	0.01197	0.01540	0.02053	0.04233	0.54963	0.05051	0.18028	0.01826	0.00455	0.00569	0.02150	0.00727	0.00651
70	0.01238	0.00825	0.00928	0.00928	0.00928	0.00825	0.00516	0.01238	0.01238	0.01650	0.02681	0.05569	0.03094	0.70092	0.04331	0.00825	0.00825	0.01238	0.00516	0.00516
71	0.01160	0.00816	0.01066	0.01220	0.01293	0.00789	0.00868	0.01333	0.01623	0.02148	0.04212	0.41480	0.04907	0.17188	0.01810	0.00460	0.00634	0.15590	0.00729	0.00675
72	0.02677	0.19834	0.03187	0.02806	0.18799	0.34227	0.01852	0.02984	0.02120	0.02246	0.01358	0.01643	0.01161	0.00809	0.00733	0.00219	0.01244	0.00580	0.00416	0.01107
73	0.03092	0.02277	0.02452	0.01908	0.02547	0.02512	0.01564	0.57983	0.03846	0.05155	0.02216	0.06445	0.01720	0.01129	0.00867	0.00261	0.00908	0.00874	0.00847	0.01398
74	0.01038	0.00783	0.00945	0.01071	0.01192	0.00707	0.00731	0.01199	0.01705	0.02184	0.05806	0.47169	0.23746	0.06019	0.01230	0.00353	0.00492	0.02164	0.00776	0.00691
75	0.03109	0.03923	0.02480	0.02390	0.06685	0.62459	0.01707	0.03347	0.02381	0.02128	0.01334	0.01572	0.01113	0.00869	0.00772	0.00221	0.01501	0.00562	0.00437	0.01010
76	0.01284	0.00887	0.01045	0.01080	0.01138	0.00885	0.00678	0.04804	0.01539	0.02054	0.03355	0.28003	0.03894	0.42146	0.02977	0.00622	0.00714	0.01628	0.00633	0.00633
77	0.01992	0.01883	0.03135	0.15662	0.48846	0.01963	0.02453	0.02604	0.05157	0.02709	0.01800	0.02489	0.01519	0.00859	0.00858	0.00265	0.01005	0.03091	0.00452	0.01256
78	0.02497	0.54294	0.03958	0.01637	0.02294	0.18884	0.01502	0.02757	0.01896	0.02022	0.01216	0.01407	0.01093	0.00765	0.00600	0.00191	0.01063	0.00478	0.00382	0.01066
79	0.02026	0.01977	0.02942	0.04219	0.48211	0.06059	0.02204	0.02581	0.05261	0.02754	0.05054	0.02926	0.08116	0.00971	0.00862	0.00257	0.00942	0.00894	0.00506	0.01237
80	0.09297	0.44071	0.03802	0.02358	0.16998	0.06455	0.01690	0.02606	0.01790	0.02364	0.01290	0.01552	0.01137	0.00749	0.00627	0.00209	0.00945	0.00533	0.00397	0.01131
81	0.02107	0.02011	0.03364	0.05017	0.61088	0.02028	0.02537	0.02725	0.05559	0.02826	0.01711	0.02169	0.01422	0.00782	0.00844	0.00255	0.00991	0.00770	0.00448	0.01348
82	0.01007	0.00856	0.00869	0.00879	0.01154	0.00717	0.00654	0.01219	0.01923	0.02292	0.08412	0.11451	0.61312	0.02182	0.01010	0.00290	0.00434	0.01829	0.00790	0.00717
83	0.02275	0.70604	0.04459	0.01456	0.02184	0.03367	0.01456	0.02548	0.01729	0.02002	0.01183	0.01365	0.01092	0.00728	0.00546	0.00182	0.00910	0.00455	0.00364	0.01092
84	0.01216	0.00912	0.01368	0.01368	0.01520	0.01064	0.01064	0.01520	0.01368	0.01976	0.02279	0.03343	0.02127	0.06382	0.66720	0.01368	0.02279	0.00912	0.00456	0.00760
85	0.01157	0.00868	0.01072	0.01021	0.01242	0.00783	0.00766	0.01515	0.02298	0.03149	0.51127	0.06791	0.21402	0.01838	0.01004	0.00272	0.00408	0.01600	0.00902	0.00783
86	0.01266	0.00982	0.01188	0.01285	0.01491	0.00968	0.00991	0.01800	0.10017	0.02493	0.05439	0.28984	0.19435	0.02252	0.01062	0.00337	0.00583	0.17819	0.00798	0.00811
87	0.01037	0.00741	0.00987	0.01185	0.01234	0.00691	0.00790	0.01185	0.01629	0.02172	0.04690	0.69537	0.05629	0.02666	0.01086	0.00346	0.00494	0.02419	0.00790	0.00691
88	0.03407	0.02109	0.02384	0.01827	0.02502	0.02231	0.01510	0.44946	0.03541	0.23014	0.02430	0.02294	0.01641	0.01031	0.00853	0.00258	0.00874	0.00793	0.00911	0.01448
89	0.02106	0.02022	0.03454	0.05223	0.64784	0.02022	0.02612	0.02612	0.01938	0.02780	0.01601	0.02106	0.01348	0.00758	0.00842	0.00253	0.01011	0.00758	0.00421	0.01348
90	0.01779	0.01617	0.02678	0.22806	0.32007	0.01728	0.02235	0.02275	0.01874	0.02545	0.02287	0.03991	0.02155	0.01176	0.00927	0.00296	0.00992	0.15046	0.00497	0.01091
91	0.01029	0.00770	0.00957	0.01106	0.01214	0.00698	0.00755	0.01194	0.01705	0.02203	0.05654	0.54501	0.20042	0.02541	0.01066	0.00331	0.00478	0.02267	0.00790	0.00698
92	0.02106	0.02022	0.03454	0.05223	0.64784	0.02022	0.02612	0.02612	0.01938	0.02780	0.01601	0.02106	0.01348	0.00758	0.00842	0.00253	0.01011	0.00758	0.00421	0.01348
93	0.03179	0.04056	0.02412	0.02192	0.02631	0.66676	0.01644	0.03398	0.02412	0.02083	0.01315	0.01535	0.01096	0.00877	0.00767	0.00219	0.01535	0.00548	0.00438	0.00987
94	0.01316	0.00955	0.01146	0.01146	0.01379	0.00901	0.00855	0.01784	0.07623	0.05510	0.23134	0.22066	0.22029	0.02028	0.01014	0.00300	0.00491	0.04642	0.00851	0.00830

[dist]
# distance from previous block
# <min> <max>
0	6

# created by:
# /home/cegg/simao/soft/augustus-3.2.1/scripts/msa2prfl.pl ./align_prep/11812.fa
