[name]
unknown

[dist]
# distance from previous block
# <min> <max>
0	6

[block]
# block no. 0 follows, 19 sequences, length 11
# corresponding to MSA columns:
# 6-16
name=unknown_A
#
# <colnr> <probs for GDERKNQSTAVLIFYWHMCP>
#	G	D	E	R	K	N	Q	S	T	A	V	L	I	F	Y	W	H	M	C	P
0	0.01584	0.01259	0.01891	0.02482	0.16883	0.01254	0.01598	0.01950	0.01928	0.02585	0.03759	0.12985	0.04058	0.10265	0.01551	0.00427	0.00860	0.31060	0.00695	0.00927
1	0.01243	0.00868	0.01106	0.01158	0.01210	0.00895	0.00757	0.01361	0.01437	0.01956	0.03238	0.20692	0.03661	0.36868	0.18731	0.00884	0.01161	0.01524	0.00598	0.00652
2	0.19952	0.01506	0.01698	0.09894	0.02399	0.01561	0.01238	0.09209	0.02014	0.03262	0.02531	0.20815	0.02560	0.01399	0.00832	0.00273	0.00738	0.01165	0.00650	0.16305
3	0.02270	0.01821	0.02884	0.11228	0.25634	0.01849	0.07358	0.03042	0.10313	0.11927	0.03120	0.03305	0.09069	0.01086	0.00929	0.00284	0.00953	0.00998	0.00649	0.01281
4	0.17698	0.01326	0.01531	0.11572	0.02345	0.01343	0.01168	0.02400	0.02001	0.15993	0.04987	0.04869	0.26446	0.01487	0.00889	0.00291	0.00689	0.01197	0.00762	0.01006
5	0.01511	0.01249	0.01983	0.02445	0.16851	0.01369	0.01523	0.01883	0.01587	0.02287	0.02219	0.03192	0.02033	0.05240	0.49077	0.01147	0.02065	0.00918	0.00470	0.00952
6	0.02583	0.02274	0.02197	0.01924	0.02448	0.10016	0.01528	0.18066	0.34371	0.03923	0.03092	0.03456	0.02460	0.01260	0.00924	0.00296	0.00900	0.06101	0.00843	0.01340
7	0.01645	0.01195	0.01567	0.01465	0.01704	0.01349	0.01135	0.11062	0.01898	0.02691	0.02421	0.03491	0.02214	0.10970	0.45836	0.01132	0.01927	0.00957	0.04446	0.00895
8	0.02424	0.01870	0.01720	0.01516	0.01938	0.14875	0.01170	0.02939	0.07664	0.17549	0.20748	0.04750	0.14172	0.01480	0.00952	0.00275	0.00791	0.01213	0.00868	0.01084
9	0.01679	0.01089	0.01418	0.01307	0.01597	0.01086	0.01009	0.02239	0.07437	0.10570	0.31248	0.05287	0.09485	0.02929	0.16917	0.00572	0.00982	0.01331	0.00857	0.00961
10	0.01321	0.00885	0.01218	0.01292	0.01431	0.00874	0.00930	0.01571	0.01823	0.05712	0.13558	0.38562	0.05214	0.03526	0.16987	0.00612	0.00983	0.01912	0.00783	0.00806

[dist]
# distance from previous block
# <min> <max>
8	13

[block]
# block no. 1 follows, 19 sequences, length 8
# corresponding to MSA columns:
# 30-37
name=unknown_B
#
# <colnr> <probs for GDERKNQSTAVLIFYWHMCP>
#	G	D	E	R	K	N	Q	S	T	A	V	L	I	F	Y	W	H	M	C	P
0	0.06029	0.01922	0.02071	0.01661	0.02249	0.02035	0.01339	0.28890	0.11757	0.04445	0.09368	0.02875	0.02517	0.01107	0.00843	0.00250	0.00769	0.00877	0.06850	0.12147
1	0.01858	0.19523	0.25669	0.02442	0.11611	0.02170	0.02229	0.02443	0.01829	0.02520	0.02087	0.11804	0.01983	0.01597	0.06142	0.00365	0.01162	0.00940	0.00464	0.01161
2	0.39051	0.02403	0.17158	0.01623	0.02403	0.01853	0.01639	0.03109	0.01871	0.18478	0.01901	0.01957	0.01319	0.00904	0.00713	0.00278	0.00867	0.00631	0.00647	0.01194
3	0.08121	0.02681	0.11489	0.15815	0.13482	0.17446	0.02085	0.02624	0.01916	0.02481	0.01523	0.02066	0.01248	0.01203	0.01225	0.11249	0.01191	0.00694	0.00429	0.01032
4	0.02186	0.02217	0.07218	0.22416	0.36544	0.05270	0.02582	0.02745	0.02009	0.05814	0.01731	0.02254	0.01361	0.00851	0.00883	0.00275	0.01130	0.00781	0.00461	0.01275
5	0.01885	0.02163	0.09811	0.11993	0.12686	0.10890	0.01882	0.02276	0.01774	0.02290	0.01871	0.02742	0.01662	0.07100	0.18495	0.06723	0.01516	0.00822	0.00443	0.00978
6	0.01437	0.06926	0.01857	0.01967	0.13865	0.01322	0.01235	0.01745	0.01930	0.02442	0.05914	0.05949	0.36032	0.02504	0.10511	0.00455	0.00909	0.01410	0.00662	0.00929
7	0.02283	0.02100	0.02889	0.09048	0.36988	0.09195	0.02177	0.02724	0.02120	0.07839	0.02896	0.03181	0.10554	0.01065	0.00904	0.00271	0.01021	0.00942	0.00555	0.01249

[dist]
# distance from previous block
# <min> <max>
0	4

[block]
# block no. 2 follows, 19 sequences, length 14
# corresponding to MSA columns:
# 42-55
name=unknown_C
#
# <colnr> <probs for GDERKNQSTAVLIFYWHMCP>
#	G	D	E	R	K	N	Q	S	T	A	V	L	I	F	Y	W	H	M	C	P
0	0.20538	0.08403	0.14369	0.02911	0.19789	0.14397	0.02111	0.02888	0.01959	0.02969	0.01465	0.01782	0.01178	0.00837	0.00755	0.00259	0.01117	0.00624	0.00457	0.01191
1	0.02463	0.06603	0.02408	0.17490	0.03278	0.34162	0.01729	0.02771	0.02159	0.02226	0.02098	0.14384	0.02066	0.01264	0.00878	0.00270	0.01267	0.00997	0.00511	0.00974
2	0.02410	0.12733	0.06003	0.01533	0.02084	0.13473	0.01324	0.02733	0.02228	0.15960	0.07373	0.04409	0.21386	0.01409	0.00886	0.00263	0.00872	0.01109	0.00731	0.01080
3	0.12471	0.02019	0.02248	0.05493	0.07461	0.02255	0.01546	0.25246	0.17158	0.04174	0.02386	0.02722	0.01883	0.07609	0.01207	0.00338	0.00883	0.00859	0.00754	0.01288
4	0.19406	0.05158	0.02295	0.25785	0.06533	0.04949	0.01707	0.02465	0.01791	0.02869	0.01485	0.01941	0.01178	0.00813	0.00736	0.00243	0.00947	0.00630	0.00471	0.18598
5	0.01354	0.01002	0.01405	0.07257	0.01867	0.01106	0.01109	0.01680	0.01766	0.02555	0.12503	0.19927	0.03997	0.03417	0.21370	0.00666	0.04693	0.01419	0.10089	0.00820
6	0.02141	0.01553	0.01842	0.11758	0.02480	0.01706	0.01303	0.22471	0.02533	0.03487	0.02604	0.09681	0.02436	0.18084	0.01797	0.00424	0.00865	0.01101	0.10715	0.01021
7	0.01671	0.00981	0.01133	0.01056	0.01242	0.00910	0.00699	0.01782	0.01686	0.11728	0.04493	0.06098	0.17932	0.41272	0.03099	0.00632	0.00747	0.01384	0.00704	0.00751
8	0.01690	0.01555	0.01412	0.01452	0.01614	0.12947	0.01008	0.05343	0.01957	0.02387	0.03756	0.41550	0.04326	0.12783	0.01605	0.00413	0.00809	0.01868	0.00719	0.00805
9	0.16388	0.02362	0.01978	0.01722	0.02207	0.16742	0.01344	0.21562	0.02725	0.03715	0.02824	0.12889	0.07193	0.01367	0.00862	0.00279	0.00958	0.01058	0.00713	0.01112
10	0.01572	0.01224	0.01443	0.01216	0.01666	0.01001	0.00895	0.01856	0.01745	0.02630	0.02707	0.19064	0.02820	0.10572	0.01315	0.00298	0.00634	0.01165	0.06778	0.39398
11	0.25739	0.01779	0.01577	0.06895	0.02170	0.09427	0.01189	0.02598	0.10599	0.03075	0.03467	0.13524	0.11808	0.01444	0.00839	0.00295	0.00785	0.01149	0.00669	0.00973
12	0.01328	0.00962	0.01251	0.01428	0.06393	0.00911	0.00876	0.01439	0.01728	0.02277	0.11847	0.14349	0.17791	0.19363	0.02342	0.12147	0.00668	0.01524	0.00673	0.00705
13	0.02294	0.19063	0.03087	0.02789	0.19706	0.16070	0.01808	0.02671	0.02173	0.02642	0.11414	0.03242	0.02712	0.01118	0.00846	0.00254	0.01037	0.05400	0.00549	0.01126

[dist]
# distance from previous block
# <min> <max>
6	52

[block]
# block no. 3 follows, 19 sequences, length 29
# corresponding to MSA columns:
# 109-137
name=unknown_D
#
# <colnr> <probs for GDERKNQSTAVLIFYWHMCP>
#	G	D	E	R	K	N	Q	S	T	A	V	L	I	F	Y	W	H	M	C	P
0	0.06872	0.01564	0.02447	0.07842	0.31990	0.01592	0.01896	0.02153	0.01864	0.02720	0.02843	0.26422	0.03029	0.01546	0.00957	0.00305	0.00845	0.01419	0.00590	0.01102
1	0.01624	0.01575	0.09852	0.01404	0.01874	0.01098	0.01226	0.02025	0.02017	0.07056	0.19585	0.17100	0.04469	0.07921	0.01281	0.00321	0.00682	0.01360	0.00739	0.16791
2	0.01449	0.01165	0.01669	0.05086	0.01829	0.01251	0.06232	0.01633	0.01544	0.02125	0.03135	0.14100	0.06431	0.33453	0.02921	0.00585	0.08723	0.01380	0.04551	0.00735
3	0.01964	0.01430	0.01624	0.01353	0.01776	0.01392	0.01035	0.16236	0.02498	0.03578	0.15067	0.08241	0.03563	0.10408	0.01359	0.00322	0.00680	0.01107	0.09514	0.16850
4	0.01278	0.00959	0.01438	0.01438	0.01598	0.01118	0.01118	0.01598	0.01438	0.02077	0.02396	0.03515	0.02237	0.06710	0.65013	0.01438	0.02396	0.00959	0.00479	0.00799
5	0.02979	0.29048	0.03358	0.02009	0.02586	0.41485	0.01653	0.03231	0.02261	0.02157	0.01330	0.01545	0.01151	0.00862	0.00718	0.00216	0.01362	0.00539	0.00431	0.01080
6	0.60390	0.08204	0.01781	0.01304	0.01895	0.02234	0.01100	0.08744	0.01836	0.04006	0.01342	0.01526	0.01045	0.00850	0.00592	0.00268	0.00748	0.00518	0.00574	0.01045
7	0.01140	0.00909	0.01028	0.01048	0.01302	0.00797	0.00796	0.01420	0.02122	0.02684	0.19948	0.13003	0.41185	0.02232	0.01080	0.00312	0.00485	0.06866	0.00864	0.00779
8	0.01690	0.01590	0.02683	0.66408	0.06162	0.01988	0.02485	0.02286	0.01789	0.02286	0.01590	0.02385	0.01193	0.00894	0.00894	0.00298	0.01193	0.00795	0.00398	0.00994
9	0.01057	0.00906	0.00906	0.00906	0.01208	0.00755	0.00680	0.01284	0.02039	0.02417	0.09063	0.08610	0.62615	0.02266	0.01057	0.00302	0.00453	0.01888	0.00831	0.00755
10	0.74878	0.01730	0.01315	0.01177	0.01730	0.02007	0.00969	0.02630	0.01523	0.04014	0.01246	0.01453	0.00969	0.00830	0.00554	0.00277	0.00692	0.00484	0.00554	0.00969
11	0.02112	0.02413	0.05279	0.03771	0.04676	0.02262	0.59729	0.02866	0.02112	0.02866	0.01810	0.02413	0.01357	0.00754	0.01056	0.00302	0.01508	0.01056	0.00452	0.01207
12	0.74878	0.01730	0.01315	0.01177	0.01730	0.02007	0.00969	0.02630	0.01523	0.04014	0.01246	0.01453	0.00969	0.00830	0.00554	0.00277	0.00692	0.00484	0.00554	0.00969
13	0.01278	0.00959	0.01438	0.01438	0.01598	0.01118	0.01118	0.01598	0.01438	0.02077	0.02396	0.03515	0.02237	0.06710	0.65013	0.01438	0.02396	0.00959	0.00479	0.00799
14	0.02392	0.69097	0.04688	0.01531	0.02296	0.03540	0.01531	0.02679	0.01818	0.02105	0.01244	0.01435	0.01148	0.00765	0.00574	0.00191	0.00957	0.00478	0.00383	0.01148
15	0.01057	0.00906	0.00906	0.00906	0.01208	0.00755	0.00680	0.01284	0.02039	0.02417	0.09063	0.08610	0.62615	0.02266	0.01057	0.00302	0.00453	0.01888	0.00831	0.00755
16	0.01957	0.01957	0.02740	0.02349	0.02349	0.02740	0.01957	0.02153	0.01370	0.02153	0.01174	0.01957	0.01174	0.01566	0.02936	0.00391	0.66921	0.00783	0.00391	0.00979
17	0.02092	0.02277	0.04698	0.10062	0.16656	0.02209	0.42727	0.02786	0.02066	0.02822	0.01763	0.02370	0.01354	0.00776	0.01006	0.00294	0.01388	0.00979	0.00445	0.01229
18	0.01057	0.00906	0.00906	0.00906	0.01208	0.00755	0.00680	0.01284	0.02039	0.02417	0.09063	0.08610	0.62615	0.02266	0.01057	0.00302	0.00453	0.01888	0.00831	0.00755
19	0.02012	0.01850	0.03095	0.22494	0.40832	0.01964	0.02470	0.02551	0.01951	0.02780	0.01774	0.02370	0.01436	0.00848	0.00864	0.00270	0.01039	0.00800	0.07363	0.01241
20	0.01266	0.00914	0.01196	0.01126	0.01337	0.00844	0.00844	0.01688	0.02532	0.03588	0.62506	0.06683	0.08441	0.01829	0.01055	0.00281	0.00422	0.01618	0.00985	0.00844
21	0.13830	0.01525	0.01903	0.02208	0.14506	0.01648	0.01394	0.09294	0.02071	0.03347	0.02578	0.15676	0.02456	0.01355	0.00969	0.00283	0.05364	0.01109	0.17433	0.01052
22	0.02180	0.19822	0.13514	0.05355	0.02795	0.02443	0.01807	0.06112	0.23133	0.03080	0.02259	0.02322	0.01748	0.00950	0.00784	0.00250	0.00914	0.00738	0.00611	0.09182
23	0.02181	0.08111	0.35641	0.02103	0.03145	0.06869	0.02382	0.02900	0.01991	0.08514	0.01742	0.01938	0.01280	0.00834	0.00791	0.00239	0.01123	0.00636	0.00487	0.17091
24	0.07467	0.03948	0.34094	0.02336	0.03230	0.18216	0.02504	0.07456	0.02169	0.02918	0.01531	0.01814	0.01161	0.00943	0.00990	0.00277	0.06633	0.00648	0.00453	0.01213
25	0.02253	0.41938	0.07901	0.01689	0.02329	0.11274	0.01599	0.02591	0.01843	0.02162	0.01522	0.01913	0.01369	0.02000	0.13710	0.00456	0.01364	0.00602	0.00413	0.01074
26	0.02380	0.21457	0.11132	0.01777	0.02448	0.15085	0.01655	0.11986	0.02413	0.02869	0.03167	0.03207	0.14552	0.01185	0.00816	0.00248	0.01035	0.00883	0.00579	0.01125
27	0.02438	0.02463	0.06323	0.01837	0.02342	0.17727	0.01498	0.03637	0.25351	0.08765	0.06623	0.08351	0.06142	0.01324	0.00914	0.00284	0.00940	0.01071	0.00771	0.01200
28	0.02138	0.01449	0.02040	0.02309	0.14626	0.01477	0.01459	0.07897	0.04688	0.12773	0.06103	0.12382	0.02944	0.07847	0.15115	0.00585	0.01154	0.01187	0.00713	0.01114

[dist]
# distance from previous block
# <min> <max>
3	49

[block]
# block no. 4 follows, 19 sequences, length 150
# corresponding to MSA columns:
# 187-336
name=unknown_E
#
# <colnr> <probs for GDERKNQSTAVLIFYWHMCP>
#	G	D	E	R	K	N	Q	S	T	A	V	L	I	F	Y	W	H	M	C	P
0	0.06917	0.06495	0.11209	0.02744	0.20172	0.01828	0.01873	0.05705	0.02057	0.12448	0.04919	0.03048	0.02110	0.12960	0.01502	0.00374	0.00953	0.00881	0.00608	0.01198
1	0.07112	0.10679	0.21403	0.02094	0.02786	0.23867	0.02043	0.02830	0.02034	0.02508	0.01853	0.09846	0.01721	0.01140	0.00925	0.00270	0.04484	0.00838	0.00475	0.01091
2	0.02369	0.01952	0.02588	0.03043	0.23223	0.07006	0.01862	0.02895	0.06158	0.12099	0.02560	0.02860	0.05666	0.01628	0.07155	0.00389	0.09798	0.00880	0.00607	0.05260
3	0.03013	0.11962	0.02775	0.02366	0.07524	0.47636	0.01710	0.03289	0.02359	0.02319	0.01498	0.01761	0.01253	0.00901	0.00771	0.00227	0.01402	0.00600	0.05565	0.01068
4	0.12297	0.02870	0.24414	0.02960	0.19467	0.02046	0.02360	0.03053	0.12558	0.03169	0.02286	0.02488	0.04317	0.00963	0.00838	0.00282	0.01011	0.00793	0.00537	0.01289
5	0.02190	0.02531	0.05105	0.03678	0.04555	0.06241	0.56049	0.02911	0.02138	0.02823	0.01783	0.02363	0.01344	0.00765	0.01040	0.00297	0.01515	0.01025	0.00453	0.01196
6	0.03074	0.03180	0.02338	0.02011	0.02525	0.34880	0.01560	0.22002	0.03003	0.03442	0.02266	0.02391	0.05401	0.01070	0.00838	0.00246	0.01231	0.00759	0.06621	0.01163
7	0.01310	0.00878	0.01006	0.01020	0.01033	0.00878	0.00601	0.01337	0.01351	0.01797	0.02945	0.06133	0.03377	0.64222	0.04336	0.00837	0.00864	0.04953	0.00561	0.00561
8	0.02214	0.02126	0.03631	0.05491	0.62978	0.02126	0.02746	0.02746	0.02037	0.02923	0.01683	0.02214	0.01417	0.00797	0.00886	0.00266	0.01063	0.00797	0.00443	0.01417
9	0.01897	0.01677	0.02217	0.23869	0.07121	0.01938	0.01808	0.03316	0.28607	0.03019	0.03298	0.03871	0.06522	0.01257	0.00940	0.00308	0.00885	0.05575	0.00696	0.01178
10	0.01090	0.00779	0.01038	0.01246	0.01298	0.00727	0.00830	0.01246	0.01713	0.02284	0.04931	0.67975	0.05917	0.02803	0.01142	0.00363	0.00519	0.02543	0.00830	0.00727
11	0.02170	0.01874	0.01970	0.01777	0.02273	0.02156	0.01381	0.04590	0.58551	0.03680	0.03898	0.03588	0.05568	0.01264	0.00917	0.00303	0.00696	0.01053	0.00907	0.01385
12	0.01096	0.00888	0.00980	0.01043	0.01281	0.00771	0.00776	0.01322	0.01968	0.02408	0.07785	0.22003	0.45227	0.02403	0.01091	0.00325	0.00498	0.06551	0.00830	0.00754
13	0.74878	0.01730	0.01315	0.01177	0.01730	0.02007	0.00969	0.02630	0.01523	0.04014	0.01246	0.01453	0.00969	0.00830	0.00554	0.00277	0.00692	0.00484	0.00554	0.00969
14	0.74878	0.01730	0.01315	0.01177	0.01730	0.02007	0.00969	0.02630	0.01523	0.04014	0.01246	0.01453	0.00969	0.00830	0.00554	0.00277	0.00692	0.00484	0.00554	0.00969
15	0.01266	0.00914	0.01196	0.01126	0.01337	0.00844	0.00844	0.01688	0.02532	0.03588	0.62506	0.06683	0.08441	0.01829	0.01055	0.00281	0.00422	0.01618	0.00985	0.00844
16	0.02178	0.02141	0.03788	0.04994	0.50585	0.02095	0.11474	0.02737	0.02039	0.02914	0.01697	0.02225	0.01403	0.00783	0.00900	0.00264	0.01110	0.00822	0.00449	0.05402
17	0.01140	0.00910	0.01025	0.01029	0.01288	0.00795	0.00780	0.01428	0.02158	0.02744	0.23054	0.11115	0.41500	0.02187	0.01072	0.00306	0.00472	0.05341	0.00872	0.00782
18	0.02756	0.13651	0.06216	0.02261	0.06854	0.34590	0.01749	0.03270	0.07094	0.02480	0.01605	0.01814	0.01320	0.00877	0.00769	0.00224	0.01266	0.00611	0.00488	0.10103
19	0.09029	0.03680	0.02353	0.02134	0.02610	0.49719	0.01616	0.03685	0.11908	0.02589	0.01735	0.01877	0.01391	0.00961	0.00803	0.00246	0.01392	0.00639	0.00541	0.01092
20	0.01104	0.00908	0.00971	0.00955	0.01237	0.00775	0.00716	0.01374	0.02149	0.02679	0.21011	0.08179	0.50504	0.02168	0.01057	0.00297	0.00446	0.01828	0.00865	0.00775
21	0.02022	0.01452	0.01697	0.01519	0.01836	0.01573	0.01156	0.22401	0.02498	0.03427	0.02962	0.17738	0.02943	0.11737	0.15893	0.00630	0.01150	0.01296	0.05063	0.01009
22	0.01266	0.00914	0.01196	0.01126	0.01337	0.00844	0.00844	0.01688	0.02532	0.03588	0.62506	0.06683	0.08441	0.01829	0.01055	0.00281	0.00422	0.01618	0.00985	0.00844
23	0.01132	0.00835	0.01153	0.05808	0.01638	0.00815	0.00946	0.01319	0.01718	0.02284	0.04697	0.63383	0.05586	0.02669	0.01125	0.00359	0.00566	0.02421	0.00800	0.00745
24	0.03478	0.02383	0.02609	0.02000	0.02713	0.02592	0.01652	0.53032	0.04000	0.12892	0.02321	0.02260	0.01608	0.01078	0.00896	0.00270	0.00957	0.00817	0.00922	0.01522
25	0.01957	0.01957	0.02740	0.02349	0.02349	0.02740	0.01957	0.02153	0.01370	0.02153	0.01174	0.01957	0.01174	0.01566	0.02936	0.00391	0.66921	0.00783	0.00391	0.00979
26	0.03401	0.02506	0.02685	0.02058	0.02774	0.02774	0.01700	0.59995	0.04206	0.05638	0.02148	0.02148	0.01521	0.01074	0.00895	0.00268	0.00984	0.00805	0.00895	0.01521
27	0.02392	0.69097	0.04688	0.01531	0.02296	0.03540	0.01531	0.02679	0.01818	0.02105	0.01244	0.01435	0.01148	0.00765	0.00574	0.00191	0.00957	0.00478	0.00383	0.01148
28	0.74878	0.01730	0.01315	0.01177	0.01730	0.02007	0.00969	0.02630	0.01523	0.04014	0.01246	0.01453	0.00969	0.00830	0.00554	0.00277	0.00692	0.00484	0.00554	0.00969
29	0.02392	0.69097	0.04688	0.01531	0.02296	0.03540	0.01531	0.02679	0.01818	0.02105	0.01244	0.01435	0.01148	0.00765	0.00574	0.00191	0.00957	0.00478	0.00383	0.01148
30	0.01132	0.00909	0.01010	0.00985	0.01254	0.00787	0.00739	0.01429	0.02216	0.02836	0.28183	0.07920	0.43233	0.02110	0.01057	0.00295	0.00442	0.01791	0.00886	0.00787
31	0.01085	0.00907	0.00945	0.00936	0.01226	0.00767	0.00702	0.01338	0.02106	0.02574	0.16256	0.08351	0.55324	0.02207	0.01057	0.00299	0.00449	0.01852	0.00852	0.00767
32	0.01285	0.00933	0.01307	0.01307	0.01422	0.01047	0.00956	0.01514	0.01399	0.01980	0.02516	0.04176	0.02524	0.24179	0.47936	0.01277	0.01964	0.01055	0.00497	0.00726
33	0.01957	0.01957	0.02740	0.02349	0.02349	0.02740	0.01957	0.02153	0.01370	0.02153	0.01174	0.01957	0.01174	0.01566	0.02936	0.00391	0.66921	0.00783	0.00391	0.00979
34	0.03759	0.01932	0.02330	0.01786	0.02488	0.01923	0.01476	0.27534	0.03246	0.39455	0.02954	0.02671	0.01926	0.01093	0.00898	0.00273	0.00854	0.00860	0.01019	0.01522
35	0.01080	0.00816	0.00999	0.01146	0.01271	0.00735	0.00786	0.01257	0.01809	0.02323	0.06144	0.50547	0.22562	0.02645	0.01117	0.00345	0.00500	0.02351	0.00831	0.00735
36	0.01266	0.00914	0.01196	0.01126	0.01337	0.00844	0.00844	0.01688	0.02532	0.03588	0.62506	0.06683	0.08441	0.01829	0.01055	0.00281	0.00422	0.01618	0.00985	0.00844
37	0.02392	0.69097	0.04688	0.01531	0.02296	0.03540	0.01531	0.02679	0.01818	0.02105	0.01244	0.01435	0.01148	0.00765	0.00574	0.00191	0.00957	0.00478	0.00383	0.01148
38	0.03620	0.02154	0.02467	0.01891	0.02599	0.02252	0.01563	0.40090	0.03618	0.26374	0.02642	0.02469	0.01769	0.01086	0.00897	0.00271	0.00905	0.00839	0.00971	0.01522
39	0.01064	0.00879	0.00934	0.00978	0.01227	0.00749	0.00711	0.01276	0.01971	0.02389	0.08195	0.21085	0.50700	0.02379	0.01075	0.00315	0.00467	0.02026	0.00831	0.00749
40	0.01090	0.00779	0.01038	0.01246	0.01298	0.00727	0.00830	0.01246	0.01713	0.02284	0.04931	0.67975	0.05917	0.02803	0.01142	0.00363	0.00519	0.02543	0.00830	0.00727
41	0.74878	0.01730	0.01315	0.01177	0.01730	0.02007	0.00969	0.02630	0.01523	0.04014	0.01246	0.01453	0.00969	0.00830	0.00554	0.00277	0.00692	0.00484	0.00554	0.00969
42	0.38902	0.01625	0.01701	0.01387	0.02011	0.01656	0.01145	0.03508	0.02050	0.34263	0.02405	0.02261	0.01601	0.00971	0.00729	0.00277	0.00727	0.00695	0.00835	0.01250
43	0.05181	0.01009	0.01321	0.01389	0.01611	0.00956	0.01052	0.01994	0.01928	0.13382	0.04466	0.41082	0.04861	0.02337	0.01091	0.00354	0.00634	0.13587	0.00865	0.00900
44	0.46290	0.02402	0.01785	0.01569	0.02116	0.16420	0.01249	0.09169	0.05839	0.03757	0.01526	0.01684	0.01182	0.00902	0.00671	0.00267	0.00934	0.00573	0.00592	0.01072
45	0.02540	0.01788	0.01982	0.01634	0.02106	0.01967	0.01312	0.34123	0.03061	0.04304	0.02387	0.02825	0.01898	0.05222	0.13098	0.00504	0.01126	0.00863	0.16063	0.01196
46	0.01740	0.01213	0.01441	0.01373	0.01606	0.01283	0.01012	0.14522	0.02191	0.03067	0.03340	0.25803	0.03485	0.10957	0.12655	0.00572	0.00982	0.01499	0.10350	0.00908
47	0.02392	0.69097	0.04688	0.01531	0.02296	0.03540	0.01531	0.02679	0.01818	0.02105	0.01244	0.01435	0.01148	0.00765	0.00574	0.00191	0.00957	0.00478	0.00383	0.01148
48	0.01074	0.00840	0.00975	0.01082	0.01255	0.00740	0.00758	0.01264	0.01870	0.02348	0.06923	0.39352	0.33254	0.02544	0.01101	0.00334	0.00487	0.02227	0.00831	0.00740
49	0.74878	0.01730	0.01315	0.01177	0.01730	0.02007	0.00969	0.02630	0.01523	0.04014	0.01246	0.01453	0.00969	0.00830	0.00554	0.00277	0.00692	0.00484	0.00554	0.00969
50	0.02327	0.02052	0.02075	0.01853	0.02366	0.05036	0.01442	0.07133	0.56233	0.03757	0.03475	0.03209	0.02608	0.01195	0.00905	0.00299	0.00760	0.00983	0.00890	0.01404
51	0.01090	0.00779	0.01038	0.01246	0.01298	0.00727	0.00830	0.01246	0.01713	0.02284	0.04931	0.67975	0.05917	0.02803	0.01142	0.00363	0.00519	0.02543	0.00830	0.00727
52	0.01301	0.00867	0.00976	0.00976	0.00976	0.00867	0.00542	0.01301	0.01301	0.01735	0.02819	0.05855	0.03253	0.68559	0.04554	0.00867	0.00867	0.01301	0.00542	0.00542
53	0.02045	0.01703	0.01957	0.01415	0.02201	0.01387	0.01139	0.09353	0.02144	0.03250	0.01659	0.01891	0.01349	0.00713	0.00691	0.00149	0.00702	0.00564	0.00575	0.65112
54	0.02392	0.69097	0.04688	0.01531	0.02296	0.03540	0.01531	0.02679	0.01818	0.02105	0.01244	0.01435	0.01148	0.00765	0.00574	0.00191	0.00957	0.00478	0.00383	0.01148
55	0.13745	0.02286	0.02972	0.13355	0.36450	0.10947	0.02284	0.02776	0.01990	0.02897	0.01558	0.02035	0.01276	0.00834	0.00824	0.00267	0.01101	0.00716	0.00456	0.01230
56	0.02769	0.23066	0.07420	0.01890	0.02573	0.10426	0.01688	0.26346	0.02888	0.03642	0.01986	0.07667	0.01723	0.01098	0.00805	0.00250	0.01036	0.00821	0.00643	0.01264
57	0.01958	0.18695	0.39751	0.02273	0.03384	0.02325	0.06613	0.02738	0.01885	0.02680	0.01537	0.01820	0.01173	0.00804	0.00782	0.00248	0.01182	0.00633	0.00401	0.09120
58	0.02293	0.02275	0.03555	0.05268	0.58762	0.06525	0.02674	0.02804	0.02072	0.02871	0.01662	0.02172	0.01399	0.00806	0.00880	0.00263	0.01101	0.00782	0.00444	0.01391
59	0.01862	0.01894	0.01748	0.01683	0.01928	0.19193	0.01291	0.02157	0.01748	0.02109	0.02109	0.02976	0.01930	0.05071	0.46837	0.01096	0.02175	0.00850	0.00474	0.00866
60	0.02164	0.02102	0.03669	0.10367	0.54237	0.02124	0.06714	0.02716	0.02022	0.02867	0.01684	0.02242	0.01395	0.00802	0.00898	0.00271	0.01105	0.00815	0.00440	0.01368
61	0.03147	0.17553	0.02977	0.02146	0.02670	0.52376	0.01688	0.03389	0.02388	0.02172	0.01354	0.01577	0.01152	0.00890	0.00759	0.00222	0.01479	0.00556	0.00445	0.01060
62	0.02214	0.02126	0.03631	0.05491	0.62978	0.02126	0.02746	0.02746	0.02037	0.02923	0.01683	0.02214	0.01417	0.00797	0.00886	0.00266	0.01063	0.00797	0.00443	0.01417
63	0.03287	0.04007	0.02605	0.02453	0.05948	0.56546	0.01780	0.08156	0.02646	0.02511	0.01461	0.01689	0.01197	0.00928	0.00818	0.00235	0.01533	0.00607	0.00496	0.01097
64	0.03401	0.02506	0.02685	0.02058	0.02774	0.02774	0.01700	0.59995	0.04206	0.05638	0.02148	0.02148	0.01521	0.01074	0.00895	0.00268	0.00984	0.00805	0.00895	0.01521
65	0.03080	0.01526	0.01908	0.01574	0.02108	0.01453	0.01252	0.14907	0.02681	0.34816	0.03851	0.17630	0.06089	0.01540	0.00961	0.00296	0.00737	0.01299	0.00987	0.01304
66	0.02601	0.01889	0.02033	0.01638	0.02160	0.02029	0.01313	0.37763	0.03365	0.04564	0.08787	0.03759	0.10315	0.05578	0.01138	0.00306	0.00802	0.01056	0.07671	0.01232
67	0.01301	0.00867	0.00976	0.00976	0.00976	0.00867	0.00542	0.01301	0.01301	0.01735	0.02819	0.05855	0.03253	0.68559	0.04554	0.00867	0.00867	0.01301	0.00542	0.00542
68	0.01090	0.00779	0.01038	0.01246	0.01298	0.00727	0.00830	0.01246	0.01713	0.02284	0.04931	0.67975	0.05917	0.02803	0.01142	0.00363	0.00519	0.02543	0.00830	0.00727
69	0.01690	0.01590	0.02683	0.66408	0.06162	0.01988	0.02485	0.02286	0.01789	0.02286	0.01590	0.02385	0.01193	0.00894	0.00894	0.00298	0.01193	0.00795	0.00398	0.00994
70	0.01278	0.00959	0.01438	0.01438	0.01598	0.01118	0.01118	0.01598	0.01438	0.02077	0.02396	0.03515	0.02237	0.06710	0.65013	0.01438	0.02396	0.00959	0.00479	0.00799
71	0.03602	0.01529	0.02008	0.01587	0.02223	0.01394	0.01294	0.04221	0.09789	0.52036	0.07672	0.03336	0.02714	0.01171	0.00912	0.00280	0.00731	0.00964	0.01075	0.01462
72	0.01690	0.01590	0.02683	0.66408	0.06162	0.01988	0.02485	0.02286	0.01789	0.02286	0.01590	0.02385	0.01193	0.00894	0.00894	0.00298	0.01193	0.00795	0.00398	0.00994
73	0.01183	0.00841	0.01125	0.01319	0.01402	0.00804	0.00949	0.01387	0.01764	0.02337	0.04749	0.50835	0.05569	0.07043	0.01387	0.00407	0.00611	0.14742	0.00810	0.00736
74	0.01096	0.00793	0.01036	0.01218	0.01293	0.00734	0.00821	0.01268	0.01770	0.02349	0.07716	0.61403	0.09748	0.02725	0.01133	0.00356	0.00510	0.02460	0.00837	0.00734
75	0.01106	0.00824	0.01035	0.01196	0.01314	0.00753	0.00837	0.01294	0.01809	0.02339	0.05842	0.50905	0.18542	0.02661	0.01129	0.00353	0.00524	0.05967	0.00830	0.00739
76	0.01455	0.01213	0.01753	0.01652	0.01763	0.01526	0.01309	0.01728	0.01414	0.02081	0.02100	0.03220	0.02009	0.08239	0.46165	0.01141	0.19012	0.00929	0.00459	0.00833
77	0.02214	0.02126	0.03631	0.05491	0.62978	0.02126	0.02746	0.02746	0.02037	0.02923	0.01683	0.02214	0.01417	0.00797	0.00886	0.00266	0.01063	0.00797	0.00443	0.01417
78	0.02258	0.02103	0.03458	0.11371	0.52294	0.02165	0.02634	0.07394	0.02190	0.03081	0.01712	0.02226	0.01403	0.00830	0.00887	0.00269	0.01070	0.00798	0.00475	0.01383
79	0.21808	0.03328	0.02301	0.05271	0.06872	0.41194	0.01638	0.03208	0.02201	0.02720	0.01378	0.01650	0.01125	0.00888	0.00751	0.00248	0.01315	0.00578	0.00481	0.01044
80	0.01278	0.00959	0.01438	0.01438	0.01598	0.01118	0.01118	0.01598	0.01438	0.02077	0.02396	0.03515	0.02237	0.06710	0.65013	0.01438	0.02396	0.00959	0.00479	0.00799
81	0.02793	0.13835	0.02683	0.02112	0.09720	0.04974	0.01540	0.08179	0.14075	0.20079	0.03225	0.03096	0.07577	0.01127	0.00852	0.00265	0.00851	0.00904	0.00785	0.01328
82	0.01057	0.00906	0.00906	0.00906	0.01208	0.00755	0.00680	0.01284	0.02039	0.02417	0.09063	0.08610	0.62615	0.02266	0.01057	0.00302	0.00453	0.01888	0.00831	0.00755
83	0.55025	0.01672	0.01528	0.01293	0.01885	0.01813	0.01066	0.03115	0.01813	0.20706	0.01886	0.01899	0.01318	0.00908	0.00651	0.00277	0.00711	0.00601	0.00709	0.01124
84	0.03342	0.04264	0.02535	0.02305	0.02766	0.64967	0.01729	0.03572	0.02535	0.02190	0.01383	0.01613	0.01152	0.00922	0.00807	0.00230	0.01613	0.00576	0.00461	0.01037
85	0.01174	0.00911	0.01072	0.01067	0.01310	0.00810	0.00808	0.01492	0.02234	0.02927	0.31386	0.11021	0.32711	0.02121	0.01073	0.00304	0.00468	0.05421	0.00896	0.00796
86	0.02392	0.69097	0.04688	0.01531	0.02296	0.03540	0.01531	0.02679	0.01818	0.02105	0.01244	0.01435	0.01148	0.00765	0.00574	0.00191	0.00957	0.00478	0.00383	0.01148
87	0.01072	0.00907	0.00927	0.00922	0.01217	0.00761	0.00691	0.01312	0.02074	0.02499	0.12805	0.08475	0.58822	0.02235	0.01057	0.00301	0.00451	0.01869	0.00842	0.00761
88	0.02712	0.03338	0.02086	0.01919	0.02336	0.47260	0.01439	0.02941	0.02398	0.02252	0.03501	0.03543	0.18101	0.01293	0.00876	0.00250	0.01293	0.00938	0.00563	0.00959
89	0.01219	0.00913	0.01131	0.01076	0.01308	0.00824	0.00807	0.01597	0.02421	0.03323	0.50444	0.07118	0.20668	0.01928	0.01056	0.00286	0.00429	0.01679	0.00950	0.00824
90	0.01057	0.00906	0.00906	0.00906	0.01208	0.00755	0.00680	0.01284	0.02039	0.02417	0.09063	0.08610	0.62615	0.02266	0.01057	0.00302	0.00453	0.01888	0.00831	0.00755
91	0.04014	0.01523	0.02076	0.01592	0.02284	0.01315	0.01315	0.04360	0.02561	0.63597	0.03530	0.03045	0.02215	0.01107	0.00900	0.00277	0.00761	0.00900	0.01107	0.01523
92	0.01821	0.04440	0.58963	0.02653	0.03940	0.02093	0.08078	0.02836	0.01908	0.02836	0.01623	0.01933	0.01152	0.00842	0.00867	0.00285	0.01338	0.00694	0.00384	0.01312
93	0.01214	0.00912	0.01123	0.01070	0.01304	0.00822	0.00803	0.01586	0.02408	0.03293	0.49043	0.07168	0.22088	0.01939	0.01056	0.00287	0.00430	0.01686	0.00946	0.00822
94	0.01855	0.01590	0.01855	0.01325	0.02120	0.01193	0.01060	0.02253	0.01855	0.02915	0.01590	0.01855	0.01325	0.00663	0.00663	0.00133	0.00663	0.00530	0.00530	0.74028
95	0.02214	0.02126	0.03631	0.05491	0.62978	0.02126	0.02746	0.02746	0.02037	0.02923	0.01683	0.02214	0.01417	0.00797	0.00886	0.00266	0.01063	0.00797	0.00443	0.01417
96	0.01057	0.00906	0.00906	0.00906	0.01208	0.00755	0.00680	0.01284	0.02039	0.02417	0.09063	0.08610	0.62615	0.02266	0.01057	0.00302	0.00453	0.01888	0.00831	0.00755
97	0.03114	0.02699	0.02462	0.02006	0.02583	0.16669	0.01597	0.39599	0.03460	0.04373	0.02032	0.02343	0.01591	0.05451	0.05582	0.00377	0.01219	0.00794	0.00746	0.01303
98	0.02379	0.02638	0.02007	0.01750	0.02255	0.29755	0.01317	0.02656	0.02134	0.02470	0.02127	0.14216	0.02114	0.01183	0.00818	0.00220	0.01063	0.00930	0.00556	0.27413
99	0.01067	0.00907	0.00920	0.00916	0.01214	0.00759	0.00687	0.01303	0.02062	0.02471	0.11524	0.08521	0.60120	0.02246	0.01057	0.00301	0.00452	0.01876	0.00838	0.00759
100	0.01721	0.01622	0.02740	0.62782	0.09544	0.01996	0.02500	0.02313	0.01804	0.02324	0.01596	0.02375	0.01206	0.00889	0.00894	0.00296	0.01185	0.00795	0.00400	0.01019
101	0.02293	0.06166	0.15792	0.08151	0.13775	0.17135	0.02349	0.02770	0.01926	0.02449	0.01441	0.01918	0.01204	0.01036	0.01357	0.00292	0.17682	0.00698	0.00414	0.01151
102	0.02190	0.08918	0.27153	0.02948	0.09188	0.10457	0.16198	0.03051	0.06198	0.02769	0.01745	0.02072	0.01329	0.00850	0.00878	0.00273	0.01307	0.00766	0.00450	0.01259
103	0.01057	0.00906	0.00906	0.00906	0.01208	0.00755	0.00680	0.01284	0.02039	0.02417	0.09063	0.08610	0.62615	0.02266	0.01057	0.00302	0.00453	0.01888	0.00831	0.00755
104	0.01118	0.00909	0.00991	0.00970	0.01246	0.00781	0.00728	0.01402	0.02183	0.02759	0.24676	0.08047	0.46788	0.02138	0.01057	0.00296	0.00444	0.01809	0.00876	0.00781
105	0.01975	0.01963	0.03225	0.37910	0.24240	0.04958	0.07878	0.02548	0.01934	0.02542	0.01631	0.02297	0.01279	0.00851	0.00903	0.00285	0.01199	0.00810	0.00420	0.01153
106	0.03342	0.04264	0.02535	0.02305	0.02766	0.64967	0.01729	0.03572	0.02535	0.02190	0.01383	0.01613	0.01152	0.00922	0.00807	0.00230	0.01613	0.00576	0.00461	0.01037
107	0.01074	0.00907	0.00930	0.00924	0.01219	0.00763	0.00693	0.01317	0.02080	0.02513	0.13446	0.08452	0.58172	0.02230	0.01057	0.00300	0.00451	0.01866	0.00843	0.00763
108	0.03401	0.02506	0.02685	0.02058	0.02774	0.02774	0.01700	0.59995	0.04206	0.05638	0.02148	0.02148	0.01521	0.01074	0.00895	0.00268	0.00984	0.00805	0.00895	0.01521
109	0.02676	0.02269	0.03026	0.02357	0.03038	0.02456	0.14692	0.26717	0.24825	0.04313	0.02623	0.02647	0.01931	0.01053	0.00937	0.00289	0.01001	0.00938	0.00801	0.01412
110	0.01907	0.01151	0.01420	0.01332	0.01654	0.01102	0.01002	0.02522	0.10923	0.15693	0.17863	0.23244	0.12722	0.01923	0.01026	0.00310	0.00567	0.01678	0.00935	0.01026
111	0.01090	0.00779	0.01038	0.01246	0.01298	0.00727	0.00830	0.01246	0.01713	0.02284	0.04931	0.67975	0.05917	0.02803	0.01142	0.00363	0.00519	0.02543	0.00830	0.00727
112	0.18201	0.03098	0.02462	0.07366	0.02929	0.34303	0.05663	0.06630	0.02333	0.06863	0.01587	0.01825	0.01223	0.00910	0.00790	0.00256	0.01285	0.00643	0.00543	0.01092
113	0.01057	0.00906	0.00906	0.00906	0.01208	0.00755	0.00680	0.01284	0.02039	0.02417	0.09063	0.08610	0.62615	0.02266	0.01057	0.00302	0.00453	0.01888	0.00831	0.00755
114	0.02857	0.25936	0.03341	0.01871	0.02542	0.02998	0.01634	0.31557	0.07870	0.04014	0.01889	0.01982	0.01467	0.01008	0.00912	0.00252	0.05135	0.00705	0.00683	0.01347
115	0.01794	0.04628	0.63923	0.02550	0.03872	0.02078	0.03305	0.02833	0.01889	0.02833	0.01606	0.01889	0.01133	0.00850	0.00850	0.00283	0.01322	0.00661	0.00378	0.01322
116	0.03292	0.02425	0.02607	0.02020	0.02705	0.02678	0.01659	0.57227	0.04089	0.05480	0.02279	0.05249	0.01729	0.01155	0.00907	0.00273	0.00963	0.00887	0.00892	0.01484
117	0.02118	0.02394	0.05171	0.03884	0.08501	0.02253	0.55989	0.02858	0.02107	0.02870	0.01802	0.02400	0.01361	0.00757	0.01045	0.00299	0.01479	0.01039	0.00452	0.01220
118	0.01091	0.00908	0.00953	0.00942	0.01229	0.00770	0.00706	0.01349	0.02118	0.02605	0.17653	0.08300	0.53907	0.02196	0.01057	0.00299	0.00448	0.01845	0.00856	0.00770
119	0.03383	0.03026	0.02641	0.02131	0.02772	0.21165	0.01709	0.43310	0.03712	0.04619	0.01922	0.01990	0.01412	0.01029	0.00869	0.00257	0.01170	0.00738	0.00767	0.01378
120	0.01145	0.00864	0.01058	0.01107	0.01287	0.00777	0.00793	0.01416	0.02101	0.02793	0.26908	0.29152	0.22743	0.02300	0.01087	0.00317	0.00465	0.02025	0.00886	0.00777
121	0.02214	0.02126	0.03631	0.05491	0.62978	0.02126	0.02746	0.02746	0.02037	0.02923	0.01683	0.02214	0.01417	0.00797	0.00886	0.00266	0.01063	0.00797	0.00443	0.01417
122	0.74878	0.01730	0.01315	0.01177	0.01730	0.02007	0.00969	0.02630	0.01523	0.04014	0.01246	0.01453	0.00969	0.00830	0.00554	0.00277	0.00692	0.00484	0.00554	0.00969
123	0.02214	0.02126	0.03631	0.05491	0.62978	0.02126	0.02746	0.02746	0.02037	0.02923	0.01683	0.02214	0.01417	0.00797	0.00886	0.00266	0.01063	0.00797	0.00443	0.01417
124	0.02225	0.01922	0.02023	0.01821	0.02326	0.02225	0.01416	0.04754	0.61361	0.03742	0.03641	0.03338	0.02731	0.01214	0.00910	0.00303	0.00708	0.01011	0.00910	0.01416
125	0.01957	0.01957	0.02740	0.02349	0.02349	0.02740	0.01957	0.02153	0.01370	0.02153	0.01174	0.01957	0.01174	0.01566	0.02936	0.00391	0.66921	0.00783	0.00391	0.00979
126	0.01794	0.04628	0.63923	0.02550	0.03872	0.02078	0.03305	0.02833	0.01889	0.02833	0.01606	0.01889	0.01133	0.00850	0.00850	0.00283	0.01322	0.00661	0.00378	0.01322
127	0.02198	0.02171	0.03891	0.05221	0.53806	0.02147	0.11709	0.02765	0.02049	0.02914	0.01703	0.02246	0.01408	0.00790	0.00912	0.00271	0.01133	0.00838	0.00444	0.01384
128	0.01104	0.00799	0.01044	0.01213	0.01296	0.00739	0.00822	0.01289	0.01810	0.02413	0.10544	0.58512	0.09749	0.02678	0.01128	0.00352	0.00506	0.02416	0.00845	0.00739
129	0.68933	0.07255	0.01592	0.01206	0.01777	0.02133	0.01015	0.02634	0.01547	0.03857	0.01246	0.01452	0.00984	0.00825	0.00555	0.00270	0.00714	0.00484	0.00540	0.00984
130	0.01632	0.01144	0.01424	0.01211	0.01620	0.00968	0.00931	0.02017	0.02278	0.08188	0.34768	0.08063	0.09286	0.01522	0.00938	0.00245	0.00523	0.01320	0.00852	0.21070
131	0.01097	0.00908	0.00961	0.00948	0.01233	0.00772	0.00711	0.01361	0.02133	0.02639	0.19212	0.08244	0.52327	0.02183	0.01057	0.00298	0.00447	0.01837	0.00860	0.00772
132	0.74878	0.01730	0.01315	0.01177	0.01730	0.02007	0.00969	0.02630	0.01523	0.04014	0.01246	0.01453	0.00969	0.00830	0.00554	0.00277	0.00692	0.00484	0.00554	0.00969
133	0.01861	0.04162	0.51600	0.02806	0.04041	0.02117	0.15162	0.02840	0.01936	0.02840	0.01648	0.01999	0.01180	0.00830	0.00893	0.00287	0.01361	0.00744	0.00393	0.01298
134	0.02214	0.02126	0.03631	0.05491	0.62978	0.02126	0.02746	0.02746	0.02037	0.02923	0.01683	0.02214	0.01417	0.00797	0.00886	0.00266	0.01063	0.00797	0.00443	0.01417
135	0.02171	0.02082	0.03554	0.10487	0.58318	0.02114	0.02724	0.02708	0.02017	0.02871	0.01675	0.02228	0.01399	0.00805	0.00886	0.00268	0.01073	0.00797	0.00439	0.01382
136	0.04014	0.01523	0.02076	0.01592	0.02284	0.01315	0.01315	0.04360	0.02561	0.63597	0.03530	0.03045	0.02215	0.01107	0.00900	0.00277	0.00761	0.00900	0.01107	0.01523
137	0.01072	0.00907	0.00927	0.00922	0.01217	0.00761	0.00691	0.01312	0.02074	0.02499	0.12805	0.08475	0.58822	0.02235	0.01057	0.00301	0.00451	0.01869	0.00842	0.00761
138	0.01794	0.04628	0.63923	0.02550	0.03872	0.02078	0.03305	0.02833	0.01889	0.02833	0.01606	0.01889	0.01133	0.00850	0.00850	0.00283	0.01322	0.00661	0.00378	0.01322
139	0.01668	0.00834	0.00834	0.00834	0.01042	0.00834	0.00625	0.02085	0.01876	0.03335	0.02918	0.03335	0.02293	0.01042	0.00625	0.00208	0.00417	0.00834	0.73525	0.00834
140	0.01301	0.00867	0.00976	0.00976	0.00976	0.00867	0.00542	0.01301	0.01301	0.01735	0.02819	0.05855	0.03253	0.68559	0.04554	0.00867	0.00867	0.01301	0.00542	0.00542
141	0.03939	0.01643	0.02151	0.01649	0.02344	0.01494	0.01362	0.11201	0.02763	0.56470	0.03360	0.02935	0.02129	0.01103	0.00899	0.00276	0.00789	0.00888	0.01081	0.01522
142	0.03342	0.04264	0.02535	0.02305	0.02766	0.64967	0.01729	0.03572	0.02535	0.02190	0.01383	0.01613	0.01152	0.00922	0.00807	0.00230	0.01613	0.00576	0.00461	0.01037
143	0.01783	0.01040	0.01297	0.01160	0.01499	0.00917	0.00896	0.02133	0.02396	0.15860	0.34658	0.06476	0.22799	0.01804	0.01023	0.00286	0.00502	0.01545	0.00966	0.00961
144	0.01090	0.00779	0.01038	0.01246	0.01298	0.00727	0.00830	0.01246	0.01713	0.02284	0.04931	0.67975	0.05917	0.02803	0.01142	0.00363	0.00519	0.02543	0.00830	0.00727
145	0.01090	0.00779	0.01038	0.01246	0.01298	0.00727	0.00830	0.01246	0.01713	0.02284	0.04931	0.67975	0.05917	0.02803	0.01142	0.00363	0.00519	0.02543	0.00830	0.00727
146	0.01088	0.00908	0.00948	0.00938	0.01227	0.00768	0.00704	0.01343	0.02111	0.02587	0.16836	0.08330	0.54735	0.02202	0.01057	0.00299	0.00449	0.01849	0.00853	0.00768
147	0.01809	0.01590	0.02084	0.19272	0.03235	0.01412	0.01453	0.02262	0.01837	0.02742	0.01590	0.02001	0.01289	0.00727	0.00727	0.00178	0.00809	0.00603	0.00494	0.53888
148	0.02206	0.02149	0.03766	0.05350	0.58196	0.02137	0.07419	0.02756	0.02043	0.02918	0.01693	0.02231	0.01412	0.00794	0.00900	0.00269	0.01099	0.00818	0.00444	0.01400
149	0.07211	0.09826	0.02942	0.02796	0.15900	0.22965	0.05002	0.05722	0.10409	0.02870	0.02135	0.02332	0.04173	0.00969	0.00827	0.00256	0.01155	0.00763	0.00551	0.01198

[dist]
# distance from previous block
# <min> <max>
0	4

# created by:
# /home/cegg/simao/soft/augustus-3.2.1/scripts/msa2prfl.pl ./align_prep/11815.fa
