[name]
unknown

[dist]
# distance from previous block
# <min> <max>
0	12

[block]
# block no. 0 follows, 21 sequences, length 18
# corresponding to MSA columns:
# 12-29
name=unknown_A
#
# <colnr> <probs for GDERKNQSTAVLIFYWHMCP>
#	G	D	E	R	K	N	Q	S	T	A	V	L	I	F	Y	W	H	M	C	P
0	0.01371	0.00980	0.01371	0.01567	0.01763	0.00980	0.01371	0.01763	0.01959	0.02547	0.04506	0.09599	0.04898	0.02351	0.01175	0.00392	0.00784	0.59056	0.00784	0.00784
1	0.01216	0.00912	0.01368	0.01368	0.01520	0.01064	0.01064	0.01520	0.01368	0.01976	0.02279	0.03343	0.02127	0.06382	0.66720	0.01368	0.02279	0.00912	0.00456	0.00760
2	0.01707	0.04402	0.65683	0.02426	0.03683	0.01976	0.03144	0.02695	0.01797	0.02695	0.01527	0.01797	0.01078	0.00809	0.00809	0.00270	0.01258	0.00629	0.00359	0.01258
3	0.01161	0.00868	0.01077	0.01025	0.01245	0.00784	0.00769	0.01522	0.02306	0.03169	0.52128	0.06758	0.20388	0.01831	0.01004	0.00272	0.00408	0.01595	0.00905	0.00784
4	0.01216	0.00912	0.01368	0.01368	0.01520	0.01064	0.01064	0.01520	0.01368	0.01976	0.02279	0.03343	0.02127	0.06382	0.66720	0.01368	0.02279	0.00912	0.00456	0.00760
5	0.01218	0.00901	0.01315	0.01315	0.01449	0.01035	0.00998	0.01486	0.01352	0.01937	0.02327	0.03609	0.02243	0.13986	0.59274	0.01303	0.02106	0.00951	0.00463	0.00731
6	0.01037	0.00741	0.00987	0.01185	0.01234	0.00691	0.00790	0.01185	0.01629	0.02172	0.04690	0.69537	0.05629	0.02666	0.01086	0.00346	0.00494	0.02419	0.00790	0.00691
7	0.03006	0.16788	0.02803	0.02052	0.02545	0.54563	0.01608	0.03236	0.02281	0.02067	0.01290	0.01502	0.01095	0.00848	0.00725	0.00212	0.01415	0.00530	0.00424	0.01007
8	0.01792	0.03897	0.52490	0.03019	0.16637	0.01986	0.03031	0.02677	0.01827	0.02713	0.01543	0.01862	0.01135	0.00798	0.00816	0.00266	0.01205	0.00656	0.00372	0.01277
9	0.02343	0.02832	0.06738	0.02962	0.12483	0.24137	0.17254	0.02761	0.01983	0.02360	0.01523	0.02099	0.01296	0.04698	0.01318	0.00299	0.10657	0.00767	0.00424	0.01065
10	0.05755	0.16369	0.44644	0.02312	0.06405	0.05466	0.02614	0.02689	0.01804	0.02599	0.01439	0.01698	0.01087	0.00793	0.00745	0.00250	0.01163	0.00591	0.00376	0.01201
11	0.01928	0.04046	0.49067	0.02571	0.03672	0.09725	0.11714	0.02784	0.01902	0.02627	0.01531	0.01840	0.01112	0.00803	0.00833	0.00266	0.01317	0.00675	0.00379	0.01209
12	0.01238	0.00825	0.00928	0.00928	0.00928	0.00825	0.00516	0.01238	0.01238	0.01650	0.02681	0.05569	0.03094	0.70092	0.04331	0.00825	0.00825	0.01238	0.00516	0.00516
13	0.01822	0.03600	0.42594	0.02868	0.03974	0.02043	0.25429	0.02707	0.01877	0.02707	0.01601	0.01987	0.01159	0.00774	0.00883	0.00276	0.01325	0.00772	0.00386	0.01216
14	0.02106	0.02022	0.03454	0.05223	0.64784	0.02022	0.02612	0.02612	0.01938	0.02780	0.01601	0.02106	0.01348	0.00758	0.00842	0.00253	0.01011	0.00758	0.00421	0.01348
15	0.02400	0.02041	0.02641	0.03056	0.25020	0.02216	0.01875	0.18566	0.25803	0.03740	0.02423	0.02497	0.01849	0.00977	0.00854	0.00267	0.00863	0.00838	0.00701	0.01373
16	0.02110	0.01959	0.02958	0.04091	0.44481	0.02053	0.02201	0.03232	0.21831	0.03033	0.02205	0.02453	0.01754	0.00887	0.00850	0.00264	0.00901	0.00824	0.00566	0.01348
17	0.01828	0.03679	0.46792	0.03275	0.22232	0.01990	0.02983	0.02670	0.01840	0.02721	0.01550	0.01891	0.01160	0.00793	0.00819	0.00264	0.01183	0.00668	0.00378	0.01285

[dist]
# distance from previous block
# <min> <max>
0	1

[block]
# block no. 1 follows, 21 sequences, length 49
# corresponding to MSA columns:
# 31-79
name=unknown_B
#
# <colnr> <probs for GDERKNQSTAVLIFYWHMCP>
#	G	D	E	R	K	N	Q	S	T	A	V	L	I	F	Y	W	H	M	C	P
0	0.06686	0.10656	0.06299	0.14098	0.03162	0.37724	0.01812	0.02931	0.02069	0.02221	0.01333	0.01672	0.01093	0.00874	0.00837	0.00239	0.04292	0.00585	0.00417	0.01000
1	0.08941	0.25806	0.32259	0.02300	0.09944	0.02436	0.02315	0.02619	0.01758	0.02581	0.01389	0.01650	0.01099	0.00774	0.00699	0.00238	0.01058	0.00570	0.00384	0.01181
2	0.02086	0.04053	0.44248	0.02691	0.10394	0.16663	0.02743	0.02845	0.01952	0.02566	0.01488	0.01772	0.01113	0.00818	0.00803	0.00256	0.01292	0.00625	0.00384	0.01206
3	0.01028	0.00863	0.00893	0.00886	0.01163	0.00728	0.00664	0.01265	0.01993	0.02426	0.14957	0.07981	0.58023	0.02108	0.01006	0.00285	0.00428	0.01767	0.00807	0.00728
4	0.01858	0.02936	0.27318	0.02898	0.10059	0.02213	0.14112	0.02490	0.01699	0.02508	0.01445	0.01948	0.01161	0.00998	0.01471	0.00303	0.22301	0.00753	0.00384	0.01144
5	0.03235	0.02384	0.02554	0.01958	0.02639	0.02639	0.01618	0.61946	0.04001	0.05363	0.02043	0.02043	0.01447	0.01022	0.00851	0.00255	0.00936	0.00766	0.00851	0.01447
6	0.02791	0.02079	0.02257	0.01722	0.02387	0.02174	0.01411	0.44351	0.03345	0.04628	0.01972	0.02056	0.01454	0.00931	0.00784	0.00222	0.00831	0.00709	0.05738	0.18160
7	0.01035	0.00747	0.00981	0.01169	0.01230	0.00693	0.00783	0.01187	0.01645	0.02179	0.04889	0.66441	0.08597	0.02640	0.01082	0.00343	0.00491	0.02388	0.00790	0.00693
8	0.01019	0.00863	0.00881	0.00876	0.01158	0.00724	0.00657	0.01247	0.01971	0.02374	0.12361	0.08067	0.60652	0.02127	0.01006	0.00286	0.00429	0.01779	0.00800	0.00724
9	0.01037	0.00741	0.00987	0.01185	0.01234	0.00691	0.00790	0.01185	0.01629	0.02172	0.04690	0.69537	0.05629	0.02666	0.01086	0.00346	0.00494	0.02419	0.00790	0.00691
10	0.02080	0.01996	0.03407	0.08483	0.61726	0.02015	0.02599	0.02589	0.01925	0.02749	0.01596	0.02115	0.01337	0.00763	0.00843	0.00254	0.01017	0.00758	0.00419	0.01327
11	0.03185	0.03889	0.02426	0.02169	0.02632	0.60266	0.01642	0.09259	0.02571	0.02411	0.01388	0.01586	0.01131	0.00891	0.00776	0.00223	0.01475	0.00570	0.00480	0.01033
12	0.01675	0.01449	0.02169	0.34004	0.03721	0.01846	0.01819	0.02095	0.01607	0.02365	0.01686	0.02358	0.01367	0.01065	0.01347	0.00290	0.20202	0.00761	0.17268	0.00907
13	0.02020	0.01463	0.01764	0.01492	0.01810	0.04743	0.06278	0.07948	0.04791	0.05918	0.02367	0.02712	0.01847	0.01045	0.00995	0.00244	0.10180	0.00800	0.40614	0.00968
14	0.01141	0.00867	0.01050	0.01004	0.01233	0.00776	0.00753	0.01483	0.02259	0.03058	0.46588	0.06941	0.25998	0.01872	0.01004	0.00274	0.00411	0.01621	0.00890	0.00776
15	0.02920	0.13055	0.02815	0.01969	0.02522	0.17884	0.01627	0.32294	0.02974	0.03701	0.01635	0.01800	0.01273	0.00996	0.01006	0.00249	0.08762	0.00665	0.00625	0.01226
16	0.01791	0.01678	0.08832	0.01505	0.01937	0.01434	0.01308	0.18825	0.02553	0.03464	0.18041	0.19255	0.10064	0.01705	0.00964	0.00289	0.00691	0.03867	0.00793	0.01004
17	0.01875	0.03402	0.39526	0.03602	0.29366	0.01996	0.02920	0.02660	0.01856	0.02731	0.01558	0.01927	0.01191	0.00787	0.00823	0.00262	0.01154	0.00683	0.00385	0.01296
18	0.02106	0.02022	0.03454	0.05223	0.64784	0.02022	0.02612	0.02612	0.01938	0.02780	0.01601	0.02106	0.01348	0.00758	0.00842	0.00253	0.01011	0.00758	0.00421	0.01348
19	0.02078	0.01993	0.03403	0.08758	0.61468	0.02015	0.02598	0.02587	0.01924	0.02746	0.01596	0.02115	0.01336	0.00763	0.00843	0.00254	0.01018	0.00758	0.00419	0.01325
20	0.02245	0.01743	0.02749	0.03833	0.43089	0.01733	0.02037	0.05307	0.02055	0.09813	0.02035	0.02392	0.01593	0.00846	0.00797	0.00244	0.00860	0.00776	0.14596	0.01258
21	0.02077	0.01993	0.03402	0.08859	0.61373	0.02014	0.02597	0.02586	0.01924	0.02745	0.01596	0.02116	0.01336	0.00764	0.00843	0.00255	0.01018	0.00758	0.00419	0.01325
22	0.01095	0.00785	0.01039	0.01146	0.01247	0.00730	0.00794	0.01330	0.01898	0.02600	0.25235	0.47774	0.06456	0.02347	0.01058	0.00319	0.00462	0.02116	0.00841	0.00730
23	0.05553	0.00914	0.01111	0.01049	0.01279	0.00857	0.00791	0.01612	0.02297	0.03304	0.54018	0.06285	0.14328	0.01734	0.00976	0.00270	0.00420	0.01507	0.00895	0.00800
24	0.11875	0.02292	0.13064	0.03994	0.42985	0.01932	0.02372	0.02555	0.01876	0.02940	0.05006	0.02195	0.01617	0.00825	0.00804	0.00258	0.00970	0.00741	0.00454	0.01246
25	0.01849	0.03159	0.33685	0.03075	0.17248	0.02143	0.05736	0.02526	0.01724	0.02565	0.01458	0.01908	0.01159	0.00952	0.01291	0.00291	0.16950	0.00705	0.00380	0.01196
26	0.03179	0.04056	0.02412	0.02192	0.02631	0.66676	0.01644	0.03398	0.02412	0.02083	0.01315	0.01535	0.01096	0.00877	0.00767	0.00219	0.01535	0.00548	0.00438	0.00987
27	0.01319	0.01097	0.01184	0.01135	0.01448	0.01075	0.00871	0.02093	0.16517	0.02805	0.17133	0.06738	0.37279	0.01853	0.00980	0.00289	0.00498	0.03969	0.00834	0.00885
28	0.01216	0.00912	0.01368	0.01368	0.01520	0.01064	0.01064	0.01520	0.01368	0.01976	0.02279	0.03343	0.02127	0.06382	0.66720	0.01368	0.02279	0.00912	0.00456	0.00760
29	0.01707	0.04402	0.65683	0.02426	0.03683	0.01976	0.03144	0.02695	0.01797	0.02695	0.01527	0.01797	0.01078	0.00809	0.00809	0.00270	0.01258	0.00629	0.00359	0.01258
30	0.76103	0.01646	0.01251	0.01119	0.01646	0.01909	0.00922	0.02502	0.01448	0.03818	0.01185	0.01382	0.00922	0.00790	0.00527	0.00263	0.00658	0.00461	0.00527	0.00922
31	0.76103	0.01646	0.01251	0.01119	0.01646	0.01909	0.00922	0.02502	0.01448	0.03818	0.01185	0.01382	0.00922	0.00790	0.00527	0.00263	0.00658	0.00461	0.00527	0.00922
32	0.01216	0.00912	0.01368	0.01368	0.01520	0.01064	0.01064	0.01520	0.01368	0.01976	0.02279	0.03343	0.02127	0.06382	0.66720	0.01368	0.02279	0.00912	0.00456	0.00760
33	0.02306	0.01786	0.01930	0.01708	0.02208	0.02021	0.01336	0.04480	0.56495	0.10423	0.03452	0.03144	0.02543	0.01143	0.00865	0.00286	0.00679	0.00950	0.00887	0.01358
34	0.01006	0.00862	0.00862	0.00862	0.01149	0.00718	0.00647	0.01221	0.01940	0.02299	0.08621	0.08190	0.64438	0.02155	0.01006	0.00287	0.00431	0.01796	0.00790	0.00718
35	0.01478	0.00739	0.01109	0.01109	0.01109	0.00739	0.00739	0.01109	0.01109	0.01478	0.01478	0.02587	0.01478	0.02956	0.03326	0.75240	0.00739	0.00739	0.00370	0.00370
36	0.01707	0.04402	0.65683	0.02426	0.03683	0.01976	0.03144	0.02695	0.01797	0.02695	0.01527	0.01797	0.01078	0.00809	0.00809	0.00270	0.01258	0.00629	0.00359	0.01258
37	0.01586	0.00793	0.00793	0.00793	0.00991	0.00793	0.00595	0.01983	0.01785	0.03173	0.02776	0.03173	0.02181	0.00991	0.00595	0.00198	0.00397	0.00793	0.74817	0.00793
38	0.02117	0.01828	0.01924	0.01732	0.02213	0.02117	0.01347	0.04522	0.63246	0.03560	0.03464	0.03175	0.02598	0.01155	0.00866	0.00289	0.00673	0.00962	0.00866	0.01347
39	0.01478	0.00739	0.01109	0.01109	0.01109	0.00739	0.00739	0.01109	0.01109	0.01478	0.01478	0.02587	0.01478	0.02956	0.03326	0.75240	0.00739	0.00739	0.00370	0.00370
40	0.01926	0.29920	0.42084	0.02052	0.03105	0.02513	0.02494	0.02638	0.01771	0.02428	0.01395	0.01630	0.01083	0.00778	0.00707	0.00236	0.01124	0.00562	0.00361	0.01194
41	0.01371	0.00980	0.01371	0.01567	0.01763	0.00980	0.01371	0.01763	0.01959	0.02547	0.04506	0.09599	0.04898	0.02351	0.01175	0.00392	0.00784	0.59056	0.00784	0.00784
42	0.01037	0.00741	0.00987	0.01185	0.01234	0.00691	0.00790	0.01185	0.01629	0.02172	0.04690	0.69537	0.05629	0.02666	0.01086	0.00346	0.00494	0.02419	0.00790	0.00691
43	0.01904	0.01813	0.03055	0.22876	0.44518	0.01913	0.02433	0.02411	0.01871	0.02581	0.01960	0.02486	0.04742	0.00861	0.00854	0.00263	0.01014	0.00815	0.00429	0.01199
44	0.01238	0.00825	0.00928	0.00928	0.00928	0.00825	0.00516	0.01238	0.01238	0.01650	0.02681	0.05569	0.03094	0.70092	0.04331	0.00825	0.00825	0.01238	0.00516	0.00516
45	0.01129	0.00780	0.00960	0.01067	0.01093	0.00753	0.00664	0.01209	0.01449	0.01932	0.03765	0.40057	0.04460	0.33740	0.02582	0.00567	0.00646	0.01875	0.00664	0.00610
46	0.01672	0.01582	0.02242	0.01979	0.02024	0.02153	0.01627	0.01893	0.01322	0.02027	0.01459	0.02297	0.01414	0.02928	0.21590	0.00665	0.49053	0.00794	0.00397	0.00881
47	0.01817	0.01699	0.02854	0.29131	0.34998	0.01854	0.02318	0.02308	0.01777	0.02441	0.01661	0.02419	0.01400	0.04687	0.04838	0.00359	0.01123	0.00791	0.00411	0.01115
48	0.01734	0.04242	0.61506	0.02613	0.07785	0.01979	0.03108	0.02689	0.01806	0.02701	0.01532	0.01817	0.01096	0.00805	0.00811	0.00268	0.01241	0.00638	0.00363	0.01264

[dist]
# distance from previous block
# <min> <max>
0	1

[block]
# block no. 2 follows, 21 sequences, length 60
# corresponding to MSA columns:
# 81-140
name=unknown_C
#
# <colnr> <probs for GDERKNQSTAVLIFYWHMCP>
#	G	D	E	R	K	N	Q	S	T	A	V	L	I	F	Y	W	H	M	C	P
0	0.01110	0.00848	0.00903	0.00900	0.01066	0.00766	0.00602	0.01248	0.01680	0.02094	0.09104	0.07034	0.36685	0.29632	0.02352	0.00504	0.00589	0.01557	0.00687	0.00641
1	0.02519	0.52658	0.03907	0.01655	0.02305	0.20440	0.01507	0.02777	0.01913	0.02024	0.01219	0.01411	0.01093	0.00768	0.00606	0.00192	0.01079	0.00480	0.00384	0.01064
2	0.01238	0.00825	0.00928	0.00928	0.00928	0.00825	0.00516	0.01238	0.01238	0.01650	0.02681	0.05569	0.03094	0.70092	0.04331	0.00825	0.00825	0.01238	0.00516	0.00516
3	0.02215	0.02325	0.03041	0.18539	0.38996	0.15222	0.02359	0.02676	0.01982	0.02503	0.01523	0.02025	0.01249	0.00803	0.00829	0.00253	0.01146	0.00715	0.00415	0.01185
4	0.03191	0.03699	0.02442	0.02142	0.02633	0.53007	0.01639	0.15896	0.02751	0.02783	0.01471	0.01643	0.01171	0.00908	0.00785	0.00227	0.01407	0.00595	0.00527	0.01085
5	0.01940	0.01775	0.02897	0.04200	0.47015	0.01791	0.02260	0.02526	0.05355	0.02771	0.02363	0.03864	0.02222	0.01141	0.00919	0.00286	0.00941	0.13985	0.00528	0.01220
6	0.02939	0.03696	0.02946	0.02478	0.03003	0.53473	0.13931	0.03261	0.02329	0.02214	0.01399	0.01690	0.01136	0.00844	0.00816	0.00233	0.01514	0.00641	0.00437	0.01020
7	0.01139	0.00867	0.01047	0.01002	0.01231	0.00775	0.00751	0.01479	0.02254	0.03045	0.45952	0.06962	0.26642	0.01877	0.01004	0.00274	0.00411	0.01624	0.00888	0.00775
8	0.01037	0.00741	0.00987	0.01185	0.01234	0.00691	0.00790	0.01185	0.01629	0.02172	0.04690	0.69537	0.05629	0.02666	0.01086	0.00346	0.00494	0.02419	0.00790	0.00691
9	0.01707	0.04402	0.65683	0.02426	0.03683	0.01976	0.03144	0.02695	0.01797	0.02695	0.01527	0.01797	0.01078	0.00809	0.00809	0.00270	0.01258	0.00629	0.00359	0.01258
10	0.01037	0.00741	0.00987	0.01185	0.01234	0.00691	0.00790	0.01185	0.01629	0.02172	0.04690	0.69537	0.05629	0.02666	0.01086	0.00346	0.00494	0.02419	0.00790	0.00691
11	0.76103	0.01646	0.01251	0.01119	0.01646	0.01909	0.00922	0.02502	0.01448	0.03818	0.01185	0.01382	0.00922	0.00790	0.00527	0.00263	0.00658	0.00461	0.00527	0.00922
12	0.01586	0.00793	0.00793	0.00793	0.00991	0.00793	0.00595	0.01983	0.01785	0.03173	0.02776	0.03173	0.02181	0.00991	0.00595	0.00198	0.00397	0.00793	0.74817	0.00793
13	0.48230	0.01570	0.01530	0.01271	0.01849	0.01655	0.01049	0.03136	0.01829	0.27554	0.02023	0.01966	0.01379	0.00892	0.00654	0.00263	0.00684	0.00613	0.00730	0.01125
14	0.01862	0.01862	0.02607	0.02234	0.02234	0.02607	0.01862	0.02048	0.01303	0.02048	0.01117	0.01862	0.01117	0.01489	0.02793	0.00372	0.68535	0.00745	0.00372	0.00931
15	0.76103	0.01646	0.01251	0.01119	0.01646	0.01909	0.00922	0.02502	0.01448	0.03818	0.01185	0.01382	0.00922	0.00790	0.00527	0.00263	0.00658	0.00461	0.00527	0.00922
16	0.01050	0.00746	0.00984	0.01168	0.01214	0.00700	0.00772	0.01188	0.01603	0.02138	0.04557	0.65281	0.05460	0.07152	0.01302	0.00378	0.00516	0.02341	0.00772	0.00680
17	0.01241	0.00918	0.01165	0.01094	0.01313	0.00865	0.00823	0.01735	0.05436	0.03370	0.58788	0.06280	0.10286	0.01729	0.00997	0.00270	0.00416	0.01522	0.00927	0.00826
18	0.76103	0.01646	0.01251	0.01119	0.01646	0.01909	0.00922	0.02502	0.01448	0.03818	0.01185	0.01382	0.00922	0.00790	0.00527	0.00263	0.00658	0.00461	0.00527	0.00922
19	0.01006	0.00862	0.00862	0.00862	0.01149	0.00718	0.00647	0.01221	0.01940	0.02299	0.08621	0.08190	0.64438	0.02155	0.01006	0.00287	0.00431	0.01796	0.00790	0.00718
20	0.02413	0.02485	0.03169	0.04352	0.47236	0.16016	0.02337	0.06729	0.02177	0.02802	0.01569	0.01979	0.01300	0.00801	0.00827	0.00246	0.01119	0.00713	0.00454	0.01277
21	0.02038	0.01062	0.01361	0.01176	0.01548	0.00935	0.00921	0.02377	0.02323	0.23891	0.32651	0.05573	0.17499	0.01595	0.00955	0.00270	0.00515	0.01363	0.00946	0.01001
22	0.01037	0.00741	0.00987	0.01185	0.01234	0.00691	0.00790	0.01185	0.01629	0.02172	0.04690	0.69537	0.05629	0.02666	0.01086	0.00346	0.00494	0.02419	0.00790	0.00691
23	0.01341	0.01201	0.02161	0.01897	0.02189	0.01129	0.18037	0.01672	0.01766	0.02362	0.03836	0.45206	0.04339	0.02088	0.01071	0.00333	0.00785	0.07071	0.00688	0.00828
24	0.02530	0.51815	0.03881	0.01664	0.02310	0.21242	0.01509	0.02788	0.01922	0.02025	0.01220	0.01413	0.01093	0.00770	0.00609	0.00193	0.01086	0.00481	0.00385	0.01062
25	0.02215	0.03465	0.27422	0.03310	0.22938	0.18137	0.05144	0.02845	0.02004	0.02571	0.01506	0.01852	0.01178	0.00806	0.00818	0.00252	0.01256	0.00666	0.00402	0.01214
26	0.55694	0.01590	0.01455	0.01231	0.01794	0.01723	0.01015	0.02966	0.01727	0.21198	0.01798	0.01810	0.01256	0.00864	0.00620	0.00263	0.00677	0.00572	0.00675	0.01070
27	0.03120	0.03547	0.02410	0.02111	0.02605	0.48561	0.01619	0.16108	0.06802	0.02889	0.01615	0.01754	0.01272	0.00927	0.00792	0.00232	0.01348	0.00623	0.00556	0.01110
28	0.01204	0.00870	0.01138	0.01071	0.01271	0.00803	0.00803	0.01606	0.02409	0.03413	0.64335	0.06357	0.08030	0.01740	0.01004	0.00268	0.00401	0.01539	0.00937	0.00803
29	0.01194	0.00869	0.01123	0.01060	0.01265	0.00799	0.00795	0.01586	0.02385	0.03355	0.61448	0.06452	0.10953	0.01761	0.01004	0.00269	0.00403	0.01552	0.00929	0.00799
30	0.01238	0.00825	0.00928	0.00928	0.00928	0.00825	0.00516	0.01238	0.01238	0.01650	0.02681	0.05569	0.03094	0.70092	0.04331	0.00825	0.00825	0.01238	0.00516	0.00516
31	0.02009	0.02296	0.05022	0.03587	0.04448	0.02152	0.61693	0.02726	0.02009	0.02726	0.01722	0.02296	0.01291	0.00717	0.01004	0.00287	0.01435	0.01004	0.00430	0.01148
32	0.01707	0.04402	0.65683	0.02426	0.03683	0.01976	0.03144	0.02695	0.01797	0.02695	0.01527	0.01797	0.01078	0.00809	0.00809	0.00270	0.01258	0.00629	0.00359	0.01258
33	0.01037	0.00741	0.00987	0.01185	0.01234	0.00691	0.00790	0.01185	0.01629	0.02172	0.04690	0.69537	0.05629	0.02666	0.01086	0.00346	0.00494	0.02419	0.00790	0.00691
34	0.03179	0.04056	0.02412	0.02192	0.02631	0.66676	0.01644	0.03398	0.02412	0.02083	0.01315	0.01535	0.01096	0.00877	0.00767	0.00219	0.01535	0.00548	0.00438	0.00987
35	0.02106	0.02022	0.03454	0.05223	0.64784	0.02022	0.02612	0.02612	0.01938	0.02780	0.01601	0.02106	0.01348	0.00758	0.00842	0.00253	0.01011	0.00758	0.00421	0.01348
36	0.01765	0.06929	0.44928	0.13566	0.11107	0.02037	0.02869	0.02592	0.01794	0.02584	0.01516	0.01890	0.01120	0.00806	0.00806	0.00266	0.01191	0.00656	0.00370	0.01208
37	0.01204	0.00870	0.01138	0.01071	0.01271	0.00803	0.00803	0.01606	0.02409	0.03413	0.64335	0.06357	0.08030	0.01740	0.01004	0.00268	0.00401	0.01539	0.00937	0.00803
38	0.01006	0.00862	0.00862	0.00862	0.01149	0.00718	0.00647	0.01221	0.01940	0.02299	0.08621	0.08190	0.64438	0.02155	0.01006	0.00287	0.00431	0.01796	0.00790	0.00718
39	0.03124	0.08067	0.02535	0.02148	0.02604	0.62860	0.01633	0.03347	0.02370	0.02078	0.01307	0.01524	0.01096	0.00868	0.00754	0.00217	0.01497	0.00542	0.00434	0.00993
40	0.02275	0.70604	0.04459	0.01456	0.02184	0.03367	0.01456	0.02548	0.01729	0.02002	0.01183	0.01365	0.01092	0.00728	0.00546	0.00182	0.00910	0.00455	0.00364	0.01092
41	0.01166	0.00862	0.01089	0.01047	0.01252	0.00785	0.00780	0.01527	0.02298	0.03183	0.52964	0.10138	0.16047	0.01851	0.01009	0.00275	0.00411	0.01625	0.00907	0.00785
42	0.01037	0.00741	0.00987	0.01185	0.01234	0.00691	0.00790	0.01185	0.01629	0.02172	0.04690	0.69537	0.05629	0.02666	0.01086	0.00346	0.00494	0.02419	0.00790	0.00691
43	0.01037	0.00741	0.00987	0.01185	0.01234	0.00691	0.00790	0.01185	0.01629	0.02172	0.04690	0.69537	0.05629	0.02666	0.01086	0.00346	0.00494	0.02419	0.00790	0.00691
44	0.01765	0.01513	0.01765	0.01260	0.02017	0.01134	0.01008	0.02143	0.01765	0.02773	0.01513	0.01765	0.01260	0.00630	0.00630	0.00126	0.00630	0.00504	0.00504	0.75295
45	0.03179	0.04056	0.02412	0.02192	0.02631	0.66676	0.01644	0.03398	0.02412	0.02083	0.01315	0.01535	0.01096	0.00877	0.00767	0.00219	0.01535	0.00548	0.00438	0.00987
46	0.01006	0.00862	0.00862	0.00862	0.01149	0.00718	0.00647	0.01221	0.01940	0.02299	0.08621	0.08190	0.64438	0.02155	0.01006	0.00287	0.00431	0.01796	0.00790	0.00718
47	0.02251	0.02235	0.09387	0.20678	0.25297	0.02157	0.02320	0.19257	0.02443	0.03340	0.01695	0.02100	0.01291	0.00862	0.00844	0.00263	0.01048	0.00747	0.00525	0.01260
48	0.01898	0.01803	0.02978	0.07645	0.51242	0.01798	0.02272	0.02358	0.01926	0.02670	0.02765	0.03127	0.11836	0.00995	0.00870	0.00260	0.00921	0.00931	0.00480	0.01223
49	0.03179	0.04056	0.02412	0.02192	0.02631	0.66676	0.01644	0.03398	0.02412	0.02083	0.01315	0.01535	0.01096	0.00877	0.00767	0.00219	0.01535	0.00548	0.00438	0.00987
50	0.01055	0.00754	0.01009	0.01206	0.01264	0.00707	0.00822	0.01217	0.01648	0.02193	0.04680	0.66202	0.05588	0.02649	0.01091	0.00348	0.00510	0.05571	0.00790	0.00696
51	0.02704	0.22429	0.03203	0.02605	0.15222	0.35572	0.01789	0.02997	0.02122	0.02203	0.01336	0.01604	0.01147	0.00811	0.00720	0.00216	0.01251	0.00565	0.00414	0.01090
52	0.01180	0.00996	0.01217	0.01440	0.07823	0.00894	0.00973	0.01451	0.01929	0.02383	0.07062	0.10453	0.45772	0.02065	0.01020	0.00303	0.00550	0.10946	0.00751	0.00793
53	0.02217	0.02232	0.03347	0.04910	0.58365	0.08698	0.02512	0.02693	0.01987	0.02708	0.01571	0.02047	0.01322	0.00771	0.00835	0.00249	0.01065	0.00737	0.00423	0.01311
54	0.01161	0.00844	0.01115	0.01294	0.01396	0.00821	0.00943	0.01469	0.04612	0.02320	0.04592	0.53333	0.05326	0.02526	0.01095	0.00353	0.00565	0.14700	0.00792	0.00742
55	0.02106	0.02022	0.03454	0.05223	0.64784	0.02022	0.02612	0.02612	0.01938	0.02780	0.01601	0.02106	0.01348	0.00758	0.00842	0.00253	0.01011	0.00758	0.00421	0.01348
56	0.01974	0.01887	0.03214	0.21929	0.49116	0.01987	0.02546	0.02495	0.01875	0.02619	0.01577	0.02149	0.01291	0.00783	0.00845	0.00261	0.01044	0.00758	0.00410	0.01241
57	0.02151	0.02263	0.06477	0.04902	0.58008	0.05917	0.02580	0.02663	0.01959	0.02734	0.01580	0.02056	0.01319	0.00768	0.00836	0.00252	0.01055	0.00739	0.00419	0.01322
58	0.02106	0.02022	0.03454	0.05223	0.64784	0.02022	0.02612	0.02612	0.01938	0.02780	0.01601	0.02106	0.01348	0.00758	0.00842	0.00253	0.01011	0.00758	0.00421	0.01348
59	0.01037	0.00741	0.00987	0.01185	0.01234	0.00691	0.00790	0.01185	0.01629	0.02172	0.04690	0.69537	0.05629	0.02666	0.01086	0.00346	0.00494	0.02419	0.00790	0.00691

[dist]
# distance from previous block
# <min> <max>
0	2

[block]
# block no. 3 follows, 21 sequences, length 81
# corresponding to MSA columns:
# 143-223
name=unknown_D
#
# <colnr> <probs for GDERKNQSTAVLIFYWHMCP>
#	G	D	E	R	K	N	Q	S	T	A	V	L	I	F	Y	W	H	M	C	P
0	0.02329	0.02444	0.03238	0.04594	0.51873	0.15452	0.02411	0.02775	0.02036	0.02635	0.01541	0.01988	0.01296	0.00783	0.00827	0.00246	0.01120	0.00715	0.00425	0.01273
1	0.02106	0.02022	0.03454	0.05223	0.64784	0.02022	0.02612	0.02612	0.01938	0.02780	0.01601	0.02106	0.01348	0.00758	0.00842	0.00253	0.01011	0.00758	0.00421	0.01348
2	0.02517	0.02526	0.02730	0.02978	0.20141	0.17840	0.01933	0.13460	0.07743	0.02991	0.01676	0.02002	0.01368	0.01021	0.01233	0.00273	0.15120	0.00724	0.00532	0.01192
3	0.01259	0.00879	0.01205	0.01205	0.01326	0.00980	0.00886	0.01500	0.01379	0.02020	0.02425	0.03853	0.02362	0.20925	0.45212	0.01120	0.01743	0.00977	0.08038	0.00705
4	0.01371	0.00980	0.01371	0.01567	0.01763	0.00980	0.01371	0.01763	0.01959	0.02547	0.04506	0.09599	0.04898	0.02351	0.01175	0.00392	0.00784	0.59056	0.00784	0.00784
5	0.02106	0.02022	0.03454	0.05223	0.64784	0.02022	0.02612	0.02612	0.01938	0.02780	0.01601	0.02106	0.01348	0.00758	0.00842	0.00253	0.01011	0.00758	0.00421	0.01348
6	0.01015	0.00862	0.00875	0.00872	0.01155	0.00722	0.00654	0.01239	0.01962	0.02351	0.11208	0.08105	0.61819	0.02136	0.01006	0.00286	0.00430	0.01784	0.00797	0.00722
7	0.02654	0.02975	0.02588	0.06853	0.09015	0.33622	0.01839	0.09072	0.02216	0.02496	0.01386	0.01774	0.01166	0.01027	0.01279	0.00268	0.17600	0.00654	0.00460	0.01055
8	0.10958	0.03269	0.14290	0.02171	0.05606	0.27765	0.01862	0.14292	0.02470	0.07245	0.01628	0.01781	0.01219	0.00888	0.00774	0.00245	0.01194	0.00625	0.00552	0.01166
9	0.02017	0.16763	0.16031	0.03238	0.21139	0.02265	0.16661	0.02611	0.01873	0.02588	0.01523	0.01915	0.01223	0.00743	0.00799	0.00241	0.01115	0.00713	0.00405	0.06136
10	0.09553	0.28277	0.03001	0.02179	0.14977	0.09781	0.01503	0.02401	0.01835	0.02386	0.02470	0.02744	0.10772	0.03838	0.00857	0.00252	0.00902	0.00764	0.00472	0.01036
11	0.01282	0.00920	0.01018	0.00992	0.01187	0.00859	0.00684	0.01557	0.05032	0.04855	0.10699	0.09524	0.29551	0.25655	0.02151	0.00474	0.00594	0.01525	0.00722	0.00718
12	0.02258	0.02252	0.02903	0.03874	0.39520	0.11010	0.02141	0.03229	0.18316	0.02891	0.02057	0.02311	0.01646	0.00880	0.00838	0.00258	0.00994	0.00783	0.00542	0.01298
13	0.01586	0.00793	0.00793	0.00793	0.00991	0.00793	0.00595	0.01983	0.01785	0.03173	0.02776	0.03173	0.02181	0.00991	0.00595	0.00198	0.00397	0.00793	0.74817	0.00793
14	0.01791	0.01247	0.01457	0.01325	0.01566	0.01348	0.00958	0.08795	0.13442	0.06718	0.02721	0.04086	0.02552	0.31564	0.16018	0.00736	0.01104	0.01040	0.00642	0.00889
15	0.01099	0.00866	0.00991	0.00960	0.01207	0.00758	0.00720	0.01401	0.02159	0.02821	0.34716	0.07331	0.38018	0.01961	0.01005	0.00278	0.00417	0.01676	0.00859	0.00758
16	0.01028	0.00863	0.00893	0.00886	0.01163	0.00728	0.00664	0.01265	0.01992	0.02424	0.14883	0.07984	0.58098	0.02109	0.01006	0.00285	0.00428	0.01767	0.00807	0.00728
17	0.03179	0.04056	0.02412	0.02192	0.02631	0.66676	0.01644	0.03398	0.02412	0.02083	0.01315	0.01535	0.01096	0.00877	0.00767	0.00219	0.01535	0.00548	0.00438	0.00987
18	0.02079	0.01994	0.03405	0.08619	0.61599	0.02015	0.02598	0.02588	0.01925	0.02747	0.01596	0.02115	0.01336	0.00763	0.00843	0.00254	0.01018	0.00758	0.00419	0.01326
19	0.01897	0.01622	0.01987	0.01706	0.08385	0.01324	0.01210	0.06158	0.01931	0.02946	0.01557	0.01818	0.01282	0.00669	0.00666	0.00147	0.00689	0.00547	0.00519	0.62940
20	0.01478	0.00739	0.01109	0.01109	0.01109	0.00739	0.00739	0.01109	0.01109	0.01478	0.01478	0.02587	0.01478	0.02956	0.03326	0.75240	0.00739	0.00739	0.00370	0.00370
21	0.02813	0.06535	0.02652	0.02452	0.08686	0.43129	0.01766	0.06195	0.02232	0.02318	0.01343	0.01665	0.01143	0.00969	0.01108	0.00248	0.12649	0.00609	0.00444	0.01043
22	0.02106	0.02022	0.03454	0.05223	0.64784	0.02022	0.02612	0.02612	0.01938	0.02780	0.01601	0.02106	0.01348	0.00758	0.00842	0.00253	0.01011	0.00758	0.00421	0.01348
23	0.01037	0.00741	0.00987	0.01185	0.01234	0.00691	0.00790	0.01185	0.01629	0.02172	0.04690	0.69537	0.05629	0.02666	0.01086	0.00346	0.00494	0.02419	0.00790	0.00691
24	0.03179	0.04056	0.02412	0.02192	0.02631	0.66676	0.01644	0.03398	0.02412	0.02083	0.01315	0.01535	0.01096	0.00877	0.00767	0.00219	0.01535	0.00548	0.00438	0.00987
25	0.02393	0.02196	0.03216	0.04398	0.48849	0.05298	0.02358	0.14975	0.02389	0.03283	0.01679	0.02065	0.01356	0.00819	0.00841	0.00252	0.01021	0.00750	0.00511	0.01351
26	0.02101	0.02012	0.03333	0.04601	0.51563	0.02045	0.06346	0.02901	0.10973	0.02891	0.01883	0.02276	0.01528	0.00814	0.00857	0.00260	0.00989	0.00805	0.00487	0.01335
27	0.01027	0.00778	0.00949	0.01085	0.01208	0.00700	0.00746	0.01196	0.01725	0.02211	0.05902	0.50626	0.23757	0.02509	0.01061	0.00328	0.00474	0.02227	0.00790	0.00700
28	0.01987	0.02003	0.03717	0.16410	0.37334	0.02033	0.18758	0.02562	0.01913	0.02653	0.01618	0.02188	0.01293	0.00764	0.00888	0.00268	0.01150	0.00825	0.00416	0.01219
29	0.02109	0.01976	0.03093	0.04400	0.50023	0.02044	0.02313	0.03062	0.16401	0.02964	0.02040	0.02358	0.01643	0.00852	0.00848	0.00261	0.00931	0.00806	0.00526	0.01348
30	0.02042	0.02089	0.06671	0.04860	0.57828	0.01959	0.02568	0.02567	0.01931	0.02762	0.01766	0.02527	0.01541	0.00854	0.00860	0.00262	0.01011	0.04153	0.00439	0.01310
31	0.02006	0.03056	0.27319	0.03912	0.35192	0.05479	0.05548	0.02691	0.01912	0.02708	0.01563	0.01966	0.01228	0.00782	0.00833	0.00259	0.01154	0.00709	0.00399	0.01285
32	0.01037	0.00741	0.00987	0.01185	0.01234	0.00691	0.00790	0.01185	0.01629	0.02172	0.04690	0.69537	0.05629	0.02666	0.01086	0.00346	0.00494	0.02419	0.00790	0.00691
33	0.02721	0.03239	0.02439	0.02630	0.13393	0.45516	0.01773	0.03016	0.02261	0.02274	0.01843	0.02841	0.01709	0.01077	0.00842	0.00251	0.01331	0.09339	0.00487	0.01020
34	0.02019	0.01557	0.01749	0.01315	0.01960	0.01367	0.01055	0.13702	0.02201	0.03344	0.01834	0.02062	0.01456	0.00769	0.00667	0.00164	0.00649	0.00605	0.13437	0.48089
35	0.01238	0.00825	0.00928	0.00928	0.00928	0.00825	0.00516	0.01238	0.01238	0.01650	0.02681	0.05569	0.03094	0.70092	0.04331	0.00825	0.00825	0.01238	0.00516	0.00516
36	0.02226	0.63761	0.07405	0.01545	0.02261	0.03259	0.01561	0.02530	0.01710	0.02039	0.01197	0.01412	0.01093	0.00771	0.00675	0.00196	0.04424	0.00479	0.00364	0.01092
37	0.01232	0.00846	0.01032	0.01032	0.01068	0.00881	0.00645	0.01304	0.01268	0.01727	0.02587	0.05044	0.02866	0.55063	0.19050	0.00953	0.01168	0.01161	0.00502	0.00573
38	0.01006	0.00862	0.00862	0.00862	0.01149	0.00718	0.00647	0.01221	0.01940	0.02299	0.08621	0.08190	0.64438	0.02155	0.01006	0.00287	0.00431	0.01796	0.00790	0.00718
39	0.01022	0.00799	0.00927	0.01029	0.01193	0.00704	0.00721	0.01203	0.01780	0.02234	0.06593	0.39841	0.34096	0.02419	0.01047	0.00317	0.00463	0.02118	0.00790	0.00704
40	0.76103	0.01646	0.01251	0.01119	0.01646	0.01909	0.00922	0.02502	0.01448	0.03818	0.01185	0.01382	0.00922	0.00790	0.00527	0.00263	0.00658	0.00461	0.00527	0.00922
41	0.03179	0.04056	0.02412	0.02192	0.02631	0.66676	0.01644	0.03398	0.02412	0.02083	0.01315	0.01535	0.01096	0.00877	0.00767	0.00219	0.01535	0.00548	0.00438	0.00987
42	0.01707	0.04402	0.65683	0.02426	0.03683	0.01976	0.03144	0.02695	0.01797	0.02695	0.01527	0.01797	0.01078	0.00809	0.00809	0.00270	0.01258	0.00629	0.00359	0.01258
43	0.01006	0.00862	0.00862	0.00862	0.01149	0.00718	0.00647	0.01221	0.01940	0.02299	0.08621	0.08190	0.64438	0.02155	0.01006	0.00287	0.00431	0.01796	0.00790	0.00718
44	0.01037	0.00741	0.00987	0.01185	0.01234	0.00691	0.00790	0.01185	0.01629	0.02172	0.04690	0.69537	0.05629	0.02666	0.01086	0.00346	0.00494	0.02419	0.00790	0.00691
45	0.01216	0.00912	0.01368	0.01368	0.01520	0.01064	0.01064	0.01520	0.01368	0.01976	0.02279	0.03343	0.02127	0.06382	0.66720	0.01368	0.02279	0.00912	0.00456	0.00760
46	0.01607	0.01513	0.02552	0.68047	0.05861	0.01891	0.02363	0.02174	0.01702	0.02174	0.01513	0.02269	0.01134	0.00851	0.00851	0.00284	0.01134	0.00756	0.00378	0.00945
47	0.02077	0.01992	0.03402	0.08889	0.61346	0.02014	0.02597	0.02586	0.01924	0.02745	0.01596	0.02116	0.01336	0.00764	0.00843	0.00255	0.01018	0.00758	0.00419	0.01324
48	0.01748	0.04160	0.59350	0.02710	0.09902	0.01981	0.03090	0.02687	0.01811	0.02704	0.01535	0.01828	0.01105	0.00803	0.00812	0.00268	0.01233	0.00642	0.00366	0.01267
49	0.03179	0.04056	0.02412	0.02192	0.02631	0.66676	0.01644	0.03398	0.02412	0.02083	0.01315	0.01535	0.01096	0.00877	0.00767	0.00219	0.01535	0.00548	0.00438	0.00987
50	0.01216	0.00912	0.01368	0.01368	0.01520	0.01064	0.01064	0.01520	0.01368	0.01976	0.02279	0.03343	0.02127	0.06382	0.66720	0.01368	0.02279	0.00912	0.00456	0.00760
51	0.01618	0.01212	0.01595	0.01467	0.01743	0.01351	0.01155	0.13064	0.01900	0.02666	0.02307	0.05969	0.02115	0.04938	0.48291	0.01055	0.01870	0.00933	0.00548	0.04203
52	0.02477	0.02400	0.02673	0.02213	0.02519	0.13428	0.04576	0.19108	0.02281	0.03016	0.01439	0.01878	0.01214	0.01218	0.01821	0.00310	0.35084	0.00730	0.00521	0.01095
53	0.01006	0.00862	0.00862	0.00862	0.01149	0.00718	0.00647	0.01221	0.01940	0.02299	0.08621	0.08190	0.64438	0.02155	0.01006	0.00287	0.00431	0.01796	0.00790	0.00718
54	0.01076	0.00771	0.01023	0.01158	0.01243	0.00718	0.00793	0.01284	0.01813	0.02465	0.18761	0.54632	0.06195	0.02448	0.01067	0.00327	0.00472	0.02212	0.00825	0.00718
55	0.02181	0.02046	0.03394	0.05007	0.60660	0.02063	0.02546	0.06549	0.02075	0.02952	0.01630	0.02102	0.01355	0.00776	0.00843	0.00253	0.01006	0.00759	0.00450	0.01355
56	0.01075	0.00913	0.00933	0.00919	0.01212	0.00796	0.00692	0.01414	0.05137	0.02429	0.11605	0.07824	0.57949	0.02079	0.00998	0.00286	0.00442	0.01738	0.00803	0.00756
57	0.01030	0.00769	0.00958	0.01109	0.01214	0.00698	0.00756	0.01194	0.01703	0.02202	0.05618	0.55065	0.19502	0.02546	0.01067	0.00332	0.00479	0.02272	0.00790	0.00698
58	0.02106	0.02022	0.03454	0.05223	0.64784	0.02022	0.02612	0.02612	0.01938	0.02780	0.01601	0.02106	0.01348	0.00758	0.00842	0.00253	0.01011	0.00758	0.00421	0.01348
59	0.02040	0.02067	0.07334	0.09274	0.25951	0.01944	0.13586	0.11284	0.02188	0.03014	0.02098	0.11295	0.01897	0.01061	0.00907	0.00276	0.01038	0.01024	0.00530	0.01193
60	0.03179	0.04056	0.02412	0.02192	0.02631	0.66676	0.01644	0.03398	0.02412	0.02083	0.01315	0.01535	0.01096	0.00877	0.00767	0.00219	0.01535	0.00548	0.00438	0.00987
61	0.01137	0.00812	0.01103	0.01300	0.01393	0.00778	0.00965	0.01359	0.01728	0.02285	0.04635	0.51540	0.05409	0.02571	0.01113	0.00359	0.00581	0.19425	0.00788	0.00719
62	0.13792	0.01924	0.02916	0.04042	0.45426	0.01958	0.02160	0.05842	0.02020	0.09421	0.01738	0.02071	0.01364	0.00807	0.00795	0.00256	0.00923	0.00723	0.00524	0.01297
63	0.01651	0.01717	0.07824	0.09150	0.19075	0.01477	0.01751	0.02108	0.01723	0.02483	0.02195	0.02717	0.05657	0.02195	0.16737	0.00499	0.01224	0.00793	0.00464	0.18560
64	0.18236	0.10264	0.02377	0.01895	0.02381	0.46841	0.01475	0.03126	0.02143	0.02435	0.01275	0.01486	0.01060	0.00844	0.00695	0.00225	0.01290	0.00521	0.00449	0.00984
65	0.76103	0.01646	0.01251	0.01119	0.01646	0.01909	0.00922	0.02502	0.01448	0.03818	0.01185	0.01382	0.00922	0.00790	0.00527	0.00263	0.00658	0.00461	0.00527	0.00922
66	0.02080	0.01995	0.03407	0.08497	0.61714	0.02015	0.02599	0.02589	0.01925	0.02749	0.01596	0.02115	0.01337	0.00763	0.00843	0.00254	0.01017	0.00758	0.00419	0.01327
67	0.03427	0.01362	0.01850	0.01448	0.02038	0.01184	0.01184	0.03767	0.02432	0.56102	0.12481	0.03414	0.02993	0.01156	0.00878	0.00264	0.00676	0.00958	0.01036	0.01352
68	0.01216	0.00912	0.01368	0.01368	0.01520	0.01064	0.01064	0.01520	0.01368	0.01976	0.02279	0.03343	0.02127	0.06382	0.66720	0.01368	0.02279	0.00912	0.00456	0.00760
69	0.01179	0.00821	0.00925	0.00949	0.00997	0.00793	0.00568	0.01229	0.01389	0.01809	0.03807	0.13513	0.12572	0.51967	0.03451	0.00688	0.00727	0.01461	0.00589	0.00567
70	0.76103	0.01646	0.01251	0.01119	0.01646	0.01909	0.00922	0.02502	0.01448	0.03818	0.01185	0.01382	0.00922	0.00790	0.00527	0.00263	0.00658	0.00461	0.00527	0.00922
71	0.02599	0.02012	0.02155	0.01804	0.02366	0.02267	0.01441	0.25326	0.39024	0.07000	0.02944	0.02752	0.02158	0.01102	0.00860	0.00275	0.00771	0.00886	0.00869	0.01388
72	0.02106	0.02022	0.03454	0.05223	0.64784	0.02022	0.02612	0.02612	0.01938	0.02780	0.01601	0.02106	0.01348	0.00758	0.00842	0.00253	0.01011	0.00758	0.00421	0.01348
73	0.03235	0.02384	0.02554	0.01958	0.02639	0.02639	0.01618	0.61946	0.04001	0.05363	0.02043	0.02043	0.01447	0.01022	0.00851	0.00255	0.00936	0.00766	0.00851	0.01447
74	0.01216	0.00912	0.01368	0.01368	0.01520	0.01064	0.01064	0.01520	0.01368	0.01976	0.02279	0.03343	0.02127	0.06382	0.66720	0.01368	0.02279	0.00912	0.00456	0.00760
75	0.01216	0.00912	0.01368	0.01368	0.01520	0.01064	0.01064	0.01520	0.01368	0.01976	0.02279	0.03343	0.02127	0.06382	0.66720	0.01368	0.02279	0.00912	0.00456	0.00760
76	0.01238	0.00825	0.00928	0.00928	0.00928	0.00825	0.00516	0.01238	0.01238	0.01650	0.02681	0.05569	0.03094	0.70092	0.04331	0.00825	0.00825	0.01238	0.00516	0.00516
77	0.76103	0.01646	0.01251	0.01119	0.01646	0.01909	0.00922	0.02502	0.01448	0.03818	0.01185	0.01382	0.00922	0.00790	0.00527	0.00263	0.00658	0.00461	0.00527	0.00922
78	0.01238	0.00825	0.00928	0.00928	0.00928	0.00825	0.00516	0.01238	0.01238	0.01650	0.02681	0.05569	0.03094	0.70092	0.04331	0.00825	0.00825	0.01238	0.00516	0.00516
79	0.01707	0.04402	0.65683	0.02426	0.03683	0.01976	0.03144	0.02695	0.01797	0.02695	0.01527	0.01797	0.01078	0.00809	0.00809	0.00270	0.01258	0.00629	0.00359	0.01258
80	0.02275	0.70604	0.04459	0.01456	0.02184	0.03367	0.01456	0.02548	0.01729	0.02002	0.01183	0.01365	0.01092	0.00728	0.00546	0.00182	0.00910	0.00455	0.00364	0.01092

[dist]
# distance from previous block
# <min> <max>
0	1

[block]
# block no. 4 follows, 21 sequences, length 45
# corresponding to MSA columns:
# 225-269
name=unknown_E
#
# <colnr> <probs for GDERKNQSTAVLIFYWHMCP>
#	G	D	E	R	K	N	Q	S	T	A	V	L	I	F	Y	W	H	M	C	P
0	0.76103	0.01646	0.01251	0.01119	0.01646	0.01909	0.00922	0.02502	0.01448	0.03818	0.01185	0.01382	0.00922	0.00790	0.00527	0.00263	0.00658	0.00461	0.00527	0.00922
1	0.03266	0.01470	0.01892	0.01517	0.02101	0.01376	0.01230	0.03996	0.14011	0.48183	0.08712	0.03252	0.02718	0.01133	0.00871	0.00269	0.00686	0.00936	0.01007	0.01373
2	0.76103	0.01646	0.01251	0.01119	0.01646	0.01909	0.00922	0.02502	0.01448	0.03818	0.01185	0.01382	0.00922	0.00790	0.00527	0.00263	0.00658	0.00461	0.00527	0.00922
3	0.02931	0.02233	0.02383	0.01897	0.02523	0.02497	0.01544	0.46357	0.20085	0.04874	0.02429	0.02350	0.01760	0.01058	0.00855	0.00264	0.00865	0.00819	0.00855	0.01420
4	0.02647	0.03274	0.02032	0.01867	0.02268	0.50520	0.01400	0.02865	0.02296	0.02136	0.03105	0.03165	0.16611	0.01190	0.00826	0.00236	0.01264	0.00854	0.00525	0.00921
5	0.02967	0.02125	0.02268	0.01769	0.02371	0.02339	0.01451	0.52195	0.03641	0.05007	0.02162	0.02227	0.01567	0.01017	0.00810	0.00246	0.00849	0.00771	0.12880	0.01341
6	0.01238	0.00825	0.00928	0.00928	0.00928	0.00825	0.00516	0.01238	0.01238	0.01650	0.02681	0.05569	0.03094	0.70092	0.04331	0.00825	0.00825	0.01238	0.00516	0.00516
7	0.01104	0.00792	0.01047	0.01139	0.01249	0.00736	0.00795	0.01353	0.01940	0.02667	0.28458	0.44360	0.06585	0.02297	0.01053	0.00315	0.00457	0.02069	0.00848	0.00736
8	0.02168	0.48479	0.12328	0.01641	0.02394	0.02939	0.01666	0.02944	0.13451	0.02393	0.01664	0.01769	0.01377	0.00820	0.00643	0.00214	0.00912	0.00575	0.00459	0.01163
9	0.01216	0.00912	0.01368	0.01368	0.01520	0.01064	0.01064	0.01520	0.01368	0.01976	0.02279	0.03343	0.02127	0.06382	0.66720	0.01368	0.02279	0.00912	0.00456	0.00760
10	0.01156	0.00868	0.01070	0.01020	0.01242	0.00782	0.00765	0.01512	0.02294	0.03140	0.50688	0.06806	0.21846	0.01842	0.01004	0.00272	0.00409	0.01602	0.00901	0.00782
11	0.03179	0.04056	0.02412	0.02192	0.02631	0.66676	0.01644	0.03398	0.02412	0.02083	0.01315	0.01535	0.01096	0.00877	0.00767	0.00219	0.01535	0.00548	0.00438	0.00987
12	0.03072	0.03852	0.02516	0.02496	0.08856	0.60200	0.01741	0.03319	0.02364	0.02153	0.01344	0.01592	0.01121	0.00865	0.00775	0.00223	0.01482	0.00569	0.00437	0.01023
13	0.03179	0.04056	0.02412	0.02192	0.02631	0.66676	0.01644	0.03398	0.02412	0.02083	0.01315	0.01535	0.01096	0.00877	0.00767	0.00219	0.01535	0.00548	0.00438	0.00987
14	0.01944	0.02989	0.28745	0.04086	0.39951	0.02003	0.02828	0.02646	0.01880	0.02746	0.01571	0.01980	0.01238	0.00779	0.00829	0.00260	0.01111	0.00706	0.00396	0.01311
15	0.02130	0.19393	0.03145	0.08986	0.10177	0.10436	0.01874	0.02418	0.01661	0.02142	0.01256	0.01767	0.01138	0.01072	0.01552	0.00283	0.28504	0.00651	0.00385	0.01030
16	0.01216	0.00816	0.00935	0.00956	0.00961	0.00811	0.00545	0.01232	0.01280	0.01707	0.02899	0.12512	0.03369	0.62774	0.03979	0.00773	0.00789	0.01366	0.00545	0.00535
17	0.02653	0.03313	0.05678	0.02435	0.09957	0.44012	0.01732	0.02928	0.02143	0.02177	0.01637	0.06035	0.01523	0.05116	0.01122	0.00278	0.05067	0.00744	0.00455	0.00995
18	0.01188	0.00804	0.00943	0.00991	0.01003	0.00792	0.00583	0.01225	0.01334	0.01778	0.03173	0.21237	0.03715	0.53577	0.03537	0.00708	0.00744	0.01527	0.00583	0.00559
19	0.01513	0.01157	0.01419	0.07053	0.01871	0.01209	0.01046	0.04733	0.13379	0.03334	0.36935	0.05061	0.08605	0.01483	0.00924	0.00267	0.00539	0.01282	0.07255	0.00936
20	0.03818	0.01448	0.01975	0.01514	0.02172	0.01251	0.01251	0.04147	0.02436	0.65373	0.03357	0.02897	0.02107	0.01053	0.00856	0.00263	0.00724	0.00856	0.01053	0.01448
21	0.01750	0.01659	0.02811	0.50020	0.22769	0.01928	0.02435	0.02300	0.01769	0.02348	0.01538	0.02222	0.01196	0.00824	0.00848	0.00275	0.01099	0.00757	0.00391	0.01061
22	0.01080	0.00865	0.00964	0.00940	0.01195	0.00750	0.00705	0.01364	0.02114	0.02713	0.29326	0.07509	0.43475	0.02001	0.01005	0.00280	0.00420	0.01701	0.00845	0.00750
23	0.01136	0.00867	0.01042	0.00998	0.01229	0.00774	0.00749	0.01473	0.02246	0.03026	0.45016	0.06992	0.27589	0.01884	0.01004	0.00274	0.00412	0.01628	0.00886	0.00774
24	0.01948	0.02116	0.04021	0.03026	0.03531	0.02340	0.36906	0.02445	0.01716	0.02445	0.01471	0.02116	0.01219	0.01037	0.01745	0.00322	0.29233	0.00897	0.00406	0.01058
25	0.02194	0.01989	0.01960	0.01765	0.02243	0.06792	0.01369	0.04441	0.58840	0.03453	0.03308	0.03056	0.02489	0.01134	0.00859	0.00284	0.00736	0.00932	0.00835	0.01321
26	0.02829	0.14864	0.02694	0.01942	0.02475	0.33768	0.01551	0.12325	0.14117	0.02847	0.01812	0.01895	0.01435	0.00926	0.00761	0.00232	0.01172	0.00644	0.00569	0.01143
27	0.02311	0.01881	0.02066	0.05811	0.02481	0.02141	0.01442	0.19726	0.38935	0.03864	0.03048	0.07618	0.02415	0.01209	0.00877	0.00283	0.00760	0.01002	0.00827	0.01302
28	0.39809	0.21314	0.08727	0.01467	0.02112	0.09761	0.01375	0.02637	0.01672	0.03003	0.01234	0.01437	0.01005	0.00785	0.00588	0.00236	0.00889	0.00486	0.00455	0.01010
