[name]
unknown

[dist]
# distance from previous block
# <min> <max>
5	7

[block]
# block no. 0 follows, 21 sequences, length 58
# corresponding to MSA columns:
# 7-64
name=unknown_A
#
# <colnr> <probs for GDERKNQSTAVLIFYWHMCP>
#	G	D	E	R	K	N	Q	S	T	A	V	L	I	F	Y	W	H	M	C	P
0	0.02713	0.02565	0.02127	0.01784	0.02300	0.22308	0.01406	0.29833	0.03036	0.03640	0.03302	0.03274	0.15582	0.01233	0.00860	0.00251	0.01010	0.00931	0.00708	0.01138
1	0.02260	0.19977	0.02524	0.01749	0.05584	0.21751	0.01340	0.02633	0.05382	0.05389	0.03528	0.03514	0.18692	0.01208	0.00790	0.00236	0.00953	0.00918	0.00569	0.01003
2	0.05070	0.01196	0.01672	0.02107	0.15711	0.01201	0.01287	0.01721	0.01847	0.02579	0.11156	0.23173	0.16014	0.01845	0.01082	0.00305	0.04474	0.05985	0.00686	0.00890
3	0.02759	0.03196	0.16680	0.02079	0.02795	0.20483	0.01917	0.21727	0.10590	0.06571	0.01968	0.02031	0.01445	0.00951	0.00820	0.00253	0.01134	0.00703	0.00635	0.01261
4	0.02317	0.62218	0.07324	0.01561	0.02293	0.08168	0.01554	0.02621	0.01785	0.02043	0.01210	0.01399	0.01092	0.00743	0.00576	0.00189	0.00975	0.00471	0.00370	0.01092
5	0.02203	0.01524	0.01819	0.01347	0.02063	0.01233	0.01083	0.02727	0.06628	0.15357	0.02032	0.02100	0.01533	0.00755	0.00693	0.00166	0.00652	0.00610	0.00642	0.54833
6	0.01220	0.00828	0.00923	0.00923	0.00945	0.00817	0.00526	0.01236	0.01292	0.01700	0.03138	0.05771	0.07812	0.64867	0.04076	0.00784	0.00795	0.01281	0.00537	0.00531
7	0.03288	0.01974	0.02240	0.01732	0.02369	0.02070	0.01426	0.39549	0.03349	0.23660	0.02504	0.02393	0.01707	0.01029	0.00833	0.00253	0.00830	0.00796	0.06602	0.01397
8	0.02956	0.01258	0.01699	0.01368	0.01875	0.01103	0.01103	0.03309	0.02427	0.44940	0.23467	0.04038	0.04060	0.01280	0.00905	0.00265	0.00618	0.01081	0.01015	0.01235
9	0.03235	0.02384	0.02554	0.01958	0.02639	0.02639	0.01618	0.61946	0.04001	0.05363	0.02043	0.02043	0.01447	0.01022	0.00851	0.00255	0.00936	0.00766	0.00851	0.01447
10	0.02304	0.02081	0.03899	0.02891	0.03518	0.02153	0.36091	0.06132	0.02023	0.11705	0.01838	0.02269	0.01378	0.00957	0.01379	0.00301	0.16479	0.00911	0.00530	0.01159
11	0.01033	0.00863	0.00899	0.00890	0.01166	0.00730	0.00668	0.01273	0.02003	0.02449	0.16141	0.07943	0.56825	0.02099	0.01006	0.00285	0.00427	0.01761	0.00810	0.00730
12	0.01024	0.00868	0.00887	0.00897	0.01180	0.00731	0.00683	0.01248	0.01941	0.02311	0.08416	0.08260	0.61477	0.02165	0.01014	0.00293	0.00449	0.04644	0.00790	0.00722
13	0.76103	0.01646	0.01251	0.01119	0.01646	0.01909	0.00922	0.02502	0.01448	0.03818	0.01185	0.01382	0.00922	0.00790	0.00527	0.00263	0.00658	0.00461	0.00527	0.00922
14	0.02162	0.57360	0.16708	0.01650	0.02484	0.03089	0.01794	0.02578	0.01743	0.02141	0.01252	0.01451	0.01089	0.00744	0.00599	0.00200	0.00980	0.00490	0.00363	0.01125
15	0.02015	0.01929	0.03289	0.16705	0.54015	0.01998	0.02566	0.02532	0.01895	0.02669	0.01585	0.02136	0.01309	0.00775	0.00844	0.00258	0.01034	0.00758	0.00413	0.01274
16	0.01037	0.00741	0.00987	0.01185	0.01234	0.00691	0.00790	0.01185	0.01629	0.02172	0.04690	0.69537	0.05629	0.02666	0.01086	0.00346	0.00494	0.02419	0.00790	0.00691
17	0.01037	0.00741	0.00987	0.01185	0.01234	0.00691	0.00790	0.01185	0.01629	0.02172	0.04690	0.69537	0.05629	0.02666	0.01086	0.00346	0.00494	0.02419	0.00790	0.00691
18	0.01928	0.02139	0.04528	0.16483	0.04730	0.02100	0.49824	0.02616	0.01947	0.02616	0.01680	0.02290	0.01260	0.00744	0.00974	0.00286	0.01375	0.00955	0.00420	0.01107
19	0.76103	0.01646	0.01251	0.01119	0.01646	0.01909	0.00922	0.02502	0.01448	0.03818	0.01185	0.01382	0.00922	0.00790	0.00527	0.00263	0.00658	0.00461	0.00527	0.00922
20	0.01478	0.00739	0.01109	0.01109	0.01109	0.00739	0.00739	0.01109	0.01109	0.01478	0.01478	0.02587	0.01478	0.02956	0.03326	0.75240	0.00739	0.00739	0.00370	0.00370
21	0.02117	0.01828	0.01924	0.01732	0.02213	0.02117	0.01347	0.04522	0.63246	0.03560	0.03464	0.03175	0.02598	0.01155	0.00866	0.00289	0.00673	0.00962	0.00866	0.01347
22	0.01037	0.00741	0.00987	0.01185	0.01234	0.00691	0.00790	0.01185	0.01629	0.02172	0.04690	0.69537	0.05629	0.02666	0.01086	0.00346	0.00494	0.02419	0.00790	0.00691
23	0.01037	0.00741	0.00987	0.01185	0.01234	0.00691	0.00790	0.01185	0.01629	0.02172	0.04690	0.69537	0.05629	0.02666	0.01086	0.00346	0.00494	0.02419	0.00790	0.00691
24	0.03179	0.04056	0.02412	0.02192	0.02631	0.66676	0.01644	0.03398	0.02412	0.02083	0.01315	0.01535	0.01096	0.00877	0.00767	0.00219	0.01535	0.00548	0.00438	0.00987
25	0.02699	0.12638	0.26919	0.01922	0.02824	0.02037	0.02062	0.11857	0.02319	0.23357	0.02148	0.02128	0.01469	0.00908	0.00793	0.00253	0.00987	0.00698	0.00658	0.01324
26	0.02379	0.01721	0.01816	0.01529	0.01999	0.01908	0.01219	0.25597	0.21785	0.04127	0.02711	0.02744	0.02032	0.01054	0.00777	0.00248	0.00688	0.00836	0.23615	0.01215
27	0.01586	0.00793	0.00793	0.00793	0.00991	0.00793	0.00595	0.01983	0.01785	0.03173	0.02776	0.03173	0.02181	0.00991	0.00595	0.00198	0.00397	0.00793	0.74817	0.00793
28	0.01812	0.01789	0.02511	0.02168	0.02179	0.02488	0.01800	0.02007	0.01308	0.02042	0.01207	0.01976	0.01195	0.01866	0.07710	0.00449	0.63439	0.00758	0.00379	0.00918
29	0.01165	0.00906	0.01088	0.01183	0.01418	0.00829	0.00966	0.01452	0.01931	0.02399	0.06638	0.12152	0.35636	0.02267	0.01083	0.00335	0.00586	0.26435	0.00787	0.00745
30	0.01586	0.00793	0.00793	0.00793	0.00991	0.00793	0.00595	0.01983	0.01785	0.03173	0.02776	0.03173	0.02181	0.00991	0.00595	0.00198	0.00397	0.00793	0.74817	0.00793
31	0.02187	0.02284	0.02515	0.03230	0.27592	0.20218	0.01953	0.02576	0.02080	0.02509	0.02413	0.04248	0.02368	0.01282	0.00923	0.00286	0.01091	0.18636	0.00538	0.01071
32	0.01128	0.00867	0.01031	0.00990	0.01224	0.00770	0.00743	0.01457	0.02228	0.02982	0.42804	0.07065	0.29829	0.01900	0.01005	0.00275	0.00413	0.01638	0.00880	0.00770
33	0.02117	0.01828	0.01924	0.01732	0.02213	0.02117	0.01347	0.04522	0.63246	0.03560	0.03464	0.03175	0.02598	0.01155	0.00866	0.00289	0.00673	0.00962	0.00866	0.01347
34	0.01765	0.01513	0.01765	0.01260	0.02017	0.01134	0.01008	0.02143	0.01765	0.02773	0.01513	0.01765	0.01260	0.00630	0.00630	0.00126	0.00630	0.00504	0.00504	0.75295
35	0.01037	0.00741	0.00987	0.01185	0.01234	0.00691	0.00790	0.01185	0.01629	0.02172	0.04690	0.69537	0.05629	0.02666	0.01086	0.00346	0.00494	0.02419	0.00790	0.00691
36	0.01043	0.00864	0.00913	0.00901	0.01172	0.00734	0.00676	0.01293	0.02027	0.02506	0.18993	0.07849	0.53937	0.02078	0.01005	0.00284	0.00426	0.01748	0.00818	0.00734
37	0.02106	0.02022	0.03454	0.05223	0.64784	0.02022	0.02612	0.02612	0.01938	0.02780	0.01601	0.02106	0.01348	0.00758	0.00842	0.00253	0.01011	0.00758	0.00421	0.01348
38	0.02009	0.02296	0.05022	0.03587	0.04448	0.02152	0.61693	0.02726	0.02009	0.02726	0.01722	0.02296	0.01291	0.00717	0.01004	0.00287	0.01435	0.01004	0.00430	0.01148
39	0.02106	0.02022	0.03454	0.05223	0.64784	0.02022	0.02612	0.02612	0.01938	0.02780	0.01601	0.02106	0.01348	0.00758	0.00842	0.00253	0.01011	0.00758	0.00421	0.01348
40	0.06694	0.03657	0.02379	0.02118	0.02564	0.53721	0.01617	0.09329	0.02474	0.02505	0.01374	0.01596	0.01125	0.00918	0.00865	0.00233	0.04748	0.00576	0.00482	0.01028
41	0.02079	0.01994	0.03405	0.08633	0.61586	0.02015	0.02598	0.02588	0.01925	0.02747	0.01596	0.02115	0.01336	0.00763	0.00843	0.00254	0.01018	0.00758	0.00419	0.01326
42	0.01707	0.04402	0.65683	0.02426	0.03683	0.01976	0.03144	0.02695	0.01797	0.02695	0.01527	0.01797	0.01078	0.00809	0.00809	0.00270	0.01258	0.00629	0.00359	0.01258
43	0.01835	0.19373	0.51838	0.02206	0.03344	0.02291	0.02762	0.02662	0.01781	0.02538	0.01449	0.01699	0.01081	0.00790	0.00749	0.00250	0.01179	0.00590	0.00360	0.01220
44	0.01989	0.01959	0.02533	0.52239	0.05088	0.11177	0.02188	0.08176	0.02027	0.02472	0.01536	0.02142	0.01159	0.00871	0.00839	0.00272	0.01172	0.00728	0.00433	0.01000
45	0.01233	0.00845	0.01028	0.01028	0.01062	0.00879	0.00640	0.01301	0.01267	0.01724	0.02590	0.05066	0.02875	0.55685	0.18440	0.00948	0.01154	0.01164	0.00502	0.00571
46	0.01586	0.00793	0.00793	0.00793	0.00991	0.00793	0.00595	0.01983	0.01785	0.03173	0.02776	0.03173	0.02181	0.00991	0.00595	0.00198	0.00397	0.00793	0.74817	0.00793
47	0.03547	0.01388	0.01888	0.01468	0.02079	0.01204	0.01204	0.03884	0.02433	0.58952	0.09677	0.03255	0.02720	0.01124	0.00871	0.00264	0.00691	0.00927	0.01041	0.01381
48	0.01964	0.01858	0.03194	0.25237	0.28336	0.01991	0.10838	0.06986	0.01996	0.02726	0.01661	0.02252	0.01321	0.01122	0.04602	0.00331	0.01179	0.00802	0.00443	0.01161
49	0.01586	0.00793	0.00793	0.00793	0.00991	0.00793	0.00595	0.01983	0.01785	0.03173	0.02776	0.03173	0.02181	0.00991	0.00595	0.00198	0.00397	0.00793	0.74817	0.00793
50	0.02975	0.19105	0.02875	0.02026	0.02530	0.52359	0.01602	0.03206	0.02257	0.02065	0.01286	0.01496	0.01095	0.00843	0.00717	0.00211	0.01393	0.00527	0.00422	0.01010
51	0.01078	0.00780	0.01019	0.01138	0.01239	0.00721	0.00785	0.01293	0.01844	0.02493	0.19995	0.50197	0.09453	0.02404	0.01061	0.00323	0.00467	0.02162	0.00827	0.00721
52	0.01225	0.00877	0.01189	0.01189	0.01279	0.00967	0.00841	0.01405	0.01315	0.01843	0.02443	0.04248	0.02521	0.32293	0.41347	0.01147	0.01688	0.01044	0.00480	0.00661
53	0.01006	0.00862	0.00862	0.00862	0.01149	0.00718	0.00647	0.01221	0.01940	0.02299	0.08621	0.08190	0.64438	0.02155	0.01006	0.00287	0.00431	0.01796	0.00790	0.00718
54	0.01947	0.01772	0.02877	0.07320	0.45540	0.01792	0.02176	0.05598	0.02073	0.02922	0.09685	0.07954	0.02513	0.01050	0.00883	0.00264	0.00896	0.00987	0.00536	0.01214
55	0.01830	0.01495	0.04453	0.01319	0.01777	0.01324	0.01058	0.12543	0.05610	0.05954	0.03809	0.07803	0.16274	0.14385	0.01513	0.00352	0.00705	0.01134	0.00688	0.15974
56	0.01750	0.10990	0.41769	0.13992	0.06814	0.02066	0.02688	0.02534	0.01807	0.02562	0.04276	0.02050	0.01411	0.00846	0.00797	0.00261	0.01147	0.00679	0.00392	0.01168
57	0.02084	0.02672	0.17189	0.03821	0.37410	0.07750	0.02445	0.05533	0.02051	0.02789	0.02120	0.02450	0.06122	0.00901	0.00841	0.00256	0.01066	0.00790	0.00458	0.01252

[dist]
# distance from previous block
# <min> <max>
0	1

[block]
# block no. 1 follows, 21 sequences, length 8
# corresponding to MSA columns:
# 66-73
name=unknown_B
#
# <colnr> <probs for GDERKNQSTAVLIFYWHMCP>
#	G	D	E	R	K	N	Q	S	T	A	V	L	I	F	Y	W	H	M	C	P
0	0.02083	0.07065	0.28726	0.02661	0.11440	0.10305	0.06577	0.03135	0.14287	0.02767	0.01895	0.02094	0.01439	0.00869	0.00819	0.00261	0.01135	0.00720	0.00485	0.01236
1	0.25582	0.02675	0.10126	0.05932	0.02662	0.14504	0.01646	0.21042	0.02481	0.03719	0.01539	0.01724	0.01150	0.00884	0.00729	0.00255	0.01017	0.00612	0.00580	0.01141
2	0.05701	0.28589	0.18633	0.02309	0.10468	0.02634	0.02067	0.02489	0.01672	0.02368	0.01306	0.01665	0.01118	0.00908	0.01099	0.00255	0.14621	0.00594	0.00380	0.01124
3	0.01746	0.03850	0.52583	0.08419	0.07406	0.01980	0.02937	0.02752	0.05432	0.02705	0.01645	0.01939	0.01189	0.00830	0.00818	0.00271	0.01198	0.00668	0.00395	0.01240
4	0.01906	0.09560	0.10070	0.02114	0.07563	0.09480	0.06543	0.02732	0.14426	0.02615	0.03162	0.12522	0.08519	0.01330	0.00881	0.00276	0.00918	0.03708	0.00606	0.01071
5	0.01751	0.07259	0.13083	0.02075	0.10113	0.01640	0.01666	0.05988	0.08558	0.02837	0.06163	0.16680	0.02973	0.01395	0.00883	0.00273	0.00805	0.06303	0.00625	0.08931
6	0.11137	0.06226	0.28019	0.02410	0.10723	0.06062	0.02223	0.06723	0.12784	0.03093	0.01840	0.02008	0.01386	0.00875	0.00777	0.00262	0.01031	0.00679	0.00513	0.01231
7	0.02360	0.06877	0.07744	0.02875	0.18654	0.19759	0.07238	0.09408	0.02285	0.02762	0.02443	0.02661	0.09249	0.00996	0.00837	0.00248	0.01123	0.00827	0.00514	0.01140

[dist]
# distance from previous block
# <min> <max>
4	86

[block]
# block no. 2 follows, 21 sequences, length 37
# corresponding to MSA columns:
# 168-204
name=unknown_C
#
# <colnr> <probs for GDERKNQSTAVLIFYWHMCP>
#	G	D	E	R	K	N	Q	S	T	A	V	L	I	F	Y	W	H	M	C	P
0	0.02406	0.16407	0.02618	0.07173	0.02592	0.21693	0.01497	0.05911	0.15631	0.02680	0.04413	0.02167	0.01747	0.00922	0.00750	0.00226	0.01016	0.00684	0.00559	0.08907
1	0.11434	0.02564	0.18995	0.02178	0.09327	0.11117	0.01874	0.02569	0.01796	0.07692	0.01812	0.02244	0.01455	0.02321	0.18392	0.00553	0.01424	0.00704	0.00482	0.01068
2	0.18397	0.01869	0.02825	0.02854	0.18908	0.01957	0.12518	0.02530	0.01744	0.05817	0.01526	0.01934	0.01232	0.00868	0.01078	0.00263	0.11459	0.00706	0.00479	0.11036
3	0.01979	0.23704	0.23025	0.10147	0.20089	0.02405	0.02396	0.02570	0.01804	0.02449	0.01440	0.01801	0.01162	0.00775	0.00742	0.00240	0.01071	0.00625	0.00380	0.01197
4	0.02447	0.03002	0.15574	0.02377	0.10868	0.20457	0.01921	0.09052	0.02244	0.05517	0.01605	0.01828	0.01243	0.00814	0.00768	0.00219	0.01108	0.00619	0.00504	0.17832
5	0.01940	0.09641	0.22343	0.01761	0.02392	0.11085	0.01768	0.02408	0.01891	0.07503	0.05092	0.14539	0.05352	0.04470	0.03799	0.00337	0.01035	0.01065	0.00559	0.01020
6	0.02107	0.02466	0.14921	0.02082	0.08368	0.11181	0.01689	0.14391	0.02165	0.02820	0.01979	0.02974	0.01807	0.19832	0.07148	0.00496	0.01176	0.00844	0.00527	0.01027
7	0.01860	0.02505	0.19834	0.01793	0.02456	0.07246	0.04169	0.09508	0.10446	0.03031	0.08795	0.04022	0.18164	0.01304	0.00892	0.00271	0.00891	0.01072	0.00653	0.01088
8	0.01735	0.02417	0.21039	0.01830	0.05032	0.07792	0.01681	0.07568	0.01952	0.02563	0.03078	0.14399	0.09257	0.14098	0.01529	0.00380	0.00946	0.01177	0.00563	0.00962
9	0.02407	0.02361	0.07546	0.02656	0.19017	0.14882	0.01779	0.03009	0.07777	0.11843	0.05010	0.02657	0.05253	0.00971	0.00821	0.00241	0.00965	0.00800	0.00605	0.09402
10	0.13570	0.02647	0.07965	0.01906	0.02397	0.25255	0.06401	0.04999	0.02073	0.02655	0.02425	0.11893	0.04662	0.01279	0.00847	0.00273	0.01087	0.06147	0.00554	0.00964
11	0.02690	0.22880	0.03337	0.01930	0.02651	0.02682	0.08163	0.32589	0.02913	0.03846	0.01705	0.01844	0.01308	0.00867	0.00758	0.00226	0.00959	0.00677	0.00629	0.07348
12	0.02082	0.01858	0.01786	0.01409	0.01980	0.10831	0.01089	0.09673	0.02081	0.02904	0.01783	0.02302	0.01538	0.08427	0.01084	0.00239	0.00803	0.00648	0.06618	0.40868
13	0.01022	0.00838	0.00901	0.00938	0.01173	0.00717	0.00684	0.01233	0.01900	0.02329	0.10609	0.20613	0.49616	0.02239	0.01022	0.00298	0.00442	0.01910	0.00798	0.00717
14	0.01803	0.02526	0.22156	0.03569	0.33059	0.01771	0.02466	0.02415	0.01882	0.02679	0.02346	0.06326	0.04429	0.01106	0.00889	0.00280	0.01013	0.07611	0.00477	0.01198
15	0.01226	0.00872	0.01166	0.01166	0.01248	0.00954	0.00812	0.01390	0.01308	0.01826	0.02464	0.04366	0.02572	0.35669	0.38041	0.01118	0.01611	0.01062	0.00483	0.00648
16	0.01017	0.00863	0.00877	0.00874	0.01156	0.00723	0.00655	0.01243	0.01966	0.02360	0.11692	0.08089	0.61329	0.02132	0.01006	0.00286	0.00429	0.01782	0.00798	0.00723
17	0.02106	0.02022	0.03454	0.05223	0.64784	0.02022	0.02612	0.02612	0.01938	0.02780	0.01601	0.02106	0.01348	0.00758	0.00842	0.00253	0.01011	0.00758	0.00421	0.01348
18	0.01707	0.04402	0.65683	0.02426	0.03683	0.01976	0.03144	0.02695	0.01797	0.02695	0.01527	0.01797	0.01078	0.00809	0.00809	0.00270	0.01258	0.00629	0.00359	0.01258
19	0.01006	0.00862	0.00862	0.00862	0.01149	0.00718	0.00647	0.01221	0.01940	0.02299	0.08621	0.08190	0.64438	0.02155	0.01006	0.00287	0.00431	0.01796	0.00790	0.00718
20	0.02106	0.02022	0.03454	0.05223	0.64784	0.02022	0.02612	0.02612	0.01938	0.02780	0.01601	0.02106	0.01348	0.00758	0.00842	0.00253	0.01011	0.00758	0.00421	0.01348
21	0.01069	0.00765	0.01016	0.01163	0.01241	0.00713	0.00792	0.01266	0.01779	0.02411	0.16165	0.57382	0.06090	0.02488	0.01070	0.00331	0.00476	0.02250	0.00818	0.00713
22	0.02138	0.02490	0.04733	0.03433	0.04247	0.09288	0.55052	0.02800	0.02053	0.02655	0.01677	0.02211	0.01270	0.00735	0.00978	0.00279	0.01446	0.00954	0.00431	0.01130
23	0.02773	0.03380	0.02472	0.02205	0.02509	0.46943	0.01711	0.02982	0.02070	0.02072	0.01254	0.01635	0.01103	0.01066	0.01391	0.00266	0.22170	0.00609	0.00418	0.00969
24	0.01905	0.27513	0.44310	0.02087	0.03160	0.02462	0.02555	0.02644	0.01773	0.02453	0.01407	0.01646	0.01083	0.00780	0.00717	0.00239	0.01136	0.00568	0.00361	0.01200
25	0.01707	0.04402	0.65683	0.02426	0.03683	0.01976	0.03144	0.02695	0.01797	0.02695	0.01527	0.01797	0.01078	0.00809	0.00809	0.00270	0.01258	0.00629	0.00359	0.01258
26	0.01238	0.00825	0.00928	0.00928	0.00928	0.00825	0.00516	0.01238	0.01238	0.01650	0.02681	0.05569	0.03094	0.70092	0.04331	0.00825	0.00825	0.01238	0.00516	0.00516
27	0.03179	0.04056	0.02412	0.02192	0.02631	0.66676	0.01644	0.03398	0.02412	0.02083	0.01315	0.01535	0.01096	0.00877	0.00767	0.00219	0.01535	0.00548	0.00438	0.00987
28	0.02037	0.06876	0.38929	0.02690	0.06489	0.12203	0.13517	0.02800	0.01935	0.02577	0.01517	0.01842	0.01133	0.00796	0.00827	0.00260	0.01306	0.00683	0.00388	0.01192
29	0.01014	0.00831	0.00894	0.00946	0.01171	0.00711	0.00684	0.01212	0.01860	0.02266	0.07605	0.24040	0.49244	0.02287	0.01027	0.00302	0.00447	0.01957	0.00790	0.00711
30	0.01037	0.00741	0.00987	0.01185	0.01234	0.00691	0.00790	0.01185	0.01629	0.02172	0.04690	0.69537	0.05629	0.02666	0.01086	0.00346	0.00494	0.02419	0.00790	0.00691
31	0.03033	0.03813	0.02433	0.02197	0.02587	0.59590	0.01668	0.03249	0.02289	0.02079	0.01293	0.01571	0.01099	0.00945	0.00991	0.00236	0.08944	0.00570	0.00431	0.00980
32	0.02038	0.01952	0.03331	0.13794	0.56746	0.02004	0.02578	0.02552	0.01906	0.02698	0.01589	0.02128	0.01319	0.00771	0.00844	0.00257	0.01028	0.00758	0.00415	0.01293
33	0.03016	0.04094	0.09409	0.02218	0.02747	0.59521	0.01810	0.03320	0.02344	0.02150	0.01339	0.01564	0.01094	0.00869	0.00772	0.00225	0.01504	0.00557	0.00430	0.01017
34	0.02750	0.03075	0.02556	0.02784	0.17519	0.36933	0.01793	0.11017	0.02475	0.02716	0.02081	0.02286	0.06386	0.00973	0.00816	0.00238	0.01236	0.00731	0.00519	0.01115
35	0.01006	0.00862	0.00862	0.00862	0.01149	0.00718	0.00647	0.01221	0.01940	0.02299	0.08621	0.08190	0.64438	0.02155	0.01006	0.00287	0.00431	0.01796	0.00790	0.00718
36	0.02254	0.01748	0.01904	0.01754	0.04995	0.01957	0.01313	0.16568	0.34775	0.03842	0.02923	0.02875	0.02201	0.01073	0.00806	0.00261	0.00691	0.00875	0.15928	0.01256

[dist]
# distance from previous block
# <min> <max>
0	1

[block]
# block no. 3 follows, 21 sequences, length 32
# corresponding to MSA columns:
# 206-237
name=unknown_D
#
# <colnr> <probs for GDERKNQSTAVLIFYWHMCP>
#	G	D	E	R	K	N	Q	S	T	A	V	L	I	F	Y	W	H	M	C	P
0	0.02138	0.02123	0.03193	0.12149	0.49916	0.07394	0.02445	0.02712	0.04706	0.02686	0.01650	0.02126	0.01358	0.00797	0.00838	0.00255	0.01054	0.00750	0.00438	0.01271
1	0.07757	0.32063	0.24930	0.01882	0.02730	0.12888	0.02026	0.02731	0.01840	0.02389	0.01323	0.01542	0.01075	0.00784	0.00670	0.00224	0.01110	0.00530	0.00386	0.01119
2	0.01547	0.03529	0.50262	0.02130	0.03100	0.01670	0.02583	0.02335	0.01757	0.02570	0.02281	0.17944	0.02163	0.01251	0.00875	0.00288	0.01076	0.01056	0.00462	0.01123
3	0.01342	0.01115	0.01204	0.01138	0.01455	0.01103	0.00866	0.02172	0.18013	0.02893	0.20558	0.06447	0.34892	0.01796	0.00969	0.00283	0.00487	0.01518	0.00845	0.00902
4	0.19612	0.06018	0.23792	0.03008	0.21733	0.02054	0.06928	0.02619	0.01770	0.02958	0.01467	0.01810	0.01140	0.00778	0.00754	0.00260	0.01037	0.00649	0.00424	0.01189
5	0.02909	0.23954	0.03024	0.01972	0.02497	0.47746	0.01588	0.03144	0.02208	0.02059	0.01276	0.01484	0.01095	0.00832	0.00701	0.00208	0.01348	0.00520	0.00416	0.01018
6	0.01037	0.00741	0.00987	0.01185	0.01234	0.00691	0.00790	0.01185	0.01629	0.02172	0.04690	0.69537	0.05629	0.02666	0.01086	0.00346	0.00494	0.02419	0.00790	0.00691
7	0.01095	0.00791	0.00944	0.01041	0.01120	0.00739	0.00675	0.01209	0.01563	0.02029	0.04798	0.37283	0.16068	0.24194	0.02112	0.00488	0.00588	0.01921	0.00702	0.00640
8	0.01716	0.08758	0.57543	0.02276	0.03434	0.02001	0.02886	0.02619	0.01829	0.02691	0.05312	0.02043	0.01501	0.00859	0.00802	0.00263	0.01182	0.00672	0.00395	0.01219
9	0.01215	0.00909	0.01350	0.01345	0.01501	0.01044	0.01044	0.01526	0.01446	0.02083	0.06930	0.03569	0.02570	0.06035	0.61795	0.01285	0.02139	0.00959	0.00492	0.00763
10	0.02106	0.02022	0.03454	0.05223	0.64784	0.02022	0.02612	0.02612	0.01938	0.02780	0.01601	0.02106	0.01348	0.00758	0.00842	0.00253	0.01011	0.00758	0.00421	0.01348
11	0.02755	0.03286	0.02934	0.03248	0.22274	0.41548	0.06448	0.03101	0.02233	0.02350	0.01435	0.01771	0.01190	0.00828	0.00809	0.00235	0.01363	0.00648	0.00432	0.01112
12	0.01216	0.00912	0.01368	0.01368	0.01520	0.01064	0.01064	0.01520	0.01368	0.01976	0.02279	0.03343	0.02127	0.06382	0.66720	0.01368	0.02279	0.00912	0.00456	0.00760
13	0.01031	0.00857	0.00901	0.00902	0.01168	0.00727	0.00672	0.01266	0.01982	0.02427	0.15123	0.10808	0.54950	0.02129	0.01009	0.00288	0.00430	0.01794	0.00808	0.00727
14	0.02106	0.02022	0.03454	0.05223	0.64784	0.02022	0.02612	0.02612	0.01938	0.02780	0.01601	0.02106	0.01348	0.00758	0.00842	0.00253	0.01011	0.00758	0.00421	0.01348
15	0.01842	0.20182	0.51089	0.02194	0.03326	0.02308	0.02742	0.02660	0.01781	0.02530	0.01445	0.01694	0.01081	0.00789	0.00746	0.00249	0.01175	0.00587	0.00360	0.01218
16	0.01642	0.01548	0.02615	0.63710	0.09929	0.01900	0.02381	0.02205	0.01718	0.02216	0.01519	0.02258	0.01149	0.00844	0.00850	0.00281	0.01126	0.00756	0.00381	0.00973
17	0.01586	0.00793	0.00793	0.00793	0.00991	0.00793	0.00595	0.01983	0.01785	0.03173	0.02776	0.03173	0.02181	0.00991	0.00595	0.00198	0.00397	0.00793	0.74817	0.00793
18	0.76103	0.01646	0.01251	0.01119	0.01646	0.01909	0.00922	0.02502	0.01448	0.03818	0.01185	0.01382	0.00922	0.00790	0.00527	0.00263	0.00658	0.00461	0.00527	0.00922
19	0.01216	0.00912	0.01368	0.01368	0.01520	0.01064	0.01064	0.01520	0.01368	0.01976	0.02279	0.03343	0.02127	0.06382	0.66720	0.01368	0.02279	0.00912	0.00456	0.00760
20	0.02334	0.43037	0.14750	0.01964	0.05878	0.14755	0.01848	0.02734	0.01878	0.02180	0.01290	0.01512	0.01104	0.00771	0.00649	0.00208	0.01092	0.00519	0.00380	0.01115
21	0.01136	0.00826	0.01071	0.01096	0.01252	0.00760	0.00789	0.01441	0.02119	0.02929	0.40958	0.27652	0.10645	0.02076	0.01031	0.00295	0.00434	0.01850	0.00879	0.00760
22	0.58873	0.01599	0.01423	0.01213	0.01771	0.01752	0.01000	0.02894	0.01684	0.18491	0.01703	0.01743	0.01204	0.00853	0.00605	0.00263	0.00674	0.00555	0.00652	0.01047
23	0.01947	0.03419	0.40851	0.02470	0.05915	0.01986	0.08524	0.03139	0.14239	0.06154	0.02036	0.02195	0.01471	0.00880	0.00844	0.00274	0.01120	0.00751	0.00507	0.01278
24	0.01478	0.00739	0.01109	0.01109	0.01109	0.00739	0.00739	0.01109	0.01109	0.01478	0.01478	0.02587	0.01478	0.02956	0.03326	0.75240	0.00739	0.00739	0.00370	0.00370
25	0.01134	0.00810	0.01098	0.01295	0.01387	0.00775	0.00958	0.01352	0.01725	0.02281	0.04637	0.52213	0.05417	0.02575	0.01112	0.00359	0.00578	0.18789	0.00788	0.00718
26	0.02936	0.09171	0.02757	0.02601	0.12517	0.47199	0.01781	0.06752	0.02376	0.02386	0.01394	0.01643	0.01157	0.00854	0.00766	0.00224	0.01363	0.00587	0.00455	0.01081
27	0.02041	0.01503	0.01689	0.01500	0.01860	0.01597	0.01191	0.24593	0.05303	0.03436	0.03592	0.05384	0.09938	0.16789	0.01719	0.00419	0.00805	0.14892	0.00754	0.00994
28	0.07968	0.26264	0.12638	0.02142	0.05520	0.17489	0.07256	0.06882	0.02068	0.02592	0.01392	0.01634	0.01132	0.00800	0.00711	0.00227	0.01141	0.00588	0.00435	0.01120
29	0.06327	0.02147	0.02368	0.13322	0.10606	0.10020	0.01724	0.15389	0.16932	0.06318	0.02142	0.02289	0.01608	0.00947	0.00817	0.00258	0.00952	0.00760	0.00649	0.04426
30	0.08532	0.02396	0.04678	0.02107	0.09601	0.17246	0.01528	0.19288	0.02631	0.03414	0.08367	0.03164	0.11172	0.01161	0.00838	0.00254	0.00954	0.00905	0.00655	0.01109
31	0.06225	0.02118	0.02258	0.02370	0.14098	0.12386	0.01560	0.19167	0.02374	0.03159	0.01875	0.02597	0.01650	0.11554	0.09494	0.00473	0.04192	0.00798	0.00567	0.01085

[dist]
# distance from previous block
# <min> <max>
0	1

[block]
# block no. 4 follows, 21 sequences, length 9
# corresponding to MSA columns:
# 239-247
name=unknown_E
#
# <colnr> <probs for GDERKNQSTAVLIFYWHMCP>
#	G	D	E	R	K	N	Q	S	T	A	V	L	I	F	Y	W	H	M	C	P
0	0.02126	0.12135	0.02965	0.02642	0.14762	0.17661	0.09989	0.02465	0.01945	0.02323	0.02349	0.13561	0.05251	0.01213	0.00962	0.00263	0.04829	0.01031	0.00497	0.01029
1	0.09225	0.02674	0.12097	0.07819	0.16271	0.10750	0.12053	0.13348	0.02300	0.03181	0.01606	0.01950	0.01228	0.00832	0.00827	0.00260	0.01150	0.00726	0.00500	0.01202
2	0.17769	0.06885	0.05454	0.07641	0.15824	0.01716	0.01550	0.02386	0.04334	0.05767	0.13527	0.03298	0.08357	0.01108	0.00797	0.00261	0.00761	0.00913	0.00605	0.01047
3	0.02002	0.07307	0.08619	0.04556	0.11633	0.09833	0.09208	0.05138	0.05109	0.02648	0.04411	0.03603	0.07648	0.01210	0.01038	0.00282	0.06158	0.07983	0.00543	0.01070
4	0.01971	0.08286	0.23363	0.02576	0.09390	0.01930	0.14074	0.02774	0.07593	0.07430	0.02256	0.10480	0.01932	0.01059	0.00873	0.00275	0.01050	0.00973	0.00533	0.01184
5	0.01975	0.13946	0.10138	0.01857	0.06899	0.08478	0.01554	0.07968	0.07278	0.02764	0.03523	0.03981	0.15479	0.01280	0.00835	0.00259	0.00868	0.05873	0.03993	0.01054
6	0.07332	0.02946	0.18712	0.05240	0.02766	0.17891	0.01869	0.12475	0.02293	0.05437	0.02325	0.02521	0.07149	0.01409	0.05679	0.00338	0.01204	0.00765	0.00547	0.01104
7	0.02283	0.08565	0.18436	0.02635	0.10706	0.11005	0.11245	0.13692	0.02346	0.03037	0.02129	0.02358	0.05899	0.00930	0.00838	0.00255	0.01143	0.00789	0.00513	0.01197
8	0.02065	0.01963	0.02753	0.06765	0.23388	0.06828	0.07964	0.07151	0.09233	0.02761	0.02083	0.05705	0.01862	0.09548	0.01432	0.00343	0.05574	0.00926	0.00532	0.01124

[dist]
# distance from previous block
# <min> <max>
9	169

[block]
# block no. 5 follows, 21 sequences, length 82
# corresponding to MSA columns:
# 417-498
name=unknown_F
#
# <colnr> <probs for GDERKNQSTAVLIFYWHMCP>
#	G	D	E	R	K	N	Q	S	T	A	V	L	I	F	Y	W	H	M	C	P
0	0.01192	0.05412	0.01264	0.01216	0.01330	0.00956	0.00846	0.01464	0.05043	0.02203	0.04253	0.56959	0.04987	0.07076	0.01261	0.00365	0.00554	0.02128	0.00747	0.00742
1	0.01870	0.01972	0.06247	0.03786	0.41534	0.05292	0.02090	0.02320	0.01977	0.02662	0.05837	0.03539	0.15045	0.01108	0.00878	0.00260	0.00904	0.00995	0.00520	0.01165
2	0.06483	0.00920	0.00935	0.00939	0.01187	0.00840	0.00691	0.01352	0.01781	0.02310	0.06763	0.07328	0.45079	0.14093	0.01571	0.00388	0.00540	0.05375	0.00722	0.00701
3	0.02845	0.09680	0.02550	0.01820	0.02409	0.06689	0.01496	0.43844	0.03345	0.04373	0.02242	0.10602	0.01922	0.01191	0.00843	0.00257	0.00916	0.00930	0.00763	0.01281
4	0.06836	0.02872	0.26363	0.03729	0.34609	0.02003	0.02632	0.02736	0.05084	0.02858	0.01644	0.02000	0.01285	0.00800	0.00810	0.00262	0.01062	0.00701	0.00429	0.01286
5	0.01705	0.03224	0.39761	0.02581	0.11074	0.01792	0.04820	0.02576	0.05277	0.02711	0.02492	0.03296	0.06002	0.01093	0.00881	0.00285	0.01087	0.07689	0.00478	0.01177
6	0.03105	0.03816	0.02495	0.02398	0.07111	0.58447	0.01713	0.06605	0.02466	0.02316	0.01377	0.01604	0.01134	0.00876	0.00777	0.00224	0.01464	0.00575	0.00460	0.01038
7	0.01709	0.11085	0.01979	0.01526	0.01808	0.12994	0.01221	0.01994	0.01602	0.01998	0.01958	0.02750	0.01802	0.04628	0.45916	0.01001	0.01959	0.00784	0.00440	0.00846
8	0.01266	0.00925	0.01155	0.08284	0.01604	0.00948	0.00848	0.01408	0.01475	0.01911	0.03563	0.06090	0.11001	0.44752	0.03103	0.00639	0.00802	0.09032	0.00572	0.00624
9	0.02198	0.06450	0.01928	0.01476	0.01966	0.13045	0.01162	0.13514	0.02284	0.03082	0.02201	0.10907	0.01995	0.01087	0.00744	0.00212	0.00806	0.00862	0.13980	0.20099
10	0.02145	0.02037	0.02068	0.02096	0.10998	0.13135	0.01434	0.10121	0.10299	0.03053	0.06982	0.03510	0.09751	0.01164	0.00844	0.00242	0.00859	0.04129	0.00651	0.14481
11	0.21761	0.02214	0.02036	0.01695	0.02265	0.09713	0.01363	0.24360	0.15110	0.08173	0.02114	0.02101	0.01549	0.00974	0.00761	0.00261	0.00867	0.00708	0.00736	0.01238
12	0.21673	0.18937	0.12749	0.05734	0.17610	0.02312	0.04857	0.02565	0.01728	0.02821	0.01379	0.01704	0.01118	0.00770	0.00690	0.00244	0.00958	0.00598	0.00424	0.01130
13	0.01828	0.01265	0.01453	0.01339	0.01686	0.01252	0.01049	0.16266	0.02410	0.08228	0.05188	0.20936	0.23266	0.01933	0.00994	0.00303	0.00633	0.08188	0.00826	0.00957
14	0.02029	0.27567	0.03491	0.02011	0.02525	0.07106	0.12718	0.02363	0.01727	0.02202	0.01648	0.07377	0.01574	0.01347	0.04829	0.00316	0.13271	0.00806	0.00430	0.04661
15	0.02035	0.01508	0.01640	0.01385	0.01757	0.01593	0.01059	0.27243	0.02601	0.03421	0.03822	0.04536	0.17220	0.19430	0.06530	0.00490	0.00882	0.01148	0.00722	0.00981
16	0.02995	0.17812	0.02851	0.02019	0.02538	0.48194	0.01603	0.08034	0.02400	0.02336	0.01348	0.01541	0.01124	0.00858	0.00728	0.00214	0.01355	0.00547	0.00457	0.01046
17	0.02023	0.02034	0.05480	0.13831	0.54509	0.02002	0.02596	0.02554	0.01900	0.02693	0.01586	0.02118	0.01309	0.00773	0.00842	0.00258	0.01037	0.00754	0.00413	0.01289
18	0.01216	0.00912	0.01368	0.01368	0.01520	0.01064	0.01064	0.01520	0.01368	0.01976	0.02279	0.03343	0.02127	0.06382	0.66720	0.01368	0.02279	0.00912	0.00456	0.00760
19	0.06823	0.02846	0.02329	0.02338	0.10005	0.30076	0.01625	0.07828	0.21704	0.02970	0.02076	0.02152	0.01618	0.00956	0.00800	0.00250	0.01105	0.00716	0.00607	0.01174
20	0.02375	0.02644	0.03550	0.03998	0.33156	0.19709	0.16698	0.02854	0.02084	0.02577	0.01552	0.01996	0.01265	0.00781	0.00861	0.00252	0.01257	0.00761	0.00428	0.01201
21	0.01102	0.00808	0.01096	0.01207	0.01303	0.00818	0.00852	0.01296	0.01547	0.02091	0.04089	0.40971	0.08416	0.07363	0.22064	0.00691	0.01073	0.01836	0.00670	0.00706
22	0.01756	0.03724	0.49566	0.05754	0.14097	0.01938	0.02944	0.02618	0.01823	0.02680	0.01666	0.02203	0.01290	0.00868	0.00832	0.00272	0.01190	0.03152	0.00389	0.01239
23	0.02125	0.02194	0.06378	0.01694	0.02127	0.17277	0.01406	0.03045	0.18285	0.06472	0.18550	0.04181	0.03743	0.01338	0.00907	0.00275	0.00870	0.07330	0.00745	0.01057
24	0.01853	0.21411	0.49953	0.02176	0.03298	0.02334	0.02711	0.02657	0.01779	0.02517	0.01439	0.01686	0.01082	0.00788	0.00741	0.00247	0.01168	0.00584	0.00361	0.01215
25	0.01151	0.00789	0.00954	0.01039	0.01060	0.00767	0.00634	0.01215	0.01407	0.01875	0.03548	0.33169	0.04187	0.41000	0.02931	0.00618	0.00682	0.01747	0.00634	0.00591
26	0.01328	0.00918	0.01121	0.01193	0.01316	0.00910	0.00861	0.04805	0.01745	0.02358	0.03955	0.26968	0.06844	0.21887	0.01993	0.00476	0.00667	0.13898	0.06048	0.00711
27	0.01086	0.00932	0.00939	0.00925	0.01226	0.00819	0.00697	0.01459	0.06358	0.02390	0.08249	0.07829	0.59981	0.02083	0.00996	0.00287	0.00449	0.01736	0.00796	0.00764
28	0.01037	0.00741	0.00987	0.01185	0.01234	0.00691	0.00790	0.01185	0.01629	0.02172	0.04690	0.69537	0.05629	0.02666	0.01086	0.00346	0.00494	0.02419	0.00790	0.00691
29	0.02947	0.21154	0.02938	0.02003	0.02516	0.50410	0.01596	0.03180	0.02236	0.02062	0.01281	0.01491	0.01095	0.00839	0.00710	0.00210	0.01374	0.00524	0.00419	0.01014
30	0.02158	0.02120	0.03404	0.05077	0.61790	0.05136	0.02565	0.02650	0.01961	0.02747	0.01587	0.02079	0.01336	0.00764	0.00839	0.00251	0.01036	0.00748	0.00422	0.01331
31	0.02694	0.01699	0.01941	0.01658	0.02199	0.01823	0.01314	0.04395	0.42623	0.24524	0.03428	0.03081	0.02431	0.01120	0.00862	0.00280	0.00691	0.00926	0.00929	0.01381
32	0.02106	0.02022	0.03454	0.05223	0.64784	0.02022	0.02612	0.02612	0.01938	0.02780	0.01601	0.02106	0.01348	0.00758	0.00842	0.00253	0.01011	0.00758	0.00421	0.01348
33	0.02424	0.41833	0.03430	0.01593	0.02190	0.14371	0.01424	0.09034	0.02077	0.02456	0.01480	0.01724	0.01274	0.01192	0.05158	0.00279	0.01086	0.00559	0.05344	0.01069
34	0.01999	0.01271	0.01531	0.01349	0.01729	0.01280	0.01050	0.02973	0.20429	0.16021	0.31845	0.04777	0.07283	0.01442	0.00933	0.00274	0.00549	0.01238	0.00934	0.01092
35	0.01141	0.00784	0.00957	0.01052	0.01076	0.00760	0.00648	0.01212	0.01427	0.01903	0.03652	0.36485	0.04319	0.37505	0.02763	0.00593	0.00665	0.01809	0.00648	0.00601
36	0.01221	0.00914	0.01153	0.01275	0.01476	0.00864	0.01044	0.01513	0.01882	0.02384	0.05707	0.13841	0.23603	0.06391	0.01305	0.00381	0.00651	0.32886	0.00770	0.00739
37	0.02161	0.18672	0.09213	0.03383	0.22004	0.07036	0.20396	0.02695	0.01933	0.02522	0.01512	0.01922	0.01230	0.00751	0.00814	0.00245	0.01175	0.00736	0.00407	0.01193
38	0.02106	0.02022	0.03454	0.05223	0.64784	0.02022	0.02612	0.02612	0.01938	0.02780	0.01601	0.02106	0.01348	0.00758	0.00842	0.00253	0.01011	0.00758	0.00421	0.01348
39	0.01037	0.00741	0.00987	0.01185	0.01234	0.00691	0.00790	0.01185	0.01629	0.02172	0.04690	0.69537	0.05629	0.02666	0.01086	0.00346	0.00494	0.02419	0.00790	0.00691
40	0.01941	0.21390	0.46146	0.02162	0.03235	0.06226	0.02620	0.02700	0.01816	0.02480	0.01426	0.01670	0.01083	0.00792	0.00739	0.00244	0.01185	0.00579	0.00365	0.01199
41	0.02082	0.01997	0.03410	0.08311	0.61888	0.02016	0.02600	0.02590	0.01926	0.02750	0.01596	0.02114	0.01337	0.00763	0.00843	0.00254	0.01017	0.00758	0.00419	0.01328
42	0.01218	0.00902	0.01320	0.01320	0.01456	0.01038	0.01005	0.01489	0.01354	0.01940	0.02323	0.03583	0.02232	0.13242	0.60003	0.01309	0.02123	0.00947	0.00462	0.00734
43	0.01981	0.01532	0.01692	0.01466	0.01877	0.01634	0.01148	0.20245	0.16718	0.03782	0.19501	0.09151	0.12672	0.01517	0.00933	0.00277	0.00635	0.01275	0.00864	0.01100
44	0.01924	0.19407	0.33302	0.02520	0.06305	0.02381	0.12839	0.02617	0.01791	0.02496	0.01455	0.01801	0.01134	0.00818	0.00918	0.00258	0.05806	0.00667	0.00377	0.01181
45	0.01523	0.01448	0.02570	0.02528	0.13590	0.01390	0.17760	0.01940	0.01861	0.02512	0.07641	0.15500	0.13790	0.02116	0.09428	0.00429	0.01056	0.01372	0.00592	0.00955
46	0.01037	0.00741	0.00987	0.01185	0.01234	0.00691	0.00790	0.01185	0.01629	0.02172	0.04690	0.69537	0.05629	0.02666	0.01086	0.00346	0.00494	0.02419	0.00790	0.00691
47	0.12023	0.06899	0.02225	0.01700	0.02259	0.10725	0.01380	0.24133	0.12333	0.07879	0.02469	0.02475	0.05108	0.01237	0.03204	0.00295	0.00944	0.00778	0.00720	0.01214
48	0.02253	0.02323	0.02679	0.30810	0.16745	0.17728	0.02135	0.07876	0.04511	0.02609	0.01605	0.02073	0.01253	0.00865	0.00829	0.00259	0.01171	0.00715	0.00462	0.01097
49	0.02393	0.02152	0.01916	0.07091	0.02375	0.16666	0.01357	0.14247	0.17269	0.03348	0.02366	0.02510	0.01809	0.00999	0.00770	0.00243	0.00887	0.00770	0.19725	0.01108
50	0.02586	0.42547	0.06716	0.01764	0.02424	0.23198	0.01607	0.06169	0.02075	0.02251	0.01290	0.01478	0.01113	0.00795	0.00646	0.00202	0.01125	0.00510	0.00415	0.01087
51	0.02535	0.02658	0.01979	0.01729	0.02184	0.30234	0.01335	0.17781	0.02677	0.02991	0.03716	0.03682	0.20383	0.01302	0.00861	0.00249	0.01047	0.00982	0.00651	0.01024
52	0.02101	0.02043	0.03279	0.10512	0.54977	0.04344	0.02507	0.02674	0.04265	0.02731	0.01654	0.02141	0.01368	0.00786	0.00841	0.00256	0.01028	0.00758	0.00435	0.01299
53	0.03055	0.03257	0.02434	0.02089	0.02584	0.38569	0.01627	0.21969	0.07027	0.03222	0.01683	0.01826	0.01312	0.00974	0.00907	0.00244	0.04817	0.00656	0.00595	0.01154
54	0.01903	0.25014	0.42855	0.02192	0.03260	0.02423	0.06138	0.02651	0.01788	0.02480	0.01431	0.01692	0.01095	0.00778	0.00738	0.00243	0.01159	0.00597	0.00365	0.01199
55	0.01707	0.04402	0.65683	0.02426	0.03683	0.01976	0.03144	0.02695	0.01797	0.02695	0.01527	0.01797	0.01078	0.00809	0.00809	0.00270	0.01258	0.00629	0.00359	0.01258
56	0.01569	0.01375	0.01684	0.07453	0.10814	0.07169	0.01342	0.01836	0.01742	0.02221	0.03141	0.17008	0.03425	0.18376	0.01814	0.00444	0.00872	0.16298	0.00603	0.00814
57	0.01707	0.04402	0.65683	0.02426	0.03683	0.01976	0.03144	0.02695	0.01797	0.02695	0.01527	0.01797	0.01078	0.00809	0.00809	0.00270	0.01258	0.00629	0.00359	0.01258
58	0.01680	0.01542	0.01678	0.01552	0.01806	0.12909	0.04736	0.02010	0.01665	0.02244	0.02157	0.02925	0.01900	0.04133	0.39639	0.00897	0.01774	0.00832	0.13091	0.00830
59	0.01276	0.01097	0.01120	0.01073	0.01408	0.01058	0.00817	0.02023	0.16831	0.02605	0.07368	0.06972	0.49417	0.01912	0.00972	0.00288	0.00490	0.01593	0.00809	0.00871
60	0.15545	0.07382	0.02360	0.01928	0.02438	0.41616	0.01506	0.12545	0.02460	0.02897	0.01401	0.01580	0.01122	0.00876	0.00726	0.00230	0.01252	0.00562	0.00515	0.01055
61	0.01987	0.02291	0.08337	0.03689	0.19670	0.02188	0.31548	0.02572	0.01849	0.02616	0.01568	0.02134	0.01260	0.00873	0.01271	0.00292	0.13407	0.00868	0.00413	0.01168
62	0.01104	0.00857	0.01004	0.00986	0.01215	0.00757	0.00733	0.01404	0.02144	0.02828	0.35245	0.11782	0.32900	0.01992	0.01011	0.00282	0.00421	0.01717	0.00861	0.00757
63	0.02432	0.01484	0.02087	0.02301	0.17118	0.01426	0.01458	0.07113	0.04988	0.23148	0.19161	0.03882	0.07200	0.01230	0.00901	0.00264	0.00705	0.01066	0.00831	0.01206
64	0.02468	0.06199	0.02243	0.01980	0.06523	0.17944	0.01456	0.11114	0.22392	0.05853	0.03138	0.03067	0.09688	0.01139	0.00837	0.00257	0.00928	0.00892	0.00699	0.01182
65	0.01203	0.00933	0.01103	0.01049	0.01297	0.00866	0.00790	0.01682	0.06428	0.03063	0.42188	0.06730	0.25856	0.01834	0.00995	0.00275	0.00430	0.01582	0.00885	0.00813
66	0.01177	0.00869	0.01099	0.01041	0.01254	0.00791	0.00781	0.01552	0.02343	0.03256	0.56500	0.06615	0.15962	0.01798	0.01004	0.00270	0.00406	0.01575	0.00916	0.00791
67	0.08260	0.20270	0.18068	0.01818	0.02562	0.06296	0.01808	0.06160	0.20862	0.02971	0.02021	0.02074	0.01557	0.00908	0.00735	0.00249	0.00940	0.00675	0.00560	0.01208
68	0.01074	0.00865	0.00957	0.00934	0.01191	0.00748	0.00700	0.01354	0.02101	0.02682	0.27802	0.07559	0.45018	0.02012	0.01005	0.00281	0.00421	0.01708	0.00841	0.00748
69	0.01037	0.00741	0.00987	0.01185	0.01234	0.00691	0.00790	0.01185	0.01629	0.02172	0.04690	0.69537	0.05629	0.02666	0.01086	0.00346	0.00494	0.02419	0.00790	0.00691
70	0.01707	0.04402	0.65683	0.02426	0.03683	0.01976	0.03144	0.02695	0.01797	0.02695	0.01527	0.01797	0.01078	0.00809	0.00809	0.00270	0.01258	0.00629	0.00359	0.01258
71	0.01948	0.01860	0.03168	0.25144	0.46100	0.01980	0.02533	0.02473	0.01863	0.02588	0.01573	0.02158	0.01280	0.00788	0.00845	0.00263	0.01050	0.00758	0.00408	0.01220
72	0.01059	0.00838	0.00953	0.00979	0.01196	0.00732	0.00713	0.01303	0.01983	0.02531	0.20742	0.20825	0.38798	0.02167	0.01022	0.00295	0.00438	0.01869	0.00824	0.00732
73	0.03179	0.04056	0.02412	0.02192	0.02631	0.66676	0.01644	0.03398	0.02412	0.02083	0.01315	0.01535	0.01096	0.00877	0.00767	0.00219	0.01535	0.00548	0.00438	0.00987
74	0.03041	0.03595	0.02277	0.02056	0.02503	0.55242	0.01552	0.03410	0.06400	0.05998	0.01939	0.02052	0.04369	0.00969	0.00791	0.00230	0.01375	0.00655	0.00521	0.01025
75	0.01037	0.00741	0.00987	0.01185	0.01234	0.00691	0.00790	0.01185	0.01629	0.02172	0.04690	0.69537	0.05629	0.02666	0.01086	0.00346	0.00494	0.02419	0.00790	0.00691
76	0.01997	0.01911	0.03258	0.18928	0.51930	0.01993	0.02558	0.02516	0.01886	0.02648	0.01582	0.02142	0.01301	0.00778	0.00844	0.00259	0.01038	0.00758	0.00412	0.01260
77	0.01948	0.01860	0.03168	0.25144	0.46100	0.01980	0.02533	0.02473	0.01863	0.02588	0.01573	0.02158	0.01280	0.00788	0.00845	0.00263	0.01050	0.00758	0.00408	0.01220
78	0.02567	0.03076	0.02086	0.01935	0.02285	0.46231	0.01463	0.02813	0.02086	0.02049	0.01616	0.02098	0.01418	0.02593	0.21319	0.00577	0.01767	0.00661	0.00444	0.00916
79	0.01579	0.00973	0.01171	0.01080	0.01400	0.00852	0.00841	0.01882	0.02173	0.13657	0.24832	0.06775	0.32640	0.01845	0.00989	0.00283	0.00493	0.04777	0.00881	0.00876
80	0.01438	0.01279	0.01598	0.01487	0.01681	0.01480	0.01207	0.01869	0.06996	0.02439	0.09028	0.05834	0.26639	0.01859	0.01585	0.00328	0.22096	0.09631	0.00673	0.00855
81	0.01471	0.00967	0.01136	0.01047	0.01358	0.00834	0.00788	0.01738	0.02044	0.10643	0.19713	0.11632	0.32159	0.04859	0.01116	0.00299	0.00496	0.01565	0.00828	0.05307

[dist]
# distance from previous block
# <min> <max>
0	2

# created by:
# /home/cegg/simao/soft/augustus-3.2.1/scripts/msa2prfl.pl ./align_prep/11842.fa
