[name]
unknown

[dist]
# distance from previous block
# <min> <max>
0	0

[block]
# block no. 0 follows, 21 sequences, length 68
# corresponding to MSA columns:
# 0-67
name=unknown_A
#
# <colnr> <probs for GDERKNQSTAVLIFYWHMCP>
#	G	D	E	R	K	N	Q	S	T	A	V	L	I	F	Y	W	H	M	C	P
0	0.01371	0.00980	0.01371	0.01567	0.01763	0.00980	0.01371	0.01763	0.01959	0.02547	0.04506	0.09599	0.04898	0.02351	0.01175	0.00392	0.00784	0.59056	0.00784	0.00784
1	0.01586	0.00793	0.00793	0.00793	0.00991	0.00793	0.00595	0.01983	0.01785	0.03173	0.02776	0.03173	0.02181	0.00991	0.00595	0.00198	0.00397	0.00793	0.74817	0.00793
2	0.01736	0.01678	0.02365	0.04652	0.02349	0.05989	0.08002	0.02046	0.01514	0.02174	0.01666	0.02436	0.01508	0.02808	0.21807	0.00644	0.30021	0.00815	0.04893	0.00898
3	0.01216	0.00912	0.01368	0.01368	0.01520	0.01064	0.01064	0.01520	0.01368	0.01976	0.02279	0.03343	0.02127	0.06382	0.66720	0.01368	0.02279	0.00912	0.00456	0.00760
4	0.10862	0.07441	0.41721	0.02600	0.12051	0.05951	0.02614	0.02694	0.01808	0.02767	0.01464	0.01751	0.01100	0.00799	0.00762	0.00258	0.01147	0.00612	0.00393	0.01204
5	0.01944	0.01733	0.01703	0.01538	0.01975	0.05658	0.01191	0.06801	0.39703	0.03232	0.04646	0.04365	0.19126	0.01400	0.00897	0.00282	0.00675	0.01151	0.00819	0.01161
6	0.01735	0.01683	0.02329	0.02024	0.02049	0.02295	0.01662	0.01919	0.01339	0.02034	0.01708	0.02535	0.04871	0.05969	0.06816	0.00458	0.56437	0.00844	0.00410	0.00883
7	0.02129	0.01329	0.01896	0.07643	0.15013	0.01252	0.01391	0.02487	0.02115	0.20972	0.11039	0.04686	0.21727	0.01389	0.00915	0.00271	0.00693	0.01191	0.00772	0.01090
8	0.01006	0.00862	0.00862	0.00862	0.01149	0.00718	0.00647	0.01221	0.01940	0.02299	0.08621	0.08190	0.64438	0.02155	0.01006	0.00287	0.00431	0.01796	0.00790	0.00718
9	0.01807	0.03676	0.48282	0.02353	0.06678	0.01861	0.02673	0.05245	0.01897	0.02833	0.01552	0.01819	0.01141	0.00784	0.00781	0.00243	0.01120	0.00620	0.00410	0.14223
10	0.02117	0.01828	0.01924	0.01732	0.02213	0.02117	0.01347	0.04522	0.63246	0.03560	0.03464	0.03175	0.02598	0.01155	0.00866	0.00289	0.00673	0.00962	0.00866	0.01347
11	0.04877	0.11428	0.56387	0.02266	0.03436	0.02124	0.02869	0.02671	0.01775	0.02667	0.01476	0.01733	0.01073	0.00799	0.00768	0.00260	0.01195	0.00603	0.00367	0.01226
12	0.02033	0.02163	0.06100	0.23218	0.39242	0.07544	0.02481	0.02555	0.01903	0.02539	0.01547	0.02090	0.01251	0.00798	0.00837	0.00260	0.01104	0.00733	0.00407	0.01195
13	0.76103	0.01646	0.01251	0.01119	0.01646	0.01909	0.00922	0.02502	0.01448	0.03818	0.01185	0.01382	0.00922	0.00790	0.00527	0.00263	0.00658	0.00461	0.00527	0.00922
14	0.01909	0.01557	0.01747	0.01456	0.01942	0.04144	0.01136	0.14884	0.02182	0.03051	0.02354	0.14867	0.02271	0.02129	0.12487	0.00420	0.01002	0.00996	0.00622	0.28843
15	0.01069	0.00865	0.00950	0.00928	0.01188	0.00745	0.00696	0.01343	0.02089	0.02653	0.26311	0.07608	0.46528	0.02023	0.01005	0.00281	0.00422	0.01714	0.00837	0.00745
16	0.03182	0.03960	0.02420	0.02179	0.02631	0.63004	0.01643	0.06756	0.02503	0.02271	0.01357	0.01564	0.01116	0.00885	0.00772	0.00221	0.01500	0.00561	0.00462	0.01013
17	0.01204	0.00870	0.01138	0.01071	0.01271	0.00803	0.00803	0.01606	0.02409	0.03413	0.64335	0.06357	0.08030	0.01740	0.01004	0.00268	0.00401	0.01539	0.00937	0.00803
18	0.01216	0.00912	0.01368	0.01368	0.01520	0.01064	0.01064	0.01520	0.01368	0.01976	0.02279	0.03343	0.02127	0.06382	0.66720	0.01368	0.02279	0.00912	0.00456	0.00760
19	0.01238	0.00825	0.00928	0.00928	0.00928	0.00825	0.00516	0.01238	0.01238	0.01650	0.02681	0.05569	0.03094	0.70092	0.04331	0.00825	0.00825	0.01238	0.00516	0.00516
20	0.01707	0.04402	0.65683	0.02426	0.03683	0.01976	0.03144	0.02695	0.01797	0.02695	0.01527	0.01797	0.01078	0.00809	0.00809	0.00270	0.01258	0.00629	0.00359	0.01258
21	0.02075	0.02012	0.03498	0.08309	0.58342	0.02023	0.05987	0.02596	0.01930	0.02746	0.01603	0.02125	0.01334	0.00761	0.00852	0.00256	0.01042	0.00772	0.00420	0.01316
22	0.02009	0.02296	0.05022	0.03587	0.04448	0.02152	0.61693	0.02726	0.02009	0.02726	0.01722	0.02296	0.01291	0.00717	0.01004	0.00287	0.01435	0.01004	0.00430	0.01148
23	0.02813	0.02160	0.02518	0.16464	0.03323	0.02445	0.01766	0.45522	0.06893	0.04559	0.02008	0.02158	0.01444	0.00992	0.00852	0.00263	0.00965	0.00775	0.00748	0.01331
24	0.01938	0.01851	0.03151	0.26353	0.44967	0.01978	0.02528	0.02465	0.01858	0.02576	0.01571	0.02161	0.01276	0.00789	0.00845	0.00263	0.01053	0.00758	0.00407	0.01213
25	0.01049	0.00746	0.00984	0.01169	0.01215	0.00700	0.00773	0.01188	0.01605	0.02139	0.04564	0.65503	0.05469	0.06918	0.01291	0.00376	0.00515	0.02345	0.00773	0.00680
26	0.01217	0.00907	0.01343	0.01343	0.01486	0.01050	0.01033	0.01504	0.01360	0.01957	0.02302	0.03469	0.02182	0.09975	0.63202	0.01337	0.02197	0.00930	0.00459	0.00746
27	0.01586	0.00793	0.00793	0.00793	0.00991	0.00793	0.00595	0.01983	0.01785	0.03173	0.02776	0.03173	0.02181	0.00991	0.00595	0.00198	0.00397	0.00793	0.74817	0.00793
28	0.01037	0.00741	0.00987	0.01185	0.01234	0.00691	0.00790	0.01185	0.01629	0.02172	0.04690	0.69537	0.05629	0.02666	0.01086	0.00346	0.00494	0.02419	0.00790	0.00691
29	0.01152	0.00829	0.01090	0.01107	0.01260	0.00768	0.00799	0.01473	0.02163	0.03021	0.45505	0.26303	0.07272	0.02032	0.01030	0.00292	0.00431	0.01817	0.00890	0.00768
30	0.01862	0.01862	0.02607	0.02234	0.02234	0.02607	0.01862	0.02048	0.01303	0.02048	0.01117	0.01862	0.01117	0.01489	0.02793	0.00372	0.68535	0.00745	0.00372	0.00931
31	0.02117	0.01828	0.01924	0.01732	0.02213	0.02117	0.01347	0.04522	0.63246	0.03560	0.03464	0.03175	0.02598	0.01155	0.00866	0.00289	0.00673	0.00962	0.00866	0.01347
32	0.02760	0.01538	0.01819	0.01527	0.02066	0.01552	0.01219	0.03953	0.28060	0.31654	0.04037	0.03653	0.09836	0.01229	0.00878	0.00277	0.00667	0.01014	0.00942	0.01317
33	0.03179	0.04056	0.02412	0.02192	0.02631	0.66676	0.01644	0.03398	0.02412	0.02083	0.01315	0.01535	0.01096	0.00877	0.00767	0.00219	0.01535	0.00548	0.00438	0.00987
34	0.03179	0.04056	0.02412	0.02192	0.02631	0.66676	0.01644	0.03398	0.02412	0.02083	0.01315	0.01535	0.01096	0.00877	0.00767	0.00219	0.01535	0.00548	0.00438	0.00987
35	0.01006	0.00862	0.00862	0.00862	0.01149	0.00718	0.00647	0.01221	0.01940	0.02299	0.08621	0.08190	0.64438	0.02155	0.01006	0.00287	0.00431	0.01796	0.00790	0.00718
36	0.01037	0.00741	0.00987	0.01185	0.01234	0.00691	0.00790	0.01185	0.01629	0.02172	0.04690	0.69537	0.05629	0.02666	0.01086	0.00346	0.00494	0.02419	0.00790	0.00691
37	0.02009	0.02296	0.05022	0.03587	0.04448	0.02152	0.61693	0.02726	0.02009	0.02726	0.01722	0.02296	0.01291	0.00717	0.01004	0.00287	0.01435	0.01004	0.00430	0.01148
38	0.07818	0.04793	0.02054	0.01489	0.02143	0.01390	0.01242	0.03977	0.02346	0.58849	0.03130	0.02737	0.01991	0.01023	0.00822	0.00259	0.00729	0.00814	0.00990	0.01401
39	0.01862	0.01862	0.02607	0.02234	0.02234	0.02607	0.01862	0.02048	0.01303	0.02048	0.01117	0.01862	0.01117	0.01489	0.02793	0.00372	0.68535	0.00745	0.00372	0.00931
40	0.01187	0.00868	0.01118	0.01085	0.01285	0.00799	0.00819	0.01558	0.02302	0.03203	0.53097	0.10134	0.12585	0.01859	0.01018	0.00280	0.00429	0.04676	0.00908	0.00789
41	0.01218	0.00902	0.01320	0.01320	0.01456	0.01038	0.01005	0.01489	0.01354	0.01940	0.02323	0.03583	0.02232	0.13255	0.59990	0.01309	0.02123	0.00947	0.00462	0.00733
42	0.02805	0.02142	0.02309	0.01860	0.02454	0.02400	0.01509	0.42454	0.20197	0.04661	0.02450	0.02434	0.01806	0.01381	0.04824	0.00332	0.00945	0.00829	0.00832	0.01378
43	0.01649	0.01362	0.01581	0.01187	0.01778	0.01066	0.00900	0.01944	0.01649	0.02526	0.01769	0.02600	0.01663	0.15890	0.01443	0.00280	0.00673	0.00665	0.00507	0.58867
44	0.02558	0.34132	0.03735	0.02202	0.06159	0.25974	0.09176	0.02881	0.02022	0.02166	0.01322	0.01585	0.01133	0.00782	0.00700	0.00213	0.01207	0.00575	0.00402	0.01075
45	0.02275	0.70604	0.04459	0.01456	0.02184	0.03367	0.01456	0.02548	0.01729	0.02002	0.01183	0.01365	0.01092	0.00728	0.00546	0.00182	0.00910	0.00455	0.00364	0.01092
46	0.01238	0.00825	0.00928	0.00928	0.00928	0.00825	0.00516	0.01238	0.01238	0.01650	0.02681	0.05569	0.03094	0.70092	0.04331	0.00825	0.00825	0.01238	0.00516	0.00516
47	0.01937	0.01847	0.03112	0.17947	0.48770	0.01916	0.02442	0.02438	0.01889	0.02626	0.02005	0.02506	0.05105	0.00862	0.00854	0.00261	0.01002	0.00820	0.00435	0.01227
48	0.01995	0.23220	0.30938	0.02440	0.09714	0.05995	0.05931	0.02636	0.01867	0.02501	0.04245	0.01923	0.01436	0.00820	0.00754	0.00240	0.01117	0.00651	0.00402	0.01177
49	0.02037	0.01022	0.01298	0.01163	0.01438	0.00987	0.00866	0.02279	0.01752	0.20677	0.03148	0.04050	0.05903	0.20636	0.15356	0.00631	0.00998	0.01011	0.13849	0.00900
50	0.01707	0.04402	0.65683	0.02426	0.03683	0.01976	0.03144	0.02695	0.01797	0.02695	0.01527	0.01797	0.01078	0.00809	0.00809	0.00270	0.01258	0.00629	0.00359	0.01258
51	0.02572	0.02238	0.02077	0.01755	0.02222	0.15327	0.01394	0.30057	0.02863	0.03660	0.02320	0.02600	0.04754	0.02225	0.15298	0.00491	0.01299	0.00807	0.04918	0.01127
52	0.02220	0.02377	0.02466	0.05860	0.24209	0.22098	0.01865	0.02716	0.05946	0.02507	0.02671	0.03592	0.07635	0.01172	0.00882	0.00268	0.01075	0.08822	0.00537	0.01081
53	0.01084	0.00790	0.00944	0.01045	0.01133	0.00733	0.00684	0.01207	0.01592	0.02059	0.05012	0.38803	0.17865	0.20744	0.01944	0.00462	0.00569	0.01964	0.00716	0.00650
54	0.02368	0.50205	0.08933	0.01687	0.02385	0.10560	0.01643	0.05982	0.01921	0.02259	0.01271	0.01483	0.01113	0.00807	0.00724	0.00207	0.04435	0.00512	0.00400	0.01105
55	0.02157	0.01921	0.01900	0.01690	0.02046	0.13874	0.01330	0.18959	0.02309	0.02954	0.02031	0.02635	0.01741	0.03829	0.35666	0.00837	0.01759	0.00802	0.00564	0.00997
56	0.05497	0.10094	0.02108	0.01514	0.01992	0.01890	0.01210	0.12831	0.18332	0.14933	0.02832	0.08560	0.02384	0.10505	0.01296	0.00342	0.00760	0.00987	0.00769	0.01166
57	0.02759	0.06391	0.02502	0.02376	0.12757	0.22392	0.01619	0.09765	0.08946	0.11452	0.02018	0.02223	0.01571	0.03772	0.00939	0.00260	0.01055	0.00715	0.00615	0.05873
58	0.01136	0.04742	0.01182	0.01083	0.01272	0.00875	0.00790	0.01369	0.01902	0.02483	0.19302	0.33838	0.22553	0.02200	0.01014	0.00302	0.00478	0.01930	0.00800	0.00747
59	0.23642	0.02719	0.19530	0.01722	0.02331	0.15049	0.01666	0.02452	0.01785	0.02782	0.02078	0.16503	0.02036	0.01225	0.00778	0.00274	0.00972	0.00956	0.00519	0.00979
60	0.01880	0.05228	0.15987	0.02092	0.09039	0.09507	0.01738	0.05251	0.11497	0.02787	0.07118	0.10505	0.11208	0.01320	0.00877	0.00271	0.00893	0.01098	0.00619	0.01084
61	0.17554	0.03023	0.02363	0.02025	0.02516	0.37091	0.07899	0.06033	0.04695	0.02703	0.01535	0.01907	0.01274	0.04762	0.00954	0.00274	0.01242	0.00647	0.00498	0.01003
62	0.01848	0.02756	0.27030	0.02300	0.09433	0.01906	0.02124	0.03267	0.25931	0.03071	0.06571	0.02943	0.04968	0.01057	0.00856	0.00276	0.00911	0.00883	0.00620	0.01250
63	0.11195	0.01499	0.07173	0.01408	0.01759	0.01316	0.01153	0.11723	0.02003	0.02963	0.03276	0.37228	0.03602	0.05496	0.01105	0.00330	0.00681	0.01589	0.00701	0.03798
64	0.02667	0.16847	0.02852	0.02219	0.09643	0.24236	0.01621	0.16384	0.02580	0.03044	0.08286	0.02203	0.01953	0.00959	0.00775	0.00229	0.01085	0.00710	0.00570	0.01137
65	0.12026	0.19703	0.16685	0.05424	0.02775	0.17981	0.01882	0.06080	0.01975	0.02613	0.01353	0.01617	0.01091	0.00854	0.00811	0.00241	0.04806	0.00566	0.00431	0.01084
66	0.02820	0.24955	0.03223	0.02048	0.02604	0.42620	0.05372	0.03087	0.02171	0.02098	0.01299	0.01529	0.01107	0.00820	0.00712	0.00212	0.01331	0.00547	0.00414	0.01030
67	0.07124	0.03124	0.09061	0.02419	0.02926	0.30043	0.13095	0.02850	0.01971	0.02366	0.01361	0.01766	0.01125	0.00969	0.01246	0.00273	0.16153	0.00680	0.00420	0.01027

[dist]
# distance from previous block
# <min> <max>
3	24

[block]
# block no. 1 follows, 21 sequences, length 64
# corresponding to MSA columns:
# 92-155
name=unknown_B
#
# <colnr> <probs for GDERKNQSTAVLIFYWHMCP>
#	G	D	E	R	K	N	Q	S	T	A	V	L	I	F	Y	W	H	M	C	P
0	0.02018	0.02154	0.07839	0.16305	0.11426	0.05997	0.06885	0.09143	0.01983	0.02698	0.01716	0.06485	0.01503	0.01094	0.01279	0.00288	0.15622	0.00852	0.00476	0.04237
1	0.18031	0.06892	0.10198	0.01812	0.02458	0.15860	0.01615	0.22843	0.02632	0.03703	0.05047	0.01965	0.01561	0.00938	0.00751	0.00247	0.01014	0.00663	0.00610	0.01160
2	0.07257	0.08512	0.06605	0.01878	0.02477	0.25837	0.01582	0.19332	0.02670	0.08792	0.02138	0.02195	0.05116	0.00988	0.00783	0.00240	0.01109	0.00704	0.00623	0.01162
3	0.02475	0.02349	0.05343	0.12452	0.22809	0.12483	0.02030	0.14017	0.04988	0.06586	0.01854	0.02152	0.01418	0.00887	0.00822	0.00252	0.01051	0.00736	0.04070	0.01226
4	0.01909	0.02206	0.11025	0.03045	0.16131	0.01980	0.18463	0.02902	0.15056	0.02787	0.02089	0.02494	0.01655	0.01578	0.09233	0.00417	0.04457	0.00872	0.00514	0.01188
5	0.02432	0.02162	0.01963	0.01705	0.02127	0.15731	0.01305	0.26181	0.02741	0.03443	0.02630	0.20963	0.02613	0.04867	0.01060	0.00294	0.00920	0.01191	0.00710	0.04961
6	0.05293	0.01693	0.01733	0.01523	0.01886	0.09649	0.01190	0.05250	0.08279	0.13572	0.10018	0.04046	0.05959	0.09934	0.01479	0.00345	0.06845	0.05686	0.00720	0.04900
7	0.02088	0.48261	0.17438	0.06011	0.02748	0.02932	0.01900	0.02529	0.01720	0.02165	0.01275	0.01543	0.01093	0.00793	0.00740	0.00217	0.04544	0.00527	0.00364	0.01110
8	0.04375	0.01361	0.09484	0.01335	0.01649	0.01023	0.01154	0.01741	0.04629	0.02758	0.21532	0.29151	0.09250	0.01961	0.00993	0.00306	0.00594	0.05092	0.00768	0.00843
9	0.02301	0.02509	0.02799	0.22306	0.25435	0.22411	0.02181	0.02815	0.04623	0.02418	0.01564	0.02018	0.01260	0.00839	0.00822	0.00253	0.01198	0.00700	0.00433	0.01117
10	0.05660	0.02247	0.11122	0.09962	0.02671	0.12805	0.01595	0.02795	0.09111	0.11241	0.03479	0.03517	0.14815	0.01417	0.03617	0.00314	0.00989	0.00951	0.00633	0.01058
11	0.02265	0.02891	0.14474	0.04064	0.40343	0.15953	0.02499	0.02796	0.02014	0.02614	0.01526	0.01927	0.01245	0.00793	0.00820	0.00249	0.01168	0.00690	0.00414	0.01254
12	0.01884	0.30551	0.22611	0.01679	0.02457	0.06553	0.01820	0.02364	0.01841	0.02287	0.02903	0.02982	0.14745	0.01071	0.00742	0.00234	0.00956	0.00804	0.00459	0.01056
13	0.05375	0.02544	0.20317	0.02875	0.20658	0.01931	0.02191	0.06726	0.09241	0.08936	0.02379	0.02542	0.05297	0.00985	0.00926	0.00271	0.04170	0.00805	0.00569	0.01262
14	0.01401	0.01105	0.01231	0.01289	0.01461	0.03850	0.00914	0.08829	0.01994	0.02579	0.04659	0.51193	0.11584	0.02325	0.01034	0.00322	0.00588	0.02061	0.00782	0.00801
15	0.02939	0.02991	0.02633	0.06472	0.12506	0.29877	0.01828	0.24141	0.02864	0.03370	0.01632	0.01849	0.01263	0.00909	0.00814	0.00241	0.01216	0.00671	0.00580	0.01205
16	0.01710	0.01557	0.01434	0.01387	0.01591	0.15131	0.01037	0.01978	0.01655	0.02183	0.02211	0.03183	0.02029	0.11689	0.32860	0.00839	0.01598	0.00850	0.14291	0.00786
17	0.02449	0.03542	0.20873	0.02362	0.06962	0.29563	0.02083	0.03383	0.15316	0.02626	0.01859	0.02003	0.01431	0.00909	0.00806	0.00251	0.01233	0.00675	0.00506	0.01167
18	0.03075	0.03673	0.02416	0.02150	0.02595	0.53874	0.01640	0.09716	0.05054	0.02498	0.01474	0.01674	0.01198	0.00935	0.00881	0.00234	0.04769	0.00599	0.00498	0.01049
19	0.01068	0.00862	0.00935	0.00918	0.01168	0.00746	0.00679	0.01319	0.02018	0.02542	0.22257	0.07585	0.46899	0.05817	0.01190	0.00312	0.00445	0.01701	0.00812	0.00728
20	0.01203	0.00843	0.01044	0.05075	0.01315	0.00852	0.00706	0.01279	0.01378	0.01831	0.03184	0.23638	0.03699	0.46633	0.03193	0.00655	0.00749	0.01546	0.00586	0.00592
21	0.02961	0.02194	0.02360	0.01878	0.02505	0.02439	0.01529	0.44051	0.19799	0.07494	0.02481	0.02383	0.01784	0.01059	0.00855	0.00265	0.00857	0.00823	0.00864	0.01420
22	0.01216	0.00912	0.01368	0.01368	0.01520	0.01064	0.01064	0.01520	0.01368	0.01976	0.02279	0.03343	0.02127	0.06382	0.66720	0.01368	0.02279	0.00912	0.00456	0.00760
23	0.01057	0.00850	0.00895	0.00901	0.01123	0.00740	0.00640	0.01244	0.01832	0.02245	0.10511	0.10699	0.48026	0.13630	0.01571	0.00380	0.00499	0.01719	0.00752	0.00688
24	0.02106	0.02022	0.03454	0.05223	0.64784	0.02022	0.02612	0.02612	0.01938	0.02780	0.01601	0.02106	0.01348	0.00758	0.00842	0.00253	0.01011	0.00758	0.00421	0.01348
25	0.01727	0.01591	0.02606	0.60672	0.09164	0.01940	0.02337	0.05513	0.01843	0.02387	0.01547	0.02247	0.01164	0.00855	0.00850	0.00280	0.01116	0.00757	0.00407	0.00997
26	0.71798	0.01689	0.01328	0.01169	0.01704	0.01952	0.00963	0.06014	0.01599	0.03909	0.01236	0.01421	0.00953	0.00804	0.00546	0.00263	0.00675	0.00479	0.00546	0.00953
27	0.01227	0.00945	0.01086	0.01108	0.01322	0.00898	0.00841	0.01603	0.05916	0.02433	0.12517	0.07435	0.28967	0.15552	0.01692	0.00414	0.00598	0.13946	0.00756	0.00743
28	0.01871	0.01921	0.02018	0.01834	0.01980	0.15465	0.01446	0.02093	0.01556	0.02003	0.01672	0.02560	0.01600	0.07625	0.24992	0.00721	0.26569	0.00795	0.00425	0.00855
29	0.01653	0.01223	0.01594	0.01466	0.01722	0.01388	0.01147	0.14529	0.01927	0.02684	0.02255	0.03210	0.02045	0.09444	0.48390	0.01092	0.01894	0.00902	0.00545	0.00892
30	0.01238	0.00825	0.00928	0.00928	0.00928	0.00825	0.00516	0.01238	0.01238	0.01650	0.02681	0.05569	0.03094	0.70092	0.04331	0.00825	0.00825	0.01238	0.00516	0.00516
31	0.76103	0.01646	0.01251	0.01119	0.01646	0.01909	0.00922	0.02502	0.01448	0.03818	0.01185	0.01382	0.00922	0.00790	0.00527	0.00263	0.00658	0.00461	0.00527	0.00922
32	0.03179	0.04056	0.02412	0.02192	0.02631	0.66676	0.01644	0.03398	0.02412	0.02083	0.01315	0.01535	0.01096	0.00877	0.00767	0.00219	0.01535	0.00548	0.00438	0.00987
33	0.01238	0.00825	0.00928	0.00928	0.00928	0.00825	0.00516	0.01238	0.01238	0.01650	0.02681	0.05569	0.03094	0.70092	0.04331	0.00825	0.00825	0.01238	0.00516	0.00516
34	0.03179	0.04056	0.02412	0.02192	0.02631	0.66676	0.01644	0.03398	0.02412	0.02083	0.01315	0.01535	0.01096	0.00877	0.00767	0.00219	0.01535	0.00548	0.00438	0.00987
35	0.01018	0.00863	0.00879	0.00875	0.01157	0.00724	0.00656	0.01245	0.01968	0.02367	0.12002	0.08079	0.61015	0.02130	0.01006	0.00286	0.00429	0.01780	0.00799	0.00724
36	0.03003	0.17666	0.02881	0.01976	0.02539	0.36721	0.01598	0.18391	0.02680	0.02916	0.01476	0.01631	0.01186	0.00883	0.00742	0.00221	0.01248	0.00585	0.00530	0.01128
37	0.01081	0.00865	0.00967	0.00941	0.01196	0.00750	0.00706	0.01367	0.02118	0.02721	0.29754	0.07495	0.43042	0.01998	0.01005	0.00280	0.00420	0.01699	0.00846	0.00750
38	0.01056	0.00748	0.00982	0.01161	0.01206	0.00704	0.00764	0.01190	0.01593	0.02124	0.04503	0.63565	0.05392	0.08961	0.01389	0.00390	0.00525	0.02309	0.00764	0.00675
39	0.01216	0.00912	0.01368	0.01368	0.01520	0.01064	0.01064	0.01520	0.01368	0.01976	0.02279	0.03343	0.02127	0.06382	0.66720	0.01368	0.02279	0.00912	0.00456	0.00760
40	0.01227	0.00821	0.00931	0.00942	0.00944	0.00818	0.00530	0.01235	0.01258	0.01677	0.02787	0.08922	0.03227	0.66558	0.04161	0.00800	0.00808	0.01300	0.00530	0.00525
41	0.01158	0.00792	0.00952	0.01030	0.01049	0.00772	0.00624	0.01217	0.01393	0.01857	0.03478	0.30919	0.04098	0.43372	0.03045	0.00635	0.00694	0.01706	0.00624	0.00585
42	0.01320	0.00945	0.01304	0.01444	0.01634	0.00929	0.01224	0.01703	0.02038	0.02712	0.17140	0.11751	0.05593	0.02237	0.01135	0.00363	0.00689	0.44239	0.00816	0.00783
43	0.03191	0.03703	0.02442	0.02143	0.02633	0.53162	0.01639	0.15753	0.02747	0.02775	0.01469	0.01642	0.01170	0.00907	0.00785	0.00227	0.01408	0.00594	0.00526	0.01084
44	0.02106	0.02022	0.03454	0.05223	0.64784	0.02022	0.02612	0.02612	0.01938	0.02780	0.01601	0.02106	0.01348	0.00758	0.00842	0.00253	0.01011	0.00758	0.00421	0.01348
45	0.01809	0.01785	0.02506	0.02164	0.02176	0.02481	0.01797	0.02005	0.01309	0.02042	0.01212	0.01982	0.01199	0.01887	0.07991	0.00453	0.63147	0.00758	0.00379	0.00917
46	0.03179	0.04056	0.02412	0.02192	0.02631	0.66676	0.01644	0.03398	0.02412	0.02083	0.01315	0.01535	0.01096	0.00877	0.00767	0.00219	0.01535	0.00548	0.00438	0.00987
47	0.01114	0.00897	0.01013	0.01071	0.01332	0.00796	0.00862	0.01382	0.01945	0.02373	0.07399	0.08608	0.46760	0.02213	0.01056	0.00318	0.00536	0.18797	0.00788	0.00738
48	0.01744	0.08682	0.61725	0.02363	0.03586	0.02066	0.03035	0.02686	0.01792	0.02650	0.01505	0.01769	0.01079	0.00803	0.00792	0.00264	0.01235	0.00618	0.00360	0.01247
49	0.01037	0.00741	0.00987	0.01185	0.01234	0.00691	0.00790	0.01185	0.01629	0.02172	0.04690	0.69537	0.05629	0.02666	0.01086	0.00346	0.00494	0.02419	0.00790	0.00691
50	0.02045	0.02094	0.02951	0.05500	0.02917	0.09889	0.18408	0.02686	0.08907	0.02565	0.01810	0.02280	0.01469	0.01068	0.01456	0.00294	0.22026	0.00826	0.09780	0.01030
51	0.01478	0.00739	0.01109	0.01109	0.01109	0.00739	0.00739	0.01109	0.01109	0.01478	0.01478	0.02587	0.01478	0.02956	0.03326	0.75240	0.00739	0.00739	0.00370	0.00370
52	0.01192	0.00869	0.01120	0.01057	0.01263	0.00798	0.00793	0.01581	0.02379	0.03341	0.60733	0.06475	0.11676	0.01767	0.01004	0.00269	0.00403	0.01556	0.00927	0.00798
53	0.02275	0.70604	0.04459	0.01456	0.02184	0.03367	0.01456	0.02548	0.01729	0.02002	0.01183	0.01365	0.01092	0.00728	0.00546	0.00182	0.00910	0.00455	0.00364	0.01092
54	0.03179	0.04056	0.02412	0.02192	0.02631	0.66676	0.01644	0.03398	0.02412	0.02083	0.01315	0.01535	0.01096	0.00877	0.00767	0.00219	0.01535	0.00548	0.00438	0.00987
55	0.02106	0.02022	0.03454	0.05223	0.64784	0.02022	0.02612	0.02612	0.01938	0.02780	0.01601	0.02106	0.01348	0.00758	0.00842	0.00253	0.01011	0.00758	0.00421	0.01348
56	0.01726	0.04266	0.61761	0.02501	0.03733	0.01988	0.06929	0.02697	0.01810	0.02697	0.01540	0.01829	0.01092	0.00803	0.00821	0.00271	0.01269	0.00653	0.00364	0.01251
57	0.01006	0.00862	0.00862	0.00862	0.01149	0.00718	0.00647	0.01221	0.01940	0.02299	0.08621	0.08190	0.64438	0.02155	0.01006	0.00287	0.00431	0.01796	0.00790	0.00718
58	0.01399	0.00902	0.01027	0.01025	0.01124	0.00916	0.00670	0.05086	0.01596	0.02307	0.02990	0.15699	0.03189	0.36675	0.05478	0.00597	0.00746	0.01301	0.16599	0.00673
59	0.01914	0.02165	0.07994	0.20110	0.21049	0.02040	0.26988	0.02555	0.01898	0.02600	0.01624	0.02205	0.01253	0.00768	0.00909	0.00276	0.01233	0.00851	0.00410	0.01158
60	0.02106	0.02022	0.03454	0.05223	0.64784	0.02022	0.02612	0.02612	0.01938	0.02780	0.01601	0.02106	0.01348	0.00758	0.00842	0.00253	0.01011	0.00758	0.00421	0.01348
61	0.01037	0.00816	0.00937	0.01007	0.01194	0.00716	0.00717	0.01244	0.01864	0.02355	0.12376	0.31777	0.36316	0.02314	0.01037	0.00308	0.00453	0.02013	0.00804	0.00716
62	0.02897	0.03521	0.02686	0.02990	0.18987	0.49661	0.01899	0.03191	0.02287	0.02266	0.01391	0.01685	0.01162	0.00846	0.00787	0.00228	0.01397	0.00603	0.00434	0.01082
63	0.02506	0.21187	0.03571	0.02565	0.09058	0.26866	0.14351	0.02881	0.02077	0.02286	0.01529	0.02048	0.01322	0.00854	0.00783	0.00234	0.01262	0.03113	0.00430	0.01076

[dist]
# distance from previous block
# <min> <max>
0	3

[block]
# block no. 2 follows, 21 sequences, length 94
# corresponding to MSA columns:
# 159-252
name=unknown_C
#
# <colnr> <probs for GDERKNQSTAVLIFYWHMCP>
#	G	D	E	R	K	N	Q	S	T	A	V	L	I	F	Y	W	H	M	C	P
0	0.02770	0.06721	0.08842	0.02767	0.16453	0.21491	0.01982	0.22541	0.02738	0.03380	0.01633	0.01846	0.01266	0.00884	0.00804	0.00241	0.01160	0.00670	0.00560	0.01251
1	0.09450	0.12823	0.02639	0.05738	0.08518	0.32072	0.01632	0.03205	0.08646	0.05281	0.01643	0.01826	0.01311	0.00872	0.00739	0.00234	0.01164	0.00616	0.00504	0.01087
2	0.01926	0.01121	0.01156	0.01033	0.01331	0.01174	0.00806	0.14344	0.02242	0.03624	0.02625	0.02940	0.02030	0.00998	0.00648	0.00210	0.00508	0.00788	0.59569	0.00928
3	0.02228	0.01550	0.01720	0.01516	0.01940	0.04930	0.01169	0.08661	0.16293	0.14931	0.05773	0.18711	0.03109	0.01740	0.04631	0.00336	0.00788	0.01226	0.00806	0.07944
4	0.02138	0.01747	0.01848	0.01585	0.02086	0.01909	0.01252	0.17385	0.33785	0.03694	0.04102	0.03877	0.15013	0.01306	0.00881	0.00273	0.00684	0.01067	0.00831	0.04538
5	0.01030	0.00767	0.00960	0.01115	0.01216	0.00697	0.00759	0.01193	0.01697	0.02200	0.05546	0.56184	0.18429	0.02555	0.01069	0.00333	0.00480	0.02284	0.00790	0.00697
6	0.01238	0.00825	0.00928	0.00928	0.00928	0.00825	0.00516	0.01238	0.01238	0.01650	0.02681	0.05569	0.03094	0.70092	0.04331	0.00825	0.00825	0.01238	0.00516	0.00516
7	0.02666	0.42436	0.03639	0.01708	0.02373	0.14565	0.01528	0.16820	0.02392	0.02816	0.01411	0.01557	0.01177	0.00825	0.00658	0.00206	0.01029	0.00546	0.00493	0.01158
8	0.02405	0.57187	0.04037	0.01565	0.02253	0.08873	0.01477	0.06284	0.04991	0.02288	0.01360	0.01511	0.01189	0.00780	0.00600	0.00195	0.00955	0.00507	0.00425	0.01117
9	0.02624	0.07318	0.15741	0.02568	0.12000	0.21873	0.02065	0.16838	0.05486	0.03146	0.01667	0.01861	0.01284	0.00884	0.00798	0.00244	0.01181	0.00661	0.00532	0.01227
10	0.01718	0.01754	0.03356	0.02556	0.03052	0.01802	0.31678	0.02234	0.01928	0.02707	0.16560	0.03290	0.02944	0.01627	0.07570	0.00399	0.12208	0.01080	0.00544	0.00993
11	0.01037	0.00741	0.00987	0.01185	0.01234	0.00691	0.00790	0.01185	0.01629	0.02172	0.04690	0.69537	0.05629	0.02666	0.01086	0.00346	0.00494	0.02419	0.00790	0.00691
12	0.03179	0.04056	0.02412	0.02192	0.02631	0.66676	0.01644	0.03398	0.02412	0.02083	0.01315	0.01535	0.01096	0.00877	0.00767	0.00219	0.01535	0.00548	0.00438	0.00987
13	0.02510	0.53343	0.03928	0.01647	0.02300	0.19788	0.01505	0.02769	0.01906	0.02023	0.01217	0.01409	0.01093	0.00767	0.00603	0.00192	0.01072	0.00479	0.00383	0.01065
14	0.02036	0.01999	0.03501	0.08221	0.46874	0.02016	0.10824	0.02553	0.01896	0.02703	0.01586	0.02114	0.01313	0.00786	0.00947	0.00259	0.04227	0.00780	0.00422	0.04946
15	0.02253	0.02451	0.06622	0.04132	0.43371	0.12181	0.02325	0.02990	0.10027	0.02768	0.01796	0.02139	0.01457	0.00832	0.00832	0.00253	0.01063	0.00745	0.00479	0.01286
16	0.01037	0.00741	0.00987	0.01185	0.01234	0.00691	0.00790	0.01185	0.01629	0.02172	0.04690	0.69537	0.05629	0.02666	0.01086	0.00346	0.00494	0.02419	0.00790	0.00691
17	0.01006	0.00862	0.00862	0.00862	0.01149	0.00718	0.00647	0.01221	0.01940	0.02299	0.08621	0.08190	0.64438	0.02155	0.01006	0.00287	0.00431	0.01796	0.00790	0.00718
18	0.03818	0.01448	0.01975	0.01514	0.02172	0.01251	0.01251	0.04147	0.02436	0.65373	0.03357	0.02897	0.02107	0.01053	0.00856	0.00263	0.00724	0.00856	0.01053	0.01448
19	0.01238	0.00825	0.00928	0.00928	0.00928	0.00825	0.00516	0.01238	0.01238	0.01650	0.02681	0.05569	0.03094	0.70092	0.04331	0.00825	0.00825	0.01238	0.00516	0.00516
20	0.01131	0.00867	0.01036	0.00993	0.01226	0.00772	0.00745	0.01464	0.02235	0.03001	0.43718	0.07035	0.28904	0.01894	0.01004	0.00275	0.00412	0.01634	0.00883	0.00772
21	0.01054	0.00864	0.00929	0.00913	0.01179	0.00739	0.00685	0.01315	0.02054	0.02570	0.22160	0.07744	0.50730	0.02054	0.01005	0.00283	0.00424	0.01734	0.00826	0.00739
22	0.03179	0.04056	0.02412	0.02192	0.02631	0.66676	0.01644	0.03398	0.02412	0.02083	0.01315	0.01535	0.01096	0.00877	0.00767	0.00219	0.01535	0.00548	0.00438	0.00987
23	0.01095	0.00857	0.00998	0.01028	0.01250	0.00760	0.00774	0.01365	0.02017	0.02589	0.21954	0.16767	0.35929	0.02141	0.01033	0.00300	0.00465	0.07109	0.00827	0.00742
24	0.01204	0.00870	0.01138	0.01071	0.01271	0.00803	0.00803	0.01606	0.02409	0.03413	0.64335	0.06357	0.08030	0.01740	0.01004	0.00268	0.00401	0.01539	0.00937	0.00803
25	0.01958	0.01871	0.03187	0.23868	0.47297	0.01983	0.02538	0.02482	0.01868	0.02600	0.01575	0.02155	0.01285	0.00786	0.00845	0.00262	0.01048	0.00758	0.00408	0.01228
26	0.01070	0.00838	0.00973	0.01022	0.01227	0.00741	0.00752	0.01311	0.01946	0.02483	0.17573	0.23929	0.35574	0.02223	0.01035	0.00305	0.00461	0.04990	0.00817	0.00730
27	0.02680	0.03109	0.02897	0.03603	0.31564	0.36578	0.02095	0.03032	0.02191	0.02407	0.01448	0.01801	0.01213	0.00822	0.00802	0.00235	0.01291	0.00646	0.00430	0.01155
28	0.01164	0.00809	0.00935	0.00983	0.01027	0.00781	0.00597	0.01223	0.01409	0.01847	0.03814	0.21398	0.10361	0.46341	0.03182	0.00650	0.00702	0.01585	0.00612	0.00580
29	0.01188	0.00811	0.00936	0.00973	0.00997	0.00795	0.00574	0.01227	0.01346	0.01781	0.03354	0.17731	0.06614	0.54040	0.03556	0.00708	0.00743	0.01488	0.00581	0.00559
30	0.02468	0.51090	0.03873	0.01673	0.02293	0.18375	0.01523	0.02723	0.01868	0.02024	0.01211	0.01432	0.01094	0.00804	0.00719	0.00201	0.04694	0.00493	0.00382	0.01058
31	0.01078	0.00827	0.00919	0.00958	0.01120	0.00742	0.00653	0.01236	0.01724	0.02167	0.08963	0.20819	0.34055	0.18757	0.01831	0.00430	0.00539	0.01784	0.00730	0.00667
32	0.01216	0.00912	0.01368	0.01368	0.01520	0.01064	0.01064	0.01520	0.01368	0.01976	0.02279	0.03343	0.02127	0.06382	0.66720	0.01368	0.02279	0.00912	0.00456	0.00760
33	0.01966	0.02034	0.02844	0.02720	0.11529	0.08223	0.08434	0.02272	0.01582	0.02224	0.01397	0.02074	0.01276	0.01766	0.08976	0.00438	0.38066	0.00775	0.00401	0.01002
34	0.01862	0.01862	0.02607	0.02234	0.02234	0.02607	0.01862	0.02048	0.01303	0.02048	0.01117	0.01862	0.01117	0.01489	0.02793	0.00372	0.68535	0.00745	0.00372	0.00931
35	0.01607	0.01513	0.02552	0.68047	0.05861	0.01891	0.02363	0.02174	0.01702	0.02174	0.01513	0.02269	0.01134	0.00851	0.00851	0.00284	0.01134	0.00756	0.00378	0.00945
36	0.01862	0.01862	0.02607	0.02234	0.02234	0.02607	0.01862	0.02048	0.01303	0.02048	0.01117	0.01862	0.01117	0.01489	0.02793	0.00372	0.68535	0.00745	0.00372	0.00931
37	0.01238	0.00825	0.00928	0.00928	0.00928	0.00825	0.00516	0.01238	0.01238	0.01650	0.02681	0.05569	0.03094	0.70092	0.04331	0.00825	0.00825	0.01238	0.00516	0.00516
38	0.01216	0.00912	0.01368	0.01368	0.01520	0.01064	0.01064	0.01520	0.01368	0.01976	0.02279	0.03343	0.02127	0.06382	0.66720	0.01368	0.02279	0.00912	0.00456	0.00760
39	0.02519	0.01738	0.01936	0.01680	0.02203	0.01912	0.01324	0.04433	0.48870	0.18173	0.03439	0.03109	0.02482	0.01131	0.00864	0.00283	0.00685	0.00937	0.00910	0.01371
40	0.01009	0.00850	0.00874	0.00893	0.01158	0.00716	0.00660	0.01218	0.01910	0.02287	0.08246	0.14047	0.58824	0.02204	0.01013	0.00293	0.00437	0.01856	0.00790	0.00716
41	0.01607	0.01513	0.02552	0.68047	0.05861	0.01891	0.02363	0.02174	0.01702	0.02174	0.01513	0.02269	0.01134	0.00851	0.00851	0.00284	0.01134	0.00756	0.00378	0.00945
42	0.02106	0.02022	0.03454	0.05223	0.64784	0.02022	0.02612	0.02612	0.01938	0.02780	0.01601	0.02106	0.01348	0.00758	0.00842	0.00253	0.01011	0.00758	0.00421	0.01348
43	0.01006	0.00862	0.00862	0.00862	0.01149	0.00718	0.00647	0.01221	0.01940	0.02299	0.08621	0.08190	0.64438	0.02155	0.01006	0.00287	0.00431	0.01796	0.00790	0.00718
44	0.03235	0.02384	0.02554	0.01958	0.02639	0.02639	0.01618	0.61946	0.04001	0.05363	0.02043	0.02043	0.01447	0.01022	0.00851	0.00255	0.00936	0.00766	0.00851	0.01447
45	0.60884	0.15861	0.01912	0.01189	0.01757	0.02210	0.01032	0.02511	0.01506	0.03444	0.01185	0.01379	0.00957	0.00777	0.00531	0.00247	0.00710	0.00460	0.00493	0.00957
46	0.01720	0.01243	0.01574	0.01607	0.01887	0.01291	0.01360	0.14108	0.02345	0.03087	0.04018	0.14464	0.04265	0.02111	0.01099	0.00359	0.00784	0.40971	0.00798	0.00911
47	0.01478	0.00739	0.01109	0.01109	0.01109	0.00739	0.00739	0.01109	0.01109	0.01478	0.01478	0.02587	0.01478	0.02956	0.03326	0.75240	0.00739	0.00739	0.00370	0.00370
48	0.01238	0.00825	0.00928	0.00928	0.00928	0.00825	0.00516	0.01238	0.01238	0.01650	0.02681	0.05569	0.03094	0.70092	0.04331	0.00825	0.00825	0.01238	0.00516	0.00516
49	0.01837	0.01812	0.03278	0.03430	0.25078	0.01833	0.19636	0.02346	0.02003	0.02836	0.16497	0.03147	0.02895	0.01058	0.01138	0.00279	0.08228	0.01015	0.00541	0.01114
50	0.01037	0.00741	0.00987	0.01185	0.01234	0.00691	0.00790	0.01185	0.01629	0.02172	0.04690	0.69537	0.05629	0.02666	0.01086	0.00346	0.00494	0.02419	0.00790	0.00691
51	0.02275	0.70604	0.04459	0.01456	0.02184	0.03367	0.01456	0.02548	0.01729	0.02002	0.01183	0.01365	0.01092	0.00728	0.00546	0.00182	0.00910	0.00455	0.00364	0.01092
52	0.03235	0.02384	0.02554	0.01958	0.02639	0.02639	0.01618	0.61946	0.04001	0.05363	0.02043	0.02043	0.01447	0.01022	0.00851	0.00255	0.00936	0.00766	0.00851	0.01447
53	0.03168	0.02350	0.02516	0.01944	0.02614	0.02608	0.01601	0.58502	0.07554	0.05255	0.02128	0.02111	0.01516	0.01030	0.00852	0.00257	0.00921	0.00778	0.00852	0.01441
54	0.01197	0.00958	0.01365	0.10632	0.01979	0.01046	0.01115	0.01408	0.01607	0.02160	0.03896	0.53507	0.04559	0.02297	0.01220	0.00340	0.07247	0.02023	0.00692	0.00750
55	0.06584	0.05922	0.02556	0.01957	0.02547	0.15838	0.01595	0.41059	0.03302	0.04279	0.01762	0.01865	0.01315	0.00991	0.00906	0.00251	0.04594	0.00691	0.00702	0.01283
56	0.02106	0.02022	0.03454	0.05223	0.64784	0.02022	0.02612	0.02612	0.01938	0.02780	0.01601	0.02106	0.01348	0.00758	0.00842	0.00253	0.01011	0.00758	0.00421	0.01348
57	0.01765	0.01513	0.01765	0.01260	0.02017	0.01134	0.01008	0.02143	0.01765	0.02773	0.01513	0.01765	0.01260	0.00630	0.00630	0.00126	0.00630	0.00504	0.00504	0.75295
58	0.01105	0.00866	0.01000	0.00966	0.01210	0.00761	0.00725	0.01414	0.02174	0.02856	0.36465	0.07274	0.36247	0.01948	0.01005	0.00278	0.00416	0.01668	0.00863	0.00761
59	0.01074	0.00767	0.01031	0.01228	0.01294	0.00724	0.00855	0.01250	0.01666	0.02215	0.04670	0.62795	0.05546	0.02631	0.01096	0.00351	0.00526	0.08789	0.00789	0.00702
60	0.01089	0.00763	0.00972	0.01118	0.01155	0.00726	0.00718	0.01199	0.01527	0.02036	0.04167	0.52865	0.04968	0.20240	0.01932	0.00471	0.00580	0.02111	0.00718	0.00645
61	0.01765	0.01513	0.01765	0.01260	0.02017	0.01134	0.01008	0.02143	0.01765	0.02773	0.01513	0.01765	0.01260	0.00630	0.00630	0.00126	0.00630	0.00504	0.00504	0.75295
62	0.02300	0.01919	0.02027	0.01769	0.02283	0.02202	0.01391	0.13934	0.53536	0.03855	0.03231	0.02990	0.02409	0.01133	0.00864	0.00283	0.00717	0.00930	0.00864	0.01363
63	0.03192	0.03658	0.02445	0.02137	0.02633	0.51454	0.01638	0.17315	0.02789	0.02863	0.01488	0.01656	0.01180	0.00911	0.00787	0.00228	0.01392	0.00600	0.00537	0.01096
64	0.01872	0.02968	0.28178	0.03404	0.19554	0.01974	0.19974	0.02600	0.01863	0.02667	0.01669	0.02237	0.01325	0.04700	0.01074	0.00302	0.01221	0.00807	0.00405	0.01207
65	0.02108	0.51102	0.22495	0.01742	0.02626	0.02958	0.01953	0.02591	0.01749	0.02206	0.01284	0.01492	0.01088	0.00752	0.00623	0.00208	0.01012	0.00506	0.00363	0.01141
66	0.01096	0.00855	0.01001	0.01033	0.01251	0.00760	0.00777	0.01365	0.02013	0.02589	0.22017	0.17741	0.34864	0.02148	0.01034	0.00301	0.00466	0.07118	0.00828	0.00742
67	0.03179	0.04056	0.02412	0.02192	0.02631	0.66676	0.01644	0.03398	0.02412	0.02083	0.01315	0.01535	0.01096	0.00877	0.00767	0.00219	0.01535	0.00548	0.00438	0.00987
68	0.02584	0.10420	0.06625	0.03300	0.26692	0.31203	0.02084	0.02963	0.02120	0.02379	0.01424	0.01753	0.01192	0.00811	0.00775	0.00231	0.01249	0.00624	0.00419	0.01153
69	0.01800	0.01771	0.02488	0.02151	0.02166	0.02459	0.01786	0.01998	0.01309	0.02041	0.01228	0.02003	0.01214	0.01957	0.08896	0.00467	0.62209	0.00761	0.00380	0.00915
70	0.01037	0.00741	0.00987	0.01185	0.01234	0.00691	0.00790	0.01185	0.01629	0.02172	0.04690	0.69537	0.05629	0.02666	0.01086	0.00346	0.00494	0.02419	0.00790	0.00691
71	0.01079	0.00876	0.00948	0.00972	0.01225	0.00764	0.00745	0.01314	0.01922	0.02346	0.10320	0.08139	0.50008	0.06236	0.01228	0.00333	0.00501	0.09544	0.00780	0.00719
72	0.03141	0.03603	0.02491	0.02285	0.05550	0.49954	0.01684	0.15874	0.02729	0.02817	0.01484	0.01670	0.01183	0.00902	0.00789	0.00229	0.01382	0.00605	0.00526	0.01102
73	0.01072	0.00920	0.00926	0.00914	0.01213	0.00802	0.00689	0.01419	0.05616	0.02375	0.08312	0.07889	0.60730	0.02095	0.00997	0.00287	0.00446	0.01746	0.00795	0.00756
74	0.01176	0.00856	0.01107	0.01072	0.01261	0.00786	0.00793	0.01540	0.02300	0.03220	0.54948	0.13226	0.10805	0.01861	0.01013	0.00277	0.00413	0.01647	0.00913	0.00786
75	0.02086	0.02141	0.06555	0.05084	0.61740	0.02020	0.02638	0.02616	0.01931	0.02776	0.01597	0.02091	0.01335	0.00761	0.00841	0.00254	0.01023	0.00752	0.00418	0.01343
76	0.02511	0.53249	0.03925	0.01648	0.02301	0.19878	0.01505	0.02770	0.01907	0.02023	0.01218	0.01409	0.01093	0.00767	0.00604	0.00192	0.01073	0.00479	0.00383	0.01065
77	0.03179	0.04056	0.02412	0.02192	0.02631	0.66676	0.01644	0.03398	0.02412	0.02083	0.01315	0.01535	0.01096	0.00877	0.00767	0.00219	0.01535	0.00548	0.00438	0.00987
78	0.02361	0.02505	0.03206	0.04503	0.50010	0.17390	0.02382	0.02799	0.02050	0.02614	0.01533	0.01970	0.01288	0.00786	0.00825	0.00245	0.01135	0.00708	0.00425	0.01262
79	0.01178	0.00828	0.00918	0.00929	0.00991	0.00795	0.00558	0.01231	0.01405	0.01813	0.04020	0.09739	0.15884	0.52261	0.03462	0.00687	0.00725	0.01420	0.00588	0.00567
80	0.02127	0.05867	0.05913	0.05880	0.02971	0.06126	0.14057	0.08610	0.16568	0.02896	0.02010	0.02338	0.01590	0.01339	0.04967	0.00351	0.13863	0.00829	0.00555	0.01142
81	0.02321	0.02429	0.03246	0.04617	0.52353	0.14953	0.02418	0.02769	0.02033	0.02641	0.01544	0.01992	0.01298	0.00782	0.00827	0.00246	0.01116	0.00716	0.00425	0.01276
82	0.02872	0.02209	0.02559	0.11590	0.03070	0.02527	0.01748	0.47727	0.03418	0.04594	0.01881	0.02059	0.01371	0.01040	0.01031	0.00270	0.07208	0.00763	0.00738	0.01327
83	0.02275	0.70604	0.04459	0.01456	0.02184	0.03367	0.01456	0.02548	0.01729	0.02002	0.01183	0.01365	0.01092	0.00728	0.00546	0.00182	0.00910	0.00455	0.00364	0.01092
84	0.03179	0.04056	0.02412	0.02192	0.02631	0.66676	0.01644	0.03398	0.02412	0.02083	0.01315	0.01535	0.01096	0.00877	0.00767	0.00219	0.01535	0.00548	0.00438	0.00987
85	0.01216	0.00912	0.01368	0.01368	0.01520	0.01064	0.01064	0.01520	0.01368	0.01976	0.02279	0.03343	0.02127	0.06382	0.66720	0.01368	0.02279	0.00912	0.00456	0.00760
86	0.01006	0.00862	0.00862	0.00862	0.01149	0.00718	0.00647	0.01221	0.01940	0.02299	0.08621	0.08190	0.64438	0.02155	0.01006	0.00287	0.00431	0.01796	0.00790	0.00718
87	0.01006	0.00862	0.00862	0.00862	0.01149	0.00718	0.00647	0.01221	0.01940	0.02299	0.08621	0.08190	0.64438	0.02155	0.01006	0.00287	0.00431	0.01796	0.00790	0.00718
88	0.02009	0.02296	0.05022	0.03587	0.04448	0.02152	0.61693	0.02726	0.02009	0.02726	0.01722	0.02296	0.01291	0.00717	0.01004	0.00287	0.01435	0.01004	0.00430	0.01148
89	0.01204	0.00870	0.01138	0.01071	0.01271	0.00803	0.00803	0.01606	0.02409	0.03413	0.64335	0.06357	0.08030	0.01740	0.01004	0.00268	0.00401	0.01539	0.00937	0.00803
90	0.01238	0.00825	0.00928	0.00928	0.00928	0.00825	0.00516	0.01238	0.01238	0.01650	0.02681	0.05569	0.03094	0.70092	0.04331	0.00825	0.00825	0.01238	0.00516	0.00516
91	0.02090	0.02068	0.03716	0.04951	0.54724	0.02044	0.12462	0.02631	0.01950	0.02771	0.01621	0.02138	0.01339	0.00751	0.00869	0.00258	0.01082	0.00799	0.00423	0.01315
92	0.02335	0.02522	0.03018	0.14059	0.37996	0.20405	0.02298	0.02768	0.02036	0.02488	0.01506	0.01969	0.01243	0.00806	0.00822	0.00248	0.01179	0.00698	0.00419	0.01183
93	0.09797	0.02610	0.30015	0.01770	0.02496	0.01583	0.01942	0.05074	0.01890	0.02913	0.12277	0.03072	0.05066	0.02082	0.13301	0.00477	0.01194	0.00869	0.00533	0.01038

[dist]
# distance from previous block
# <min> <max>
0	5

# created by:
# /home/cegg/simao/soft/augustus-3.2.1/scripts/msa2prfl.pl ./align_prep/11854.fa
