[name]
unknown

[dist]
# distance from previous block
# <min> <max>
0	1

[block]
# block no. 0 follows, 21 sequences, length 113
# corresponding to MSA columns:
# 1-113
name=unknown_A
#
# <colnr> <probs for GDERKNQSTAVLIFYWHMCP>
#	G	D	E	R	K	N	Q	S	T	A	V	L	I	F	Y	W	H	M	C	P
0	0.02107	0.07861	0.02385	0.06320	0.14260	0.01914	0.01655	0.03299	0.25817	0.08306	0.02968	0.03912	0.02517	0.01234	0.00888	0.00289	0.00811	0.11545	0.00708	0.01205
1	0.02327	0.02301	0.02409	0.13170	0.13895	0.16772	0.01806	0.10560	0.14899	0.02978	0.02437	0.02900	0.04565	0.01066	0.00858	0.00267	0.01033	0.04003	0.00601	0.01153
2	0.06183	0.10320	0.22223	0.01904	0.02643	0.13867	0.01919	0.02667	0.01889	0.05368	0.04319	0.01937	0.01468	0.00900	0.00925	0.00237	0.07356	0.00629	0.00465	0.12781
3	0.02154	0.02155	0.03271	0.11173	0.53341	0.07841	0.02500	0.02639	0.01957	0.02657	0.01566	0.02071	0.01304	0.00778	0.00837	0.00253	0.01070	0.00739	0.00419	0.01276
4	0.01819	0.03731	0.48148	0.03214	0.20900	0.01989	0.02994	0.02672	0.01836	0.02719	0.01548	0.01884	0.01154	0.00794	0.00818	0.00265	0.01188	0.00665	0.00377	0.01283
5	0.03179	0.04056	0.02412	0.02192	0.02631	0.66676	0.01644	0.03398	0.02412	0.02083	0.01315	0.01535	0.01096	0.00877	0.00767	0.00219	0.01535	0.00548	0.00438	0.00987
6	0.01958	0.01347	0.01632	0.05428	0.02030	0.01412	0.01183	0.06069	0.19514	0.11663	0.20910	0.04830	0.06954	0.04946	0.01112	0.00313	0.00651	0.06127	0.00853	0.01067
7	0.01006	0.00862	0.00862	0.00862	0.01149	0.00718	0.00647	0.01221	0.01940	0.02299	0.08621	0.08190	0.64438	0.02155	0.01006	0.00287	0.00431	0.01796	0.00790	0.00718
8	0.02684	0.03257	0.02092	0.01911	0.02290	0.50161	0.01433	0.02949	0.02411	0.02416	0.17115	0.02744	0.02834	0.01093	0.00827	0.00231	0.01251	0.00797	0.00563	0.00941
9	0.01586	0.00793	0.00793	0.00793	0.00991	0.00793	0.00595	0.01983	0.01785	0.03173	0.02776	0.03173	0.02181	0.00991	0.00595	0.00198	0.00397	0.00793	0.74817	0.00793
10	0.01721	0.01629	0.02759	0.53656	0.19359	0.01921	0.02420	0.02275	0.01756	0.02313	0.01533	0.02232	0.01183	0.00830	0.00849	0.00277	0.01106	0.00757	0.00388	0.01038
11	0.01697	0.01560	0.02553	0.64415	0.05684	0.01932	0.02322	0.05459	0.01828	0.02350	0.01542	0.02256	0.01152	0.00860	0.00851	0.00282	0.01124	0.00757	0.00404	0.00973
12	0.01060	0.00759	0.01009	0.01169	0.01240	0.00707	0.00792	0.01244	0.01739	0.02346	0.13056	0.60676	0.05965	0.02536	0.01075	0.00335	0.00481	0.02296	0.00811	0.00707
13	0.01862	0.01862	0.02607	0.02234	0.02234	0.02607	0.01862	0.02048	0.01303	0.02048	0.01117	0.01862	0.01117	0.01489	0.02793	0.00372	0.68535	0.00745	0.00372	0.00931
14	0.01607	0.01513	0.02552	0.68047	0.05861	0.01891	0.02363	0.02174	0.01702	0.02174	0.01513	0.02269	0.01134	0.00851	0.00851	0.00284	0.01134	0.00756	0.00378	0.00945
15	0.03176	0.01936	0.13615	0.01639	0.02363	0.01341	0.01556	0.03633	0.02316	0.47824	0.08942	0.03030	0.02493	0.01075	0.00861	0.00265	0.00791	0.00880	0.00914	0.01351
16	0.03179	0.04056	0.02412	0.02192	0.02631	0.66676	0.01644	0.03398	0.02412	0.02083	0.01315	0.01535	0.01096	0.00877	0.00767	0.00219	0.01535	0.00548	0.00438	0.00987
17	0.01371	0.00980	0.01371	0.01567	0.01763	0.00980	0.01371	0.01763	0.01959	0.02547	0.04506	0.09599	0.04898	0.02351	0.01175	0.00392	0.00784	0.59056	0.00784	0.00784
18	0.01044	0.00856	0.00920	0.00920	0.01177	0.00732	0.00684	0.01290	0.02007	0.02496	0.18635	0.11550	0.50515	0.02110	0.01010	0.00287	0.00429	0.01786	0.00817	0.00732
19	0.01232	0.00847	0.01038	0.01038	0.01076	0.00885	0.00653	0.01308	0.01270	0.01732	0.02581	0.05011	0.02852	0.54120	0.19973	0.00961	0.01190	0.01156	0.00501	0.00577
20	0.03818	0.01448	0.01975	0.01514	0.02172	0.01251	0.01251	0.04147	0.02436	0.65373	0.03357	0.02897	0.02107	0.01053	0.00856	0.00263	0.00724	0.00856	0.01053	0.01448
21	0.02117	0.01828	0.01924	0.01732	0.02213	0.02117	0.01347	0.04522	0.63246	0.03560	0.03464	0.03175	0.02598	0.01155	0.00866	0.00289	0.00673	0.00962	0.00866	0.01347
22	0.01047	0.00870	0.00920	0.00925	0.01198	0.00742	0.00705	0.01291	0.01986	0.02422	0.13783	0.08097	0.55372	0.02127	0.01016	0.00292	0.00449	0.05222	0.00804	0.00731
23	0.03235	0.02384	0.02554	0.01958	0.02639	0.02639	0.01618	0.61946	0.04001	0.05363	0.02043	0.02043	0.01447	0.01022	0.00851	0.00255	0.00936	0.00766	0.00851	0.01447
24	0.03124	0.08067	0.02535	0.02148	0.02604	0.62860	0.01633	0.03347	0.02370	0.02078	0.01307	0.01524	0.01096	0.00868	0.00754	0.00217	0.01497	0.00542	0.00434	0.00993
25	0.02553	0.50160	0.03830	0.01682	0.02321	0.22816	0.01514	0.02809	0.01939	0.02027	0.01224	0.01417	0.01093	0.00774	0.00614	0.00193	0.01102	0.00484	0.00387	0.01060
26	0.01874	0.01830	0.01626	0.01543	0.01776	0.19589	0.01186	0.02164	0.01735	0.02230	0.02034	0.02719	0.01790	0.03563	0.32357	0.00773	0.05466	0.00778	0.14128	0.00840
27	0.03063	0.03837	0.02524	0.02519	0.09323	0.59714	0.01748	0.03314	0.02361	0.02158	0.01346	0.01596	0.01123	0.00864	0.00775	0.00223	0.01478	0.00571	0.00437	0.01025
28	0.01216	0.00912	0.01368	0.01368	0.01520	0.01064	0.01064	0.01520	0.01368	0.01976	0.02279	0.03343	0.02127	0.06382	0.66720	0.01368	0.02279	0.00912	0.00456	0.00760
29	0.01006	0.00862	0.00862	0.00862	0.01149	0.00718	0.00647	0.01221	0.01940	0.02299	0.08621	0.08190	0.64438	0.02155	0.01006	0.00287	0.00431	0.01796	0.00790	0.00718
30	0.01586	0.00793	0.00793	0.00793	0.00991	0.00793	0.00595	0.01983	0.01785	0.03173	0.02776	0.03173	0.02181	0.00991	0.00595	0.00198	0.00397	0.00793	0.74817	0.00793
31	0.01006	0.00862	0.00862	0.00862	0.01149	0.00718	0.00647	0.01221	0.01940	0.02299	0.08621	0.08190	0.64438	0.02155	0.01006	0.00287	0.00431	0.01796	0.00790	0.00718
32	0.01006	0.00862	0.00862	0.00862	0.01149	0.00718	0.00647	0.01221	0.01940	0.02299	0.08621	0.08190	0.64438	0.02155	0.01006	0.00287	0.00431	0.01796	0.00790	0.00718
33	0.02117	0.01828	0.01924	0.01732	0.02213	0.02117	0.01347	0.04522	0.63246	0.03560	0.03464	0.03175	0.02598	0.01155	0.00866	0.00289	0.00673	0.00962	0.00866	0.01347
34	0.01255	0.00934	0.01215	0.01217	0.01262	0.01036	0.00837	0.01376	0.01354	0.01873	0.02832	0.17537	0.03174	0.34477	0.18290	0.00811	0.07980	0.01348	0.00542	0.00651
35	0.01504	0.01195	0.01328	0.01306	0.01498	0.07524	0.01004	0.01823	0.01576	0.02286	0.02308	0.03121	0.02038	0.04483	0.43579	0.00960	0.01733	0.00846	0.19097	0.00791
36	0.05898	0.20849	0.46827	0.02111	0.03197	0.02321	0.02600	0.02648	0.01761	0.02582	0.01422	0.01666	0.01073	0.00787	0.00727	0.00247	0.01138	0.00576	0.00370	0.01198
37	0.03179	0.04056	0.02412	0.02192	0.02631	0.66676	0.01644	0.03398	0.02412	0.02083	0.01315	0.01535	0.01096	0.00877	0.00767	0.00219	0.01535	0.00548	0.00438	0.00987
38	0.02660	0.25812	0.02966	0.01834	0.02365	0.35622	0.01501	0.03125	0.08495	0.02220	0.01857	0.01978	0.04386	0.00920	0.00716	0.00217	0.01183	0.00622	0.00476	0.01046
39	0.01216	0.00912	0.01368	0.01368	0.01520	0.01064	0.01064	0.01520	0.01368	0.01976	0.02279	0.03343	0.02127	0.06382	0.66720	0.01368	0.02279	0.00912	0.00456	0.00760
40	0.03179	0.04056	0.02412	0.02192	0.02631	0.66676	0.01644	0.03398	0.02412	0.02083	0.01315	0.01535	0.01096	0.00877	0.00767	0.00219	0.01535	0.00548	0.00438	0.00987
41	0.01079	0.00782	0.01020	0.01135	0.01239	0.00723	0.00785	0.01299	0.01855	0.02509	0.20758	0.49070	0.09810	0.02389	0.01059	0.00321	0.00465	0.02148	0.00829	0.00723
42	0.01707	0.04402	0.65683	0.02426	0.03683	0.01976	0.03144	0.02695	0.01797	0.02695	0.01527	0.01797	0.01078	0.00809	0.00809	0.00270	0.01258	0.00629	0.00359	0.01258
43	0.01055	0.00754	0.01009	0.01206	0.01263	0.00707	0.00822	0.01217	0.01647	0.02193	0.04680	0.66243	0.05588	0.02649	0.01091	0.00348	0.00510	0.05531	0.00790	0.00696
44	0.01238	0.00825	0.00928	0.00928	0.00928	0.00825	0.00516	0.01238	0.01238	0.01650	0.02681	0.05569	0.03094	0.70092	0.04331	0.00825	0.00825	0.01238	0.00516	0.00516
45	0.03225	0.02691	0.02528	0.02001	0.02638	0.14421	0.01622	0.51174	0.03709	0.04760	0.01909	0.01950	0.01383	0.00995	0.00836	0.00249	0.01047	0.00726	0.00775	0.01362
46	0.10307	0.01664	0.01911	0.01583	0.02159	0.01727	0.01274	0.06910	0.26579	0.31799	0.03120	0.02816	0.02152	0.01066	0.00827	0.00273	0.00708	0.00854	0.00917	0.01356
47	0.02728	0.03250	0.02379	0.02117	0.02448	0.44000	0.01641	0.05576	0.02179	0.02234	0.01711	0.02016	0.04696	0.01109	0.01292	0.00263	0.18243	0.00678	0.00460	0.00978
48	0.03182	0.03976	0.02418	0.02181	0.02631	0.63598	0.01643	0.06212	0.02488	0.02240	0.01350	0.01559	0.01113	0.00884	0.00771	0.00221	0.01506	0.00559	0.00458	0.01009
49	0.02259	0.02270	0.06879	0.03228	0.14782	0.02182	0.26751	0.17436	0.02432	0.03335	0.01904	0.05812	0.01558	0.00947	0.01012	0.00279	0.04211	0.00945	0.00548	0.01231
50	0.01371	0.00980	0.01371	0.01567	0.01763	0.00980	0.01371	0.01763	0.01959	0.02547	0.04506	0.09599	0.04898	0.02351	0.01175	0.00392	0.00784	0.59056	0.00784	0.00784
51	0.01977	0.02172	0.04331	0.03337	0.07176	0.02259	0.43477	0.02550	0.01828	0.02559	0.01564	0.02177	0.01251	0.00913	0.01444	0.00306	0.18234	0.00926	0.00415	0.01104
52	0.02106	0.02022	0.03454	0.05223	0.64784	0.02022	0.02612	0.02612	0.01938	0.02780	0.01601	0.02106	0.01348	0.00758	0.00842	0.00253	0.01011	0.00758	0.00421	0.01348
53	0.01014	0.00832	0.00894	0.00943	0.01171	0.00712	0.00683	0.01212	0.01862	0.02267	0.07636	0.23570	0.49694	0.02283	0.01026	0.00302	0.00447	0.01952	0.00790	0.00712
54	0.01238	0.00825	0.00928	0.00928	0.00928	0.00825	0.00516	0.01238	0.01238	0.01650	0.02681	0.05569	0.03094	0.70092	0.04331	0.00825	0.00825	0.01238	0.00516	0.00516
55	0.01607	0.01513	0.02552	0.68047	0.05861	0.01891	0.02363	0.02174	0.01702	0.02174	0.01513	0.02269	0.01134	0.00851	0.00851	0.00284	0.01134	0.00756	0.00378	0.00945
56	0.02106	0.02022	0.03454	0.05223	0.64784	0.02022	0.02612	0.02612	0.01938	0.02780	0.01601	0.02106	0.01348	0.00758	0.00842	0.00253	0.01011	0.00758	0.00421	0.01348
57	0.01972	0.02074	0.13407	0.01637	0.02201	0.01789	0.01504	0.06794	0.33184	0.03406	0.02855	0.02857	0.02149	0.01042	0.00787	0.00261	0.00726	0.00847	0.19312	0.01197
58	0.01017	0.00863	0.00877	0.00873	0.01156	0.00723	0.00655	0.01242	0.01965	0.02360	0.11653	0.08090	0.61368	0.02133	0.01006	0.00286	0.00429	0.01782	0.00798	0.00723
59	0.02125	0.02125	0.01904	0.01531	0.02148	0.17597	0.01198	0.04688	0.02015	0.02662	0.01762	0.05116	0.01587	0.00876	0.00718	0.00176	0.00870	0.03263	0.00527	0.47111
60	0.02275	0.70604	0.04459	0.01456	0.02184	0.03367	0.01456	0.02548	0.01729	0.02002	0.01183	0.01365	0.01092	0.00728	0.00546	0.00182	0.00910	0.00455	0.00364	0.01092
61	0.02351	0.03014	0.24074	0.02536	0.11419	0.05851	0.02226	0.19755	0.13778	0.03583	0.02027	0.02147	0.01500	0.00929	0.00833	0.00264	0.01042	0.00742	0.00604	0.01325
62	0.01015	0.00826	0.00899	0.00958	0.01175	0.00710	0.00689	0.01211	0.01848	0.02262	0.07458	0.26336	0.47043	0.02306	0.01030	0.00305	0.00450	0.01980	0.00790	0.00710
63	0.03179	0.04056	0.02412	0.02192	0.02631	0.66676	0.01644	0.03398	0.02412	0.02083	0.01315	0.01535	0.01096	0.00877	0.00767	0.00219	0.01535	0.00548	0.00438	0.00987
64	0.02106	0.02022	0.03454	0.05223	0.64784	0.02022	0.02612	0.02612	0.01938	0.02780	0.01601	0.02106	0.01348	0.00758	0.00842	0.00253	0.01011	0.00758	0.00421	0.01348
65	0.01204	0.00870	0.01138	0.01071	0.01271	0.00803	0.00803	0.01606	0.02409	0.03413	0.64335	0.06357	0.08030	0.01740	0.01004	0.00268	0.00401	0.01539	0.00937	0.00803
66	0.01216	0.00912	0.01368	0.01368	0.01520	0.01064	0.01064	0.01520	0.01368	0.01976	0.02279	0.03343	0.02127	0.06382	0.66720	0.01368	0.02279	0.00912	0.00456	0.00760
67	0.01006	0.00862	0.00862	0.00862	0.01149	0.00718	0.00647	0.01221	0.01940	0.02299	0.08621	0.08190	0.64438	0.02155	0.01006	0.00287	0.00431	0.01796	0.00790	0.00718
68	0.03193	0.03637	0.02447	0.02134	0.02633	0.50621	0.01638	0.18077	0.02810	0.02905	0.01498	0.01662	0.01184	0.00913	0.00788	0.00228	0.01385	0.00603	0.00542	0.01102
69	0.01950	0.05905	0.02153	0.01824	0.02037	0.18078	0.01456	0.02198	0.01632	0.02024	0.01648	0.02361	0.01526	0.03304	0.28433	0.00732	0.20685	0.00748	0.00423	0.00884
70	0.06089	0.03261	0.02072	0.01876	0.02288	0.48262	0.01419	0.06317	0.02342	0.02539	0.01617	0.01856	0.01306	0.00902	0.00730	0.00219	0.01255	0.00601	0.14074	0.00974
71	0.03128	0.07816	0.02527	0.02151	0.02606	0.63099	0.01634	0.03350	0.02373	0.02078	0.01308	0.01525	0.01096	0.00869	0.00755	0.00217	0.01499	0.00543	0.00434	0.00993
72	0.02182	0.01888	0.02801	0.10792	0.35879	0.02000	0.02104	0.12049	0.08813	0.03241	0.01971	0.02329	0.01552	0.00874	0.00824	0.00255	0.00919	0.00784	0.07475	0.01268
73	0.01216	0.00912	0.01368	0.01368	0.01520	0.01064	0.01064	0.01520	0.01368	0.01976	0.02279	0.03343	0.02127	0.06382	0.66720	0.01368	0.02279	0.00912	0.00456	0.00760
74	0.01006	0.00862	0.00862	0.00862	0.01149	0.00718	0.00647	0.01221	0.01940	0.02299	0.08621	0.08190	0.64438	0.02155	0.01006	0.00287	0.00431	0.01796	0.00790	0.00718
75	0.01586	0.00793	0.00793	0.00793	0.00991	0.00793	0.00595	0.01983	0.01785	0.03173	0.02776	0.03173	0.02181	0.00991	0.00595	0.00198	0.00397	0.00793	0.74817	0.00793
76	0.01470	0.00929	0.01222	0.01116	0.01363	0.00848	0.00848	0.01864	0.02412	0.09696	0.58151	0.06006	0.07429	0.01670	0.00989	0.00267	0.00434	0.01470	0.00949	0.00868
77	0.02117	0.01828	0.01924	0.01732	0.02213	0.02117	0.01347	0.04522	0.63246	0.03560	0.03464	0.03175	0.02598	0.01155	0.00866	0.00289	0.00673	0.00962	0.00866	0.01347
78	0.03073	0.02303	0.02463	0.01925	0.02577	0.02564	0.01578	0.53647	0.12563	0.05103	0.02248	0.02207	0.01614	0.01041	0.00853	0.00260	0.00898	0.00795	0.00853	0.01433
79	0.02032	0.02295	0.07495	0.04175	0.28293	0.02092	0.35319	0.02679	0.01970	0.02746	0.01664	0.02195	0.01303	0.00738	0.00930	0.00273	0.01258	0.00888	0.00423	0.01233
80	0.02918	0.03347	0.02302	0.02056	0.02527	0.44714	0.01567	0.08961	0.17807	0.02749	0.01920	0.01992	0.01504	0.00960	0.00800	0.00240	0.01265	0.00672	0.00583	0.01118
81	0.76103	0.01646	0.01251	0.01119	0.01646	0.01909	0.00922	0.02502	0.01448	0.03818	0.01185	0.01382	0.00922	0.00790	0.00527	0.00263	0.00658	0.00461	0.00527	0.00922
82	0.06431	0.02351	0.02497	0.01921	0.02596	0.02607	0.01587	0.59339	0.03889	0.05296	0.02006	0.02014	0.01424	0.01011	0.00837	0.00256	0.00924	0.00753	0.00837	0.01424
83	0.01127	0.00890	0.01035	0.01100	0.01342	0.00799	0.00878	0.01401	0.01954	0.02426	0.10244	0.11972	0.40415	0.02219	0.01060	0.00320	0.00537	0.18744	0.00796	0.00741
84	0.01216	0.00912	0.01368	0.01368	0.01520	0.01064	0.01064	0.01520	0.01368	0.01976	0.02279	0.03343	0.02127	0.06382	0.66720	0.01368	0.02279	0.00912	0.00456	0.00760
85	0.01006	0.00862	0.00862	0.00862	0.01149	0.00718	0.00647	0.01221	0.01940	0.02299	0.08621	0.08190	0.64438	0.02155	0.01006	0.00287	0.00431	0.01796	0.00790	0.00718
86	0.01065	0.00752	0.00979	0.01149	0.01191	0.00710	0.00751	0.01192	0.01574	0.02099	0.04408	0.60532	0.05272	0.12158	0.01543	0.00413	0.00540	0.02253	0.00751	0.00667
87	0.02668	0.41676	0.03569	0.01776	0.02378	0.30888	0.01538	0.02918	0.02026	0.02037	0.01241	0.01439	0.01094	0.00793	0.00642	0.00198	0.01182	0.00495	0.00396	0.01046
88	0.01281	0.00945	0.01249	0.01405	0.01613	0.00913	0.01196	0.01626	0.01940	0.02479	0.05357	0.12063	0.17124	0.02325	0.01137	0.00368	0.00698	0.44729	0.00785	0.00766
89	0.02082	0.01998	0.03411	0.08243	0.61952	0.02016	0.02600	0.02591	0.01926	0.02751	0.01597	0.02114	0.01338	0.00763	0.00843	0.00254	0.01017	0.00758	0.00419	0.01329
90	0.69767	0.07564	0.01526	0.01148	0.01692	0.02034	0.00968	0.02506	0.01472	0.03662	0.01185	0.01381	0.00936	0.00785	0.00528	0.00256	0.00680	0.00460	0.00513	0.00936
91	0.02267	0.02527	0.02270	0.02607	0.17792	0.29352	0.01631	0.02599	0.02179	0.02504	0.13437	0.03060	0.05754	0.01544	0.06502	0.00339	0.01203	0.00878	0.00545	0.01010
92	0.01299	0.00859	0.01018	0.01056	0.01233	0.00772	0.00732	0.01461	0.01741	0.07552	0.05616	0.31260	0.25600	0.13896	0.01594	0.00400	0.00548	0.01863	0.00766	0.00736
93	0.01183	0.00942	0.01215	0.01377	0.06674	0.00858	0.00903	0.01484	0.02065	0.02750	0.28983	0.18242	0.26245	0.01968	0.01006	0.00287	0.00481	0.01722	0.00816	0.00800
94	0.01573	0.01457	0.02237	0.01947	0.02091	0.01849	0.06625	0.01860	0.01394	0.02072	0.01710	0.02589	0.01603	0.03702	0.32415	0.00829	0.31916	0.00845	0.00416	0.00870
95	0.02102	0.02019	0.03403	0.04840	0.56337	0.02037	0.05516	0.02782	0.07203	0.02844	0.01767	0.02208	0.01452	0.00790	0.00853	0.00258	0.01004	0.00788	0.00460	0.01338
96	0.02810	0.03395	0.02897	0.03072	0.18369	0.44929	0.07041	0.03143	0.02258	0.02313	0.01422	0.01743	0.01176	0.00833	0.00807	0.00233	0.01395	0.00640	0.00433	0.01091
97	0.01698	0.04154	0.60265	0.08058	0.03870	0.01969	0.03077	0.02650	0.01789	0.02650	0.01526	0.01837	0.01083	0.00812	0.00812	0.00271	0.01247	0.00640	0.00361	0.01231
98	0.09472	0.02120	0.10693	0.02203	0.11221	0.01878	0.04530	0.17593	0.07921	0.03527	0.03183	0.03252	0.13052	0.01137	0.00837	0.00265	0.00844	0.00936	0.04168	0.01167
99	0.01254	0.00923	0.01211	0.01374	0.01515	0.00921	0.01054	0.01686	0.07040	0.02431	0.04516	0.41546	0.05097	0.02419	0.01100	0.00358	0.00617	0.23362	0.00794	0.00782
100	0.01980	0.01907	0.02602	0.02211	0.02269	0.02609	0.01841	0.07189	0.01535	0.02333	0.01197	0.01877	0.01145	0.01449	0.02626	0.00362	0.62733	0.00747	0.00413	0.00975
101	0.02436	0.01237	0.01399	0.01179	0.01578	0.01233	0.00939	0.13081	0.02338	0.19152	0.02793	0.02905	0.02033	0.01012	0.00705	0.00225	0.00574	0.00804	0.43304	0.01073
102	0.01054	0.00748	0.00982	0.01163	0.01208	0.00703	0.00766	0.01189	0.01596	0.02128	0.04518	0.64047	0.05411	0.08453	0.01365	0.00387	0.00522	0.02318	0.00766	0.00676
103	0.01279	0.00925	0.01280	0.01260	0.01384	0.01051	0.00944	0.01535	0.01430	0.02095	0.05510	0.03827	0.02567	0.17191	0.43411	0.01068	0.04660	0.00986	0.06870	0.00727
104	0.01514	0.01427	0.07277	0.21085	0.08493	0.01309	0.01596	0.01797	0.01718	0.02333	0.14504	0.03419	0.05766	0.01676	0.01582	0.21398	0.00840	0.00950	0.00511	0.00806
105	0.01841	0.07452	0.02596	0.17632	0.21283	0.01726	0.04819	0.02313	0.01816	0.02671	0.01838	0.02326	0.01476	0.00822	0.00746	0.00230	0.00864	0.00730	0.19066	0.07755
106	0.02072	0.02226	0.08795	0.04983	0.59540	0.02018	0.02657	0.02619	0.01926	0.02773	0.01594	0.02080	0.01325	0.00763	0.00840	0.00254	0.01032	0.00747	0.00416	0.01340
107	0.05130	0.01606	0.02542	0.30609	0.22066	0.01819	0.02092	0.05482	0.01825	0.02566	0.01694	0.02366	0.01388	0.01848	0.12953	0.00472	0.01276	0.00773	0.00438	0.01056
108	0.18907	0.09715	0.02070	0.05152	0.07478	0.18002	0.01338	0.02398	0.01912	0.02603	0.03122	0.03456	0.15751	0.01188	0.00772	0.00255	0.00914	0.03482	0.00542	0.00942
109	0.06994	0.02129	0.02545	0.05959	0.25267	0.11232	0.01834	0.07863	0.08268	0.12131	0.02071	0.02400	0.01619	0.04803	0.01015	0.00288	0.00979	0.00772	0.00606	0.01228
110	0.02131	0.08277	0.06980	0.06939	0.22703	0.10860	0.17523	0.02651	0.01998	0.02599	0.04744	0.02207	0.01587	0.00813	0.00846	0.00249	0.01155	0.00788	0.00445	0.04504
111	0.05435	0.07818	0.02802	0.10356	0.25202	0.02212	0.01936	0.09534	0.19871	0.03197	0.02125	0.02332	0.01657	0.00911	0.00812	0.00261	0.00895	0.00779	0.00592	0.01273
112	0.19826	0.02051	0.05423	0.01897	0.08121	0.07626	0.01416	0.13940	0.04447	0.03401	0.02055	0.11487	0.01874	0.01099	0.00765	0.00250	0.00831	0.00871	0.00609	0.12012

[dist]
# distance from previous block
# <min> <max>
3	38

[block]
# block no. 1 follows, 21 sequences, length 15
# corresponding to MSA columns:
# 153-167
name=unknown_B
#
# <colnr> <probs for GDERKNQSTAVLIFYWHMCP>
#	G	D	E	R	K	N	Q	S	T	A	V	L	I	F	Y	W	H	M	C	P
0	0.13366	0.15072	0.02409	0.01742	0.02199	0.34886	0.01388	0.02820	0.01991	0.02354	0.01455	0.01778	0.01245	0.01535	0.08980	0.00363	0.01341	0.00575	0.03543	0.00959
1	0.26844	0.01594	0.01411	0.01354	0.01654	0.10821	0.01034	0.02072	0.01563	0.02611	0.02032	0.09009	0.01979	0.07895	0.23880	0.00689	0.01345	0.00876	0.00514	0.00823
2	0.02293	0.01598	0.01964	0.01972	0.10934	0.01608	0.01364	0.20935	0.02640	0.12485	0.04407	0.04514	0.22090	0.01589	0.03121	0.00309	0.00792	0.03457	0.00783	0.01147
3	0.02049	0.02363	0.12384	0.04822	0.56016	0.02015	0.02688	0.02624	0.01918	0.02768	0.01590	0.02062	0.01309	0.00765	0.00838	0.00255	0.01046	0.00740	0.00412	0.01335
4	0.01593	0.01493	0.02441	0.49287	0.13738	0.01742	0.02153	0.02101	0.01770	0.02280	0.02545	0.03095	0.10249	0.01025	0.00872	0.00280	0.01016	0.00906	0.00444	0.00971
5	0.02210	0.02220	0.03353	0.04929	0.58743	0.08306	0.02518	0.02688	0.01984	0.02712	0.01573	0.02051	0.01324	0.00770	0.00835	0.00249	0.01062	0.00738	0.00423	0.01313
6	0.01711	0.01544	0.02379	0.38179	0.14572	0.01791	0.01991	0.02449	0.10505	0.02399	0.01977	0.02850	0.01665	0.10930	0.01357	0.00358	0.01003	0.00856	0.00475	0.01009
7	0.02269	0.02253	0.03013	0.04044	0.43544	0.10980	0.02189	0.05925	0.02093	0.02824	0.01572	0.01973	0.01306	0.00771	0.00802	0.00230	0.01025	0.00692	0.00459	0.12037
8	0.02056	0.02370	0.13838	0.03404	0.24593	0.01992	0.13864	0.11104	0.02145	0.03015	0.01774	0.02259	0.01418	0.01604	0.10322	0.00423	0.01307	0.00808	0.00480	0.01224
9	0.02004	0.02493	0.20242	0.12208	0.12345	0.01849	0.10554	0.08289	0.02111	0.07338	0.02636	0.02886	0.09233	0.01002	0.00879	0.00272	0.01056	0.00895	0.00533	0.01174
10	0.13383	0.01571	0.02224	0.04747	0.11372	0.01649	0.09987	0.02600	0.15378	0.02915	0.03154	0.17732	0.07018	0.01374	0.00888	0.00292	0.00789	0.01237	0.00645	0.01045
11	0.02359	0.02736	0.14646	0.10322	0.03108	0.11783	0.01925	0.15415	0.22371	0.03365	0.02231	0.02317	0.01659	0.00980	0.00835	0.00267	0.01027	0.00770	0.00639	0.01246
12	0.01899	0.05148	0.01719	0.01412	0.01705	0.01540	0.01074	0.18609	0.05278	0.02986	0.02647	0.15354	0.02623	0.12303	0.10867	0.08655	0.00972	0.01152	0.03147	0.00912
13	0.13000	0.02002	0.02237	0.02258	0.11143	0.06768	0.01586	0.08837	0.19144	0.05069	0.02306	0.02458	0.03974	0.01112	0.01186	0.00287	0.14042	0.00797	0.00627	0.01168
14	0.02402	0.06123	0.02200	0.07756	0.02538	0.20404	0.01465	0.13061	0.14319	0.03140	0.09889	0.02739	0.02406	0.01265	0.03295	0.00291	0.01033	0.00828	0.03748	0.01097

[dist]
# distance from previous block
# <min> <max>
12	41

[block]
# block no. 2 follows, 21 sequences, length 8
# corresponding to MSA columns:
# 215-222
name=unknown_C
#
# <colnr> <probs for GDERKNQSTAVLIFYWHMCP>
#	G	D	E	R	K	N	Q	S	T	A	V	L	I	F	Y	W	H	M	C	P
0	0.02310	0.02164	0.02506	0.02974	0.24528	0.13203	0.01784	0.15075	0.02302	0.02972	0.01857	0.02525	0.01618	0.08489	0.11490	0.00478	0.01267	0.00794	0.00530	0.01132
1	0.02114	0.21333	0.03586	0.02922	0.20293	0.02375	0.11942	0.02941	0.13519	0.02699	0.01851	0.02107	0.01497	0.00808	0.00775	0.00236	0.00962	0.00734	0.00497	0.06812
2	0.02424	0.02808	0.02786	0.02724	0.13114	0.32320	0.11827	0.02810	0.02263	0.02563	0.13450	0.02679	0.02494	0.00995	0.00865	0.00246	0.01214	0.00850	0.00529	0.01040
3	0.05879	0.15701	0.02761	0.02099	0.07220	0.21009	0.01586	0.14863	0.14971	0.03143	0.01889	0.01976	0.01484	0.00921	0.00757	0.00238	0.01043	0.00670	0.00595	0.01196
4	0.22954	0.18563	0.02540	0.07934	0.08470	0.02195	0.01424	0.02727	0.10338	0.02935	0.01623	0.01838	0.01309	0.00806	0.00655	0.00228	0.00797	0.00593	0.00507	0.11563
5	0.01586	0.01477	0.02276	0.14167	0.29614	0.01484	0.01792	0.01988	0.01898	0.02487	0.04362	0.04540	0.26261	0.01326	0.00908	0.00272	0.00803	0.01168	0.00560	0.01031
6	0.01696	0.01248	0.01690	0.01489	0.01821	0.01214	0.06575	0.11926	0.02282	0.06984	0.12964	0.28265	0.14601	0.01886	0.00999	0.00299	0.00647	0.01678	0.00805	0.00931
7	0.02178	0.08586	0.02334	0.02318	0.13965	0.20058	0.01514	0.02758	0.11064	0.02399	0.02449	0.03436	0.04588	0.12780	0.01421	0.00351	0.01027	0.05216	0.00545	0.01013

[dist]
# distance from previous block
# <min> <max>
0	2

[block]
# block no. 3 follows, 21 sequences, length 21
# corresponding to MSA columns:
# 225-245
name=unknown_D
#
# <colnr> <probs for GDERKNQSTAVLIFYWHMCP>
#	G	D	E	R	K	N	Q	S	T	A	V	L	I	F	Y	W	H	M	C	P
0	0.02560	0.18175	0.06942	0.02979	0.21790	0.28859	0.01990	0.02925	0.02078	0.02317	0.01387	0.01689	0.01172	0.00803	0.00744	0.00224	0.01218	0.00597	0.00412	0.01138
1	0.02632	0.11164	0.08946	0.02025	0.02576	0.31646	0.01726	0.07118	0.14528	0.02640	0.01787	0.01924	0.01419	0.00956	0.00899	0.00246	0.05458	0.00655	0.00530	0.01125
2	0.06486	0.01249	0.01626	0.06437	0.05863	0.01367	0.01191	0.01879	0.01834	0.06457	0.16970	0.04778	0.17557	0.08851	0.01617	0.00350	0.12753	0.01203	0.00663	0.00869
3	0.01066	0.00818	0.00981	0.01075	0.01244	0.00734	0.00778	0.01283	0.01852	0.02372	0.12113	0.34876	0.28824	0.02351	0.01053	0.00319	0.00481	0.06254	0.00804	0.00720
4	0.02470	0.02453	0.02114	0.01818	0.02322	0.20146	0.01418	0.11691	0.25000	0.03183	0.02528	0.02528	0.04313	0.01046	0.00892	0.00247	0.03755	0.00785	0.00674	0.10617
5	0.03853	0.01556	0.01434	0.04264	0.01697	0.14720	0.01012	0.01797	0.01579	0.01929	0.02501	0.07084	0.06077	0.18931	0.14848	0.13333	0.01207	0.01000	0.00489	0.00690
6	0.02219	0.16311	0.08832	0.01656	0.02193	0.06126	0.01471	0.20569	0.02366	0.03079	0.02073	0.07416	0.01914	0.10500	0.09182	0.00453	0.01116	0.00874	0.00580	0.01069
7	0.22793	0.12415	0.06598	0.14488	0.06664	0.19238	0.01709	0.02702	0.01843	0.02651	0.01328	0.01658	0.01068	0.00815	0.00692	0.00244	0.01077	0.00568	0.00435	0.01015
8	0.02161	0.06187	0.02991	0.08297	0.31118	0.10808	0.05728	0.05731	0.02022	0.02671	0.01697	0.02190	0.01411	0.01371	0.07446	0.00358	0.01200	0.00745	0.04712	0.01156
9	0.02571	0.03068	0.03233	0.02979	0.12225	0.34982	0.18603	0.02977	0.02164	0.02359	0.01531	0.01944	0.01252	0.01156	0.04931	0.00314	0.01476	0.00730	0.00435	0.01071
10	0.29246	0.02878	0.16579	0.04703	0.02658	0.15059	0.01754	0.12353	0.02147	0.03390	0.01443	0.01654	0.01087	0.00852	0.00707	0.00255	0.01038	0.00579	0.00517	0.01098
11	0.01648	0.13740	0.02298	0.06535	0.14572	0.05741	0.01434	0.01922	0.01764	0.02259	0.03017	0.35001	0.03370	0.01702	0.00905	0.00286	0.00781	0.01505	0.00590	0.00931
12	0.01666	0.01195	0.01280	0.01147	0.01537	0.01137	0.00893	0.08166	0.09409	0.09493	0.06777	0.06404	0.44042	0.01803	0.00957	0.00282	0.00543	0.01492	0.00833	0.00945
13	0.01817	0.06760	0.34563	0.02951	0.18086	0.02074	0.02609	0.02498	0.01733	0.02544	0.01530	0.01971	0.01227	0.01290	0.05914	0.00355	0.09816	0.00687	0.00383	0.01193
14	0.15217	0.03016	0.09437	0.02612	0.15139	0.25595	0.01878	0.12013	0.02328	0.03091	0.01486	0.01731	0.01169	0.00853	0.00759	0.00245	0.01157	0.00618	0.00505	0.01149
15	0.06031	0.05365	0.02410	0.29586	0.15579	0.06535	0.01868	0.02186	0.01730	0.02314	0.01930	0.09354	0.01830	0.08400	0.01204	0.00330	0.01002	0.00931	0.00456	0.00961
16	0.02185	0.02633	0.14974	0.03774	0.26947	0.06284	0.20886	0.02813	0.01998	0.06710	0.01719	0.02122	0.01314	0.00781	0.00882	0.00265	0.01203	0.00804	0.00455	0.01252
17	0.06910	0.02536	0.22156	0.02406	0.08524	0.01790	0.10771	0.10027	0.02106	0.06982	0.02338	0.15177	0.02123	0.01194	0.00884	0.00283	0.00998	0.01066	0.00577	0.01153
18	0.02049	0.01635	0.02324	0.09593	0.21386	0.01657	0.01708	0.10164	0.06055	0.07118	0.02521	0.16324	0.02355	0.01231	0.00872	0.00263	0.00819	0.01096	0.00630	0.10200
19	0.01683	0.06557	0.02158	0.02419	0.19327	0.05635	0.01481	0.02026	0.01721	0.02352	0.02579	0.08182	0.06292	0.02914	0.23011	0.00623	0.01331	0.00969	0.05411	0.03328
20	0.02715	0.03138	0.10419	0.02147	0.05586	0.28132	0.01764	0.19711	0.02686	0.03192	0.02040	0.02178	0.05222	0.00966	0.00805	0.00235	0.01168	0.00706	0.00572	0.06618

[dist]
# distance from previous block
# <min> <max>
0	62

[block]
# block no. 4 follows, 21 sequences, length 17
# corresponding to MSA columns:
# 309-325
name=unknown_E
#
# <colnr> <probs for GDERKNQSTAVLIFYWHMCP>
#	G	D	E	R	K	N	Q	S	T	A	V	L	I	F	Y	W	H	M	C	P
0	0.02491	0.05392	0.03071	0.08455	0.34469	0.13216	0.02175	0.14837	0.02414	0.03111	0.01618	0.01976	0.01299	0.00838	0.00819	0.00247	0.01090	0.00711	0.00506	0.01266
1	0.02329	0.02117	0.02138	0.17004	0.03036	0.13378	0.01573	0.23535	0.02691	0.03321	0.03150	0.06303	0.13336	0.01246	0.00876	0.00266	0.00973	0.00996	0.00655	0.01078
2	0.20818	0.08335	0.02436	0.02224	0.10106	0.30803	0.01570	0.09342	0.02234	0.02942	0.01387	0.01610	0.01123	0.00845	0.00709	0.00235	0.01141	0.00569	0.00497	0.01074
3	0.01780	0.01466	0.01792	0.08861	0.07257	0.01503	0.01320	0.05414	0.18878	0.05300	0.04367	0.04480	0.20507	0.01358	0.00886	0.00267	0.00691	0.03225	0.00716	0.09935
4	0.10525	0.02285	0.02420	0.07709	0.15345	0.14237	0.01757	0.09008	0.14838	0.05415	0.01953	0.02159	0.01517	0.00966	0.00950	0.00267	0.06148	0.00732	0.00587	0.01183
5	0.02292	0.01714	0.01732	0.01541	0.01979	0.06807	0.01196	0.06233	0.31013	0.12578	0.03616	0.07888	0.07237	0.01274	0.00852	0.00272	0.00701	0.01050	0.08842	0.01185
6	0.01937	0.01678	0.01948	0.13320	0.02648	0.08645	0.01476	0.15004	0.02113	0.02760	0.01989	0.02675	0.01693	0.03646	0.33646	0.00810	0.01705	0.00813	0.00526	0.00967
7	0.01743	0.01690	0.02891	0.19983	0.29443	0.01739	0.09460	0.02231	0.01887	0.02522	0.03028	0.03414	0.14181	0.01062	0.00898	0.00272	0.00976	0.01000	0.00487	0.01093
8	0.02452	0.02930	0.01963	0.01834	0.02179	0.43470	0.01376	0.02680	0.02123	0.02093	0.02506	0.07240	0.08436	0.02107	0.12422	0.00437	0.01475	0.00875	0.00504	0.00897
9	0.01886	0.02133	0.07283	0.05137	0.22937	0.09566	0.01924	0.02262	0.01840	0.02405	0.03042	0.03343	0.15508	0.01252	0.01285	0.00284	0.15414	0.00955	0.00490	0.01053
10	0.02586	0.01943	0.02153	0.01759	0.02275	0.02170	0.01415	0.39015	0.11948	0.04266	0.02328	0.02641	0.01830	0.05755	0.13409	0.00500	0.01145	0.00847	0.00761	0.01254
11	0.01809	0.05184	0.12762	0.03336	0.31621	0.01818	0.02116	0.02302	0.01889	0.02705	0.12653	0.03005	0.02579	0.06048	0.01255	0.00306	0.06080	0.00895	0.00503	0.01134
12	0.17391	0.01995	0.04716	0.07760	0.26845	0.07020	0.01831	0.02681	0.07260	0.02969	0.02056	0.02363	0.04258	0.00899	0.00761	0.00256	0.00895	0.00743	0.06175	0.01127
13	0.02445	0.02539	0.02564	0.06553	0.24209	0.23483	0.01865	0.09586	0.02312	0.02803	0.02192	0.02475	0.06347	0.00961	0.00815	0.00243	0.01095	0.00774	0.05610	0.01129
14	0.01981	0.08750	0.42862	0.02848	0.14770	0.09080	0.02760	0.02745	0.01884	0.02594	0.01493	0.01794	0.01131	0.00801	0.00791	0.00255	0.01217	0.00631	0.00380	0.01233
15	0.17479	0.02485	0.02528	0.02890	0.20959	0.20367	0.01833	0.02691	0.01836	0.02639	0.01332	0.01745	0.01140	0.00955	0.01174	0.00271	0.15535	0.00635	0.00437	0.01070
16	0.01647	0.02723	0.31653	0.02470	0.13899	0.01611	0.02240	0.02325	0.01801	0.02707	0.06807	0.02619	0.01973	0.01783	0.11312	0.00433	0.01210	0.00789	0.08891	0.01106

[dist]
# distance from previous block
# <min> <max>
16	49

[block]
# block no. 5 follows, 21 sequences, length 9
# corresponding to MSA columns:
# 378-386
name=unknown_F
#
# <colnr> <probs for GDERKNQSTAVLIFYWHMCP>
#	G	D	E	R	K	N	Q	S	T	A	V	L	I	F	Y	W	H	M	C	P
0	0.06847	0.14343	0.07677	0.04185	0.06153	0.04900	0.03929	0.07702	0.02099	0.02834	0.11405	0.03720	0.14683	0.01491	0.04230	0.00310	0.00898	0.00992	0.00597	0.01006
1	0.02271	0.02368	0.02247	0.02586	0.16527	0.23955	0.01678	0.07609	0.02247	0.02631	0.02702	0.11217	0.04777	0.01392	0.00914	0.00280	0.01062	0.11922	0.00588	0.01027
2	0.02862	0.02437	0.02295	0.01872	0.02416	0.14602	0.01501	0.39937	0.03315	0.04253	0.07280	0.02437	0.02009	0.01553	0.06960	0.00353	0.01130	0.00804	0.00743	0.01240
3	0.19748	0.05302	0.01711	0.01688	0.08827	0.13079	0.01156	0.02146	0.01894	0.02667	0.04340	0.04315	0.27354	0.01365	0.00805	0.00260	0.00774	0.01064	0.00600	0.00906
4	0.02727	0.02518	0.02344	0.02087	0.06389	0.17021	0.01555	0.24761	0.16857	0.03738	0.02114	0.02159	0.01603	0.00958	0.00810	0.00240	0.00983	0.00731	0.00693	0.09714
5	0.01953	0.01941	0.02964	0.11998	0.22941	0.05129	0.08845	0.02558	0.07462	0.02527	0.01862	0.06718	0.01654	0.01102	0.01316	0.00296	0.16243	0.00904	0.00473	0.01116
6	0.02108	0.05260	0.04543	0.01955	0.09150	0.01795	0.01423	0.08575	0.22848	0.08517	0.03174	0.03344	0.07445	0.05101	0.07686	0.00405	0.00914	0.00946	0.03638	0.01172
7	0.07097	0.21308	0.19305	0.01826	0.02509	0.15751	0.01828	0.02566	0.01802	0.02319	0.01510	0.01892	0.01275	0.01863	0.13276	0.00444	0.01377	0.00608	0.00407	0.01039
8	0.06078	0.12066	0.08154	0.01668	0.02196	0.15545	0.01446	0.16577	0.02335	0.03053	0.01841	0.02372	0.01563	0.09051	0.04546	0.00356	0.01074	0.00713	0.08320	0.01047

[dist]
# distance from previous block
# <min> <max>
52	105

[block]
# block no. 6 follows, 21 sequences, length 40
# corresponding to MSA columns:
# 521-560
name=unknown_G
#
# <colnr> <probs for GDERKNQSTAVLIFYWHMCP>
#	G	D	E	R	K	N	Q	S	T	A	V	L	I	F	Y	W	H	M	C	P
0	0.01770	0.02313	0.18652	0.03035	0.26159	0.01675	0.02121	0.06522	0.02023	0.02794	0.03285	0.09422	0.14145	0.01242	0.00889	0.00273	0.00907	0.01083	0.00543	0.01147
1	0.02006	0.13681	0.02953	0.02994	0.24627	0.11154	0.05997	0.02354	0.01896	0.02388	0.02292	0.19251	0.02365	0.01258	0.00855	0.00262	0.00966	0.01121	0.00509	0.01070
2	0.02447	0.02822	0.04737	0.02197	0.09353	0.31673	0.01571	0.08261	0.06688	0.02641	0.03192	0.03245	0.15274	0.01176	0.00845	0.00248	0.01104	0.00901	0.00579	0.01047
3	0.02504	0.02218	0.02852	0.02206	0.02794	0.08086	0.14789	0.26919	0.02731	0.03660	0.01854	0.02184	0.01436	0.01421	0.06841	0.00354	0.05968	0.00792	0.03834	0.06558
4	0.02529	0.16368	0.03453	0.03145	0.21812	0.26507	0.09204	0.02907	0.02083	0.02359	0.01426	0.01769	0.01196	0.00792	0.00775	0.00230	0.01239	0.00650	0.00418	0.01138
5	0.05382	0.02606	0.19135	0.02067	0.07439	0.10816	0.01829	0.02981	0.10760	0.10616	0.12029	0.03095	0.05411	0.01098	0.00846	0.00263	0.00932	0.00890	0.00649	0.01153
6	0.01846	0.03934	0.49493	0.02662	0.03793	0.05309	0.15584	0.02737	0.01873	0.02670	0.01558	0.01890	0.01125	0.00793	0.00848	0.00271	0.01310	0.00705	0.00379	0.01220
7	0.01216	0.00912	0.01368	0.01368	0.01520	0.01064	0.01064	0.01520	0.01368	0.01976	0.02279	0.03343	0.02127	0.06382	0.66720	0.01368	0.02279	0.00912	0.00456	0.00760
8	0.01786	0.03932	0.53387	0.02978	0.15756	0.01985	0.03039	0.02679	0.01825	0.02712	0.01542	0.01858	0.01131	0.00799	0.00815	0.00266	0.01209	0.00654	0.00372	0.01276
9	0.02106	0.02108	0.03180	0.17358	0.47428	0.07939	0.02474	0.02598	0.01935	0.02596	0.01557	0.02086	0.01283	0.00787	0.00837	0.00256	0.01084	0.00739	0.00414	0.01235
10	0.01370	0.01359	0.05105	0.01667	0.01999	0.01218	0.11375	0.01700	0.01769	0.02311	0.04597	0.13269	0.20904	0.11237	0.01620	0.00390	0.05693	0.10964	0.00638	0.00814
11	0.32975	0.01516	0.01451	0.01177	0.01743	0.01513	0.00950	0.06597	0.01797	0.03462	0.01616	0.01850	0.01279	0.00783	0.00597	0.00204	0.00627	0.00551	0.12411	0.26900
12	0.01031	0.00765	0.00963	0.01121	0.01218	0.00697	0.00762	0.01192	0.01691	0.02197	0.05467	0.57416	0.17249	0.02565	0.01070	0.00334	0.00481	0.02296	0.00790	0.00697
13	0.01707	0.04402	0.65683	0.02426	0.03683	0.01976	0.03144	0.02695	0.01797	0.02695	0.01527	0.01797	0.01078	0.00809	0.00809	0.00270	0.01258	0.00629	0.00359	0.01258
14	0.01038	0.00863	0.00907	0.00896	0.01169	0.00732	0.00672	0.01285	0.02017	0.02482	0.17775	0.07889	0.55170	0.02087	0.01005	0.00284	0.00426	0.01754	0.00814	0.00732
15	0.01202	0.00856	0.01094	0.01052	0.01211	0.00801	0.00753	0.01522	0.02169	0.03048	0.50795	0.09329	0.07063	0.13543	0.01580	0.00367	0.00479	0.01530	0.00857	0.00748
16	0.02275	0.70604	0.04459	0.01456	0.02184	0.03367	0.01456	0.02548	0.01729	0.02002	0.01183	0.01365	0.01092	0.00728	0.00546	0.00182	0.00910	0.00455	0.00364	0.01092
17	0.01006	0.00862	0.00862	0.00862	0.01149	0.00718	0.00647	0.01221	0.01940	0.02299	0.08621	0.08190	0.64438	0.02155	0.01006	0.00287	0.00431	0.01796	0.00790	0.00718
18	0.01313	0.01024	0.01430	0.01377	0.01469	0.01221	0.01036	0.01522	0.01325	0.01902	0.02218	0.03706	0.02233	0.22073	0.41639	0.01087	0.11273	0.00972	0.00459	0.00721
19	0.01478	0.00739	0.01109	0.01109	0.01109	0.00739	0.00739	0.01109	0.01109	0.01478	0.01478	0.02587	0.01478	0.02956	0.03326	0.75240	0.00739	0.00739	0.00370	0.00370
20	0.01020	0.00863	0.00882	0.00877	0.01158	0.00724	0.00658	0.01249	0.01973	0.02378	0.12571	0.08060	0.60439	0.02126	0.01006	0.00286	0.00429	0.01778	0.00801	0.00724
21	0.09222	0.02308	0.01731	0.01540	0.01949	0.24139	0.01188	0.12137	0.04840	0.03140	0.02559	0.02710	0.07195	0.01049	0.00738	0.00232	0.00917	0.00770	0.20642	0.00992
22	0.01125	0.00876	0.01035	0.01077	0.01305	0.00786	0.00838	0.01410	0.02019	0.02582	0.19756	0.13703	0.34805	0.02149	0.01046	0.00309	0.00500	0.13110	0.00821	0.00747
23	0.01707	0.04402	0.65683	0.02426	0.03683	0.01976	0.03144	0.02695	0.01797	0.02695	0.01527	0.01797	0.01078	0.00809	0.00809	0.00270	0.01258	0.00629	0.00359	0.01258
24	0.02071	0.01986	0.03390	0.09678	0.60606	0.02013	0.02594	0.02581	0.01921	0.02737	0.01594	0.02118	0.01333	0.00765	0.00843	0.00255	0.01020	0.00758	0.00418	0.01319
25	0.01951	0.32813	0.39409	0.02010	0.03040	0.02573	0.02420	0.02632	0.01768	0.02398	0.01380	0.01611	0.01084	0.00774	0.00696	0.00232	0.01109	0.00554	0.00361	0.01187
26	0.09752	0.03394	0.02406	0.02288	0.07023	0.45709	0.01654	0.10028	0.02425	0.02674	0.01400	0.01636	0.01140	0.00905	0.00851	0.00237	0.04341	0.00590	0.00491	0.01058
27	0.01978	0.01891	0.03222	0.21378	0.49632	0.01988	0.02548	0.02499	0.01877	0.02624	0.01578	0.02148	0.01293	0.00782	0.00845	0.00261	0.01043	0.00758	0.00410	0.01244
28	0.02361	0.02656	0.02475	0.02827	0.19044	0.30165	0.01791	0.02674	0.01973	0.02244	0.01591	0.02112	0.01393	0.02107	0.15523	0.00493	0.06409	0.00699	0.00433	0.01029
29	0.02150	0.16286	0.17322	0.03582	0.33186	0.08221	0.02412	0.02690	0.01909	0.02544	0.01476	0.01839	0.01215	0.00774	0.00769	0.00239	0.01094	0.00650	0.00398	0.01244
30	0.01353	0.00888	0.01018	0.01002	0.01071	0.00910	0.00631	0.03826	0.01449	0.02049	0.02721	0.07744	0.02937	0.49820	0.09007	0.00747	0.00886	0.01185	0.10137	0.00618
31	0.01533	0.01219	0.01311	0.01143	0.01579	0.01113	0.00887	0.04725	0.11172	0.05447	0.06020	0.05754	0.38057	0.01627	0.00902	0.00255	0.00539	0.01347	0.00763	0.14607
32	0.05468	0.06858	0.52759	0.02571	0.07973	0.02044	0.05413	0.02674	0.01796	0.02728	0.01509	0.01801	0.01099	0.00797	0.00794	0.00265	0.01203	0.00638	0.00375	0.01236
33	0.02572	0.02930	0.02296	0.02425	0.12922	0.36944	0.01610	0.08037	0.02379	0.02536	0.02872	0.02992	0.13686	0.01122	0.00835	0.00242	0.01174	0.00850	0.00542	0.01036
34	0.02748	0.16211	0.02638	0.01811	0.02332	0.26219	0.01472	0.14980	0.05261	0.05949	0.01785	0.01981	0.01425	0.01411	0.06823	0.00330	0.01232	0.00652	0.03629	0.01111
35	0.21641	0.17713	0.02542	0.01678	0.02242	0.20907	0.01386	0.11472	0.07833	0.03117	0.01554	0.01682	0.01239	0.00868	0.00678	0.00234	0.01006	0.00574	0.00543	0.01092
36	0.01355	0.00925	0.01263	0.01244	0.01402	0.01062	0.00968	0.01680	0.01485	0.02326	0.02366	0.03220	0.02093	0.04577	0.44384	0.00979	0.05024	0.00869	0.22000	0.00778
37	0.01263	0.01019	0.01298	0.01282	0.01440	0.01104	0.00998	0.01489	0.01622	0.02132	0.04609	0.06114	0.22728	0.13969	0.16032	0.00637	0.09984	0.10929	0.00617	0.00734
38	0.01651	0.01413	0.02160	0.02094	0.07804	0.01632	0.06225	0.07356	0.01703	0.02433	0.01964	0.02788	0.01764	0.04133	0.39071	0.00916	0.12621	0.00865	0.00474	0.00936
39	0.02131	0.08356	0.02119	0.11848	0.02572	0.25262	0.01413	0.04951	0.02003	0.02218	0.02359	0.19511	0.02466	0.07689	0.01174	0.00316	0.01058	0.01126	0.00538	0.00891

[dist]
# distance from previous block
# <min> <max>
0	8

[block]
# block no. 7 follows, 21 sequences, length 67
# corresponding to MSA columns:
# 569-635
name=unknown_H
#
# <colnr> <probs for GDERKNQSTAVLIFYWHMCP>
#	G	D	E	R	K	N	Q	S	T	A	V	L	I	F	Y	W	H	M	C	P
0	0.01358	0.00928	0.01207	0.01184	0.01322	0.01020	0.00865	0.03895	0.01500	0.02204	0.02455	0.03870	0.02371	0.22632	0.37060	0.00997	0.01543	0.00976	0.11886	0.00726
1	0.03134	0.03580	0.02453	0.02141	0.02615	0.49312	0.01648	0.16654	0.02725	0.02827	0.01472	0.01665	0.01177	0.00937	0.00875	0.00234	0.04328	0.00606	0.00529	0.01089
2	0.01232	0.00849	0.01047	0.01047	0.01089	0.00890	0.00664	0.01314	0.01273	0.01738	0.02572	0.04965	0.02832	0.52805	0.21260	0.00972	0.01220	0.01149	0.00499	0.00582
3	0.01405	0.01149	0.01564	0.01460	0.01516	0.01415	0.01099	0.01571	0.01305	0.01884	0.02091	0.03695	0.02177	0.26989	0.27216	0.00901	0.20409	0.00977	0.00453	0.00724
4	0.02449	0.47823	0.03785	0.01710	0.02296	0.18391	0.01542	0.02701	0.01849	0.02026	0.01208	0.01455	0.01096	0.00840	0.00825	0.00210	0.07855	0.00506	0.00383	0.01051
5	0.02981	0.03324	0.02319	0.02031	0.02507	0.44030	0.01558	0.16017	0.06448	0.02981	0.06249	0.02100	0.01774	0.00989	0.00809	0.00235	0.01269	0.00694	0.00591	0.01095
6	0.01068	0.00800	0.00992	0.01081	0.01223	0.00724	0.00759	0.01291	0.01884	0.02491	0.19476	0.40236	0.20213	0.02329	0.01048	0.00314	0.00457	0.02066	0.00824	0.00724
7	0.01862	0.01862	0.02607	0.02234	0.02234	0.02607	0.01862	0.02048	0.01303	0.02048	0.01117	0.01862	0.01117	0.01489	0.02793	0.00372	0.68535	0.00745	0.00372	0.00931
8	0.01028	0.00869	0.00893	0.00905	0.01187	0.00734	0.00691	0.01254	0.01941	0.02314	0.08371	0.08275	0.60824	0.02167	0.01016	0.00294	0.00452	0.05271	0.00790	0.00722
9	0.01023	0.00868	0.00886	0.00895	0.01178	0.00731	0.00680	0.01247	0.01941	0.02311	0.08429	0.08256	0.61656	0.02164	0.01014	0.00292	0.00448	0.04472	0.00790	0.00721
