[name]
unknown

[dist]
# distance from previous block
# <min> <max>
0	26

[block]
# block no. 0 follows, 19 sequences, length 21
# corresponding to MSA columns:
# 26-46
name=unknown_A
#
# <colnr> <probs for GDERKNQSTAVLIFYWHMCP>
#	G	D	E	R	K	N	Q	S	T	A	V	L	I	F	Y	W	H	M	C	P
0	0.01533	0.01222	0.01863	0.08815	0.02505	0.01220	0.05656	0.01989	0.02056	0.02737	0.08528	0.07834	0.04429	0.01994	0.01130	0.00361	0.00870	0.38352	0.00742	0.06165
1	0.01454	0.01245	0.01844	0.13314	0.14591	0.01266	0.01500	0.01789	0.01868	0.02441	0.04491	0.21488	0.16840	0.05952	0.01245	0.00353	0.00776	0.05970	0.00659	0.00915
2	0.02916	0.02422	0.03010	0.10452	0.12673	0.05772	0.06115	0.37148	0.03342	0.04436	0.01945	0.02178	0.01435	0.00979	0.00900	0.00272	0.01092	0.00809	0.00711	0.01394
3	0.01408	0.08414	0.09176	0.01318	0.01698	0.01234	0.01175	0.01799	0.02058	0.02838	0.22356	0.20436	0.13379	0.01834	0.00967	0.00289	0.00616	0.01583	0.06529	0.00893
4	0.01395	0.00921	0.01257	0.01257	0.01431	0.01033	0.00971	0.01743	0.01569	0.02454	0.02553	0.03461	0.02254	0.05013	0.45738	0.01070	0.01804	0.00921	0.22346	0.00809
5	0.01784	0.01290	0.01468	0.01349	0.01601	0.01329	0.00973	0.17052	0.02377	0.03175	0.09887	0.22015	0.08747	0.20483	0.02009	0.00465	0.00725	0.01585	0.00784	0.00903
6	0.01204	0.00849	0.01016	0.01074	0.01148	0.00808	0.00686	0.01330	0.01662	0.02211	0.11541	0.26192	0.10870	0.32334	0.02664	0.00575	0.00658	0.01800	0.00719	0.00661
7	0.42952	0.01542	0.01482	0.01257	0.01805	0.01632	0.01028	0.03086	0.01891	0.22240	0.02180	0.02203	0.01535	0.00945	0.00670	0.00267	0.00675	0.00661	0.10828	0.01120
8	0.24716	0.01547	0.01541	0.01313	0.01783	0.01623	0.01032	0.13503	0.02267	0.11504	0.03715	0.04032	0.15553	0.10618	0.01334	0.00363	0.00728	0.01033	0.00754	0.01042
9	0.02637	0.01935	0.02140	0.01790	0.02286	0.02097	0.01413	0.40572	0.03382	0.04529	0.03068	0.23911	0.02975	0.01646	0.00977	0.00300	0.00831	0.01380	0.00874	0.01259
10	0.17856	0.01000	0.01097	0.01213	0.01376	0.01026	0.00844	0.01563	0.01644	0.02643	0.03965	0.49062	0.04630	0.06387	0.01218	0.00375	0.00580	0.02000	0.00750	0.00770
11	0.01279	0.00947	0.01157	0.01243	0.01402	0.00902	0.00874	0.05932	0.02023	0.02662	0.09400	0.48264	0.15552	0.02506	0.01102	0.00340	0.00538	0.02229	0.00846	0.00803
12	0.19039	0.01492	0.01633	0.01408	0.01916	0.01520	0.01120	0.03317	0.13909	0.23230	0.07880	0.07165	0.10042	0.01348	0.00866	0.00290	0.00661	0.01087	0.00885	0.01192
13	0.02915	0.02265	0.02411	0.01960	0.02589	0.02547	0.01583	0.37163	0.27829	0.04855	0.02765	0.02640	0.02021	0.01132	0.00901	0.00283	0.00870	0.00891	0.00901	0.01478
14	0.01090	0.00779	0.01038	0.01246	0.01298	0.00727	0.00830	0.01246	0.01713	0.02284	0.04931	0.67975	0.05917	0.02803	0.01142	0.00363	0.00519	0.02543	0.00830	0.00727
15	0.01350	0.00980	0.01207	0.01284	0.01430	0.00956	0.00896	0.07366	0.02029	0.02702	0.08792	0.49533	0.09433	0.05982	0.01284	0.00370	0.00574	0.02189	0.00833	0.00809
16	0.01090	0.00779	0.01038	0.01246	0.01298	0.00727	0.00830	0.01246	0.01713	0.02284	0.04931	0.67975	0.05917	0.02803	0.01142	0.00363	0.00519	0.02543	0.00830	0.00727
17	0.03443	0.02260	0.02511	0.01945	0.02641	0.02433	0.01600	0.44494	0.07999	0.17488	0.02542	0.02420	0.01752	0.01091	0.00897	0.00273	0.00918	0.00840	0.00940	0.01514
18	0.02038	0.02065	0.02201	0.01906	0.02161	0.16335	0.07365	0.04431	0.01818	0.02230	0.02032	0.03382	0.02013	0.22673	0.12896	0.00658	0.11477	0.00952	0.00494	0.00874
19	0.06499	0.01846	0.02375	0.05513	0.07511	0.01932	0.05092	0.11532	0.19390	0.19095	0.03295	0.03184	0.06399	0.01145	0.00904	0.00287	0.00844	0.00964	0.00842	0.01352
20	0.02870	0.02697	0.02290	0.02141	0.06771	0.25078	0.01555	0.14882	0.07004	0.09587	0.07006	0.03154	0.08693	0.01194	0.00892	0.00262	0.01082	0.00919	0.00725	0.01198

[dist]
# distance from previous block
# <min> <max>
0	1

[block]
# block no. 1 follows, 19 sequences, length 10
# corresponding to MSA columns:
# 48-57
name=unknown_B
#
# <colnr> <probs for GDERKNQSTAVLIFYWHMCP>
#	G	D	E	R	K	N	Q	S	T	A	V	L	I	F	Y	W	H	M	C	P
0	0.02028	0.02048	0.01961	0.01749	0.02034	0.18668	0.05629	0.05416	0.02137	0.02585	0.12714	0.12464	0.03556	0.15531	0.04629	0.00456	0.03626	0.01242	0.00639	0.00888
1	0.01399	0.00911	0.01180	0.01250	0.01329	0.00901	0.00843	0.05379	0.01698	0.02266	0.03606	0.38940	0.04156	0.10716	0.02146	0.19448	0.00661	0.01814	0.00686	0.00673
2	0.02204	0.53504	0.13117	0.01673	0.02466	0.03108	0.01755	0.02605	0.01794	0.02210	0.01400	0.01688	0.01243	0.01310	0.06385	0.00317	0.01139	0.00548	0.00391	0.01142
3	0.01295	0.00891	0.01095	0.01095	0.01137	0.00932	0.00691	0.01378	0.01336	0.01823	0.02710	0.05250	0.02990	0.52568	0.20185	0.01015	0.01263	0.01212	0.00526	0.00608
4	0.02245	0.02359	0.03405	0.20537	0.31987	0.12043	0.09144	0.02771	0.02060	0.02636	0.01626	0.02187	0.01310	0.00837	0.00895	0.00273	0.01235	0.00792	0.00435	0.01223
5	0.02186	0.01927	0.02129	0.01898	0.02330	0.02301	0.01496	0.04371	0.52530	0.03508	0.03278	0.03135	0.02502	0.01266	0.01209	0.00316	0.10455	0.00978	0.00834	0.01352
6	0.01830	0.01733	0.02937	0.50127	0.21347	0.02025	0.02554	0.02409	0.01855	0.02456	0.01615	0.02340	0.01253	0.00868	0.00892	0.00289	0.01158	0.00796	0.00410	0.01107
7	0.01072	0.00849	0.00965	0.01057	0.01248	0.00743	0.00747	0.01267	0.01894	0.02358	0.07222	0.35053	0.37359	0.02505	0.01095	0.00329	0.00483	0.02180	0.00831	0.00743
8	0.01879	0.01954	0.01516	0.01402	0.01785	0.17887	0.01065	0.05941	0.05677	0.02644	0.06278	0.06043	0.39012	0.01774	0.00972	0.00281	0.00808	0.01422	0.00742	0.00917
9	0.01102	0.00921	0.00969	0.00993	0.01283	0.00787	0.00768	0.01350	0.02042	0.02447	0.08560	0.08782	0.55932	0.02290	0.01078	0.00315	0.00496	0.08292	0.00830	0.00763

[dist]
# distance from previous block
# <min> <max>
0	8

[block]
# block no. 2 follows, 19 sequences, length 31
# corresponding to MSA columns:
# 66-96
name=unknown_C
#
# <colnr> <probs for GDERKNQSTAVLIFYWHMCP>
#	G	D	E	R	K	N	Q	S	T	A	V	L	I	F	Y	W	H	M	C	P
0	0.03555	0.02260	0.02532	0.01942	0.02651	0.02409	0.01604	0.46054	0.03794	0.20161	0.02494	0.02373	0.01695	0.01082	0.00896	0.00271	0.00929	0.00829	0.00948	0.01522
1	0.02357	0.01725	0.01941	0.01691	0.02107	0.01849	0.01307	0.33451	0.03080	0.04123	0.03405	0.31890	0.03508	0.01855	0.01007	0.00311	0.00774	0.01591	0.00866	0.01162
2	0.01134	0.00866	0.01042	0.01089	0.01279	0.00774	0.00782	0.01399	0.02086	0.02742	0.24556	0.27853	0.26550	0.02307	0.01085	0.00316	0.00465	0.02022	0.00879	0.00774
3	0.01401	0.01049	0.01346	0.01430	0.01665	0.01037	0.01176	0.01955	0.07116	0.02920	0.18340	0.11814	0.12758	0.02213	0.01140	0.00357	0.00660	0.29888	0.00869	0.00864
4	0.02455	0.01483	0.01726	0.01473	0.01842	0.01518	0.01097	0.18133	0.04787	0.16020	0.03111	0.12771	0.02909	0.24071	0.02164	0.00487	0.00822	0.01242	0.00813	0.01077
5	0.01215	0.00851	0.01043	0.01094	0.01171	0.00812	0.00709	0.01371	0.01744	0.02361	0.17348	0.26103	0.07754	0.29498	0.02516	0.00549	0.00637	0.01796	0.00747	0.00679
6	0.01350	0.00878	0.01093	0.01126	0.01219	0.00836	0.00737	0.01505	0.01750	0.05208	0.15712	0.26828	0.05158	0.29642	0.02520	0.00550	0.00654	0.01765	0.00756	0.00712
7	0.03342	0.04264	0.02535	0.02305	0.02766	0.64967	0.01729	0.03572	0.02535	0.02190	0.01383	0.01613	0.01152	0.00922	0.00807	0.00230	0.01613	0.00576	0.00461	0.01037
8	0.01206	0.00848	0.01006	0.01064	0.01131	0.00810	0.00671	0.01315	0.01612	0.02134	0.09156	0.25400	0.10999	0.35422	0.02825	0.00601	0.00677	0.01775	0.00700	0.00648
9	0.01180	0.00834	0.00980	0.01072	0.01171	0.00780	0.00704	0.01323	0.01673	0.02221	0.05051	0.33827	0.16629	0.21419	0.02069	0.00485	0.00599	0.01944	0.05354	0.00686
10	0.02953	0.01896	0.02158	0.01759	0.02346	0.02014	0.01417	0.22899	0.20179	0.19361	0.10299	0.03272	0.02891	0.01215	0.00920	0.00282	0.00780	0.00988	0.00964	0.01408
11	0.01257	0.00867	0.01085	0.01167	0.01333	0.00781	0.00823	0.01481	0.01960	0.05591	0.14956	0.41460	0.19044	0.02441	0.01097	0.00332	0.00501	0.02165	0.00869	0.00792
12	0.02349	0.01522	0.01893	0.01989	0.09308	0.05114	0.01337	0.07344	0.02167	0.17938	0.03244	0.17810	0.03091	0.10039	0.07286	0.00475	0.00980	0.04259	0.00769	0.01085
13	0.02180	0.01849	0.01746	0.01596	0.01909	0.12717	0.01208	0.08949	0.13946	0.02866	0.02315	0.02788	0.01917	0.02406	0.11364	0.17226	0.01138	0.00827	0.10097	0.00955
14	0.01225	0.00873	0.01128	0.01139	0.01283	0.00816	0.00804	0.01526	0.02170	0.03024	0.40303	0.22497	0.07155	0.10191	0.01503	0.00374	0.00501	0.01820	0.00891	0.00777
15	0.01307	0.00930	0.01166	0.01273	0.01400	0.00906	0.00960	0.01521	0.01747	0.02265	0.04596	0.14533	0.11567	0.26265	0.02398	0.00557	0.00762	0.24422	0.00724	0.00704
16	0.02243	0.02068	0.03586	0.03634	0.23320	0.02066	0.20981	0.03260	0.14909	0.06999	0.05766	0.02832	0.02136	0.00952	0.00958	0.00287	0.01077	0.00982	0.00620	0.01321
17	0.02105	0.02032	0.03428	0.15163	0.43337	0.02155	0.05769	0.02738	0.04927	0.02805	0.01740	0.02294	0.01427	0.00881	0.01029	0.00283	0.05303	0.00821	0.00456	0.01307
18	0.01446	0.01239	0.01746	0.01634	0.01765	0.01539	0.01305	0.01719	0.01492	0.02140	0.02860	0.03690	0.09306	0.04692	0.39404	0.00999	0.20659	0.01022	0.00497	0.00845
19	0.08032	0.01166	0.01397	0.01237	0.01606	0.01108	0.00963	0.02444	0.05844	0.15862	0.34474	0.05559	0.13556	0.01620	0.00973	0.00284	0.00536	0.01376	0.00949	0.01016
20	0.01779	0.07230	0.01971	0.01835	0.07386	0.08238	0.01286	0.02336	0.09072	0.02490	0.06769	0.04391	0.09269	0.10930	0.17419	0.00640	0.01262	0.04132	0.00613	0.00953
21	0.03006	0.02693	0.02411	0.02000	0.02590	0.16708	0.01590	0.32051	0.15984	0.04269	0.02675	0.02637	0.05057	0.01135	0.00887	0.00269	0.01039	0.00857	0.00796	0.01346
22	0.01406	0.01106	0.01279	0.01133	0.01492	0.00979	0.00869	0.05103	0.02359	0.03198	0.31100	0.06384	0.26105	0.01767	0.00989	0.00266	0.00502	0.01505	0.00858	0.11599
23	0.02186	0.02107	0.03534	0.05148	0.56350	0.02193	0.02659	0.02681	0.01964	0.02839	0.01627	0.02186	0.01391	0.00881	0.01110	0.00279	0.08262	0.00796	0.00437	0.01369
24	0.01819	0.01797	0.02524	0.33414	0.18004	0.07044	0.02109	0.02293	0.01961	0.02452	0.03137	0.03566	0.13921	0.01157	0.00919	0.00286	0.01045	0.01003	0.00503	0.01046
25	0.02464	0.40669	0.17764	0.01872	0.02754	0.03049	0.01970	0.14546	0.02327	0.03000	0.01513	0.01686	0.01222	0.00848	0.00703	0.00228	0.01046	0.00588	0.00487	0.01265
26	0.01773	0.01237	0.01367	0.01219	0.01582	0.01194	0.00929	0.09042	0.07011	0.08925	0.13122	0.06341	0.31684	0.08913	0.01382	0.00353	0.00608	0.01496	0.00860	0.00963
27	0.01408	0.00929	0.01080	0.01070	0.01253	0.00859	0.00733	0.01561	0.01741	0.07267	0.05411	0.15593	0.24860	0.25705	0.06091	0.00574	0.00749	0.01641	0.00732	0.00743
28	0.02321	0.02017	0.02445	0.02676	0.16176	0.02249	0.01743	0.08927	0.43061	0.03715	0.03070	0.02982	0.02330	0.01107	0.00903	0.00292	0.00812	0.00945	0.00803	0.01425
29	0.01304	0.01127	0.01501	0.01935	0.13982	0.01031	0.01143	0.01576	0.01959	0.02489	0.06535	0.21727	0.36193	0.02093	0.01042	0.00309	0.00595	0.01822	0.00751	0.00885
30	0.01235	0.01001	0.01096	0.01089	0.01352	0.00932	0.00800	0.01725	0.08528	0.02704	0.16403	0.15147	0.37185	0.05267	0.01216	0.00333	0.00504	0.01804	0.00851	0.00828

[dist]
# distance from previous block
# <min> <max>
0	18

[block]
# block no. 3 follows, 19 sequences, length 126
# corresponding to MSA columns:
# 115-240
name=unknown_D
#
# <colnr> <probs for GDERKNQSTAVLIFYWHMCP>
#	G	D	E	R	K	N	Q	S	T	A	V	L	I	F	Y	W	H	M	C	P
0	0.02938	0.02197	0.02386	0.01880	0.02556	0.02361	0.01528	0.36435	0.17364	0.07466	0.02489	0.02431	0.01813	0.01052	0.00867	0.00259	0.00865	0.00821	0.00858	0.11435
1	0.02004	0.01610	0.01728	0.01544	0.02012	0.01722	0.01198	0.06254	0.35277	0.06132	0.04827	0.07743	0.17203	0.01507	0.00943	0.00294	0.00650	0.01260	0.00874	0.05217
2	0.03222	0.13697	0.02962	0.02046	0.02695	0.21165	0.01682	0.34234	0.03333	0.04059	0.01778	0.01877	0.01353	0.00980	0.00818	0.00245	0.01165	0.00686	0.00685	0.01319
3	0.01794	0.04628	0.63923	0.02550	0.03872	0.02078	0.03305	0.02833	0.01889	0.02833	0.01606	0.01889	0.01133	0.00850	0.00850	0.00283	0.01322	0.00661	0.00378	0.01322
4	0.01176	0.00893	0.01082	0.01073	0.01291	0.00800	0.00790	0.01499	0.02264	0.03038	0.37674	0.15695	0.25267	0.02101	0.01068	0.00299	0.00445	0.01830	0.00915	0.00800
5	0.05086	0.01933	0.03550	0.34273	0.15925	0.02093	0.19068	0.02553	0.01916	0.02646	0.01656	0.02322	0.01272	0.00833	0.00925	0.00292	0.01239	0.00858	0.00429	0.01132
6	0.01994	0.01491	0.01686	0.01506	0.01852	0.01609	0.01145	0.17389	0.13390	0.03303	0.03693	0.10703	0.10827	0.08790	0.08368	0.08320	0.00928	0.01235	0.00750	0.01022
7	0.01275	0.00953	0.01188	0.01252	0.01472	0.00892	0.01005	0.01602	0.02107	0.02742	0.19491	0.08521	0.22907	0.07342	0.01395	0.00383	0.00622	0.23223	0.00842	0.00787
8	0.01071	0.00851	0.00963	0.01052	0.01247	0.00743	0.00745	0.01268	0.01899	0.02360	0.07287	0.34120	0.38251	0.02497	0.01094	0.00328	0.00481	0.02170	0.00831	0.00743
9	0.02061	0.01969	0.03354	0.23319	0.46351	0.02085	0.02669	0.02611	0.01964	0.02736	0.01656	0.02264	0.01351	0.00826	0.00888	0.00275	0.01101	0.00797	0.00430	0.01293
10	0.01422	0.01166	0.01611	0.01529	0.01623	0.01416	0.01171	0.01639	0.01443	0.02060	0.02681	0.07149	0.05676	0.16560	0.32269	0.00966	0.17210	0.01113	0.00507	0.00788
11	0.01233	0.00930	0.01130	0.01137	0.01332	0.00870	0.00820	0.01637	0.05181	0.02949	0.31796	0.21391	0.18180	0.05780	0.01261	0.00338	0.00490	0.01843	0.00889	0.00811
12	0.02335	0.02525	0.02239	0.02597	0.16671	0.26719	0.01547	0.02555	0.01971	0.02203	0.01972	0.03285	0.01972	0.25228	0.02174	0.00468	0.01212	0.00890	0.00486	0.00951
13	0.02062	0.01898	0.02876	0.03721	0.37111	0.01729	0.02029	0.02536	0.01960	0.02920	0.01643	0.02062	0.01378	0.00740	0.00791	0.00209	0.00893	0.00684	0.00480	0.32279
14	0.03143	0.03633	0.02552	0.02247	0.02699	0.45795	0.01732	0.11803	0.05823	0.02778	0.01595	0.01822	0.01294	0.01029	0.01052	0.00257	0.08427	0.00655	0.00542	0.01123
15	0.01073	0.00907	0.00929	0.00923	0.01218	0.00762	0.00692	0.01315	0.02077	0.02507	0.13173	0.08462	0.58448	0.02232	0.01057	0.00301	0.00451	0.01867	0.00843	0.00762
16	0.01948	0.02232	0.13910	0.10933	0.03209	0.01924	0.08071	0.03004	0.15779	0.06148	0.13284	0.03291	0.02931	0.01197	0.01150	0.00303	0.07848	0.01003	0.00662	0.01174
17	0.01287	0.00861	0.00980	0.00994	0.00997	0.00858	0.00561	0.01297	0.01328	0.01771	0.02959	0.09988	0.03430	0.64183	0.04327	0.00834	0.00844	0.01384	0.00561	0.00554
18	0.02141	0.01930	0.02546	0.05362	0.02534	0.02509	0.01817	0.12184	0.06114	0.02860	0.01659	0.02266	0.01452	0.01942	0.08606	0.00465	0.41184	0.00821	0.00523	0.01085
19	0.02542	0.01862	0.02420	0.02585	0.16956	0.01866	0.01666	0.06209	0.22549	0.14680	0.02704	0.02686	0.02005	0.00986	0.00856	0.00256	0.00808	0.00841	0.00764	0.14758
20	0.01436	0.00999	0.01315	0.01217	0.01447	0.00972	0.00931	0.01822	0.02364	0.06622	0.48268	0.06150	0.10893	0.02182	0.06052	0.00377	0.03654	0.01507	0.00915	0.00878
21	0.01794	0.04628	0.63923	0.02550	0.03872	0.02078	0.03305	0.02833	0.01889	0.02833	0.01606	0.01889	0.01133	0.00850	0.00850	0.00283	0.01322	0.00661	0.00378	0.01322
22	0.02208	0.02224	0.03286	0.19871	0.42837	0.08785	0.02574	0.02723	0.02030	0.02691	0.01628	0.02192	0.01335	0.00834	0.00879	0.00270	0.01153	0.00773	0.00434	0.01274
23	0.03237	0.02524	0.02513	0.02011	0.02662	0.09201	0.01628	0.40610	0.13692	0.09034	0.02419	0.02358	0.01738	0.01084	0.00889	0.00271	0.00988	0.00823	0.00866	0.01452
24	0.01278	0.00959	0.01438	0.01438	0.01598	0.01118	0.01118	0.01598	0.01438	0.02077	0.02396	0.03515	0.02237	0.06710	0.65013	0.01438	0.02396	0.00959	0.00479	0.00799
25	0.01442	0.01030	0.01442	0.01648	0.01854	0.01030	0.01442	0.01854	0.02060	0.02677	0.04737	0.10092	0.05149	0.02471	0.01236	0.00412	0.00824	0.56956	0.00824	0.00824
26	0.01934	0.07891	0.56572	0.02481	0.03714	0.06588	0.03104	0.02878	0.01931	0.02751	0.01571	0.01846	0.01135	0.00851	0.00833	0.00275	0.01324	0.00646	0.00384	0.01293
27	0.03342	0.04264	0.02535	0.02305	0.02766	0.64967	0.01729	0.03572	0.02535	0.02190	0.01383	0.01613	0.01152	0.00922	0.00807	0.00230	0.01613	0.00576	0.00461	0.01037
28	0.01668	0.00834	0.00834	0.00834	0.01042	0.00834	0.00625	0.02085	0.01876	0.03335	0.02918	0.03335	0.02293	0.01042	0.00625	0.00208	0.00417	0.00834	0.73525	0.00834
29	0.03122	0.03912	0.02418	0.02212	0.02641	0.58167	0.01664	0.03362	0.02418	0.02178	0.01491	0.01816	0.01268	0.01538	0.07644	0.00359	0.01697	0.00617	0.00463	0.01012
30	0.03164	0.02465	0.02546	0.02022	0.02685	0.05351	0.01645	0.46530	0.15544	0.05111	0.02413	0.02362	0.01747	0.01095	0.00894	0.00274	0.00956	0.00837	0.00879	0.01480
31	0.01220	0.00824	0.01044	0.01154	0.01203	0.00792	0.00754	0.01285	0.01556	0.02058	0.04097	0.35871	0.07322	0.23694	0.02473	0.08220	0.00668	0.04435	0.00692	0.00638
32	0.07138	0.17236	0.35768	0.02141	0.03152	0.08964	0.02447	0.03001	0.01978	0.08040	0.01654	0.01840	0.01222	0.00862	0.00774	0.00258	0.01187	0.00624	0.00463	0.01251
33	0.03207	0.03905	0.02678	0.02683	0.10167	0.53835	0.01852	0.06562	0.02566	0.02469	0.01462	0.01717	0.01205	0.00915	0.00821	0.00237	0.01511	0.00616	0.00483	0.01110
34	0.01181	0.00911	0.01078	0.01036	0.01284	0.00808	0.00777	0.01523	0.02331	0.03110	0.40710	0.07469	0.30535	0.02007	0.01056	0.00290	0.00435	0.01728	0.00922	0.00808
35	0.01946	0.01545	0.02021	0.02089	0.07785	0.01723	0.01544	0.13001	0.08519	0.03161	0.03020	0.07588	0.02892	0.02890	0.16642	0.00604	0.06314	0.14947	0.00694	0.01074
36	0.02310	0.60260	0.12807	0.01670	0.02512	0.03340	0.01774	0.02700	0.01828	0.02205	0.01293	0.01497	0.01146	0.00777	0.00612	0.00204	0.01007	0.00503	0.00382	0.01172
37	0.02214	0.02126	0.03631	0.05491	0.62978	0.02126	0.02746	0.02746	0.02037	0.02923	0.01683	0.02214	0.01417	0.00797	0.00886	0.00266	0.01063	0.00797	0.00443	0.01417
38	0.01176	0.00874	0.00953	0.00975	0.01108	0.00805	0.00630	0.01288	0.01655	0.02079	0.05666	0.13591	0.28476	0.33741	0.02723	0.00576	0.00656	0.01679	0.00694	0.00651
39	0.02392	0.69097	0.04688	0.01531	0.02296	0.03540	0.01531	0.02679	0.01818	0.02105	0.01244	0.01435	0.01148	0.00765	0.00574	0.00191	0.00957	0.00478	0.00383	0.01148
40	0.01382	0.01044	0.01460	0.16842	0.02397	0.01092	0.01155	0.01600	0.01836	0.02409	0.17466	0.05210	0.16252	0.10456	0.01918	0.14082	0.00738	0.01279	0.00643	0.00738
41	0.01300	0.00872	0.00997	0.00997	0.01004	0.00879	0.00568	0.01315	0.01307	0.01750	0.02800	0.05748	0.03206	0.65728	0.07321	0.00893	0.00937	0.01285	0.00539	0.00554
42	0.01250	0.00914	0.01174	0.01109	0.01327	0.00837	0.00832	0.01657	0.02495	0.03498	0.58395	0.06831	0.12608	0.01863	0.01055	0.00283	0.00424	0.01639	0.00973	0.00837
43	0.01327	0.00925	0.01040	0.01008	0.01273	0.00816	0.00748	0.01608	0.02118	0.05870	0.20642	0.10130	0.35428	0.05322	0.01189	0.00319	0.00482	0.01682	0.07261	0.00811
44	0.04014	0.01523	0.02076	0.01592	0.02284	0.01315	0.01315	0.04360	0.02561	0.63597	0.03530	0.03045	0.02215	0.01107	0.00900	0.00277	0.00761	0.00900	0.01107	0.01523
45	0.01957	0.01957	0.02740	0.02349	0.02349	0.02740	0.01957	0.02153	0.01370	0.02153	0.01174	0.01957	0.01174	0.01566	0.02936	0.00391	0.66921	0.00783	0.00391	0.00979
46	0.01145	0.00812	0.01066	0.01238	0.01302	0.00768	0.00841	0.01315	0.01734	0.02318	0.07618	0.54394	0.05710	0.09734	0.01507	0.00416	0.00571	0.05985	0.00807	0.00719
47	0.14646	0.00989	0.01110	0.01150	0.01308	0.01021	0.00814	0.01632	0.01594	0.02581	0.06054	0.21920	0.03532	0.11681	0.01909	0.14104	0.00648	0.04198	0.08406	0.00703
48	0.74878	0.01730	0.01315	0.01177	0.01730	0.02007	0.00969	0.02630	0.01523	0.04014	0.01246	0.01453	0.00969	0.00830	0.00554	0.00277	0.00692	0.00484	0.00554	0.00969
49	0.01554	0.00777	0.01166	0.01166	0.01166	0.00777	0.00777	0.01166	0.01166	0.01554	0.01554	0.02720	0.01554	0.03108	0.03497	0.73970	0.00777	0.00777	0.00389	0.00389
50	0.01330	0.00927	0.01060	0.01082	0.01126	0.00939	0.00653	0.01535	0.05607	0.01970	0.03238	0.16306	0.03672	0.52558	0.03713	0.00741	0.00797	0.01493	0.00617	0.00635
51	0.14616	0.01163	0.01315	0.01182	0.01554	0.01112	0.00920	0.02248	0.02223	0.14536	0.27327	0.08286	0.16845	0.01653	0.00943	0.00288	0.00543	0.01383	0.00894	0.00969
52	0.02214	0.02126	0.03631	0.05491	0.62978	0.02126	0.02746	0.02746	0.02037	0.02923	0.01683	0.02214	0.01417	0.00797	0.00886	0.00266	0.01063	0.00797	0.00443	0.01417
53	0.41387	0.01733	0.01657	0.01427	0.01999	0.01911	0.01155	0.03535	0.16674	0.16868	0.02339	0.02269	0.01679	0.00986	0.00718	0.00283	0.00711	0.00706	0.00763	0.01201
54	0.01187	0.00842	0.01043	0.01164	0.01237	0.00802	0.00780	0.01323	0.01644	0.02157	0.04628	0.37188	0.10357	0.23756	0.02234	0.00523	0.00652	0.07067	0.00738	0.00679
55	0.02724	0.01335	0.01653	0.01357	0.01875	0.01197	0.01090	0.07365	0.02516	0.33090	0.11379	0.05155	0.22335	0.01555	0.00967	0.00285	0.00643	0.01287	0.00989	0.01204
56	0.01361	0.00950	0.01114	0.01117	0.01391	0.00837	0.00855	0.01636	0.02111	0.07307	0.15610	0.16187	0.36005	0.02207	0.01075	0.00317	0.00520	0.07694	0.00874	0.00831
57	0.01690	0.01590	0.02683	0.66408	0.06162	0.01988	0.02485	0.02286	0.01789	0.02286	0.01590	0.02385	0.01193	0.00894	0.00894	0.00298	0.01193	0.00795	0.00398	0.00994
58	0.03157	0.10914	0.02857	0.02455	0.07347	0.50410	0.01784	0.06301	0.02506	0.02413	0.01430	0.01668	0.01191	0.00903	0.00793	0.00231	0.01469	0.00595	0.00473	0.01103
59	0.01301	0.00867	0.00976	0.00976	0.00976	0.00867	0.00542	0.01301	0.01301	0.01735	0.02819	0.05855	0.03253	0.68559	0.04554	0.00867	0.00867	0.01301	0.00542	0.00542
60	0.01273	0.00863	0.01019	0.01045	0.01064	0.00869	0.00622	0.01317	0.01363	0.01829	0.03049	0.13398	0.03506	0.55626	0.08779	0.00849	0.00942	0.01429	0.00573	0.00585
61	0.01180	0.00879	0.01164	0.01240	0.01392	0.00862	0.00911	0.01448	0.01862	0.02510	0.15351	0.29368	0.14021	0.03473	0.16552	0.00601	0.00961	0.04678	0.00773	0.00775
62	0.01090	0.00779	0.01038	0.01246	0.01298	0.00727	0.00830	0.01246	0.01713	0.02284	0.04931	0.67975	0.05917	0.02803	0.01142	0.00363	0.00519	0.02543	0.00830	0.00727
63	0.03247	0.04122	0.02746	0.02418	0.02913	0.60144	0.06189	0.03518	0.02503	0.02242	0.01416	0.01675	0.01168	0.00909	0.00826	0.00236	0.01605	0.00613	0.00460	0.01050
64	0.01360	0.00904	0.01121	0.01147	0.01345	0.00814	0.00820	0.01604	0.02034	0.07319	0.19630	0.30577	0.19874	0.05671	0.01256	0.00348	0.00516	0.01971	0.00874	0.00814
65	0.03275	0.08836	0.02687	0.02250	0.02733	0.60635	0.01715	0.03509	0.02485	0.02184	0.01373	0.01601	0.01152	0.00911	0.00790	0.00228	0.01567	0.00569	0.00455	0.01045
66	0.03401	0.02506	0.02685	0.02058	0.02774	0.02774	0.01700	0.59995	0.04206	0.05638	0.02148	0.02148	0.01521	0.01074	0.00895	0.00268	0.00984	0.00805	0.00895	0.01521
67	0.01343	0.00942	0.01161	0.01089	0.01348	0.00843	0.00823	0.01709	0.02402	0.06177	0.45341	0.07023	0.22647	0.01911	0.01048	0.00287	0.00447	0.01656	0.00950	0.00853
68	0.01120	0.00833	0.01053	0.01216	0.01338	0.00765	0.00863	0.01319	0.01820	0.02354	0.05797	0.49066	0.18007	0.02652	0.01134	0.00355	0.00537	0.08197	0.00830	0.00743
69	0.01301	0.00867	0.00976	0.00976	0.00976	0.00867	0.00542	0.01301	0.01301	0.01735	0.02819	0.05855	0.03253	0.68559	0.04554	0.00867	0.00867	0.01301	0.00542	0.00542
70	0.01794	0.04628	0.63923	0.02550	0.03872	0.02078	0.03305	0.02833	0.01889	0.02833	0.01606	0.01889	0.01133	0.00850	0.00850	0.00283	0.01322	0.00661	0.00378	0.01322
71	0.01090	0.00779	0.01038	0.01246	0.01298	0.00727	0.00830	0.01246	0.01713	0.02284	0.04931	0.67975	0.05917	0.02803	0.01142	0.00363	0.00519	0.02543	0.00830	0.00727
72	0.01095	0.00884	0.00975	0.01002	0.01244	0.00764	0.00732	0.01339	0.02055	0.02572	0.16482	0.19168	0.43964	0.02297	0.01072	0.00310	0.00460	0.01967	0.00854	0.00764
73	0.01794	0.04628	0.63923	0.02550	0.03872	0.02078	0.03305	0.02833	0.01889	0.02833	0.01606	0.01889	0.01133	0.00850	0.00850	0.00283	0.01322	0.00661	0.00378	0.01322
74	0.01090	0.00779	0.01038	0.01246	0.01298	0.00727	0.00830	0.01246	0.01713	0.02284	0.04931	0.67975	0.05917	0.02803	0.01142	0.00363	0.00519	0.02543	0.00830	0.00727
75	0.01950	0.01856	0.03154	0.36191	0.34345	0.02056	0.02614	0.02514	0.01912	0.02602	0.01636	0.02300	0.01304	0.00846	0.00890	0.00282	0.01128	0.00796	0.00420	0.01204
76	0.01272	0.00855	0.00984	0.01013	0.01020	0.00848	0.00582	0.01293	0.01357	0.01810	0.03108	0.14369	0.03618	0.59546	0.04086	0.00798	0.00820	0.01471	0.00582	0.00567
77	0.02010	0.02214	0.04652	0.18906	0.05035	0.02196	0.45897	0.02726	0.02034	0.02726	0.01757	0.02406	0.01318	0.00788	0.01017	0.00301	0.01432	0.00993	0.00439	0.01155
78	0.02102	0.02199	0.02719	0.02344	0.02392	0.09247	0.01933	0.02301	0.01492	0.02157	0.01196	0.01921	0.01172	0.01499	0.02713	0.00375	0.60092	0.00761	0.00399	0.00985
79	0.01067	0.00869	0.00944	0.01005	0.01234	0.00747	0.00723	0.01273	0.01945	0.02378	0.07868	0.25785	0.46211	0.02421	0.01082	0.00320	0.00472	0.02078	0.00831	0.00747
80	0.01090	0.00779	0.01038	0.01246	0.01298	0.00727	0.00830	0.01246	0.01713	0.02284	0.04931	0.67975	0.05917	0.02803	0.01142	0.00363	0.00519	0.02543	0.00830	0.00727
81	0.01855	0.01590	0.01855	0.01325	0.02120	0.01193	0.01060	0.02253	0.01855	0.02915	0.01590	0.01855	0.01325	0.00663	0.00663	0.00133	0.00663	0.00530	0.00530	0.74028
82	0.03342	0.04264	0.02535	0.02305	0.02766	0.64967	0.01729	0.03572	0.02535	0.02190	0.01383	0.01613	0.01152	0.00922	0.00807	0.00230	0.01613	0.00576	0.00461	0.01037
83	0.01301	0.00867	0.00976	0.00976	0.00976	0.00867	0.00542	0.01301	0.01301	0.01735	0.02819	0.05855	0.03253	0.68559	0.04554	0.00867	0.00867	0.01301	0.00542	0.00542
84	0.01278	0.00959	0.01438	0.01438	0.01598	0.01118	0.01118	0.01598	0.01438	0.02077	0.02396	0.03515	0.02237	0.06710	0.65013	0.01438	0.02396	0.00959	0.00479	0.00799
85	0.01794	0.04628	0.63923	0.02550	0.03872	0.02078	0.03305	0.02833	0.01889	0.02833	0.01606	0.01889	0.01133	0.00850	0.00850	0.00283	0.01322	0.00661	0.00378	0.01322
86	0.01668	0.00834	0.00834	0.00834	0.01042	0.00834	0.00625	0.02085	0.01876	0.03335	0.02918	0.03335	0.02293	0.01042	0.00625	0.00208	0.00417	0.00834	0.73525	0.00834
87	0.01554	0.00777	0.01166	0.01166	0.01166	0.00777	0.00777	0.01166	0.01166	0.01554	0.01554	0.02720	0.01554	0.03108	0.03497	0.73970	0.00777	0.00777	0.00389	0.00389
88	0.01554	0.00777	0.01166	0.01166	0.01166	0.00777	0.00777	0.01166	0.01166	0.01554	0.01554	0.02720	0.01554	0.03108	0.03497	0.73970	0.00777	0.00777	0.00389	0.00389
89	0.02392	0.69097	0.04688	0.01531	0.02296	0.03540	0.01531	0.02679	0.01818	0.02105	0.01244	0.01435	0.01148	0.00765	0.00574	0.00191	0.00957	0.00478	0.00383	0.01148
90	0.01957	0.01957	0.02740	0.02349	0.02349	0.02740	0.01957	0.02153	0.01370	0.02153	0.01174	0.01957	0.01174	0.01566	0.02936	0.00391	0.66921	0.00783	0.00391	0.00979
91	0.01089	0.00908	0.00950	0.00940	0.01228	0.00769	0.00705	0.01345	0.02114	0.02594	0.17167	0.08318	0.54400	0.02200	0.01057	0.00299	0.00448	0.01847	0.00854	0.00769
92	0.01144	0.00871	0.00952	0.00988	0.01146	0.00788	0.00660	0.01283	0.01737	0.02167	0.06273	0.17849	0.33111	0.24472	0.02238	0.00501	0.00603	0.01804	0.00734	0.00679
93	0.01090	0.00779	0.01038	0.01246	0.01298	0.00727	0.00830	0.01246	0.01713	0.02284	0.04931	0.67975	0.05917	0.02803	0.01142	0.00363	0.00519	0.02543	0.00830	0.00727
94	0.02392	0.69097	0.04688	0.01531	0.02296	0.03540	0.01531	0.02679	0.01818	0.02105	0.01244	0.01435	0.01148	0.00765	0.00574	0.00191	0.00957	0.00478	0.00383	0.01148
95	0.01242	0.00896	0.01174	0.01142	0.01331	0.00828	0.00842	0.01628	0.02420	0.03409	0.54614	0.15084	0.08095	0.01962	0.01067	0.00293	0.00435	0.01745	0.00964	0.00828
96	0.01104	0.00789	0.01050	0.01236	0.01301	0.00736	0.00832	0.01280	0.01776	0.02384	0.09359	0.63261	0.06111	0.02728	0.01135	0.00357	0.00512	0.02472	0.00842	0.00736
97	0.54520	0.01718	0.01470	0.01278	0.01809	0.01940	0.01042	0.10295	0.02009	0.04116	0.07530	0.02397	0.04820	0.01029	0.00673	0.00277	0.00695	0.00705	0.00655	0.01022
98	0.01756	0.00919	0.00928	0.00896	0.01130	0.00932	0.00680	0.05026	0.01995	0.03452	0.02879	0.03275	0.02254	0.01044	0.00639	0.00212	0.00446	0.00832	0.69836	0.00869
99	0.03342	0.04264	0.02535	0.02305	0.02766	0.64967	0.01729	0.03572	0.02535	0.02190	0.01383	0.01613	0.01152	0.00922	0.00807	0.00230	0.01613	0.00576	0.00461	0.01037
100	0.01117	0.00790	0.01030	0.01212	0.01257	0.00744	0.00794	0.01253	0.01661	0.02214	0.04663	0.60102	0.05579	0.11136	0.01574	0.00427	0.00563	0.02386	0.00794	0.00703
101	0.01830	0.01030	0.01228	0.01132	0.01423	0.00916	0.00821	0.02032	0.01972	0.16801	0.08246	0.12858	0.25430	0.18047	0.01874	0.00438	0.00632	0.01569	0.00834	0.00887
102	0.74878	0.01730	0.01315	0.01177	0.01730	0.02007	0.00969	0.02630	0.01523	0.04014	0.01246	0.01453	0.00969	0.00830	0.00554	0.00277	0.00692	0.00484	0.00554	0.00969
103	0.01057	0.00906	0.00906	0.00906	0.01208	0.00755	0.00680	0.01284	0.02039	0.02417	0.09063	0.08610	0.62615	0.02266	0.01057	0.00302	0.00453	0.01888	0.00831	0.00755
104	0.01473	0.00992	0.01262	0.01320	0.01488	0.00981	0.00949	0.01907	0.09349	0.05485	0.09835	0.36089	0.07469	0.02427	0.01417	0.10433	0.00595	0.04898	0.00808	0.00824
105	0.01862	0.01184	0.01447	0.01406	0.01693	0.01162	0.01082	0.07889	0.04879	0.11087	0.04716	0.22925	0.12343	0.09185	0.01444	0.00394	0.00697	0.12807	0.00846	0.00951
106	0.22450	0.02030	0.02065	0.01649	0.02265	0.02228	0.01354	0.33345	0.03088	0.10261	0.02114	0.02170	0.01519	0.01008	0.00775	0.00265	0.00825	0.00731	0.08558	0.01300
107	0.01233	0.00915	0.01081	0.01155	0.01319	0.00858	0.00855	0.01435	0.01797	0.02273	0.05696	0.13964	0.24599	0.21745	0.02134	0.00502	0.00678	0.16307	0.00745	0.00708
108	0.04639	0.00950	0.01387	0.01401	0.01529	0.00928	0.04979	0.01429	0.01603	0.02240	0.03732	0.42765	0.04307	0.06410	0.04638	0.13027	0.00746	0.01901	0.00684	0.00707
109	0.01530	0.00955	0.01132	0.01064	0.01245	0.00887	0.00723	0.01713	0.01875	0.08788	0.18754	0.06283	0.15586	0.32618	0.02653	0.00555	0.00669	0.01447	0.00764	0.00759
110	0.01394	0.01007	0.01380	0.01570	0.01776	0.00993	0.01352	0.01779	0.02040	0.02637	0.05080	0.12939	0.09608	0.02473	0.01217	0.00401	0.00780	0.49937	0.00825	0.00814
111	0.02187	0.02098	0.03583	0.08599	0.60079	0.02119	0.02732	0.02722	0.02024	0.02890	0.01678	0.02223	0.01406	0.00802	0.00886	0.00267	0.01069	0.00797	0.00441	0.01396
112	0.01390	0.00957	0.01426	0.01406	0.01513	0.01103	0.01064	0.01503	0.01357	0.01933	0.02097	0.03212	0.01991	0.05435	0.44517	0.21905	0.05153	0.00898	0.00449	0.00692
113	0.01241	0.00842	0.00993	0.01052	0.01067	0.00828	0.00624	0.01285	0.01418	0.01890	0.03416	0.23428	0.04006	0.49956	0.03588	0.00725	0.00769	0.01652	0.00624	0.00594
114	0.03138	0.03878	0.02733	0.02880	0.13633	0.53625	0.01912	0.03423	0.02445	0.02322	0.01437	0.01722	0.01200	0.00899	0.00821	0.00237	0.01514	0.00616	0.00458	0.01106
115	0.01224	0.00934	0.01115	0.01182	0.01400	0.00859	0.00924	0.01500	0.02003	0.02542	0.12459	0.11831	0.30148	0.09132	0.01476	0.00395	0.00610	0.18690	0.00815	0.00762
116	0.01833	0.02708	0.24436	0.01892	0.02839	0.01593	0.04505	0.02583	0.04791	0.02957	0.04740	0.02205	0.01680	0.00819	0.00780	0.00210	0.00929	0.00678	0.00513	0.37309
117	0.01102	0.00783	0.01035	0.01231	0.01280	0.00734	0.00815	0.01249	0.01690	0.02254	0.04815	0.64565	0.05771	0.06412	0.01329	0.00391	0.00538	0.02475	0.00815	0.00717
118	0.01286	0.00928	0.01282	0.01282	0.01388	0.01034	0.00924	0.01497	0.01392	0.01961	0.02539	0.04305	0.02580	0.27602	0.44590	0.01245	0.01880	0.01074	0.00500	0.00712
119	0.02409	0.28898	0.03426	0.02296	0.12726	0.07407	0.01670	0.07935	0.06330	0.02839	0.01646	0.01861	0.01374	0.00822	0.00715	0.00210	0.00953	0.00617	0.00510	0.15355
120	0.01530	0.00777	0.01159	0.01170	0.01172	0.00774	0.00780	0.01170	0.01193	0.01591	0.01726	0.06034	0.01776	0.03093	0.03377	0.70231	0.00764	0.00867	0.00411	0.00406
121	0.02159	0.03056	0.22436	0.06480	0.26377	0.07725	0.02607	0.03150	0.11597	0.02932	0.01943	0.02246	0.01505	0.00897	0.00872	0.00276	0.01143	0.00769	0.00497	0.01333
122	0.01364	0.00930	0.01081	0.01054	0.01276	0.00834	0.00750	0.01589	0.02001	0.06838	0.18745	0.13769	0.28300	0.15416	0.01755	0.00416	0.00558	0.01713	0.00826	0.00783
123	0.02208	0.01691	0.01961	0.01456	0.02194	0.01431	0.01168	0.11598	0.02272	0.07358	0.01978	0.05337	0.01649	0.00867	0.00740	0.00176	0.00713	0.00701	0.00642	0.53859
124	0.15897	0.49141	0.03664	0.01434	0.02083	0.02952	0.01350	0.02517	0.01751	0.02483	0.01637	0.08525	0.01622	0.00995	0.00631	0.00226	0.00860	0.00699	0.00463	0.01069
125	0.02127	0.01996	0.03202	0.04485	0.48273	0.01900	0.02338	0.02627	0.01993	0.02921	0.01660	0.02127	0.01395	0.00765	0.00832	0.00234	0.00966	0.00733	0.00464	0.18962

[dist]
# distance from previous block
# <min> <max>
0	1

[block]
# block no. 4 follows, 19 sequences, length 146
# corresponding to MSA columns:
# 242-387
name=unknown_E
#
# <colnr> <probs for GDERKNQSTAVLIFYWHMCP>
#	G	D	E	R	K	N	Q	S	T	A	V	L	I	F	Y	W	H	M	C	P
0	0.02214	0.02126	0.03631	0.05491	0.62978	0.02126	0.02746	0.02746	0.02037	0.02923	0.01683	0.02214	0.01417	0.00797	0.00886	0.00266	0.01063	0.00797	0.00443	0.01417
1	0.01832	0.01478	0.01842	0.10256	0.02549	0.01295	0.01241	0.02352	0.05646	0.05848	0.02667	0.09390	0.06044	0.01082	0.00798	0.00209	0.00714	0.00916	0.00617	0.43225
2	0.02811	0.03352	0.02956	0.11819	0.15210	0.39744	0.05938	0.03186	0.02306	0.02393	0.01499	0.01891	0.01224	0.00882	0.00851	0.00251	0.01440	0.00682	0.00448	0.01117
3	0.02304	0.02297	0.03544	0.05237	0.58167	0.07146	0.02664	0.02812	0.02077	0.02864	0.01659	0.02166	0.01396	0.00807	0.00879	0.00263	0.01107	0.00779	0.00444	0.01387
4	0.02214	0.02126	0.03631	0.05491	0.62978	0.02126	0.02746	0.02746	0.02037	0.02923	0.01683	0.02214	0.01417	0.00797	0.00886	0.00266	0.01063	0.00797	0.00443	0.01417
5	0.22154	0.03598	0.02214	0.02008	0.02493	0.48410	0.01529	0.03325	0.02269	0.02669	0.01347	0.01571	0.01104	0.00898	0.00740	0.00243	0.01371	0.00552	0.00485	0.01019
6	0.01061	0.00891	0.00922	0.00946	0.01219	0.00752	0.00697	0.01279	0.02001	0.02401	0.08580	0.15550	0.55986	0.02329	0.01067	0.00309	0.00461	0.01965	0.00831	0.00752
7	0.01077	0.00913	0.00933	0.00944	0.01241	0.00769	0.00718	0.01313	0.02040	0.02430	0.08845	0.08685	0.59712	0.02276	0.01066	0.00308	0.00472	0.04670	0.00830	0.00759
8	0.01292	0.00863	0.00979	0.00988	0.00990	0.00861	0.00555	0.01299	0.01319	0.01759	0.02912	0.08590	0.03370	0.65663	0.04403	0.00845	0.00852	0.01356	0.00555	0.00550
9	0.01855	0.01590	0.01855	0.01325	0.02120	0.01193	0.01060	0.02253	0.01855	0.02915	0.01590	0.01855	0.01325	0.00663	0.00663	0.00133	0.00663	0.00530	0.00530	0.74028
10	0.02766	0.01931	0.02526	0.02769	0.18594	0.02025	0.01773	0.09068	0.25948	0.18363	0.02956	0.02859	0.02144	0.01064	0.00900	0.00284	0.00841	0.00908	0.00832	0.01452
11	0.01157	0.00837	0.01094	0.01185	0.01309	0.00773	0.00829	0.01419	0.02044	0.02795	0.27437	0.41706	0.09278	0.02403	0.01105	0.00329	0.00479	0.02157	0.00890	0.00773
12	0.02392	0.69097	0.04688	0.01531	0.02296	0.03540	0.01531	0.02679	0.01818	0.02105	0.01244	0.01435	0.01148	0.00765	0.00574	0.00191	0.00957	0.00478	0.00383	0.01148
13	0.06107	0.01862	0.03072	0.32734	0.33859	0.02057	0.02527	0.02532	0.01896	0.02697	0.01616	0.02248	0.01290	0.00843	0.00871	0.00281	0.01100	0.00778	0.00429	0.01201
14	0.01088	0.00786	0.01030	0.01225	0.01292	0.00728	0.00821	0.01248	0.01732	0.02292	0.05177	0.64435	0.09298	0.02771	0.01137	0.00360	0.00515	0.02504	0.00830	0.00728
15	0.01245	0.00828	0.00945	0.01038	0.01201	0.00765	0.00732	0.01494	0.01847	0.02618	0.05466	0.33735	0.20068	0.02159	0.00973	0.00303	0.00472	0.01883	0.21464	0.00765
16	0.01690	0.01590	0.02683	0.66408	0.06162	0.01988	0.02485	0.02286	0.01789	0.02286	0.01590	0.02385	0.01193	0.00894	0.00894	0.00298	0.01193	0.00795	0.00398	0.00994
17	0.02215	0.01991	0.03152	0.04461	0.46658	0.02019	0.02347	0.10018	0.02276	0.03190	0.02189	0.11221	0.02048	0.01108	0.00922	0.00279	0.00978	0.01038	0.00555	0.01336
18	0.01272	0.00921	0.01174	0.01203	0.01381	0.00868	0.00912	0.01590	0.02141	0.02903	0.31310	0.12416	0.12851	0.11242	0.01581	0.00399	0.00581	0.13616	0.00860	0.00779
19	0.01301	0.00867	0.00976	0.00976	0.00976	0.00867	0.00542	0.01301	0.01301	0.01735	0.02819	0.05855	0.03253	0.68559	0.04554	0.00867	0.00867	0.01301	0.00542	0.00542
20	0.02235	0.02183	0.02533	0.03077	0.23652	0.10605	0.01842	0.03456	0.24644	0.03141	0.06731	0.03272	0.06445	0.01137	0.00906	0.00279	0.00922	0.00974	0.00683	0.01284
21	0.03342	0.04264	0.02535	0.02305	0.02766	0.64967	0.01729	0.03572	0.02535	0.02190	0.01383	0.01613	0.01152	0.00922	0.00807	0.00230	0.01613	0.00576	0.00461	0.01037
22	0.03401	0.02506	0.02685	0.02058	0.02774	0.02774	0.01700	0.59995	0.04206	0.05638	0.02148	0.02148	0.01521	0.01074	0.00895	0.00268	0.00984	0.00805	0.00895	0.01521
23	0.08765	0.02338	0.02427	0.02315	0.10720	0.10365	0.01636	0.27490	0.03055	0.11122	0.02804	0.02819	0.07946	0.01126	0.00873	0.00268	0.00972	0.00874	0.00767	0.01319
24	0.02796	0.02205	0.02344	0.01936	0.02544	0.02492	0.01554	0.31572	0.33614	0.04663	0.02916	0.02760	0.02144	0.01146	0.00903	0.00286	0.00842	0.00911	0.00903	0.01467
25	0.01191	0.00835	0.01071	0.01211	0.01272	0.00801	0.00818	0.01343	0.01674	0.02234	0.06790	0.42630	0.05230	0.20331	0.02062	0.00500	0.00640	0.07916	0.00759	0.00692
26	0.01916	0.01022	0.01350	0.01310	0.01587	0.00920	0.00979	0.02184	0.02118	0.18944	0.14454	0.32984	0.09840	0.02129	0.01060	0.00324	0.00577	0.04407	0.00930	0.00966
27	0.01615	0.00997	0.01251	0.01265	0.01480	0.00937	0.00904	0.01983	0.05944	0.11275	0.11026	0.37029	0.11449	0.06883	0.01311	0.00367	0.00573	0.01949	0.00872	0.00890
28	0.01268	0.00996	0.01494	0.01438	0.01588	0.00959	0.06987	0.01462	0.01639	0.02188	0.04042	0.36273	0.07293	0.20476	0.07145	0.00575	0.00863	0.01894	0.00685	0.00735
29	0.01134	0.00915	0.01013	0.01006	0.01279	0.00794	0.00766	0.01423	0.02170	0.02740	0.22871	0.08187	0.45102	0.02163	0.01067	0.00303	0.00466	0.04947	0.00871	0.00783
30	0.01458	0.01001	0.01147	0.01106	0.01177	0.01031	0.00687	0.06008	0.01561	0.02094	0.02827	0.08084	0.03159	0.56002	0.08335	0.00838	0.00968	0.01291	0.00578	0.00646
31	0.01484	0.01095	0.01317	0.01273	0.01477	0.01129	0.00923	0.09040	0.01972	0.02625	0.06444	0.17241	0.14157	0.17878	0.17126	0.00705	0.01090	0.01510	0.00697	0.00817
32	0.02599	0.01732	0.01828	0.01492	0.01973	0.01877	0.01203	0.33199	0.03128	0.04573	0.02504	0.02697	0.01879	0.01059	0.00770	0.00241	0.00722	0.00819	0.34502	0.01203
33	0.01203	0.00852	0.01014	0.01067	0.01148	0.00808	0.00685	0.01332	0.01676	0.02224	0.11956	0.24915	0.12116	0.31965	0.02643	0.00570	0.00654	0.01787	0.00722	0.00663
34	0.01186	0.00932	0.01067	0.01134	0.01374	0.00840	0.00888	0.01443	0.01972	0.02429	0.07177	0.11374	0.39367	0.07643	0.01390	0.00381	0.00593	0.17251	0.00806	0.00756
35	0.01724	0.01170	0.01477	0.01499	0.01792	0.01173	0.01218	0.02434	0.11908	0.08777	0.11573	0.14862	0.09678	0.02081	0.01102	0.00351	0.00684	0.24637	0.00886	0.00974
36	0.03076	0.03558	0.02427	0.02116	0.02652	0.45431	0.01616	0.09674	0.06738	0.02771	0.01652	0.01824	0.01326	0.00925	0.00805	0.00227	0.01357	0.00626	0.00549	0.10652
37	0.01175	0.00929	0.01068	0.01122	0.01333	0.00855	0.00806	0.01556	0.05973	0.02610	0.14157	0.29883	0.30614	0.02336	0.01078	0.00322	0.00491	0.02035	0.00856	0.00801
38	0.01989	0.01716	0.01566	0.01404	0.01819	0.10080	0.01084	0.08495	0.10302	0.07101	0.09772	0.05755	0.31990	0.01707	0.00975	0.00286	0.00722	0.01391	0.00826	0.01021
39	0.02392	0.69097	0.04688	0.01531	0.02296	0.03540	0.01531	0.02679	0.01818	0.02105	0.01244	0.01435	0.01148	0.00765	0.00574	0.00191	0.00957	0.00478	0.00383	0.01148
40	0.01105	0.00785	0.01034	0.01227	0.01275	0.00736	0.00810	0.01250	0.01684	0.02245	0.04783	0.63637	0.05731	0.07395	0.01380	0.00399	0.00543	0.02457	0.00810	0.00714
41	0.03196	0.03958	0.02468	0.02242	0.02708	0.56771	0.01688	0.03727	0.10220	0.02392	0.01678	0.01839	0.01359	0.00960	0.00820	0.00240	0.01495	0.00633	0.00520	0.01087
42	0.01088	0.00893	0.00935	0.00949	0.01202	0.00766	0.00688	0.01299	0.01974	0.02401	0.10473	0.13148	0.50974	0.07587	0.01343	0.00351	0.00490	0.01883	0.00814	0.00740
43	0.01301	0.00867	0.00976	0.00976	0.00976	0.00867	0.00542	0.01301	0.01301	0.01735	0.02819	0.05855	0.03253	0.68559	0.04554	0.00867	0.00867	0.01301	0.00542	0.00542
44	0.01336	0.00950	0.01064	0.01065	0.01152	0.00949	0.00677	0.01554	0.05255	0.02019	0.03856	0.06358	0.11485	0.50758	0.03620	0.00724	0.00798	0.05111	0.00624	0.00646
45	0.01086	0.00796	0.01020	0.01199	0.01285	0.00731	0.00810	0.01251	0.01758	0.02302	0.05497	0.59836	0.13690	0.02729	0.01130	0.00355	0.00510	0.02454	0.00831	0.00731
46	0.02214	0.02126	0.03631	0.05491	0.62978	0.02126	0.02746	0.02746	0.02037	0.02923	0.01683	0.02214	0.01417	0.00797	0.00886	0.00266	0.01063	0.00797	0.00443	0.01417
47	0.04014	0.01523	0.02076	0.01592	0.02284	0.01315	0.01315	0.04360	0.02561	0.63597	0.03530	0.03045	0.02215	0.01107	0.00900	0.00277	0.00761	0.00900	0.01107	0.01523
48	0.01671	0.03119	0.33471	0.02393	0.03345	0.01766	0.15669	0.02426	0.01981	0.02729	0.03649	0.03810	0.17645	0.01207	0.00953	0.00293	0.01133	0.01081	0.00516	0.01144
