[name]
unknown

[dist]
# distance from previous block
# <min> <max>
0	0

[block]
# block no. 0 follows, 23 sequences, length 11
# corresponding to MSA columns:
# 0-10
name=unknown_A
#
# <colnr> <probs for GDERKNQSTAVLIFYWHMCP>
#	G	D	E	R	K	N	Q	S	T	A	V	L	I	F	Y	W	H	M	C	P
0	0.01308	0.00934	0.01308	0.01494	0.01681	0.00934	0.01308	0.01681	0.01868	0.02428	0.04296	0.09153	0.04670	0.02242	0.01121	0.00374	0.00747	0.60960	0.00747	0.00747
1	0.02703	0.07649	0.02298	0.01895	0.02324	0.44627	0.01470	0.11491	0.02323	0.02409	0.01482	0.01779	0.01239	0.01630	0.10811	0.00375	0.01450	0.00598	0.00472	0.00977
2	0.02764	0.03440	0.02158	0.01978	0.02357	0.58644	0.01489	0.02985	0.02158	0.01971	0.01385	0.01709	0.01185	0.01585	0.10359	0.00365	0.01565	0.00572	0.00420	0.00910
3	0.02900	0.02009	0.02183	0.01699	0.02274	0.02188	0.01384	0.51060	0.03391	0.09472	0.02129	0.02304	0.01578	0.05725	0.01020	0.00277	0.00838	0.00769	0.05518	0.01281
4	0.03021	0.02461	0.02385	0.01886	0.02494	0.11409	0.01532	0.52385	0.06824	0.04599	0.01925	0.01939	0.01392	0.00962	0.00802	0.00241	0.00957	0.00712	0.00759	0.01315
5	0.02584	0.02512	0.01994	0.01761	0.02222	0.27865	0.01358	0.07372	0.25812	0.09558	0.02725	0.02631	0.05958	0.01041	0.00796	0.00245	0.00970	0.00792	0.00679	0.01126
6	0.01105	0.00813	0.01046	0.01096	0.01261	0.00753	0.00827	0.01399	0.01972	0.02666	0.32056	0.23650	0.14876	0.02037	0.01004	0.00296	0.00467	0.11139	0.00814	0.00724
7	0.03079	0.01768	0.02063	0.01632	0.02221	0.01825	0.01330	0.28695	0.11009	0.30114	0.02752	0.05554	0.01960	0.01074	0.00825	0.00255	0.00758	0.00861	0.00890	0.01335
8	0.02541	0.01903	0.02077	0.01712	0.02223	0.02096	0.01381	0.43197	0.11810	0.04295	0.02624	0.12330	0.02280	0.01285	0.00863	0.00267	0.00790	0.04293	0.00802	0.01229
9	0.10833	0.03626	0.02183	0.01983	0.02410	0.61242	0.01495	0.03150	0.02203	0.02160	0.01241	0.01448	0.01028	0.00827	0.00708	0.00213	0.01375	0.00514	0.00427	0.00934
10	0.24266	0.15163	0.36641	0.01781	0.02685	0.02095	0.02087	0.02490	0.01603	0.02775	0.01302	0.01524	0.00986	0.00752	0.00647	0.00241	0.00971	0.00523	0.00391	0.01076

[dist]
# distance from previous block
# <min> <max>
0	1

[block]
# block no. 1 follows, 23 sequences, length 29
# corresponding to MSA columns:
# 12-40
name=unknown_B
#
# <colnr> <probs for GDERKNQSTAVLIFYWHMCP>
#	G	D	E	R	K	N	Q	S	T	A	V	L	I	F	Y	W	H	M	C	P
0	0.02724	0.02851	0.02586	0.02728	0.17858	0.30859	0.01795	0.19074	0.02531	0.02976	0.01493	0.01742	0.01193	0.00881	0.00886	0.00235	0.05298	0.00637	0.00515	0.01137
1	0.19857	0.01585	0.05653	0.01956	0.14730	0.01430	0.01318	0.02232	0.03910	0.05613	0.10588	0.02947	0.06702	0.04562	0.00897	0.00258	0.00689	0.00808	0.00570	0.13695
2	0.01859	0.02009	0.04041	0.02887	0.03683	0.01819	0.48441	0.02465	0.01859	0.02610	0.01594	0.02067	0.01224	0.00664	0.00872	0.00237	0.01184	0.00843	0.00427	0.19215
3	0.01210	0.00921	0.00966	0.00967	0.01041	0.03573	0.00607	0.01279	0.01362	0.01738	0.03484	0.08896	0.13036	0.49195	0.07816	0.00693	0.00835	0.01276	0.00540	0.00566
4	0.01909	0.02026	0.03869	0.03556	0.20654	0.02115	0.33177	0.02426	0.01747	0.02469	0.01482	0.02048	0.01209	0.00859	0.01295	0.00283	0.16541	0.00839	0.00396	0.01100
5	0.02225	0.01997	0.03121	0.04353	0.53552	0.02046	0.02299	0.14820	0.02244	0.03147	0.01611	0.01996	0.01304	0.00774	0.00805	0.00242	0.00950	0.00725	0.00484	0.01304
6	0.01770	0.01500	0.01728	0.01261	0.01963	0.01206	0.01009	0.05130	0.05576	0.02807	0.01578	0.01776	0.01287	0.00649	0.00624	0.00135	0.00617	0.00519	0.00517	0.68349
7	0.01052	0.00819	0.00961	0.00982	0.01194	0.00729	0.00741	0.01319	0.01952	0.02527	0.25324	0.15462	0.34802	0.02011	0.00982	0.00284	0.00439	0.06911	0.00796	0.00712
8	0.01110	0.00964	0.01161	0.01371	0.09463	0.00851	0.00869	0.01366	0.01888	0.02342	0.12351	0.06916	0.52758	0.01850	0.00939	0.00268	0.00479	0.01565	0.00721	0.00769
9	0.01159	0.00869	0.01304	0.01304	0.01449	0.01014	0.01014	0.01449	0.01304	0.01884	0.02173	0.03188	0.02029	0.06086	0.68268	0.01304	0.02173	0.00869	0.00435	0.00724
10	0.01949	0.01829	0.02891	0.12570	0.45733	0.01930	0.02218	0.02802	0.14484	0.02726	0.01872	0.02233	0.01498	0.00810	0.00809	0.00252	0.00914	0.00762	0.00481	0.01236
11	0.03055	0.03163	0.02359	0.01992	0.02512	0.39190	0.01557	0.29963	0.02969	0.03368	0.01561	0.01678	0.01193	0.00897	0.00767	0.00224	0.01211	0.00614	0.00592	0.01135
12	0.01532	0.01442	0.02434	0.69533	0.05589	0.01803	0.02253	0.02073	0.01622	0.02073	0.01442	0.02163	0.01082	0.00811	0.00811	0.00270	0.01082	0.00721	0.00361	0.00901
13	0.03641	0.01381	0.01883	0.01444	0.02071	0.01193	0.01193	0.03954	0.02322	0.66984	0.03201	0.02762	0.02009	0.01004	0.00816	0.00251	0.00690	0.00816	0.01004	0.01381
14	0.01723	0.01636	0.02777	0.43735	0.29900	0.01853	0.02348	0.02240	0.01712	0.02304	0.01476	0.02101	0.01163	0.00776	0.00808	0.00259	0.01035	0.00722	0.00377	0.01055
15	0.03085	0.02273	0.02435	0.01867	0.02516	0.02516	0.01542	0.63716	0.03815	0.05114	0.01948	0.01948	0.01380	0.00974	0.00812	0.00244	0.00893	0.00731	0.00812	0.01380
16	0.01008	0.00743	0.00949	0.01106	0.01202	0.00684	0.00773	0.01178	0.01627	0.02119	0.05090	0.55592	0.15542	0.02437	0.01029	0.00324	0.00482	0.06691	0.00753	0.00670
17	0.01220	0.00972	0.01131	0.01173	0.01433	0.00937	0.00952	0.01744	0.09381	0.02476	0.09300	0.07631	0.33338	0.01988	0.01001	0.00309	0.00558	0.22905	0.00767	0.00783
18	0.02341	0.01947	0.03337	0.02499	0.03086	0.04946	0.29764	0.02794	0.01884	0.17929	0.01873	0.02182	0.01375	0.00909	0.01231	0.00272	0.14788	0.00827	0.00547	0.05469
19	0.01904	0.02047	0.04158	0.10150	0.21253	0.01995	0.41077	0.02519	0.01869	0.02563	0.01591	0.02137	0.01232	0.00707	0.00902	0.00264	0.01231	0.00871	0.00403	0.01128
20	0.03057	0.03087	0.02366	0.01981	0.02512	0.36070	0.01555	0.32835	0.03041	0.03517	0.01594	0.01701	0.01209	0.00904	0.00771	0.00226	0.01184	0.00624	0.00611	0.01156
21	0.01923	0.01785	0.01586	0.01398	0.01742	0.15948	0.01077	0.14255	0.02540	0.03203	0.31221	0.04464	0.12800	0.01395	0.00879	0.00245	0.00726	0.01146	0.00754	0.00916
22	0.01665	0.02098	0.15661	0.35599	0.20924	0.01808	0.02417	0.02263	0.01712	0.02343	0.01613	0.02388	0.01307	0.00853	0.00817	0.00265	0.01057	0.03768	0.00387	0.01054
23	0.02936	0.03386	0.02252	0.01980	0.02438	0.51348	0.01514	0.15499	0.02586	0.02636	0.01751	0.01886	0.04430	0.00926	0.00760	0.00219	0.01293	0.00626	0.00516	0.01017
24	0.40025	0.01598	0.01693	0.19071	0.02740	0.01849	0.01328	0.12201	0.01873	0.03369	0.01842	0.02097	0.05587	0.00896	0.00665	0.00257	0.00774	0.00650	0.00533	0.00953
25	0.03085	0.02273	0.02435	0.01867	0.02516	0.02516	0.01542	0.63716	0.03815	0.05114	0.01948	0.01948	0.01380	0.00974	0.00812	0.00244	0.00893	0.00731	0.00812	0.01380
26	0.02327	0.03012	0.30185	0.02000	0.02844	0.04835	0.02100	0.20542	0.12598	0.08502	0.02025	0.02065	0.01441	0.00904	0.00793	0.00254	0.00992	0.00702	0.00611	0.01268
27	0.01925	0.01881	0.01505	0.01439	0.01675	0.22744	0.01077	0.04946	0.01891	0.02269	0.04913	0.04140	0.02559	0.18473	0.06342	0.00452	0.01037	0.10529	0.09423	0.00778
28	0.02402	0.06838	0.03120	0.02389	0.02890	0.30649	0.19864	0.05253	0.02051	0.02296	0.01642	0.01983	0.03705	0.00916	0.01058	0.00250	0.10541	0.00727	0.00433	0.00993

[dist]
# distance from previous block
# <min> <max>
2	4

[block]
# block no. 2 follows, 23 sequences, length 21
# corresponding to MSA columns:
# 45-65
name=unknown_C
#
# <colnr> <probs for GDERKNQSTAVLIFYWHMCP>
#	G	D	E	R	K	N	Q	S	T	A	V	L	I	F	Y	W	H	M	C	P
0	0.05005	0.07445	0.31136	0.01643	0.02349	0.01496	0.01844	0.02071	0.01859	0.02680	0.17724	0.03980	0.10630	0.01238	0.00833	0.00261	0.00827	0.05442	0.00560	0.00975
1	0.20830	0.05401	0.08911	0.02339	0.02921	0.02132	0.25344	0.02388	0.01597	0.02679	0.01341	0.01791	0.01078	0.00877	0.01194	0.00280	0.16771	0.00714	0.00412	0.01000
2	0.19179	0.02101	0.02451	0.03001	0.29204	0.09884	0.01770	0.11646	0.05703	0.05262	0.01622	0.01862	0.01271	0.00811	0.00730	0.00242	0.00911	0.00651	0.00530	0.01170
3	0.02993	0.03697	0.02348	0.02195	0.05105	0.61781	0.01604	0.06663	0.02368	0.02192	0.01305	0.01513	0.01074	0.00839	0.00739	0.00212	0.01410	0.00543	0.00440	0.00980
4	0.59198	0.01394	0.01167	0.01056	0.01485	0.01570	0.00852	0.02183	0.01598	0.03549	0.16493	0.02442	0.02484	0.00968	0.00610	0.00252	0.00570	0.00683	0.00595	0.00852
5	0.06366	0.01791	0.01762	0.01595	0.02039	0.06570	0.01247	0.03849	0.48711	0.05695	0.03304	0.03300	0.05362	0.01153	0.00819	0.00272	0.00695	0.03501	0.00778	0.01189
6	0.02832	0.02147	0.02293	0.01816	0.02420	0.02398	0.01481	0.49646	0.18297	0.04707	0.02269	0.02204	0.01640	0.01004	0.00815	0.00251	0.00834	0.00775	0.00815	0.01357
7	0.01043	0.00822	0.00920	0.00898	0.01122	0.00721	0.00660	0.01296	0.01959	0.02524	0.28375	0.06999	0.40545	0.07117	0.01196	0.00306	0.00429	0.01585	0.00784	0.00699
8	0.04835	0.01346	0.02102	0.21620	0.18438	0.01459	0.01843	0.02019	0.01772	0.02434	0.02680	0.05103	0.02669	0.01404	0.00929	0.00307	0.00889	0.26681	0.00543	0.00927
9	0.02122	0.63594	0.04041	0.01477	0.02088	0.03124	0.01435	0.02373	0.01600	0.01914	0.01121	0.01358	0.01044	0.00781	0.00776	0.00195	0.09118	0.00467	0.00348	0.01023
10	0.02008	0.01928	0.03294	0.04981	0.66422	0.01928	0.02490	0.02490	0.01848	0.02651	0.01526	0.02008	0.01285	0.00723	0.00803	0.00241	0.00964	0.00723	0.00402	0.01285
11	0.00959	0.00822	0.00822	0.00822	0.01096	0.00685	0.00617	0.01165	0.01850	0.02192	0.08220	0.07809	0.66092	0.02055	0.00959	0.00274	0.00411	0.01713	0.00754	0.00685
12	0.01644	0.01549	0.02529	0.27365	0.32539	0.01654	0.02059	0.02096	0.01767	0.02359	0.02732	0.03135	0.13181	0.01001	0.00835	0.00258	0.00904	0.00905	0.00452	0.01037
13	0.01563	0.01473	0.02488	0.65444	0.09442	0.01811	0.02268	0.02100	0.01637	0.02110	0.01448	0.02154	0.01095	0.00806	0.00811	0.00269	0.01074	0.00721	0.00363	0.00926
14	0.01024	0.00742	0.00976	0.01150	0.01231	0.00694	0.00809	0.01198	0.01613	0.02123	0.04732	0.58846	0.09834	0.02470	0.01040	0.00331	0.00499	0.09262	0.00753	0.00672
15	0.01180	0.00787	0.00885	0.00885	0.00885	0.00787	0.00492	0.01180	0.01180	0.01573	0.02557	0.05310	0.02950	0.71483	0.04130	0.00787	0.00787	0.01180	0.00492	0.00492
16	0.03030	0.02072	0.02271	0.01754	0.02360	0.02249	0.01434	0.52622	0.03470	0.12274	0.02136	0.02258	0.01554	0.05445	0.01022	0.00279	0.00862	0.00769	0.00814	0.01324
17	0.02887	0.02551	0.02403	0.09996	0.02881	0.17995	0.01633	0.42035	0.03194	0.04010	0.01723	0.01859	0.01265	0.00922	0.00793	0.00239	0.01051	0.00680	0.00665	0.01219
18	0.01991	0.01976	0.03570	0.04692	0.54938	0.01951	0.13753	0.02510	0.01860	0.02641	0.01548	0.02042	0.01275	0.00716	0.00832	0.00247	0.01039	0.00766	0.00403	0.01250
19	0.02227	0.02221	0.02241	0.01936	0.02185	0.17825	0.01558	0.14176	0.02003	0.02564	0.01461	0.01963	0.01277	0.01949	0.12452	0.00452	0.29374	0.00695	0.00472	0.00969
20	0.02004	0.29388	0.14776	0.01666	0.02287	0.15038	0.01646	0.02394	0.01837	0.02150	0.02281	0.03160	0.06860	0.01087	0.00737	0.00235	0.00989	0.10032	0.00455	0.00976

[dist]
# distance from previous block
# <min> <max>
0	1

[block]
# block no. 3 follows, 23 sequences, length 12
# corresponding to MSA columns:
# 67-78
name=unknown_D
#
# <colnr> <probs for GDERKNQSTAVLIFYWHMCP>
#	G	D	E	R	K	N	Q	S	T	A	V	L	I	F	Y	W	H	M	C	P
0	0.01974	0.02802	0.20061	0.03229	0.17116	0.09290	0.23362	0.02590	0.01841	0.02487	0.01483	0.01917	0.01158	0.00787	0.00980	0.00261	0.06397	0.00749	0.00388	0.01130
1	0.02419	0.02111	0.02004	0.01621	0.02189	0.12029	0.01288	0.23608	0.14379	0.03547	0.02009	0.02075	0.01532	0.00879	0.00733	0.00209	0.00826	0.00671	0.05346	0.20524
2	0.01396	0.01787	0.15444	0.01378	0.01890	0.01295	0.01318	0.02316	0.18068	0.02699	0.11851	0.05075	0.29305	0.01490	0.00884	0.00269	0.00637	0.01241	0.00699	0.00959
3	0.01745	0.02111	0.14476	0.30234	0.16603	0.01887	0.02238	0.02710	0.14754	0.02553	0.01845	0.02227	0.01400	0.00846	0.00805	0.00263	0.00989	0.00740	0.00461	0.01112
4	0.02209	0.37717	0.15119	0.02169	0.11094	0.14825	0.01860	0.02613	0.01808	0.02142	0.01264	0.01501	0.01073	0.00738	0.00643	0.00204	0.01051	0.00519	0.00367	0.01084
5	0.01028	0.00773	0.00943	0.01028	0.01168	0.00701	0.00728	0.01231	0.01756	0.02290	0.15330	0.36575	0.23250	0.05286	0.01141	0.00324	0.00465	0.04536	0.00764	0.00680
6	0.02159	0.02482	0.03575	0.02668	0.03367	0.18859	0.36020	0.02661	0.01971	0.02450	0.01505	0.01909	0.01178	0.00708	0.00834	0.00229	0.01251	0.00758	0.00425	0.14993
7	0.02285	0.02156	0.02883	0.11592	0.31477	0.09337	0.05118	0.15489	0.06213	0.03068	0.01691	0.02027	0.01325	0.00820	0.00807	0.00245	0.01018	0.00726	0.00511	0.01211
8	0.02018	0.01743	0.01835	0.01651	0.02110	0.02018	0.01284	0.04312	0.64956	0.03394	0.03303	0.03027	0.02477	0.01101	0.00826	0.00275	0.00642	0.00917	0.00826	0.01284
9	0.02008	0.01928	0.03294	0.04981	0.66422	0.01928	0.02490	0.02490	0.01848	0.02651	0.01526	0.02008	0.01285	0.00723	0.00803	0.00241	0.00964	0.00723	0.00402	0.01285
10	0.00989	0.00706	0.00942	0.01130	0.01177	0.00659	0.00753	0.01130	0.01554	0.02071	0.04472	0.70954	0.05367	0.02542	0.01036	0.00330	0.00471	0.02307	0.00753	0.00659
11	0.01986	0.01860	0.02910	0.07600	0.48320	0.01942	0.02198	0.02891	0.16464	0.02793	0.01934	0.02253	0.01551	0.00815	0.00809	0.00250	0.00896	0.00768	0.00498	0.01265

[dist]
# distance from previous block
# <min> <max>
0	1

[block]
# block no. 4 follows, 23 sequences, length 18
# corresponding to MSA columns:
# 80-97
name=unknown_E
#
# <colnr> <probs for GDERKNQSTAVLIFYWHMCP>
#	G	D	E	R	K	N	Q	S	T	A	V	L	I	F	Y	W	H	M	C	P
0	0.02850	0.18359	0.02726	0.01926	0.02418	0.50172	0.01528	0.06862	0.02255	0.02166	0.01271	0.01459	0.01065	0.00814	0.00691	0.00204	0.01300	0.00517	0.00428	0.00990
1	0.01798	0.02466	0.21226	0.18056	0.35575	0.01889	0.02583	0.02423	0.01761	0.02504	0.01488	0.01958	0.01169	0.00755	0.00796	0.00252	0.01056	0.00688	0.00376	0.01179
2	0.02769	0.06888	0.05888	0.02072	0.05645	0.38856	0.01610	0.16382	0.02505	0.02806	0.01517	0.01706	0.01199	0.00857	0.00733	0.00218	0.01194	0.00593	0.05501	0.01062
3	0.01717	0.01889	0.05832	0.01667	0.04337	0.13157	0.04779	0.02482	0.15859	0.02588	0.10649	0.08710	0.20208	0.01411	0.00877	0.00262	0.00774	0.01190	0.00666	0.00947
4	0.01920	0.01913	0.02599	0.02197	0.05631	0.12555	0.19079	0.02298	0.01748	0.02412	0.01796	0.02450	0.01524	0.06658	0.01366	0.00296	0.12790	0.00801	0.19056	0.00911
5	0.04786	0.11581	0.38763	0.02917	0.21294	0.02054	0.02576	0.02523	0.01731	0.02556	0.01424	0.01733	0.01097	0.00747	0.00740	0.00242	0.01069	0.00609	0.00366	0.01192
6	0.02071	0.17623	0.14061	0.02869	0.12169	0.10180	0.24637	0.02620	0.01863	0.02380	0.01440	0.01811	0.01144	0.00724	0.00786	0.00237	0.01189	0.00704	0.00386	0.01108
7	0.05833	0.10408	0.38296	0.01729	0.02577	0.01691	0.02044	0.02155	0.01725	0.02455	0.03276	0.03335	0.19045	0.01117	0.00781	0.00252	0.00912	0.00881	0.00466	0.01021
8	0.02225	0.02187	0.09043	0.02822	0.24657	0.05170	0.01861	0.15591	0.02253	0.05313	0.01631	0.01881	0.01271	0.00766	0.00747	0.00211	0.00897	0.00644	0.00525	0.20305
9	0.02552	0.10875	0.02421	0.01902	0.05395	0.21288	0.01457	0.20916	0.12814	0.03177	0.02384	0.02409	0.06931	0.01001	0.00768	0.00233	0.00976	0.00749	0.00620	0.01133
10	0.01731	0.06556	0.16156	0.01488	0.02054	0.01516	0.01454	0.10509	0.01890	0.02805	0.01916	0.02343	0.01558	0.02134	0.17556	0.00480	0.01139	0.00690	0.15453	0.10569
11	0.02091	0.02197	0.02719	0.23573	0.29748	0.16507	0.02136	0.02650	0.06059	0.02380	0.01559	0.02002	0.01250	0.00800	0.00791	0.00245	0.01088	0.00691	0.00421	0.01094
12	0.09033	0.02503	0.02155	0.10892	0.02757	0.23495	0.01533	0.17880	0.15921	0.03200	0.01876	0.01997	0.01424	0.00916	0.00762	0.00243	0.01026	0.00677	0.00600	0.01110
13	0.01100	0.00837	0.01019	0.01044	0.01222	0.00780	0.00755	0.01467	0.05320	0.02637	0.29535	0.27212	0.20058	0.02004	0.00976	0.00285	0.00432	0.01765	0.00812	0.00741
14	0.02305	0.05793	0.06441	0.03643	0.37263	0.22781	0.02147	0.02703	0.01946	0.02374	0.01399	0.01780	0.01175	0.00791	0.00849	0.00234	0.04193	0.00640	0.00399	0.01144
15	0.05235	0.02680	0.25501	0.01793	0.02576	0.05525	0.01834	0.03047	0.22080	0.02866	0.02021	0.02098	0.01526	0.00844	0.00738	0.00231	0.00881	0.00665	0.00539	0.17320
16	0.05390	0.01313	0.01329	0.01225	0.01446	0.05025	0.00869	0.15286	0.01968	0.02685	0.02877	0.18179	0.04920	0.27728	0.02075	0.00462	0.00740	0.01244	0.04450	0.00789
17	0.01773	0.01426	0.01636	0.01336	0.01849	0.01314	0.01038	0.11834	0.09416	0.03028	0.05245	0.16717	0.02546	0.01176	0.00768	0.00208	0.00615	0.01001	0.00649	0.36424

[dist]
# distance from previous block
# <min> <max>
0	1

[block]
# block no. 5 follows, 23 sequences, length 26
# corresponding to MSA columns:
# 99-124
name=unknown_F
#
# <colnr> <probs for GDERKNQSTAVLIFYWHMCP>
#	G	D	E	R	K	N	Q	S	T	A	V	L	I	F	Y	W	H	M	C	P
0	0.02087	0.10110	0.04936	0.01435	0.02105	0.04495	0.01227	0.13281	0.02108	0.05528	0.01734	0.05703	0.01473	0.00824	0.00676	0.00176	0.00744	0.00646	0.00553	0.40161
1	0.01762	0.15846	0.02071	0.01451	0.01845	0.05567	0.01216	0.02693	0.21586	0.02698	0.11893	0.04691	0.07077	0.01398	0.00852	0.00270	0.00710	0.14697	0.00691	0.00985
2	0.01764	0.19413	0.02465	0.01586	0.01856	0.02051	0.01353	0.02017	0.01490	0.05839	0.05275	0.02386	0.01785	0.02634	0.21750	0.00584	0.23670	0.00737	0.00446	0.00900
3	0.02214	0.42255	0.03572	0.01760	0.02264	0.13728	0.04406	0.02468	0.01681	0.01963	0.01159	0.01472	0.01056	0.00874	0.01040	0.00223	0.15972	0.00533	0.00363	0.00994
4	0.01918	0.02114	0.04413	0.03553	0.13608	0.01987	0.51218	0.02556	0.01894	0.02609	0.01615	0.02137	0.01238	0.00686	0.00917	0.00261	0.01270	0.00899	0.00412	0.04693
5	0.02512	0.09263	0.02622	0.02587	0.17054	0.30107	0.01704	0.06261	0.15011	0.02577	0.01758	0.01917	0.01409	0.00858	0.00752	0.00228	0.01097	0.00651	0.00511	0.01122
6	0.01070	0.00826	0.00976	0.00939	0.01164	0.00732	0.00704	0.01380	0.02112	0.02815	0.42092	0.06784	0.31831	0.01823	0.00958	0.00263	0.00394	0.01569	0.00835	0.00732
7	0.01627	0.04197	0.67279	0.02313	0.03512	0.01884	0.02998	0.02570	0.01713	0.02570	0.01456	0.01713	0.01028	0.00771	0.00771	0.00257	0.01199	0.00600	0.00343	0.01199
8	0.01409	0.00705	0.01057	0.01057	0.01057	0.00705	0.00705	0.01057	0.01057	0.01409	0.01409	0.02467	0.01409	0.02819	0.03171	0.76392	0.00705	0.00705	0.00352	0.00352
9	0.01915	0.02189	0.04788	0.03420	0.04241	0.02052	0.63475	0.02599	0.01915	0.02599	0.01642	0.02189	0.01231	0.00684	0.00958	0.00274	0.01368	0.00958	0.00410	0.01094
10	0.01683	0.01442	0.01683	0.01202	0.01923	0.01082	0.00961	0.02043	0.01683	0.02644	0.01442	0.01683	0.01202	0.00601	0.00601	0.00120	0.00601	0.00481	0.00481	0.76444
11	0.01148	0.00829	0.01085	0.01021	0.01212	0.00766	0.00766	0.01531	0.02297	0.03254	0.65994	0.06061	0.07656	0.01659	0.00957	0.00255	0.00383	0.01467	0.00893	0.00766
12	0.01159	0.00869	0.01304	0.01304	0.01449	0.01014	0.01014	0.01449	0.01304	0.01884	0.02173	0.03188	0.02029	0.06086	0.68268	0.01304	0.02173	0.00869	0.00435	0.00724
13	0.01689	0.01656	0.02467	0.26181	0.03364	0.02242	0.01946	0.01996	0.01378	0.01996	0.01200	0.01914	0.01071	0.01203	0.02002	0.00325	0.45407	0.00714	0.00357	0.00893
14	0.01627	0.04197	0.67279	0.02313	0.03512	0.01884	0.02998	0.02570	0.01713	0.02570	0.01456	0.01713	0.01028	0.00771	0.00771	0.00257	0.01199	0.00600	0.00343	0.01199
15	0.02121	0.01794	0.01893	0.01672	0.02149	0.02066	0.01309	0.10047	0.59053	0.03560	0.03172	0.02923	0.02371	0.01089	0.00824	0.00272	0.00666	0.00899	0.00824	0.01294
16	0.01513	0.00756	0.00756	0.00756	0.00945	0.00756	0.00567	0.01891	0.01702	0.03025	0.02647	0.03025	0.02080	0.00945	0.00567	0.00189	0.00378	0.00756	0.75988	0.00756
17	0.02008	0.01928	0.03294	0.04981	0.66422	0.01928	0.02490	0.02490	0.01848	0.02651	0.01526	0.02008	0.01285	0.00723	0.00803	0.00241	0.00964	0.00723	0.00402	0.01285
18	0.00959	0.00822	0.00822	0.00822	0.01096	0.00685	0.00617	0.01165	0.01850	0.02192	0.08220	0.07809	0.66092	0.02055	0.00959	0.00274	0.00411	0.01713	0.00754	0.00685
19	0.02008	0.01928	0.03294	0.04981	0.66422	0.01928	0.02490	0.02490	0.01848	0.02651	0.01526	0.02008	0.01285	0.00723	0.00803	0.00241	0.00964	0.00723	0.00402	0.01285
20	0.00989	0.00706	0.00942	0.01130	0.01177	0.00659	0.00753	0.01130	0.01554	0.02071	0.04472	0.70954	0.05367	0.02542	0.01036	0.00330	0.00471	0.02307	0.00753	0.00659
21	0.01683	0.01442	0.01683	0.01202	0.01923	0.01082	0.00961	0.02043	0.01683	0.02644	0.01442	0.01683	0.01202	0.00601	0.00601	0.00120	0.00601	0.00481	0.00481	0.76444
22	0.01148	0.00829	0.01085	0.01021	0.01212	0.00766	0.00766	0.01531	0.02297	0.03254	0.65994	0.06061	0.07656	0.01659	0.00957	0.00255	0.00383	0.01467	0.00893	0.00766
23	0.01769	0.21921	0.50796	0.02071	0.03138	0.02231	0.02577	0.02533	0.01696	0.02397	0.01370	0.01606	0.01031	0.00751	0.00705	0.00235	0.01113	0.00556	0.00344	0.01158
24	0.02020	0.17359	0.41702	0.02087	0.03028	0.15696	0.02392	0.02679	0.01820	0.02321	0.01351	0.01582	0.01034	0.00769	0.00714	0.00231	0.01188	0.00552	0.00359	0.01116
25	0.05982	0.02001	0.01875	0.05633	0.02209	0.16920	0.01331	0.18811	0.02252	0.02932	0.01827	0.02295	0.01516	0.02689	0.24109	0.00602	0.01442	0.00717	0.03887	0.00971

[dist]
# distance from previous block
# <min> <max>
0	1

[block]
# block no. 6 follows, 23 sequences, length 29
# corresponding to MSA columns:
# 126-154
name=unknown_G
#
# <colnr> <probs for GDERKNQSTAVLIFYWHMCP>
#	G	D	E	R	K	N	Q	S	T	A	V	L	I	F	Y	W	H	M	C	P
0	0.02755	0.02431	0.02173	0.01977	0.06218	0.22286	0.01464	0.17776	0.15097	0.12065	0.05824	0.02365	0.01936	0.00985	0.00798	0.00241	0.00966	0.00757	0.00700	0.01185
1	0.02079	0.01804	0.02359	0.01954	0.02484	0.01984	0.12265	0.03992	0.50782	0.06339	0.03004	0.02866	0.02234	0.01023	0.00848	0.00274	0.00773	0.00920	0.00761	0.01255
2	0.02008	0.01928	0.03294	0.04981	0.66422	0.01928	0.02490	0.02490	0.01848	0.02651	0.01526	0.02008	0.01285	0.00723	0.00803	0.00241	0.00964	0.00723	0.00402	0.01285
3	0.01012	0.00824	0.00896	0.00878	0.01129	0.00708	0.00658	0.01267	0.01975	0.02490	0.24409	0.07319	0.49717	0.01944	0.00958	0.00269	0.00403	0.01644	0.00793	0.00708
4	0.03061	0.02022	0.02249	0.01742	0.02360	0.02173	0.01433	0.47554	0.05799	0.16468	0.05104	0.02325	0.01820	0.01015	0.00820	0.00247	0.00823	0.00787	0.00852	0.01349
5	0.01030	0.00733	0.00976	0.01156	0.01215	0.00693	0.00798	0.01189	0.01568	0.02084	0.04364	0.61538	0.05182	0.05760	0.01190	0.00356	0.00514	0.08254	0.00740	0.00660
6	0.01683	0.01442	0.01683	0.01202	0.01923	0.01082	0.00961	0.02043	0.01683	0.02644	0.01442	0.01683	0.01202	0.00601	0.00601	0.00120	0.00601	0.00481	0.00481	0.76444
7	0.01775	0.12695	0.44077	0.02586	0.08869	0.02089	0.11749	0.02549	0.01746	0.02493	0.01446	0.01755	0.01082	0.00744	0.00768	0.00247	0.01160	0.00642	0.00358	0.01170
8	0.01812	0.20861	0.29487	0.02112	0.08150	0.06529	0.02093	0.02374	0.01675	0.02246	0.01491	0.01876	0.01232	0.01690	0.12629	0.00416	0.01283	0.00610	0.00370	0.01065
9	0.01463	0.00894	0.01150	0.01068	0.01316	0.00805	0.00807	0.01788	0.02166	0.12075	0.43353	0.12640	0.13914	0.01708	0.00945	0.00265	0.00439	0.01494	0.00877	0.00832
10	0.01026	0.00760	0.00959	0.01046	0.01172	0.00692	0.00732	0.01244	0.01805	0.02410	0.21661	0.42368	0.16708	0.02219	0.01001	0.00300	0.00437	0.01976	0.00791	0.00692
11	0.02149	0.57709	0.07833	0.01600	0.02275	0.06414	0.03884	0.02459	0.01673	0.01981	0.01170	0.01396	0.01049	0.00747	0.00686	0.00195	0.04902	0.00484	0.00353	0.01039
12	0.02207	0.62240	0.07959	0.01503	0.02205	0.08450	0.01502	0.02505	0.01706	0.01956	0.01159	0.01340	0.01041	0.00711	0.00553	0.00182	0.00937	0.00451	0.00353	0.01043
13	0.01409	0.00705	0.01057	0.01057	0.01057	0.00705	0.00705	0.01057	0.01057	0.01409	0.01409	0.02467	0.01409	0.02819	0.03171	0.76392	0.00705	0.00705	0.00352	0.00352
14	0.01220	0.00904	0.01146	0.01072	0.01286	0.00868	0.00808	0.01759	0.07424	0.03265	0.60863	0.05813	0.07232	0.01613	0.00946	0.00257	0.00404	0.01422	0.00888	0.00808
15	0.01871	0.11886	0.02308	0.04588	0.02067	0.02081	0.01416	0.11828	0.01803	0.02558	0.01750	0.06316	0.01611	0.01913	0.11143	0.00427	0.25143	0.00798	0.07553	0.00940
16	0.02924	0.13392	0.02643	0.01899	0.02448	0.33011	0.01531	0.26616	0.02791	0.03190	0.01505	0.01628	0.01175	0.00869	0.00731	0.00217	0.01153	0.00590	0.00560	0.01126
17	0.01915	0.02189	0.04788	0.03420	0.04241	0.02052	0.63475	0.02599	0.01915	0.02599	0.01642	0.02189	0.01231	0.00684	0.00958	0.00274	0.01368	0.00958	0.00410	0.01094
18	0.02591	0.03060	0.02735	0.03125	0.24352	0.40553	0.04109	0.02909	0.02088	0.02233	0.01353	0.01688	0.01135	0.00816	0.00843	0.00228	0.04096	0.00614	0.00410	0.01062
19	0.02141	0.02334	0.06460	0.04412	0.53643	0.11801	0.02379	0.02606	0.01908	0.02548	0.01482	0.01912	0.01236	0.00742	0.00791	0.00237	0.01051	0.00687	0.00401	0.01230
20	0.01035	0.00808	0.00915	0.00919	0.01120	0.00714	0.00663	0.01265	0.01884	0.02424	0.23584	0.14366	0.37175	0.08001	0.01241	0.00319	0.00442	0.01666	0.00770	0.00688
21	0.03116	0.02222	0.02403	0.01843	0.02491	0.02440	0.01522	0.60289	0.03729	0.08662	0.02020	0.01995	0.01416	0.00976	0.00812	0.00244	0.00881	0.00735	0.00823	0.01380
22	0.02025	0.02203	0.04056	0.03921	0.27638	0.06447	0.36259	0.02601	0.01915	0.02578	0.01572	0.02072	0.01239	0.00709	0.00884	0.00257	0.01222	0.00840	0.00408	0.01156
23	0.02193	0.03217	0.20517	0.02747	0.08467	0.23138	0.18684	0.02747	0.01937	0.02360	0.01423	0.01789	0.01111	0.00804	0.00927	0.00251	0.05531	0.00688	0.00391	0.01076
24	0.01027	0.00747	0.00977	0.01147	0.01234	0.00697	0.00811	0.01204	0.01622	0.02129	0.04809	0.56949	0.11096	0.02457	0.01039	0.00330	0.00501	0.09799	0.00752	0.00673
25	0.29442	0.02000	0.01589	0.04437	0.01984	0.16983	0.01130	0.07523	0.04832	0.03077	0.01750	0.06023	0.01482	0.00936	0.00655	0.00234	0.00821	0.00673	0.09930	0.04500
26	0.02441	0.01846	0.02195	0.17087	0.07238	0.08021	0.01627	0.18385	0.02408	0.14662	0.02557	0.02925	0.06846	0.01083	0.00914	0.00261	0.04008	0.03725	0.00653	0.01115
27	0.02552	0.01940	0.02363	0.16630	0.06405	0.02128	0.01670	0.36506	0.05885	0.06927	0.01897	0.02065	0.01377	0.00902	0.00795	0.00241	0.00892	0.00720	0.00675	0.07428
28	0.02011	0.01957	0.02911	0.20973	0.18177	0.07631	0.13211	0.10835	0.02132	0.02776	0.04882	0.02491	0.04576	0.00891	0.00843	0.00255	0.01050	0.00831	0.00490	0.01078

[dist]
# distance from previous block
# <min> <max>
13	44

[block]
# block no. 7 follows, 23 sequences, length 6
# corresponding to MSA columns:
# 199-204
name=unknown_H
#
# <colnr> <probs for GDERKNQSTAVLIFYWHMCP>
#	G	D	E	R	K	N	Q	S	T	A	V	L	I	F	Y	W	H	M	C	P
0	0.25995	0.09127	0.01838	0.01401	0.01846	0.17661	0.01127	0.08007	0.04941	0.03014	0.01632	0.01851	0.01304	0.01058	0.03447	0.00267	0.00899	0.00578	0.13060	0.00947
1	0.02856	0.18051	0.02730	0.01912	0.02420	0.45772	0.01527	0.11086	0.02363	0.02384	0.01320	0.01493	0.01089	0.00824	0.00698	0.00206	0.01262	0.00531	0.00455	0.01020
2	0.01804	0.01505	0.01152	0.01102	0.01305	0.16856	0.00790	0.02061	0.01733	0.02467	0.02295	0.03141	0.02019	0.16008	0.01369	0.00322	0.00724	0.00791	0.41813	0.00744
3	0.01515	0.01501	0.01230	0.01243	0.01411	0.16811	0.00860	0.01652	0.01700	0.01958	0.03970	0.27053	0.15312	0.18138	0.01671	0.00397	0.00770	0.01505	0.00612	0.00692
4	0.01474	0.05019	0.01393	0.01218	0.01374	0.08164	0.00860	0.01772	0.06454	0.01894	0.02474	0.09550	0.02598	0.33562	0.18028	0.00734	0.01148	0.01072	0.00511	0.00700
5	0.14624	0.02867	0.02280	0.08272	0.11105	0.36301	0.01638	0.09002	0.02186	0.02662	0.01357	0.01623	0.01087	0.00820	0.00720	0.00229	0.01172	0.00574	0.00464	0.01017

[dist]
# distance from previous block
# <min> <max>
0	1

[block]
# block no. 8 follows, 23 sequences, length 10
# corresponding to MSA columns:
# 206-215
name=unknown_I
#
# <colnr> <probs for GDERKNQSTAVLIFYWHMCP>
#	G	D	E	R	K	N	Q	S	T	A	V	L	I	F	Y	W	H	M	C	P
0	0.16931	0.06695	0.02126	0.01779	0.02244	0.38795	0.01381	0.05717	0.12157	0.02651	0.01580	0.01697	0.01256	0.00861	0.00695	0.00227	0.01118	0.00574	0.00512	0.01007
1	0.04229	0.03408	0.01562	0.01380	0.01720	0.01330	0.01104	0.11285	0.08185	0.12034	0.03720	0.15564	0.08396	0.07074	0.01172	0.00334	0.00682	0.15101	0.00763	0.00957
2	0.02665	0.02507	0.14964	0.01893	0.02617	0.02229	0.01763	0.38479	0.13072	0.08291	0.02148	0.02127	0.01526	0.00957	0.00806	0.00252	0.00900	0.00740	0.00735	0.01329
3	0.02376	0.02687	0.03294	0.06997	0.17984	0.25539	0.20453	0.06163	0.02125	0.02503	0.01483	0.01875	0.01177	0.00770	0.00825	0.00241	0.01266	0.00723	0.00431	0.01089
4	0.14082	0.01952	0.02320	0.03100	0.33602	0.12076	0.01723	0.02477	0.01816	0.02776	0.01633	0.02006	0.01334	0.00788	0.00699	0.00228	0.00877	0.00653	0.14792	0.01066
5	0.02309	0.01700	0.01928	0.01616	0.02052	0.01868	0.01288	0.39658	0.02896	0.03906	0.02484	0.15656	0.02282	0.02252	0.13682	0.00462	0.01054	0.01065	0.00729	0.01115
6	0.01787	0.01163	0.01386	0.11991	0.02024	0.01278	0.01057	0.13641	0.02060	0.03182	0.02285	0.02695	0.01783	0.01328	0.05900	0.00299	0.00728	0.00755	0.43762	0.00896
7	0.02118	0.02001	0.01927	0.12543	0.02660	0.18033	0.01523	0.05581	0.16067	0.05682	0.02711	0.04149	0.02440	0.01297	0.00881	0.00283	0.00958	0.17510	0.00637	0.00997
8	0.01581	0.05245	0.02307	0.17798	0.02930	0.01493	0.13416	0.05835	0.01817	0.02499	0.02689	0.16632	0.05694	0.01456	0.03719	0.00308	0.00896	0.01141	0.11657	0.00887
9	0.02731	0.16746	0.02713	0.02064	0.06044	0.40757	0.01561	0.08515	0.07138	0.02397	0.01466	0.01627	0.01199	0.00835	0.00709	0.00212	0.01204	0.00566	0.00470	0.01046

[dist]
# distance from previous block
# <min> <max>
0	2

[block]
# block no. 9 follows, 23 sequences, length 67
# corresponding to MSA columns:
# 218-284
name=unknown_J
#
# <colnr> <probs for GDERKNQSTAVLIFYWHMCP>
#	G	D	E	R	K	N	Q	S	T	A	V	L	I	F	Y	W	H	M	C	P
0	0.01894	0.03290	0.36970	0.03328	0.27806	0.07529	0.02680	0.02596	0.01815	0.02552	0.01466	0.01806	0.01129	0.00758	0.00780	0.00247	0.01130	0.00641	0.00372	0.01211
1	0.01748	0.19294	0.53240	0.02107	0.03194	0.02180	0.02639	0.02539	0.01699	0.02423	0.01383	0.01621	0.01031	0.00754	0.00715	0.00238	0.01125	0.00563	0.00344	0.01164
2	0.02121	0.02317	0.02683	0.02041	0.02704	0.20057	0.17805	0.02525	0.01917	0.02449	0.01443	0.01756	0.01166	0.00689	0.00732	0.00186	0.01046	0.00620	0.00445	0.35299
3	0.11400	0.00954	0.01243	0.01226	0.01422	0.01101	0.00958	0.01612	0.01348	0.02216	0.02073	0.02923	0.01879	0.04934	0.53426	0.01068	0.01814	0.00802	0.06853	0.00748
4	0.03085	0.02273	0.02435	0.01867	0.02516	0.02516	0.01542	0.63716	0.03815	0.05114	0.01948	0.01948	0.01380	0.00974	0.00812	0.00244	0.00893	0.00731	0.00812	0.01380
5	0.02272	0.02447	0.02978	0.07028	0.45917	0.20403	0.02223	0.02681	0.01964	0.02440	0.01447	0.01863	0.01209	0.00758	0.00784	0.00233	0.01108	0.00667	0.00404	0.01172
6	0.01180	0.00787	0.00885	0.00885	0.00885	0.00787	0.00492	0.01180	0.01180	0.01573	0.02557	0.05310	0.02950	0.71483	0.04130	0.00787	0.00787	0.01180	0.00492	0.00492
7	0.02008	0.01928	0.03294	0.04981	0.66422	0.01928	0.02490	0.02490	0.01848	0.02651	0.01526	0.02008	0.01285	0.00723	0.00803	0.00241	0.00964	0.00723	0.00402	0.01285
8	0.01581	0.01177	0.01552	0.01427	0.01683	0.01343	0.01130	0.15091	0.01854	0.02591	0.02124	0.02916	0.01886	0.04966	0.53489	0.01072	0.01893	0.00839	0.00517	0.00868
9	0.01331	0.01122	0.01633	0.01534	0.01639	0.01424	0.01226	0.01589	0.01287	0.01903	0.01865	0.02794	0.01760	0.04785	0.49980	0.01040	0.21080	0.00825	0.00412	0.00770
10	0.01159	0.00869	0.01304	0.01304	0.01449	0.01014	0.01014	0.01449	0.01304	0.01884	0.02173	0.03188	0.02029	0.06086	0.68268	0.01304	0.02173	0.00869	0.00435	0.00724
11	0.03031	0.03867	0.02299	0.02090	0.02508	0.68226	0.01568	0.03240	0.02299	0.01986	0.01254	0.01463	0.01045	0.00836	0.00732	0.00209	0.01463	0.00523	0.00418	0.00941
12	0.01159	0.00869	0.01304	0.01304	0.01449	0.01014	0.01014	0.01449	0.01304	0.01884	0.02173	0.03188	0.02029	0.06086	0.68268	0.01304	0.02173	0.00869	0.00435	0.00724
13	0.01159	0.00869	0.01304	0.01304	0.01449	0.01014	0.01014	0.01449	0.01304	0.01884	0.02173	0.03188	0.02029	0.06086	0.68268	0.01304	0.02173	0.00869	0.00435	0.00724
14	0.00989	0.00706	0.00942	0.01130	0.01177	0.00659	0.00753	0.01130	0.01554	0.02071	0.04472	0.70954	0.05367	0.02542	0.01036	0.00330	0.00471	0.02307	0.00753	0.00659
15	0.01148	0.00829	0.01085	0.01021	0.01212	0.00766	0.00766	0.01531	0.02297	0.03254	0.65994	0.06061	0.07656	0.01659	0.00957	0.00255	0.00383	0.01467	0.00893	0.00766
16	0.02169	0.71972	0.04252	0.01388	0.02083	0.03211	0.01388	0.02430	0.01649	0.01909	0.01128	0.01302	0.01041	0.00694	0.00521	0.00174	0.00868	0.00434	0.00347	0.01041
17	0.01627	0.04197	0.67279	0.02313	0.03512	0.01884	0.02998	0.02570	0.01713	0.02570	0.01456	0.01713	0.01028	0.00771	0.00771	0.00257	0.01199	0.00600	0.00343	0.01199
18	0.01159	0.00869	0.01304	0.01304	0.01449	0.01014	0.01014	0.01449	0.01304	0.01884	0.02173	0.03188	0.02029	0.06086	0.68268	0.01304	0.02173	0.00869	0.00435	0.00724
19	0.00989	0.00706	0.00942	0.01130	0.01177	0.00659	0.00753	0.01130	0.01554	0.02071	0.04472	0.70954	0.05367	0.02542	0.01036	0.00330	0.00471	0.02307	0.00753	0.00659
20	0.01653	0.07439	0.64264	0.02269	0.03444	0.01948	0.02921	0.02563	0.01710	0.02538	0.01440	0.01693	0.01029	0.00767	0.00759	0.00253	0.01183	0.00592	0.00343	0.01192
21	0.03085	0.02273	0.02435	0.01867	0.02516	0.02516	0.01542	0.63716	0.03815	0.05114	0.01948	0.01948	0.01380	0.00974	0.00812	0.00244	0.00893	0.00731	0.00812	0.01380
22	0.00989	0.00706	0.00942	0.01130	0.01177	0.00659	0.00753	0.01130	0.01554	0.02071	0.04472	0.70954	0.05367	0.02542	0.01036	0.00330	0.00471	0.02307	0.00753	0.00659
23	0.02705	0.01220	0.01608	0.01301	0.01775	0.01093	0.01047	0.05703	0.02362	0.41095	0.23655	0.03991	0.06318	0.01256	0.00867	0.00253	0.00589	0.01058	0.00950	0.01155
24	0.04609	0.02864	0.35660	0.02598	0.16761	0.01666	0.02342	0.02443	0.01846	0.06138	0.10172	0.02718	0.02163	0.00954	0.00810	0.00258	0.00972	0.03401	0.00487	0.01139
25	0.03110	0.02232	0.02410	0.01848	0.02496	0.02456	0.01526	0.60984	0.03747	0.07942	0.02005	0.01985	0.01409	0.00975	0.00812	0.00244	0.00884	0.00734	0.00821	0.01380
26	0.01891	0.02113	0.04471	0.03194	0.04004	0.01953	0.57094	0.02542	0.01891	0.02604	0.01621	0.02137	0.01228	0.00676	0.00921	0.00258	0.01290	0.00909	0.00418	0.08785
27	0.03031	0.03867	0.02299	0.02090	0.02508	0.68226	0.01568	0.03240	0.02299	0.01986	0.01254	0.01463	0.01045	0.00836	0.00732	0.00209	0.01463	0.00523	0.00418	0.00941
28	0.02008	0.01928	0.03294	0.04981	0.66422	0.01928	0.02490	0.02490	0.01848	0.02651	0.01526	0.02008	0.01285	0.00723	0.00803	0.00241	0.00964	0.00723	0.00402	0.01285
29	0.02225	0.02664	0.05520	0.02213	0.12428	0.32704	0.01532	0.04853	0.02149	0.02350	0.05886	0.03273	0.16589	0.01142	0.00812	0.00235	0.01053	0.00887	0.00526	0.00959
30	0.00989	0.00706	0.00942	0.01130	0.01177	0.00659	0.00753	0.01130	0.01554	0.02071	0.04472	0.70954	0.05367	0.02542	0.01036	0.00330	0.00471	0.02307	0.00753	0.00659
31	0.02029	0.54431	0.20564	0.01628	0.02453	0.02867	0.01805	0.02466	0.01665	0.02080	0.01213	0.01408	0.01038	0.00714	0.00585	0.00195	0.00954	0.00477	0.00346	0.01082
32	0.03426	0.01429	0.01877	0.01471	0.02076	0.01302	0.01205	0.04002	0.10591	0.58589	0.03215	0.02797	0.02070	0.01017	0.00817	0.00254	0.00684	0.00829	0.00981	0.01368
33	0.02070	0.01769	0.01864	0.01662	0.02130	0.02043	0.01297	0.07216	0.61967	0.03478	0.03236	0.02975	0.02423	0.01095	0.00825	0.00274	0.00654	0.00908	0.00825	0.01289
34	0.77215	0.01569	0.01193	0.01067	0.01569	0.01820	0.00879	0.02385	0.01381	0.03641	0.01130	0.01318	0.00879	0.00753	0.00502	0.00251	0.00628	0.00439	0.00502	0.00879
35	0.00989	0.00706	0.00942	0.01130	0.01177	0.00659	0.00753	0.01130	0.01554	0.02071	0.04472	0.70954	0.05367	0.02542	0.01036	0.00330	0.00471	0.02307	0.00753	0.00659
36	0.02169	0.71972	0.04252	0.01388	0.02083	0.03211	0.01388	0.02430	0.01649	0.01909	0.01128	0.01302	0.01041	0.00694	0.00521	0.00174	0.00868	0.00434	0.00347	0.01041
37	0.01627	0.04197	0.67279	0.02313	0.03512	0.01884	0.02998	0.02570	0.01713	0.02570	0.01456	0.01713	0.01028	0.00771	0.00771	0.00257	0.01199	0.00600	0.00343	0.01199
38	0.02273	0.02878	0.08494	0.02490	0.02976	0.26973	0.18999	0.02668	0.01866	0.02197	0.01330	0.01768	0.01101	0.00941	0.01304	0.00269	0.19388	0.00699	0.00393	0.00991
39	0.77215	0.01569	0.01193	0.01067	0.01569	0.01820	0.00879	0.02385	0.01381	0.03641	0.01130	0.01318	0.00879	0.00753	0.00502	0.00251	0.00628	0.00439	0.00502	0.00879
40	0.01915	0.02189	0.04788	0.03420	0.04241	0.02052	0.63475	0.02599	0.01915	0.02599	0.01642	0.02189	0.01231	0.00684	0.00958	0.00274	0.01368	0.00958	0.00410	0.01094
41	0.00989	0.00706	0.00942	0.01130	0.01177	0.00659	0.00753	0.01130	0.01554	0.02071	0.04472	0.70954	0.05367	0.02542	0.01036	0.00330	0.00471	0.02307	0.00753	0.00659
42	0.01159	0.00869	0.01304	0.01304	0.01449	0.01014	0.01014	0.01449	0.01304	0.01884	0.02173	0.03188	0.02029	0.06086	0.68268	0.01304	0.02173	0.00869	0.00435	0.00724
43	0.02018	0.53079	0.21821	0.01646	0.02481	0.02841	0.01837	0.02469	0.01667	0.02093	0.01220	0.01416	0.01038	0.00716	0.00590	0.00197	0.00960	0.00480	0.00346	0.01085
44	0.03031	0.03867	0.02299	0.02090	0.02508	0.68226	0.01568	0.03240	0.02299	0.01986	0.01254	0.01463	0.01045	0.00836	0.00732	0.00209	0.01463	0.00523	0.00418	0.00941
45	0.01148	0.00829	0.01085	0.01021	0.01212	0.00766	0.00766	0.01531	0.02297	0.03254	0.65994	0.06061	0.07656	0.01659	0.00957	0.00255	0.00383	0.01467	0.00893	0.00766
46	0.02646	0.01850	0.01967	0.01557	0.02078	0.02026	0.01270	0.46482	0.03226	0.04532	0.02143	0.02248	0.01575	0.00966	0.00744	0.00228	0.00749	0.00738	0.21767	0.01206
47	0.00989	0.00706	0.00942	0.01130	0.01177	0.00659	0.00753	0.01130	0.01554	0.02071	0.04472	0.70954	0.05367	0.02542	0.01036	0.00330	0.00471	0.02307	0.00753	0.00659
48	0.02707	0.03328	0.02347	0.02101	0.02411	0.51280	0.01621	0.02908	0.02027	0.01977	0.01206	0.01544	0.01050	0.00987	0.01229	0.00247	0.19129	0.00571	0.00402	0.00927
49	0.01338	0.00883	0.01077	0.00996	0.01260	0.00782	0.00758	0.01654	0.02147	0.09397	0.39920	0.06319	0.26969	0.01727	0.00943	0.00261	0.00424	0.01484	0.00857	0.00801
50	0.01983	0.01902	0.03248	0.08414	0.63186	0.01921	0.02478	0.02468	0.01836	0.02620	0.01522	0.02017	0.01274	0.00728	0.00804	0.00243	0.00970	0.00723	0.00399	0.01265
51	0.01683	0.01442	0.01683	0.01202	0.01923	0.01082	0.00961	0.02043	0.01683	0.02644	0.01442	0.01683	0.01202	0.00601	0.00601	0.00120	0.00601	0.00481	0.00481	0.76444
52	0.00961	0.00813	0.00831	0.00846	0.01102	0.00683	0.00627	0.01162	0.01827	0.02183	0.07933	0.12642	0.61444	0.02092	0.00965	0.00278	0.00416	0.01758	0.00753	0.00683
53	0.00959	0.00822	0.00822	0.00822	0.01096	0.00685	0.00617	0.01165	0.01850	0.02192	0.08220	0.07809	0.66092	0.02055	0.00959	0.00274	0.00411	0.01713	0.00754	0.00685
54	0.01428	0.01128	0.01338	0.01317	0.01596	0.01174	0.01054	0.02353	0.20648	0.02939	0.23369	0.06237	0.12117	0.01704	0.00964	0.00297	0.00565	0.18051	0.00816	0.00904
55	0.03085	0.02273	0.02435	0.01867	0.02516	0.02516	0.01542	0.63716	0.03815	0.05114	0.01948	0.01948	0.01380	0.00974	0.00812	0.00244	0.00893	0.00731	0.00812	0.01380
56	0.01992	0.02028	0.06108	0.04863	0.63655	0.01926	0.02513	0.02494	0.01842	0.02647	0.01523	0.01995	0.01274	0.00725	0.00802	0.00242	0.00974	0.00718	0.00399	0.01282
57	0.01887	0.02219	0.06994	0.03221	0.03959	0.02097	0.53680	0.02521	0.01827	0.02521	0.01565	0.02120	0.01203	0.00776	0.01154	0.00283	0.09584	0.00914	0.00401	0.01074
58	0.01532	0.01442	0.02434	0.69533	0.05589	0.01803	0.02253	0.02073	0.01622	0.02073	0.01442	0.02163	0.01082	0.00811	0.00811	0.00270	0.01082	0.00721	0.00361	0.00901
59	0.00989	0.00706	0.00942	0.01130	0.01177	0.00659	0.00753	0.01130	0.01554	0.02071	0.04472	0.70954	0.05367	0.02542	0.01036	0.00330	0.00471	0.02307	0.00753	0.00659
60	0.01652	0.07229	0.64460	0.02271	0.03448	0.01944	0.02926	0.02563	0.01710	0.02540	0.01441	0.01695	0.01028	0.00767	0.00760	0.00253	0.01184	0.00592	0.00343	0.01192
61	0.02966	0.03311	0.02411	0.02256	0.07441	0.46369	0.01632	0.18591	0.02651	0.02834	0.01452	0.01629	0.01149	0.00863	0.00758	0.00220	0.01279	0.00591	0.00517	0.01079
62	0.71335	0.01503	0.01173	0.01072	0.01539	0.01731	0.00869	0.02288	0.01394	0.03520	0.01388	0.06690	0.01225	0.00891	0.00543	0.00257	0.00616	0.00583	0.00522	0.00862
63	0.01181	0.00876	0.01119	0.01026	0.01262	0.00786	0.00774	0.01554	0.02229	0.03159	0.58405	0.05802	0.09797	0.01595	0.00930	0.00246	0.00401	0.01402	0.00855	0.06600
64	0.01627	0.01394	0.01616	0.01173	0.01859	0.01051	0.00935	0.01975	0.01695	0.02609	0.01965	0.02155	0.06208	0.00713	0.00629	0.00132	0.00586	0.00576	0.00502	0.70600
65	0.01146	0.00857	0.01276	0.01291	0.01428	0.00987	0.00994	0.01424	0.01323	0.01898	0.02351	0.08415	0.02286	0.05812	0.63081	0.01229	0.02042	0.00980	0.00459	0.00719
66	0.02157	0.66568	0.04178	0.01666	0.07046	0.03112	0.01473	0.02434	0.01664	0.01966	0.01159	0.01356	0.01060	0.00696	0.00542	0.00179	0.00875	0.00456	0.00351	0.01060

[dist]
# distance from previous block
# <min> <max>
0	6

# created by:
# /home/cegg/simao/soft/augustus-3.2.1/scripts/msa2prfl.pl ./align_prep/11921.fa
