[name]
unknown

[dist]
# distance from previous block
# <min> <max>
0	74

[block]
# block no. 0 follows, 23 sequences, length 18
# corresponding to MSA columns:
# 74-91
name=unknown_A
#
# <colnr> <probs for GDERKNQSTAVLIFYWHMCP>
#	G	D	E	R	K	N	Q	S	T	A	V	L	I	F	Y	W	H	M	C	P
0	0.02459	0.02089	0.02038	0.01741	0.02236	0.12161	0.01424	0.30479	0.06251	0.03660	0.02452	0.03691	0.02186	0.01241	0.00858	0.00262	0.00907	0.15586	0.00707	0.07573
1	0.02179	0.02324	0.02900	0.15379	0.40139	0.18306	0.02221	0.02604	0.01921	0.02387	0.01445	0.01900	0.01191	0.00766	0.00787	0.00238	0.01108	0.00673	0.00399	0.01134
2	0.00988	0.00823	0.00862	0.00852	0.01114	0.00697	0.00639	0.01221	0.01918	0.02354	0.17052	0.07542	0.57159	0.01994	0.00959	0.00271	0.00407	0.01675	0.00775	0.00697
3	0.00998	0.00713	0.00950	0.01123	0.01179	0.00665	0.00754	0.01154	0.01597	0.02141	0.08106	0.67121	0.05502	0.02490	0.01031	0.00325	0.00466	0.02257	0.00761	0.00665
4	0.00959	0.00822	0.00822	0.00822	0.01096	0.00685	0.00617	0.01165	0.01850	0.02192	0.08220	0.07809	0.66092	0.02055	0.00959	0.00274	0.00411	0.01713	0.00754	0.00685
5	0.23210	0.01652	0.01835	0.01448	0.02047	0.01688	0.01195	0.18317	0.02439	0.34712	0.02336	0.02174	0.01550	0.00930	0.00731	0.00249	0.00724	0.00694	0.00822	0.01246
6	0.00989	0.00706	0.00942	0.01130	0.01177	0.00659	0.00753	0.01130	0.01554	0.02071	0.04472	0.70954	0.05367	0.02542	0.01036	0.00330	0.00471	0.02307	0.00753	0.00659
7	0.77215	0.01569	0.01193	0.01067	0.01569	0.01820	0.00879	0.02385	0.01381	0.03641	0.01130	0.01318	0.00879	0.00753	0.00502	0.00251	0.00628	0.00439	0.00502	0.00879
8	0.03031	0.03867	0.02299	0.02090	0.02508	0.68226	0.01568	0.03240	0.02299	0.01986	0.01254	0.01463	0.01045	0.00836	0.00732	0.00209	0.01463	0.00523	0.00418	0.00941
9	0.01739	0.18192	0.54265	0.02122	0.03217	0.02158	0.02666	0.02541	0.01700	0.02433	0.01388	0.01628	0.01031	0.00755	0.00719	0.00240	0.01131	0.00565	0.00344	0.01167
10	0.00962	0.00812	0.00832	0.00848	0.01103	0.00683	0.00628	0.01162	0.01824	0.02182	0.07899	0.13212	0.60896	0.02097	0.00966	0.00279	0.00416	0.01763	0.00753	0.00683
11	0.01668	0.01572	0.02537	0.14850	0.39993	0.01599	0.01987	0.02092	0.01810	0.02440	0.03168	0.03469	0.17282	0.01067	0.00843	0.00254	0.00847	0.00967	0.00482	0.01072
12	0.02292	0.02577	0.02662	0.21209	0.24316	0.28571	0.02055	0.02680	0.01969	0.02228	0.01394	0.01831	0.01134	0.00792	0.00777	0.00236	0.01197	0.00642	0.00397	0.01043
13	0.26684	0.02391	0.13106	0.02176	0.12283	0.05152	0.01721	0.21219	0.02296	0.03680	0.01502	0.01691	0.01128	0.00823	0.00700	0.00246	0.00896	0.00603	0.00550	0.01152
14	0.01681	0.01257	0.01313	0.01187	0.01471	0.05563	0.00884	0.07732	0.05794	0.08268	0.21877	0.07804	0.17239	0.12652	0.01416	0.00343	0.00619	0.01287	0.00760	0.00854
15	0.05764	0.01191	0.01427	0.04657	0.01783	0.01165	0.01002	0.05739	0.07974	0.18308	0.20840	0.04762	0.19263	0.01422	0.00873	0.00261	0.00563	0.01191	0.00828	0.00987
16	0.17613	0.09031	0.02258	0.04814	0.02344	0.02217	0.01358	0.31459	0.06352	0.08279	0.01813	0.01870	0.01328	0.00883	0.00710	0.00235	0.00802	0.00645	0.00677	0.05312
17	0.02380	0.06721	0.03229	0.02443	0.02936	0.23660	0.20568	0.08864	0.02075	0.02480	0.01396	0.01791	0.01140	0.00918	0.01203	0.00261	0.15758	0.00711	0.00438	0.01027

[dist]
# distance from previous block
# <min> <max>
0	3

[block]
# block no. 1 follows, 23 sequences, length 51
# corresponding to MSA columns:
# 95-145
name=unknown_B
#
# <colnr> <probs for GDERKNQSTAVLIFYWHMCP>
#	G	D	E	R	K	N	Q	S	T	A	V	L	I	F	Y	W	H	M	C	P
0	0.01561	0.01456	0.02759	0.02109	0.02528	0.01387	0.30925	0.01941	0.01613	0.02256	0.02233	0.07265	0.02161	0.25647	0.02032	0.00447	0.01005	0.01090	0.08764	0.00821
1	0.01856	0.01568	0.02515	0.03684	0.46331	0.01568	0.01900	0.02306	0.01803	0.02766	0.01870	0.02320	0.01529	0.00791	0.00731	0.00225	0.00784	0.00733	0.23594	0.01123
2	0.01975	0.01894	0.03233	0.09501	0.62161	0.01919	0.02474	0.02461	0.01832	0.02610	0.01520	0.02019	0.01271	0.00729	0.00804	0.00243	0.00972	0.00723	0.00399	0.01258
3	0.77215	0.01569	0.01193	0.01067	0.01569	0.01820	0.00879	0.02385	0.01381	0.03641	0.01130	0.01318	0.00879	0.00753	0.00502	0.00251	0.00628	0.00439	0.00502	0.00879
4	0.02169	0.71972	0.04252	0.01388	0.02083	0.03211	0.01388	0.02430	0.01649	0.01909	0.01128	0.01302	0.01041	0.00694	0.00521	0.00174	0.00868	0.00434	0.00347	0.01041
5	0.01074	0.00827	0.00981	0.00943	0.01166	0.00734	0.00707	0.01387	0.02121	0.02836	0.43257	0.06749	0.30654	0.01815	0.00958	0.00263	0.00394	0.01564	0.00838	0.00734
6	0.20089	0.01896	0.01976	0.01536	0.02161	0.02006	0.01263	0.34231	0.02773	0.09767	0.01785	0.01830	0.01290	0.00865	0.00706	0.00226	0.00766	0.00630	0.00703	0.13501
7	0.01494	0.01391	0.02329	0.64743	0.05280	0.01723	0.02148	0.02007	0.01618	0.02073	0.01654	0.06981	0.01382	0.00932	0.00827	0.00275	0.01039	0.00832	0.00388	0.00884
8	0.01308	0.00934	0.01308	0.01494	0.01681	0.00934	0.01308	0.01681	0.01868	0.02428	0.04296	0.09153	0.04670	0.02242	0.01121	0.00374	0.00747	0.60960	0.00747	0.00747
9	0.01164	0.00850	0.01207	0.01207	0.01318	0.00961	0.00893	0.01386	0.01275	0.01811	0.02263	0.03681	0.02243	0.21295	0.53351	0.01184	0.01851	0.00942	0.00448	0.00670
10	0.01057	0.00759	0.01003	0.01083	0.01192	0.00705	0.00759	0.01303	0.01873	0.02580	0.30939	0.43037	0.06352	0.02162	0.01002	0.00298	0.00433	0.01946	0.00813	0.00705
11	0.02354	0.31680	0.18207	0.01856	0.02568	0.26318	0.01827	0.02754	0.01898	0.02090	0.01250	0.01456	0.01040	0.00763	0.00655	0.00206	0.01159	0.00504	0.00372	0.01042
12	0.01165	0.00847	0.01191	0.01191	0.01297	0.00953	0.00873	0.01376	0.01271	0.01800	0.02277	0.03760	0.02277	0.23706	0.50987	0.01165	0.01800	0.00953	0.00450	0.00662
13	0.01033	0.00725	0.00928	0.01073	0.01109	0.00689	0.00692	0.01142	0.01467	0.01956	0.04027	0.55687	0.04805	0.18576	0.01755	0.00436	0.00544	0.02045	0.00692	0.00620
14	0.02452	0.02614	0.02682	0.14179	0.17949	0.26371	0.04412	0.11856	0.02249	0.02648	0.01461	0.01823	0.01166	0.00844	0.00862	0.00241	0.03988	0.00659	0.00461	0.01084
15	0.01944	0.13434	0.03563	0.19852	0.22115	0.05397	0.17468	0.02441	0.01798	0.02341	0.01456	0.01949	0.01170	0.00736	0.00794	0.00244	0.01103	0.00724	0.00386	0.01086
16	0.01889	0.01806	0.03078	0.21136	0.51197	0.01897	0.02431	0.02386	0.01791	0.02506	0.01505	0.02047	0.01234	0.00745	0.00805	0.00248	0.00993	0.00723	0.00391	0.01189
17	0.01595	0.01567	0.01536	0.01487	0.01695	0.16646	0.01143	0.01866	0.01536	0.01907	0.01960	0.02787	0.01800	0.04865	0.52561	0.01049	0.02008	0.00789	0.00431	0.00775
18	0.02381	0.02683	0.02286	0.02512	0.15867	0.35429	0.01634	0.05474	0.02042	0.02249	0.01558	0.02003	0.01341	0.02039	0.16458	0.00472	0.01496	0.00656	0.00437	0.00984
19	0.01215	0.00849	0.01104	0.01161	0.01249	0.00880	0.00853	0.01391	0.01417	0.01902	0.03009	0.06037	0.03282	0.36317	0.16859	0.00770	0.01070	0.19456	0.00558	0.00620
20	0.07425	0.67041	0.04038	0.01366	0.02047	0.03113	0.01353	0.02427	0.01630	0.02030	0.01128	0.01303	0.01030	0.00698	0.00519	0.00179	0.00851	0.00434	0.00358	0.01030
21	0.05122	0.03621	0.53327	0.02120	0.03186	0.01798	0.02604	0.02813	0.04420	0.10926	0.01744	0.01886	0.01208	0.00814	0.00768	0.00257	0.01086	0.00634	0.00455	0.01212
22	0.01409	0.00705	0.01057	0.01057	0.01057	0.00705	0.00705	0.01057	0.01057	0.01409	0.01409	0.02467	0.01409	0.02819	0.03171	0.76392	0.00705	0.00705	0.00352	0.00352
23	0.01205	0.01110	0.01208	0.01172	0.01360	0.04137	0.00892	0.01394	0.01706	0.02117	0.05906	0.18655	0.39824	0.01980	0.01265	0.00296	0.12784	0.01595	0.00667	0.00728
24	0.01730	0.01639	0.02533	0.03010	0.25799	0.01966	0.01878	0.02045	0.01480	0.02197	0.01472	0.02162	0.01352	0.02155	0.15939	0.00515	0.29990	0.00749	0.00389	0.01000
25	0.01363	0.00924	0.01110	0.01098	0.01324	0.00857	0.00806	0.05814	0.01986	0.07626	0.15839	0.31364	0.22775	0.02019	0.00967	0.00289	0.00485	0.01763	0.00801	0.00792
26	0.03085	0.02273	0.02435	0.01867	0.02516	0.02516	0.01542	0.63716	0.03815	0.05114	0.01948	0.01948	0.01380	0.00974	0.00812	0.00244	0.00893	0.00731	0.00812	0.01380
27	0.02596	0.03170	0.02068	0.01908	0.02262	0.52594	0.01439	0.02824	0.02068	0.01962	0.01468	0.01864	0.01274	0.02057	0.16439	0.00464	0.01628	0.00603	0.00422	0.00890
28	0.01006	0.00824	0.00888	0.00872	0.01125	0.00705	0.00654	0.01256	0.01961	0.02458	0.22679	0.07372	0.51468	0.01956	0.00959	0.00269	0.00404	0.01651	0.00788	0.00705
29	0.02813	0.03454	0.02511	0.02706	0.16113	0.54114	0.01764	0.03081	0.02203	0.02127	0.01312	0.01579	0.01096	0.00812	0.00747	0.00216	0.01357	0.00565	0.00415	0.01014
30	0.03146	0.02175	0.02374	0.01820	0.02467	0.02371	0.01504	0.57148	0.03651	0.11913	0.02086	0.02038	0.01449	0.00977	0.00812	0.00244	0.00871	0.00740	0.00833	0.01380
31	0.01164	0.00849	0.01199	0.01199	0.01308	0.00957	0.00883	0.01382	0.01273	0.01806	0.02269	0.03719	0.02259	0.22452	0.52216	0.01175	0.01826	0.00947	0.00449	0.00666
32	0.00991	0.00823	0.00866	0.00855	0.01115	0.00698	0.00641	0.01226	0.01924	0.02369	0.17837	0.07518	0.56365	0.01989	0.00959	0.00271	0.00406	0.01672	0.00777	0.00698
33	0.01999	0.01144	0.01210	0.01053	0.01374	0.01190	0.00829	0.16386	0.02228	0.07129	0.02516	0.02760	0.01913	0.00955	0.00638	0.00205	0.00516	0.00754	0.54262	0.00937
34	0.01627	0.04197	0.67279	0.02313	0.03512	0.01884	0.02998	0.02570	0.01713	0.02570	0.01456	0.01713	0.01028	0.00771	0.00771	0.00257	0.01199	0.00600	0.00343	0.01199
35	0.01998	0.01958	0.03466	0.04800	0.59229	0.01942	0.09544	0.02503	0.01855	0.02645	0.01540	0.02029	0.01279	0.00718	0.00821	0.00245	0.01011	0.00750	0.00403	0.01263
36	0.02900	0.14257	0.02597	0.01983	0.02444	0.58307	0.01540	0.03116	0.02200	0.01974	0.01235	0.01439	0.01045	0.00815	0.00699	0.00204	0.01372	0.00509	0.00407	0.00956
37	0.02735	0.12015	0.02433	0.01938	0.02365	0.52744	0.01517	0.02968	0.02171	0.02025	0.01573	0.02288	0.01443	0.00973	0.00748	0.00223	0.01311	0.07154	0.00445	0.00932
38	0.01090	0.00919	0.00957	0.00940	0.01219	0.00836	0.00706	0.01535	0.08804	0.02393	0.11569	0.09797	0.52474	0.01943	0.00947	0.00275	0.00437	0.01633	0.00771	0.00755
39	0.00988	0.00823	0.00862	0.00852	0.01114	0.00697	0.00639	0.01220	0.01918	0.02354	0.17034	0.07542	0.57177	0.01995	0.00959	0.00271	0.00407	0.01675	0.00775	0.00697
40	0.00989	0.00706	0.00942	0.01130	0.01177	0.00659	0.00753	0.01130	0.01554	0.02071	0.04472	0.70954	0.05367	0.02542	0.01036	0.00330	0.00471	0.02307	0.00753	0.00659
41	0.00999	0.00824	0.00878	0.00864	0.01121	0.00702	0.00648	0.01243	0.01945	0.02418	0.20518	0.07437	0.53654	0.01971	0.00959	0.00270	0.00405	0.01660	0.00783	0.00702
42	0.01987	0.01989	0.03641	0.04618	0.51960	0.01957	0.16674	0.02516	0.01863	0.02639	0.01553	0.02050	0.01273	0.00714	0.00839	0.00249	0.01058	0.00778	0.00404	0.01241
43	0.01683	0.01442	0.01683	0.01202	0.01923	0.01082	0.00961	0.02043	0.01683	0.02644	0.01442	0.01683	0.01202	0.00601	0.00601	0.00120	0.00601	0.00481	0.00481	0.76444
44	0.01061	0.00863	0.00945	0.00918	0.01174	0.00766	0.00690	0.01409	0.04630	0.02568	0.25741	0.07072	0.45498	0.01893	0.00953	0.00268	0.00412	0.01604	0.00799	0.00735
45	0.01998	0.01950	0.01888	0.01930	0.08798	0.12614	0.01342	0.03395	0.37017	0.02875	0.03637	0.03498	0.13215	0.01184	0.00831	0.00261	0.00770	0.00971	0.00702	0.01124
46	0.02733	0.02268	0.05913	0.02080	0.02759	0.02310	0.11697	0.47208	0.03281	0.04459	0.01913	0.02037	0.01378	0.00915	0.00820	0.00246	0.00957	0.00763	0.04976	0.01289
47	0.00968	0.00785	0.00860	0.00921	0.01122	0.00677	0.00660	0.01153	0.01755	0.02153	0.07020	0.28034	0.46642	0.02211	0.00984	0.00292	0.00430	0.01903	0.00753	0.00677
48	0.05957	0.02420	0.17922	0.01589	0.02056	0.15561	0.01462	0.05586	0.01799	0.02352	0.05511	0.07820	0.02289	0.22208	0.01788	0.00410	0.00987	0.00923	0.00498	0.00863
49	0.02067	0.20709	0.05933	0.03017	0.21458	0.05566	0.16447	0.02762	0.09522	0.02497	0.01649	0.01951	0.01332	0.00759	0.00763	0.00234	0.01028	0.00711	0.00440	0.01155
50	0.02262	0.02499	0.02587	0.02276	0.06906	0.26725	0.14610	0.09236	0.02250	0.02562	0.02901	0.03235	0.13908	0.01102	0.00852	0.00248	0.01115	0.03203	0.00536	0.00988

[dist]
# distance from previous block
# <min> <max>
0	7

[block]
# block no. 2 follows, 23 sequences, length 13
# corresponding to MSA columns:
# 153-165
name=unknown_C
#
# <colnr> <probs for GDERKNQSTAVLIFYWHMCP>
#	G	D	E	R	K	N	Q	S	T	A	V	L	I	F	Y	W	H	M	C	P
0	0.02605	0.02527	0.02187	0.02025	0.07490	0.24744	0.01473	0.26425	0.02814	0.03401	0.08382	0.02697	0.07552	0.01067	0.00810	0.00235	0.01004	0.00816	0.00645	0.01101
1	0.71148	0.01757	0.01283	0.01151	0.01646	0.07251	0.00935	0.02455	0.01456	0.03505	0.01140	0.01330	0.00892	0.00760	0.00521	0.00248	0.00696	0.00446	0.00495	0.00884
2	0.07875	0.01022	0.01229	0.01428	0.07537	0.00994	0.00951	0.01609	0.04775	0.02438	0.07775	0.20601	0.26408	0.04668	0.01058	0.00311	0.00554	0.07285	0.00696	0.00785
3	0.01918	0.01451	0.01711	0.09092	0.02222	0.01560	0.01225	0.19308	0.12299	0.05766	0.15605	0.09852	0.11800	0.01393	0.00882	0.00266	0.00667	0.01176	0.00773	0.01035
4	0.00961	0.00814	0.00830	0.00843	0.01102	0.00683	0.00626	0.01162	0.01829	0.02184	0.07964	0.12123	0.61943	0.02088	0.00964	0.00278	0.00415	0.01753	0.00753	0.00683
5	0.02008	0.01928	0.03294	0.04981	0.66422	0.01928	0.02490	0.02490	0.01848	0.02651	0.01526	0.02008	0.01285	0.00723	0.00803	0.00241	0.00964	0.00723	0.00402	0.01285
6	0.03031	0.03867	0.02299	0.02090	0.02508	0.68226	0.01568	0.03240	0.02299	0.01986	0.01254	0.01463	0.01045	0.00836	0.00732	0.00209	0.01463	0.00523	0.00418	0.00941
7	0.00993	0.00833	0.00869	0.00887	0.01152	0.00709	0.00683	0.01214	0.01851	0.02215	0.07843	0.07938	0.60189	0.02073	0.00975	0.00284	0.00443	0.07407	0.00753	0.00691
8	0.00989	0.00706	0.00942	0.01130	0.01177	0.00659	0.00753	0.01130	0.01554	0.02071	0.04472	0.70954	0.05367	0.02542	0.01036	0.00330	0.00471	0.02307	0.00753	0.00659
9	0.02851	0.03271	0.02271	0.02006	0.02442	0.47295	0.01539	0.12035	0.10234	0.02610	0.01599	0.01743	0.01272	0.00918	0.00850	0.00229	0.04659	0.00611	0.00522	0.01044
10	0.01159	0.00869	0.01304	0.01304	0.01449	0.01014	0.01014	0.01449	0.01304	0.01884	0.02173	0.03188	0.02029	0.06086	0.68268	0.01304	0.02173	0.00869	0.00435	0.00724
11	0.01014	0.00753	0.00924	0.01049	0.01155	0.00690	0.00722	0.01169	0.01608	0.02073	0.05214	0.46442	0.20099	0.08676	0.01302	0.00360	0.00498	0.04868	0.00729	0.00654
12	0.02827	0.03480	0.02498	0.02667	0.15260	0.54999	0.01752	0.03091	0.02209	0.02119	0.01309	0.01572	0.01093	0.00814	0.00746	0.00215	0.01364	0.00563	0.00415	0.01009

[dist]
# distance from previous block
# <min> <max>
3	8

[block]
# block no. 3 follows, 23 sequences, length 64
# corresponding to MSA columns:
# 174-237
name=unknown_D
#
# <colnr> <probs for GDERKNQSTAVLIFYWHMCP>
#	G	D	E	R	K	N	Q	S	T	A	V	L	I	F	Y	W	H	M	C	P
0	0.01772	0.01466	0.01941	0.02289	0.17761	0.01517	0.01408	0.02796	0.24480	0.05330	0.03035	0.21315	0.02857	0.01360	0.00860	0.00269	0.00673	0.01213	0.00681	0.06977
1	0.02212	0.02314	0.03096	0.04406	0.53714	0.15109	0.02307	0.02639	0.01937	0.02519	0.01472	0.01900	0.01238	0.00745	0.00789	0.00235	0.01063	0.00683	0.00405	0.01217
2	0.03031	0.03867	0.02299	0.02090	0.02508	0.68226	0.01568	0.03240	0.02299	0.01986	0.01254	0.01463	0.01045	0.00836	0.00732	0.00209	0.01463	0.00523	0.00418	0.00941
3	0.01112	0.00828	0.01034	0.00983	0.01190	0.00750	0.00737	0.01461	0.02211	0.03050	0.54924	0.06396	0.18853	0.01735	0.00957	0.00259	0.00388	0.01514	0.00866	0.00750
4	0.01513	0.00756	0.00756	0.00756	0.00945	0.00756	0.00567	0.01891	0.01702	0.03025	0.02647	0.03025	0.02080	0.00945	0.00567	0.00189	0.00378	0.00756	0.75988	0.00756
5	0.00978	0.00813	0.00833	0.00843	0.01084	0.00692	0.00614	0.01164	0.01781	0.02137	0.07577	0.11007	0.57907	0.07495	0.01210	0.00317	0.00444	0.01703	0.00733	0.00669
6	0.00969	0.00822	0.00836	0.00833	0.01102	0.00689	0.00625	0.01184	0.01874	0.02249	0.11340	0.07715	0.62936	0.02034	0.00959	0.00273	0.00409	0.01699	0.00761	0.00689
7	0.00975	0.00796	0.00862	0.00901	0.01120	0.00683	0.00655	0.01175	0.01806	0.02219	0.10308	0.21864	0.49530	0.02144	0.00976	0.00285	0.00423	0.01833	0.00761	0.00683
8	0.01683	0.01442	0.01683	0.01202	0.01923	0.01082	0.00961	0.02043	0.01683	0.02644	0.01442	0.01683	0.01202	0.00601	0.00601	0.00120	0.00601	0.00481	0.00481	0.76444
9	0.02169	0.71972	0.04252	0.01388	0.02083	0.03211	0.01388	0.02430	0.01649	0.01909	0.01128	0.01302	0.01041	0.00694	0.00521	0.00174	0.00868	0.00434	0.00347	0.01041
10	0.01147	0.00892	0.01035	0.01097	0.01292	0.00849	0.00829	0.01516	0.06642	0.02243	0.05639	0.19393	0.29246	0.10022	0.01359	0.00364	0.00555	0.14433	0.00728	0.00718
11	0.01159	0.00869	0.01304	0.01304	0.01449	0.01014	0.01014	0.01449	0.01304	0.01884	0.02173	0.03188	0.02029	0.06086	0.68268	0.01304	0.02173	0.00869	0.00435	0.00724
12	0.01532	0.01442	0.02434	0.69533	0.05589	0.01803	0.02253	0.02073	0.01622	0.02073	0.01442	0.02163	0.01082	0.00811	0.00811	0.00270	0.01082	0.00721	0.00361	0.00901
13	0.02167	0.01713	0.01924	0.01445	0.02105	0.01592	0.01166	0.24873	0.02467	0.03531	0.01783	0.05291	0.01479	0.00838	0.00701	0.00177	0.00703	0.00666	0.00617	0.44761
14	0.01081	0.00894	0.00947	0.00922	0.01186	0.00806	0.00688	0.01471	0.06818	0.02437	0.17128	0.07053	0.49091	0.04580	0.01070	0.00291	0.00439	0.01590	0.00772	0.00738
15	0.77215	0.01569	0.01193	0.01067	0.01569	0.01820	0.00879	0.02385	0.01381	0.03641	0.01130	0.01318	0.00879	0.00753	0.00502	0.00251	0.00628	0.00439	0.00502	0.00879
16	0.02009	0.01917	0.03206	0.04781	0.62569	0.01933	0.02418	0.02599	0.05628	0.02695	0.01633	0.02069	0.01357	0.00746	0.00805	0.00243	0.00945	0.00735	0.00427	0.01285
17	0.01165	0.00847	0.01189	0.01189	0.01294	0.00952	0.00871	0.01375	0.01270	0.01798	0.02279	0.03771	0.02282	0.24047	0.50653	0.01162	0.01793	0.00955	0.00450	0.00661
18	0.02008	0.01928	0.03294	0.04981	0.66422	0.01928	0.02490	0.02490	0.01848	0.02651	0.01526	0.02008	0.01285	0.00723	0.00803	0.00241	0.00964	0.00723	0.00402	0.01285
19	0.01111	0.00851	0.01152	0.01152	0.01318	0.00915	0.00875	0.01358	0.01429	0.01936	0.03700	0.04497	0.17963	0.10187	0.46601	0.01009	0.01629	0.01102	0.00518	0.00697
20	0.02008	0.01928	0.03294	0.04981	0.66422	0.01928	0.02490	0.02490	0.01848	0.02651	0.01526	0.02008	0.01285	0.00723	0.00803	0.00241	0.00964	0.00723	0.00402	0.01285
21	0.02675	0.03058	0.07568	0.01957	0.02494	0.33579	0.01611	0.15216	0.18060	0.02991	0.01913	0.01965	0.01463	0.00923	0.00774	0.00236	0.01127	0.00667	0.00589	0.01133
22	0.01159	0.00869	0.01304	0.01304	0.01449	0.01014	0.01014	0.01449	0.01304	0.01884	0.02173	0.03188	0.02029	0.06086	0.68268	0.01304	0.02173	0.00869	0.00435	0.00724
23	0.01318	0.01078	0.01195	0.01122	0.01417	0.01080	0.00854	0.02161	0.19343	0.02906	0.27756	0.05864	0.27495	0.01650	0.00922	0.00268	0.00464	0.01406	0.00824	0.00879
24	0.02008	0.01928	0.03294	0.04981	0.66422	0.01928	0.02490	0.02490	0.01848	0.02651	0.01526	0.02008	0.01285	0.00723	0.00803	0.00241	0.00964	0.00723	0.00402	0.01285
25	0.00959	0.00822	0.00822	0.00822	0.01096	0.00685	0.00617	0.01165	0.01850	0.02192	0.08220	0.07809	0.66092	0.02055	0.00959	0.00274	0.00411	0.01713	0.00754	0.00685
26	0.01606	0.01526	0.02161	0.01903	0.01943	0.02081	0.01566	0.01814	0.01260	0.01934	0.01370	0.02163	0.01330	0.02702	0.20681	0.00616	0.51370	0.00754	0.00377	0.00843
27	0.01697	0.03780	0.55688	0.02652	0.12116	0.01896	0.02855	0.02633	0.04418	0.02616	0.01544	0.01810	0.01125	0.00778	0.00778	0.00256	0.01143	0.00630	0.00371	0.01215
28	0.02063	0.02032	0.03240	0.04825	0.62988	0.05490	0.02441	0.02531	0.01872	0.02615	0.01512	0.01979	0.01272	0.00729	0.00799	0.00239	0.00991	0.00712	0.00403	0.01267
29	0.01079	0.00848	0.01000	0.01158	0.01242	0.03329	0.00796	0.01237	0.01618	0.02091	0.04628	0.60984	0.09848	0.02426	0.01021	0.00322	0.00516	0.04442	0.00740	0.00676
30	0.77215	0.01569	0.01193	0.01067	0.01569	0.01820	0.00879	0.02385	0.01381	0.03641	0.01130	0.01318	0.00879	0.00753	0.00502	0.00251	0.00628	0.00439	0.00502	0.00879
31	0.02514	0.01873	0.02086	0.01561	0.02240	0.01836	0.01276	0.34329	0.02828	0.07193	0.01795	0.01876	0.01336	0.00816	0.00722	0.00191	0.00758	0.00628	0.00680	0.33462
32	0.02169	0.71972	0.04252	0.01388	0.02083	0.03211	0.01388	0.02430	0.01649	0.01909	0.01128	0.01302	0.01041	0.00694	0.00521	0.00174	0.00868	0.00434	0.00347	0.01041
33	0.01180	0.00787	0.00885	0.00885	0.00885	0.00787	0.00492	0.01180	0.01180	0.01573	0.02557	0.05310	0.02950	0.71483	0.04130	0.00787	0.00787	0.01180	0.00492	0.00492
34	0.01159	0.00869	0.01304	0.01304	0.01449	0.01014	0.01014	0.01449	0.01304	0.01884	0.02173	0.03188	0.02029	0.06086	0.68268	0.01304	0.02173	0.00869	0.00435	0.00724
35	0.03031	0.03867	0.02299	0.02090	0.02508	0.68226	0.01568	0.03240	0.02299	0.01986	0.01254	0.01463	0.01045	0.00836	0.00732	0.00209	0.01463	0.00523	0.00418	0.00941
36	0.00976	0.00795	0.00864	0.00905	0.01121	0.00683	0.00657	0.01176	0.01804	0.02221	0.10463	0.22493	0.48724	0.02148	0.00977	0.00286	0.00423	0.01838	0.00761	0.00683
37	0.00989	0.00706	0.00942	0.01130	0.01177	0.00659	0.00753	0.01130	0.01554	0.02071	0.04472	0.70954	0.05367	0.02542	0.01036	0.00330	0.00471	0.02307	0.00753	0.00659
38	0.02720	0.03349	0.02345	0.02100	0.02415	0.51948	0.01619	0.02921	0.02038	0.01978	0.01207	0.01541	0.01050	0.00981	0.01210	0.00245	0.18433	0.00569	0.00402	0.00928
39	0.02735	0.01672	0.01897	0.01514	0.02066	0.01714	0.01231	0.28284	0.08301	0.22837	0.03687	0.03450	0.14529	0.01209	0.00843	0.00255	0.00715	0.00968	0.00859	0.01234
40	0.02741	0.26786	0.02957	0.01854	0.02365	0.46346	0.01507	0.02967	0.02080	0.01960	0.01212	0.01409	0.01044	0.00788	0.00661	0.00197	0.01263	0.00493	0.00394	0.00975
41	0.00959	0.00822	0.00822	0.00822	0.01096	0.00685	0.00617	0.01165	0.01850	0.02192	0.08220	0.07809	0.66092	0.02055	0.00959	0.00274	0.00411	0.01713	0.00754	0.00685
42	0.00965	0.00799	0.00846	0.00883	0.01112	0.00680	0.00644	0.01158	0.01791	0.02168	0.07475	0.20364	0.54019	0.02152	0.00974	0.00285	0.00423	0.01831	0.00753	0.00680
43	0.02832	0.03343	0.02509	0.02646	0.15217	0.49325	0.01749	0.08355	0.02342	0.02390	0.01369	0.01614	0.01122	0.00826	0.00753	0.00218	0.01314	0.00581	0.00449	0.01047
44	0.02792	0.03323	0.02347	0.02079	0.02436	0.49761	0.01606	0.08254	0.02226	0.02252	0.01278	0.01566	0.01078	0.00961	0.01113	0.00240	0.14701	0.00577	0.00440	0.00969
45	0.01039	0.00748	0.00962	0.01066	0.01155	0.00696	0.00725	0.01226	0.01705	0.02300	0.18309	0.46923	0.09307	0.08316	0.01283	0.00349	0.00475	0.01985	0.00762	0.00670
46	0.02222	0.02380	0.02184	0.02523	0.17968	0.27534	0.01570	0.07739	0.02115	0.02446	0.02266	0.20726	0.02321	0.01289	0.00840	0.00253	0.01017	0.01080	0.00540	0.00987
47	0.02689	0.25812	0.02877	0.01792	0.02304	0.40246	0.01465	0.06542	0.02153	0.02193	0.01314	0.01506	0.01108	0.00803	0.00661	0.00199	0.01189	0.00516	0.03640	0.00992
48	0.02112	0.02219	0.02039	0.02284	0.14744	0.25554	0.01478	0.02577	0.06781	0.02321	0.01854	0.02298	0.01566	0.02147	0.17456	0.00489	0.01352	0.00706	0.09060	0.00961
49	0.02936	0.07307	0.02426	0.02033	0.02470	0.55766	0.01565	0.08798	0.02361	0.02273	0.01304	0.01513	0.01077	0.00866	0.00810	0.00217	0.04300	0.00545	0.00448	0.00985
50	0.01167	0.00839	0.01152	0.01152	0.01245	0.00932	0.00825	0.01352	0.01259	0.01771	0.02312	0.03955	0.02362	0.29739	0.45070	0.01117	0.01672	0.00982	0.00455	0.00640
51	0.01021	0.00747	0.00967	0.01130	0.01223	0.00694	0.00797	0.01197	0.01629	0.02128	0.04957	0.55471	0.13469	0.02443	0.01035	0.00327	0.00494	0.08848	0.00753	0.00673
52	0.02191	0.02604	0.04172	0.03091	0.03812	0.18437	0.48147	0.02758	0.02010	0.02447	0.01546	0.02009	0.01185	0.00722	0.00902	0.00258	0.01392	0.00850	0.00412	0.01056
53	0.00989	0.00706	0.00942	0.01130	0.01177	0.00659	0.00753	0.01130	0.01554	0.02071	0.04472	0.70954	0.05367	0.02542	0.01036	0.00330	0.00471	0.02307	0.00753	0.00659
54	0.01485	0.00765	0.00799	0.00799	0.00985	0.00776	0.00602	0.01856	0.01671	0.02936	0.02610	0.03038	0.02076	0.01346	0.05846	0.00276	0.00518	0.00765	0.70097	0.00754
55	0.01091	0.00794	0.00866	0.00877	0.00977	0.00743	0.00551	0.01172	0.01438	0.01821	0.04668	0.10124	0.25360	0.42871	0.02826	0.00579	0.00635	0.01435	0.00600	0.00570
56	0.77215	0.01569	0.01193	0.01067	0.01569	0.01820	0.00879	0.02385	0.01381	0.03641	0.01130	0.01318	0.00879	0.00753	0.00502	0.00251	0.00628	0.00439	0.00502	0.00879
57	0.01222	0.01007	0.01095	0.01041	0.01330	0.00972	0.00790	0.01891	0.14519	0.02723	0.23110	0.06378	0.37395	0.01756	0.00932	0.00269	0.00449	0.01487	0.00806	0.00826
58	0.02707	0.02955	0.02327	0.02016	0.02389	0.37170	0.01582	0.16446	0.02380	0.02675	0.01408	0.01707	0.01165	0.01204	0.03930	0.00292	0.15511	0.00622	0.00494	0.01019
59	0.02951	0.03716	0.02377	0.02316	0.07492	0.63056	0.01640	0.03182	0.02264	0.02038	0.01275	0.01506	0.01064	0.00827	0.00737	0.00212	0.01424	0.00538	0.00417	0.00968
60	0.01392	0.01301	0.01284	0.01348	0.01488	0.12439	0.00972	0.01590	0.01608	0.02001	0.03229	0.38699	0.03623	0.03306	0.21072	0.00600	0.01151	0.01569	0.00600	0.00727
61	0.01612	0.01590	0.02643	0.02203	0.08073	0.01470	0.20623	0.02031	0.01777	0.02465	0.03161	0.03393	0.17275	0.01061	0.00980	0.00235	0.06236	0.00974	0.00510	0.21688
62	0.02492	0.02997	0.02951	0.02688	0.10136	0.39048	0.16958	0.02856	0.02075	0.02206	0.01453	0.01839	0.01195	0.01195	0.06062	0.00314	0.01438	0.00680	0.00416	0.01001
63	0.02071	0.11817	0.36697	0.02276	0.03179	0.18485	0.09345	0.02723	0.01874	0.02351	0.01389	0.01657	0.01057	0.00768	0.00753	0.00237	0.01245	0.00602	0.00370	0.01105

[dist]
# distance from previous block
# <min> <max>
0	4

[block]
# block no. 4 follows, 23 sequences, length 81
# corresponding to MSA columns:
# 242-322
name=unknown_E
#
# <colnr> <probs for GDERKNQSTAVLIFYWHMCP>
#	G	D	E	R	K	N	Q	S	T	A	V	L	I	F	Y	W	H	M	C	P
0	0.01696	0.01815	0.08476	0.05981	0.21329	0.01641	0.06079	0.02614	0.16848	0.02762	0.08519	0.03559	0.12942	0.01121	0.00856	0.00261	0.00802	0.01003	0.00596	0.01100
1	0.08733	0.02041	0.02255	0.02822	0.27131	0.15049	0.01647	0.06633	0.02014	0.02653	0.02875	0.03079	0.14626	0.01257	0.03511	0.00285	0.00964	0.00868	0.00517	0.01040
2	0.02025	0.02079	0.02225	0.02752	0.23646	0.18051	0.01635	0.02644	0.11944	0.02447	0.02394	0.13852	0.02312	0.04667	0.01005	0.00286	0.00937	0.03514	0.00550	0.01035
3	0.11421	0.02047	0.02128	0.01684	0.02286	0.05369	0.01377	0.36830	0.08014	0.17404	0.02188	0.02107	0.01524	0.00959	0.00775	0.00247	0.00830	0.00720	0.00798	0.01295
4	0.01112	0.00873	0.01011	0.00969	0.01209	0.00795	0.00729	0.01517	0.05301	0.02810	0.38283	0.06648	0.32189	0.01799	0.00951	0.00264	0.00408	0.01543	0.00830	0.00758
5	0.02164	0.01864	0.02748	0.02171	0.02573	0.06575	0.16461	0.02619	0.04909	0.13124	0.06988	0.02424	0.01873	0.01099	0.01487	0.00285	0.24897	0.00836	0.00553	0.04347
6	0.02236	0.01888	0.01909	0.01649	0.02120	0.05366	0.01290	0.18343	0.40828	0.03592	0.03058	0.03023	0.05082	0.04688	0.00992	0.00290	0.00741	0.00902	0.00781	0.01222
7	0.02039	0.02012	0.01730	0.01601	0.01938	0.21510	0.01229	0.02803	0.17670	0.05303	0.02653	0.02934	0.06360	0.02734	0.23138	0.00595	0.01383	0.00834	0.00576	0.00958
8	0.01133	0.00767	0.00899	0.00946	0.00957	0.00755	0.00556	0.01168	0.01272	0.01697	0.03031	0.21563	0.03548	0.54414	0.03364	0.00673	0.00708	0.01459	0.00556	0.00533
9	0.01844	0.01945	0.03836	0.03555	0.21475	0.01915	0.35844	0.02383	0.01814	0.02518	0.01837	0.08629	0.01627	0.00923	0.01041	0.00275	0.06006	0.01001	0.00437	0.01093
10	0.01705	0.12262	0.56924	0.02251	0.03372	0.02051	0.05487	0.02554	0.01714	0.02492	0.01425	0.01685	0.01039	0.00758	0.00749	0.00248	0.01167	0.00596	0.00346	0.01176
11	0.02301	0.16708	0.02240	0.01474	0.01946	0.23789	0.01196	0.07559	0.02060	0.02576	0.01668	0.01900	0.01358	0.00818	0.00636	0.00189	0.00908	0.00577	0.19975	0.10121
12	0.00966	0.00793	0.00852	0.00898	0.01116	0.00679	0.00650	0.01156	0.01776	0.02162	0.07292	0.23444	0.51057	0.02176	0.00978	0.00288	0.00426	0.01860	0.00753	0.00679
13	0.02675	0.09515	0.02679	0.02554	0.15646	0.32982	0.01717	0.12945	0.06808	0.02725	0.01556	0.01750	0.01250	0.00840	0.00746	0.00223	0.01153	0.00617	0.00501	0.01117
14	0.01762	0.20978	0.51674	0.02084	0.03158	0.02213	0.02599	0.02535	0.01697	0.02406	0.01375	0.01611	0.01031	0.00752	0.00709	0.00236	0.01117	0.00559	0.00344	0.01160
15	0.20686	0.02179	0.02894	0.02279	0.02767	0.13000	0.23145	0.02479	0.01691	0.02600	0.01360	0.01813	0.01113	0.01091	0.03894	0.00315	0.14602	0.00705	0.00425	0.00960
16	0.01627	0.04197	0.67279	0.02313	0.03512	0.01884	0.02998	0.02570	0.01713	0.02570	0.01456	0.01713	0.01028	0.00771	0.00771	0.00257	0.01199	0.00600	0.00343	0.01199
17	0.01728	0.01787	0.01758	0.01663	0.01813	0.17576	0.01278	0.01933	0.01591	0.01973	0.02236	0.19188	0.02370	0.02743	0.18477	0.00555	0.18940	0.01101	0.00489	0.00802
18	0.01988	0.01914	0.03222	0.04727	0.60700	0.01978	0.02427	0.02442	0.01794	0.02589	0.01485	0.01988	0.01266	0.00785	0.00969	0.00251	0.07108	0.00722	0.00398	0.01250
19	0.01329	0.01161	0.01642	0.02171	0.20682	0.01091	0.01275	0.01647	0.01870	0.02427	0.09665	0.08763	0.32687	0.01672	0.00935	0.00277	0.00617	0.08553	0.00658	0.00876
20	0.01065	0.00796	0.00862	0.00878	0.01005	0.00730	0.00570	0.01169	0.01512	0.01893	0.05257	0.12093	0.31422	0.34457	0.02444	0.00518	0.00591	0.01516	0.00631	0.00593
21	0.01207	0.00951	0.01267	0.01282	0.01320	0.01083	0.00916	0.01339	0.01371	0.01903	0.03067	0.33245	0.03540	0.19826	0.10256	0.00566	0.14070	0.01548	0.00574	0.00669
22	0.02220	0.02329	0.03088	0.04383	0.53217	0.15625	0.02300	0.02645	0.01941	0.02514	0.01470	0.01896	0.01236	0.00746	0.00789	0.00234	0.01067	0.00682	0.00405	0.01214
23	0.02266	0.01759	0.01889	0.01631	0.02125	0.01974	0.01288	0.14061	0.46925	0.08388	0.03311	0.03063	0.05398	0.01120	0.00829	0.00268	0.00676	0.00918	0.00833	0.01278
24	0.01180	0.00787	0.00885	0.00885	0.00885	0.00787	0.00492	0.01180	0.01180	0.01573	0.02557	0.05310	0.02950	0.71483	0.04130	0.00787	0.00787	0.01180	0.00492	0.00492
25	0.01907	0.02325	0.10405	0.03637	0.17018	0.02010	0.45141	0.02574	0.01882	0.02607	0.01600	0.02106	0.01223	0.00700	0.00908	0.00265	0.01269	0.00875	0.00402	0.01144
26	0.00989	0.00706	0.00942	0.01130	0.01177	0.00659	0.00753	0.01130	0.01554	0.02071	0.04472	0.70954	0.05367	0.02542	0.01036	0.00330	0.00471	0.02307	0.00753	0.00659
27	0.03641	0.01381	0.01883	0.01444	0.02071	0.01193	0.01193	0.03954	0.02322	0.66984	0.03201	0.02762	0.02009	0.01004	0.00816	0.00251	0.00690	0.00816	0.01004	0.01381
28	0.02353	0.52372	0.06671	0.01601	0.02251	0.18892	0.01506	0.02632	0.01809	0.01958	0.01174	0.01360	0.01042	0.00732	0.00583	0.00186	0.01027	0.00463	0.00364	0.01024
29	0.01627	0.04197	0.67279	0.02313	0.03512	0.01884	0.02998	0.02570	0.01713	0.02570	0.01456	0.01713	0.01028	0.00771	0.00771	0.00257	0.01199	0.00600	0.00343	0.01199
30	0.01308	0.01089	0.01590	0.01504	0.01614	0.01370	0.01199	0.01571	0.01289	0.01900	0.01905	0.02846	0.01795	0.04956	0.52383	0.01074	0.18595	0.00831	0.00415	0.00764
31	0.01134	0.00767	0.00899	0.00944	0.00956	0.00756	0.00555	0.01168	0.01270	0.01694	0.03020	0.21204	0.03535	0.54791	0.03381	0.00676	0.00710	0.01453	0.00555	0.00532
32	0.02581	0.03013	0.02448	0.02348	0.08088	0.40148	0.01708	0.05788	0.02030	0.02190	0.01258	0.01626	0.01089	0.01001	0.01298	0.00256	0.21129	0.00605	0.00418	0.00978
33	0.02008	0.01928	0.03294	0.04981	0.66422	0.01928	0.02490	0.02490	0.01848	0.02651	0.01526	0.02008	0.01285	0.00723	0.00803	0.00241	0.00964	0.00723	0.00402	0.01285
34	0.01576	0.01481	0.02425	0.03101	0.31642	0.01467	0.07162	0.01938	0.01767	0.02405	0.03460	0.16415	0.15440	0.01378	0.00988	0.00273	0.04285	0.01251	0.00540	0.01004
35	0.00993	0.00818	0.00841	0.00838	0.01075	0.00701	0.00608	0.01182	0.01788	0.02162	0.09941	0.07436	0.56065	0.10392	0.01340	0.00335	0.00455	0.01638	0.00728	0.00665
36	0.01094	0.00780	0.01022	0.01178	0.01264	0.00747	0.00854	0.01278	0.01597	0.02102	0.04334	0.43936	0.07429	0.11486	0.01460	0.00398	0.00580	0.17082	0.00717	0.00661
37	0.03031	0.03867	0.02299	0.02090	0.02508	0.68226	0.01568	0.03240	0.02299	0.01986	0.01254	0.01463	0.01045	0.00836	0.00732	0.00209	0.01463	0.00523	0.00418	0.00941
38	0.09121	0.02022	0.02146	0.01717	0.02307	0.02244	0.01399	0.39945	0.18308	0.08935	0.02295	0.02214	0.01648	0.00988	0.00789	0.00252	0.00796	0.00757	0.00803	0.01315
39	0.02668	0.03043	0.02616	0.02931	0.21469	0.39339	0.01850	0.08334	0.02246	0.02460	0.01387	0.01684	0.01147	0.00845	0.00858	0.00229	0.04757	0.00610	0.00445	0.01079
40	0.01120	0.00834	0.01097	0.01109	0.01273	0.00832	0.00836	0.01396	0.01746	0.02378	0.22527	0.11441	0.14970	0.08104	0.21489	0.00627	0.00991	0.05841	0.00680	0.00710
41	0.00972	0.00823	0.00841	0.00836	0.01104	0.00691	0.00627	0.01190	0.01881	0.02267	0.12293	0.07686	0.61973	0.02027	0.00959	0.00273	0.00409	0.01695	0.00763	0.00691
42	0.02333	0.01900	0.02012	0.01715	0.02230	0.02165	0.01361	0.21872	0.46883	0.03903	0.02902	0.02708	0.02153	0.01063	0.00822	0.00266	0.00716	0.00862	0.00822	0.01313
43	0.02018	0.01743	0.01835	0.01651	0.02110	0.02018	0.01284	0.04312	0.64956	0.03394	0.03303	0.03027	0.02477	0.01101	0.00826	0.00275	0.00642	0.00917	0.00826	0.01284
44	0.03031	0.03867	0.02299	0.02090	0.02508	0.68226	0.01568	0.03240	0.02299	0.01986	0.01254	0.01463	0.01045	0.00836	0.00732	0.00209	0.01463	0.00523	0.00418	0.00941
45	0.01195	0.00892	0.01253	0.01235	0.01335	0.01027	0.00915	0.01403	0.01269	0.01806	0.02219	0.03674	0.02222	0.22990	0.48225	0.01122	0.05158	0.00943	0.00446	0.00672
46	0.00959	0.00822	0.00822	0.00822	0.01096	0.00685	0.00617	0.01165	0.01850	0.02192	0.08220	0.07809	0.66092	0.02055	0.00959	0.00274	0.00411	0.01713	0.00754	0.00685
47	0.01744	0.01748	0.02605	0.02174	0.02266	0.02323	0.07555	0.01984	0.01381	0.02106	0.05697	0.02117	0.01546	0.01367	0.02381	0.00340	0.58583	0.00787	0.00398	0.00899
48	0.01323	0.01314	0.07165	0.01251	0.01386	0.03765	0.00958	0.01465	0.01356	0.01823	0.02625	0.17677	0.02977	0.40530	0.02901	0.00575	0.08469	0.01276	0.00513	0.00652
49	0.02008	0.01928	0.03294	0.04981	0.66422	0.01928	0.02490	0.02490	0.01848	0.02651	0.01526	0.02008	0.01285	0.00723	0.00803	0.00241	0.00964	0.00723	0.00402	0.01285
50	0.01864	0.02688	0.22789	0.03672	0.27151	0.01956	0.22834	0.02550	0.01830	0.02610	0.01544	0.01980	0.01191	0.00724	0.00845	0.00257	0.01168	0.00764	0.00387	0.01197
51	0.02008	0.01928	0.03294	0.04981	0.66422	0.01928	0.02490	0.02490	0.01848	0.02651	0.01526	0.02008	0.01285	0.00723	0.00803	0.00241	0.00964	0.00723	0.00402	0.01285
52	0.01159	0.00869	0.01304	0.01304	0.01449	0.01014	0.01014	0.01449	0.01304	0.01884	0.02173	0.03188	0.02029	0.06086	0.68268	0.01304	0.02173	0.00869	0.00435	0.00724
53	0.01816	0.01521	0.01754	0.01265	0.01979	0.01218	0.01017	0.07891	0.01885	0.02878	0.01490	0.01708	0.01219	0.00636	0.00621	0.00132	0.00629	0.00504	0.00512	0.69326
54	0.03641	0.01381	0.01883	0.01444	0.02071	0.01193	0.01193	0.03954	0.02322	0.66984	0.03201	0.02762	0.02009	0.01004	0.00816	0.00251	0.00690	0.00816	0.01004	0.01381
55	0.01308	0.00934	0.01308	0.01494	0.01681	0.00934	0.01308	0.01681	0.01868	0.02428	0.04296	0.09153	0.04670	0.02242	0.01121	0.00374	0.00747	0.60960	0.00747	0.00747
56	0.01627	0.04197	0.67279	0.02313	0.03512	0.01884	0.02998	0.02570	0.01713	0.02570	0.01456	0.01713	0.01028	0.00771	0.00771	0.00257	0.01199	0.00600	0.00343	0.01199
57	0.01807	0.01576	0.02230	0.01613	0.02314	0.01306	0.11150	0.02210	0.01728	0.05315	0.01532	0.01814	0.01235	0.00668	0.00759	0.00161	0.03807	0.00582	0.00486	0.57707
58	0.01822	0.02008	0.04218	0.19428	0.04567	0.01992	0.48652	0.02472	0.01844	0.02472	0.01593	0.02183	0.01195	0.00715	0.00922	0.00273	0.01299	0.00900	0.00398	0.01048
59	0.02008	0.01928	0.03294	0.04981	0.66422	0.01928	0.02490	0.02490	0.01848	0.02651	0.01526	0.02008	0.01285	0.00723	0.00803	0.00241	0.00964	0.00723	0.00402	0.01285
60	0.02607	0.02686	0.02177	0.01882	0.02255	0.31205	0.01479	0.18229	0.02407	0.02865	0.01570	0.01865	0.01276	0.01243	0.04475	0.00296	0.12587	0.00645	0.07235	0.01017
61	0.01180	0.00787	0.00885	0.00885	0.00885	0.00787	0.00492	0.01180	0.01180	0.01573	0.02557	0.05310	0.02950	0.71483	0.04130	0.00787	0.00787	0.01180	0.00492	0.00492
62	0.01816	0.01732	0.02947	0.31000	0.41902	0.01877	0.02395	0.02322	0.01757	0.02418	0.01492	0.02071	0.01203	0.00759	0.00807	0.00253	0.01011	0.00722	0.00385	0.01131
63	0.01623	0.01715	0.07038	0.23103	0.30426	0.01631	0.02069	0.02098	0.01772	0.02379	0.02879	0.03232	0.14596	0.01028	0.00836	0.00258	0.00901	0.00918	0.00458	0.01041
64	0.02671	0.26026	0.02967	0.01731	0.02332	0.15697	0.01473	0.25822	0.08227	0.03263	0.01655	0.01730	0.01297	0.00864	0.00699	0.00216	0.00975	0.00606	0.00579	0.01170
65	0.02018	0.01743	0.01835	0.01651	0.02110	0.02018	0.01284	0.04312	0.64956	0.03394	0.03303	0.03027	0.02477	0.01101	0.00826	0.00275	0.00642	0.00917	0.00826	0.01284
66	0.03228	0.02042	0.02292	0.01758	0.02401	0.02174	0.01452	0.48270	0.03429	0.21105	0.02272	0.02158	0.01542	0.00982	0.00813	0.00245	0.00841	0.00753	0.00861	0.01380
67	0.02317	0.02078	0.02938	0.03859	0.43492	0.04750	0.02133	0.17808	0.06802	0.03286	0.01745	0.02043	0.01383	0.00816	0.00804	0.00243	0.00944	0.00730	0.00534	0.01295
68	0.01532	0.01442	0.02434	0.69533	0.05589	0.01803	0.02253	0.02073	0.01622	0.02073	0.01442	0.02163	0.01082	0.00811	0.00811	0.00270	0.01082	0.00721	0.00361	0.00901
69	0.01532	0.01442	0.02434	0.69533	0.05589	0.01803	0.02253	0.02073	0.01622	0.02073	0.01442	0.02163	0.01082	0.00811	0.00811	0.00270	0.01082	0.00721	0.00361	0.00901
70	0.01160	0.00865	0.01284	0.01284	0.01422	0.01004	0.00990	0.01436	0.01298	0.01869	0.02192	0.03288	0.02072	0.09177	0.65236	0.01280	0.02108	0.00884	0.00437	0.00713
71	0.00967	0.00822	0.00833	0.00831	0.01101	0.00688	0.00623	0.01180	0.01869	0.02238	0.10702	0.07734	0.63582	0.02038	0.00959	0.00273	0.00410	0.01702	0.00760	0.00688
72	0.00989	0.00706	0.00942	0.01130	0.01177	0.00659	0.00753	0.01130	0.01554	0.02071	0.04472	0.70954	0.05367	0.02542	0.01036	0.00330	0.00471	0.02307	0.00753	0.00659
73	0.02169	0.71972	0.04252	0.01388	0.02083	0.03211	0.01388	0.02430	0.01649	0.01909	0.01128	0.01302	0.01041	0.00694	0.00521	0.00174	0.00868	0.00434	0.00347	0.01041
74	0.01083	0.00827	0.00995	0.00953	0.01172	0.00738	0.00714	0.01405	0.02143	0.02890	0.46168	0.06661	0.27709	0.01795	0.00958	0.00262	0.00392	0.01552	0.00845	0.00738
75	0.01159	0.00869	0.01304	0.01304	0.01449	0.01014	0.01014	0.01449	0.01304	0.01884	0.02173	0.03188	0.02029	0.06086	0.68268	0.01304	0.02173	0.00869	0.00435	0.00724
76	0.01833	0.01749	0.02978	0.28701	0.44068	0.01882	0.02403	0.02337	0.01765	0.02439	0.01495	0.02065	0.01210	0.00755	0.00806	0.00252	0.01007	0.00722	0.00387	0.01144
77	0.01775	0.01775	0.02485	0.02130	0.02130	0.02485	0.01775	0.01953	0.01243	0.01953	0.01065	0.01775	0.01065	0.01420	0.02663	0.00355	0.69998	0.00710	0.00355	0.00888
78	0.01236	0.00911	0.01207	0.01355	0.01560	0.00883	0.01165	0.01574	0.01864	0.02379	0.05107	0.08875	0.17360	0.02203	0.01087	0.00353	0.00678	0.48720	0.00748	0.00734
79	0.01190	0.00915	0.01364	0.01346	0.01483	0.01089	0.01053	0.01474	0.01301	0.01887	0.02117	0.03116	0.01980	0.05850	0.64947	0.01256	0.05606	0.00861	0.00431	0.00733
80	0.02008	0.01928	0.03294	0.04981	0.66422	0.01928	0.02490	0.02490	0.01848	0.02651	0.01526	0.02008	0.01285	0.00723	0.00803	0.00241	0.00964	0.00723	0.00402	0.01285

[dist]
# distance from previous block
# <min> <max>
0	0

# created by:
# /home/cegg/simao/soft/augustus-3.2.1/scripts/msa2prfl.pl ./align_prep/11954.fa
