[name]
unknown

[dist]
# distance from previous block
# <min> <max>
0	23

[block]
# block no. 0 follows, 20 sequences, length 34
# corresponding to MSA columns:
# 23-56
name=unknown_A
#
# <colnr> <probs for GDERKNQSTAVLIFYWHMCP>
#	G	D	E	R	K	N	Q	S	T	A	V	L	I	F	Y	W	H	M	C	P
0	0.01400	0.01216	0.05583	0.01632	0.01892	0.01047	0.01476	0.01821	0.01969	0.02588	0.04432	0.14262	0.04823	0.02332	0.01172	0.00389	0.00810	0.49554	0.00775	0.00828
1	0.01941	0.08611	0.51563	0.02458	0.03634	0.02191	0.06792	0.07648	0.02041	0.02946	0.01599	0.01867	0.01152	0.00835	0.00828	0.00270	0.01249	0.00670	0.00416	0.01287
2	0.02077	0.01873	0.02617	0.02228	0.02285	0.02555	0.01856	0.02280	0.01433	0.07344	0.01338	0.01998	0.01230	0.01489	0.02696	0.00372	0.62117	0.00773	0.00440	0.00999
3	0.01178	0.00879	0.01218	0.01533	0.06494	0.00839	0.00935	0.01344	0.01651	0.02218	0.04308	0.56027	0.05106	0.10120	0.01469	0.00402	0.00589	0.02199	0.00746	0.00745
4	0.02185	0.07756	0.03384	0.04167	0.41719	0.02356	0.02351	0.05892	0.01947	0.02770	0.01522	0.02036	0.01314	0.00954	0.01276	0.00280	0.15629	0.00749	0.00441	0.01272
5	0.03258	0.04157	0.02472	0.02247	0.02697	0.65843	0.01685	0.03483	0.02472	0.02135	0.01348	0.01573	0.01124	0.00899	0.00787	0.00225	0.01573	0.00562	0.00449	0.01011
6	0.01076	0.00765	0.01008	0.01198	0.01245	0.00717	0.00792	0.01218	0.01645	0.02193	0.04678	0.64804	0.05606	0.06927	0.01323	0.00385	0.00527	0.02403	0.00792	0.00697
7	0.01107	0.00887	0.00989	0.00963	0.01225	0.00769	0.00722	0.01399	0.02167	0.02781	0.29157	0.07696	0.42964	0.02051	0.01030	0.00287	0.00431	0.01743	0.00866	0.00769
8	0.02213	0.01783	0.01905	0.01702	0.02194	0.02016	0.01327	0.04387	0.54329	0.07677	0.03889	0.03572	0.06620	0.01244	0.00896	0.00294	0.00678	0.01035	0.00895	0.01345
9	0.75506	0.01687	0.01282	0.01147	0.01687	0.01957	0.00945	0.02564	0.01484	0.03914	0.01215	0.01417	0.00945	0.00810	0.00540	0.00270	0.00675	0.00472	0.00540	0.00945
10	0.03914	0.01484	0.02024	0.01552	0.02227	0.01282	0.01282	0.04251	0.02497	0.64507	0.03441	0.02969	0.02159	0.01080	0.00877	0.00270	0.00742	0.00877	0.01080	0.01484
11	0.01051	0.00806	0.00964	0.01091	0.01233	0.00719	0.00755	0.01228	0.01789	0.02275	0.06313	0.46220	0.27353	0.02537	0.01083	0.00332	0.00482	0.02241	0.00810	0.00719
12	0.03469	0.02197	0.02465	0.01890	0.02582	0.02340	0.01561	0.46428	0.03689	0.20646	0.02440	0.02319	0.01657	0.01055	0.00874	0.00264	0.00904	0.00809	0.00926	0.01484
13	0.75506	0.01687	0.01282	0.01147	0.01687	0.01957	0.00945	0.02564	0.01484	0.03914	0.01215	0.01417	0.00945	0.00810	0.00540	0.00270	0.00675	0.00472	0.00540	0.00945
14	0.01836	0.01027	0.01346	0.01189	0.01508	0.00923	0.00919	0.02220	0.02448	0.17405	0.46568	0.05811	0.10014	0.01647	0.00994	0.00274	0.00489	0.01432	0.00979	0.00970
15	0.01852	0.01088	0.01332	0.01182	0.01540	0.00988	0.00917	0.02320	0.06102	0.17265	0.29679	0.06046	0.22819	0.01709	0.00986	0.00281	0.00514	0.01456	0.00939	0.00985
16	0.01235	0.00892	0.01166	0.01097	0.01303	0.00823	0.00823	0.01646	0.02469	0.03498	0.63443	0.06516	0.08230	0.01783	0.01029	0.00274	0.00412	0.01578	0.00960	0.00823
17	0.02332	0.69869	0.04571	0.01493	0.02239	0.03451	0.01493	0.02612	0.01772	0.02052	0.01213	0.01399	0.01119	0.00746	0.00560	0.00187	0.00933	0.00466	0.00373	0.01119
18	0.03305	0.01617	0.02025	0.01626	0.02226	0.01565	0.01335	0.13704	0.08538	0.40483	0.07118	0.03528	0.02668	0.01217	0.00909	0.00280	0.00758	0.04711	0.01000	0.01387
19	0.01194	0.00890	0.01110	0.01055	0.01278	0.00806	0.00791	0.01568	0.02373	0.03270	0.52558	0.06890	0.19257	0.01868	0.01029	0.00278	0.00418	0.01630	0.00930	0.00806
20	0.01063	0.00759	0.01012	0.01215	0.01265	0.00709	0.00810	0.01215	0.01670	0.02227	0.04808	0.68775	0.05769	0.02733	0.01113	0.00354	0.00506	0.02480	0.00810	0.00709
21	0.01254	0.00902	0.01239	0.01239	0.01338	0.01002	0.00887	0.01453	0.01354	0.01904	0.02486	0.04253	0.02539	0.29286	0.43634	0.01200	0.01797	0.01056	0.00489	0.00688
22	0.01809	0.01550	0.01809	0.01292	0.02067	0.01163	0.01034	0.02196	0.01809	0.02842	0.01550	0.01809	0.01292	0.00646	0.00646	0.00129	0.00646	0.00517	0.00517	0.74677
23	0.01044	0.00884	0.00902	0.00897	0.01186	0.00742	0.00673	0.01277	0.02019	0.02429	0.12312	0.08275	0.60028	0.02182	0.01031	0.00293	0.00440	0.01824	0.00820	0.00742
24	0.02332	0.69869	0.04571	0.01493	0.02239	0.03451	0.01493	0.02612	0.01772	0.02052	0.01213	0.01399	0.01119	0.00746	0.00560	0.00187	0.00933	0.00466	0.00373	0.01119
25	0.02814	0.02915	0.02270	0.01983	0.02438	0.32452	0.01541	0.19950	0.02706	0.03098	0.01794	0.02151	0.01471	0.02235	0.15722	0.00505	0.01568	0.00713	0.00578	0.01097
26	0.01060	0.00844	0.00955	0.01039	0.01240	0.00739	0.00751	0.01264	0.01873	0.02321	0.07162	0.30598	0.39620	0.02411	0.01069	0.00321	0.00482	0.04713	0.00810	0.00729
27	0.02159	0.02073	0.03541	0.05354	0.63903	0.02073	0.02677	0.02677	0.01986	0.02850	0.01641	0.02159	0.01382	0.00777	0.00864	0.00259	0.01036	0.00777	0.00432	0.01382
28	0.02170	0.01874	0.01972	0.01775	0.02268	0.02170	0.01381	0.04635	0.62327	0.03649	0.03550	0.03254	0.02663	0.01183	0.00888	0.00296	0.00690	0.00986	0.00888	0.01381
29	0.03006	0.03707	0.02625	0.06925	0.11113	0.53110	0.01867	0.03293	0.02359	0.02237	0.01401	0.01701	0.01161	0.00881	0.00802	0.00234	0.01474	0.00605	0.00443	0.01058
30	0.02222	0.01130	0.01400	0.01214	0.01643	0.00978	0.00967	0.02523	0.02254	0.27221	0.13580	0.06067	0.29005	0.01715	0.00978	0.00288	0.00576	0.04256	0.00936	0.01048
31	0.02059	0.02353	0.05147	0.03676	0.04559	0.02206	0.60735	0.02794	0.02059	0.02794	0.01765	0.02353	0.01324	0.00735	0.01029	0.00294	0.01471	0.01029	0.00441	0.01176
32	0.03333	0.01534	0.01954	0.01572	0.02174	0.01454	0.01274	0.04163	0.16197	0.46447	0.07521	0.03274	0.02685	0.01151	0.00890	0.00276	0.00708	0.00949	0.01028	0.01416
33	0.02404	0.02568	0.03401	0.04533	0.45995	0.16686	0.06256	0.02869	0.02102	0.02682	0.01582	0.02037	0.01319	0.00802	0.00857	0.00253	0.01188	0.00744	0.00436	0.01283

[dist]
# distance from previous block
# <min> <max>
0	1

[block]
# block no. 1 follows, 20 sequences, length 222
# corresponding to MSA columns:
# 58-279
name=unknown_B
#
# <colnr> <probs for GDERKNQSTAVLIFYWHMCP>
#	G	D	E	R	K	N	Q	S	T	A	V	L	I	F	Y	W	H	M	C	P
0	0.02380	0.02654	0.03475	0.03805	0.28101	0.20171	0.16503	0.02845	0.02123	0.02594	0.01782	0.06129	0.01563	0.00922	0.00898	0.00264	0.01263	0.00882	0.00462	0.01185
1	0.02486	0.01701	0.01933	0.01574	0.02100	0.01721	0.01250	0.27878	0.02888	0.09910	0.06010	0.15188	0.02749	0.01347	0.00875	0.00256	0.00738	0.01120	0.05483	0.12790
2	0.01240	0.00858	0.01068	0.01091	0.01135	0.00890	0.00697	0.01333	0.01345	0.01832	0.02875	0.12109	0.03215	0.46608	0.19126	0.00928	0.01173	0.01320	0.00545	0.00610
3	0.03246	0.02408	0.02578	0.01993	0.02678	0.02672	0.01641	0.57535	0.07675	0.05384	0.02184	0.02165	0.01556	0.01055	0.00874	0.00264	0.00943	0.00798	0.00874	0.01477
4	0.01088	0.00877	0.00913	0.00909	0.01142	0.00762	0.00647	0.01278	0.01880	0.02297	0.10898	0.07772	0.48791	0.14967	0.01680	0.00398	0.00517	0.01716	0.00765	0.00702
5	0.01642	0.01171	0.01401	0.01295	0.01475	0.01263	0.00919	0.12721	0.01866	0.02538	0.02608	0.07506	0.02695	0.35029	0.21203	0.00869	0.01278	0.01141	0.00590	0.00791
6	0.02027	0.35684	0.36087	0.02012	0.03042	0.02706	0.02398	0.02691	0.01809	0.02424	0.01397	0.01631	0.01112	0.00789	0.00700	0.00233	0.01119	0.00560	0.00371	0.01208
7	0.02298	0.01511	0.01712	0.01491	0.01981	0.01547	0.01168	0.03582	0.29786	0.18192	0.04566	0.07135	0.15041	0.01412	0.00913	0.00284	0.00642	0.01180	0.00898	0.04664
8	0.02014	0.02004	0.02953	0.28175	0.32198	0.08093	0.02385	0.02514	0.01904	0.02494	0.01623	0.02246	0.01325	0.01191	0.04987	0.00340	0.01218	0.00766	0.00419	0.01152
9	0.02226	0.02201	0.03475	0.05163	0.60146	0.05987	0.02616	0.02727	0.02016	0.02806	0.01623	0.02123	0.01366	0.00785	0.00859	0.00257	0.01069	0.00764	0.00433	0.01359
10	0.01079	0.00777	0.01026	0.01219	0.01289	0.00725	0.00834	0.01247	0.01702	0.02252	0.04985	0.62942	0.08414	0.02692	0.01114	0.00354	0.00518	0.05305	0.00809	0.00715
11	0.01246	0.00935	0.01402	0.01402	0.01558	0.01090	0.01090	0.01558	0.01402	0.02025	0.02336	0.03427	0.02181	0.06542	0.65888	0.01402	0.02336	0.00935	0.00467	0.00779
12	0.03208	0.03599	0.02479	0.02160	0.02673	0.46466	0.01661	0.17781	0.06405	0.03056	0.01663	0.01801	0.01303	0.00952	0.00814	0.00238	0.01369	0.00642	0.00580	0.01150
13	0.75506	0.01687	0.01282	0.01147	0.01687	0.01957	0.00945	0.02564	0.01484	0.03914	0.01215	0.01417	0.00945	0.00810	0.00540	0.00270	0.00675	0.00472	0.00540	0.00945
14	0.01031	0.00884	0.00884	0.00884	0.01178	0.00736	0.00663	0.01252	0.01988	0.02356	0.08837	0.08395	0.63549	0.02209	0.01031	0.00295	0.00442	0.01841	0.00810	0.00736
15	0.01067	0.00787	0.00984	0.01138	0.01232	0.00721	0.00767	0.01224	0.01710	0.02224	0.05472	0.53995	0.16678	0.06056	0.01269	0.00368	0.00511	0.02295	0.00795	0.00705
16	0.01809	0.01550	0.01809	0.01292	0.02067	0.01163	0.01034	0.02196	0.01809	0.02842	0.01550	0.01809	0.01292	0.00646	0.00646	0.00129	0.00646	0.00517	0.00517	0.74677
17	0.02170	0.01874	0.01972	0.01775	0.02268	0.02170	0.01381	0.04635	0.62327	0.03649	0.03550	0.03254	0.02663	0.01183	0.00888	0.00296	0.00690	0.00986	0.00888	0.01381
18	0.01063	0.00759	0.01012	0.01215	0.01265	0.00709	0.00810	0.01215	0.01670	0.02227	0.04808	0.68775	0.05769	0.02733	0.01113	0.00354	0.00506	0.02480	0.00810	0.00709
19	0.01103	0.00879	0.00989	0.00979	0.01227	0.00765	0.00727	0.01386	0.02134	0.02743	0.27450	0.11578	0.40766	0.02095	0.01035	0.00291	0.00435	0.01790	0.00862	0.00765
20	0.75506	0.01687	0.01282	0.01147	0.01687	0.01957	0.00945	0.02564	0.01484	0.03914	0.01215	0.01417	0.00945	0.00810	0.00540	0.00270	0.00675	0.00472	0.00540	0.00945
21	0.02170	0.01874	0.01972	0.01775	0.02268	0.02170	0.01381	0.04635	0.62327	0.03649	0.03550	0.03254	0.02663	0.01183	0.00888	0.00296	0.00690	0.00986	0.00888	0.01381
22	0.01339	0.00926	0.01135	0.01062	0.01323	0.00826	0.00804	0.01689	0.02328	0.06905	0.43576	0.06855	0.24253	0.01866	0.01020	0.00280	0.00441	0.01613	0.00923	0.00838
23	0.01809	0.01550	0.01809	0.01292	0.02067	0.01163	0.01034	0.02196	0.01809	0.02842	0.01550	0.01809	0.01292	0.00646	0.00646	0.00129	0.00646	0.00517	0.00517	0.74677
24	0.03914	0.01484	0.02024	0.01552	0.02227	0.01282	0.01282	0.04251	0.02497	0.64507	0.03441	0.02969	0.02159	0.01080	0.00877	0.00270	0.00742	0.00877	0.01080	0.01484
25	0.03316	0.02443	0.02618	0.02007	0.02705	0.02705	0.01658	0.60995	0.04101	0.05497	0.02094	0.02094	0.01483	0.01047	0.00873	0.00262	0.00960	0.00785	0.00873	0.01483
26	0.03914	0.01484	0.02024	0.01552	0.02227	0.01282	0.01282	0.04251	0.02497	0.64507	0.03441	0.02969	0.02159	0.01080	0.00877	0.00270	0.00742	0.00877	0.01080	0.01484
27	0.01268	0.00846	0.00951	0.00951	0.00951	0.00846	0.00529	0.01268	0.01268	0.01691	0.02748	0.05708	0.03171	0.69345	0.04440	0.00846	0.00846	0.01268	0.00529	0.00529
28	0.01268	0.00846	0.00951	0.00951	0.00951	0.00846	0.00529	0.01268	0.01268	0.01691	0.02748	0.05708	0.03171	0.69345	0.04440	0.00846	0.00846	0.01268	0.00529	0.00529
29	0.01246	0.00935	0.01402	0.01402	0.01558	0.01090	0.01090	0.01558	0.01402	0.02025	0.02336	0.03427	0.02181	0.06542	0.65888	0.01402	0.02336	0.00935	0.00467	0.00779
30	0.01626	0.00813	0.00813	0.00813	0.01016	0.00813	0.00610	0.02033	0.01829	0.03252	0.02846	0.03252	0.02236	0.01016	0.00610	0.00203	0.00407	0.00813	0.74187	0.00813
31	0.01268	0.00846	0.00951	0.00951	0.00951	0.00846	0.00529	0.01268	0.01268	0.01691	0.02748	0.05708	0.03171	0.69345	0.04440	0.00846	0.00846	0.01268	0.00529	0.00529
32	0.01246	0.00935	0.01402	0.01402	0.01558	0.01090	0.01090	0.01558	0.01402	0.02025	0.02336	0.03427	0.02181	0.06542	0.65888	0.01402	0.02336	0.00935	0.00467	0.00779
33	0.01750	0.04512	0.64825	0.02486	0.03775	0.02026	0.03223	0.02762	0.01842	0.02762	0.01565	0.01842	0.01105	0.00829	0.00829	0.00276	0.01289	0.00645	0.00368	0.01289
34	0.01169	0.00835	0.01134	0.01335	0.01432	0.00800	0.00994	0.01397	0.01774	0.02345	0.04749	0.50596	0.05538	0.02633	0.01142	0.00369	0.00598	0.19615	0.00808	0.00738
35	0.03316	0.02443	0.02618	0.02007	0.02705	0.02705	0.01658	0.60995	0.04101	0.05497	0.02094	0.02094	0.01483	0.01047	0.00873	0.00262	0.00960	0.00785	0.00873	0.01483
36	0.02159	0.02073	0.03541	0.05354	0.63903	0.02073	0.02677	0.02677	0.01986	0.02850	0.01641	0.02159	0.01382	0.00777	0.00864	0.00259	0.01036	0.00777	0.00432	0.01382
37	0.02159	0.02073	0.03541	0.05354	0.63903	0.02073	0.02677	0.02677	0.01986	0.02850	0.01641	0.02159	0.01382	0.00777	0.00864	0.00259	0.01036	0.00777	0.00432	0.01382
38	0.01094	0.00793	0.01056	0.01206	0.01291	0.00755	0.00830	0.01288	0.01734	0.02332	0.10195	0.54247	0.08331	0.02970	0.07032	0.00440	0.00662	0.02225	0.00792	0.00727
39	0.01055	0.00790	0.00981	0.01134	0.01244	0.00715	0.00774	0.01224	0.01748	0.02258	0.05795	0.53983	0.19924	0.02605	0.01093	0.00340	0.00490	0.02323	0.00810	0.00715
40	0.02397	0.01987	0.02232	0.02137	0.08285	0.02225	0.01541	0.18097	0.39448	0.03965	0.03252	0.03101	0.05055	0.01158	0.00888	0.00284	0.00778	0.00956	0.00836	0.01376
41	0.01882	0.19386	0.51113	0.02260	0.03426	0.02350	0.02829	0.02728	0.01826	0.02601	0.01485	0.01741	0.01108	0.00810	0.00768	0.00256	0.01208	0.00604	0.00369	0.01251
42	0.02369	0.02677	0.02283	0.02487	0.12812	0.32351	0.01649	0.02674	0.02016	0.02219	0.01742	0.02319	0.01536	0.02842	0.23460	0.00640	0.01747	0.00729	0.00453	0.00994
43	0.02952	0.03661	0.02499	0.14623	0.03327	0.53675	0.01826	0.03244	0.02333	0.02153	0.01387	0.01716	0.01131	0.00894	0.00803	0.00237	0.01495	0.00602	0.00438	0.01003
44	0.02260	0.02909	0.31095	0.01905	0.02896	0.01590	0.02106	0.02927	0.01981	0.16839	0.01988	0.02088	0.01403	0.00829	0.00783	0.00229	0.00966	0.00658	0.00576	0.23971
45	0.07077	0.03812	0.02426	0.02179	0.02619	0.55692	0.01657	0.06184	0.02434	0.02394	0.01366	0.01609	0.01133	0.00937	0.00896	0.00238	0.05268	0.00579	0.00471	0.01028
46	0.01031	0.00884	0.00884	0.00884	0.01178	0.00736	0.00663	0.01252	0.01988	0.02356	0.08837	0.08395	0.63549	0.02209	0.01031	0.00295	0.00442	0.01841	0.00810	0.00736
47	0.03300	0.02931	0.02576	0.02075	0.02703	0.20674	0.01666	0.44627	0.03638	0.04540	0.01882	0.01946	0.01381	0.01005	0.00848	0.00251	0.01134	0.00722	0.00752	0.01349
48	0.02159	0.02073	0.03541	0.05354	0.63903	0.02073	0.02677	0.02677	0.01986	0.02850	0.01641	0.02159	0.01382	0.00777	0.00864	0.00259	0.01036	0.00777	0.00432	0.01382
49	0.03030	0.02301	0.02457	0.01949	0.02596	0.02572	0.01589	0.46940	0.18621	0.05036	0.02457	0.02384	0.01778	0.01081	0.00876	0.00270	0.00893	0.00835	0.00876	0.01458
50	0.02836	0.02175	0.02288	0.02071	0.06085	0.14043	0.01561	0.14713	0.02446	0.18113	0.02184	0.02432	0.01660	0.02062	0.12859	0.00477	0.09326	0.00789	0.00683	0.01196
51	0.01063	0.00759	0.01012	0.01215	0.01265	0.00709	0.00810	0.01215	0.01670	0.02227	0.04808	0.68775	0.05769	0.02733	0.01113	0.00354	0.00506	0.02480	0.00810	0.00709
52	0.01246	0.00935	0.01402	0.01402	0.01558	0.01090	0.01090	0.01558	0.01402	0.02025	0.02336	0.03427	0.02181	0.06542	0.65888	0.01402	0.02336	0.00935	0.00467	0.00779
53	0.01055	0.00790	0.00981	0.01134	0.01244	0.00715	0.00774	0.01224	0.01748	0.02258	0.05795	0.53983	0.19924	0.02605	0.01093	0.00340	0.00490	0.02323	0.00810	0.00715
54	0.01748	0.01029	0.01166	0.01051	0.01425	0.00875	0.00808	0.01987	0.02079	0.17551	0.07232	0.06941	0.45708	0.05048	0.01151	0.00314	0.00534	0.01578	0.00863	0.00910
55	0.03316	0.02443	0.02618	0.02007	0.02705	0.02705	0.01658	0.60995	0.04101	0.05497	0.02094	0.02094	0.01483	0.01047	0.00873	0.00262	0.00960	0.00785	0.00873	0.01483
56	0.02170	0.01874	0.01972	0.01775	0.02268	0.02170	0.01381	0.04635	0.62327	0.03649	0.03550	0.03254	0.02663	0.01183	0.00888	0.00296	0.00690	0.00986	0.00888	0.01381
57	0.03246	0.02408	0.02578	0.01993	0.02678	0.02672	0.01641	0.57535	0.07675	0.05384	0.02184	0.02165	0.01556	0.01055	0.00874	0.00264	0.00943	0.00798	0.00874	0.01477
58	0.01268	0.00926	0.01049	0.01015	0.01303	0.00804	0.00778	0.01555	0.02144	0.06212	0.22589	0.07668	0.42577	0.02044	0.01031	0.00293	0.00470	0.04605	0.00864	0.00805
59	0.03914	0.01484	0.02024	0.01552	0.02227	0.01282	0.01282	0.04251	0.02497	0.64507	0.03441	0.02969	0.02159	0.01080	0.00877	0.00270	0.00742	0.00877	0.01080	0.01484
60	0.01750	0.04512	0.64825	0.02486	0.03775	0.02026	0.03223	0.02762	0.01842	0.02762	0.01565	0.01842	0.01105	0.00829	0.00829	0.00276	0.01289	0.00645	0.00368	0.01289
61	0.01076	0.00861	0.00962	0.00988	0.01219	0.00747	0.00722	0.01319	0.02017	0.02547	0.18369	0.19791	0.41853	0.02231	0.01047	0.00302	0.00449	0.01915	0.00838	0.00747
62	0.02477	0.01805	0.01982	0.01736	0.02261	0.02013	0.01363	0.04567	0.51782	0.14375	0.03531	0.03204	0.02574	0.01165	0.00886	0.00291	0.00699	0.00967	0.00921	0.01399
63	0.03747	0.01751	0.02189	0.01678	0.02360	0.01678	0.01387	0.20030	0.02943	0.48098	0.03067	0.02726	0.01971	0.01071	0.00876	0.00268	0.00803	0.00852	0.01022	0.01484
64	0.06329	0.01198	0.01210	0.01077	0.01402	0.01268	0.00844	0.14141	0.02274	0.03751	0.02595	0.02907	0.02006	0.01010	0.00659	0.00219	0.00536	0.00787	0.54828	0.00958
65	0.02128	0.01215	0.01411	0.01214	0.01656	0.01102	0.00959	0.06149	0.05195	0.21796	0.09302	0.05983	0.34964	0.01717	0.00967	0.00284	0.00577	0.01423	0.00908	0.01049
66	0.01188	0.00890	0.01102	0.01049	0.01275	0.00803	0.00787	0.01556	0.02360	0.03238	0.51016	0.06943	0.20820	0.01880	0.01029	0.00279	0.00418	0.01637	0.00926	0.00803
67	0.01647	0.01550	0.02616	0.67248	0.06008	0.01938	0.02422	0.02229	0.01744	0.02229	0.01550	0.02326	0.01163	0.00872	0.00872	0.00291	0.01163	0.00775	0.00388	0.00969
68	0.01101	0.00783	0.01036	0.01214	0.01276	0.00737	0.00824	0.01269	0.01702	0.02276	0.07486	0.59044	0.05695	0.06599	0.01310	0.00382	0.00537	0.05220	0.00800	0.00708
69	0.01809	0.01550	0.01809	0.01292	0.02067	0.01163	0.01034	0.02196	0.01809	0.02842	0.01550	0.01809	0.01292	0.00646	0.00646	0.00129	0.00646	0.00517	0.00517	0.74677
70	0.01268	0.00846	0.00951	0.00951	0.00951	0.00846	0.00529	0.01268	0.01268	0.01691	0.02748	0.05708	0.03171	0.69345	0.04440	0.00846	0.00846	0.01268	0.00529	0.00529
71	0.01750	0.04512	0.64825	0.02486	0.03775	0.02026	0.03223	0.02762	0.01842	0.02762	0.01565	0.01842	0.01105	0.00829	0.00829	0.00276	0.01289	0.00645	0.00368	0.01289
72	0.01052	0.00884	0.00913	0.00906	0.01191	0.00745	0.00679	0.01292	0.02038	0.02474	0.14467	0.08201	0.57846	0.02165	0.01031	0.00292	0.00439	0.01814	0.00826	0.00745
73	0.01146	0.00860	0.01062	0.01072	0.01264	0.00776	0.00781	0.01451	0.02169	0.02929	0.36722	0.21145	0.21222	0.02104	0.01049	0.00297	0.00440	0.01847	0.00889	0.00776
74	0.02159	0.02073	0.03541	0.05354	0.63903	0.02073	0.02677	0.02677	0.01986	0.02850	0.01641	0.02159	0.01382	0.00777	0.00864	0.00259	0.01036	0.00777	0.00432	0.01382
75	0.02059	0.02353	0.05147	0.03676	0.04559	0.02206	0.60735	0.02794	0.02059	0.02794	0.01765	0.02353	0.01324	0.00735	0.01029	0.00294	0.01471	0.01029	0.00441	0.01176
76	0.02394	0.02588	0.03090	0.14163	0.37292	0.20324	0.02353	0.02838	0.02087	0.02548	0.01543	0.02017	0.01273	0.00827	0.00843	0.00254	0.01210	0.00715	0.00430	0.01211
77	0.01406	0.01004	0.01406	0.01606	0.01807	0.01004	0.01406	0.01807	0.02008	0.02610	0.04618	0.09839	0.05020	0.02410	0.01205	0.00402	0.00803	0.58032	0.00803	0.00803
78	0.02059	0.02353	0.05147	0.03676	0.04559	0.02206	0.60735	0.02794	0.02059	0.02794	0.01765	0.02353	0.01324	0.00735	0.01029	0.00294	0.01471	0.01029	0.00441	0.01176
79	0.01198	0.00890	0.01115	0.01059	0.01280	0.00807	0.00794	0.01574	0.02382	0.03290	0.53511	0.06858	0.18292	0.01861	0.01029	0.00278	0.00417	0.01625	0.00933	0.00807
80	0.03316	0.02443	0.02618	0.02007	0.02705	0.02705	0.01658	0.60995	0.04101	0.05497	0.02094	0.02094	0.01483	0.01047	0.00873	0.00262	0.00960	0.00785	0.00873	0.01483
81	0.34101	0.06403	0.04934	0.01589	0.02217	0.02314	0.01369	0.20549	0.11896	0.04179	0.01864	0.01930	0.01397	0.00937	0.00710	0.00267	0.00808	0.00655	0.00677	0.01203
82	0.02833	0.03865	0.17738	0.02244	0.02937	0.37458	0.02040	0.11569	0.06079	0.02857	0.01638	0.01812	0.01261	0.00920	0.00815	0.00247	0.01364	0.00639	0.00516	0.01168
83	0.02619	0.01862	0.02032	0.11933	0.02739	0.08253	0.01449	0.15625	0.05478	0.18289	0.03866	0.03781	0.15743	0.01283	0.00902	0.00274	0.00871	0.01033	0.00790	0.01179
84	0.03258	0.02415	0.02585	0.01995	0.02683	0.02678	0.01644	0.58157	0.07033	0.05404	0.02168	0.02153	0.01543	0.01054	0.00873	0.00263	0.00946	0.00795	0.00873	0.01478
85	0.01428	0.01083	0.01356	0.01367	0.01605	0.01100	0.01074	0.02177	0.13093	0.03138	0.30059	0.14416	0.06083	0.01954	0.01060	0.00321	0.00576	0.16318	0.00888	0.00905
86	0.01397	0.01212	0.01766	0.08495	0.17069	0.01187	0.01408	0.01716	0.01878	0.02444	0.05022	0.23000	0.23063	0.01885	0.01007	0.00308	0.00695	0.04858	0.00676	0.00913
87	0.02942	0.03237	0.02749	0.06024	0.16786	0.36444	0.01941	0.14010	0.02632	0.02932	0.01564	0.01840	0.01252	0.00898	0.00824	0.00243	0.01316	0.00663	0.00522	0.01182
88	0.02033	0.01409	0.01548	0.01380	0.01827	0.01438	0.01077	0.03218	0.27445	0.14177	0.05635	0.05249	0.26816	0.01573	0.00943	0.00291	0.00601	0.01307	0.00892	0.01143
89	0.01060	0.00890	0.00924	0.00930	0.01216	0.00754	0.00708	0.01299	0.02013	0.02425	0.11313	0.08374	0.57914	0.02198	0.01039	0.00299	0.00458	0.04625	0.00817	0.00744
90	0.01802	0.01809	0.01781	0.01815	0.04986	0.17560	0.01321	0.02102	0.01703	0.02094	0.02051	0.02893	0.01872	0.04821	0.46104	0.01046	0.02077	0.00832	0.00461	0.00868
91	0.09168	0.38201	0.09810	0.01860	0.02582	0.17298	0.05152	0.02832	0.01929	0.02356	0.01311	0.01541	0.01115	0.00794	0.00664	0.00218	0.01122	0.00540	0.00409	0.01099
92	0.01109	0.00887	0.00992	0.00966	0.01226	0.00770	0.00724	0.01403	0.02173	0.02795	0.29805	0.07673	0.42308	0.02046	0.01030	0.00287	0.00430	0.01740	0.00868	0.00770
93	0.02478	0.01889	0.02064	0.01755	0.02243	0.02082	0.01381	0.32295	0.18026	0.04235	0.03122	0.18719	0.02827	0.01494	0.00935	0.00293	0.00781	0.01251	0.00861	0.01268
94	0.02138	0.02169	0.03702	0.11270	0.43794	0.05046	0.13659	0.02691	0.01998	0.02742	0.01641	0.02186	0.01336	0.00785	0.00892	0.00267	0.01157	0.00815	0.00430	0.01283
95	0.01739	0.01554	0.02435	0.19221	0.24437	0.01655	0.02029	0.02335	0.05635	0.02638	0.03157	0.04749	0.08277	0.01363	0.00967	0.00308	0.00932	0.14918	0.00576	0.01075
96	0.02169	0.03902	0.36015	0.02723	0.03722	0.16593	0.16962	0.02934	0.02038	0.02627	0.01565	0.01906	0.01163	0.00822	0.00868	0.00269	0.01398	0.00720	0.00405	0.01198
97	0.51749	0.17190	0.02159	0.07584	0.02228	0.02295	0.01211	0.02543	0.01575	0.03328	0.01246	0.01500	0.01005	0.00801	0.00576	0.00253	0.00780	0.00500	0.00487	0.00987
98	0.01761	0.00937	0.01260	0.01297	0.01501	0.00849	0.00925	0.01958	0.01873	0.17484	0.04473	0.52654	0.04885	0.02328	0.01056	0.00334	0.00564	0.02087	0.00876	0.00899
99	0.06011	0.01595	0.02452	0.01958	0.02492	0.01516	0.15714	0.07759	0.02025	0.02924	0.02545	0.10796	0.02482	0.05782	0.05259	0.00378	0.01006	0.08950	0.00604	0.17751
100	0.02732	0.02346	0.02735	0.02986	0.21943	0.08395	0.01891	0.31452	0.03079	0.04044	0.02504	0.02649	0.07175	0.01055	0.00876	0.00260	0.00995	0.00859	0.00686	0.01336
101	0.01261	0.00877	0.01108	0.01108	0.01162	0.00931	0.00724	0.01369	0.01315	0.01807	0.02605	0.04914	0.02826	0.47484	0.25829	0.01039	0.01365	0.01152	0.00507	0.00616
102	0.01080	0.00771	0.01032	0.01234	0.01292	0.00723	0.00839	0.01244	0.01687	0.02246	0.04798	0.65841	0.05732	0.02717	0.01118	0.00357	0.00521	0.05245	0.00809	0.00713
103	0.16336	0.01022	0.01114	0.04108	0.01430	0.01079	0.00787	0.01560	0.01458	0.02334	0.03018	0.24184	0.03429	0.31656	0.02454	0.00551	0.00720	0.01458	0.00611	0.00689
104	0.02285	0.02400	0.02920	0.19465	0.29863	0.16561	0.02264	0.02939	0.07841	0.02612	0.01736	0.02172	0.01393	0.00867	0.00850	0.00263	0.01156	0.00748	0.00469	0.01196
105	0.03316	0.02443	0.02618	0.02007	0.02705	0.02705	0.01658	0.60995	0.04101	0.05497	0.02094	0.02094	0.01483	0.01047	0.00873	0.00262	0.00960	0.00785	0.00873	0.01483
106	0.01246	0.00935	0.01402	0.01402	0.01558	0.01090	0.01090	0.01558	0.01402	0.02025	0.02336	0.03427	0.02181	0.06542	0.65888	0.01402	0.02336	0.00935	0.00467	0.00779
107	0.01134	0.00789	0.00991	0.01124	0.01157	0.00756	0.00713	0.01233	0.01531	0.02042	0.04096	0.46982	0.04871	0.25751	0.02263	0.00524	0.00623	0.02061	0.00713	0.00646
108	0.01154	0.00884	0.01030	0.00996	0.01218	0.00790	0.00729	0.01448	0.02157	0.02857	0.35246	0.07207	0.30395	0.08456	0.01358	0.00338	0.00466	0.01656	0.00857	0.00759
109	0.01274	0.00954	0.01228	0.01369	0.01589	0.00907	0.01150	0.01608	0.01982	0.02513	0.05880	0.12887	0.22411	0.02369	0.01148	0.00367	0.00679	0.38103	0.00806	0.00778
110	0.01077	0.00885	0.00948	0.00932	0.01207	0.00756	0.00699	0.01342	0.02098	0.02616	0.21264	0.07967	0.50960	0.02112	0.01030	0.00290	0.00435	0.01781	0.00844	0.00756
111	0.01641	0.00989	0.01216	0.01114	0.01426	0.00870	0.00851	0.01959	0.02263	0.14107	0.30465	0.10185	0.25856	0.01857	0.01007	0.00285	0.00487	0.01593	0.00922	0.00907
112	0.01647	0.01550	0.02616	0.67248	0.06008	0.01938	0.02422	0.02229	0.01744	0.02229	0.01550	0.02326	0.01163	0.00872	0.00872	0.00291	0.01163	0.00775	0.00388	0.00969
113	0.01781	0.08033	0.61579	0.02433	0.03693	0.02103	0.03130	0.02754	0.01838	0.02724	0.01546	0.01818	0.01106	0.00824	0.00814	0.00271	0.01270	0.00635	0.00369	0.01280
114	0.01031	0.00884	0.00884	0.00884	0.01178	0.00736	0.00663	0.01252	0.01988	0.02356	0.08837	0.08395	0.63549	0.02209	0.01031	0.00295	0.00442	0.01841	0.00810	0.00736
115	0.01809	0.01550	0.01809	0.01292	0.02067	0.01163	0.01034	0.02196	0.01809	0.02842	0.01550	0.01809	0.01292	0.00646	0.00646	0.00129	0.00646	0.00517	0.00517	0.74677
116	0.01268	0.00846	0.00951	0.00951	0.00951	0.00846	0.00529	0.01268	0.01268	0.01691	0.02748	0.05708	0.03171	0.69345	0.04440	0.00846	0.00846	0.01268	0.00529	0.00529
117	0.02301	0.66348	0.07817	0.01546	0.02322	0.03375	0.01586	0.02620	0.01776	0.02091	0.01232	0.01423	0.01119	0.00751	0.00574	0.00191	0.00952	0.00476	0.00373	0.01129
118	0.01580	0.00823	0.00858	0.00858	0.01045	0.00832	0.00634	0.01955	0.01767	0.03078	0.02808	0.03419	0.02292	0.05693	0.04860	0.00318	0.00553	0.00849	0.64986	0.00793
119	0.01048	0.00889	0.00908	0.00917	0.01207	0.00749	0.00697	0.01277	0.01989	0.02368	0.08642	0.08461	0.60850	0.02218	0.01039	0.00299	0.00458	0.04433	0.00810	0.00739
120	0.02059	0.02353	0.05147	0.03676	0.04559	0.02206	0.60735	0.02794	0.02059	0.02794	0.01765	0.02353	0.01324	0.00735	0.01029	0.00294	0.01471	0.01029	0.00441	0.01176
121	0.01249	0.00924	0.01348	0.01348	0.01485	0.01061	0.01023	0.01523	0.01386	0.01985	0.02386	0.03702	0.02300	0.14110	0.58483	0.01335	0.02157	0.00975	0.00475	0.00749
122	0.01268	0.00846	0.00951	0.00951	0.00951	0.00846	0.00529	0.01268	0.01268	0.01691	0.02748	0.05708	0.03171	0.69345	0.04440	0.00846	0.00846	0.01268	0.00529	0.00529
123	0.01055	0.00790	0.00981	0.01134	0.01244	0.00715	0.00774	0.01224	0.01748	0.02258	0.05795	0.53983	0.19924	0.02605	0.01093	0.00340	0.00490	0.02323	0.00810	0.00715
124	0.01515	0.00758	0.01136	0.01136	0.01136	0.00758	0.00758	0.01136	0.01136	0.01515	0.01515	0.02652	0.01515	0.03030	0.03409	0.74621	0.00758	0.00758	0.00379	0.00379
125	0.01750	0.04512	0.64825	0.02486	0.03775	0.02026	0.03223	0.02762	0.01842	0.02762	0.01565	0.01842	0.01105	0.00829	0.00829	0.00276	0.01289	0.00645	0.00368	0.01289
126	0.02482	0.02029	0.02149	0.01838	0.02387	0.02316	0.01456	0.20015	0.46438	0.04153	0.03153	0.02938	0.02341	0.01146	0.00883	0.00287	0.00764	0.00931	0.00883	0.01409
127	0.01151	0.00796	0.00986	0.01102	0.01131	0.00767	0.00689	0.01238	0.01498	0.01998	0.03926	0.41774	0.04657	0.31252	0.02538	0.00565	0.00651	0.01961	0.00689	0.00631
128	0.02159	0.02073	0.03541	0.05354	0.63903	0.02073	0.02677	0.02677	0.01986	0.02850	0.01641	0.02159	0.01382	0.00777	0.00864	0.00259	0.01036	0.00777	0.00432	0.01382
129	0.01750	0.04512	0.64825	0.02486	0.03775	0.02026	0.03223	0.02762	0.01842	0.02762	0.01565	0.01842	0.01105	0.00829	0.00829	0.00276	0.01289	0.00645	0.00368	0.01289
130	0.02100	0.01998	0.03390	0.05084	0.59930	0.01993	0.02559	0.02612	0.02017	0.02891	0.05564	0.02435	0.01816	0.00841	0.00874	0.00260	0.00997	0.00828	0.00465	0.01346
131	0.37745	0.01580	0.01674	0.01361	0.01972	0.01601	0.01123	0.03454	0.02018	0.35874	0.02389	0.02236	0.01585	0.00952	0.00718	0.00270	0.00710	0.00686	0.00825	0.01229
132	0.02134	0.02141	0.03934	0.04943	0.49365	0.02105	0.16900	0.02706	0.02004	0.02836	0.01671	0.02206	0.01367	0.00767	0.00904	0.00268	0.01143	0.00839	0.00434	0.01331
133	0.02056	0.01967	0.03354	0.17823	0.52240	0.02045	0.02626	0.02587	0.01937	0.02725	0.01623	0.02192	0.01338	0.00796	0.00865	0.00265	0.01062	0.00777	0.00423	0.01299
134	0.02125	0.48811	0.03661	0.01518	0.02101	0.06834	0.01406	0.02409	0.01726	0.02051	0.01497	0.01907	0.01380	0.02176	0.16578	0.00487	0.01317	0.00587	0.00401	0.01029
135	0.01267	0.00850	0.00972	0.00972	0.00979	0.00857	0.00554	0.01282	0.01275	0.01707	0.02730	0.05604	0.03126	0.66469	0.07253	0.00871	0.00914	0.01253	0.00526	0.00540
136	0.32032	0.01832	0.02284	0.18401	0.17027	0.02069	0.01787	0.09540	0.01977	0.03449	0.01500	0.01890	0.01162	0.00846	0.00735	0.00272	0.00911	0.00654	0.00518	0.01115
137	0.02286	0.03410	0.24190	0.03622	0.28546	0.17522	0.02623	0.02902	0.02055	0.02647	0.01544	0.01909	0.01225	0.00824	0.00833	0.00257	0.01253	0.00680	0.00414	0.01260
138	0.01200	0.00857	0.00966	0.00976	0.01059	0.00828	0.00610	0.01280	0.01470	0.01899	0.04294	0.09144	0.17872	0.45983	0.07359	0.00724	0.00827	0.01442	0.00606	0.00603
139	0.02910	0.02223	0.02515	0.01995	0.02536	0.02552	0.01644	0.46517	0.03430	0.04658	0.01971	0.02188	0.01495	0.01624	0.07130	0.00385	0.11333	0.00796	0.00760	0.01338
140	0.02067	0.20964	0.33865	0.02761	0.14762	0.06167	0.02580	0.02750	0.01888	0.02558	0.01476	0.01772	0.01162	0.00802	0.00763	0.00247	0.01165	0.00619	0.00386	0.01246
141	0.02106	0.02017	0.03417	0.05146	0.60977	0.02010	0.02583	0.02611	0.01986	0.02827	0.01976	0.02450	0.04282	0.00844	0.00871	0.00261	0.01009	0.00827	0.00449	0.01352
142	0.01481	0.01280	0.01853	0.01717	0.01818	0.01652	0.01381	0.01750	0.01378	0.02051	0.01914	0.02888	0.01813	0.04762	0.43520	0.01040	0.25551	0.00874	0.00437	0.00841
143	0.01769	0.01508	0.01766	0.01288	0.02024	0.01138	0.01022	0.02143	0.01801	0.02809	0.01726	0.05417	0.01533	0.00758	0.00671	0.00141	0.00638	0.00623	0.00533	0.70692
144	0.02307	0.01757	0.01938	0.01657	0.02139	0.01932	0.01309	0.17940	0.30387	0.06877	0.17855	0.03751	0.03709	0.01292	0.00918	0.00281	0.00692	0.01076	0.00910	0.01274
145	0.01332	0.00894	0.01058	0.01086	0.01319	0.00783	0.00787	0.01549	0.01943	0.08350	0.09897	0.30771	0.32475	0.02276	0.01047	0.00314	0.00493	0.01977	0.00844	0.00803
146	0.01966	0.01552	0.01850	0.01897	0.05713	0.01702	0.01431	0.03487	0.34974	0.06028	0.03814	0.08439	0.03423	0.01598	0.00992	0.00327	0.00737	0.18049	0.00840	0.01180
147	0.03316	0.02443	0.02618	0.02007	0.02705	0.02705	0.01658	0.60995	0.04101	0.05497	0.02094	0.02094	0.01483	0.01047	0.00873	0.00262	0.00960	0.00785	0.00873	0.01483
148	0.03601	0.01986	0.02335	0.01790	0.02477	0.02026	0.01479	0.33931	0.03336	0.33642	0.02737	0.02511	0.01806	0.01063	0.00875	0.00266	0.00856	0.00829	0.00971	0.01484
149	0.01083	0.00820	0.01004	0.01126	0.01271	0.00741	0.00799	0.01287	0.01838	0.02367	0.09656	0.42703	0.23954	0.02492	0.01088	0.00333	0.00497	0.05393	0.00819	0.00730
150	0.02040	0.01212	0.01255	0.01106	0.01430	0.01277	0.00867	0.16477	0.02386	0.03802	0.02661	0.02968	0.02051	0.01024	0.00674	0.00218	0.00542	0.00806	0.56227	0.00977
151	0.75506	0.01687	0.01282	0.01147	0.01687	0.01957	0.00945	0.02564	0.01484	0.03914	0.01215	0.01417	0.00945	0.00810	0.00540	0.00270	0.00675	0.00472	0.00540	0.00945
152	0.75506	0.01687	0.01282	0.01147	0.01687	0.01957	0.00945	0.02564	0.01484	0.03914	0.01215	0.01417	0.00945	0.00810	0.00540	0.00270	0.00675	0.00472	0.00540	0.00945
153	0.01137	0.00855	0.01070	0.01213	0.01371	0.00788	0.00911	0.01369	0.01845	0.02358	0.05937	0.36886	0.22438	0.02502	0.01111	0.00348	0.00559	0.15754	0.00808	0.00740
154	0.03914	0.01484	0.02024	0.01552	0.02227	0.01282	0.01282	0.04251	0.02497	0.64507	0.03441	0.02969	0.02159	0.01080	0.00877	0.00270	0.00742	0.00877	0.01080	0.01484
155	0.75506	0.01687	0.01282	0.01147	0.01687	0.01957	0.00945	0.02564	0.01484	0.03914	0.01215	0.01417	0.00945	0.00810	0.00540	0.00270	0.00675	0.00472	0.00540	0.00945
156	0.57967	0.01637	0.01464	0.01246	0.01819	0.01792	0.01027	0.02977	0.01732	0.18758	0.01760	0.01797	0.01242	0.00876	0.00622	0.00270	0.00691	0.00572	0.00672	0.01077
157	0.01310	0.01126	0.01150	0.01102	0.01445	0.01087	0.00839	0.02081	0.16770	0.02673	0.07542	0.07135	0.48633	0.01958	0.00996	0.00295	0.00503	0.01632	0.00829	0.00894
158	0.03754	0.01741	0.02183	0.01674	0.02355	0.01663	0.01383	0.19441	0.02926	0.48710	0.03081	0.02735	0.01978	0.01071	0.00876	0.00268	0.00800	0.00853	0.01024	0.01484
159	0.75506	0.01687	0.01282	0.01147	0.01687	0.01957	0.00945	0.02564	0.01484	0.03914	0.01215	0.01417	0.00945	0.00810	0.00540	0.00270	0.00675	0.00472	0.00540	0.00945
160	0.01268	0.00846	0.00951	0.00951	0.00951	0.00846	0.00529	0.01268	0.01268	0.01691	0.02748	0.05708	0.03171	0.69345	0.04440	0.00846	0.00846	0.01268	0.00529	0.00529
161	0.01063	0.00759	0.01012	0.01215	0.01265	0.00709	0.00810	0.01215	0.01670	0.02227	0.04808	0.68775	0.05769	0.02733	0.01113	0.00354	0.00506	0.02480	0.00810	0.00709
162	0.02170	0.01874	0.01972	0.01775	0.02268	0.02170	0.01381	0.04635	0.62327	0.03649	0.03550	0.03254	0.02663	0.01183	0.00888	0.00296	0.00690	0.00986	0.00888	0.01381
163	0.02170	0.01874	0.01972	0.01775	0.02268	0.02170	0.01381	0.04635	0.62327	0.03649	0.03550	0.03254	0.02663	0.01183	0.00888	0.00296	0.00690	0.00986	0.00888	0.01381
164	0.01809	0.01550	0.01809	0.01292	0.02067	0.01163	0.01034	0.02196	0.01809	0.02842	0.01550	0.01809	0.01292	0.00646	0.00646	0.00129	0.00646	0.00517	0.00517	0.74677
165	0.01148	0.00897	0.01056	0.01107	0.01340	0.00804	0.00861	0.01434	0.02046	0.02602	0.17448	0.14805	0.35278	0.02229	0.01075	0.00319	0.00518	0.13435	0.00836	0.00763
166	0.02332	0.69869	0.04571	0.01493	0.02239	0.03451	0.01493	0.02612	0.01772	0.02052	0.01213	0.01399	0.01119	0.00746	0.00560	0.00187	0.00933	0.00466	0.00373	0.01119
167	0.01235	0.00892	0.01166	0.01097	0.01303	0.00823	0.00823	0.01646	0.02469	0.03498	0.63443	0.06516	0.08230	0.01783	0.01029	0.00274	0.00412	0.01578	0.00960	0.00823
168	0.01031	0.00884	0.00884	0.00884	0.01178	0.00736	0.00663	0.01252	0.01988	0.02356	0.08837	0.08395	0.63549	0.02209	0.01031	0.00295	0.00442	0.01841	0.00810	0.00736
169	0.02159	0.02073	0.03541	0.05354	0.63903	0.02073	0.02677	0.02677	0.01986	0.02850	0.01641	0.02159	0.01382	0.00777	0.00864	0.00259	0.01036	0.00777	0.00432	0.01382
170	0.03246	0.02408	0.02578	0.01993	0.02678	0.02672	0.01641	0.57535	0.07675	0.05384	0.02184	0.02165	0.01556	0.01055	0.00874	0.00264	0.00943	0.00798	0.00874	0.01477
171	0.01773	0.01678	0.02843	0.52085	0.20191	0.01971	0.02485	0.02339	0.01803	0.02381	0.01573	0.02285	0.01216	0.00849	0.00870	0.00283	0.01132	0.00776	0.00398	0.01070
172	0.02022	0.02244	0.04541	0.03337	0.04003	0.02320	0.46324	0.02624	0.01882	0.02624	0.01613	0.02244	0.01280	0.00929	0.01479	0.00316	0.17707	0.00964	0.00427	0.01122
173	0.01112	0.00910	0.00997	0.01040	0.01315	0.00794	0.00824	0.01372	0.01993	0.02411	0.07922	0.08708	0.50866	0.02253	0.01069	0.00318	0.00520	0.14017	0.00809	0.00751
174	0.01062	0.00885	0.00927	0.00916	0.01197	0.00750	0.00687	0.01312	0.02062	0.02532	0.17215	0.08106	0.55062	0.02144	0.01031	0.00291	0.00437	0.01801	0.00833	0.00750
175	0.01247	0.00929	0.01374	0.01374	0.01520	0.01075	0.01056	0.01540	0.01394	0.02004	0.02362	0.03567	0.02241	0.10397	0.62116	0.01368	0.02245	0.00955	0.00471	0.00763
176	0.75506	0.01687	0.01282	0.01147	0.01687	0.01957	0.00945	0.02564	0.01484	0.03914	0.01215	0.01417	0.00945	0.00810	0.00540	0.00270	0.00675	0.00472	0.00540	0.00945
177	0.02034	0.01945	0.03314	0.20517	0.49720	0.02040	0.02615	0.02567	0.01927	0.02698	0.01619	0.02200	0.01328	0.00800	0.00866	0.00267	0.01067	0.00777	0.00421	0.01281
178	0.10019	0.02378	0.02449	0.01959	0.02531	0.06473	0.01605	0.41423	0.06850	0.04620	0.01935	0.02043	0.01438	0.01081	0.01076	0.00277	0.09003	0.00751	0.00756	0.01333
179	0.01237	0.00919	0.01351	0.01363	0.01502	0.01053	0.01039	0.01520	0.01409	0.02015	0.02504	0.07298	0.02448	0.10311	0.58293	0.01307	0.02137	0.01044	0.00491	0.00759
180	0.05919	0.01298	0.01271	0.01342	0.04992	0.05157	0.00936	0.01879	0.07777	0.02585	0.06792	0.09419	0.43724	0.01883	0.00966	0.00289	0.00589	0.01562	0.00756	0.00864
181	0.01834	0.14014	0.56065	0.02342	0.03552	0.02233	0.02971	0.02741	0.01832	0.02659	0.01514	0.01777	0.01107	0.00817	0.00790	0.00263	0.01237	0.00619	0.00369	0.01264
182	0.02097	0.01811	0.01903	0.01719	0.02199	0.02079	0.01335	0.04420	0.58497	0.03567	0.03886	0.03581	0.06528	0.01249	0.00897	0.00296	0.00675	0.01040	0.00883	0.01340
183	0.01110	0.00887	0.00993	0.00967	0.01227	0.00770	0.00725	0.01405	0.02175	0.02799	0.30015	0.07666	0.42095	0.02044	0.01030	0.00287	0.00430	0.01739	0.00868	0.00770
184	0.01913	0.01697	0.02511	0.06982	0.28881	0.01790	0.01967	0.02874	0.17004	0.02926	0.02906	0.08201	0.02692	0.01333	0.00954	0.00304	0.00877	0.12347	0.00641	0.01200
185	0.01891	0.20383	0.50194	0.02245	0.03402	0.02372	0.02803	0.02726	0.01825	0.02590	0.01480	0.01734	0.01108	0.00809	0.00763	0.00254	0.01203	0.00601	0.00369	0.01248
186	0.01033	0.00876	0.00891	0.00903	0.01183	0.00735	0.00671	0.01250	0.01969	0.02349	0.08599	0.11955	0.60142	0.02240	0.01036	0.00298	0.00446	0.01879	0.00810	0.00735
187	0.03558	0.02055	0.02377	0.01823	0.02511	0.02129	0.01506	0.38014	0.03451	0.29396	0.02640	0.02449	0.01757	0.01060	0.00874	0.00265	0.00872	0.00823	0.00956	0.01484
188	0.02153	0.03069	0.24597	0.03975	0.35750	0.06140	0.02745	0.06084	0.02088	0.02925	0.01622	0.02008	0.01275	0.00818	0.00847	0.00263	0.01153	0.00718	0.00436	0.01332
189	0.33009	0.07328	0.34226	0.01858	0.02797	0.02084	0.02152	0.02669	0.01686	0.03206	0.01395	0.01635	0.01038	0.00816	0.00690	0.00268	0.01007	0.00561	0.00441	0.01133
190	0.75506	0.01687	0.01282	0.01147	0.01687	0.01957	0.00945	0.02564	0.01484	0.03914	0.01215	0.01417	0.00945	0.00810	0.00540	0.00270	0.00675	0.00472	0.00540	0.00945
191	0.01251	0.00913	0.01294	0.01294	0.01412	0.01032	0.00955	0.01488	0.01370	0.01945	0.02435	0.03975	0.02419	0.21641	0.51115	0.01268	0.01978	0.01015	0.00482	0.00719
192	0.01131	0.00808	0.01090	0.01292	0.01372	0.00767	0.00928	0.01332	0.01737	0.02303	0.04770	0.57107	0.05621	0.02669	0.01131	0.00364	0.00565	0.13478	0.00808	0.00727
193	0.03133	0.02278	0.02460	0.01936	0.02594	0.02519	0.01583	0.46918	0.15093	0.08625	0.02451	0.02367	0.01748	0.01075	0.00876	0.00269	0.00896	0.00829	0.00888	0.01464
194	0.01268	0.00846	0.00951	0.00951	0.00951	0.00846	0.00529	0.01268	0.01268	0.01691	0.02748	0.05708	0.03171	0.69345	0.04440	0.00846	0.00846	0.01268	0.00529	0.00529
195	0.01246	0.00935	0.01402	0.01402	0.01558	0.01090	0.01090	0.01558	0.01402	0.02025	0.02336	0.03427	0.02181	0.06542	0.65888	0.01402	0.02336	0.00935	0.00467	0.00779
196	0.02134	0.02048	0.03496	0.08320	0.61129	0.02066	0.02665	0.02656	0.01975	0.02820	0.01636	0.02167	0.01371	0.00782	0.00864	0.00261	0.01042	0.00777	0.00430	0.01362
197	0.75506	0.01687	0.01282	0.01147	0.01687	0.01957	0.00945	0.02564	0.01484	0.03914	0.01215	0.01417	0.00945	0.00810	0.00540	0.00270	0.00675	0.00472	0.00540	0.00945
198	0.01626	0.00813	0.00813	0.00813	0.01016	0.00813	0.00610	0.02033	0.01829	0.03252	0.02846	0.03252	0.02236	0.01016	0.00610	0.00203	0.00407	0.00813	0.74187	0.00813
199	0.01274	0.00868	0.01194	0.01244	0.01383	0.00944	0.00930	0.01564	0.01549	0.02308	0.03039	0.19403	0.03070	0.04557	0.37590	0.00917	0.01521	0.01290	0.14587	0.00768
200	0.01223	0.00860	0.00978	0.00975	0.01047	0.00840	0.00602	0.01301	0.01463	0.01917	0.06655	0.06087	0.14268	0.50060	0.07565	0.00755	0.00847	0.01365	0.00596	0.00596
201	0.01647	0.01550	0.02616	0.67248	0.06008	0.01938	0.02422	0.02229	0.01744	0.02229	0.01550	0.02326	0.01163	0.00872	0.00872	0.00291	0.01163	0.00775	0.00388	0.00969
202	0.02923	0.01962	0.02185	0.01796	0.02395	0.02134	0.01444	0.22062	0.30617	0.18073	0.03073	0.02829	0.02182	0.01117	0.00881	0.00279	0.00786	0.00899	0.00927	0.01436
203	0.01946	0.01276	0.01399	0.01266	0.01582	0.01341	0.00975	0.18587	0.02431	0.03580	0.03302	0.16168	0.05869	0.01704	0.04093	0.00315	0.00683	0.01194	0.31311	0.00977
204	0.01246	0.00935	0.01402	0.01402	0.01558	0.01090	0.01090	0.01558	0.01402	0.02025	0.02336	0.03427	0.02181	0.06542	0.65888	0.01402	0.02336	0.00935	0.00467	0.00779
205	0.01063	0.00759	0.01012	0.01215	0.01265	0.00709	0.00810	0.01215	0.01670	0.02227	0.04808	0.68775	0.05769	0.02733	0.01113	0.00354	0.00506	0.02480	0.00810	0.00709
206	0.01350	0.00838	0.00920	0.00920	0.00966	0.00838	0.00547	0.01442	0.01396	0.02047	0.02771	0.05149	0.02958	0.53795	0.03568	0.00699	0.00746	0.01165	0.17291	0.00593
