[name]
unknown

[dist]
# distance from previous block
# <min> <max>
0	2

[block]
# block no. 0 follows, 22 sequences, length 141
# corresponding to MSA columns:
# 2-142
name=unknown_A
#
# <colnr> <probs for GDERKNQSTAVLIFYWHMCP>
#	G	D	E	R	K	N	Q	S	T	A	V	L	I	F	Y	W	H	M	C	P
0	0.26739	0.14301	0.20677	0.01478	0.02167	0.01919	0.01575	0.02384	0.01610	0.02927	0.01549	0.01825	0.01220	0.01016	0.03284	0.00278	0.00877	0.00567	0.12609	0.00997
1	0.01903	0.01642	0.01740	0.01544	0.02018	0.01808	0.01201	0.03799	0.50459	0.03252	0.03785	0.03540	0.09831	0.01191	0.00838	0.00266	0.00625	0.00990	0.00801	0.08768
2	0.01666	0.04297	0.66500	0.02368	0.03596	0.01929	0.03069	0.02631	0.01754	0.02631	0.01491	0.01754	0.01052	0.00789	0.00789	0.00263	0.01228	0.00614	0.00351	0.01228
3	0.00982	0.00842	0.00842	0.00842	0.01122	0.00701	0.00631	0.01192	0.01894	0.02244	0.08416	0.07995	0.65285	0.02104	0.00982	0.00281	0.00421	0.01753	0.00771	0.00701
4	0.02260	0.01855	0.01960	0.01690	0.02195	0.02103	0.01335	0.18219	0.45766	0.03820	0.03366	0.03143	0.06221	0.01158	0.00850	0.00274	0.00704	0.00945	0.00837	0.01300
5	0.00982	0.00842	0.00842	0.00842	0.01122	0.00701	0.00631	0.01192	0.01894	0.02244	0.08416	0.07995	0.65285	0.02104	0.00982	0.00281	0.00421	0.01753	0.00771	0.00701
6	0.02029	0.48140	0.25837	0.01749	0.02638	0.02818	0.01991	0.02537	0.01711	0.02188	0.01271	0.01478	0.01061	0.00738	0.00622	0.00207	0.01006	0.00503	0.00354	0.01122
7	0.02775	0.24289	0.02970	0.01924	0.02418	0.44932	0.01559	0.03003	0.02101	0.02008	0.01236	0.01463	0.01070	0.00840	0.00777	0.00210	0.04514	0.00517	0.00403	0.00992
8	0.21395	0.01139	0.01100	0.01012	0.01325	0.01163	0.00757	0.05090	0.01770	0.05411	0.07074	0.04814	0.23270	0.15507	0.01480	0.00372	0.00593	0.01138	0.04800	0.00790
9	0.03727	0.01414	0.01928	0.01478	0.02121	0.01221	0.01221	0.04049	0.02378	0.66198	0.03277	0.02828	0.02056	0.01028	0.00835	0.00257	0.00707	0.00835	0.01028	0.01414
10	0.01187	0.00890	0.01335	0.01335	0.01483	0.01038	0.01038	0.01483	0.01335	0.01928	0.02225	0.03264	0.02077	0.06231	0.67512	0.01335	0.02225	0.00890	0.00445	0.00742
11	0.03727	0.01414	0.01928	0.01478	0.02121	0.01221	0.01221	0.04049	0.02378	0.66198	0.03277	0.02828	0.02056	0.01028	0.00835	0.00257	0.00707	0.00835	0.01028	0.01414
12	0.02056	0.01974	0.03372	0.05099	0.65622	0.01974	0.02550	0.02550	0.01892	0.02714	0.01563	0.02056	0.01316	0.00740	0.00822	0.00247	0.00987	0.00740	0.00411	0.01316
13	0.01054	0.00865	0.00942	0.00981	0.01243	0.00753	0.00774	0.01299	0.01897	0.02293	0.07605	0.08273	0.53073	0.02142	0.01015	0.00301	0.00490	0.13516	0.00770	0.00714
14	0.01199	0.00802	0.00909	0.00918	0.00920	0.00799	0.00516	0.01206	0.01226	0.01635	0.02709	0.08454	0.03135	0.67630	0.04081	0.00784	0.00790	0.01262	0.00516	0.00511
15	0.01339	0.00956	0.01339	0.01530	0.01721	0.00956	0.01339	0.01721	0.01912	0.02486	0.04399	0.09371	0.04781	0.02295	0.01147	0.00382	0.00765	0.60031	0.00765	0.00765
16	0.01818	0.01818	0.02545	0.02181	0.02181	0.02545	0.01818	0.01999	0.01272	0.01999	0.01091	0.01818	0.01091	0.01454	0.02726	0.00364	0.69284	0.00727	0.00364	0.00909
17	0.21097	0.01645	0.01873	0.01473	0.02090	0.01649	0.01216	0.15569	0.02456	0.38881	0.02509	0.02305	0.01649	0.00960	0.00758	0.00255	0.00733	0.00725	0.00865	0.01290
18	0.01007	0.00742	0.00944	0.01105	0.01191	0.00679	0.00748	0.01163	0.01640	0.02141	0.05210	0.60012	0.15337	0.02521	0.01047	0.00328	0.00472	0.02262	0.00771	0.00679
19	0.02056	0.01974	0.03372	0.05099	0.65622	0.01974	0.02550	0.02550	0.01892	0.02714	0.01563	0.02056	0.01316	0.00740	0.00822	0.00247	0.00987	0.00740	0.00411	0.01316
20	0.02504	0.02987	0.02179	0.01984	0.02285	0.43376	0.01525	0.02730	0.01971	0.02006	0.01443	0.01908	0.01277	0.02042	0.14590	0.00465	0.12758	0.00638	0.00421	0.00909
21	0.03158	0.02327	0.02493	0.01911	0.02576	0.02576	0.01579	0.62852	0.03906	0.05236	0.01995	0.01995	0.01413	0.00997	0.00831	0.00249	0.00914	0.00748	0.00831	0.01413
22	0.01395	0.00990	0.01337	0.01289	0.01476	0.01119	0.00995	0.06602	0.01589	0.02322	0.02289	0.03276	0.02088	0.09237	0.49994	0.01075	0.01807	0.00884	0.09451	0.00786
23	0.02359	0.60799	0.04041	0.01534	0.02200	0.13299	0.01450	0.02617	0.01792	0.01967	0.01175	0.01358	0.01067	0.00733	0.00567	0.00183	0.00984	0.00458	0.00367	0.01050
24	0.02221	0.71304	0.04353	0.01421	0.02132	0.03287	0.01421	0.02488	0.01688	0.01955	0.01155	0.01333	0.01066	0.00711	0.00533	0.00178	0.00888	0.00444	0.00355	0.01066
25	0.01176	0.00849	0.01110	0.01045	0.01241	0.00784	0.00784	0.01568	0.02352	0.03331	0.65184	0.06206	0.07839	0.01698	0.00980	0.00261	0.00392	0.01502	0.00914	0.00784
26	0.01549	0.00774	0.00774	0.00774	0.00968	0.00774	0.00581	0.01936	0.01742	0.03097	0.02710	0.03097	0.02129	0.00968	0.00581	0.00194	0.00387	0.00774	0.75416	0.00774
27	0.76672	0.01607	0.01221	0.01092	0.01607	0.01864	0.00900	0.02442	0.01414	0.03727	0.01157	0.01350	0.00900	0.00771	0.00514	0.00257	0.00643	0.00450	0.00514	0.00900
28	0.01011	0.00835	0.00887	0.00890	0.01144	0.00711	0.00661	0.01242	0.01938	0.02388	0.16099	0.11669	0.53497	0.02079	0.00987	0.00281	0.00421	0.01757	0.00791	0.00711
29	0.01012	0.00723	0.00964	0.01157	0.01205	0.00675	0.00771	0.01157	0.01591	0.02121	0.04579	0.70262	0.05495	0.02603	0.01060	0.00337	0.00482	0.02362	0.00771	0.00675
30	0.00982	0.00842	0.00842	0.00842	0.01122	0.00701	0.00631	0.01192	0.01894	0.02244	0.08416	0.07995	0.65285	0.02104	0.00982	0.00281	0.00421	0.01753	0.00771	0.00701
31	0.76672	0.01607	0.01221	0.01092	0.01607	0.01864	0.00900	0.02442	0.01414	0.03727	0.01157	0.01350	0.00900	0.00771	0.00514	0.00257	0.00643	0.00450	0.00514	0.00900
32	0.02056	0.01974	0.03372	0.05099	0.65622	0.01974	0.02550	0.02550	0.01892	0.02714	0.01563	0.02056	0.01316	0.00740	0.00822	0.00247	0.00987	0.00740	0.00411	0.01316
33	0.01207	0.00884	0.01304	0.01304	0.01455	0.01024	0.01013	0.01508	0.01357	0.01993	0.02252	0.03254	0.02080	0.05942	0.63837	0.01272	0.02124	0.00884	0.04562	0.00744
34	0.01605	0.07943	0.01659	0.01319	0.01581	0.01390	0.01032	0.11342	0.01866	0.02598	0.02631	0.16539	0.02621	0.07137	0.26647	0.00703	0.01269	0.01128	0.08134	0.00857
35	0.02491	0.26644	0.17454	0.01900	0.02652	0.17766	0.01866	0.14934	0.02307	0.02789	0.01430	0.01600	0.01134	0.00820	0.00701	0.00220	0.01112	0.00565	0.00468	0.01149
36	0.09879	0.09542	0.02260	0.01770	0.06064	0.05407	0.01353	0.26019	0.05459	0.03866	0.16961	0.02893	0.02888	0.01093	0.00798	0.00245	0.00782	0.00862	0.00720	0.01139
37	0.02013	0.10991	0.47241	0.02226	0.03240	0.15335	0.02607	0.02755	0.01869	0.02442	0.01415	0.01660	0.01057	0.00795	0.00755	0.00245	0.01248	0.00581	0.00367	0.01158
38	0.02174	0.02998	0.19103	0.07216	0.31931	0.17188	0.02448	0.02725	0.01952	0.02502	0.01475	0.01858	0.01180	0.00785	0.00797	0.00245	0.01174	0.00660	0.00397	0.01190
39	0.09663	0.02550	0.12306	0.03729	0.37946	0.11129	0.02291	0.02630	0.01856	0.02672	0.01448	0.01850	0.01189	0.00803	0.00873	0.00252	0.04547	0.00663	0.00413	0.01191
40	0.09936	0.02001	0.02965	0.04238	0.50360	0.04713	0.02222	0.02744	0.07646	0.02863	0.01677	0.02056	0.01375	0.00784	0.00789	0.00250	0.00942	0.00720	0.00463	0.01257
41	0.02022	0.02068	0.03913	0.04534	0.43941	0.02019	0.23797	0.02589	0.01916	0.02695	0.01604	0.02121	0.01296	0.00726	0.00878	0.00259	0.01133	0.00825	0.00414	0.01247
42	0.02082	0.02040	0.03291	0.07599	0.60399	0.04826	0.02498	0.02565	0.01902	0.02660	0.01547	0.02038	0.01297	0.00749	0.00820	0.00247	0.01014	0.00731	0.00410	0.01284
43	0.01549	0.00774	0.00774	0.00774	0.00968	0.00774	0.00581	0.01936	0.01742	0.03097	0.02710	0.03097	0.02129	0.00968	0.00581	0.00194	0.00387	0.00774	0.75416	0.00774
44	0.01194	0.00897	0.01080	0.01070	0.01275	0.00834	0.00785	0.04757	0.02124	0.02846	0.31530	0.22918	0.21614	0.01996	0.00993	0.00285	0.00451	0.01746	0.00836	0.00769
45	0.00982	0.00842	0.00842	0.00842	0.01122	0.00701	0.00631	0.01192	0.01894	0.02244	0.08416	0.07995	0.65285	0.02104	0.00982	0.00281	0.00421	0.01753	0.00771	0.00701
46	0.02425	0.02130	0.02069	0.01787	0.02298	0.08786	0.01406	0.17895	0.43883	0.03739	0.02847	0.02681	0.02127	0.01070	0.00832	0.00267	0.00802	0.00854	0.00800	0.01302
47	0.02847	0.23542	0.02935	0.01931	0.02441	0.48806	0.01552	0.03076	0.02160	0.02010	0.01247	0.01450	0.01069	0.00814	0.00686	0.00203	0.01321	0.00509	0.00407	0.00993
48	0.02436	0.01876	0.02077	0.01729	0.02232	0.02114	0.01391	0.33154	0.21185	0.04046	0.02451	0.02578	0.01879	0.02095	0.14335	0.00479	0.01104	0.00833	0.00757	0.01248
49	0.01048	0.00844	0.00933	0.00911	0.01162	0.00729	0.00683	0.01319	0.02049	0.02613	0.27650	0.07389	0.45821	0.01967	0.00981	0.00274	0.00411	0.01668	0.00820	0.00729
50	0.01723	0.01477	0.01723	0.01230	0.01969	0.01107	0.00984	0.02092	0.01723	0.02707	0.01477	0.01723	0.01230	0.00615	0.00615	0.00123	0.00615	0.00492	0.00492	0.75883
51	0.01012	0.00723	0.00964	0.01157	0.01205	0.00675	0.00771	0.01157	0.01591	0.02121	0.04579	0.70262	0.05495	0.02603	0.01060	0.00337	0.00482	0.02362	0.00771	0.00675
52	0.01208	0.00805	0.00906	0.00906	0.00906	0.00805	0.00503	0.01208	0.01208	0.01611	0.02618	0.05436	0.03020	0.70804	0.04228	0.00805	0.00805	0.01208	0.00503	0.00503
53	0.01818	0.01818	0.02545	0.02181	0.02181	0.02545	0.01818	0.01999	0.01272	0.01999	0.01091	0.01818	0.01091	0.01454	0.02726	0.00364	0.69284	0.00727	0.00364	0.00909
54	0.02066	0.01785	0.01878	0.01691	0.02160	0.02066	0.01315	0.04414	0.64121	0.03475	0.03381	0.03099	0.02536	0.01127	0.00845	0.00282	0.00657	0.00939	0.00845	0.01315
55	0.01818	0.01818	0.02545	0.02181	0.02181	0.02545	0.01818	0.01999	0.01272	0.01999	0.01091	0.01818	0.01091	0.01454	0.02726	0.00364	0.69284	0.00727	0.00364	0.00909
56	0.01041	0.00858	0.00924	0.00947	0.01211	0.00741	0.00737	0.01284	0.01919	0.02332	0.10664	0.08097	0.54048	0.02110	0.01005	0.00294	0.00467	0.09830	0.00778	0.00714
57	0.01012	0.00723	0.00964	0.01157	0.01205	0.00675	0.00771	0.01157	0.01591	0.02121	0.04579	0.70262	0.05495	0.02603	0.01060	0.00337	0.00482	0.02362	0.00771	0.00675
58	0.02767	0.01872	0.02062	0.01630	0.02138	0.02015	0.01289	0.42033	0.03110	0.11113	0.02281	0.02887	0.01858	0.17236	0.01622	0.00379	0.00866	0.00865	0.00777	0.01201
59	0.02189	0.01462	0.01770	0.01288	0.02004	0.01134	0.01039	0.02547	0.01875	0.17473	0.01895	0.01980	0.01423	0.00711	0.00666	0.00154	0.00637	0.00572	0.00617	0.58563
60	0.01204	0.00823	0.00993	0.00993	0.01023	0.00853	0.00612	0.01264	0.01234	0.01675	0.02538	0.04997	0.02829	0.57731	0.17041	0.00913	0.01093	0.01144	0.00492	0.00552
61	0.01012	0.00723	0.00964	0.01157	0.01205	0.00675	0.00771	0.01157	0.01591	0.02121	0.04579	0.70262	0.05495	0.02603	0.01060	0.00337	0.00482	0.02362	0.00771	0.00675
62	0.02999	0.03370	0.02458	0.02275	0.06528	0.45678	0.01667	0.17063	0.02643	0.02820	0.01459	0.01661	0.01166	0.00905	0.00851	0.00230	0.04015	0.00605	0.00518	0.01088
63	0.01012	0.00723	0.00964	0.01157	0.01205	0.00675	0.00771	0.01157	0.01591	0.02121	0.04579	0.70262	0.05495	0.02603	0.01060	0.00337	0.00482	0.02362	0.00771	0.00675
64	0.03665	0.01514	0.01990	0.01526	0.02171	0.01370	0.01260	0.10531	0.02546	0.59477	0.03136	0.02736	0.01985	0.01025	0.00835	0.00256	0.00730	0.00826	0.01006	0.01414
65	0.01208	0.00805	0.00906	0.00906	0.00906	0.00805	0.00503	0.01208	0.01208	0.01611	0.02618	0.05436	0.03020	0.70804	0.04228	0.00805	0.00805	0.01208	0.00503	0.00503
66	0.02066	0.01785	0.01878	0.01691	0.02160	0.02066	0.01315	0.04414	0.64121	0.03475	0.03381	0.03099	0.02536	0.01127	0.00845	0.00282	0.00657	0.00939	0.00845	0.01315
67	0.01106	0.00790	0.01072	0.01264	0.01354	0.00756	0.00935	0.01319	0.01683	0.02226	0.04527	0.52731	0.05289	0.02514	0.01085	0.00350	0.00563	0.18965	0.00769	0.00701
68	0.01131	0.00847	0.01048	0.00998	0.01213	0.00765	0.00748	0.01480	0.02245	0.03079	0.51981	0.06622	0.21199	0.01793	0.00980	0.00266	0.00399	0.01561	0.00881	0.00765
69	0.01666	0.04297	0.66500	0.02368	0.03596	0.01929	0.03069	0.02631	0.01754	0.02631	0.01491	0.01754	0.01052	0.00789	0.00789	0.00263	0.01228	0.00614	0.00351	0.01228
70	0.02860	0.03498	0.02591	0.02828	0.17233	0.52237	0.01825	0.03139	0.02247	0.02192	0.01349	0.01628	0.01127	0.00829	0.00766	0.00222	0.01379	0.00583	0.00424	0.01045
71	0.01880	0.01967	0.02046	0.01854	0.02009	0.17079	0.01475	0.02112	0.01548	0.01981	0.01562	0.02287	0.01456	0.03110	0.26608	0.00694	0.28323	0.00744	0.00409	0.00859
72	0.01271	0.00863	0.01205	0.01205	0.01364	0.00977	0.00932	0.01589	0.01430	0.02200	0.02338	0.03225	0.02089	0.05007	0.51946	0.01070	0.01798	0.00863	0.17881	0.00749
73	0.02043	0.02011	0.03586	0.04876	0.57067	0.01992	0.10934	0.02565	0.01901	0.02707	0.01579	0.02082	0.01308	0.00735	0.00844	0.00251	0.01045	0.00774	0.00412	0.01289
74	0.31347	0.20999	0.17360	0.01592	0.02315	0.09490	0.01621	0.02595	0.01669	0.02815	0.01248	0.01455	0.00998	0.00769	0.00609	0.00233	0.00938	0.00496	0.00424	0.01027
75	0.02094	0.01960	0.03085	0.04125	0.45551	0.02048	0.04864	0.05639	0.13587	0.02939	0.01908	0.02246	0.01536	0.00852	0.00914	0.00260	0.03800	0.00788	0.00510	0.01295
76	0.19223	0.17237	0.38736	0.01880	0.02837	0.02189	0.02231	0.02558	0.01661	0.02749	0.01345	0.01575	0.01020	0.00769	0.00673	0.00244	0.01023	0.00541	0.00390	0.01119
77	0.06422	0.07562	0.59201	0.02239	0.03395	0.01995	0.02848	0.02612	0.01729	0.02665	0.01453	0.01707	0.01043	0.00784	0.00759	0.00258	0.01173	0.00595	0.00361	0.01199
78	0.01623	0.01531	0.02589	0.61784	0.12325	0.01860	0.02334	0.02170	0.01687	0.02188	0.01486	0.02197	0.01130	0.00821	0.00830	0.00274	0.01094	0.00738	0.00374	0.00966
79	0.00982	0.00842	0.00842	0.00842	0.01122	0.00701	0.00631	0.01192	0.01894	0.02244	0.08416	0.07995	0.65285	0.02104	0.00982	0.00281	0.00421	0.01753	0.00771	0.00701
80	0.01009	0.00813	0.00899	0.00941	0.01155	0.00703	0.00682	0.01221	0.01864	0.02323	0.13188	0.23351	0.44569	0.02187	0.01001	0.00293	0.00433	0.01880	0.00786	0.00703
81	0.76672	0.01607	0.01221	0.01092	0.01607	0.01864	0.00900	0.02442	0.01414	0.03727	0.01157	0.01350	0.00900	0.00771	0.00514	0.00257	0.00643	0.00450	0.00514	0.00900
82	0.01187	0.00890	0.01335	0.01335	0.01483	0.01038	0.01038	0.01483	0.01335	0.01928	0.02225	0.03264	0.02077	0.06231	0.67512	0.01335	0.02225	0.00890	0.00445	0.00742
83	0.01191	0.00873	0.01248	0.01248	0.01367	0.00991	0.00930	0.01428	0.01309	0.01864	0.02305	0.03704	0.02268	0.19304	0.54700	0.01228	0.01938	0.00954	0.00457	0.00693
84	0.01818	0.01818	0.02545	0.02181	0.02181	0.02545	0.01818	0.01999	0.01272	0.01999	0.01091	0.01818	0.01091	0.01454	0.02726	0.00364	0.69284	0.00727	0.00364	0.00909
85	0.00982	0.00842	0.00842	0.00842	0.01122	0.00701	0.00631	0.01192	0.01894	0.02244	0.08416	0.07995	0.65285	0.02104	0.00982	0.00281	0.00421	0.01753	0.00771	0.00701
86	0.02968	0.02330	0.02282	0.01807	0.02392	0.09525	0.01468	0.49339	0.03488	0.04639	0.01998	0.02066	0.01457	0.00978	0.00793	0.00239	0.00918	0.00727	0.09296	0.01290
87	0.02740	0.01443	0.01778	0.01460	0.01967	0.01396	0.01192	0.15163	0.04933	0.31452	0.12475	0.04161	0.08553	0.01323	0.00895	0.00270	0.00681	0.05995	0.00920	0.01202
88	0.02060	0.51820	0.22424	0.01697	0.02558	0.02892	0.01901	0.02529	0.01707	0.02151	0.01253	0.01455	0.01062	0.00734	0.00608	0.00203	0.00987	0.00494	0.00354	0.01113
89	0.02165	0.64478	0.10684	0.01518	0.02281	0.03149	0.01589	0.02502	0.01695	0.02023	0.01189	0.01376	0.01065	0.00719	0.00559	0.00186	0.00923	0.00461	0.00355	0.01083
90	0.06913	0.02290	0.02428	0.01870	0.02527	0.02540	0.01544	0.59767	0.03779	0.05159	0.01952	0.01962	0.01387	0.00986	0.00815	0.00250	0.00900	0.00733	0.00815	0.01387
91	0.02056	0.01974	0.03372	0.05099	0.65622	0.01974	0.02550	0.02550	0.01892	0.02714	0.01563	0.02056	0.01316	0.00740	0.00822	0.00247	0.00987	0.00740	0.00411	0.01316
92	0.03103	0.03959	0.02354	0.02140	0.02568	0.67469	0.01605	0.03317	0.02354	0.02033	0.01284	0.01498	0.01070	0.00856	0.00749	0.00214	0.01498	0.00535	0.00428	0.00963
93	0.06965	0.27162	0.10208	0.01631	0.02264	0.12420	0.01527	0.12057	0.02211	0.02831	0.08180	0.02345	0.05073	0.00962	0.00710	0.00223	0.00936	0.00700	0.00529	0.01066
94	0.02347	0.47659	0.03687	0.01676	0.02229	0.16473	0.01515	0.02591	0.01768	0.01977	0.01173	0.01435	0.01070	0.00845	0.00884	0.00211	0.10563	0.00502	0.00372	0.01023
95	0.00982	0.00842	0.00842	0.00842	0.01122	0.00701	0.00631	0.01192	0.01894	0.02244	0.08416	0.07995	0.65285	0.02104	0.00982	0.00281	0.00421	0.01753	0.00771	0.00701
96	0.02226	0.02547	0.16064	0.03684	0.33767	0.02115	0.06971	0.16599	0.02337	0.03280	0.01657	0.01995	0.01281	0.00807	0.00830	0.00253	0.01050	0.00735	0.00497	0.01306
97	0.03011	0.03354	0.02491	0.02382	0.08934	0.44775	0.01694	0.17996	0.02692	0.02896	0.01488	0.01677	0.01180	0.00879	0.00777	0.00226	0.01302	0.00609	0.00526	0.01110
98	0.01006	0.00843	0.00875	0.00867	0.01137	0.00712	0.00650	0.01239	0.01951	0.02380	0.15481	0.07772	0.58135	0.02053	0.00982	0.00278	0.00417	0.01722	0.00789	0.00712
99	0.02056	0.01974	0.03372	0.05099	0.65622	0.01974	0.02550	0.02550	0.01892	0.02714	0.01563	0.02056	0.01316	0.00740	0.00822	0.00247	0.00987	0.00740	0.00411	0.01316
100	0.01088	0.00846	0.00989	0.00953	0.01187	0.00747	0.00715	0.01398	0.02144	0.02840	0.39503	0.07015	0.33826	0.01882	0.00981	0.00270	0.00405	0.01616	0.00850	0.00747
101	0.01549	0.00774	0.00774	0.00774	0.00968	0.00774	0.00581	0.01936	0.01742	0.03097	0.02710	0.03097	0.02129	0.00968	0.00581	0.00194	0.00387	0.00774	0.75416	0.00774
102	0.01886	0.19860	0.48004	0.02133	0.03190	0.06375	0.02594	0.02641	0.01776	0.02436	0.01400	0.01640	0.01057	0.00775	0.00727	0.00240	0.01166	0.00569	0.00357	0.01173
103	0.01014	0.00751	0.00948	0.01093	0.01191	0.00685	0.00746	0.01182	0.01682	0.02199	0.08068	0.55699	0.16772	0.02468	0.01042	0.00323	0.00466	0.02209	0.00778	0.00685
104	0.01009	0.00843	0.00880	0.00871	0.01139	0.00713	0.00653	0.01246	0.01959	0.02399	0.16488	0.07741	0.57117	0.02046	0.00982	0.00278	0.00417	0.01718	0.00792	0.00713
105	0.03324	0.02061	0.02329	0.01785	0.02444	0.02182	0.01475	0.45753	0.03462	0.22962	0.02368	0.02237	0.01600	0.01006	0.00832	0.00252	0.00854	0.00773	0.00888	0.01413
106	0.02229	0.30610	0.26645	0.01940	0.02773	0.18174	0.02069	0.02739	0.01872	0.02221	0.01309	0.01527	0.01062	0.00774	0.00679	0.00218	0.01159	0.00528	0.00371	0.01101
107	0.02058	0.01930	0.03025	0.04306	0.50863	0.01995	0.02262	0.02983	0.16365	0.02891	0.01986	0.02299	0.01600	0.00830	0.00828	0.00255	0.00910	0.00786	0.00512	0.01316
108	0.01010	0.00730	0.00956	0.01137	0.01200	0.00676	0.00762	0.01159	0.01610	0.02128	0.04821	0.66338	0.09262	0.02571	0.01055	0.00334	0.00478	0.02323	0.00771	0.00676
109	0.01058	0.00845	0.00947	0.00921	0.01169	0.00734	0.00691	0.01339	0.02073	0.02670	0.30652	0.07294	0.42783	0.01945	0.00981	0.00273	0.00409	0.01655	0.00827	0.00734
110	0.02032	0.02099	0.06406	0.04871	0.58873	0.01980	0.06358	0.02560	0.01890	0.02707	0.01567	0.02054	0.01300	0.00740	0.00831	0.00250	0.01024	0.00749	0.00409	0.01299
111	0.03103	0.03959	0.02354	0.02140	0.02568	0.67469	0.01605	0.03317	0.02354	0.02033	0.01284	0.01498	0.01070	0.00856	0.00749	0.00214	0.01498	0.00535	0.00428	0.00963
112	0.01204	0.00885	0.01309	0.01309	0.01459	0.01026	0.01017	0.01505	0.01354	0.01983	0.02248	0.03256	0.02079	0.05984	0.64381	0.01282	0.02139	0.00885	0.03952	0.00743
113	0.02870	0.02963	0.09010	0.02376	0.09627	0.21354	0.01844	0.32778	0.03014	0.03762	0.01689	0.01832	0.01266	0.00907	0.00802	0.00240	0.01124	0.00672	0.00619	0.01252
114	0.02318	0.63880	0.04133	0.01501	0.02180	0.10363	0.01442	0.02579	0.01761	0.01963	0.01169	0.01351	0.01067	0.00727	0.00557	0.00182	0.00956	0.00454	0.00363	0.01055
115	0.03727	0.01414	0.01928	0.01478	0.02121	0.01221	0.01221	0.04049	0.02378	0.66198	0.03277	0.02828	0.02056	0.01028	0.00835	0.00257	0.00707	0.00835	0.01028	0.01414
116	0.01131	0.00811	0.01035	0.01169	0.01267	0.00775	0.00846	0.01314	0.01625	0.02122	0.04523	0.35456	0.10839	0.16282	0.01716	0.00438	0.00613	0.16658	0.00715	0.00666
117	0.01021	0.00843	0.00896	0.00883	0.01146	0.00718	0.00662	0.01268	0.01986	0.02464	0.19909	0.07633	0.53655	0.02022	0.00981	0.00277	0.00415	0.01702	0.00800	0.00718
118	0.01549	0.00774	0.00774	0.00774	0.00968	0.00774	0.00581	0.01936	0.01742	0.03097	0.02710	0.03097	0.02129	0.00968	0.00581	0.00194	0.00387	0.00774	0.75416	0.00774
119	0.01118	0.00802	0.01040	0.01194	0.01273	0.00769	0.00811	0.04206	0.01705	0.02275	0.04451	0.66889	0.05293	0.02523	0.01049	0.00333	0.00503	0.02282	0.00774	0.00711
120	0.01303	0.00859	0.01132	0.01095	0.01289	0.00789	0.00809	0.01641	0.02199	0.07048	0.49013	0.18961	0.07000	0.01839	0.00987	0.00276	0.00430	0.01634	0.00893	0.00801
121	0.01948	0.02799	0.20741	0.03371	0.15318	0.05139	0.29959	0.02633	0.01880	0.02602	0.01562	0.02023	0.01199	0.00774	0.00971	0.00270	0.04442	0.00806	0.00398	0.01168
122	0.01067	0.00801	0.00950	0.01045	0.01179	0.00734	0.00736	0.01234	0.01664	0.02116	0.05553	0.32099	0.25513	0.13628	0.01564	0.00399	0.00543	0.07784	0.00727	0.00665
123	0.03158	0.02327	0.02493	0.01911	0.02576	0.02576	0.01579	0.62852	0.03906	0.05236	0.01995	0.01995	0.01413	0.00997	0.00831	0.00249	0.00914	0.00748	0.00831	0.01413
124	0.02007	0.01924	0.03283	0.11529	0.59577	0.01961	0.02525	0.02506	0.01868	0.02654	0.01554	0.02072	0.01295	0.00749	0.00823	0.00250	0.00999	0.00740	0.00407	0.01276
125	0.01079	0.00787	0.01070	0.01213	0.01309	0.00778	0.00875	0.01282	0.01588	0.02125	0.04296	0.47107	0.08039	0.03278	0.14518	0.00541	0.00860	0.07850	0.00705	0.00699
126	0.01846	0.02814	0.25291	0.02825	0.17507	0.08950	0.08333	0.02475	0.01994	0.02729	0.14399	0.02746	0.02511	0.00960	0.00850	0.00255	0.01050	0.00851	0.00494	0.01118
127	0.02278	0.22048	0.02820	0.15034	0.02878	0.22744	0.01593	0.05006	0.01908	0.02116	0.01437	0.02031	0.01289	0.07913	0.01183	0.00287	0.05425	0.00638	0.00416	0.00953
128	0.02265	0.57027	0.10413	0.01584	0.02328	0.06662	0.01607	0.05863	0.01853	0.02207	0.01242	0.01421	0.01084	0.00742	0.00587	0.00192	0.00958	0.00483	0.00385	0.01096
129	0.01934	0.27729	0.41476	0.02025	0.03031	0.05752	0.02418	0.02616	0.01762	0.02364	0.01363	0.01593	0.01058	0.00765	0.00698	0.00231	0.01123	0.00550	0.00356	0.01158
130	0.10081	0.44008	0.03359	0.01435	0.02101	0.02644	0.01332	0.05954	0.04277	0.15325	0.01711	0.01737	0.01323	0.00811	0.00619	0.00209	0.00820	0.00558	0.00550	0.01147
131	0.06863	0.03775	0.02302	0.02078	0.02519	0.61548	0.01568	0.05631	0.02368	0.02247	0.01306	0.01510	0.01075	0.00857	0.00740	0.00218	0.01431	0.00539	0.00448	0.00978
132	0.01549	0.00774	0.00774	0.00774	0.00968	0.00774	0.00581	0.01936	0.01742	0.03097	0.02710	0.03097	0.02129	0.00968	0.00581	0.00194	0.00387	0.00774	0.75416	0.00774
133	0.01032	0.00771	0.00960	0.01065	0.01192	0.00699	0.00741	0.01232	0.01786	0.02348	0.15407	0.45279	0.19785	0.02338	0.01029	0.00312	0.00453	0.02079	0.00795	0.00699
134	0.02860	0.03498	0.02591	0.02828	0.17233	0.52237	0.01825	0.03139	0.02247	0.02192	0.01349	0.01628	0.01127	0.00829	0.00766	0.00222	0.01379	0.00583	0.00424	0.01045
135	0.01573	0.01030	0.01239	0.01173	0.01486	0.00963	0.00931	0.02072	0.07864	0.11600	0.20830	0.06595	0.26276	0.01792	0.00975	0.00289	0.00532	0.11041	0.00849	0.00889
136	0.01206	0.00815	0.00953	0.00953	0.00970	0.00831	0.00562	0.01238	0.01222	0.01646	0.02574	0.05197	0.02916	0.63686	0.11205	0.00864	0.00962	0.01173	0.00497	0.00530
137	0.01314	0.01003	0.01424	0.10826	0.02185	0.01037	0.01365	0.01688	0.01858	0.02389	0.04443	0.11564	0.10977	0.02086	0.01080	0.00354	0.00759	0.42162	0.00711	0.00775
138	0.01991	0.02157	0.04424	0.04001	0.23504	0.02061	0.43826	0.02626	0.01939	0.02678	0.01644	0.02183	0.01278	0.00713	0.00931	0.00270	0.01271	0.00905	0.00417	0.01182
139	0.06434	0.33998	0.18614	0.01816	0.02567	0.19400	0.01836	0.02733	0.01860	0.02236	0.01269	0.01477	0.01055	0.00770	0.00649	0.00212	0.01113	0.00509	0.00382	0.01069
140	0.19582	0.51655	0.03523	0.01382	0.02032	0.06234	0.01309	0.02519	0.01658	0.02371	0.01162	0.01345	0.01028	0.00732	0.00540	0.00198	0.00862	0.00450	0.00396	0.01022

[dist]
# distance from previous block
# <min> <max>
0	1

[block]
# block no. 1 follows, 22 sequences, length 54
# corresponding to MSA columns:
# 144-197
name=unknown_B
#
# <colnr> <probs for GDERKNQSTAVLIFYWHMCP>
#	G	D	E	R	K	N	Q	S	T	A	V	L	I	F	Y	W	H	M	C	P
0	0.02442	0.02367	0.02468	0.02727	0.19245	0.15661	0.01744	0.12463	0.25682	0.03238	0.02253	0.02324	0.01738	0.00948	0.00817	0.00254	0.00958	0.00774	0.00641	0.01257
1	0.30107	0.02578	0.22179	0.01681	0.02423	0.01985	0.01724	0.16974	0.02108	0.03600	0.01563	0.01909	0.01215	0.05564	0.00929	0.00294	0.00904	0.00625	0.00538	0.01100
2	0.02062	0.03545	0.34569	0.03001	0.16310	0.14969	0.08588	0.02753	0.01922	0.02532	0.01484	0.01814	0.01131	0.00784	0.00807	0.00252	0.01249	0.00661	0.00386	0.01183
3	0.01354	0.00722	0.01058	0.01098	0.01108	0.00712	0.00732	0.01098	0.01187	0.01583	0.02092	0.16552	0.02282	0.02827	0.02794	0.60197	0.00672	0.01061	0.00446	0.00426
4	0.05839	0.02684	0.23078	0.04032	0.42799	0.01954	0.02626	0.02569	0.01823	0.02741	0.01519	0.01924	0.01211	0.00757	0.00796	0.00252	0.01045	0.00685	0.00398	0.01266
5	0.02660	0.03158	0.02776	0.03066	0.21012	0.41052	0.04579	0.02974	0.02128	0.02257	0.01370	0.01715	0.01152	0.00856	0.00916	0.00237	0.05977	0.00628	0.00418	0.01069
6	0.16466	0.01446	0.08883	0.01185	0.01591	0.01166	0.01046	0.02033	0.01848	0.08523	0.19679	0.04235	0.10386	0.09967	0.01222	0.00324	0.00623	0.01054	0.07450	0.00870
7	0.06183	0.32492	0.03381	0.02390	0.15371	0.20041	0.01694	0.02699	0.01876	0.02225	0.01271	0.01548	0.01111	0.00790	0.00743	0.00214	0.03959	0.00542	0.00395	0.01075
8	0.01116	0.00854	0.01027	0.01003	0.01230	0.00765	0.00766	0.01440	0.02153	0.02874	0.40152	0.07080	0.28757	0.01888	0.00992	0.00277	0.00428	0.05594	0.00852	0.00752
9	0.01844	0.02436	0.14400	0.02175	0.07984	0.14934	0.08849	0.02409	0.04769	0.02641	0.15750	0.06137	0.09733	0.01207	0.00880	0.00259	0.00966	0.01044	0.00582	0.01001
10	0.01057	0.00844	0.00945	0.00920	0.01168	0.00733	0.00690	0.01337	0.02070	0.02663	0.30272	0.07306	0.43168	0.01948	0.00981	0.00273	0.00410	0.01657	0.00827	0.00733
11	0.02812	0.02155	0.02298	0.01841	0.02445	0.02415	0.01495	0.44346	0.22975	0.04678	0.02434	0.02344	0.01768	0.01038	0.00836	0.00260	0.00833	0.00809	0.00836	0.01382
12	0.02359	0.02367	0.02221	0.19635	0.03213	0.22174	0.01647	0.15030	0.05540	0.02901	0.04780	0.05708	0.01786	0.01007	0.00810	0.00244	0.01066	0.00792	0.00562	0.06159
13	0.02219	0.02891	0.14406	0.03485	0.28461	0.19345	0.08298	0.02737	0.01998	0.02501	0.01631	0.02243	0.01374	0.00855	0.00829	0.00251	0.01196	0.03695	0.00424	0.01159
14	0.03103	0.03959	0.02354	0.02140	0.02568	0.67469	0.01605	0.03317	0.02354	0.02033	0.01284	0.01498	0.01070	0.00856	0.00749	0.00214	0.01498	0.00535	0.00428	0.00963
15	0.02008	0.01924	0.03284	0.11431	0.59669	0.01961	0.02525	0.02507	0.01869	0.02655	0.01554	0.02072	0.01295	0.00749	0.00823	0.00250	0.00999	0.00740	0.00407	0.01277
16	0.01856	0.27250	0.45212	0.02044	0.03094	0.02394	0.02505	0.02582	0.01731	0.02399	0.01376	0.01610	0.01057	0.00762	0.00701	0.00234	0.01112	0.00556	0.00352	0.01172
17	0.01208	0.00805	0.00906	0.00906	0.00906	0.00805	0.00503	0.01208	0.01208	0.01611	0.02618	0.05436	0.03020	0.70804	0.04228	0.00805	0.00805	0.01208	0.00503	0.00503
18	0.01012	0.00723	0.00964	0.01157	0.01205	0.00675	0.00771	0.01157	0.01591	0.02121	0.04579	0.70262	0.05495	0.02603	0.01060	0.00337	0.00482	0.02362	0.00771	0.00675
19	0.02013	0.01930	0.03294	0.10727	0.60331	0.01963	0.02528	0.02512	0.01871	0.02662	0.01555	0.02070	0.01297	0.00748	0.00823	0.00249	0.00998	0.00740	0.00408	0.01281
20	0.01875	0.01731	0.02852	0.11904	0.44756	0.01786	0.02259	0.02435	0.04510	0.02637	0.02120	0.03385	0.01943	0.01036	0.00881	0.00275	0.00949	0.11008	0.00486	0.01174
21	0.03000	0.02980	0.02351	0.01978	0.02499	0.32285	0.01554	0.31354	0.03019	0.03541	0.01684	0.01852	0.01300	0.01286	0.05299	0.00306	0.01271	0.00660	0.00620	0.01161
22	0.00991	0.00805	0.00879	0.00938	0.01148	0.00693	0.00674	0.01181	0.01801	0.02206	0.07239	0.27095	0.46945	0.02257	0.01006	0.00298	0.00440	0.01940	0.00771	0.00693
23	0.03158	0.02327	0.02493	0.01911	0.02576	0.02576	0.01579	0.62852	0.03906	0.05236	0.01995	0.01995	0.01413	0.00997	0.00831	0.00249	0.00914	0.00748	0.00831	0.01413
24	0.03107	0.03848	0.02364	0.02125	0.02569	0.63035	0.01603	0.07385	0.02460	0.02252	0.01333	0.01532	0.01094	0.00866	0.00755	0.00216	0.01458	0.00550	0.00456	0.00994
25	0.02506	0.02977	0.03001	0.02713	0.09107	0.34536	0.13855	0.02838	0.02006	0.02218	0.01350	0.01767	0.01137	0.00937	0.01212	0.00261	0.15465	0.00684	0.00411	0.01018
26	0.12476	0.03019	0.33103	0.02190	0.05521	0.02097	0.02270	0.06667	0.06023	0.02898	0.01530	0.01830	0.01175	0.00954	0.01143	0.00282	0.14587	0.00650	0.00445	0.01140
27	0.01187	0.00890	0.01335	0.01335	0.01483	0.01038	0.01038	0.01483	0.01335	0.01928	0.02225	0.03264	0.02077	0.06231	0.67512	0.01335	0.02225	0.00890	0.00445	0.00742
28	0.01034	0.00739	0.00989	0.01182	0.01240	0.00694	0.00810	0.01195	0.01612	0.02145	0.04567	0.66147	0.05446	0.02582	0.01066	0.00340	0.00501	0.06259	0.00771	0.00681
29	0.03044	0.08510	0.02489	0.02092	0.02539	0.63132	0.01593	0.03261	0.02309	0.02028	0.01275	0.01487	0.01070	0.00846	0.00734	0.00212	0.01457	0.00529	0.00423	0.00970
30	0.00990	0.00810	0.00874	0.00925	0.01144	0.00694	0.00668	0.01183	0.01813	0.02211	0.07395	0.24554	0.49384	0.02237	0.01003	0.00296	0.00437	0.01915	0.00771	0.00694
31	0.01644	0.01447	0.01989	0.01762	0.01826	0.01930	0.01442	0.01886	0.01369	0.02181	0.01605	0.02333	0.01472	0.02316	0.15208	0.00526	0.43684	0.00768	0.13762	0.00852
32	0.02221	0.71304	0.04353	0.01421	0.02132	0.03287	0.01421	0.02488	0.01688	0.01955	0.01155	0.01333	0.01066	0.00711	0.00533	0.00178	0.00888	0.00444	0.00355	0.01066
33	0.01208	0.00805	0.00906	0.00906	0.00906	0.00805	0.00503	0.01208	0.01208	0.01611	0.02618	0.05436	0.03020	0.70804	0.04228	0.00805	0.00805	0.01208	0.00503	0.00503
34	0.02221	0.71304	0.04353	0.01421	0.02132	0.03287	0.01421	0.02488	0.01688	0.01955	0.01155	0.01333	0.01066	0.00711	0.00533	0.00178	0.00888	0.00444	0.00355	0.01066
35	0.02221	0.71304	0.04353	0.01421	0.02132	0.03287	0.01421	0.02488	0.01688	0.01955	0.01155	0.01333	0.01066	0.00711	0.00533	0.00178	0.00888	0.00444	0.00355	0.01066
36	0.01818	0.01818	0.02545	0.02181	0.02181	0.02545	0.01818	0.01999	0.01272	0.01999	0.01091	0.01818	0.01091	0.01454	0.02726	0.00364	0.69284	0.00727	0.00364	0.00909
37	0.01012	0.00723	0.00964	0.01157	0.01205	0.00675	0.00771	0.01157	0.01591	0.02121	0.04579	0.70262	0.05495	0.02603	0.01060	0.00337	0.00482	0.02362	0.00771	0.00675
38	0.03103	0.03959	0.02354	0.02140	0.02568	0.67469	0.01605	0.03317	0.02354	0.02033	0.01284	0.01498	0.01070	0.00856	0.00749	0.00214	0.01498	0.00535	0.00428	0.00963
39	0.01875	0.01089	0.01123	0.01005	0.01294	0.01139	0.00783	0.14281	0.02181	0.03531	0.02565	0.02874	0.01984	0.00974	0.00631	0.00205	0.00494	0.00769	0.60301	0.00904
40	0.01053	0.00864	0.00940	0.00978	0.01241	0.00752	0.00772	0.01297	0.01897	0.02292	0.07618	0.08268	0.53271	0.02142	0.01015	0.00301	0.00489	0.13325	0.00770	0.00714
41	0.02737	0.03168	0.02658	0.03030	0.22154	0.41073	0.01885	0.06145	0.04878	0.02468	0.01495	0.01764	0.01225	0.00839	0.00780	0.00229	0.01274	0.00627	0.00461	0.01110
42	0.01501	0.01090	0.01429	0.01333	0.01460	0.01332	0.01060	0.01804	0.01484	0.02421	0.02120	0.02812	0.01836	0.02826	0.23134	0.00614	0.19313	0.00800	0.30834	0.00799
43	0.02221	0.71304	0.04353	0.01421	0.02132	0.03287	0.01421	0.02488	0.01688	0.01955	0.01155	0.01333	0.01066	0.00711	0.00533	0.00178	0.00888	0.00444	0.00355	0.01066
44	0.01208	0.00805	0.00906	0.00906	0.00906	0.00805	0.00503	0.01208	0.01208	0.01611	0.02618	0.05436	0.03020	0.70804	0.04228	0.00805	0.00805	0.01208	0.00503	0.00503
45	0.01339	0.00956	0.01339	0.01530	0.01721	0.00956	0.01339	0.01721	0.01912	0.02486	0.04399	0.09371	0.04781	0.02295	0.01147	0.00382	0.00765	0.60031	0.00765	0.00765
46	0.03103	0.03959	0.02354	0.02140	0.02568	0.67469	0.01605	0.03317	0.02354	0.02033	0.01284	0.01498	0.01070	0.00856	0.00749	0.00214	0.01498	0.00535	0.00428	0.00963
47	0.01791	0.01517	0.01759	0.01263	0.01998	0.01177	0.01013	0.04987	0.01827	0.02828	0.01501	0.01736	0.01239	0.00633	0.00626	0.00129	0.00629	0.00504	0.00508	0.72334
48	0.02804	0.21774	0.02896	0.01951	0.02433	0.47113	0.01567	0.03030	0.02122	0.02011	0.01240	0.01470	0.01070	0.00848	0.00791	0.00212	0.04755	0.00521	0.00405	0.00988
49	0.01012	0.00723	0.00964	0.01157	0.01205	0.00675	0.00771	0.01157	0.01591	0.02121	0.04579	0.70262	0.05495	0.02603	0.01060	0.00337	0.00482	0.02362	0.00771	0.00675
50	0.01208	0.00805	0.00906	0.00906	0.00906	0.00805	0.00503	0.01208	0.01208	0.01611	0.02618	0.05436	0.03020	0.70804	0.04228	0.00805	0.00805	0.01208	0.00503	0.00503
51	0.02523	0.02772	0.02928	0.03776	0.37666	0.27740	0.02130	0.05893	0.02175	0.02574	0.01475	0.01834	0.01224	0.00799	0.00794	0.00234	0.01184	0.00660	0.00439	0.01182
52	0.02646	0.22100	0.03113	0.02548	0.15356	0.36386	0.01748	0.02932	0.02076	0.02151	0.01306	0.01567	0.01119	0.00792	0.00705	0.00211	0.01226	0.00552	0.00405	0.01064
53	0.01352	0.01014	0.01201	0.01093	0.01363	0.00966	0.00836	0.08402	0.02415	0.03279	0.44078	0.06170	0.21243	0.01719	0.00963	0.00265	0.00458	0.01479	0.00870	0.00835

[dist]
# distance from previous block
# <min> <max>
0	4

# created by:
# /home/cegg/simao/soft/augustus-3.2.1/scripts/msa2prfl.pl ./align_prep/11976.fa
