[name]
unknown

[dist]
# distance from previous block
# <min> <max>
30	143

[block]
# block no. 0 follows, 22 sequences, length 18
# corresponding to MSA columns:
# 150-167
name=unknown_A
#
# <colnr> <probs for GDERKNQSTAVLIFYWHMCP>
#	G	D	E	R	K	N	Q	S	T	A	V	L	I	F	Y	W	H	M	C	P
0	0.02226	0.01781	0.02116	0.13697	0.06196	0.06306	0.01556	0.21748	0.05482	0.06530	0.02246	0.08606	0.01917	0.02072	0.13240	0.00463	0.01173	0.00920	0.00633	0.01093
1	0.01851	0.01773	0.02682	0.03486	0.35497	0.05074	0.06040	0.02394	0.06376	0.02596	0.02364	0.17486	0.02326	0.01185	0.00873	0.00264	0.00884	0.01113	0.00530	0.05206
2	0.02044	0.02132	0.02809	0.31582	0.28487	0.14092	0.02271	0.02511	0.01880	0.02337	0.01474	0.02020	0.01182	0.00800	0.00812	0.00253	0.01133	0.00701	0.00396	0.01084
3	0.19764	0.02252	0.02381	0.02709	0.21893	0.13004	0.01689	0.17163	0.02367	0.03474	0.04591	0.01984	0.01516	0.00875	0.00748	0.00245	0.00946	0.00677	0.00563	0.01158
4	0.02056	0.01974	0.03372	0.05099	0.65622	0.01974	0.02550	0.02550	0.01892	0.02714	0.01563	0.02056	0.01316	0.00740	0.00822	0.00247	0.00987	0.00740	0.00411	0.01316
5	0.01669	0.01430	0.01658	0.01202	0.01907	0.01078	0.00959	0.02026	0.01735	0.02673	0.01982	0.02180	0.05896	0.00724	0.00642	0.00135	0.00601	0.00584	0.00513	0.70406
6	0.01114	0.00838	0.01104	0.01344	0.05558	0.00790	0.00829	0.01266	0.01583	0.02089	0.04513	0.46589	0.12263	0.14202	0.01582	0.00405	0.00565	0.01975	0.00700	0.00692
7	0.03103	0.03959	0.02354	0.02140	0.02568	0.67469	0.01605	0.03317	0.02354	0.02033	0.01284	0.01498	0.01070	0.00856	0.00749	0.00214	0.01498	0.00535	0.00428	0.00963
8	0.00982	0.00842	0.00842	0.00842	0.01122	0.00701	0.00631	0.01192	0.01894	0.02244	0.08416	0.07995	0.65285	0.02104	0.00982	0.00281	0.00421	0.01753	0.00771	0.00701
9	0.02221	0.71304	0.04353	0.01421	0.02132	0.03287	0.01421	0.02488	0.01688	0.01955	0.01155	0.01333	0.01066	0.00711	0.00533	0.00178	0.00888	0.00444	0.00355	0.01066
10	0.01870	0.01759	0.01779	0.01641	0.01895	0.14250	0.01284	0.02416	0.10319	0.05012	0.02395	0.02910	0.04912	0.03381	0.30052	0.00736	0.11100	0.00845	0.00528	0.00915
11	0.01330	0.00898	0.01075	0.01001	0.01273	0.00790	0.00761	0.01641	0.02166	0.08658	0.36167	0.06631	0.30919	0.01804	0.00967	0.00269	0.00433	0.01544	0.00866	0.00808
12	0.02456	0.03110	0.13542	0.17852	0.06424	0.28406	0.02062	0.11467	0.02291	0.02651	0.01480	0.01807	0.01137	0.00854	0.00790	0.00244	0.01252	0.00636	0.00458	0.01081
13	0.01805	0.01717	0.02918	0.37982	0.34705	0.01908	0.02424	0.02329	0.01773	0.02409	0.01518	0.02138	0.01208	0.00787	0.00827	0.00262	0.01049	0.00739	0.00389	0.01113
14	0.01767	0.01562	0.01447	0.01278	0.01649	0.09356	0.00991	0.15430	0.02483	0.03081	0.15902	0.05532	0.33041	0.01631	0.00919	0.00262	0.00660	0.01333	0.00767	0.00908
15	0.09266	0.02731	0.02440	0.12189	0.13783	0.32896	0.04210	0.02745	0.01985	0.02313	0.01465	0.02013	0.01258	0.06108	0.01025	0.00280	0.01218	0.00661	0.00430	0.00984
16	0.01977	0.02028	0.03062	0.29058	0.30007	0.09222	0.07867	0.02481	0.01861	0.02407	0.01509	0.02072	0.01204	0.00784	0.00832	0.00258	0.01128	0.00739	0.00398	0.01108
17	0.08933	0.02136	0.02678	0.26396	0.27138	0.14092	0.02138	0.02533	0.01853	0.02474	0.01444	0.01943	0.01159	0.00796	0.00783	0.00252	0.01092	0.00675	0.00409	0.01075

[dist]
# distance from previous block
# <min> <max>
16	55

[block]
# block no. 1 follows, 22 sequences, length 56
# corresponding to MSA columns:
# 223-278
name=unknown_B
#
# <colnr> <probs for GDERKNQSTAVLIFYWHMCP>
#	G	D	E	R	K	N	Q	S	T	A	V	L	I	F	Y	W	H	M	C	P
0	0.01863	0.02482	0.21875	0.03151	0.29301	0.04346	0.02214	0.02464	0.01834	0.02750	0.01795	0.02182	0.01414	0.00812	0.00754	0.00238	0.00942	0.00701	0.17733	0.01150
1	0.17224	0.01594	0.05932	0.17322	0.02670	0.04614	0.01416	0.04339	0.01683	0.02603	0.05659	0.02972	0.05335	0.07329	0.15408	0.00535	0.01170	0.00828	0.00498	0.00869
2	0.01978	0.03678	0.39811	0.02347	0.07206	0.17331	0.02433	0.02669	0.01972	0.02573	0.08560	0.02211	0.01832	0.00903	0.00803	0.00250	0.01182	0.00703	0.00436	0.01121
3	0.06792	0.14264	0.22875	0.19441	0.16166	0.02142	0.02350	0.02450	0.01724	0.02478	0.01423	0.01833	0.01111	0.00775	0.00745	0.00248	0.01053	0.00631	0.00379	0.01119
4	0.02403	0.17581	0.03070	0.13146	0.19300	0.26430	0.01920	0.02753	0.01983	0.02207	0.01358	0.01719	0.01139	0.00791	0.00734	0.00224	0.01173	0.00600	0.00399	0.01070
5	0.02005	0.01992	0.03608	0.09020	0.49839	0.01990	0.14105	0.02543	0.01890	0.02665	0.01580	0.02102	0.01291	0.00739	0.00853	0.00255	0.01075	0.00786	0.00410	0.01252
6	0.02042	0.02104	0.02299	0.28261	0.09046	0.16010	0.01838	0.02965	0.18022	0.02510	0.02273	0.02557	0.04608	0.00967	0.00823	0.00262	0.01031	0.00796	0.00528	0.01056
7	0.00996	0.00842	0.00862	0.00857	0.01131	0.00707	0.00643	0.01220	0.01928	0.02325	0.12653	0.07861	0.60997	0.02074	0.00982	0.00279	0.00419	0.01735	0.00782	0.00707
8	0.02066	0.01785	0.01878	0.01691	0.02160	0.02066	0.01315	0.04414	0.64121	0.03475	0.03381	0.03099	0.02536	0.01127	0.00845	0.00282	0.00657	0.00939	0.00845	0.01315
9	0.01900	0.01854	0.02887	0.15678	0.44909	0.04909	0.02248	0.02359	0.01873	0.02525	0.02300	0.02721	0.08412	0.00914	0.00838	0.00254	0.00969	0.00843	0.00445	0.01161
10	0.01099	0.00747	0.00964	0.01075	0.01161	0.00690	0.00731	0.01148	0.01544	0.02000	0.04704	0.42656	0.17103	0.02560	0.01515	0.16606	0.00521	0.01881	0.00683	0.00613
11	0.01549	0.00774	0.00774	0.00774	0.00968	0.00774	0.00581	0.01936	0.01742	0.03097	0.02710	0.03097	0.02129	0.00968	0.00581	0.00194	0.00387	0.00774	0.75416	0.00774
12	0.01896	0.09552	0.38475	0.03005	0.18168	0.05069	0.07176	0.02632	0.01824	0.02565	0.01483	0.01813	0.01132	0.00767	0.00787	0.00251	0.01166	0.00652	0.00374	0.01214
13	0.01610	0.02306	0.20834	0.02814	0.16394	0.01592	0.14029	0.02172	0.01775	0.02500	0.02480	0.22692	0.02498	0.01311	0.00916	0.00285	0.00984	0.01244	0.00505	0.01058
14	0.01012	0.00723	0.00964	0.01157	0.01205	0.00675	0.00771	0.01157	0.01591	0.02121	0.04579	0.70262	0.05495	0.02603	0.01060	0.00337	0.00482	0.02362	0.00771	0.00675
15	0.02479	0.07539	0.02152	0.01703	0.02133	0.23479	0.01352	0.19124	0.02451	0.03007	0.01826	0.02170	0.01493	0.02019	0.14674	0.00453	0.01319	0.00688	0.08912	0.01027
16	0.01920	0.32151	0.35926	0.02057	0.03040	0.02510	0.06824	0.02573	0.01742	0.02350	0.01365	0.01614	0.01074	0.00750	0.00696	0.00229	0.01099	0.00570	0.00358	0.01152
17	0.02709	0.03224	0.02115	0.01931	0.02311	0.50410	0.01461	0.05439	0.02218	0.02198	0.01539	0.01892	0.01304	0.01781	0.12092	0.00405	0.01546	0.00615	0.03875	0.00936
18	0.01589	0.00906	0.01137	0.01137	0.01379	0.00800	0.00828	0.01790	0.01846	0.15974	0.05386	0.38073	0.21698	0.02122	0.00990	0.00304	0.00513	0.01860	0.00827	0.00842
19	0.02009	0.01946	0.03383	0.10487	0.57000	0.01970	0.05931	0.02519	0.01876	0.02660	0.01562	0.02080	0.01295	0.00746	0.00832	0.00251	0.01021	0.00754	0.00408	0.01271
20	0.02557	0.03090	0.05788	0.06532	0.27054	0.35953	0.02072	0.02931	0.02114	0.02328	0.01411	0.01760	0.01166	0.00807	0.00783	0.00232	0.01269	0.00628	0.00415	0.01110
21	0.19653	0.01965	0.06901	0.03702	0.41570	0.01869	0.02103	0.02468	0.01771	0.02932	0.01673	0.02415	0.01458	0.00867	0.00771	0.00260	0.00905	0.05088	0.00458	0.01170
22	0.01803	0.03483	0.44367	0.03325	0.25342	0.01945	0.02887	0.02602	0.01802	0.02660	0.01516	0.01860	0.01145	0.00772	0.00801	0.00257	0.01143	0.00658	0.00372	0.01259
23	0.01187	0.00890	0.01335	0.01335	0.01483	0.01038	0.01038	0.01483	0.01335	0.01928	0.02225	0.03264	0.02077	0.06231	0.67512	0.01335	0.02225	0.00890	0.00445	0.00742
24	0.02467	0.35666	0.06069	0.01707	0.02340	0.26692	0.01513	0.02756	0.01941	0.02098	0.01253	0.01456	0.01085	0.00757	0.00633	0.00189	0.01098	0.00491	0.00397	0.09391
25	0.01531	0.15741	0.02083	0.01613	0.05892	0.01582	0.01233	0.01916	0.04580	0.02464	0.14119	0.17792	0.06495	0.01695	0.01049	0.00291	0.05780	0.12605	0.00657	0.00882
26	0.01194	0.00863	0.01198	0.01198	0.01298	0.00964	0.00867	0.01395	0.01294	0.01827	0.02351	0.03960	0.02379	0.26923	0.47233	0.01165	0.01770	0.00992	0.00464	0.00665
27	0.01666	0.04297	0.66500	0.02368	0.03596	0.01929	0.03069	0.02631	0.01754	0.02631	0.01491	0.01754	0.01052	0.00789	0.00789	0.00263	0.01228	0.00614	0.00351	0.01228
28	0.02500	0.02895	0.02688	0.15459	0.22279	0.35379	0.02022	0.02862	0.02085	0.02256	0.01404	0.01801	0.01152	0.00816	0.00787	0.00236	0.01270	0.00635	0.00412	0.01063
29	0.09290	0.08975	0.02586	0.02558	0.15554	0.39726	0.01690	0.02936	0.02117	0.02373	0.03931	0.01780	0.01382	0.00846	0.00734	0.00224	0.01218	0.00602	0.00446	0.01033
30	0.01012	0.00723	0.00964	0.01157	0.01205	0.00675	0.00771	0.01157	0.01591	0.02121	0.04579	0.70262	0.05495	0.02603	0.01060	0.00337	0.00482	0.02362	0.00771	0.00675
31	0.02258	0.02193	0.01885	0.01652	0.02037	0.20195	0.01282	0.16747	0.07170	0.03148	0.13473	0.07150	0.10726	0.01339	0.00973	0.00259	0.04759	0.01044	0.00695	0.01014
32	0.01612	0.01200	0.01585	0.01459	0.01719	0.01370	0.01155	0.14718	0.01890	0.02642	0.02175	0.02990	0.01934	0.05102	0.53132	0.01101	0.01942	0.00859	0.00528	0.00886
33	0.30413	0.01546	0.01450	0.01230	0.01683	0.01717	0.00996	0.20082	0.02256	0.03966	0.01912	0.02112	0.01453	0.00902	0.00629	0.00234	0.00639	0.00644	0.25126	0.01010
34	0.01469	0.01094	0.01268	0.01254	0.01483	0.01090	0.00916	0.14469	0.02153	0.02818	0.04822	0.42541	0.17096	0.02152	0.00995	0.00307	0.00562	0.01887	0.00784	0.00839
35	0.03014	0.02188	0.02340	0.01810	0.02433	0.02416	0.01490	0.57421	0.03713	0.05045	0.02058	0.02093	0.01477	0.00995	0.00809	0.00244	0.00867	0.00750	0.07481	0.01356
36	0.01094	0.00871	0.00988	0.01002	0.01225	0.00790	0.00734	0.01451	0.05363	0.02544	0.20786	0.20301	0.35741	0.02058	0.00990	0.00288	0.00440	0.01776	0.00809	0.00749
37	0.03727	0.01414	0.01928	0.01478	0.02121	0.01221	0.01221	0.04049	0.02378	0.66198	0.03277	0.02828	0.02056	0.01028	0.00835	0.00257	0.00707	0.00835	0.01028	0.01414
38	0.01848	0.07256	0.56274	0.02389	0.06294	0.01950	0.02843	0.02714	0.01798	0.06821	0.01596	0.01819	0.01132	0.00799	0.00781	0.00258	0.01166	0.00626	0.00399	0.01236
39	0.03103	0.03959	0.02354	0.02140	0.02568	0.67469	0.01605	0.03317	0.02354	0.02033	0.01284	0.01498	0.01070	0.00856	0.00749	0.00214	0.01498	0.00535	0.00428	0.00963
40	0.02927	0.01741	0.02056	0.01549	0.02228	0.01644	0.01270	0.23308	0.02695	0.26361	0.02298	0.02211	0.01589	0.00893	0.00767	0.00214	0.00749	0.00702	0.00799	0.23998
41	0.00982	0.00842	0.00842	0.00842	0.01122	0.00701	0.00631	0.01192	0.01894	0.02244	0.08416	0.07995	0.65285	0.02104	0.00982	0.00281	0.00421	0.01753	0.00771	0.00701
42	0.01666	0.04297	0.66500	0.02368	0.03596	0.01929	0.03069	0.02631	0.01754	0.02631	0.01491	0.01754	0.01052	0.00789	0.00789	0.00263	0.01228	0.00614	0.00351	0.01228
43	0.00996	0.00788	0.00897	0.00985	0.01160	0.00689	0.00695	0.01176	0.01756	0.02188	0.06675	0.36238	0.38166	0.02330	0.01017	0.00306	0.00449	0.02029	0.00771	0.00689
44	0.03158	0.02327	0.02493	0.01911	0.02576	0.02576	0.01579	0.62852	0.03906	0.05236	0.01995	0.01995	0.01413	0.00997	0.00831	0.00249	0.00914	0.00748	0.00831	0.01413
45	0.01961	0.02241	0.04902	0.03501	0.04342	0.02101	0.62605	0.02661	0.01961	0.02661	0.01681	0.02241	0.01261	0.00700	0.00980	0.00280	0.01401	0.00980	0.00420	0.01120
46	0.01030	0.00737	0.00980	0.01144	0.01209	0.00687	0.00773	0.01203	0.01676	0.02256	0.11347	0.63108	0.05756	0.02502	0.01051	0.00329	0.00472	0.02266	0.00787	0.00687
47	0.00982	0.00842	0.00842	0.00842	0.01122	0.00701	0.00631	0.01192	0.01894	0.02244	0.08416	0.07995	0.65285	0.02104	0.00982	0.00281	0.00421	0.01753	0.00771	0.00701
48	0.03103	0.03959	0.02354	0.02140	0.02568	0.67469	0.01605	0.03317	0.02354	0.02033	0.01284	0.01498	0.01070	0.00856	0.00749	0.00214	0.01498	0.00535	0.00428	0.00963
49	0.01701	0.01204	0.01515	0.06288	0.01871	0.01225	0.01069	0.13409	0.02598	0.06511	0.45519	0.04949	0.05844	0.01469	0.00934	0.00260	0.00559	0.01271	0.00863	0.00943
50	0.00982	0.00842	0.00842	0.00842	0.01122	0.00701	0.00631	0.01192	0.01894	0.02244	0.08416	0.07995	0.65285	0.02104	0.00982	0.00281	0.00421	0.01753	0.00771	0.00701
51	0.03051	0.02224	0.02379	0.01836	0.02469	0.02457	0.01513	0.58809	0.03762	0.05094	0.02042	0.02068	0.01460	0.00995	0.00814	0.00246	0.00879	0.00750	0.05782	0.01370
52	0.02056	0.01974	0.03372	0.05099	0.65622	0.01974	0.02550	0.02550	0.01892	0.02714	0.01563	0.02056	0.01316	0.00740	0.00822	0.00247	0.00987	0.00740	0.00411	0.01316
53	0.33643	0.02642	0.01913	0.01658	0.02171	0.26698	0.01307	0.15383	0.02288	0.03405	0.01380	0.01540	0.01071	0.00850	0.00669	0.00239	0.01021	0.00544	0.00548	0.01031
54	0.05573	0.05151	0.02704	0.10514	0.28225	0.20321	0.01952	0.05398	0.02060	0.02554	0.01972	0.02297	0.05975	0.00897	0.00790	0.00241	0.01079	0.00734	0.00460	0.01104
55	0.01084	0.00841	0.01011	0.01026	0.01202	0.00819	0.00744	0.01281	0.01586	0.02033	0.05277	0.10777	0.31186	0.14942	0.21711	0.00693	0.01037	0.01445	0.00627	0.00678

[dist]
# distance from previous block
# <min> <max>
0	16

[block]
# block no. 2 follows, 22 sequences, length 81
# corresponding to MSA columns:
# 295-375
name=unknown_C
#
# <colnr> <probs for GDERKNQSTAVLIFYWHMCP>
#	G	D	E	R	K	N	Q	S	T	A	V	L	I	F	Y	W	H	M	C	P
0	0.02930	0.02871	0.02607	0.02598	0.14469	0.26722	0.01772	0.29218	0.02946	0.03563	0.01647	0.01821	0.01266	0.00896	0.00799	0.00236	0.01146	0.00667	0.00601	0.01226
1	0.02639	0.12125	0.02955	0.03032	0.23523	0.37231	0.01896	0.02953	0.02113	0.02250	0.01360	0.01662	0.01151	0.00798	0.00745	0.00220	0.01248	0.00592	0.00413	0.01094
2	0.22966	0.02739	0.05934	0.05352	0.13551	0.27194	0.01705	0.02767	0.01882	0.02656	0.01306	0.01621	0.01068	0.00844	0.00825	0.00246	0.05312	0.00573	0.00438	0.01018
3	0.01047	0.00844	0.00932	0.00910	0.01162	0.00729	0.00683	0.01319	0.02048	0.02611	0.27556	0.07392	0.45916	0.01967	0.00981	0.00274	0.00411	0.01669	0.00820	0.00729
4	0.01298	0.01127	0.01563	0.12579	0.11147	0.01116	0.01311	0.01637	0.01859	0.02338	0.05549	0.06479	0.34220	0.01741	0.00966	0.00295	0.00678	0.12606	0.00654	0.00837
5	0.02252	0.02101	0.05651	0.02069	0.02526	0.05849	0.09803	0.24851	0.02500	0.03358	0.02208	0.15028	0.02075	0.01334	0.01252	0.00291	0.14060	0.01066	0.00628	0.01100
6	0.01506	0.01175	0.01267	0.01139	0.01487	0.01138	0.00895	0.14842	0.02404	0.03072	0.15085	0.06477	0.40058	0.01810	0.00956	0.00276	0.00541	0.04195	0.00805	0.00873
7	0.01187	0.00890	0.01335	0.01335	0.01483	0.01038	0.01038	0.01483	0.01335	0.01928	0.02225	0.03264	0.02077	0.06231	0.67512	0.01335	0.02225	0.00890	0.00445	0.00742
8	0.01485	0.01194	0.01332	0.01233	0.01556	0.01223	0.00954	0.05779	0.19312	0.03123	0.25131	0.05770	0.22893	0.01646	0.00942	0.00277	0.00519	0.03846	0.00842	0.00941
9	0.02057	0.01912	0.03022	0.04319	0.51626	0.01953	0.02258	0.05417	0.10004	0.02903	0.02135	0.02464	0.04455	0.00865	0.00833	0.00253	0.00915	0.00813	0.00503	0.01291
10	0.01012	0.00723	0.00964	0.01157	0.01205	0.00675	0.00771	0.01157	0.01591	0.02121	0.04579	0.70262	0.05495	0.02603	0.01060	0.00337	0.00482	0.02362	0.00771	0.00675
11	0.01055	0.00844	0.00943	0.00918	0.01167	0.00732	0.00689	0.01333	0.02066	0.02653	0.29756	0.07322	0.43690	0.01951	0.00981	0.00273	0.00410	0.01659	0.00825	0.00732
12	0.09851	0.51943	0.03672	0.01520	0.02160	0.14933	0.01403	0.02635	0.01783	0.02147	0.01179	0.01365	0.01050	0.00743	0.00571	0.00192	0.00976	0.00461	0.00385	0.01030
13	0.02056	0.01974	0.03372	0.05099	0.65622	0.01974	0.02550	0.02550	0.01892	0.02714	0.01563	0.02056	0.01316	0.00740	0.00822	0.00247	0.00987	0.00740	0.00411	0.01316
14	0.02666	0.01523	0.01725	0.01389	0.01888	0.01543	0.01126	0.24556	0.02721	0.21164	0.03286	0.03206	0.09375	0.01131	0.00790	0.00242	0.00671	0.00898	0.18927	0.01174
15	0.01775	0.01124	0.01386	0.01329	0.01587	0.01115	0.00982	0.11370	0.04735	0.11457	0.10028	0.41246	0.04503	0.01987	0.00977	0.00303	0.00578	0.01758	0.00833	0.00928
16	0.02039	0.02337	0.14646	0.08100	0.47876	0.01922	0.02565	0.02613	0.01877	0.05762	0.01628	0.02048	0.01292	0.00768	0.00818	0.00252	0.01024	0.00722	0.00428	0.01282
17	0.00982	0.00842	0.00842	0.00842	0.01122	0.00701	0.00631	0.01192	0.01894	0.02244	0.08416	0.07995	0.65285	0.02104	0.00982	0.00281	0.00421	0.01753	0.00771	0.00701
18	0.01207	0.00811	0.00932	0.00932	0.00942	0.00820	0.00536	0.01225	0.01216	0.01630	0.02593	0.05303	0.02962	0.66830	0.08124	0.00838	0.00893	0.01189	0.00500	0.00518
19	0.02230	0.35664	0.21701	0.01886	0.02741	0.02707	0.04906	0.14097	0.02145	0.02810	0.01437	0.01624	0.01138	0.00787	0.00685	0.00221	0.01015	0.00577	0.00448	0.01181
20	0.03103	0.03959	0.02354	0.02140	0.02568	0.67469	0.01605	0.03317	0.02354	0.02033	0.01284	0.01498	0.01070	0.00856	0.00749	0.00214	0.01498	0.00535	0.00428	0.00963
21	0.01064	0.00858	0.00956	0.00970	0.01224	0.00750	0.00753	0.01331	0.01979	0.02473	0.18126	0.07856	0.46839	0.02056	0.01004	0.00291	0.00462	0.09487	0.00796	0.00725
22	0.01788	0.01515	0.01757	0.01261	0.01996	0.01174	0.01011	0.04838	0.01821	0.02821	0.01500	0.01735	0.01239	0.00632	0.00625	0.00129	0.00629	0.00504	0.00508	0.72517
23	0.01128	0.00863	0.01044	0.01043	0.01270	0.00779	0.00811	0.01450	0.02113	0.02795	0.34622	0.07360	0.28911	0.01941	0.01006	0.00287	0.00460	0.10529	0.00838	0.00750
24	0.01505	0.01333	0.02174	0.50265	0.04619	0.01601	0.02040	0.02012	0.01730	0.02223	0.02282	0.04187	0.02120	0.01234	0.00918	0.00306	0.01013	0.17080	0.00478	0.00879
25	0.03158	0.02327	0.02493	0.01911	0.02576	0.02576	0.01579	0.62852	0.03906	0.05236	0.01995	0.01995	0.01413	0.00997	0.00831	0.00249	0.00914	0.00748	0.00831	0.01413
26	0.01026	0.00843	0.00903	0.00888	0.01149	0.00720	0.00666	0.01277	0.01997	0.02491	0.21301	0.07589	0.52246	0.02012	0.00981	0.00276	0.00414	0.01696	0.00804	0.00720
27	0.03158	0.02327	0.02493	0.01911	0.02576	0.02576	0.01579	0.62852	0.03906	0.05236	0.01995	0.01995	0.01413	0.00997	0.00831	0.00249	0.00914	0.00748	0.00831	0.01413
28	0.01012	0.00723	0.00964	0.01157	0.01205	0.00675	0.00771	0.01157	0.01591	0.02121	0.04579	0.70262	0.05495	0.02603	0.01060	0.00337	0.00482	0.02362	0.00771	0.00675
29	0.00982	0.00842	0.00842	0.00842	0.01122	0.00701	0.00631	0.01192	0.01894	0.02244	0.08416	0.07995	0.65285	0.02104	0.00982	0.00281	0.00421	0.01753	0.00771	0.00701
30	0.01012	0.00723	0.00964	0.01157	0.01205	0.00675	0.00771	0.01157	0.01591	0.02121	0.04579	0.70262	0.05495	0.02603	0.01060	0.00337	0.00482	0.02362	0.00771	0.00675
31	0.03103	0.03959	0.02354	0.02140	0.02568	0.67469	0.01605	0.03317	0.02354	0.02033	0.01284	0.01498	0.01070	0.00856	0.00749	0.00214	0.01498	0.00535	0.00428	0.00963
32	0.03158	0.02327	0.02493	0.01911	0.02576	0.02576	0.01579	0.62852	0.03906	0.05236	0.01995	0.01995	0.01413	0.00997	0.00831	0.00249	0.00914	0.00748	0.00831	0.01413
33	0.01339	0.00956	0.01339	0.01530	0.01721	0.00956	0.01339	0.01721	0.01912	0.02486	0.04399	0.09371	0.04781	0.02295	0.01147	0.00382	0.00765	0.60031	0.00765	0.00765
34	0.01073	0.00803	0.00997	0.01037	0.01201	0.00726	0.00744	0.01336	0.01977	0.02653	0.30687	0.29216	0.20285	0.02111	0.01009	0.00293	0.00430	0.01863	0.00831	0.00726
35	0.02056	0.01974	0.03372	0.05099	0.65622	0.01974	0.02550	0.02550	0.01892	0.02714	0.01563	0.02056	0.01316	0.00740	0.00822	0.00247	0.00987	0.00740	0.00411	0.01316
36	0.01073	0.00784	0.01017	0.01187	0.01260	0.00755	0.00802	0.01344	0.05193	0.02199	0.04510	0.66392	0.05324	0.02518	0.01048	0.00334	0.00492	0.02280	0.00775	0.00712
37	0.22669	0.29121	0.02813	0.01581	0.02141	0.25133	0.01344	0.02763	0.01845	0.02461	0.01200	0.01395	0.01022	0.00777	0.00603	0.00212	0.01033	0.00477	0.00423	0.00985
38	0.01243	0.01074	0.01291	0.01378	0.05073	0.04037	0.00976	0.01518	0.01688	0.02173	0.07693	0.05150	0.27573	0.03791	0.30680	0.00746	0.01308	0.01240	0.00596	0.00771
39	0.01190	0.00879	0.01279	0.01279	0.01408	0.01008	0.00968	0.01447	0.01318	0.01887	0.02277	0.03548	0.02200	0.14694	0.59217	0.01266	0.02039	0.00932	0.00453	0.00710
40	0.02246	0.02531	0.02481	0.02167	0.02310	0.24180	0.01747	0.02438	0.01633	0.02011	0.01155	0.01711	0.01084	0.01255	0.02067	0.00314	0.46695	0.00663	0.00385	0.00927
41	0.02109	0.10028	0.23766	0.06089	0.02907	0.16752	0.02010	0.03116	0.16986	0.02587	0.02133	0.02248	0.03883	0.00931	0.00778	0.00250	0.01078	0.00709	0.00506	0.01134
42	0.02426	0.09642	0.13169	0.05614	0.17112	0.30208	0.02079	0.02843	0.02010	0.02279	0.01368	0.01696	0.01125	0.00832	0.00848	0.00236	0.04420	0.00603	0.00399	0.01091
43	0.01208	0.00805	0.00906	0.00906	0.00906	0.00805	0.00503	0.01208	0.01208	0.01611	0.02618	0.05436	0.03020	0.70804	0.04228	0.00805	0.00805	0.01208	0.00503	0.00503
44	0.00992	0.00802	0.00882	0.00947	0.01150	0.00692	0.00678	0.01180	0.01793	0.02203	0.07137	0.28745	0.45361	0.02270	0.01008	0.00299	0.00441	0.01956	0.00771	0.00692
45	0.01605	0.29814	0.02331	0.01144	0.01442	0.01813	0.00909	0.01729	0.01445	0.01805	0.02217	0.10422	0.02471	0.34932	0.02381	0.00499	0.00806	0.01012	0.00470	0.00753
46	0.01256	0.00838	0.01089	0.01211	0.01319	0.00797	0.00834	0.04377	0.01746	0.05510	0.04384	0.63457	0.05118	0.02443	0.01038	0.00329	0.00515	0.02204	0.00787	0.00749
47	0.01208	0.00805	0.00906	0.00906	0.00906	0.00805	0.00503	0.01208	0.01208	0.01611	0.02618	0.05436	0.03020	0.70804	0.04228	0.00805	0.00805	0.01208	0.00503	0.00503
48	0.01158	0.00813	0.00892	0.00892	0.00954	0.00782	0.00532	0.01205	0.01359	0.01750	0.03894	0.06000	0.16723	0.55685	0.03514	0.00690	0.00721	0.01328	0.00562	0.00547
49	0.02056	0.01974	0.03372	0.05099	0.65622	0.01974	0.02550	0.02550	0.01892	0.02714	0.01563	0.02056	0.01316	0.00740	0.00822	0.00247	0.00987	0.00740	0.00411	0.01316
50	0.03103	0.03959	0.02354	0.02140	0.02568	0.67469	0.01605	0.03317	0.02354	0.02033	0.01284	0.01498	0.01070	0.00856	0.00749	0.00214	0.01498	0.00535	0.00428	0.00963
51	0.01054	0.00844	0.00941	0.00917	0.01166	0.00732	0.00688	0.01331	0.02063	0.02647	0.29452	0.07332	0.43998	0.01954	0.00981	0.00273	0.00410	0.01660	0.00824	0.00732
52	0.02254	0.18860	0.06177	0.05713	0.21706	0.14839	0.04951	0.02918	0.10076	0.02472	0.01650	0.01916	0.01346	0.00810	0.00749	0.00232	0.01055	0.00663	0.00454	0.01158
53	0.02174	0.02412	0.03216	0.13913	0.17578	0.17890	0.15948	0.02613	0.01893	0.02340	0.01441	0.01955	0.01178	0.00876	0.01114	0.00268	0.10979	0.00744	0.00404	0.01064
54	0.01011	0.00848	0.00882	0.00887	0.01158	0.00719	0.00675	0.01241	0.01923	0.02323	0.11717	0.07951	0.58847	0.02088	0.00990	0.00284	0.00436	0.04533	0.00780	0.00709
55	0.01038	0.00799	0.00950	0.01007	0.01181	0.00710	0.00719	0.01266	0.01886	0.02449	0.20109	0.30974	0.29530	0.02197	0.01011	0.00297	0.00437	0.01924	0.00804	0.00710
56	0.02505	0.42730	0.06440	0.01683	0.02324	0.21148	0.01535	0.02891	0.04904	0.04994	0.01410	0.01551	0.01182	0.00790	0.00634	0.00200	0.01057	0.00519	0.00430	0.01072
57	0.01852	0.02883	0.26937	0.07487	0.18742	0.01992	0.22804	0.02590	0.01850	0.02629	0.01571	0.02017	0.01188	0.00750	0.00864	0.00266	0.01221	0.00774	0.00389	0.01194
58	0.03078	0.02249	0.02407	0.01855	0.02496	0.02486	0.01529	0.59811	0.03798	0.05129	0.02030	0.02050	0.01449	0.00996	0.00819	0.00247	0.00888	0.00749	0.04554	0.01381
59	0.03103	0.03959	0.02354	0.02140	0.02568	0.67469	0.01605	0.03317	0.02354	0.02033	0.01284	0.01498	0.01070	0.00856	0.00749	0.00214	0.01498	0.00535	0.00428	0.00963
60	0.02877	0.02302	0.02035	0.01682	0.02223	0.22577	0.01325	0.10989	0.02406	0.21179	0.04842	0.02298	0.01784	0.01255	0.04884	0.00288	0.01053	0.00708	0.00687	0.12607
61	0.01053	0.00844	0.00941	0.00917	0.01166	0.00732	0.00688	0.01331	0.02063	0.02645	0.29359	0.07335	0.44092	0.01954	0.00981	0.00273	0.00410	0.01661	0.00824	0.00732
62	0.02221	0.71304	0.04353	0.01421	0.02132	0.03287	0.01421	0.02488	0.01688	0.01955	0.01155	0.01333	0.01066	0.00711	0.00533	0.00178	0.00888	0.00444	0.00355	0.01066
63	0.01005	0.00751	0.00935	0.01081	0.01185	0.00681	0.00738	0.01165	0.01663	0.02150	0.05500	0.55308	0.19854	0.02483	0.01041	0.00324	0.00467	0.02216	0.00771	0.00681
64	0.02092	0.01440	0.01507	0.01310	0.01697	0.01579	0.01032	0.17795	0.19474	0.03734	0.02717	0.02823	0.02063	0.01019	0.00716	0.00232	0.00593	0.00813	0.36281	0.01082
65	0.00991	0.00837	0.00858	0.00862	0.01130	0.00704	0.00643	0.01207	0.01901	0.02285	0.10661	0.10341	0.60537	0.02106	0.00985	0.00282	0.00422	0.01766	0.00777	0.00704
66	0.01055	0.00741	0.00951	0.01102	0.01139	0.00704	0.00712	0.01168	0.01506	0.02008	0.04147	0.55995	0.04950	0.17613	0.01758	0.00440	0.00553	0.02108	0.00712	0.00637
67	0.01196	0.00855	0.01159	0.01159	0.01246	0.00943	0.00819	0.01370	0.01283	0.01798	0.02386	0.04156	0.02464	0.32764	0.41508	0.01117	0.01642	0.01021	0.00469	0.00644
68	0.01818	0.01818	0.02545	0.02181	0.02181	0.02545	0.01818	0.01999	0.01272	0.01999	0.01091	0.01818	0.01091	0.01454	0.02726	0.00364	0.69284	0.00727	0.00364	0.00909
69	0.01208	0.00805	0.00906	0.00906	0.00906	0.00805	0.00503	0.01208	0.01208	0.01611	0.02618	0.05436	0.03020	0.70804	0.04228	0.00805	0.00805	0.01208	0.00503	0.00503
70	0.01187	0.00890	0.01335	0.01335	0.01483	0.01038	0.01038	0.01483	0.01335	0.01928	0.02225	0.03264	0.02077	0.06231	0.67512	0.01335	0.02225	0.00890	0.00445	0.00742
71	0.01138	0.00848	0.01059	0.01006	0.01218	0.00768	0.00754	0.01495	0.02263	0.03122	0.54234	0.06551	0.18919	0.01777	0.00980	0.00265	0.00397	0.01551	0.00887	0.00768
72	0.03103	0.03959	0.02354	0.02140	0.02568	0.67469	0.01605	0.03317	0.02354	0.02033	0.01284	0.01498	0.01070	0.00856	0.00749	0.00214	0.01498	0.00535	0.00428	0.00963
73	0.22915	0.01468	0.01505	0.01275	0.01744	0.01560	0.01026	0.11962	0.08394	0.15387	0.05601	0.02768	0.04846	0.01032	0.00712	0.00247	0.00627	0.00788	0.15067	0.01077
74	0.01556	0.01113	0.01347	0.01349	0.01544	0.01145	0.01024	0.13139	0.02039	0.02706	0.03604	0.26177	0.03973	0.17179	0.01736	0.00436	0.00714	0.17694	0.00722	0.00803
75	0.31092	0.17193	0.08786	0.06973	0.02461	0.16610	0.01497	0.02638	0.01733	0.02739	0.01244	0.01489	0.01005	0.00784	0.00623	0.00233	0.00979	0.00507	0.00433	0.00984
76	0.01942	0.15196	0.02985	0.30924	0.13985	0.08075	0.02050	0.02352	0.01714	0.02162	0.01361	0.01904	0.01128	0.00877	0.01013	0.00259	0.10017	0.00663	0.00378	0.01016
77	0.01158	0.00840	0.01071	0.01067	0.01189	0.00850	0.00749	0.01363	0.01596	0.02181	0.16977	0.08512	0.11343	0.25253	0.21440	0.00755	0.01067	0.01302	0.00622	0.00666
78	0.19372	0.01408	0.01488	0.01334	0.01636	0.01560	0.01011	0.16496	0.02055	0.03208	0.05585	0.17726	0.02800	0.14730	0.01582	0.00385	0.04917	0.01158	0.00656	0.00893
79	0.15864	0.01814	0.11689	0.04968	0.02330	0.01474	0.07231	0.02227	0.01745	0.08211	0.03201	0.03355	0.15385	0.01379	0.04071	0.00311	0.03959	0.00913	0.04295	0.05575
80	0.01758	0.01294	0.01552	0.01455	0.01730	0.01392	0.01120	0.19278	0.04961	0.03050	0.03189	0.24632	0.03305	0.06935	0.13915	0.00534	0.00997	0.07264	0.00712	0.00928

[dist]
# distance from previous block
# <min> <max>
0	15

[block]
# block no. 3 follows, 22 sequences, length 41
# corresponding to MSA columns:
# 391-431
name=unknown_D
#
# <colnr> <probs for GDERKNQSTAVLIFYWHMCP>
#	G	D	E	R	K	N	Q	S	T	A	V	L	I	F	Y	W	H	M	C	P
0	0.18711	0.21671	0.07973	0.12946	0.02795	0.09386	0.01594	0.02762	0.07290	0.05582	0.01549	0.01766	0.01213	0.00819	0.00666	0.00236	0.00937	0.00582	0.00475	0.01046
1	0.02288	0.02842	0.19205	0.02169	0.07799	0.17783	0.01892	0.02995	0.09274	0.10452	0.05974	0.02659	0.05823	0.01036	0.00906	0.00257	0.04142	0.00799	0.00576	0.01130
2	0.02141	0.02371	0.03688	0.06355	0.18559	0.13244	0.28521	0.02659	0.01954	0.02516	0.01537	0.02017	0.01225	0.00770	0.00948	0.00254	0.04187	0.00794	0.00419	0.05842
3	0.02638	0.05780	0.02226	0.01902	0.02345	0.32556	0.01517	0.15885	0.06123	0.02903	0.02222	0.03383	0.02026	0.01205	0.00849	0.00260	0.01139	0.13389	0.00609	0.01043
4	0.13813	0.26792	0.23608	0.02038	0.02904	0.02421	0.12722	0.02556	0.01714	0.02575	0.01355	0.01630	0.01070	0.00743	0.00690	0.00235	0.01048	0.00594	0.00391	0.01100
5	0.01317	0.12880	0.01798	0.01214	0.01552	0.01263	0.04749	0.01612	0.01928	0.02478	0.20876	0.11819	0.26783	0.01908	0.03923	0.00311	0.00642	0.01437	0.00701	0.00810
6	0.01065	0.00804	0.01036	0.01127	0.01267	0.00774	0.00818	0.01283	0.01674	0.02205	0.08840	0.35089	0.19215	0.03142	0.14401	0.00522	0.00825	0.04494	0.00714	0.00706
7	0.01022	0.00730	0.00972	0.01150	0.01207	0.00681	0.00772	0.01180	0.01634	0.02190	0.08069	0.66574	0.05629	0.02551	0.01056	0.00333	0.00477	0.02312	0.00779	0.00681
8	0.02878	0.03533	0.02573	0.02776	0.16122	0.53391	0.01808	0.03152	0.02255	0.02180	0.01344	0.01618	0.01123	0.00831	0.00765	0.00221	0.01388	0.00579	0.00424	0.01039
9	0.01859	0.01368	0.01581	0.01474	0.01773	0.01446	0.01117	0.23843	0.05376	0.03337	0.03572	0.39475	0.03835	0.01934	0.00971	0.00305	0.00661	0.04300	0.00796	0.00978
10	0.01208	0.00805	0.00906	0.00906	0.00906	0.00805	0.00503	0.01208	0.01208	0.01611	0.02618	0.05436	0.03020	0.70804	0.04228	0.00805	0.00805	0.01208	0.00503	0.00503
11	0.01012	0.00723	0.00964	0.01157	0.01205	0.00675	0.00771	0.01157	0.01591	0.02121	0.04579	0.70262	0.05495	0.02603	0.01060	0.00337	0.00482	0.02362	0.00771	0.00675
12	0.02105	0.08850	0.10652	0.25703	0.12146	0.17763	0.02123	0.02707	0.05815	0.02313	0.01535	0.01940	0.01206	0.00827	0.00779	0.00247	0.01152	0.00660	0.00415	0.01061
13	0.01877	0.01791	0.03048	0.28534	0.43588	0.01927	0.02460	0.02392	0.01807	0.02496	0.01531	0.02114	0.01239	0.00773	0.00825	0.00258	0.01031	0.00739	0.00396	0.01171
14	0.00992	0.00800	0.00884	0.00951	0.01151	0.00692	0.00680	0.01180	0.01788	0.02201	0.07079	0.29695	0.44448	0.02278	0.01009	0.00300	0.00442	0.01965	0.00771	0.00692
15	0.01907	0.02169	0.07691	0.01836	0.02112	0.15841	0.01539	0.05932	0.01788	0.02281	0.02100	0.15737	0.02139	0.02199	0.11588	0.00459	0.20245	0.01031	0.00500	0.00908
16	0.02782	0.18145	0.02820	0.01968	0.02434	0.40658	0.01585	0.08584	0.02242	0.02313	0.01302	0.01543	0.01104	0.00901	0.00918	0.00225	0.08457	0.00556	0.00443	0.01022
17	0.01829	0.12219	0.01870	0.01288	0.01669	0.04452	0.01036	0.04993	0.10428	0.08291	0.28198	0.04481	0.10009	0.04454	0.01008	0.00274	0.00625	0.01140	0.00771	0.00967
18	0.01771	0.01166	0.01366	0.01195	0.01551	0.01123	0.00932	0.09586	0.06317	0.11839	0.28853	0.05535	0.22256	0.01599	0.00934	0.00266	0.00525	0.01354	0.00875	0.00958
19	0.02197	0.01686	0.01896	0.01512	0.02070	0.01656	0.01198	0.28416	0.02647	0.03685	0.02369	0.16574	0.02227	0.01209	0.00805	0.00224	0.00717	0.01006	0.00700	0.27207
20	0.02270	0.02322	0.15833	0.01788	0.02403	0.01932	0.01662	0.33209	0.02790	0.03797	0.02449	0.15908	0.02268	0.06138	0.01105	0.00309	0.00887	0.01076	0.00693	0.01161
21	0.01060	0.00750	0.00983	0.01151	0.01203	0.00711	0.00776	0.01203	0.01564	0.02081	0.04315	0.57729	0.05128	0.11304	0.01472	0.00400	0.00543	0.06232	0.00736	0.00659
22	0.01961	0.02241	0.04902	0.03501	0.04342	0.02101	0.62605	0.02661	0.01961	0.02661	0.01681	0.02241	0.01261	0.00700	0.00980	0.00280	0.01401	0.00980	0.00420	0.01120
23	0.01105	0.00878	0.01013	0.01070	0.01318	0.00786	0.00863	0.01379	0.01923	0.02376	0.10012	0.08341	0.43183	0.02144	0.01034	0.00312	0.00529	0.20231	0.00777	0.00726
24	0.01910	0.01974	0.03406	0.03191	0.16445	0.02293	0.19608	0.02310	0.01605	0.02345	0.01363	0.01992	0.01188	0.01082	0.01811	0.00314	0.34912	0.00803	0.00390	0.01058
25	0.43460	0.01785	0.01706	0.01393	0.01972	0.01966	0.01149	0.20265	0.02295	0.14306	0.01745	0.01777	0.01237	0.00879	0.00658	0.00255	0.00732	0.00599	0.00690	0.01132
26	0.00982	0.00842	0.00842	0.00842	0.01122	0.00701	0.00631	0.01192	0.01894	0.02244	0.08416	0.07995	0.65285	0.02104	0.00982	0.00281	0.00421	0.01753	0.00771	0.00701
27	0.03158	0.02327	0.02493	0.01911	0.02576	0.02576	0.01579	0.62852	0.03906	0.05236	0.01995	0.01995	0.01413	0.00997	0.00831	0.00249	0.00914	0.00748	0.00831	0.01413
28	0.02599	0.01787	0.01896	0.01516	0.02017	0.01950	0.01232	0.41682	0.03154	0.04492	0.02243	0.02378	0.01662	0.00987	0.00744	0.00230	0.00731	0.00757	0.26752	0.01191
29	0.01091	0.00846	0.00992	0.00956	0.01189	0.00748	0.00717	0.01403	0.02150	0.02853	0.40230	0.06992	0.33091	0.01877	0.00981	0.00270	0.00405	0.01613	0.00852	0.00748
30	0.01012	0.00723	0.00964	0.01157	0.01205	0.00675	0.00771	0.01157	0.01591	0.02121	0.04579	0.70262	0.05495	0.02603	0.01060	0.00337	0.00482	0.02362	0.00771	0.00675
31	0.01569	0.01477	0.02492	0.68808	0.05722	0.01846	0.02307	0.02123	0.01661	0.02123	0.01477	0.02215	0.01107	0.00831	0.00831	0.00277	0.01107	0.00738	0.00369	0.00923
32	0.01661	0.00882	0.00894	0.00854	0.01080	0.00900	0.00650	0.06179	0.01893	0.03246	0.02660	0.03020	0.02079	0.00970	0.00598	0.00197	0.00424	0.00772	0.70220	0.00819
33	0.02566	0.03092	0.02007	0.01835	0.02198	0.48875	0.01376	0.02829	0.02353	0.02395	0.19102	0.02811	0.02957	0.01091	0.00813	0.00227	0.01190	0.00805	0.00564	0.00913
34	0.02056	0.01974	0.03372	0.05099	0.65622	0.01974	0.02550	0.02550	0.01892	0.02714	0.01563	0.02056	0.01316	0.00740	0.00822	0.00247	0.00987	0.00740	0.00411	0.01316
35	0.02056	0.01974	0.03372	0.05099	0.65622	0.01974	0.02550	0.02550	0.01892	0.02714	0.01563	0.02056	0.01316	0.00740	0.00822	0.00247	0.00987	0.00740	0.00411	0.01316
36	0.01004	0.00754	0.00932	0.01073	0.01183	0.00682	0.00734	0.01166	0.01671	0.02153	0.05592	0.53812	0.21290	0.02471	0.01040	0.00322	0.00466	0.02201	0.00771	0.00682
37	0.01121	0.00847	0.01034	0.00987	0.01207	0.00760	0.00740	0.01461	0.02221	0.03022	0.49039	0.06714	0.24177	0.01814	0.00980	0.00267	0.00400	0.01574	0.00874	0.00760
38	0.01806	0.01619	0.02663	0.03855	0.43353	0.01619	0.02128	0.02261	0.01899	0.02635	0.02551	0.04605	0.02523	0.01282	0.00936	0.00294	0.00910	0.21403	0.00534	0.01124
39	0.05823	0.02015	0.02290	0.22306	0.06164	0.15793	0.05951	0.02640	0.07465	0.05135	0.02402	0.03387	0.04605	0.01119	0.00860	0.00276	0.01047	0.09197	0.00539	0.00985
40	0.01502	0.01274	0.01949	0.05458	0.22837	0.01263	0.01599	0.01891	0.01910	0.02566	0.09420	0.10422	0.11586	0.01661	0.00984	0.00306	0.00755	0.21031	0.00646	0.00941

[dist]
# distance from previous block
# <min> <max>
11	76

[block]
# block no. 4 follows, 22 sequences, length 54
# corresponding to MSA columns:
# 529-582
name=unknown_E
#
# <colnr> <probs for GDERKNQSTAVLIFYWHMCP>
#	G	D	E	R	K	N	Q	S	T	A	V	L	I	F	Y	W	H	M	C	P
0	0.05347	0.01717	0.07741	0.01767	0.07861	0.06534	0.01330	0.02443	0.09173	0.10601	0.09265	0.17816	0.12006	0.01510	0.00890	0.00277	0.00721	0.01288	0.00712	0.01002
1	0.02641	0.14854	0.05660	0.02590	0.14448	0.38713	0.01825	0.02947	0.02083	0.02173	0.01316	0.01600	0.01116	0.00832	0.00811	0.00222	0.04135	0.00570	0.00407	0.01056
2	0.01983	0.05250	0.05564	0.17425	0.05833	0.19763	0.04610	0.02314	0.01823	0.02122	0.02035	0.05360	0.04541	0.01503	0.04731	0.06337	0.03838	0.03621	0.00445	0.00899
3	0.05394	0.05622	0.02396	0.02204	0.07398	0.35826	0.01604	0.07897	0.08068	0.02535	0.01590	0.01856	0.01311	0.01246	0.04850	0.00306	0.07721	0.00639	0.00494	0.01045
4	0.17753	0.08079	0.01840	0.01433	0.01829	0.07969	0.01171	0.08170	0.06840	0.02866	0.03124	0.03523	0.14089	0.01739	0.07227	0.00369	0.06351	0.04091	0.00594	0.00943
5	0.02211	0.09213	0.12437	0.05417	0.07703	0.16014	0.01890	0.07517	0.01953	0.02513	0.01375	0.01736	0.01140	0.00932	0.01155	0.00248	0.15562	0.00618	0.00432	0.09934
6	0.01489	0.01476	0.05230	0.01990	0.07110	0.01367	0.14120	0.01893	0.04761	0.02216	0.03150	0.10431	0.10406	0.24267	0.02134	0.00460	0.04890	0.01230	0.00539	0.00840
7	0.02078	0.01785	0.01650	0.04447	0.01967	0.15353	0.01155	0.09540	0.05245	0.08541	0.03217	0.19150	0.07711	0.09639	0.04383	0.00383	0.00922	0.01242	0.00670	0.00924
8	0.08917	0.05437	0.10788	0.04998	0.08681	0.19089	0.04409	0.13462	0.08164	0.03086	0.01721	0.01923	0.01323	0.00870	0.00763	0.00243	0.01074	0.00666	0.03247	0.01140
9	0.01852	0.02289	0.22579	0.05649	0.18254	0.01551	0.02038	0.02444	0.01791	0.07721	0.01978	0.02363	0.01525	0.01351	0.07075	0.00346	0.01037	0.00729	0.16316	0.01108
10	0.02284	0.24708	0.14277	0.01987	0.06174	0.05788	0.01798	0.18117	0.02291	0.02991	0.01732	0.07144	0.01523	0.00999	0.00845	0.00240	0.04686	0.00743	0.00519	0.01154
11	0.02879	0.06589	0.02365	0.02036	0.02455	0.56321	0.01552	0.03193	0.05149	0.02104	0.01662	0.01845	0.03778	0.00937	0.00831	0.00224	0.04044	0.00608	0.00456	0.00971
12	0.01263	0.00813	0.01029	0.01120	0.01274	0.00732	0.00784	0.01438	0.01729	0.08213	0.05268	0.50701	0.17823	0.02348	0.01022	0.00318	0.00490	0.02088	0.00796	0.00750
13	0.06239	0.02884	0.28384	0.08553	0.26970	0.04643	0.02532	0.02535	0.01828	0.02689	0.04046	0.02049	0.01421	0.00812	0.00795	0.00256	0.01071	0.00694	0.00411	0.01189
14	0.01107	0.00827	0.01013	0.01135	0.01239	0.00797	0.00770	0.01415	0.06368	0.02191	0.04781	0.51241	0.12494	0.08870	0.01333	0.00370	0.00518	0.02068	0.00752	0.00711
15	0.00982	0.00842	0.00842	0.00842	0.01122	0.00701	0.00631	0.01192	0.01894	0.02244	0.08416	0.07995	0.65285	0.02104	0.00982	0.00281	0.00421	0.01753	0.00771	0.00701
16	0.02299	0.02705	0.13768	0.03093	0.24952	0.15114	0.02111	0.03201	0.15188	0.06442	0.01980	0.02158	0.01523	0.00871	0.00808	0.00251	0.01045	0.00725	0.00532	0.01235
17	0.01889	0.02604	0.19683	0.08975	0.25719	0.01993	0.21789	0.02572	0.01861	0.02629	0.01575	0.02052	0.01215	0.00747	0.00865	0.00264	0.01189	0.00785	0.00396	0.01200
18	0.01014	0.00836	0.00890	0.00891	0.01145	0.00713	0.00663	0.01249	0.01949	0.02408	0.17127	0.11107	0.53000	0.02067	0.00986	0.00281	0.00420	0.01747	0.00794	0.00713
19	0.03103	0.03959	0.02354	0.02140	0.02568	0.67469	0.01605	0.03317	0.02354	0.02033	0.01284	0.01498	0.01070	0.00856	0.00749	0.00214	0.01498	0.00535	0.00428	0.00963
20	0.01990	0.02065	0.07889	0.01778	0.04781	0.12584	0.01404	0.14503	0.05977	0.03047	0.10730	0.23275	0.03444	0.01528	0.00903	0.00275	0.00832	0.01298	0.00693	0.01005
21	0.01849	0.01606	0.02005	0.10474	0.15063	0.04878	0.01499	0.14892	0.02272	0.02935	0.03848	0.14075	0.18297	0.01448	0.00899	0.00272	0.00790	0.01240	0.00644	0.01014
22	0.01012	0.00723	0.00964	0.01157	0.01205	0.00675	0.00771	0.01157	0.01591	0.02121	0.04579	0.70262	0.05495	0.02603	0.01060	0.00337	0.00482	0.02362	0.00771	0.00675
23	0.01906	0.01874	0.02930	0.32576	0.35932	0.05754	0.02389	0.02409	0.01819	0.02417	0.01509	0.02092	0.01211	0.00786	0.00822	0.00258	0.01069	0.00727	0.00394	0.01125
24	0.02646	0.15754	0.16278	0.02063	0.02710	0.42426	0.01883	0.03028	0.02111	0.02146	0.01305	0.01523	0.01066	0.00817	0.00720	0.00218	0.01335	0.00536	0.00399	0.01037
25	0.02669	0.03109	0.02363	0.02095	0.02428	0.41010	0.01630	0.05933	0.08304	0.02321	0.01477	0.01764	0.01238	0.01045	0.01275	0.00261	0.18965	0.00635	0.00472	0.01006
26	0.01191	0.00814	0.00935	0.00924	0.00970	0.00796	0.00554	0.01264	0.01425	0.01916	0.12765	0.05697	0.07170	0.56201	0.03541	0.00691	0.00719	0.01284	0.00583	0.00558
27	0.01187	0.00890	0.01335	0.01335	0.01483	0.01038	0.01038	0.01483	0.01335	0.01928	0.02225	0.03264	0.02077	0.06231	0.67512	0.01335	0.02225	0.00890	0.00445	0.00742
28	0.01216	0.01700	0.17955	0.01337	0.01742	0.01035	0.01276	0.01560	0.01631	0.02177	0.04357	0.22565	0.19343	0.16436	0.01640	0.00402	0.00728	0.01505	0.00605	0.00789
29	0.02056	0.01974	0.03372	0.05099	0.65622	0.01974	0.02550	0.02550	0.01892	0.02714	0.01563	0.02056	0.01316	0.00740	0.00822	0.00247	0.00987	0.00740	0.00411	0.01316
30	0.01149	0.00885	0.01081	0.01184	0.01405	0.00817	0.00969	0.01433	0.01878	0.02346	0.06258	0.13587	0.32629	0.02232	0.01064	0.00332	0.00584	0.28671	0.00768	0.00729
31	0.10082	0.02252	0.02106	0.01738	0.02299	0.15101	0.01404	0.24045	0.05730	0.19500	0.02301	0.02527	0.01708	0.01037	0.00805	0.00254	0.00933	0.04180	0.00766	0.01231
32	0.01749	0.01638	0.05569	0.02031	0.02502	0.01596	0.17859	0.11525	0.01951	0.02744	0.02033	0.02706	0.01705	0.03364	0.32187	0.00765	0.01648	0.00873	0.04580	0.00975
33	0.40727	0.01512	0.01569	0.01282	0.01860	0.01547	0.01058	0.03234	0.01889	0.34511	0.02202	0.02078	0.01470	0.00898	0.00672	0.00257	0.00674	0.00640	0.00767	0.01153
34	0.03122	0.03399	0.02402	0.02062	0.02571	0.45180	0.01596	0.23766	0.02887	0.03133	0.01528	0.01669	0.01188	0.00905	0.00777	0.00226	0.01298	0.00608	0.00566	0.01118
35	0.01327	0.01142	0.01172	0.01112	0.01453	0.01136	0.00849	0.02218	0.21713	0.02636	0.06812	0.06436	0.45300	0.01793	0.00938	0.00281	0.00496	0.01494	0.00795	0.00897
36	0.01961	0.02241	0.04902	0.03501	0.04342	0.02101	0.62605	0.02661	0.01961	0.02661	0.01681	0.02241	0.01261	0.00700	0.00980	0.00280	0.01401	0.00980	0.00420	0.01120
37	0.01961	0.02241	0.04902	0.03501	0.04342	0.02101	0.62605	0.02661	0.01961	0.02661	0.01681	0.02241	0.01261	0.00700	0.00980	0.00280	0.01401	0.00980	0.00420	0.01120
38	0.01012	0.00723	0.00964	0.01157	0.01205	0.00675	0.00771	0.01157	0.01591	0.02121	0.04579	0.70262	0.05495	0.02603	0.01060	0.00337	0.00482	0.02362	0.00771	0.00675
39	0.01549	0.00774	0.00774	0.00774	0.00968	0.00774	0.00581	0.01936	0.01742	0.03097	0.02710	0.03097	0.02129	0.00968	0.00581	0.00194	0.00387	0.00774	0.75416	0.00774
40	0.03103	0.03959	0.02354	0.02140	0.02568	0.67469	0.01605	0.03317	0.02354	0.02033	0.01284	0.01498	0.01070	0.00856	0.00749	0.00214	0.01498	0.00535	0.00428	0.00963
