[name]
unknown

[dist]
# distance from previous block
# <min> <max>
11	23

[block]
# block no. 0 follows, 21 sequences, length 11
# corresponding to MSA columns:
# 28-38
name=unknown_A
#
# <colnr> <probs for GDERKNQSTAVLIFYWHMCP>
#	G	D	E	R	K	N	Q	S	T	A	V	L	I	F	Y	W	H	M	C	P
0	0.01415	0.01051	0.01191	0.01171	0.01378	0.01033	0.00831	0.10870	0.02019	0.02618	0.04977	0.30050	0.20662	0.14789	0.01630	0.00404	0.00608	0.01765	0.00749	0.00786
1	0.01742	0.01222	0.01415	0.01248	0.01565	0.01214	0.00952	0.15098	0.02517	0.06446	0.27243	0.10118	0.15874	0.07964	0.01274	0.00325	0.00588	0.01416	0.00847	0.00929
2	0.08560	0.01531	0.01711	0.04673	0.10140	0.06476	0.01267	0.10092	0.02095	0.02857	0.03832	0.26988	0.13015	0.01716	0.00922	0.00291	0.00737	0.01475	0.00681	0.00942
3	0.24881	0.01085	0.01056	0.01015	0.01306	0.01199	0.00795	0.02049	0.01593	0.03127	0.02174	0.02647	0.01775	0.02047	0.14297	0.00461	0.00869	0.00714	0.36083	0.00827
4	0.01110	0.00883	0.01007	0.01025	0.01278	0.00780	0.00801	0.01396	0.02048	0.02589	0.20410	0.08012	0.42027	0.02094	0.01033	0.00300	0.00482	0.11153	0.00822	0.00748
5	0.02365	0.07678	0.11841	0.12767	0.06418	0.22139	0.09294	0.07115	0.02120	0.02527	0.01467	0.01859	0.01163	0.00890	0.00979	0.00259	0.06911	0.00683	0.00436	0.01091
6	0.37206	0.01585	0.01505	0.01314	0.01809	0.01760	0.01056	0.05660	0.15948	0.11163	0.05353	0.02408	0.01939	0.00981	0.00688	0.00264	0.00647	0.00719	0.06907	0.01089
7	0.01585	0.01308	0.01663	0.07086	0.02059	0.01366	0.03931	0.11266	0.02194	0.02845	0.10250	0.05677	0.27667	0.07048	0.01371	0.00335	0.05701	0.05052	0.00708	0.00886
8	0.01645	0.07722	0.02154	0.16703	0.11265	0.01576	0.01498	0.06040	0.02005	0.02639	0.08358	0.09395	0.16687	0.01341	0.00870	0.00259	0.00767	0.01147	0.00599	0.07328
9	0.02283	0.01984	0.02274	0.02355	0.16164	0.10477	0.01523	0.06679	0.02077	0.08543	0.01771	0.02056	0.01416	0.01210	0.05914	0.00286	0.00999	0.00649	0.00547	0.30790
10	0.12526	0.02202	0.02414	0.15257	0.15400	0.12239	0.01818	0.10605	0.13479	0.03172	0.01882	0.02137	0.01452	0.00906	0.00794	0.00262	0.00997	0.00722	0.00567	0.01167

[dist]
# distance from previous block
# <min> <max>
0	2

[block]
# block no. 1 follows, 21 sequences, length 64
# corresponding to MSA columns:
# 41-104
name=unknown_B
#
# <colnr> <probs for GDERKNQSTAVLIFYWHMCP>
#	G	D	E	R	K	N	Q	S	T	A	V	L	I	F	Y	W	H	M	C	P
0	0.04772	0.02422	0.14224	0.06178	0.24448	0.07623	0.02084	0.02649	0.06573	0.02785	0.05480	0.02513	0.04354	0.00913	0.00811	0.00245	0.00969	0.00777	0.00501	0.09679
1	0.06722	0.02317	0.02608	0.02936	0.23145	0.11580	0.01826	0.24329	0.02760	0.03692	0.05262	0.02463	0.04620	0.00990	0.00833	0.00252	0.00982	0.00803	0.00631	0.01250
2	0.10634	0.02102	0.02546	0.19421	0.21827	0.11204	0.01956	0.05353	0.05401	0.02807	0.01606	0.02008	0.01276	0.00825	0.00780	0.00248	0.01020	0.00682	0.00477	0.07827
3	0.01974	0.01953	0.08103	0.09789	0.24550	0.01817	0.04252	0.05339	0.12704	0.05285	0.12695	0.03039	0.02688	0.01028	0.00879	0.00268	0.00885	0.00928	0.00618	0.01206
4	0.02302	0.05062	0.03331	0.04528	0.51574	0.07340	0.02396	0.08029	0.02154	0.02925	0.01600	0.02024	0.01326	0.00790	0.00825	0.00247	0.01042	0.00729	0.00459	0.01317
5	0.34233	0.01835	0.02272	0.18407	0.03227	0.02079	0.08388	0.14388	0.02089	0.03590	0.01501	0.01843	0.01123	0.00843	0.00728	0.00270	0.00923	0.00659	0.00543	0.01059
6	0.01539	0.01399	0.01309	0.01289	0.01490	0.10554	0.00915	0.01978	0.08511	0.02514	0.17906	0.20675	0.10049	0.14166	0.01576	0.00384	0.00698	0.01514	0.00731	0.00802
7	0.01078	0.00857	0.00917	0.00906	0.01128	0.00751	0.00647	0.01284	0.01885	0.02354	0.16147	0.07433	0.44644	0.14369	0.01607	0.00381	0.00498	0.01655	0.00763	0.00695
8	0.05427	0.02325	0.09440	0.10286	0.43534	0.06280	0.02450	0.02706	0.04452	0.02748	0.01625	0.02064	0.01317	0.00798	0.00822	0.00257	0.01052	0.00726	0.00435	0.01258
9	0.18159	0.01725	0.01947	0.02056	0.12066	0.01886	0.01385	0.11366	0.20489	0.03619	0.08432	0.03193	0.07943	0.01136	0.00811	0.00271	0.00716	0.00920	0.00718	0.01163
10	0.01902	0.01040	0.01282	0.01187	0.01509	0.00935	0.00891	0.02225	0.04565	0.20715	0.08666	0.22106	0.22123	0.05406	0.01149	0.00322	0.00561	0.01606	0.00864	0.00945
11	0.02094	0.02057	0.03657	0.05012	0.56984	0.02039	0.10249	0.02627	0.01947	0.02773	0.01616	0.02131	0.01341	0.00753	0.00863	0.00257	0.01066	0.00790	0.00422	0.01322
12	0.02220	0.02280	0.03476	0.04728	0.52214	0.09442	0.07835	0.02712	0.01998	0.02695	0.01579	0.02058	0.01314	0.00768	0.00848	0.00252	0.01109	0.00756	0.00424	0.01289
13	0.02106	0.02022	0.03454	0.05223	0.64784	0.02022	0.02612	0.02612	0.01938	0.02780	0.01601	0.02106	0.01348	0.00758	0.00842	0.00253	0.01011	0.00758	0.00421	0.01348
14	0.01168	0.00874	0.01147	0.01135	0.01308	0.00880	0.00844	0.01452	0.01801	0.02469	0.23237	0.08562	0.15358	0.09730	0.25371	0.00728	0.01137	0.01370	0.00689	0.00741
15	0.06160	0.09855	0.02641	0.02669	0.21302	0.07885	0.01680	0.14002	0.02415	0.05738	0.11474	0.02663	0.02402	0.00994	0.00801	0.00243	0.00879	0.00818	0.04205	0.01175
16	0.23237	0.01778	0.02271	0.37204	0.11184	0.06196	0.01929	0.02400	0.01703	0.02711	0.01415	0.01946	0.01095	0.00824	0.00751	0.00270	0.01010	0.00658	0.00430	0.00987
17	0.01227	0.00866	0.01135	0.01135	0.01206	0.00937	0.00773	0.01370	0.01299	0.01803	0.02492	0.04522	0.02639	0.40128	0.33674	0.01080	0.01509	0.01084	0.00488	0.00630
18	0.02514	0.01828	0.02320	0.02501	0.16561	0.01953	0.01633	0.07226	0.33849	0.15717	0.02936	0.02812	0.02150	0.01036	0.00858	0.00274	0.00776	0.00883	0.00800	0.01373
19	0.01858	0.02782	0.25997	0.16944	0.27964	0.01982	0.02708	0.02625	0.04160	0.02654	0.01626	0.02067	0.01253	0.00811	0.00833	0.00267	0.01114	0.00718	0.00407	0.01232
20	0.02131	0.02170	0.02388	0.38783	0.04316	0.17730	0.01971	0.09240	0.02133	0.02517	0.01790	0.07674	0.01536	0.01028	0.00850	0.00270	0.01156	0.00845	0.00481	0.00992
21	0.01216	0.00912	0.01368	0.01368	0.01520	0.01064	0.01064	0.01520	0.01368	0.01976	0.02279	0.03343	0.02127	0.06382	0.66720	0.01368	0.02279	0.00912	0.00456	0.00760
22	0.01921	0.01968	0.06163	0.25927	0.42286	0.01976	0.02555	0.02471	0.01853	0.02575	0.01568	0.02145	0.01264	0.00791	0.00844	0.00264	0.01064	0.00751	0.00404	0.01210
23	0.02063	0.02036	0.03646	0.08489	0.52171	0.02035	0.11717	0.02605	0.01935	0.02738	0.01614	0.02145	0.01327	0.00757	0.00868	0.00260	0.01083	0.00796	0.00420	0.01295
24	0.03235	0.02384	0.02554	0.01958	0.02639	0.02639	0.01618	0.61946	0.04001	0.05363	0.02043	0.02043	0.01447	0.01022	0.00851	0.00255	0.00936	0.00766	0.00851	0.01447
25	0.01172	0.00839	0.01136	0.01191	0.01271	0.00891	0.00831	0.01346	0.01404	0.01938	0.03069	0.22511	0.03383	0.23499	0.30562	0.00927	0.01365	0.01427	0.00566	0.00671
26	0.01837	0.07985	0.02441	0.10222	0.14360	0.09261	0.01713	0.02143	0.01753	0.02261	0.02349	0.18868	0.02474	0.01472	0.01248	0.00299	0.13457	0.04375	0.00514	0.00966
27	0.01037	0.00741	0.00987	0.01185	0.01234	0.00691	0.00790	0.01185	0.01629	0.02172	0.04690	0.69537	0.05629	0.02666	0.01086	0.00346	0.00494	0.02419	0.00790	0.00691
28	0.02106	0.02022	0.03454	0.05223	0.64784	0.02022	0.02612	0.02612	0.01938	0.02780	0.01601	0.02106	0.01348	0.00758	0.00842	0.00253	0.01011	0.00758	0.00421	0.01348
29	0.01949	0.22546	0.45264	0.02132	0.03211	0.02397	0.02593	0.05972	0.01902	0.02653	0.01461	0.01691	0.01103	0.00798	0.00739	0.00245	0.01144	0.00589	0.00388	0.01223
30	0.01907	0.25855	0.29277	0.09804	0.07420	0.02401	0.04657	0.02545	0.01802	0.02435	0.03575	0.01903	0.01354	0.00811	0.00742	0.00241	0.01089	0.00640	0.00390	0.01153
31	0.16092	0.40096	0.11885	0.01734	0.02473	0.02773	0.06664	0.02552	0.01690	0.02499	0.01271	0.01525	0.01076	0.00783	0.00714	0.00226	0.03930	0.00538	0.00400	0.01079
32	0.01196	0.00870	0.01126	0.01062	0.01266	0.00799	0.00796	0.01589	0.02389	0.03365	0.61943	0.06436	0.10451	0.01758	0.01004	0.00269	0.00403	0.01550	0.00931	0.00799
33	0.01115	0.01206	0.08372	0.01220	0.01491	0.00854	0.01016	0.01397	0.01796	0.02353	0.09483	0.38713	0.23368	0.02235	0.01024	0.00314	0.00556	0.01964	0.00750	0.00772
34	0.76103	0.01646	0.01251	0.01119	0.01646	0.01909	0.00922	0.02502	0.01448	0.03818	0.01185	0.01382	0.00922	0.00790	0.00527	0.00263	0.00658	0.00461	0.00527	0.00922
35	0.02559	0.10382	0.02654	0.18149	0.08827	0.08456	0.01764	0.09938	0.11202	0.14486	0.02149	0.02295	0.01575	0.00932	0.00808	0.00256	0.00969	0.00749	0.00637	0.01213
36	0.01216	0.00912	0.01368	0.01368	0.01520	0.01064	0.01064	0.01520	0.01368	0.01976	0.02279	0.03343	0.02127	0.06382	0.66720	0.01368	0.02279	0.00912	0.00456	0.00760
37	0.02113	0.02857	0.24106	0.10685	0.18784	0.02122	0.09793	0.13605	0.02255	0.03155	0.01663	0.02033	0.01245	0.00829	0.00854	0.00267	0.01145	0.00746	0.00477	0.01266
38	0.01137	0.00859	0.01062	0.01123	0.01317	0.00785	0.00857	0.01423	0.02009	0.02634	0.22866	0.21359	0.24458	0.02185	0.01054	0.00314	0.00502	0.12476	0.00831	0.00749
39	0.02084	0.19128	0.11121	0.03677	0.31276	0.02370	0.13345	0.02627	0.01884	0.02570	0.01513	0.01925	0.01244	0.00749	0.00796	0.00244	0.01093	0.00715	0.00402	0.01238
40	0.03818	0.01448	0.01975	0.01514	0.02172	0.01251	0.01251	0.04147	0.02436	0.65373	0.03357	0.02897	0.02107	0.01053	0.00856	0.00263	0.00724	0.00856	0.01053	0.01448
41	0.01290	0.01021	0.01510	0.01467	0.01602	0.01241	0.01155	0.01580	0.01360	0.01984	0.02146	0.03173	0.02012	0.05822	0.59395	0.01254	0.09871	0.00893	0.00446	0.00779
42	0.01222	0.00867	0.01136	0.01119	0.01223	0.00905	0.00781	0.01428	0.01571	0.02197	0.17625	0.04969	0.03958	0.30685	0.25728	0.00882	0.01239	0.01195	0.00597	0.00673
43	0.01916	0.01958	0.01758	0.01607	0.01732	0.19117	0.01172	0.02032	0.01577	0.01877	0.01913	0.03484	0.02032	0.32143	0.05342	0.00571	0.17641	0.00918	0.00457	0.00754
44	0.01296	0.00821	0.00888	0.00888	0.00969	0.00805	0.00550	0.01418	0.01452	0.02097	0.03385	0.05283	0.09900	0.45398	0.03036	0.00610	0.00675	0.01193	0.18729	0.00607
45	0.02379	0.62979	0.04225	0.01540	0.02235	0.10622	0.01478	0.02646	0.01807	0.02011	0.01198	0.01385	0.01093	0.00745	0.00571	0.00186	0.00982	0.00466	0.00373	0.01080
46	0.05596	0.34138	0.09488	0.02484	0.14174	0.02636	0.08685	0.05349	0.01901	0.02573	0.01411	0.01701	0.01179	0.00751	0.00695	0.00219	0.00995	0.00607	0.00419	0.04997
47	0.02716	0.18933	0.10280	0.02321	0.10214	0.17274	0.01862	0.17282	0.02510	0.06560	0.01635	0.01794	0.01266	0.00865	0.00755	0.00232	0.01102	0.00631	0.00544	0.01224
48	0.01172	0.00822	0.00923	0.00945	0.01004	0.00790	0.00571	0.01229	0.01413	0.01830	0.04013	0.13385	0.14759	0.49769	0.03343	0.00670	0.00714	0.01477	0.00598	0.00573
49	0.01707	0.04402	0.65683	0.02426	0.03683	0.01976	0.03144	0.02695	0.01797	0.02695	0.01527	0.01797	0.01078	0.00809	0.00809	0.00270	0.01258	0.00629	0.00359	0.01258
50	0.02016	0.01946	0.03216	0.10341	0.47866	0.02119	0.02450	0.02468	0.01799	0.02590	0.01503	0.02076	0.01286	0.00902	0.01205	0.00278	0.13542	0.00756	0.00408	0.01234
51	0.01615	0.06644	0.17791	0.18271	0.10402	0.01686	0.02110	0.02179	0.01835	0.02498	0.05864	0.09737	0.02632	0.01314	0.00909	0.00295	0.00972	0.11709	0.00521	0.01017
52	0.01238	0.00825	0.00928	0.00928	0.00928	0.00825	0.00516	0.01238	0.01238	0.01650	0.02681	0.05569	0.03094	0.70092	0.04331	0.00825	0.00825	0.01238	0.00516	0.00516
53	0.02106	0.02022	0.03454	0.05223	0.64784	0.02022	0.02612	0.02612	0.01938	0.02780	0.01601	0.02106	0.01348	0.00758	0.00842	0.00253	0.01011	0.00758	0.00421	0.01348
54	0.01478	0.00739	0.01109	0.01109	0.01109	0.00739	0.00739	0.01109	0.01109	0.01478	0.01478	0.02587	0.01478	0.02956	0.03326	0.75240	0.00739	0.00739	0.00370	0.00370
55	0.02597	0.03033	0.02720	0.15225	0.20075	0.37141	0.02040	0.02958	0.02152	0.02289	0.01429	0.01826	0.01172	0.00840	0.00803	0.00240	0.01319	0.00644	0.00423	0.01077
56	0.01032	0.00758	0.00969	0.01138	0.01222	0.00695	0.00769	0.01190	0.01675	0.02191	0.05266	0.60559	0.14235	0.02591	0.01074	0.00337	0.00485	0.02328	0.00790	0.00695
57	0.01214	0.00870	0.01185	0.01197	0.01287	0.00955	0.00848	0.01398	0.01335	0.01867	0.02562	0.07865	0.02677	0.29502	0.40201	0.01112	0.01647	0.01115	0.00496	0.00667
58	0.01361	0.01109	0.01746	0.11505	0.08378	0.01279	0.01406	0.01723	0.01473	0.02084	0.02100	0.03064	0.01905	0.05020	0.50600	0.01099	0.01987	0.00874	0.00441	0.00845
59	0.02781	0.03159	0.02579	0.02814	0.17628	0.39274	0.01810	0.09772	0.02447	0.02642	0.01951	0.02172	0.05387	0.00949	0.00811	0.00236	0.01266	0.00707	0.00505	0.01109
60	0.01722	0.01222	0.01405	0.01260	0.01454	0.01312	0.00884	0.16144	0.01937	0.02618	0.02453	0.04304	0.02516	0.41676	0.14755	0.00784	0.01115	0.01063	0.00587	0.00788
61	0.01723	0.01164	0.01369	0.01238	0.01397	0.01363	0.00963	0.05880	0.01751	0.02868	0.02311	0.03052	0.01977	0.09033	0.01578	0.00316	0.17155	0.00830	0.43193	0.00838
62	0.02332	0.02498	0.03085	0.11193	0.42226	0.18878	0.02333	0.02770	0.02036	0.02533	0.01517	0.01975	0.01259	0.00799	0.00824	0.00247	0.01161	0.00703	0.00421	0.01210
63	0.09419	0.01985	0.02592	0.07156	0.21318	0.02104	0.01835	0.23660	0.05068	0.13430	0.02056	0.02193	0.01496	0.00920	0.00821	0.00260	0.00904	0.00757	0.00693	0.01333

[dist]
# distance from previous block
# <min> <max>
6	7

[block]
# block no. 2 follows, 21 sequences, length 124
# corresponding to MSA columns:
# 112-235
name=unknown_C
#
# <colnr> <probs for GDERKNQSTAVLIFYWHMCP>
#	G	D	E	R	K	N	Q	S	T	A	V	L	I	F	Y	W	H	M	C	P
0	0.01387	0.01105	0.01561	0.07626	0.02028	0.01299	0.01227	0.02031	0.10685	0.02232	0.02386	0.03218	0.02106	0.05083	0.50709	0.01105	0.01932	0.00905	0.00510	0.00865
1	0.01292	0.00842	0.00990	0.01024	0.01168	0.00811	0.00741	0.01546	0.01774	0.02551	0.13817	0.11876	0.10785	0.19136	0.01781	0.00419	0.00573	0.09428	0.18740	0.00705
2	0.02018	0.01982	0.03526	0.14436	0.47987	0.02019	0.10363	0.02561	0.01912	0.02682	0.01603	0.02156	0.01308	0.00767	0.00865	0.00262	0.01085	0.00790	0.00416	0.01261
3	0.01100	0.00786	0.01060	0.01257	0.01334	0.00746	0.00900	0.01294	0.01692	0.02243	0.04656	0.58217	0.05490	0.02607	0.01103	0.00354	0.00548	0.13116	0.00789	0.00709
4	0.01752	0.01660	0.02814	0.49820	0.22956	0.01929	0.02435	0.02301	0.01770	0.02350	0.01538	0.02222	0.01196	0.00824	0.00848	0.00275	0.01099	0.00757	0.00391	0.01062
5	0.01881	0.01792	0.03046	0.33630	0.38141	0.01963	0.02499	0.02414	0.01831	0.02506	0.01561	0.02180	0.01251	0.00800	0.00846	0.00267	0.01067	0.00757	0.00402	0.01166
6	0.01904	0.02661	0.20857	0.13253	0.27468	0.02016	0.14320	0.02594	0.01878	0.02658	0.01591	0.02081	0.01231	0.00778	0.00866	0.00269	0.01180	0.00770	0.00400	0.01225
7	0.01234	0.00839	0.00999	0.00999	0.01024	0.00864	0.00604	0.01283	0.01259	0.01703	0.02616	0.05209	0.02938	0.59782	0.14428	0.00913	0.01060	0.01185	0.00506	0.00555
8	0.02252	0.03153	0.18953	0.03526	0.24721	0.17749	0.12042	0.02842	0.02029	0.02581	0.01533	0.01921	0.01210	0.00793	0.00842	0.00254	0.01268	0.00715	0.00411	0.01205
9	0.02007	0.02079	0.06391	0.14255	0.48989	0.02009	0.06698	0.02559	0.01901	0.02683	0.01593	0.02129	0.01300	0.00771	0.00853	0.00260	0.01070	0.00769	0.00413	0.01270
10	0.01799	0.01131	0.01615	0.01873	0.11718	0.01068	0.01228	0.01969	0.01811	0.11689	0.04065	0.05307	0.16880	0.02004	0.01570	0.18968	0.00719	0.13065	0.00664	0.00856
11	0.01216	0.00912	0.01368	0.01368	0.01520	0.01064	0.01064	0.01520	0.01368	0.01976	0.02279	0.03343	0.02127	0.06382	0.66720	0.01368	0.02279	0.00912	0.00456	0.00760
12	0.05980	0.36132	0.29636	0.01878	0.02801	0.05866	0.02139	0.02649	0.01776	0.02390	0.01333	0.01554	0.01077	0.00772	0.00665	0.00225	0.01072	0.00532	0.00374	0.01147
13	0.13351	0.40756	0.09249	0.01595	0.02333	0.02879	0.01565	0.14336	0.02144	0.03002	0.01386	0.01542	0.01136	0.00803	0.00628	0.00217	0.00910	0.00534	0.00484	0.01153
14	0.02250	0.19431	0.19370	0.03013	0.22583	0.07168	0.02286	0.09261	0.02115	0.02805	0.01509	0.01799	0.01210	0.00802	0.00757	0.00238	0.01080	0.00637	0.00441	0.01247
15	0.02736	0.02195	0.02269	0.01866	0.02449	0.04652	0.01498	0.34374	0.30274	0.04447	0.02649	0.02528	0.01946	0.01076	0.00855	0.00269	0.00841	0.00846	0.00843	0.01387
16	0.01238	0.00825	0.00928	0.00928	0.00928	0.00825	0.00516	0.01238	0.01238	0.01650	0.02681	0.05569	0.03094	0.70092	0.04331	0.00825	0.00825	0.01238	0.00516	0.00516
17	0.03029	0.02281	0.02438	0.01916	0.02560	0.02543	0.01568	0.51343	0.14941	0.05030	0.02305	0.02252	0.01660	0.01046	0.00854	0.00262	0.00888	0.00802	0.00854	0.01429
18	0.01116	0.00822	0.00979	0.01017	0.01151	0.00756	0.00694	0.01309	0.01806	0.02385	0.19705	0.24121	0.20274	0.17890	0.01796	0.00423	0.00532	0.01777	0.00762	0.00685
19	0.02106	0.02022	0.03454	0.05223	0.64784	0.02022	0.02612	0.02612	0.01938	0.02780	0.01601	0.02106	0.01348	0.00758	0.00842	0.00253	0.01011	0.00758	0.00421	0.01348
20	0.02159	0.02163	0.03275	0.10733	0.53606	0.07989	0.02499	0.02644	0.01960	0.02660	0.01566	0.02068	0.01305	0.00778	0.00836	0.00252	0.01071	0.00739	0.00419	0.01277
21	0.01186	0.00896	0.01251	0.01251	0.01409	0.00990	0.00950	0.01449	0.01441	0.01994	0.03269	0.04278	0.11568	0.11675	0.51054	0.01155	0.01867	0.01075	0.00512	0.00731
22	0.01277	0.00886	0.01118	0.01173	0.01276	0.00874	0.00861	0.01485	0.01700	0.02282	0.14688	0.07090	0.04621	0.34355	0.02640	0.00574	0.00733	0.21023	0.00685	0.00660
23	0.03235	0.02384	0.02554	0.01958	0.02639	0.02639	0.01618	0.61946	0.04001	0.05363	0.02043	0.02043	0.01447	0.01022	0.00851	0.00255	0.00936	0.00766	0.00851	0.01447
24	0.07354	0.43333	0.15367	0.01798	0.02588	0.09292	0.04929	0.02667	0.01805	0.02302	0.01288	0.01512	0.01089	0.00762	0.00640	0.00213	0.01047	0.00526	0.00385	0.01103
25	0.01826	0.01010	0.01322	0.01164	0.01482	0.00906	0.00901	0.02197	0.02383	0.18399	0.45657	0.05642	0.10492	0.01602	0.00968	0.00268	0.00482	0.01391	0.00955	0.00954
26	0.03079	0.03551	0.02311	0.02078	0.02538	0.52795	0.01573	0.03611	0.10879	0.07026	0.01767	0.01865	0.01381	0.00929	0.00788	0.00232	0.01354	0.00629	0.00544	0.01071
27	0.01032	0.00821	0.00907	0.00969	0.01161	0.00717	0.00683	0.01211	0.01792	0.02214	0.06958	0.27531	0.41468	0.07030	0.01262	0.00343	0.00478	0.01956	0.00771	0.00696
28	0.01078	0.00865	0.00962	0.00938	0.01194	0.00749	0.00703	0.01361	0.02110	0.02704	0.28862	0.07524	0.43944	0.02004	0.01005	0.00280	0.00420	0.01703	0.00843	0.00749
29	0.01226	0.00873	0.01170	0.01170	0.01254	0.00957	0.00818	0.01393	0.01309	0.01829	0.02460	0.04343	0.02561	0.34994	0.38702	0.01124	0.01626	0.01058	0.00483	0.00650
30	0.02729	0.03189	0.07416	0.02472	0.03118	0.30212	0.16321	0.14074	0.06784	0.02990	0.01712	0.01945	0.01311	0.00879	0.00850	0.00251	0.01321	0.00734	0.00537	0.01155
31	0.01995	0.02256	0.04799	0.03462	0.04244	0.02194	0.56179	0.02663	0.01944	0.02663	0.01666	0.02256	0.01275	0.00789	0.01169	0.00295	0.07619	0.00980	0.00425	0.01128
32	0.01238	0.00825	0.00928	0.00928	0.00928	0.00825	0.00516	0.01238	0.01238	0.01650	0.02681	0.05569	0.03094	0.70092	0.04331	0.00825	0.00825	0.01238	0.00516	0.00516
33	0.01470	0.01180	0.01519	0.04729	0.07519	0.01204	0.01130	0.05993	0.06334	0.02880	0.18804	0.05154	0.20985	0.02373	0.11801	0.00452	0.00867	0.01278	0.03414	0.00911
34	0.02432	0.02023	0.02548	0.18574	0.14728	0.07979	0.01910	0.17360	0.02419	0.08907	0.02006	0.06811	0.01649	0.01067	0.00993	0.00274	0.05679	0.00864	0.00600	0.01176
35	0.01996	0.02652	0.19406	0.04361	0.43684	0.02022	0.08210	0.02643	0.01908	0.02754	0.01593	0.02045	0.01274	0.00767	0.00849	0.00260	0.01113	0.00748	0.00406	0.01307
36	0.01219	0.00899	0.01302	0.01302	0.01431	0.01028	0.00981	0.01477	0.01348	0.01927	0.02340	0.03677	0.02273	0.15943	0.57357	0.01286	0.02061	0.00961	0.00465	0.00723
37	0.02969	0.02288	0.02623	0.02034	0.02695	0.02521	0.05730	0.48556	0.13451	0.04889	0.02251	0.02244	0.01623	0.01022	0.00864	0.00263	0.00928	0.00814	0.00825	0.01410
38	0.01468	0.07604	0.01602	0.01244	0.01583	0.01429	0.00990	0.02219	0.16054	0.02711	0.14587	0.05691	0.31493	0.01684	0.01055	0.00281	0.05250	0.01369	0.00761	0.00925
39	0.01275	0.01047	0.01167	0.01201	0.01346	0.05355	0.00855	0.01510	0.01844	0.02438	0.20712	0.27199	0.09305	0.09519	0.10759	0.00505	0.00825	0.01669	0.00731	0.00737
40	0.01768	0.01777	0.03257	0.15473	0.22912	0.01778	0.20196	0.02289	0.01905	0.02552	0.02868	0.05627	0.11645	0.01058	0.00929	0.00278	0.01050	0.01061	0.00489	0.01087
41	0.01205	0.00811	0.00938	0.00970	0.00978	0.00803	0.00560	0.01229	0.01301	0.01735	0.03007	0.15946	0.03505	0.59155	0.03805	0.00747	0.00771	0.01429	0.00560	0.00544
42	0.02771	0.26497	0.03047	0.01862	0.02409	0.37505	0.01531	0.07055	0.02266	0.02292	0.01668	0.01829	0.04133	0.00897	0.00709	0.00212	0.01228	0.00591	0.00458	0.01042
43	0.01094	0.00859	0.00989	0.00970	0.01207	0.00754	0.00722	0.01387	0.02128	0.02778	0.32724	0.10628	0.36721	0.02001	0.01009	0.00282	0.00421	0.01717	0.00854	0.00754
44	0.02429	0.15206	0.08727	0.02468	0.13624	0.11724	0.01843	0.12204	0.17491	0.03114	0.02005	0.02114	0.01565	0.00913	0.00781	0.00246	0.00996	0.00712	0.00583	0.01255
45	0.01037	0.00741	0.00987	0.01185	0.01234	0.00691	0.00790	0.01185	0.01629	0.02172	0.04690	0.69537	0.05629	0.02666	0.01086	0.00346	0.00494	0.02419	0.00790	0.00691
46	0.01917	0.12649	0.24202	0.03343	0.29347	0.02091	0.02429	0.02503	0.01796	0.02534	0.01616	0.02215	0.01382	0.07182	0.01111	0.00301	0.01062	0.00715	0.00401	0.01204
47	0.08907	0.01982	0.07131	0.07424	0.20244	0.01822	0.08495	0.02551	0.01816	0.07359	0.01630	0.02013	0.01285	0.00828	0.00965	0.00246	0.07172	0.00701	0.00484	0.16945
48	0.02821	0.11569	0.02883	0.02392	0.06950	0.45702	0.04877	0.03090	0.02180	0.02152	0.01324	0.01623	0.01125	0.00895	0.00934	0.00234	0.07206	0.00593	0.00422	0.01028
49	0.06341	0.02788	0.02447	0.05436	0.02557	0.30429	0.01742	0.02666	0.01813	0.02163	0.01227	0.01714	0.01099	0.01154	0.01695	0.00296	0.32424	0.00645	0.00410	0.00955
50	0.01441	0.01253	0.01817	0.11415	0.12309	0.01330	0.01429	0.01819	0.01985	0.02688	0.22297	0.05268	0.17643	0.01564	0.01147	0.00291	0.07468	0.05257	0.00674	0.00904
51	0.02016	0.01030	0.01324	0.01214	0.01546	0.00907	0.00921	0.02278	0.02085	0.24243	0.13567	0.24433	0.17253	0.01867	0.00978	0.00294	0.00547	0.01620	0.00902	0.00975
52	0.01887	0.02597	0.17621	0.02651	0.17931	0.13558	0.01981	0.02382	0.01974	0.02547	0.08240	0.07642	0.08019	0.01533	0.05424	0.00339	0.01110	0.00982	0.00519	0.01065
53	0.01062	0.00842	0.00955	0.00975	0.01196	0.00735	0.00713	0.01312	0.02002	0.02558	0.22046	0.19052	0.39251	0.02144	0.01020	0.00293	0.00435	0.01846	0.00827	0.00735
54	0.02629	0.03030	0.22268	0.02139	0.02927	0.04896	0.02118	0.35648	0.03002	0.04097	0.01768	0.01930	0.01288	0.00993	0.01014	0.00269	0.07311	0.00713	0.00637	0.01323
55	0.01832	0.02017	0.08897	0.03397	0.32439	0.06158	0.02062	0.02296	0.01759	0.02445	0.01809	0.02464	0.01574	0.02720	0.23659	0.00638	0.01511	0.00784	0.00428	0.01110
56	0.01936	0.08329	0.06765	0.02459	0.17311	0.06346	0.01666	0.02924	0.19005	0.02969	0.14737	0.03428	0.06275	0.01143	0.00854	0.00260	0.00811	0.00971	0.00657	0.01153
57	0.01885	0.01763	0.02002	0.01922	0.11150	0.07607	0.01284	0.02245	0.01840	0.02651	0.01800	0.08059	0.01661	0.00861	0.00717	0.00174	0.00761	0.00723	0.00512	0.50384
58	0.02660	0.16568	0.06087	0.02829	0.18369	0.34809	0.01924	0.02999	0.02129	0.02273	0.01372	0.01659	0.01158	0.00814	0.00745	0.00223	0.01266	0.00587	0.00416	0.01112
59	0.01025	0.00786	0.00941	0.01065	0.01203	0.00701	0.00736	0.01199	0.01745	0.02220	0.06157	0.46654	0.27565	0.02476	0.01056	0.00324	0.00470	0.02187	0.00790	0.00701
60	0.02874	0.02204	0.02350	0.01885	0.02501	0.02470	0.01530	0.43387	0.23149	0.04780	0.02502	0.02409	0.01819	0.01065	0.00856	0.00266	0.00851	0.00830	0.00856	0.01415
61	0.02290	0.33825	0.10575	0.01733	0.02399	0.15061	0.01629	0.03027	0.13239	0.02401	0.02043	0.02124	0.04542	0.00916	0.00702	0.00224	0.01004	0.00654	0.00492	0.01119
62	0.01934	0.01685	0.02493	0.02362	0.12433	0.01671	0.12491	0.16532	0.02508	0.03331	0.11117	0.04409	0.20668	0.01340	0.00941	0.00272	0.00830	0.01202	0.00696	0.01087
63	0.01016	0.00821	0.00905	0.00972	0.01178	0.00709	0.00696	0.01209	0.01834	0.02256	0.07280	0.29123	0.44371	0.02330	0.01033	0.00307	0.00452	0.02009	0.00790	0.00709
64	0.01564	0.01009	0.01380	0.01489	0.01734	0.00978	0.01281	0.01938	0.02024	0.08383	0.07681	0.08719	0.08926	0.02187	0.01126	0.00366	0.00735	0.46822	0.00817	0.00842
65	0.02233	0.03262	0.25660	0.09113	0.19100	0.14385	0.02498	0.08684	0.02161	0.02819	0.01556	0.01894	0.01192	0.00834	0.00817	0.00256	0.01204	0.00672	0.00441	0.01219
66	0.03048	0.02248	0.02444	0.01903	0.02536	0.02493	0.01566	0.56358	0.03758	0.05050	0.02065	0.02163	0.01510	0.01517	0.06942	0.00358	0.01061	0.00780	0.00815	0.01384
67	0.01055	0.00748	0.00982	0.01161	0.01206	0.00704	0.00765	0.01190	0.01593	0.02124	0.04505	0.63641	0.05395	0.08881	0.01385	0.00390	0.00524	0.02310	0.00765	0.00675
68	0.02660	0.02128	0.02312	0.01905	0.02481	0.05641	0.04318	0.23604	0.33052	0.08323	0.02784	0.02648	0.02037	0.01068	0.00862	0.00272	0.00847	0.00869	0.00831	0.01359
69	0.03117	0.03610	0.05790	0.02140	0.02689	0.45479	0.01716	0.19619	0.02821	0.03026	0.01529	0.01690	0.01193	0.00914	0.00793	0.00232	0.01354	0.00613	0.00549	0.01129
70	0.01103	0.00793	0.01027	0.01168	0.01258	0.00745	0.00816	0.01291	0.01721	0.02286	0.10274	0.47405	0.09610	0.08727	0.01381	0.00383	0.00541	0.07997	0.00778	0.00697
71	0.01097	0.00863	0.00977	0.00950	0.01188	0.00758	0.00704	0.01378	0.02096	0.02718	0.30872	0.07324	0.38705	0.05220	0.01163	0.00305	0.00438	0.01666	0.00836	0.00743
72	0.02437	0.02189	0.02103	0.02006	0.07925	0.15874	0.01433	0.18808	0.08348	0.05805	0.17478	0.03414	0.06089	0.01208	0.00878	0.00255	0.00888	0.00976	0.00748	0.01137
73	0.06993	0.11703	0.02601	0.24540	0.07738	0.02071	0.04028	0.02782	0.16671	0.02663	0.02224	0.08506	0.01906	0.01059	0.00814	0.00272	0.00900	0.00905	0.00548	0.01075
74	0.02046	0.02149	0.06083	0.06791	0.38172	0.02059	0.18367	0.02805	0.07612	0.02811	0.01799	0.02250	0.01430	0.00789	0.00887	0.00267	0.01108	0.00838	0.00461	0.01275
75	0.01837	0.06436	0.02854	0.03832	0.42834	0.01757	0.02028	0.02251	0.01910	0.02673	0.07943	0.14899	0.02739	0.01199	0.00882	0.00266	0.00852	0.01116	0.00533	0.01159
76	0.01391	0.01066	0.01291	0.01357	0.01544	0.01111	0.01008	0.02137	0.16688	0.02617	0.08309	0.32039	0.04689	0.08411	0.01344	0.00379	0.00615	0.12353	0.00792	0.00859
77	0.01980	0.02533	0.15435	0.06595	0.30987	0.02052	0.22509	0.02648	0.01926	0.02723	0.01624	0.02119	0.01271	0.00757	0.00891	0.00269	0.01203	0.00817	0.00411	0.01249
78	0.01767	0.01734	0.01761	0.06142	0.02133	0.13312	0.01242	0.02037	0.01722	0.02239	0.02245	0.15589	0.02295	0.05259	0.11792	0.00452	0.07359	0.01030	0.00520	0.19370
79	0.02068	0.02534	0.13711	0.01741	0.02472	0.12135	0.01588	0.03026	0.16822	0.02838	0.01958	0.02076	0.01525	0.00831	0.00743	0.00207	0.00903	0.00646	0.00555	0.31621
80	0.02371	0.01819	0.02098	0.01895	0.06499	0.01922	0.01396	0.31614	0.08564	0.04054	0.06892	0.14887	0.02757	0.01333	0.00886	0.00264	0.00770	0.01118	0.00785	0.08076
81	0.02173	0.37222	0.07069	0.03157	0.29718	0.02708	0.02047	0.02583	0.01824	0.02378	0.01383	0.01712	0.01204	0.00745	0.00689	0.00217	0.00972	0.00597	0.00389	0.01213
82	0.02051	0.02033	0.07526	0.01497	0.02027	0.13260	0.01285	0.05488	0.02187	0.09449	0.08951	0.04355	0.18975	0.01345	0.00867	0.00246	0.00817	0.03944	0.00683	0.13014
83	0.01765	0.01513	0.01765	0.01260	0.02017	0.01134	0.01008	0.02143	0.01765	0.02773	0.01513	0.01765	0.01260	0.00630	0.00630	0.00126	0.00630	0.00504	0.00504	0.75295
84	0.02553	0.02111	0.02387	0.17979	0.03314	0.05383	0.01731	0.30043	0.18404	0.03974	0.02240	0.02361	0.01646	0.01007	0.00851	0.00269	0.00946	0.00803	0.00720	0.01278
85	0.01478	0.00739	0.01109	0.01109	0.01109	0.00739	0.00739	0.01109	0.01109	0.01478	0.01478	0.02587	0.01478	0.02956	0.03326	0.75240	0.00739	0.00739	0.00370	0.00370
86	0.01863	0.01774	0.03016	0.35787	0.36118	0.01958	0.02491	0.02399	0.01823	0.02485	0.01558	0.02185	0.01244	0.00803	0.00847	0.00268	0.01071	0.00757	0.00400	0.01152
87	0.01037	0.00741	0.00987	0.01185	0.01234	0.00691	0.00790	0.01185	0.01629	0.02172	0.04690	0.69537	0.05629	0.02666	0.01086	0.00346	0.00494	0.02419	0.00790	0.00691
88	0.03000	0.02285	0.02564	0.02234	0.08336	0.02521	0.01678	0.49744	0.10739	0.04914	0.02168	0.02181	0.01573	0.01013	0.00852	0.00259	0.00913	0.00788	0.00813	0.01426
89	0.01238	0.00825	0.00928	0.00928	0.00928	0.00825	0.00516	0.01238	0.01238	0.01650	0.02681	0.05569	0.03094	0.70092	0.04331	0.00825	0.00825	0.01238	0.00516	0.00516
90	0.03179	0.04056	0.02412	0.02192	0.02631	0.66676	0.01644	0.03398	0.02412	0.02083	0.01315	0.01535	0.01096	0.00877	0.00767	0.00219	0.01535	0.00548	0.00438	0.00987
91	0.01219	0.00898	0.01297	0.01297	0.01424	0.01025	0.00975	0.01474	0.01347	0.01923	0.02345	0.03703	0.02284	0.16693	0.56623	0.01280	0.02044	0.00965	0.00466	0.00720
92	0.01299	0.00878	0.01039	0.01052	0.01286	0.00769	0.00768	0.01526	0.01942	0.08207	0.13664	0.27398	0.32708	0.02169	0.01018	0.00302	0.00475	0.01880	0.00832	0.00787
93	0.02164	0.02002	0.02032	0.08422	0.02617	0.08064	0.01476	0.04183	0.51451	0.03284	0.03069	0.02933	0.02312	0.01098	0.00855	0.00282	0.00799	0.00903	0.00777	0.01273
94	0.76103	0.01646	0.01251	0.01119	0.01646	0.01909	0.00922	0.02502	0.01448	0.03818	0.01185	0.01382	0.00922	0.00790	0.00527	0.00263	0.00658	0.00461	0.00527	0.00922
95	0.01797	0.01571	0.02284	0.02988	0.27291	0.01621	0.01761	0.02677	0.15685	0.02966	0.10895	0.04652	0.06188	0.01352	0.00942	0.00292	0.00786	0.12441	0.00675	0.01137
96	0.02106	0.02022	0.03454	0.05223	0.64784	0.02022	0.02612	0.02612	0.01938	0.02780	0.01601	0.02106	0.01348	0.00758	0.00842	0.00253	0.01011	0.00758	0.00421	0.01348
97	0.01852	0.01722	0.02874	0.14663	0.43486	0.01771	0.02237	0.02339	0.01958	0.02753	0.10965	0.05253	0.02458	0.00989	0.00877	0.00263	0.00922	0.00935	0.00504	0.01178
98	0.01037	0.00741	0.00987	0.01185	0.01234	0.00691	0.00790	0.01185	0.01629	0.02172	0.04690	0.69537	0.05629	0.02666	0.01086	0.00346	0.00494	0.02419	0.00790	0.00691
99	0.01239	0.01009	0.01114	0.01063	0.01350	0.00956	0.00804	0.01844	0.11231	0.02867	0.26881	0.06817	0.35962	0.01864	0.00984	0.00281	0.00457	0.01584	0.00852	0.00841
100	0.01342	0.00919	0.01074	0.01005	0.01292	0.00801	0.00764	0.01642	0.02173	0.08503	0.30426	0.06973	0.36184	0.01888	0.00991	0.00277	0.00446	0.01607	0.00873	0.00819
101	0.02164	0.01665	0.02147	0.02411	0.17593	0.01719	0.01535	0.12401	0.15625	0.09085	0.06843	0.04066	0.14349	0.01292	0.00902	0.00275	0.00748	0.03219	0.00756	0.01203
102	0.01512	0.07418	0.01428	0.01071	0.01406	0.01057	0.00850	0.01819	0.02160	0.09659	0.29294	0.06250	0.29459	0.01737	0.00946	0.00267	0.00496	0.01466	0.00837	0.00867
103	0.01765	0.01513	0.01765	0.01260	0.02017	0.01134	0.01008	0.02143	0.01765	0.02773	0.01513	0.01765	0.01260	0.00630	0.00630	0.00126	0.00630	0.00504	0.00504	0.75295
104	0.02888	0.02195	0.02684	0.02708	0.17683	0.02367	0.01815	0.39161	0.08895	0.07736	0.02136	0.02208	0.01564	0.00972	0.00851	0.00258	0.00919	0.00787	0.00759	0.01414
105	0.02301	0.08466	0.07860	0.02504	0.03074	0.02228	0.22217	0.02758	0.01827	0.14013	0.01772	0.02150	0.01354	0.01028	0.01479	0.00298	0.22197	0.00819	0.00516	0.01138
106	0.01164	0.00838	0.01101	0.01098	0.01262	0.00776	0.00800	0.01504	0.02219	0.03111	0.49835	0.21716	0.07446	0.01965	0.01024	0.00287	0.00424	0.01753	0.00901	0.00776
107	0.01765	0.01513	0.01765	0.01260	0.02017	0.01134	0.01008	0.02143	0.01765	0.02773	0.01513	0.01765	0.01260	0.00630	0.00630	0.00126	0.00630	0.00504	0.00504	0.75295
108	0.72664	0.01636	0.01285	0.01138	0.01671	0.01878	0.00937	0.02580	0.01495	0.06747	0.01288	0.01454	0.00978	0.00802	0.00542	0.00263	0.00661	0.00480	0.00552	0.00947
109	0.01145	0.00820	0.01101	0.01234	0.01350	0.00776	0.00910	0.01404	0.01885	0.02549	0.19153	0.42101	0.06065	0.02377	0.01084	0.00336	0.00530	0.13616	0.00824	0.00737
110	0.02767	0.03328	0.02127	0.01945	0.02317	0.50069	0.01434	0.03152	0.07829	0.02149	0.01734	0.02339	0.01558	0.12104	0.01353	0.00324	0.01340	0.00698	0.00490	0.00944
111	0.01234	0.00851	0.00986	0.01015	0.01071	0.00837	0.00653	0.01312	0.01411	0.01844	0.03527	0.06411	0.09352	0.53605	0.03548	0.00710	0.00781	0.09697	0.00581	0.00574
112	0.01683	0.01376	0.01798	0.17630	0.02719	0.01597	0.01389	0.06569	0.17324	0.02601	0.02452	0.03360	0.02137	0.15103	0.17903	0.00653	0.01232	0.00937	0.00580	0.00957
113	0.01161	0.00847	0.00955	0.00988	0.01106	0.00796	0.00663	0.01281	0.01567	0.01989	0.04949	0.11257	0.23541	0.36387	0.02701	0.00572	0.00669	0.07298	0.00651	0.00621
114	0.01221	0.00890	0.01255	0.01255	0.01368	0.01003	0.00924	0.01448	0.01334	0.01892	0.02382	0.03912	0.02375	0.22675	0.50765	0.01229	0.01908	0.00995	0.00471	0.00697
115	0.01223	0.00882	0.01218	0.01218	0.01318	0.00982	0.00877	0.01423	0.01323	0.01864	0.02417	0.04103	0.02457	0.28122	0.45431	0.01183	0.01783	0.01023	0.00476	0.00677
116	0.01288	0.01449	0.11626	0.01345	0.01708	0.01041	0.01230	0.01766	0.02118	0.03031	0.42712	0.05062	0.05815	0.02446	0.13107	0.00471	0.00887	0.01276	0.00755	0.00869
117	0.01034	0.00867	0.00901	0.00904	0.01182	0.00734	0.00685	0.01269	0.01973	0.02386	0.12317	0.08117	0.58242	0.02134	0.01012	0.00290	0.00443	0.03984	0.00800	0.00727
118	0.01546	0.01247	0.01426	0.01235	0.01638	0.01184	0.00955	0.05053	0.13502	0.03198	0.27186	0.04977	0.15765	0.01451	0.00896	0.00246	0.00529	0.01235	0.00805	0.15927
119	0.03397	0.01579	0.01989	0.01585	0.02203	0.01515	0.01290	0.06862	0.16629	0.48290	0.03322	0.02922	0.02191	0.01075	0.00858	0.00269	0.00722	0.00876	0.01001	0.01425
120	0.01225	0.00876	0.01188	0.01188	0.01278	0.00966	0.00840	0.01405	0.01315	0.01843	0.02443	0.04251	0.02522	0.32364	0.41277	0.01146	0.01686	0.01045	0.00480	0.00660
121	0.02010	0.01939	0.03407	0.24353	0.30603	0.02048	0.13665	0.06601	0.02020	0.02759	0.01627	0.02189	0.01277	0.00798	0.00876	0.00269	0.01125	0.00805	0.00439	0.01191
122	0.01551	0.01414	0.01827	0.11421	0.05468	0.07402	0.01454	0.01891	0.01565	0.02087	0.02070	0.03153	0.01911	0.04257	0.40201	0.00933	0.06493	0.03603	0.00451	0.00850
123	0.01229	0.00903	0.01355	0.01355	0.01499	0.01047	0.01047	0.01499	0.01355	0.01951	0.02239	0.03305	0.02095	0.06211	0.63540	0.05073	0.02202	0.00903	0.00452	0.00740

[dist]
# distance from previous block
# <min> <max>
0	3

[block]
# block no. 3 follows, 21 sequences, length 29
# corresponding to MSA columns:
# 239-267
name=unknown_D
#
# <colnr> <probs for GDERKNQSTAVLIFYWHMCP>
#	G	D	E	R	K	N	Q	S	T	A	V	L	I	F	Y	W	H	M	C	P
0	0.01193	0.00907	0.01155	0.01201	0.01403	0.00787	0.00837	0.01391	0.01658	0.02302	0.04007	0.54957	0.04689	0.02228	0.00988	0.00298	0.00523	0.02007	0.00728	0.16741
1	0.01238	0.00825	0.00928	0.00928	0.00928	0.00825	0.00516	0.01238	0.01238	0.01650	0.02681	0.05569	0.03094	0.70092	0.04331	0.00825	0.00825	0.01238	0.00516	0.00516
2	0.22440	0.02399	0.02026	0.01728	0.02270	0.15516	0.01373	0.20309	0.17103	0.03845	0.02002	0.02031	0.01508	0.00962	0.00751	0.00258	0.00923	0.00686	0.00683	0.01188
3	0.02340	0.05401	0.02135	0.01705	0.02194	0.02114	0.01365	0.25768	0.24035	0.03852	0.02817	0.10150	0.02372	0.01787	0.07607	0.00387	0.00931	0.01020	0.00784	0.01238
4	0.01059	0.00842	0.00949	0.00985	0.01184	0.00763	0.00706	0.01250	0.01747	0.02173	0.06584	0.18513	0.40455	0.09676	0.08774	0.00475	0.00691	0.01752	0.00724	0.00697
5	0.76103	0.01646	0.01251	0.01119	0.01646	0.01909	0.00922	0.02502	0.01448	0.03818	0.01185	0.01382	0.00922	0.00790	0.00527	0.00263	0.00658	0.00461	0.00527	0.00922
6	0.02476	0.55853	0.04005	0.01619	0.02283	0.17401	0.01498	0.02737	0.01880	0.02020	0.01212	0.01403	0.01093	0.00761	0.00595	0.00190	0.01049	0.00476	0.00381	0.01069
7	0.01006	0.00862	0.00862	0.00862	0.01149	0.00718	0.00647	0.01221	0.01940	0.02299	0.08621	0.08190	0.64438	0.02155	0.01006	0.00287	0.00431	0.01796	0.00790	0.00718
8	0.01218	0.00902	0.01316	0.01316	0.01450	0.01036	0.00999	0.01486	0.01352	0.01937	0.02327	0.03605	0.02241	0.13878	0.59380	0.01304	0.02108	0.00950	0.00463	0.00731
9	0.01186	0.00827	0.00931	0.00941	0.01000	0.00798	0.00568	0.01249	0.01430	0.01870	0.06619	0.10224	0.13288	0.51646	0.03433	0.00682	0.00721	0.01418	0.00597	0.00573
10	0.01944	0.01934	0.03521	0.22720	0.35623	0.02012	0.14717	0.02511	0.01885	0.02597	0.01601	0.02191	0.01276	0.00776	0.00878	0.00269	0.01133	0.00808	0.00411	0.01192
11	0.01232	0.00846	0.01036	0.01036	0.01074	0.00884	0.00650	0.01307	0.01270	0.01730	0.02583	0.05022	0.02856	0.54434	0.19665	0.00958	0.01182	0.01157	0.00501	0.00576
12	0.09539	0.10935	0.31532	0.02278	0.03232	0.06334	0.13075	0.02663	0.01830	0.02704	0.01474	0.01776	0.01119	0.00770	0.00768	0.00247	0.01154	0.00644	0.00408	0.07519
13	0.43112	0.01624	0.01319	0.01221	0.01563	0.08835	0.00923	0.02152	0.01455	0.02861	0.01400	0.02055	0.01264	0.07279	0.01568	0.18734	0.00791	0.00606	0.00477	0.00758
14	0.30240	0.02440	0.07074	0.01707	0.02351	0.08867	0.01483	0.29111	0.02713	0.04240	0.01608	0.01726	0.01186	0.00904	0.00718	0.00256	0.00920	0.00619	0.00649	0.01189
15	0.01111	0.00836	0.00968	0.01001	0.01141	0.00791	0.00682	0.01258	0.01594	0.02032	0.05287	0.17055	0.27348	0.24178	0.10384	0.00603	0.00800	0.01613	0.00661	0.00655
16	0.01997	0.01956	0.03111	0.25420	0.42672	0.05132	0.02484	0.02508	0.01884	0.02550	0.01558	0.02131	0.01267	0.00794	0.00842	0.00261	0.01077	0.00747	0.00408	0.01200
17	0.02050	0.01965	0.03353	0.12311	0.58137	0.02007	0.02584	0.02562	0.01911	0.02712	0.01591	0.02125	0.01324	0.00769	0.00843	0.00256	0.01025	0.00758	0.00416	0.01303
18	0.01509	0.01342	0.01929	0.01760	0.01844	0.01763	0.01426	0.01759	0.01338	0.02008	0.01753	0.02672	0.01669	0.04165	0.37742	0.00917	0.32313	0.00836	0.00418	0.00837
19	0.02649	0.03320	0.08233	0.03354	0.26124	0.36780	0.02137	0.03042	0.02180	0.02398	0.01441	0.01772	0.01189	0.00826	0.00799	0.00236	0.01314	0.00634	0.00425	0.01146
20	0.01499	0.00935	0.01232	0.01121	0.01373	0.00853	0.00853	0.01893	0.02412	0.10402	0.57456	0.05966	0.07362	0.01662	0.00987	0.00267	0.00438	0.01462	0.00950	0.00876
21	0.76103	0.01646	0.01251	0.01119	0.01646	0.01909	0.00922	0.02502	0.01448	0.03818	0.01185	0.01382	0.00922	0.00790	0.00527	0.00263	0.00658	0.00461	0.00527	0.00922
22	0.01216	0.00912	0.01368	0.01368	0.01520	0.01064	0.01064	0.01520	0.01368	0.01976	0.02279	0.03343	0.02127	0.06382	0.66720	0.01368	0.02279	0.00912	0.00456	0.00760
23	0.01238	0.00825	0.00928	0.00928	0.00928	0.00825	0.00516	0.01238	0.01238	0.01650	0.02681	0.05569	0.03094	0.70092	0.04331	0.00825	0.00825	0.01238	0.00516	0.00516
24	0.02462	0.09029	0.02369	0.01770	0.02335	0.02398	0.01438	0.21224	0.39512	0.03931	0.02812	0.02657	0.02105	0.01072	0.00829	0.00268	0.00775	0.00853	0.00810	0.01350
25	0.01226	0.00921	0.01143	0.01248	0.01457	0.00870	0.01023	0.01514	0.01878	0.02366	0.05801	0.08680	0.26149	0.09212	0.01437	0.00399	0.00661	0.32525	0.00759	0.00733
26	0.02361	0.07959	0.32702	0.02513	0.10074	0.12167	0.02416	0.08976	0.02186	0.08361	0.01694	0.01885	0.01241	0.00852	0.00797	0.00252	0.01170	0.00653	0.00490	0.01251
27	0.02016	0.01777	0.02862	0.25032	0.19544	0.01840	0.08420	0.05446	0.04295	0.05980	0.01753	0.02204	0.01348	0.00807	0.00830	0.00248	0.01004	0.00755	0.00492	0.13349
28	0.01469	0.01134	0.01735	0.13610	0.02536	0.01159	0.05319	0.01867	0.01934	0.05123	0.09245	0.13851	0.10301	0.01881	0.01050	0.00333	0.00786	0.25103	0.00712	0.00849

[dist]
# distance from previous block
# <min> <max>
0	5

# created by:
# /home/cegg/simao/soft/augustus-3.2.1/scripts/msa2prfl.pl ./align_prep/12107.fa
