[name]
unknown

[dist]
# distance from previous block
# <min> <max>
0	2

[block]
# block no. 0 follows, 19 sequences, length 126
# corresponding to MSA columns:
# 2-127
name=unknown_A
#
# <colnr> <probs for GDERKNQSTAVLIFYWHMCP>
#	G	D	E	R	K	N	Q	S	T	A	V	L	I	F	Y	W	H	M	C	P
0	0.01697	0.07836	0.10269	0.01802	0.02225	0.05497	0.01721	0.02171	0.02045	0.02616	0.03784	0.07659	0.03989	0.01999	0.01097	0.00363	0.00954	0.40643	0.00701	0.00934
1	0.02401	0.17078	0.28252	0.02575	0.09464	0.17497	0.02441	0.05533	0.02149	0.02668	0.01512	0.01778	0.01188	0.00855	0.00790	0.00250	0.01277	0.00625	0.00429	0.01238
2	0.02722	0.10065	0.02808	0.04902	0.02653	0.07559	0.01706	0.28727	0.02824	0.03723	0.01768	0.02226	0.01462	0.05464	0.01575	0.00326	0.16855	0.00776	0.00636	0.01224
3	0.02430	0.01912	0.03297	0.02503	0.03068	0.01975	0.22455	0.02878	0.02005	0.17222	0.02611	0.02896	0.06302	0.01162	0.01482	0.00308	0.18162	0.00980	0.00628	0.05724
4	0.02803	0.02173	0.02442	0.07643	0.02895	0.02324	0.01610	0.36901	0.10128	0.04575	0.02159	0.02248	0.01593	0.00992	0.00850	0.00248	0.00907	0.00773	0.00779	0.15956
5	0.03376	0.03243	0.02622	0.02162	0.02771	0.28843	0.01712	0.36345	0.03506	0.04193	0.01827	0.01924	0.01367	0.01010	0.00858	0.00253	0.01248	0.00709	0.00713	0.01318
6	0.02346	0.50498	0.03950	0.01611	0.02305	0.03176	0.01499	0.03253	0.18303	0.02558	0.01908	0.01962	0.01586	0.00890	0.00667	0.00222	0.00888	0.00626	0.00529	0.01222
7	0.01445	0.01273	0.02142	0.01735	0.02123	0.01174	0.14955	0.01924	0.02374	0.03278	0.41735	0.05882	0.13032	0.01622	0.01056	0.00289	0.00686	0.01514	0.00839	0.00921
8	0.02059	0.01842	0.01801	0.01644	0.02091	0.06736	0.01284	0.07244	0.35000	0.03358	0.04739	0.04824	0.17054	0.01515	0.00957	0.00302	0.00743	0.04762	0.00850	0.01197
9	0.01375	0.01101	0.01623	0.01567	0.01705	0.01349	0.01238	0.01677	0.01428	0.02088	0.02222	0.03293	0.02085	0.05978	0.56176	0.01289	0.11582	0.00934	0.00467	0.00824
10	0.01275	0.00903	0.01143	0.01090	0.01250	0.00850	0.00772	0.01595	0.02237	0.03143	0.48183	0.06484	0.07196	0.17842	0.01895	0.00422	0.00529	0.01542	0.00879	0.00772
11	0.01156	0.00860	0.01053	0.01104	0.01264	0.00783	0.00776	0.01403	0.02025	0.02695	0.24413	0.29014	0.20132	0.07499	0.01360	0.00361	0.00499	0.01989	0.00858	0.00757
12	0.01957	0.01957	0.02740	0.02349	0.02349	0.02740	0.01957	0.02153	0.01370	0.02153	0.01174	0.01957	0.01174	0.01566	0.02936	0.00391	0.66921	0.00783	0.00391	0.00979
13	0.03358	0.03777	0.02577	0.02237	0.02768	0.47748	0.01721	0.19194	0.02998	0.03144	0.01595	0.01761	0.01255	0.00964	0.00831	0.00241	0.01439	0.00640	0.00581	0.01171
14	0.03119	0.02366	0.02526	0.02001	0.02667	0.02643	0.01632	0.46739	0.17921	0.05183	0.02506	0.02433	0.01812	0.01108	0.00899	0.00277	0.00918	0.00855	0.00899	0.01496
15	0.02225	0.01922	0.02023	0.01821	0.02326	0.02225	0.01416	0.04754	0.61361	0.03742	0.03641	0.03338	0.02731	0.01214	0.00910	0.00303	0.00708	0.01011	0.00910	0.01416
16	0.01125	0.00816	0.01063	0.01198	0.01300	0.00753	0.00824	0.01342	0.01908	0.02568	0.17388	0.51131	0.10148	0.02562	0.01118	0.00342	0.00494	0.02305	0.00863	0.00753
17	0.01278	0.00959	0.01438	0.01438	0.01598	0.01118	0.01118	0.01598	0.01438	0.02077	0.02396	0.03515	0.02237	0.06710	0.65013	0.01438	0.02396	0.00959	0.00479	0.00799
18	0.01104	0.00784	0.01034	0.01228	0.01277	0.00736	0.00812	0.01249	0.01686	0.02249	0.04796	0.63991	0.05746	0.07019	0.01361	0.00396	0.00541	0.02464	0.00812	0.00715
19	0.01424	0.00979	0.01160	0.01200	0.01307	0.00979	0.00798	0.06934	0.01815	0.02477	0.03782	0.35351	0.04312	0.25937	0.02299	0.00524	0.00681	0.01823	0.05473	0.00744
20	0.01279	0.00905	0.01127	0.01238	0.01321	0.00884	0.00823	0.04917	0.01780	0.02375	0.04304	0.50545	0.05072	0.16804	0.01859	0.00466	0.00623	0.02169	0.00773	0.00737
21	0.01278	0.00959	0.01438	0.01438	0.01598	0.01118	0.01118	0.01598	0.01438	0.02077	0.02396	0.03515	0.02237	0.06710	0.65013	0.01438	0.02396	0.00959	0.00479	0.00799
22	0.02249	0.01110	0.01500	0.01397	0.01735	0.01003	0.01083	0.02556	0.02225	0.25322	0.15490	0.25382	0.04942	0.01948	0.01046	0.00321	0.00625	0.08046	0.00962	0.01056
23	0.01400	0.00931	0.01077	0.01030	0.01205	0.00860	0.00698	0.01580	0.01864	0.06308	0.18039	0.06624	0.20790	0.30848	0.02563	0.00541	0.00646	0.01509	0.00758	0.00732
24	0.01229	0.00926	0.01144	0.01125	0.01361	0.00841	0.00868	0.01595	0.02341	0.03158	0.41030	0.07611	0.23059	0.02024	0.01077	0.00302	0.00477	0.08091	0.00924	0.00817
25	0.02140	0.02334	0.04823	0.04247	0.20818	0.02225	0.43952	0.02833	0.02091	0.02882	0.01775	0.02358	0.01374	0.00766	0.01009	0.00292	0.01385	0.00984	0.00450	0.01265
26	0.01512	0.00966	0.01139	0.01108	0.01398	0.00840	0.00825	0.01764	0.02102	0.11243	0.14042	0.20949	0.34456	0.02167	0.01054	0.00310	0.00508	0.01861	0.00889	0.00869
27	0.15270	0.01639	0.01662	0.01459	0.01955	0.01768	0.01155	0.09405	0.23317	0.08310	0.04539	0.04305	0.18821	0.01412	0.00884	0.00292	0.00669	0.01128	0.00838	0.01172
28	0.01625	0.01473	0.02586	0.02085	0.02460	0.01539	0.18062	0.02092	0.01962	0.02831	0.18768	0.03879	0.03582	0.02597	0.16587	0.00572	0.08898	0.01139	0.06311	0.00953
29	0.01285	0.00929	0.01289	0.01289	0.01398	0.01038	0.00933	0.01502	0.01394	0.01967	0.02532	0.04267	0.02563	0.26588	0.45582	0.01254	0.01905	0.01069	0.00499	0.00716
30	0.01122	0.00843	0.01048	0.01199	0.01337	0.00770	0.00860	0.01327	0.01843	0.02366	0.06048	0.44910	0.21465	0.02616	0.01129	0.00352	0.00536	0.08654	0.00830	0.00746
31	0.01532	0.01010	0.01174	0.01153	0.01341	0.00960	0.00792	0.05347	0.01881	0.07143	0.04921	0.23457	0.18050	0.24558	0.02235	0.00505	0.00670	0.01726	0.00759	0.00785
32	0.02297	0.01882	0.02658	0.02395	0.07812	0.02180	0.06928	0.18048	0.02233	0.03108	0.01638	0.02257	0.01400	0.01657	0.02151	0.17994	0.20959	0.00814	0.00540	0.01047
33	0.01391	0.01051	0.01325	0.01347	0.01554	0.01084	0.01008	0.06142	0.04547	0.02649	0.07155	0.27553	0.13343	0.03538	0.18783	0.00640	0.01083	0.04204	0.00748	0.00853
34	0.01177	0.00868	0.01029	0.01062	0.01207	0.00798	0.00726	0.01382	0.01909	0.02521	0.20243	0.21966	0.20636	0.18193	0.01916	0.00447	0.00561	0.01838	0.00801	0.00720
35	0.01382	0.00890	0.01193	0.06214	0.01563	0.00916	0.00874	0.01471	0.01551	0.02181	0.06760	0.17639	0.03435	0.18485	0.06502	0.17106	0.00816	0.01351	0.09020	0.00652
36	0.06730	0.02641	0.15294	0.01968	0.02649	0.06203	0.01814	0.04134	0.41101	0.03465	0.02910	0.02799	0.02177	0.01093	0.00869	0.00293	0.00897	0.00876	0.00745	0.01344
37	0.03342	0.04264	0.02535	0.02305	0.02766	0.64967	0.01729	0.03572	0.02535	0.02190	0.01383	0.01613	0.01152	0.00922	0.00807	0.00230	0.01613	0.00576	0.00461	0.01037
38	0.02181	0.02321	0.08344	0.05261	0.58357	0.02122	0.02789	0.02753	0.02026	0.02916	0.01677	0.02189	0.01395	0.00801	0.00883	0.00267	0.01083	0.00786	0.00438	0.01410
39	0.01671	0.01563	0.01350	0.01338	0.01499	0.13369	0.00908	0.01911	0.04487	0.02210	0.07368	0.19177	0.08393	0.28068	0.02393	0.00523	0.00866	0.01493	0.00659	0.00756
40	0.01280	0.00877	0.01013	0.01012	0.01214	0.00807	0.00735	0.01593	0.02093	0.02965	0.25733	0.13497	0.20308	0.06236	0.01203	0.00319	0.00469	0.01607	0.16254	0.00786
41	0.01857	0.01733	0.02707	0.03515	0.32586	0.01717	0.05601	0.02552	0.08940	0.02944	0.08443	0.04241	0.16799	0.01276	0.00954	0.00282	0.00854	0.01164	0.00633	0.01200
42	0.01890	0.01528	0.02093	0.02502	0.16483	0.01633	0.01559	0.02737	0.16376	0.05518	0.03251	0.14842	0.03172	0.10030	0.01566	0.00392	0.04922	0.07701	0.00705	0.01100
43	0.22195	0.01539	0.01606	0.01411	0.01781	0.01720	0.01085	0.16493	0.02124	0.03426	0.02117	0.03162	0.01950	0.18507	0.16539	0.00686	0.01203	0.00871	0.00619	0.00966
44	0.01173	0.00813	0.01014	0.01140	0.01172	0.00782	0.00718	0.01267	0.01552	0.02069	0.04105	0.43682	0.04875	0.28518	0.02476	0.00560	0.00655	0.02058	0.00718	0.00654
45	0.02021	0.02054	0.01811	0.01863	0.04960	0.18922	0.01300	0.02677	0.13266	0.02508	0.03114	0.22600	0.03172	0.06548	0.08596	0.00467	0.01124	0.01358	0.00665	0.00975
46	0.02190	0.02100	0.03587	0.08363	0.60299	0.02119	0.02733	0.02724	0.02025	0.02893	0.01678	0.02222	0.01407	0.00802	0.00886	0.00267	0.01069	0.00797	0.00441	0.01397
47	0.01171	0.00879	0.01140	0.01198	0.01350	0.00868	0.00865	0.01410	0.01772	0.02369	0.11609	0.25627	0.17143	0.07802	0.19810	0.00683	0.01059	0.01760	0.00729	0.00756
48	0.01834	0.01872	0.03445	0.02693	0.03117	0.02091	0.25972	0.02298	0.01700	0.02431	0.01779	0.02580	0.01545	0.02649	0.19334	0.00643	0.21603	0.00946	0.00441	0.01025
49	0.02628	0.06600	0.02967	0.17525	0.19035	0.31266	0.02151	0.03021	0.02200	0.02396	0.01499	0.01933	0.01230	0.00875	0.00834	0.00253	0.01341	0.00677	0.00438	0.01131
50	0.02212	0.02330	0.06407	0.04919	0.53185	0.06154	0.02608	0.02734	0.02062	0.02846	0.02012	0.02464	0.04308	0.00878	0.00887	0.00266	0.01082	0.00828	0.00459	0.01356
51	0.01150	0.00917	0.01035	0.01025	0.01291	0.00802	0.00781	0.01453	0.02203	0.02820	0.26440	0.08066	0.41148	0.02134	0.01068	0.00302	0.00466	0.05229	0.00881	0.00789
52	0.01843	0.01699	0.02825	0.16277	0.37167	0.01763	0.02236	0.02297	0.01911	0.02646	0.02444	0.18027	0.02453	0.01297	0.00949	0.00295	0.00957	0.01216	0.00527	0.01169
53	0.02214	0.02126	0.03631	0.05491	0.62978	0.02126	0.02746	0.02746	0.02037	0.02923	0.01683	0.02214	0.01417	0.00797	0.00886	0.00266	0.01063	0.00797	0.00443	0.01417
54	0.02136	0.01773	0.02242	0.02531	0.16677	0.01859	0.01638	0.15607	0.14163	0.03554	0.04171	0.04757	0.15779	0.01462	0.00971	0.00299	0.00812	0.07577	0.00767	0.01224
55	0.01410	0.01055	0.01516	0.01476	0.01671	0.01221	0.01155	0.05235	0.01610	0.02299	0.02381	0.03430	0.02192	0.06359	0.61019	0.01365	0.02308	0.00949	0.00505	0.00844
56	0.01560	0.00868	0.01001	0.01001	0.01196	0.00913	0.00762	0.01950	0.01755	0.02987	0.02774	0.03385	0.02277	0.02611	0.18452	0.00549	0.00965	0.00868	0.53301	0.00824
57	0.05811	0.01974	0.03832	0.17214	0.04307	0.02055	0.32930	0.02505	0.01891	0.02666	0.01885	0.05505	0.01572	0.01401	0.06111	0.00397	0.05390	0.01013	0.00462	0.01078
58	0.01382	0.01122	0.01744	0.01635	0.01816	0.01326	0.03996	0.01711	0.01464	0.02122	0.02253	0.03315	0.02094	0.05939	0.56087	0.01285	0.08458	0.00947	0.00470	0.00835
59	0.01614	0.01236	0.01470	0.01476	0.01720	0.01315	0.01149	0.02541	0.19093	0.02865	0.10639	0.06726	0.04375	0.17892	0.01917	0.00475	0.00754	0.21013	0.00800	0.00930
60	0.02225	0.02639	0.12566	0.04844	0.50223	0.06215	0.02763	0.02813	0.02047	0.02862	0.01652	0.02126	0.01357	0.00813	0.00875	0.00266	0.01137	0.00762	0.00434	0.01378
61	0.03397	0.02621	0.02675	0.02075	0.02774	0.06829	0.01702	0.56317	0.04097	0.05414	0.02098	0.02113	0.01497	0.01064	0.00889	0.00266	0.01025	0.00791	0.00867	0.01490
62	0.03063	0.02231	0.02345	0.01799	0.02513	0.06963	0.01463	0.30628	0.03158	0.13850	0.02153	0.02168	0.01548	0.00953	0.00824	0.00229	0.00908	0.00726	0.00793	0.21683
63	0.02006	0.04390	0.52113	0.02752	0.08365	0.09352	0.03079	0.02912	0.01975	0.02766	0.01586	0.01882	0.01158	0.00854	0.00848	0.00276	0.01336	0.00662	0.00392	0.01297
64	0.01278	0.00959	0.01438	0.01438	0.01598	0.01118	0.01118	0.01598	0.01438	0.02077	0.02396	0.03515	0.02237	0.06710	0.65013	0.01438	0.02396	0.00959	0.00479	0.00799
65	0.01759	0.01543	0.02645	0.02154	0.02568	0.01546	0.20026	0.07544	0.02066	0.02896	0.03091	0.25859	0.03152	0.01970	0.05273	0.00388	0.03903	0.01517	0.09113	0.00986
66	0.02269	0.37790	0.09004	0.03060	0.22694	0.02879	0.05608	0.02724	0.01914	0.02479	0.01452	0.01788	0.01249	0.00782	0.00728	0.00230	0.01054	0.00633	0.00407	0.01255
67	0.01149	0.00986	0.00994	0.00978	0.01296	0.00870	0.00737	0.01555	0.06676	0.02520	0.08639	0.08198	0.57934	0.02184	0.01046	0.00302	0.00473	0.01820	0.00837	0.00807
68	0.02752	0.02691	0.02064	0.01819	0.02276	0.26620	0.01403	0.14115	0.13171	0.03394	0.02299	0.02435	0.01777	0.01032	0.00798	0.00245	0.01046	0.00759	0.18156	0.01148
69	0.02720	0.21534	0.03480	0.03104	0.21791	0.27968	0.01997	0.03062	0.02178	0.02399	0.01440	0.01755	0.01235	0.00839	0.00767	0.00231	0.01256	0.00619	0.00434	0.01189
70	0.02855	0.03212	0.03312	0.03309	0.17626	0.31321	0.12429	0.09769	0.02532	0.02887	0.01621	0.01964	0.01296	0.00879	0.00881	0.00256	0.01389	0.00742	0.00505	0.01215
71	0.01057	0.00906	0.00906	0.00906	0.01208	0.00755	0.00680	0.01284	0.02039	0.02417	0.09063	0.08610	0.62615	0.02266	0.01057	0.00302	0.00453	0.01888	0.00831	0.00755
72	0.01794	0.04628	0.63923	0.02550	0.03872	0.02078	0.03305	0.02833	0.01889	0.02833	0.01606	0.01889	0.01133	0.00850	0.00850	0.00283	0.01322	0.00661	0.00378	0.01322
73	0.01840	0.02585	0.16624	0.01821	0.02351	0.13005	0.01713	0.02431	0.06620	0.02535	0.04127	0.11461	0.18841	0.01587	0.01165	0.00302	0.08121	0.01244	0.00614	0.01015
74	0.01121	0.00845	0.01037	0.01125	0.01282	0.00761	0.00792	0.01356	0.01988	0.02614	0.19045	0.37732	0.22183	0.02435	0.01099	0.00328	0.00479	0.02153	0.00865	0.00761
75	0.02043	0.02973	0.21207	0.03755	0.15370	0.02186	0.33437	0.02834	0.02036	0.02867	0.01730	0.02231	0.01307	0.00789	0.00967	0.00290	0.01373	0.00898	0.00430	0.01278
76	0.01884	0.01741	0.02899	0.11516	0.41608	0.01774	0.02256	0.02333	0.01931	0.02696	0.02452	0.18014	0.02471	0.01290	0.00948	0.00293	0.00947	0.01216	0.00531	0.01203
77	0.02214	0.02126	0.03631	0.05491	0.62978	0.02126	0.02746	0.02746	0.02037	0.02923	0.01683	0.02214	0.01417	0.00797	0.00886	0.00266	0.01063	0.00797	0.00443	0.01417
78	0.01057	0.00906	0.00906	0.00906	0.01208	0.00755	0.00680	0.01284	0.02039	0.02417	0.09063	0.08610	0.62615	0.02266	0.01057	0.00302	0.00453	0.01888	0.00831	0.00755
79	0.02214	0.02126	0.03631	0.05491	0.62978	0.02126	0.02746	0.02746	0.02037	0.02923	0.01683	0.02214	0.01417	0.00797	0.00886	0.00266	0.01063	0.00797	0.00443	0.01417
80	0.02214	0.02126	0.03631	0.05491	0.62978	0.02126	0.02746	0.02746	0.02037	0.02923	0.01683	0.02214	0.01417	0.00797	0.00886	0.00266	0.01063	0.00797	0.00443	0.01417
81	0.01298	0.00952	0.01407	0.01407	0.01570	0.01104	0.01093	0.01622	0.01460	0.02140	0.02423	0.03506	0.02239	0.06424	0.61764	0.01376	0.02296	0.00952	0.04166	0.00801
82	0.03016	0.03632	0.02749	0.02992	0.16301	0.46788	0.01938	0.03462	0.06195	0.02454	0.01595	0.01859	0.01313	0.00913	0.00831	0.00243	0.01431	0.00654	0.00486	0.01147
83	0.02214	0.02126	0.03631	0.05491	0.62978	0.02126	0.02746	0.02746	0.02037	0.02923	0.01683	0.02214	0.01417	0.00797	0.00886	0.00266	0.01063	0.00797	0.00443	0.01417
84	0.01092	0.00822	0.01011	0.01144	0.01275	0.00742	0.00790	0.01283	0.01853	0.02400	0.09572	0.47816	0.21768	0.02595	0.01113	0.00341	0.00495	0.02306	0.00840	0.00742
85	0.01057	0.00906	0.00906	0.00906	0.01208	0.00755	0.00680	0.01284	0.02039	0.02417	0.09063	0.08610	0.62615	0.02266	0.01057	0.00302	0.00453	0.01888	0.00831	0.00755
86	0.01998	0.26567	0.43765	0.02203	0.03336	0.02575	0.02702	0.02781	0.01865	0.02585	0.01482	0.01734	0.01138	0.00821	0.00756	0.00252	0.01198	0.00599	0.00379	0.01263
87	0.02347	0.02558	0.18901	0.17907	0.04141	0.01965	0.14683	0.03010	0.02032	0.16355	0.02052	0.02385	0.01442	0.00943	0.01046	0.00296	0.05291	0.00839	0.00564	0.01242
88	0.03342	0.04264	0.02535	0.02305	0.02766	0.64967	0.01729	0.03572	0.02535	0.02190	0.01383	0.01613	0.01152	0.00922	0.00807	0.00230	0.01613	0.00576	0.00461	0.01037
89	0.02214	0.02126	0.03631	0.05491	0.62978	0.02126	0.02746	0.02746	0.02037	0.02923	0.01683	0.02214	0.01417	0.00797	0.00886	0.00266	0.01063	0.00797	0.00443	0.01417
90	0.02302	0.02293	0.03546	0.05242	0.58271	0.07038	0.02666	0.02810	0.02076	0.02865	0.01659	0.02167	0.01396	0.00807	0.00880	0.00263	0.01106	0.00780	0.00444	0.01387
91	0.02434	0.03429	0.34184	0.02233	0.03218	0.02199	0.02450	0.21271	0.05927	0.07447	0.02165	0.05238	0.01637	0.01049	0.00884	0.00283	0.01108	0.00830	0.00638	0.01375
92	0.03342	0.04264	0.02535	0.02305	0.02766	0.64967	0.01729	0.03572	0.02535	0.02190	0.01383	0.01613	0.01152	0.00922	0.00807	0.00230	0.01613	0.00576	0.00461	0.01037
93	0.02492	0.02236	0.03512	0.04555	0.44731	0.02290	0.06209	0.16491	0.02563	0.03571	0.01803	0.02211	0.01438	0.00861	0.00899	0.00269	0.01073	0.00816	0.00552	0.01428
94	0.02208	0.02374	0.02703	0.02341	0.02424	0.13987	0.01916	0.02410	0.01581	0.02160	0.01212	0.01895	0.01170	0.01449	0.02551	0.00362	0.55118	0.00746	0.00404	0.00989
95	0.01192	0.00851	0.01155	0.01362	0.01459	0.00814	0.01007	0.01422	0.01813	0.02398	0.04875	0.51224	0.05695	0.02707	0.01169	0.00377	0.00607	0.18290	0.00829	0.00755
96	0.03358	0.03777	0.02577	0.02237	0.02768	0.47748	0.01721	0.19194	0.02998	0.03144	0.01595	0.01761	0.01255	0.00964	0.00831	0.00241	0.01439	0.00640	0.00581	0.01171
97	0.02177	0.04205	0.49221	0.02444	0.03608	0.05316	0.02922	0.13763	0.02362	0.03336	0.01698	0.01925	0.01208	0.00896	0.00856	0.00278	0.01272	0.00684	0.00480	0.01346
98	0.01278	0.00959	0.01438	0.01438	0.01598	0.01118	0.01118	0.01598	0.01438	0.02077	0.02396	0.03515	0.02237	0.06710	0.65013	0.01438	0.02396	0.00959	0.00479	0.00799
99	0.02392	0.69097	0.04688	0.01531	0.02296	0.03540	0.01531	0.02679	0.01818	0.02105	0.01244	0.01435	0.01148	0.00765	0.00574	0.00191	0.00957	0.00478	0.00383	0.01148
100	0.01090	0.00779	0.01038	0.01246	0.01298	0.00727	0.00830	0.01246	0.01713	0.02284	0.04931	0.67975	0.05917	0.02803	0.01142	0.00363	0.00519	0.02543	0.00830	0.00727
101	0.01087	0.00789	0.01028	0.01219	0.01291	0.00729	0.00819	0.01249	0.01738	0.02294	0.05254	0.63334	0.10349	0.02761	0.01135	0.00359	0.00514	0.02492	0.00831	0.00729
102	0.01065	0.00876	0.00938	0.00988	0.01230	0.00748	0.00716	0.01275	0.01961	0.02385	0.08072	0.22855	0.49009	0.02395	0.01078	0.00317	0.00469	0.02045	0.00831	0.00748
103	0.01090	0.00779	0.01038	0.01246	0.01298	0.00727	0.00830	0.01246	0.01713	0.02284	0.04931	0.67975	0.05917	0.02803	0.01142	0.00363	0.00519	0.02543	0.00830	0.00727
104	0.03342	0.04264	0.02535	0.02305	0.02766	0.64967	0.01729	0.03572	0.02535	0.02190	0.01383	0.01613	0.01152	0.00922	0.00807	0.00230	0.01613	0.00576	0.00461	0.01037
105	0.74878	0.01730	0.01315	0.01177	0.01730	0.02007	0.00969	0.02630	0.01523	0.04014	0.01246	0.01453	0.00969	0.00830	0.00554	0.00277	0.00692	0.00484	0.00554	0.00969
106	0.02214	0.02126	0.03631	0.05491	0.62978	0.02126	0.02746	0.02746	0.02037	0.02923	0.01683	0.02214	0.01417	0.00797	0.00886	0.00266	0.01063	0.00797	0.00443	0.01417
107	0.01280	0.00953	0.01408	0.01408	0.01558	0.01102	0.01081	0.01579	0.01429	0.02055	0.02423	0.03665	0.02302	0.10676	0.61136	0.01401	0.02298	0.00981	0.00483	0.00782
108	0.02225	0.01922	0.02023	0.01821	0.02326	0.02225	0.01416	0.04754	0.61361	0.03742	0.03641	0.03338	0.02731	0.01214	0.00910	0.00303	0.00708	0.01011	0.00910	0.01416
109	0.01690	0.01590	0.02683	0.66408	0.06162	0.01988	0.02485	0.02286	0.01789	0.02286	0.01590	0.02385	0.01193	0.00894	0.00894	0.00298	0.01193	0.00795	0.00398	0.00994
110	0.02214	0.02126	0.03631	0.05491	0.62978	0.02126	0.02746	0.02746	0.02037	0.02923	0.01683	0.02214	0.01417	0.00797	0.00886	0.00266	0.01063	0.00797	0.00443	0.01417
111	0.01135	0.00839	0.01049	0.01142	0.01276	0.00766	0.00793	0.01361	0.01951	0.02595	0.19347	0.39583	0.16900	0.05399	0.01257	0.00355	0.00499	0.02146	0.00855	0.00752
112	0.01187	0.00848	0.01150	0.01357	0.01452	0.00811	0.01000	0.01414	0.01809	0.02393	0.04877	0.51949	0.05704	0.02711	0.01168	0.00377	0.00603	0.17608	0.00829	0.00754
113	0.02214	0.02126	0.03631	0.05491	0.62978	0.02126	0.02746	0.02746	0.02037	0.02923	0.01683	0.02214	0.01417	0.00797	0.00886	0.00266	0.01063	0.00797	0.00443	0.01417
114	0.01825	0.07881	0.60934	0.02499	0.03793	0.02152	0.03216	0.02825	0.01885	0.02797	0.01587	0.01866	0.01134	0.00846	0.00836	0.00279	0.01304	0.00652	0.00378	0.01313
115	0.01931	0.03725	0.40716	0.03228	0.10928	0.02134	0.18862	0.02832	0.01968	0.02853	0.01671	0.02072	0.01228	0.00817	0.00911	0.00286	0.01344	0.00786	0.00406	0.01301
116	0.02590	0.02954	0.03638	0.03947	0.27610	0.24469	0.16058	0.03068	0.02232	0.02649	0.01607	0.02049	0.01309	0.00831	0.00898	0.00262	0.01365	0.00781	0.00452	0.01232
117	0.02629	0.03883	0.19953	0.02719	0.06362	0.32500	0.10458	0.03281	0.05044	0.02574	0.01627	0.01915	0.01264	0.00886	0.00863	0.00260	0.01447	0.00700	0.00457	0.01177
118	0.01135	0.00818	0.01086	0.01283	0.01368	0.00769	0.00905	0.01329	0.01775	0.02343	0.05100	0.57443	0.08488	0.02733	0.01150	0.00367	0.00557	0.09781	0.00830	0.00741
119	0.03102	0.04191	0.09692	0.02505	0.06134	0.54314	0.01966	0.03442	0.02434	0.02303	0.01425	0.01678	0.01164	0.00907	0.00816	0.00238	0.01550	0.00598	0.00450	0.01091
120	0.02085	0.26937	0.10797	0.02163	0.02893	0.02592	0.14153	0.02873	0.10520	0.02623	0.02493	0.02687	0.07255	0.01030	0.00951	0.00265	0.05143	0.00853	0.00517	0.01172
121	0.01135	0.00822	0.01134	0.01292	0.01370	0.00821	0.00900	0.01330	0.01647	0.02234	0.04323	0.52507	0.05034	0.03740	0.16469	0.00621	0.00970	0.02163	0.00746	0.00744
122	0.01513	0.01341	0.01624	0.07697	0.07555	0.05214	0.01390	0.01872	0.02056	0.02536	0.05565	0.07584	0.25522	0.02001	0.01079	0.00336	0.00792	0.22712	0.00730	0.00881
123	0.02537	0.10556	0.03832	0.03698	0.24547	0.20507	0.15985	0.03006	0.02174	0.02602	0.01576	0.01998	0.01295	0.00819	0.00868	0.00256	0.01317	0.00758	0.00443	0.01226
124	0.01970	0.01805	0.02430	0.01990	0.02454	0.08415	0.15147	0.08070	0.02348	0.05821	0.10873	0.16991	0.14581	0.01635	0.01022	0.00299	0.00912	0.01486	0.00737	0.01013
125	0.01401	0.01152	0.01756	0.02421	0.18375	0.01114	0.01361	0.01661	0.01803	0.02461	0.04032	0.49768	0.04671	0.02248	0.01071	0.00336	0.00670	0.02060	0.00723	0.00918

[dist]
# distance from previous block
# <min> <max>
0	3

[block]
# block no. 1 follows, 19 sequences, length 27
# corresponding to MSA columns:
# 131-157
name=unknown_B
#
# <colnr> <probs for GDERKNQSTAVLIFYWHMCP>
#	G	D	E	R	K	N	Q	S	T	A	V	L	I	F	Y	W	H	M	C	P
0	0.02005	0.03160	0.25942	0.09443	0.07455	0.06132	0.15321	0.02699	0.01880	0.02624	0.01560	0.02070	0.01215	0.00968	0.01287	0.00305	0.13551	0.00788	0.00408	0.01187
1	0.01928	0.07948	0.42399	0.02858	0.04019	0.02225	0.20373	0.02834	0.01952	0.02798	0.01645	0.02020	0.01202	0.00816	0.00896	0.00283	0.01356	0.00770	0.00401	0.01276
2	0.01943	0.03588	0.36387	0.03123	0.04249	0.02164	0.29798	0.02849	0.01993	0.02849	0.01702	0.02135	0.01239	0.00805	0.00947	0.00292	0.01410	0.00846	0.00413	0.01268
3	0.03304	0.03655	0.02552	0.02212	0.02747	0.44421	0.01705	0.19474	0.05894	0.03234	0.01709	0.01848	0.01334	0.00979	0.00837	0.00245	0.01392	0.00662	0.00605	0.01192
4	0.02164	0.02343	0.07558	0.04896	0.45181	0.02157	0.16799	0.02780	0.02047	0.02904	0.01710	0.02244	0.01386	0.00790	0.00925	0.00276	0.01188	0.00853	0.00441	0.01360
5	0.20678	0.07090	0.02249	0.01894	0.02365	0.39389	0.01468	0.03087	0.02132	0.02622	0.01444	0.01757	0.01217	0.01479	0.07266	0.00362	0.01428	0.00587	0.00481	0.01003
6	0.02894	0.34818	0.03550	0.01940	0.02544	0.36018	0.01635	0.03151	0.02197	0.02150	0.01317	0.01529	0.01150	0.00848	0.00697	0.00212	0.01304	0.00530	0.00424	0.01089
7	0.01295	0.00989	0.01456	0.05239	0.01852	0.01115	0.01189	0.01625	0.01575	0.02184	0.03136	0.08271	0.06269	0.05434	0.47068	0.01134	0.01936	0.06876	0.00552	0.00806
8	0.01163	0.00844	0.00982	0.01058	0.01152	0.00788	0.00683	0.01276	0.01636	0.02107	0.05147	0.29490	0.18954	0.27828	0.02426	0.00541	0.00636	0.01906	0.00720	0.00663
9	0.01367	0.00915	0.01036	0.01004	0.01139	0.00858	0.00648	0.01488	0.01686	0.05143	0.10908	0.06517	0.19063	0.40960	0.03096	0.00629	0.00707	0.01467	0.00692	0.00678
10	0.01814	0.01712	0.02569	0.02958	0.19113	0.02068	0.01899	0.02095	0.01642	0.02402	0.02248	0.18396	0.02418	0.01657	0.01915	0.00349	0.31965	0.01223	0.00515	0.01039
11	0.02272	0.01553	0.01721	0.01516	0.02004	0.01622	0.01188	0.03697	0.32383	0.15911	0.05140	0.04757	0.19439	0.01487	0.00949	0.00297	0.00648	0.01234	0.00929	0.01253
12	0.01525	0.00823	0.00990	0.00990	0.01067	0.00823	0.00655	0.01543	0.01466	0.02263	0.02413	0.03827	0.02304	0.20724	0.02733	0.26189	0.00669	0.00945	0.27454	0.00596
13	0.02551	0.44001	0.03813	0.01778	0.02382	0.19563	0.01584	0.02820	0.01958	0.02128	0.01345	0.01636	0.01215	0.01206	0.04588	0.00287	0.05097	0.00551	0.00410	0.01088
14	0.02608	0.01659	0.02156	0.02356	0.15469	0.05172	0.01508	0.03140	0.06225	0.24272	0.17237	0.04037	0.07674	0.01285	0.00939	0.00276	0.00774	0.01103	0.00861	0.01251
15	0.01199	0.00954	0.01091	0.01169	0.01372	0.00900	0.00832	0.01640	0.08276	0.02495	0.06477	0.36793	0.28699	0.02412	0.01082	0.00332	0.00513	0.02111	0.00839	0.00813
16	0.02055	0.01432	0.01578	0.01415	0.01769	0.01498	0.01086	0.22798	0.02689	0.03750	0.03894	0.23670	0.09287	0.01729	0.00929	0.00288	0.00659	0.01466	0.16965	0.01042
17	0.02477	0.05187	0.02760	0.02021	0.02659	0.02047	0.12967	0.25717	0.02957	0.07779	0.04069	0.04039	0.18671	0.01332	0.00958	0.00281	0.00924	0.01150	0.00778	0.01225
18	0.01255	0.00848	0.00989	0.01035	0.01046	0.00837	0.00605	0.01289	0.01391	0.01854	0.03278	0.19373	0.03832	0.54249	0.03811	0.00758	0.00792	0.01571	0.00605	0.00582
19	0.01217	0.00851	0.01064	0.01115	0.01197	0.00812	0.00734	0.01400	0.01818	0.02489	0.21721	0.27591	0.05754	0.25502	0.02309	0.00515	0.00611	0.01827	0.00777	0.00698
20	0.02576	0.02058	0.02186	0.01849	0.02395	0.02329	0.01459	0.23847	0.37468	0.04275	0.03066	0.03085	0.02342	0.05545	0.01142	0.00328	0.00815	0.00958	0.00881	0.01396
21	0.03401	0.02506	0.02685	0.02058	0.02774	0.02774	0.01700	0.59995	0.04206	0.05638	0.02148	0.02148	0.01521	0.01074	0.00895	0.00268	0.00984	0.00805	0.00895	0.01521
22	0.02322	0.02112	0.02343	0.02421	0.12476	0.06482	0.01633	0.07078	0.37180	0.03504	0.02832	0.02789	0.02169	0.01051	0.00869	0.00270	0.00840	0.00877	0.00755	0.09997
23	0.06593	0.19764	0.03048	0.01995	0.02601	0.30767	0.01636	0.17745	0.02736	0.03140	0.01538	0.01698	0.01237	0.00918	0.00759	0.00233	0.01245	0.00606	0.00557	0.01185
24	0.02572	0.01876	0.02907	0.03839	0.37288	0.01858	0.02121	0.03288	0.09185	0.17316	0.06579	0.02853	0.02248	0.00991	0.00904	0.00274	0.00906	0.00904	0.00692	0.01402
25	0.01218	0.00864	0.01007	0.01035	0.01123	0.00820	0.00659	0.01342	0.01668	0.02204	0.12563	0.17820	0.14011	0.36489	0.02876	0.00602	0.00674	0.01668	0.00703	0.00653
26	0.01522	0.01068	0.01297	0.01243	0.01531	0.01018	0.00962	0.02106	0.08682	0.07351	0.30932	0.10221	0.19152	0.01930	0.01052	0.00306	0.00530	0.07247	0.00926	0.00924

[dist]
# distance from previous block
# <min> <max>
0	16

[block]
# block no. 2 follows, 19 sequences, length 35
# corresponding to MSA columns:
# 174-208
name=unknown_C
#
# <colnr> <probs for GDERKNQSTAVLIFYWHMCP>
#	G	D	E	R	K	N	Q	S	T	A	V	L	I	F	Y	W	H	M	C	P
0	0.02543	0.01506	0.01770	0.01503	0.01982	0.01491	0.01185	0.15327	0.08015	0.20893	0.08029	0.14006	0.14641	0.01632	0.00976	0.00296	0.00689	0.01371	0.00941	0.01204
1	0.01143	0.00839	0.01016	0.01107	0.01222	0.00773	0.00744	0.01315	0.01800	0.02358	0.12046	0.36183	0.18088	0.15046	0.01761	0.00436	0.00560	0.02058	0.00794	0.00711
2	0.01100	0.00830	0.00988	0.01106	0.01236	0.00750	0.00752	0.01264	0.01781	0.02274	0.06099	0.42030	0.24552	0.09141	0.01452	0.00393	0.00532	0.02202	0.00802	0.00718
3	0.01301	0.00867	0.00976	0.00976	0.00976	0.00867	0.00542	0.01301	0.01301	0.01735	0.02819	0.05855	0.03253	0.68559	0.04554	0.00867	0.00867	0.01301	0.00542	0.00542
4	0.01087	0.00791	0.01025	0.01212	0.01289	0.00730	0.00816	0.01250	0.01745	0.02297	0.05341	0.62091	0.11537	0.02750	0.01134	0.00357	0.00513	0.02478	0.00831	0.00730
5	0.02370	0.01776	0.01948	0.01627	0.02115	0.01895	0.01298	0.33601	0.03139	0.04143	0.04181	0.11413	0.17031	0.02074	0.06770	0.00394	0.00929	0.01284	0.00834	0.01177
6	0.01200	0.00840	0.01057	0.01131	0.01205	0.00800	0.00742	0.01372	0.01782	0.02428	0.18340	0.33259	0.05688	0.23447	0.02204	0.00503	0.00606	0.01923	0.00777	0.00697
7	0.01963	0.01836	0.02851	0.04068	0.42517	0.01838	0.02142	0.02657	0.08852	0.02906	0.03520	0.03741	0.14937	0.01166	0.00926	0.00278	0.00889	0.01060	0.00581	0.01272
8	0.01308	0.00967	0.01377	0.05186	0.01729	0.01088	0.01067	0.01597	0.01508	0.02143	0.02871	0.06951	0.05414	0.13297	0.44098	0.01127	0.01845	0.01103	0.04551	0.00775
9	0.01696	0.01654	0.01388	0.01434	0.01573	0.16473	0.00975	0.01829	0.01806	0.02117	0.03511	0.35516	0.04056	0.19524	0.01951	0.00463	0.00878	0.01738	0.00665	0.00754
10	0.02560	0.01537	0.01763	0.01457	0.01837	0.01579	0.01082	0.20915	0.02509	0.16233	0.02754	0.04056	0.02471	0.32326	0.02590	0.00548	0.00882	0.01055	0.00777	0.01068
11	0.02493	0.02571	0.02563	0.09106	0.14423	0.22879	0.04820	0.05773	0.08136	0.02894	0.02013	0.02346	0.01592	0.00944	0.00826	0.00253	0.01131	0.00765	0.13333	0.01139
12	0.02209	0.08964	0.02937	0.12714	0.14629	0.17344	0.07081	0.02649	0.02213	0.02703	0.14850	0.03011	0.02820	0.01061	0.00889	0.00261	0.01108	0.00914	0.00554	0.01087
13	0.02929	0.03512	0.02824	0.03088	0.17449	0.43432	0.02000	0.03230	0.02298	0.02365	0.01436	0.01794	0.01219	0.00955	0.01037	0.00255	0.07951	0.00651	0.00450	0.01124
14	0.02132	0.01069	0.01392	0.01266	0.01496	0.01018	0.00897	0.02288	0.04557	0.18987	0.05861	0.10391	0.03043	0.21002	0.02607	0.18476	0.00752	0.01187	0.00728	0.00849
15	0.01931	0.03608	0.38900	0.03245	0.14776	0.02174	0.10931	0.02758	0.01899	0.02791	0.01608	0.02028	0.01221	0.00894	0.01080	0.00293	0.07417	0.00753	0.00401	0.01292
16	0.01436	0.12895	0.01818	0.01245	0.01553	0.01417	0.01014	0.01732	0.02075	0.02700	0.22861	0.11745	0.23494	0.01879	0.01119	0.00293	0.05189	0.03899	0.00768	0.00867
17	0.01929	0.01565	0.01817	0.01415	0.02056	0.01329	0.01108	0.10321	0.02164	0.03184	0.02311	0.14594	0.02235	0.01132	0.00788	0.00196	0.00681	0.00956	0.00640	0.49578
18	0.01647	0.01124	0.01369	0.01307	0.01513	0.01243	0.01005	0.07536	0.01939	0.02940	0.03193	0.14515	0.05511	0.02770	0.15938	0.00548	0.06976	0.01199	0.26842	0.00885
19	0.01351	0.00877	0.01126	0.01175	0.01294	0.00822	0.00799	0.01554	0.01889	0.06035	0.19677	0.34396	0.05792	0.16812	0.01850	0.00447	0.00583	0.01932	0.00824	0.00763
20	0.02265	0.02256	0.03318	0.10473	0.16627	0.08213	0.16063	0.07874	0.02230	0.03007	0.01694	0.02134	0.01339	0.00804	0.00869	0.00244	0.01141	0.00777	0.00503	0.18168
21	0.01889	0.01154	0.01332	0.01222	0.01624	0.01046	0.00970	0.02370	0.07535	0.16785	0.06857	0.06986	0.37455	0.01922	0.01025	0.00307	0.00585	0.07037	0.00902	0.01000
22	0.02271	0.07118	0.19541	0.02619	0.03288	0.16112	0.13334	0.02811	0.01931	0.02476	0.01460	0.01922	0.01192	0.01033	0.01420	0.00299	0.18882	0.00740	0.00414	0.01136
23	0.02442	0.01871	0.02047	0.01758	0.02256	0.02044	0.01407	0.29057	0.16783	0.04209	0.03711	0.12165	0.08210	0.01562	0.00976	0.00305	0.00798	0.06259	0.00878	0.01263
24	0.02550	0.24572	0.08331	0.02289	0.06912	0.23410	0.07230	0.02953	0.02112	0.02442	0.01569	0.01866	0.01300	0.00853	0.00746	0.00229	0.01211	0.00638	0.07668	0.01118
25	0.01234	0.00944	0.01312	0.01650	0.06929	0.00894	0.01068	0.01463	0.01816	0.02404	0.04987	0.49242	0.10547	0.02531	0.01123	0.00355	0.00601	0.09301	0.00795	0.00804
26	0.01459	0.00817	0.01139	0.01154	0.01221	0.00791	0.00806	0.01234	0.01381	0.01783	0.03089	0.04263	0.12478	0.02916	0.02912	0.55963	0.00724	0.04889	0.00496	0.00483
27	0.01301	0.00867	0.00976	0.00976	0.00976	0.00867	0.00542	0.01301	0.01301	0.01735	0.02819	0.05855	0.03253	0.68559	0.04554	0.00867	0.00867	0.01301	0.00542	0.00542
28	0.25626	0.01936	0.02774	0.11095	0.36667	0.02071	0.02142	0.02655	0.01842	0.03202	0.01531	0.01988	0.01247	0.00819	0.00779	0.00273	0.00958	0.00696	0.00473	0.01224
29	0.01789	0.02373	0.17055	0.42848	0.13759	0.02028	0.02713	0.02479	0.01848	0.02504	0.01607	0.02245	0.01211	0.00870	0.00883	0.00290	0.01204	0.00764	0.00399	0.01131
30	0.02879	0.03498	0.02598	0.06002	0.02850	0.44823	0.01833	0.03122	0.02183	0.02185	0.01339	0.01749	0.01161	0.01091	0.01377	0.00277	0.18930	0.00644	0.00439	0.01019
31	0.01276	0.00877	0.01000	0.00991	0.01044	0.00855	0.00595	0.01352	0.01530	0.02043	0.11475	0.06194	0.08829	0.54017	0.03790	0.00741	0.00773	0.01392	0.00626	0.00601
32	0.02013	0.02279	0.08247	0.19895	0.21672	0.02141	0.25128	0.02684	0.01994	0.02734	0.01704	0.02313	0.01318	0.00808	0.00952	0.00289	0.01289	0.00889	0.00431	0.01222
33	0.01112	0.00891	0.00941	0.00952	0.01180	0.00777	0.00674	0.01303	0.01910	0.02342	0.10139	0.12180	0.45795	0.13871	0.01674	0.00404	0.00529	0.01819	0.00787	0.00720
34	0.01688	0.01863	0.14952	0.01459	0.02022	0.01232	0.01416	0.02312	0.06318	0.09900	0.18843	0.05687	0.25476	0.01649	0.00983	0.00290	0.00689	0.01383	0.00805	0.01034

[dist]
# distance from previous block
# <min> <max>
0	1

[block]
# block no. 3 follows, 19 sequences, length 44
# corresponding to MSA columns:
# 210-253
name=unknown_D
#
# <colnr> <probs for GDERKNQSTAVLIFYWHMCP>
#	G	D	E	R	K	N	Q	S	T	A	V	L	I	F	Y	W	H	M	C	P
0	0.03381	0.02493	0.08537	0.02002	0.02772	0.02379	0.01771	0.41945	0.03611	0.18344	0.02404	0.02324	0.01639	0.01060	0.00892	0.00272	0.00968	0.00812	0.00892	0.01502
1	0.02823	0.02219	0.02360	0.01942	0.02554	0.02505	0.01561	0.32848	0.32294	0.04707	0.02882	0.02733	0.02116	0.01143	0.00903	0.00286	0.00849	0.00907	0.00903	0.01470
2	0.02098	0.37415	0.33798	0.02032	0.03071	0.02821	0.02403	0.02755	0.01853	0.02463	0.01422	0.01658	0.01141	0.00807	0.00710	0.00237	0.01136	0.00568	0.00380	0.01234
3	0.01961	0.01680	0.02220	0.02372	0.16800	0.01495	0.01483	0.07805	0.02124	0.03083	0.02487	0.09472	0.05653	0.01064	0.00815	0.00213	0.00763	0.00921	0.00595	0.36995
4	0.02066	0.01662	0.01268	0.01213	0.01468	0.16385	0.00903	0.02385	0.01989	0.02940	0.02456	0.02877	0.01968	0.01150	0.00859	0.05087	0.00731	0.00768	0.50971	0.00854
5	0.02959	0.02028	0.02490	0.02460	0.14760	0.05683	0.01648	0.14572	0.02609	0.21128	0.02274	0.02319	0.01632	0.00918	0.00833	0.00235	0.00896	0.00750	0.00749	0.19057
6	0.03071	0.03634	0.03173	0.02606	0.03198	0.43322	0.14823	0.10203	0.02641	0.02757	0.01571	0.01858	0.01243	0.00902	0.00874	0.00251	0.01514	0.00712	0.00511	0.01134
7	0.20697	0.03510	0.02251	0.02012	0.02515	0.44771	0.01542	0.07812	0.02422	0.02905	0.01410	0.01617	0.01137	0.00912	0.00752	0.00245	0.01340	0.00572	0.00518	0.01059
8	0.01132	0.00809	0.01087	0.01294	0.01365	0.00763	0.00904	0.01319	0.01755	0.02331	0.04908	0.61009	0.05825	0.02763	0.01153	0.00369	0.00556	0.09091	0.00830	0.00738
9	0.01188	0.00862	0.01101	0.01163	0.01278	0.00838	0.00804	0.01395	0.01777	0.02399	0.15113	0.28496	0.11491	0.15916	0.11435	0.00602	0.00846	0.01822	0.00750	0.00726
10	0.02850	0.08067	0.02544	0.01997	0.02561	0.20776	0.01585	0.17643	0.25612	0.03619	0.02430	0.02395	0.01851	0.01059	0.00850	0.00265	0.01059	0.00792	0.00734	0.01310
11	0.01209	0.00829	0.01003	0.01094	0.01116	0.00806	0.00668	0.01277	0.01481	0.01974	0.03741	0.32980	0.04416	0.39846	0.03064	0.00647	0.00715	0.01843	0.00668	0.00623
12	0.01175	0.00839	0.01136	0.01343	0.01432	0.00800	0.00979	0.01393	0.01797	0.02379	0.04884	0.53935	0.05731	0.02722	0.01165	0.00375	0.00593	0.15741	0.00829	0.00750
13	0.01382	0.00925	0.01277	0.01277	0.01450	0.01043	0.00987	0.01727	0.01554	0.02412	0.02535	0.03467	0.02252	0.05202	0.47884	0.01111	0.01870	0.00925	0.19911	0.00808
14	0.74878	0.01730	0.01315	0.01177	0.01730	0.02007	0.00969	0.02630	0.01523	0.04014	0.01246	0.01453	0.00969	0.00830	0.00554	0.00277	0.00692	0.00484	0.00554	0.00969
15	0.01278	0.00959	0.01438	0.01438	0.01598	0.01118	0.01118	0.01598	0.01438	0.02077	0.02396	0.03515	0.02237	0.06710	0.65013	0.01438	0.02396	0.00959	0.00479	0.00799
16	0.03342	0.04264	0.02535	0.02305	0.02766	0.64967	0.01729	0.03572	0.02535	0.02190	0.01383	0.01613	0.01152	0.00922	0.00807	0.00230	0.01613	0.00576	0.00461	0.01037
17	0.01734	0.01438	0.01597	0.01553	0.01929	0.01551	0.01244	0.03141	0.31197	0.03138	0.05248	0.06413	0.17899	0.01804	0.01033	0.00332	0.00677	0.16107	0.00868	0.01098
18	0.03538	0.01629	0.02062	0.01653	0.02295	0.01557	0.01342	0.04465	0.18203	0.47674	0.03559	0.03123	0.02352	0.01136	0.00903	0.00284	0.00747	0.00929	0.01055	0.01494
19	0.02305	0.02553	0.02892	0.02451	0.02634	0.17795	0.06477	0.02554	0.01711	0.02218	0.01275	0.01910	0.01184	0.01345	0.02271	0.00345	0.45901	0.00754	0.00413	0.01011
20	0.01218	0.00839	0.01025	0.01095	0.01138	0.00812	0.00685	0.01325	0.01598	0.02155	0.10520	0.29288	0.04854	0.36132	0.02867	0.00610	0.00685	0.01804	0.00702	0.00646
21	0.01291	0.00881	0.01040	0.01019	0.01081	0.00861	0.00630	0.01414	0.01660	0.02276	0.20241	0.06096	0.04767	0.49081	0.03532	0.00696	0.00737	0.01394	0.00671	0.00630
22	0.01272	0.00872	0.00967	0.00967	0.01004	0.00854	0.00559	0.01299	0.01390	0.01817	0.03570	0.06186	0.10396	0.60581	0.04133	0.00799	0.00818	0.01372	0.00577	0.00568
23	0.01545	0.01108	0.01415	0.01505	0.01703	0.01122	0.01191	0.08597	0.02138	0.02823	0.04340	0.28760	0.04827	0.07651	0.01425	0.00414	0.00741	0.27028	0.00812	0.00852
24	0.02225	0.01922	0.02023	0.01821	0.02326	0.02225	0.01416	0.04754	0.61361	0.03742	0.03641	0.03338	0.02731	0.01214	0.00910	0.00303	0.00708	0.01011	0.00910	0.01416
25	0.01244	0.00917	0.01191	0.01319	0.01498	0.00864	0.01037	0.01549	0.02026	0.02652	0.14233	0.26210	0.16202	0.02435	0.01149	0.00358	0.00608	0.22872	0.00851	0.00786
26	0.02055	0.01964	0.03344	0.23938	0.45773	0.02084	0.02667	0.02606	0.01962	0.02730	0.01655	0.02266	0.01349	0.00827	0.00888	0.00276	0.01102	0.00797	0.00429	0.01289
27	0.01983	0.06176	0.15615	0.02986	0.03732	0.02322	0.30529	0.02626	0.01861	0.02625	0.01648	0.02237	0.01321	0.01307	0.05335	0.00381	0.14851	0.00889	0.00424	0.01154
28	0.03350	0.04016	0.02556	0.02270	0.02767	0.56191	0.01725	0.11534	0.02771	0.02676	0.01491	0.01689	0.01204	0.00943	0.00819	0.00236	0.01525	0.00609	0.00522	0.01106
29	0.01289	0.00846	0.00955	0.01006	0.01151	0.00796	0.00690	0.01517	0.01798	0.02571	0.08645	0.22421	0.16324	0.14901	0.01642	0.00402	0.00539	0.01651	0.20123	0.00733
30	0.15611	0.02646	0.12729	0.01953	0.02714	0.02434	0.01812	0.37137	0.03195	0.04690	0.01910	0.02054	0.01396	0.01291	0.04218	0.00334	0.01065	0.00733	0.00725	0.01352
31	0.02768	0.02368	0.02187	0.01792	0.02356	0.12428	0.01434	0.35131	0.03356	0.04216	0.03862	0.03779	0.17713	0.01366	0.00924	0.00271	0.00946	0.01056	0.00807	0.01238
32	0.01080	0.00817	0.00998	0.01142	0.01270	0.00735	0.00785	0.01257	0.01812	0.02324	0.06189	0.49901	0.23179	0.02639	0.01116	0.00345	0.00499	0.02344	0.00831	0.00735
33	0.01316	0.00885	0.01066	0.01066	0.01111	0.00919	0.00669	0.01406	0.01361	0.01894	0.02735	0.05222	0.02985	0.51798	0.17149	0.00953	0.01167	0.01203	0.04483	0.00612
34	0.01633	0.01248	0.01377	0.01222	0.01569	0.01219	0.00940	0.13919	0.02612	0.03424	0.23560	0.06499	0.29930	0.05388	0.01207	0.00319	0.00579	0.01544	0.00876	0.00934
35	0.02051	0.01954	0.03247	0.04844	0.54262	0.01932	0.02454	0.02539	0.02037	0.02851	0.02724	0.03117	0.10052	0.01004	0.00910	0.00271	0.00977	0.00951	0.00498	0.01324
36	0.01868	0.01416	0.01634	0.01532	0.01857	0.01471	0.01142	0.16394	0.10570	0.03358	0.03856	0.38625	0.04102	0.02022	0.01019	0.00317	0.00670	0.01776	0.00839	0.05534
37	0.01790	0.11465	0.11751	0.02349	0.14334	0.01720	0.01740	0.02231	0.01853	0.02622	0.02451	0.19462	0.02511	0.01302	0.00850	0.00252	0.00845	0.01131	0.00549	0.18793
38	0.02401	0.01733	0.02711	0.03172	0.25714	0.01678	0.06387	0.03048	0.07671	0.17012	0.09964	0.03660	0.08503	0.01165	0.00941	0.00280	0.00863	0.01061	0.00740	0.01295
39	0.02123	0.16557	0.22203	0.03787	0.32597	0.02400	0.02668	0.02759	0.01947	0.02729	0.01570	0.01956	0.01276	0.00807	0.00811	0.00256	0.01120	0.00691	0.00411	0.01333
40	0.02063	0.02956	0.18805	0.02587	0.10066	0.16977	0.06642	0.02581	0.02053	0.02556	0.02535	0.17368	0.02535	0.01402	0.00951	0.00296	0.01162	0.04833	0.00543	0.01088
41	0.02214	0.02126	0.03631	0.05491	0.62978	0.02126	0.02746	0.02746	0.02037	0.02923	0.01683	0.02214	0.01417	0.00797	0.00886	0.00266	0.01063	0.00797	0.00443	0.01417
42	0.02302	0.01846	0.02513	0.03045	0.23203	0.01958	0.01868	0.03673	0.27996	0.09183	0.03086	0.03734	0.02518	0.01211	0.00940	0.00301	0.00850	0.07659	0.00758	0.01356
43	0.02558	0.01909	0.03119	0.04322	0.45199	0.01858	0.02297	0.03040	0.02188	0.16668	0.06118	0.02697	0.02061	0.00935	0.00900	0.00269	0.00952	0.00875	0.00629	0.01403

[dist]
# distance from previous block
# <min> <max>
0	6

# created by:
# /home/cegg/simao/soft/augustus-3.2.1/scripts/msa2prfl.pl ./align_prep/12105.fa
