[name]
unknown

[dist]
# distance from previous block
# <min> <max>
0	14

[block]
# block no. 0 follows, 23 sequences, length 113
# corresponding to MSA columns:
# 14-126
name=unknown_A
#
# <colnr> <probs for GDERKNQSTAVLIFYWHMCP>
#	G	D	E	R	K	N	Q	S	T	A	V	L	I	F	Y	W	H	M	C	P
0	0.01469	0.00918	0.01139	0.01065	0.01347	0.00819	0.00834	0.01784	0.02113	0.12196	0.31965	0.06448	0.25440	0.01748	0.00953	0.00272	0.00473	0.07337	0.00850	0.00828
1	0.01175	0.00733	0.00884	0.00988	0.01082	0.00704	0.00674	0.01389	0.01599	0.02377	0.06178	0.41647	0.04226	0.07669	0.01140	0.00320	0.00464	0.01694	0.24378	0.00680
2	0.01482	0.01448	0.01273	0.01299	0.01478	0.15740	0.00930	0.01702	0.01923	0.02355	0.19346	0.35601	0.08491	0.01913	0.00944	0.00281	0.00666	0.01665	0.00714	0.00750
3	0.02207	0.01648	0.01794	0.01457	0.01928	0.01743	0.01174	0.36795	0.03060	0.04075	0.16719	0.04113	0.17107	0.01358	0.00875	0.00253	0.00679	0.01103	0.00816	0.01097
4	0.01515	0.01310	0.01867	0.23166	0.08908	0.01469	0.01519	0.05691	0.08017	0.02423	0.03243	0.03629	0.15043	0.02276	0.15871	0.00498	0.01119	0.00981	0.00536	0.00919
5	0.19020	0.01557	0.01539	0.01279	0.01726	0.01712	0.01035	0.27260	0.02494	0.04016	0.02023	0.02205	0.01526	0.00914	0.00653	0.00225	0.00644	0.00675	0.28457	0.01038
6	0.02829	0.02037	0.01990	0.01656	0.02188	0.12606	0.01317	0.16246	0.19423	0.22499	0.02949	0.02753	0.05678	0.01059	0.00812	0.00250	0.00829	0.00831	0.00805	0.01241
7	0.01830	0.01530	0.01762	0.01272	0.01986	0.01233	0.01023	0.08544	0.01907	0.02904	0.01496	0.01711	0.01221	0.00640	0.00623	0.00133	0.00632	0.00507	0.00516	0.68531
8	0.01012	0.00767	0.00934	0.01014	0.01159	0.00689	0.00714	0.01223	0.01797	0.02351	0.18251	0.38359	0.24367	0.02212	0.00996	0.00297	0.00434	0.01953	0.00782	0.00689
9	0.01167	0.00787	0.00913	0.00924	0.00935	0.00792	0.00538	0.01193	0.01210	0.01621	0.02649	0.09113	0.03041	0.63575	0.07657	0.00789	0.00848	0.01229	0.00504	0.00515
10	0.01175	0.00805	0.00978	0.00978	0.01011	0.00837	0.00608	0.01240	0.01208	0.01642	0.02471	0.04837	0.02745	0.56914	0.18419	0.00902	0.01096	0.01111	0.00479	0.00544
11	0.03031	0.03867	0.02299	0.02090	0.02508	0.68226	0.01568	0.03240	0.02299	0.01986	0.01254	0.01463	0.01045	0.00836	0.00732	0.00209	0.01463	0.00523	0.00418	0.00941
12	0.02020	0.01992	0.03151	0.11199	0.56704	0.05753	0.02413	0.02492	0.01851	0.02555	0.01502	0.01992	0.01251	0.00738	0.00800	0.00242	0.01005	0.00711	0.00399	0.01227
13	0.03031	0.03867	0.02299	0.02090	0.02508	0.68226	0.01568	0.03240	0.02299	0.01986	0.01254	0.01463	0.01045	0.00836	0.00732	0.00209	0.01463	0.00523	0.00418	0.00941
14	0.01021	0.00744	0.00966	0.01109	0.01202	0.00689	0.00773	0.01207	0.01679	0.02229	0.11318	0.54290	0.11575	0.02383	0.01025	0.00319	0.00472	0.05554	0.00768	0.00678
15	0.02049	0.56873	0.18293	0.01594	0.02401	0.02915	0.01747	0.02461	0.01663	0.02056	0.01201	0.01393	0.01038	0.00711	0.00576	0.00192	0.00942	0.00471	0.00346	0.01076
16	0.02008	0.01928	0.03294	0.04981	0.66422	0.01928	0.02490	0.02490	0.01848	0.02651	0.01526	0.02008	0.01285	0.00723	0.00803	0.00241	0.00964	0.00723	0.00402	0.01285
17	0.01409	0.00705	0.01057	0.01057	0.01057	0.00705	0.00705	0.01057	0.01057	0.01409	0.01409	0.02467	0.01409	0.02819	0.03171	0.76392	0.00705	0.00705	0.00352	0.00352
18	0.02284	0.02340	0.01945	0.01775	0.02206	0.22025	0.01372	0.03835	0.42311	0.02911	0.02739	0.02908	0.02170	0.01087	0.00814	0.00261	0.00897	0.04273	0.00698	0.01149
19	0.01894	0.01812	0.03088	0.20413	0.51878	0.01898	0.02434	0.02391	0.01794	0.02513	0.01506	0.02045	0.01237	0.00744	0.00805	0.00248	0.00992	0.00723	0.00392	0.01194
20	0.01627	0.04197	0.67279	0.02313	0.03512	0.01884	0.02998	0.02570	0.01713	0.02570	0.01456	0.01713	0.01028	0.00771	0.00771	0.00257	0.01199	0.00600	0.00343	0.01199
21	0.00989	0.00706	0.00942	0.01130	0.01177	0.00659	0.00753	0.01130	0.01554	0.02071	0.04472	0.70954	0.05367	0.02542	0.01036	0.00330	0.00471	0.02307	0.00753	0.00659
22	0.00982	0.00730	0.00917	0.01066	0.01160	0.00664	0.00725	0.01137	0.01615	0.02097	0.05255	0.57768	0.18048	0.02440	0.01020	0.00318	0.00458	0.02183	0.00753	0.00664
23	0.01952	0.01945	0.03539	0.09654	0.48725	0.01944	0.15207	0.02481	0.01844	0.02595	0.01544	0.02058	0.01258	0.00722	0.00836	0.00250	0.01057	0.00772	0.00400	0.01216
24	0.01116	0.00833	0.01043	0.01031	0.01234	0.00761	0.00789	0.01447	0.02118	0.02876	0.43803	0.09747	0.20255	0.01849	0.00978	0.00275	0.00432	0.07831	0.00840	0.00741
25	0.02937	0.02185	0.02356	0.01797	0.02454	0.02365	0.01481	0.57215	0.03590	0.04854	0.01895	0.01920	0.01361	0.00935	0.00790	0.00231	0.00862	0.00704	0.00777	0.09292
26	0.02009	0.01919	0.03220	0.04812	0.63171	0.01933	0.02429	0.02582	0.05037	0.02688	0.01616	0.02060	0.01346	0.00742	0.00804	0.00243	0.00948	0.00733	0.00423	0.01285
27	0.02791	0.03217	0.02555	0.02761	0.17916	0.44709	0.01787	0.09994	0.02364	0.02505	0.01399	0.01650	0.01141	0.00825	0.00758	0.00221	0.01278	0.00595	0.00459	0.01074
28	0.01627	0.04197	0.67279	0.02313	0.03512	0.01884	0.02998	0.02570	0.01713	0.02570	0.01456	0.01713	0.01028	0.00771	0.00771	0.00257	0.01199	0.00600	0.00343	0.01199
29	0.01164	0.00852	0.01217	0.01217	0.01331	0.00967	0.00905	0.01393	0.01278	0.01819	0.02253	0.03631	0.02221	0.19742	0.54874	0.01196	0.01884	0.00934	0.00447	0.00676
30	0.02760	0.03018	0.02542	0.05734	0.15998	0.37599	0.01786	0.15677	0.02491	0.02783	0.01465	0.01711	0.01167	0.00840	0.00767	0.00226	0.01222	0.00617	0.00494	0.01103
31	0.03046	0.03420	0.02338	0.02028	0.02511	0.49784	0.01561	0.20214	0.02725	0.02864	0.01449	0.01599	0.01139	0.00875	0.00754	0.00219	0.01303	0.00581	0.00529	0.01064
32	0.01222	0.00872	0.01082	0.01169	0.01269	0.00860	0.00795	0.07328	0.01726	0.02304	0.03959	0.55109	0.04640	0.11858	0.01439	0.00384	0.00556	0.01996	0.00723	0.00707
33	0.02504	0.20050	0.03086	0.02807	0.22073	0.31804	0.01807	0.02810	0.02000	0.02172	0.01307	0.01591	0.01118	0.00766	0.00702	0.00210	0.01163	0.00562	0.00396	0.01072
34	0.01652	0.07299	0.64394	0.02270	0.03447	0.01945	0.02924	0.02563	0.01710	0.02539	0.01441	0.01694	0.01028	0.00767	0.00759	0.00253	0.01184	0.00592	0.00343	0.01192
35	0.01702	0.00945	0.01224	0.01217	0.01485	0.00854	0.00948	0.01948	0.01873	0.18165	0.04934	0.27570	0.17548	0.01995	0.00983	0.00307	0.00570	0.14059	0.00814	0.00861
36	0.02571	0.02827	0.02765	0.03384	0.31602	0.31546	0.01985	0.08882	0.02244	0.02598	0.01447	0.01759	0.01188	0.00798	0.00772	0.00227	0.01180	0.00634	0.00450	0.01141
37	0.01955	0.07300	0.41092	0.02032	0.02953	0.01996	0.02324	0.17484	0.02211	0.03109	0.01857	0.08597	0.01545	0.00992	0.00793	0.00256	0.01032	0.00791	0.00499	0.01181
38	0.01028	0.00723	0.00930	0.01080	0.01117	0.00685	0.00700	0.01140	0.01477	0.01969	0.04079	0.57472	0.04870	0.16701	0.01671	0.00423	0.00536	0.02075	0.00700	0.00625
39	0.09438	0.01611	0.01650	0.01443	0.01891	0.05243	0.01134	0.05708	0.29305	0.14026	0.10854	0.03479	0.08411	0.01183	0.00815	0.00261	0.00652	0.00962	0.00803	0.01131
40	0.02542	0.42690	0.03421	0.01678	0.02266	0.27870	0.01464	0.05741	0.02002	0.02095	0.01216	0.01395	0.01059	0.00762	0.00615	0.00190	0.01095	0.00482	0.00397	0.01020
41	0.01532	0.01442	0.02434	0.69533	0.05589	0.01803	0.02253	0.02073	0.01622	0.02073	0.01442	0.02163	0.01082	0.00811	0.00811	0.00270	0.01082	0.00721	0.00361	0.00901
42	0.02003	0.01942	0.03376	0.04895	0.63010	0.01935	0.05836	0.02496	0.01851	0.02648	0.01533	0.02018	0.01282	0.00721	0.00812	0.00243	0.00986	0.00736	0.00402	0.01275
43	0.01580	0.01524	0.01457	0.01410	0.01592	0.15950	0.01051	0.01804	0.01505	0.01855	0.02032	0.03154	0.01962	0.15720	0.42626	0.00975	0.01786	0.00843	0.00440	0.00734
44	0.01513	0.00756	0.00756	0.00756	0.00945	0.00756	0.00567	0.01891	0.01702	0.03025	0.02647	0.03025	0.02080	0.00945	0.00567	0.00189	0.00378	0.00756	0.75988	0.00756
45	0.77215	0.01569	0.01193	0.01067	0.01569	0.01820	0.00879	0.02385	0.01381	0.03641	0.01130	0.01318	0.00879	0.00753	0.00502	0.00251	0.00628	0.00439	0.00502	0.00879
46	0.01897	0.02492	0.17171	0.03885	0.31813	0.01962	0.23655	0.02544	0.01843	0.02616	0.01551	0.02009	0.01213	0.00720	0.00850	0.00256	0.01153	0.00778	0.00392	0.01201
47	0.03085	0.02273	0.02435	0.01867	0.02516	0.02516	0.01542	0.63716	0.03815	0.05114	0.01948	0.01948	0.01380	0.00974	0.00812	0.00244	0.00893	0.00731	0.00812	0.01380
48	0.00989	0.00706	0.00942	0.01130	0.01177	0.00659	0.00753	0.01130	0.01554	0.02071	0.04472	0.70954	0.05367	0.02542	0.01036	0.00330	0.00471	0.02307	0.00753	0.00659
49	0.02230	0.02348	0.03078	0.04354	0.52577	0.16289	0.02290	0.02653	0.01945	0.02507	0.01467	0.01890	0.01233	0.00747	0.00788	0.00234	0.01072	0.00680	0.00405	0.01211
50	0.01775	0.01775	0.02485	0.02130	0.02130	0.02485	0.01775	0.01953	0.01243	0.01953	0.01065	0.01775	0.01065	0.01420	0.02663	0.00355	0.69998	0.00710	0.00355	0.00888
51	0.01020	0.00729	0.00978	0.01166	0.01227	0.00686	0.00808	0.01184	0.01585	0.02107	0.04455	0.64840	0.05298	0.02512	0.01044	0.00334	0.00498	0.08109	0.00753	0.00668
52	0.03641	0.01381	0.01883	0.01444	0.02071	0.01193	0.01193	0.03954	0.02322	0.66984	0.03201	0.02762	0.02009	0.01004	0.00816	0.00251	0.00690	0.00816	0.01004	0.01381
53	0.77215	0.01569	0.01193	0.01067	0.01569	0.01820	0.00879	0.02385	0.01381	0.03641	0.01130	0.01318	0.00879	0.00753	0.00502	0.00251	0.00628	0.00439	0.00502	0.00879
54	0.00989	0.00706	0.00942	0.01130	0.01177	0.00659	0.00753	0.01130	0.01554	0.02071	0.04472	0.70954	0.05367	0.02542	0.01036	0.00330	0.00471	0.02307	0.00753	0.00659
55	0.01017	0.00824	0.00903	0.00883	0.01132	0.00710	0.00662	0.01277	0.01987	0.02519	0.26000	0.07271	0.48109	0.01933	0.00958	0.00268	0.00402	0.01637	0.00797	0.00710
56	0.00987	0.00712	0.00936	0.01115	0.01173	0.00660	0.00747	0.01132	0.01568	0.02077	0.04656	0.67859	0.08343	0.02518	0.01032	0.00327	0.00468	0.02278	0.00753	0.00660
57	0.02116	0.65267	0.10487	0.01480	0.02224	0.03079	0.01548	0.02444	0.01655	0.01974	0.01161	0.01342	0.01040	0.00702	0.00545	0.00182	0.00901	0.00450	0.00347	0.01057
58	0.02003	0.01944	0.03383	0.04887	0.62703	0.01935	0.06137	0.02497	0.01852	0.02648	0.01533	0.02019	0.01282	0.00721	0.00813	0.00243	0.00988	0.00737	0.00402	0.01274
59	0.02760	0.02112	0.02252	0.01801	0.02393	0.02365	0.01464	0.45642	0.22418	0.04591	0.02360	0.02277	0.01714	0.01013	0.00816	0.00253	0.00817	0.00787	0.00816	0.01351
60	0.02169	0.71972	0.04252	0.01388	0.02083	0.03211	0.01388	0.02430	0.01649	0.01909	0.01128	0.01302	0.01041	0.00694	0.00521	0.00174	0.00868	0.00434	0.00347	0.01041
61	0.01980	0.01899	0.03242	0.08841	0.62784	0.01920	0.02476	0.02465	0.01834	0.02616	0.01521	0.02018	0.01273	0.00728	0.00804	0.00243	0.00971	0.00723	0.00399	0.01262
62	0.01741	0.18350	0.54118	0.02120	0.03213	0.02161	0.02662	0.02540	0.01700	0.02432	0.01388	0.01627	0.01031	0.00755	0.00719	0.00240	0.01130	0.00565	0.00344	0.01166
63	0.26026	0.01438	0.01673	0.01329	0.01919	0.01384	0.01097	0.03477	0.02036	0.47711	0.02571	0.02323	0.01665	0.00928	0.00721	0.00251	0.00671	0.00701	0.00852	0.01228
64	0.02008	0.01928	0.03294	0.04981	0.66422	0.01928	0.02490	0.02490	0.01848	0.02651	0.01526	0.02008	0.01285	0.00723	0.00803	0.00241	0.00964	0.00723	0.00402	0.01285
65	0.00989	0.00706	0.00942	0.01130	0.01177	0.00659	0.00753	0.01130	0.01554	0.02071	0.04472	0.70954	0.05367	0.02542	0.01036	0.00330	0.00471	0.02307	0.00753	0.00659
66	0.00959	0.00822	0.00822	0.00822	0.01096	0.00685	0.00617	0.01165	0.01850	0.02192	0.08220	0.07809	0.66092	0.02055	0.00959	0.00274	0.00411	0.01713	0.00754	0.00685
67	0.00959	0.00822	0.00822	0.00822	0.01096	0.00685	0.00617	0.01165	0.01850	0.02192	0.08220	0.07809	0.66092	0.02055	0.00959	0.00274	0.00411	0.01713	0.00754	0.00685
68	0.01627	0.04197	0.67279	0.02313	0.03512	0.01884	0.02998	0.02570	0.01713	0.02570	0.01456	0.01713	0.01028	0.00771	0.00771	0.00257	0.01199	0.00600	0.00343	0.01199
69	0.77215	0.01569	0.01193	0.01067	0.01569	0.01820	0.00879	0.02385	0.01381	0.03641	0.01130	0.01318	0.00879	0.00753	0.00502	0.00251	0.00628	0.00439	0.00502	0.00879
70	0.03085	0.02273	0.02435	0.01867	0.02516	0.02516	0.01542	0.63716	0.03815	0.05114	0.01948	0.01948	0.01380	0.00974	0.00812	0.00244	0.00893	0.00731	0.00812	0.01380
71	0.00959	0.00822	0.00822	0.00822	0.01096	0.00685	0.00617	0.01165	0.01850	0.02192	0.08220	0.07809	0.66092	0.02055	0.00959	0.00274	0.00411	0.01713	0.00754	0.00685
72	0.01209	0.01584	0.14825	0.01232	0.01690	0.01035	0.01190	0.01737	0.05705	0.02604	0.20748	0.05819	0.34304	0.01632	0.00911	0.00266	0.00582	0.01372	0.00706	0.00848
73	0.02470	0.01803	0.01978	0.01593	0.02047	0.01982	0.01256	0.43624	0.02980	0.04006	0.02106	0.02820	0.01794	0.17188	0.08224	0.00469	0.00996	0.00844	0.00703	0.01117
74	0.03033	0.03802	0.02305	0.02081	0.02509	0.65531	0.01567	0.05720	0.02362	0.02114	0.01283	0.01483	0.01059	0.00842	0.00735	0.00210	0.01440	0.00531	0.00434	0.00959
75	0.01909	0.01827	0.03114	0.18461	0.53718	0.01902	0.02441	0.02403	0.01801	0.02530	0.01509	0.02041	0.01243	0.00741	0.00805	0.00247	0.00989	0.00723	0.00393	0.01205
76	0.00989	0.00706	0.00942	0.01130	0.01177	0.00659	0.00753	0.01130	0.01554	0.02071	0.04472	0.70954	0.05367	0.02542	0.01036	0.00330	0.00471	0.02307	0.00753	0.00659
77	0.00973	0.00827	0.00842	0.00850	0.01120	0.00695	0.00645	0.01186	0.01850	0.02202	0.08059	0.07864	0.63570	0.02063	0.00966	0.00278	0.00425	0.04146	0.00753	0.00688
78	0.01040	0.00728	0.00926	0.01064	0.01098	0.00693	0.00683	0.01143	0.01453	0.01938	0.03958	0.53320	0.04718	0.21061	0.01867	0.00452	0.00556	0.02004	0.00683	0.00614
79	0.01967	0.01886	0.03219	0.10587	0.61138	0.01917	0.02470	0.02454	0.01828	0.02601	0.01519	0.02022	0.01268	0.00731	0.00804	0.00244	0.00974	0.00723	0.00398	0.01252
80	0.01022	0.00730	0.00980	0.01168	0.01230	0.00688	0.00812	0.01188	0.01587	0.02109	0.04454	0.64439	0.05293	0.02510	0.01045	0.00334	0.00500	0.08489	0.00753	0.00668
81	0.77215	0.01569	0.01193	0.01067	0.01569	0.01820	0.00879	0.02385	0.01381	0.03641	0.01130	0.01318	0.00879	0.00753	0.00502	0.00251	0.00628	0.00439	0.00502	0.00879
82	0.02984	0.07604	0.02407	0.02052	0.02485	0.64659	0.01558	0.03196	0.02264	0.01982	0.01247	0.01454	0.01045	0.00828	0.00720	0.00207	0.01431	0.00518	0.00414	0.00946
83	0.00959	0.00822	0.00822	0.00822	0.01096	0.00685	0.00617	0.01165	0.01850	0.02192	0.08220	0.07809	0.66092	0.02055	0.00959	0.00274	0.00411	0.01713	0.00754	0.00685
84	0.02008	0.01928	0.03294	0.04981	0.66422	0.01928	0.02490	0.02490	0.01848	0.02651	0.01526	0.02008	0.01285	0.00723	0.00803	0.00241	0.00964	0.00723	0.00402	0.01285
85	0.01627	0.04197	0.67279	0.02313	0.03512	0.01884	0.02998	0.02570	0.01713	0.02570	0.01456	0.01713	0.01028	0.00771	0.00771	0.00257	0.01199	0.00600	0.00343	0.01199
86	0.02008	0.01928	0.03294	0.04981	0.66422	0.01928	0.02490	0.02490	0.01848	0.02651	0.01526	0.02008	0.01285	0.00723	0.00803	0.00241	0.00964	0.00723	0.00402	0.01285
87	0.01627	0.04197	0.67279	0.02313	0.03512	0.01884	0.02998	0.02570	0.01713	0.02570	0.01456	0.01713	0.01028	0.00771	0.00771	0.00257	0.01199	0.00600	0.00343	0.01199
88	0.00959	0.00822	0.00822	0.00822	0.01096	0.00685	0.00617	0.01165	0.01850	0.02192	0.08220	0.07809	0.66092	0.02055	0.00959	0.00274	0.00411	0.01713	0.00754	0.00685
89	0.02814	0.03115	0.02548	0.02689	0.16749	0.40274	0.01768	0.15205	0.02503	0.02762	0.01454	0.01682	0.01166	0.00839	0.00764	0.00223	0.01238	0.00609	0.00493	0.01106
90	0.01001	0.00824	0.00881	0.00866	0.01122	0.00703	0.00650	0.01246	0.01949	0.02429	0.21091	0.07420	0.53074	0.01967	0.00959	0.00270	0.00405	0.01658	0.00785	0.00703
91	0.02435	0.02697	0.03086	0.03515	0.30433	0.26322	0.10629	0.06442	0.02141	0.02547	0.01468	0.01830	0.01195	0.00774	0.00799	0.00234	0.01200	0.00683	0.00433	0.01138
92	0.02142	0.68546	0.07438	0.01435	0.02155	0.03144	0.01470	0.02437	0.01652	0.01942	0.01145	0.01322	0.01041	0.00698	0.00533	0.00178	0.00885	0.00442	0.00347	0.01049
93	0.00959	0.00822	0.00822	0.00822	0.01096	0.00685	0.00617	0.01165	0.01850	0.02192	0.08220	0.07809	0.66092	0.02055	0.00959	0.00274	0.00411	0.01713	0.00754	0.00685
94	0.01030	0.00849	0.00912	0.00947	0.01177	0.00758	0.00690	0.01344	0.05550	0.02234	0.07003	0.23081	0.47327	0.02118	0.00970	0.00288	0.00440	0.01811	0.00758	0.00714
95	0.00989	0.00706	0.00942	0.01130	0.01177	0.00659	0.00753	0.01130	0.01554	0.02071	0.04472	0.70954	0.05367	0.02542	0.01036	0.00330	0.00471	0.02307	0.00753	0.00659
96	0.01683	0.01442	0.01683	0.01202	0.01923	0.01082	0.00961	0.02043	0.01683	0.02644	0.01442	0.01683	0.01202	0.00601	0.00601	0.00120	0.00601	0.00481	0.00481	0.76444
97	0.00989	0.00823	0.00863	0.00853	0.01114	0.00698	0.00640	0.01222	0.01920	0.02359	0.17279	0.07535	0.56929	0.01993	0.00959	0.00271	0.00407	0.01674	0.00775	0.00698
98	0.01627	0.04197	0.67279	0.02313	0.03512	0.01884	0.02998	0.02570	0.01713	0.02570	0.01456	0.01713	0.01028	0.00771	0.00771	0.00257	0.01199	0.00600	0.00343	0.01199
99	0.02018	0.01743	0.01835	0.01651	0.02110	0.02018	0.01284	0.04312	0.64956	0.03394	0.03303	0.03027	0.02477	0.01101	0.00826	0.00275	0.00642	0.00917	0.00826	0.01284
100	0.00989	0.00706	0.00942	0.01130	0.01177	0.00659	0.00753	0.01130	0.01554	0.02071	0.04472	0.70954	0.05367	0.02542	0.01036	0.00330	0.00471	0.02307	0.00753	0.00659
101	0.03085	0.02273	0.02435	0.01867	0.02516	0.02516	0.01542	0.63716	0.03815	0.05114	0.01948	0.01948	0.01380	0.00974	0.00812	0.00244	0.00893	0.00731	0.00812	0.01380
102	0.02782	0.03038	0.02372	0.02044	0.02431	0.38308	0.01605	0.17871	0.02452	0.02750	0.01386	0.01648	0.01132	0.00992	0.01155	0.00248	0.15634	0.00613	0.00502	0.01038
103	0.02008	0.01928	0.03294	0.04981	0.66422	0.01928	0.02490	0.02490	0.01848	0.02651	0.01526	0.02008	0.01285	0.00723	0.00803	0.00241	0.00964	0.00723	0.00402	0.01285
104	0.01513	0.00756	0.00756	0.00756	0.00945	0.00756	0.00567	0.01891	0.01702	0.03025	0.02647	0.03025	0.02080	0.00945	0.00567	0.00189	0.00378	0.00756	0.75988	0.00756
105	0.00959	0.00822	0.00822	0.00822	0.01096	0.00685	0.00617	0.01165	0.01850	0.02192	0.08220	0.07809	0.66092	0.02055	0.00959	0.00274	0.00411	0.01713	0.00754	0.00685
106	0.02958	0.03746	0.02310	0.02093	0.02487	0.64421	0.01580	0.03166	0.02238	0.01984	0.01243	0.01481	0.01046	0.00870	0.00843	0.00217	0.05430	0.00533	0.00414	0.00938
107	0.00959	0.00822	0.00822	0.00822	0.01096	0.00685	0.00617	0.01165	0.01850	0.02192	0.08220	0.07809	0.66092	0.02055	0.00959	0.00274	0.00411	0.01713	0.00754	0.00685
108	0.01532	0.01442	0.02434	0.69533	0.05589	0.01803	0.02253	0.02073	0.01622	0.02073	0.01442	0.02163	0.01082	0.00811	0.00811	0.00270	0.01082	0.00721	0.00361	0.00901
109	0.01706	0.01936	0.06382	0.02769	0.03413	0.01771	0.43628	0.02281	0.01883	0.02579	0.09125	0.07853	0.04791	0.01026	0.01049	0.00279	0.04914	0.01114	0.00496	0.01003
110	0.20554	0.01301	0.01399	0.01248	0.01657	0.01334	0.01005	0.08317	0.05133	0.14884	0.09779	0.08224	0.12974	0.01399	0.00821	0.00273	0.00610	0.07356	0.00760	0.00970
111	0.02222	0.02333	0.03086	0.04377	0.53075	0.15772	0.02298	0.02647	0.01942	0.02512	0.01469	0.01894	0.01235	0.00747	0.00788	0.00234	0.01068	0.00681	0.00405	0.01213
112	0.02360	0.07034	0.20020	0.02694	0.15958	0.08749	0.05151	0.22284	0.02481	0.03309	0.01598	0.01823	0.01206	0.00824	0.00781	0.00240	0.01067	0.00667	0.00517	0.01235

[dist]
# distance from previous block
# <min> <max>
0	1

[block]
# block no. 1 follows, 23 sequences, length 50
# corresponding to MSA columns:
# 128-177
name=unknown_B
#
# <colnr> <probs for GDERKNQSTAVLIFYWHMCP>
#	G	D	E	R	K	N	Q	S	T	A	V	L	I	F	Y	W	H	M	C	P
0	0.02160	0.27978	0.02874	0.01975	0.10564	0.18293	0.01436	0.02594	0.07153	0.02214	0.05230	0.02447	0.05255	0.05530	0.00918	0.00250	0.00951	0.00707	0.00472	0.01000
1	0.02169	0.71972	0.04252	0.01388	0.02083	0.03211	0.01388	0.02430	0.01649	0.01909	0.01128	0.01302	0.01041	0.00694	0.00521	0.00174	0.00868	0.00434	0.00347	0.01041
2	0.03085	0.02273	0.02435	0.01867	0.02516	0.02516	0.01542	0.63716	0.03815	0.05114	0.01948	0.01948	0.01380	0.00974	0.00812	0.00244	0.00893	0.00731	0.00812	0.01380
3	0.01906	0.01638	0.01731	0.01566	0.01999	0.01869	0.01215	0.03968	0.57724	0.03309	0.06723	0.03491	0.06901	0.01191	0.00841	0.00274	0.00614	0.00997	0.00824	0.01219
4	0.01000	0.00824	0.00879	0.00865	0.01121	0.00702	0.00649	0.01244	0.01946	0.02422	0.20743	0.07430	0.53426	0.01969	0.00959	0.00270	0.00405	0.01659	0.00784	0.00702
5	0.00989	0.00706	0.00942	0.01130	0.01177	0.00659	0.00753	0.01130	0.01554	0.02071	0.04472	0.70954	0.05367	0.02542	0.01036	0.00330	0.00471	0.02307	0.00753	0.00659
6	0.01513	0.00756	0.00756	0.00756	0.00945	0.00756	0.00567	0.01891	0.01702	0.03025	0.02647	0.03025	0.02080	0.00945	0.00567	0.00189	0.00378	0.00756	0.75988	0.00756
7	0.00989	0.00706	0.00942	0.01130	0.01177	0.00659	0.00753	0.01130	0.01554	0.02071	0.04472	0.70954	0.05367	0.02542	0.01036	0.00330	0.00471	0.02307	0.00753	0.00659
8	0.12262	0.01403	0.01802	0.01400	0.02013	0.01266	0.01156	0.03771	0.02212	0.59561	0.02958	0.02593	0.01876	0.00975	0.00779	0.00251	0.00683	0.00772	0.00945	0.01322
9	0.03054	0.03192	0.02357	0.01996	0.02512	0.40405	0.01557	0.28845	0.02941	0.03310	0.01548	0.01669	0.01187	0.00895	0.00766	0.00224	0.01222	0.00611	0.00585	0.01127
10	0.02008	0.01928	0.03294	0.04981	0.66422	0.01928	0.02490	0.02490	0.01848	0.02651	0.01526	0.02008	0.01285	0.00723	0.00803	0.00241	0.00964	0.00723	0.00402	0.01285
11	0.01148	0.00829	0.01085	0.01021	0.01212	0.00766	0.00766	0.01531	0.02297	0.03254	0.65994	0.06061	0.07656	0.01659	0.00957	0.00255	0.00383	0.01467	0.00893	0.00766
12	0.01018	0.00757	0.00996	0.01150	0.01210	0.00734	0.00785	0.01165	0.01560	0.02074	0.04580	0.64027	0.09172	0.02465	0.01096	0.00327	0.03270	0.02203	0.00737	0.00670
13	0.01532	0.01442	0.02434	0.69533	0.05589	0.01803	0.02253	0.02073	0.01622	0.02073	0.01442	0.02163	0.01082	0.00811	0.00811	0.00270	0.01082	0.00721	0.00361	0.00901
14	0.03031	0.03867	0.02299	0.02090	0.02508	0.68226	0.01568	0.03240	0.02299	0.01986	0.01254	0.01463	0.01045	0.00836	0.00732	0.00209	0.01463	0.00523	0.00418	0.00941
15	0.01180	0.00787	0.00885	0.00885	0.00885	0.00787	0.00492	0.01180	0.01180	0.01573	0.02557	0.05310	0.02950	0.71483	0.04130	0.00787	0.00787	0.01180	0.00492	0.00492
16	0.01409	0.00705	0.01057	0.01057	0.01057	0.00705	0.00705	0.01057	0.01057	0.01409	0.01409	0.02467	0.01409	0.02819	0.03171	0.76392	0.00705	0.00705	0.00352	0.00352
17	0.02028	0.01128	0.01376	0.01190	0.01581	0.01049	0.00935	0.02594	0.10434	0.23805	0.22323	0.05036	0.20223	0.01474	0.00894	0.00261	0.00525	0.01246	0.00885	0.01014
18	0.03031	0.03867	0.02299	0.02090	0.02508	0.68226	0.01568	0.03240	0.02299	0.01986	0.01254	0.01463	0.01045	0.00836	0.00732	0.00209	0.01463	0.00523	0.00418	0.00941
19	0.03085	0.02273	0.02435	0.01867	0.02516	0.02516	0.01542	0.63716	0.03815	0.05114	0.01948	0.01948	0.01380	0.00974	0.00812	0.00244	0.00893	0.00731	0.00812	0.01380
20	0.00959	0.00822	0.00822	0.00822	0.01096	0.00685	0.00617	0.01165	0.01850	0.02192	0.08220	0.07809	0.66092	0.02055	0.00959	0.00274	0.00411	0.01713	0.00754	0.00685
21	0.02018	0.01743	0.01835	0.01651	0.02110	0.02018	0.01284	0.04312	0.64956	0.03394	0.03303	0.03027	0.02477	0.01101	0.00826	0.00275	0.00642	0.00917	0.00826	0.01284
22	0.02169	0.71972	0.04252	0.01388	0.02083	0.03211	0.01388	0.02430	0.01649	0.01909	0.01128	0.01302	0.01041	0.00694	0.00521	0.00174	0.00868	0.00434	0.00347	0.01041
23	0.03641	0.01381	0.01883	0.01444	0.02071	0.01193	0.01193	0.03954	0.02322	0.66984	0.03201	0.02762	0.02009	0.01004	0.00816	0.00251	0.00690	0.00816	0.01004	0.01381
24	0.01275	0.00857	0.01125	0.01042	0.01256	0.00787	0.00787	0.01654	0.02298	0.06491	0.62804	0.05894	0.07369	0.01626	0.00950	0.00255	0.00398	0.01434	0.00899	0.00797
25	0.00989	0.00706	0.00942	0.01130	0.01177	0.00659	0.00753	0.01130	0.01554	0.02071	0.04472	0.70954	0.05367	0.02542	0.01036	0.00330	0.00471	0.02307	0.00753	0.00659
26	0.01513	0.00756	0.00756	0.00756	0.00945	0.00756	0.00567	0.01891	0.01702	0.03025	0.02647	0.03025	0.02080	0.00945	0.00567	0.00189	0.00378	0.00756	0.75988	0.00756
27	0.02057	0.02020	0.03247	0.04844	0.63403	0.05060	0.02447	0.02526	0.01869	0.02620	0.01513	0.01983	0.01274	0.00728	0.00800	0.00239	0.00988	0.00714	0.00402	0.01269
28	0.01169	0.00865	0.01130	0.01276	0.01454	0.00826	0.01048	0.01460	0.01803	0.02307	0.05192	0.20906	0.18284	0.02259	0.01069	0.00343	0.00620	0.36524	0.00750	0.00716
29	0.02018	0.01743	0.01835	0.01651	0.02110	0.02018	0.01284	0.04312	0.64956	0.03394	0.03303	0.03027	0.02477	0.01101	0.00826	0.00275	0.00642	0.00917	0.00826	0.01284
30	0.02256	0.02399	0.03052	0.04279	0.50912	0.18016	0.02266	0.02672	0.01957	0.02490	0.01460	0.01876	0.01227	0.00750	0.00786	0.00233	0.01085	0.00674	0.00406	0.01202
31	0.02205	0.02175	0.01824	0.01616	0.02016	0.21180	0.01245	0.11804	0.19175	0.03134	0.17970	0.03394	0.06439	0.01189	0.00835	0.00246	0.00845	0.00949	0.00716	0.01040
32	0.01910	0.01994	0.03121	0.21885	0.21094	0.09602	0.17009	0.02416	0.01856	0.02380	0.01749	0.02676	0.01493	0.00888	0.00863	0.00265	0.01134	0.06195	0.00425	0.01043
33	0.77215	0.01569	0.01193	0.01067	0.01569	0.01820	0.00879	0.02385	0.01381	0.03641	0.01130	0.01318	0.00879	0.00753	0.00502	0.00251	0.00628	0.00439	0.00502	0.00879
34	0.02008	0.01928	0.03294	0.04981	0.66422	0.01928	0.02490	0.02490	0.01848	0.02651	0.01526	0.02008	0.01285	0.00723	0.00803	0.00241	0.00964	0.00723	0.00402	0.01285
35	0.00989	0.00706	0.00942	0.01130	0.01177	0.00659	0.00753	0.01130	0.01554	0.02071	0.04472	0.70954	0.05367	0.02542	0.01036	0.00330	0.00471	0.02307	0.00753	0.00659
36	0.01683	0.01442	0.01683	0.01202	0.01923	0.01082	0.00961	0.02043	0.01683	0.02644	0.01442	0.01683	0.01202	0.00601	0.00601	0.00120	0.00601	0.00481	0.00481	0.76444
37	0.01656	0.03999	0.61120	0.02422	0.03584	0.01901	0.08958	0.02573	0.01733	0.02573	0.01474	0.01760	0.01048	0.00762	0.00789	0.00259	0.01216	0.00635	0.00349	0.01189
38	0.01165	0.00848	0.01194	0.01194	0.01301	0.00954	0.00877	0.01378	0.01271	0.01802	0.02274	0.03745	0.02271	0.23266	0.51419	0.01168	0.01809	0.00951	0.00450	0.00663
39	0.02822	0.20394	0.02773	0.01920	0.02405	0.52449	0.01524	0.03043	0.02142	0.01967	0.01224	0.01424	0.01044	0.00802	0.00680	0.00200	0.01319	0.00501	0.00401	0.00965
40	0.01378	0.16282	0.01943	0.01322	0.01586	0.01490	0.01095	0.01662	0.01379	0.01889	0.01947	0.02779	0.01815	0.04917	0.53583	0.01059	0.01890	0.00775	0.00416	0.00793
41	0.02890	0.01992	0.09654	0.01688	0.02346	0.01761	0.01502	0.16833	0.17774	0.30594	0.02750	0.02527	0.01871	0.00994	0.00812	0.00256	0.00782	0.00797	0.00842	0.01336
42	0.01496	0.01763	0.10098	0.05206	0.15545	0.01431	0.15719	0.01957	0.01798	0.02401	0.03773	0.13232	0.19432	0.01340	0.00910	0.00273	0.00869	0.01252	0.00540	0.00966
43	0.20405	0.06391	0.11966	0.02282	0.06933	0.12734	0.15067	0.05190	0.01867	0.05099	0.01439	0.01727	0.01107	0.00793	0.00806	0.00249	0.03790	0.00642	0.00456	0.01056
44	0.19140	0.16206	0.11075	0.01929	0.09665	0.05687	0.01577	0.08059	0.01887	0.05579	0.01821	0.07683	0.01638	0.00996	0.00706	0.00245	0.00858	0.03685	0.00516	0.01048
45	0.09071	0.10827	0.26710	0.02133	0.05523	0.27781	0.02061	0.02795	0.01910	0.02374	0.01317	0.01550	0.01034	0.00785	0.00707	0.00228	0.01205	0.00543	0.00389	0.01057
46	0.05088	0.30390	0.33123	0.01879	0.02769	0.09498	0.02133	0.02579	0.01737	0.02294	0.01294	0.01510	0.01029	0.00747	0.00658	0.00219	0.01075	0.00520	0.00359	0.01097
47	0.02327	0.02899	0.11298	0.03007	0.23864	0.25795	0.02019	0.03085	0.12875	0.02529	0.01725	0.01948	0.01370	0.00835	0.00777	0.00238	0.01120	0.00668	0.00473	0.01150
48	0.05860	0.17342	0.20340	0.05283	0.02805	0.27087	0.01921	0.06137	0.02016	0.02383	0.01326	0.01553	0.01052	0.00792	0.00698	0.00222	0.01182	0.00543	0.00406	0.01051
49	0.02027	0.05767	0.26069	0.02317	0.10644	0.09064	0.02081	0.08447	0.15696	0.02878	0.02248	0.02349	0.05002	0.00930	0.00786	0.00250	0.00993	0.00742	0.00528	0.01182

[dist]
# distance from previous block
# <min> <max>
8	36

[block]
# block no. 2 follows, 23 sequences, length 64
# corresponding to MSA columns:
# 214-277
name=unknown_C
#
# <colnr> <probs for GDERKNQSTAVLIFYWHMCP>
#	G	D	E	R	K	N	Q	S	T	A	V	L	I	F	Y	W	H	M	C	P
0	0.09741	0.05663	0.34529	0.01723	0.02437	0.01521	0.01926	0.02074	0.01665	0.02561	0.06256	0.21388	0.02643	0.01319	0.00817	0.00273	0.00867	0.01109	0.00510	0.00978
1	0.02256	0.02343	0.08267	0.02817	0.24246	0.17091	0.01818	0.05539	0.02137	0.09096	0.10006	0.02787	0.06087	0.00992	0.00814	0.00240	0.00965	0.00828	0.00562	0.01110
2	0.05474	0.09544	0.02409	0.02471	0.19916	0.14370	0.01565	0.07434	0.04962	0.02579	0.02543	0.02785	0.10441	0.01557	0.08177	0.00351	0.01067	0.00806	0.00510	0.01037
3	0.02242	0.06777	0.21381	0.03056	0.24705	0.08142	0.02278	0.16257	0.02279	0.03076	0.01553	0.01821	0.01197	0.00801	0.00773	0.00239	0.01055	0.00655	0.00475	0.01237
4	0.02225	0.09243	0.02603	0.02139	0.11002	0.01600	0.12350	0.02719	0.05885	0.20586	0.03642	0.03588	0.16612	0.01125	0.00841	0.00252	0.00800	0.01002	0.00675	0.01112
5	0.10040	0.15894	0.02517	0.01765	0.02246	0.32498	0.01427	0.12089	0.02268	0.02683	0.04962	0.01767	0.01453	0.00897	0.00786	0.00221	0.04391	0.00592	0.00497	0.01008
6	0.08840	0.01975	0.12033	0.07111	0.07594	0.01718	0.01615	0.05793	0.20859	0.08981	0.09247	0.02712	0.02315	0.00987	0.00786	0.00253	0.00772	0.00815	0.00657	0.04934
7	0.02002	0.02606	0.15620	0.03758	0.30471	0.07979	0.20519	0.02605	0.01883	0.02560	0.01523	0.01957	0.01199	0.00731	0.00836	0.00251	0.01173	0.00751	0.00395	0.01181
8	0.01648	0.01691	0.05671	0.12796	0.09878	0.01633	0.16010	0.02505	0.13734	0.02750	0.13954	0.03499	0.08464	0.01088	0.00885	0.00266	0.00874	0.01030	0.00593	0.01030
9	0.02167	0.02229	0.03139	0.04532	0.56512	0.12207	0.02347	0.02607	0.01918	0.02548	0.01484	0.01924	0.01248	0.00741	0.00792	0.00236	0.01041	0.00692	0.00404	0.01232
10	0.01843	0.02913	0.31063	0.03823	0.39119	0.01909	0.02711	0.02525	0.01789	0.02616	0.01496	0.01880	0.01174	0.00744	0.00789	0.00248	0.01066	0.00669	0.00376	0.01248
11	0.01700	0.01703	0.03076	0.03414	0.30485	0.01629	0.20010	0.02164	0.01855	0.02507	0.03198	0.06365	0.16061	0.01091	0.00894	0.00262	0.00937	0.01084	0.00499	0.01066
12	0.02682	0.13122	0.09786	0.02228	0.07422	0.44036	0.01769	0.05625	0.02176	0.02226	0.01310	0.01531	0.01076	0.00807	0.00716	0.00213	0.01289	0.00543	0.00416	0.01028
13	0.01575	0.05464	0.20424	0.02342	0.03039	0.01649	0.25860	0.02151	0.01753	0.02408	0.02545	0.19980	0.04656	0.01239	0.00908	0.00279	0.01033	0.01214	0.00491	0.00993
14	0.02010	0.01276	0.01811	0.02135	0.18937	0.01169	0.01297	0.02339	0.02030	0.20505	0.11360	0.04650	0.24388	0.01360	0.00877	0.00257	0.00634	0.01170	0.00744	0.01049
15	0.01849	0.01734	0.02926	0.15685	0.48790	0.01796	0.02318	0.02329	0.01811	0.02527	0.01819	0.02827	0.01626	0.00907	0.00840	0.00261	0.00960	0.07403	0.00433	0.01160
16	0.02167	0.02229	0.03139	0.04532	0.56502	0.12218	0.02347	0.02607	0.01918	0.02548	0.01484	0.01924	0.01248	0.00741	0.00792	0.00236	0.01041	0.00692	0.00404	0.01232
17	0.02008	0.01928	0.03294	0.04981	0.66422	0.01928	0.02490	0.02490	0.01848	0.02651	0.01526	0.02008	0.01285	0.00723	0.00803	0.00241	0.00964	0.00723	0.00402	0.01285
18	0.01015	0.00800	0.00931	0.00997	0.01188	0.00717	0.00737	0.01229	0.01767	0.02222	0.09816	0.25683	0.37631	0.02370	0.04044	0.00343	0.00533	0.06541	0.00746	0.00689
19	0.00974	0.00795	0.00861	0.00902	0.01120	0.00682	0.00655	0.01172	0.01800	0.02210	0.09834	0.22432	0.49442	0.02151	0.00977	0.00286	0.00424	0.01840	0.00759	0.00682
20	0.07597	0.03472	0.02285	0.02118	0.05000	0.54248	0.01559	0.09798	0.02391	0.02458	0.01334	0.01529	0.01081	0.00842	0.00729	0.00217	0.01329	0.00548	0.00466	0.00999
21	0.01627	0.04197	0.67279	0.02313	0.03512	0.01884	0.02998	0.02570	0.01713	0.02570	0.01456	0.01713	0.01028	0.00771	0.00771	0.00257	0.01199	0.00600	0.00343	0.01199
22	0.01627	0.04197	0.67279	0.02313	0.03512	0.01884	0.02998	0.02570	0.01713	0.02570	0.01456	0.01713	0.01028	0.00771	0.00771	0.00257	0.01199	0.00600	0.00343	0.01199
23	0.01180	0.00787	0.00885	0.00885	0.00885	0.00787	0.00492	0.01180	0.01180	0.01573	0.02557	0.05310	0.02950	0.71483	0.04130	0.00787	0.00787	0.01180	0.00492	0.00492
24	0.02043	0.56195	0.18923	0.01604	0.02415	0.02902	0.01763	0.02462	0.01664	0.02063	0.01204	0.01397	0.01038	0.00712	0.00579	0.00193	0.00945	0.00472	0.00346	0.01078
25	0.01934	0.42558	0.31605	0.01790	0.02703	0.02635	0.02087	0.02490	0.01677	0.02196	0.01270	0.01480	0.01035	0.00727	0.00629	0.00210	0.01012	0.00506	0.00345	0.01110
26	0.01754	0.19973	0.52608	0.02098	0.03179	0.02193	0.02623	0.02537	0.01698	0.02416	0.01380	0.01617	0.01031	0.00753	0.00713	0.00238	0.01122	0.00561	0.00344	0.01162
27	0.01826	0.05884	0.22016	0.06555	0.04012	0.02045	0.40557	0.02555	0.01831	0.02531	0.01556	0.02015	0.01158	0.00715	0.00878	0.00264	0.01283	0.00822	0.00386	0.01111
28	0.01627	0.04197	0.67279	0.02313	0.03512	0.01884	0.02998	0.02570	0.01713	0.02570	0.01456	0.01713	0.01028	0.00771	0.00771	0.00257	0.01199	0.00600	0.00343	0.01199
29	0.02759	0.03343	0.02502	0.02717	0.16771	0.50564	0.01762	0.03119	0.04895	0.02195	0.01403	0.01652	0.01160	0.00822	0.00752	0.00219	0.01316	0.00584	0.00432	0.01032
30	0.01713	0.03621	0.49680	0.02698	0.06683	0.01926	0.17051	0.02573	0.01767	0.02580	0.01503	0.01838	0.01087	0.00748	0.00816	0.00260	0.01227	0.00689	0.00361	0.01179
31	0.01803	0.02308	0.15061	0.02712	0.09319	0.01723	0.28257	0.02419	0.01803	0.02612	0.01538	0.01936	0.01191	0.00679	0.00804	0.00222	0.01072	0.00730	0.00418	0.23393
32	0.01956	0.01875	0.03199	0.12069	0.59742	0.01914	0.02464	0.02444	0.01823	0.02587	0.01517	0.02025	0.01263	0.00733	0.00804	0.00244	0.00977	0.00723	0.00397	0.01243
33	0.77215	0.01569	0.01193	0.01067	0.01569	0.01820	0.00879	0.02385	0.01381	0.03641	0.01130	0.01318	0.00879	0.00753	0.00502	0.00251	0.00628	0.00439	0.00502	0.00879
34	0.00989	0.00706	0.00942	0.01130	0.01177	0.00659	0.00753	0.01130	0.01554	0.02071	0.04472	0.70954	0.05367	0.02542	0.01036	0.00330	0.00471	0.02307	0.00753	0.00659
35	0.01987	0.01989	0.03641	0.04617	0.51948	0.01957	0.16686	0.02516	0.01863	0.02639	0.01553	0.02050	0.01273	0.00714	0.00839	0.00249	0.01058	0.00778	0.00404	0.01241
36	0.01019	0.00730	0.00969	0.01109	0.01184	0.00679	0.00756	0.01206	0.01695	0.02297	0.16186	0.58598	0.05803	0.02374	0.01021	0.00315	0.00454	0.02147	0.00780	0.00679
37	0.01532	0.01442	0.02434	0.69533	0.05589	0.01803	0.02253	0.02073	0.01622	0.02073	0.01442	0.02163	0.01082	0.00811	0.00811	0.00270	0.01082	0.00721	0.00361	0.00901
38	0.00959	0.00822	0.00822	0.00822	0.01096	0.00685	0.00617	0.01165	0.01850	0.02192	0.08220	0.07809	0.66092	0.02055	0.00959	0.00274	0.00411	0.01713	0.00754	0.00685
39	0.03511	0.01589	0.02012	0.01542	0.02175	0.01501	0.01274	0.17865	0.02670	0.52582	0.02910	0.02572	0.01862	0.00997	0.00815	0.00249	0.00738	0.00796	0.00959	0.01381
40	0.02008	0.01928	0.03294	0.04981	0.66422	0.01928	0.02490	0.02490	0.01848	0.02651	0.01526	0.02008	0.01285	0.00723	0.00803	0.00241	0.00964	0.00723	0.00402	0.01285
41	0.03085	0.02273	0.02435	0.01867	0.02516	0.02516	0.01542	0.63716	0.03815	0.05114	0.01948	0.01948	0.01380	0.00974	0.00812	0.00244	0.00893	0.00731	0.00812	0.01380
42	0.02009	0.01920	0.03232	0.04840	0.63709	0.01932	0.02439	0.02567	0.04509	0.02682	0.01601	0.02051	0.01336	0.00739	0.00804	0.00242	0.00950	0.00731	0.00420	0.01285
43	0.01226	0.00858	0.01060	0.01069	0.01140	0.00893	0.00705	0.04084	0.01398	0.01897	0.02802	0.16968	0.03125	0.40752	0.17730	0.00792	0.01042	0.01301	0.00542	0.00616
44	0.77215	0.01569	0.01193	0.01067	0.01569	0.01820	0.00879	0.02385	0.01381	0.03641	0.01130	0.01318	0.00879	0.00753	0.00502	0.00251	0.00628	0.00439	0.00502	0.00879
45	0.02013	0.01886	0.02957	0.02290	0.02827	0.05928	0.24966	0.16533	0.02185	0.02917	0.01861	0.02411	0.01512	0.02509	0.22692	0.00596	0.01524	0.00849	0.00512	0.01032
46	0.01683	0.01442	0.01683	0.01202	0.01923	0.01082	0.00961	0.02043	0.01683	0.02644	0.01442	0.01683	0.01202	0.00601	0.00601	0.00120	0.00601	0.00481	0.00481	0.76444
47	0.02353	0.02742	0.03349	0.03197	0.17924	0.27258	0.21870	0.02778	0.02004	0.02338	0.01431	0.01845	0.01163	0.00797	0.00941	0.00246	0.05566	0.00722	0.00408	0.01067
48	0.01056	0.00826	0.00956	0.00924	0.01155	0.00726	0.00693	0.01352	0.02078	0.02735	0.37767	0.06915	0.36207	0.01852	0.00958	0.00264	0.00397	0.01587	0.00825	0.00726
49	0.02008	0.01928	0.03294	0.04981	0.66422	0.01928	0.02490	0.02490	0.01848	0.02651	0.01526	0.02008	0.01285	0.00723	0.00803	0.00241	0.00964	0.00723	0.00402	0.01285
50	0.00959	0.00822	0.00822	0.00822	0.01096	0.00685	0.00617	0.01165	0.01850	0.02192	0.08220	0.07809	0.66092	0.02055	0.00959	0.00274	0.00411	0.01713	0.00754	0.00685
51	0.03031	0.03867	0.02299	0.02090	0.02508	0.68226	0.01568	0.03240	0.02299	0.01986	0.01254	0.01463	0.01045	0.00836	0.00732	0.00209	0.01463	0.00523	0.00418	0.00941
52	0.60327	0.02156	0.15958	0.01345	0.02003	0.01835	0.01352	0.02426	0.01455	0.03401	0.01203	0.01406	0.00912	0.00757	0.00562	0.00252	0.00755	0.00475	0.00467	0.00950
53	0.01920	0.02456	0.18188	0.04360	0.51778	0.01918	0.02608	0.02509	0.01816	0.02632	0.01510	0.01940	0.01225	0.00734	0.00796	0.00245	0.01019	0.00694	0.00388	0.01265
54	0.03012	0.02964	0.02347	0.01957	0.02494	0.31954	0.01542	0.33905	0.05912	0.03633	0.01699	0.01780	0.01280	0.00918	0.00776	0.00229	0.01137	0.00646	0.00636	0.01179
55	0.01051	0.00799	0.00967	0.00980	0.01166	0.00716	0.00714	0.01322	0.01985	0.02644	0.33414	0.21130	0.26195	0.01985	0.00975	0.00278	0.00412	0.01735	0.00816	0.00716
56	0.01912	0.35573	0.31034	0.02003	0.02926	0.02521	0.08888	0.02508	0.01705	0.02265	0.01324	0.01574	0.01056	0.00726	0.00675	0.00220	0.01063	0.00562	0.00352	0.01114
57	0.01902	0.36058	0.34332	0.02011	0.05996	0.02512	0.02213	0.02500	0.01690	0.02262	0.01305	0.01534	0.01047	0.00732	0.00654	0.00217	0.01031	0.00528	0.00348	0.01129
58	0.01006	0.00811	0.00896	0.00902	0.01132	0.00701	0.00666	0.01246	0.01921	0.02427	0.21295	0.14335	0.45784	0.02016	0.00967	0.00276	0.00411	0.01721	0.00786	0.00701
59	0.01987	0.01989	0.03642	0.04616	0.51907	0.01957	0.16726	0.02516	0.01863	0.02639	0.01553	0.02050	0.01273	0.00714	0.00839	0.00249	0.01058	0.00778	0.00404	0.01241
60	0.01983	0.02576	0.18126	0.04180	0.47814	0.06029	0.02551	0.02555	0.01844	0.02591	0.01493	0.01906	0.01210	0.00741	0.00791	0.00243	0.01050	0.00682	0.00389	0.01244
61	0.02105	0.22721	0.16113	0.17766	0.06217	0.17732	0.02008	0.02567	0.01817	0.02133	0.01315	0.01656	0.01060	0.00771	0.00701	0.00224	0.01128	0.00568	0.00368	0.01028
62	0.28345	0.02055	0.08393	0.09064	0.02964	0.01976	0.15339	0.13881	0.02052	0.06400	0.01556	0.01822	0.01139	0.00798	0.00733	0.00257	0.00945	0.00671	0.00533	0.01075
63	0.02182	0.02300	0.17128	0.01773	0.02388	0.01870	0.01669	0.32663	0.02718	0.03704	0.02512	0.20439	0.02369	0.01348	0.00862	0.00270	0.00851	0.01124	0.00687	0.01144

[dist]
# distance from previous block
# <min> <max>
9	33

# created by:
# /home/cegg/simao/soft/augustus-3.2.1/scripts/msa2prfl.pl ./align_prep/12110.fa
