[name]
unknown

[dist]
# distance from previous block
# <min> <max>
0	1

[block]
# block no. 0 follows, 21 sequences, length 19
# corresponding to MSA columns:
# 1-19
name=unknown_A
#
# <colnr> <probs for GDERKNQSTAVLIFYWHMCP>
#	G	D	E	R	K	N	Q	S	T	A	V	L	I	F	Y	W	H	M	C	P
0	0.01371	0.00980	0.01371	0.01567	0.01763	0.00980	0.01371	0.01763	0.01959	0.02547	0.04506	0.09599	0.04898	0.02351	0.01175	0.00392	0.00784	0.59056	0.00784	0.00784
1	0.02209	0.01953	0.03087	0.04365	0.49628	0.01994	0.02300	0.03052	0.13200	0.06614	0.02046	0.02349	0.01622	0.00848	0.00848	0.00260	0.00932	0.00801	0.00540	0.01354
2	0.02096	0.49727	0.23767	0.01762	0.02657	0.02929	0.01988	0.02595	0.01750	0.02221	0.01292	0.01501	0.01088	0.00753	0.00629	0.00210	0.01020	0.00510	0.00363	0.01144
3	0.01707	0.04402	0.65683	0.02426	0.03683	0.01976	0.03144	0.02695	0.01797	0.02695	0.01527	0.01797	0.01078	0.00809	0.00809	0.00270	0.01258	0.00629	0.00359	0.01258
4	0.07179	0.01646	0.02676	0.47935	0.19823	0.01924	0.02318	0.02304	0.01740	0.02441	0.01510	0.02165	0.01171	0.00824	0.00825	0.00275	0.01070	0.00735	0.00399	0.01041
5	0.01586	0.00793	0.00793	0.00793	0.00991	0.00793	0.00595	0.01983	0.01785	0.03173	0.02776	0.03173	0.02181	0.00991	0.00595	0.00198	0.00397	0.00793	0.74817	0.00793
6	0.01028	0.00863	0.00893	0.00885	0.01163	0.00728	0.00664	0.01264	0.01992	0.02422	0.14800	0.07987	0.58182	0.02109	0.01006	0.00285	0.00428	0.01768	0.00807	0.00728
7	0.01238	0.00825	0.00928	0.00928	0.00928	0.00825	0.00516	0.01238	0.01238	0.01650	0.02681	0.05569	0.03094	0.70092	0.04331	0.00825	0.00825	0.01238	0.00516	0.00516
8	0.01019	0.00863	0.00881	0.00876	0.01158	0.00724	0.00657	0.01247	0.01971	0.02374	0.12386	0.08066	0.60627	0.02127	0.01006	0.00286	0.00429	0.01779	0.00800	0.00724
9	0.01006	0.00862	0.00862	0.00862	0.01149	0.00718	0.00647	0.01221	0.01940	0.02299	0.08621	0.08190	0.64438	0.02155	0.01006	0.00287	0.00431	0.01796	0.00790	0.00718
10	0.01078	0.00758	0.00975	0.01132	0.01171	0.00719	0.00733	0.01196	0.01548	0.02064	0.04274	0.56291	0.05104	0.16628	0.01758	0.00445	0.00562	0.02175	0.00733	0.00655
11	0.01765	0.01513	0.01765	0.01260	0.02017	0.01134	0.01008	0.02143	0.01765	0.02773	0.01513	0.01765	0.01260	0.00630	0.00630	0.00126	0.00630	0.00504	0.00504	0.75295
12	0.02275	0.70604	0.04459	0.01456	0.02184	0.03367	0.01456	0.02548	0.01729	0.02002	0.01183	0.01365	0.01092	0.00728	0.00546	0.00182	0.00910	0.00455	0.00364	0.01092
13	0.01204	0.00870	0.01138	0.01071	0.01271	0.00803	0.00803	0.01606	0.02409	0.03413	0.64335	0.06357	0.08030	0.01740	0.01004	0.00268	0.00401	0.01539	0.00937	0.00803
14	0.02117	0.01828	0.01924	0.01732	0.02213	0.02117	0.01347	0.04522	0.63246	0.03560	0.03464	0.03175	0.02598	0.01155	0.00866	0.00289	0.00673	0.00962	0.00866	0.01347
15	0.03038	0.03735	0.02343	0.02119	0.02550	0.58406	0.01600	0.06432	0.02421	0.02253	0.01425	0.01695	0.01191	0.01288	0.05598	0.00305	0.01557	0.00587	0.00462	0.00995
16	0.02966	0.19740	0.02894	0.02019	0.02526	0.51755	0.01600	0.03198	0.02251	0.02064	0.01284	0.01495	0.01095	0.00842	0.00715	0.00210	0.01387	0.00526	0.00421	0.01011
17	0.01190	0.00805	0.00942	0.00989	0.01000	0.00794	0.00580	0.01225	0.01330	0.01773	0.03155	0.20645	0.03691	0.54201	0.03567	0.00712	0.00747	0.01516	0.00580	0.00557
18	0.02106	0.02022	0.03454	0.05223	0.64784	0.02022	0.02612	0.02612	0.01938	0.02780	0.01601	0.02106	0.01348	0.00758	0.00842	0.00253	0.01011	0.00758	0.00421	0.01348

[dist]
# distance from previous block
# <min> <max>
0	25

[block]
# block no. 1 follows, 21 sequences, length 79
# corresponding to MSA columns:
# 45-123
name=unknown_B
#
# <colnr> <probs for GDERKNQSTAVLIFYWHMCP>
#	G	D	E	R	K	N	Q	S	T	A	V	L	I	F	Y	W	H	M	C	P
0	0.09334	0.02870	0.01890	0.01751	0.02085	0.40373	0.01279	0.02779	0.04538	0.02220	0.01881	0.06584	0.01833	0.15314	0.01506	0.00359	0.01208	0.00814	0.00502	0.00880
1	0.01888	0.25480	0.46190	0.02117	0.03206	0.02419	0.02607	0.02648	0.01775	0.02474	0.01418	0.01659	0.01083	0.00783	0.00725	0.00242	0.01147	0.00574	0.00361	0.01205
2	0.01130	0.00952	0.00990	0.00965	0.01261	0.00857	0.00728	0.01568	0.07650	0.02536	0.14177	0.07529	0.52622	0.02018	0.00993	0.00285	0.00450	0.01691	0.00813	0.00786
3	0.01982	0.01895	0.03229	0.20900	0.50080	0.01989	0.02550	0.02503	0.01879	0.02629	0.01579	0.02147	0.01295	0.00781	0.00845	0.00260	0.01042	0.00758	0.00410	0.01248
4	0.01781	0.10377	0.56667	0.02299	0.03467	0.02112	0.02894	0.02778	0.05033	0.02677	0.01598	0.01830	0.01160	0.00819	0.00787	0.00262	0.01195	0.00630	0.00387	0.01247
5	0.01006	0.00862	0.00862	0.00862	0.01149	0.00718	0.00647	0.01221	0.01940	0.02299	0.08621	0.08190	0.64438	0.02155	0.01006	0.00287	0.00431	0.01796	0.00790	0.00718
6	0.01174	0.00804	0.00941	0.00995	0.01020	0.00785	0.00595	0.01223	0.01373	0.01818	0.03471	0.22924	0.06343	0.49074	0.03317	0.00673	0.00719	0.01579	0.00601	0.00571
7	0.02643	0.15629	0.02600	0.01882	0.02379	0.35130	0.01491	0.03459	0.18580	0.02472	0.02148	0.02200	0.03938	0.00973	0.00762	0.00234	0.01146	0.00690	0.00553	0.01092
8	0.01521	0.17203	0.07183	0.01346	0.01687	0.01600	0.01174	0.01806	0.01473	0.02016	0.02082	0.03277	0.02033	0.19340	0.28635	0.00828	0.01459	0.00855	0.03661	0.00821
9	0.02077	0.01931	0.02949	0.04061	0.44722	0.01962	0.02175	0.03004	0.15902	0.02957	0.02017	0.02318	0.01625	0.00837	0.00828	0.00249	0.00899	0.00781	0.00530	0.08174
10	0.01765	0.01513	0.01765	0.01260	0.02017	0.01134	0.01008	0.02143	0.01765	0.02773	0.01513	0.01765	0.01260	0.00630	0.00630	0.00126	0.00630	0.00504	0.00504	0.75295
11	0.01842	0.07748	0.59276	0.02329	0.03529	0.02014	0.02961	0.02760	0.01825	0.05784	0.01600	0.01829	0.01130	0.00816	0.00797	0.00265	0.01213	0.00631	0.00394	0.01258
12	0.02009	0.02296	0.05022	0.03587	0.04448	0.02152	0.61693	0.02726	0.02009	0.02726	0.01722	0.02296	0.01291	0.00717	0.01004	0.00287	0.01435	0.01004	0.00430	0.01148
13	0.01216	0.00912	0.01368	0.01368	0.01520	0.01064	0.01064	0.01520	0.01368	0.01976	0.02279	0.03343	0.02127	0.06382	0.66720	0.01368	0.02279	0.00912	0.00456	0.00760
14	0.02944	0.03056	0.02702	0.02834	0.17284	0.31494	0.01864	0.21445	0.02795	0.03269	0.01609	0.01828	0.01265	0.00894	0.00811	0.00238	0.01225	0.00666	0.00563	0.01215
15	0.02865	0.15509	0.02799	0.01943	0.02492	0.25737	0.01585	0.21622	0.08344	0.03230	0.01707	0.01831	0.01345	0.00951	0.00864	0.00238	0.04519	0.00647	0.00590	0.01181
16	0.01267	0.00911	0.00970	0.00936	0.01248	0.00766	0.00709	0.01490	0.01972	0.08116	0.07967	0.10332	0.56162	0.02075	0.00995	0.00288	0.00461	0.01736	0.00815	0.00785
17	0.18667	0.27451	0.02904	0.01684	0.02257	0.27135	0.01419	0.05346	0.02023	0.02567	0.01270	0.01462	0.01072	0.00810	0.00639	0.00217	0.01095	0.00505	0.00448	0.01030
18	0.02102	0.11280	0.48876	0.02175	0.03279	0.02017	0.02659	0.02907	0.01890	0.12473	0.01777	0.01922	0.01241	0.00838	0.00787	0.00259	0.01135	0.00645	0.00469	0.01269
19	0.01238	0.00825	0.00928	0.00928	0.00928	0.00825	0.00516	0.01238	0.01238	0.01650	0.02681	0.05569	0.03094	0.70092	0.04331	0.00825	0.00825	0.01238	0.00516	0.00516
20	0.01216	0.00912	0.01368	0.01368	0.01520	0.01064	0.01064	0.01520	0.01368	0.01976	0.02279	0.03343	0.02127	0.06382	0.66720	0.01368	0.02279	0.00912	0.00456	0.00760
21	0.02553	0.15595	0.32015	0.01927	0.02876	0.01979	0.02168	0.03178	0.02008	0.24564	0.02106	0.02103	0.01442	0.00880	0.00777	0.00251	0.01006	0.00676	0.00604	0.01294
22	0.01216	0.00912	0.01368	0.01368	0.01520	0.01064	0.01064	0.01520	0.01368	0.01976	0.02279	0.03343	0.02127	0.06382	0.66720	0.01368	0.02279	0.00912	0.00456	0.00760
23	0.01068	0.00865	0.00948	0.00927	0.01187	0.00745	0.00695	0.01341	0.02086	0.02646	0.25971	0.07619	0.46872	0.02026	0.01005	0.00281	0.00422	0.01716	0.00836	0.00745
24	0.05416	0.04264	0.62470	0.02360	0.03582	0.01973	0.03033	0.02685	0.01779	0.02751	0.01510	0.01776	0.01070	0.00808	0.00794	0.00269	0.01228	0.00620	0.00368	0.01241
25	0.03235	0.02384	0.02554	0.01958	0.02639	0.02639	0.01618	0.61946	0.04001	0.05363	0.02043	0.02043	0.01447	0.01022	0.00851	0.00255	0.00936	0.00766	0.00851	0.01447
26	0.76103	0.01646	0.01251	0.01119	0.01646	0.01909	0.00922	0.02502	0.01448	0.03818	0.01185	0.01382	0.00922	0.00790	0.00527	0.00263	0.00658	0.00461	0.00527	0.00922
27	0.01045	0.00747	0.00995	0.01179	0.01236	0.00697	0.00791	0.01206	0.01668	0.02235	0.07688	0.66362	0.05749	0.02620	0.01082	0.00342	0.00489	0.02375	0.00797	0.00697
28	0.02976	0.02134	0.02277	0.01775	0.02380	0.02349	0.01457	0.52518	0.03653	0.05019	0.02158	0.02221	0.01563	0.01017	0.00811	0.00246	0.00852	0.00770	0.12481	0.01344
29	0.01173	0.00846	0.01110	0.01092	0.01265	0.00782	0.00801	0.01528	0.02265	0.03184	0.53317	0.18028	0.07586	0.01911	0.01019	0.00282	0.00419	0.01702	0.00910	0.00782
30	0.01024	0.00863	0.00888	0.00881	0.01161	0.00726	0.00661	0.01257	0.01983	0.02402	0.13764	0.08021	0.59231	0.02117	0.01006	0.00286	0.00428	0.01772	0.00804	0.00726
31	0.02509	0.01684	0.01779	0.01445	0.01914	0.01827	0.01167	0.35552	0.03026	0.04399	0.02366	0.02540	0.01770	0.01008	0.00738	0.00230	0.00699	0.00778	0.33409	0.01159
32	0.01037	0.00741	0.00987	0.01185	0.01234	0.00691	0.00790	0.01185	0.01629	0.02172	0.04690	0.69537	0.05629	0.02666	0.01086	0.00346	0.00494	0.02419	0.00790	0.00691
33	0.01091	0.00852	0.00989	0.00983	0.01209	0.00750	0.00726	0.01375	0.02099	0.02743	0.31072	0.14080	0.34909	0.02040	0.01014	0.00286	0.00426	0.01758	0.00850	0.00750
34	0.01756	0.04079	0.56718	0.02684	0.07058	0.01995	0.08520	0.02693	0.01824	0.02703	0.01549	0.01859	0.01112	0.00797	0.00828	0.00270	0.01261	0.00671	0.00369	0.01252
35	0.02137	0.02233	0.02573	0.02214	0.02317	0.12682	0.01815	0.05239	0.01612	0.02218	0.01194	0.01819	0.01130	0.01370	0.02378	0.00342	0.54639	0.00715	0.00407	0.00965
36	0.01267	0.01111	0.01494	0.09065	0.11716	0.01064	0.01196	0.01569	0.01885	0.02362	0.06159	0.12311	0.39077	0.01848	0.00979	0.00292	0.00624	0.04452	0.00686	0.00843
37	0.02164	0.15042	0.36706	0.02199	0.03099	0.17850	0.02431	0.02803	0.01905	0.02396	0.01396	0.01666	0.01087	0.00851	0.00871	0.00249	0.05171	0.00588	0.00380	0.01146
38	0.76103	0.01646	0.01251	0.01119	0.01646	0.01909	0.00922	0.02502	0.01448	0.03818	0.01185	0.01382	0.00922	0.00790	0.00527	0.00263	0.00658	0.00461	0.00527	0.00922
39	0.02446	0.46049	0.10720	0.01754	0.02466	0.19587	0.01692	0.02784	0.01913	0.02100	0.01255	0.01457	0.01092	0.00775	0.00632	0.00201	0.01110	0.00498	0.00383	0.01083
40	0.02221	0.01805	0.01927	0.01719	0.02210	0.02064	0.01341	0.04499	0.59526	0.07342	0.03457	0.03158	0.02568	0.01148	0.00865	0.00287	0.00677	0.00956	0.00877	0.01353
41	0.02103	0.01361	0.01955	0.28870	0.03452	0.01452	0.01579	0.05436	0.02048	0.18701	0.03717	0.03855	0.16295	0.01457	0.03741	0.00325	0.00903	0.01033	0.00677	0.01039
42	0.02591	0.02268	0.13441	0.02125	0.08266	0.01908	0.01775	0.14378	0.18503	0.18030	0.02918	0.02808	0.04969	0.01058	0.00855	0.00270	0.00856	0.00865	0.00772	0.01342
43	0.02084	0.01999	0.03414	0.08020	0.62161	0.02016	0.02601	0.02592	0.01927	0.02753	0.01597	0.02113	0.01338	0.00762	0.00843	0.00254	0.01016	0.00758	0.00419	0.01330
44	0.01035	0.00747	0.00981	0.01168	0.01230	0.00693	0.00782	0.01187	0.01646	0.02179	0.04898	0.66300	0.08732	0.02639	0.01082	0.00343	0.00490	0.02386	0.00790	0.00693
45	0.03050	0.03482	0.02492	0.06300	0.05390	0.47241	0.01723	0.15001	0.02667	0.02773	0.01485	0.01705	0.01179	0.00899	0.00792	0.00232	0.01369	0.00613	0.00517	0.01091
46	0.02905	0.02136	0.02511	0.06018	0.02709	0.02458	0.01680	0.40557	0.03158	0.10022	0.01940	0.02098	0.01421	0.01111	0.01253	0.00282	0.14919	0.00769	0.00742	0.01310
47	0.01037	0.00741	0.00987	0.01185	0.01234	0.00691	0.00790	0.01185	0.01629	0.02172	0.04690	0.69537	0.05629	0.02666	0.01086	0.00346	0.00494	0.02419	0.00790	0.00691
48	0.01291	0.01044	0.01169	0.01106	0.01395	0.01011	0.00839	0.01985	0.13453	0.02979	0.30039	0.06528	0.30365	0.01804	0.00979	0.00280	0.00464	0.01539	0.00863	0.00868
49	0.02106	0.02022	0.03454	0.05223	0.64784	0.02022	0.02612	0.02612	0.01938	0.02780	0.01601	0.02106	0.01348	0.00758	0.00842	0.00253	0.01011	0.00758	0.00421	0.01348
50	0.02988	0.02617	0.02528	0.08180	0.02913	0.15820	0.01707	0.40596	0.03293	0.04184	0.01786	0.01948	0.01325	0.01004	0.00953	0.00258	0.05215	0.00719	0.00692	0.01274
51	0.02317	0.02117	0.02268	0.02345	0.12129	0.08165	0.01599	0.09418	0.42470	0.03466	0.02840	0.02750	0.02155	0.01054	0.00852	0.00273	0.00831	0.00873	0.00755	0.01323
52	0.03235	0.02384	0.02554	0.01958	0.02639	0.02639	0.01618	0.61946	0.04001	0.05363	0.02043	0.02043	0.01447	0.01022	0.00851	0.00255	0.00936	0.00766	0.00851	0.01447
53	0.01024	0.00863	0.00888	0.00881	0.01161	0.00726	0.00661	0.01257	0.01983	0.02402	0.13764	0.08021	0.59231	0.02117	0.01006	0.00286	0.00428	0.01772	0.00804	0.00726
54	0.01049	0.00766	0.00987	0.01139	0.01228	0.00705	0.00775	0.01228	0.01736	0.02301	0.10632	0.56900	0.12373	0.02524	0.01070	0.00332	0.00478	0.02269	0.00804	0.00705
55	0.01006	0.00862	0.00862	0.00862	0.01149	0.00718	0.00647	0.01221	0.01940	0.02299	0.08621	0.08190	0.64438	0.02155	0.01006	0.00287	0.00431	0.01796	0.00790	0.00718
56	0.02106	0.02022	0.03454	0.05223	0.64784	0.02022	0.02612	0.02612	0.01938	0.02780	0.01601	0.02106	0.01348	0.00758	0.00842	0.00253	0.01011	0.00758	0.00421	0.01348
57	0.02275	0.70604	0.04459	0.01456	0.02184	0.03367	0.01456	0.02548	0.01729	0.02002	0.01183	0.01365	0.01092	0.00728	0.00546	0.00182	0.00910	0.00455	0.00364	0.01092
58	0.01707	0.04402	0.65683	0.02426	0.03683	0.01976	0.03144	0.02695	0.01797	0.02695	0.01527	0.01797	0.01078	0.00809	0.00809	0.00270	0.01258	0.00629	0.00359	0.01258
59	0.02429	0.02446	0.08902	0.03930	0.39200	0.05595	0.02343	0.18571	0.02503	0.03428	0.01698	0.02031	0.01336	0.00840	0.00838	0.00253	0.01041	0.00737	0.00532	0.01347
60	0.01216	0.00912	0.01368	0.01368	0.01520	0.01064	0.01064	0.01520	0.01368	0.01976	0.02279	0.03343	0.02127	0.06382	0.66720	0.01368	0.02279	0.00912	0.00456	0.00760
61	0.01238	0.00825	0.00928	0.00928	0.00928	0.00825	0.00516	0.01238	0.01238	0.01650	0.02681	0.05569	0.03094	0.70092	0.04331	0.00825	0.00825	0.01238	0.00516	0.00516
62	0.01707	0.04402	0.65683	0.02426	0.03683	0.01976	0.03144	0.02695	0.01797	0.02695	0.01527	0.01797	0.01078	0.00809	0.00809	0.00270	0.01258	0.00629	0.00359	0.01258
63	0.01586	0.00793	0.00793	0.00793	0.00991	0.00793	0.00595	0.01983	0.01785	0.03173	0.02776	0.03173	0.02181	0.00991	0.00595	0.00198	0.00397	0.00793	0.74817	0.00793
64	0.01037	0.00741	0.00987	0.01185	0.01234	0.00691	0.00790	0.01185	0.01629	0.02172	0.04690	0.69537	0.05629	0.02666	0.01086	0.00346	0.00494	0.02419	0.00790	0.00691
65	0.01707	0.04402	0.65683	0.02426	0.03683	0.01976	0.03144	0.02695	0.01797	0.02695	0.01527	0.01797	0.01078	0.00809	0.00809	0.00270	0.01258	0.00629	0.00359	0.01258
66	0.01216	0.00912	0.01368	0.01368	0.01520	0.01064	0.01064	0.01520	0.01368	0.01976	0.02279	0.03343	0.02127	0.06382	0.66720	0.01368	0.02279	0.00912	0.00456	0.00760
67	0.01952	0.02205	0.04787	0.03447	0.04261	0.02067	0.58159	0.02637	0.01987	0.02694	0.01894	0.06197	0.01543	0.00830	0.01009	0.00290	0.01380	0.01086	0.00451	0.01121
68	0.01586	0.00793	0.00793	0.00793	0.00991	0.00793	0.00595	0.01983	0.01785	0.03173	0.02776	0.03173	0.02181	0.00991	0.00595	0.00198	0.00397	0.00793	0.74817	0.00793
69	0.03179	0.04056	0.02412	0.02192	0.02631	0.66676	0.01644	0.03398	0.02412	0.02083	0.01315	0.01535	0.01096	0.00877	0.00767	0.00219	0.01535	0.00548	0.00438	0.00987
70	0.01037	0.00741	0.00987	0.01185	0.01234	0.00691	0.00790	0.01185	0.01629	0.02172	0.04690	0.69537	0.05629	0.02666	0.01086	0.00346	0.00494	0.02419	0.00790	0.00691
71	0.02180	0.02277	0.03712	0.04352	0.40131	0.08084	0.18309	0.02798	0.04630	0.02734	0.01686	0.02150	0.01363	0.00775	0.00880	0.00260	0.01159	0.00813	0.00444	0.01261
72	0.01550	0.00805	0.00850	0.00850	0.01044	0.00820	0.00641	0.01937	0.01743	0.03054	0.02727	0.03190	0.02176	0.01526	0.07155	0.00314	0.00583	0.00805	0.67440	0.00790
73	0.01902	0.01813	0.03085	0.30947	0.40658	0.01968	0.02510	0.02433	0.01841	0.02532	0.01565	0.02173	0.01261	0.00796	0.00846	0.00265	0.01062	0.00757	0.00404	0.01183
74	0.02937	0.21900	0.02961	0.01995	0.02511	0.49700	0.01594	0.03170	0.02229	0.02061	0.01280	0.01489	0.01095	0.00837	0.00708	0.00209	0.01367	0.00523	0.00419	0.01015
75	0.01343	0.01016	0.01208	0.04685	0.01595	0.00967	0.00892	0.01857	0.07790	0.05649	0.29148	0.06460	0.30641	0.01782	0.00977	0.00279	0.00493	0.01521	0.00844	0.00854
76	0.01765	0.01513	0.01765	0.01260	0.02017	0.01134	0.01008	0.02143	0.01765	0.02773	0.01513	0.01765	0.01260	0.00630	0.00630	0.00126	0.00630	0.00504	0.00504	0.75295
77	0.01263	0.01018	0.04430	0.01009	0.01077	0.00887	0.00658	0.01316	0.01268	0.01707	0.02619	0.05365	0.02985	0.66346	0.04141	0.00795	0.00848	0.01205	0.00507	0.00556
78	0.01206	0.00903	0.01347	0.01358	0.01504	0.01044	0.01049	0.01502	0.01382	0.01986	0.02410	0.06922	0.02317	0.06182	0.63171	0.01312	0.02183	0.00993	0.00474	0.00756

[dist]
# distance from previous block
# <min> <max>
0	14

[block]
# block no. 2 follows, 21 sequences, length 128
# corresponding to MSA columns:
# 138-265
name=unknown_C
#
# <colnr> <probs for GDERKNQSTAVLIFYWHMCP>
#	G	D	E	R	K	N	Q	S	T	A	V	L	I	F	Y	W	H	M	C	P
0	0.01229	0.00821	0.00931	0.00940	0.00942	0.00819	0.00528	0.01235	0.01255	0.01673	0.02770	0.08403	0.03206	0.67105	0.04188	0.00804	0.00810	0.01290	0.00528	0.00523
1	0.01229	0.00821	0.00931	0.00940	0.00942	0.00819	0.00528	0.01235	0.01255	0.01673	0.02770	0.08403	0.03206	0.67105	0.04188	0.00804	0.00810	0.01290	0.00528	0.00523
2	0.01769	0.01556	0.01992	0.05235	0.02374	0.01235	0.04477	0.02177	0.01775	0.02736	0.01524	0.01823	0.01255	0.00648	0.00664	0.00144	0.00704	0.00547	0.00493	0.66872
3	0.02170	0.01732	0.01959	0.01469	0.02160	0.01567	0.01181	0.20327	0.02439	0.03527	0.01863	0.05875	0.01577	0.00871	0.00725	0.00179	0.00716	0.00698	0.00627	0.48339
4	0.01338	0.01118	0.01639	0.18371	0.02606	0.01298	0.01358	0.01760	0.04591	0.02180	0.03107	0.20072	0.06866	0.03210	0.22001	0.00650	0.05147	0.01306	0.00558	0.00826
5	0.02264	0.59142	0.11282	0.01610	0.02381	0.06970	0.01659	0.02615	0.01777	0.02086	0.01230	0.01424	0.01091	0.00746	0.00589	0.00194	0.00987	0.00480	0.00368	0.01105
6	0.02580	0.06076	0.02879	0.03124	0.22425	0.29740	0.01980	0.05428	0.02115	0.02439	0.01400	0.01785	0.01195	0.00939	0.01117	0.00255	0.12316	0.00653	0.00437	0.01118
7	0.02468	0.02843	0.01973	0.01806	0.02224	0.36923	0.01366	0.03241	0.17732	0.02501	0.03343	0.03302	0.14338	0.01207	0.00841	0.00251	0.01092	0.00906	0.00618	0.01023
8	0.02204	0.02181	0.01641	0.01504	0.01773	0.25708	0.01089	0.07746	0.02029	0.02422	0.02099	0.03195	0.01981	0.22334	0.06213	0.00480	0.01128	0.00842	0.12591	0.00839
9	0.01035	0.00747	0.00980	0.01167	0.01230	0.00693	0.00782	0.01187	0.01647	0.02179	0.04910	0.66109	0.08914	0.02638	0.01082	0.00342	0.00490	0.02384	0.00790	0.00693
10	0.01707	0.04402	0.65683	0.02426	0.03683	0.01976	0.03144	0.02695	0.01797	0.02695	0.01527	0.01797	0.01078	0.00809	0.00809	0.00270	0.01258	0.00629	0.00359	0.01258
11	0.01607	0.01513	0.02552	0.68047	0.05861	0.01891	0.02363	0.02174	0.01702	0.02174	0.01513	0.02269	0.01134	0.00851	0.00851	0.00284	0.01134	0.00756	0.00378	0.00945
12	0.02461	0.02376	0.02050	0.01839	0.02317	0.18439	0.01418	0.04221	0.45161	0.05898	0.02915	0.02747	0.02196	0.01080	0.00840	0.00270	0.00894	0.00853	0.00766	0.01260
13	0.01069	0.00754	0.00978	0.01144	0.01186	0.00713	0.00746	0.01193	0.01567	0.02089	0.04371	0.59355	0.05225	0.13398	0.01603	0.00422	0.00546	0.02231	0.00746	0.00663
14	0.01015	0.00862	0.00874	0.00871	0.01155	0.00722	0.00653	0.01238	0.01960	0.02348	0.11066	0.08110	0.61963	0.02137	0.01006	0.00287	0.00430	0.01785	0.00797	0.00722
15	0.01015	0.00862	0.00875	0.00872	0.01155	0.00722	0.00654	0.01239	0.01961	0.02350	0.11199	0.08105	0.61829	0.02136	0.01006	0.00286	0.00430	0.01784	0.00797	0.00722
16	0.01027	0.00779	0.00947	0.01082	0.01207	0.00700	0.00744	0.01197	0.01729	0.02213	0.05948	0.49915	0.24439	0.02503	0.01060	0.00327	0.00474	0.02220	0.00790	0.00700
17	0.02106	0.02022	0.03454	0.05223	0.64784	0.02022	0.02612	0.02612	0.01938	0.02780	0.01601	0.02106	0.01348	0.00758	0.00842	0.00253	0.01011	0.00758	0.00421	0.01348
18	0.01765	0.01513	0.01765	0.01260	0.02017	0.01134	0.01008	0.02143	0.01765	0.02773	0.01513	0.01765	0.01260	0.00630	0.00630	0.00126	0.00630	0.00504	0.00504	0.75295
19	0.02275	0.70604	0.04459	0.01456	0.02184	0.03367	0.01456	0.02548	0.01729	0.02002	0.01183	0.01365	0.01092	0.00728	0.00546	0.00182	0.00910	0.00455	0.00364	0.01092
20	0.01179	0.00869	0.01103	0.01044	0.01256	0.00792	0.00783	0.01558	0.02350	0.03272	0.57324	0.06588	0.15128	0.01792	0.01004	0.00270	0.00405	0.01571	0.00918	0.00792
21	0.01120	0.00928	0.00989	0.00962	0.01245	0.00828	0.00725	0.01519	0.06108	0.02609	0.19591	0.07485	0.48876	0.02004	0.00996	0.00283	0.00441	0.01688	0.00825	0.00777
22	0.01827	0.18363	0.52772	0.02221	0.03367	0.02270	0.02788	0.02664	0.01782	0.02549	0.01455	0.01706	0.01081	0.00792	0.00753	0.00251	0.01184	0.00592	0.00360	0.01223
23	0.01785	0.01808	0.03569	0.03169	0.13290	0.01727	0.32988	0.02337	0.01944	0.02636	0.02604	0.11375	0.02525	0.01277	0.01022	0.00309	0.01127	0.12912	0.00541	0.01054
24	0.03081	0.04079	0.06615	0.02208	0.02701	0.62378	0.01744	0.03351	0.02371	0.02123	0.01329	0.01552	0.01095	0.00872	0.00770	0.00223	0.01516	0.00553	0.00433	0.01005
25	0.02138	0.02125	0.03271	0.04392	0.46878	0.05941	0.05285	0.02727	0.05970	0.02705	0.01659	0.02125	0.01387	0.00873	0.01069	0.00268	0.08700	0.00770	0.00447	0.01269
26	0.01068	0.00867	0.00958	0.01011	0.01257	0.00757	0.00779	0.01304	0.01908	0.02324	0.07518	0.15374	0.48263	0.02244	0.01042	0.00311	0.00494	0.11007	0.00789	0.00726
27	0.25385	0.02799	0.02103	0.01793	0.02334	0.26938	0.01416	0.21440	0.02616	0.03637	0.01503	0.01647	0.01153	0.00896	0.00720	0.00244	0.01081	0.00590	0.00594	0.01111
28	0.02737	0.43674	0.03574	0.01642	0.02289	0.18178	0.01468	0.03006	0.02005	0.12108	0.01561	0.01649	0.01255	0.00815	0.00648	0.00204	0.01030	0.00541	0.00492	0.01124
29	0.01055	0.00864	0.00931	0.00914	0.01180	0.00739	0.00685	0.01317	0.02056	0.02576	0.22473	0.07734	0.50414	0.02052	0.01005	0.00282	0.00424	0.01732	0.00827	0.00739
30	0.01097	0.00866	0.00988	0.00958	0.01205	0.00757	0.00718	0.01398	0.02155	0.02809	0.34151	0.07350	0.38590	0.01965	0.01005	0.00278	0.00418	0.01678	0.00857	0.00757
31	0.03186	0.03842	0.02430	0.02162	0.02632	0.58492	0.01641	0.10881	0.02615	0.02502	0.01408	0.01600	0.01141	0.00895	0.00778	0.00224	0.01458	0.00576	0.00491	0.01045
32	0.02249	0.67517	0.07315	0.01501	0.02254	0.03302	0.01535	0.02555	0.01732	0.02034	0.01199	0.01385	0.01091	0.00732	0.00558	0.00186	0.00926	0.00463	0.00364	0.01100
33	0.01006	0.00862	0.00862	0.00862	0.01149	0.00718	0.00647	0.01221	0.01940	0.02299	0.08621	0.08190	0.64438	0.02155	0.01006	0.00287	0.00431	0.01796	0.00790	0.00718
34	0.01037	0.00741	0.00987	0.01185	0.01234	0.00691	0.00790	0.01185	0.01629	0.02172	0.04690	0.69537	0.05629	0.02666	0.01086	0.00346	0.00494	0.02419	0.00790	0.00691
35	0.03119	0.08477	0.02548	0.02143	0.02601	0.62470	0.01632	0.03342	0.02366	0.02077	0.01307	0.01523	0.01096	0.00867	0.00753	0.00217	0.01493	0.00542	0.00434	0.00994
36	0.01324	0.00893	0.00999	0.00973	0.01002	0.00904	0.00563	0.03874	0.01358	0.01811	0.02654	0.05416	0.03022	0.67093	0.04180	0.00800	0.00830	0.01217	0.00530	0.00556
37	0.21388	0.32876	0.03021	0.01593	0.02182	0.22146	0.01377	0.02793	0.01864	0.02490	0.01224	0.01421	0.01050	0.00789	0.00608	0.00214	0.01035	0.00485	0.00428	0.01017
38	0.01037	0.00741	0.00987	0.01185	0.01234	0.00691	0.00790	0.01185	0.01629	0.02172	0.04690	0.69537	0.05629	0.02666	0.01086	0.00346	0.00494	0.02419	0.00790	0.00691
39	0.01037	0.00741	0.00987	0.01185	0.01234	0.00691	0.00790	0.01185	0.01629	0.02172	0.04690	0.69537	0.05629	0.02666	0.01086	0.00346	0.00494	0.02419	0.00790	0.00691
40	0.01019	0.00863	0.00880	0.00876	0.01158	0.00724	0.00657	0.01247	0.01971	0.02373	0.12322	0.08068	0.60691	0.02128	0.01006	0.00286	0.00429	0.01779	0.00800	0.00724
41	0.01195	0.00870	0.01124	0.01060	0.01265	0.00799	0.00795	0.01587	0.02386	0.03358	0.61600	0.06447	0.10799	0.01760	0.01004	0.00269	0.00403	0.01552	0.00930	0.00799
42	0.03642	0.01731	0.02150	0.01648	0.02314	0.01671	0.01362	0.21632	0.02909	0.47220	0.02960	0.02638	0.01907	0.01044	0.00854	0.00261	0.00788	0.00829	0.00992	0.01448
43	0.01138	0.00872	0.01045	0.01015	0.01248	0.00779	0.00771	0.01469	0.02212	0.02954	0.40603	0.07197	0.29087	0.01924	0.01013	0.00281	0.00430	0.04318	0.00875	0.00770
44	0.02050	0.01964	0.03352	0.12350	0.58100	0.02007	0.02584	0.02562	0.01911	0.02712	0.01591	0.02125	0.01324	0.00769	0.00843	0.00256	0.01025	0.00758	0.00416	0.01302
45	0.01607	0.01513	0.02552	0.68047	0.05861	0.01891	0.02363	0.02174	0.01702	0.02174	0.01513	0.02269	0.01134	0.00851	0.00851	0.00284	0.01134	0.00756	0.00378	0.00945
46	0.57250	0.02344	0.17579	0.01450	0.02162	0.01926	0.01485	0.02551	0.01537	0.03534	0.01272	0.01487	0.00961	0.00795	0.00598	0.00265	0.00810	0.00503	0.00484	0.01007
47	0.01236	0.01011	0.01110	0.01059	0.01349	0.00957	0.00802	0.01842	0.11357	0.02841	0.25433	0.06853	0.37277	0.01873	0.00984	0.00281	0.00458	0.01589	0.00848	0.00840
48	0.01037	0.00741	0.00987	0.01185	0.01234	0.00691	0.00790	0.01185	0.01629	0.02172	0.04690	0.69537	0.05629	0.02666	0.01086	0.00346	0.00494	0.02419	0.00790	0.00691
49	0.03114	0.02324	0.02486	0.01934	0.02593	0.02583	0.01588	0.55754	0.10390	0.05169	0.02196	0.02165	0.01571	0.01036	0.00853	0.00259	0.00908	0.00787	0.00853	0.01436
50	0.01831	0.01013	0.01259	0.01120	0.01462	0.00905	0.00872	0.02150	0.02174	0.18779	0.24335	0.05696	0.23497	0.01920	0.04726	0.00332	0.00601	0.01367	0.05021	0.00938
51	0.01805	0.15844	0.55102	0.02258	0.03424	0.02217	0.02852	0.02670	0.01785	0.02575	0.01468	0.01722	0.01080	0.00795	0.00763	0.00254	0.01198	0.00599	0.00360	0.01229
52	0.01749	0.01662	0.02784	0.48217	0.20578	0.01967	0.02397	0.02278	0.01738	0.02320	0.01511	0.02203	0.01188	0.00865	0.00964	0.00281	0.05107	0.00756	0.00389	0.01047
53	0.03716	0.01426	0.01942	0.01497	0.02137	0.01233	0.01233	0.04048	0.02435	0.62955	0.05737	0.03032	0.02338	0.01080	0.00862	0.00263	0.00712	0.00882	0.01049	0.01423
54	0.02195	0.02234	0.02991	0.22023	0.35372	0.12748	0.02338	0.05226	0.02041	0.02610	0.01548	0.02054	0.01251	0.00815	0.00833	0.00256	0.01129	0.00723	0.00431	0.01181
55	0.02156	0.02422	0.12007	0.15933	0.33925	0.05546	0.02464	0.10059	0.02159	0.02943	0.01614	0.02054	0.01269	0.00822	0.00836	0.00259	0.01088	0.00729	0.00459	0.01253
56	0.01031	0.00764	0.00963	0.01121	0.01218	0.00697	0.00762	0.01192	0.01690	0.02197	0.05463	0.57474	0.17193	0.02566	0.01070	0.00334	0.00481	0.02297	0.00790	0.00697
57	0.01216	0.00912	0.01368	0.01368	0.01520	0.01064	0.01064	0.01520	0.01368	0.01976	0.02279	0.03343	0.02127	0.06382	0.66720	0.01368	0.02279	0.00912	0.00456	0.00760
58	0.05481	0.03737	0.46536	0.02421	0.06663	0.02110	0.02703	0.14713	0.02236	0.03293	0.01620	0.01844	0.01160	0.00848	0.00806	0.00265	0.01151	0.00656	0.00470	0.01285
59	0.25977	0.31697	0.06362	0.01536	0.02121	0.02679	0.01441	0.05385	0.01693	0.02795	0.01235	0.01498	0.01058	0.00875	0.00890	0.00244	0.10509	0.00523	0.00441	0.01041
60	0.02417	0.01781	0.01965	0.01653	0.02113	0.01918	0.01302	0.39395	0.03138	0.04186	0.03249	0.23612	0.06338	0.01603	0.00934	0.00286	0.00769	0.01344	0.00829	0.01168
61	0.01863	0.01015	0.01368	0.01224	0.01527	0.00940	0.00946	0.02220	0.02251	0.18987	0.38193	0.08885	0.05706	0.02146	0.08425	0.00396	0.00702	0.01346	0.00903	0.00956
62	0.24717	0.37832	0.03145	0.08951	0.02464	0.06517	0.01408	0.02542	0.01681	0.02579	0.01229	0.01483	0.01045	0.00770	0.00588	0.00220	0.00896	0.00496	0.00420	0.01017
63	0.02106	0.02022	0.03454	0.05223	0.64784	0.02022	0.02612	0.02612	0.01938	0.02780	0.01601	0.02106	0.01348	0.00758	0.00842	0.00253	0.01011	0.00758	0.00421	0.01348
64	0.01761	0.01677	0.05394	0.01327	0.02111	0.01182	0.01130	0.02174	0.01766	0.02769	0.01513	0.01766	0.01250	0.00640	0.00640	0.00134	0.00666	0.00511	0.00496	0.71091
65	0.01216	0.00912	0.01368	0.01368	0.01520	0.01064	0.01064	0.01520	0.01368	0.01976	0.02279	0.03343	0.02127	0.06382	0.66720	0.01368	0.02279	0.00912	0.00456	0.00760
66	0.01216	0.00912	0.01368	0.01368	0.01520	0.01064	0.01064	0.01520	0.01368	0.01976	0.02279	0.03343	0.02127	0.06382	0.66720	0.01368	0.02279	0.00912	0.00456	0.00760
67	0.05918	0.25104	0.03144	0.02190	0.09472	0.22999	0.01642	0.11748	0.05435	0.02775	0.01517	0.01697	0.01245	0.00847	0.00710	0.00222	0.01100	0.00591	0.00499	0.01146
68	0.03065	0.19258	0.02811	0.01669	0.02334	0.02356	0.01439	0.28268	0.02924	0.21071	0.04950	0.02300	0.01832	0.00988	0.00782	0.00240	0.00847	0.00747	0.00788	0.01329
69	0.01037	0.00741	0.00987	0.01185	0.01234	0.00691	0.00790	0.01185	0.01629	0.02172	0.04690	0.69537	0.05629	0.02666	0.01086	0.00346	0.00494	0.02419	0.00790	0.00691
70	0.01016	0.00863	0.00877	0.00873	0.01156	0.00723	0.00655	0.01242	0.01965	0.02359	0.11618	0.08091	0.61404	0.02133	0.01006	0.00286	0.00429	0.01782	0.00798	0.00723
71	0.02280	0.38388	0.19742	0.01941	0.02758	0.14340	0.04878	0.02747	0.01883	0.02229	0.01321	0.01551	0.01099	0.00775	0.00675	0.00216	0.01137	0.00543	0.00379	0.01118
72	0.01238	0.00825	0.00928	0.00928	0.00928	0.00825	0.00516	0.01238	0.01238	0.01650	0.02681	0.05569	0.03094	0.70092	0.04331	0.00825	0.00825	0.01238	0.00516	0.00516
73	0.01371	0.00980	0.01371	0.01567	0.01763	0.00980	0.01371	0.01763	0.01959	0.02547	0.04506	0.09599	0.04898	0.02351	0.01175	0.00392	0.00784	0.59056	0.00784	0.00784
74	0.02180	0.01860	0.01960	0.01745	0.02237	0.02146	0.01362	0.07782	0.59883	0.03662	0.03383	0.03111	0.02532	0.01147	0.00865	0.00287	0.00688	0.00951	0.00865	0.01353
75	0.03235	0.02384	0.02554	0.01958	0.02639	0.02639	0.01618	0.61946	0.04001	0.05363	0.02043	0.02043	0.01447	0.01022	0.00851	0.00255	0.00936	0.00766	0.00851	0.01447
76	0.02878	0.19290	0.02738	0.01644	0.02298	0.02302	0.01406	0.18891	0.13576	0.19697	0.02400	0.02285	0.01728	0.00962	0.00768	0.00239	0.00814	0.00734	0.00768	0.04582
77	0.02117	0.06578	0.03521	0.04973	0.60625	0.02111	0.02535	0.02608	0.01924	0.02729	0.01573	0.02057	0.01331	0.00756	0.00823	0.00248	0.01004	0.00738	0.00417	0.01331
78	0.76103	0.01646	0.01251	0.01119	0.01646	0.01909	0.00922	0.02502	0.01448	0.03818	0.01185	0.01382	0.00922	0.00790	0.00527	0.00263	0.00658	0.00461	0.00527	0.00922
79	0.01006	0.00862	0.00862	0.00862	0.01149	0.00718	0.00647	0.01221	0.01940	0.02299	0.08621	0.08190	0.64438	0.02155	0.01006	0.00287	0.00431	0.01796	0.00790	0.00718
80	0.01204	0.00870	0.01138	0.01071	0.01271	0.00803	0.00803	0.01606	0.02409	0.03413	0.64335	0.06357	0.08030	0.01740	0.01004	0.00268	0.00401	0.01539	0.00937	0.00803
81	0.01586	0.00793	0.00793	0.00793	0.00991	0.00793	0.00595	0.01983	0.01785	0.03173	0.02776	0.03173	0.02181	0.00991	0.00595	0.00198	0.00397	0.00793	0.74817	0.00793
82	0.01037	0.00741	0.00987	0.01185	0.01234	0.00691	0.00790	0.01185	0.01629	0.02172	0.04690	0.69537	0.05629	0.02666	0.01086	0.00346	0.00494	0.02419	0.00790	0.00691
83	0.01469	0.00929	0.01119	0.01066	0.01344	0.00814	0.00800	0.01742	0.02094	0.11604	0.23019	0.16679	0.30201	0.01962	0.00997	0.00288	0.00475	0.01688	0.00869	0.00842
84	0.01109	0.00866	0.01006	0.00971	0.01213	0.00762	0.00728	0.01422	0.02184	0.02879	0.37661	0.07234	0.35036	0.01939	0.01005	0.00277	0.00416	0.01662	0.00867	0.00762
85	0.01707	0.04402	0.65683	0.02426	0.03683	0.01976	0.03144	0.02695	0.01797	0.02695	0.01527	0.01797	0.01078	0.00809	0.00809	0.00270	0.01258	0.00629	0.00359	0.01258
86	0.72759	0.01637	0.01284	0.01137	0.01670	0.01879	0.00937	0.02578	0.01494	0.06666	0.01285	0.01452	0.00976	0.00802	0.00542	0.00263	0.00661	0.00479	0.00551	0.00946
87	0.01697	0.01506	0.02224	0.14048	0.21595	0.01565	0.01736	0.02400	0.10635	0.02711	0.06962	0.11910	0.06247	0.01295	0.00900	0.00276	0.00804	0.04227	0.00605	0.06656
88	0.03182	0.03978	0.02418	0.02181	0.02631	0.63689	0.01643	0.06129	0.02486	0.02236	0.01349	0.01558	0.01113	0.00884	0.00771	0.00221	0.01507	0.00558	0.00458	0.01008
89	0.01586	0.00793	0.00793	0.00793	0.00991	0.00793	0.00595	0.01983	0.01785	0.03173	0.02776	0.03173	0.02181	0.00991	0.00595	0.00198	0.00397	0.00793	0.74817	0.00793
90	0.01102	0.00921	0.01066	0.01179	0.04954	0.00806	0.00798	0.01356	0.01979	0.02475	0.15816	0.12978	0.47445	0.02058	0.01003	0.00288	0.00467	0.01753	0.00789	0.00765
91	0.02102	0.02091	0.06896	0.36404	0.15098	0.05249	0.02274	0.14277	0.02243	0.02946	0.01625	0.02128	0.01228	0.00867	0.00843	0.00269	0.01101	0.00740	0.00482	0.01138
92	0.01434	0.01278	0.02076	0.47703	0.04453	0.01526	0.01885	0.01873	0.01680	0.02174	0.02479	0.22736	0.02502	0.01403	0.00922	0.00302	0.00939	0.01262	0.00503	0.00868
93	0.03268	0.01453	0.01817	0.01431	0.01998	0.01365	0.01170	0.12385	0.02536	0.43459	0.03039	0.02826	0.02023	0.01036	0.00801	0.00249	0.00688	0.00829	0.16316	0.01312
94	0.01922	0.01868	0.03101	0.20414	0.33525	0.02124	0.04775	0.02380	0.01740	0.02462	0.01476	0.02101	0.01240	0.00942	0.01284	0.00289	0.16046	0.00765	0.00400	0.01145
95	0.01016	0.00862	0.00876	0.00873	0.01156	0.00723	0.00655	0.01241	0.01964	0.02356	0.11466	0.08096	0.61558	0.02134	0.01006	0.00286	0.00430	0.01783	0.00798	0.00723
96	0.01037	0.00741	0.00987	0.01185	0.01234	0.00691	0.00790	0.01185	0.01629	0.02172	0.04690	0.69537	0.05629	0.02666	0.01086	0.00346	0.00494	0.02419	0.00790	0.00691
97	0.01586	0.00793	0.00793	0.00793	0.00991	0.00793	0.00595	0.01983	0.01785	0.03173	0.02776	0.03173	0.02181	0.00991	0.00595	0.00198	0.00397	0.00793	0.74817	0.00793
98	0.72831	0.01608	0.01231	0.01105	0.01617	0.01860	0.00907	0.02479	0.01463	0.03790	0.01255	0.01461	0.00977	0.00799	0.00530	0.00260	0.00647	0.00475	0.03789	0.00916
99	0.01758	0.01832	0.08832	0.01389	0.02201	0.01228	0.01245	0.02204	0.01768	0.02764	0.01514	0.01768	0.01240	0.00650	0.00650	0.00142	0.00700	0.00518	0.00488	0.67109
100	0.02723	0.01922	0.02053	0.01616	0.02178	0.02074	0.01318	0.42946	0.03297	0.04645	0.02200	0.02318	0.01625	0.00991	0.00772	0.00233	0.00779	0.00758	0.19886	0.05665
101	0.01754	0.01273	0.01453	0.01340	0.01596	0.01320	0.00977	0.19711	0.02338	0.03119	0.07281	0.28184	0.07891	0.15768	0.01663	0.00407	0.00686	0.01583	0.00762	0.00894
102	0.03235	0.02384	0.02554	0.01958	0.02639	0.02639	0.01618	0.61946	0.04001	0.05363	0.02043	0.02043	0.01447	0.01022	0.00851	0.00255	0.00936	0.00766	0.00851	0.01447
103	0.01525	0.01324	0.05341	0.01850	0.08702	0.01163	0.01380	0.02053	0.06982	0.05459	0.04522	0.19424	0.13032	0.01959	0.01033	0.00330	0.00713	0.21546	0.00740	0.00923
104	0.01477	0.01069	0.01357	0.01297	0.01551	0.01056	0.01039	0.08490	0.02476	0.03414	0.42107	0.06689	0.06489	0.01813	0.01030	0.00298	0.00559	0.16027	0.00888	0.00871
105	0.05756	0.23191	0.05972	0.01612	0.02267	0.17589	0.01415	0.06044	0.02025	0.02588	0.01444	0.01658	0.01201	0.00775	0.00653	0.00190	0.00970	0.00533	0.04108	0.20008
106	0.01236	0.00830	0.00953	0.00953	0.00962	0.00839	0.00547	0.01254	0.01245	0.01669	0.02658	0.05441	0.03038	0.66425	0.07922	0.00856	0.00909	0.01219	0.00512	0.00530
107	0.01850	0.20117	0.47938	0.02184	0.03253	0.02340	0.02677	0.02628	0.01756	0.02498	0.01425	0.01697	0.01083	0.00823	0.00843	0.00254	0.04477	0.00593	0.00361	0.01202
108	0.02480	0.35421	0.03430	0.01849	0.02337	0.23405	0.01599	0.02718	0.01860	0.02037	0.01212	0.01520	0.01098	0.00930	0.01073	0.00233	0.14841	0.00544	0.00389	0.01026
109	0.01210	0.00916	0.01152	0.01264	0.01483	0.00858	0.01043	0.01523	0.01955	0.02482	0.09323	0.12899	0.26274	0.02268	0.01100	0.00345	0.00618	0.31737	0.00795	0.00755
110	0.01765	0.01513	0.01765	0.01260	0.02017	0.01134	0.01008	0.02143	0.01765	0.02773	0.01513	0.01765	0.01260	0.00630	0.00630	0.00126	0.00630	0.00504	0.00504	0.75295
111	0.02372	0.07177	0.09127	0.02192	0.09571	0.18132	0.01693	0.15041	0.05963	0.03090	0.05917	0.03032	0.10857	0.01122	0.00836	0.00250	0.01011	0.00876	0.00610	0.01132
112	0.21713	0.01954	0.05208	0.01560	0.02091	0.09004	0.01317	0.09740	0.02108	0.19074	0.02094	0.02283	0.01558	0.02031	0.14131	0.00482	0.01168	0.00708	0.00665	0.01110
113	0.01586	0.00793	0.00793	0.00793	0.00991	0.00793	0.00595	0.01983	0.01785	0.03173	0.02776	0.03173	0.02181	0.00991	0.00595	0.00198	0.00397	0.00793	0.74817	0.00793
114	0.01037	0.00741	0.00987	0.01185	0.01234	0.00691	0.00790	0.01185	0.01629	0.02172	0.04690	0.69537	0.05629	0.02666	0.01086	0.00346	0.00494	0.02419	0.00790	0.00691
115	0.02106	0.02022	0.03454	0.05223	0.64784	0.02022	0.02612	0.02612	0.01938	0.02780	0.01601	0.02106	0.01348	0.00758	0.00842	0.00253	0.01011	0.00758	0.00421	0.01348
116	0.01950	0.01863	0.03172	0.24876	0.46352	0.01981	0.02534	0.02475	0.01864	0.02591	0.01573	0.02157	0.01281	0.00787	0.00845	0.00262	0.01050	0.00758	0.00408	0.01222
117	0.02106	0.02022	0.03454	0.05223	0.64784	0.02022	0.02612	0.02612	0.01938	0.02780	0.01601	0.02106	0.01348	0.00758	0.00842	0.00253	0.01011	0.00758	0.00421	0.01348
118	0.01216	0.00912	0.01368	0.01368	0.01520	0.01064	0.01064	0.01520	0.01368	0.01976	0.02279	0.03343	0.02127	0.06382	0.66720	0.01368	0.02279	0.00912	0.00456	0.00760
119	0.76103	0.01646	0.01251	0.01119	0.01646	0.01909	0.00922	0.02502	0.01448	0.03818	0.01185	0.01382	0.00922	0.00790	0.00527	0.00263	0.00658	0.00461	0.00527	0.00922
120	0.02117	0.01828	0.01924	0.01732	0.02213	0.02117	0.01347	0.04522	0.63246	0.03560	0.03464	0.03175	0.02598	0.01155	0.00866	0.00289	0.00673	0.00962	0.00866	0.01347
121	0.02568	0.12159	0.02234	0.01597	0.02059	0.22252	0.01285	0.16448	0.02489	0.03173	0.01920	0.02138	0.01515	0.00925	0.00702	0.00216	0.00952	0.00662	0.23659	0.01049
122	0.02494	0.07204	0.22855	0.02637	0.10210	0.01889	0.14284	0.03124	0.02046	0.21736	0.02109	0.02239	0.01466	0.00853	0.00849	0.00263	0.01080	0.00777	0.00592	0.01293
123	0.01241	0.00912	0.01200	0.01325	0.01518	0.00871	0.01089	0.01571	0.01976	0.02578	0.13777	0.16902	0.15562	0.02272	0.01110	0.00350	0.00630	0.33542	0.00807	0.00763
124	0.01719	0.01595	0.02672	0.43287	0.21737	0.01826	0.02323	0.02250	0.01796	0.02383	0.01868	0.03034	0.01610	0.00991	0.00884	0.00287	0.01061	0.07203	0.00435	0.01039
125	0.03133	0.03877	0.02396	0.02160	0.02612	0.60773	0.01629	0.06126	0.05288	0.02301	0.01448	0.01634	0.01181	0.00896	0.00776	0.00224	0.01468	0.00577	0.00477	0.01024
126	0.18805	0.01489	0.01825	0.01432	0.02063	0.01387	0.01183	0.03806	0.02231	0.52611	0.02907	0.02583	0.01861	0.00999	0.00788	0.00263	0.00710	0.00774	0.00944	0.01339
127	0.01204	0.00870	0.01138	0.01071	0.01271	0.00803	0.00803	0.01606	0.02409	0.03413	0.64335	0.06357	0.08030	0.01740	0.01004	0.00268	0.00401	0.01539	0.00937	0.00803

[dist]
# distance from previous block
# <min> <max>
0	5

[block]
# block no. 3 follows, 21 sequences, length 70
# corresponding to MSA columns:
# 271-340
name=unknown_D
#
# <colnr> <probs for GDERKNQSTAVLIFYWHMCP>
#	G	D	E	R	K	N	Q	S	T	A	V	L	I	F	Y	W	H	M	C	P
0	0.09039	0.40586	0.03307	0.01519	0.02129	0.11973	0.01366	0.08975	0.02051	0.02654	0.01454	0.01645	0.01225	0.00813	0.00614	0.00204	0.00928	0.00536	0.07912	0.01070
1	0.02754	0.03289	0.02703	0.08751	0.19561	0.43704	0.01966	0.03081	0.02223	0.02278	0.01409	0.01752	0.01167	0.00843	0.00795	0.00234	0.01359	0.00623	0.00429	0.01080
2	0.01048	0.00864	0.00920	0.00906	0.01175	0.00736	0.00679	0.01302	0.02038	0.02533	0.20346	0.07804	0.52567	0.02068	0.01005	0.00283	0.00425	0.01742	0.00821	0.00736
3	0.05717	0.53345	0.17189	0.01644	0.02474	0.03004	0.01786	0.02577	0.01730	0.02236	0.01256	0.01457	0.01081	0.00748	0.00600	0.00204	0.00971	0.00492	0.00371	0.01119
4	0.01951	0.02163	0.09921	0.19033	0.45002	0.01988	0.02613	0.02522	0.01870	0.02635	0.01573	0.02110	0.01271	0.00784	0.00841	0.00261	0.01065	0.00744	0.00405	0.01248
5	0.01707	0.04402	0.65683	0.02426	0.03683	0.01976	0.03144	0.02695	0.01797	0.02695	0.01527	0.01797	0.01078	0.00809	0.00809	0.00270	0.01258	0.00629	0.00359	0.01258
6	0.01006	0.00862	0.00862	0.00862	0.01149	0.00718	0.00647	0.01221	0.01940	0.02299	0.08621	0.08190	0.64438	0.02155	0.01006	0.00287	0.00431	0.01796	0.00790	0.00718
7	0.10597	0.21990	0.09341	0.01900	0.02511	0.35819	0.01669	0.02998	0.02059	0.02310	0.01287	0.01499	0.01075	0.00820	0.00685	0.00219	0.01242	0.00522	0.00419	0.01036
8	0.01114	0.00796	0.01077	0.01274	0.01357	0.00758	0.00925	0.01319	0.01706	0.02259	0.04648	0.55630	0.05459	0.02593	0.01107	0.00356	0.00561	0.15561	0.00788	0.00713
9	0.01238	0.00825	0.00928	0.00928	0.00928	0.00825	0.00516	0.01238	0.01238	0.01650	0.02681	0.05569	0.03094	0.70092	0.04331	0.00825	0.00825	0.01238	0.00516	0.00516
10	0.01238	0.00825	0.00928	0.00928	0.00928	0.00825	0.00516	0.01238	0.01238	0.01650	0.02681	0.05569	0.03094	0.70092	0.04331	0.00825	0.00825	0.01238	0.00516	0.00516
11	0.41254	0.04723	0.01938	0.08594	0.02445	0.05755	0.01327	0.18728	0.02236	0.03895	0.01461	0.01665	0.01104	0.00862	0.00664	0.00258	0.00844	0.00580	0.00588	0.01078
12	0.02332	0.14294	0.18620	0.03072	0.22692	0.12817	0.02288	0.09109	0.02167	0.02794	0.01515	0.01808	0.01209	0.00813	0.00774	0.00240	0.01132	0.00643	0.00446	0.01235
