[name]
unknown

[dist]
# distance from previous block
# <min> <max>
0	0

[block]
# block no. 0 follows, 19 sequences, length 64
# corresponding to MSA columns:
# 0-63
name=unknown_A
#
# <colnr> <probs for GDERKNQSTAVLIFYWHMCP>
#	G	D	E	R	K	N	Q	S	T	A	V	L	I	F	Y	W	H	M	C	P
0	0.01442	0.01030	0.01442	0.01648	0.01854	0.01030	0.01442	0.01854	0.02060	0.02677	0.04737	0.10092	0.05149	0.02471	0.01236	0.00412	0.00824	0.56956	0.00824	0.00824
1	0.01794	0.04628	0.63923	0.02550	0.03872	0.02078	0.03305	0.02833	0.01889	0.02833	0.01606	0.01889	0.01133	0.00850	0.00850	0.00283	0.01322	0.00661	0.00378	0.01322
2	0.01504	0.01314	0.01617	0.01572	0.01748	0.06874	0.01225	0.01808	0.01531	0.02092	0.02229	0.03248	0.02073	0.05872	0.55404	0.01265	0.06406	0.00914	0.00472	0.00831
3	0.01090	0.00779	0.01038	0.01246	0.01298	0.00727	0.00830	0.01246	0.01713	0.02284	0.04931	0.67975	0.05917	0.02803	0.01142	0.00363	0.00519	0.02543	0.00830	0.00727
4	0.01057	0.00906	0.00906	0.00906	0.01208	0.00755	0.00680	0.01284	0.02039	0.02417	0.09063	0.08610	0.62615	0.02266	0.01057	0.00302	0.00453	0.01888	0.00831	0.00755
5	0.01090	0.00779	0.01038	0.01246	0.01298	0.00727	0.00830	0.01246	0.01713	0.02284	0.04931	0.67975	0.05917	0.02803	0.01142	0.00363	0.00519	0.02543	0.00830	0.00727
6	0.01794	0.04628	0.63923	0.02550	0.03872	0.02078	0.03305	0.02833	0.01889	0.02833	0.01606	0.01889	0.01133	0.00850	0.00850	0.00283	0.01322	0.00661	0.00378	0.01322
7	0.01794	0.04628	0.63923	0.02550	0.03872	0.02078	0.03305	0.02833	0.01889	0.02833	0.01606	0.01889	0.01133	0.00850	0.00850	0.00283	0.01322	0.00661	0.00378	0.01322
8	0.02214	0.02126	0.03631	0.05491	0.62978	0.02126	0.02746	0.02746	0.02037	0.02923	0.01683	0.02214	0.01417	0.00797	0.00886	0.00266	0.01063	0.00797	0.00443	0.01417
9	0.01278	0.00959	0.01438	0.01438	0.01598	0.01118	0.01118	0.01598	0.01438	0.02077	0.02396	0.03515	0.02237	0.06710	0.65013	0.01438	0.02396	0.00959	0.00479	0.00799
10	0.02214	0.02126	0.03631	0.05491	0.62978	0.02126	0.02746	0.02746	0.02037	0.02923	0.01683	0.02214	0.01417	0.00797	0.00886	0.00266	0.01063	0.00797	0.00443	0.01417
11	0.03347	0.04108	0.02549	0.02283	0.02767	0.59460	0.01726	0.08568	0.02683	0.02495	0.01451	0.01661	0.01185	0.00935	0.00815	0.00234	0.01558	0.00597	0.00499	0.01080
12	0.01090	0.00779	0.01038	0.01246	0.01298	0.00727	0.00830	0.01246	0.01713	0.02284	0.04931	0.67975	0.05917	0.02803	0.01142	0.00363	0.00519	0.02543	0.00830	0.00727
13	0.01090	0.00779	0.01038	0.01246	0.01298	0.00727	0.00830	0.01246	0.01713	0.02284	0.04931	0.67975	0.05917	0.02803	0.01142	0.00363	0.00519	0.02543	0.00830	0.00727
14	0.03216	0.04026	0.02657	0.02660	0.09478	0.57961	0.01842	0.03480	0.02480	0.02271	0.01416	0.01680	0.01182	0.00908	0.00815	0.00234	0.01552	0.00601	0.00459	0.01080
15	0.02214	0.02126	0.03631	0.05491	0.62978	0.02126	0.02746	0.02746	0.02037	0.02923	0.01683	0.02214	0.01417	0.00797	0.00886	0.00266	0.01063	0.00797	0.00443	0.01417
16	0.03401	0.02506	0.02685	0.02058	0.02774	0.02774	0.01700	0.59995	0.04206	0.05638	0.02148	0.02148	0.01521	0.01074	0.00895	0.00268	0.00984	0.00805	0.00895	0.01521
17	0.03234	0.04042	0.02425	0.02210	0.02655	0.60826	0.01657	0.03476	0.02493	0.02264	0.01482	0.01725	0.01226	0.00930	0.00795	0.00229	0.01536	0.00593	0.05178	0.01024
18	0.01508	0.01297	0.01879	0.01747	0.01852	0.01668	0.01403	0.01786	0.01415	0.02103	0.01982	0.02987	0.01876	0.04966	0.43963	0.01083	0.24276	0.00899	0.00449	0.00860
19	0.01794	0.04628	0.63923	0.02550	0.03872	0.02078	0.03305	0.02833	0.01889	0.02833	0.01606	0.01889	0.01133	0.00850	0.00850	0.00283	0.01322	0.00661	0.00378	0.01322
20	0.02474	0.02619	0.03378	0.04756	0.49086	0.16624	0.02511	0.02936	0.02152	0.02754	0.01614	0.02076	0.01356	0.00826	0.00867	0.00258	0.01190	0.00746	0.00447	0.01329
21	0.02818	0.01971	0.02276	0.10719	0.06702	0.07454	0.01640	0.04065	0.25768	0.22304	0.03006	0.02893	0.02138	0.01085	0.00894	0.00285	0.00893	0.00895	0.00834	0.01359
22	0.01145	0.00880	0.01048	0.01069	0.01278	0.00783	0.00778	0.01431	0.02154	0.02837	0.28699	0.21564	0.28663	0.02221	0.01076	0.00308	0.00456	0.01935	0.00890	0.00783
23	0.01090	0.00779	0.01038	0.01246	0.01298	0.00727	0.00830	0.01246	0.01713	0.02284	0.04931	0.67975	0.05917	0.02803	0.01142	0.00363	0.00519	0.02543	0.00830	0.00727
24	0.02112	0.02018	0.03390	0.05085	0.57508	0.02004	0.02563	0.02616	0.02037	0.02878	0.02336	0.02781	0.06836	0.00927	0.00901	0.00269	0.01009	0.00894	0.00477	0.01359
25	0.02214	0.02126	0.03631	0.05491	0.62978	0.02126	0.02746	0.02746	0.02037	0.02923	0.01683	0.02214	0.01417	0.00797	0.00886	0.00266	0.01063	0.00797	0.00443	0.01417
26	0.01794	0.04628	0.63923	0.02550	0.03872	0.02078	0.03305	0.02833	0.01889	0.02833	0.01606	0.01889	0.01133	0.00850	0.00850	0.00283	0.01322	0.00661	0.00378	0.01322
27	0.02643	0.02245	0.02250	0.01922	0.02486	0.06437	0.01520	0.20897	0.40782	0.04199	0.03057	0.02877	0.02274	0.01154	0.00899	0.00288	0.00848	0.00923	0.00877	0.01423
28	0.01813	0.04498	0.60493	0.02621	0.03919	0.02089	0.06605	0.02835	0.01902	0.02835	0.01617	0.01920	0.01146	0.00844	0.00862	0.00284	0.01333	0.00684	0.00382	0.01315
29	0.03176	0.01346	0.01756	0.01407	0.01982	0.01159	0.01142	0.03499	0.02439	0.46073	0.08157	0.04536	0.16504	0.01416	0.00945	0.00283	0.00671	0.01169	0.01037	0.01307
30	0.01090	0.00779	0.01038	0.01246	0.01298	0.00727	0.00830	0.01246	0.01713	0.02284	0.04931	0.67975	0.05917	0.02803	0.01142	0.00363	0.00519	0.02543	0.00830	0.00727
31	0.02284	0.02564	0.03687	0.22029	0.11634	0.16633	0.22734	0.02844	0.02106	0.02546	0.01632	0.02197	0.01269	0.00839	0.00931	0.00280	0.01387	0.00838	0.00437	0.01130
32	0.02314	0.02315	0.03534	0.05209	0.57646	0.07690	0.02656	0.02819	0.02081	0.02858	0.01656	0.02161	0.01394	0.00808	0.00879	0.00263	0.01112	0.00778	0.00444	0.01383
33	0.02214	0.02126	0.03631	0.05491	0.62978	0.02126	0.02746	0.02746	0.02037	0.02923	0.01683	0.02214	0.01417	0.00797	0.00886	0.00266	0.01063	0.00797	0.00443	0.01417
34	0.01080	0.00816	0.01000	0.01147	0.01272	0.00735	0.00787	0.01257	0.01808	0.02323	0.06136	0.50660	0.22454	0.02646	0.01117	0.00345	0.00500	0.02352	0.00831	0.00735
35	0.01859	0.04174	0.51897	0.02800	0.04037	0.02116	0.14876	0.02840	0.01935	0.02840	0.01647	0.01996	0.01179	0.00830	0.00892	0.00287	0.01360	0.00742	0.00393	0.01298
36	0.03249	0.03879	0.02649	0.02559	0.08098	0.52469	0.01816	0.09789	0.02677	0.02639	0.01495	0.01726	0.01217	0.00928	0.00824	0.00238	0.01495	0.00621	0.00508	0.01125
37	0.01090	0.00779	0.01038	0.01246	0.01298	0.00727	0.00830	0.01246	0.01713	0.02284	0.04931	0.67975	0.05917	0.02803	0.01142	0.00363	0.00519	0.02543	0.00830	0.00727
38	0.01794	0.04628	0.63923	0.02550	0.03872	0.02078	0.03305	0.02833	0.01889	0.02833	0.01606	0.01889	0.01133	0.00850	0.00850	0.00283	0.01322	0.00661	0.00378	0.01322
39	0.23706	0.01737	0.01792	0.01522	0.02006	0.01954	0.01234	0.23294	0.02522	0.04084	0.02024	0.02390	0.01609	0.02308	0.15657	0.00536	0.01165	0.00750	0.08593	0.01117
40	0.03982	0.01573	0.02108	0.01616	0.02309	0.01390	0.01335	0.07224	0.02645	0.60614	0.03458	0.02999	0.02179	0.01106	0.00899	0.00276	0.00773	0.00895	0.01096	0.01522
41	0.01278	0.00959	0.01438	0.01438	0.01598	0.01118	0.01118	0.01598	0.01438	0.02077	0.02396	0.03515	0.02237	0.06710	0.65013	0.01438	0.02396	0.00959	0.00479	0.00799
42	0.01069	0.00907	0.00923	0.00919	0.01216	0.00760	0.00689	0.01307	0.02067	0.02483	0.12067	0.08502	0.59569	0.02241	0.01057	0.00301	0.00451	0.01873	0.00839	0.00760
43	0.01997	0.16025	0.47298	0.02414	0.03572	0.05617	0.05645	0.02846	0.01921	0.02671	0.01539	0.01819	0.01148	0.00834	0.00808	0.00265	0.01281	0.00643	0.00387	0.01271
44	0.02085	0.02010	0.02912	0.04082	0.41581	0.05181	0.02176	0.02820	0.10051	0.02912	0.03138	0.03380	0.11588	0.01100	0.00913	0.00275	0.00944	0.00993	0.00570	0.01289
45	0.01794	0.04628	0.63923	0.02550	0.03872	0.02078	0.03305	0.02833	0.01889	0.02833	0.01606	0.01889	0.01133	0.00850	0.00850	0.00283	0.01322	0.00661	0.00378	0.01322
46	0.03021	0.03319	0.02884	0.03196	0.20447	0.35309	0.02022	0.13496	0.02690	0.03026	0.01609	0.01886	0.01297	0.00913	0.00846	0.00248	0.01338	0.00682	0.00534	0.01236
47	0.02064	0.03022	0.25227	0.04438	0.41807	0.02109	0.02946	0.02777	0.01984	0.02891	0.01655	0.02098	0.01315	0.00816	0.00873	0.00272	0.01156	0.00748	0.00420	0.01383
48	0.01193	0.00973	0.01062	0.01028	0.01317	0.00874	0.00775	0.01622	0.05934	0.02844	0.24412	0.07711	0.42923	0.02071	0.01047	0.00296	0.00460	0.01753	0.00881	0.00823
49	0.03020	0.02187	0.02214	0.01869	0.02424	0.10495	0.01485	0.10519	0.27072	0.21247	0.03026	0.02824	0.02161	0.01144	0.00984	0.00286	0.03888	0.00887	0.00882	0.01388
50	0.16756	0.10703	0.36110	0.02047	0.03048	0.02197	0.02369	0.03025	0.07108	0.06230	0.01774	0.01940	0.01299	0.00882	0.00768	0.00273	0.01072	0.00649	0.00499	0.01251
51	0.01156	0.00911	0.00982	0.01005	0.01227	0.00812	0.00733	0.01351	0.01871	0.02288	0.07140	0.08139	0.42512	0.17584	0.01884	0.00445	0.00590	0.07892	0.00763	0.00714
52	0.01355	0.01112	0.01267	0.01260	0.01490	0.01136	0.00925	0.01972	0.12584	0.02628	0.09167	0.22925	0.26249	0.06436	0.01385	0.00359	0.04278	0.01791	0.00810	0.00871
53	0.16957	0.02961	0.24780	0.03406	0.24200	0.02096	0.07626	0.02764	0.01885	0.03110	0.01577	0.01960	0.01219	0.00819	0.00820	0.00277	0.01119	0.00707	0.00443	0.01273
54	0.01932	0.19502	0.50256	0.02315	0.03509	0.02415	0.02896	0.02798	0.01872	0.02665	0.01522	0.01784	0.01137	0.00830	0.00786	0.00262	0.01238	0.00619	0.00379	0.01282
55	0.02181	0.02092	0.03571	0.09342	0.59386	0.02117	0.02729	0.02717	0.02021	0.02883	0.01677	0.02225	0.01403	0.00803	0.00886	0.00268	0.01071	0.00797	0.00440	0.01390
56	0.01794	0.04628	0.63923	0.02550	0.03872	0.02078	0.03305	0.02833	0.01889	0.02833	0.01606	0.01889	0.01133	0.00850	0.00850	0.00283	0.01322	0.00661	0.00378	0.01322
57	0.02329	0.03044	0.17245	0.03869	0.31625	0.12132	0.02595	0.05535	0.02125	0.02846	0.01594	0.02018	0.01293	0.00910	0.01047	0.00275	0.07037	0.00730	0.00447	0.01301
58	0.01146	0.00855	0.01148	0.01317	0.01365	0.00857	0.00903	0.01304	0.01691	0.02275	0.04688	0.63712	0.05611	0.02723	0.01258	0.00365	0.04806	0.02430	0.00802	0.00743
59	0.01886	0.04064	0.50066	0.03142	0.14563	0.02096	0.06085	0.02819	0.01927	0.02851	0.01630	0.01974	0.01196	0.00836	0.00867	0.00281	0.01285	0.00706	0.00393	0.01333
60	0.02415	0.61780	0.07801	0.01632	0.02410	0.07053	0.01639	0.02740	0.01864	0.02150	0.01272	0.01470	0.01148	0.00779	0.00603	0.00199	0.01015	0.00494	0.00387	0.01151
61	0.08611	0.09990	0.08183	0.15087	0.03152	0.19019	0.01801	0.02601	0.01899	0.02396	0.01652	0.02202	0.01392	0.02219	0.15594	0.00528	0.01526	0.00698	0.00444	0.01006
62	0.01094	0.00808	0.01024	0.01180	0.01284	0.00738	0.00805	0.01277	0.01816	0.02380	0.08886	0.54205	0.15920	0.02655	0.01122	0.00348	0.00502	0.02377	0.00839	0.00738
63	0.02007	0.01720	0.01705	0.01550	0.01826	0.10603	0.01155	0.13776	0.02216	0.02850	0.06311	0.07044	0.02767	0.19056	0.20631	0.00756	0.01402	0.01078	0.00628	0.00919

[dist]
# distance from previous block
# <min> <max>
0	1

[block]
# block no. 1 follows, 19 sequences, length 90
# corresponding to MSA columns:
# 65-123,146-176
name=unknown_B
#
# <colnr> <probs for GDERKNQSTAVLIFYWHMCP>
#	G	D	E	R	K	N	Q	S	T	A	V	L	I	F	Y	W	H	M	C	P
0	0.01197	0.00937	0.01106	0.01171	0.01420	0.00846	0.00934	0.01497	0.02082	0.02619	0.13551	0.12183	0.36184	0.02308	0.01115	0.00336	0.00564	0.18319	0.00846	0.00784
1	0.18940	0.01997	0.03031	0.08711	0.44918	0.02089	0.02318	0.02687	0.01901	0.03130	0.01576	0.02051	0.01298	0.00812	0.00810	0.00271	0.00986	0.00725	0.00465	0.01284
2	0.01998	0.01973	0.03021	0.39548	0.26805	0.06432	0.02528	0.02545	0.01932	0.02513	0.01610	0.02269	0.01272	0.00861	0.00885	0.00282	0.01174	0.00781	0.00419	0.01152
3	0.01862	0.04204	0.53406	0.02966	0.10831	0.02094	0.06576	0.02825	0.01919	0.02846	0.01627	0.01958	0.01180	0.00838	0.00866	0.00282	0.01303	0.00700	0.00390	0.01326
4	0.03342	0.04264	0.02535	0.02305	0.02766	0.64967	0.01729	0.03572	0.02535	0.02190	0.01383	0.01613	0.01152	0.00922	0.00807	0.00230	0.01613	0.00576	0.00461	0.01037
5	0.01584	0.02267	0.20539	0.06109	0.14968	0.01504	0.02090	0.02120	0.01856	0.02602	0.03076	0.27791	0.03260	0.01684	0.00994	0.00319	0.00926	0.04655	0.00591	0.01067
6	0.02847	0.38572	0.03722	0.01834	0.02516	0.17730	0.01616	0.16110	0.02537	0.02940	0.01485	0.01641	0.01235	0.00873	0.00702	0.00218	0.01117	0.00577	0.00519	0.01208
7	0.01090	0.00779	0.01038	0.01246	0.01298	0.00727	0.00830	0.01246	0.01713	0.02284	0.04931	0.67975	0.05917	0.02803	0.01142	0.00363	0.00519	0.02543	0.00830	0.00727
8	0.02199	0.02729	0.17474	0.04575	0.45178	0.02160	0.02802	0.06727	0.02153	0.03090	0.01697	0.02135	0.01359	0.00828	0.00878	0.00270	0.01117	0.00766	0.00459	0.01402
9	0.01992	0.25940	0.44341	0.02213	0.03351	0.02561	0.02719	0.02782	0.01865	0.02592	0.01486	0.01739	0.01138	0.00822	0.00759	0.00253	0.01201	0.00601	0.00379	0.01265
10	0.01895	0.11333	0.44763	0.02394	0.03384	0.02378	0.02830	0.02677	0.01775	0.02612	0.01477	0.01852	0.01143	0.00987	0.01245	0.00295	0.14680	0.00665	0.00381	0.01232
11	0.01083	0.00907	0.00941	0.00933	0.01224	0.00766	0.00700	0.01333	0.02099	0.02558	0.15516	0.08377	0.56073	0.02213	0.01057	0.00300	0.00449	0.01856	0.00849	0.00766
12	0.02749	0.02028	0.02223	0.01767	0.02336	0.02191	0.01435	0.42488	0.03677	0.04959	0.17328	0.03613	0.06556	0.01324	0.00943	0.00273	0.00818	0.01064	0.00914	0.01313
13	0.02250	0.02020	0.03331	0.11883	0.49186	0.02075	0.02549	0.02918	0.06175	0.06077	0.01905	0.02355	0.01525	0.00853	0.00889	0.00273	0.01037	0.00817	0.00505	0.01375
14	0.01090	0.00779	0.01038	0.01246	0.01298	0.00727	0.00830	0.01246	0.01713	0.02284	0.04931	0.67975	0.05917	0.02803	0.01142	0.00363	0.00519	0.02543	0.00830	0.00727
15	0.03264	0.04134	0.02547	0.02307	0.02742	0.61458	0.01742	0.03492	0.02470	0.02188	0.01371	0.01633	0.01154	0.00958	0.00927	0.00240	0.05296	0.00588	0.00457	0.01034
16	0.01794	0.04628	0.63923	0.02550	0.03872	0.02078	0.03305	0.02833	0.01889	0.02833	0.01606	0.01889	0.01133	0.00850	0.00850	0.00283	0.01322	0.00661	0.00378	0.01322
17	0.01970	0.01876	0.03190	0.33866	0.36513	0.02061	0.02624	0.02531	0.01921	0.02626	0.01640	0.02294	0.01313	0.00842	0.00890	0.00281	0.01123	0.00796	0.00422	0.01220
18	0.01072	0.00907	0.00927	0.00922	0.01217	0.00761	0.00691	0.01312	0.02074	0.02499	0.12792	0.08475	0.58835	0.02235	0.01057	0.00301	0.00451	0.01869	0.00842	0.00761
19	0.01504	0.01675	0.09685	0.01842	0.02330	0.01285	0.13216	0.02069	0.02368	0.03348	0.42633	0.05223	0.06098	0.01489	0.01030	0.00286	0.00755	0.01386	0.00802	0.00977
20	0.02392	0.69097	0.04688	0.01531	0.02296	0.03540	0.01531	0.02679	0.01818	0.02105	0.01244	0.01435	0.01148	0.00765	0.00574	0.00191	0.00957	0.00478	0.00383	0.01148
21	0.01083	0.00805	0.01011	0.01176	0.01279	0.00733	0.00800	0.01254	0.01780	0.02311	0.05775	0.55849	0.17498	0.02693	0.01125	0.00351	0.00506	0.02410	0.00831	0.00733
22	0.02462	0.02108	0.02684	0.03070	0.22251	0.02305	0.01909	0.15381	0.30288	0.03862	0.02696	0.02727	0.02054	0.01049	0.00899	0.00284	0.00881	0.00899	0.00754	0.01438
23	0.17477	0.33708	0.06909	0.01731	0.02402	0.19972	0.01575	0.02923	0.01958	0.02563	0.01304	0.01515	0.01112	0.00827	0.00650	0.00225	0.01104	0.00517	0.00439	0.01091
24	0.01146	0.00822	0.01088	0.01208	0.01310	0.00764	0.00835	0.01386	0.01972	0.02697	0.23167	0.48561	0.06717	0.02494	0.01114	0.00337	0.00488	0.02250	0.00879	0.00764
25	0.02611	0.01857	0.01963	0.01622	0.02134	0.02047	0.01302	0.30328	0.15186	0.04520	0.02698	0.02768	0.02014	0.01093	0.00813	0.00257	0.00748	0.00857	0.23903	0.01282
26	0.02214	0.02126	0.03631	0.05491	0.62978	0.02126	0.02746	0.02746	0.02037	0.02923	0.01683	0.02214	0.01417	0.00797	0.00886	0.00266	0.01063	0.00797	0.00443	0.01417
27	0.02225	0.01922	0.02023	0.01821	0.02326	0.02225	0.01416	0.04754	0.61361	0.03742	0.03641	0.03338	0.02731	0.01214	0.00910	0.00303	0.00708	0.01011	0.00910	0.01416
28	0.01278	0.00959	0.01438	0.01438	0.01598	0.01118	0.01118	0.01598	0.01438	0.02077	0.02396	0.03515	0.02237	0.06710	0.65013	0.01438	0.02396	0.00959	0.00479	0.00799
29	0.01726	0.01628	0.02750	0.62158	0.10126	0.01997	0.02503	0.02318	0.01806	0.02330	0.01597	0.02373	0.01208	0.00888	0.00894	0.00296	0.01184	0.00795	0.00401	0.01023
30	0.02024	0.02022	0.03711	0.24389	0.31533	0.02114	0.15808	0.02628	0.01976	0.02708	0.01683	0.02314	0.01332	0.00818	0.00928	0.00284	0.01207	0.00856	0.00431	0.01234
31	0.01442	0.01030	0.01442	0.01648	0.01854	0.01030	0.01442	0.01854	0.02060	0.02677	0.04737	0.10092	0.05149	0.02471	0.01236	0.00412	0.00824	0.56956	0.00824	0.00824
32	0.01057	0.00906	0.00906	0.00906	0.01208	0.00755	0.00680	0.01284	0.02039	0.02417	0.09063	0.08610	0.62615	0.02266	0.01057	0.00302	0.00453	0.01888	0.00831	0.00755
33	0.02181	0.02092	0.03571	0.09350	0.59379	0.02117	0.02729	0.02717	0.02021	0.02882	0.01677	0.02225	0.01403	0.00803	0.00886	0.00268	0.01071	0.00797	0.00440	0.01390
34	0.02906	0.02661	0.02281	0.01891	0.02452	0.19415	0.01500	0.32532	0.03306	0.04035	0.03351	0.03321	0.13899	0.01276	0.00904	0.00265	0.01048	0.00964	0.00763	0.01232
35	0.01690	0.01590	0.02683	0.66408	0.06162	0.01988	0.02485	0.02286	0.01789	0.02286	0.01590	0.02385	0.01193	0.00894	0.00894	0.00298	0.01193	0.00795	0.00398	0.00994
36	0.03342	0.04264	0.02535	0.02305	0.02766	0.64967	0.01729	0.03572	0.02535	0.02190	0.01383	0.01613	0.01152	0.00922	0.00807	0.00230	0.01613	0.00576	0.00461	0.01037
37	0.02209	0.02104	0.03417	0.04623	0.46556	0.02155	0.06416	0.03164	0.14160	0.03086	0.02092	0.02458	0.01681	0.00879	0.00903	0.00276	0.01021	0.00859	0.00539	0.01402
38	0.01794	0.04628	0.63923	0.02550	0.03872	0.02078	0.03305	0.02833	0.01889	0.02833	0.01606	0.01889	0.01133	0.00850	0.00850	0.00283	0.01322	0.00661	0.00378	0.01322
39	0.01090	0.00779	0.01038	0.01246	0.01298	0.00727	0.00830	0.01246	0.01713	0.02284	0.04931	0.67975	0.05917	0.02803	0.01142	0.00363	0.00519	0.02543	0.00830	0.00727
40	0.01812	0.01870	0.03729	0.02806	0.03368	0.01817	0.36994	0.02305	0.01853	0.02521	0.02360	0.11090	0.02291	0.14953	0.01895	0.00430	0.05124	0.01271	0.00513	0.00998
41	0.01936	0.03183	0.28519	0.02845	0.03649	0.02330	0.19313	0.02639	0.01798	0.02639	0.01536	0.02062	0.01211	0.01037	0.01535	0.00321	0.21047	0.00812	0.00404	0.01186
42	0.11134	0.02159	0.02283	0.01844	0.02468	0.02391	0.01496	0.36078	0.15362	0.08588	0.02565	0.05348	0.01949	0.01155	0.00871	0.00281	0.00860	0.00896	0.00870	0.01402
43	0.02000	0.10539	0.39542	0.02383	0.03284	0.06730	0.02705	0.02712	0.01807	0.02558	0.01454	0.01839	0.01146	0.01012	0.01300	0.00295	0.16438	0.00665	0.00387	0.01206
44	0.01299	0.01124	0.01078	0.01068	0.01284	0.05269	0.00750	0.01490	0.01936	0.02366	0.12812	0.11377	0.34617	0.17453	0.01852	0.00429	0.00631	0.01676	0.00756	0.00734
45	0.01090	0.00779	0.01038	0.01246	0.01298	0.00727	0.00830	0.01246	0.01713	0.02284	0.04931	0.67975	0.05917	0.02803	0.01142	0.00363	0.00519	0.02543	0.00830	0.00727
46	0.01244	0.00982	0.01140	0.01142	0.01412	0.00904	0.00893	0.01680	0.05288	0.02880	0.24093	0.08001	0.33771	0.02114	0.01078	0.00314	0.00518	0.10837	0.00880	0.00828
47	0.03562	0.02196	0.09233	0.01853	0.02624	0.01882	0.01666	0.22539	0.03028	0.37646	0.02857	0.02619	0.01864	0.01067	0.00893	0.00275	0.00898	0.00842	0.00955	0.01500
48	0.01794	0.04628	0.63923	0.02550	0.03872	0.02078	0.03305	0.02833	0.01889	0.02833	0.01606	0.01889	0.01133	0.00850	0.00850	0.00283	0.01322	0.00661	0.00378	0.01322
49	0.03342	0.04264	0.02535	0.02305	0.02766	0.64967	0.01729	0.03572	0.02535	0.02190	0.01383	0.01613	0.01152	0.00922	0.00807	0.00230	0.01613	0.00576	0.00461	0.01037
50	0.01191	0.00949	0.01092	0.01164	0.01433	0.00851	0.00945	0.01482	0.02046	0.02507	0.07559	0.09125	0.42631	0.02337	0.01119	0.00340	0.00582	0.21038	0.00828	0.00779
51	0.03116	0.03692	0.02585	0.02286	0.02697	0.47977	0.01764	0.09301	0.02517	0.02548	0.01429	0.01727	0.01195	0.01046	0.01172	0.00261	0.12476	0.00635	0.00495	0.01079
52	0.01090	0.00779	0.01038	0.01246	0.01298	0.00727	0.00830	0.01246	0.01713	0.02284	0.04931	0.67975	0.05917	0.02803	0.01142	0.00363	0.00519	0.02543	0.00830	0.00727
53	0.01726	0.01628	0.02750	0.62158	0.10126	0.01997	0.02503	0.02318	0.01806	0.02330	0.01597	0.02373	0.01208	0.00888	0.00894	0.00296	0.01184	0.00795	0.00401	0.01023
54	0.03115	0.03716	0.02769	0.02940	0.15065	0.48192	0.01935	0.06977	0.02539	0.02558	0.01493	0.01770	0.01230	0.00906	0.00828	0.00240	0.01461	0.00636	0.00485	0.01145
55	0.03207	0.03329	0.02482	0.02110	0.02661	0.35675	0.01645	0.25958	0.03169	0.03583	0.02220	0.02311	0.05552	0.01076	0.00859	0.00251	0.01282	0.00759	0.00660	0.01211
56	0.01065	0.00877	0.00937	0.00985	0.01229	0.00749	0.00715	0.01275	0.01964	0.02386	0.08110	0.22304	0.49535	0.02390	0.01077	0.00316	0.00468	0.02039	0.00831	0.00749
57	0.01917	0.07740	0.45094	0.02907	0.07279	0.02202	0.14739	0.02826	0.01939	0.02803	0.01631	0.01989	0.01196	0.00822	0.00878	0.00281	0.01325	0.00739	0.00397	0.01294
58	0.01748	0.15285	0.08972	0.01410	0.01881	0.01539	0.01280	0.02116	0.02059	0.08462	0.16808	0.19132	0.12481	0.01718	0.00939	0.00285	0.00692	0.01460	0.00748	0.00985
59	0.01980	0.01162	0.01408	0.01226	0.01613	0.01057	0.00958	0.06207	0.02494	0.17191	0.27289	0.06159	0.24200	0.01753	0.01009	0.00286	0.00549	0.01484	0.00957	0.01019
60	0.02716	0.03835	0.15282	0.02455	0.03043	0.37736	0.05763	0.03139	0.02181	0.02358	0.01421	0.01778	0.01165	0.01004	0.01188	0.00273	0.12476	0.00659	0.00432	0.01096
61	0.03128	0.03330	0.02802	0.02886	0.15067	0.34536	0.01928	0.19366	0.02906	0.03315	0.01661	0.01887	0.01311	0.00939	0.00848	0.00248	0.01323	0.00686	0.00580	0.01252
62	0.01931	0.17696	0.49171	0.02397	0.03587	0.02385	0.05495	0.02803	0.01884	0.02686	0.01541	0.01820	0.01146	0.00828	0.00803	0.00265	0.01256	0.00642	0.00382	0.01281
63	0.02214	0.02126	0.03631	0.05491	0.62978	0.02126	0.02746	0.02746	0.02037	0.02923	0.01683	0.02214	0.01417	0.00797	0.00886	0.00266	0.01063	0.00797	0.00443	0.01417
64	0.01229	0.00967	0.01258	0.01344	0.01458	0.00996	0.00993	0.01445	0.01821	0.02421	0.09205	0.40533	0.15071	0.02472	0.01333	0.00355	0.08000	0.07530	0.00791	0.00778
65	0.02324	0.03165	0.17287	0.02258	0.02860	0.21054	0.05436	0.07348	0.02134	0.02636	0.01707	0.02197	0.01414	0.02162	0.14193	0.00515	0.08992	0.00745	0.00471	0.01100
66	0.01107	0.00801	0.01051	0.01244	0.01322	0.00745	0.00853	0.01282	0.01754	0.02315	0.05206	0.60705	0.09798	0.02748	0.01141	0.00362	0.00531	0.05471	0.00830	0.00734
67	0.01811	0.04509	0.60781	0.02615	0.03915	0.02088	0.06329	0.02835	0.01901	0.02835	0.01616	0.01917	0.01145	0.00845	0.00861	0.00284	0.01332	0.00682	0.00382	0.01316
68	0.03174	0.02365	0.02454	0.01955	0.02579	0.06397	0.01582	0.46524	0.03723	0.08470	0.02494	0.09571	0.02033	0.01261	0.00917	0.00277	0.00959	0.00992	0.00873	0.01401
69	0.01828	0.04393	0.57722	0.02679	0.03957	0.02097	0.09272	0.02837	0.01912	0.02837	0.01627	0.01944	0.01157	0.00840	0.00872	0.00285	0.01342	0.00703	0.00386	0.01310
70	0.01090	0.00779	0.01038	0.01246	0.01298	0.00727	0.00830	0.01246	0.01713	0.02284	0.04931	0.67975	0.05917	0.02803	0.01142	0.00363	0.00519	0.02543	0.00830	0.00727
71	0.19352	0.02548	0.06815	0.06636	0.22385	0.14879	0.01990	0.03050	0.02055	0.09806	0.01718	0.01996	0.01317	0.00874	0.00792	0.00265	0.01082	0.00682	0.00540	0.01217
72	0.02128	0.02637	0.15946	0.04891	0.50905	0.02116	0.02860	0.02764	0.02007	0.02905	0.01667	0.02148	0.01359	0.00808	0.00878	0.00269	0.01116	0.00769	0.00430	0.01398
73	0.02214	0.02126	0.03631	0.05491	0.62978	0.02126	0.02746	0.02746	0.02037	0.02923	0.01683	0.02214	0.01417	0.00797	0.00886	0.00266	0.01063	0.00797	0.00443	0.01417
74	0.02159	0.01998	0.02975	0.04075	0.40290	0.02088	0.02212	0.03319	0.21169	0.03162	0.02688	0.02900	0.04939	0.01006	0.00902	0.00280	0.00918	0.00921	0.00613	0.01383
75	0.02562	0.02848	0.02966	0.03802	0.32659	0.26888	0.02171	0.02951	0.02171	0.02543	0.01640	0.02114	0.01399	0.01472	0.07636	0.00376	0.01422	0.00727	0.00454	0.01201
76	0.01093	0.00908	0.00955	0.00943	0.01230	0.00770	0.00707	0.01352	0.02122	0.02615	0.18088	0.08285	0.53466	0.02192	0.01057	0.00299	0.00448	0.01843	0.00857	0.00770
77	0.01057	0.00906	0.00906	0.00906	0.01208	0.00755	0.00680	0.01284	0.02039	0.02417	0.09063	0.08610	0.62615	0.02266	0.01057	0.00302	0.00453	0.01888	0.00831	0.00755
78	0.02946	0.03435	0.03057	0.06040	0.03260	0.39187	0.11994	0.09626	0.02527	0.02699	0.01541	0.01880	0.01234	0.00953	0.01013	0.00262	0.06019	0.00713	0.00500	0.01115
79	0.01184	0.00870	0.01110	0.01138	0.01308	0.00795	0.00820	0.01496	0.02208	0.03025	0.37434	0.26668	0.14237	0.02196	0.01083	0.00310	0.00457	0.01949	0.00916	0.00795
80	0.01057	0.00906	0.00906	0.00906	0.01208	0.00755	0.00680	0.01284	0.02039	0.02417	0.09063	0.08610	0.62615	0.02266	0.01057	0.00302	0.00453	0.01888	0.00831	0.00755
81	0.02214	0.02126	0.03631	0.05491	0.62978	0.02126	0.02746	0.02746	0.02037	0.02923	0.01683	0.02214	0.01417	0.00797	0.00886	0.00266	0.01063	0.00797	0.00443	0.01417
82	0.02552	0.52218	0.07589	0.01746	0.02481	0.16005	0.01671	0.02870	0.01968	0.02163	0.01293	0.01497	0.01148	0.00802	0.00637	0.00205	0.01111	0.00509	0.00398	0.01135
83	0.02214	0.02126	0.03631	0.05491	0.62978	0.02126	0.02746	0.02746	0.02037	0.02923	0.01683	0.02214	0.01417	0.00797	0.00886	0.00266	0.01063	0.00797	0.00443	0.01417
84	0.01278	0.00959	0.01438	0.01438	0.01598	0.01118	0.01118	0.01598	0.01438	0.02077	0.02396	0.03515	0.02237	0.06710	0.65013	0.01438	0.02396	0.00959	0.00479	0.00799
85	0.02187	0.02098	0.03582	0.08673	0.60011	0.02118	0.02732	0.02722	0.02024	0.02890	0.01678	0.02223	0.01405	0.00802	0.00886	0.00267	0.01070	0.00797	0.00440	0.01395
86	0.02552	0.02767	0.03303	0.04536	0.44922	0.20970	0.02441	0.02994	0.02187	0.02703	0.01593	0.02034	0.01338	0.00835	0.00862	0.00255	0.01228	0.00731	0.00448	0.01303
87	0.03342	0.04264	0.02535	0.02305	0.02766	0.64967	0.01729	0.03572	0.02535	0.02190	0.01383	0.01613	0.01152	0.00922	0.00807	0.00230	0.01613	0.00576	0.00461	0.01037
88	0.01057	0.00906	0.00906	0.00906	0.01208	0.00755	0.00680	0.01284	0.02039	0.02417	0.09063	0.08610	0.62615	0.02266	0.01057	0.00302	0.00453	0.01888	0.00831	0.00755
89	0.38233	0.02165	0.06220	0.01610	0.02286	0.02187	0.01412	0.21760	0.02550	0.11169	0.01825	0.01892	0.01303	0.00943	0.00726	0.00275	0.00840	0.00649	0.00716	0.01238

[dist]
# distance from previous block
# <min> <max>
1	11

[block]
# block no. 2 follows, 19 sequences, length 26
# corresponding to MSA columns:
# 188-213
name=unknown_C
#
# <colnr> <probs for GDERKNQSTAVLIFYWHMCP>
#	G	D	E	R	K	N	Q	S	T	A	V	L	I	F	Y	W	H	M	C	P
0	0.02167	0.08499	0.02882	0.12138	0.02995	0.12167	0.01964	0.02438	0.01654	0.02175	0.01277	0.01922	0.01171	0.01290	0.02078	0.00334	0.40717	0.00725	0.00402	0.01006
1	0.01154	0.00913	0.01006	0.01049	0.01278	0.00813	0.00785	0.01372	0.01916	0.02349	0.07254	0.11600	0.41971	0.12111	0.01605	0.00406	0.00575	0.10323	0.00787	0.00733
2	0.01457	0.01254	0.02094	0.01847	0.02096	0.01429	0.09357	0.01826	0.01525	0.02194	0.02201	0.03216	0.02015	0.05402	0.50332	0.01182	0.08276	0.00956	0.00467	0.00872
3	0.01850	0.10626	0.58412	0.02455	0.03725	0.02214	0.03140	0.02819	0.01882	0.02765	0.01572	0.01847	0.01135	0.00842	0.00824	0.00275	0.01288	0.00644	0.00378	0.01306
4	0.01214	0.00853	0.00980	0.01028	0.01086	0.00817	0.00630	0.01286	0.01510	0.01967	0.04272	0.20709	0.13020	0.43068	0.03222	0.00663	0.00723	0.01680	0.00654	0.00618
5	0.02112	0.02413	0.05279	0.03771	0.04676	0.02262	0.59729	0.02866	0.02112	0.02866	0.01810	0.02413	0.01357	0.00754	0.01056	0.00302	0.01508	0.01056	0.00452	0.01207
6	0.02958	0.02886	0.02440	0.04972	0.02792	0.23551	0.01662	0.22124	0.20339	0.03767	0.02304	0.02328	0.01738	0.01056	0.00870	0.00267	0.01125	0.00788	0.00731	0.01303
7	0.01621	0.01101	0.01235	0.01144	0.01248	0.01140	0.00724	0.09831	0.01716	0.02293	0.02651	0.05141	0.02906	0.55109	0.03963	0.04838	0.00879	0.01200	0.00585	0.00676
8	0.01148	0.00910	0.01032	0.01001	0.01264	0.00794	0.00751	0.01459	0.02253	0.02924	0.32218	0.07775	0.39144	0.02077	0.01056	0.00293	0.00440	0.01771	0.00898	0.00794
9	0.01181	0.00893	0.01090	0.01079	0.01294	0.00802	0.00795	0.01510	0.02276	0.03068	0.39056	0.15774	0.23734	0.02091	0.01068	0.00299	0.00445	0.01825	0.00919	0.00802
10	0.02523	0.14128	0.03616	0.03187	0.17734	0.20883	0.10802	0.02912	0.02064	0.02453	0.01469	0.01901	0.01251	0.00929	0.01121	0.00266	0.10444	0.00716	0.00432	0.01167
11	0.01794	0.04628	0.63923	0.02550	0.03872	0.02078	0.03305	0.02833	0.01889	0.02833	0.01606	0.01889	0.01133	0.00850	0.00850	0.00283	0.01322	0.00661	0.00378	0.01322
12	0.01090	0.00779	0.01038	0.01246	0.01298	0.00727	0.00830	0.01246	0.01713	0.02284	0.04931	0.67975	0.05917	0.02803	0.01142	0.00363	0.00519	0.02543	0.00830	0.00727
13	0.02946	0.03581	0.02563	0.02294	0.02642	0.46575	0.01771	0.03273	0.04941	0.02252	0.01434	0.01778	0.01230	0.01096	0.01342	0.00274	0.17856	0.00648	0.00464	0.01040
14	0.03342	0.04264	0.02535	0.02305	0.02766	0.64967	0.01729	0.03572	0.02535	0.02190	0.01383	0.01613	0.01152	0.00922	0.00807	0.00230	0.01613	0.00576	0.00461	0.01037
15	0.01123	0.00792	0.01028	0.01204	0.01248	0.00748	0.00786	0.01254	0.01649	0.02199	0.04605	0.58402	0.05507	0.12936	0.01668	0.00441	0.00573	0.02352	0.00786	0.00698
16	0.02214	0.02126	0.03631	0.05491	0.62978	0.02126	0.02746	0.02746	0.02037	0.02923	0.01683	0.02214	0.01417	0.00797	0.00886	0.00266	0.01063	0.00797	0.00443	0.01417
17	0.01353	0.01491	0.09555	0.01567	0.04069	0.01105	0.01333	0.01844	0.04682	0.02687	0.10896	0.18442	0.22419	0.02077	0.01068	0.00330	0.00686	0.12723	0.00773	0.00901
18	0.02143	0.11543	0.02096	0.06289	0.02122	0.01553	0.01233	0.02470	0.02148	0.17681	0.16527	0.10361	0.12898	0.01560	0.01060	0.00286	0.04895	0.01280	0.00803	0.01053
19	0.01086	0.00907	0.00947	0.00937	0.01226	0.00768	0.00703	0.01340	0.02108	0.02580	0.16505	0.08342	0.55072	0.02205	0.01057	0.00299	0.00449	0.01851	0.00852	0.00768
20	0.01766	0.01799	0.02403	0.20955	0.03472	0.11109	0.10530	0.02155	0.01922	0.02360	0.02928	0.28489	0.03100	0.01640	0.01005	0.00314	0.01036	0.01501	0.00589	0.00926
21	0.01742	0.02548	0.21443	0.42012	0.05173	0.02072	0.02696	0.02443	0.01788	0.02443	0.01563	0.02201	0.01173	0.00932	0.01035	0.00301	0.06197	0.00753	0.00391	0.01093
22	0.02033	0.04572	0.54463	0.02512	0.03702	0.11769	0.03062	0.02947	0.01988	0.02734	0.01571	0.01846	0.01136	0.00861	0.00843	0.00275	0.01367	0.00648	0.00391	0.01278
23	0.02821	0.03350	0.03279	0.03469	0.20796	0.36827	0.10934	0.03220	0.02323	0.02509	0.01537	0.01913	0.01262	0.00859	0.00868	0.00252	0.01435	0.00715	0.00454	0.01175
24	0.02042	0.04301	0.54486	0.02474	0.03703	0.02185	0.03058	0.11642	0.02246	0.03266	0.01689	0.01929	0.01193	0.00884	0.00857	0.00281	0.01270	0.00683	0.00457	0.01353
25	0.02995	0.03727	0.02305	0.02142	0.02540	0.55067	0.01590	0.03214	0.02409	0.02204	0.01930	0.11840	0.01887	0.01212	0.00858	0.00251	0.01445	0.00879	0.00518	0.00989

[dist]
# distance from previous block
# <min> <max>
0	11

[block]
# block no. 3 follows, 19 sequences, length 30
# corresponding to MSA columns:
# 225-254
name=unknown_D
#
# <colnr> <probs for GDERKNQSTAVLIFYWHMCP>
#	G	D	E	R	K	N	Q	S	T	A	V	L	I	F	Y	W	H	M	C	P
0	0.01165	0.00887	0.01077	0.01121	0.01324	0.00799	0.00831	0.01453	0.02123	0.02792	0.25421	0.22869	0.26041	0.02271	0.01092	0.00319	0.00488	0.06263	0.00881	0.00783
1	0.01816	0.01509	0.02068	0.24630	0.03516	0.01722	0.01795	0.07078	0.13452	0.02963	0.03389	0.05390	0.05372	0.01555	0.01019	0.00335	0.00930	0.19718	0.00695	0.01049
2	0.02803	0.26432	0.03314	0.02043	0.02540	0.34218	0.01695	0.03047	0.02110	0.02155	0.01303	0.01604	0.01154	0.00965	0.01048	0.00241	0.11266	0.00574	0.00423	0.01067
3	0.02942	0.22103	0.03285	0.02457	0.09969	0.35489	0.01795	0.07350	0.02395	0.02507	0.01436	0.01676	0.01210	0.00874	0.00757	0.00227	0.01316	0.00592	0.00469	0.01150
4	0.02292	0.02210	0.03107	0.04248	0.41942	0.06311	0.02305	0.03365	0.18750	0.03105	0.02214	0.02490	0.01769	0.00923	0.00887	0.00274	0.01000	0.00843	0.00575	0.01392
5	0.01132	0.00894	0.00928	0.00928	0.01137	0.00790	0.00637	0.01289	0.01812	0.02207	0.07142	0.07762	0.44354	0.22659	0.02133	0.00476	0.00581	0.01708	0.00742	0.00690
6	0.01523	0.01189	0.01695	0.02113	0.10959	0.01197	0.01450	0.02013	0.05859	0.02644	0.04142	0.21342	0.04495	0.05811	0.01321	0.00396	0.00786	0.29392	0.00758	0.00915
7	0.03342	0.04264	0.02535	0.02305	0.02766	0.64967	0.01729	0.03572	0.02535	0.02190	0.01383	0.01613	0.01152	0.00922	0.00807	0.00230	0.01613	0.00576	0.00461	0.01037
8	0.01057	0.00906	0.00906	0.00906	0.01208	0.00755	0.00680	0.01284	0.02039	0.02417	0.09063	0.08610	0.62615	0.02266	0.01057	0.00302	0.00453	0.01888	0.00831	0.00755
9	0.02706	0.01997	0.02252	0.01824	0.02297	0.02284	0.01492	0.36159	0.03143	0.04429	0.02166	0.02440	0.01666	0.01515	0.05393	0.00353	0.10944	0.00818	0.14865	0.01258
10	0.01259	0.00911	0.01077	0.01103	0.01153	0.00924	0.00702	0.01333	0.01490	0.01967	0.03987	0.20067	0.11149	0.41732	0.03256	0.00657	0.04336	0.01628	0.00635	0.00634
11	0.01737	0.01630	0.02396	0.02063	0.02156	0.02110	0.05573	0.01966	0.01424	0.02124	0.01704	0.02880	0.01707	0.12642	0.15080	0.00660	0.39905	0.00914	0.00435	0.00894
12	0.01084	0.00803	0.01013	0.01180	0.01280	0.00732	0.00801	0.01253	0.01776	0.02310	0.05732	0.56472	0.16904	0.02699	0.01126	0.00351	0.00506	0.02416	0.00831	0.00732
13	0.02392	0.69097	0.04688	0.01531	0.02296	0.03540	0.01531	0.02679	0.01818	0.02105	0.01244	0.01435	0.01148	0.00765	0.00574	0.00191	0.00957	0.00478	0.00383	0.01148
14	0.04948	0.01723	0.10797	0.01483	0.01962	0.01351	0.01365	0.02398	0.13570	0.03038	0.14602	0.06127	0.22089	0.01738	0.00998	0.00310	0.00691	0.09018	0.00789	0.01003
15	0.01088	0.00788	0.01029	0.01221	0.01291	0.00729	0.00820	0.01248	0.01736	0.02293	0.05228	0.63714	0.09987	0.02764	0.01136	0.00359	0.00514	0.02496	0.00831	0.00729
16	0.01985	0.01424	0.01548	0.01391	0.01837	0.01455	0.01083	0.03195	0.27004	0.12028	0.05969	0.05574	0.28552	0.01653	0.00972	0.00299	0.00606	0.01374	0.00905	0.01146
17	0.02214	0.02126	0.03631	0.05491	0.62978	0.02126	0.02746	0.02746	0.02037	0.02923	0.01683	0.02214	0.01417	0.00797	0.00886	0.00266	0.01063	0.00797	0.00443	0.01417
18	0.02214	0.02126	0.03631	0.05491	0.62978	0.02126	0.02746	0.02746	0.02037	0.02923	0.01683	0.02214	0.01417	0.00797	0.00886	0.00266	0.01063	0.00797	0.00443	0.01417
19	0.01216	0.00870	0.01175	0.01341	0.01460	0.00830	0.01004	0.01484	0.01934	0.02592	0.13587	0.42427	0.06083	0.02562	0.01155	0.00365	0.00590	0.17702	0.00852	0.00772
20	0.01794	0.04628	0.63923	0.02550	0.03872	0.02078	0.03305	0.02833	0.01889	0.02833	0.01606	0.01889	0.01133	0.00850	0.00850	0.00283	0.01322	0.00661	0.00378	0.01322
21	0.01836	0.09082	0.59830	0.02480	0.03763	0.02179	0.03183	0.02823	0.01884	0.02783	0.01581	0.01857	0.01134	0.00844	0.00831	0.00277	0.01297	0.00648	0.00378	0.01310
22	0.02214	0.02126	0.03631	0.05491	0.62978	0.02126	0.02746	0.02746	0.02037	0.02923	0.01683	0.02214	0.01417	0.00797	0.00886	0.00266	0.01063	0.00797	0.00443	0.01417
23	0.01388	0.00992	0.01381	0.01587	0.01769	0.00984	0.01349	0.01762	0.02007	0.02618	0.04766	0.18849	0.05265	0.02522	0.01222	0.00405	0.00778	0.48724	0.00825	0.00809
24	0.02544	0.02276	0.02248	0.02152	0.06763	0.11072	0.01565	0.07310	0.42519	0.06895	0.03097	0.02935	0.02321	0.01129	0.00893	0.00287	0.00879	0.00918	0.00823	0.01374
25	0.01057	0.00906	0.00906	0.00906	0.01208	0.00755	0.00680	0.01284	0.02039	0.02417	0.09063	0.08610	0.62615	0.02266	0.01057	0.00302	0.00453	0.01888	0.00831	0.00755
26	0.03301	0.02447	0.02631	0.02011	0.02732	0.02672	0.01659	0.56259	0.04054	0.05462	0.02112	0.02129	0.01509	0.01047	0.00880	0.00260	0.00964	0.00788	0.00871	0.06213
27	0.01261	0.01052	0.01445	0.01510	0.05723	0.00953	0.04185	0.01579	0.02119	0.02780	0.22375	0.18784	0.28758	0.02061	0.01061	0.00306	0.00558	0.01817	0.00826	0.00846
28	0.01866	0.01402	0.01626	0.01550	0.01955	0.01443	0.01259	0.03004	0.23533	0.07403	0.04841	0.06339	0.14324	0.01764	0.01024	0.00325	0.00699	0.18972	0.00858	0.05812
29	0.02038	0.09596	0.22445	0.09633	0.24578	0.02260	0.11393	0.02741	0.01958	0.02745	0.01626	0.02082	0.01273	0.00813	0.00870	0.00272	0.01212	0.00762	0.00414	0.01290

[dist]
# distance from previous block
# <min> <max>
0	4

# created by:
# /home/cegg/simao/soft/augustus-3.2.1/scripts/msa2prfl.pl ./align_prep/12157.fa
