[name]
unknown

[dist]
# distance from previous block
# <min> <max>
0	3

[block]
# block no. 0 follows, 21 sequences, length 38
# corresponding to MSA columns:
# 3-40
name=unknown_A
#
# <colnr> <probs for GDERKNQSTAVLIFYWHMCP>
#	G	D	E	R	K	N	Q	S	T	A	V	L	I	F	Y	W	H	M	C	P
0	0.01191	0.00831	0.01067	0.01197	0.01268	0.00811	0.00848	0.01353	0.01583	0.02093	0.03965	0.32411	0.04584	0.25337	0.02204	0.00519	0.00681	0.16705	0.00696	0.00656
1	0.03179	0.04056	0.02412	0.02192	0.02631	0.66676	0.01644	0.03398	0.02412	0.02083	0.01315	0.01535	0.01096	0.00877	0.00767	0.00219	0.01535	0.00548	0.00438	0.00987
2	0.02841	0.02162	0.02316	0.01863	0.02462	0.02411	0.01508	0.44179	0.19250	0.04745	0.02537	0.05534	0.01944	0.01134	0.00866	0.00268	0.00847	0.00895	0.00852	0.01385
3	0.01052	0.00789	0.00980	0.01114	0.01239	0.00717	0.00781	0.01241	0.01760	0.02279	0.08374	0.47960	0.20950	0.02477	0.01066	0.00329	0.00487	0.04901	0.00796	0.00708
4	0.04763	0.07314	0.51888	0.02690	0.11514	0.02050	0.02901	0.02669	0.01798	0.02716	0.01506	0.01799	0.01108	0.00797	0.00788	0.00263	0.01184	0.00630	0.00374	0.01248
5	0.01682	0.01223	0.01447	0.01412	0.01646	0.01263	0.01033	0.19012	0.02325	0.03109	0.03914	0.49735	0.04402	0.02184	0.01017	0.00319	0.00624	0.01934	0.00808	0.00913
6	0.02578	0.02038	0.02049	0.01651	0.02202	0.05939	0.01334	0.40597	0.03300	0.04266	0.03929	0.03816	0.19907	0.01345	0.00892	0.00263	0.00824	0.01055	0.00808	0.01206
7	0.01216	0.00912	0.01368	0.01368	0.01520	0.01064	0.01064	0.01520	0.01368	0.01976	0.02279	0.03343	0.02127	0.06382	0.66720	0.01368	0.02279	0.00912	0.00456	0.00760
8	0.02170	0.02302	0.03613	0.11026	0.35464	0.10493	0.17146	0.02697	0.01992	0.02612	0.01584	0.02096	0.01279	0.00773	0.00874	0.00260	0.01198	0.00792	0.00421	0.01209
9	0.01880	0.24534	0.47065	0.02131	0.03227	0.02399	0.02631	0.02650	0.01776	0.02484	0.01423	0.01665	0.01082	0.00784	0.00729	0.00243	0.01152	0.00576	0.00361	0.01207
10	0.01216	0.00912	0.01368	0.01368	0.01520	0.01064	0.01064	0.01520	0.01368	0.01976	0.02279	0.03343	0.02127	0.06382	0.66720	0.01368	0.02279	0.00912	0.00456	0.00760
11	0.46658	0.13091	0.17256	0.01486	0.02220	0.02153	0.01540	0.02555	0.01576	0.03264	0.01267	0.01479	0.00986	0.00785	0.00598	0.00252	0.00842	0.00500	0.00461	0.01029
12	0.14357	0.02219	0.02192	0.01784	0.02381	0.05623	0.01445	0.35886	0.17777	0.04523	0.02214	0.02187	0.01624	0.01010	0.00800	0.00263	0.00860	0.00755	0.00783	0.01318
13	0.05863	0.01290	0.01558	0.01368	0.01744	0.01283	0.01076	0.11671	0.04899	0.16131	0.25789	0.13024	0.04751	0.01569	0.00940	0.00282	0.00606	0.04213	0.00897	0.01047
14	0.01815	0.01629	0.01850	0.01584	0.01891	0.08597	0.04204	0.02121	0.01724	0.02545	0.02147	0.10976	0.02017	0.01228	0.01236	0.00251	0.17080	0.00916	0.19766	0.16422
15	0.01926	0.01720	0.02236	0.26681	0.06739	0.02027	0.01791	0.03548	0.37156	0.03003	0.02641	0.02782	0.01988	0.01021	0.00859	0.00285	0.00863	0.00875	0.00661	0.01197
16	0.01353	0.00946	0.01157	0.01120	0.01206	0.01006	0.00744	0.05036	0.01445	0.01973	0.02524	0.04700	0.02710	0.47173	0.22423	0.00949	0.01259	0.01113	0.00519	0.00644
17	0.09968	0.01374	0.01662	0.01493	0.01824	0.01565	0.01192	0.17295	0.02059	0.03056	0.02098	0.02791	0.01819	0.04378	0.42368	0.00958	0.01753	0.00824	0.00566	0.00956
18	0.07481	0.03333	0.41068	0.02081	0.03132	0.01762	0.05379	0.02538	0.01772	0.02804	0.01507	0.01782	0.01124	0.00756	0.00750	0.00233	0.01058	0.00603	0.00413	0.20423
19	0.02760	0.27088	0.02878	0.01555	0.02188	0.02281	0.01354	0.03665	0.19633	0.24232	0.02585	0.02411	0.01873	0.00962	0.00744	0.00241	0.00778	0.00738	0.00745	0.01288
20	0.03179	0.04056	0.02412	0.02192	0.02631	0.66676	0.01644	0.03398	0.02412	0.02083	0.01315	0.01535	0.01096	0.00877	0.00767	0.00219	0.01535	0.00548	0.00438	0.00987
21	0.13878	0.55454	0.03823	0.01452	0.02129	0.07295	0.01385	0.02597	0.01730	0.02291	0.01192	0.01379	0.01066	0.00748	0.00558	0.00197	0.00912	0.00462	0.00394	0.01059
22	0.03089	0.02311	0.02472	0.01928	0.02583	0.02571	0.01582	0.54439	0.11746	0.05128	0.02229	0.02191	0.01598	0.01039	0.00853	0.00260	0.00902	0.00792	0.00853	0.01434
23	0.01185	0.00783	0.01045	0.01194	0.01283	0.00726	0.00814	0.01357	0.01716	0.05379	0.08223	0.62423	0.05599	0.02530	0.01070	0.00337	0.00500	0.02289	0.00812	0.00735
24	0.03220	0.02817	0.02517	0.02019	0.02637	0.19243	0.01624	0.46766	0.03589	0.04513	0.01854	0.01911	0.01356	0.00984	0.00830	0.00246	0.01092	0.00710	0.00744	0.01328
25	0.21190	0.02504	0.26446	0.01695	0.02423	0.01627	0.01825	0.02461	0.01759	0.08121	0.08608	0.02522	0.02050	0.01798	0.11066	0.00439	0.01123	0.00748	0.00539	0.01058
26	0.01781	0.13057	0.57679	0.02299	0.03487	0.02158	0.02924	0.02676	0.01788	0.02604	0.01482	0.01740	0.01080	0.00798	0.00774	0.00258	0.01212	0.00606	0.00360	0.01236
27	0.03085	0.02413	0.02463	0.01943	0.02583	0.06490	0.01584	0.50855	0.11649	0.04927	0.02184	0.02160	0.01576	0.01030	0.00848	0.00258	0.00939	0.00778	0.00828	0.01406
28	0.03182	0.03960	0.02420	0.02179	0.02631	0.63005	0.01643	0.06755	0.02503	0.02271	0.01357	0.01564	0.01116	0.00885	0.00772	0.00221	0.01500	0.00561	0.00462	0.01013
29	0.09073	0.30882	0.34770	0.01909	0.02882	0.02532	0.02249	0.02617	0.01736	0.02523	0.01355	0.01583	0.01069	0.00774	0.00675	0.00234	0.01060	0.00543	0.00377	0.01159
30	0.01707	0.04402	0.65683	0.02426	0.03683	0.01976	0.03144	0.02695	0.01797	0.02695	0.01527	0.01797	0.01078	0.00809	0.00809	0.00270	0.01258	0.00629	0.00359	0.01258
31	0.02665	0.01958	0.02148	0.01758	0.02275	0.02134	0.01403	0.46192	0.03386	0.04536	0.02730	0.19543	0.02531	0.01448	0.00912	0.00279	0.00822	0.01195	0.00835	0.01251
32	0.02421	0.42998	0.13501	0.01799	0.02534	0.19565	0.01769	0.02792	0.01917	0.02131	0.01271	0.01477	0.01091	0.00779	0.00644	0.00205	0.01126	0.00506	0.00383	0.01091
33	0.02530	0.02439	0.02039	0.01758	0.02247	0.20527	0.01373	0.20393	0.16256	0.03415	0.03452	0.03365	0.14078	0.01234	0.00861	0.00259	0.00950	0.00951	0.00724	0.01148
34	0.03235	0.02384	0.02554	0.01958	0.02639	0.02639	0.01618	0.61946	0.04001	0.05363	0.02043	0.02043	0.01447	0.01022	0.00851	0.00255	0.00936	0.00766	0.00851	0.01447
35	0.02020	0.29684	0.38163	0.02040	0.03042	0.06719	0.02401	0.02685	0.01811	0.02390	0.01382	0.01615	0.01085	0.00782	0.00706	0.00233	0.01143	0.00557	0.00366	0.01177
36	0.02145	0.02208	0.03057	0.21038	0.39788	0.12097	0.02396	0.02621	0.01951	0.02514	0.01533	0.02059	0.01253	0.00801	0.00833	0.00256	0.01125	0.00725	0.00413	0.01187
37	0.01737	0.01645	0.02786	0.51758	0.21139	0.01925	0.02428	0.02288	0.01763	0.02331	0.01535	0.02227	0.01190	0.00827	0.00849	0.00276	0.01102	0.00757	0.00389	0.01050

[dist]
# distance from previous block
# <min> <max>
0	1

[block]
# block no. 1 follows, 21 sequences, length 53
# corresponding to MSA columns:
# 42-94
name=unknown_B
#
# <colnr> <probs for GDERKNQSTAVLIFYWHMCP>
#	G	D	E	R	K	N	Q	S	T	A	V	L	I	F	Y	W	H	M	C	P
0	0.02005	0.01918	0.03271	0.18001	0.52799	0.01995	0.02561	0.02523	0.01890	0.02657	0.01583	0.02139	0.01305	0.00777	0.00844	0.00259	0.01036	0.00758	0.00412	0.01266
1	0.07027	0.03333	0.02401	0.02052	0.02582	0.40446	0.01597	0.24224	0.02928	0.03343	0.01568	0.01708	0.01212	0.00924	0.00785	0.00234	0.01275	0.00621	0.00590	0.01147
2	0.01071	0.00767	0.01018	0.01162	0.01242	0.00714	0.00793	0.01271	0.01788	0.02425	0.16822	0.56686	0.06117	0.02478	0.01069	0.00330	0.00475	0.02240	0.00820	0.00714
3	0.03148	0.07630	0.02624	0.02019	0.02605	0.28554	0.01618	0.34318	0.03207	0.03813	0.01692	0.01792	0.01282	0.00943	0.00797	0.00236	0.01176	0.00657	0.00652	0.01237
4	0.02073	0.47003	0.26286	0.01802	0.02719	0.02871	0.02058	0.02601	0.01753	0.02249	0.01306	0.01519	0.01087	0.00757	0.00640	0.00213	0.01034	0.00517	0.00362	0.01151
5	0.02861	0.11086	0.02543	0.02016	0.02496	0.46426	0.01563	0.03531	0.14708	0.02374	0.01737	0.01849	0.01401	0.00917	0.00763	0.00229	0.01289	0.00622	0.00517	0.01072
6	0.01083	0.00786	0.01023	0.01130	0.01239	0.00725	0.00784	0.01309	0.01876	0.02540	0.22221	0.47135	0.10264	0.02364	0.01057	0.00319	0.00463	0.02123	0.00832	0.00725
7	0.03123	0.03483	0.02457	0.05111	0.02779	0.46216	0.01670	0.19366	0.02814	0.02985	0.01524	0.01707	0.01194	0.00915	0.00794	0.00232	0.01353	0.00617	0.00549	0.01111
8	0.02545	0.02854	0.03028	0.03984	0.39363	0.28466	0.02216	0.02933	0.02132	0.02495	0.01484	0.01872	0.01245	0.00807	0.00812	0.00239	0.01225	0.00672	0.00428	0.01200
9	0.08362	0.41128	0.26013	0.01773	0.02673	0.02747	0.02012	0.02597	0.01729	0.02404	0.01306	0.01520	0.01073	0.00762	0.00638	0.00220	0.01013	0.00517	0.00376	0.01137
10	0.01687	0.03814	0.52843	0.15773	0.04126	0.01959	0.02985	0.02589	0.01777	0.02589	0.01524	0.01893	0.01089	0.00817	0.00817	0.00272	0.01233	0.00655	0.00363	0.01194
11	0.03157	0.06509	0.02553	0.02079	0.02613	0.41897	0.01627	0.23383	0.02924	0.03201	0.01558	0.01701	0.01216	0.00920	0.00786	0.00230	0.01302	0.00618	0.00576	0.01149
12	0.08934	0.05553	0.03164	0.02468	0.03030	0.32496	0.18974	0.06079	0.02197	0.02584	0.01442	0.01784	0.01157	0.00866	0.00947	0.00253	0.05866	0.00694	0.00458	0.01052
13	0.01865	0.01776	0.03019	0.35579	0.36313	0.01959	0.02492	0.02400	0.01824	0.02487	0.01558	0.02185	0.01245	0.00803	0.00847	0.00268	0.01071	0.00757	0.00400	0.01153
14	0.01525	0.00945	0.01216	0.01105	0.01376	0.00852	0.00844	0.01896	0.02360	0.11418	0.50068	0.06109	0.13596	0.01696	0.00985	0.00269	0.00447	0.01478	0.00936	0.00878
15	0.01707	0.04402	0.65683	0.02426	0.03683	0.01976	0.03144	0.02695	0.01797	0.02695	0.01527	0.01797	0.01078	0.00809	0.00809	0.00270	0.01258	0.00629	0.00359	0.01258
16	0.02106	0.02022	0.03454	0.05223	0.64784	0.02022	0.02612	0.02612	0.01938	0.02780	0.01601	0.02106	0.01348	0.00758	0.00842	0.00253	0.01011	0.00758	0.00421	0.01348
17	0.01216	0.00912	0.01368	0.01368	0.01520	0.01064	0.01064	0.01520	0.01368	0.01976	0.02279	0.03343	0.02127	0.06382	0.66720	0.01368	0.02279	0.00912	0.00456	0.00760
18	0.01006	0.00862	0.00862	0.00862	0.01149	0.00718	0.00647	0.01221	0.01940	0.02299	0.08621	0.08190	0.64438	0.02155	0.01006	0.00287	0.00431	0.01796	0.00790	0.00718
19	0.02457	0.02227	0.03111	0.04027	0.41477	0.05925	0.02253	0.18459	0.02483	0.03392	0.01678	0.02044	0.01348	0.00872	0.00939	0.00258	0.04434	0.00748	0.00535	0.01333
20	0.01037	0.00741	0.00987	0.01185	0.01234	0.00691	0.00790	0.01185	0.01629	0.02172	0.04690	0.69537	0.05629	0.02666	0.01086	0.00346	0.00494	0.02419	0.00790	0.00691
21	0.01752	0.04134	0.58685	0.02740	0.10554	0.01982	0.03084	0.02686	0.01813	0.02705	0.01535	0.01832	0.01108	0.00803	0.00812	0.00268	0.01230	0.00643	0.00366	0.01268
22	0.02781	0.03182	0.02812	0.03312	0.25920	0.38159	0.02005	0.07026	0.02341	0.02564	0.01471	0.01783	0.01214	0.00842	0.00801	0.00234	0.01298	0.00641	0.00460	0.01153
23	0.02179	0.01960	0.01953	0.01759	0.02238	0.05929	0.01365	0.04456	0.59654	0.03473	0.03337	0.03078	0.02509	0.01138	0.00860	0.00285	0.00724	0.00938	0.00841	0.01326
24	0.01945	0.01424	0.01978	0.02401	0.19035	0.01406	0.01461	0.05826	0.08175	0.11072	0.04082	0.17515	0.13904	0.01574	0.00944	0.00290	0.00714	0.04428	0.00734	0.01091
25	0.02106	0.02022	0.03454	0.05223	0.64784	0.02022	0.02612	0.02612	0.01938	0.02780	0.01601	0.02106	0.01348	0.00758	0.00842	0.00253	0.01011	0.00758	0.00421	0.01348
26	0.01006	0.00862	0.00862	0.00862	0.01149	0.00718	0.00647	0.01221	0.01940	0.02299	0.08621	0.08190	0.64438	0.02155	0.01006	0.00287	0.00431	0.01796	0.00790	0.00718
27	0.01478	0.00739	0.01109	0.01109	0.01109	0.00739	0.00739	0.01109	0.01109	0.01478	0.01478	0.02587	0.01478	0.02956	0.03326	0.75240	0.00739	0.00739	0.00370	0.00370
28	0.15432	0.01480	0.01859	0.01451	0.02088	0.01357	0.01198	0.03883	0.02277	0.55483	0.03008	0.02653	0.01916	0.01011	0.00803	0.00263	0.00714	0.00792	0.00969	0.01364
29	0.76103	0.01646	0.01251	0.01119	0.01646	0.01909	0.00922	0.02502	0.01448	0.03818	0.01185	0.01382	0.00922	0.00790	0.00527	0.00263	0.00658	0.00461	0.00527	0.00922
30	0.02117	0.01828	0.01924	0.01732	0.02213	0.02117	0.01347	0.04522	0.63246	0.03560	0.03464	0.03175	0.02598	0.01155	0.00866	0.00289	0.00673	0.00962	0.00866	0.01347
31	0.03179	0.04056	0.02412	0.02192	0.02631	0.66676	0.01644	0.03398	0.02412	0.02083	0.01315	0.01535	0.01096	0.00877	0.00767	0.00219	0.01535	0.00548	0.00438	0.00987
32	0.01909	0.03121	0.30775	0.03601	0.23174	0.02035	0.17699	0.02677	0.01895	0.02730	0.01599	0.02020	0.01217	0.00770	0.00868	0.00269	0.01224	0.00764	0.00397	0.01259
33	0.01370	0.00938	0.01075	0.01040	0.01343	0.00816	0.00814	0.01644	0.02061	0.09085	0.15549	0.07534	0.43144	0.02003	0.01009	0.00294	0.00497	0.08133	0.00838	0.00814
34	0.01006	0.00862	0.00862	0.00862	0.01149	0.00718	0.00647	0.01221	0.01940	0.02299	0.08621	0.08190	0.64438	0.02155	0.01006	0.00287	0.00431	0.01796	0.00790	0.00718
35	0.02434	0.02757	0.02076	0.01866	0.02175	0.34604	0.01401	0.02851	0.08598	0.02188	0.01788	0.02538	0.01649	0.14135	0.01750	0.00360	0.11239	0.00751	0.00493	0.04348
36	0.01221	0.00890	0.01255	0.01255	0.01368	0.01003	0.00923	0.01447	0.01334	0.01892	0.02382	0.03913	0.02375	0.22685	0.50755	0.01229	0.01907	0.00995	0.00471	0.00697
37	0.02061	0.02290	0.10452	0.04909	0.57913	0.02017	0.02672	0.02621	0.01922	0.02771	0.01592	0.02071	0.01318	0.00764	0.00839	0.00255	0.01039	0.00744	0.00414	0.01338
38	0.02020	0.01958	0.03414	0.15207	0.51275	0.02010	0.06530	0.02549	0.01905	0.02679	0.01595	0.02145	0.01310	0.00770	0.00855	0.00260	0.01059	0.00774	0.00415	0.01270
39	0.02166	0.02136	0.03396	0.05054	0.61301	0.05645	0.02558	0.02656	0.01964	0.02741	0.01585	0.02074	0.01334	0.00765	0.00838	0.00251	0.01040	0.00746	0.00422	0.01328
40	0.02410	0.60694	0.04154	0.01566	0.02251	0.12795	0.01484	0.02675	0.01831	0.02014	0.01203	0.01390	0.01093	0.00750	0.00579	0.00188	0.01003	0.00469	0.00375	0.01076
41	0.01532	0.15054	0.01802	0.01194	0.01496	0.01315	0.00949	0.01813	0.02007	0.06823	0.25380	0.23569	0.10332	0.01792	0.00925	0.00274	0.00556	0.01550	0.00773	0.00865
42	0.01592	0.04964	0.01977	0.01731	0.01814	0.05336	0.01358	0.01768	0.01529	0.02102	0.02704	0.31602	0.03100	0.01935	0.01816	0.00343	0.31477	0.01456	0.00559	0.00837
43	0.01737	0.07877	0.62469	0.02375	0.03605	0.02049	0.03056	0.02687	0.01793	0.02659	0.01509	0.01774	0.01079	0.00804	0.00795	0.00265	0.01239	0.00620	0.00360	0.01249
44	0.01073	0.00766	0.01029	0.01226	0.01291	0.00722	0.00853	0.01247	0.01665	0.02213	0.04671	0.63069	0.05550	0.02632	0.01096	0.00351	0.00525	0.08531	0.00789	0.00701
45	0.02769	0.03299	0.02916	0.02427	0.02947	0.41320	0.14090	0.05508	0.08704	0.02492	0.01643	0.01898	0.01308	0.00905	0.00919	0.00249	0.04337	0.00703	0.00494	0.01073
46	0.02106	0.02022	0.03454	0.05223	0.64784	0.02022	0.02612	0.02612	0.01938	0.02780	0.01601	0.02106	0.01348	0.00758	0.00842	0.00253	0.01011	0.00758	0.00421	0.01348
47	0.01491	0.01226	0.01372	0.01363	0.01690	0.01271	0.01095	0.02504	0.22856	0.02801	0.05671	0.06887	0.26108	0.01871	0.01007	0.00318	0.00616	0.18089	0.00814	0.00952
48	0.01016	0.00863	0.00877	0.00873	0.01156	0.00723	0.00655	0.01242	0.01965	0.02359	0.11613	0.08091	0.61409	0.02133	0.01006	0.00286	0.00429	0.01782	0.00798	0.00723
49	0.01217	0.00907	0.01342	0.01342	0.01486	0.01050	0.01032	0.01503	0.01360	0.01957	0.02303	0.03471	0.02183	0.10037	0.63141	0.01337	0.02196	0.00930	0.00459	0.00746
50	0.02406	0.02608	0.03013	0.04070	0.41768	0.22387	0.02240	0.02815	0.02089	0.02547	0.01667	0.02328	0.01459	0.00881	0.00837	0.00250	0.01164	0.03823	0.00446	0.01204
51	0.01463	0.01245	0.01783	0.01650	0.01750	0.01601	0.01327	0.01729	0.01364	0.02056	0.01888	0.02807	0.01770	0.04393	0.40923	0.00960	0.25815	0.00847	0.03806	0.00822
52	0.03007	0.16697	0.02801	0.02053	0.02546	0.54650	0.01609	0.03237	0.02282	0.02067	0.01290	0.01502	0.01095	0.00849	0.00725	0.00212	0.01416	0.00530	0.00424	0.01007

[dist]
# distance from previous block
# <min> <max>
0	1

[block]
# block no. 2 follows, 21 sequences, length 43
# corresponding to MSA columns:
# 96-138
name=unknown_C
#
# <colnr> <probs for GDERKNQSTAVLIFYWHMCP>
#	G	D	E	R	K	N	Q	S	T	A	V	L	I	F	Y	W	H	M	C	P
0	0.02885	0.21523	0.03006	0.02153	0.05691	0.46655	0.01644	0.03134	0.02207	0.02097	0.01295	0.01519	0.01108	0.00832	0.00713	0.00211	0.01343	0.00534	0.00418	0.01033
1	0.02106	0.02022	0.03454	0.05223	0.64784	0.02022	0.02612	0.02612	0.01938	0.02780	0.01601	0.02106	0.01348	0.00758	0.00842	0.00253	0.01011	0.00758	0.00421	0.01348
2	0.01769	0.11608	0.59019	0.02320	0.03520	0.02128	0.02960	0.02679	0.01789	0.02620	0.01490	0.01750	0.01080	0.00800	0.00780	0.00260	0.01220	0.00610	0.00360	0.01240
3	0.01006	0.00862	0.00862	0.00862	0.01149	0.00718	0.00647	0.01221	0.01940	0.02299	0.08621	0.08190	0.64438	0.02155	0.01006	0.00287	0.00431	0.01796	0.00790	0.00718
4	0.02992	0.03744	0.02439	0.02198	0.02575	0.57573	0.01675	0.03206	0.02254	0.02078	0.01287	0.01581	0.01099	0.00964	0.01055	0.00241	0.11054	0.00576	0.00429	0.00979
5	0.01186	0.00840	0.01067	0.01056	0.01188	0.00791	0.00736	0.01457	0.02023	0.02821	0.41122	0.15950	0.06539	0.17390	0.01771	0.00406	0.00512	0.01607	0.00819	0.00721
6	0.03235	0.02384	0.02554	0.01958	0.02639	0.02639	0.01618	0.61946	0.04001	0.05363	0.02043	0.02043	0.01447	0.01022	0.00851	0.00255	0.00936	0.00766	0.00851	0.01447
7	0.02785	0.02858	0.02255	0.01968	0.02473	0.28712	0.01525	0.16016	0.25953	0.03329	0.02287	0.02266	0.01742	0.01013	0.00822	0.00253	0.01082	0.00751	0.00688	0.01220
8	0.03179	0.04056	0.02412	0.02192	0.02631	0.66676	0.01644	0.03398	0.02412	0.02083	0.01315	0.01535	0.01096	0.00877	0.00767	0.00219	0.01535	0.00548	0.00438	0.00987
9	0.02229	0.01961	0.02222	0.08375	0.13733	0.08762	0.01601	0.21744	0.02612	0.03344	0.03326	0.10490	0.13322	0.01329	0.00894	0.00269	0.00892	0.01108	0.00668	0.01118
10	0.02312	0.02088	0.03290	0.04627	0.53434	0.02135	0.02430	0.13448	0.02315	0.03252	0.01682	0.02095	0.01366	0.00806	0.00844	0.00253	0.00997	0.00760	0.00500	0.01366
11	0.01152	0.00865	0.01051	0.01006	0.01220	0.00781	0.00745	0.01481	0.02218	0.03014	0.45812	0.06814	0.23145	0.05545	0.01184	0.00303	0.00432	0.01593	0.00874	0.00764
12	0.01037	0.00741	0.00987	0.01185	0.01234	0.00691	0.00790	0.01185	0.01629	0.02172	0.04690	0.69537	0.05629	0.02666	0.01086	0.00346	0.00494	0.02419	0.00790	0.00691
13	0.03179	0.04056	0.02412	0.02192	0.02631	0.66676	0.01644	0.03398	0.02412	0.02083	0.01315	0.01535	0.01096	0.00877	0.00767	0.00219	0.01535	0.00548	0.00438	0.00987
14	0.01027	0.00819	0.00921	0.00988	0.01186	0.00713	0.00706	0.01227	0.01851	0.02308	0.09923	0.30178	0.40524	0.02319	0.01035	0.00307	0.00452	0.02008	0.00797	0.00713
15	0.03185	0.03874	0.02427	0.02167	0.02632	0.59706	0.01641	0.09771	0.02585	0.02440	0.01395	0.01590	0.01134	0.00893	0.00776	0.00223	0.01470	0.00572	0.00483	0.01037
16	0.11117	0.03794	0.02285	0.02076	0.02524	0.59626	0.01566	0.03301	0.02307	0.02272	0.01301	0.01518	0.01077	0.00867	0.00741	0.00224	0.01439	0.00539	0.00448	0.00980
17	0.03179	0.04056	0.02412	0.02192	0.02631	0.66676	0.01644	0.03398	0.02412	0.02083	0.01315	0.01535	0.01096	0.00877	0.00767	0.00219	0.01535	0.00548	0.00438	0.00987
18	0.02934	0.03489	0.02661	0.02881	0.17034	0.48048	0.01867	0.06548	0.02392	0.02431	0.01423	0.01696	0.01175	0.00858	0.00790	0.00229	0.01379	0.00609	0.00458	0.01097
19	0.01037	0.00741	0.00987	0.01185	0.01234	0.00691	0.00790	0.01185	0.01629	0.02172	0.04690	0.69537	0.05629	0.02666	0.01086	0.00346	0.00494	0.02419	0.00790	0.00691
20	0.01810	0.07521	0.51076	0.02250	0.03342	0.02076	0.02735	0.03011	0.12684	0.02811	0.01852	0.02018	0.01348	0.00866	0.00805	0.00268	0.01135	0.00679	0.00449	0.01265
21	0.02652	0.13088	0.02813	0.02042	0.02444	0.23341	0.01676	0.15829	0.02322	0.02787	0.01396	0.01722	0.01180	0.01074	0.01371	0.00268	0.21767	0.00642	0.00498	0.01088
22	0.01326	0.01059	0.01220	0.01275	0.01486	0.01085	0.00916	0.02102	0.18489	0.02574	0.05074	0.40237	0.15543	0.02161	0.01011	0.00319	0.00531	0.01908	0.00811	0.00875
23	0.02330	0.25498	0.20185	0.01866	0.02613	0.18464	0.01888	0.05953	0.02046	0.02507	0.01511	0.01738	0.01214	0.00829	0.00694	0.00221	0.01112	0.00575	0.07656	0.01101
24	0.01192	0.00806	0.00942	0.00986	0.00998	0.00795	0.00578	0.01226	0.01326	0.01769	0.03137	0.20081	0.03669	0.54795	0.03595	0.00716	0.00750	0.01506	0.00578	0.00555
25	0.01069	0.00764	0.01025	0.01222	0.01286	0.00719	0.00847	0.01241	0.01661	0.02209	0.04672	0.63702	0.05557	0.02635	0.01095	0.00350	0.00522	0.07933	0.00789	0.00700
26	0.02724	0.15566	0.03078	0.02872	0.19498	0.34061	0.01872	0.06158	0.02243	0.02434	0.01408	0.01687	0.01183	0.00825	0.00752	0.00224	0.01246	0.00600	0.00442	0.01129
27	0.02214	0.63506	0.11024	0.01560	0.02345	0.03218	0.01637	0.02564	0.01736	0.02076	0.01220	0.01411	0.01091	0.00737	0.00574	0.00191	0.00947	0.00474	0.00364	0.01110
28	0.01031	0.00763	0.00965	0.01126	0.01219	0.00696	0.00764	0.01192	0.01686	0.02196	0.05408	0.58333	0.16369	0.02573	0.01072	0.00335	0.00482	0.02305	0.00790	0.00696
29	0.01033	0.00754	0.00974	0.01150	0.01225	0.00694	0.00774	0.01189	0.01663	0.02186	0.05118	0.62860	0.12030	0.02611	0.01077	0.00339	0.00487	0.02351	0.00790	0.00694
30	0.06270	0.02400	0.02096	0.08237	0.02521	0.23348	0.01496	0.08810	0.02147	0.02606	0.02715	0.02937	0.12708	0.01214	0.01164	0.00266	0.12911	0.00847	0.00538	0.04769
31	0.01494	0.01321	0.01901	0.01741	0.01827	0.01728	0.01407	0.01747	0.01340	0.02007	0.01779	0.02706	0.01693	0.04276	0.39203	0.00939	0.30799	0.00840	0.00420	0.00833
32	0.01088	0.00916	0.00950	0.00932	0.01221	0.00804	0.00702	0.01442	0.05332	0.02487	0.14314	0.07720	0.55019	0.02056	0.00998	0.00285	0.00441	0.01723	0.00810	0.00762
33	0.01216	0.00912	0.01368	0.01368	0.01520	0.01064	0.01064	0.01520	0.01368	0.01976	0.02279	0.03343	0.02127	0.06382	0.66720	0.01368	0.02279	0.00912	0.00456	0.00760
34	0.10051	0.02222	0.03914	0.03837	0.25763	0.05528	0.30706	0.02697	0.01945	0.02828	0.01599	0.02089	0.01262	0.00748	0.00882	0.00268	0.01204	0.00833	0.00438	0.01187
35	0.02033	0.02144	0.04084	0.03303	0.10372	0.02200	0.37644	0.04825	0.04201	0.02738	0.01667	0.02199	0.01319	0.00887	0.01289	0.00292	0.13567	0.00901	0.00453	0.03883
36	0.02107	0.02001	0.03288	0.04843	0.57973	0.02032	0.02474	0.02820	0.08611	0.02865	0.01804	0.02223	0.01484	0.00801	0.00845	0.00257	0.00974	0.00780	0.00470	0.01348
37	0.23135	0.13490	0.02424	0.08947	0.02639	0.31748	0.01492	0.02883	0.01960	0.02562	0.01280	0.01546	0.01051	0.00827	0.00675	0.00233	0.01150	0.00532	0.00445	0.00980
38	0.01191	0.00902	0.01128	0.01256	0.01436	0.00861	0.00975	0.01542	0.04624	0.02395	0.05580	0.30515	0.20329	0.02360	0.01086	0.00344	0.00584	0.21343	0.00791	0.00759
39	0.01822	0.03598	0.42538	0.02869	0.03975	0.02043	0.25483	0.02707	0.01878	0.02707	0.01601	0.01987	0.01159	0.00774	0.00883	0.00276	0.01325	0.00772	0.00386	0.01216
40	0.02011	0.01523	0.01714	0.01550	0.01947	0.01614	0.01252	0.23451	0.09315	0.03573	0.04262	0.13862	0.14039	0.01752	0.00984	0.00307	0.00726	0.14241	0.00819	0.01059
41	0.02081	0.05421	0.02077	0.01618	0.02068	0.01857	0.01294	0.18737	0.08278	0.03296	0.02502	0.17345	0.02406	0.01367	0.01090	0.00262	0.09403	0.01084	0.00676	0.17137
42	0.18170	0.01106	0.01035	0.00978	0.01307	0.01088	0.00739	0.04296	0.01847	0.02714	0.05996	0.06083	0.40564	0.09078	0.01247	0.00338	0.00548	0.01386	0.00704	0.00776

[dist]
# distance from previous block
# <min> <max>
0	1

[block]
# block no. 3 follows, 21 sequences, length 112
# corresponding to MSA columns:
# 140-251
name=unknown_D
#
# <colnr> <probs for GDERKNQSTAVLIFYWHMCP>
#	G	D	E	R	K	N	Q	S	T	A	V	L	I	F	Y	W	H	M	C	P
0	0.01740	0.01736	0.01500	0.01453	0.01717	0.17369	0.01086	0.05505	0.01977	0.02325	0.04014	0.18575	0.16912	0.02891	0.16660	0.00540	0.01193	0.01349	0.00626	0.00833
1	0.01216	0.00912	0.01368	0.01368	0.01520	0.01064	0.01064	0.01520	0.01368	0.01976	0.02279	0.03343	0.02127	0.06382	0.66720	0.01368	0.02279	0.00912	0.00456	0.00760
2	0.02840	0.02088	0.02272	0.01819	0.02387	0.02289	0.01469	0.51022	0.03575	0.04790	0.02519	0.14178	0.02199	0.01317	0.00894	0.00272	0.00857	0.01063	0.00840	0.01311
3	0.23634	0.03380	0.02086	0.01891	0.02355	0.48509	0.01442	0.03147	0.02141	0.02570	0.01279	0.01492	0.01047	0.00853	0.00700	0.00232	0.01289	0.00524	0.00463	0.00968
4	0.01006	0.00862	0.00862	0.00862	0.01149	0.00718	0.00647	0.01221	0.01940	0.02299	0.08621	0.08190	0.64438	0.02155	0.01006	0.00287	0.00431	0.01796	0.00790	0.00718
5	0.01132	0.00962	0.00991	0.00982	0.01284	0.00867	0.00751	0.01568	0.07878	0.02434	0.07913	0.07776	0.55437	0.02068	0.01001	0.00293	0.00472	0.04612	0.00797	0.00783
6	0.02572	0.01838	0.01947	0.01591	0.02100	0.02027	0.01282	0.34802	0.14031	0.04425	0.02504	0.02564	0.01860	0.01037	0.00782	0.00245	0.00738	0.00809	0.21601	0.01246
7	0.01053	0.00753	0.01002	0.01174	0.01238	0.00702	0.00791	0.01226	0.01705	0.02293	0.10467	0.63418	0.05861	0.02576	0.01078	0.00338	0.00485	0.02334	0.00804	0.00702
8	0.02275	0.70604	0.04459	0.01456	0.02184	0.03367	0.01456	0.02548	0.01729	0.02002	0.01183	0.01365	0.01092	0.00728	0.00546	0.00182	0.00910	0.00455	0.00364	0.01092
9	0.01016	0.00863	0.00876	0.00873	0.01156	0.00723	0.00655	0.01241	0.01964	0.02357	0.11526	0.08094	0.61497	0.02134	0.01006	0.00286	0.00430	0.01783	0.00798	0.00723
10	0.03235	0.02384	0.02554	0.01958	0.02639	0.02639	0.01618	0.61946	0.04001	0.05363	0.02043	0.02043	0.01447	0.01022	0.00851	0.00255	0.00936	0.00766	0.00851	0.01447
11	0.01238	0.00825	0.00928	0.00928	0.00928	0.00825	0.00516	0.01238	0.01238	0.01650	0.02681	0.05569	0.03094	0.70092	0.04331	0.00825	0.00825	0.01238	0.00516	0.00516
12	0.03179	0.04056	0.02412	0.02192	0.02631	0.66676	0.01644	0.03398	0.02412	0.02083	0.01315	0.01535	0.01096	0.00877	0.00767	0.00219	0.01535	0.00548	0.00438	0.00987
13	0.02690	0.28887	0.03328	0.02333	0.11038	0.33866	0.01707	0.02969	0.02089	0.02149	0.01305	0.01550	0.01129	0.00804	0.00694	0.00210	0.01227	0.00542	0.00408	0.01076
14	0.01035	0.00747	0.00981	0.01169	0.01230	0.00693	0.00783	0.01187	0.01645	0.02179	0.04886	0.66480	0.08559	0.02641	0.01082	0.00343	0.00491	0.02388	0.00790	0.00693
15	0.01883	0.01871	0.16031	0.01523	0.02075	0.01278	0.01469	0.02599	0.08167	0.14554	0.33059	0.04382	0.04845	0.01346	0.00919	0.00269	0.00681	0.01152	0.00820	0.01077
16	0.08766	0.14506	0.14766	0.02000	0.02653	0.01975	0.13576	0.02507	0.08391	0.02656	0.02407	0.17484	0.02317	0.01238	0.00844	0.00276	0.00936	0.01104	0.00544	0.01054
17	0.01062	0.00864	0.00939	0.00921	0.01184	0.00742	0.00690	0.01329	0.02071	0.02611	0.24249	0.07676	0.48616	0.02039	0.01005	0.00282	0.00423	0.01724	0.00831	0.00742
18	0.23515	0.07131	0.02234	0.01826	0.02307	0.35070	0.01439	0.08694	0.02195	0.02881	0.01331	0.01548	0.01082	0.00890	0.00802	0.00241	0.04752	0.00550	0.00495	0.01016
19	0.02486	0.30116	0.17826	0.01959	0.02700	0.27016	0.01917	0.02904	0.02003	0.02193	0.01313	0.01529	0.01090	0.00803	0.00690	0.00216	0.01227	0.00530	0.00391	0.01090
20	0.02631	0.12148	0.02830	0.02048	0.02494	0.21377	0.04607	0.16995	0.02396	0.02938	0.01515	0.01823	0.01245	0.01030	0.01228	0.00261	0.16698	0.00667	0.03970	0.01099
21	0.01023	0.00796	0.00930	0.01037	0.01196	0.00704	0.00724	0.01202	0.01771	0.02230	0.06486	0.41511	0.32495	0.02433	0.01049	0.00319	0.00465	0.02135	0.00790	0.00704
22	0.01037	0.00741	0.00987	0.01185	0.01234	0.00691	0.00790	0.01185	0.01629	0.02172	0.04690	0.69537	0.05629	0.02666	0.01086	0.00346	0.00494	0.02419	0.00790	0.00691
23	0.01802	0.01681	0.04461	0.01482	0.01788	0.12836	0.01251	0.02300	0.05267	0.02752	0.06873	0.05439	0.03339	0.01531	0.00895	0.00288	0.00804	0.22855	0.21481	0.00876
24	0.01037	0.00741	0.00987	0.01185	0.01234	0.00691	0.00790	0.01185	0.01629	0.02172	0.04690	0.69537	0.05629	0.02666	0.01086	0.00346	0.00494	0.02419	0.00790	0.00691
25	0.02845	0.03022	0.02739	0.02269	0.02738	0.30946	0.07491	0.19513	0.02619	0.03059	0.01523	0.01810	0.01217	0.01012	0.01178	0.00263	0.13403	0.00689	0.00542	0.01121
26	0.03122	0.03948	0.02467	0.02353	0.05932	0.63241	0.01696	0.03356	0.02386	0.02120	0.01331	0.01565	0.01110	0.00871	0.00771	0.00221	0.01507	0.00559	0.00438	0.01006
27	0.01037	0.00741	0.00987	0.01185	0.01234	0.00691	0.00790	0.01185	0.01629	0.02172	0.04690	0.69537	0.05629	0.02666	0.01086	0.00346	0.00494	0.02419	0.00790	0.00691
28	0.02093	0.02060	0.03672	0.04996	0.56405	0.02040	0.10816	0.02628	0.01948	0.02773	0.01618	0.02133	0.01340	0.00753	0.00865	0.00257	0.01070	0.00792	0.00423	0.01320
29	0.01345	0.00954	0.01171	0.01091	0.01347	0.00887	0.00826	0.01828	0.06002	0.06141	0.46835	0.06359	0.18478	0.01753	0.00989	0.00273	0.00439	0.01522	0.00909	0.00850
30	0.01037	0.00741	0.00987	0.01185	0.01234	0.00691	0.00790	0.01185	0.01629	0.02172	0.04690	0.69537	0.05629	0.02666	0.01086	0.00346	0.00494	0.02419	0.00790	0.00691
31	0.01216	0.00912	0.01368	0.01368	0.01520	0.01064	0.01064	0.01520	0.01368	0.01976	0.02279	0.03343	0.02127	0.06382	0.66720	0.01368	0.02279	0.00912	0.00456	0.00760
32	0.01033	0.00754	0.00974	0.01150	0.01225	0.00694	0.00774	0.01189	0.01663	0.02186	0.05115	0.62913	0.11979	0.02611	0.01078	0.00339	0.00487	0.02352	0.00790	0.00694
33	0.01862	0.01862	0.02607	0.02234	0.02234	0.02607	0.01862	0.02048	0.01303	0.02048	0.01117	0.01862	0.01117	0.01489	0.02793	0.00372	0.68535	0.00745	0.00372	0.00931
34	0.03264	0.02337	0.02525	0.01936	0.02616	0.02570	0.01599	0.59084	0.03924	0.08335	0.02108	0.02085	0.01480	0.01023	0.00852	0.00256	0.00926	0.00771	0.00861	0.01447
35	0.03179	0.04056	0.02412	0.02192	0.02631	0.66676	0.01644	0.03398	0.02412	0.02083	0.01315	0.01535	0.01096	0.00877	0.00767	0.00219	0.01535	0.00548	0.00438	0.00987
36	0.02102	0.02035	0.03528	0.05147	0.61953	0.02028	0.05383	0.02617	0.01941	0.02778	0.01606	0.02115	0.01345	0.00756	0.00850	0.00254	0.01031	0.00770	0.00422	0.01339
37	0.01007	0.00856	0.00869	0.00879	0.01154	0.00717	0.00654	0.01219	0.01924	0.02292	0.08416	0.11389	0.61372	0.02182	0.01010	0.00290	0.00434	0.01829	0.00790	0.00717
38	0.01790	0.07372	0.51680	0.02585	0.03745	0.02078	0.13585	0.02693	0.01831	0.02666	0.01545	0.01865	0.01117	0.00788	0.00830	0.00268	0.01272	0.00688	0.00372	0.01230
39	0.02988	0.03216	0.02389	0.02061	0.02513	0.39380	0.01606	0.19476	0.02715	0.03046	0.01571	0.01789	0.01250	0.00982	0.00978	0.00243	0.07800	0.00640	0.04256	0.01100
40	0.01040	0.00873	0.00910	0.00929	0.01207	0.00743	0.00715	0.01272	0.01942	0.02322	0.08233	0.08323	0.58828	0.02174	0.01022	0.00297	0.00464	0.07192	0.00790	0.00725
41	0.07038	0.09295	0.05553	0.01963	0.05482	0.22911	0.01548	0.16918	0.02614	0.03272	0.12825	0.02540	0.02428	0.01038	0.00800	0.00240	0.01033	0.00779	0.00620	0.01102
42	0.01761	0.04023	0.54777	0.02634	0.03821	0.02008	0.13671	0.02701	0.01835	0.02701	0.01562	0.01886	0.01116	0.00792	0.00844	0.00273	0.01290	0.00696	0.00372	0.01238
43	0.01061	0.00864	0.00938	0.00920	0.01183	0.00742	0.00690	0.01328	0.02070	0.02607	0.24033	0.07683	0.48834	0.02040	0.01005	0.00282	0.00423	0.01725	0.00831	0.00742
44	0.02033	0.02183	0.04378	0.04053	0.24167	0.02133	0.39090	0.02652	0.01948	0.02708	0.01650	0.02210	0.01301	0.00772	0.01046	0.00280	0.04860	0.00910	0.00424	0.01202
45	0.02106	0.02022	0.03454	0.05223	0.64784	0.02022	0.02612	0.02612	0.01938	0.02780	0.01601	0.02106	0.01348	0.00758	0.00842	0.00253	0.01011	0.00758	0.00421	0.01348
46	0.01060	0.00758	0.01008	0.01169	0.01239	0.00706	0.00792	0.01242	0.01735	0.02340	0.12762	0.60987	0.05953	0.02541	0.01075	0.00335	0.00481	0.02300	0.00810	0.00706
47	0.02445	0.02109	0.07619	0.02790	0.03588	0.01812	0.37951	0.03043	0.02112	0.20274	0.02535	0.02747	0.04861	0.00893	0.00951	0.00279	0.01171	0.00982	0.00620	0.01216
48	0.03120	0.01953	0.02201	0.01742	0.02359	0.02078	0.01421	0.32832	0.14265	0.21544	0.02698	0.02536	0.01872	0.01053	0.00844	0.00261	0.00806	0.00828	0.04187	0.01400
49	0.01037	0.00741	0.00987	0.01185	0.01234	0.00691	0.00790	0.01185	0.01629	0.02172	0.04690	0.69537	0.05629	0.02666	0.01086	0.00346	0.00494	0.02419	0.00790	0.00691
50	0.02522	0.01845	0.02059	0.01649	0.02221	0.01900	0.01318	0.33708	0.05866	0.07005	0.02543	0.14216	0.02247	0.01247	0.00851	0.00248	0.00774	0.01025	0.00782	0.15976
51	0.02353	0.02489	0.03215	0.04527	0.50512	0.16868	0.02390	0.02792	0.02047	0.02620	0.01535	0.01975	0.01290	0.00786	0.00825	0.00245	0.01131	0.00710	0.00425	0.01265
52	0.01037	0.00741	0.00987	0.01185	0.01234	0.00691	0.00790	0.01185	0.01629	0.02172	0.04690	0.69537	0.05629	0.02666	0.01086	0.00346	0.00494	0.02419	0.00790	0.00691
53	0.02011	0.01925	0.03282	0.17224	0.53528	0.01997	0.02564	0.02528	0.01893	0.02664	0.01584	0.02137	0.01307	0.00776	0.00844	0.00259	0.01035	0.00758	0.00413	0.01271
54	0.02171	0.02145	0.03391	0.05040	0.61020	0.05937	0.02553	0.02659	0.01966	0.02738	0.01583	0.02072	0.01333	0.00765	0.00838	0.00251	0.01043	0.00746	0.00422	0.01326
55	0.01073	0.00756	0.00977	0.01139	0.01179	0.00715	0.00741	0.01194	0.01559	0.02079	0.04329	0.58036	0.05173	0.14789	0.01670	0.00432	0.00553	0.02207	0.00741	0.00660
56	0.02117	0.01828	0.01924	0.01732	0.02213	0.02117	0.01347	0.04522	0.63246	0.03560	0.03464	0.03175	0.02598	0.01155	0.00866	0.00289	0.00673	0.00962	0.00866	0.01347
57	0.01103	0.00818	0.01029	0.01078	0.01235	0.00744	0.00770	0.01372	0.02020	0.02728	0.31014	0.31372	0.17233	0.02176	0.01036	0.00302	0.00443	0.01929	0.00853	0.00744
58	0.05674	0.04150	0.59235	0.02414	0.03613	0.01982	0.05946	0.02686	0.01789	0.02756	0.01519	0.01800	0.01080	0.00803	0.00803	0.00270	0.01235	0.00639	0.00372	0.01234
59	0.03179	0.04056	0.02412	0.02192	0.02631	0.66676	0.01644	0.03398	0.02412	0.02083	0.01315	0.01535	0.01096	0.00877	0.00767	0.00219	0.01535	0.00548	0.00438	0.00987
60	0.03179	0.04056	0.02412	0.02192	0.02631	0.66676	0.01644	0.03398	0.02412	0.02083	0.01315	0.01535	0.01096	0.00877	0.00767	0.00219	0.01535	0.00548	0.00438	0.00987
61	0.01765	0.01513	0.01765	0.01260	0.02017	0.01134	0.01008	0.02143	0.01765	0.02773	0.01513	0.01765	0.01260	0.00630	0.00630	0.00126	0.00630	0.00504	0.00504	0.75295
62	0.01069	0.00836	0.00968	0.00995	0.01203	0.00736	0.00723	0.01321	0.02000	0.02582	0.23346	0.21763	0.35111	0.02156	0.01024	0.00295	0.00437	0.01867	0.00831	0.00736
63	0.01333	0.00954	0.01318	0.01453	0.01650	0.00939	0.01241	0.01727	0.02062	0.02746	0.18244	0.08855	0.05617	0.02211	0.01136	0.00363	0.00696	0.45848	0.00819	0.00788
64	0.02469	0.44640	0.10491	0.01769	0.02472	0.21118	0.01692	0.02804	0.01929	0.02100	0.01258	0.01460	0.01092	0.00779	0.00637	0.00202	0.01124	0.00500	0.00385	0.01080
65	0.01115	0.00886	0.01011	0.01053	0.01271	0.00806	0.00776	0.01458	0.05025	0.02496	0.14865	0.23886	0.35211	0.02191	0.01028	0.00305	0.00472	0.04574	0.00814	0.00758
66	0.01234	0.00898	0.01300	0.01300	0.01440	0.01029	0.00991	0.01514	0.01374	0.01998	0.02340	0.03547	0.02222	0.12183	0.57847	0.01264	0.02057	0.00937	0.03787	0.00738
67	0.34570	0.03018	0.01912	0.01730	0.02207	0.38796	0.01333	0.03012	0.01997	0.02830	0.01259	0.01469	0.01021	0.00840	0.00664	0.00238	0.01157	0.00511	0.00476	0.00959
68	0.02106	0.02022	0.03454	0.05223	0.64784	0.02022	0.02612	0.02612	0.01938	0.02780	0.01601	0.02106	0.01348	0.00758	0.00842	0.00253	0.01011	0.00758	0.00421	0.01348
69	0.01228	0.00821	0.00931	0.00940	0.00943	0.00819	0.00529	0.01235	0.01256	0.01675	0.02778	0.08632	0.03215	0.66864	0.04176	0.00802	0.00809	0.01294	0.00529	0.00524
70	0.01216	0.00912	0.01368	0.01368	0.01520	0.01064	0.01064	0.01520	0.01368	0.01976	0.02279	0.03343	0.02127	0.06382	0.66720	0.01368	0.02279	0.00912	0.00456	0.00760
71	0.01607	0.01513	0.02552	0.68047	0.05861	0.01891	0.02363	0.02174	0.01702	0.02174	0.01513	0.02269	0.01134	0.00851	0.00851	0.00284	0.01134	0.00756	0.00378	0.00945
72	0.02262	0.01860	0.02174	0.01663	0.02259	0.01890	0.01361	0.21650	0.02412	0.03488	0.01615	0.01873	0.01296	0.00912	0.01091	0.00213	0.12939	0.00633	0.00594	0.37815
73	0.01238	0.00825	0.00928	0.00928	0.00928	0.00825	0.00516	0.01238	0.01238	0.01650	0.02681	0.05569	0.03094	0.70092	0.04331	0.00825	0.00825	0.01238	0.00516	0.00516
74	0.01172	0.00909	0.01071	0.01023	0.01268	0.00830	0.00770	0.01593	0.04906	0.03012	0.41298	0.06887	0.28412	0.01866	0.00998	0.00276	0.00424	0.01608	0.00880	0.00796
75	0.01006	0.00862	0.00862	0.00862	0.01149	0.00718	0.00647	0.01221	0.01940	0.02299	0.08621	0.08190	0.64438	0.02155	0.01006	0.00287	0.00431	0.01796	0.00790	0.00718
76	0.01862	0.01862	0.02607	0.02234	0.02234	0.02607	0.01862	0.02048	0.01303	0.02048	0.01117	0.01862	0.01117	0.01489	0.02793	0.00372	0.68535	0.00745	0.00372	0.00931
77	0.01216	0.00912	0.01368	0.01368	0.01520	0.01064	0.01064	0.01520	0.01368	0.01976	0.02279	0.03343	0.02127	0.06382	0.66720	0.01368	0.02279	0.00912	0.00456	0.00760
78	0.01054	0.00754	0.01003	0.01173	0.01238	0.00703	0.00791	0.01228	0.01709	0.02298	0.10754	0.63114	0.05873	0.02572	0.01078	0.00338	0.00484	0.02330	0.00805	0.00703
79	0.01765	0.01513	0.01765	0.01260	0.02017	0.01134	0.01008	0.02143	0.01765	0.02773	0.01513	0.01765	0.01260	0.00630	0.00630	0.00126	0.00630	0.00504	0.00504	0.75295
80	0.01993	0.02249	0.04761	0.03441	0.04209	0.02201	0.55233	0.02653	0.01932	0.02653	0.01656	0.02249	0.01272	0.00801	0.01197	0.00296	0.08680	0.00976	0.00424	0.01124
81	0.01006	0.00862	0.00862	0.00862	0.01149	0.00718	0.00647	0.01221	0.01940	0.02299	0.08621	0.08190	0.64438	0.02155	0.01006	0.00287	0.00431	0.01796	0.00790	0.00718
82	0.02038	0.01953	0.03332	0.13750	0.56787	0.02004	0.02578	0.02552	0.01906	0.02698	0.01589	0.02128	0.01319	0.00771	0.00844	0.00257	0.01028	0.00758	0.00415	0.01293
83	0.03235	0.02384	0.02554	0.01958	0.02639	0.02639	0.01618	0.61946	0.04001	0.05363	0.02043	0.02043	0.01447	0.01022	0.00851	0.00255	0.00936	0.00766	0.00851	0.01447
84	0.01037	0.00741	0.00987	0.01185	0.01234	0.00691	0.00790	0.01185	0.01629	0.02172	0.04690	0.69537	0.05629	0.02666	0.01086	0.00346	0.00494	0.02419	0.00790	0.00691
85	0.02275	0.70604	0.04459	0.01456	0.02184	0.03367	0.01456	0.02548	0.01729	0.02002	0.01183	0.01365	0.01092	0.00728	0.00546	0.00182	0.00910	0.00455	0.00364	0.01092
86	0.01238	0.00825	0.00928	0.00928	0.00928	0.00825	0.00516	0.01238	0.01238	0.01650	0.02681	0.05569	0.03094	0.70092	0.04331	0.00825	0.00825	0.01238	0.00516	0.00516
87	0.01714	0.01695	0.02814	0.02302	0.02542	0.02069	0.15377	0.02055	0.01483	0.02183	0.01582	0.02377	0.01441	0.02685	0.20314	0.00632	0.34542	0.00851	0.00409	0.00933
88	0.02145	0.55402	0.18518	0.01679	0.02528	0.03048	0.01844	0.02582	0.01745	0.02161	0.01262	0.01464	0.01089	0.00747	0.00606	0.00202	0.00990	0.00495	0.00363	0.01130
89	0.01018	0.00863	0.00879	0.00875	0.01157	0.00724	0.00656	0.01245	0.01968	0.02366	0.11995	0.08079	0.61022	0.02130	0.01006	0.00286	0.00429	0.01780	0.00799	0.00724
90	0.02262	0.01879	0.01984	0.01729	0.02236	0.02140	0.01360	0.14679	0.49493	0.03820	0.03469	0.03225	0.05519	0.01181	0.00870	0.00283	0.00709	0.00969	0.00859	0.01333
91	0.02106	0.02022	0.03454	0.05223	0.64784	0.02022	0.02612	0.02612	0.01938	0.02780	0.01601	0.02106	0.01348	0.00758	0.00842	0.00253	0.01011	0.00758	0.00421	0.01348
92	0.01072	0.00865	0.00954	0.00931	0.01190	0.00747	0.00699	0.01349	0.02096	0.02669	0.27154	0.07580	0.45675	0.02017	0.01005	0.00281	0.00421	0.01711	0.00839	0.00747
93	0.01707	0.04402	0.65683	0.02426	0.03683	0.01976	0.03144	0.02695	0.01797	0.02695	0.01527	0.01797	0.01078	0.00809	0.00809	0.00270	0.01258	0.00629	0.00359	0.01258
94	0.01966	0.01879	0.03201	0.22845	0.48256	0.01985	0.02542	0.02489	0.01872	0.02610	0.01576	0.02152	0.01288	0.00784	0.00845	0.00261	0.01046	0.00758	0.00409	0.01235
95	0.03179	0.04056	0.02412	0.02192	0.02631	0.66676	0.01644	0.03398	0.02412	0.02083	0.01315	0.01535	0.01096	0.00877	0.00767	0.00219	0.01535	0.00548	0.00438	0.00987
96	0.02106	0.02022	0.03454	0.05223	0.64784	0.02022	0.02612	0.02612	0.01938	0.02780	0.01601	0.02106	0.01348	0.00758	0.00842	0.00253	0.01011	0.00758	0.00421	0.01348
97	0.03345	0.02207	0.02445	0.01874	0.02551	0.02377	0.01548	0.51038	0.03706	0.16689	0.02291	0.02204	0.01572	0.01028	0.00852	0.00257	0.00896	0.00783	0.00889	0.01447
98	0.12286	0.32933	0.29996	0.01821	0.02746	0.02575	0.02098	0.02604	0.01719	0.02548	0.01329	0.01551	0.01062	0.00771	0.00655	0.00230	0.01023	0.00530	0.00385	0.01139
99	0.01006	0.00862	0.00862	0.00862	0.01149	0.00718	0.00647	0.01221	0.01940	0.02299	0.08621	0.08190	0.64438	0.02155	0.01006	0.00287	0.00431	0.01796	0.00790	0.00718
100	0.19927	0.01603	0.01794	0.01486	0.02063	0.01651	0.01203	0.03877	0.19708	0.33451	0.02889	0.02629	0.01976	0.01022	0.00783	0.00271	0.00694	0.00796	0.00878	0.01298
101	0.01238	0.00825	0.00928	0.00928	0.00928	0.00825	0.00516	0.01238	0.01238	0.01650	0.02681	0.05569	0.03094	0.70092	0.04331	0.00825	0.00825	0.01238	0.00516	0.00516
102	0.03179	0.04056	0.02412	0.02192	0.02631	0.66676	0.01644	0.03398	0.02412	0.02083	0.01315	0.01535	0.01096	0.00877	0.00767	0.00219	0.01535	0.00548	0.00438	0.00987
103	0.01946	0.01633	0.01797	0.01694	0.02110	0.01856	0.01353	0.03889	0.49173	0.03327	0.03703	0.04650	0.03126	0.01429	0.00937	0.00312	0.00699	0.14302	0.00847	0.01218
104	0.01862	0.01862	0.02607	0.02234	0.02234	0.02607	0.01862	0.02048	0.01303	0.02048	0.01117	0.01862	0.01117	0.01489	0.02793	0.00372	0.68535	0.00745	0.00372	0.00931
