[name]
unknown

[dist]
# distance from previous block
# <min> <max>
0	0

[block]
# block no. 0 follows, 21 sequences, length 7
# corresponding to MSA columns:
# 0-6
name=unknown_A
#
# <colnr> <probs for GDERKNQSTAVLIFYWHMCP>
#	G	D	E	R	K	N	Q	S	T	A	V	L	I	F	Y	W	H	M	C	P
0	0.01371	0.00980	0.01371	0.01567	0.01763	0.00980	0.01371	0.01763	0.01959	0.02547	0.04506	0.09599	0.04898	0.02351	0.01175	0.00392	0.00784	0.59056	0.00784	0.00784
1	0.02818	0.03403	0.02663	0.07612	0.17244	0.47074	0.01920	0.03129	0.02251	0.02251	0.01396	0.01720	0.01157	0.00848	0.00791	0.00232	0.01385	0.00612	0.00430	0.01067
2	0.01781	0.01671	0.02735	0.14010	0.41210	0.01704	0.02138	0.02226	0.01879	0.02568	0.02895	0.07942	0.11377	0.01126	0.00887	0.00270	0.00903	0.01038	0.00498	0.01141
3	0.01238	0.00870	0.01010	0.01002	0.01209	0.00777	0.00714	0.01456	0.01911	0.05749	0.18924	0.16589	0.30261	0.12645	0.01527	0.00374	0.00511	0.01700	0.00793	0.00740
4	0.02018	0.01909	0.03228	0.04817	0.58574	0.01903	0.02435	0.02513	0.01984	0.02842	0.07734	0.02522	0.02001	0.00854	0.00858	0.00254	0.00951	0.00835	0.00472	0.01295
5	0.01273	0.00893	0.01279	0.01279	0.01438	0.01022	0.00991	0.01591	0.01432	0.02161	0.02356	0.03317	0.02136	0.05549	0.56497	0.01187	0.01988	0.00893	0.11951	0.00765
6	0.01576	0.00915	0.01203	0.01184	0.01405	0.00828	0.00866	0.01846	0.02054	0.13595	0.25070	0.32796	0.09250	0.02039	0.01013	0.00301	0.00499	0.01810	0.00886	0.00863

[dist]
# distance from previous block
# <min> <max>
0	1

[block]
# block no. 1 follows, 21 sequences, length 10
# corresponding to MSA columns:
# 8-17
name=unknown_B
#
# <colnr> <probs for GDERKNQSTAVLIFYWHMCP>
#	G	D	E	R	K	N	Q	S	T	A	V	L	I	F	Y	W	H	M	C	P
0	0.02747	0.02095	0.02292	0.01727	0.02433	0.02140	0.01416	0.42116	0.03260	0.04504	0.01867	0.01951	0.01385	0.00892	0.00778	0.00213	0.00835	0.00679	0.00736	0.25934
1	0.01096	0.00821	0.01026	0.01173	0.01280	0.00779	0.00803	0.01386	0.05301	0.02271	0.05151	0.57308	0.13426	0.02508	0.01062	0.00334	0.00496	0.02249	0.00794	0.00734
2	0.01079	0.00758	0.00975	0.01131	0.01170	0.00720	0.00732	0.01196	0.01546	0.02062	0.04266	0.56010	0.05093	0.16925	0.01772	0.00447	0.00564	0.02169	0.00732	0.00654
3	0.17259	0.00931	0.01139	0.01111	0.01222	0.00987	0.00778	0.01403	0.01180	0.01973	0.01416	0.02332	0.01360	0.02498	0.02734	0.59385	0.00722	0.00680	0.00403	0.00486
4	0.01928	0.01840	0.03132	0.27698	0.43705	0.01975	0.02523	0.02455	0.01853	0.02563	0.01569	0.02164	0.01272	0.00791	0.00845	0.00264	0.01055	0.00758	0.00406	0.01204
5	0.01803	0.01797	0.02705	0.02270	0.02372	0.02387	0.07678	0.02055	0.01380	0.02107	0.01308	0.02072	0.01248	0.01966	0.09839	0.00476	0.54426	0.00789	0.00388	0.00933
6	0.02603	0.02949	0.02872	0.03595	0.31976	0.31899	0.02082	0.03100	0.06167	0.02509	0.01591	0.01912	0.01313	0.00839	0.00809	0.00240	0.01231	0.00674	0.00458	0.01181
7	0.02087	0.01402	0.01856	0.02051	0.13975	0.01367	0.01319	0.02824	0.13676	0.16879	0.13373	0.04607	0.18223	0.01387	0.00914	0.00273	0.00651	0.01189	0.00813	0.01135
8	0.01246	0.01322	0.07608	0.01528	0.07709	0.00996	0.01143	0.01621	0.02054	0.02723	0.24243	0.09691	0.31368	0.01784	0.00974	0.00279	0.00564	0.01533	0.00757	0.00858
9	0.11713	0.01907	0.01880	0.02244	0.15063	0.15863	0.01407	0.02212	0.01886	0.02519	0.03093	0.16487	0.08705	0.04884	0.01051	0.00309	0.00893	0.06370	0.00585	0.00929

[dist]
# distance from previous block
# <min> <max>
0	30

[block]
# block no. 2 follows, 21 sequences, length 11
# corresponding to MSA columns:
# 48-58
name=unknown_C
#
# <colnr> <probs for GDERKNQSTAVLIFYWHMCP>
#	G	D	E	R	K	N	Q	S	T	A	V	L	I	F	Y	W	H	M	C	P
0	0.02841	0.02908	0.02273	0.01965	0.02441	0.32257	0.01531	0.22458	0.05693	0.03218	0.01808	0.02062	0.01444	0.01795	0.11065	0.00413	0.01412	0.00696	0.00598	0.01120
1	0.02257	0.02224	0.02546	0.03208	0.28912	0.14350	0.01861	0.03205	0.18448	0.02899	0.02177	0.02402	0.01728	0.00913	0.00807	0.00250	0.00953	0.00776	0.08868	0.01216
2	0.01629	0.01127	0.01334	0.01329	0.01591	0.01142	0.00974	0.02417	0.18440	0.09465	0.04694	0.36774	0.11629	0.02018	0.00992	0.00314	0.00560	0.01778	0.00839	0.00955
3	0.17192	0.01396	0.01622	0.08733	0.02225	0.01407	0.01164	0.04880	0.05116	0.20640	0.07612	0.03741	0.14692	0.01227	0.00818	0.00265	0.00677	0.00984	0.00766	0.04843
4	0.01944	0.09269	0.03343	0.15293	0.20378	0.05154	0.13529	0.02414	0.01791	0.02391	0.01585	0.02185	0.01326	0.01460	0.08374	0.00391	0.06894	0.00779	0.00410	0.01090
5	0.02031	0.02121	0.02583	0.36831	0.14355	0.15223	0.02105	0.02495	0.01894	0.02320	0.01486	0.02035	0.01175	0.00817	0.00808	0.00248	0.01141	0.00686	0.00412	0.09234
6	0.01553	0.01143	0.01566	0.12014	0.02139	0.01245	0.01146	0.01798	0.01632	0.06511	0.10240	0.10589	0.03183	0.22355	0.06433	0.00519	0.08439	0.01166	0.00590	0.05739
7	0.01493	0.01093	0.01357	0.01267	0.01389	0.01219	0.00899	0.08087	0.01588	0.02189	0.02381	0.04235	0.02478	0.37927	0.23401	0.00902	0.05797	0.01051	0.00524	0.00723
8	0.01796	0.01607	0.02005	0.01759	0.01973	0.01974	0.01439	0.08797	0.08652	0.02682	0.03592	0.04126	0.17519	0.01624	0.01807	0.00330	0.31899	0.04835	0.00613	0.00972
9	0.02595	0.02285	0.02450	0.16467	0.03246	0.11013	0.01746	0.28847	0.05490	0.03668	0.01774	0.02037	0.01340	0.00978	0.00982	0.00258	0.06562	0.00721	0.00626	0.06914
10	0.05972	0.02529	0.09381	0.02346	0.09491	0.14505	0.01834	0.11634	0.02093	0.02833	0.01549	0.01985	0.01296	0.01615	0.08606	0.00395	0.16290	0.00693	0.00486	0.04468

[dist]
# distance from previous block
# <min> <max>
2	12

[block]
# block no. 3 follows, 21 sequences, length 24
# corresponding to MSA columns:
# 71-94
name=unknown_D
#
# <colnr> <probs for GDERKNQSTAVLIFYWHMCP>
#	G	D	E	R	K	N	Q	S	T	A	V	L	I	F	Y	W	H	M	C	P
0	0.02675	0.02179	0.02130	0.01927	0.05724	0.14213	0.01428	0.20625	0.08747	0.11629	0.06615	0.10250	0.02487	0.01218	0.00865	0.00258	0.00902	0.00986	0.00760	0.04383
1	0.02454	0.07088	0.02172	0.01735	0.02222	0.25591	0.01362	0.12246	0.10583	0.02870	0.02856	0.02924	0.10777	0.01406	0.04487	0.00299	0.01097	0.00833	0.00614	0.06385
2	0.23374	0.01221	0.01280	0.04628	0.01649	0.01300	0.00902	0.05282	0.01680	0.07218	0.02938	0.15011	0.06710	0.21220	0.01811	0.00442	0.00708	0.01173	0.00635	0.00820
3	0.05863	0.10807	0.03009	0.05231	0.23125	0.10779	0.01924	0.22852	0.02645	0.03497	0.01642	0.01893	0.01292	0.00864	0.00786	0.00242	0.01030	0.00683	0.00566	0.01271
4	0.02352	0.23304	0.08867	0.02013	0.05864	0.26063	0.01678	0.02691	0.01933	0.02136	0.01488	0.01870	0.01295	0.01823	0.12731	0.00424	0.01428	0.00606	0.00411	0.01023
5	0.01934	0.01809	0.02209	0.16442	0.13164	0.05805	0.01705	0.03231	0.28751	0.02890	0.03243	0.03322	0.09591	0.01131	0.00870	0.00277	0.00850	0.00962	0.00653	0.01162
6	0.02793	0.03050	0.07228	0.02638	0.13733	0.30129	0.01881	0.09545	0.07034	0.07927	0.01782	0.01963	0.01376	0.00931	0.00904	0.00249	0.04419	0.00681	0.00554	0.01183
7	0.02069	0.01984	0.02824	0.08593	0.38213	0.05532	0.02113	0.02910	0.13742	0.02830	0.02173	0.02478	0.03730	0.00887	0.00834	0.00252	0.00937	0.00803	0.00523	0.06573
8	0.01666	0.01414	0.01350	0.01245	0.01552	0.10052	0.00945	0.02120	0.06329	0.07199	0.32247	0.05734	0.21574	0.01646	0.00952	0.00267	0.00607	0.01386	0.00831	0.00886
9	0.02072	0.01987	0.03392	0.09546	0.60730	0.02013	0.02595	0.02582	0.01921	0.02739	0.01595	0.02117	0.01333	0.00765	0.00843	0.00255	0.01019	0.00758	0.00418	0.01320
10	0.01801	0.01751	0.02988	0.20532	0.20996	0.02000	0.09870	0.02262	0.01687	0.02366	0.01582	0.02281	0.01336	0.01630	0.09540	0.00429	0.14677	0.00806	0.00406	0.01059
11	0.01167	0.00854	0.01075	0.01069	0.01244	0.00788	0.00783	0.01476	0.02124	0.02911	0.41078	0.14729	0.14694	0.07883	0.01312	0.00335	0.00472	0.04402	0.00855	0.00752
12	0.02053	0.02161	0.07542	0.07440	0.50177	0.02028	0.06140	0.02737	0.06141	0.02798	0.01728	0.02178	0.01403	0.00790	0.00852	0.00260	0.01035	0.00779	0.00446	0.01312
13	0.01586	0.00793	0.00793	0.00793	0.00991	0.00793	0.00595	0.01983	0.01785	0.03173	0.02776	0.03173	0.02181	0.00991	0.00595	0.00198	0.00397	0.00793	0.74817	0.00793
14	0.01873	0.01874	0.02078	0.01796	0.02061	0.11335	0.01436	0.02128	0.01598	0.02209	0.01625	0.05298	0.01552	0.02184	0.13974	0.00481	0.27652	0.00773	0.00447	0.17627
15	0.02630	0.03014	0.02893	0.10285	0.21045	0.34329	0.05650	0.05487	0.02241	0.02473	0.01475	0.01847	0.01200	0.00836	0.00816	0.00242	0.01308	0.00668	0.00444	0.01116
16	0.01586	0.00793	0.00793	0.00793	0.00991	0.00793	0.00595	0.01983	0.01785	0.03173	0.02776	0.03173	0.02181	0.00991	0.00595	0.00198	0.00397	0.00793	0.74817	0.00793
17	0.02330	0.02504	0.02463	0.02143	0.02341	0.21804	0.01724	0.07353	0.01863	0.02327	0.01329	0.01875	0.01204	0.01585	0.06179	0.00381	0.38482	0.00698	0.00437	0.00979
18	0.02513	0.02304	0.02114	0.15212	0.02918	0.19669	0.01544	0.20053	0.02592	0.03314	0.01902	0.02206	0.01454	0.00940	0.00770	0.00238	0.01018	0.00710	0.17456	0.01070
19	0.02483	0.38082	0.07940	0.01763	0.02404	0.21530	0.01615	0.06093	0.02038	0.02263	0.01366	0.01612	0.01180	0.01161	0.04949	0.00280	0.01208	0.00542	0.00419	0.01072
20	0.01032	0.00871	0.00899	0.00913	0.01193	0.00737	0.00698	0.01260	0.01941	0.02317	0.08326	0.08291	0.60173	0.02169	0.01018	0.00295	0.00456	0.05898	0.00790	0.00723
21	0.03090	0.06820	0.02532	0.01972	0.02541	0.27545	0.01576	0.33278	0.03161	0.03804	0.01742	0.01854	0.01321	0.00947	0.00791	0.00235	0.01145	0.00665	0.03758	0.01220
22	0.01346	0.01053	0.01251	0.01260	0.01489	0.01066	0.00939	0.02098	0.15776	0.02880	0.21973	0.24955	0.12931	0.01976	0.01009	0.00306	0.00519	0.05443	0.00849	0.00880
23	0.02164	0.56521	0.14068	0.01650	0.02424	0.03107	0.01745	0.02545	0.01718	0.02114	0.01234	0.01459	0.01091	0.00781	0.00705	0.00206	0.04495	0.00498	0.00364	0.01110

[dist]
# distance from previous block
# <min> <max>
0	1

[block]
# block no. 4 follows, 21 sequences, length 22
# corresponding to MSA columns:
# 96-117
name=unknown_E
#
# <colnr> <probs for GDERKNQSTAVLIFYWHMCP>
#	G	D	E	R	K	N	Q	S	T	A	V	L	I	F	Y	W	H	M	C	P
0	0.01546	0.01298	0.01404	0.01333	0.01628	0.03596	0.01002	0.02580	0.23379	0.03113	0.26121	0.14174	0.12058	0.01684	0.00959	0.00286	0.00553	0.01457	0.00857	0.00973
1	0.01204	0.00870	0.01138	0.01071	0.01271	0.00803	0.00803	0.01606	0.02409	0.03413	0.64335	0.06357	0.08030	0.01740	0.01004	0.00268	0.00401	0.01539	0.00937	0.00803
2	0.02087	0.01704	0.01938	0.01414	0.02153	0.01465	0.01142	0.15270	0.02256	0.03342	0.01629	0.01826	0.01301	0.00716	0.00679	0.00154	0.00697	0.00562	0.00580	0.59085
3	0.01122	0.00776	0.00962	0.01076	0.01104	0.00748	0.00673	0.01207	0.01463	0.01950	0.03836	0.42339	0.04551	0.31334	0.02466	0.00549	0.00635	0.01917	0.00673	0.00617
4	0.02692	0.02351	0.02037	0.01702	0.02175	0.17824	0.01331	0.30526	0.02946	0.03757	0.02399	0.02733	0.05225	0.07026	0.01105	0.00290	0.00970	0.00816	0.10973	0.01121
5	0.01586	0.00793	0.00793	0.00793	0.00991	0.00793	0.00595	0.01983	0.01785	0.03173	0.02776	0.03173	0.02181	0.00991	0.00595	0.00198	0.00397	0.00793	0.74817	0.00793
6	0.01945	0.02417	0.11542	0.03259	0.09038	0.02231	0.34945	0.02547	0.01805	0.02561	0.01540	0.02113	0.01228	0.00921	0.01404	0.00303	0.17794	0.00875	0.00407	0.01125
7	0.02200	0.01722	0.01799	0.01536	0.01958	0.06613	0.01206	0.18541	0.13726	0.07120	0.28725	0.04081	0.04452	0.01340	0.00912	0.00264	0.00697	0.01117	0.00869	0.01121
8	0.01924	0.01118	0.01153	0.01031	0.01328	0.01171	0.00804	0.14247	0.02238	0.03621	0.02626	0.02942	0.02031	0.00998	0.00647	0.00210	0.00507	0.00788	0.59688	0.00927
9	0.02599	0.02171	0.02990	0.03635	0.34738	0.02296	0.02119	0.28581	0.05719	0.03944	0.01881	0.02129	0.01450	0.00892	0.00847	0.00256	0.00963	0.00771	0.00630	0.01391
10	0.03470	0.01526	0.01965	0.01559	0.02181	0.01428	0.01270	0.04224	0.14873	0.52730	0.03379	0.02954	0.02207	0.01074	0.00858	0.00269	0.00714	0.00878	0.01015	0.01428
11	0.01236	0.01059	0.01813	0.01676	0.01892	0.00990	0.13247	0.01500	0.01707	0.02286	0.04083	0.55784	0.04741	0.02268	0.01069	0.00334	0.00686	0.02130	0.00716	0.00785
12	0.01079	0.00801	0.00944	0.01027	0.01144	0.00734	0.00688	0.01227	0.01672	0.02153	0.08166	0.34288	0.22727	0.17271	0.01771	0.00430	0.00544	0.01933	0.00737	0.00666
13	0.02504	0.02610	0.02304	0.01941	0.02380	0.24176	0.01536	0.11040	0.07307	0.02794	0.01590	0.01865	0.01308	0.01012	0.01228	0.00246	0.16715	0.00649	0.00529	0.16266
14	0.01266	0.00999	0.01192	0.01054	0.01391	0.00848	0.00803	0.01613	0.02152	0.02985	0.36634	0.05906	0.21682	0.01624	0.00928	0.00244	0.00456	0.01396	0.00809	0.16016
15	0.01978	0.51254	0.08429	0.01475	0.02105	0.02714	0.01449	0.02281	0.01714	0.02090	0.01927	0.15341	0.02019	0.01131	0.00677	0.00222	0.00851	0.00870	0.00451	0.01023
16	0.01928	0.01238	0.01457	0.01282	0.01666	0.01216	0.00999	0.05166	0.14822	0.14998	0.25475	0.05271	0.17900	0.01551	0.00942	0.00275	0.00547	0.01315	0.00909	0.01045
17	0.01265	0.00857	0.01019	0.01059	0.01099	0.00857	0.00691	0.01345	0.01385	0.01833	0.03055	0.06393	0.03463	0.56237	0.03686	0.00736	0.00817	0.13063	0.00570	0.00570
18	0.02234	0.02345	0.03076	0.16120	0.41270	0.15222	0.02368	0.02692	0.01991	0.02527	0.01526	0.02019	0.01257	0.00799	0.00829	0.00252	0.01141	0.00715	0.00417	0.01200
19	0.01762	0.01888	0.02179	0.01799	0.02193	0.15550	0.14979	0.02051	0.01916	0.02218	0.04204	0.04828	0.23360	0.15437	0.01633	0.00382	0.00986	0.01224	0.00574	0.00835
20	0.01232	0.00848	0.01043	0.01043	0.01083	0.00888	0.00659	0.01311	0.01272	0.01735	0.02576	0.04986	0.02841	0.53401	0.20677	0.00967	0.01206	0.01152	0.00500	0.00580
21	0.03139	0.03458	0.02427	0.02101	0.02611	0.44885	0.01621	0.20273	0.06071	0.03103	0.01638	0.01767	0.01276	0.00933	0.00797	0.00233	0.01318	0.00633	0.00580	0.01138

[dist]
# distance from previous block
# <min> <max>
8	37

[block]
# block no. 5 follows, 21 sequences, length 76
# corresponding to MSA columns:
# 156-231
name=unknown_F
#
# <colnr> <probs for GDERKNQSTAVLIFYWHMCP>
#	G	D	E	R	K	N	Q	S	T	A	V	L	I	F	Y	W	H	M	C	P
0	0.02561	0.01516	0.04413	0.01468	0.01994	0.01356	0.01222	0.06656	0.11786	0.28394	0.21257	0.03818	0.03821	0.01241	0.00888	0.00262	0.00651	0.01044	0.00923	0.04730
1	0.02646	0.02674	0.02326	0.02240	0.08140	0.23645	0.01604	0.13058	0.28053	0.03283	0.02355	0.02353	0.01803	0.01005	0.00829	0.00257	0.01032	0.00775	0.00681	0.01243
2	0.01216	0.00912	0.01368	0.01368	0.01520	0.01064	0.01064	0.01520	0.01368	0.01976	0.02279	0.03343	0.02127	0.06382	0.66720	0.01368	0.02279	0.00912	0.00456	0.00760
3	0.02263	0.60109	0.04060	0.01490	0.02140	0.06422	0.01434	0.02537	0.01749	0.02076	0.01280	0.01501	0.01157	0.00785	0.00659	0.00193	0.03893	0.00492	0.04699	0.01062
4	0.01008	0.00854	0.00870	0.00883	0.01155	0.00717	0.00656	0.01219	0.01920	0.02291	0.08370	0.12114	0.60677	0.02188	0.01011	0.00291	0.00435	0.01836	0.00790	0.00717
5	0.02275	0.70604	0.04459	0.01456	0.02184	0.03367	0.01456	0.02548	0.01729	0.02002	0.01183	0.01365	0.01092	0.00728	0.00546	0.00182	0.00910	0.00455	0.00364	0.01092
6	0.02106	0.02022	0.03454	0.05223	0.64784	0.02022	0.02612	0.02612	0.01938	0.02780	0.01601	0.02106	0.01348	0.00758	0.00842	0.00253	0.01011	0.00758	0.00421	0.01348
7	0.24037	0.02785	0.02040	0.01762	0.02288	0.30590	0.01381	0.11131	0.02355	0.11747	0.01658	0.01748	0.01233	0.00896	0.00722	0.00243	0.01093	0.00595	0.00604	0.01094
8	0.01507	0.01359	0.01858	0.01679	0.01754	0.01739	0.01338	0.01712	0.01445	0.02092	0.05448	0.06591	0.08734	0.09098	0.16099	0.00610	0.34575	0.01054	0.00494	0.00816
9	0.01037	0.00741	0.00987	0.01185	0.01234	0.00691	0.00790	0.01185	0.01629	0.02172	0.04690	0.69537	0.05629	0.02666	0.01086	0.00346	0.00494	0.02419	0.00790	0.00691
10	0.02036	0.01950	0.03328	0.14046	0.56509	0.02004	0.02577	0.02550	0.01905	0.02695	0.01588	0.02129	0.01318	0.00771	0.00844	0.00257	0.01028	0.00758	0.00415	0.01291
11	0.02067	0.02241	0.08947	0.04909	0.56863	0.02024	0.05198	0.02624	0.01928	0.02770	0.01600	0.02087	0.01322	0.00761	0.00846	0.00256	0.01051	0.00758	0.00416	0.01332
12	0.02106	0.02022	0.03454	0.05223	0.64784	0.02022	0.02612	0.02612	0.01938	0.02780	0.01601	0.02106	0.01348	0.00758	0.00842	0.00253	0.01011	0.00758	0.00421	0.01348
13	0.01238	0.00825	0.00928	0.00928	0.00928	0.00825	0.00516	0.01238	0.01238	0.01650	0.02681	0.05569	0.03094	0.70092	0.04331	0.00825	0.00825	0.01238	0.00516	0.00516
14	0.03179	0.04056	0.02412	0.02192	0.02631	0.66676	0.01644	0.03398	0.02412	0.02083	0.01315	0.01535	0.01096	0.00877	0.00767	0.00219	0.01535	0.00548	0.00438	0.00987
15	0.02225	0.50017	0.18023	0.01737	0.02559	0.08506	0.01851	0.02654	0.01803	0.02165	0.01272	0.01477	0.01089	0.00759	0.00624	0.00205	0.01042	0.00502	0.00369	0.01120
16	0.01006	0.00862	0.00862	0.00862	0.01149	0.00718	0.00647	0.01221	0.01940	0.02299	0.08621	0.08190	0.64438	0.02155	0.01006	0.00287	0.00431	0.01796	0.00790	0.00718
17	0.02009	0.02296	0.05022	0.03587	0.04448	0.02152	0.61693	0.02726	0.02009	0.02726	0.01722	0.02296	0.01291	0.00717	0.01004	0.00287	0.01435	0.01004	0.00430	0.01148
18	0.02347	0.02478	0.03220	0.04543	0.50835	0.16532	0.02395	0.02788	0.02044	0.02624	0.01537	0.01978	0.01291	0.00785	0.00826	0.00245	0.01129	0.00711	0.00425	0.01267
19	0.01014	0.00829	0.00896	0.00949	0.01172	0.00711	0.00685	0.01211	0.01856	0.02265	0.07557	0.24792	0.48523	0.02294	0.01028	0.00303	0.00448	0.01965	0.00790	0.00711
20	0.01216	0.00912	0.01368	0.01368	0.01520	0.01064	0.01064	0.01520	0.01368	0.01976	0.02279	0.03343	0.02127	0.06382	0.66720	0.01368	0.02279	0.00912	0.00456	0.00760
21	0.01862	0.01862	0.02607	0.02234	0.02234	0.02607	0.01862	0.02048	0.01303	0.02048	0.01117	0.01862	0.01117	0.01489	0.02793	0.00372	0.68535	0.00745	0.00372	0.00931
22	0.01765	0.01513	0.01765	0.01260	0.02017	0.01134	0.01008	0.02143	0.01765	0.02773	0.01513	0.01765	0.01260	0.00630	0.00630	0.00126	0.00630	0.00504	0.00504	0.75295
23	0.02275	0.70604	0.04459	0.01456	0.02184	0.03367	0.01456	0.02548	0.01729	0.02002	0.01183	0.01365	0.01092	0.00728	0.00546	0.00182	0.00910	0.00455	0.00364	0.01092
24	0.02000	0.01949	0.03426	0.17306	0.47622	0.02009	0.08130	0.02537	0.01898	0.02657	0.01595	0.02156	0.01301	0.00772	0.00859	0.00262	0.01075	0.00781	0.00414	0.01251
25	0.02746	0.03335	0.02476	0.02206	0.02500	0.45610	0.01716	0.02954	0.02047	0.02071	0.01250	0.01642	0.01103	0.01078	0.01433	0.00270	0.23564	0.00613	0.00417	0.00968
26	0.03625	0.01758	0.02167	0.01661	0.02327	0.01710	0.01372	0.23274	0.02954	0.45514	0.02922	0.02614	0.01888	0.01043	0.00854	0.00261	0.00794	0.00826	0.00986	0.01448
27	0.01972	0.02203	0.04698	0.10252	0.07320	0.02119	0.52955	0.02664	0.01974	0.02672	0.01695	0.02284	0.01278	0.00733	0.00981	0.00285	0.01385	0.00968	0.00425	0.01136
28	0.03182	0.03969	0.02419	0.02180	0.02631	0.63352	0.01643	0.06437	0.02494	0.02253	0.01353	0.01561	0.01114	0.00884	0.00772	0.00221	0.01504	0.00559	0.00460	0.01010
29	0.01741	0.02420	0.22937	0.01849	0.02609	0.01547	0.07114	0.06173	0.04663	0.03106	0.15816	0.03003	0.02838	0.01011	0.00828	0.00238	0.00866	0.00873	0.04441	0.15924
30	0.01812	0.03693	0.45647	0.02903	0.07444	0.02027	0.18958	0.02699	0.01862	0.02708	0.01584	0.01950	0.01151	0.00781	0.00863	0.00273	0.01291	0.00738	0.00382	0.01233
31	0.01103	0.00825	0.01083	0.04021	0.01454	0.00780	0.00869	0.01336	0.01830	0.02431	0.15826	0.44224	0.13675	0.02338	0.01055	0.00323	0.00510	0.04788	0.00798	0.00730
32	0.01975	0.22959	0.45123	0.02105	0.03182	0.02332	0.02570	0.02728	0.01810	0.05705	0.01524	0.01731	0.01135	0.00798	0.00737	0.00244	0.01132	0.00591	0.00396	0.01221
33	0.01953	0.02613	0.17877	0.08076	0.27465	0.02046	0.22141	0.02640	0.01914	0.02705	0.01618	0.02109	0.01255	0.00762	0.00889	0.00270	0.01214	0.00810	0.00408	0.01236
34	0.01045	0.00864	0.00917	0.00904	0.01174	0.00735	0.00678	0.01298	0.02033	0.02521	0.19748	0.07824	0.53173	0.02072	0.01005	0.00283	0.00425	0.01745	0.00820	0.00735
35	0.03179	0.04056	0.02412	0.02192	0.02631	0.66676	0.01644	0.03398	0.02412	0.02083	0.01315	0.01535	0.01096	0.00877	0.00767	0.00219	0.01535	0.00548	0.00438	0.00987
36	0.01754	0.08155	0.59352	0.02422	0.03631	0.02065	0.05721	0.02688	0.01802	0.02656	0.01516	0.01794	0.01089	0.00800	0.00802	0.00265	0.01246	0.00636	0.00363	0.01243
37	0.01356	0.00904	0.01186	0.01096	0.01324	0.00829	0.00829	0.01754	0.02410	0.07015	0.60790	0.06156	0.07685	0.01700	0.00995	0.00267	0.00420	0.01499	0.00944	0.00840
38	0.03235	0.02384	0.02554	0.01958	0.02639	0.02639	0.01618	0.61946	0.04001	0.05363	0.02043	0.02043	0.01447	0.01022	0.00851	0.00255	0.00936	0.00766	0.00851	0.01447
39	0.03235	0.02384	0.02554	0.01958	0.02639	0.02639	0.01618	0.61946	0.04001	0.05363	0.02043	0.02043	0.01447	0.01022	0.00851	0.00255	0.00936	0.00766	0.00851	0.01447
40	0.01216	0.00912	0.01368	0.01368	0.01520	0.01064	0.01064	0.01520	0.01368	0.01976	0.02279	0.03343	0.02127	0.06382	0.66720	0.01368	0.02279	0.00912	0.00456	0.00760
41	0.01039	0.00774	0.00954	0.01095	0.01199	0.00704	0.00742	0.01196	0.01686	0.02178	0.05548	0.51643	0.19758	0.05736	0.01220	0.00354	0.00494	0.02212	0.00777	0.00689
42	0.03179	0.04056	0.02412	0.02192	0.02631	0.66676	0.01644	0.03398	0.02412	0.02083	0.01315	0.01535	0.01096	0.00877	0.00767	0.00219	0.01535	0.00548	0.00438	0.00987
43	0.06092	0.02943	0.02448	0.02088	0.02494	0.30107	0.01657	0.19701	0.02554	0.03085	0.01469	0.01752	0.01193	0.01062	0.01270	0.00268	0.17516	0.00654	0.00544	0.01101
44	0.03818	0.01448	0.01975	0.01514	0.02172	0.01251	0.01251	0.04147	0.02436	0.65373	0.03357	0.02897	0.02107	0.01053	0.00856	0.00263	0.00724	0.00856	0.01053	0.01448
45	0.01216	0.00912	0.01368	0.01368	0.01520	0.01064	0.01064	0.01520	0.01368	0.01976	0.02279	0.03343	0.02127	0.06382	0.66720	0.01368	0.02279	0.00912	0.00456	0.00760
46	0.06658	0.01835	0.03087	0.26961	0.36512	0.01976	0.05853	0.02457	0.01828	0.02630	0.01550	0.02128	0.01242	0.00790	0.00835	0.00266	0.01056	0.00753	0.00413	0.01167
47	0.01859	0.01582	0.01690	0.01537	0.01957	0.01771	0.01189	0.03730	0.47647	0.03386	0.12212	0.04212	0.10873	0.01355	0.00901	0.00286	0.00608	0.01141	0.00866	0.01198
48	0.01037	0.00741	0.00987	0.01185	0.01234	0.00691	0.00790	0.01185	0.01629	0.02172	0.04690	0.69537	0.05629	0.02666	0.01086	0.00346	0.00494	0.02419	0.00790	0.00691
49	0.01942	0.01689	0.02731	0.02181	0.02665	0.01690	0.21035	0.17875	0.02386	0.03204	0.03009	0.29452	0.03089	0.01587	0.00997	0.00302	0.00921	0.01514	0.00688	0.01043
50	0.03179	0.04056	0.02412	0.02192	0.02631	0.66676	0.01644	0.03398	0.02412	0.02083	0.01315	0.01535	0.01096	0.00877	0.00767	0.00219	0.01535	0.00548	0.00438	0.00987
51	0.02275	0.70604	0.04459	0.01456	0.02184	0.03367	0.01456	0.02548	0.01729	0.02002	0.01183	0.01365	0.01092	0.00728	0.00546	0.00182	0.00910	0.00455	0.00364	0.01092
52	0.01142	0.00867	0.01051	0.01005	0.01233	0.00776	0.00754	0.01485	0.02261	0.03061	0.46753	0.06935	0.25831	0.01871	0.01004	0.00274	0.00411	0.01620	0.00891	0.00776
53	0.02148	0.55747	0.18199	0.01674	0.02521	0.03055	0.01835	0.02581	0.01744	0.02158	0.01260	0.01462	0.01089	0.00746	0.00605	0.00202	0.00988	0.00494	0.00363	0.01129
54	0.01607	0.01513	0.02552	0.68047	0.05861	0.01891	0.02363	0.02174	0.01702	0.02174	0.01513	0.02269	0.01134	0.00851	0.00851	0.00284	0.01134	0.00756	0.00378	0.00945
55	0.03818	0.01448	0.01975	0.01514	0.02172	0.01251	0.01251	0.04147	0.02436	0.65373	0.03357	0.02897	0.02107	0.01053	0.00856	0.00263	0.00724	0.00856	0.01053	0.01448
56	0.01177	0.00887	0.01059	0.01135	0.01302	0.00829	0.00802	0.05103	0.01911	0.02477	0.08708	0.44259	0.22480	0.02366	0.01044	0.00319	0.00499	0.02088	0.00801	0.00753
57	0.01216	0.00912	0.01368	0.01368	0.01520	0.01064	0.01064	0.01520	0.01368	0.01976	0.02279	0.03343	0.02127	0.06382	0.66720	0.01368	0.02279	0.00912	0.00456	0.00760
58	0.01052	0.00780	0.00987	0.01145	0.01251	0.00715	0.00799	0.01229	0.01712	0.02222	0.05464	0.53451	0.17327	0.02544	0.01076	0.00337	0.00500	0.05917	0.00790	0.00703
59	0.01163	0.00840	0.01126	0.01311	0.01431	0.00803	0.01003	0.01409	0.01775	0.02324	0.04871	0.42668	0.09110	0.02513	0.01115	0.00360	0.00601	0.24061	0.00788	0.00728
60	0.02549	0.16498	0.09023	0.06074	0.16756	0.18844	0.01997	0.13250	0.02355	0.02864	0.01511	0.01781	0.01214	0.00838	0.00763	0.00234	0.01140	0.00633	0.00482	0.01193
61	0.01322	0.01218	0.01366	0.01607	0.10283	0.04757	0.01029	0.01603	0.02009	0.02464	0.11929	0.06843	0.44188	0.01855	0.00976	0.00281	0.00590	0.04115	0.00730	0.00834
62	0.01889	0.02445	0.15189	0.03634	0.22125	0.01939	0.27376	0.02536	0.01912	0.02683	0.01938	0.08682	0.01691	0.00936	0.00928	0.00279	0.01184	0.01000	0.00450	0.01184
63	0.01216	0.00912	0.01368	0.01368	0.01520	0.01064	0.01064	0.01520	0.01368	0.01976	0.02279	0.03343	0.02127	0.06382	0.66720	0.01368	0.02279	0.00912	0.00456	0.00760
64	0.02973	0.19202	0.02878	0.02025	0.02529	0.52268	0.01601	0.03205	0.02256	0.02064	0.01285	0.01496	0.01095	0.00843	0.00717	0.00211	0.01393	0.00527	0.00422	0.01011
65	0.01216	0.00912	0.01368	0.01368	0.01520	0.01064	0.01064	0.01520	0.01368	0.01976	0.02279	0.03343	0.02127	0.06382	0.66720	0.01368	0.02279	0.00912	0.00456	0.00760
66	0.01937	0.01800	0.03058	0.04329	0.47913	0.01794	0.05004	0.02426	0.01946	0.02725	0.02258	0.03796	0.02142	0.01114	0.00925	0.00286	0.00979	0.13853	0.00503	0.01212
67	0.01006	0.00862	0.00862	0.00862	0.01149	0.00718	0.00647	0.01221	0.01940	0.02299	0.08621	0.08190	0.64438	0.02155	0.01006	0.00287	0.00431	0.01796	0.00790	0.00718
68	0.02406	0.01838	0.02255	0.01956	0.08144	0.01809	0.01443	0.19256	0.02424	0.09018	0.01794	0.01987	0.01382	0.00881	0.00961	0.00213	0.07924	0.00659	0.00630	0.33020
69	0.01740	0.08253	0.62122	0.02369	0.03596	0.02057	0.03046	0.02687	0.01793	0.02655	0.01507	0.01772	0.01079	0.00804	0.00793	0.00264	0.01237	0.00619	0.00360	0.01248
70	0.01904	0.27345	0.44466	0.02090	0.03164	0.02458	0.02559	0.02644	0.01773	0.02455	0.01408	0.01647	0.01083	0.00781	0.00718	0.00239	0.01137	0.00569	0.00361	0.01200
71	0.01707	0.04402	0.65683	0.02426	0.03683	0.01976	0.03144	0.02695	0.01797	0.02695	0.01527	0.01797	0.01078	0.00809	0.00809	0.00270	0.01258	0.00629	0.00359	0.01258
72	0.02824	0.03237	0.02056	0.01866	0.02263	0.48567	0.01407	0.06119	0.02353	0.02498	0.01681	0.01929	0.01358	0.00910	0.00733	0.00216	0.01248	0.00614	0.17152	0.00967
73	0.01163	0.00831	0.01132	0.01329	0.01433	0.00800	0.01009	0.01403	0.01753	0.02313	0.04621	0.46975	0.05353	0.02547	0.01120	0.00363	0.00603	0.23738	0.00788	0.00726
74	0.01954	0.33170	0.39078	0.02004	0.03032	0.02581	0.02411	0.02631	0.01767	0.02394	0.01378	0.01609	0.01084	0.00774	0.00694	0.00231	0.01107	0.00553	0.00361	0.01186
75	0.02275	0.70604	0.04459	0.01456	0.02184	0.03367	0.01456	0.02548	0.01729	0.02002	0.01183	0.01365	0.01092	0.00728	0.00546	0.00182	0.00910	0.00455	0.00364	0.01092

[dist]
# distance from previous block
# <min> <max>
0	1

[block]
# block no. 6 follows, 21 sequences, length 46
# corresponding to MSA columns:
# 233-278
name=unknown_G
#
# <colnr> <probs for GDERKNQSTAVLIFYWHMCP>
#	G	D	E	R	K	N	Q	S	T	A	V	L	I	F	Y	W	H	M	C	P
0	0.02293	0.22498	0.30814	0.02022	0.02969	0.02553	0.02242	0.19184	0.02393	0.03244	0.01574	0.01744	0.01185	0.00845	0.00746	0.00241	0.01070	0.00618	0.00498	0.01264
1	0.01798	0.07734	0.51092	0.02652	0.06265	0.02081	0.11267	0.02688	0.01829	0.02664	0.01538	0.01856	0.01120	0.00789	0.00823	0.00266	0.01253	0.00677	0.00372	0.01237
2	0.01238	0.00825	0.00928	0.00928	0.00928	0.00825	0.00516	0.01238	0.01238	0.01650	0.02681	0.05569	0.03094	0.70092	0.04331	0.00825	0.00825	0.01238	0.00516	0.00516
3	0.01037	0.00741	0.00987	0.01185	0.01234	0.00691	0.00790	0.01185	0.01629	0.02172	0.04690	0.69537	0.05629	0.02666	0.01086	0.00346	0.00494	0.02419	0.00790	0.00691
4	0.02769	0.01592	0.01856	0.01513	0.01985	0.01634	0.01174	0.19078	0.10743	0.24477	0.02843	0.03389	0.02248	0.18767	0.01747	0.00409	0.00801	0.00944	0.00836	0.01195
5	0.01707	0.04402	0.65683	0.02426	0.03683	0.01976	0.03144	0.02695	0.01797	0.02695	0.01527	0.01797	0.01078	0.00809	0.00809	0.00270	0.01258	0.00629	0.00359	0.01258
6	0.01006	0.00862	0.00862	0.00862	0.01149	0.00718	0.00647	0.01221	0.01940	0.02299	0.08621	0.08190	0.64438	0.02155	0.01006	0.00287	0.00431	0.01796	0.00790	0.00718
7	0.01116	0.00864	0.01002	0.00969	0.01199	0.00766	0.00718	0.01413	0.02138	0.02820	0.36008	0.07150	0.33383	0.05304	0.01169	0.00304	0.00436	0.01641	0.00850	0.00750
8	0.01980	0.02661	0.18089	0.03987	0.28715	0.02060	0.24536	0.02673	0.01932	0.02741	0.01629	0.02106	0.01266	0.00755	0.00895	0.00269	0.01223	0.00820	0.00411	0.01254
9	0.01073	0.00865	0.00955	0.00933	0.01191	0.00747	0.00700	0.01351	0.02099	0.02676	0.27476	0.07570	0.45348	0.02015	0.01005	0.00281	0.00421	0.01709	0.00840	0.00747
10	0.03179	0.04056	0.02412	0.02192	0.02631	0.66676	0.01644	0.03398	0.02412	0.02083	0.01315	0.01535	0.01096	0.00877	0.00767	0.00219	0.01535	0.00548	0.00438	0.00987
11	0.01605	0.03687	0.52611	0.02151	0.03195	0.01739	0.02670	0.02474	0.01921	0.02840	0.14247	0.02720	0.02486	0.00997	0.00848	0.00269	0.01084	0.00813	0.00476	0.01166
12	0.01816	0.03473	0.39867	0.05950	0.04074	0.02039	0.25158	0.02682	0.01872	0.02682	0.01600	0.02007	0.01161	0.00776	0.00884	0.00277	0.01319	0.00776	0.00387	0.01202
13	0.01006	0.00862	0.00862	0.00862	0.01149	0.00718	0.00647	0.01221	0.01940	0.02299	0.08621	0.08190	0.64438	0.02155	0.01006	0.00287	0.00431	0.01796	0.00790	0.00718
14	0.23461	0.02889	0.02082	0.01813	0.02328	0.31111	0.01416	0.15084	0.06730	0.03335	0.01577	0.01710	0.01224	0.00901	0.00724	0.00244	0.01109	0.00597	0.00577	0.01087
15	0.02644	0.21847	0.03284	0.02775	0.19311	0.22907	0.01850	0.10835	0.02307	0.02691	0.01454	0.01710	0.01210	0.00823	0.00737	0.00223	0.01138	0.00608	0.00469	0.01176
16	0.01963	0.01630	0.01871	0.01354	0.02101	0.01337	0.01090	0.10199	0.02066	0.03122	0.01584	0.01802	0.01286	0.00683	0.00660	0.00143	0.00671	0.00539	0.00551	0.65347
17	0.02135	0.31315	0.29028	0.02198	0.07233	0.09924	0.02244	0.02709	0.01849	0.02347	0.01367	0.01612	0.01105	0.00780	0.00699	0.00227	0.01130	0.00558	0.00375	0.01165
18	0.03567	0.01435	0.01931	0.01529	0.02147	0.01276	0.01264	0.04004	0.05437	0.58027	0.03441	0.03365	0.02320	0.01146	0.00878	0.00273	0.00726	0.04809	0.01026	0.01398
19	0.03118	0.08570	0.02551	0.02142	0.02601	0.62381	0.01632	0.03341	0.02365	0.02077	0.01306	0.01523	0.01096	0.00867	0.00752	0.00217	0.01492	0.00542	0.00433	0.00994
20	0.01008	0.00854	0.00871	0.00884	0.01155	0.00717	0.00656	0.01219	0.01919	0.02290	0.08354	0.12351	0.60449	0.02190	0.01011	0.00291	0.00435	0.01838	0.00790	0.00717
21	0.02126	0.02482	0.23319	0.01815	0.02556	0.01681	0.01843	0.06607	0.15759	0.12875	0.08791	0.07341	0.02616	0.01146	0.00860	0.00269	0.00852	0.00952	0.00705	0.05404
22	0.01388	0.01612	0.12814	0.01609	0.01971	0.01160	0.04893	0.06364	0.01870	0.02551	0.03744	0.48184	0.04233	0.02091	0.01014	0.00321	0.00720	0.01887	0.00697	0.00879
23	0.01130	0.00807	0.01095	0.01292	0.01382	0.00772	0.00952	0.01346	0.01721	0.02277	0.04639	0.52815	0.05425	0.02578	0.01111	0.00359	0.00575	0.18220	0.00788	0.00717
24	0.02203	0.01809	0.01927	0.01721	0.02211	0.02073	0.01342	0.04503	0.60148	0.06710	0.03458	0.03161	0.02573	0.01149	0.00865	0.00287	0.00676	0.00957	0.00875	0.01352
25	0.01990	0.01903	0.03243	0.19912	0.51007	0.01991	0.02554	0.02509	0.01883	0.02639	0.01580	0.02144	0.01298	0.00780	0.00844	0.00260	0.01040	0.00758	0.00411	0.01254
26	0.01815	0.03740	0.48101	0.03140	0.18082	0.01996	0.05871	0.02677	0.01840	0.02717	0.01554	0.01894	0.01152	0.00792	0.00826	0.00266	0.01208	0.00678	0.00377	0.01274
27	0.01216	0.00912	0.01368	0.01368	0.01520	0.01064	0.01064	0.01520	0.01368	0.01976	0.02279	0.03343	0.02127	0.06382	0.66720	0.01368	0.02279	0.00912	0.00456	0.00760
28	0.02102	0.02035	0.03529	0.05145	0.61900	0.02028	0.05435	0.02617	0.01941	0.02778	0.01607	0.02115	0.01345	0.00756	0.00850	0.00254	0.01031	0.00770	0.00422	0.01338
29	0.02107	0.36001	0.17436	0.02133	0.02961	0.06295	0.14011	0.02621	0.01824	0.02301	0.01418	0.01736	0.01172	0.00983	0.03415	0.00273	0.01182	0.00627	0.00384	0.01119
30	0.02007	0.01882	0.03174	0.04731	0.56294	0.01882	0.02445	0.02497	0.01941	0.02749	0.01992	0.03116	0.01826	0.00973	0.00887	0.00271	0.00980	0.08611	0.00470	0.01272
31	0.01216	0.00912	0.01368	0.01368	0.01520	0.01064	0.01064	0.01520	0.01368	0.01976	0.02279	0.03343	0.02127	0.06382	0.66720	0.01368	0.02279	0.00912	0.00456	0.00760
32	0.01755	0.03723	0.48158	0.02637	0.03742	0.01957	0.16264	0.02647	0.01854	0.02693	0.01748	0.02373	0.01353	0.00880	0.00875	0.00281	0.01270	0.04186	0.00401	0.01205
33	0.02315	0.52149	0.12961	0.01694	0.02459	0.11696	0.01723	0.02684	0.01831	0.02112	0.01250	0.01450	0.01091	0.00760	0.00613	0.00200	0.01044	0.00492	0.00373	0.01102
34	0.01554	0.01410	0.02017	0.01822	0.01894	0.01872	0.01482	0.01797	0.01334	0.02014	0.01670	0.02567	0.01598	0.03819	0.33222	0.00846	0.36997	0.00824	0.00412	0.00849
35	0.01577	0.01175	0.01371	0.01210	0.01525	0.01159	0.00938	0.13752	0.02641	0.03593	0.40996	0.05836	0.17554	0.01674	0.00973	0.00269	0.00516	0.01432	0.00891	0.00917
36	0.07743	0.03386	0.39728	0.03259	0.23987	0.01986	0.02790	0.02652	0.01816	0.02813	0.01525	0.01868	0.01156	0.00790	0.00798	0.00263	0.01128	0.00659	0.00393	0.01261
37	0.02119	0.02614	0.15827	0.11125	0.37574	0.06571	0.02560	0.06468	0.02050	0.02814	0.01585	0.02017	0.01259	0.00804	0.00832	0.00257	0.01106	0.00718	0.00433	0.01267
38	0.01006	0.00862	0.00862	0.00862	0.01149	0.00718	0.00647	0.01221	0.01940	0.02299	0.08621	0.08190	0.64438	0.02155	0.01006	0.00287	0.00431	0.01796	0.00790	0.00718
39	0.02106	0.02022	0.03454	0.05223	0.64784	0.02022	0.02612	0.02612	0.01938	0.02780	0.01601	0.02106	0.01348	0.00758	0.00842	0.00253	0.01011	0.00758	0.00421	0.01348
40	0.01122	0.00829	0.01042	0.01190	0.01281	0.00800	0.00805	0.01424	0.05946	0.02248	0.04725	0.57635	0.08769	0.06327	0.01249	0.00365	0.00521	0.02214	0.00780	0.00729
41	0.01590	0.01462	0.02085	0.01870	0.01933	0.01957	0.01526	0.01826	0.01330	0.02018	0.01606	0.02485	0.01542	0.03549	0.29697	0.00791	0.40651	0.00815	0.00408	0.00859
42	0.01238	0.00825	0.00928	0.00928	0.00928	0.00825	0.00516	0.01238	0.01238	0.01650	0.02681	0.05569	0.03094	0.70092	0.04331	0.00825	0.00825	0.01238	0.00516	0.00516
43	0.02066	0.17744	0.15181	0.03789	0.36617	0.02320	0.05400	0.02619	0.01869	0.02589	0.01500	0.01894	0.01239	0.00759	0.00778	0.00242	0.01055	0.00679	0.00398	0.01264
44	0.01917	0.03610	0.41373	0.03005	0.14776	0.05855	0.08745	0.02814	0.04874	0.02719	0.01642	0.01955	0.01224	0.00811	0.00835	0.00266	0.01218	0.00702	0.00407	0.01251
45	0.22703	0.01850	0.02705	0.03842	0.43098	0.01923	0.02060	0.02526	0.01803	0.03055	0.01672	0.02388	0.01458	0.00870	0.00776	0.00265	0.00898	0.04441	0.00474	0.01193

[dist]
# distance from previous block
# <min> <max>
0	35

[block]
# block no. 7 follows, 21 sequences, length 25
# corresponding to MSA columns:
# 314-338
name=unknown_H
#
# <colnr> <probs for GDERKNQSTAVLIFYWHMCP>
#	G	D	E	R	K	N	Q	S	T	A	V	L	I	F	Y	W	H	M	C	P
0	0.02501	0.53980	0.03948	0.01640	0.02296	0.19182	0.01503	0.02761	0.01900	0.02022	0.01216	0.01407	0.01093	0.00765	0.00601	0.00191	0.01066	0.00478	0.00383	0.01066
1	0.01238	0.00825	0.00928	0.00928	0.00928	0.00825	0.00516	0.01238	0.01238	0.01650	0.02681	0.05569	0.03094	0.70092	0.04331	0.00825	0.00825	0.01238	0.00516	0.00516
2	0.02408	0.10559	0.27133	0.02143	0.02921	0.31968	0.02158	0.02931	0.02082	0.02324	0.01755	0.01957	0.04298	0.00900	0.00774	0.00239	0.01310	0.00634	0.00418	0.01089
3	0.02881	0.06563	0.02573	0.02127	0.02531	0.40440	0.01674	0.12564	0.02414	0.02603	0.01387	0.01674	0.01157	0.01016	0.01175	0.00254	0.14805	0.00618	0.00488	0.01055
4	0.01046	0.00864	0.00917	0.00904	0.01174	0.00735	0.00678	0.01298	0.02034	0.02522	0.19766	0.07823	0.53155	0.02072	0.01005	0.00283	0.00425	0.01745	0.00820	0.00735
5	0.01063	0.00790	0.00991	0.01098	0.01224	0.00718	0.00764	0.01273	0.01841	0.02436	0.16943	0.45119	0.17854	0.02386	0.01054	0.00319	0.00463	0.02125	0.00818	0.00718
6	0.02811	0.03262	0.02651	0.02959	0.19221	0.42247	0.01889	0.06827	0.02365	0.02499	0.01587	0.02096	0.01363	0.00923	0.00812	0.00239	0.01322	0.03348	0.00476	0.01103
7	0.03096	0.01470	0.01871	0.01493	0.02049	0.01389	0.01211	0.10466	0.07148	0.41217	0.15497	0.03514	0.03259	0.01195	0.00886	0.00265	0.00680	0.00991	0.00992	0.01311
8	0.01037	0.00741	0.00987	0.01185	0.01234	0.00691	0.00790	0.01185	0.01629	0.02172	0.04690	0.69537	0.05629	0.02666	0.01086	0.00346	0.00494	0.02419	0.00790	0.00691
9	0.02106	0.02022	0.03454	0.05223	0.64784	0.02022	0.02612	0.02612	0.01938	0.02780	0.01601	0.02106	0.01348	0.00758	0.00842	0.00253	0.01011	0.00758	0.00421	0.01348
10	0.02054	0.01968	0.03359	0.11833	0.58584	0.02008	0.02586	0.02566	0.01913	0.02716	0.01591	0.02123	0.01326	0.00768	0.00843	0.00256	0.01024	0.00758	0.00417	0.01306
11	0.01037	0.00741	0.00987	0.01185	0.01234	0.00691	0.00790	0.01185	0.01629	0.02172	0.04690	0.69537	0.05629	0.02666	0.01086	0.00346	0.00494	0.02419	0.00790	0.00691
12	0.02106	0.02022	0.03454	0.05223	0.64784	0.02022	0.02612	0.02612	0.01938	0.02780	0.01601	0.02106	0.01348	0.00758	0.00842	0.00253	0.01011	0.00758	0.00421	0.01348
13	0.01238	0.00825	0.00928	0.00928	0.00928	0.00825	0.00516	0.01238	0.01238	0.01650	0.02681	0.05569	0.03094	0.70092	0.04331	0.00825	0.00825	0.01238	0.00516	0.00516
14	0.01006	0.00862	0.00862	0.00862	0.01149	0.00718	0.00647	0.01221	0.01940	0.02299	0.08621	0.08190	0.64438	0.02155	0.01006	0.00287	0.00431	0.01796	0.00790	0.00718
15	0.03108	0.03922	0.02480	0.02392	0.06729	0.62413	0.01708	0.03346	0.02380	0.02129	0.01334	0.01572	0.01113	0.00869	0.00772	0.00221	0.01500	0.00562	0.00437	0.01010
16	0.01703	0.01611	0.02726	0.55969	0.17189	0.01916	0.02411	0.02258	0.01747	0.02291	0.01530	0.02238	0.01175	0.00833	0.00849	0.00278	0.01111	0.00757	0.00386	0.01023
17	0.01069	0.00865	0.00950	0.00929	0.01188	0.00745	0.00696	0.01344	0.02089	0.02654	0.26404	0.07605	0.46434	0.02023	0.01005	0.00281	0.00422	0.01714	0.00837	0.00745
18	0.01037	0.00741	0.00987	0.01185	0.01234	0.00691	0.00790	0.01185	0.01629	0.02172	0.04690	0.69537	0.05629	0.02666	0.01086	0.00346	0.00494	0.02419	0.00790	0.00691
19	0.01999	0.38447	0.34198	0.01927	0.02912	0.02692	0.02276	0.02620	0.01762	0.02339	0.01350	0.01575	0.01085	0.00767	0.00674	0.00225	0.01079	0.00539	0.00362	0.01173
20	0.01607	0.01513	0.02552	0.68047	0.05861	0.01891	0.02363	0.02174	0.01702	0.02174	0.01513	0.02269	0.01134	0.00851	0.00851	0.00284	0.01134	0.00756	0.00378	0.00945
21	0.01037	0.00741	0.00987	0.01185	0.01234	0.00691	0.00790	0.01185	0.01629	0.02172	0.04690	0.69537	0.05629	0.02666	0.01086	0.00346	0.00494	0.02419	0.00790	0.00691
22	0.02016	0.02275	0.04905	0.03709	0.08946	0.02142	0.57288	0.02717	0.02003	0.02730	0.01713	0.02281	0.01295	0.00720	0.00992	0.00284	0.01403	0.00986	0.00430	0.01163
23	0.03076	0.11670	0.02646	0.02108	0.02580	0.59432	0.01623	0.03301	0.02334	0.02074	0.01300	0.01515	0.01096	0.00860	0.00742	0.00215	0.01463	0.00537	0.00430	0.00999
24	0.01084	0.00829	0.00969	0.01003	0.01181	0.00742	0.00710	0.01309	0.01911	0.02483	0.20893	0.23333	0.29605	0.08434	0.01332	0.00347	0.00476	0.01842	0.00801	0.00714

[dist]
# distance from previous block
# <min> <max>
0	0

# created by:
# /home/cegg/simao/soft/augustus-3.2.1/scripts/msa2prfl.pl ./align_prep/12224.fa
