[name]
unknown

[dist]
# distance from previous block
# <min> <max>
4	46

[block]
# block no. 0 follows, 20 sequences, length 22
# corresponding to MSA columns:
# 52-73
name=unknown_A
#
# <colnr> <probs for GDERKNQSTAVLIFYWHMCP>
#	G	D	E	R	K	N	Q	S	T	A	V	L	I	F	Y	W	H	M	C	P
0	0.02021	0.02132	0.06964	0.17718	0.42505	0.02056	0.08661	0.02602	0.01936	0.02712	0.01631	0.02195	0.01315	0.00795	0.00881	0.00270	0.01121	0.00795	0.00420	0.01271
1	0.02381	0.02282	0.03211	0.06933	0.26876	0.13127	0.12475	0.02850	0.02059	0.08613	0.01857	0.02314	0.01476	0.01446	0.07873	0.00385	0.01325	0.00811	0.00501	0.01204
2	0.01409	0.01202	0.01923	0.02147	0.12625	0.01143	0.07560	0.01739	0.01935	0.02646	0.16527	0.29350	0.08511	0.05685	0.01224	0.00338	0.00698	0.01724	0.00720	0.00893
3	0.01223	0.00826	0.00965	0.01010	0.01021	0.00815	0.00591	0.01257	0.01358	0.01810	0.03207	0.19741	0.03749	0.54524	0.03700	0.00736	0.00770	0.01538	0.00591	0.00569
4	0.10357	0.15387	0.06168	0.02528	0.12985	0.24170	0.04281	0.02855	0.02057	0.02539	0.01707	0.02478	0.01535	0.00977	0.00784	0.00251	0.01172	0.06206	0.00472	0.01088
5	0.01972	0.15578	0.41740	0.02325	0.05661	0.08426	0.02597	0.02706	0.01886	0.02547	0.01688	0.05938	0.01412	0.00938	0.00797	0.00260	0.01195	0.00725	0.00407	0.01200
6	0.01973	0.01883	0.03205	0.27827	0.42882	0.02024	0.02585	0.02514	0.01898	0.02624	0.01608	0.02219	0.01302	0.00812	0.00867	0.00271	0.01082	0.00776	0.00416	0.01232
7	0.01063	0.00759	0.01012	0.01215	0.01265	0.00709	0.00810	0.01215	0.01670	0.02227	0.04808	0.68775	0.05769	0.02733	0.01113	0.00354	0.00506	0.02480	0.00810	0.00709
8	0.01839	0.01845	0.02302	0.19720	0.03277	0.13383	0.10136	0.02235	0.01914	0.02408	0.02613	0.21130	0.02605	0.01401	0.00918	0.00287	0.01013	0.01260	0.08799	0.00916
9	0.05731	0.11337	0.44228	0.02271	0.03317	0.13404	0.02653	0.02863	0.01927	0.02633	0.01472	0.01726	0.01102	0.00831	0.00778	0.00257	0.01270	0.00602	0.00392	0.01205
10	0.01750	0.04512	0.64825	0.02486	0.03775	0.02026	0.03223	0.02762	0.01842	0.02762	0.01565	0.01842	0.01105	0.00829	0.00829	0.00276	0.01289	0.00645	0.00368	0.01289
11	0.01116	0.00787	0.01016	0.01157	0.01214	0.00744	0.00762	0.01266	0.01677	0.02257	0.10170	0.51600	0.05552	0.14360	0.01690	0.00433	0.00557	0.02179	0.00775	0.00688
12	0.06043	0.02432	0.14379	0.13316	0.04023	0.02048	0.26661	0.02879	0.10536	0.02862	0.02224	0.02595	0.04115	0.00906	0.00921	0.00289	0.01188	0.00918	0.00505	0.01160
13	0.02158	0.02408	0.05677	0.24310	0.23493	0.13267	0.10976	0.02696	0.01999	0.02513	0.01576	0.02125	0.01247	0.00825	0.00876	0.00269	0.01245	0.00771	0.00420	0.01150
14	0.01078	0.00780	0.01019	0.01182	0.01263	0.00721	0.00802	0.01259	0.01768	0.02359	0.10785	0.58919	0.09624	0.02607	0.01100	0.00343	0.00493	0.02352	0.00824	0.00721
15	0.01932	0.01841	0.03131	0.32748	0.38279	0.02013	0.02564	0.02479	0.01879	0.02575	0.01601	0.02233	0.01285	0.00819	0.00867	0.00273	0.01092	0.00776	0.00412	0.01199
16	0.49824	0.14825	0.12300	0.01431	0.02132	0.02246	0.01420	0.02605	0.01596	0.03379	0.01272	0.01483	0.01003	0.00801	0.00591	0.00255	0.00823	0.00499	0.00481	0.01034
17	0.07908	0.01002	0.01391	0.01379	0.01569	0.01168	0.01077	0.01648	0.01409	0.02194	0.02236	0.03246	0.02070	0.06028	0.60026	0.01300	0.02187	0.00893	0.00474	0.00794
18	0.15816	0.07501	0.05765	0.17491	0.09976	0.02067	0.01754	0.12662	0.02155	0.03333	0.01693	0.02056	0.01308	0.00869	0.00743	0.00251	0.00907	0.00678	0.07716	0.05260
19	0.01415	0.01344	0.06861	0.01244	0.01626	0.01061	0.01052	0.01995	0.09364	0.05993	0.11964	0.15939	0.32969	0.01938	0.00999	0.00299	0.00571	0.01649	0.00809	0.00909
20	0.01115	0.00945	0.01078	0.06867	0.01629	0.00856	0.00843	0.01395	0.02033	0.02504	0.15806	0.07588	0.50231	0.02030	0.01016	0.00291	0.00502	0.01709	0.00793	0.00769
21	0.08488	0.02238	0.09667	0.14222	0.04026	0.02137	0.28525	0.02518	0.01799	0.02660	0.01594	0.02197	0.01251	0.01139	0.04000	0.00350	0.10825	0.00855	0.00426	0.01081

[dist]
# distance from previous block
# <min> <max>
8	28

[block]
# block no. 1 follows, 20 sequences, length 25
# corresponding to MSA columns:
# 102-126
name=unknown_B
#
# <colnr> <probs for GDERKNQSTAVLIFYWHMCP>
#	G	D	E	R	K	N	Q	S	T	A	V	L	I	F	Y	W	H	M	C	P
0	0.02362	0.02585	0.02903	0.15670	0.30675	0.22325	0.02219	0.02784	0.02096	0.02483	0.01867	0.02295	0.04167	0.00901	0.00848	0.00256	0.01203	0.00758	0.00447	0.01157
1	0.02056	0.01951	0.03196	0.04714	0.54180	0.01957	0.02409	0.02673	0.05890	0.02856	0.02422	0.02800	0.07149	0.00934	0.00880	0.00265	0.00960	0.00888	0.00496	0.01323
2	0.02189	0.02320	0.03023	0.16291	0.27611	0.15634	0.07326	0.02665	0.02100	0.02636	0.08000	0.02536	0.01990	0.00923	0.00880	0.00263	0.01150	0.00836	0.00483	0.01145
3	0.59742	0.01770	0.01767	0.02051	0.15059	0.01982	0.01317	0.02588	0.01592	0.03685	0.01306	0.01576	0.01039	0.00803	0.00609	0.00268	0.00752	0.00538	0.00517	0.01039
4	0.01374	0.01042	0.01351	0.01313	0.01532	0.01119	0.01004	0.06855	0.01789	0.02415	0.03924	0.10026	0.15515	0.07319	0.38191	0.00951	0.01592	0.01259	0.00609	0.00818
5	0.01063	0.00759	0.01012	0.01215	0.01265	0.00709	0.00810	0.01215	0.01670	0.02227	0.04808	0.68775	0.05769	0.02733	0.01113	0.00354	0.00506	0.02480	0.00810	0.00709
6	0.01305	0.01001	0.01516	0.01421	0.01579	0.01093	0.04789	0.01555	0.01406	0.01980	0.02417	0.04007	0.02407	0.24062	0.44182	0.01172	0.01856	0.01036	0.00483	0.00733
7	0.02700	0.02652	0.02736	0.03079	0.22102	0.20162	0.01929	0.18518	0.05223	0.03319	0.01823	0.02135	0.01461	0.01408	0.06562	0.00352	0.01267	0.00741	0.00578	0.01251
8	0.01392	0.01186	0.01976	0.01780	0.02041	0.01131	0.13599	0.04678	0.01880	0.02519	0.04019	0.51160	0.04599	0.02220	0.01083	0.00337	0.00735	0.02083	0.00735	0.00849
9	0.01031	0.00884	0.00884	0.00884	0.01178	0.00736	0.00663	0.01252	0.01988	0.02356	0.08837	0.08395	0.63549	0.02209	0.01031	0.00295	0.00442	0.01841	0.00810	0.00736
10	0.01750	0.04512	0.64825	0.02486	0.03775	0.02026	0.03223	0.02762	0.01842	0.02762	0.01565	0.01842	0.01105	0.00829	0.00829	0.00276	0.01289	0.00645	0.00368	0.01289
11	0.02680	0.01968	0.02165	0.01783	0.02299	0.02141	0.01418	0.44119	0.03415	0.04574	0.02860	0.20919	0.02693	0.01523	0.00941	0.00288	0.00832	0.01264	0.00855	0.01265
12	0.02133	0.02055	0.03450	0.05035	0.57494	0.02135	0.02597	0.02617	0.01919	0.02772	0.01589	0.02133	0.01357	0.00855	0.01072	0.00272	0.07976	0.00776	0.00427	0.01337
13	0.01286	0.00922	0.01341	0.01341	0.01501	0.01061	0.01040	0.01607	0.01446	0.02153	0.02389	0.03409	0.02186	0.05967	0.59097	0.01277	0.02136	0.00922	0.08136	0.00782
14	0.01115	0.00876	0.01007	0.00998	0.01235	0.00768	0.00739	0.01405	0.02151	0.02798	0.30156	0.12958	0.36513	0.02086	0.01037	0.00292	0.00435	0.01793	0.00870	0.00768
15	0.18625	0.03632	0.02219	0.02013	0.02482	0.52255	0.01528	0.03288	0.02262	0.02513	0.01320	0.01540	0.01086	0.00880	0.00734	0.00234	0.01382	0.00543	0.00469	0.00997
16	0.02224	0.02195	0.03478	0.05171	0.60305	0.05821	0.02619	0.02724	0.02015	0.02808	0.01624	0.02124	0.01367	0.00784	0.00859	0.00257	0.01068	0.00765	0.00433	0.01360
17	0.01052	0.00878	0.00918	0.00922	0.01195	0.00743	0.00686	0.01287	0.02017	0.02458	0.13824	0.11520	0.55112	0.02197	0.01035	0.00296	0.00442	0.01851	0.00824	0.00743
18	0.01126	0.00808	0.01005	0.01109	0.01194	0.00756	0.00736	0.01285	0.01719	0.02287	0.12271	0.40990	0.11536	0.16874	0.01809	0.00443	0.00560	0.02038	0.00769	0.00687
19	0.07896	0.00962	0.01204	0.01192	0.01396	0.01078	0.00924	0.01798	0.01545	0.02582	0.02400	0.03194	0.02090	0.04276	0.39322	0.00920	0.01575	0.00855	0.23987	0.00804
20	0.01996	0.24813	0.35265	0.02525	0.08642	0.02497	0.07531	0.02710	0.01851	0.02548	0.01477	0.01773	0.01153	0.00790	0.00764	0.00248	0.01170	0.00633	0.00382	0.01234
21	0.01408	0.01000	0.01226	0.01287	0.01447	0.01006	0.00899	0.01969	0.12077	0.05152	0.09477	0.42793	0.05033	0.09245	0.01403	0.00385	0.00574	0.01952	0.00818	0.00847
22	0.01436	0.01187	0.01234	0.01233	0.01326	0.07279	0.00830	0.01562	0.01466	0.01885	0.02709	0.11219	0.02961	0.37969	0.21082	0.00891	0.01303	0.01231	0.00533	0.00665
23	0.08520	0.00914	0.00972	0.00998	0.01164	0.00897	0.00684	0.01524	0.01669	0.02500	0.07263	0.19010	0.15506	0.20580	0.01877	0.00442	0.00583	0.01504	0.12683	0.00710
24	0.02467	0.02568	0.02441	0.02121	0.02399	0.21625	0.01696	0.10985	0.05418	0.02671	0.01590	0.02056	0.01371	0.01742	0.08028	0.00413	0.28114	0.00734	0.00508	0.01053

[dist]
# distance from previous block
# <min> <max>
0	3

[block]
# block no. 2 follows, 20 sequences, length 10
# corresponding to MSA columns:
# 130-139
name=unknown_C
#
# <colnr> <probs for GDERKNQSTAVLIFYWHMCP>
#	G	D	E	R	K	N	Q	S	T	A	V	L	I	F	Y	W	H	M	C	P
0	0.01937	0.01846	0.03140	0.32151	0.38838	0.02014	0.02567	0.02483	0.01881	0.02581	0.01602	0.02231	0.01287	0.00818	0.00867	0.00273	0.01091	0.00776	0.00413	0.01203
1	0.19935	0.05842	0.01361	0.01087	0.01419	0.01410	0.00865	0.05113	0.01771	0.03206	0.02222	0.02765	0.01844	0.05254	0.09311	0.00411	0.00812	0.00744	0.33747	0.00881
2	0.06357	0.01410	0.01733	0.01469	0.01974	0.01342	0.01211	0.10534	0.02494	0.30184	0.07878	0.04975	0.12352	0.01501	0.00947	0.00295	0.00711	0.10515	0.00931	0.01188
3	0.07679	0.02172	0.11017	0.27013	0.30264	0.02009	0.02520	0.02517	0.01841	0.02697	0.01565	0.02120	0.01232	0.00821	0.00837	0.00274	0.01087	0.00735	0.00416	0.01186
4	0.02221	0.02411	0.02777	0.35105	0.17701	0.20281	0.02267	0.02686	0.02006	0.02337	0.01512	0.02074	0.01199	0.00859	0.00846	0.00265	0.01253	0.00714	0.00415	0.01071
5	0.01257	0.00890	0.01174	0.01174	0.01252	0.00967	0.00807	0.01412	0.01335	0.01856	0.02544	0.04579	0.02681	0.38253	0.34860	0.01121	0.01584	0.01103	0.00498	0.00652
6	0.16662	0.13952	0.08379	0.01386	0.01927	0.05087	0.01266	0.02337	0.01944	0.08186	0.10899	0.07728	0.14389	0.01338	0.00806	0.00264	0.00749	0.01054	0.00656	0.00992
7	0.02764	0.08192	0.07268	0.03128	0.20810	0.38189	0.02071	0.03134	0.02235	0.02384	0.01440	0.01752	0.01198	0.00847	0.00796	0.00236	0.01350	0.00624	0.00433	0.01148
8	0.10893	0.06600	0.01859	0.10002	0.02325	0.12810	0.01257	0.06252	0.02180	0.02977	0.13876	0.03786	0.12173	0.01257	0.00822	0.00256	0.00824	0.00993	0.07918	0.00941
9	0.02168	0.09676	0.02450	0.10304	0.02689	0.10424	0.01576	0.12554	0.02127	0.02751	0.01737	0.02276	0.01479	0.02406	0.17739	0.00548	0.09036	0.00733	0.00509	0.06818

[dist]
# distance from previous block
# <min> <max>
53	217

[block]
# block no. 3 follows, 20 sequences, length 20
# corresponding to MSA columns:
# 379-398
name=unknown_D
#
# <colnr> <probs for GDERKNQSTAVLIFYWHMCP>
#	G	D	E	R	K	N	Q	S	T	A	V	L	I	F	Y	W	H	M	C	P
0	0.02156	0.06803	0.02021	0.01570	0.02071	0.04714	0.01283	0.12019	0.14860	0.06491	0.09706	0.04343	0.07817	0.01359	0.00895	0.00268	0.00756	0.09143	0.00776	0.10947
1	0.01857	0.02258	0.13015	0.12174	0.14836	0.01777	0.14215	0.02461	0.01898	0.02710	0.01952	0.02372	0.04159	0.00823	0.00845	0.00242	0.01057	0.00790	0.00457	0.20104
2	0.02436	0.02215	0.02940	0.08842	0.25935	0.06901	0.04756	0.17163	0.05304	0.03432	0.01806	0.02130	0.01414	0.00862	0.00843	0.00247	0.01024	0.00752	0.00570	0.10428
3	0.02509	0.02905	0.03231	0.03385	0.21568	0.28420	0.14119	0.02928	0.02203	0.02505	0.02085	0.02424	0.05928	0.00926	0.00878	0.00255	0.01304	0.00820	0.00469	0.01137
4	0.29508	0.01711	0.06094	0.04039	0.02093	0.01608	0.01276	0.07437	0.01984	0.03426	0.07182	0.03779	0.07543	0.01238	0.00790	0.00275	0.00740	0.08989	0.00641	0.09647
5	0.02119	0.30118	0.02958	0.01563	0.02038	0.07077	0.01377	0.07300	0.02010	0.02525	0.02789	0.03198	0.11399	0.01227	0.01043	0.00252	0.10445	0.03490	0.06052	0.01020
6	0.02329	0.01773	0.01966	0.01729	0.02217	0.02001	0.01361	0.09134	0.44154	0.09558	0.03268	0.03146	0.02453	0.01800	0.08637	0.00422	0.00915	0.00952	0.00855	0.01328
7	0.02085	0.01998	0.03408	0.14235	0.55596	0.02053	0.02641	0.02613	0.01951	0.02761	0.01628	0.02183	0.01350	0.00791	0.00865	0.00264	0.01054	0.00777	0.00425	0.01322
8	0.02159	0.02073	0.03541	0.05354	0.63903	0.02073	0.02677	0.02677	0.01986	0.02850	0.01641	0.02159	0.01382	0.00777	0.00864	0.00259	0.01036	0.00777	0.00432	0.01382
9	0.01168	0.00851	0.00974	0.01003	0.01108	0.00812	0.00650	0.01278	0.01547	0.01988	0.04793	0.15372	0.21120	0.35448	0.07577	0.00656	0.00791	0.01585	0.00647	0.00634
10	0.01235	0.00892	0.01166	0.01097	0.01303	0.00823	0.00823	0.01646	0.02469	0.03498	0.63443	0.06516	0.08230	0.01783	0.01029	0.00274	0.00412	0.01578	0.00960	0.00823
11	0.02249	0.60492	0.13216	0.01635	0.02459	0.03247	0.01741	0.02634	0.01782	0.02154	0.01263	0.01463	0.01117	0.00758	0.00598	0.00199	0.00984	0.00492	0.00372	0.01144
12	0.01894	0.01933	0.02671	0.23888	0.03632	0.07894	0.05418	0.02260	0.01621	0.02180	0.01436	0.02173	0.01248	0.01635	0.07283	0.00419	0.30274	0.00779	0.00400	0.00962
13	0.01406	0.01169	0.01708	0.01616	0.01734	0.01472	0.01288	0.01688	0.01386	0.02043	0.02049	0.03061	0.01931	0.05333	0.50691	0.01156	0.18109	0.00893	0.00447	0.00821
14	0.01186	0.00851	0.01139	0.01246	0.01379	0.00803	0.00925	0.01475	0.02013	0.02743	0.25309	0.36052	0.06492	0.02340	0.01101	0.00335	0.00528	0.12455	0.00861	0.00766
15	0.01078	0.00765	0.01008	0.01195	0.01242	0.00719	0.00789	0.01219	0.01641	0.02188	0.04658	0.64178	0.05580	0.07589	0.01356	0.00390	0.00531	0.02391	0.00789	0.00695
16	0.01101	0.00775	0.01001	0.01166	0.01207	0.00734	0.00758	0.01225	0.01596	0.02128	0.04426	0.57092	0.05288	0.15072	0.01730	0.00445	0.00569	0.02255	0.00758	0.00675
17	0.01586	0.01209	0.01341	0.01238	0.01590	0.01208	0.00950	0.02515	0.19692	0.06717	0.21036	0.06094	0.27954	0.01734	0.00980	0.00288	0.00524	0.01467	0.00887	0.00991
18	0.02911	0.03578	0.02523	0.02258	0.02592	0.49581	0.01743	0.03127	0.02179	0.02126	0.01296	0.01659	0.01129	0.01061	0.01321	0.00265	0.18609	0.00614	0.00432	0.00997
19	0.01324	0.01049	0.01551	0.01506	0.01644	0.01276	0.01187	0.01621	0.01394	0.02034	0.02196	0.03248	0.02059	0.05952	0.58472	0.01282	0.10033	0.00914	0.00457	0.00799

[dist]
# distance from previous block
# <min> <max>
0	2

[block]
# block no. 4 follows, 20 sequences, length 28
# corresponding to MSA columns:
# 401-428
name=unknown_E
#
# <colnr> <probs for GDERKNQSTAVLIFYWHMCP>
#	G	D	E	R	K	N	Q	S	T	A	V	L	I	F	Y	W	H	M	C	P
0	0.02809	0.07832	0.09806	0.02271	0.06828	0.17172	0.01859	0.24758	0.11580	0.03713	0.01978	0.02067	0.01494	0.00968	0.00827	0.00254	0.01104	0.00723	0.00654	0.01304
1	0.01935	0.01902	0.02037	0.01840	0.01991	0.13443	0.01469	0.02194	0.01627	0.02242	0.01737	0.02444	0.01571	0.02709	0.19334	0.00607	0.28791	0.00780	0.10451	0.00898
2	0.02327	0.08364	0.02541	0.09112	0.13737	0.24794	0.01728	0.02655	0.02029	0.02392	0.01931	0.09217	0.01796	0.01108	0.00927	0.00255	0.04972	0.00860	0.08228	0.01027
3	0.02301	0.02530	0.13468	0.03958	0.37422	0.02188	0.02471	0.13435	0.07580	0.03385	0.01876	0.02189	0.01465	0.00870	0.00861	0.00266	0.01035	0.00775	0.00541	0.01385
4	0.01125	0.00883	0.01004	0.01004	0.01237	0.00780	0.00746	0.01395	0.02073	0.02663	0.24327	0.10973	0.37588	0.06077	0.01244	0.00329	0.00478	0.04483	0.00838	0.00752
5	0.02459	0.01799	0.01984	0.01675	0.02175	0.01936	0.01320	0.26686	0.17460	0.07008	0.03051	0.15474	0.02666	0.01387	0.00898	0.00278	0.00750	0.01156	0.04547	0.05292
6	0.01462	0.01283	0.01943	0.01759	0.01888	0.01517	0.06367	0.01699	0.01498	0.02132	0.02648	0.20661	0.02873	0.10172	0.18163	0.00671	0.20564	0.01343	0.00539	0.00819
7	0.02133	0.01556	0.01741	0.01533	0.01871	0.01679	0.01180	0.23950	0.07538	0.03442	0.02910	0.04904	0.02834	0.26035	0.02226	0.00501	0.00868	0.11357	0.00737	0.01006
8	0.02638	0.13452	0.02971	0.01949	0.02631	0.02454	0.07515	0.30800	0.07958	0.04019	0.02118	0.05632	0.01712	0.01021	0.00825	0.00245	0.00925	0.00834	0.00703	0.09598
9	0.01268	0.00846	0.00951	0.00951	0.00951	0.00846	0.00529	0.01268	0.01268	0.01691	0.02748	0.05708	0.03171	0.69345	0.04440	0.00846	0.00846	0.01268	0.00529	0.00529
10	0.01080	0.00829	0.00957	0.01036	0.01195	0.00741	0.00716	0.01258	0.01804	0.02287	0.09190	0.32643	0.30743	0.09679	0.01434	0.00378	0.00510	0.02027	0.00787	0.00707
11	0.02394	0.08367	0.02494	0.02216	0.07606	0.29822	0.01618	0.02641	0.02041	0.02223	0.02677	0.02918	0.12469	0.01247	0.01262	0.00271	0.15404	0.00848	0.00492	0.00990
12	0.02073	0.01723	0.02341	0.02398	0.13383	0.01783	0.06404	0.18040	0.09062	0.03493	0.06323	0.16019	0.10197	0.01485	0.00958	0.00290	0.00812	0.01315	0.00743	0.01159
13	0.01216	0.00808	0.00964	0.01046	0.01085	0.00787	0.00650	0.01313	0.01481	0.02045	0.03595	0.31161	0.04147	0.36308	0.02754	0.00590	0.00669	0.01722	0.07033	0.00626
14	0.02163	0.08109	0.13342	0.02948	0.20255	0.01889	0.08389	0.02821	0.05383	0.10972	0.08960	0.03054	0.05811	0.01031	0.00880	0.00267	0.00958	0.00927	0.00606	0.01238
15	0.02200	0.02125	0.02444	0.12755	0.09586	0.12619	0.03870	0.11845	0.05452	0.02870	0.02403	0.02812	0.06643	0.01857	0.09981	0.00433	0.07595	0.00871	0.00554	0.01086
16	0.02282	0.01262	0.01533	0.01318	0.01758	0.01188	0.01038	0.02964	0.12354	0.24679	0.18955	0.05186	0.18749	0.01540	0.00952	0.00281	0.00582	0.01297	0.00953	0.01127
17	0.01384	0.01069	0.01318	0.01475	0.05020	0.01067	0.00965	0.04852	0.08090	0.02532	0.04630	0.38061	0.12516	0.11033	0.01488	0.00394	0.00616	0.01890	0.00762	0.00839
18	0.01333	0.00929	0.01236	0.01229	0.01342	0.01039	0.00900	0.01570	0.01449	0.02155	0.02595	0.07367	0.02574	0.20492	0.34116	0.00972	0.04603	0.01071	0.12301	0.00728
19	0.02198	0.02623	0.12029	0.07721	0.45689	0.09152	0.02631	0.02756	0.02008	0.02727	0.01593	0.02057	0.01303	0.00803	0.00851	0.00259	0.01138	0.00734	0.00423	0.01307
20	0.01527	0.01364	0.02008	0.01806	0.01907	0.01689	0.04820	0.01752	0.01449	0.02100	0.02322	0.14856	0.02476	0.10322	0.18598	0.00681	0.27802	0.01188	0.00500	0.00832
21	0.01970	0.01674	0.01642	0.01530	0.01830	0.09752	0.01125	0.16491	0.02356	0.03020	0.03328	0.34431	0.03631	0.07497	0.01262	0.00343	0.00795	0.01598	0.00739	0.04987
22	0.01917	0.02369	0.12855	0.02401	0.03018	0.05484	0.19543	0.07200	0.02042	0.02735	0.02876	0.03243	0.11727	0.01652	0.06868	0.00394	0.11075	0.01010	0.00521	0.01070
23	0.01968	0.09468	0.02096	0.08482	0.02349	0.20377	0.01357	0.02225	0.01998	0.02212	0.04050	0.09460	0.21729	0.01511	0.01057	0.00275	0.06746	0.01165	0.00575	0.00899
24	0.13473	0.13092	0.13984	0.09552	0.09517	0.02269	0.01956	0.08610	0.02022	0.03064	0.06623	0.02216	0.01755	0.00981	0.00964	0.00269	0.07290	0.00722	0.00508	0.01132
25	0.09698	0.08167	0.15476	0.01964	0.08507	0.05356	0.01632	0.07828	0.01908	0.02803	0.01953	0.02939	0.01791	0.19229	0.01733	0.00409	0.00969	0.00813	0.05812	0.01012
26	0.10195	0.09980	0.02473	0.02043	0.05359	0.26454	0.01547	0.05781	0.02127	0.02644	0.06921	0.05814	0.02015	0.01154	0.01116	0.00266	0.11777	0.00792	0.00526	0.01017
27	0.05276	0.01507	0.01921	0.11305	0.04539	0.01664	0.01382	0.13165	0.02085	0.02968	0.05729	0.06924	0.02362	0.13140	0.08672	0.00490	0.06813	0.00981	0.00592	0.08486

[dist]
# distance from previous block
# <min> <max>
8	66

[block]
# block no. 5 follows, 20 sequences, length 9
# corresponding to MSA columns:
# 497-505
name=unknown_F
#
# <colnr> <probs for GDERKNQSTAVLIFYWHMCP>
#	G	D	E	R	K	N	Q	S	T	A	V	L	I	F	Y	W	H	M	C	P
0	0.06832	0.06184	0.02065	0.07106	0.12974	0.07899	0.01412	0.02297	0.02104	0.07685	0.15517	0.04407	0.17404	0.01357	0.00888	0.00266	0.00782	0.01131	0.00678	0.01012
1	0.01967	0.01619	0.02156	0.22808	0.06576	0.01842	0.01698	0.07443	0.16242	0.06612	0.03527	0.03670	0.13344	0.01260	0.01032	0.00293	0.05098	0.01031	0.00667	0.01115
2	0.29055	0.17392	0.02973	0.01934	0.02558	0.17728	0.11783	0.02837	0.01887	0.02878	0.01343	0.01616	0.01093	0.00804	0.00690	0.00245	0.01088	0.00591	0.00464	0.01040
3	0.01655	0.01447	0.02196	0.11830	0.21317	0.01549	0.01725	0.02311	0.09843	0.02579	0.02858	0.20914	0.02849	0.02212	0.10264	0.00459	0.01048	0.01298	0.00596	0.01051
4	0.01738	0.01576	0.02304	0.02599	0.16748	0.01849	0.01693	0.02238	0.06451	0.02651	0.13148	0.06241	0.02967	0.02093	0.10233	0.00461	0.22373	0.01036	0.00570	0.01031
5	0.02152	0.02019	0.02916	0.03499	0.30649	0.08181	0.09748	0.05576	0.02071	0.02890	0.01951	0.02592	0.01644	0.06155	0.01111	0.00296	0.01018	0.00834	0.13543	0.01156
6	0.08886	0.01382	0.02152	0.01783	0.02140	0.01457	0.14016	0.01917	0.01674	0.02490	0.03334	0.04010	0.13958	0.08140	0.18600	0.00633	0.07172	0.01093	0.04292	0.00871
7	0.12379	0.02556	0.02602	0.02116	0.02667	0.20104	0.11850	0.17105	0.02621	0.03460	0.08005	0.06348	0.02213	0.01093	0.00861	0.00265	0.01104	0.00904	0.00637	0.01111
8	0.02371	0.02304	0.02904	0.13334	0.30082	0.11285	0.02184	0.09556	0.11502	0.03072	0.01929	0.02261	0.01519	0.00901	0.00858	0.00265	0.01071	0.00779	0.00547	0.01277

[dist]
# distance from previous block
# <min> <max>
0	2

[block]
# block no. 6 follows, 20 sequences, length 6
# corresponding to MSA columns:
# 508-513
name=unknown_G
#
# <colnr> <probs for GDERKNQSTAVLIFYWHMCP>
#	G	D	E	R	K	N	Q	S	T	A	V	L	I	F	Y	W	H	M	C	P
0	0.01889	0.07807	0.02061	0.09525	0.02423	0.11519	0.01415	0.07640	0.02003	0.02476	0.02788	0.03695	0.08036	0.03194	0.24492	0.00681	0.01513	0.05364	0.00545	0.00932
1	0.02430	0.13639	0.07559	0.02063	0.05874	0.19233	0.01668	0.12576	0.02411	0.02937	0.08345	0.08585	0.02387	0.01193	0.00960	0.00258	0.05290	0.00904	0.00586	0.01100
2	0.01777	0.01303	0.01485	0.01334	0.01607	0.01373	0.00985	0.17937	0.02235	0.02965	0.03687	0.10606	0.12684	0.22672	0.12823	0.00640	0.01028	0.01284	0.00686	0.00887
3	0.01380	0.01059	0.01214	0.01097	0.01362	0.00978	0.00773	0.01777	0.06596	0.02594	0.18821	0.05519	0.13883	0.24981	0.02135	0.00453	0.00627	0.01294	0.00709	0.12747
4	0.02013	0.08251	0.07839	0.01479	0.02117	0.01627	0.01285	0.06172	0.09219	0.06321	0.02115	0.02723	0.01818	0.12963	0.01384	0.00312	0.00798	0.00751	0.00590	0.30223
5	0.02534	0.03071	0.14750	0.02890	0.18297	0.23521	0.02105	0.03019	0.02227	0.08989	0.08342	0.02448	0.02054	0.00968	0.00850	0.00254	0.01171	0.00774	0.00549	0.01188

[dist]
# distance from previous block
# <min> <max>
0	1

[block]
# block no. 7 follows, 20 sequences, length 7
# corresponding to MSA columns:
# 515-521
name=unknown_H
#
# <colnr> <probs for GDERKNQSTAVLIFYWHMCP>
#	G	D	E	R	K	N	Q	S	T	A	V	L	I	F	Y	W	H	M	C	P
0	0.24574	0.06343	0.01692	0.10106	0.02215	0.01580	0.01226	0.02052	0.01735	0.02894	0.08906	0.04024	0.07966	0.02199	0.11824	0.00477	0.01008	0.07702	0.00593	0.00885
1	0.09903	0.02412	0.06649	0.05498	0.02413	0.20105	0.01602	0.02399	0.01800	0.02373	0.02000	0.13249	0.01999	0.01875	0.07601	0.00407	0.15308	0.00974	0.00498	0.00936
2	0.10127	0.20546	0.03130	0.02566	0.15859	0.18904	0.01758	0.09167	0.05243	0.02886	0.01552	0.01779	0.01276	0.00853	0.00732	0.00234	0.01085	0.00620	0.00502	0.01183
3	0.01609	0.01472	0.01750	0.01732	0.05367	0.05598	0.01269	0.02132	0.08091	0.02667	0.17692	0.04537	0.14268	0.02439	0.12323	0.00488	0.13784	0.01187	0.00668	0.00927
4	0.01856	0.01629	0.02037	0.08606	0.02521	0.06781	0.07302	0.04327	0.04184	0.05428	0.06431	0.07364	0.11456	0.01624	0.05670	0.00332	0.00942	0.01059	0.04284	0.16165
5	0.15791	0.09609	0.16051	0.01932	0.05572	0.05554	0.01738	0.02461	0.01665	0.05656	0.01681	0.02438	0.01501	0.12542	0.01680	0.00374	0.11525	0.00732	0.00473	0.01024
6	0.10061	0.02487	0.02817	0.13735	0.17302	0.16496	0.05593	0.12749	0.02342	0.03113	0.01580	0.01969	0.01246	0.00900	0.00912	0.00266	0.04034	0.00713	0.00513	0.01171

[dist]
# distance from previous block
# <min> <max>
44	72

[block]
# block no. 8 follows, 20 sequences, length 12
# corresponding to MSA columns:
# 634-645
name=unknown_I
#
# <colnr> <probs for GDERKNQSTAVLIFYWHMCP>
#	G	D	E	R	K	N	Q	S	T	A	V	L	I	F	Y	W	H	M	C	P
0	0.02026	0.02022	0.01676	0.01640	0.01904	0.20589	0.01195	0.08628	0.05241	0.02630	0.03406	0.37942	0.03745	0.01918	0.00977	0.00302	0.00886	0.01642	0.00712	0.00918
1	0.02036	0.01778	0.09473	0.06931	0.05478	0.01457	0.03578	0.02794	0.11125	0.13817	0.08901	0.13775	0.05716	0.01363	0.00915	0.00279	0.00781	0.01190	0.00740	0.07875
2	0.01988	0.02252	0.20747	0.01969	0.06629	0.01413	0.04327	0.02505	0.01985	0.14617	0.06117	0.07079	0.13501	0.06873	0.01198	0.00323	0.00883	0.01110	0.00660	0.03825
3	0.01723	0.01487	0.02245	0.08311	0.11901	0.01376	0.09028	0.02172	0.01894	0.02784	0.02974	0.03285	0.11117	0.01014	0.00803	0.00226	0.00783	0.00911	0.15002	0.20964
4	0.02893	0.03515	0.02372	0.02150	0.02541	0.49595	0.01638	0.03326	0.07775	0.02263	0.01598	0.01886	0.01339	0.01371	0.05450	0.00327	0.07809	0.00645	0.00484	0.01024
5	0.02305	0.02109	0.01842	0.01643	0.01991	0.18524	0.01259	0.15763	0.02347	0.02976	0.02127	0.02842	0.01850	0.09531	0.19029	0.00617	0.01417	0.00820	0.10026	0.00981
6	0.01806	0.02262	0.14721	0.07622	0.09535	0.02037	0.02079	0.02267	0.01619	0.02430	0.01490	0.02084	0.01285	0.01594	0.07708	0.00398	0.25470	0.00721	0.00414	0.12460
7	0.01148	0.00985	0.00996	0.00975	0.01290	0.00884	0.00737	0.01600	0.08189	0.02489	0.08293	0.07866	0.57292	0.02104	0.01016	0.00295	0.00467	0.01753	0.00818	0.00803
8	0.01496	0.01322	0.01663	0.01592	0.01749	0.06364	0.01251	0.01784	0.01476	0.02044	0.02093	0.03070	0.01953	0.05400	0.51985	0.01167	0.11435	0.00882	0.00454	0.00822
9	0.01062	0.00885	0.00926	0.00916	0.01197	0.00749	0.00687	0.01311	0.02061	0.02528	0.17049	0.08112	0.55230	0.02145	0.01031	0.00292	0.00437	0.01801	0.00833	0.00749
10	0.01250	0.00919	0.01325	0.01325	0.01455	0.01049	0.00995	0.01509	0.01379	0.01968	0.02406	0.03814	0.02349	0.17195	0.55464	0.01308	0.02084	0.00991	0.00478	0.00736
11	0.02448	0.02044	0.02393	0.01980	0.02478	0.02357	0.04408	0.22324	0.28855	0.03922	0.02864	0.02858	0.04632	0.01213	0.01188	0.00297	0.10714	0.00927	0.00783	0.01313

[dist]
# distance from previous block
# <min> <max>
0	1

[block]
# block no. 9 follows, 20 sequences, length 33
# corresponding to MSA columns:
# 647-679
name=unknown_J
#
# <colnr> <probs for GDERKNQSTAVLIFYWHMCP>
#	G	D	E	R	K	N	Q	S	T	A	V	L	I	F	Y	W	H	M	C	P
0	0.02735	0.17052	0.02688	0.01757	0.02322	0.16106	0.01453	0.21868	0.09150	0.03524	0.02004	0.02117	0.01558	0.00961	0.00752	0.00233	0.00980	0.00694	0.10847	0.01200
1	0.01756	0.01634	0.02581	0.17926	0.31857	0.01697	0.02043	0.02297	0.04396	0.02665	0.06128	0.03801	0.15244	0.01173	0.00911	0.00276	0.00892	0.01054	0.00547	0.01123
2	0.01553	0.01167	0.01355	0.01338	0.01611	0.01158	0.01030	0.13113	0.02296	0.02971	0.05404	0.28744	0.21463	0.02197	0.01057	0.00326	0.00625	0.10886	0.00821	0.00885
3	0.02010	0.02950	0.25775	0.04104	0.38459	0.02061	0.02801	0.02821	0.05400	0.02864	0.01723	0.02106	0.01354	0.00819	0.00852	0.00267	0.01109	0.00741	0.00435	0.01348
4	0.16362	0.01724	0.02587	0.30287	0.24509	0.01933	0.02138	0.02402	0.01786	0.02777	0.01844	0.02364	0.04012	0.00888	0.00811	0.00276	0.00991	0.00764	0.00452	0.01093
5	0.39277	0.06175	0.29660	0.01758	0.02641	0.02058	0.01982	0.02654	0.01657	0.03314	0.01370	0.01605	0.01024	0.00815	0.00669	0.00269	0.00960	0.00549	0.00456	0.01106
6	0.02357	0.02599	0.06214	0.04606	0.48999	0.14650	0.02507	0.02840	0.02075	0.02705	0.01580	0.02028	0.01318	0.00804	0.00847	0.00253	0.01154	0.00728	0.00432	0.01304
7	0.02084	0.04286	0.47818	0.02423	0.03458	0.15812	0.02816	0.02880	0.01948	0.02589	0.01494	0.01788	0.01111	0.00884	0.00937	0.00271	0.05171	0.00634	0.00387	0.01210
8	0.01131	0.00868	0.00912	0.00912	0.01083	0.00782	0.00606	0.01259	0.01686	0.02077	0.06278	0.07266	0.38174	0.30424	0.02464	0.00526	0.00612	0.01600	0.00692	0.00649
9	0.01294	0.00860	0.01029	0.01029	0.01076	0.00891	0.00646	0.01390	0.01342	0.01889	0.02675	0.05050	0.02897	0.51168	0.16237	0.00901	0.01103	0.01164	0.06755	0.00602
10	0.01091	0.00823	0.01009	0.01096	0.01249	0.00741	0.00771	0.01318	0.01932	0.02537	0.18577	0.38336	0.22592	0.02381	0.01072	0.00320	0.00468	0.02105	0.00842	0.00741
11	0.02125	0.01823	0.01922	0.01735	0.02204	0.02105	0.01339	0.04470	0.59326	0.03553	0.03511	0.03375	0.02688	0.04534	0.01062	0.00323	0.00698	0.01000	0.00870	0.01339
12	0.01264	0.00863	0.01040	0.01040	0.01071	0.00894	0.00639	0.01326	0.01295	0.01757	0.02667	0.05258	0.02976	0.56956	0.16561	0.00955	0.01140	0.01203	0.00516	0.00578
13	0.02767	0.03338	0.02545	0.02263	0.02549	0.42831	0.01767	0.02979	0.02058	0.02122	0.01274	0.01695	0.01131	0.01128	0.01543	0.00282	0.25679	0.00635	0.00425	0.00990
14	0.02958	0.03496	0.02595	0.02713	0.13477	0.46508	0.01809	0.07628	0.02487	0.02530	0.01825	0.02052	0.04263	0.00953	0.00819	0.00237	0.01375	0.00680	0.00496	0.01100
15	0.01314	0.00999	0.01344	0.06378	0.01901	0.00985	0.01217	0.01694	0.02075	0.02704	0.16849	0.08314	0.17305	0.02128	0.01109	0.00346	0.00680	0.31048	0.00804	0.00806
16	0.03135	0.03313	0.02453	0.02109	0.02643	0.37426	0.01637	0.21950	0.10802	0.03403	0.01873	0.01958	0.01439	0.00983	0.00827	0.00246	0.01263	0.00688	0.00641	0.01210
17	0.02141	0.02122	0.03822	0.05060	0.53518	0.02096	0.12837	0.02698	0.01999	0.02840	0.01662	0.02193	0.01372	0.00770	0.00893	0.00265	0.01112	0.00821	0.00433	0.01346
18	0.01816	0.01040	0.01125	0.05022	0.01511	0.01093	0.00838	0.08618	0.02077	0.03440	0.02682	0.03066	0.02086	0.01011	0.00655	0.00215	0.00515	0.00808	0.61486	0.00897
19	0.01268	0.00846	0.00951	0.00951	0.00951	0.00846	0.00529	0.01268	0.01268	0.01691	0.02748	0.05708	0.03171	0.69345	0.04440	0.00846	0.00846	0.01268	0.00529	0.00529
20	0.01666	0.01184	0.01399	0.01279	0.01458	0.01277	0.00900	0.13127	0.01863	0.02530	0.02510	0.04392	0.02576	0.39254	0.19995	0.00878	0.01263	0.01085	0.00580	0.00783
21	0.01075	0.00875	0.00933	0.00936	0.01185	0.00753	0.00684	0.01302	0.01984	0.02454	0.15315	0.11677	0.48812	0.06604	0.01260	0.00332	0.00468	0.01808	0.00811	0.00732
22	0.01268	0.00846	0.00951	0.00951	0.00951	0.00846	0.00529	0.01268	0.01268	0.01691	0.02748	0.05708	0.03171	0.69345	0.04440	0.00846	0.00846	0.01268	0.00529	0.00529
23	0.01634	0.01019	0.01241	0.01214	0.01540	0.00909	0.00987	0.01938	0.02111	0.12942	0.10335	0.07767	0.33094	0.02048	0.01054	0.00319	0.00592	0.17506	0.00863	0.00887
24	0.02646	0.01969	0.02211	0.01767	0.02325	0.02138	0.01431	0.40308	0.03191	0.04346	0.02125	0.02510	0.01689	0.05120	0.15013	0.00520	0.01223	0.00814	0.00738	0.07916
25	0.01809	0.01550	0.01809	0.01292	0.02067	0.01163	0.01034	0.02196	0.01809	0.02842	0.01550	0.01809	0.01292	0.00646	0.00646	0.00129	0.00646	0.00517	0.00517	0.74677
26	0.01183	0.00853	0.00975	0.00993	0.01093	0.00812	0.00637	0.01296	0.01578	0.02050	0.08473	0.13301	0.18830	0.38007	0.05697	0.00641	0.00744	0.01551	0.00656	0.00631
27	0.01056	0.00786	0.00984	0.01143	0.01246	0.00715	0.00778	0.01223	0.01739	0.02255	0.05676	0.55766	0.18218	0.02620	0.01096	0.00341	0.00492	0.02342	0.00810	0.00715
28	0.22689	0.01150	0.01097	0.01040	0.01413	0.01127	0.00804	0.01856	0.01854	0.07545	0.05871	0.11355	0.35686	0.01767	0.00885	0.00291	0.00538	0.01430	0.00753	0.00851
29	0.01230	0.00961	0.01339	0.01329	0.01497	0.01070	0.01026	0.01517	0.01576	0.02182	0.07041	0.08378	0.13067	0.05055	0.44119	0.01035	0.05018	0.01211	0.00570	0.00779
30	0.01204	0.00829	0.00960	0.01006	0.01040	0.00806	0.00602	0.01255	0.01414	0.01863	0.03680	0.20196	0.08376	0.49126	0.03426	0.00692	0.00738	0.01587	0.00614	0.00585
31	0.03258	0.04157	0.02472	0.02247	0.02697	0.65843	0.01685	0.03483	0.02472	0.02135	0.01348	0.01573	0.01124	0.00899	0.00787	0.00225	0.01573	0.00562	0.00449	0.01011
32	0.18593	0.02004	0.02813	0.08059	0.38730	0.04932	0.02123	0.02780	0.01920	0.07727	0.01664	0.02040	0.01318	0.00819	0.00790	0.00263	0.00967	0.00707	0.00503	0.01248

[dist]
# distance from previous block
# <min> <max>
0	1

[block]
# block no. 10 follows, 20 sequences, length 14
# corresponding to MSA columns:
# 681-694
name=unknown_K
#
# <colnr> <probs for GDERKNQSTAVLIFYWHMCP>
#	G	D	E	R	K	N	Q	S	T	A	V	L	I	F	Y	W	H	M	C	P
0	0.01962	0.33027	0.03525	0.09719	0.10298	0.02475	0.05725	0.02345	0.01730	0.02216	0.01602	0.02134	0.01416	0.02101	0.15741	0.00495	0.01333	0.00687	0.00408	0.01060
1	0.02363	0.02586	0.02956	0.03501	0.27559	0.21701	0.05134	0.02739	0.01996	0.02444	0.01571	0.02095	0.01357	0.01531	0.08151	0.00389	0.09615	0.00739	0.00435	0.01139
2	0.01725	0.01148	0.01471	0.01370	0.01591	0.01258	0.01045	0.12476	0.01910	0.02718	0.02316	0.06771	0.02119	0.03835	0.28071	0.17267	0.01384	0.00942	0.09763	0.00820
3	0.02037	0.02244	0.14291	0.02241	0.02947	0.01739	0.18443	0.11264	0.02386	0.07618	0.11565	0.07445	0.09316	0.01250	0.00963	0.00285	0.00990	0.01162	0.00674	0.01140
4	0.01126	0.00817	0.00996	0.01084	0.01184	0.00759	0.00722	0.01288	0.01733	0.02288	0.12464	0.36293	0.15199	0.17758	0.01849	0.00446	0.00561	0.01981	0.00765	0.00687
5	0.01539	0.01129	0.01334	0.01271	0.01510	0.01123	0.00933	0.12406	0.02355	0.03170	0.21299	0.27238	0.12187	0.06842	0.01272	0.00343	0.00580	0.01749	0.00844	0.00875
6	0.02208	0.02126	0.01979	0.02065	0.09509	0.19698	0.01421	0.02535	0.01935	0.02663	0.01944	0.02382	0.01605	0.01052	0.01127	0.00251	0.13858	0.00728	0.29947	0.00967
7	0.01182	0.00930	0.01210	0.01467	0.06639	0.00860	0.00934	0.01397	0.01812	0.02352	0.07989	0.36139	0.22370	0.06684	0.01284	0.00359	0.00563	0.04293	0.00765	0.00772
8	0.02875	0.02853	0.02327	0.02003	0.02463	0.28592	0.01571	0.15917	0.09452	0.07154	0.02411	0.02497	0.05917	0.01142	0.01081	0.00267	0.08872	0.00794	0.00651	0.01161
9	0.08718	0.02633	0.10728	0.01907	0.02538	0.12333	0.01691	0.13585	0.10304	0.03317	0.01810	0.01998	0.01410	0.00973	0.01015	0.00252	0.08725	0.00678	0.00586	0.14802
10	0.11014	0.14428	0.11048	0.01830	0.02388	0.22310	0.01663	0.02667	0.01947	0.02460	0.01853	0.02772	0.01695	0.01796	0.09645	0.00412	0.01331	0.07257	0.00479	0.01005
11	0.10503	0.02187	0.06205	0.05752	0.02390	0.16636	0.04201	0.06118	0.02025	0.02667	0.02833	0.18262	0.06359	0.01988	0.07624	0.00400	0.01132	0.01183	0.00588	0.00945
12	0.02119	0.01853	0.02815	0.17566	0.22196	0.02037	0.06073	0.10592	0.07366	0.03138	0.01965	0.02406	0.01538	0.00941	0.00973	0.00273	0.05071	0.00817	0.09066	0.01197
13	0.13970	0.05759	0.18656	0.03252	0.20174	0.06227	0.14320	0.02753	0.01906	0.02908	0.01541	0.01929	0.01203	0.00793	0.00818	0.00267	0.01159	0.00719	0.00434	0.01211

[dist]
# distance from previous block
# <min> <max>
0	17

[block]
# block no. 11 follows, 20 sequences, length 24
# corresponding to MSA columns:
# 712-735
name=unknown_L
#
# <colnr> <probs for GDERKNQSTAVLIFYWHMCP>
#	G	D	E	R	K	N	Q	S	T	A	V	L	I	F	Y	W	H	M	C	P
0	0.06739	0.08750	0.09121	0.02795	0.19135	0.09759	0.01953	0.12295	0.05019	0.09124	0.01859	0.02040	0.01416	0.00878	0.00795	0.00246	0.01016	0.00697	0.00586	0.05778
1	0.02325	0.06592	0.10014	0.01983	0.05853	0.14867	0.01628	0.06297	0.12381	0.08188	0.03108	0.06531	0.08165	0.04182	0.01030	0.00297	0.00979	0.03788	0.00660	0.01132
2	0.02606	0.05909	0.02229	0.01898	0.02355	0.38731	0.01463	0.02992	0.05583	0.02336	0.01890	0.02686	0.01715	0.04284	0.03965	0.00311	0.01298	0.05657	0.00516	0.11577
3	0.01486	0.01114	0.01308	0.01196	0.01479	0.01046	0.00852	0.04128	0.04700	0.02476	0.03182	0.17347	0.06027	0.20575	0.07534	0.00510	0.00810	0.01283	0.05119	0.17829
4	0.01840	0.08097	0.08833	0.10970	0.03185	0.02195	0.11262	0.02287	0.01645	0.02349	0.01509	0.02136	0.01294	0.01627	0.08407	0.00413	0.22666	0.00764	0.00412	0.08110
5	0.01238	0.01201	0.06759	0.01356	0.01559	0.00998	0.01093	0.01540	0.01811	0.02525	0.18277	0.33481	0.05185	0.06514	0.08649	0.00475	0.04039	0.01772	0.00732	0.00797
6	0.01054	0.00874	0.00922	0.00933	0.01198	0.00742	0.00691	0.01287	0.02008	0.02457	0.13828	0.13332	0.53246	0.02212	0.01038	0.00298	0.00444	0.01869	0.00825	0.00742
7	0.01434	0.01157	0.01303	0.01324	0.01566	0.01206	0.00957	0.02360	0.21844	0.02697	0.05060	0.32380	0.15667	0.05386	0.01186	0.00348	0.00572	0.01802	0.00822	0.00928
8	0.02400	0.02919	0.10657	0.02892	0.17666	0.20874	0.02058	0.05557	0.02097	0.02650	0.01485	0.01856	0.01229	0.00916	0.01079	0.00249	0.10316	0.00657	0.00456	0.11986
9	0.01202	0.00843	0.00946	0.00969	0.01028	0.00810	0.00585	0.01259	0.01445	0.01873	0.04092	0.13312	0.14482	0.49581	0.03443	0.00690	0.00734	0.01510	0.00612	0.00587
10	0.01099	0.00793	0.01044	0.01205	0.01293	0.00738	0.00834	0.01297	0.01797	0.02404	0.11993	0.55627	0.08693	0.02579	0.01104	0.00344	0.00507	0.05095	0.00827	0.00728
11	0.01548	0.02406	0.22349	0.01628	0.02230	0.07606	0.01666	0.02081	0.02103	0.02779	0.20633	0.08477	0.17987	0.01533	0.00944	0.00279	0.00830	0.01281	0.00670	0.00969
12	0.01785	0.04298	0.59458	0.02737	0.09041	0.02030	0.03175	0.02755	0.01854	0.02770	0.01572	0.01869	0.01129	0.00824	0.00832	0.00275	0.01267	0.00656	0.00374	0.01297
13	0.01063	0.00759	0.01012	0.01215	0.01265	0.00709	0.00810	0.01215	0.01670	0.02227	0.04808	0.68775	0.05769	0.02733	0.01113	0.00354	0.00506	0.02480	0.00810	0.00709
14	0.01932	0.01369	0.01509	0.01322	0.01558	0.01452	0.00925	0.21088	0.02240	0.02997	0.02693	0.09463	0.02815	0.41443	0.02994	0.00613	0.00857	0.01203	0.00665	0.00860
15	0.01361	0.01168	0.01538	0.01510	0.01611	0.01366	0.01147	0.01647	0.04210	0.02255	0.04129	0.32521	0.12856	0.02541	0.06679	0.00433	0.19841	0.01707	0.00664	0.00817
16	0.02020	0.01500	0.01678	0.01464	0.01832	0.01586	0.01126	0.25697	0.02652	0.03507	0.03994	0.15688	0.14651	0.09857	0.08219	0.00471	0.00911	0.01362	0.00768	0.01018
17	0.01104	0.00872	0.00905	0.00905	0.01108	0.00770	0.00621	0.01257	0.01766	0.02151	0.06959	0.07566	0.44925	0.22917	0.02082	0.00465	0.00566	0.01664	0.00723	0.00672
18	0.05104	0.01588	0.02559	0.58486	0.05481	0.02003	0.02309	0.02233	0.01696	0.02296	0.01499	0.02247	0.01151	0.00927	0.01031	0.00298	0.06971	0.00760	0.00394	0.00967
19	0.02133	0.01681	0.09670	0.01568	0.02061	0.01328	0.01411	0.07788	0.05195	0.16968	0.06928	0.12369	0.10565	0.04582	0.01136	0.00333	0.00767	0.11620	0.00818	0.01081
20	0.01230	0.00918	0.01179	0.01326	0.01519	0.00867	0.01075	0.01528	0.01929	0.02458	0.05799	0.22316	0.20989	0.02426	0.01138	0.00362	0.00641	0.30730	0.00806	0.00764
21	0.01248	0.00928	0.01366	0.01366	0.01510	0.01071	0.01046	0.01535	0.01391	0.01999	0.02369	0.03606	0.02258	0.11475	0.61061	0.01358	0.02219	0.00961	0.00472	0.00759
22	0.01951	0.02073	0.07465	0.02256	0.12528	0.11964	0.01557	0.08335	0.02134	0.02743	0.07398	0.18738	0.03142	0.08909	0.04524	0.00398	0.01007	0.01261	0.00620	0.00999
23	0.02246	0.02485	0.07108	0.04605	0.45214	0.09281	0.10805	0.02789	0.02043	0.02756	0.01621	0.02102	0.01329	0.00788	0.00876	0.00261	0.01172	0.00781	0.00432	0.01306

[dist]
# distance from previous block
# <min> <max>
0	1

[block]
# block no. 12 follows, 20 sequences, length 28
# corresponding to MSA columns:
# 737-764
name=unknown_M
#
# <colnr> <probs for GDERKNQSTAVLIFYWHMCP>
#	G	D	E	R	K	N	Q	S	T	A	V	L	I	F	Y	W	H	M	C	P
0	0.02159	0.02073	0.03541	0.05354	0.63903	0.02073	0.02677	0.02677	0.01986	0.02850	0.01641	0.02159	0.01382	0.00777	0.00864	0.00259	0.01036	0.00777	0.00432	0.01382
1	0.02128	0.02068	0.03611	0.08139	0.56975	0.02076	0.06785	0.02664	0.01980	0.02817	0.01645	0.02180	0.01367	0.00779	0.00876	0.00263	0.01073	0.00795	0.00430	0.01348
2	0.01460	0.01201	0.01254	0.01297	0.01506	0.04962	0.00931	0.04619	0.08947	0.02625	0.04918	0.39246	0.14951	0.02165	0.01011	0.00315	0.00597	0.01895	0.05248	0.00853
3	0.01217	0.00995	0.01039	0.00988	0.01301	0.00886	0.00752	0.05536	0.02194	0.02712	0.14702	0.07729	0.52719	0.02077	0.01019	0.00290	0.00475	0.01735	0.00832	0.00799
4	0.02102	0.02183	0.02900	0.35118	0.24792	0.13217	0.02378	0.02599	0.01953	0.02420	0.01545	0.02138	0.01229	0.00845	0.00854	0.00269	0.01193	0.00738	0.00413	0.01114
5	0.02130	0.02043	0.03488	0.08880	0.60605	0.02065	0.02663	0.02651	0.01972	0.02814	0.01636	0.02168	0.01369	0.00783	0.00864	0.00261	0.01043	0.00777	0.00429	0.01358
6	0.01063	0.00759	0.01012	0.01215	0.01265	0.00709	0.00810	0.01215	0.01670	0.02227	0.04808	0.68775	0.05769	0.02733	0.01113	0.00354	0.00506	0.02480	0.00810	0.00709
7	0.02109	0.02212	0.04342	0.04517	0.34284	0.02139	0.31654	0.02735	0.02022	0.02822	0.01703	0.02256	0.01353	0.00756	0.00946	0.00277	0.01253	0.00903	0.00436	0.01279
8	0.02034	0.01765	0.02917	0.11557	0.42310	0.01786	0.02232	0.02530	0.02075	0.06455	0.12896	0.03012	0.02638	0.00987	0.00895	0.00266	0.00921	0.00927	0.00559	0.01239
9	0.01246	0.00935	0.01402	0.01402	0.01558	0.01090	0.01090	0.01558	0.01402	0.02025	0.02336	0.03427	0.02181	0.06542	0.65888	0.01402	0.02336	0.00935	0.00467	0.00779
10	0.01058	0.00779	0.00992	0.01162	0.01251	0.00713	0.00787	0.01220	0.01720	0.02247	0.05443	0.59253	0.14881	0.02650	0.01100	0.00345	0.00496	0.02379	0.00810	0.00713
11	0.02771	0.01786	0.02044	0.01701	0.02217	0.01884	0.01349	0.29086	0.09671	0.16364	0.03173	0.18292	0.02772	0.01471	0.00933	0.00289	0.00778	0.01230	0.00901	0.01288
12	0.02899	0.04242	0.17334	0.02304	0.02954	0.50632	0.02052	0.03311	0.02322	0.02284	0.01400	0.01637	0.01119	0.00882	0.00797	0.00237	0.01505	0.00582	0.00430	0.01077
13	0.01720	0.01624	0.02747	0.58464	0.14224	0.01957	0.02459	0.02292	0.01779	0.02317	0.01563	0.02302	0.01194	0.00859	0.00871	0.00286	0.01145	0.00775	0.00394	0.01028
14	0.02170	0.01874	0.01972	0.01775	0.02268	0.02170	0.01381	0.04635	0.62327	0.03649	0.03550	0.03254	0.02663	0.01183	0.00888	0.00296	0.00690	0.00986	0.00888	0.01381
