[name]
unknown

[dist]
# distance from previous block
# <min> <max>
18	80

[block]
# block no. 0 follows, 20 sequences, length 13
# corresponding to MSA columns:
# 97-109
name=unknown_A
#
# <colnr> <probs for GDERKNQSTAVLIFYWHMCP>
#	G	D	E	R	K	N	Q	S	T	A	V	L	I	F	Y	W	H	M	C	P
0	0.21299	0.06024	0.01762	0.06618	0.02074	0.09657	0.01205	0.02160	0.01597	0.02526	0.01819	0.02659	0.01665	0.09452	0.25175	0.00734	0.01475	0.00754	0.00478	0.00865
1	0.02055	0.03366	0.30069	0.08230	0.13207	0.13111	0.02501	0.02850	0.05518	0.02731	0.06554	0.02339	0.01812	0.00932	0.00850	0.00267	0.01183	0.00756	0.00471	0.01197
2	0.09924	0.23550	0.23284	0.01978	0.06024	0.06783	0.01977	0.02619	0.01874	0.02710	0.05486	0.02058	0.01646	0.00878	0.00712	0.00238	0.01003	0.00645	0.05485	0.01123
3	0.02567	0.02931	0.02276	0.02343	0.10069	0.35415	0.01598	0.03244	0.12945	0.02652	0.08915	0.02913	0.06215	0.01113	0.00856	0.00251	0.01152	0.00855	0.00603	0.01085
4	0.05775	0.06527	0.12022	0.02425	0.07946	0.14733	0.13349	0.02664	0.02127	0.05138	0.10818	0.03115	0.07466	0.01073	0.00880	0.00263	0.01095	0.00936	0.00560	0.01088
5	0.13650	0.01472	0.05043	0.06061	0.05737	0.01398	0.01286	0.02255	0.10152	0.02967	0.10671	0.10381	0.17541	0.01600	0.00920	0.00299	0.00680	0.06213	0.00715	0.00957
6	0.08424	0.09524	0.02276	0.01744	0.02246	0.16228	0.01394	0.11150	0.21111	0.03203	0.02645	0.02704	0.05483	0.01537	0.06267	0.00355	0.01069	0.00815	0.00666	0.01160
7	0.01397	0.00964	0.01202	0.01164	0.01432	0.00852	0.00878	0.01702	0.02100	0.07026	0.25223	0.20761	0.17844	0.01990	0.01019	0.00293	0.00510	0.05763	0.00854	0.07025
8	0.01463	0.01287	0.05397	0.01238	0.01425	0.01176	0.00899	0.02033	0.13482	0.02194	0.02993	0.09958	0.03139	0.45967	0.03230	0.00660	0.00817	0.01267	0.00612	0.00763
9	0.02144	0.09937	0.11368	0.02495	0.09326	0.15827	0.06881	0.02555	0.01886	0.02349	0.02084	0.02483	0.06482	0.01455	0.05549	0.00352	0.14516	0.00798	0.00446	0.01065
10	0.01246	0.00935	0.01402	0.01402	0.01558	0.01090	0.01090	0.01558	0.01402	0.02025	0.02336	0.03427	0.02181	0.06542	0.65888	0.01402	0.02336	0.00935	0.00467	0.00779
11	0.01803	0.01140	0.01270	0.01142	0.01545	0.01037	0.00889	0.02333	0.09733	0.16063	0.06992	0.06562	0.42468	0.01833	0.00979	0.00289	0.00539	0.01523	0.00879	0.00981
12	0.01259	0.00906	0.01235	0.01235	0.01378	0.00997	0.00919	0.01513	0.01457	0.02079	0.02995	0.04247	0.07540	0.17171	0.44691	0.01123	0.01771	0.01063	0.05690	0.00732

[dist]
# distance from previous block
# <min> <max>
0	10

[block]
# block no. 1 follows, 20 sequences, length 32
# corresponding to MSA columns:
# 120-151
name=unknown_B
#
# <colnr> <probs for GDERKNQSTAVLIFYWHMCP>
#	G	D	E	R	K	N	Q	S	T	A	V	L	I	F	Y	W	H	M	C	P
0	0.01879	0.03738	0.45392	0.03396	0.22841	0.02041	0.03050	0.02735	0.01887	0.02790	0.01589	0.01942	0.01193	0.00812	0.00840	0.00271	0.01209	0.00687	0.00388	0.01318
1	0.01141	0.00824	0.01096	0.01285	0.01386	0.00779	0.00940	0.01355	0.01769	0.02325	0.05017	0.51204	0.09234	0.02624	0.01130	0.00362	0.00571	0.15416	0.00808	0.00732
2	0.01647	0.01550	0.02616	0.67248	0.06008	0.01938	0.02422	0.02229	0.01744	0.02229	0.01550	0.02326	0.01163	0.00872	0.00872	0.00291	0.01163	0.00775	0.00388	0.00969
3	0.02054	0.01965	0.03351	0.18071	0.52008	0.02045	0.02625	0.02585	0.01936	0.02722	0.01622	0.02193	0.01337	0.00797	0.00865	0.00266	0.01062	0.00777	0.00423	0.01297
4	0.01459	0.02927	0.37873	0.01949	0.02715	0.01469	0.02204	0.02109	0.01769	0.02536	0.02935	0.30112	0.03075	0.01633	0.00949	0.00309	0.00958	0.01420	0.00555	0.01044
5	0.02059	0.02353	0.05147	0.03676	0.04559	0.02206	0.60735	0.02794	0.02059	0.02794	0.01765	0.02353	0.01324	0.00735	0.01029	0.00294	0.01471	0.01029	0.00441	0.01176
6	0.01506	0.01176	0.01523	0.01727	0.05177	0.01224	0.01282	0.02286	0.15094	0.02729	0.04280	0.26661	0.04540	0.02153	0.01088	0.00356	0.00697	0.24766	0.00803	0.00932
7	0.02159	0.02073	0.03541	0.05354	0.63903	0.02073	0.02677	0.02677	0.01986	0.02850	0.01641	0.02159	0.01382	0.00777	0.00864	0.00259	0.01036	0.00777	0.00432	0.01382
8	0.01306	0.00929	0.01168	0.01197	0.01371	0.00892	0.00871	0.01531	0.01909	0.06203	0.14854	0.34812	0.20884	0.02269	0.01174	0.00322	0.04724	0.01964	0.00823	0.00796
9	0.02446	0.02538	0.02065	0.01871	0.02338	0.22273	0.01434	0.04066	0.39716	0.03091	0.03170	0.03031	0.05840	0.01155	0.00864	0.00273	0.00955	0.00903	0.00744	0.01225
10	0.01055	0.00789	0.00981	0.01134	0.01244	0.00715	0.00774	0.01224	0.01748	0.02258	0.05789	0.54063	0.19848	0.02605	0.01093	0.00340	0.00490	0.02324	0.00810	0.00715
11	0.01260	0.00878	0.01117	0.01117	0.01174	0.00935	0.00735	0.01375	0.01317	0.01814	0.02597	0.04871	0.02808	0.46299	0.26988	0.01050	0.01393	0.01146	0.00506	0.00620
12	0.02780	0.01926	0.02046	0.01628	0.02170	0.02105	0.01326	0.42299	0.03381	0.04785	0.02332	0.02461	0.01722	0.01037	0.00789	0.00243	0.00784	0.00794	0.24120	0.01271
13	0.01588	0.00990	0.01190	0.01139	0.01453	0.00871	0.00890	0.01876	0.02132	0.12850	0.16180	0.11605	0.33244	0.02013	0.01032	0.00304	0.00534	0.08351	0.00879	0.00880
14	0.02776	0.03188	0.02728	0.03154	0.22016	0.38005	0.01944	0.06327	0.02360	0.02557	0.01699	0.05975	0.01515	0.00983	0.00836	0.00246	0.01302	0.00762	0.00490	0.01136
15	0.01647	0.01550	0.02616	0.67248	0.06008	0.01938	0.02422	0.02229	0.01744	0.02229	0.01550	0.02326	0.01163	0.00872	0.00872	0.00291	0.01163	0.00775	0.00388	0.00969
16	0.01513	0.00823	0.00857	0.00857	0.00996	0.00823	0.00584	0.01790	0.01651	0.02757	0.02815	0.04031	0.02532	0.22682	0.01824	0.00407	0.00546	0.00957	0.50831	0.00723
17	0.01411	0.00920	0.01136	0.01066	0.01256	0.00853	0.00756	0.01682	0.02083	0.07170	0.36408	0.06237	0.12204	0.20767	0.01977	0.00437	0.00560	0.01469	0.00831	0.00778
18	0.02419	0.46169	0.04062	0.02439	0.15789	0.11572	0.01778	0.02744	0.01914	0.02238	0.01325	0.01589	0.01177	0.00774	0.00657	0.00208	0.01042	0.00547	0.00396	0.01162
19	0.01148	0.00839	0.00943	0.00987	0.01092	0.00781	0.00633	0.01251	0.01585	0.02019	0.05129	0.20356	0.22885	0.33486	0.02631	0.00563	0.00643	0.01715	0.00679	0.00634
20	0.01164	0.00860	0.00951	0.00955	0.01091	0.00794	0.00626	0.01299	0.01690	0.02163	0.11575	0.10160	0.26792	0.33166	0.02608	0.00550	0.00628	0.01583	0.00696	0.00648
21	0.03258	0.04157	0.02472	0.02247	0.02697	0.65843	0.01685	0.03483	0.02472	0.02135	0.01348	0.01573	0.01124	0.00899	0.00787	0.00225	0.01573	0.00562	0.00449	0.01011
22	0.02626	0.49033	0.03905	0.01732	0.02384	0.23235	0.01554	0.02888	0.01994	0.02078	0.01256	0.01454	0.01121	0.00795	0.00632	0.00199	0.01136	0.00497	0.00397	0.01085
23	0.17801	0.01385	0.01419	0.01361	0.01688	0.01528	0.01045	0.02709	0.20846	0.02994	0.03364	0.04853	0.06636	0.17294	0.01703	0.00436	0.00726	0.10553	0.00709	0.00949
24	0.01443	0.00869	0.01064	0.01095	0.01270	0.00832	0.00813	0.01765	0.01965	0.05270	0.18815	0.19548	0.04890	0.06047	0.01142	0.00319	0.00512	0.07433	0.24107	0.00799
25	0.01203	0.00818	0.00971	0.01035	0.01051	0.00802	0.00618	0.01251	0.01396	0.01861	0.03401	0.25706	0.03995	0.48223	0.03385	0.00690	0.00738	0.01653	0.00618	0.00586
26	0.01076	0.00765	0.01008	0.01198	0.01246	0.00717	0.00792	0.01218	0.01645	0.02193	0.04679	0.64846	0.05607	0.06883	0.01321	0.00385	0.00527	0.02404	0.00792	0.00697
27	0.01098	0.00838	0.01009	0.01069	0.01245	0.00749	0.00763	0.01343	0.01994	0.02613	0.21939	0.31217	0.26377	0.02297	0.01062	0.00312	0.00459	0.02017	0.00850	0.00749
28	0.02275	0.02292	0.03428	0.05027	0.57460	0.08786	0.02573	0.02762	0.02037	0.02774	0.01610	0.02097	0.01355	0.00790	0.00855	0.00255	0.01093	0.00755	0.00434	0.01343
29	0.01201	0.00907	0.01120	0.01114	0.01346	0.00826	0.00868	0.01554	0.02253	0.03017	0.37826	0.07603	0.24225	0.02010	0.01057	0.00301	0.00483	0.10607	0.00891	0.00794
30	0.01802	0.00992	0.01216	0.01149	0.01356	0.00922	0.00805	0.01951	0.01731	0.15646	0.04083	0.12803	0.11520	0.33197	0.02601	0.00559	0.00728	0.05396	0.00738	0.00805
31	0.01973	0.01928	0.01603	0.01532	0.01792	0.21557	0.01166	0.02280	0.01842	0.02348	0.02143	0.02798	0.01858	0.03454	0.29906	0.00747	0.01641	0.00788	0.17784	0.00861

[dist]
# distance from previous block
# <min> <max>
0	2

[block]
# block no. 2 follows, 20 sequences, length 6
# corresponding to MSA columns:
# 154-159
name=unknown_C
#
# <colnr> <probs for GDERKNQSTAVLIFYWHMCP>
#	G	D	E	R	K	N	Q	S	T	A	V	L	I	F	Y	W	H	M	C	P
0	0.01997	0.02008	0.02554	0.02501	0.11497	0.14609	0.12540	0.02415	0.01890	0.02487	0.01997	0.02635	0.01694	0.02668	0.21594	0.00615	0.01553	0.00836	0.10914	0.00995
1	0.01513	0.00925	0.01122	0.01109	0.01321	0.00834	0.00783	0.01705	0.01871	0.11112	0.10606	0.24926	0.21141	0.14985	0.01684	0.00412	0.00578	0.01762	0.00808	0.00802
2	0.19993	0.01561	0.01546	0.01314	0.01757	0.01681	0.01042	0.20623	0.02501	0.03900	0.07783	0.03648	0.11671	0.05801	0.01030	0.00301	0.00682	0.00969	0.11169	0.01027
3	0.11250	0.02001	0.11371	0.14811	0.13309	0.01755	0.01884	0.06278	0.05599	0.02948	0.02890	0.11191	0.08689	0.01253	0.00870	0.00287	0.00894	0.01062	0.00574	0.01084
4	0.02535	0.12649	0.11428	0.02458	0.03198	0.19863	0.16630	0.09514	0.08059	0.02882	0.01753	0.01996	0.01357	0.00871	0.00840	0.00254	0.01269	0.00741	0.00514	0.01191
5	0.02529	0.02339	0.02562	0.02665	0.16056	0.11225	0.01767	0.16535	0.16900	0.03501	0.02120	0.02270	0.01651	0.00983	0.00954	0.00257	0.04898	0.00769	0.00651	0.09369

[dist]
# distance from previous block
# <min> <max>
2	13

[block]
# block no. 3 follows, 20 sequences, length 105
# corresponding to MSA columns:
# 173-277
name=unknown_D
#
# <colnr> <probs for GDERKNQSTAVLIFYWHMCP>
#	G	D	E	R	K	N	Q	S	T	A	V	L	I	F	Y	W	H	M	C	P
0	0.01914	0.02210	0.07567	0.02200	0.10378	0.14529	0.01598	0.02249	0.01897	0.02418	0.02859	0.18224	0.07535	0.01460	0.01124	0.00276	0.08806	0.01177	0.00557	0.11023
1	0.02386	0.02497	0.02840	0.15421	0.15784	0.18234	0.05631	0.06822	0.10434	0.02763	0.01805	0.02179	0.01433	0.00963	0.01036	0.00275	0.07052	0.00766	0.00515	0.01165
2	0.30936	0.02089	0.11441	0.02004	0.06545	0.01910	0.06554	0.02401	0.01730	0.03211	0.09695	0.02427	0.02075	0.01229	0.03287	0.00327	0.09815	0.00769	0.00531	0.01025
3	0.02647	0.05630	0.02426	0.05728	0.02653	0.35961	0.01630	0.05487	0.06476	0.02434	0.01741	0.05937	0.01549	0.01098	0.01082	0.00256	0.10162	0.00752	0.00509	0.05844
4	0.04271	0.00984	0.01177	0.01113	0.01405	0.00885	0.00839	0.01861	0.02148	0.11877	0.24622	0.16348	0.25311	0.01939	0.01003	0.00293	0.00495	0.01666	0.00888	0.00877
5	0.01403	0.01119	0.01612	0.01537	0.01665	0.01384	0.01219	0.01697	0.01418	0.02124	0.02136	0.03115	0.01980	0.05171	0.48939	0.01118	0.15134	0.00892	0.05522	0.00816
6	0.02279	0.02281	0.03024	0.07703	0.39806	0.10614	0.02264	0.03161	0.14411	0.02883	0.01988	0.02315	0.01597	0.00882	0.00859	0.00264	0.01044	0.00791	0.00525	0.01309
7	0.01158	0.00852	0.01041	0.01060	0.01216	0.00782	0.00744	0.01408	0.02004	0.02698	0.29511	0.21507	0.18026	0.12185	0.01559	0.00383	0.00505	0.01798	0.00830	0.00735
8	0.01618	0.00982	0.01147	0.01083	0.01407	0.00844	0.00819	0.01861	0.02062	0.14685	0.10180	0.17352	0.38588	0.02050	0.01014	0.00299	0.00510	0.01743	0.00872	0.00884
9	0.01348	0.00936	0.01041	0.01024	0.01067	0.00962	0.00604	0.01565	0.06652	0.01864	0.02819	0.05492	0.03126	0.63335	0.04127	0.00797	0.00832	0.01244	0.00560	0.00604
10	0.01087	0.00826	0.00989	0.01072	0.01228	0.00741	0.00750	0.01295	0.01883	0.02442	0.15005	0.35978	0.25815	0.05229	0.01213	0.00342	0.00484	0.02073	0.00821	0.00728
11	0.01515	0.00758	0.01136	0.01136	0.01136	0.00758	0.00758	0.01136	0.01136	0.01515	0.01515	0.02652	0.01515	0.03030	0.03409	0.74621	0.00758	0.00758	0.00379	0.00379
12	0.01080	0.00766	0.01007	0.01192	0.01239	0.00720	0.00786	0.01219	0.01636	0.02182	0.04634	0.63467	0.05551	0.08339	0.01393	0.00396	0.00535	0.02378	0.00786	0.00693
13	0.01079	0.00774	0.01000	0.01173	0.01233	0.00722	0.00777	0.01221	0.01653	0.02187	0.04854	0.59802	0.08806	0.08577	0.01402	0.00394	0.00532	0.02337	0.00785	0.00694
14	0.01473	0.00955	0.01090	0.01088	0.01199	0.00969	0.00743	0.05153	0.01666	0.02372	0.03064	0.08235	0.03245	0.40205	0.02909	0.00606	0.00748	0.08795	0.14799	0.00686
15	0.01073	0.00782	0.00991	0.01152	0.01231	0.00722	0.00770	0.01223	0.01684	0.02206	0.05200	0.56224	0.13313	0.07390	0.01338	0.00381	0.00522	0.02308	0.00790	0.00699
16	0.01383	0.01062	0.01465	0.01405	0.01505	0.01270	0.01065	0.01613	0.01392	0.02048	0.02272	0.03670	0.02236	0.19049	0.37977	0.01036	0.12289	0.00972	0.05538	0.00755
17	0.01079	0.00886	0.00950	0.00934	0.01208	0.00757	0.00701	0.01345	0.02102	0.02627	0.21759	0.07950	0.50458	0.02108	0.01030	0.00290	0.00435	0.01779	0.00846	0.00757
18	0.01940	0.01666	0.01757	0.01598	0.02045	0.01873	0.01237	0.03943	0.49690	0.03430	0.07184	0.04246	0.12880	0.01379	0.00918	0.00295	0.00637	0.01153	0.00878	0.01249
19	0.03316	0.02443	0.02618	0.02007	0.02705	0.02705	0.01658	0.60995	0.04101	0.05497	0.02094	0.02094	0.01483	0.01047	0.00873	0.00262	0.00960	0.00785	0.00873	0.01483
20	0.01354	0.01002	0.01263	0.01255	0.01294	0.01106	0.00875	0.01461	0.01410	0.01922	0.02903	0.09755	0.03269	0.43540	0.07362	0.00729	0.09438	0.08855	0.00561	0.00647
21	0.01612	0.01055	0.01155	0.01071	0.01212	0.01087	0.00707	0.09423	0.01805	0.02579	0.05021	0.04770	0.02956	0.44098	0.03074	0.00619	0.00757	0.01126	0.15152	0.00724
22	0.02170	0.01874	0.01972	0.01775	0.02268	0.02170	0.01381	0.04635	0.62327	0.03649	0.03550	0.03254	0.02663	0.01183	0.00888	0.00296	0.00690	0.00986	0.00888	0.01381
23	0.01268	0.00846	0.00951	0.00951	0.00951	0.00846	0.00529	0.01268	0.01268	0.01691	0.02748	0.05708	0.03171	0.69345	0.04440	0.00846	0.00846	0.01268	0.00529	0.00529
24	0.01475	0.01258	0.01786	0.01656	0.01741	0.01605	0.01308	0.01711	0.01364	0.02013	0.01974	0.03161	0.01936	0.11823	0.37463	0.00991	0.24565	0.00913	0.00445	0.00811
25	0.01365	0.00951	0.01123	0.01152	0.01234	0.00954	0.00743	0.06513	0.01682	0.02245	0.03529	0.31067	0.04080	0.36202	0.02771	0.00594	0.00717	0.01719	0.00673	0.00686
26	0.01647	0.01550	0.02616	0.67248	0.06008	0.01938	0.02422	0.02229	0.01744	0.02229	0.01550	0.02326	0.01163	0.00872	0.00872	0.00291	0.01163	0.00775	0.00388	0.00969
27	0.02159	0.02064	0.03471	0.05195	0.61158	0.02077	0.02619	0.02764	0.04674	0.02885	0.01726	0.02208	0.01439	0.00795	0.00865	0.00261	0.01021	0.00787	0.00452	0.01382
28	0.01206	0.00866	0.01117	0.01151	0.01240	0.00901	0.00788	0.01361	0.01443	0.01956	0.03448	0.15873	0.08177	0.30109	0.25516	0.00915	0.01287	0.01403	0.00578	0.00665
29	0.01237	0.00849	0.01035	0.01062	0.01095	0.00868	0.00660	0.01310	0.01345	0.01819	0.02955	0.13761	0.03352	0.49893	0.14310	0.00873	0.01050	0.01374	0.00556	0.00595
30	0.01031	0.00884	0.00884	0.00884	0.01178	0.00736	0.00663	0.01252	0.01988	0.02356	0.08837	0.08395	0.63549	0.02209	0.01031	0.00295	0.00442	0.01841	0.00810	0.00736
31	0.01298	0.00959	0.01244	0.01333	0.01518	0.00939	0.01041	0.01766	0.06192	0.02813	0.21313	0.24850	0.08576	0.02231	0.01100	0.00341	0.00586	0.20226	0.00855	0.00819
32	0.03170	0.04010	0.02485	0.02250	0.02670	0.61717	0.01700	0.03393	0.02398	0.02133	0.01335	0.01595	0.01125	0.00940	0.00922	0.00235	0.05895	0.00575	0.00445	0.01008
33	0.01385	0.00934	0.01175	0.01214	0.01433	0.00861	0.00940	0.01670	0.02018	0.06849	0.16825	0.17977	0.19995	0.06790	0.01312	0.00364	0.00587	0.16033	0.00836	0.00803
34	0.01084	0.00880	0.00961	0.00953	0.01214	0.00757	0.00710	0.01350	0.02096	0.02640	0.22506	0.10709	0.46842	0.02125	0.01034	0.00292	0.00437	0.01804	0.00848	0.00757
35	0.01809	0.01550	0.01809	0.01292	0.02067	0.01163	0.01034	0.02196	0.01809	0.02842	0.01550	0.01809	0.01292	0.00646	0.00646	0.00129	0.00646	0.00517	0.00517	0.74677
36	0.02136	0.10731	0.31261	0.02614	0.08339	0.10451	0.05812	0.04890	0.01955	0.02627	0.01481	0.01834	0.01164	0.00921	0.01082	0.00273	0.10153	0.00669	0.00409	0.01199
37	0.02207	0.06955	0.20776	0.11964	0.23058	0.15069	0.02531	0.02801	0.01999	0.02551	0.01524	0.01929	0.01206	0.00828	0.00822	0.00257	0.01229	0.00678	0.00408	0.01210
38	0.01774	0.01711	0.02414	0.02110	0.02141	0.02351	0.01742	0.01989	0.01349	0.02084	0.01387	0.02217	0.01355	0.02545	0.15661	0.00589	0.54465	0.00798	0.00399	0.00919
39	0.02284	0.15954	0.03029	0.06555	0.02627	0.08354	0.01806	0.10212	0.01923	0.02556	0.01332	0.01829	0.01184	0.01204	0.01809	0.00306	0.34832	0.00689	0.00452	0.01065
40	0.02973	0.22053	0.03094	0.02195	0.06530	0.40182	0.01670	0.03239	0.02248	0.06232	0.01466	0.01654	0.01207	0.00860	0.00735	0.00219	0.01306	0.00570	0.00468	0.01096
41	0.01063	0.00759	0.01012	0.01215	0.01265	0.00709	0.00810	0.01215	0.01670	0.02227	0.04808	0.68775	0.05769	0.02733	0.01113	0.00354	0.00506	0.02480	0.00810	0.00709
42	0.01268	0.00846	0.00951	0.00951	0.00951	0.00846	0.00529	0.01268	0.01268	0.01691	0.02748	0.05708	0.03171	0.69345	0.04440	0.00846	0.00846	0.01268	0.00529	0.00529
43	0.02982	0.02295	0.02568	0.02255	0.08013	0.02541	0.01692	0.44437	0.15708	0.04890	0.02349	0.02335	0.01713	0.01051	0.00875	0.00268	0.00912	0.00825	0.00837	0.01454
44	0.01063	0.00759	0.01012	0.01215	0.01265	0.00709	0.00810	0.01215	0.01670	0.02227	0.04808	0.68775	0.05769	0.02733	0.01113	0.00354	0.00506	0.02480	0.00810	0.00709
45	0.01283	0.00846	0.01072	0.01086	0.01121	0.00874	0.00693	0.01306	0.01306	0.01772	0.02641	0.09175	0.02927	0.43140	0.16551	0.10792	0.01113	0.01216	0.00515	0.00572
46	0.16813	0.01944	0.02960	0.04187	0.46166	0.01980	0.02212	0.02793	0.01932	0.08497	0.01715	0.02084	0.01364	0.00810	0.00801	0.00262	0.00939	0.00726	0.00510	0.01304
47	0.01235	0.00892	0.01166	0.01097	0.01303	0.00823	0.00823	0.01646	0.02469	0.03498	0.63443	0.06516	0.08230	0.01783	0.01029	0.00274	0.00412	0.01578	0.00960	0.00823
48	0.01268	0.00846	0.00951	0.00951	0.00951	0.00846	0.00529	0.01268	0.01268	0.01691	0.02748	0.05708	0.03171	0.69345	0.04440	0.00846	0.00846	0.01268	0.00529	0.00529
49	0.02278	0.02433	0.03606	0.09949	0.36473	0.12792	0.14278	0.02797	0.02061	0.02664	0.01609	0.02115	0.01307	0.00797	0.00885	0.00263	0.01226	0.00792	0.00433	0.01241
50	0.02056	0.03123	0.31082	0.03313	0.24053	0.02030	0.02657	0.03096	0.11408	0.05786	0.01989	0.02224	0.01493	0.00878	0.00852	0.00273	0.01083	0.00754	0.00504	0.01344
51	0.01110	0.00887	0.00993	0.00967	0.01227	0.00770	0.00725	0.01405	0.02175	0.02799	0.30021	0.07666	0.42089	0.02044	0.01030	0.00287	0.00430	0.01739	0.00868	0.00770
52	0.02083	0.01817	0.02972	0.04306	0.48066	0.01785	0.02251	0.02545	0.02021	0.06799	0.02859	0.03478	0.09581	0.01080	0.00907	0.00273	0.00927	0.04435	0.00545	0.01271
53	0.02293	0.02113	0.01902	0.01680	0.02083	0.14794	0.01313	0.12975	0.16631	0.03236	0.03238	0.03323	0.10107	0.01569	0.04968	0.00337	0.05327	0.00940	0.10071	0.01100
54	0.01339	0.01024	0.01180	0.01164	0.01378	0.01011	0.00860	0.01871	0.09987	0.02651	0.18312	0.06794	0.19810	0.19068	0.01901	0.00445	0.00619	0.09006	0.00782	0.00798
55	0.02050	0.30488	0.03759	0.14927	0.03316	0.02684	0.10287	0.02448	0.01737	0.02257	0.01371	0.01834	0.01174	0.00894	0.01082	0.00252	0.12252	0.00662	0.00397	0.06130
56	0.12318	0.01955	0.02704	0.05718	0.02910	0.01966	0.14275	0.19438	0.02442	0.03635	0.01708	0.02038	0.01314	0.00964	0.00964	0.04806	0.00957	0.00730	0.00591	0.18568
57	0.02456	0.11891	0.10566	0.11276	0.11390	0.20605	0.04096	0.07039	0.07516	0.02696	0.01683	0.01973	0.01328	0.00880	0.00807	0.00251	0.01204	0.00685	0.00486	0.01174
58	0.02514	0.13092	0.28390	0.02245	0.03079	0.31259	0.02292	0.03070	0.02119	0.02382	0.01419	0.01660	0.01115	0.00850	0.00774	0.00241	0.01371	0.00583	0.00406	0.01140
59	0.01078	0.00882	0.00956	0.00982	0.01241	0.00761	0.00742	0.01323	0.02005	0.02464	0.13013	0.13413	0.49655	0.02230	0.01050	0.00305	0.00470	0.05859	0.00823	0.00746
60	0.03005	0.02398	0.02423	0.01895	0.02553	0.07973	0.01537	0.45248	0.03537	0.04693	0.02075	0.04980	0.01617	0.01054	0.00845	0.00245	0.00951	0.00805	0.00784	0.11382
61	0.01483	0.00967	0.01128	0.01043	0.01359	0.00838	0.00798	0.01782	0.02213	0.11042	0.25938	0.07056	0.37283	0.01919	0.01010	0.00285	0.00472	0.01626	0.00895	0.00865
62	0.01063	0.00759	0.01012	0.01215	0.01265	0.00709	0.00810	0.01215	0.01670	0.02227	0.04808	0.68775	0.05769	0.02733	0.01113	0.00354	0.00506	0.02480	0.00810	0.00709
63	0.01503	0.01716	0.14243	0.01551	0.01935	0.01349	0.01473	0.01971	0.01594	0.02493	0.02204	0.02927	0.01885	0.03535	0.30526	0.00779	0.07401	0.00830	0.19179	0.00907
64	0.01252	0.00848	0.00947	0.00947	0.00967	0.00838	0.00538	0.01267	0.01318	0.01737	0.03167	0.05893	0.07325	0.64726	0.04205	0.00808	0.00818	0.01308	0.00548	0.00543
65	0.01252	0.00910	0.01278	0.01278	0.01391	0.01023	0.00936	0.01478	0.01365	0.01934	0.02449	0.04052	0.02452	0.23752	0.49049	0.01249	0.01928	0.01026	0.00484	0.00710
66	0.02473	0.24771	0.24197	0.02003	0.02916	0.02716	0.02132	0.22651	0.02593	0.03471	0.01633	0.01786	0.01239	0.00877	0.00757	0.00243	0.01062	0.00636	0.00543	0.01301
67	0.01751	0.01656	0.02804	0.54680	0.17764	0.01965	0.02474	0.02320	0.01793	0.02355	0.01569	0.02292	0.01207	0.00853	0.00870	0.00284	0.01137	0.00776	0.00397	0.01053
68	0.01220	0.00902	0.01059	0.01105	0.01270	0.00847	0.00817	0.01426	0.01784	0.02275	0.09470	0.07728	0.24530	0.24843	0.02223	0.00506	0.00668	0.15913	0.00724	0.00689
69	0.01953	0.03092	0.25579	0.03269	0.04291	0.02144	0.41045	0.02783	0.01984	0.02783	0.01696	0.02178	0.01249	0.00767	0.00961	0.00288	0.01408	0.00898	0.00416	0.01215
70	0.01991	0.01907	0.03209	0.23375	0.42611	0.02074	0.02549	0.02505	0.01870	0.02615	0.01580	0.02191	0.01301	0.00857	0.01004	0.00277	0.05663	0.00776	0.00415	0.01231
71	0.02271	0.01924	0.02029	0.01796	0.02307	0.02217	0.01405	0.09605	0.57193	0.03812	0.03422	0.03152	0.02559	0.01171	0.00886	0.00293	0.00714	0.00968	0.00886	0.01390
72	0.01246	0.00935	0.01402	0.01402	0.01558	0.01090	0.01090	0.01558	0.01402	0.02025	0.02336	0.03427	0.02181	0.06542	0.65888	0.01402	0.02336	0.00935	0.00467	0.00779
73	0.01204	0.00887	0.01042	0.01090	0.01243	0.00831	0.00788	0.01398	0.01768	0.02270	0.10271	0.11771	0.23013	0.24861	0.02219	0.00504	0.00651	0.12778	0.00726	0.00685
74	0.01095	0.00880	0.00940	0.00928	0.01170	0.00765	0.00673	0.01320	0.01977	0.02463	0.17227	0.07737	0.46566	0.10696	0.01465	0.00361	0.00488	0.01724	0.00799	0.00724
75	0.01106	0.00900	0.00988	0.01004	0.01275	0.00782	0.00779	0.01376	0.02056	0.02544	0.15744	0.08322	0.48601	0.02176	0.01053	0.00305	0.00483	0.08919	0.00830	0.00757
76	0.03192	0.04017	0.02441	0.02218	0.02670	0.61933	0.01667	0.03554	0.06147	0.02228	0.01484	0.01676	0.01218	0.00916	0.00793	0.00229	0.01519	0.00588	0.00476	0.01034
77	0.02306	0.02351	0.03398	0.04939	0.55717	0.10602	0.02544	0.02785	0.02051	0.02754	0.01602	0.02081	0.01347	0.00793	0.00853	0.00254	0.01108	0.00748	0.00434	0.01332
78	0.01267	0.00848	0.00960	0.00957	0.00966	0.00845	0.00541	0.01284	0.01319	0.01767	0.05287	0.05742	0.03383	0.66519	0.04297	0.00822	0.00828	0.01281	0.00547	0.00541
79	0.01189	0.00812	0.00975	0.01053	0.01073	0.00792	0.00638	0.01248	0.01424	0.01899	0.03547	0.30175	0.04179	0.43503	0.03149	0.00655	0.00714	0.01738	0.00638	0.00598
80	0.01750	0.04512	0.64825	0.02486	0.03775	0.02026	0.03223	0.02762	0.01842	0.02762	0.01565	0.01842	0.01105	0.00829	0.00829	0.00276	0.01289	0.00645	0.00368	0.01289
81	0.02332	0.69869	0.04571	0.01493	0.02239	0.03451	0.01493	0.02612	0.01772	0.02052	0.01213	0.01399	0.01119	0.00746	0.00560	0.00187	0.00933	0.00466	0.00373	0.01119
82	0.01085	0.00889	0.00962	0.00973	0.01241	0.00765	0.00740	0.01341	0.02043	0.02521	0.15682	0.10335	0.50152	0.02184	0.01045	0.00301	0.00465	0.05693	0.00830	0.00752
83	0.01809	0.01550	0.01809	0.01292	0.02067	0.01163	0.01034	0.02196	0.01809	0.02842	0.01550	0.01809	0.01292	0.00646	0.00646	0.00129	0.00646	0.00517	0.00517	0.74677
84	0.02059	0.02353	0.05147	0.03676	0.04559	0.02206	0.60735	0.02794	0.02059	0.02794	0.01765	0.02353	0.01324	0.00735	0.01029	0.00294	0.01471	0.01029	0.00441	0.01176
85	0.01268	0.00846	0.00951	0.00951	0.00951	0.00846	0.00529	0.01268	0.01268	0.01691	0.02748	0.05708	0.03171	0.69345	0.04440	0.00846	0.00846	0.01268	0.00529	0.00529
86	0.01193	0.00830	0.00976	0.01022	0.01075	0.00800	0.00632	0.01280	0.01518	0.02013	0.08112	0.21897	0.09509	0.41842	0.03059	0.00633	0.00694	0.01646	0.00655	0.00613
87	0.01063	0.00759	0.01012	0.01215	0.01265	0.00709	0.00810	0.01215	0.01670	0.02227	0.04808	0.68775	0.05769	0.02733	0.01113	0.00354	0.00506	0.02480	0.00810	0.00709
88	0.01447	0.00863	0.01054	0.01054	0.01221	0.00923	0.00789	0.01781	0.01614	0.02638	0.02639	0.03536	0.02297	0.09185	0.26272	0.00725	0.01194	0.00900	0.39093	0.00775
89	0.01364	0.00984	0.01227	0.01321	0.01458	0.00976	0.00923	0.09210	0.01995	0.02664	0.04445	0.59857	0.05196	0.02507	0.01081	0.00342	0.00567	0.02253	0.00818	0.00812
90	0.01060	0.00768	0.01003	0.01191	0.01259	0.00710	0.00799	0.01217	0.01693	0.02236	0.05094	0.64490	0.09870	0.02696	0.01108	0.00350	0.00502	0.02434	0.00810	0.00710
91	0.01382	0.00979	0.01309	0.01275	0.01395	0.01127	0.00956	0.01638	0.01451	0.02200	0.02413	0.03722	0.02301	0.17788	0.35268	0.00968	0.07429	0.00964	0.14685	0.00750
92	0.01242	0.00953	0.01076	0.01065	0.01272	0.00903	0.00771	0.01613	0.06034	0.02519	0.17333	0.07095	0.27841	0.19499	0.01920	0.00443	0.00588	0.06311	0.00771	0.00749
93	0.01390	0.00998	0.01162	0.01143	0.01353	0.00982	0.00826	0.01778	0.11803	0.02276	0.05165	0.09719	0.28116	0.02354	0.01827	0.25746	0.00596	0.01370	0.00675	0.00720
94	0.01148	0.00827	0.01106	0.01299	0.01399	0.00785	0.00954	0.01367	0.01771	0.02330	0.04946	0.51003	0.08250	0.02626	0.01133	0.00364	0.00579	0.16571	0.00808	0.00734
95	0.03117	0.08514	0.02692	0.02416	0.07009	0.57040	0.01743	0.03366	0.02389	0.02180	0.01360	0.01603	0.01142	0.00880	0.00776	0.00225	0.01491	0.00571	0.00443	0.01045
96	0.70450	0.01881	0.05638	0.01239	0.01830	0.01962	0.01101	0.02578	0.01509	0.03835	0.01239	0.01446	0.00956	0.00811	0.00560	0.00270	0.00717	0.00484	0.00528	0.00968
97	0.20754	0.02227	0.08585	0.03807	0.34849	0.02057	0.10050	0.02672	0.01856	0.03105	0.01542	0.01968	0.01238	0.00784	0.00800	0.00268	0.01025	0.00722	0.00455	0.01235
98	0.07111	0.65417	0.04356	0.01470	0.02203	0.03354	0.01457	0.02609	0.01754	0.02174	0.01213	0.01400	0.01108	0.00750	0.00558	0.00192	0.00916	0.00467	0.00384	0.01108
99	0.06345	0.10793	0.02357	0.02351	0.17396	0.01818	0.01496	0.02553	0.11314	0.02830	0.06784	0.03202	0.06255	0.02048	0.12392	0.00458	0.01044	0.00904	0.06575	0.01085
100	0.01221	0.00872	0.01040	0.01028	0.01133	0.00857	0.00679	0.01374	0.01621	0.02173	0.14783	0.05979	0.13574	0.37882	0.11491	0.00728	0.00901	0.01372	0.00644	0.00649
101	0.01087	0.00804	0.00970	0.01089	0.01193	0.00737	0.00728	0.01233	0.01686	0.02174	0.05495	0.43521	0.19918	0.13202	0.01622	0.00417	0.00544	0.02126	0.00765	0.00687
102	0.01134	0.00880	0.00991	0.01003	0.01214	0.00786	0.00731	0.01366	0.01954	0.02487	0.18084	0.11416	0.36074	0.12475	0.01570	0.00386	0.00525	0.05405	0.00796	0.00724
103	0.01231	0.00852	0.00941	0.00941	0.00987	0.00829	0.00550	0.01266	0.01381	0.01796	0.03704	0.06130	0.12648	0.58807	0.03905	0.00759	0.00782	0.01358	0.00573	0.00561
104	0.02221	0.02024	0.01760	0.01635	0.01969	0.17617	0.01213	0.06834	0.14430	0.07022	0.07042	0.19815	0.03357	0.07538	0.01240	0.00336	0.00884	0.01301	0.00743	0.01019

[dist]
# distance from previous block
# <min> <max>
0	3

[block]
# block no. 4 follows, 20 sequences, length 24
# corresponding to MSA columns:
# 281-304
name=unknown_E
#
# <colnr> <probs for GDERKNQSTAVLIFYWHMCP>
#	G	D	E	R	K	N	Q	S	T	A	V	L	I	F	Y	W	H	M	C	P
0	0.01272	0.00940	0.01229	0.01357	0.01561	0.00896	0.01121	0.01612	0.02023	0.02625	0.12578	0.15583	0.17238	0.02329	0.01139	0.00360	0.00651	0.33880	0.00824	0.00782
1	0.05727	0.00883	0.00981	0.01024	0.01194	0.00840	0.00714	0.01464	0.01786	0.02548	0.11854	0.24438	0.19267	0.12807	0.01519	0.00385	0.00532	0.01699	0.09613	0.00727
2	0.01589	0.01078	0.01386	0.01315	0.01546	0.01204	0.01028	0.08609	0.01831	0.02758	0.02445	0.03225	0.02114	0.04422	0.40828	0.00948	0.01659	0.00885	0.20261	0.00870
3	0.02528	0.01834	0.02077	0.01629	0.02186	0.01875	0.01296	0.32642	0.02851	0.03923	0.01826	0.02151	0.01443	0.01403	0.01399	0.17313	0.00835	0.00712	0.00671	0.19404
4	0.01177	0.00875	0.01007	0.00982	0.01155	0.00801	0.00680	0.01400	0.01945	0.02570	0.26855	0.06896	0.25100	0.22429	0.02065	0.00454	0.00553	0.01571	0.00779	0.00705
5	0.09814	0.00941	0.01053	0.01069	0.01252	0.00915	0.00752	0.01507	0.01850	0.02697	0.20810	0.21876	0.15404	0.14316	0.01616	0.00402	0.00551	0.01667	0.00768	0.00739
6	0.01253	0.00907	0.01262	0.01262	0.01370	0.01015	0.00916	0.01468	0.01361	0.01922	0.02464	0.04133	0.02487	0.25988	0.46861	0.01230	0.01875	0.01038	0.00486	0.00701
7	0.01217	0.00865	0.00999	0.00980	0.01090	0.00820	0.00635	0.01371	0.01733	0.02316	0.20842	0.06412	0.15314	0.38483	0.02878	0.00588	0.00652	0.01457	0.00700	0.00648
8	0.01968	0.01311	0.01561	0.01342	0.01719	0.01304	0.01052	0.13485	0.06093	0.10602	0.36727	0.05254	0.10871	0.01567	0.00974	0.00274	0.00572	0.01337	0.00939	0.01047
9	0.01407	0.00922	0.01101	0.01104	0.01332	0.00827	0.00809	0.01629	0.01932	0.08671	0.11979	0.20441	0.27464	0.10594	0.01473	0.00380	0.00559	0.05764	0.00817	0.00794
10	0.20677	0.02388	0.01996	0.12558	0.02779	0.20691	0.01479	0.09245	0.06453	0.03191	0.01753	0.02023	0.01358	0.00922	0.00736	0.00254	0.01022	0.00658	0.08773	0.01043
11	0.01956	0.01317	0.01554	0.01403	0.01760	0.01341	0.01075	0.09112	0.14771	0.11287	0.21243	0.16891	0.09275	0.01700	0.00979	0.00294	0.00593	0.01469	0.00911	0.01068
12	0.01160	0.00840	0.00989	0.01027	0.01140	0.00784	0.00679	0.01317	0.01733	0.02283	0.15122	0.22094	0.17854	0.26445	0.02279	0.00504	0.00598	0.01748	0.00735	0.00670
13	0.01949	0.07881	0.02022	0.01648	0.01981	0.13843	0.01305	0.05804	0.08598	0.02431	0.02170	0.02797	0.01898	0.04035	0.36650	0.00880	0.01803	0.00819	0.00526	0.00961
14	0.01821	0.01851	0.03123	0.06493	0.03003	0.02237	0.17807	0.02187	0.01591	0.02303	0.01731	0.08096	0.01665	0.01659	0.05613	0.00407	0.35988	0.00999	0.00441	0.00984
15	0.67212	0.01598	0.01269	0.01142	0.01644	0.01830	0.00931	0.02462	0.01594	0.03867	0.08164	0.01986	0.01758	0.00918	0.00594	0.00270	0.00645	0.00596	0.00587	0.00931
16	0.01382	0.01025	0.01228	0.01247	0.01445	0.00979	0.00878	0.07969	0.01953	0.02603	0.04560	0.43932	0.11473	0.08269	0.01340	0.00365	0.00589	0.01969	0.00771	0.06024
17	0.25241	0.07545	0.02327	0.08165	0.02627	0.16212	0.01535	0.13347	0.02207	0.03298	0.01429	0.01719	0.01140	0.00957	0.00959	0.00267	0.08804	0.00612	0.00535	0.01074
18	0.01345	0.00935	0.01255	0.01276	0.01406	0.01047	0.00963	0.01632	0.01570	0.02386	0.02986	0.19495	0.03007	0.03843	0.28804	0.00767	0.06362	0.01275	0.18865	0.00783
19	0.16037	0.01826	0.01806	0.01378	0.02079	0.06307	0.01102	0.05770	0.01930	0.03146	0.01503	0.01733	0.01224	0.00720	0.00650	0.00171	0.00740	0.00527	0.00537	0.50815
20	0.19942	0.01260	0.01418	0.08592	0.02050	0.01333	0.01104	0.05213	0.01918	0.06738	0.06826	0.18440	0.13128	0.03622	0.01000	0.00319	0.00673	0.04810	0.00715	0.00897
21	0.01154	0.00849	0.01090	0.01180	0.01333	0.00785	0.00868	0.01426	0.02001	0.02677	0.22957	0.33445	0.15100	0.02328	0.01087	0.00327	0.00506	0.09273	0.00854	0.00759
22	0.43140	0.01359	0.01287	0.06148	0.01830	0.01527	0.00977	0.02080	0.01566	0.03182	0.05209	0.15606	0.02530	0.08898	0.01139	0.00353	0.00684	0.01038	0.00601	0.00847
23	0.02329	0.01641	0.02092	0.17927	0.03085	0.01828	0.01568	0.09793	0.22394	0.13000	0.06964	0.03034	0.02386	0.01257	0.01082	0.05920	0.00831	0.00919	0.00759	0.01191

[dist]
# distance from previous block
# <min> <max>
5	6

[block]
# block no. 5 follows, 20 sequences, length 88
# corresponding to MSA columns:
# 311-398
name=unknown_F
#
# <colnr> <probs for GDERKNQSTAVLIFYWHMCP>
#	G	D	E	R	K	N	Q	S	T	A	V	L	I	F	Y	W	H	M	C	P
0	0.03142	0.02308	0.02477	0.01918	0.02556	0.02548	0.01562	0.55934	0.03861	0.05175	0.02150	0.02400	0.01626	0.06834	0.01175	0.00311	0.00950	0.00826	0.00843	0.01403
1	0.02594	0.01464	0.01756	0.01530	0.01981	0.01490	0.01179	0.03670	0.24700	0.26660	0.03615	0.12895	0.02969	0.07852	0.01254	0.00347	0.00698	0.01188	0.00916	0.01242
2	0.02035	0.01768	0.02142	0.01871	0.02114	0.05674	0.01514	0.15059	0.02042	0.02827	0.01842	0.02535	0.01632	0.03382	0.27409	0.00752	0.23041	0.00825	0.00529	0.01005
3	0.01618	0.01180	0.01384	0.01360	0.01581	0.01201	0.00981	0.15591	0.02247	0.02981	0.04295	0.43385	0.08821	0.07450	0.01307	0.00366	0.00637	0.01931	0.00803	0.00883
4	0.01512	0.01007	0.01224	0.01137	0.01439	0.00872	0.00836	0.01773	0.01986	0.09222	0.17007	0.20596	0.18970	0.07116	0.01246	0.00322	0.00542	0.01612	0.00808	0.10775
5	0.08308	0.33206	0.30656	0.01925	0.02882	0.04800	0.02212	0.02703	0.01802	0.02524	0.01372	0.01601	0.01098	0.00793	0.00684	0.00234	0.01089	0.00548	0.00388	0.01175
6	0.06531	0.65957	0.04382	0.01473	0.02207	0.03366	0.01461	0.02609	0.01756	0.02159	0.01213	0.01400	0.01109	0.00750	0.00559	0.00191	0.00918	0.00467	0.00383	0.01109
7	0.02599	0.01789	0.01973	0.01585	0.02128	0.01864	0.01284	0.33725	0.03233	0.11015	0.10750	0.04201	0.17234	0.01413	0.00929	0.00272	0.00750	0.01138	0.00890	0.01230
8	0.01238	0.00833	0.00960	0.00991	0.00998	0.00825	0.00571	0.01260	0.01329	0.01772	0.03057	0.15174	0.03561	0.59347	0.03941	0.00772	0.00795	0.01450	0.00571	0.00556
9	0.01107	0.00887	0.00990	0.00964	0.01225	0.00769	0.00723	0.01400	0.02169	0.02785	0.29318	0.07690	0.42801	0.02049	0.01030	0.00287	0.00430	0.01742	0.00866	0.00769
10	0.01871	0.03764	0.45619	0.03265	0.18287	0.02051	0.07404	0.02744	0.01893	0.02786	0.01598	0.01956	0.01188	0.00809	0.00852	0.00273	0.01242	0.00705	0.00389	0.01303
11	0.01449	0.01027	0.01399	0.01345	0.01470	0.01213	0.01038	0.01702	0.01468	0.02271	0.02258	0.03256	0.02063	0.08070	0.33763	0.05726	0.10984	0.00890	0.17837	0.00771
12	0.02332	0.69869	0.04571	0.01493	0.02239	0.03451	0.01493	0.02612	0.01772	0.02052	0.01213	0.01399	0.01119	0.00746	0.00560	0.00187	0.00933	0.00466	0.00373	0.01119
13	0.03542	0.01402	0.01905	0.01489	0.02098	0.01218	0.01218	0.03889	0.02493	0.56034	0.11775	0.03462	0.03002	0.01177	0.00898	0.00271	0.00696	0.00974	0.01063	0.01393
14	0.03760	0.01450	0.01975	0.01526	0.02174	0.01256	0.01256	0.04102	0.02495	0.61007	0.06884	0.03172	0.02508	0.01120	0.00886	0.00270	0.00723	0.00917	0.01073	0.01447
15	0.01809	0.01550	0.01809	0.01292	0.02067	0.01163	0.01034	0.02196	0.01809	0.02842	0.01550	0.01809	0.01292	0.00646	0.00646	0.00129	0.00646	0.00517	0.00517	0.74677
16	0.02033	0.01739	0.01896	0.01648	0.02190	0.01851	0.01299	0.03864	0.43839	0.03387	0.03139	0.03337	0.02487	0.01134	0.00850	0.00263	0.00687	0.04602	0.00793	0.18961
17	0.03107	0.03840	0.02403	0.02182	0.02637	0.56999	0.01643	0.03643	0.10785	0.02345	0.01654	0.01807	0.01337	0.00938	0.00801	0.00235	0.01450	0.00621	0.00510	0.01063
18	0.02131	0.02105	0.02879	0.04022	0.40477	0.10673	0.02234	0.02580	0.02059	0.02693	0.02316	0.03924	0.02220	0.01186	0.00935	0.00289	0.01055	0.14509	0.00524	0.01191
19	0.01601	0.00935	0.01121	0.01071	0.01197	0.00899	0.00691	0.01691	0.01530	0.10522	0.03437	0.10309	0.07663	0.46850	0.06249	0.00712	0.00843	0.01335	0.00645	0.00702
20	0.01268	0.00846	0.00951	0.00951	0.00951	0.00846	0.00529	0.01268	0.01268	0.01691	0.02748	0.05708	0.03171	0.69345	0.04440	0.00846	0.00846	0.01268	0.00529	0.00529
21	0.01693	0.01037	0.01123	0.01068	0.01270	0.01066	0.00764	0.09846	0.01987	0.03047	0.03004	0.13185	0.02864	0.17259	0.01615	0.00384	0.00600	0.01158	0.36208	0.00823
22	0.01063	0.00759	0.01012	0.01215	0.01265	0.00709	0.00810	0.01215	0.01670	0.02227	0.04808	0.68775	0.05769	0.02733	0.01113	0.00354	0.00506	0.02480	0.00810	0.00709
23	0.01246	0.00935	0.01402	0.01402	0.01558	0.01090	0.01090	0.01558	0.01402	0.02025	0.02336	0.03427	0.02181	0.06542	0.65888	0.01402	0.02336	0.00935	0.00467	0.00779
24	0.07938	0.02024	0.02249	0.01757	0.02387	0.02153	0.01442	0.38784	0.03415	0.17704	0.08885	0.02709	0.02313	0.01117	0.00869	0.00265	0.00836	0.00869	0.00904	0.01378
25	0.14355	0.01486	0.01635	0.01372	0.01762	0.01552	0.01037	0.16417	0.02218	0.15450	0.02376	0.03339	0.02063	0.22605	0.02153	0.06748	0.00817	0.00902	0.00710	0.01003
26	0.01914	0.01081	0.01291	0.01153	0.01449	0.01004	0.00839	0.02256	0.05580	0.17736	0.12861	0.05642	0.18106	0.22867	0.02053	0.00459	0.00653	0.01335	0.00814	0.00907
27	0.01235	0.00892	0.01166	0.01097	0.01303	0.00823	0.00823	0.01646	0.02469	0.03498	0.63443	0.06516	0.08230	0.01783	0.01029	0.00274	0.00412	0.01578	0.00960	0.00823
28	0.01240	0.00834	0.00960	0.00988	0.00995	0.00827	0.00568	0.01261	0.01324	0.01766	0.03034	0.14467	0.03532	0.60093	0.03978	0.00777	0.00799	0.01437	0.00568	0.00554
29	0.01698	0.01190	0.01330	0.01219	0.01381	0.01242	0.00815	0.14542	0.01949	0.02606	0.02864	0.12908	0.03126	0.45705	0.03224	0.00653	0.00828	0.01315	0.00641	0.00764
30	0.19218	0.01126	0.01154	0.01064	0.01420	0.01099	0.00828	0.01921	0.02054	0.07897	0.23355	0.05720	0.26757	0.01654	0.00900	0.00281	0.00512	0.01356	0.00812	0.00871
31	0.19440	0.01112	0.01286	0.01206	0.01390	0.01197	0.00872	0.06117	0.01450	0.02400	0.01488	0.02312	0.01376	0.02343	0.02523	0.50988	0.00753	0.00691	0.00456	0.00600
32	0.03316	0.02443	0.02618	0.02007	0.02705	0.02705	0.01658	0.60995	0.04101	0.05497	0.02094	0.02094	0.01483	0.01047	0.00873	0.00262	0.00960	0.00785	0.00873	0.01483
33	0.01065	0.00793	0.00978	0.01123	0.01230	0.00722	0.00761	0.01226	0.01728	0.02233	0.05680	0.51304	0.19536	0.05731	0.01250	0.00363	0.00507	0.02269	0.00797	0.00707
34	0.01228	0.00897	0.01143	0.01209	0.01346	0.00869	0.00859	0.01622	0.05898	0.02739	0.24959	0.35031	0.06184	0.07446	0.01331	0.00363	0.00526	0.04720	0.00845	0.00783
35	0.03264	0.01744	0.02090	0.01688	0.02307	0.01768	0.01366	0.12257	0.22170	0.36527	0.03290	0.02940	0.02229	0.01109	0.00880	0.00277	0.00756	0.00900	0.00988	0.01451
36	0.01055	0.00789	0.00981	0.01135	0.01244	0.00715	0.00774	0.01224	0.01747	0.02258	0.05776	0.54262	0.19658	0.02607	0.01094	0.00340	0.00491	0.02326	0.00810	0.00715
37	0.02896	0.01778	0.02067	0.01654	0.02214	0.01841	0.01340	0.27223	0.08225	0.20694	0.16829	0.03454	0.03332	0.01238	0.00911	0.00270	0.00751	0.01011	0.00950	0.01322
38	0.01945	0.01638	0.01779	0.01612	0.02036	0.01846	0.01247	0.03917	0.47939	0.03613	0.17947	0.04038	0.04001	0.01328	0.00922	0.00291	0.00623	0.01128	0.00905	0.01247
39	0.02014	0.01732	0.02862	0.18278	0.37098	0.01795	0.02238	0.02518	0.02041	0.06842	0.11441	0.02933	0.02459	0.00976	0.00892	0.00269	0.00947	0.00909	0.00547	0.01208
40	0.02224	0.02334	0.02680	0.18332	0.21758	0.17167	0.02013	0.02658	0.02006	0.02529	0.01529	0.01980	0.01248	0.00800	0.00799	0.00229	0.01108	0.00667	0.00444	0.17493
41	0.01102	0.00787	0.01016	0.01184	0.01247	0.00740	0.00795	0.01250	0.01652	0.02185	0.04746	0.55382	0.08273	0.10842	0.01520	0.00414	0.00558	0.04839	0.00775	0.00692
42	0.01559	0.00964	0.01270	0.01153	0.01415	0.00879	0.00879	0.01962	0.02472	0.10895	0.56168	0.06086	0.07494	0.01698	0.01010	0.00274	0.00452	0.01493	0.00975	0.00903
43	0.18744	0.01906	0.01907	0.01598	0.02150	0.02122	0.01287	0.24616	0.18814	0.04214	0.03225	0.03129	0.10299	0.01192	0.00825	0.00277	0.00752	0.00916	0.00794	0.01232
44	0.02352	0.01562	0.01677	0.01431	0.01865	0.06262	0.01084	0.08180	0.05789	0.18008	0.03381	0.13038	0.07164	0.12395	0.01461	0.00355	0.00771	0.01168	0.00773	0.11284
45	0.01396	0.01046	0.01226	0.01106	0.01353	0.00917	0.00737	0.01543	0.01510	0.02146	0.02768	0.16387	0.03083	0.35705	0.02648	0.00533	0.00720	0.01266	0.00578	0.23332
46	0.01481	0.00758	0.01127	0.01142	0.01146	0.00754	0.00761	0.01142	0.01176	0.01569	0.01762	0.07610	0.01834	0.03008	0.03237	0.69053	0.00739	0.00887	0.00411	0.00404
47	0.02182	0.01243	0.01534	0.01401	0.01797	0.01195	0.01123	0.02841	0.11936	0.21378	0.09389	0.08167	0.15139	0.04254	0.01126	0.00330	0.00658	0.12327	0.00903	0.01077
48	0.02205	0.01489	0.01796	0.01369	0.02044	0.01210	0.01087	0.02687	0.05576	0.15664	0.02340	0.07811	0.01934	0.00945	0.00748	0.00188	0.00657	0.00786	0.00681	0.48784
49	0.01179	0.00840	0.01113	0.01181	0.01267	0.00849	0.00813	0.01370	0.01622	0.02228	0.11871	0.29525	0.04635	0.19249	0.17457	0.00711	0.01013	0.01697	0.00682	0.00699
50	0.01073	0.00885	0.00941	0.00927	0.01204	0.00754	0.00695	0.01332	0.02086	0.02590	0.19989	0.08011	0.52251	0.02122	0.01030	0.00290	0.00436	0.01787	0.00841	0.00754
51	0.01303	0.01014	0.01494	0.01462	0.01599	0.01216	0.01140	0.01593	0.01392	0.02020	0.02250	0.03377	0.02127	0.08294	0.58418	0.01296	0.07827	0.00932	0.00462	0.00785
52	0.01387	0.00897	0.01114	0.01125	0.01264	0.00847	0.00783	0.01581	0.01810	0.06430	0.17225	0.18765	0.09422	0.26044	0.02264	0.00505	0.00642	0.06404	0.00760	0.00731
53	0.02038	0.02291	0.04803	0.03484	0.04244	0.02271	0.52565	0.02698	0.01958	0.02698	0.01679	0.02291	0.01299	0.00845	0.01284	0.00306	0.10676	0.00992	0.00433	0.01146
54	0.01286	0.00844	0.00944	0.00944	0.00955	0.00844	0.00533	0.01307	0.01297	0.01769	0.02753	0.05585	0.03124	0.65926	0.04248	0.00814	0.00824	0.01246	0.04214	0.00543
55	0.02587	0.01870	0.02087	0.01702	0.02192	0.02023	0.01356	0.39963	0.03328	0.04489	0.12288	0.09919	0.03035	0.01513	0.01138	0.06574	0.00806	0.01091	0.00838	0.01201
