[name]
unknown

[dist]
# distance from previous block
# <min> <max>
11	15

[block]
# block no. 0 follows, 22 sequences, length 35
# corresponding to MSA columns:
# 15-49
name=unknown_A
#
# <colnr> <probs for GDERKNQSTAVLIFYWHMCP>
#	G	D	E	R	K	N	Q	S	T	A	V	L	I	F	Y	W	H	M	C	P
0	0.08448	0.06100	0.02777	0.03241	0.28408	0.32346	0.01929	0.02894	0.02058	0.02444	0.01383	0.01708	0.01158	0.00795	0.00751	0.00229	0.01192	0.00608	0.00425	0.01108
1	0.02093	0.16780	0.03362	0.03811	0.42703	0.02268	0.02127	0.02811	0.11002	0.02663	0.01743	0.02055	0.01442	0.00791	0.00764	0.00237	0.00917	0.00706	0.00463	0.01262
2	0.07280	0.01622	0.01896	0.02112	0.15197	0.06626	0.01337	0.02770	0.09992	0.16428	0.03675	0.03814	0.15437	0.06852	0.01112	0.00304	0.00764	0.01006	0.00694	0.01083
3	0.37069	0.02525	0.15247	0.01581	0.02247	0.11482	0.01505	0.02758	0.07263	0.03139	0.01472	0.01645	0.01131	0.00806	0.00645	0.00243	0.00891	0.00544	0.00495	0.07314
4	0.15355	0.02409	0.02071	0.02136	0.10514	0.25592	0.01471	0.07414	0.02039	0.05244	0.01634	0.02011	0.01352	0.01977	0.14799	0.00467	0.01357	0.00651	0.00500	0.01006
5	0.02375	0.11836	0.03101	0.14201	0.18733	0.26364	0.06891	0.02762	0.02002	0.02257	0.01401	0.01796	0.01152	0.00791	0.00771	0.00233	0.01217	0.00644	0.00404	0.01070
6	0.02018	0.01935	0.03302	0.10137	0.60886	0.01964	0.02530	0.02516	0.01873	0.02667	0.01556	0.02069	0.01299	0.00747	0.00823	0.00249	0.00996	0.00740	0.00408	0.01285
7	0.01688	0.01625	0.02875	0.11960	0.25123	0.01617	0.14820	0.02186	0.01973	0.02712	0.15610	0.03532	0.08481	0.01070	0.00905	0.00264	0.00914	0.01044	0.00546	0.01054
8	0.02056	0.01974	0.03372	0.05099	0.65622	0.01974	0.02550	0.02550	0.01892	0.02714	0.01563	0.02056	0.01316	0.00740	0.00822	0.00247	0.00987	0.00740	0.00411	0.01316
9	0.01583	0.01468	0.02081	0.12617	0.02428	0.01926	0.01557	0.01790	0.01361	0.01968	0.01808	0.10337	0.01921	0.13087	0.02480	0.00420	0.38920	0.00997	0.00435	0.00816
10	0.01150	0.00848	0.01075	0.01018	0.01225	0.00773	0.00764	0.01518	0.02291	0.03187	0.57659	0.06443	0.15454	0.01752	0.00980	0.00264	0.00396	0.01536	0.00896	0.00773
11	0.02056	0.01974	0.03372	0.05099	0.65622	0.01974	0.02550	0.02550	0.01892	0.02714	0.01563	0.02056	0.01316	0.00740	0.00822	0.00247	0.00987	0.00740	0.00411	0.01316
12	0.01205	0.00817	0.00963	0.00963	0.00983	0.00836	0.00574	0.01245	0.01225	0.01653	0.02566	0.05148	0.02895	0.62244	0.12617	0.00876	0.00994	0.01166	0.00496	0.00535
13	0.01668	0.01578	0.02672	0.55779	0.17971	0.01872	0.02357	0.02210	0.01708	0.02244	0.01494	0.02182	0.01150	0.00812	0.00829	0.00271	0.01083	0.00739	0.00378	0.01003
14	0.01569	0.01477	0.02492	0.68808	0.05722	0.01846	0.02307	0.02123	0.01661	0.02123	0.01477	0.02215	0.01107	0.00831	0.00831	0.00277	0.01107	0.00738	0.00369	0.00923
15	0.01030	0.00843	0.00909	0.00893	0.01152	0.00722	0.00669	0.01286	0.02008	0.02516	0.22631	0.07547	0.50900	0.02002	0.00981	0.00276	0.00414	0.01690	0.00807	0.00722
16	0.01896	0.01786	0.03013	0.07462	0.54370	0.01796	0.02303	0.02346	0.01841	0.02609	0.01959	0.11105	0.01860	0.00991	0.00854	0.00260	0.00925	0.00955	0.00457	0.01213
17	0.02056	0.01974	0.03372	0.05099	0.65622	0.01974	0.02550	0.02550	0.01892	0.02714	0.01563	0.02056	0.01316	0.00740	0.00822	0.00247	0.00987	0.00740	0.00411	0.01316
18	0.01076	0.00845	0.00972	0.00940	0.01180	0.00741	0.00705	0.01374	0.02115	0.02771	0.35900	0.07129	0.37472	0.01908	0.00981	0.00271	0.00407	0.01632	0.00841	0.00741
19	0.02215	0.05427	0.03617	0.04056	0.37447	0.12978	0.16912	0.02702	0.01976	0.02554	0.01527	0.01976	0.01250	0.00749	0.00836	0.00246	0.01168	0.00751	0.00414	0.01199
20	0.01205	0.00817	0.00963	0.00963	0.00983	0.00836	0.00574	0.01245	0.01225	0.01653	0.02566	0.05148	0.02895	0.62244	0.12617	0.00876	0.00994	0.01166	0.00496	0.00535
21	0.02056	0.01974	0.03372	0.05099	0.65622	0.01974	0.02550	0.02550	0.01892	0.02714	0.01563	0.02056	0.01316	0.00740	0.00822	0.00247	0.00987	0.00740	0.00411	0.01316
22	0.17256	0.34047	0.25049	0.01679	0.02527	0.02530	0.01881	0.02527	0.01655	0.02549	0.01271	0.01481	0.01027	0.00750	0.00617	0.00223	0.00955	0.00504	0.00386	0.01088
23	0.01666	0.04297	0.66500	0.02368	0.03596	0.01929	0.03069	0.02631	0.01754	0.02631	0.01491	0.01754	0.01052	0.00789	0.00789	0.00263	0.01228	0.00614	0.00351	0.01228
24	0.02018	0.01941	0.03277	0.07718	0.58658	0.02007	0.02489	0.02493	0.01839	0.02639	0.01527	0.02047	0.01291	0.00793	0.00952	0.00256	0.05638	0.00739	0.00406	0.01271
25	0.01772	0.01738	0.02476	0.07939	0.37632	0.06196	0.01887	0.02165	0.01909	0.02484	0.03606	0.03820	0.20596	0.01166	0.00866	0.00257	0.00860	0.01031	0.00518	0.01079
26	0.01250	0.01030	0.01454	0.12959	0.02143	0.01010	0.03242	0.01632	0.02060	0.02790	0.34492	0.08470	0.17767	0.01586	0.00941	0.00266	0.00573	0.01395	0.00746	0.04194
27	0.01288	0.00994	0.01214	0.01331	0.04138	0.01004	0.00873	0.01812	0.12036	0.02384	0.09653	0.31430	0.09229	0.16745	0.01678	0.00413	0.00590	0.01680	0.00723	0.00785
28	0.01332	0.15964	0.07632	0.01235	0.01600	0.01355	0.01084	0.01613	0.01762	0.02259	0.09332	0.28787	0.19359	0.01842	0.00898	0.00277	0.00613	0.01578	0.00657	0.00823
29	0.11997	0.01978	0.02846	0.03114	0.26491	0.04843	0.10843	0.07257	0.01983	0.03007	0.01529	0.01888	0.01231	0.00737	0.00758	0.00225	0.00941	0.00676	0.00477	0.17177
30	0.02354	0.02649	0.02735	0.20256	0.24767	0.28408	0.02106	0.02750	0.02019	0.02287	0.01428	0.01871	0.01163	0.00810	0.00795	0.00241	0.01224	0.00657	0.00407	0.01072
31	0.05504	0.02536	0.18449	0.02750	0.16716	0.06250	0.10068	0.07271	0.02034	0.05266	0.02313	0.05555	0.06615	0.00979	0.00832	0.00256	0.01019	0.00864	0.00509	0.04212
32	0.01747	0.05199	0.20833	0.01953	0.07661	0.04657	0.01760	0.05356	0.14409	0.02732	0.03628	0.03728	0.17260	0.04273	0.00992	0.00287	0.00860	0.00992	0.00591	0.01081
33	0.07721	0.05665	0.02696	0.03040	0.23750	0.38503	0.01869	0.02968	0.02109	0.02375	0.01365	0.01670	0.01141	0.00806	0.00750	0.00227	0.01245	0.00595	0.00425	0.01082
34	0.01759	0.15477	0.22267	0.02047	0.09723	0.04860	0.01859	0.04583	0.01973	0.02618	0.11214	0.03350	0.12723	0.01122	0.00803	0.00245	0.00889	0.00908	0.00527	0.01055

[dist]
# distance from previous block
# <min> <max>
1	27

[block]
# block no. 1 follows, 22 sequences, length 119
# corresponding to MSA columns:
# 77-195
name=unknown_B
#
# <colnr> <probs for GDERKNQSTAVLIFYWHMCP>
#	G	D	E	R	K	N	Q	S	T	A	V	L	I	F	Y	W	H	M	C	P
0	0.01604	0.01498	0.02308	0.03309	0.38500	0.01439	0.01743	0.01979	0.01892	0.02516	0.04444	0.04553	0.28215	0.01314	0.00889	0.00261	0.00749	0.01166	0.00563	0.01057
1	0.01996	0.01752	0.01991	0.13970	0.06373	0.05311	0.01484	0.13694	0.21668	0.03163	0.03644	0.03640	0.15347	0.01222	0.00863	0.00269	0.00799	0.01009	0.00693	0.01111
2	0.01857	0.01813	0.03083	0.07081	0.24617	0.01798	0.15222	0.02334	0.01822	0.02630	0.05483	0.02270	0.01657	0.00845	0.01024	0.00243	0.08138	0.00787	0.00454	0.16845
3	0.07216	0.01822	0.02562	0.24316	0.19100	0.02055	0.01980	0.18941	0.02279	0.03200	0.01603	0.02055	0.01244	0.00968	0.00990	0.03737	0.03566	0.00721	0.00516	0.01128
4	0.01976	0.01930	0.03405	0.14158	0.50517	0.01969	0.08816	0.02499	0.01865	0.02623	0.01563	0.02098	0.01280	0.00749	0.00840	0.00255	0.01048	0.00765	0.00406	0.01238
5	0.01932	0.01863	0.03199	0.16894	0.45119	0.01897	0.06815	0.02444	0.01841	0.02596	0.01549	0.02076	0.01266	0.00746	0.00821	0.00246	0.01014	0.00740	0.00410	0.06533
6	0.02056	0.01974	0.03372	0.05099	0.65622	0.01974	0.02550	0.02550	0.01892	0.02714	0.01563	0.02056	0.01316	0.00740	0.00822	0.00247	0.00987	0.00740	0.00411	0.01316
7	0.01102	0.00761	0.00938	0.01042	0.01068	0.00734	0.00649	0.01180	0.01416	0.01888	0.03683	0.40649	0.04364	0.33758	0.02508	0.00551	0.00630	0.01835	0.00649	0.00596
8	0.05384	0.25542	0.02997	0.13298	0.02929	0.30142	0.01637	0.05024	0.02038	0.02207	0.01296	0.01579	0.01081	0.00806	0.00686	0.00216	0.01176	0.00545	0.00412	0.01004
9	0.02066	0.01785	0.01878	0.01691	0.02160	0.02066	0.01315	0.04414	0.64121	0.03475	0.03381	0.03099	0.02536	0.01127	0.00845	0.00282	0.00657	0.00939	0.00845	0.01315
10	0.01783	0.01106	0.01354	0.01204	0.01558	0.00972	0.00892	0.04701	0.01862	0.14259	0.03776	0.26095	0.10164	0.09147	0.01248	0.00317	0.00600	0.01415	0.00733	0.16813
11	0.01188	0.00886	0.01312	0.01312	0.01453	0.01026	0.01010	0.01469	0.01328	0.01912	0.02246	0.03380	0.02127	0.09676	0.64135	0.01307	0.02149	0.00907	0.00448	0.00729
12	0.01979	0.01920	0.03348	0.14217	0.52799	0.01964	0.06580	0.02495	0.01863	0.02625	0.01558	0.02092	0.01282	0.00751	0.00834	0.00253	0.01032	0.00756	0.00406	0.01246
13	0.01986	0.01902	0.03245	0.14325	0.56948	0.01955	0.02514	0.02488	0.01858	0.02628	0.01550	0.02079	0.01286	0.00753	0.00824	0.00251	0.01004	0.00740	0.00405	0.01259
14	0.02203	0.02274	0.03295	0.04597	0.53673	0.11465	0.05174	0.02666	0.01962	0.02613	0.01528	0.01984	0.01278	0.00755	0.00819	0.00244	0.01080	0.00722	0.00414	0.01256
15	0.01666	0.04297	0.66500	0.02368	0.03596	0.01929	0.03069	0.02631	0.01754	0.02631	0.01491	0.01754	0.01052	0.00789	0.00789	0.00263	0.01228	0.00614	0.00351	0.01228
16	0.01283	0.01007	0.01420	0.01367	0.01463	0.01208	0.01039	0.01500	0.01299	0.01872	0.02143	0.03511	0.02132	0.19109	0.44831	0.01083	0.11638	0.00933	0.00445	0.00716
17	0.02026	0.02717	0.25064	0.03310	0.28657	0.01928	0.02428	0.03005	0.12995	0.06779	0.01969	0.02185	0.01488	0.00844	0.00816	0.00259	0.00995	0.00738	0.00506	0.01291
18	0.01962	0.01871	0.03136	0.04601	0.56363	0.01919	0.02366	0.02408	0.01825	0.02619	0.01751	0.07063	0.01608	0.00928	0.00975	0.00262	0.05810	0.00859	0.00434	0.01240
19	0.01983	0.01897	0.03201	0.04811	0.61256	0.01888	0.02420	0.02458	0.01892	0.02682	0.02027	0.02458	0.05646	0.00833	0.00833	0.00249	0.00949	0.00809	0.00436	0.01274
20	0.01265	0.01060	0.01699	0.08965	0.07047	0.01049	0.06726	0.01567	0.01766	0.02392	0.12519	0.42069	0.04645	0.01960	0.00998	0.00307	0.00660	0.01808	0.00688	0.00808
21	0.01971	0.14347	0.16829	0.11987	0.05784	0.08969	0.13310	0.04644	0.01929	0.02457	0.01932	0.02591	0.03872	0.00931	0.00817	0.00256	0.01130	0.04739	0.00439	0.01067
22	0.16079	0.07319	0.02617	0.02892	0.23964	0.26378	0.01774	0.02865	0.01980	0.04864	0.01419	0.01699	0.01158	0.00797	0.00720	0.00232	0.01098	0.00594	0.00454	0.01096
23	0.01961	0.02241	0.04902	0.03501	0.04342	0.02101	0.62605	0.02661	0.01961	0.02661	0.01681	0.02241	0.01261	0.00700	0.00980	0.00280	0.01401	0.00980	0.00420	0.01120
24	0.02042	0.02665	0.23840	0.03234	0.27472	0.01928	0.02372	0.03070	0.14957	0.07144	0.02037	0.02228	0.01535	0.00857	0.00817	0.00260	0.00978	0.00747	0.00524	0.01293
25	0.02735	0.10984	0.02638	0.02410	0.10876	0.46668	0.01691	0.03005	0.02186	0.02149	0.01536	0.02134	0.01376	0.00930	0.00764	0.00227	0.01308	0.04934	0.00443	0.01007
26	0.01723	0.03961	0.57358	0.02763	0.12578	0.01936	0.02994	0.02619	0.01774	0.02643	0.01501	0.01798	0.01091	0.00782	0.00794	0.00261	0.01193	0.00632	0.00360	0.01241
27	0.01194	0.00863	0.01198	0.01198	0.01299	0.00964	0.00868	0.01396	0.01295	0.01827	0.02350	0.03956	0.02377	0.26810	0.47344	0.01166	0.01773	0.00991	0.00464	0.00666
28	0.01274	0.01528	0.13088	0.01481	0.01819	0.01125	0.01372	0.01664	0.01746	0.02397	0.10641	0.21443	0.10532	0.02397	0.08524	0.00430	0.05136	0.11924	0.00648	0.00828
29	0.02790	0.03347	0.02263	0.06203	0.02679	0.49633	0.01588	0.03473	0.15292	0.02342	0.01737	0.01879	0.01380	0.00911	0.00774	0.00232	0.01297	0.00633	0.00512	0.01035
30	0.01012	0.00723	0.00964	0.01157	0.01205	0.00675	0.00771	0.01157	0.01591	0.02121	0.04579	0.70262	0.05495	0.02603	0.01060	0.00337	0.00482	0.02362	0.00771	0.00675
31	0.01942	0.02385	0.14319	0.08321	0.40364	0.01981	0.13386	0.02557	0.01866	0.02654	0.01566	0.02048	0.01248	0.00747	0.00846	0.00257	0.01109	0.00762	0.00400	0.01241
32	0.02428	0.02706	0.03094	0.03939	0.39311	0.25609	0.05702	0.02833	0.02063	0.02465	0.01469	0.01866	0.01224	0.00780	0.00805	0.00237	0.01195	0.00680	0.00418	0.01177
33	0.01677	0.03040	0.34846	0.02600	0.03518	0.01809	0.24158	0.02428	0.01805	0.02568	0.02006	0.11850	0.01771	0.01020	0.00897	0.00280	0.01182	0.00999	0.00437	0.01109
34	0.01045	0.00731	0.00979	0.01146	0.01201	0.00684	0.00769	0.01178	0.01611	0.02160	0.08190	0.62653	0.05424	0.02561	0.01172	0.04361	0.00489	0.02221	0.00758	0.00665
35	0.01896	0.02306	0.19182	0.02811	0.22583	0.01701	0.02057	0.02780	0.12208	0.07181	0.11222	0.03054	0.05317	0.01033	0.00848	0.00261	0.00868	0.00899	0.00596	0.01196
36	0.15368	0.03178	0.11511	0.02111	0.06204	0.31916	0.01733	0.10796	0.02283	0.05444	0.01481	0.01660	0.01137	0.00851	0.00733	0.00237	0.01176	0.00584	0.00507	0.01088
37	0.01790	0.03340	0.38515	0.02790	0.03786	0.02037	0.25848	0.02600	0.01801	0.02600	0.01537	0.01945	0.01135	0.00800	0.00994	0.00276	0.05901	0.00762	0.00378	0.01165
38	0.02527	0.02756	0.02618	0.05346	0.18238	0.28739	0.04184	0.06750	0.15269	0.02718	0.01858	0.02057	0.01468	0.00886	0.00804	0.00243	0.01143	0.00708	0.00532	0.01155
39	0.01208	0.00805	0.00906	0.00906	0.00906	0.00805	0.00503	0.01208	0.01208	0.01611	0.02618	0.05436	0.03020	0.70804	0.04228	0.00805	0.00805	0.01208	0.00503	0.00503
40	0.05087	0.65563	0.04142	0.01442	0.02132	0.06184	0.01410	0.02524	0.01708	0.02025	0.01161	0.01341	0.01060	0.00720	0.00542	0.00182	0.00907	0.00449	0.00365	0.01055
41	0.01955	0.16087	0.33927	0.02221	0.05403	0.06029	0.05520	0.02963	0.12989	0.02627	0.01769	0.01940	0.01343	0.00833	0.00761	0.00248	0.01078	0.00661	0.00451	0.01196
42	0.02049	0.03319	0.29426	0.02858	0.12418	0.14098	0.13812	0.02716	0.01922	0.02543	0.01498	0.01840	0.01145	0.00766	0.00811	0.00245	0.01234	0.00678	0.00397	0.06225
43	0.06233	0.01459	0.02269	0.40151	0.15702	0.01658	0.01953	0.02049	0.01732	0.02355	0.02763	0.03206	0.13066	0.01047	0.00837	0.00271	0.00928	0.00909	0.00461	0.00953
44	0.01843	0.01828	0.03342	0.16585	0.03741	0.02003	0.27595	0.05519	0.01822	0.02549	0.01646	0.02261	0.01311	0.01223	0.05108	0.00349	0.13914	0.00851	0.05499	0.01010
45	0.01549	0.00774	0.00774	0.00774	0.00968	0.00774	0.00581	0.01936	0.01742	0.03097	0.02710	0.03097	0.02129	0.00968	0.00581	0.00194	0.00387	0.00774	0.75416	0.00774
46	0.01080	0.00820	0.00995	0.01004	0.01196	0.00735	0.00733	0.01362	0.02047	0.02733	0.34480	0.20234	0.25528	0.02017	0.00997	0.00283	0.00420	0.01762	0.00839	0.00735
47	0.01208	0.00805	0.00906	0.00906	0.00906	0.00805	0.00503	0.01208	0.01208	0.01611	0.02618	0.05436	0.03020	0.70804	0.04228	0.00805	0.00805	0.01208	0.00503	0.00503
48	0.02846	0.01226	0.01600	0.01291	0.01805	0.01059	0.01044	0.03151	0.02269	0.45275	0.11299	0.04328	0.16455	0.01337	0.00883	0.00263	0.00610	0.01109	0.00960	0.01189
49	0.01090	0.00857	0.01005	0.01090	0.01309	0.00772	0.00859	0.01341	0.01853	0.02296	0.06666	0.17772	0.38633	0.02235	0.01042	0.00319	0.00530	0.18844	0.00770	0.00716
50	0.01659	0.01569	0.02655	0.56962	0.16859	0.01870	0.02352	0.02202	0.01704	0.02233	0.01493	0.02185	0.01146	0.00814	0.00829	0.00271	0.01085	0.00739	0.00377	0.00996
51	0.03103	0.03959	0.02354	0.02140	0.02568	0.67469	0.01605	0.03317	0.02354	0.02033	0.01284	0.01498	0.01070	0.00856	0.00749	0.00214	0.01498	0.00535	0.00428	0.00963
52	0.02799	0.22079	0.02959	0.02130	0.06382	0.45999	0.01614	0.03045	0.02145	0.02054	0.01266	0.01488	0.01084	0.00809	0.00695	0.00206	0.01301	0.00523	0.00407	0.01013
53	0.01148	0.00848	0.01072	0.01016	0.01224	0.00772	0.00762	0.01514	0.02286	0.03175	0.57022	0.06463	0.16098	0.01757	0.00980	0.00264	0.00396	0.01538	0.00894	0.00772
54	0.02164	0.45871	0.21076	0.01756	0.02577	0.09753	0.01890	0.02615	0.01777	0.02147	0.01260	0.01465	0.01063	0.00748	0.00626	0.00205	0.01046	0.00500	0.00362	0.01099
55	0.01549	0.00774	0.00774	0.00774	0.00968	0.00774	0.00581	0.01936	0.01742	0.03097	0.02710	0.03097	0.02129	0.00968	0.00581	0.00194	0.00387	0.00774	0.75416	0.00774
56	0.01083	0.00879	0.00966	0.00952	0.01168	0.00807	0.00703	0.01289	0.01823	0.02276	0.13592	0.07234	0.44946	0.11989	0.01526	0.00361	0.03159	0.03821	0.00733	0.00693
57	0.02319	0.01983	0.01990	0.01718	0.02035	0.14015	0.01373	0.15073	0.02181	0.07178	0.01896	0.02300	0.01542	0.01978	0.12787	0.00449	0.16032	0.00738	0.11402	0.01010
58	0.02674	0.02498	0.02129	0.01732	0.02316	0.23343	0.01361	0.19465	0.02573	0.07125	0.01784	0.04328	0.01438	0.00900	0.00749	0.00204	0.00990	0.00668	0.00609	0.23114
59	0.02555	0.10265	0.18684	0.02431	0.14368	0.01996	0.02004	0.13162	0.02288	0.18372	0.01983	0.02062	0.01414	0.00857	0.00778	0.00241	0.00941	0.00690	0.00614	0.04295
60	0.02336	0.01930	0.02494	0.01834	0.02557	0.01844	0.10148	0.26688	0.02638	0.03721	0.01715	0.01907	0.01308	0.00782	0.00755	0.00197	0.00850	0.00666	0.00618	0.35011
61	0.02267	0.02351	0.02911	0.07747	0.40630	0.17135	0.02195	0.05072	0.02068	0.02607	0.01702	0.02428	0.01485	0.00888	0.00828	0.00250	0.01095	0.04707	0.00454	0.01178
62	0.01755	0.02505	0.21301	0.06677	0.18674	0.06344	0.05922	0.02393	0.04671	0.02509	0.02264	0.16833	0.02170	0.01189	0.00871	0.00274	0.01002	0.01065	0.00491	0.01090
63	0.01009	0.00817	0.00897	0.00932	0.01153	0.00704	0.00678	0.01225	0.01877	0.02335	0.13707	0.21347	0.46080	0.02169	0.00999	0.00291	0.00431	0.01859	0.00787	0.00704
64	0.01008	0.00740	0.00946	0.01111	0.01193	0.00679	0.00751	0.01162	0.01634	0.02139	0.05134	0.61245	0.14153	0.02530	0.01049	0.00329	0.00473	0.02274	0.00771	0.00679
65	0.01995	0.02144	0.04348	0.04080	0.26546	0.02055	0.40844	0.02621	0.01936	0.02680	0.01638	0.02174	0.01281	0.00715	0.00923	0.00268	0.01251	0.00893	0.00417	0.01191
66	0.01920	0.03474	0.45300	0.02874	0.17041	0.01892	0.02749	0.02789	0.04330	0.07365	0.01714	0.01953	0.01244	0.00810	0.00802	0.00260	0.01114	0.00671	0.00434	0.01264
67	0.01012	0.00723	0.00964	0.01157	0.01205	0.00675	0.00771	0.01157	0.01591	0.02121	0.04579	0.70262	0.05495	0.02603	0.01060	0.00337	0.00482	0.02362	0.00771	0.00675
68	0.02178	0.02322	0.02882	0.21888	0.33767	0.17925	0.02252	0.02620	0.01941	0.02385	0.01471	0.01964	0.01199	0.00793	0.00807	0.00247	0.01145	0.00690	0.00404	0.01122
69	0.01012	0.00723	0.00964	0.01157	0.01205	0.00675	0.00771	0.01157	0.01591	0.02121	0.04579	0.70262	0.05495	0.02603	0.01060	0.00337	0.00482	0.02362	0.00771	0.00675
70	0.12746	0.01961	0.02166	0.01823	0.02301	0.13044	0.12554	0.02729	0.14995	0.02775	0.03542	0.03897	0.15608	0.01241	0.00856	0.00273	0.00895	0.04983	0.00624	0.00987
71	0.02267	0.09402	0.27031	0.02778	0.15983	0.23620	0.02340	0.02828	0.01974	0.02394	0.01409	0.01697	0.01114	0.00794	0.00761	0.00236	0.01238	0.00600	0.00389	0.01145
72	0.02165	0.02173	0.03154	0.04345	0.49571	0.08945	0.04532	0.02843	0.08894	0.02725	0.01741	0.02120	0.01424	0.00794	0.00823	0.00248	0.01020	0.00750	0.00462	0.01271
73	0.01197	0.00851	0.01137	0.01137	0.01217	0.00931	0.00792	0.01357	0.01277	0.01782	0.02406	0.04265	0.02512	0.35986	0.38351	0.01091	0.01571	0.01037	0.00472	0.00632
74	0.02245	0.19811	0.03052	0.02429	0.14013	0.09047	0.01744	0.11136	0.01988	0.02588	0.01422	0.01830	0.01238	0.01329	0.05725	0.00329	0.17882	0.00652	0.00450	0.01092
75	0.59876	0.01562	0.01384	0.01181	0.01725	0.01716	0.00974	0.02812	0.01636	0.18112	0.01645	0.01690	0.01166	0.00830	0.00588	0.00257	0.00657	0.00539	0.00632	0.01018
76	0.01105	0.00846	0.01012	0.00970	0.01197	0.00754	0.00728	0.01430	0.02183	0.02932	0.44350	0.06862	0.28922	0.01847	0.00981	0.00268	0.00403	0.01594	0.00862	0.00754
77	0.01006	0.00749	0.00937	0.01088	0.01187	0.00681	0.00741	0.01164	0.01656	0.02148	0.05413	0.56718	0.18500	0.02494	0.01043	0.00325	0.00469	0.02229	0.00771	0.00681
78	0.01012	0.00723	0.00964	0.01157	0.01205	0.00675	0.00771	0.01157	0.01591	0.02121	0.04579	0.70262	0.05495	0.02603	0.01060	0.00337	0.00482	0.02362	0.00771	0.00675
79	0.01061	0.00837	0.00956	0.00942	0.01175	0.00733	0.00701	0.01340	0.02057	0.02670	0.30795	0.11165	0.38668	0.01973	0.00986	0.00276	0.00413	0.01691	0.00828	0.00733
80	0.03103	0.03959	0.02354	0.02140	0.02568	0.67469	0.01605	0.03317	0.02354	0.02033	0.01284	0.01498	0.01070	0.00856	0.00749	0.00214	0.01498	0.00535	0.00428	0.00963
81	0.02474	0.02387	0.02082	0.01831	0.02319	0.17905	0.01423	0.12613	0.40512	0.03383	0.02675	0.02553	0.02020	0.01043	0.00820	0.00261	0.00897	0.00814	0.00743	0.01244
82	0.01732	0.02849	0.31743	0.05756	0.25728	0.01776	0.02521	0.02428	0.01887	0.02742	0.10740	0.02526	0.02132	0.00905	0.00830	0.00257	0.01015	0.00793	0.00455	0.01183
83	0.01980	0.03020	0.34241	0.02694	0.10317	0.01799	0.14951	0.02707	0.01899	0.10508	0.02229	0.02444	0.05598	0.00884	0.00851	0.00265	0.01117	0.00809	0.00484	0.01203
84	0.03103	0.03959	0.02354	0.02140	0.02568	0.67469	0.01605	0.03317	0.02354	0.02033	0.01284	0.01498	0.01070	0.00856	0.00749	0.00214	0.01498	0.00535	0.00428	0.00963
85	0.01339	0.00956	0.01339	0.01530	0.01721	0.00956	0.01339	0.01721	0.01912	0.02486	0.04399	0.09371	0.04781	0.02295	0.01147	0.00382	0.00765	0.60031	0.00765	0.00765
86	0.01978	0.02422	0.15205	0.04492	0.50269	0.01973	0.06391	0.02572	0.01870	0.02695	0.01557	0.02011	0.01263	0.00747	0.00826	0.00252	0.01057	0.00732	0.00401	0.01287
87	0.02525	0.02912	0.02725	0.03384	0.30467	0.34848	0.01972	0.02863	0.02124	0.02347	0.01788	0.02092	0.04606	0.00871	0.00794	0.00232	0.01214	0.00691	0.00439	0.01106
88	0.01012	0.00723	0.00964	0.01157	0.01205	0.00675	0.00771	0.01157	0.01591	0.02121	0.04579	0.70262	0.05495	0.02603	0.01060	0.00337	0.00482	0.02362	0.00771	0.00675
89	0.01203	0.00824	0.00999	0.00999	0.01032	0.00856	0.00620	0.01268	0.01236	0.01680	0.02532	0.04964	0.02815	0.56758	0.17994	0.00921	0.01114	0.01139	0.00491	0.00555
90	0.01044	0.00764	0.00982	0.01097	0.01204	0.00701	0.00758	0.01250	0.01790	0.02398	0.18190	0.49384	0.12673	0.02350	0.01034	0.00314	0.00456	0.02107	0.00802	0.00701
91	0.01114	0.00840	0.01029	0.00996	0.01207	0.00755	0.00742	0.01442	0.02183	0.02966	0.46281	0.10416	0.23264	0.01861	0.00985	0.00271	0.00405	0.01620	0.00867	0.00755
92	0.02335	0.02159	0.03139	0.04295	0.49460	0.05903	0.02302	0.14545	0.02318	0.03174	0.01632	0.02011	0.01321	0.00798	0.00820	0.00245	0.01002	0.00730	0.00495	0.01315
93	0.01852	0.01690	0.02491	0.06325	0.02759	0.01458	0.14061	0.06002	0.01905	0.02815	0.01552	0.01882	0.01240	0.00672	0.00720	0.00174	0.00832	0.00627	0.00490	0.50453
94	0.01190	0.00878	0.01273	0.01273	0.01400	0.01005	0.00961	0.01444	0.01317	0.01882	0.02282	0.03578	0.02213	0.15582	0.58348	0.01258	0.02020	0.00936	0.00453	0.00707
95	0.01090	0.00846	0.00992	0.00955	0.01189	0.00747	0.00717	0.01402	0.02150	0.02852	0.40164	0.06994	0.33158	0.01877	0.00981	0.00270	0.00405	0.01613	0.00851	0.00747
96	0.01496	0.00791	0.00856	0.00856	0.01043	0.00813	0.00647	0.01870	0.01683	0.02928	0.02640	0.03121	0.02122	0.01730	0.10274	0.00359	0.00653	0.00791	0.64559	0.00770
97	0.01187	0.00890	0.01335	0.01335	0.01483	0.01038	0.01038	0.01483	0.01335	0.01928	0.02225	0.03264	0.02077	0.06231	0.67512	0.01335	0.02225	0.00890	0.00445	0.00742
98	0.76672	0.01607	0.01221	0.01092	0.01607	0.01864	0.00900	0.02442	0.01414	0.03727	0.01157	0.01350	0.00900	0.00771	0.00514	0.00257	0.00643	0.00450	0.00514	0.00900
99	0.01187	0.00890	0.01335	0.01335	0.01483	0.01038	0.01038	0.01483	0.01335	0.01928	0.02225	0.03264	0.02077	0.06231	0.67512	0.01335	0.02225	0.00890	0.00445	0.00742
100	0.01048	0.00836	0.00949	0.01009	0.01230	0.00737	0.00767	0.01279	0.01861	0.02306	0.09696	0.19690	0.42801	0.02206	0.01020	0.00305	0.00481	0.10295	0.00777	0.00709
101	0.02181	0.02336	0.03650	0.04227	0.39464	0.11494	0.19099	0.02692	0.01978	0.02601	0.01555	0.02027	0.01265	0.00746	0.00856	0.00251	0.01176	0.00777	0.00416	0.01210
102	0.02056	0.01974	0.03372	0.05099	0.65622	0.01974	0.02550	0.02550	0.01892	0.02714	0.01563	0.02056	0.01316	0.00740	0.00822	0.00247	0.00987	0.00740	0.00411	0.01316
103	0.01187	0.00890	0.01335	0.01335	0.01483	0.01038	0.01038	0.01483	0.01335	0.01928	0.02225	0.03264	0.02077	0.06231	0.67512	0.01335	0.02225	0.00890	0.00445	0.00742
104	0.02885	0.03502	0.02254	0.02046	0.02482	0.53725	0.01544	0.03548	0.15335	0.02336	0.01725	0.01835	0.01378	0.00913	0.00769	0.00228	0.01321	0.00620	0.00516	0.01037
105	0.01266	0.00772	0.00879	0.00932	0.01010	0.00759	0.00603	0.01434	0.01491	0.02244	0.03193	0.22675	0.03413	0.28756	0.02142	0.00473	0.00577	0.01385	0.25355	0.00641
106	0.01188	0.00886	0.01316	0.01316	0.01457	0.01028	0.01014	0.01471	0.01329	0.01914	0.02243	0.03362	0.02120	0.09160	0.64642	0.01311	0.02161	0.00905	0.00448	0.00731
107	0.03115	0.03616	0.02383	0.02092	0.02570	0.53832	0.01600	0.15829	0.02680	0.02706	0.01433	0.01602	0.01142	0.00886	0.00766	0.00221	0.01375	0.00580	0.00513	0.01058
108	0.01012	0.00723	0.00964	0.01157	0.01205	0.00675	0.00771	0.01157	0.01591	0.02121	0.04579	0.70262	0.05495	0.02603	0.01060	0.00337	0.00482	0.02362	0.00771	0.00675
109	0.01204	0.00880	0.01172	0.01336	0.01503	0.00848	0.01092	0.01501	0.01828	0.02358	0.05026	0.24615	0.13724	0.02345	0.01101	0.00356	0.00643	0.36965	0.00767	0.00733
110	0.01666	0.04297	0.66500	0.02368	0.03596	0.01929	0.03069	0.02631	0.01754	0.02631	0.01491	0.01754	0.01052	0.00789	0.00789	0.00263	0.01228	0.00614	0.00351	0.01228
111	0.02056	0.01974	0.03372	0.05099	0.65622	0.01974	0.02550	0.02550	0.01892	0.02714	0.01563	0.02056	0.01316	0.00740	0.00822	0.00247	0.00987	0.00740	0.00411	0.01316
112	0.01865	0.01779	0.03027	0.30035	0.42177	0.01924	0.02455	0.02382	0.01801	0.02483	0.01529	0.02118	0.01234	0.00776	0.00826	0.00259	0.01034	0.00739	0.00395	0.01162
113	0.01012	0.00723	0.00964	0.01157	0.01205	0.00675	0.00771	0.01157	0.01591	0.02121	0.04579	0.70262	0.05495	0.02603	0.01060	0.00337	0.00482	0.02362	0.00771	0.00675
114	0.01199	0.00840	0.01079	0.01079	0.01139	0.00899	0.00719	0.01319	0.01259	0.01739	0.02459	0.04560	0.02640	0.44752	0.29760	0.01019	0.01378	0.01080	0.00480	0.00600
115	0.01006	0.00747	0.00939	0.01093	0.01188	0.00680	0.00743	0.01164	0.01652	0.02146	0.05353	0.57690	0.17567	0.02502	0.01044	0.00326	0.00470	0.02239	0.00771	0.00680
116	0.01917	0.01832	0.03121	0.23289	0.48520	0.01937	0.02480	0.02428	0.01826	0.02545	0.01538	0.02101	0.01256	0.00766	0.00825	0.00255	0.01021	0.00740	0.00399	0.01204
117	0.02071	0.61107	0.03916	0.01409	0.02038	0.02961	0.01366	0.02342	0.01637	0.01951	0.01310	0.01612	0.01212	0.01510	0.10233	0.00345	0.01082	0.00509	0.00368	0.01019
118	0.24161	0.10287	0.10328	0.02354	0.09766	0.14283	0.12556	0.02683	0.01811	0.02782	0.01359	0.01661	0.01079	0.00766	0.00710	0.00244	0.01072	0.00612	0.00433	0.01055

[dist]
# distance from previous block
# <min> <max>
0	1

[block]
# block no. 2 follows, 22 sequences, length 75
# corresponding to MSA columns:
# 197-271
name=unknown_C
#
# <colnr> <probs for GDERKNQSTAVLIFYWHMCP>
#	G	D	E	R	K	N	Q	S	T	A	V	L	I	F	Y	W	H	M	C	P
0	0.02430	0.21828	0.14355	0.02503	0.13629	0.27214	0.01978	0.02839	0.01988	0.02236	0.01334	0.01596	0.01109	0.00785	0.00711	0.00219	0.01197	0.00560	0.00392	0.01099
1	0.01768	0.03608	0.46217	0.02828	0.07217	0.01979	0.19283	0.02635	0.01818	0.02644	0.01547	0.01903	0.01124	0.00762	0.00843	0.00267	0.01262	0.00721	0.00373	0.01203
2	0.00982	0.00842	0.00842	0.00842	0.01122	0.00701	0.00631	0.01192	0.01894	0.02244	0.08416	0.07995	0.65285	0.02104	0.00982	0.00281	0.00421	0.01753	0.00771	0.00701
3	0.02056	0.01974	0.03372	0.05099	0.65622	0.01974	0.02550	0.02550	0.01892	0.02714	0.01563	0.02056	0.01316	0.00740	0.00822	0.00247	0.00987	0.00740	0.00411	0.01316
4	0.01569	0.01477	0.02492	0.68808	0.05722	0.01846	0.02307	0.02123	0.01661	0.02123	0.01477	0.02215	0.01107	0.00831	0.00831	0.00277	0.01107	0.00738	0.00369	0.00923
5	0.01493	0.00783	0.00797	0.00793	0.00992	0.00770	0.00595	0.01870	0.01785	0.03058	0.06502	0.03569	0.06315	0.01078	0.00627	0.00203	0.00389	0.00874	0.66735	0.00770
6	0.02432	0.51310	0.03872	0.01693	0.02338	0.19435	0.04122	0.02705	0.01868	0.02005	0.01210	0.01414	0.01076	0.00747	0.00607	0.00191	0.01065	0.00490	0.00377	0.01042
7	0.07664	0.02283	0.02415	0.01861	0.02517	0.02533	0.01537	0.59149	0.03753	0.05143	0.01943	0.01955	0.01381	0.00983	0.00812	0.00250	0.00898	0.00730	0.00812	0.01381
8	0.03103	0.03959	0.02354	0.02140	0.02568	0.67469	0.01605	0.03317	0.02354	0.02033	0.01284	0.01498	0.01070	0.00856	0.00749	0.00214	0.01498	0.00535	0.00428	0.00963
9	0.02056	0.01974	0.03372	0.05099	0.65622	0.01974	0.02550	0.02550	0.01892	0.02714	0.01563	0.02056	0.01316	0.00740	0.00822	0.00247	0.00987	0.00740	0.00411	0.01316
10	0.01145	0.00918	0.01048	0.01105	0.01353	0.00848	0.00876	0.01521	0.05487	0.02371	0.06706	0.13308	0.40120	0.02141	0.01026	0.00313	0.00534	0.17656	0.00774	0.00752
11	0.01000	0.00842	0.00866	0.00860	0.01133	0.00709	0.00645	0.01227	0.01936	0.02344	0.13620	0.07831	0.60019	0.02067	0.00982	0.00279	0.00418	0.01730	0.00785	0.00709
12	0.01706	0.09111	0.62036	0.02300	0.03490	0.02027	0.02951	0.02621	0.01749	0.02582	0.01467	0.01724	0.01053	0.00784	0.00771	0.00257	0.01203	0.00602	0.00351	0.01216
13	0.02158	0.07388	0.07117	0.03975	0.36771	0.10309	0.15081	0.02669	0.01942	0.02558	0.01519	0.01957	0.01241	0.00747	0.00824	0.00246	0.01145	0.00737	0.00408	0.01207
14	0.01006	0.00748	0.00938	0.01090	0.01187	0.00680	0.00742	0.01164	0.01655	0.02147	0.05390	0.57092	0.18141	0.02497	0.01044	0.00325	0.00469	0.02233	0.00771	0.00680
15	0.01208	0.00805	0.00906	0.00906	0.00906	0.00805	0.00503	0.01208	0.01208	0.01611	0.02618	0.05436	0.03020	0.70804	0.04228	0.00805	0.00805	0.01208	0.00503	0.00503
16	0.34553	0.01969	0.01948	0.05446	0.02344	0.02229	0.01330	0.33451	0.02708	0.04409	0.01606	0.01731	0.01175	0.00891	0.00695	0.00254	0.00809	0.00620	0.00668	0.01165
17	0.02281	0.02303	0.03164	0.04460	0.52281	0.12233	0.02348	0.06014	0.02076	0.02748	0.01543	0.01966	0.01283	0.00773	0.00811	0.00242	0.01063	0.00709	0.00437	0.01266
18	0.01915	0.28090	0.33991	0.01990	0.02901	0.05127	0.05537	0.02523	0.01733	0.02301	0.01441	0.01844	0.01190	0.05051	0.00917	0.00264	0.01101	0.00606	0.00369	0.01108
19	0.76672	0.01607	0.01221	0.01092	0.01607	0.01864	0.00900	0.02442	0.01414	0.03727	0.01157	0.01350	0.00900	0.00771	0.00514	0.00257	0.00643	0.00450	0.00514	0.00900
20	0.01029	0.00843	0.00907	0.00891	0.01151	0.00721	0.00668	0.01284	0.02005	0.02510	0.22290	0.07558	0.51245	0.02005	0.00981	0.00276	0.00414	0.01692	0.00806	0.00721
21	0.01670	0.01651	0.01668	0.01584	0.01757	0.15265	0.01217	0.01907	0.01548	0.01951	0.02026	0.06519	0.01976	0.08202	0.37035	0.00878	0.11008	0.00893	0.00452	0.00793
22	0.03158	0.02327	0.02493	0.01911	0.02576	0.02576	0.01579	0.62852	0.03906	0.05236	0.01995	0.01995	0.01413	0.00997	0.00831	0.00249	0.00914	0.00748	0.00831	0.01413
23	0.01181	0.00794	0.00914	0.00940	0.00947	0.00788	0.00540	0.01201	0.01260	0.01680	0.02884	0.14252	0.03357	0.61529	0.03798	0.00742	0.00761	0.01365	0.00540	0.00527
24	0.02052	0.01691	0.02080	0.15696	0.02916	0.01634	0.01414	0.17434	0.02261	0.03222	0.01607	0.01895	0.01250	0.00757	0.00715	0.00187	0.00795	0.00609	0.00552	0.41232
25	0.02729	0.01948	0.02145	0.01733	0.02266	0.02115	0.01393	0.47247	0.03350	0.07221	0.02597	0.16475	0.02304	0.01338	0.00880	0.00268	0.00814	0.01093	0.00827	0.01257
26	0.01171	0.00790	0.00917	0.00954	0.00963	0.00780	0.00555	0.01198	0.01281	0.01708	0.02992	0.17825	0.03493	0.57771	0.03623	0.00716	0.00744	0.01429	0.00555	0.00536
27	0.01549	0.00774	0.00774	0.00774	0.00968	0.00774	0.00581	0.01936	0.01742	0.03097	0.02710	0.03097	0.02129	0.00968	0.00581	0.00194	0.00387	0.00774	0.75416	0.00774
28	0.01848	0.26270	0.46121	0.02057	0.03116	0.02375	0.02529	0.02584	0.01732	0.02409	0.01381	0.01616	0.01057	0.00764	0.00705	0.00235	0.01116	0.00558	0.00352	0.01175
29	0.01361	0.01081	0.01552	0.01476	0.01628	0.01312	0.01169	0.04316	0.01442	0.02087	0.02060	0.03010	0.01913	0.05345	0.55701	0.01154	0.11286	0.00862	0.00451	0.00795
30	0.00983	0.00835	0.00848	0.00858	0.01126	0.00700	0.00639	0.01190	0.01877	0.02238	0.08213	0.11292	0.62119	0.02130	0.00986	0.00284	0.00424	0.01785	0.00771	0.00700
31	0.01208	0.00805	0.00906	0.00906	0.00906	0.00805	0.00503	0.01208	0.01208	0.01611	0.02618	0.05436	0.03020	0.70804	0.04228	0.00805	0.00805	0.01208	0.00503	0.00503
32	0.01695	0.04113	0.61269	0.02535	0.06416	0.01938	0.05356	0.02628	0.01768	0.02636	0.01501	0.01786	0.01072	0.00784	0.00798	0.00263	0.01224	0.00634	0.00356	0.01228
33	0.01549	0.00774	0.00774	0.00774	0.00968	0.00774	0.00581	0.01936	0.01742	0.03097	0.02710	0.03097	0.02129	0.00968	0.00581	0.00194	0.00387	0.00774	0.75416	0.00774
34	0.02050	0.01990	0.03466	0.05001	0.61866	0.01982	0.06231	0.02556	0.01896	0.02711	0.01570	0.02067	0.01313	0.00738	0.00832	0.00249	0.01012	0.00755	0.00412	0.01304
35	0.02438	0.17712	0.14064	0.02177	0.06100	0.24047	0.01901	0.08258	0.02078	0.02448	0.01347	0.01628	0.01114	0.00902	0.00991	0.00240	0.10459	0.00587	0.00426	0.01084
36	0.03103	0.03959	0.02354	0.02140	0.02568	0.67469	0.01605	0.03317	0.02354	0.02033	0.01284	0.01498	0.01070	0.00856	0.00749	0.00214	0.01498	0.00535	0.00428	0.00963
37	0.03579	0.01381	0.01880	0.01453	0.02070	0.01196	0.01196	0.03905	0.02376	0.62546	0.06873	0.03024	0.02392	0.01067	0.00844	0.00257	0.00689	0.00874	0.01022	0.01377
38	0.02270	0.67569	0.04242	0.01461	0.02156	0.06847	0.01432	0.02534	0.01725	0.01959	0.01162	0.01342	0.01066	0.00719	0.00545	0.00180	0.00922	0.00449	0.00359	0.01060
39	0.01430	0.01420	0.02224	0.02009	0.07479	0.03575	0.17385	0.01801	0.01912	0.02394	0.05358	0.09240	0.33922	0.01609	0.00973	0.00284	0.00790	0.04684	0.00635	0.00876
40	0.01030	0.00857	0.00909	0.00935	0.01203	0.00736	0.00727	0.01264	0.01896	0.02277	0.07873	0.08181	0.57106	0.02130	0.01004	0.00294	0.00467	0.09632	0.00771	0.00710
41	0.01674	0.01222	0.01496	0.01521	0.01822	0.01288	0.01256	0.02640	0.21206	0.06665	0.04224	0.10494	0.06950	0.01864	0.01021	0.00336	0.00695	0.31853	0.00807	0.00967
42	0.02003	0.02290	0.11957	0.04728	0.57187	0.01968	0.02620	0.02561	0.01873	0.02703	0.01553	0.02015	0.01280	0.00747	0.00818	0.00249	0.01020	0.00723	0.00403	0.01304
43	0.02207	0.07004	0.25306	0.03089	0.21195	0.19690	0.04724	0.02786	0.01960	0.02459	0.01445	0.01769	0.01142	0.00786	0.00782	0.00241	0.01220	0.00634	0.00392	0.01169
44	0.01503	0.01395	0.02324	0.01966	0.02200	0.01651	0.12524	0.01842	0.01432	0.02082	0.01811	0.02675	0.01654	0.03893	0.37359	0.00872	0.20679	0.00861	0.00418	0.00857
45	0.00993	0.00842	0.00857	0.00853	0.01129	0.00706	0.00640	0.01214	0.01920	0.02307	0.11713	0.07891	0.61949	0.02080	0.00982	0.00279	0.00419	0.01739	0.00780	0.00706
46	0.01136	0.00868	0.01100	0.01099	0.01311	0.00832	0.00854	0.01450	0.01942	0.02596	0.27020	0.06512	0.24247	0.02853	0.15073	0.00509	0.00832	0.08264	0.00753	0.00747
47	0.01723	0.01477	0.01723	0.01230	0.01969	0.01107	0.00984	0.02092	0.01723	0.02707	0.01477	0.01723	0.01230	0.00615	0.00615	0.00123	0.00615	0.00492	0.00492	0.75883
48	0.01208	0.00805	0.00906	0.00906	0.00906	0.00805	0.00503	0.01208	0.01208	0.01611	0.02618	0.05436	0.03020	0.70804	0.04228	0.00805	0.00805	0.01208	0.00503	0.00503
49	0.02409	0.56928	0.03927	0.01575	0.02225	0.16988	0.01461	0.02665	0.01830	0.01971	0.01183	0.01368	0.01067	0.00742	0.00579	0.00185	0.01019	0.00464	0.00371	0.01044
50	0.01208	0.00805	0.00906	0.00906	0.00906	0.00805	0.00503	0.01208	0.01208	0.01611	0.02618	0.05436	0.03020	0.70804	0.04228	0.00805	0.00805	0.01208	0.00503	0.00503
51	0.03158	0.02327	0.02493	0.01911	0.02576	0.02576	0.01579	0.62852	0.03906	0.05236	0.01995	0.01995	0.01413	0.00997	0.00831	0.00249	0.00914	0.00748	0.00831	0.01413
52	0.01202	0.00828	0.01020	0.01020	0.01060	0.00867	0.00646	0.01281	0.01242	0.01695	0.02513	0.04858	0.02769	0.53600	0.21089	0.00947	0.01184	0.01123	0.00488	0.00567
53	0.01012	0.00723	0.00964	0.01157	0.01205	0.00675	0.00771	0.01157	0.01591	0.02121	0.04579	0.70262	0.05495	0.02603	0.01060	0.00337	0.00482	0.02362	0.00771	0.00675
54	0.02644	0.03057	0.03007	0.03181	0.21309	0.35927	0.10176	0.06156	0.02247	0.02488	0.01457	0.01789	0.01186	0.00808	0.00806	0.00234	0.01304	0.00667	0.00443	0.01112
55	0.02652	0.02464	0.02121	0.01893	0.04574	0.21111	0.01431	0.22653	0.15822	0.03547	0.02162	0.02236	0.01644	0.00970	0.00776	0.00238	0.00961	0.00730	0.10844	0.01171
56	0.12364	0.09208	0.17391	0.02902	0.23308	0.02203	0.02130	0.15307	0.02202	0.03293	0.01543	0.01808	0.01196	0.00807	0.00747	0.00246	0.00970	0.00645	0.00495	0.01236
57	0.01375	0.01079	0.01256	0.01287	0.01536	0.01100	0.01023	0.02074	0.14974	0.02509	0.05060	0.07126	0.20921	0.11311	0.01456	0.00390	0.00652	0.23294	0.00748	0.00828
58	0.02236	0.01747	0.01884	0.01669	0.02156	0.01980	0.01305	0.04377	0.57799	0.09897	0.03371	0.03072	0.02487	0.01117	0.00844	0.00279	0.00663	0.00929	0.00864	0.01325
59	0.01177	0.00810	0.00897	0.00897	0.00935	0.00791	0.00521	0.01206	0.01301	0.01697	0.03406	0.05784	0.11488	0.61462	0.03787	0.00734	0.00753	0.01282	0.00540	0.00530
60	0.02221	0.71304	0.04353	0.01421	0.02132	0.03287	0.01421	0.02488	0.01688	0.01955	0.01155	0.01333	0.01066	0.00711	0.00533	0.00178	0.00888	0.00444	0.00355	0.01066
61	0.01208	0.00805	0.00906	0.00906	0.00906	0.00805	0.00503	0.01208	0.01208	0.01611	0.02618	0.05436	0.03020	0.70804	0.04228	0.00805	0.00805	0.01208	0.00503	0.00503
62	0.01012	0.00723	0.00964	0.01157	0.01205	0.00675	0.00771	0.01157	0.01591	0.02121	0.04579	0.70262	0.05495	0.02603	0.01060	0.00337	0.00482	0.02362	0.00771	0.00675
63	0.01921	0.02521	0.13279	0.03347	0.04240	0.02078	0.54509	0.02657	0.01933	0.02657	0.01655	0.02175	0.01232	0.00712	0.00954	0.00278	0.01377	0.00931	0.00411	0.01135
64	0.01156	0.00783	0.00922	0.00973	0.00986	0.00770	0.00575	0.01194	0.01310	0.01747	0.03142	0.22768	0.03682	0.52570	0.03381	0.00680	0.00719	0.01517	0.00575	0.00549
65	0.02060	0.11510	0.06566	0.04328	0.51384	0.02154	0.02372	0.02620	0.04346	0.02637	0.01576	0.01984	0.01318	0.00754	0.00782	0.00240	0.00972	0.00702	0.00418	0.01278
66	0.02653	0.03068	0.02686	0.02229	0.02726	0.40804	0.14367	0.06448	0.02278	0.02497	0.01603	0.01902	0.01274	0.00847	0.00780	0.00227	0.01292	0.00674	0.10648	0.00997
67	0.01906	0.33287	0.39613	0.01958	0.02962	0.02517	0.02356	0.02569	0.01725	0.02338	0.01346	0.01572	0.01058	0.00755	0.00678	0.00226	0.01081	0.00540	0.00353	0.01158
68	0.01088	0.00755	0.00942	0.01060	0.01090	0.00725	0.00668	0.01177	0.01443	0.01924	0.03822	0.45240	0.04539	0.28928	0.02283	0.00518	0.00607	0.01916	0.00668	0.00609
69	0.02210	0.01420	0.02115	0.02526	0.22640	0.01358	0.01509	0.02713	0.05261	0.20429	0.24238	0.03762	0.03847	0.01172	0.00882	0.00256	0.00687	0.01041	0.00777	0.01158
70	0.76672	0.01607	0.01221	0.01092	0.01607	0.01864	0.00900	0.02442	0.01414	0.03727	0.01157	0.01350	0.00900	0.00771	0.00514	0.00257	0.00643	0.00450	0.00514	0.00900
71	0.01208	0.00805	0.00906	0.00906	0.00906	0.00805	0.00503	0.01208	0.01208	0.01611	0.02618	0.05436	0.03020	0.70804	0.04228	0.00805	0.00805	0.01208	0.00503	0.00503
72	0.01537	0.00936	0.01259	0.01288	0.01515	0.00877	0.01027	0.01857	0.02024	0.11289	0.20635	0.20464	0.07727	0.02021	0.01035	0.00320	0.00584	0.21924	0.00842	0.00837
73	0.02029	0.01946	0.03323	0.08632	0.62300	0.01967	0.02536	0.02526	0.01879	0.02681	0.01558	0.02065	0.01304	0.00745	0.00823	0.00248	0.00994	0.00740	0.00409	0.01294
74	0.02219	0.34315	0.25026	0.01895	0.02721	0.16402	0.02020	0.02712	0.01851	0.02201	0.01296	0.01511	0.01062	0.00768	0.00666	0.00214	0.01133	0.00521	0.00369	0.01099

[dist]
# distance from previous block
# <min> <max>
0	1

[block]
# block no. 3 follows, 22 sequences, length 10
# corresponding to MSA columns:
# 273-282
name=unknown_D
#
# <colnr> <probs for GDERKNQSTAVLIFYWHMCP>
#	G	D	E	R	K	N	Q	S	T	A	V	L	I	F	Y	W	H	M	C	P
0	0.30725	0.03255	0.41210	0.01874	0.02825	0.01904	0.02229	0.02558	0.01622	0.03056	0.01361	0.01597	0.00993	0.00782	0.00683	0.00261	0.01001	0.00550	0.00414	0.01101
1	0.01017	0.00843	0.00891	0.00879	0.01144	0.00716	0.00659	0.01261	0.01977	0.02442	0.18764	0.07669	0.54813	0.02030	0.00981	0.00277	0.00416	0.01708	0.00798	0.00716
2	0.03103	0.03959	0.02354	0.02140	0.02568	0.67469	0.01605	0.03317	0.02354	0.02033	0.01284	0.01498	0.01070	0.00856	0.00749	0.00214	0.01498	0.00535	0.00428	0.00963
3	0.01800	0.20407	0.51559	0.02140	0.03244	0.02256	0.02673	0.02596	0.01738	0.02468	0.01410	0.01653	0.01056	0.00770	0.00728	0.00243	0.01146	0.00573	0.00352	0.01189
4	0.01064	0.00845	0.00955	0.00928	0.01172	0.00736	0.00696	0.01351	0.02087	0.02704	0.32412	0.07239	0.41002	0.01932	0.00981	0.00272	0.00409	0.01647	0.00832	0.00736
5	0.01012	0.00723	0.00964	0.01157	0.01205	0.00675	0.00771	0.01157	0.01591	0.02121	0.04579	0.70262	0.05495	0.02603	0.01060	0.00337	0.00482	0.02362	0.00771	0.00675
6	0.01666	0.04297	0.66500	0.02368	0.03596	0.01929	0.03069	0.02631	0.01754	0.02631	0.01491	0.01754	0.01052	0.00789	0.00789	0.00263	0.01228	0.00614	0.00351	0.01228
7	0.02056	0.01974	0.03372	0.05099	0.65622	0.01974	0.02550	0.02550	0.01892	0.02714	0.01563	0.02056	0.01316	0.00740	0.00822	0.00247	0.00987	0.00740	0.00411	0.01316
8	0.00982	0.00842	0.00842	0.00842	0.01122	0.00701	0.00631	0.01192	0.01894	0.02244	0.08416	0.07995	0.65285	0.02104	0.00982	0.00281	0.00421	0.01753	0.00771	0.00701
9	0.01004	0.00842	0.00872	0.00865	0.01136	0.00711	0.00649	0.01235	0.01946	0.02369	0.14941	0.07789	0.58681	0.02057	0.00982	0.00278	0.00417	0.01724	0.00788	0.00711

[dist]
