[name]
unknown

[dist]
# distance from previous block
# <min> <max>
0	31

[block]
# block no. 0 follows, 21 sequences, length 49
# corresponding to MSA columns:
# 31-79
name=unknown_A
#
# <colnr> <probs for GDERKNQSTAVLIFYWHMCP>
#	G	D	E	R	K	N	Q	S	T	A	V	L	I	F	Y	W	H	M	C	P
0	0.02041	0.52601	0.03661	0.01485	0.02075	0.02750	0.01434	0.02345	0.01789	0.02143	0.02042	0.03494	0.02076	0.01148	0.00709	0.00236	0.00877	0.15608	0.00473	0.01012
1	0.02476	0.42314	0.06776	0.01570	0.02267	0.02698	0.01489	0.03203	0.13598	0.13036	0.02004	0.01992	0.01550	0.00869	0.00673	0.00221	0.00852	0.00629	0.00576	0.01210
2	0.02149	0.31411	0.03879	0.10016	0.03141	0.08130	0.14255	0.02532	0.01773	0.02188	0.01336	0.01762	0.01143	0.00876	0.01059	0.00250	0.12001	0.00660	0.00387	0.01051
3	0.03235	0.02384	0.02554	0.01958	0.02639	0.02639	0.01618	0.61946	0.04001	0.05363	0.02043	0.02043	0.01447	0.01022	0.00851	0.00255	0.00936	0.00766	0.00851	0.01447
4	0.02275	0.70604	0.04459	0.01456	0.02184	0.03367	0.01456	0.02548	0.01729	0.02002	0.01183	0.01365	0.01092	0.00728	0.00546	0.00182	0.00910	0.00455	0.00364	0.01092
5	0.03235	0.02384	0.02554	0.01958	0.02639	0.02639	0.01618	0.61946	0.04001	0.05363	0.02043	0.02043	0.01447	0.01022	0.00851	0.00255	0.00936	0.00766	0.00851	0.01447
6	0.02193	0.01866	0.01967	0.01747	0.02242	0.02152	0.01365	0.08426	0.59219	0.03683	0.03367	0.03098	0.02520	0.01146	0.00865	0.00286	0.00691	0.00949	0.00865	0.01354
7	0.01158	0.00857	0.01081	0.01050	0.01249	0.00780	0.00778	0.01508	0.02264	0.03126	0.50210	0.12589	0.16415	0.01890	0.01012	0.00278	0.00415	0.01661	0.00901	0.00780
8	0.01707	0.04402	0.65683	0.02426	0.03683	0.01976	0.03144	0.02695	0.01797	0.02695	0.01527	0.01797	0.01078	0.00809	0.00809	0.00270	0.01258	0.00629	0.00359	0.01258
9	0.01707	0.04402	0.65683	0.02426	0.03683	0.01976	0.03144	0.02695	0.01797	0.02695	0.01527	0.01797	0.01078	0.00809	0.00809	0.00270	0.01258	0.00629	0.00359	0.01258
10	0.02117	0.01828	0.01924	0.01732	0.02213	0.02117	0.01347	0.04522	0.63246	0.03560	0.03464	0.03175	0.02598	0.01155	0.00866	0.00289	0.00673	0.00962	0.00866	0.01347
11	0.01035	0.00749	0.00979	0.01163	0.01229	0.00693	0.00780	0.01187	0.01650	0.02181	0.04958	0.65366	0.09627	0.02631	0.01081	0.00342	0.00489	0.02377	0.00790	0.00693
12	0.01174	0.00854	0.01105	0.01073	0.01260	0.00785	0.00793	0.01535	0.02291	0.03206	0.54267	0.13975	0.10749	0.01872	0.01014	0.00278	0.00414	0.01658	0.00912	0.00785
13	0.01371	0.00980	0.01371	0.01567	0.01763	0.00980	0.01371	0.01763	0.01959	0.02547	0.04506	0.09599	0.04898	0.02351	0.01175	0.00392	0.00784	0.59056	0.00784	0.00784
14	0.01037	0.00741	0.00987	0.01185	0.01234	0.00691	0.00790	0.01185	0.01629	0.02172	0.04690	0.69537	0.05629	0.02666	0.01086	0.00346	0.00494	0.02419	0.00790	0.00691
15	0.03179	0.04056	0.02412	0.02192	0.02631	0.66676	0.01644	0.03398	0.02412	0.02083	0.01315	0.01535	0.01096	0.00877	0.00767	0.00219	0.01535	0.00548	0.00438	0.00987
16	0.01043	0.00778	0.00951	0.01083	0.01190	0.00708	0.00733	0.01198	0.01681	0.02168	0.05562	0.49067	0.20653	0.07390	0.01299	0.00365	0.00501	0.02173	0.00770	0.00686
17	0.01747	0.01513	0.01853	0.08725	0.02446	0.01219	0.01160	0.02146	0.01758	0.02706	0.01513	0.01821	0.01246	0.00655	0.00655	0.00144	0.00687	0.00532	0.00490	0.66984
18	0.02265	0.02314	0.04505	0.03246	0.04069	0.02254	0.49117	0.15123	0.02426	0.03278	0.01789	0.02243	0.01324	0.00781	0.00972	0.00280	0.01330	0.00954	0.00519	0.01210
19	0.01037	0.00741	0.00987	0.01185	0.01234	0.00691	0.00790	0.01185	0.01629	0.02172	0.04690	0.69537	0.05629	0.02666	0.01086	0.00346	0.00494	0.02419	0.00790	0.00691
20	0.03184	0.03907	0.02424	0.02171	0.02632	0.60964	0.01642	0.08621	0.02553	0.02375	0.01380	0.01580	0.01128	0.00890	0.00775	0.00222	0.01481	0.00568	0.00475	0.01028
21	0.02806	0.11302	0.02488	0.01904	0.02392	0.40585	0.01495	0.12162	0.02538	0.02662	0.04810	0.02378	0.06905	0.01030	0.00785	0.00228	0.01222	0.00722	0.00546	0.01040
22	0.02275	0.70604	0.04459	0.01456	0.02184	0.03367	0.01456	0.02548	0.01729	0.02002	0.01183	0.01365	0.01092	0.00728	0.00546	0.00182	0.00910	0.00455	0.00364	0.01092
23	0.01775	0.12282	0.58395	0.02310	0.03505	0.02142	0.02943	0.02678	0.01789	0.02613	0.01486	0.01745	0.01080	0.00799	0.00777	0.00259	0.01216	0.00608	0.00360	0.01238
24	0.02289	0.03305	0.18868	0.21364	0.07144	0.27859	0.02291	0.02822	0.02023	0.02305	0.01442	0.01844	0.01116	0.00845	0.00806	0.00253	0.01320	0.00640	0.00400	0.01064
25	0.02002	0.01915	0.03265	0.18375	0.52449	0.01995	0.02560	0.02520	0.01888	0.02653	0.01582	0.02140	0.01303	0.00778	0.00844	0.00259	0.01037	0.00758	0.00412	0.01264
26	0.01029	0.00772	0.00955	0.01101	0.01212	0.00698	0.00753	0.01194	0.01710	0.02205	0.05707	0.53674	0.20835	0.02534	0.01065	0.00331	0.00478	0.02258	0.00790	0.00698
27	0.02106	0.02022	0.03454	0.05223	0.64784	0.02022	0.02612	0.02612	0.01938	0.02780	0.01601	0.02106	0.01348	0.00758	0.00842	0.00253	0.01011	0.00758	0.00421	0.01348
28	0.03022	0.03795	0.02435	0.02197	0.02584	0.59049	0.01670	0.03237	0.02280	0.02079	0.01292	0.01574	0.01099	0.00950	0.01008	0.00237	0.09510	0.00572	0.00431	0.00980
29	0.01051	0.00747	0.00983	0.01166	0.01212	0.00701	0.00770	0.01189	0.01601	0.02135	0.04546	0.64930	0.05446	0.07522	0.01320	0.00380	0.00518	0.02334	0.00770	0.00679
30	0.03179	0.04056	0.02412	0.02192	0.02631	0.66676	0.01644	0.03398	0.02412	0.02083	0.01315	0.01535	0.01096	0.00877	0.00767	0.00219	0.01535	0.00548	0.00438	0.00987
31	0.01394	0.01233	0.01522	0.18416	0.02590	0.01314	0.01237	0.02159	0.14712	0.02531	0.05703	0.05609	0.35124	0.01608	0.00936	0.00287	0.00664	0.01353	0.00700	0.00909
32	0.01193	0.00847	0.01169	0.01220	0.01324	0.00915	0.00881	0.01413	0.01437	0.02039	0.02993	0.20802	0.03188	0.15212	0.36357	0.00955	0.01487	0.01347	0.04513	0.00705
33	0.01607	0.01513	0.02552	0.68047	0.05861	0.01891	0.02363	0.02174	0.01702	0.02174	0.01513	0.02269	0.01134	0.00851	0.00851	0.00284	0.01134	0.00756	0.00378	0.00945
34	0.02106	0.02022	0.03454	0.05223	0.64784	0.02022	0.02612	0.02612	0.01938	0.02780	0.01601	0.02106	0.01348	0.00758	0.00842	0.00253	0.01011	0.00758	0.00421	0.01348
35	0.02071	0.02183	0.06769	0.04824	0.52116	0.02041	0.12097	0.02634	0.01942	0.02767	0.01616	0.02121	0.01326	0.00754	0.00867	0.00259	0.01091	0.00791	0.00420	0.01311
36	0.02106	0.02022	0.03454	0.05223	0.64784	0.02022	0.02612	0.02612	0.01938	0.02780	0.01601	0.02106	0.01348	0.00758	0.00842	0.00253	0.01011	0.00758	0.00421	0.01348
37	0.70745	0.01844	0.05891	0.01213	0.01793	0.01914	0.01082	0.02515	0.01473	0.03737	0.01210	0.01412	0.00933	0.00791	0.00547	0.00264	0.00701	0.00473	0.00515	0.00946
38	0.02104	0.14655	0.42889	0.02226	0.03229	0.15737	0.02567	0.02819	0.01915	0.02459	0.01429	0.01675	0.01084	0.00810	0.00759	0.00245	0.01261	0.00585	0.00377	0.01175
39	0.01930	0.02619	0.19875	0.11772	0.34541	0.02010	0.09755	0.02595	0.01881	0.02679	0.01585	0.02067	0.01245	0.00778	0.00854	0.00265	0.01141	0.00753	0.00401	0.01253
40	0.01165	0.00973	0.00996	0.00973	0.01250	0.00897	0.00715	0.01616	0.09155	0.02373	0.07310	0.07286	0.49881	0.10005	0.01379	0.00351	0.00506	0.01631	0.00767	0.00769
41	0.01392	0.01175	0.01437	0.01394	0.01549	0.05816	0.01062	0.01665	0.01550	0.02126	0.09575	0.03716	0.02799	0.11557	0.44489	0.01047	0.05386	0.00984	0.00513	0.00766
42	0.01060	0.00882	0.00985	0.03814	0.01403	0.00782	0.00788	0.01294	0.01890	0.02294	0.07517	0.16172	0.49893	0.02181	0.01021	0.00302	0.00493	0.05727	0.00772	0.00729
43	0.01830	0.03989	0.56317	0.02289	0.03455	0.01904	0.02858	0.02820	0.04688	0.05724	0.01704	0.01912	0.01207	0.00827	0.00804	0.00263	0.01172	0.00649	0.00424	0.05165
44	0.02792	0.02700	0.02619	0.13647	0.13113	0.24180	0.01892	0.19382	0.02660	0.06450	0.01704	0.01963	0.01294	0.00903	0.00821	0.00248	0.01175	0.00694	0.00573	0.01190
45	0.01995	0.20644	0.26289	0.03048	0.19432	0.02369	0.09537	0.02639	0.01842	0.02542	0.01481	0.01826	0.01178	0.00764	0.00773	0.00245	0.01124	0.00663	0.00385	0.01226
46	0.02440	0.02813	0.02428	0.12925	0.09350	0.34121	0.01807	0.02751	0.02045	0.02216	0.01651	0.05179	0.01504	0.01063	0.01041	0.00259	0.08791	0.03200	0.00453	0.03964
47	0.19258	0.02411	0.17275	0.02204	0.09603	0.05123	0.01875	0.04892	0.01698	0.02814	0.01489	0.01959	0.01236	0.01668	0.09009	0.03379	0.11961	0.00663	0.00445	0.01037
48	0.07432	0.12393	0.01785	0.01285	0.01605	0.07641	0.01025	0.01866	0.01832	0.02452	0.13588	0.11892	0.13626	0.02584	0.14811	0.00495	0.01026	0.01200	0.00621	0.00840

[dist]
# distance from previous block
# <min> <max>
50	121

[block]
# block no. 1 follows, 21 sequences, length 62
# corresponding to MSA columns:
# 220-281
name=unknown_B
#
# <colnr> <probs for GDERKNQSTAVLIFYWHMCP>
#	G	D	E	R	K	N	Q	S	T	A	V	L	I	F	Y	W	H	M	C	P
0	0.02365	0.18505	0.03019	0.19628	0.06844	0.19181	0.01864	0.07755	0.02065	0.02407	0.01396	0.01798	0.01152	0.00901	0.00949	0.00248	0.07802	0.00632	0.00433	0.01055
1	0.05734	0.02662	0.12901	0.02536	0.15672	0.17577	0.01873	0.02903	0.02112	0.11941	0.07750	0.02375	0.01965	0.00923	0.00803	0.00240	0.01031	0.00739	0.00570	0.07694
2	0.07470	0.02291	0.02278	0.08976	0.18523	0.21086	0.01697	0.05205	0.02049	0.02712	0.01739	0.02157	0.01417	0.01221	0.05040	0.00310	0.01131	0.00691	0.12963	0.01044
3	0.01665	0.01543	0.02117	0.02225	0.10633	0.05760	0.04712	0.02017	0.01882	0.02573	0.15540	0.08228	0.03661	0.01933	0.05996	0.00391	0.15530	0.12057	0.00613	0.00923
4	0.06008	0.05521	0.10971	0.01711	0.02276	0.15289	0.01513	0.06074	0.02199	0.20039	0.05294	0.14430	0.02503	0.01273	0.00849	0.00266	0.00932	0.01029	0.00705	0.01118
5	0.02492	0.17944	0.02866	0.16140	0.03164	0.26193	0.01749	0.08471	0.02190	0.02425	0.01561	0.02148	0.01341	0.00957	0.00851	0.00244	0.04042	0.03724	0.00464	0.01033
6	0.21485	0.07277	0.02580	0.06265	0.20927	0.19669	0.01769	0.05821	0.02019	0.02904	0.01405	0.01718	0.01146	0.00815	0.00721	0.00243	0.01058	0.00604	0.00469	0.01106
7	0.02280	0.30172	0.02859	0.01568	0.02087	0.24889	0.01323	0.02520	0.02020	0.02103	0.03056	0.03100	0.16648	0.01131	0.00736	0.00221	0.01011	0.00817	0.00495	0.00963
8	0.01932	0.23019	0.18861	0.01842	0.02587	0.02144	0.09616	0.05753	0.01936	0.02703	0.02212	0.02455	0.05782	0.00913	0.00731	0.00232	0.00937	0.00747	0.14518	0.01078
9	0.05975	0.00890	0.01026	0.01032	0.01249	0.00825	0.00759	0.01454	0.02033	0.02825	0.30013	0.19990	0.24865	0.02005	0.00991	0.00290	0.00447	0.01736	0.00833	0.00760
10	0.02275	0.70604	0.04459	0.01456	0.02184	0.03367	0.01456	0.02548	0.01729	0.02002	0.01183	0.01365	0.01092	0.00728	0.00546	0.00182	0.00910	0.00455	0.00364	0.01092
11	0.03038	0.03848	0.02311	0.02106	0.02535	0.62388	0.01579	0.03257	0.02381	0.02097	0.01790	0.01967	0.05214	0.00960	0.00783	0.00224	0.01463	0.00629	0.00461	0.00969
12	0.01006	0.00862	0.00862	0.00862	0.01149	0.00718	0.00647	0.01221	0.01940	0.02299	0.08621	0.08190	0.64438	0.02155	0.01006	0.00287	0.00431	0.01796	0.00790	0.00718
13	0.01765	0.01513	0.01765	0.01260	0.02017	0.01134	0.01008	0.02143	0.01765	0.02773	0.01513	0.01765	0.01260	0.00630	0.00630	0.00126	0.00630	0.00504	0.00504	0.75295
14	0.01188	0.00804	0.00943	0.00991	0.01003	0.00792	0.00583	0.01225	0.01334	0.01778	0.03175	0.21276	0.03716	0.53536	0.03535	0.00707	0.00744	0.01528	0.00583	0.00559
15	0.01870	0.21322	0.46510	0.02241	0.03340	0.02344	0.06007	0.02659	0.01791	0.02518	0.01450	0.01714	0.01094	0.00783	0.00752	0.00248	0.01178	0.00605	0.00365	0.01209
16	0.01006	0.00862	0.00862	0.00862	0.01149	0.00718	0.00647	0.01221	0.01940	0.02299	0.08621	0.08190	0.64438	0.02155	0.01006	0.00287	0.00431	0.01796	0.00790	0.00718
17	0.02771	0.24523	0.03067	0.01968	0.02454	0.40798	0.01607	0.03003	0.02092	0.02054	0.01255	0.01514	0.01097	0.00890	0.00895	0.00223	0.07829	0.00538	0.00409	0.01014
18	0.02927	0.02858	0.02339	0.01986	0.02526	0.26136	0.01558	0.25561	0.18662	0.03689	0.02140	0.02147	0.01614	0.01002	0.00824	0.00251	0.01090	0.00736	0.00703	0.01251
19	0.01025	0.00868	0.00888	0.00898	0.01181	0.00732	0.00684	0.01249	0.01941	0.02312	0.08409	0.08262	0.61376	0.02165	0.01015	0.00293	0.00449	0.04741	0.00790	0.00722
20	0.02882	0.02208	0.02355	0.01887	0.02505	0.02474	0.01532	0.43820	0.22702	0.04794	0.02492	0.02400	0.01810	0.01064	0.00856	0.00266	0.00853	0.00828	0.00856	0.01416
21	0.01030	0.00767	0.00961	0.01116	0.01216	0.00697	0.00759	0.01193	0.01696	0.02200	0.05534	0.56376	0.18245	0.02557	0.01069	0.00333	0.00480	0.02286	0.00790	0.00697
22	0.02590	0.02577	0.02966	0.06469	0.33666	0.18025	0.02150	0.15515	0.02487	0.03137	0.01622	0.01959	0.01298	0.00848	0.00826	0.00246	0.01129	0.00708	0.00516	0.01263
23	0.02916	0.03556	0.02668	0.02937	0.17893	0.50800	0.01882	0.03205	0.02295	0.02254	0.01385	0.01675	0.01158	0.00848	0.00786	0.00227	0.01406	0.00600	0.00434	0.01075
24	0.01035	0.00749	0.00979	0.01162	0.01228	0.00693	0.00780	0.01187	0.01651	0.02181	0.04966	0.65236	0.09751	0.02630	0.01081	0.00342	0.00489	0.02376	0.00790	0.00693
25	0.01238	0.00825	0.00928	0.00928	0.00928	0.00825	0.00516	0.01238	0.01238	0.01650	0.02681	0.05569	0.03094	0.70092	0.04331	0.00825	0.00825	0.01238	0.00516	0.00516
26	0.06214	0.28614	0.02971	0.01603	0.02233	0.13161	0.01388	0.03357	0.06378	0.23196	0.02085	0.02029	0.01527	0.00893	0.00707	0.00226	0.00926	0.00639	0.00647	0.01203
27	0.01707	0.04402	0.65683	0.02426	0.03683	0.01976	0.03144	0.02695	0.01797	0.02695	0.01527	0.01797	0.01078	0.00809	0.00809	0.00270	0.01258	0.00629	0.00359	0.01258
28	0.01679	0.00957	0.01008	0.00964	0.01204	0.01002	0.00737	0.05208	0.06175	0.03218	0.02747	0.03128	0.02168	0.01430	0.05853	0.00300	0.00593	0.00813	0.59952	0.00863
29	0.01765	0.01513	0.01765	0.01260	0.02017	0.01134	0.01008	0.02143	0.01765	0.02773	0.01513	0.01765	0.01260	0.00630	0.00630	0.00126	0.00630	0.00504	0.00504	0.75295
30	0.01756	0.04060	0.55822	0.02614	0.03807	0.02005	0.12662	0.02700	0.01831	0.02700	0.01559	0.01878	0.01113	0.00794	0.00840	0.00272	0.01286	0.00690	0.00371	0.01240
31	0.01586	0.00793	0.00793	0.00793	0.00991	0.00793	0.00595	0.01983	0.01785	0.03173	0.02776	0.03173	0.02181	0.00991	0.00595	0.00198	0.00397	0.00793	0.74817	0.00793
32	0.01025	0.00863	0.00889	0.00882	0.01161	0.00727	0.00662	0.01259	0.01985	0.02407	0.14017	0.08012	0.58975	0.02115	0.01006	0.00285	0.00428	0.01771	0.00804	0.00727
33	0.01009	0.00850	0.00874	0.00893	0.01158	0.00716	0.00660	0.01218	0.01910	0.02287	0.08241	0.14125	0.58748	0.02205	0.01014	0.00293	0.00437	0.01856	0.00790	0.00716
34	0.03179	0.04056	0.02412	0.02192	0.02631	0.66676	0.01644	0.03398	0.02412	0.02083	0.01315	0.01535	0.01096	0.00877	0.00767	0.00219	0.01535	0.00548	0.00438	0.00987
35	0.06273	0.03424	0.02568	0.02698	0.14352	0.46222	0.01793	0.08046	0.02410	0.02564	0.01424	0.01678	0.01165	0.00863	0.00778	0.00231	0.01347	0.00602	0.00473	0.01090
36	0.02106	0.02022	0.03454	0.05223	0.64784	0.02022	0.02612	0.02612	0.01938	0.02780	0.01601	0.02106	0.01348	0.00758	0.00842	0.00253	0.01011	0.00758	0.00421	0.01348
37	0.01216	0.00912	0.01368	0.01368	0.01520	0.01064	0.01064	0.01520	0.01368	0.01976	0.02279	0.03343	0.02127	0.06382	0.66720	0.01368	0.02279	0.00912	0.00456	0.00760
38	0.01836	0.01737	0.02818	0.04153	0.49158	0.01702	0.02129	0.02270	0.01938	0.02662	0.03325	0.03600	0.16840	0.01101	0.00883	0.00261	0.00869	0.01013	0.00512	0.01193
39	0.01238	0.00825	0.00928	0.00928	0.00928	0.00825	0.00516	0.01238	0.01238	0.01650	0.02681	0.05569	0.03094	0.70092	0.04331	0.00825	0.00825	0.01238	0.00516	0.00516
40	0.02058	0.01973	0.03367	0.11308	0.59077	0.02009	0.02588	0.02569	0.01915	0.02722	0.01592	0.02122	0.01327	0.00767	0.00843	0.00256	0.01023	0.00758	0.00417	0.01309
41	0.76103	0.01646	0.01251	0.01119	0.01646	0.01909	0.00922	0.02502	0.01448	0.03818	0.01185	0.01382	0.00922	0.00790	0.00527	0.00263	0.00658	0.00461	0.00527	0.00922
42	0.01072	0.00871	0.00954	0.00952	0.01215	0.00753	0.00727	0.01338	0.02040	0.02551	0.20151	0.07893	0.48623	0.02080	0.01016	0.00290	0.00448	0.05464	0.00821	0.00741
43	0.01872	0.01892	0.02776	0.02329	0.02389	0.02575	0.06056	0.02096	0.01353	0.02096	0.01159	0.01892	0.01129	0.01435	0.02667	0.00366	0.63831	0.00763	0.00376	0.00946
44	0.02117	0.01828	0.01924	0.01732	0.02213	0.02117	0.01347	0.04522	0.63246	0.03560	0.03464	0.03175	0.02598	0.01155	0.00866	0.00289	0.00673	0.00962	0.00866	0.01347
45	0.03235	0.02384	0.02554	0.01958	0.02639	0.02639	0.01618	0.61946	0.04001	0.05363	0.02043	0.02043	0.01447	0.01022	0.00851	0.00255	0.00936	0.00766	0.00851	0.01447
46	0.03235	0.02384	0.02554	0.01958	0.02639	0.02639	0.01618	0.61946	0.04001	0.05363	0.02043	0.02043	0.01447	0.01022	0.00851	0.00255	0.00936	0.00766	0.00851	0.01447
47	0.01007	0.00856	0.00869	0.00879	0.01154	0.00717	0.00654	0.01219	0.01923	0.02292	0.08412	0.11453	0.61310	0.02182	0.01010	0.00290	0.00434	0.01829	0.00790	0.00717
48	0.76103	0.01646	0.01251	0.01119	0.01646	0.01909	0.00922	0.02502	0.01448	0.03818	0.01185	0.01382	0.00922	0.00790	0.00527	0.00263	0.00658	0.00461	0.00527	0.00922
49	0.02117	0.01828	0.01924	0.01732	0.02213	0.02117	0.01347	0.04522	0.63246	0.03560	0.03464	0.03175	0.02598	0.01155	0.00866	0.00289	0.00673	0.00962	0.00866	0.01347
50	0.03179	0.04056	0.02412	0.02192	0.02631	0.66676	0.01644	0.03398	0.02412	0.02083	0.01315	0.01535	0.01096	0.00877	0.00767	0.00219	0.01535	0.00548	0.00438	0.00987
51	0.01048	0.00745	0.00984	0.01171	0.01218	0.00698	0.00775	0.01188	0.01608	0.02145	0.04583	0.66123	0.05493	0.06265	0.01259	0.00371	0.00511	0.02356	0.00775	0.00682
52	0.01228	0.00864	0.01123	0.01123	0.01191	0.00931	0.00759	0.01363	0.01295	0.01794	0.02503	0.04581	0.02665	0.41824	0.32014	0.01066	0.01470	0.01093	0.00489	0.00624
53	0.01238	0.00825	0.00928	0.00928	0.00928	0.00825	0.00516	0.01238	0.01238	0.01650	0.02681	0.05569	0.03094	0.70092	0.04331	0.00825	0.00825	0.01238	0.00516	0.00516
54	0.02106	0.02022	0.03454	0.05223	0.64784	0.02022	0.02612	0.02612	0.01938	0.02780	0.01601	0.02106	0.01348	0.00758	0.00842	0.00253	0.01011	0.00758	0.00421	0.01348
55	0.01707	0.04402	0.65683	0.02426	0.03683	0.01976	0.03144	0.02695	0.01797	0.02695	0.01527	0.01797	0.01078	0.00809	0.00809	0.00270	0.01258	0.00629	0.00359	0.01258
56	0.01765	0.01513	0.01765	0.01260	0.02017	0.01134	0.01008	0.02143	0.01765	0.02773	0.01513	0.01765	0.01260	0.00630	0.00630	0.00126	0.00630	0.00504	0.00504	0.75295
57	0.01852	0.24747	0.42478	0.02056	0.03077	0.02349	0.02484	0.02573	0.01748	0.02433	0.01469	0.01763	0.01151	0.01146	0.05012	0.00314	0.01216	0.00593	0.00367	0.01174
58	0.03206	0.03257	0.02480	0.02080	0.02635	0.36086	0.01631	0.31366	0.03171	0.03650	0.01663	0.01778	0.01264	0.00946	0.00807	0.00237	0.01249	0.00652	0.00636	0.01207
59	0.01233	0.01042	0.01358	0.01374	0.01462	0.01167	0.01023	0.01405	0.01615	0.02169	0.04645	0.39929	0.16974	0.02269	0.01488	0.00340	0.17188	0.01876	0.00687	0.00756
60	0.02106	0.02022	0.03454	0.05223	0.64784	0.02022	0.02612	0.02612	0.01938	0.02780	0.01601	0.02106	0.01348	0.00758	0.00842	0.00253	0.01011	0.00758	0.00421	0.01348
61	0.02778	0.07759	0.02960	0.03003	0.18700	0.42287	0.05263	0.03103	0.02223	0.02293	0.01403	0.01714	0.01172	0.00828	0.00786	0.00229	0.01354	0.00622	0.00429	0.01096

[dist]
# distance from previous block
# <min> <max>
0	1

[block]
# block no. 2 follows, 21 sequences, length 19
# corresponding to MSA columns:
# 283-301
name=unknown_C
#
# <colnr> <probs for GDERKNQSTAVLIFYWHMCP>
#	G	D	E	R	K	N	Q	S	T	A	V	L	I	F	Y	W	H	M	C	P
0	0.02109	0.01975	0.03087	0.04385	0.49766	0.02045	0.02308	0.03070	0.16652	0.02967	0.02048	0.02363	0.01648	0.00853	0.00848	0.00261	0.00930	0.00807	0.00528	0.01348
1	0.03001	0.03196	0.02642	0.02673	0.13894	0.36159	0.01812	0.20447	0.02793	0.03172	0.01581	0.01788	0.01245	0.00898	0.00806	0.00236	0.01264	0.00650	0.00557	0.01187
2	0.06998	0.28701	0.07075	0.01414	0.01916	0.02125	0.01301	0.05534	0.01879	0.02600	0.07519	0.14651	0.05637	0.01304	0.00833	0.00249	0.03502	0.01027	0.04763	0.00974
3	0.01796	0.01148	0.01552	0.07006	0.05488	0.01153	0.01161	0.02313	0.09428	0.13821	0.05896	0.34580	0.03969	0.05180	0.01139	0.00334	0.00652	0.01637	0.00784	0.00963
4	0.02315	0.02051	0.02906	0.03144	0.23265	0.02269	0.05804	0.17037	0.10870	0.03370	0.01881	0.02194	0.01496	0.01006	0.01215	0.00278	0.13566	0.00793	0.00581	0.03959
5	0.03198	0.03479	0.02461	0.02112	0.02634	0.44575	0.01635	0.23605	0.02960	0.03215	0.01567	0.01710	0.01217	0.00927	0.00796	0.00232	0.01328	0.00623	0.00581	0.01146
6	0.01631	0.17436	0.02120	0.01402	0.01713	0.06199	0.01160	0.01928	0.01558	0.02082	0.01993	0.02740	0.01817	0.04255	0.41477	0.00919	0.01761	0.00770	0.06184	0.00856
7	0.01695	0.18530	0.31897	0.01747	0.02500	0.01946	0.01956	0.02218	0.01611	0.02218	0.01799	0.02846	0.01695	0.21882	0.01821	0.00419	0.01046	0.00774	0.00408	0.00994
8	0.01721	0.01278	0.01461	0.01350	0.01652	0.01303	0.01018	0.19740	0.02501	0.03318	0.11891	0.30478	0.14966	0.01962	0.00990	0.00298	0.00606	0.01699	0.00827	0.00940
9	0.03235	0.02384	0.02554	0.01958	0.02639	0.02639	0.01618	0.61946	0.04001	0.05363	0.02043	0.02043	0.01447	0.01022	0.00851	0.00255	0.00936	0.00766	0.00851	0.01447
10	0.01772	0.01713	0.01645	0.01559	0.01817	0.16023	0.01203	0.05664	0.01804	0.02230	0.02455	0.03165	0.05865	0.04530	0.43452	0.00969	0.01908	0.00877	0.00498	0.00851
11	0.02019	0.37013	0.30542	0.02162	0.07666	0.02669	0.02267	0.02616	0.01774	0.02358	0.01362	0.01607	0.01106	0.00765	0.00681	0.00225	0.01066	0.00553	0.00366	0.01183
12	0.02453	0.21840	0.03004	0.01946	0.02353	0.26137	0.01620	0.02686	0.01854	0.02090	0.01231	0.01598	0.01111	0.01004	0.01301	0.00249	0.21268	0.00578	0.00402	0.05277
13	0.01101	0.00840	0.01040	0.01103	0.01258	0.00811	0.00796	0.01302	0.01647	0.02129	0.05271	0.24034	0.24822	0.10544	0.16495	0.00613	0.00929	0.03879	0.00684	0.00701
14	0.05224	0.07183	0.17035	0.02098	0.02728	0.23349	0.01951	0.11435	0.07271	0.02868	0.01607	0.01827	0.01261	0.00969	0.01028	0.00260	0.09612	0.00648	0.00505	0.01141
15	0.01781	0.01578	0.02250	0.10841	0.21964	0.01682	0.01788	0.02734	0.17901	0.02809	0.03445	0.04520	0.09738	0.01335	0.00931	0.00296	0.00827	0.11817	0.00643	0.01119
16	0.03186	0.03844	0.02430	0.02163	0.02632	0.58561	0.01641	0.10818	0.02613	0.02498	0.01408	0.01599	0.01141	0.00895	0.00778	0.00224	0.01459	0.00576	0.00491	0.01045
17	0.01488	0.01249	0.01855	0.02433	0.20719	0.01207	0.01481	0.01883	0.02052	0.02770	0.18151	0.06307	0.15787	0.01689	0.01003	0.00301	0.00698	0.17269	0.00710	0.00948
18	0.02137	0.02220	0.03872	0.04554	0.42898	0.05721	0.20543	0.02691	0.01986	0.02724	0.01621	0.02132	0.01316	0.00753	0.00887	0.00261	0.01170	0.00821	0.00425	0.01267

[dist]
# distance from previous block
# <min> <max>
0	2

[block]
# block no. 3 follows, 21 sequences, length 27
# corresponding to MSA columns:
# 304-330
name=unknown_D
#
# <colnr> <probs for GDERKNQSTAVLIFYWHMCP>
#	G	D	E	R	K	N	Q	S	T	A	V	L	I	F	Y	W	H	M	C	P
0	0.21676	0.02495	0.01984	0.02084	0.10388	0.27492	0.01411	0.02688	0.02096	0.02904	0.14364	0.02569	0.02519	0.01017	0.00763	0.00245	0.01001	0.00758	0.00562	0.00980
1	0.02046	0.21399	0.43961	0.02090	0.03156	0.02274	0.02533	0.02788	0.01837	0.08177	0.01603	0.01784	0.01175	0.00810	0.00744	0.00246	0.01119	0.00604	0.00423	0.01232
2	0.03036	0.03784	0.02551	0.02597	0.10927	0.58046	0.01773	0.03293	0.02348	0.02176	0.01354	0.01611	0.01130	0.00861	0.00777	0.00224	0.01465	0.00576	0.00436	0.01035
3	0.02132	0.02221	0.03088	0.17439	0.34870	0.12878	0.06207	0.02606	0.01944	0.02492	0.01577	0.02119	0.01297	0.01081	0.04194	0.00312	0.01218	0.00746	0.00418	0.01160
4	0.01106	0.00894	0.01001	0.01055	0.01317	0.00790	0.00845	0.01369	0.01945	0.02367	0.07497	0.08575	0.48168	0.02209	0.01052	0.00316	0.00527	0.17443	0.00788	0.00736
5	0.02468	0.02003	0.02122	0.01803	0.02347	0.02281	0.01432	0.22565	0.44631	0.04127	0.03017	0.02819	0.02236	0.01113	0.00861	0.00278	0.00756	0.00901	0.00861	0.01378
6	0.01607	0.01513	0.02552	0.68047	0.05861	0.01891	0.02363	0.02174	0.01702	0.02174	0.01513	0.02269	0.01134	0.00851	0.00851	0.00284	0.01134	0.00756	0.00378	0.00945
7	0.02275	0.70604	0.04459	0.01456	0.02184	0.03367	0.01456	0.02548	0.01729	0.02002	0.01183	0.01365	0.01092	0.00728	0.00546	0.00182	0.00910	0.00455	0.00364	0.01092
8	0.02325	0.66965	0.04347	0.01496	0.02209	0.06829	0.01466	0.02595	0.01766	0.02007	0.01190	0.01374	0.01092	0.00736	0.00558	0.00184	0.00944	0.00460	0.00368	0.01086
9	0.01238	0.00825	0.00928	0.00928	0.00928	0.00825	0.00516	0.01238	0.01238	0.01650	0.02681	0.05569	0.03094	0.70092	0.04331	0.00825	0.00825	0.01238	0.00516	0.00516
10	0.02739	0.01911	0.02107	0.01754	0.02323	0.02101	0.01404	0.20303	0.35683	0.15454	0.03052	0.02811	0.02190	0.01099	0.00860	0.00275	0.00755	0.00888	0.00896	0.01393
11	0.01924	0.01627	0.01892	0.01653	0.01982	0.01885	0.01339	0.14367	0.15084	0.03134	0.04080	0.04421	0.19126	0.01564	0.01400	0.00309	0.17523	0.04922	0.00714	0.01054
12	0.01216	0.00912	0.01368	0.01368	0.01520	0.01064	0.01064	0.01520	0.01368	0.01976	0.02279	0.03343	0.02127	0.06382	0.66720	0.01368	0.02279	0.00912	0.00456	0.00760
13	0.02052	0.03565	0.44429	0.02548	0.03642	0.01916	0.15198	0.02895	0.01927	0.11068	0.01812	0.02048	0.01260	0.00822	0.00856	0.00272	0.01224	0.00738	0.00467	0.01260
14	0.76103	0.01646	0.01251	0.01119	0.01646	0.01909	0.00922	0.02502	0.01448	0.03818	0.01185	0.01382	0.00922	0.00790	0.00527	0.00263	0.00658	0.00461	0.00527	0.00922
15	0.01221	0.00893	0.01271	0.01271	0.01390	0.01011	0.00943	0.01458	0.01339	0.01904	0.02368	0.03833	0.02340	0.20388	0.53005	0.01248	0.01960	0.00983	0.00469	0.00706
16	0.03235	0.02384	0.02554	0.01958	0.02639	0.02639	0.01618	0.61946	0.04001	0.05363	0.02043	0.02043	0.01447	0.01022	0.00851	0.00255	0.00936	0.00766	0.00851	0.01447
17	0.02082	0.01807	0.01967	0.06215	0.02460	0.02101	0.01416	0.04363	0.59085	0.03466	0.03332	0.03114	0.02499	0.01134	0.00865	0.00288	0.00705	0.00948	0.00833	0.01320
18	0.02106	0.02022	0.03454	0.05223	0.64784	0.02022	0.02612	0.02612	0.01938	0.02780	0.01601	0.02106	0.01348	0.00758	0.00842	0.00253	0.01011	0.00758	0.00421	0.01348
19	0.01006	0.00862	0.00862	0.00862	0.01149	0.00718	0.00647	0.01221	0.01940	0.02299	0.08621	0.08190	0.64438	0.02155	0.01006	0.00287	0.00431	0.01796	0.00790	0.00718
20	0.01032	0.00863	0.00899	0.00890	0.01166	0.00730	0.00667	0.01273	0.02002	0.02448	0.16058	0.07945	0.56909	0.02100	0.01006	0.00285	0.00427	0.01762	0.00810	0.00730
21	0.03235	0.02384	0.02554	0.01958	0.02639	0.02639	0.01618	0.61946	0.04001	0.05363	0.02043	0.02043	0.01447	0.01022	0.00851	0.00255	0.00936	0.00766	0.00851	0.01447
22	0.01238	0.00825	0.00928	0.00928	0.00928	0.00825	0.00516	0.01238	0.01238	0.01650	0.02681	0.05569	0.03094	0.70092	0.04331	0.00825	0.00825	0.01238	0.00516	0.00516
23	0.01707	0.04402	0.65683	0.02426	0.03683	0.01976	0.03144	0.02695	0.01797	0.02695	0.01527	0.01797	0.01078	0.00809	0.00809	0.00270	0.01258	0.00629	0.00359	0.01258
24	0.01006	0.00862	0.00862	0.00862	0.01149	0.00718	0.00647	0.01221	0.01940	0.02299	0.08621	0.08190	0.64438	0.02155	0.01006	0.00287	0.00431	0.01796	0.00790	0.00718
25	0.02275	0.70604	0.04459	0.01456	0.02184	0.03367	0.01456	0.02548	0.01729	0.02002	0.01183	0.01365	0.01092	0.00728	0.00546	0.00182	0.00910	0.00455	0.00364	0.01092
26	0.01283	0.00966	0.01410	0.01386	0.01531	0.01147	0.01085	0.01586	0.01392	0.02061	0.02237	0.03234	0.02065	0.05696	0.58041	0.01223	0.06513	0.00893	0.05478	0.00773

[dist]
# distance from previous block
# <min> <max>
0	0

# created by:
# /home/cegg/simao/soft/augustus-3.2.1/scripts/msa2prfl.pl ./align_prep/12253.fa
