[name]
unknown

[dist]
# distance from previous block
# <min> <max>
0	1

[block]
# block no. 0 follows, 22 sequences, length 222
# corresponding to MSA columns:
# 1-222
name=unknown_A
#
# <colnr> <probs for GDERKNQSTAVLIFYWHMCP>
#	G	D	E	R	K	N	Q	S	T	A	V	L	I	F	Y	W	H	M	C	P
0	0.01529	0.01099	0.01459	0.01570	0.01810	0.01125	0.01364	0.08107	0.02121	0.02773	0.04147	0.08600	0.04429	0.02159	0.01114	0.00369	0.00781	0.53838	0.00772	0.00833
1	0.02346	0.01872	0.05324	0.02460	0.16104	0.01644	0.07079	0.09415	0.04878	0.14374	0.01977	0.02131	0.01469	0.00796	0.00774	0.00215	0.00844	0.00704	0.00611	0.24983
2	0.02743	0.06153	0.02202	0.01708	0.02194	0.16129	0.01350	0.27647	0.02748	0.10129	0.02119	0.05101	0.01775	0.09862	0.04115	0.00358	0.01043	0.00821	0.00679	0.01126
3	0.02805	0.02063	0.02256	0.01766	0.02359	0.02260	0.01448	0.50598	0.03428	0.04662	0.02025	0.02165	0.01506	0.01536	0.07933	0.00357	0.01016	0.00752	0.04032	0.05034
4	0.01885	0.02496	0.22812	0.02064	0.09139	0.01629	0.01860	0.10097	0.01993	0.02926	0.01645	0.02088	0.01343	0.06128	0.00999	0.00250	0.00905	0.00645	0.00483	0.28613
5	0.01856	0.11090	0.29672	0.02269	0.03086	0.07940	0.13301	0.02475	0.01810	0.02408	0.02156	0.02429	0.07807	0.00966	0.00983	0.00263	0.07208	0.00783	0.00416	0.01082
6	0.16820	0.01111	0.01339	0.01470	0.08004	0.01127	0.00962	0.01789	0.01946	0.03097	0.35277	0.08296	0.05083	0.08807	0.01217	0.00321	0.00555	0.01223	0.00728	0.00827
7	0.02020	0.01904	0.03182	0.15939	0.52547	0.01978	0.02465	0.05109	0.01940	0.02722	0.01567	0.02081	0.01284	0.00767	0.00824	0.00252	0.01005	0.00740	0.00422	0.01252
8	0.00983	0.00835	0.00848	0.00858	0.01127	0.00700	0.00639	0.01190	0.01877	0.02238	0.08210	0.11328	0.62085	0.02131	0.00986	0.00284	0.00424	0.01786	0.00771	0.00700
9	0.03047	0.03853	0.02409	0.02299	0.05943	0.63964	0.01656	0.03276	0.02329	0.02070	0.01299	0.01528	0.01083	0.00850	0.00753	0.00216	0.01471	0.00546	0.00427	0.00982
10	0.01198	0.00801	0.00909	0.00919	0.00922	0.00798	0.00518	0.01205	0.01229	0.01638	0.02723	0.08906	0.03153	0.67154	0.04059	0.00780	0.00788	0.01270	0.00518	0.00513
11	0.02394	0.53721	0.03842	0.01610	0.02229	0.17117	0.01478	0.02645	0.01814	0.01973	0.01180	0.01390	0.01068	0.00775	0.00676	0.00194	0.04009	0.00476	0.00371	0.01037
12	0.01328	0.01086	0.01557	0.01477	0.01577	0.01346	0.01154	0.01568	0.01308	0.01911	0.02016	0.03172	0.01958	0.11923	0.46624	0.01066	0.16855	0.00887	0.00433	0.00754
13	0.00986	0.00824	0.00860	0.00888	0.01134	0.00697	0.00652	0.01187	0.01849	0.02226	0.07848	0.17212	0.56434	0.02178	0.00993	0.00289	0.00430	0.01843	0.00771	0.00697
14	0.01187	0.00890	0.01335	0.01335	0.01483	0.01038	0.01038	0.01483	0.01335	0.01928	0.02225	0.03264	0.02077	0.06231	0.67512	0.01335	0.02225	0.00890	0.00445	0.00742
15	0.02854	0.02935	0.02443	0.09280	0.06072	0.31986	0.01704	0.23323	0.05867	0.03231	0.01663	0.01850	0.01276	0.00909	0.00794	0.00238	0.01191	0.00659	0.00578	0.01146
16	0.03103	0.03959	0.02354	0.02140	0.02568	0.67469	0.01605	0.03317	0.02354	0.02033	0.01284	0.01498	0.01070	0.00856	0.00749	0.00214	0.01498	0.00535	0.00428	0.00963
17	0.01844	0.03227	0.37163	0.03570	0.29808	0.01956	0.05452	0.02598	0.01821	0.02667	0.01529	0.01903	0.01173	0.00765	0.00812	0.00257	0.01134	0.00683	0.00379	0.01260
18	0.25693	0.07023	0.42289	0.01909	0.02881	0.01981	0.02287	0.02563	0.01642	0.02945	0.01366	0.01602	0.01004	0.00779	0.00688	0.00257	0.01022	0.00552	0.00403	0.01114
19	0.01055	0.00815	0.00964	0.00990	0.01183	0.00723	0.00718	0.01311	0.01974	0.02583	0.26763	0.22940	0.30814	0.02091	0.01001	0.00288	0.00426	0.01820	0.00820	0.00723
20	0.01720	0.01631	0.02765	0.49024	0.24323	0.01885	0.02382	0.02255	0.01733	0.02306	0.01503	0.02166	0.01172	0.00803	0.00828	0.00268	0.01070	0.00739	0.00382	0.01045
21	0.02669	0.03055	0.02785	0.03364	0.28872	0.37122	0.01998	0.05772	0.02234	0.02466	0.01433	0.01754	0.01189	0.00814	0.00783	0.00229	0.01258	0.00631	0.00440	0.01131
22	0.02488	0.29008	0.03332	0.02479	0.15378	0.26364	0.01741	0.02778	0.01952	0.02142	0.01283	0.01566	0.01120	0.00807	0.00781	0.00214	0.04548	0.00552	0.00394	0.01072
23	0.01228	0.00831	0.01050	0.01007	0.01196	0.00777	0.00751	0.01607	0.02219	0.03238	0.52396	0.08696	0.06819	0.01624	0.00920	0.00254	0.00395	0.01426	0.12789	0.00777
24	0.01187	0.00890	0.01335	0.01335	0.01483	0.01038	0.01038	0.01483	0.01335	0.01928	0.02225	0.03264	0.02077	0.06231	0.67512	0.01335	0.02225	0.00890	0.00445	0.00742
25	0.01165	0.00762	0.01018	0.01175	0.01256	0.00706	0.00796	0.01320	0.01635	0.05729	0.04505	0.66465	0.05301	0.02514	0.01048	0.00333	0.00495	0.02276	0.00786	0.00716
26	0.01723	0.01477	0.01723	0.01230	0.01969	0.01107	0.00984	0.02092	0.01723	0.02707	0.01477	0.01723	0.01230	0.00615	0.00615	0.00123	0.00615	0.00492	0.00492	0.75883
27	0.10976	0.02250	0.02358	0.01824	0.02473	0.02500	0.01507	0.56428	0.03641	0.05075	0.01905	0.01926	0.01358	0.00973	0.00797	0.00250	0.00885	0.00716	0.00797	0.01358
28	0.03158	0.02327	0.02493	0.01911	0.02576	0.02576	0.01579	0.62852	0.03906	0.05236	0.01995	0.01995	0.01413	0.00997	0.00831	0.00249	0.00914	0.00748	0.00831	0.01413
29	0.02221	0.71304	0.04353	0.01421	0.02132	0.03287	0.01421	0.02488	0.01688	0.01955	0.01155	0.01333	0.01066	0.00711	0.00533	0.00178	0.00888	0.00444	0.00355	0.01066
30	0.02066	0.01785	0.01878	0.01691	0.02160	0.02066	0.01315	0.04414	0.64121	0.03475	0.03381	0.03099	0.02536	0.01127	0.00845	0.00282	0.00657	0.00939	0.00845	0.01315
31	0.01208	0.00805	0.00906	0.00906	0.00906	0.00805	0.00503	0.01208	0.01208	0.01611	0.02618	0.05436	0.03020	0.70804	0.04228	0.00805	0.00805	0.01208	0.00503	0.00503
32	0.02059	0.01552	0.01725	0.01535	0.01967	0.01712	0.01195	0.03789	0.44825	0.10116	0.16107	0.03711	0.03578	0.01234	0.00872	0.00275	0.00608	0.01044	0.00879	0.01216
33	0.01225	0.00804	0.00899	0.00899	0.00909	0.00804	0.00507	0.01244	0.01235	0.01685	0.02622	0.05320	0.02976	0.67315	0.04046	0.00775	0.00784	0.01186	0.04246	0.00517
34	0.01574	0.00923	0.01126	0.01088	0.01364	0.00807	0.00809	0.01802	0.01938	0.15478	0.11015	0.26131	0.28763	0.02003	0.00976	0.00292	0.00496	0.01732	0.00836	0.00847
35	0.01666	0.04297	0.66500	0.02368	0.03596	0.01929	0.03069	0.02631	0.01754	0.02631	0.01491	0.01754	0.01052	0.00789	0.00789	0.00263	0.01228	0.00614	0.00351	0.01228
36	0.03462	0.01355	0.01843	0.01433	0.02029	0.01176	0.01176	0.03790	0.02375	0.59656	0.09719	0.03179	0.02658	0.01098	0.00850	0.00257	0.00674	0.00905	0.01016	0.01348
37	0.01012	0.00723	0.00964	0.01157	0.01205	0.00675	0.00771	0.01157	0.01591	0.02121	0.04579	0.70262	0.05495	0.02603	0.01060	0.00337	0.00482	0.02362	0.00771	0.00675
38	0.01708	0.04050	0.59786	0.02658	0.10192	0.01934	0.03014	0.02622	0.01769	0.02640	0.01498	0.01786	0.01080	0.00784	0.00793	0.00261	0.01202	0.00627	0.00357	0.01237
39	0.02011	0.27718	0.38045	0.02013	0.02976	0.09251	0.02340	0.02652	0.01794	0.02332	0.01352	0.01580	0.01059	0.00769	0.00695	0.00228	0.01137	0.00546	0.00360	0.01144
40	0.01955	0.39119	0.34204	0.01876	0.02835	0.02635	0.02213	0.02556	0.01720	0.02279	0.01316	0.01535	0.01059	0.00748	0.00656	0.00219	0.01051	0.00526	0.00353	0.01144
41	0.01564	0.00938	0.01215	0.01094	0.01370	0.00846	0.00839	0.01927	0.02311	0.13251	0.49770	0.05841	0.12524	0.01631	0.00957	0.00262	0.00445	0.01421	0.00919	0.00876
42	0.01820	0.18555	0.46969	0.02360	0.06657	0.02233	0.05298	0.02597	0.01756	0.02491	0.01430	0.01701	0.01079	0.00766	0.00744	0.00245	0.01149	0.00600	0.00358	0.01193
43	0.02394	0.02173	0.02308	0.02382	0.13183	0.11536	0.01620	0.10003	0.31822	0.06167	0.02490	0.02489	0.01895	0.01021	0.00927	0.00266	0.04566	0.00810	0.00691	0.01257
44	0.01030	0.00841	0.00872	0.00880	0.01115	0.00727	0.00641	0.01216	0.01793	0.02160	0.07392	0.07673	0.53569	0.12282	0.01469	0.00362	0.00492	0.04080	0.00731	0.00675
45	0.02781	0.02119	0.02286	0.01778	0.02424	0.02282	0.01451	0.45045	0.12694	0.04596	0.02128	0.02122	0.01556	0.00961	0.00801	0.00236	0.00831	0.00739	0.00783	0.12386
46	0.02092	0.01897	0.02905	0.02101	0.02858	0.01727	0.20969	0.14677	0.02245	0.03208	0.01648	0.01945	0.01277	0.00721	0.00777	0.00199	0.00929	0.00702	0.00538	0.36584
47	0.02462	0.25801	0.06508	0.01798	0.02376	0.25620	0.01552	0.03285	0.17991	0.02412	0.01792	0.01870	0.01445	0.00874	0.00704	0.00222	0.01064	0.00613	0.00507	0.01103
48	0.01409	0.00959	0.01153	0.01054	0.01334	0.00873	0.00806	0.04403	0.02278	0.08150	0.39250	0.06314	0.25390	0.01742	0.00962	0.00267	0.00450	0.01495	0.00874	0.00837
49	0.02700	0.03301	0.02529	0.04986	0.02703	0.47239	0.04728	0.02946	0.02068	0.02061	0.01269	0.01635	0.01086	0.00978	0.01198	0.00253	0.16344	0.00608	0.00411	0.00957
50	0.01264	0.00894	0.01115	0.01105	0.01344	0.00814	0.00873	0.01598	0.02129	0.05588	0.33423	0.07231	0.23682	0.01910	0.01009	0.00292	0.00491	0.13608	0.00847	0.00783
51	0.02619	0.01174	0.01539	0.01262	0.01730	0.01023	0.01012	0.02940	0.02292	0.39487	0.20184	0.04544	0.13829	0.01377	0.00897	0.00262	0.00579	0.01158	0.00957	0.01135
52	0.01055	0.00753	0.01013	0.01205	0.01272	0.00712	0.00845	0.01230	0.01633	0.02168	0.04555	0.62313	0.05401	0.02562	0.01072	0.00343	0.00519	0.09890	0.00770	0.00687
53	0.01666	0.04297	0.66500	0.02368	0.03596	0.01929	0.03069	0.02631	0.01754	0.02631	0.01491	0.01754	0.01052	0.00789	0.00789	0.00263	0.01228	0.00614	0.00351	0.01228
54	0.01339	0.00956	0.01339	0.01530	0.01721	0.00956	0.01339	0.01721	0.01912	0.02486	0.04399	0.09371	0.04781	0.02295	0.01147	0.00382	0.00765	0.60031	0.00765	0.00765
55	0.76672	0.01607	0.01221	0.01092	0.01607	0.01864	0.00900	0.02442	0.01414	0.03727	0.01157	0.01350	0.00900	0.00771	0.00514	0.00257	0.00643	0.00450	0.00514	0.00900
56	0.02467	0.01893	0.02049	0.01741	0.02267	0.02123	0.01396	0.23080	0.37879	0.07369	0.02986	0.03082	0.02274	0.01146	0.00857	0.00276	0.00749	0.04199	0.00846	0.01321
57	0.76672	0.01607	0.01221	0.01092	0.01607	0.01864	0.00900	0.02442	0.01414	0.03727	0.01157	0.01350	0.00900	0.00771	0.00514	0.00257	0.00643	0.00450	0.00514	0.00900
58	0.03099	0.02298	0.02460	0.01900	0.02554	0.02549	0.01565	0.59701	0.07153	0.05141	0.02069	0.02054	0.01473	0.01004	0.00832	0.00251	0.00900	0.00758	0.00832	0.01408
59	0.76672	0.01607	0.01221	0.01092	0.01607	0.01864	0.00900	0.02442	0.01414	0.03727	0.01157	0.01350	0.00900	0.00771	0.00514	0.00257	0.00643	0.00450	0.00514	0.00900
60	0.01187	0.00890	0.01335	0.01335	0.01483	0.01038	0.01038	0.01483	0.01335	0.01928	0.02225	0.03264	0.02077	0.06231	0.67512	0.01335	0.02225	0.00890	0.00445	0.00742
61	0.01010	0.00733	0.00953	0.01130	0.01198	0.00677	0.00759	0.01160	0.01616	0.02131	0.04907	0.64942	0.10603	0.02560	0.01054	0.00333	0.00477	0.02310	0.00771	0.00677
62	0.05033	0.00883	0.00862	0.00855	0.01148	0.00764	0.00646	0.01259	0.01868	0.02324	0.08027	0.07639	0.61839	0.02033	0.00957	0.00279	0.00433	0.01684	0.00758	0.00712
63	0.01012	0.00723	0.00964	0.01157	0.01205	0.00675	0.00771	0.01157	0.01591	0.02121	0.04579	0.70262	0.05495	0.02603	0.01060	0.00337	0.00482	0.02362	0.00771	0.00675
64	0.02756	0.02013	0.02166	0.01704	0.02232	0.02211	0.01357	0.50148	0.03350	0.04489	0.02123	0.02704	0.01744	0.15383	0.01531	0.00364	0.00892	0.00843	0.00764	0.01225
65	0.01047	0.00748	0.01004	0.01196	0.01260	0.00705	0.00832	0.01217	0.01625	0.02160	0.04560	0.63787	0.05419	0.02570	0.01070	0.00342	0.00512	0.08495	0.00770	0.00684
66	0.01252	0.00986	0.01455	0.04186	0.01683	0.01180	0.01125	0.01528	0.01351	0.01939	0.02234	0.06769	0.02171	0.08196	0.52511	0.01126	0.08143	0.00962	0.00454	0.00751
67	0.01666	0.04297	0.66500	0.02368	0.03596	0.01929	0.03069	0.02631	0.01754	0.02631	0.01491	0.01754	0.01052	0.00789	0.00789	0.00263	0.01228	0.00614	0.00351	0.01228
68	0.01135	0.00811	0.01105	0.01297	0.01399	0.00781	0.00985	0.01369	0.01712	0.02258	0.04511	0.47321	0.05226	0.02487	0.01093	0.00354	0.00589	0.24089	0.00769	0.00709
69	0.01012	0.00723	0.00964	0.01157	0.01205	0.00675	0.00771	0.01157	0.01591	0.02121	0.04579	0.70262	0.05495	0.02603	0.01060	0.00337	0.00482	0.02362	0.00771	0.00675
70	0.01011	0.00728	0.00959	0.01144	0.01202	0.00676	0.00765	0.01158	0.01603	0.02126	0.04737	0.67690	0.07964	0.02582	0.01057	0.00335	0.00479	0.02337	0.00771	0.00676
71	0.02382	0.02311	0.03029	0.06902	0.42670	0.11913	0.02230	0.13023	0.02298	0.03020	0.01591	0.01969	0.01286	0.00806	0.00813	0.00244	0.01057	0.00711	0.00484	0.01262
72	0.01803	0.01715	0.02914	0.38238	0.34464	0.01907	0.02423	0.02327	0.01772	0.02406	0.01518	0.02139	0.01207	0.00787	0.00827	0.00262	0.01050	0.00739	0.00389	0.01111
73	0.02834	0.03448	0.02616	0.02901	0.18791	0.50618	0.01848	0.03120	0.02235	0.02208	0.01356	0.01642	0.01133	0.00826	0.00768	0.00222	0.01367	0.00588	0.00424	0.01054
74	0.01937	0.01867	0.03179	0.04567	0.55701	0.01845	0.05346	0.02411	0.01895	0.02661	0.02297	0.02697	0.08116	0.00883	0.00847	0.00252	0.00947	0.00860	0.00450	0.01241
75	0.02163	0.02114	0.03152	0.07347	0.52691	0.07120	0.02371	0.05177	0.04733	0.02773	0.01635	0.02063	0.01345	0.00781	0.00818	0.00247	0.01015	0.00733	0.00447	0.01275
76	0.01014	0.00809	0.00909	0.00955	0.01160	0.00704	0.00689	0.01229	0.01866	0.02345	0.14409	0.25191	0.41408	0.02193	0.01004	0.00294	0.00434	0.01892	0.00789	0.00704
77	0.10156	0.51142	0.10341	0.01547	0.02266	0.08474	0.01554	0.02569	0.01723	0.02220	0.01201	0.01393	0.01047	0.00738	0.00576	0.00198	0.00950	0.00470	0.00378	0.01056
78	0.01086	0.00777	0.01045	0.01210	0.01299	0.00735	0.00871	0.01299	0.01728	0.02313	0.10993	0.52836	0.05619	0.02453	0.01067	0.00337	0.00522	0.12323	0.00785	0.00702
79	0.01012	0.00723	0.00964	0.01157	0.01205	0.00675	0.00771	0.01157	0.01591	0.02121	0.04579	0.70262	0.05495	0.02603	0.01060	0.00337	0.00482	0.02362	0.00771	0.00675
80	0.01187	0.00890	0.01335	0.01335	0.01483	0.01038	0.01038	0.01483	0.01335	0.01928	0.02225	0.03264	0.02077	0.06231	0.67512	0.01335	0.02225	0.00890	0.00445	0.00742
81	0.01549	0.00774	0.00774	0.00774	0.00968	0.00774	0.00581	0.01936	0.01742	0.03097	0.02710	0.03097	0.02129	0.00968	0.00581	0.00194	0.00387	0.00774	0.75416	0.00774
82	0.01063	0.00814	0.00974	0.00999	0.01188	0.00726	0.00725	0.01324	0.01988	0.02621	0.28766	0.23343	0.28310	0.02080	0.01001	0.00288	0.00426	0.01816	0.00825	0.00726
83	0.02221	0.71304	0.04353	0.01421	0.02132	0.03287	0.01421	0.02488	0.01688	0.01955	0.01155	0.01333	0.01066	0.00711	0.00533	0.00178	0.00888	0.00444	0.00355	0.01066
84	0.00982	0.00842	0.00842	0.00842	0.01122	0.00701	0.00631	0.01192	0.01894	0.02244	0.08416	0.07995	0.65285	0.02104	0.00982	0.00281	0.00421	0.01753	0.00771	0.00701
85	0.03103	0.03959	0.02354	0.02140	0.02568	0.67469	0.01605	0.03317	0.02354	0.02033	0.01284	0.01498	0.01070	0.00856	0.00749	0.00214	0.01498	0.00535	0.00428	0.00963
86	0.01871	0.02915	0.29546	0.06934	0.37072	0.01949	0.02754	0.02563	0.01824	0.02652	0.01529	0.01938	0.01197	0.00765	0.00809	0.00255	0.01093	0.00688	0.00384	0.01261
87	0.02341	0.23688	0.03470	0.03405	0.35602	0.05993	0.02005	0.02730	0.01905	0.09070	0.01599	0.01879	0.01301	0.00768	0.00729	0.00224	0.00956	0.00646	0.00459	0.01228
88	0.03727	0.01414	0.01928	0.01478	0.02121	0.01221	0.01221	0.04049	0.02378	0.66198	0.03277	0.02828	0.02056	0.01028	0.00835	0.00257	0.00707	0.00835	0.01028	0.01414
89	0.01549	0.00774	0.00774	0.00774	0.00968	0.00774	0.00581	0.01936	0.01742	0.03097	0.02710	0.03097	0.02129	0.00968	0.00581	0.00194	0.00387	0.00774	0.75416	0.00774
90	0.02496	0.03448	0.19877	0.02816	0.16451	0.28773	0.02201	0.09298	0.02258	0.02682	0.01475	0.01740	0.01155	0.00828	0.00784	0.00238	0.01253	0.00623	0.00446	0.01158
91	0.01549	0.00774	0.00774	0.00774	0.00968	0.00774	0.00581	0.01936	0.01742	0.03097	0.02710	0.03097	0.02129	0.00968	0.00581	0.00194	0.00387	0.00774	0.75416	0.00774
92	0.01114	0.00847	0.01024	0.00980	0.01203	0.00757	0.00735	0.01447	0.02205	0.02983	0.46992	0.06779	0.26247	0.01828	0.00980	0.00267	0.00401	0.01583	0.00869	0.00757
93	0.01786	0.01773	0.03234	0.37541	0.22181	0.01934	0.14801	0.02353	0.01787	0.02399	0.01543	0.02176	0.01197	0.00778	0.00859	0.00269	0.01134	0.00789	0.00391	0.01073
94	0.02765	0.03318	0.02683	0.03097	0.22949	0.46299	0.01910	0.03069	0.02205	0.02253	0.01374	0.01678	0.01150	0.00819	0.00773	0.00225	0.01333	0.00601	0.00423	0.01077
95	0.01582	0.00889	0.01162	0.01180	0.01388	0.00799	0.00850	0.01792	0.01850	0.15442	0.09895	0.44272	0.11345	0.02148	0.00999	0.00308	0.00514	0.01909	0.00836	0.00839
96	0.02078	0.01580	0.01703	0.01505	0.01965	0.01723	0.01178	0.06863	0.41484	0.09987	0.04333	0.04020	0.15356	0.01311	0.00872	0.00277	0.00628	0.01086	0.00849	0.01204
97	0.02040	0.01930	0.01756	0.05364	0.02071	0.19629	0.01252	0.10495	0.02032	0.02443	0.05352	0.08850	0.02175	0.02576	0.15636	0.12851	0.01270	0.00906	0.00532	0.00841
98	0.01610	0.21284	0.29363	0.01703	0.02450	0.01909	0.01896	0.02138	0.01717	0.02303	0.02760	0.16410	0.08681	0.01279	0.00796	0.00257	0.00898	0.01047	0.00483	0.01015
99	0.03103	0.03959	0.02354	0.02140	0.02568	0.67469	0.01605	0.03317	0.02354	0.02033	0.01284	0.01498	0.01070	0.00856	0.00749	0.00214	0.01498	0.00535	0.00428	0.00963
100	0.14615	0.01970	0.02850	0.04018	0.47060	0.04806	0.02130	0.02701	0.04422	0.05378	0.01625	0.01987	0.01315	0.00778	0.00769	0.00249	0.00927	0.00695	0.00471	0.01235
101	0.00992	0.00842	0.00856	0.00853	0.01129	0.00706	0.00639	0.01212	0.01918	0.02303	0.11477	0.07898	0.62187	0.02082	0.00982	0.00279	0.00419	0.01740	0.00779	0.00706
102	0.02797	0.01901	0.02090	0.01648	0.02167	0.02050	0.01309	0.43284	0.03161	0.10936	0.02266	0.02827	0.01828	0.16078	0.01565	0.00370	0.00869	0.00857	0.00781	0.01216
103	0.02981	0.03716	0.02307	0.02176	0.04810	0.61482	0.01585	0.03215	0.02304	0.02115	0.01371	0.01604	0.01136	0.00858	0.00743	0.00214	0.01420	0.00555	0.04441	0.00966
104	0.01176	0.00849	0.01110	0.01045	0.01241	0.00784	0.00784	0.01568	0.02352	0.03331	0.65184	0.06206	0.07839	0.01698	0.00980	0.00261	0.00392	0.01502	0.00914	0.00784
105	0.01696	0.07884	0.63174	0.02317	0.03517	0.02002	0.02981	0.02623	0.01750	0.02595	0.01473	0.01731	0.01053	0.00785	0.00776	0.00259	0.01210	0.00605	0.00351	0.01219
106	0.00982	0.00842	0.00842	0.00842	0.01122	0.00701	0.00631	0.01192	0.01894	0.02244	0.08416	0.07995	0.65285	0.02104	0.00982	0.00281	0.00421	0.01753	0.00771	0.00701
107	0.00985	0.00829	0.00854	0.00874	0.01131	0.00699	0.00646	0.01189	0.01862	0.02231	0.08015	0.14499	0.59039	0.02156	0.00990	0.00286	0.00427	0.01817	0.00771	0.00699
108	0.02772	0.03423	0.02384	0.16540	0.03249	0.53295	0.01757	0.03059	0.02205	0.02052	0.01326	0.01653	0.01078	0.00851	0.00767	0.00228	0.01414	0.00579	0.00415	0.00954
109	0.02854	0.02802	0.02179	0.01900	0.02395	0.31709	0.01471	0.11430	0.21755	0.09719	0.02240	0.02201	0.01675	0.00977	0.00799	0.00244	0.01077	0.00720	0.00674	0.01178
110	0.02618	0.40984	0.03453	0.01745	0.02329	0.32183	0.01504	0.02861	0.01988	0.01990	0.01213	0.01407	0.01068	0.00776	0.00630	0.00194	0.01163	0.00485	0.00388	0.01020
111	0.01012	0.00723	0.00964	0.01157	0.01205	0.00675	0.00771	0.01157	0.01591	0.02121	0.04579	0.70262	0.05495	0.02603	0.01060	0.00337	0.00482	0.02362	0.00771	0.00675
112	0.01208	0.00805	0.00906	0.00906	0.00906	0.00805	0.00503	0.01208	0.01208	0.01611	0.02618	0.05436	0.03020	0.70804	0.04228	0.00805	0.00805	0.01208	0.00503	0.00503
113	0.03118	0.03524	0.02391	0.02079	0.02570	0.50174	0.01598	0.19184	0.02768	0.02887	0.01473	0.01630	0.01161	0.00894	0.00771	0.00223	0.01342	0.00592	0.00535	0.01083
114	0.03103	0.03959	0.02354	0.02140	0.02568	0.67469	0.01605	0.03317	0.02354	0.02033	0.01284	0.01498	0.01070	0.00856	0.00749	0.00214	0.01498	0.00535	0.00428	0.00963
115	0.01034	0.00785	0.00960	0.01088	0.01228	0.00711	0.00780	0.01224	0.01723	0.02198	0.05845	0.43462	0.25439	0.02406	0.01043	0.00323	0.00489	0.07801	0.00771	0.00692
116	0.01618	0.01526	0.02580	0.62436	0.11712	0.01859	0.02331	0.02165	0.01684	0.02182	0.01485	0.02199	0.01128	0.00822	0.00830	0.00274	0.01095	0.00738	0.00373	0.00962
117	0.01932	0.01889	0.03242	0.15131	0.33894	0.01967	0.12491	0.02611	0.07174	0.02638	0.01700	0.02179	0.01362	0.00808	0.00926	0.00260	0.04017	0.00786	0.00444	0.04549
118	0.01549	0.00774	0.00774	0.00774	0.00968	0.00774	0.00581	0.01936	0.01742	0.03097	0.02710	0.03097	0.02129	0.00968	0.00581	0.00194	0.00387	0.00774	0.75416	0.00774
119	0.25388	0.02583	0.16315	0.02858	0.22187	0.08779	0.05429	0.02620	0.01765	0.02939	0.01398	0.01722	0.01100	0.00770	0.00720	0.00252	0.01008	0.00614	0.00433	0.01119
120	0.01756	0.01913	0.04051	0.02995	0.03664	0.01793	0.49249	0.02336	0.01881	0.02544	0.02307	0.16933	0.02175	0.01111	0.00998	0.00292	0.01202	0.01279	0.00496	0.01024
121	0.01208	0.00805	0.00906	0.00906	0.00906	0.00805	0.00503	0.01208	0.01208	0.01611	0.02618	0.05436	0.03020	0.70804	0.04228	0.00805	0.00805	0.01208	0.00503	0.00503
122	0.02221	0.71304	0.04353	0.01421	0.02132	0.03287	0.01421	0.02488	0.01688	0.01955	0.01155	0.01333	0.01066	0.00711	0.00533	0.00178	0.00888	0.00444	0.00355	0.01066
123	0.00999	0.00773	0.00912	0.01024	0.01170	0.00686	0.00712	0.01172	0.01718	0.02173	0.06198	0.43981	0.30731	0.02392	0.01027	0.00313	0.00456	0.02105	0.00771	0.00686
124	0.01104	0.00846	0.01011	0.00970	0.01197	0.00753	0.00728	0.01429	0.02183	0.02930	0.44251	0.06865	0.29021	0.01848	0.00981	0.00268	0.00403	0.01595	0.00862	0.00753
125	0.01007	0.00742	0.00945	0.01107	0.01192	0.00679	0.00749	0.01162	0.01638	0.02140	0.05181	0.60494	0.14874	0.02524	0.01048	0.00328	0.00472	0.02266	0.00771	0.00679
126	0.01208	0.00805	0.00906	0.00906	0.00906	0.00805	0.00503	0.01208	0.01208	0.01611	0.02618	0.05436	0.03020	0.70804	0.04228	0.00805	0.00805	0.01208	0.00503	0.00503
127	0.03103	0.03959	0.02354	0.02140	0.02568	0.67469	0.01605	0.03317	0.02354	0.02033	0.01284	0.01498	0.01070	0.00856	0.00749	0.00214	0.01498	0.00535	0.00428	0.00963
128	0.01723	0.01477	0.01723	0.01230	0.01969	0.01107	0.00984	0.02092	0.01723	0.02707	0.01477	0.01723	0.01230	0.00615	0.00615	0.00123	0.00615	0.00492	0.00492	0.75883
129	0.01723	0.01477	0.01723	0.01230	0.01969	0.01107	0.00984	0.02092	0.01723	0.02707	0.01477	0.01723	0.01230	0.00615	0.00615	0.00123	0.00615	0.00492	0.00492	0.75883
130	0.01187	0.00890	0.01335	0.01335	0.01483	0.01038	0.01038	0.01483	0.01335	0.01928	0.02225	0.03264	0.02077	0.06231	0.67512	0.01335	0.02225	0.00890	0.00445	0.00742
131	0.01176	0.00849	0.01110	0.01045	0.01241	0.00784	0.00784	0.01568	0.02352	0.03331	0.65184	0.06206	0.07839	0.01698	0.00980	0.00261	0.00392	0.01502	0.00914	0.00784
132	0.01876	0.01668	0.12650	0.01356	0.01933	0.01112	0.01276	0.02309	0.02058	0.16993	0.18160	0.04371	0.16753	0.01311	0.00859	0.00243	0.00648	0.01097	0.00746	0.12581
133	0.02066	0.01785	0.01878	0.01691	0.02160	0.02066	0.01315	0.04414	0.64121	0.03475	0.03381	0.03099	0.02536	0.01127	0.00845	0.00282	0.00657	0.00939	0.00845	0.01315
134	0.22509	0.03549	0.48360	0.02013	0.03043	0.01911	0.02466	0.02578	0.01659	0.02936	0.01398	0.01642	0.01010	0.00784	0.00713	0.00261	0.01065	0.00568	0.00396	0.01137
135	0.01853	0.02466	0.15900	0.02796	0.03688	0.01854	0.38002	0.02532	0.01870	0.02665	0.01601	0.02037	0.01215	0.00699	0.00865	0.00243	0.01198	0.00805	0.00423	0.17289
136	0.06196	0.58078	0.10091	0.01527	0.02265	0.05965	0.01561	0.02536	0.01710	0.02118	0.01193	0.01382	0.01056	0.00728	0.00566	0.00192	0.00935	0.00465	0.00367	0.01068
137	0.01666	0.04297	0.66500	0.02368	0.03596	0.01929	0.03069	0.02631	0.01754	0.02631	0.01491	0.01754	0.01052	0.00789	0.00789	0.00263	0.01228	0.00614	0.00351	0.01228
138	0.01305	0.00940	0.01296	0.01478	0.01667	0.00930	0.01276	0.01668	0.01896	0.02457	0.04610	0.12139	0.07872	0.02300	0.01135	0.00375	0.00734	0.54398	0.00766	0.00758
139	0.06332	0.03856	0.02304	0.02094	0.02526	0.64590	0.01574	0.03279	0.02313	0.02108	0.01279	0.01492	0.01063	0.00852	0.00739	0.00216	0.01461	0.00531	0.00432	0.00960
140	0.01977	0.01893	0.03229	0.15462	0.55879	0.01953	0.02510	0.02480	0.01854	0.02618	0.01549	0.02082	0.01282	0.00755	0.00824	0.00252	0.01007	0.00740	0.00404	0.01252
141	0.02066	0.01785	0.01878	0.01691	0.02160	0.02066	0.01315	0.04414	0.64121	0.03475	0.03381	0.03099	0.02536	0.01127	0.00845	0.00282	0.00657	0.00939	0.00845	0.01315
142	0.02221	0.71304	0.04353	0.01421	0.02132	0.03287	0.01421	0.02488	0.01688	0.01955	0.01155	0.01333	0.01066	0.00711	0.00533	0.00178	0.00888	0.00444	0.00355	0.01066
143	0.00988	0.00816	0.00868	0.00910	0.01140	0.00696	0.00661	0.01185	0.01828	0.02218	0.07587	0.21444	0.52371	0.02212	0.00999	0.00293	0.00434	0.01885	0.00771	0.00696
144	0.01368	0.01051	0.01276	0.01185	0.01440	0.01061	0.00899	0.02183	0.15693	0.03362	0.51835	0.05535	0.06693	0.01575	0.00951	0.00266	0.00449	0.01381	0.00900	0.00899
145	0.03695	0.01465	0.01960	0.01502	0.02146	0.01297	0.01241	0.07360	0.02464	0.62765	0.03205	0.02781	0.02020	0.01026	0.00835	0.00257	0.00719	0.00830	0.01017	0.01414
146	0.03158	0.02327	0.02493	0.01911	0.02576	0.02576	0.01579	0.62852	0.03906	0.05236	0.01995	0.01995	0.01413	0.00997	0.00831	0.00249	0.00914	0.00748	0.00831	0.01413
147	0.01187	0.00890	0.01335	0.01335	0.01483	0.01038	0.01038	0.01483	0.01335	0.01928	0.02225	0.03264	0.02077	0.06231	0.67512	0.01335	0.02225	0.00890	0.00445	0.00742
148	0.03697	0.01463	0.01958	0.01501	0.02145	0.01294	0.01240	0.07220	0.02460	0.62910	0.03208	0.02783	0.02022	0.01027	0.00835	0.00257	0.00718	0.00831	0.01018	0.01414
149	0.76672	0.01607	0.01221	0.01092	0.01607	0.01864	0.00900	0.02442	0.01414	0.03727	0.01157	0.01350	0.00900	0.00771	0.00514	0.00257	0.00643	0.00450	0.00514	0.00900
150	0.76672	0.01607	0.01221	0.01092	0.01607	0.01864	0.00900	0.02442	0.01414	0.03727	0.01157	0.01350	0.00900	0.00771	0.00514	0.00257	0.00643	0.00450	0.00514	0.00900
151	0.02010	0.02234	0.10162	0.04729	0.55964	0.01975	0.05605	0.02564	0.01880	0.02703	0.01561	0.02033	0.01285	0.00743	0.00827	0.00250	0.01033	0.00739	0.00405	0.01297
152	0.01484	0.01350	0.01996	0.01794	0.01893	0.01718	0.04223	0.01725	0.01373	0.02023	0.02028	0.12340	0.02090	0.03275	0.25306	0.00699	0.32368	0.01035	0.00454	0.00825
153	0.76672	0.01607	0.01221	0.01092	0.01607	0.01864	0.00900	0.02442	0.01414	0.03727	0.01157	0.01350	0.00900	0.00771	0.00514	0.00257	0.00643	0.00450	0.00514	0.00900
154	0.01569	0.01477	0.02492	0.68808	0.05722	0.01846	0.02307	0.02123	0.01661	0.02123	0.01477	0.02215	0.01107	0.00831	0.00831	0.00277	0.01107	0.00738	0.00369	0.00923
155	0.01666	0.04297	0.66500	0.02368	0.03596	0.01929	0.03069	0.02631	0.01754	0.02631	0.01491	0.01754	0.01052	0.00789	0.00789	0.00263	0.01228	0.00614	0.00351	0.01228
156	0.01052	0.00844	0.00939	0.00915	0.01165	0.00731	0.00687	0.01329	0.02060	0.02639	0.29020	0.07345	0.44434	0.01957	0.00981	0.00274	0.00410	0.01662	0.00823	0.00731
157	0.00982	0.00842	0.00842	0.00842	0.01122	0.00701	0.00631	0.01192	0.01894	0.02244	0.08416	0.07995	0.65285	0.02104	0.00982	0.00281	0.00421	0.01753	0.00771	0.00701
158	0.01099	0.00785	0.01064	0.01256	0.01343	0.00750	0.00922	0.01307	0.01676	0.02218	0.04531	0.54033	0.05304	0.02521	0.01084	0.00349	0.00557	0.17732	0.00770	0.00699
159	0.02056	0.01974	0.03372	0.05099	0.65622	0.01974	0.02550	0.02550	0.01892	0.02714	0.01563	0.02056	0.01316	0.00740	0.00822	0.00247	0.00987	0.00740	0.00411	0.01316
160	0.01208	0.00805	0.00906	0.00906	0.00906	0.00805	0.00503	0.01208	0.01208	0.01611	0.02618	0.05436	0.03020	0.70804	0.04228	0.00805	0.00805	0.01208	0.00503	0.00503
161	0.01012	0.00723	0.00964	0.01157	0.01205	0.00675	0.00771	0.01157	0.01591	0.02121	0.04579	0.70262	0.05495	0.02603	0.01060	0.00337	0.00482	0.02362	0.00771	0.00675
162	0.01272	0.01019	0.01357	0.01401	0.01466	0.01144	0.01022	0.04038	0.01627	0.02232	0.03746	0.53161	0.04408	0.02295	0.01394	0.00339	0.14680	0.01954	0.00690	0.00755
163	0.02761	0.17453	0.02764	0.01813	0.02409	0.15334	0.01506	0.28324	0.13271	0.03604	0.01908	0.01941	0.01460	0.00930	0.00753	0.00232	0.00980	0.00673	0.00652	0.01233
164	0.01134	0.00848	0.01052	0.01001	0.01215	0.00766	0.00751	0.01487	0.02253	0.03097	0.52922	0.06592	0.20247	0.01786	0.00980	0.00265	0.00398	0.01557	0.00884	0.00766
165	0.01359	0.01143	0.01664	0.01565	0.01673	0.01449	0.01251	0.01624	0.01318	0.01948	0.01916	0.02870	0.01808	0.04930	0.49871	0.01071	0.20485	0.00846	0.00423	0.00787
166	0.02380	0.52985	0.07421	0.01630	0.02309	0.17073	0.01554	0.02675	0.01836	0.02010	0.01202	0.01392	0.01066	0.00747	0.00594	0.00190	0.01039	0.00473	0.00371	0.01053
167	0.01244	0.00974	0.01444	0.01411	0.01546	0.01174	0.01109	0.01530	0.01329	0.01935	0.02123	0.03134	0.01988	0.05801	0.61685	0.01248	0.08257	0.00875	0.00438	0.00757
168	0.01107	0.00796	0.01049	0.01092	0.01226	0.00738	0.00778	0.01394	0.02030	0.02820	0.39604	0.33242	0.06849	0.02080	0.01014	0.00293	0.00430	0.01865	0.00854	0.00738
169	0.03158	0.02327	0.02493	0.01911	0.02576	0.02576	0.01579	0.62852	0.03906	0.05236	0.01995	0.01995	0.01413	0.00997	0.00831	0.00249	0.00914	0.00748	0.00831	0.01413
170	0.02628	0.31895	0.03112	0.01775	0.02313	0.37321	0.01479	0.02864	0.02053	0.02011	0.01591	0.01757	0.04313	0.00858	0.00671	0.00202	0.01189	0.00559	0.00415	0.00993
171	0.02474	0.02917	0.05649	0.03660	0.33330	0.29439	0.05390	0.02881	0.02084	0.02422	0.01449	0.01819	0.01199	0.00789	0.00799	0.00235	0.01233	0.00662	0.00416	0.01154
172	0.76672	0.01607	0.01221	0.01092	0.01607	0.01864	0.00900	0.02442	0.01414	0.03727	0.01157	0.01350	0.00900	0.00771	0.00514	0.00257	0.00643	0.00450	0.00514	0.00900
173	0.01136	0.00848	0.01055	0.01003	0.01217	0.00767	0.00752	0.01490	0.02257	0.03107	0.53485	0.06574	0.19677	0.01782	0.00980	0.00265	0.00398	0.01554	0.00885	0.00767
174	0.00988	0.00817	0.00867	0.00907	0.01139	0.00696	0.00660	0.01185	0.01831	0.02219	0.07625	0.20827	0.52963	0.02207	0.00998	0.00292	0.00433	0.01879	0.00771	0.00696
175	0.01187	0.00890	0.01335	0.01335	0.01483	0.01038	0.01038	0.01483	0.01335	0.01928	0.02225	0.03264	0.02077	0.06231	0.67512	0.01335	0.02225	0.00890	0.00445	0.00742
176	0.01009	0.00736	0.00951	0.01123	0.01196	0.00678	0.00756	0.01161	0.01623	0.02134	0.04987	0.63640	0.11853	0.02550	0.01052	0.00331	0.00475	0.02297	0.00771	0.00678
177	0.01012	0.00723	0.00964	0.01157	0.01205	0.00675	0.00771	0.01157	0.01591	0.02121	0.04579	0.70262	0.05495	0.02603	0.01060	0.00337	0.00482	0.02362	0.00771	0.00675
178	0.01114	0.00795	0.01080	0.01273	0.01365	0.00762	0.00948	0.01332	0.01691	0.02234	0.04523	0.51336	0.05273	0.02507	0.01087	0.00351	0.00570	0.20286	0.00769	0.00703
179	0.01666	0.04297	0.66500	0.02368	0.03596	0.01929	0.03069	0.02631	0.01754	0.02631	0.01491	0.01754	0.01052	0.00789	0.00789	0.00263	0.01228	0.00614	0.00351	0.01228
180	0.02056	0.01974	0.03372	0.05099	0.65622	0.01974	0.02550	0.02550	0.01892	0.02714	0.01563	0.02056	0.01316	0.00740	0.00822	0.00247	0.00987	0.00740	0.00411	0.01316
181	0.03001	0.03329	0.02577	0.02315	0.06210	0.43330	0.04734	0.18974	0.02718	0.02950	0.01508	0.01698	0.01184	0.00879	0.00787	0.00229	0.01310	0.00625	0.00533	0.01110
182	0.03103	0.03959	0.02354	0.02140	0.02568	0.67469	0.01605	0.03317	0.02354	0.02033	0.01284	0.01498	0.01070	0.00856	0.00749	0.00214	0.01498	0.00535	0.00428	0.00963
183	0.01259	0.01079	0.01501	0.18693	0.05865	0.01108	0.01294	0.01605	0.01842	0.02320	0.07968	0.09480	0.29904	0.01741	0.00965	0.00296	0.00686	0.10936	0.00654	0.00804
184	0.01723	0.01477	0.01723	0.01230	0.01969	0.01107	0.00984	0.02092	0.01723	0.02707	0.01477	0.01723	0.01230	0.00615	0.00615	0.00123	0.00615	0.00492	0.00492	0.75883
185	0.02105	0.18246	0.06148	0.02236	0.02657	0.11542	0.12212	0.02434	0.01656	0.02135	0.01251	0.01732	0.01110	0.01042	0.01565	0.00282	0.29589	0.00674	0.00380	0.01003
186	0.01666	0.04297	0.66500	0.02368	0.03596	0.01929	0.03069	0.02631	0.01754	0.02631	0.01491	0.01754	0.01052	0.00789	0.00789	0.00263	0.01228	0.00614	0.00351	0.01228
187	0.01097	0.00942	0.00952	0.00932	0.01233	0.00846	0.00704	0.01535	0.08511	0.02375	0.07880	0.07474	0.58612	0.02000	0.00967	0.00281	0.00446	0.01667	0.00779	0.00767
188	0.01167	0.00833	0.01141	0.01333	0.01449	0.00808	0.01040	0.01424	0.01743	0.02294	0.04493	0.41449	0.05157	0.02457	0.01102	0.00359	0.00616	0.29650	0.00768	0.00717
189	0.02644	0.05778	0.05361	0.05345	0.14114	0.36504	0.01811	0.03234	0.10066	0.04889	0.01692	0.01890	0.01341	0.00867	0.00775	0.00234	0.01215	0.00644	0.00493	0.01104
190	0.02456	0.19952	0.02739	0.01714	0.02213	0.09634	0.01452	0.24288	0.02482	0.03203	0.01672	0.01964	0.01371	0.01633	0.09608	0.00377	0.07783	0.00664	0.03685	0.01111
191	0.05365	0.06143	0.29054	0.01831	0.02635	0.01778	0.01967	0.03121	0.14761	0.14056	0.08816	0.02646	0.02237	0.00991	0.00804	0.00261	0.00889	0.00797	0.00638	0.01210
192	0.02079	0.06030	0.02490	0.02147	0.05084	0.22672	0.07976	0.02342	0.01807	0.02131	0.02008	0.15914	0.02062	0.01559	0.04213	0.00329	0.16736	0.01022	0.00479	0.00919
193	0.01032	0.00844	0.00911	0.00894	0.01153	0.00723	0.00671	0.01290	0.02012	0.02526	0.23138	0.07531	0.50387	0.01999	0.00981	0.00276	0.00413	0.01688	0.00809	0.00723
194	0.02627	0.02126	0.02675	0.02897	0.22712	0.02300	0.01847	0.34023	0.13055	0.04141	0.02082	0.02194	0.01564	0.00936	0.00831	0.00254	0.00896	0.00777	0.00699	0.01366
195	0.05623	0.07163	0.15702	0.02327	0.09243	0.29099	0.01922	0.11114	0.02300	0.02743	0.01736	0.01930	0.03784	0.00889	0.00764	0.00235	0.01194	0.00644	0.00479	0.01109
196	0.01681	0.01575	0.02564	0.24016	0.33054	0.01663	0.02067	0.02140	0.01841	0.02477	0.05568	0.03308	0.12486	0.01045	0.00859	0.00263	0.00901	0.00947	0.00482	0.01065
197	0.01203	0.00824	0.00999	0.00999	0.01031	0.00856	0.00619	0.01268	0.01236	0.01679	0.02533	0.04967	0.02816	0.56857	0.17897	0.00920	0.01112	0.01139	0.00491	0.00555
198	0.02189	0.02466	0.01984	0.01787	0.02072	0.29933	0.01390	0.04872	0.01987	0.02195	0.02896	0.03152	0.15049	0.01748	0.07248	0.00364	0.16387	0.00882	0.00506	0.00893
199	0.01244	0.00872	0.01247	0.01247	0.01403	0.00997	0.00967	0.01554	0.01399	0.02112	0.02301	0.03238	0.02085	0.05405	0.57012	0.01156	0.01937	0.00872	0.12206	0.00747
200	0.01819	0.02179	0.15687	0.01714	0.02313	0.01825	0.01594	0.03540	0.40844	0.03157	0.06807	0.03486	0.09054	0.01187	0.00855	0.00277	0.00742	0.00984	0.00734	0.01204
201	0.01732	0.03862	0.53837	0.02689	0.07198	0.01957	0.11844	0.02631	0.01792	0.02640	0.01523	0.01843	0.01098	0.00773	0.00819	0.00265	0.01240	0.00675	0.00364	0.01217
202	0.01002	0.00761	0.00925	0.01055	0.01178	0.00683	0.00726	0.01168	0.01688	0.02160	0.05816	0.50191	0.24767	0.02442	0.01035	0.00319	0.00462	0.02166	0.00771	0.00683
203	0.02056	0.01974	0.03372	0.05099	0.65622	0.01974	0.02550	0.02550	0.01892	0.02714	0.01563	0.02056	0.01316	0.00740	0.00822	0.00247	0.00987	0.00740	0.00411	0.01316
204	0.01968	0.02327	0.13596	0.07838	0.52541	0.01960	0.02622	0.02541	0.01858	0.02671	0.01547	0.02015	0.01263	0.00753	0.00817	0.00251	0.01032	0.00720	0.00399	0.01282
205	0.02056	0.01974	0.03372	0.05099	0.65622	0.01974	0.02550	0.02550	0.01892	0.02714	0.01563	0.02056	0.01316	0.00740	0.00822	0.00247	0.00987	0.00740	0.00411	0.01316
206	0.02001	0.01937	0.03364	0.11559	0.56185	0.01967	0.05742	0.02512	0.01872	0.02650	0.01560	0.02082	0.01292	0.00747	0.00832	0.00252	0.01021	0.00753	0.00407	0.01265
207	0.02066	0.01785	0.01878	0.01691	0.02160	0.02066	0.01315	0.04414	0.64121	0.03475	0.03381	0.03099	0.02536	0.01127	0.00845	0.00282	0.00657	0.00939	0.00845	0.01315
208	0.01012	0.00723	0.00964	0.01157	0.01205	0.00675	0.00771	0.01157	0.01591	0.02121	0.04579	0.70262	0.05495	0.02603	0.01060	0.00337	0.00482	0.02362	0.00771	0.00675
209	0.03103	0.03959	0.02354	0.02140	0.02568	0.67469	0.01605	0.03317	0.02354	0.02033	0.01284	0.01498	0.01070	0.00856	0.00749	0.00214	0.01498	0.00535	0.00428	0.00963
210	0.01666	0.04297	0.66500	0.02368	0.03596	0.01929	0.03069	0.02631	0.01754	0.02631	0.01491	0.01754	0.01052	0.00789	0.00789	0.00263	0.01228	0.00614	0.00351	0.01228
211	0.02121	0.01812	0.01909	0.01702	0.02181	0.02092	0.01328	0.07334	0.61113	0.03563	0.03312	0.03044	0.02480	0.01121	0.00845	0.00280	0.00670	0.00930	0.00845	0.01320
212	0.00982	0.00842	0.00842	0.00842	0.01122	0.00701	0.00631	0.01192	0.01894	0.02244	0.08416	0.07995	0.65285	0.02104	0.00982	0.00281	0.00421	0.01753	0.00771	0.00701
213	0.01208	0.00805	0.00906	0.00906	0.00906	0.00805	0.00503	0.01208	0.01208	0.01611	0.02618	0.05436	0.03020	0.70804	0.04228	0.00805	0.00805	0.01208	0.00503	0.00503
214	0.00982	0.00842	0.00842	0.00842	0.01122	0.00701	0.00631	0.01192	0.01894	0.02244	0.08416	0.07995	0.65285	0.02104	0.00982	0.00281	0.00421	0.01753	0.00771	0.00701
215	0.01188	0.00885	0.01311	0.01311	0.01451	0.01025	0.01008	0.01468	0.01328	0.01911	0.02247	0.03386	0.02130	0.09867	0.63949	0.01305	0.02145	0.00908	0.00448	0.00728
216	0.02035	0.01952	0.03334	0.07860	0.63026	0.01968	0.02539	0.02531	0.01882	0.02688	0.01559	0.02063	0.01307	0.00744	0.00823	0.00248	0.00992	0.00740	0.00409	0.01299
217	0.01012	0.00723	0.00964	0.01157	0.01205	0.00675	0.00771	0.01157	0.01591	0.02121	0.04579	0.70262	0.05495	0.02603	0.01060	0.00337	0.00482	0.02362	0.00771	0.00675
218	0.06185	0.01757	0.02144	0.16322	0.02985	0.02000	0.01644	0.27581	0.06143	0.03659	0.02400	0.03657	0.02097	0.01255	0.00958	0.00291	0.03581	0.13545	0.00682	0.01114
219	0.02056	0.01974	0.03372	0.05099	0.65622	0.01974	0.02550	0.02550	0.01892	0.02714	0.01563	0.02056	0.01316	0.00740	0.00822	0.00247	0.00987	0.00740	0.00411	0.01316
220	0.02056	0.01974	0.03372	0.05099	0.65622	0.01974	0.02550	0.02550	0.01892	0.02714	0.01563	0.02056	0.01316	0.00740	0.00822	0.00247	0.00987	0.00740	0.00411	0.01316
221	0.20738	0.01252	0.01512	0.01892	0.15175	0.01279	0.01134	0.01840	0.01659	0.02711	0.03627	0.17723	0.15412	0.05379	0.01005	0.00304	0.00633	0.01244	0.04608	0.00872

[dist]
# distance from previous block
# <min> <max>
0	5

# created by:
# /home/cegg/simao/soft/augustus-3.2.1/scripts/msa2prfl.pl ./align_prep/12267.fa
