[name]
unknown

[dist]
# distance from previous block
# <min> <max>
0	282

[block]
# block no. 0 follows, 19 sequences, length 30
# corresponding to MSA columns:
# 282-311
name=unknown_A
#
# <colnr> <probs for GDERKNQSTAVLIFYWHMCP>
#	G	D	E	R	K	N	Q	S	T	A	V	L	I	F	Y	W	H	M	C	P
0	0.01442	0.01030	0.01442	0.01648	0.01854	0.01030	0.01442	0.01854	0.02060	0.02677	0.04737	0.10092	0.05149	0.02471	0.01236	0.00412	0.00824	0.56956	0.00824	0.00824
1	0.69807	0.01931	0.05659	0.01272	0.01879	0.02012	0.01131	0.02644	0.01548	0.03932	0.01271	0.01484	0.00980	0.00832	0.00574	0.00277	0.00736	0.00497	0.00541	0.00993
2	0.01980	0.24677	0.45501	0.02233	0.03382	0.02532	0.02754	0.02785	0.01867	0.02607	0.01493	0.01748	0.01138	0.00824	0.00764	0.00255	0.01209	0.00604	0.00379	0.01268
3	0.01278	0.00959	0.01438	0.01438	0.01598	0.01118	0.01118	0.01598	0.01438	0.02077	0.02396	0.03515	0.02237	0.06710	0.65013	0.01438	0.02396	0.00959	0.00479	0.00799
4	0.01631	0.01403	0.01742	0.04873	0.09949	0.01450	0.01290	0.02642	0.19814	0.03117	0.17285	0.05503	0.22522	0.01603	0.00983	0.00293	0.00637	0.01376	0.00815	0.01069
5	0.01797	0.01700	0.02878	0.53905	0.17823	0.02016	0.02538	0.02380	0.01840	0.02417	0.01609	0.02350	0.01239	0.00874	0.00893	0.00291	0.01166	0.00795	0.00407	0.01081
6	0.02214	0.02126	0.03631	0.05491	0.62978	0.02126	0.02746	0.02746	0.02037	0.02923	0.01683	0.02214	0.01417	0.00797	0.00886	0.00266	0.01063	0.00797	0.00443	0.01417
7	0.01075	0.00907	0.00930	0.00924	0.01219	0.00763	0.00693	0.01317	0.02080	0.02513	0.13457	0.08452	0.58161	0.02230	0.01057	0.00300	0.00451	0.01866	0.00843	0.00763
8	0.01855	0.01590	0.01855	0.01325	0.02120	0.01193	0.01060	0.02253	0.01855	0.02915	0.01590	0.01855	0.01325	0.00663	0.00663	0.00133	0.00663	0.00530	0.00530	0.74028
9	0.01208	0.00908	0.01088	0.01076	0.01249	0.00878	0.00763	0.01426	0.01799	0.02367	0.15499	0.06444	0.24011	0.21342	0.15373	0.00691	0.00967	0.01484	0.00706	0.00722
10	0.01286	0.00928	0.01281	0.01281	0.01386	0.01033	0.00922	0.01497	0.01391	0.01961	0.02540	0.04310	0.02582	0.27731	0.44464	0.01244	0.01877	0.01075	0.00501	0.00712
11	0.03342	0.04264	0.02535	0.02305	0.02766	0.64967	0.01729	0.03572	0.02535	0.02190	0.01383	0.01613	0.01152	0.00922	0.00807	0.00230	0.01613	0.00576	0.00461	0.01037
12	0.02590	0.55559	0.04239	0.01692	0.02394	0.16367	0.01572	0.02865	0.01968	0.02123	0.01273	0.01472	0.01149	0.00798	0.00623	0.00200	0.01094	0.00499	0.00399	0.01125
13	0.01278	0.00959	0.01438	0.01438	0.01598	0.01118	0.01118	0.01598	0.01438	0.02077	0.02396	0.03515	0.02237	0.06710	0.65013	0.01438	0.02396	0.00959	0.00479	0.00799
14	0.01794	0.04628	0.63923	0.02550	0.03872	0.02078	0.03305	0.02833	0.01889	0.02833	0.01606	0.01889	0.01133	0.00850	0.00850	0.00283	0.01322	0.00661	0.00378	0.01322
15	0.02129	0.02606	0.15891	0.04124	0.38187	0.02136	0.02590	0.03176	0.14182	0.03072	0.02069	0.02377	0.01628	0.00894	0.00883	0.00277	0.01044	0.00813	0.00525	0.01397
16	0.02214	0.02126	0.03631	0.05491	0.62978	0.02126	0.02746	0.02746	0.02037	0.02923	0.01683	0.02214	0.01417	0.00797	0.00886	0.00266	0.01063	0.00797	0.00443	0.01417
17	0.02180	0.02327	0.08478	0.05255	0.58226	0.02122	0.02791	0.02753	0.02025	0.02916	0.01677	0.02188	0.01394	0.00801	0.00883	0.00267	0.01084	0.00786	0.00438	0.01409
18	0.02392	0.69097	0.04688	0.01531	0.02296	0.03540	0.01531	0.02679	0.01818	0.02105	0.01244	0.01435	0.01148	0.00765	0.00574	0.00191	0.00957	0.00478	0.00383	0.01148
19	0.01107	0.00786	0.01033	0.01224	0.01272	0.00738	0.00807	0.01250	0.01680	0.02240	0.04761	0.62981	0.05703	0.08089	0.01416	0.00404	0.00547	0.02443	0.00807	0.00712
20	0.01090	0.00779	0.01038	0.01246	0.01298	0.00727	0.00830	0.01246	0.01713	0.02284	0.04931	0.67975	0.05917	0.02803	0.01142	0.00363	0.00519	0.02543	0.00830	0.00727
21	0.02214	0.02126	0.03631	0.05491	0.62978	0.02126	0.02746	0.02746	0.02037	0.02923	0.01683	0.02214	0.01417	0.00797	0.00886	0.00266	0.01063	0.00797	0.00443	0.01417
22	0.01295	0.00891	0.01098	0.01098	0.01140	0.00934	0.00695	0.01379	0.01337	0.01825	0.02707	0.05236	0.02984	0.52198	0.20547	0.01018	0.01272	0.01210	0.00525	0.00610
23	0.02386	0.01823	0.02115	0.01936	0.05537	0.01915	0.01466	0.18504	0.19818	0.06663	0.03094	0.08889	0.02681	0.01360	0.00930	0.00286	0.00797	0.07883	0.00822	0.11096
24	0.01507	0.00998	0.01192	0.01139	0.01194	0.01103	0.00774	0.01611	0.01451	0.02198	0.02520	0.04409	0.02580	0.36378	0.03214	0.06640	0.09634	0.01065	0.19729	0.00665
25	0.01090	0.00779	0.01038	0.01246	0.01298	0.00727	0.00830	0.01246	0.01713	0.02284	0.04931	0.67975	0.05917	0.02803	0.01142	0.00363	0.00519	0.02543	0.00830	0.00727
26	0.02324	0.02395	0.03326	0.10485	0.45106	0.11789	0.02522	0.02797	0.02054	0.02709	0.01600	0.02124	0.01342	0.00868	0.00988	0.00270	0.04806	0.00762	0.00439	0.01295
27	0.02154	0.43440	0.28262	0.01936	0.02923	0.02958	0.02237	0.02740	0.01846	0.02395	0.01388	0.01616	0.01142	0.00799	0.00684	0.00228	0.01102	0.00551	0.00381	0.01217
28	0.25234	0.11341	0.02672	0.02506	0.14956	0.20926	0.01678	0.06051	0.02114	0.03086	0.01426	0.01695	0.01170	0.00855	0.00719	0.00249	0.01093	0.00594	0.00499	0.01136
29	0.02292	0.26656	0.22610	0.02775	0.15518	0.10755	0.02362	0.02857	0.01979	0.02513	0.01466	0.01762	0.01200	0.00819	0.00755	0.00241	0.01178	0.00614	0.00404	0.01244

[dist]
# distance from previous block
# <min> <max>
7	13

[block]
# block no. 1 follows, 19 sequences, length 21
# corresponding to MSA columns:
# 325-345
name=unknown_B
#
# <colnr> <probs for GDERKNQSTAVLIFYWHMCP>
#	G	D	E	R	K	N	Q	S	T	A	V	L	I	F	Y	W	H	M	C	P
0	0.02405	0.02568	0.02000	0.01835	0.02280	0.24661	0.01406	0.03640	0.27992	0.02919	0.03778	0.03836	0.12375	0.01329	0.00909	0.00280	0.00997	0.02912	0.00731	0.01147
1	0.02330	0.24023	0.31951	0.02186	0.03142	0.16939	0.02408	0.02956	0.02016	0.02466	0.01445	0.01689	0.01142	0.00841	0.00757	0.00243	0.01279	0.00586	0.00398	0.01204
2	0.02031	0.25432	0.34280	0.02296	0.03285	0.02632	0.07190	0.02725	0.01838	0.02536	0.01465	0.01788	0.01160	0.00877	0.00959	0.00264	0.06984	0.00644	0.00387	0.01225
3	0.01459	0.12449	0.01774	0.01185	0.01478	0.01302	0.00942	0.01833	0.02339	0.03227	0.48613	0.05746	0.06901	0.05592	0.01180	0.00301	0.00539	0.01406	0.00857	0.00878
4	0.02218	0.02157	0.04344	0.03545	0.12056	0.02063	0.39837	0.02858	0.02147	0.08244	0.06854	0.02771	0.02010	0.00909	0.01090	0.00296	0.03783	0.01042	0.00550	0.01225
5	0.01357	0.00971	0.01168	0.01134	0.01147	0.01052	0.00713	0.01400	0.01318	0.01799	0.02640	0.05322	0.02987	0.57641	0.09327	0.00872	0.06799	0.01228	0.00524	0.00601
6	0.01125	0.00940	0.01070	0.03335	0.01455	0.00864	0.00824	0.01387	0.01946	0.02396	0.09570	0.07458	0.48286	0.02953	0.11874	0.00493	0.00807	0.01682	0.00761	0.00774
7	0.01869	0.01452	0.01530	0.01312	0.01750	0.01449	0.01037	0.21320	0.02807	0.03584	0.09864	0.06293	0.38590	0.01834	0.01002	0.00289	0.00632	0.01503	0.00862	0.01022
8	0.02429	0.02532	0.03423	0.04885	0.51526	0.14077	0.02552	0.02903	0.02132	0.02783	0.01626	0.02100	0.01367	0.00821	0.00871	0.00259	0.01168	0.00755	0.00446	0.01345
9	0.01895	0.01728	0.02884	0.04110	0.42056	0.01782	0.02191	0.02354	0.01833	0.02634	0.01926	0.02658	0.01696	0.02812	0.22744	0.00665	0.01517	0.00852	0.00455	0.01206
10	0.01781	0.01715	0.02703	0.44573	0.04862	0.02244	0.02305	0.02241	0.01646	0.02241	0.01448	0.02239	0.01186	0.01123	0.01590	0.00330	0.23597	0.00791	0.00395	0.00989
11	0.01917	0.03631	0.40924	0.03509	0.23929	0.02056	0.03029	0.02755	0.01922	0.02834	0.01663	0.02063	0.01273	0.01062	0.03376	0.00323	0.01276	0.00719	0.00404	0.01334
12	0.16590	0.03152	0.02276	0.11702	0.03038	0.37406	0.01668	0.03314	0.07947	0.02702	0.01608	0.01867	0.01277	0.00929	0.00782	0.00257	0.01287	0.00634	0.00513	0.01054
13	0.01896	0.01788	0.13420	0.01811	0.02302	0.01272	0.01777	0.02418	0.02103	0.11886	0.03959	0.07470	0.03943	0.01958	0.01112	0.00367	0.00909	0.37804	0.00782	0.01024
14	0.02013	0.02545	0.14667	0.27652	0.26264	0.06323	0.02685	0.02645	0.01949	0.02616	0.01613	0.02176	0.01261	0.00852	0.00877	0.00279	0.01198	0.00756	0.00415	0.01214
15	0.02172	0.46664	0.15652	0.11500	0.03178	0.03028	0.02012	0.02649	0.01827	0.02271	0.01365	0.01665	0.01152	0.00801	0.00675	0.00225	0.01062	0.00561	0.00384	0.01158
16	0.01229	0.01615	0.12935	0.01252	0.01734	0.01020	0.01204	0.01640	0.02085	0.02672	0.15697	0.07041	0.42760	0.01931	0.01018	0.00295	0.00614	0.01614	0.00768	0.00876
17	0.01390	0.01669	0.11320	0.01922	0.02328	0.01222	0.12405	0.01793	0.01815	0.02477	0.03836	0.45549	0.04329	0.02119	0.01082	0.00340	0.00828	0.01977	0.00690	0.00908
18	0.02208	0.02617	0.11981	0.02318	0.03011	0.08258	0.12797	0.03875	0.33433	0.03244	0.02948	0.02952	0.04076	0.01078	0.00924	0.00293	0.01032	0.00954	0.00697	0.01303
19	0.01831	0.01820	0.02994	0.12117	0.03239	0.02262	0.12882	0.02215	0.01586	0.02296	0.01565	0.02372	0.01392	0.02181	0.12775	0.00537	0.33659	0.00866	0.00419	0.00994
20	0.01678	0.01366	0.02115	0.20655	0.14505	0.01466	0.01724	0.02049	0.01862	0.06036	0.03499	0.25209	0.08300	0.01683	0.01069	0.00317	0.03350	0.01491	0.00633	0.00993

[dist]
# distance from previous block
# <min> <max>
4	34

[block]
# block no. 2 follows, 19 sequences, length 86
# corresponding to MSA columns:
# 387-472
name=unknown_C
#
# <colnr> <probs for GDERKNQSTAVLIFYWHMCP>
#	G	D	E	R	K	N	Q	S	T	A	V	L	I	F	Y	W	H	M	C	P
0	0.01838	0.04343	0.57997	0.02464	0.03697	0.02047	0.03111	0.05489	0.01991	0.02941	0.01790	0.05054	0.01380	0.00954	0.00866	0.00286	0.01268	0.00758	0.00424	0.01303
1	0.01753	0.01599	0.02602	0.60212	0.05753	0.01972	0.02354	0.04996	0.01881	0.02420	0.01675	0.02539	0.01307	0.04131	0.01069	0.00324	0.01167	0.00820	0.00428	0.00997
2	0.02354	0.02199	0.03505	0.05153	0.57205	0.05090	0.02629	0.02862	0.02086	0.05782	0.01757	0.02225	0.01443	0.00818	0.00883	0.00265	0.01075	0.00791	0.00475	0.01404
3	0.03338	0.03532	0.02400	0.02128	0.02634	0.47055	0.01623	0.03838	0.08939	0.13054	0.02002	0.02050	0.01509	0.00986	0.00834	0.00246	0.01366	0.00680	0.00622	0.01163
4	0.02013	0.01913	0.03157	0.04693	0.52219	0.01887	0.02386	0.02491	0.02037	0.02835	0.02968	0.03328	0.12076	0.01053	0.00916	0.00272	0.00957	0.00987	0.00510	0.01302
5	0.01099	0.00785	0.01046	0.01240	0.01300	0.00732	0.00831	0.01267	0.01753	0.02348	0.07753	0.64971	0.06041	0.02755	0.01138	0.00359	0.00514	0.02498	0.00838	0.00732
6	0.02171	0.02064	0.03508	0.05274	0.59521	0.02064	0.02672	0.02695	0.02038	0.02909	0.01856	0.02660	0.01628	0.00892	0.00905	0.00274	0.01049	0.03973	0.00464	0.01384
7	0.01827	0.08131	0.60704	0.02495	0.03786	0.02157	0.03209	0.02825	0.01885	0.02794	0.01586	0.01864	0.01134	0.00845	0.00835	0.00278	0.01302	0.00651	0.00378	0.01313
8	0.02528	0.54645	0.07216	0.01716	0.02455	0.14168	0.01652	0.02842	0.01946	0.02155	0.01286	0.01488	0.01148	0.00797	0.00628	0.00203	0.01089	0.00504	0.00396	0.01137
9	0.02151	0.02399	0.01754	0.01707	0.02053	0.28767	0.01334	0.02428	0.02260	0.02386	0.04599	0.05950	0.20960	0.01734	0.00995	0.00299	0.01054	0.15605	0.00668	0.00896
10	0.02998	0.02205	0.02398	0.01917	0.02517	0.02418	0.01549	0.49762	0.03772	0.05054	0.02633	0.13614	0.02287	0.01375	0.00938	0.00285	0.00903	0.01108	0.00884	0.01383
11	0.01966	0.10955	0.41294	0.02367	0.03437	0.02278	0.06217	0.03208	0.13962	0.02941	0.01992	0.02166	0.01473	0.00909	0.00845	0.00279	0.01169	0.00737	0.00491	0.01315
12	0.13566	0.02982	0.02470	0.13449	0.06612	0.29784	0.01801	0.13460	0.02532	0.03147	0.01555	0.01856	0.01215	0.00924	0.00805	0.00258	0.01258	0.00655	0.00542	0.01129
13	0.01285	0.00930	0.01294	0.01294	0.01404	0.01040	0.00939	0.01505	0.01395	0.01970	0.02528	0.04244	0.02553	0.25988	0.46168	0.01260	0.01920	0.01065	0.00499	0.00719
14	0.01935	0.02010	0.01787	0.01714	0.01969	0.21427	0.01312	0.02226	0.01787	0.02113	0.02074	0.02910	0.01892	0.04869	0.44591	0.01054	0.02147	0.00837	0.00473	0.00875
15	0.03265	0.02176	0.09436	0.01954	0.02708	0.01870	0.05136	0.14677	0.11504	0.33161	0.02962	0.02749	0.01985	0.01066	0.00904	0.00281	0.00904	0.00881	0.00915	0.01465
16	0.01540	0.01344	0.01940	0.01789	0.01887	0.01743	0.01442	0.01812	0.01412	0.02106	0.01925	0.02914	0.01827	0.04727	0.41085	0.01034	0.27268	0.00891	0.00445	0.00868
17	0.01794	0.04628	0.63923	0.02550	0.03872	0.02078	0.03305	0.02833	0.01889	0.02833	0.01606	0.01889	0.01133	0.00850	0.00850	0.00283	0.01322	0.00661	0.00378	0.01322
18	0.02183	0.02311	0.08098	0.05273	0.58599	0.02122	0.02787	0.02752	0.02026	0.02916	0.01677	0.02190	0.01396	0.00801	0.00883	0.00267	0.01082	0.00787	0.00438	0.01410
19	0.02090	0.02067	0.03726	0.17552	0.41294	0.02121	0.12618	0.02673	0.02000	0.02784	0.01686	0.02284	0.01361	0.00809	0.00917	0.00279	0.01167	0.00842	0.00435	0.01295
20	0.01297	0.00883	0.01054	0.01054	0.01081	0.00910	0.00640	0.01351	0.01324	0.01793	0.02747	0.05458	0.03080	0.58075	0.14802	0.00964	0.01127	0.01243	0.00531	0.00586
21	0.01855	0.01590	0.01855	0.01325	0.02120	0.01193	0.01060	0.02253	0.01855	0.02915	0.01590	0.01855	0.01325	0.00663	0.00663	0.00133	0.00663	0.00530	0.00530	0.74028
22	0.01301	0.00867	0.00976	0.00976	0.00976	0.00867	0.00542	0.01301	0.01301	0.01735	0.02819	0.05855	0.03253	0.68559	0.04554	0.00867	0.00867	0.01301	0.00542	0.00542
23	0.01140	0.00799	0.01023	0.01182	0.01222	0.00760	0.00763	0.01259	0.01616	0.02155	0.04435	0.53383	0.05291	0.18248	0.01943	0.00482	0.00601	0.02252	0.00763	0.00683
24	0.01094	0.00908	0.00957	0.00944	0.01231	0.00771	0.00708	0.01354	0.02125	0.02621	0.18372	0.08274	0.53179	0.02190	0.01057	0.00298	0.00448	0.01841	0.00858	0.00771
25	0.02574	0.56692	0.04276	0.01679	0.02386	0.15293	0.01569	0.02850	0.01955	0.02121	0.01270	0.01469	0.01149	0.00795	0.00619	0.00199	0.01082	0.00497	0.00398	0.01127
26	0.02274	0.02002	0.02429	0.02374	0.09593	0.02242	0.04906	0.07089	0.48262	0.03688	0.03235	0.03096	0.02440	0.01132	0.00915	0.00297	0.00809	0.00979	0.00829	0.01409
27	0.01673	0.01318	0.01454	0.01341	0.01681	0.01392	0.01024	0.05472	0.21760	0.03274	0.17050	0.05311	0.17376	0.05179	0.05022	0.00386	0.00692	0.01325	0.06243	0.01028
28	0.01266	0.00914	0.01196	0.01126	0.01337	0.00844	0.00844	0.01688	0.02532	0.03588	0.62506	0.06683	0.08441	0.01829	0.01055	0.00281	0.00422	0.01618	0.00985	0.00844
29	0.02047	0.01888	0.02923	0.04098	0.41895	0.01926	0.02183	0.02907	0.12714	0.03113	0.09070	0.03266	0.05901	0.01068	0.00918	0.00276	0.00895	0.00987	0.00608	0.01317
30	0.02319	0.02377	0.03320	0.04769	0.50676	0.11387	0.02482	0.02789	0.02111	0.02786	0.02039	0.02473	0.04703	0.00895	0.00883	0.00262	0.01111	0.00824	0.00467	0.01325
31	0.01724	0.01466	0.01704	0.01287	0.01982	0.01124	0.01030	0.02100	0.01892	0.02835	0.02775	0.03232	0.09803	0.00981	0.00748	0.00171	0.00643	0.03904	0.00587	0.60011
32	0.02027	0.24822	0.38148	0.02465	0.06698	0.02556	0.06199	0.02781	0.01888	0.02609	0.01508	0.01795	0.01168	0.00814	0.00777	0.00254	0.01203	0.00635	0.00388	0.01265
33	0.01643	0.02454	0.21338	0.02430	0.08012	0.01602	0.13677	0.02296	0.02122	0.02948	0.17017	0.04311	0.13701	0.01301	0.00979	0.00288	0.00977	0.01189	0.00618	0.01097
34	0.02225	0.01922	0.02023	0.01821	0.02326	0.02225	0.01416	0.04754	0.61361	0.03742	0.03641	0.03338	0.02731	0.01214	0.00910	0.00303	0.00708	0.01011	0.00910	0.01416
35	0.01870	0.01772	0.02977	0.38344	0.28946	0.01980	0.02498	0.02421	0.01902	0.02551	0.02011	0.02635	0.04437	0.00925	0.00899	0.00285	0.01102	0.00852	0.00438	0.01153
36	0.02818	0.16190	0.02661	0.01769	0.02314	0.20937	0.01450	0.19592	0.02741	0.03420	0.01899	0.02093	0.01497	0.00960	0.00748	0.00229	0.01047	0.00677	0.15799	0.01159
37	0.01250	0.00968	0.01174	0.01277	0.01531	0.00893	0.01061	0.01569	0.02049	0.02547	0.06898	0.09352	0.33852	0.02369	0.01147	0.00357	0.00639	0.29451	0.00827	0.00790
38	0.07297	0.01862	0.03257	0.37567	0.17085	0.02068	0.13070	0.02512	0.01880	0.02651	0.01624	0.02287	0.01252	0.00844	0.00897	0.00291	0.01188	0.00821	0.00429	0.01117
39	0.02674	0.57327	0.04233	0.01541	0.02294	0.03152	0.01493	0.02972	0.01947	0.12816	0.01642	0.01716	0.01334	0.00825	0.00631	0.00206	0.00923	0.00552	0.00509	0.01213
40	0.01722	0.01015	0.01342	0.01203	0.01494	0.00922	0.00922	0.02131	0.02537	0.13533	0.52732	0.06080	0.07410	0.01709	0.01029	0.00281	0.00478	0.01499	0.01005	0.00957
41	0.01090	0.00779	0.01038	0.01246	0.01298	0.00727	0.00830	0.01246	0.01713	0.02284	0.04931	0.67975	0.05917	0.02803	0.01142	0.00363	0.00519	0.02543	0.00830	0.00727
42	0.03342	0.04264	0.02535	0.02305	0.02766	0.64967	0.01729	0.03572	0.02535	0.02190	0.01383	0.01613	0.01152	0.00922	0.00807	0.00230	0.01613	0.00576	0.00461	0.01037
43	0.03283	0.08272	0.02668	0.02257	0.02737	0.61170	0.01716	0.03517	0.02491	0.02184	0.01374	0.01602	0.01152	0.00912	0.00792	0.00228	0.01573	0.00570	0.00456	0.01044
44	0.01739	0.01579	0.01951	0.02236	0.15688	0.04452	0.01381	0.02354	0.08580	0.02980	0.15524	0.04684	0.17907	0.01386	0.00921	0.00257	0.00707	0.01191	0.00710	0.13772
45	0.01278	0.00959	0.01438	0.01438	0.01598	0.01118	0.01118	0.01598	0.01438	0.02077	0.02396	0.03515	0.02237	0.06710	0.65013	0.01438	0.02396	0.00959	0.00479	0.00799
46	0.05820	0.03710	0.47655	0.02183	0.03237	0.01823	0.02674	0.02589	0.01999	0.03053	0.13942	0.02837	0.02607	0.01048	0.00875	0.00283	0.01104	0.00845	0.00511	0.01205
47	0.01928	0.15459	0.03586	0.02281	0.02982	0.01994	0.23370	0.02396	0.01920	0.02622	0.02185	0.13498	0.02101	0.01091	0.00877	0.00249	0.01018	0.01070	0.00523	0.18849
48	0.02392	0.69097	0.04688	0.01531	0.02296	0.03540	0.01531	0.02679	0.01818	0.02105	0.01244	0.01435	0.01148	0.00765	0.00574	0.00191	0.00957	0.00478	0.00383	0.01148
49	0.02562	0.26148	0.18710	0.02192	0.02997	0.24792	0.05536	0.03044	0.02107	0.02362	0.01417	0.01670	0.01159	0.00841	0.00754	0.00235	0.01313	0.00593	0.00413	0.01156
50	0.02613	0.01712	0.01954	0.01689	0.02215	0.01840	0.01331	0.04338	0.39513	0.19936	0.09540	0.03596	0.03166	0.01247	0.00922	0.00294	0.00694	0.01042	0.00971	0.01387
51	0.01891	0.02596	0.21656	0.10632	0.03157	0.01940	0.02075	0.08956	0.12485	0.03096	0.03504	0.03604	0.13939	0.01275	0.01042	0.00298	0.05040	0.01012	0.00622	0.01180
52	0.02214	0.02126	0.03631	0.05491	0.62978	0.02126	0.02746	0.02746	0.02037	0.02923	0.01683	0.02214	0.01417	0.00797	0.00886	0.00266	0.01063	0.00797	0.00443	0.01417
53	0.01430	0.01148	0.01281	0.01216	0.01509	0.01163	0.00916	0.05386	0.10031	0.02649	0.05874	0.06167	0.32058	0.10164	0.14385	0.00592	0.00959	0.01451	0.00743	0.00877
54	0.01707	0.01624	0.02791	0.63811	0.06100	0.01999	0.04858	0.02310	0.01802	0.02310	0.01599	0.02386	0.01199	0.00889	0.00901	0.00298	0.01206	0.00806	0.00400	0.01003
55	0.01070	0.00858	0.00956	0.01035	0.01242	0.00744	0.00737	0.01269	0.01915	0.02366	0.07494	0.31151	0.41086	0.02470	0.01089	0.00325	0.00478	0.02137	0.00831	0.00744
56	0.03244	0.02391	0.02593	0.02012	0.02687	0.02652	0.01657	0.55668	0.04001	0.05374	0.02166	0.02249	0.01574	0.01492	0.05645	0.00355	0.01089	0.00817	0.00864	0.01468
57	0.02075	0.22316	0.28550	0.02827	0.10015	0.02538	0.14186	0.02786	0.01930	0.02642	0.01552	0.01901	0.01214	0.00801	0.00817	0.00259	0.01227	0.00704	0.00401	0.01259
58	0.07955	0.50951	0.04001	0.01662	0.02350	0.15890	0.01529	0.02857	0.01942	0.02263	0.01272	0.01473	0.01136	0.00802	0.00620	0.00206	0.01070	0.00499	0.00411	0.01112
59	0.01100	0.00908	0.00965	0.00951	0.01234	0.00773	0.00713	0.01366	0.02139	0.02654	0.19907	0.08219	0.51623	0.02177	0.01057	0.00298	0.00447	0.01833	0.00862	0.00773
60	0.02022	0.01880	0.03137	0.04605	0.50470	0.01866	0.02360	0.02531	0.02138	0.03058	0.14024	0.03121	0.02842	0.01007	0.00920	0.00269	0.00933	0.00964	0.00553	0.01301
61	0.02225	0.01922	0.02023	0.01821	0.02326	0.02225	0.01416	0.04754	0.61361	0.03742	0.03641	0.03338	0.02731	0.01214	0.00910	0.00303	0.00708	0.01011	0.00910	0.01416
62	0.02214	0.02126	0.03631	0.05491	0.62978	0.02126	0.02746	0.02746	0.02037	0.02923	0.01683	0.02214	0.01417	0.00797	0.00886	0.00266	0.01063	0.00797	0.00443	0.01417
63	0.02619	0.02056	0.10271	0.01775	0.02417	0.01778	0.01578	0.04051	0.28997	0.22091	0.09547	0.03406	0.02960	0.01197	0.00914	0.00290	0.00777	0.00994	0.00907	0.01376
64	0.01585	0.01211	0.01524	0.01577	0.01853	0.01266	0.01309	0.02488	0.15843	0.03116	0.16728	0.07811	0.05289	0.02045	0.01122	0.00359	0.00712	0.32319	0.00878	0.00965
65	0.01090	0.00779	0.01038	0.01246	0.01298	0.00727	0.00830	0.01246	0.01713	0.02284	0.04931	0.67975	0.05917	0.02803	0.01142	0.00363	0.00519	0.02543	0.00830	0.00727
66	0.01103	0.00784	0.01034	0.01229	0.01278	0.00735	0.00813	0.01249	0.01688	0.02250	0.04803	0.64203	0.05755	0.06795	0.01349	0.00394	0.00540	0.02468	0.00813	0.00715
67	0.01794	0.04628	0.63923	0.02550	0.03872	0.02078	0.03305	0.02833	0.01889	0.02833	0.01606	0.01889	0.01133	0.00850	0.00850	0.00283	0.01322	0.00661	0.00378	0.01322
68	0.01945	0.02252	0.15078	0.41283	0.08390	0.01978	0.02514	0.02726	0.05497	0.07064	0.01867	0.02382	0.01362	0.00915	0.00886	0.00292	0.01150	0.00789	0.00480	0.01149
69	0.01690	0.01590	0.02683	0.66408	0.06162	0.01988	0.02485	0.02286	0.01789	0.02286	0.01590	0.02385	0.01193	0.00894	0.00894	0.00298	0.01193	0.00795	0.00398	0.00994
70	0.02214	0.02126	0.03631	0.05491	0.62978	0.02126	0.02746	0.02746	0.02037	0.02923	0.01683	0.02214	0.01417	0.00797	0.00886	0.00266	0.01063	0.00797	0.00443	0.01417
71	0.02211	0.03182	0.22919	0.04171	0.36884	0.09478	0.02807	0.02871	0.02048	0.02808	0.01623	0.02039	0.01295	0.00829	0.00865	0.00267	0.01211	0.00727	0.00424	0.01342
72	0.01580	0.01535	0.01363	0.01445	0.01640	0.13799	0.01053	0.01791	0.01974	0.02331	0.04908	0.37895	0.14720	0.02292	0.01069	0.00331	0.00763	0.07950	0.00755	0.00805
73	0.01282	0.00887	0.01108	0.01120	0.01168	0.00928	0.00719	0.01380	0.01364	0.01863	0.02830	0.08978	0.03133	0.47435	0.21093	0.00995	0.01270	0.01282	0.00542	0.00624
74	0.01655	0.01182	0.01676	0.02095	0.13940	0.01104	0.01281	0.01943	0.01974	0.09144	0.05080	0.29270	0.17925	0.02060	0.01051	0.00323	0.00663	0.05887	0.00782	0.00967
75	0.02543	0.25277	0.04146	0.02935	0.13562	0.12843	0.16948	0.02989	0.02096	0.06261	0.01632	0.01955	0.01316	0.00815	0.00812	0.00245	0.01214	0.00727	0.00469	0.01215
76	0.01794	0.04628	0.63923	0.02550	0.03872	0.02078	0.03305	0.02833	0.01889	0.02833	0.01606	0.01889	0.01133	0.00850	0.00850	0.00283	0.01322	0.00661	0.00378	0.01322
77	0.01090	0.00779	0.01038	0.01246	0.01298	0.00727	0.00830	0.01246	0.01713	0.02284	0.04931	0.67975	0.05917	0.02803	0.01142	0.00363	0.00519	0.02543	0.00830	0.00727
78	0.13761	0.02256	0.02527	0.22832	0.08159	0.09122	0.01920	0.22286	0.02676	0.03737	0.01713	0.02064	0.01283	0.00942	0.00832	0.00275	0.01080	0.00727	0.00602	0.01207
79	0.53312	0.09307	0.01936	0.01398	0.01991	0.05838	0.01172	0.10421	0.01974	0.03922	0.01375	0.01554	0.01073	0.00861	0.00616	0.00264	0.00812	0.00532	0.00576	0.01067
80	0.25621	0.02438	0.02151	0.02005	0.05983	0.16548	0.01502	0.12405	0.02256	0.03410	0.02026	0.02260	0.05730	0.01106	0.01081	0.00283	0.10797	0.00728	0.00580	0.01091
81	0.02427	0.08108	0.28782	0.02311	0.03116	0.27289	0.02363	0.03009	0.02089	0.02450	0.01520	0.01853	0.01211	0.01266	0.04818	0.00332	0.04849	0.00640	0.00418	0.01148
82	0.01540	0.01113	0.01528	0.06392	0.05635	0.01070	0.01246	0.01879	0.02016	0.06395	0.11121	0.17967	0.13230	0.04609	0.01206	0.00351	0.00700	0.16754	0.00781	0.04467
83	0.01715	0.02897	0.30065	0.02182	0.06191	0.05360	0.02228	0.02411	0.02132	0.02971	0.18008	0.04501	0.03723	0.01375	0.00967	0.00300	0.01007	0.10243	0.00619	0.01103
84	0.07287	0.39877	0.03620	0.01753	0.02406	0.22276	0.01541	0.03077	0.02076	0.06805	0.01456	0.01611	0.01217	0.00843	0.00669	0.00215	0.01129	0.00540	0.00471	0.01130
85	0.02085	0.17756	0.02496	0.01810	0.06441	0.14671	0.01328	0.02529	0.05831	0.02714	0.21075	0.03794	0.03811	0.08540	0.01251	0.00314	0.00903	0.01006	0.00644	0.01000

[dist]
# distance from previous block
# <min> <max>
9	14

[block]
# block no. 3 follows, 19 sequences, length 37
# corresponding to MSA columns:
# 489-525
name=unknown_D
#
# <colnr> <probs for GDERKNQSTAVLIFYWHMCP>
#	G	D	E	R	K	N	Q	S	T	A	V	L	I	F	Y	W	H	M	C	P
0	0.02307	0.02302	0.03541	0.05229	0.58015	0.07305	0.02662	0.02814	0.02078	0.02862	0.01658	0.02165	0.01395	0.00807	0.00879	0.00263	0.01108	0.00779	0.00444	0.01386
1	0.02912	0.21731	0.03034	0.02022	0.02541	0.42896	0.01624	0.03165	0.02249	0.02157	0.01428	0.01721	0.01241	0.01356	0.06035	0.00319	0.01498	0.00581	0.00441	0.01048
2	0.01446	0.01220	0.01484	0.01460	0.01640	0.06288	0.01117	0.01751	0.01611	0.02193	0.07290	0.03738	0.02711	0.08941	0.51471	0.01215	0.02093	0.00999	0.00523	0.00809
3	0.05350	0.01338	0.01491	0.01489	0.01817	0.01431	0.01170	0.02783	0.24325	0.03035	0.04955	0.16466	0.14462	0.01932	0.01031	0.00336	0.00656	0.14061	0.00845	0.01026
4	0.02343	0.63783	0.09571	0.01615	0.02426	0.03419	0.01677	0.02692	0.01824	0.02165	0.01274	0.01473	0.01147	0.00772	0.00597	0.00199	0.00987	0.00493	0.00382	0.01162
5	0.02531	0.01206	0.01533	0.01284	0.01755	0.01045	0.01021	0.02856	0.02395	0.32249	0.17609	0.05514	0.22031	0.01614	0.00981	0.00286	0.00596	0.01353	0.00997	0.01145
6	0.01249	0.00914	0.01172	0.01108	0.01326	0.00837	0.00831	0.01655	0.02492	0.03492	0.58149	0.06840	0.12858	0.01865	0.01055	0.00283	0.00425	0.01640	0.00972	0.00837
7	0.02214	0.02126	0.03631	0.05491	0.62978	0.02126	0.02746	0.02746	0.02037	0.02923	0.01683	0.02214	0.01417	0.00797	0.00886	0.00266	0.01063	0.00797	0.00443	0.01417
8	0.03205	0.13597	0.02845	0.02193	0.02698	0.56124	0.01700	0.03444	0.02432	0.02177	0.01363	0.01588	0.01152	0.00899	0.00773	0.00225	0.01519	0.00562	0.00450	0.01053
9	0.02214	0.02126	0.03631	0.05491	0.62978	0.02126	0.02746	0.02746	0.02037	0.02923	0.01683	0.02214	0.01417	0.00797	0.00886	0.00266	0.01063	0.00797	0.00443	0.01417
10	0.03342	0.04264	0.02535	0.02305	0.02766	0.64967	0.01729	0.03572	0.02535	0.02190	0.01383	0.01613	0.01152	0.00922	0.00807	0.00230	0.01613	0.00576	0.00461	0.01037
11	0.02214	0.02126	0.03631	0.05491	0.62978	0.02126	0.02746	0.02746	0.02037	0.02923	0.01683	0.02214	0.01417	0.00797	0.00886	0.00266	0.01063	0.00797	0.00443	0.01417
12	0.01209	0.00882	0.01143	0.01308	0.01442	0.00835	0.00986	0.01447	0.01845	0.02395	0.05339	0.37371	0.13677	0.06529	0.01362	0.00400	0.00627	0.19640	0.00811	0.00751
13	0.01090	0.00779	0.01038	0.01246	0.01298	0.00727	0.00830	0.01246	0.01713	0.02284	0.04931	0.67975	0.05917	0.02803	0.01142	0.00363	0.00519	0.02543	0.00830	0.00727
14	0.02225	0.01922	0.02023	0.01821	0.02326	0.02225	0.01416	0.04754	0.61361	0.03742	0.03641	0.03338	0.02731	0.01214	0.00910	0.00303	0.00708	0.01011	0.00910	0.01416
15	0.01090	0.00779	0.01038	0.01246	0.01298	0.00727	0.00830	0.01246	0.01713	0.02284	0.04931	0.67975	0.05917	0.02803	0.01142	0.00363	0.00519	0.02543	0.00830	0.00727
16	0.02214	0.02126	0.03631	0.05491	0.62978	0.02126	0.02746	0.02746	0.02037	0.02923	0.01683	0.02214	0.01417	0.00797	0.00886	0.00266	0.01063	0.00797	0.00443	0.01417
17	0.03342	0.04264	0.02535	0.02305	0.02766	0.64967	0.01729	0.03572	0.02535	0.02190	0.01383	0.01613	0.01152	0.00922	0.00807	0.00230	0.01613	0.00576	0.00461	0.01037
18	0.01278	0.00959	0.01438	0.01438	0.01598	0.01118	0.01118	0.01598	0.01438	0.02077	0.02396	0.03515	0.02237	0.06710	0.65013	0.01438	0.02396	0.00959	0.00479	0.00799
19	0.74878	0.01730	0.01315	0.01177	0.01730	0.02007	0.00969	0.02630	0.01523	0.04014	0.01246	0.01453	0.00969	0.00830	0.00554	0.00277	0.00692	0.00484	0.00554	0.00969
20	0.01161	0.00809	0.01017	0.01155	0.01189	0.00774	0.00733	0.01264	0.01574	0.02098	0.04218	0.47008	0.05018	0.24996	0.02293	0.00533	0.00637	0.02124	0.00733	0.00664
21	0.65526	0.01609	0.01296	0.01175	0.01658	0.01850	0.00944	0.02443	0.01477	0.03700	0.01285	0.01615	0.01044	0.01121	0.00929	0.09676	0.00703	0.00522	0.00533	0.00895
22	0.01945	0.02120	0.04345	0.03226	0.03893	0.02102	0.43881	0.02542	0.01960	0.02691	0.02178	0.11793	0.01991	0.01153	0.01308	0.00322	0.09709	0.01235	0.00499	0.01108
23	0.17504	0.02467	0.12393	0.01814	0.02592	0.02147	0.01687	0.23429	0.06407	0.09100	0.02008	0.02073	0.01451	0.00946	0.00790	0.00258	0.00904	0.00701	0.00711	0.10617
24	0.01969	0.01734	0.02328	0.01713	0.02468	0.01474	0.08603	0.05862	0.05185	0.03070	0.01804	0.02112	0.01465	0.01051	0.04178	0.00241	0.00885	0.00662	0.00559	0.52637
25	0.03401	0.02506	0.02685	0.02058	0.02774	0.02774	0.01700	0.59995	0.04206	0.05638	0.02148	0.02148	0.01521	0.01074	0.00895	0.00268	0.00984	0.00805	0.00895	0.01521
26	0.02812	0.40736	0.03773	0.01835	0.02501	0.22266	0.01613	0.10263	0.02342	0.02582	0.01402	0.01581	0.01197	0.00853	0.00686	0.00213	0.01161	0.00550	0.00472	0.01162
27	0.01297	0.00883	0.01053	0.01053	0.01079	0.00909	0.00638	0.01350	0.01324	0.01792	0.02749	0.05465	0.03084	0.58273	0.14608	0.00962	0.01122	0.01244	0.00532	0.00585
28	0.01222	0.00913	0.01135	0.01080	0.01310	0.00825	0.00810	0.01603	0.02429	0.03342	0.51285	0.07087	0.19816	0.01921	0.01056	0.00286	0.00429	0.01675	0.00952	0.00825
29	0.01301	0.00867	0.00976	0.00976	0.00976	0.00867	0.00542	0.01301	0.01301	0.01735	0.02819	0.05855	0.03253	0.68559	0.04554	0.00867	0.00867	0.01301	0.00542	0.00542
30	0.03401	0.02506	0.02685	0.02058	0.02774	0.02774	0.01700	0.59995	0.04206	0.05638	0.02148	0.02148	0.01521	0.01074	0.00895	0.00268	0.00984	0.00805	0.00895	0.01521
31	0.01278	0.00959	0.01438	0.01438	0.01598	0.01118	0.01118	0.01598	0.01438	0.02077	0.02396	0.03515	0.02237	0.06710	0.65013	0.01438	0.02396	0.00959	0.00479	0.00799
32	0.01855	0.01590	0.01855	0.01325	0.02120	0.01193	0.01060	0.02253	0.01855	0.02915	0.01590	0.01855	0.01325	0.00663	0.00663	0.00133	0.00663	0.00530	0.00530	0.74028
33	0.02225	0.41104	0.04115	0.02007	0.02538	0.03161	0.07178	0.02527	0.01701	0.02192	0.01275	0.01696	0.01176	0.01023	0.01382	0.00266	0.22310	0.00631	0.00392	0.01099
34	0.01097	0.00908	0.00961	0.00948	0.01233	0.00772	0.00711	0.01360	0.02132	0.02637	0.19123	0.08247	0.52417	0.02184	0.01057	0.00298	0.00447	0.01837	0.00860	0.00772
35	0.02133	0.02099	0.03748	0.13014	0.47338	0.02128	0.10915	0.02704	0.02016	0.02833	0.01689	0.02265	0.01380	0.00803	0.00911	0.00275	0.01144	0.00834	0.00438	0.01333
36	0.04014	0.01523	0.02076	0.01592	0.02284	0.01315	0.01315	0.04360	0.02561	0.63597	0.03530	0.03045	0.02215	0.01107	0.00900	0.00277	0.00761	0.00900	0.01107	0.01523

[dist]
# distance from previous block
# <min> <max>
0	48

[block]
# block no. 4 follows, 19 sequences, length 27
# corresponding to MSA columns:
# 574-600
name=unknown_E
#
# <colnr> <probs for GDERKNQSTAVLIFYWHMCP>
#	G	D	E	R	K	N	Q	S	T	A	V	L	I	F	Y	W	H	M	C	P
0	0.02093	0.02223	0.08016	0.15619	0.48869	0.02099	0.02744	0.02674	0.01984	0.02808	0.01661	0.02219	0.01358	0.00818	0.00884	0.00273	0.01104	0.00787	0.00430	0.01338
1	0.74878	0.01730	0.01315	0.01177	0.01730	0.02007	0.00969	0.02630	0.01523	0.04014	0.01246	0.01453	0.00969	0.00830	0.00554	0.00277	0.00692	0.00484	0.00554	0.00969
2	0.01660	0.01535	0.02561	0.53375	0.10285	0.01845	0.02304	0.02197	0.01800	0.02338	0.02007	0.10397	0.01789	0.01120	0.00924	0.00303	0.01099	0.01009	0.00454	0.00996
3	0.74878	0.01730	0.01315	0.01177	0.01730	0.02007	0.00969	0.02630	0.01523	0.04014	0.01246	0.01453	0.00969	0.00830	0.00554	0.00277	0.00692	0.00484	0.00554	0.00969
4	0.74878	0.01730	0.01315	0.01177	0.01730	0.02007	0.00969	0.02630	0.01523	0.04014	0.01246	0.01453	0.00969	0.00830	0.00554	0.00277	0.00692	0.00484	0.00554	0.00969
5	0.01282	0.00942	0.01354	0.01354	0.01484	0.01073	0.01013	0.01543	0.01413	0.02014	0.02473	0.03941	0.02422	0.17989	0.53987	0.01334	0.02118	0.01021	0.00491	0.00752
6	0.04014	0.01523	0.02076	0.01592	0.02284	0.01315	0.01315	0.04360	0.02561	0.63597	0.03530	0.03045	0.02215	0.01107	0.00900	0.00277	0.00761	0.00900	0.01107	0.01523
7	0.02759	0.02187	0.02324	0.01929	0.02530	0.02475	0.01545	0.29840	0.35406	0.04603	0.02963	0.02797	0.02182	0.01150	0.00903	0.00288	0.00834	0.00918	0.00903	0.01464
8	0.01833	0.08742	0.60143	0.02485	0.03772	0.02171	0.03192	0.02823	0.01884	0.02787	0.01582	0.01860	0.01134	0.00845	0.00832	0.00277	0.01299	0.00649	0.00378	0.01311
9	0.01200	0.00952	0.01105	0.01182	0.01448	0.00857	0.00963	0.01496	0.02047	0.02514	0.07454	0.09161	0.41237	0.02342	0.01124	0.00343	0.00591	0.22374	0.00828	0.00781
10	0.01299	0.00956	0.01243	0.01286	0.01509	0.00899	0.01041	0.01688	0.02281	0.03070	0.32836	0.08245	0.15531	0.02135	0.01123	0.00333	0.00576	0.22225	0.00901	0.00823
11	0.02214	0.02126	0.03631	0.05491	0.62978	0.02126	0.02746	0.02746	0.02037	0.02923	0.01683	0.02214	0.01417	0.00797	0.00886	0.00266	0.01063	0.00797	0.00443	0.01417
12	0.02742	0.02012	0.02228	0.01850	0.02381	0.02190	0.01492	0.42546	0.03492	0.04672	0.02961	0.16948	0.02767	0.01561	0.00976	0.00301	0.00871	0.05842	0.00875	0.01293
13	0.02865	0.03418	0.02376	0.06211	0.02766	0.44994	0.01668	0.06423	0.02439	0.02422	0.02337	0.02550	0.08473	0.01137	0.01008	0.00258	0.06335	0.00775	0.00521	0.01025
14	0.01213	0.00996	0.01082	0.01063	0.01358	0.00905	0.00813	0.01672	0.06860	0.02770	0.19038	0.07888	0.43906	0.02106	0.01055	0.00304	0.00488	0.04786	0.00867	0.00829
15	0.01335	0.01087	0.01644	0.11918	0.10392	0.01111	0.01346	0.01610	0.01768	0.02371	0.03974	0.48917	0.04576	0.02236	0.01069	0.00340	0.00697	0.02036	0.00711	0.00861
16	0.02141	0.02494	0.11363	0.04762	0.43221	0.02149	0.15055	0.02782	0.02035	0.02900	0.01701	0.02217	0.01370	0.00794	0.00918	0.00276	0.01190	0.00836	0.00437	0.01360
17	0.03100	0.03805	0.02771	0.02989	0.15700	0.51467	0.01947	0.03395	0.02428	0.02347	0.01447	0.01742	0.01209	0.00895	0.00824	0.00238	0.01495	0.00624	0.00457	0.01119
18	0.02415	0.01983	0.03214	0.09731	0.45225	0.02013	0.02425	0.03086	0.06809	0.11140	0.02081	0.02430	0.01611	0.00880	0.00890	0.00273	0.01005	0.00828	0.00566	0.01396
19	0.03186	0.04015	0.02453	0.02239	0.02678	0.60153	0.01683	0.03424	0.02453	0.02181	0.01459	0.01757	0.01234	0.01358	0.05647	0.00321	0.01672	0.00605	0.00462	0.01019
20	0.01844	0.09982	0.59004	0.02465	0.03741	0.02199	0.03158	0.02820	0.01883	0.02773	0.01575	0.01851	0.01135	0.00843	0.00827	0.00276	0.01292	0.00646	0.00378	0.01308
21	0.26373	0.02064	0.02367	0.03001	0.25172	0.09611	0.01763	0.02620	0.01829	0.03057	0.01618	0.02101	0.01370	0.01793	0.11277	0.00457	0.01225	0.00693	0.00488	0.01120
22	0.01754	0.01479	0.01848	0.02132	0.14793	0.01454	0.01332	0.11403	0.05233	0.03164	0.08234	0.05849	0.34431	0.01687	0.00987	0.00288	0.00682	0.01424	0.00768	0.01058
23	0.02339	0.02347	0.03166	0.03683	0.28576	0.09634	0.09100	0.03526	0.21841	0.03102	0.02314	0.02541	0.01816	0.00945	0.00905	0.00278	0.01064	0.00874	0.00602	0.01346
24	0.02482	0.02634	0.03371	0.04734	0.48660	0.17069	0.02504	0.02942	0.02156	0.02748	0.01612	0.02071	0.01354	0.00827	0.00867	0.00257	0.01194	0.00745	0.00447	0.01327
25	0.01777	0.01453	0.02508	0.23947	0.15336	0.01573	0.06749	0.01995	0.01626	0.02179	0.01613	0.02482	0.01390	0.01715	0.01907	0.28635	0.01034	0.00811	0.00408	0.00863
26	0.01484	0.01090	0.01380	0.01496	0.05982	0.01027	0.01010	0.01964	0.06863	0.06620	0.22163	0.19654	0.21850	0.01993	0.01041	0.00305	0.00543	0.01741	0.00869	0.00923

[dist]
# distance from previous block
# <min> <max>
2	95

# created by:
# /home/cegg/simao/soft/augustus-3.2.1/scripts/msa2prfl.pl ./align_prep/12287.fa
