[name]
unknown

[dist]
# distance from previous block
# <min> <max>
0	16

[block]
# block no. 0 follows, 21 sequences, length 18
# corresponding to MSA columns:
# 16-33
name=unknown_A
#
# <colnr> <probs for GDERKNQSTAVLIFYWHMCP>
#	G	D	E	R	K	N	Q	S	T	A	V	L	I	F	Y	W	H	M	C	P
0	0.01644	0.01235	0.01527	0.01352	0.01747	0.01160	0.01101	0.02062	0.04531	0.07361	0.10688	0.05411	0.15323	0.01559	0.01079	0.00270	0.06478	0.13827	0.00715	0.20930
1	0.01357	0.01074	0.01386	0.01326	0.01346	0.01261	0.00935	0.01450	0.01328	0.01859	0.02594	0.14979	0.02948	0.37296	0.08092	0.00675	0.17622	0.01285	0.00521	0.00665
2	0.14471	0.01856	0.02253	0.02397	0.15949	0.01988	0.01579	0.12031	0.20655	0.14439	0.02463	0.02439	0.01801	0.00972	0.00802	0.00267	0.00792	0.00790	0.00744	0.01311
3	0.03130	0.03602	0.02499	0.02315	0.06118	0.50039	0.01693	0.15250	0.02708	0.02788	0.01479	0.01670	0.01182	0.00900	0.00789	0.00228	0.01384	0.00604	0.00521	0.01100
4	0.01911	0.01405	0.01561	0.01377	0.01785	0.01463	0.01075	0.09264	0.22948	0.08816	0.17974	0.04968	0.18917	0.01508	0.00928	0.00278	0.00587	0.01265	0.00878	0.01092
5	0.01962	0.15722	0.25353	0.03018	0.16887	0.02234	0.13845	0.02625	0.01854	0.02594	0.01515	0.01878	0.01191	0.00755	0.00795	0.00245	0.01138	0.00690	0.00395	0.05304
6	0.01106	0.00801	0.01106	0.01229	0.01308	0.00819	0.00862	0.01296	0.01522	0.02078	0.03795	0.44429	0.04351	0.07849	0.22424	0.00703	0.01089	0.01864	0.00666	0.00703
7	0.02102	0.24964	0.37352	0.02071	0.03062	0.07150	0.02396	0.06989	0.01980	0.02627	0.01441	0.01660	0.01110	0.00804	0.00726	0.00237	0.01146	0.00579	0.00402	0.01200
8	0.01852	0.02623	0.20510	0.02938	0.16897	0.06679	0.10799	0.02423	0.01776	0.02461	0.01722	0.02388	0.01458	0.05626	0.11960	0.00481	0.05098	0.00793	0.00415	0.01101
9	0.01039	0.00781	0.00947	0.01075	0.01192	0.00707	0.00732	0.01199	0.01698	0.02180	0.05734	0.47738	0.22833	0.06415	0.01250	0.00356	0.00494	0.02167	0.00774	0.00689
10	0.02589	0.06870	0.14974	0.02088	0.02678	0.40157	0.01844	0.03150	0.07517	0.02337	0.01792	0.06817	0.01563	0.01014	0.00797	0.00243	0.01296	0.00736	0.00483	0.01055
11	0.02252	0.07893	0.10132	0.04121	0.43282	0.07821	0.02422	0.06980	0.02097	0.02836	0.01567	0.01960	0.01284	0.00791	0.00809	0.00246	0.01070	0.00702	0.00443	0.01294
12	0.01037	0.00741	0.00987	0.01185	0.01234	0.00691	0.00790	0.01185	0.01629	0.02172	0.04690	0.69537	0.05629	0.02666	0.01086	0.00346	0.00494	0.02419	0.00790	0.00691
13	0.02034	0.01948	0.03324	0.14325	0.56247	0.02003	0.02576	0.02548	0.01904	0.02692	0.01588	0.02130	0.01317	0.00772	0.00844	0.00257	0.01029	0.00758	0.00415	0.01290
14	0.02670	0.02914	0.07711	0.08294	0.06037	0.25619	0.14026	0.07715	0.02287	0.09425	0.01715	0.01999	0.01287	0.00886	0.00922	0.00257	0.03845	0.00732	0.00522	0.01136
15	0.02198	0.02450	0.16024	0.01872	0.02556	0.02102	0.01753	0.16823	0.31923	0.03685	0.03091	0.02980	0.06487	0.01121	0.00860	0.00277	0.00844	0.00905	0.00746	0.01304
16	0.02106	0.02022	0.03454	0.05223	0.64784	0.02022	0.02612	0.02612	0.01938	0.02780	0.01601	0.02106	0.01348	0.00758	0.00842	0.00253	0.01011	0.00758	0.00421	0.01348
17	0.01672	0.01255	0.01677	0.01905	0.11727	0.01254	0.01218	0.02405	0.13627	0.07625	0.24059	0.16479	0.08388	0.01615	0.00956	0.00284	0.00593	0.01430	0.00814	0.01015

[dist]
# distance from previous block
# <min> <max>
0	1

[block]
# block no. 1 follows, 21 sequences, length 85
# corresponding to MSA columns:
# 35-119
name=unknown_B
#
# <colnr> <probs for GDERKNQSTAVLIFYWHMCP>
#	G	D	E	R	K	N	Q	S	T	A	V	L	I	F	Y	W	H	M	C	P
0	0.01423	0.00930	0.01164	0.01155	0.01377	0.00862	0.00846	0.01800	0.05190	0.09035	0.24818	0.28495	0.15568	0.02036	0.01011	0.00299	0.00485	0.01794	0.00869	0.00843
1	0.02872	0.16862	0.02829	0.01881	0.02485	0.18388	0.01554	0.27576	0.11116	0.03621	0.01878	0.01931	0.01443	0.00943	0.00769	0.00236	0.01042	0.00675	0.00651	0.01247
2	0.01764	0.11076	0.59511	0.02328	0.03532	0.02117	0.02974	0.02680	0.01790	0.02625	0.01493	0.01753	0.01079	0.00800	0.00782	0.00261	0.01223	0.00611	0.00360	0.01241
3	0.02165	0.02177	0.03537	0.04876	0.55115	0.06126	0.08167	0.02672	0.01974	0.02731	0.01594	0.02088	0.01327	0.00762	0.00853	0.00254	0.01084	0.00768	0.00423	0.01306
4	0.01413	0.01173	0.01637	0.02057	0.15101	0.01155	0.01230	0.01936	0.08358	0.02721	0.16698	0.28015	0.11450	0.01845	0.00984	0.00297	0.00599	0.01654	0.00749	0.00929
5	0.01015	0.00862	0.00874	0.00871	0.01155	0.00722	0.00653	0.01238	0.01960	0.02348	0.11073	0.08109	0.61956	0.02137	0.01006	0.00286	0.00430	0.01785	0.00797	0.00722
6	0.01607	0.01513	0.02552	0.68047	0.05861	0.01891	0.02363	0.02174	0.01702	0.02174	0.01513	0.02269	0.01134	0.00851	0.00851	0.00284	0.01134	0.00756	0.00378	0.00945
7	0.01828	0.01737	0.02157	0.01912	0.02043	0.07107	0.01552	0.05761	0.01584	0.02235	0.01595	0.02363	0.01488	0.03113	0.24734	0.00699	0.35958	0.00789	0.00437	0.00908
8	0.02275	0.70604	0.04459	0.01456	0.02184	0.03367	0.01456	0.02548	0.01729	0.02002	0.01183	0.01365	0.01092	0.00728	0.00546	0.00182	0.00910	0.00455	0.00364	0.01092
9	0.01463	0.00745	0.01097	0.01097	0.01097	0.00745	0.00725	0.01117	0.01117	0.01489	0.01554	0.02776	0.01580	0.07205	0.03390	0.70531	0.00745	0.00771	0.00379	0.00379
10	0.03235	0.02384	0.02554	0.01958	0.02639	0.02639	0.01618	0.61946	0.04001	0.05363	0.02043	0.02043	0.01447	0.01022	0.00851	0.00255	0.00936	0.00766	0.00851	0.01447
11	0.02009	0.02296	0.05022	0.03587	0.04448	0.02152	0.61693	0.02726	0.02009	0.02726	0.01722	0.02296	0.01291	0.00717	0.01004	0.00287	0.01435	0.01004	0.00430	0.01148
12	0.02117	0.01828	0.01924	0.01732	0.02213	0.02117	0.01347	0.04522	0.63246	0.03560	0.03464	0.03175	0.02598	0.01155	0.00866	0.00289	0.00673	0.00962	0.00866	0.01347
13	0.02879	0.07208	0.09114	0.01993	0.02553	0.24238	0.01723	0.10126	0.05261	0.15009	0.01892	0.01999	0.01408	0.01004	0.01050	0.00258	0.09822	0.00682	0.00606	0.01176
14	0.07739	0.26153	0.02986	0.01806	0.02369	0.29929	0.01498	0.06872	0.08599	0.02536	0.01533	0.01671	0.01263	0.00859	0.00691	0.00219	0.01135	0.00568	0.00490	0.01085
15	0.02201	0.02168	0.02030	0.22363	0.03188	0.21278	0.01577	0.08565	0.02145	0.02639	0.01960	0.05858	0.01670	0.03952	0.00939	0.00272	0.01051	0.00809	0.14388	0.00949
16	0.01129	0.00836	0.01054	0.01066	0.01242	0.00761	0.00774	0.01436	0.02133	0.02914	0.39990	0.22778	0.16657	0.02044	0.01025	0.00291	0.00430	0.01806	0.00875	0.00761
17	0.01238	0.00825	0.00928	0.00928	0.00928	0.00825	0.00516	0.01238	0.01238	0.01650	0.02681	0.05569	0.03094	0.70092	0.04331	0.00825	0.00825	0.01238	0.00516	0.00516
18	0.01194	0.00814	0.00964	0.00995	0.01028	0.00796	0.00603	0.01270	0.01451	0.01958	0.10265	0.18174	0.04165	0.48930	0.03309	0.00666	0.00711	0.01504	0.00618	0.00584
19	0.02117	0.01828	0.01924	0.01732	0.02213	0.02117	0.01347	0.04522	0.63246	0.03560	0.03464	0.03175	0.02598	0.01155	0.00866	0.00289	0.00673	0.00962	0.00866	0.01347
20	0.01025	0.00786	0.00940	0.01064	0.01202	0.00701	0.00736	0.01199	0.01746	0.02220	0.06166	0.46502	0.27710	0.02474	0.01056	0.00324	0.00470	0.02185	0.00790	0.00701
21	0.01216	0.00912	0.01368	0.01368	0.01520	0.01064	0.01064	0.01520	0.01368	0.01976	0.02279	0.03343	0.02127	0.06382	0.66720	0.01368	0.02279	0.00912	0.00456	0.00760
22	0.02037	0.02033	0.03708	0.10874	0.46082	0.02038	0.15385	0.02595	0.01931	0.02711	0.01619	0.02163	0.01315	0.00758	0.00878	0.00263	0.01115	0.00811	0.00419	0.01266
23	0.02106	0.02022	0.03454	0.05223	0.64784	0.02022	0.02612	0.02612	0.01938	0.02780	0.01601	0.02106	0.01348	0.00758	0.00842	0.00253	0.01011	0.00758	0.00421	0.01348
24	0.20670	0.03539	0.15246	0.01979	0.02609	0.37456	0.01779	0.03034	0.02049	0.02633	0.01327	0.01552	0.01050	0.00842	0.00717	0.00240	0.01263	0.00544	0.00444	0.01027
25	0.01122	0.00828	0.01048	0.01074	0.01241	0.00755	0.00775	0.01416	0.02094	0.02855	0.37167	0.26366	0.15930	0.02093	0.01030	0.00295	0.00435	0.01853	0.00868	0.00755
26	0.01848	0.07431	0.23104	0.15666	0.04229	0.02151	0.25013	0.02564	0.01830	0.02526	0.01555	0.02052	0.01173	0.00809	0.00968	0.00278	0.04495	0.00790	0.00391	0.01128
27	0.02082	0.03064	0.32858	0.03053	0.21388	0.01892	0.02556	0.02951	0.06943	0.09372	0.01899	0.02115	0.01398	0.00841	0.00821	0.00260	0.01056	0.00713	0.00498	0.04240
28	0.02760	0.14802	0.03061	0.02790	0.18373	0.26668	0.01852	0.14503	0.02483	0.02888	0.01507	0.01750	0.01228	0.00849	0.00764	0.00228	0.01176	0.00628	0.00502	0.01187
29	0.02795	0.32601	0.03310	0.01850	0.02439	0.32634	0.01560	0.09175	0.02284	0.02392	0.01335	0.01515	0.01131	0.00828	0.00681	0.00207	0.01202	0.00531	0.00450	0.01080
30	0.01309	0.00812	0.00899	0.00913	0.00965	0.00808	0.00554	0.01416	0.01398	0.02057	0.02842	0.09348	0.03044	0.48630	0.03198	0.00639	0.00698	0.01210	0.18667	0.00595
31	0.01078	0.00758	0.00975	0.01132	0.01171	0.00719	0.00733	0.01196	0.01548	0.02064	0.04274	0.56274	0.05103	0.16646	0.01759	0.00445	0.00562	0.02174	0.00733	0.00655
32	0.01314	0.01056	0.01556	0.01499	0.01628	0.01298	0.01185	0.01600	0.01358	0.01987	0.02103	0.03118	0.01974	0.05639	0.57011	0.01217	0.12342	0.00886	0.00443	0.00786
33	0.01218	0.00903	0.01322	0.01322	0.01458	0.01039	0.01006	0.01490	0.01354	0.01941	0.02322	0.03577	0.02229	0.13068	0.60173	0.01311	0.02127	0.00946	0.00462	0.00734
34	0.01073	0.00865	0.00955	0.00932	0.01191	0.00747	0.00699	0.01351	0.02098	0.02674	0.27400	0.07572	0.45425	0.02015	0.01005	0.00281	0.00421	0.01709	0.00840	0.00747
35	0.01980	0.05866	0.18750	0.08249	0.39953	0.02074	0.05767	0.02607	0.01882	0.02681	0.01564	0.02015	0.01253	0.00773	0.00829	0.00257	0.01097	0.00725	0.00401	0.01278
36	0.02762	0.24309	0.09679	0.01912	0.02604	0.19610	0.01733	0.21886	0.02646	0.03176	0.01530	0.01673	0.01206	0.00870	0.00730	0.00224	0.01119	0.00598	0.00540	0.01196
37	0.21185	0.49064	0.03530	0.05073	0.02251	0.02911	0.01369	0.02515	0.01656	0.02478	0.01202	0.01420	0.01051	0.00751	0.00558	0.00209	0.00858	0.00473	0.00407	0.01040
38	0.01398	0.01175	0.01750	0.11627	0.02272	0.01462	0.01373	0.01699	0.01397	0.01997	0.01973	0.03055	0.01853	0.08972	0.40492	0.00980	0.14410	0.00879	0.00433	0.00803
39	0.01086	0.00836	0.01005	0.01109	0.01289	0.00755	0.00828	0.01314	0.01845	0.02338	0.08707	0.31390	0.30135	0.02363	0.01064	0.00326	0.00512	0.11580	0.00795	0.00723
40	0.02276	0.01854	0.06164	0.01549	0.01978	0.01817	0.01250	0.31920	0.02668	0.03592	0.02281	0.03535	0.02127	0.30571	0.02338	0.00500	0.00911	0.00959	0.00674	0.01036
41	0.01051	0.00768	0.00989	0.01136	0.01228	0.00706	0.00775	0.01233	0.01746	0.02316	0.11352	0.55844	0.12704	0.02510	0.01068	0.00331	0.00477	0.02255	0.00805	0.00706
42	0.01408	0.01181	0.01269	0.01241	0.01565	0.01199	0.00960	0.02350	0.21883	0.02727	0.06245	0.10888	0.34096	0.01885	0.00983	0.00303	0.00551	0.07524	0.00814	0.00928
43	0.01011	0.00843	0.00882	0.00914	0.01163	0.00714	0.00670	0.01215	0.01890	0.02279	0.07990	0.18032	0.55003	0.02237	0.01019	0.00297	0.00441	0.01896	0.00790	0.00714
44	0.01886	0.01697	0.02380	0.03269	0.33747	0.05968	0.01771	0.02314	0.05249	0.02571	0.02641	0.07127	0.07791	0.01325	0.01143	0.09177	0.00853	0.00960	0.07075	0.01056
45	0.01120	0.00899	0.01021	0.01082	0.01341	0.00800	0.00873	0.01390	0.01946	0.02376	0.07336	0.08630	0.45847	0.02216	0.01059	0.00320	0.00541	0.19676	0.00788	0.00739
46	0.02939	0.16262	0.06347	0.02017	0.02607	0.37673	0.01687	0.15520	0.02583	0.02792	0.01455	0.01624	0.01168	0.00876	0.00746	0.00223	0.01276	0.00581	0.00507	0.01118
47	0.09100	0.28888	0.26775	0.01798	0.02696	0.02389	0.02010	0.02842	0.01836	0.12054	0.01643	0.01761	0.01225	0.00813	0.00690	0.00235	0.00989	0.00582	0.00482	0.01193
48	0.02127	0.42432	0.16187	0.01710	0.02491	0.02818	0.01771	0.03005	0.15068	0.02479	0.01746	0.01844	0.01415	0.00837	0.00668	0.00223	0.00929	0.00600	0.00472	0.01181
49	0.01707	0.04402	0.65683	0.02426	0.03683	0.01976	0.03144	0.02695	0.01797	0.02695	0.01527	0.01797	0.01078	0.00809	0.00809	0.00270	0.01258	0.00629	0.00359	0.01258
50	0.01099	0.00881	0.00991	0.01009	0.01266	0.00774	0.00786	0.01376	0.02031	0.02547	0.18498	0.08058	0.44762	0.02107	0.01031	0.00300	0.00479	0.10444	0.00817	0.00744
51	0.01216	0.00912	0.01368	0.01368	0.01520	0.01064	0.01064	0.01520	0.01368	0.01976	0.02279	0.03343	0.02127	0.06382	0.66720	0.01368	0.02279	0.00912	0.00456	0.00760
52	0.01776	0.01295	0.01652	0.01464	0.01739	0.01357	0.01128	0.05702	0.01851	0.09118	0.06088	0.23808	0.06099	0.05278	0.01488	0.00319	0.14685	0.01355	0.00681	0.13116
53	0.01029	0.00771	0.00956	0.01103	0.01213	0.00698	0.00754	0.01194	0.01708	0.02204	0.05685	0.54021	0.20503	0.02537	0.01066	0.00331	0.00478	0.02262	0.00790	0.00698
54	0.01792	0.11199	0.55320	0.02501	0.07393	0.02125	0.02933	0.02674	0.01799	0.02628	0.01496	0.01771	0.01097	0.00797	0.00783	0.00259	0.01206	0.00619	0.00364	0.01246
55	0.02265	0.02311	0.03219	0.04591	0.52298	0.11534	0.02402	0.02830	0.05286	0.02719	0.01658	0.02079	0.01378	0.00797	0.00833	0.00250	0.01070	0.00738	0.00448	0.01295
56	0.01568	0.01339	0.01668	0.22074	0.02751	0.05447	0.01298	0.04883	0.01648	0.02105	0.02398	0.03925	0.04763	0.29416	0.10684	0.00634	0.01142	0.01001	0.00489	0.00768
57	0.01084	0.00767	0.00966	0.01106	0.01156	0.00725	0.00716	0.01200	0.01550	0.02052	0.04409	0.50791	0.08095	0.19010	0.01870	0.00459	0.00571	0.02100	0.00723	0.00650
58	0.01238	0.00825	0.00928	0.00928	0.00928	0.00825	0.00516	0.01238	0.01238	0.01650	0.02681	0.05569	0.03094	0.70092	0.04331	0.00825	0.00825	0.01238	0.00516	0.00516
59	0.03235	0.02384	0.02554	0.01958	0.02639	0.02639	0.01618	0.61946	0.04001	0.05363	0.02043	0.02043	0.01447	0.01022	0.00851	0.00255	0.00936	0.00766	0.00851	0.01447
60	0.02287	0.02693	0.09768	0.04301	0.45486	0.15422	0.02467	0.02784	0.02021	0.02627	0.01534	0.01955	0.01267	0.00788	0.00823	0.00248	0.01145	0.00701	0.00418	0.01264
61	0.01006	0.00862	0.00862	0.00862	0.01149	0.00718	0.00647	0.01221	0.01940	0.02299	0.08621	0.08190	0.64438	0.02155	0.01006	0.00287	0.00431	0.01796	0.00790	0.00718
62	0.01188	0.01292	0.07758	0.01114	0.01495	0.00938	0.00970	0.04236	0.01987	0.02471	0.07127	0.14082	0.48249	0.02018	0.00987	0.00290	0.00549	0.01695	0.00748	0.00806
63	0.01781	0.01527	0.01772	0.01283	0.02026	0.01180	0.01024	0.02254	0.04648	0.02810	0.01604	0.01831	0.01323	0.00655	0.00641	0.00134	0.00632	0.00526	0.00521	0.71827
64	0.02495	0.02373	0.05626	0.05304	0.02846	0.09763	0.08965	0.27256	0.02738	0.03576	0.02219	0.06550	0.04545	0.01172	0.01150	0.00280	0.10426	0.00913	0.00633	0.01170
65	0.01939	0.02078	0.06282	0.19952	0.29929	0.02027	0.20141	0.02542	0.01895	0.02613	0.01612	0.02189	0.01268	0.00771	0.00891	0.00271	0.01177	0.00826	0.00411	0.01186
66	0.02117	0.01828	0.01924	0.01732	0.02213	0.02117	0.01347	0.04522	0.63246	0.03560	0.03464	0.03175	0.02598	0.01155	0.00866	0.00289	0.00673	0.00962	0.00866	0.01347
67	0.02340	0.01772	0.02572	0.18407	0.22007	0.01883	0.01947	0.13855	0.04689	0.11783	0.05105	0.02788	0.05068	0.01002	0.00865	0.00266	0.00917	0.00869	0.00638	0.01228
68	0.01047	0.00858	0.00923	0.00918	0.01178	0.00734	0.00684	0.01297	0.02020	0.02516	0.19573	0.10544	0.50566	0.02095	0.01009	0.00286	0.00428	0.01772	0.00820	0.00734
69	0.02818	0.02971	0.02158	0.01899	0.02361	0.35850	0.01460	0.14439	0.12623	0.03078	0.01986	0.02103	0.01543	0.00964	0.00778	0.00235	0.01140	0.00688	0.09797	0.01109
70	0.01067	0.00844	0.00961	0.00975	0.01198	0.00738	0.00715	0.01324	0.02020	0.02593	0.23723	0.18003	0.38573	0.02124	0.01019	0.00292	0.00433	0.01828	0.00832	0.00738
71	0.02117	0.01828	0.01924	0.01732	0.02213	0.02117	0.01347	0.04522	0.63246	0.03560	0.03464	0.03175	0.02598	0.01155	0.00866	0.00289	0.00673	0.00962	0.00866	0.01347
72	0.01831	0.01631	0.02188	0.02005	0.12201	0.01325	0.04111	0.02245	0.01804	0.02772	0.01537	0.01844	0.01276	0.00655	0.00682	0.00154	0.00729	0.00568	0.00487	0.59954
73	0.01371	0.00980	0.01371	0.01567	0.01763	0.00980	0.01371	0.01763	0.01959	0.02547	0.04506	0.09599	0.04898	0.02351	0.01175	0.00392	0.00784	0.59056	0.00784	0.00784
74	0.02106	0.02022	0.03454	0.05223	0.64784	0.02022	0.02612	0.02612	0.01938	0.02780	0.01601	0.02106	0.01348	0.00758	0.00842	0.00253	0.01011	0.00758	0.00421	0.01348
75	0.01097	0.00866	0.00989	0.00958	0.01205	0.00757	0.00718	0.01398	0.02155	0.02811	0.34218	0.07348	0.38522	0.01964	0.01005	0.00278	0.00417	0.01678	0.00858	0.00757
76	0.01707	0.04402	0.65683	0.02426	0.03683	0.01976	0.03144	0.02695	0.01797	0.02695	0.01527	0.01797	0.01078	0.00809	0.00809	0.00270	0.01258	0.00629	0.00359	0.01258
77	0.01094	0.00839	0.01003	0.01018	0.01218	0.00747	0.00742	0.01372	0.02066	0.02731	0.30738	0.20722	0.28444	0.02095	0.01022	0.00292	0.00432	0.01825	0.00851	0.00747
78	0.02078	0.01793	0.01756	0.01536	0.01996	0.06189	0.01203	0.15835	0.26781	0.03449	0.04648	0.04412	0.21898	0.01425	0.00900	0.00276	0.00712	0.01156	0.00810	0.01144
79	0.01056	0.00749	0.00982	0.01160	0.01205	0.00704	0.00764	0.01190	0.01592	0.02122	0.04498	0.63423	0.05386	0.09111	0.01396	0.00391	0.00525	0.02306	0.00764	0.00674
80	0.01742	0.04157	0.58643	0.02560	0.03772	0.01997	0.09939	0.02699	0.01821	0.02699	0.01550	0.01855	0.01103	0.00798	0.00831	0.00272	0.01278	0.00672	0.00368	0.01245
81	0.02106	0.02022	0.03454	0.05223	0.64784	0.02022	0.02612	0.02612	0.01938	0.02780	0.01601	0.02106	0.01348	0.00758	0.00842	0.00253	0.01011	0.00758	0.00421	0.01348
82	0.01788	0.08890	0.36358	0.02012	0.02821	0.10486	0.02229	0.02409	0.01833	0.02428	0.02242	0.18257	0.02192	0.01264	0.00849	0.00274	0.01080	0.01041	0.00475	0.01069
83	0.01480	0.01413	0.02334	0.01851	0.02318	0.01332	0.19817	0.02124	0.08500	0.02814	0.18390	0.05413	0.25611	0.01508	0.00990	0.00283	0.00763	0.01404	0.00719	0.00937
84	0.01996	0.02060	0.07287	0.04065	0.45298	0.01802	0.02257	0.02503	0.01886	0.02773	0.01574	0.02002	0.01308	0.00730	0.00788	0.00223	0.00935	0.00687	0.00437	0.19388

[dist]
# distance from previous block
# <min> <max>
0	1

[block]
# block no. 2 follows, 21 sequences, length 8
# corresponding to MSA columns:
# 121-128
name=unknown_C
#
# <colnr> <probs for GDERKNQSTAVLIFYWHMCP>
#	G	D	E	R	K	N	Q	S	T	A	V	L	I	F	Y	W	H	M	C	P
0	0.33285	0.16160	0.21117	0.01916	0.07640	0.02227	0.01826	0.02577	0.01648	0.03039	0.01321	0.01562	0.01037	0.00781	0.00640	0.00248	0.00915	0.00534	0.00436	0.01090
1	0.01105	0.00793	0.01048	0.01139	0.01249	0.00736	0.00795	0.01355	0.01944	0.02674	0.28802	0.43996	0.06599	0.02292	0.01053	0.00314	0.00456	0.02063	0.00849	0.00736
2	0.01925	0.02545	0.19664	0.03614	0.34826	0.01816	0.02404	0.02532	0.01862	0.02756	0.01562	0.01949	0.01257	0.00744	0.00787	0.00230	0.00994	0.00668	0.00423	0.17441
3	0.01478	0.00739	0.01109	0.01109	0.01109	0.00739	0.00739	0.01109	0.01109	0.01478	0.01478	0.02587	0.01478	0.02956	0.03326	0.75240	0.00739	0.00739	0.00370	0.00370
4	0.02251	0.31312	0.02968	0.01511	0.02130	0.13440	0.01313	0.07679	0.02082	0.02490	0.02355	0.02456	0.09791	0.00957	0.00689	0.00199	0.00905	0.00690	0.00503	0.14279
5	0.02154	0.02922	0.14561	0.02899	0.03676	0.16078	0.33039	0.02780	0.02055	0.02564	0.01853	0.02709	0.01540	0.00916	0.00935	0.00279	0.01367	0.06123	0.00452	0.01098
6	0.01086	0.00780	0.00954	0.01072	0.01141	0.00731	0.00697	0.01204	0.01566	0.02049	0.04687	0.44000	0.12967	0.20698	0.01946	0.00466	0.00574	0.02017	0.00716	0.00648
7	0.01915	0.02967	0.32066	0.02002	0.02837	0.01903	0.02177	0.10965	0.15517	0.03201	0.02886	0.03352	0.07241	0.01162	0.00875	0.00284	0.00975	0.05849	0.00610	0.01216

[dist]
# distance from previous block
# <min> <max>
4	11

[block]
# block no. 3 follows, 21 sequences, length 17
# corresponding to MSA columns:
# 140-156
name=unknown_D
#
# <colnr> <probs for GDERKNQSTAVLIFYWHMCP>
#	G	D	E	R	K	N	Q	S	T	A	V	L	I	F	Y	W	H	M	C	P
0	0.23710	0.20866	0.18739	0.01542	0.02279	0.02174	0.01624	0.02491	0.04550	0.02827	0.02352	0.02459	0.09395	0.00974	0.00683	0.00247	0.00852	0.00701	0.00490	0.01048
1	0.01535	0.01239	0.01199	0.01161	0.01420	0.07090	0.00860	0.02013	0.07179	0.02815	0.15011	0.16462	0.12881	0.01590	0.00861	0.00257	0.00563	0.01351	0.19896	0.04617
2	0.02603	0.19477	0.02820	0.01720	0.02312	0.02115	0.06279	0.13278	0.08227	0.18313	0.02636	0.11983	0.02220	0.01180	0.00822	0.00257	0.00829	0.00986	0.00733	0.01212
3	0.13413	0.02954	0.28486	0.03299	0.24540	0.01998	0.08129	0.02639	0.01811	0.02902	0.01518	0.01886	0.01167	0.00780	0.00795	0.00264	0.01096	0.00683	0.00413	0.01226
4	0.06328	0.05331	0.09847	0.07920	0.40048	0.08134	0.02378	0.05168	0.02004	0.02804	0.01539	0.01955	0.01252	0.00792	0.00802	0.00251	0.01067	0.00695	0.00435	0.01250
5	0.02178	0.17003	0.03561	0.07743	0.44265	0.06083	0.02290	0.02619	0.01907	0.02537	0.01488	0.01921	0.01266	0.00764	0.00774	0.00237	0.01027	0.00680	0.00407	0.01249
6	0.02140	0.07269	0.43001	0.02344	0.03379	0.09084	0.05841	0.11724	0.02204	0.03000	0.01576	0.01811	0.01148	0.00839	0.00808	0.00259	0.01231	0.00653	0.00446	0.01243
7	0.02847	0.07563	0.02805	0.02931	0.18657	0.46140	0.01883	0.03144	0.02248	0.02258	0.01381	0.01672	0.01161	0.00837	0.00773	0.00226	0.01362	0.00597	0.00430	0.01086
8	0.01093	0.00819	0.01014	0.01064	0.01228	0.00740	0.00760	0.01353	0.02000	0.02673	0.28252	0.30791	0.20718	0.02192	0.01036	0.00302	0.00444	0.01935	0.00846	0.00740
9	0.01080	0.00774	0.01026	0.01155	0.01244	0.00720	0.00793	0.01294	0.01831	0.02493	0.20096	0.53218	0.06249	0.02427	0.01065	0.00325	0.00470	0.02192	0.00828	0.00720
10	0.03179	0.04056	0.02412	0.02192	0.02631	0.66676	0.01644	0.03398	0.02412	0.02083	0.01315	0.01535	0.01096	0.00877	0.00767	0.00219	0.01535	0.00548	0.00438	0.00987
11	0.01765	0.01513	0.01765	0.01260	0.02017	0.01134	0.01008	0.02143	0.01765	0.02773	0.01513	0.01765	0.01260	0.00630	0.00630	0.00126	0.00630	0.00504	0.00504	0.75295
12	0.01238	0.00825	0.00928	0.00928	0.00928	0.00825	0.00516	0.01238	0.01238	0.01650	0.02681	0.05569	0.03094	0.70092	0.04331	0.00825	0.00825	0.01238	0.00516	0.00516
13	0.03211	0.02094	0.02262	0.01797	0.02424	0.05502	0.01461	0.31452	0.13819	0.22898	0.02648	0.02471	0.01828	0.01047	0.00851	0.00262	0.00858	0.00816	0.00893	0.01406
14	0.76103	0.01646	0.01251	0.01119	0.01646	0.01909	0.00922	0.02502	0.01448	0.03818	0.01185	0.01382	0.00922	0.00790	0.00527	0.00263	0.00658	0.00461	0.00527	0.00922
15	0.02106	0.02022	0.03454	0.05223	0.64784	0.02022	0.02612	0.02612	0.01938	0.02780	0.01601	0.02106	0.01348	0.00758	0.00842	0.00253	0.01011	0.00758	0.00421	0.01348
16	0.03235	0.02384	0.02554	0.01958	0.02639	0.02639	0.01618	0.61946	0.04001	0.05363	0.02043	0.02043	0.01447	0.01022	0.00851	0.00255	0.00936	0.00766	0.00851	0.01447

[dist]
# distance from previous block
# <min> <max>
0	9

[block]
# block no. 4 follows, 21 sequences, length 7
# corresponding to MSA columns:
# 166-172
name=unknown_E
#
# <colnr> <probs for GDERKNQSTAVLIFYWHMCP>
#	G	D	E	R	K	N	Q	S	T	A	V	L	I	F	Y	W	H	M	C	P
0	0.02550	0.01937	0.02105	0.01756	0.02269	0.02142	0.01395	0.36790	0.17449	0.04327	0.02885	0.15283	0.02521	0.01369	0.00900	0.00281	0.00790	0.01130	0.00843	0.01278
1	0.01012	0.00839	0.00886	0.00923	0.01166	0.00713	0.00674	0.01214	0.01881	0.02275	0.07875	0.19839	0.53272	0.02252	0.01021	0.00298	0.00443	0.01914	0.00790	0.00713
2	0.19146	0.01935	0.02947	0.04278	0.50245	0.01996	0.02223	0.02586	0.01825	0.03019	0.01505	0.01940	0.01250	0.00766	0.00770	0.00255	0.00930	0.00690	0.00446	0.01250
3	0.01771	0.11912	0.58738	0.02316	0.03513	0.02134	0.02953	0.02678	0.01789	0.02616	0.01488	0.01748	0.01080	0.00799	0.00779	0.00260	0.01218	0.00609	0.00360	0.01239
4	0.02077	0.47463	0.25861	0.01795	0.02708	0.02881	0.02046	0.02600	0.01753	0.02244	0.01303	0.01516	0.01087	0.00756	0.00638	0.00213	0.01032	0.00516	0.00362	0.01150
5	0.01962	0.24699	0.34527	0.02659	0.14959	0.02421	0.02513	0.02633	0.01803	0.02494	0.01433	0.01721	0.01134	0.00774	0.00733	0.00239	0.01101	0.00599	0.00373	0.01223
6	0.02122	0.38764	0.28727	0.01903	0.02819	0.07967	0.02145	0.02676	0.01812	0.02285	0.01331	0.01551	0.01087	0.00772	0.00669	0.00220	0.01100	0.00532	0.00368	0.01150

[dist]
# distance from previous block
# <min> <max>
0	1

[block]
# block no. 5 follows, 21 sequences, length 50
# corresponding to MSA columns:
# 174-223
name=unknown_F
#
# <colnr> <probs for GDERKNQSTAVLIFYWHMCP>
#	G	D	E	R	K	N	Q	S	T	A	V	L	I	F	Y	W	H	M	C	P
0	0.32988	0.02736	0.23982	0.02158	0.03013	0.01991	0.16374	0.02621	0.01702	0.03174	0.01431	0.01744	0.01064	0.00779	0.00738	0.00271	0.01049	0.00649	0.00447	0.01090
1	0.07737	0.02488	0.02461	0.01927	0.02577	0.08347	0.01577	0.53010	0.03700	0.04973	0.01925	0.01957	0.01383	0.00994	0.00824	0.00253	0.00973	0.00728	0.00794	0.01373
2	0.01052	0.00864	0.00927	0.00911	0.01178	0.00738	0.00683	0.01311	0.02050	0.02560	0.21679	0.07760	0.51218	0.02058	0.01005	0.00283	0.00424	0.01736	0.00825	0.00738
3	0.02275	0.70604	0.04459	0.01456	0.02184	0.03367	0.01456	0.02548	0.01729	0.02002	0.01183	0.01365	0.01092	0.00728	0.00546	0.00182	0.00910	0.00455	0.00364	0.01092
4	0.01982	0.01887	0.02111	0.01880	0.02122	0.08920	0.01503	0.05486	0.18114	0.02591	0.02080	0.02534	0.01763	0.02460	0.16956	0.00562	0.24644	0.00822	0.00553	0.01032
5	0.01238	0.00825	0.00928	0.00928	0.00928	0.00825	0.00516	0.01238	0.01238	0.01650	0.02681	0.05569	0.03094	0.70092	0.04331	0.00825	0.00825	0.01238	0.00516	0.00516
6	0.01238	0.00825	0.00928	0.00928	0.00928	0.00825	0.00516	0.01238	0.01238	0.01650	0.02681	0.05569	0.03094	0.70092	0.04331	0.00825	0.00825	0.01238	0.00516	0.00516
7	0.01777	0.01686	0.02860	0.46651	0.25929	0.01935	0.02448	0.02323	0.01782	0.02381	0.01543	0.02213	0.01207	0.00819	0.00848	0.00273	0.01092	0.00757	0.00393	0.01082
8	0.02106	0.02022	0.03454	0.05223	0.64784	0.02022	0.02612	0.02612	0.01938	0.02780	0.01601	0.02106	0.01348	0.00758	0.00842	0.00253	0.01011	0.00758	0.00421	0.01348
9	0.01006	0.00862	0.00862	0.00862	0.01149	0.00718	0.00647	0.01221	0.01940	0.02299	0.08621	0.08190	0.64438	0.02155	0.01006	0.00287	0.00431	0.01796	0.00790	0.00718
10	0.01216	0.00912	0.01368	0.01368	0.01520	0.01064	0.01064	0.01520	0.01368	0.01976	0.02279	0.03343	0.02127	0.06382	0.66720	0.01368	0.02279	0.00912	0.00456	0.00760
11	0.02732	0.07584	0.05942	0.03059	0.21130	0.40378	0.01994	0.03077	0.02198	0.02315	0.01402	0.01707	0.01170	0.00829	0.00778	0.00229	0.01327	0.00609	0.00425	0.01114
12	0.01896	0.24156	0.43543	0.02206	0.03280	0.02405	0.06258	0.02653	0.01790	0.02489	0.01436	0.01698	0.01095	0.00779	0.00742	0.00244	0.01164	0.00600	0.00365	0.01201
13	0.76103	0.01646	0.01251	0.01119	0.01646	0.01909	0.00922	0.02502	0.01448	0.03818	0.01185	0.01382	0.00922	0.00790	0.00527	0.00263	0.00658	0.00461	0.00527	0.00922
14	0.02275	0.70604	0.04459	0.01456	0.02184	0.03367	0.01456	0.02548	0.01729	0.02002	0.01183	0.01365	0.01092	0.00728	0.00546	0.00182	0.00910	0.00455	0.00364	0.01092
15	0.02275	0.70604	0.04459	0.01456	0.02184	0.03367	0.01456	0.02548	0.01729	0.02002	0.01183	0.01365	0.01092	0.00728	0.00546	0.00182	0.00910	0.00455	0.00364	0.01092
16	0.02275	0.70604	0.04459	0.01456	0.02184	0.03367	0.01456	0.02548	0.01729	0.02002	0.01183	0.01365	0.01092	0.00728	0.00546	0.00182	0.00910	0.00455	0.00364	0.01092
17	0.01856	0.01565	0.01698	0.01600	0.01976	0.01772	0.01212	0.03715	0.48342	0.03224	0.03760	0.19227	0.03331	0.01520	0.00919	0.00302	0.00630	0.01315	0.00848	0.01188
18	0.02054	0.01969	0.03360	0.11774	0.58640	0.02008	0.02586	0.02566	0.01913	0.02717	0.01592	0.02123	0.01326	0.00768	0.00843	0.00256	0.01024	0.00758	0.00417	0.01306
19	0.01607	0.01513	0.02552	0.68047	0.05861	0.01891	0.02363	0.02174	0.01702	0.02174	0.01513	0.02269	0.01134	0.00851	0.00851	0.00284	0.01134	0.00756	0.00378	0.00945
20	0.03818	0.01448	0.01975	0.01514	0.02172	0.01251	0.01251	0.04147	0.02436	0.65373	0.03357	0.02897	0.02107	0.01053	0.00856	0.00263	0.00724	0.00856	0.01053	0.01448
21	0.01371	0.00980	0.01371	0.01567	0.01763	0.00980	0.01371	0.01763	0.01959	0.02547	0.04506	0.09599	0.04898	0.02351	0.01175	0.00392	0.00784	0.59056	0.00784	0.00784
22	0.01017	0.00863	0.00877	0.00873	0.01156	0.00723	0.00655	0.01242	0.01965	0.02359	0.11647	0.08090	0.61374	0.02133	0.01006	0.00286	0.00429	0.01782	0.00798	0.00723
23	0.02106	0.02022	0.03454	0.05223	0.64784	0.02022	0.02612	0.02612	0.01938	0.02780	0.01601	0.02106	0.01348	0.00758	0.00842	0.00253	0.01011	0.00758	0.00421	0.01348
24	0.03235	0.02384	0.02554	0.01958	0.02639	0.02639	0.01618	0.61946	0.04001	0.05363	0.02043	0.02043	0.01447	0.01022	0.00851	0.00255	0.00936	0.00766	0.00851	0.01447
25	0.01238	0.00825	0.00928	0.00928	0.00928	0.00825	0.00516	0.01238	0.01238	0.01650	0.02681	0.05569	0.03094	0.70092	0.04331	0.00825	0.00825	0.01238	0.00516	0.00516
26	0.02009	0.02296	0.05022	0.03587	0.04448	0.02152	0.61693	0.02726	0.02009	0.02726	0.01722	0.02296	0.01291	0.00717	0.01004	0.00287	0.01435	0.01004	0.00430	0.01148
27	0.02117	0.01828	0.01924	0.01732	0.02213	0.02117	0.01347	0.04522	0.63246	0.03560	0.03464	0.03175	0.02598	0.01155	0.00866	0.00289	0.00673	0.00962	0.00866	0.01347
28	0.03235	0.02384	0.02554	0.01958	0.02639	0.02639	0.01618	0.61946	0.04001	0.05363	0.02043	0.02043	0.01447	0.01022	0.00851	0.00255	0.00936	0.00766	0.00851	0.01447
29	0.19471	0.02086	0.01951	0.19331	0.02972	0.17473	0.01530	0.02505	0.01785	0.02676	0.01539	0.01979	0.01233	0.00931	0.00918	0.00260	0.08035	0.00641	0.11759	0.00925
30	0.76103	0.01646	0.01251	0.01119	0.01646	0.01909	0.00922	0.02502	0.01448	0.03818	0.01185	0.01382	0.00922	0.00790	0.00527	0.00263	0.00658	0.00461	0.00527	0.00922
31	0.02114	0.01874	0.02283	0.02550	0.16878	0.02095	0.01643	0.04074	0.48877	0.03377	0.03027	0.02925	0.02305	0.01062	0.00860	0.00280	0.00753	0.00914	0.00762	0.01347
32	0.01194	0.00869	0.01123	0.01060	0.01265	0.00799	0.00795	0.01586	0.02385	0.03355	0.61465	0.06451	0.10935	0.01761	0.01004	0.00269	0.00403	0.01552	0.00929	0.00799
33	0.01037	0.00741	0.00987	0.01185	0.01234	0.00691	0.00790	0.01185	0.01629	0.02172	0.04690	0.69537	0.05629	0.02666	0.01086	0.00346	0.00494	0.02419	0.00790	0.00691
34	0.03235	0.02384	0.02554	0.01958	0.02639	0.02639	0.01618	0.61946	0.04001	0.05363	0.02043	0.02043	0.01447	0.01022	0.00851	0.00255	0.00936	0.00766	0.00851	0.01447
35	0.02117	0.01828	0.01924	0.01732	0.02213	0.02117	0.01347	0.04522	0.63246	0.03560	0.03464	0.03175	0.02598	0.01155	0.00866	0.00289	0.00673	0.00962	0.00866	0.01347
36	0.03179	0.04056	0.02412	0.02192	0.02631	0.66676	0.01644	0.03398	0.02412	0.02083	0.01315	0.01535	0.01096	0.00877	0.00767	0.00219	0.01535	0.00548	0.00438	0.00987
37	0.01478	0.00739	0.01109	0.01109	0.01109	0.00739	0.00739	0.01109	0.01109	0.01478	0.01478	0.02587	0.01478	0.02956	0.03326	0.75240	0.00739	0.00739	0.00370	0.00370
38	0.02106	0.02022	0.03454	0.05223	0.64784	0.02022	0.02612	0.02612	0.01938	0.02780	0.01601	0.02106	0.01348	0.00758	0.00842	0.00253	0.01011	0.00758	0.00421	0.01348
39	0.02275	0.70604	0.04459	0.01456	0.02184	0.03367	0.01456	0.02548	0.01729	0.02002	0.01183	0.01365	0.01092	0.00728	0.00546	0.00182	0.00910	0.00455	0.00364	0.01092
40	0.01204	0.00870	0.01138	0.01071	0.01271	0.00803	0.00803	0.01606	0.02409	0.03413	0.64335	0.06357	0.08030	0.01740	0.01004	0.00268	0.00401	0.01539	0.00937	0.00803
41	0.02042	0.02203	0.04491	0.04141	0.24880	0.02108	0.41686	0.02687	0.01985	0.02744	0.01681	0.02231	0.01310	0.00731	0.00950	0.00275	0.01291	0.00921	0.00427	0.01216
42	0.02827	0.03470	0.02464	0.02204	0.02525	0.49554	0.01702	0.03037	0.02115	0.02073	0.01262	0.01622	0.01102	0.01041	0.01309	0.00260	0.19440	0.00601	0.00421	0.00972
43	0.02106	0.02022	0.03454	0.05223	0.64784	0.02022	0.02612	0.02612	0.01938	0.02780	0.01601	0.02106	0.01348	0.00758	0.00842	0.00253	0.01011	0.00758	0.00421	0.01348
44	0.02779	0.12872	0.03307	0.02417	0.02995	0.42774	0.15692	0.03123	0.02223	0.02222	0.01392	0.01689	0.01141	0.00819	0.00792	0.00230	0.01425	0.00642	0.00426	0.01039
45	0.01216	0.00912	0.01368	0.01368	0.01520	0.01064	0.01064	0.01520	0.01368	0.01976	0.02279	0.03343	0.02127	0.06382	0.66720	0.01368	0.02279	0.00912	0.00456	0.00760
46	0.01707	0.04402	0.65683	0.02426	0.03683	0.01976	0.03144	0.02695	0.01797	0.02695	0.01527	0.01797	0.01078	0.00809	0.00809	0.00270	0.01258	0.00629	0.00359	0.01258
47	0.02060	0.02150	0.04190	0.04456	0.36477	0.02083	0.30330	0.02665	0.01971	0.02755	0.01657	0.02195	0.01321	0.00739	0.00918	0.00269	0.01210	0.00874	0.00426	0.01254
48	0.01871	0.36759	0.19426	0.01613	0.02350	0.02391	0.01734	0.02359	0.01910	0.02520	0.16482	0.02679	0.02759	0.00992	0.00724	0.00225	0.00877	0.00761	0.00501	0.01065
49	0.09445	0.01586	0.02337	0.03303	0.36421	0.01564	0.01763	0.02124	0.01887	0.02724	0.03960	0.04113	0.22896	0.01240	0.00865	0.00266	0.00776	0.01082	0.00559	0.01088

[dist]
# distance from previous block
# <min> <max>
0	11

# created by:
# /home/cegg/simao/soft/augustus-3.2.1/scripts/msa2prfl.pl ./align_prep/12294.fa
