[name]
unknown

[dist]
# distance from previous block
# <min> <max>
0	17

[block]
# block no. 0 follows, 20 sequences, length 188
# corresponding to MSA columns:
# 17-204
name=unknown_A
#
# <colnr> <probs for GDERKNQSTAVLIFYWHMCP>
#	G	D	E	R	K	N	Q	S	T	A	V	L	I	F	Y	W	H	M	C	P
0	0.01406	0.01004	0.01406	0.01606	0.01807	0.01004	0.01406	0.01807	0.02008	0.02610	0.04618	0.09839	0.05020	0.02410	0.01205	0.00402	0.00803	0.58032	0.00803	0.00803
1	0.01147	0.00816	0.01092	0.01283	0.01362	0.00779	0.00920	0.01343	0.01719	0.02277	0.04649	0.52640	0.05461	0.06501	0.01324	0.00393	0.00589	0.14195	0.00792	0.00718
2	0.03258	0.04157	0.02472	0.02247	0.02697	0.65843	0.01685	0.03483	0.02472	0.02135	0.01348	0.01573	0.01124	0.00899	0.00787	0.00225	0.01573	0.00562	0.00449	0.01011
3	0.02546	0.01980	0.02140	0.01687	0.02321	0.02062	0.01365	0.32536	0.12654	0.04272	0.03001	0.02957	0.08899	0.01120	0.00845	0.00243	0.00790	0.00884	0.00792	0.16907
4	0.02465	0.48714	0.06830	0.01705	0.02401	0.14999	0.01602	0.02952	0.06979	0.02235	0.01451	0.01608	0.01249	0.00815	0.00643	0.00207	0.01050	0.00536	0.00430	0.01129
5	0.01101	0.00775	0.01001	0.01165	0.01207	0.00734	0.00757	0.01225	0.01595	0.02127	0.04423	0.56991	0.05284	0.15179	0.01735	0.00446	0.00570	0.02253	0.00757	0.00675
6	0.47295	0.01827	0.06120	0.01373	0.02011	0.01746	0.01217	0.03117	0.01834	0.23188	0.01951	0.01944	0.01344	0.00897	0.00669	0.00270	0.00741	0.00614	0.00700	0.01142
7	0.02104	0.01995	0.03386	0.05083	0.59407	0.01995	0.02585	0.02614	0.01988	0.02832	0.01856	0.02715	0.01645	0.00895	0.00888	0.00269	0.01019	0.04923	0.00459	0.01340
8	0.01809	0.01550	0.01809	0.01292	0.02067	0.01163	0.01034	0.02196	0.01809	0.02842	0.01550	0.01809	0.01292	0.00646	0.00646	0.00129	0.00646	0.00517	0.00517	0.74677
9	0.01879	0.06668	0.42881	0.02899	0.06537	0.02141	0.19163	0.02761	0.01905	0.02744	0.01609	0.01979	0.01179	0.00797	0.00874	0.00277	0.01313	0.00750	0.00392	0.01254
10	0.01638	0.20897	0.15604	0.01490	0.02081	0.01806	0.01509	0.02129	0.02113	0.02871	0.29711	0.04209	0.08027	0.01317	0.00856	0.00251	0.00745	0.01085	0.00662	0.00999
11	0.02332	0.69869	0.04571	0.01493	0.02239	0.03451	0.01493	0.02612	0.01772	0.02052	0.01213	0.01399	0.01119	0.00746	0.00560	0.00187	0.00933	0.00466	0.00373	0.01119
12	0.01135	0.00814	0.01084	0.01210	0.01315	0.00762	0.00857	0.01378	0.01917	0.02609	0.21147	0.47144	0.06401	0.02445	0.01096	0.00335	0.00501	0.06250	0.00851	0.00747
13	0.03338	0.01646	0.04900	0.01599	0.02239	0.01426	0.01356	0.04054	0.12082	0.47411	0.07715	0.03219	0.02630	0.01135	0.00888	0.00275	0.00736	0.00935	0.01007	0.01411
14	0.01235	0.00892	0.01166	0.01097	0.01303	0.00823	0.00823	0.01646	0.02469	0.03498	0.63443	0.06516	0.08230	0.01783	0.01029	0.00274	0.00412	0.01578	0.00960	0.00823
15	0.01388	0.00884	0.01154	0.01154	0.01317	0.00971	0.00875	0.01714	0.01551	0.02456	0.02552	0.03516	0.02268	0.08723	0.37648	0.00922	0.01523	0.00912	0.27699	0.00775
16	0.01973	0.29556	0.41737	0.02105	0.03187	0.02572	0.02560	0.02705	0.01815	0.02490	0.01430	0.01672	0.01111	0.00797	0.00726	0.00242	0.01153	0.00576	0.00370	0.01224
17	0.01246	0.00935	0.01402	0.01402	0.01558	0.01090	0.01090	0.01558	0.01402	0.02025	0.02336	0.03427	0.02181	0.06542	0.65888	0.01402	0.02336	0.00935	0.00467	0.00779
18	0.02170	0.01874	0.01972	0.01775	0.02268	0.02170	0.01381	0.04635	0.62327	0.03649	0.03550	0.03254	0.02663	0.01183	0.00888	0.00296	0.00690	0.00986	0.00888	0.01381
19	0.02332	0.69869	0.04571	0.01493	0.02239	0.03451	0.01493	0.02612	0.01772	0.02052	0.01213	0.01399	0.01119	0.00746	0.00560	0.00187	0.00933	0.00466	0.00373	0.01119
20	0.01031	0.00884	0.00884	0.00884	0.01178	0.00736	0.00663	0.01252	0.01988	0.02356	0.08837	0.08395	0.63549	0.02209	0.01031	0.00295	0.00442	0.01841	0.00810	0.00736
21	0.02158	0.01834	0.02371	0.01723	0.02494	0.01612	0.08157	0.14740	0.02324	0.03400	0.01691	0.01933	0.01336	0.00742	0.00739	0.00177	0.00809	0.00634	0.00583	0.50543
22	0.01406	0.01004	0.01406	0.01606	0.01807	0.01004	0.01406	0.01807	0.02008	0.02610	0.04618	0.09839	0.05020	0.02410	0.01205	0.00402	0.00803	0.58032	0.00803	0.00803
23	0.02151	0.02228	0.02398	0.02291	0.06700	0.15691	0.01712	0.04964	0.04545	0.02378	0.01760	0.06597	0.01673	0.01971	0.09365	0.00448	0.30776	0.00868	0.00483	0.01002
24	0.01212	0.00874	0.01146	0.01113	0.01298	0.00808	0.00821	0.01589	0.02364	0.03330	0.55709	0.14728	0.07906	0.01909	0.01040	0.00285	0.00424	0.01697	0.00940	0.00808
25	0.02957	0.02097	0.02235	0.01754	0.02347	0.02304	0.01436	0.48486	0.03619	0.05021	0.02254	0.02340	0.01643	0.01041	0.00817	0.00249	0.00842	0.00791	0.16426	0.01341
26	0.01063	0.00759	0.01012	0.01215	0.01265	0.00709	0.00810	0.01215	0.01670	0.02227	0.04808	0.68775	0.05769	0.02733	0.01113	0.00354	0.00506	0.02480	0.00810	0.00709
27	0.02216	0.01487	0.01783	0.01639	0.04651	0.01450	0.01246	0.17174	0.02549	0.12418	0.04259	0.12802	0.15212	0.01624	0.00956	0.00286	0.00719	0.08550	0.00820	0.08160
28	0.02165	0.01920	0.02497	0.09736	0.19430	0.02144	0.01857	0.06487	0.36752	0.03367	0.02750	0.02803	0.02100	0.01034	0.00879	0.00284	0.00847	0.00898	0.00710	0.01342
29	0.01246	0.00935	0.01402	0.01402	0.01558	0.01090	0.01090	0.01558	0.01402	0.02025	0.02336	0.03427	0.02181	0.06542	0.65888	0.01402	0.02336	0.00935	0.00467	0.00779
30	0.01791	0.03106	0.38299	0.01983	0.02872	0.01646	0.02289	0.02685	0.06130	0.07498	0.19092	0.03322	0.03273	0.01137	0.00892	0.00277	0.00965	0.00945	0.00620	0.01179
31	0.01246	0.00935	0.01402	0.01402	0.01558	0.01090	0.01090	0.01558	0.01402	0.02025	0.02336	0.03427	0.02181	0.06542	0.65888	0.01402	0.02336	0.00935	0.00467	0.00779
32	0.01831	0.01578	0.02329	0.03146	0.31209	0.01547	0.01733	0.02435	0.08077	0.05745	0.07874	0.04542	0.21647	0.01346	0.00929	0.00275	0.00762	0.01187	0.00659	0.01149
33	0.01255	0.00840	0.00955	0.00969	0.00972	0.00836	0.00547	0.01265	0.01295	0.01727	0.02887	0.09947	0.03346	0.64867	0.04216	0.00813	0.00823	0.01350	0.00547	0.00541
34	0.02265	0.33982	0.11124	0.03016	0.24112	0.06994	0.02124	0.02711	0.01903	0.02421	0.01413	0.01730	0.01210	0.00777	0.00713	0.00225	0.01054	0.00603	0.00398	0.01224
35	0.02047	0.01691	0.01937	0.01405	0.02168	0.01406	0.01132	0.11481	0.02171	0.03262	0.01636	0.01854	0.01322	0.00709	0.00682	0.00150	0.00696	0.00559	0.00573	0.63119
36	0.01515	0.00758	0.01136	0.01136	0.01136	0.00758	0.00758	0.01136	0.01136	0.01515	0.01515	0.02652	0.01515	0.03030	0.03409	0.74621	0.00758	0.00758	0.00379	0.00379
37	0.02883	0.02841	0.02334	0.02008	0.02545	0.24692	0.01568	0.20515	0.24477	0.03651	0.02356	0.02329	0.01781	0.01044	0.00848	0.00261	0.01078	0.00779	0.00729	0.01281
38	0.03258	0.04157	0.02472	0.02247	0.02697	0.65843	0.01685	0.03483	0.02472	0.02135	0.01348	0.01573	0.01124	0.00899	0.00787	0.00225	0.01573	0.00562	0.00449	0.01011
39	0.02332	0.69869	0.04571	0.01493	0.02239	0.03451	0.01493	0.02612	0.01772	0.02052	0.01213	0.01399	0.01119	0.00746	0.00560	0.00187	0.00933	0.00466	0.00373	0.01119
40	0.02996	0.02284	0.02438	0.01942	0.02583	0.02556	0.01581	0.45276	0.20340	0.04982	0.02500	0.02418	0.01812	0.01085	0.00877	0.00271	0.00885	0.00841	0.00877	0.01455
41	0.01647	0.01550	0.02616	0.67248	0.06008	0.01938	0.02422	0.02229	0.01744	0.02229	0.01550	0.02326	0.01163	0.00872	0.00872	0.00291	0.01163	0.00775	0.00388	0.00969
42	0.01265	0.00925	0.01353	0.01353	0.01503	0.01066	0.01041	0.01566	0.01416	0.02067	0.02380	0.03527	0.02230	0.09276	0.59901	0.01319	0.02175	0.00945	0.03924	0.00768
43	0.01059	0.00772	0.00999	0.01180	0.01256	0.00711	0.00794	0.01218	0.01703	0.02240	0.05229	0.62458	0.11814	0.02678	0.01105	0.00348	0.00499	0.02413	0.00810	0.00711
44	0.01246	0.00935	0.01402	0.01402	0.01558	0.01090	0.01090	0.01558	0.01402	0.02025	0.02336	0.03427	0.02181	0.06542	0.65888	0.01402	0.02336	0.00935	0.00467	0.00779
45	0.02896	0.02194	0.02392	0.01808	0.02527	0.02275	0.01484	0.44596	0.03462	0.04757	0.01943	0.02015	0.01430	0.00935	0.00809	0.00225	0.00872	0.00710	0.00773	0.21897
46	0.02167	0.02286	0.02389	0.02003	0.02314	0.15652	0.01617	0.02420	0.01709	0.02314	0.01301	0.01809	0.01181	0.01148	0.01804	0.00278	0.34995	0.00652	0.00434	0.21527
47	0.01898	0.09095	0.57372	0.02368	0.03588	0.02092	0.03002	0.02825	0.01869	0.05749	0.01632	0.01865	0.01158	0.00835	0.00812	0.00269	0.01236	0.00643	0.00404	0.01286
48	0.02826	0.03387	0.03050	0.03263	0.19962	0.41400	0.08140	0.03186	0.02293	0.02403	0.01473	0.01818	0.01216	0.00848	0.00833	0.00242	0.01413	0.00671	0.00444	0.01132
49	0.01406	0.01004	0.01406	0.01606	0.01807	0.01004	0.01406	0.01807	0.02008	0.02610	0.04618	0.09839	0.05020	0.02410	0.01205	0.00402	0.00803	0.58032	0.00803	0.00803
50	0.02037	0.02287	0.04782	0.03472	0.04224	0.02275	0.52051	0.02692	0.01952	0.02692	0.01673	0.02287	0.01297	0.00852	0.01300	0.00307	0.11255	0.00990	0.00432	0.01144
51	0.09568	0.02330	0.02770	0.20255	0.26574	0.15559	0.02164	0.02816	0.04945	0.02681	0.01607	0.02058	0.01289	0.00851	0.00818	0.00263	0.01130	0.00711	0.00457	0.01152
52	0.01678	0.04088	0.57354	0.02311	0.03479	0.01880	0.02933	0.02609	0.01887	0.02783	0.05666	0.02497	0.05126	0.00965	0.00852	0.00277	0.01188	0.00769	0.00429	0.01230
53	0.01031	0.00884	0.00884	0.00884	0.01178	0.00736	0.00663	0.01252	0.01988	0.02356	0.08837	0.08395	0.63549	0.02209	0.01031	0.00295	0.00442	0.01841	0.00810	0.00736
54	0.02087	0.33639	0.21003	0.02340	0.09896	0.02777	0.02176	0.02586	0.01752	0.02351	0.01351	0.01687	0.01150	0.00888	0.01010	0.00249	0.10908	0.00596	0.00380	0.01173
55	0.02413	0.26830	0.30335	0.01939	0.02907	0.02369	0.02203	0.03025	0.01956	0.15612	0.01839	0.01925	0.01334	0.00853	0.00745	0.00243	0.01048	0.00631	0.00521	0.01271
56	0.01063	0.00759	0.01012	0.01215	0.01265	0.00709	0.00810	0.01215	0.01670	0.02227	0.04808	0.68775	0.05769	0.02733	0.01113	0.00354	0.00506	0.02480	0.00810	0.00709
57	0.03258	0.04157	0.02472	0.02247	0.02697	0.65843	0.01685	0.03483	0.02472	0.02135	0.01348	0.01573	0.01124	0.00899	0.00787	0.00225	0.01573	0.00562	0.00449	0.01011
58	0.01565	0.01692	0.14702	0.01484	0.01936	0.01097	0.01400	0.02001	0.02026	0.09172	0.17032	0.22978	0.11643	0.01867	0.01007	0.00308	0.00691	0.05676	0.00776	0.00948
59	0.01063	0.00759	0.01012	0.01215	0.01265	0.00709	0.00810	0.01215	0.01670	0.02227	0.04808	0.68775	0.05769	0.02733	0.01113	0.00354	0.00506	0.02480	0.00810	0.00709
60	0.01366	0.00991	0.01351	0.01531	0.01741	0.00976	0.01328	0.01749	0.02006	0.02584	0.05060	0.09688	0.11143	0.02389	0.01187	0.00390	0.00765	0.52153	0.00804	0.00796
61	0.02066	0.02101	0.06065	0.14367	0.52746	0.02051	0.02663	0.02615	0.01944	0.02754	0.01624	0.02170	0.01337	0.00793	0.00863	0.00264	0.01066	0.00771	0.00423	0.01317
62	0.03316	0.02443	0.02618	0.02007	0.02705	0.02705	0.01658	0.60995	0.04101	0.05497	0.02094	0.02094	0.01483	0.01047	0.00873	0.00262	0.00960	0.00785	0.00873	0.01483
63	0.01860	0.01662	0.02728	0.08198	0.38198	0.01688	0.02213	0.02341	0.01978	0.02724	0.02681	0.04868	0.02645	0.01357	0.00984	0.00311	0.00963	0.20891	0.00559	0.01151
64	0.01181	0.00890	0.01091	0.01041	0.01270	0.00800	0.00781	0.01542	0.02342	0.03196	0.48987	0.07013	0.22875	0.01896	0.01029	0.00280	0.00420	0.01647	0.00920	0.00800
65	0.02129	0.01740	0.01980	0.01444	0.02203	0.01490	0.01166	0.14670	0.02295	0.03406	0.01666	0.01869	0.01333	0.00731	0.00694	0.00157	0.00713	0.00574	0.00592	0.59149
66	0.01539	0.01003	0.01460	0.12356	0.02114	0.01073	0.01139	0.04825	0.01575	0.02081	0.02438	0.17020	0.02565	0.02453	0.02218	0.37658	0.00787	0.04535	0.00525	0.00637
67	0.01500	0.01207	0.01336	0.01240	0.01559	0.01232	0.00942	0.05689	0.16009	0.03022	0.18017	0.05951	0.26519	0.05972	0.05544	0.00395	0.00674	0.01432	0.00824	0.00938
68	0.02957	0.02097	0.02235	0.01754	0.02347	0.02304	0.01436	0.48486	0.03619	0.05021	0.02254	0.02340	0.01643	0.01041	0.00817	0.00249	0.00842	0.00791	0.16426	0.01341
69	0.01856	0.01244	0.01489	0.01343	0.01694	0.01254	0.01034	0.02808	0.19103	0.12087	0.32394	0.07942	0.08998	0.01583	0.00972	0.00284	0.00542	0.01368	0.00941	0.01062
70	0.01196	0.00815	0.00973	0.01044	0.01062	0.00797	0.00627	0.01250	0.01410	0.01879	0.03472	0.27863	0.04084	0.45944	0.03271	0.00673	0.00726	0.01694	0.00627	0.00592
71	0.01268	0.00846	0.00951	0.00951	0.00951	0.00846	0.00529	0.01268	0.01268	0.01691	0.02748	0.05708	0.03171	0.69345	0.04440	0.00846	0.00846	0.01268	0.00529	0.00529
72	0.01608	0.01612	0.01366	0.01374	0.01676	0.14623	0.01087	0.01880	0.02096	0.02380	0.06072	0.07350	0.33983	0.01987	0.01028	0.00310	0.00783	0.17241	0.00732	0.00813
73	0.03056	0.02289	0.02478	0.01884	0.02595	0.02439	0.01550	0.50867	0.03706	0.05040	0.02001	0.02045	0.01450	0.00978	0.00834	0.00239	0.00906	0.00739	0.00811	0.14091
74	0.03224	0.01780	0.02109	0.01705	0.02323	0.01825	0.01380	0.14131	0.22905	0.33889	0.03247	0.02915	0.02213	0.01109	0.00880	0.00277	0.00762	0.00898	0.00979	0.01449
75	0.01185	0.00859	0.00928	0.00928	0.01031	0.00807	0.00576	0.01263	0.01521	0.01925	0.04887	0.06652	0.24382	0.45760	0.03242	0.00652	0.00704	0.01470	0.00627	0.00602
76	0.03316	0.02443	0.02618	0.02007	0.02705	0.02705	0.01658	0.60995	0.04101	0.05497	0.02094	0.02094	0.01483	0.01047	0.00873	0.00262	0.00960	0.00785	0.00873	0.01483
77	0.01334	0.00906	0.01265	0.01265	0.01432	0.01026	0.00979	0.01668	0.01501	0.02310	0.02455	0.03386	0.02193	0.05260	0.50741	0.01124	0.01889	0.00906	0.17573	0.00787
78	0.02465	0.01723	0.01740	0.01565	0.01950	0.10561	0.01185	0.07160	0.10413	0.19166	0.06444	0.21455	0.03401	0.05245	0.01131	0.00321	0.00793	0.01344	0.00837	0.01101
79	0.01172	0.00810	0.00970	0.01060	0.01162	0.00760	0.00708	0.01346	0.01702	0.02325	0.08702	0.35442	0.13544	0.16543	0.01748	0.00429	0.00552	0.01893	0.08437	0.00693
80	0.01406	0.01004	0.01406	0.01606	0.01807	0.01004	0.01406	0.01807	0.02008	0.02610	0.04618	0.09839	0.05020	0.02410	0.01205	0.00402	0.00803	0.58032	0.00803	0.00803
81	0.01407	0.01063	0.01257	0.01231	0.01420	0.01091	0.00871	0.02109	0.14735	0.02865	0.25255	0.17878	0.05402	0.17377	0.01800	0.00426	0.00589	0.01558	0.00816	0.00851
82	0.01124	0.00910	0.01007	0.01040	0.01275	0.00820	0.00757	0.01475	0.05429	0.02508	0.12785	0.23385	0.39886	0.02243	0.01044	0.00308	0.00470	0.01930	0.00829	0.00775
83	0.28040	0.01830	0.01766	0.01452	0.01988	0.02039	0.01185	0.28022	0.02704	0.04465	0.01950	0.02108	0.01458	0.00958	0.00700	0.00252	0.00742	0.00683	0.16508	0.01152
84	0.01447	0.01030	0.01170	0.01136	0.01253	0.01099	0.00747	0.01936	0.11817	0.02180	0.02845	0.04842	0.02900	0.45331	0.10748	0.00770	0.00962	0.01148	0.05916	0.00725
85	0.01463	0.00920	0.01125	0.01128	0.01363	0.00882	0.00895	0.01830	0.02044	0.05632	0.18800	0.06200	0.14155	0.02078	0.05637	0.00365	0.00648	0.12709	0.21296	0.00828
86	0.59177	0.01520	0.01274	0.01173	0.01639	0.01720	0.00960	0.02374	0.01668	0.03758	0.10647	0.02780	0.02315	0.01069	0.00660	0.00280	0.00645	0.04803	0.00621	0.00916
87	0.01150	0.00852	0.01093	0.01252	0.01395	0.00795	0.00941	0.01384	0.01829	0.02359	0.05603	0.40001	0.17706	0.02535	0.01121	0.00355	0.00574	0.17508	0.00808	0.00740
88	0.01210	0.00864	0.00981	0.00977	0.01069	0.00837	0.00618	0.01308	0.01516	0.01977	0.07738	0.06212	0.17362	0.45253	0.07898	0.00725	0.00834	0.01395	0.00615	0.00612
89	0.01298	0.01068	0.01169	0.01064	0.01411	0.00949	0.00798	0.01758	0.07331	0.02687	0.16066	0.06456	0.35264	0.06677	0.01208	0.00307	0.00518	0.01484	0.00779	0.11708
90	0.01244	0.00852	0.00956	0.00952	0.00991	0.00834	0.00557	0.01286	0.01399	0.01848	0.06423	0.06009	0.09272	0.59412	0.03936	0.00763	0.00785	0.01340	0.00578	0.00564
91	0.01369	0.01086	0.01522	0.01455	0.01547	0.01314	0.01105	0.01586	0.01359	0.01961	0.02221	0.03687	0.02227	0.20227	0.40473	0.01092	0.13570	0.00982	0.00466	0.00752
92	0.01889	0.01868	0.02624	0.12618	0.22200	0.06279	0.02008	0.02256	0.01760	0.02383	0.02362	0.02896	0.08604	0.01593	0.06145	0.00383	0.19721	0.00895	0.00459	0.01057
93	0.01317	0.00969	0.01159	0.01188	0.01369	0.00976	0.00891	0.01689	0.05752	0.02311	0.04606	0.06596	0.17834	0.21482	0.11561	0.00630	0.00926	0.13355	0.04642	0.00746
94	0.02178	0.02823	0.16190	0.04248	0.38343	0.08750	0.09354	0.02792	0.02016	0.02751	0.01609	0.02055	0.01291	0.00796	0.00867	0.00263	0.01194	0.00756	0.00422	0.01300
95	0.02451	0.09941	0.06197	0.03109	0.21523	0.25706	0.04885	0.02848	0.02071	0.02398	0.01571	0.02004	0.01335	0.01495	0.08424	0.00375	0.01411	0.00689	0.00434	0.01132
96	0.02213	0.52713	0.03938	0.01716	0.05288	0.06398	0.01504	0.02507	0.01766	0.02093	0.01408	0.01746	0.01290	0.01612	0.10231	0.00372	0.01180	0.00556	0.00394	0.01077
97	0.01366	0.01156	0.04346	0.01299	0.01536	0.01005	0.01006	0.07301	0.02170	0.02951	0.21598	0.36867	0.09713	0.02164	0.01046	0.00314	0.00558	0.01919	0.00838	0.00848
98	0.02629	0.25883	0.03054	0.01655	0.02293	0.02646	0.01426	0.29539	0.02797	0.03663	0.01825	0.02254	0.01540	0.08912	0.01165	0.00295	0.00916	0.00712	0.00633	0.06164
99	0.01663	0.01466	0.01593	0.01673	0.05437	0.05974	0.01199	0.02573	0.18889	0.02939	0.14654	0.14867	0.13003	0.01772	0.00997	0.00306	0.00678	0.08515	0.00808	0.00993
100	0.06846	0.01825	0.02197	0.01692	0.02369	0.01804	0.01397	0.23817	0.03008	0.41426	0.02877	0.02598	0.01872	0.01057	0.00861	0.00267	0.00815	0.00828	0.00984	0.01460
101	0.01268	0.00846	0.00951	0.00951	0.00951	0.00846	0.00529	0.01268	0.01268	0.01691	0.02748	0.05708	0.03171	0.69345	0.04440	0.00846	0.00846	0.01268	0.00529	0.00529
102	0.01234	0.01016	0.01102	0.01086	0.01368	0.00958	0.00810	0.01807	0.10931	0.02705	0.15856	0.14422	0.39416	0.02055	0.01019	0.00299	0.00481	0.01750	0.00844	0.00841
103	0.01267	0.00848	0.00962	0.00959	0.00969	0.00845	0.00544	0.01288	0.01330	0.01783	0.05834	0.05749	0.03428	0.65910	0.04266	0.00817	0.00824	0.01284	0.00550	0.00544
104	0.08939	0.01753	0.02128	0.01643	0.02314	0.01708	0.01357	0.19150	0.02848	0.44499	0.02923	0.02625	0.01892	0.01051	0.00852	0.00268	0.00795	0.00824	0.00986	0.01445
105	0.01621	0.00810	0.00828	0.00828	0.01022	0.00810	0.00617	0.01991	0.01797	0.03171	0.02783	0.03224	0.02202	0.01111	0.00741	0.03690	0.00423	0.00810	0.70729	0.00793
106	0.01211	0.01023	0.01068	0.01061	0.01358	0.00956	0.00791	0.01773	0.11321	0.02542	0.07544	0.14667	0.47328	0.02111	0.01018	0.00302	0.00488	0.01783	0.00822	0.00833
107	0.01268	0.00846	0.00951	0.00951	0.00951	0.00846	0.00529	0.01268	0.01268	0.01691	0.02748	0.05708	0.03171	0.69345	0.04440	0.00846	0.00846	0.01268	0.00529	0.00529
108	0.01057	0.00781	0.00990	0.01158	0.01250	0.00713	0.00784	0.01221	0.01725	0.02249	0.05500	0.58400	0.15698	0.02643	0.01099	0.00344	0.00495	0.02370	0.00810	0.00713
109	0.20825	0.01150	0.01192	0.01090	0.01450	0.01136	0.00850	0.02006	0.02075	0.08766	0.26005	0.05407	0.21764	0.01589	0.00888	0.00279	0.00519	0.01302	0.00818	0.00889
110	0.03677	0.01863	0.02259	0.01732	0.02416	0.01844	0.01431	0.26673	0.03131	0.41189	0.02909	0.02623	0.01892	0.01067	0.00875	0.00267	0.00828	0.00841	0.00998	0.01484
111	0.01268	0.00846	0.00951	0.00951	0.00951	0.00846	0.00529	0.01268	0.01268	0.01691	0.02748	0.05708	0.03171	0.69345	0.04440	0.00846	0.00846	0.01268	0.00529	0.00529
112	0.01581	0.01217	0.01343	0.01191	0.01543	0.01182	0.00926	0.14053	0.02592	0.03392	0.25055	0.06451	0.32503	0.01825	0.00997	0.00281	0.00542	0.01532	0.00872	0.00923
113	0.01908	0.01908	0.02672	0.02290	0.02290	0.02672	0.01908	0.02099	0.01336	0.02099	0.01145	0.01908	0.01145	0.01527	0.02863	0.00382	0.67748	0.00763	0.00382	0.00954
114	0.01246	0.00935	0.01402	0.01402	0.01558	0.01090	0.01090	0.01558	0.01402	0.02025	0.02336	0.03427	0.02181	0.06542	0.65888	0.01402	0.02336	0.00935	0.00467	0.00779
115	0.01199	0.00903	0.01057	0.01091	0.01284	0.00834	0.00820	0.01438	0.01901	0.02435	0.14895	0.07806	0.28293	0.17624	0.01853	0.00442	0.00610	0.14032	0.00767	0.00717
116	0.01301	0.00970	0.01260	0.01405	0.01632	0.00929	0.01198	0.01652	0.02003	0.02540	0.05795	0.09436	0.21343	0.02354	0.01156	0.00372	0.00702	0.42361	0.00805	0.00785
117	0.02097	0.01268	0.01316	0.01146	0.01487	0.01341	0.00902	0.18477	0.02463	0.03878	0.02636	0.02929	0.02026	0.01025	0.00683	0.00220	0.00561	0.00805	0.53740	0.01000
118	0.01182	0.00969	0.01179	0.01366	0.05525	0.00873	0.00959	0.01448	0.01949	0.02420	0.07005	0.16471	0.40412	0.02222	0.01064	0.00321	0.00559	0.12505	0.00783	0.00789
119	0.01136	0.00888	0.01029	0.00994	0.01243	0.00781	0.00745	0.01455	0.02236	0.02945	0.36981	0.07426	0.35037	0.01990	0.01030	0.00284	0.00426	0.01705	0.00887	0.00781
120	0.01474	0.00843	0.00953	0.00953	0.01101	0.00872	0.00680	0.01769	0.01622	0.02667	0.02729	0.03849	0.02441	0.17745	0.13522	0.00572	0.00863	0.00940	0.43663	0.00741
121	0.02113	0.01800	0.02617	0.49022	0.05085	0.02152	0.02209	0.18646	0.02403	0.03142	0.01702	0.02261	0.01252	0.00921	0.00872	0.00283	0.01106	0.00778	0.00523	0.01113
122	0.01246	0.00935	0.01402	0.01402	0.01558	0.01090	0.01090	0.01558	0.01402	0.02025	0.02336	0.03427	0.02181	0.06542	0.65888	0.01402	0.02336	0.00935	0.00467	0.00779
123	0.01050	0.00810	0.00960	0.01079	0.01230	0.00720	0.00750	0.01230	0.01800	0.02280	0.06457	0.44057	0.29423	0.02518	0.01080	0.00330	0.00480	0.02218	0.00810	0.00720
124	0.01055	0.00885	0.00917	0.00909	0.01193	0.00747	0.00682	0.01298	0.02045	0.02490	0.15231	0.08175	0.57072	0.02159	0.01031	0.00292	0.00438	0.01810	0.00828	0.00747
125	0.02170	0.01874	0.01972	0.01775	0.02268	0.02170	0.01381	0.04635	0.62327	0.03649	0.03550	0.03254	0.02663	0.01183	0.00888	0.00296	0.00690	0.00986	0.00888	0.01381
126	0.02131	0.02044	0.03491	0.08692	0.60781	0.02065	0.02663	0.02653	0.01973	0.02816	0.01636	0.02168	0.01370	0.00782	0.00864	0.00261	0.01043	0.00777	0.00429	0.01359
127	0.15438	0.05603	0.02417	0.01870	0.02488	0.16434	0.01518	0.33168	0.03122	0.07230	0.01809	0.01878	0.01331	0.00963	0.00784	0.00252	0.01035	0.00674	0.00712	0.01273
128	0.01215	0.00891	0.01138	0.01076	0.01291	0.00815	0.00807	0.01607	0.02422	0.03386	0.58069	0.06701	0.13675	0.01825	0.01029	0.00276	0.00415	0.01603	0.00945	0.00815
129	0.01031	0.00884	0.00884	0.00884	0.01178	0.00736	0.00663	0.01252	0.01988	0.02356	0.08837	0.08395	0.63549	0.02209	0.01031	0.00295	0.00442	0.01841	0.00810	0.00736
130	0.06668	0.02272	0.15654	0.02023	0.07395	0.09633	0.01743	0.02204	0.01941	0.02604	0.03574	0.14323	0.10164	0.01645	0.00960	0.00311	0.00934	0.14363	0.00614	0.00974
131	0.03331	0.02258	0.02483	0.01922	0.02602	0.02451	0.01582	0.48491	0.07769	0.14436	0.02399	0.02307	0.01666	0.01061	0.00874	0.00265	0.00908	0.00813	0.00905	0.01477
132	0.01185	0.00877	0.01106	0.01075	0.01280	0.00798	0.00796	0.01541	0.02314	0.03191	0.48979	0.12947	0.16790	0.01945	0.01037	0.00285	0.00426	0.01708	0.00921	0.00798
133	0.01750	0.04512	0.64825	0.02486	0.03775	0.02026	0.03223	0.02762	0.01842	0.02762	0.01565	0.01842	0.01105	0.00829	0.00829	0.00276	0.01289	0.00645	0.00368	0.01289
134	0.02664	0.02115	0.02405	0.02250	0.09630	0.02329	0.01623	0.32297	0.22155	0.04391	0.02956	0.02893	0.06017	0.01137	0.00887	0.00274	0.00849	0.00919	0.00822	0.01389
135	0.01824	0.01737	0.02908	0.43587	0.23806	0.02029	0.02467	0.02360	0.01792	0.02414	0.01551	0.02246	0.01230	0.00887	0.01003	0.00287	0.05599	0.00775	0.00401	0.01097
136	0.01054	0.00878	0.00919	0.00922	0.01196	0.00744	0.00687	0.01291	0.02023	0.02469	0.14352	0.11155	0.54933	0.02190	0.01035	0.00295	0.00442	0.01845	0.00826	0.00744
137	0.02081	0.01971	0.03344	0.07895	0.56777	0.01989	0.02573	0.02594	0.01977	0.02804	0.01852	0.02723	0.01635	0.00900	0.00889	0.00271	0.01025	0.04923	0.00457	0.01321
138	0.02122	0.08328	0.37040	0.02371	0.06037	0.02257	0.02537	0.14991	0.02267	0.03213	0.01677	0.01976	0.01266	0.01247	0.04808	0.00339	0.05072	0.00692	0.00485	0.01273
139	0.01063	0.00759	0.01012	0.01215	0.01265	0.00709	0.00810	0.01215	0.01670	0.02227	0.04808	0.68775	0.05769	0.02733	0.01113	0.00354	0.00506	0.02480	0.00810	0.00709
140	0.03258	0.04157	0.02472	0.02247	0.02697	0.65843	0.01685	0.03483	0.02472	0.02135	0.01348	0.01573	0.01124	0.00899	0.00787	0.00225	0.01573	0.00562	0.00449	0.01011
141	0.05474	0.02350	0.13682	0.02863	0.22716	0.08317	0.01960	0.02472	0.02047	0.05771	0.07666	0.03682	0.15006	0.01192	0.00882	0.00268	0.00936	0.01004	0.00577	0.01133
142	0.02159	0.02073	0.03541	0.05354	0.63903	0.02073	0.02677	0.02677	0.01986	0.02850	0.01641	0.02159	0.01382	0.00777	0.00864	0.00259	0.01036	0.00777	0.00432	0.01382
143	0.01246	0.00935	0.01402	0.01402	0.01558	0.01090	0.01090	0.01558	0.01402	0.02025	0.02336	0.03427	0.02181	0.06542	0.65888	0.01402	0.02336	0.00935	0.00467	0.00779
144	0.02141	0.18581	0.12687	0.04017	0.40477	0.02394	0.02474	0.02674	0.01914	0.02647	0.01528	0.01932	0.01279	0.00777	0.00786	0.00244	0.01048	0.00684	0.00409	0.01306
145	0.02255	0.15035	0.07037	0.02521	0.15322	0.07957	0.01807	0.05540	0.04809	0.05499	0.01926	0.05278	0.01654	0.01061	0.01079	0.00263	0.10806	0.00788	0.08217	0.01147
146	0.01829	0.13411	0.56621	0.02351	0.03566	0.02220	0.02987	0.02742	0.01832	0.02666	0.01517	0.01781	0.01107	0.00818	0.00792	0.00264	0.01241	0.00620	0.00369	0.01266
147	0.02201	0.02392	0.04268	0.04237	0.28523	0.07534	0.32143	0.02805	0.02064	0.02761	0.01679	0.02208	0.01330	0.00766	0.00941	0.00274	0.01303	0.00887	0.00438	0.01246
148	0.01031	0.00884	0.00884	0.00884	0.01178	0.00736	0.00663	0.01252	0.01988	0.02356	0.08837	0.08395	0.63549	0.02209	0.01031	0.00295	0.00442	0.01841	0.00810	0.00736
149	0.01315	0.01036	0.01535	0.01495	0.01634	0.01256	0.01176	0.01614	0.01395	0.02033	0.02212	0.03268	0.02072	0.06017	0.59294	0.01295	0.09180	0.00917	0.00458	0.00797
150	0.01267	0.00850	0.00973	0.00973	0.00981	0.00858	0.00556	0.01283	0.01275	0.01708	0.02728	0.05597	0.03123	0.66269	0.07449	0.00873	0.00919	0.01252	0.00526	0.00541
151	0.02159	0.02073	0.03541	0.05354	0.63903	0.02073	0.02677	0.02677	0.01986	0.02850	0.01641	0.02159	0.01382	0.00777	0.00864	0.00259	0.01036	0.00777	0.00432	0.01382
152	0.01084	0.00768	0.01006	0.01187	0.01232	0.00723	0.00780	0.01220	0.01628	0.02171	0.04592	0.62177	0.05497	0.09702	0.01461	0.00406	0.00542	0.02353	0.00780	0.00690
153	0.01031	0.00884	0.00884	0.00884	0.01178	0.00736	0.00663	0.01252	0.01988	0.02356	0.08837	0.08395	0.63549	0.02209	0.01031	0.00295	0.00442	0.01841	0.00810	0.00736
154	0.03258	0.04157	0.02472	0.02247	0.02697	0.65843	0.01685	0.03483	0.02472	0.02135	0.01348	0.01573	0.01124	0.00899	0.00787	0.00225	0.01573	0.00562	0.00449	0.01011
155	0.01153	0.00797	0.00986	0.01100	0.01128	0.00768	0.00687	0.01238	0.01495	0.01993	0.03909	0.41243	0.04635	0.31813	0.02566	0.00569	0.00654	0.01951	0.00687	0.00630
156	0.03070	0.02311	0.02618	0.11638	0.03193	0.02592	0.01771	0.52319	0.03753	0.05015	0.02014	0.02128	0.01436	0.01021	0.00873	0.00266	0.00990	0.00784	0.00801	0.01407
157	0.30385	0.02068	0.04730	0.01580	0.02213	0.04980	0.01339	0.15488	0.08125	0.14640	0.02053	0.02054	0.01468	0.00940	0.00733	0.00262	0.00817	0.00673	0.00725	0.04727
158	0.01169	0.00802	0.00972	0.01076	0.01125	0.00769	0.00682	0.01276	0.01534	0.02070	0.04099	0.37823	0.07406	0.28949	0.02400	0.00538	0.00632	0.01892	0.04141	0.00644
159	0.75506	0.01687	0.01282	0.01147	0.01687	0.01957	0.00945	0.02564	0.01484	0.03914	0.01215	0.01417	0.00945	0.00810	0.00540	0.00270	0.00675	0.00472	0.00540	0.00945
160	0.01215	0.00823	0.00967	0.01020	0.01033	0.00810	0.00601	0.01255	0.01373	0.01830	0.03282	0.22046	0.03844	0.52089	0.03578	0.00718	0.00758	0.01582	0.00601	0.00575
161	0.02083	0.01995	0.03404	0.14491	0.55356	0.02053	0.02639	0.02611	0.01950	0.02758	0.01627	0.02184	0.01349	0.00791	0.00865	0.00264	0.01055	0.00777	0.00425	0.01321
162	0.01246	0.00935	0.01402	0.01402	0.01558	0.01090	0.01090	0.01558	0.01402	0.02025	0.02336	0.03427	0.02181	0.06542	0.65888	0.01402	0.02336	0.00935	0.00467	0.00779
163	0.01063	0.00759	0.01012	0.01215	0.01265	0.00709	0.00810	0.01215	0.01670	0.02227	0.04808	0.68775	0.05769	0.02733	0.01113	0.00354	0.00506	0.02480	0.00810	0.00709
164	0.02159	0.02073	0.03541	0.05354	0.63903	0.02073	0.02677	0.02677	0.01986	0.02850	0.01641	0.02159	0.01382	0.00777	0.00864	0.00259	0.01036	0.00777	0.00432	0.01382
165	0.01197	0.00832	0.00956	0.00999	0.01045	0.00804	0.00604	0.01255	0.01438	0.01883	0.03898	0.19402	0.10793	0.47352	0.03335	0.00677	0.00726	0.01592	0.00621	0.00591
166	0.01403	0.01181	0.01582	0.01537	0.01559	0.01427	0.01136	0.01537	0.01467	0.02068	0.03084	0.31906	0.03594	0.16440	0.02434	0.00468	0.24200	0.01620	0.00600	0.00757
167	0.01866	0.01407	0.01648	0.01374	0.01812	0.01344	0.01036	0.06303	0.14575	0.02738	0.02088	0.02652	0.01794	0.06426	0.01758	0.21001	0.00722	0.00756	0.00582	0.28118
168	0.18813	0.01390	0.01722	0.13090	0.08850	0.01485	0.01355	0.02281	0.05288	0.07300	0.03676	0.14569	0.13989	0.01450	0.00866	0.00293	0.00730	0.01216	0.00658	0.00979
169	0.05378	0.01580	0.01785	0.01550	0.01828	0.05854	0.03782	0.14316	0.02028	0.02773	0.02241	0.03654	0.02186	0.27444	0.16297	0.00728	0.04143	0.00976	0.00573	0.00885
170	0.02438	0.02513	0.03049	0.11482	0.35793	0.16900	0.02287	0.07120	0.04868	0.02838	0.01679	0.02086	0.01360	0.00854	0.00848	0.00257	0.01155	0.00737	0.00483	0.01255
171	0.31537	0.09768	0.06814	0.02028	0.08230	0.20161	0.01564	0.02952	0.04767	0.03018	0.01430	0.01649	0.01149	0.00844	0.00680	0.00249	0.01035	0.00563	0.00491	0.01070
172	0.02229	0.02338	0.03315	0.03059	0.13932	0.11474	0.21160	0.03311	0.18943	0.02992	0.06325	0.02735	0.02142	0.00962	0.00925	0.00277	0.01120	0.00941	0.00600	0.01222
173	0.01866	0.01323	0.04516	0.01685	0.08903	0.01094	0.01195	0.02237	0.02225	0.15941	0.21967	0.05674	0.24656	0.01617	0.00969	0.00279	0.00606	0.01381	0.00845	0.01021
174	0.01448	0.01231	0.01788	0.01672	0.01781	0.01572	0.01339	0.01723	0.01382	0.02048	0.01974	0.02965	0.01865	0.05015	0.46700	0.01091	0.22250	0.00882	0.00441	0.00832
175	0.01261	0.00877	0.01110	0.01110	0.01164	0.00932	0.00726	0.01370	0.01315	0.01809	0.02604	0.04907	0.02823	0.47282	0.26026	0.01041	0.01369	0.01151	0.00507	0.00616
176	0.02831	0.01820	0.02062	0.01734	0.02305	0.01960	0.01382	0.10947	0.37470	0.22388	0.03351	0.03035	0.02375	0.01136	0.00883	0.00284	0.00737	0.00930	0.00944	0.01424
177	0.01060	0.00768	0.01003	0.01191	0.01259	0.00711	0.00799	0.01217	0.01693	0.02236	0.05099	0.64404	0.09953	0.02695	0.01107	0.00350	0.00501	0.02434	0.00810	0.00711
178	0.01647	0.01550	0.02616	0.67248	0.06008	0.01938	0.02422	0.02229	0.01744	0.02229	0.01550	0.02326	0.01163	0.00872	0.00872	0.00291	0.01163	0.00775	0.00388	0.00969
179	0.01235	0.00892	0.01166	0.01097	0.01303	0.00823	0.00823	0.01646	0.02469	0.03498	0.63443	0.06516	0.08230	0.01783	0.01029	0.00274	0.00412	0.01578	0.00960	0.00823
180	0.01162	0.00889	0.01065	0.01021	0.01258	0.00792	0.00766	0.01505	0.02297	0.03089	0.43903	0.07188	0.28025	0.01936	0.01030	0.00282	0.00422	0.01672	0.00906	0.00792
181	0.01246	0.00935	0.01402	0.01402	0.01558	0.01090	0.01090	0.01558	0.01402	0.02025	0.02336	0.03427	0.02181	0.06542	0.65888	0.01402	0.02336	0.00935	0.00467	0.00779
182	0.01850	0.01703	0.02806	0.10728	0.41295	0.01727	0.02184	0.02321	0.01990	0.02772	0.08339	0.07321	0.05653	0.01168	0.00923	0.00280	0.00914	0.04308	0.00541	0.01178
183	0.01246	0.00935	0.01402	0.01402	0.01558	0.01090	0.01090	0.01558	0.01402	0.02025	0.02336	0.03427	0.02181	0.06542	0.65888	0.01402	0.02336	0.00935	0.00467	0.00779
184	0.01600	0.00821	0.00853	0.00853	0.01053	0.00832	0.00642	0.02001	0.01801	0.03170	0.02811	0.03264	0.02232	0.01388	0.04998	0.00284	0.00536	0.00821	0.69232	0.00811
185	0.01865	0.01692	0.02706	0.08408	0.38110	0.01721	0.02054	0.02489	0.06159	0.03039	0.18999	0.03460	0.03362	0.01092	0.00912	0.00268	0.00848	0.01014	0.00607	0.01196
186	0.01035	0.00869	0.00899	0.00922	0.01188	0.00733	0.00680	0.01247	0.01951	0.02341	0.08365	0.15465	0.56783	0.02270	0.01041	0.00302	0.00449	0.01916	0.00810	0.00733
187	0.01113	0.00955	0.00962	0.00948	0.01257	0.00840	0.00715	0.01497	0.06357	0.02450	0.08454	0.08023	0.59141	0.02135	0.01021	0.00295	0.00460	0.01779	0.00816	0.00783

[dist]
# distance from previous block
# <min> <max>
0	0

# created by:
# /home/cegg/simao/soft/augustus-3.2.1/scripts/msa2prfl.pl ./align_prep/12328.fa
