[name]
unknown

[dist]
# distance from previous block
# <min> <max>
0	15

[block]
# block no. 0 follows, 21 sequences, length 6
# corresponding to MSA columns:
# 15-20
name=unknown_A
#
# <colnr> <probs for GDERKNQSTAVLIFYWHMCP>
#	G	D	E	R	K	N	Q	S	T	A	V	L	I	F	Y	W	H	M	C	P
0	0.01147	0.00873	0.01035	0.01087	0.01270	0.00783	0.00777	0.01334	0.01708	0.02211	0.05353	0.28879	0.23308	0.13122	0.01557	0.00393	0.00567	0.07758	0.00725	0.06111
1	0.01166	0.00795	0.00949	0.01019	0.01037	0.00777	0.00613	0.01219	0.01377	0.01836	0.03396	0.28318	0.03995	0.46114	0.03177	0.00655	0.00707	0.01658	0.00613	0.00578
2	0.01141	0.00796	0.00996	0.01072	0.01134	0.00760	0.00696	0.01287	0.01645	0.02233	0.15747	0.34523	0.05209	0.26254	0.02214	0.00499	0.00592	0.01829	0.00722	0.00651
3	0.01072	0.00756	0.00977	0.01139	0.01180	0.00715	0.00741	0.01194	0.01560	0.02080	0.04335	0.58208	0.05180	0.14608	0.01661	0.00431	0.00552	0.02210	0.00741	0.00660
4	0.01378	0.00832	0.00948	0.00948	0.01107	0.00849	0.00683	0.01658	0.01605	0.02528	0.03272	0.04213	0.08946	0.15881	0.15300	0.00578	0.00881	0.01012	0.36658	0.00723
5	0.01941	0.01172	0.01414	0.01299	0.01638	0.01129	0.00986	0.06854	0.08584	0.16630	0.11143	0.24290	0.15788	0.01831	0.00970	0.00295	0.00575	0.01584	0.00876	0.01001

[dist]
# distance from previous block
# <min> <max>
0	1

[block]
# block no. 1 follows, 21 sequences, length 24
# corresponding to MSA columns:
# 22-45
name=unknown_B
#
# <colnr> <probs for GDERKNQSTAVLIFYWHMCP>
#	G	D	E	R	K	N	Q	S	T	A	V	L	I	F	Y	W	H	M	C	P
0	0.01169	0.00796	0.00948	0.01016	0.01032	0.00779	0.00609	0.01220	0.01371	0.01828	0.03366	0.27351	0.03957	0.47132	0.03226	0.00662	0.00712	0.01640	0.00609	0.00575
1	0.01176	0.00806	0.01044	0.04335	0.01402	0.00771	0.00814	0.01289	0.01618	0.02156	0.04628	0.37337	0.16257	0.02396	0.01405	0.13157	0.00547	0.01800	0.06400	0.00662
2	0.01996	0.01910	0.03256	0.19053	0.51813	0.01993	0.02557	0.02515	0.01886	0.02647	0.01581	0.02142	0.01301	0.00779	0.00844	0.00260	0.01038	0.00758	0.00412	0.01259
3	0.03192	0.03679	0.02444	0.02140	0.02633	0.52228	0.01638	0.16607	0.02770	0.02823	0.01480	0.01649	0.01175	0.00910	0.00786	0.00227	0.01400	0.00597	0.00532	0.01091
4	0.01687	0.00996	0.01178	0.01058	0.01409	0.00858	0.00820	0.01972	0.02162	0.16791	0.20538	0.06565	0.37108	0.01809	0.00971	0.00277	0.00490	0.01523	0.00884	0.00903
5	0.01021	0.00854	0.00873	0.00883	0.01140	0.00723	0.00646	0.01220	0.01881	0.02253	0.08060	0.11167	0.57715	0.06298	0.01211	0.00323	0.00458	0.01794	0.00774	0.00705
6	0.01713	0.00916	0.00929	0.00883	0.01118	0.00935	0.00674	0.06602	0.01955	0.03341	0.02720	0.03086	0.02125	0.00994	0.00615	0.00203	0.00438	0.00791	0.69119	0.00844
7	0.01820	0.24129	0.39267	0.02002	0.02965	0.02289	0.02379	0.02508	0.01724	0.02397	0.01513	0.01852	0.01209	0.01458	0.08704	0.00376	0.01276	0.00610	0.00372	0.01147
8	0.01094	0.00927	0.00952	0.00935	0.01229	0.00817	0.00704	0.01468	0.06043	0.02462	0.12231	0.07727	0.56332	0.02059	0.00996	0.00286	0.00445	0.01722	0.00806	0.00766
9	0.01973	0.01886	0.03213	0.22025	0.49025	0.01987	0.02545	0.02495	0.01875	0.02618	0.01577	0.02150	0.01291	0.00783	0.00845	0.00261	0.01044	0.00758	0.00410	0.01240
10	0.01707	0.04402	0.65683	0.02426	0.03683	0.01976	0.03144	0.02695	0.01797	0.02695	0.01527	0.01797	0.01078	0.00809	0.00809	0.00270	0.01258	0.00629	0.00359	0.01258
11	0.01037	0.00741	0.00987	0.01185	0.01234	0.00691	0.00790	0.01185	0.01629	0.02172	0.04690	0.69537	0.05629	0.02666	0.01086	0.00346	0.00494	0.02419	0.00790	0.00691
12	0.03218	0.02893	0.02511	0.02029	0.02637	0.22129	0.01626	0.44127	0.03517	0.04365	0.01822	0.01888	0.01340	0.00978	0.00826	0.00244	0.01119	0.00700	0.00726	0.01307
13	0.01261	0.00938	0.01282	0.01254	0.01352	0.01058	0.00914	0.01468	0.01410	0.01996	0.07565	0.04224	0.02875	0.26213	0.37219	0.01040	0.05667	0.01059	0.00511	0.00695
14	0.01845	0.02473	0.16784	0.02440	0.02821	0.02413	0.09384	0.02272	0.01497	0.02272	0.01281	0.01900	0.01130	0.01246	0.02140	0.00339	0.45606	0.00751	0.00377	0.01029
15	0.01773	0.03938	0.52329	0.02681	0.03852	0.02015	0.16033	0.02702	0.01843	0.02702	0.01570	0.01907	0.01125	0.00788	0.00852	0.00273	0.01297	0.00711	0.00375	0.01233
16	0.01238	0.00825	0.00928	0.00928	0.00928	0.00825	0.00516	0.01238	0.01238	0.01650	0.02681	0.05569	0.03094	0.70092	0.04331	0.00825	0.00825	0.01238	0.00516	0.00516
17	0.01617	0.02102	0.15302	0.02215	0.02696	0.01811	0.13669	0.02114	0.01566	0.02285	0.01756	0.02491	0.01523	0.03036	0.26031	0.00708	0.16855	0.00836	0.00413	0.00975
18	0.01858	0.01768	0.03006	0.36485	0.35463	0.01957	0.02488	0.02394	0.01820	0.02479	0.01557	0.02187	0.01242	0.00804	0.00847	0.00268	0.01072	0.00757	0.00400	0.01148
19	0.01371	0.00980	0.01371	0.01567	0.01763	0.00980	0.01371	0.01763	0.01959	0.02547	0.04506	0.09599	0.04898	0.02351	0.01175	0.00392	0.00784	0.59056	0.00784	0.00784
20	0.01037	0.00741	0.00987	0.01185	0.01234	0.00691	0.00790	0.01185	0.01629	0.02172	0.04690	0.69537	0.05629	0.02666	0.01086	0.00346	0.00494	0.02419	0.00790	0.00691
21	0.02064	0.01768	0.01885	0.01720	0.02181	0.02036	0.01349	0.04326	0.58899	0.03488	0.03538	0.03631	0.02761	0.01239	0.00888	0.00296	0.00681	0.05083	0.00860	0.01307
22	0.01937	0.01623	0.01806	0.01736	0.04806	0.01793	0.01300	0.08015	0.39040	0.03397	0.07391	0.04444	0.11436	0.01397	0.00917	0.00292	0.00670	0.05977	0.00831	0.01191
23	0.07648	0.03957	0.48082	0.02520	0.08282	0.09812	0.02749	0.02759	0.01856	0.02714	0.01481	0.01758	0.01090	0.00811	0.00785	0.00262	0.01225	0.00616	0.00387	0.01206

[dist]
# distance from previous block
# <min> <max>
3	5

[block]
# block no. 2 follows, 21 sequences, length 156
# corresponding to MSA columns:
# 51-206
name=unknown_C
#
# <colnr> <probs for GDERKNQSTAVLIFYWHMCP>
#	G	D	E	R	K	N	Q	S	T	A	V	L	I	F	Y	W	H	M	C	P
0	0.02366	0.02515	0.03202	0.04489	0.49726	0.17686	0.02377	0.02802	0.02053	0.02611	0.01532	0.01968	0.01287	0.00787	0.00824	0.00245	0.01138	0.00707	0.00425	0.01260
1	0.02106	0.02022	0.03454	0.05223	0.64784	0.02022	0.02612	0.02612	0.01938	0.02780	0.01601	0.02106	0.01348	0.00758	0.00842	0.00253	0.01011	0.00758	0.00421	0.01348
2	0.02418	0.02800	0.02240	0.02455	0.14304	0.35501	0.01591	0.02804	0.05041	0.02408	0.06738	0.03187	0.12701	0.01144	0.00843	0.00244	0.01129	0.00888	0.00548	0.01015
3	0.01216	0.00912	0.01368	0.01368	0.01520	0.01064	0.01064	0.01520	0.01368	0.01976	0.02279	0.03343	0.02127	0.06382	0.66720	0.01368	0.02279	0.00912	0.00456	0.00760
4	0.02057	0.01270	0.01440	0.01233	0.01668	0.01199	0.00975	0.10705	0.05827	0.17691	0.09758	0.05677	0.33772	0.01653	0.00941	0.00276	0.00583	0.01366	0.00874	0.01034
5	0.01081	0.00785	0.01057	0.04347	0.01428	0.00760	0.00841	0.01237	0.01599	0.02127	0.04366	0.60807	0.05196	0.08405	0.01355	0.00384	0.00553	0.02238	0.00747	0.00688
6	0.02110	0.51323	0.22290	0.01738	0.02621	0.02962	0.01948	0.02591	0.01749	0.02204	0.01283	0.01491	0.01088	0.00751	0.00622	0.00207	0.01011	0.00506	0.00363	0.01140
7	0.02990	0.02797	0.02695	0.02689	0.15242	0.21164	0.01827	0.32859	0.03120	0.03884	0.01741	0.01908	0.01325	0.00926	0.00825	0.00244	0.01126	0.00701	0.00644	0.01293
8	0.02449	0.02104	0.03031	0.07042	0.38170	0.02222	0.02205	0.21992	0.06046	0.03634	0.01845	0.02154	0.01440	0.00871	0.00847	0.00257	0.00974	0.00772	0.00584	0.01360
9	0.01347	0.01130	0.01247	0.01136	0.01519	0.01009	0.00856	0.01898	0.10511	0.02566	0.05520	0.16928	0.30351	0.01747	0.00912	0.00260	0.00523	0.01486	0.00734	0.18321
10	0.03008	0.03759	0.02478	0.02336	0.05459	0.57774	0.01709	0.03237	0.02287	0.02112	0.01310	0.01591	0.01110	0.00928	0.00958	0.00235	0.07703	0.00576	0.00432	0.00998
11	0.01194	0.00883	0.01189	0.01183	0.01322	0.00946	0.00869	0.01430	0.01504	0.02075	0.08862	0.04692	0.10340	0.19496	0.39028	0.01017	0.01564	0.01147	0.00554	0.00705
12	0.02077	0.01993	0.03402	0.08857	0.61376	0.02014	0.02597	0.02586	0.01924	0.02745	0.01596	0.02116	0.01336	0.00764	0.00843	0.00255	0.01018	0.00758	0.00419	0.01325
13	0.02922	0.03490	0.02670	0.02916	0.17689	0.48199	0.01877	0.05780	0.02367	0.02396	0.01417	0.01695	0.01173	0.00855	0.00789	0.00229	0.01382	0.00609	0.00452	0.01094
14	0.01993	0.01327	0.01530	0.01323	0.01660	0.01349	0.01000	0.16499	0.05452	0.09842	0.18875	0.08358	0.09627	0.15420	0.01624	0.00385	0.00672	0.01264	0.00818	0.00981
15	0.02300	0.02504	0.02813	0.03320	0.26171	0.20639	0.02047	0.02623	0.01866	0.02334	0.01415	0.01934	0.01249	0.01275	0.04600	0.00332	0.20365	0.00702	0.00414	0.01098
16	0.02478	0.01659	0.01952	0.01631	0.02088	0.01806	0.01303	0.26166	0.08790	0.12431	0.02483	0.02890	0.01964	0.07083	0.20588	0.00626	0.01271	0.00872	0.00743	0.01174
17	0.01204	0.00887	0.01010	0.01002	0.01075	0.00891	0.00640	0.01276	0.01436	0.01863	0.04160	0.10049	0.18005	0.45500	0.03234	0.00639	0.04518	0.01420	0.00592	0.00599
18	0.02190	0.02502	0.04406	0.03646	0.13664	0.11263	0.43918	0.02803	0.02055	0.02643	0.01645	0.02158	0.01273	0.00746	0.00945	0.00272	0.01382	0.00901	0.00430	0.01156
19	0.02275	0.70604	0.04459	0.01456	0.02184	0.03367	0.01456	0.02548	0.01729	0.02002	0.01183	0.01365	0.01092	0.00728	0.00546	0.00182	0.00910	0.00455	0.00364	0.01092
20	0.01226	0.00870	0.01154	0.01154	0.01232	0.00948	0.00797	0.01382	0.01304	0.01817	0.02475	0.04427	0.02598	0.37391	0.36355	0.01104	0.01572	0.01070	0.00485	0.00641
21	0.01037	0.00741	0.00987	0.01185	0.01234	0.00691	0.00790	0.01185	0.01629	0.02172	0.04690	0.69537	0.05629	0.02666	0.01086	0.00346	0.00494	0.02419	0.00790	0.00691
22	0.01338	0.01091	0.01602	0.01531	0.01655	0.01355	0.01214	0.01619	0.01356	0.01989	0.02060	0.03064	0.01937	0.05459	0.54650	0.01180	0.14789	0.00880	0.00440	0.00792
23	0.01038	0.00780	0.00962	0.01092	0.01214	0.00705	0.00752	0.01218	0.01756	0.02276	0.09097	0.49582	0.21486	0.02477	0.01060	0.00326	0.00472	0.02203	0.00798	0.00705
24	0.02420	0.02647	0.03244	0.04213	0.42337	0.21332	0.06134	0.02854	0.02084	0.02569	0.01523	0.01948	0.01269	0.00791	0.00830	0.00245	0.01195	0.00711	0.00427	0.01227
25	0.02117	0.01828	0.01924	0.01732	0.02213	0.02117	0.01347	0.04522	0.63246	0.03560	0.03464	0.03175	0.02598	0.01155	0.00866	0.00289	0.00673	0.00962	0.00866	0.01347
26	0.02604	0.41847	0.03637	0.01944	0.05873	0.26978	0.01592	0.02870	0.01996	0.02076	0.01256	0.01470	0.01108	0.00785	0.00646	0.00200	0.01149	0.00507	0.00395	0.01067
27	0.02355	0.03260	0.15006	0.02151	0.06120	0.34340	0.01807	0.02789	0.02259	0.02560	0.16178	0.02754	0.02736	0.01059	0.00836	0.00243	0.01182	0.00809	0.00538	0.01019
28	0.02275	0.70604	0.04459	0.01456	0.02184	0.03367	0.01456	0.02548	0.01729	0.02002	0.01183	0.01365	0.01092	0.00728	0.00546	0.00182	0.00910	0.00455	0.00364	0.01092
29	0.01225	0.00820	0.00932	0.00944	0.00948	0.00817	0.00533	0.01234	0.01262	0.01683	0.02809	0.09623	0.03255	0.65819	0.04126	0.00795	0.00804	0.01312	0.00533	0.00527
30	0.01180	0.00869	0.01104	0.01045	0.01256	0.00793	0.00784	0.01559	0.02352	0.03276	0.57519	0.06581	0.14931	0.01791	0.01004	0.00270	0.00405	0.01570	0.00919	0.00793
31	0.01037	0.00741	0.00987	0.01185	0.01234	0.00691	0.00790	0.01185	0.01629	0.02172	0.04690	0.69537	0.05629	0.02666	0.01086	0.00346	0.00494	0.02419	0.00790	0.00691
32	0.01216	0.00912	0.01368	0.01368	0.01520	0.01064	0.01064	0.01520	0.01368	0.01976	0.02279	0.03343	0.02127	0.06382	0.66720	0.01368	0.02279	0.00912	0.00456	0.00760
33	0.01140	0.00838	0.01067	0.01073	0.01247	0.00766	0.00781	0.01457	0.02163	0.02976	0.43069	0.21888	0.14349	0.02015	0.01024	0.00289	0.00427	0.01784	0.00883	0.00766
34	0.01216	0.00912	0.01368	0.01368	0.01520	0.01064	0.01064	0.01520	0.01368	0.01976	0.02279	0.03343	0.02127	0.06382	0.66720	0.01368	0.02279	0.00912	0.00456	0.00760
35	0.03818	0.01448	0.01975	0.01514	0.02172	0.01251	0.01251	0.04147	0.02436	0.65373	0.03357	0.02897	0.02107	0.01053	0.00856	0.00263	0.00724	0.00856	0.01053	0.01448
36	0.02106	0.02022	0.03454	0.05223	0.64784	0.02022	0.02612	0.02612	0.01938	0.02780	0.01601	0.02106	0.01348	0.00758	0.00842	0.00253	0.01011	0.00758	0.00421	0.01348
37	0.01478	0.00739	0.01109	0.01109	0.01109	0.00739	0.00739	0.01109	0.01109	0.01478	0.01478	0.02587	0.01478	0.02956	0.03326	0.75240	0.00739	0.00739	0.00370	0.00370
38	0.02325	0.66957	0.04347	0.01496	0.02209	0.06837	0.01466	0.02595	0.01767	0.02007	0.01190	0.01374	0.01092	0.00736	0.00558	0.00184	0.00944	0.00460	0.00368	0.01086
39	0.02695	0.01699	0.01941	0.01658	0.02199	0.01823	0.01314	0.04395	0.42586	0.24560	0.03428	0.03080	0.02431	0.01120	0.00862	0.00280	0.00691	0.00926	0.00930	0.01381
40	0.02275	0.70604	0.04459	0.01456	0.02184	0.03367	0.01456	0.02548	0.01729	0.02002	0.01183	0.01365	0.01092	0.00728	0.00546	0.00182	0.00910	0.00455	0.00364	0.01092
41	0.03235	0.02384	0.02554	0.01958	0.02639	0.02639	0.01618	0.61946	0.04001	0.05363	0.02043	0.02043	0.01447	0.01022	0.00851	0.00255	0.00936	0.00766	0.00851	0.01447
42	0.03179	0.04056	0.02412	0.02192	0.02631	0.66676	0.01644	0.03398	0.02412	0.02083	0.01315	0.01535	0.01096	0.00877	0.00767	0.00219	0.01535	0.00548	0.00438	0.00987
43	0.03179	0.04056	0.02412	0.02192	0.02631	0.66676	0.01644	0.03398	0.02412	0.02083	0.01315	0.01535	0.01096	0.00877	0.00767	0.00219	0.01535	0.00548	0.00438	0.00987
44	0.01037	0.00741	0.00987	0.01185	0.01234	0.00691	0.00790	0.01185	0.01629	0.02172	0.04690	0.69537	0.05629	0.02666	0.01086	0.00346	0.00494	0.02419	0.00790	0.00691
45	0.01006	0.00862	0.00862	0.00862	0.01149	0.00718	0.00647	0.01221	0.01940	0.02299	0.08621	0.08190	0.64438	0.02155	0.01006	0.00287	0.00431	0.01796	0.00790	0.00718
46	0.02344	0.01941	0.02052	0.01778	0.02299	0.02223	0.01402	0.16170	0.51229	0.03926	0.03176	0.02945	0.02364	0.01128	0.00863	0.00282	0.00727	0.00922	0.00863	0.01367
47	0.01173	0.00869	0.01094	0.01038	0.01252	0.00790	0.00778	0.01545	0.02335	0.03237	0.55540	0.06646	0.16934	0.01805	0.01004	0.00271	0.00406	0.01580	0.00914	0.00790
48	0.01238	0.00825	0.00928	0.00928	0.00928	0.00825	0.00516	0.01238	0.01238	0.01650	0.02681	0.05569	0.03094	0.70092	0.04331	0.00825	0.00825	0.01238	0.00516	0.00516
49	0.01607	0.01513	0.02552	0.68047	0.05861	0.01891	0.02363	0.02174	0.01702	0.02174	0.01513	0.02269	0.01134	0.00851	0.00851	0.00284	0.01134	0.00756	0.00378	0.00945
50	0.01707	0.04402	0.65683	0.02426	0.03683	0.01976	0.03144	0.02695	0.01797	0.02695	0.01527	0.01797	0.01078	0.00809	0.00809	0.00270	0.01258	0.00629	0.00359	0.01258
51	0.01204	0.00870	0.01138	0.01071	0.01271	0.00803	0.00803	0.01606	0.02409	0.03413	0.64335	0.06357	0.08030	0.01740	0.01004	0.00268	0.00401	0.01539	0.00937	0.00803
52	0.03171	0.15944	0.12573	0.01647	0.02414	0.01795	0.01592	0.03593	0.02191	0.42589	0.02626	0.02412	0.01738	0.00949	0.00785	0.00248	0.00846	0.00739	0.00804	0.01346
53	0.01607	0.01513	0.02552	0.68047	0.05861	0.01891	0.02363	0.02174	0.01702	0.02174	0.01513	0.02269	0.01134	0.00851	0.00851	0.00284	0.01134	0.00756	0.00378	0.00945
54	0.01019	0.00863	0.00880	0.00876	0.01157	0.00724	0.00657	0.01246	0.01970	0.02371	0.12215	0.08072	0.60800	0.02128	0.01006	0.00286	0.00429	0.01779	0.00800	0.00724
55	0.01016	0.00823	0.00903	0.00967	0.01177	0.00710	0.00693	0.01210	0.01839	0.02258	0.07349	0.28042	0.45408	0.02321	0.01032	0.00306	0.00451	0.01998	0.00790	0.00710
56	0.05514	0.02503	0.17386	0.01856	0.02564	0.06046	0.01763	0.03840	0.28343	0.17034	0.02738	0.02599	0.01954	0.01015	0.00829	0.00273	0.00881	0.00810	0.00743	0.01307
57	0.01743	0.08597	0.61803	0.02364	0.03588	0.02065	0.03037	0.02686	0.01792	0.02651	0.01505	0.01769	0.01079	0.00803	0.00792	0.00264	0.01236	0.00618	0.00360	0.01247
58	0.02568	0.02979	0.02716	0.02938	0.17583	0.33956	0.01937	0.02848	0.02002	0.02242	0.01332	0.01760	0.01163	0.01011	0.01325	0.00268	0.19244	0.00651	0.00417	0.01059
59	0.02287	0.02924	0.12772	0.03741	0.28403	0.17705	0.14440	0.02838	0.02046	0.02588	0.01545	0.01960	0.01235	0.00786	0.00852	0.00254	0.01260	0.00738	0.00418	0.01206
60	0.01013	0.00833	0.00892	0.00940	0.01170	0.00712	0.00681	0.01212	0.01865	0.02268	0.07669	0.23053	0.50190	0.02279	0.01025	0.00301	0.00446	0.01947	0.00790	0.00712
61	0.02106	0.02022	0.03454	0.05223	0.64784	0.02022	0.02612	0.02612	0.01938	0.02780	0.01601	0.02106	0.01348	0.00758	0.00842	0.00253	0.01011	0.00758	0.00421	0.01348
62	0.01020	0.00805	0.00922	0.01015	0.01190	0.00706	0.00715	0.01204	0.01793	0.02239	0.06758	0.37260	0.36571	0.02397	0.01044	0.00315	0.00461	0.02091	0.00790	0.00706
63	0.02335	0.40367	0.03391	0.01558	0.02234	0.15668	0.01386	0.02622	0.01876	0.02205	0.01290	0.01496	0.01134	0.00735	0.00611	0.00176	0.00969	0.00486	0.00413	0.19048
64	0.01238	0.00825	0.00928	0.00928	0.00928	0.00825	0.00516	0.01238	0.01238	0.01650	0.02681	0.05569	0.03094	0.70092	0.04331	0.00825	0.00825	0.01238	0.00516	0.00516
65	0.01216	0.00912	0.01368	0.01368	0.01520	0.01064	0.01064	0.01520	0.01368	0.01976	0.02279	0.03343	0.02127	0.06382	0.66720	0.01368	0.02279	0.00912	0.00456	0.00760
66	0.01536	0.01323	0.01369	0.01277	0.01657	0.01386	0.00981	0.02796	0.31194	0.02901	0.06160	0.05797	0.34930	0.01678	0.00939	0.00288	0.00547	0.01398	0.00826	0.01018
67	0.01226	0.00820	0.00932	0.00943	0.00946	0.00817	0.00532	0.01235	0.01260	0.01680	0.02798	0.09269	0.03240	0.66193	0.04144	0.00797	0.00806	0.01306	0.00532	0.00526
68	0.03179	0.04056	0.02412	0.02192	0.02631	0.66676	0.01644	0.03398	0.02412	0.02083	0.01315	0.01535	0.01096	0.00877	0.00767	0.00219	0.01535	0.00548	0.00438	0.00987
69	0.01054	0.00864	0.00929	0.00913	0.01179	0.00739	0.00684	0.01314	0.02053	0.02569	0.22119	0.07746	0.50772	0.02055	0.01005	0.00283	0.00424	0.01734	0.00826	0.00739
70	0.02275	0.70604	0.04459	0.01456	0.02184	0.03367	0.01456	0.02548	0.01729	0.02002	0.01183	0.01365	0.01092	0.00728	0.00546	0.00182	0.00910	0.00455	0.00364	0.01092
71	0.02810	0.03450	0.03069	0.02846	0.10603	0.45678	0.13943	0.03166	0.02272	0.02299	0.01433	0.01759	0.01167	0.00830	0.00825	0.00237	0.01450	0.00666	0.00435	0.01063
72	0.03454	0.01430	0.01889	0.01473	0.02081	0.01269	0.01208	0.07066	0.02493	0.54352	0.07521	0.03378	0.06056	0.01160	0.00874	0.00265	0.00698	0.00949	0.01019	0.01364
73	0.02106	0.02022	0.03454	0.05223	0.64784	0.02022	0.02612	0.02612	0.01938	0.02780	0.01601	0.02106	0.01348	0.00758	0.00842	0.00253	0.01011	0.00758	0.00421	0.01348
74	0.05619	0.35637	0.33517	0.01902	0.02873	0.02632	0.02235	0.02616	0.01748	0.02422	0.01347	0.01572	0.01077	0.00769	0.00670	0.00228	0.01064	0.00538	0.00370	0.01163
75	0.01085	0.00761	0.00973	0.01123	0.01160	0.00724	0.00724	0.01198	0.01534	0.02046	0.04204	0.54039	0.05014	0.19002	0.01872	0.00462	0.00574	0.02133	0.00724	0.00649
76	0.01586	0.00793	0.00793	0.00793	0.00991	0.00793	0.00595	0.01983	0.01785	0.03173	0.02776	0.03173	0.02181	0.00991	0.00595	0.00198	0.00397	0.00793	0.74817	0.00793
77	0.03184	0.03901	0.02425	0.02171	0.02632	0.60757	0.01642	0.08809	0.02559	0.02386	0.01383	0.01582	0.01129	0.00890	0.00775	0.00223	0.01479	0.00568	0.00477	0.01029
78	0.01871	0.01328	0.01470	0.01297	0.01527	0.01406	0.00910	0.21196	0.02193	0.02933	0.02709	0.11969	0.02852	0.39409	0.02803	0.00581	0.00823	0.01222	0.00658	0.00843
79	0.01108	0.00826	0.01047	0.01197	0.01338	0.00766	0.00892	0.01330	0.01782	0.02291	0.05599	0.40595	0.19705	0.02468	0.01088	0.00342	0.00547	0.15572	0.00789	0.00720
80	0.03179	0.04056	0.02412	0.02192	0.02631	0.66676	0.01644	0.03398	0.02412	0.02083	0.01315	0.01535	0.01096	0.00877	0.00767	0.00219	0.01535	0.00548	0.00438	0.00987
81	0.01054	0.00864	0.00929	0.00913	0.01179	0.00739	0.00684	0.01314	0.02053	0.02569	0.22119	0.07746	0.50772	0.02055	0.01005	0.00283	0.00424	0.01734	0.00826	0.00739
82	0.02084	0.01815	0.02220	0.02499	0.16842	0.02020	0.01602	0.03930	0.45387	0.03355	0.02987	0.02924	0.02281	0.01052	0.00845	0.00275	0.00737	0.00905	0.04922	0.01316
83	0.02742	0.02139	0.02276	0.01858	0.02451	0.02409	0.01498	0.36634	0.30116	0.04568	0.02669	0.02542	0.01954	0.01080	0.00858	0.00270	0.00821	0.00853	0.00858	0.01403
84	0.01037	0.00741	0.00987	0.01185	0.01234	0.00691	0.00790	0.01185	0.01629	0.02172	0.04690	0.69537	0.05629	0.02666	0.01086	0.00346	0.00494	0.02419	0.00790	0.00691
85	0.01765	0.01513	0.01765	0.01260	0.02017	0.01134	0.01008	0.02143	0.01765	0.02773	0.01513	0.01765	0.01260	0.00630	0.00630	0.00126	0.00630	0.00504	0.00504	0.75295
86	0.01094	0.00785	0.01039	0.01146	0.01247	0.00729	0.00794	0.01328	0.01894	0.02594	0.24977	0.48047	0.06445	0.02351	0.01058	0.00319	0.00462	0.02120	0.00840	0.00729
87	0.01044	0.00874	0.00916	0.00936	0.01214	0.00746	0.00723	0.01278	0.01942	0.02325	0.08188	0.08338	0.58173	0.02176	0.01024	0.00298	0.00468	0.07822	0.00790	0.00725
88	0.01037	0.00741	0.00987	0.01185	0.01234	0.00691	0.00790	0.01185	0.01629	0.02172	0.04690	0.69537	0.05629	0.02666	0.01086	0.00346	0.00494	0.02419	0.00790	0.00691
89	0.01216	0.00912	0.01368	0.01368	0.01520	0.01064	0.01064	0.01520	0.01368	0.01976	0.02279	0.03343	0.02127	0.06382	0.66720	0.01368	0.02279	0.00912	0.00456	0.00760
90	0.01204	0.00870	0.01138	0.01071	0.01271	0.00803	0.00803	0.01606	0.02409	0.03413	0.64335	0.06357	0.08030	0.01740	0.01004	0.00268	0.00401	0.01539	0.00937	0.00803
91	0.03235	0.02384	0.02554	0.01958	0.02639	0.02639	0.01618	0.61946	0.04001	0.05363	0.02043	0.02043	0.01447	0.01022	0.00851	0.00255	0.00936	0.00766	0.00851	0.01447
92	0.03235	0.02384	0.02554	0.01958	0.02639	0.02639	0.01618	0.61946	0.04001	0.05363	0.02043	0.02043	0.01447	0.01022	0.00851	0.00255	0.00936	0.00766	0.00851	0.01447
93	0.01180	0.00869	0.01104	0.01045	0.01256	0.00793	0.00784	0.01559	0.02352	0.03276	0.57519	0.06581	0.14931	0.01791	0.01004	0.00270	0.00405	0.01570	0.00919	0.00793
94	0.01862	0.01862	0.02607	0.02234	0.02234	0.02607	0.01862	0.02048	0.01303	0.02048	0.01117	0.01862	0.01117	0.01489	0.02793	0.00372	0.68535	0.00745	0.00372	0.00931
95	0.02082	0.01997	0.03410	0.08300	0.61898	0.02016	0.02600	0.02590	0.01926	0.02751	0.01596	0.02114	0.01338	0.00763	0.00843	0.00254	0.01017	0.00758	0.00419	0.01328
96	0.02082	0.01997	0.03411	0.08258	0.61938	0.02016	0.02600	0.02591	0.01926	0.02751	0.01596	0.02114	0.01338	0.00763	0.00843	0.00254	0.01017	0.00758	0.00419	0.01329
97	0.02106	0.02022	0.03454	0.05223	0.64784	0.02022	0.02612	0.02612	0.01938	0.02780	0.01601	0.02106	0.01348	0.00758	0.00842	0.00253	0.01011	0.00758	0.00421	0.01348
98	0.01216	0.00912	0.01368	0.01368	0.01520	0.01064	0.01064	0.01520	0.01368	0.01976	0.02279	0.03343	0.02127	0.06382	0.66720	0.01368	0.02279	0.00912	0.00456	0.00760
99	0.06585	0.13858	0.02660	0.02031	0.02516	0.54095	0.01581	0.03228	0.02263	0.02155	0.01289	0.01502	0.01087	0.00851	0.00723	0.00216	0.01399	0.00530	0.00432	0.00999
100	0.03008	0.02271	0.02426	0.01912	0.02553	0.02533	0.01563	0.50298	0.16018	0.04998	0.02331	0.02273	0.01681	0.01049	0.00854	0.00262	0.00883	0.00806	0.00854	0.01427
101	0.01044	0.00746	0.00994	0.01180	0.01236	0.00696	0.00791	0.01204	0.01664	0.02228	0.07374	0.66694	0.05737	0.02624	0.01082	0.00342	0.00490	0.02380	0.00797	0.00696
102	0.01055	0.00748	0.00982	0.01161	0.01206	0.00704	0.00765	0.01190	0.01593	0.02124	0.04505	0.63625	0.05394	0.08898	0.01386	0.00390	0.00524	0.02310	0.00765	0.00675
103	0.01469	0.01330	0.02343	0.01961	0.02262	0.01457	0.15795	0.01845	0.01510	0.02146	0.02060	0.03078	0.01886	0.08142	0.41381	0.00983	0.08116	0.00937	0.00445	0.00856
104	0.02106	0.02022	0.03454	0.05223	0.64784	0.02022	0.02612	0.02612	0.01938	0.02780	0.01601	0.02106	0.01348	0.00758	0.00842	0.00253	0.01011	0.00758	0.00421	0.01348
105	0.01791	0.01099	0.01303	0.01183	0.01481	0.01056	0.00875	0.02331	0.10654	0.14623	0.17398	0.08467	0.16487	0.15519	0.01635	0.00391	0.00598	0.01360	0.00827	0.00922
106	0.01094	0.00776	0.01009	0.01131	0.01204	0.00729	0.00759	0.01273	0.01732	0.02348	0.15966	0.49507	0.05782	0.10736	0.01467	0.00389	0.00516	0.02105	0.00785	0.00691
107	0.02908	0.03136	0.02280	0.01985	0.02459	0.39231	0.01535	0.19739	0.02743	0.03015	0.01966	0.02169	0.04366	0.01489	0.06898	0.00339	0.01380	0.00704	0.00574	0.01083
108	0.03235	0.02384	0.02554	0.01958	0.02639	0.02639	0.01618	0.61946	0.04001	0.05363	0.02043	0.02043	0.01447	0.01022	0.00851	0.00255	0.00936	0.00766	0.00851	0.01447
109	0.09955	0.02749	0.02397	0.01941	0.02545	0.19163	0.01560	0.41283	0.03353	0.04371	0.01775	0.01850	0.01308	0.00963	0.00800	0.00247	0.01066	0.00681	0.00714	0.01279
110	0.02106	0.02022	0.03454	0.05223	0.64784	0.02022	0.02612	0.02612	0.01938	0.02780	0.01601	0.02106	0.01348	0.00758	0.00842	0.00253	0.01011	0.00758	0.00421	0.01348
111	0.02275	0.70604	0.04459	0.01456	0.02184	0.03367	0.01456	0.02548	0.01729	0.02002	0.01183	0.01365	0.01092	0.00728	0.00546	0.00182	0.00910	0.00455	0.00364	0.01092
112	0.01105	0.00866	0.00999	0.00966	0.01210	0.00760	0.00724	0.01412	0.02173	0.02853	0.36314	0.07279	0.36400	0.01949	0.01005	0.00278	0.00416	0.01668	0.00863	0.00760
113	0.02030	0.01944	0.03316	0.14860	0.55745	0.02002	0.02574	0.02545	0.01902	0.02687	0.01587	0.02131	0.01315	0.00772	0.00844	0.00257	0.01030	0.00758	0.00415	0.01286
114	0.01006	0.00862	0.00862	0.00862	0.01149	0.00718	0.00647	0.01221	0.01940	0.02299	0.08621	0.08190	0.64438	0.02155	0.01006	0.00287	0.00431	0.01796	0.00790	0.00718
115	0.20889	0.02205	0.02238	0.01755	0.02398	0.02462	0.01449	0.47544	0.03383	0.04989	0.01835	0.01883	0.01320	0.00965	0.00773	0.00257	0.00869	0.00692	0.00773	0.01320
116	0.03179	0.04056	0.02412	0.02192	0.02631	0.66676	0.01644	0.03398	0.02412	0.02083	0.01315	0.01535	0.01096	0.00877	0.00767	0.00219	0.01535	0.00548	0.00438	0.00987
117	0.03818	0.01448	0.01975	0.01514	0.02172	0.01251	0.01251	0.04147	0.02436	0.65373	0.03357	0.02897	0.02107	0.01053	0.00856	0.00263	0.00724	0.00856	0.01053	0.01448
118	0.01238	0.00825	0.00928	0.00928	0.00928	0.00825	0.00516	0.01238	0.01238	0.01650	0.02681	0.05569	0.03094	0.70092	0.04331	0.00825	0.00825	0.01238	0.00516	0.00516
119	0.01668	0.01575	0.02663	0.60361	0.13070	0.01907	0.02394	0.02228	0.01731	0.02248	0.01523	0.02249	0.01161	0.00839	0.00850	0.00280	0.01119	0.00757	0.00383	0.00995
120	0.01216	0.00912	0.01368	0.01368	0.01520	0.01064	0.01064	0.01520	0.01368	0.01976	0.02279	0.03343	0.02127	0.06382	0.66720	0.01368	0.02279	0.00912	0.00456	0.00760
121	0.13505	0.03546	0.02262	0.02017	0.02492	0.51058	0.01539	0.09170	0.02435	0.02659	0.01370	0.01564	0.01107	0.00879	0.00742	0.00229	0.01350	0.00558	0.00493	0.01024
122	0.76103	0.01646	0.01251	0.01119	0.01646	0.01909	0.00922	0.02502	0.01448	0.03818	0.01185	0.01382	0.00922	0.00790	0.00527	0.00263	0.00658	0.00461	0.00527	0.00922
123	0.02275	0.70604	0.04459	0.01456	0.02184	0.03367	0.01456	0.02548	0.01729	0.02002	0.01183	0.01365	0.01092	0.00728	0.00546	0.00182	0.00910	0.00455	0.00364	0.01092
124	0.01371	0.00980	0.01371	0.01567	0.01763	0.00980	0.01371	0.01763	0.01959	0.02547	0.04506	0.09599	0.04898	0.02351	0.01175	0.00392	0.00784	0.59056	0.00784	0.00784
125	0.01216	0.00912	0.01368	0.01368	0.01520	0.01064	0.01064	0.01520	0.01368	0.01976	0.02279	0.03343	0.02127	0.06382	0.66720	0.01368	0.02279	0.00912	0.00456	0.00760
126	0.01570	0.00799	0.00819	0.00819	0.01015	0.00805	0.00616	0.01962	0.01766	0.03119	0.02754	0.03180	0.02179	0.01234	0.03570	0.00251	0.00481	0.00799	0.71471	0.00792
127	0.01216	0.00912	0.01368	0.01368	0.01520	0.01064	0.01064	0.01520	0.01368	0.01976	0.02279	0.03343	0.02127	0.06382	0.66720	0.01368	0.02279	0.00912	0.00456	0.00760
128	0.02224	0.64645	0.09971	0.01543	0.02319	0.03242	0.01608	0.02561	0.01735	0.02065	0.01214	0.01404	0.01091	0.00735	0.00570	0.00190	0.00941	0.00471	0.00364	0.01107
129	0.01295	0.01028	0.01519	0.01474	0.01607	0.01252	0.01161	0.01584	0.01360	0.01984	0.02137	0.03162	0.02004	0.05784	0.58899	0.01246	0.10385	0.00891	0.00446	0.00781
130	0.01006	0.00862	0.00862	0.00862	0.01149	0.00718	0.00647	0.01221	0.01940	0.02299	0.08621	0.08190	0.64438	0.02155	0.01006	0.00287	0.00431	0.01796	0.00790	0.00718
131	0.01524	0.00941	0.01240	0.01125	0.01382	0.00858	0.00858	0.01917	0.02412	0.10993	0.56875	0.05934	0.07305	0.01656	0.00986	0.00267	0.00441	0.01455	0.00951	0.00882
132	0.01738	0.08030	0.62327	0.02372	0.03601	0.02053	0.03052	0.02687	0.01793	0.02657	0.01508	0.01773	0.01079	0.00804	0.00794	0.00265	0.01239	0.00619	0.00360	0.01249
133	0.01478	0.00739	0.01109	0.01109	0.01109	0.00739	0.00739	0.01109	0.01109	0.01478	0.01478	0.02587	0.01478	0.02956	0.03326	0.75240	0.00739	0.00739	0.00370	0.00370
134	0.01126	0.00867	0.01029	0.00989	0.01223	0.00770	0.00741	0.01455	0.02224	0.02975	0.42419	0.07078	0.30219	0.01903	0.01005	0.00275	0.00413	0.01640	0.00879	0.00770
135	0.01707	0.04402	0.65683	0.02426	0.03683	0.01976	0.03144	0.02695	0.01797	0.02695	0.01527	0.01797	0.01078	0.00809	0.00809	0.00270	0.01258	0.00629	0.00359	0.01258
136	0.03185	0.01308	0.01772	0.01407	0.01954	0.01142	0.01142	0.03532	0.02429	0.50362	0.18130	0.03735	0.03542	0.01220	0.00892	0.00264	0.00646	0.01021	0.01025	0.01292
137	0.01862	0.01862	0.02607	0.02234	0.02234	0.02607	0.01862	0.02048	0.01303	0.02048	0.01117	0.01862	0.01117	0.01489	0.02793	0.00372	0.68535	0.00745	0.00372	0.00931
138	0.01615	0.01499	0.02134	0.01904	0.01962	0.02018	0.01557	0.01846	0.01328	0.02020	0.01560	0.02427	0.01503	0.03356	0.27177	0.00752	0.43263	0.00808	0.00404	0.00866
139	0.01216	0.00912	0.01368	0.01368	0.01520	0.01064	0.01064	0.01520	0.01368	0.01976	0.02279	0.03343	0.02127	0.06382	0.66720	0.01368	0.02279	0.00912	0.00456	0.00760
140	0.01238	0.00825	0.00928	0.00928	0.00928	0.00825	0.00516	0.01238	0.01238	0.01650	0.02681	0.05569	0.03094	0.70092	0.04331	0.00825	0.00825	0.01238	0.00516	0.00516
141	0.02368	0.01886	0.02016	0.01752	0.02271	0.02143	0.01380	0.12628	0.51529	0.07203	0.03257	0.03000	0.02408	0.01130	0.00863	0.00283	0.00713	0.00929	0.00874	0.01367
142	0.01989	0.01902	0.03242	0.19981	0.50943	0.01991	0.02553	0.02509	0.01882	0.02638	0.01580	0.02144	0.01298	0.00780	0.00844	0.00260	0.01040	0.00758	0.00411	0.01253
143	0.09200	0.01349	0.01656	0.01388	0.01852	0.01296	0.01091	0.03301	0.08572	0.36476	0.03118	0.03770	0.02437	0.15129	0.01554	0.00388	0.00737	0.04665	0.00861	0.01160
144	0.01260	0.01039	0.01142	0.01139	0.01331	0.04938	0.00831	0.01562	0.02153	0.02867	0.37866	0.21622	0.15134	0.01969	0.01009	0.00286	0.00500	0.01727	0.00849	0.00775
145	0.01322	0.00985	0.01237	0.01334	0.01486	0.01007	0.00966	0.05133	0.08460	0.02528	0.04235	0.49010	0.04772	0.02615	0.05216	0.00403	0.00677	0.07015	0.00780	0.00818
146	0.01122	0.00811	0.01074	0.05436	0.01459	0.00801	0.00825	0.01262	0.01539	0.02046	0.03999	0.49700	0.04725	0.18885	0.01857	0.00458	0.00615	0.02026	0.00697	0.00665
147	0.01410	0.00932	0.01202	0.01265	0.01493	0.00865	0.01011	0.01710	0.01988	0.07875	0.12932	0.20017	0.18748	0.02180	0.01070	0.00332	0.00593	0.22738	0.00829	0.00810
148	0.02107	0.02010	0.03357	0.05002	0.60818	0.02028	0.02532	0.02733	0.05823	0.02830	0.01719	0.02174	0.01427	0.00783	0.00844	0.00255	0.00990	0.00771	0.00449	0.01348
149	0.02058	0.02073	0.02975	0.19828	0.38894	0.09765	0.02334	0.02531	0.01901	0.02497	0.01589	0.02156	0.01316	0.01158	0.05085	0.00328	0.01186	0.00742	0.00415	0.01169
150	0.01179	0.01011	0.01051	0.01146	0.01320	0.04900	0.00822	0.01372	0.01817	0.02236	0.05974	0.38319	0.27863	0.02339	0.01040	0.00318	0.00552	0.05248	0.00767	0.00726
151	0.01267	0.01052	0.05032	0.01023	0.01103	0.00898	0.00682	0.01330	0.01273	0.01716	0.02608	0.05330	0.02966	0.65702	0.04108	0.00790	0.00852	0.01199	0.00506	0.00563
152	0.02261	0.02098	0.02647	0.02186	0.02689	0.11561	0.14742	0.18213	0.02510	0.03197	0.02488	0.04010	0.02278	0.01902	0.08905	0.00424	0.01261	0.14925	0.00632	0.01068
153	0.06592	0.01287	0.01913	0.02398	0.20350	0.01320	0.01369	0.05505	0.01563	0.02266	0.01532	0.02330	0.01401	0.02034	0.02243	0.43148	0.00828	0.00729	0.00426	0.00767
154	0.01897	0.01808	0.03076	0.31599	0.40046	0.01967	0.02507	0.02428	0.01839	0.02526	0.01564	0.02175	0.01258	0.00797	0.00846	0.00266	0.01063	0.00757	0.00403	0.01179
155	0.02120	0.02211	0.02706	0.03668	0.37978	0.15572	0.02002	0.02520	0.02084	0.02634	0.08297	0.03105	0.09382	0.01041	0.00861	0.00251	0.00997	0.00910	0.00517	0.01145

[dist]
# distance from previous block
# <min> <max>
0	431

# created by:
# /home/cegg/simao/soft/augustus-3.2.1/scripts/msa2prfl.pl ./align_prep/12332.fa
