[name]
unknown

[dist]
# distance from previous block
# <min> <max>
0	34

[block]
# block no. 0 follows, 22 sequences, length 167
# corresponding to MSA columns:
# 34-200
name=unknown_A
#
# <colnr> <probs for GDERKNQSTAVLIFYWHMCP>
#	G	D	E	R	K	N	Q	S	T	A	V	L	I	F	Y	W	H	M	C	P
0	0.02200	0.02700	0.32891	0.01918	0.02741	0.01503	0.02137	0.02845	0.01973	0.21323	0.02668	0.03775	0.02183	0.01197	0.00883	0.00288	0.00971	0.13981	0.00643	0.01179
1	0.01805	0.03875	0.55171	0.02563	0.06815	0.01914	0.07889	0.02694	0.01807	0.05537	0.01592	0.01859	0.01129	0.00790	0.00809	0.00263	0.01206	0.00661	0.00391	0.01232
2	0.02390	0.01875	0.05829	0.03699	0.40821	0.01718	0.02089	0.02922	0.04499	0.18382	0.02440	0.02607	0.05128	0.00906	0.00834	0.00253	0.00884	0.00823	0.00598	0.01301
3	0.01012	0.00723	0.00964	0.01157	0.01205	0.00675	0.00771	0.01157	0.01591	0.02121	0.04579	0.70262	0.05495	0.02603	0.01060	0.00337	0.00482	0.02362	0.00771	0.00675
4	0.01652	0.01524	0.02056	0.11449	0.02416	0.04546	0.01565	0.01937	0.01434	0.02109	0.01594	0.02345	0.01438	0.02471	0.18151	0.00568	0.33327	0.00766	0.07793	0.00859
5	0.01666	0.04297	0.66500	0.02368	0.03596	0.01929	0.03069	0.02631	0.01754	0.02631	0.01491	0.01754	0.01052	0.00789	0.00789	0.00263	0.01228	0.00614	0.00351	0.01228
6	0.02566	0.02852	0.02488	0.08778	0.15561	0.34717	0.01803	0.09153	0.02260	0.02507	0.01526	0.01904	0.01259	0.01375	0.07368	0.00341	0.01368	0.00653	0.00463	0.01057
7	0.01832	0.01854	0.02418	0.02098	0.02137	0.06175	0.01731	0.02027	0.01341	0.01995	0.01210	0.01937	0.01183	0.01874	0.08774	0.00447	0.58966	0.00731	0.00375	0.00896
8	0.01208	0.00805	0.00906	0.00906	0.00906	0.00805	0.00503	0.01208	0.01208	0.01611	0.02618	0.05436	0.03020	0.70804	0.04228	0.00805	0.00805	0.01208	0.00503	0.00503
9	0.01208	0.00805	0.00906	0.00906	0.00906	0.00805	0.00503	0.01208	0.01208	0.01611	0.02618	0.05436	0.03020	0.70804	0.04228	0.00805	0.00805	0.01208	0.00503	0.00503
10	0.19228	0.29843	0.02884	0.01624	0.02182	0.27612	0.01375	0.02796	0.01882	0.02382	0.01205	0.01400	0.01030	0.00780	0.00612	0.00209	0.01067	0.00480	0.00419	0.00989
11	0.06322	0.01881	0.03120	0.14062	0.53255	0.01949	0.02419	0.02482	0.01831	0.02688	0.01527	0.02038	0.01262	0.00755	0.00806	0.00252	0.00984	0.00723	0.00411	0.01235
12	0.01193	0.00865	0.01209	0.01209	0.01313	0.00970	0.00881	0.01402	0.01298	0.01835	0.02341	0.03904	0.02355	0.25252	0.48871	0.01179	0.01807	0.00984	0.00462	0.00672
13	0.01027	0.00849	0.00904	0.00906	0.01171	0.00726	0.00691	0.01270	0.01954	0.02398	0.15499	0.07842	0.54490	0.02062	0.00991	0.00284	0.00436	0.04994	0.00789	0.00716
14	0.02056	0.01974	0.03372	0.05099	0.65622	0.01974	0.02550	0.02550	0.01892	0.02714	0.01563	0.02056	0.01316	0.00740	0.00822	0.00247	0.00987	0.00740	0.00411	0.01316
15	0.01339	0.00956	0.01339	0.01530	0.01721	0.00956	0.01339	0.01721	0.01912	0.02486	0.04399	0.09371	0.04781	0.02295	0.01147	0.00382	0.00765	0.60031	0.00765	0.00765
16	0.02734	0.17333	0.02638	0.01886	0.02349	0.47851	0.01487	0.02976	0.02219	0.02145	0.07563	0.01929	0.01737	0.00910	0.00728	0.00211	0.01265	0.00612	0.00461	0.00966
17	0.00982	0.00842	0.00842	0.00842	0.01122	0.00701	0.00631	0.01192	0.01894	0.02244	0.08416	0.07995	0.65285	0.02104	0.00982	0.00281	0.00421	0.01753	0.00771	0.00701
18	0.01723	0.01477	0.01723	0.01230	0.01969	0.01107	0.00984	0.02092	0.01723	0.02707	0.01477	0.01723	0.01230	0.00615	0.00615	0.00123	0.00615	0.00492	0.00492	0.75883
19	0.02419	0.50052	0.07325	0.01661	0.02328	0.19878	0.01562	0.02711	0.01865	0.02013	0.01207	0.01399	0.01066	0.00753	0.00604	0.00192	0.01066	0.00477	0.00374	0.01048
20	0.02593	0.43073	0.03525	0.01710	0.02315	0.26834	0.01497	0.05844	0.02045	0.02149	0.01245	0.01427	0.01085	0.00779	0.00627	0.00195	0.01114	0.00493	0.00406	0.01046
21	0.01187	0.00890	0.01335	0.01335	0.01483	0.01038	0.01038	0.01483	0.01335	0.01928	0.02225	0.03264	0.02077	0.06231	0.67512	0.01335	0.02225	0.00890	0.00445	0.00742
22	0.01004	0.00756	0.00930	0.01068	0.01182	0.00682	0.00732	0.01167	0.01675	0.02155	0.05653	0.52825	0.22239	0.02463	0.01038	0.00321	0.00465	0.02191	0.00771	0.00682
23	0.02221	0.71304	0.04353	0.01421	0.02132	0.03287	0.01421	0.02488	0.01688	0.01955	0.01155	0.01333	0.01066	0.00711	0.00533	0.00178	0.00888	0.00444	0.00355	0.01066
24	0.02861	0.01230	0.01604	0.01293	0.01810	0.01062	0.01046	0.03164	0.02267	0.45677	0.10536	0.04318	0.16782	0.01335	0.00882	0.00263	0.00612	0.01107	0.00960	0.01192
25	0.03158	0.02327	0.02493	0.01911	0.02576	0.02576	0.01579	0.62852	0.03906	0.05236	0.01995	0.01995	0.01413	0.00997	0.00831	0.00249	0.00914	0.00748	0.00831	0.01413
26	0.01871	0.01844	0.03011	0.34104	0.32058	0.04675	0.05772	0.02392	0.01809	0.02411	0.01518	0.02116	0.01207	0.00784	0.00832	0.00261	0.01087	0.00744	0.00393	0.01110
27	0.01202	0.00828	0.01020	0.01020	0.01059	0.00867	0.00645	0.01281	0.01242	0.01695	0.02514	0.04861	0.02771	0.53717	0.20975	0.00946	0.01181	0.01124	0.00488	0.00566
28	0.01569	0.01477	0.02492	0.68808	0.05722	0.01846	0.02307	0.02123	0.01661	0.02123	0.01477	0.02215	0.01107	0.00831	0.00831	0.00277	0.01107	0.00738	0.00369	0.00923
29	0.01115	0.00922	0.00989	0.00979	0.01245	0.00841	0.00730	0.01549	0.07851	0.02505	0.15694	0.12808	0.45808	0.01997	0.00976	0.00283	0.00445	0.01694	0.00799	0.00769
30	0.00982	0.00842	0.00842	0.00842	0.01122	0.00701	0.00631	0.01192	0.01894	0.02244	0.08416	0.07995	0.65285	0.02104	0.00982	0.00281	0.00421	0.01753	0.00771	0.00701
31	0.01723	0.01477	0.01723	0.01230	0.01969	0.01107	0.00984	0.02092	0.01723	0.02707	0.01477	0.01723	0.01230	0.00615	0.00615	0.00123	0.00615	0.00492	0.00492	0.75883
32	0.02221	0.71304	0.04353	0.01421	0.02132	0.03287	0.01421	0.02488	0.01688	0.01955	0.01155	0.01333	0.01066	0.00711	0.00533	0.00178	0.00888	0.00444	0.00355	0.01066
33	0.03103	0.03959	0.02354	0.02140	0.02568	0.67469	0.01605	0.03317	0.02354	0.02033	0.01284	0.01498	0.01070	0.00856	0.00749	0.00214	0.01498	0.00535	0.00428	0.00963
34	0.01961	0.02241	0.04902	0.03501	0.04342	0.02101	0.62605	0.02661	0.01961	0.02661	0.01681	0.02241	0.01261	0.00700	0.00980	0.00280	0.01401	0.00980	0.00420	0.01120
35	0.01666	0.04297	0.66500	0.02368	0.03596	0.01929	0.03069	0.02631	0.01754	0.02631	0.01491	0.01754	0.01052	0.00789	0.00789	0.00263	0.01228	0.00614	0.00351	0.01228
36	0.01176	0.00849	0.01110	0.01045	0.01241	0.00784	0.00784	0.01568	0.02352	0.03331	0.65184	0.06206	0.07839	0.01698	0.00980	0.00261	0.00392	0.01502	0.00914	0.00784
37	0.01187	0.00890	0.01335	0.01335	0.01483	0.01038	0.01038	0.01483	0.01335	0.01928	0.02225	0.03264	0.02077	0.06231	0.67512	0.01335	0.02225	0.00890	0.00445	0.00742
38	0.01747	0.00976	0.01293	0.01142	0.01438	0.00882	0.00882	0.02123	0.02357	0.17406	0.51324	0.05449	0.06544	0.01548	0.00947	0.00260	0.00462	0.01353	0.00940	0.00925
39	0.01818	0.01818	0.02545	0.02181	0.02181	0.02545	0.01818	0.01999	0.01272	0.01999	0.01091	0.01818	0.01091	0.01454	0.02726	0.00364	0.69284	0.00727	0.00364	0.00909
40	0.02056	0.01974	0.03372	0.05099	0.65622	0.01974	0.02550	0.02550	0.01892	0.02714	0.01563	0.02056	0.01316	0.00740	0.00822	0.00247	0.00987	0.00740	0.00411	0.01316
41	0.01212	0.00886	0.01198	0.01193	0.01272	0.00990	0.00848	0.01380	0.01296	0.01817	0.02451	0.07440	0.02578	0.31066	0.36812	0.01038	0.04307	0.01082	0.00481	0.00652
42	0.02265	0.35924	0.19784	0.01920	0.02706	0.17255	0.04728	0.02718	0.01867	0.02178	0.01294	0.01519	0.01073	0.00763	0.00668	0.00212	0.01135	0.00533	0.00373	0.01087
43	0.02843	0.23797	0.02943	0.01928	0.02440	0.48563	0.01551	0.03073	0.02158	0.02010	0.01246	0.01449	0.01069	0.00813	0.00685	0.00203	0.01319	0.00508	0.00407	0.00993
44	0.02192	0.02317	0.02965	0.17379	0.39337	0.16611	0.02289	0.02635	0.01948	0.02441	0.01483	0.01963	0.01219	0.00784	0.00808	0.00246	0.01126	0.00694	0.00406	0.01157
45	0.01549	0.00774	0.00774	0.00774	0.00968	0.00774	0.00581	0.01936	0.01742	0.03097	0.02710	0.03097	0.02129	0.00968	0.00581	0.00194	0.00387	0.00774	0.75416	0.00774
46	0.01100	0.00778	0.00944	0.01019	0.01086	0.00738	0.00656	0.01220	0.01548	0.02055	0.10081	0.33089	0.10674	0.28579	0.02258	0.00504	0.00591	0.01777	0.00683	0.00622
47	0.00992	0.00842	0.00856	0.00852	0.01128	0.00706	0.00639	0.01212	0.01917	0.02301	0.11367	0.07902	0.62299	0.02083	0.00982	0.00280	0.00419	0.01740	0.00779	0.00706
48	0.00982	0.00842	0.00842	0.00842	0.01122	0.00701	0.00631	0.01192	0.01894	0.02244	0.08416	0.07995	0.65285	0.02104	0.00982	0.00281	0.00421	0.01753	0.00771	0.00701
49	0.01666	0.04297	0.66500	0.02368	0.03596	0.01929	0.03069	0.02631	0.01754	0.02631	0.01491	0.01754	0.01052	0.00789	0.00789	0.00263	0.01228	0.00614	0.00351	0.01228
50	0.01079	0.00845	0.00976	0.00943	0.01181	0.00742	0.00707	0.01380	0.02122	0.02787	0.36734	0.07102	0.36628	0.01902	0.00981	0.00271	0.00406	0.01628	0.00843	0.00742
51	0.01063	0.00762	0.01010	0.01122	0.01216	0.00709	0.00775	0.01285	0.01828	0.02499	0.23512	0.50251	0.06227	0.02320	0.01035	0.00314	0.00454	0.02093	0.00816	0.00709
52	0.01549	0.00774	0.00774	0.00774	0.00968	0.00774	0.00581	0.01936	0.01742	0.03097	0.02710	0.03097	0.02129	0.00968	0.00581	0.00194	0.00387	0.00774	0.75416	0.00774
53	0.01220	0.00904	0.01260	0.01244	0.01343	0.01033	0.00914	0.01424	0.01295	0.01838	0.02293	0.03843	0.02313	0.25051	0.46148	0.01138	0.04625	0.00977	0.00459	0.00679
54	0.01922	0.02599	0.17073	0.03629	0.17909	0.02038	0.37066	0.02630	0.01903	0.02667	0.01616	0.02101	0.01231	0.00727	0.00906	0.00269	0.01273	0.00852	0.00404	0.01186
55	0.02514	0.18405	0.02549	0.01757	0.02201	0.39554	0.01397	0.02776	0.02205	0.02279	0.14236	0.02417	0.02444	0.00995	0.00748	0.00215	0.01137	0.00711	0.00511	0.00950
56	0.01128	0.00870	0.01050	0.01106	0.01329	0.00792	0.00881	0.01422	0.01972	0.02523	0.18174	0.11672	0.32417	0.02110	0.01035	0.00311	0.00521	0.19152	0.00798	0.00735
57	0.02582	0.43715	0.03534	0.01716	0.02311	0.29580	0.01497	0.02827	0.01961	0.01987	0.01208	0.01400	0.01068	0.00770	0.00622	0.00193	0.01138	0.00481	0.00385	0.01024
58	0.01489	0.18824	0.01869	0.01124	0.01513	0.07445	0.00927	0.01710	0.01867	0.02145	0.05725	0.09225	0.39928	0.01668	0.00852	0.00252	0.00640	0.01347	0.00636	0.00815
59	0.02535	0.02936	0.03339	0.03193	0.17207	0.30664	0.19784	0.05600	0.02204	0.02513	0.01495	0.01864	0.01196	0.00791	0.00837	0.00242	0.01329	0.00722	0.00440	0.01108
60	0.01779	0.17909	0.53875	0.02176	0.03298	0.02205	0.02735	0.02602	0.01741	0.02493	0.01423	0.01668	0.01055	0.00773	0.00737	0.00246	0.01159	0.00579	0.00352	0.01195
61	0.02056	0.01974	0.03372	0.05099	0.65622	0.01974	0.02550	0.02550	0.01892	0.02714	0.01563	0.02056	0.01316	0.00740	0.00822	0.00247	0.00987	0.00740	0.00411	0.01316
62	0.61739	0.01753	0.01479	0.01259	0.01804	0.02008	0.01038	0.14714	0.01920	0.04034	0.01327	0.01481	0.01004	0.00817	0.00578	0.00255	0.00698	0.00510	0.00578	0.01004
63	0.02190	0.02268	0.05808	0.04562	0.54253	0.08033	0.02437	0.05525	0.02026	0.02769	0.01555	0.01989	0.01287	0.00765	0.00815	0.00245	0.01040	0.00717	0.00431	0.01284
64	0.01199	0.00842	0.01089	0.01089	0.01153	0.00905	0.00732	0.01326	0.01262	0.01746	0.02450	0.04509	0.02617	0.43230	0.31252	0.01032	0.01412	0.01072	0.00478	0.00605
65	0.01187	0.00890	0.01335	0.01335	0.01483	0.01038	0.01038	0.01483	0.01335	0.01928	0.02225	0.03264	0.02077	0.06231	0.67512	0.01335	0.02225	0.00890	0.00445	0.00742
66	0.01208	0.00805	0.00906	0.00906	0.00906	0.00805	0.00503	0.01208	0.01208	0.01611	0.02618	0.05436	0.03020	0.70804	0.04228	0.00805	0.00805	0.01208	0.00503	0.00503
67	0.01808	0.17278	0.02218	0.01518	0.01849	0.15037	0.01239	0.02081	0.01621	0.01956	0.01794	0.02473	0.01646	0.03903	0.38955	0.00848	0.01778	0.00718	0.00422	0.00859
68	0.02221	0.71304	0.04353	0.01421	0.02132	0.03287	0.01421	0.02488	0.01688	0.01955	0.01155	0.01333	0.01066	0.00711	0.00533	0.00178	0.00888	0.00444	0.00355	0.01066
69	0.01012	0.00723	0.00964	0.01157	0.01205	0.00675	0.00771	0.01157	0.01591	0.02121	0.04579	0.70262	0.05495	0.02603	0.01060	0.00337	0.00482	0.02362	0.00771	0.00675
70	0.03727	0.01414	0.01928	0.01478	0.02121	0.01221	0.01221	0.04049	0.02378	0.66198	0.03277	0.02828	0.02056	0.01028	0.00835	0.00257	0.00707	0.00835	0.01028	0.01414
71	0.02291	0.02418	0.03144	0.04437	0.51506	0.16637	0.02338	0.02721	0.01995	0.02562	0.01500	0.01931	0.01261	0.00766	0.00806	0.00239	0.01101	0.00694	0.00415	0.01237
72	0.01666	0.04297	0.66500	0.02368	0.03596	0.01929	0.03069	0.02631	0.01754	0.02631	0.01491	0.01754	0.01052	0.00789	0.00789	0.00263	0.01228	0.00614	0.00351	0.01228
73	0.03103	0.03959	0.02354	0.02140	0.02568	0.67469	0.01605	0.03317	0.02354	0.02033	0.01284	0.01498	0.01070	0.00856	0.00749	0.00214	0.01498	0.00535	0.00428	0.00963
74	0.17438	0.22029	0.05589	0.01543	0.02141	0.06189	0.01368	0.11332	0.15962	0.03194	0.01857	0.01925	0.01452	0.00879	0.00667	0.00234	0.00821	0.00625	0.03626	0.01126
75	0.03158	0.02327	0.02493	0.01911	0.02576	0.02576	0.01579	0.62852	0.03906	0.05236	0.01995	0.01995	0.01413	0.00997	0.00831	0.00249	0.00914	0.00748	0.00831	0.01413
76	0.01089	0.01182	0.07860	0.01103	0.01419	0.00837	0.00942	0.01390	0.01876	0.02412	0.14895	0.21020	0.36930	0.02019	0.00979	0.00289	0.00516	0.01733	0.00747	0.00763
77	0.01666	0.04297	0.66500	0.02368	0.03596	0.01929	0.03069	0.02631	0.01754	0.02631	0.01491	0.01754	0.01052	0.00789	0.00789	0.00263	0.01228	0.00614	0.00351	0.01228
78	0.03112	0.03709	0.02376	0.02105	0.02569	0.57521	0.01601	0.12444	0.02592	0.02524	0.01393	0.01574	0.01123	0.00878	0.00762	0.00219	0.01409	0.00568	0.00490	0.01032
79	0.01613	0.01332	0.01741	0.02136	0.15886	0.04850	0.01376	0.01978	0.02040	0.05658	0.16530	0.06088	0.15482	0.01650	0.00973	0.00293	0.00714	0.18026	0.00711	0.00922
80	0.00982	0.00842	0.00842	0.00842	0.01122	0.00701	0.00631	0.01192	0.01894	0.02244	0.08416	0.07995	0.65285	0.02104	0.00982	0.00281	0.00421	0.01753	0.00771	0.00701
81	0.00984	0.00835	0.00849	0.00860	0.01127	0.00700	0.00639	0.01190	0.01876	0.02237	0.08193	0.11614	0.61810	0.02133	0.00986	0.00284	0.00424	0.01789	0.00771	0.00700
82	0.01321	0.01033	0.01228	0.01238	0.01458	0.01051	0.00917	0.02075	0.16638	0.02816	0.21925	0.26980	0.11415	0.01932	0.00983	0.00299	0.00505	0.04495	0.00829	0.00864
83	0.03072	0.06963	0.02489	0.02048	0.02548	0.48299	0.01589	0.17886	0.02701	0.02815	0.01452	0.01612	0.01154	0.00883	0.00758	0.00221	0.01324	0.00583	0.00523	0.01079
84	0.03103	0.03959	0.02354	0.02140	0.02568	0.67469	0.01605	0.03317	0.02354	0.02033	0.01284	0.01498	0.01070	0.00856	0.00749	0.00214	0.01498	0.00535	0.00428	0.00963
85	0.02203	0.02904	0.16659	0.02073	0.02570	0.18738	0.01914	0.08038	0.07129	0.02573	0.01911	0.02191	0.04831	0.01122	0.01369	0.00282	0.21223	0.00730	0.00481	0.01061
86	0.02801	0.01933	0.02079	0.01643	0.02200	0.02110	0.01341	0.44449	0.06278	0.07790	0.02274	0.02318	0.01648	0.00999	0.00780	0.00240	0.00782	0.00767	0.16291	0.01276
87	0.01103	0.00807	0.01036	0.01062	0.01218	0.00740	0.00765	0.01396	0.02058	0.02829	0.39782	0.27310	0.12741	0.02034	0.01006	0.00288	0.00424	0.01808	0.00854	0.00740
88	0.02400	0.01930	0.02339	0.01731	0.02444	0.01863	0.06360	0.29981	0.02743	0.03862	0.01731	0.01890	0.01316	0.00797	0.00744	0.00194	0.00817	0.00650	0.00641	0.35567
89	0.01818	0.01818	0.02545	0.02181	0.02181	0.02545	0.01818	0.01999	0.01272	0.01999	0.01091	0.01818	0.01091	0.01454	0.02726	0.00364	0.69284	0.00727	0.00364	0.00909
90	0.02413	0.01829	0.02021	0.01568	0.02158	0.01867	0.01272	0.36247	0.03062	0.04212	0.12185	0.02866	0.05231	0.01069	0.00811	0.00223	0.00740	0.00853	0.00763	0.18610
91	0.01961	0.02241	0.04902	0.03501	0.04342	0.02101	0.62605	0.02661	0.01961	0.02661	0.01681	0.02241	0.01261	0.00700	0.00980	0.00280	0.01401	0.00980	0.00420	0.01120
92	0.23917	0.01734	0.02440	0.19265	0.28592	0.01915	0.01935	0.02518	0.05190	0.02911	0.01524	0.01945	0.01211	0.00793	0.00735	0.00259	0.00896	0.00665	0.00456	0.01097
93	0.03054	0.03506	0.02354	0.02068	0.02546	0.50656	0.01583	0.15319	0.06255	0.02759	0.01548	0.01691	0.01224	0.00900	0.00771	0.00225	0.01332	0.00601	0.00533	0.01074
94	0.01187	0.00890	0.01335	0.01335	0.01483	0.01038	0.01038	0.01483	0.01335	0.01928	0.02225	0.03264	0.02077	0.06231	0.67512	0.01335	0.02225	0.00890	0.00445	0.00742
95	0.01488	0.01518	0.01206	0.01153	0.01446	0.14342	0.00850	0.01784	0.04979	0.02199	0.06147	0.06182	0.43012	0.08581	0.01248	0.00319	0.00689	0.01412	0.00679	0.00765
96	0.01012	0.00723	0.00964	0.01157	0.01205	0.00675	0.00771	0.01157	0.01591	0.02121	0.04579	0.70262	0.05495	0.02603	0.01060	0.00337	0.00482	0.02362	0.00771	0.00675
97	0.01098	0.00848	0.01007	0.01035	0.01227	0.00776	0.00750	0.01434	0.04491	0.02609	0.25391	0.25560	0.26583	0.02080	0.00999	0.00291	0.00439	0.01818	0.00821	0.00745
98	0.01176	0.00849	0.01110	0.01045	0.01241	0.00784	0.00784	0.01568	0.02352	0.03331	0.65184	0.06206	0.07839	0.01698	0.00980	0.00261	0.00392	0.01502	0.00914	0.00784
99	0.76672	0.01607	0.01221	0.01092	0.01607	0.01864	0.00900	0.02442	0.01414	0.03727	0.01157	0.01350	0.00900	0.00771	0.00514	0.00257	0.00643	0.00450	0.00514	0.00900
100	0.02287	0.01709	0.02788	0.22249	0.27688	0.01780	0.05066	0.02873	0.05433	0.16797	0.02030	0.02342	0.01488	0.00850	0.00837	0.00261	0.00961	0.00784	0.00562	0.01216
101	0.01961	0.02241	0.04902	0.03501	0.04342	0.02101	0.62605	0.02661	0.01961	0.02661	0.01681	0.02241	0.01261	0.00700	0.00980	0.00280	0.01401	0.00980	0.00420	0.01120
102	0.02056	0.01974	0.03372	0.05099	0.65622	0.01974	0.02550	0.02550	0.01892	0.02714	0.01563	0.02056	0.01316	0.00740	0.00822	0.00247	0.00987	0.00740	0.00411	0.01316
103	0.01001	0.00842	0.00868	0.00862	0.01134	0.00709	0.00646	0.01229	0.01939	0.02351	0.14017	0.07818	0.59617	0.02064	0.00982	0.00279	0.00418	0.01729	0.00786	0.00709
104	0.02199	0.02001	0.03117	0.04364	0.51468	0.02060	0.02307	0.10491	0.08070	0.03111	0.01791	0.02147	0.01444	0.00810	0.00826	0.00250	0.00946	0.00760	0.00507	0.01328
105	0.02028	0.01945	0.03321	0.08802	0.62141	0.01966	0.02535	0.02525	0.01878	0.02680	0.01558	0.02065	0.01304	0.00745	0.00823	0.00248	0.00994	0.00740	0.00409	0.01293
106	0.01991	0.05561	0.06669	0.02604	0.03245	0.11706	0.33787	0.02529	0.01895	0.02479	0.01755	0.02275	0.01400	0.01466	0.09443	0.00392	0.01392	0.00839	0.07552	0.01018
107	0.03061	0.07200	0.02450	0.02106	0.02547	0.64381	0.01596	0.03277	0.02322	0.02029	0.01278	0.01490	0.01070	0.00849	0.00739	0.00212	0.01469	0.00531	0.00425	0.00968
108	0.02611	0.02606	0.15358	0.01955	0.02690	0.02331	0.01823	0.37536	0.16950	0.04312	0.02203	0.02193	0.01591	0.00984	0.00826	0.00259	0.00920	0.00764	0.00737	0.01353
109	0.06193	0.05496	0.03141	0.02365	0.03001	0.24405	0.21166	0.08534	0.02271	0.09523	0.01689	0.01923	0.01268	0.00816	0.00814	0.00239	0.01220	0.00721	0.00531	0.04684
110	0.01695	0.16928	0.05455	0.01633	0.02091	0.04381	0.07226	0.02279	0.07711	0.02656	0.17671	0.04839	0.06278	0.01404	0.00888	0.00273	0.00793	0.14198	0.00651	0.00948
111	0.01357	0.01141	0.01662	0.01564	0.01672	0.01446	0.01249	0.01623	0.01318	0.01948	0.01918	0.02873	0.01810	0.04939	0.49996	0.01072	0.20356	0.00846	0.00423	0.00787
112	0.01681	0.04196	0.63472	0.02424	0.03632	0.01938	0.05996	0.02632	0.01764	0.02632	0.01500	0.01778	0.01063	0.00785	0.00799	0.00264	0.01236	0.00632	0.00354	0.01222
113	0.02701	0.03245	0.02209	0.01919	0.02402	0.47992	0.01463	0.02952	0.02146	0.02197	0.01322	0.01569	0.01110	0.00826	0.00813	0.00199	0.04614	0.00534	0.00441	0.19346
114	0.01085	0.00846	0.00985	0.00950	0.01185	0.00745	0.00712	0.01392	0.02137	0.02823	0.38648	0.07042	0.34692	0.01888	0.00981	0.00270	0.00405	0.01620	0.00848	0.00745
115	0.01052	0.00740	0.00952	0.01106	0.01144	0.00701	0.00717	0.01167	0.01513	0.02017	0.04180	0.57093	0.04992	0.16457	0.01704	0.00432	0.00548	0.02127	0.00717	0.00640
116	0.01010	0.00733	0.00954	0.01131	0.01198	0.00677	0.00760	0.01160	0.01616	0.02131	0.04897	0.65105	0.10447	0.02561	0.01054	0.00333	0.00477	0.02311	0.00771	0.00677
117	0.01187	0.00890	0.01335	0.01335	0.01483	0.01038	0.01038	0.01483	0.01335	0.01928	0.02225	0.03264	0.02077	0.06231	0.67512	0.01335	0.02225	0.00890	0.00445	0.00742
118	0.00990	0.00810	0.00875	0.00927	0.01144	0.00694	0.00669	0.01183	0.01812	0.02211	0.07382	0.24775	0.49172	0.02238	0.01003	0.00296	0.00437	0.01917	0.00771	0.00694
119	0.16809	0.00943	0.00865	0.00839	0.01098	0.00996	0.00646	0.02039	0.01675	0.03225	0.02394	0.02742	0.01880	0.00928	0.00567	0.00206	0.00439	0.00708	0.60200	0.00800
120	0.00982	0.00842	0.00842	0.00842	0.01122	0.00701	0.00631	0.01192	0.01894	0.02244	0.08416	0.07995	0.65285	0.02104	0.00982	0.00281	0.00421	0.01753	0.00771	0.00701
121	0.01157	0.00813	0.00892	0.00892	0.00954	0.00782	0.00532	0.01205	0.01362	0.01753	0.03916	0.06009	0.16960	0.55424	0.03502	0.00688	0.00719	0.01330	0.00563	0.00548
122	0.01900	0.01582	0.01818	0.01315	0.02044	0.01289	0.01058	0.09600	0.01992	0.03019	0.01541	0.01756	0.01253	0.00662	0.00642	0.00139	0.00652	0.00524	0.00534	0.66680
123	0.01150	0.00853	0.01140	0.01167	0.01299	0.00903	0.00859	0.01365	0.01447	0.01959	0.03582	0.10993	0.12506	0.17700	0.35552	0.00931	0.01437	0.03922	0.00552	0.00684
124	0.01941	0.02658	0.21968	0.04295	0.47351	0.01961	0.02703	0.02574	0.01851	0.02690	0.01541	0.01967	0.01238	0.00755	0.00813	0.00252	0.01058	0.00703	0.00393	0.01290
125	0.01680	0.04199	0.63557	0.02422	0.03631	0.01938	0.05913	0.02632	0.01764	0.02632	0.01500	0.01777	0.01062	0.00785	0.00798	0.00264	0.01236	0.00631	0.00354	0.01223
126	0.01481	0.01323	0.01899	0.01730	0.01809	0.01741	0.01402	0.01724	0.01306	0.01962	0.01696	0.02589	0.01617	0.04002	0.37292	0.00882	0.33505	0.00814	0.00407	0.00820
127	0.03103	0.03959	0.02354	0.02140	0.02568	0.67469	0.01605	0.03317	0.02354	0.02033	0.01284	0.01498	0.01070	0.00856	0.00749	0.00214	0.01498	0.00535	0.00428	0.00963
128	0.03727	0.01414	0.01928	0.01478	0.02121	0.01221	0.01221	0.04049	0.02378	0.66198	0.03277	0.02828	0.02056	0.01028	0.00835	0.00257	0.00707	0.00835	0.01028	0.01414
129	0.02221	0.71304	0.04353	0.01421	0.02132	0.03287	0.01421	0.02488	0.01688	0.01955	0.01155	0.01333	0.01066	0.00711	0.00533	0.00178	0.00888	0.00444	0.00355	0.01066
130	0.01030	0.00843	0.00908	0.00892	0.01152	0.00722	0.00669	0.01285	0.02007	0.02514	0.22498	0.07551	0.51034	0.02003	0.00981	0.00276	0.00414	0.01691	0.00807	0.00722
131	0.01011	0.00728	0.00958	0.01142	0.01201	0.00676	0.00765	0.01158	0.01605	0.02126	0.04757	0.67367	0.08274	0.02579	0.01057	0.00335	0.00479	0.02333	0.00771	0.00676
132	0.00982	0.00842	0.00842	0.00842	0.01122	0.00701	0.00631	0.01192	0.01894	0.02244	0.08416	0.07995	0.65285	0.02104	0.00982	0.00281	0.00421	0.01753	0.00771	0.00701
133	0.02066	0.01785	0.01878	0.01691	0.02160	0.02066	0.01315	0.04414	0.64121	0.03475	0.03381	0.03099	0.02536	0.01127	0.00845	0.00282	0.00657	0.00939	0.00845	0.01315
134	0.01443	0.00722	0.01082	0.01082	0.01082	0.00722	0.00722	0.01082	0.01082	0.01443	0.01443	0.02525	0.01443	0.02886	0.03247	0.75830	0.00722	0.00722	0.00361	0.00361
135	0.03103	0.03959	0.02354	0.02140	0.02568	0.67469	0.01605	0.03317	0.02354	0.02033	0.01284	0.01498	0.01070	0.00856	0.00749	0.00214	0.01498	0.00535	0.00428	0.00963
136	0.01078	0.00845	0.00975	0.00943	0.01181	0.00742	0.00707	0.01379	0.02122	0.02785	0.36670	0.07104	0.36693	0.01902	0.00981	0.00271	0.00406	0.01628	0.00843	0.00742
137	0.01723	0.01477	0.01723	0.01230	0.01969	0.01107	0.00984	0.02092	0.01723	0.02707	0.01477	0.01723	0.01230	0.00615	0.00615	0.00123	0.00615	0.00492	0.00492	0.75883
138	0.02031	0.01949	0.03327	0.08320	0.62594	0.01967	0.02537	0.02528	0.01880	0.02684	0.01558	0.02064	0.01305	0.00745	0.00823	0.00248	0.00993	0.00740	0.00409	0.01296
139	0.05359	0.26186	0.36723	0.02039	0.03004	0.05790	0.05194	0.02612	0.01758	0.02428	0.01363	0.01606	0.01061	0.00762	0.00699	0.00233	0.01111	0.00564	0.00367	0.01141
140	0.02414	0.51375	0.06803	0.01645	0.02310	0.19188	0.01545	0.02701	0.01857	0.02006	0.01203	0.01394	0.01066	0.00751	0.00599	0.00191	0.01056	0.00475	0.00373	0.01048
141	0.01146	0.00815	0.01056	0.01198	0.01292	0.00786	0.00876	0.01335	0.01625	0.02132	0.04343	0.35659	0.08140	0.16339	0.01725	0.00443	0.00628	0.19081	0.00715	0.00668
142	0.02822	0.20054	0.05985	0.01980	0.02515	0.48924	0.01633	0.03085	0.02166	0.02044	0.01263	0.01471	0.01068	0.00818	0.00699	0.00208	0.01339	0.00517	0.00407	0.01001
143	0.01002	0.00842	0.00869	0.00863	0.01134	0.00710	0.00647	0.01231	0.01941	0.02357	0.14304	0.07809	0.59326	0.02062	0.00982	0.00279	0.00418	0.01727	0.00786	0.00710
144	0.02134	0.02382	0.02977	0.02438	0.02703	0.16990	0.14009	0.02428	0.01653	0.02140	0.01253	0.01831	0.01120	0.01168	0.01932	0.00313	0.40441	0.00735	0.00389	0.00964
145	0.01723	0.01477	0.01723	0.01230	0.01969	0.01107	0.00984	0.02092	0.01723	0.02707	0.01477	0.01723	0.01230	0.00615	0.00615	0.00123	0.00615	0.00492	0.00492	0.75883
146	0.01790	0.19298	0.52587	0.02156	0.03268	0.02233	0.02700	0.02599	0.01739	0.02479	0.01416	0.01660	0.01055	0.00772	0.00732	0.00244	0.01152	0.00576	0.00352	0.01192
147	0.01046	0.00758	0.00936	0.01057	0.01150	0.00697	0.00710	0.01166	0.01595	0.02063	0.05085	0.46372	0.18431	0.09593	0.01476	0.03953	0.00513	0.02028	0.00724	0.00648
148	0.02534	0.29361	0.15867	0.01858	0.02571	0.24570	0.01796	0.02926	0.01984	0.07437	0.01441	0.01596	0.01147	0.00802	0.00682	0.00214	0.01147	0.00541	0.00435	0.01092
149	0.01362	0.01172	0.01205	0.01139	0.01486	0.01180	0.00871	0.02322	0.23719	0.02676	0.06650	0.06278	0.43277	0.01761	0.00934	0.00281	0.00504	0.01468	0.00797	0.00917
150	0.01208	0.00805	0.00906	0.00906	0.00906	0.00805	0.00503	0.01208	0.01208	0.01611	0.02618	0.05436	0.03020	0.70804	0.04228	0.00805	0.00805	0.01208	0.00503	0.00503
151	0.02812	0.03361	0.02305	0.02206	0.06018	0.49148	0.01593	0.03520	0.16156	0.02394	0.01769	0.01888	0.01412	0.00910	0.00775	0.00231	0.01281	0.00637	0.00521	0.01062
152	0.01958	0.04228	0.53469	0.02322	0.03387	0.15243	0.02772	0.02770	0.01876	0.02509	0.01449	0.01702	0.01056	0.00803	0.00781	0.00253	0.01283	0.00598	0.00366	0.01174
153	0.01323	0.00951	0.01317	0.01499	0.01695	0.00945	0.01307	0.01698	0.01912	0.02475	0.04577	0.09310	0.07473	0.02286	0.01140	0.00378	0.00750	0.57438	0.00765	0.00762
154	0.01223	0.00848	0.01041	0.01060	0.01266	0.00760	0.00783	0.01482	0.01969	0.06253	0.23345	0.25114	0.24919	0.02075	0.01003	0.00295	0.00463	0.04511	0.00828	0.00762
155	0.01977	0.02150	0.04386	0.03828	0.19575	0.02094	0.44143	0.02596	0.01905	0.02637	0.01618	0.02171	0.01265	0.00753	0.01039	0.00276	0.05110	0.00906	0.00415	0.01158
156	0.03158	0.02327	0.02493	0.01911	0.02576	0.02576	0.01579	0.62852	0.03906	0.05236	0.01995	0.01995	0.01413	0.00997	0.00831	0.00249	0.00914	0.00748	0.00831	0.01413
157	0.01208	0.00805	0.00906	0.00906	0.00906	0.00805	0.00503	0.01208	0.01208	0.01611	0.02618	0.05436	0.03020	0.70804	0.04228	0.00805	0.00805	0.01208	0.00503	0.00503
158	0.01658	0.01709	0.05971	0.54403	0.15907	0.01872	0.02388	0.02222	0.01706	0.02251	0.01492	0.02164	0.01140	0.00813	0.00827	0.00271	0.01093	0.00732	0.00375	0.01006
159	0.00991	0.00842	0.00854	0.00851	0.01127	0.00705	0.00638	0.01209	0.01914	0.02293	0.10960	0.07915	0.62711	0.02086	0.00982	0.00280	0.00419	0.01742	0.00778	0.00705
160	0.01020	0.00736	0.00966	0.01134	0.01203	0.00682	0.00765	0.01182	0.01650	0.02197	0.08301	0.63302	0.08739	0.02524	0.01052	0.00330	0.00474	0.02280	0.00780	0.00682
161	0.02221	0.71304	0.04353	0.01421	0.02132	0.03287	0.01421	0.02488	0.01688	0.01955	0.01155	0.01333	0.01066	0.00711	0.00533	0.00178	0.00888	0.00444	0.00355	0.01066
162	0.01194	0.00862	0.01193	0.01193	0.01293	0.00961	0.00862	0.01392	0.01293	0.01823	0.02355	0.03982	0.02389	0.27578	0.46591	0.01160	0.01756	0.00995	0.00464	0.00663
163	0.16607	0.02114	0.02519	0.01961	0.02554	0.02360	0.08757	0.36549	0.05787	0.04293	0.01789	0.01940	0.01324	0.00964	0.00949	0.00265	0.06623	0.00727	0.00684	0.01235
164	0.01012	0.00723	0.00964	0.01157	0.01205	0.00675	0.00771	0.01157	0.01591	0.02121	0.04579	0.70262	0.05495	0.02603	0.01060	0.00337	0.00482	0.02362	0.00771	0.00675
165	0.01208	0.00805	0.00906	0.00906	0.00906	0.00805	0.00503	0.01208	0.01208	0.01611	0.02618	0.05436	0.03020	0.70804	0.04228	0.00805	0.00805	0.01208	0.00503	0.00503
166	0.01165	0.00849	0.01095	0.01034	0.01234	0.00779	0.00775	0.01547	0.02326	0.03270	0.61995	0.06306	0.11065	0.01721	0.00980	0.00262	0.00394	0.01516	0.00906	0.00779

[dist]
# distance from previous block
# <min> <max>
0	0

# created by:
# /home/cegg/simao/soft/augustus-3.2.1/scripts/msa2prfl.pl ./align_prep/12398.fa
