[name]
unknown

[dist]
# distance from previous block
# <min> <max>
0	139

[block]
# block no. 0 follows, 22 sequences, length 6
# corresponding to MSA columns:
# 142-147
name=unknown_A
#
# <colnr> <probs for GDERKNQSTAVLIFYWHMCP>
#	G	D	E	R	K	N	Q	S	T	A	V	L	I	F	Y	W	H	M	C	P
0	0.01193	0.00852	0.01171	0.01363	0.01490	0.00830	0.01085	0.01469	0.01768	0.02323	0.04479	0.36598	0.05100	0.02433	0.01108	0.00362	0.00638	0.34244	0.00768	0.00725
1	0.01943	0.01858	0.03167	0.19931	0.51677	0.01944	0.02493	0.02450	0.01838	0.02576	0.01543	0.02093	0.01267	0.00761	0.00824	0.00254	0.01015	0.00740	0.00401	0.01224
2	0.01834	0.03119	0.40113	0.02541	0.13474	0.01696	0.02465	0.02575	0.01925	0.08284	0.11604	0.02593	0.02243	0.00944	0.00829	0.00260	0.01012	0.00793	0.00508	0.01189
3	0.01711	0.03290	0.42247	0.05407	0.03297	0.01858	0.05515	0.02659	0.07772	0.02659	0.01802	0.02297	0.01406	0.00909	0.00901	0.00265	0.04374	0.03523	0.00436	0.07673
4	0.01938	0.02175	0.04534	0.03295	0.04004	0.02170	0.53113	0.02558	0.01853	0.02558	0.01589	0.02175	0.01234	0.00818	0.01253	0.00293	0.12001	0.00941	0.00411	0.01087
5	0.01942	0.10497	0.02574	0.24200	0.13838	0.14152	0.01811	0.02355	0.01967	0.02419	0.13778	0.02720	0.02436	0.00974	0.00806	0.00245	0.00995	0.00813	0.00491	0.00987

[dist]
# distance from previous block
# <min> <max>
0	1

[block]
# block no. 1 follows, 22 sequences, length 28
# corresponding to MSA columns:
# 149-176
name=unknown_B
#
# <colnr> <probs for GDERKNQSTAVLIFYWHMCP>
#	G	D	E	R	K	N	Q	S	T	A	V	L	I	F	Y	W	H	M	C	P
0	0.02056	0.01974	0.03372	0.05099	0.65622	0.01974	0.02550	0.02550	0.01892	0.02714	0.01563	0.02056	0.01316	0.00740	0.00822	0.00247	0.00987	0.00740	0.00411	0.01316
1	0.02024	0.01941	0.03315	0.09255	0.61715	0.01965	0.02534	0.02522	0.01877	0.02675	0.01557	0.02066	0.01302	0.00746	0.00823	0.00249	0.00995	0.00740	0.00408	0.01290
2	0.02291	0.02606	0.02475	0.02166	0.02323	0.26431	0.01739	0.02484	0.01670	0.02012	0.01162	0.01700	0.01083	0.01234	0.01999	0.00309	0.44345	0.00656	0.00387	0.00929
3	0.08044	0.01822	0.06822	0.39491	0.23372	0.01891	0.02312	0.02312	0.01716	0.02470	0.01477	0.02064	0.01149	0.00796	0.00799	0.00265	0.01040	0.00706	0.00393	0.01060
4	0.01973	0.27056	0.40231	0.02008	0.03015	0.02444	0.02389	0.07303	0.01900	0.02604	0.01415	0.01629	0.01085	0.00779	0.00705	0.00233	0.01087	0.00566	0.00390	0.01187
5	0.02015	0.01932	0.03298	0.10461	0.60581	0.01963	0.02529	0.02514	0.01872	0.02664	0.01555	0.02069	0.01298	0.00748	0.00823	0.00249	0.00997	0.00740	0.00408	0.01283
6	0.03103	0.03959	0.02354	0.02140	0.02568	0.67469	0.01605	0.03317	0.02354	0.02033	0.01284	0.01498	0.01070	0.00856	0.00749	0.00214	0.01498	0.00535	0.00428	0.00963
7	0.01867	0.01781	0.03030	0.29863	0.42339	0.01924	0.02455	0.02384	0.01802	0.02484	0.01529	0.02118	0.01235	0.00775	0.00826	0.00258	0.01034	0.00739	0.00395	0.01163
8	0.01339	0.00956	0.01339	0.01530	0.01721	0.00956	0.01339	0.01721	0.01912	0.02486	0.04399	0.09371	0.04781	0.02295	0.01147	0.00382	0.00765	0.60031	0.00765	0.00765
9	0.01176	0.00849	0.01110	0.01045	0.01241	0.00784	0.00784	0.01568	0.02352	0.03331	0.65184	0.06206	0.07839	0.01698	0.00980	0.00261	0.00392	0.01502	0.00914	0.00784
10	0.01208	0.00805	0.00906	0.00906	0.00906	0.00805	0.00503	0.01208	0.01208	0.01611	0.02618	0.05436	0.03020	0.70804	0.04228	0.00805	0.00805	0.01208	0.00503	0.00503
11	0.00997	0.00842	0.00863	0.00858	0.01131	0.00708	0.00643	0.01222	0.01929	0.02329	0.12866	0.07855	0.60782	0.02072	0.00982	0.00279	0.00419	0.01734	0.00783	0.00708
12	0.01228	0.00804	0.00898	0.00898	0.00910	0.00804	0.00508	0.01251	0.01239	0.01698	0.02623	0.05300	0.02968	0.66727	0.04015	0.00770	0.00781	0.01183	0.04877	0.00519
13	0.01315	0.00796	0.00865	0.00865	0.00925	0.00796	0.00528	0.01436	0.01375	0.02075	0.02646	0.04705	0.02742	0.48971	0.03088	0.00614	0.00675	0.01072	0.23924	0.00588
14	0.01026	0.00797	0.00934	0.00998	0.01174	0.00705	0.00711	0.01240	0.01851	0.02376	0.16291	0.31903	0.32566	0.02231	0.01012	0.00299	0.00440	0.01948	0.00795	0.00705
15	0.03103	0.03959	0.02354	0.02140	0.02568	0.67469	0.01605	0.03317	0.02354	0.02033	0.01284	0.01498	0.01070	0.00856	0.00749	0.00214	0.01498	0.00535	0.00428	0.00963
16	0.01666	0.04297	0.66500	0.02368	0.03596	0.01929	0.03069	0.02631	0.01754	0.02631	0.01491	0.01754	0.01052	0.00789	0.00789	0.00263	0.01228	0.00614	0.00351	0.01228
17	0.02083	0.01165	0.01458	0.01323	0.01700	0.01108	0.01058	0.02683	0.10891	0.22621	0.14584	0.09671	0.13775	0.01625	0.00948	0.00290	0.00597	0.10503	0.00885	0.01033
18	0.01081	0.00776	0.01010	0.01132	0.01225	0.00728	0.00791	0.01281	0.01739	0.02336	0.15573	0.46007	0.08507	0.07579	0.01290	0.00360	0.00510	0.06610	0.00776	0.00690
19	0.01012	0.00723	0.00964	0.01157	0.01205	0.00675	0.00771	0.01157	0.01591	0.02121	0.04579	0.70262	0.05495	0.02603	0.01060	0.00337	0.00482	0.02362	0.00771	0.00675
20	0.02052	0.02406	0.10079	0.18836	0.36034	0.11346	0.02417	0.02572	0.01890	0.02473	0.01495	0.01978	0.01204	0.00783	0.00810	0.00251	0.01115	0.00696	0.00397	0.01166
21	0.18794	0.01740	0.02322	0.39821	0.13294	0.06144	0.01977	0.02335	0.01684	0.02567	0.01404	0.01949	0.01088	0.00806	0.00752	0.00264	0.01010	0.00660	0.00412	0.00977
22	0.24691	0.01017	0.01073	0.01165	0.01370	0.01068	0.00855	0.01601	0.01560	0.02651	0.03495	0.44086	0.04004	0.02007	0.00896	0.00316	0.00554	0.06151	0.00690	0.00752
23	0.15770	0.01732	0.02593	0.35600	0.08961	0.01980	0.08709	0.10007	0.01952	0.02921	0.01513	0.02017	0.01141	0.00819	0.00788	0.00268	0.01020	0.00713	0.00464	0.01033
24	0.02217	0.02407	0.17176	0.19500	0.10591	0.02068	0.02207	0.17203	0.02276	0.07926	0.01720	0.02051	0.01263	0.00919	0.00980	0.00269	0.06782	0.00719	0.00532	0.01192
25	0.07640	0.02526	0.14567	0.22080	0.13908	0.14326	0.02123	0.02495	0.01888	0.02524	0.06794	0.02234	0.01675	0.00881	0.00794	0.00254	0.01089	0.00719	0.00441	0.01040
26	0.02359	0.02742	0.13037	0.07198	0.02962	0.17583	0.06607	0.07128	0.16295	0.06909	0.02003	0.02165	0.01508	0.00964	0.00979	0.00265	0.06839	0.00740	0.00566	0.01151
27	0.01655	0.01545	0.02247	0.20007	0.08182	0.06563	0.09456	0.02029	0.01741	0.02324	0.02314	0.18121	0.02272	0.01313	0.00974	0.03844	0.00906	0.01115	0.06196	0.07196

[dist]
# distance from previous block
# <min> <max>
28	148

[block]
# block no. 2 follows, 22 sequences, length 73
# corresponding to MSA columns:
# 339-411
name=unknown_C
#
# <colnr> <probs for GDERKNQSTAVLIFYWHMCP>
#	G	D	E	R	K	N	Q	S	T	A	V	L	I	F	Y	W	H	M	C	P
0	0.02018	0.01999	0.02834	0.32110	0.29572	0.09290	0.02291	0.05441	0.01944	0.02507	0.01516	0.02059	0.01203	0.00805	0.00818	0.00256	0.01093	0.00717	0.00416	0.01111
1	0.01819	0.01769	0.03191	0.17028	0.29456	0.01800	0.16631	0.02346	0.01851	0.02573	0.02163	0.02647	0.06071	0.00866	0.00857	0.00260	0.01027	0.00875	0.05663	0.01106
2	0.02088	0.02254	0.12252	0.20256	0.24957	0.02087	0.02328	0.14832	0.02196	0.03033	0.01595	0.02028	0.01232	0.00859	0.00916	0.00263	0.04424	0.00722	0.00475	0.01202
3	0.02340	0.02919	0.14265	0.07744	0.16716	0.20009	0.05097	0.10032	0.02211	0.02770	0.01518	0.01834	0.01187	0.00807	0.00789	0.00235	0.01162	0.00653	0.00460	0.07252
4	0.02258	0.23854	0.06142	0.04460	0.02326	0.20035	0.01454	0.09461	0.02172	0.02461	0.02813	0.02886	0.14321	0.01080	0.00745	0.00226	0.00989	0.00795	0.00516	0.01006
5	0.02735	0.03245	0.02497	0.02779	0.18100	0.46569	0.01768	0.03030	0.02197	0.02276	0.01453	0.01748	0.01205	0.00835	0.00756	0.00221	0.01294	0.00603	0.05654	0.01037
6	0.01570	0.01467	0.02462	0.60352	0.09632	0.01785	0.02233	0.02095	0.01673	0.02164	0.01667	0.06239	0.01382	0.00929	0.00844	0.00278	0.01062	0.00835	0.00396	0.00936
7	0.01158	0.00949	0.01061	0.01225	0.01300	0.05333	0.00829	0.01307	0.01644	0.02115	0.04349	0.65466	0.05186	0.02481	0.01039	0.00329	0.00553	0.02234	0.00747	0.00695
8	0.05869	0.02396	0.03027	0.23731	0.13878	0.19810	0.14490	0.02643	0.01936	0.02382	0.01464	0.01957	0.01152	0.00793	0.00822	0.00255	0.01232	0.00719	0.00410	0.01036
9	0.02182	0.66631	0.08688	0.01487	0.02234	0.03192	0.01536	0.02498	0.01693	0.02002	0.01178	0.01362	0.01065	0.00716	0.00551	0.00184	0.00912	0.00456	0.00355	0.01077
10	0.01035	0.01062	0.05442	0.01003	0.01309	0.00782	0.00826	0.01286	0.01831	0.02249	0.07259	0.18495	0.50305	0.02100	0.00982	0.00289	0.00488	0.01781	0.00742	0.00733
11	0.02374	0.52761	0.03768	0.01579	0.02217	0.15251	0.01447	0.02807	0.07096	0.02098	0.01368	0.01513	0.01191	0.00773	0.00600	0.00193	0.00984	0.00503	0.00410	0.01068
12	0.02303	0.38030	0.03152	0.01556	0.02089	0.15884	0.01367	0.02569	0.01804	0.06684	0.01555	0.01868	0.01345	0.01884	0.14188	0.00426	0.01272	0.00582	0.00438	0.01005
13	0.01016	0.00837	0.00893	0.00891	0.01146	0.00714	0.00664	0.01254	0.01957	0.02423	0.17899	0.10630	0.52682	0.02058	0.00985	0.00280	0.00419	0.01739	0.00796	0.00714
14	0.01012	0.00723	0.00964	0.01157	0.01205	0.00675	0.00771	0.01157	0.01591	0.02121	0.04579	0.70262	0.05495	0.02603	0.01060	0.00337	0.00482	0.02362	0.00771	0.00675
15	0.03041	0.08838	0.02507	0.02078	0.02537	0.60064	0.01591	0.05726	0.02370	0.02160	0.01304	0.01507	0.01084	0.00851	0.00737	0.00213	0.01429	0.00537	0.00439	0.00989
16	0.23383	0.03518	0.47599	0.01999	0.03020	0.01910	0.02441	0.02576	0.01655	0.02948	0.01394	0.01637	0.01008	0.00784	0.00710	0.00261	0.01058	0.00566	0.00398	0.01133
17	0.01925	0.01903	0.03396	0.19236	0.35459	0.01976	0.14777	0.02585	0.05543	0.02612	0.01675	0.02193	0.01329	0.00776	0.00858	0.00263	0.01080	0.00801	0.00429	0.01185
18	0.07689	0.01869	0.01907	0.05676	0.04917	0.07484	0.01334	0.23491	0.09518	0.03522	0.03472	0.08335	0.14710	0.01306	0.00850	0.00265	0.00798	0.01052	0.00713	0.01093
19	0.02350	0.02228	0.02629	0.16425	0.22143	0.13234	0.01960	0.16600	0.05012	0.03040	0.01728	0.02191	0.01391	0.04328	0.00983	0.00277	0.01059	0.00738	0.00526	0.01158
20	0.02631	0.03179	0.02416	0.08202	0.02754	0.44676	0.01724	0.02867	0.02011	0.02032	0.01251	0.01646	0.01079	0.01009	0.01269	0.00258	0.19041	0.00603	0.00406	0.00945
21	0.02041	0.07143	0.03887	0.04366	0.43216	0.02107	0.19855	0.02577	0.01897	0.02643	0.01567	0.02056	0.01282	0.00726	0.00847	0.00251	0.01099	0.00788	0.00410	0.01241
22	0.02839	0.03519	0.02393	0.02149	0.02489	0.54111	0.01649	0.03046	0.02132	0.02026	0.01244	0.01564	0.01074	0.00979	0.01156	0.00245	0.15445	0.00575	0.00415	0.00952
23	0.01729	0.01394	0.01621	0.01428	0.01885	0.01362	0.01156	0.06941	0.17354	0.03080	0.10108	0.04660	0.05837	0.01351	0.00870	0.00255	0.00650	0.14896	0.00728	0.22697
24	0.01208	0.00805	0.00906	0.00906	0.00906	0.00805	0.00503	0.01208	0.01208	0.01611	0.02618	0.05436	0.03020	0.70804	0.04228	0.00805	0.00805	0.01208	0.00503	0.00503
25	0.01021	0.00843	0.00896	0.00883	0.01146	0.00718	0.00662	0.01268	0.01986	0.02465	0.19932	0.07632	0.53631	0.02022	0.00981	0.00277	0.00415	0.01702	0.00800	0.00718
26	0.01881	0.01795	0.03055	0.28023	0.44068	0.01928	0.02462	0.02396	0.01809	0.02501	0.01532	0.02113	0.01241	0.00773	0.00825	0.00258	0.01030	0.00740	0.00396	0.01174
27	0.02066	0.01785	0.01878	0.01691	0.02160	0.02066	0.01315	0.04414	0.64121	0.03475	0.03381	0.03099	0.02536	0.01127	0.00845	0.00282	0.00657	0.00939	0.00845	0.01315
28	0.02020	0.01937	0.03307	0.09834	0.61170	0.01964	0.02532	0.02518	0.01874	0.02670	0.01556	0.02068	0.01300	0.00747	0.00823	0.00249	0.00996	0.00740	0.00408	0.01287
29	0.14729	0.01864	0.01955	0.01630	0.02185	0.02072	0.01311	0.20874	0.28663	0.12068	0.02607	0.02462	0.01885	0.01019	0.00786	0.00265	0.00735	0.00791	0.00811	0.01288
30	0.03158	0.02327	0.02493	0.01911	0.02576	0.02576	0.01579	0.62852	0.03906	0.05236	0.01995	0.01995	0.01413	0.00997	0.00831	0.00249	0.00914	0.00748	0.00831	0.01413
31	0.01027	0.00729	0.00960	0.01138	0.01183	0.00684	0.00751	0.01161	0.01562	0.02083	0.04433	0.65444	0.05311	0.07672	0.01296	0.00372	0.00506	0.02276	0.00751	0.00662
32	0.01151	0.00782	0.00923	0.00979	0.00993	0.00768	0.00581	0.01193	0.01319	0.01758	0.03185	0.24206	0.03737	0.51058	0.03311	0.00670	0.00712	0.01542	0.00581	0.00553
33	0.01293	0.00825	0.01183	0.01183	0.01281	0.00907	0.00869	0.01385	0.01287	0.01863	0.02069	0.03195	0.01967	0.09559	0.38594	0.22768	0.01530	0.00855	0.06768	0.00617
34	0.01666	0.04297	0.66500	0.02368	0.03596	0.01929	0.03069	0.02631	0.01754	0.02631	0.01491	0.01754	0.01052	0.00789	0.00789	0.00263	0.01228	0.00614	0.00351	0.01228
35	0.02128	0.39163	0.10374	0.01570	0.02198	0.07495	0.01528	0.02479	0.01726	0.06749	0.01576	0.01894	0.01343	0.01874	0.14189	0.00431	0.01232	0.00589	0.00428	0.01036
36	0.01387	0.01099	0.01202	0.01099	0.01416	0.01062	0.00845	0.08866	0.07529	0.03017	0.23667	0.06353	0.35789	0.01773	0.00952	0.00271	0.00491	0.01493	0.00826	0.00861
37	0.01775	0.01652	0.02746	0.16016	0.37703	0.01794	0.02154	0.02221	0.01699	0.02402	0.01653	0.02316	0.01418	0.01913	0.14466	0.00480	0.05311	0.00769	0.00407	0.01102
38	0.02070	0.17922	0.02377	0.01608	0.02011	0.13256	0.01299	0.07094	0.14747	0.02555	0.02468	0.15921	0.02369	0.01668	0.05833	0.00337	0.03836	0.01018	0.00595	0.01015
39	0.02078	0.02165	0.02778	0.23634	0.30850	0.15162	0.02213	0.02527	0.01917	0.02383	0.01648	0.02425	0.01408	0.00883	0.00829	0.00257	0.01114	0.04214	0.00423	0.01092
40	0.01707	0.09218	0.61936	0.02298	0.03488	0.02029	0.02948	0.02620	0.01749	0.02581	0.01466	0.01723	0.01053	0.00783	0.00770	0.00257	0.01203	0.00601	0.00351	0.01216
41	0.61628	0.01567	0.01367	0.01172	0.01713	0.01731	0.00966	0.02773	0.01613	0.16612	0.01594	0.01654	0.01138	0.00824	0.00580	0.00257	0.00656	0.00529	0.00620	0.01006
42	0.76672	0.01607	0.01221	0.01092	0.01607	0.01864	0.00900	0.02442	0.01414	0.03727	0.01157	0.01350	0.00900	0.00771	0.00514	0.00257	0.00643	0.00450	0.00514	0.00900
43	0.01784	0.01379	0.01601	0.01532	0.01884	0.01503	0.01233	0.03163	0.33579	0.05855	0.13560	0.05401	0.04014	0.01552	0.00954	0.00307	0.00648	0.18134	0.00841	0.01075
44	0.01549	0.00774	0.00774	0.00774	0.00968	0.00774	0.00581	0.01936	0.01742	0.03097	0.02710	0.03097	0.02129	0.00968	0.00581	0.00194	0.00387	0.00774	0.75416	0.00774
45	0.02066	0.01785	0.01878	0.01691	0.02160	0.02066	0.01315	0.04414	0.64121	0.03475	0.03381	0.03099	0.02536	0.01127	0.00845	0.00282	0.00657	0.00939	0.00845	0.01315
46	0.02221	0.71304	0.04353	0.01421	0.02132	0.03287	0.01421	0.02488	0.01688	0.01955	0.01155	0.01333	0.01066	0.00711	0.00533	0.00178	0.00888	0.00444	0.00355	0.01066
47	0.01176	0.00849	0.01110	0.01045	0.01241	0.00784	0.00784	0.01568	0.02352	0.03331	0.65184	0.06206	0.07839	0.01698	0.00980	0.00261	0.00392	0.01502	0.00914	0.00784
48	0.03103	0.03959	0.02354	0.02140	0.02568	0.67469	0.01605	0.03317	0.02354	0.02033	0.01284	0.01498	0.01070	0.00856	0.00749	0.00214	0.01498	0.00535	0.00428	0.00963
49	0.01569	0.01477	0.02492	0.68808	0.05722	0.01846	0.02307	0.02123	0.01661	0.02123	0.01477	0.02215	0.01107	0.00831	0.00831	0.00277	0.01107	0.00738	0.00369	0.00923
50	0.02852	0.23338	0.02943	0.01915	0.02443	0.44120	0.01550	0.07449	0.02275	0.02246	0.01299	0.01487	0.01094	0.00824	0.00693	0.00206	0.01279	0.00524	0.00437	0.01026
51	0.01878	0.01828	0.03296	0.08877	0.38947	0.01830	0.14493	0.02397	0.01887	0.02638	0.04500	0.02841	0.01839	0.01115	0.03651	0.00311	0.01090	0.04963	0.00457	0.01163
52	0.01986	0.01902	0.03245	0.14261	0.57008	0.01955	0.02515	0.02488	0.01858	0.02629	0.01550	0.02079	0.01286	0.00753	0.00824	0.00251	0.01004	0.00740	0.00405	0.01259
53	0.02990	0.03311	0.02679	0.02229	0.02769	0.42024	0.08435	0.19866	0.02743	0.02998	0.01527	0.01720	0.01187	0.00878	0.00798	0.00231	0.01324	0.00644	0.00540	0.01106
54	0.01322	0.01162	0.01132	0.01123	0.01364	0.05948	0.00818	0.03698	0.05903	0.02424	0.10322	0.21031	0.32455	0.06067	0.01161	0.00317	0.00570	0.01663	0.00747	0.00773
55	0.02775	0.08078	0.02408	0.01879	0.02423	0.33544	0.01480	0.16427	0.08797	0.02966	0.01667	0.01785	0.01313	0.00874	0.00744	0.00215	0.01130	0.00611	0.00562	0.10322
56	0.01191	0.00816	0.00967	0.01016	0.01058	0.00804	0.00651	0.01267	0.01376	0.01815	0.03336	0.14240	0.06144	0.50467	0.03294	0.00670	0.00743	0.08995	0.00582	0.00567
57	0.01962	0.04228	0.53302	0.02321	0.03384	0.15414	0.02768	0.02772	0.01877	0.02508	0.01448	0.01701	0.01056	0.00803	0.00781	0.00253	0.01283	0.00598	0.00367	0.01173
58	0.02945	0.02221	0.02373	0.01868	0.02495	0.02477	0.01527	0.51451	0.15654	0.04892	0.02265	0.02210	0.01632	0.01023	0.00834	0.00256	0.00864	0.00785	0.00834	0.01394
59	0.01174	0.00791	0.00916	0.00950	0.00958	0.00783	0.00550	0.01199	0.01275	0.01700	0.02960	0.16755	0.03452	0.58897	0.03675	0.00724	0.00749	0.01410	0.00550	0.00533
60	0.01191	0.00873	0.01247	0.01247	0.01365	0.00990	0.00928	0.01427	0.01309	0.01863	0.02306	0.03711	0.02271	0.19516	0.54492	0.01226	0.01933	0.00956	0.00457	0.00693
61	0.02297	0.02276	0.02147	0.11016	0.07003	0.22611	0.01561	0.10287	0.04241	0.02532	0.01626	0.02088	0.01346	0.01429	0.04064	0.10723	0.06201	0.00687	0.04920	0.00945
62	0.02075	0.52066	0.17272	0.01677	0.02443	0.02947	0.01797	0.02481	0.01671	0.02100	0.01221	0.01457	0.01065	0.00782	0.00750	0.00209	0.06043	0.00501	0.00355	0.01088
63	0.01842	0.01388	0.01898	0.06468	0.02194	0.01316	0.05602	0.10837	0.01831	0.02583	0.01557	0.02127	0.01327	0.01512	0.01637	0.27406	0.00792	0.00667	0.00481	0.26536
64	0.05273	0.02028	0.08001	0.03362	0.30140	0.01821	0.08826	0.03105	0.08755	0.17110	0.02138	0.02313	0.01572	0.00848	0.00831	0.00258	0.00940	0.00789	0.00597	0.01293
65	0.02150	0.02353	0.01870	0.01983	0.09362	0.29930	0.01279	0.02421	0.04628	0.02060	0.02287	0.06822	0.04588	0.22616	0.01863	0.00413	0.01088	0.00933	0.00500	0.00852
66	0.05676	0.01679	0.06208	0.04647	0.01922	0.08616	0.01153	0.02261	0.10591	0.05594	0.09594	0.05103	0.30744	0.01515	0.00883	0.00268	0.00692	0.01237	0.00701	0.00916
67	0.32299	0.21311	0.15611	0.01528	0.02246	0.07109	0.01544	0.02543	0.01642	0.02849	0.01248	0.01455	0.01003	0.00758	0.00598	0.00228	0.00892	0.00490	0.00430	0.04216
68	0.14103	0.02944	0.27494	0.04997	0.03036	0.02157	0.04651	0.24439	0.02486	0.03729	0.01628	0.01818	0.01170	0.00860	0.00771	0.00258	0.01023	0.00657	0.00555	0.01225
69	0.02519	0.02968	0.02051	0.01813	0.02269	0.43292	0.01371	0.02771	0.02088	0.02186	0.01594	0.05759	0.01444	0.01304	0.05699	0.00284	0.01289	0.00660	0.00464	0.18178
70	0.06016	0.07797	0.02384	0.14493	0.03003	0.30527	0.01630	0.06423	0.14745	0.02589	0.01769	0.01966	0.01385	0.00899	0.00761	0.00241	0.01137	0.00656	0.00522	0.01056
71	0.19780	0.01746	0.01753	0.01548	0.02045	0.01995	0.01223	0.06435	0.43436	0.06993	0.02792	0.02625	0.02076	0.01032	0.00766	0.00273	0.00668	0.00810	0.00777	0.01227
72	0.11554	0.02582	0.02152	0.10391	0.02759	0.25562	0.01518	0.14300	0.09695	0.03080	0.01692	0.01874	0.01306	0.00881	0.00747	0.00234	0.01061	0.00635	0.00562	0.07416

[dist]
# distance from previous block
# <min> <max>
0	5

[block]
# block no. 3 follows, 22 sequences, length 6
# corresponding to MSA columns:
# 417-422
name=unknown_D
#
# <colnr> <probs for GDERKNQSTAVLIFYWHMCP>
#	G	D	E	R	K	N	Q	S	T	A	V	L	I	F	Y	W	H	M	C	P
0	0.19499	0.01445	0.08252	0.01204	0.01639	0.01172	0.01060	0.01981	0.01798	0.09700	0.08661	0.15382	0.22015	0.01578	0.00846	0.00279	0.00601	0.01300	0.00702	0.00886
1	0.02425	0.02245	0.02160	0.09144	0.02655	0.16837	0.01540	0.13161	0.20824	0.06273	0.02213	0.02368	0.01701	0.01438	0.06287	0.00349	0.05829	0.00770	0.00640	0.01140
2	0.02639	0.02778	0.10406	0.01940	0.02549	0.17828	0.01680	0.27342	0.13123	0.03649	0.02153	0.06321	0.01728	0.01060	0.00823	0.00254	0.01024	0.00813	0.00672	0.01219
3	0.18955	0.09987	0.21223	0.02032	0.09324	0.01923	0.01836	0.06784	0.01906	0.07655	0.05296	0.06057	0.01790	0.00962	0.00736	0.00254	0.00881	0.00751	0.00535	0.01115
4	0.09003	0.09088	0.06142	0.17414	0.02669	0.01611	0.01394	0.02159	0.08610	0.02579	0.08771	0.04127	0.20752	0.01287	0.00822	0.00264	0.00735	0.01052	0.00596	0.00923
5	0.01832	0.09194	0.02320	0.16055	0.02824	0.04202	0.03633	0.10714	0.01932	0.02563	0.02097	0.02611	0.05217	0.02330	0.18139	0.00527	0.05575	0.00788	0.00491	0.06958

[dist]
# distance from previous block
# <min> <max>
45	148

[block]
# block no. 4 follows, 22 sequences, length 98
# corresponding to MSA columns:
# 589-686
name=unknown_E
#
# <colnr> <probs for GDERKNQSTAVLIFYWHMCP>
#	G	D	E	R	K	N	Q	S	T	A	V	L	I	F	Y	W	H	M	C	P
0	0.27850	0.01943	0.10135	0.01785	0.05092	0.01798	0.05284	0.12061	0.01899	0.03262	0.01658	0.02080	0.01343	0.02190	0.17648	0.00531	0.01227	0.00678	0.00517	0.01018
1	0.01693	0.05537	0.11814	0.05890	0.08425	0.01792	0.01745	0.02235	0.05553	0.02401	0.01876	0.06150	0.01716	0.01647	0.08228	0.00378	0.15310	0.03108	0.00466	0.14036
2	0.06917	0.02105	0.02572	0.20364	0.15214	0.11544	0.05244	0.14577	0.02295	0.03030	0.04353	0.02368	0.03985	0.00924	0.00817	0.00255	0.01035	0.00776	0.00528	0.01097
3	0.02078	0.02275	0.13793	0.28385	0.15856	0.02068	0.02302	0.17588	0.02286	0.03107	0.01626	0.02049	0.01214	0.00848	0.00822	0.00262	0.01057	0.00719	0.00490	0.01173
4	0.02204	0.01731	0.04888	0.28465	0.20636	0.01775	0.02074	0.02888	0.08140	0.15815	0.02067	0.02372	0.01503	0.00876	0.00829	0.00265	0.00951	0.00775	0.00565	0.01181
5	0.01722	0.01919	0.08775	0.32434	0.10257	0.01771	0.12715	0.02299	0.01756	0.02430	0.01522	0.02069	0.01172	0.00755	0.00812	0.00244	0.01066	0.00723	0.00404	0.15159
6	0.03103	0.03959	0.02354	0.02140	0.02568	0.67469	0.01605	0.03317	0.02354	0.02033	0.01284	0.01498	0.01070	0.00856	0.00749	0.00214	0.01498	0.00535	0.00428	0.00963
7	0.01577	0.00938	0.01239	0.01113	0.01380	0.00853	0.00853	0.01958	0.02356	0.13228	0.55439	0.05674	0.06928	0.01593	0.00957	0.00261	0.00442	0.01397	0.00932	0.00883
8	0.01187	0.00890	0.01335	0.01335	0.01483	0.01038	0.01038	0.01483	0.01335	0.01928	0.02225	0.03264	0.02077	0.06231	0.67512	0.01335	0.02225	0.00890	0.00445	0.00742
9	0.02490	0.01881	0.02020	0.01682	0.02220	0.02080	0.01346	0.26617	0.31094	0.08008	0.03317	0.03121	0.08024	0.01163	0.00852	0.00268	0.00737	0.00936	0.00844	0.01301
10	0.02221	0.71304	0.04353	0.01421	0.02132	0.03287	0.01421	0.02488	0.01688	0.01955	0.01155	0.01333	0.01066	0.00711	0.00533	0.00178	0.00888	0.00444	0.00355	0.01066
11	0.01818	0.01722	0.02884	0.33581	0.35098	0.01868	0.02353	0.02332	0.01778	0.02447	0.01519	0.02109	0.01217	0.00774	0.00815	0.00253	0.01021	0.00726	0.00397	0.05288
12	0.02916	0.06712	0.02548	0.06066	0.06699	0.45227	0.01691	0.13450	0.02521	0.02631	0.01429	0.01652	0.01147	0.00865	0.00762	0.00224	0.01313	0.00592	0.00490	0.01066
13	0.26876	0.02994	0.02006	0.01773	0.02259	0.38110	0.01374	0.10526	0.02246	0.02983	0.01332	0.01513	0.01058	0.00846	0.00683	0.00232	0.01148	0.00534	0.00507	0.00999
14	0.01059	0.00837	0.00953	0.00940	0.01173	0.00731	0.00699	0.01335	0.02051	0.02656	0.30081	0.11226	0.39351	0.01979	0.00986	0.00277	0.00414	0.01695	0.00827	0.00731
15	0.01208	0.00805	0.00906	0.00906	0.00906	0.00805	0.00503	0.01208	0.01208	0.01611	0.02618	0.05436	0.03020	0.70804	0.04228	0.00805	0.00805	0.01208	0.00503	0.00503
16	0.01118	0.00807	0.01081	0.01262	0.01371	0.00769	0.00951	0.01345	0.01714	0.02248	0.04733	0.46708	0.08586	0.02473	0.01085	0.00349	0.00572	0.21354	0.00769	0.00706
17	0.01022	0.00731	0.00973	0.01150	0.01207	0.00682	0.00772	0.01183	0.01638	0.02197	0.08395	0.66228	0.05642	0.02546	0.01055	0.00333	0.00476	0.02308	0.00780	0.00682
18	0.03121	0.03420	0.02400	0.02065	0.02571	0.46038	0.01597	0.22979	0.02867	0.03091	0.01519	0.01662	0.01183	0.00903	0.00776	0.00226	0.01305	0.00605	0.00561	0.01112
19	0.01069	0.00845	0.00962	0.00933	0.01176	0.00738	0.00700	0.01361	0.02099	0.02732	0.33897	0.07192	0.39499	0.01922	0.00981	0.00272	0.00408	0.01641	0.00836	0.00738
20	0.01012	0.00723	0.00964	0.01157	0.01205	0.00675	0.00771	0.01157	0.01591	0.02121	0.04579	0.70262	0.05495	0.02603	0.01060	0.00337	0.00482	0.02362	0.00771	0.00675
21	0.01818	0.01818	0.02545	0.02181	0.02181	0.02545	0.01818	0.01999	0.01272	0.01999	0.01091	0.01818	0.01091	0.01454	0.02726	0.00364	0.69284	0.00727	0.00364	0.00909
22	0.01818	0.01818	0.02545	0.02181	0.02181	0.02545	0.01818	0.01999	0.01272	0.01999	0.01091	0.01818	0.01091	0.01454	0.02726	0.00364	0.69284	0.00727	0.00364	0.00909
23	0.01942	0.02370	0.08781	0.03430	0.04295	0.02090	0.58856	0.02659	0.01948	0.02659	0.01669	0.02210	0.01247	0.00706	0.00968	0.00279	0.01390	0.00957	0.00416	0.01127
24	0.02812	0.07826	0.09441	0.02008	0.02565	0.42301	0.01693	0.12485	0.02456	0.02657	0.01490	0.01683	0.01181	0.00868	0.00743	0.00222	0.01276	0.00585	0.04651	0.01059
25	0.02345	0.03267	0.19247	0.09736	0.07231	0.25747	0.05912	0.06774	0.07036	0.02597	0.01612	0.01883	0.01234	0.00849	0.00800	0.00247	0.01243	0.00664	0.00458	0.01116
26	0.01176	0.00849	0.01110	0.01045	0.01241	0.00784	0.00784	0.01568	0.02352	0.03331	0.65184	0.06206	0.07839	0.01698	0.00980	0.00261	0.00392	0.01502	0.00914	0.00784
27	0.01210	0.00883	0.01300	0.01300	0.01451	0.01022	0.01009	0.01512	0.01361	0.02002	0.02256	0.03253	0.02080	0.05897	0.63275	0.01263	0.02109	0.00883	0.05191	0.00744
28	0.03191	0.02275	0.02461	0.01887	0.02550	0.02499	0.01559	0.59488	0.03818	0.08724	0.02068	0.02042	0.01450	0.00999	0.00831	0.00250	0.00902	0.00753	0.00842	0.01413
29	0.01176	0.00849	0.01110	0.01045	0.01241	0.00784	0.00784	0.01568	0.02352	0.03331	0.65184	0.06206	0.07839	0.01698	0.00980	0.00261	0.00392	0.01502	0.00914	0.00784
30	0.02056	0.01974	0.03372	0.05099	0.65622	0.01974	0.02550	0.02550	0.01892	0.02714	0.01563	0.02056	0.01316	0.00740	0.00822	0.00247	0.00987	0.00740	0.00411	0.01316
31	0.01443	0.00722	0.01082	0.01082	0.01082	0.00722	0.00722	0.01082	0.01082	0.01443	0.01443	0.02525	0.01443	0.02886	0.03247	0.75830	0.00722	0.00722	0.00361	0.00361
32	0.02056	0.01974	0.03372	0.05099	0.65622	0.01974	0.02550	0.02550	0.01892	0.02714	0.01563	0.02056	0.01316	0.00740	0.00822	0.00247	0.00987	0.00740	0.00411	0.01316
33	0.01666	0.04297	0.66500	0.02368	0.03596	0.01929	0.03069	0.02631	0.01754	0.02631	0.01491	0.01754	0.01052	0.00789	0.00789	0.00263	0.01228	0.00614	0.00351	0.01228
34	0.21117	0.01958	0.02175	0.19770	0.06654	0.05849	0.01642	0.20981	0.06242	0.03590	0.01667	0.01935	0.01247	0.00881	0.00747	0.00258	0.00919	0.00670	0.00582	0.01115
35	0.02154	0.01948	0.03036	0.02296	0.02933	0.01978	0.24898	0.20974	0.10034	0.03467	0.03252	0.03354	0.13534	0.01107	0.00919	0.00271	0.00978	0.01050	0.00663	0.01154
36	0.02301	0.10614	0.02245	0.01714	0.02117	0.23029	0.01369	0.13768	0.02191	0.02589	0.01749	0.02223	0.01505	0.02846	0.25350	0.00630	0.01583	0.00695	0.00502	0.00979
37	0.01845	0.25913	0.46452	0.02063	0.03123	0.02367	0.02538	0.02585	0.01733	0.02413	0.01382	0.01618	0.01057	0.00764	0.00707	0.00236	0.01118	0.00559	0.00352	0.01176
38	0.09088	0.02760	0.19657	0.05811	0.06737	0.14015	0.01838	0.02534	0.01828	0.02623	0.01419	0.01703	0.01119	0.00743	0.00704	0.00208	0.01004	0.00559	0.00431	0.25218
39	0.01202	0.00814	0.00945	0.00932	0.00969	0.00801	0.00556	0.01276	0.01424	0.01935	0.14416	0.05581	0.03929	0.57773	0.03616	0.00703	0.00727	0.01264	0.00581	0.00556
40	0.02445	0.01639	0.01732	0.01408	0.01864	0.01778	0.01137	0.35879	0.02948	0.04289	0.02311	0.02483	0.01730	0.00984	0.00720	0.00225	0.00681	0.00760	0.33856	0.01130
41	0.01032	0.00844	0.00912	0.00895	0.01153	0.00723	0.00671	0.01290	0.02013	0.02527	0.23180	0.07530	0.50345	0.01998	0.00981	0.00276	0.00413	0.01688	0.00809	0.00723
42	0.01215	0.00800	0.01049	0.01135	0.01265	0.00734	0.00794	0.01427	0.01819	0.06393	0.17680	0.48874	0.09108	0.02283	0.01025	0.00313	0.00473	0.02049	0.00818	0.00746
43	0.01799	0.01147	0.01415	0.01258	0.01589	0.01136	0.00973	0.02604	0.15776	0.13943	0.41337	0.04962	0.05713	0.01461	0.00926	0.00265	0.00503	0.01268	0.00919	0.01005
44	0.03158	0.02327	0.02493	0.01911	0.02576	0.02576	0.01579	0.62852	0.03906	0.05236	0.01995	0.01995	0.01413	0.00997	0.00831	0.00249	0.00914	0.00748	0.00831	0.01413
45	0.00985	0.00830	0.00853	0.00871	0.01130	0.00699	0.00644	0.01189	0.01865	0.02232	0.08052	0.13900	0.59614	0.02151	0.00989	0.00286	0.00427	0.01811	0.00771	0.00699
46	0.01549	0.00774	0.00774	0.00774	0.00968	0.00774	0.00581	0.01936	0.01742	0.03097	0.02710	0.03097	0.02129	0.00968	0.00581	0.00194	0.00387	0.00774	0.75416	0.00774
47	0.01198	0.00868	0.01175	0.04991	0.01446	0.00943	0.00851	0.01364	0.01328	0.01825	0.02620	0.11804	0.02817	0.33226	0.28926	0.00933	0.01352	0.01186	0.00503	0.00642
48	0.02221	0.71304	0.04353	0.01421	0.02132	0.03287	0.01421	0.02488	0.01688	0.01955	0.01155	0.01333	0.01066	0.00711	0.00533	0.00178	0.00888	0.00444	0.00355	0.01066
49	0.76672	0.01607	0.01221	0.01092	0.01607	0.01864	0.00900	0.02442	0.01414	0.03727	0.01157	0.01350	0.00900	0.00771	0.00514	0.00257	0.00643	0.00450	0.00514	0.00900
50	0.01187	0.00890	0.01335	0.01335	0.01483	0.01038	0.01038	0.01483	0.01335	0.01928	0.02225	0.03264	0.02077	0.06231	0.67512	0.01335	0.02225	0.00890	0.00445	0.00742
51	0.01236	0.00899	0.01209	0.01366	0.01544	0.00872	0.01137	0.01560	0.01879	0.02442	0.08037	0.19275	0.11715	0.02294	0.01106	0.00357	0.00660	0.40892	0.00775	0.00744
52	0.01187	0.00890	0.01335	0.01335	0.01483	0.01038	0.01038	0.01483	0.01335	0.01928	0.02225	0.03264	0.02077	0.06231	0.67512	0.01335	0.02225	0.00890	0.00445	0.00742
53	0.00992	0.00842	0.00856	0.00852	0.01128	0.00706	0.00639	0.01212	0.01918	0.02302	0.11448	0.07899	0.62217	0.02082	0.00982	0.00279	0.00419	0.01740	0.00779	0.00706
54	0.01443	0.00722	0.01082	0.01082	0.01082	0.00722	0.00722	0.01082	0.01082	0.01443	0.01443	0.02525	0.01443	0.02886	0.03247	0.75830	0.00722	0.00722	0.00361	0.00361
55	0.01899	0.01813	0.03088	0.25651	0.46299	0.01933	0.02471	0.02412	0.01817	0.02523	0.01535	0.02107	0.01249	0.00769	0.00825	0.00256	0.01026	0.00740	0.00398	0.01189
56	0.01666	0.04297	0.66500	0.02368	0.03596	0.01929	0.03069	0.02631	0.01754	0.02631	0.01491	0.01754	0.01052	0.00789	0.00789	0.00263	0.01228	0.00614	0.00351	0.01228
57	0.02083	0.02108	0.02936	0.02389	0.02627	0.09425	0.13226	0.02374	0.01577	0.05472	0.01337	0.01915	0.01171	0.01225	0.02084	0.00326	0.45568	0.00760	0.00416	0.00981
58	0.01704	0.01398	0.01663	0.05825	0.02165	0.01562	0.01352	0.03087	0.33675	0.02946	0.03706	0.09569	0.03447	0.01625	0.00968	0.00321	0.00714	0.22440	0.00781	0.01050
59	0.03103	0.03959	0.02354	0.02140	0.02568	0.67469	0.01605	0.03317	0.02354	0.02033	0.01284	0.01498	0.01070	0.00856	0.00749	0.00214	0.01498	0.00535	0.00428	0.00963
60	0.02169	0.01373	0.01437	0.01213	0.01588	0.01469	0.00966	0.25423	0.02576	0.03922	0.02434	0.02672	0.01853	0.00979	0.00677	0.00215	0.00590	0.00764	0.46659	0.01020
61	0.02146	0.02990	0.15982	0.03001	0.03828	0.15828	0.38538	0.02794	0.02005	0.02523	0.01561	0.01993	0.01181	0.00750	0.00896	0.00263	0.01389	0.00818	0.00409	0.01108
62	0.03103	0.03959	0.02354	0.02140	0.02568	0.67469	0.01605	0.03317	0.02354	0.02033	0.01284	0.01498	0.01070	0.00856	0.00749	0.00214	0.01498	0.00535	0.00428	0.00963
63	0.02056	0.01974	0.03372	0.05099	0.65622	0.01974	0.02550	0.02550	0.01892	0.02714	0.01563	0.02056	0.01316	0.00740	0.00822	0.00247	0.00987	0.00740	0.00411	0.01316
64	0.01098	0.00803	0.00930	0.00994	0.01100	0.00750	0.00665	0.01222	0.01554	0.01986	0.04935	0.23733	0.21850	0.28336	0.02246	0.00501	0.00605	0.05398	0.00669	0.00623
65	0.02066	0.01785	0.01878	0.01691	0.02160	0.02066	0.01315	0.04414	0.64121	0.03475	0.03381	0.03099	0.02536	0.01127	0.00845	0.00282	0.00657	0.00939	0.00845	0.01315
66	0.01207	0.00810	0.00927	0.00927	0.00934	0.00817	0.00530	0.01222	0.01214	0.01626	0.02598	0.05330	0.02974	0.67638	0.07331	0.00831	0.00875	0.01193	0.00501	0.00515
67	0.01312	0.01150	0.05175	0.01104	0.01441	0.00924	0.00918	0.01782	0.06010	0.06098	0.29920	0.06318	0.31244	0.01743	0.00953	0.00271	0.00490	0.01484	0.00820	0.00843
68	0.03158	0.02327	0.02493	0.01911	0.02576	0.02576	0.01579	0.62852	0.03906	0.05236	0.01995	0.01995	0.01413	0.00997	0.00831	0.00249	0.00914	0.00748	0.00831	0.01413
69	0.04989	0.00884	0.00951	0.00923	0.01187	0.00789	0.00696	0.01383	0.02021	0.02684	0.26969	0.07052	0.42774	0.01899	0.00957	0.00273	0.00423	0.01602	0.00806	0.00739
70	0.01549	0.00774	0.00774	0.00774	0.00968	0.00774	0.00581	0.01936	0.01742	0.03097	0.02710	0.03097	0.02129	0.00968	0.00581	0.00194	0.00387	0.00774	0.75416	0.00774
71	0.01569	0.01477	0.02492	0.68808	0.05722	0.01846	0.02307	0.02123	0.01661	0.02123	0.01477	0.02215	0.01107	0.00831	0.00831	0.00277	0.01107	0.00738	0.00369	0.00923
72	0.01024	0.00843	0.00899	0.00885	0.01148	0.00719	0.00664	0.01273	0.01992	0.02478	0.20613	0.07610	0.52942	0.02017	0.00981	0.00276	0.00415	0.01699	0.00802	0.00719
73	0.01187	0.00890	0.01335	0.01335	0.01483	0.01038	0.01038	0.01483	0.01335	0.01928	0.02225	0.03264	0.02077	0.06231	0.67512	0.01335	0.02225	0.00890	0.00445	0.00742
74	0.01032	0.00844	0.00912	0.00895	0.01153	0.00723	0.00671	0.01290	0.02013	0.02527	0.23180	0.07530	0.50345	0.01998	0.00981	0.00276	0.00413	0.01688	0.00809	0.00723
75	0.01422	0.01115	0.01353	0.01233	0.01586	0.00962	0.00905	0.05423	0.01788	0.02544	0.03219	0.39514	0.03592	0.01735	0.00874	0.00249	0.00561	0.01539	0.00667	0.29719
76	0.01949	0.01437	0.01741	0.01517	0.01850	0.01610	0.01196	0.25140	0.02315	0.03175	0.02173	0.02980	0.01910	0.10335	0.35778	0.00866	0.01585	0.00865	0.00600	0.00978
77	0.01208	0.00805	0.00906	0.00906	0.00906	0.00805	0.00503	0.01208	0.01208	0.01611	0.02618	0.05436	0.03020	0.70804	0.04228	0.00805	0.00805	0.01208	0.00503	0.00503
78	0.01731	0.12065	0.59296	0.02258	0.03426	0.02087	0.02878	0.02614	0.01746	0.02552	0.01452	0.01705	0.01054	0.00780	0.00760	0.00253	0.01188	0.00594	0.00351	0.01209
79	0.02297	0.02640	0.03393	0.11528	0.15414	0.23391	0.21585	0.02762	0.02013	0.02374	0.01482	0.01945	0.01183	0.00802	0.00920	0.00255	0.03778	0.00750	0.00413	0.01073
80	0.01208	0.00887	0.01173	0.01332	0.01508	0.00853	0.01096	0.01510	0.01841	0.02367	0.05134	0.21949	0.15440	0.02327	0.01100	0.00355	0.00646	0.37770	0.00767	0.00735
81	0.01054	0.00842	0.00926	0.00906	0.01144	0.00732	0.00669	0.01305	0.01988	0.02530	0.25021	0.07300	0.44222	0.06278	0.01184	0.00308	0.00436	0.01644	0.00797	0.00714
82	0.06443	0.02236	0.02666	0.14115	0.06157	0.16021	0.12303	0.13832	0.02211	0.02823	0.01578	0.02038	0.01252	0.01244	0.03430	0.08252	0.01174	0.00726	0.00490	0.01010
83	0.02679	0.02828	0.01986	0.01764	0.02169	0.38247	0.01351	0.13413	0.02443	0.02821	0.01765	0.02021	0.01410	0.01184	0.04194	0.00274	0.01194	0.00642	0.16625	0.00990
84	0.01057	0.00845	0.00945	0.00920	0.01168	0.00733	0.00690	0.01337	0.02070	0.02663	0.30304	0.07305	0.43136	0.01948	0.00981	0.00273	0.00410	0.01657	0.00827	0.00733
85	0.02056	0.01974	0.03372	0.05099	0.65622	0.01974	0.02550	0.02550	0.01892	0.02714	0.01563	0.02056	0.01316	0.00740	0.00822	0.00247	0.00987	0.00740	0.00411	0.01316
86	0.01443	0.00722	0.01082	0.01082	0.01082	0.00722	0.00722	0.01082	0.01082	0.01443	0.01443	0.02525	0.01443	0.02886	0.03247	0.75830	0.00722	0.00722	0.00361	0.00361
87	0.01449	0.00836	0.00999	0.04803	0.01359	0.00887	0.00785	0.01816	0.01645	0.02751	0.02623	0.06158	0.02214	0.02143	0.14706	0.00445	0.00820	0.00869	0.51922	0.00771
88	0.01443	0.00722	0.01082	0.01082	0.01082	0.00722	0.00722	0.01082	0.01082	0.01443	0.01443	0.02525	0.01443	0.02886	0.03247	0.75830	0.00722	0.00722	0.00361	0.00361
89	0.01142	0.00848	0.01063	0.01009	0.01220	0.00769	0.00757	0.01502	0.02271	0.03141	0.55239	0.06519	0.17902	0.01769	0.00980	0.00265	0.00397	0.01546	0.00889	0.00769
90	0.02352	0.37464	0.03662	0.02637	0.20695	0.15929	0.01787	0.02674	0.01882	0.02191	0.01300	0.01577	0.01140	0.00749	0.00661	0.00205	0.01041	0.00549	0.00386	0.01118
91	0.02056	0.01974	0.03372	0.05099	0.65622	0.01974	0.02550	0.02550	0.01892	0.02714	0.01563	0.02056	0.01316	0.00740	0.00822	0.00247	0.00987	0.00740	0.00411	0.01316
92	0.06611	0.29876	0.19217	0.01860	0.02604	0.22461	0.01863	0.02774	0.01892	0.02250	0.01279	0.01490	0.01054	0.00778	0.00662	0.00215	0.01146	0.00515	0.00385	0.01066
93	0.02091	0.03265	0.29488	0.02064	0.02848	0.14341	0.02117	0.03448	0.25914	0.02844	0.02181	0.02224	0.01628	0.00932	0.00803	0.00261	0.01059	0.00724	0.00556	0.01211
94	0.02296	0.02837	0.28138	0.02605	0.13434	0.01911	0.05238	0.09540	0.08983	0.13689	0.02074	0.02182	0.01477	0.00876	0.00823	0.00261	0.01012	0.00740	0.00584	0.01298
95	0.02853	0.02790	0.05994	0.01948	0.02520	0.22195	0.01617	0.34916	0.03045	0.03769	0.01773	0.01960	0.01356	0.01481	0.07663	0.00351	0.01245	0.00690	0.00641	0.01196
96	0.01824	0.21046	0.46995	0.02200	0.03274	0.02282	0.06376	0.02597	0.01750	0.02462	0.01418	0.01678	0.01069	0.00764	0.00737	0.00243	0.01153	0.00594	0.00356	0.01180
97	0.02027	0.21636	0.19558	0.06073	0.02714	0.16115	0.01877	0.02490	0.01779	0.02155	0.01493	0.01899	0.01257	0.01811	0.13296	0.00432	0.01374	0.00611	0.00387	0.01016

[dist]
# distance from previous block
# <min> <max>
0	1

[block]
# block no. 5 follows, 22 sequences, length 6
# corresponding to MSA columns:
# 688-693
name=unknown_F
#
# <colnr> <probs for GDERKNQSTAVLIFYWHMCP>
#	G	D	E	R	K	N	Q	S	T	A	V	L	I	F	Y	W	H	M	C	P
0	0.01303	0.00853	0.01156	0.01156	0.01318	0.00954	0.00892	0.01628	0.01465	0.02303	0.02380	0.03210	0.02094	0.04545	0.46078	0.00970	0.01637	0.00853	0.24454	0.00752
1	0.02168	0.02309	0.02126	0.23247	0.03285	0.26251	0.01664	0.06154	0.02001	0.02298	0.01646	0.02180	0.01352	0.01872	0.13305	0.00446	0.01411	0.00693	0.04666	0.00925
2	0.01349	0.01017	0.01374	0.01717	0.13084	0.01012	0.00913	0.01455	0.01372	0.01866	0.02604	0.10898	0.02933	0.51236	0.03291	0.00656	0.00809	0.01229	0.00511	0.00672
3	0.01176	0.00788	0.01034	0.01076	0.01178	0.00773	0.00753	0.01209	0.01435	0.01878	0.03955	0.18933	0.17062	0.09020	0.14405	0.21885	0.00890	0.01386	0.00571	0.00590
4	0.06717	0.01341	0.01491	0.01356	0.01631	0.01428	0.01022	0.20559	0.02218	0.03076	0.02866	0.14104	0.02991	0.24853	0.02030	0.00468	0.00776	0.09515	0.00682	0.00875
5	0.02722	0.02872	0.02113	0.01826	0.02299	0.34972	0.01414	0.21231	0.02745	0.03058	0.02842	0.02871	0.13232	0.01134	0.00818	0.00237	0.01116	0.00829	0.00616	0.01052

[dist]
# distance from previous block
# <min> <max>
0	31

[block]
# block no. 6 follows, 22 sequences, length 26
# corresponding to MSA columns:
# 725-750
name=unknown_G
#
# <colnr> <probs for GDERKNQSTAVLIFYWHMCP>
#	G	D	E	R	K	N	Q	S	T	A	V	L	I	F	Y	W	H	M	C	P
0	0.03123	0.03365	0.02405	0.02057	0.02571	0.43835	0.01596	0.25000	0.02919	0.03200	0.01543	0.01679	0.01195	0.00907	0.00779	0.00227	0.01285	0.00613	0.00575	0.01127
1	0.02131	0.02242	0.02899	0.23332	0.34720	0.15624	0.02280	0.02584	0.01920	0.02397	0.01479	0.01986	0.01203	0.00791	0.00810	0.00249	0.01129	0.00697	0.00402	0.01126
2	0.02692	0.08014	0.02708	0.02790	0.18234	0.41063	0.01803	0.03161	0.07436	0.02320	0.01523	0.01762	0.01256	0.00840	0.00760	0.00225	0.01256	0.00614	0.00454	0.01088
3	0.02041	0.01350	0.06916	0.01385	0.01830	0.01046	0.01235	0.02397	0.02033	0.23309	0.04859	0.08777	0.19684	0.01714	0.00967	0.00302	0.00682	0.17659	0.00818	0.00996
4	0.09298	0.03512	0.02325	0.02190	0.05864	0.52779	0.01594	0.08351	0.02384	0.02490	0.01350	0.01558	0.01098	0.00855	0.00740	0.00222	0.01348	0.00557	0.00469	0.01015
5	0.00991	0.00807	0.00877	0.00933	0.01146	0.00694	0.00672	0.01182	0.01806	0.02208	0.07305	0.26014	0.47982	0.02248	0.01005	0.00297	0.00438	0.01929	0.00771	0.00694
6	0.08158	0.01953	0.07489	0.01664	0.02314	0.01788	0.01454	0.21650	0.07981	0.29836	0.02652	0.05243	0.01881	0.01056	0.00818	0.00261	0.00796	0.00836	0.00849	0.01323
7	0.01960	0.01862	0.03094	0.17490	0.49370	0.01955	0.02416	0.02594	0.06142	0.02649	0.01671	0.02160	0.01359	0.00785	0.00826	0.00255	0.00988	0.00754	0.00433	0.01238
8	0.03103	0.03959	0.02354	0.02140	0.02568	0.67469	0.01605	0.03317	0.02354	0.02033	0.01284	0.01498	0.01070	0.00856	0.00749	0.00214	0.01498	0.00535	0.00428	0.00963
9	0.01666	0.04297	0.66500	0.02368	0.03596	0.01929	0.03069	0.02631	0.01754	0.02631	0.01491	0.01754	0.01052	0.00789	0.00789	0.00263	0.01228	0.00614	0.00351	0.01228
10	0.01188	0.00885	0.01309	0.01309	0.01448	0.01024	0.01006	0.01467	0.01327	0.01909	0.02249	0.03395	0.02134	0.10148	0.63673	0.01303	0.02139	0.00909	0.00449	0.00727
11	0.01037	0.00733	0.00957	0.01125	0.01167	0.00691	0.00738	0.01163	0.01543	0.02057	0.04333	0.62139	0.05184	0.11149	0.01457	0.00396	0.00523	0.02217	0.00738	0.00653
12	0.00982	0.00842	0.00842	0.00842	0.01122	0.00701	0.00631	0.01192	0.01894	0.02244	0.08416	0.07995	0.65285	0.02104	0.00982	0.00281	0.00421	0.01753	0.00771	0.00701
13	0.01176	0.00849	0.01110	0.01045	0.01241	0.00784	0.00784	0.01568	0.02352	0.03331	0.65184	0.06206	0.07839	0.01698	0.00980	0.00261	0.00392	0.01502	0.00914	0.00784
14	0.01187	0.00890	0.01335	0.01335	0.01483	0.01038	0.01038	0.01483	0.01335	0.01928	0.02225	0.03264	0.02077	0.06231	0.67512	0.01335	0.02225	0.00890	0.00445	0.00742
15	0.65444	0.01577	0.01330	0.01152	0.01686	0.01765	0.00949	0.02689	0.01562	0.13344	0.01483	0.01577	0.01078	0.00811	0.00564	0.00257	0.00653	0.00509	0.00593	0.00979
16	0.02822	0.02002	0.02134	0.01674	0.02240	0.02200	0.01370	0.50121	0.03454	0.04789	0.02144	0.02225	0.01563	0.00991	0.00779	0.00238	0.00804	0.00753	0.16419	0.01279
