[name]
unknown

[dist]
# distance from previous block
# <min> <max>
0	0

[block]
# block no. 0 follows, 20 sequences, length 22
# corresponding to MSA columns:
# 0-21
name=unknown_A
#
# <colnr> <probs for GDERKNQSTAVLIFYWHMCP>
#	G	D	E	R	K	N	Q	S	T	A	V	L	I	F	Y	W	H	M	C	P
0	0.01406	0.01004	0.01406	0.01606	0.01807	0.01004	0.01406	0.01807	0.02008	0.02610	0.04618	0.09839	0.05020	0.02410	0.01205	0.00402	0.00803	0.58032	0.00803	0.00803
1	0.03154	0.03959	0.02573	0.02542	0.08511	0.59785	0.01780	0.03407	0.02426	0.02203	0.01376	0.01629	0.01148	0.00887	0.00794	0.00228	0.01522	0.00582	0.00448	0.01046
2	0.01112	0.00887	0.00996	0.00968	0.01228	0.00771	0.00726	0.01408	0.02179	0.02809	0.30497	0.07649	0.41606	0.02040	0.01030	0.00287	0.00430	0.01736	0.00870	0.00771
3	0.01926	0.01834	0.03119	0.33574	0.37506	0.02011	0.02561	0.02473	0.01876	0.02567	0.01600	0.02235	0.01282	0.00820	0.00867	0.00273	0.01094	0.00776	0.00412	0.01194
4	0.02004	0.01915	0.03261	0.24049	0.46416	0.02032	0.02600	0.02542	0.01913	0.02662	0.01613	0.02209	0.01316	0.00806	0.00866	0.00269	0.01074	0.00777	0.00418	0.01257
5	0.13065	0.02040	0.02147	0.01746	0.02308	0.02248	0.01408	0.42245	0.03305	0.04698	0.02449	0.13752	0.02163	0.01311	0.00868	0.00279	0.00840	0.01040	0.00815	0.01271
6	0.01073	0.00877	0.00896	0.00896	0.01138	0.00756	0.00639	0.01255	0.01861	0.02239	0.07763	0.07921	0.52907	0.14043	0.01632	0.00392	0.00513	0.01740	0.00760	0.00700
7	0.01230	0.00872	0.01215	0.01267	0.01384	0.00948	0.00929	0.01478	0.01490	0.02137	0.03046	0.20339	0.03197	0.11171	0.38529	0.00991	0.01580	0.01352	0.06106	0.00739
8	0.02447	0.02592	0.02907	0.10104	0.24169	0.19950	0.02148	0.07027	0.02123	0.02632	0.01485	0.01959	0.01248	0.00989	0.01239	0.00277	0.14375	0.00715	0.00455	0.01159
9	0.01288	0.00913	0.01297	0.01297	0.01443	0.01038	0.00986	0.01580	0.01434	0.02121	0.02429	0.03627	0.02281	0.11984	0.53180	0.01223	0.01992	0.00954	0.08173	0.00758
10	0.01084	0.00768	0.01006	0.01187	0.01232	0.00723	0.00780	0.01220	0.01628	0.02171	0.04593	0.62188	0.05498	0.09691	0.01461	0.00406	0.00542	0.02353	0.00780	0.00690
11	0.09738	0.02135	0.02107	0.01723	0.02301	0.06932	0.01389	0.30815	0.11506	0.08741	0.03185	0.03084	0.10150	0.01195	0.00859	0.00270	0.00854	0.00919	0.00818	0.01280
12	0.01190	0.00818	0.01038	0.01130	0.01186	0.00817	0.00743	0.01326	0.01500	0.02065	0.03632	0.34003	0.04163	0.26280	0.11699	0.00670	0.00886	0.01749	0.04446	0.00662
13	0.02019	0.01789	0.02550	0.02123	0.02388	0.02199	0.07272	0.13654	0.01970	0.02817	0.01719	0.02405	0.01513	0.02734	0.19604	0.00630	0.30234	0.00840	0.00508	0.01032
14	0.02980	0.02401	0.02512	0.08799	0.02963	0.08554	0.01698	0.44874	0.03496	0.04573	0.01984	0.02169	0.01468	0.01428	0.05754	0.00347	0.01143	0.00774	0.00751	0.01331
15	0.01760	0.01316	0.01477	0.01358	0.01629	0.01383	0.00989	0.14366	0.10716	0.03126	0.09975	0.18810	0.08387	0.18546	0.01841	0.00436	0.00697	0.01470	0.00780	0.00936
16	0.01123	0.00827	0.00971	0.01042	0.01158	0.00762	0.00693	0.01271	0.01707	0.02209	0.09672	0.30092	0.21298	0.20813	0.01998	0.00467	0.00575	0.01903	0.00744	0.00675
17	0.01125	0.00883	0.00989	0.00965	0.01201	0.00777	0.00706	0.01392	0.02089	0.02694	0.27452	0.07479	0.38370	0.08437	0.01354	0.00340	0.00470	0.01694	0.00836	0.00747
18	0.02151	0.02251	0.02960	0.21866	0.23012	0.13272	0.05228	0.02606	0.01931	0.02470	0.01516	0.02064	0.01241	0.00886	0.01037	0.00266	0.07554	0.00731	0.00424	0.06535
19	0.09374	0.02267	0.02630	0.25485	0.14555	0.12362	0.02043	0.15301	0.02391	0.03193	0.01620	0.02039	0.01244	0.00892	0.00825	0.00266	0.01116	0.00715	0.00525	0.01158
20	0.02782	0.15315	0.02906	0.02104	0.02520	0.35299	0.01701	0.07233	0.02202	0.02359	0.01332	0.01658	0.01154	0.01028	0.01235	0.00257	0.16805	0.00608	0.00451	0.01052
21	0.01923	0.08373	0.02312	0.01853	0.02065	0.13251	0.01504	0.02176	0.01604	0.02071	0.01661	0.02405	0.01551	0.03337	0.27354	0.00741	0.23711	0.00768	0.00427	0.00910

[dist]
# distance from previous block
# <min> <max>
6	34

[block]
# block no. 1 follows, 20 sequences, length 23
# corresponding to MSA columns:
# 56-78
name=unknown_B
#
# <colnr> <probs for GDERKNQSTAVLIFYWHMCP>
#	G	D	E	R	K	N	Q	S	T	A	V	L	I	F	Y	W	H	M	C	P
0	0.01538	0.01138	0.01377	0.01413	0.01628	0.01167	0.01078	0.08963	0.07095	0.02798	0.04366	0.29599	0.08167	0.09060	0.01422	0.00397	0.00685	0.16448	0.00794	0.00867
1	0.01652	0.02283	0.18726	0.41667	0.08035	0.01865	0.02510	0.02306	0.01776	0.02400	0.01831	0.07735	0.01543	0.01011	0.00880	0.00291	0.01134	0.00884	0.00420	0.01052
2	0.18752	0.02837	0.12260	0.03155	0.22464	0.16021	0.06999	0.02851	0.01964	0.02913	0.01480	0.01832	0.01180	0.00815	0.00783	0.00260	0.01148	0.00663	0.00451	0.01171
3	0.02782	0.03216	0.02753	0.02938	0.16331	0.37486	0.01945	0.05956	0.02249	0.02458	0.01416	0.01788	0.01203	0.00987	0.01166	0.00261	0.12844	0.00656	0.00455	0.01108
4	0.03054	0.03451	0.02442	0.05345	0.02808	0.43940	0.01679	0.13455	0.10143	0.02906	0.01760	0.01908	0.01378	0.00958	0.00818	0.00243	0.01338	0.00663	0.00574	0.01136
5	0.01973	0.01934	0.02880	0.04163	0.46120	0.05669	0.02165	0.02407	0.02016	0.02696	0.03234	0.03519	0.15286	0.01105	0.00896	0.00265	0.00936	0.01002	0.00518	0.01215
6	0.01406	0.01004	0.01406	0.01606	0.01807	0.01004	0.01406	0.01807	0.02008	0.02610	0.04618	0.09839	0.05020	0.02410	0.01205	0.00402	0.00803	0.58032	0.00803	0.00803
7	0.02769	0.02243	0.02860	0.03148	0.24041	0.02418	0.01980	0.33619	0.10586	0.04343	0.02116	0.02261	0.01594	0.00970	0.00871	0.00265	0.00953	0.00807	0.00720	0.01435
8	0.02219	0.02198	0.02221	0.01963	0.02227	0.16106	0.01564	0.10034	0.05804	0.02624	0.01798	0.02369	0.01570	0.02710	0.19680	0.00612	0.21990	0.00784	0.00516	0.01013
9	0.01379	0.00910	0.01115	0.01094	0.01321	0.00815	0.00798	0.01648	0.02086	0.08223	0.25879	0.20490	0.22718	0.06007	0.01234	0.00331	0.00496	0.01773	0.00869	0.00815
10	0.01848	0.01755	0.02979	0.42956	0.28731	0.01991	0.02522	0.02405	0.01839	0.02472	0.01586	0.02260	0.01249	0.00835	0.00869	0.00278	0.01113	0.00776	0.00405	0.01131
11	0.01996	0.01545	0.01828	0.01315	0.02081	0.01173	0.01056	0.02380	0.01870	0.08341	0.01719	0.01912	0.01369	0.00685	0.00667	0.00142	0.00655	0.00549	0.00567	0.68150
12	0.03258	0.04157	0.02472	0.02247	0.02697	0.65843	0.01685	0.03483	0.02472	0.02135	0.01348	0.01573	0.01124	0.00899	0.00787	0.00225	0.01573	0.00562	0.00449	0.01011
13	0.01278	0.00924	0.01353	0.01353	0.01512	0.01067	0.01050	0.01597	0.01438	0.02127	0.02379	0.03412	0.02185	0.06081	0.60442	0.01302	0.02175	0.00924	0.06618	0.00782
14	0.01268	0.00846	0.00951	0.00951	0.00951	0.00846	0.00529	0.01268	0.01268	0.01691	0.02748	0.05708	0.03171	0.69345	0.04440	0.00846	0.00846	0.01268	0.00529	0.00529
15	0.01113	0.00887	0.00998	0.00970	0.01229	0.00771	0.00728	0.01411	0.02183	0.02819	0.30945	0.07634	0.41153	0.02037	0.01030	0.00286	0.00430	0.01734	0.00871	0.00771
16	0.01626	0.00813	0.00813	0.00813	0.01016	0.00813	0.00610	0.02033	0.01829	0.03252	0.02846	0.03252	0.02236	0.01016	0.00610	0.00203	0.00407	0.00813	0.74187	0.00813
17	0.01031	0.00884	0.00884	0.00884	0.01178	0.00736	0.00663	0.01252	0.01988	0.02356	0.08837	0.08395	0.63549	0.02209	0.01031	0.00295	0.00442	0.01841	0.00810	0.00736
18	0.01809	0.01550	0.01809	0.01292	0.02067	0.01163	0.01034	0.02196	0.01809	0.02842	0.01550	0.01809	0.01292	0.00646	0.00646	0.00129	0.00646	0.00517	0.00517	0.74677
19	0.01056	0.00786	0.00984	0.01142	0.01246	0.00715	0.00778	0.01223	0.01740	0.02255	0.05690	0.55548	0.18427	0.02618	0.01095	0.00341	0.00492	0.02340	0.00810	0.00715
20	0.03165	0.03343	0.02633	0.02483	0.09005	0.37205	0.01778	0.23501	0.02991	0.03384	0.01639	0.01816	0.01276	0.00938	0.00825	0.00241	0.01303	0.00662	0.00596	0.01214
21	0.21866	0.18075	0.02645	0.01770	0.02332	0.29610	0.01447	0.08177	0.02203	0.02879	0.01350	0.01540	0.01108	0.00855	0.00679	0.00231	0.01141	0.00537	0.00494	0.01060
22	0.02667	0.07784	0.17638	0.02419	0.05946	0.38053	0.02113	0.03095	0.02154	0.02313	0.01389	0.01686	0.01134	0.00923	0.00972	0.00251	0.07341	0.00605	0.00419	0.01098

[dist]
# distance from previous block
# <min> <max>
0	1

[block]
# block no. 2 follows, 20 sequences, length 40
# corresponding to MSA columns:
# 80-119
name=unknown_C
#
# <colnr> <probs for GDERKNQSTAVLIFYWHMCP>
#	G	D	E	R	K	N	Q	S	T	A	V	L	I	F	Y	W	H	M	C	P
0	0.09798	0.01858	0.01628	0.01447	0.01856	0.15467	0.01118	0.02734	0.05776	0.14125	0.21059	0.04343	0.12539	0.01388	0.00890	0.00266	0.00776	0.01117	0.00800	0.01017
1	0.01081	0.00850	0.00978	0.01021	0.01228	0.00746	0.00737	0.01321	0.01996	0.02552	0.18803	0.25125	0.35921	0.02271	0.01054	0.00307	0.00454	0.01968	0.00840	0.00746
2	0.01521	0.01030	0.01192	0.01147	0.01384	0.01030	0.00856	0.06309	0.06460	0.03294	0.24200	0.16904	0.08019	0.01676	0.00908	0.00272	0.00490	0.01451	0.20974	0.00883
3	0.02555	0.04147	0.28235	0.02578	0.07728	0.34778	0.02393	0.03126	0.02176	0.02447	0.01460	0.01728	0.01135	0.00861	0.00810	0.00249	0.01416	0.00612	0.00415	0.01153
4	0.01750	0.04512	0.64825	0.02486	0.03775	0.02026	0.03223	0.02762	0.01842	0.02762	0.01565	0.01842	0.01105	0.00829	0.00829	0.00276	0.01289	0.00645	0.00368	0.01289
5	0.01074	0.00764	0.01009	0.01200	0.01248	0.00716	0.00795	0.01217	0.01648	0.02198	0.04696	0.65370	0.05629	0.06330	0.01293	0.00381	0.00524	0.02414	0.00795	0.00699
6	0.01102	0.00829	0.01024	0.01121	0.01274	0.00751	0.00800	0.01332	0.01919	0.02511	0.16539	0.38021	0.22099	0.02401	0.01080	0.00326	0.00486	0.04809	0.00837	0.00741
7	0.02659	0.03049	0.03142	0.03827	0.32285	0.31437	0.05588	0.03055	0.02214	0.02517	0.01513	0.01900	0.01260	0.00831	0.00838	0.00245	0.01309	0.00693	0.00440	0.01199
8	0.01100	0.00886	0.00980	0.00957	0.01221	0.00766	0.00717	0.01386	0.02152	0.02746	0.27480	0.07753	0.44663	0.02064	0.01030	0.00288	0.00431	0.01751	0.00861	0.00766
9	0.02059	0.02353	0.05147	0.03676	0.04559	0.02206	0.60735	0.02794	0.02059	0.02794	0.01765	0.02353	0.01324	0.00735	0.01029	0.00294	0.01471	0.01029	0.00441	0.01176
10	0.02752	0.03198	0.02964	0.03677	0.30873	0.36486	0.02142	0.03112	0.02248	0.02464	0.01483	0.01843	0.01242	0.00843	0.00822	0.00241	0.01326	0.00661	0.00441	0.01182
11	0.01755	0.01654	0.02260	0.01970	0.01970	0.02235	0.01578	0.01901	0.01320	0.02002	0.01529	0.02817	0.01630	0.17749	0.03240	0.00493	0.51745	0.00884	0.00417	0.00852
12	0.01199	0.00890	0.01116	0.01060	0.01281	0.00808	0.00795	0.01577	0.02385	0.03297	0.53835	0.06846	0.17964	0.01858	0.01029	0.00278	0.00417	0.01624	0.00934	0.00808
13	0.01936	0.01158	0.01394	0.01272	0.01623	0.01089	0.00971	0.05742	0.06750	0.16741	0.14119	0.19492	0.20485	0.01862	0.00994	0.00297	0.00568	0.01600	0.00902	0.01003
14	0.06708	0.01832	0.02005	0.01678	0.02184	0.01986	0.01372	0.32928	0.07402	0.04409	0.13404	0.04195	0.06145	0.01400	0.00931	0.00286	0.00785	0.08283	0.00858	0.01208
15	0.02159	0.02073	0.03541	0.05354	0.63903	0.02073	0.02677	0.02677	0.01986	0.02850	0.01641	0.02159	0.01382	0.00777	0.00864	0.00259	0.01036	0.00777	0.00432	0.01382
16	0.01325	0.00882	0.01140	0.01140	0.01253	0.00956	0.00812	0.01551	0.01438	0.02145	0.02570	0.04156	0.02522	0.26470	0.33051	0.00990	0.01474	0.01023	0.14399	0.00702
17	0.02126	0.46740	0.25895	0.01844	0.02783	0.02947	0.02105	0.02665	0.01797	0.02304	0.01338	0.01556	0.01114	0.00775	0.00655	0.00218	0.01059	0.00529	0.00371	0.01179
18	0.01475	0.01870	0.15569	0.02108	0.10007	0.01288	0.01775	0.01969	0.01932	0.02590	0.04358	0.12580	0.14545	0.01846	0.01037	0.00331	0.00845	0.22249	0.00661	0.00963
19	0.01063	0.00759	0.01012	0.01215	0.01265	0.00709	0.00810	0.01215	0.01670	0.02227	0.04808	0.68775	0.05769	0.02733	0.01113	0.00354	0.00506	0.02480	0.00810	0.00709
20	0.02475	0.02671	0.03234	0.04462	0.46322	0.20390	0.02392	0.02909	0.02126	0.02644	0.01557	0.01991	0.01308	0.00812	0.00841	0.00249	0.01190	0.00715	0.00437	0.01275
21	0.01878	0.18966	0.51500	0.02266	0.03436	0.02341	0.02840	0.02729	0.01826	0.02605	0.01487	0.01744	0.01108	0.00810	0.00769	0.00256	0.01210	0.00605	0.00369	0.01252
22	0.01626	0.00813	0.00813	0.00813	0.01016	0.00813	0.00610	0.02033	0.01829	0.03252	0.02846	0.03252	0.02236	0.01016	0.00610	0.00203	0.00407	0.00813	0.74187	0.00813
23	0.02294	0.01191	0.01455	0.01248	0.01685	0.01059	0.00982	0.05607	0.02319	0.26773	0.11273	0.10300	0.26826	0.01708	0.00969	0.00286	0.00588	0.01434	0.00932	0.01073
24	0.01045	0.00884	0.00904	0.00899	0.01187	0.00742	0.00674	0.01280	0.02022	0.02437	0.12685	0.08262	0.59650	0.02179	0.01031	0.00293	0.00440	0.01822	0.00821	0.00742
25	0.01750	0.04512	0.64825	0.02486	0.03775	0.02026	0.03223	0.02762	0.01842	0.02762	0.01565	0.01842	0.01105	0.00829	0.00829	0.00276	0.01289	0.00645	0.00368	0.01289
26	0.01894	0.01829	0.03187	0.36465	0.30509	0.02014	0.06641	0.02459	0.01869	0.02532	0.01604	0.02257	0.01267	0.00822	0.00880	0.00277	0.01131	0.00794	0.00410	0.01159
27	0.02815	0.04086	0.17467	0.02537	0.07541	0.45799	0.02127	0.03250	0.02285	0.02339	0.01422	0.01681	0.01138	0.00873	0.00802	0.00240	0.01465	0.00598	0.00429	0.01105
28	0.02159	0.02073	0.03541	0.05354	0.63903	0.02073	0.02677	0.02677	0.01986	0.02850	0.01641	0.02159	0.01382	0.00777	0.00864	0.00259	0.01036	0.00777	0.00432	0.01382
29	0.01268	0.00846	0.00951	0.00951	0.00951	0.00846	0.00529	0.01268	0.01268	0.01691	0.02748	0.05708	0.03171	0.69345	0.04440	0.00846	0.00846	0.01268	0.00529	0.00529
30	0.01908	0.01908	0.02672	0.02290	0.02290	0.02672	0.01908	0.02099	0.01336	0.02099	0.01145	0.01908	0.01145	0.01527	0.02863	0.00382	0.67748	0.00763	0.00382	0.00954
31	0.01053	0.00891	0.00914	0.00926	0.01215	0.00752	0.00706	0.01284	0.01989	0.02371	0.08589	0.08480	0.60108	0.02221	0.01041	0.00301	0.00463	0.05144	0.00810	0.00740
32	0.03316	0.02443	0.02618	0.02007	0.02705	0.02705	0.01658	0.60995	0.04101	0.05497	0.02094	0.02094	0.01483	0.01047	0.00873	0.00262	0.00960	0.00785	0.00873	0.01483
33	0.01063	0.00759	0.01012	0.01215	0.01265	0.00709	0.00810	0.01215	0.01670	0.02227	0.04808	0.68775	0.05769	0.02733	0.01113	0.00354	0.00506	0.02480	0.00810	0.00709
34	0.01063	0.00759	0.01012	0.01215	0.01265	0.00709	0.00810	0.01215	0.01670	0.02227	0.04808	0.68775	0.05769	0.02733	0.01113	0.00354	0.00506	0.02480	0.00810	0.00709
35	0.01031	0.00884	0.00884	0.00884	0.01178	0.00736	0.00663	0.01252	0.01988	0.02356	0.08837	0.08395	0.63549	0.02209	0.01031	0.00295	0.00442	0.01841	0.00810	0.00736
36	0.01063	0.00759	0.01012	0.01215	0.01265	0.00709	0.00810	0.01215	0.01670	0.02227	0.04808	0.68775	0.05769	0.02733	0.01113	0.00354	0.00506	0.02480	0.00810	0.00709
37	0.01619	0.01482	0.02116	0.01902	0.01970	0.01980	0.01551	0.01862	0.01365	0.02067	0.01666	0.02573	0.01598	0.03721	0.30432	0.00828	0.39134	0.00838	0.00419	0.00877
38	0.01108	0.00887	0.00991	0.00965	0.01226	0.00769	0.00724	0.01402	0.02171	0.02791	0.29607	0.07680	0.42508	0.02047	0.01030	0.00287	0.00430	0.01741	0.00867	0.00769
39	0.02159	0.02073	0.03541	0.05354	0.63903	0.02073	0.02677	0.02677	0.01986	0.02850	0.01641	0.02159	0.01382	0.00777	0.00864	0.00259	0.01036	0.00777	0.00432	0.01382

[dist]
# distance from previous block
# <min> <max>
0	1

[block]
# block no. 3 follows, 20 sequences, length 20
# corresponding to MSA columns:
# 121-140
name=unknown_D
#
# <colnr> <probs for GDERKNQSTAVLIFYWHMCP>
#	G	D	E	R	K	N	Q	S	T	A	V	L	I	F	Y	W	H	M	C	P
0	0.02159	0.02073	0.03541	0.05354	0.63903	0.02073	0.02677	0.02677	0.01986	0.02850	0.01641	0.02159	0.01382	0.00777	0.00864	0.00259	0.01036	0.00777	0.00432	0.01382
1	0.03000	0.07648	0.02610	0.01958	0.02580	0.12425	0.01593	0.36239	0.15531	0.04342	0.02209	0.02198	0.01641	0.01029	0.00839	0.00257	0.00998	0.00768	0.00773	0.01362
2	0.02015	0.02657	0.13540	0.03509	0.04449	0.02181	0.52647	0.02790	0.02028	0.02790	0.01737	0.02281	0.01293	0.00748	0.01001	0.00292	0.01445	0.00975	0.00431	0.01192
3	0.01172	0.00900	0.01099	0.01215	0.01423	0.00826	0.00961	0.01443	0.01926	0.02419	0.06445	0.22106	0.29955	0.02395	0.01111	0.00346	0.00585	0.22111	0.00808	0.00754
4	0.01830	0.17551	0.47804	0.02180	0.03278	0.02226	0.02691	0.02648	0.01874	0.02673	0.06111	0.02100	0.01640	0.00883	0.00789	0.00258	0.01151	0.00678	0.00413	0.01220
5	0.01907	0.01763	0.10456	0.01620	0.02055	0.01448	0.01398	0.13818	0.06964	0.07712	0.03612	0.36082	0.03749	0.01886	0.00990	0.00314	0.00738	0.01649	0.00786	0.01055
6	0.03219	0.02350	0.02515	0.01939	0.02609	0.02597	0.01598	0.57626	0.03971	0.05369	0.02137	0.02160	0.01526	0.01045	0.00858	0.00258	0.00928	0.00787	0.05062	0.01445
7	0.02087	0.01999	0.03411	0.14059	0.55761	0.02054	0.02641	0.02614	0.01952	0.02762	0.01628	0.02182	0.01351	0.00791	0.00865	0.00264	0.01054	0.00777	0.00426	0.01324
8	0.01807	0.04169	0.56206	0.02890	0.12231	0.02032	0.03146	0.02750	0.01862	0.02775	0.01576	0.01886	0.01144	0.00821	0.00834	0.00274	0.01254	0.00663	0.00377	0.01302
9	0.03914	0.01484	0.02024	0.01552	0.02227	0.01282	0.01282	0.04251	0.02497	0.64507	0.03441	0.02969	0.02159	0.01080	0.00877	0.00270	0.00742	0.00877	0.01080	0.01484
10	0.01268	0.00846	0.00951	0.00951	0.00951	0.00846	0.00529	0.01268	0.01268	0.01691	0.02748	0.05708	0.03171	0.69345	0.04440	0.00846	0.00846	0.01268	0.00529	0.00529
11	0.02474	0.02856	0.02581	0.07119	0.02744	0.29995	0.01850	0.02709	0.01859	0.02124	0.01263	0.01794	0.01137	0.01206	0.01814	0.00307	0.34099	0.00677	0.00411	0.00980
12	0.01795	0.09602	0.60132	0.02409	0.03656	0.02137	0.03088	0.02751	0.01836	0.02707	0.01538	0.01807	0.01106	0.00822	0.00808	0.00269	0.01261	0.00631	0.00369	0.01276
13	0.09282	0.01500	0.01969	0.01522	0.02186	0.01333	0.01257	0.04125	0.02421	0.59964	0.03274	0.02853	0.02068	0.01059	0.00852	0.00270	0.00737	0.00847	0.01039	0.01444
14	0.01312	0.00967	0.01275	0.01404	0.01624	0.00930	0.01191	0.01679	0.02058	0.02664	0.12340	0.09165	0.16943	0.02297	0.01150	0.00366	0.00686	0.40334	0.00823	0.00792
15	0.02062	0.05917	0.33769	0.02675	0.11707	0.04968	0.02538	0.03083	0.11502	0.05276	0.01911	0.02132	0.01438	0.00942	0.00991	0.00279	0.06311	0.00726	0.00493	0.01280
16	0.12231	0.03469	0.39666	0.03057	0.19398	0.02028	0.02758	0.02712	0.01830	0.02947	0.01536	0.01866	0.01156	0.00812	0.00797	0.00271	0.01136	0.00655	0.00409	0.01265
17	0.01031	0.00884	0.00884	0.00884	0.01178	0.00736	0.00663	0.01252	0.01988	0.02356	0.08837	0.08395	0.63549	0.02209	0.01031	0.00295	0.00442	0.01841	0.00810	0.00736
18	0.02159	0.02073	0.03541	0.05354	0.63903	0.02073	0.02677	0.02677	0.01986	0.02850	0.01641	0.02159	0.01382	0.00777	0.00864	0.00259	0.01036	0.00777	0.00432	0.01382
19	0.02334	0.02405	0.03370	0.04858	0.54132	0.12253	0.02519	0.02806	0.02064	0.02736	0.01594	0.02065	0.01340	0.00797	0.00851	0.00254	0.01122	0.00743	0.00435	0.01323

[dist]
# distance from previous block
# <min> <max>
1	2

[block]
# block no. 4 follows, 20 sequences, length 58
# corresponding to MSA columns:
# 143-200
name=unknown_E
#
# <colnr> <probs for GDERKNQSTAVLIFYWHMCP>
#	G	D	E	R	K	N	Q	S	T	A	V	L	I	F	Y	W	H	M	C	P
0	0.02873	0.07638	0.05945	0.02180	0.02644	0.45955	0.01757	0.03330	0.07344	0.02288	0.01515	0.01759	0.01255	0.00983	0.01024	0.00249	0.09113	0.00620	0.00470	0.01057
1	0.02209	0.02363	0.03229	0.03349	0.20262	0.12186	0.10166	0.02573	0.01796	0.02414	0.01403	0.01989	0.01234	0.01107	0.01720	0.00310	0.29386	0.00773	0.00415	0.01116
2	0.01931	0.02868	0.23204	0.03474	0.15773	0.02030	0.26724	0.02685	0.01973	0.02781	0.01899	0.02736	0.01554	0.00903	0.00948	0.00290	0.01277	0.05284	0.00445	0.01223
3	0.02978	0.02525	0.02623	0.02940	0.21652	0.22077	0.01826	0.03340	0.02271	0.20131	0.02051	0.02173	0.01513	0.00891	0.00824	0.00240	0.01091	0.00715	0.00629	0.07513
4	0.01039	0.00854	0.00915	0.00963	0.01199	0.00730	0.00698	0.01243	0.01912	0.02325	0.07866	0.22935	0.49635	0.02335	0.01051	0.00309	0.00457	0.01995	0.00810	0.00730
5	0.02262	0.01606	0.01836	0.01562	0.01966	0.01769	0.01240	0.29323	0.02736	0.03831	0.02455	0.06409	0.02102	0.05729	0.19166	0.00602	0.01229	0.00944	0.12135	0.01098
6	0.01268	0.00846	0.00951	0.00951	0.00951	0.00846	0.00529	0.01268	0.01268	0.01691	0.02748	0.05708	0.03171	0.69345	0.04440	0.00846	0.00846	0.01268	0.00529	0.00529
7	0.02300	0.36408	0.13397	0.02657	0.17374	0.09592	0.02065	0.02744	0.01910	0.02363	0.01385	0.01669	0.01181	0.00783	0.00699	0.00222	0.01081	0.00579	0.00395	0.01197
8	0.02381	0.05872	0.02956	0.03537	0.31638	0.10879	0.02059	0.06395	0.19287	0.03076	0.02145	0.02347	0.01702	0.00922	0.00844	0.00261	0.01002	0.00791	0.00584	0.01323
9	0.01063	0.00759	0.01012	0.01215	0.01265	0.00709	0.00810	0.01215	0.01670	0.02227	0.04808	0.68775	0.05769	0.02733	0.01113	0.00354	0.00506	0.02480	0.00810	0.00709
10	0.02086	0.33352	0.34952	0.02035	0.03040	0.06000	0.02378	0.02734	0.01844	0.02416	0.01398	0.01632	0.01112	0.00796	0.00708	0.00234	0.01147	0.00562	0.00375	0.01200
11	0.02170	0.01874	0.01972	0.01775	0.02268	0.02170	0.01381	0.04635	0.62327	0.03649	0.03550	0.03254	0.02663	0.01183	0.00888	0.00296	0.00690	0.00986	0.00888	0.01381
12	0.01268	0.00846	0.00951	0.00951	0.00951	0.00846	0.00529	0.01268	0.01268	0.01691	0.02748	0.05708	0.03171	0.69345	0.04440	0.00846	0.00846	0.01268	0.00529	0.00529
13	0.01710	0.01637	0.02630	0.51606	0.05113	0.02115	0.02299	0.02198	0.01646	0.02198	0.01453	0.02225	0.01159	0.01030	0.01351	0.00313	0.17197	0.00772	0.00386	0.00965
14	0.03258	0.04157	0.02472	0.02247	0.02697	0.65843	0.01685	0.03483	0.02472	0.02135	0.01348	0.01573	0.01124	0.00899	0.00787	0.00225	0.01573	0.00562	0.00449	0.01011
15	0.02332	0.69869	0.04571	0.01493	0.02239	0.03451	0.01493	0.02612	0.01772	0.02052	0.01213	0.01399	0.01119	0.00746	0.00560	0.00187	0.00933	0.00466	0.00373	0.01119
16	0.01235	0.00892	0.01166	0.01097	0.01303	0.00823	0.00823	0.01646	0.02469	0.03498	0.63443	0.06516	0.08230	0.01783	0.01029	0.00274	0.00412	0.01578	0.00960	0.00823
17	0.01063	0.00759	0.01012	0.01215	0.01265	0.00709	0.00810	0.01215	0.01670	0.02227	0.04808	0.68775	0.05769	0.02733	0.01113	0.00354	0.00506	0.02480	0.00810	0.00709
18	0.01246	0.00935	0.01402	0.01402	0.01558	0.01090	0.01090	0.01558	0.01402	0.02025	0.02336	0.03427	0.02181	0.06542	0.65888	0.01402	0.02336	0.00935	0.00467	0.00779
19	0.01886	0.00975	0.01312	0.01301	0.01541	0.00880	0.00945	0.02110	0.01967	0.20012	0.08971	0.45255	0.04935	0.02190	0.01040	0.00324	0.00566	0.01955	0.00898	0.00938
20	0.26702	0.02155	0.02159	0.01708	0.02354	0.02399	0.01410	0.39520	0.03182	0.07656	0.01871	0.01915	0.01340	0.00972	0.00765	0.00265	0.00858	0.00688	0.00774	0.01309
21	0.01075	0.00764	0.01009	0.01199	0.01246	0.00717	0.00793	0.01218	0.01646	0.02195	0.04685	0.65017	0.05614	0.06703	0.01312	0.00384	0.00526	0.02408	0.00793	0.00698
22	0.02186	0.02226	0.03741	0.04735	0.46769	0.05467	0.13341	0.02713	0.01994	0.02766	0.01625	0.02152	0.01346	0.00812	0.00986	0.00270	0.04324	0.00812	0.00432	0.01304
23	0.01795	0.09585	0.60148	0.02409	0.03656	0.02136	0.03089	0.02751	0.01836	0.02707	0.01538	0.01807	0.01106	0.00822	0.00808	0.00269	0.01261	0.00631	0.00369	0.01276
24	0.13004	0.22836	0.22798	0.01895	0.02761	0.05429	0.02005	0.14278	0.02246	0.03236	0.01506	0.01688	0.01162	0.00848	0.00715	0.00244	0.01043	0.00592	0.00498	0.01215
25	0.03316	0.02443	0.02618	0.02007	0.02705	0.02705	0.01658	0.60995	0.04101	0.05497	0.02094	0.02094	0.01483	0.01047	0.00873	0.00262	0.00960	0.00785	0.00873	0.01483
26	0.02614	0.03102	0.02823	0.21068	0.08546	0.37346	0.06982	0.03006	0.02192	0.02273	0.01464	0.01898	0.01172	0.00868	0.00837	0.00252	0.01406	0.00679	0.00430	0.01042
27	0.02454	0.22522	0.03607	0.03526	0.32132	0.16641	0.02108	0.02837	0.02031	0.02456	0.01450	0.01805	0.01247	0.00795	0.00757	0.00230	0.01125	0.00638	0.00418	0.01222
28	0.01246	0.00935	0.01402	0.01402	0.01558	0.01090	0.01090	0.01558	0.01402	0.02025	0.02336	0.03427	0.02181	0.06542	0.65888	0.01402	0.02336	0.00935	0.00467	0.00779
29	0.01052	0.00884	0.00913	0.00906	0.01191	0.00745	0.00679	0.01293	0.02038	0.02474	0.14479	0.08201	0.57833	0.02165	0.01031	0.00292	0.00439	0.01814	0.00826	0.00745
30	0.01127	0.00906	0.01017	0.01044	0.01309	0.00797	0.00819	0.01407	0.02060	0.02564	0.15807	0.08388	0.45206	0.02185	0.01062	0.00311	0.00502	0.11899	0.00830	0.00761
31	0.02977	0.08678	0.02510	0.02052	0.02520	0.45598	0.01580	0.11325	0.02568	0.02613	0.01787	0.08310	0.01636	0.01090	0.00814	0.00240	0.01331	0.00777	0.00539	0.01056
32	0.01204	0.00893	0.01152	0.01294	0.01468	0.00841	0.01020	0.01487	0.01920	0.02478	0.08688	0.28111	0.18435	0.02435	0.01128	0.00356	0.00608	0.24905	0.00815	0.00759
33	0.01777	0.01073	0.01207	0.01085	0.01480	0.00932	0.00844	0.02127	0.04835	0.17381	0.07299	0.06856	0.46017	0.01891	0.00987	0.00289	0.00525	0.01570	0.00878	0.00946
34	0.03199	0.05954	0.02494	0.02248	0.07278	0.37249	0.01631	0.03667	0.07490	0.17372	0.02057	0.02091	0.01524	0.00951	0.00813	0.00243	0.01229	0.00687	0.00634	0.01190
35	0.01228	0.01042	0.01302	0.01297	0.01438	0.01116	0.00974	0.01428	0.01767	0.02319	0.08767	0.29272	0.26824	0.02243	0.01426	0.00333	0.13868	0.01848	0.00733	0.00774
36	0.01112	0.00780	0.00998	0.01151	0.01190	0.00742	0.00742	0.01228	0.01573	0.02098	0.04312	0.53588	0.05144	0.18773	0.01914	0.00473	0.00588	0.02188	0.00742	0.00665
37	0.01695	0.01591	0.02579	0.33442	0.24306	0.01743	0.02157	0.02183	0.01873	0.02461	0.03031	0.03479	0.13660	0.01107	0.00901	0.00281	0.00977	0.00988	0.00486	0.01060
38	0.02304	0.35193	0.08704	0.03002	0.24251	0.08146	0.02063	0.02721	0.01913	0.02397	0.01403	0.01718	0.01212	0.00777	0.00708	0.00222	0.01051	0.00598	0.00400	0.01216
39	0.03019	0.02078	0.02238	0.01752	0.02353	0.02266	0.01436	0.46665	0.03579	0.08078	0.02309	0.02363	0.01664	0.01043	0.00822	0.00251	0.00841	0.00795	0.15095	0.01354
40	0.01268	0.00846	0.00951	0.00951	0.00951	0.00846	0.00529	0.01268	0.01268	0.01691	0.02748	0.05708	0.03171	0.69345	0.04440	0.00846	0.00846	0.01268	0.00529	0.00529
41	0.02655	0.02772	0.25431	0.01945	0.02812	0.01841	0.02032	0.14762	0.05587	0.21376	0.02938	0.02850	0.06867	0.01081	0.00872	0.00274	0.00961	0.00860	0.00741	0.01343
42	0.02115	0.02028	0.03462	0.10606	0.58990	0.02061	0.02655	0.02639	0.01966	0.02797	0.01633	0.02173	0.01363	0.00785	0.00864	0.00262	0.01047	0.00777	0.00428	0.01347
43	0.01647	0.01550	0.02616	0.67248	0.06008	0.01938	0.02422	0.02229	0.01744	0.02229	0.01550	0.02326	0.01163	0.00872	0.00872	0.00291	0.01163	0.00775	0.00388	0.00969
44	0.23337	0.34681	0.03131	0.01576	0.02192	0.18051	0.01383	0.02808	0.01859	0.02601	0.01246	0.01446	0.01071	0.00801	0.00609	0.00219	0.01014	0.00491	0.00439	0.01044
45	0.01031	0.00884	0.00884	0.00884	0.01178	0.00736	0.00663	0.01252	0.01988	0.02356	0.08837	0.08395	0.63549	0.02209	0.01031	0.00295	0.00442	0.01841	0.00810	0.00736
46	0.02079	0.02050	0.03430	0.04342	0.41371	0.02254	0.07385	0.02523	0.01808	0.02632	0.01511	0.02104	0.01310	0.00986	0.01445	0.00297	0.20018	0.00795	0.00418	0.01243
47	0.01031	0.00884	0.00884	0.00884	0.01178	0.00736	0.00663	0.01252	0.01988	0.02356	0.08837	0.08395	0.63549	0.02209	0.01031	0.00295	0.00442	0.01841	0.00810	0.00736
48	0.01153	0.00873	0.00948	0.00936	0.01140	0.00782	0.00658	0.01366	0.01899	0.02452	0.17172	0.07169	0.36168	0.17939	0.01816	0.00417	0.00530	0.01608	0.04269	0.00707
49	0.05716	0.01376	0.01590	0.01425	0.01728	0.01531	0.01090	0.15625	0.07208	0.03095	0.02446	0.03439	0.02197	0.16592	0.24588	0.00781	0.01344	0.00937	0.06335	0.00955
50	0.03258	0.04157	0.02472	0.02247	0.02697	0.65843	0.01685	0.03483	0.02472	0.02135	0.01348	0.01573	0.01124	0.00899	0.00787	0.00225	0.01573	0.00562	0.00449	0.01011
51	0.02731	0.02706	0.02687	0.11793	0.10066	0.21239	0.01926	0.20612	0.02651	0.03253	0.01610	0.01954	0.01272	0.01015	0.01128	0.00272	0.10631	0.00714	0.00558	0.01184
52	0.01968	0.01867	0.03111	0.28268	0.38961	0.02028	0.02512	0.02615	0.05154	0.02661	0.01710	0.02280	0.01369	0.00835	0.00868	0.00273	0.01065	0.00788	0.00440	0.01228
53	0.23151	0.02119	0.02757	0.03690	0.37394	0.05894	0.02040	0.07642	0.02052	0.03334	0.01541	0.01908	0.01251	0.00817	0.00768	0.00260	0.00959	0.00678	0.00501	0.01244
54	0.02340	0.02003	0.02693	0.06331	0.20452	0.05506	0.01941	0.09371	0.02113	0.08126	0.01829	0.02441	0.01530	0.01084	0.01334	0.00281	0.17047	0.03307	0.00551	0.09719
55	0.02111	0.02579	0.20050	0.02617	0.15862	0.05550	0.02082	0.07174	0.04996	0.07974	0.16745	0.03190	0.03063	0.01104	0.00892	0.00268	0.00945	0.00937	0.00647	0.01215
56	0.02352	0.13133	0.20706	0.07870	0.15383	0.21048	0.02349	0.02895	0.02039	0.02451	0.01464	0.01799	0.01172	0.00831	0.00788	0.00246	0.01261	0.00631	0.00407	0.01176
57	0.02800	0.13864	0.18778	0.01932	0.02727	0.11697	0.01906	0.06186	0.08105	0.20301	0.02226	0.02199	0.01579	0.00942	0.00800	0.00253	0.01045	0.00709	0.00658	0.01293

[dist]
# distance from previous block
# <min> <max>
8	77

[block]
# block no. 5 follows, 20 sequences, length 80
# corresponding to MSA columns:
# 279-358
name=unknown_F
#
# <colnr> <probs for GDERKNQSTAVLIFYWHMCP>
#	G	D	E	R	K	N	Q	S	T	A	V	L	I	F	Y	W	H	M	C	P
0	0.02071	0.07186	0.17508	0.02478	0.14120	0.12104	0.01976	0.02588	0.01968	0.02623	0.02052	0.02302	0.05800	0.00877	0.00776	0.00220	0.01027	0.00698	0.00466	0.21160
1	0.05471	0.02050	0.01757	0.01629	0.01987	0.17261	0.01244	0.15446	0.02473	0.03063	0.03673	0.22666	0.10642	0.01726	0.00948	0.00293	0.00890	0.05075	0.00723	0.00979
2	0.06207	0.06037	0.08265	0.02225	0.06162	0.25564	0.01772	0.06438	0.18585	0.02900	0.01996	0.02122	0.01566	0.01000	0.00940	0.00264	0.05485	0.00713	0.00578	0.01181
3	0.02052	0.02539	0.14609	0.03675	0.31336	0.05388	0.02424	0.02724	0.06278	0.02686	0.01700	0.02168	0.01409	0.01230	0.04338	0.00340	0.12651	0.00762	0.00447	0.01243
4	0.02499	0.02920	0.06658	0.02455	0.03087	0.23990	0.17701	0.07550	0.13634	0.02896	0.02430	0.02599	0.05561	0.01000	0.00896	0.00267	0.01244	0.00873	0.00579	0.01158
5	0.02488	0.11342	0.02702	0.07854	0.07184	0.06274	0.05004	0.18809	0.02528	0.06954	0.01994	0.02273	0.01536	0.01193	0.04002	0.00295	0.01011	0.00743	0.11131	0.04679
6	0.12777	0.23610	0.02950	0.01810	0.02401	0.28150	0.01506	0.09651	0.02310	0.05447	0.01465	0.01619	0.01184	0.00865	0.00698	0.00225	0.01150	0.00560	0.00514	0.01109
7	0.02189	0.40568	0.10094	0.01788	0.06735	0.02655	0.01610	0.06330	0.01958	0.02636	0.01645	0.01895	0.01370	0.00828	0.00641	0.00209	0.00882	0.00594	0.14250	0.01123
8	0.01834	0.02091	0.11363	0.03494	0.30682	0.01756	0.05564	0.02546	0.08111	0.02767	0.02596	0.18260	0.02527	0.01294	0.00931	0.00290	0.00934	0.01205	0.00561	0.01195
9	0.02195	0.03905	0.35136	0.02714	0.03698	0.17766	0.16676	0.02947	0.02049	0.02616	0.01560	0.01899	0.01162	0.00824	0.00867	0.00268	0.01403	0.00717	0.00406	0.01194
10	0.01991	0.02295	0.09462	0.06867	0.21532	0.02282	0.16497	0.02509	0.01773	0.02561	0.01503	0.02105	0.01256	0.01012	0.01528	0.00309	0.22118	0.00821	0.00410	0.01168
11	0.01041	0.00884	0.00898	0.00895	0.01185	0.00741	0.00671	0.01272	0.02013	0.02415	0.11629	0.08299	0.60720	0.02187	0.01031	0.00294	0.00440	0.01827	0.00818	0.00741
12	0.02170	0.01874	0.01972	0.01775	0.02268	0.02170	0.01381	0.04635	0.62327	0.03649	0.03550	0.03254	0.02663	0.01183	0.00888	0.00296	0.00690	0.00986	0.00888	0.01381
13	0.01809	0.01550	0.01809	0.01292	0.02067	0.01163	0.01034	0.02196	0.01809	0.02842	0.01550	0.01809	0.01292	0.00646	0.00646	0.00129	0.00646	0.00517	0.00517	0.74677
14	0.01908	0.01908	0.02672	0.02290	0.02290	0.02672	0.01908	0.02099	0.01336	0.02099	0.01145	0.01908	0.01145	0.01527	0.02863	0.00382	0.67748	0.00763	0.00382	0.00954
15	0.01110	0.00795	0.01058	0.01210	0.01296	0.00743	0.00839	0.01322	0.01835	0.02482	0.15811	0.54468	0.06198	0.02540	0.01102	0.00341	0.00501	0.04775	0.00838	0.00734
16	0.02170	0.01874	0.01972	0.01775	0.02268	0.02170	0.01381	0.04635	0.62327	0.03649	0.03550	0.03254	0.02663	0.01183	0.00888	0.00296	0.00690	0.00986	0.00888	0.01381
17	0.01045	0.00829	0.00940	0.01029	0.01216	0.00724	0.00727	0.01235	0.01849	0.02299	0.07068	0.34898	0.38187	0.02439	0.01067	0.00321	0.00470	0.02121	0.00810	0.00724
18	0.01406	0.01004	0.01406	0.01606	0.01807	0.01004	0.01406	0.01807	0.02008	0.02610	0.04618	0.09839	0.05020	0.02410	0.01205	0.00402	0.00803	0.58032	0.00803	0.00803
19	0.02159	0.02073	0.03541	0.05354	0.63903	0.02073	0.02677	0.02677	0.01986	0.02850	0.01641	0.02159	0.01382	0.00777	0.00864	0.00259	0.01036	0.00777	0.00432	0.01382
20	0.03258	0.04157	0.02472	0.02247	0.02697	0.65843	0.01685	0.03483	0.02472	0.02135	0.01348	0.01573	0.01124	0.00899	0.00787	0.00225	0.01573	0.00562	0.00449	0.01011
21	0.03316	0.02443	0.02618	0.02007	0.02705	0.02705	0.01658	0.60995	0.04101	0.05497	0.02094	0.02094	0.01483	0.01047	0.00873	0.00262	0.00960	0.00785	0.00873	0.01483
22	0.01409	0.01174	0.01714	0.01620	0.01738	0.01479	0.01292	0.01691	0.01386	0.02043	0.02043	0.03053	0.01926	0.05308	0.50386	0.01151	0.18426	0.00892	0.00446	0.00822
23	0.01216	0.00869	0.01184	0.01366	0.01490	0.00838	0.01054	0.01489	0.01867	0.02477	0.09039	0.40113	0.05644	0.02531	0.01145	0.00368	0.00621	0.25118	0.00818	0.00756
24	0.02349	0.01851	0.02913	0.25841	0.28792	0.01985	0.02287	0.09035	0.02201	0.11430	0.01907	0.02321	0.01424	0.00881	0.00869	0.00272	0.01031	0.00791	0.00554	0.01264
25	0.02033	0.01944	0.03313	0.20578	0.49663	0.02039	0.02614	0.02567	0.01927	0.02697	0.01619	0.02200	0.01328	0.00801	0.00866	0.00267	0.01067	0.00777	0.00421	0.01280
26	0.01215	0.01065	0.01067	0.01104	0.01375	0.04102	0.00859	0.01465	0.01998	0.02384	0.07451	0.11805	0.46335	0.02209	0.01055	0.00314	0.00569	0.12075	0.00790	0.00761
27	0.01246	0.00935	0.01402	0.01402	0.01558	0.01090	0.01090	0.01558	0.01402	0.02025	0.02336	0.03427	0.02181	0.06542	0.65888	0.01402	0.02336	0.00935	0.00467	0.00779
28	0.02148	0.01135	0.01561	0.01517	0.01864	0.01063	0.01285	0.02531	0.02223	0.21656	0.12653	0.07265	0.04604	0.01914	0.01080	0.00343	0.00729	0.32507	0.00910	0.01014
29	0.03258	0.04157	0.02472	0.02247	0.02697	0.65843	0.01685	0.03483	0.02472	0.02135	0.01348	0.01573	0.01124	0.00899	0.00787	0.00225	0.01573	0.00562	0.00449	0.01011
30	0.01830	0.01737	0.02946	0.45174	0.26656	0.01986	0.02513	0.02389	0.01830	0.02450	0.01583	0.02266	0.01241	0.00838	0.00869	0.00279	0.01118	0.00776	0.00403	0.01116
31	0.02129	0.02042	0.03487	0.08936	0.60553	0.02065	0.02662	0.02651	0.01972	0.02814	0.01636	0.02169	0.01369	0.00783	0.00864	0.00261	0.01044	0.00777	0.00429	0.01358
32	0.01809	0.01550	0.01809	0.01292	0.02067	0.01163	0.01034	0.02196	0.01809	0.02842	0.01550	0.01809	0.01292	0.00646	0.00646	0.00129	0.00646	0.00517	0.00517	0.74677
33	0.02015	0.02153	0.04366	0.03994	0.21938	0.02056	0.39093	0.02643	0.02009	0.02769	0.01952	0.07176	0.01667	0.00895	0.00986	0.00288	0.01271	0.01061	0.00465	0.01203
34	0.01031	0.00884	0.00884	0.00884	0.01178	0.00736	0.00663	0.01252	0.01988	0.02356	0.08837	0.08395	0.63549	0.02209	0.01031	0.00295	0.00442	0.01841	0.00810	0.00736
35	0.01229	0.00829	0.00963	0.01002	0.01012	0.00819	0.00583	0.01258	0.01346	0.01795	0.03146	0.17878	0.03673	0.56490	0.03798	0.00751	0.00780	0.01502	0.00583	0.00563
36	0.02329	0.01534	0.01862	0.01356	0.02107	0.01192	0.01095	0.02704	0.01979	0.18091	0.02018	0.02096	0.01506	0.00753	0.00703	0.00164	0.00670	0.00606	0.00656	0.56577
37	0.02076	0.53269	0.03700	0.01362	0.01929	0.02825	0.01261	0.02289	0.01651	0.01965	0.01582	0.02436	0.01613	0.17244	0.01493	0.00345	0.00912	0.00659	0.00411	0.00977
38	0.01251	0.00913	0.01294	0.01294	0.01412	0.01031	0.00955	0.01488	0.01370	0.01945	0.02436	0.03975	0.02419	0.21646	0.51110	0.01268	0.01978	0.01015	0.00482	0.00719
39	0.01246	0.00935	0.01402	0.01402	0.01558	0.01090	0.01090	0.01558	0.01402	0.02025	0.02336	0.03427	0.02181	0.06542	0.65888	0.01402	0.02336	0.00935	0.00467	0.00779
40	0.03247	0.01975	0.02258	0.01794	0.02435	0.02085	0.01461	0.27846	0.17550	0.25430	0.02910	0.02675	0.02000	0.01091	0.00878	0.00273	0.00820	0.00865	0.00948	0.01459
41	0.02386	0.66028	0.04448	0.01537	0.02266	0.07099	0.01504	0.02663	0.01813	0.02057	0.01221	0.01409	0.01120	0.00755	0.00573	0.00189	0.00970	0.00472	0.00378	0.01113
42	0.01261	0.00870	0.01075	0.01070	0.01123	0.00903	0.00685	0.01366	0.01389	0.01904	0.07109	0.05219	0.03305	0.49276	0.18967	0.00937	0.01172	0.01211	0.00546	0.00610
43	0.02934	0.27151	0.03206	0.01983	0.02536	0.44011	0.01618	0.03178	0.02227	0.02106	0.01301	0.01512	0.01122	0.00845	0.00707	0.00211	0.01349	0.00528	0.00423	0.01049
44	0.01063	0.00759	0.01012	0.01215	0.01265	0.00709	0.00810	0.01215	0.01670	0.02227	0.04808	0.68775	0.05769	0.02733	0.01113	0.00354	0.00506	0.02480	0.00810	0.00709
45	0.02565	0.02070	0.02195	0.01855	0.02419	0.02355	0.01476	0.24097	0.42221	0.04287	0.03047	0.02854	0.02255	0.01136	0.00882	0.00284	0.00783	0.00917	0.00882	0.01416
46	0.02537	0.02789	0.03173	0.04287	0.42878	0.23979	0.02336	0.02954	0.02153	0.02604	0.01540	0.01958	0.01293	0.00819	0.00837	0.00247	0.01221	0.00703	0.00438	0.01254
47	0.01063	0.00759	0.01012	0.01215	0.01265	0.00709	0.00810	0.01215	0.01670	0.02227	0.04808	0.68775	0.05769	0.02733	0.01113	0.00354	0.00506	0.02480	0.00810	0.00709
48	0.01434	0.01313	0.02394	0.02165	0.05099	0.01239	0.18938	0.01793	0.01823	0.02450	0.03739	0.41988	0.04188	0.02024	0.01083	0.00335	0.00839	0.05589	0.00682	0.00885
49	0.02714	0.02973	0.02770	0.03225	0.23656	0.29872	0.01977	0.07135	0.11763	0.02836	0.01841	0.02071	0.01476	0.00911	0.00834	0.00250	0.01211	0.00717	0.00539	0.01227
50	0.01750	0.04512	0.64825	0.02486	0.03775	0.02026	0.03223	0.02762	0.01842	0.02762	0.01565	0.01842	0.01105	0.00829	0.00829	0.00276	0.01289	0.00645	0.00368	0.01289
51	0.01973	0.02083	0.03237	0.20278	0.03876	0.07002	0.16179	0.02403	0.01704	0.02304	0.01419	0.02104	0.01191	0.01112	0.01728	0.00324	0.28845	0.00816	0.00403	0.01016
52	0.01174	0.00888	0.01079	0.01109	0.01315	0.00809	0.00841	0.01469	0.02083	0.02739	0.26269	0.14838	0.25718	0.05648	0.01244	0.00339	0.00515	0.10314	0.00846	0.00762
53	0.01676	0.17700	0.02123	0.01351	0.01744	0.01757	0.01099	0.02495	0.16837	0.02841	0.17527	0.14722	0.11639	0.01592	0.00895	0.00274	0.00624	0.01343	0.00758	0.01002
54	0.01784	0.01325	0.01550	0.01215	0.01811	0.01039	0.00954	0.02109	0.01913	0.09033	0.03737	0.08433	0.16683	0.01220	0.00797	0.00200	0.00597	0.01017	0.00667	0.43919
55	0.02899	0.03574	0.03083	0.02560	0.03117	0.46387	0.15867	0.03393	0.06275	0.02392	0.01592	0.01870	0.01272	0.00878	0.00852	0.00246	0.01491	0.00702	0.00476	0.01075
56	0.02159	0.02073	0.03541	0.05354	0.63903	0.02073	0.02677	0.02677	0.01986	0.02850	0.01641	0.02159	0.01382	0.00777	0.00864	0.00259	0.01036	0.00777	0.00432	0.01382
57	0.01031	0.00884	0.00884	0.00884	0.01178	0.00736	0.00663	0.01252	0.01988	0.02356	0.08837	0.08395	0.63549	0.02209	0.01031	0.00295	0.00442	0.01841	0.00810	0.00736
58	0.02059	0.02353	0.05147	0.03676	0.04559	0.02206	0.60735	0.02794	0.02059	0.02794	0.01765	0.02353	0.01324	0.00735	0.01029	0.00294	0.01471	0.01029	0.00441	0.01176
59	0.01218	0.00824	0.00966	0.01016	0.01029	0.00812	0.00598	0.01255	0.01367	0.01823	0.03255	0.21221	0.03810	0.52960	0.03622	0.00725	0.00762	0.01566	0.00598	0.00573
60	0.01063	0.00759	0.01012	0.01215	0.01265	0.00709	0.00810	0.01215	0.01670	0.02227	0.04808	0.68775	0.05769	0.02733	0.01113	0.00354	0.00506	0.02480	0.00810	0.00709
61	0.01750	0.04512	0.64825	0.02486	0.03775	0.02026	0.03223	0.02762	0.01842	0.02762	0.01565	0.01842	0.01105	0.00829	0.00829	0.00276	0.01289	0.00645	0.00368	0.01289
62	0.01406	0.01004	0.01406	0.01606	0.01807	0.01004	0.01406	0.01807	0.02008	0.02610	0.04618	0.09839	0.05020	0.02410	0.01205	0.00402	0.00803	0.58032	0.00803	0.00803
63	0.02380	0.66448	0.04462	0.01532	0.02263	0.06700	0.01503	0.02657	0.01809	0.02057	0.01220	0.01408	0.01120	0.00754	0.00572	0.00189	0.00966	0.00471	0.00377	0.01114
64	0.01582	0.01305	0.01455	0.01421	0.01768	0.01373	0.01134	0.02746	0.25928	0.02986	0.08430	0.06612	0.22607	0.01830	0.01016	0.00320	0.00626	0.15003	0.00847	0.01012
65	0.02378	0.66586	0.04466	0.01530	0.02262	0.06569	0.01502	0.02655	0.01807	0.02056	0.01219	0.01408	0.01120	0.00754	0.00571	0.00188	0.00965	0.00471	0.00377	0.01114
66	0.02579	0.02007	0.02186	0.01753	0.02369	0.02127	0.01406	0.31496	0.17475	0.04291	0.02537	0.07217	0.02044	0.01125	0.00849	0.00251	0.00800	0.00905	0.00802	0.15782
67	0.02961	0.01922	0.02251	0.01938	0.05909	0.02025	0.01469	0.30656	0.09182	0.17792	0.08360	0.03015	0.02473	0.04678	0.01075	0.00298	0.00831	0.00926	0.00884	0.01355
68	0.02170	0.01874	0.01972	0.01775	0.02268	0.02170	0.01381	0.04635	0.62327	0.03649	0.03550	0.03254	0.02663	0.01183	0.00888	0.00296	0.00690	0.00986	0.00888	0.01381
69	0.03003	0.02210	0.02395	0.01897	0.02505	0.02428	0.01540	0.52705	0.03764	0.05044	0.02471	0.11341	0.02078	0.01281	0.00906	0.00275	0.00897	0.01020	0.00864	0.01376
70	0.01246	0.00935	0.01402	0.01402	0.01558	0.01090	0.01090	0.01558	0.01402	0.02025	0.02336	0.03427	0.02181	0.06542	0.65888	0.01402	0.02336	0.00935	0.00467	0.00779
71	0.01246	0.00935	0.01402	0.01402	0.01558	0.01090	0.01090	0.01558	0.01402	0.02025	0.02336	0.03427	0.02181	0.06542	0.65888	0.01402	0.02336	0.00935	0.00467	0.00779
72	0.01982	0.01892	0.03221	0.26727	0.43911	0.02026	0.02589	0.02522	0.01903	0.02635	0.01610	0.02216	0.01306	0.00810	0.00867	0.00270	0.01080	0.00777	0.00417	0.01239
