[name]
unknown

[dist]
# distance from previous block
# <min> <max>
0	0

[block]
# block no. 0 follows, 23 sequences, length 35
# corresponding to MSA columns:
# 0-34
name=unknown_A
#
# <colnr> <probs for GDERKNQSTAVLIFYWHMCP>
#	G	D	E	R	K	N	Q	S	T	A	V	L	I	F	Y	W	H	M	C	P
0	0.01308	0.00934	0.01308	0.01494	0.01681	0.00934	0.01308	0.01681	0.01868	0.02428	0.04296	0.09153	0.04670	0.02242	0.01121	0.00374	0.00747	0.60960	0.00747	0.00747
1	0.01627	0.04197	0.67279	0.02313	0.03512	0.01884	0.02998	0.02570	0.01713	0.02570	0.01456	0.01713	0.01028	0.00771	0.00771	0.00257	0.01199	0.00600	0.00343	0.01199
2	0.01174	0.00810	0.01003	0.01003	0.01044	0.00851	0.00639	0.01256	0.01215	0.01661	0.02448	0.04710	0.02690	0.53006	0.22252	0.00933	0.01178	0.01092	0.00476	0.00557
3	0.00980	0.00739	0.00908	0.01043	0.01154	0.00666	0.00715	0.01140	0.01637	0.02105	0.05531	0.53113	0.22524	0.02404	0.01014	0.00314	0.00454	0.02139	0.00753	0.00666
4	0.24029	0.02074	0.02084	0.01641	0.02249	0.02320	0.01355	0.46388	0.03127	0.04698	0.01717	0.01770	0.01238	0.00912	0.00724	0.00246	0.00818	0.00648	0.00724	0.01238
5	0.03031	0.03867	0.02299	0.02090	0.02508	0.68226	0.01568	0.03240	0.02299	0.01986	0.01254	0.01463	0.01045	0.00836	0.00732	0.00209	0.01463	0.00523	0.00418	0.00941
6	0.00959	0.00822	0.00822	0.00822	0.01096	0.00685	0.00617	0.01165	0.01850	0.02192	0.08220	0.07809	0.66092	0.02055	0.00959	0.00274	0.00411	0.01713	0.00754	0.00685
7	0.01159	0.00869	0.01304	0.01304	0.01449	0.01014	0.01014	0.01449	0.01304	0.01884	0.02173	0.03188	0.02029	0.06086	0.68268	0.01304	0.02173	0.00869	0.00435	0.00724
8	0.02169	0.71972	0.04252	0.01388	0.02083	0.03211	0.01388	0.02430	0.01649	0.01909	0.01128	0.01302	0.01041	0.00694	0.00521	0.00174	0.00868	0.00434	0.00347	0.01041
9	0.02008	0.01928	0.03294	0.04981	0.66422	0.01928	0.02490	0.02490	0.01848	0.02651	0.01526	0.02008	0.01285	0.00723	0.00803	0.00241	0.00964	0.00723	0.00402	0.01285
10	0.01148	0.00829	0.01085	0.01021	0.01212	0.00766	0.00766	0.01531	0.02297	0.03254	0.65994	0.06061	0.07656	0.01659	0.00957	0.00255	0.00383	0.01467	0.00893	0.00766
11	0.00989	0.00706	0.00942	0.01130	0.01177	0.00659	0.00753	0.01130	0.01554	0.02071	0.04472	0.70954	0.05367	0.02542	0.01036	0.00330	0.00471	0.02307	0.00753	0.00659
12	0.03085	0.02273	0.02435	0.01867	0.02516	0.02516	0.01542	0.63716	0.03815	0.05114	0.01948	0.01948	0.01380	0.00974	0.00812	0.00244	0.00893	0.00731	0.00812	0.01380
13	0.77215	0.01569	0.01193	0.01067	0.01569	0.01820	0.00879	0.02385	0.01381	0.03641	0.01130	0.01318	0.00879	0.00753	0.00502	0.00251	0.00628	0.00439	0.00502	0.00879
14	0.01159	0.00869	0.01304	0.01304	0.01449	0.01014	0.01014	0.01449	0.01304	0.01884	0.02173	0.03188	0.02029	0.06086	0.68268	0.01304	0.02173	0.00869	0.00435	0.00724
15	0.01104	0.00828	0.01023	0.00974	0.01185	0.00747	0.00731	0.01446	0.02192	0.03006	0.52503	0.06469	0.21302	0.01751	0.00957	0.00260	0.00389	0.01525	0.00861	0.00747
16	0.02259	0.01599	0.01722	0.01410	0.01786	0.01732	0.01076	0.35555	0.02679	0.03665	0.02232	0.03230	0.01999	0.25523	0.01942	0.00427	0.00803	0.00890	0.08465	0.01006
17	0.10243	0.01623	0.01782	0.01532	0.02043	0.01765	0.01217	0.04012	0.40693	0.21386	0.03050	0.02776	0.02180	0.01038	0.00790	0.00266	0.00654	0.00839	0.00843	0.01270
18	0.02058	0.52138	0.03753	0.01598	0.02096	0.03006	0.01498	0.02295	0.01534	0.01921	0.01110	0.01435	0.01048	0.00899	0.01126	0.00225	0.20400	0.00512	0.00349	0.00998
19	0.01148	0.00829	0.01085	0.01021	0.01212	0.00766	0.00766	0.01531	0.02297	0.03254	0.65994	0.06061	0.07656	0.01659	0.00957	0.00255	0.00383	0.01467	0.00893	0.00766
20	0.01106	0.00756	0.00907	0.00979	0.00998	0.00737	0.00593	0.01161	0.01324	0.01765	0.03296	0.30637	0.03882	0.44884	0.02936	0.00610	0.00665	0.01615	0.00593	0.00556
21	0.01637	0.01538	0.02446	0.10372	0.40095	0.01534	0.01891	0.02040	0.01825	0.02450	0.03571	0.03804	0.21149	0.01141	0.00852	0.00254	0.00806	0.01026	0.00505	0.01061
22	0.01159	0.00869	0.01304	0.01304	0.01449	0.01014	0.01014	0.01449	0.01304	0.01884	0.02173	0.03188	0.02029	0.06086	0.68268	0.01304	0.02173	0.00869	0.00435	0.00724
23	0.02008	0.01928	0.03294	0.04981	0.66422	0.01928	0.02490	0.02490	0.01848	0.02651	0.01526	0.02008	0.01285	0.00723	0.00803	0.00241	0.00964	0.00723	0.00402	0.01285
24	0.02476	0.23496	0.02808	0.01654	0.02258	0.02576	0.01416	0.26654	0.21942	0.03602	0.02113	0.02081	0.01613	0.00927	0.00727	0.00232	0.00808	0.00697	0.00673	0.01247
25	0.01409	0.00705	0.01057	0.01057	0.01057	0.00705	0.00705	0.01057	0.01057	0.01409	0.01409	0.02467	0.01409	0.02819	0.03171	0.76392	0.00705	0.00705	0.00352	0.00352
26	0.01733	0.02735	0.27946	0.02312	0.03248	0.01690	0.20960	0.02417	0.01766	0.02602	0.01509	0.01850	0.01144	0.00692	0.00776	0.00220	0.01068	0.00673	0.00406	0.24254
27	0.01666	0.09027	0.62788	0.02247	0.03410	0.01979	0.02883	0.02560	0.01709	0.02523	0.01433	0.01684	0.01029	0.00765	0.00753	0.00251	0.01176	0.00588	0.00343	0.01188
28	0.18874	0.02158	0.02639	0.03537	0.39519	0.11988	0.01951	0.05300	0.01900	0.02879	0.01416	0.01770	0.01163	0.00758	0.00726	0.00238	0.00962	0.00630	0.00445	0.01147
29	0.01087	0.00774	0.00951	0.00997	0.01089	0.00729	0.00664	0.01255	0.01664	0.02244	0.20596	0.27678	0.10884	0.23415	0.01957	0.00445	0.00539	0.01683	0.00710	0.00638
30	0.00975	0.00761	0.00885	0.00985	0.01139	0.00671	0.00689	0.01146	0.01693	0.02128	0.06240	0.41174	0.34006	0.02312	0.01000	0.00303	0.00443	0.02026	0.00753	0.00671
31	0.77215	0.01569	0.01193	0.01067	0.01569	0.01820	0.00879	0.02385	0.01381	0.03641	0.01130	0.01318	0.00879	0.00753	0.00502	0.00251	0.00628	0.00439	0.00502	0.00879
32	0.02194	0.02280	0.03113	0.04456	0.54816	0.13967	0.02323	0.02626	0.01930	0.02530	0.01477	0.01909	0.01242	0.00744	0.00790	0.00235	0.01055	0.00687	0.00405	0.01223
33	0.02197	0.34376	0.23969	0.01848	0.02640	0.17968	0.01945	0.02664	0.01821	0.02138	0.01263	0.01471	0.01038	0.00752	0.00650	0.00209	0.01113	0.00508	0.00362	0.01068
34	0.01879	0.01507	0.06570	0.19740	0.12304	0.01355	0.01615	0.02289	0.01880	0.15945	0.03907	0.03967	0.21251	0.01218	0.00854	0.00262	0.00784	0.01037	0.00622	0.01014

[dist]
# distance from previous block
# <min> <max>
0	33

[block]
# block no. 1 follows, 23 sequences, length 115
# corresponding to MSA columns:
# 68-182
name=unknown_B
#
# <colnr> <probs for GDERKNQSTAVLIFYWHMCP>
#	G	D	E	R	K	N	Q	S	T	A	V	L	I	F	Y	W	H	M	C	P
0	0.02289	0.02417	0.02105	0.02409	0.17162	0.29778	0.01509	0.05259	0.02068	0.02486	0.01953	0.09268	0.01770	0.01017	0.00753	0.00227	0.01010	0.00812	0.14730	0.00977
1	0.06908	0.16516	0.02702	0.02350	0.14334	0.34353	0.01600	0.02745	0.02001	0.02208	0.01756	0.01966	0.05589	0.00867	0.00706	0.00215	0.01130	0.00621	0.00429	0.01004
2	0.02367	0.03930	0.33180	0.02183	0.02986	0.32825	0.02246	0.06494	0.02110	0.02448	0.01391	0.01611	0.01057	0.00813	0.00755	0.00234	0.01304	0.00571	0.00405	0.01089
3	0.02464	0.48680	0.03584	0.01628	0.02228	0.25446	0.01450	0.02707	0.01871	0.01935	0.01171	0.01357	0.01043	0.00743	0.00593	0.00186	0.01071	0.00464	0.00371	0.01007
4	0.02178	0.01888	0.02861	0.02190	0.02803	0.01939	0.22524	0.18012	0.17076	0.06200	0.03049	0.03098	0.10226	0.01050	0.00885	0.00266	0.00924	0.00986	0.00678	0.01168
5	0.02301	0.24916	0.25139	0.02031	0.06435	0.12286	0.02005	0.02807	0.01871	0.10852	0.01559	0.01703	0.01180	0.00785	0.00694	0.00222	0.01054	0.00572	0.00447	0.01140
6	0.05069	0.02295	0.01968	0.01775	0.02098	0.24511	0.01383	0.06400	0.14178	0.02480	0.01878	0.02234	0.01569	0.02193	0.16735	0.00500	0.10526	0.00714	0.00519	0.00974
7	0.01083	0.00858	0.00980	0.00974	0.01200	0.00780	0.00720	0.01451	0.05318	0.02597	0.26881	0.15372	0.34980	0.01936	0.00961	0.00275	0.00422	0.01667	0.00804	0.00741
8	0.01945	0.01863	0.03179	0.13573	0.58324	0.01911	0.02459	0.02435	0.01818	0.02574	0.01515	0.02029	0.01258	0.00735	0.00804	0.00245	0.00980	0.00723	0.00396	0.01234
9	0.01763	0.02602	0.25040	0.19034	0.28087	0.01889	0.05211	0.02425	0.01752	0.02486	0.01488	0.01951	0.01148	0.00758	0.00801	0.00255	0.01089	0.00690	0.00372	0.01158
10	0.02258	0.02390	0.02375	0.06570	0.17292	0.24581	0.01730	0.04786	0.01923	0.02393	0.01503	0.01918	0.01257	0.00942	0.01113	0.00247	0.14595	0.00656	0.10472	0.01000
11	0.00989	0.00706	0.00942	0.01130	0.01177	0.00659	0.00753	0.01130	0.01554	0.02071	0.04472	0.70954	0.05367	0.02542	0.01036	0.00330	0.00471	0.02307	0.00753	0.00659
12	0.01648	0.04076	0.63874	0.02455	0.06859	0.01887	0.02971	0.02565	0.01720	0.02574	0.01460	0.01729	0.01042	0.00768	0.00773	0.00256	0.01187	0.00606	0.00346	0.01204
13	0.01650	0.07073	0.64605	0.02274	0.03451	0.01941	0.02930	0.02564	0.01710	0.02542	0.01442	0.01696	0.01028	0.00768	0.00760	0.00253	0.01185	0.00593	0.00343	0.01192
14	0.01029	0.00825	0.00919	0.00895	0.01139	0.00715	0.00672	0.01300	0.02015	0.02584	0.29550	0.07164	0.44518	0.01909	0.00958	0.00267	0.00401	0.01622	0.00805	0.00715
15	0.00989	0.00706	0.00942	0.01130	0.01177	0.00659	0.00753	0.01130	0.01554	0.02071	0.04472	0.70954	0.05367	0.02542	0.01036	0.00330	0.00471	0.02307	0.00753	0.00659
16	0.77215	0.01569	0.01193	0.01067	0.01569	0.01820	0.00879	0.02385	0.01381	0.03641	0.01130	0.01318	0.00879	0.00753	0.00502	0.00251	0.00628	0.00439	0.00502	0.00879
17	0.02018	0.01743	0.01835	0.01651	0.02110	0.02018	0.01284	0.04312	0.64956	0.03394	0.03303	0.03027	0.02477	0.01101	0.00826	0.00275	0.00642	0.00917	0.00826	0.01284
18	0.01180	0.00787	0.00885	0.00885	0.00885	0.00787	0.00492	0.01180	0.01180	0.01573	0.02557	0.05310	0.02950	0.71483	0.04130	0.00787	0.00787	0.01180	0.00492	0.00492
19	0.01162	0.00836	0.01116	0.01149	0.01318	0.00789	0.00892	0.01506	0.02084	0.02881	0.42191	0.16533	0.06607	0.01929	0.01007	0.00294	0.00482	0.15639	0.00838	0.00745
20	0.02008	0.01928	0.03294	0.04981	0.66422	0.01928	0.02490	0.02490	0.01848	0.02651	0.01526	0.02008	0.01285	0.00723	0.00803	0.00241	0.00964	0.00723	0.00402	0.01285
21	0.03031	0.03867	0.02299	0.02090	0.02508	0.68226	0.01568	0.03240	0.02299	0.01986	0.01254	0.01463	0.01045	0.00836	0.00732	0.00209	0.01463	0.00523	0.00418	0.00941
22	0.77215	0.01569	0.01193	0.01067	0.01569	0.01820	0.00879	0.02385	0.01381	0.03641	0.01130	0.01318	0.00879	0.00753	0.00502	0.00251	0.00628	0.00439	0.00502	0.00879
23	0.02008	0.01928	0.03294	0.04981	0.66422	0.01928	0.02490	0.02490	0.01848	0.02651	0.01526	0.02008	0.01285	0.00723	0.00803	0.00241	0.00964	0.00723	0.00402	0.01285
24	0.01045	0.00818	0.00869	0.00880	0.01068	0.00730	0.00621	0.01200	0.01653	0.02024	0.06320	0.07152	0.43859	0.22523	0.01903	0.00431	0.00542	0.05056	0.00676	0.00632
25	0.03085	0.02273	0.02435	0.01867	0.02516	0.02516	0.01542	0.63716	0.03815	0.05114	0.01948	0.01948	0.01380	0.00974	0.00812	0.00244	0.00893	0.00731	0.00812	0.01380
26	0.01910	0.25782	0.03090	0.01877	0.02114	0.02733	0.01643	0.02116	0.01382	0.01938	0.01087	0.01613	0.01057	0.01172	0.01930	0.00293	0.46356	0.00616	0.00352	0.00940
27	0.03247	0.02012	0.02274	0.01743	0.02386	0.02130	0.01440	0.46269	0.03379	0.23176	0.02314	0.02186	0.01563	0.00983	0.00813	0.00246	0.00834	0.00755	0.00868	0.01380
28	0.00989	0.00706	0.00942	0.01130	0.01177	0.00659	0.00753	0.01130	0.01554	0.02071	0.04472	0.70954	0.05367	0.02542	0.01036	0.00330	0.00471	0.02307	0.00753	0.00659
29	0.01409	0.00705	0.01057	0.01057	0.01057	0.00705	0.00705	0.01057	0.01057	0.01409	0.01409	0.02467	0.01409	0.02819	0.03171	0.76392	0.00705	0.00705	0.00352	0.00352
30	0.02344	0.01721	0.13862	0.01395	0.02010	0.01150	0.01336	0.02739	0.02046	0.32668	0.04588	0.04290	0.23740	0.01320	0.00856	0.00260	0.00691	0.01082	0.00794	0.01109
31	0.01911	0.02148	0.06524	0.07315	0.22274	0.01997	0.40387	0.02539	0.01873	0.02585	0.01591	0.02118	0.01232	0.00705	0.00898	0.00263	0.01230	0.00864	0.00403	0.01143
32	0.01910	0.25782	0.03090	0.01877	0.02114	0.02733	0.01643	0.02116	0.01382	0.01938	0.01087	0.01613	0.01057	0.01172	0.01930	0.00293	0.46356	0.00616	0.00352	0.00940
33	0.02008	0.01928	0.03294	0.04981	0.66422	0.01928	0.02490	0.02490	0.01848	0.02651	0.01526	0.02008	0.01285	0.00723	0.00803	0.00241	0.00964	0.00723	0.00402	0.01285
34	0.01188	0.00896	0.01141	0.01264	0.01481	0.00849	0.01071	0.01504	0.01862	0.02347	0.05638	0.08693	0.25676	0.02178	0.01065	0.00340	0.00632	0.40697	0.00749	0.00726
35	0.01180	0.00787	0.00885	0.00885	0.00885	0.00787	0.00492	0.01180	0.01180	0.01573	0.02557	0.05310	0.02950	0.71483	0.04130	0.00787	0.00787	0.01180	0.00492	0.00492
36	0.00959	0.00822	0.00822	0.00822	0.01096	0.00685	0.00617	0.01165	0.01850	0.02192	0.08220	0.07809	0.66092	0.02055	0.00959	0.00274	0.00411	0.01713	0.00754	0.00685
37	0.77215	0.01569	0.01193	0.01067	0.01569	0.01820	0.00879	0.02385	0.01381	0.03641	0.01130	0.01318	0.00879	0.00753	0.00502	0.00251	0.00628	0.00439	0.00502	0.00879
38	0.02169	0.71972	0.04252	0.01388	0.02083	0.03211	0.01388	0.02430	0.01649	0.01909	0.01128	0.01302	0.01041	0.00694	0.00521	0.00174	0.00868	0.00434	0.00347	0.01041
39	0.01627	0.04197	0.67279	0.02313	0.03512	0.01884	0.02998	0.02570	0.01713	0.02570	0.01456	0.01713	0.01028	0.00771	0.00771	0.00257	0.01199	0.00600	0.00343	0.01199
40	0.77215	0.01569	0.01193	0.01067	0.01569	0.01820	0.00879	0.02385	0.01381	0.03641	0.01130	0.01318	0.00879	0.00753	0.00502	0.00251	0.00628	0.00439	0.00502	0.00879
41	0.00963	0.00807	0.00838	0.00863	0.01107	0.00682	0.00635	0.01160	0.01810	0.02176	0.07721	0.16214	0.58009	0.02120	0.00969	0.00281	0.00419	0.01792	0.00753	0.00682
42	0.01197	0.00857	0.01246	0.01246	0.01396	0.00987	0.00967	0.01496	0.01346	0.02005	0.02224	0.03170	0.02034	0.05541	0.61097	0.01186	0.01983	0.00857	0.08437	0.00728
43	0.00982	0.00761	0.00896	0.00993	0.01144	0.00674	0.00695	0.01161	0.01710	0.02170	0.08531	0.41272	0.31517	0.02298	0.01000	0.00303	0.00442	0.02018	0.00759	0.00674
44	0.00989	0.00706	0.00942	0.01130	0.01177	0.00659	0.00753	0.01130	0.01554	0.02071	0.04472	0.70954	0.05367	0.02542	0.01036	0.00330	0.00471	0.02307	0.00753	0.00659
45	0.77215	0.01569	0.01193	0.01067	0.01569	0.01820	0.00879	0.02385	0.01381	0.03641	0.01130	0.01318	0.00879	0.00753	0.00502	0.00251	0.00628	0.00439	0.00502	0.00879
46	0.01627	0.04197	0.67279	0.02313	0.03512	0.01884	0.02998	0.02570	0.01713	0.02570	0.01456	0.01713	0.01028	0.00771	0.00771	0.00257	0.01199	0.00600	0.00343	0.01199
47	0.01048	0.00825	0.00945	0.00915	0.01151	0.00723	0.00686	0.01337	0.02059	0.02690	0.35331	0.06989	0.38670	0.01869	0.00958	0.00265	0.00398	0.01598	0.00819	0.00723
48	0.00994	0.00783	0.00898	0.00954	0.01139	0.00687	0.00683	0.01201	0.01808	0.02292	0.14628	0.29172	0.37546	0.02169	0.00985	0.00290	0.00428	0.01883	0.00772	0.00687
49	0.02018	0.01743	0.01835	0.01651	0.02110	0.02018	0.01284	0.04312	0.64956	0.03394	0.03303	0.03027	0.02477	0.01101	0.00826	0.00275	0.00642	0.00917	0.00826	0.01284
50	0.00959	0.00822	0.00822	0.00822	0.01096	0.00685	0.00617	0.01165	0.01850	0.02192	0.08220	0.07809	0.66092	0.02055	0.00959	0.00274	0.00411	0.01713	0.00754	0.00685
51	0.01513	0.00756	0.00756	0.00756	0.00945	0.00756	0.00567	0.01891	0.01702	0.03025	0.02647	0.03025	0.02080	0.00945	0.00567	0.00189	0.00378	0.00756	0.75988	0.00756
52	0.01915	0.02189	0.04788	0.03420	0.04241	0.02052	0.63475	0.02599	0.01915	0.02599	0.01642	0.02189	0.01231	0.00684	0.00958	0.00274	0.01368	0.00958	0.00410	0.01094
53	0.00959	0.00822	0.00822	0.00822	0.01096	0.00685	0.00617	0.01165	0.01850	0.02192	0.08220	0.07809	0.66092	0.02055	0.00959	0.00274	0.00411	0.01713	0.00754	0.00685
54	0.01139	0.00822	0.01076	0.01027	0.01210	0.00759	0.00765	0.01508	0.02253	0.03184	0.62359	0.09895	0.07521	0.01711	0.00962	0.00260	0.00388	0.01517	0.00885	0.00759
55	0.01735	0.03460	0.44619	0.02775	0.06252	0.01940	0.22441	0.02576	0.01784	0.02582	0.01519	0.01878	0.01104	0.00741	0.00832	0.00262	0.01244	0.00720	0.00367	0.01169
56	0.01179	0.00790	0.00901	0.00901	0.00907	0.00795	0.00512	0.01190	0.01185	0.01585	0.02542	0.05228	0.02914	0.68962	0.06602	0.00807	0.00840	0.01168	0.00489	0.00501
57	0.01048	0.00825	0.00946	0.00916	0.01151	0.00723	0.00687	0.01337	0.02060	0.02692	0.35399	0.06987	0.38602	0.01869	0.00958	0.00265	0.00398	0.01597	0.00819	0.00723
58	0.02169	0.71972	0.04252	0.01388	0.02083	0.03211	0.01388	0.02430	0.01649	0.01909	0.01128	0.01302	0.01041	0.00694	0.00521	0.00174	0.00868	0.00434	0.00347	0.01041
59	0.03214	0.02065	0.02307	0.01768	0.02413	0.02208	0.01461	0.49799	0.03467	0.19521	0.02240	0.02138	0.01526	0.00981	0.00813	0.00245	0.00846	0.00750	0.00857	0.01380
60	0.01984	0.48793	0.25807	0.01705	0.02571	0.02757	0.01939	0.02478	0.01671	0.02135	0.01240	0.01442	0.01037	0.00720	0.00606	0.00202	0.00981	0.00491	0.00346	0.01095
61	0.02169	0.71972	0.04252	0.01388	0.02083	0.03211	0.01388	0.02430	0.01649	0.01909	0.01128	0.01302	0.01041	0.00694	0.00521	0.00174	0.00868	0.00434	0.00347	0.01041
62	0.00986	0.00802	0.00879	0.00933	0.01149	0.00694	0.00689	0.01187	0.01782	0.02178	0.07115	0.22593	0.48323	0.02179	0.00986	0.00293	0.00445	0.05351	0.00753	0.00683
63	0.01588	0.07176	0.41364	0.02240	0.09555	0.01707	0.02329	0.02311	0.01860	0.02699	0.16473	0.02733	0.02599	0.00968	0.00803	0.00250	0.00965	0.00805	0.00477	0.01098
64	0.02369	0.22214	0.22790	0.01971	0.02703	0.30423	0.01959	0.02817	0.01945	0.02145	0.01282	0.01497	0.01039	0.00778	0.00687	0.00214	0.01223	0.00522	0.00376	0.01047
65	0.01060	0.00826	0.00963	0.00928	0.01158	0.00728	0.00696	0.01361	0.02089	0.02761	0.39162	0.06873	0.34795	0.01843	0.00958	0.00264	0.00396	0.01581	0.00828	0.00728
66	0.02190	0.02353	0.03066	0.03577	0.33871	0.17272	0.10979	0.02621	0.01941	0.02488	0.01469	0.01864	0.01210	0.00727	0.00782	0.00222	0.01091	0.00678	0.00417	0.11181
67	0.02804	0.02029	0.02191	0.01716	0.02287	0.02241	0.01408	0.53489	0.03443	0.04702	0.02035	0.02135	0.01492	0.01273	0.04771	0.00300	0.00914	0.00741	0.08752	0.01275
68	0.02944	0.10780	0.02498	0.02019	0.02465	0.61626	0.01550	0.03158	0.02233	0.01978	0.01241	0.01447	0.01045	0.00822	0.00710	0.00205	0.01403	0.00514	0.00411	0.00951
69	0.01679	0.10661	0.61268	0.02225	0.03376	0.02011	0.02844	0.02556	0.01707	0.02507	0.01425	0.01674	0.01029	0.00764	0.00747	0.00249	0.01168	0.00584	0.00343	0.01184
70	0.01798	0.12532	0.37518	0.02568	0.03571	0.02118	0.23467	0.02561	0.01774	0.02492	0.01476	0.01821	0.01099	0.00731	0.00801	0.00252	0.01213	0.00700	0.00366	0.01142
71	0.01180	0.00787	0.00885	0.00885	0.00885	0.00787	0.00492	0.01180	0.01180	0.01573	0.02557	0.05310	0.02950	0.71483	0.04130	0.00787	0.00787	0.01180	0.00492	0.00492
72	0.02008	0.01928	0.03294	0.04981	0.66422	0.01928	0.02490	0.02490	0.01848	0.02651	0.01526	0.02008	0.01285	0.00723	0.00803	0.00241	0.00964	0.00723	0.00402	0.01285
73	0.02264	0.02131	0.08000	0.02703	0.14143	0.05362	0.16317	0.03335	0.20946	0.12713	0.02326	0.02421	0.01709	0.00881	0.00842	0.00260	0.00965	0.00831	0.00620	0.01230
74	0.02472	0.03310	0.11641	0.02740	0.09820	0.36751	0.16471	0.02920	0.02083	0.02279	0.01401	0.01726	0.01112	0.00780	0.00798	0.00234	0.01353	0.00657	0.00404	0.01048
75	0.00990	0.00801	0.00880	0.00907	0.01127	0.00691	0.00662	0.01207	0.01853	0.02311	0.15203	0.19494	0.46853	0.02094	0.00973	0.00282	0.00419	0.01792	0.00772	0.00691
76	0.00976	0.00755	0.00891	0.00999	0.01143	0.00670	0.00695	0.01145	0.01679	0.02123	0.06064	0.44129	0.31164	0.02335	0.01003	0.00306	0.00445	0.02054	0.00753	0.00670
77	0.01700	0.13299	0.58815	0.02189	0.03320	0.02063	0.02782	0.02551	0.01704	0.02481	0.01412	0.01658	0.01030	0.00761	0.00737	0.00246	0.01155	0.00577	0.00343	0.01178
78	0.01758	0.03421	0.45396	0.03225	0.25027	0.01899	0.02824	0.02543	0.01759	0.02597	0.01480	0.01814	0.01116	0.00755	0.00782	0.00252	0.01119	0.00642	0.00363	0.01229
79	0.01085	0.00776	0.01047	0.01201	0.01301	0.00738	0.00886	0.01313	0.01727	0.02313	0.12620	0.47726	0.05507	0.02354	0.01045	0.00330	0.00524	0.16042	0.00770	0.00694
80	0.02190	0.02272	0.03117	0.04468	0.55088	0.13684	0.02327	0.02623	0.01928	0.02533	0.01478	0.01912	0.01243	0.00743	0.00791	0.00235	0.01053	0.00687	0.00405	0.01224
81	0.01571	0.01482	0.02503	0.64299	0.10521	0.01813	0.02273	0.02107	0.01641	0.02120	0.01449	0.02151	0.01098	0.00804	0.00811	0.00268	0.01072	0.00721	0.00364	0.00933
82	0.01758	0.01673	0.02842	0.38864	0.34491	0.01862	0.02366	0.02271	0.01729	0.02348	0.01482	0.02090	0.01178	0.00769	0.00807	0.00256	0.01026	0.00722	0.00380	0.01084
83	0.00977	0.00751	0.00895	0.01011	0.01146	0.00669	0.00700	0.01143	0.01668	0.02118	0.05920	0.46566	0.28820	0.02354	0.01006	0.00308	0.00448	0.02077	0.00753	0.00669
84	0.01596	0.01556	0.01242	0.01175	0.01487	0.16443	0.00883	0.01814	0.01990	0.05642	0.09210	0.08763	0.41770	0.01716	0.00902	0.00259	0.00672	0.01401	0.00696	0.00785
85	0.01323	0.01180	0.01688	0.02299	0.23452	0.01105	0.01282	0.01612	0.01796	0.02328	0.05266	0.17022	0.33160	0.01686	0.00919	0.00273	0.00611	0.01479	0.00633	0.00886
86	0.02008	0.01928	0.03294	0.04981	0.66422	0.01928	0.02490	0.02490	0.01848	0.02651	0.01526	0.02008	0.01285	0.00723	0.00803	0.00241	0.00964	0.00723	0.00402	0.01285
87	0.01671	0.01584	0.02685	0.50682	0.23353	0.01839	0.02323	0.02195	0.01688	0.02242	0.01467	0.02118	0.01141	0.00785	0.00809	0.00262	0.01047	0.00722	0.00373	0.01013
88	0.02358	0.02591	0.02954	0.03992	0.44563	0.24602	0.02175	0.02747	0.02002	0.02423	0.01433	0.01822	0.01203	0.00762	0.00779	0.00230	0.01135	0.00654	0.00407	0.01167
89	0.02382	0.01949	0.02234	0.02168	0.10809	0.02177	0.01533	0.24386	0.35646	0.03883	0.02603	0.02523	0.01943	0.01007	0.00818	0.00260	0.00771	0.00828	0.00764	0.01317
90	0.01813	0.27376	0.45724	0.01997	0.03023	0.02338	0.02448	0.02522	0.01691	0.02344	0.01344	0.01572	0.01032	0.00745	0.00685	0.00228	0.01086	0.00543	0.00344	0.01145
91	0.01235	0.00969	0.01314	0.10353	0.02029	0.00976	0.01230	0.01581	0.01830	0.02311	0.05072	0.07827	0.22290	0.01996	0.01032	0.00331	0.00693	0.35485	0.00698	0.00749
92	0.01024	0.00764	0.00962	0.01106	0.01225	0.00702	0.00795	0.01211	0.01665	0.02147	0.05334	0.47820	0.19610	0.02387	0.01029	0.00322	0.00493	0.09974	0.00752	0.00677
93	0.01666	0.03930	0.58961	0.02460	0.03609	0.01907	0.11048	0.02574	0.01740	0.02574	0.01481	0.01776	0.01055	0.00759	0.00796	0.00259	0.01222	0.00647	0.00352	0.01185
94	0.01779	0.03205	0.37587	0.03108	0.14785	0.01942	0.20759	0.02564	0.01796	0.02593	0.01523	0.01905	0.01133	0.00737	0.00832	0.00259	0.01208	0.00727	0.00373	0.01183
95	0.01833	0.01749	0.02976	0.28813	0.43963	0.01882	0.02403	0.02336	0.01765	0.02438	0.01495	0.02066	0.01210	0.00756	0.00806	0.00252	0.01007	0.00722	0.00386	0.01144
96	0.00959	0.00822	0.00822	0.00822	0.01096	0.00685	0.00617	0.01165	0.01850	0.02192	0.08220	0.07809	0.66092	0.02055	0.00959	0.00274	0.00411	0.01713	0.00754	0.00685
97	0.01744	0.01946	0.01542	0.10402	0.02177	0.23933	0.01160	0.01995	0.01973	0.02106	0.04936	0.04887	0.35193	0.01473	0.00862	0.00251	0.00860	0.01174	0.00586	0.00801
98	0.02859	0.02113	0.02273	0.01799	0.02404	0.02346	0.01468	0.47438	0.17992	0.07245	0.02315	0.02233	0.01661	0.01005	0.00815	0.00251	0.00826	0.00778	0.00823	0.01358
99	0.03031	0.03867	0.02299	0.02090	0.02508	0.68226	0.01568	0.03240	0.02299	0.01986	0.01254	0.01463	0.01045	0.00836	0.00732	0.00209	0.01463	0.00523	0.00418	0.00941
100	0.00963	0.00807	0.00838	0.00863	0.01107	0.00682	0.00635	0.01160	0.01810	0.02176	0.07721	0.16214	0.58009	0.02120	0.00969	0.00281	0.00419	0.01792	0.00753	0.00682
101	0.02686	0.01838	0.02058	0.01622	0.02161	0.01963	0.01322	0.42706	0.03299	0.11228	0.17201	0.03005	0.02928	0.01139	0.00846	0.00247	0.00751	0.00914	0.00851	0.01235
102	0.01188	0.00896	0.01141	0.01264	0.01481	0.00849	0.01071	0.01504	0.01862	0.02347	0.05638	0.08693	0.25676	0.02178	0.01065	0.00340	0.00632	0.40697	0.00749	0.00726
103	0.01515	0.00848	0.00980	0.09911	0.01563	0.00896	0.00792	0.01915	0.01691	0.02898	0.02487	0.02910	0.01947	0.00928	0.00600	0.00200	0.00472	0.00752	0.65921	0.00776
104	0.03035	0.03757	0.02309	0.02075	0.02509	0.63671	0.01566	0.07432	0.02405	0.02203	0.01302	0.01497	0.01068	0.00846	0.00737	0.00211	0.01424	0.00537	0.00445	0.00971
105	0.16951	0.11488	0.02436	0.01662	0.02280	0.05383	0.01398	0.41309	0.03000	0.04271	0.01654	0.01722	0.01225	0.00889	0.00711	0.00234	0.00865	0.00627	0.00674	0.01221
106	0.02868	0.16721	0.02668	0.01958	0.02428	0.55955	0.01534	0.03087	0.02177	0.01971	0.01230	0.01433	0.01044	0.00809	0.00692	0.00202	0.01351	0.00506	0.00405	0.00960
107	0.05605	0.14017	0.02177	0.01529	0.01938	0.19027	0.01195	0.08802	0.11827	0.05041	0.01996	0.02669	0.01776	0.17322	0.01503	0.00355	0.00952	0.00751	0.00553	0.00965
108	0.02799	0.16665	0.02648	0.01861	0.02362	0.40009	0.01484	0.14828	0.02424	0.02566	0.01418	0.01682	0.01187	0.03696	0.00844	0.00232	0.01209	0.00573	0.00484	0.01028
109	0.04737	0.07731	0.24390	0.01558	0.02112	0.01537	0.01602	0.05159	0.01573	0.02278	0.01897	0.03001	0.01789	0.22415	0.14299	0.00599	0.01194	0.00806	0.00435	0.00888
110	0.01839	0.29889	0.05114	0.01385	0.01870	0.02076	0.01253	0.10195	0.02028	0.02674	0.16761	0.02883	0.02834	0.01980	0.13458	0.00419	0.01016	0.00806	0.00554	0.00968
111	0.02025	0.19121	0.16691	0.02181	0.02885	0.14640	0.16364	0.02521	0.01802	0.02220	0.01480	0.01878	0.01215	0.01452	0.09733	0.00372	0.01341	0.00667	0.00386	0.01025
112	0.33589	0.02182	0.05602	0.01798	0.02349	0.14279	0.13386	0.02476	0.01675	0.02833	0.01408	0.01839	0.01160	0.04193	0.04816	0.00329	0.01058	0.00625	0.00455	0.03949
113	0.02163	0.35288	0.08195	0.01621	0.02188	0.17263	0.01492	0.04716	0.01815	0.02093	0.01410	0.01751	0.01240	0.01760	0.13385	0.00404	0.01275	0.00560	0.00396	0.00984
114	0.04670	0.20076	0.02496	0.01585	0.01934	0.11547	0.03763	0.02111	0.01554	0.01999	0.01557	0.02340	0.01494	0.11266	0.14171	0.00507	0.11943	0.00694	0.00408	0.03885

[dist]
# distance from previous block
# <min> <max>
4	124

[block]
# block no. 2 follows, 23 sequences, length 48
# corresponding to MSA columns:
# 320-367
name=unknown_C
#
# <colnr> <probs for GDERKNQSTAVLIFYWHMCP>
#	G	D	E	R	K	N	Q	S	T	A	V	L	I	F	Y	W	H	M	C	P
0	0.02116	0.09731	0.06195	0.13129	0.26004	0.15794	0.02083	0.02512	0.01802	0.02256	0.01353	0.01800	0.01139	0.00848	0.00995	0.00247	0.09892	0.00643	0.00384	0.01076
1	0.02347	0.57919	0.03849	0.01533	0.02170	0.16626	0.01425	0.02597	0.01783	0.01925	0.01154	0.01335	0.01042	0.00723	0.00564	0.00181	0.00991	0.00452	0.00362	0.01021
2	0.02450	0.29705	0.09712	0.02157	0.09348	0.29536	0.01743	0.02782	0.01943	0.02087	0.01256	0.01486	0.01068	0.00763	0.00663	0.00204	0.01155	0.00518	0.00382	0.01042
3	0.01973	0.01697	0.01626	0.01445	0.01842	0.08287	0.01119	0.16604	0.19482	0.03195	0.04082	0.10950	0.17948	0.01423	0.00856	0.00263	0.00695	0.01168	0.04313	0.01034
4	0.02184	0.02266	0.03035	0.04270	0.51581	0.14222	0.02249	0.02609	0.01924	0.02527	0.01472	0.01892	0.01237	0.00738	0.00781	0.00230	0.01040	0.00675	0.00408	0.04660
5	0.01713	0.01422	0.01443	0.01382	0.01636	0.07941	0.01020	0.16692	0.02235	0.02868	0.06478	0.40032	0.08050	0.01915	0.00942	0.00289	0.00667	0.01665	0.00740	0.00870
6	0.28191	0.02357	0.02185	0.02413	0.17842	0.19017	0.01554	0.12182	0.02110	0.03202	0.01386	0.01623	0.01099	0.00802	0.00683	0.00237	0.00966	0.00576	0.00504	0.01072
7	0.02380	0.55291	0.03774	0.01560	0.02187	0.19135	0.01432	0.02628	0.01808	0.01928	0.01159	0.01341	0.01042	0.00729	0.00572	0.00182	0.01014	0.00456	0.00364	0.01017
8	0.02008	0.01928	0.03294	0.04981	0.66422	0.01928	0.02490	0.02490	0.01848	0.02651	0.01526	0.02008	0.01285	0.00723	0.00803	0.00241	0.00964	0.00723	0.00402	0.01285
9	0.02824	0.20443	0.02787	0.01904	0.02405	0.47978	0.01522	0.07021	0.02240	0.02173	0.01269	0.01456	0.01066	0.00810	0.00685	0.00203	0.01280	0.00515	0.00427	0.00994
10	0.02866	0.01210	0.01635	0.01312	0.01804	0.01060	0.01060	0.03201	0.02314	0.47181	0.22713	0.03787	0.03763	0.01208	0.00860	0.00252	0.00595	0.01018	0.00970	0.01190
11	0.01148	0.00829	0.01085	0.01021	0.01212	0.00766	0.00766	0.01531	0.02297	0.03254	0.65994	0.06061	0.07656	0.01659	0.00957	0.00255	0.00383	0.01467	0.00893	0.00766
12	0.02972	0.02217	0.02372	0.01844	0.02474	0.02464	0.01515	0.57457	0.10257	0.04933	0.02091	0.02062	0.01496	0.00987	0.00813	0.00247	0.00866	0.00750	0.00813	0.01370
13	0.03031	0.03867	0.02299	0.02090	0.02508	0.68226	0.01568	0.03240	0.02299	0.01986	0.01254	0.01463	0.01045	0.00836	0.00732	0.00209	0.01463	0.00523	0.00418	0.00941
14	0.01180	0.00787	0.00885	0.00885	0.00885	0.00787	0.00492	0.01180	0.01180	0.01573	0.02557	0.05310	0.02950	0.71483	0.04130	0.00787	0.00787	0.01180	0.00492	0.00492
15	0.01148	0.00829	0.01085	0.01021	0.01212	0.00766	0.00766	0.01531	0.02297	0.03254	0.65994	0.06061	0.07656	0.01659	0.00957	0.00255	0.00383	0.01467	0.00893	0.00766
16	0.01627	0.04197	0.67279	0.02313	0.03512	0.01884	0.02998	0.02570	0.01713	0.02570	0.01456	0.01713	0.01028	0.00771	0.00771	0.00257	0.01199	0.00600	0.00343	0.01199
17	0.01308	0.00934	0.01308	0.01494	0.01681	0.00934	0.01308	0.01681	0.01868	0.02428	0.04296	0.09153	0.04670	0.02242	0.01121	0.00374	0.00747	0.60960	0.00747	0.00747
18	0.00989	0.00706	0.00942	0.01130	0.01177	0.00659	0.00753	0.01130	0.01554	0.02071	0.04472	0.70954	0.05367	0.02542	0.01036	0.00330	0.00471	0.02307	0.00753	0.00659
19	0.01671	0.00909	0.00926	0.00868	0.01104	0.00934	0.00666	0.08132	0.01915	0.03236	0.02576	0.02916	0.02009	0.00948	0.00592	0.00195	0.00430	0.00754	0.68399	0.00819
20	0.02886	0.02449	0.24560	0.01789	0.02617	0.01571	0.01854	0.09772	0.02269	0.38186	0.02466	0.02313	0.01603	0.00920	0.00800	0.00252	0.00888	0.00732	0.00755	0.01318
21	0.77215	0.01569	0.01193	0.01067	0.01569	0.01820	0.00879	0.02385	0.01381	0.03641	0.01130	0.01318	0.00879	0.00753	0.00502	0.00251	0.00628	0.00439	0.00502	0.00879
22	0.02008	0.01928	0.03294	0.04981	0.66422	0.01928	0.02490	0.02490	0.01848	0.02651	0.01526	0.02008	0.01285	0.00723	0.00803	0.00241	0.00964	0.00723	0.00402	0.01285
23	0.02107	0.01388	0.01662	0.01554	0.01954	0.01473	0.01273	0.03328	0.30211	0.16182	0.03625	0.05091	0.03139	0.01475	0.00926	0.00304	0.00688	0.21664	0.00835	0.01118
24	0.03031	0.03867	0.02299	0.02090	0.02508	0.68226	0.01568	0.03240	0.02299	0.01986	0.01254	0.01463	0.01045	0.00836	0.00732	0.00209	0.01463	0.00523	0.00418	0.00941
25	0.02008	0.01928	0.03294	0.04981	0.66422	0.01928	0.02490	0.02490	0.01848	0.02651	0.01526	0.02008	0.01285	0.00723	0.00803	0.00241	0.00964	0.00723	0.00402	0.01285
26	0.01166	0.00841	0.01161	0.01161	0.01256	0.00936	0.00835	0.01357	0.01262	0.01777	0.02305	0.03914	0.02344	0.28479	0.46306	0.01127	0.01699	0.00976	0.00454	0.00645
27	0.77215	0.01569	0.01193	0.01067	0.01569	0.01820	0.00879	0.02385	0.01381	0.03641	0.01130	0.01318	0.00879	0.00753	0.00502	0.00251	0.00628	0.00439	0.00502	0.00879
28	0.01180	0.00787	0.00885	0.00885	0.00885	0.00787	0.00492	0.01180	0.01180	0.01573	0.02557	0.05310	0.02950	0.71483	0.04130	0.00787	0.00787	0.01180	0.00492	0.00492
29	0.01513	0.00756	0.00756	0.00756	0.00945	0.00756	0.00567	0.01891	0.01702	0.03025	0.02647	0.03025	0.02080	0.00945	0.00567	0.00189	0.00378	0.00756	0.75988	0.00756
30	0.01627	0.04197	0.67279	0.02313	0.03512	0.01884	0.02998	0.02570	0.01713	0.02570	0.01456	0.01713	0.01028	0.00771	0.00771	0.00257	0.01199	0.00600	0.00343	0.01199
31	0.01159	0.00869	0.01304	0.01304	0.01449	0.01014	0.01014	0.01449	0.01304	0.01884	0.02173	0.03188	0.02029	0.06086	0.68268	0.01304	0.02173	0.00869	0.00435	0.00724
32	0.02169	0.71972	0.04252	0.01388	0.02083	0.03211	0.01388	0.02430	0.01649	0.01909	0.01128	0.01302	0.01041	0.00694	0.00521	0.00174	0.00868	0.00434	0.00347	0.01041
33	0.01886	0.02103	0.04313	0.03154	0.03805	0.02141	0.50743	0.02466	0.01776	0.02466	0.01523	0.02103	0.01197	0.00836	0.01309	0.00290	0.15529	0.00907	0.00399	0.01052
34	0.02259	0.02403	0.03050	0.04273	0.50768	0.18166	0.02264	0.02674	0.01958	0.02488	0.01460	0.01875	0.01226	0.00751	0.00786	0.00233	0.01086	0.00674	0.00406	0.01201
35	0.01180	0.00787	0.00885	0.00885	0.00885	0.00787	0.00492	0.01180	0.01180	0.01573	0.02557	0.05310	0.02950	0.71483	0.04130	0.00787	0.00787	0.01180	0.00492	0.00492
36	0.03031	0.03867	0.02299	0.02090	0.02508	0.68226	0.01568	0.03240	0.02299	0.01986	0.01254	0.01463	0.01045	0.00836	0.00732	0.00209	0.01463	0.00523	0.00418	0.00941
37	0.02142	0.56936	0.13939	0.01579	0.02333	0.07282	0.01651	0.02505	0.01702	0.02017	0.01187	0.01376	0.01039	0.00715	0.00574	0.00189	0.00959	0.00466	0.00351	0.01059
38	0.01712	0.01626	0.02758	0.45164	0.28554	0.01850	0.02343	0.02231	0.01707	0.02291	0.01474	0.02105	0.01159	0.00778	0.00808	0.00259	0.01037	0.00722	0.00376	0.01046
39	0.01176	0.00864	0.01278	0.01278	0.01425	0.01002	0.00993	0.01470	0.01323	0.01938	0.02196	0.03180	0.02031	0.05842	0.65064	0.01251	0.02088	0.00864	0.04010	0.00726
40	0.02460	0.02943	0.02267	0.02021	0.02285	0.41043	0.01577	0.02658	0.01904	0.01988	0.01647	0.01989	0.05332	0.01118	0.01415	0.00264	0.25099	0.00666	0.00418	0.00906
41	0.01018	0.00727	0.00975	0.01163	0.01223	0.00684	0.00804	0.01180	0.01582	0.02104	0.04456	0.65338	0.05303	0.02515	0.01043	0.00334	0.00496	0.07637	0.00753	0.00667
42	0.02429	0.02726	0.02884	0.03791	0.40110	0.29221	0.02111	0.02799	0.02034	0.02377	0.01414	0.01784	0.01186	0.00770	0.00774	0.00228	0.01170	0.00640	0.00408	0.01143
43	0.02820	0.20548	0.02778	0.01918	0.02404	0.52302	0.01524	0.03042	0.02140	0.01967	0.01223	0.01424	0.01044	0.00801	0.00680	0.00200	0.01317	0.00501	0.00401	0.00965
44	0.05770	0.01777	0.01889	0.01538	0.02039	0.01911	0.01238	0.41447	0.03061	0.04124	0.03471	0.10400	0.15130	0.01352	0.00852	0.00259	0.00737	0.01086	0.00780	0.01138
45	0.02383	0.02570	0.02803	0.10578	0.33701	0.24884	0.02084	0.06734	0.02110	0.02522	0.01451	0.01832	0.01187	0.00788	0.00780	0.00233	0.01144	0.00654	0.00430	0.01132
46	0.03093	0.10133	0.02395	0.01861	0.02358	0.45244	0.01458	0.03333	0.02239	0.17898	0.01718	0.01765	0.01281	0.00863	0.00731	0.00216	0.01214	0.00586	0.00554	0.01059
47	0.02058	0.57987	0.17257	0.01579	0.02378	0.02937	0.01721	0.02459	0.01662	0.02045	0.01196	0.01387	0.01039	0.00710	0.00572	0.00191	0.00936	0.00468	0.00346	0.01074

[dist]
# distance from previous block
# <min> <max>
0	1

[block]
# block no. 3 follows, 23 sequences, length 182
# corresponding to MSA columns:
# 369-550
name=unknown_D
#
# <colnr> <probs for GDERKNQSTAVLIFYWHMCP>
#	G	D	E	R	K	N	Q	S	T	A	V	L	I	F	Y	W	H	M	C	P
0	0.02081	0.06316	0.03290	0.04583	0.58541	0.06114	0.02366	0.02533	0.01863	0.02565	0.01485	0.01931	0.01256	0.00728	0.00782	0.00235	0.00989	0.00693	0.00399	0.01249
1	0.02967	0.02181	0.02339	0.01806	0.02415	0.02409	0.01477	0.59841	0.03652	0.04894	0.01986	0.02156	0.01477	0.05343	0.01017	0.00277	0.00886	0.00758	0.00792	0.01325
2	0.02817	0.02119	0.02283	0.01805	0.02399	0.02364	0.01475	0.50921	0.13893	0.04677	0.02184	0.02186	0.01593	0.01232	0.03945	0.00298	0.00911	0.00768	0.00797	0.01334
3	0.01928	0.01705	0.02690	0.03678	0.42312	0.01772	0.02004	0.09754	0.01953	0.02762	0.01740	0.02296	0.01483	0.02096	0.17684	0.00507	0.01258	0.00761	0.00460	0.01157
4	0.02561	0.01963	0.02154	0.01619	0.02295	0.01981	0.01326	0.40706	0.03019	0.04192	0.01759	0.01849	0.01313	0.00835	0.00733	0.00198	0.00784	0.00637	0.00688	0.29386
5	0.00986	0.00747	0.00910	0.01030	0.01153	0.00671	0.00711	0.01156	0.01675	0.02155	0.08060	0.48797	0.24305	0.02356	0.01009	0.00309	0.00449	0.02089	0.00759	0.00671
6	0.01653	0.04022	0.61831	0.02409	0.03575	0.01899	0.08270	0.02572	0.01731	0.02572	0.01472	0.01755	0.01046	0.00763	0.00787	0.00258	0.01214	0.00631	0.00349	0.01190
7	0.01910	0.01950	0.02665	0.11124	0.18673	0.07836	0.01995	0.02211	0.01530	0.02145	0.01243	0.01855	0.01121	0.01121	0.01806	0.00304	0.38445	0.00699	0.00373	0.00993
8	0.02000	0.01227	0.01277	0.01101	0.01433	0.01303	0.00870	0.21080	0.02358	0.03673	0.02430	0.02691	0.01863	0.00954	0.00643	0.00206	0.00538	0.00748	0.52654	0.00950
9	0.00976	0.00823	0.00845	0.00839	0.01106	0.00692	0.00630	0.01196	0.01889	0.02285	0.13257	0.07657	0.60998	0.02020	0.00959	0.00272	0.00409	0.01691	0.00766	0.00692
10	0.00989	0.00706	0.00942	0.01130	0.01177	0.00659	0.00753	0.01130	0.01554	0.02071	0.04472	0.70954	0.05367	0.02542	0.01036	0.00330	0.00471	0.02307	0.00753	0.00659
11	0.02030	0.01703	0.02141	0.01718	0.06129	0.01514	0.05058	0.15871	0.02183	0.03193	0.01573	0.01793	0.01249	0.00697	0.00682	0.00165	0.00736	0.00581	0.00545	0.50440
12	0.01156	0.00777	0.00892	0.00915	0.00921	0.00771	0.00524	0.01174	0.01226	0.01635	0.02792	0.13378	0.03247	0.63010	0.03750	0.00730	0.00748	0.01318	0.00524	0.00512
13	0.02794	0.01819	0.02297	0.20512	0.03256	0.01987	0.01652	0.31682	0.02834	0.19751	0.02121	0.02211	0.01455	0.00937	0.00813	0.00253	0.00895	0.00749	0.00735	0.01248
14	0.01627	0.04197	0.67279	0.02313	0.03512	0.01884	0.02998	0.02570	0.01713	0.02570	0.01456	0.01713	0.01028	0.00771	0.00771	0.00257	0.01199	0.00600	0.00343	0.01199
15	0.02169	0.71972	0.04252	0.01388	0.02083	0.03211	0.01388	0.02430	0.01649	0.01909	0.01128	0.01302	0.01041	0.00694	0.00521	0.00174	0.00868	0.00434	0.00347	0.01041
16	0.01189	0.00906	0.01333	0.01317	0.01446	0.01069	0.01018	0.01456	0.01294	0.01868	0.02145	0.03251	0.02040	0.09854	0.61313	0.01228	0.05238	0.00881	0.00434	0.00718
17	0.01786	0.17917	0.22875	0.05724	0.02467	0.01883	0.01738	0.07561	0.01847	0.02649	0.01890	0.06295	0.01595	0.01143	0.03527	0.00272	0.00916	0.00731	0.16168	0.01016
18	0.01626	0.01528	0.02085	0.01819	0.01819	0.02060	0.01454	0.01759	0.01227	0.01858	0.01438	0.02660	0.01537	0.18950	0.03030	0.00463	0.52682	0.00828	0.00389	0.00789
19	0.02008	0.01928	0.03294	0.04981	0.66422	0.01928	0.02490	0.02490	0.01848	0.02651	0.01526	0.02008	0.01285	0.00723	0.00803	0.00241	0.00964	0.00723	0.00402	0.01285
20	0.01159	0.00869	0.01304	0.01304	0.01449	0.01014	0.01014	0.01449	0.01304	0.01884	0.02173	0.03188	0.02029	0.06086	0.68268	0.01304	0.02173	0.00869	0.00435	0.00724
21	0.01120	0.00828	0.01046	0.00991	0.01195	0.00754	0.00744	0.01477	0.02231	0.03097	0.57436	0.06320	0.16312	0.01718	0.00957	0.00258	0.00387	0.01504	0.00873	0.00754
22	0.01513	0.00756	0.00756	0.00756	0.00945	0.00756	0.00567	0.01891	0.01702	0.03025	0.02647	0.03025	0.02080	0.00945	0.00567	0.00189	0.00378	0.00756	0.75988	0.00756
23	0.00989	0.00706	0.00942	0.01130	0.01177	0.00659	0.00753	0.01130	0.01554	0.02071	0.04472	0.70954	0.05367	0.02542	0.01036	0.00330	0.00471	0.02307	0.00753	0.00659
24	0.00995	0.00711	0.00947	0.01125	0.01178	0.00664	0.00754	0.01147	0.01584	0.02121	0.07033	0.68253	0.05462	0.02505	0.01032	0.00326	0.00467	0.02272	0.00759	0.00664
25	0.00989	0.00706	0.00942	0.01130	0.01177	0.00659	0.00753	0.01130	0.01554	0.02071	0.04472	0.70954	0.05367	0.02542	0.01036	0.00330	0.00471	0.02307	0.00753	0.00659
26	0.03031	0.03867	0.02299	0.02090	0.02508	0.68226	0.01568	0.03240	0.02299	0.01986	0.01254	0.01463	0.01045	0.00836	0.00732	0.00209	0.01463	0.00523	0.00418	0.00941
27	0.02405	0.02778	0.02407	0.02103	0.02389	0.33533	0.04027	0.02877	0.09600	0.02171	0.01452	0.01798	0.01236	0.01076	0.01456	0.00273	0.26349	0.00656	0.00445	0.00970
28	0.30743	0.02010	0.01972	0.01569	0.02163	0.02257	0.01295	0.40834	0.02907	0.04564	0.01643	0.01713	0.01193	0.00892	0.00696	0.00246	0.00794	0.00622	0.00696	0.01193
29	0.77215	0.01569	0.01193	0.01067	0.01569	0.01820	0.00879	0.02385	0.01381	0.03641	0.01130	0.01318	0.00879	0.00753	0.00502	0.00251	0.00628	0.00439	0.00502	0.00879
30	0.01746	0.01637	0.02575	0.07725	0.43087	0.01650	0.01963	0.02312	0.06786	0.02572	0.03155	0.03392	0.15832	0.01055	0.00840	0.00253	0.00822	0.00959	0.00511	0.01128
31	0.01803	0.01971	0.04101	0.22713	0.04634	0.01979	0.45609	0.02446	0.01830	0.02446	0.01583	0.02181	0.01188	0.00721	0.00915	0.00273	0.01284	0.00889	0.00396	0.01038
32	0.01663	0.03950	0.59599	0.02449	0.03602	0.01905	0.10431	0.02573	0.01738	0.02573	0.01479	0.01772	0.01053	0.00760	0.00794	0.00259	0.01220	0.00644	0.00351	0.01186
33	0.01914	0.00998	0.01308	0.01142	0.01472	0.00889	0.00887	0.02249	0.02234	0.23281	0.38399	0.08000	0.10863	0.01525	0.00916	0.00259	0.00486	0.01319	0.00910	0.00949
34	0.01532	0.01442	0.02434	0.69533	0.05589	0.01803	0.02253	0.02073	0.01622	0.02073	0.01442	0.02163	0.01082	0.00811	0.00811	0.00270	0.01082	0.00721	0.00361	0.00901
35	0.00959	0.00822	0.00822	0.00822	0.01096	0.00685	0.00617	0.01165	0.01850	0.02192	0.08220	0.07809	0.66092	0.02055	0.00959	0.00274	0.00411	0.01713	0.00754	0.00685
36	0.00989	0.00706	0.00942	0.01130	0.01177	0.00659	0.00753	0.01130	0.01554	0.02071	0.04472	0.70954	0.05367	0.02542	0.01036	0.00330	0.00471	0.02307	0.00753	0.00659
37	0.01532	0.01442	0.02434	0.69533	0.05589	0.01803	0.02253	0.02073	0.01622	0.02073	0.01442	0.02163	0.01082	0.00811	0.00811	0.00270	0.01082	0.00721	0.00361	0.00901
38	0.01180	0.00787	0.00885	0.00885	0.00885	0.00787	0.00492	0.01180	0.01180	0.01573	0.02557	0.05310	0.02950	0.71483	0.04130	0.00787	0.00787	0.01180	0.00492	0.00492
39	0.02929	0.02795	0.02384	0.07849	0.02781	0.26970	0.01614	0.35779	0.03058	0.03682	0.01645	0.01786	0.01229	0.00908	0.00782	0.00233	0.01122	0.00652	0.00626	0.01174
40	0.01876	0.01793	0.03055	0.22869	0.49564	0.01893	0.02425	0.02375	0.01785	0.02491	0.01503	0.02051	0.01229	0.00747	0.00806	0.00249	0.00997	0.00722	0.00390	0.01179
