[name]
unknown

[dist]
# distance from previous block
# <min> <max>
10	47

[block]
# block no. 0 follows, 23 sequences, length 58
# corresponding to MSA columns:
# 72-129
name=unknown_A
#
# <colnr> <probs for GDERKNQSTAVLIFYWHMCP>
#	G	D	E	R	K	N	Q	S	T	A	V	L	I	F	Y	W	H	M	C	P
0	0.01919	0.02355	0.17524	0.02373	0.15971	0.07071	0.01832	0.13182	0.02176	0.02915	0.02961	0.08065	0.12461	0.01159	0.00824	0.00252	0.00891	0.00965	0.04023	0.01082
1	0.01909	0.36180	0.32085	0.01968	0.02896	0.02528	0.07357	0.02506	0.01700	0.02259	0.01316	0.01558	0.01051	0.00727	0.00668	0.00219	0.01056	0.00551	0.00350	0.01115
2	0.20321	0.12636	0.20029	0.01784	0.02479	0.12094	0.04793	0.05311	0.01780	0.02700	0.01400	0.01695	0.01118	0.01276	0.07088	0.00336	0.01140	0.00575	0.00427	0.01018
3	0.01924	0.41292	0.32782	0.01807	0.02730	0.02610	0.02117	0.02493	0.01678	0.02208	0.01277	0.01488	0.01035	0.00729	0.00634	0.00211	0.01018	0.00509	0.00345	0.01113
4	0.02422	0.52032	0.03680	0.01594	0.02207	0.22245	0.01441	0.02667	0.01839	0.01932	0.01165	0.01349	0.01042	0.00736	0.00582	0.00184	0.01042	0.00460	0.00368	0.01012
5	0.01052	0.00827	0.00930	0.00921	0.01142	0.00730	0.00685	0.01302	0.01928	0.02471	0.24914	0.07139	0.40117	0.07826	0.01235	0.00317	0.00451	0.04544	0.00773	0.00696
6	0.06219	0.02456	0.18954	0.03853	0.41664	0.01958	0.02463	0.02458	0.01736	0.02629	0.01447	0.01876	0.01180	0.00796	0.00935	0.00255	0.06850	0.00675	0.00389	0.01207
7	0.01159	0.00869	0.01304	0.01304	0.01449	0.01014	0.01014	0.01449	0.01304	0.01884	0.02173	0.03188	0.02029	0.06086	0.68268	0.01304	0.02173	0.00869	0.00435	0.00724
8	0.02037	0.07423	0.33878	0.02921	0.19869	0.15102	0.02488	0.02673	0.01861	0.02438	0.01416	0.01718	0.01100	0.00767	0.00757	0.00238	0.01170	0.00607	0.00373	0.01162
9	0.02009	0.01919	0.03225	0.04824	0.63394	0.01932	0.02433	0.02576	0.04818	0.02686	0.01610	0.02056	0.01341	0.00741	0.00804	0.00243	0.00949	0.00732	0.00422	0.01285
10	0.01683	0.01442	0.01683	0.01202	0.01923	0.01082	0.00961	0.02043	0.01683	0.02644	0.01442	0.01683	0.01202	0.00601	0.00601	0.00120	0.00601	0.00481	0.00481	0.76444
11	0.01985	0.48924	0.25685	0.01703	0.02569	0.02760	0.01936	0.02477	0.01671	0.02134	0.01240	0.01442	0.01037	0.00720	0.00606	0.00202	0.00980	0.00490	0.00346	0.01095
12	0.02216	0.01841	0.01946	0.01691	0.02185	0.02111	0.01332	0.15330	0.53616	0.03713	0.03051	0.02827	0.02273	0.01077	0.00823	0.00269	0.00689	0.00883	0.00823	0.01302
13	0.01775	0.01775	0.02485	0.02130	0.02130	0.02485	0.01775	0.01953	0.01243	0.01953	0.01065	0.01775	0.01065	0.01420	0.02663	0.00355	0.69998	0.00710	0.00355	0.00888
14	0.02011	0.01868	0.02824	0.03909	0.45715	0.01957	0.02102	0.03077	0.22167	0.02890	0.02098	0.02336	0.01669	0.00845	0.00811	0.00252	0.00860	0.00786	0.00538	0.01285
15	0.02921	0.12588	0.02549	0.02001	0.02454	0.59900	0.01545	0.03136	0.02216	0.01976	0.01238	0.01443	0.01045	0.00818	0.00705	0.00204	0.01387	0.00511	0.00409	0.00954
16	0.01180	0.00787	0.00885	0.00885	0.00885	0.00787	0.00492	0.01180	0.01180	0.01573	0.02557	0.05310	0.02950	0.71483	0.04130	0.00787	0.00787	0.01180	0.00492	0.00492
17	0.01409	0.00705	0.01057	0.01057	0.01057	0.00705	0.00705	0.01057	0.01057	0.01409	0.01409	0.02467	0.01409	0.02819	0.03171	0.76392	0.00705	0.00705	0.00352	0.00352
18	0.02008	0.01928	0.03294	0.04981	0.66422	0.01928	0.02490	0.02490	0.01848	0.02651	0.01526	0.02008	0.01285	0.00723	0.00803	0.00241	0.00964	0.00723	0.00402	0.01285
19	0.03085	0.02273	0.02435	0.01867	0.02516	0.02516	0.01542	0.63716	0.03815	0.05114	0.01948	0.01948	0.01380	0.00974	0.00812	0.00244	0.00893	0.00731	0.00812	0.01380
20	0.01180	0.00787	0.00885	0.00885	0.00885	0.00787	0.00492	0.01180	0.01180	0.01573	0.02557	0.05310	0.02950	0.71483	0.04130	0.00787	0.00787	0.01180	0.00492	0.00492
21	0.77215	0.01569	0.01193	0.01067	0.01569	0.01820	0.00879	0.02385	0.01381	0.03641	0.01130	0.01318	0.00879	0.00753	0.00502	0.00251	0.00628	0.00439	0.00502	0.00879
22	0.00989	0.00706	0.00942	0.01130	0.01177	0.00659	0.00753	0.01130	0.01554	0.02071	0.04472	0.70954	0.05367	0.02542	0.01036	0.00330	0.00471	0.02307	0.00753	0.00659
23	0.22226	0.36804	0.02968	0.01474	0.02050	0.18640	0.01297	0.02615	0.01736	0.02386	0.01159	0.01345	0.00999	0.00744	0.00567	0.00203	0.00949	0.00457	0.00405	0.00974
24	0.02710	0.03032	0.02163	0.01928	0.02381	0.40665	0.01474	0.09331	0.22617	0.02737	0.01980	0.02013	0.01538	0.00934	0.00770	0.00234	0.01145	0.00669	0.00587	0.01093
25	0.01916	0.02479	0.18841	0.04332	0.51136	0.01917	0.02614	0.02510	0.01815	0.02631	0.01509	0.01937	0.01223	0.00735	0.00795	0.00245	0.01021	0.00693	0.00387	0.01264
26	0.03641	0.01381	0.01883	0.01444	0.02071	0.01193	0.01193	0.03954	0.02322	0.66984	0.03201	0.02762	0.02009	0.01004	0.00816	0.00251	0.00690	0.00816	0.01004	0.01381
27	0.77215	0.01569	0.01193	0.01067	0.01569	0.01820	0.00879	0.02385	0.01381	0.03641	0.01130	0.01318	0.00879	0.00753	0.00502	0.00251	0.00628	0.00439	0.00502	0.00879
28	0.02008	0.01928	0.03294	0.04981	0.66422	0.01928	0.02490	0.02490	0.01848	0.02651	0.01526	0.02008	0.01285	0.00723	0.00803	0.00241	0.00964	0.00723	0.00402	0.01285
29	0.00989	0.00706	0.00942	0.01130	0.01177	0.00659	0.00753	0.01130	0.01554	0.02071	0.04472	0.70954	0.05367	0.02542	0.01036	0.00330	0.00471	0.02307	0.00753	0.00659
30	0.00989	0.00706	0.00942	0.01130	0.01177	0.00659	0.00753	0.01130	0.01554	0.02071	0.04472	0.70954	0.05367	0.02542	0.01036	0.00330	0.00471	0.02307	0.00753	0.00659
31	0.01159	0.00869	0.01304	0.01304	0.01449	0.01014	0.01014	0.01449	0.01304	0.01884	0.02173	0.03188	0.02029	0.06086	0.68268	0.01304	0.02173	0.00869	0.00435	0.00724
32	0.02177	0.02481	0.02236	0.01979	0.02233	0.30428	0.04470	0.02419	0.01745	0.01982	0.01437	0.01996	0.01293	0.02240	0.17307	0.00513	0.21101	0.00679	0.00404	0.00882
33	0.01007	0.00719	0.00963	0.01151	0.01206	0.00675	0.00785	0.01162	0.01572	0.02092	0.04462	0.67400	0.05327	0.02525	0.01041	0.00332	0.00487	0.05679	0.00753	0.00664
34	0.01159	0.00869	0.01304	0.01304	0.01449	0.01014	0.01014	0.01449	0.01304	0.01884	0.02173	0.03188	0.02029	0.06086	0.68268	0.01304	0.02173	0.00869	0.00435	0.00724
35	0.77215	0.01569	0.01193	0.01067	0.01569	0.01820	0.00879	0.02385	0.01381	0.03641	0.01130	0.01318	0.00879	0.00753	0.00502	0.00251	0.00628	0.00439	0.00502	0.00879
36	0.01679	0.10637	0.61291	0.02225	0.03376	0.02010	0.02845	0.02556	0.01707	0.02507	0.01425	0.01674	0.01029	0.00764	0.00747	0.00249	0.01168	0.00584	0.00343	0.01184
37	0.02531	0.02214	0.02732	0.10008	0.25884	0.08474	0.01960	0.29512	0.02735	0.03614	0.01678	0.01946	0.01283	0.00854	0.00801	0.00242	0.00992	0.00707	0.00580	0.01255
38	0.02694	0.02481	0.02023	0.01710	0.02179	0.24349	0.01343	0.27629	0.06395	0.03545	0.01930	0.02059	0.01468	0.00929	0.00737	0.00223	0.00969	0.00676	0.15557	0.01103
39	0.02008	0.01928	0.03294	0.04981	0.66422	0.01928	0.02490	0.02490	0.01848	0.02651	0.01526	0.02008	0.01285	0.00723	0.00803	0.00241	0.00964	0.00723	0.00402	0.01285
40	0.00959	0.00822	0.00822	0.00822	0.01096	0.00685	0.00617	0.01165	0.01850	0.02192	0.08220	0.07809	0.66092	0.02055	0.00959	0.00274	0.00411	0.01713	0.00754	0.00685
41	0.02378	0.02328	0.02369	0.02585	0.17877	0.16778	0.01673	0.11238	0.27865	0.03121	0.02242	0.02294	0.01729	0.00934	0.00798	0.00248	0.00935	0.00758	0.00630	0.01220
42	0.01683	0.01442	0.01683	0.01202	0.01923	0.01082	0.00961	0.02043	0.01683	0.02644	0.01442	0.01683	0.01202	0.00601	0.00601	0.00120	0.00601	0.00481	0.00481	0.76444
43	0.20887	0.06219	0.02004	0.01571	0.02081	0.20957	0.01266	0.03188	0.02000	0.26126	0.01920	0.01909	0.01358	0.00898	0.00788	0.00239	0.04240	0.00614	0.00645	0.01090
44	0.00981	0.00734	0.00912	0.01055	0.01157	0.00665	0.00720	0.01138	0.01625	0.02101	0.05383	0.55611	0.20122	0.02424	0.01017	0.00316	0.00456	0.02162	0.00753	0.00665
45	0.00966	0.00794	0.00851	0.00897	0.01116	0.00679	0.00650	0.01156	0.01778	0.02163	0.07309	0.23152	0.51337	0.02173	0.00978	0.00287	0.00426	0.01857	0.00753	0.00679
46	0.17478	0.02010	0.02077	0.04999	0.06023	0.05900	0.01419	0.30530	0.08727	0.07141	0.01918	0.01997	0.01407	0.00913	0.00737	0.00245	0.00831	0.00683	0.03774	0.01193
47	0.02468	0.01950	0.02168	0.01834	0.05473	0.02072	0.01406	0.32504	0.19943	0.04043	0.02197	0.02193	0.01639	0.00923	0.00774	0.00228	0.00771	0.00732	0.00731	0.15949
48	0.01979	0.01928	0.03381	0.07774	0.58398	0.01933	0.07645	0.02481	0.01843	0.02620	0.01532	0.02031	0.01271	0.00724	0.00817	0.00245	0.01004	0.00743	0.00401	0.01252
49	0.01871	0.01749	0.02749	0.17766	0.30349	0.02013	0.02143	0.05739	0.01766	0.02486	0.01580	0.02392	0.01388	0.01013	0.01276	0.00283	0.17746	0.04184	0.00425	0.01081
50	0.02393	0.22551	0.02407	0.01374	0.01885	0.01885	0.01161	0.03034	0.14035	0.22371	0.02700	0.02884	0.04693	0.08711	0.04190	0.00339	0.00801	0.00801	0.00681	0.01105
51	0.16639	0.01245	0.01335	0.04076	0.01694	0.01344	0.00973	0.02423	0.18610	0.03209	0.27687	0.04323	0.10696	0.01335	0.00825	0.00262	0.00533	0.01109	0.00760	0.00923
52	0.01999	0.15531	0.03385	0.04104	0.50758	0.02134	0.02205	0.02428	0.01783	0.02469	0.01480	0.01927	0.01273	0.00975	0.03990	0.00279	0.01003	0.00674	0.00393	0.01211
53	0.02026	0.17336	0.06445	0.04073	0.49471	0.02206	0.02273	0.02481	0.01798	0.02485	0.01436	0.01840	0.01220	0.00719	0.00740	0.00227	0.00954	0.00654	0.00387	0.01228
54	0.02186	0.21865	0.09311	0.03000	0.27112	0.15543	0.01986	0.02587	0.01848	0.02272	0.01382	0.01725	0.01177	0.00969	0.03563	0.00262	0.01111	0.00597	0.00386	0.01117
55	0.02115	0.01906	0.05858	0.03774	0.42859	0.01755	0.04525	0.05590	0.01998	0.08745	0.05403	0.02275	0.01702	0.00806	0.00802	0.00235	0.00898	0.00758	0.00510	0.07485
56	0.02114	0.12692	0.22447	0.02286	0.03095	0.18151	0.16195	0.02672	0.01891	0.02351	0.01404	0.01703	0.01097	0.00741	0.00755	0.00225	0.01202	0.00630	0.00390	0.07960
57	0.01750	0.30858	0.10292	0.01698	0.05759	0.02049	0.01546	0.02145	0.01745	0.02273	0.05268	0.03799	0.02387	0.01377	0.03527	0.00287	0.00894	0.16548	0.00494	0.05305

[dist]
# distance from previous block
# <min> <max>
8	12

[block]
# block no. 1 follows, 23 sequences, length 11
# corresponding to MSA columns:
# 142-152
name=unknown_B
#
# <colnr> <probs for GDERKNQSTAVLIFYWHMCP>
#	G	D	E	R	K	N	Q	S	T	A	V	L	I	F	Y	W	H	M	C	P
0	0.01661	0.01521	0.02300	0.41604	0.10618	0.01681	0.01904	0.02329	0.07888	0.02385	0.01634	0.02129	0.01265	0.00786	0.00767	0.00236	0.00923	0.00689	0.00436	0.17245
1	0.01955	0.01947	0.02962	0.23456	0.43502	0.07373	0.02345	0.02431	0.01820	0.02428	0.01479	0.02008	0.01206	0.00758	0.00800	0.00247	0.01039	0.00706	0.00391	0.01146
2	0.01488	0.01228	0.01531	0.01225	0.01735	0.01043	0.00968	0.01828	0.01596	0.02436	0.05128	0.02393	0.01809	0.02394	0.22044	0.00502	0.01087	0.00657	0.00488	0.48421
3	0.01921	0.02091	0.04233	0.03625	0.17417	0.02069	0.44094	0.02510	0.01833	0.02545	0.01558	0.02108	0.01226	0.00767	0.01097	0.00275	0.08231	0.00882	0.00403	0.01115
4	0.01023	0.00824	0.00910	0.00889	0.01135	0.00712	0.00667	0.01288	0.02000	0.02548	0.27612	0.07222	0.46478	0.01922	0.00958	0.00268	0.00402	0.01630	0.00800	0.00712
5	0.02843	0.02437	0.02423	0.01949	0.02446	0.12925	0.01588	0.43113	0.03116	0.04054	0.01681	0.01840	0.01271	0.01032	0.01129	0.00258	0.13311	0.00694	0.00668	0.01222
6	0.01159	0.00869	0.01304	0.01304	0.01449	0.01014	0.01014	0.01449	0.01304	0.01884	0.02173	0.03188	0.02029	0.06086	0.68268	0.01304	0.02173	0.00869	0.00435	0.00724
7	0.01820	0.01524	0.01757	0.01267	0.01981	0.01223	0.01019	0.08109	0.01892	0.02887	0.01492	0.01709	0.01219	0.00638	0.00622	0.00132	0.00630	0.00505	0.00513	0.69060
8	0.02371	0.02620	0.21029	0.01882	0.02626	0.02076	0.01866	0.36713	0.02937	0.04007	0.05542	0.02724	0.05092	0.01064	0.00829	0.00256	0.00924	0.03537	0.00674	0.01231
9	0.01125	0.00778	0.00928	0.00969	0.01006	0.00773	0.00598	0.01191	0.01307	0.01739	0.03245	0.19305	0.06855	0.47530	0.08597	0.00704	0.00813	0.01424	0.00557	0.00557
10	0.02008	0.01928	0.03294	0.04981	0.66422	0.01928	0.02490	0.02490	0.01848	0.02651	0.01526	0.02008	0.01285	0.00723	0.00803	0.00241	0.00964	0.00723	0.00402	0.01285

[dist]
# distance from previous block
# <min> <max>
0	36

[block]
# block no. 2 follows, 23 sequences, length 6
# corresponding to MSA columns:
# 189-194
name=unknown_C
#
# <colnr> <probs for GDERKNQSTAVLIFYWHMCP>
#	G	D	E	R	K	N	Q	S	T	A	V	L	I	F	Y	W	H	M	C	P
0	0.01963	0.02196	0.10857	0.04665	0.58985	0.01923	0.02550	0.02500	0.01832	0.02641	0.01518	0.01973	0.01255	0.00729	0.00799	0.00243	0.00992	0.00708	0.00395	0.01275
1	0.01835	0.02200	0.14737	0.03300	0.34485	0.01655	0.02107	0.02365	0.01771	0.02634	0.01487	0.01851	0.01211	0.00694	0.00734	0.00206	0.00894	0.00624	0.00415	0.24795
2	0.02652	0.01421	0.01665	0.01371	0.01848	0.04520	0.01096	0.07400	0.07105	0.34562	0.17295	0.03853	0.09131	0.01242	0.00857	0.00253	0.00646	0.01029	0.00901	0.01152
3	0.01914	0.02187	0.22392	0.09592	0.02751	0.01382	0.01763	0.02475	0.01918	0.14680	0.13702	0.02759	0.02476	0.00950	0.00785	0.00230	0.00823	0.00791	0.00597	0.15831
4	0.02008	0.01928	0.03294	0.04981	0.66422	0.01928	0.02490	0.02490	0.01848	0.02651	0.01526	0.02008	0.01285	0.00723	0.00803	0.00241	0.00964	0.00723	0.00402	0.01285
5	0.01699	0.03773	0.55331	0.02811	0.15259	0.01893	0.02903	0.02555	0.01738	0.02585	0.01469	0.01768	0.01076	0.00762	0.00777	0.00254	0.01155	0.00623	0.00354	0.01215

[dist]
# distance from previous block
# <min> <max>
0	1

[block]
# block no. 3 follows, 23 sequences, length 86
# corresponding to MSA columns:
# 196-281
name=unknown_D
#
# <colnr> <probs for GDERKNQSTAVLIFYWHMCP>
#	G	D	E	R	K	N	Q	S	T	A	V	L	I	F	Y	W	H	M	C	P
0	0.02077	0.02275	0.02235	0.02311	0.11236	0.24334	0.01612	0.02337	0.01703	0.02046	0.01478	0.02064	0.01336	0.02315	0.18510	0.00532	0.19586	0.00689	0.00403	0.00921
1	0.01709	0.02124	0.15522	0.01788	0.02623	0.01403	0.11538	0.02241	0.01727	0.02622	0.01477	0.01771	0.01171	0.00649	0.00693	0.00173	0.00847	0.00582	0.00441	0.48898
2	0.00998	0.00824	0.00875	0.00862	0.01120	0.00701	0.00647	0.01239	0.01940	0.02408	0.19964	0.07454	0.54213	0.01974	0.00959	0.00270	0.00405	0.01663	0.00782	0.00701
3	0.02169	0.71972	0.04252	0.01388	0.02083	0.03211	0.01388	0.02430	0.01649	0.01909	0.01128	0.01302	0.01041	0.00694	0.00521	0.00174	0.00868	0.00434	0.00347	0.01041
4	0.02170	0.01767	0.02417	0.02954	0.27591	0.01876	0.01766	0.05931	0.28670	0.08841	0.02581	0.02852	0.02023	0.00993	0.00830	0.00263	0.00790	0.03745	0.00669	0.01271
5	0.00959	0.00822	0.00822	0.00822	0.01096	0.00685	0.00617	0.01165	0.01850	0.02192	0.08220	0.07809	0.66092	0.02055	0.00959	0.00274	0.00411	0.01713	0.00754	0.00685
6	0.01761	0.01559	0.02071	0.02113	0.17480	0.01286	0.01330	0.02151	0.01722	0.02646	0.01462	0.01761	0.01222	0.00630	0.00650	0.00149	0.00688	0.00539	0.00462	0.58315
7	0.01775	0.01775	0.02485	0.02130	0.02130	0.02485	0.01775	0.01953	0.01243	0.01953	0.01065	0.01775	0.01065	0.01420	0.02663	0.00355	0.69998	0.00710	0.00355	0.00888
8	0.01691	0.01604	0.02721	0.47983	0.25897	0.01845	0.02333	0.02212	0.01698	0.02266	0.01470	0.02112	0.01150	0.00782	0.00809	0.00261	0.01042	0.00722	0.00374	0.01030
9	0.02008	0.01928	0.03294	0.04981	0.66422	0.01928	0.02490	0.02490	0.01848	0.02651	0.01526	0.02008	0.01285	0.00723	0.00803	0.00241	0.00964	0.00723	0.00402	0.01285
10	0.01683	0.01442	0.01683	0.01202	0.01923	0.01082	0.00961	0.02043	0.01683	0.02644	0.01442	0.01683	0.01202	0.00601	0.00601	0.00120	0.00601	0.00481	0.00481	0.76444
11	0.00989	0.00706	0.00942	0.01130	0.01177	0.00659	0.00753	0.01130	0.01554	0.02071	0.04472	0.70954	0.05367	0.02542	0.01036	0.00330	0.00471	0.02307	0.00753	0.00659
12	0.03231	0.02038	0.02290	0.01756	0.02399	0.02168	0.01450	0.48009	0.03423	0.21375	0.02277	0.02162	0.01545	0.00982	0.00813	0.00246	0.00840	0.00753	0.00862	0.01380
13	0.02008	0.01928	0.03294	0.04981	0.66422	0.01928	0.02490	0.02490	0.01848	0.02651	0.01526	0.02008	0.01285	0.00723	0.00803	0.00241	0.00964	0.00723	0.00402	0.01285
14	0.00959	0.00822	0.00822	0.00822	0.01096	0.00685	0.00617	0.01165	0.01850	0.02192	0.08220	0.07809	0.66092	0.02055	0.00959	0.00274	0.00411	0.01713	0.00754	0.00685
15	0.00989	0.00706	0.00942	0.01130	0.01177	0.00659	0.00753	0.01130	0.01554	0.02071	0.04472	0.70954	0.05367	0.02542	0.01036	0.00330	0.00471	0.02307	0.00753	0.00659
16	0.01647	0.04079	0.63933	0.02452	0.06801	0.01887	0.02971	0.02566	0.01720	0.02574	0.01460	0.01729	0.01041	0.00768	0.00773	0.00256	0.01187	0.00606	0.00346	0.01204
17	0.01770	0.22010	0.50714	0.02070	0.03136	0.02233	0.02575	0.02533	0.01696	0.02396	0.01370	0.01605	0.01031	0.00751	0.00705	0.00235	0.01112	0.00556	0.00344	0.01158
18	0.02018	0.01743	0.01835	0.01651	0.02110	0.02018	0.01284	0.04312	0.64956	0.03394	0.03303	0.03027	0.02477	0.01101	0.00826	0.00275	0.00642	0.00917	0.00826	0.01284
19	0.01989	0.01981	0.03595	0.04665	0.53859	0.01953	0.14811	0.02512	0.01861	0.02640	0.01550	0.02045	0.01274	0.00715	0.00834	0.00248	0.01046	0.00770	0.00403	0.01247
20	0.03031	0.03867	0.02299	0.02090	0.02508	0.68226	0.01568	0.03240	0.02299	0.01986	0.01254	0.01463	0.01045	0.00836	0.00732	0.00209	0.01463	0.00523	0.00418	0.00941
21	0.01159	0.00869	0.01304	0.01304	0.01449	0.01014	0.01014	0.01449	0.01304	0.01884	0.02173	0.03188	0.02029	0.06086	0.68268	0.01304	0.02173	0.00869	0.00435	0.00724
22	0.01736	0.17726	0.54698	0.02128	0.03227	0.02149	0.02677	0.02542	0.01700	0.02438	0.01391	0.01631	0.01031	0.00756	0.00721	0.00240	0.01133	0.00567	0.00344	0.01168
23	0.02405	0.01327	0.01477	0.01221	0.01634	0.01360	0.00980	0.20406	0.02446	0.16638	0.02555	0.02656	0.01860	0.00966	0.00689	0.00218	0.00592	0.00761	0.38741	0.01066
24	0.00965	0.00798	0.00846	0.00885	0.01112	0.00680	0.00644	0.01157	0.01789	0.02167	0.07458	0.20645	0.53748	0.02154	0.00975	0.00285	0.00423	0.01833	0.00753	0.00680
25	0.02008	0.01928	0.03294	0.04981	0.66422	0.01928	0.02490	0.02490	0.01848	0.02651	0.01526	0.02008	0.01285	0.00723	0.00803	0.00241	0.00964	0.00723	0.00402	0.01285
26	0.01904	0.37030	0.33794	0.01914	0.02851	0.02536	0.04990	0.02503	0.01691	0.02250	0.01305	0.01535	0.01044	0.00730	0.00658	0.00217	0.01046	0.00536	0.00348	0.01118
27	0.01009	0.00757	0.00939	0.01056	0.01180	0.00687	0.00742	0.01198	0.01711	0.02225	0.11048	0.46233	0.21147	0.02324	0.01012	0.00310	0.00459	0.04517	0.00766	0.00679
28	0.01683	0.01442	0.01683	0.01202	0.01923	0.01082	0.00961	0.02043	0.01683	0.02644	0.01442	0.01683	0.01202	0.00601	0.00601	0.00120	0.00601	0.00481	0.00481	0.76444
29	0.01738	0.01018	0.01180	0.01049	0.01417	0.00896	0.00818	0.02099	0.05318	0.19389	0.12401	0.06058	0.40100	0.01689	0.00914	0.00266	0.00494	0.01411	0.00837	0.00907
30	0.01880	0.01604	0.02400	0.23190	0.05948	0.01841	0.07387	0.16840	0.02084	0.02823	0.01751	0.02347	0.01417	0.02218	0.18171	0.00532	0.05285	0.00783	0.00494	0.01004
31	0.00959	0.00822	0.00822	0.00822	0.01096	0.00685	0.00617	0.01165	0.01850	0.02192	0.08220	0.07809	0.66092	0.02055	0.00959	0.00274	0.00411	0.01713	0.00754	0.00685
32	0.53495	0.02394	0.21931	0.01458	0.02179	0.01840	0.01544	0.02443	0.01485	0.03305	0.01232	0.01442	0.00926	0.00759	0.00586	0.00253	0.00807	0.00490	0.00452	0.00979
33	0.01589	0.01496	0.02558	0.24195	0.20026	0.01573	0.09744	0.02064	0.01811	0.02410	0.06026	0.03854	0.09763	0.01139	0.00891	0.00275	0.00930	0.08183	0.00499	0.00974
34	0.02988	0.07270	0.02397	0.02055	0.02487	0.64977	0.01559	0.03200	0.02267	0.01982	0.01248	0.01455	0.01045	0.00829	0.00721	0.00207	0.01434	0.00518	0.00415	0.00946
35	0.01629	0.01541	0.02609	0.56411	0.17955	0.01828	0.02302	0.02158	0.01668	0.02191	0.01459	0.02132	0.01123	0.00793	0.00810	0.00264	0.01058	0.00721	0.00369	0.00979
36	0.02106	0.06955	0.26411	0.01908	0.02617	0.25486	0.01927	0.05250	0.02035	0.02373	0.02558	0.02667	0.12303	0.01021	0.00778	0.00238	0.01126	0.00762	0.00462	0.01018
37	0.01549	0.02663	0.33596	0.01834	0.02544	0.01586	0.01979	0.02601	0.16924	0.02634	0.02715	0.20711	0.02548	0.01328	0.00856	0.00281	0.00868	0.01137	0.00570	0.01074
38	0.01627	0.04197	0.67279	0.02313	0.03512	0.01884	0.02998	0.02570	0.01713	0.02570	0.01456	0.01713	0.01028	0.00771	0.00771	0.00257	0.01199	0.00600	0.00343	0.01199
39	0.01948	0.01865	0.03152	0.04742	0.62679	0.01857	0.02383	0.02414	0.01848	0.02625	0.01910	0.02341	0.04998	0.00799	0.00812	0.00243	0.00932	0.00780	0.00422	0.01251
40	0.02255	0.02396	0.03054	0.04283	0.51006	0.17919	0.02268	0.02671	0.01957	0.02491	0.01461	0.01877	0.01227	0.00750	0.00786	0.00233	0.01084	0.00675	0.00406	0.01202
41	0.02008	0.01928	0.03294	0.04981	0.66422	0.01928	0.02490	0.02490	0.01848	0.02651	0.01526	0.02008	0.01285	0.00723	0.00803	0.00241	0.00964	0.00723	0.00402	0.01285
42	0.00989	0.00706	0.00942	0.01130	0.01177	0.00659	0.00753	0.01130	0.01554	0.02071	0.04472	0.70954	0.05367	0.02542	0.01036	0.00330	0.00471	0.02307	0.00753	0.00659
43	0.02683	0.02419	0.02421	0.05267	0.02571	0.15093	0.01638	0.34205	0.02797	0.03603	0.01577	0.01824	0.01225	0.01047	0.01243	0.00265	0.17680	0.00685	0.00604	0.01154
44	0.02028	0.10727	0.36753	0.02213	0.03097	0.17991	0.07922	0.02677	0.01890	0.02392	0.04022	0.01832	0.01322	0.00807	0.00760	0.00238	0.01211	0.00632	0.00390	0.01093
45	0.01532	0.00893	0.01106	0.01081	0.01335	0.00786	0.00798	0.01752	0.01877	0.15415	0.11087	0.30056	0.25192	0.01986	0.00958	0.00288	0.00487	0.01728	0.00817	0.00824
46	0.01180	0.00787	0.00885	0.00885	0.00885	0.00787	0.00492	0.01180	0.01180	0.01573	0.02557	0.05310	0.02950	0.71483	0.04130	0.00787	0.00787	0.01180	0.00492	0.00492
47	0.01085	0.00772	0.00947	0.00999	0.01086	0.00727	0.00662	0.01246	0.01643	0.02211	0.19052	0.28934	0.10708	0.23919	0.01981	0.00450	0.00543	0.01696	0.00705	0.00635
48	0.21494	0.03506	0.49910	0.01985	0.03001	0.01868	0.02441	0.02521	0.01626	0.02851	0.01370	0.01609	0.00989	0.00766	0.00700	0.00255	0.01049	0.00557	0.00385	0.01115
49	0.01640	0.02274	0.18649	0.02568	0.06701	0.01771	0.23341	0.02224	0.01641	0.02348	0.01677	0.02288	0.01380	0.02194	0.18750	0.00546	0.07786	0.00812	0.00395	0.01014
50	0.01994	0.01967	0.03516	0.04749	0.57179	0.01946	0.11555	0.02506	0.01858	0.02643	0.01543	0.02035	0.01277	0.00717	0.00826	0.00246	0.01024	0.00758	0.00403	0.01257
51	0.01513	0.00756	0.00756	0.00756	0.00945	0.00756	0.00567	0.01891	0.01702	0.03025	0.02647	0.03025	0.02080	0.00945	0.00567	0.00189	0.00378	0.00756	0.75988	0.00756
52	0.01620	0.01431	0.02323	0.03343	0.37524	0.01420	0.01831	0.01998	0.01781	0.02466	0.02800	0.20090	0.02958	0.01470	0.00924	0.00289	0.00801	0.13350	0.00557	0.01025
53	0.01201	0.00864	0.01159	0.01178	0.01368	0.00822	0.00946	0.01581	0.02154	0.02979	0.45476	0.07089	0.06663	0.01853	0.01011	0.00295	0.00504	0.21252	0.00845	0.00759
54	0.01084	0.00780	0.01027	0.01065	0.01198	0.00723	0.00761	0.01369	0.01996	0.02776	0.41124	0.32294	0.06731	0.02016	0.00989	0.00285	0.00418	0.01807	0.00837	0.00723
55	0.01683	0.01442	0.01683	0.01202	0.01923	0.01082	0.00961	0.02043	0.01683	0.02644	0.01442	0.01683	0.01202	0.00601	0.00601	0.00120	0.00601	0.00481	0.00481	0.76444
56	0.01683	0.01442	0.01683	0.01202	0.01923	0.01082	0.00961	0.02043	0.01683	0.02644	0.01442	0.01683	0.01202	0.00601	0.00601	0.00120	0.00601	0.00481	0.00481	0.76444
57	0.02769	0.02104	0.02435	0.15622	0.03141	0.02371	0.01687	0.51185	0.03369	0.04496	0.01845	0.01992	0.01319	0.00941	0.00812	0.00249	0.00931	0.00729	0.00720	0.01283
58	0.01591	0.00832	0.00840	0.00812	0.01024	0.00844	0.00616	0.04980	0.01807	0.03130	0.02612	0.02971	0.02045	0.00947	0.00579	0.00192	0.00404	0.00755	0.72232	0.00787
59	0.03466	0.01661	0.02056	0.01577	0.02211	0.01608	0.01302	0.22708	0.02791	0.47569	0.02808	0.02506	0.01811	0.00995	0.00815	0.00249	0.00754	0.00789	0.00944	0.01381
60	0.01803	0.01448	0.01695	0.01242	0.01925	0.01140	0.00991	0.05224	0.01812	0.05402	0.01680	0.04918	0.01435	0.00726	0.00641	0.00141	0.00614	0.00591	0.00532	0.66039
61	0.01913	0.01015	0.01318	0.01234	0.01566	0.00913	0.00997	0.02210	0.02034	0.22711	0.13036	0.12193	0.17741	0.01763	0.00960	0.00293	0.00582	0.15744	0.00849	0.00927
62	0.01103	0.00828	0.01021	0.00973	0.01184	0.00746	0.00730	0.01443	0.02189	0.02998	0.52059	0.06483	0.21751	0.01754	0.00958	0.00260	0.00390	0.01527	0.00860	0.00746
63	0.00989	0.00706	0.00942	0.01130	0.01177	0.00659	0.00753	0.01130	0.01554	0.02071	0.04472	0.70954	0.05367	0.02542	0.01036	0.00330	0.00471	0.02307	0.00753	0.00659
64	0.02018	0.01743	0.01835	0.01651	0.02110	0.02018	0.01284	0.04312	0.64956	0.03394	0.03303	0.03027	0.02477	0.01101	0.00826	0.00275	0.00642	0.00917	0.00826	0.01284
65	0.01825	0.19680	0.37358	0.02362	0.03351	0.02237	0.17206	0.02544	0.01747	0.02421	0.01424	0.01731	0.01080	0.00732	0.00757	0.00241	0.01162	0.00647	0.00360	0.01137
66	0.01627	0.04197	0.67279	0.02313	0.03512	0.01884	0.02998	0.02570	0.01713	0.02570	0.01456	0.01713	0.01028	0.00771	0.00771	0.00257	0.01199	0.00600	0.00343	0.01199
67	0.01627	0.04197	0.67279	0.02313	0.03512	0.01884	0.02998	0.02570	0.01713	0.02570	0.01456	0.01713	0.01028	0.00771	0.00771	0.00257	0.01199	0.00600	0.00343	0.01199
68	0.01754	0.01669	0.02834	0.39448	0.33941	0.01861	0.02364	0.02268	0.01727	0.02342	0.01481	0.02091	0.01177	0.00770	0.00808	0.00257	0.01027	0.00722	0.00380	0.01080
69	0.01883	0.01800	0.03068	0.21946	0.50433	0.01895	0.02428	0.02381	0.01788	0.02499	0.01504	0.02049	0.01232	0.00746	0.00805	0.00249	0.00995	0.00722	0.00391	0.01184
70	0.01492	0.03511	0.53769	0.02010	0.03021	0.01641	0.02514	0.02284	0.01741	0.02493	0.02831	0.02952	0.14254	0.01032	0.00809	0.00260	0.01039	0.00826	0.00426	0.01095
71	0.01664	0.00969	0.01101	0.00985	0.01352	0.00818	0.00768	0.01898	0.01974	0.19221	0.06901	0.06483	0.49250	0.01779	0.00921	0.00268	0.00484	0.01477	0.00819	0.00868
72	0.00959	0.00822	0.00822	0.00822	0.01096	0.00685	0.00617	0.01165	0.01850	0.02192	0.08220	0.07809	0.66092	0.02055	0.00959	0.00274	0.00411	0.01713	0.00754	0.00685
73	0.01988	0.03031	0.25458	0.03264	0.19650	0.10711	0.19017	0.02646	0.01880	0.02521	0.01497	0.01884	0.01151	0.00744	0.00824	0.00251	0.01220	0.00718	0.00386	0.01159
74	0.02481	0.02708	0.15787	0.02721	0.18116	0.08341	0.02059	0.28484	0.05249	0.03642	0.01737	0.01913	0.01299	0.00865	0.00795	0.00244	0.01015	0.00690	0.00581	0.01276
75	0.03612	0.01426	0.01911	0.01465	0.02094	0.01260	0.01210	0.07001	0.02399	0.63829	0.03137	0.02720	0.01977	0.01003	0.00816	0.00251	0.00701	0.00812	0.00994	0.01381
76	0.01797	0.02894	0.32110	0.16264	0.04078	0.01883	0.20806	0.02548	0.01786	0.05761	0.01598	0.02000	0.01149	0.00765	0.00837	0.00264	0.01200	0.00742	0.00400	0.01117
77	0.01997	0.07717	0.06224	0.03944	0.38385	0.04782	0.17045	0.02513	0.01862	0.02539	0.01622	0.02255	0.01371	0.00780	0.00827	0.00248	0.01075	0.03221	0.00412	0.01180
78	0.02030	0.04823	0.02767	0.34722	0.04151	0.05257	0.11881	0.02671	0.07254	0.10852	0.01829	0.02232	0.01345	0.00862	0.00896	0.00265	0.03864	0.00766	0.00496	0.01037
79	0.01163	0.00806	0.01012	0.01022	0.01068	0.00846	0.00661	0.01256	0.01238	0.01693	0.02554	0.08446	0.02817	0.48271	0.22845	0.00913	0.01177	0.01153	0.00490	0.00570
80	0.02011	0.01555	0.01712	0.01471	0.01866	0.01680	0.01159	0.27920	0.08986	0.03513	0.04019	0.16188	0.17819	0.01560	0.00984	0.00276	0.04197	0.01276	0.00765	0.01045
81	0.06128	0.30905	0.18983	0.01611	0.02275	0.05132	0.01678	0.02261	0.01595	0.02170	0.01468	0.01867	0.01267	0.02023	0.16932	0.00473	0.01278	0.00584	0.00379	0.00990
82	0.01076	0.00799	0.01006	0.01137	0.01273	0.00745	0.00851	0.01286	0.01686	0.02166	0.05220	0.35720	0.19692	0.06295	0.01217	0.00354	0.00547	0.17514	0.00737	0.00679
83	0.17646	0.02483	0.02130	0.23024	0.03285	0.27439	0.01640	0.08631	0.02049	0.02656	0.01356	0.01701	0.01056	0.00825	0.00718	0.00240	0.01118	0.00588	0.00456	0.00959
84	0.06514	0.03840	0.20564	0.02100	0.02742	0.46047	0.01935	0.03006	0.02086	0.02237	0.01305	0.01526	0.01032	0.00813	0.00731	0.00225	0.01345	0.00540	0.00401	0.01010
85	0.02372	0.02450	0.17819	0.01855	0.02551	0.02050	0.01773	0.27779	0.15422	0.07400	0.02197	0.02271	0.01613	0.01420	0.06968	0.00351	0.01021	0.00755	0.00678	0.01257

[dist]
# distance from previous block
# <min> <max>
0	1

[block]
# block no. 4 follows, 23 sequences, length 38
# corresponding to MSA columns:
# 283-320
name=unknown_E
#
# <colnr> <probs for GDERKNQSTAVLIFYWHMCP>
#	G	D	E	R	K	N	Q	S	T	A	V	L	I	F	Y	W	H	M	C	P
0	0.02748	0.02515	0.02601	0.02630	0.16794	0.16861	0.01775	0.32715	0.02875	0.03670	0.01644	0.01844	0.01265	0.00916	0.00911	0.00243	0.05478	0.00682	0.00604	0.01230
1	0.02280	0.01626	0.01715	0.01438	0.01883	0.01796	0.01148	0.27544	0.18949	0.03966	0.02534	0.02590	0.01899	0.00997	0.00733	0.00233	0.00655	0.00788	0.26080	0.01146
2	0.01712	0.01625	0.02758	0.45199	0.28521	0.01850	0.02343	0.02230	0.01707	0.02291	0.01474	0.02105	0.01158	0.00778	0.00808	0.00259	0.01037	0.00722	0.00376	0.01046
3	0.01627	0.04197	0.67279	0.02313	0.03512	0.01884	0.02998	0.02570	0.01713	0.02570	0.01456	0.01713	0.01028	0.00771	0.00771	0.00257	0.01199	0.00600	0.00343	0.01199
4	0.01833	0.29904	0.43373	0.01962	0.02970	0.02387	0.02387	0.02517	0.01689	0.02319	0.01332	0.01557	0.01033	0.00742	0.00676	0.00225	0.01073	0.00537	0.00344	0.01139
5	0.02296	0.02474	0.03014	0.04167	0.48424	0.20597	0.02231	0.02701	0.01975	0.02464	0.01450	0.01855	0.01218	0.00755	0.00783	0.00232	0.01105	0.00667	0.00406	0.01188
6	0.01166	0.01036	0.01232	0.01175	0.01370	0.01103	0.00928	0.01372	0.01699	0.02147	0.06160	0.10023	0.44244	0.01952	0.01355	0.00302	0.16012	0.05330	0.00664	0.00733
7	0.01316	0.01142	0.01604	0.02078	0.19553	0.01068	0.01220	0.01647	0.01943	0.02557	0.18110	0.05898	0.31729	0.01609	0.00925	0.00267	0.00582	0.05192	0.00683	0.00875
8	0.01877	0.26890	0.31771	0.02245	0.03187	0.02375	0.15985	0.02528	0.01736	0.02351	0.01386	0.01679	0.01078	0.00725	0.00727	0.00232	0.01124	0.00623	0.00359	0.01122
9	0.17713	0.01745	0.01952	0.01526	0.02137	0.01801	0.01260	0.25611	0.02688	0.31956	0.02339	0.02183	0.01558	0.00944	0.00754	0.00248	0.00753	0.00712	0.00836	0.01283
10	0.01096	0.00783	0.01065	0.01252	0.01346	0.00751	0.00940	0.01315	0.01659	0.02191	0.04413	0.50184	0.05133	0.02441	0.01064	0.00344	0.00564	0.22019	0.00751	0.00689
11	0.01902	0.01819	0.03101	0.19429	0.52805	0.01900	0.02437	0.02397	0.01797	0.02522	0.01507	0.02043	0.01240	0.00743	0.00805	0.00248	0.00990	0.00723	0.00392	0.01199
12	0.02380	0.02851	0.01866	0.01727	0.02081	0.45552	0.01305	0.02622	0.02213	0.02219	0.11611	0.03417	0.11392	0.01199	0.00816	0.00233	0.01123	0.03974	0.00550	0.00869
13	0.01264	0.01023	0.01505	0.01445	0.01565	0.01265	0.01144	0.01535	0.01294	0.01895	0.01985	0.02947	0.01865	0.05292	0.57108	0.01143	0.13711	0.00842	0.00421	0.00752
14	0.01813	0.01838	0.03442	0.12161	0.31429	0.01827	0.22659	0.02339	0.01829	0.02509	0.02058	0.05532	0.05014	0.00877	0.00875	0.00261	0.01061	0.00928	0.00435	0.01112
15	0.02342	0.01423	0.01658	0.01424	0.01865	0.01446	0.01118	0.14491	0.15282	0.21217	0.03903	0.16074	0.11317	0.01448	0.00878	0.00272	0.00640	0.01221	0.00850	0.01132
16	0.01627	0.04197	0.67279	0.02313	0.03512	0.01884	0.02998	0.02570	0.01713	0.02570	0.01456	0.01713	0.01028	0.00771	0.00771	0.00257	0.01199	0.00600	0.00343	0.01199
17	0.00989	0.00706	0.00942	0.01130	0.01177	0.00659	0.00753	0.01130	0.01554	0.02071	0.04472	0.70954	0.05367	0.02542	0.01036	0.00330	0.00471	0.02307	0.00753	0.00659
18	0.01427	0.01211	0.01592	0.05581	0.11503	0.01231	0.01297	0.02095	0.12576	0.02525	0.04897	0.06189	0.24634	0.01676	0.00950	0.00297	0.00665	0.18057	0.00689	0.00907
19	0.01748	0.04943	0.05972	0.01930	0.02454	0.01745	0.15201	0.02987	0.27527	0.02924	0.10449	0.03896	0.06943	0.01199	0.00888	0.00276	0.00810	0.06349	0.00681	0.01079
20	0.01627	0.04197	0.67279	0.02313	0.03512	0.01884	0.02998	0.02570	0.01713	0.02570	0.01456	0.01713	0.01028	0.00771	0.00771	0.00257	0.01199	0.00600	0.00343	0.01199
21	0.00989	0.00706	0.00942	0.01130	0.01177	0.00659	0.00753	0.01130	0.01554	0.02071	0.04472	0.70954	0.05367	0.02542	0.01036	0.00330	0.00471	0.02307	0.00753	0.00659
22	0.02482	0.02946	0.02606	0.18048	0.12330	0.40019	0.05228	0.02832	0.02059	0.02133	0.01357	0.01740	0.01098	0.00806	0.00772	0.00231	0.01300	0.00620	0.00402	0.00989
23	0.01708	0.03680	0.51944	0.02763	0.10942	0.01911	0.10556	0.02564	0.01754	0.02583	0.01488	0.01807	0.01084	0.00754	0.00798	0.00257	0.01193	0.00659	0.00358	0.01196
24	0.02008	0.01928	0.03294	0.04981	0.66422	0.01928	0.02490	0.02490	0.01848	0.02651	0.01526	0.02008	0.01285	0.00723	0.00803	0.00241	0.00964	0.00723	0.00402	0.01285
25	0.01173	0.00986	0.01311	0.13278	0.04959	0.00968	0.01044	0.01510	0.01959	0.02549	0.26123	0.05951	0.31912	0.01639	0.00925	0.00266	0.00546	0.01408	0.00714	0.00778
26	0.02310	0.18945	0.03028	0.02665	0.20206	0.21117	0.04521	0.06514	0.02060	0.02401	0.01983	0.02207	0.06934	0.00882	0.00738	0.00221	0.01049	0.00697	0.00452	0.01073
27	0.01644	0.02338	0.19492	0.02768	0.08909	0.01687	0.28813	0.02253	0.01777	0.02478	0.02218	0.17445	0.02111	0.01125	0.00914	0.00279	0.01089	0.01149	0.00469	0.01040
28	0.01123	0.00823	0.01174	0.01216	0.01322	0.00908	0.00895	0.01346	0.01345	0.01889	0.02733	0.18603	0.02883	0.12921	0.45738	0.01026	0.01631	0.01227	0.00513	0.00683
29	0.02275	0.02532	0.03348	0.03817	0.34507	0.20624	0.15881	0.02726	0.01990	0.02452	0.01475	0.01895	0.01206	0.00746	0.00818	0.00239	0.01195	0.00719	0.00408	0.01146
30	0.02444	0.15483	0.08442	0.02214	0.02906	0.06510	0.16507	0.25721	0.02556	0.03348	0.01592	0.01828	0.01216	0.00852	0.00885	0.00243	0.04827	0.00705	0.00543	0.01180
31	0.01062	0.00871	0.00946	0.00983	0.01209	0.00796	0.00714	0.01435	0.07386	0.02265	0.06727	0.25164	0.43328	0.02107	0.00969	0.00290	0.00448	0.01809	0.00760	0.00731
32	0.01125	0.00880	0.01035	0.01054	0.01274	0.00819	0.00802	0.01525	0.05993	0.02579	0.23177	0.16230	0.29666	0.01974	0.00980	0.00288	0.00466	0.08589	0.00797	0.00750
33	0.02375	0.02000	0.01793	0.01574	0.01961	0.16468	0.01212	0.23636	0.02565	0.06605	0.02594	0.19890	0.02453	0.01348	0.00824	0.00252	0.00841	0.01100	0.09488	0.01022
34	0.05190	0.06575	0.17021	0.01843	0.06259	0.12761	0.01615	0.02122	0.01816	0.02375	0.06203	0.19358	0.05495	0.01431	0.00851	0.00271	0.00890	0.06454	0.00549	0.00921
35	0.27268	0.22216	0.23490	0.01622	0.02398	0.06299	0.01749	0.02510	0.01619	0.02709	0.01243	0.01450	0.00983	0.00748	0.00608	0.00229	0.00931	0.00495	0.00402	0.01032
36	0.01858	0.02019	0.06308	0.03144	0.26625	0.09362	0.12328	0.02339	0.02007	0.02684	0.16266	0.03271	0.02864	0.01028	0.00872	0.00254	0.00960	0.04219	0.00532	0.01061
37	0.02210	0.02120	0.02455	0.02617	0.18924	0.13562	0.04848	0.03036	0.16758	0.06215	0.01958	0.02135	0.01535	0.00857	0.00855	0.00230	0.04117	0.00708	0.00550	0.14310

[dist]
# distance from previous block
# <min> <max>
0	15

[block]
# block no. 5 follows, 23 sequences, length 32
# corresponding to MSA columns:
# 336-367
name=unknown_F
#
# <colnr> <probs for GDERKNQSTAVLIFYWHMCP>
#	G	D	E	R	K	N	Q	S	T	A	V	L	I	F	Y	W	H	M	C	P
0	0.02229	0.02496	0.07596	0.01594	0.02009	0.28599	0.01316	0.08819	0.02162	0.02644	0.02379	0.08433	0.05454	0.01093	0.00742	0.00226	0.00959	0.00836	0.19489	0.00924
1	0.02361	0.03243	0.15615	0.02820	0.16157	0.31431	0.05618	0.02797	0.01971	0.02274	0.01357	0.01697	0.01104	0.00843	0.00941	0.00242	0.07446	0.00622	0.00394	0.01068
2	0.17978	0.03205	0.37566	0.02460	0.11986	0.05701	0.05041	0.02559	0.01704	0.02778	0.01393	0.01677	0.01042	0.00760	0.00724	0.00251	0.01066	0.00594	0.00393	0.01123
3	0.01596	0.01599	0.01389	0.01404	0.01570	0.18788	0.01009	0.01778	0.01651	0.01950	0.02837	0.28565	0.03124	0.10142	0.18169	0.00590	0.01196	0.01352	0.00557	0.00733
4	0.02047	0.06588	0.37968	0.02045	0.02921	0.08589	0.02265	0.15608	0.02205	0.02981	0.01799	0.07980	0.01498	0.00978	0.00788	0.00252	0.01079	0.00767	0.00488	0.01156
5	0.01305	0.05088	0.01641	0.01426	0.01582	0.01349	0.01144	0.01577	0.01315	0.01895	0.01956	0.02879	0.01835	0.05114	0.55073	0.01105	0.11711	0.00822	0.00418	0.00766
6	0.02106	0.02238	0.02655	0.03351	0.33609	0.19390	0.04615	0.02504	0.02061	0.02591	0.14304	0.02678	0.02488	0.00938	0.00822	0.00237	0.00999	0.00828	0.00504	0.01081
7	0.01728	0.01633	0.02634	0.03871	0.48993	0.01596	0.01990	0.02137	0.01848	0.02528	0.03312	0.03556	0.18576	0.01078	0.00845	0.00250	0.00816	0.00987	0.00496	0.01125
8	0.00992	0.00826	0.00854	0.00864	0.01118	0.00705	0.00649	0.01195	0.01812	0.02170	0.07669	0.07743	0.58934	0.06051	0.01150	0.00309	0.00452	0.05090	0.00738	0.00677
9	0.01913	0.02642	0.16755	0.03214	0.06748	0.04960	0.46293	0.02617	0.01890	0.02568	0.01583	0.02056	0.01186	0.00709	0.00904	0.00266	0.01322	0.00858	0.00397	0.01116
10	0.00981	0.00737	0.00910	0.01048	0.01155	0.00666	0.00717	0.01139	0.01632	0.02104	0.05472	0.54107	0.21568	0.02412	0.01015	0.00315	0.00455	0.02148	0.00753	0.00666
11	0.01732	0.01671	0.03037	0.03321	0.28869	0.01612	0.19622	0.02234	0.01952	0.02755	0.15082	0.03214	0.05725	0.00977	0.00876	0.00252	0.00908	0.00992	0.04099	0.01070
12	0.02965	0.03758	0.02309	0.02093	0.02489	0.64779	0.01579	0.03173	0.02244	0.01984	0.01244	0.01480	0.01046	0.00867	0.00833	0.00217	0.05056	0.00532	0.00415	0.00938
13	0.01802	0.26060	0.46947	0.02015	0.03051	0.02312	0.02479	0.02525	0.01692	0.02357	0.01350	0.01580	0.01032	0.00746	0.00690	0.00230	0.01092	0.00546	0.00344	0.01148
14	0.00959	0.00822	0.00822	0.00822	0.01096	0.00685	0.00617	0.01165	0.01850	0.02192	0.08220	0.07809	0.66092	0.02055	0.00959	0.00274	0.00411	0.01713	0.00754	0.00685
15	0.01779	0.21392	0.48395	0.02127	0.03180	0.02230	0.05306	0.02535	0.01706	0.02403	0.01381	0.01630	0.01040	0.00747	0.00715	0.00236	0.01122	0.00573	0.00347	0.01154
16	0.02300	0.08748	0.07059	0.02745	0.03505	0.07997	0.39336	0.02856	0.01980	0.12715	0.01798	0.02110	0.01311	0.00754	0.00865	0.00254	0.01215	0.00830	0.00496	0.01126
17	0.01513	0.00756	0.00756	0.00756	0.00945	0.00756	0.00567	0.01891	0.01702	0.03025	0.02647	0.03025	0.02080	0.00945	0.00567	0.00189	0.00378	0.00756	0.75988	0.00756
18	0.01830	0.01841	0.03415	0.25358	0.30236	0.01921	0.18684	0.02385	0.01793	0.02451	0.01530	0.02106	0.01205	0.00741	0.00847	0.00259	0.01110	0.00785	0.00391	0.01111
19	0.01574	0.01404	0.02291	0.23029	0.25753	0.01503	0.01910	0.02007	0.01771	0.02402	0.05923	0.12245	0.02649	0.01280	0.00895	0.00283	0.00869	0.10720	0.00518	0.00974
20	0.02858	0.03240	0.02206	0.01956	0.02390	0.48031	0.01489	0.16013	0.02557	0.02664	0.01694	0.07850	0.01508	0.01020	0.00776	0.00227	0.01251	0.00728	0.00533	0.01009
21	0.00959	0.00822	0.00822	0.00822	0.01096	0.00685	0.00617	0.01165	0.01850	0.02192	0.08220	0.07809	0.66092	0.02055	0.00959	0.00274	0.00411	0.01713	0.00754	0.00685
22	0.01915	0.02113	0.09311	0.04378	0.50489	0.01880	0.09409	0.02448	0.01829	0.02611	0.01668	0.05161	0.01442	0.00806	0.00829	0.00250	0.01009	0.00811	0.00413	0.01227
23	0.02008	0.01928	0.03294	0.04981	0.66422	0.01928	0.02490	0.02490	0.01848	0.02651	0.01526	0.02008	0.01285	0.00723	0.00803	0.00241	0.00964	0.00723	0.00402	0.01285
24	0.01503	0.01264	0.01359	0.01258	0.01604	0.01339	0.00966	0.02742	0.32113	0.02978	0.17380	0.05174	0.24031	0.01520	0.00895	0.00271	0.00516	0.01283	0.00816	0.00988
25	0.02492	0.16944	0.20008	0.02016	0.02695	0.38126	0.01915	0.02907	0.02019	0.02127	0.01284	0.01499	0.01040	0.00792	0.00702	0.00215	0.01279	0.00526	0.00384	0.01029
26	0.02534	0.50854	0.03541	0.01415	0.02081	0.02645	0.01334	0.02903	0.04763	0.18435	0.01753	0.01751	0.01353	0.00792	0.00610	0.00198	0.00812	0.00553	0.00536	0.01138
27	0.01568	0.01630	0.01298	0.01235	0.01511	0.18726	0.00921	0.01822	0.02081	0.02435	0.22742	0.09137	0.28571	0.01643	0.00902	0.00254	0.00687	0.01358	0.00704	0.00775
28	0.00989	0.00706	0.00942	0.01130	0.01177	0.00659	0.00753	0.01130	0.01554	0.02071	0.04472	0.70954	0.05367	0.02542	0.01036	0.00330	0.00471	0.02307	0.00753	0.00659
29	0.09385	0.19018	0.07928	0.01983	0.05193	0.39263	0.01620	0.02893	0.02002	0.02194	0.01243	0.01457	0.01038	0.00786	0.00669	0.00210	0.01210	0.00510	0.00403	0.00994
30	0.06217	0.01970	0.02108	0.01711	0.02268	0.02186	0.01382	0.38734	0.19817	0.07251	0.02469	0.06094	0.01900	0.01086	0.00813	0.00257	0.00781	0.00858	0.00806	0.01291
31	0.01694	0.01262	0.01509	0.01364	0.01666	0.01352	0.01061	0.20481	0.02260	0.03046	0.07851	0.15718	0.11012	0.03051	0.22124	0.00598	0.01123	0.01234	0.00681	0.00912

[dist]
# distance from previous block
# <min> <max>
0	1

# created by:
# /home/cegg/simao/soft/augustus-3.2.1/scripts/msa2prfl.pl ./align_prep/12454.fa
