[name]
unknown

[dist]
# distance from previous block
# <min> <max>
0	0

[block]
# block no. 0 follows, 22 sequences, length 72
# corresponding to MSA columns:
# 0-71
name=unknown_A
#
# <colnr> <probs for GDERKNQSTAVLIFYWHMCP>
#	G	D	E	R	K	N	Q	S	T	A	V	L	I	F	Y	W	H	M	C	P
0	0.01339	0.00956	0.01339	0.01530	0.01721	0.00956	0.01339	0.01721	0.01912	0.02486	0.04399	0.09371	0.04781	0.02295	0.01147	0.00382	0.00765	0.60031	0.00765	0.00765
1	0.02056	0.01974	0.03372	0.05099	0.65622	0.01974	0.02550	0.02550	0.01892	0.02714	0.01563	0.02056	0.01316	0.00740	0.00822	0.00247	0.00987	0.00740	0.00411	0.01316
2	0.00996	0.00788	0.00897	0.00984	0.01160	0.00689	0.00695	0.01176	0.01756	0.02188	0.06679	0.36186	0.38215	0.02330	0.01017	0.00306	0.00448	0.02029	0.00771	0.00689
3	0.02191	0.67647	0.07746	0.01473	0.02212	0.03213	0.01511	0.02495	0.01692	0.01991	0.01173	0.01356	0.01065	0.00715	0.00547	0.00182	0.00907	0.00453	0.00355	0.01075
4	0.01932	0.01847	0.03148	0.21312	0.50378	0.01941	0.02488	0.02441	0.01833	0.02564	0.01541	0.02096	0.01263	0.00763	0.00825	0.00254	0.01018	0.00740	0.00401	0.01216
5	0.02056	0.01974	0.03372	0.05099	0.65622	0.01974	0.02550	0.02550	0.01892	0.02714	0.01563	0.02056	0.01316	0.00740	0.00822	0.00247	0.00987	0.00740	0.00411	0.01316
6	0.02056	0.01974	0.03372	0.05099	0.65622	0.01974	0.02550	0.02550	0.01892	0.02714	0.01563	0.02056	0.01316	0.00740	0.00822	0.00247	0.00987	0.00740	0.00411	0.01316
7	0.01917	0.34635	0.38363	0.01939	0.02933	0.02544	0.02323	0.02566	0.01724	0.02325	0.01339	0.01563	0.01059	0.00754	0.00673	0.00224	0.01074	0.00537	0.00353	0.01155
8	0.01208	0.00805	0.00906	0.00906	0.00906	0.00805	0.00503	0.01208	0.01208	0.01611	0.02618	0.05436	0.03020	0.70804	0.04228	0.00805	0.00805	0.01208	0.00503	0.00503
9	0.02056	0.01974	0.03372	0.05099	0.65622	0.01974	0.02550	0.02550	0.01892	0.02714	0.01563	0.02056	0.01316	0.00740	0.00822	0.00247	0.00987	0.00740	0.00411	0.01316
10	0.02056	0.01974	0.03372	0.05099	0.65622	0.01974	0.02550	0.02550	0.01892	0.02714	0.01563	0.02056	0.01316	0.00740	0.00822	0.00247	0.00987	0.00740	0.00411	0.01316
11	0.02056	0.01974	0.03372	0.05099	0.65622	0.01974	0.02550	0.02550	0.01892	0.02714	0.01563	0.02056	0.01316	0.00740	0.00822	0.00247	0.00987	0.00740	0.00411	0.01316
12	0.01024	0.00728	0.00960	0.01141	0.01187	0.00683	0.00755	0.01160	0.01567	0.02089	0.04458	0.66278	0.05342	0.06794	0.01255	0.00366	0.00502	0.02291	0.00755	0.00664
13	0.01232	0.00986	0.01119	0.01061	0.01332	0.00943	0.00803	0.01845	0.11428	0.02921	0.33363	0.06451	0.29871	0.01774	0.00960	0.00272	0.00443	0.01518	0.00847	0.00831
14	0.01876	0.01600	0.01711	0.01579	0.02002	0.01808	0.01240	0.03798	0.51266	0.03243	0.04046	0.04239	0.09851	0.01347	0.00889	0.00291	0.00641	0.06549	0.00829	0.01194
15	0.01578	0.00875	0.00944	0.00908	0.01123	0.00899	0.00693	0.05194	0.01858	0.03114	0.06463	0.03244	0.02436	0.01530	0.07174	0.00313	0.00596	0.00829	0.59424	0.00807
16	0.01396	0.00857	0.00943	0.00951	0.01088	0.00853	0.00650	0.04682	0.01674	0.02531	0.03313	0.17301	0.06303	0.21962	0.01786	0.00410	0.00558	0.01267	0.30769	0.00704
17	0.03158	0.02327	0.02493	0.01911	0.02576	0.02576	0.01579	0.62852	0.03906	0.05236	0.01995	0.01995	0.01413	0.00997	0.00831	0.00249	0.00914	0.00748	0.00831	0.01413
18	0.01012	0.00723	0.00964	0.01157	0.01205	0.00675	0.00771	0.01157	0.01591	0.02121	0.04579	0.70262	0.05495	0.02603	0.01060	0.00337	0.00482	0.02362	0.00771	0.00675
19	0.01012	0.00723	0.00964	0.01157	0.01205	0.00675	0.00771	0.01157	0.01591	0.02121	0.04579	0.70262	0.05495	0.02603	0.01060	0.00337	0.00482	0.02362	0.00771	0.00675
20	0.01961	0.02241	0.04902	0.03501	0.04342	0.02101	0.62605	0.02661	0.01961	0.02661	0.01681	0.02241	0.01261	0.00700	0.00980	0.00280	0.01401	0.00980	0.00420	0.01120
21	0.01315	0.00880	0.01155	0.01069	0.01289	0.00808	0.00808	0.01703	0.02353	0.06761	0.61806	0.06021	0.07523	0.01662	0.00972	0.00261	0.00409	0.01466	0.00921	0.00818
22	0.17665	0.02051	0.02135	0.01678	0.02287	0.02259	0.01381	0.44088	0.03237	0.08585	0.05179	0.02136	0.01683	0.00991	0.00776	0.00252	0.00821	0.00733	0.00785	0.01279
23	0.02086	0.54988	0.19486	0.01652	0.02489	0.02957	0.01823	0.02522	0.01704	0.02119	0.01237	0.01435	0.01063	0.00730	0.00595	0.00198	0.00971	0.00486	0.00354	0.01105
24	0.01723	0.01477	0.01723	0.01230	0.01969	0.01107	0.00984	0.02092	0.01723	0.02707	0.01477	0.01723	0.01230	0.00615	0.00615	0.00123	0.00615	0.00492	0.00492	0.75883
25	0.01003	0.00758	0.00928	0.01064	0.01180	0.00683	0.00730	0.01167	0.01680	0.02157	0.05711	0.51887	0.23139	0.02455	0.01037	0.00321	0.00464	0.02182	0.00771	0.00683
26	0.02056	0.01974	0.03372	0.05099	0.65622	0.01974	0.02550	0.02550	0.01892	0.02714	0.01563	0.02056	0.01316	0.00740	0.00822	0.00247	0.00987	0.00740	0.00411	0.01316
27	0.01031	0.00844	0.00910	0.00893	0.01152	0.00722	0.00670	0.01288	0.02010	0.02521	0.22863	0.07540	0.50666	0.02001	0.00981	0.00276	0.00413	0.01689	0.00808	0.00722
28	0.00982	0.00842	0.00842	0.00842	0.01122	0.00701	0.00631	0.01192	0.01894	0.02244	0.08416	0.07995	0.65285	0.02104	0.00982	0.00281	0.00421	0.01753	0.00771	0.00701
29	0.01369	0.00902	0.01112	0.01028	0.01292	0.00803	0.00782	0.01701	0.02220	0.09170	0.42508	0.06398	0.24084	0.01751	0.00966	0.00267	0.00431	0.01510	0.00884	0.00821
30	0.02221	0.71304	0.04353	0.01421	0.02132	0.03287	0.01421	0.02488	0.01688	0.01955	0.01155	0.01333	0.01066	0.00711	0.00533	0.00178	0.00888	0.00444	0.00355	0.01066
31	0.01666	0.04297	0.66500	0.02368	0.03596	0.01929	0.03069	0.02631	0.01754	0.02631	0.01491	0.01754	0.01052	0.00789	0.00789	0.00263	0.01228	0.00614	0.00351	0.01228
32	0.02153	0.01765	0.01881	0.01680	0.02158	0.02022	0.01310	0.04395	0.60894	0.06754	0.03376	0.03085	0.02511	0.01122	0.00845	0.00280	0.00660	0.00934	0.00855	0.01320
33	0.01208	0.00805	0.00906	0.00906	0.00906	0.00805	0.00503	0.01208	0.01208	0.01611	0.02618	0.05436	0.03020	0.70804	0.04228	0.00805	0.00805	0.01208	0.00503	0.00503
34	0.00989	0.00813	0.00871	0.00918	0.01142	0.00695	0.00665	0.01184	0.01820	0.02214	0.07481	0.23157	0.50726	0.02225	0.01001	0.00294	0.00436	0.01901	0.00771	0.00695
35	0.02514	0.02917	0.02657	0.02891	0.18247	0.34559	0.01895	0.02790	0.01963	0.02195	0.01305	0.01719	0.01137	0.00979	0.01271	0.00260	0.18621	0.00635	0.00407	0.01038
36	0.01005	0.00752	0.00934	0.01080	0.01185	0.00681	0.00737	0.01165	0.01664	0.02151	0.05513	0.55100	0.20054	0.02481	0.01041	0.00324	0.00467	0.02214	0.00771	0.00681
37	0.01549	0.00774	0.00774	0.00774	0.00968	0.00774	0.00581	0.01936	0.01742	0.03097	0.02710	0.03097	0.02129	0.00968	0.00581	0.00194	0.00387	0.00774	0.75416	0.00774
38	0.00982	0.00842	0.00842	0.00842	0.01122	0.00701	0.00631	0.01192	0.01894	0.02244	0.08416	0.07995	0.65285	0.02104	0.00982	0.00281	0.00421	0.01753	0.00771	0.00701
39	0.01125	0.00865	0.01034	0.01034	0.01240	0.00797	0.00759	0.01503	0.04944	0.02761	0.32682	0.19315	0.24936	0.01977	0.00990	0.00283	0.00431	0.01724	0.00838	0.00761
40	0.01818	0.01818	0.02545	0.02181	0.02181	0.02545	0.01818	0.01999	0.01272	0.01999	0.01091	0.01818	0.01091	0.01454	0.02726	0.00364	0.69284	0.00727	0.00364	0.00909
41	0.02056	0.01974	0.03372	0.05099	0.65622	0.01974	0.02550	0.02550	0.01892	0.02714	0.01563	0.02056	0.01316	0.00740	0.00822	0.00247	0.00987	0.00740	0.00411	0.01316
42	0.00982	0.00842	0.00842	0.00842	0.01122	0.00701	0.00631	0.01192	0.01894	0.02244	0.08416	0.07995	0.65285	0.02104	0.00982	0.00281	0.00421	0.01753	0.00771	0.00701
43	0.02227	0.01744	0.01949	0.01450	0.02134	0.01615	0.01176	0.23815	0.02505	0.03632	0.01726	0.01891	0.01342	0.00770	0.00691	0.00172	0.00710	0.00598	0.04506	0.45346
44	0.01005	0.00818	0.00893	0.00948	0.01168	0.00706	0.00696	0.01207	0.01821	0.02225	0.07307	0.23217	0.48103	0.02234	0.01008	0.00299	0.00451	0.04428	0.00771	0.00698
45	0.02056	0.01974	0.03372	0.05099	0.65622	0.01974	0.02550	0.02550	0.01892	0.02714	0.01563	0.02056	0.01316	0.00740	0.00822	0.00247	0.00987	0.00740	0.00411	0.01316
46	0.01884	0.30657	0.42052	0.01996	0.03020	0.02463	0.02421	0.02575	0.01728	0.02365	0.01359	0.01588	0.01058	0.00758	0.00688	0.00229	0.01094	0.00547	0.00353	0.01164
47	0.01666	0.04297	0.66500	0.02368	0.03596	0.01929	0.03069	0.02631	0.01754	0.02631	0.01491	0.01754	0.01052	0.00789	0.00789	0.00263	0.01228	0.00614	0.00351	0.01228
48	0.01012	0.00723	0.00964	0.01157	0.01205	0.00675	0.00771	0.01157	0.01591	0.02121	0.04579	0.70262	0.05495	0.02603	0.01060	0.00337	0.00482	0.02362	0.00771	0.00675
49	0.02746	0.02252	0.01948	0.01673	0.02137	0.22594	0.01303	0.08815	0.10802	0.19110	0.14808	0.03031	0.02892	0.01116	0.00837	0.00247	0.00910	0.00877	0.00771	0.01131
50	0.02056	0.01974	0.03372	0.05099	0.65622	0.01974	0.02550	0.02550	0.01892	0.02714	0.01563	0.02056	0.01316	0.00740	0.00822	0.00247	0.00987	0.00740	0.00411	0.01316
51	0.01012	0.00723	0.00964	0.01157	0.01205	0.00675	0.00771	0.01157	0.01591	0.02121	0.04579	0.70262	0.05495	0.02603	0.01060	0.00337	0.00482	0.02362	0.00771	0.00675
52	0.01123	0.00852	0.01035	0.01101	0.01293	0.00782	0.00849	0.01385	0.01888	0.02432	0.16085	0.17216	0.27467	0.06380	0.01235	0.00344	0.00536	0.16504	0.00778	0.00715
53	0.03103	0.03959	0.02354	0.02140	0.02568	0.67469	0.01605	0.03317	0.02354	0.02033	0.01284	0.01498	0.01070	0.00856	0.00749	0.00214	0.01498	0.00535	0.00428	0.00963
54	0.01569	0.01477	0.02492	0.68808	0.05722	0.01846	0.02307	0.02123	0.01661	0.02123	0.01477	0.02215	0.01107	0.00831	0.00831	0.00277	0.01107	0.00738	0.00369	0.00923
55	0.01961	0.02241	0.04902	0.03501	0.04342	0.02101	0.62605	0.02661	0.01961	0.02661	0.01681	0.02241	0.01261	0.00700	0.00980	0.00280	0.01401	0.00980	0.00420	0.01120
56	0.01018	0.00783	0.00904	0.00993	0.01139	0.00699	0.00683	0.01177	0.01687	0.02125	0.06082	0.36406	0.31665	0.09062	0.01336	0.00358	0.00487	0.01980	0.00745	0.00670
57	0.01089	0.00837	0.01014	0.01112	0.01300	0.00761	0.00854	0.01333	0.01837	0.02328	0.09430	0.25937	0.30205	0.02271	0.01045	0.00321	0.00522	0.16313	0.00778	0.00714
58	0.01010	0.00763	0.00934	0.01059	0.01182	0.00687	0.00730	0.01185	0.01713	0.02210	0.08338	0.49100	0.23251	0.02416	0.01034	0.00317	0.00460	0.02145	0.00777	0.00687
59	0.01339	0.00956	0.01339	0.01530	0.01721	0.00956	0.01339	0.01721	0.01912	0.02486	0.04399	0.09371	0.04781	0.02295	0.01147	0.00382	0.00765	0.60031	0.00765	0.00765
60	0.02066	0.01785	0.01878	0.01691	0.02160	0.02066	0.01315	0.04414	0.64121	0.03475	0.03381	0.03099	0.02536	0.01127	0.00845	0.00282	0.00657	0.00939	0.00845	0.01315
61	0.02066	0.01785	0.01878	0.01691	0.02160	0.02066	0.01315	0.04414	0.64121	0.03475	0.03381	0.03099	0.02536	0.01127	0.00845	0.00282	0.00657	0.00939	0.00845	0.01315
62	0.02033	0.01950	0.03330	0.08157	0.62747	0.01968	0.02538	0.02529	0.01881	0.02686	0.01558	0.02064	0.01306	0.00745	0.00823	0.00248	0.00993	0.00740	0.00409	0.01297
63	0.01549	0.00774	0.00774	0.00774	0.00968	0.00774	0.00581	0.01936	0.01742	0.03097	0.02710	0.03097	0.02129	0.00968	0.00581	0.00194	0.00387	0.00774	0.75416	0.00774
64	0.00982	0.00842	0.00842	0.00842	0.01122	0.00701	0.00631	0.01192	0.01894	0.02244	0.08416	0.07995	0.65285	0.02104	0.00982	0.00281	0.00421	0.01753	0.00771	0.00701
65	0.03034	0.02266	0.02424	0.01886	0.02529	0.02519	0.01549	0.56235	0.10725	0.05036	0.02152	0.02120	0.01540	0.01012	0.00833	0.00253	0.00885	0.00770	0.00833	0.01402
66	0.02472	0.02328	0.02379	0.02024	0.02391	0.18060	0.04719	0.05673	0.17798	0.09819	0.02036	0.02210	0.01585	0.01119	0.01384	0.00285	0.21244	0.00761	0.00599	0.01114
67	0.02015	0.01982	0.01711	0.01581	0.01836	0.21898	0.01223	0.05145	0.01854	0.02368	0.01910	0.02477	0.01646	0.02751	0.23349	0.00603	0.08124	0.00733	0.15931	0.00866
68	0.03258	0.01607	0.01980	0.01579	0.02182	0.01580	0.01284	0.10797	0.17585	0.44021	0.03157	0.02799	0.02100	0.01049	0.00837	0.00262	0.00718	0.00851	0.00961	0.01390
69	0.01959	0.01875	0.03197	0.17730	0.53746	0.01948	0.02501	0.02465	0.01846	0.02597	0.01546	0.02088	0.01275	0.00758	0.00824	0.00253	0.01011	0.00740	0.00403	0.01238
70	0.06156	0.02441	0.11738	0.04187	0.45359	0.07257	0.05730	0.02623	0.01888	0.02700	0.01515	0.01942	0.01235	0.00756	0.00804	0.00249	0.01064	0.00704	0.00411	0.01242
71	0.01762	0.01561	0.02173	0.01800	0.02259	0.01609	0.13258	0.09467	0.21321	0.03028	0.04222	0.13983	0.17003	0.01473	0.00934	0.00286	0.00753	0.01326	0.00731	0.01051

[dist]
# distance from previous block
# <min> <max>
0	2

[block]
# block no. 1 follows, 22 sequences, length 24
# corresponding to MSA columns:
# 74-97
name=unknown_B
#
# <colnr> <probs for GDERKNQSTAVLIFYWHMCP>
#	G	D	E	R	K	N	Q	S	T	A	V	L	I	F	Y	W	H	M	C	P
0	0.02784	0.17099	0.03073	0.02170	0.02706	0.46477	0.09279	0.03070	0.02172	0.02097	0.01309	0.01559	0.01093	0.00808	0.00735	0.00215	0.01365	0.00573	0.00413	0.01003
1	0.01666	0.04297	0.66500	0.02368	0.03596	0.01929	0.03069	0.02631	0.01754	0.02631	0.01491	0.01754	0.01052	0.00789	0.00789	0.00263	0.01228	0.00614	0.00351	0.01228
2	0.01666	0.04297	0.66500	0.02368	0.03596	0.01929	0.03069	0.02631	0.01754	0.02631	0.01491	0.01754	0.01052	0.00789	0.00789	0.00263	0.01228	0.00614	0.00351	0.01228
3	0.02726	0.01775	0.02000	0.01669	0.02222	0.01917	0.01335	0.14539	0.36167	0.21475	0.03109	0.02829	0.02204	0.01076	0.00840	0.00269	0.00716	0.00876	0.00894	0.01360
4	0.03614	0.01595	0.02040	0.01564	0.02211	0.01490	0.01292	0.15712	0.02681	0.54106	0.03023	0.02662	0.01929	0.01022	0.00835	0.00256	0.00748	0.00818	0.00989	0.01414
5	0.01187	0.00890	0.01335	0.01335	0.01483	0.01038	0.01038	0.01483	0.01335	0.01928	0.02225	0.03264	0.02077	0.06231	0.67512	0.01335	0.02225	0.00890	0.00445	0.00742
6	0.43280	0.01599	0.01594	0.01307	0.01882	0.01689	0.01078	0.08356	0.01989	0.26912	0.02013	0.01952	0.01372	0.00886	0.00661	0.00256	0.00690	0.00618	0.00732	0.01135
7	0.00988	0.00816	0.00868	0.00910	0.01140	0.00696	0.00662	0.01185	0.01828	0.02217	0.07580	0.21550	0.52269	0.02213	0.00999	0.00293	0.00434	0.01886	0.00771	0.00696
8	0.01654	0.01564	0.02646	0.57658	0.16205	0.01868	0.02350	0.02197	0.01701	0.02226	0.01492	0.02187	0.01144	0.00815	0.00829	0.00272	0.01086	0.00739	0.00377	0.00992
9	0.02056	0.01974	0.03372	0.05099	0.65622	0.01974	0.02550	0.02550	0.01892	0.02714	0.01563	0.02056	0.01316	0.00740	0.00822	0.00247	0.00987	0.00740	0.00411	0.01316
10	0.01015	0.00799	0.00920	0.01011	0.01190	0.00705	0.00729	0.01208	0.01770	0.02207	0.06607	0.33707	0.37223	0.02320	0.01024	0.00310	0.00466	0.05325	0.00771	0.00694
11	0.02166	0.01834	0.01935	0.01711	0.02198	0.02113	0.01339	0.09773	0.58600	0.03637	0.03254	0.02998	0.02433	0.01115	0.00844	0.00279	0.00681	0.00922	0.00844	0.01324
12	0.01818	0.01818	0.02545	0.02181	0.02181	0.02545	0.01818	0.01999	0.01272	0.01999	0.01091	0.01818	0.01091	0.01454	0.02726	0.00364	0.69284	0.00727	0.00364	0.00909
13	0.01187	0.00890	0.01335	0.01335	0.01483	0.01038	0.01038	0.01483	0.01335	0.01928	0.02225	0.03264	0.02077	0.06231	0.67512	0.01335	0.02225	0.00890	0.00445	0.00742
14	0.02056	0.01974	0.03372	0.05099	0.65622	0.01974	0.02550	0.02550	0.01892	0.02714	0.01563	0.02056	0.01316	0.00740	0.00822	0.00247	0.00987	0.00740	0.00411	0.01316
15	0.01549	0.00774	0.00774	0.00774	0.00968	0.00774	0.00581	0.01936	0.01742	0.03097	0.02710	0.03097	0.02129	0.00968	0.00581	0.00194	0.00387	0.00774	0.75416	0.00774
16	0.13287	0.03634	0.02197	0.01995	0.02435	0.58388	0.01507	0.03196	0.02224	0.02268	0.01266	0.01478	0.01047	0.00844	0.00717	0.00220	0.01380	0.00523	0.00440	0.00954
17	0.01818	0.01818	0.02545	0.02181	0.02181	0.02545	0.01818	0.01999	0.01272	0.01999	0.01091	0.01818	0.01091	0.01454	0.02726	0.00364	0.69284	0.00727	0.00364	0.00909
18	0.02852	0.04018	0.13581	0.02180	0.02748	0.55999	0.01861	0.03197	0.02249	0.02138	0.01320	0.01543	0.01067	0.00844	0.00756	0.00223	0.01451	0.00549	0.00415	0.01009
19	0.15150	0.12378	0.35671	0.02354	0.08575	0.02118	0.07593	0.02574	0.01715	0.02746	0.01409	0.01695	0.01068	0.00764	0.00726	0.00251	0.01072	0.00605	0.00392	0.01146
20	0.02160	0.23897	0.22226	0.02396	0.11258	0.14291	0.02132	0.02648	0.01821	0.02277	0.01328	0.01627	0.01099	0.00827	0.00871	0.00235	0.06840	0.00575	0.00375	0.01116
21	0.02672	0.03164	0.02198	0.01989	0.02349	0.47128	0.01521	0.06287	0.02181	0.02195	0.01474	0.01860	0.01267	0.01851	0.12591	0.00424	0.06829	0.00624	0.00449	0.00946
22	0.01114	0.00852	0.01029	0.01070	0.01248	0.00793	0.00769	0.01476	0.05399	0.02606	0.24400	0.30412	0.21547	0.02109	0.01003	0.00296	0.00448	0.01857	0.00820	0.00751
23	0.01784	0.01905	0.08330	0.18961	0.36983	0.01776	0.02321	0.02307	0.01829	0.02524	0.02179	0.03068	0.05136	0.00984	0.00860	0.00269	0.00984	0.06219	0.00449	0.01133

[dist]
# distance from previous block
# <min> <max>
0	2

[block]
# block no. 2 follows, 22 sequences, length 21
# corresponding to MSA columns:
# 100-120
name=unknown_C
#
# <colnr> <probs for GDERKNQSTAVLIFYWHMCP>
#	G	D	E	R	K	N	Q	S	T	A	V	L	I	F	Y	W	H	M	C	P
0	0.02537	0.26932	0.07258	0.02101	0.07961	0.31987	0.01671	0.02851	0.02014	0.02157	0.01347	0.01584	0.01141	0.00797	0.00675	0.00207	0.01171	0.00538	0.04035	0.01038
1	0.02766	0.01975	0.02192	0.01731	0.02292	0.02154	0.01414	0.47152	0.03426	0.07549	0.10438	0.02691	0.02346	0.01506	0.06130	0.00337	0.00939	0.00863	0.00821	0.01276
2	0.01336	0.00935	0.01189	0.01139	0.01354	0.00897	0.00847	0.01856	0.07666	0.05836	0.46986	0.16465	0.06733	0.01770	0.00975	0.00276	0.00444	0.01567	0.00889	0.00839
3	0.02615	0.27825	0.03402	0.02171	0.06663	0.25586	0.07359	0.10471	0.02243	0.02515	0.01383	0.01608	0.01146	0.00799	0.00708	0.00214	0.01161	0.00585	0.00451	0.01095
4	0.01421	0.01874	0.15170	0.01447	0.01915	0.05929	0.01380	0.01970	0.06006	0.02545	0.12306	0.10581	0.24063	0.01679	0.00940	0.00286	0.00728	0.08194	0.00678	0.00889
5	0.01200	0.00839	0.01075	0.01075	0.01133	0.00897	0.00714	0.01316	0.01258	0.01736	0.02463	0.04583	0.02650	0.45442	0.29084	0.01013	0.01363	0.01083	0.00480	0.00597
6	0.01065	0.00779	0.00974	0.01058	0.01172	0.00717	0.00727	0.01265	0.01782	0.02379	0.19384	0.39257	0.15100	0.08753	0.01328	0.00355	0.00482	0.01954	0.00780	0.00689
7	0.02022	0.02178	0.08932	0.04859	0.60159	0.01970	0.02595	0.02557	0.01879	0.02707	0.01556	0.02029	0.01293	0.00745	0.00820	0.00248	0.01008	0.00729	0.00406	0.01308
8	0.02049	0.01995	0.03493	0.04973	0.60770	0.01984	0.07304	0.02558	0.01897	0.02710	0.01572	0.02071	0.01312	0.00737	0.00835	0.00249	0.01020	0.00759	0.00412	0.01300
9	0.01260	0.00988	0.01303	0.01536	0.06131	0.00936	0.01166	0.01587	0.01904	0.02414	0.05670	0.08335	0.26767	0.02112	0.01063	0.00335	0.00655	0.34316	0.00742	0.00781
10	0.02545	0.02902	0.02896	0.03716	0.36159	0.32578	0.02108	0.02908	0.02108	0.02396	0.01432	0.01795	0.01201	0.00794	0.00788	0.00231	0.01226	0.00644	0.00419	0.01151
11	0.09163	0.02099	0.02317	0.02869	0.25339	0.15802	0.01688	0.06349	0.02060	0.05396	0.04585	0.14253	0.02263	0.01167	0.00828	0.00258	0.00935	0.00993	0.00561	0.01076
12	0.13264	0.13666	0.47404	0.02034	0.03077	0.02117	0.02496	0.02581	0.01692	0.02700	0.01391	0.01630	0.01031	0.00775	0.00710	0.00250	0.01088	0.00564	0.00377	0.01154
13	0.02221	0.03274	0.23777	0.17192	0.07695	0.22176	0.02307	0.07088	0.02083	0.02528	0.01465	0.01814	0.01113	0.00831	0.00791	0.00249	0.01246	0.00635	0.00417	0.01098
14	0.02524	0.02919	0.02098	0.01898	0.02250	0.41380	0.01455	0.07059	0.02169	0.02258	0.01955	0.02300	0.05480	0.01956	0.12862	0.00433	0.06882	0.00709	0.00478	0.00935
15	0.02668	0.02162	0.02298	0.01835	0.02363	0.06979	0.01497	0.39725	0.03030	0.04065	0.01816	0.02042	0.01402	0.01534	0.07792	0.00358	0.08746	0.00720	0.00678	0.08290
16	0.01703	0.01392	0.01955	0.02390	0.22789	0.01258	0.01373	0.02030	0.01822	0.06586	0.03717	0.04052	0.19829	0.07740	0.01145	0.00282	0.00707	0.01026	0.00581	0.17624
17	0.01173	0.00791	0.00916	0.00951	0.00959	0.00782	0.00551	0.01199	0.01276	0.01702	0.02968	0.17026	0.03463	0.58612	0.03662	0.00722	0.00748	0.01414	0.00551	0.00534
18	0.03158	0.02327	0.02493	0.01911	0.02576	0.02576	0.01579	0.62852	0.03906	0.05236	0.01995	0.01995	0.01413	0.00997	0.00831	0.00249	0.00914	0.00748	0.00831	0.01413
19	0.01604	0.01375	0.01881	0.06250	0.13376	0.01210	0.01290	0.02004	0.01902	0.02804	0.17717	0.05812	0.03086	0.01008	0.00777	0.00199	0.00652	0.00886	0.00588	0.35578
20	0.02771	0.03276	0.02235	0.02112	0.05462	0.47984	0.01536	0.07094	0.08228	0.02431	0.02170	0.02281	0.06899	0.00995	0.00788	0.00230	0.01261	0.00704	0.00523	0.01020

[dist]
# distance from previous block
# <min> <max>
0	1

[block]
# block no. 3 follows, 22 sequences, length 35
# corresponding to MSA columns:
# 122-156
name=unknown_D
#
# <colnr> <probs for GDERKNQSTAVLIFYWHMCP>
#	G	D	E	R	K	N	Q	S	T	A	V	L	I	F	Y	W	H	M	C	P
0	0.01197	0.00850	0.01131	0.01131	0.01209	0.00928	0.00784	0.01352	0.01275	0.01777	0.02412	0.04297	0.02526	0.36948	0.37409	0.01083	0.01550	0.01041	0.00473	0.00628
1	0.01208	0.00805	0.00906	0.00906	0.00906	0.00805	0.00503	0.01208	0.01208	0.01611	0.02618	0.05436	0.03020	0.70804	0.04228	0.00805	0.00805	0.01208	0.00503	0.00503
2	0.02033	0.03784	0.55019	0.02210	0.03333	0.01803	0.02741	0.02883	0.01865	0.13934	0.01809	0.01945	0.01231	0.00832	0.00797	0.00262	0.01135	0.00653	0.00471	0.01261
3	0.03103	0.03959	0.02354	0.02140	0.02568	0.67469	0.01605	0.03317	0.02354	0.02033	0.01284	0.01498	0.01070	0.00856	0.00749	0.00214	0.01498	0.00535	0.00428	0.00963
4	0.01935	0.03077	0.26868	0.03107	0.07933	0.06278	0.33259	0.02686	0.01907	0.02613	0.01579	0.02005	0.01177	0.00745	0.00886	0.00268	0.01318	0.00804	0.00395	0.01162
5	0.01060	0.00835	0.00956	0.00945	0.01175	0.00731	0.00701	0.01336	0.02048	0.02658	0.30210	0.12084	0.38337	0.01984	0.00987	0.00277	0.00414	0.01702	0.00827	0.00731
6	0.02521	0.02405	0.02757	0.02797	0.17384	0.14029	0.07536	0.18532	0.17113	0.03408	0.02061	0.02202	0.01577	0.00914	0.00832	0.00253	0.01023	0.00775	0.00624	0.01258
7	0.01694	0.00963	0.01235	0.01115	0.01413	0.00858	0.00854	0.02022	0.02225	0.16917	0.37649	0.10521	0.15886	0.01685	0.00954	0.00269	0.00473	0.01461	0.00905	0.00901
8	0.01925	0.01662	0.01744	0.01580	0.02025	0.01889	0.01226	0.03996	0.56041	0.03315	0.04035	0.03735	0.10684	0.01254	0.00863	0.00282	0.00627	0.01045	0.00836	0.01235
9	0.01818	0.01818	0.02545	0.02181	0.02181	0.02545	0.01818	0.01999	0.01272	0.01999	0.01091	0.01818	0.01091	0.01454	0.02726	0.00364	0.69284	0.00727	0.00364	0.00909
10	0.03103	0.03959	0.02354	0.02140	0.02568	0.67469	0.01605	0.03317	0.02354	0.02033	0.01284	0.01498	0.01070	0.00856	0.00749	0.00214	0.01498	0.00535	0.00428	0.00963
11	0.01208	0.00805	0.00906	0.00906	0.00906	0.00805	0.00503	0.01208	0.01208	0.01611	0.02618	0.05436	0.03020	0.70804	0.04228	0.00805	0.00805	0.01208	0.00503	0.00503
12	0.02221	0.71304	0.04353	0.01421	0.02132	0.03287	0.01421	0.02488	0.01688	0.01955	0.01155	0.01333	0.01066	0.00711	0.00533	0.00178	0.00888	0.00444	0.00355	0.01066
13	0.03049	0.02617	0.02358	0.01897	0.02478	0.17670	0.01526	0.45270	0.03413	0.04358	0.01871	0.01944	0.01375	0.00962	0.00797	0.00238	0.01019	0.00700	0.05189	0.01269
14	0.01132	0.00873	0.01195	0.09873	0.01794	0.00864	0.00960	0.01414	0.01870	0.02512	0.23518	0.34750	0.12058	0.02037	0.00997	0.00300	0.00529	0.01817	0.00764	0.00744
15	0.01282	0.00850	0.01136	0.01136	0.01277	0.00941	0.00852	0.01563	0.01423	0.02186	0.02400	0.03503	0.02213	0.13272	0.42208	0.00975	0.01572	0.00902	0.19592	0.00719
16	0.03103	0.03959	0.02354	0.02140	0.02568	0.67469	0.01605	0.03317	0.02354	0.02033	0.01284	0.01498	0.01070	0.00856	0.00749	0.00214	0.01498	0.00535	0.00428	0.00963
17	0.01817	0.16591	0.02040	0.04513	0.01856	0.01583	0.01090	0.02387	0.09627	0.10631	0.22632	0.04456	0.14866	0.01357	0.00840	0.00249	0.00613	0.01125	0.00745	0.00981
18	0.01924	0.01881	0.03413	0.15205	0.38361	0.01912	0.15632	0.02467	0.01860	0.02625	0.01640	0.02183	0.01315	0.00760	0.00845	0.00256	0.01064	0.00795	0.04687	0.01176
19	0.25627	0.02241	0.01692	0.01485	0.01951	0.20502	0.01165	0.13364	0.02240	0.03189	0.02945	0.02974	0.15232	0.01130	0.00742	0.00249	0.00888	0.00816	0.00604	0.00967
20	0.18406	0.02117	0.09347	0.11983	0.17213	0.04588	0.04999	0.02712	0.09810	0.02884	0.01662	0.01989	0.01299	0.00842	0.00828	0.00260	0.03691	0.00681	0.00480	0.04209
21	0.07773	0.01207	0.01459	0.01209	0.01646	0.01087	0.03880	0.04667	0.02059	0.05621	0.20938	0.04814	0.21588	0.01394	0.00850	0.00237	0.00557	0.01179	0.00725	0.17110
22	0.18582	0.01428	0.01636	0.01461	0.01798	0.01662	0.01173	0.05030	0.12434	0.08996	0.02157	0.02519	0.01740	0.02527	0.20069	0.00580	0.10015	0.00762	0.04441	0.00991
23	0.05571	0.02077	0.05888	0.11769	0.35270	0.02039	0.13038	0.09043	0.02067	0.02951	0.01598	0.02056	0.01262	0.00775	0.00837	0.00258	0.01061	0.00765	0.00456	0.01222
24	0.17718	0.01822	0.01752	0.05456	0.05350	0.08861	0.01259	0.10672	0.15800	0.03410	0.05076	0.02458	0.01921	0.00968	0.00721	0.00246	0.00761	0.00744	0.13942	0.01060
25	0.02276	0.14920	0.17760	0.02807	0.21230	0.09134	0.02108	0.02774	0.01905	0.10685	0.01704	0.01966	0.01323	0.01110	0.04564	0.00298	0.01115	0.00657	0.00471	0.01193
26	0.07069	0.17563	0.14668	0.09835	0.02736	0.08487	0.01707	0.02691	0.01952	0.13269	0.10213	0.02444	0.02133	0.00945	0.00749	0.00239	0.00927	0.00730	0.00562	0.01079
27	0.02186	0.01583	0.01672	0.01607	0.05071	0.09504	0.01155	0.07711	0.05111	0.16420	0.06671	0.21807	0.09829	0.01558	0.00900	0.00271	0.00725	0.01327	0.00769	0.04123
28	0.02202	0.02099	0.03175	0.03307	0.24472	0.08472	0.17387	0.05808	0.05102	0.06384	0.02139	0.02466	0.04516	0.00901	0.00944	0.00259	0.04293	0.00847	0.04062	0.01166
29	0.17675	0.11548	0.06593	0.02113	0.05663	0.20223	0.12292	0.02702	0.01883	0.02643	0.01427	0.01721	0.01147	0.00778	0.00704	0.00229	0.01082	0.00611	0.04713	0.04251
30	0.09517	0.24047	0.19382	0.02017	0.05288	0.15251	0.04986	0.02650	0.01865	0.02454	0.04450	0.01791	0.01400	0.00815	0.00697	0.00227	0.01078	0.00598	0.00417	0.01070
31	0.02083	0.06522	0.28379	0.02030	0.02756	0.20567	0.04665	0.02656	0.01939	0.02498	0.04589	0.02070	0.01531	0.00894	0.00834	0.00241	0.03883	0.00667	0.10151	0.01047
32	0.02541	0.05100	0.10942	0.02126	0.09177	0.08096	0.06619	0.02976	0.02113	0.25203	0.09149	0.02989	0.04450	0.03633	0.00966	0.00273	0.00911	0.00877	0.00692	0.01169
33	0.02114	0.02555	0.13595	0.02024	0.05489	0.16205	0.05291	0.02897	0.12350	0.05734	0.04609	0.02574	0.04769	0.01292	0.05134	0.00308	0.01083	0.00779	0.00556	0.10642
34	0.11756	0.07655	0.02345	0.09095	0.11068	0.11167	0.04000	0.07158	0.07234	0.02914	0.09307	0.05956	0.02395	0.01083	0.00801	0.00257	0.00900	0.03299	0.00577	0.01034

[dist]
# distance from previous block
# <min> <max>
4	115

[block]
# block no. 4 follows, 22 sequences, length 6
# corresponding to MSA columns:
# 275-280
name=unknown_E
#
# <colnr> <probs for GDERKNQSTAVLIFYWHMCP>
#	G	D	E	R	K	N	Q	S	T	A	V	L	I	F	Y	W	H	M	C	P
0	0.13381	0.10155	0.08551	0.01842	0.02437	0.24601	0.04205	0.10171	0.02263	0.07751	0.05801	0.01993	0.01621	0.00902	0.00738	0.00235	0.01074	0.00654	0.00552	0.01074
1	0.14292	0.02556	0.11973	0.01946	0.05842	0.16790	0.01631	0.02661	0.06560	0.02659	0.01639	0.05035	0.01406	0.00959	0.00945	0.00244	0.08678	0.00678	0.00481	0.13028
2	0.08111	0.15934	0.06562	0.02252	0.11298	0.08188	0.10798	0.02309	0.01878	0.02501	0.05278	0.03425	0.12021	0.01108	0.00808	0.00252	0.00934	0.04829	0.00510	0.01005
3	0.06588	0.09041	0.14558	0.02168	0.07522	0.14286	0.07558	0.02931	0.08557	0.07925	0.02169	0.02316	0.04342	0.00909	0.00768	0.00244	0.01017	0.00734	0.05256	0.01112
4	0.02111	0.02725	0.26446	0.02516	0.14296	0.01879	0.02177	0.14744	0.05310	0.07012	0.10330	0.02581	0.02211	0.00974	0.00835	0.00258	0.00951	0.00811	0.00597	0.01237
5	0.01688	0.07363	0.34526	0.01951	0.02696	0.06181	0.02140	0.02399	0.05521	0.02441	0.02434	0.13482	0.05464	0.01238	0.00991	0.00277	0.06690	0.00980	0.00480	0.01058

[dist]
# distance from previous block
# <min> <max>
0	1

[block]
# block no. 5 follows, 22 sequences, length 101
# corresponding to MSA columns:
# 282-382
name=unknown_F
#
# <colnr> <probs for GDERKNQSTAVLIFYWHMCP>
#	G	D	E	R	K	N	Q	S	T	A	V	L	I	F	Y	W	H	M	C	P
0	0.09600	0.03003	0.30260	0.02634	0.08523	0.04555	0.17789	0.02568	0.01834	0.02771	0.04435	0.02055	0.01433	0.00798	0.00812	0.00257	0.01137	0.00734	0.00426	0.04380
1	0.02197	0.08822	0.19223	0.02401	0.08938	0.19484	0.02080	0.02822	0.07396	0.02371	0.01502	0.01815	0.01225	0.00962	0.01163	0.00264	0.15171	0.00644	0.00424	0.01095
2	0.24499	0.18725	0.02465	0.01822	0.08283	0.16590	0.01356	0.05439	0.01919	0.02806	0.04368	0.02048	0.04859	0.00895	0.00661	0.00229	0.00914	0.00626	0.00493	0.01003
3	0.24897	0.02520	0.16374	0.04568	0.02481	0.08861	0.01635	0.14826	0.02168	0.03370	0.02261	0.02386	0.08423	0.00986	0.00734	0.00256	0.00916	0.00719	0.00556	0.01064
4	0.01917	0.07314	0.32554	0.03050	0.16332	0.05665	0.13001	0.02618	0.01824	0.02550	0.01488	0.01864	0.01146	0.00795	0.00904	0.00260	0.04455	0.00694	0.00380	0.01188
5	0.01927	0.01735	0.02015	0.05464	0.12751	0.04804	0.01485	0.05772	0.32506	0.03048	0.03684	0.03828	0.12334	0.01239	0.00871	0.00275	0.00751	0.03635	0.00714	0.01160
6	0.12834	0.06276	0.30504	0.02010	0.02717	0.09542	0.02143	0.02495	0.01699	0.02596	0.04365	0.01872	0.01365	0.00971	0.01139	0.00273	0.15092	0.00639	0.00413	0.01055
7	0.01870	0.13480	0.19149	0.02630	0.19883	0.04769	0.01986	0.02214	0.01634	0.02210	0.01435	0.01959	0.01230	0.01310	0.01393	0.19850	0.00987	0.00646	0.00374	0.00989
8	0.02367	0.13986	0.03258	0.03210	0.26556	0.17005	0.07204	0.05876	0.07797	0.02624	0.01631	0.01919	0.01331	0.00806	0.00774	0.00234	0.01088	0.00684	0.00467	0.01183
9	0.01636	0.23841	0.02188	0.01207	0.01602	0.04935	0.01018	0.02031	0.04947	0.02586	0.22816	0.06916	0.14127	0.01369	0.00797	0.00235	0.00628	0.01118	0.05112	0.00891
10	0.08658	0.19323	0.26677	0.02496	0.12970	0.09082	0.04771	0.02640	0.01802	0.02521	0.01380	0.01662	0.01095	0.00764	0.00714	0.00235	0.01093	0.00587	0.00387	0.01143
11	0.01012	0.00723	0.00964	0.01157	0.01205	0.00675	0.00771	0.01157	0.01591	0.02121	0.04579	0.70262	0.05495	0.02603	0.01060	0.00337	0.00482	0.02362	0.00771	0.00675
12	0.03049	0.02614	0.02410	0.01939	0.02537	0.15856	0.01561	0.45404	0.08970	0.04421	0.01973	0.01991	0.01443	0.00980	0.00815	0.00245	0.01011	0.00721	0.00750	0.01312
13	0.02134	0.60772	0.14121	0.01570	0.02362	0.03074	0.01680	0.02510	0.01698	0.02061	0.01208	0.01399	0.01064	0.00723	0.00573	0.00191	0.00942	0.00471	0.00355	0.01092
14	0.03158	0.02327	0.02493	0.01911	0.02576	0.02576	0.01579	0.62852	0.03906	0.05236	0.01995	0.01995	0.01413	0.00997	0.00831	0.00249	0.00914	0.00748	0.00831	0.01413
15	0.01299	0.00943	0.01283	0.01453	0.01655	0.00928	0.01260	0.01662	0.01910	0.02459	0.04845	0.09218	0.11506	0.02274	0.01129	0.00371	0.00727	0.53553	0.00766	0.00758
16	0.02056	0.01974	0.03372	0.05099	0.65622	0.01974	0.02550	0.02550	0.01892	0.02714	0.01563	0.02056	0.01316	0.00740	0.00822	0.00247	0.00987	0.00740	0.00411	0.01316
17	0.01549	0.00774	0.00774	0.00774	0.00968	0.00774	0.00581	0.01936	0.01742	0.03097	0.02710	0.03097	0.02129	0.00968	0.00581	0.00194	0.00387	0.00774	0.75416	0.00774
18	0.00982	0.00842	0.00842	0.00842	0.01122	0.00701	0.00631	0.01192	0.01894	0.02244	0.08416	0.07995	0.65285	0.02104	0.00982	0.00281	0.00421	0.01753	0.00771	0.00701
19	0.00985	0.00828	0.00856	0.00878	0.01132	0.00698	0.00647	0.01188	0.01859	0.02230	0.07977	0.15109	0.58454	0.02161	0.00991	0.00287	0.00428	0.01823	0.00771	0.00698
20	0.02221	0.71304	0.04353	0.01421	0.02132	0.03287	0.01421	0.02488	0.01688	0.01955	0.01155	0.01333	0.01066	0.00711	0.00533	0.00178	0.00888	0.00444	0.00355	0.01066
21	0.01012	0.00723	0.00964	0.01157	0.01205	0.00675	0.00771	0.01157	0.01591	0.02121	0.04579	0.70262	0.05495	0.02603	0.01060	0.00337	0.00482	0.02362	0.00771	0.00675
22	0.01176	0.00849	0.01110	0.01045	0.01241	0.00784	0.00784	0.01568	0.02352	0.03331	0.65184	0.06206	0.07839	0.01698	0.00980	0.00261	0.00392	0.01502	0.00914	0.00784
23	0.02056	0.01974	0.03372	0.05099	0.65622	0.01974	0.02550	0.02550	0.01892	0.02714	0.01563	0.02056	0.01316	0.00740	0.00822	0.00247	0.00987	0.00740	0.00411	0.01316
24	0.03103	0.03959	0.02354	0.02140	0.02568	0.67469	0.01605	0.03317	0.02354	0.02033	0.01284	0.01498	0.01070	0.00856	0.00749	0.00214	0.01498	0.00535	0.00428	0.00963
25	0.03103	0.03959	0.02354	0.02140	0.02568	0.67469	0.01605	0.03317	0.02354	0.02033	0.01284	0.01498	0.01070	0.00856	0.00749	0.00214	0.01498	0.00535	0.00428	0.00963
26	0.03103	0.03959	0.02354	0.02140	0.02568	0.67469	0.01605	0.03317	0.02354	0.02033	0.01284	0.01498	0.01070	0.00856	0.00749	0.00214	0.01498	0.00535	0.00428	0.00963
27	0.01666	0.04297	0.66500	0.02368	0.03596	0.01929	0.03069	0.02631	0.01754	0.02631	0.01491	0.01754	0.01052	0.00789	0.00789	0.00263	0.01228	0.00614	0.00351	0.01228
28	0.02056	0.01974	0.03372	0.05099	0.65622	0.01974	0.02550	0.02550	0.01892	0.02714	0.01563	0.02056	0.01316	0.00740	0.00822	0.00247	0.00987	0.00740	0.00411	0.01316
29	0.02056	0.01974	0.03372	0.05099	0.65622	0.01974	0.02550	0.02550	0.01892	0.02714	0.01563	0.02056	0.01316	0.00740	0.00822	0.00247	0.00987	0.00740	0.00411	0.01316
30	0.01208	0.00805	0.00906	0.00906	0.00906	0.00805	0.00503	0.01208	0.01208	0.01611	0.02618	0.05436	0.03020	0.70804	0.04228	0.00805	0.00805	0.01208	0.00503	0.00503
31	0.01208	0.00805	0.00906	0.00906	0.00906	0.00805	0.00503	0.01208	0.01208	0.01611	0.02618	0.05436	0.03020	0.70804	0.04228	0.00805	0.00805	0.01208	0.00503	0.00503
32	0.01034	0.00838	0.00917	0.00910	0.01157	0.00721	0.00678	0.01288	0.01997	0.02520	0.22956	0.10610	0.47422	0.02023	0.00985	0.00278	0.00416	0.01718	0.00809	0.00721
33	0.03280	0.01282	0.01691	0.01334	0.01884	0.01129	0.01090	0.03615	0.02247	0.53241	0.03161	0.02883	0.02071	0.01016	0.00783	0.00244	0.00641	0.00823	0.16303	0.01282
34	0.02066	0.01785	0.01878	0.01691	0.02160	0.02066	0.01315	0.04414	0.64121	0.03475	0.03381	0.03099	0.02536	0.01127	0.00845	0.00282	0.00657	0.00939	0.00845	0.01315
35	0.03103	0.03959	0.02354	0.02140	0.02568	0.67469	0.01605	0.03317	0.02354	0.02033	0.01284	0.01498	0.01070	0.00856	0.00749	0.00214	0.01498	0.00535	0.00428	0.00963
36	0.03103	0.03959	0.02354	0.02140	0.02568	0.67469	0.01605	0.03317	0.02354	0.02033	0.01284	0.01498	0.01070	0.00856	0.00749	0.00214	0.01498	0.00535	0.00428	0.00963
37	0.06181	0.01856	0.01623	0.01612	0.01897	0.18364	0.01270	0.08285	0.02124	0.02632	0.03204	0.20859	0.03426	0.01777	0.00955	0.00307	0.00895	0.21193	0.00672	0.00868
38	0.01678	0.03698	0.52734	0.02126	0.03250	0.01755	0.02626	0.02516	0.01747	0.02647	0.01488	0.01747	0.01090	0.00752	0.00752	0.00233	0.01098	0.00588	0.00381	0.17093
39	0.01012	0.00723	0.00964	0.01157	0.01205	0.00675	0.00771	0.01157	0.01591	0.02121	0.04579	0.70262	0.05495	0.02603	0.01060	0.00337	0.00482	0.02362	0.00771	0.00675
40	0.01569	0.01477	0.02492	0.68808	0.05722	0.01846	0.02307	0.02123	0.01661	0.02123	0.01477	0.02215	0.01107	0.00831	0.00831	0.00277	0.01107	0.00738	0.00369	0.00923
41	0.02942	0.01923	0.02171	0.01710	0.02286	0.02072	0.01402	0.42505	0.03234	0.15132	0.02278	0.02341	0.01637	0.01599	0.08437	0.00372	0.01000	0.00781	0.04875	0.01302
42	0.01203	0.00827	0.01017	0.01017	0.01055	0.00866	0.00642	0.01279	0.01241	0.01693	0.02516	0.04875	0.02776	0.54109	0.20590	0.00942	0.01172	0.01126	0.00488	0.00565
43	0.01012	0.00723	0.00964	0.01157	0.01205	0.00675	0.00771	0.01157	0.01591	0.02121	0.04579	0.70262	0.05495	0.02603	0.01060	0.00337	0.00482	0.02362	0.00771	0.00675
44	0.01569	0.01477	0.02492	0.68808	0.05722	0.01846	0.02307	0.02123	0.01661	0.02123	0.01477	0.02215	0.01107	0.00831	0.00831	0.00277	0.01107	0.00738	0.00369	0.00923
45	0.01936	0.01851	0.03155	0.20805	0.50855	0.01942	0.02490	0.02444	0.01835	0.02568	0.01541	0.02095	0.01265	0.00762	0.00824	0.00254	0.01017	0.00740	0.00401	0.01219
46	0.01148	0.00848	0.01072	0.01016	0.01224	0.00772	0.00762	0.01514	0.02286	0.03176	0.57054	0.06462	0.16065	0.01756	0.00980	0.00264	0.00396	0.01538	0.00894	0.00772
47	0.01204	0.00823	0.00994	0.00994	0.01025	0.00853	0.00613	0.01265	0.01234	0.01676	0.02537	0.04990	0.02827	0.57545	0.17223	0.00914	0.01097	0.01143	0.00491	0.00552
48	0.01007	0.00779	0.00919	0.01018	0.01171	0.00691	0.00712	0.01191	0.01754	0.02228	0.08964	0.40867	0.31033	0.02349	0.01023	0.00310	0.00452	0.02064	0.00778	0.00691
49	0.01176	0.00849	0.01110	0.01045	0.01241	0.00784	0.00784	0.01568	0.02352	0.03331	0.65184	0.06206	0.07839	0.01698	0.00980	0.00261	0.00392	0.01502	0.00914	0.00784
50	0.01723	0.01477	0.01723	0.01230	0.01969	0.01107	0.00984	0.02092	0.01723	0.02707	0.01477	0.01723	0.01230	0.00615	0.00615	0.00123	0.00615	0.00492	0.00492	0.75883
51	0.00982	0.00842	0.00842	0.00842	0.01122	0.00701	0.00631	0.01192	0.01894	0.02244	0.08416	0.07995	0.65285	0.02104	0.00982	0.00281	0.00421	0.01753	0.00771	0.00701
52	0.00988	0.00816	0.00868	0.00909	0.01140	0.00696	0.00661	0.01185	0.01829	0.02218	0.07600	0.21228	0.52578	0.02210	0.00999	0.00293	0.00434	0.01883	0.00771	0.00696
53	0.01187	0.00890	0.01335	0.01335	0.01483	0.01038	0.01038	0.01483	0.01335	0.01928	0.02225	0.03264	0.02077	0.06231	0.67512	0.01335	0.02225	0.00890	0.00445	0.00742
54	0.01045	0.00844	0.00929	0.00908	0.01161	0.00728	0.00681	0.01315	0.02043	0.02599	0.26966	0.07410	0.46513	0.01971	0.00981	0.00274	0.00411	0.01671	0.00818	0.00728
55	0.03152	0.02508	0.02478	0.01937	0.02575	0.09789	0.01582	0.56235	0.03733	0.04880	0.01916	0.01939	0.01375	0.00982	0.00822	0.00245	0.00979	0.00724	0.00786	0.01363
56	0.01690	0.07212	0.63796	0.02327	0.03532	0.01988	0.02998	0.02625	0.01751	0.02601	0.01476	0.01736	0.01053	0.00786	0.00778	0.00259	0.01213	0.00606	0.00351	0.01221
57	0.40981	0.01956	0.01839	0.01490	0.02077	0.02210	0.01229	0.31772	0.02624	0.04460	0.01563	0.01663	0.01149	0.00881	0.00668	0.00253	0.00774	0.00595	0.00668	0.01149
58	0.76672	0.01607	0.01221	0.01092	0.01607	0.01864	0.00900	0.02442	0.01414	0.03727	0.01157	0.01350	0.00900	0.00771	0.00514	0.00257	0.00643	0.00450	0.00514	0.00900
59	0.02149	0.01228	0.01491	0.01287	0.01698	0.01183	0.01011	0.02905	0.15438	0.23281	0.22760	0.04763	0.14444	0.01430	0.00905	0.00268	0.00554	0.01211	0.00912	0.01085
60	0.00994	0.00828	0.00867	0.00886	0.01137	0.00702	0.00654	0.01205	0.01879	0.02277	0.10447	0.15032	0.55955	0.02143	0.00991	0.00286	0.00427	0.01812	0.00778	0.00702
61	0.02056	0.01974	0.03372	0.05099	0.65622	0.01974	0.02550	0.02550	0.01892	0.02714	0.01563	0.02056	0.01316	0.00740	0.00822	0.00247	0.00987	0.00740	0.00411	0.01316
62	0.01190	0.00887	0.01145	0.01287	0.01477	0.00842	0.01058	0.01487	0.01853	0.02361	0.05474	0.19406	0.20638	0.02298	0.01090	0.00348	0.00627	0.35031	0.00768	0.00733
63	0.01666	0.04297	0.66500	0.02368	0.03596	0.01929	0.03069	0.02631	0.01754	0.02631	0.01491	0.01754	0.01052	0.00789	0.00789	0.00263	0.01228	0.00614	0.00351	0.01228
64	0.02951	0.17211	0.02869	0.01839	0.02481	0.11680	0.01549	0.41810	0.03220	0.04096	0.01718	0.01785	0.01292	0.00917	0.00756	0.00229	0.00989	0.00654	0.00674	0.01277
65	0.01002	0.00761	0.00924	0.01055	0.01178	0.00683	0.00726	0.01168	0.01689	0.02161	0.05821	0.50108	0.24847	0.02441	0.01035	0.00319	0.00462	0.02165	0.00771	0.00683
66	0.03158	0.02327	0.02493	0.01911	0.02576	0.02576	0.01579	0.62852	0.03906	0.05236	0.01995	0.01995	0.01413	0.00997	0.00831	0.00249	0.00914	0.00748	0.00831	0.01413
67	0.02204	0.01757	0.01870	0.01623	0.02113	0.01964	0.01279	0.14303	0.43829	0.06283	0.03708	0.03453	0.09488	0.01212	0.00858	0.00275	0.00678	0.00994	0.00842	0.01266
68	0.02028	0.01946	0.03322	0.08717	0.62221	0.01967	0.02536	0.02525	0.01879	0.02680	0.01558	0.02065	0.01304	0.00745	0.00823	0.00248	0.00994	0.00740	0.00409	0.01294
69	0.03103	0.03959	0.02354	0.02140	0.02568	0.67469	0.01605	0.03317	0.02354	0.02033	0.01284	0.01498	0.01070	0.00856	0.00749	0.00214	0.01498	0.00535	0.00428	0.00963
70	0.01460	0.01178	0.01559	0.01551	0.01820	0.01224	0.04629	0.02301	0.17974	0.02646	0.04245	0.22779	0.07470	0.01969	0.01028	0.00334	0.00682	0.23483	0.00768	0.00901
71	0.02278	0.16717	0.02523	0.02047	0.09297	0.29016	0.01434	0.02507	0.01899	0.02044	0.01797	0.08197	0.01785	0.09936	0.04802	0.00356	0.01178	0.00804	0.00452	0.00930
72	0.02013	0.01930	0.03294	0.10764	0.60296	0.01962	0.02528	0.02512	0.01871	0.02661	0.01555	0.02070	0.01297	0.00748	0.00823	0.00249	0.00998	0.00740	0.00407	0.01281
73	0.02033	0.01950	0.03330	0.08144	0.62759	0.01968	0.02538	0.02529	0.01881	0.02686	0.01559	0.02064	0.01306	0.00745	0.00823	0.00248	0.00993	0.00740	0.00409	0.01297
74	0.05740	0.02296	0.15547	0.03565	0.36182	0.01792	0.02282	0.02895	0.01951	0.16897	0.01912	0.02136	0.01410	0.00816	0.00805	0.00253	0.00957	0.00723	0.00541	0.01301
75	0.02577	0.03015	0.02024	0.01834	0.02234	0.44194	0.01386	0.05661	0.08013	0.02491	0.10269	0.02843	0.07790	0.01105	0.00812	0.00234	0.01159	0.00813	0.00576	0.00969
76	0.01176	0.00849	0.01110	0.01045	0.01241	0.00784	0.00784	0.01568	0.02352	0.03331	0.65184	0.06206	0.07839	0.01698	0.00980	0.00261	0.00392	0.01502	0.00914	0.00784
77	0.01666	0.04297	0.66500	0.02368	0.03596	0.01929	0.03069	0.02631	0.01754	0.02631	0.01491	0.01754	0.01052	0.00789	0.00789	0.00263	0.01228	0.00614	0.00351	0.01228
