[name]
unknown

[dist]
# distance from previous block
# <min> <max>
3	11

[block]
# block no. 0 follows, 22 sequences, length 13
# corresponding to MSA columns:
# 12-24
name=unknown_A
#
# <colnr> <probs for GDERKNQSTAVLIFYWHMCP>
#	G	D	E	R	K	N	Q	S	T	A	V	L	I	F	Y	W	H	M	C	P
0	0.01110	0.00804	0.01028	0.01056	0.01197	0.00743	0.00748	0.01380	0.01989	0.02733	0.36668	0.27193	0.11207	0.06805	0.01231	0.00325	0.00452	0.01782	0.00828	0.00722
1	0.02168	0.01847	0.02546	0.13133	0.23805	0.02009	0.01916	0.17363	0.13241	0.03338	0.02401	0.02902	0.04176	0.01027	0.00855	0.00267	0.00895	0.04271	0.00617	0.01223
2	0.01895	0.06685	0.01649	0.01270	0.01706	0.01448	0.01018	0.06780	0.17642	0.11840	0.07635	0.05043	0.29063	0.01508	0.00882	0.00267	0.00589	0.01240	0.00804	0.01036
3	0.01061	0.00795	0.00911	0.00969	0.01097	0.00725	0.00650	0.01205	0.01641	0.02095	0.08623	0.26873	0.27028	0.20348	0.01862	0.00436	0.00540	0.01789	0.00708	0.00645
4	0.01240	0.00792	0.01005	0.01005	0.01080	0.00767	0.00666	0.01322	0.01603	0.02232	0.22036	0.11848	0.04422	0.25290	0.02522	0.15670	0.00607	0.01304	0.03996	0.00592
5	0.01682	0.01238	0.01439	0.01330	0.01592	0.01290	0.00985	0.16707	0.07110	0.03219	0.17791	0.26158	0.04536	0.09408	0.01318	0.00345	0.00617	0.01527	0.00796	0.00912
6	0.01811	0.01134	0.01324	0.01187	0.01538	0.01079	0.00922	0.05468	0.08514	0.15080	0.14827	0.05769	0.25758	0.06971	0.01191	0.00318	0.00572	0.04762	0.00834	0.00942
7	0.01200	0.00981	0.01032	0.01016	0.01263	0.00941	0.00733	0.01721	0.11970	0.02330	0.06313	0.11601	0.39838	0.13565	0.01513	0.00374	0.00529	0.01575	0.00738	0.00767
8	0.01486	0.01088	0.01217	0.01156	0.01306	0.01148	0.00773	0.06531	0.12554	0.02371	0.06568	0.11671	0.03355	0.41953	0.02848	0.00589	0.00729	0.01265	0.00641	0.00750
9	0.08467	0.01131	0.01210	0.01144	0.01378	0.01161	0.00821	0.12129	0.01940	0.02745	0.03900	0.20783	0.14280	0.19968	0.01770	0.00421	0.00643	0.01421	0.03901	0.00789
10	0.01448	0.01016	0.01157	0.01145	0.01328	0.04707	0.00878	0.01778	0.01564	0.02426	0.02376	0.03093	0.02042	0.03710	0.35541	0.00791	0.01410	0.00821	0.32001	0.00768
11	0.01049	0.00782	0.00943	0.01026	0.01151	0.00712	0.00702	0.01227	0.01727	0.02252	0.13380	0.36989	0.21771	0.10638	0.01413	0.00369	0.00493	0.01943	0.00758	0.00676
12	0.01503	0.01383	0.01741	0.01635	0.01704	0.05389	0.01267	0.01688	0.01424	0.01986	0.02351	0.19668	0.02568	0.08154	0.16592	0.00597	0.27865	0.01202	0.00499	0.00785

[dist]
# distance from previous block
# <min> <max>
0	1

[block]
# block no. 1 follows, 22 sequences, length 166
# corresponding to MSA columns:
# 26-191
name=unknown_B
#
# <colnr> <probs for GDERKNQSTAVLIFYWHMCP>
#	G	D	E	R	K	N	Q	S	T	A	V	L	I	F	Y	W	H	M	C	P
0	0.01091	0.00860	0.01004	0.01085	0.01310	0.00773	0.00858	0.01344	0.01861	0.02300	0.06744	0.16262	0.39849	0.02223	0.01041	0.00318	0.00530	0.19060	0.00769	0.00717
1	0.23967	0.01622	0.01954	0.17073	0.10740	0.01843	0.01527	0.05560	0.14811	0.03165	0.05183	0.02580	0.04779	0.00974	0.00753	0.00266	0.00785	0.00781	0.00584	0.01054
2	0.01217	0.01007	0.01169	0.07473	0.01699	0.00971	0.00898	0.04180	0.05133	0.02569	0.14915	0.10894	0.41123	0.01862	0.00959	0.00280	0.00520	0.01578	0.00759	0.00794
3	0.02648	0.02054	0.02204	0.01801	0.02367	0.02311	0.01453	0.37480	0.27182	0.04408	0.02543	0.02479	0.01878	0.01276	0.03742	0.00309	0.00872	0.00828	0.00820	0.01346
4	0.01704	0.02794	0.29854	0.27341	0.12271	0.01918	0.07593	0.02435	0.01754	0.02456	0.01510	0.02002	0.01123	0.00791	0.00824	0.00268	0.01167	0.00706	0.00371	0.01118
5	0.01907	0.01142	0.01181	0.01051	0.01355	0.01206	0.00821	0.14746	0.04910	0.03560	0.02590	0.02867	0.01998	0.00981	0.00644	0.00209	0.00509	0.00776	0.56616	0.00931
6	0.02013	0.17941	0.16497	0.03719	0.38754	0.02258	0.02404	0.02552	0.01818	0.02527	0.01457	0.01833	0.01206	0.00744	0.00751	0.00235	0.01014	0.00648	0.00386	0.01242
7	0.17190	0.03072	0.34003	0.02064	0.05487	0.01997	0.02184	0.15113	0.02170	0.03435	0.04663	0.01954	0.01441	0.00872	0.00753	0.00258	0.00992	0.00658	0.00514	0.01182
8	0.02163	0.35824	0.11303	0.01628	0.02349	0.08737	0.01583	0.05451	0.01858	0.02363	0.01313	0.01534	0.01116	0.00762	0.00713	0.00192	0.03916	0.00511	0.00413	0.16268
9	0.02141	0.01233	0.01504	0.01285	0.01628	0.01223	0.00980	0.12301	0.02184	0.18824	0.11517	0.04262	0.08622	0.17999	0.10068	0.00521	0.00888	0.01085	0.00762	0.00970
10	0.01008	0.00847	0.00878	0.00884	0.01156	0.00717	0.00672	0.01235	0.01916	0.02308	0.10943	0.07975	0.59664	0.02094	0.00990	0.00284	0.00436	0.04506	0.00778	0.00708
11	0.01736	0.12756	0.58655	0.02248	0.03411	0.02101	0.02861	0.02613	0.01746	0.02546	0.01448	0.01701	0.01054	0.00779	0.00757	0.00252	0.01185	0.00592	0.00351	0.01207
12	0.01012	0.00723	0.00964	0.01157	0.01205	0.00675	0.00771	0.01157	0.01591	0.02121	0.04579	0.70262	0.05495	0.02603	0.01060	0.00337	0.00482	0.02362	0.00771	0.00675
13	0.02263	0.02381	0.03118	0.04334	0.49264	0.15680	0.02316	0.02682	0.01957	0.02536	0.01481	0.01928	0.01253	0.00800	0.00903	0.00246	0.04529	0.00697	0.00412	0.01222
14	0.03103	0.03959	0.02354	0.02140	0.02568	0.67469	0.01605	0.03317	0.02354	0.02033	0.01284	0.01498	0.01070	0.00856	0.00749	0.00214	0.01498	0.00535	0.00428	0.00963
15	0.03103	0.03959	0.02354	0.02140	0.02568	0.67469	0.01605	0.03317	0.02354	0.02033	0.01284	0.01498	0.01070	0.00856	0.00749	0.00214	0.01498	0.00535	0.00428	0.00963
16	0.01187	0.00890	0.01335	0.01335	0.01483	0.01038	0.01038	0.01483	0.01335	0.01928	0.02225	0.03264	0.02077	0.06231	0.67512	0.01335	0.02225	0.00890	0.00445	0.00742
17	0.01049	0.00844	0.00935	0.00912	0.01163	0.00730	0.00684	0.01322	0.02052	0.02621	0.28069	0.07375	0.45397	0.01964	0.00981	0.00274	0.00411	0.01666	0.00821	0.00730
18	0.01666	0.04297	0.66500	0.02368	0.03596	0.01929	0.03069	0.02631	0.01754	0.02631	0.01491	0.01754	0.01052	0.00789	0.00789	0.00263	0.01228	0.00614	0.00351	0.01228
19	0.76672	0.01607	0.01221	0.01092	0.01607	0.01864	0.00900	0.02442	0.01414	0.03727	0.01157	0.01350	0.00900	0.00771	0.00514	0.00257	0.00643	0.00450	0.00514	0.00900
20	0.01411	0.01194	0.01231	0.01146	0.01502	0.01199	0.00881	0.05180	0.20461	0.02757	0.06606	0.06247	0.43522	0.01760	0.00934	0.00279	0.00515	0.01462	0.00796	0.00918
21	0.01064	0.00845	0.00955	0.00927	0.01172	0.00736	0.00696	0.01351	0.02087	0.02703	0.32366	0.07240	0.41048	0.01933	0.00981	0.00272	0.00409	0.01647	0.00832	0.00736
22	0.02044	0.01966	0.03331	0.04956	0.62503	0.02002	0.02514	0.02522	0.01861	0.02679	0.01539	0.02044	0.01305	0.00775	0.00916	0.00252	0.04345	0.00740	0.00409	0.01296
23	0.26406	0.01474	0.01708	0.01358	0.01961	0.01421	0.01121	0.03549	0.02078	0.46776	0.02618	0.02368	0.01697	0.00948	0.00736	0.00257	0.00687	0.00716	0.00868	0.01254
24	0.02659	0.15214	0.02857	0.05269	0.13139	0.39328	0.01746	0.03048	0.05168	0.02208	0.01419	0.01671	0.01184	0.00824	0.00732	0.00219	0.01248	0.00582	0.00431	0.01056
25	0.02058	0.01253	0.01634	0.01447	0.01802	0.01204	0.03368	0.12625	0.02215	0.16826	0.05879	0.35220	0.03749	0.01774	0.00943	0.00289	0.00644	0.01569	0.00816	0.04684
26	0.02534	0.32324	0.12049	0.01869	0.02527	0.31435	0.01730	0.02874	0.01991	0.02083	0.01258	0.01464	0.01066	0.00786	0.00664	0.00206	0.01204	0.00508	0.00387	0.01043
27	0.01079	0.00828	0.00990	0.01008	0.01210	0.00740	0.00747	0.01356	0.02019	0.02658	0.29757	0.18550	0.29421	0.02043	0.01002	0.00288	0.00436	0.04309	0.00827	0.00732
28	0.01022	0.00727	0.00961	0.01145	0.01191	0.00681	0.00758	0.01159	0.01572	0.02096	0.04484	0.67132	0.05375	0.05896	0.01213	0.00360	0.00498	0.02306	0.00758	0.00666
29	0.03062	0.01447	0.01825	0.01470	0.01987	0.01372	0.01170	0.14515	0.02466	0.41111	0.03144	0.11406	0.02452	0.07182	0.01153	0.00313	0.00726	0.01043	0.00914	0.01243
30	0.02407	0.18423	0.25539	0.02056	0.02840	0.27402	0.02084	0.05721	0.02072	0.02380	0.01363	0.01577	0.01079	0.00808	0.00721	0.00225	0.01244	0.00554	0.00404	0.01100
31	0.01885	0.01099	0.01133	0.01012	0.01304	0.01151	0.00789	0.14657	0.02194	0.03544	0.02561	0.02867	0.01980	0.00974	0.00633	0.00205	0.00497	0.00769	0.59841	0.00908
32	0.02066	0.01785	0.01878	0.01691	0.02160	0.02066	0.01315	0.04414	0.64121	0.03475	0.03381	0.03099	0.02536	0.01127	0.00845	0.00282	0.00657	0.00939	0.00845	0.01315
33	0.01105	0.00846	0.01013	0.00971	0.01198	0.00754	0.00728	0.01432	0.02185	0.02937	0.44602	0.06854	0.28666	0.01845	0.00981	0.00268	0.00402	0.01593	0.00863	0.00754
34	0.01187	0.00890	0.01335	0.01335	0.01483	0.01038	0.01038	0.01483	0.01335	0.01928	0.02225	0.03264	0.02077	0.06231	0.67512	0.01335	0.02225	0.00890	0.00445	0.00742
35	0.01012	0.00723	0.00964	0.01157	0.01205	0.00675	0.00771	0.01157	0.01591	0.02121	0.04579	0.70262	0.05495	0.02603	0.01060	0.00337	0.00482	0.02362	0.00771	0.00675
36	0.02305	0.64871	0.04162	0.01490	0.02174	0.09418	0.01439	0.02567	0.01752	0.01962	0.01167	0.01348	0.01066	0.00725	0.00554	0.00181	0.00947	0.00453	0.00362	0.01056
37	0.03158	0.02327	0.02493	0.01911	0.02576	0.02576	0.01579	0.62852	0.03906	0.05236	0.01995	0.01995	0.01413	0.00997	0.00831	0.00249	0.00914	0.00748	0.00831	0.01413
38	0.02123	0.59475	0.15324	0.01589	0.02391	0.03047	0.01712	0.02513	0.01700	0.02074	0.01214	0.01407	0.01064	0.00725	0.00578	0.00193	0.00948	0.00474	0.00355	0.01095
39	0.01769	0.01612	0.01559	0.01433	0.01836	0.06026	0.01103	0.03249	0.38865	0.02961	0.04945	0.04650	0.23694	0.01440	0.00885	0.00277	0.00634	0.01188	0.00792	0.01083
40	0.01191	0.00872	0.01246	0.01246	0.01363	0.00990	0.00927	0.01426	0.01309	0.01862	0.02307	0.03717	0.02274	0.19716	0.54297	0.01224	0.01929	0.00956	0.00457	0.00692
41	0.01642	0.01394	0.01961	0.02411	0.20504	0.01429	0.01452	0.02497	0.15891	0.03138	0.29611	0.04449	0.04580	0.01318	0.00912	0.00268	0.00645	0.04096	0.00743	0.01058
42	0.02302	0.02053	0.03176	0.04387	0.51534	0.02108	0.02333	0.16025	0.02342	0.03278	0.01659	0.02042	0.01338	0.00798	0.00824	0.00247	0.00971	0.00742	0.00505	0.01338
43	0.01723	0.01477	0.01723	0.01230	0.01969	0.01107	0.00984	0.02092	0.01723	0.02707	0.01477	0.01723	0.01230	0.00615	0.00615	0.00123	0.00615	0.00492	0.00492	0.75883
44	0.02218	0.02370	0.02932	0.17658	0.37219	0.18457	0.02261	0.02654	0.01960	0.02419	0.01474	0.01949	0.01210	0.00788	0.00806	0.00245	0.01141	0.00688	0.00407	0.01145
45	0.02672	0.02114	0.02466	0.05752	0.15369	0.06545	0.01709	0.28683	0.10496	0.09213	0.02394	0.02453	0.04332	0.00994	0.00832	0.00254	0.00907	0.00806	0.00712	0.01296
46	0.02722	0.33072	0.03218	0.01829	0.02380	0.39724	0.01526	0.02959	0.02066	0.01999	0.01228	0.01427	0.01068	0.00793	0.00656	0.00198	0.01235	0.00496	0.00397	0.01008
47	0.76672	0.01607	0.01221	0.01092	0.01607	0.01864	0.00900	0.02442	0.01414	0.03727	0.01157	0.01350	0.00900	0.00771	0.00514	0.00257	0.00643	0.00450	0.00514	0.00900
48	0.01856	0.01798	0.03236	0.04010	0.40621	0.01803	0.13609	0.02348	0.01788	0.02540	0.01723	0.02343	0.01464	0.01879	0.14779	0.00480	0.01324	0.00817	0.00420	0.01159
49	0.01208	0.00805	0.00906	0.00906	0.00906	0.00805	0.00503	0.01208	0.01208	0.01611	0.02618	0.05436	0.03020	0.70804	0.04228	0.00805	0.00805	0.01208	0.00503	0.00503
50	0.01015	0.00810	0.00909	0.00954	0.01160	0.00704	0.00689	0.01230	0.01868	0.02348	0.14531	0.24815	0.41665	0.02189	0.01003	0.00294	0.00434	0.01888	0.00789	0.00704
51	0.01208	0.00805	0.00906	0.00906	0.00906	0.00805	0.00503	0.01208	0.01208	0.01611	0.02618	0.05436	0.03020	0.70804	0.04228	0.00805	0.00805	0.01208	0.00503	0.00503
52	0.02276	0.02077	0.02273	0.02497	0.16390	0.10076	0.01622	0.03844	0.39486	0.06282	0.02711	0.02655	0.02058	0.01002	0.00828	0.00264	0.00837	0.00840	0.00706	0.01277
53	0.03026	0.09846	0.02529	0.02077	0.02530	0.61859	0.01589	0.03245	0.02296	0.02026	0.01273	0.01484	0.01070	0.00843	0.00730	0.00211	0.01445	0.00527	0.00422	0.00972
54	0.01176	0.00849	0.01110	0.01045	0.01241	0.00784	0.00784	0.01568	0.02352	0.03331	0.65184	0.06206	0.07839	0.01698	0.00980	0.00261	0.00392	0.01502	0.00914	0.00784
55	0.02288	0.02414	0.03146	0.04443	0.51640	0.16498	0.02340	0.02720	0.01994	0.02563	0.01501	0.01932	0.01261	0.00766	0.00806	0.00239	0.01100	0.00695	0.00415	0.01238
56	0.01666	0.04297	0.66500	0.02368	0.03596	0.01929	0.03069	0.02631	0.01754	0.02631	0.01491	0.01754	0.01052	0.00789	0.00789	0.00263	0.01228	0.00614	0.00351	0.01228
57	0.76672	0.01607	0.01221	0.01092	0.01607	0.01864	0.00900	0.02442	0.01414	0.03727	0.01157	0.01350	0.00900	0.00771	0.00514	0.00257	0.00643	0.00450	0.00514	0.00900
58	0.01690	0.01934	0.15986	0.01564	0.02105	0.01446	0.01492	0.02768	0.20421	0.06767	0.21145	0.04406	0.09167	0.01352	0.00898	0.00275	0.00697	0.04064	0.00755	0.01069
59	0.01187	0.00890	0.01335	0.01335	0.01483	0.01038	0.01038	0.01483	0.01335	0.01928	0.02225	0.03264	0.02077	0.06231	0.67512	0.01335	0.02225	0.00890	0.00445	0.00742
60	0.02627	0.17410	0.02637	0.01863	0.02362	0.35617	0.01485	0.03453	0.19638	0.02423	0.01849	0.01915	0.01483	0.00902	0.00731	0.00226	0.01134	0.00630	0.00531	0.01084
61	0.01223	0.00903	0.01188	0.01339	0.01531	0.00867	0.01119	0.01539	0.01868	0.02389	0.05260	0.16770	0.17506	0.02294	0.01102	0.00355	0.00657	0.40581	0.00767	0.00740
62	0.01201	0.00832	0.01043	0.01043	0.01090	0.00880	0.00674	0.01296	0.01249	0.01712	0.02492	0.04743	0.02719	0.50206	0.24415	0.00974	0.01258	0.01107	0.00485	0.00579
63	0.01164	0.00849	0.01095	0.01033	0.01234	0.00779	0.00775	0.01546	0.02325	0.03268	0.61856	0.06310	0.11206	0.01722	0.00980	0.00262	0.00394	0.01517	0.00906	0.00779
64	0.03107	0.03849	0.02364	0.02125	0.02569	0.63082	0.01603	0.07343	0.02459	0.02250	0.01332	0.01532	0.01093	0.00866	0.00755	0.00216	0.01459	0.00549	0.00455	0.00993
65	0.01818	0.01818	0.02545	0.02181	0.02181	0.02545	0.01818	0.01999	0.01272	0.01999	0.01091	0.01818	0.01091	0.01454	0.02726	0.00364	0.69284	0.00727	0.00364	0.00909
66	0.01723	0.01477	0.01723	0.01230	0.01969	0.01107	0.00984	0.02092	0.01723	0.02707	0.01477	0.01723	0.01230	0.00615	0.00615	0.00123	0.00615	0.00492	0.00492	0.75883
67	0.01187	0.00890	0.01335	0.01335	0.01483	0.01038	0.01038	0.01483	0.01335	0.01928	0.02225	0.03264	0.02077	0.06231	0.67512	0.01335	0.02225	0.00890	0.00445	0.00742
68	0.01012	0.00790	0.00919	0.00999	0.01169	0.00697	0.00706	0.01209	0.01799	0.02284	0.11637	0.35389	0.33854	0.02289	0.01016	0.00304	0.00445	0.02001	0.00784	0.00697
69	0.01666	0.04297	0.66500	0.02368	0.03596	0.01929	0.03069	0.02631	0.01754	0.02631	0.01491	0.01754	0.01052	0.00789	0.00789	0.00263	0.01228	0.00614	0.00351	0.01228
70	0.01208	0.00805	0.00906	0.00906	0.00906	0.00805	0.00503	0.01208	0.01208	0.01611	0.02618	0.05436	0.03020	0.70804	0.04228	0.00805	0.00805	0.01208	0.00503	0.00503
71	0.02959	0.03444	0.02302	0.02047	0.02510	0.50050	0.01560	0.10708	0.11550	0.02632	0.01676	0.01792	0.01325	0.00913	0.00773	0.00228	0.01305	0.00620	0.00538	0.01069
72	0.01975	0.01891	0.03225	0.15744	0.55614	0.01952	0.02509	0.02478	0.01853	0.02615	0.01548	0.02083	0.01281	0.00755	0.00824	0.00252	0.01007	0.00740	0.00404	0.01250
73	0.01197	0.00849	0.01129	0.01129	0.01206	0.00926	0.00781	0.01351	0.01274	0.01776	0.02414	0.04308	0.02531	0.37283	0.37080	0.01080	0.01542	0.01043	0.00473	0.00627
74	0.01774	0.01874	0.03741	0.02920	0.06099	0.01914	0.38559	0.02310	0.01731	0.02416	0.01723	0.02408	0.01424	0.02033	0.16061	0.00525	0.10136	0.00918	0.00418	0.01018
75	0.01176	0.00849	0.01110	0.01045	0.01241	0.00784	0.00784	0.01568	0.02352	0.03331	0.65184	0.06206	0.07839	0.01698	0.00980	0.00261	0.00392	0.01502	0.00914	0.00784
76	0.02091	0.04197	0.47535	0.02301	0.03292	0.21306	0.02636	0.02834	0.01931	0.02454	0.01430	0.01678	0.01058	0.00809	0.00777	0.00249	0.01308	0.00591	0.00374	0.01149
77	0.01176	0.00849	0.01110	0.01045	0.01241	0.00784	0.00784	0.01568	0.02352	0.03331	0.65184	0.06206	0.07839	0.01698	0.00980	0.00261	0.00392	0.01502	0.00914	0.00784
78	0.02056	0.01974	0.03372	0.05099	0.65622	0.01974	0.02550	0.02550	0.01892	0.02714	0.01563	0.02056	0.01316	0.00740	0.00822	0.00247	0.00987	0.00740	0.00411	0.01316
79	0.01965	0.01911	0.03300	0.14038	0.49093	0.01997	0.06532	0.02463	0.01827	0.02583	0.01530	0.02078	0.01269	0.00792	0.00946	0.00260	0.05036	0.00755	0.00403	0.01222
80	0.02744	0.02485	0.03123	0.02700	0.10928	0.11213	0.15342	0.33699	0.03006	0.03907	0.01773	0.01990	0.01320	0.00879	0.00852	0.00251	0.01111	0.00770	0.00631	0.01274
81	0.01102	0.00859	0.01009	0.01008	0.01244	0.00766	0.00780	0.01405	0.02074	0.02697	0.29963	0.07473	0.35330	0.01970	0.01002	0.00286	0.00453	0.09012	0.00826	0.00741
82	0.02066	0.01785	0.01878	0.01691	0.02160	0.02066	0.01315	0.04414	0.64121	0.03475	0.03381	0.03099	0.02536	0.01127	0.00845	0.00282	0.00657	0.00939	0.00845	0.01315
83	0.01961	0.01901	0.03257	0.06826	0.42688	0.01829	0.10945	0.02465	0.01861	0.02680	0.01560	0.02029	0.01284	0.00715	0.00808	0.00230	0.00984	0.00730	0.00425	0.14820
84	0.03041	0.03856	0.02363	0.02142	0.02550	0.64334	0.01615	0.03254	0.02302	0.02032	0.01275	0.01514	0.01071	0.00885	0.00845	0.00221	0.04772	0.00544	0.00425	0.00960
85	0.03103	0.03959	0.02354	0.02140	0.02568	0.67469	0.01605	0.03317	0.02354	0.02033	0.01284	0.01498	0.01070	0.00856	0.00749	0.00214	0.01498	0.00535	0.00428	0.00963
86	0.18726	0.40258	0.03170	0.01459	0.01978	0.02703	0.01340	0.02334	0.01539	0.02356	0.01218	0.01542	0.01101	0.01212	0.05396	0.00302	0.11467	0.00519	0.00398	0.00983
87	0.02058	0.01932	0.03038	0.04337	0.51441	0.01995	0.02274	0.02966	0.15797	0.02884	0.01969	0.02289	0.01589	0.00827	0.00828	0.00255	0.00913	0.00785	0.00508	0.01316
88	0.01054	0.00824	0.00960	0.01002	0.01206	0.00730	0.00743	0.01300	0.01924	0.02464	0.19348	0.21622	0.35628	0.02142	0.01010	0.00296	0.00452	0.05776	0.00801	0.00717
89	0.01187	0.00890	0.01335	0.01335	0.01483	0.01038	0.01038	0.01483	0.01335	0.01928	0.02225	0.03264	0.02077	0.06231	0.67512	0.01335	0.02225	0.00890	0.00445	0.00742
90	0.01085	0.00864	0.00979	0.00998	0.01218	0.00782	0.00730	0.01427	0.05054	0.02511	0.19460	0.21280	0.36468	0.02079	0.00992	0.00289	0.00440	0.01795	0.00806	0.00744
91	0.01176	0.00849	0.01110	0.01045	0.01241	0.00784	0.00784	0.01568	0.02352	0.03331	0.65184	0.06206	0.07839	0.01698	0.00980	0.00261	0.00392	0.01502	0.00914	0.00784
92	0.01879	0.02081	0.04399	0.17139	0.04630	0.02048	0.50013	0.02549	0.01898	0.02549	0.01638	0.02235	0.01229	0.00727	0.00949	0.00279	0.01339	0.00930	0.00410	0.01079
93	0.03727	0.01414	0.01928	0.01478	0.02121	0.01221	0.01221	0.04049	0.02378	0.66198	0.03277	0.02828	0.02056	0.01028	0.00835	0.00257	0.00707	0.00835	0.01028	0.01414
94	0.01187	0.00890	0.01335	0.01335	0.01483	0.01038	0.01038	0.01483	0.01335	0.01928	0.02225	0.03264	0.02077	0.06231	0.67512	0.01335	0.02225	0.00890	0.00445	0.00742
95	0.01666	0.04297	0.66500	0.02368	0.03596	0.01929	0.03069	0.02631	0.01754	0.02631	0.01491	0.01754	0.01052	0.00789	0.00789	0.00263	0.01228	0.00614	0.00351	0.01228
96	0.01329	0.01207	0.02206	0.01887	0.02191	0.01172	0.19108	0.01670	0.01647	0.02240	0.03230	0.36160	0.03529	0.02798	0.14914	0.00529	0.01118	0.01646	0.00599	0.00821
97	0.01463	0.01510	0.01209	0.01208	0.01465	0.15615	0.00883	0.01659	0.01923	0.02167	0.05896	0.21571	0.36505	0.01945	0.00949	0.00279	0.00676	0.01628	0.00695	0.00753
98	0.02408	0.01766	0.01958	0.01648	0.02097	0.01911	0.01296	0.41278	0.03096	0.04146	0.02898	0.25867	0.02840	0.01559	0.00911	0.00280	0.00763	0.01312	0.00810	0.01155
99	0.01723	0.01477	0.01723	0.01230	0.01969	0.01107	0.00984	0.02092	0.01723	0.02707	0.01477	0.01723	0.01230	0.00615	0.00615	0.00123	0.00615	0.00492	0.00492	0.75883
100	0.01208	0.00805	0.00906	0.00906	0.00906	0.00805	0.00503	0.01208	0.01208	0.01611	0.02618	0.05436	0.03020	0.70804	0.04228	0.00805	0.00805	0.01208	0.00503	0.00503
101	0.01666	0.04297	0.66500	0.02368	0.03596	0.01929	0.03069	0.02631	0.01754	0.02631	0.01491	0.01754	0.01052	0.00789	0.00789	0.00263	0.01228	0.00614	0.00351	0.01228
102	0.02144	0.02056	0.03230	0.04699	0.57703	0.04486	0.02417	0.05287	0.04727	0.02831	0.01651	0.02078	0.01364	0.00773	0.00821	0.00247	0.00989	0.00741	0.00449	0.01307
103	0.03146	0.02672	0.02464	0.01960	0.02575	0.16309	0.01585	0.50253	0.03578	0.04558	0.01844	0.01889	0.01340	0.00967	0.00814	0.00242	0.01038	0.00703	0.00746	0.01318
104	0.03103	0.03959	0.02354	0.02140	0.02568	0.67469	0.01605	0.03317	0.02354	0.02033	0.01284	0.01498	0.01070	0.00856	0.00749	0.00214	0.01498	0.00535	0.00428	0.00963
105	0.01012	0.00723	0.00964	0.01157	0.01205	0.00675	0.00771	0.01157	0.01591	0.02121	0.04579	0.70262	0.05495	0.02603	0.01060	0.00337	0.00482	0.02362	0.00771	0.00675
106	0.01259	0.00931	0.01228	0.01376	0.01587	0.00899	0.01181	0.01603	0.01908	0.02432	0.05296	0.09063	0.18301	0.02252	0.01110	0.00360	0.00688	0.47008	0.00766	0.00751
107	0.01310	0.00949	0.01204	0.01104	0.01331	0.00905	0.00838	0.05711	0.02457	0.03460	0.60911	0.05921	0.07404	0.01651	0.00970	0.00260	0.00427	0.01451	0.00909	0.00826
108	0.02433	0.02435	0.02054	0.01832	0.02303	0.20549	0.01415	0.08056	0.42627	0.03187	0.02696	0.02573	0.02047	0.01042	0.00817	0.00260	0.00912	0.00812	0.00727	0.01222
109	0.02865	0.03600	0.02886	0.02424	0.02939	0.53818	0.14344	0.03180	0.02272	0.02164	0.01367	0.01653	0.01110	0.00824	0.00797	0.00228	0.01478	0.00628	0.00426	0.00996
110	0.00982	0.00842	0.00842	0.00842	0.01122	0.00701	0.00631	0.01192	0.01894	0.02244	0.08416	0.07995	0.65285	0.02104	0.00982	0.00281	0.00421	0.01753	0.00771	0.00701
111	0.01144	0.00848	0.01067	0.01012	0.01222	0.00770	0.00759	0.01506	0.02277	0.03154	0.55923	0.06497	0.17210	0.01765	0.00980	0.00264	0.00397	0.01543	0.00891	0.00770
112	0.01208	0.00805	0.00906	0.00906	0.00906	0.00805	0.00503	0.01208	0.01208	0.01611	0.02618	0.05436	0.03020	0.70804	0.04228	0.00805	0.00805	0.01208	0.00503	0.00503
113	0.01814	0.03402	0.41919	0.03365	0.25145	0.01952	0.05482	0.02604	0.01811	0.02661	0.01524	0.01880	0.01153	0.00768	0.00809	0.00258	0.01152	0.00674	0.00375	0.01254
114	0.02461	0.01187	0.01547	0.01279	0.01713	0.01073	0.01019	0.05725	0.02413	0.32905	0.29657	0.04516	0.08173	0.01373	0.00905	0.00260	0.00567	0.01167	0.00955	0.01106
115	0.02233	0.02465	0.05884	0.07566	0.46721	0.15643	0.02363	0.02692	0.01971	0.02538	0.01497	0.01934	0.01243	0.00771	0.00806	0.00242	0.01110	0.00692	0.00410	0.01219
116	0.02415	0.02623	0.02669	0.21142	0.19862	0.26897	0.02041	0.07874	0.02176	0.02509	0.01470	0.01882	0.01174	0.00831	0.00797	0.00243	0.01208	0.00662	0.00442	0.01082
117	0.01120	0.00841	0.01002	0.00965	0.01162	0.00761	0.00701	0.01406	0.02066	0.02778	0.39753	0.06661	0.24973	0.10547	0.01391	0.00336	0.00453	0.01543	0.00818	0.00723
118	0.01191	0.00872	0.01246	0.01246	0.01363	0.00990	0.00927	0.01426	0.01309	0.01862	0.02307	0.03717	0.02274	0.19716	0.54297	0.01224	0.01929	0.00956	0.00457	0.00692
119	0.02011	0.45933	0.27884	0.01780	0.02686	0.02773	0.02045	0.02542	0.01713	0.02211	0.01282	0.01492	0.01061	0.00740	0.00630	0.00210	0.01017	0.00508	0.00354	0.01127
120	0.01208	0.00805	0.00906	0.00906	0.00906	0.00805	0.00503	0.01208	0.01208	0.01611	0.02618	0.05436	0.03020	0.70804	0.04228	0.00805	0.00805	0.01208	0.00503	0.00503
121	0.01012	0.00723	0.00964	0.01157	0.01205	0.00675	0.00771	0.01157	0.01591	0.02121	0.04579	0.70262	0.05495	0.02603	0.01060	0.00337	0.00482	0.02362	0.00771	0.00675
122	0.01151	0.00879	0.01077	0.01117	0.01344	0.00805	0.00897	0.01470	0.02038	0.02648	0.24352	0.07881	0.29097	0.02040	0.01033	0.00306	0.00519	0.19784	0.00813	0.00746
123	0.01723	0.01477	0.01723	0.01230	0.01969	0.01107	0.00984	0.02092	0.01723	0.02707	0.01477	0.01723	0.01230	0.00615	0.00615	0.00123	0.00615	0.00492	0.00492	0.75883
124	0.02023	0.01998	0.03568	0.04625	0.51513	0.01955	0.13289	0.02548	0.01896	0.02704	0.01580	0.02073	0.01302	0.00727	0.00841	0.00247	0.01043	0.00771	0.00417	0.04882
125	0.02031	0.01964	0.03400	0.07824	0.60319	0.01974	0.05162	0.02536	0.01885	0.02686	0.01564	0.02071	0.01304	0.00742	0.00830	0.00250	0.01010	0.00751	0.00410	0.01290
126	0.02592	0.02934	0.02454	0.02681	0.16549	0.35342	0.01739	0.03439	0.18770	0.02571	0.01907	0.02051	0.01517	0.00903	0.00791	0.00239	0.01159	0.00689	0.00536	0.01136
127	0.01208	0.00805	0.00906	0.00906	0.00906	0.00805	0.00503	0.01208	0.01208	0.01611	0.02618	0.05436	0.03020	0.70804	0.04228	0.00805	0.00805	0.01208	0.00503	0.00503
128	0.01891	0.01798	0.01762	0.01625	0.01894	0.16143	0.01267	0.09662	0.01885	0.02372	0.01936	0.02646	0.01725	0.04161	0.41353	0.00905	0.04819	0.00786	0.00486	0.00883
129	0.01049	0.00783	0.00968	0.01073	0.01203	0.00714	0.00756	0.01247	0.01761	0.02299	0.12926	0.41208	0.20551	0.05055	0.01161	0.00335	0.00483	0.04959	0.00778	0.00693
130	0.01530	0.01040	0.01195	0.01122	0.01258	0.01092	0.00743	0.04705	0.09440	0.05170	0.02681	0.04645	0.02747	0.49161	0.09412	0.00735	0.00920	0.01104	0.00582	0.00717
131	0.02635	0.03171	0.02304	0.02373	0.10338	0.47565	0.01625	0.02899	0.02117	0.02101	0.01484	0.01878	0.01277	0.01783	0.12453	0.00415	0.01561	0.00623	0.00429	0.00969
132	0.01026	0.00745	0.00972	0.01148	0.01223	0.00691	0.00787	0.01188	0.01632	0.02149	0.04898	0.61951	0.10565	0.02545	0.01058	0.00335	0.00491	0.05145	0.00771	0.00681
133	0.01142	0.00778	0.00925	0.00990	0.01006	0.00762	0.00593	0.01191	0.01336	0.01782	0.03275	0.27157	0.03849	0.47953	0.03167	0.00649	0.00697	0.01595	0.00593	0.00561
134	0.02056	0.01974	0.03372	0.05099	0.65622	0.01974	0.02550	0.02550	0.01892	0.02714	0.01563	0.02056	0.01316	0.00740	0.00822	0.00247	0.00987	0.00740	0.00411	0.01316
135	0.03158	0.02327	0.02493	0.01911	0.02576	0.02576	0.01579	0.62852	0.03906	0.05236	0.01995	0.01995	0.01413	0.00997	0.00831	0.00249	0.00914	0.00748	0.00831	0.01413
136	0.01723	0.01477	0.01723	0.01230	0.01969	0.01107	0.00984	0.02092	0.01723	0.02707	0.01477	0.01723	0.01230	0.00615	0.00615	0.00123	0.00615	0.00492	0.00492	0.75883
137	0.00992	0.00800	0.00884	0.00952	0.01151	0.00692	0.00680	0.01180	0.01788	0.02201	0.07074	0.29769	0.44377	0.02278	0.01009	0.00300	0.00442	0.01966	0.00771	0.00692
138	0.01208	0.00805	0.00906	0.00906	0.00906	0.00805	0.00503	0.01208	0.01208	0.01611	0.02618	0.05436	0.03020	0.70804	0.04228	0.00805	0.00805	0.01208	0.00503	0.00503
139	0.01012	0.00723	0.00964	0.01157	0.01205	0.00675	0.00771	0.01157	0.01591	0.02121	0.04579	0.70262	0.05495	0.02603	0.01060	0.00337	0.00482	0.02362	0.00771	0.00675
140	0.01122	0.00946	0.00988	0.00988	0.01263	0.00870	0.00735	0.01595	0.09711	0.02384	0.07307	0.15063	0.49984	0.02042	0.00974	0.00288	0.00458	0.01726	0.00781	0.00775
141	0.01208	0.00805	0.00906	0.00906	0.00906	0.00805	0.00503	0.01208	0.01208	0.01611	0.02618	0.05436	0.03020	0.70804	0.04228	0.00805	0.00805	0.01208	0.00503	0.00503
142	0.01031	0.00731	0.00959	0.01133	0.01177	0.00687	0.00746	0.01162	0.01555	0.02073	0.04395	0.64177	0.05262	0.09005	0.01358	0.00381	0.00512	0.02253	0.00746	0.00659
143	0.01208	0.00805	0.00906	0.00906	0.00906	0.00805	0.00503	0.01208	0.01208	0.01611	0.02618	0.05436	0.03020	0.70804	0.04228	0.00805	0.00805	0.01208	0.00503	0.00503
144	0.01615	0.01123	0.01237	0.01116	0.01255	0.01175	0.00728	0.14081	0.01771	0.02368	0.02487	0.04718	0.02685	0.56227	0.03519	0.00689	0.00828	0.01112	0.00572	0.00693
145	0.01011	0.00728	0.00959	0.01144	0.01202	0.00676	0.00766	0.01158	0.01603	0.02126	0.04731	0.67794	0.07865	0.02583	0.01057	0.00335	0.00480	0.02338	0.00771	0.00676
146	0.00982	0.00842	0.00842	0.00842	0.01122	0.00701	0.00631	0.01192	0.01894	0.02244	0.08416	0.07995	0.65285	0.02104	0.00982	0.00281	0.00421	0.01753	0.00771	0.00701
147	0.01012	0.00723	0.00964	0.01157	0.01205	0.00675	0.00771	0.01157	0.01591	0.02121	0.04579	0.70262	0.05495	0.02603	0.01060	0.00337	0.00482	0.02362	0.00771	0.00675
148	0.01094	0.00782	0.01058	0.01251	0.01335	0.00746	0.00914	0.01299	0.01672	0.02213	0.04533	0.54913	0.05315	0.02525	0.01082	0.00349	0.00553	0.16899	0.00770	0.00698
149	0.02955	0.02131	0.02276	0.01768	0.02373	0.02349	0.01453	0.55163	0.03633	0.04966	0.02085	0.02134	0.01503	0.00994	0.00799	0.00242	0.00848	0.00751	0.10246	0.01332
150	0.01155	0.00833	0.01092	0.01059	0.01237	0.00770	0.00782	0.01516	0.02255	0.03179	0.57534	0.14291	0.07543	0.01813	0.00990	0.00271	0.00403	0.01611	0.00896	0.00770
151	0.01028	0.00735	0.00978	0.01146	0.01208	0.00685	0.00772	0.01196	0.01663	0.02236	0.10368	0.64143	0.05718	0.02516	0.01053	0.00330	0.00473	0.02280	0.00785	0.00685
152	0.01723	0.01477	0.01723	0.01230	0.01969	0.01107	0.00984	0.02092	0.01723	0.02707	0.01477	0.01723	0.01230	0.00615	0.00615	0.00123	0.00615	0.00492	0.00492	0.75883
153	0.02002	0.02125	0.04241	0.04192	0.30833	0.02046	0.36644	0.02613	0.01931	0.02684	0.01630	0.02161	0.01284	0.00718	0.00912	0.00266	0.01222	0.00877	0.00416	0.01205
154	0.01323	0.00946	0.01317	0.01484	0.01675	0.00940	0.01286	0.01707	0.01954	0.02567	0.10205	0.09068	0.05073	0.02238	0.01131	0.00371	0.00729	0.54440	0.00779	0.00767
155	0.01961	0.02241	0.04902	0.03501	0.04342	0.02101	0.62605	0.02661	0.01961	0.02661	0.01681	0.02241	0.01261	0.00700	0.00980	0.00280	0.01401	0.00980	0.00420	0.01120
156	0.02044	0.02007	0.03561	0.04902	0.58058	0.01990	0.09963	0.02563	0.01900	0.02708	0.01577	0.02079	0.01309	0.00735	0.00842	0.00251	0.01038	0.00770	0.00412	0.01292
157	0.01083	0.00863	0.00989	0.01059	0.01295	0.00770	0.00839	0.01335	0.01873	0.02301	0.06978	0.13693	0.43454	0.02199	0.01034	0.00314	0.00521	0.17915	0.00770	0.00717
158	0.02856	0.02283	0.02967	0.02233	0.02925	0.02453	0.14311	0.47510	0.06356	0.04614	0.01995	0.02098	0.01434	0.00941	0.00863	0.00257	0.01004	0.00806	0.00746	0.01347
159	0.01743	0.13618	0.57855	0.02236	0.03392	0.02118	0.02840	0.02611	0.01745	0.02537	0.01444	0.01695	0.01054	0.00778	0.00754	0.00251	0.01181	0.00590	0.00351	0.01205
160	0.03057	0.02401	0.15651	0.01847	0.02621	0.01941	0.01758	0.28561	0.02892	0.27204	0.02363	0.02252	0.01575	0.00965	0.00824	0.00255	0.00903	0.00752	0.00804	0.01375
161	0.06149	0.01659	0.07759	0.01495	0.02095	0.01353	0.01321	0.08946	0.02418	0.38620	0.15824	0.03289	0.03059	0.01132	0.00847	0.00258	0.00706	0.00929	0.00900	0.01242
162	0.03122	0.03392	0.02402	0.02061	0.02571	0.44912	0.01596	0.24012	0.02894	0.03146	0.01531	0.01671	0.01189	0.00905	0.00778	0.00226	0.01295	0.00609	0.00568	0.01119
163	0.01719	0.10698	0.60563	0.02277	0.03456	0.02059	0.02912	0.02617	0.01748	0.02566	0.01459	0.01714	0.01054	0.00782	0.00765	0.00255	0.01195	0.00598	0.00351	0.01212
164	0.01666	0.04297	0.66500	0.02368	0.03596	0.01929	0.03069	0.02631	0.01754	0.02631	0.01491	0.01754	0.01052	0.00789	0.00789	0.00263	0.01228	0.00614	0.00351	0.01228
165	0.02892	0.02738	0.02286	0.01909	0.02449	0.24416	0.01508	0.32034	0.11219	0.03776	0.02242	0.02258	0.04488	0.01019	0.00812	0.00243	0.01055	0.00749	0.00693	0.01214

[dist]
# distance from previous block
# <min> <max>
0	2

[block]
# block no. 2 follows, 22 sequences, length 14
# corresponding to MSA columns:
# 194-207
name=unknown_C
#
# <colnr> <probs for GDERKNQSTAVLIFYWHMCP>
#	G	D	E	R	K	N	Q	S	T	A	V	L	I	F	Y	W	H	M	C	P
0	0.18717	0.09570	0.18513	0.01864	0.02578	0.19752	0.01799	0.12822	0.02194	0.03081	0.01415	0.01598	0.01085	0.00831	0.00701	0.00238	0.01089	0.00563	0.00488	0.01101
1	0.02109	0.01796	0.02945	0.02186	0.02850	0.01698	0.22489	0.02763	0.07976	0.10969	0.01932	0.02191	0.01463	0.00829	0.00994	0.00233	0.07450	0.00772	0.00559	0.25794
2	0.01862	0.01065	0.01332	0.01133	0.01526	0.00916	0.00886	0.02192	0.02184	0.19504	0.28962	0.05227	0.18630	0.01494	0.00902	0.00249	0.00506	0.01272	0.00865	0.09294
3	0.02268	0.01785	0.01910	0.01657	0.02155	0.02005	0.01306	0.13260	0.46934	0.07537	0.03485	0.03228	0.06392	0.01164	0.00851	0.00275	0.00685	0.00956	0.00850	0.01297
4	0.01187	0.00890	0.01335	0.01335	0.01483	0.01038	0.01038	0.01483	0.01335	0.01928	0.02225	0.03264	0.02077	0.06231	0.67512	0.01335	0.02225	0.00890	0.00445	0.00742
5	0.02056	0.01974	0.03372	0.05099	0.65622	0.01974	0.02550	0.02550	0.01892	0.02714	0.01563	0.02056	0.01316	0.00740	0.00822	0.00247	0.00987	0.00740	0.00411	0.01316
6	0.03158	0.02327	0.02493	0.01911	0.02576	0.02576	0.01579	0.62852	0.03906	0.05236	0.01995	0.01995	0.01413	0.00997	0.00831	0.00249	0.00914	0.00748	0.00831	0.01413
7	0.09946	0.18130	0.02553	0.01645	0.02229	0.22037	0.01356	0.07862	0.06153	0.08740	0.01651	0.01746	0.01290	0.00829	0.00681	0.00210	0.00984	0.00573	0.00545	0.10841
8	0.01208	0.00805	0.00906	0.00906	0.00906	0.00805	0.00503	0.01208	0.01208	0.01611	0.02618	0.05436	0.03020	0.70804	0.04228	0.00805	0.00805	0.01208	0.00503	0.00503
9	0.01076	0.00792	0.01007	0.01065	0.01208	0.00724	0.00756	0.01332	0.01949	0.02640	0.30223	0.34776	0.15073	0.02156	0.01016	0.00298	0.00436	0.01918	0.00831	0.00724
10	0.01713	0.09933	0.61273	0.02288	0.03472	0.02044	0.02931	0.02619	0.01748	0.02574	0.01463	0.01718	0.01054	0.00783	0.00768	0.00256	0.01199	0.00600	0.00351	0.01214
11	0.03336	0.02041	0.02316	0.01776	0.02433	0.02151	0.01467	0.44417	0.03427	0.24348	0.02397	0.02256	0.01615	0.01007	0.00832	0.00252	0.00849	0.00775	0.00893	0.01413
12	0.01143	0.00877	0.01057	0.01097	0.01277	0.00831	0.00789	0.01562	0.07147	0.02626	0.23545	0.31229	0.19539	0.02094	0.01000	0.00297	0.00456	0.01846	0.00820	0.00767
13	0.02056	0.01974	0.03372	0.05099	0.65622	0.01974	0.02550	0.02550	0.01892	0.02714	0.01563	0.02056	0.01316	0.00740	0.00822	0.00247	0.00987	0.00740	0.00411	0.01316

[dist]
# distance from previous block
# <min> <max>
0	0

# created by:
# /home/cegg/simao/soft/augustus-3.2.1/scripts/msa2prfl.pl ./align_prep/12473.fa
