[name]
unknown

[dist]
# distance from previous block
# <min> <max>
0	30

[block]
# block no. 0 follows, 19 sequences, length 53
# corresponding to MSA columns:
# 30-82
name=unknown_A
#
# <colnr> <probs for GDERKNQSTAVLIFYWHMCP>
#	G	D	E	R	K	N	Q	S	T	A	V	L	I	F	Y	W	H	M	C	P
0	0.01969	0.01912	0.02089	0.07001	0.10697	0.13986	0.01687	0.02365	0.02057	0.02556	0.02908	0.05380	0.02924	0.02015	0.06629	0.00410	0.01163	0.23511	0.00609	0.08131
1	0.02202	0.02239	0.03098	0.11684	0.39699	0.10899	0.02368	0.02651	0.02021	0.02654	0.01893	0.07920	0.01738	0.01036	0.00988	0.00279	0.04007	0.00919	0.00472	0.01234
2	0.02487	0.14783	0.02579	0.01932	0.07696	0.02066	0.01442	0.12893	0.10403	0.13122	0.08919	0.08933	0.06383	0.01309	0.00882	0.00271	0.00786	0.01080	0.00790	0.01244
3	0.01253	0.01005	0.01061	0.01013	0.01303	0.00904	0.00753	0.05036	0.02174	0.02709	0.14906	0.07714	0.46625	0.07964	0.01354	0.00347	0.00519	0.01734	0.00829	0.00796
4	0.01343	0.00936	0.01073	0.01110	0.01243	0.00907	0.00745	0.04819	0.01804	0.02436	0.04626	0.27980	0.14325	0.23029	0.02131	0.00490	0.00634	0.01770	0.07867	0.00731
5	0.01301	0.01049	0.01608	0.01528	0.01749	0.00983	0.07906	0.01604	0.01948	0.02604	0.14766	0.31864	0.10711	0.07117	0.01371	0.00379	0.00680	0.09233	0.00790	0.00806
6	0.01175	0.00834	0.01067	0.01170	0.01243	0.00809	0.00778	0.01333	0.01672	0.02251	0.09606	0.38676	0.07309	0.19712	0.07612	0.00576	0.00761	0.01979	0.00741	0.00698
7	0.01217	0.00866	0.01083	0.01154	0.01250	0.00809	0.00757	0.01371	0.01695	0.02309	0.11050	0.38154	0.05164	0.22503	0.02140	0.00494	0.00621	0.01946	0.00745	0.04675
8	0.01735	0.01072	0.01315	0.01231	0.01435	0.01059	0.00883	0.01894	0.01779	0.12788	0.04707	0.15960	0.18170	0.23521	0.02339	0.00498	0.06496	0.01537	0.00747	0.00835
9	0.01413	0.00957	0.01227	0.01309	0.01417	0.00950	0.00917	0.06448	0.01831	0.02439	0.03932	0.41689	0.04524	0.08702	0.01821	0.12318	0.00656	0.05980	0.00738	0.00732
10	0.02885	0.01858	0.02118	0.01692	0.02264	0.01909	0.01344	0.28998	0.05637	0.16257	0.02765	0.08782	0.02284	0.08428	0.01288	0.00331	0.00840	0.01019	0.00859	0.08444
11	0.01816	0.01306	0.01509	0.01404	0.01648	0.01356	0.01013	0.18107	0.02402	0.03229	0.08701	0.29166	0.04256	0.17661	0.01865	0.00447	0.00725	0.01673	0.00795	0.00921
12	0.01260	0.00880	0.01055	0.01070	0.01128	0.00891	0.00676	0.01347	0.01420	0.01894	0.03449	0.10245	0.08491	0.47156	0.14507	0.00880	0.01071	0.01384	0.00578	0.00619
13	0.01267	0.00864	0.01039	0.01057	0.01169	0.00823	0.00706	0.01477	0.01853	0.02591	0.21890	0.18134	0.08855	0.25404	0.02263	0.00498	0.00599	0.01634	0.07168	0.00709
14	0.02037	0.03169	0.29072	0.03906	0.32324	0.02114	0.02861	0.02967	0.07420	0.02960	0.01830	0.02179	0.01417	0.00858	0.00873	0.00277	0.01140	0.00759	0.00458	0.01377
15	0.02280	0.02020	0.05567	0.01750	0.02275	0.05684	0.01438	0.04020	0.39003	0.09392	0.10924	0.03732	0.05419	0.01280	0.00923	0.00292	0.00759	0.01062	0.00877	0.01302
16	0.01192	0.00822	0.01008	0.01115	0.01141	0.00795	0.00691	0.01273	0.01513	0.02017	0.03906	0.37839	0.04625	0.34702	0.02797	0.00608	0.00688	0.01941	0.00691	0.00637
17	0.01157	0.00840	0.00985	0.01069	0.01163	0.00783	0.00693	0.01274	0.01645	0.02122	0.05170	0.31867	0.18498	0.25908	0.02327	0.00527	0.00626	0.01948	0.00729	0.00668
18	0.41682	0.01494	0.01312	0.01160	0.01623	0.01656	0.00936	0.07269	0.01911	0.07003	0.01978	0.02201	0.01506	0.00933	0.00623	0.00254	0.00631	0.00645	0.24184	0.00999
19	0.01961	0.02014	0.03786	0.08758	0.03838	0.02080	0.32983	0.02919	0.12249	0.02815	0.02168	0.02717	0.01705	0.01777	0.10704	0.00476	0.04372	0.00998	0.00528	0.01152
20	0.02490	0.02415	0.02644	0.02171	0.02694	0.16172	0.11553	0.14147	0.13521	0.03213	0.02587	0.02839	0.05530	0.01617	0.04955	0.07565	0.01195	0.00910	0.00645	0.01136
21	0.22323	0.01963	0.02349	0.10916	0.10057	0.07552	0.07208	0.02523	0.01878	0.03025	0.02121	0.02445	0.06235	0.00921	0.00774	0.00251	0.00943	0.00752	0.00519	0.15247
22	0.02162	0.03849	0.36066	0.07758	0.15325	0.14006	0.02837	0.02916	0.02033	0.02688	0.01577	0.01936	0.01196	0.00857	0.00852	0.00271	0.01317	0.00681	0.00408	0.01263
23	0.06548	0.05343	0.07166	0.13869	0.03964	0.11715	0.23701	0.02729	0.02008	0.02638	0.01811	0.02691	0.01519	0.00992	0.01059	0.00297	0.05457	0.04937	0.00466	0.01091
24	0.09252	0.14070	0.06271	0.01793	0.02381	0.16900	0.01541	0.16993	0.02697	0.03513	0.13438	0.02704	0.02643	0.01097	0.00817	0.00251	0.01010	0.00816	0.00661	0.01150
25	0.08770	0.01116	0.01241	0.01147	0.01494	0.01056	0.00882	0.02100	0.05683	0.10179	0.23011	0.09002	0.27350	0.01821	0.00984	0.00293	0.00521	0.01532	0.00887	0.00930
26	0.02608	0.10485	0.03040	0.06479	0.20067	0.13343	0.01972	0.13054	0.13993	0.03288	0.02034	0.02233	0.01600	0.00949	0.00842	0.00260	0.01071	0.00764	0.00605	0.01314
27	0.20506	0.02093	0.02148	0.07994	0.09727	0.09827	0.01552	0.15181	0.02522	0.03772	0.13460	0.02820	0.02641	0.01092	0.00829	0.00271	0.00909	0.00853	0.00674	0.01131
28	0.01743	0.01381	0.01718	0.01588	0.01825	0.01547	0.01246	0.12947	0.02247	0.03053	0.09245	0.21031	0.10825	0.02460	0.07652	0.00443	0.12340	0.05010	0.00746	0.00952
29	0.01889	0.01800	0.02069	0.01746	0.02040	0.07545	0.01378	0.02138	0.01659	0.02372	0.03975	0.02719	0.01854	0.10713	0.06775	0.00438	0.25326	0.00805	0.00488	0.22271
30	0.02104	0.01780	0.02191	0.04066	0.02504	0.01664	0.04790	0.10882	0.12540	0.03383	0.02237	0.06110	0.01866	0.00957	0.00799	0.00212	0.00778	0.00813	0.00656	0.39668
31	0.02588	0.02791	0.02606	0.21792	0.06279	0.26385	0.01984	0.08715	0.08131	0.02739	0.01740	0.02120	0.01368	0.00999	0.01012	0.00275	0.06100	0.00732	0.00523	0.01121
32	0.02467	0.25842	0.11239	0.05243	0.05443	0.22272	0.01914	0.02858	0.02010	0.02271	0.01451	0.01808	0.01243	0.01309	0.05554	0.00325	0.04614	0.00612	0.00417	0.01106
33	0.06757	0.01877	0.01659	0.01523	0.01811	0.13751	0.01099	0.07553	0.09912	0.05098	0.02589	0.09361	0.02514	0.21021	0.02201	0.07706	0.00945	0.01072	0.00641	0.00909
34	0.06232	0.18771	0.02495	0.01578	0.02093	0.15784	0.01302	0.07906	0.07441	0.02861	0.07299	0.03755	0.16502	0.01297	0.00828	0.00254	0.00912	0.00986	0.00647	0.01058
35	0.02372	0.01774	0.01933	0.01559	0.02064	0.01841	0.01226	0.31003	0.03047	0.04094	0.08810	0.04099	0.11891	0.11474	0.01464	0.00352	0.00801	0.01096	0.00804	0.08297
36	0.02427	0.13511	0.02536	0.01532	0.02298	0.01937	0.01293	0.14448	0.02388	0.07788	0.01788	0.01930	0.01400	0.00798	0.00713	0.00182	0.00788	0.00605	0.00622	0.41015
37	0.01868	0.01666	0.02221	0.05650	0.02609	0.01341	0.06526	0.02311	0.01874	0.02871	0.01610	0.01940	0.01320	0.00686	0.00713	0.00158	0.00773	0.00595	0.00515	0.62753
38	0.02659	0.02625	0.03673	0.03669	0.22718	0.11876	0.17816	0.17417	0.02683	0.03484	0.01790	0.02160	0.01387	0.00875	0.00922	0.00271	0.01248	0.00836	0.00563	0.01329
39	0.01130	0.00904	0.01011	0.00996	0.01256	0.00784	0.00742	0.01420	0.02193	0.02810	0.27108	0.10552	0.41658	0.02140	0.01060	0.00298	0.00445	0.01825	0.00883	0.00784
40	0.01243	0.00901	0.01097	0.01055	0.01227	0.00836	0.00744	0.01530	0.02150	0.02948	0.39500	0.06769	0.15379	0.18537	0.01928	0.00431	0.00538	0.01580	0.00851	0.00755
41	0.01109	0.00908	0.00979	0.00961	0.01240	0.00777	0.00721	0.01385	0.02162	0.02709	0.22391	0.08129	0.49104	0.02157	0.01057	0.00297	0.00445	0.01821	0.00869	0.00777
42	0.08799	0.01665	0.02035	0.01630	0.02273	0.01623	0.01328	0.06680	0.15198	0.43897	0.03327	0.02953	0.02205	0.01108	0.00876	0.00282	0.00754	0.00889	0.01015	0.01459
43	0.01241	0.00894	0.01178	0.01176	0.01356	0.00831	0.00872	0.01611	0.02349	0.03287	0.48327	0.18779	0.07781	0.02052	0.01081	0.00304	0.00462	0.04653	0.00947	0.00820
44	0.03342	0.04264	0.02535	0.02305	0.02766	0.64967	0.01729	0.03572	0.02535	0.02190	0.01383	0.01613	0.01152	0.00922	0.00807	0.00230	0.01613	0.00576	0.00461	0.01037
45	0.02168	0.02079	0.03548	0.10848	0.57982	0.02114	0.02723	0.02705	0.02015	0.02867	0.01675	0.02229	0.01397	0.00806	0.00886	0.00269	0.01074	0.00797	0.00439	0.01380
46	0.01855	0.01590	0.01855	0.01325	0.02120	0.01193	0.01060	0.02253	0.01855	0.02915	0.01590	0.01855	0.01325	0.00663	0.00663	0.00133	0.00663	0.00530	0.00530	0.74028
47	0.02260	0.02376	0.02785	0.29038	0.07744	0.16818	0.05551	0.05613	0.02095	0.02560	0.01555	0.02096	0.01235	0.00928	0.01028	0.00270	0.06633	0.00733	0.00457	0.08224
48	0.01606	0.01342	0.01457	0.01383	0.01750	0.01404	0.01077	0.02833	0.26837	0.03140	0.13079	0.06307	0.25616	0.01791	0.01012	0.00310	0.00590	0.06535	0.00883	0.01048
49	0.01918	0.01465	0.02118	0.02660	0.20933	0.01437	0.01617	0.02526	0.07609	0.08926	0.13585	0.05521	0.13266	0.01560	0.01005	0.00304	0.00757	0.10899	0.00767	0.01125
50	0.02883	0.16333	0.02880	0.02204	0.06163	0.39676	0.01654	0.06469	0.02419	0.02442	0.02123	0.02288	0.06822	0.01016	0.00794	0.00234	0.01309	0.00704	0.00504	0.01084
51	0.02577	0.22238	0.06320	0.01934	0.02465	0.30179	0.01655	0.02864	0.02121	0.02224	0.02251	0.02446	0.08486	0.01097	0.00981	0.00246	0.07670	0.00730	0.00471	0.01045
52	0.08648	0.07700	0.01981	0.01483	0.01889	0.01805	0.01165	0.14875	0.05934	0.09101	0.02430	0.03367	0.02150	0.18813	0.14211	0.00641	0.01162	0.00922	0.00672	0.01050

[dist]
# distance from previous block
# <min> <max>
4	11

[block]
# block no. 1 follows, 19 sequences, length 65
# corresponding to MSA columns:
# 94-158
name=unknown_B
#
# <colnr> <probs for GDERKNQSTAVLIFYWHMCP>
#	G	D	E	R	K	N	Q	S	T	A	V	L	I	F	Y	W	H	M	C	P
0	0.18487	0.02150	0.02173	0.10339	0.10941	0.12984	0.01621	0.11093	0.02243	0.03242	0.02203	0.14341	0.02106	0.01258	0.00849	0.00285	0.00979	0.01019	0.00606	0.01083
1	0.02503	0.03200	0.33092	0.02957	0.16920	0.01878	0.02628	0.03235	0.02108	0.19629	0.02154	0.02282	0.01497	0.00909	0.00872	0.00278	0.01108	0.00758	0.00594	0.01399
2	0.02041	0.03160	0.28558	0.04275	0.38542	0.02106	0.02977	0.02782	0.01976	0.02886	0.01651	0.02080	0.01300	0.00819	0.00871	0.00273	0.01170	0.00741	0.00416	0.01378
3	0.02149	0.02309	0.04682	0.04394	0.25789	0.02213	0.39093	0.02822	0.02085	0.02886	0.01764	0.02341	0.01379	0.00770	0.00994	0.00289	0.01347	0.00962	0.00449	0.01283
4	0.03311	0.03508	0.02477	0.02167	0.02664	0.44357	0.01669	0.09555	0.05614	0.10356	0.01837	0.01952	0.01405	0.01006	0.00934	0.00252	0.04492	0.00673	0.00607	0.01165
5	0.02080	0.02833	0.20029	0.04161	0.38157	0.05443	0.02706	0.02717	0.01972	0.02786	0.01706	0.02203	0.01394	0.01322	0.06336	0.00369	0.01278	0.00761	0.00429	0.01318
6	0.01713	0.01100	0.01592	0.01457	0.01767	0.01032	0.05418	0.01997	0.01915	0.13118	0.04920	0.24572	0.17636	0.03002	0.13847	0.00544	0.00997	0.01668	0.00780	0.00925
7	0.01875	0.03677	0.41895	0.02745	0.08488	0.02265	0.02886	0.02638	0.01758	0.02653	0.01493	0.01935	0.01169	0.01043	0.01429	0.00312	0.19410	0.00706	0.00387	0.01235
8	0.02697	0.18945	0.03071	0.08788	0.08038	0.33832	0.01798	0.03010	0.02164	0.02233	0.01473	0.01845	0.01260	0.01312	0.05651	0.00323	0.01428	0.00623	0.00436	0.01073
9	0.01160	0.00902	0.01001	0.00981	0.01204	0.00800	0.00702	0.01402	0.02050	0.02631	0.23205	0.07575	0.36708	0.13818	0.01673	0.00396	0.00517	0.01708	0.00824	0.00743
10	0.01324	0.00955	0.01053	0.01002	0.01316	0.00816	0.00761	0.01599	0.02178	0.07305	0.19330	0.07801	0.47186	0.02090	0.01045	0.00296	0.00470	0.01759	0.00883	0.00831
11	0.03109	0.06541	0.02636	0.13406	0.03270	0.30037	0.01785	0.13597	0.02671	0.11822	0.01865	0.02046	0.01382	0.00963	0.00839	0.00254	0.01266	0.00698	0.00619	0.01194
12	0.02753	0.02280	0.02513	0.05630	0.15168	0.11968	0.01788	0.06970	0.23542	0.13906	0.02683	0.02672	0.01981	0.01040	0.00885	0.00277	0.00971	0.00857	0.00752	0.01361
13	0.03020	0.01303	0.01758	0.01423	0.01941	0.01145	0.01145	0.03393	0.02550	0.41886	0.24867	0.04361	0.04467	0.01368	0.00956	0.00278	0.00639	0.01160	0.01063	0.01277
14	0.01976	0.03428	0.33396	0.03296	0.11506	0.02154	0.22215	0.02930	0.04972	0.02901	0.01787	0.02180	0.01325	0.00829	0.00927	0.00288	0.01322	0.00829	0.00438	0.01300
15	0.01833	0.03994	0.49405	0.02502	0.03511	0.02235	0.02986	0.02672	0.01766	0.02672	0.01503	0.01905	0.01143	0.01020	0.01345	0.00309	0.16888	0.00690	0.00381	0.01241
16	0.01107	0.00796	0.01022	0.01195	0.01261	0.00742	0.00793	0.01254	0.01700	0.02243	0.05051	0.57750	0.09985	0.08805	0.01449	0.00405	0.00546	0.02379	0.00804	0.00712
17	0.01082	0.00809	0.01007	0.01165	0.01276	0.00733	0.00795	0.01255	0.01790	0.02315	0.05911	0.53888	0.19371	0.02675	0.01122	0.00349	0.00503	0.02388	0.00831	0.00733
18	0.01732	0.01662	0.02729	0.22367	0.03654	0.02060	0.09116	0.02152	0.01610	0.02265	0.01674	0.02518	0.01455	0.02475	0.16793	0.00599	0.22885	0.00862	0.00422	0.00969
19	0.01887	0.02033	0.01503	0.01400	0.01772	0.20886	0.01058	0.04925	0.02302	0.02507	0.06323	0.06105	0.40396	0.01787	0.00971	0.00278	0.00842	0.01425	0.00719	0.00881
20	0.01057	0.00906	0.00906	0.00906	0.01208	0.00755	0.00680	0.01284	0.02039	0.02417	0.09063	0.08610	0.62615	0.02266	0.01057	0.00302	0.00453	0.01888	0.00831	0.00755
21	0.02697	0.27953	0.20261	0.01922	0.02801	0.07095	0.02006	0.07483	0.02220	0.14880	0.01880	0.01950	0.01386	0.00892	0.00757	0.00243	0.01069	0.00645	0.00571	0.01292
22	0.02131	0.27784	0.39130	0.02129	0.03216	0.02565	0.02555	0.02860	0.01900	0.05873	0.01579	0.01788	0.01197	0.00833	0.00753	0.00250	0.01159	0.00608	0.00419	0.01270
23	0.02852	0.03480	0.02275	0.02099	0.02489	0.49816	0.01584	0.03104	0.02275	0.02163	0.01623	0.02065	0.01410	0.02295	0.16042	0.00517	0.01799	0.00667	0.00465	0.00981
24	0.02215	0.02115	0.03545	0.05295	0.59735	0.02131	0.02675	0.02853	0.05209	0.02967	0.01788	0.02274	0.01487	0.00819	0.00887	0.00268	0.01044	0.00809	0.00468	0.01417
25	0.03018	0.03394	0.02871	0.02413	0.02896	0.37435	0.07604	0.13916	0.02630	0.02902	0.01538	0.01847	0.01246	0.01032	0.01173	0.00269	0.11449	0.00699	0.00531	0.01137
26	0.01844	0.03193	0.34197	0.03210	0.20360	0.01882	0.02773	0.02612	0.01965	0.02828	0.02254	0.03622	0.02017	0.01159	0.00937	0.00304	0.01148	0.11959	0.00486	0.01250
27	0.01195	0.00847	0.01128	0.01314	0.01397	0.00813	0.00946	0.01396	0.01754	0.02322	0.04672	0.47979	0.05466	0.09352	0.01508	0.00426	0.00626	0.15330	0.00800	0.00731
28	0.01648	0.01211	0.01427	0.01396	0.01642	0.01224	0.01023	0.15222	0.02397	0.03188	0.08870	0.41918	0.10772	0.02268	0.01068	0.00329	0.00616	0.01998	0.00857	0.00927
29	0.29594	0.18599	0.21614	0.01719	0.02572	0.02340	0.01854	0.02836	0.01785	0.07727	0.01531	0.01705	0.01157	0.00842	0.00677	0.00259	0.00956	0.00569	0.00501	0.01163
30	0.02188	0.02654	0.08154	0.02898	0.06202	0.15239	0.24424	0.02711	0.01987	0.02513	0.01738	0.02344	0.01437	0.01929	0.12435	0.00493	0.08244	0.00868	0.00447	0.01095
31	0.02293	0.02749	0.14730	0.11244	0.09252	0.14952	0.02122	0.05315	0.02066	0.06999	0.01847	0.02326	0.01471	0.01993	0.12556	0.00486	0.05202	0.00760	0.00500	0.01137
32	0.02322	0.02378	0.01965	0.01791	0.02249	0.18971	0.01371	0.03823	0.34969	0.03088	0.03984	0.03799	0.12851	0.01320	0.00908	0.00283	0.00909	0.01048	0.00775	0.01197
33	0.08035	0.02144	0.07436	0.02017	0.07378	0.05025	0.01592	0.07803	0.11513	0.20092	0.02462	0.02428	0.01761	0.00955	0.00818	0.00249	0.00862	0.00760	0.00755	0.15915
34	0.02224	0.03573	0.28864	0.08035	0.21789	0.14663	0.02760	0.02915	0.02056	0.02692	0.01583	0.01969	0.01228	0.00852	0.00855	0.00268	0.01292	0.00695	0.00416	0.01270
35	0.02362	0.03255	0.23037	0.08178	0.06938	0.10023	0.12439	0.13621	0.02443	0.03249	0.01718	0.02053	0.01278	0.00876	0.00886	0.00270	0.01270	0.00759	0.00511	0.04834
36	0.01511	0.01358	0.01766	0.08061	0.02167	0.04743	0.01368	0.01756	0.01627	0.02207	0.03018	0.29579	0.03343	0.02981	0.13996	0.00566	0.16976	0.01535	0.00594	0.00844
37	0.71088	0.01880	0.04561	0.01248	0.01841	0.02011	0.01090	0.02640	0.01542	0.03953	0.01264	0.01476	0.00977	0.00831	0.00569	0.00277	0.00725	0.00494	0.00545	0.00987
38	0.01106	0.00785	0.01033	0.01225	0.01273	0.00737	0.00809	0.01250	0.01682	0.02242	0.04770	0.63249	0.05714	0.07805	0.01401	0.00402	0.00546	0.02449	0.00809	0.00713
39	0.02412	0.03112	0.13875	0.03825	0.30741	0.18710	0.02499	0.02920	0.02076	0.02638	0.01540	0.01973	0.01274	0.00915	0.01061	0.00272	0.07755	0.00714	0.00431	0.01257
40	0.01941	0.01327	0.01538	0.01401	0.01796	0.01340	0.01099	0.02967	0.20824	0.12248	0.18888	0.05779	0.17836	0.01675	0.01000	0.00302	0.00599	0.05403	0.00933	0.01103
41	0.02257	0.03971	0.35610	0.03162	0.17085	0.17011	0.02804	0.02989	0.02076	0.02701	0.01570	0.01898	0.01203	0.00855	0.00848	0.00267	0.01332	0.00672	0.00412	0.01276
42	0.02425	0.01808	0.01945	0.01650	0.02181	0.01950	0.01311	0.19147	0.26496	0.09051	0.04506	0.04235	0.16563	0.01416	0.00940	0.00291	0.00728	0.01153	0.00904	0.01297
43	0.01845	0.10121	0.58876	0.02463	0.03738	0.02202	0.03154	0.02820	0.01883	0.02771	0.01575	0.01850	0.01135	0.00843	0.00826	0.00275	0.01291	0.00646	0.00378	0.01307
44	0.01059	0.00899	0.00914	0.00926	0.01213	0.00754	0.00688	0.01282	0.02021	0.02409	0.08828	0.11982	0.59394	0.02296	0.01062	0.00306	0.00457	0.01925	0.00831	0.00754
45	0.01293	0.00999	0.01156	0.01206	0.01454	0.00930	0.00942	0.04356	0.02068	0.02589	0.06693	0.16274	0.33772	0.06095	0.01305	0.00369	0.00609	0.16278	0.00816	0.00796
46	0.03342	0.04264	0.02535	0.02305	0.02766	0.64967	0.01729	0.03572	0.02535	0.02190	0.01383	0.01613	0.01152	0.00922	0.00807	0.00230	0.01613	0.00576	0.00461	0.01037
47	0.16394	0.01582	0.01939	0.01532	0.02189	0.01489	0.01260	0.04078	0.05717	0.49703	0.03134	0.02781	0.02025	0.01065	0.00839	0.00278	0.00746	0.00833	0.00999	0.01419
48	0.03342	0.04264	0.02535	0.02305	0.02766	0.64967	0.01729	0.03572	0.02535	0.02190	0.01383	0.01613	0.01152	0.00922	0.00807	0.00230	0.01613	0.00576	0.00461	0.01037
49	0.02392	0.69097	0.04688	0.01531	0.02296	0.03540	0.01531	0.02679	0.01818	0.02105	0.01244	0.01435	0.01148	0.00765	0.00574	0.00191	0.00957	0.00478	0.00383	0.01148
50	0.01859	0.07565	0.55891	0.02751	0.08831	0.02153	0.03171	0.02818	0.01898	0.02805	0.01594	0.01894	0.01158	0.00841	0.00840	0.00277	0.01282	0.00664	0.00384	0.01322
51	0.03345	0.04174	0.02543	0.02292	0.02766	0.61799	0.01727	0.06447	0.02620	0.02365	0.01422	0.01641	0.01171	0.00930	0.00811	0.00232	0.01581	0.00588	0.00483	0.01062
52	0.01248	0.00914	0.01171	0.01107	0.01326	0.00837	0.00830	0.01654	0.02490	0.03488	0.57952	0.06847	0.13058	0.01866	0.01055	0.00283	0.00425	0.01641	0.00972	0.00837
53	0.01287	0.00926	0.01178	0.01315	0.01423	0.00901	0.00905	0.06252	0.01925	0.02570	0.04694	0.62366	0.05543	0.02656	0.01121	0.00355	0.00559	0.02395	0.00836	0.00794
54	0.03143	0.03887	0.02728	0.02866	0.13371	0.53898	0.01908	0.03427	0.02448	0.02319	0.01436	0.01719	0.01199	0.00900	0.00821	0.00237	0.01516	0.00615	0.00458	0.01104
55	0.01088	0.00788	0.01029	0.01221	0.01291	0.00729	0.00820	0.01248	0.01737	0.02293	0.05231	0.63662	0.10037	0.02764	0.01136	0.00359	0.00514	0.02496	0.00831	0.00729
56	0.01090	0.00779	0.01038	0.01246	0.01298	0.00727	0.00830	0.01246	0.01713	0.02284	0.04931	0.67975	0.05917	0.02803	0.01142	0.00363	0.00519	0.02543	0.00830	0.00727
57	0.01090	0.00779	0.01038	0.01246	0.01298	0.00727	0.00830	0.01246	0.01713	0.02284	0.04931	0.67975	0.05917	0.02803	0.01142	0.00363	0.00519	0.02543	0.00830	0.00727
58	0.02976	0.09233	0.02712	0.02442	0.08676	0.45519	0.01733	0.05956	0.02467	0.02440	0.02022	0.02217	0.05872	0.01006	0.00818	0.00238	0.01383	0.00701	0.00502	0.01087
59	0.11872	0.03230	0.02447	0.05173	0.02808	0.33123	0.01664	0.22677	0.02949	0.03592	0.01638	0.01814	0.01258	0.00962	0.00811	0.00252	0.01268	0.00654	0.00617	0.01192
60	0.02166	0.07587	0.12546	0.04759	0.49701	0.02226	0.02735	0.02753	0.01999	0.02847	0.01638	0.02107	0.01355	0.00802	0.00857	0.00263	0.01093	0.00753	0.00429	0.01383
61	0.02496	0.22693	0.20040	0.02061	0.02851	0.18937	0.02060	0.08653	0.02238	0.02682	0.01555	0.01830	0.01262	0.01293	0.05425	0.00325	0.01337	0.00622	0.00460	0.01179
62	0.02482	0.33963	0.03803	0.02765	0.19109	0.12691	0.01884	0.05354	0.02080	0.02501	0.01485	0.01815	0.01294	0.01111	0.03950	0.00284	0.01163	0.00621	0.00439	0.01204
63	0.08938	0.03349	0.35570	0.02138	0.03080	0.02071	0.02386	0.08872	0.13224	0.03361	0.02250	0.06947	0.01804	0.01081	0.00859	0.00291	0.01054	0.00861	0.00580	0.01283
64	0.01775	0.01495	0.01542	0.01508	0.01791	0.05959	0.01109	0.09725	0.13961	0.03014	0.04473	0.35820	0.10084	0.02073	0.01031	0.00323	0.00690	0.01805	0.00828	0.00992

[dist]
# distance from previous block
# <min> <max>
1	3

[block]
# block no. 2 follows, 19 sequences, length 28
# corresponding to MSA columns:
# 162-189
name=unknown_C
#
# <colnr> <probs for GDERKNQSTAVLIFYWHMCP>
#	G	D	E	R	K	N	Q	S	T	A	V	L	I	F	Y	W	H	M	C	P
0	0.06221	0.02745	0.10384	0.14589	0.30816	0.14731	0.02468	0.02838	0.02050	0.02715	0.01574	0.02042	0.01267	0.00847	0.00849	0.00267	0.01207	0.00719	0.00437	0.01233
1	0.06360	0.02907	0.23555	0.03504	0.27183	0.02122	0.02563	0.03172	0.13890	0.03122	0.02025	0.02285	0.01559	0.00901	0.00859	0.00280	0.01057	0.00776	0.00521	0.01358
2	0.06770	0.01982	0.03273	0.18648	0.46511	0.02088	0.02574	0.02637	0.01949	0.02852	0.01634	0.02203	0.01339	0.00821	0.00866	0.00274	0.01068	0.00777	0.00440	0.01295
3	0.02233	0.08106	0.03377	0.03985	0.37978	0.06546	0.05262	0.02706	0.02021	0.02794	0.01611	0.02041	0.01353	0.00774	0.00817	0.00232	0.01036	0.00713	0.00457	0.15961
4	0.16459	0.01487	0.01947	0.02346	0.16993	0.01604	0.01413	0.05785	0.01755	0.02836	0.02059	0.03178	0.01944	0.16708	0.19074	0.00714	0.01306	0.00885	0.00525	0.00981
5	0.02657	0.01816	0.02043	0.01686	0.02225	0.01933	0.01350	0.23241	0.17881	0.13323	0.14985	0.03806	0.06412	0.01324	0.00939	0.00283	0.00743	0.01087	0.00945	0.01322
6	0.03214	0.01548	0.01994	0.01493	0.02223	0.01270	0.01220	0.03579	0.02299	0.41098	0.02810	0.02604	0.01885	0.00942	0.00812	0.00223	0.00725	0.00763	0.00893	0.28405
7	0.01855	0.01590	0.01855	0.01325	0.02120	0.01193	0.01060	0.02253	0.01855	0.02915	0.01590	0.01855	0.01325	0.00663	0.00663	0.00133	0.00663	0.00530	0.00530	0.74028
8	0.01169	0.00911	0.01061	0.01024	0.01277	0.00803	0.00768	0.01500	0.02303	0.03043	0.37662	0.07579	0.33625	0.02032	0.01056	0.00291	0.00437	0.01744	0.00913	0.00803
9	0.01057	0.00906	0.00906	0.00906	0.01208	0.00755	0.00680	0.01284	0.02039	0.02417	0.09063	0.08610	0.62615	0.02266	0.01057	0.00302	0.00453	0.01888	0.00831	0.00755
10	0.01158	0.00878	0.01073	0.01131	0.01321	0.00793	0.00831	0.01436	0.02090	0.02751	0.23739	0.26469	0.24523	0.02313	0.01096	0.00323	0.00490	0.05930	0.00877	0.00778
11	0.01521	0.01190	0.01423	0.01383	0.01676	0.01219	0.01091	0.02450	0.17170	0.03323	0.30583	0.06727	0.11930	0.01849	0.01055	0.00315	0.00578	0.12625	0.00918	0.00975
12	0.01171	0.00838	0.01129	0.01251	0.01322	0.00848	0.00857	0.01343	0.01578	0.02144	0.03957	0.41860	0.04567	0.14281	0.17737	0.00714	0.01046	0.01947	0.00696	0.00715
13	0.01992	0.01671	0.01929	0.01390	0.02178	0.01332	0.01117	0.07358	0.02063	0.03156	0.01639	0.01881	0.01342	0.00699	0.00683	0.00145	0.00691	0.00554	0.00562	0.67618
14	0.02112	0.02413	0.05279	0.03771	0.04676	0.02262	0.59729	0.02866	0.02112	0.02866	0.01810	0.02413	0.01357	0.00754	0.01056	0.00302	0.01508	0.01056	0.00452	0.01207
15	0.01871	0.01648	0.01994	0.01486	0.02156	0.01435	0.01201	0.02237	0.01779	0.02796	0.01525	0.01871	0.01301	0.00804	0.01019	0.00173	0.11048	0.00570	0.00508	0.62578
16	0.01090	0.00779	0.01038	0.01246	0.01298	0.00727	0.00830	0.01246	0.01713	0.02284	0.04931	0.67975	0.05917	0.02803	0.01142	0.00363	0.00519	0.02543	0.00830	0.00727
17	0.02938	0.02276	0.02424	0.01965	0.02598	0.02558	0.01589	0.38262	0.26692	0.04892	0.02735	0.02616	0.01997	0.01129	0.00901	0.00282	0.00876	0.00887	0.00901	0.01480
18	0.02703	0.07112	0.15038	0.13181	0.03541	0.38561	0.02165	0.03161	0.02243	0.02331	0.01456	0.01791	0.01155	0.00895	0.00819	0.00251	0.01451	0.00626	0.00430	0.01093
19	0.02086	0.16182	0.20082	0.03017	0.04000	0.02468	0.33849	0.02820	0.01997	0.02707	0.01646	0.02086	0.01259	0.00781	0.00908	0.00275	0.01352	0.00841	0.00420	0.01224
20	0.01794	0.04628	0.63923	0.02550	0.03872	0.02078	0.03305	0.02833	0.01889	0.02833	0.01606	0.01889	0.01133	0.00850	0.00850	0.00283	0.01322	0.00661	0.00378	0.01322
21	0.01354	0.01026	0.01214	0.01279	0.01470	0.01002	0.00910	0.06655	0.05521	0.02695	0.05492	0.45653	0.17460	0.02441	0.01088	0.00338	0.00557	0.02159	0.00841	0.00844
22	0.01191	0.00874	0.01042	0.01134	0.01261	0.00817	0.00794	0.01358	0.01733	0.02219	0.05415	0.26097	0.20315	0.21340	0.02104	0.00497	0.00644	0.09722	0.00747	0.00696
23	0.01391	0.06124	0.07168	0.01530	0.01829	0.01350	0.01323	0.01761	0.01522	0.02159	0.02407	0.07367	0.02298	0.05517	0.50645	0.01178	0.02078	0.01000	0.00486	0.00865
24	0.01278	0.00959	0.01438	0.01438	0.01598	0.01118	0.01118	0.01598	0.01438	0.02077	0.02396	0.03515	0.02237	0.06710	0.65013	0.01438	0.02396	0.00959	0.00479	0.00799
25	0.02248	0.04273	0.41412	0.02788	0.09673	0.18776	0.02829	0.03020	0.02076	0.02672	0.01554	0.01849	0.01168	0.00864	0.00842	0.00267	0.01373	0.00653	0.00407	0.01256
26	0.02441	0.02556	0.03411	0.04850	0.50866	0.14766	0.02541	0.02912	0.02137	0.02775	0.01622	0.02093	0.01364	0.00822	0.00870	0.00259	0.01174	0.00753	0.00446	0.01341
27	0.01278	0.00959	0.01438	0.01438	0.01598	0.01118	0.01118	0.01598	0.01438	0.02077	0.02396	0.03515	0.02237	0.06710	0.65013	0.01438	0.02396	0.00959	0.00479	0.00799

[dist]
# distance from previous block
# <min> <max>
0	1

[block]
# block no. 3 follows, 19 sequences, length 9
# corresponding to MSA columns:
# 191-199
name=unknown_D
#
# <colnr> <probs for GDERKNQSTAVLIFYWHMCP>
#	G	D	E	R	K	N	Q	S	T	A	V	L	I	F	Y	W	H	M	C	P
0	0.01791	0.10793	0.10501	0.01909	0.02276	0.02209	0.01754	0.02150	0.01689	0.02417	0.07601	0.03026	0.07456	0.01822	0.06842	0.00405	0.29644	0.00905	0.00495	0.04315
1	0.01143	0.00801	0.01022	0.01178	0.01216	0.00762	0.00758	0.01260	0.01609	0.02145	0.04397	0.52278	0.05244	0.19418	0.02004	0.00491	0.00607	0.02229	0.00758	0.00680
2	0.01827	0.01467	0.02208	0.02964	0.26012	0.01409	0.01737	0.02229	0.02081	0.07102	0.04650	0.06034	0.19593	0.01649	0.01022	0.00313	0.00810	0.15107	0.00695	0.01091
3	0.14572	0.02743	0.21569	0.13033	0.25698	0.02070	0.02571	0.02683	0.01865	0.02988	0.01570	0.02009	0.01219	0.00834	0.00819	0.00278	0.01098	0.00701	0.00435	0.01247
4	0.16375	0.14329	0.02675	0.01952	0.02498	0.38863	0.01554	0.07246	0.02349	0.02756	0.01389	0.01592	0.01144	0.00890	0.00728	0.00235	0.01291	0.00559	0.00496	0.01077
5	0.01576	0.11632	0.05811	0.02061	0.13307	0.01532	0.01413	0.01956	0.02077	0.02756	0.18373	0.12285	0.18565	0.01634	0.00949	0.00279	0.00697	0.01406	0.00700	0.00992
6	0.02226	0.02218	0.03400	0.14423	0.49542	0.07182	0.02624	0.02743	0.02040	0.02767	0.01645	0.02191	0.01362	0.00822	0.00881	0.00268	0.01127	0.00779	0.00437	0.01323
7	0.02353	0.02686	0.06689	0.06921	0.28198	0.16390	0.02344	0.02768	0.01964	0.02532	0.01481	0.02006	0.01270	0.01022	0.01369	0.00291	0.17354	0.00736	0.00428	0.01197
8	0.02225	0.01922	0.02023	0.01821	0.02326	0.02225	0.01416	0.04754	0.61361	0.03742	0.03641	0.03338	0.02731	0.01214	0.00910	0.00303	0.00708	0.01011	0.00910	0.01416

[dist]
# distance from previous block
# <min> <max>
0	2

[block]
# block no. 4 follows, 19 sequences, length 31
# corresponding to MSA columns:
# 202-232
name=unknown_E
#
# <colnr> <probs for GDERKNQSTAVLIFYWHMCP>
#	G	D	E	R	K	N	Q	S	T	A	V	L	I	F	Y	W	H	M	C	P
0	0.02178	0.02134	0.03422	0.15566	0.50668	0.05000	0.02655	0.02707	0.02018	0.02782	0.01653	0.02215	0.01367	0.00819	0.00884	0.00270	0.01110	0.00787	0.00436	0.01329
1	0.02936	0.03547	0.02406	0.02102	0.02602	0.47375	0.01603	0.03200	0.02314	0.02340	0.01412	0.01687	0.01190	0.00911	0.00919	0.00221	0.05798	0.00580	0.00471	0.16386
2	0.01090	0.00779	0.01038	0.01246	0.01298	0.00727	0.00830	0.01246	0.01713	0.02284	0.04931	0.67975	0.05917	0.02803	0.01142	0.00363	0.00519	0.02543	0.00830	0.00727
3	0.01090	0.00779	0.01038	0.01246	0.01298	0.00727	0.00830	0.01246	0.01713	0.02284	0.04931	0.67975	0.05917	0.02803	0.01142	0.00363	0.00519	0.02543	0.00830	0.00727
4	0.01102	0.00784	0.01034	0.01230	0.01279	0.00735	0.00814	0.01249	0.01689	0.02252	0.04807	0.64343	0.05761	0.06647	0.01341	0.00393	0.00539	0.02471	0.00814	0.00716
5	0.02104	0.02013	0.03432	0.18305	0.51027	0.02097	0.02691	0.02649	0.01985	0.02789	0.01663	0.02250	0.01370	0.00818	0.00888	0.00273	0.01090	0.00797	0.00433	0.01328
6	0.01245	0.00914	0.01166	0.01103	0.01324	0.00835	0.00827	0.01647	0.02482	0.03469	0.57075	0.06879	0.13947	0.01873	0.01055	0.00283	0.00425	0.01645	0.00969	0.00835
7	0.06448	0.01875	0.02112	0.01687	0.02295	0.01950	0.01373	0.26796	0.08763	0.21117	0.07170	0.03424	0.08453	0.01254	0.00908	0.00279	0.00792	0.00998	0.00939	0.01365
8	0.01435	0.01190	0.01740	0.01649	0.01772	0.01494	0.01313	0.01726	0.01422	0.02095	0.02113	0.03154	0.01990	0.05518	0.50625	0.01195	0.17352	0.00918	0.00459	0.00840
9	0.01214	0.00831	0.01002	0.01088	0.01109	0.00809	0.00662	0.01278	0.01472	0.01962	0.03695	0.31613	0.04357	0.41292	0.03139	0.00658	0.00723	0.01816	0.00662	0.00619
10	0.02289	0.03807	0.46866	0.02546	0.07506	0.01920	0.02849	0.03149	0.02040	0.15621	0.02015	0.02154	0.01380	0.00901	0.00863	0.00281	0.01187	0.00720	0.00536	0.01371
11	0.02161	0.02071	0.03535	0.11682	0.57204	0.02112	0.02719	0.02699	0.02012	0.02858	0.01673	0.02232	0.01394	0.00807	0.00887	0.00269	0.01076	0.00797	0.00438	0.01374
12	0.01086	0.00794	0.01022	0.01205	0.01287	0.00730	0.00812	0.01250	0.01752	0.02300	0.05428	0.60841	0.12730	0.02738	0.01132	0.00356	0.00511	0.02465	0.00831	0.00730
13	0.10697	0.01724	0.02043	0.01618	0.02244	0.01716	0.01328	0.18243	0.02778	0.34780	0.03213	0.03029	0.05687	0.01499	0.04945	0.00350	0.00897	0.00899	0.00939	0.01372
14	0.01987	0.06523	0.32231	0.03129	0.15577	0.06060	0.10039	0.02726	0.01970	0.02734	0.01896	0.07533	0.01623	0.00992	0.00892	0.00281	0.01227	0.00883	0.00444	0.01250
15	0.01057	0.00906	0.00906	0.00906	0.01208	0.00755	0.00680	0.01284	0.02039	0.02417	0.09063	0.08610	0.62615	0.02266	0.01057	0.00302	0.00453	0.01888	0.00831	0.00755
16	0.02182	0.02079	0.03470	0.09068	0.55572	0.02123	0.02645	0.02844	0.05789	0.02935	0.01801	0.02296	0.01487	0.00830	0.00888	0.00270	0.01048	0.00811	0.00470	0.01391
17	0.03401	0.02506	0.02685	0.02058	0.02774	0.02774	0.01700	0.59995	0.04206	0.05638	0.02148	0.02148	0.01521	0.01074	0.00895	0.00268	0.00984	0.00805	0.00895	0.01521
18	0.01830	0.01688	0.02505	0.15766	0.26344	0.01781	0.01963	0.02640	0.12103	0.02813	0.03801	0.04001	0.16540	0.01246	0.00934	0.00287	0.00879	0.01100	0.00608	0.01172
19	0.03278	0.03953	0.02618	0.02476	0.06482	0.54770	0.01788	0.09255	0.02674	0.02585	0.01479	0.01705	0.01206	0.00930	0.00821	0.00237	0.01515	0.00613	0.00504	0.01110
20	0.02214	0.02126	0.03631	0.05491	0.62978	0.02126	0.02746	0.02746	0.02037	0.02923	0.01683	0.02214	0.01417	0.00797	0.00886	0.00266	0.01063	0.00797	0.00443	0.01417
21	0.02516	0.02198	0.02649	0.13867	0.22495	0.14506	0.01991	0.02952	0.02252	0.12755	0.10507	0.02890	0.02450	0.01036	0.00897	0.00268	0.01056	0.00885	0.00625	0.01205
22	0.01794	0.04628	0.63923	0.02550	0.03872	0.02078	0.03305	0.02833	0.01889	0.02833	0.01606	0.01889	0.01133	0.00850	0.00850	0.00283	0.01322	0.00661	0.00378	0.01322
23	0.03667	0.01763	0.02116	0.01665	0.02321	0.04365	0.01359	0.11067	0.06367	0.47304	0.03517	0.03136	0.04800	0.01153	0.00903	0.00276	0.00810	0.00925	0.01028	0.01460
24	0.01395	0.01163	0.01249	0.01183	0.01516	0.01143	0.00900	0.02241	0.17025	0.03001	0.19190	0.06873	0.35950	0.01908	0.01020	0.00298	0.00510	0.01610	0.00884	0.00940
25	0.02380	0.19414	0.10677	0.03686	0.31983	0.11941	0.02354	0.02864	0.02040	0.02598	0.01519	0.01892	0.01278	0.00814	0.00792	0.00244	0.01149	0.00669	0.00423	0.01282
26	0.01794	0.04628	0.63923	0.02550	0.03872	0.02078	0.03305	0.02833	0.01889	0.02833	0.01606	0.01889	0.01133	0.00850	0.00850	0.00283	0.01322	0.00661	0.00378	0.01322
27	0.01363	0.00877	0.01109	0.01207	0.01373	0.00789	0.00845	0.01552	0.01863	0.08179	0.05674	0.49166	0.17592	0.02527	0.01101	0.00342	0.00528	0.02247	0.00857	0.00809
28	0.02470	0.03203	0.34825	0.02285	0.03297	0.01780	0.08265	0.03227	0.02160	0.21483	0.06304	0.02618	0.01978	0.00985	0.00900	0.00283	0.01109	0.00838	0.00649	0.01340
29	0.02157	0.17640	0.03057	0.02130	0.06191	0.11153	0.09627	0.05443	0.06155	0.02705	0.06442	0.03614	0.14600	0.01240	0.00965	0.00265	0.03919	0.01015	0.00594	0.01088
30	0.02805	0.01792	0.02040	0.01747	0.02313	0.01930	0.01383	0.04626	0.42315	0.23130	0.03605	0.03243	0.02564	0.01179	0.00907	0.00295	0.00725	0.00975	0.00974	0.01451

[dist]
# distance from previous block
# <min> <max>
0	4

[block]
# block no. 5 follows, 19 sequences, length 17
# corresponding to MSA columns:
# 237-244,247-255
name=unknown_F
#
# <colnr> <probs for GDERKNQSTAVLIFYWHMCP>
#	G	D	E	R	K	N	Q	S	T	A	V	L	I	F	Y	W	H	M	C	P
0	0.01860	0.04217	0.54527	0.02439	0.03637	0.02100	0.03019	0.03125	0.10916	0.02971	0.01915	0.02109	0.01376	0.00905	0.00859	0.00286	0.01229	0.00714	0.00459	0.01336
1	0.02199	0.02081	0.03476	0.13504	0.44425	0.02157	0.06553	0.05915	0.05321	0.03022	0.01810	0.02309	0.01458	0.00845	0.00901	0.00275	0.01089	0.00827	0.00487	0.01349
2	0.02498	0.01552	0.01654	0.01373	0.01814	0.01650	0.01100	0.25796	0.02862	0.07470	0.02637	0.02836	0.01975	0.01059	0.00750	0.00237	0.00666	0.00826	0.40096	0.01150
3	0.01467	0.01279	0.01305	0.01316	0.01589	0.04373	0.00963	0.02226	0.16281	0.02679	0.05932	0.27524	0.25396	0.02129	0.01038	0.00320	0.00597	0.01836	0.00831	0.00919
4	0.03313	0.02462	0.02635	0.02041	0.02741	0.02733	0.01679	0.55853	0.08492	0.05496	0.02260	0.02237	0.01612	0.01084	0.00896	0.00271	0.00964	0.00821	0.00896	0.01514
5	0.01723	0.01624	0.02744	0.62514	0.09794	0.01996	0.02501	0.02315	0.01805	0.02327	0.01596	0.02374	0.01207	0.00888	0.00894	0.00296	0.01184	0.00795	0.00400	0.01021
6	0.05388	0.01332	0.01979	0.17403	0.14495	0.01405	0.01641	0.01952	0.01918	0.02652	0.08115	0.18873	0.10626	0.01690	0.00995	0.00316	0.00807	0.06806	0.00650	0.00958
7	0.02275	0.02550	0.02973	0.05856	0.03010	0.20564	0.13014	0.02629	0.01887	0.02298	0.01566	0.02204	0.01366	0.01965	0.11263	0.00481	0.21845	0.00803	0.00437	0.01014
8	0.01746	0.01077	0.01267	0.01144	0.01507	0.00960	0.00884	0.02161	0.05148	0.14689	0.22455	0.06743	0.33052	0.01869	0.01019	0.00292	0.00517	0.01579	0.00931	0.00961
9	0.01057	0.00906	0.00906	0.00906	0.01208	0.00755	0.00680	0.01284	0.02039	0.02417	0.09063	0.08610	0.62615	0.02266	0.01057	0.00302	0.00453	0.01888	0.00831	0.00755
10	0.02335	0.30907	0.24807	0.02294	0.07154	0.13490	0.02266	0.02891	0.01981	0.02429	0.01424	0.01678	0.01162	0.00824	0.00732	0.00235	0.01204	0.00581	0.00399	0.01208
11	0.01910	0.17152	0.52416	0.02352	0.03566	0.02362	0.02961	0.02803	0.01875	0.02692	0.01535	0.01801	0.01136	0.00834	0.00796	0.00265	0.01251	0.00626	0.00379	0.01288
12	0.02207	0.01454	0.01995	0.02279	0.13769	0.01429	0.01516	0.02905	0.11142	0.16397	0.04312	0.09799	0.11302	0.01646	0.01013	0.00319	0.00767	0.13753	0.00828	0.01169
13	0.01090	0.00779	0.01038	0.01246	0.01298	0.00727	0.00830	0.01246	0.01713	0.02284	0.04931	0.67975	0.05917	0.02803	0.01142	0.00363	0.00519	0.02543	0.00830	0.00727
14	0.02131	0.04156	0.54535	0.02404	0.03631	0.01962	0.03003	0.03065	0.01991	0.12057	0.01898	0.02064	0.01297	0.00889	0.00858	0.00282	0.01237	0.00697	0.00489	0.01353
15	0.01794	0.04628	0.63923	0.02550	0.03872	0.02078	0.03305	0.02833	0.01889	0.02833	0.01606	0.01889	0.01133	0.00850	0.00850	0.00283	0.01322	0.00661	0.00378	0.01322
16	0.01096	0.00879	0.00980	0.01016	0.01248	0.00762	0.00739	0.01337	0.02041	0.02565	0.16246	0.21668	0.41641	0.02320	0.01076	0.00313	0.00463	0.01994	0.00854	0.00762

[dist]
# distance from previous block
# <min> <max>
3	4

[block]
# block no. 6 follows, 19 sequences, length 28
# corresponding to MSA columns:
# 260-287
name=unknown_G
#
# <colnr> <probs for GDERKNQSTAVLIFYWHMCP>
#	G	D	E	R	K	N	Q	S	T	A	V	L	I	F	Y	W	H	M	C	P
0	0.02390	0.02078	0.02224	0.01920	0.02316	0.08276	0.01535	0.19327	0.14743	0.03469	0.02297	0.02661	0.01865	0.02599	0.17532	0.00589	0.11461	0.00861	0.00673	0.01185
1	0.09735	0.01975	0.03297	0.14707	0.03864	0.02047	0.23482	0.03214	0.13867	0.08376	0.02217	0.02525	0.01634	0.00908	0.00914	0.00289	0.01102	0.00902	0.00605	0.04339
2	0.02131	0.02268	0.02318	0.21420	0.09672	0.20574	0.01906	0.02540	0.02118	0.02417	0.02860	0.04315	0.07427	0.01347	0.00954	0.00299	0.01162	0.12729	0.00550	0.00994
3	0.02180	0.10814	0.45157	0.02399	0.03485	0.15549	0.02799	0.02975	0.02019	0.02626	0.01523	0.01786	0.01139	0.00857	0.00814	0.00263	0.01348	0.00625	0.00396	0.01245
4	0.02692	0.48651	0.04009	0.01775	0.02444	0.22912	0.01593	0.02961	0.02044	0.02132	0.01288	0.01491	0.01149	0.00815	0.00647	0.00204	0.01164	0.00509	0.00407	0.01113
5	0.02234	0.02452	0.08862	0.05074	0.54789	0.05260	0.02744	0.02795	0.02049	0.02878	0.01661	0.02156	0.01379	0.00808	0.00879	0.00265	0.01113	0.00774	0.00438	0.01390
6	0.03342	0.04264	0.02535	0.02305	0.02766	0.64967	0.01729	0.03572	0.02535	0.02190	0.01383	0.01613	0.01152	0.00922	0.00807	0.00230	0.01613	0.00576	0.00461	0.01037
7	0.01829	0.01710	0.01591	0.01473	0.01878	0.08060	0.01127	0.03099	0.28737	0.03050	0.08646	0.05419	0.26538	0.01632	0.00965	0.00294	0.00686	0.01345	0.00836	0.01086
8	0.02171	0.02384	0.09866	0.05187	0.56866	0.02121	0.02804	0.02755	0.02022	0.02914	0.01675	0.02181	0.01388	0.00803	0.00882	0.00268	0.01090	0.00783	0.00436	0.01407
9	0.01919	0.01833	0.03056	0.36580	0.27807	0.02114	0.02535	0.02451	0.01844	0.02520	0.01586	0.02277	0.01278	0.00922	0.01089	0.00295	0.07528	0.00795	0.00415	0.01156
10	0.01090	0.00779	0.01038	0.01246	0.01298	0.00727	0.00830	0.01246	0.01713	0.02284	0.04931	0.67975	0.05917	0.02803	0.01142	0.00363	0.00519	0.02543	0.00830	0.00727
11	0.02181	0.02092	0.03572	0.09332	0.59396	0.02117	0.02729	0.02717	0.02021	0.02883	0.01677	0.02225	0.01403	0.00803	0.00886	0.00268	0.01071	0.00797	0.00440	0.01390
12	0.18003	0.15801	0.02709	0.10470	0.02873	0.13827	0.01597	0.13514	0.07601	0.03345	0.01695	0.01899	0.01326	0.00921	0.00744	0.00255	0.01034	0.00648	0.00576	0.01162
13	0.01794	0.04628	0.63923	0.02550	0.03872	0.02078	0.03305	0.02833	0.01889	0.02833	0.01606	0.01889	0.01133	0.00850	0.00850	0.00283	0.01322	0.00661	0.00378	0.01322
14	0.01834	0.01644	0.02614	0.56822	0.05607	0.02007	0.02354	0.07610	0.02028	0.02618	0.01818	0.02794	0.01444	0.00999	0.00914	0.00302	0.01153	0.03937	0.00467	0.01033
15	0.02370	0.27120	0.21577	0.01939	0.02797	0.05759	0.02031	0.03333	0.13849	0.08046	0.02039	0.02102	0.01554	0.00918	0.00764	0.00251	0.01033	0.00682	0.00554	0.01281
16	0.01294	0.00895	0.01116	0.01116	0.01165	0.00944	0.00717	0.01391	0.01343	0.01839	0.02690	0.05143	0.02943	0.49738	0.22951	0.01041	0.01333	0.01197	0.00523	0.00620
17	0.01090	0.00779	0.01038	0.01246	0.01298	0.00727	0.00830	0.01246	0.01713	0.02284	0.04931	0.67975	0.05917	0.02803	0.01142	0.00363	0.00519	0.02543	0.00830	0.00727
18	0.02806	0.06702	0.02717	0.02716	0.13489	0.34509	0.01822	0.03675	0.17303	0.02711	0.02002	0.02149	0.01600	0.00965	0.00835	0.00253	0.01250	0.00721	0.00567	0.01207
19	0.01822	0.02553	0.16500	0.02911	0.03774	0.01905	0.35525	0.02524	0.02050	0.02764	0.03305	0.03618	0.14294	0.01094	0.01014	0.00298	0.01246	0.01150	0.00517	0.01135
20	0.02214	0.02126	0.03631	0.05491	0.62978	0.02126	0.02746	0.02746	0.02037	0.02923	0.01683	0.02214	0.01417	0.00797	0.00886	0.00266	0.01063	0.00797	0.00443	0.01417
21	0.01285	0.01150	0.01501	0.14408	0.07614	0.01122	0.01222	0.01612	0.01989	0.02435	0.06922	0.06804	0.44966	0.01863	0.01010	0.00298	0.00654	0.01574	0.00710	0.00861
22	0.03011	0.03729	0.02565	0.15125	0.03445	0.52371	0.01880	0.03315	0.02386	0.02209	0.01424	0.01768	0.01160	0.00916	0.00824	0.00244	0.01529	0.00620	0.00448	0.01028
23	0.01245	0.00914	0.01166	0.01103	0.01323	0.00835	0.00827	0.01646	0.02481	0.03467	0.56979	0.06882	0.14044	0.01874	0.01055	0.00284	0.00425	0.01646	0.00969	0.00835
24	0.01090	0.00779	0.01038	0.01246	0.01298	0.00727	0.00830	0.01246	0.01713	0.02284	0.04931	0.67975	0.05917	0.02803	0.01142	0.00363	0.00519	0.02543	0.00830	0.00727
25	0.02365	0.02654	0.02225	0.09211	0.08886	0.30599	0.01626	0.02729	0.02402	0.02734	0.21486	0.03422	0.03575	0.01204	0.00906	0.00258	0.01120	0.00965	0.00624	0.01008
26	0.02000	0.02109	0.06610	0.07341	0.15864	0.02103	0.22364	0.02560	0.01891	0.02768	0.01790	0.02383	0.01441	0.00971	0.01300	0.00297	0.13736	0.00884	0.10439	0.01148
27	0.01886	0.01729	0.02816	0.04066	0.42749	0.01736	0.02116	0.02311	0.01891	0.02650	0.02643	0.03373	0.08019	0.07699	0.10007	0.00483	0.01165	0.00976	0.00497	0.01187

[dist]
# distance from previous block
# <min> <max>
0	38

# created by:
# /home/cegg/simao/soft/augustus-3.2.1/scripts/msa2prfl.pl ./align_prep/12498.fa
