[name]
unknown

[dist]
# distance from previous block
# <min> <max>
0	191

[block]
# block no. 0 follows, 21 sequences, length 147
# corresponding to MSA columns:
# 191-207,218-242,245-349
name=unknown_A
#
# <colnr> <probs for GDERKNQSTAVLIFYWHMCP>
#	G	D	E	R	K	N	Q	S	T	A	V	L	I	F	Y	W	H	M	C	P
0	0.01954	0.01984	0.02224	0.05899	0.06629	0.15507	0.04199	0.02295	0.01897	0.02340	0.02601	0.04959	0.02655	0.01588	0.01397	0.00331	0.15917	0.24146	0.00558	0.00921
1	0.01571	0.01417	0.01875	0.02494	0.23375	0.04691	0.01358	0.01824	0.01747	0.02266	0.03864	0.09107	0.18009	0.20587	0.01869	0.00426	0.00806	0.01254	0.00566	0.00894
2	0.01639	0.01124	0.01290	0.01241	0.01462	0.01159	0.00904	0.14306	0.02120	0.02977	0.03596	0.29583	0.06204	0.09917	0.04318	0.00398	0.00687	0.01529	0.14690	0.00856
3	0.01718	0.01794	0.01440	0.01505	0.01678	0.21667	0.01062	0.01889	0.01878	0.02144	0.03618	0.47920	0.04188	0.02097	0.00985	0.00305	0.00825	0.01824	0.00678	0.00785
4	0.01353	0.01077	0.01123	0.05489	0.01544	0.03869	0.00813	0.01552	0.01823	0.05673	0.06243	0.06630	0.40668	0.16485	0.01688	0.00398	0.00630	0.01497	0.00702	0.00743
5	0.01947	0.01093	0.01291	0.01149	0.01352	0.01078	0.00774	0.05416	0.04504	0.15703	0.02828	0.04685	0.02766	0.48149	0.03227	0.00647	0.00803	0.01116	0.00667	0.00807
6	0.01826	0.01222	0.01318	0.01186	0.01463	0.01279	0.00865	0.09965	0.12269	0.05927	0.03390	0.04289	0.08793	0.23159	0.01918	0.00433	0.00669	0.01065	0.18058	0.00906
7	0.01110	0.00771	0.00966	0.01092	0.01123	0.00740	0.00691	0.01204	0.01487	0.01983	0.03962	0.46344	0.04710	0.27113	0.02263	0.00519	0.00614	0.01991	0.00691	0.00628
8	0.02706	0.01675	0.01899	0.01527	0.01980	0.01750	0.01179	0.29785	0.02764	0.16937	0.02532	0.03378	0.02126	0.23606	0.01990	0.00443	0.00855	0.00939	0.00785	0.01143
9	0.01902	0.01181	0.01348	0.01193	0.01535	0.01139	0.00894	0.05659	0.09805	0.15326	0.08740	0.05466	0.23873	0.16193	0.01658	0.00394	0.00631	0.01307	0.00807	0.00949
10	0.01168	0.00803	0.00941	0.00996	0.01026	0.00782	0.00600	0.01222	0.01387	0.01833	0.03577	0.23646	0.07239	0.47389	0.03236	0.00661	0.00710	0.01600	0.00608	0.00576
11	0.01080	0.00759	0.00975	0.01130	0.01169	0.00720	0.00732	0.01196	0.01546	0.02061	0.04262	0.55905	0.05088	0.17034	0.01778	0.00448	0.00564	0.02167	0.00732	0.00654
12	0.01184	0.00930	0.01042	0.01040	0.01282	0.00845	0.00766	0.05059	0.02071	0.02640	0.16303	0.21917	0.37574	0.02137	0.01015	0.00296	0.00472	0.01837	0.00818	0.00771
13	0.01788	0.01008	0.01323	0.01310	0.01548	0.00944	0.00973	0.05097	0.02030	0.16019	0.10450	0.41135	0.04855	0.02117	0.01022	0.00318	0.00576	0.05712	0.00864	0.00911
14	0.02959	0.01849	0.02105	0.01720	0.02311	0.01972	0.01386	0.19340	0.28117	0.24070	0.03060	0.02790	0.02139	0.01087	0.00859	0.00272	0.00758	0.00877	0.00923	0.01406
15	0.01272	0.00922	0.01279	0.01279	0.01396	0.01050	0.00958	0.01522	0.01413	0.02071	0.02554	0.09914	0.02549	0.14023	0.41907	0.01027	0.05227	0.01081	0.07824	0.00732
16	0.02553	0.01954	0.02102	0.01704	0.02289	0.04922	0.01366	0.17692	0.22942	0.11097	0.02487	0.02433	0.01840	0.01001	0.00893	0.00244	0.03835	0.00776	0.00766	0.17106
17	0.01510	0.01069	0.01218	0.01171	0.01316	0.01091	0.00786	0.11556	0.01853	0.02461	0.03441	0.22818	0.06742	0.36093	0.02666	0.00567	0.00732	0.01514	0.00663	0.00733
18	0.01906	0.01495	0.01168	0.01122	0.01369	0.14847	0.00843	0.02260	0.01896	0.02877	0.02439	0.02833	0.01947	0.01252	0.04130	0.00265	0.00739	0.00747	0.55033	0.00833
19	0.03190	0.01445	0.01865	0.01514	0.02056	0.01341	0.01213	0.11891	0.02503	0.44376	0.03429	0.15802	0.02700	0.01364	0.00900	0.00278	0.00710	0.01149	0.00973	0.01300
20	0.02364	0.02301	0.15519	0.01795	0.02496	0.01868	0.01687	0.09831	0.27109	0.14164	0.03082	0.02930	0.05468	0.01081	0.00847	0.00269	0.00819	0.00878	0.00768	0.04723
21	0.01911	0.02811	0.23432	0.03397	0.19817	0.02148	0.16082	0.02558	0.01789	0.02603	0.01514	0.02005	0.01206	0.00903	0.01237	0.00288	0.13940	0.00771	0.00394	0.01195
22	0.02928	0.03580	0.02656	0.02902	0.17175	0.51547	0.01871	0.03214	0.02301	0.02246	0.01382	0.01668	0.01155	0.00849	0.00785	0.00227	0.01412	0.00597	0.00434	0.01071
23	0.02362	0.44047	0.15468	0.01794	0.02560	0.16598	0.01812	0.02757	0.01887	0.02149	0.01276	0.01482	0.01090	0.00775	0.00642	0.00206	0.01108	0.00507	0.00379	0.01101
24	0.01807	0.01615	0.02324	0.01760	0.02410	0.01418	0.12386	0.05348	0.06024	0.02849	0.02081	0.09197	0.01867	0.01187	0.03886	0.00255	0.00862	0.00863	0.00560	0.41299
25	0.14558	0.02349	0.02395	0.02551	0.16909	0.13295	0.01671	0.21354	0.06407	0.03658	0.02132	0.02278	0.04877	0.00969	0.00792	0.00254	0.00968	0.00747	0.00624	0.01212
26	0.01222	0.00841	0.01034	0.01045	0.01083	0.00874	0.00658	0.01301	0.01289	0.01754	0.02694	0.08432	0.03002	0.51617	0.18759	0.00927	0.01148	0.01224	0.00516	0.00582
27	0.01586	0.00793	0.00793	0.00793	0.00991	0.00793	0.00595	0.01983	0.01785	0.03173	0.02776	0.03173	0.02181	0.00991	0.00595	0.00198	0.00397	0.00793	0.74817	0.00793
28	0.02420	0.09068	0.03588	0.03685	0.29863	0.14397	0.14815	0.02882	0.02056	0.06767	0.01650	0.02019	0.01314	0.00789	0.00835	0.00248	0.01172	0.00748	0.00463	0.01219
29	0.02523	0.02484	0.03017	0.07181	0.36789	0.15385	0.02205	0.14433	0.02429	0.03115	0.01625	0.01985	0.01305	0.00839	0.00829	0.00248	0.01110	0.00717	0.00507	0.01273
30	0.02069	0.01780	0.01895	0.01713	0.02176	0.02061	0.01332	0.04364	0.59992	0.03477	0.03401	0.03184	0.02573	0.01430	0.04329	0.00345	0.00758	0.00959	0.00844	0.01316
31	0.01834	0.01831	0.02652	0.02250	0.02298	0.02504	0.04558	0.02051	0.01339	0.02075	0.01206	0.01960	0.01179	0.01713	0.06093	0.00421	0.61959	0.00765	0.00379	0.00932
32	0.01607	0.01513	0.02552	0.68047	0.05861	0.01891	0.02363	0.02174	0.01702	0.02174	0.01513	0.02269	0.01134	0.00851	0.00851	0.00284	0.01134	0.00756	0.00378	0.00945
33	0.76103	0.01646	0.01251	0.01119	0.01646	0.01909	0.00922	0.02502	0.01448	0.03818	0.01185	0.01382	0.00922	0.00790	0.00527	0.00263	0.00658	0.00461	0.00527	0.00922
34	0.01018	0.00863	0.00879	0.00875	0.01157	0.00724	0.00656	0.01245	0.01969	0.02368	0.12093	0.08076	0.60923	0.02129	0.01006	0.00286	0.00429	0.01780	0.00799	0.00724
35	0.01037	0.00741	0.00987	0.01185	0.01234	0.00691	0.00790	0.01185	0.01629	0.02172	0.04690	0.69537	0.05629	0.02666	0.01086	0.00346	0.00494	0.02419	0.00790	0.00691
36	0.02042	0.01956	0.03337	0.13360	0.57152	0.02005	0.02580	0.02555	0.01907	0.02702	0.01589	0.02127	0.01320	0.00770	0.00844	0.00257	0.01027	0.00758	0.00416	0.01296
37	0.01216	0.00912	0.01368	0.01368	0.01520	0.01064	0.01064	0.01520	0.01368	0.01976	0.02279	0.03343	0.02127	0.06382	0.66720	0.01368	0.02279	0.00912	0.00456	0.00760
38	0.01808	0.01787	0.02595	0.16259	0.03007	0.02454	0.01969	0.02075	0.01388	0.02075	0.01201	0.01949	0.01121	0.01353	0.02379	0.00353	0.54172	0.00747	0.00374	0.00934
39	0.02062	0.02145	0.04157	0.04490	0.37746	0.02080	0.29087	0.02663	0.01969	0.02756	0.01655	0.02191	0.01323	0.00740	0.00915	0.00268	0.01201	0.00869	0.00425	0.01258
40	0.02106	0.02022	0.03454	0.05223	0.64784	0.02022	0.02612	0.02612	0.01938	0.02780	0.01601	0.02106	0.01348	0.00758	0.00842	0.00253	0.01011	0.00758	0.00421	0.01348
41	0.02106	0.02022	0.03454	0.05223	0.64784	0.02022	0.02612	0.02612	0.01938	0.02780	0.01601	0.02106	0.01348	0.00758	0.00842	0.00253	0.01011	0.00758	0.00421	0.01348
42	0.17970	0.51460	0.07890	0.01449	0.02170	0.02963	0.01456	0.02548	0.01674	0.02436	0.01207	0.01398	0.01055	0.00747	0.00560	0.00205	0.00880	0.00468	0.00398	0.01067
43	0.02229	0.02857	0.17492	0.03497	0.30629	0.13982	0.02355	0.02770	0.01980	0.05209	0.01632	0.02004	0.01303	0.01064	0.03912	0.00298	0.01197	0.00689	0.00442	0.04460
44	0.02735	0.03360	0.03311	0.02839	0.07385	0.41820	0.20798	0.03132	0.02252	0.02334	0.01464	0.01815	0.01175	0.00818	0.00848	0.00243	0.01468	0.00707	0.00435	0.01062
45	0.06391	0.09837	0.56482	0.02262	0.03429	0.02090	0.02863	0.02671	0.01769	0.02706	0.01477	0.01734	0.01069	0.00801	0.00769	0.00262	0.01191	0.00604	0.00370	0.01223
46	0.01223	0.00884	0.01228	0.01228	0.01331	0.00988	0.00889	0.01430	0.01326	0.01872	0.02408	0.04052	0.02435	0.26680	0.46843	0.01195	0.01816	0.01016	0.00475	0.00682
47	0.01142	0.00844	0.00958	0.00952	0.01098	0.00778	0.00640	0.01316	0.01767	0.02306	0.19202	0.09699	0.25000	0.28021	0.02279	0.00491	0.00578	0.01553	0.00720	0.00659
48	0.02157	0.02000	0.01919	0.01711	0.02197	0.08800	0.01325	0.04099	0.50020	0.03296	0.03331	0.03126	0.05050	0.01134	0.00846	0.00270	0.00751	0.00924	0.00793	0.06251
49	0.01189	0.00858	0.01123	0.01081	0.01268	0.00792	0.00802	0.01566	0.02335	0.03296	0.58718	0.12306	0.07804	0.01827	0.01011	0.00275	0.00410	0.01622	0.00923	0.00792
50	0.03235	0.02384	0.02554	0.01958	0.02639	0.02639	0.01618	0.61946	0.04001	0.05363	0.02043	0.02043	0.01447	0.01022	0.00851	0.00255	0.00936	0.00766	0.00851	0.01447
51	0.03704	0.01519	0.02005	0.01549	0.02200	0.01370	0.01276	0.07401	0.05436	0.59052	0.03289	0.02862	0.02093	0.01056	0.00856	0.00264	0.00734	0.00856	0.01033	0.01443
52	0.01109	0.00861	0.01009	0.00982	0.01215	0.00761	0.00733	0.01418	0.02169	0.02866	0.37104	0.09635	0.33157	0.01962	0.01008	0.00280	0.00418	0.01688	0.00866	0.00761
53	0.01037	0.00741	0.00987	0.01185	0.01234	0.00691	0.00790	0.01185	0.01629	0.02172	0.04690	0.69537	0.05629	0.02666	0.01086	0.00346	0.00494	0.02419	0.00790	0.00691
54	0.02106	0.02022	0.03454	0.05223	0.64784	0.02022	0.02612	0.02612	0.01938	0.02780	0.01601	0.02106	0.01348	0.00758	0.00842	0.00253	0.01011	0.00758	0.00421	0.01348
55	0.03023	0.06853	0.02511	0.06482	0.02785	0.41262	0.01645	0.13970	0.05226	0.05989	0.01650	0.01807	0.01278	0.00915	0.00785	0.00233	0.01288	0.00630	0.00555	0.01112
56	0.05627	0.39694	0.08534	0.01759	0.02434	0.21674	0.01632	0.05652	0.02031	0.02318	0.01291	0.01482	0.01102	0.00795	0.00646	0.00207	0.01111	0.00511	0.00416	0.01084
57	0.02629	0.01721	0.01999	0.01802	0.04636	0.01852	0.01367	0.04335	0.42544	0.22148	0.03359	0.03050	0.02401	0.01109	0.00862	0.00280	0.00702	0.00922	0.00905	0.01378
58	0.01037	0.00741	0.00987	0.01185	0.01234	0.00691	0.00790	0.01185	0.01629	0.02172	0.04690	0.69537	0.05629	0.02666	0.01086	0.00346	0.00494	0.02419	0.00790	0.00691
59	0.05149	0.26885	0.41967	0.02038	0.03082	0.02448	0.02471	0.02636	0.01758	0.02508	0.01395	0.01631	0.01076	0.00780	0.00707	0.00239	0.01113	0.00562	0.00368	0.01186
60	0.01123	0.00783	0.00994	0.01129	0.01173	0.00753	0.00742	0.01241	0.01527	0.02032	0.04039	0.45175	0.04774	0.24079	0.02124	0.00501	0.00619	0.05850	0.00702	0.00642
61	0.01221	0.00891	0.01265	0.01265	0.01381	0.01008	0.00935	0.01454	0.01337	0.01899	0.02374	0.03864	0.02354	0.21291	0.52121	0.01241	0.01939	0.00988	0.00470	0.00703
62	0.01895	0.01806	0.03072	0.31822	0.39837	0.01966	0.02507	0.02427	0.01838	0.02524	0.01563	0.02175	0.01258	0.00797	0.00846	0.00266	0.01063	0.00757	0.00403	0.01178
63	0.76103	0.01646	0.01251	0.01119	0.01646	0.01909	0.00922	0.02502	0.01448	0.03818	0.01185	0.01382	0.00922	0.00790	0.00527	0.00263	0.00658	0.00461	0.00527	0.00922
64	0.03122	0.02299	0.02474	0.01918	0.02567	0.02539	0.01575	0.58830	0.03880	0.05200	0.02179	0.05505	0.01662	0.01106	0.00863	0.00260	0.00914	0.00851	0.00848	0.01408
65	0.02079	0.01945	0.02984	0.07351	0.39338	0.02050	0.04603	0.03201	0.21417	0.02994	0.02193	0.02462	0.01732	0.00887	0.00857	0.00267	0.00927	0.00833	0.00561	0.01318
66	0.01098	0.00804	0.00932	0.01005	0.01104	0.00746	0.00654	0.01213	0.01579	0.02025	0.05085	0.30084	0.21150	0.26070	0.02197	0.00497	0.00592	0.01833	0.00694	0.00637
67	0.01231	0.00853	0.01068	0.01068	0.01116	0.00901	0.00690	0.01327	0.01279	0.01754	0.02554	0.04861	0.02787	0.49840	0.24164	0.00998	0.01287	0.01134	0.00497	0.00593
68	0.02011	0.43445	0.25037	0.01779	0.02648	0.02740	0.02003	0.02529	0.01728	0.02236	0.01374	0.01645	0.01157	0.01135	0.05082	0.00291	0.01120	0.00545	0.00369	0.01126
69	0.02325	0.02068	0.02520	0.02905	0.22800	0.05515	0.01796	0.14168	0.26443	0.03500	0.02705	0.02751	0.04599	0.01029	0.00856	0.00267	0.00867	0.00874	0.00692	0.01319
70	0.01028	0.00861	0.00881	0.00877	0.01146	0.00728	0.00649	0.01244	0.01933	0.02331	0.11465	0.07966	0.58440	0.05277	0.01160	0.00311	0.00448	0.01756	0.00786	0.00714
71	0.02525	0.35554	0.03662	0.02426	0.15660	0.07165	0.01753	0.16518	0.02351	0.02960	0.01482	0.01693	0.01230	0.00813	0.00696	0.00217	0.00980	0.00599	0.00495	0.01223
72	0.01037	0.00741	0.00987	0.01185	0.01234	0.00691	0.00790	0.01185	0.01629	0.02172	0.04690	0.69537	0.05629	0.02666	0.01086	0.00346	0.00494	0.02419	0.00790	0.00691
73	0.02269	0.01804	0.02082	0.12428	0.02780	0.04975	0.01523	0.15741	0.22166	0.07509	0.02516	0.02723	0.01925	0.02035	0.13166	0.00477	0.01148	0.00851	0.00700	0.01184
74	0.01840	0.19893	0.51357	0.02199	0.03332	0.02302	0.02749	0.02661	0.01781	0.02533	0.01447	0.01696	0.01081	0.00790	0.00747	0.00249	0.01176	0.00588	0.00360	0.01219
75	0.01149	0.00868	0.01061	0.01013	0.01238	0.00780	0.00760	0.01499	0.02279	0.03104	0.48909	0.06864	0.23648	0.01855	0.01004	0.00273	0.00410	0.01610	0.00896	0.00780
76	0.01060	0.00857	0.00941	0.00935	0.01186	0.00739	0.00696	0.01320	0.02045	0.02584	0.22992	0.11144	0.46373	0.02075	0.01010	0.00285	0.00427	0.01764	0.00829	0.00739
77	0.02456	0.01726	0.01924	0.01654	0.02191	0.01866	0.01304	0.04282	0.46156	0.16679	0.03310	0.03021	0.02403	0.01098	0.00848	0.00272	0.00681	0.00909	0.00882	0.06338
78	0.01765	0.01513	0.01765	0.01260	0.02017	0.01134	0.01008	0.02143	0.01765	0.02773	0.01513	0.01765	0.01260	0.00630	0.00630	0.00126	0.00630	0.00504	0.00504	0.75295
79	0.01030	0.00769	0.00958	0.01109	0.01214	0.00698	0.00756	0.01193	0.01702	0.02202	0.05610	0.55182	0.19390	0.02547	0.01067	0.00332	0.00479	0.02273	0.00790	0.00698
80	0.01929	0.02267	0.19587	0.01689	0.02329	0.01619	0.01673	0.15312	0.06284	0.06161	0.17463	0.07518	0.09864	0.01351	0.00906	0.00273	0.00798	0.01126	0.00733	0.01118
81	0.01006	0.00862	0.00862	0.00862	0.01149	0.00718	0.00647	0.01221	0.01940	0.02299	0.08621	0.08190	0.64438	0.02155	0.01006	0.00287	0.00431	0.01796	0.00790	0.00718
82	0.01190	0.00809	0.00960	0.01007	0.01025	0.00804	0.00603	0.01237	0.01335	0.01786	0.03135	0.20445	0.03647	0.51651	0.06181	0.00736	0.00808	0.01500	0.00577	0.00567
83	0.03184	0.02358	0.02525	0.01948	0.02619	0.02615	0.01605	0.59304	0.06727	0.05280	0.02109	0.02095	0.01500	0.01028	0.00852	0.00257	0.00924	0.00775	0.00852	0.01443
84	0.02117	0.01828	0.01924	0.01732	0.02213	0.02117	0.01347	0.04522	0.63246	0.03560	0.03464	0.03175	0.02598	0.01155	0.00866	0.00289	0.00673	0.00962	0.00866	0.01347
85	0.02990	0.18957	0.02948	0.01926	0.02530	0.26157	0.01590	0.26700	0.02890	0.03381	0.01577	0.01699	0.01236	0.00900	0.00749	0.00225	0.01148	0.00614	0.00587	0.01196
86	0.02086	0.01627	0.01855	0.01449	0.02037	0.01526	0.01153	0.21030	0.02554	0.03630	0.10723	0.08922	0.02676	0.01102	0.00796	0.00208	0.00683	0.00913	0.00702	0.34326
87	0.01707	0.04402	0.65683	0.02426	0.03683	0.01976	0.03144	0.02695	0.01797	0.02695	0.01527	0.01797	0.01078	0.00809	0.00809	0.00270	0.01258	0.00629	0.00359	0.01258
88	0.01586	0.00793	0.00793	0.00793	0.00991	0.00793	0.00595	0.01983	0.01785	0.03173	0.02776	0.03173	0.02181	0.00991	0.00595	0.00198	0.00397	0.00793	0.74817	0.00793
89	0.01143	0.00817	0.01109	0.01306	0.01402	0.00783	0.00975	0.01369	0.01734	0.02291	0.04632	0.50484	0.05396	0.02566	0.01115	0.00360	0.00586	0.20423	0.00788	0.00721
90	0.01869	0.01578	0.01706	0.01549	0.01961	0.01770	0.01198	0.03743	0.47345	0.03468	0.16682	0.04093	0.06718	0.01327	0.00902	0.00284	0.00604	0.01125	0.00877	0.01201
91	0.01670	0.00955	0.01212	0.01151	0.01426	0.00848	0.00860	0.01943	0.02090	0.16017	0.22058	0.23841	0.18715	0.01948	0.00996	0.00293	0.00503	0.01699	0.00887	0.00890
92	0.03179	0.04056	0.02412	0.02192	0.02631	0.66676	0.01644	0.03398	0.02412	0.02083	0.01315	0.01535	0.01096	0.00877	0.00767	0.00219	0.01535	0.00548	0.00438	0.00987
93	0.01145	0.00890	0.01036	0.01108	0.01329	0.00810	0.00872	0.01393	0.01866	0.02312	0.06574	0.11451	0.36978	0.08453	0.01368	0.00373	0.00582	0.19978	0.00763	0.00719
94	0.01229	0.00892	0.01051	0.00997	0.01256	0.00785	0.00752	0.01544	0.02200	0.05615	0.36710	0.07027	0.33049	0.01896	0.00998	0.00276	0.00429	0.01624	0.00876	0.00793
95	0.03182	0.03967	0.02419	0.02180	0.02631	0.63288	0.01643	0.06496	0.02496	0.02256	0.01354	0.01562	0.01115	0.00885	0.00772	0.00221	0.01503	0.00560	0.00460	0.01011
96	0.02146	0.18070	0.03689	0.04342	0.50135	0.02337	0.02341	0.02597	0.01889	0.02598	0.01503	0.01933	0.01288	0.00751	0.00773	0.00236	0.00987	0.00687	0.00408	0.01288
97	0.02307	0.63566	0.07005	0.01544	0.02277	0.07252	0.01542	0.02608	0.01775	0.02037	0.01206	0.01395	0.01092	0.00741	0.00571	0.00188	0.00964	0.00468	0.00368	0.01093
98	0.03388	0.02139	0.02402	0.01842	0.02517	0.02275	0.01521	0.46809	0.03591	0.21080	0.02387	0.02267	0.01620	0.01030	0.00852	0.00257	0.00881	0.00790	0.00904	0.01448
99	0.01150	0.00868	0.01062	0.01013	0.01238	0.00780	0.00760	0.01500	0.02280	0.03107	0.49031	0.06860	0.23525	0.01854	0.01004	0.00273	0.00410	0.01610	0.00897	0.00780
100	0.01183	0.00883	0.01114	0.01135	0.01345	0.00814	0.00887	0.01523	0.02155	0.02890	0.34831	0.11414	0.20412	0.02025	0.01046	0.00304	0.00496	0.13911	0.00861	0.00772
101	0.01037	0.00741	0.00987	0.01185	0.01234	0.00691	0.00790	0.01185	0.01629	0.02172	0.04690	0.69537	0.05629	0.02666	0.01086	0.00346	0.00494	0.02419	0.00790	0.00691
102	0.01586	0.00793	0.00793	0.00793	0.00991	0.00793	0.00595	0.01983	0.01785	0.03173	0.02776	0.03173	0.02181	0.00991	0.00595	0.00198	0.00397	0.00793	0.74817	0.00793
103	0.01664	0.00868	0.00876	0.00848	0.01069	0.00880	0.00643	0.04805	0.01889	0.03276	0.02742	0.03120	0.02147	0.00993	0.00607	0.00201	0.00422	0.00792	0.71335	0.00824
104	0.02967	0.19628	0.02891	0.02020	0.02526	0.51861	0.01600	0.03199	0.02252	0.02064	0.01284	0.01495	0.01095	0.00842	0.00716	0.00211	0.01389	0.00526	0.00421	0.01011
105	0.02179	0.01859	0.01960	0.01745	0.02237	0.02146	0.01362	0.07737	0.59929	0.03661	0.03384	0.03112	0.02533	0.01147	0.00865	0.00287	0.00688	0.00951	0.00865	0.01353
106	0.01742	0.08528	0.61868	0.02365	0.03590	0.02063	0.03039	0.02686	0.01792	0.02652	0.01506	0.01770	0.01079	0.00804	0.00792	0.00264	0.01236	0.00618	0.00360	0.01247
107	0.01742	0.08528	0.61868	0.02365	0.03590	0.02063	0.03039	0.02686	0.01792	0.02652	0.01506	0.01770	0.01079	0.00804	0.00792	0.00264	0.01236	0.00618	0.00360	0.01247
108	0.01972	0.01165	0.01205	0.01066	0.01377	0.01225	0.00834	0.16014	0.02303	0.03685	0.02605	0.02908	0.02009	0.00999	0.00655	0.00212	0.00523	0.00787	0.57509	0.00946
109	0.01012	0.00836	0.00889	0.00931	0.01168	0.00713	0.00677	0.01214	0.01874	0.02272	0.07783	0.21263	0.51906	0.02264	0.01023	0.00300	0.00444	0.01929	0.00790	0.00713
110	0.03124	0.03952	0.02465	0.02348	0.05819	0.63360	0.01694	0.03358	0.02387	0.02119	0.01330	0.01564	0.01109	0.00871	0.00771	0.00221	0.01508	0.00559	0.00438	0.01005
111	0.03179	0.04056	0.02412	0.02192	0.02631	0.66676	0.01644	0.03398	0.02412	0.02083	0.01315	0.01535	0.01096	0.00877	0.00767	0.00219	0.01535	0.00548	0.00438	0.00987
112	0.01478	0.00739	0.01109	0.01109	0.01109	0.00739	0.00739	0.01109	0.01109	0.01478	0.01478	0.02587	0.01478	0.02956	0.03326	0.75240	0.00739	0.00739	0.00370	0.00370
113	0.01478	0.00739	0.01109	0.01109	0.01109	0.00739	0.00739	0.01109	0.01109	0.01478	0.01478	0.02587	0.01478	0.02956	0.03326	0.75240	0.00739	0.00739	0.00370	0.00370
114	0.01063	0.00784	0.00965	0.01081	0.01186	0.00719	0.00731	0.01227	0.01707	0.02228	0.09324	0.45470	0.18055	0.09608	0.01406	0.00379	0.00509	0.02103	0.00771	0.00686
115	0.01232	0.00845	0.01031	0.01031	0.01067	0.00881	0.00644	0.01304	0.01268	0.01726	0.02587	0.05048	0.02868	0.55184	0.18930	0.00952	0.01165	0.01161	0.00502	0.00573
116	0.01038	0.00773	0.00968	0.01111	0.01218	0.00702	0.00760	0.01213	0.01733	0.02259	0.08385	0.53437	0.18276	0.02513	0.01065	0.00329	0.00476	0.02244	0.00797	0.00702
117	0.02117	0.01828	0.01924	0.01732	0.02213	0.02117	0.01347	0.04522	0.63246	0.03560	0.03464	0.03175	0.02598	0.01155	0.00866	0.00289	0.00673	0.00962	0.00866	0.01347
118	0.02106	0.02022	0.03454	0.05223	0.64784	0.02022	0.02612	0.02612	0.01938	0.02780	0.01601	0.02106	0.01348	0.00758	0.00842	0.00253	0.01011	0.00758	0.00421	0.01348
119	0.02009	0.02296	0.05022	0.03587	0.04448	0.02152	0.61693	0.02726	0.02009	0.02726	0.01722	0.02296	0.01291	0.00717	0.01004	0.00287	0.01435	0.01004	0.00430	0.01148
120	0.01006	0.00862	0.00862	0.00862	0.01149	0.00718	0.00647	0.01221	0.01940	0.02299	0.08621	0.08190	0.64438	0.02155	0.01006	0.00287	0.00431	0.01796	0.00790	0.00718
121	0.01030	0.00766	0.00961	0.01116	0.01216	0.00697	0.00759	0.01193	0.01695	0.02199	0.05528	0.56464	0.18161	0.02557	0.01069	0.00333	0.00480	0.02286	0.00790	0.00697
122	0.01586	0.00793	0.00793	0.00793	0.00991	0.00793	0.00595	0.01983	0.01785	0.03173	0.02776	0.03173	0.02181	0.00991	0.00595	0.00198	0.00397	0.00793	0.74817	0.00793
123	0.01037	0.00741	0.00987	0.01185	0.01234	0.00691	0.00790	0.01185	0.01629	0.02172	0.04690	0.69537	0.05629	0.02666	0.01086	0.00346	0.00494	0.02419	0.00790	0.00691
124	0.03059	0.03855	0.02429	0.02196	0.02595	0.60819	0.01664	0.03275	0.02310	0.02080	0.01297	0.01565	0.01098	0.00933	0.00952	0.00233	0.07659	0.00566	0.00432	0.00981
125	0.02118	0.02020	0.03724	0.03282	0.14826	0.01987	0.31634	0.05492	0.09972	0.05942	0.02288	0.03106	0.01868	0.00970	0.00960	0.00289	0.01139	0.06613	0.00567	0.01202
126	0.76103	0.01646	0.01251	0.01119	0.01646	0.01909	0.00922	0.02502	0.01448	0.03818	0.01185	0.01382	0.00922	0.00790	0.00527	0.00263	0.00658	0.00461	0.00527	0.00922
127	0.01757	0.08427	0.58962	0.02421	0.03626	0.02071	0.05844	0.02687	0.01803	0.02653	0.01515	0.01794	0.01089	0.00799	0.00802	0.00265	0.01245	0.00636	0.00363	0.01242
128	0.01293	0.00924	0.01282	0.01478	0.01639	0.00912	0.01235	0.01628	0.01882	0.02459	0.04549	0.23625	0.05069	0.02425	0.01155	0.00381	0.00716	0.45803	0.00785	0.00762
129	0.01607	0.01513	0.02552	0.68047	0.05861	0.01891	0.02363	0.02174	0.01702	0.02174	0.01513	0.02269	0.01134	0.00851	0.00851	0.00284	0.01134	0.00756	0.00378	0.00945
130	0.02520	0.07512	0.02248	0.01849	0.02244	0.37616	0.01440	0.06383	0.02247	0.02324	0.02888	0.03008	0.14618	0.01213	0.01022	0.00250	0.08288	0.00842	0.00527	0.00959
131	0.01707	0.04402	0.65683	0.02426	0.03683	0.01976	0.03144	0.02695	0.01797	0.02695	0.01527	0.01797	0.01078	0.00809	0.00809	0.00270	0.01258	0.00629	0.00359	0.01258
132	0.02971	0.10687	0.02586	0.02044	0.02538	0.47370	0.01589	0.08434	0.09220	0.02518	0.01602	0.01742	0.01292	0.00904	0.00762	0.00226	0.01322	0.00603	0.00513	0.01077
133	0.02240	0.66479	0.08275	0.01517	0.02278	0.03281	0.01561	0.02557	0.01733	0.02045	0.01205	0.01392	0.01091	0.00733	0.00562	0.00187	0.00932	0.00466	0.00364	0.01102
134	0.02401	0.26967	0.23226	0.02014	0.02812	0.24418	0.02057	0.02883	0.01982	0.02250	0.01337	0.01560	0.01089	0.00804	0.00705	0.00222	0.01233	0.00542	0.00388	0.01109
135	0.02181	0.02117	0.03058	0.04276	0.47273	0.06387	0.02277	0.03072	0.15034	0.02900	0.01979	0.02296	0.01597	0.00851	0.00842	0.00258	0.00974	0.00788	0.00517	0.01323
136	0.02066	0.01784	0.01875	0.01692	0.02164	0.02052	0.01315	0.04370	0.60426	0.03502	0.03701	0.03406	0.05443	0.01201	0.00872	0.00289	0.00662	0.01001	0.00862	0.01318
137	0.01036	0.00796	0.00950	0.01054	0.01204	0.00709	0.00736	0.01227	0.01800	0.02304	0.10196	0.41923	0.28191	0.02409	0.01050	0.00318	0.00464	0.02123	0.00800	0.00709
138	0.01707	0.04402	0.65683	0.02426	0.03683	0.01976	0.03144	0.02695	0.01797	0.02695	0.01527	0.01797	0.01078	0.00809	0.00809	0.00270	0.01258	0.00629	0.00359	0.01258
139	0.02195	0.42796	0.23354	0.01838	0.02700	0.09724	0.02003	0.02685	0.01823	0.02227	0.01305	0.01518	0.01088	0.00769	0.00652	0.00213	0.01086	0.00519	0.00371	0.01132
140	0.01665	0.09620	0.21537	0.06550	0.03068	0.01782	0.14646	0.02305	0.02023	0.02822	0.21497	0.03339	0.03339	0.01079	0.00887	0.00264	0.00978	0.00988	0.00560	0.01051
141	0.01989	0.02257	0.04899	0.06795	0.04518	0.02139	0.58741	0.02699	0.01993	0.02699	0.01711	0.02294	0.01283	0.00724	0.00997	0.00287	0.01420	0.00992	0.00428	0.01138
142	0.01780	0.01801	0.01813	0.01701	0.01895	0.16667	0.01329	0.02045	0.01602	0.02012	0.01866	0.02680	0.01723	0.04302	0.40937	0.00938	0.12832	0.00800	0.00438	0.00841
143	0.02968	0.03656	0.02617	0.02789	0.14865	0.53950	0.01835	0.03243	0.02318	0.02220	0.01372	0.01647	0.01146	0.00854	0.00782	0.00226	0.01432	0.00589	0.00435	0.01058
144	0.01237	0.01193	0.01032	0.01019	0.01310	0.07675	0.00759	0.01449	0.01974	0.02270	0.07655	0.10541	0.54830	0.02046	0.00985	0.00283	0.00551	0.01695	0.00753	0.00745
145	0.01035	0.00830	0.00928	0.01001	0.01208	0.00724	0.00730	0.01238	0.01843	0.02272	0.07169	0.27547	0.42821	0.02326	0.01040	0.00311	0.00469	0.05003	0.00790	0.00713
146	0.03181	0.03983	0.02418	0.02182	0.02631	0.63884	0.01643	0.05951	0.02481	0.02226	0.01347	0.01557	0.01111	0.00883	0.00771	0.00221	0.01509	0.00558	0.00456	0.01007

[dist]
# distance from previous block
# <min> <max>
0	2

[block]
# block no. 1 follows, 21 sequences, length 10
# corresponding to MSA columns:
# 352-361
name=unknown_B
#
# <colnr> <probs for GDERKNQSTAVLIFYWHMCP>
#	G	D	E	R	K	N	Q	S	T	A	V	L	I	F	Y	W	H	M	C	P
0	0.03179	0.04056	0.02412	0.02192	0.02631	0.66676	0.01644	0.03398	0.02412	0.02083	0.01315	0.01535	0.01096	0.00877	0.00767	0.00219	0.01535	0.00548	0.00438	0.00987
1	0.01286	0.00897	0.01073	0.01124	0.01197	0.00892	0.00725	0.05577	0.01623	0.02165	0.03591	0.35743	0.04181	0.33055	0.02538	0.00556	0.00675	0.01766	0.00670	0.00666
2	0.02465	0.56652	0.04030	0.01610	0.02278	0.16640	0.01496	0.02726	0.01872	0.02019	0.01211	0.01401	0.01093	0.00759	0.00592	0.00190	0.01041	0.00475	0.00380	0.01070
3	0.35519	0.20766	0.20245	0.01577	0.02363	0.02316	0.01690	0.02568	0.01621	0.03019	0.01281	0.01494	0.01011	0.00779	0.00611	0.00243	0.00894	0.00507	0.00436	0.01062
4	0.01122	0.00867	0.01023	0.00984	0.01221	0.00768	0.00738	0.01446	0.02214	0.02950	0.41209	0.07118	0.31444	0.01912	0.01005	0.00276	0.00414	0.01646	0.00876	0.00768
5	0.03364	0.02177	0.02426	0.01860	0.02536	0.02333	0.01537	0.49204	0.03656	0.18593	0.02333	0.02231	0.01593	0.01029	0.00852	0.00257	0.00890	0.00786	0.00896	0.01447
6	0.01030	0.00863	0.00895	0.00887	0.01164	0.00729	0.00665	0.01267	0.01996	0.02432	0.15297	0.07970	0.57679	0.02105	0.01006	0.00285	0.00428	0.01765	0.00808	0.00729
7	0.02883	0.25832	0.03082	0.01951	0.02485	0.45960	0.01583	0.03120	0.02188	0.02056	0.01272	0.01479	0.01095	0.00828	0.00695	0.00207	0.01330	0.00518	0.00414	0.01021
8	0.01006	0.00862	0.00862	0.00862	0.01149	0.00718	0.00647	0.01221	0.01940	0.02299	0.08621	0.08190	0.64438	0.02155	0.01006	0.00287	0.00431	0.01796	0.00790	0.00718
9	0.02001	0.02432	0.11864	0.02917	0.03721	0.02120	0.37258	0.03228	0.19223	0.02957	0.02187	0.02480	0.01632	0.00852	0.00940	0.00285	0.01198	0.00945	0.00544	0.01218

[dist]
# distance from previous block
# <min> <max>
0	1

[block]
# block no. 2 follows, 21 sequences, length 9
# corresponding to MSA columns:
# 363-371
name=unknown_C
#
# <colnr> <probs for GDERKNQSTAVLIFYWHMCP>
#	G	D	E	R	K	N	Q	S	T	A	V	L	I	F	Y	W	H	M	C	P
0	0.02073	0.35200	0.17371	0.02333	0.03213	0.02693	0.20886	0.02635	0.01832	0.02376	0.01425	0.01750	0.01152	0.00741	0.00746	0.00233	0.01149	0.00665	0.00384	0.01144
1	0.06756	0.35734	0.03340	0.06389	0.02587	0.28044	0.01563	0.02853	0.01979	0.02149	0.01258	0.01496	0.01087	0.00799	0.00653	0.00208	0.01157	0.00513	0.00403	0.01031
2	0.01037	0.00741	0.00987	0.01185	0.01234	0.00691	0.00790	0.01185	0.01629	0.02172	0.04690	0.69537	0.05629	0.02666	0.01086	0.00346	0.00494	0.02419	0.00790	0.00691
3	0.02009	0.17915	0.45179	0.02198	0.03244	0.10408	0.02610	0.02754	0.01860	0.02476	0.01430	0.01675	0.01083	0.00801	0.00750	0.00245	0.01221	0.00583	0.00370	0.01190
4	0.02489	0.54832	0.03974	0.01631	0.02290	0.18372	0.01501	0.02750	0.01891	0.02021	0.01214	0.01405	0.01093	0.00763	0.00598	0.00191	0.01058	0.00477	0.00382	0.01067
5	0.01029	0.00830	0.00897	0.00945	0.01156	0.00719	0.00673	0.01214	0.01817	0.02225	0.07269	0.22985	0.46027	0.06778	0.01246	0.00337	0.00472	0.01911	0.00772	0.00698
6	0.01837	0.01577	0.01797	0.01357	0.02057	0.01336	0.01078	0.02631	0.14389	0.02935	0.01913	0.02054	0.01535	0.00738	0.00679	0.00159	0.00639	0.00598	0.00578	0.60111
7	0.03065	0.12435	0.02669	0.02100	0.02575	0.58704	0.01621	0.03291	0.02326	0.02073	0.01299	0.01513	0.01096	0.00858	0.00739	0.00215	0.01456	0.00536	0.00429	0.01000
8	0.13482	0.00997	0.01156	0.01079	0.01333	0.00984	0.00822	0.01753	0.02251	0.03479	0.53983	0.05541	0.06865	0.01584	0.00926	0.00267	0.00444	0.01362	0.00870	0.00822

[dist]
# distance from previous block
# <min> <max>
0	6

# created by:
# /home/cegg/simao/soft/augustus-3.2.1/scripts/msa2prfl.pl ./align_prep/12506.fa
