[name]
unknown

[dist]
# distance from previous block
# <min> <max>
0	4

[block]
# block no. 0 follows, 22 sequences, length 37
# corresponding to MSA columns:
# 4-40
name=unknown_A
#
# <colnr> <probs for GDERKNQSTAVLIFYWHMCP>
#	G	D	E	R	K	N	Q	S	T	A	V	L	I	F	Y	W	H	M	C	P
0	0.01344	0.00928	0.01172	0.01136	0.01326	0.00949	0.00874	0.01633	0.01801	0.04930	0.18162	0.05423	0.15212	0.08830	0.13121	0.00512	0.04802	0.06427	0.10653	0.00764
1	0.05310	0.02584	0.21842	0.03015	0.17595	0.01828	0.16061	0.02907	0.01949	0.15963	0.01910	0.02142	0.01364	0.00807	0.00839	0.00262	0.01079	0.00766	0.00528	0.01249
2	0.01666	0.04297	0.66500	0.02368	0.03596	0.01929	0.03069	0.02631	0.01754	0.02631	0.01491	0.01754	0.01052	0.00789	0.00789	0.00263	0.01228	0.00614	0.00351	0.01228
3	0.02056	0.01974	0.03372	0.05099	0.65622	0.01974	0.02550	0.02550	0.01892	0.02714	0.01563	0.02056	0.01316	0.00740	0.00822	0.00247	0.00987	0.00740	0.00411	0.01316
4	0.02252	0.02383	0.03062	0.10065	0.45931	0.16908	0.02313	0.02687	0.01977	0.02506	0.01491	0.01943	0.01241	0.00775	0.00806	0.00242	0.01114	0.00693	0.00411	0.01201
5	0.02403	0.02076	0.05952	0.03327	0.31646	0.02047	0.02019	0.15206	0.14811	0.08792	0.02157	0.02304	0.01630	0.00897	0.00828	0.00256	0.00894	0.00783	0.00633	0.01339
6	0.01050	0.00747	0.00944	0.01086	0.01139	0.00703	0.00708	0.01169	0.01531	0.02024	0.04417	0.53107	0.08721	0.16530	0.01704	0.00430	0.00544	0.02088	0.00716	0.00641
7	0.01027	0.00734	0.00977	0.01147	0.01208	0.00684	0.00772	0.01193	0.01658	0.02228	0.09945	0.64591	0.05702	0.02523	0.01053	0.00331	0.00474	0.02286	0.00784	0.00684
8	0.01971	0.25703	0.40939	0.02045	0.03036	0.08167	0.02413	0.02646	0.01786	0.02362	0.01365	0.01596	0.01058	0.00770	0.00704	0.00231	0.01143	0.00553	0.00359	0.01153
9	0.02941	0.03997	0.09599	0.02166	0.02684	0.60067	0.01771	0.03240	0.02286	0.02101	0.01307	0.01527	0.01068	0.00849	0.00754	0.00220	0.01468	0.00544	0.00419	0.00993
10	0.01012	0.00723	0.00964	0.01157	0.01205	0.00675	0.00771	0.01157	0.01591	0.02121	0.04579	0.70262	0.05495	0.02603	0.01060	0.00337	0.00482	0.02362	0.00771	0.00675
11	0.02059	0.01918	0.02934	0.04099	0.47001	0.02001	0.02187	0.03097	0.20152	0.02937	0.02096	0.02362	0.01674	0.00854	0.00829	0.00257	0.00890	0.00799	0.00539	0.01316
12	0.02790	0.09449	0.02573	0.02073	0.02458	0.46713	0.01627	0.05799	0.02168	0.02170	0.01270	0.01566	0.01090	0.00961	0.01100	0.00240	0.13969	0.00573	0.00429	0.00983
13	0.01569	0.01477	0.02492	0.68808	0.05722	0.01846	0.02307	0.02123	0.01661	0.02123	0.01477	0.02215	0.01107	0.00831	0.00831	0.00277	0.01107	0.00738	0.00369	0.00923
14	0.01233	0.00893	0.01209	0.01384	0.01550	0.00869	0.01147	0.01546	0.01837	0.02381	0.04795	0.23144	0.10301	0.02348	0.01113	0.00363	0.00670	0.41712	0.00767	0.00739
15	0.01153	0.00924	0.00994	0.01084	0.01187	0.03973	0.00723	0.01281	0.01601	0.02025	0.04740	0.39624	0.16704	0.17980	0.01752	0.00427	0.00593	0.01887	0.00693	0.00655
16	0.01927	0.01843	0.03140	0.21915	0.49812	0.01940	0.02486	0.02437	0.01831	0.02558	0.01540	0.02098	0.01261	0.00764	0.00825	0.00255	0.01019	0.00740	0.00400	0.01212
17	0.00982	0.00842	0.00842	0.00842	0.01122	0.00701	0.00631	0.01192	0.01894	0.02244	0.08416	0.07995	0.65285	0.02104	0.00982	0.00281	0.00421	0.01753	0.00771	0.00701
18	0.01666	0.04297	0.66500	0.02368	0.03596	0.01929	0.03069	0.02631	0.01754	0.02631	0.01491	0.01754	0.01052	0.00789	0.00789	0.00263	0.01228	0.00614	0.00351	0.01228
19	0.06087	0.01936	0.03375	0.16706	0.28583	0.02034	0.17299	0.05963	0.01927	0.02755	0.01557	0.02081	0.01234	0.00796	0.00931	0.00267	0.04099	0.00784	0.00433	0.01155
20	0.01924	0.01015	0.01350	0.01172	0.01499	0.00912	0.00912	0.02296	0.02359	0.21778	0.47019	0.05214	0.06142	0.01502	0.00937	0.00260	0.00484	0.01307	0.00948	0.00969
21	0.01004	0.00842	0.00872	0.00865	0.01136	0.00711	0.00648	0.01235	0.01945	0.02367	0.14827	0.07793	0.58797	0.02058	0.00982	0.00278	0.00418	0.01725	0.00788	0.00711
22	0.76672	0.01607	0.01221	0.01092	0.01607	0.01864	0.00900	0.02442	0.01414	0.03727	0.01157	0.01350	0.00900	0.00771	0.00514	0.00257	0.00643	0.00450	0.00514	0.00900
23	0.02496	0.51064	0.03807	0.01565	0.02262	0.03079	0.01468	0.20200	0.02339	0.02917	0.01401	0.01527	0.01168	0.00795	0.00620	0.00199	0.00896	0.00533	0.00495	0.01168
24	0.00982	0.00842	0.00842	0.00842	0.01122	0.00701	0.00631	0.01192	0.01894	0.02244	0.08416	0.07995	0.65285	0.02104	0.00982	0.00281	0.00421	0.01753	0.00771	0.00701
25	0.02058	0.01939	0.03095	0.04468	0.53870	0.01991	0.02321	0.02895	0.13415	0.02855	0.01899	0.02249	0.01542	0.00812	0.00827	0.00253	0.00926	0.00777	0.00492	0.01316
26	0.01163	0.00787	0.00919	0.00963	0.00974	0.00776	0.00564	0.01196	0.01295	0.01727	0.03065	0.20229	0.03585	0.55242	0.03505	0.00699	0.00732	0.01471	0.00564	0.00542
27	0.01187	0.00890	0.01335	0.01335	0.01483	0.01038	0.01038	0.01483	0.01335	0.01928	0.02225	0.03264	0.02077	0.06231	0.67512	0.01335	0.02225	0.00890	0.00445	0.00742
28	0.01832	0.24273	0.47973	0.02086	0.03159	0.02334	0.02578	0.02588	0.01734	0.02429	0.01391	0.01628	0.01056	0.00766	0.00713	0.00238	0.01127	0.00563	0.00352	0.01180
29	0.02259	0.02414	0.02952	0.04071	0.45360	0.18758	0.02187	0.02662	0.02011	0.02509	0.01919	0.02283	0.05247	0.00855	0.00813	0.00240	0.01083	0.00751	0.00438	0.01187
30	0.17722	0.02821	0.05012	0.01683	0.02188	0.34779	0.01352	0.02786	0.02026	0.05080	0.02171	0.02288	0.08341	0.00962	0.00721	0.00226	0.01078	0.00667	0.00511	0.07585
31	0.02847	0.14307	0.06798	0.02057	0.05278	0.20097	0.01695	0.30465	0.02900	0.03559	0.01614	0.01739	0.01236	0.00888	0.00757	0.00229	0.01090	0.00632	0.00596	0.01219
32	0.02443	0.30005	0.03604	0.02247	0.08409	0.13772	0.10335	0.11921	0.02202	0.02675	0.01432	0.01676	0.01178	0.00777	0.00710	0.00214	0.01068	0.00612	0.00461	0.04259
33	0.01925	0.02019	0.20449	0.01557	0.02165	0.01255	0.01559	0.02487	0.04983	0.18104	0.07716	0.16081	0.13263	0.01475	0.00897	0.00279	0.00748	0.01252	0.00723	0.01060
34	0.02215	0.02347	0.03037	0.04011	0.42470	0.16897	0.05226	0.02637	0.01952	0.02487	0.01563	0.02044	0.01324	0.01246	0.06663	0.00336	0.01233	0.00718	0.00418	0.01175
35	0.08591	0.17841	0.02961	0.13548	0.22843	0.09580	0.01855	0.02552	0.04392	0.02464	0.01809	0.02134	0.04433	0.00849	0.00731	0.00236	0.00970	0.00683	0.00439	0.01088
36	0.01944	0.01638	0.01932	0.01977	0.11421	0.04267	0.01311	0.14197	0.07689	0.03060	0.02742	0.16515	0.05104	0.04331	0.00982	0.00266	0.00743	0.01093	0.00646	0.18141

[dist]
# distance from previous block
# <min> <max>
5	78

[block]
# block no. 1 follows, 22 sequences, length 27
# corresponding to MSA columns:
# 122-148
name=unknown_B
#
# <colnr> <probs for GDERKNQSTAVLIFYWHMCP>
#	G	D	E	R	K	N	Q	S	T	A	V	L	I	F	Y	W	H	M	C	P
0	0.02066	0.41426	0.12788	0.02006	0.06771	0.02596	0.08348	0.02496	0.01787	0.04552	0.03966	0.04691	0.01585	0.00852	0.00688	0.00218	0.00956	0.00682	0.00429	0.01097
1	0.13641	0.14038	0.16222	0.09706	0.15377	0.10238	0.04715	0.02593	0.01791	0.02579	0.01379	0.01721	0.01100	0.00773	0.00719	0.00241	0.01062	0.00605	0.00403	0.01097
2	0.01872	0.04045	0.09889	0.02103	0.14357	0.01431	0.01493	0.02211	0.01753	0.12063	0.03221	0.03853	0.13242	0.15578	0.01664	0.00373	0.05404	0.00998	0.00580	0.03868
3	0.12197	0.03490	0.49159	0.01999	0.03009	0.01768	0.02461	0.02427	0.01723	0.02738	0.02298	0.02467	0.08957	0.00949	0.00774	0.00264	0.01045	0.00731	0.00426	0.01116
4	0.02033	0.02586	0.15613	0.02111	0.06280	0.15125	0.08462	0.02539	0.02021	0.05085	0.11617	0.02511	0.02246	0.00905	0.00798	0.00223	0.01002	0.00768	0.00524	0.17551
5	0.02432	0.02013	0.02121	0.11184	0.02691	0.08611	0.01482	0.33543	0.02992	0.03879	0.09905	0.05821	0.07302	0.01197	0.00862	0.00257	0.00882	0.00961	0.00727	0.01137
6	0.01866	0.27419	0.22949	0.19543	0.03536	0.02403	0.02159	0.02565	0.05895	0.02311	0.01494	0.01815	0.01171	0.00795	0.00712	0.00237	0.01036	0.00608	0.00390	0.01095
7	0.01709	0.04017	0.58407	0.02592	0.06646	0.01946	0.07925	0.02629	0.01778	0.02637	0.01510	0.01808	0.01082	0.00780	0.00807	0.00264	0.01230	0.00650	0.00359	0.01223
8	0.02416	0.21027	0.02680	0.01785	0.02211	0.33844	0.01449	0.02659	0.01919	0.01989	0.01436	0.01834	0.01278	0.01957	0.14598	0.00443	0.04530	0.00593	0.00409	0.00942
9	0.01646	0.02275	0.19624	0.02948	0.19481	0.01614	0.12498	0.02211	0.01798	0.02529	0.02454	0.18428	0.02440	0.01283	0.00918	0.00287	0.00989	0.05001	0.00504	0.01073
10	0.02293	0.03114	0.17308	0.03566	0.32079	0.22261	0.02374	0.02806	0.02004	0.02484	0.01460	0.01815	0.01180	0.00787	0.00792	0.00240	0.01200	0.00648	0.00403	0.01187
11	0.02012	0.20298	0.02677	0.01660	0.02138	0.15438	0.09830	0.02348	0.01877	0.02329	0.02530	0.02794	0.09296	0.01333	0.05205	0.00293	0.01021	0.00795	0.15197	0.00928
12	0.01116	0.00812	0.01139	0.01220	0.01312	0.00865	0.00876	0.01321	0.01429	0.01978	0.03241	0.31322	0.03589	0.10962	0.33777	0.00869	0.01363	0.01532	0.00586	0.00691
13	0.02505	0.49594	0.03709	0.01653	0.02273	0.23977	0.01481	0.02755	0.01903	0.01980	0.01197	0.01386	0.01067	0.00758	0.00603	0.00189	0.01085	0.00473	0.00379	0.01033
14	0.01727	0.03872	0.53752	0.02602	0.03750	0.01965	0.15391	0.02637	0.01797	0.02637	0.01530	0.01855	0.01095	0.00771	0.00829	0.00267	0.01264	0.00690	0.00365	0.01206
15	0.01001	0.00828	0.00879	0.00897	0.01142	0.00705	0.00661	0.01219	0.01894	0.02318	0.12596	0.15532	0.53197	0.02132	0.00991	0.00286	0.00426	0.01808	0.00783	0.00705
16	0.02014	0.01931	0.03296	0.10591	0.60458	0.01963	0.02529	0.02513	0.01872	0.02663	0.01555	0.02070	0.01298	0.00748	0.00823	0.00249	0.00997	0.00740	0.00408	0.01282
17	0.02851	0.02515	0.14933	0.01907	0.02652	0.02174	0.01786	0.39993	0.03165	0.13215	0.02190	0.05047	0.01611	0.01031	0.00833	0.00257	0.00928	0.00804	0.00762	0.01344
18	0.01795	0.01311	0.01727	0.19134	0.02688	0.01498	0.01360	0.14477	0.02065	0.02984	0.02112	0.02678	0.01698	0.02278	0.17747	0.00518	0.01155	0.00789	0.21049	0.00937
19	0.01006	0.00746	0.00940	0.01095	0.01189	0.00680	0.00744	0.01164	0.01650	0.02145	0.05333	0.58018	0.17252	0.02505	0.01045	0.00326	0.00470	0.02242	0.00771	0.00680
20	0.01727	0.03872	0.53752	0.02602	0.03750	0.01965	0.15391	0.02637	0.01797	0.02637	0.01530	0.01855	0.01095	0.00771	0.00829	0.00267	0.01264	0.00690	0.00365	0.01206
21	0.02921	0.03656	0.02381	0.02146	0.02513	0.58281	0.01635	0.03131	0.02201	0.02028	0.01257	0.01543	0.01073	0.00941	0.01029	0.00235	0.11092	0.00562	0.00419	0.00955
22	0.01085	0.00821	0.01001	0.01009	0.01199	0.00737	0.00736	0.01373	0.02060	0.02762	0.36003	0.19987	0.24191	0.02004	0.00997	0.00283	0.00419	0.01754	0.00843	0.00737
23	0.02667	0.02363	0.02208	0.01729	0.02371	0.14845	0.01385	0.30814	0.02870	0.03760	0.01682	0.01806	0.01284	0.00842	0.00743	0.00200	0.00929	0.00620	0.00638	0.26243
24	0.01683	0.01177	0.01402	0.01255	0.01601	0.01148	0.03252	0.02380	0.15907	0.11503	0.05319	0.09804	0.28003	0.10188	0.01336	0.00346	0.00604	0.01383	0.00778	0.00931
25	0.02148	0.62425	0.12588	0.01547	0.02326	0.03107	0.01640	0.02507	0.01697	0.02044	0.01199	0.01388	0.01064	0.00721	0.00567	0.00189	0.00933	0.00467	0.00355	0.01088
26	0.01762	0.01854	0.01427	0.01440	0.01621	0.23661	0.01008	0.01909	0.01804	0.02013	0.03292	0.33333	0.06165	0.13116	0.01467	0.00369	0.00881	0.01519	0.00609	0.00747

[dist]
# distance from previous block
# <min> <max>
0	1

[block]
# block no. 2 follows, 22 sequences, length 144
# corresponding to MSA columns:
# 150-293
name=unknown_C
#
# <colnr> <probs for GDERKNQSTAVLIFYWHMCP>
#	G	D	E	R	K	N	Q	S	T	A	V	L	I	F	Y	W	H	M	C	P
0	0.01384	0.17087	0.01794	0.01203	0.01452	0.01385	0.00931	0.01681	0.05144	0.02128	0.03872	0.34203	0.09995	0.09920	0.01289	0.00348	0.00629	0.04119	0.00648	0.00788
1	0.24913	0.02480	0.16599	0.07389	0.02558	0.13123	0.01671	0.02417	0.01661	0.02679	0.01499	0.01930	0.01220	0.01899	0.14197	0.00471	0.01286	0.00616	0.00435	0.00956
2	0.02170	0.01775	0.02471	0.03096	0.29565	0.01863	0.01801	0.03388	0.27385	0.09464	0.02868	0.02897	0.05502	0.01005	0.00842	0.00264	0.00792	0.00888	0.00672	0.01291
3	0.02254	0.02440	0.02853	0.03433	0.29740	0.19125	0.02079	0.02579	0.01821	0.02317	0.01345	0.01838	0.01183	0.00990	0.01390	0.00274	0.22155	0.00683	0.00401	0.01099
4	0.02056	0.01974	0.03372	0.05099	0.65622	0.01974	0.02550	0.02550	0.01892	0.02714	0.01563	0.02056	0.01316	0.00740	0.00822	0.00247	0.00987	0.00740	0.00411	0.01316
5	0.02058	0.34730	0.32020	0.01915	0.02831	0.08906	0.02178	0.02632	0.01782	0.02265	0.01318	0.01538	0.01060	0.00760	0.00669	0.00219	0.01100	0.00529	0.00360	0.01129
6	0.01666	0.04297	0.66500	0.02368	0.03596	0.01929	0.03069	0.02631	0.01754	0.02631	0.01491	0.01754	0.01052	0.00789	0.00789	0.00263	0.01228	0.00614	0.00351	0.01228
7	0.01065	0.00785	0.00987	0.01099	0.01218	0.00724	0.00777	0.01264	0.01747	0.02296	0.12821	0.41848	0.16718	0.06383	0.01229	0.00348	0.00501	0.06727	0.00773	0.00691
8	0.01056	0.00849	0.00944	0.00934	0.01185	0.00738	0.00709	0.01328	0.02030	0.02576	0.24979	0.07531	0.45516	0.01993	0.00989	0.00280	0.00428	0.04395	0.00813	0.00729
9	0.01666	0.04297	0.66500	0.02368	0.03596	0.01929	0.03069	0.02631	0.01754	0.02631	0.01491	0.01754	0.01052	0.00789	0.00789	0.00263	0.01228	0.00614	0.00351	0.01228
10	0.01143	0.00895	0.01060	0.01147	0.01357	0.00838	0.00888	0.01502	0.05336	0.02345	0.06125	0.23738	0.31021	0.02224	0.01037	0.00321	0.00539	0.16965	0.00774	0.00746
11	0.01043	0.00844	0.00926	0.00906	0.01160	0.00727	0.00679	0.01311	0.02038	0.02587	0.26341	0.07430	0.47145	0.01976	0.00981	0.00274	0.00412	0.01674	0.00817	0.00727
12	0.02056	0.01974	0.03372	0.05099	0.65622	0.01974	0.02550	0.02550	0.01892	0.02714	0.01563	0.02056	0.01316	0.00740	0.00822	0.00247	0.00987	0.00740	0.00411	0.01316
13	0.02056	0.01974	0.03372	0.05099	0.65622	0.01974	0.02550	0.02550	0.01892	0.02714	0.01563	0.02056	0.01316	0.00740	0.00822	0.00247	0.00987	0.00740	0.00411	0.01316
14	0.01818	0.01818	0.02545	0.02181	0.02181	0.02545	0.01818	0.01999	0.01272	0.01999	0.01091	0.01818	0.01091	0.01454	0.02726	0.00364	0.69284	0.00727	0.00364	0.00909
15	0.24974	0.01953	0.06304	0.09136	0.37195	0.01926	0.02051	0.02485	0.01717	0.02971	0.01426	0.01834	0.01155	0.00760	0.00726	0.00253	0.00905	0.00643	0.00436	0.01149
16	0.01818	0.01818	0.02545	0.02181	0.02181	0.02545	0.01818	0.01999	0.01272	0.01999	0.01091	0.01818	0.01091	0.01454	0.02726	0.00364	0.69284	0.00727	0.00364	0.00909
17	0.02294	0.02408	0.02922	0.03637	0.34789	0.17099	0.05473	0.03110	0.14589	0.02708	0.01873	0.02149	0.01503	0.00843	0.00819	0.00248	0.01061	0.00747	0.00503	0.01223
18	0.03103	0.03959	0.02354	0.02140	0.02568	0.67469	0.01605	0.03317	0.02354	0.02033	0.01284	0.01498	0.01070	0.00856	0.00749	0.00214	0.01498	0.00535	0.00428	0.00963
19	0.03156	0.02394	0.02487	0.01921	0.02576	0.05233	0.01580	0.60415	0.03842	0.05104	0.01965	0.01974	0.01399	0.00991	0.00828	0.00248	0.00938	0.00739	0.00815	0.01394
20	0.01043	0.00850	0.00926	0.00923	0.01181	0.00733	0.00703	0.01301	0.01991	0.02487	0.20144	0.07696	0.49770	0.02029	0.00991	0.00282	0.00434	0.04991	0.00801	0.00722
21	0.03482	0.01808	0.02172	0.01665	0.02317	0.01806	0.01376	0.29428	0.03037	0.39886	0.02724	0.02468	0.01779	0.01015	0.00834	0.00254	0.00796	0.00798	0.00943	0.01413
22	0.01137	0.00848	0.01056	0.01004	0.01217	0.00767	0.00753	0.01492	0.02259	0.03111	0.53701	0.06567	0.19458	0.01780	0.00980	0.00265	0.00398	0.01553	0.00886	0.00767
23	0.01818	0.01818	0.02545	0.02181	0.02181	0.02545	0.01818	0.01999	0.01272	0.01999	0.01091	0.01818	0.01091	0.01454	0.02726	0.00364	0.69284	0.00727	0.00364	0.00909
24	0.01023	0.00836	0.00903	0.00901	0.01151	0.00716	0.00670	0.01266	0.01969	0.02457	0.19679	0.11183	0.50257	0.02050	0.00986	0.00280	0.00418	0.01737	0.00800	0.00716
25	0.01549	0.00774	0.00774	0.00774	0.00968	0.00774	0.00581	0.01936	0.01742	0.03097	0.02710	0.03097	0.02129	0.00968	0.00581	0.00194	0.00387	0.00774	0.75416	0.00774
26	0.01946	0.01469	0.01585	0.01421	0.01856	0.01574	0.01107	0.03442	0.39006	0.10385	0.04823	0.04481	0.20594	0.01398	0.00884	0.00279	0.00595	0.01162	0.00845	0.01149
27	0.00982	0.00842	0.00842	0.00842	0.01122	0.00701	0.00631	0.01192	0.01894	0.02244	0.08416	0.07995	0.65285	0.02104	0.00982	0.00281	0.00421	0.01753	0.00771	0.00701
28	0.02056	0.01974	0.03372	0.05099	0.65622	0.01974	0.02550	0.02550	0.01892	0.02714	0.01563	0.02056	0.01316	0.00740	0.00822	0.00247	0.00987	0.00740	0.00411	0.01316
29	0.01010	0.00730	0.00957	0.01139	0.01200	0.00676	0.00763	0.01159	0.01608	0.02128	0.04798	0.66712	0.08903	0.02574	0.01056	0.00334	0.00478	0.02327	0.00771	0.00676
30	0.00992	0.00842	0.00855	0.00852	0.01128	0.00705	0.00639	0.01211	0.01917	0.02299	0.11279	0.07905	0.62387	0.02083	0.00982	0.00280	0.00419	0.01741	0.00779	0.00705
31	0.01012	0.00723	0.00964	0.01157	0.01205	0.00675	0.00771	0.01157	0.01591	0.02121	0.04579	0.70262	0.05495	0.02603	0.01060	0.00337	0.00482	0.02362	0.00771	0.00675
32	0.01887	0.02696	0.18998	0.03181	0.04074	0.02081	0.46177	0.02625	0.01882	0.02625	0.01611	0.02110	0.01205	0.00754	0.01014	0.00280	0.04379	0.00885	0.00402	0.01136
33	0.01961	0.02241	0.04902	0.03501	0.04342	0.02101	0.62605	0.02661	0.01961	0.02661	0.01681	0.02241	0.01261	0.00700	0.00980	0.00280	0.01401	0.00980	0.00420	0.01120
34	0.00982	0.00842	0.00842	0.00842	0.01122	0.00701	0.00631	0.01192	0.01894	0.02244	0.08416	0.07995	0.65285	0.02104	0.00982	0.00281	0.00421	0.01753	0.00771	0.00701
35	0.03333	0.02046	0.02319	0.01778	0.02436	0.02159	0.01469	0.44740	0.03435	0.24012	0.02390	0.02251	0.01611	0.01007	0.00832	0.00252	0.00850	0.00775	0.00892	0.01413
36	0.02056	0.01974	0.03372	0.05099	0.65622	0.01974	0.02550	0.02550	0.01892	0.02714	0.01563	0.02056	0.01316	0.00740	0.00822	0.00247	0.00987	0.00740	0.00411	0.01316
37	0.01971	0.41060	0.32403	0.01849	0.02793	0.02674	0.02165	0.02552	0.01718	0.02260	0.01307	0.01523	0.01060	0.00746	0.00649	0.00216	0.01042	0.00521	0.00353	0.01139
38	0.01207	0.00810	0.00931	0.00931	0.00940	0.00819	0.00534	0.01224	0.01215	0.01629	0.02595	0.05310	0.02965	0.67051	0.07906	0.00836	0.00888	0.01190	0.00500	0.00517
39	0.01019	0.00732	0.00956	0.01133	0.01189	0.00681	0.00754	0.01160	0.01588	0.02105	0.04668	0.64854	0.08039	0.05373	0.01187	0.00354	0.00493	0.02288	0.00760	0.00669
40	0.02191	0.02397	0.02614	0.02191	0.02460	0.21709	0.10146	0.02479	0.01747	0.02230	0.01419	0.01930	0.01229	0.01113	0.01641	0.00287	0.31483	0.00711	0.09085	0.00939
41	0.02221	0.71304	0.04353	0.01421	0.02132	0.03287	0.01421	0.02488	0.01688	0.01955	0.01155	0.01333	0.01066	0.00711	0.00533	0.00178	0.00888	0.00444	0.00355	0.01066
42	0.01045	0.00837	0.00934	0.00924	0.01164	0.00726	0.00688	0.01309	0.02021	0.02580	0.26118	0.11049	0.43670	0.02005	0.00986	0.00278	0.00415	0.01709	0.00817	0.00726
43	0.01187	0.00890	0.01335	0.01335	0.01483	0.01038	0.01038	0.01483	0.01335	0.01928	0.02225	0.03264	0.02077	0.06231	0.67512	0.01335	0.02225	0.00890	0.00445	0.00742
44	0.03194	0.03100	0.02265	0.01950	0.02459	0.41494	0.01509	0.12094	0.05352	0.15822	0.01893	0.01916	0.01389	0.00924	0.00783	0.00231	0.01213	0.00646	0.00629	0.01137
45	0.01953	0.02217	0.04768	0.03426	0.04219	0.02126	0.59140	0.02623	0.01922	0.02623	0.01647	0.02217	0.01251	0.00743	0.01080	0.00285	0.05271	0.00966	0.00417	0.01108
46	0.01187	0.00890	0.01335	0.01335	0.01483	0.01038	0.01038	0.01483	0.01335	0.01928	0.02225	0.03264	0.02077	0.06231	0.67512	0.01335	0.02225	0.00890	0.00445	0.00742
47	0.02818	0.03418	0.02632	0.02948	0.19773	0.49598	0.01863	0.03108	0.02228	0.02219	0.01360	0.01650	0.01137	0.00824	0.00769	0.00223	0.01359	0.00591	0.00423	0.01059
48	0.01950	0.38519	0.34760	0.01884	0.02848	0.02623	0.02228	0.02558	0.01720	0.02285	0.01319	0.01539	0.01059	0.00749	0.00658	0.00219	0.01054	0.00527	0.00353	0.01145
49	0.01208	0.00805	0.00906	0.00906	0.00906	0.00805	0.00503	0.01208	0.01208	0.01611	0.02618	0.05436	0.03020	0.70804	0.04228	0.00805	0.00805	0.01208	0.00503	0.00503
50	0.01187	0.00890	0.01335	0.01335	0.01483	0.01038	0.01038	0.01483	0.01335	0.01928	0.02225	0.03264	0.02077	0.06231	0.67512	0.01335	0.02225	0.00890	0.00445	0.00742
51	0.00982	0.00842	0.00842	0.00842	0.01122	0.00701	0.00631	0.01192	0.01894	0.02244	0.08416	0.07995	0.65285	0.02104	0.00982	0.00281	0.00421	0.01753	0.00771	0.00701
52	0.01187	0.00890	0.01335	0.01335	0.01483	0.01038	0.01038	0.01483	0.01335	0.01928	0.02225	0.03264	0.02077	0.06231	0.67512	0.01335	0.02225	0.00890	0.00445	0.00742
53	0.00982	0.00842	0.00842	0.00842	0.01122	0.00701	0.00631	0.01192	0.01894	0.02244	0.08416	0.07995	0.65285	0.02104	0.00982	0.00281	0.00421	0.01753	0.00771	0.00701
54	0.01818	0.01818	0.02545	0.02181	0.02181	0.02545	0.01818	0.01999	0.01272	0.01999	0.01091	0.01818	0.01091	0.01454	0.02726	0.00364	0.69284	0.00727	0.00364	0.00909
55	0.03158	0.02327	0.02493	0.01911	0.02576	0.02576	0.01579	0.62852	0.03906	0.05236	0.01995	0.01995	0.01413	0.00997	0.00831	0.00249	0.00914	0.00748	0.00831	0.01413
56	0.03116	0.03583	0.02386	0.02087	0.02570	0.52508	0.01599	0.17043	0.02712	0.02771	0.01448	0.01613	0.01149	0.00889	0.00768	0.00222	0.01363	0.00584	0.00521	0.01067
57	0.03141	0.02826	0.02451	0.01981	0.02574	0.22405	0.01587	0.44661	0.03432	0.04257	0.01777	0.01843	0.01308	0.00954	0.00806	0.00239	0.01093	0.00683	0.00708	0.01275
58	0.00982	0.00842	0.00842	0.00842	0.01122	0.00701	0.00631	0.01192	0.01894	0.02244	0.08416	0.07995	0.65285	0.02104	0.00982	0.00281	0.00421	0.01753	0.00771	0.00701
59	0.01037	0.00743	0.00987	0.01139	0.01211	0.00692	0.00773	0.01220	0.01708	0.02308	0.13965	0.60342	0.05858	0.02463	0.01048	0.00326	0.00468	0.02229	0.00793	0.00692
60	0.02273	0.67343	0.04236	0.01464	0.02158	0.07063	0.01432	0.02536	0.01727	0.01959	0.01163	0.01342	0.01066	0.00719	0.00546	0.00180	0.00924	0.00450	0.00360	0.01060
61	0.01176	0.00849	0.01110	0.01045	0.01241	0.00784	0.00784	0.01568	0.02352	0.03331	0.65184	0.06206	0.07839	0.01698	0.00980	0.00261	0.00392	0.01502	0.00914	0.00784
62	0.01187	0.00890	0.01335	0.01335	0.01483	0.01038	0.01038	0.01483	0.01335	0.01928	0.02225	0.03264	0.02077	0.06231	0.67512	0.01335	0.02225	0.00890	0.00445	0.00742
63	0.03116	0.03591	0.02386	0.02089	0.02570	0.52819	0.01599	0.16758	0.02705	0.02756	0.01444	0.01610	0.01147	0.00888	0.00768	0.00222	0.01366	0.00583	0.00519	0.01065
64	0.02371	0.01717	0.01888	0.01652	0.02153	0.01911	0.01298	0.04347	0.52795	0.14981	0.03362	0.03050	0.02448	0.01109	0.00843	0.00277	0.00667	0.00920	0.00879	0.01333
65	0.01208	0.00805	0.00906	0.00906	0.00906	0.00805	0.00503	0.01208	0.01208	0.01611	0.02618	0.05436	0.03020	0.70804	0.04228	0.00805	0.00805	0.01208	0.00503	0.00503
66	0.01680	0.04200	0.63598	0.02421	0.03631	0.01937	0.05874	0.02632	0.01764	0.02632	0.01500	0.01777	0.01062	0.00785	0.00798	0.00264	0.01236	0.00631	0.00354	0.01223
67	0.01187	0.00890	0.01335	0.01335	0.01483	0.01038	0.01038	0.01483	0.01335	0.01928	0.02225	0.03264	0.02077	0.06231	0.67512	0.01335	0.02225	0.00890	0.00445	0.00742
68	0.02056	0.01974	0.03372	0.05099	0.65622	0.01974	0.02550	0.02550	0.01892	0.02714	0.01563	0.02056	0.01316	0.00740	0.00822	0.00247	0.00987	0.00740	0.00411	0.01316
69	0.01654	0.01563	0.02645	0.57725	0.16142	0.01868	0.02349	0.02197	0.01701	0.02225	0.01492	0.02187	0.01144	0.00815	0.00829	0.00272	0.01086	0.00739	0.00376	0.00991
70	0.03103	0.03959	0.02354	0.02140	0.02568	0.67469	0.01605	0.03317	0.02354	0.02033	0.01284	0.01498	0.01070	0.00856	0.00749	0.00214	0.01498	0.00535	0.00428	0.00963
71	0.00982	0.00842	0.00842	0.00842	0.01122	0.00701	0.00631	0.01192	0.01894	0.02244	0.08416	0.07995	0.65285	0.02104	0.00982	0.00281	0.00421	0.01753	0.00771	0.00701
72	0.00986	0.00827	0.00857	0.00881	0.01133	0.00698	0.00649	0.01188	0.01855	0.02229	0.07933	0.15829	0.57762	0.02167	0.00992	0.00288	0.00428	0.01830	0.00771	0.00698
73	0.01012	0.00723	0.00964	0.01157	0.01205	0.00675	0.00771	0.01157	0.01591	0.02121	0.04579	0.70262	0.05495	0.02603	0.01060	0.00337	0.00482	0.02362	0.00771	0.00675
74	0.03158	0.02327	0.02493	0.01911	0.02576	0.02576	0.01579	0.62852	0.03906	0.05236	0.01995	0.01995	0.01413	0.00997	0.00831	0.00249	0.00914	0.00748	0.00831	0.01413
75	0.01818	0.01818	0.02545	0.02181	0.02181	0.02545	0.01818	0.01999	0.01272	0.01999	0.01091	0.01818	0.01091	0.01454	0.02726	0.00364	0.69284	0.00727	0.00364	0.00909
76	0.01057	0.00793	0.00991	0.01132	0.01266	0.00728	0.00825	0.01258	0.01725	0.02213	0.05589	0.43535	0.21580	0.02418	0.01053	0.00329	0.00511	0.11530	0.00770	0.00697
77	0.02476	0.51864	0.03776	0.01629	0.02258	0.21814	0.01474	0.02727	0.01880	0.01977	0.01192	0.01380	0.01067	0.00753	0.00595	0.00188	0.01064	0.00470	0.00376	0.01036
78	0.01208	0.00805	0.00906	0.00906	0.00906	0.00805	0.00503	0.01208	0.01208	0.01611	0.02618	0.05436	0.03020	0.70804	0.04228	0.00805	0.00805	0.01208	0.00503	0.00503
79	0.01322	0.00951	0.01315	0.01498	0.01693	0.00944	0.01305	0.01696	0.01912	0.02475	0.04588	0.09306	0.07631	0.02286	0.01140	0.00378	0.00749	0.57285	0.00765	0.00762
80	0.01971	0.01887	0.03219	0.16182	0.55202	0.01952	0.02507	0.02475	0.01852	0.02611	0.01548	0.02084	0.01280	0.00756	0.00824	0.00252	0.01008	0.00740	0.00404	0.01248
81	0.02443	0.01990	0.01890	0.01607	0.02076	0.09520	0.01270	0.23816	0.21874	0.03827	0.02507	0.02533	0.01886	0.01014	0.00768	0.00242	0.00781	0.00789	0.17984	0.01183
82	0.01187	0.00890	0.01335	0.01335	0.01483	0.01038	0.01038	0.01483	0.01335	0.01928	0.02225	0.03264	0.02077	0.06231	0.67512	0.01335	0.02225	0.00890	0.00445	0.00742
83	0.03155	0.02423	0.02485	0.01925	0.02576	0.06394	0.01581	0.59350	0.03815	0.05047	0.01953	0.01965	0.01393	0.00989	0.00826	0.00247	0.00949	0.00735	0.00807	0.01386
84	0.02807	0.02286	0.03012	0.02276	0.02949	0.05980	0.16888	0.38452	0.03136	0.07817	0.01959	0.02128	0.01419	0.01128	0.03559	0.00299	0.01110	0.00805	0.00701	0.01287
85	0.01972	0.02210	0.04725	0.03686	0.11440	0.02086	0.55649	0.02648	0.01953	0.02667	0.01667	0.02219	0.01267	0.00705	0.00962	0.00276	0.01353	0.00953	0.00419	0.01143
86	0.01031	0.00843	0.00909	0.00893	0.01152	0.00722	0.00670	0.01287	0.02009	0.02518	0.22695	0.07545	0.50835	0.02002	0.00981	0.00276	0.00414	0.01690	0.00807	0.00722
87	0.02027	0.02056	0.03843	0.04607	0.46747	0.02013	0.21047	0.02584	0.01913	0.02698	0.01599	0.02113	0.01299	0.00728	0.00871	0.00257	0.01114	0.00814	0.00414	0.01256
88	0.01971	0.02890	0.23747	0.03690	0.28099	0.05796	0.16506	0.02646	0.01891	0.02636	0.01551	0.01970	0.01205	0.00753	0.00844	0.00258	0.01189	0.00743	0.00395	0.01222
89	0.01454	0.01009	0.01087	0.01009	0.01356	0.00903	0.00776	0.01886	0.07997	0.10902	0.07241	0.06830	0.50755	0.01866	0.00949	0.00278	0.00482	0.01552	0.00813	0.00856
90	0.01185	0.00889	0.01132	0.01238	0.01442	0.00836	0.01015	0.01496	0.01927	0.02477	0.12497	0.14217	0.23033	0.02199	0.01072	0.00335	0.00595	0.30892	0.00784	0.00740
91	0.01864	0.03041	0.30924	0.03522	0.23514	0.01987	0.17880	0.02613	0.01850	0.02665	0.01561	0.01973	0.01189	0.00751	0.00848	0.00262	0.01195	0.00746	0.00387	0.01229
92	0.01012	0.00723	0.00964	0.01157	0.01205	0.00675	0.00771	0.01157	0.01591	0.02121	0.04579	0.70262	0.05495	0.02603	0.01060	0.00337	0.00482	0.02362	0.00771	0.00675
93	0.02056	0.01974	0.03372	0.05099	0.65622	0.01974	0.02550	0.02550	0.01892	0.02714	0.01563	0.02056	0.01316	0.00740	0.00822	0.00247	0.00987	0.00740	0.00411	0.01316
94	0.04832	0.33194	0.37055	0.01908	0.02885	0.02514	0.02271	0.02561	0.01712	0.02381	0.01332	0.01556	0.01052	0.00755	0.00668	0.00226	0.01058	0.00534	0.00359	0.01145
95	0.02307	0.02393	0.02084	0.01855	0.02167	0.25892	0.01455	0.12169	0.02115	0.02513	0.01666	0.02186	0.01447	0.02669	0.22152	0.00597	0.12176	0.00711	0.00489	0.00958
96	0.00982	0.00842	0.00842	0.00842	0.01122	0.00701	0.00631	0.01192	0.01894	0.02244	0.08416	0.07995	0.65285	0.02104	0.00982	0.00281	0.00421	0.01753	0.00771	0.00701
97	0.03103	0.03959	0.02354	0.02140	0.02568	0.67469	0.01605	0.03317	0.02354	0.02033	0.01284	0.01498	0.01070	0.00856	0.00749	0.00214	0.01498	0.00535	0.00428	0.00963
98	0.03158	0.02327	0.02493	0.01911	0.02576	0.02576	0.01579	0.62852	0.03906	0.05236	0.01995	0.01995	0.01413	0.00997	0.00831	0.00249	0.00914	0.00748	0.00831	0.01413
99	0.01375	0.01171	0.01768	0.01618	0.01754	0.01442	0.03892	0.01649	0.01342	0.01965	0.01941	0.02955	0.01839	0.07448	0.46273	0.01031	0.18453	0.00867	0.00426	0.00789
100	0.02060	0.02022	0.03047	0.04429	0.52769	0.07399	0.02327	0.02517	0.01933	0.02630	0.01873	0.02869	0.01703	0.00933	0.00854	0.00260	0.01004	0.07696	0.00454	0.01221
101	0.01149	0.00895	0.01075	0.01165	0.01403	0.00821	0.00963	0.01440	0.01902	0.02358	0.06530	0.08641	0.36888	0.02194	0.01060	0.00328	0.00582	0.29105	0.00768	0.00731
102	0.03109	0.02303	0.02466	0.01902	0.02558	0.02554	0.01567	0.60254	0.06583	0.05157	0.02056	0.02044	0.01463	0.01003	0.00832	0.00251	0.00903	0.00756	0.00832	0.01408
103	0.01666	0.04297	0.66500	0.02368	0.03596	0.01929	0.03069	0.02631	0.01754	0.02631	0.01491	0.01754	0.01052	0.00789	0.00789	0.00263	0.01228	0.00614	0.00351	0.01228
104	0.02465	0.01735	0.01920	0.01658	0.02173	0.01917	0.01309	0.07287	0.48321	0.16529	0.03290	0.02988	0.02380	0.01100	0.00843	0.00275	0.00681	0.00908	0.00882	0.01340
105	0.01841	0.25456	0.46876	0.02069	0.03133	0.02358	0.02549	0.02586	0.01733	0.02417	0.01385	0.01621	0.01057	0.00764	0.00708	0.00236	0.01121	0.00560	0.00352	0.01177
106	0.01506	0.01129	0.01291	0.01244	0.01501	0.01124	0.00922	0.15406	0.02234	0.02920	0.07458	0.35763	0.20146	0.02066	0.00984	0.00299	0.00562	0.01797	0.00791	0.00856
107	0.01371	0.01147	0.01598	0.01502	0.01568	0.01430	0.01157	0.01564	0.01314	0.01907	0.02148	0.08932	0.02239	0.16513	0.29958	0.00850	0.22577	0.01024	0.00458	0.00743
108	0.01106	0.00790	0.01072	0.01264	0.01353	0.00756	0.00934	0.01319	0.01683	0.02226	0.04527	0.52753	0.05289	0.02514	0.01085	0.00350	0.00563	0.18945	0.00769	0.00701
109	0.05336	0.18596	0.35470	0.02056	0.02957	0.17330	0.02282	0.02750	0.01863	0.02394	0.01356	0.01586	0.01053	0.00787	0.00713	0.00233	0.01192	0.00552	0.00377	0.01118
110	0.01598	0.01506	0.02543	0.65060	0.09245	0.01853	0.02321	0.02148	0.01675	0.02157	0.01482	0.02206	0.01120	0.00825	0.00830	0.00275	0.01100	0.00738	0.00372	0.00946
111	0.01012	0.00723	0.00964	0.01157	0.01205	0.00675	0.00771	0.01157	0.01591	0.02121	0.04579	0.70262	0.05495	0.02603	0.01060	0.00337	0.00482	0.02362	0.00771	0.00675
112	0.02736	0.03331	0.02592	0.02493	0.08731	0.47362	0.04277	0.02992	0.02110	0.02120	0.01295	0.01638	0.01105	0.00939	0.01101	0.00245	0.12917	0.00606	0.00415	0.00995
113	0.01940	0.02499	0.17954	0.07255	0.45912	0.01963	0.05329	0.02554	0.01853	0.02666	0.01547	0.02002	0.01243	0.00754	0.00822	0.00253	0.01066	0.00722	0.00396	0.01269
114	0.00982	0.00842	0.00842	0.00842	0.01122	0.00701	0.00631	0.01192	0.01894	0.02244	0.08416	0.07995	0.65285	0.02104	0.00982	0.00281	0.00421	0.01753	0.00771	0.00701
115	0.01679	0.04206	0.63775	0.02418	0.03629	0.01937	0.05703	0.02632	0.01763	0.02632	0.01499	0.01775	0.01062	0.00785	0.00798	0.00264	0.01235	0.00630	0.00354	0.01223
116	0.02034	0.05951	0.02885	0.10975	0.03135	0.09339	0.20217	0.02646	0.07532	0.08441	0.03242	0.03394	0.14346	0.01089	0.00882	0.00264	0.01013	0.01005	0.00577	0.01033
117	0.02056	0.01974	0.03372	0.05099	0.65622	0.01974	0.02550	0.02550	0.01892	0.02714	0.01563	0.02056	0.01316	0.00740	0.00822	0.00247	0.00987	0.00740	0.00411	0.01316
118	0.03113	0.03665	0.02379	0.02099	0.02570	0.55782	0.01600	0.14040	0.02634	0.02610	0.01412	0.01588	0.01132	0.00882	0.00764	0.00220	0.01393	0.00573	0.00501	0.01044
119	0.09023	0.07138	0.35548	0.11289	0.03752	0.02025	0.14703	0.02542	0.01747	0.02636	0.01475	0.01850	0.01088	0.00770	0.00792	0.00263	0.01170	0.00679	0.00383	0.01124
120	0.02182	0.01112	0.01444	0.01320	0.01669	0.01033	0.01018	0.02625	0.07335	0.27061	0.10405	0.25291	0.07135	0.01734	0.00948	0.00294	0.00588	0.04885	0.00891	0.01032
121	0.01012	0.00723	0.00964	0.01157	0.01205	0.00675	0.00771	0.01157	0.01591	0.02121	0.04579	0.70262	0.05495	0.02603	0.01060	0.00337	0.00482	0.02362	0.00771	0.00675
122	0.01208	0.00805	0.00906	0.00906	0.00906	0.00805	0.00503	0.01208	0.01208	0.01611	0.02618	0.05436	0.03020	0.70804	0.04228	0.00805	0.00805	0.01208	0.00503	0.00503
123	0.03097	0.02401	0.06188	0.01919	0.02615	0.02478	0.01650	0.56716	0.03712	0.07817	0.02023	0.02018	0.01421	0.00987	0.00829	0.00250	0.00923	0.00744	0.00812	0.01402
124	0.01906	0.01821	0.03101	0.24722	0.47172	0.01934	0.02475	0.02418	0.01821	0.02532	0.01536	0.02105	0.01252	0.00768	0.00825	0.00256	0.01024	0.00740	0.00398	0.01195
125	0.01001	0.00842	0.00868	0.00862	0.01134	0.00709	0.00646	0.01229	0.01939	0.02351	0.14010	0.07819	0.59624	0.02064	0.00982	0.00279	0.00418	0.01729	0.00786	0.00709
126	0.03232	0.02208	0.02420	0.01855	0.02517	0.02400	0.01532	0.55204	0.03707	0.13164	0.02161	0.02103	0.01496	0.01001	0.00832	0.00250	0.00887	0.00759	0.00857	0.01413
127	0.03293	0.02062	0.09602	0.01730	0.02448	0.01769	0.01558	0.24110	0.02831	0.37866	0.02629	0.02417	0.01719	0.00990	0.00829	0.00255	0.00839	0.00780	0.00882	0.01392
128	0.01049	0.00837	0.00939	0.00928	0.01167	0.00728	0.00690	0.01317	0.02031	0.02603	0.27317	0.10908	0.42563	0.01996	0.00986	0.00277	0.00415	0.01703	0.00820	0.00728
129	0.03103	0.03959	0.02354	0.02140	0.02568	0.67469	0.01605	0.03317	0.02354	0.02033	0.01284	0.01498	0.01070	0.00856	0.00749	0.00214	0.01498	0.00535	0.00428	0.00963
130	0.03058	0.01890	0.02054	0.01653	0.02223	0.06912	0.01334	0.21338	0.11576	0.28812	0.07984	0.02799	0.02344	0.01076	0.00841	0.00255	0.00797	0.00857	0.00887	0.01311
131	0.03163	0.02086	0.02301	0.01775	0.02409	0.02247	0.01463	0.49551	0.03527	0.15338	0.02250	0.02196	0.01561	0.01001	0.00818	0.00247	0.00850	0.00764	0.05076	0.01377
132	0.01031	0.00736	0.00985	0.01178	0.01234	0.00691	0.00803	0.01189	0.01609	0.02141	0.04569	0.66824	0.05454	0.02585	0.01065	0.00340	0.00498	0.05618	0.00771	0.00680
133	0.01666	0.04297	0.66500	0.02368	0.03596	0.01929	0.03069	0.02631	0.01754	0.02631	0.01491	0.01754	0.01052	0.00789	0.00789	0.00263	0.01228	0.00614	0.00351	0.01228
134	0.02468	0.28031	0.07223	0.02147	0.05126	0.20420	0.08926	0.08815	0.02119	0.02463	0.01370	0.01627	0.01135	0.00817	0.00799	0.00223	0.04168	0.00597	0.00433	0.01092
135	0.01584	0.00908	0.01208	0.01163	0.01389	0.00825	0.00859	0.01876	0.02090	0.14366	0.32708	0.27990	0.05965	0.01892	0.00982	0.00287	0.00481	0.01681	0.00885	0.00861
136	0.03129	0.01481	0.01866	0.01510	0.02080	0.01423	0.01221	0.04001	0.19021	0.45591	0.06947	0.03100	0.02526	0.01094	0.00847	0.00264	0.00675	0.00903	0.00972	0.01350
137	0.01218	0.00880	0.01287	0.01287	0.01439	0.01016	0.00999	0.01523	0.01370	0.02030	0.02267	0.03249	0.02081	0.05775	0.61720	0.01236	0.02066	0.00880	0.06933	0.00745
138	0.02056	0.01974	0.03372	0.05099	0.65622	0.01974	0.02550	0.02550	0.01892	0.02714	0.01563	0.02056	0.01316	0.00740	0.00822	0.00247	0.00987	0.00740	0.00411	0.01316
139	0.01187	0.00890	0.01335	0.01335	0.01483	0.01038	0.01038	0.01483	0.01335	0.01928	0.02225	0.03264	0.02077	0.06231	0.67512	0.01335	0.02225	0.00890	0.00445	0.00742
140	0.26899	0.01527	0.01735	0.01380	0.01983	0.01502	0.01139	0.06858	0.02157	0.42883	0.02530	0.02310	0.01652	0.00945	0.00733	0.00257	0.00698	0.00708	0.00854	0.01250
141	0.01018	0.00744	0.00958	0.01114	0.01197	0.00684	0.00756	0.01184	0.01669	0.02204	0.08483	0.59328	0.12620	0.02493	0.01047	0.00326	0.00470	0.02242	0.00779	0.00684
142	0.01210	0.00897	0.01166	0.01283	0.01483	0.00853	0.01062	0.01533	0.01932	0.02499	0.12489	0.13837	0.19150	0.02207	0.01082	0.00341	0.00618	0.34829	0.00785	0.00745
143	0.01386	0.01032	0.01328	0.01410	0.01622	0.01058	0.01158	0.02011	0.10680	0.02702	0.14806	0.11144	0.04939	0.06025	0.01250	0.00369	0.00671	0.34795	0.00788	0.00825

[dist]
# distance from previous block
# <min> <max>
0	16

# created by:
# /home/cegg/simao/soft/augustus-3.2.1/scripts/msa2prfl.pl ./align_prep/12517.fa
