[name]
unknown

[dist]
# distance from previous block
# <min> <max>
0	30

[block]
# block no. 0 follows, 22 sequences, length 61
# corresponding to MSA columns:
# 30-90
name=unknown_A
#
# <colnr> <probs for GDERKNQSTAVLIFYWHMCP>
#	G	D	E	R	K	N	Q	S	T	A	V	L	I	F	Y	W	H	M	C	P
0	0.01105	0.00861	0.01012	0.01015	0.01252	0.00768	0.00789	0.01407	0.02067	0.02684	0.28990	0.07524	0.35275	0.01980	0.01005	0.00288	0.00459	0.09955	0.00824	0.00741
1	0.01213	0.00929	0.01386	0.01371	0.01513	0.01102	0.01071	0.01505	0.01332	0.01931	0.02178	0.03203	0.02036	0.06030	0.64797	0.01294	0.05036	0.00883	0.00442	0.00749
2	0.02197	0.32415	0.27089	0.01923	0.02767	0.16056	0.02073	0.02713	0.01850	0.02223	0.01307	0.01524	0.01062	0.00770	0.00673	0.00217	0.01141	0.00526	0.00369	0.01105
3	0.02753	0.06205	0.02156	0.03942	0.02268	0.05052	0.01338	0.21643	0.09228	0.20913	0.12872	0.02978	0.02723	0.01105	0.00835	0.00251	0.00778	0.00887	0.00834	0.01237
4	0.03040	0.02199	0.02463	0.08135	0.02846	0.02436	0.01628	0.54055	0.03615	0.08186	0.02014	0.02059	0.01418	0.00983	0.00831	0.00252	0.00921	0.00752	0.00798	0.01367
5	0.01166	0.01001	0.01017	0.00985	0.01298	0.00933	0.00747	0.01738	0.12442	0.02453	0.07562	0.07165	0.54649	0.01938	0.00959	0.00281	0.00461	0.01615	0.00784	0.00805
6	0.05681	0.01451	0.02324	0.55748	0.08419	0.01762	0.02096	0.02148	0.01667	0.02326	0.01570	0.02235	0.01195	0.00834	0.00791	0.00267	0.01014	0.00726	0.06815	0.00931
7	0.01207	0.00884	0.01304	0.01304	0.01455	0.01024	0.01013	0.01509	0.01358	0.01993	0.02252	0.03254	0.02080	0.05938	0.63792	0.01272	0.02123	0.00884	0.04612	0.00744
8	0.01583	0.01196	0.01503	0.01548	0.05067	0.01249	0.01091	0.15118	0.02101	0.02822	0.03707	0.31592	0.09229	0.02846	0.14733	0.00514	0.00961	0.01551	0.00698	0.00891
9	0.03158	0.02327	0.02493	0.01911	0.02576	0.02576	0.01579	0.62852	0.03906	0.05236	0.01995	0.01995	0.01413	0.00997	0.00831	0.00249	0.00914	0.00748	0.00831	0.01413
10	0.01153	0.00789	0.00916	0.00959	0.00984	0.00771	0.00570	0.01196	0.01327	0.01756	0.03341	0.20078	0.06623	0.52169	0.03360	0.00675	0.00714	0.01493	0.00576	0.00551
11	0.01136	0.00783	0.00979	0.01078	0.01171	0.00731	0.00719	0.01299	0.01575	0.02199	0.06152	0.47355	0.04641	0.13812	0.01525	0.00390	0.00531	0.01896	0.07688	0.04341
12	0.02203	0.01085	0.01424	0.01315	0.01628	0.00998	0.00982	0.05652	0.02011	0.27445	0.03853	0.37598	0.03828	0.04480	0.01079	0.00319	0.00606	0.01631	0.00865	0.00999
13	0.01012	0.00723	0.00964	0.01157	0.01205	0.00675	0.00771	0.01157	0.01591	0.02121	0.04579	0.70262	0.05495	0.02603	0.01060	0.00337	0.00482	0.02362	0.00771	0.00675
14	0.01148	0.00819	0.00977	0.01056	0.01240	0.00727	0.00761	0.01341	0.01775	0.05329	0.06151	0.37282	0.30929	0.02297	0.01020	0.00311	0.00481	0.04848	0.00784	0.00727
15	0.01370	0.00846	0.01059	0.01092	0.01245	0.00776	0.00753	0.01539	0.01721	0.09464	0.10215	0.35667	0.13200	0.15175	0.01616	0.00402	0.00552	0.01805	0.00763	0.00740
16	0.00982	0.00842	0.00842	0.00842	0.01122	0.00701	0.00631	0.01192	0.01894	0.02244	0.08416	0.07995	0.65285	0.02104	0.00982	0.00281	0.00421	0.01753	0.00771	0.00701
17	0.01187	0.00890	0.01335	0.01335	0.01483	0.01038	0.01038	0.01483	0.01335	0.01928	0.02225	0.03264	0.02077	0.06231	0.67512	0.01335	0.02225	0.00890	0.00445	0.00742
18	0.08239	0.01231	0.01288	0.01196	0.01532	0.01311	0.00921	0.02620	0.23659	0.03172	0.17902	0.04588	0.15695	0.01390	0.00834	0.00262	0.00512	0.01156	0.11529	0.00962
19	0.01506	0.01056	0.01230	0.01147	0.01449	0.01018	0.00872	0.02161	0.13072	0.08973	0.25890	0.10997	0.23943	0.01731	0.00949	0.00277	0.00485	0.01485	0.00857	0.00904
20	0.03158	0.02327	0.02493	0.01911	0.02576	0.02576	0.01579	0.62852	0.03906	0.05236	0.01995	0.01995	0.01413	0.00997	0.00831	0.00249	0.00914	0.00748	0.00831	0.01413
21	0.01187	0.00890	0.01335	0.01335	0.01483	0.01038	0.01038	0.01483	0.01335	0.01928	0.02225	0.03264	0.02077	0.06231	0.67512	0.01335	0.02225	0.00890	0.00445	0.00742
22	0.01185	0.00942	0.01026	0.01035	0.01252	0.00902	0.00738	0.01634	0.10406	0.02281	0.05989	0.18164	0.35004	0.11306	0.01492	0.03000	0.00527	0.01642	0.00731	0.00744
23	0.01012	0.00723	0.00964	0.01157	0.01205	0.00675	0.00771	0.01157	0.01591	0.02121	0.04579	0.70262	0.05495	0.02603	0.01060	0.00337	0.00482	0.02362	0.00771	0.00675
24	0.03684	0.01483	0.01971	0.01511	0.02155	0.01324	0.01248	0.08525	0.02494	0.61556	0.03180	0.02764	0.02007	0.01026	0.00835	0.00256	0.00723	0.00829	0.01013	0.01414
25	0.01005	0.00833	0.00880	0.00887	0.01141	0.00708	0.00658	0.01230	0.01920	0.02351	0.14205	0.12544	0.54579	0.02098	0.00988	0.00283	0.00422	0.01773	0.00787	0.00708
26	0.01005	0.00751	0.00935	0.01083	0.01186	0.00681	0.00739	0.01165	0.01661	0.02149	0.05472	0.55762	0.19418	0.02487	0.01042	0.00324	0.00468	0.02220	0.00771	0.00681
27	0.01804	0.01474	0.01731	0.01241	0.01975	0.01112	0.00994	0.02171	0.01749	0.05288	0.01550	0.01768	0.01264	0.00632	0.00624	0.00128	0.00619	0.00506	0.00514	0.72856
28	0.01831	0.24156	0.48082	0.02087	0.03162	0.02332	0.02581	0.02588	0.01734	0.02430	0.01391	0.01629	0.01056	0.00766	0.00713	0.00238	0.01127	0.00564	0.00352	0.01180
29	0.01016	0.00848	0.00889	0.00892	0.01161	0.00721	0.00678	0.01252	0.01937	0.02357	0.13547	0.07890	0.57144	0.02075	0.00989	0.00283	0.00434	0.04391	0.00785	0.00712
30	0.02457	0.01444	0.01665	0.01391	0.01889	0.01431	0.01112	0.10950	0.16258	0.24995	0.04676	0.04331	0.21061	0.01369	0.00881	0.00269	0.00637	0.01123	0.00884	0.01178
31	0.03103	0.03959	0.02354	0.02140	0.02568	0.67469	0.01605	0.03317	0.02354	0.02033	0.01284	0.01498	0.01070	0.00856	0.00749	0.00214	0.01498	0.00535	0.00428	0.00963
32	0.03158	0.02327	0.02493	0.01911	0.02576	0.02576	0.01579	0.62852	0.03906	0.05236	0.01995	0.01995	0.01413	0.00997	0.00831	0.00249	0.00914	0.00748	0.00831	0.01413
33	0.01009	0.00843	0.00880	0.00871	0.01139	0.00713	0.00653	0.01246	0.01959	0.02399	0.16496	0.07740	0.57109	0.02046	0.00982	0.00278	0.00417	0.01718	0.00792	0.00713
34	0.02407	0.02674	0.02923	0.09080	0.37355	0.26360	0.02178	0.02801	0.02046	0.02413	0.01452	0.01861	0.01208	0.00791	0.00796	0.00237	0.01187	0.00664	0.00414	0.01153
35	0.01401	0.15454	0.01959	0.01353	0.01618	0.01504	0.01118	0.01691	0.01408	0.01934	0.02004	0.02864	0.01868	0.05089	0.53659	0.01096	0.01949	0.00798	0.00426	0.00809
36	0.01846	0.01619	0.07500	0.01422	0.01872	0.01463	0.01194	0.03009	0.28018	0.10006	0.04260	0.04410	0.17024	0.11041	0.01343	0.00350	0.00682	0.01124	0.00755	0.01062
37	0.01512	0.01096	0.01320	0.01332	0.01524	0.01118	0.00959	0.15524	0.02130	0.02846	0.03977	0.54365	0.04544	0.02229	0.01007	0.00317	0.00583	0.01986	0.00785	0.00847
38	0.01197	0.00801	0.00909	0.00920	0.00922	0.00798	0.00518	0.01205	0.01229	0.01639	0.02724	0.08964	0.03155	0.67093	0.04056	0.00780	0.00788	0.01271	0.00518	0.00513
39	0.01187	0.00890	0.01335	0.01335	0.01483	0.01038	0.01038	0.01483	0.01335	0.01928	0.02225	0.03264	0.02077	0.06231	0.67512	0.01335	0.02225	0.00890	0.00445	0.00742
40	0.02112	0.02079	0.03318	0.04942	0.62270	0.05456	0.02499	0.02590	0.01916	0.02678	0.01548	0.02026	0.01303	0.00746	0.00819	0.00245	0.01014	0.00729	0.00412	0.01297
41	0.02208	0.01865	0.01887	0.01668	0.02146	0.05459	0.01303	0.08585	0.49607	0.06192	0.03479	0.03229	0.06336	0.01160	0.00847	0.00275	0.00709	0.00950	0.00825	0.01269
42	0.01569	0.01477	0.02492	0.68808	0.05722	0.01846	0.02307	0.02123	0.01661	0.02123	0.01477	0.02215	0.01107	0.00831	0.00831	0.00277	0.01107	0.00738	0.00369	0.00923
43	0.02056	0.01974	0.03372	0.05099	0.65622	0.01974	0.02550	0.02550	0.01892	0.02714	0.01563	0.02056	0.01316	0.00740	0.00822	0.00247	0.00987	0.00740	0.00411	0.01316
44	0.02027	0.02165	0.02865	0.35378	0.18125	0.15469	0.07412	0.02510	0.01881	0.02281	0.01473	0.02034	0.01159	0.00805	0.00825	0.00258	0.01187	0.00718	0.00395	0.01035
45	0.02015	0.01947	0.03367	0.09885	0.58584	0.01969	0.04960	0.02522	0.01877	0.02667	0.01561	0.02076	0.01298	0.00745	0.00829	0.00250	0.01013	0.00750	0.00408	0.01278
46	0.01017	0.00843	0.00890	0.00878	0.01143	0.00716	0.00659	0.01260	0.01976	0.02440	0.18617	0.07673	0.54962	0.02031	0.00981	0.00277	0.00416	0.01708	0.00797	0.00716
47	0.01174	0.00863	0.01240	0.01258	0.01376	0.00973	0.00938	0.01415	0.01340	0.01900	0.02492	0.09554	0.02517	0.15182	0.52493	0.01170	0.01866	0.01067	0.00483	0.00702
48	0.02956	0.02150	0.02323	0.01836	0.02456	0.02379	0.01499	0.46352	0.16964	0.08722	0.02379	0.02289	0.01699	0.01028	0.00834	0.00257	0.00845	0.00795	0.00847	0.01391
49	0.01585	0.01510	0.01728	0.01622	0.01779	0.10625	0.01279	0.01846	0.01464	0.01958	0.01859	0.02718	0.01732	0.04492	0.44790	0.00978	0.15994	0.00807	0.00426	0.00807
50	0.03185	0.02284	0.02467	0.01891	0.02555	0.02513	0.01562	0.60098	0.03834	0.08091	0.02055	0.02034	0.01443	0.00999	0.00831	0.00250	0.00904	0.00752	0.00840	0.01413
51	0.01070	0.00752	0.00962	0.01090	0.01138	0.00713	0.00710	0.01200	0.01559	0.02094	0.08736	0.50289	0.05097	0.18416	0.01792	0.00441	0.00550	0.02028	0.00720	0.00643
52	0.02102	0.02148	0.03048	0.17863	0.44429	0.11092	0.02368	0.02568	0.01909	0.02497	0.01506	0.02011	0.01238	0.00775	0.00814	0.00248	0.01083	0.00711	0.00405	0.01185
53	0.01956	0.02252	0.12104	0.10666	0.51368	0.01956	0.02599	0.02521	0.01851	0.02647	0.01545	0.02029	0.01260	0.00755	0.00819	0.00252	0.01032	0.00722	0.00399	0.01267
54	0.09179	0.40161	0.17717	0.01671	0.02473	0.02751	0.01764	0.10944	0.01987	0.02730	0.01348	0.01521	0.01096	0.00774	0.00630	0.00214	0.00945	0.00525	0.00436	0.01135
55	0.04458	0.12099	0.18622	0.01474	0.01998	0.01508	0.01478	0.01828	0.01699	0.02319	0.03897	0.22448	0.17260	0.01619	0.00933	0.00279	0.03260	0.01345	0.00575	0.00900
56	0.02126	0.01497	0.01616	0.01411	0.01733	0.05576	0.01059	0.18871	0.02335	0.10272	0.08486	0.13063	0.03066	0.17940	0.06741	0.00474	0.00892	0.01162	0.00721	0.00958
57	0.02164	0.01529	0.01674	0.01428	0.01838	0.01621	0.01118	0.28295	0.06039	0.03804	0.02786	0.17583	0.02545	0.01336	0.00813	0.00251	0.00664	0.01112	0.18168	0.05232
58	0.01905	0.02007	0.06202	0.19820	0.37082	0.01965	0.13884	0.02473	0.01844	0.02560	0.01561	0.02116	0.01244	0.00756	0.00853	0.00261	0.01104	0.00780	0.00400	0.01182
59	0.06496	0.01647	0.02698	0.43764	0.24965	0.01889	0.02297	0.02282	0.01720	0.02417	0.01484	0.02108	0.01162	0.00797	0.00808	0.00266	0.01039	0.00721	0.00392	0.01049
60	0.01955	0.01871	0.03190	0.18276	0.53233	0.01947	0.02499	0.02461	0.01844	0.02592	0.01545	0.02089	0.01273	0.00759	0.00824	0.00253	0.01012	0.00740	0.00403	0.01235

[dist]
# distance from previous block
# <min> <max>
0	4

[block]
# block no. 1 follows, 22 sequences, length 31
# corresponding to MSA columns:
# 95-125
name=unknown_B
#
# <colnr> <probs for GDERKNQSTAVLIFYWHMCP>
#	G	D	E	R	K	N	Q	S	T	A	V	L	I	F	Y	W	H	M	C	P
0	0.02093	0.16507	0.02240	0.01449	0.01905	0.12406	0.01192	0.14979	0.02462	0.03047	0.18112	0.03840	0.13972	0.01277	0.00817	0.00237	0.00790	0.01007	0.00676	0.00991
1	0.06181	0.03526	0.02335	0.02050	0.02530	0.51419	0.01570	0.15497	0.02633	0.02761	0.01425	0.01594	0.01133	0.00882	0.00756	0.00223	0.01343	0.00575	0.00514	0.01053
2	0.02678	0.22906	0.08323	0.02101	0.06085	0.34325	0.01725	0.08238	0.02226	0.02382	0.01343	0.01548	0.01112	0.00815	0.00702	0.00213	0.01222	0.00546	0.00436	0.01074
3	0.02078	0.02172	0.08810	0.09217	0.50558	0.02011	0.02497	0.07537	0.02030	0.02873	0.01586	0.02036	0.01286	0.00772	0.00821	0.00251	0.01011	0.00730	0.00438	0.01288
4	0.24523	0.40229	0.07438	0.01427	0.02110	0.02711	0.01389	0.07500	0.01795	0.02803	0.01248	0.01421	0.01044	0.00758	0.00569	0.00213	0.00840	0.00483	0.00442	0.01056
5	0.01009	0.00736	0.00951	0.01123	0.01196	0.00678	0.00756	0.01161	0.01623	0.02134	0.04989	0.63609	0.11883	0.02549	0.01052	0.00331	0.00475	0.02297	0.00771	0.00678
6	0.01922	0.02763	0.25148	0.03850	0.38492	0.01967	0.02621	0.02742	0.07339	0.02752	0.01698	0.02043	0.01332	0.00791	0.00813	0.00256	0.01041	0.00714	0.00429	0.01285
7	0.01127	0.00909	0.00956	0.00953	0.01174	0.00842	0.00675	0.01478	0.07222	0.02210	0.06471	0.11543	0.42285	0.16529	0.01660	0.00395	0.00527	0.01611	0.00721	0.00712
8	0.02082	0.44460	0.03460	0.01541	0.02055	0.02767	0.01417	0.06880	0.01874	0.02398	0.09819	0.02123	0.02008	0.00995	0.00998	0.00227	0.12745	0.00659	0.00468	0.01027
9	0.02572	0.08754	0.02532	0.02052	0.02386	0.37875	0.01625	0.02970	0.07445	0.02144	0.01403	0.01717	0.01205	0.01038	0.01303	0.00260	0.20674	0.00618	0.00440	0.00987
10	0.01555	0.01165	0.01357	0.01337	0.01571	0.01201	0.00978	0.14447	0.07625	0.02907	0.04247	0.44773	0.09342	0.02093	0.00987	0.00309	0.00583	0.01845	0.00790	0.00889
11	0.01081	0.00893	0.00954	0.00930	0.01203	0.00791	0.00700	0.01443	0.05302	0.02540	0.20191	0.07355	0.49759	0.01966	0.00974	0.00277	0.00427	0.01657	0.00806	0.00751
12	0.02221	0.71304	0.04353	0.01421	0.02132	0.03287	0.01421	0.02488	0.01688	0.01955	0.01155	0.01333	0.01066	0.00711	0.00533	0.00178	0.00888	0.00444	0.00355	0.01066
13	0.02066	0.01785	0.01878	0.01691	0.02160	0.02066	0.01315	0.04414	0.64121	0.03475	0.03381	0.03099	0.02536	0.01127	0.00845	0.00282	0.00657	0.00939	0.00845	0.01315
14	0.02992	0.03174	0.02267	0.01954	0.02438	0.41210	0.01512	0.22209	0.02799	0.03144	0.01629	0.01789	0.01268	0.00910	0.00761	0.00224	0.01219	0.00623	0.06788	0.01091
15	0.01159	0.00785	0.00921	0.00969	0.00981	0.00772	0.00571	0.01195	0.01305	0.01739	0.03112	0.21783	0.03644	0.53606	0.03429	0.00687	0.00724	0.01499	0.00571	0.00547
16	0.01046	0.00737	0.00954	0.01113	0.01153	0.00698	0.00724	0.01166	0.01524	0.02032	0.04237	0.58963	0.05063	0.14490	0.01613	0.00419	0.00538	0.02161	0.00724	0.00645
17	0.01189	0.00881	0.01289	0.01289	0.01422	0.01014	0.00981	0.01454	0.01322	0.01895	0.02267	0.03496	0.02178	0.13130	0.60750	0.01279	0.02073	0.00924	0.00451	0.00716
18	0.01145	0.00894	0.01069	0.01157	0.01397	0.00818	0.00956	0.01435	0.01902	0.02355	0.06574	0.08626	0.37550	0.02191	0.01058	0.00327	0.00579	0.28468	0.00768	0.00730
19	0.02910	0.03628	0.02417	0.02261	0.05000	0.57212	0.01667	0.03131	0.02208	0.02056	0.01272	0.01558	0.01082	0.00922	0.00986	0.00233	0.09501	0.00566	0.00420	0.00971
20	0.01919	0.02108	0.04348	0.03106	0.03928	0.01928	0.51865	0.02562	0.01919	0.02669	0.01645	0.02151	0.01255	0.00685	0.00917	0.00253	0.01264	0.00895	0.00433	0.14151
21	0.30836	0.29482	0.13695	0.01494	0.02203	0.05845	0.01513	0.02538	0.01628	0.02757	0.01220	0.01420	0.01000	0.00755	0.00581	0.00225	0.00884	0.00480	0.00419	0.01024
22	0.01815	0.01691	0.01702	0.01522	0.01714	0.11864	0.01151	0.06447	0.05246	0.02574	0.18509	0.03876	0.03427	0.18153	0.02082	0.00407	0.15333	0.01030	0.00612	0.00845
23	0.04389	0.00894	0.00982	0.00960	0.01185	0.00826	0.00690	0.01434	0.01715	0.05589	0.08180	0.09723	0.36052	0.16875	0.06476	0.00468	0.00660	0.01493	0.00699	0.00710
24	0.02002	0.13808	0.25484	0.03174	0.21965	0.02156	0.11844	0.02647	0.01843	0.05189	0.01563	0.01898	0.01207	0.00758	0.00790	0.00247	0.01107	0.00691	0.00408	0.01219
25	0.01859	0.01713	0.02538	0.03438	0.35847	0.04012	0.01927	0.02568	0.11022	0.02621	0.02168	0.02977	0.01900	0.02071	0.14899	0.00490	0.01201	0.05098	0.00509	0.01142
26	0.05428	0.03175	0.44486	0.01925	0.02822	0.01600	0.02306	0.02318	0.01906	0.02887	0.19609	0.03000	0.02977	0.01047	0.00829	0.00262	0.00959	0.00858	0.00520	0.01084
27	0.02207	0.02335	0.02257	0.08128	0.09261	0.23910	0.01652	0.07440	0.01972	0.02349	0.01600	0.02148	0.01383	0.02280	0.17762	0.00527	0.10659	0.00707	0.00450	0.00972
28	0.01376	0.01096	0.01096	0.01077	0.01236	0.06693	0.00760	0.01508	0.01559	0.02021	0.03840	0.04804	0.18772	0.20102	0.13578	0.08654	0.00956	0.01135	0.09085	0.00653
29	0.18059	0.11358	0.13827	0.02691	0.20034	0.15907	0.01951	0.02695	0.01838	0.02676	0.01355	0.01646	0.01099	0.00776	0.00700	0.00236	0.01051	0.00576	0.00419	0.01107
30	0.09900	0.01880	0.02656	0.27469	0.25376	0.06731	0.02136	0.02378	0.01722	0.02479	0.01416	0.01972	0.01153	0.00863	0.00994	0.00269	0.08453	0.00692	0.00403	0.01058

[dist]
# distance from previous block
# <min> <max>
27	86

[block]
# block no. 2 follows, 22 sequences, length 22
# corresponding to MSA columns:
# 218-239
name=unknown_C
#
# <colnr> <probs for GDERKNQSTAVLIFYWHMCP>
#	G	D	E	R	K	N	Q	S	T	A	V	L	I	F	Y	W	H	M	C	P
0	0.01480	0.01634	0.09199	0.16986	0.02754	0.01480	0.01528	0.04328	0.06743	0.02458	0.04143	0.04293	0.24317	0.01613	0.04197	0.00327	0.06679	0.01100	0.00575	0.04167
1	0.19929	0.01614	0.03944	0.04454	0.08730	0.04076	0.01422	0.02496	0.07223	0.08168	0.02189	0.03092	0.01900	0.02115	0.13980	0.00490	0.05021	0.07596	0.00569	0.00992
2	0.01823	0.01860	0.04708	0.06407	0.33589	0.04712	0.08344	0.02367	0.04391	0.02690	0.09882	0.03322	0.10188	0.01046	0.00874	0.00258	0.00913	0.00977	0.00530	0.01119
3	0.02460	0.02794	0.02991	0.07534	0.31720	0.29439	0.05969	0.02853	0.02076	0.02390	0.01448	0.01843	0.01197	0.00792	0.00802	0.00237	0.01235	0.00669	0.00416	0.01132
4	0.21276	0.12684	0.04752	0.15096	0.17292	0.04634	0.01772	0.05158	0.01821	0.06258	0.01477	0.01800	0.01157	0.00794	0.00697	0.00244	0.00916	0.00613	0.00471	0.01089
5	0.10413	0.20023	0.20308	0.08883	0.02826	0.02219	0.01866	0.11132	0.01985	0.02854	0.01765	0.08906	0.01565	0.00993	0.00732	0.00248	0.00939	0.00769	0.00487	0.01086
6	0.02200	0.02315	0.02708	0.20393	0.20521	0.17865	0.02081	0.05792	0.01946	0.02410	0.01416	0.01919	0.01169	0.00927	0.01132	0.00267	0.12768	0.00688	0.00419	0.01064
7	0.01742	0.01618	0.01548	0.01474	0.01713	0.15645	0.01135	0.04849	0.01728	0.02244	0.02064	0.02797	0.01831	0.04193	0.41941	0.00905	0.01790	0.00792	0.09164	0.00826
8	0.02400	0.02112	0.02053	0.09541	0.02585	0.12906	0.01449	0.29348	0.02847	0.03548	0.03337	0.03597	0.15516	0.01257	0.00865	0.00260	0.00920	0.03672	0.00693	0.01093
9	0.02441	0.20209	0.03287	0.03196	0.28835	0.23792	0.01954	0.02786	0.01992	0.02298	0.01368	0.01690	0.01172	0.00771	0.00725	0.00218	0.01130	0.00598	0.00403	0.01137
10	0.02863	0.14938	0.02808	0.02312	0.09797	0.40077	0.01665	0.08713	0.02334	0.05072	0.01444	0.01637	0.01171	0.00838	0.00732	0.00217	0.01247	0.00576	0.00477	0.01083
11	0.02164	0.08349	0.39559	0.02376	0.06328	0.22228	0.02486	0.02829	0.01942	0.02408	0.01409	0.01663	0.01072	0.00802	0.00762	0.00242	0.01277	0.00585	0.00378	0.01140
12	0.01068	0.00869	0.00962	0.01009	0.01268	0.00763	0.00803	0.01321	0.01898	0.02303	0.07440	0.08329	0.50592	0.02150	0.01022	0.00305	0.00504	0.15906	0.00770	0.00717
13	0.02617	0.03181	0.02096	0.01936	0.02293	0.50621	0.01461	0.02852	0.02096	0.02007	0.01523	0.01946	0.01325	0.02219	0.17682	0.00498	0.01683	0.00625	0.00432	0.00907
14	0.17317	0.38740	0.10600	0.01544	0.02242	0.09499	0.01517	0.02664	0.01747	0.05758	0.01319	0.01481	0.01083	0.00764	0.00598	0.00212	0.00933	0.00495	0.00430	0.01059
15	0.01244	0.00958	0.01383	0.01398	0.01553	0.01097	0.01123	0.01546	0.01477	0.02060	0.02936	0.04643	0.06175	0.04922	0.46614	0.01027	0.06034	0.12533	0.00521	0.00754
16	0.01613	0.01636	0.01354	0.01269	0.01546	0.17675	0.00951	0.01911	0.02230	0.02712	0.33839	0.05489	0.21441	0.01593	0.00922	0.00254	0.00680	0.01324	0.00753	0.00807
17	0.01277	0.01040	0.01575	0.02157	0.17543	0.01004	0.01222	0.01510	0.01667	0.02271	0.03814	0.52963	0.04435	0.02130	0.01000	0.00314	0.00610	0.01950	0.00680	0.00837
18	0.02085	0.02104	0.03437	0.08212	0.51207	0.06159	0.09449	0.02588	0.01917	0.02632	0.01554	0.02051	0.01282	0.00748	0.00837	0.00250	0.01074	0.00755	0.00411	0.01249
19	0.01987	0.02752	0.22073	0.04156	0.44394	0.04879	0.02662	0.02608	0.01871	0.02659	0.01529	0.01942	0.01227	0.00760	0.00809	0.00250	0.01081	0.00694	0.00394	0.01274
20	0.14088	0.02324	0.02369	0.06876	0.19109	0.18491	0.01716	0.06350	0.07871	0.10340	0.01818	0.02000	0.01382	0.00864	0.00761	0.00247	0.01003	0.00673	0.00565	0.01154
21	0.38051	0.02406	0.18909	0.02444	0.18365	0.01909	0.01888	0.02519	0.01624	0.03182	0.01347	0.01635	0.01045	0.00768	0.00665	0.00256	0.00884	0.00567	0.00445	0.01091

[dist]
# distance from previous block
# <min> <max>
1	2

[block]
# block no. 3 follows, 22 sequences, length 42
# corresponding to MSA columns:
# 242-283
name=unknown_D
#
# <colnr> <probs for GDERKNQSTAVLIFYWHMCP>
#	G	D	E	R	K	N	Q	S	T	A	V	L	I	F	Y	W	H	M	C	P
0	0.02594	0.03093	0.02435	0.02408	0.09082	0.42419	0.01712	0.02836	0.02009	0.02091	0.01335	0.01742	0.01167	0.01326	0.05597	0.00323	0.15821	0.00621	0.00414	0.00974
1	0.02015	0.02220	0.10048	0.04810	0.59063	0.01969	0.02605	0.02558	0.01877	0.02705	0.01555	0.02024	0.01288	0.00745	0.00819	0.00248	0.01012	0.00727	0.00405	0.01307
2	0.02056	0.01974	0.03372	0.05099	0.65622	0.01974	0.02550	0.02550	0.01892	0.02714	0.01563	0.02056	0.01316	0.00740	0.00822	0.00247	0.00987	0.00740	0.00411	0.01316
3	0.01165	0.00885	0.01283	0.01283	0.01445	0.01003	0.00995	0.01453	0.01394	0.01962	0.02880	0.03764	0.08761	0.05794	0.60477	0.01224	0.02034	0.00981	0.00480	0.00737
4	0.00982	0.00842	0.00842	0.00842	0.01122	0.00701	0.00631	0.01192	0.01894	0.02244	0.08416	0.07995	0.65285	0.02104	0.00982	0.00281	0.00421	0.01753	0.00771	0.00701
5	0.00982	0.00842	0.00842	0.00842	0.01122	0.00701	0.00631	0.01192	0.01894	0.02244	0.08416	0.07995	0.65285	0.02104	0.00982	0.00281	0.00421	0.01753	0.00771	0.00701
6	0.02221	0.71304	0.04353	0.01421	0.02132	0.03287	0.01421	0.02488	0.01688	0.01955	0.01155	0.01333	0.01066	0.00711	0.00533	0.00178	0.00888	0.00444	0.00355	0.01066
7	0.03033	0.02546	0.02381	0.01897	0.02498	0.14277	0.01534	0.48780	0.03518	0.04496	0.02203	0.02220	0.04714	0.01030	0.00824	0.00245	0.00994	0.00762	0.00755	0.01294
8	0.01795	0.01173	0.01214	0.01071	0.01403	0.01197	0.00839	0.16684	0.02313	0.03398	0.04031	0.04111	0.18515	0.01273	0.00747	0.00230	0.00525	0.01025	0.37546	0.00912
9	0.01865	0.17773	0.47769	0.02301	0.06338	0.05240	0.02641	0.02629	0.01775	0.02470	0.01417	0.01672	0.01069	0.00774	0.00737	0.00243	0.01159	0.00582	0.00358	0.01187
10	0.01935	0.17147	0.39218	0.02635	0.13907	0.06412	0.02560	0.02633	0.01803	0.02473	0.01423	0.01706	0.01102	0.00770	0.00742	0.00240	0.01136	0.00597	0.00367	0.01194
11	0.01141	0.00815	0.00909	0.00916	0.00997	0.00783	0.00568	0.01213	0.01407	0.01809	0.04194	0.08403	0.19401	0.47661	0.05829	0.00672	0.00750	0.01381	0.00581	0.00571
12	0.01666	0.04297	0.66500	0.02368	0.03596	0.01929	0.03069	0.02631	0.01754	0.02631	0.01491	0.01754	0.01052	0.00789	0.00789	0.00263	0.01228	0.00614	0.00351	0.01228
13	0.02254	0.17041	0.03423	0.03857	0.42327	0.12411	0.02163	0.02655	0.01920	0.02447	0.01433	0.01816	0.01225	0.00752	0.00749	0.00227	0.01045	0.00645	0.00402	0.01208
14	0.01055	0.00898	0.00916	0.00914	0.01195	0.00790	0.00683	0.01404	0.06000	0.02320	0.07891	0.10771	0.58152	0.02064	0.00977	0.00283	0.00440	0.01730	0.00776	0.00741
15	0.01377	0.00792	0.00825	0.00825	0.00964	0.00777	0.00561	0.01618	0.01583	0.02519	0.03283	0.04383	0.09100	0.24027	0.01821	0.00404	0.00528	0.01020	0.42916	0.00678
16	0.01952	0.01930	0.01856	0.01653	0.01915	0.18615	0.06131	0.08417	0.01944	0.02320	0.02508	0.18179	0.02678	0.21462	0.01924	0.00427	0.03493	0.01205	0.00566	0.00824
17	0.06266	0.21344	0.02909	0.02146	0.07603	0.42139	0.01601	0.02995	0.02097	0.02149	0.01267	0.01494	0.01081	0.00804	0.00687	0.00209	0.01256	0.00524	0.00412	0.01016
18	0.09476	0.49343	0.18004	0.01601	0.02409	0.02841	0.01740	0.02515	0.01676	0.02282	0.01231	0.01429	0.01047	0.00734	0.00589	0.00205	0.00940	0.00483	0.00370	0.01086
19	0.01843	0.01990	0.04109	0.11795	0.10739	0.01937	0.43480	0.02457	0.01885	0.02554	0.01881	0.07822	0.01596	0.00878	0.00951	0.00281	0.01244	0.01038	0.00442	0.01079
20	0.15355	0.01581	0.02100	0.38895	0.04040	0.01907	0.01791	0.02782	0.17995	0.02769	0.01918	0.02289	0.01444	0.00898	0.00777	0.00275	0.00905	0.00739	0.00520	0.01021
21	0.02037	0.01954	0.03337	0.07609	0.63262	0.01969	0.02540	0.02533	0.01883	0.02691	0.01559	0.02062	0.01308	0.00744	0.00823	0.00248	0.00992	0.00740	0.00410	0.01300
22	0.02119	0.01846	0.02181	0.02321	0.13720	0.02075	0.01553	0.06985	0.49808	0.03424	0.02982	0.02855	0.02258	0.01050	0.00840	0.00274	0.00730	0.00894	0.00766	0.01320
23	0.01056	0.00805	0.00976	0.01057	0.01224	0.00725	0.00770	0.01284	0.01851	0.02396	0.15993	0.32570	0.26980	0.02251	0.01026	0.00308	0.00469	0.06755	0.00795	0.00710
24	0.02056	0.01974	0.03372	0.05099	0.65622	0.01974	0.02550	0.02550	0.01892	0.02714	0.01563	0.02056	0.01316	0.00740	0.00822	0.00247	0.00987	0.00740	0.00411	0.01316
25	0.01169	0.00902	0.01102	0.01202	0.01436	0.00835	0.01001	0.01469	0.01903	0.02371	0.06314	0.08715	0.33628	0.02204	0.01068	0.00334	0.00601	0.32245	0.00768	0.00735
26	0.02000	0.01934	0.03351	0.11760	0.56389	0.01966	0.05365	0.02510	0.01871	0.02649	0.01559	0.02082	0.01291	0.00748	0.00831	0.00251	0.01019	0.00751	0.00407	0.01265
27	0.02127	0.59918	0.14913	0.01582	0.02381	0.03056	0.01701	0.02512	0.01699	0.02069	0.01212	0.01404	0.01064	0.00724	0.00577	0.00192	0.00946	0.00473	0.00355	0.01094
28	0.02108	0.01990	0.03418	0.18876	0.24847	0.02081	0.18075	0.12851	0.02203	0.02997	0.01648	0.02131	0.01270	0.00795	0.00867	0.00263	0.01111	0.00804	0.00476	0.01190
29	0.01075	0.00872	0.00972	0.01022	0.01279	0.00768	0.00817	0.01331	0.01898	0.02308	0.07362	0.08356	0.49419	0.02154	0.01025	0.00307	0.00511	0.17035	0.00770	0.00718
30	0.01179	0.01037	0.01294	0.01587	0.12223	0.00925	0.00971	0.01450	0.01923	0.02395	0.10880	0.06859	0.50597	0.01843	0.00954	0.00273	0.00516	0.01563	0.00719	0.00812
31	0.02123	0.02295	0.03438	0.15755	0.27817	0.13248	0.18092	0.02633	0.01947	0.02476	0.01530	0.02037	0.01221	0.00766	0.00853	0.00255	0.01205	0.00768	0.00409	0.01133
32	0.01192	0.00868	0.01223	0.01223	0.01332	0.00977	0.00898	0.01411	0.01302	0.01845	0.02328	0.03833	0.02324	0.23164	0.50917	0.01196	0.01853	0.00973	0.00460	0.00679
33	0.00982	0.00842	0.00842	0.00842	0.01122	0.00701	0.00631	0.01192	0.01894	0.02244	0.08416	0.07995	0.65285	0.02104	0.00982	0.00281	0.00421	0.01753	0.00771	0.00701
34	0.01666	0.04297	0.66500	0.02368	0.03596	0.01929	0.03069	0.02631	0.01754	0.02631	0.01491	0.01754	0.01052	0.00789	0.00789	0.00263	0.01228	0.00614	0.00351	0.01228
35	0.01012	0.00723	0.00964	0.01157	0.01205	0.00675	0.00771	0.01157	0.01591	0.02121	0.04579	0.70262	0.05495	0.02603	0.01060	0.00337	0.00482	0.02362	0.00771	0.00675
36	0.03040	0.03644	0.02437	0.02310	0.06746	0.55815	0.01665	0.09979	0.02499	0.02439	0.01383	0.01591	0.01125	0.00864	0.00763	0.00220	0.01398	0.00573	0.00472	0.01037
37	0.10598	0.24997	0.02656	0.01555	0.02039	0.18363	0.04134	0.02500	0.01803	0.02374	0.01565	0.01900	0.01330	0.01418	0.08216	0.00334	0.01113	0.00592	0.11567	0.00944
38	0.02504	0.02405	0.07414	0.01882	0.02418	0.13877	0.01633	0.28664	0.05367	0.03646	0.02511	0.03864	0.02250	0.01300	0.00896	0.00280	0.00997	0.16252	0.00701	0.01142
39	0.05975	0.20176	0.16678	0.02710	0.18669	0.17644	0.02075	0.02726	0.01896	0.02398	0.01360	0.01646	0.01119	0.00772	0.00711	0.00226	0.01116	0.00577	0.00394	0.01132
40	0.09669	0.07386	0.16516	0.02617	0.15899	0.16183	0.02035	0.14660	0.02300	0.03099	0.01507	0.01744	0.01169	0.00828	0.00753	0.00240	0.01094	0.00623	0.00491	0.01184
41	0.01921	0.06284	0.36670	0.13750	0.05985	0.09066	0.02500	0.06484	0.01970	0.02651	0.04072	0.01995	0.01373	0.00849	0.00793	0.00255	0.01158	0.00669	0.00419	0.01137

[dist]
# distance from previous block
# <min> <max>
23	105

[block]
# block no. 4 follows, 22 sequences, length 23
# corresponding to MSA columns:
# 391-413
name=unknown_E
#
# <colnr> <probs for GDERKNQSTAVLIFYWHMCP>
#	G	D	E	R	K	N	Q	S	T	A	V	L	I	F	Y	W	H	M	C	P
0	0.02201	0.05467	0.18528	0.10804	0.20919	0.01995	0.02237	0.13499	0.02213	0.08265	0.01869	0.05001	0.01476	0.00914	0.00816	0.00257	0.00998	0.00776	0.00532	0.01234
1	0.01824	0.01879	0.04469	0.05893	0.30594	0.10221	0.01822	0.02209	0.01931	0.02545	0.10199	0.17344	0.02998	0.01287	0.00884	0.00266	0.00883	0.01158	0.00552	0.01043
2	0.01890	0.02511	0.19275	0.06685	0.39271	0.01914	0.07833	0.02518	0.01874	0.02692	0.04445	0.02191	0.01533	0.00796	0.00835	0.00256	0.01062	0.00764	0.00418	0.01236
3	0.02055	0.27144	0.03191	0.02666	0.23181	0.05314	0.01717	0.02404	0.01743	0.05000	0.01615	0.02053	0.01406	0.01904	0.14760	0.00450	0.01224	0.00658	0.00426	0.01091
4	0.08078	0.05083	0.17984	0.01701	0.02329	0.11803	0.01632	0.02923	0.19140	0.02762	0.03326	0.03285	0.14278	0.01151	0.00805	0.00261	0.00889	0.00900	0.00597	0.01073
5	0.10644	0.02017	0.05519	0.11516	0.31675	0.07249	0.02037	0.05158	0.01860	0.02712	0.01583	0.02086	0.01312	0.01482	0.09330	0.00389	0.01171	0.00703	0.00440	0.01117
6	0.08012	0.01731	0.02817	0.32050	0.34682	0.01910	0.02309	0.02358	0.01753	0.02544	0.01492	0.02066	0.01192	0.00781	0.00800	0.00260	0.01010	0.00715	0.00402	0.01113
7	0.02072	0.01812	0.02273	0.02381	0.12695	0.04844	0.01676	0.06798	0.19401	0.05361	0.02476	0.03419	0.02161	0.01301	0.01354	0.00306	0.17992	0.09926	0.00628	0.01123
8	0.01508	0.01421	0.01209	0.01180	0.01467	0.12826	0.00887	0.01732	0.01982	0.04906	0.08857	0.14059	0.38596	0.01883	0.00950	0.00278	0.00649	0.04102	0.00726	0.00782
9	0.47291	0.02661	0.26792	0.01592	0.02386	0.01889	0.01750	0.02516	0.01547	0.03298	0.01288	0.01508	0.00959	0.00778	0.00622	0.00259	0.00872	0.00514	0.00450	0.01028
10	0.02885	0.02193	0.02423	0.01896	0.02458	0.02485	0.01566	0.52188	0.03475	0.04682	0.02177	0.02250	0.04337	0.01107	0.01081	0.00265	0.09656	0.00792	0.00768	0.01315
11	0.01458	0.01000	0.01110	0.01035	0.01120	0.01032	0.00641	0.09111	0.01554	0.02075	0.02538	0.04995	0.02814	0.61855	0.03793	0.00734	0.00819	0.01149	0.00545	0.00620
12	0.01010	0.00733	0.00953	0.01129	0.01198	0.00677	0.00759	0.01160	0.01617	0.02131	0.04913	0.64836	0.10705	0.02559	0.01054	0.00332	0.00477	0.02309	0.00771	0.00677
13	0.01310	0.01071	0.01571	0.01500	0.01619	0.01332	0.01190	0.01584	0.01323	0.01942	0.02004	0.02982	0.01885	0.05300	0.54885	0.01146	0.15295	0.00858	0.00429	0.00774
14	0.05743	0.42769	0.13977	0.01955	0.07635	0.11119	0.01781	0.02620	0.01788	0.02221	0.01260	0.01483	0.01077	0.00747	0.00625	0.00206	0.01018	0.00508	0.00376	0.01092
15	0.01849	0.02198	0.15715	0.02495	0.16992	0.01765	0.01871	0.05410	0.20333	0.03136	0.13618	0.03035	0.02801	0.01043	0.00842	0.00258	0.00815	0.00900	0.00638	0.04285
16	0.01709	0.01608	0.02554	0.03723	0.44782	0.01563	0.01930	0.02111	0.01892	0.02562	0.03777	0.03975	0.21985	0.01181	0.00874	0.00258	0.00804	0.01068	0.00528	0.01117
17	0.01187	0.00890	0.01335	0.01335	0.01483	0.01038	0.01038	0.01483	0.01335	0.01928	0.02225	0.03264	0.02077	0.06231	0.67512	0.01335	0.02225	0.00890	0.00445	0.00742
18	0.01052	0.00747	0.00987	0.01139	0.01190	0.00721	0.00759	0.01190	0.01520	0.02039	0.04133	0.56429	0.04896	0.11645	0.06944	0.00480	0.00667	0.02092	0.00710	0.00658
19	0.02653	0.16987	0.11177	0.02141	0.02761	0.41169	0.06785	0.03013	0.02115	0.02146	0.01318	0.01560	0.01083	0.00806	0.00731	0.00219	0.01337	0.00564	0.00403	0.01030
20	0.11420	0.14848	0.01924	0.06738	0.01964	0.01586	0.01094	0.02233	0.04306	0.11474	0.04425	0.04493	0.25584	0.01373	0.00802	0.00258	0.00659	0.03213	0.00663	0.00944
21	0.02080	0.02714	0.15787	0.03691	0.30102	0.10350	0.14777	0.02667	0.01931	0.02599	0.01533	0.01949	0.01218	0.00751	0.00830	0.00247	0.01168	0.00728	0.00407	0.04471
22	0.02845	0.03090	0.02254	0.01976	0.02450	0.39117	0.01523	0.15977	0.13823	0.02964	0.01854	0.01968	0.01451	0.01165	0.03639	0.00282	0.01254	0.00668	0.00589	0.01112

[dist]
# distance from previous block
# <min> <max>
0	1

[block]
# block no. 5 follows, 22 sequences, length 7
# corresponding to MSA columns:
# 415-421
name=unknown_F
#
# <colnr> <probs for GDERKNQSTAVLIFYWHMCP>
#	G	D	E	R	K	N	Q	S	T	A	V	L	I	F	Y	W	H	M	C	P
0	0.01874	0.34935	0.31139	0.01825	0.02704	0.02467	0.02101	0.02448	0.01681	0.02247	0.01410	0.01713	0.01163	0.01306	0.07454	0.00333	0.01172	0.00564	0.00362	0.01104
1	0.01618	0.11089	0.15827	0.01722	0.07065	0.01593	0.01486	0.07238	0.01857	0.02459	0.03406	0.09445	0.15167	0.14754	0.01489	0.00364	0.00825	0.01110	0.00550	0.00935
2	0.01817	0.01255	0.01386	0.01247	0.01565	0.01311	0.00963	0.20112	0.02361	0.03334	0.03706	0.16525	0.12402	0.01875	0.05960	0.00340	0.00712	0.01235	0.20958	0.00935
3	0.02263	0.02079	0.07702	0.01772	0.02331	0.02090	0.01503	0.20963	0.36094	0.03803	0.02908	0.08056	0.02316	0.01178	0.00853	0.00275	0.00768	0.00969	0.00791	0.01284
4	0.01984	0.42638	0.30940	0.01826	0.02758	0.02706	0.02126	0.02549	0.01716	0.02244	0.01299	0.01513	0.01060	0.00744	0.00643	0.00214	0.01034	0.00517	0.00353	0.01135
5	0.02038	0.15559	0.43592	0.02164	0.03150	0.14831	0.02508	0.02739	0.01859	0.02401	0.01394	0.01633	0.01058	0.00789	0.00738	0.00239	0.01223	0.00570	0.00366	0.01149
6	0.02303	0.33926	0.03426	0.14965	0.09444	0.07691	0.01749	0.12628	0.02128	0.02622	0.01410	0.01701	0.01158	0.00796	0.00687	0.00219	0.00992	0.00589	0.00449	0.01114

[dist]
# distance from previous block
# <min> <max>
0	12

[block]
# block no. 6 follows, 22 sequences, length 6
# corresponding to MSA columns:
# 434-439
name=unknown_G
#
# <colnr> <probs for GDERKNQSTAVLIFYWHMCP>
#	G	D	E	R	K	N	Q	S	T	A	V	L	I	F	Y	W	H	M	C	P
0	0.01597	0.00965	0.01112	0.01006	0.01353	0.00824	0.00779	0.01856	0.02061	0.16106	0.15154	0.06640	0.43796	0.01817	0.00950	0.00273	0.00478	0.01522	0.00846	0.00865
1	0.01866	0.11773	0.13064	0.21879	0.24663	0.02144	0.05137	0.02413	0.01752	0.02395	0.01455	0.01952	0.01169	0.00800	0.00875	0.00255	0.04208	0.00690	0.00381	0.01129
2	0.01329	0.00958	0.01294	0.15512	0.02036	0.01060	0.00984	0.01547	0.01399	0.01975	0.02325	0.04086	0.02341	0.36162	0.12792	0.00690	0.01032	0.00998	0.10811	0.00668
3	0.01709	0.06119	0.08120	0.09065	0.25076	0.01746	0.12130	0.02198	0.01859	0.02483	0.03236	0.03499	0.17044	0.01080	0.00869	0.00261	0.00941	0.01002	0.00490	0.01073
4	0.02454	0.08403	0.03249	0.09547	0.14061	0.30494	0.14901	0.02859	0.02068	0.02287	0.01426	0.01812	0.01157	0.00789	0.00802	0.00237	0.01301	0.00679	0.00412	0.01062
5	0.02514	0.08610	0.09423	0.03148	0.25307	0.26194	0.02076	0.08261	0.02212	0.02621	0.01459	0.01756	0.01187	0.00808	0.00769	0.00231	0.01185	0.00629	0.00444	0.01166

[dist]
# distance from previous block
# <min> <max>
0	1

[block]
# block no. 7 follows, 22 sequences, length 10
# corresponding to MSA columns:
# 441-450
name=unknown_H
#
# <colnr> <probs for GDERKNQSTAVLIFYWHMCP>
#	G	D	E	R	K	N	Q	S	T	A	V	L	I	F	Y	W	H	M	C	P
0	0.01927	0.01906	0.03439	0.19527	0.40952	0.01967	0.13115	0.02471	0.01851	0.02568	0.01564	0.02125	0.01258	0.00754	0.00852	0.00260	0.01088	0.00782	0.00403	0.01191
1	0.01993	0.01909	0.03258	0.13344	0.57870	0.01957	0.02518	0.02494	0.01862	0.02637	0.01551	0.02077	0.01289	0.00752	0.00823	0.00251	0.01003	0.00740	0.00406	0.01265
2	0.01593	0.01403	0.01560	0.01486	0.01712	0.09759	0.01155	0.06648	0.01673	0.02208	0.02085	0.02933	0.01893	0.05115	0.53519	0.01103	0.02026	0.00833	0.00474	0.00824
3	0.01130	0.00884	0.01066	0.03742	0.01436	0.00820	0.00866	0.01403	0.01906	0.02430	0.16776	0.10335	0.33133	0.06963	0.01245	0.00338	0.00543	0.13503	0.00760	0.00722
4	0.01401	0.00822	0.01003	0.01003	0.01178	0.00882	0.00767	0.01751	0.01576	0.02621	0.02512	0.03165	0.02108	0.03114	0.27874	0.00659	0.01137	0.00822	0.44845	0.00761
5	0.01356	0.00946	0.01114	0.01103	0.01194	0.00970	0.00720	0.07514	0.01590	0.02134	0.03026	0.21448	0.03419	0.41666	0.07607	0.00667	0.00836	0.01432	0.00601	0.00657
6	0.01569	0.01419	0.01614	0.01926	0.09536	0.09618	0.01365	0.01887	0.01909	0.02371	0.04002	0.18113	0.08859	0.01957	0.01027	0.00328	0.00809	0.30174	0.00680	0.00837
7	0.01106	0.00771	0.00964	0.01051	0.01102	0.00737	0.00676	0.01233	0.01561	0.02108	0.12458	0.37830	0.04935	0.27049	0.02190	0.00495	0.00586	0.01824	0.00695	0.00628
8	0.02642	0.03085	0.02803	0.03444	0.30350	0.38612	0.02021	0.02979	0.02150	0.02333	0.01407	0.01744	0.01178	0.00805	0.00781	0.00228	0.01273	0.00625	0.00421	0.01119
9	0.13213	0.02742	0.02494	0.07978	0.19944	0.29332	0.01815	0.08130	0.02176	0.02751	0.01420	0.01729	0.01146	0.00823	0.00749	0.00237	0.01154	0.00614	0.00467	0.01087

[dist]
# distance from previous block
# <min> <max>
0	3

[block]
# block no. 8 follows, 22 sequences, length 7
# corresponding to MSA columns:
# 454-460
name=unknown_I
#
# <colnr> <probs for GDERKNQSTAVLIFYWHMCP>
#	G	D	E	R	K	N	Q	S	T	A	V	L	I	F	Y	W	H	M	C	P
0	0.10007	0.01723	0.02764	0.31621	0.33276	0.01908	0.02267	0.02357	0.01742	0.02575	0.01482	0.02046	0.01182	0.00782	0.00792	0.00261	0.01000	0.00708	0.00405	0.01104
1	0.02255	0.02512	0.03119	0.17452	0.24133	0.21810	0.11709	0.02709	0.01994	0.02374	0.01479	0.01950	0.01188	0.00788	0.00827	0.00248	0.01233	0.00716	0.00409	0.01095
2	0.06905	0.20122	0.03291	0.18186	0.31197	0.02284	0.02089	0.02430	0.01755	0.02448	0.01409	0.01854	0.01176	0.00755	0.00728	0.00236	0.00965	0.00643	0.00394	0.01134
3	0.15823	0.06221	0.17395	0.02004	0.05645	0.09745	0.01820	0.18314	0.09386	0.03493	0.01737	0.01859	0.01301	0.00879	0.00741	0.00250	0.00980	0.00644	0.00572	0.01192
4	0.01296	0.01058	0.01489	0.01888	0.13356	0.01004	0.01204	0.01608	0.01889	0.02488	0.11840	0.19481	0.20379	0.01948	0.01007	0.00308	0.00618	0.15584	0.00719	0.00835
5	0.07816	0.02255	0.06945	0.09691	0.16097	0.18585	0.01704	0.02335	0.01837	0.02360	0.02124	0.16038	0.02134	0.05276	0.01026	0.00295	0.01009	0.01015	0.00494	0.00963
6	0.21817	0.02118	0.02296	0.18145	0.18164	0.14169	0.01788	0.02705	0.06470	0.02773	0.01520	0.01881	0.01203	0.00820	0.00731	0.00253	0.00995	0.00640	0.00464	0.01048

[dist]
# distance from previous block
# <min> <max>
0	1

[block]
# block no. 9 follows, 22 sequences, length 187
# corresponding to MSA columns:
# 462-648
name=unknown_J
#
# <colnr> <probs for GDERKNQSTAVLIFYWHMCP>
#	G	D	E	R	K	N	Q	S	T	A	V	L	I	F	Y	W	H	M	C	P
0	0.09712	0.02309	0.02834	0.03643	0.37349	0.12854	0.02063	0.11252	0.02183	0.03032	0.01519	0.01876	0.01239	0.00828	0.00859	0.00248	0.03825	0.00678	0.00482	0.01214
1	0.02669	0.02471	0.02193	0.01868	0.02393	0.17491	0.01470	0.23471	0.29813	0.03721	0.02434	0.02361	0.01823	0.01021	0.00818	0.00255	0.00938	0.00782	0.00743	0.01265
2	0.09623	0.01964	0.02136	0.01716	0.02261	0.02193	0.01404	0.44590	0.03144	0.04415	0.01964	0.02195	0.01501	0.02052	0.14510	0.00473	0.01158	0.00749	0.00722	0.01227
3	0.01159	0.00859	0.01256	0.01288	0.01413	0.00969	0.00972	0.01418	0.01371	0.01946	0.02626	0.14281	0.02674	0.08385	0.53985	0.01150	0.01881	0.01144	0.00501	0.00721
4	0.01151	0.00784	0.00983	0.01047	0.01080	0.00786	0.00664	0.01218	0.01344	0.01809	0.03170	0.26491	0.03661	0.37807	0.10548	0.03903	0.00861	0.01532	0.00579	0.00582
5	0.02515	0.01991	0.02466	0.01879	0.02520	0.02047	0.08755	0.37971	0.03046	0.04135	0.02410	0.06084	0.05573	0.01053	0.00834	0.00238	0.00868	0.00883	0.00716	0.14015
6	0.40786	0.01891	0.06553	0.01340	0.01775	0.09283	0.01130	0.02315	0.04124	0.02880	0.01361	0.01757	0.01132	0.01307	0.01236	0.18472	0.00809	0.00559	0.00468	0.00821
7	0.01340	0.01056	0.01181	0.01205	0.01313	0.04567	0.00840	0.01616	0.05347	0.01974	0.02985	0.15550	0.03245	0.32337	0.16055	0.00737	0.01070	0.06330	0.00575	0.00679
8	0.10809	0.01867	0.10508	0.31855	0.13114	0.01798	0.02074	0.02234	0.01644	0.02507	0.01550	0.02123	0.01221	0.01176	0.05015	0.00333	0.03978	0.00698	0.04497	0.00997
9	0.02765	0.02099	0.02281	0.01738	0.02412	0.02200	0.01424	0.45713	0.05947	0.04551	0.01929	0.01976	0.01417	0.00911	0.00780	0.00220	0.00831	0.00694	0.00750	0.19361
10	0.03068	0.06741	0.02445	0.02100	0.02550	0.62071	0.01596	0.05744	0.02390	0.02162	0.01308	0.01512	0.01084	0.00856	0.00743	0.00214	0.01448	0.00540	0.00442	0.00986
11	0.19702	0.01437	0.01385	0.01272	0.01692	0.01577	0.00994	0.02899	0.28925	0.03139	0.04469	0.04257	0.22388	0.01356	0.00810	0.00275	0.00578	0.01084	0.00742	0.01017
12	0.02891	0.20195	0.02836	0.01967	0.02463	0.51997	0.01561	0.03117	0.02194	0.02014	0.01253	0.01458	0.01069	0.00821	0.00697	0.00205	0.01351	0.00513	0.00411	0.00988
13	0.02249	0.01969	0.02744	0.03623	0.38927	0.05445	0.02016	0.14881	0.02314	0.03231	0.01893	0.02452	0.01568	0.00893	0.00806	0.00245	0.00920	0.03299	0.09295	0.01230
14	0.01187	0.00890	0.01335	0.01335	0.01483	0.01038	0.01038	0.01483	0.01335	0.01928	0.02225	0.03264	0.02077	0.06231	0.67512	0.01335	0.02225	0.00890	0.00445	0.00742
15	0.02089	0.01634	0.01945	0.01975	0.09451	0.01787	0.01372	0.03742	0.41947	0.09227	0.12282	0.03410	0.03131	0.01157	0.00862	0.00272	0.00661	0.00989	0.00822	0.01246
16	0.01012	0.00723	0.00964	0.01157	0.01205	0.00675	0.00771	0.01157	0.01591	0.02121	0.04579	0.70262	0.05495	0.02603	0.01060	0.00337	0.00482	0.02362	0.00771	0.00675
17	0.02045	0.40990	0.03564	0.01753	0.02153	0.02963	0.01594	0.02275	0.01507	0.01974	0.01127	0.01544	0.01077	0.01035	0.01490	0.00259	0.30727	0.00568	0.00359	0.00997
18	0.03158	0.02327	0.02493	0.01911	0.02576	0.02576	0.01579	0.62852	0.03906	0.05236	0.01995	0.01995	0.01413	0.00997	0.00831	0.00249	0.00914	0.00748	0.00831	0.01413
19	0.01208	0.00805	0.00906	0.00906	0.00906	0.00805	0.00503	0.01208	0.01208	0.01611	0.02618	0.05436	0.03020	0.70804	0.04228	0.00805	0.00805	0.01208	0.00503	0.00503
20	0.01187	0.00890	0.01335	0.01335	0.01483	0.01038	0.01038	0.01483	0.01335	0.01928	0.02225	0.03264	0.02077	0.06231	0.67512	0.01335	0.02225	0.00890	0.00445	0.00742
