[name]
unknown

[dist]
# distance from previous block
# <min> <max>
6	45

[block]
# block no. 0 follows, 19 sequences, length 9
# corresponding to MSA columns:
# 48-56
name=unknown_A
#
# <colnr> <probs for GDERKNQSTAVLIFYWHMCP>
#	G	D	E	R	K	N	Q	S	T	A	V	L	I	F	Y	W	H	M	C	P
0	0.01231	0.00796	0.01053	0.01175	0.01206	0.00765	0.00762	0.01239	0.01515	0.02020	0.03795	0.41828	0.04462	0.15803	0.02316	0.16171	0.00643	0.01922	0.00679	0.00618
1	0.01911	0.01201	0.01554	0.01477	0.01700	0.01270	0.01152	0.06841	0.01991	0.09935	0.03604	0.18759	0.06669	0.02110	0.01615	0.11383	0.08356	0.10050	0.07528	0.00894
2	0.02289	0.01678	0.01862	0.01579	0.01987	0.01801	0.01234	0.29498	0.02854	0.03791	0.03350	0.04574	0.09384	0.18183	0.06784	0.00520	0.00990	0.05798	0.00764	0.01080
3	0.02501	0.01805	0.02253	0.01813	0.02376	0.01859	0.06712	0.14930	0.19460	0.12635	0.03293	0.03529	0.06621	0.08966	0.01333	0.00344	0.00843	0.01017	0.00816	0.06892
4	0.01728	0.01737	0.01457	0.01436	0.01732	0.14627	0.01055	0.02281	0.10956	0.02530	0.05463	0.22889	0.24740	0.01972	0.01006	0.00304	0.00757	0.01660	0.00764	0.00906
5	0.01187	0.00837	0.00991	0.01073	0.01132	0.00798	0.00673	0.01277	0.01557	0.02038	0.04446	0.30634	0.11877	0.34241	0.02766	0.00597	0.00678	0.01864	0.00692	0.00642
6	0.37797	0.01628	0.01724	0.01767	0.07476	0.01868	0.01261	0.02529	0.06559	0.03503	0.11268	0.06342	0.02629	0.01215	0.01010	0.00297	0.08589	0.00886	0.00636	0.01015
7	0.03041	0.02493	0.02466	0.01979	0.02606	0.09941	0.01599	0.40792	0.08477	0.04633	0.02173	0.02279	0.01627	0.01501	0.06057	0.00354	0.01133	0.00793	0.00791	0.05265
8	0.02405	0.01643	0.02078	0.01693	0.02287	0.01581	0.05080	0.07721	0.15774	0.16184	0.03715	0.04081	0.09532	0.01281	0.00914	0.00270	0.00765	0.06197	0.00827	0.15970

[dist]
# distance from previous block
# <min> <max>
0	2

[block]
# block no. 1 follows, 19 sequences, length 93
# corresponding to MSA columns:
# 59-151
name=unknown_B
#
# <colnr> <probs for GDERKNQSTAVLIFYWHMCP>
#	G	D	E	R	K	N	Q	S	T	A	V	L	I	F	Y	W	H	M	C	P
0	0.02636	0.02234	0.02007	0.01757	0.02252	0.15439	0.01365	0.10598	0.21239	0.11933	0.03822	0.06917	0.11208	0.01357	0.00918	0.00282	0.00898	0.01085	0.00823	0.01229
1	0.02098	0.01688	0.02551	0.02048	0.02506	0.01724	0.14419	0.16270	0.02555	0.06124	0.13116	0.17250	0.03718	0.05034	0.01299	0.00336	0.04011	0.01402	0.00764	0.01088
2	0.02237	0.16708	0.04677	0.06005	0.03969	0.02419	0.38233	0.02843	0.02042	0.05834	0.01755	0.02203	0.01347	0.00777	0.00915	0.00267	0.01290	0.00882	0.00473	0.05125
3	0.02381	0.18273	0.03566	0.03752	0.34541	0.09316	0.02183	0.03066	0.09315	0.02749	0.01786	0.02101	0.01485	0.00854	0.00806	0.00249	0.01054	0.00724	0.00488	0.01312
4	0.01932	0.04260	0.51239	0.02727	0.03935	0.05693	0.12051	0.02881	0.01961	0.02802	0.01625	0.01955	0.01169	0.00839	0.00880	0.00283	0.01368	0.00718	0.00394	0.01288
5	0.01492	0.01023	0.01214	0.01159	0.01394	0.00956	0.00837	0.01839	0.04967	0.06596	0.17297	0.10597	0.16537	0.20492	0.02012	0.00457	0.00635	0.05245	0.00790	0.04463
6	0.01855	0.01590	0.01855	0.01325	0.02120	0.01193	0.01060	0.02253	0.01855	0.02915	0.01590	0.01855	0.01325	0.00663	0.00663	0.00133	0.00663	0.00530	0.00530	0.74028
7	0.02147	0.01853	0.01948	0.01759	0.02251	0.02126	0.01366	0.04520	0.57363	0.03653	0.04007	0.03693	0.06767	0.01285	0.00920	0.00303	0.00691	0.01071	0.00905	0.01372
8	0.01226	0.00913	0.01140	0.01083	0.01312	0.00827	0.00813	0.01611	0.02438	0.03363	0.52236	0.07053	0.18852	0.01913	0.01056	0.00285	0.00428	0.01670	0.00955	0.00827
9	0.01791	0.01633	0.02753	0.47412	0.18006	0.01910	0.02389	0.02285	0.01787	0.02358	0.01607	0.02378	0.01273	0.01071	0.01125	0.06862	0.01127	0.00794	0.00407	0.01031
10	0.01554	0.00777	0.01166	0.01166	0.01166	0.00777	0.00777	0.01166	0.01166	0.01554	0.01554	0.02720	0.01554	0.03108	0.03497	0.73970	0.00777	0.00777	0.00389	0.00389
11	0.74878	0.01730	0.01315	0.01177	0.01730	0.02007	0.00969	0.02630	0.01523	0.04014	0.01246	0.01453	0.00969	0.00830	0.00554	0.00277	0.00692	0.00484	0.00554	0.00969
12	0.02112	0.02413	0.05279	0.03771	0.04676	0.02262	0.59729	0.02866	0.02112	0.02866	0.01810	0.02413	0.01357	0.00754	0.01056	0.00302	0.01508	0.01056	0.00452	0.01207
13	0.03041	0.03164	0.02567	0.02195	0.02663	0.30913	0.01728	0.20355	0.08098	0.03355	0.01781	0.01982	0.01407	0.01095	0.01179	0.00274	0.11659	0.00716	0.00620	0.01207
14	0.03401	0.02506	0.02685	0.02058	0.02774	0.02774	0.01700	0.59995	0.04206	0.05638	0.02148	0.02148	0.01521	0.01074	0.00895	0.00268	0.00984	0.00805	0.00895	0.01521
15	0.02489	0.02368	0.02844	0.03256	0.23443	0.11966	0.02036	0.15021	0.02404	0.03170	0.01745	0.02228	0.01462	0.01731	0.09155	0.00426	0.11698	0.00783	0.00540	0.01235
16	0.02179	0.02224	0.04192	0.04906	0.43133	0.02172	0.22141	0.02787	0.02062	0.02903	0.01726	0.02282	0.01397	0.00783	0.00944	0.00278	0.01214	0.00885	0.00446	0.01345
17	0.01085	0.00799	0.01017	0.01192	0.01284	0.00731	0.00807	0.01252	0.01764	0.02305	0.05584	0.58598	0.14872	0.02718	0.01129	0.00354	0.00509	0.02440	0.00831	0.00731
18	0.02225	0.01922	0.02023	0.01821	0.02326	0.02225	0.01416	0.04754	0.61361	0.03742	0.03641	0.03338	0.02731	0.01214	0.00910	0.00303	0.00708	0.01011	0.00910	0.01416
19	0.01090	0.00779	0.01038	0.01246	0.01298	0.00727	0.00830	0.01246	0.01713	0.02284	0.04931	0.67975	0.05917	0.02803	0.01142	0.00363	0.00519	0.02543	0.00830	0.00727
20	0.01156	0.00917	0.01023	0.01061	0.01303	0.00813	0.00806	0.01401	0.01995	0.02471	0.11267	0.11276	0.41872	0.08206	0.01401	0.00371	0.00550	0.10546	0.00814	0.00752
21	0.01194	0.00912	0.01095	0.01049	0.01292	0.00813	0.00787	0.01548	0.02361	0.03182	0.43968	0.07351	0.27233	0.01980	0.01056	0.00289	0.00433	0.01712	0.00931	0.00813
22	0.02884	0.02120	0.02317	0.01877	0.02444	0.02317	0.01506	0.46860	0.03649	0.04888	0.02770	0.16864	0.02504	0.01460	0.00950	0.00290	0.00880	0.01194	0.00881	0.01344
23	0.01092	0.00917	0.00954	0.00972	0.01266	0.00780	0.00748	0.01335	0.02041	0.02440	0.08677	0.08742	0.57490	0.02284	0.01073	0.00312	0.00486	0.06799	0.00830	0.00761
24	0.01951	0.02132	0.11715	0.01569	0.02441	0.01440	0.01458	0.06277	0.02021	0.03088	0.01631	0.01880	0.01308	0.00720	0.00708	0.00166	0.00789	0.00570	0.00531	0.57606
25	0.02580	0.01993	0.02460	0.02557	0.15376	0.02128	0.01666	0.32567	0.03044	0.04119	0.02481	0.10819	0.02273	0.10145	0.01407	0.00359	0.00928	0.01085	0.00743	0.01271
26	0.01161	0.00915	0.01050	0.01030	0.01290	0.00804	0.00782	0.01476	0.02244	0.02912	0.30913	0.07882	0.37680	0.02095	0.01064	0.00299	0.00457	0.04257	0.00894	0.00795
27	0.02091	0.03467	0.36130	0.02589	0.06649	0.02131	0.07718	0.11927	0.07575	0.03329	0.02113	0.06460	0.01686	0.01035	0.00902	0.00289	0.01164	0.00881	0.00547	0.01318
28	0.27323	0.02055	0.06589	0.03459	0.32403	0.01984	0.02050	0.02632	0.01851	0.03274	0.01799	0.02632	0.01576	0.00961	0.00799	0.00284	0.00930	0.05688	0.00511	0.01202
29	0.01845	0.04278	0.54661	0.02743	0.03999	0.02107	0.12217	0.02838	0.01924	0.02838	0.01638	0.01972	0.01169	0.00835	0.00882	0.00286	0.01352	0.00723	0.00390	0.01304
30	0.02062	0.17154	0.20951	0.03367	0.23941	0.02344	0.07601	0.02698	0.01987	0.02760	0.05569	0.02266	0.01734	0.00869	0.00835	0.00259	0.01111	0.00767	0.00448	0.01276
31	0.01209	0.00912	0.01117	0.01066	0.01302	0.00820	0.00799	0.01578	0.02398	0.03268	0.47917	0.07209	0.23229	0.01948	0.01056	0.00287	0.00431	0.01692	0.00943	0.00820
32	0.02046	0.03056	0.24901	0.04099	0.29864	0.02139	0.15266	0.02802	0.02002	0.02879	0.01684	0.02144	0.01306	0.00806	0.00910	0.00280	0.01249	0.00806	0.00422	0.01339
33	0.01301	0.00867	0.00976	0.00976	0.00976	0.00867	0.00542	0.01301	0.01301	0.01735	0.02819	0.05855	0.03253	0.68559	0.04554	0.00867	0.00867	0.01301	0.00542	0.00542
34	0.02361	0.02256	0.02434	0.02675	0.15501	0.09988	0.01742	0.04173	0.41231	0.03373	0.02937	0.02881	0.02251	0.01087	0.00892	0.00286	0.00897	0.00911	0.00753	0.01369
35	0.01794	0.04628	0.63923	0.02550	0.03872	0.02078	0.03305	0.02833	0.01889	0.02833	0.01606	0.01889	0.01133	0.00850	0.00850	0.00283	0.01322	0.00661	0.00378	0.01322
36	0.03362	0.03654	0.02587	0.02219	0.02769	0.43394	0.01719	0.23144	0.03115	0.03386	0.01648	0.01799	0.01280	0.00975	0.00837	0.00244	0.01395	0.00656	0.00612	0.01205
37	0.02848	0.03538	0.02183	0.02002	0.02429	0.51077	0.01502	0.03077	0.02428	0.02239	0.03044	0.03127	0.14448	0.01213	0.00861	0.00246	0.01362	0.00860	0.00541	0.00976
38	0.01076	0.00907	0.00932	0.00926	0.01220	0.00763	0.00694	0.01320	0.02083	0.02521	0.13829	0.08438	0.57783	0.02227	0.01057	0.00300	0.00450	0.01864	0.00845	0.00763
39	0.01711	0.01596	0.02269	0.02019	0.02077	0.02153	0.01654	0.01952	0.01395	0.02125	0.01617	0.02521	0.01559	0.03428	0.25409	0.00770	0.43562	0.00847	0.00423	0.00914
40	0.01112	0.00835	0.01031	0.01137	0.01281	0.00754	0.00794	0.01332	0.01938	0.02543	0.15921	0.42061	0.21014	0.02496	0.01105	0.00333	0.00485	0.02214	0.00857	0.00754
41	0.02993	0.02303	0.02455	0.01976	0.02619	0.02584	0.01602	0.40833	0.24032	0.04981	0.02666	0.02561	0.01941	0.01122	0.00900	0.00281	0.00889	0.00877	0.00900	0.01485
42	0.03617	0.01476	0.01976	0.01552	0.02181	0.01310	0.01268	0.04085	0.05614	0.53852	0.10055	0.03462	0.02930	0.01193	0.00917	0.00279	0.00721	0.00985	0.01084	0.01442
43	0.02009	0.01682	0.01923	0.01833	0.07451	0.01692	0.01304	0.11872	0.18971	0.03438	0.04382	0.04266	0.19147	0.01349	0.00901	0.00262	0.00703	0.01118	0.00772	0.14927
44	0.03265	0.09828	0.02746	0.02205	0.02725	0.51773	0.01707	0.10493	0.02679	0.02610	0.01465	0.01664	0.01198	0.00927	0.00797	0.00232	0.01477	0.00596	0.00508	0.01107
45	0.02214	0.02126	0.03631	0.05491	0.62978	0.02126	0.02746	0.02746	0.02037	0.02923	0.01683	0.02214	0.01417	0.00797	0.00886	0.00266	0.01063	0.00797	0.00443	0.01417
46	0.02144	0.16716	0.04471	0.03079	0.07462	0.02637	0.30382	0.02657	0.01876	0.02544	0.01536	0.02086	0.01275	0.00942	0.01364	0.00296	0.16100	0.00852	0.00423	0.01156
47	0.74878	0.01730	0.01315	0.01177	0.01730	0.02007	0.00969	0.02630	0.01523	0.04014	0.01246	0.01453	0.00969	0.00830	0.00554	0.00277	0.00692	0.00484	0.00554	0.00969
48	0.01999	0.03307	0.30472	0.03680	0.19313	0.02147	0.20433	0.02821	0.01995	0.02866	0.01688	0.02133	0.01275	0.00807	0.00922	0.00284	0.01312	0.00817	0.00417	0.01311
49	0.02704	0.13955	0.10544	0.02209	0.02739	0.30651	0.01941	0.06073	0.02180	0.02434	0.01385	0.01723	0.01174	0.01036	0.01241	0.00268	0.15567	0.00628	0.00447	0.01103
50	0.01321	0.00969	0.01273	0.01230	0.01339	0.01038	0.00877	0.01550	0.01714	0.02413	0.20573	0.05219	0.04409	0.27128	0.20562	0.00826	0.04910	0.01270	0.00649	0.00731
51	0.01853	0.07815	0.56887	0.02690	0.07669	0.02157	0.03176	0.02819	0.01895	0.02801	0.01592	0.01887	0.01153	0.00842	0.00838	0.00277	0.01286	0.00661	0.00382	0.01319
52	0.01120	0.00791	0.01029	0.01207	0.01252	0.00747	0.00789	0.01254	0.01654	0.02205	0.04629	0.59087	0.05536	0.12211	0.01630	0.00435	0.00569	0.02366	0.00789	0.00700
53	0.02804	0.02812	0.02204	0.01892	0.02407	0.26562	0.01474	0.22139	0.06345	0.03488	0.03431	0.03405	0.14662	0.01280	0.00897	0.00263	0.01099	0.00962	0.00713	0.01161
54	0.01109	0.00786	0.01033	0.01222	0.01269	0.00739	0.00805	0.01251	0.01676	0.02235	0.04743	0.62434	0.05680	0.08667	0.01446	0.00408	0.00550	0.02433	0.00805	0.00710
55	0.02687	0.42623	0.03828	0.01848	0.02459	0.24396	0.01626	0.02949	0.02033	0.02137	0.01287	0.01530	0.01151	0.00871	0.00808	0.00218	0.05509	0.00532	0.00410	0.01099
56	0.01109	0.00786	0.01033	0.01222	0.01269	0.00739	0.00805	0.01251	0.01676	0.02235	0.04743	0.62434	0.05680	0.08667	0.01446	0.00408	0.00550	0.02433	0.00805	0.00710
57	0.01090	0.00779	0.01038	0.01246	0.01298	0.00727	0.00830	0.01246	0.01713	0.02284	0.04931	0.67975	0.05917	0.02803	0.01142	0.00363	0.00519	0.02543	0.00830	0.00727
58	0.01690	0.01590	0.02683	0.66408	0.06162	0.01988	0.02485	0.02286	0.01789	0.02286	0.01590	0.02385	0.01193	0.00894	0.00894	0.00298	0.01193	0.00795	0.00398	0.00994
59	0.01939	0.01847	0.06086	0.01449	0.02275	0.01342	0.01248	0.05563	0.01991	0.03064	0.01623	0.01874	0.01323	0.00699	0.00688	0.00150	0.00725	0.00554	0.00540	0.65019
60	0.01057	0.00906	0.00906	0.00906	0.01208	0.00755	0.00680	0.01284	0.02039	0.02417	0.09063	0.08610	0.62615	0.02266	0.01057	0.00302	0.00453	0.01888	0.00831	0.00755
61	0.01317	0.01226	0.01117	0.01083	0.01414	0.05259	0.00817	0.01749	0.07364	0.02520	0.08056	0.07663	0.53088	0.02080	0.01027	0.00297	0.00555	0.01721	0.00813	0.00833
62	0.01855	0.01590	0.01855	0.01325	0.02120	0.01193	0.01060	0.02253	0.01855	0.02915	0.01590	0.01855	0.01325	0.00663	0.00663	0.00133	0.00663	0.00530	0.00530	0.74028
63	0.01811	0.04159	0.53781	0.02734	0.07804	0.02026	0.05809	0.02769	0.01943	0.02880	0.04786	0.02185	0.01543	0.00893	0.00873	0.00283	0.01267	0.00739	0.00417	0.01298
64	0.08911	0.02717	0.07144	0.04224	0.40612	0.15705	0.02404	0.02920	0.02089	0.02856	0.01574	0.01995	0.01301	0.00831	0.00837	0.00260	0.01166	0.00713	0.00452	0.01289
65	0.01927	0.01084	0.01111	0.01017	0.01302	0.01124	0.00786	0.10752	0.02225	0.03680	0.02803	0.03158	0.02178	0.01047	0.00666	0.00217	0.00502	0.00830	0.62655	0.00937
66	0.03324	0.02468	0.02641	0.02043	0.02745	0.02738	0.01682	0.56370	0.07957	0.05514	0.02246	0.02226	0.01601	0.01083	0.00896	0.00271	0.00966	0.00819	0.00896	0.01515
67	0.01278	0.00959	0.01438	0.01438	0.01598	0.01118	0.01118	0.01598	0.01438	0.02077	0.02396	0.03515	0.02237	0.06710	0.65013	0.01438	0.02396	0.00959	0.00479	0.00799
68	0.02457	0.01858	0.02008	0.01703	0.02235	0.02032	0.01352	0.19635	0.29524	0.08115	0.07338	0.03920	0.11165	0.01351	0.00934	0.00290	0.00737	0.01105	0.00912	0.01327
69	0.02249	0.01742	0.02030	0.01727	0.02101	0.01950	0.01374	0.26922	0.02875	0.03899	0.10980	0.15914	0.08476	0.01685	0.01300	0.00311	0.11190	0.01335	0.00809	0.01129
70	0.01755	0.01275	0.01518	0.01491	0.01736	0.01315	0.01101	0.17800	0.02429	0.03244	0.04140	0.47036	0.04648	0.02303	0.01076	0.00339	0.00663	0.04328	0.00848	0.00954
71	0.02294	0.26216	0.22169	0.02392	0.03347	0.02722	0.14672	0.10741	0.02235	0.02978	0.01600	0.01881	0.01241	0.00831	0.00805	0.00253	0.01189	0.00703	0.00468	0.01265
72	0.02245	0.06498	0.02607	0.16788	0.13546	0.04842	0.01838	0.18320	0.02572	0.03333	0.03044	0.07520	0.10595	0.01249	0.00908	0.00279	0.00961	0.01044	0.00638	0.01173
73	0.70010	0.01783	0.01408	0.01237	0.01801	0.02059	0.01019	0.06537	0.01705	0.04125	0.01307	0.01501	0.01007	0.00847	0.00577	0.00276	0.00712	0.00506	0.00577	0.01007
74	0.01088	0.00785	0.01031	0.01227	0.01293	0.00728	0.00822	0.01248	0.01730	0.02291	0.05154	0.64776	0.08972	0.02774	0.01137	0.00360	0.00515	0.02508	0.00830	0.00728
75	0.02214	0.02126	0.03631	0.05491	0.62978	0.02126	0.02746	0.02746	0.02037	0.02923	0.01683	0.02214	0.01417	0.00797	0.00886	0.00266	0.01063	0.00797	0.00443	0.01417
76	0.01128	0.00827	0.01069	0.01247	0.01353	0.00768	0.00884	0.01325	0.01801	0.02350	0.05486	0.52598	0.13765	0.02687	0.01142	0.00361	0.00547	0.09090	0.00830	0.00743
77	0.02407	0.02615	0.03794	0.04200	0.31822	0.14497	0.18363	0.03044	0.05178	0.02805	0.01759	0.02209	0.01415	0.00831	0.00919	0.00271	0.01277	0.00837	0.00473	0.01284
78	0.01128	0.00909	0.01005	0.00981	0.01252	0.00786	0.00736	0.01422	0.02207	0.02815	0.27254	0.07954	0.44175	0.02117	0.01057	0.00295	0.00443	0.01796	0.00883	0.00786
79	0.01779	0.02755	0.24183	0.06717	0.03417	0.02054	0.13273	0.02413	0.01746	0.02531	0.01838	0.06007	0.01598	0.01828	0.09320	0.00459	0.15627	0.00916	0.00435	0.01105
80	0.02214	0.02126	0.03631	0.05491	0.62978	0.02126	0.02746	0.02746	0.02037	0.02923	0.01683	0.02214	0.01417	0.00797	0.00886	0.00266	0.01063	0.00797	0.00443	0.01417
81	0.02066	0.02064	0.03737	0.18887	0.30327	0.02137	0.17617	0.02808	0.06040	0.02816	0.01828	0.02383	0.01439	0.00837	0.00934	0.00285	0.01186	0.00879	0.00467	0.01264
82	0.01855	0.01538	0.05072	0.01432	0.01871	0.01414	0.01187	0.08379	0.15022	0.07576	0.24959	0.05417	0.17418	0.01613	0.00987	0.00289	0.00620	0.01363	0.00901	0.01087
83	0.02198	0.02171	0.03892	0.05220	0.53769	0.02147	0.11746	0.02765	0.02049	0.02914	0.01703	0.02246	0.01408	0.00790	0.00913	0.00271	0.01133	0.00838	0.00444	0.01384
84	0.01794	0.04628	0.63923	0.02550	0.03872	0.02078	0.03305	0.02833	0.01889	0.02833	0.01606	0.01889	0.01133	0.00850	0.00850	0.00283	0.01322	0.00661	0.00378	0.01322
85	0.01855	0.01590	0.01855	0.01325	0.02120	0.01193	0.01060	0.02253	0.01855	0.02915	0.01590	0.01855	0.01325	0.00663	0.00663	0.00133	0.00663	0.00530	0.00530	0.74028
86	0.01668	0.00834	0.00834	0.00834	0.01042	0.00834	0.00625	0.02085	0.01876	0.03335	0.02918	0.03335	0.02293	0.01042	0.00625	0.00208	0.00417	0.00834	0.73525	0.00834
87	0.01554	0.00777	0.01166	0.01166	0.01166	0.00777	0.00777	0.01166	0.01166	0.01554	0.01554	0.02720	0.01554	0.03108	0.03497	0.73970	0.00777	0.00777	0.00389	0.00389
88	0.02136	0.02043	0.03448	0.05182	0.58814	0.02033	0.02606	0.02647	0.02037	0.02889	0.02180	0.02645	0.05542	0.00896	0.00897	0.00268	0.01022	0.00871	0.00469	0.01373
89	0.01701	0.01606	0.02686	0.63651	0.05998	0.02020	0.02462	0.02280	0.01771	0.02280	0.01572	0.02367	0.01192	0.00923	0.00982	0.00302	0.04021	0.00795	0.00397	0.00993
90	0.01090	0.00779	0.01038	0.01246	0.01298	0.00727	0.00830	0.01246	0.01713	0.02284	0.04931	0.67975	0.05917	0.02803	0.01142	0.00363	0.00519	0.02543	0.00830	0.00727
91	0.02146	0.01853	0.01947	0.01758	0.02250	0.02125	0.01366	0.04518	0.57321	0.03652	0.04011	0.03697	0.06809	0.01285	0.00920	0.00303	0.00691	0.01071	0.00905	0.01371
92	0.02214	0.02126	0.03631	0.05491	0.62978	0.02126	0.02746	0.02746	0.02037	0.02923	0.01683	0.02214	0.01417	0.00797	0.00886	0.00266	0.01063	0.00797	0.00443	0.01417

[dist]
# distance from previous block
# <min> <max>
0	1

[block]
# block no. 2 follows, 19 sequences, length 41
# corresponding to MSA columns:
# 153-170,180-202
name=unknown_C
#
# <colnr> <probs for GDERKNQSTAVLIFYWHMCP>
#	G	D	E	R	K	N	Q	S	T	A	V	L	I	F	Y	W	H	M	C	P
0	0.02561	0.11125	0.12516	0.03046	0.16018	0.25540	0.06172	0.03019	0.02127	0.02480	0.01479	0.01846	0.01222	0.00904	0.00985	0.00259	0.06416	0.00674	0.00429	0.01183
1	0.02045	0.08105	0.23908	0.06648	0.28970	0.02259	0.02719	0.02792	0.04398	0.02781	0.01666	0.02081	0.01328	0.00887	0.00992	0.00278	0.05664	0.00734	0.00430	0.01314
2	0.02256	0.02334	0.06076	0.05010	0.54182	0.05411	0.02648	0.02896	0.05106	0.02923	0.01765	0.02227	0.01459	0.00827	0.00881	0.00267	0.01084	0.00791	0.00465	0.01393
3	0.01731	0.01727	0.05032	0.01866	0.02280	0.05772	0.11145	0.06494	0.02305	0.03052	0.20202	0.14459	0.11329	0.01694	0.01125	0.00306	0.03915	0.03848	0.00747	0.00971
4	0.03042	0.03764	0.02580	0.02314	0.02675	0.51490	0.01778	0.03265	0.02283	0.02182	0.01338	0.01688	0.01157	0.01061	0.01268	0.00265	0.15758	0.00621	0.00446	0.01024
5	0.01285	0.00860	0.00981	0.00997	0.01001	0.00856	0.00564	0.01297	0.01333	0.01777	0.02982	0.10658	0.03459	0.63474	0.04290	0.00828	0.00840	0.01397	0.00564	0.00556
6	0.01090	0.00779	0.01038	0.01246	0.01298	0.00727	0.00830	0.01246	0.01713	0.02284	0.04931	0.67975	0.05917	0.02803	0.01142	0.00363	0.00519	0.02543	0.00830	0.00727
7	0.01113	0.00921	0.00984	0.01004	0.01290	0.00792	0.00777	0.01371	0.02067	0.02507	0.11305	0.08684	0.53116	0.02267	0.01078	0.00314	0.00495	0.08308	0.00838	0.00768
8	0.02188	0.02098	0.03583	0.08596	0.60082	0.02119	0.02732	0.02722	0.02024	0.02890	0.01678	0.02223	0.01406	0.00802	0.00886	0.00267	0.01069	0.00797	0.00441	0.01396
9	0.02503	0.61522	0.04437	0.01621	0.02351	0.10717	0.01554	0.02783	0.01902	0.02115	0.01260	0.01456	0.01149	0.00784	0.00601	0.00196	0.01033	0.00490	0.00392	0.01135
10	0.02214	0.02126	0.03631	0.05491	0.62978	0.02126	0.02746	0.02746	0.02037	0.02923	0.01683	0.02214	0.01417	0.00797	0.00886	0.00266	0.01063	0.00797	0.00443	0.01417
11	0.02095	0.02075	0.02461	0.23377	0.15398	0.12106	0.01944	0.08086	0.02253	0.02756	0.03248	0.03550	0.14566	0.01195	0.00914	0.00279	0.01055	0.00998	0.00560	0.01085
12	0.01122	0.00792	0.01029	0.01205	0.01249	0.00748	0.00787	0.01254	0.01651	0.02201	0.04611	0.58577	0.05514	0.12751	0.01658	0.00440	0.00572	0.02355	0.00787	0.00699
13	0.41689	0.02090	0.01951	0.01586	0.02215	0.02363	0.01309	0.29266	0.02769	0.04768	0.01665	0.01776	0.01225	0.00944	0.00712	0.00273	0.00828	0.00634	0.00712	0.01225
14	0.02446	0.65384	0.04565	0.01575	0.02323	0.07058	0.01542	0.02730	0.01859	0.02110	0.01252	0.01445	0.01148	0.00774	0.00587	0.00194	0.00994	0.00484	0.00387	0.01142
15	0.18362	0.01599	0.01809	0.01378	0.02088	0.01408	0.01122	0.03009	0.02009	0.22586	0.02137	0.02149	0.01533	0.00841	0.00715	0.00210	0.00701	0.00639	0.00720	0.34986
16	0.03038	0.03627	0.02396	0.02173	0.02646	0.47913	0.01644	0.03894	0.18524	0.02612	0.01997	0.02082	0.01581	0.01001	0.00835	0.00250	0.01367	0.00695	0.00583	0.01140
17	0.02392	0.69097	0.04688	0.01531	0.02296	0.03540	0.01531	0.02679	0.01818	0.02105	0.01244	0.01435	0.01148	0.00765	0.00574	0.00191	0.00957	0.00478	0.00383	0.01148
18	0.01668	0.00834	0.00834	0.00834	0.01042	0.00834	0.00625	0.02085	0.01876	0.03335	0.02918	0.03335	0.02293	0.01042	0.00625	0.00208	0.00417	0.00834	0.73525	0.00834
19	0.01794	0.04628	0.63923	0.02550	0.03872	0.02078	0.03305	0.02833	0.01889	0.02833	0.01606	0.01889	0.01133	0.00850	0.00850	0.00283	0.01322	0.00661	0.00378	0.01322
20	0.01885	0.14381	0.54962	0.02396	0.03634	0.02299	0.03037	0.02810	0.01878	0.02723	0.01551	0.01820	0.01136	0.00837	0.00808	0.00269	0.01267	0.00633	0.00379	0.01296
21	0.04014	0.01523	0.02076	0.01592	0.02284	0.01315	0.01315	0.04360	0.02561	0.63597	0.03530	0.03045	0.02215	0.01107	0.00900	0.00277	0.00761	0.00900	0.01107	0.01523
22	0.02214	0.02126	0.03631	0.05491	0.62978	0.02126	0.02746	0.02746	0.02037	0.02923	0.01683	0.02214	0.01417	0.00797	0.00886	0.00266	0.01063	0.00797	0.00443	0.01417
23	0.02122	0.16388	0.36108	0.02266	0.03210	0.02541	0.02572	0.09379	0.02067	0.02918	0.01534	0.01842	0.01188	0.00968	0.01118	0.00280	0.11136	0.00661	0.00441	0.01260
24	0.01835	0.01190	0.01370	0.01233	0.01619	0.01123	0.00955	0.02513	0.12201	0.13973	0.19050	0.06289	0.29570	0.01782	0.01004	0.00293	0.00545	0.01502	0.00928	0.01025
25	0.01554	0.00777	0.01166	0.01166	0.01166	0.00777	0.00777	0.01166	0.01166	0.01554	0.01554	0.02720	0.01554	0.03108	0.03497	0.73970	0.00777	0.00777	0.00389	0.00389
26	0.01136	0.00798	0.01025	0.01187	0.01228	0.00757	0.00768	0.01258	0.01624	0.02165	0.04474	0.54521	0.05340	0.17044	0.01881	0.00472	0.00594	0.02274	0.00768	0.00687
27	0.27514	0.01851	0.05939	0.01528	0.02034	0.01830	0.01288	0.15466	0.04983	0.06243	0.02277	0.12007	0.02057	0.01481	0.01116	0.08900	0.00789	0.00957	0.00682	0.01058
28	0.02101	0.23920	0.22801	0.01934	0.02723	0.06711	0.02041	0.06988	0.01993	0.02613	0.01690	0.02099	0.01408	0.02115	0.14660	0.00500	0.01434	0.00673	0.00447	0.01150
29	0.01278	0.00959	0.01438	0.01438	0.01598	0.01118	0.01118	0.01598	0.01438	0.02077	0.02396	0.03515	0.02237	0.06710	0.65013	0.01438	0.02396	0.00959	0.00479	0.00799
30	0.01480	0.01163	0.01657	0.02055	0.10647	0.01133	0.01470	0.01879	0.02080	0.02722	0.08327	0.08496	0.14460	0.02155	0.01144	0.00365	0.00773	0.36316	0.00779	0.00900
31	0.01377	0.01001	0.01295	0.01543	0.08267	0.00994	0.00842	0.01462	0.01447	0.01954	0.02995	0.14507	0.03427	0.51033	0.03626	0.00723	0.00839	0.01424	0.00573	0.00671
32	0.01459	0.01217	0.01609	0.01494	0.01572	0.01472	0.01128	0.01628	0.01444	0.02029	0.02953	0.04408	0.09307	0.24642	0.19781	0.00813	0.20640	0.01126	0.00515	0.00764
33	0.02267	0.02276	0.03191	0.04520	0.47003	0.09381	0.02382	0.02897	0.06683	0.02866	0.02307	0.02671	0.05698	0.00945	0.00890	0.00267	0.01058	0.00863	0.00508	0.01327
34	0.01702	0.01945	0.09838	0.58947	0.05894	0.01998	0.02581	0.02350	0.01801	0.02350	0.01592	0.02327	0.01186	0.00889	0.00889	0.00296	0.01208	0.00779	0.00395	0.01032
35	0.02214	0.02126	0.03631	0.05491	0.62978	0.02126	0.02746	0.02746	0.02037	0.02923	0.01683	0.02214	0.01417	0.00797	0.00886	0.00266	0.01063	0.00797	0.00443	0.01417
36	0.02559	0.02842	0.02359	0.02464	0.09516	0.31114	0.01750	0.03210	0.11214	0.02614	0.02475	0.03798	0.02289	0.01320	0.01033	0.00293	0.04570	0.12889	0.00602	0.01090
37	0.02794	0.03225	0.03068	0.03853	0.32029	0.34425	0.02223	0.03171	0.02293	0.02546	0.01529	0.01905	0.01281	0.00861	0.00845	0.00248	0.01346	0.00684	0.00452	0.01222
38	0.02633	0.02225	0.02219	0.01754	0.02402	0.09294	0.01397	0.27717	0.02955	0.03966	0.02143	0.08520	0.01847	0.01086	0.00829	0.00227	0.00901	0.00857	0.00712	0.26314
39	0.10829	0.02612	0.05314	0.02316	0.07641	0.19834	0.10027	0.05381	0.02203	0.02877	0.02688	0.02887	0.10519	0.01051	0.00846	0.00252	0.01108	0.00861	0.00550	0.10203
40	0.02435	0.02667	0.02660	0.02936	0.19092	0.24160	0.04398	0.05144	0.02265	0.02660	0.02745	0.02983	0.11029	0.01106	0.00962	0.00255	0.03966	0.00882	0.00535	0.07121

[dist]
# distance from previous block
# <min> <max>
0	23

[block]
# block no. 3 follows, 19 sequences, length 10
# corresponding to MSA columns:
# 226-235
name=unknown_D
#
# <colnr> <probs for GDERKNQSTAVLIFYWHMCP>
#	G	D	E	R	K	N	Q	S	T	A	V	L	I	F	Y	W	H	M	C	P
0	0.02490	0.19942	0.03439	0.02702	0.13537	0.19705	0.08268	0.03111	0.08931	0.02567	0.02171	0.02385	0.05110	0.00955	0.00816	0.00247	0.01159	0.00774	0.00510	0.01180
1	0.02999	0.13947	0.08209	0.02026	0.02615	0.31573	0.01738	0.03337	0.02297	0.13300	0.04387	0.02105	0.01656	0.01002	0.00929	0.00249	0.05216	0.00683	0.00575	0.01156
2	0.01993	0.23290	0.26536	0.16689	0.09603	0.02506	0.02530	0.02657	0.01859	0.02499	0.01500	0.01893	0.01178	0.00829	0.00779	0.00257	0.01157	0.00648	0.00390	0.01206
3	0.02424	0.01952	0.02154	0.01666	0.02372	0.01920	0.01341	0.21002	0.15795	0.03957	0.02221	0.02276	0.01699	0.00914	0.00791	0.00213	0.00774	0.00724	0.00729	0.35075
4	0.02652	0.06946	0.02337	0.01912	0.02436	0.18668	0.01498	0.04280	0.37959	0.07373	0.02884	0.02741	0.02178	0.01100	0.00860	0.00275	0.00965	0.00855	0.00772	0.01307
5	0.02214	0.02126	0.03631	0.05491	0.62978	0.02126	0.02746	0.02746	0.02037	0.02923	0.01683	0.02214	0.01417	0.00797	0.00886	0.00266	0.01063	0.00797	0.00443	0.01417
6	0.02217	0.02080	0.03275	0.04677	0.49525	0.02148	0.02451	0.03191	0.15196	0.03105	0.02117	0.02463	0.01709	0.00890	0.00891	0.00274	0.00984	0.00845	0.00547	0.01417
7	0.02581	0.17626	0.03629	0.03583	0.28697	0.20970	0.05179	0.02981	0.02139	0.02522	0.01504	0.01875	0.01276	0.00825	0.00802	0.00241	0.01225	0.00675	0.00435	0.01234
8	0.02752	0.54108	0.04109	0.01544	0.02293	0.03046	0.01483	0.03052	0.01983	0.15745	0.01751	0.01792	0.01385	0.00841	0.00646	0.00210	0.00913	0.00572	0.00543	0.01231
9	0.01274	0.01020	0.01244	0.01179	0.01487	0.00917	0.00887	0.01556	0.01855	0.02505	0.09906	0.16765	0.23429	0.03021	0.15187	0.00533	0.00931	0.01531	0.00711	0.14062

[dist]
# distance from previous block
# <min> <max>
0	2

[block]
# block no. 4 follows, 19 sequences, length 18
# corresponding to MSA columns:
# 238-255
name=unknown_E
#
# <colnr> <probs for GDERKNQSTAVLIFYWHMCP>
#	G	D	E	R	K	N	Q	S	T	A	V	L	I	F	Y	W	H	M	C	P
0	0.02628	0.07977	0.02277	0.01882	0.02288	0.40553	0.01439	0.02922	0.02482	0.02617	0.20351	0.03174	0.03415	0.01192	0.00867	0.00243	0.01195	0.00892	0.00618	0.00985
1	0.01390	0.01354	0.02285	0.01849	0.02299	0.01219	0.19038	0.01769	0.02010	0.02535	0.06160	0.16044	0.34657	0.01881	0.01070	0.00312	0.00791	0.01733	0.00713	0.00891
2	0.02000	0.01099	0.01304	0.01145	0.01557	0.00939	0.00896	0.02287	0.02259	0.21551	0.13637	0.06655	0.37483	0.01855	0.01008	0.00292	0.00545	0.01549	0.00935	0.01004
3	0.02573	0.21935	0.23876	0.02095	0.03010	0.07313	0.02196	0.20593	0.02636	0.03454	0.01657	0.01822	0.01259	0.00901	0.00784	0.00249	0.01137	0.00649	0.00546	0.01315
4	0.02821	0.03307	0.10132	0.03276	0.21593	0.26176	0.02225	0.14001	0.02624	0.03152	0.01648	0.01934	0.01303	0.00904	0.00853	0.00255	0.01288	0.00699	0.00528	0.01281
5	0.01199	0.00857	0.01163	0.01371	0.01470	0.00821	0.01020	0.01434	0.01820	0.02406	0.04871	0.50002	0.05679	0.02700	0.01171	0.00378	0.00614	0.19438	0.00828	0.00757
6	0.02773	0.01938	0.03148	0.04281	0.44132	0.01874	0.02301	0.03247	0.02200	0.21762	0.02256	0.02472	0.01665	0.00893	0.00890	0.00269	0.00969	0.00829	0.00649	0.01450
7	0.02390	0.27626	0.03076	0.01652	0.02336	0.14596	0.01410	0.02965	0.08979	0.02566	0.01661	0.01824	0.01390	0.00817	0.00686	0.00194	0.00964	0.00576	0.00506	0.23787
8	0.02178	0.01791	0.09444	0.01633	0.02155	0.01520	0.01459	0.11724	0.04676	0.13827	0.07522	0.03826	0.09546	0.03001	0.20830	0.00641	0.01312	0.01045	0.00739	0.01130
9	0.02621	0.01896	0.02942	0.02342	0.02703	0.02221	0.11047	0.02953	0.01859	0.21346	0.02008	0.02368	0.01527	0.01293	0.02001	0.00341	0.35861	0.00863	0.00624	0.01184
10	0.02317	0.01959	0.02361	0.01847	0.02373	0.02114	0.01517	0.18304	0.02359	0.03437	0.01616	0.01968	0.01333	0.01058	0.01433	0.00251	0.21325	0.00685	0.00589	0.31152
11	0.25291	0.05805	0.02279	0.01929	0.02358	0.32856	0.01521	0.03014	0.02004	0.02747	0.01301	0.01612	0.01099	0.00991	0.01061	0.00269	0.11801	0.00577	0.00475	0.01011
12	0.01505	0.01206	0.01524	0.01402	0.01402	0.01449	0.00982	0.01566	0.01322	0.01865	0.02308	0.04645	0.02607	0.47758	0.04051	0.00720	0.21377	0.01140	0.00495	0.00678
13	0.03203	0.02408	0.02574	0.02018	0.02699	0.02682	0.01653	0.50703	0.13820	0.05319	0.02399	0.02348	0.01725	0.01097	0.00898	0.00274	0.00938	0.00840	0.00898	0.01504
14	0.01160	0.00857	0.01084	0.01140	0.01300	0.00782	0.00812	0.01441	0.02116	0.02864	0.30251	0.32183	0.16114	0.02299	0.01091	0.00318	0.00467	0.02042	0.00897	0.00782
15	0.01606	0.01536	0.02146	0.01865	0.02024	0.01909	0.04377	0.01854	0.01623	0.02262	0.03800	0.04229	0.20386	0.02348	0.09566	0.00482	0.35385	0.01161	0.00541	0.00900
16	0.01755	0.03450	0.44334	0.02017	0.02993	0.01692	0.02473	0.02601	0.01885	0.02989	0.02013	0.02338	0.01493	0.00910	0.00780	0.00260	0.01041	0.00715	0.23090	0.01171
17	0.01495	0.01245	0.01724	0.01602	0.01671	0.01557	0.01231	0.01694	0.01382	0.02013	0.02125	0.03632	0.02168	0.20997	0.30211	0.00966	0.22038	0.00992	0.00468	0.00789

[dist]
# distance from previous block
# <min> <max>
0	7

# created by:
# /home/cegg/simao/soft/augustus-3.2.1/scripts/msa2prfl.pl ./align_prep/12544.fa
