[name]
unknown

[dist]
# distance from previous block
# <min> <max>
4	21

[block]
# block no. 0 follows, 23 sequences, length 32
# corresponding to MSA columns:
# 21-52
name=unknown_A
#
# <colnr> <probs for GDERKNQSTAVLIFYWHMCP>
#	G	D	E	R	K	N	Q	S	T	A	V	L	I	F	Y	W	H	M	C	P
0	0.02111	0.01166	0.01397	0.01160	0.01630	0.01012	0.00921	0.02519	0.06127	0.26131	0.07572	0.04795	0.27789	0.01406	0.00852	0.00245	0.00552	0.01165	0.00821	0.10627
1	0.01062	0.00770	0.00951	0.01046	0.01136	0.00711	0.00689	0.01187	0.01502	0.01995	0.04256	0.46401	0.10553	0.18335	0.01723	0.00420	0.00544	0.01904	0.00680	0.04134
2	0.01019	0.00747	0.00933	0.01052	0.01139	0.00701	0.00709	0.01161	0.01542	0.02015	0.04752	0.47004	0.15681	0.11917	0.05280	0.00437	0.00600	0.01967	0.00700	0.00645
3	0.01694	0.01186	0.01333	0.01204	0.01485	0.01210	0.00898	0.17251	0.02150	0.05319	0.04028	0.16017	0.17197	0.14802	0.05871	0.00432	0.00737	0.01323	0.05009	0.00855
4	0.01710	0.01483	0.02297	0.01790	0.02228	0.01454	0.19175	0.13309	0.02076	0.02749	0.03592	0.04298	0.17874	0.17363	0.01644	0.00383	0.00866	0.01146	0.03670	0.00893
5	0.01513	0.01091	0.01424	0.01293	0.01429	0.01230	0.00969	0.04174	0.01649	0.06380	0.16790	0.04166	0.03400	0.23896	0.13886	0.00619	0.13672	0.01064	0.00594	0.00760
6	0.01139	0.00877	0.01243	0.01293	0.01444	0.00861	0.03735	0.01455	0.04085	0.02257	0.08572	0.40879	0.08591	0.02705	0.09242	0.00441	0.00750	0.08989	0.00711	0.00731
7	0.01059	0.00798	0.01050	0.01145	0.01235	0.00807	0.00807	0.01229	0.01508	0.02015	0.04266	0.43122	0.12222	0.07555	0.14058	0.00538	0.03427	0.01824	0.00661	0.00673
8	0.01093	0.00750	0.00911	0.00997	0.01018	0.00728	0.00611	0.01157	0.01351	0.01801	0.03432	0.35318	0.04055	0.39967	0.02715	0.00578	0.00642	0.01695	0.00611	0.00568
9	0.01080	0.00843	0.01111	0.01337	0.06157	0.00776	0.00855	0.01293	0.01741	0.02295	0.12971	0.42387	0.19798	0.02174	0.00990	0.00300	0.00483	0.01937	0.00744	0.00727
10	0.02240	0.02367	0.01776	0.01611	0.02002	0.28920	0.01224	0.03107	0.20796	0.02658	0.06660	0.02798	0.05757	0.01042	0.00761	0.00229	0.00915	0.00797	0.10212	0.04127
11	0.01318	0.00922	0.01077	0.01026	0.01276	0.00845	0.00759	0.04370	0.01912	0.02776	0.18065	0.21492	0.12200	0.01617	0.00841	0.00245	0.00458	0.01402	0.17395	0.10005
12	0.01945	0.01105	0.01354	0.01179	0.01551	0.01032	0.00923	0.02510	0.10179	0.21665	0.26500	0.05108	0.18649	0.01487	0.00900	0.00261	0.00512	0.01263	0.00885	0.00993
13	0.01229	0.00787	0.01009	0.01072	0.01166	0.00741	0.00718	0.01382	0.01620	0.06245	0.13097	0.40557	0.04892	0.19516	0.01782	0.00428	0.00550	0.01806	0.00725	0.00679
14	0.01802	0.01035	0.01065	0.00961	0.01235	0.01080	0.00747	0.13271	0.02091	0.03410	0.02518	0.02827	0.01951	0.00951	0.00612	0.00199	0.00473	0.00752	0.62150	0.00871
15	0.02460	0.11638	0.02815	0.02656	0.16935	0.29748	0.01792	0.05497	0.01989	0.02265	0.01297	0.01646	0.01118	0.00906	0.01080	0.00240	0.13863	0.00601	0.00412	0.01042
16	0.01975	0.02021	0.03824	0.04427	0.44350	0.01972	0.24137	0.02529	0.01872	0.02633	0.01567	0.02072	0.01266	0.00709	0.00858	0.00253	0.01107	0.00806	0.00405	0.01218
17	0.02922	0.03505	0.02258	0.02024	0.02465	0.55673	0.01534	0.08114	0.09410	0.02389	0.01537	0.01676	0.01231	0.00877	0.00748	0.00219	0.01327	0.00583	0.00495	0.01014
18	0.00972	0.00805	0.00852	0.00878	0.01114	0.00685	0.00644	0.01176	0.01826	0.02223	0.10332	0.17247	0.54231	0.02110	0.00970	0.00282	0.00419	0.01791	0.00760	0.00685
19	0.00968	0.00788	0.00857	0.00912	0.01120	0.00677	0.00656	0.01154	0.01763	0.02157	0.07129	0.26193	0.48413	0.02197	0.00981	0.00290	0.00428	0.01886	0.00753	0.00677
20	0.01829	0.02880	0.27801	0.03361	0.18124	0.01961	0.26991	0.02563	0.01824	0.02600	0.01546	0.01970	0.01168	0.00725	0.00853	0.00260	0.01213	0.00770	0.00383	0.01177
21	0.00983	0.00727	0.00920	0.01073	0.01162	0.00664	0.00728	0.01136	0.01608	0.02094	0.05162	0.59331	0.16544	0.02452	0.01022	0.00319	0.00460	0.02197	0.00753	0.00664
22	0.02913	0.03257	0.02457	0.02407	0.10647	0.44827	0.01679	0.16912	0.02587	0.02783	0.01447	0.01643	0.01152	0.00853	0.00759	0.00221	0.01270	0.00595	0.00506	0.01085
23	0.01159	0.00869	0.01304	0.01304	0.01449	0.01014	0.01014	0.01449	0.01304	0.01884	0.02173	0.03188	0.02029	0.06086	0.68268	0.01304	0.02173	0.00869	0.00435	0.00724
24	0.01916	0.02256	0.08084	0.03644	0.15645	0.02020	0.48793	0.02577	0.01891	0.02607	0.01610	0.02128	0.01230	0.00696	0.00919	0.00267	0.01284	0.00894	0.00405	0.01136
25	0.00963	0.00807	0.00837	0.00861	0.01106	0.00682	0.00634	0.01160	0.01812	0.02177	0.07743	0.15848	0.58362	0.02117	0.00969	0.00281	0.00419	0.01788	0.00753	0.00682
26	0.03031	0.03867	0.02299	0.02090	0.02508	0.68226	0.01568	0.03240	0.02299	0.01986	0.01254	0.01463	0.01045	0.00836	0.00732	0.00209	0.01463	0.00523	0.00418	0.00941
27	0.02750	0.02003	0.02189	0.01754	0.02325	0.02220	0.01427	0.42237	0.17588	0.08437	0.02353	0.02328	0.01714	0.01338	0.05206	0.00320	0.00906	0.00788	0.00803	0.01315
28	0.01379	0.01178	0.01440	0.01372	0.01474	0.05449	0.01031	0.01570	0.01325	0.01820	0.02044	0.03414	0.02058	0.22104	0.37095	0.00953	0.12250	0.00904	0.00436	0.00703
29	0.02782	0.02369	0.02250	0.01794	0.02361	0.17074	0.03453	0.31888	0.02865	0.08463	0.01853	0.02094	0.01427	0.05479	0.00989	0.00258	0.00981	0.00696	0.00663	0.10260
30	0.19461	0.04133	0.01619	0.01305	0.01753	0.01579	0.01046	0.17780	0.02246	0.12722	0.03161	0.14277	0.10278	0.01317	0.00777	0.00260	0.00650	0.01056	0.03562	0.01019
31	0.02498	0.36284	0.10837	0.01707	0.02395	0.15697	0.01622	0.11356	0.02133	0.06543	0.01438	0.01565	0.01149	0.00790	0.00651	0.00205	0.01017	0.00537	0.00468	0.01109

[dist]
# distance from previous block
# <min> <max>
1	4

[block]
# block no. 1 follows, 23 sequences, length 35
# corresponding to MSA columns:
# 57-91
name=unknown_B
#
# <colnr> <probs for GDERKNQSTAVLIFYWHMCP>
#	G	D	E	R	K	N	Q	S	T	A	V	L	I	F	Y	W	H	M	C	P
0	0.05711	0.06101	0.02335	0.02596	0.24365	0.01645	0.01572	0.02901	0.10567	0.18689	0.05370	0.03095	0.09481	0.01037	0.00802	0.00249	0.00743	0.00886	0.00670	0.01184
1	0.01869	0.02735	0.25565	0.03927	0.39452	0.01923	0.07761	0.02527	0.01807	0.02618	0.01512	0.01921	0.01192	0.00736	0.00805	0.00249	0.01079	0.00700	0.00382	0.01240
2	0.01409	0.00705	0.01057	0.01057	0.01057	0.00705	0.00705	0.01057	0.01057	0.01409	0.01409	0.02467	0.01409	0.02819	0.03171	0.76392	0.00705	0.00705	0.00352	0.00352
3	0.02825	0.09692	0.02423	0.01960	0.02419	0.50781	0.01514	0.06067	0.10403	0.02304	0.01539	0.01673	0.01245	0.00864	0.00728	0.00216	0.01277	0.00575	0.00482	0.01014
4	0.02724	0.03083	0.02848	0.02659	0.11530	0.38227	0.11418	0.12724	0.02420	0.02674	0.01463	0.01730	0.01161	0.00819	0.00790	0.00229	0.01289	0.00652	0.00478	0.01082
5	0.00968	0.00788	0.00857	0.00913	0.01120	0.00677	0.00657	0.01154	0.01762	0.02157	0.07118	0.26375	0.48238	0.02198	0.00982	0.00290	0.00429	0.01887	0.00753	0.00677
6	0.77215	0.01569	0.01193	0.01067	0.01569	0.01820	0.00879	0.02385	0.01381	0.03641	0.01130	0.01318	0.00879	0.00753	0.00502	0.00251	0.00628	0.00439	0.00502	0.00879
7	0.02466	0.01782	0.02378	0.02135	0.08583	0.01936	0.05997	0.23221	0.08189	0.13444	0.02159	0.02374	0.01630	0.01779	0.11463	0.00424	0.07375	0.00796	0.00674	0.01195
8	0.01180	0.00787	0.00885	0.00885	0.00885	0.00787	0.00492	0.01180	0.01180	0.01573	0.02557	0.05310	0.02950	0.71483	0.04130	0.00787	0.00787	0.01180	0.00492	0.00492
9	0.01052	0.00826	0.00950	0.00919	0.01153	0.00724	0.00689	0.01344	0.02068	0.02711	0.36450	0.06955	0.37538	0.01861	0.00958	0.00265	0.00397	0.01593	0.00822	0.00724
10	0.00989	0.00706	0.00942	0.01130	0.01177	0.00659	0.00753	0.01130	0.01554	0.02071	0.04472	0.70954	0.05367	0.02542	0.01036	0.00330	0.00471	0.02307	0.00753	0.00659
11	0.02827	0.20154	0.02775	0.01911	0.02407	0.49383	0.01523	0.06009	0.02217	0.02121	0.01258	0.01448	0.01061	0.00809	0.00685	0.00202	0.01292	0.00511	0.00420	0.00986
12	0.02345	0.02140	0.03013	0.04009	0.46194	0.06357	0.02192	0.17964	0.02372	0.03228	0.01615	0.01958	0.01294	0.00794	0.00801	0.00240	0.00978	0.00712	0.00506	0.01287
13	0.02861	0.03340	0.02194	0.01944	0.02387	0.51512	0.01481	0.13060	0.02511	0.02521	0.01972	0.02093	0.06733	0.00965	0.00765	0.00220	0.01278	0.00660	0.00512	0.00991
14	0.01901	0.02802	0.22072	0.03254	0.12371	0.05228	0.35144	0.02608	0.01868	0.02568	0.01555	0.01995	0.01172	0.00721	0.00873	0.00261	0.01270	0.00804	0.00390	0.01142
15	0.00959	0.00822	0.00822	0.00822	0.01096	0.00685	0.00617	0.01165	0.01850	0.02192	0.08220	0.07809	0.66092	0.02055	0.00959	0.00274	0.00411	0.01713	0.00754	0.00685
16	0.01181	0.00880	0.01205	0.01209	0.01287	0.00992	0.00872	0.01357	0.01298	0.01822	0.02537	0.13207	0.02707	0.24720	0.35569	0.00953	0.05903	0.01152	0.00491	0.00657
17	0.02629	0.35614	0.03210	0.01763	0.02310	0.37919	0.01484	0.02862	0.01996	0.01950	0.01195	0.01388	0.01043	0.00770	0.00633	0.00192	0.01186	0.00481	0.00385	0.00988
18	0.01751	0.01511	0.01580	0.01442	0.01855	0.01682	0.01116	0.03519	0.49057	0.03091	0.04541	0.04232	0.18504	0.01341	0.00859	0.00275	0.00584	0.01118	0.00807	0.01133
19	0.03085	0.02273	0.02435	0.01867	0.02516	0.02516	0.01542	0.63716	0.03815	0.05114	0.01948	0.01948	0.01380	0.00974	0.00812	0.00244	0.00893	0.00731	0.00812	0.01380
20	0.03031	0.03867	0.02299	0.02090	0.02508	0.68226	0.01568	0.03240	0.02299	0.01986	0.01254	0.01463	0.01045	0.00836	0.00732	0.00209	0.01463	0.00523	0.00418	0.00941
21	0.05711	0.01710	0.01888	0.01563	0.02088	0.01838	0.01255	0.20490	0.25397	0.16912	0.05880	0.03040	0.06341	0.01117	0.00821	0.00259	0.00696	0.00899	0.00843	0.01253
22	0.01187	0.00910	0.01357	0.01341	0.01480	0.01081	0.01049	0.01472	0.01301	0.01887	0.02123	0.03124	0.01985	0.05875	0.65302	0.01261	0.05240	0.00862	0.00431	0.00732
23	0.01220	0.01655	0.17461	0.01339	0.01779	0.01023	0.01316	0.01678	0.01957	0.02699	0.28553	0.13028	0.16971	0.01647	0.00928	0.00274	0.00619	0.04302	0.00706	0.00844
24	0.06853	0.03465	0.34852	0.02464	0.03372	0.14833	0.17596	0.02696	0.01856	0.02533	0.01442	0.01757	0.01072	0.00761	0.00792	0.00251	0.01256	0.00663	0.00384	0.01102
25	0.01627	0.04197	0.67279	0.02313	0.03512	0.01884	0.02998	0.02570	0.01713	0.02570	0.01456	0.01713	0.01028	0.00771	0.00771	0.00257	0.01199	0.00600	0.00343	0.01199
26	0.01984	0.01903	0.03249	0.08328	0.63267	0.01921	0.02478	0.02469	0.01836	0.02621	0.01522	0.02016	0.01275	0.00728	0.00804	0.00243	0.00970	0.00723	0.00400	0.01265
27	0.02113	0.22756	0.03126	0.22543	0.16990	0.15171	0.01916	0.02494	0.01810	0.02132	0.01331	0.01741	0.01106	0.00763	0.00709	0.00224	0.01068	0.00598	0.00377	0.01032
28	0.02008	0.01928	0.03294	0.04981	0.66422	0.01928	0.02490	0.02490	0.01848	0.02651	0.01526	0.02008	0.01285	0.00723	0.00803	0.00241	0.00964	0.00723	0.00402	0.01285
29	0.01059	0.00736	0.00921	0.01040	0.01069	0.00706	0.00657	0.01148	0.01416	0.01888	0.03767	0.46773	0.04476	0.27937	0.02176	0.00498	0.00587	0.01892	0.00657	0.00597
30	0.00986	0.00788	0.00883	0.00933	0.01131	0.00685	0.00672	0.01190	0.01805	0.02260	0.12754	0.26437	0.42299	0.02161	0.00982	0.00289	0.00426	0.01865	0.00767	0.00685
31	0.01715	0.03661	0.51890	0.02884	0.15789	0.01901	0.05741	0.02556	0.01749	0.02587	0.01479	0.01793	0.01088	0.00757	0.00786	0.00255	0.01161	0.00640	0.00357	0.01211
32	0.01985	0.01993	0.03665	0.04593	0.50985	0.01959	0.17630	0.02517	0.01864	0.02638	0.01555	0.02053	0.01272	0.00713	0.00842	0.00249	0.01064	0.00781	0.00404	0.01238
33	0.01053	0.00764	0.01008	0.01179	0.01275	0.00719	0.00857	0.01248	0.01646	0.02157	0.04767	0.52436	0.10586	0.02436	0.01047	0.00334	0.00523	0.14534	0.00752	0.00680
34	0.02045	0.01937	0.03286	0.10676	0.49176	0.01978	0.08351	0.07640	0.01999	0.02799	0.01565	0.02036	0.01269	0.00749	0.00820	0.00247	0.01009	0.00746	0.00433	0.01238

[dist]
# distance from previous block
# <min> <max>
0	3

[block]
# block no. 2 follows, 23 sequences, length 14
# corresponding to MSA columns:
# 95-108
name=unknown_C
#
# <colnr> <probs for GDERKNQSTAVLIFYWHMCP>
#	G	D	E	R	K	N	Q	S	T	A	V	L	I	F	Y	W	H	M	C	P
0	0.19013	0.01737	0.08321	0.01870	0.06084	0.01457	0.11963	0.02102	0.01639	0.02739	0.02050	0.16329	0.02000	0.01084	0.00760	0.00241	0.00791	0.00965	0.00513	0.18343
1	0.02611	0.03322	0.06119	0.02443	0.05918	0.44849	0.10785	0.02938	0.02078	0.02135	0.01315	0.01642	0.01085	0.00867	0.00975	0.00238	0.08666	0.00620	0.00406	0.00988
2	0.01177	0.00800	0.00953	0.00953	0.00976	0.00823	0.00576	0.01223	0.01200	0.01623	0.02495	0.04968	0.02801	0.60944	0.14466	0.00870	0.01010	0.01130	0.00482	0.00529
3	0.02090	0.61993	0.13531	0.01524	0.02293	0.03015	0.01625	0.02450	0.01658	0.02006	0.01176	0.01362	0.01039	0.00705	0.00557	0.00186	0.00917	0.00458	0.00346	0.01065
4	0.01159	0.00869	0.01304	0.01304	0.01449	0.01014	0.01014	0.01449	0.01304	0.01884	0.02173	0.03188	0.02029	0.06086	0.68268	0.01304	0.02173	0.00869	0.00435	0.00724
5	0.01769	0.00967	0.01284	0.01126	0.01426	0.00872	0.00872	0.02135	0.02303	0.19132	0.50349	0.05239	0.06249	0.01496	0.00922	0.00254	0.00459	0.01305	0.00921	0.00919
6	0.00989	0.00706	0.00942	0.01130	0.01177	0.00659	0.00753	0.01130	0.01554	0.02071	0.04472	0.70954	0.05367	0.02542	0.01036	0.00330	0.00471	0.02307	0.00753	0.00659
7	0.01180	0.00787	0.00885	0.00885	0.00885	0.00787	0.00492	0.01180	0.01180	0.01573	0.02557	0.05310	0.02950	0.71483	0.04130	0.00787	0.00787	0.01180	0.00492	0.00492
8	0.01879	0.02117	0.04563	0.09746	0.04370	0.02028	0.57617	0.02549	0.01887	0.02549	0.01623	0.02186	0.01217	0.00696	0.00944	0.00273	0.01341	0.00935	0.00406	0.01076
9	0.00989	0.00706	0.00942	0.01130	0.01177	0.00659	0.00753	0.01130	0.01554	0.02071	0.04472	0.70954	0.05367	0.02542	0.01036	0.00330	0.00471	0.02307	0.00753	0.00659
10	0.01513	0.00756	0.00756	0.00756	0.00945	0.00756	0.00567	0.01891	0.01702	0.03025	0.02647	0.03025	0.02080	0.00945	0.00567	0.00189	0.00378	0.00756	0.75988	0.00756
11	0.01392	0.17259	0.01984	0.01324	0.01595	0.01521	0.01101	0.01675	0.01384	0.01890	0.01932	0.02753	0.01801	0.04843	0.52652	0.01043	0.01872	0.00769	0.00414	0.00798
12	0.02320	0.40834	0.03603	0.02375	0.17108	0.17120	0.01683	0.02621	0.01837	0.02098	0.01248	0.01501	0.01099	0.00732	0.00632	0.00197	0.01020	0.00520	0.00375	0.01076
13	0.02418	0.02235	0.15743	0.01716	0.02414	0.01784	0.01626	0.20270	0.11631	0.15009	0.08208	0.02562	0.02148	0.00986	0.00801	0.00243	0.00812	0.00792	0.00728	0.07876

[dist]
# distance from previous block
# <min> <max>
0	2

[block]
# block no. 3 follows, 23 sequences, length 14
# corresponding to MSA columns:
# 111-124
name=unknown_D
#
# <colnr> <probs for GDERKNQSTAVLIFYWHMCP>
#	G	D	E	R	K	N	Q	S	T	A	V	L	I	F	Y	W	H	M	C	P
0	0.02192	0.02494	0.08675	0.03520	0.24659	0.10909	0.23589	0.08871	0.02121	0.02788	0.01567	0.01969	0.01223	0.00754	0.00846	0.00250	0.01183	0.00769	0.00444	0.01175
1	0.02231	0.02276	0.02548	0.03146	0.29242	0.16170	0.01852	0.03316	0.24987	0.02780	0.02117	0.02264	0.01669	0.00885	0.00796	0.00247	0.00953	0.00751	0.00560	0.01211
2	0.01513	0.00756	0.00756	0.00756	0.00945	0.00756	0.00567	0.01891	0.01702	0.03025	0.02647	0.03025	0.02080	0.00945	0.00567	0.00189	0.00378	0.00756	0.75988	0.00756
3	0.00967	0.00789	0.00856	0.00909	0.01119	0.00678	0.00655	0.01155	0.01766	0.02158	0.07166	0.25565	0.49017	0.02192	0.00981	0.00290	0.00428	0.01880	0.00753	0.00678
4	0.01834	0.02754	0.22360	0.03109	0.04036	0.02005	0.46469	0.02591	0.01858	0.02591	0.01589	0.02055	0.01174	0.00708	0.00905	0.00269	0.01321	0.00857	0.00391	0.01124
5	0.02018	0.01743	0.01835	0.01651	0.02110	0.02018	0.01284	0.04312	0.64956	0.03394	0.03303	0.03027	0.02477	0.01101	0.00826	0.00275	0.00642	0.00917	0.00826	0.01284
6	0.01159	0.00869	0.01304	0.01304	0.01449	0.01014	0.01014	0.01449	0.01304	0.01884	0.02173	0.03188	0.02029	0.06086	0.68268	0.01304	0.02173	0.00869	0.00435	0.00724
7	0.01306	0.00872	0.01092	0.01012	0.01256	0.00782	0.00768	0.01646	0.02203	0.08105	0.48608	0.06173	0.19730	0.01692	0.00946	0.00259	0.00413	0.01468	0.00872	0.00797
8	0.17958	0.31799	0.02894	0.01576	0.02137	0.24475	0.01350	0.05380	0.01905	0.02432	0.01206	0.01387	0.01024	0.00766	0.00600	0.00204	0.01017	0.00477	0.00423	0.00989
9	0.01930	0.01848	0.03153	0.15539	0.56472	0.01907	0.02452	0.02422	0.01811	0.02556	0.01513	0.02034	0.01252	0.00737	0.00805	0.00246	0.00983	0.00723	0.00395	0.01223
10	0.02227	0.02752	0.21017	0.03291	0.29221	0.05430	0.02345	0.18136	0.02334	0.03221	0.01600	0.01882	0.01225	0.00806	0.00793	0.00245	0.01037	0.00680	0.00490	0.01268
11	0.02113	0.02167	0.03065	0.10717	0.51204	0.11677	0.02332	0.02561	0.01893	0.02498	0.01478	0.01943	0.01231	0.00748	0.00794	0.00239	0.01049	0.00693	0.00400	0.01198
12	0.01100	0.01008	0.00933	0.00915	0.01191	0.04809	0.00686	0.01320	0.01913	0.02264	0.12399	0.07283	0.57470	0.01949	0.00945	0.00269	0.00473	0.01620	0.00744	0.00707
13	0.01993	0.02080	0.03440	0.03183	0.17806	0.07239	0.26696	0.06141	0.01928	0.02579	0.01887	0.02355	0.04507	0.01155	0.04493	0.00321	0.09815	0.00857	0.00445	0.01079

[dist]
# distance from previous block
# <min> <max>
0	8

[block]
# block no. 4 follows, 23 sequences, length 19
# corresponding to MSA columns:
# 133-151
name=unknown_E
#
# <colnr> <probs for GDERKNQSTAVLIFYWHMCP>
#	G	D	E	R	K	N	Q	S	T	A	V	L	I	F	Y	W	H	M	C	P
0	0.01057	0.00868	0.01049	0.01211	0.05659	0.00771	0.00797	0.01279	0.01809	0.02285	0.11841	0.24356	0.39990	0.02060	0.00969	0.00285	0.00463	0.01783	0.00741	0.00727
1	0.71966	0.01560	0.01279	0.05816	0.01848	0.01819	0.00974	0.02364	0.01398	0.03532	0.01152	0.01377	0.00893	0.00757	0.00524	0.00252	0.00659	0.00459	0.00492	0.00880
2	0.01003	0.00718	0.00955	0.01120	0.01180	0.00669	0.00754	0.01167	0.01622	0.02181	0.10163	0.64951	0.05579	0.02460	0.01028	0.00323	0.00463	0.02229	0.00766	0.00669
3	0.02519	0.44371	0.03461	0.01673	0.02255	0.29559	0.01461	0.02758	0.01912	0.01940	0.01179	0.01367	0.01043	0.00752	0.00606	0.00188	0.01109	0.00470	0.00376	0.01001
4	0.03031	0.03867	0.02299	0.02090	0.02508	0.68226	0.01568	0.03240	0.02299	0.01986	0.01254	0.01463	0.01045	0.00836	0.00732	0.00209	0.01463	0.00523	0.00418	0.00941
5	0.03031	0.03867	0.02299	0.02090	0.02508	0.68226	0.01568	0.03240	0.02299	0.01986	0.01254	0.01463	0.01045	0.00836	0.00732	0.00209	0.01463	0.00523	0.00418	0.00941
6	0.01159	0.00869	0.01304	0.01304	0.01449	0.01014	0.01014	0.01449	0.01304	0.01884	0.02173	0.03188	0.02029	0.06086	0.68268	0.01304	0.02173	0.00869	0.00435	0.00724
7	0.01297	0.01009	0.01225	0.01308	0.01521	0.01028	0.01024	0.01958	0.14398	0.02476	0.04775	0.26520	0.14208	0.02075	0.01010	0.00325	0.00589	0.21673	0.00766	0.00818
8	0.01683	0.01442	0.01683	0.01202	0.01923	0.01082	0.00961	0.02043	0.01683	0.02644	0.01442	0.01683	0.01202	0.00601	0.00601	0.00120	0.00601	0.00481	0.00481	0.76444
9	0.01196	0.00883	0.01209	0.01192	0.01278	0.01003	0.00862	0.01376	0.01256	0.01775	0.02259	0.03887	0.02315	0.29514	0.41904	0.01071	0.04945	0.00974	0.00451	0.00648
10	0.01046	0.00825	0.00942	0.00913	0.01149	0.00722	0.00685	0.01332	0.02054	0.02677	0.34624	0.07010	0.39386	0.01874	0.00958	0.00265	0.00398	0.01601	0.00817	0.00722
11	0.01019	0.00729	0.00948	0.01111	0.01171	0.00684	0.00749	0.01161	0.01548	0.02049	0.04464	0.59485	0.07860	0.08593	0.01309	0.00369	0.00509	0.04862	0.00730	0.00649
12	0.03031	0.03867	0.02299	0.02090	0.02508	0.68226	0.01568	0.03240	0.02299	0.01986	0.01254	0.01463	0.01045	0.00836	0.00732	0.00209	0.01463	0.00523	0.00418	0.00941
13	0.01159	0.00869	0.01304	0.01304	0.01449	0.01014	0.01014	0.01449	0.01304	0.01884	0.02173	0.03188	0.02029	0.06086	0.68268	0.01304	0.02173	0.00869	0.00435	0.00724
14	0.01704	0.01618	0.02745	0.46185	0.27591	0.01848	0.02339	0.02224	0.01704	0.02282	0.01473	0.02107	0.01155	0.00779	0.00808	0.00260	0.01039	0.00722	0.00375	0.01040
15	0.01803	0.01525	0.01621	0.01484	0.01895	0.01697	0.01164	0.06133	0.45150	0.03162	0.04297	0.04370	0.15318	0.01367	0.00873	0.00281	0.00614	0.05313	0.00805	0.01131
16	0.01666	0.01279	0.01616	0.01453	0.01707	0.01464	0.01146	0.16705	0.01956	0.02695	0.02556	0.05826	0.06489	0.07288	0.35350	0.00824	0.07587	0.00952	0.00558	0.00882
17	0.02228	0.18809	0.27178	0.02257	0.08433	0.18452	0.02144	0.07018	0.02003	0.02467	0.01375	0.01603	0.01083	0.00780	0.00712	0.00224	0.01148	0.00564	0.00400	0.01121
18	0.01833	0.16176	0.33433	0.02685	0.14117	0.02206	0.07845	0.02481	0.01703	0.02411	0.01391	0.01734	0.01096	0.00794	0.00902	0.00248	0.06804	0.00631	0.00361	0.01149

[dist]
# distance from previous block
# <min> <max>
1	14

[block]
# block no. 5 follows, 23 sequences, length 32
# corresponding to MSA columns:
# 166-197
name=unknown_F
#
# <colnr> <probs for GDERKNQSTAVLIFYWHMCP>
#	G	D	E	R	K	N	Q	S	T	A	V	L	I	F	Y	W	H	M	C	P
0	0.02037	0.03516	0.35128	0.02862	0.15051	0.16667	0.08200	0.02707	0.01887	0.02458	0.01441	0.01757	0.01098	0.00768	0.00786	0.00245	0.01230	0.00639	0.00377	0.01148
1	0.02730	0.19041	0.02844	0.02233	0.09071	0.46641	0.01623	0.02979	0.02105	0.02038	0.01254	0.01484	0.01069	0.00792	0.00691	0.00204	0.01277	0.00523	0.00400	0.00999
2	0.01680	0.01919	0.16058	0.01534	0.02090	0.01440	0.01474	0.02741	0.21962	0.07489	0.04368	0.04695	0.20198	0.01407	0.00881	0.00279	0.00716	0.07317	0.00703	0.01048
3	0.01832	0.02117	0.09982	0.03568	0.30246	0.01956	0.16055	0.02336	0.01747	0.02480	0.01951	0.02399	0.05898	0.00933	0.01160	0.00272	0.12697	0.00833	0.00415	0.01123
4	0.01023	0.00825	0.00911	0.00889	0.01135	0.00712	0.00667	0.01289	0.02001	0.02552	0.27799	0.07217	0.46289	0.01921	0.00958	0.00268	0.00401	0.01629	0.00801	0.00712
5	0.01176	0.00802	0.00960	0.00960	0.00987	0.00828	0.00586	0.01228	0.01202	0.01629	0.02488	0.04928	0.02784	0.59702	0.15684	0.00880	0.01036	0.01124	0.00481	0.00534
6	0.02933	0.02145	0.02310	0.01792	0.02399	0.02373	0.01475	0.58298	0.03615	0.04886	0.01990	0.02049	0.01439	0.01177	0.03499	0.00283	0.00920	0.00737	0.04356	0.01324
7	0.31729	0.15690	0.15150	0.01602	0.02260	0.16864	0.01548	0.02620	0.01701	0.02738	0.01222	0.01426	0.00976	0.00764	0.00610	0.00228	0.00972	0.00489	0.00423	0.00986
8	0.01121	0.00811	0.01087	0.01261	0.01384	0.00777	0.00977	0.01365	0.01708	0.02231	0.04676	0.40142	0.09576	0.02379	0.01066	0.00344	0.00583	0.27060	0.00751	0.00698
9	0.01131	0.00766	0.00900	0.00948	0.00960	0.00754	0.00559	0.01167	0.01276	0.01702	0.03051	0.22233	0.03573	0.53710	0.03332	0.00669	0.00705	0.01470	0.00559	0.00535
10	0.02359	0.01115	0.01423	0.01214	0.01652	0.00971	0.00984	0.02648	0.02123	0.34980	0.09602	0.05260	0.23612	0.01513	0.00902	0.00270	0.00582	0.06852	0.00890	0.01048
11	0.01034	0.00825	0.00926	0.00900	0.01142	0.00717	0.00675	0.01309	0.02026	0.02611	0.31019	0.07119	0.43032	0.01899	0.00958	0.00267	0.00400	0.01616	0.00809	0.00717
12	0.01986	0.02063	0.07104	0.04822	0.62676	0.01925	0.02520	0.02495	0.01840	0.02646	0.01522	0.01991	0.01270	0.00726	0.00801	0.00242	0.00978	0.00716	0.00398	0.01280
13	0.01332	0.00861	0.01089	0.01014	0.01198	0.00799	0.00730	0.01618	0.02032	0.07563	0.44829	0.05722	0.08613	0.17160	0.01653	0.00374	0.00497	0.01365	0.00806	0.00747
14	0.01341	0.01018	0.01248	0.01216	0.01470	0.00929	0.00874	0.07259	0.01796	0.02487	0.03559	0.49009	0.04063	0.01962	0.00918	0.00275	0.00540	0.01751	0.00698	0.17587
15	0.02847	0.02155	0.02302	0.01819	0.02426	0.02406	0.01485	0.50501	0.17417	0.04731	0.02249	0.02188	0.01624	0.01002	0.00815	0.00251	0.00837	0.00772	0.00815	0.01359
16	0.01132	0.00824	0.01065	0.01016	0.01205	0.00757	0.00758	0.01495	0.02242	0.03149	0.60428	0.09042	0.10407	0.01718	0.00961	0.00259	0.00388	0.01517	0.00880	0.00757
17	0.03085	0.02273	0.02435	0.01867	0.02516	0.02516	0.01542	0.63716	0.03815	0.05114	0.01948	0.01948	0.01380	0.00974	0.00812	0.00244	0.00893	0.00731	0.00812	0.01380
18	0.01493	0.01355	0.08129	0.01315	0.01662	0.01109	0.01113	0.02205	0.13190	0.07615	0.26742	0.19821	0.07707	0.01639	0.00922	0.00277	0.00558	0.01435	0.00794	0.00921
19	0.01815	0.01521	0.01754	0.01265	0.01979	0.01218	0.01016	0.07883	0.01885	0.02878	0.01490	0.01708	0.01219	0.00636	0.00621	0.00132	0.00629	0.00504	0.00512	0.69336
20	0.00959	0.00822	0.00822	0.00822	0.01096	0.00685	0.00617	0.01165	0.01850	0.02192	0.08220	0.07809	0.66092	0.02055	0.00959	0.00274	0.00411	0.01713	0.00754	0.00685
21	0.02487	0.28305	0.02909	0.01734	0.02263	0.29491	0.01438	0.03186	0.16207	0.02276	0.01671	0.01757	0.01367	0.00844	0.00676	0.00211	0.01060	0.00579	0.00484	0.01055
22	0.01026	0.00822	0.00926	0.00971	0.01195	0.00722	0.00740	0.01260	0.01850	0.02299	0.12178	0.16426	0.44585	0.02112	0.00991	0.00293	0.00462	0.09680	0.00765	0.00697
23	0.03054	0.02990	0.02233	0.01932	0.02375	0.41993	0.01501	0.07765	0.02317	0.16889	0.01727	0.01822	0.01289	0.00940	0.00939	0.00235	0.07736	0.00622	0.00574	0.01068
24	0.02761	0.06649	0.02559	0.02577	0.14354	0.50250	0.01720	0.03104	0.04620	0.02161	0.01378	0.01618	0.01145	0.00819	0.00739	0.00216	0.01310	0.00571	0.00428	0.01023
25	0.00993	0.00766	0.00908	0.00993	0.01148	0.00681	0.00699	0.01186	0.01752	0.02244	0.12412	0.38408	0.30403	0.02251	0.00996	0.00299	0.00437	0.01977	0.00768	0.00681
26	0.01994	0.01918	0.03111	0.03641	0.34585	0.01979	0.13447	0.03085	0.21758	0.02876	0.02108	0.02363	0.01651	0.00835	0.00839	0.00258	0.00938	0.00828	0.00537	0.01250
27	0.02048	0.01973	0.08050	0.02019	0.08328	0.01963	0.01554	0.03963	0.50521	0.05875	0.02959	0.02798	0.02210	0.01030	0.00818	0.00269	0.00726	0.00865	0.00748	0.01281
28	0.05357	0.21438	0.41725	0.01934	0.02916	0.02161	0.02313	0.02656	0.01739	0.08546	0.01521	0.01688	0.01118	0.00772	0.00698	0.00234	0.01039	0.00570	0.00414	0.01161
29	0.04673	0.36287	0.28882	0.01948	0.05788	0.05436	0.02067	0.02522	0.01703	0.02271	0.01283	0.01506	0.01042	0.00734	0.00642	0.00214	0.01021	0.00517	0.00357	0.01105
30	0.09552	0.02829	0.01915	0.01830	0.04918	0.41591	0.01331	0.04877	0.02148	0.02332	0.02829	0.02903	0.15523	0.01100	0.00767	0.00230	0.01107	0.00796	0.00514	0.00909
31	0.01746	0.01678	0.01634	0.01503	0.01736	0.14582	0.01192	0.02001	0.01908	0.05228	0.15032	0.04810	0.18482	0.01573	0.01304	0.00286	0.16146	0.07690	0.00634	0.00834

[dist]
# distance from previous block
# <min> <max>
0	1

[block]
# block no. 6 follows, 23 sequences, length 9
# corresponding to MSA columns:
# 199-207
name=unknown_G
#
# <colnr> <probs for GDERKNQSTAVLIFYWHMCP>
#	G	D	E	R	K	N	Q	S	T	A	V	L	I	F	Y	W	H	M	C	P
0	0.01935	0.01838	0.03020	0.04461	0.57429	0.01847	0.02276	0.02523	0.06183	0.02670	0.02117	0.02485	0.05906	0.00842	0.00816	0.00246	0.00903	0.00806	0.00455	0.01243
1	0.02139	0.05432	0.02018	0.01505	0.02124	0.12635	0.01199	0.09408	0.12351	0.02893	0.01755	0.01876	0.01396	0.00767	0.00679	0.00176	0.00796	0.00584	0.00557	0.39710
2	0.02008	0.01928	0.03294	0.04981	0.66422	0.01928	0.02490	0.02490	0.01848	0.02651	0.01526	0.02008	0.01285	0.00723	0.00803	0.00241	0.00964	0.00723	0.00402	0.01285
3	0.07524	0.01913	0.01933	0.01604	0.02142	0.09514	0.01280	0.13668	0.19225	0.21881	0.02524	0.02414	0.01803	0.01179	0.03574	0.00288	0.00855	0.00755	0.00773	0.05151
4	0.02177	0.02212	0.03523	0.04008	0.37947	0.08287	0.18666	0.08106	0.02086	0.02796	0.01569	0.02000	0.01257	0.00746	0.00839	0.00247	0.01113	0.00768	0.00442	0.01210
5	0.18151	0.02432	0.19041	0.02354	0.09927	0.01878	0.12727	0.06862	0.06284	0.05145	0.01645	0.01885	0.01231	0.00779	0.00746	0.00247	0.00960	0.00672	0.00493	0.06541
6	0.02893	0.03622	0.02371	0.02268	0.06370	0.60201	0.01636	0.03116	0.02208	0.02024	0.01259	0.01515	0.01061	0.00865	0.00853	0.00220	0.05598	0.00546	0.00413	0.00958
7	0.01623	0.03707	0.55407	0.02335	0.03404	0.01810	0.08287	0.02488	0.01746	0.02559	0.01742	0.02460	0.01391	0.00902	0.00821	0.00270	0.01172	0.06343	0.00387	0.01147
8	0.06102	0.05266	0.06186	0.03302	0.25475	0.15584	0.15614	0.02811	0.07034	0.02582	0.01600	0.01941	0.01278	0.00771	0.00796	0.00243	0.01119	0.00718	0.00442	0.01137

[dist]
# distance from previous block
# <min> <max>
0	4

[block]
# block no. 7 follows, 23 sequences, length 38
# corresponding to MSA columns:
# 212-249
name=unknown_H
#
# <colnr> <probs for GDERKNQSTAVLIFYWHMCP>
#	G	D	E	R	K	N	Q	S	T	A	V	L	I	F	Y	W	H	M	C	P
0	0.10502	0.19524	0.25475	0.02181	0.09099	0.15656	0.02042	0.02644	0.01794	0.02424	0.01309	0.01552	0.01044	0.00759	0.00677	0.00225	0.01088	0.00540	0.00383	0.01083
1	0.01985	0.01993	0.03666	0.04592	0.50923	0.01959	0.17691	0.02517	0.01864	0.02638	0.01555	0.02053	0.01272	0.00713	0.00842	0.00249	0.01065	0.00781	0.00404	0.01238
2	0.02118	0.09011	0.39356	0.02309	0.06477	0.19173	0.02414	0.05493	0.01962	0.02488	0.01405	0.01644	0.01063	0.00789	0.00745	0.00237	0.01216	0.00580	0.00387	0.01133
3	0.01890	0.02568	0.20042	0.03953	0.36633	0.01944	0.16002	0.02535	0.01828	0.02619	0.01534	0.01972	0.01207	0.00727	0.00829	0.00252	0.01113	0.00743	0.00388	0.01221
4	0.01683	0.01442	0.01683	0.01202	0.01923	0.01082	0.00961	0.02043	0.01683	0.02644	0.01442	0.01683	0.01202	0.00601	0.00601	0.00120	0.00601	0.00481	0.00481	0.76444
5	0.01956	0.01865	0.03172	0.04782	0.63057	0.01863	0.02401	0.02420	0.01832	0.02621	0.01678	0.05563	0.01496	0.00817	0.00815	0.00246	0.00939	0.00805	0.00420	0.01253
6	0.03085	0.02273	0.02435	0.01867	0.02516	0.02516	0.01542	0.63716	0.03815	0.05114	0.01948	0.01948	0.01380	0.00974	0.00812	0.00244	0.00893	0.00731	0.00812	0.01380
7	0.01180	0.00787	0.00885	0.00885	0.00885	0.00787	0.00492	0.01180	0.01180	0.01573	0.02557	0.05310	0.02950	0.71483	0.04130	0.00787	0.00787	0.01180	0.00492	0.00492
8	0.00976	0.00757	0.00889	0.00995	0.01141	0.00670	0.00693	0.01145	0.01684	0.02124	0.06119	0.43200	0.32057	0.02328	0.01002	0.00305	0.00444	0.02046	0.00753	0.00670
9	0.01532	0.01442	0.02434	0.69533	0.05589	0.01803	0.02253	0.02073	0.01622	0.02073	0.01442	0.02163	0.01082	0.00811	0.00811	0.00270	0.01082	0.00721	0.00361	0.00901
10	0.02008	0.01928	0.03294	0.04981	0.66422	0.01928	0.02490	0.02490	0.01848	0.02651	0.01526	0.02008	0.01285	0.00723	0.00803	0.00241	0.00964	0.00723	0.00402	0.01285
11	0.01159	0.00869	0.01304	0.01304	0.01449	0.01014	0.01014	0.01449	0.01304	0.01884	0.02173	0.03188	0.02029	0.06086	0.68268	0.01304	0.02173	0.00869	0.00435	0.00724
12	0.01409	0.00705	0.01057	0.01057	0.01057	0.00705	0.00705	0.01057	0.01057	0.01409	0.01409	0.02467	0.01409	0.02819	0.03171	0.76392	0.00705	0.00705	0.00352	0.00352
13	0.01052	0.00819	0.00913	0.00907	0.01092	0.00753	0.00641	0.01231	0.01662	0.02096	0.11126	0.06535	0.38387	0.19763	0.09038	0.00512	0.00693	0.01467	0.00666	0.00648
14	0.01133	0.00854	0.01194	0.01179	0.01350	0.00916	0.00908	0.01435	0.01606	0.02247	0.18081	0.04424	0.11030	0.04550	0.44202	0.00931	0.01537	0.01113	0.00582	0.00730
15	0.01023	0.00818	0.00915	0.00906	0.01139	0.00710	0.00674	0.01283	0.01979	0.02534	0.27010	0.10953	0.43287	0.01953	0.00963	0.00271	0.00405	0.01667	0.00799	0.00710
16	0.02634	0.01161	0.01552	0.01334	0.01755	0.01042	0.01040	0.02981	0.04687	0.41199	0.06963	0.23670	0.03352	0.01511	0.00891	0.00276	0.00605	0.01308	0.00915	0.01125
17	0.00959	0.00822	0.00822	0.00822	0.01096	0.00685	0.00617	0.01165	0.01850	0.02192	0.08220	0.07809	0.66092	0.02055	0.00959	0.00274	0.00411	0.01713	0.00754	0.00685
18	0.01180	0.00787	0.00885	0.00885	0.00885	0.00787	0.00492	0.01180	0.01180	0.01573	0.02557	0.05310	0.02950	0.71483	0.04130	0.00787	0.00787	0.01180	0.00492	0.00492
19	0.01141	0.00770	0.00896	0.00935	0.00944	0.00761	0.00545	0.01170	0.01256	0.01674	0.02945	0.18631	0.03440	0.57493	0.03502	0.00694	0.00723	0.01409	0.00545	0.00526
20	0.00985	0.00719	0.00929	0.01097	0.01168	0.00662	0.00738	0.01134	0.01586	0.02084	0.04878	0.64116	0.11942	0.02489	0.01027	0.00324	0.00464	0.02242	0.00753	0.00662
21	0.03085	0.02273	0.02435	0.01867	0.02516	0.02516	0.01542	0.63716	0.03815	0.05114	0.01948	0.01948	0.01380	0.00974	0.00812	0.00244	0.00893	0.00731	0.00812	0.01380
22	0.01049	0.00740	0.00967	0.01125	0.01178	0.00705	0.00764	0.01189	0.01524	0.02026	0.04152	0.54752	0.04918	0.13448	0.01534	0.00406	0.00547	0.07624	0.00711	0.00641
23	0.02966	0.02214	0.02368	0.01843	0.02471	0.02461	0.01514	0.57096	0.10629	0.04922	0.02099	0.02068	0.01502	0.00988	0.00813	0.00247	0.00865	0.00751	0.00813	0.01369
24	0.01073	0.00794	0.00878	0.00896	0.01016	0.00732	0.00583	0.01188	0.01538	0.01957	0.08395	0.13621	0.27582	0.33483	0.02401	0.00511	0.00586	0.01525	0.00643	0.00599
25	0.03085	0.02273	0.02435	0.01867	0.02516	0.02516	0.01542	0.63716	0.03815	0.05114	0.01948	0.01948	0.01380	0.00974	0.00812	0.00244	0.00893	0.00731	0.00812	0.01380
26	0.01960	0.01879	0.03207	0.11489	0.60288	0.01915	0.02466	0.02448	0.01825	0.02593	0.01518	0.02024	0.01265	0.00732	0.00804	0.00244	0.00976	0.00723	0.00398	0.01247
27	0.01775	0.01775	0.02485	0.02130	0.02130	0.02485	0.01775	0.01953	0.01243	0.01953	0.01065	0.01775	0.01065	0.01420	0.02663	0.00355	0.69998	0.00710	0.00355	0.00888
28	0.01076	0.00759	0.00952	0.01048	0.01113	0.00722	0.00696	0.01215	0.01552	0.02076	0.10913	0.38914	0.07452	0.22819	0.01943	0.00456	0.00564	0.04414	0.00691	0.00626
29	0.02137	0.01802	0.01902	0.01675	0.02155	0.02074	0.01313	0.10932	0.58142	0.03586	0.03152	0.02907	0.02355	0.01087	0.00824	0.00272	0.00670	0.00897	0.00824	0.01295
30	0.01659	0.08126	0.63625	0.02259	0.03429	0.01961	0.02905	0.02562	0.01709	0.02531	0.01437	0.01689	0.01029	0.00766	0.00756	0.00252	0.01180	0.00590	0.00343	0.01190
31	0.10480	0.06742	0.02323	0.01894	0.02394	0.41469	0.01483	0.18490	0.02559	0.02944	0.01412	0.01564	0.01113	0.00856	0.00718	0.00220	0.01203	0.00563	0.00523	0.01051
32	0.01470	0.01867	0.17813	0.01636	0.02169	0.01258	0.01645	0.02119	0.06559	0.02551	0.03364	0.05810	0.06508	0.01570	0.00936	0.00299	0.00815	0.30440	0.00619	0.10554
33	0.02026	0.01943	0.03708	0.02686	0.03441	0.01795	0.41171	0.02758	0.07353	0.08112	0.01880	0.02215	0.01399	0.00732	0.00868	0.00243	0.01105	0.00853	0.00510	0.15204
34	0.01896	0.02261	0.07525	0.03311	0.04112	0.02064	0.57921	0.02568	0.01875	0.02568	0.01607	0.02148	0.01214	0.00721	0.01027	0.00277	0.04479	0.00930	0.00405	0.01090
35	0.16315	0.01609	0.01713	0.01384	0.01958	0.01625	0.01110	0.10433	0.17592	0.09487	0.05008	0.02281	0.01848	0.00886	0.00701	0.00217	0.00651	0.00688	0.00679	0.23815
36	0.17335	0.02183	0.10167	0.04643	0.02376	0.08856	0.01435	0.09502	0.05258	0.09869	0.01700	0.01825	0.01264	0.00798	0.00684	0.00216	0.00842	0.00589	0.00565	0.19893
37	0.17472	0.13248	0.10569	0.01637	0.02266	0.15647	0.01492	0.11533	0.02142	0.11000	0.01895	0.01961	0.04120	0.00886	0.00691	0.00231	0.00945	0.00623	0.00560	0.01084

[dist]
# distance from previous block
# <min> <max>
0	9

# created by:
# /home/cegg/simao/soft/augustus-3.2.1/scripts/msa2prfl.pl ./align_prep/12554.fa
