[name]
unknown

[dist]
# distance from previous block
# <min> <max>
0	3

[block]
# block no. 0 follows, 21 sequences, length 53
# corresponding to MSA columns:
# 3-55
name=unknown_A
#
# <colnr> <probs for GDERKNQSTAVLIFYWHMCP>
#	G	D	E	R	K	N	Q	S	T	A	V	L	I	F	Y	W	H	M	C	P
0	0.01779	0.01683	0.01781	0.02070	0.09322	0.13660	0.01520	0.02139	0.02042	0.02468	0.03836	0.07075	0.07853	0.01867	0.01046	0.00335	0.00930	0.37034	0.00675	0.00885
1	0.02113	0.02051	0.02348	0.13331	0.17680	0.13907	0.01838	0.09515	0.02241	0.02768	0.02839	0.04056	0.08219	0.01271	0.00911	0.00282	0.01020	0.11982	0.00575	0.01056
2	0.19542	0.01300	0.01719	0.10925	0.02344	0.01375	0.06982	0.02265	0.01748	0.09021	0.02535	0.15206	0.02296	0.01223	0.00775	0.00269	0.00717	0.01046	0.17786	0.00925
3	0.08923	0.01950	0.05233	0.02052	0.02660	0.01928	0.15859	0.12456	0.18183	0.03500	0.05242	0.05581	0.02168	0.01036	0.00851	0.00267	0.00883	0.00937	0.05014	0.05278
4	0.02090	0.01903	0.02662	0.26492	0.21699	0.04997	0.02104	0.11084	0.09387	0.02962	0.01981	0.05361	0.01619	0.00969	0.00857	0.00271	0.01005	0.00850	0.00537	0.01171
5	0.01707	0.04402	0.65683	0.02426	0.03683	0.01976	0.03144	0.02695	0.01797	0.02695	0.01527	0.01797	0.01078	0.00809	0.00809	0.00270	0.01258	0.00629	0.00359	0.01258
6	0.02092	0.19857	0.43552	0.02087	0.03147	0.02223	0.02518	0.02831	0.01856	0.09924	0.01661	0.01823	0.01203	0.00818	0.00751	0.00248	0.01112	0.00614	0.00442	0.01241
7	0.02163	0.01481	0.02296	0.19672	0.19226	0.01511	0.01799	0.02600	0.02045	0.17718	0.09086	0.03672	0.08119	0.01154	0.00894	0.00274	0.00849	0.03647	0.00665	0.01129
8	0.01682	0.01858	0.08131	0.21414	0.07185	0.01964	0.08893	0.02150	0.01592	0.02247	0.01587	0.02321	0.01346	0.02051	0.13978	0.00512	0.18911	0.00801	0.00398	0.00980
9	0.01175	0.00799	0.00947	0.01008	0.01023	0.00784	0.00601	0.01221	0.01359	0.01812	0.03304	0.25394	0.03879	0.49195	0.03326	0.00676	0.00722	0.01604	0.00601	0.00570
10	0.05560	0.02492	0.15826	0.15592	0.10319	0.02044	0.30484	0.02593	0.01875	0.02675	0.01606	0.02131	0.01208	0.00768	0.00898	0.00278	0.01264	0.00835	0.00411	0.01139
11	0.02006	0.16152	0.17802	0.26853	0.04096	0.11411	0.05422	0.02573	0.01846	0.02279	0.01434	0.01878	0.01116	0.00813	0.00777	0.00251	0.01192	0.00651	0.00382	0.01064
12	0.01201	0.00849	0.01002	0.01048	0.01254	0.00747	0.00753	0.01413	0.01888	0.06042	0.11877	0.32131	0.32188	0.02256	0.01029	0.00307	0.00470	0.01965	0.00819	0.00758
13	0.01110	0.00811	0.01043	0.01102	0.01243	0.00745	0.00782	0.01380	0.02014	0.02748	0.32175	0.34849	0.12451	0.02195	0.01041	0.00305	0.00446	0.01959	0.00857	0.00745
14	0.13573	0.04920	0.02411	0.19397	0.12016	0.05753	0.01758	0.08407	0.07496	0.13277	0.01973	0.02191	0.01446	0.00900	0.00785	0.00262	0.00933	0.00722	0.00607	0.01172
15	0.02043	0.02068	0.02988	0.28770	0.35031	0.09600	0.02403	0.02538	0.01904	0.02467	0.01534	0.02101	0.01237	0.00807	0.00837	0.00261	0.01120	0.00733	0.00407	0.01152
16	0.01556	0.01197	0.01447	0.01403	0.01654	0.01292	0.01054	0.09103	0.13708	0.02858	0.07842	0.26133	0.06362	0.02985	0.16675	0.00560	0.00998	0.01499	0.00742	0.00931
17	0.02346	0.02737	0.11943	0.03858	0.34088	0.14361	0.08970	0.02876	0.02046	0.06292	0.01652	0.02021	0.01301	0.00801	0.00842	0.00253	0.01176	0.00733	0.00454	0.01250
18	0.13367	0.07806	0.02599	0.02572	0.14688	0.36899	0.01717	0.06171	0.02218	0.02638	0.01382	0.01641	0.01139	0.00839	0.00737	0.00232	0.01231	0.00582	0.00465	0.01080
19	0.01509	0.01349	0.02355	0.01965	0.02273	0.01489	0.15739	0.01905	0.01543	0.02247	0.02042	0.02904	0.01810	0.04068	0.38783	0.00909	0.09763	0.00906	0.05563	0.00876
20	0.25717	0.02387	0.02025	0.01678	0.02238	0.14568	0.01350	0.28997	0.02783	0.04135	0.01678	0.01804	0.01258	0.00920	0.00720	0.00248	0.00935	0.00631	0.04765	0.01160
21	0.01096	0.00882	0.00993	0.01054	0.01303	0.00779	0.00831	0.01349	0.01923	0.02350	0.07358	0.12756	0.46036	0.02238	0.01052	0.00317	0.00520	0.15641	0.00789	0.00732
22	0.01221	0.00891	0.01262	0.01262	0.01377	0.01006	0.00932	0.01452	0.01336	0.01897	0.02376	0.03880	0.02360	0.21739	0.51682	0.01237	0.01929	0.00990	0.00470	0.00701
23	0.16376	0.53741	0.07233	0.01445	0.02164	0.03011	0.01447	0.02547	0.01679	0.02388	0.01203	0.01392	0.01059	0.00744	0.00557	0.00202	0.00881	0.00466	0.00395	0.01069
24	0.01883	0.24885	0.46741	0.02126	0.03219	0.02407	0.02622	0.02650	0.01776	0.02481	0.01421	0.01663	0.01082	0.00784	0.00727	0.00242	0.01150	0.00575	0.00361	0.01206
25	0.01091	0.00836	0.01000	0.01022	0.01218	0.00745	0.00742	0.01363	0.02048	0.02704	0.29447	0.22345	0.28131	0.02117	0.01024	0.00294	0.00435	0.01847	0.00847	0.00745
26	0.02574	0.06636	0.14832	0.02470	0.03132	0.36239	0.13325	0.03032	0.02133	0.02314	0.01416	0.01737	0.01131	0.00859	0.00914	0.00248	0.04868	0.00656	0.00415	0.01070
27	0.02081	0.15491	0.12571	0.04101	0.44038	0.02273	0.02467	0.02612	0.01878	0.02619	0.01510	0.01920	0.01260	0.00760	0.00781	0.00242	0.01027	0.00682	0.00401	0.01286
28	0.02958	0.07367	0.06886	0.02173	0.02659	0.55430	0.01750	0.03231	0.02273	0.02119	0.01312	0.01562	0.01096	0.00899	0.00871	0.00229	0.05191	0.00560	0.00426	0.01008
29	0.02167	0.01961	0.02687	0.02788	0.17263	0.02129	0.08781	0.07220	0.38091	0.03383	0.02736	0.02753	0.02081	0.01002	0.00876	0.00278	0.00858	0.00908	0.00709	0.01330
30	0.01103	0.00846	0.01010	0.01011	0.01220	0.00753	0.00742	0.01394	0.02107	0.02795	0.33805	0.17308	0.28738	0.02046	0.01018	0.00288	0.00428	0.01778	0.00858	0.00753
31	0.02275	0.70604	0.04459	0.01456	0.02184	0.03367	0.01456	0.02548	0.01729	0.02002	0.01183	0.01365	0.01092	0.00728	0.00546	0.00182	0.00910	0.00455	0.00364	0.01092
32	0.02106	0.02022	0.03454	0.05223	0.64784	0.02022	0.02612	0.02612	0.01938	0.02780	0.01601	0.02106	0.01348	0.00758	0.00842	0.00253	0.01011	0.00758	0.00421	0.01348
33	0.03179	0.04056	0.02412	0.02192	0.02631	0.66676	0.01644	0.03398	0.02412	0.02083	0.01315	0.01535	0.01096	0.00877	0.00767	0.00219	0.01535	0.00548	0.00438	0.00987
34	0.01044	0.00864	0.00915	0.00902	0.01173	0.00735	0.00677	0.01296	0.02031	0.02515	0.19408	0.07835	0.53516	0.02075	0.01005	0.00284	0.00425	0.01746	0.00819	0.00735
35	0.01129	0.00867	0.01033	0.00991	0.01225	0.00771	0.00743	0.01460	0.02230	0.02989	0.43126	0.07055	0.29503	0.01898	0.01005	0.00275	0.00413	0.01637	0.00881	0.00771
36	0.02106	0.02022	0.03454	0.05223	0.64784	0.02022	0.02612	0.02612	0.01938	0.02780	0.01601	0.02106	0.01348	0.00758	0.00842	0.00253	0.01011	0.00758	0.00421	0.01348
37	0.02106	0.02022	0.03454	0.05223	0.64784	0.02022	0.02612	0.02612	0.01938	0.02780	0.01601	0.02106	0.01348	0.00758	0.00842	0.00253	0.01011	0.00758	0.00421	0.01348
38	0.01019	0.00863	0.00880	0.00876	0.01157	0.00724	0.00657	0.01246	0.01970	0.02371	0.12223	0.08071	0.60792	0.02128	0.01006	0.00286	0.00429	0.01779	0.00800	0.00724
39	0.03487	0.01979	0.02304	0.01766	0.02437	0.02039	0.01459	0.36951	0.03324	0.31315	0.02611	0.02412	0.01732	0.01035	0.00853	0.00259	0.00845	0.00805	0.00939	0.01448
40	0.01006	0.00862	0.00862	0.00862	0.01149	0.00718	0.00647	0.01221	0.01940	0.02299	0.08621	0.08190	0.64438	0.02155	0.01006	0.00287	0.00431	0.01796	0.00790	0.00718
41	0.01037	0.00741	0.00987	0.01185	0.01234	0.00691	0.00790	0.01185	0.01629	0.02172	0.04690	0.69537	0.05629	0.02666	0.01086	0.00346	0.00494	0.02419	0.00790	0.00691
42	0.01216	0.00912	0.01368	0.01368	0.01520	0.01064	0.01064	0.01520	0.01368	0.01976	0.02279	0.03343	0.02127	0.06382	0.66720	0.01368	0.02279	0.00912	0.00456	0.00760
43	0.02136	0.54402	0.19444	0.01693	0.02551	0.03027	0.01869	0.02584	0.01746	0.02172	0.01267	0.01471	0.01089	0.00748	0.00610	0.00203	0.00995	0.00498	0.00363	0.01133
44	0.01038	0.00852	0.00915	0.00923	0.01176	0.00729	0.00683	0.01276	0.01982	0.02455	0.16648	0.13475	0.50620	0.02139	0.01013	0.00290	0.00432	0.01814	0.00812	0.00729
45	0.01238	0.00825	0.00928	0.00928	0.00928	0.00825	0.00516	0.01238	0.01238	0.01650	0.02681	0.05569	0.03094	0.70092	0.04331	0.00825	0.00825	0.01238	0.00516	0.00516
46	0.02207	0.02396	0.02775	0.30684	0.22128	0.20644	0.02228	0.02656	0.01976	0.02325	0.01481	0.02009	0.01186	0.00831	0.00824	0.00256	0.01214	0.00697	0.00408	0.01075
47	0.01734	0.01687	0.02579	0.35229	0.04053	0.02248	0.02113	0.02111	0.01503	0.02111	0.01315	0.02066	0.01126	0.01169	0.01819	0.00328	0.34744	0.00751	0.00375	0.00938
48	0.01006	0.00862	0.00862	0.00862	0.01149	0.00718	0.00647	0.01221	0.01940	0.02299	0.08621	0.08190	0.64438	0.02155	0.01006	0.00287	0.00431	0.01796	0.00790	0.00718
49	0.03179	0.04056	0.02412	0.02192	0.02631	0.66676	0.01644	0.03398	0.02412	0.02083	0.01315	0.01535	0.01096	0.00877	0.00767	0.00219	0.01535	0.00548	0.00438	0.00987
50	0.10805	0.07377	0.18211	0.03655	0.35212	0.05298	0.02413	0.02653	0.01855	0.02794	0.01491	0.01867	0.01202	0.00778	0.00773	0.00251	0.01048	0.00661	0.00416	0.01240
51	0.19595	0.06942	0.24722	0.01997	0.08474	0.01774	0.01889	0.02371	0.01868	0.03101	0.16423	0.02788	0.02727	0.01016	0.00774	0.00260	0.00862	0.00807	0.00544	0.01066
52	0.02118	0.02162	0.02819	0.30552	0.15679	0.14084	0.07593	0.05705	0.02035	0.02549	0.01613	0.02144	0.01259	0.00843	0.00833	0.00260	0.01160	0.00743	0.04784	0.01065

[dist]
# distance from previous block
# <min> <max>
2	7

[block]
# block no. 1 follows, 21 sequences, length 34
# corresponding to MSA columns:
# 63-96
name=unknown_B
#
# <colnr> <probs for GDERKNQSTAVLIFYWHMCP>
#	G	D	E	R	K	N	Q	S	T	A	V	L	I	F	Y	W	H	M	C	P
0	0.09890	0.03257	0.02404	0.05660	0.06792	0.41241	0.01672	0.13935	0.02545	0.02898	0.01466	0.01689	0.01163	0.00886	0.00769	0.00236	0.01287	0.00604	0.00518	0.01087
1	0.02646	0.06668	0.02258	0.01915	0.02371	0.38561	0.01470	0.03545	0.21204	0.02552	0.02499	0.02512	0.06111	0.01047	0.00803	0.00244	0.01155	0.00761	0.00592	0.01085
2	0.02467	0.02420	0.02094	0.01990	0.06296	0.22820	0.01435	0.18426	0.06151	0.03249	0.09075	0.12218	0.05087	0.01318	0.00880	0.00261	0.00982	0.01062	0.00688	0.01082
3	0.02419	0.60032	0.04134	0.01573	0.02255	0.13425	0.01486	0.02683	0.01838	0.02015	0.01204	0.01392	0.01093	0.00752	0.00581	0.00188	0.01009	0.00470	0.00376	0.01075
4	0.01238	0.00825	0.00928	0.00928	0.00928	0.00825	0.00516	0.01238	0.01238	0.01650	0.02681	0.05569	0.03094	0.70092	0.04331	0.00825	0.00825	0.01238	0.00516	0.00516
5	0.01059	0.00856	0.00941	0.00937	0.01186	0.00738	0.00696	0.01317	0.02039	0.02575	0.22596	0.11754	0.46162	0.02083	0.01011	0.00286	0.00428	0.01771	0.00828	0.00738
6	0.01216	0.00912	0.01368	0.01368	0.01520	0.01064	0.01064	0.01520	0.01368	0.01976	0.02279	0.03343	0.02127	0.06382	0.66720	0.01368	0.02279	0.00912	0.00456	0.00760
7	0.02117	0.01828	0.01924	0.01732	0.02213	0.02117	0.01347	0.04522	0.63246	0.03560	0.03464	0.03175	0.02598	0.01155	0.00866	0.00289	0.00673	0.00962	0.00866	0.01347
8	0.03160	0.07469	0.02675	0.01948	0.02605	0.09799	0.01609	0.51181	0.03662	0.04758	0.01901	0.01938	0.01383	0.00984	0.00820	0.00246	0.01001	0.00720	0.00770	0.01371
9	0.02275	0.70604	0.04459	0.01456	0.02184	0.03367	0.01456	0.02548	0.01729	0.02002	0.01183	0.01365	0.01092	0.00728	0.00546	0.00182	0.00910	0.00455	0.00364	0.01092
10	0.01006	0.00862	0.00862	0.00862	0.01149	0.00718	0.00647	0.01221	0.01940	0.02299	0.08621	0.08190	0.64438	0.02155	0.01006	0.00287	0.00431	0.01796	0.00790	0.00718
11	0.01891	0.01796	0.02948	0.04372	0.52361	0.01768	0.02228	0.02340	0.01938	0.02686	0.02971	0.03294	0.13664	0.01031	0.00874	0.00260	0.00898	0.00961	0.00493	0.01225
12	0.01458	0.06039	0.08605	0.01647	0.01925	0.01599	0.01458	0.01810	0.01425	0.02067	0.01911	0.02774	0.01760	0.04510	0.43497	0.00988	0.14416	0.00821	0.00424	0.00866
13	0.03026	0.01848	0.02063	0.01619	0.02196	0.01949	0.01325	0.36706	0.03196	0.18317	0.02487	0.02466	0.01745	0.01022	0.00800	0.00245	0.00778	0.00792	0.16106	0.01313
14	0.01037	0.00741	0.00987	0.01185	0.01234	0.00691	0.00790	0.01185	0.01629	0.02172	0.04690	0.69537	0.05629	0.02666	0.01086	0.00346	0.00494	0.02419	0.00790	0.00691
15	0.01927	0.01839	0.03131	0.27759	0.43648	0.01975	0.02523	0.02455	0.01853	0.02563	0.01569	0.02165	0.01271	0.00791	0.00845	0.00264	0.01055	0.00758	0.00406	0.01204
16	0.01288	0.01017	0.01505	0.01464	0.01599	0.01235	0.01152	0.01578	0.01361	0.01984	0.02150	0.03179	0.02015	0.05839	0.59617	0.01257	0.09641	0.00893	0.00447	0.00779
17	0.02275	0.70604	0.04459	0.01456	0.02184	0.03367	0.01456	0.02548	0.01729	0.02002	0.01183	0.01365	0.01092	0.00728	0.00546	0.00182	0.00910	0.00455	0.00364	0.01092
18	0.02471	0.49990	0.07440	0.01698	0.02383	0.19300	0.01600	0.02772	0.01906	0.02062	0.01236	0.01433	0.01092	0.00770	0.00617	0.00196	0.01088	0.00489	0.00383	0.01075
19	0.01238	0.00825	0.00928	0.00928	0.00928	0.00825	0.00516	0.01238	0.01238	0.01650	0.02681	0.05569	0.03094	0.70092	0.04331	0.00825	0.00825	0.01238	0.00516	0.00516
20	0.01204	0.00870	0.01138	0.01071	0.01271	0.00803	0.00803	0.01606	0.02409	0.03413	0.64335	0.06357	0.08030	0.01740	0.01004	0.00268	0.00401	0.01539	0.00937	0.00803
21	0.01664	0.01571	0.02656	0.60826	0.12634	0.01906	0.02392	0.02225	0.01729	0.02244	0.01523	0.02250	0.01159	0.00840	0.00850	0.00280	0.01120	0.00757	0.00383	0.00992
22	0.01063	0.00864	0.00942	0.00922	0.01185	0.00743	0.00692	0.01333	0.02075	0.02621	0.24727	0.07660	0.48131	0.02035	0.01005	0.00282	0.00423	0.01722	0.00833	0.00743
23	0.01607	0.01513	0.02552	0.68047	0.05861	0.01891	0.02363	0.02174	0.01702	0.02174	0.01513	0.02269	0.01134	0.00851	0.00851	0.00284	0.01134	0.00756	0.00378	0.00945
24	0.01238	0.00825	0.00928	0.00928	0.00928	0.00825	0.00516	0.01238	0.01238	0.01650	0.02681	0.05569	0.03094	0.70092	0.04331	0.00825	0.00825	0.01238	0.00516	0.00516
25	0.01862	0.01862	0.02607	0.02234	0.02234	0.02607	0.01862	0.02048	0.01303	0.02048	0.01117	0.01862	0.01117	0.01489	0.02793	0.00372	0.68535	0.00745	0.00372	0.00931
26	0.01006	0.00862	0.00862	0.00862	0.01149	0.00718	0.00647	0.01221	0.01940	0.02299	0.08621	0.08190	0.64438	0.02155	0.01006	0.00287	0.00431	0.01796	0.00790	0.00718
27	0.01303	0.01121	0.01146	0.01095	0.01434	0.01093	0.00834	0.02104	0.18342	0.02636	0.07241	0.06848	0.47893	0.01888	0.00968	0.00288	0.00496	0.01573	0.00811	0.00887
28	0.02137	0.01733	0.01964	0.01437	0.02174	0.01515	0.01162	0.17268	0.02330	0.03428	0.01647	0.01835	0.01308	0.00729	0.00686	0.00159	0.00708	0.00570	0.00592	0.56617
29	0.01188	0.00918	0.01158	0.04446	0.01544	0.00859	0.00925	0.01536	0.02146	0.02845	0.33158	0.07286	0.25463	0.01932	0.01025	0.00296	0.00511	0.11149	0.00836	0.00779
30	0.01736	0.04231	0.61213	0.02627	0.08072	0.01980	0.03106	0.02689	0.01807	0.02701	0.01532	0.01819	0.01097	0.00805	0.00811	0.00268	0.01240	0.00638	0.00364	0.01264
31	0.01607	0.01513	0.02552	0.68047	0.05861	0.01891	0.02363	0.02174	0.01702	0.02174	0.01513	0.02269	0.01134	0.00851	0.00851	0.00284	0.01134	0.00756	0.00378	0.00945
32	0.02327	0.02441	0.03239	0.04599	0.51980	0.15341	0.02412	0.02774	0.02035	0.02637	0.01542	0.01988	0.01296	0.00783	0.00827	0.00246	0.01119	0.00715	0.00425	0.01274
33	0.36115	0.02101	0.02415	0.02898	0.25182	0.09471	0.05135	0.02659	0.01773	0.03172	0.01384	0.01719	0.01120	0.00784	0.00698	0.00256	0.00935	0.00612	0.00472	0.01099

[dist]
# distance from previous block
# <min> <max>
5	8

[block]
# block no. 2 follows, 21 sequences, length 99
# corresponding to MSA columns:
# 105-203
name=unknown_C
#
# <colnr> <probs for GDERKNQSTAVLIFYWHMCP>
#	G	D	E	R	K	N	Q	S	T	A	V	L	I	F	Y	W	H	M	C	P
0	0.08274	0.10125	0.28387	0.03354	0.28285	0.02135	0.02561	0.02629	0.01817	0.02753	0.01492	0.01843	0.01176	0.00778	0.00771	0.00253	0.01070	0.00649	0.00399	0.01249
1	0.02589	0.09144	0.06795	0.03327	0.27181	0.28959	0.02098	0.05422	0.02194	0.02525	0.01459	0.01782	0.01209	0.00819	0.00783	0.00234	0.01231	0.00637	0.00438	0.01174
2	0.03126	0.03753	0.02485	0.02333	0.06054	0.55816	0.01694	0.10030	0.02567	0.02495	0.01414	0.01624	0.01150	0.00887	0.00781	0.00225	0.01438	0.00585	0.00485	0.01059
3	0.01216	0.00912	0.01368	0.01368	0.01520	0.01064	0.01064	0.01520	0.01368	0.01976	0.02279	0.03343	0.02127	0.06382	0.66720	0.01368	0.02279	0.00912	0.00456	0.00760
4	0.02318	0.02565	0.02387	0.02088	0.02301	0.24682	0.01670	0.05575	0.01883	0.02255	0.01874	0.02297	0.06528	0.01309	0.01836	0.00306	0.35943	0.00767	0.00456	0.00959
5	0.01229	0.00858	0.01094	0.01094	0.01152	0.00915	0.00723	0.01344	0.01287	0.01773	0.02529	0.04727	0.02728	0.45986	0.27937	0.01030	0.01375	0.01114	0.00493	0.00608
6	0.01020	0.00863	0.00882	0.00877	0.01158	0.00724	0.00658	0.01248	0.01973	0.02377	0.12545	0.08061	0.60465	0.02126	0.01006	0.00286	0.00429	0.01778	0.00801	0.00724
7	0.01927	0.07481	0.51932	0.02411	0.03524	0.09820	0.05940	0.02774	0.01878	0.02589	0.01495	0.01770	0.01092	0.00808	0.00801	0.00260	0.01283	0.00630	0.00373	0.01211
8	0.03179	0.04056	0.02412	0.02192	0.02631	0.66676	0.01644	0.03398	0.02412	0.02083	0.01315	0.01535	0.01096	0.00877	0.00767	0.00219	0.01535	0.00548	0.00438	0.00987
9	0.01129	0.00814	0.01088	0.01275	0.01378	0.00774	0.00945	0.01349	0.01739	0.02284	0.04851	0.49419	0.08603	0.02550	0.01107	0.00355	0.00572	0.18262	0.00788	0.00719
10	0.03179	0.04056	0.02412	0.02192	0.02631	0.66676	0.01644	0.03398	0.02412	0.02083	0.01315	0.01535	0.01096	0.00877	0.00767	0.00219	0.01535	0.00548	0.00438	0.00987
11	0.02961	0.03693	0.02444	0.02199	0.02565	0.56074	0.01680	0.03175	0.02228	0.02077	0.01283	0.01589	0.01100	0.00978	0.01102	0.00245	0.12621	0.00581	0.00428	0.00977
12	0.01045	0.00851	0.00925	0.00933	0.01180	0.00731	0.00689	0.01287	0.01993	0.02488	0.18308	0.14106	0.48236	0.02132	0.01014	0.00290	0.00432	0.01813	0.00817	0.00731
13	0.01126	0.00867	0.01028	0.00988	0.01223	0.00769	0.00741	0.01453	0.02223	0.02971	0.42252	0.07083	0.30387	0.01904	0.01005	0.00275	0.00413	0.01641	0.00879	0.00769
14	0.03034	0.02284	0.02441	0.01917	0.02562	0.02545	0.01569	0.51619	0.14656	0.05039	0.02299	0.02247	0.01654	0.01045	0.00854	0.00261	0.00889	0.00801	0.00854	0.01429
15	0.03179	0.04056	0.02412	0.02192	0.02631	0.66676	0.01644	0.03398	0.02412	0.02083	0.01315	0.01535	0.01096	0.00877	0.00767	0.00219	0.01535	0.00548	0.00438	0.00987
16	0.01053	0.00859	0.00935	0.00954	0.01205	0.00741	0.00718	0.01296	0.01974	0.02443	0.15154	0.13265	0.49025	0.02157	0.01022	0.00295	0.00452	0.04912	0.00809	0.00730
17	0.01216	0.00912	0.01368	0.01368	0.01520	0.01064	0.01064	0.01520	0.01368	0.01976	0.02279	0.03343	0.02127	0.06382	0.66720	0.01368	0.02279	0.00912	0.00456	0.00760
18	0.03115	0.08743	0.02556	0.02141	0.02599	0.62217	0.01631	0.03338	0.02364	0.02077	0.01306	0.01523	0.01096	0.00866	0.00752	0.00217	0.01491	0.00542	0.00433	0.00994
19	0.01765	0.01513	0.01765	0.01260	0.02017	0.01134	0.01008	0.02143	0.01765	0.02773	0.01513	0.01765	0.01260	0.00630	0.00630	0.00126	0.00630	0.00504	0.00504	0.75295
20	0.03133	0.02304	0.02471	0.01906	0.02552	0.02547	0.01561	0.58853	0.03860	0.05174	0.02076	0.02223	0.01531	0.04541	0.01029	0.00284	0.00931	0.00790	0.00834	0.01400
21	0.02766	0.01801	0.02091	0.01686	0.02223	0.01930	0.01375	0.34593	0.03012	0.15299	0.02678	0.02814	0.05011	0.02303	0.15813	0.00511	0.01176	0.00869	0.00795	0.01253
22	0.01216	0.00912	0.01368	0.01368	0.01520	0.01064	0.01064	0.01520	0.01368	0.01976	0.02279	0.03343	0.02127	0.06382	0.66720	0.01368	0.02279	0.00912	0.00456	0.00760
23	0.02339	0.65917	0.04315	0.01508	0.02216	0.07826	0.01469	0.02608	0.01777	0.02008	0.01192	0.01377	0.01092	0.00739	0.00562	0.00185	0.00954	0.00462	0.00369	0.01085
24	0.02043	0.02198	0.04462	0.04171	0.26002	0.02106	0.40587	0.02685	0.01983	0.02745	0.01678	0.02228	0.01312	0.00732	0.00946	0.00275	0.01283	0.00916	0.00427	0.01219
25	0.01238	0.00825	0.00928	0.00928	0.00928	0.00825	0.00516	0.01238	0.01238	0.01650	0.02681	0.05569	0.03094	0.70092	0.04331	0.00825	0.00825	0.01238	0.00516	0.00516
26	0.01031	0.00812	0.00931	0.01010	0.01192	0.00712	0.00716	0.01229	0.01838	0.02312	0.10304	0.33818	0.36392	0.02345	0.01039	0.00311	0.00456	0.02042	0.00799	0.00712
27	0.03018	0.03599	0.02491	0.06965	0.06106	0.52155	0.01743	0.09288	0.02500	0.02463	0.01419	0.01668	0.01148	0.00884	0.00786	0.00229	0.01418	0.00596	0.00476	0.01050
28	0.03062	0.03868	0.02349	0.02143	0.02564	0.62752	0.01610	0.03286	0.02349	0.02076	0.01373	0.01643	0.01158	0.01206	0.04711	0.00288	0.01579	0.00570	0.00440	0.00973
29	0.05614	0.02236	0.10550	0.21308	0.24158	0.04938	0.05450	0.02569	0.04370	0.02591	0.01577	0.02086	0.01254	0.00874	0.00997	0.00276	0.06848	0.00738	0.00423	0.01143
30	0.01058	0.00870	0.00934	0.00934	0.01203	0.00746	0.00711	0.01313	0.02016	0.02491	0.17302	0.07974	0.52142	0.02100	0.01015	0.00290	0.00446	0.04907	0.00813	0.00736
31	0.01690	0.15332	0.32977	0.02123	0.06521	0.01955	0.05323	0.02331	0.01837	0.02486	0.03090	0.03215	0.15491	0.01092	0.00818	0.00258	0.01002	0.00890	0.00465	0.01105
32	0.01680	0.03583	0.50953	0.02055	0.03072	0.01708	0.02566	0.02533	0.01794	0.02803	0.01811	0.02109	0.01328	0.00850	0.00760	0.00253	0.01062	0.00666	0.17261	0.01152
33	0.02275	0.70604	0.04459	0.01456	0.02184	0.03367	0.01456	0.02548	0.01729	0.02002	0.01183	0.01365	0.01092	0.00728	0.00546	0.00182	0.00910	0.00455	0.00364	0.01092
34	0.02107	0.02010	0.03363	0.05015	0.61052	0.02028	0.02536	0.02726	0.05595	0.02827	0.01712	0.02170	0.01423	0.00782	0.00844	0.00255	0.00991	0.00770	0.00448	0.01348
35	0.01798	0.15053	0.55833	0.02270	0.03442	0.02200	0.02873	0.02671	0.01786	0.02584	0.01472	0.01727	0.01080	0.00796	0.00766	0.00255	0.01202	0.00601	0.00360	0.01231
36	0.02106	0.02022	0.03454	0.05223	0.64784	0.02022	0.02612	0.02612	0.01938	0.02780	0.01601	0.02106	0.01348	0.00758	0.00842	0.00253	0.01011	0.00758	0.00421	0.01348
37	0.01046	0.00744	0.00985	0.01173	0.01221	0.00697	0.00778	0.01187	0.01612	0.02149	0.04600	0.66665	0.05515	0.05694	0.01232	0.00367	0.00509	0.02366	0.00778	0.00683
38	0.02800	0.05943	0.02822	0.02857	0.15893	0.43763	0.04964	0.03223	0.05468	0.02339	0.01505	0.01776	0.01239	0.00852	0.00792	0.00232	0.01349	0.00635	0.00454	0.01095
39	0.01298	0.00934	0.00944	0.00909	0.01195	0.00854	0.00690	0.05053	0.02020	0.02722	0.06623	0.06445	0.43577	0.01768	0.00884	0.00261	0.00452	0.01459	0.21131	0.00782
40	0.01371	0.00980	0.01371	0.01567	0.01763	0.00980	0.01371	0.01763	0.01959	0.02547	0.04506	0.09599	0.04898	0.02351	0.01175	0.00392	0.00784	0.59056	0.00784	0.00784
41	0.01145	0.00834	0.01102	0.01277	0.01402	0.00791	0.00969	0.01383	0.01774	0.02312	0.05068	0.42596	0.11963	0.02503	0.01107	0.00355	0.00584	0.21321	0.00788	0.00725
42	0.02106	0.02022	0.03454	0.05223	0.64784	0.02022	0.02612	0.02612	0.01938	0.02780	0.01601	0.02106	0.01348	0.00758	0.00842	0.00253	0.01011	0.00758	0.00421	0.01348
43	0.01679	0.01013	0.01143	0.01071	0.01305	0.01078	0.00819	0.09031	0.01923	0.03073	0.02570	0.03219	0.02136	0.06351	0.15860	0.00508	0.00914	0.00843	0.44614	0.00848
44	0.01029	0.00819	0.00924	0.00991	0.01187	0.00714	0.00708	0.01231	0.01856	0.02320	0.10538	0.30157	0.39901	0.02314	0.01035	0.00307	0.00452	0.02005	0.00799	0.00714
45	0.02822	0.03479	0.02444	0.17142	0.03364	0.51969	0.01808	0.03120	0.02250	0.02104	0.01360	0.01701	0.01105	0.00871	0.00786	0.00234	0.01444	0.00595	0.00425	0.00977
46	0.01707	0.04402	0.65683	0.02426	0.03683	0.01976	0.03144	0.02695	0.01797	0.02695	0.01527	0.01797	0.01078	0.00809	0.00809	0.00270	0.01258	0.00629	0.00359	0.01258
47	0.01006	0.00862	0.00862	0.00862	0.01149	0.00718	0.00647	0.01221	0.01940	0.02299	0.08621	0.08190	0.64438	0.02155	0.01006	0.00287	0.00431	0.01796	0.00790	0.00718
48	0.01707	0.04402	0.65683	0.02426	0.03683	0.01976	0.03144	0.02695	0.01797	0.02695	0.01527	0.01797	0.01078	0.00809	0.00809	0.00270	0.01258	0.00629	0.00359	0.01258
49	0.02401	0.01971	0.01644	0.01431	0.01816	0.16256	0.01114	0.18769	0.02536	0.03527	0.02243	0.02491	0.01733	0.00974	0.00704	0.00219	0.00803	0.00730	0.37623	0.01017
50	0.03818	0.01448	0.01975	0.01514	0.02172	0.01251	0.01251	0.04147	0.02436	0.65373	0.03357	0.02897	0.02107	0.01053	0.00856	0.00263	0.00724	0.00856	0.01053	0.01448
51	0.01216	0.00912	0.01368	0.01368	0.01520	0.01064	0.01064	0.01520	0.01368	0.01976	0.02279	0.03343	0.02127	0.06382	0.66720	0.01368	0.02279	0.00912	0.00456	0.00760
52	0.01006	0.00862	0.00862	0.00862	0.01149	0.00718	0.00647	0.01221	0.01940	0.02299	0.08621	0.08190	0.64438	0.02155	0.01006	0.00287	0.00431	0.01796	0.00790	0.00718
53	0.01216	0.00912	0.01368	0.01368	0.01520	0.01064	0.01064	0.01520	0.01368	0.01976	0.02279	0.03343	0.02127	0.06382	0.66720	0.01368	0.02279	0.00912	0.00456	0.00760
54	0.01969	0.01882	0.03207	0.22474	0.48605	0.01986	0.02544	0.02492	0.01873	0.02614	0.01577	0.02151	0.01289	0.00784	0.00845	0.00261	0.01045	0.00758	0.00409	0.01237
55	0.01216	0.00912	0.01368	0.01368	0.01520	0.01064	0.01064	0.01520	0.01368	0.01976	0.02279	0.03343	0.02127	0.06382	0.66720	0.01368	0.02279	0.00912	0.00456	0.00760
56	0.01607	0.01513	0.02552	0.68047	0.05861	0.01891	0.02363	0.02174	0.01702	0.02174	0.01513	0.02269	0.01134	0.00851	0.00851	0.00284	0.01134	0.00756	0.00378	0.00945
57	0.03235	0.02384	0.02554	0.01958	0.02639	0.02639	0.01618	0.61946	0.04001	0.05363	0.02043	0.02043	0.01447	0.01022	0.00851	0.00255	0.00936	0.00766	0.00851	0.01447
58	0.02244	0.67026	0.07769	0.01509	0.02265	0.03292	0.01547	0.02556	0.01733	0.02040	0.01202	0.01388	0.01091	0.00732	0.00560	0.00187	0.00929	0.00464	0.00364	0.01101
59	0.02887	0.03351	0.02473	0.02173	0.02542	0.44217	0.01690	0.10328	0.02356	0.02480	0.01360	0.01672	0.01144	0.01034	0.01237	0.00258	0.16670	0.00620	0.00474	0.01031
60	0.03103	0.03913	0.02485	0.02406	0.07009	0.62122	0.01712	0.03343	0.02378	0.02132	0.01336	0.01575	0.01114	0.00869	0.00773	0.00222	0.01498	0.00563	0.00437	0.01012
61	0.01006	0.00862	0.00862	0.00862	0.01149	0.00718	0.00647	0.01221	0.01940	0.02299	0.08621	0.08190	0.64438	0.02155	0.01006	0.00287	0.00431	0.01796	0.00790	0.00718
62	0.02106	0.02022	0.03454	0.05223	0.64784	0.02022	0.02612	0.02612	0.01938	0.02780	0.01601	0.02106	0.01348	0.00758	0.00842	0.00253	0.01011	0.00758	0.00421	0.01348
63	0.01033	0.00754	0.00973	0.01149	0.01225	0.00694	0.00774	0.01189	0.01664	0.02187	0.05132	0.62647	0.12234	0.02609	0.01077	0.00339	0.00487	0.02349	0.00790	0.00694
64	0.02117	0.01828	0.01924	0.01732	0.02213	0.02117	0.01347	0.04522	0.63246	0.03560	0.03464	0.03175	0.02598	0.01155	0.00866	0.00289	0.00673	0.00962	0.00866	0.01347
65	0.01238	0.00825	0.00928	0.00928	0.00928	0.00825	0.00516	0.01238	0.01238	0.01650	0.02681	0.05569	0.03094	0.70092	0.04331	0.00825	0.00825	0.01238	0.00516	0.00516
66	0.02085	0.48468	0.24931	0.01780	0.02685	0.02902	0.02021	0.02597	0.01752	0.02234	0.01298	0.01509	0.01087	0.00755	0.00634	0.00211	0.01026	0.00513	0.00362	0.01147
67	0.01161	0.00868	0.01077	0.01025	0.01244	0.00784	0.00768	0.01521	0.02305	0.03167	0.52048	0.06761	0.20469	0.01831	0.01004	0.00272	0.00408	0.01596	0.00904	0.00784
68	0.01238	0.00825	0.00928	0.00928	0.00928	0.00825	0.00516	0.01238	0.01238	0.01650	0.02681	0.05569	0.03094	0.70092	0.04331	0.00825	0.00825	0.01238	0.00516	0.00516
69	0.01961	0.01154	0.01193	0.01058	0.01365	0.01212	0.00827	0.15595	0.02288	0.03670	0.02610	0.02916	0.02015	0.00998	0.00653	0.00211	0.00519	0.00787	0.58026	0.00942
70	0.01862	0.01862	0.02607	0.02234	0.02234	0.02607	0.01862	0.02048	0.01303	0.02048	0.01117	0.01862	0.01117	0.01489	0.02793	0.00372	0.68535	0.00745	0.00372	0.00931
71	0.03092	0.03627	0.02388	0.02119	0.02595	0.52093	0.01614	0.11563	0.08061	0.02666	0.01607	0.01751	0.01279	0.00922	0.00788	0.00230	0.01375	0.00615	0.00533	0.01082
72	0.01238	0.00825	0.00928	0.00928	0.00928	0.00825	0.00516	0.01238	0.01238	0.01650	0.02681	0.05569	0.03094	0.70092	0.04331	0.00825	0.00825	0.01238	0.00516	0.00516
73	0.01216	0.00912	0.01368	0.01368	0.01520	0.01064	0.01064	0.01520	0.01368	0.01976	0.02279	0.03343	0.02127	0.06382	0.66720	0.01368	0.02279	0.00912	0.00456	0.00760
74	0.01305	0.01100	0.01170	0.01114	0.01444	0.01051	0.00841	0.02016	0.15448	0.02650	0.09674	0.11873	0.39424	0.01874	0.00961	0.00283	0.00499	0.01582	0.00799	0.04890
75	0.01236	0.00829	0.00950	0.00950	0.00958	0.00837	0.00543	0.01252	0.01244	0.01666	0.02661	0.05459	0.03046	0.66932	0.07426	0.00852	0.00897	0.01221	0.00513	0.00528
76	0.01037	0.00741	0.00987	0.01185	0.01234	0.00691	0.00790	0.01185	0.01629	0.02172	0.04690	0.69537	0.05629	0.02666	0.01086	0.00346	0.00494	0.02419	0.00790	0.00691
77	0.03235	0.02384	0.02554	0.01958	0.02639	0.02639	0.01618	0.61946	0.04001	0.05363	0.02043	0.02043	0.01447	0.01022	0.00851	0.00255	0.00936	0.00766	0.00851	0.01447
78	0.01216	0.00912	0.01368	0.01368	0.01520	0.01064	0.01064	0.01520	0.01368	0.01976	0.02279	0.03343	0.02127	0.06382	0.66720	0.01368	0.02279	0.00912	0.00456	0.00760
79	0.02439	0.58556	0.04089	0.01589	0.02265	0.14829	0.01490	0.02702	0.01853	0.02017	0.01207	0.01396	0.01093	0.00755	0.00586	0.00189	0.01023	0.00472	0.00378	0.01073
80	0.01216	0.00912	0.01368	0.01368	0.01520	0.01064	0.01064	0.01520	0.01368	0.01976	0.02279	0.03343	0.02127	0.06382	0.66720	0.01368	0.02279	0.00912	0.00456	0.00760
81	0.02106	0.02022	0.03454	0.05223	0.64784	0.02022	0.02612	0.02612	0.01938	0.02780	0.01601	0.02106	0.01348	0.00758	0.00842	0.00253	0.01011	0.00758	0.00421	0.01348
82	0.01985	0.01917	0.03324	0.19795	0.47964	0.01998	0.05564	0.02516	0.01886	0.02636	0.01586	0.02154	0.01295	0.00778	0.00853	0.00262	0.01061	0.00770	0.00412	0.01244
83	0.02235	0.02266	0.03329	0.04860	0.57323	0.09783	0.02496	0.02706	0.01995	0.02697	0.01566	0.02038	0.01318	0.00772	0.00833	0.00249	0.01074	0.00733	0.00423	0.01305
84	0.01638	0.01200	0.01409	0.01374	0.01614	0.01228	0.01007	0.17871	0.02302	0.03057	0.04240	0.46683	0.08623	0.02179	0.01016	0.00317	0.00611	0.01921	0.00807	0.00901
85	0.02874	0.01818	0.01994	0.01579	0.02126	0.01938	0.01288	0.37342	0.03175	0.13477	0.02432	0.02472	0.01741	0.01018	0.00783	0.00241	0.00760	0.00786	0.20887	0.01270
86	0.01016	0.00863	0.00877	0.00873	0.01156	0.00723	0.00655	0.01242	0.01965	0.02358	0.11583	0.08093	0.61440	0.02133	0.01006	0.00286	0.00429	0.01782	0.00798	0.00723
87	0.02019	0.02059	0.03862	0.04453	0.41130	0.02003	0.22637	0.02583	0.01962	0.02738	0.01984	0.02468	0.04407	0.00812	0.00906	0.00266	0.01127	0.00893	0.00442	0.01249
88	0.03129	0.07720	0.02524	0.02152	0.02606	0.63190	0.01634	0.03351	0.02374	0.02078	0.01308	0.01525	0.01096	0.00869	0.00755	0.00217	0.01500	0.00543	0.00434	0.00992
89	0.01238	0.00825	0.00928	0.00928	0.00928	0.00825	0.00516	0.01238	0.01238	0.01650	0.02681	0.05569	0.03094	0.70092	0.04331	0.00825	0.00825	0.01238	0.00516	0.00516
90	0.01993	0.01889	0.02990	0.11030	0.40393	0.05107	0.06373	0.02488	0.01950	0.02754	0.05108	0.02458	0.01763	0.00851	0.00832	0.00251	0.00979	0.00811	0.08801	0.01180
91	0.03115	0.03935	0.02474	0.02373	0.06338	0.62819	0.01702	0.03351	0.02383	0.02124	0.01332	0.01569	0.01111	0.00870	0.00772	0.00221	0.01503	0.00561	0.00437	0.01008
92	0.02106	0.02022	0.03454	0.05223	0.64784	0.02022	0.02612	0.02612	0.01938	0.02780	0.01601	0.02106	0.01348	0.00758	0.00842	0.00253	0.01011	0.00758	0.00421	0.01348
93	0.01216	0.00912	0.01368	0.01368	0.01520	0.01064	0.01064	0.01520	0.01368	0.01976	0.02279	0.03343	0.02127	0.06382	0.66720	0.01368	0.02279	0.00912	0.00456	0.00760
94	0.03033	0.12717	0.02667	0.01988	0.02521	0.39798	0.01575	0.13268	0.06224	0.06047	0.01656	0.01767	0.01298	0.00907	0.00761	0.00227	0.01253	0.00613	0.00556	0.01125
95	0.02322	0.02614	0.03994	0.03112	0.06695	0.16018	0.37171	0.06352	0.02171	0.02722	0.01613	0.02066	0.01253	0.00800	0.00995	0.00265	0.04170	0.00847	0.00458	0.04363
96	0.01081	0.00851	0.00975	0.00973	0.01203	0.00746	0.00719	0.01356	0.02074	0.02686	0.28235	0.14324	0.37625	0.02062	0.01014	0.00287	0.00427	0.01773	0.00843	0.00746
97	0.01939	0.02941	0.26134	0.03822	0.28201	0.02037	0.17186	0.02669	0.01904	0.02737	0.01604	0.02041	0.01237	0.00766	0.00870	0.00267	0.01203	0.00772	0.00401	0.01267
98	0.01915	0.01852	0.02103	0.02237	0.13302	0.13002	0.04533	0.05285	0.06019	0.03129	0.31796	0.04115	0.04586	0.01285	0.00917	0.00258	0.00810	0.01121	0.00720	0.01016

[dist]
# distance from previous block
# <min> <max>
0	1

[block]
# block no. 3 follows, 21 sequences, length 24
# corresponding to MSA columns:
# 205-228
name=unknown_D
#
# <colnr> <probs for GDERKNQSTAVLIFYWHMCP>
#	G	D	E	R	K	N	Q	S	T	A	V	L	I	F	Y	W	H	M	C	P
0	0.02616	0.08499	0.09466	0.01884	0.02567	0.20627	0.01645	0.18654	0.05988	0.03237	0.01681	0.01823	0.01304	0.00862	0.00754	0.00217	0.01066	0.00622	0.00570	0.15917
1	0.03005	0.08125	0.02680	0.02453	0.09481	0.48424	0.01736	0.09508	0.02483	0.02505	0.01416	0.01641	0.01161	0.00869	0.00770	0.00224	0.01371	0.00588	0.00476	0.01083
2	0.01609	0.02771	0.30474	0.02023	0.02870	0.01624	0.09059	0.02252	0.01819	0.02588	0.03058	0.03237	0.14841	0.01100	0.00960	0.00258	0.04897	0.00912	0.00485	0.13163
3	0.01226	0.00871	0.01159	0.01159	0.01239	0.00950	0.00804	0.01386	0.01306	0.01821	0.02470	0.04399	0.02586	0.36614	0.37116	0.01110	0.01589	0.01066	0.00484	0.00644
4	0.01860	0.03408	0.38172	0.03238	0.14760	0.02032	0.18918	0.02689	0.01879	0.02719	0.01593	0.01987	0.01184	0.00775	0.00868	0.00271	0.01262	0.00754	0.00390	0.01244
5	0.01156	0.00826	0.01111	0.01184	0.01257	0.00863	0.00817	0.01321	0.01430	0.01962	0.03275	0.28337	0.03675	0.21940	0.25948	0.00847	0.01235	0.01554	0.00595	0.00670
6	0.02919	0.02227	0.02376	0.01894	0.02519	0.02492	0.01541	0.45724	0.20738	0.04854	0.02444	0.02363	0.01772	0.01059	0.00855	0.00265	0.00862	0.00822	0.00855	0.01419
7	0.02037	0.01526	0.01739	0.01424	0.01999	0.01436	0.01118	0.03091	0.23265	0.10418	0.03077	0.06819	0.06330	0.01086	0.00791	0.00223	0.00635	0.00905	0.00732	0.31350
8	0.09589	0.01621	0.01815	0.01465	0.02082	0.01577	0.01170	0.03439	0.23264	0.16690	0.02558	0.02463	0.01876	0.00920	0.00751	0.00226	0.00668	0.00735	0.00751	0.26339
9	0.02009	0.02296	0.05022	0.03587	0.04448	0.02152	0.61693	0.02726	0.02009	0.02726	0.01722	0.02296	0.01291	0.00717	0.01004	0.00287	0.01435	0.01004	0.00430	0.01148
10	0.02947	0.03616	0.02637	0.02848	0.16075	0.52690	0.01854	0.03228	0.02309	0.02234	0.01377	0.01658	0.01151	0.00851	0.00784	0.00226	0.01421	0.00594	0.00435	0.01065
11	0.01166	0.00913	0.01085	0.01170	0.01418	0.00833	0.00963	0.01458	0.01948	0.02407	0.06822	0.08806	0.38414	0.02241	0.01080	0.00333	0.00585	0.26824	0.00787	0.00747
12	0.01182	0.00863	0.01124	0.01279	0.01423	0.00823	0.00994	0.01434	0.01793	0.02318	0.05115	0.31505	0.14362	0.06230	0.01292	0.00383	0.00623	0.25762	0.00772	0.00724
13	0.01959	0.02149	0.04205	0.03129	0.03699	0.02306	0.41456	0.02497	0.01770	0.02497	0.01517	0.02149	0.01232	0.00979	0.01609	0.00316	0.24130	0.00917	0.00411	0.01074
14	0.01078	0.00812	0.00936	0.01002	0.01138	0.00737	0.00678	0.01234	0.01706	0.02179	0.09185	0.29061	0.27245	0.17006	0.01753	0.00423	0.00537	0.01879	0.00739	0.00670
15	0.03179	0.04056	0.02412	0.02192	0.02631	0.66676	0.01644	0.03398	0.02412	0.02083	0.01315	0.01535	0.01096	0.00877	0.00767	0.00219	0.01535	0.00548	0.00438	0.00987
16	0.03161	0.02347	0.02512	0.01943	0.02611	0.02605	0.01600	0.58145	0.07922	0.05244	0.02137	0.02118	0.01523	0.01030	0.00852	0.00258	0.00919	0.00779	0.00852	0.01441
17	0.01052	0.00849	0.00945	0.01009	0.01235	0.00741	0.00757	0.01273	0.01875	0.02299	0.07321	0.21614	0.45214	0.02287	0.01042	0.00311	0.00483	0.08184	0.00789	0.00720
18	0.76103	0.01646	0.01251	0.01119	0.01646	0.01909	0.00922	0.02502	0.01448	0.03818	0.01185	0.01382	0.00922	0.00790	0.00527	0.00263	0.00658	0.00461	0.00527	0.00922
19	0.01683	0.01387	0.01548	0.01467	0.01805	0.01519	0.01121	0.03148	0.35984	0.03212	0.16042	0.14272	0.07404	0.01603	0.00948	0.00298	0.00585	0.04032	0.00861	0.01083
20	0.01443	0.01045	0.01254	0.01179	0.01436	0.01028	0.00891	0.02095	0.11749	0.05690	0.36606	0.06045	0.13556	0.07738	0.01279	0.00329	0.00518	0.04374	0.00867	0.00878
21	0.01134	0.00837	0.01083	0.01243	0.01382	0.00785	0.00943	0.01370	0.01789	0.02312	0.05365	0.39617	0.16343	0.02474	0.01099	0.00349	0.00572	0.19791	0.00788	0.00725
22	0.02164	0.02042	0.02551	0.02723	0.17711	0.06490	0.01800	0.07596	0.15203	0.02909	0.01878	0.02187	0.01536	0.01056	0.01347	0.00276	0.19222	0.00755	0.00549	0.10005
23	0.02282	0.02331	0.02305	0.02411	0.14683	0.17776	0.01580	0.03220	0.19390	0.02827	0.02035	0.02176	0.01616	0.00865	0.00773	0.00220	0.00941	0.00695	0.00574	0.21300

[dist]
# distance from previous block
# <min> <max>
0	14

[block]
# block no. 4 follows, 21 sequences, length 32
# corresponding to MSA columns:
# 243-274
name=unknown_E
#
# <colnr> <probs for GDERKNQSTAVLIFYWHMCP>
#	G	D	E	R	K	N	Q	S	T	A	V	L	I	F	Y	W	H	M	C	P
0	0.02755	0.02721	0.02245	0.01924	0.02367	0.27363	0.01502	0.24444	0.02733	0.03248	0.01783	0.02205	0.01478	0.05310	0.10633	0.00437	0.04436	0.00725	0.00593	0.01096
1	0.02084	0.12815	0.02045	0.01418	0.01838	0.07349	0.01161	0.05129	0.04951	0.12629	0.06977	0.03739	0.13049	0.02598	0.17871	0.00537	0.01166	0.00982	0.00660	0.01001
2	0.02610	0.31864	0.03460	0.02409	0.13263	0.28627	0.01733	0.02902	0.02040	0.02170	0.01309	0.01562	0.01138	0.00793	0.00687	0.00209	0.01179	0.00545	0.00404	0.01094
3	0.02647	0.02117	0.02735	0.02070	0.02746	0.02188	0.11564	0.38559	0.03157	0.04297	0.02104	0.07012	0.01701	0.01033	0.00861	0.00248	0.00942	0.00889	0.00724	0.12405
4	0.01226	0.00873	0.01169	0.01169	0.01252	0.00956	0.00816	0.01392	0.01309	0.01828	0.02461	0.04349	0.02564	0.35172	0.38527	0.01122	0.01622	0.01059	0.00483	0.00649
5	0.01707	0.04402	0.65683	0.02426	0.03683	0.01976	0.03144	0.02695	0.01797	0.02695	0.01527	0.01797	0.01078	0.00809	0.00809	0.00270	0.01258	0.00629	0.00359	0.01258
6	0.01927	0.02277	0.08845	0.20284	0.04196	0.05889	0.25017	0.02602	0.04967	0.02477	0.01621	0.02180	0.01260	0.00912	0.01203	0.00294	0.11717	0.00837	0.00424	0.01070
7	0.01967	0.34658	0.37702	0.01983	0.02998	0.02612	0.02373	0.02628	0.01766	0.02378	0.01370	0.01599	0.01084	0.00772	0.00689	0.00230	0.01099	0.00549	0.00361	0.01182
8	0.01768	0.01495	0.01586	0.01445	0.01855	0.01636	0.01121	0.06307	0.36935	0.03159	0.04965	0.04726	0.22240	0.01774	0.04784	0.00350	0.00704	0.01215	0.00817	0.01117
9	0.01092	0.00795	0.01041	0.01218	0.01317	0.00744	0.00876	0.01289	0.01719	0.02251	0.05072	0.52642	0.11693	0.02557	0.01093	0.00348	0.00538	0.12215	0.00789	0.00710
10	0.01752	0.07536	0.59143	0.02445	0.03654	0.02055	0.06466	0.02690	0.01806	0.02663	0.01522	0.01804	0.01091	0.00799	0.00807	0.00266	0.01251	0.00642	0.00364	0.01243
11	0.01982	0.01895	0.03229	0.20912	0.50069	0.01989	0.02550	0.02503	0.01879	0.02629	0.01579	0.02147	0.01295	0.00781	0.00845	0.00260	0.01042	0.00758	0.00410	0.01247
12	0.01029	0.00772	0.00955	0.01101	0.01212	0.00698	0.00753	0.01194	0.01710	0.02205	0.05707	0.53667	0.20842	0.02534	0.01065	0.00331	0.00478	0.02258	0.00790	0.00698
13	0.02633	0.02811	0.02489	0.02806	0.19125	0.32411	0.01766	0.03155	0.07877	0.06628	0.08163	0.02420	0.02076	0.00970	0.00826	0.00242	0.01147	0.00764	0.00564	0.01128
14	0.01765	0.01513	0.01765	0.01260	0.02017	0.01134	0.01008	0.02143	0.01765	0.02773	0.01513	0.01765	0.01260	0.00630	0.00630	0.00126	0.00630	0.00504	0.00504	0.75295
15	0.01236	0.00830	0.00954	0.00954	0.00963	0.00839	0.00548	0.01254	0.01245	0.01669	0.02658	0.05438	0.03037	0.66344	0.08002	0.00857	0.00911	0.01218	0.00512	0.00530
16	0.01009	0.00849	0.00875	0.00896	0.01158	0.00716	0.00662	0.01217	0.01907	0.02286	0.08207	0.14649	0.58247	0.02209	0.01014	0.00293	0.00438	0.01862	0.00790	0.00716
17	0.01183	0.00827	0.01056	0.01105	0.01156	0.00854	0.00724	0.01298	0.01367	0.01862	0.03067	0.20597	0.03462	0.37164	0.19679	0.00848	0.01120	0.01442	0.00567	0.00622
18	0.01707	0.04402	0.65683	0.02426	0.03683	0.01976	0.03144	0.02695	0.01797	0.02695	0.01527	0.01797	0.01078	0.00809	0.00809	0.00270	0.01258	0.00629	0.00359	0.01258
19	0.03235	0.02384	0.02554	0.01958	0.02639	0.02639	0.01618	0.61946	0.04001	0.05363	0.02043	0.02043	0.01447	0.01022	0.00851	0.00255	0.00936	0.00766	0.00851	0.01447
20	0.01506	0.03243	0.45112	0.02016	0.02887	0.01576	0.02380	0.02218	0.01721	0.02498	0.02415	0.19582	0.02376	0.05352	0.01087	0.00322	0.01034	0.01129	0.00480	0.01067
21	0.02272	0.03079	0.22718	0.02296	0.02913	0.12989	0.05462	0.07742	0.01980	0.06305	0.01524	0.01887	0.01197	0.01063	0.01447	0.00293	0.22541	0.00698	0.00463	0.01130
22	0.01236	0.00936	0.01183	0.01307	0.01537	0.00883	0.01104	0.01563	0.01952	0.02455	0.06024	0.09079	0.26863	0.02279	0.01113	0.00353	0.00654	0.37932	0.00786	0.00760
23	0.01059	0.00864	0.00936	0.00918	0.01182	0.00741	0.00689	0.01325	0.02066	0.02598	0.23592	0.07697	0.49280	0.02044	0.01005	0.00282	0.00423	0.01727	0.00830	0.00741
24	0.02567	0.02918	0.02826	0.03552	0.31284	0.32570	0.02074	0.02929	0.02164	0.02435	0.01653	0.02319	0.01458	0.00917	0.00828	0.00246	0.01244	0.04422	0.00453	0.01140
25	0.01747	0.03745	0.49366	0.02376	0.03308	0.02139	0.02812	0.02528	0.01669	0.02528	0.01421	0.01814	0.01088	0.00985	0.01322	0.00296	0.18662	0.00659	0.00363	0.01173
26	0.01048	0.00746	0.00984	0.01170	0.01217	0.00699	0.00774	0.01188	0.01607	0.02142	0.04574	0.65819	0.05481	0.06585	0.01275	0.00373	0.00513	0.02351	0.00774	0.00681
