[name]
unknown

[dist]
# distance from previous block
# <min> <max>
0	16

[block]
# block no. 0 follows, 21 sequences, length 112
# corresponding to MSA columns:
# 16-127
name=unknown_A
#
# <colnr> <probs for GDERKNQSTAVLIFYWHMCP>
#	G	D	E	R	K	N	Q	S	T	A	V	L	I	F	Y	W	H	M	C	P
0	0.01342	0.09341	0.01551	0.01140	0.01404	0.01122	0.00908	0.01727	0.02306	0.03202	0.53979	0.05896	0.07047	0.01644	0.00956	0.00263	0.00480	0.03992	0.00860	0.00837
1	0.02033	0.04815	0.01971	0.01699	0.02157	0.02035	0.01355	0.04098	0.53041	0.03367	0.03488	0.03874	0.02809	0.01281	0.00889	0.00296	0.00697	0.07993	0.00833	0.01267
2	0.03225	0.02122	0.02358	0.01838	0.02491	0.02286	0.01509	0.43020	0.10690	0.17738	0.02487	0.02356	0.01722	0.01044	0.00854	0.00261	0.00861	0.00808	0.00895	0.01436
3	0.03818	0.01448	0.01975	0.01514	0.02172	0.01251	0.01251	0.04147	0.02436	0.65373	0.03357	0.02897	0.02107	0.01053	0.00856	0.00263	0.00724	0.00856	0.01053	0.01448
4	0.01233	0.00843	0.01020	0.01020	0.01052	0.00875	0.00631	0.01297	0.01265	0.01718	0.02597	0.05102	0.02891	0.56728	0.17418	0.00939	0.01130	0.01169	0.00503	0.00567
5	0.01324	0.00740	0.01066	0.01135	0.01153	0.00722	0.00757	0.01135	0.01291	0.01721	0.02603	0.26035	0.02932	0.02855	0.02542	0.49010	0.00653	0.01328	0.00517	0.00482
6	0.01956	0.02136	0.02999	0.02728	0.10368	0.15206	0.22520	0.02362	0.01964	0.02421	0.02568	0.23536	0.02639	0.01377	0.00961	0.00287	0.01104	0.01330	0.00546	0.00993
7	0.02106	0.02022	0.03454	0.05223	0.64784	0.02022	0.02612	0.02612	0.01938	0.02780	0.01601	0.02106	0.01348	0.00758	0.00842	0.00253	0.01011	0.00758	0.00421	0.01348
8	0.01216	0.00912	0.01368	0.01368	0.01520	0.01064	0.01064	0.01520	0.01368	0.01976	0.02279	0.03343	0.02127	0.06382	0.66720	0.01368	0.02279	0.00912	0.00456	0.00760
9	0.01765	0.01513	0.01765	0.01260	0.02017	0.01134	0.01008	0.02143	0.01765	0.02773	0.01513	0.01765	0.01260	0.00630	0.00630	0.00126	0.00630	0.00504	0.00504	0.75295
10	0.03179	0.04056	0.02412	0.02192	0.02631	0.66676	0.01644	0.03398	0.02412	0.02083	0.01315	0.01535	0.01096	0.00877	0.00767	0.00219	0.01535	0.00548	0.00438	0.00987
11	0.02471	0.02803	0.01939	0.01796	0.02159	0.38311	0.01341	0.08627	0.02352	0.02462	0.02984	0.16659	0.09773	0.01422	0.00872	0.00258	0.01121	0.01114	0.00597	0.00939
12	0.01342	0.00908	0.01139	0.01058	0.01308	0.00816	0.00802	0.01701	0.02316	0.07396	0.48892	0.06494	0.19068	0.01777	0.00994	0.00271	0.00429	0.01545	0.00915	0.00830
13	0.02009	0.02296	0.05022	0.03587	0.04448	0.02152	0.61693	0.02726	0.02009	0.02726	0.01722	0.02296	0.01291	0.00717	0.01004	0.00287	0.01435	0.01004	0.00430	0.01148
14	0.02850	0.03023	0.02777	0.03104	0.22435	0.31350	0.01946	0.16613	0.02626	0.03059	0.01574	0.01834	0.01257	0.00872	0.00811	0.00238	0.01230	0.00665	0.00528	0.01208
15	0.01862	0.01862	0.02607	0.02234	0.02234	0.02607	0.01862	0.02048	0.01303	0.02048	0.01117	0.01862	0.01117	0.01489	0.02793	0.00372	0.68535	0.00745	0.00372	0.00931
16	0.01030	0.00863	0.00896	0.00887	0.01164	0.00729	0.00666	0.01268	0.01997	0.02434	0.15385	0.07967	0.57590	0.02105	0.01006	0.00285	0.00427	0.01765	0.00808	0.00729
17	0.02086	0.02077	0.03772	0.04892	0.52547	0.02048	0.14594	0.02635	0.01952	0.02769	0.01625	0.02145	0.01336	0.00750	0.00875	0.00260	0.01097	0.00808	0.00423	0.01307
18	0.15280	0.02689	0.02136	0.06072	0.02540	0.25951	0.01473	0.21484	0.02652	0.03505	0.01656	0.01852	0.01269	0.00916	0.00744	0.00240	0.01078	0.00636	0.06726	0.01102
19	0.01006	0.00862	0.00862	0.00862	0.01149	0.00718	0.00647	0.01221	0.01940	0.02299	0.08621	0.08190	0.64438	0.02155	0.01006	0.00287	0.00431	0.01796	0.00790	0.00718
20	0.02275	0.70604	0.04459	0.01456	0.02184	0.03367	0.01456	0.02548	0.01729	0.02002	0.01183	0.01365	0.01092	0.00728	0.00546	0.00182	0.00910	0.00455	0.00364	0.01092
21	0.01204	0.00870	0.01138	0.01071	0.01271	0.00803	0.00803	0.01606	0.02409	0.03413	0.64335	0.06357	0.08030	0.01740	0.01004	0.00268	0.00401	0.01539	0.00937	0.00803
22	0.01109	0.00941	0.00966	0.00946	0.01244	0.00838	0.00714	0.01515	0.06963	0.02473	0.11796	0.07663	0.55762	0.02047	0.00994	0.00286	0.00449	0.01712	0.00806	0.00775
23	0.10800	0.59855	0.06645	0.01458	0.02184	0.03140	0.01465	0.02549	0.01699	0.02241	0.01198	0.01385	0.01072	0.00739	0.00555	0.00195	0.00895	0.00463	0.00383	0.01079
24	0.01607	0.01513	0.02552	0.68047	0.05861	0.01891	0.02363	0.02174	0.01702	0.02174	0.01513	0.02269	0.01134	0.00851	0.00851	0.00284	0.01134	0.00756	0.00378	0.00945
25	0.02070	0.01827	0.02172	0.02509	0.18624	0.09595	0.01578	0.05796	0.01932	0.02834	0.01905	0.02357	0.01568	0.01018	0.01143	0.00254	0.14550	0.00743	0.26493	0.01031
26	0.01006	0.00862	0.00862	0.00862	0.01149	0.00718	0.00647	0.01221	0.01940	0.02299	0.08621	0.08190	0.64438	0.02155	0.01006	0.00287	0.00431	0.01796	0.00790	0.00718
27	0.02373	0.63378	0.04237	0.01536	0.02233	0.10242	0.01477	0.02641	0.01803	0.02011	0.01197	0.01384	0.01093	0.00744	0.00570	0.00186	0.00978	0.00465	0.00372	0.01081
28	0.02093	0.01560	0.01686	0.01488	0.01951	0.01673	0.01165	0.07299	0.35800	0.10660	0.04741	0.04412	0.19029	0.01402	0.00901	0.00283	0.00632	0.01160	0.00867	0.01197
29	0.02334	0.16772	0.03478	0.03890	0.40520	0.13885	0.02196	0.02739	0.01979	0.02492	0.01462	0.01848	0.01249	0.00773	0.00767	0.00232	0.01084	0.00657	0.00412	0.01230
30	0.02018	0.04259	0.52417	0.02367	0.03463	0.12852	0.02828	0.05307	0.01993	0.02705	0.01513	0.01763	0.01097	0.00829	0.00803	0.00260	0.01291	0.00621	0.00393	0.01220
31	0.02056	0.02161	0.04253	0.04390	0.34043	0.02088	0.32713	0.02670	0.01974	0.02753	0.01662	0.02203	0.01319	0.00737	0.00925	0.00270	0.01227	0.00884	0.00426	0.01246
32	0.01923	0.01633	0.01753	0.01589	0.02017	0.01847	0.01230	0.03914	0.50888	0.03483	0.13450	0.03898	0.06089	0.01291	0.00894	0.00285	0.00620	0.01090	0.00874	0.01233
33	0.01098	0.00802	0.01045	0.01205	0.01316	0.00749	0.00872	0.01309	0.01762	0.02314	0.08148	0.48725	0.12766	0.02504	0.01087	0.00342	0.00531	0.11912	0.00796	0.00716
34	0.01997	0.01981	0.03160	0.26042	0.38758	0.05739	0.05074	0.02516	0.01889	0.02534	0.01560	0.02136	0.01259	0.00794	0.00848	0.00263	0.01101	0.00756	0.00408	0.01183
35	0.01246	0.00890	0.01227	0.01423	0.01564	0.00871	0.01153	0.01546	0.01835	0.02406	0.04575	0.32139	0.05172	0.02469	0.01142	0.00374	0.00675	0.37758	0.00786	0.00749
36	0.01957	0.01869	0.03184	0.24053	0.47123	0.01983	0.02537	0.02481	0.01867	0.02599	0.01574	0.02155	0.01284	0.00786	0.00845	0.00262	0.01048	0.00758	0.00408	0.01227
37	0.01607	0.01513	0.02552	0.68047	0.05861	0.01891	0.02363	0.02174	0.01702	0.02174	0.01513	0.02269	0.01134	0.00851	0.00851	0.00284	0.01134	0.00756	0.00378	0.00945
38	0.01043	0.00864	0.00914	0.00902	0.01173	0.00734	0.00676	0.01294	0.02029	0.02510	0.19170	0.07843	0.53757	0.02077	0.01005	0.00284	0.00425	0.01747	0.00818	0.00734
39	0.01107	0.00866	0.01002	0.00968	0.01212	0.00761	0.00726	0.01417	0.02179	0.02866	0.37006	0.07256	0.35699	0.01944	0.01005	0.00277	0.00416	0.01665	0.00865	0.00761
40	0.01834	0.01835	0.02690	0.02271	0.02336	0.02488	0.05677	0.02061	0.01353	0.02088	0.01224	0.01976	0.01187	0.01724	0.06390	0.00425	0.60356	0.00771	0.00381	0.00935
41	0.01037	0.00741	0.00987	0.01185	0.01234	0.00691	0.00790	0.01185	0.01629	0.02172	0.04690	0.69537	0.05629	0.02666	0.01086	0.00346	0.00494	0.02419	0.00790	0.00691
42	0.02025	0.02251	0.04765	0.03854	0.14310	0.02131	0.52035	0.02707	0.01997	0.02735	0.01702	0.02265	0.01301	0.00724	0.00978	0.00281	0.01365	0.00964	0.00429	0.01181
43	0.01216	0.00912	0.01368	0.01368	0.01520	0.01064	0.01064	0.01520	0.01368	0.01976	0.02279	0.03343	0.02127	0.06382	0.66720	0.01368	0.02279	0.00912	0.00456	0.00760
44	0.01338	0.00917	0.01129	0.01103	0.01194	0.00976	0.00742	0.03961	0.01432	0.02010	0.02532	0.04555	0.02657	0.42393	0.23819	0.00933	0.01266	0.01085	0.05306	0.00651
45	0.01063	0.00864	0.00942	0.00923	0.01185	0.00743	0.00692	0.01333	0.02076	0.02622	0.24769	0.07659	0.48089	0.02035	0.01005	0.00282	0.00422	0.01722	0.00833	0.00743
46	0.01765	0.01513	0.01765	0.01260	0.02017	0.01134	0.01008	0.02143	0.01765	0.02773	0.01513	0.01765	0.01260	0.00630	0.00630	0.00126	0.00630	0.00504	0.00504	0.75295
47	0.17313	0.02107	0.02838	0.03820	0.40847	0.05805	0.02092	0.09839	0.02116	0.03264	0.01554	0.01919	0.01259	0.00804	0.00775	0.00253	0.00961	0.00687	0.00496	0.01253
48	0.01022	0.00800	0.00926	0.01027	0.01193	0.00705	0.00720	0.01203	0.01781	0.02234	0.06614	0.39519	0.34405	0.02416	0.01047	0.00317	0.00463	0.02114	0.00790	0.00705
49	0.01197	0.00808	0.00940	0.00980	0.00990	0.00798	0.00571	0.01227	0.01317	0.01756	0.03089	0.18543	0.03608	0.56417	0.03673	0.00728	0.00758	0.01477	0.00571	0.00551
50	0.01832	0.01766	0.03070	0.38905	0.29201	0.01960	0.06291	0.02384	0.01815	0.02451	0.01561	0.02206	0.01229	0.00805	0.00857	0.00272	0.01105	0.00773	0.00399	0.01119
51	0.02961	0.03643	0.02623	0.02807	0.15236	0.53563	0.01840	0.03239	0.02316	0.02224	0.01373	0.01651	0.01147	0.00853	0.00783	0.00226	0.01428	0.00591	0.00435	0.01060
52	0.01042	0.00772	0.00973	0.01116	0.01220	0.00704	0.00763	0.01219	0.01739	0.02277	0.09291	0.53725	0.17033	0.02509	0.01065	0.00329	0.00476	0.02243	0.00799	0.00704
53	0.01177	0.00800	0.00946	0.01005	0.01020	0.00785	0.00598	0.01222	0.01355	0.01807	0.03284	0.24742	0.03854	0.49883	0.03359	0.00681	0.00726	0.01592	0.00598	0.00568
54	0.03179	0.04056	0.02412	0.02192	0.02631	0.66676	0.01644	0.03398	0.02412	0.02083	0.01315	0.01535	0.01096	0.00877	0.00767	0.00219	0.01535	0.00548	0.00438	0.00987
55	0.01054	0.00864	0.00929	0.00913	0.01179	0.00739	0.00685	0.01315	0.02054	0.02569	0.22151	0.07745	0.50739	0.02054	0.01005	0.00283	0.00424	0.01734	0.00826	0.00739
56	0.02275	0.70604	0.04459	0.01456	0.02184	0.03367	0.01456	0.02548	0.01729	0.02002	0.01183	0.01365	0.01092	0.00728	0.00546	0.00182	0.00910	0.00455	0.00364	0.01092
57	0.76103	0.01646	0.01251	0.01119	0.01646	0.01909	0.00922	0.02502	0.01448	0.03818	0.01185	0.01382	0.00922	0.00790	0.00527	0.00263	0.00658	0.00461	0.00527	0.00922
58	0.06772	0.01737	0.02543	0.32008	0.18631	0.01977	0.02067	0.09766	0.07005	0.02975	0.01799	0.02265	0.01381	0.00877	0.00816	0.00268	0.00976	0.00757	0.04254	0.01125
59	0.76103	0.01646	0.01251	0.01119	0.01646	0.01909	0.00922	0.02502	0.01448	0.03818	0.01185	0.01382	0.00922	0.00790	0.00527	0.00263	0.00658	0.00461	0.00527	0.00922
60	0.01085	0.00826	0.00999	0.01038	0.01219	0.00739	0.00747	0.01344	0.02005	0.02649	0.26881	0.27093	0.25946	0.02173	0.01031	0.00299	0.00441	0.01905	0.00841	0.00739
61	0.29134	0.01517	0.01721	0.01376	0.01988	0.01481	0.01136	0.03571	0.02090	0.43815	0.02597	0.02366	0.01692	0.00961	0.00741	0.00263	0.00701	0.00717	0.00869	0.01264
62	0.01040	0.00856	0.00915	0.00915	0.01174	0.00731	0.00681	0.01283	0.01999	0.02475	0.17578	0.11428	0.51747	0.02116	0.01010	0.00287	0.00430	0.01790	0.00814	0.00731
63	0.01707	0.04402	0.65683	0.02426	0.03683	0.01976	0.03144	0.02695	0.01797	0.02695	0.01527	0.01797	0.01078	0.00809	0.00809	0.00270	0.01258	0.00629	0.00359	0.01258
64	0.02175	0.38089	0.26808	0.01903	0.02792	0.10540	0.02102	0.02706	0.01837	0.02268	0.01326	0.01545	0.01087	0.00776	0.00670	0.00219	0.01114	0.00530	0.00371	0.01140
65	0.01006	0.00862	0.00862	0.00862	0.01149	0.00718	0.00647	0.01221	0.01940	0.02299	0.08621	0.08190	0.64438	0.02155	0.01006	0.00287	0.00431	0.01796	0.00790	0.00718
66	0.02003	0.18725	0.10443	0.02374	0.15320	0.06232	0.01750	0.08347	0.02049	0.02650	0.02549	0.15873	0.05756	0.01259	0.00822	0.00257	0.00904	0.01053	0.00541	0.01092
67	0.01072	0.00865	0.00953	0.00931	0.01190	0.00746	0.00698	0.01349	0.02095	0.02668	0.27072	0.07583	0.45757	0.02018	0.01005	0.00281	0.00421	0.01711	0.00839	0.00746
68	0.03069	0.12136	0.02660	0.02103	0.02577	0.58989	0.01621	0.03295	0.02329	0.02073	0.01299	0.01514	0.01096	0.00859	0.00740	0.00215	0.01459	0.00537	0.00429	0.00999
69	0.01037	0.00741	0.00987	0.01185	0.01234	0.00691	0.00790	0.01185	0.01629	0.02172	0.04690	0.69537	0.05629	0.02666	0.01086	0.00346	0.00494	0.02419	0.00790	0.00691
70	0.01872	0.02388	0.15587	0.26750	0.24539	0.05668	0.02512	0.02475	0.01853	0.02494	0.01684	0.02447	0.01382	0.00889	0.00851	0.00272	0.01124	0.03663	0.00413	0.01136
71	0.01960	0.02863	0.25590	0.03717	0.32301	0.02024	0.05632	0.02879	0.09334	0.02842	0.01807	0.02135	0.01400	0.00822	0.00841	0.00265	0.01080	0.00749	0.00454	0.01305
72	0.02106	0.02022	0.03454	0.05223	0.64784	0.02022	0.02612	0.02612	0.01938	0.02780	0.01601	0.02106	0.01348	0.00758	0.00842	0.00253	0.01011	0.00758	0.00421	0.01348
73	0.02448	0.02697	0.03207	0.04146	0.41128	0.22992	0.05730	0.02873	0.02095	0.02551	0.01515	0.01932	0.01263	0.00794	0.00828	0.00244	0.01205	0.00704	0.00427	0.01219
74	0.01037	0.00741	0.00987	0.01185	0.01234	0.00691	0.00790	0.01185	0.01629	0.02172	0.04690	0.69537	0.05629	0.02666	0.01086	0.00346	0.00494	0.02419	0.00790	0.00691
75	0.02117	0.01828	0.01924	0.01732	0.02213	0.02117	0.01347	0.04522	0.63246	0.03560	0.03464	0.03175	0.02598	0.01155	0.00866	0.00289	0.00673	0.00962	0.00866	0.01347
76	0.01118	0.00871	0.01017	0.00993	0.01234	0.00770	0.00752	0.01431	0.02170	0.02853	0.35692	0.07351	0.34452	0.01960	0.01012	0.00282	0.00431	0.03987	0.00862	0.00762
77	0.02678	0.02679	0.02697	0.15007	0.16271	0.22773	0.01973	0.19732	0.02634	0.03183	0.01620	0.01936	0.01256	0.00889	0.00823	0.00249	0.01179	0.00693	0.00542	0.01186
78	0.02117	0.01828	0.01924	0.01732	0.02213	0.02117	0.01347	0.04522	0.63246	0.03560	0.03464	0.03175	0.02598	0.01155	0.00866	0.00289	0.00673	0.00962	0.00866	0.01347
79	0.01507	0.00934	0.01222	0.01113	0.01355	0.00856	0.00838	0.01877	0.02344	0.10438	0.53739	0.05913	0.07062	0.05631	0.01180	0.00300	0.00463	0.01443	0.00926	0.00861
80	0.03179	0.04056	0.02412	0.02192	0.02631	0.66676	0.01644	0.03398	0.02412	0.02083	0.01315	0.01535	0.01096	0.00877	0.00767	0.00219	0.01535	0.00548	0.00438	0.00987
81	0.01292	0.01025	0.01515	0.01471	0.01605	0.01247	0.01159	0.01582	0.01360	0.01984	0.02141	0.03167	0.02007	0.05801	0.59126	0.01249	0.10150	0.00892	0.00446	0.00780
82	0.02117	0.01828	0.01924	0.01732	0.02213	0.02117	0.01347	0.04522	0.63246	0.03560	0.03464	0.03175	0.02598	0.01155	0.00866	0.00289	0.00673	0.00962	0.00866	0.01347
83	0.01066	0.00761	0.01020	0.01218	0.01280	0.00716	0.00840	0.01235	0.01658	0.02205	0.04675	0.64394	0.05566	0.02639	0.01094	0.00350	0.00519	0.07279	0.00789	0.00699
84	0.02981	0.02591	0.02222	0.01890	0.02430	0.22649	0.01483	0.16272	0.20986	0.13963	0.02460	0.02365	0.01792	0.01021	0.00830	0.00255	0.01012	0.00771	0.00758	0.01271
85	0.01765	0.01513	0.01765	0.01260	0.02017	0.01134	0.01008	0.02143	0.01765	0.02773	0.01513	0.01765	0.01260	0.00630	0.00630	0.00126	0.00630	0.00504	0.00504	0.75295
86	0.01171	0.00797	0.00948	0.01014	0.01030	0.00780	0.00607	0.01220	0.01368	0.01824	0.03350	0.26862	0.03938	0.47649	0.03251	0.00665	0.00715	0.01631	0.00607	0.00574
87	0.01181	0.00869	0.01106	0.01046	0.01257	0.00793	0.00785	0.01561	0.02355	0.03284	0.57884	0.06569	0.14561	0.01788	0.01004	0.00270	0.00405	0.01569	0.00920	0.00793
88	0.03179	0.04056	0.02412	0.02192	0.02631	0.66676	0.01644	0.03398	0.02412	0.02083	0.01315	0.01535	0.01096	0.00877	0.00767	0.00219	0.01535	0.00548	0.00438	0.00987
89	0.01509	0.01145	0.01281	0.01228	0.01505	0.01128	0.00921	0.13970	0.02242	0.02882	0.05540	0.26675	0.27071	0.05083	0.01153	0.00327	0.00589	0.04103	0.00791	0.00856
90	0.01990	0.01659	0.01796	0.01606	0.02040	0.01871	0.01248	0.07224	0.47066	0.03633	0.16150	0.03777	0.03671	0.01270	0.00894	0.00282	0.00632	0.01072	0.00880	0.01239
91	0.01707	0.04402	0.65683	0.02426	0.03683	0.01976	0.03144	0.02695	0.01797	0.02695	0.01527	0.01797	0.01078	0.00809	0.00809	0.00270	0.01258	0.00629	0.00359	0.01258
92	0.02084	0.02136	0.06859	0.04638	0.53661	0.02031	0.02489	0.02848	0.09373	0.02870	0.01823	0.02218	0.01484	0.00809	0.00843	0.00258	0.00984	0.00776	0.00472	0.01343
93	0.01586	0.00793	0.00793	0.00793	0.00991	0.00793	0.00595	0.01983	0.01785	0.03173	0.02776	0.03173	0.02181	0.00991	0.00595	0.00198	0.00397	0.00793	0.74817	0.00793
94	0.01744	0.01971	0.14565	0.01592	0.02124	0.01539	0.01491	0.09764	0.15240	0.03535	0.31265	0.04241	0.04681	0.01341	0.00917	0.00271	0.00697	0.01140	0.00794	0.01088
95	0.01216	0.00912	0.01368	0.01368	0.01520	0.01064	0.01064	0.01520	0.01368	0.01976	0.02279	0.03343	0.02127	0.06382	0.66720	0.01368	0.02279	0.00912	0.00456	0.00760
96	0.01188	0.00808	0.00956	0.00998	0.01022	0.00792	0.00599	0.01249	0.01405	0.01887	0.07133	0.20664	0.04009	0.49823	0.03353	0.00676	0.00720	0.01535	0.00607	0.00575
97	0.02009	0.02296	0.05022	0.03587	0.04448	0.02152	0.61693	0.02726	0.02009	0.02726	0.01722	0.02296	0.01291	0.00717	0.01004	0.00287	0.01435	0.01004	0.00430	0.01148
98	0.02106	0.02022	0.03454	0.05223	0.64784	0.02022	0.02612	0.02612	0.01938	0.02780	0.01601	0.02106	0.01348	0.00758	0.00842	0.00253	0.01011	0.00758	0.00421	0.01348
99	0.11149	0.33562	0.21848	0.01755	0.02564	0.02587	0.01902	0.02662	0.01736	0.06736	0.01428	0.01631	0.01138	0.00831	0.00787	0.00236	0.05334	0.00553	0.00430	0.01134
100	0.22997	0.22214	0.10349	0.01715	0.02359	0.22963	0.01573	0.02824	0.01877	0.02616	0.01268	0.01476	0.01044	0.00802	0.00643	0.00227	0.01081	0.00507	0.00432	0.01031
101	0.02045	0.43426	0.11105	0.01605	0.02257	0.07016	0.01592	0.02408	0.01708	0.02086	0.01464	0.01844	0.01308	0.01934	0.14474	0.00444	0.01282	0.00578	0.00388	0.01035
102	0.02019	0.36346	0.19530	0.02106	0.02961	0.02629	0.14053	0.02566	0.01842	0.02402	0.05022	0.01949	0.01529	0.00804	0.00730	0.00230	0.01073	0.00672	0.00409	0.01128
103	0.02969	0.03582	0.02398	0.02246	0.05704	0.52584	0.01632	0.05738	0.05942	0.02385	0.01498	0.01695	0.01222	0.00876	0.00771	0.00220	0.01372	0.00589	0.00484	0.06093
104	0.02445	0.02876	0.03261	0.07264	0.07307	0.28825	0.18789	0.02842	0.02028	0.02310	0.01428	0.01893	0.01174	0.00928	0.01193	0.00271	0.12964	0.00739	0.00420	0.01043
105	0.07143	0.01816	0.01879	0.01690	0.02174	0.02103	0.01318	0.04385	0.59048	0.03577	0.03309	0.03053	0.02484	0.01130	0.00843	0.00287	0.00672	0.00928	0.00843	0.01318
106	0.01702	0.01304	0.01743	0.01568	0.01658	0.01618	0.01223	0.01896	0.01453	0.06403	0.02164	0.07408	0.02136	0.16432	0.10009	0.00552	0.29389	0.00989	0.09524	0.00827
107	0.06304	0.00962	0.01360	0.01351	0.01528	0.01121	0.01054	0.01586	0.01373	0.02101	0.02205	0.03210	0.02046	0.06003	0.62223	0.01293	0.02169	0.00881	0.00461	0.00771
108	0.02042	0.01956	0.03338	0.13305	0.57204	0.02005	0.02580	0.02555	0.01907	0.02702	0.01589	0.02127	0.01321	0.00770	0.00844	0.00257	0.01027	0.00758	0.00416	0.01296
109	0.02009	0.02296	0.05022	0.03587	0.04448	0.02152	0.61693	0.02726	0.02009	0.02726	0.01722	0.02296	0.01291	0.00717	0.01004	0.00287	0.01435	0.01004	0.00430	0.01148
110	0.02596	0.02177	0.02358	0.02242	0.09960	0.06631	0.01601	0.27737	0.23716	0.04100	0.06018	0.02650	0.02183	0.01066	0.00858	0.00265	0.00866	0.00862	0.00781	0.01333
111	0.07143	0.01816	0.01879	0.01690	0.02174	0.02103	0.01318	0.04385	0.59048	0.03577	0.03309	0.03053	0.02484	0.01130	0.00843	0.00287	0.00672	0.00928	0.00843	0.01318

[dist]
# distance from previous block
# <min> <max>
0	7

[block]
# block no. 1 follows, 21 sequences, length 42
# corresponding to MSA columns:
# 135-176
name=unknown_B
#
# <colnr> <probs for GDERKNQSTAVLIFYWHMCP>
#	G	D	E	R	K	N	Q	S	T	A	V	L	I	F	Y	W	H	M	C	P
0	0.63159	0.01672	0.01479	0.09107	0.02202	0.01948	0.01132	0.05812	0.01622	0.03710	0.01272	0.01525	0.00976	0.00810	0.00583	0.00265	0.00730	0.00513	0.00527	0.00954
1	0.01524	0.00975	0.01440	0.01385	0.01597	0.01086	0.01086	0.01831	0.01494	0.09497	0.02407	0.03290	0.02125	0.05750	0.58906	0.01237	0.02095	0.00905	0.00527	0.00841
2	0.01328	0.00966	0.01311	0.01484	0.01690	0.00949	0.01285	0.01699	0.01957	0.02517	0.04994	0.09432	0.11962	0.02328	0.01155	0.00379	0.00742	0.52262	0.00784	0.00776
3	0.02106	0.02022	0.03454	0.05223	0.64784	0.02022	0.02612	0.02612	0.01938	0.02780	0.01601	0.02106	0.01348	0.00758	0.00842	0.00253	0.01011	0.00758	0.00421	0.01348
4	0.02998	0.03050	0.02309	0.01978	0.02453	0.35405	0.01527	0.24565	0.02839	0.03212	0.01601	0.01846	0.01270	0.01177	0.01102	0.09133	0.01221	0.00651	0.00581	0.01082
5	0.01225	0.00956	0.01445	0.01377	0.01505	0.00913	0.07916	0.01387	0.01532	0.02049	0.03610	0.38374	0.04195	0.26873	0.02253	0.00512	0.00725	0.01823	0.00648	0.00682
6	0.01301	0.01019	0.01122	0.01083	0.01358	0.00951	0.00810	0.08466	0.02179	0.02774	0.13896	0.19626	0.38152	0.02073	0.01003	0.00293	0.00500	0.01768	0.00815	0.00810
7	0.10533	0.04075	0.58039	0.02271	0.03442	0.01968	0.02881	0.02672	0.01755	0.02828	0.01487	0.01748	0.01059	0.00806	0.00775	0.00269	0.01187	0.00609	0.00379	0.01218
8	0.11317	0.02938	0.02320	0.23597	0.03570	0.37810	0.01794	0.02892	0.02065	0.02319	0.01364	0.01757	0.01088	0.00858	0.00766	0.00246	0.01300	0.00606	0.00429	0.00965
9	0.02875	0.01659	0.01947	0.01635	0.02195	0.01731	0.01304	0.04355	0.36149	0.31104	0.03416	0.03051	0.02379	0.01109	0.00861	0.00277	0.00696	0.00915	0.00949	0.01392
10	0.01029	0.00870	0.00895	0.00908	0.01189	0.00735	0.00693	0.01256	0.01941	0.02315	0.08356	0.08281	0.60601	0.02168	0.01017	0.00294	0.00454	0.05487	0.00790	0.00723
11	0.01015	0.00827	0.00898	0.00955	0.01174	0.00711	0.00688	0.01211	0.01850	0.02262	0.07484	0.25933	0.47429	0.02303	0.01029	0.00304	0.00449	0.01976	0.00790	0.00711
12	0.03179	0.04056	0.02412	0.02192	0.02631	0.66676	0.01644	0.03398	0.02412	0.02083	0.01315	0.01535	0.01096	0.00877	0.00767	0.00219	0.01535	0.00548	0.00438	0.00987
13	0.02088	0.01593	0.01765	0.01574	0.02013	0.01762	0.01225	0.03880	0.44844	0.09369	0.16119	0.03811	0.03682	0.01267	0.00894	0.00282	0.00622	0.01072	0.00898	0.01243
14	0.01094	0.00866	0.00985	0.00955	0.01204	0.00756	0.00716	0.01393	0.02149	0.02795	0.33447	0.07373	0.39302	0.01970	0.01005	0.00279	0.00418	0.01682	0.00856	0.00756
15	0.01755	0.01663	0.02819	0.49468	0.23286	0.01930	0.02437	0.02304	0.01771	0.02354	0.01539	0.02221	0.01198	0.00823	0.00848	0.00274	0.01098	0.00757	0.00391	0.01064
16	0.01753	0.09775	0.60714	0.02347	0.03562	0.02089	0.03007	0.02683	0.01791	0.02639	0.01499	0.01762	0.01079	0.00802	0.00787	0.00262	0.01229	0.00615	0.00360	0.01244
17	0.02106	0.02022	0.03454	0.05223	0.64784	0.02022	0.02612	0.02612	0.01938	0.02780	0.01601	0.02106	0.01348	0.00758	0.00842	0.00253	0.01011	0.00758	0.00421	0.01348
18	0.03235	0.02384	0.02554	0.01958	0.02639	0.02639	0.01618	0.61946	0.04001	0.05363	0.02043	0.02043	0.01447	0.01022	0.00851	0.00255	0.00936	0.00766	0.00851	0.01447
19	0.02175	0.02153	0.03387	0.05028	0.60778	0.06189	0.02549	0.02662	0.01968	0.02735	0.01582	0.02069	0.01332	0.00766	0.00838	0.00251	0.01045	0.00745	0.00422	0.01325
20	0.02009	0.02296	0.05022	0.03587	0.04448	0.02152	0.61693	0.02726	0.02009	0.02726	0.01722	0.02296	0.01291	0.00717	0.01004	0.00287	0.01435	0.01004	0.00430	0.01148
21	0.76103	0.01646	0.01251	0.01119	0.01646	0.01909	0.00922	0.02502	0.01448	0.03818	0.01185	0.01382	0.00922	0.00790	0.00527	0.00263	0.00658	0.00461	0.00527	0.00922
22	0.01006	0.00862	0.00862	0.00862	0.01149	0.00718	0.00647	0.01221	0.01940	0.02299	0.08621	0.08190	0.64438	0.02155	0.01006	0.00287	0.00431	0.01796	0.00790	0.00718
23	0.02742	0.03434	0.15549	0.05286	0.02936	0.30789	0.01939	0.18176	0.02631	0.03105	0.01619	0.01826	0.01231	0.00904	0.00794	0.00241	0.01255	0.00642	0.03750	0.01151
24	0.01006	0.00862	0.00862	0.00862	0.01149	0.00718	0.00647	0.01221	0.01940	0.02299	0.08621	0.08190	0.64438	0.02155	0.01006	0.00287	0.00431	0.01796	0.00790	0.00718
25	0.01371	0.00980	0.01371	0.01567	0.01763	0.00980	0.01371	0.01763	0.01959	0.02547	0.04506	0.09599	0.04898	0.02351	0.01175	0.00392	0.00784	0.59056	0.00784	0.00784
26	0.02991	0.17902	0.02838	0.02039	0.02538	0.53504	0.01605	0.03221	0.02270	0.02066	0.01288	0.01499	0.01095	0.00846	0.00721	0.00211	0.01405	0.00529	0.00423	0.01009
27	0.01921	0.29320	0.42639	0.02061	0.03119	0.02500	0.02509	0.02640	0.01771	0.02434	0.01398	0.01634	0.01083	0.00778	0.00710	0.00237	0.01127	0.00563	0.00361	0.01195
28	0.01927	0.01629	0.01761	0.01594	0.02017	0.01843	0.01234	0.03915	0.50588	0.03529	0.16129	0.03837	0.03728	0.01276	0.00895	0.00284	0.00617	0.01082	0.00881	0.01234
29	0.01006	0.00862	0.00862	0.00862	0.01149	0.00718	0.00647	0.01221	0.01940	0.02299	0.08621	0.08190	0.64438	0.02155	0.01006	0.00287	0.00431	0.01796	0.00790	0.00718
30	0.02066	0.01981	0.03381	0.10323	0.60001	0.02011	0.02592	0.02576	0.01919	0.02731	0.01594	0.02119	0.01331	0.00766	0.00843	0.00255	0.01021	0.00758	0.00418	0.01315
31	0.01651	0.01557	0.02632	0.62539	0.11027	0.01902	0.02385	0.02213	0.01722	0.02227	0.01520	0.02255	0.01153	0.00843	0.00850	0.00281	0.01124	0.00756	0.00382	0.00981
32	0.01815	0.01620	0.01627	0.01512	0.01867	0.07641	0.01172	0.03113	0.30333	0.03236	0.23113	0.04781	0.07068	0.01457	0.00932	0.00284	0.00666	0.05860	0.00838	0.01065
33	0.01310	0.01016	0.01235	0.01303	0.01547	0.00998	0.01055	0.01871	0.09243	0.02651	0.11559	0.12971	0.22186	0.02117	0.01065	0.00333	0.00607	0.25292	0.00811	0.00826
34	0.03080	0.03786	0.02517	0.02468	0.08503	0.57599	0.01734	0.06038	0.02441	0.02301	0.01376	0.01612	0.01136	0.00872	0.00778	0.00224	0.01457	0.00578	0.00456	0.01042
35	0.02010	0.39758	0.32986	0.01908	0.02883	0.02719	0.02243	0.02617	0.01761	0.02325	0.01343	0.01566	0.01086	0.00766	0.00668	0.00223	0.01072	0.00536	0.00362	0.01169
36	0.03195	0.03591	0.02451	0.02127	0.02633	0.48868	0.01637	0.19679	0.02854	0.02995	0.01518	0.01676	0.01194	0.00917	0.00791	0.00229	0.01368	0.00609	0.00553	0.01115
37	0.01510	0.01018	0.01177	0.01082	0.01404	0.00928	0.00830	0.01982	0.07278	0.10552	0.25428	0.06528	0.33457	0.01802	0.00975	0.00278	0.00478	0.01528	0.00876	0.00888
38	0.02096	0.06111	0.02840	0.02455	0.07612	0.15835	0.09260	0.02407	0.01713	0.02186	0.01469	0.02083	0.01318	0.01963	0.12349	0.00472	0.25686	0.00748	0.00411	0.00985
39	0.01112	0.00882	0.01010	0.01022	0.01274	0.00780	0.00796	0.01402	0.02063	0.02622	0.22270	0.07934	0.40979	0.02078	0.01031	0.00298	0.00477	0.10395	0.00827	0.00750
40	0.09730	0.10344	0.07768	0.02395	0.09952	0.41234	0.01794	0.03077	0.02145	0.02371	0.01341	0.01592	0.01108	0.00834	0.00734	0.00228	0.01304	0.00562	0.00431	0.01056
41	0.11594	0.02829	0.06350	0.02246	0.02895	0.23505	0.14083	0.12511	0.02434	0.10949	0.01769	0.01942	0.01298	0.00875	0.00815	0.00253	0.01197	0.00711	0.00586	0.01159

[dist]
# distance from previous block
# <min> <max>
6	20

# created by:
# /home/cegg/simao/soft/augustus-3.2.1/scripts/msa2prfl.pl ./align_prep/12602.fa
