[name]
unknown

[dist]
# distance from previous block
# <min> <max>
2	62

[block]
# block no. 0 follows, 21 sequences, length 138
# corresponding to MSA columns:
# 62-199
name=unknown_A
#
# <colnr> <probs for GDERKNQSTAVLIFYWHMCP>
#	G	D	E	R	K	N	Q	S	T	A	V	L	I	F	Y	W	H	M	C	P
0	0.02211	0.02127	0.07313	0.14141	0.22486	0.02114	0.02103	0.15697	0.10348	0.03309	0.01898	0.02208	0.01464	0.00908	0.00909	0.00262	0.03565	0.00762	0.00565	0.05612
1	0.02226	0.06438	0.06885	0.01869	0.02276	0.12669	0.01577	0.10030	0.15494	0.02876	0.02160	0.06256	0.01866	0.03849	0.01378	0.00303	0.15697	0.00857	0.04202	0.01090
2	0.02574	0.03039	0.02194	0.02248	0.08043	0.43446	0.01586	0.02851	0.02263	0.02310	0.06557	0.06983	0.02390	0.01227	0.00864	0.00256	0.01244	0.08426	0.00539	0.00962
3	0.01747	0.01272	0.01426	0.01260	0.01624	0.01265	0.00979	0.14906	0.06102	0.06383	0.20322	0.10313	0.25581	0.01728	0.00962	0.00279	0.00567	0.01458	0.00858	0.00969
4	0.02184	0.02287	0.07729	0.04366	0.48439	0.06574	0.02412	0.06155	0.02037	0.02804	0.01595	0.02067	0.01324	0.00915	0.00981	0.04647	0.01046	0.00733	0.00441	0.01264
5	0.02670	0.05888	0.02657	0.06476	0.16523	0.12958	0.01787	0.18852	0.09435	0.08456	0.04486	0.02317	0.01773	0.00959	0.00827	0.00251	0.00996	0.00771	0.00655	0.01263
6	0.01691	0.01263	0.01491	0.01319	0.01657	0.01226	0.00992	0.14721	0.02362	0.03278	0.20060	0.22614	0.04535	0.05782	0.01135	0.00298	0.00606	0.01438	0.00782	0.12749
7	0.02529	0.01899	0.02025	0.01890	0.06669	0.10116	0.01367	0.18243	0.02517	0.14070	0.02693	0.16916	0.02446	0.01630	0.04734	0.00326	0.00941	0.01101	0.00736	0.07152
8	0.18629	0.02099	0.02431	0.02217	0.10605	0.06698	0.06981	0.18394	0.02385	0.03640	0.01599	0.01832	0.01238	0.00813	0.00739	0.00229	0.00908	0.00647	0.00579	0.17338
9	0.15036	0.03530	0.45830	0.02334	0.07650	0.01914	0.02585	0.02585	0.01719	0.02860	0.01515	0.01836	0.01131	0.01128	0.04623	0.00332	0.01192	0.00625	0.00399	0.01175
10	0.01977	0.01898	0.03283	0.10601	0.51200	0.01920	0.05919	0.02474	0.01898	0.02677	0.01825	0.07053	0.01637	0.00904	0.00871	0.00264	0.01009	0.00894	0.00445	0.01251
11	0.02335	0.06597	0.02393	0.16367	0.03080	0.29431	0.01699	0.05306	0.02020	0.02225	0.01545	0.02060	0.01309	0.01914	0.12911	0.00452	0.06279	0.00678	0.00438	0.00960
12	0.01817	0.03178	0.36148	0.03242	0.24113	0.01906	0.02687	0.02664	0.05434	0.02736	0.01896	0.06925	0.01591	0.00947	0.00844	0.00271	0.01084	0.00823	0.00441	0.01252
13	0.07698	0.27289	0.25096	0.01804	0.02586	0.02399	0.01970	0.02534	0.04217	0.02508	0.04008	0.01965	0.01491	0.01276	0.05628	0.00325	0.05045	0.00631	0.00426	0.01102
14	0.02438	0.01740	0.01702	0.01465	0.01908	0.11709	0.01139	0.10356	0.02415	0.19357	0.09686	0.11963	0.14642	0.01474	0.00902	0.00265	0.00764	0.01214	0.00813	0.04047
15	0.01888	0.01509	0.01491	0.01358	0.01722	0.07251	0.01037	0.10406	0.09737	0.07969	0.08242	0.15860	0.24665	0.01736	0.00947	0.00284	0.00664	0.01454	0.00804	0.00978
16	0.01792	0.10123	0.51663	0.02218	0.03341	0.02065	0.02733	0.02783	0.06273	0.02699	0.01636	0.01856	0.01201	0.00816	0.00778	0.00254	0.01146	0.00630	0.00405	0.05588
17	0.02154	0.04935	0.15763	0.01675	0.02318	0.01791	0.01600	0.06884	0.24120	0.10630	0.03139	0.03066	0.06536	0.01094	0.00814	0.00263	0.00779	0.00884	0.10339	0.01218
18	0.01432	0.01086	0.01326	0.01284	0.01557	0.00997	0.00927	0.07914	0.01913	0.02646	0.03710	0.47434	0.04222	0.02043	0.00961	0.00288	0.00571	0.01822	0.00734	0.17131
19	0.02038	0.02361	0.14003	0.08026	0.42342	0.01981	0.02494	0.06849	0.02009	0.02851	0.01678	0.02261	0.01398	0.04855	0.01042	0.00291	0.01045	0.00764	0.00445	0.01267
20	0.02659	0.02821	0.02465	0.02614	0.15330	0.30534	0.01725	0.12727	0.02444	0.02865	0.01972	0.02224	0.04587	0.00987	0.00916	0.00243	0.05112	0.00723	0.05946	0.01107
21	0.02143	0.17061	0.03675	0.04397	0.51057	0.02317	0.02358	0.02598	0.01892	0.02610	0.01509	0.01944	0.01292	0.00752	0.00777	0.00237	0.00989	0.00692	0.00409	0.01292
22	0.02878	0.30279	0.03186	0.01837	0.02411	0.35494	0.01533	0.03129	0.02142	0.07862	0.01450	0.01592	0.01187	0.00834	0.00687	0.00208	0.01212	0.00539	0.00465	0.01071
23	0.02423	0.01480	0.07431	0.01459	0.01935	0.01157	0.01240	0.05783	0.02143	0.29954	0.03968	0.26267	0.07749	0.01669	0.00942	0.00294	0.00683	0.01442	0.00868	0.01115
24	0.52086	0.16846	0.02094	0.01283	0.01871	0.02307	0.01114	0.08898	0.01784	0.03586	0.01277	0.01450	0.01015	0.00801	0.00566	0.00245	0.00743	0.00492	0.00526	0.01015
25	0.05878	0.01917	0.03189	0.15513	0.51644	0.01994	0.02482	0.02533	0.01873	0.02733	0.01564	0.02096	0.01290	0.00775	0.00827	0.00258	0.01013	0.00742	0.00420	0.01258
26	0.03179	0.04056	0.02412	0.02192	0.02631	0.66676	0.01644	0.03398	0.02412	0.02083	0.01315	0.01535	0.01096	0.00877	0.00767	0.00219	0.01535	0.00548	0.00438	0.00987
27	0.01204	0.00870	0.01138	0.01071	0.01271	0.00803	0.00803	0.01606	0.02409	0.03413	0.64335	0.06357	0.08030	0.01740	0.01004	0.00268	0.00401	0.01539	0.00937	0.00803
28	0.01238	0.00825	0.00928	0.00928	0.00928	0.00825	0.00516	0.01238	0.01238	0.01650	0.02681	0.05569	0.03094	0.70092	0.04331	0.00825	0.00825	0.01238	0.00516	0.00516
29	0.01707	0.04402	0.65683	0.02426	0.03683	0.01976	0.03144	0.02695	0.01797	0.02695	0.01527	0.01797	0.01078	0.00809	0.00809	0.00270	0.01258	0.00629	0.00359	0.01258
30	0.02116	0.01846	0.02065	0.02052	0.07958	0.02108	0.01463	0.04347	0.57617	0.03488	0.03293	0.03077	0.02483	0.01118	0.00864	0.00285	0.00704	0.00943	0.00825	0.01347
31	0.01037	0.00741	0.00987	0.01185	0.01234	0.00691	0.00790	0.01185	0.01629	0.02172	0.04690	0.69537	0.05629	0.02666	0.01086	0.00346	0.00494	0.02419	0.00790	0.00691
32	0.01764	0.01951	0.07582	0.03044	0.16440	0.01891	0.18255	0.02215	0.01742	0.02467	0.02198	0.16802	0.02197	0.01326	0.01362	0.00310	0.15735	0.01176	0.00489	0.01053
33	0.02908	0.06866	0.02732	0.02798	0.15765	0.49908	0.01840	0.03190	0.02278	0.02226	0.01369	0.01647	0.01149	0.00845	0.00772	0.00225	0.01393	0.00588	0.00431	0.01068
34	0.01087	0.00789	0.00988	0.01090	0.01189	0.00731	0.00737	0.01267	0.01749	0.02328	0.14913	0.42552	0.13394	0.11291	0.01488	0.00388	0.00514	0.02035	0.00779	0.00690
35	0.01238	0.00825	0.00928	0.00928	0.00928	0.00825	0.00516	0.01238	0.01238	0.01650	0.02681	0.05569	0.03094	0.70092	0.04331	0.00825	0.00825	0.01238	0.00516	0.00516
36	0.01035	0.00746	0.00982	0.01170	0.01230	0.00693	0.00783	0.01187	0.01644	0.02178	0.04876	0.66637	0.08409	0.02642	0.01082	0.00343	0.00491	0.02390	0.00790	0.00693
37	0.01707	0.04402	0.65683	0.02426	0.03683	0.01976	0.03144	0.02695	0.01797	0.02695	0.01527	0.01797	0.01078	0.00809	0.00809	0.00270	0.01258	0.00629	0.00359	0.01258
38	0.01707	0.04402	0.65683	0.02426	0.03683	0.01976	0.03144	0.02695	0.01797	0.02695	0.01527	0.01797	0.01078	0.00809	0.00809	0.00270	0.01258	0.00629	0.00359	0.01258
39	0.08903	0.02112	0.03508	0.07286	0.40299	0.04852	0.15358	0.02641	0.01918	0.02805	0.01573	0.02064	0.01275	0.00762	0.00846	0.00261	0.01100	0.00776	0.00432	0.01230
40	0.01707	0.04402	0.65683	0.02426	0.03683	0.01976	0.03144	0.02695	0.01797	0.02695	0.01527	0.01797	0.01078	0.00809	0.00809	0.00270	0.01258	0.00629	0.00359	0.01258
41	0.03015	0.03202	0.02331	0.01998	0.02509	0.38726	0.01551	0.23687	0.02928	0.03248	0.02185	0.02273	0.06556	0.01035	0.00817	0.00238	0.01232	0.00730	0.00612	0.01125
42	0.03129	0.03952	0.02389	0.02171	0.02611	0.63664	0.01630	0.03451	0.05249	0.02152	0.01416	0.01611	0.01166	0.00890	0.00772	0.00222	0.01494	0.00567	0.00458	0.01003
43	0.02134	0.02119	0.03287	0.11386	0.54261	0.06726	0.02516	0.02625	0.01948	0.02668	0.01571	0.02081	0.01308	0.00776	0.00838	0.00253	0.01062	0.00743	0.00418	0.01281
44	0.01618	0.01582	0.02228	0.44923	0.08148	0.06246	0.01952	0.02080	0.01818	0.02231	0.03056	0.03499	0.14963	0.01132	0.00878	0.00278	0.01002	0.00969	0.00475	0.00923
45	0.02247	0.02289	0.03317	0.04826	0.56629	0.10505	0.02485	0.02715	0.02000	0.02689	0.01563	0.02031	0.01315	0.00774	0.00833	0.00248	0.01080	0.00731	0.00424	0.01301
46	0.01356	0.01119	0.01637	0.01556	0.01675	0.01400	0.01238	0.01635	0.01354	0.01991	0.02026	0.03021	0.01907	0.05317	0.52800	0.01151	0.16707	0.00875	0.00438	0.00797
47	0.01735	0.04233	0.61261	0.02624	0.08025	0.01980	0.03106	0.02689	0.01807	0.02701	0.01532	0.01819	0.01097	0.00805	0.00811	0.00268	0.01240	0.00638	0.00364	0.01264
48	0.02076	0.47401	0.25918	0.01796	0.02710	0.02880	0.02048	0.02600	0.01753	0.02245	0.01304	0.01516	0.01087	0.00756	0.00638	0.00213	0.01032	0.00516	0.00362	0.01150
49	0.01037	0.00741	0.00987	0.01185	0.01234	0.00691	0.00790	0.01185	0.01629	0.02172	0.04690	0.69537	0.05629	0.02666	0.01086	0.00346	0.00494	0.02419	0.00790	0.00691
50	0.03088	0.02380	0.02461	0.01930	0.02559	0.06379	0.01580	0.54131	0.03718	0.04925	0.02016	0.02105	0.01474	0.01394	0.05526	0.00332	0.01068	0.00763	0.00798	0.01371
51	0.02173	0.18510	0.30171	0.02137	0.02935	0.16487	0.02278	0.02731	0.01851	0.02325	0.01352	0.01653	0.01090	0.00895	0.01002	0.00253	0.10069	0.00588	0.00379	0.01119
52	0.01754	0.01715	0.02394	0.02097	0.02103	0.02355	0.01721	0.01935	0.01346	0.02064	0.01586	0.10741	0.01709	0.01644	0.02569	0.00369	0.59607	0.00964	0.00427	0.00899
53	0.01013	0.00835	0.00890	0.00933	0.01168	0.00712	0.00678	0.01213	0.01872	0.02271	0.07759	0.21642	0.51543	0.02267	0.01023	0.00300	0.00445	0.01933	0.00790	0.00712
54	0.02339	0.65876	0.04314	0.01508	0.02216	0.07866	0.01470	0.02609	0.01778	0.02008	0.01193	0.01377	0.01092	0.00739	0.00562	0.00185	0.00954	0.00462	0.00369	0.01085
55	0.02106	0.02022	0.03454	0.05223	0.64784	0.02022	0.02612	0.02612	0.01938	0.02780	0.01601	0.02106	0.01348	0.00758	0.00842	0.00253	0.01011	0.00758	0.00421	0.01348
56	0.01250	0.00912	0.01221	0.01391	0.01567	0.00882	0.01149	0.01566	0.01885	0.02433	0.05086	0.22498	0.12869	0.02394	0.01134	0.00368	0.00674	0.39180	0.00786	0.00755
57	0.02106	0.02022	0.03454	0.05223	0.64784	0.02022	0.02612	0.02612	0.01938	0.02780	0.01601	0.02106	0.01348	0.00758	0.00842	0.00253	0.01011	0.00758	0.00421	0.01348
58	0.02352	0.01496	0.01730	0.01488	0.01957	0.01552	0.01173	0.06395	0.27918	0.19717	0.14626	0.04078	0.09146	0.01319	0.00900	0.00277	0.00629	0.01105	0.00920	0.01223
59	0.01355	0.10056	0.01773	0.01379	0.01607	0.01366	0.01115	0.01655	0.01415	0.01979	0.02136	0.03084	0.01992	0.05641	0.58037	0.01212	0.02100	0.00852	0.00444	0.00803
60	0.01238	0.00825	0.00928	0.00928	0.00928	0.00825	0.00516	0.01238	0.01238	0.01650	0.02681	0.05569	0.03094	0.70092	0.04331	0.00825	0.00825	0.01238	0.00516	0.00516
61	0.02275	0.70604	0.04459	0.01456	0.02184	0.03367	0.01456	0.02548	0.01729	0.02002	0.01183	0.01365	0.01092	0.00728	0.00546	0.00182	0.00910	0.00455	0.00364	0.01092
62	0.01781	0.13088	0.57650	0.02298	0.03487	0.02159	0.02923	0.02676	0.01788	0.02604	0.01482	0.01740	0.01080	0.00798	0.00774	0.00258	0.01212	0.00606	0.00360	0.01236
63	0.02106	0.02022	0.03454	0.05223	0.64784	0.02022	0.02612	0.02612	0.01938	0.02780	0.01601	0.02106	0.01348	0.00758	0.00842	0.00253	0.01011	0.00758	0.00421	0.01348
64	0.01006	0.00862	0.00862	0.00862	0.01149	0.00718	0.00647	0.01221	0.01940	0.02299	0.08621	0.08190	0.64438	0.02155	0.01006	0.00287	0.00431	0.01796	0.00790	0.00718
65	0.03179	0.04056	0.02412	0.02192	0.02631	0.66676	0.01644	0.03398	0.02412	0.02083	0.01315	0.01535	0.01096	0.00877	0.00767	0.00219	0.01535	0.00548	0.00438	0.00987
66	0.02795	0.02049	0.02226	0.01752	0.02311	0.02240	0.01415	0.48743	0.03551	0.04783	0.10251	0.02916	0.02453	0.07153	0.01175	0.00307	0.00857	0.00909	0.00833	0.01281
67	0.01037	0.00741	0.00987	0.01185	0.01234	0.00691	0.00790	0.01185	0.01629	0.02172	0.04690	0.69537	0.05629	0.02666	0.01086	0.00346	0.00494	0.02419	0.00790	0.00691
68	0.02106	0.02022	0.03454	0.05223	0.64784	0.02022	0.02612	0.02612	0.01938	0.02780	0.01601	0.02106	0.01348	0.00758	0.00842	0.00253	0.01011	0.00758	0.00421	0.01348
69	0.02473	0.56012	0.04010	0.01618	0.02282	0.17250	0.01497	0.02735	0.01879	0.02020	0.01212	0.01402	0.01093	0.00761	0.00595	0.00190	0.01047	0.00475	0.00380	0.01069
70	0.03179	0.04056	0.02412	0.02192	0.02631	0.66676	0.01644	0.03398	0.02412	0.02083	0.01315	0.01535	0.01096	0.00877	0.00767	0.00219	0.01535	0.00548	0.00438	0.00987
71	0.02117	0.01828	0.01924	0.01732	0.02213	0.02117	0.01347	0.04522	0.63246	0.03560	0.03464	0.03175	0.02598	0.01155	0.00866	0.00289	0.00673	0.00962	0.00866	0.01347
72	0.01862	0.01862	0.02607	0.02234	0.02234	0.02607	0.01862	0.02048	0.01303	0.02048	0.01117	0.01862	0.01117	0.01489	0.02793	0.00372	0.68535	0.00745	0.00372	0.00931
73	0.01707	0.04402	0.65683	0.02426	0.03683	0.01976	0.03144	0.02695	0.01797	0.02695	0.01527	0.01797	0.01078	0.00809	0.00809	0.00270	0.01258	0.00629	0.00359	0.01258
74	0.03179	0.04056	0.02412	0.02192	0.02631	0.66676	0.01644	0.03398	0.02412	0.02083	0.01315	0.01535	0.01096	0.00877	0.00767	0.00219	0.01535	0.00548	0.00438	0.00987
75	0.01122	0.00776	0.00962	0.01076	0.01105	0.00748	0.00674	0.01207	0.01463	0.01951	0.03840	0.42449	0.04555	0.31218	0.02460	0.00549	0.00634	0.01919	0.00674	0.00617
76	0.01707	0.04402	0.65683	0.02426	0.03683	0.01976	0.03144	0.02695	0.01797	0.02695	0.01527	0.01797	0.01078	0.00809	0.00809	0.00270	0.01258	0.00629	0.00359	0.01258
77	0.01707	0.04402	0.65683	0.02426	0.03683	0.01976	0.03144	0.02695	0.01797	0.02695	0.01527	0.01797	0.01078	0.00809	0.00809	0.00270	0.01258	0.00629	0.00359	0.01258
78	0.01037	0.00741	0.00987	0.01185	0.01234	0.00691	0.00790	0.01185	0.01629	0.02172	0.04690	0.69537	0.05629	0.02666	0.01086	0.00346	0.00494	0.02419	0.00790	0.00691
79	0.02106	0.02022	0.03454	0.05223	0.64784	0.02022	0.02612	0.02612	0.01938	0.02780	0.01601	0.02106	0.01348	0.00758	0.00842	0.00253	0.01011	0.00758	0.00421	0.01348
80	0.01216	0.00912	0.01368	0.01368	0.01520	0.01064	0.01064	0.01520	0.01368	0.01976	0.02279	0.03343	0.02127	0.06382	0.66720	0.01368	0.02279	0.00912	0.00456	0.00760
81	0.01216	0.00912	0.01368	0.01368	0.01520	0.01064	0.01064	0.01520	0.01368	0.01976	0.02279	0.03343	0.02127	0.06382	0.66720	0.01368	0.02279	0.00912	0.00456	0.00760
82	0.01061	0.00758	0.01015	0.01212	0.01272	0.00712	0.00831	0.01226	0.01653	0.02199	0.04677	0.65278	0.05577	0.02644	0.01093	0.00349	0.00514	0.06443	0.00790	0.00698
83	0.02275	0.70604	0.04459	0.01456	0.02184	0.03367	0.01456	0.02548	0.01729	0.02002	0.01183	0.01365	0.01092	0.00728	0.00546	0.00182	0.00910	0.00455	0.00364	0.01092
84	0.02215	0.02926	0.12232	0.03030	0.03787	0.16311	0.36478	0.02820	0.02018	0.02531	0.01563	0.02032	0.01208	0.00821	0.01057	0.00276	0.06330	0.00836	0.00419	0.01111
85	0.01037	0.00741	0.00987	0.01185	0.01234	0.00691	0.00790	0.01185	0.01629	0.02172	0.04690	0.69537	0.05629	0.02666	0.01086	0.00346	0.00494	0.02419	0.00790	0.00691
86	0.03179	0.04056	0.02412	0.02192	0.02631	0.66676	0.01644	0.03398	0.02412	0.02083	0.01315	0.01535	0.01096	0.00877	0.00767	0.00219	0.01535	0.00548	0.00438	0.00987
87	0.01998	0.01911	0.03258	0.18903	0.51953	0.01993	0.02558	0.02516	0.01886	0.02648	0.01582	0.02142	0.01301	0.00778	0.00844	0.00259	0.01038	0.00758	0.00412	0.01260
88	0.02948	0.03488	0.02651	0.02840	0.16260	0.47826	0.01854	0.07498	0.02424	0.02475	0.01431	0.01697	0.01177	0.00861	0.00790	0.00229	0.01376	0.00610	0.00465	0.01099
89	0.02991	0.03573	0.02289	0.02046	0.02499	0.53237	0.01552	0.10083	0.02556	0.02488	0.02056	0.02191	0.06816	0.01009	0.00799	0.00230	0.01365	0.00686	0.00519	0.01017
90	0.02077	0.02196	0.07995	0.05019	0.60325	0.02019	0.02651	0.02618	0.01927	0.02774	0.01595	0.02084	0.01328	0.00762	0.00840	0.00254	0.01029	0.00749	0.00417	0.01341
91	0.09034	0.41738	0.13237	0.01655	0.02383	0.11321	0.01662	0.02634	0.01838	0.02356	0.04329	0.01699	0.01413	0.00815	0.00637	0.00212	0.00999	0.00548	0.00416	0.01074
92	0.02717	0.03002	0.02542	0.02734	0.16074	0.33768	0.01788	0.07746	0.15764	0.02798	0.01902	0.02056	0.01506	0.00923	0.00811	0.00244	0.01188	0.00701	0.00559	0.01178
93	0.02470	0.01309	0.01584	0.01351	0.01823	0.01239	0.01068	0.03188	0.14680	0.30107	0.07781	0.07965	0.18823	0.01477	0.00916	0.00279	0.00610	0.01236	0.00928	0.01168
94	0.01773	0.02096	0.15655	0.01866	0.04742	0.01670	0.01634	0.07612	0.22993	0.03043	0.03243	0.23883	0.03089	0.01534	0.00921	0.00299	0.00778	0.01330	0.00712	0.01127
95	0.01992	0.26984	0.30735	0.02698	0.16497	0.02472	0.02439	0.02626	0.01804	0.02472	0.01423	0.01714	0.01142	0.00769	0.00724	0.00235	0.01083	0.00596	0.00374	0.01220
96	0.03161	0.03097	0.02464	0.02051	0.02617	0.30850	0.01617	0.33616	0.05897	0.03838	0.01785	0.01869	0.01343	0.00964	0.00815	0.00241	0.01189	0.00679	0.00670	0.01240
97	0.03194	0.03593	0.02451	0.02127	0.02633	0.48945	0.01637	0.19610	0.02852	0.02991	0.01517	0.01675	0.01193	0.00917	0.00791	0.00229	0.01369	0.00608	0.00553	0.01114
98	0.02329	0.01934	0.02044	0.01775	0.02294	0.02216	0.01398	0.15422	0.52001	0.03902	0.03194	0.02960	0.02379	0.01129	0.00863	0.00282	0.00723	0.00925	0.00863	0.01366
99	0.01233	0.00844	0.01024	0.01024	0.01057	0.00877	0.00635	0.01299	0.01266	0.01721	0.02594	0.05083	0.02883	0.56186	0.17950	0.00943	0.01143	0.01166	0.00503	0.00569
100	0.02006	0.02055	0.03074	0.03425	0.26559	0.10210	0.15031	0.02492	0.02084	0.02735	0.10688	0.03618	0.02684	0.01104	0.00933	0.00276	0.01059	0.08315	0.00543	0.01109
101	0.02161	0.44804	0.23679	0.01817	0.02691	0.07547	0.02004	0.02657	0.01800	0.02227	0.01302	0.01514	0.01088	0.00764	0.00645	0.00212	0.01066	0.00517	0.00368	0.01137
102	0.02365	0.41423	0.14874	0.01864	0.02640	0.13618	0.04252	0.05818	0.01985	0.02343	0.01333	0.01543	0.01117	0.00782	0.00664	0.00212	0.01099	0.00540	0.00404	0.01125
103	0.01167	0.00841	0.00934	0.00952	0.01050	0.00796	0.00610	0.01258	0.01501	0.01912	0.04631	0.09171	0.21596	0.43540	0.03042	0.00622	0.00692	0.04464	0.00623	0.00597
104	0.02124	0.52965	0.20772	0.01714	0.02584	0.02997	0.01906	0.02587	0.01747	0.02187	0.01275	0.01480	0.01088	0.00750	0.00616	0.00205	0.01003	0.00501	0.00363	0.01136
105	0.01889	0.04049	0.01509	0.01274	0.01616	0.01268	0.00966	0.05141	0.12841	0.13557	0.06997	0.15513	0.17175	0.10658	0.01379	0.00357	0.00628	0.01402	0.00804	0.00977
106	0.01091	0.00865	0.00981	0.00952	0.01202	0.00755	0.00714	0.01387	0.02142	0.02779	0.32646	0.07399	0.40113	0.01976	0.01005	0.00279	0.00418	0.01685	0.00853	0.00755
107	0.01976	0.01971	0.03601	0.18578	0.38691	0.02022	0.15513	0.02541	0.01902	0.02636	0.01608	0.02183	0.01289	0.00769	0.00880	0.00267	0.01131	0.00812	0.00414	0.01216
108	0.02867	0.12309	0.02554	0.01948	0.02437	0.45224	0.01525	0.09568	0.02455	0.02455	0.02049	0.02180	0.06951	0.00991	0.00769	0.00225	0.01285	0.00675	0.00507	0.01027
109	0.02151	0.56153	0.17823	0.01668	0.02511	0.03064	0.01825	0.02580	0.01744	0.02153	0.01258	0.01459	0.01089	0.00746	0.00603	0.00201	0.00986	0.00493	0.00363	0.01128
110	0.01149	0.00875	0.01072	0.01122	0.01333	0.00798	0.00872	0.01449	0.02040	0.02661	0.23386	0.16020	0.27063	0.02145	0.01054	0.00313	0.00509	0.14555	0.00831	0.00754
111	0.01991	0.01840	0.01637	0.01539	0.01840	0.15495	0.01145	0.15014	0.02386	0.02925	0.06640	0.31220	0.09242	0.01824	0.00954	0.00289	0.00807	0.01549	0.00734	0.00929
112	0.02251	0.02350	0.03124	0.04171	0.42992	0.13425	0.02312	0.02651	0.01910	0.02530	0.01466	0.01964	0.01264	0.00907	0.01170	0.00268	0.12899	0.00719	0.00416	0.01212
113	0.01037	0.00741	0.00987	0.01185	0.01234	0.00691	0.00790	0.01185	0.01629	0.02172	0.04690	0.69537	0.05629	0.02666	0.01086	0.00346	0.00494	0.02419	0.00790	0.00691
114	0.02106	0.02022	0.03454	0.05223	0.64784	0.02022	0.02612	0.02612	0.01938	0.02780	0.01601	0.02106	0.01348	0.00758	0.00842	0.00253	0.01011	0.00758	0.00421	0.01348
115	0.02106	0.02022	0.03454	0.05223	0.64784	0.02022	0.02612	0.02612	0.01938	0.02780	0.01601	0.02106	0.01348	0.00758	0.00842	0.00253	0.01011	0.00758	0.00421	0.01348
116	0.02001	0.17733	0.18107	0.02867	0.03785	0.02380	0.35735	0.02680	0.01901	0.02561	0.01561	0.01983	0.01201	0.00740	0.00861	0.00260	0.01281	0.00802	0.00400	0.01160
117	0.02099	0.02042	0.03569	0.05104	0.60381	0.02031	0.06923	0.02620	0.01943	0.02776	0.01610	0.02120	0.01344	0.00755	0.00854	0.00255	0.01042	0.00776	0.00422	0.01333
118	0.01747	0.09106	0.61333	0.02357	0.03577	0.02075	0.03024	0.02685	0.01792	0.02646	0.01503	0.01766	0.01079	0.00803	0.00790	0.00263	0.01233	0.00616	0.00360	0.01246
119	0.01858	0.21982	0.49425	0.02168	0.03285	0.02346	0.02696	0.02656	0.01779	0.02511	0.01436	0.01682	0.01082	0.00787	0.00739	0.00246	0.01165	0.00583	0.00361	0.01214
120	0.02984	0.18501	0.02866	0.02020	0.02534	0.49739	0.01602	0.06063	0.02340	0.02225	0.01322	0.01522	0.01112	0.00851	0.00723	0.00213	0.01369	0.00538	0.00442	0.01032
121	0.01322	0.01122	0.01172	0.01114	0.01446	0.01101	0.00849	0.02141	0.18411	0.02739	0.12355	0.06678	0.42688	0.01849	0.00968	0.00286	0.00493	0.01549	0.00824	0.00895
122	0.03100	0.09873	0.02591	0.02128	0.02592	0.61142	0.01628	0.03324	0.02352	0.02076	0.01304	0.01520	0.01096	0.00864	0.00748	0.00216	0.01480	0.00540	0.00432	0.00996
123	0.01074	0.00792	0.01061	0.01233	0.01280	0.00778	0.00839	0.01224	0.01614	0.02167	0.04528	0.66460	0.05423	0.02613	0.01164	0.00347	0.03587	0.02343	0.00771	0.00702
124	0.01086	0.00888	0.00973	0.01016	0.01283	0.00775	0.00805	0.01340	0.01944	0.02353	0.07723	0.08498	0.51442	0.02198	0.01043	0.00310	0.00508	0.14295	0.00789	0.00733
125	0.02106	0.02022	0.03454	0.05223	0.64784	0.02022	0.02612	0.02612	0.01938	0.02780	0.01601	0.02106	0.01348	0.00758	0.00842	0.00253	0.01011	0.00758	0.00421	0.01348
126	0.02937	0.02236	0.02386	0.01898	0.02526	0.02500	0.01545	0.46646	0.19786	0.04883	0.02422	0.02345	0.01754	0.01057	0.00855	0.00264	0.00866	0.00818	0.00855	0.01421
127	0.03235	0.02384	0.02554	0.01958	0.02639	0.02639	0.01618	0.61946	0.04001	0.05363	0.02043	0.02043	0.01447	0.01022	0.00851	0.00255	0.00936	0.00766	0.00851	0.01447
128	0.01364	0.01101	0.01261	0.01292	0.01586	0.01097	0.01049	0.02089	0.14464	0.02645	0.06094	0.07671	0.30481	0.02021	0.01038	0.00325	0.00607	0.22140	0.00803	0.00870
129	0.01721	0.01710	0.03138	0.50704	0.08622	0.01955	0.15327	0.02318	0.01781	0.02326	0.01563	0.02266	0.01180	0.00817	0.00884	0.00283	0.01194	0.00811	0.00392	0.01011
130	0.02488	0.01745	0.01935	0.01684	0.02204	0.01928	0.01326	0.04440	0.49972	0.17053	0.03440	0.03114	0.02491	0.01132	0.00864	0.00283	0.00685	0.00939	0.00907	0.01369
131	0.01216	0.00912	0.01368	0.01368	0.01520	0.01064	0.01064	0.01520	0.01368	0.01976	0.02279	0.03343	0.02127	0.06382	0.66720	0.01368	0.02279	0.00912	0.00456	0.00760
132	0.01674	0.01165	0.01283	0.01153	0.01302	0.01221	0.00756	0.14489	0.01841	0.02461	0.02542	0.04799	0.02734	0.55015	0.03572	0.00701	0.00849	0.01135	0.00589	0.00719
133	0.02342	0.55642	0.03963	0.01537	0.02229	0.03141	0.01457	0.08161	0.09812	0.02505	0.01553	0.01658	0.01317	0.00809	0.00615	0.00202	0.00882	0.00548	0.00472	0.01157
134	0.02106	0.02022	0.03454	0.05223	0.64784	0.02022	0.02612	0.02612	0.01938	0.02780	0.01601	0.02106	0.01348	0.00758	0.00842	0.00253	0.01011	0.00758	0.00421	0.01348
135	0.01067	0.00882	0.00947	0.00980	0.01252	0.00762	0.00768	0.01312	0.01943	0.02340	0.07933	0.08426	0.54484	0.02188	0.01034	0.00305	0.00490	0.11369	0.00789	0.00729
136	0.02106	0.02022	0.03454	0.05223	0.64784	0.02022	0.02612	0.02612	0.01938	0.02780	0.01601	0.02106	0.01348	0.00758	0.00842	0.00253	0.01011	0.00758	0.00421	0.01348
137	0.19111	0.02753	0.02193	0.01834	0.02397	0.24462	0.01457	0.26028	0.02822	0.06819	0.01670	0.01766	0.01244	0.00923	0.00752	0.00245	0.01072	0.00629	0.00648	0.01174

[dist]
# distance from previous block
# <min> <max>
0	9

[block]
# block no. 1 follows, 21 sequences, length 116
# corresponding to MSA columns:
# 209-324
name=unknown_B
#
# <colnr> <probs for GDERKNQSTAVLIFYWHMCP>
#	G	D	E	R	K	N	Q	S	T	A	V	L	I	F	Y	W	H	M	C	P
0	0.01515	0.01160	0.01465	0.01564	0.01828	0.01216	0.01325	0.02342	0.15502	0.02757	0.04508	0.08100	0.07752	0.02075	0.01097	0.00363	0.00739	0.42984	0.00802	0.00904
1	0.01029	0.00770	0.00958	0.01108	0.01214	0.00698	0.00756	0.01194	0.01703	0.02203	0.05628	0.54909	0.19652	0.02544	0.01067	0.00332	0.00479	0.02271	0.00790	0.00698
2	0.03213	0.03030	0.02499	0.02049	0.02636	0.27392	0.01628	0.39315	0.03387	0.04095	0.01762	0.01847	0.01312	0.00966	0.00819	0.00241	0.01168	0.00682	0.00692	0.01269
3	0.01395	0.00902	0.01115	0.01083	0.01326	0.00802	0.00803	0.01678	0.02102	0.09583	0.28141	0.20479	0.23405	0.01991	0.01006	0.00290	0.00466	0.01734	0.00874	0.00824
4	0.01453	0.01072	0.01432	0.01585	0.01812	0.01104	0.01369	0.02065	0.08657	0.02657	0.04392	0.08897	0.04646	0.02220	0.01142	0.00381	0.00772	0.52707	0.00793	0.00845
5	0.03179	0.04056	0.02412	0.02192	0.02631	0.66676	0.01644	0.03398	0.02412	0.02083	0.01315	0.01535	0.01096	0.00877	0.00767	0.00219	0.01535	0.00548	0.00438	0.00987
6	0.02463	0.01661	0.02185	0.02407	0.17003	0.01698	0.01544	0.03594	0.24892	0.20414	0.03565	0.03402	0.09057	0.01143	0.00873	0.00273	0.00741	0.00977	0.00804	0.01305
7	0.02888	0.03571	0.02455	0.02202	0.02543	0.52517	0.01692	0.03100	0.02167	0.02075	0.01272	0.01607	0.01101	0.01012	0.01215	0.00253	0.16341	0.00592	0.00424	0.00974
8	0.01016	0.00863	0.00877	0.00873	0.01156	0.00723	0.00655	0.01242	0.01965	0.02358	0.11565	0.08093	0.61458	0.02133	0.01006	0.00286	0.00429	0.01782	0.00798	0.00723
9	0.01707	0.04402	0.65683	0.02426	0.03683	0.01976	0.03144	0.02695	0.01797	0.02695	0.01527	0.01797	0.01078	0.00809	0.00809	0.00270	0.01258	0.00629	0.00359	0.01258
10	0.02772	0.02634	0.02587	0.05914	0.13963	0.19279	0.01802	0.24440	0.11709	0.03609	0.01951	0.02097	0.01488	0.00947	0.00830	0.00252	0.01079	0.00735	0.00643	0.01268
11	0.01116	0.00867	0.01018	0.01006	0.01240	0.00769	0.00761	0.01421	0.02139	0.02807	0.33278	0.09871	0.33620	0.01999	0.01017	0.00286	0.00439	0.04731	0.00856	0.00759
12	0.02025	0.01939	0.03307	0.15486	0.55158	0.02001	0.02571	0.02540	0.01899	0.02681	0.01586	0.02133	0.01313	0.00773	0.00844	0.00258	0.01031	0.00758	0.00414	0.01282
13	0.01707	0.04402	0.65683	0.02426	0.03683	0.01976	0.03144	0.02695	0.01797	0.02695	0.01527	0.01797	0.01078	0.00809	0.00809	0.00270	0.01258	0.00629	0.00359	0.01258
14	0.01707	0.04402	0.65683	0.02426	0.03683	0.01976	0.03144	0.02695	0.01797	0.02695	0.01527	0.01797	0.01078	0.00809	0.00809	0.00270	0.01258	0.00629	0.00359	0.01258
15	0.01078	0.00773	0.00960	0.01092	0.01157	0.00724	0.00713	0.01201	0.01577	0.02071	0.04685	0.48562	0.11624	0.17510	0.01794	0.00445	0.00560	0.02089	0.00729	0.00655
16	0.02497	0.01799	0.02025	0.05064	0.02431	0.02003	0.01407	0.09856	0.43766	0.14519	0.03210	0.02972	0.02327	0.01109	0.00862	0.00281	0.00731	0.00914	0.00873	0.01354
17	0.02925	0.03548	0.02466	0.02472	0.09506	0.51313	0.01715	0.03452	0.10044	0.02347	0.01619	0.01806	0.01314	0.00899	0.00788	0.00232	0.01368	0.00624	0.00491	0.01072
18	0.01511	0.01118	0.01499	0.01413	0.01627	0.01271	0.01093	0.10281	0.01739	0.02438	0.02282	0.03361	0.02118	0.11529	0.51337	0.01155	0.01949	0.00921	0.00519	0.00837
19	0.02083	0.02087	0.03828	0.04833	0.50397	0.02053	0.16699	0.02639	0.01955	0.02767	0.01630	0.02151	0.01334	0.00748	0.00881	0.00261	0.01112	0.00817	0.00423	0.01300
20	0.01707	0.04402	0.65683	0.02426	0.03683	0.01976	0.03144	0.02695	0.01797	0.02695	0.01527	0.01797	0.01078	0.00809	0.00809	0.00270	0.01258	0.00629	0.00359	0.01258
21	0.03182	0.03960	0.02420	0.02179	0.02631	0.62996	0.01643	0.06763	0.02503	0.02271	0.01357	0.01564	0.01116	0.00885	0.00772	0.00221	0.01500	0.00561	0.00462	0.01013
22	0.02663	0.03223	0.02048	0.01865	0.02278	0.48231	0.01405	0.05363	0.02367	0.02274	0.03088	0.03143	0.16215	0.01188	0.00828	0.00237	0.01246	0.00855	0.00540	0.00942
23	0.01927	0.02944	0.24892	0.03511	0.15638	0.02069	0.31021	0.02694	0.01925	0.02726	0.01634	0.02094	0.01231	0.00755	0.00909	0.00275	0.01295	0.00833	0.00405	0.01222
24	0.01006	0.00862	0.00862	0.00862	0.01149	0.00718	0.00647	0.01221	0.01940	0.02299	0.08621	0.08190	0.64438	0.02155	0.01006	0.00287	0.00431	0.01796	0.00790	0.00718
25	0.01910	0.18170	0.49296	0.02210	0.03311	0.05984	0.02706	0.02705	0.01818	0.02516	0.01443	0.01692	0.01082	0.00796	0.00751	0.00248	0.01201	0.00588	0.00365	0.01208
26	0.03198	0.03495	0.02459	0.02114	0.02634	0.45190	0.01635	0.23043	0.02945	0.03183	0.01560	0.01705	0.01214	0.00925	0.00796	0.00231	0.01334	0.00621	0.00577	0.01141
27	0.01996	0.01909	0.03255	0.19107	0.51763	0.01993	0.02557	0.02515	0.01886	0.02646	0.01581	0.02142	0.01301	0.00779	0.00844	0.00260	0.01038	0.00758	0.00412	0.01259
28	0.02106	0.02022	0.03454	0.05223	0.64784	0.02022	0.02612	0.02612	0.01938	0.02780	0.01601	0.02106	0.01348	0.00758	0.00842	0.00253	0.01011	0.00758	0.00421	0.01348
29	0.02046	0.01982	0.03446	0.11995	0.54877	0.02015	0.05980	0.02570	0.01916	0.02711	0.01598	0.02135	0.01321	0.00766	0.00853	0.00258	0.01049	0.00772	0.00417	0.01292
30	0.02492	0.02956	0.02046	0.01904	0.02242	0.43717	0.01441	0.02741	0.02046	0.02045	0.01653	0.02168	0.01457	0.02803	0.23845	0.00621	0.01795	0.00675	0.00445	0.00907
31	0.01006	0.00862	0.00862	0.00862	0.01149	0.00718	0.00647	0.01221	0.01940	0.02299	0.08621	0.08190	0.64438	0.02155	0.01006	0.00287	0.00431	0.01796	0.00790	0.00718
32	0.01762	0.10778	0.59786	0.02332	0.03539	0.02110	0.02982	0.02681	0.01790	0.02628	0.01494	0.01755	0.01079	0.00801	0.00783	0.00261	0.01224	0.00612	0.00360	0.01242
33	0.01006	0.00862	0.00862	0.00862	0.01149	0.00718	0.00647	0.01221	0.01940	0.02299	0.08621	0.08190	0.64438	0.02155	0.01006	0.00287	0.00431	0.01796	0.00790	0.00718
34	0.01037	0.00741	0.00987	0.01185	0.01234	0.00691	0.00790	0.01185	0.01629	0.02172	0.04690	0.69537	0.05629	0.02666	0.01086	0.00346	0.00494	0.02419	0.00790	0.00691
35	0.01937	0.02798	0.19486	0.03310	0.04265	0.02110	0.47732	0.02719	0.01958	0.02719	0.01675	0.02177	0.01240	0.00739	0.00958	0.00283	0.01393	0.00915	0.00413	0.01174
36	0.01037	0.00741	0.00987	0.01185	0.01234	0.00691	0.00790	0.01185	0.01629	0.02172	0.04690	0.69537	0.05629	0.02666	0.01086	0.00346	0.00494	0.02419	0.00790	0.00691
37	0.01006	0.00862	0.00862	0.00862	0.01149	0.00718	0.00647	0.01221	0.01940	0.02299	0.08621	0.08190	0.64438	0.02155	0.01006	0.00287	0.00431	0.01796	0.00790	0.00718
38	0.03179	0.04056	0.02412	0.02192	0.02631	0.66676	0.01644	0.03398	0.02412	0.02083	0.01315	0.01535	0.01096	0.00877	0.00767	0.00219	0.01535	0.00548	0.00438	0.00987
39	0.02214	0.22514	0.33770	0.02104	0.03020	0.17786	0.02323	0.02822	0.01925	0.02359	0.01382	0.01616	0.01086	0.00803	0.00727	0.00233	0.01228	0.00562	0.00380	0.01148
40	0.01707	0.04402	0.65683	0.02426	0.03683	0.01976	0.03144	0.02695	0.01797	0.02695	0.01527	0.01797	0.01078	0.00809	0.00809	0.00270	0.01258	0.00629	0.00359	0.01258
41	0.03005	0.03699	0.02235	0.02039	0.02452	0.59476	0.01530	0.03244	0.02343	0.02202	0.01475	0.01714	0.01215	0.00889	0.00748	0.00217	0.01410	0.00575	0.08567	0.00965
42	0.01710	0.07483	0.59527	0.02312	0.03492	0.01987	0.02947	0.02635	0.01823	0.02696	0.04573	0.01998	0.01418	0.00850	0.00805	0.00265	0.01199	0.00665	0.00388	0.01227
43	0.02545	0.01731	0.01848	0.01576	0.02089	0.04856	0.01247	0.09377	0.28382	0.19820	0.04041	0.03736	0.12443	0.01266	0.00880	0.00275	0.00714	0.01032	0.00881	0.01263
44	0.01029	0.00770	0.00958	0.01108	0.01214	0.00698	0.00756	0.01194	0.01703	0.02203	0.05628	0.54909	0.19652	0.02544	0.01067	0.00332	0.00479	0.02271	0.00790	0.00698
45	0.03052	0.03686	0.02437	0.07723	0.02904	0.55246	0.01702	0.08752	0.02500	0.02396	0.01400	0.01644	0.01132	0.00888	0.00782	0.00228	0.01445	0.00586	0.00472	0.01026
46	0.02106	0.02022	0.03454	0.05223	0.64784	0.02022	0.02612	0.02612	0.01938	0.02780	0.01601	0.02106	0.01348	0.00758	0.00842	0.00253	0.01011	0.00758	0.00421	0.01348
47	0.02328	0.02074	0.03206	0.07957	0.47810	0.02151	0.02378	0.15700	0.02381	0.03318	0.01694	0.02101	0.01358	0.00822	0.00845	0.00255	0.01001	0.00760	0.00514	0.01348
48	0.01251	0.00984	0.01304	0.08711	0.01976	0.00974	0.01196	0.01587	0.01905	0.02398	0.05614	0.11736	0.25224	0.02134	0.01075	0.00341	0.00683	0.29391	0.00741	0.00774
49	0.01783	0.03950	0.53879	0.02956	0.15273	0.01985	0.03043	0.02679	0.01823	0.02711	0.01541	0.01855	0.01129	0.00799	0.00815	0.00266	0.01211	0.00653	0.00371	0.01275
50	0.01905	0.03086	0.33493	0.02852	0.11818	0.01906	0.13809	0.02650	0.01920	0.06343	0.06955	0.02384	0.01802	0.00910	0.00966	0.00275	0.04435	0.00813	0.00470	0.01206
51	0.03093	0.02299	0.02478	0.01891	0.02579	0.02494	0.01559	0.56165	0.03785	0.05113	0.01992	0.02016	0.01429	0.00984	0.00830	0.00243	0.00907	0.00741	0.00818	0.08586
52	0.01141	0.00852	0.01147	0.04081	0.01458	0.00864	0.00886	0.01323	0.01665	0.02254	0.10830	0.50033	0.05232	0.08944	0.01466	0.00382	0.03941	0.02052	0.00741	0.00710
53	0.02963	0.19924	0.02900	0.02017	0.02524	0.51580	0.01599	0.03196	0.02249	0.02064	0.01284	0.01494	0.01095	0.00841	0.00715	0.00210	0.01386	0.00526	0.00421	0.01012
54	0.02372	0.05892	0.17356	0.01941	0.02577	0.17187	0.01816	0.18391	0.02440	0.03070	0.01907	0.05584	0.01640	0.05492	0.08201	0.00405	0.01270	0.00795	0.00551	0.01113
55	0.01035	0.00781	0.00957	0.01086	0.01211	0.00704	0.00749	0.01213	0.01752	0.02261	0.08337	0.49064	0.22812	0.02479	0.01059	0.00325	0.00472	0.02201	0.00796	0.00704
56	0.03200	0.03434	0.02465	0.02105	0.02634	0.42878	0.01634	0.25156	0.03002	0.03302	0.01586	0.01724	0.01227	0.00931	0.00799	0.00233	0.01312	0.00629	0.00592	0.01158
57	0.02936	0.03346	0.05933	0.02280	0.06252	0.38164	0.01746	0.16600	0.09117	0.03050	0.01734	0.01869	0.01347	0.00928	0.00803	0.00239	0.01264	0.00657	0.00571	0.01164
58	0.02190	0.59507	0.11184	0.01606	0.02354	0.03171	0.01666	0.02538	0.01714	0.02082	0.01218	0.01440	0.01092	0.00778	0.00697	0.00202	0.04606	0.00490	0.00364	0.01102
59	0.01127	0.00895	0.01031	0.01077	0.01330	0.00799	0.00861	0.01411	0.01996	0.02487	0.13500	0.08378	0.42091	0.02164	0.01052	0.00314	0.00524	0.17414	0.00804	0.00745
60	0.01894	0.02071	0.08587	0.30817	0.24190	0.05557	0.02332	0.02551	0.05159	0.02540	0.01701	0.02225	0.01328	0.00842	0.00827	0.00265	0.01066	0.00746	0.04179	0.01122
61	0.02034	0.38387	0.27275	0.02054	0.02994	0.02715	0.08798	0.02623	0.01785	0.02340	0.01371	0.01629	0.01109	0.00757	0.00695	0.00226	0.01098	0.00581	0.00370	0.01160
62	0.01997	0.01052	0.01351	0.01172	0.01534	0.00929	0.00916	0.02340	0.02328	0.22877	0.34403	0.05606	0.16849	0.01601	0.00957	0.00270	0.00510	0.01371	0.00946	0.00992
63	0.02052	0.01966	0.03356	0.12089	0.58344	0.02008	0.02585	0.02564	0.01912	0.02714	0.01591	0.02124	0.01325	0.00768	0.00843	0.00256	0.01024	0.00758	0.00417	0.01304
64	0.01742	0.04177	0.59512	0.02624	0.06773	0.01988	0.06074	0.02692	0.01814	0.02701	0.01541	0.01837	0.01102	0.00801	0.00820	0.00270	0.01254	0.00654	0.00366	0.01257
65	0.01898	0.02022	0.02846	0.02319	0.02697	0.12617	0.19023	0.02286	0.01717	0.02226	0.01734	0.02452	0.01518	0.02874	0.24302	0.00670	0.14578	0.00846	0.00430	0.00944
66	0.01206	0.00907	0.00990	0.00983	0.01277	0.00779	0.00765	0.01455	0.01989	0.05785	0.10309	0.07978	0.52108	0.02099	0.01016	0.00297	0.00484	0.07992	0.00810	0.00769
67	0.01679	0.01448	0.01683	0.17220	0.02651	0.05029	0.01331	0.05700	0.12827	0.02714	0.03891	0.04086	0.17572	0.01877	0.08207	0.00392	0.00933	0.01065	0.08742	0.00953
68	0.24054	0.06319	0.02093	0.08937	0.02525	0.24680	0.01444	0.02744	0.04256	0.02644	0.01458	0.01817	0.01209	0.01415	0.07159	0.00359	0.04859	0.00602	0.00469	0.00958
69	0.01230	0.00836	0.00978	0.00962	0.01010	0.00820	0.00584	0.01325	0.01517	0.02070	0.17382	0.05757	0.04271	0.53794	0.03538	0.00692	0.00724	0.01309	0.00616	0.00584
70	0.02106	0.02022	0.03454	0.05223	0.64784	0.02022	0.02612	0.02612	0.01938	0.02780	0.01601	0.02106	0.01348	0.00758	0.00842	0.00253	0.01011	0.00758	0.00421	0.01348
71	0.01867	0.23066	0.48423	0.02152	0.03261	0.02369	0.02668	0.02654	0.01778	0.02500	0.01430	0.01675	0.01082	0.00786	0.00735	0.00245	0.01160	0.00580	0.00361	0.01211
72	0.02013	0.01645	0.02109	0.01816	0.02075	0.02016	0.01480	0.19420	0.02120	0.02993	0.01841	0.02491	0.01607	0.03255	0.27089	0.00725	0.22927	0.00816	0.00545	0.01016
73	0.01177	0.00859	0.01129	0.01245	0.01401	0.00811	0.00961	0.01466	0.01941	0.02579	0.18251	0.29699	0.12487	0.02304	0.01087	0.00337	0.00558	0.20140	0.00820	0.00748
74	0.01707	0.04402	0.65683	0.02426	0.03683	0.01976	0.03144	0.02695	0.01797	0.02695	0.01527	0.01797	0.01078	0.00809	0.00809	0.00270	0.01258	0.00629	0.00359	0.01258
75	0.07013	0.03241	0.02692	0.03138	0.23238	0.41459	0.01924	0.03085	0.02199	0.02414	0.01403	0.01716	0.01170	0.00832	0.00778	0.00233	0.01310	0.00613	0.00438	0.01103
76	0.01861	0.02642	0.18938	0.14074	0.04381	0.02091	0.34465	0.02589	0.01868	0.02589	0.01607	0.02148	0.01204	0.00804	0.01030	0.00287	0.05033	0.00859	0.00401	0.01128
77	0.01087	0.00877	0.00975	0.00983	0.01242	0.00765	0.00758	0.01361	0.02040	0.02558	0.19775	0.07962	0.46183	0.02090	0.01024	0.00295	0.00463	0.08000	0.00820	0.00743
78	0.02079	0.01972	0.03235	0.08452	0.54560	0.02025	0.02459	0.02795	0.08624	0.02831	0.01799	0.02232	0.01472	0.00807	0.00846	0.00258	0.00981	0.00780	0.00467	0.01325
79	0.05210	0.50253	0.13465	0.01660	0.02442	0.06538	0.01712	0.05970	0.01894	0.02374	0.01292	0.01479	0.01103	0.00768	0.00615	0.00205	0.00989	0.00505	0.00401	0.01125
80	0.01027	0.00869	0.00892	0.00903	0.01185	0.00734	0.00689	0.01253	0.01941	0.02313	0.08382	0.08272	0.60985	0.02167	0.01016	0.00293	0.00452	0.05117	0.00790	0.00722
81	0.02209	0.02566	0.10248	0.04496	0.49448	0.10884	0.02538	0.02729	0.01987	0.02675	0.01553	0.01993	0.01283	0.00780	0.00828	0.00250	0.01110	0.00715	0.00417	0.01288
82	0.02693	0.02780	0.02096	0.01847	0.02270	0.33344	0.01427	0.16893	0.02549	0.02966	0.01808	0.02134	0.01469	0.01835	0.11687	0.00416	0.01391	0.00687	0.08668	0.01038
83	0.02136	0.02401	0.22290	0.02101	0.09415	0.01581	0.01892	0.09055	0.02236	0.14760	0.06641	0.03706	0.15691	0.01216	0.00879	0.00269	0.00869	0.01004	0.00675	0.01183
84	0.01523	0.01150	0.01402	0.01506	0.05020	0.01126	0.01137	0.02164	0.11647	0.06230	0.05766	0.07231	0.28024	0.01923	0.01022	0.00319	0.00634	0.20466	0.00795	0.00915
85	0.02202	0.28613	0.23858	0.01877	0.02725	0.02580	0.02012	0.13900	0.05161	0.02941	0.01633	0.01837	0.01288	0.01156	0.04508	0.00298	0.01096	0.00622	0.00485	0.01207
86	0.01873	0.01371	0.01551	0.01458	0.01844	0.01444	0.01155	0.03105	0.29367	0.09790	0.04837	0.08925	0.16810	0.01648	0.00960	0.00306	0.00634	0.10983	0.00852	0.01088
87	0.03179	0.04056	0.02412	0.02192	0.02631	0.66676	0.01644	0.03398	0.02412	0.02083	0.01315	0.01535	0.01096	0.00877	0.00767	0.00219	0.01535	0.00548	0.00438	0.00987
88	0.02018	0.01932	0.03294	0.16375	0.54324	0.01999	0.02568	0.02534	0.01896	0.02673	0.01585	0.02135	0.01310	0.00775	0.00844	0.00258	0.01033	0.00758	0.00414	0.01277
89	0.01919	0.01829	0.03086	0.21638	0.46007	0.01922	0.02448	0.02427	0.01875	0.02596	0.01928	0.02453	0.04442	0.00853	0.00853	0.00263	0.01015	0.00810	0.00428	0.01210
90	0.02071	0.03921	0.50630	0.02314	0.03434	0.02134	0.02780	0.16823	0.02322	0.03331	0.01650	0.01855	0.01166	0.00859	0.00819	0.00266	0.01181	0.00662	0.00477	0.01303
91	0.01113	0.00894	0.01012	0.01061	0.01320	0.00792	0.00848	0.01385	0.01969	0.02421	0.10335	0.08474	0.45689	0.02187	0.01051	0.00314	0.00524	0.17075	0.00796	0.00740
92	0.02321	0.67244	0.04356	0.01493	0.02207	0.06564	0.01466	0.02591	0.01764	0.02006	0.01190	0.01374	0.01092	0.00736	0.00557	0.00184	0.00942	0.00460	0.00368	0.01087
93	0.05009	0.21201	0.47306	0.02122	0.03214	0.02329	0.02619	0.02649	0.01765	0.02566	0.01425	0.01669	0.01075	0.00787	0.00729	0.00247	0.01143	0.00577	0.00368	0.01201
94	0.02080	0.01995	0.03407	0.08543	0.61670	0.02015	0.02599	0.02589	0.01925	0.02748	0.01596	0.02115	0.01337	0.00763	0.00843	0.00254	0.01018	0.00758	0.00419	0.01327
95	0.01308	0.01050	0.01098	0.01045	0.01375	0.00982	0.00796	0.01913	0.12528	0.04853	0.10191	0.07048	0.48860	0.01923	0.00976	0.00286	0.00482	0.01606	0.00820	0.00857
96	0.02859	0.03969	0.16408	0.02221	0.02864	0.46109	0.01973	0.08974	0.02431	0.02539	0.01433	0.01642	0.01127	0.00876	0.00785	0.00234	0.01415	0.00587	0.00461	0.01092
97	0.02243	0.02572	0.19051	0.01954	0.02631	0.04585	0.01895	0.08499	0.12175	0.09806	0.02011	0.02165	0.01511	0.01012	0.01158	0.00266	0.13145	0.00721	0.00591	0.12008
98	0.01012	0.00837	0.00888	0.00929	0.01167	0.00713	0.00676	0.01214	0.01875	0.02273	0.07802	0.20967	0.52190	0.02262	0.01023	0.00299	0.00444	0.01926	0.00790	0.00713
99	0.02079	0.01534	0.01716	0.01519	0.01913	0.01716	0.01186	0.13104	0.27103	0.05847	0.02854	0.03131	0.02262	0.05758	0.13727	0.00506	0.01000	0.00906	0.11007	0.01134
100	0.01436	0.01209	0.01484	0.01693	0.08598	0.01204	0.01174	0.02165	0.14375	0.02658	0.05727	0.09229	0.29372	0.01860	0.01000	0.00309	0.00625	0.14189	0.00763	0.00930
101	0.03179	0.04056	0.02412	0.02192	0.02631	0.66676	0.01644	0.03398	0.02412	0.02083	0.01315	0.01535	0.01096	0.00877	0.00767	0.00219	0.01535	0.00548	0.00438	0.00987
102	0.02009	0.02296	0.05022	0.03587	0.04448	0.02152	0.61693	0.02726	0.02009	0.02726	0.01722	0.02296	0.01291	0.00717	0.01004	0.00287	0.01435	0.01004	0.00430	0.01148
103	0.02060	0.02093	0.06035	0.08749	0.58780	0.02012	0.02620	0.02590	0.01918	0.02741	0.01593	0.02103	0.01324	0.00766	0.00842	0.00255	0.01029	0.00753	0.00416	0.01321
