[name]
unknown

[dist]
# distance from previous block
# <min> <max>
2	102

[block]
# block no. 0 follows, 20 sequences, length 69
# corresponding to MSA columns:
# 115-183
name=unknown_A
#
# <colnr> <probs for GDERKNQSTAVLIFYWHMCP>
#	G	D	E	R	K	N	Q	S	T	A	V	L	I	F	Y	W	H	M	C	P
0	0.01995	0.02455	0.18111	0.04634	0.05056	0.06105	0.01846	0.05819	0.10584	0.05994	0.08388	0.08165	0.02621	0.05062	0.01211	0.00312	0.05244	0.00993	0.00624	0.04781
1	0.05852	0.07499	0.05740	0.05957	0.18639	0.08769	0.05766	0.02471	0.04380	0.02634	0.02826	0.09396	0.09437	0.01173	0.00856	0.00262	0.00951	0.01015	0.00538	0.05839
2	0.02077	0.11841	0.22835	0.02338	0.09274	0.09962	0.02116	0.02832	0.07888	0.02645	0.01841	0.05274	0.01552	0.00957	0.00871	0.00248	0.03760	0.00740	0.00479	0.10471
3	0.11322	0.21375	0.29187	0.05268	0.03036	0.02444	0.02201	0.05735	0.06726	0.02896	0.01610	0.01819	0.01235	0.00846	0.00729	0.00253	0.01044	0.00616	0.00459	0.01200
4	0.09306	0.10978	0.19384	0.01856	0.02539	0.10378	0.01868	0.05422	0.02020	0.02788	0.02301	0.06763	0.02196	0.01261	0.00848	0.00280	0.01026	0.13018	0.00546	0.05221
5	0.02670	0.10835	0.07899	0.08901	0.08084	0.32066	0.04603	0.06423	0.05775	0.02551	0.01583	0.01859	0.01265	0.00881	0.00801	0.00243	0.01304	0.00655	0.00476	0.01127
6	0.07801	0.02448	0.15560	0.02308	0.12636	0.07967	0.01822	0.02520	0.04281	0.02773	0.02173	0.05623	0.04667	0.01282	0.04466	0.00301	0.01023	0.00795	0.00507	0.19047
7	0.01342	0.01296	0.04999	0.01318	0.01748	0.00990	0.04011	0.01676	0.01910	0.02602	0.10753	0.20654	0.22069	0.01760	0.00946	0.00266	0.00605	0.01539	0.00710	0.18806
8	0.01833	0.02020	0.11596	0.04281	0.02397	0.01787	0.01558	0.03459	0.35078	0.03357	0.15774	0.03931	0.06611	0.01292	0.00914	0.00288	0.00732	0.01090	0.00798	0.01202
9	0.02332	0.69869	0.04571	0.01493	0.02239	0.03451	0.01493	0.02612	0.01772	0.02052	0.01213	0.01399	0.01119	0.00746	0.00560	0.00187	0.00933	0.00466	0.00373	0.01119
10	0.01783	0.07282	0.59339	0.02433	0.03640	0.02118	0.03087	0.02726	0.01816	0.02701	0.01531	0.01825	0.01107	0.00857	0.00909	0.00277	0.04292	0.00642	0.00369	0.01266
11	0.01647	0.01550	0.02616	0.67248	0.06008	0.01938	0.02422	0.02229	0.01744	0.02229	0.01550	0.02326	0.01163	0.00872	0.00872	0.00291	0.01163	0.00775	0.00388	0.00969
12	0.01268	0.00846	0.00951	0.00951	0.00951	0.00846	0.00529	0.01268	0.01268	0.01691	0.02748	0.05708	0.03171	0.69345	0.04440	0.00846	0.00846	0.01268	0.00529	0.00529
13	0.02008	0.02272	0.04936	0.03551	0.04391	0.02130	0.57681	0.02714	0.02039	0.02765	0.01920	0.05738	0.01550	0.00837	0.01034	0.00297	0.01421	0.01103	0.00460	0.01153
14	0.01226	0.00828	0.00964	0.01006	0.01016	0.00817	0.00586	0.01257	0.01351	0.01802	0.03173	0.18706	0.03707	0.55616	0.03754	0.00744	0.00776	0.01518	0.00586	0.00566
15	0.03195	0.08641	0.02615	0.02196	0.02665	0.61586	0.01672	0.03424	0.02424	0.02129	0.01339	0.01561	0.01123	0.00888	0.00771	0.00222	0.01529	0.00555	0.00444	0.01019
16	0.02332	0.69869	0.04571	0.01493	0.02239	0.03451	0.01493	0.02612	0.01772	0.02052	0.01213	0.01399	0.01119	0.00746	0.00560	0.00187	0.00933	0.00466	0.00373	0.01119
17	0.02939	0.02792	0.02866	0.03117	0.21812	0.19600	0.01984	0.27215	0.03000	0.03760	0.01751	0.01973	0.01354	0.00923	0.00846	0.00251	0.01150	0.00722	0.00620	0.01324
18	0.01059	0.00774	0.00997	0.01175	0.01255	0.00712	0.00792	0.01219	0.01708	0.02242	0.05284	0.61632	0.12605	0.02671	0.01104	0.00347	0.00498	0.02404	0.00810	0.00712
19	0.01515	0.00758	0.01136	0.01136	0.01136	0.00758	0.00758	0.01136	0.01136	0.01515	0.01515	0.02652	0.01515	0.03030	0.03409	0.74621	0.00758	0.00758	0.00379	0.00379
20	0.01976	0.02247	0.09758	0.04201	0.36091	0.01957	0.17405	0.02560	0.01957	0.02761	0.02001	0.09249	0.01805	0.00979	0.00929	0.00280	0.01116	0.01009	0.00468	0.01248
21	0.01952	0.02719	0.22152	0.13755	0.09531	0.02288	0.02463	0.07098	0.01849	0.02675	0.01471	0.01999	0.01186	0.01084	0.01529	0.00311	0.23637	0.00731	0.00423	0.01146
22	0.01608	0.01587	0.12277	0.01364	0.01823	0.01074	0.01272	0.02091	0.02303	0.10272	0.38927	0.05531	0.13232	0.01590	0.00977	0.00277	0.00606	0.01368	0.00852	0.00969
23	0.02034	0.01945	0.03315	0.20433	0.49798	0.02040	0.02615	0.02568	0.01927	0.02698	0.01619	0.02200	0.01328	0.00800	0.00866	0.00267	0.01067	0.00777	0.00421	0.01281
24	0.01948	0.01857	0.03159	0.30874	0.40032	0.02017	0.02572	0.02492	0.01886	0.02594	0.01603	0.02228	0.01291	0.00816	0.00867	0.00272	0.01088	0.00776	0.00414	0.01212
25	0.01807	0.10991	0.58852	0.02388	0.03623	0.02167	0.03051	0.02748	0.01835	0.02692	0.01530	0.01798	0.01106	0.00821	0.00802	0.00267	0.01254	0.00627	0.00369	0.01272
26	0.01767	0.04387	0.61365	0.02555	0.03821	0.02036	0.06557	0.02764	0.01854	0.02764	0.01577	0.01871	0.01118	0.00823	0.00840	0.00277	0.01300	0.00667	0.00373	0.01283
27	0.03316	0.02443	0.02618	0.02007	0.02705	0.02705	0.01658	0.60995	0.04101	0.05497	0.02094	0.02094	0.01483	0.01047	0.00873	0.00262	0.00960	0.00785	0.00873	0.01483
28	0.02096	0.02163	0.06777	0.10152	0.56023	0.02059	0.02686	0.02646	0.01959	0.02795	0.01629	0.02155	0.01349	0.00788	0.00862	0.00263	0.01060	0.00770	0.00425	0.01344
29	0.01974	0.01884	0.03206	0.27743	0.42961	0.02024	0.02585	0.02515	0.01899	0.02625	0.01608	0.02219	0.01303	0.00812	0.00867	0.00271	0.01082	0.00776	0.00416	0.01232
30	0.75506	0.01687	0.01282	0.01147	0.01687	0.01957	0.00945	0.02564	0.01484	0.03914	0.01215	0.01417	0.00945	0.00810	0.00540	0.00270	0.00675	0.00472	0.00540	0.00945
31	0.01031	0.00884	0.00884	0.00884	0.01178	0.00736	0.00663	0.01252	0.01988	0.02356	0.08837	0.08395	0.63549	0.02209	0.01031	0.00295	0.00442	0.01841	0.00810	0.00736
32	0.01127	0.00887	0.01017	0.00985	0.01237	0.00777	0.00739	0.01438	0.02216	0.02896	0.34657	0.07506	0.37392	0.02008	0.01030	0.00285	0.00427	0.01716	0.00881	0.00777
33	0.01246	0.00935	0.01402	0.01402	0.01558	0.01090	0.01090	0.01558	0.01402	0.02025	0.02336	0.03427	0.02181	0.06542	0.65888	0.01402	0.02336	0.00935	0.00467	0.00779
34	0.01063	0.00759	0.01012	0.01215	0.01265	0.00709	0.00810	0.01215	0.01670	0.02227	0.04808	0.68775	0.05769	0.02733	0.01113	0.00354	0.00506	0.02480	0.00810	0.00709
35	0.03195	0.02112	0.02373	0.01861	0.02499	0.02281	0.01527	0.42437	0.06963	0.16068	0.02448	0.02431	0.01733	0.01501	0.06076	0.00356	0.01014	0.00826	0.00879	0.01421
36	0.02043	0.23926	0.03005	0.01845	0.02163	0.08860	0.01583	0.02291	0.01603	0.02072	0.01433	0.02023	0.01348	0.02246	0.14901	0.00513	0.26083	0.00683	0.00403	0.00977
37	0.01139	0.00888	0.01033	0.00997	0.01244	0.00782	0.00748	0.01461	0.02243	0.02961	0.37764	0.07399	0.34245	0.01984	0.01030	0.00284	0.00426	0.01701	0.00890	0.00782
38	0.01945	0.01546	0.01823	0.01309	0.02077	0.01170	0.01050	0.02329	0.01853	0.06820	0.01672	0.01884	0.01348	0.00674	0.00661	0.00138	0.00652	0.00540	0.00553	0.69956
39	0.01057	0.00885	0.00920	0.00912	0.01194	0.00748	0.00684	0.01303	0.02051	0.02505	0.15958	0.08150	0.56335	0.02154	0.01031	0.00292	0.00438	0.01807	0.00830	0.00748
40	0.75506	0.01687	0.01282	0.01147	0.01687	0.01957	0.00945	0.02564	0.01484	0.03914	0.01215	0.01417	0.00945	0.00810	0.00540	0.00270	0.00675	0.00472	0.00540	0.00945
41	0.01063	0.00759	0.01012	0.01215	0.01265	0.00709	0.00810	0.01215	0.01670	0.02227	0.04808	0.68775	0.05769	0.02733	0.01113	0.00354	0.00506	0.02480	0.00810	0.00709
42	0.02583	0.02650	0.02150	0.01916	0.02354	0.26670	0.01482	0.12893	0.16394	0.03021	0.02195	0.02448	0.01767	0.02202	0.14815	0.00500	0.01430	0.00777	0.00625	0.01125
43	0.02168	0.01244	0.01580	0.01275	0.01776	0.01046	0.01008	0.02543	0.02278	0.21166	0.26788	0.04276	0.06855	0.01286	0.00881	0.00234	0.00573	0.01095	0.00869	0.21058
44	0.03471	0.02195	0.02464	0.01889	0.02581	0.02336	0.01561	0.46290	0.03685	0.20790	0.02443	0.02321	0.01659	0.01056	0.00874	0.00264	0.00903	0.00809	0.00926	0.01484
45	0.02014	0.01924	0.03278	0.22905	0.47486	0.02034	0.02605	0.02550	0.01918	0.02674	0.01615	0.02206	0.01320	0.00804	0.00866	0.00268	0.01072	0.00777	0.00419	0.01265
46	0.01055	0.00854	0.00938	0.00981	0.01209	0.00737	0.00711	0.01274	0.01949	0.02416	0.12224	0.22955	0.45046	0.02303	0.01051	0.00307	0.00455	0.01975	0.00822	0.00737
47	0.01702	0.01606	0.02714	0.60677	0.12154	0.01952	0.02450	0.02276	0.01770	0.02295	0.01560	0.02308	0.01186	0.00862	0.00871	0.00287	0.01149	0.00775	0.00392	0.01013
48	0.01750	0.04512	0.64825	0.02486	0.03775	0.02026	0.03223	0.02762	0.01842	0.02762	0.01565	0.01842	0.01105	0.00829	0.00829	0.00276	0.01289	0.00645	0.00368	0.01289
49	0.01082	0.00875	0.00898	0.00898	0.01129	0.00760	0.00634	0.01255	0.01834	0.02213	0.07528	0.07817	0.50574	0.16637	0.01763	0.00413	0.00529	0.01718	0.00750	0.00692
50	0.01268	0.00846	0.00951	0.00951	0.00951	0.00846	0.00529	0.01268	0.01268	0.01691	0.02748	0.05708	0.03171	0.69345	0.04440	0.00846	0.00846	0.01268	0.00529	0.00529
51	0.06867	0.02066	0.02174	0.01714	0.02302	0.02275	0.01403	0.45687	0.03492	0.04949	0.02202	0.02296	0.01609	0.01028	0.00800	0.00250	0.00830	0.00774	0.15964	0.01316
52	0.02213	0.02279	0.03687	0.04607	0.44401	0.07238	0.12948	0.02725	0.01996	0.02734	0.01608	0.02131	0.01335	0.00828	0.01016	0.00271	0.05460	0.00804	0.00432	0.01288
53	0.01246	0.00935	0.01402	0.01402	0.01558	0.01090	0.01090	0.01558	0.01402	0.02025	0.02336	0.03427	0.02181	0.06542	0.65888	0.01402	0.02336	0.00935	0.00467	0.00779
54	0.75506	0.01687	0.01282	0.01147	0.01687	0.01957	0.00945	0.02564	0.01484	0.03914	0.01215	0.01417	0.00945	0.00810	0.00540	0.00270	0.00675	0.00472	0.00540	0.00945
55	0.02507	0.14028	0.18662	0.01927	0.02796	0.02404	0.01927	0.26833	0.02763	0.03794	0.01724	0.01868	0.01295	0.00876	0.00772	0.00231	0.00988	0.00653	0.00603	0.13350
56	0.01110	0.00887	0.00993	0.00967	0.01227	0.00770	0.00725	0.01405	0.02175	0.02800	0.30067	0.07664	0.42042	0.02044	0.01030	0.00287	0.00430	0.01739	0.00868	0.00770
57	0.07438	0.47956	0.03696	0.01518	0.02185	0.06349	0.01415	0.09759	0.02080	0.02702	0.01459	0.01643	0.01242	0.00817	0.00613	0.00205	0.00910	0.00539	0.06356	0.01122
58	0.02091	0.02003	0.03418	0.13583	0.56206	0.02055	0.02643	0.02617	0.01954	0.02767	0.01629	0.02181	0.01353	0.00790	0.00865	0.00263	0.01053	0.00777	0.00426	0.01327
59	0.01066	0.00890	0.00932	0.00937	0.01219	0.00757	0.00712	0.01311	0.02028	0.02460	0.12996	0.08316	0.56217	0.02185	0.01039	0.00298	0.00457	0.04610	0.00822	0.00747
60	0.01871	0.01853	0.02600	0.02240	0.02249	0.02582	0.01862	0.02069	0.01340	0.02095	0.01212	0.01994	0.01204	0.01810	0.06424	0.00439	0.64052	0.00773	0.00387	0.00944
61	0.01063	0.00759	0.01012	0.01215	0.01265	0.00709	0.00810	0.01215	0.01670	0.02227	0.04808	0.68775	0.05769	0.02733	0.01113	0.00354	0.00506	0.02480	0.00810	0.00709
62	0.03258	0.04157	0.02472	0.02247	0.02697	0.65843	0.01685	0.03483	0.02472	0.02135	0.01348	0.01573	0.01124	0.00899	0.00787	0.00225	0.01573	0.00562	0.00449	0.01011
63	0.02029	0.01965	0.03421	0.20165	0.46120	0.02049	0.06360	0.02577	0.01933	0.02696	0.01627	0.02212	0.01325	0.00797	0.00876	0.00269	0.01095	0.00793	0.00422	0.01269
64	0.01573	0.00980	0.01151	0.01068	0.01392	0.00848	0.00815	0.01852	0.02164	0.13253	0.20013	0.10934	0.36784	0.01953	0.01009	0.00290	0.00491	0.01657	0.00890	0.00882
65	0.02339	0.05230	0.03535	0.04548	0.46522	0.12658	0.07110	0.02817	0.02063	0.02695	0.01585	0.02047	0.01324	0.00793	0.00852	0.00253	0.01155	0.00749	0.00433	0.01293
66	0.02385	0.38957	0.19536	0.01898	0.02731	0.13704	0.01975	0.05379	0.02012	0.02400	0.01365	0.01573	0.01133	0.00807	0.00681	0.00219	0.01134	0.00542	0.00407	0.01160
67	0.07014	0.30370	0.36473	0.01999	0.03020	0.02589	0.02378	0.02689	0.01790	0.02558	0.01401	0.01636	0.01100	0.00795	0.00702	0.00240	0.01105	0.00562	0.00382	0.01198
68	0.10748	0.22535	0.32376	0.02143	0.06383	0.02377	0.02297	0.02793	0.01833	0.06912	0.01556	0.01760	0.01178	0.00817	0.00723	0.00248	0.01063	0.00597	0.00442	0.01219

[dist]
# distance from previous block
# <min> <max>
2	31

[block]
# block no. 1 follows, 20 sequences, length 50
# corresponding to MSA columns:
# 215-264
name=unknown_B
#
# <colnr> <probs for GDERKNQSTAVLIFYWHMCP>
#	G	D	E	R	K	N	Q	S	T	A	V	L	I	F	Y	W	H	M	C	P
0	0.07470	0.02284	0.02995	0.07562	0.42698	0.12408	0.02256	0.02739	0.02008	0.02799	0.01629	0.02084	0.01348	0.00819	0.00813	0.00253	0.01068	0.00722	0.04810	0.01235
1	0.01959	0.02178	0.07003	0.13635	0.27727	0.10398	0.02119	0.02424	0.02005	0.02548	0.03001	0.03596	0.12339	0.01153	0.00900	0.00275	0.01031	0.04087	0.00509	0.01114
2	0.09566	0.01675	0.01388	0.01309	0.01615	0.14996	0.00985	0.02027	0.02209	0.02914	0.27511	0.08759	0.18541	0.01638	0.00929	0.00272	0.00703	0.01350	0.00762	0.00851
3	0.02131	0.02044	0.03490	0.08760	0.60718	0.02065	0.02663	0.02652	0.01973	0.02816	0.01636	0.02168	0.01370	0.00782	0.00864	0.00261	0.01043	0.00777	0.00429	0.01359
4	0.01246	0.00935	0.01402	0.01402	0.01558	0.01090	0.01090	0.01558	0.01402	0.02025	0.02336	0.03427	0.02181	0.06542	0.65888	0.01402	0.02336	0.00935	0.00467	0.00779
5	0.02165	0.02506	0.10786	0.03662	0.16982	0.02236	0.32603	0.08604	0.02184	0.03035	0.01713	0.02204	0.01318	0.00832	0.01064	0.00287	0.05203	0.00893	0.00471	0.01251
6	0.02332	0.69869	0.04571	0.01493	0.02239	0.03451	0.01493	0.02612	0.01772	0.02052	0.01213	0.01399	0.01119	0.00746	0.00560	0.00187	0.00933	0.00466	0.00373	0.01119
7	0.75506	0.01687	0.01282	0.01147	0.01687	0.01957	0.00945	0.02564	0.01484	0.03914	0.01215	0.01417	0.00945	0.00810	0.00540	0.00270	0.00675	0.00472	0.00540	0.00945
8	0.01246	0.00935	0.01402	0.01402	0.01558	0.01090	0.01090	0.01558	0.01402	0.02025	0.02336	0.03427	0.02181	0.06542	0.65888	0.01402	0.02336	0.00935	0.00467	0.00779
9	0.01109	0.00887	0.00992	0.00965	0.01226	0.00770	0.00724	0.01403	0.02172	0.02793	0.29720	0.07676	0.42394	0.02046	0.01030	0.00287	0.00430	0.01740	0.00867	0.00770
10	0.01750	0.04512	0.64825	0.02486	0.03775	0.02026	0.03223	0.02762	0.01842	0.02762	0.01565	0.01842	0.01105	0.00829	0.00829	0.00276	0.01289	0.00645	0.00368	0.01289
11	0.01268	0.00846	0.00951	0.00951	0.00951	0.00846	0.00529	0.01268	0.01268	0.01691	0.02748	0.05708	0.03171	0.69345	0.04440	0.00846	0.00846	0.01268	0.00529	0.00529
12	0.01222	0.04473	0.01243	0.01151	0.01301	0.00935	0.00827	0.01433	0.01805	0.02399	0.16043	0.28931	0.12159	0.14068	0.04618	0.00459	0.00661	0.04788	0.00751	0.00733
13	0.03078	0.10881	0.06402	0.02157	0.02713	0.48766	0.01753	0.09505	0.02536	0.02523	0.01427	0.01627	0.01161	0.00895	0.00774	0.00228	0.01423	0.00581	0.00482	0.01090
14	0.02159	0.02073	0.03541	0.05354	0.63903	0.02073	0.02677	0.02677	0.01986	0.02850	0.01641	0.02159	0.01382	0.00777	0.00864	0.00259	0.01036	0.00777	0.00432	0.01382
15	0.02127	0.02040	0.03483	0.09228	0.60280	0.02064	0.02661	0.02649	0.01971	0.02811	0.01635	0.02169	0.01368	0.00783	0.00864	0.00261	0.01044	0.00777	0.00429	0.01356
16	0.02332	0.69869	0.04571	0.01493	0.02239	0.03451	0.01493	0.02612	0.01772	0.02052	0.01213	0.01399	0.01119	0.00746	0.00560	0.00187	0.00933	0.00466	0.00373	0.01119
17	0.03914	0.01484	0.02024	0.01552	0.02227	0.01282	0.01282	0.04251	0.02497	0.64507	0.03441	0.02969	0.02159	0.01080	0.00877	0.00270	0.00742	0.00877	0.01080	0.01484
18	0.01235	0.01049	0.01299	0.01555	0.08905	0.00946	0.01040	0.01524	0.01992	0.02462	0.07210	0.07896	0.45547	0.02071	0.01042	0.00309	0.00579	0.11750	0.00763	0.00827
19	0.02342	0.02467	0.03211	0.11307	0.44477	0.15842	0.02435	0.02803	0.02065	0.02629	0.01568	0.02050	0.01302	0.00814	0.00848	0.00255	0.01166	0.00730	0.00431	0.01257
20	0.02018	0.01069	0.01394	0.01211	0.01567	0.00952	0.00944	0.02387	0.02426	0.21708	0.39569	0.05651	0.12327	0.01617	0.00983	0.00275	0.00514	0.01395	0.00980	0.01013
21	0.01595	0.03424	0.45697	0.02069	0.03032	0.01664	0.02502	0.02427	0.02030	0.02983	0.20158	0.03246	0.03246	0.01116	0.00889	0.00276	0.01025	0.00925	0.00546	0.01149
22	0.02226	0.01965	0.03009	0.26866	0.29852	0.02161	0.02365	0.15143	0.02357	0.03200	0.01706	0.02205	0.01325	0.00870	0.00869	0.00271	0.01065	0.00778	0.00511	0.01255
23	0.01395	0.01094	0.01301	0.01383	0.01567	0.01148	0.00981	0.02242	0.19896	0.02654	0.04430	0.49088	0.04836	0.02267	0.01046	0.00337	0.00561	0.02031	0.00833	0.00910
24	0.01063	0.00759	0.01012	0.01215	0.01265	0.00709	0.00810	0.01215	0.01670	0.02227	0.04808	0.68775	0.05769	0.02733	0.01113	0.00354	0.00506	0.02480	0.00810	0.00709
25	0.03258	0.04157	0.02472	0.02247	0.02697	0.65843	0.01685	0.03483	0.02472	0.02135	0.01348	0.01573	0.01124	0.00899	0.00787	0.00225	0.01573	0.00562	0.00449	0.01011
26	0.03258	0.04157	0.02472	0.02247	0.02697	0.65843	0.01685	0.03483	0.02472	0.02135	0.01348	0.01573	0.01124	0.00899	0.00787	0.00225	0.01573	0.00562	0.00449	0.01011
27	0.02057	0.02313	0.04925	0.03698	0.07801	0.02223	0.54325	0.02751	0.02016	0.02760	0.01725	0.02318	0.01317	0.00780	0.01117	0.00297	0.04961	0.01001	0.00437	0.01176
28	0.01475	0.01164	0.01425	0.01402	0.01737	0.01093	0.01113	0.02062	0.09618	0.02679	0.04234	0.21346	0.09236	0.01931	0.01006	0.00308	0.00651	0.19923	0.00754	0.16844
29	0.01031	0.00884	0.00884	0.00884	0.01178	0.00736	0.00663	0.01252	0.01988	0.02356	0.08837	0.08395	0.63549	0.02209	0.01031	0.00295	0.00442	0.01841	0.00810	0.00736
30	0.59902	0.01850	0.01571	0.01333	0.01907	0.02119	0.01099	0.15194	0.02050	0.04256	0.01405	0.01563	0.01061	0.00861	0.00612	0.00268	0.00736	0.00540	0.00612	0.01061
31	0.75506	0.01687	0.01282	0.01147	0.01687	0.01957	0.00945	0.02564	0.01484	0.03914	0.01215	0.01417	0.00945	0.00810	0.00540	0.00270	0.00675	0.00472	0.00540	0.00945
32	0.02159	0.02073	0.03541	0.05354	0.63903	0.02073	0.02677	0.02677	0.01986	0.02850	0.01641	0.02159	0.01382	0.00777	0.00864	0.00259	0.01036	0.00777	0.00432	0.01382
33	0.02159	0.02073	0.03541	0.05354	0.63903	0.02073	0.02677	0.02677	0.01986	0.02850	0.01641	0.02159	0.01382	0.00777	0.00864	0.00259	0.01036	0.00777	0.00432	0.01382
34	0.01647	0.01550	0.02616	0.67248	0.06008	0.01938	0.02422	0.02229	0.01744	0.02229	0.01550	0.02326	0.01163	0.00872	0.00872	0.00291	0.01163	0.00775	0.00388	0.00969
35	0.02237	0.02220	0.03465	0.05134	0.59572	0.06585	0.02607	0.02734	0.02021	0.02799	0.01620	0.02117	0.01363	0.00786	0.00858	0.00257	0.01074	0.00762	0.00433	0.01355
36	0.03258	0.04157	0.02472	0.02247	0.02697	0.65843	0.01685	0.03483	0.02472	0.02135	0.01348	0.01573	0.01124	0.00899	0.00787	0.00225	0.01573	0.00562	0.00449	0.01011
37	0.01103	0.00899	0.00990	0.01039	0.01302	0.00785	0.00811	0.01354	0.01973	0.02397	0.07804	0.12217	0.49113	0.02278	0.01069	0.00318	0.00514	0.12476	0.00809	0.00747
38	0.01102	0.00798	0.01042	0.01167	0.01269	0.00738	0.00804	0.01321	0.01882	0.02541	0.19191	0.50179	0.09786	0.02473	0.01088	0.00331	0.00479	0.02224	0.00846	0.00738
39	0.01647	0.01550	0.02616	0.67248	0.06008	0.01938	0.02422	0.02229	0.01744	0.02229	0.01550	0.02326	0.01163	0.00872	0.00872	0.00291	0.01163	0.00775	0.00388	0.00969
40	0.02018	0.34666	0.37025	0.02028	0.03066	0.02684	0.02425	0.02693	0.01810	0.02435	0.01403	0.01638	0.01112	0.00791	0.00705	0.00235	0.01125	0.00562	0.00371	0.01211
41	0.02618	0.02668	0.02508	0.02295	0.06062	0.23012	0.01735	0.16214	0.02393	0.02937	0.01589	0.02021	0.01342	0.01708	0.08407	0.00406	0.19730	0.00722	0.00530	0.01102
42	0.01268	0.00846	0.00951	0.00951	0.00951	0.00846	0.00529	0.01268	0.01268	0.01691	0.02748	0.05708	0.03171	0.69345	0.04440	0.00846	0.00846	0.01268	0.00529	0.00529
43	0.01515	0.00758	0.01136	0.01136	0.01136	0.00758	0.00758	0.01136	0.01136	0.01515	0.01515	0.02652	0.01515	0.03030	0.03409	0.74621	0.00758	0.00758	0.00379	0.00379
44	0.01908	0.01908	0.02672	0.02290	0.02290	0.02672	0.01908	0.02099	0.01336	0.02099	0.01145	0.01908	0.01145	0.01527	0.02863	0.00382	0.67748	0.00763	0.00382	0.00954
45	0.01047	0.00819	0.00950	0.01055	0.01223	0.00722	0.00739	0.01233	0.01824	0.02289	0.06755	0.39589	0.33699	0.02480	0.01074	0.00325	0.00475	0.02171	0.00810	0.00722
46	0.02159	0.02073	0.03541	0.05354	0.63903	0.02073	0.02677	0.02677	0.01986	0.02850	0.01641	0.02159	0.01382	0.00777	0.00864	0.00259	0.01036	0.00777	0.00432	0.01382
47	0.01216	0.00898	0.01304	0.01338	0.01465	0.01008	0.01003	0.01479	0.01438	0.02036	0.02787	0.14728	0.02863	0.10337	0.50498	0.01184	0.01919	0.01222	0.00530	0.00749
48	0.01046	0.00823	0.00946	0.01043	0.01220	0.00723	0.00734	0.01234	0.01835	0.02294	0.06891	0.37559	0.35641	0.02462	0.01071	0.00323	0.00473	0.02149	0.00810	0.00723
49	0.02159	0.02073	0.03541	0.05354	0.63903	0.02073	0.02677	0.02677	0.01986	0.02850	0.01641	0.02159	0.01382	0.00777	0.00864	0.00259	0.01036	0.00777	0.00432	0.01382

[dist]
# distance from previous block
# <min> <max>
0	1

[block]
# block no. 2 follows, 20 sequences, length 49
# corresponding to MSA columns:
# 266-314
name=unknown_C
#
# <colnr> <probs for GDERKNQSTAVLIFYWHMCP>
#	G	D	E	R	K	N	Q	S	T	A	V	L	I	F	Y	W	H	M	C	P
0	0.03174	0.03835	0.02500	0.02226	0.02670	0.55276	0.01697	0.09181	0.02560	0.02471	0.01410	0.01648	0.01161	0.00956	0.00934	0.00239	0.05922	0.00598	0.00488	0.01055
1	0.01302	0.00885	0.01064	0.01113	0.01163	0.00885	0.00746	0.01402	0.01452	0.01919	0.03211	0.06731	0.03629	0.52779	0.03639	0.00736	0.00835	0.15317	0.00597	0.00597
2	0.01937	0.01660	0.01938	0.02028	0.08608	0.01848	0.01395	0.03706	0.42776	0.03319	0.06593	0.14213	0.03326	0.01429	0.00930	0.00301	0.00682	0.01243	0.00830	0.01241
3	0.01515	0.00758	0.01136	0.01136	0.01136	0.00758	0.00758	0.01136	0.01136	0.01515	0.01515	0.02652	0.01515	0.03030	0.03409	0.74621	0.00758	0.00758	0.00379	0.00379
4	0.03281	0.03488	0.02529	0.02153	0.02700	0.41206	0.01675	0.25924	0.03108	0.03447	0.01639	0.01776	0.01264	0.00957	0.00820	0.00239	0.01334	0.00649	0.00615	0.01195
5	0.02394	0.65490	0.04431	0.01543	0.02269	0.07610	0.01505	0.02670	0.01819	0.02058	0.01222	0.01411	0.01120	0.00756	0.00575	0.00189	0.00976	0.00473	0.00378	0.01112
6	0.01056	0.00786	0.00984	0.01143	0.01246	0.00715	0.00778	0.01223	0.01739	0.02255	0.05683	0.55661	0.18319	0.02619	0.01095	0.00341	0.00492	0.02341	0.00810	0.00715
7	0.01179	0.00912	0.01090	0.01111	0.01356	0.00823	0.00877	0.01502	0.02150	0.02786	0.25847	0.08092	0.32676	0.02113	0.01068	0.00311	0.00510	0.13959	0.00858	0.00779
8	0.03316	0.02443	0.02618	0.02007	0.02705	0.02705	0.01658	0.60995	0.04101	0.05497	0.02094	0.02094	0.01483	0.01047	0.00873	0.00262	0.00960	0.00785	0.00873	0.01483
9	0.03316	0.02443	0.02618	0.02007	0.02705	0.02705	0.01658	0.60995	0.04101	0.05497	0.02094	0.02094	0.01483	0.01047	0.00873	0.00262	0.00960	0.00785	0.00873	0.01483
10	0.01944	0.01219	0.01524	0.01286	0.01679	0.01129	0.01006	0.08316	0.02574	0.13445	0.40813	0.04984	0.05812	0.01472	0.00947	0.00257	0.00547	0.01269	0.00923	0.08853
11	0.01072	0.00766	0.01021	0.01208	0.01267	0.00715	0.00810	0.01238	0.01714	0.02296	0.08008	0.65377	0.05904	0.02681	0.01109	0.00350	0.00501	0.02431	0.00818	0.00715
12	0.01221	0.00900	0.01299	0.01329	0.01454	0.01009	0.00993	0.01478	0.01428	0.02022	0.02744	0.13355	0.02812	0.12195	0.50187	0.01191	0.01917	0.01197	0.00524	0.00744
13	0.01647	0.01550	0.02616	0.67248	0.06008	0.01938	0.02422	0.02229	0.01744	0.02229	0.01550	0.02326	0.01163	0.00872	0.00872	0.00291	0.01163	0.00775	0.00388	0.00969
14	0.02792	0.03369	0.02617	0.16696	0.09925	0.45180	0.01951	0.03125	0.02262	0.02231	0.01423	0.01799	0.01160	0.00880	0.00813	0.00243	0.01427	0.00631	0.00434	0.01041
15	0.01152	0.00923	0.01053	0.01118	0.01382	0.00823	0.00903	0.01432	0.01995	0.02439	0.07472	0.08862	0.44612	0.02274	0.01087	0.00329	0.00559	0.20022	0.00808	0.00758
16	0.03316	0.02443	0.02618	0.02007	0.02705	0.02705	0.01658	0.60995	0.04101	0.05497	0.02094	0.02094	0.01483	0.01047	0.00873	0.00262	0.00960	0.00785	0.00873	0.01483
17	0.01647	0.01550	0.02616	0.67248	0.06008	0.01938	0.02422	0.02229	0.01744	0.02229	0.01550	0.02326	0.01163	0.00872	0.00872	0.00291	0.01163	0.00775	0.00388	0.00969
18	0.02258	0.02344	0.03709	0.04729	0.46972	0.08878	0.12767	0.02783	0.02051	0.02764	0.01631	0.02131	0.01344	0.00783	0.00884	0.00262	0.01170	0.00799	0.00435	0.01306
19	0.02161	0.50722	0.22223	0.01784	0.02689	0.03034	0.01999	0.02656	0.01793	0.02260	0.01316	0.01529	0.01115	0.00770	0.00639	0.00213	0.01037	0.00519	0.00372	0.01169
20	0.02072	0.02025	0.03574	0.14379	0.48983	0.02067	0.08814	0.02623	0.01958	0.02751	0.01641	0.02204	0.01343	0.00787	0.00882	0.00267	0.01101	0.00804	0.00426	0.01299
21	0.01157	0.00806	0.00977	0.01075	0.01115	0.00774	0.00671	0.01242	0.01500	0.01985	0.04065	0.36321	0.07612	0.33619	0.02653	0.00579	0.00660	0.01884	0.00679	0.00626
22	0.02348	0.02500	0.03392	0.03564	0.24054	0.14395	0.16573	0.03286	0.15204	0.02872	0.02030	0.02332	0.01596	0.00878	0.00895	0.00269	0.01172	0.00844	0.00536	0.01259
23	0.01591	0.01442	0.02016	0.01830	0.01874	0.01895	0.01459	0.01791	0.01385	0.02061	0.02004	0.10388	0.02113	0.08742	0.18393	0.00671	0.37983	0.01049	0.00465	0.00846
24	0.03726	0.01786	0.02211	0.01695	0.02377	0.01729	0.01400	0.22076	0.03001	0.45970	0.03018	0.02694	0.01947	0.01069	0.00876	0.00267	0.00811	0.00848	0.01015	0.01484
25	0.01085	0.00768	0.01006	0.01187	0.01232	0.00723	0.00780	0.01220	0.01627	0.02170	0.04589	0.62068	0.05493	0.09817	0.01467	0.00407	0.00542	0.02351	0.00780	0.00689
26	0.02159	0.02073	0.03541	0.05354	0.63903	0.02073	0.02677	0.02677	0.01986	0.02850	0.01641	0.02159	0.01382	0.00777	0.00864	0.00259	0.01036	0.00777	0.00432	0.01382
27	0.02701	0.29383	0.03188	0.01801	0.02396	0.24431	0.01522	0.11625	0.05369	0.02693	0.02014	0.02120	0.05412	0.00962	0.00732	0.00223	0.01111	0.00664	0.00528	0.01124
28	0.01406	0.01004	0.01406	0.01606	0.01807	0.01004	0.01406	0.01807	0.02008	0.02610	0.04618	0.09839	0.05020	0.02410	0.01205	0.00402	0.00803	0.58032	0.00803	0.00803
29	0.01246	0.00935	0.01402	0.01402	0.01558	0.01090	0.01090	0.01558	0.01402	0.02025	0.02336	0.03427	0.02181	0.06542	0.65888	0.01402	0.02336	0.00935	0.00467	0.00779
30	0.02159	0.02073	0.03541	0.05354	0.63903	0.02073	0.02677	0.02677	0.01986	0.02850	0.01641	0.02159	0.01382	0.00777	0.00864	0.00259	0.01036	0.00777	0.00432	0.01382
31	0.18506	0.02310	0.02382	0.01957	0.02547	0.10213	0.07705	0.17794	0.20816	0.03884	0.02218	0.02262	0.01663	0.00985	0.00811	0.00273	0.00947	0.00776	0.00706	0.01244
32	0.01246	0.00935	0.01402	0.01402	0.01558	0.01090	0.01090	0.01558	0.01402	0.02025	0.02336	0.03427	0.02181	0.06542	0.65888	0.01402	0.02336	0.00935	0.00467	0.00779
33	0.01868	0.17784	0.52589	0.02284	0.03463	0.02315	0.02871	0.02732	0.01828	0.02618	0.01494	0.01752	0.01108	0.00812	0.00774	0.00258	0.01217	0.00608	0.00369	0.01255
34	0.02414	0.14149	0.23905	0.02602	0.08511	0.02143	0.13958	0.03060	0.02028	0.16068	0.01960	0.02142	0.01404	0.00846	0.00837	0.00262	0.01125	0.00754	0.00544	0.01289
35	0.01252	0.00913	0.01290	0.01290	0.01408	0.01030	0.00951	0.01486	0.01369	0.01942	0.02438	0.03991	0.02426	0.22085	0.50680	0.01264	0.01968	0.01017	0.00482	0.00717
36	0.01097	0.00801	0.01032	0.01154	0.01264	0.00736	0.00797	0.01312	0.01877	0.02517	0.17972	0.48831	0.12449	0.02471	0.01086	0.00331	0.00479	0.02216	0.00842	0.00736
37	0.01883	0.14046	0.46889	0.02513	0.03660	0.02267	0.11492	0.02744	0.01863	0.02660	0.01542	0.01851	0.01140	0.00802	0.00818	0.00265	0.01262	0.00675	0.00380	0.01247
38	0.02132	0.02094	0.03335	0.15304	0.51303	0.05327	0.02585	0.02645	0.01972	0.02712	0.01611	0.02156	0.01333	0.00799	0.00861	0.00262	0.01085	0.00766	0.00425	0.01295
39	0.02810	0.03288	0.02279	0.02182	0.06270	0.44227	0.01568	0.08836	0.02522	0.02556	0.02737	0.02842	0.11976	0.01133	0.00842	0.00243	0.01282	0.00819	0.00553	0.01034
40	0.14168	0.01856	0.04580	0.04974	0.02130	0.12430	0.01337	0.02284	0.01999	0.05780	0.04106	0.05539	0.16856	0.01610	0.00929	0.00305	0.00869	0.16660	0.00671	0.00913
41	0.20714	0.15886	0.13092	0.02016	0.05521	0.15016	0.01792	0.04815	0.01897	0.02820	0.01344	0.01628	0.01103	0.00901	0.00916	0.00257	0.08167	0.00575	0.00451	0.01091
42	0.02542	0.12337	0.03099	0.03124	0.24712	0.08657	0.01978	0.19208	0.02605	0.03387	0.01994	0.02787	0.01733	0.01035	0.00850	0.00261	0.01028	0.06801	0.00589	0.01273
43	0.02323	0.17250	0.14667	0.02563	0.13412	0.09168	0.02055	0.03109	0.11257	0.06499	0.01862	0.02069	0.01469	0.00949	0.00986	0.00262	0.07652	0.00700	0.00515	0.01233
44	0.08602	0.09564	0.02750	0.02615	0.14801	0.15274	0.01791	0.02815	0.07923	0.02576	0.01841	0.02182	0.03748	0.01094	0.01320	0.00282	0.18498	0.00733	0.00486	0.01104
45	0.17284	0.02350	0.05617	0.07084	0.24267	0.13620	0.01924	0.04710	0.02031	0.02994	0.05656	0.02237	0.01712	0.01141	0.03606	0.00308	0.01093	0.00729	0.00503	0.01134
46	0.02161	0.05059	0.09676	0.03866	0.36203	0.07600	0.02354	0.02865	0.08037	0.02766	0.01910	0.02551	0.01628	0.00970	0.00995	0.00275	0.05504	0.03824	0.00487	0.01270
47	0.02185	0.02228	0.02311	0.09471	0.16026	0.17991	0.01712	0.05900	0.08346	0.02876	0.12395	0.06718	0.05745	0.01212	0.00896	0.00267	0.00988	0.01017	0.00626	0.01091
48	0.01750	0.01571	0.02426	0.09651	0.23430	0.01578	0.05469	0.05997	0.02110	0.02785	0.04129	0.05053	0.19418	0.01442	0.00972	0.00295	0.00870	0.09371	0.00618	0.01067

[dist]
# distance from previous block
# <min> <max>
2	39

[block]
# block no. 3 follows, 20 sequences, length 23
# corresponding to MSA columns:
# 366-388
name=unknown_D
#
# <colnr> <probs for GDERKNQSTAVLIFYWHMCP>
#	G	D	E	R	K	N	Q	S	T	A	V	L	I	F	Y	W	H	M	C	P
0	0.06667	0.02004	0.02907	0.04075	0.42411	0.05420	0.02219	0.02799	0.08090	0.02926	0.02178	0.03188	0.01942	0.01039	0.00886	0.00280	0.00978	0.08196	0.00534	0.01259
1	0.12408	0.01474	0.02136	0.02815	0.25657	0.01542	0.01604	0.02106	0.01740	0.02717	0.06335	0.03306	0.06105	0.06774	0.18946	0.00615	0.01250	0.00927	0.00522	0.01021
2	0.02451	0.01907	0.02175	0.01969	0.07773	0.01985	0.01439	0.32555	0.05777	0.04130	0.03473	0.06797	0.13417	0.01293	0.00891	0.00260	0.00800	0.01053	0.00781	0.09074
3	0.02037	0.01582	0.01950	0.12630	0.02628	0.01762	0.01428	0.23170	0.02539	0.03377	0.03197	0.15627	0.08492	0.05535	0.07031	0.00425	0.03603	0.01245	0.00699	0.01043
4	0.01999	0.04561	0.11354	0.10204	0.02776	0.01830	0.01673	0.15898	0.09068	0.03502	0.15029	0.09074	0.03277	0.01281	0.00899	0.00273	0.00835	0.01077	0.00713	0.04676
5	0.06896	0.01887	0.02772	0.11117	0.33276	0.01975	0.02086	0.07392	0.09188	0.03119	0.02025	0.05740	0.01712	0.00954	0.00845	0.00264	0.00925	0.00854	0.00549	0.06426
6	0.11828	0.02360	0.02948	0.10806	0.38133	0.14066	0.02238	0.02767	0.01987	0.02787	0.01521	0.01970	0.01253	0.00814	0.00808	0.00257	0.01104	0.00697	0.00444	0.01211
7	0.20618	0.06416	0.02464	0.02323	0.13841	0.08345	0.05150	0.07793	0.02111	0.03290	0.07604	0.02250	0.01897	0.00897	0.00751	0.00239	0.00895	0.00716	0.00561	0.11840
8	0.02342	0.02107	0.02017	0.01757	0.02132	0.13346	0.01385	0.19335	0.06838	0.03367	0.09197	0.03974	0.06513	0.08084	0.01474	0.00344	0.07921	0.06090	0.00712	0.01064
9	0.02233	0.01899	0.01938	0.02139	0.13317	0.13596	0.01376	0.02797	0.08060	0.09080	0.05933	0.03456	0.10087	0.01146	0.00820	0.00245	0.00822	0.00938	0.15939	0.04179
10	0.02006	0.01855	0.02845	0.09474	0.36525	0.01787	0.02083	0.02593	0.05090	0.02834	0.01706	0.02124	0.01402	0.00767	0.00799	0.00224	0.00910	0.00708	0.00478	0.23791
11	0.01063	0.00759	0.01012	0.01215	0.01265	0.00709	0.00810	0.01215	0.01670	0.02227	0.04808	0.68775	0.05769	0.02733	0.01113	0.00354	0.00506	0.02480	0.00810	0.00709
12	0.02556	0.02868	0.03019	0.16590	0.17655	0.28295	0.07885	0.06000	0.02254	0.02561	0.01538	0.01968	0.01230	0.00857	0.00850	0.00255	0.01322	0.00714	0.00454	0.01129
13	0.01268	0.00846	0.00951	0.00951	0.00951	0.00846	0.00529	0.01268	0.01268	0.01691	0.02748	0.05708	0.03171	0.69345	0.04440	0.00846	0.00846	0.01268	0.00529	0.00529
14	0.01174	0.00866	0.01098	0.01089	0.01279	0.00790	0.00798	0.01511	0.02254	0.03103	0.44948	0.18319	0.15500	0.02019	0.01045	0.00292	0.00433	0.01782	0.00911	0.00790
15	0.02283	0.01930	0.02036	0.01798	0.02311	0.02222	0.01408	0.10190	0.56588	0.03831	0.03407	0.03140	0.02546	0.01170	0.00886	0.00292	0.00717	0.00966	0.00886	0.01391
16	0.01131	0.00868	0.01043	0.01092	0.01295	0.00780	0.00814	0.01405	0.02046	0.02662	0.22371	0.22312	0.29010	0.02237	0.01067	0.00314	0.00484	0.07459	0.00850	0.00760
17	0.02159	0.02073	0.03541	0.05354	0.63903	0.02073	0.02677	0.02677	0.01986	0.02850	0.01641	0.02159	0.01382	0.00777	0.00864	0.00259	0.01036	0.00777	0.00432	0.01382
18	0.02036	0.02341	0.11866	0.12989	0.48106	0.02049	0.02719	0.02631	0.01935	0.02757	0.01619	0.02137	0.01315	0.00797	0.00860	0.00266	0.01088	0.00759	0.00417	0.01315
19	0.27185	0.08919	0.14758	0.02037	0.06724	0.13246	0.01788	0.10526	0.02133	0.03348	0.01453	0.01668	0.01125	0.00852	0.00708	0.00254	0.01038	0.00584	0.00512	0.01142
20	0.18157	0.18235	0.09623	0.02593	0.16344	0.02278	0.07108	0.02861	0.01885	0.10876	0.01685	0.01909	0.01292	0.00818	0.00735	0.00251	0.00961	0.00660	0.00519	0.01211
21	0.01982	0.02524	0.23543	0.02606	0.16680	0.01642	0.02121	0.05472	0.02021	0.08821	0.03161	0.03347	0.13102	0.01311	0.01113	0.06944	0.00953	0.00941	0.00563	0.01154
22	0.20024	0.02073	0.02460	0.02837	0.22453	0.05999	0.01751	0.12014	0.07701	0.11535	0.01996	0.02140	0.01493	0.00909	0.00787	0.00265	0.00903	0.00725	0.00651	0.01284

[dist]
# distance from previous block
# <min> <max>
0	82

[block]
# block no. 4 follows, 20 sequences, length 16
# corresponding to MSA columns:
# 471-486
name=unknown_E
#
# <colnr> <probs for GDERKNQSTAVLIFYWHMCP>
#	G	D	E	R	K	N	Q	S	T	A	V	L	I	F	Y	W	H	M	C	P
0	0.02250	0.08137	0.03078	0.12584	0.31294	0.11749	0.02161	0.02911	0.08389	0.02670	0.01744	0.02125	0.01420	0.00842	0.00817	0.00249	0.01068	0.00725	0.00476	0.05311
1	0.02282	0.23904	0.15223	0.11455	0.03181	0.06299	0.01970	0.11595	0.07421	0.02917	0.01691	0.01917	0.01320	0.00868	0.00751	0.00240	0.01043	0.00647	0.00506	0.04771
2	0.02509	0.02748	0.03021	0.03928	0.37382	0.24046	0.02192	0.02914	0.02139	0.02602	0.01532	0.01926	0.01285	0.00808	0.00818	0.00236	0.01188	0.00680	0.00445	0.07603
3	0.14137	0.22727	0.02973	0.08069	0.07943	0.06107	0.01613	0.11661	0.11260	0.03196	0.01773	0.01948	0.01406	0.00890	0.00721	0.00246	0.00925	0.00654	0.00563	0.01188
4	0.03043	0.03318	0.02729	0.02837	0.15442	0.37624	0.01885	0.16926	0.02756	0.03079	0.01586	0.01818	0.01262	0.00909	0.00823	0.00241	0.01316	0.00660	0.00546	0.01200
5	0.02391	0.01582	0.01774	0.01545	0.02046	0.01665	0.01216	0.03880	0.35397	0.18857	0.04550	0.04181	0.14374	0.01357	0.00913	0.00289	0.00655	0.01125	0.00921	0.01282
6	0.01192	0.00890	0.01107	0.01053	0.01277	0.00805	0.00789	0.01563	0.02368	0.03258	0.51987	0.06910	0.19836	0.01873	0.01029	0.00279	0.00418	0.01633	0.00929	0.00805
7	0.03316	0.02443	0.02618	0.02007	0.02705	0.02705	0.01658	0.60995	0.04101	0.05497	0.02094	0.02094	0.01483	0.01047	0.00873	0.00262	0.00960	0.00785	0.00873	0.01483
8	0.03083	0.02387	0.11742	0.01873	0.02662	0.02033	0.01720	0.29779	0.03057	0.21413	0.02334	0.02271	0.01596	0.00979	0.00842	0.00252	0.00914	0.00761	0.00816	0.09488
9	0.02712	0.42908	0.03710	0.01802	0.02427	0.29050	0.01572	0.02969	0.02059	0.02086	0.01268	0.01471	0.01121	0.00809	0.00653	0.00202	0.01196	0.00506	0.00404	0.01075
10	0.01110	0.00788	0.01029	0.01169	0.01238	0.00740	0.00782	0.01285	0.01748	0.02362	0.13431	0.52707	0.05865	0.09646	0.01453	0.00394	0.00528	0.02215	0.00803	0.00707
11	0.01063	0.00759	0.01012	0.01215	0.01265	0.00709	0.00810	0.01215	0.01670	0.02227	0.04808	0.68775	0.05769	0.02733	0.01113	0.00354	0.00506	0.02480	0.00810	0.00709
12	0.07973	0.02244	0.10184	0.13504	0.43796	0.02039	0.02563	0.02614	0.01895	0.02837	0.01585	0.02087	0.01284	0.00799	0.00835	0.00266	0.01054	0.00737	0.00427	0.01277
13	0.01341	0.00909	0.01148	0.01274	0.01413	0.00893	0.00942	0.04791	0.01896	0.02640	0.04320	0.43609	0.04846	0.02314	0.01041	0.00335	0.00574	0.12933	0.11993	0.00786
14	0.01177	0.00807	0.00979	0.01069	0.01092	0.00784	0.00654	0.01244	0.01448	0.01930	0.03668	0.33873	0.04331	0.39597	0.02954	0.00626	0.00694	0.01809	0.00654	0.00609
15	0.01317	0.00955	0.01294	0.01475	0.01663	0.00933	0.01242	0.01663	0.01955	0.02527	0.05067	0.18582	0.10960	0.02438	0.01174	0.00384	0.00722	0.44062	0.00805	0.00782

[dist]
# distance from previous block
# <min> <max>
0	1

# created by:
# /home/cegg/simao/soft/augustus-3.2.1/scripts/msa2prfl.pl ./align_prep/12613.fa
