[name]
unknown

[dist]
# distance from previous block
# <min> <max>
0	0

[block]
# block no. 0 follows, 21 sequences, length 108
# corresponding to MSA columns:
# 0-107
name=unknown_A
#
# <colnr> <probs for GDERKNQSTAVLIFYWHMCP>
#	G	D	E	R	K	N	Q	S	T	A	V	L	I	F	Y	W	H	M	C	P
0	0.01371	0.00980	0.01371	0.01567	0.01763	0.00980	0.01371	0.01763	0.01959	0.02547	0.04506	0.09599	0.04898	0.02351	0.01175	0.00392	0.00784	0.59056	0.00784	0.00784
1	0.02780	0.02277	0.03106	0.02306	0.03040	0.02369	0.16868	0.41070	0.03277	0.04441	0.01910	0.02081	0.01389	0.00906	0.00869	0.00251	0.01034	0.00802	0.00710	0.08514
2	0.02380	0.02540	0.03189	0.04451	0.48945	0.18498	0.02365	0.02812	0.02058	0.02602	0.01528	0.01961	0.01284	0.00788	0.00823	0.00244	0.01144	0.00705	0.00426	0.01256
3	0.02065	0.01752	0.01897	0.01640	0.02173	0.01890	0.01293	0.06709	0.45062	0.03441	0.03046	0.03129	0.02376	0.01097	0.00832	0.00259	0.00683	0.03532	0.00788	0.16335
4	0.02117	0.01828	0.01924	0.01732	0.02213	0.02117	0.01347	0.04522	0.63246	0.03560	0.03464	0.03175	0.02598	0.01155	0.00866	0.00289	0.00673	0.00962	0.00866	0.01347
5	0.01099	0.00854	0.00999	0.00988	0.01213	0.00754	0.00731	0.01392	0.02123	0.02792	0.33518	0.13292	0.33157	0.02016	0.01013	0.00284	0.00424	0.01740	0.00857	0.00754
6	0.01204	0.00870	0.01138	0.01071	0.01271	0.00803	0.00803	0.01606	0.02409	0.03413	0.64335	0.06357	0.08030	0.01740	0.01004	0.00268	0.00401	0.01539	0.00937	0.00803
7	0.01238	0.00825	0.00928	0.00928	0.00928	0.00825	0.00516	0.01238	0.01238	0.01650	0.02681	0.05569	0.03094	0.70092	0.04331	0.00825	0.00825	0.01238	0.00516	0.00516
8	0.01216	0.00912	0.01368	0.01368	0.01520	0.01064	0.01064	0.01520	0.01368	0.01976	0.02279	0.03343	0.02127	0.06382	0.66720	0.01368	0.02279	0.00912	0.00456	0.00760
9	0.02515	0.02970	0.02768	0.02357	0.02661	0.33561	0.08102	0.02773	0.01914	0.02137	0.01277	0.01750	0.01125	0.01111	0.01623	0.00289	0.28998	0.00677	0.00411	0.00981
10	0.01006	0.00862	0.00862	0.00862	0.01149	0.00718	0.00647	0.01221	0.01940	0.02299	0.08621	0.08190	0.64438	0.02155	0.01006	0.00287	0.00431	0.01796	0.00790	0.00718
11	0.01006	0.00862	0.00862	0.00862	0.01149	0.00718	0.00647	0.01221	0.01940	0.02299	0.08621	0.08190	0.64438	0.02155	0.01006	0.00287	0.00431	0.01796	0.00790	0.00718
12	0.03179	0.04056	0.02412	0.02192	0.02631	0.66676	0.01644	0.03398	0.02412	0.02083	0.01315	0.01535	0.01096	0.00877	0.00767	0.00219	0.01535	0.00548	0.00438	0.00987
13	0.02275	0.70604	0.04459	0.01456	0.02184	0.03367	0.01456	0.02548	0.01729	0.02002	0.01183	0.01365	0.01092	0.00728	0.00546	0.00182	0.00910	0.00455	0.00364	0.01092
14	0.02106	0.02022	0.03454	0.05223	0.64784	0.02022	0.02612	0.02612	0.01938	0.02780	0.01601	0.02106	0.01348	0.00758	0.00842	0.00253	0.01011	0.00758	0.00421	0.01348
15	0.01707	0.04402	0.65683	0.02426	0.03683	0.01976	0.03144	0.02695	0.01797	0.02695	0.01527	0.01797	0.01078	0.00809	0.00809	0.00270	0.01258	0.00629	0.00359	0.01258
16	0.02250	0.67663	0.07179	0.01499	0.02251	0.03306	0.01531	0.02555	0.01732	0.02033	0.01198	0.01384	0.01091	0.00732	0.00558	0.00186	0.00926	0.00463	0.00364	0.01099
17	0.02106	0.02022	0.03454	0.05223	0.64784	0.02022	0.02612	0.02612	0.01938	0.02780	0.01601	0.02106	0.01348	0.00758	0.00842	0.00253	0.01011	0.00758	0.00421	0.01348
18	0.03179	0.04056	0.02412	0.02192	0.02631	0.66676	0.01644	0.03398	0.02412	0.02083	0.01315	0.01535	0.01096	0.00877	0.00767	0.00219	0.01535	0.00548	0.00438	0.00987
19	0.03268	0.02331	0.02522	0.01933	0.02613	0.02562	0.01597	0.58719	0.03914	0.08714	0.02117	0.02091	0.01484	0.01023	0.00852	0.00256	0.00925	0.00771	0.00863	0.01447
20	0.01990	0.02239	0.04757	0.03415	0.04231	0.02125	0.56075	0.02667	0.01965	0.02697	0.01684	0.02251	0.01282	0.00749	0.01069	0.00283	0.04484	0.00969	0.00431	0.04639
21	0.03179	0.04056	0.02412	0.02192	0.02631	0.66676	0.01644	0.03398	0.02412	0.02083	0.01315	0.01535	0.01096	0.00877	0.00767	0.00219	0.01535	0.00548	0.00438	0.00987
22	0.01345	0.00903	0.01173	0.01087	0.01318	0.00825	0.00822	0.01734	0.02390	0.06903	0.58445	0.06238	0.10130	0.01719	0.00995	0.00268	0.00421	0.01511	0.00937	0.00836
23	0.01238	0.00825	0.00928	0.00928	0.00928	0.00825	0.00516	0.01238	0.01238	0.01650	0.02681	0.05569	0.03094	0.70092	0.04331	0.00825	0.00825	0.01238	0.00516	0.00516
24	0.01216	0.00912	0.01368	0.01368	0.01520	0.01064	0.01064	0.01520	0.01368	0.01976	0.02279	0.03343	0.02127	0.06382	0.66720	0.01368	0.02279	0.00912	0.00456	0.00760
25	0.01007	0.00856	0.00868	0.00877	0.01153	0.00717	0.00653	0.01220	0.01925	0.02293	0.08435	0.11087	0.61661	0.02179	0.01010	0.00290	0.00434	0.01825	0.00790	0.00717
26	0.02403	0.01859	0.02180	0.01742	0.02307	0.01920	0.04253	0.32813	0.06249	0.04022	0.02547	0.15766	0.02317	0.01277	0.00867	0.00254	0.00801	0.01077	0.00757	0.14590
27	0.02106	0.02022	0.03454	0.05223	0.64784	0.02022	0.02612	0.02612	0.01938	0.02780	0.01601	0.02106	0.01348	0.00758	0.00842	0.00253	0.01011	0.00758	0.00421	0.01348
28	0.01765	0.01513	0.01765	0.01260	0.02017	0.01134	0.01008	0.02143	0.01765	0.02773	0.01513	0.01765	0.01260	0.00630	0.00630	0.00126	0.00630	0.00504	0.00504	0.75295
29	0.01481	0.01012	0.01128	0.01017	0.01397	0.00839	0.00780	0.01727	0.01969	0.10949	0.06837	0.10210	0.45096	0.01853	0.00945	0.00268	0.00498	0.01550	0.00792	0.09651
30	0.17984	0.03473	0.02184	0.01961	0.02431	0.49954	0.01496	0.06486	0.02305	0.02618	0.01330	0.01532	0.01080	0.00867	0.00723	0.00230	0.01323	0.00543	0.00479	0.00999
31	0.02171	0.01474	0.01709	0.01533	0.01900	0.01545	0.01171	0.22311	0.08531	0.09901	0.03540	0.33418	0.03559	0.01797	0.00962	0.00301	0.00684	0.01558	0.00845	0.01088
32	0.01006	0.00862	0.00862	0.00862	0.01149	0.00718	0.00647	0.01221	0.01940	0.02299	0.08621	0.08190	0.64438	0.02155	0.01006	0.00287	0.00431	0.01796	0.00790	0.00718
33	0.02349	0.01776	0.01931	0.01702	0.02207	0.01999	0.01334	0.04471	0.54954	0.11989	0.03449	0.03137	0.02531	0.01141	0.00865	0.00285	0.00680	0.00948	0.00891	0.01361
34	0.01037	0.00741	0.00987	0.01185	0.01234	0.00691	0.00790	0.01185	0.01629	0.02172	0.04690	0.69537	0.05629	0.02666	0.01086	0.00346	0.00494	0.02419	0.00790	0.00691
35	0.02484	0.02536	0.05328	0.02848	0.16637	0.15261	0.04487	0.17224	0.02388	0.03088	0.01603	0.01996	0.01310	0.01305	0.04960	0.00335	0.13784	0.00729	0.00521	0.01176
36	0.02275	0.70604	0.04459	0.01456	0.02184	0.03367	0.01456	0.02548	0.01729	0.02002	0.01183	0.01365	0.01092	0.00728	0.00546	0.00182	0.00910	0.00455	0.00364	0.01092
37	0.01025	0.00863	0.00889	0.00882	0.01161	0.00727	0.00662	0.01259	0.01985	0.02407	0.14010	0.08013	0.58982	0.02115	0.01006	0.00285	0.00428	0.01771	0.00804	0.00727
38	0.02063	0.01928	0.03191	0.19408	0.47368	0.02031	0.02492	0.06253	0.02014	0.02804	0.01608	0.02140	0.01305	0.00796	0.00845	0.00260	0.01035	0.00758	0.00438	0.01262
39	0.02904	0.07890	0.02573	0.02153	0.02537	0.52105	0.01668	0.03122	0.02186	0.02072	0.01274	0.01578	0.01099	0.00969	0.01088	0.00242	0.12558	0.00575	0.00423	0.00984
40	0.19917	0.03587	0.46897	0.02063	0.03114	0.01925	0.02511	0.02719	0.01743	0.06023	0.01533	0.01749	0.01090	0.00816	0.00742	0.00268	0.01086	0.00599	0.00434	0.01185
41	0.01238	0.00825	0.00928	0.00928	0.00928	0.00825	0.00516	0.01238	0.01238	0.01650	0.02681	0.05569	0.03094	0.70092	0.04331	0.00825	0.00825	0.01238	0.00516	0.00516
42	0.01765	0.01513	0.01765	0.01260	0.02017	0.01134	0.01008	0.02143	0.01765	0.02773	0.01513	0.01765	0.01260	0.00630	0.00630	0.00126	0.00630	0.00504	0.00504	0.75295
43	0.01037	0.00741	0.00987	0.01185	0.01234	0.00691	0.00790	0.01185	0.01629	0.02172	0.04690	0.69537	0.05629	0.02666	0.01086	0.00346	0.00494	0.02419	0.00790	0.00691
44	0.01245	0.01122	0.04722	0.01187	0.01502	0.00897	0.01000	0.01628	0.02141	0.02906	0.32849	0.06816	0.21043	0.01825	0.00998	0.00284	0.00534	0.10986	0.00815	0.05501
45	0.76103	0.01646	0.01251	0.01119	0.01646	0.01909	0.00922	0.02502	0.01448	0.03818	0.01185	0.01382	0.00922	0.00790	0.00527	0.00263	0.00658	0.00461	0.00527	0.00922
46	0.02117	0.01828	0.01924	0.01732	0.02213	0.02117	0.01347	0.04522	0.63246	0.03560	0.03464	0.03175	0.02598	0.01155	0.00866	0.00289	0.00673	0.00962	0.00866	0.01347
47	0.01216	0.00912	0.01368	0.01368	0.01520	0.01064	0.01064	0.01520	0.01368	0.01976	0.02279	0.03343	0.02127	0.06382	0.66720	0.01368	0.02279	0.00912	0.00456	0.00760
48	0.01862	0.01862	0.02607	0.02234	0.02234	0.02607	0.01862	0.02048	0.01303	0.02048	0.01117	0.01862	0.01117	0.01489	0.02793	0.00372	0.68535	0.00745	0.00372	0.00931
49	0.01238	0.00825	0.00928	0.00928	0.00928	0.00825	0.00516	0.01238	0.01238	0.01650	0.02681	0.05569	0.03094	0.70092	0.04331	0.00825	0.00825	0.01238	0.00516	0.00516
50	0.01607	0.01513	0.02552	0.68047	0.05861	0.01891	0.02363	0.02174	0.01702	0.02174	0.01513	0.02269	0.01134	0.00851	0.00851	0.00284	0.01134	0.00756	0.00378	0.00945
51	0.01238	0.00825	0.00928	0.00928	0.00928	0.00825	0.00516	0.01238	0.01238	0.01650	0.02681	0.05569	0.03094	0.70092	0.04331	0.00825	0.00825	0.01238	0.00516	0.00516
52	0.02106	0.02022	0.03454	0.05223	0.64784	0.02022	0.02612	0.02612	0.01938	0.02780	0.01601	0.02106	0.01348	0.00758	0.00842	0.00253	0.01011	0.00758	0.00421	0.01348
53	0.01007	0.00856	0.00868	0.00878	0.01154	0.00717	0.00653	0.01220	0.01925	0.02293	0.08432	0.11137	0.61614	0.02180	0.01010	0.00290	0.00434	0.01826	0.00790	0.00717
54	0.01435	0.01335	0.01244	0.01249	0.01503	0.08719	0.00913	0.01939	0.10285	0.02467	0.08875	0.25575	0.27253	0.02003	0.00983	0.00296	0.00613	0.01713	0.00767	0.00832
55	0.01805	0.01812	0.02786	0.02318	0.02446	0.02363	0.09923	0.02068	0.01419	0.02142	0.01441	0.05318	0.01419	0.01721	0.06116	0.00416	0.52271	0.00872	0.00405	0.00939
56	0.03179	0.04056	0.02412	0.02192	0.02631	0.66676	0.01644	0.03398	0.02412	0.02083	0.01315	0.01535	0.01096	0.00877	0.00767	0.00219	0.01535	0.00548	0.00438	0.00987
57	0.03179	0.04056	0.02412	0.02192	0.02631	0.66676	0.01644	0.03398	0.02412	0.02083	0.01315	0.01535	0.01096	0.00877	0.00767	0.00219	0.01535	0.00548	0.00438	0.00987
58	0.02145	0.02241	0.01794	0.01644	0.02062	0.20962	0.01254	0.03333	0.29280	0.02794	0.04159	0.03985	0.18156	0.01331	0.00873	0.00268	0.00867	0.01055	0.00719	0.01077
59	0.01865	0.01630	0.01895	0.01484	0.02090	0.01541	0.01185	0.02739	0.17383	0.02897	0.01968	0.02134	0.01586	0.00855	0.00920	0.00194	0.07843	0.00646	0.00582	0.48564
60	0.02622	0.01184	0.01592	0.01311	0.01760	0.01046	0.01046	0.02984	0.02423	0.37019	0.31261	0.04480	0.04817	0.01367	0.00923	0.00265	0.00576	0.01168	0.01000	0.01153
61	0.01478	0.00739	0.01109	0.01109	0.01109	0.00739	0.00739	0.01109	0.01109	0.01478	0.01478	0.02587	0.01478	0.02956	0.03326	0.75240	0.00739	0.00739	0.00370	0.00370
62	0.01204	0.00870	0.01138	0.01071	0.01271	0.00803	0.00803	0.01606	0.02409	0.03413	0.64335	0.06357	0.08030	0.01740	0.01004	0.00268	0.00401	0.01539	0.00937	0.00803
63	0.02275	0.70604	0.04459	0.01456	0.02184	0.03367	0.01456	0.02548	0.01729	0.02002	0.01183	0.01365	0.01092	0.00728	0.00546	0.00182	0.00910	0.00455	0.00364	0.01092
64	0.01065	0.00864	0.00945	0.00925	0.01186	0.00744	0.00693	0.01337	0.02080	0.02633	0.25319	0.07641	0.47532	0.02031	0.01005	0.00281	0.00422	0.01719	0.00834	0.00744
65	0.02792	0.02439	0.02287	0.01908	0.02472	0.12803	0.01517	0.30185	0.26734	0.04132	0.02477	0.02400	0.01837	0.01050	0.00843	0.00262	0.00931	0.00807	0.00790	0.01334
66	0.02145	0.55440	0.18483	0.01678	0.02528	0.03049	0.01843	0.02582	0.01745	0.02161	0.01262	0.01464	0.01089	0.00746	0.00606	0.00202	0.00990	0.00495	0.00363	0.01130
67	0.05986	0.11143	0.51639	0.02221	0.03346	0.02162	0.02746	0.06405	0.01909	0.02852	0.01504	0.01744	0.01094	0.00812	0.00768	0.00259	0.01167	0.00610	0.00400	0.01233
68	0.03095	0.02085	0.02296	0.01784	0.02387	0.02250	0.01446	0.47391	0.03484	0.13138	0.02293	0.02547	0.01718	0.08618	0.01234	0.00319	0.00895	0.00830	0.00842	0.01345
69	0.03235	0.02384	0.02554	0.01958	0.02639	0.02639	0.01618	0.61946	0.04001	0.05363	0.02043	0.02043	0.01447	0.01022	0.00851	0.00255	0.00936	0.00766	0.00851	0.01447
70	0.02177	0.02098	0.01990	0.01571	0.02183	0.14427	0.01238	0.08689	0.02099	0.02844	0.01645	0.04681	0.01428	0.00856	0.00821	0.00181	0.04600	0.00637	0.00533	0.45301
71	0.01095	0.00866	0.00986	0.00956	0.01204	0.00757	0.00717	0.01395	0.02151	0.02801	0.33725	0.07364	0.39021	0.01968	0.01005	0.00278	0.00418	0.01680	0.00856	0.00757
72	0.01765	0.01513	0.01765	0.01260	0.02017	0.01134	0.01008	0.02143	0.01765	0.02773	0.01513	0.01765	0.01260	0.00630	0.00630	0.00126	0.00630	0.00504	0.00504	0.75295
73	0.03010	0.02229	0.02381	0.01866	0.02497	0.02474	0.01528	0.51795	0.10896	0.05027	0.02252	0.02240	0.01625	0.01036	0.00839	0.00256	0.00875	0.00791	0.04983	0.01399
74	0.01140	0.00791	0.00986	0.01092	0.01134	0.00763	0.00704	0.01250	0.01518	0.02029	0.06440	0.38156	0.04668	0.30082	0.02409	0.00540	0.00637	0.04348	0.00684	0.00629
75	0.03179	0.04056	0.02412	0.02192	0.02631	0.66676	0.01644	0.03398	0.02412	0.02083	0.01315	0.01535	0.01096	0.00877	0.00767	0.00219	0.01535	0.00548	0.00438	0.00987
76	0.03235	0.02384	0.02554	0.01958	0.02639	0.02639	0.01618	0.61946	0.04001	0.05363	0.02043	0.02043	0.01447	0.01022	0.00851	0.00255	0.00936	0.00766	0.00851	0.01447
77	0.01690	0.00893	0.00904	0.00867	0.01095	0.00910	0.00659	0.05764	0.01924	0.03311	0.02730	0.03101	0.02135	0.00993	0.00611	0.00202	0.00431	0.00791	0.70152	0.00834
78	0.01006	0.00862	0.00862	0.00862	0.01149	0.00718	0.00647	0.01221	0.01940	0.02299	0.08621	0.08190	0.64438	0.02155	0.01006	0.00287	0.00431	0.01796	0.00790	0.00718
79	0.01239	0.00904	0.01331	0.01331	0.01486	0.01047	0.01034	0.01549	0.01394	0.02051	0.02311	0.03332	0.02131	0.06043	0.62550	0.01294	0.02161	0.00904	0.05145	0.00762
80	0.03195	0.01329	0.01821	0.01528	0.02068	0.01182	0.01282	0.03540	0.02314	0.49363	0.03650	0.04605	0.02818	0.01384	0.00937	0.00296	0.00739	0.15687	0.00985	0.01279
81	0.02106	0.02022	0.03454	0.05223	0.64784	0.02022	0.02612	0.02612	0.01938	0.02780	0.01601	0.02106	0.01348	0.00758	0.00842	0.00253	0.01011	0.00758	0.00421	0.01348
82	0.01204	0.00870	0.01138	0.01071	0.01271	0.00803	0.00803	0.01606	0.02409	0.03413	0.64335	0.06357	0.08030	0.01740	0.01004	0.00268	0.00401	0.01539	0.00937	0.00803
83	0.01037	0.00741	0.00987	0.01185	0.01234	0.00691	0.00790	0.01185	0.01629	0.02172	0.04690	0.69537	0.05629	0.02666	0.01086	0.00346	0.00494	0.02419	0.00790	0.00691
84	0.01607	0.01513	0.02552	0.68047	0.05861	0.01891	0.02363	0.02174	0.01702	0.02174	0.01513	0.02269	0.01134	0.00851	0.00851	0.00284	0.01134	0.00756	0.00378	0.00945
85	0.01035	0.00747	0.00981	0.01167	0.01230	0.00693	0.00782	0.01187	0.01646	0.02179	0.04905	0.66193	0.08834	0.02638	0.01082	0.00342	0.00490	0.02385	0.00790	0.00693
86	0.03235	0.02384	0.02554	0.01958	0.02639	0.02639	0.01618	0.61946	0.04001	0.05363	0.02043	0.02043	0.01447	0.01022	0.00851	0.00255	0.00936	0.00766	0.00851	0.01447
87	0.01478	0.00739	0.01109	0.01109	0.01109	0.00739	0.00739	0.01109	0.01109	0.01478	0.01478	0.02587	0.01478	0.02956	0.03326	0.75240	0.00739	0.00739	0.00370	0.00370
88	0.01126	0.00833	0.01068	0.01198	0.01343	0.00775	0.00897	0.01371	0.01850	0.02419	0.11984	0.37071	0.17004	0.02394	0.01082	0.00336	0.00538	0.15176	0.00805	0.00730
89	0.02506	0.53646	0.03938	0.01644	0.02298	0.19500	0.01504	0.02765	0.01903	0.02023	0.01217	0.01408	0.01093	0.00766	0.00602	0.00192	0.01069	0.00479	0.00383	0.01065
90	0.02431	0.02733	0.02455	0.02155	0.02376	0.28787	0.01716	0.05439	0.01890	0.02217	0.01308	0.01819	0.01181	0.01489	0.05439	0.00360	0.34133	0.00674	0.00427	0.00969
91	0.02033	0.01947	0.03321	0.14492	0.56091	0.02003	0.02575	0.02547	0.01903	0.02691	0.01588	0.02130	0.01316	0.00772	0.00844	0.00257	0.01029	0.00758	0.00415	0.01289
92	0.02239	0.02373	0.02805	0.15034	0.12948	0.18440	0.10489	0.03051	0.14422	0.02567	0.01900	0.02262	0.01497	0.01003	0.00992	0.04450	0.01145	0.00780	0.00506	0.01097
93	0.17467	0.19598	0.09202	0.01587	0.02238	0.05760	0.01479	0.03132	0.10437	0.14507	0.02132	0.02410	0.01663	0.00966	0.00719	0.00251	0.00856	0.03820	0.00622	0.01154
94	0.02181	0.02185	0.03314	0.08004	0.56187	0.07973	0.02510	0.02663	0.01970	0.02686	0.01570	0.02061	0.01314	0.00774	0.00836	0.00251	0.01065	0.00739	0.00421	0.01295
95	0.18284	0.02811	0.26963	0.02293	0.08883	0.01917	0.05447	0.05846	0.05347	0.11674	0.01853	0.02003	0.01325	0.00857	0.00773	0.00267	0.00993	0.00682	0.00552	0.01228
96	0.02630	0.02197	0.01841	0.01589	0.02063	0.21246	0.01238	0.09907	0.05375	0.17104	0.04162	0.03980	0.20425	0.01331	0.00874	0.00257	0.00906	0.01038	0.00754	0.01084
97	0.01539	0.01243	0.01514	0.04551	0.01880	0.01287	0.01099	0.05391	0.14274	0.02706	0.03552	0.36892	0.03773	0.01850	0.01027	0.00297	0.03507	0.01617	0.00732	0.11270
98	0.20192	0.09483	0.02334	0.01861	0.02360	0.42218	0.01456	0.06302	0.02210	0.02661	0.01312	0.01511	0.01074	0.00851	0.00695	0.00228	0.01240	0.00531	0.00475	0.01006
99	0.12405	0.24881	0.19294	0.07875	0.02920	0.11265	0.01937	0.05899	0.01922	0.02641	0.01367	0.01622	0.01089	0.00805	0.00686	0.00234	0.01072	0.00558	0.00423	0.01103
100	0.02106	0.02022	0.03454	0.05223	0.64784	0.02022	0.02612	0.02612	0.01938	0.02780	0.01601	0.02106	0.01348	0.00758	0.00842	0.00253	0.01011	0.00758	0.00421	0.01348
101	0.01975	0.01925	0.01614	0.01503	0.01816	0.18220	0.01118	0.10281	0.05676	0.02774	0.09703	0.19075	0.13677	0.05393	0.01114	0.00306	0.00833	0.01372	0.00710	0.00913
102	0.01719	0.01052	0.01303	0.01269	0.01524	0.00997	0.00933	0.08130	0.02095	0.12696	0.08037	0.39864	0.12775	0.02113	0.01009	0.00311	0.00564	0.01860	0.00847	0.00902
103	0.02525	0.06839	0.17418	0.02206	0.02776	0.31736	0.02030	0.06261	0.02100	0.02403	0.01360	0.01683	0.01116	0.00986	0.01182	0.00262	0.15004	0.00615	0.00426	0.01070
104	0.06069	0.18699	0.41828	0.02116	0.03136	0.02226	0.05365	0.02592	0.01806	0.02646	0.04921	0.01954	0.01468	0.00837	0.00754	0.00250	0.01107	0.00649	0.00405	0.01171
105	0.15287	0.01927	0.02899	0.20561	0.07131	0.05211	0.15393	0.02419	0.01707	0.02628	0.01428	0.01979	0.01144	0.00907	0.01150	0.00285	0.12768	0.00737	0.00426	0.04015
106	0.09327	0.19728	0.02411	0.01460	0.01953	0.09302	0.01226	0.13689	0.02419	0.03248	0.19686	0.03312	0.06649	0.01174	0.00783	0.00238	0.00790	0.00908	0.00668	0.01029
107	0.01459	0.01153	0.01442	0.04571	0.01856	0.01094	0.01086	0.04671	0.05203	0.02601	0.03787	0.24876	0.08827	0.02066	0.04703	0.00346	0.00732	0.10952	0.00691	0.17886

[dist]
# distance from previous block
# <min> <max>
16	34

[block]
# block no. 1 follows, 21 sequences, length 30
# corresponding to MSA columns:
# 142-147,149-167,169-173
name=unknown_B
#
# <colnr> <probs for GDERKNQSTAVLIFYWHMCP>
#	G	D	E	R	K	N	Q	S	T	A	V	L	I	F	Y	W	H	M	C	P
0	0.07805	0.11331	0.02057	0.04236	0.02066	0.01800	0.01191	0.09276	0.13756	0.07999	0.10813	0.03665	0.12397	0.01219	0.00811	0.00250	0.00684	0.00979	0.00728	0.06935
1	0.02194	0.43201	0.06915	0.01716	0.02273	0.09622	0.01609	0.02485	0.01704	0.02053	0.01279	0.01630	0.01167	0.01272	0.05532	0.00306	0.13068	0.00557	0.00379	0.01038
2	0.02150	0.39395	0.14449	0.01846	0.02485	0.07414	0.01849	0.02523	0.01695	0.02137	0.01237	0.01561	0.01095	0.00920	0.01101	0.00242	0.15896	0.00555	0.00370	0.01078
3	0.02239	0.02149	0.02057	0.01835	0.02172	0.17203	0.01484	0.13462	0.02374	0.02989	0.09826	0.04065	0.02858	0.01433	0.01265	0.00293	0.13320	0.13620	0.00644	0.04712
4	0.05518	0.02026	0.12547	0.01670	0.02275	0.01648	0.04612	0.14240	0.09132	0.03504	0.17298	0.03821	0.10468	0.01247	0.00876	0.00261	0.00768	0.01046	0.00721	0.06321
5	0.02139	0.20445	0.21631	0.02462	0.06301	0.10497	0.13049	0.02804	0.04886	0.02462	0.01527	0.01832	0.01213	0.00828	0.00876	0.00249	0.04560	0.00672	0.00412	0.01154
6	0.01912	0.01424	0.01591	0.01505	0.01853	0.04503	0.01237	0.15083	0.02466	0.06596	0.08577	0.09989	0.14295	0.01856	0.01021	0.00317	0.00748	0.23258	0.00808	0.00961
7	0.02689	0.02660	0.03147	0.02465	0.03023	0.17236	0.16695	0.23789	0.02692	0.03402	0.01643	0.01959	0.01273	0.00989	0.01190	0.00274	0.12346	0.00772	0.00572	0.01181
8	0.02071	0.01986	0.03391	0.09643	0.60639	0.02013	0.02594	0.02581	0.01921	0.02738	0.01595	0.02118	0.01333	0.00765	0.00843	0.00255	0.01020	0.00758	0.00418	0.01320
9	0.02484	0.02011	0.02131	0.01806	0.02353	0.02288	0.01436	0.23393	0.43777	0.04153	0.02997	0.02803	0.02220	0.01111	0.00861	0.00278	0.00760	0.00898	0.00861	0.01380
10	0.02106	0.02022	0.03454	0.05223	0.64784	0.02022	0.02612	0.02612	0.01938	0.02780	0.01601	0.02106	0.01348	0.00758	0.00842	0.00253	0.01011	0.00758	0.00421	0.01348
11	0.25251	0.02055	0.02003	0.01611	0.02223	0.05495	0.01315	0.27362	0.06089	0.11813	0.01954	0.01967	0.01403	0.00934	0.00738	0.00252	0.00826	0.00670	0.00738	0.05302
12	0.03186	0.03855	0.02429	0.02164	0.02632	0.58986	0.01641	0.10429	0.02603	0.02477	0.01403	0.01596	0.01138	0.00894	0.00777	0.00224	0.01463	0.00574	0.00488	0.01042
13	0.01006	0.00862	0.00862	0.00862	0.01149	0.00718	0.00647	0.01221	0.01940	0.02299	0.08621	0.08190	0.64438	0.02155	0.01006	0.00287	0.00431	0.01796	0.00790	0.00718
14	0.02275	0.70604	0.04459	0.01456	0.02184	0.03367	0.01456	0.02548	0.01729	0.02002	0.01183	0.01365	0.01092	0.00728	0.00546	0.00182	0.00910	0.00455	0.00364	0.01092
15	0.01371	0.00980	0.01371	0.01567	0.01763	0.00980	0.01371	0.01763	0.01959	0.02547	0.04506	0.09599	0.04898	0.02351	0.01175	0.00392	0.00784	0.59056	0.00784	0.00784
16	0.01037	0.00741	0.00987	0.01185	0.01234	0.00691	0.00790	0.01185	0.01629	0.02172	0.04690	0.69537	0.05629	0.02666	0.01086	0.00346	0.00494	0.02419	0.00790	0.00691
17	0.01037	0.00741	0.00987	0.01185	0.01234	0.00691	0.00790	0.01185	0.01629	0.02172	0.04690	0.69537	0.05629	0.02666	0.01086	0.00346	0.00494	0.02419	0.00790	0.00691
18	0.01238	0.00825	0.00928	0.00928	0.00928	0.00825	0.00516	0.01238	0.01238	0.01650	0.02681	0.05569	0.03094	0.70092	0.04331	0.00825	0.00825	0.01238	0.00516	0.00516
19	0.01707	0.04402	0.65683	0.02426	0.03683	0.01976	0.03144	0.02695	0.01797	0.02695	0.01527	0.01797	0.01078	0.00809	0.00809	0.00270	0.01258	0.00629	0.00359	0.01258
20	0.02335	0.01936	0.02047	0.01776	0.02296	0.02219	0.01400	0.15721	0.51692	0.03912	0.03187	0.02954	0.02373	0.01129	0.00863	0.00282	0.00725	0.00924	0.00863	0.01367
21	0.02491	0.01744	0.01935	0.01684	0.02204	0.01926	0.01326	0.04440	0.49863	0.17164	0.03440	0.03114	0.02490	0.01132	0.00864	0.00283	0.00685	0.00939	0.00907	0.01369
22	0.01939	0.01616	0.01858	0.01343	0.02091	0.01313	0.01081	0.09236	0.02030	0.03080	0.01576	0.01798	0.01283	0.00677	0.00656	0.00141	0.00667	0.00535	0.00545	0.66536
23	0.03098	0.03922	0.02424	0.02195	0.02607	0.62753	0.01658	0.03316	0.02344	0.02081	0.01303	0.01555	0.01097	0.00914	0.00891	0.00229	0.05637	0.00560	0.00434	0.00983
24	0.02106	0.02022	0.03454	0.05223	0.64784	0.02022	0.02612	0.02612	0.01938	0.02780	0.01601	0.02106	0.01348	0.00758	0.00842	0.00253	0.01011	0.00758	0.00421	0.01348
25	0.07422	0.02027	0.02207	0.01730	0.02377	0.02152	0.01412	0.34798	0.12409	0.12403	0.02312	0.02251	0.01653	0.00984	0.00807	0.00246	0.00815	0.00757	0.00817	0.10421
26	0.02282	0.02141	0.01928	0.01766	0.02191	0.16041	0.01410	0.13203	0.20713	0.03210	0.03389	0.04504	0.07387	0.01427	0.00925	0.00292	0.00915	0.14426	0.00744	0.01105
27	0.02207	0.02360	0.03097	0.06125	0.03019	0.13752	0.15002	0.06561	0.01861	0.02438	0.01371	0.01935	0.01175	0.01144	0.01802	0.00314	0.33613	0.00769	0.00430	0.01025
28	0.09249	0.01324	0.01541	0.01375	0.01772	0.01364	0.01089	0.02986	0.18656	0.15570	0.25669	0.04568	0.04497	0.01399	0.00903	0.00281	0.00590	0.05191	0.00890	0.01086
29	0.02905	0.24229	0.03032	0.01969	0.02495	0.47485	0.01587	0.03141	0.02205	0.02058	0.01275	0.01483	0.01095	0.00832	0.00700	0.00208	0.01345	0.00520	0.00416	0.01019

[dist]
# distance from previous block
# <min> <max>
0	4

[block]
# block no. 2 follows, 21 sequences, length 15
# corresponding to MSA columns:
# 178-192
name=unknown_C
#
# <colnr> <probs for GDERKNQSTAVLIFYWHMCP>
#	G	D	E	R	K	N	Q	S	T	A	V	L	I	F	Y	W	H	M	C	P
0	0.02429	0.02311	0.03156	0.04407	0.49179	0.12694	0.02336	0.02872	0.02058	0.07946	0.01702	0.02078	0.01370	0.00803	0.00831	0.00248	0.01074	0.00732	0.00477	0.01296
1	0.35823	0.27187	0.08829	0.01460	0.02124	0.07910	0.01395	0.02613	0.01666	0.02902	0.01229	0.01430	0.01014	0.00777	0.00582	0.00231	0.00883	0.00483	0.00444	0.01022
2	0.05187	0.24302	0.03444	0.03238	0.30589	0.07823	0.01966	0.02565	0.01832	0.02436	0.01449	0.01857	0.01266	0.01133	0.04858	0.00301	0.03542	0.00639	0.00409	0.01166
3	0.02525	0.01785	0.02087	0.01787	0.04172	0.01910	0.01390	0.24927	0.14495	0.11220	0.02464	0.02603	0.01866	0.02082	0.14011	0.00474	0.01105	0.00822	0.00756	0.07518
4	0.02106	0.02022	0.03454	0.05223	0.64784	0.02022	0.02612	0.02612	0.01938	0.02780	0.01601	0.02106	0.01348	0.00758	0.00842	0.00253	0.01011	0.00758	0.00421	0.01348
5	0.02087	0.39386	0.03618	0.01809	0.02207	0.03022	0.01640	0.02321	0.01536	0.02023	0.01153	0.01591	0.01103	0.01074	0.01566	0.00268	0.31620	0.00587	0.00368	0.01019
6	0.02326	0.02688	0.04045	0.03560	0.16055	0.18522	0.34617	0.02874	0.02097	0.02573	0.01594	0.02064	0.01253	0.00766	0.00912	0.00263	0.01375	0.00839	0.00431	0.01147
7	0.02588	0.02886	0.02353	0.02683	0.18096	0.37069	0.01680	0.02915	0.02166	0.02478	0.01680	0.02008	0.01377	0.00870	0.00752	0.00224	0.01174	0.00651	0.15312	0.01040
8	0.01488	0.01104	0.01639	0.01993	0.14040	0.01187	0.01254	0.01856	0.01588	0.02441	0.02270	0.03052	0.01985	0.03888	0.36740	0.00848	0.01547	0.00851	0.19344	0.00886
9	0.01439	0.01140	0.01662	0.02126	0.17295	0.01167	0.01178	0.01639	0.01470	0.02041	0.02474	0.08957	0.02644	0.34763	0.15685	0.00753	0.01139	0.01138	0.00500	0.00789
10	0.02485	0.39551	0.03774	0.02337	0.14821	0.02913	0.01728	0.17654	0.02348	0.03012	0.01485	0.01686	0.01234	0.00809	0.00683	0.00215	0.00937	0.00595	0.00499	0.01234
11	0.01344	0.01100	0.01690	0.02248	0.17439	0.01104	0.01308	0.01614	0.01655	0.02287	0.03423	0.39162	0.03841	0.02925	0.14153	0.00526	0.00982	0.01696	0.00629	0.00872
12	0.01623	0.01467	0.02415	0.02141	0.02420	0.01628	0.13562	0.02028	0.01802	0.02456	0.03088	0.06172	0.03216	0.01805	0.01552	0.00366	0.18129	0.32627	0.00608	0.00894
13	0.01731	0.01646	0.01305	0.01249	0.01361	0.17558	0.00802	0.01787	0.01536	0.01760	0.02334	0.04544	0.02586	0.52505	0.03426	0.00671	0.01005	0.01062	0.00496	0.00635
14	0.02906	0.03539	0.02677	0.02963	0.18424	0.50247	0.01890	0.03198	0.02291	0.02260	0.01388	0.01680	0.01160	0.00847	0.00786	0.00228	0.01402	0.00601	0.00434	0.01078

[dist]
# distance from previous block
# <min> <max>
0	16

# created by:
# /home/cegg/simao/soft/augustus-3.2.1/scripts/msa2prfl.pl ./align_prep/12643.fa
