[name]
unknown

[dist]
# distance from previous block
# <min> <max>
0	0

[block]
# block no. 0 follows, 23 sequences, length 8
# corresponding to MSA columns:
# 0-7
name=unknown_A
#
# <colnr> <probs for GDERKNQSTAVLIFYWHMCP>
#	G	D	E	R	K	N	Q	S	T	A	V	L	I	F	Y	W	H	M	C	P
0	0.01308	0.00934	0.01308	0.01494	0.01681	0.00934	0.01308	0.01681	0.01868	0.02428	0.04296	0.09153	0.04670	0.02242	0.01121	0.00374	0.00747	0.60960	0.00747	0.00747
1	0.03031	0.03867	0.02299	0.02090	0.02508	0.68226	0.01568	0.03240	0.02299	0.01986	0.01254	0.01463	0.01045	0.00836	0.00732	0.00209	0.01463	0.00523	0.00418	0.00941
2	0.01948	0.01663	0.02057	0.02283	0.14564	0.01833	0.01538	0.06832	0.37823	0.03172	0.03060	0.03876	0.02580	0.01227	0.00874	0.00285	0.00738	0.11729	0.00728	0.01193
3	0.01470	0.01082	0.01404	0.01343	0.01549	0.01194	0.01022	0.12625	0.01807	0.02492	0.02669	0.18258	0.02711	0.08045	0.37405	0.00865	0.01483	0.01184	0.00577	0.00815
4	0.01159	0.00869	0.01304	0.01304	0.01449	0.01014	0.01014	0.01449	0.01304	0.01884	0.02173	0.03188	0.02029	0.06086	0.68268	0.01304	0.02173	0.00869	0.00435	0.00724
5	0.02777	0.02238	0.02215	0.01795	0.02339	0.09460	0.01440	0.46398	0.07141	0.04323	0.02240	0.09752	0.01861	0.01144	0.00829	0.00251	0.00892	0.00897	0.00763	0.01245
6	0.01349	0.00817	0.01072	0.01118	0.01255	0.00756	0.00777	0.01540	0.01741	0.09789	0.15673	0.43411	0.05134	0.09980	0.01345	0.00358	0.00515	0.01848	0.00779	0.00744
7	0.01154	0.00791	0.00878	0.00878	0.00910	0.00775	0.00506	0.01178	0.01258	0.01645	0.03216	0.05601	0.10296	0.63406	0.03761	0.00727	0.00743	0.01242	0.00522	0.00514

[dist]
# distance from previous block
# <min> <max>
0	1

[block]
# block no. 1 follows, 23 sequences, length 52
# corresponding to MSA columns:
# 9-60
name=unknown_B
#
# <colnr> <probs for GDERKNQSTAVLIFYWHMCP>
#	G	D	E	R	K	N	Q	S	T	A	V	L	I	F	Y	W	H	M	C	P
0	0.01170	0.00787	0.00902	0.00905	0.00921	0.00780	0.00523	0.01205	0.01280	0.01721	0.07520	0.07812	0.03403	0.63532	0.03770	0.00729	0.00744	0.01244	0.00532	0.00519
1	0.01071	0.00769	0.00889	0.00948	0.01024	0.00724	0.00602	0.01161	0.01446	0.01867	0.04415	0.26550	0.17698	0.34379	0.02452	0.00529	0.00604	0.01653	0.00632	0.00587
2	0.01107	0.00776	0.00998	0.01066	0.01115	0.00791	0.00701	0.01222	0.01341	0.01821	0.03158	0.28367	0.03612	0.32289	0.17227	0.00737	0.00981	0.01515	0.00573	0.00603
3	0.01660	0.00948	0.01187	0.01092	0.01378	0.00849	0.00838	0.01937	0.02026	0.16838	0.24459	0.08779	0.20585	0.07822	0.01220	0.00318	0.00525	0.05857	0.00830	0.00851
4	0.01668	0.01758	0.03576	0.02631	0.03222	0.01652	0.44010	0.02159	0.01747	0.02336	0.02421	0.03373	0.07301	0.16486	0.01660	0.00387	0.01155	0.01073	0.00458	0.00925
5	0.00980	0.00739	0.00908	0.01043	0.01154	0.00666	0.00714	0.01140	0.01637	0.02106	0.05535	0.53056	0.22579	0.02404	0.01014	0.00314	0.00454	0.02138	0.00753	0.00666
6	0.25127	0.01524	0.01662	0.01348	0.01876	0.01569	0.01101	0.14561	0.02323	0.26567	0.11856	0.02675	0.02407	0.01023	0.00743	0.00250	0.00664	0.00786	0.00801	0.01138
7	0.00973	0.00769	0.00877	0.00964	0.01133	0.00673	0.00680	0.01149	0.01713	0.02136	0.06492	0.36925	0.38092	0.02280	0.00994	0.00300	0.00439	0.01987	0.00753	0.00673
8	0.02234	0.02196	0.03204	0.04195	0.47471	0.09140	0.06986	0.09551	0.02125	0.02856	0.01554	0.01957	0.01266	0.00761	0.00808	0.00240	0.01041	0.00720	0.00451	0.01244
9	0.01206	0.00933	0.01372	0.01345	0.01472	0.01113	0.01046	0.01473	0.01293	0.01874	0.02109	0.03187	0.02002	0.08965	0.60183	0.01207	0.07190	0.00873	0.00432	0.00725
10	0.02092	0.01903	0.01788	0.01577	0.01935	0.15806	0.01235	0.19471	0.02351	0.02961	0.07896	0.03014	0.06214	0.02866	0.24471	0.00611	0.01389	0.00862	0.00599	0.00958
11	0.02694	0.03247	0.02569	0.05805	0.19601	0.47732	0.01843	0.02990	0.02150	0.02166	0.01335	0.01638	0.01111	0.00805	0.00754	0.00220	0.01314	0.00584	0.00411	0.01030
12	0.03463	0.01470	0.01914	0.01489	0.02103	0.01349	0.01223	0.07798	0.07912	0.57459	0.03130	0.02733	0.02010	0.01011	0.00817	0.00253	0.00699	0.00819	0.00976	0.01372
13	0.02781	0.01724	0.02574	0.03104	0.31501	0.01678	0.01820	0.08542	0.04752	0.29621	0.02330	0.02357	0.01642	0.00877	0.00810	0.00247	0.00831	0.00770	0.00705	0.01333
14	0.01106	0.00828	0.01026	0.00977	0.01186	0.00748	0.00733	0.01450	0.02198	0.03019	0.53197	0.06448	0.20600	0.01747	0.00957	0.00259	0.00389	0.01522	0.00862	0.00748
15	0.02086	0.01777	0.01873	0.01665	0.02136	0.02050	0.01301	0.08093	0.61064	0.03504	0.03216	0.02959	0.02407	0.01093	0.00825	0.00273	0.00658	0.00905	0.00825	0.01290
16	0.01448	0.01446	0.05527	0.01222	0.01621	0.06818	0.01011	0.01833	0.02090	0.02884	0.37569	0.04542	0.09605	0.01325	0.00847	0.00223	0.00580	0.01129	0.00715	0.17565
17	0.02377	0.57576	0.03824	0.01507	0.02153	0.13901	0.01410	0.02631	0.01786	0.04784	0.01240	0.01393	0.01084	0.00731	0.00569	0.00183	0.00959	0.00465	0.00388	0.01040
18	0.02018	0.01743	0.01835	0.01651	0.02110	0.02018	0.01284	0.04312	0.64956	0.03394	0.03303	0.03027	0.02477	0.01101	0.00826	0.00275	0.00642	0.00917	0.00826	0.01284
19	0.01498	0.01331	0.01837	0.01850	0.09119	0.03785	0.07795	0.04341	0.07567	0.02793	0.22336	0.16079	0.13248	0.01550	0.00928	0.00271	0.00658	0.01395	0.00714	0.00906
20	0.01513	0.00756	0.00756	0.00756	0.00945	0.00756	0.00567	0.01891	0.01702	0.03025	0.02647	0.03025	0.02080	0.00945	0.00567	0.00189	0.00378	0.00756	0.75988	0.00756
21	0.02008	0.01928	0.03294	0.04981	0.66422	0.01928	0.02490	0.02490	0.01848	0.02651	0.01526	0.02008	0.01285	0.00723	0.00803	0.00241	0.00964	0.00723	0.00402	0.01285
22	0.02706	0.07765	0.02481	0.12617	0.05278	0.51365	0.01696	0.02980	0.02136	0.02019	0.01285	0.01581	0.01059	0.00819	0.00733	0.00217	0.01348	0.00555	0.00404	0.00954
23	0.77215	0.01569	0.01193	0.01067	0.01569	0.01820	0.00879	0.02385	0.01381	0.03641	0.01130	0.01318	0.00879	0.00753	0.00502	0.00251	0.00628	0.00439	0.00502	0.00879
24	0.01387	0.01146	0.01621	0.01410	0.01562	0.01242	0.07865	0.01695	0.06231	0.01929	0.02581	0.04318	0.05539	0.41243	0.07991	0.00650	0.09312	0.01081	0.00500	0.00696
25	0.00989	0.00706	0.00942	0.01130	0.01177	0.00659	0.00753	0.01130	0.01554	0.02071	0.04472	0.70954	0.05367	0.02542	0.01036	0.00330	0.00471	0.02307	0.00753	0.00659
26	0.05455	0.01093	0.01319	0.01120	0.01545	0.00960	0.00890	0.02447	0.02081	0.29958	0.12280	0.05180	0.29379	0.01506	0.00878	0.00261	0.00536	0.01248	0.00865	0.00999
27	0.01915	0.02189	0.04788	0.03420	0.04241	0.02052	0.63475	0.02599	0.01915	0.02599	0.01642	0.02189	0.01231	0.00684	0.00958	0.00274	0.01368	0.00958	0.00410	0.01094
28	0.01308	0.00934	0.01308	0.01494	0.01681	0.00934	0.01308	0.01681	0.01868	0.02428	0.04296	0.09153	0.04670	0.02242	0.01121	0.00374	0.00747	0.60960	0.00747	0.00747
29	0.03085	0.02273	0.02435	0.01867	0.02516	0.02516	0.01542	0.63716	0.03815	0.05114	0.01948	0.01948	0.01380	0.00974	0.00812	0.00244	0.00893	0.00731	0.00812	0.01380
30	0.17101	0.09304	0.02267	0.01835	0.02274	0.46748	0.01430	0.02945	0.02017	0.02294	0.01211	0.01436	0.01014	0.00835	0.00759	0.00221	0.04442	0.00508	0.00425	0.00935
31	0.01775	0.01775	0.02485	0.02130	0.02130	0.02485	0.01775	0.01953	0.01243	0.01953	0.01065	0.01775	0.01065	0.01420	0.02663	0.00355	0.69998	0.00710	0.00355	0.00888
32	0.01084	0.00754	0.00949	0.01042	0.01078	0.00744	0.00666	0.01179	0.01374	0.01845	0.03462	0.37295	0.04054	0.31960	0.08240	0.00608	0.00753	0.01705	0.00615	0.00594
33	0.01735	0.03554	0.49143	0.03069	0.21343	0.01897	0.02854	0.02547	0.01751	0.02593	0.01476	0.01797	0.01101	0.00757	0.00780	0.00252	0.01133	0.00635	0.00359	0.01224
34	0.01513	0.00756	0.00756	0.00756	0.00945	0.00756	0.00567	0.01891	0.01702	0.03025	0.02647	0.03025	0.02080	0.00945	0.00567	0.00189	0.00378	0.00756	0.75988	0.00756
35	0.01619	0.01552	0.02191	0.17643	0.25486	0.05699	0.01743	0.02016	0.01861	0.02404	0.08081	0.04004	0.17891	0.01204	0.00862	0.00259	0.00834	0.03150	0.00530	0.00971
36	0.01513	0.00756	0.00756	0.00756	0.00945	0.00756	0.00567	0.01891	0.01702	0.03025	0.02647	0.03025	0.02080	0.00945	0.00567	0.00189	0.00378	0.00756	0.75988	0.00756
37	0.02698	0.09036	0.14887	0.02080	0.02669	0.50650	0.01828	0.03051	0.02138	0.02092	0.01283	0.01499	0.01042	0.00813	0.00723	0.00216	0.01368	0.00531	0.00398	0.00998
38	0.02155	0.12011	0.34448	0.02038	0.02913	0.17670	0.02208	0.08041	0.02026	0.02580	0.01411	0.01623	0.01076	0.00784	0.00724	0.00226	0.01156	0.00565	0.00411	0.05935
39	0.40629	0.15612	0.02172	0.01618	0.06016	0.17696	0.01241	0.02601	0.01678	0.02857	0.01184	0.01393	0.00975	0.00759	0.00579	0.00226	0.00891	0.00476	0.00446	0.00950
40	0.01163	0.00839	0.01042	0.01088	0.01112	0.00876	0.00712	0.01241	0.01342	0.01810	0.03182	0.28052	0.03719	0.39449	0.02822	0.00579	0.05864	0.03938	0.00583	0.00590
41	0.01415	0.00930	0.01195	0.01103	0.01343	0.00878	0.00835	0.01901	0.06251	0.08795	0.53458	0.08782	0.06718	0.01610	0.00940	0.00260	0.00431	0.01417	0.00892	0.00847
42	0.01505	0.01409	0.01956	0.01787	0.01803	0.01859	0.01425	0.01671	0.01349	0.01993	0.02234	0.25502	0.02540	0.01805	0.02105	0.00346	0.46152	0.01258	0.00492	0.00809
43	0.01267	0.00992	0.01221	0.01174	0.01378	0.01015	0.00880	0.01873	0.11571	0.02916	0.37733	0.16896	0.10986	0.01750	0.01035	0.00278	0.03877	0.01514	0.00820	0.00825
44	0.02994	0.02552	0.02474	0.02143	0.07306	0.15053	0.01618	0.47547	0.03377	0.04330	0.01784	0.01860	0.01309	0.00929	0.00796	0.00237	0.01007	0.00690	0.00706	0.01289
45	0.01979	0.09205	0.48161	0.02194	0.03183	0.16678	0.02561	0.02708	0.01838	0.02391	0.01387	0.01627	0.01033	0.00780	0.00743	0.00240	0.01233	0.00570	0.00360	0.01130
46	0.02364	0.35550	0.15659	0.01792	0.02503	0.21050	0.01756	0.06592	0.01981	0.02261	0.01278	0.01467	0.01061	0.00766	0.00646	0.00204	0.01099	0.00509	0.00396	0.01065
47	0.01899	0.01824	0.07980	0.01595	0.02097	0.01776	0.01355	0.03679	0.46809	0.05766	0.08200	0.03487	0.07613	0.01181	0.00840	0.00271	0.00660	0.00985	0.00786	0.01195
48	0.01513	0.00756	0.00756	0.00756	0.00945	0.00756	0.00567	0.01891	0.01702	0.03025	0.02647	0.03025	0.02080	0.00945	0.00567	0.00189	0.00378	0.00756	0.75988	0.00756
49	0.05171	0.03930	0.60129	0.02425	0.07426	0.01884	0.02867	0.02556	0.01706	0.02625	0.01445	0.01714	0.01037	0.00767	0.00760	0.00256	0.01158	0.00600	0.00354	0.01190
50	0.01929	0.03134	0.35273	0.02379	0.05601	0.06069	0.12296	0.06551	0.04778	0.05384	0.07126	0.02269	0.01759	0.00871	0.00823	0.00256	0.01101	0.00762	0.00485	0.01155
51	0.01916	0.01831	0.03077	0.04616	0.60691	0.01819	0.02326	0.02374	0.01848	0.02611	0.02113	0.02517	0.06970	0.00840	0.00817	0.00244	0.00915	0.00810	0.00433	0.01233

[dist]
# distance from previous block
# <min> <max>
0	1

[block]
# block no. 2 follows, 23 sequences, length 21
# corresponding to MSA columns:
# 62-82
name=unknown_C
#
# <colnr> <probs for GDERKNQSTAVLIFYWHMCP>
#	G	D	E	R	K	N	Q	S	T	A	V	L	I	F	Y	W	H	M	C	P
0	0.01853	0.02071	0.06934	0.01688	0.02074	0.17695	0.06736	0.05519	0.06139	0.02632	0.17770	0.13662	0.03577	0.06658	0.01124	0.00298	0.00887	0.01154	0.00631	0.00900
1	0.01828	0.07390	0.49071	0.02634	0.12936	0.02012	0.02720	0.07299	0.01893	0.02744	0.01487	0.01754	0.01095	0.00775	0.00765	0.00249	0.01122	0.00620	0.00388	0.01218
2	0.01513	0.00756	0.00756	0.00756	0.00945	0.00756	0.00567	0.01891	0.01702	0.03025	0.02647	0.03025	0.02080	0.00945	0.00567	0.00189	0.00378	0.00756	0.75988	0.00756
3	0.02356	0.12936	0.02924	0.03011	0.27816	0.14609	0.01841	0.13782	0.02298	0.02912	0.06498	0.02102	0.01715	0.00859	0.00760	0.00226	0.00985	0.00700	0.00510	0.01160
4	0.01819	0.12137	0.40352	0.02366	0.11287	0.01910	0.02397	0.02521	0.01816	0.06373	0.07885	0.02189	0.01775	0.00856	0.00764	0.00244	0.01015	0.00693	0.00444	0.01158
5	0.14574	0.12735	0.20711	0.02411	0.15525	0.08175	0.01979	0.02751	0.06671	0.05059	0.01558	0.01766	0.01208	0.00787	0.00699	0.00238	0.00971	0.00600	0.00451	0.01130
6	0.02138	0.01848	0.01879	0.01689	0.02136	0.06213	0.01341	0.12031	0.44421	0.03414	0.03113	0.03569	0.02517	0.01213	0.00856	0.00279	0.00743	0.08606	0.00787	0.01206
7	0.01154	0.00872	0.01217	0.01419	0.06965	0.00821	0.00913	0.01438	0.01928	0.02677	0.33060	0.34425	0.06079	0.01967	0.00978	0.00287	0.00473	0.01773	0.00788	0.00764
8	0.23495	0.19241	0.02466	0.01619	0.02147	0.28493	0.01331	0.08160	0.02023	0.02705	0.01251	0.01427	0.01028	0.00792	0.00625	0.00215	0.01039	0.00497	0.00459	0.00986
9	0.02086	0.02075	0.03218	0.04761	0.61576	0.06954	0.02420	0.02547	0.01882	0.02601	0.01506	0.01967	0.01267	0.00732	0.00798	0.00239	0.01002	0.00708	0.00403	0.01259
10	0.02394	0.01491	0.01796	0.01352	0.02016	0.01275	0.01092	0.05794	0.08056	0.22975	0.02195	0.02162	0.01585	0.00793	0.00700	0.00182	0.00647	0.00639	0.00693	0.42160
11	0.01513	0.00756	0.00756	0.00756	0.00945	0.00756	0.00567	0.01891	0.01702	0.03025	0.02647	0.03025	0.02080	0.00945	0.00567	0.00189	0.00378	0.00756	0.75988	0.00756
12	0.66582	0.01506	0.01246	0.01100	0.01586	0.01704	0.00897	0.02452	0.01447	0.09123	0.01328	0.01508	0.01008	0.00888	0.00675	0.04394	0.00637	0.00487	0.00538	0.00895
13	0.02039	0.42045	0.27012	0.01779	0.02635	0.07778	0.01987	0.02544	0.01723	0.02155	0.01257	0.01464	0.01037	0.00733	0.00628	0.00207	0.01034	0.00501	0.00351	0.01091
14	0.01177	0.00797	0.00939	0.00939	0.00958	0.00816	0.00559	0.01215	0.01196	0.01613	0.02507	0.05036	0.02831	0.63053	0.12398	0.00853	0.00965	0.01140	0.00484	0.00522
15	0.23832	0.02033	0.02061	0.01623	0.02230	0.02258	0.01340	0.43703	0.03063	0.07673	0.01780	0.01811	0.01270	0.00914	0.00725	0.00246	0.00809	0.00653	0.00734	0.01240
16	0.01877	0.01756	0.02750	0.08838	0.38318	0.01829	0.04884	0.02745	0.15552	0.02728	0.02440	0.02875	0.05821	0.00949	0.00837	0.00259	0.00879	0.02951	0.00526	0.01189
17	0.01513	0.00756	0.00756	0.00756	0.00945	0.00756	0.00567	0.01891	0.01702	0.03025	0.02647	0.03025	0.02080	0.00945	0.00567	0.00189	0.00378	0.00756	0.75988	0.00756
18	0.01614	0.01067	0.01278	0.05493	0.01694	0.01017	0.00928	0.02142	0.09451	0.13549	0.17843	0.05675	0.31879	0.01605	0.00909	0.00266	0.00523	0.01354	0.00807	0.00904
19	0.01745	0.01713	0.05645	0.03774	0.44141	0.01610	0.02095	0.02190	0.01786	0.02517	0.02239	0.09238	0.02188	0.01432	0.04861	0.00332	0.00970	0.09928	0.00484	0.01112
20	0.13680	0.05502	0.07053	0.01805	0.05835	0.15433	0.01449	0.02419	0.01780	0.08103	0.02679	0.02823	0.13075	0.01151	0.01097	0.00262	0.13570	0.00802	0.00523	0.00959

[dist]
# distance from previous block
# <min> <max>
0	6

[block]
# block no. 3 follows, 23 sequences, length 32
# corresponding to MSA columns:
# 89-120
name=unknown_D
#
# <colnr> <probs for GDERKNQSTAVLIFYWHMCP>
#	G	D	E	R	K	N	Q	S	T	A	V	L	I	F	Y	W	H	M	C	P
0	0.28947	0.02402	0.19267	0.01786	0.02489	0.06005	0.08661	0.02634	0.01725	0.11328	0.01782	0.06459	0.01423	0.00910	0.00718	0.00258	0.00915	0.00723	0.00527	0.01043
1	0.20575	0.02445	0.10282	0.02521	0.09126	0.11055	0.20735	0.04715	0.05953	0.02906	0.01548	0.01850	0.01187	0.00772	0.00765	0.00253	0.01078	0.00697	0.00465	0.01072
2	0.01790	0.02111	0.15763	0.02003	0.05756	0.01527	0.11732	0.06791	0.04632	0.05218	0.07509	0.02947	0.09183	0.00968	0.00806	0.00228	0.00856	0.00863	0.00558	0.18757
3	0.02212	0.06502	0.15267	0.02046	0.06806	0.18749	0.04349	0.10022	0.02234	0.05935	0.08258	0.02848	0.09231	0.01042	0.00803	0.00240	0.01011	0.00829	0.00557	0.01058
4	0.02217	0.02083	0.10191	0.02338	0.13823	0.01933	0.01749	0.13637	0.26493	0.08023	0.02592	0.02916	0.02021	0.01045	0.00833	0.00267	0.00822	0.05062	0.00696	0.01259
5	0.01149	0.00852	0.01249	0.01262	0.01389	0.00973	0.00958	0.01408	0.01312	0.01874	0.02358	0.07953	0.02323	0.10616	0.59014	0.01200	0.01956	0.00990	0.00461	0.00703
6	0.02169	0.01638	0.02212	0.02627	0.23350	0.01696	0.01593	0.03287	0.26166	0.13798	0.03256	0.03189	0.09261	0.01068	0.00832	0.00260	0.00731	0.00926	0.00707	0.01233
7	0.01513	0.00756	0.00756	0.00756	0.00945	0.00756	0.00567	0.01891	0.01702	0.03025	0.02647	0.03025	0.02080	0.00945	0.00567	0.00189	0.00378	0.00756	0.75988	0.00756
8	0.07465	0.20351	0.05194	0.02300	0.17335	0.05215	0.01603	0.02748	0.09033	0.09542	0.02308	0.02714	0.05145	0.00970	0.00736	0.00238	0.00837	0.04602	0.00549	0.01115
9	0.01513	0.00756	0.00756	0.00756	0.00945	0.00756	0.00567	0.01891	0.01702	0.03025	0.02647	0.03025	0.02080	0.00945	0.00567	0.00189	0.00378	0.00756	0.75988	0.00756
10	0.01715	0.11326	0.01689	0.01234	0.01599	0.16205	0.00974	0.01940	0.01951	0.04923	0.08057	0.07945	0.34367	0.01552	0.00845	0.00246	0.00723	0.01245	0.00640	0.00824
11	0.02047	0.12918	0.18471	0.02035	0.08260	0.08038	0.01796	0.13786	0.02181	0.02896	0.05997	0.09533	0.02034	0.01040	0.00771	0.00236	0.00927	0.00839	0.00532	0.05663
12	0.57495	0.01722	0.04554	0.01242	0.01778	0.01817	0.01066	0.07702	0.04430	0.06804	0.01537	0.04123	0.01221	0.00867	0.00591	0.00255	0.00676	0.00581	0.00569	0.00971
13	0.01162	0.00860	0.01256	0.01256	0.01385	0.00988	0.00955	0.01418	0.01290	0.01848	0.02217	0.03430	0.02134	0.13548	0.60949	0.01245	0.02015	0.00905	0.00441	0.00698
14	0.02243	0.18556	0.10862	0.01530	0.02153	0.01929	0.01433	0.03167	0.19348	0.17252	0.05572	0.02925	0.07553	0.01045	0.00761	0.00242	0.00749	0.00830	0.00686	0.01164
15	0.01468	0.01089	0.01330	0.01474	0.04317	0.05237	0.01061	0.01719	0.01749	0.07331	0.06805	0.34403	0.04234	0.02529	0.08674	0.00428	0.00821	0.13834	0.00705	0.00793
16	0.01836	0.09877	0.07123	0.03175	0.33702	0.04187	0.01896	0.02390	0.05385	0.02719	0.16677	0.02894	0.02790	0.00967	0.00804	0.00238	0.00833	0.00860	0.00530	0.01117
17	0.14665	0.09680	0.22810	0.02115	0.06772	0.26180	0.01948	0.02766	0.01875	0.02478	0.01303	0.01539	0.01028	0.00782	0.00692	0.00230	0.01156	0.00538	0.00401	0.01043
18	0.17937	0.21552	0.02738	0.01987	0.09493	0.19985	0.01479	0.11284	0.02095	0.02822	0.01323	0.01520	0.01085	0.00787	0.00646	0.00216	0.00991	0.00533	0.00470	0.01057
19	0.01414	0.08888	0.01540	0.01143	0.01454	0.01250	0.00906	0.04148	0.10422	0.03020	0.39072	0.05269	0.15359	0.01518	0.00887	0.00251	0.00493	0.01294	0.00799	0.00873
20	0.01513	0.00756	0.00756	0.00756	0.00945	0.00756	0.00567	0.01891	0.01702	0.03025	0.02647	0.03025	0.02080	0.00945	0.00567	0.00189	0.00378	0.00756	0.75988	0.00756
21	0.01102	0.00828	0.01021	0.00973	0.01184	0.00746	0.00729	0.01442	0.02188	0.02996	0.51977	0.06485	0.21833	0.01755	0.00958	0.00260	0.00390	0.01527	0.00859	0.00746
22	0.01462	0.01213	0.01441	0.01158	0.01676	0.00950	0.00887	0.01765	0.01690	0.02520	0.05595	0.18221	0.05572	0.01171	0.00736	0.00183	0.00551	0.01010	0.00577	0.51622
23	0.02548	0.14716	0.16613	0.02095	0.07229	0.20209	0.01839	0.06988	0.05555	0.12155	0.01745	0.01841	0.01302	0.00838	0.00733	0.00228	0.01072	0.00618	0.00524	0.01152
24	0.01565	0.02641	0.32979	0.01776	0.02508	0.01572	0.01947	0.02628	0.15507	0.02956	0.21558	0.03324	0.03364	0.01113	0.00840	0.00260	0.00830	0.00933	0.00615	0.01085
25	0.01513	0.00756	0.00756	0.00756	0.00945	0.00756	0.00567	0.01891	0.01702	0.03025	0.02647	0.03025	0.02080	0.00945	0.00567	0.00189	0.00378	0.00756	0.75988	0.00756
26	0.01746	0.01840	0.05679	0.03491	0.29429	0.01692	0.21737	0.02255	0.01869	0.02594	0.06913	0.09296	0.05656	0.01028	0.00894	0.00263	0.00983	0.01054	0.00491	0.01090
27	0.11087	0.07831	0.02091	0.01728	0.02132	0.38625	0.01343	0.02760	0.01947	0.05699	0.01523	0.01855	0.01278	0.01889	0.14378	0.00435	0.01426	0.00593	0.00458	0.00921
28	0.01328	0.01148	0.01617	0.02100	0.20390	0.01078	0.01196	0.01643	0.01908	0.02534	0.19403	0.05517	0.28969	0.06293	0.01128	0.00295	0.00593	0.01327	0.00665	0.00868
29	0.02417	0.25191	0.06130	0.06348	0.02564	0.16295	0.01575	0.13865	0.12913	0.02795	0.01708	0.01823	0.01348	0.00855	0.00701	0.00221	0.00989	0.00615	0.00527	0.01120
30	0.01513	0.00756	0.00756	0.00756	0.00945	0.00756	0.00567	0.01891	0.01702	0.03025	0.02647	0.03025	0.02080	0.00945	0.00567	0.00189	0.00378	0.00756	0.75988	0.00756
31	0.53015	0.06417	0.10697	0.01258	0.01836	0.01799	0.01198	0.02317	0.01550	0.03333	0.08577	0.01914	0.01684	0.00855	0.00593	0.00247	0.00696	0.00579	0.00514	0.00922

[dist]
# distance from previous block
# <min> <max>
0	1

[block]
# block no. 4 follows, 23 sequences, length 10
# corresponding to MSA columns:
# 122-131
name=unknown_E
#
# <colnr> <probs for GDERKNQSTAVLIFYWHMCP>
#	G	D	E	R	K	N	Q	S	T	A	V	L	I	F	Y	W	H	M	C	P
0	0.06996	0.02567	0.02120	0.01936	0.05811	0.26975	0.01417	0.23267	0.02550	0.03124	0.01697	0.02187	0.01435	0.09310	0.04803	0.00351	0.01154	0.00694	0.00565	0.01041
1	0.77215	0.01569	0.01193	0.01067	0.01569	0.01820	0.00879	0.02385	0.01381	0.03641	0.01130	0.01318	0.00879	0.00753	0.00502	0.00251	0.00628	0.00439	0.00502	0.00879
2	0.01866	0.02776	0.27220	0.03983	0.42898	0.01912	0.02680	0.02520	0.01797	0.02621	0.01500	0.01898	0.01189	0.00741	0.00791	0.00247	0.01052	0.00677	0.00380	0.01253
3	0.01513	0.00756	0.00756	0.00756	0.00945	0.00756	0.00567	0.01891	0.01702	0.03025	0.02647	0.03025	0.02080	0.00945	0.00567	0.00189	0.00378	0.00756	0.75988	0.00756
4	0.00975	0.00823	0.00845	0.00839	0.01106	0.00692	0.00629	0.01196	0.01888	0.02284	0.13199	0.07658	0.61056	0.02021	0.00959	0.00272	0.00409	0.01691	0.00766	0.00692
5	0.09348	0.00935	0.01085	0.01065	0.01312	0.00872	0.00784	0.01584	0.01825	0.06021	0.20278	0.27979	0.15155	0.01829	0.00904	0.00274	0.00475	0.01589	0.00757	0.05926
6	0.02206	0.27715	0.27277	0.01929	0.02735	0.20771	0.02040	0.02707	0.01854	0.02177	0.01286	0.01500	0.01037	0.00762	0.00673	0.00215	0.01157	0.00520	0.00365	0.01072
7	0.01583	0.01917	0.15156	0.01629	0.02214	0.01418	0.05368	0.02353	0.12243	0.02480	0.02043	0.02663	0.01747	0.10064	0.14200	0.00491	0.01105	0.00766	0.00499	0.20062
8	0.01998	0.16012	0.02364	0.01895	0.09840	0.05612	0.01363	0.16859	0.02239	0.02873	0.02860	0.19359	0.06590	0.01413	0.00831	0.00259	0.00786	0.05213	0.00622	0.01012
9	0.02551	0.02280	0.02547	0.02038	0.02619	0.16775	0.12969	0.09352	0.19030	0.12600	0.02247	0.02275	0.01651	0.00900	0.00810	0.00242	0.00991	0.00771	0.00657	0.06697

[dist]
# distance from previous block
# <min> <max>
0	1

[block]
# block no. 5 follows, 23 sequences, length 66
# corresponding to MSA columns:
# 133-198
name=unknown_F
#
# <colnr> <probs for GDERKNQSTAVLIFYWHMCP>
#	G	D	E	R	K	N	Q	S	T	A	V	L	I	F	Y	W	H	M	C	P
0	0.01621	0.16492	0.25849	0.01603	0.02355	0.01719	0.01738	0.02166	0.01802	0.02561	0.14258	0.05887	0.02584	0.00985	0.00738	0.00217	0.00822	0.00799	0.00498	0.15305
1	0.02181	0.06346	0.01844	0.01522	0.01877	0.27726	0.01172	0.02550	0.04472	0.07672	0.29338	0.03590	0.04017	0.01204	0.00826	0.00232	0.00873	0.00961	0.00679	0.00918
2	0.02037	0.19212	0.03708	0.03909	0.43144	0.02259	0.09505	0.02488	0.01807	0.02462	0.01442	0.01856	0.01219	0.00711	0.00752	0.00228	0.00989	0.00680	0.00389	0.01202
3	0.02057	0.02021	0.07974	0.01566	0.02174	0.05651	0.01351	0.16464	0.17460	0.03273	0.02905	0.02880	0.10247	0.01031	0.00774	0.00224	0.00759	0.00821	0.00658	0.19710
4	0.21338	0.01451	0.01634	0.01257	0.01889	0.01308	0.01026	0.02833	0.01843	0.26607	0.02012	0.01989	0.01418	0.00788	0.00655	0.00201	0.00641	0.00594	0.00679	0.29836
5	0.13327	0.01167	0.01354	0.07568	0.01883	0.01195	0.01032	0.02213	0.07971	0.11145	0.15996	0.04934	0.19580	0.01448	0.00855	0.00272	0.00587	0.05828	0.00743	0.00903
6	0.01513	0.00756	0.00756	0.00756	0.00945	0.00756	0.00567	0.01891	0.01702	0.03025	0.02647	0.03025	0.02080	0.00945	0.00567	0.00189	0.00378	0.00756	0.75988	0.00756
7	0.03085	0.02273	0.02435	0.01867	0.02516	0.02516	0.01542	0.63716	0.03815	0.05114	0.01948	0.01948	0.01380	0.00974	0.00812	0.00244	0.00893	0.00731	0.00812	0.01380
8	0.01513	0.00756	0.00756	0.00756	0.00945	0.00756	0.00567	0.01891	0.01702	0.03025	0.02647	0.03025	0.02080	0.00945	0.00567	0.00189	0.00378	0.00756	0.75988	0.00756
9	0.02719	0.08589	0.02297	0.01926	0.05813	0.34768	0.01417	0.05328	0.04957	0.11466	0.01767	0.02068	0.01431	0.06383	0.00996	0.00258	0.01112	0.00643	0.00537	0.05524
10	0.00959	0.00822	0.00822	0.00822	0.01096	0.00685	0.00617	0.01165	0.01850	0.02192	0.08220	0.07809	0.66092	0.02055	0.00959	0.00274	0.00411	0.01713	0.00754	0.00685
11	0.77215	0.01569	0.01193	0.01067	0.01569	0.01820	0.00879	0.02385	0.01381	0.03641	0.01130	0.01318	0.00879	0.00753	0.00502	0.00251	0.00628	0.00439	0.00502	0.00879
12	0.01774	0.01689	0.02554	0.03587	0.41715	0.05321	0.01928	0.02172	0.01739	0.02389	0.02195	0.02723	0.06535	0.02155	0.17429	0.00504	0.01247	0.00825	0.00438	0.01081
13	0.01127	0.00829	0.01054	0.00998	0.01199	0.00756	0.00748	0.01489	0.02245	0.03131	0.59315	0.06263	0.14411	0.01705	0.00957	0.00257	0.00386	0.01496	0.00877	0.00756
14	0.01568	0.01321	0.01609	0.05236	0.02001	0.01062	0.01000	0.01944	0.01800	0.02730	0.14167	0.02574	0.02467	0.00822	0.00684	0.00156	0.00587	0.00690	0.00555	0.57026
15	0.02943	0.11061	0.02520	0.01997	0.02463	0.56088	0.01547	0.07894	0.02348	0.02223	0.01295	0.01484	0.01071	0.00832	0.00715	0.00208	0.01355	0.00529	0.00441	0.00986
16	0.01818	0.01332	0.01665	0.01488	0.06816	0.01125	0.01064	0.02277	0.05354	0.10811	0.12905	0.03198	0.08455	0.00996	0.00747	0.00191	0.00590	0.00841	0.00652	0.37677
17	0.06092	0.21061	0.40183	0.02070	0.03037	0.05638	0.06361	0.02560	0.01722	0.02434	0.01357	0.01605	0.01037	0.00748	0.00703	0.00234	0.01108	0.00568	0.00361	0.01121
18	0.02225	0.59146	0.03833	0.01475	0.02102	0.11527	0.01391	0.02480	0.01714	0.01918	0.01203	0.01428	0.01097	0.01015	0.04345	0.00242	0.01018	0.00470	0.00361	0.01010
19	0.20574	0.02964	0.24491	0.02508	0.13935	0.13322	0.06103	0.02628	0.01769	0.02749	0.01365	0.01656	0.01053	0.00764	0.00716	0.00246	0.01074	0.00592	0.00410	0.01084
20	0.02805	0.03209	0.02600	0.02648	0.14499	0.43769	0.04112	0.11865	0.02421	0.02588	0.01421	0.01663	0.01146	0.00829	0.00765	0.00222	0.01284	0.00607	0.00472	0.01075
21	0.02048	0.02023	0.02945	0.07155	0.49326	0.08108	0.02238	0.02643	0.06828	0.02609	0.01779	0.02411	0.01521	0.00845	0.00815	0.00249	0.00980	0.03816	0.00452	0.01208
22	0.01513	0.00756	0.00756	0.00756	0.00945	0.00756	0.00567	0.01891	0.01702	0.03025	0.02647	0.03025	0.02080	0.00945	0.00567	0.00189	0.00378	0.00756	0.75988	0.00756
23	0.02220	0.01843	0.01948	0.01692	0.02187	0.02113	0.01333	0.15562	0.53377	0.03720	0.03046	0.02823	0.02269	0.01077	0.00823	0.00269	0.00690	0.00882	0.00823	0.01302
24	0.01927	0.01831	0.03020	0.04472	0.57781	0.01835	0.02277	0.02486	0.05301	0.02656	0.02148	0.02519	0.06431	0.00848	0.00817	0.00245	0.00903	0.00811	0.00452	0.01238
25	0.01924	0.28856	0.27965	0.01994	0.06243	0.02406	0.02049	0.02839	0.13535	0.02483	0.01684	0.01822	0.01319	0.00801	0.00690	0.00228	0.00958	0.00604	0.00438	0.01161
26	0.77215	0.01569	0.01193	0.01067	0.01569	0.01820	0.00879	0.02385	0.01381	0.03641	0.01130	0.01318	0.00879	0.00753	0.00502	0.00251	0.00628	0.00439	0.00502	0.00879
27	0.01809	0.23945	0.43869	0.02128	0.03149	0.02287	0.07266	0.02531	0.01710	0.02378	0.01374	0.01630	0.01048	0.00742	0.00712	0.00234	0.01115	0.00579	0.00349	0.01145
28	0.02018	0.01743	0.01835	0.01651	0.02110	0.02018	0.01284	0.04312	0.64956	0.03394	0.03303	0.03027	0.02477	0.01101	0.00826	0.00275	0.00642	0.00917	0.00826	0.01284
29	0.02163	0.05274	0.13747	0.02906	0.26202	0.01771	0.01978	0.06161	0.06405	0.11931	0.02022	0.05488	0.01617	0.00890	0.00782	0.00238	0.00876	0.00772	0.00552	0.08226
30	0.01513	0.00756	0.00756	0.00756	0.00945	0.00756	0.00567	0.01891	0.01702	0.03025	0.02647	0.03025	0.02080	0.00945	0.00567	0.00189	0.00378	0.00756	0.75988	0.00756
31	0.02489	0.06230	0.02928	0.02369	0.08725	0.02261	0.13476	0.27630	0.16447	0.05838	0.02137	0.02224	0.01582	0.00907	0.00825	0.00252	0.00928	0.00799	0.00678	0.01275
32	0.00989	0.00706	0.00942	0.01130	0.01177	0.00659	0.00753	0.01130	0.01554	0.02071	0.04472	0.70954	0.05367	0.02542	0.01036	0.00330	0.00471	0.02307	0.00753	0.00659
33	0.01796	0.01657	0.02749	0.04005	0.50359	0.01642	0.02065	0.02254	0.01958	0.02799	0.17406	0.03007	0.02855	0.00954	0.00841	0.00244	0.00821	0.00906	0.00523	0.01157
34	0.01513	0.00756	0.00756	0.00756	0.00945	0.00756	0.00567	0.01891	0.01702	0.03025	0.02647	0.03025	0.02080	0.00945	0.00567	0.00189	0.00378	0.00756	0.75988	0.00756
35	0.13399	0.06011	0.01814	0.01554	0.01931	0.19924	0.01191	0.05624	0.16547	0.02723	0.02511	0.18551	0.02408	0.01294	0.00784	0.00259	0.00848	0.01036	0.00620	0.00969
36	0.01930	0.02061	0.09318	0.03768	0.42396	0.01887	0.02185	0.02861	0.16051	0.02840	0.05090	0.02407	0.01841	0.00859	0.00813	0.00251	0.00887	0.00791	0.00515	0.01251
37	0.01742	0.09090	0.59303	0.02222	0.03355	0.02015	0.02805	0.05703	0.01816	0.02652	0.01457	0.01695	0.01047	0.00776	0.00755	0.00250	0.01159	0.00594	0.00367	0.01197
38	0.02714	0.03472	0.05556	0.02109	0.02484	0.52003	0.01680	0.02954	0.02062	0.02008	0.01227	0.01537	0.01048	0.00948	0.01114	0.00240	0.14935	0.00563	0.00402	0.00943
39	0.01698	0.03702	0.51886	0.02585	0.03691	0.01926	0.17895	0.02577	0.01763	0.02577	0.01502	0.01830	0.01078	0.00750	0.00817	0.00261	0.01241	0.00688	0.00359	0.01173
40	0.01357	0.01123	0.01228	0.01165	0.01475	0.01141	0.00897	0.02277	0.22094	0.02826	0.19451	0.05956	0.29604	0.01671	0.00924	0.00275	0.00495	0.04335	0.00808	0.00898
41	0.01513	0.00756	0.00756	0.00756	0.00945	0.00756	0.00567	0.01891	0.01702	0.03025	0.02647	0.03025	0.02080	0.00945	0.00567	0.00189	0.00378	0.00756	0.75988	0.00756
42	0.01987	0.01922	0.03329	0.07260	0.61428	0.01929	0.05209	0.02480	0.01842	0.02628	0.01528	0.02022	0.01275	0.00724	0.00810	0.00244	0.00986	0.00733	0.00401	0.01263
43	0.02663	0.02500	0.02440	0.02814	0.23069	0.27993	0.01728	0.02996	0.02157	0.15043	0.07069	0.02274	0.01858	0.00900	0.00790	0.00231	0.01061	0.00723	0.00567	0.01124
44	0.01197	0.00900	0.01116	0.01050	0.01271	0.00855	0.00791	0.01711	0.07162	0.03155	0.55076	0.06005	0.13322	0.01656	0.00947	0.00259	0.00406	0.01450	0.00873	0.00798
45	0.02096	0.31585	0.28453	0.01923	0.02791	0.08278	0.04384	0.07366	0.01911	0.02450	0.01350	0.01560	0.01070	0.00758	0.00676	0.00218	0.01069	0.00549	0.00390	0.01122
46	0.58916	0.08695	0.01629	0.01175	0.01716	0.01935	0.00993	0.05579	0.01619	0.09606	0.01369	0.01486	0.01028	0.00782	0.00549	0.00243	0.00671	0.00489	0.00550	0.00968
47	0.01090	0.00844	0.01036	0.04488	0.01365	0.00807	0.00770	0.01328	0.01767	0.02313	0.20306	0.12204	0.27021	0.12775	0.07884	0.00450	0.00670	0.01496	0.00698	0.00688
48	0.01161	0.00862	0.01265	0.01265	0.01396	0.00993	0.00965	0.01424	0.01292	0.01854	0.02209	0.03387	0.02115	0.12231	0.62241	0.01255	0.02043	0.00899	0.00440	0.00703
49	0.01855	0.02022	0.09095	0.20630	0.45526	0.01893	0.02480	0.02395	0.01780	0.02501	0.01499	0.02019	0.01211	0.00749	0.00802	0.00250	0.01015	0.00711	0.00386	0.01183
50	0.01513	0.00756	0.00756	0.00756	0.00945	0.00756	0.00567	0.01891	0.01702	0.03025	0.02647	0.03025	0.02080	0.00945	0.00567	0.00189	0.00378	0.00756	0.75988	0.00756
51	0.02221	0.42491	0.04137	0.02054	0.02757	0.08747	0.19074	0.05584	0.01891	0.02271	0.01326	0.01601	0.01112	0.00718	0.00679	0.00209	0.01065	0.00606	0.00395	0.01064
52	0.01513	0.00756	0.00756	0.00756	0.00945	0.00756	0.00567	0.01891	0.01702	0.03025	0.02647	0.03025	0.02080	0.00945	0.00567	0.00189	0.00378	0.00756	0.75988	0.00756
53	0.01752	0.09124	0.12502	0.02941	0.20595	0.01792	0.13545	0.02286	0.01826	0.02491	0.02285	0.03960	0.02175	0.01152	0.00889	0.00280	0.01003	0.17856	0.00487	0.01059
54	0.01960	0.45825	0.28567	0.01745	0.02634	0.02699	0.02009	0.02484	0.01674	0.02164	0.01255	0.01460	0.01036	0.00724	0.00617	0.00206	0.00996	0.00498	0.00345	0.01102
55	0.77215	0.01569	0.01193	0.01067	0.01569	0.01820	0.00879	0.02385	0.01381	0.03641	0.01130	0.01318	0.00879	0.00753	0.00502	0.00251	0.00628	0.00439	0.00502	0.00879
56	0.01178	0.00793	0.00918	0.00918	0.00929	0.00805	0.00533	0.01201	0.01190	0.01598	0.02527	0.05144	0.02878	0.66357	0.09158	0.00827	0.00895	0.01156	0.00487	0.00510
57	0.01929	0.01800	0.02072	0.02428	0.20173	0.08152	0.01493	0.09181	0.16443	0.02889	0.03845	0.03824	0.19906	0.01224	0.00846	0.00255	0.00775	0.01029	0.00643	0.01091
58	0.01120	0.00785	0.00972	0.01070	0.01136	0.00760	0.00729	0.01246	0.01471	0.01933	0.03895	0.29217	0.08227	0.31021	0.02327	0.00523	0.00644	0.11675	0.00644	0.00606
59	0.02443	0.50835	0.03681	0.01560	0.02214	0.10507	0.01438	0.14265	0.02138	0.02532	0.01300	0.01444	0.01107	0.00764	0.00601	0.00191	0.00941	0.00501	0.00444	0.01095
60	0.01923	0.01996	0.02271	0.02948	0.29255	0.17035	0.01672	0.02268	0.01995	0.02491	0.12255	0.09520	0.08608	0.01188	0.00846	0.00247	0.00894	0.01031	0.00547	0.01010
61	0.01660	0.08233	0.63526	0.02258	0.03427	0.01963	0.02902	0.02561	0.01709	0.02530	0.01437	0.01689	0.01029	0.00766	0.00756	0.00252	0.01179	0.00590	0.00343	0.01190
62	0.02055	0.02879	0.27362	0.02999	0.18235	0.02046	0.11810	0.14213	0.05002	0.03112	0.01677	0.01959	0.01251	0.00799	0.00817	0.00254	0.01087	0.00723	0.00477	0.01241
63	0.06484	0.07496	0.15422	0.02107	0.05048	0.32722	0.01838	0.14439	0.02366	0.02801	0.01422	0.01609	0.01105	0.00832	0.00733	0.00226	0.01205	0.00575	0.00477	0.01091
64	0.01622	0.01469	0.06736	0.02159	0.17574	0.01259	0.01413	0.02184	0.07633	0.07762	0.18591	0.10609	0.14843	0.01413	0.00890	0.00264	0.00649	0.01240	0.00695	0.00997
65	0.01513	0.00756	0.00756	0.00756	0.00945	0.00756	0.00567	0.01891	0.01702	0.03025	0.02647	0.03025	0.02080	0.00945	0.00567	0.00189	0.00378	0.00756	0.75988	0.00756

[dist]
# distance from previous block
# <min> <max>
0	1

[block]
# block no. 6 follows, 23 sequences, length 24
# corresponding to MSA columns:
# 200-223
name=unknown_G
#
# <colnr> <probs for GDERKNQSTAVLIFYWHMCP>
#	G	D	E	R	K	N	Q	S	T	A	V	L	I	F	Y	W	H	M	C	P
0	0.03312	0.01908	0.02209	0.01694	0.02334	0.01974	0.01399	0.39251	0.03204	0.30442	0.02461	0.02281	0.01637	0.00986	0.00813	0.00247	0.00810	0.00766	0.00891	0.01380
1	0.01400	0.01191	0.01466	0.01373	0.01440	0.04411	0.01016	0.01547	0.01288	0.01784	0.02018	0.03600	0.02114	0.30184	0.24687	0.00828	0.17599	0.00936	0.00437	0.00682
2	0.03085	0.02273	0.02435	0.01867	0.02516	0.02516	0.01542	0.63716	0.03815	0.05114	0.01948	0.01948	0.01380	0.00974	0.00812	0.00244	0.00893	0.00731	0.00812	0.01380
3	0.01289	0.00861	0.01074	0.01017	0.01250	0.00771	0.00763	0.01603	0.02128	0.07992	0.41925	0.11930	0.20787	0.01778	0.00953	0.00266	0.00422	0.01547	0.00857	0.00786
4	0.01171	0.00824	0.01072	0.01072	0.01136	0.00888	0.00724	0.01300	0.01235	0.01712	0.02386	0.04365	0.02540	0.42357	0.32695	0.01017	0.01404	0.01042	0.00466	0.00595
5	0.03044	0.03491	0.02331	0.02038	0.02510	0.52726	0.01562	0.17505	0.02657	0.02724	0.01418	0.01578	0.01124	0.00869	0.00751	0.00217	0.01329	0.00572	0.00511	0.01044
6	0.01068	0.00852	0.00974	0.01017	0.01261	0.00758	0.00812	0.01334	0.01894	0.02349	0.12334	0.08008	0.44651	0.02069	0.01002	0.00299	0.00497	0.17347	0.00764	0.00709
7	0.01036	0.00730	0.00940	0.01075	0.01122	0.00691	0.00703	0.01165	0.01528	0.02050	0.08005	0.54076	0.05042	0.15886	0.01632	0.00414	0.00527	0.02034	0.00711	0.00633
8	0.03031	0.03867	0.02299	0.02090	0.02508	0.68226	0.01568	0.03240	0.02299	0.01986	0.01254	0.01463	0.01045	0.00836	0.00732	0.00209	0.01463	0.00523	0.00418	0.00941
9	0.00993	0.00720	0.00948	0.01116	0.01182	0.00675	0.00755	0.01145	0.01563	0.02072	0.04629	0.64027	0.09272	0.02652	0.03734	0.00365	0.00535	0.02209	0.00740	0.00663
10	0.07029	0.02199	0.02328	0.01809	0.02438	0.02446	0.01489	0.56442	0.07751	0.04920	0.01994	0.01986	0.01426	0.00971	0.00796	0.00246	0.00862	0.00727	0.00796	0.01346
11	0.00986	0.00785	0.00885	0.00942	0.01133	0.00684	0.00675	0.01187	0.01793	0.02249	0.12251	0.28453	0.40760	0.02179	0.00984	0.00291	0.00428	0.01886	0.00766	0.00684
12	0.01060	0.00824	0.00908	0.00915	0.01111	0.00738	0.00663	0.01256	0.01759	0.02208	0.13978	0.07139	0.39724	0.17463	0.01677	0.00394	0.00518	0.06297	0.00712	0.00657
13	0.01405	0.00841	0.00976	0.00936	0.00993	0.00824	0.00556	0.01434	0.01284	0.07553	0.02616	0.05077	0.02864	0.65041	0.03827	0.00738	0.00778	0.01147	0.00539	0.00573
14	0.01448	0.00908	0.01063	0.00977	0.01260	0.00795	0.00735	0.01699	0.01982	0.12553	0.22179	0.06335	0.35013	0.07976	0.01219	0.00311	0.00481	0.01460	0.00806	0.00798
15	0.00991	0.00799	0.00883	0.00914	0.01129	0.00691	0.00665	0.01207	0.01848	0.02311	0.15283	0.20800	0.45432	0.02103	0.00975	0.00283	0.00420	0.01804	0.00772	0.00691
16	0.01583	0.01055	0.01267	0.01219	0.01413	0.01059	0.00867	0.12453	0.01993	0.06735	0.09166	0.34706	0.04150	0.16529	0.01623	0.00398	0.00618	0.01620	0.00738	0.00807
17	0.01444	0.01060	0.01261	0.01243	0.01454	0.01063	0.00908	0.14292	0.02143	0.02860	0.11596	0.43015	0.10355	0.02064	0.00972	0.00298	0.00543	0.01822	0.00782	0.00825
18	0.01359	0.00912	0.01120	0.01078	0.01316	0.00846	0.00803	0.01771	0.06033	0.08626	0.31661	0.18789	0.18935	0.01824	0.00952	0.00275	0.00451	0.01592	0.00841	0.00816
19	0.01216	0.00765	0.00928	0.00987	0.01080	0.00772	0.00676	0.01417	0.01472	0.02210	0.03127	0.24908	0.03309	0.18864	0.11820	0.00543	0.00776	0.01360	0.23113	0.00659
20	0.02478	0.01694	0.01870	0.01514	0.01964	0.01807	0.01185	0.37471	0.02863	0.09658	0.02693	0.07442	0.05532	0.16268	0.01547	0.00368	0.00799	0.00988	0.00754	0.01106
21	0.01606	0.01555	0.01430	0.01381	0.01553	0.16809	0.01009	0.01802	0.01507	0.01827	0.02056	0.03331	0.02035	0.21794	0.35718	0.00912	0.01647	0.00868	0.00446	0.00715
22	0.01158	0.00854	0.00978	0.00971	0.01224	0.00748	0.00745	0.01419	0.01955	0.05461	0.19878	0.10454	0.41892	0.01962	0.00970	0.00281	0.00452	0.07063	0.00795	0.00739
23	0.01042	0.00841	0.00926	0.00956	0.01197	0.00739	0.00743	0.01277	0.01842	0.02257	0.10110	0.07841	0.48951	0.05515	0.01145	0.00316	0.00489	0.12376	0.00746	0.00691

[dist]
# distance from previous block
# <min> <max>
0	212

# created by:
# /home/cegg/simao/soft/augustus-3.2.1/scripts/msa2prfl.pl ./align_prep/12654.fa
