[name]
unknown

[dist]
# distance from previous block
# <min> <max>
0	0

[block]
# block no. 0 follows, 20 sequences, length 15
# corresponding to MSA columns:
# 0-14
name=unknown_A
#
# <colnr> <probs for GDERKNQSTAVLIFYWHMCP>
#	G	D	E	R	K	N	Q	S	T	A	V	L	I	F	Y	W	H	M	C	P
0	0.01406	0.01004	0.01406	0.01606	0.01807	0.01004	0.01406	0.01807	0.02008	0.02610	0.04618	0.09839	0.05020	0.02410	0.01205	0.00402	0.00803	0.58032	0.00803	0.00803
1	0.02899	0.03476	0.02821	0.03262	0.22688	0.45014	0.02009	0.03220	0.02313	0.02368	0.01444	0.01764	0.01208	0.00859	0.00812	0.00236	0.01398	0.00632	0.00444	0.01132
2	0.01332	0.01098	0.01196	0.01135	0.01447	0.01067	0.00862	0.02087	0.15022	0.02955	0.23147	0.06765	0.34892	0.01869	0.01000	0.00289	0.00486	0.01584	0.00869	0.00899
3	0.02834	0.02083	0.02275	0.01838	0.02397	0.02278	0.01477	0.48216	0.03582	0.04798	0.02674	0.16348	0.02400	0.01407	0.00924	0.00282	0.00863	0.01148	0.00859	0.01318
4	0.02199	0.02180	0.03401	0.09517	0.55574	0.06475	0.02590	0.02701	0.02003	0.02756	0.01614	0.02130	0.01348	0.00792	0.00859	0.00259	0.01082	0.00762	0.00430	0.01327
5	0.06488	0.01009	0.01154	0.01185	0.01420	0.00990	0.00888	0.01781	0.07604	0.02816	0.17985	0.24213	0.20392	0.02088	0.01020	0.00314	0.00523	0.06473	0.00830	0.00828
6	0.01414	0.00903	0.01080	0.01053	0.01205	0.00841	0.00708	0.01580	0.01781	0.07411	0.16231	0.14286	0.14350	0.30501	0.02471	0.00529	0.00640	0.01550	0.00743	0.00724
7	0.01828	0.01328	0.01539	0.01403	0.01710	0.01368	0.01029	0.11769	0.10946	0.05296	0.03235	0.21987	0.03284	0.16462	0.05867	0.00480	0.00820	0.01387	0.00734	0.07531
8	0.01225	0.00840	0.01008	0.01029	0.01082	0.00817	0.00641	0.01340	0.01596	0.02172	0.16084	0.16972	0.04710	0.43189	0.03126	0.00637	0.00693	0.01548	0.00670	0.00623
9	0.01717	0.01085	0.01266	0.01194	0.01355	0.01101	0.00815	0.04686	0.06632	0.08414	0.03041	0.05477	0.03134	0.46996	0.03300	0.00671	0.00824	0.06869	0.00657	0.00767
10	0.01569	0.01393	0.01706	0.01584	0.01671	0.05635	0.01205	0.01755	0.01415	0.01961	0.02049	0.03506	0.02092	0.22033	0.26980	0.00885	0.20374	0.00954	0.00459	0.00775
11	0.01135	0.00838	0.01048	0.01139	0.01280	0.00772	0.00814	0.01367	0.01907	0.02522	0.18000	0.34456	0.17641	0.06683	0.01300	0.00361	0.00519	0.06661	0.00823	0.00735
12	0.01135	0.00790	0.00991	0.01122	0.01154	0.00757	0.00710	0.01234	0.01528	0.02037	0.04080	0.46482	0.04851	0.26280	0.02289	0.00528	0.00626	0.02052	0.00710	0.00645
13	0.01404	0.00856	0.01013	0.01013	0.01133	0.00896	0.00705	0.01645	0.01525	0.02394	0.02681	0.04150	0.02546	0.26156	0.18756	0.00735	0.01056	0.01002	0.29630	0.00705
14	0.01590	0.00976	0.01142	0.01081	0.01398	0.00841	0.00816	0.01838	0.02073	0.13984	0.12045	0.17130	0.37724	0.02047	0.01016	0.00298	0.00505	0.01743	0.00873	0.00879

[dist]
# distance from previous block
# <min> <max>
12	20

[block]
# block no. 1 follows, 20 sequences, length 22
# corresponding to MSA columns:
# 40-61
name=unknown_B
#
# <colnr> <probs for GDERKNQSTAVLIFYWHMCP>
#	G	D	E	R	K	N	Q	S	T	A	V	L	I	F	Y	W	H	M	C	P
0	0.01842	0.14957	0.02208	0.01583	0.05150	0.01787	0.01219	0.13071	0.02280	0.02966	0.09431	0.07864	0.17643	0.02312	0.11414	0.00446	0.00978	0.01173	0.00673	0.01003
1	0.02451	0.01827	0.04745	0.01698	0.02191	0.01871	0.01402	0.24346	0.10510	0.10356	0.02531	0.03001	0.02027	0.08775	0.17576	0.00609	0.01251	0.00898	0.00741	0.01196
2	0.02251	0.02446	0.09736	0.01913	0.02527	0.11358	0.06704	0.17354	0.09894	0.03358	0.03896	0.03858	0.18341	0.01303	0.00913	0.00274	0.00962	0.01067	0.00696	0.01148
3	0.02035	0.08272	0.46119	0.02510	0.03646	0.02079	0.11476	0.02895	0.01930	0.08437	0.01745	0.01992	0.01236	0.00833	0.00845	0.00272	0.01242	0.00711	0.00445	0.01279
4	0.02305	0.02478	0.03162	0.07171	0.31165	0.16968	0.09290	0.02892	0.06036	0.02663	0.02173	0.02529	0.05407	0.00925	0.00879	0.00262	0.01161	0.00840	0.00489	0.01206
5	0.02597	0.32100	0.03662	0.02635	0.17203	0.15625	0.01836	0.09917	0.02249	0.02680	0.01450	0.01702	0.01228	0.00821	0.00717	0.00221	0.01090	0.00599	0.00463	0.01205
6	0.01469	0.10013	0.01984	0.06838	0.10031	0.01379	0.01323	0.01773	0.01859	0.02476	0.10803	0.33175	0.04469	0.01931	0.00988	0.00310	0.00697	0.06898	0.00689	0.00893
7	0.07429	0.08434	0.07860	0.02270	0.11782	0.06116	0.01697	0.10232	0.06947	0.18318	0.02488	0.08427	0.01998	0.01109	0.00836	0.00267	0.00903	0.00903	0.00713	0.01272
8	0.02643	0.02336	0.02170	0.01734	0.02382	0.15066	0.01374	0.16698	0.09902	0.07406	0.02002	0.02078	0.01525	0.00886	0.00773	0.00210	0.00924	0.00670	0.00668	0.28554
9	0.01053	0.00796	0.00974	0.01115	0.01239	0.00717	0.00766	0.01226	0.01766	0.02266	0.06017	0.50657	0.23107	0.02576	0.01089	0.00336	0.00487	0.02288	0.00810	0.00717
10	0.02112	0.06704	0.09402	0.04552	0.46096	0.02195	0.08251	0.02669	0.01940	0.02754	0.01598	0.02089	0.01324	0.00806	0.00938	0.00264	0.03797	0.00769	0.00421	0.01319
11	0.03033	0.07174	0.02694	0.02330	0.05945	0.40637	0.01743	0.14575	0.02622	0.02827	0.01484	0.01729	0.01210	0.00971	0.00987	0.00246	0.07515	0.00631	0.00521	0.01125
12	0.01069	0.00885	0.00937	0.00924	0.01202	0.00753	0.00693	0.01326	0.02079	0.02572	0.19158	0.08040	0.53093	0.02129	0.01031	0.00291	0.00436	0.01791	0.00838	0.00753
13	0.02423	0.63618	0.04390	0.01540	0.02282	0.03382	0.01508	0.08025	0.01988	0.02372	0.01294	0.01464	0.01153	0.00774	0.00589	0.00194	0.00935	0.00496	0.00419	0.01153
14	0.02436	0.20615	0.14436	0.02578	0.15362	0.02449	0.02037	0.10181	0.10051	0.08756	0.01983	0.02108	0.01512	0.00892	0.00781	0.00249	0.00973	0.00708	0.00578	0.01317
15	0.02585	0.01460	0.01880	0.01806	0.07658	0.01433	0.01272	0.03413	0.16341	0.27198	0.12091	0.03963	0.05879	0.07547	0.01237	0.00330	0.00706	0.01073	0.00894	0.01234
16	0.01068	0.00838	0.00966	0.01033	0.01226	0.00737	0.00737	0.01286	0.01929	0.02447	0.13994	0.30581	0.35360	0.02352	0.01061	0.00314	0.00462	0.02046	0.00828	0.00737
17	0.07349	0.03073	0.28737	0.02571	0.12589	0.06729	0.02329	0.03206	0.02072	0.20007	0.02060	0.02157	0.01433	0.00895	0.00826	0.00267	0.01079	0.00713	0.00594	0.01314
18	0.07959	0.06400	0.25031	0.03160	0.23980	0.01986	0.02440	0.02961	0.01971	0.13279	0.01863	0.02085	0.01367	0.00848	0.00812	0.00264	0.01044	0.00707	0.00524	0.01319
19	0.02019	0.01974	0.03431	0.18412	0.40811	0.02102	0.08257	0.02547	0.01891	0.02652	0.01596	0.02195	0.01310	0.00851	0.01034	0.00279	0.06180	0.00800	0.00419	0.01239
20	0.02424	0.05648	0.02842	0.11180	0.25904	0.25329	0.02032	0.02784	0.02058	0.02370	0.01607	0.02260	0.01415	0.07189	0.01155	0.00302	0.01226	0.00730	0.00439	0.01105
21	0.06876	0.01931	0.03104	0.21018	0.41530	0.02063	0.02444	0.05637	0.02002	0.02898	0.01613	0.02150	0.01302	0.00818	0.00845	0.00268	0.01042	0.00757	0.00451	0.01251

[dist]
# distance from previous block
# <min> <max>
1	3

[block]
# block no. 2 follows, 20 sequences, length 13
# corresponding to MSA columns:
# 65-77
name=unknown_C
#
# <colnr> <probs for GDERKNQSTAVLIFYWHMCP>
#	G	D	E	R	K	N	Q	S	T	A	V	L	I	F	Y	W	H	M	C	P
0	0.02378	0.02381	0.03256	0.04543	0.48644	0.11282	0.02413	0.05961	0.05339	0.02928	0.01723	0.02129	0.01417	0.00830	0.00854	0.00256	0.01091	0.00758	0.00481	0.01334
1	0.01886	0.01679	0.02508	0.07335	0.32652	0.01690	0.01889	0.08738	0.02187	0.02937	0.03783	0.08572	0.17840	0.01326	0.00927	0.00277	0.00843	0.01177	0.00604	0.01152
2	0.01104	0.00871	0.00964	0.00967	0.01190	0.00765	0.00697	0.01338	0.01992	0.02529	0.19967	0.12882	0.39964	0.09218	0.01396	0.00353	0.00483	0.01777	0.00814	0.00731
3	0.02044	0.01404	0.01608	0.01506	0.01796	0.08563	0.01161	0.02329	0.01807	0.15931	0.02823	0.12509	0.02570	0.04130	0.34621	0.00864	0.01631	0.01101	0.00650	0.00952
4	0.01253	0.00906	0.01202	0.01202	0.01396	0.00972	0.00926	0.01558	0.01593	0.02275	0.03852	0.04504	0.15806	0.04786	0.42108	0.00984	0.01638	0.01118	0.11146	0.00774
5	0.03580	0.02019	0.02355	0.01806	0.02493	0.02075	0.01492	0.35879	0.03391	0.31616	0.02690	0.02481	0.01783	0.01062	0.00875	0.00265	0.00864	0.00826	0.00964	0.01484
6	0.01059	0.00774	0.00997	0.01176	0.01255	0.00712	0.00793	0.01219	0.01707	0.02242	0.05273	0.61796	0.12448	0.02672	0.01104	0.00347	0.00499	0.02406	0.00810	0.00712
7	0.01038	0.00856	0.00912	0.00957	0.01198	0.00730	0.00695	0.01244	0.01918	0.02328	0.07943	0.21793	0.50728	0.02325	0.01049	0.00308	0.00456	0.01983	0.00810	0.00730
8	0.02864	0.01842	0.02108	0.01702	0.02246	0.01933	0.01369	0.34881	0.03262	0.15877	0.09829	0.12360	0.03007	0.01381	0.00926	0.00278	0.00790	0.01138	0.00913	0.01296
9	0.03151	0.02361	0.02525	0.01974	0.02642	0.02628	0.01618	0.52889	0.12475	0.05232	0.02304	0.02261	0.01653	0.01067	0.00875	0.00267	0.00921	0.00814	0.00875	0.01469
10	0.69585	0.01749	0.01392	0.01218	0.01770	0.02018	0.01003	0.07357	0.01699	0.04044	0.01287	0.01473	0.00989	0.00829	0.00567	0.00269	0.00698	0.00498	0.00567	0.00989
11	0.01481	0.00941	0.01121	0.01116	0.01388	0.00823	0.00835	0.01716	0.01993	0.11340	0.09111	0.24660	0.33278	0.02185	0.01040	0.00312	0.00519	0.04443	0.00855	0.00843
12	0.01158	0.00858	0.00984	0.00992	0.01141	0.00789	0.00671	0.01341	0.01820	0.02375	0.18473	0.14068	0.24616	0.24391	0.02168	0.00479	0.00576	0.01667	0.00750	0.00684

[dist]
# distance from previous block
# <min> <max>
0	3

[block]
# block no. 3 follows, 20 sequences, length 14
# corresponding to MSA columns:
# 81-94
name=unknown_D
#
# <colnr> <probs for GDERKNQSTAVLIFYWHMCP>
#	G	D	E	R	K	N	Q	S	T	A	V	L	I	F	Y	W	H	M	C	P
0	0.03747	0.01522	0.02019	0.01573	0.02231	0.01367	0.01291	0.04288	0.08197	0.58709	0.03452	0.02996	0.02207	0.01090	0.00878	0.00272	0.00737	0.00888	0.01061	0.01475
1	0.02360	0.01419	0.01643	0.01375	0.01818	0.01389	0.01077	0.17267	0.02612	0.18352	0.10011	0.07930	0.19163	0.08020	0.01282	0.00334	0.00686	0.01288	0.00879	0.01096
2	0.02394	0.01162	0.01458	0.01228	0.01683	0.01003	0.00976	0.02701	0.02305	0.31189	0.15697	0.05573	0.25794	0.01616	0.00960	0.00280	0.00575	0.01352	0.00960	0.01096
3	0.01114	0.00779	0.00978	0.01137	0.01231	0.00722	0.00773	0.01298	0.01722	0.02341	0.05083	0.55457	0.12100	0.02506	0.01055	0.00333	0.00489	0.02245	0.07915	0.00722
4	0.75506	0.01687	0.01282	0.01147	0.01687	0.01957	0.00945	0.02564	0.01484	0.03914	0.01215	0.01417	0.00945	0.00810	0.00540	0.00270	0.00675	0.00472	0.00540	0.00945
5	0.01109	0.00861	0.01010	0.01028	0.01240	0.00761	0.00750	0.01383	0.02091	0.02731	0.27224	0.20280	0.32068	0.02168	0.01047	0.00300	0.00445	0.01881	0.00863	0.00761
6	0.56506	0.01450	0.01213	0.01164	0.01579	0.01638	0.00910	0.02220	0.01532	0.03483	0.02132	0.18608	0.02176	0.01301	0.00686	0.00291	0.00632	0.00985	0.00609	0.00884
7	0.01276	0.00901	0.01293	0.01293	0.01405	0.01013	0.00955	0.01464	0.01352	0.01914	0.02333	0.03772	0.02299	0.17762	0.48527	0.08390	0.01909	0.00979	0.00470	0.00694
8	0.01299	0.00918	0.01320	0.01320	0.01482	0.01052	0.01023	0.01624	0.01462	0.02196	0.02408	0.03402	0.02188	0.05770	0.56766	0.01234	0.02067	0.00918	0.10769	0.00784
9	0.12229	0.01061	0.01177	0.01206	0.01509	0.01024	0.00973	0.01787	0.01921	0.06457	0.05772	0.13215	0.27998	0.02043	0.01008	0.00326	0.00606	0.18071	0.00785	0.00830
10	0.02140	0.05401	0.02212	0.02198	0.10322	0.19504	0.01507	0.06813	0.01996	0.02417	0.01913	0.02641	0.01718	0.06250	0.28244	0.00751	0.01712	0.00790	0.00487	0.00983
11	0.01982	0.02613	0.18555	0.13213	0.37998	0.02049	0.05747	0.02641	0.01921	0.02739	0.01616	0.02114	0.01280	0.00801	0.00865	0.00270	0.01138	0.00757	0.00410	0.01291
12	0.02738	0.02532	0.03048	0.03690	0.32773	0.12379	0.02163	0.23245	0.02804	0.03665	0.01753	0.02044	0.01377	0.00891	0.00855	0.00255	0.01094	0.00746	0.00589	0.01359
13	0.04863	0.09211	0.21865	0.02330	0.08696	0.02239	0.02128	0.14910	0.02245	0.03224	0.01788	0.05977	0.01512	0.01046	0.01044	0.00269	0.08718	0.00781	0.00528	0.06626

[dist]
# distance from previous block
# <min> <max>
5	11

[block]
# block no. 4 follows, 20 sequences, length 8
# corresponding to MSA columns:
# 106-113
name=unknown_E
#
# <colnr> <probs for GDERKNQSTAVLIFYWHMCP>
#	G	D	E	R	K	N	Q	S	T	A	V	L	I	F	Y	W	H	M	C	P
0	0.01580	0.01439	0.01358	0.01339	0.01510	0.11175	0.00943	0.01885	0.05330	0.02149	0.05534	0.14191	0.07912	0.23536	0.15584	0.00692	0.01163	0.01310	0.00605	0.00763
1	0.02093	0.01908	0.02711	0.13987	0.27764	0.05179	0.02046	0.09481	0.02118	0.02900	0.01766	0.02312	0.01461	0.01724	0.11054	0.00429	0.01241	0.00765	0.00493	0.08568
2	0.10434	0.20917	0.10479	0.01945	0.02558	0.23537	0.01762	0.07425	0.02119	0.02639	0.01362	0.01617	0.01131	0.00915	0.00920	0.00244	0.07867	0.00575	0.00455	0.01097
3	0.01716	0.01774	0.08556	0.06966	0.28127	0.01548	0.01821	0.02071	0.01658	0.02321	0.02090	0.03617	0.02087	0.29376	0.02352	0.00507	0.00990	0.00969	0.00463	0.00992
4	0.02014	0.11378	0.02662	0.16232	0.12863	0.11955	0.01772	0.02407	0.01838	0.02321	0.01650	0.02219	0.01414	0.02000	0.14361	0.00473	0.01358	0.00701	0.00435	0.09947
5	0.01354	0.09184	0.01402	0.01072	0.01173	0.01133	0.00704	0.01420	0.01413	0.01847	0.02992	0.18354	0.03465	0.47132	0.03276	0.00663	0.00785	0.01424	0.00568	0.00638
6	0.02074	0.02511	0.08518	0.11233	0.05877	0.19687	0.08071	0.02467	0.01933	0.02313	0.02088	0.11587	0.02032	0.08453	0.01329	0.00333	0.03317	0.01005	0.00491	0.04680
7	0.01319	0.00952	0.01200	0.01144	0.01281	0.00965	0.00778	0.01468	0.01373	0.01930	0.02477	0.04499	0.02626	0.40181	0.25373	0.00962	0.01342	0.01072	0.00506	0.08553

[dist]
# distance from previous block
# <min> <max>
2	8

[block]
# block no. 5 follows, 20 sequences, length 12
# corresponding to MSA columns:
# 122-133
name=unknown_F
#
# <colnr> <probs for GDERKNQSTAVLIFYWHMCP>
#	G	D	E	R	K	N	Q	S	T	A	V	L	I	F	Y	W	H	M	C	P
0	0.01744	0.01638	0.02707	0.02033	0.02687	0.01457	0.18921	0.02217	0.01783	0.02625	0.01810	0.02374	0.01522	0.02138	0.16971	0.00495	0.01313	0.00774	0.00482	0.34312
1	0.01977	0.06796	0.03176	0.19863	0.06688	0.06097	0.16392	0.02490	0.01903	0.02563	0.01571	0.02055	0.01246	0.00759	0.00815	0.00230	0.01089	0.00725	0.00445	0.23120
2	0.02332	0.69869	0.04571	0.01493	0.02239	0.03451	0.01493	0.02612	0.01772	0.02052	0.01213	0.01399	0.01119	0.00746	0.00560	0.00187	0.00933	0.00466	0.00373	0.01119
3	0.75506	0.01687	0.01282	0.01147	0.01687	0.01957	0.00945	0.02564	0.01484	0.03914	0.01215	0.01417	0.00945	0.00810	0.00540	0.00270	0.00675	0.00472	0.00540	0.00945
4	0.02427	0.02784	0.22238	0.02792	0.03745	0.01922	0.28745	0.03147	0.02103	0.18118	0.02122	0.02353	0.01466	0.00849	0.00932	0.00283	0.01235	0.00876	0.00578	0.01287
5	0.01474	0.01235	0.01794	0.02354	0.18820	0.01187	0.01425	0.01826	0.01986	0.02637	0.11222	0.10635	0.18851	0.05471	0.01216	0.00342	0.00718	0.15176	0.00704	0.00929
6	0.02332	0.01534	0.01862	0.01357	0.02107	0.01192	0.01095	0.02707	0.01980	0.18163	0.02020	0.02097	0.01507	0.00754	0.00703	0.00164	0.00670	0.00606	0.00657	0.56492
7	0.09854	0.02335	0.02451	0.01912	0.02582	0.02600	0.01573	0.51755	0.07873	0.05225	0.02114	0.02112	0.01515	0.01035	0.00843	0.00265	0.00915	0.00770	0.00843	0.01427
8	0.02170	0.01874	0.01972	0.01775	0.02268	0.02170	0.01381	0.04635	0.62327	0.03649	0.03550	0.03254	0.02663	0.01183	0.00888	0.00296	0.00690	0.00986	0.00888	0.01381
9	0.03316	0.02443	0.02618	0.02007	0.02705	0.02705	0.01658	0.60995	0.04101	0.05497	0.02094	0.02094	0.01483	0.01047	0.00873	0.00262	0.00960	0.00785	0.00873	0.01483
10	0.01884	0.02327	0.15094	0.19796	0.14230	0.01985	0.07681	0.02932	0.14436	0.02814	0.02222	0.02930	0.01789	0.01009	0.00903	0.00292	0.01071	0.04881	0.00530	0.01195
11	0.01764	0.02563	0.25345	0.02193	0.08385	0.01733	0.02009	0.07529	0.01832	0.02620	0.01978	0.03051	0.01811	0.18602	0.09677	0.00557	0.05968	0.00868	0.00473	0.01042

[dist]
# distance from previous block
# <min> <max>
4	8

[block]
# block no. 6 follows, 20 sequences, length 96
# corresponding to MSA columns:
# 142-237
name=unknown_G
#
# <colnr> <probs for GDERKNQSTAVLIFYWHMCP>
#	G	D	E	R	K	N	Q	S	T	A	V	L	I	F	Y	W	H	M	C	P
0	0.01974	0.02370	0.21311	0.01994	0.06318	0.01535	0.01842	0.08457	0.02099	0.09050	0.02695	0.20276	0.02569	0.01366	0.00890	0.00272	0.00873	0.01172	0.00638	0.12298
1	0.67987	0.01944	0.01406	0.01262	0.01792	0.08605	0.01022	0.02660	0.01587	0.03729	0.01228	0.01433	0.00963	0.00819	0.00565	0.00265	0.00768	0.00482	0.00530	0.00952
2	0.01076	0.00921	0.00994	0.04551	0.01451	0.00807	0.00768	0.01327	0.02001	0.02411	0.11367	0.07959	0.57142	0.02113	0.01022	0.00293	0.00480	0.01768	0.00795	0.00754
3	0.03258	0.04157	0.02472	0.02247	0.02697	0.65843	0.01685	0.03483	0.02472	0.02135	0.01348	0.01573	0.01124	0.00899	0.00787	0.00225	0.01573	0.00562	0.00449	0.01011
4	0.02159	0.02073	0.03541	0.05354	0.63903	0.02073	0.02677	0.02677	0.01986	0.02850	0.01641	0.02159	0.01382	0.00777	0.00864	0.00259	0.01036	0.00777	0.00432	0.01382
5	0.01204	0.00890	0.01124	0.01065	0.01284	0.00810	0.00799	0.01587	0.02397	0.03327	0.55253	0.06798	0.16527	0.01847	0.01029	0.00277	0.00416	0.01617	0.00938	0.00810
6	0.03065	0.17895	0.02911	0.02089	0.02601	0.52799	0.01645	0.03301	0.02326	0.02118	0.01320	0.01537	0.01123	0.00867	0.00739	0.00217	0.01439	0.00542	0.00433	0.01034
7	0.01051	0.00842	0.00940	0.01005	0.01213	0.00731	0.00720	0.01258	0.01903	0.02366	0.10038	0.28664	0.41476	0.02366	0.01059	0.00314	0.00462	0.02044	0.00817	0.00731
8	0.02507	0.02910	0.06556	0.04149	0.39955	0.23570	0.02373	0.02954	0.02142	0.02604	0.01538	0.01944	0.01279	0.00821	0.00836	0.00248	0.01231	0.00697	0.00434	0.01252
9	0.50778	0.01817	0.02044	0.02565	0.22663	0.01996	0.01529	0.02602	0.01654	0.03555	0.01358	0.01667	0.01092	0.00799	0.00649	0.00266	0.00797	0.00575	0.00503	0.01092
10	0.01971	0.01650	0.02160	0.02105	0.14275	0.01348	0.01369	0.02382	0.01874	0.05570	0.01652	0.01929	0.01348	0.00691	0.00699	0.00161	0.00727	0.00584	0.00525	0.56980
11	0.01053	0.00798	0.00972	0.01112	0.01238	0.00717	0.00764	0.01226	0.01768	0.02267	0.06052	0.50124	0.23617	0.02571	0.01088	0.00336	0.00486	0.02282	0.00810	0.00717
12	0.01409	0.01211	0.01707	0.02178	0.18353	0.01131	0.01268	0.01777	0.02154	0.02886	0.25739	0.06042	0.27456	0.01671	0.00984	0.00278	0.00594	0.01459	0.00759	0.00943
13	0.01738	0.07306	0.57169	0.02334	0.03516	0.02002	0.02960	0.02671	0.01886	0.02785	0.06241	0.02175	0.01646	0.00897	0.00831	0.00272	0.01206	0.00707	0.00413	0.01246
14	0.03258	0.04157	0.02472	0.02247	0.02697	0.65843	0.01685	0.03483	0.02472	0.02135	0.01348	0.01573	0.01124	0.00899	0.00787	0.00225	0.01573	0.00562	0.00449	0.01011
15	0.02444	0.02490	0.02392	0.02564	0.13891	0.18313	0.01700	0.03977	0.35863	0.03115	0.02635	0.02623	0.02033	0.01035	0.00857	0.00271	0.00979	0.00839	0.00691	0.01287
16	0.03144	0.03940	0.02583	0.02571	0.09066	0.59206	0.01789	0.03399	0.02421	0.02209	0.01379	0.01634	0.01150	0.00886	0.00795	0.00228	0.01517	0.00584	0.00448	0.01050
17	0.02194	0.10968	0.37846	0.02452	0.03446	0.17066	0.08671	0.02918	0.02004	0.02546	0.01499	0.01786	0.01134	0.00827	0.00812	0.00257	0.01337	0.00647	0.00395	0.01195
18	0.02203	0.02467	0.08481	0.01988	0.06887	0.19331	0.01548	0.04899	0.09740	0.05766	0.14166	0.03894	0.12418	0.01295	0.00898	0.00265	0.00947	0.01045	0.00687	0.01076
19	0.02332	0.69869	0.04571	0.01493	0.02239	0.03451	0.01493	0.02612	0.01772	0.02052	0.01213	0.01399	0.01119	0.00746	0.00560	0.00187	0.00933	0.00466	0.00373	0.01119
20	0.01169	0.00889	0.01075	0.01028	0.01263	0.00795	0.00771	0.01519	0.02314	0.03129	0.45778	0.07124	0.26126	0.01921	0.01029	0.00281	0.00421	0.01663	0.00912	0.00795
21	0.02432	0.01920	0.02143	0.01588	0.02331	0.01801	0.01292	0.26516	0.02757	0.03941	0.01775	0.01927	0.01371	0.00812	0.00740	0.00184	0.00776	0.00628	0.00664	0.44403
22	0.01103	0.00844	0.00982	0.01029	0.01204	0.00756	0.00723	0.01316	0.01908	0.02462	0.17222	0.25763	0.29688	0.09272	0.01410	0.00366	0.00497	0.01922	0.00809	0.00723
23	0.02159	0.02073	0.03541	0.05354	0.63903	0.02073	0.02677	0.02677	0.01986	0.02850	0.01641	0.02159	0.01382	0.00777	0.00864	0.00259	0.01036	0.00777	0.00432	0.01382
24	0.01924	0.01817	0.02996	0.33590	0.32564	0.02018	0.02461	0.02619	0.06450	0.02624	0.01744	0.02319	0.01378	0.00852	0.00869	0.00276	0.01068	0.00792	0.00446	0.01192
25	0.01263	0.00866	0.01056	0.01056	0.01093	0.00903	0.00659	0.01336	0.01300	0.01769	0.02652	0.05176	0.02940	0.54707	0.18762	0.00975	0.01193	0.01191	0.00514	0.00587
26	0.03258	0.04157	0.02472	0.02247	0.02697	0.65843	0.01685	0.03483	0.02472	0.02135	0.01348	0.01573	0.01124	0.00899	0.00787	0.00225	0.01573	0.00562	0.00449	0.01011
27	0.02466	0.01907	0.01693	0.01487	0.01934	0.16205	0.01152	0.02950	0.08087	0.19568	0.09242	0.04679	0.22099	0.01463	0.00918	0.00270	0.00810	0.01176	0.00819	0.01074
28	0.01268	0.00846	0.00951	0.00951	0.00951	0.00846	0.00529	0.01268	0.01268	0.01691	0.02748	0.05708	0.03171	0.69345	0.04440	0.00846	0.00846	0.01268	0.00529	0.00529
29	0.01191	0.00862	0.01139	0.01232	0.01381	0.00810	0.00924	0.01489	0.02042	0.02768	0.26151	0.31494	0.09548	0.02299	0.01097	0.00332	0.00527	0.13081	0.00863	0.00770
30	0.02332	0.69869	0.04571	0.01493	0.02239	0.03451	0.01493	0.02612	0.01772	0.02052	0.01213	0.01399	0.01119	0.00746	0.00560	0.00187	0.00933	0.00466	0.00373	0.01119
31	0.02745	0.03216	0.02117	0.01904	0.02344	0.44097	0.01444	0.08948	0.02529	0.02536	0.03171	0.03217	0.15711	0.01220	0.00852	0.00245	0.01246	0.00883	0.00578	0.00996
32	0.03323	0.01467	0.01917	0.01510	0.02094	0.01340	0.01231	0.09642	0.02658	0.46329	0.15140	0.03578	0.03287	0.01215	0.00907	0.00270	0.00700	0.01006	0.01035	0.01354
33	0.01787	0.01693	0.02869	0.50343	0.21821	0.01975	0.02492	0.02351	0.01810	0.02398	0.01575	0.02280	0.01223	0.00846	0.00870	0.00282	0.01128	0.00776	0.00400	0.01082
34	0.01081	0.00839	0.00971	0.01032	0.01216	0.00744	0.00731	0.01295	0.01912	0.02441	0.14806	0.29148	0.32898	0.05308	0.01211	0.00337	0.00478	0.02002	0.00818	0.00730
35	0.03774	0.01708	0.02163	0.01658	0.02338	0.01614	0.01370	0.17477	0.02871	0.50754	0.03127	0.02765	0.02002	0.01072	0.00876	0.00268	0.00793	0.00856	0.01031	0.01484
36	0.01718	0.01054	0.01258	0.01203	0.01536	0.00954	0.00938	0.02104	0.05388	0.14743	0.08378	0.15490	0.31245	0.02010	0.01024	0.00310	0.00565	0.08283	0.00872	0.00927
37	0.01965	0.02130	0.06942	0.22266	0.28061	0.02069	0.18570	0.02587	0.01930	0.02654	0.01645	0.02243	0.01289	0.00795	0.00910	0.00279	0.01205	0.00839	0.00419	0.01204
38	0.02066	0.02120	0.02774	0.02944	0.16647	0.09007	0.02013	0.02344	0.01610	0.02273	0.01356	0.02027	0.01263	0.01600	0.06114	0.00400	0.41230	0.00756	0.00406	0.01049
39	0.01924	0.01961	0.02484	0.02175	0.02215	0.07298	0.01777	0.02113	0.01458	0.02115	0.01542	0.08841	0.01625	0.01604	0.02522	0.00367	0.55690	0.00927	0.00431	0.00933
40	0.01267	0.00852	0.00986	0.00986	0.00997	0.00864	0.00571	0.01290	0.01279	0.01717	0.02717	0.05535	0.03096	0.64583	0.09099	0.00888	0.00959	0.01243	0.00524	0.00548
41	0.02943	0.03663	0.13821	0.02391	0.06112	0.34432	0.02008	0.18376	0.02759	0.03167	0.01598	0.01789	0.01228	0.00919	0.00821	0.00246	0.01333	0.00647	0.00545	0.01205
42	0.02878	0.12869	0.02746	0.02041	0.02500	0.35504	0.01634	0.12114	0.02444	0.02697	0.01488	0.01752	0.01234	0.00990	0.01038	0.00245	0.10214	0.00622	0.03907	0.01084
43	0.01063	0.00759	0.01012	0.01215	0.01265	0.00709	0.00810	0.01215	0.01670	0.02227	0.04808	0.68775	0.05769	0.02733	0.01113	0.00354	0.00506	0.02480	0.00810	0.00709
44	0.03310	0.02622	0.02603	0.02032	0.02704	0.09276	0.01661	0.55010	0.03932	0.05147	0.02017	0.02040	0.01446	0.01032	0.00864	0.00258	0.01024	0.00762	0.00829	0.01434
45	0.05600	0.10064	0.12097	0.01974	0.02551	0.26634	0.03754	0.02958	0.07742	0.02571	0.06550	0.06424	0.02139	0.01319	0.03680	0.00303	0.01216	0.00830	0.00536	0.01059
46	0.02015	0.14485	0.14649	0.01625	0.02342	0.05140	0.01572	0.02586	0.05672	0.07312	0.02643	0.09376	0.06553	0.01116	0.00784	0.00231	0.00853	0.00897	0.00577	0.19572
47	0.02027	0.02578	0.11358	0.03553	0.04477	0.02187	0.54750	0.02791	0.02036	0.02791	0.01744	0.02300	0.01301	0.00745	0.01009	0.00292	0.01452	0.00989	0.00434	0.01188
48	0.02054	0.02175	0.04289	0.09034	0.24564	0.02164	0.33774	0.02677	0.01974	0.02735	0.01676	0.02263	0.01322	0.00799	0.01053	0.00286	0.04600	0.00912	0.00431	0.01219
49	0.02441	0.18498	0.17990	0.02671	0.12241	0.02450	0.09356	0.13350	0.02334	0.08042	0.01764	0.01985	0.01329	0.00850	0.00808	0.00252	0.01087	0.00714	0.00536	0.01300
50	0.01886	0.01397	0.01754	0.01557	0.01886	0.01562	0.01238	0.19965	0.02349	0.03253	0.08621	0.03336	0.02594	0.04346	0.39013	0.00932	0.01710	0.00955	0.00644	0.01002
51	0.01397	0.01102	0.01495	0.01446	0.01520	0.01318	0.01088	0.01600	0.01448	0.02116	0.02659	0.16364	0.02830	0.15497	0.22372	0.00766	0.16805	0.01250	0.06163	0.00763
52	0.01248	0.00981	0.01271	0.01392	0.06042	0.00899	0.00951	0.01600	0.02231	0.03005	0.36585	0.09130	0.24097	0.01908	0.01031	0.00290	0.00496	0.05151	0.00860	0.00834
53	0.02947	0.03625	0.02434	0.02414	0.08188	0.53204	0.01687	0.03218	0.02427	0.02343	0.07837	0.02141	0.01887	0.00980	0.00819	0.00233	0.01403	0.00687	0.00501	0.01026
54	0.02558	0.53846	0.04059	0.01677	0.02350	0.18666	0.01540	0.02824	0.01943	0.02072	0.01246	0.01442	0.01120	0.00783	0.00615	0.00196	0.01089	0.00490	0.00392	0.01093
55	0.01632	0.01401	0.02043	0.23317	0.09562	0.01527	0.01665	0.06395	0.01942	0.02581	0.03261	0.03957	0.13272	0.02301	0.13730	0.00500	0.01182	0.03620	0.00551	0.05562
56	0.02271	0.49524	0.18467	0.01763	0.02632	0.03063	0.01908	0.07074	0.01965	0.02479	0.01362	0.01555	0.01144	0.00788	0.00646	0.00213	0.01018	0.00532	0.00410	0.01187
57	0.01246	0.00935	0.01402	0.01402	0.01558	0.01090	0.01090	0.01558	0.01402	0.02025	0.02336	0.03427	0.02181	0.06542	0.65888	0.01402	0.02336	0.00935	0.00467	0.00779
58	0.01189	0.00921	0.01113	0.01217	0.01447	0.00844	0.00985	0.01478	0.01963	0.02448	0.06675	0.15240	0.33362	0.02346	0.01111	0.00345	0.00598	0.25148	0.00807	0.00761
59	0.01743	0.01737	0.03206	0.52431	0.05670	0.02000	0.16014	0.02360	0.01818	0.02360	0.01600	0.02332	0.01200	0.00840	0.00909	0.00291	0.01235	0.00834	0.00400	0.01017
60	0.02126	0.02025	0.03446	0.05188	0.61158	0.02025	0.02621	0.02639	0.01987	0.02839	0.01772	0.02498	0.01543	0.00849	0.00879	0.00265	0.01026	0.03308	0.00448	0.01356
61	0.01159	0.00878	0.01000	0.00976	0.01170	0.00793	0.00689	0.01397	0.01993	0.02610	0.26952	0.07096	0.29688	0.17704	0.01825	0.00416	0.00525	0.01613	0.00798	0.00719
62	0.01203	0.00883	0.01127	0.01082	0.01288	0.00807	0.00806	0.01578	0.02369	0.03300	0.54101	0.10597	0.13834	0.01887	0.01034	0.00281	0.00421	0.01661	0.00935	0.00807
63	0.02059	0.02353	0.05147	0.03676	0.04559	0.02206	0.60735	0.02794	0.02059	0.02794	0.01765	0.02353	0.01324	0.00735	0.01029	0.00294	0.01471	0.01029	0.00441	0.01176
64	0.16439	0.02169	0.02123	0.09617	0.02730	0.08832	0.01506	0.22514	0.14516	0.03966	0.02113	0.02233	0.01580	0.00991	0.00789	0.00266	0.00911	0.00743	0.04749	0.01213
65	0.01103	0.00788	0.01056	0.01248	0.01320	0.00742	0.00868	0.01289	0.01734	0.02313	0.07040	0.60628	0.05791	0.02665	0.01119	0.00356	0.00531	0.07872	0.00815	0.00722
66	0.06587	0.16399	0.25973	0.02665	0.03644	0.02372	0.24903	0.02733	0.01889	0.02706	0.01551	0.01925	0.01182	0.00775	0.00835	0.00265	0.01250	0.00747	0.00408	0.01191
67	0.02016	0.08287	0.51941	0.02354	0.03522	0.02214	0.02885	0.11293	0.02169	0.03119	0.01621	0.01851	0.01161	0.00856	0.00818	0.00269	0.01219	0.00654	0.00443	0.01307
68	0.02630	0.02980	0.02761	0.18122	0.17684	0.32980	0.02086	0.05866	0.02270	0.02490	0.01501	0.01911	0.01211	0.00872	0.00829	0.00250	0.01322	0.00673	0.00452	0.01111
69	0.01800	0.01575	0.02633	0.60305	0.08908	0.01909	0.02373	0.02364	0.01799	0.05693	0.01659	0.02352	0.01229	0.00878	0.00872	0.00288	0.01133	0.00781	0.00428	0.01020
70	0.07147	0.10691	0.02635	0.02090	0.02594	0.51080	0.01623	0.07703	0.02469	0.02479	0.01383	0.01586	0.01141	0.00889	0.00756	0.00226	0.01411	0.00564	0.00479	0.01055
71	0.01333	0.00963	0.01146	0.01076	0.01348	0.00878	0.00815	0.01771	0.05113	0.05968	0.38819	0.06850	0.26932	0.01870	0.01016	0.00282	0.00451	0.01609	0.00910	0.00850
72	0.02690	0.02840	0.09318	0.02319	0.02922	0.14959	0.08830	0.25197	0.02767	0.03564	0.01719	0.02024	0.01332	0.01265	0.03942	0.00327	0.11410	0.00758	0.00594	0.01223
73	0.01056	0.00784	0.00987	0.01149	0.01248	0.00714	0.00781	0.01222	0.01733	0.02252	0.05603	0.56862	0.17170	0.02629	0.01097	0.00342	0.00493	0.02354	0.00810	0.00714
74	0.03316	0.02443	0.02618	0.02007	0.02705	0.02705	0.01658	0.60995	0.04101	0.05497	0.02094	0.02094	0.01483	0.01047	0.00873	0.00262	0.00960	0.00785	0.00873	0.01483
75	0.01810	0.01717	0.02911	0.47531	0.24451	0.01981	0.02504	0.02372	0.01821	0.02427	0.01579	0.02272	0.01233	0.00842	0.00869	0.00281	0.01122	0.00776	0.00402	0.01100
76	0.02196	0.01414	0.01841	0.01952	0.08352	0.05245	0.01425	0.02562	0.02039	0.18340	0.05872	0.05125	0.03147	0.02741	0.16128	0.00570	0.01200	0.18065	0.00742	0.01046
77	0.02059	0.02353	0.05147	0.03676	0.04559	0.02206	0.60735	0.02794	0.02059	0.02794	0.01765	0.02353	0.01324	0.00735	0.01029	0.00294	0.01471	0.01029	0.00441	0.01176
78	0.01750	0.04512	0.64825	0.02486	0.03775	0.02026	0.03223	0.02762	0.01842	0.02762	0.01565	0.01842	0.01105	0.00829	0.00829	0.00276	0.01289	0.00645	0.00368	0.01289
79	0.02548	0.54554	0.04082	0.01668	0.02346	0.17993	0.01537	0.02815	0.01935	0.02071	0.01244	0.01440	0.01120	0.00782	0.00613	0.00195	0.01082	0.00489	0.00391	0.01094
80	0.01612	0.01404	0.02139	0.02950	0.27239	0.01381	0.01669	0.02063	0.04293	0.02673	0.06745	0.18781	0.11993	0.01700	0.00999	0.00307	0.00762	0.09594	0.00663	0.01036
81	0.03800	0.01459	0.01988	0.01533	0.02187	0.01263	0.01263	0.04140	0.02495	0.61909	0.05997	0.03120	0.02418	0.01110	0.00884	0.00270	0.00728	0.00907	0.01075	0.01456
82	0.01235	0.00892	0.01166	0.01097	0.01303	0.00823	0.00823	0.01646	0.02469	0.03498	0.63443	0.06516	0.08230	0.01783	0.01029	0.00274	0.00412	0.01578	0.00960	0.00823
83	0.01294	0.00938	0.01198	0.01328	0.01468	0.00915	0.00974	0.05856	0.01932	0.02551	0.04780	0.49907	0.08347	0.02519	0.01107	0.00353	0.00591	0.12345	0.00813	0.00786
84	0.10271	0.19118	0.09530	0.02091	0.02739	0.33223	0.06201	0.03058	0.02110	0.02415	0.01357	0.01603	0.01117	0.00834	0.00731	0.00231	0.01294	0.00574	0.00432	0.01071
85	0.01283	0.00919	0.01253	0.01387	0.01554	0.00889	0.01120	0.01628	0.02046	0.02745	0.19510	0.22737	0.06005	0.02327	0.01139	0.00358	0.00635	0.30835	0.00844	0.00786
86	0.07426	0.03557	0.41915	0.07017	0.15025	0.02032	0.05559	0.02700	0.01846	0.02834	0.01561	0.01923	0.01158	0.00816	0.00825	0.00274	0.01196	0.00682	0.00398	0.01255
87	0.01849	0.14943	0.04992	0.06746	0.02404	0.02213	0.01622	0.06555	0.01705	0.02360	0.01679	0.02364	0.01515	0.02952	0.23281	0.00667	0.19962	0.00761	0.00446	0.00982
88	0.01415	0.01103	0.01399	0.01310	0.01326	0.01297	0.00909	0.01492	0.01298	0.01821	0.02332	0.04585	0.02596	0.47002	0.10467	0.00795	0.16594	0.01116	0.00488	0.00654
89	0.01082	0.00773	0.01034	0.01236	0.01295	0.00725	0.00843	0.01247	0.01689	0.02248	0.04797	0.65528	0.05728	0.02715	0.01118	0.00357	0.00522	0.05540	0.00809	0.00714
90	0.02163	0.07495	0.04430	0.03647	0.15802	0.06281	0.36605	0.02747	0.01993	0.02655	0.01625	0.02160	0.01293	0.00815	0.01086	0.00281	0.06419	0.00887	0.00430	0.01185
91	0.02249	0.02879	0.15466	0.04304	0.42507	0.11995	0.02630	0.02819	0.02033	0.02721	0.01580	0.02005	0.01287	0.00806	0.00845	0.00257	0.01170	0.00717	0.00422	0.01306
92	0.01368	0.01236	0.01955	0.01662	0.02000	0.01185	0.12702	0.01739	0.02042	0.02699	0.18950	0.12753	0.24033	0.01846	0.01166	0.00310	0.04872	0.05879	0.00745	0.00859
93	0.01959	0.01618	0.01867	0.01673	0.01978	0.06504	0.01329	0.16647	0.02156	0.02909	0.02126	0.02857	0.01861	0.04423	0.40709	0.00963	0.06015	0.00858	0.00562	0.00984
94	0.02967	0.02377	0.03117	0.03074	0.18259	0.15524	0.13449	0.03404	0.02277	0.23473	0.02209	0.02345	0.01577	0.00897	0.00884	0.00262	0.01138	0.00814	0.00656	0.01296
95	0.02419	0.07704	0.18512	0.02350	0.03086	0.28419	0.10459	0.02934	0.02094	0.02411	0.01540	0.01895	0.01237	0.01263	0.05746	0.00329	0.01455	0.00670	0.00428	0.05049

[dist]
# distance from previous block
# <min> <max>
0	12

# created by:
# /home/cegg/simao/soft/augustus-3.2.1/scripts/msa2prfl.pl ./align_prep/12656.fa
