[name]
unknown

[dist]
# distance from previous block
# <min> <max>
1	15

[block]
# block no. 0 follows, 18 sequences, length 22
# corresponding to MSA columns:
# 15-36
name=unknown_A
#
# <colnr> <probs for GDERKNQSTAVLIFYWHMCP>
#	G	D	E	R	K	N	Q	S	T	A	V	L	I	F	Y	W	H	M	C	P
0	0.01589	0.01379	0.01353	0.01272	0.01571	0.07177	0.00971	0.01852	0.02178	0.06023	0.14953	0.09969	0.37309	0.02032	0.01199	0.00308	0.05508	0.01657	0.00821	0.00877
1	0.01314	0.01000	0.01212	0.01301	0.01502	0.00962	0.00989	0.01738	0.06131	0.02631	0.09648	0.23600	0.20330	0.07915	0.01445	0.00402	0.00631	0.15587	0.00842	0.00821
2	0.06747	0.01313	0.01437	0.01319	0.01584	0.01404	0.00963	0.02280	0.13358	0.02704	0.07040	0.05269	0.15611	0.23205	0.02331	0.00495	0.06198	0.01275	0.00705	0.04762
3	0.02043	0.01948	0.03313	0.31116	0.38314	0.02121	0.02704	0.02617	0.01982	0.02722	0.01687	0.02347	0.01356	0.00861	0.00913	0.00287	0.01147	0.00817	0.00435	0.01270
4	0.01734	0.01632	0.02754	0.65524	0.06324	0.02040	0.02550	0.02346	0.01836	0.02346	0.01632	0.02448	0.01224	0.00918	0.00918	0.00306	0.01224	0.00816	0.00408	0.01020
5	0.02387	0.02448	0.02763	0.28567	0.14385	0.17097	0.02196	0.08889	0.02355	0.02822	0.02174	0.02628	0.05344	0.01022	0.00906	0.00280	0.01231	0.00838	0.00518	0.01149
6	0.01317	0.00893	0.00996	0.00996	0.01019	0.00882	0.00567	0.01334	0.01392	0.01833	0.03373	0.06220	0.07701	0.62836	0.04405	0.00847	0.00858	0.01380	0.00579	0.00573
7	0.02009	0.02009	0.02812	0.02411	0.02411	0.02812	0.02009	0.02210	0.01406	0.02210	0.01205	0.02009	0.01205	0.01607	0.03013	0.00402	0.66051	0.00804	0.00402	0.01004
8	0.03430	0.04376	0.02602	0.02365	0.02839	0.64045	0.01774	0.03666	0.02602	0.02247	0.01419	0.01656	0.01183	0.00946	0.00828	0.00237	0.01656	0.00591	0.00473	0.01064
9	0.01312	0.00984	0.01476	0.01476	0.01640	0.01148	0.01148	0.01640	0.01476	0.02131	0.02459	0.03607	0.02295	0.06886	0.64092	0.01476	0.02459	0.00984	0.00492	0.00820
10	0.01335	0.00890	0.01001	0.01001	0.01001	0.00890	0.00556	0.01335	0.01335	0.01780	0.02893	0.06009	0.03338	0.67731	0.04673	0.00890	0.00890	0.01335	0.00556	0.00556
11	0.03930	0.01521	0.02070	0.01602	0.02279	0.01317	0.01317	0.04291	0.02626	0.58684	0.07507	0.03376	0.02702	0.01186	0.00934	0.00284	0.00758	0.00973	0.01128	0.01516
12	0.02371	0.02491	0.03202	0.13767	0.38142	0.14964	0.02451	0.02846	0.02159	0.02718	0.02039	0.02509	0.04462	0.00937	0.00903	0.00272	0.01196	0.00828	0.00472	0.01273
13	0.03135	0.16926	0.03057	0.02211	0.02712	0.47660	0.01750	0.03380	0.02370	0.02227	0.01376	0.01645	0.01183	0.00961	0.00936	0.00240	0.06109	0.00586	0.00452	0.01083
14	0.02614	0.01599	0.02100	0.02221	0.12323	0.01610	0.01424	0.03475	0.16775	0.21676	0.03134	0.03802	0.02542	0.18400	0.01897	0.00446	0.00849	0.01041	0.00817	0.01255
15	0.01107	0.00844	0.01019	0.01159	0.01300	0.00756	0.00799	0.01292	0.01873	0.02391	0.06518	0.47094	0.25170	0.02687	0.01142	0.00351	0.00509	0.02379	0.00852	0.00756
16	0.02373	0.01836	0.02943	0.29117	0.24977	0.01987	0.02363	0.03050	0.05988	0.13103	0.02151	0.02569	0.01592	0.00943	0.00917	0.00291	0.01067	0.00850	0.00586	0.01296
17	0.02367	0.19782	0.06975	0.02538	0.03203	0.12352	0.20157	0.02846	0.02031	0.02576	0.01641	0.02081	0.01350	0.00938	0.01107	0.00271	0.09346	0.00778	0.06521	0.01140
18	0.01352	0.00945	0.01086	0.01117	0.01358	0.00833	0.00814	0.01565	0.01981	0.06686	0.07019	0.23409	0.35060	0.07895	0.01408	0.00379	0.00561	0.04874	0.00847	0.00809
19	0.01152	0.00813	0.01056	0.01236	0.01281	0.00768	0.00806	0.01287	0.01692	0.02257	0.04725	0.57664	0.05649	0.12922	0.01714	0.00453	0.00588	0.02413	0.00806	0.00716
20	0.02273	0.02182	0.03727	0.05636	0.62003	0.02182	0.02818	0.02818	0.02091	0.03000	0.01727	0.02273	0.01454	0.00818	0.00909	0.00273	0.01091	0.00818	0.00455	0.01454
21	0.02458	0.02572	0.03421	0.10021	0.45547	0.14482	0.02588	0.02947	0.02171	0.02795	0.01658	0.02165	0.01381	0.00852	0.00894	0.00268	0.01214	0.00773	0.00454	0.01340

[dist]
# distance from previous block
# <min> <max>
0	1

[block]
# block no. 1 follows, 18 sequences, length 63
# corresponding to MSA columns:
# 38-100
name=unknown_B
#
# <colnr> <probs for GDERKNQSTAVLIFYWHMCP>
#	G	D	E	R	K	N	Q	S	T	A	V	L	I	F	Y	W	H	M	C	P
0	0.02014	0.20807	0.45209	0.02415	0.03605	0.02524	0.05769	0.02869	0.01932	0.02719	0.01564	0.01848	0.01179	0.00845	0.00811	0.00268	0.01271	0.00652	0.00393	0.01305
1	0.02368	0.03909	0.28406	0.02776	0.03661	0.19535	0.13849	0.03055	0.02115	0.02658	0.01580	0.01974	0.01219	0.00949	0.01123	0.00291	0.08141	0.00748	0.00428	0.01215
2	0.01097	0.00924	0.00952	0.00960	0.01252	0.00778	0.00714	0.01336	0.02100	0.02532	0.11638	0.11825	0.56093	0.02333	0.01090	0.00312	0.00467	0.01960	0.00860	0.00778
3	0.03481	0.03785	0.02615	0.02265	0.02815	0.45694	0.01745	0.17329	0.03026	0.06270	0.01728	0.01868	0.01333	0.00995	0.00855	0.00249	0.01451	0.00667	0.00617	0.01213
4	0.01331	0.00906	0.01080	0.01080	0.01107	0.00933	0.00654	0.01385	0.01358	0.01838	0.02822	0.05613	0.03166	0.57707	0.14463	0.00987	0.01149	0.01277	0.00546	0.00600
5	0.03296	0.03954	0.02688	0.02516	0.05947	0.51427	0.01839	0.08934	0.02676	0.02630	0.01500	0.01761	0.01235	0.00991	0.00961	0.00251	0.05110	0.00638	0.00512	0.01130
6	0.02296	0.51836	0.19868	0.01842	0.02775	0.03245	0.02043	0.02790	0.01885	0.02354	0.01373	0.01593	0.01174	0.00808	0.00662	0.00221	0.01079	0.00540	0.00391	0.01225
7	0.01099	0.00877	0.00985	0.01072	0.01278	0.00763	0.00761	0.01302	0.01956	0.02425	0.07572	0.32606	0.38978	0.02550	0.01121	0.00336	0.00493	0.02212	0.00853	0.00763
8	0.02010	0.02083	0.03519	0.02794	0.03089	0.02551	0.19281	0.02395	0.01644	0.02428	0.01489	0.02259	0.01336	0.01707	0.06526	0.00446	0.42050	0.00901	0.00427	0.01064
9	0.02336	0.02303	0.03665	0.05455	0.58739	0.05595	0.02760	0.02865	0.02119	0.02958	0.01710	0.02238	0.01439	0.00825	0.00905	0.00271	0.01122	0.00806	0.00456	0.01433
10	0.09278	0.02287	0.02965	0.26435	0.26621	0.11832	0.02379	0.02768	0.02027	0.02753	0.01600	0.02163	0.01283	0.00878	0.00866	0.00280	0.01191	0.00750	0.00452	0.01191
11	0.01199	0.00935	0.01087	0.01049	0.01310	0.00823	0.00787	0.01537	0.02361	0.03117	0.36945	0.07789	0.33591	0.02088	0.01084	0.00299	0.00448	0.01791	0.00936	0.00823
12	0.01315	0.00969	0.01401	0.01401	0.01539	0.01107	0.01055	0.01592	0.01454	0.02076	0.02528	0.03984	0.02459	0.16440	0.54763	0.01384	0.02213	0.01039	0.00502	0.00778
13	0.01151	0.00933	0.01021	0.00999	0.01281	0.00803	0.00749	0.01445	0.02248	0.02850	0.25342	0.08229	0.45360	0.02188	0.01085	0.00304	0.00455	0.01853	0.00901	0.00803
14	0.74217	0.01776	0.01350	0.01207	0.01776	0.02060	0.00994	0.02699	0.01563	0.04120	0.01278	0.01492	0.00994	0.00852	0.00568	0.00284	0.00710	0.00497	0.00568	0.00994
15	0.02685	0.06156	0.03277	0.10987	0.29341	0.10821	0.02306	0.17024	0.02680	0.03478	0.01770	0.02148	0.01403	0.00917	0.00884	0.00268	0.01157	0.00771	0.00565	0.01363
16	0.03490	0.02572	0.02756	0.02113	0.02847	0.02847	0.01745	0.58942	0.04317	0.05787	0.02204	0.02204	0.01561	0.01102	0.00919	0.00276	0.01010	0.00827	0.00919	0.01561
17	0.02578	0.06010	0.02317	0.01748	0.02386	0.11754	0.01403	0.19738	0.08467	0.03684	0.02999	0.03022	0.09715	0.01134	0.00850	0.00238	0.00925	0.00871	0.00717	0.19441
18	0.01205	0.00882	0.01249	0.01367	0.01469	0.00925	0.00984	0.01440	0.01632	0.02249	0.03900	0.38775	0.04387	0.04667	0.29260	0.00865	0.01393	0.01884	0.00691	0.00779
19	0.20699	0.09866	0.05669	0.01998	0.02589	0.35440	0.01645	0.07098	0.02357	0.02978	0.01437	0.01650	0.01161	0.00914	0.00749	0.00250	0.01297	0.00579	0.00515	0.01108
20	0.74217	0.01776	0.01350	0.01207	0.01776	0.02060	0.00994	0.02699	0.01563	0.04120	0.01278	0.01492	0.00994	0.00852	0.00568	0.00284	0.00710	0.00497	0.00568	0.00994
21	0.01192	0.00856	0.01131	0.01229	0.01348	0.00795	0.00858	0.01462	0.02098	0.02886	0.27912	0.42736	0.07121	0.02472	0.01136	0.00339	0.00492	0.02226	0.00916	0.00795
22	0.74217	0.01776	0.01350	0.01207	0.01776	0.02060	0.00994	0.02699	0.01563	0.04120	0.01278	0.01492	0.00994	0.00852	0.00568	0.00284	0.00710	0.00497	0.00568	0.00994
23	0.01212	0.00941	0.01106	0.01082	0.01341	0.00835	0.00823	0.01553	0.02342	0.03084	0.34658	0.07951	0.32553	0.02117	0.01094	0.00306	0.00470	0.04775	0.00930	0.00824
24	0.01335	0.00890	0.01001	0.01001	0.01001	0.00890	0.00556	0.01335	0.01335	0.01780	0.02893	0.06009	0.03338	0.67731	0.04673	0.00890	0.00890	0.01335	0.00556	0.00556
25	0.03428	0.02541	0.02721	0.02100	0.02824	0.02818	0.01730	0.56153	0.07208	0.05686	0.02284	0.02267	0.01626	0.01110	0.00919	0.00277	0.00996	0.00838	0.00919	0.01556
26	0.01567	0.00918	0.01120	0.01150	0.01262	0.00878	0.00752	0.01707	0.01681	0.08103	0.03776	0.28035	0.04139	0.30120	0.02581	0.00567	0.00698	0.01715	0.08474	0.00757
27	0.02735	0.28776	0.18307	0.02019	0.02884	0.12177	0.02049	0.09578	0.02353	0.08677	0.01726	0.01861	0.01326	0.00902	0.00766	0.00243	0.01161	0.00633	0.00537	0.01287
28	0.05625	0.16184	0.33456	0.02446	0.09615	0.02242	0.02484	0.02640	0.01943	0.02776	0.02605	0.02799	0.09408	0.01046	0.00834	0.00273	0.01100	0.00819	0.00469	0.01235
29	0.01087	0.00921	0.00939	0.00954	0.01247	0.00773	0.00708	0.01315	0.02070	0.02471	0.09010	0.12843	0.57813	0.02363	0.01091	0.00314	0.00470	0.01984	0.00853	0.00773
30	0.02160	0.02047	0.03467	0.05211	0.56084	0.02042	0.02626	0.02668	0.02058	0.02936	0.02052	0.08601	0.01905	0.01019	0.00935	0.00282	0.01036	0.00993	0.00493	0.01385
31	0.02242	0.02151	0.03673	0.08984	0.58891	0.02174	0.02803	0.02792	0.02076	0.02963	0.01722	0.02282	0.01442	0.00824	0.00910	0.00275	0.01098	0.00818	0.00452	0.01430
32	0.03335	0.10611	0.02818	0.02288	0.02792	0.58151	0.01754	0.03577	0.02530	0.02239	0.01405	0.01638	0.01182	0.00931	0.00805	0.00233	0.01590	0.00582	0.00465	0.01076
33	0.05442	0.04602	0.59909	0.02547	0.03865	0.02129	0.03273	0.02897	0.01920	0.02968	0.01629	0.01916	0.01155	0.00871	0.00857	0.00290	0.01325	0.00669	0.00397	0.01339
34	0.01121	0.00932	0.00979	0.00967	0.01262	0.00790	0.00725	0.01386	0.02176	0.02678	0.17904	0.08511	0.52904	0.02252	0.01085	0.00307	0.00460	0.01892	0.00879	0.00790
35	0.01085	0.00930	0.00930	0.00930	0.01240	0.00775	0.00698	0.01318	0.02093	0.02480	0.09302	0.08837	0.61631	0.02325	0.01085	0.00310	0.00465	0.01938	0.00853	0.00775
36	0.01842	0.04749	0.62974	0.02617	0.03974	0.02132	0.03392	0.02908	0.01939	0.02908	0.01648	0.01939	0.01163	0.00872	0.00872	0.00291	0.01357	0.00678	0.00388	0.01357
37	0.01148	0.00933	0.01017	0.00996	0.01279	0.00802	0.00747	0.01439	0.02241	0.02832	0.24597	0.08257	0.46116	0.02194	0.01085	0.00304	0.00456	0.01857	0.00899	0.00802
38	0.01712	0.00856	0.00856	0.00856	0.01070	0.00856	0.00642	0.02139	0.01926	0.03423	0.02995	0.03423	0.02353	0.01070	0.00642	0.00214	0.00428	0.00856	0.72828	0.00856
39	0.01904	0.01632	0.01904	0.01360	0.02176	0.01224	0.01088	0.02312	0.01904	0.02992	0.01632	0.01904	0.01360	0.00680	0.00680	0.00136	0.00680	0.00544	0.00544	0.73344
40	0.02205	0.01883	0.02018	0.01851	0.02340	0.02164	0.01456	0.04589	0.54663	0.03734	0.03847	0.04102	0.03045	0.01372	0.00967	0.00322	0.00738	0.06383	0.00926	0.01394
41	0.01216	0.00934	0.01116	0.01103	0.01347	0.00835	0.00833	0.01556	0.02330	0.03089	0.34961	0.11016	0.29084	0.02142	0.01099	0.00309	0.00474	0.04803	0.00931	0.00823
42	0.02398	0.02540	0.11457	0.04316	0.39465	0.02236	0.02588	0.13832	0.02493	0.03505	0.01974	0.05395	0.01662	0.00983	0.00919	0.00281	0.01084	0.00889	0.00557	0.01428
43	0.01185	0.00962	0.01069	0.01122	0.01407	0.00846	0.00895	0.01465	0.02098	0.02548	0.08182	0.09220	0.47426	0.02379	0.01131	0.00338	0.00561	0.15523	0.00851	0.00793
44	0.01956	0.02785	0.23879	0.03260	0.21190	0.01864	0.07954	0.02672	0.01984	0.03009	0.02001	0.02468	0.01566	0.01154	0.03681	0.00324	0.01156	0.00810	0.15036	0.01250
45	0.03348	0.04244	0.02609	0.05417	0.03007	0.61050	0.01812	0.03603	0.02565	0.02252	0.01430	0.01694	0.01185	0.00945	0.00832	0.00240	0.01635	0.00602	0.00470	0.01062
46	0.01842	0.04749	0.62974	0.02617	0.03974	0.02132	0.03392	0.02908	0.01939	0.02908	0.01648	0.01939	0.01163	0.00872	0.00872	0.00291	0.01357	0.00678	0.00388	0.01357
47	0.02458	0.24208	0.25697	0.02313	0.03239	0.18373	0.06129	0.03054	0.02100	0.02510	0.01489	0.01758	0.01188	0.00858	0.00787	0.00249	0.01330	0.00625	0.00416	0.01219
48	0.01112	0.00939	0.00968	0.00982	0.01286	0.00794	0.00751	0.01358	0.02094	0.02499	0.08996	0.08941	0.57758	0.02340	0.01098	0.00318	0.00491	0.05641	0.00852	0.00780
49	0.01904	0.01632	0.01904	0.01360	0.02176	0.01224	0.01088	0.02312	0.01904	0.02992	0.01632	0.01904	0.01360	0.00680	0.00680	0.00136	0.00680	0.00544	0.00544	0.73344
50	0.02153	0.03126	0.21332	0.18535	0.15330	0.11752	0.02596	0.02813	0.02043	0.02691	0.01622	0.02080	0.01256	0.00866	0.00865	0.00267	0.01254	0.00712	0.00434	0.08270
51	0.02691	0.03111	0.02783	0.03358	0.24104	0.32984	0.02007	0.03039	0.02347	0.02552	0.02602	0.02856	0.09497	0.01087	0.00892	0.00260	0.01289	0.00857	0.00518	0.01167
52	0.01119	0.00799	0.01065	0.01278	0.01332	0.00746	0.00852	0.01278	0.01758	0.02344	0.05061	0.67132	0.06073	0.02877	0.01172	0.00373	0.00533	0.02610	0.00852	0.00746
53	0.01242	0.00936	0.01148	0.01095	0.01336	0.00842	0.00821	0.01622	0.02463	0.03360	0.47525	0.07389	0.22859	0.01997	0.01084	0.00294	0.00442	0.01735	0.00968	0.00842
54	0.02716	0.42000	0.03931	0.01899	0.02512	0.22405	0.01676	0.02984	0.02051	0.02192	0.01314	0.01581	0.01182	0.00914	0.00896	0.00229	0.07419	0.00552	0.00419	0.01126
55	0.01378	0.00963	0.01374	0.01374	0.01546	0.01100	0.01064	0.01722	0.01550	0.02344	0.02548	0.03577	0.02305	0.05928	0.53639	0.01268	0.02125	0.00963	0.12409	0.00826
56	0.01119	0.00799	0.01065	0.01278	0.01332	0.00746	0.00852	0.01278	0.01758	0.02344	0.05061	0.67132	0.06073	0.02877	0.01172	0.00373	0.00533	0.02610	0.00852	0.00746
57	0.01329	0.00913	0.01118	0.01118	0.01159	0.00954	0.00702	0.01410	0.01370	0.01867	0.02786	0.05417	0.03081	0.52738	0.19315	0.01034	0.01277	0.01249	0.00540	0.00621
58	0.01878	0.08526	0.59517	0.02555	0.03878	0.02222	0.03284	0.02898	0.01934	0.02863	0.01626	0.01911	0.01164	0.00867	0.00856	0.00285	0.01335	0.00667	0.00388	0.01346
59	0.24618	0.02555	0.02457	0.02420	0.11602	0.12117	0.01688	0.24692	0.02876	0.04301	0.01729	0.01914	0.01315	0.00959	0.00797	0.00272	0.01034	0.00689	0.00672	0.01296
60	0.02363	0.02842	0.17407	0.04378	0.39167	0.02275	0.02784	0.11651	0.02405	0.03416	0.01784	0.02184	0.01403	0.00875	0.00902	0.00277	0.01140	0.00787	0.00512	0.01448
61	0.02247	0.02873	0.18736	0.04057	0.30984	0.02194	0.09584	0.08302	0.02268	0.03241	0.01764	0.02184	0.01378	0.00846	0.00908	0.00274	0.01182	0.00800	0.00489	0.05687
62	0.06871	0.03882	0.43799	0.02579	0.03762	0.02062	0.11298	0.02837	0.01944	0.03005	0.01652	0.01985	0.01206	0.00836	0.00863	0.00277	0.01272	0.00713	0.00428	0.08727

[dist]
# distance from previous block
# <min> <max>
2	3

[block]
# block no. 2 follows, 18 sequences, length 8
# corresponding to MSA columns:
# 104-111
name=unknown_C
#
# <colnr> <probs for GDERKNQSTAVLIFYWHMCP>
#	G	D	E	R	K	N	Q	S	T	A	V	L	I	F	Y	W	H	M	C	P
0	0.03430	0.04376	0.02602	0.02365	0.02839	0.64045	0.01774	0.03666	0.02602	0.02247	0.01419	0.01656	0.01183	0.00946	0.00828	0.00237	0.01656	0.00591	0.00473	0.01064
1	0.02688	0.02873	0.06403	0.03271	0.21724	0.17605	0.02120	0.10544	0.16986	0.03365	0.02206	0.02379	0.01719	0.00995	0.00894	0.00275	0.01146	0.00810	0.00632	0.01365
2	0.02439	0.02760	0.17292	0.03671	0.18609	0.02086	0.22950	0.03153	0.02172	0.12675	0.02066	0.02411	0.01501	0.00866	0.00966	0.00292	0.01265	0.00900	0.00554	0.01372
3	0.01184	0.00943	0.01067	0.01061	0.01334	0.00826	0.00813	0.01494	0.02253	0.02878	0.25282	0.08339	0.40567	0.02202	0.01099	0.00312	0.00485	0.06150	0.00902	0.00809
4	0.01273	0.00938	0.01190	0.01127	0.01355	0.00855	0.00845	0.01681	0.02536	0.03532	0.55008	0.07105	0.15268	0.01933	0.01083	0.00291	0.00437	0.01695	0.00991	0.00855
5	0.02196	0.24851	0.08127	0.11996	0.11049	0.02700	0.21146	0.02774	0.01994	0.02596	0.01599	0.02074	0.01289	0.00810	0.00858	0.00265	0.01242	0.00787	0.00426	0.01220
6	0.01111	0.00931	0.00966	0.00957	0.01256	0.00786	0.00718	0.01368	0.02154	0.02626	0.15613	0.08597	0.55229	0.02271	0.01085	0.00307	0.00461	0.01904	0.00872	0.00786
7	0.01256	0.00941	0.01184	0.01252	0.01462	0.00868	0.00972	0.01585	0.02196	0.02898	0.23771	0.19111	0.21088	0.02337	0.01145	0.00343	0.00561	0.15315	0.00900	0.00816

[dist]
# distance from previous block
# <min> <max>
1	3

[block]
# block no. 3 follows, 18 sequences, length 35
# corresponding to MSA columns:
# 115-149
name=unknown_D
#
# <colnr> <probs for GDERKNQSTAVLIFYWHMCP>
#	G	D	E	R	K	N	Q	S	T	A	V	L	I	F	Y	W	H	M	C	P
0	0.02368	0.02124	0.03323	0.19007	0.38220	0.02270	0.02560	0.12912	0.02436	0.03354	0.01792	0.02301	0.01420	0.00893	0.00913	0.00281	0.01107	0.00819	0.00528	0.01372
1	0.02192	0.06372	0.03883	0.13018	0.37036	0.02286	0.12784	0.02881	0.05150	0.02891	0.01816	0.02344	0.01466	0.00844	0.00923	0.00281	0.01166	0.00857	0.00472	0.01338
2	0.02053	0.20745	0.40677	0.02724	0.10769	0.02524	0.02853	0.02856	0.01939	0.02727	0.01562	0.01860	0.01203	0.00843	0.00804	0.00264	0.01228	0.00648	0.00397	0.01323
3	0.02830	0.05887	0.02320	0.01847	0.02433	0.05948	0.01476	0.08033	0.37662	0.16251	0.03333	0.03064	0.02420	0.01169	0.00905	0.00292	0.00827	0.00942	0.00917	0.01444
4	0.01857	0.01414	0.01666	0.01707	0.06496	0.01421	0.01188	0.07780	0.13979	0.07009	0.09505	0.14146	0.24466	0.01846	0.01027	0.00310	0.00645	0.01574	0.00873	0.01091
5	0.03222	0.04019	0.02686	0.07548	0.06920	0.55183	0.01902	0.03508	0.02509	0.02303	0.01456	0.01758	0.01203	0.00936	0.00840	0.00244	0.01585	0.00624	0.00467	0.01086
6	0.01478	0.01251	0.01564	0.01546	0.01734	0.06099	0.01197	0.01799	0.01564	0.02141	0.02378	0.03454	0.02208	0.06419	0.59112	0.01378	0.02396	0.00953	0.00490	0.00839
7	0.02273	0.02182	0.03727	0.05636	0.62003	0.02182	0.02818	0.02818	0.02091	0.03000	0.01727	0.02273	0.01454	0.00818	0.00909	0.00273	0.01091	0.00818	0.00455	0.01454
8	0.01119	0.00799	0.01065	0.01278	0.01332	0.00746	0.00852	0.01278	0.01758	0.02344	0.05061	0.67132	0.06073	0.02877	0.01172	0.00373	0.00533	0.02610	0.00852	0.00746
9	0.01241	0.00857	0.01063	0.01178	0.01217	0.00832	0.00757	0.01345	0.01587	0.02112	0.04055	0.35488	0.04770	0.32555	0.02782	0.00613	0.00717	0.05450	0.00716	0.00665
10	0.01904	0.01632	0.01904	0.01360	0.02176	0.01224	0.01088	0.02312	0.01904	0.02992	0.01632	0.01904	0.01360	0.00680	0.00680	0.00136	0.00680	0.00544	0.00544	0.73344
11	0.01119	0.00799	0.01065	0.01278	0.01332	0.00746	0.00852	0.01278	0.01758	0.02344	0.05061	0.67132	0.06073	0.02877	0.01172	0.00373	0.00533	0.02610	0.00852	0.00746
12	0.74217	0.01776	0.01350	0.01207	0.01776	0.02060	0.00994	0.02699	0.01563	0.04120	0.01278	0.01492	0.00994	0.00852	0.00568	0.00284	0.00710	0.00497	0.00568	0.00994
13	0.01366	0.01064	0.01580	0.01549	0.01700	0.01278	0.01215	0.01684	0.01470	0.02138	0.02361	0.03482	0.02210	0.06474	0.59319	0.01392	0.07430	0.00970	0.00485	0.00834
14	0.74217	0.01776	0.01350	0.01207	0.01776	0.02060	0.00994	0.02699	0.01563	0.04120	0.01278	0.01492	0.00994	0.00852	0.00568	0.00284	0.00710	0.00497	0.00568	0.00994
15	0.01172	0.00958	0.01052	0.01098	0.01387	0.00837	0.00871	0.01447	0.02097	0.02540	0.08319	0.09173	0.49166	0.02372	0.01126	0.00335	0.00549	0.13859	0.00851	0.00791
16	0.01119	0.00799	0.01065	0.01278	0.01332	0.00746	0.00852	0.01278	0.01758	0.02344	0.05061	0.67132	0.06073	0.02877	0.01172	0.00373	0.00533	0.02610	0.00852	0.00746
17	0.01312	0.00984	0.01476	0.01476	0.01640	0.01148	0.01148	0.01640	0.01476	0.02131	0.02459	0.03607	0.02295	0.06886	0.64092	0.01476	0.02459	0.00984	0.00492	0.00820
18	0.03430	0.04376	0.02602	0.02365	0.02839	0.64045	0.01774	0.03666	0.02602	0.02247	0.01419	0.01656	0.01183	0.00946	0.00828	0.00237	0.01656	0.00591	0.00473	0.01064
19	0.02009	0.02009	0.02812	0.02411	0.02411	0.02812	0.02009	0.02210	0.01406	0.02210	0.01205	0.02009	0.01205	0.01607	0.03013	0.00402	0.66051	0.00804	0.00402	0.01004
20	0.03490	0.02572	0.02756	0.02113	0.02847	0.02847	0.01745	0.58942	0.04317	0.05787	0.02204	0.02204	0.01561	0.01102	0.00919	0.00276	0.01010	0.00827	0.00919	0.01561
21	0.02675	0.54035	0.04336	0.01727	0.02464	0.12186	0.01614	0.07272	0.02162	0.02456	0.01369	0.01556	0.01209	0.00833	0.00649	0.00208	0.01080	0.00532	0.00445	0.01192
22	0.02230	0.01827	0.02018	0.01841	0.04903	0.01944	0.01374	0.15632	0.26027	0.03822	0.04222	0.07356	0.13465	0.01431	0.00947	0.00289	0.00743	0.01187	0.00854	0.07889
23	0.01904	0.01632	0.01904	0.01360	0.02176	0.01224	0.01088	0.02312	0.01904	0.02992	0.01632	0.01904	0.01360	0.00680	0.00680	0.00136	0.00680	0.00544	0.00544	0.73344
24	0.03430	0.04376	0.02602	0.02365	0.02839	0.64045	0.01774	0.03666	0.02602	0.02247	0.01419	0.01656	0.01183	0.00946	0.00828	0.00237	0.01656	0.00591	0.00473	0.01064
25	0.04120	0.01563	0.02131	0.01634	0.02344	0.01350	0.01350	0.04475	0.02628	0.62639	0.03622	0.03125	0.02273	0.01136	0.00923	0.00284	0.00781	0.00923	0.01136	0.01563
26	0.01480	0.01009	0.01144	0.01101	0.01159	0.01036	0.00667	0.05240	0.01544	0.02069	0.02824	0.05628	0.03165	0.60106	0.07473	0.00879	0.00979	0.01283	0.00577	0.00638
27	0.01295	0.00929	0.01171	0.01116	0.01298	0.00866	0.00801	0.01639	0.02344	0.03275	0.48216	0.06804	0.10377	0.13874	0.01736	0.00399	0.00518	0.01615	0.00920	0.00805
28	0.02011	0.02765	0.17422	0.02838	0.03394	0.02527	0.17060	0.02562	0.01727	0.02562	0.01477	0.02114	0.01244	0.01220	0.02016	0.00352	0.34299	0.00847	0.00415	0.01147
29	0.01085	0.00930	0.00930	0.00930	0.01240	0.00775	0.00698	0.01318	0.02093	0.02480	0.09302	0.08837	0.61631	0.02325	0.01085	0.00310	0.00465	0.01938	0.00853	0.00775
30	0.01621	0.01218	0.01578	0.01423	0.01599	0.01340	0.01091	0.01901	0.02060	0.06650	0.27770	0.05625	0.12677	0.12158	0.02083	0.00412	0.15727	0.01401	0.00786	0.00882
31	0.02417	0.02079	0.02911	0.07402	0.27332	0.02052	0.02050	0.15773	0.02541	0.03608	0.01805	0.02161	0.01437	0.00851	0.00846	0.00236	0.00962	0.00741	0.00586	0.22209
32	0.01480	0.01168	0.01288	0.01263	0.01569	0.01128	0.00959	0.08390	0.05981	0.02944	0.06817	0.21450	0.33984	0.02255	0.01089	0.00328	0.00588	0.05545	0.00865	0.00909
33	0.02581	0.02919	0.02660	0.17023	0.03631	0.29121	0.05647	0.03157	0.06780	0.02577	0.01718	0.02080	0.01365	0.00903	0.00848	0.00245	0.01297	0.00703	0.00506	0.14239
34	0.01982	0.02798	0.21446	0.03731	0.24606	0.01984	0.11510	0.02698	0.02061	0.02917	0.02294	0.03674	0.02053	0.01140	0.00991	0.00311	0.01198	0.10819	0.00507	0.01280

[dist]
# distance from previous block
# <min> <max>
0	13

[block]
# block no. 4 follows, 18 sequences, length 37
# corresponding to MSA columns:
# 163-199
name=unknown_E
#
# <colnr> <probs for GDERKNQSTAVLIFYWHMCP>
#	G	D	E	R	K	N	Q	S	T	A	V	L	I	F	Y	W	H	M	C	P
0	0.02165	0.02612	0.13597	0.04205	0.38741	0.05408	0.02542	0.02736	0.02026	0.02865	0.01760	0.02377	0.01497	0.05012	0.01111	0.00299	0.01114	0.00786	0.00459	0.08690
1	0.02656	0.03075	0.03399	0.03096	0.10511	0.28513	0.18146	0.03251	0.05982	0.02689	0.02079	0.02964	0.01796	0.01062	0.00963	0.00286	0.01415	0.06420	0.00535	0.01164
2	0.02107	0.20846	0.44057	0.02334	0.03485	0.06777	0.02819	0.02920	0.01966	0.02673	0.01538	0.01801	0.01168	0.00855	0.00797	0.00263	0.01282	0.00625	0.00395	0.01292
3	0.02342	0.01890	0.02033	0.01815	0.02329	0.02148	0.01415	0.04680	0.53623	0.07429	0.06923	0.03597	0.03094	0.01274	0.00942	0.00309	0.00714	0.01065	0.00951	0.01428
4	0.01527	0.01233	0.01395	0.01303	0.01629	0.01249	0.00992	0.02529	0.19009	0.03423	0.31756	0.06376	0.20390	0.01810	0.01041	0.00301	0.00525	0.01552	0.00949	0.01011
5	0.02250	0.01409	0.01676	0.01469	0.01906	0.01415	0.01147	0.03323	0.20669	0.17483	0.24445	0.05105	0.10722	0.01550	0.00999	0.00297	0.00610	0.01320	0.01000	0.01205
6	0.03371	0.02457	0.02628	0.02028	0.02728	0.02714	0.01671	0.55130	0.04157	0.05628	0.02258	0.02286	0.01615	0.01100	0.00900	0.00271	0.00971	0.00829	0.05744	0.01514
7	0.10264	0.15850	0.03102	0.02647	0.12913	0.31585	0.01835	0.06707	0.02374	0.02774	0.01480	0.01746	0.01234	0.00893	0.00775	0.00242	0.01292	0.00617	0.00492	0.01178
8	0.02360	0.02957	0.09589	0.03111	0.10600	0.19758	0.19920	0.02904	0.02139	0.02606	0.01799	0.02358	0.01474	0.01900	0.11909	0.00485	0.01662	0.00852	0.00463	0.01154
9	0.01136	0.00932	0.01000	0.00983	0.01271	0.00797	0.00738	0.01416	0.02213	0.02765	0.21647	0.08369	0.49108	0.02219	0.01085	0.00305	0.00458	0.01872	0.00890	0.00797
10	0.01431	0.01041	0.01412	0.01598	0.01821	0.01022	0.01384	0.01831	0.02111	0.02715	0.05407	0.10170	0.12206	0.02511	0.01246	0.00409	0.00799	0.49204	0.00846	0.00837
11	0.01131	0.00939	0.00994	0.01000	0.01294	0.00802	0.00763	0.01396	0.02146	0.02619	0.14352	0.08729	0.52756	0.02293	0.01096	0.00315	0.00485	0.05232	0.00868	0.00789
12	0.01241	0.00873	0.01073	0.01127	0.01212	0.00830	0.00736	0.01409	0.01814	0.02454	0.17744	0.26969	0.08494	0.27020	0.02464	0.00545	0.00640	0.01873	0.00778	0.00704
13	0.01561	0.01367	0.02232	0.39350	0.04410	0.01675	0.01977	0.02057	0.01689	0.02258	0.01970	0.02922	0.01662	0.03357	0.26735	0.00784	0.01729	0.00885	0.00442	0.00938
14	0.04010	0.01738	0.02239	0.01717	0.02431	0.01610	0.01418	0.13933	0.02921	0.52766	0.03376	0.02965	0.02149	0.01131	0.00923	0.00283	0.00821	0.00907	0.01099	0.01562
15	0.09187	0.01986	0.06521	0.02553	0.03069	0.01958	0.23371	0.02350	0.01812	0.02737	0.02302	0.13627	0.02226	0.02006	0.08699	0.00468	0.12344	0.01207	0.00531	0.01046
16	0.02286	0.02466	0.03283	0.29722	0.18883	0.15597	0.09308	0.02820	0.02105	0.02556	0.01636	0.02237	0.01292	0.00882	0.00916	0.00283	0.01325	0.00800	0.00440	0.01162
17	0.02802	0.31986	0.03765	0.02585	0.12902	0.26842	0.01866	0.03117	0.02191	0.02340	0.01410	0.01683	0.01228	0.00854	0.00737	0.00225	0.01263	0.00587	0.00435	0.01182
18	0.01085	0.00930	0.00930	0.00930	0.01240	0.00775	0.00698	0.01318	0.02093	0.02480	0.09302	0.08837	0.61631	0.02325	0.01085	0.00310	0.00465	0.01938	0.00853	0.00775
19	0.02121	0.02663	0.11443	0.03692	0.08040	0.02342	0.43257	0.02855	0.02059	0.02867	0.01760	0.02356	0.01352	0.00873	0.01246	0.00315	0.08075	0.00993	0.00449	0.01241
20	0.02220	0.02291	0.07163	0.08058	0.49565	0.02182	0.02701	0.03010	0.08008	0.03047	0.01922	0.02378	0.01562	0.00870	0.00910	0.00279	0.01077	0.00832	0.00497	0.01427
21	0.10253	0.29972	0.03368	0.01926	0.02535	0.33278	0.01612	0.03197	0.02198	0.02403	0.01347	0.01565	0.01162	0.00872	0.00705	0.00225	0.01287	0.00541	0.00450	0.01103
22	0.01968	0.18355	0.46175	0.06721	0.03784	0.02452	0.02938	0.02835	0.01916	0.02707	0.01566	0.01872	0.01171	0.00857	0.00814	0.00271	0.01266	0.00647	0.00390	0.01295
23	0.01842	0.04749	0.62974	0.02617	0.03974	0.02132	0.03392	0.02908	0.01939	0.02908	0.01648	0.01939	0.01163	0.00872	0.00872	0.00291	0.01357	0.00678	0.00388	0.01357
24	0.01098	0.00922	0.00954	0.00965	0.01253	0.00778	0.00717	0.01335	0.02095	0.02530	0.11562	0.12754	0.55216	0.02341	0.01091	0.00313	0.00468	0.01971	0.00860	0.00778
25	0.01377	0.00855	0.00980	0.01041	0.01115	0.00839	0.00665	0.01541	0.01619	0.02395	0.03542	0.22801	0.03850	0.30784	0.02559	0.00556	0.00660	0.01568	0.20561	0.00693
26	0.01085	0.00930	0.00930	0.00930	0.01240	0.00775	0.00698	0.01318	0.02093	0.02480	0.09302	0.08837	0.61631	0.02325	0.01085	0.00310	0.00465	0.01938	0.00853	0.00775
27	0.03490	0.02572	0.02756	0.02113	0.02847	0.02847	0.01745	0.58942	0.04317	0.05787	0.02204	0.02204	0.01561	0.01102	0.00919	0.00276	0.01010	0.00827	0.00919	0.01561
28	0.01312	0.00984	0.01476	0.01476	0.01640	0.01148	0.01148	0.01640	0.01476	0.02131	0.02459	0.03607	0.02295	0.06886	0.64092	0.01476	0.02459	0.00984	0.00492	0.00820
29	0.74217	0.01776	0.01350	0.01207	0.01776	0.02060	0.00994	0.02699	0.01563	0.04120	0.01278	0.01492	0.00994	0.00852	0.00568	0.00284	0.00710	0.00497	0.00568	0.00994
30	0.02218	0.02773	0.10476	0.02613	0.03016	0.13181	0.11407	0.02623	0.01821	0.02429	0.01592	0.05199	0.01465	0.01327	0.01964	0.00343	0.33138	0.00886	0.00445	0.01084
31	0.03284	0.02335	0.02522	0.01977	0.02654	0.02566	0.01619	0.45970	0.10289	0.08977	0.02513	0.02474	0.01794	0.01118	0.00903	0.00276	0.00928	0.00858	0.05438	0.01505
32	0.01595	0.00797	0.01196	0.01196	0.01196	0.00797	0.00797	0.01196	0.01196	0.01595	0.01595	0.02791	0.01595	0.03190	0.03589	0.73285	0.00797	0.00797	0.00399	0.00399
33	0.01595	0.00797	0.01196	0.01196	0.01196	0.00797	0.00797	0.01196	0.01196	0.01595	0.01595	0.02791	0.01595	0.03190	0.03589	0.73285	0.00797	0.00797	0.00399	0.00399
34	0.02411	0.02701	0.09509	0.08462	0.41717	0.09773	0.02666	0.06362	0.02259	0.03029	0.01705	0.02170	0.01384	0.00863	0.00897	0.00272	0.01190	0.00777	0.00476	0.01376
35	0.01300	0.00939	0.01227	0.01155	0.01372	0.00866	0.00866	0.01733	0.02599	0.03682	0.61519	0.06859	0.08664	0.01877	0.01083	0.00289	0.00433	0.01661	0.01011	0.00866
36	0.02499	0.01862	0.01966	0.01600	0.02145	0.01963	0.01291	0.34240	0.03350	0.04429	0.04830	0.04691	0.23391	0.01543	0.00960	0.00284	0.00774	0.01231	0.05720	0.01229

[dist]
# distance from previous block
# <min> <max>
0	21

# created by:
# /home/cegg/simao/soft/augustus-3.2.1/scripts/msa2prfl.pl ./align_prep/12714.fa
