[name]
unknown

[dist]
# distance from previous block
# <min> <max>
0	0

[block]
# block no. 0 follows, 20 sequences, length 41
# corresponding to MSA columns:
# 0-40
name=unknown_A
#
# <colnr> <probs for GDERKNQSTAVLIFYWHMCP>
#	G	D	E	R	K	N	Q	S	T	A	V	L	I	F	Y	W	H	M	C	P
0	0.01406	0.01004	0.01406	0.01606	0.01807	0.01004	0.01406	0.01807	0.02008	0.02610	0.04618	0.09839	0.05020	0.02410	0.01205	0.00402	0.00803	0.58032	0.00803	0.00803
1	0.03914	0.01484	0.02024	0.01552	0.02227	0.01282	0.01282	0.04251	0.02497	0.64507	0.03441	0.02969	0.02159	0.01080	0.00877	0.00270	0.00742	0.00877	0.01080	0.01484
2	0.01063	0.00759	0.01012	0.01215	0.01265	0.00709	0.00810	0.01215	0.01670	0.02227	0.04808	0.68775	0.05769	0.02733	0.01113	0.00354	0.00506	0.02480	0.00810	0.00709
3	0.01031	0.00884	0.00884	0.00884	0.01178	0.00736	0.00663	0.01252	0.01988	0.02356	0.08837	0.08395	0.63549	0.02209	0.01031	0.00295	0.00442	0.01841	0.00810	0.00736
4	0.01626	0.00813	0.00813	0.00813	0.01016	0.00813	0.00610	0.02033	0.01829	0.03252	0.02846	0.03252	0.02236	0.01016	0.00610	0.00203	0.00407	0.00813	0.74187	0.00813
5	0.01031	0.00884	0.00884	0.00884	0.01178	0.00736	0.00663	0.01252	0.01988	0.02356	0.08837	0.08395	0.63549	0.02209	0.01031	0.00295	0.00442	0.01841	0.00810	0.00736
6	0.75506	0.01687	0.01282	0.01147	0.01687	0.01957	0.00945	0.02564	0.01484	0.03914	0.01215	0.01417	0.00945	0.00810	0.00540	0.00270	0.00675	0.00472	0.00540	0.00945
7	0.03316	0.02443	0.02618	0.02007	0.02705	0.02705	0.01658	0.60995	0.04101	0.05497	0.02094	0.02094	0.01483	0.01047	0.00873	0.00262	0.00960	0.00785	0.00873	0.01483
8	0.01235	0.00892	0.01166	0.01097	0.01303	0.00823	0.00823	0.01646	0.02469	0.03498	0.63443	0.06516	0.08230	0.01783	0.01029	0.00274	0.00412	0.01578	0.00960	0.00823
9	0.01626	0.00813	0.00813	0.00813	0.01016	0.00813	0.00610	0.02033	0.01829	0.03252	0.02846	0.03252	0.02236	0.01016	0.00610	0.00203	0.00407	0.00813	0.74187	0.00813
10	0.01268	0.00846	0.00951	0.00951	0.00951	0.00846	0.00529	0.01268	0.01268	0.01691	0.02748	0.05708	0.03171	0.69345	0.04440	0.00846	0.00846	0.01268	0.00529	0.00529
11	0.03316	0.02443	0.02618	0.02007	0.02705	0.02705	0.01658	0.60995	0.04101	0.05497	0.02094	0.02094	0.01483	0.01047	0.00873	0.00262	0.00960	0.00785	0.00873	0.01483
12	0.01063	0.00759	0.01012	0.01215	0.01265	0.00709	0.00810	0.01215	0.01670	0.02227	0.04808	0.68775	0.05769	0.02733	0.01113	0.00354	0.00506	0.02480	0.00810	0.00709
13	0.01199	0.00816	0.00972	0.01041	0.01058	0.00799	0.00624	0.01250	0.01405	0.01873	0.03446	0.27070	0.04051	0.46782	0.03313	0.00679	0.00731	0.01679	0.00624	0.00589
14	0.01922	0.01947	0.02888	0.02411	0.02489	0.02631	0.07055	0.02160	0.01399	0.02160	0.01199	0.01947	0.01161	0.01457	0.02702	0.00374	0.61949	0.00787	0.00387	0.00974
15	0.01169	0.00889	0.01075	0.01028	0.01263	0.00795	0.00771	0.01519	0.02314	0.03129	0.45798	0.07123	0.26106	0.01921	0.01029	0.00281	0.00421	0.01663	0.00912	0.00795
16	0.75506	0.01687	0.01282	0.01147	0.01687	0.01957	0.00945	0.02564	0.01484	0.03914	0.01215	0.01417	0.00945	0.00810	0.00540	0.00270	0.00675	0.00472	0.00540	0.00945
17	0.01281	0.00921	0.01067	0.01011	0.01290	0.00804	0.00765	0.01588	0.02218	0.06395	0.31310	0.07300	0.36950	0.01967	0.01021	0.00285	0.00446	0.01676	0.00888	0.00815
18	0.01041	0.00845	0.00924	0.00987	0.01205	0.00728	0.00709	0.01240	0.01889	0.02316	0.07577	0.27279	0.45479	0.02373	0.01057	0.00313	0.00462	0.02041	0.00810	0.00728
19	0.01049	0.00884	0.00908	0.00902	0.01189	0.00744	0.00677	0.01286	0.02030	0.02456	0.13614	0.08230	0.58709	0.02172	0.01031	0.00293	0.00439	0.01818	0.00823	0.00744
20	0.01063	0.00759	0.01012	0.01215	0.01265	0.00709	0.00810	0.01215	0.01670	0.02227	0.04808	0.68775	0.05769	0.02733	0.01113	0.00354	0.00506	0.02480	0.00810	0.00709
21	0.01210	0.00834	0.01015	0.01050	0.01109	0.00806	0.00665	0.01340	0.01639	0.02232	0.16934	0.21631	0.04959	0.37501	0.02841	0.00594	0.00663	0.01640	0.00696	0.00640
22	0.01045	0.00884	0.00903	0.00898	0.01187	0.00742	0.00674	0.01279	0.02021	0.02435	0.12615	0.08265	0.59721	0.02180	0.01031	0.00293	0.00440	0.01823	0.00820	0.00742
23	0.01048	0.00855	0.00928	0.00972	0.01205	0.00734	0.00705	0.01263	0.01937	0.02382	0.10588	0.22485	0.47244	0.02311	0.01050	0.00308	0.00455	0.01978	0.00817	0.00734
24	0.03258	0.04157	0.02472	0.02247	0.02697	0.65843	0.01685	0.03483	0.02472	0.02135	0.01348	0.01573	0.01124	0.00899	0.00787	0.00225	0.01573	0.00562	0.00449	0.01011
25	0.01253	0.00908	0.01269	0.01269	0.01379	0.01018	0.00925	0.01472	0.01363	0.01927	0.02458	0.04099	0.02472	0.25035	0.47794	0.01238	0.01897	0.01033	0.00485	0.00705
26	0.01268	0.00846	0.00951	0.00951	0.00951	0.00846	0.00529	0.01268	0.01268	0.01691	0.02748	0.05708	0.03171	0.69345	0.04440	0.00846	0.00846	0.01268	0.00529	0.00529
27	0.01915	0.01422	0.01795	0.01597	0.01928	0.01612	0.01274	0.20764	0.02274	0.03147	0.02258	0.02996	0.01955	0.04766	0.44879	0.01033	0.01892	0.00886	0.00598	0.01007
28	0.07331	0.02148	0.02374	0.01841	0.02516	0.02302	0.01517	0.41701	0.06362	0.19280	0.02435	0.02320	0.01670	0.01048	0.00856	0.00266	0.00880	0.00800	0.00904	0.01449
29	0.01814	0.01776	0.02488	0.02167	0.02179	0.02450	0.01788	0.02009	0.01363	0.02104	0.01463	0.06618	0.01521	0.01883	0.06171	0.00435	0.59535	0.00891	0.00416	0.00928
30	0.01069	0.00840	0.00950	0.01014	0.01203	0.00739	0.00716	0.01268	0.01873	0.02354	0.10910	0.28439	0.36808	0.06204	0.01254	0.00345	0.00485	0.02005	0.00804	0.00721
31	0.02159	0.02073	0.03541	0.05354	0.63903	0.02073	0.02677	0.02677	0.01986	0.02850	0.01641	0.02159	0.01382	0.00777	0.00864	0.00259	0.01036	0.00777	0.00432	0.01382
32	0.02159	0.02073	0.03541	0.05354	0.63903	0.02073	0.02677	0.02677	0.01986	0.02850	0.01641	0.02159	0.01382	0.00777	0.00864	0.00259	0.01036	0.00777	0.00432	0.01382
33	0.01191	0.00911	0.01204	0.04247	0.01536	0.00932	0.00917	0.01450	0.01715	0.02296	0.12274	0.14495	0.17443	0.11211	0.23388	0.00737	0.01168	0.01476	0.00662	0.00746
34	0.01120	0.00783	0.00995	0.01141	0.01177	0.00747	0.00731	0.01230	0.01558	0.02077	0.04231	0.51103	0.05041	0.21398	0.02045	0.00492	0.00601	0.02140	0.00731	0.00658
35	0.01910	0.01594	0.01857	0.01361	0.02095	0.01294	0.01091	0.07305	0.01987	0.03029	0.01641	0.01923	0.01358	0.01007	0.04271	0.00211	0.00767	0.00563	0.00545	0.64189
36	0.02370	0.02762	0.06866	0.08313	0.03522	0.20034	0.21734	0.07862	0.02207	0.02668	0.01684	0.02261	0.01371	0.04349	0.04172	0.00352	0.05091	0.00824	0.00474	0.01084
37	0.01347	0.00846	0.00960	0.00960	0.01019	0.00860	0.00596	0.01466	0.01406	0.02072	0.02734	0.04955	0.02874	0.48458	0.08953	0.00750	0.00877	0.01137	0.17115	0.00615
38	0.01190	0.00813	0.00975	0.01052	0.01071	0.00793	0.00636	0.01248	0.01422	0.01896	0.03536	0.29825	0.04165	0.43872	0.03168	0.00658	0.00716	0.01732	0.00636	0.00597
39	0.07398	0.02243	0.02268	0.02374	0.13372	0.13376	0.01578	0.06043	0.22570	0.03215	0.04913	0.02511	0.02030	0.00976	0.00812	0.00248	0.00904	0.00786	0.00652	0.11728
40	0.13153	0.02656	0.02114	0.08583	0.02665	0.26870	0.01497	0.13359	0.02413	0.03137	0.01674	0.01969	0.01323	0.01161	0.03654	0.00291	0.01176	0.00649	0.07224	0.04432

[dist]
# distance from previous block
# <min> <max>
0	4

[block]
# block no. 1 follows, 20 sequences, length 133
# corresponding to MSA columns:
# 45-177
name=unknown_B
#
# <colnr> <probs for GDERKNQSTAVLIFYWHMCP>
#	G	D	E	R	K	N	Q	S	T	A	V	L	I	F	Y	W	H	M	C	P
0	0.02089	0.28645	0.27994	0.05317	0.11758	0.05387	0.02391	0.02702	0.01860	0.02456	0.01433	0.01729	0.01153	0.00795	0.00732	0.00238	0.01126	0.00598	0.00384	0.01212
1	0.01683	0.01775	0.06758	0.16772	0.26062	0.01645	0.04817	0.02164	0.01908	0.02554	0.03509	0.08136	0.16060	0.01264	0.00927	0.00283	0.00926	0.01142	0.00532	0.01083
2	0.06920	0.27597	0.03349	0.02270	0.10791	0.16334	0.05572	0.05262	0.02080	0.02527	0.02151	0.02347	0.07516	0.00949	0.00743	0.00231	0.01058	0.00722	0.00479	0.01102
3	0.02450	0.11872	0.06001	0.03636	0.32111	0.15347	0.02216	0.06741	0.02149	0.02720	0.01517	0.01901	0.01272	0.00869	0.00940	0.00251	0.05626	0.00685	0.00451	0.01244
4	0.01956	0.02626	0.15099	0.03251	0.04096	0.02165	0.43093	0.02674	0.01930	0.02695	0.01703	0.02274	0.01309	0.01077	0.04036	0.00348	0.07149	0.00936	0.00425	0.01159
5	0.01031	0.00884	0.00884	0.00884	0.01178	0.00736	0.00663	0.01252	0.01988	0.02356	0.08837	0.08395	0.63549	0.02209	0.01031	0.00295	0.00442	0.01841	0.00810	0.00736
6	0.14504	0.03175	0.31223	0.02939	0.11962	0.02063	0.16449	0.02724	0.01852	0.02979	0.01563	0.01935	0.01168	0.00796	0.00832	0.00277	0.01192	0.00725	0.00424	0.01216
7	0.06687	0.07833	0.06317	0.01943	0.02561	0.29416	0.01623	0.10946	0.02553	0.18994	0.01989	0.02002	0.01431	0.00946	0.00796	0.00244	0.01171	0.00667	0.00663	0.01218
8	0.02014	0.01363	0.01540	0.01309	0.01730	0.01336	0.01035	0.17320	0.02720	0.10669	0.20164	0.05646	0.26309	0.01667	0.00971	0.00278	0.00604	0.01387	0.00895	0.01040
9	0.01063	0.00759	0.01012	0.01215	0.01265	0.00709	0.00810	0.01215	0.01670	0.02227	0.04808	0.68775	0.05769	0.02733	0.01113	0.00354	0.00506	0.02480	0.00810	0.00709
10	0.02012	0.02705	0.15262	0.03576	0.08088	0.02167	0.47308	0.02781	0.02017	0.02792	0.01723	0.02253	0.01290	0.00754	0.00985	0.00289	0.01413	0.00948	0.00428	0.01208
11	0.01738	0.01093	0.01593	0.18514	0.02654	0.01135	0.01300	0.02050	0.01841	0.12950	0.03601	0.36092	0.03729	0.01857	0.00979	0.00314	0.00712	0.01657	0.05275	0.00916
12	0.01994	0.01904	0.03242	0.25359	0.45190	0.02029	0.02595	0.02532	0.01908	0.02649	0.01612	0.02213	0.01311	0.00808	0.00866	0.00269	0.01077	0.00777	0.00417	0.01248
13	0.01887	0.02566	0.19378	0.23676	0.26580	0.02027	0.06325	0.02568	0.01878	0.02631	0.01601	0.02140	0.01238	0.00817	0.00867	0.00276	0.01168	0.00757	0.00402	0.01217
14	0.02134	0.02222	0.07295	0.05178	0.60220	0.02070	0.02710	0.02682	0.01977	0.02844	0.01636	0.02139	0.01365	0.00780	0.00861	0.00260	0.01052	0.00769	0.00428	0.01376
15	0.03180	0.04009	0.02548	0.02469	0.07065	0.61291	0.01756	0.03426	0.02437	0.02186	0.01369	0.01615	0.01142	0.00890	0.00792	0.00227	0.01535	0.00577	0.00448	0.01038
16	0.02060	0.01971	0.03362	0.17346	0.52686	0.02046	0.02628	0.02590	0.01939	0.02729	0.01623	0.02191	0.01339	0.00796	0.00865	0.00265	0.01061	0.00777	0.00423	0.01302
17	0.02016	0.25118	0.31381	0.02544	0.07096	0.02520	0.12474	0.02714	0.01865	0.02544	0.01490	0.01806	0.01164	0.00783	0.00778	0.00249	0.01190	0.00661	0.00386	0.01221
18	0.01215	0.00905	0.01335	0.01370	0.01508	0.01025	0.01042	0.01499	0.01448	0.02059	0.02759	0.14611	0.02795	0.05890	0.54801	0.01223	0.02023	0.01199	0.00526	0.00767
19	0.25008	0.07130	0.20808	0.01735	0.02523	0.02014	0.01789	0.06612	0.07701	0.11299	0.04252	0.02153	0.01634	0.00933	0.00743	0.00268	0.00894	0.00686	0.00616	0.01199
20	0.05076	0.07734	0.30620	0.03374	0.20641	0.02163	0.12700	0.02725	0.01900	0.02793	0.01582	0.01971	0.01214	0.00792	0.00843	0.00268	0.01199	0.00728	0.00406	0.01270
21	0.15386	0.02317	0.02394	0.01863	0.02535	0.02580	0.01539	0.51225	0.03664	0.05233	0.01947	0.01981	0.01393	0.01007	0.00817	0.00263	0.00912	0.00733	0.00817	0.01393
22	0.02204	0.01803	0.02138	0.10393	0.06848	0.02027	0.01566	0.09831	0.36461	0.06235	0.03458	0.03366	0.07446	0.01185	0.00894	0.00288	0.00784	0.00992	0.00793	0.01288
23	0.01248	0.00926	0.01356	0.01356	0.01496	0.01065	0.01033	0.01528	0.01388	0.01991	0.02378	0.03659	0.02281	0.12921	0.59647	0.01345	0.02185	0.00968	0.00474	0.00753
24	0.01041	0.00884	0.00898	0.00895	0.01185	0.00741	0.00671	0.01272	0.02013	0.02415	0.11638	0.08298	0.60711	0.02187	0.01031	0.00294	0.00440	0.01827	0.00818	0.00741
25	0.01949	0.15981	0.34756	0.07340	0.17953	0.02298	0.02715	0.02678	0.01857	0.02614	0.01516	0.01867	0.01177	0.00804	0.00790	0.00256	0.01154	0.00652	0.00386	0.01258
26	0.01063	0.00759	0.01012	0.01215	0.01265	0.00709	0.00810	0.01215	0.01670	0.02227	0.04808	0.68775	0.05769	0.02733	0.01113	0.00354	0.00506	0.02480	0.00810	0.00709
27	0.02751	0.01995	0.06580	0.02527	0.13195	0.01703	0.09291	0.09047	0.02335	0.23628	0.02279	0.02356	0.01608	0.00876	0.00844	0.00242	0.00923	0.00783	0.00707	0.16331
28	0.12175	0.13828	0.27955	0.02623	0.13712	0.10445	0.02349	0.02789	0.01889	0.02744	0.01448	0.01736	0.01137	0.00813	0.00748	0.00252	0.01142	0.00606	0.00414	0.01196
29	0.36442	0.02625	0.01837	0.01658	0.02157	0.25437	0.01291	0.03256	0.12260	0.03216	0.01663	0.01789	0.01304	0.00906	0.00690	0.00258	0.01007	0.00593	0.00566	0.01044
30	0.18739	0.20251	0.16156	0.01954	0.06299	0.02459	0.01816	0.13887	0.02183	0.03346	0.01645	0.04666	0.01370	0.00926	0.00717	0.00251	0.00944	0.00676	0.00529	0.01185
31	0.02911	0.02649	0.02345	0.02108	0.06225	0.20342	0.01570	0.28555	0.08251	0.03928	0.02077	0.02199	0.01574	0.00996	0.00815	0.00246	0.01044	0.00742	0.10176	0.01247
32	0.01055	0.00789	0.00982	0.01136	0.01244	0.00715	0.00775	0.01223	0.01746	0.02258	0.05767	0.54400	0.19525	0.02608	0.01094	0.00340	0.00491	0.02328	0.00810	0.00715
33	0.02676	0.02827	0.07647	0.03316	0.21254	0.15611	0.10143	0.19496	0.02690	0.03441	0.01720	0.02022	0.01329	0.00878	0.00870	0.00259	0.01204	0.00759	0.00558	0.01299
34	0.18242	0.34901	0.11503	0.01800	0.02519	0.02767	0.06701	0.02593	0.01705	0.02619	0.01300	0.01585	0.01099	0.00837	0.00827	0.00242	0.06686	0.00564	0.00416	0.01094
35	0.01132	0.00881	0.01028	0.01005	0.01244	0.00777	0.00749	0.01442	0.02207	0.02907	0.35282	0.10575	0.33586	0.02028	0.01034	0.00288	0.00430	0.01745	0.00883	0.00777
36	0.01202	0.00818	0.00971	0.01036	0.01053	0.00801	0.00619	0.01251	0.01398	0.01864	0.03414	0.26093	0.04011	0.47815	0.03365	0.00687	0.00736	0.01660	0.00619	0.00587
37	0.08324	0.02734	0.14323	0.07000	0.07741	0.06226	0.13299	0.20196	0.02551	0.03582	0.01705	0.02023	0.01274	0.00911	0.00956	0.00276	0.04302	0.00765	0.00559	0.01250
38	0.03124	0.02313	0.02489	0.01947	0.02596	0.02557	0.01593	0.54673	0.06700	0.05210	0.02329	0.06234	0.01802	0.01157	0.00888	0.00269	0.00919	0.00899	0.00869	0.01431
39	0.02365	0.02065	0.02076	0.01828	0.02343	0.05683	0.01430	0.11266	0.52169	0.03786	0.03258	0.03026	0.02439	0.01152	0.00880	0.00288	0.00770	0.00939	0.00862	0.01373
40	0.02111	0.02140	0.03986	0.04628	0.41871	0.02075	0.21468	0.02694	0.02002	0.02831	0.01677	0.02206	0.01359	0.00758	0.00908	0.00265	0.01160	0.00848	0.00439	0.04575
41	0.07731	0.03195	0.01997	0.01832	0.02229	0.46062	0.01379	0.03076	0.02252	0.02521	0.01696	0.01962	0.01376	0.00921	0.00728	0.00223	0.01235	0.00616	0.18011	0.00960
42	0.01597	0.01166	0.01434	0.01376	0.01650	0.01168	0.01093	0.11762	0.02506	0.03395	0.28010	0.14691	0.09409	0.01955	0.01055	0.00314	0.00613	0.15015	0.00879	0.00911
43	0.03254	0.02412	0.02583	0.01994	0.02681	0.02676	0.01643	0.57941	0.07256	0.05397	0.02173	0.02157	0.01547	0.01055	0.00873	0.00264	0.00945	0.00796	0.00873	0.01478
44	0.01344	0.00918	0.01147	0.01087	0.01330	0.00825	0.00815	0.01692	0.02312	0.06929	0.43860	0.10897	0.19780	0.01897	0.01026	0.00284	0.00445	0.01653	0.00925	0.00837
45	0.01235	0.00892	0.01166	0.01097	0.01303	0.00823	0.00823	0.01646	0.02469	0.03498	0.63443	0.06516	0.08230	0.01783	0.01029	0.00274	0.00412	0.01578	0.00960	0.00823
46	0.01106	0.00818	0.01033	0.01125	0.01261	0.00745	0.00788	0.01342	0.01949	0.02606	0.21970	0.40950	0.16350	0.02376	0.01075	0.00322	0.00469	0.02117	0.00852	0.00745
47	0.02159	0.02073	0.03541	0.05354	0.63903	0.02073	0.02677	0.02677	0.01986	0.02850	0.01641	0.02159	0.01382	0.00777	0.00864	0.00259	0.01036	0.00777	0.00432	0.01382
48	0.01268	0.00846	0.00951	0.00951	0.00951	0.00846	0.00529	0.01268	0.01268	0.01691	0.02748	0.05708	0.03171	0.69345	0.04440	0.00846	0.00846	0.01268	0.00529	0.00529
49	0.70624	0.01738	0.01372	0.01205	0.01756	0.02007	0.00993	0.06516	0.01661	0.04021	0.01274	0.01463	0.00981	0.00826	0.00562	0.00269	0.00694	0.00494	0.00562	0.00981
50	0.03837	0.01608	0.02101	0.01611	0.02288	0.01465	0.01330	0.11565	0.02703	0.56902	0.03268	0.02856	0.02072	0.01075	0.00877	0.00269	0.00770	0.00865	0.01053	0.01484
51	0.02164	0.01866	0.01904	0.01706	0.02151	0.06207	0.01339	0.10369	0.37246	0.03665	0.13557	0.04011	0.03535	0.01334	0.00925	0.00291	0.00741	0.04894	0.00863	0.01233
52	0.01515	0.00758	0.01136	0.01136	0.01136	0.00758	0.00758	0.01136	0.01136	0.01515	0.01515	0.02652	0.01515	0.03030	0.03409	0.74621	0.00758	0.00758	0.00379	0.00379
53	0.01626	0.00813	0.00813	0.00813	0.01016	0.00813	0.00610	0.02033	0.01829	0.03252	0.02846	0.03252	0.02236	0.01016	0.00610	0.00203	0.00407	0.00813	0.74187	0.00813
54	0.02159	0.02073	0.03541	0.05354	0.63903	0.02073	0.02677	0.02677	0.01986	0.02850	0.01641	0.02159	0.01382	0.00777	0.00864	0.00259	0.01036	0.00777	0.00432	0.01382
55	0.01809	0.01550	0.01809	0.01292	0.02067	0.01163	0.01034	0.02196	0.01809	0.02842	0.01550	0.01809	0.01292	0.00646	0.00646	0.00129	0.00646	0.00517	0.00517	0.74677
56	0.01626	0.00813	0.00813	0.00813	0.01016	0.00813	0.00610	0.02033	0.01829	0.03252	0.02846	0.03252	0.02236	0.01016	0.00610	0.00203	0.00407	0.00813	0.74187	0.00813
57	0.02440	0.02829	0.01945	0.01784	0.02150	0.38467	0.01340	0.02837	0.05512	0.02648	0.21135	0.03607	0.07226	0.01267	0.00882	0.00248	0.01099	0.00976	0.00652	0.00955
58	0.02649	0.02604	0.02994	0.08354	0.33161	0.19634	0.02199	0.08310	0.02331	0.07000	0.01716	0.02058	0.01357	0.00863	0.00845	0.00253	0.01166	0.00725	0.00517	0.01266
59	0.01045	0.00884	0.00903	0.00898	0.01187	0.00742	0.00674	0.01279	0.02021	0.02434	0.12529	0.08268	0.59808	0.02180	0.01031	0.00293	0.00440	0.01823	0.00820	0.00742
60	0.01986	0.02576	0.17994	0.13841	0.41011	0.02041	0.02769	0.02631	0.01916	0.02737	0.01609	0.02108	0.01283	0.00804	0.00857	0.00268	0.01115	0.00745	0.00410	0.01299
61	0.01874	0.10190	0.38573	0.20467	0.04177	0.02114	0.02739	0.02662	0.01836	0.05220	0.01607	0.01981	0.01168	0.00843	0.00816	0.00271	0.01194	0.00673	0.00405	0.01191
62	0.01247	0.00931	0.01383	0.01383	0.01532	0.01080	0.01067	0.01545	0.01396	0.02011	0.02354	0.03523	0.02223	0.09198	0.63289	0.01378	0.02273	0.00949	0.00470	0.00768
63	0.01268	0.00846	0.00951	0.00951	0.00951	0.00846	0.00529	0.01268	0.01268	0.01691	0.02748	0.05708	0.03171	0.69345	0.04440	0.00846	0.00846	0.01268	0.00529	0.00529
64	0.02037	0.01948	0.03321	0.20090	0.50120	0.02041	0.02616	0.02570	0.01929	0.02702	0.01619	0.02199	0.01330	0.00800	0.00866	0.00267	0.01066	0.00777	0.00421	0.01283
65	0.03062	0.07317	0.02741	0.02614	0.11028	0.49487	0.01808	0.07215	0.02478	0.02455	0.01431	0.01679	0.01183	0.00884	0.00791	0.00230	0.01424	0.00601	0.00472	0.01100
66	0.02066	0.02334	0.05039	0.03789	0.08552	0.02197	0.56829	0.02786	0.02054	0.02798	0.01756	0.02340	0.01327	0.00738	0.01018	0.00292	0.01441	0.01012	0.00441	0.01190
67	0.01988	0.01617	0.01839	0.01833	0.05803	0.01785	0.01314	0.03704	0.41832	0.06015	0.03970	0.14706	0.06852	0.01482	0.00933	0.00302	0.00667	0.01277	0.00850	0.01231
68	0.02641	0.07426	0.02171	0.01792	0.02240	0.36071	0.01394	0.05378	0.02363	0.06802	0.03400	0.03667	0.15679	0.01285	0.00859	0.00252	0.01146	0.03828	0.00608	0.00999
69	0.01942	0.01525	0.01789	0.01609	0.01969	0.01737	0.01255	0.13515	0.22556	0.03192	0.02732	0.03278	0.02283	0.07961	0.27725	0.00779	0.01424	0.00947	0.00689	0.01096
70	0.01249	0.00923	0.01344	0.01344	0.01479	0.01059	0.01018	0.01520	0.01385	0.01982	0.02390	0.03721	0.02308	0.14637	0.57968	0.01330	0.02144	0.00978	0.00475	0.00747
71	0.02172	0.09990	0.01879	0.01321	0.01708	0.01382	0.01055	0.02571	0.04708	0.19991	0.21266	0.04266	0.04033	0.10636	0.08768	0.00465	0.00859	0.01100	0.00803	0.01028
72	0.01600	0.00973	0.01283	0.01159	0.01429	0.00886	0.00886	0.02002	0.02473	0.11826	0.55252	0.06032	0.07402	0.01687	0.01008	0.00274	0.00457	0.01482	0.00977	0.00913
73	0.02251	0.01914	0.02018	0.01792	0.02299	0.02208	0.01400	0.08658	0.58172	0.03781	0.03446	0.03172	0.02579	0.01174	0.00887	0.00293	0.00710	0.00972	0.00887	0.01388
74	0.01063	0.00759	0.01012	0.01215	0.01265	0.00709	0.00810	0.01215	0.01670	0.02227	0.04808	0.68775	0.05769	0.02733	0.01113	0.00354	0.00506	0.02480	0.00810	0.00709
75	0.01198	0.00890	0.01115	0.01059	0.01281	0.00807	0.00794	0.01575	0.02382	0.03292	0.53596	0.06855	0.18206	0.01860	0.01029	0.00278	0.00417	0.01625	0.00933	0.00807
76	0.02633	0.49257	0.03974	0.01650	0.02381	0.03223	0.01543	0.20460	0.02484	0.03105	0.01482	0.01612	0.01231	0.00838	0.00655	0.00210	0.00941	0.00564	0.00526	0.01231
77	0.01097	0.00886	0.00975	0.00953	0.01219	0.00764	0.00715	0.01379	0.02144	0.02725	0.26486	0.07787	0.45669	0.02071	0.01030	0.00288	0.00432	0.01756	0.00859	0.00764
78	0.02332	0.69869	0.04571	0.01493	0.02239	0.03451	0.01493	0.02612	0.01772	0.02052	0.01213	0.01399	0.01119	0.00746	0.00560	0.00187	0.00933	0.00466	0.00373	0.01119
79	0.01235	0.00892	0.01166	0.01097	0.01303	0.00823	0.00823	0.01646	0.02469	0.03498	0.63443	0.06516	0.08230	0.01783	0.01029	0.00274	0.00412	0.01578	0.00960	0.00823
80	0.02332	0.69869	0.04571	0.01493	0.02239	0.03451	0.01493	0.02612	0.01772	0.02052	0.01213	0.01399	0.01119	0.00746	0.00560	0.00187	0.00933	0.00466	0.00373	0.01119
81	0.01311	0.01115	0.01157	0.01107	0.01441	0.01076	0.00841	0.02068	0.16076	0.02739	0.11503	0.07063	0.45420	0.01940	0.00997	0.00293	0.00498	0.01623	0.00839	0.00893
82	0.01861	0.01839	0.02581	0.02227	0.02238	0.02559	0.01850	0.02061	0.01341	0.02094	0.01230	0.02017	0.01219	0.01885	0.07361	0.00454	0.63079	0.00776	0.00388	0.00942
83	0.01951	0.07775	0.27250	0.03263	0.25438	0.01997	0.02524	0.02623	0.01884	0.02757	0.01565	0.01921	0.01240	0.00773	0.00791	0.00238	0.01061	0.00659	0.00417	0.13872
84	0.02305	0.01878	0.05747	0.02758	0.20704	0.01802	0.01777	0.03474	0.22844	0.13442	0.11028	0.03247	0.02870	0.01107	0.00895	0.00277	0.00797	0.00968	0.00764	0.01317
85	0.01063	0.00759	0.01012	0.01215	0.01265	0.00709	0.00810	0.01215	0.01670	0.02227	0.04808	0.68775	0.05769	0.02733	0.01113	0.00354	0.00506	0.02480	0.00810	0.00709
86	0.02203	0.02356	0.02946	0.24239	0.22153	0.17432	0.06175	0.02677	0.02032	0.02456	0.01750	0.02603	0.01490	0.00945	0.00882	0.00273	0.01221	0.04613	0.00448	0.01106
87	0.02214	0.30618	0.20267	0.02742	0.17370	0.08081	0.02254	0.02742	0.01902	0.02439	0.01421	0.01713	0.01178	0.00789	0.00723	0.00231	0.01108	0.00596	0.00392	0.01218
88	0.01978	0.04061	0.51700	0.02526	0.03704	0.02129	0.07943	0.10271	0.02151	0.03118	0.01651	0.01918	0.01172	0.00849	0.00852	0.00276	0.01262	0.00696	0.00440	0.01305
89	0.01671	0.01560	0.02217	0.01972	0.02028	0.02106	0.01616	0.01905	0.01359	0.02073	0.01571	0.02452	0.01516	0.03322	0.25421	0.00747	0.44335	0.00825	0.00412	0.00891
90	0.03094	0.03625	0.02415	0.02324	0.06709	0.52934	0.01661	0.03347	0.02411	0.06649	0.01976	0.02130	0.05039	0.00984	0.00813	0.00235	0.01408	0.00677	0.00515	0.01053
91	0.01068	0.00885	0.00934	0.00922	0.01201	0.00752	0.00692	0.01323	0.02075	0.02562	0.18660	0.08057	0.53598	0.02133	0.01031	0.00291	0.00436	0.01794	0.00837	0.00752
92	0.02453	0.02661	0.03158	0.08610	0.41666	0.21152	0.02363	0.02888	0.02115	0.02594	0.01547	0.01995	0.01290	0.00820	0.00841	0.00251	0.01205	0.00713	0.00434	0.01243
93	0.06848	0.01393	0.01842	0.01455	0.02043	0.01235	0.01187	0.03725	0.02444	0.51191	0.13608	0.03503	0.03141	0.01187	0.00887	0.00271	0.00682	0.00978	0.01034	0.01346
94	0.01063	0.00759	0.01012	0.01215	0.01265	0.00709	0.00810	0.01215	0.01670	0.02227	0.04808	0.68775	0.05769	0.02733	0.01113	0.00354	0.00506	0.02480	0.00810	0.00709
95	0.01809	0.01550	0.01809	0.01292	0.02067	0.01163	0.01034	0.02196	0.01809	0.02842	0.01550	0.01809	0.01292	0.00646	0.00646	0.00129	0.00646	0.00517	0.00517	0.74677
96	0.02170	0.01874	0.01972	0.01775	0.02268	0.02170	0.01381	0.04635	0.62327	0.03649	0.03550	0.03254	0.02663	0.01183	0.00888	0.00296	0.00690	0.00986	0.00888	0.01381
97	0.01256	0.00840	0.00955	0.00968	0.00971	0.00837	0.00546	0.01265	0.01293	0.01724	0.02876	0.09602	0.03332	0.65232	0.04234	0.00815	0.00825	0.01343	0.00546	0.00540
98	0.01556	0.11962	0.31411	0.01825	0.02569	0.01703	0.02024	0.02134	0.01787	0.02463	0.03084	0.23883	0.07071	0.01531	0.00898	0.00291	0.00927	0.01299	0.00543	0.01039
99	0.01268	0.00846	0.00951	0.00951	0.00951	0.00846	0.00529	0.01268	0.01268	0.01691	0.02748	0.05708	0.03171	0.69345	0.04440	0.00846	0.00846	0.01268	0.00529	0.00529
100	0.01246	0.00935	0.01402	0.01402	0.01558	0.01090	0.01090	0.01558	0.01402	0.02025	0.02336	0.03427	0.02181	0.06542	0.65888	0.01402	0.02336	0.00935	0.00467	0.00779
101	0.01258	0.00861	0.01021	0.00999	0.01065	0.00838	0.00624	0.01391	0.01657	0.02275	0.22366	0.05969	0.04806	0.47508	0.03337	0.00661	0.00705	0.01368	0.00668	0.00624
102	0.01831	0.01794	0.02515	0.02169	0.05102	0.09569	0.17674	0.04683	0.01878	0.02381	0.02623	0.16303	0.02752	0.22395	0.02056	0.00465	0.01059	0.01307	0.00560	0.00886
103	0.01068	0.00804	0.00993	0.01138	0.01264	0.00729	0.00794	0.01250	0.01774	0.02279	0.05932	0.49320	0.21974	0.02572	0.01094	0.00339	0.00501	0.04645	0.00810	0.00720
104	0.02829	0.03342	0.02890	0.03461	0.26619	0.40918	0.02073	0.03168	0.02282	0.02414	0.01463	0.01802	0.01224	0.00851	0.00817	0.00238	0.01363	0.00646	0.00443	0.01156
105	0.03146	0.12139	0.02727	0.02156	0.02641	0.58264	0.01662	0.03377	0.02387	0.02125	0.01332	0.01552	0.01123	0.00880	0.00759	0.00220	0.01495	0.00550	0.00440	0.01024
106	0.01921	0.09464	0.49680	0.02726	0.10566	0.05420	0.02942	0.02777	0.01885	0.02683	0.01535	0.01829	0.01139	0.00820	0.00809	0.00264	0.01246	0.00641	0.00380	0.01272
107	0.01515	0.00758	0.01136	0.01136	0.01136	0.00758	0.00758	0.01136	0.01136	0.01515	0.01515	0.02652	0.01515	0.03030	0.03409	0.74621	0.00758	0.00758	0.00379	0.00379
108	0.01120	0.00887	0.01007	0.00977	0.01233	0.00774	0.00733	0.01425	0.02199	0.02856	0.32754	0.07572	0.39320	0.02023	0.01030	0.00286	0.00429	0.01726	0.00876	0.00774
109	0.01155	0.00878	0.01180	0.01434	0.05121	0.00819	0.00935	0.01369	0.01805	0.02388	0.09109	0.49088	0.13659	0.02460	0.01086	0.00337	0.00539	0.05076	0.00796	0.00766
110	0.02362	0.01547	0.01792	0.01560	0.02028	0.01637	0.01224	0.03831	0.33810	0.18102	0.17805	0.03964	0.03870	0.01302	0.00919	0.00285	0.00636	0.01101	0.00951	0.01272
111	0.01780	0.03298	0.37698	0.02438	0.03307	0.02022	0.10665	0.02530	0.01757	0.02641	0.01655	0.02116	0.01285	0.01298	0.05175	0.00361	0.12694	0.00747	0.05379	0.01153
112	0.01737	0.01606	0.02506	0.56042	0.05368	0.01978	0.02244	0.02641	0.12113	0.02472	0.01893	0.02485	0.01420	0.00925	0.00875	0.00292	0.01082	0.00811	0.00473	0.01039
113	0.01057	0.00885	0.00919	0.00911	0.01194	0.00747	0.00683	0.01302	0.02049	0.02501	0.15754	0.08157	0.56542	0.02155	0.01031	0.00292	0.00438	0.01808	0.00829	0.00747
114	0.01750	0.04512	0.64825	0.02486	0.03775	0.02026	0.03223	0.02762	0.01842	0.02762	0.01565	0.01842	0.01105	0.00829	0.00829	0.00276	0.01289	0.00645	0.00368	0.01289
115	0.75506	0.01687	0.01282	0.01147	0.01687	0.01957	0.00945	0.02564	0.01484	0.03914	0.01215	0.01417	0.00945	0.00810	0.00540	0.00270	0.00675	0.00472	0.00540	0.00945
116	0.12948	0.01820	0.02120	0.01647	0.02312	0.01829	0.01360	0.22374	0.02885	0.37625	0.02719	0.02486	0.01784	0.01034	0.00832	0.00267	0.00804	0.00795	0.00943	0.01415
117	0.03263	0.04035	0.02482	0.02230	0.02697	0.61336	0.01683	0.07588	0.02588	0.02375	0.01402	0.01610	0.01149	0.00909	0.00793	0.00227	0.01529	0.00578	0.00480	0.01045
118	0.01948	0.03185	0.28983	0.03423	0.12250	0.02115	0.29722	0.02766	0.01961	0.02789	0.01668	0.02121	0.01243	0.00779	0.00926	0.00282	0.01339	0.00840	0.00411	0.01250
119	0.14903	0.02570	0.05892	0.03363	0.29342	0.17196	0.02032	0.03019	0.02064	0.09262	0.01683	0.01962	0.01313	0.00846	0.00790	0.00255	0.01086	0.00678	0.00518	0.01226
120	0.01989	0.33773	0.34887	0.01977	0.02974	0.02614	0.02338	0.02645	0.01838	0.02475	0.04142	0.01849	0.01426	0.00834	0.00716	0.00236	0.01090	0.00606	0.00397	0.01192
121	0.01066	0.00816	0.00978	0.01083	0.01236	0.00729	0.00757	0.01265	0.01856	0.02383	0.11316	0.41185	0.27278	0.02458	0.01076	0.00325	0.00474	0.02167	0.00823	0.00729
122	0.01750	0.04512	0.64825	0.02486	0.03775	0.02026	0.03223	0.02762	0.01842	0.02762	0.01565	0.01842	0.01105	0.00829	0.00829	0.00276	0.01289	0.00645	0.00368	0.01289
123	0.02095	0.02199	0.07598	0.09579	0.55725	0.02060	0.02696	0.02651	0.01959	0.02800	0.01629	0.02149	0.01347	0.00787	0.00862	0.00262	0.01062	0.00768	0.00424	0.01346
124	0.03914	0.01484	0.02024	0.01552	0.02227	0.01282	0.01282	0.04251	0.02497	0.64507	0.03441	0.02969	0.02159	0.01080	0.00877	0.00270	0.00742	0.00877	0.01080	0.01484
125	0.01268	0.00846	0.00951	0.00951	0.00951	0.00846	0.00529	0.01268	0.01268	0.01691	0.02748	0.05708	0.03171	0.69345	0.04440	0.00846	0.00846	0.01268	0.00529	0.00529
126	0.02079	0.02297	0.04826	0.04012	0.16423	0.02179	0.49128	0.02771	0.02044	0.02805	0.01740	0.02314	0.01335	0.00744	0.00996	0.00287	0.01384	0.00979	0.00439	0.01217
127	0.02482	0.01964	0.03262	0.04655	0.52561	0.01927	0.02420	0.02966	0.02080	0.14188	0.01972	0.02308	0.01525	0.00833	0.00866	0.00261	0.00982	0.00796	0.00551	0.01401
128	0.01247	0.00931	0.01383	0.01383	0.01532	0.01080	0.01067	0.01545	0.01396	0.02011	0.02354	0.03523	0.02223	0.09193	0.63294	0.01378	0.02274	0.00949	0.00470	0.00768
129	0.02371	0.01414	0.01521	0.01284	0.01693	0.01488	0.01022	0.20157	0.05258	0.09594	0.02705	0.02876	0.02020	0.01039	0.00726	0.00231	0.00617	0.00818	0.42060	0.01103
130	0.01116	0.00811	0.01053	0.01153	0.01271	0.00748	0.00804	0.01357	0.01951	0.02647	0.24047	0.44342	0.10689	0.02389	0.01080	0.00324	0.00471	0.02143	0.00858	0.00748
131	0.02137	0.02262	0.12947	0.01841	0.02608	0.01744	0.05568	0.18048	0.02433	0.03470	0.02082	0.09497	0.01820	0.01027	0.00817	0.00227	0.00880	0.00867	0.00615	0.29110
132	0.02010	0.01917	0.03209	0.09065	0.53637	0.01928	0.02455	0.02502	0.01970	0.02758	0.02366	0.02803	0.07681	0.00929	0.00881	0.00265	0.00984	0.00885	0.00467	0.01288

[dist]
# distance from previous block
# <min> <max>
0	2

# created by:
# /home/cegg/simao/soft/augustus-3.2.1/scripts/msa2prfl.pl ./align_prep/12730.fa
