[name]
unknown

[dist]
# distance from previous block
# <min> <max>
0	1

[block]
# block no. 0 follows, 22 sequences, length 45
# corresponding to MSA columns:
# 1-45
name=unknown_A
#
# <colnr> <probs for GDERKNQSTAVLIFYWHMCP>
#	G	D	E	R	K	N	Q	S	T	A	V	L	I	F	Y	W	H	M	C	P
0	0.02042	0.02152	0.02503	0.20601	0.17251	0.18743	0.04365	0.02464	0.01957	0.02328	0.02071	0.03506	0.01926	0.01121	0.00880	0.00276	0.01122	0.13219	0.00479	0.00995
1	0.10856	0.03007	0.15690	0.01931	0.02586	0.20819	0.01765	0.13113	0.16307	0.03202	0.01903	0.01978	0.01434	0.00917	0.00766	0.00250	0.01059	0.00668	0.00582	0.01165
2	0.01715	0.07870	0.60136	0.02443	0.06413	0.02006	0.02955	0.02619	0.01757	0.02598	0.01476	0.01745	0.01065	0.00783	0.00777	0.00258	0.01198	0.00610	0.00354	0.01223
3	0.02875	0.03513	0.09839	0.02327	0.07141	0.41594	0.01835	0.15758	0.02580	0.02826	0.01478	0.01672	0.01158	0.00870	0.00776	0.00229	0.01308	0.00604	0.00503	0.01113
4	0.01040	0.00844	0.00923	0.00903	0.01158	0.00726	0.00677	0.01305	0.02032	0.02572	0.25523	0.07456	0.47973	0.01982	0.00981	0.00275	0.00412	0.01678	0.00815	0.00726
5	0.01012	0.00723	0.00964	0.01157	0.01205	0.00675	0.00771	0.01157	0.01591	0.02121	0.04579	0.70262	0.05495	0.02603	0.01060	0.00337	0.00482	0.02362	0.00771	0.00675
6	0.01997	0.01820	0.01612	0.01472	0.01856	0.14007	0.01137	0.09219	0.15119	0.05695	0.04556	0.09998	0.22236	0.01541	0.00900	0.00273	0.00765	0.04067	0.00739	0.00991
7	0.01919	0.01892	0.03245	0.18237	0.17032	0.02007	0.20272	0.02970	0.18025	0.02761	0.02051	0.02419	0.01569	0.00849	0.00878	0.00273	0.01053	0.00864	0.00517	0.01167
8	0.03103	0.03959	0.02354	0.02140	0.02568	0.67469	0.01605	0.03317	0.02354	0.02033	0.01284	0.01498	0.01070	0.00856	0.00749	0.00214	0.01498	0.00535	0.00428	0.00963
9	0.01425	0.00786	0.00814	0.00814	0.00960	0.00779	0.00563	0.01697	0.01606	0.02647	0.02998	0.04001	0.05841	0.19983	0.01593	0.00364	0.00502	0.00946	0.50986	0.00697
10	0.05987	0.32646	0.06291	0.09295	0.02721	0.23156	0.01650	0.02691	0.01867	0.02119	0.01245	0.01526	0.01064	0.00809	0.00740	0.00216	0.04052	0.00527	0.00388	0.01011
11	0.01308	0.01110	0.01514	0.01924	0.14902	0.01038	0.01222	0.01631	0.01921	0.02459	0.08801	0.06997	0.33694	0.01844	0.00990	0.00298	0.00625	0.16171	0.00701	0.00851
12	0.01003	0.00759	0.00927	0.01062	0.01180	0.00683	0.00729	0.01167	0.01682	0.02158	0.05736	0.51476	0.23534	0.02452	0.01037	0.00320	0.00464	0.02178	0.00771	0.00683
13	0.05695	0.52678	0.18351	0.01621	0.02440	0.02909	0.01771	0.02518	0.01690	0.02194	0.01232	0.01429	0.01055	0.00732	0.00590	0.00201	0.00954	0.00483	0.00362	0.01095
14	0.02433	0.02660	0.13151	0.02651	0.17001	0.15725	0.01940	0.03409	0.18316	0.11058	0.02192	0.02262	0.01636	0.00912	0.00809	0.00253	0.01012	0.00740	0.00599	0.01239
15	0.01166	0.00842	0.01102	0.01052	0.01239	0.00777	0.00783	0.01543	0.02306	0.03259	0.61537	0.10060	0.07697	0.01753	0.00985	0.00266	0.00397	0.01554	0.00906	0.00777
16	0.30079	0.01183	0.01047	0.00963	0.01306	0.01295	0.00762	0.05793	0.01748	0.03464	0.02079	0.02369	0.01621	0.00895	0.00571	0.00221	0.00516	0.00650	0.42579	0.00860
17	0.02681	0.15175	0.02914	0.02566	0.14397	0.37227	0.01762	0.05656	0.02159	0.02292	0.01335	0.01615	0.01133	0.00849	0.00841	0.00224	0.05104	0.00578	0.00427	0.01065
18	0.02722	0.02857	0.02834	0.03116	0.23242	0.28165	0.04678	0.16750	0.02543	0.03022	0.01557	0.01828	0.01238	0.00844	0.00802	0.00236	0.01192	0.00671	0.00515	0.01189
19	0.01012	0.00723	0.00964	0.01157	0.01205	0.00675	0.00771	0.01157	0.01591	0.02121	0.04579	0.70262	0.05495	0.02603	0.01060	0.00337	0.00482	0.02362	0.00771	0.00675
20	0.01395	0.01574	0.12114	0.01291	0.01720	0.03407	0.01205	0.01809	0.02061	0.05766	0.24977	0.05972	0.26077	0.01667	0.00945	0.00275	0.00624	0.05507	0.00747	0.00865
21	0.01805	0.18320	0.49841	0.02321	0.06758	0.02219	0.02692	0.02596	0.01748	0.02493	0.01424	0.01682	0.01070	0.00770	0.00737	0.00244	0.01143	0.00585	0.00355	0.01199
22	0.00982	0.00842	0.00842	0.00842	0.01122	0.00701	0.00631	0.01192	0.01894	0.02244	0.08416	0.07995	0.65285	0.02104	0.00982	0.00281	0.00421	0.01753	0.00771	0.00701
23	0.01012	0.00723	0.00964	0.01157	0.01205	0.00675	0.00771	0.01157	0.01591	0.02121	0.04579	0.70262	0.05495	0.02603	0.01060	0.00337	0.00482	0.02362	0.00771	0.00675
24	0.01914	0.02650	0.22374	0.07465	0.43909	0.01954	0.02694	0.02553	0.01839	0.02659	0.01537	0.01973	0.01226	0.00760	0.00813	0.00253	0.01066	0.00702	0.00391	0.01270
25	0.03103	0.03959	0.02354	0.02140	0.02568	0.67469	0.01605	0.03317	0.02354	0.02033	0.01284	0.01498	0.01070	0.00856	0.00749	0.00214	0.01498	0.00535	0.00428	0.00963
26	0.01012	0.00723	0.00964	0.01157	0.01205	0.00675	0.00771	0.01157	0.01591	0.02121	0.04579	0.70262	0.05495	0.02603	0.01060	0.00337	0.00482	0.02362	0.00771	0.00675
27	0.01749	0.03806	0.53167	0.02945	0.16696	0.01939	0.02960	0.02614	0.01783	0.02648	0.01506	0.01818	0.01108	0.00779	0.00796	0.00260	0.01177	0.00641	0.00364	0.01246
28	0.02744	0.08599	0.16059	0.02111	0.02755	0.41624	0.01898	0.09967	0.02359	0.02522	0.01400	0.01598	0.01106	0.00848	0.00752	0.00226	0.01331	0.00570	0.00453	0.01078
29	0.01037	0.00818	0.00935	0.00959	0.01169	0.00716	0.00699	0.01279	0.01944	0.02490	0.21820	0.20698	0.38272	0.02108	0.00998	0.00288	0.00426	0.01819	0.00807	0.00716
30	0.01012	0.00723	0.00964	0.01157	0.01205	0.00675	0.00771	0.01157	0.01591	0.02121	0.04579	0.70262	0.05495	0.02603	0.01060	0.00337	0.00482	0.02362	0.00771	0.00675
31	0.01689	0.01001	0.01301	0.01206	0.01368	0.01028	0.00863	0.01856	0.01612	0.13776	0.09552	0.12307	0.03400	0.29441	0.10040	0.00616	0.06269	0.01236	0.00658	0.00781
32	0.01843	0.01876	0.02586	0.02198	0.02266	0.05169	0.04808	0.02059	0.01356	0.02030	0.01192	0.01907	0.01154	0.01661	0.06222	0.00408	0.59238	0.00741	0.00374	0.00912
33	0.01012	0.00723	0.00964	0.01157	0.01205	0.00675	0.00771	0.01157	0.01591	0.02121	0.04579	0.70262	0.05495	0.02603	0.01060	0.00337	0.00482	0.02362	0.00771	0.00675
34	0.02056	0.41995	0.19189	0.02346	0.14495	0.02711	0.02033	0.02534	0.01742	0.02262	0.01313	0.01571	0.01110	0.00735	0.00650	0.00211	0.00989	0.00541	0.00365	0.01152
35	0.01723	0.01477	0.01723	0.01230	0.01969	0.01107	0.00984	0.02092	0.01723	0.02707	0.01477	0.01723	0.01230	0.00615	0.00615	0.00123	0.00615	0.00492	0.00492	0.75883
36	0.01012	0.00723	0.00964	0.01157	0.01205	0.00675	0.00771	0.01157	0.01591	0.02121	0.04579	0.70262	0.05495	0.02603	0.01060	0.00337	0.00482	0.02362	0.00771	0.00675
37	0.03107	0.03844	0.02364	0.02124	0.02569	0.62887	0.01603	0.07521	0.02464	0.02259	0.01334	0.01533	0.01094	0.00866	0.00755	0.00217	0.01457	0.00550	0.00456	0.00995
38	0.03000	0.03059	0.02489	0.02640	0.15801	0.41106	0.01732	0.03293	0.02261	0.14313	0.01720	0.01867	0.01309	0.00864	0.00781	0.00229	0.01240	0.00635	0.00538	0.01123
39	0.01189	0.00881	0.01287	0.01287	0.01418	0.01012	0.00978	0.01452	0.01321	0.01893	0.02269	0.03508	0.02183	0.13499	0.60389	0.01275	0.02065	0.00926	0.00452	0.00715
40	0.01705	0.09029	0.62111	0.02301	0.03492	0.02025	0.02953	0.02621	0.01749	0.02583	0.01467	0.01724	0.01053	0.00784	0.00771	0.00257	0.01204	0.00602	0.00351	0.01216
41	0.02548	0.05384	0.18337	0.02497	0.09124	0.11719	0.12312	0.03168	0.04527	0.19198	0.02029	0.02146	0.01438	0.00852	0.00823	0.00253	0.01102	0.00741	0.00577	0.01224
42	0.02209	0.16840	0.03465	0.03989	0.45115	0.09623	0.02205	0.02623	0.01901	0.02477	0.01445	0.01840	0.01235	0.00747	0.00753	0.00228	0.01024	0.00655	0.00401	0.01223
43	0.02289	0.20607	0.29559	0.02059	0.02889	0.24442	0.02170	0.02828	0.01941	0.02263	0.01339	0.01564	0.01062	0.00793	0.00713	0.00226	0.01236	0.00546	0.00378	0.01099
44	0.02194	0.68059	0.07363	0.01467	0.02203	0.03221	0.01501	0.02495	0.01691	0.01987	0.01171	0.01353	0.01065	0.00715	0.00545	0.00182	0.00905	0.00452	0.00355	0.01074

[dist]
# distance from previous block
# <min> <max>
0	2

[block]
# block no. 1 follows, 22 sequences, length 61
# corresponding to MSA columns:
# 48-108
name=unknown_B
#
# <colnr> <probs for GDERKNQSTAVLIFYWHMCP>
#	G	D	E	R	K	N	Q	S	T	A	V	L	I	F	Y	W	H	M	C	P
0	0.02696	0.24801	0.03011	0.01706	0.02345	0.02688	0.01485	0.38250	0.02977	0.03901	0.01738	0.01878	0.01352	0.01316	0.05987	0.00311	0.01009	0.00660	0.00645	0.01246
1	0.01115	0.00844	0.01028	0.01134	0.01307	0.00780	0.00870	0.01345	0.01770	0.02237	0.05787	0.23694	0.27173	0.07699	0.01307	0.00367	0.00571	0.19525	0.00748	0.00698
2	0.01208	0.00805	0.00906	0.00906	0.00906	0.00805	0.00503	0.01208	0.01208	0.01611	0.02618	0.05436	0.03020	0.70804	0.04228	0.00805	0.00805	0.01208	0.00503	0.00503
3	0.02695	0.01748	0.01987	0.01637	0.02162	0.01859	0.01310	0.25814	0.18007	0.18054	0.06461	0.09395	0.02598	0.01233	0.00866	0.00268	0.00733	0.01016	0.00878	0.01281
4	0.02886	0.20638	0.02857	0.01952	0.02460	0.48833	0.01558	0.05566	0.02253	0.02146	0.01281	0.01477	0.01083	0.00826	0.00699	0.00206	0.01322	0.00521	0.00427	0.01007
5	0.01038	0.00769	0.00977	0.01133	0.01240	0.00708	0.00800	0.01219	0.01681	0.02180	0.05302	0.52262	0.16967	0.02476	0.01054	0.00331	0.00498	0.07907	0.00771	0.00689
6	0.07157	0.03536	0.02295	0.02180	0.05449	0.54764	0.01583	0.03330	0.07828	0.02291	0.01478	0.01660	0.01204	0.00870	0.00748	0.00224	0.01350	0.00576	0.00470	0.01008
7	0.02113	0.61290	0.09765	0.01502	0.02227	0.03038	0.01548	0.02443	0.01674	0.02014	0.01246	0.01480	0.01122	0.01031	0.04356	0.00251	0.00995	0.00485	0.00360	0.01062
8	0.02231	0.02417	0.12794	0.07325	0.29355	0.02126	0.10060	0.17547	0.02367	0.03288	0.01669	0.02028	0.01281	0.00812	0.00840	0.00256	0.01065	0.00754	0.00505	0.01279
9	0.01916	0.02113	0.07848	0.15977	0.33609	0.01983	0.19260	0.02509	0.01860	0.02587	0.01575	0.02116	0.01245	0.00749	0.00866	0.00263	0.01140	0.00798	0.00402	0.01185
10	0.03103	0.03959	0.02354	0.02140	0.02568	0.67469	0.01605	0.03317	0.02354	0.02033	0.01284	0.01498	0.01070	0.00856	0.00749	0.00214	0.01498	0.00535	0.00428	0.00963
11	0.01868	0.30649	0.20772	0.01711	0.02407	0.06629	0.01797	0.02333	0.01663	0.02142	0.01523	0.01941	0.01314	0.02115	0.17274	0.00492	0.01356	0.00608	0.00381	0.01024
12	0.00982	0.00842	0.00842	0.00842	0.01122	0.00701	0.00631	0.01192	0.01894	0.02244	0.08416	0.07995	0.65285	0.02104	0.00982	0.00281	0.00421	0.01753	0.00771	0.00701
13	0.00993	0.00842	0.00857	0.00853	0.01129	0.00706	0.00640	0.01214	0.01920	0.02306	0.11654	0.07893	0.62008	0.02081	0.00982	0.00279	0.00419	0.01739	0.00780	0.00706
14	0.01028	0.00833	0.00913	0.00915	0.01156	0.00717	0.00678	0.01273	0.01969	0.02476	0.20740	0.13190	0.47093	0.02058	0.00988	0.00281	0.00420	0.01752	0.00803	0.00717
15	0.01012	0.00723	0.00964	0.01157	0.01205	0.00675	0.00771	0.01157	0.01591	0.02121	0.04579	0.70262	0.05495	0.02603	0.01060	0.00337	0.00482	0.02362	0.00771	0.00675
16	0.03158	0.02327	0.02493	0.01911	0.02576	0.02576	0.01579	0.62852	0.03906	0.05236	0.01995	0.01995	0.01413	0.00997	0.00831	0.00249	0.00914	0.00748	0.00831	0.01413
17	0.02886	0.20636	0.02857	0.01952	0.02460	0.48746	0.01558	0.05647	0.02255	0.02150	0.01282	0.01478	0.01084	0.00826	0.00699	0.00206	0.01322	0.00522	0.00427	0.01008
18	0.01091	0.00828	0.01008	0.01020	0.01215	0.00745	0.00755	0.01381	0.02053	0.02738	0.34013	0.18458	0.25413	0.02012	0.01001	0.00286	0.00432	0.03976	0.00838	0.00737
19	0.00985	0.00831	0.00853	0.00870	0.01130	0.00699	0.00644	0.01189	0.01866	0.02233	0.08071	0.13589	0.59913	0.02149	0.00989	0.00286	0.00426	0.01808	0.00771	0.00699
20	0.01370	0.01160	0.01687	0.01581	0.01687	0.01477	0.01265	0.01634	0.01317	0.01949	0.01895	0.02842	0.01790	0.04839	0.48643	0.01052	0.21756	0.00843	0.00421	0.00790
21	0.02477	0.17790	0.08644	0.02726	0.18227	0.24188	0.01935	0.07141	0.02110	0.02468	0.01387	0.01673	0.01154	0.00826	0.00814	0.00228	0.04061	0.00597	0.00428	0.01126
22	0.03103	0.03959	0.02354	0.02140	0.02568	0.67469	0.01605	0.03317	0.02354	0.02033	0.01284	0.01498	0.01070	0.00856	0.00749	0.00214	0.01498	0.00535	0.00428	0.00963
23	0.01045	0.00851	0.00930	0.00929	0.01186	0.00735	0.00710	0.01304	0.01989	0.02483	0.19776	0.07720	0.49484	0.02034	0.00992	0.00283	0.00438	0.05588	0.00800	0.00722
24	0.03009	0.03781	0.02446	0.02406	0.08233	0.61585	0.01690	0.03248	0.02313	0.02094	0.01309	0.01548	0.01092	0.00846	0.00756	0.00217	0.01452	0.00553	0.00427	0.00995
25	0.02089	0.02116	0.03166	0.04327	0.48957	0.08224	0.04757	0.02526	0.01883	0.02565	0.01761	0.02216	0.03720	0.00866	0.00999	0.00257	0.07167	0.00768	0.00423	0.01214
26	0.01082	0.00812	0.01003	0.01026	0.01201	0.00733	0.00742	0.01360	0.02026	0.02724	0.34195	0.24484	0.21471	0.02051	0.01003	0.00287	0.00424	0.01804	0.00839	0.00733
27	0.01946	0.01870	0.02142	0.14332	0.11986	0.11343	0.01722	0.02898	0.19248	0.02662	0.02718	0.04112	0.02443	0.01268	0.00900	0.00291	0.00937	0.15508	0.00615	0.01056
28	0.01867	0.01580	0.01577	0.01530	0.04880	0.10050	0.01130	0.11497	0.02387	0.05460	0.17959	0.05228	0.19739	0.01536	0.00913	0.00266	0.00707	0.06974	0.03786	0.00934
29	0.01248	0.00962	0.01181	0.01257	0.01499	0.00926	0.01041	0.01703	0.06093	0.02544	0.11191	0.08189	0.25979	0.02097	0.01055	0.00329	0.00604	0.30535	0.00786	0.00781
30	0.01012	0.00723	0.00964	0.01157	0.01205	0.00675	0.00771	0.01157	0.01591	0.02121	0.04579	0.70262	0.05495	0.02603	0.01060	0.00337	0.00482	0.02362	0.00771	0.00675
31	0.01661	0.01587	0.02244	0.01971	0.02008	0.02170	0.01624	0.01871	0.01288	0.01982	0.01373	0.02177	0.01336	0.02642	0.18836	0.00605	0.52609	0.00768	0.00384	0.00867
32	0.02280	0.39613	0.19361	0.01817	0.02593	0.17273	0.01872	0.02708	0.01853	0.02140	0.01267	0.01474	0.01064	0.00763	0.00645	0.00207	0.01109	0.00507	0.00370	0.01083
33	0.01207	0.00810	0.00927	0.00927	0.00935	0.00817	0.00530	0.01222	0.01214	0.01627	0.02598	0.05328	0.02973	0.67582	0.07386	0.00832	0.00876	0.01192	0.00500	0.00515
34	0.00982	0.00842	0.00842	0.00842	0.01122	0.00701	0.00631	0.01192	0.01894	0.02244	0.08416	0.07995	0.65285	0.02104	0.00982	0.00281	0.00421	0.01753	0.00771	0.00701
35	0.02187	0.02223	0.03244	0.04728	0.57719	0.10183	0.02431	0.02646	0.01950	0.02629	0.01528	0.01986	0.01285	0.00755	0.00813	0.00243	0.01051	0.00714	0.00413	0.01272
36	0.02135	0.01930	0.01910	0.01721	0.02187	0.06427	0.01334	0.04341	0.60003	0.03379	0.03241	0.02993	0.02438	0.01109	0.00839	0.00277	0.00714	0.00912	0.00817	0.01291
37	0.00999	0.00842	0.00866	0.00860	0.01133	0.00709	0.00645	0.01226	0.01935	0.02342	0.13516	0.07834	0.60124	0.02067	0.00982	0.00279	0.00418	0.01731	0.00784	0.00709
38	0.01852	0.01553	0.01792	0.01292	0.02023	0.01239	0.01038	0.07551	0.01919	0.02934	0.01523	0.01747	0.01247	0.00650	0.00635	0.00134	0.00642	0.00515	0.00523	0.69192
39	0.01723	0.01477	0.01723	0.01230	0.01969	0.01107	0.00984	0.02092	0.01723	0.02707	0.01477	0.01723	0.01230	0.00615	0.00615	0.00123	0.00615	0.00492	0.00492	0.75883
40	0.03077	0.02279	0.02449	0.01873	0.02542	0.02493	0.01545	0.59405	0.03782	0.05092	0.01965	0.01979	0.01402	0.00976	0.00819	0.00242	0.00897	0.00733	0.00812	0.05638
41	0.01187	0.00890	0.01335	0.01335	0.01483	0.01038	0.01038	0.01483	0.01335	0.01928	0.02225	0.03264	0.02077	0.06231	0.67512	0.01335	0.02225	0.00890	0.00445	0.00742
42	0.02066	0.01785	0.01878	0.01691	0.02160	0.02066	0.01315	0.04414	0.64121	0.03475	0.03381	0.03099	0.02536	0.01127	0.00845	0.00282	0.00657	0.00939	0.00845	0.01315
43	0.01205	0.00884	0.01306	0.01306	0.01457	0.01025	0.01015	0.01507	0.01356	0.01988	0.02250	0.03255	0.02080	0.05962	0.64095	0.01277	0.02131	0.00884	0.04273	0.00743
44	0.01362	0.01148	0.01672	0.01571	0.01678	0.01458	0.01255	0.01627	0.01318	0.01948	0.01909	0.02861	0.01802	0.04901	0.49475	0.01065	0.20895	0.00845	0.00422	0.00788
45	0.02766	0.02581	0.02243	0.01897	0.02431	0.19949	0.01495	0.26587	0.24266	0.03762	0.02281	0.02242	0.01708	0.01004	0.00814	0.00251	0.00983	0.00756	0.00727	0.01257
46	0.02768	0.02133	0.02274	0.01833	0.02428	0.02394	0.01485	0.41978	0.25415	0.04607	0.02490	0.02389	0.01814	0.01044	0.00836	0.00261	0.00822	0.00816	0.00836	0.01378
47	0.01208	0.00805	0.00906	0.00906	0.00906	0.00805	0.00503	0.01208	0.01208	0.01611	0.02618	0.05436	0.03020	0.70804	0.04228	0.00805	0.00805	0.01208	0.00503	0.00503
48	0.01966	0.01673	0.02178	0.01867	0.02075	0.02112	0.01530	0.16980	0.01946	0.02783	0.01647	0.02284	0.01459	0.02737	0.21195	0.00619	0.32678	0.00780	0.00504	0.00985
49	0.01697	0.01156	0.01563	0.01437	0.01705	0.01293	0.01137	0.11285	0.01820	0.07551	0.02273	0.03031	0.01971	0.04999	0.51788	0.01080	0.01900	0.00864	0.00552	0.00900
50	0.02616	0.02997	0.02560	0.02908	0.20589	0.36864	0.01824	0.03295	0.13375	0.02489	0.01743	0.01947	0.01405	0.00872	0.00787	0.00236	0.01200	0.00667	0.00499	0.01128
51	0.02565	0.39962	0.03469	0.04811	0.02481	0.17128	0.01533	0.14338	0.02262	0.02615	0.01361	0.01538	0.01136	0.00804	0.00652	0.00204	0.01037	0.00537	0.00464	0.01104
52	0.01201	0.00833	0.01047	0.01047	0.01095	0.00882	0.00679	0.01298	0.01250	0.01715	0.02489	0.04725	0.02711	0.49660	0.24951	0.00979	0.01270	0.01104	0.00484	0.00581
53	0.01126	0.00820	0.01059	0.01057	0.01225	0.00754	0.00771	0.01450	0.02149	0.02986	0.47722	0.20781	0.11140	0.01929	0.00998	0.00280	0.00414	0.01713	0.00873	0.00754
54	0.01196	0.01053	0.01327	0.01650	0.12804	0.00946	0.01018	0.01468	0.01894	0.02343	0.06949	0.07001	0.50282	0.01869	0.00962	0.00280	0.00543	0.04895	0.00706	0.00816
55	0.01025	0.00742	0.00956	0.01112	0.01185	0.00687	0.00747	0.01178	0.01630	0.02155	0.07187	0.59161	0.10842	0.05698	0.01198	0.00351	0.00488	0.02220	0.00764	0.00673
56	0.01777	0.01746	0.03173	0.18834	0.26646	0.01782	0.17138	0.02266	0.01818	0.02455	0.02294	0.02791	0.08049	0.00996	0.00993	0.03784	0.01045	0.00906	0.00440	0.01066
57	0.01666	0.04297	0.66500	0.02368	0.03596	0.01929	0.03069	0.02631	0.01754	0.02631	0.01491	0.01754	0.01052	0.00789	0.00789	0.00263	0.01228	0.00614	0.00351	0.01228
58	0.02033	0.02100	0.02373	0.03063	0.28139	0.17070	0.01811	0.02474	0.04348	0.02480	0.02955	0.04101	0.09863	0.01249	0.00888	0.00271	0.00983	0.12204	0.00544	0.01051
59	0.01865	0.01793	0.03063	0.19769	0.44510	0.01864	0.04997	0.02363	0.01840	0.02541	0.02004	0.02498	0.05530	0.00851	0.00842	0.00258	0.00996	0.00818	0.00426	0.01174
60	0.01876	0.02889	0.27620	0.10502	0.28912	0.05630	0.02599	0.02539	0.01859	0.02605	0.04134	0.02095	0.01446	0.00815	0.00813	0.00255	0.01098	0.00711	0.00405	0.01198

[dist]
# distance from previous block
# <min> <max>
10	12

[block]
# block no. 2 follows, 22 sequences, length 7
# corresponding to MSA columns:
# 121-127
name=unknown_C
#
# <colnr> <probs for GDERKNQSTAVLIFYWHMCP>
#	G	D	E	R	K	N	Q	S	T	A	V	L	I	F	Y	W	H	M	C	P
0	0.02155	0.18800	0.11391	0.02749	0.20294	0.15636	0.01983	0.02584	0.01924	0.02351	0.01812	0.02795	0.01675	0.00990	0.00782	0.00246	0.01069	0.09227	0.00445	0.01093
1	0.02673	0.12519	0.11949	0.02084	0.02629	0.44212	0.01812	0.03000	0.02090	0.02107	0.01281	0.01541	0.01069	0.00878	0.00893	0.00229	0.07072	0.00551	0.00402	0.01010
2	0.02545	0.12670	0.12944	0.02220	0.06788	0.17021	0.09187	0.03082	0.04668	0.14687	0.01903	0.02040	0.01407	0.00848	0.00770	0.00237	0.01083	0.00688	0.04058	0.01154
3	0.01975	0.02262	0.03287	0.02526	0.03089	0.15563	0.31267	0.02424	0.01972	0.02384	0.03019	0.03306	0.15180	0.01101	0.01076	0.00273	0.06790	0.01035	0.00494	0.00979
4	0.01787	0.07635	0.02283	0.02637	0.25018	0.11086	0.01541	0.02107	0.01942	0.02361	0.04261	0.04318	0.27147	0.01306	0.00852	0.00250	0.00824	0.01095	0.00555	0.00995
5	0.16876	0.07664	0.11465	0.07503	0.07790	0.01860	0.01644	0.07580	0.05072	0.07339	0.01813	0.02168	0.01431	0.01911	0.13979	0.00467	0.01158	0.00687	0.00523	0.01068
6	0.08399	0.11111	0.02134	0.01524	0.02015	0.06232	0.01240	0.18794	0.13456	0.05691	0.07249	0.08581	0.07710	0.01233	0.00805	0.00255	0.00759	0.00979	0.00721	0.01112

[dist]
# distance from previous block
# <min> <max>
5	59

[block]
# block no. 3 follows, 22 sequences, length 9
# corresponding to MSA columns:
# 192-200
name=unknown_D
#
# <colnr> <probs for GDERKNQSTAVLIFYWHMCP>
#	G	D	E	R	K	N	Q	S	T	A	V	L	I	F	Y	W	H	M	C	P
0	0.02346	0.18325	0.02690	0.02262	0.14632	0.19545	0.01531	0.02633	0.01995	0.08992	0.02590	0.08176	0.08741	0.01102	0.00774	0.00234	0.00966	0.00875	0.00538	0.01052
1	0.02580	0.09091	0.09878	0.05962	0.15740	0.38175	0.01981	0.02956	0.02103	0.02237	0.01363	0.01662	0.01120	0.00811	0.00755	0.00226	0.01293	0.00588	0.00407	0.01072
2	0.01921	0.01909	0.09466	0.23575	0.12369	0.01841	0.01976	0.15008	0.02130	0.02938	0.01785	0.02313	0.01408	0.01763	0.12018	0.00439	0.01216	0.00754	0.04094	0.01079
3	0.02398	0.23314	0.05850	0.02436	0.15188	0.26969	0.01730	0.02717	0.02000	0.02191	0.01873	0.02085	0.06177	0.00885	0.00720	0.00217	0.01117	0.00649	0.00427	0.01056
4	0.02188	0.01854	0.01731	0.01503	0.01873	0.12592	0.01135	0.16028	0.09161	0.06117	0.02778	0.03484	0.07274	0.17768	0.07749	0.00475	0.01016	0.00933	0.00646	0.03695
5	0.02590	0.15021	0.02999	0.02852	0.20258	0.34578	0.01850	0.02890	0.02054	0.02210	0.01331	0.01643	0.01140	0.00828	0.00831	0.00224	0.04630	0.00587	0.00407	0.01078
6	0.01717	0.01461	0.01564	0.01429	0.01831	0.05408	0.01131	0.07287	0.11631	0.02811	0.03592	0.14860	0.09196	0.01554	0.00896	0.00268	0.00694	0.13620	0.00700	0.18349
7	0.02379	0.01791	0.02043	0.01796	0.05267	0.01912	0.01353	0.36491	0.05753	0.04134	0.09200	0.15217	0.02893	0.01347	0.00880	0.00263	0.00757	0.01125	0.00793	0.04608
8	0.02085	0.03219	0.28155	0.02523	0.03299	0.12674	0.16371	0.02706	0.01846	0.05270	0.01514	0.01884	0.01155	0.00902	0.01155	0.00276	0.12724	0.00715	0.00412	0.01115

[dist]
# distance from previous block
# <min> <max>
0	1

[block]
# block no. 4 follows, 22 sequences, length 40
# corresponding to MSA columns:
# 202-241
name=unknown_E
#
# <colnr> <probs for GDERKNQSTAVLIFYWHMCP>
#	G	D	E	R	K	N	Q	S	T	A	V	L	I	F	Y	W	H	M	C	P
0	0.01860	0.05928	0.02407	0.01879	0.02298	0.18172	0.14590	0.02179	0.01858	0.02157	0.03145	0.03665	0.14995	0.07982	0.12737	0.00486	0.01282	0.01004	0.00504	0.00871
1	0.02147	0.02441	0.08573	0.03023	0.24809	0.15620	0.04693	0.07195	0.04828	0.02795	0.07710	0.02855	0.07669	0.01010	0.00841	0.00249	0.01014	0.00863	0.00536	0.01130
2	0.02304	0.05791	0.02500	0.02474	0.18617	0.01971	0.01611	0.22792	0.05148	0.03539	0.01832	0.02073	0.01442	0.01058	0.03565	0.00262	0.00886	0.00690	0.04436	0.17008
3	0.01707	0.02131	0.14614	0.03127	0.22369	0.01696	0.14843	0.02279	0.01794	0.02562	0.06572	0.02621	0.01921	0.02019	0.15504	0.00497	0.01345	0.00859	0.00448	0.01092
4	0.01992	0.06180	0.16705	0.06077	0.07740	0.12841	0.09728	0.02685	0.07094	0.02518	0.01741	0.02096	0.01379	0.01255	0.06304	0.00327	0.01196	0.00703	0.03764	0.07678
5	0.01349	0.01862	0.17887	0.01484	0.02012	0.01214	0.04407	0.01979	0.06702	0.02724	0.21057	0.05158	0.22825	0.04419	0.01059	0.00293	0.00701	0.01272	0.00680	0.00917
6	0.02150	0.09990	0.39021	0.02373	0.06676	0.20872	0.02474	0.02811	0.01928	0.02404	0.01406	0.01660	0.01074	0.00799	0.00757	0.00241	0.01262	0.00583	0.00377	0.01142
7	0.01709	0.09408	0.61760	0.02296	0.03484	0.02033	0.02944	0.02620	0.01749	0.02579	0.01465	0.01722	0.01053	0.00783	0.00770	0.00257	0.01202	0.00601	0.00351	0.01215
8	0.01511	0.01184	0.01507	0.01382	0.01477	0.01396	0.01017	0.07200	0.01518	0.02125	0.02229	0.06748	0.02357	0.32399	0.16786	0.00747	0.16136	0.01044	0.00503	0.00735
9	0.01139	0.00776	0.00926	0.00995	0.01012	0.00759	0.00598	0.01190	0.01343	0.01791	0.03310	0.28313	0.03893	0.46737	0.03110	0.00640	0.00691	0.01615	0.00598	0.00564
10	0.01187	0.00890	0.01335	0.01335	0.01483	0.01038	0.01038	0.01483	0.01335	0.01928	0.02225	0.03264	0.02077	0.06231	0.67512	0.01335	0.02225	0.00890	0.00445	0.00742
11	0.01204	0.00823	0.00997	0.00997	0.01028	0.00855	0.00616	0.01266	0.01235	0.01678	0.02535	0.04978	0.02821	0.57187	0.17574	0.00917	0.01105	0.01141	0.00491	0.00554
12	0.03158	0.02327	0.02493	0.01911	0.02576	0.02576	0.01579	0.62852	0.03906	0.05236	0.01995	0.01995	0.01413	0.00997	0.00831	0.00249	0.00914	0.00748	0.00831	0.01413
13	0.01453	0.01192	0.01513	0.01349	0.01458	0.04105	0.05972	0.01586	0.01397	0.01923	0.02399	0.07986	0.02598	0.43011	0.03118	0.00599	0.09763	0.01125	0.06792	0.00661
14	0.01345	0.01058	0.01253	0.01325	0.01507	0.01114	0.00943	0.02185	0.21331	0.02548	0.04201	0.49060	0.04561	0.02137	0.00992	0.00320	0.00537	0.01913	0.00795	0.00877
15	0.01281	0.01051	0.01154	0.01092	0.01388	0.01027	0.00830	0.02018	0.15701	0.02858	0.25231	0.06355	0.33373	0.01761	0.00951	0.00275	0.00464	0.01495	0.00833	0.00862
16	0.02221	0.71304	0.04353	0.01421	0.02132	0.03287	0.01421	0.02488	0.01688	0.01955	0.01155	0.01333	0.01066	0.00711	0.00533	0.00178	0.00888	0.00444	0.00355	0.01066
17	0.01006	0.00748	0.00938	0.01090	0.01187	0.00680	0.00742	0.01164	0.01654	0.02147	0.05388	0.57131	0.18104	0.02497	0.01044	0.00325	0.00469	0.02233	0.00771	0.00680
18	0.01666	0.04297	0.66500	0.02368	0.03596	0.01929	0.03069	0.02631	0.01754	0.02631	0.01491	0.01754	0.01052	0.00789	0.00789	0.00263	0.01228	0.00614	0.00351	0.01228
19	0.01187	0.00890	0.01335	0.01335	0.01483	0.01038	0.01038	0.01483	0.01335	0.01928	0.02225	0.03264	0.02077	0.06231	0.67512	0.01335	0.02225	0.00890	0.00445	0.00742
20	0.03367	0.01992	0.02286	0.01752	0.02409	0.02079	0.01448	0.41271	0.03345	0.27609	0.02465	0.02300	0.01649	0.01009	0.00833	0.00252	0.00838	0.00780	0.00903	0.01413
21	0.03103	0.03959	0.02354	0.02140	0.02568	0.67469	0.01605	0.03317	0.02354	0.02033	0.01284	0.01498	0.01070	0.00856	0.00749	0.00214	0.01498	0.00535	0.00428	0.00963
22	0.01012	0.00723	0.00964	0.01157	0.01205	0.00675	0.00771	0.01157	0.01591	0.02121	0.04579	0.70262	0.05495	0.02603	0.01060	0.00337	0.00482	0.02362	0.00771	0.00675
23	0.01010	0.00732	0.00955	0.01133	0.01199	0.00677	0.00760	0.01159	0.01614	0.02130	0.04871	0.65513	0.10055	0.02565	0.01054	0.00333	0.00477	0.02315	0.00771	0.00677
24	0.01656	0.01326	0.01766	0.01590	0.01788	0.01606	0.01268	0.12015	0.01753	0.02490	0.01966	0.02850	0.01803	0.07530	0.39377	0.00919	0.16074	0.00847	0.00496	0.00879
25	0.01339	0.00956	0.01339	0.01530	0.01721	0.00956	0.01339	0.01721	0.01912	0.02486	0.04399	0.09371	0.04781	0.02295	0.01147	0.00382	0.00765	0.60031	0.00765	0.00765
26	0.02027	0.02054	0.03833	0.04617	0.47148	0.02012	0.20654	0.02583	0.01912	0.02698	0.01598	0.02112	0.01299	0.00728	0.00870	0.00257	0.01112	0.00813	0.00414	0.01257
27	0.01922	0.01837	0.03129	0.22686	0.49087	0.01938	0.02483	0.02432	0.01828	0.02551	0.01539	0.02100	0.01258	0.00765	0.00825	0.00255	0.01020	0.00740	0.00400	0.01207
28	0.01263	0.00866	0.01218	0.01218	0.01375	0.00983	0.00943	0.01578	0.01420	0.02173	0.02327	0.03229	0.02088	0.05129	0.53497	0.01096	0.01840	0.00866	0.16144	0.00749
29	0.01666	0.04297	0.66500	0.02368	0.03596	0.01929	0.03069	0.02631	0.01754	0.02631	0.01491	0.01754	0.01052	0.00789	0.00789	0.00263	0.01228	0.00614	0.00351	0.01228
30	0.01864	0.18476	0.36890	0.02454	0.03468	0.02272	0.18138	0.02607	0.01793	0.02490	0.01466	0.01788	0.01109	0.00749	0.00783	0.00249	0.01198	0.00672	0.00370	0.01164
31	0.01833	0.03292	0.38911	0.03489	0.27864	0.01955	0.05694	0.02601	0.01818	0.02665	0.01528	0.01895	0.01165	0.00766	0.00811	0.00258	0.01142	0.00681	0.00378	0.01257
32	0.00998	0.00778	0.00907	0.01010	0.01166	0.00687	0.00706	0.01173	0.01731	0.02178	0.06362	0.41323	0.33282	0.02371	0.01024	0.00311	0.00454	0.02079	0.00771	0.00687
33	0.01881	0.07478	0.10492	0.17911	0.19816	0.02102	0.20661	0.02472	0.01807	0.02473	0.01522	0.02050	0.01197	0.00779	0.00922	0.00265	0.03879	0.00776	0.00392	0.01126
34	0.01835	0.03143	0.35686	0.06520	0.31182	0.01945	0.02805	0.02572	0.01811	0.02645	0.01522	0.01908	0.01172	0.00769	0.00806	0.00256	0.01116	0.00675	0.00378	0.01253
35	0.01187	0.00890	0.01335	0.01335	0.01483	0.01038	0.01038	0.01483	0.01335	0.01928	0.02225	0.03264	0.02077	0.06231	0.67512	0.01335	0.02225	0.00890	0.00445	0.00742
36	0.01012	0.00723	0.00964	0.01157	0.01205	0.00675	0.00771	0.01157	0.01591	0.02121	0.04579	0.70262	0.05495	0.02603	0.01060	0.00337	0.00482	0.02362	0.00771	0.00675
37	0.04848	0.01363	0.01441	0.01265	0.01662	0.01389	0.01002	0.20063	0.05166	0.03324	0.08533	0.08386	0.32482	0.01681	0.00921	0.00276	0.00605	0.03846	0.00789	0.00957
38	0.02180	0.02503	0.05595	0.02632	0.18582	0.24349	0.01732	0.02516	0.01954	0.02357	0.02417	0.02700	0.09777	0.01073	0.01032	0.00251	0.09534	0.00799	0.07008	0.01010
39	0.02234	0.01488	0.01781	0.01527	0.01926	0.01593	0.01242	0.13215	0.10550	0.16302	0.06794	0.04439	0.15732	0.01468	0.01154	0.00290	0.09797	0.06577	0.00797	0.01094

[dist]
# distance from previous block
# <min> <max>
0	4

# created by:
# /home/cegg/simao/soft/augustus-3.2.1/scripts/msa2prfl.pl ./align_prep/12756.fa
