[name]
unknown

[dist]
# distance from previous block
# <min> <max>
0	0

[block]
# block no. 0 follows, 21 sequences, length 89
# corresponding to MSA columns:
# 0-88
name=unknown_A
#
# <colnr> <probs for GDERKNQSTAVLIFYWHMCP>
#	G	D	E	R	K	N	Q	S	T	A	V	L	I	F	Y	W	H	M	C	P
0	0.01371	0.00980	0.01371	0.01567	0.01763	0.00980	0.01371	0.01763	0.01959	0.02547	0.04506	0.09599	0.04898	0.02351	0.01175	0.00392	0.00784	0.59056	0.00784	0.00784
1	0.01006	0.00862	0.00862	0.00862	0.01149	0.00718	0.00647	0.01221	0.01940	0.02299	0.08621	0.08190	0.64438	0.02155	0.01006	0.00287	0.00431	0.01796	0.00790	0.00718
2	0.02217	0.01806	0.01927	0.01719	0.02211	0.02066	0.01341	0.04500	0.59653	0.07212	0.03457	0.03159	0.02569	0.01149	0.00865	0.00287	0.00676	0.00956	0.00877	0.01353
3	0.01216	0.00912	0.01368	0.01368	0.01520	0.01064	0.01064	0.01520	0.01368	0.01976	0.02279	0.03343	0.02127	0.06382	0.66720	0.01368	0.02279	0.00912	0.00456	0.00760
4	0.03235	0.02384	0.02554	0.01958	0.02639	0.02639	0.01618	0.61946	0.04001	0.05363	0.02043	0.02043	0.01447	0.01022	0.00851	0.00255	0.00936	0.00766	0.00851	0.01447
5	0.01707	0.04402	0.65683	0.02426	0.03683	0.01976	0.03144	0.02695	0.01797	0.02695	0.01527	0.01797	0.01078	0.00809	0.00809	0.00270	0.01258	0.00629	0.00359	0.01258
6	0.01216	0.00912	0.01368	0.01368	0.01520	0.01064	0.01064	0.01520	0.01368	0.01976	0.02279	0.03343	0.02127	0.06382	0.66720	0.01368	0.02279	0.00912	0.00456	0.00760
7	0.01154	0.00790	0.00953	0.01034	0.01055	0.00770	0.00629	0.01216	0.01400	0.01866	0.03513	0.32039	0.04143	0.42191	0.02989	0.00627	0.00688	0.01727	0.00629	0.00588
8	0.02275	0.70604	0.04459	0.01456	0.02184	0.03367	0.01456	0.02548	0.01729	0.02002	0.01183	0.01365	0.01092	0.00728	0.00546	0.00182	0.00910	0.00455	0.00364	0.01092
9	0.01796	0.21240	0.42183	0.02015	0.03011	0.02202	0.02431	0.02529	0.01851	0.02598	0.08780	0.02217	0.01894	0.00896	0.00763	0.00246	0.01067	0.00690	0.00428	0.01161
10	0.01216	0.00912	0.01368	0.01368	0.01520	0.01064	0.01064	0.01520	0.01368	0.01976	0.02279	0.03343	0.02127	0.06382	0.66720	0.01368	0.02279	0.00912	0.00456	0.00760
11	0.01369	0.01043	0.01280	0.01190	0.01441	0.01040	0.00901	0.02132	0.13388	0.03439	0.53349	0.05783	0.07049	0.01634	0.00979	0.00271	0.00451	0.01435	0.00924	0.00901
12	0.02299	0.05193	0.13299	0.11280	0.33918	0.01918	0.02375	0.02849	0.01968	0.13958	0.01877	0.02185	0.01405	0.00829	0.00828	0.00258	0.01010	0.00741	0.00518	0.01293
13	0.02275	0.70604	0.04459	0.01456	0.02184	0.03367	0.01456	0.02548	0.01729	0.02002	0.01183	0.01365	0.01092	0.00728	0.00546	0.00182	0.00910	0.00455	0.00364	0.01092
14	0.01060	0.00750	0.00981	0.01155	0.01199	0.00707	0.00758	0.01191	0.01584	0.02111	0.04456	0.62058	0.05332	0.10549	0.01466	0.00402	0.00532	0.02281	0.00758	0.00671
15	0.03133	0.07476	0.02517	0.02155	0.02608	0.63422	0.01635	0.03355	0.02377	0.02079	0.01309	0.01526	0.01096	0.00869	0.00756	0.00217	0.01503	0.00543	0.00435	0.00992
16	0.02292	0.02172	0.02488	0.16413	0.21051	0.16412	0.01899	0.02806	0.05669	0.08843	0.02627	0.02865	0.08774	0.01021	0.00849	0.00259	0.01038	0.00854	0.00550	0.01120
17	0.01216	0.00912	0.01368	0.01368	0.01520	0.01064	0.01064	0.01520	0.01368	0.01976	0.02279	0.03343	0.02127	0.06382	0.66720	0.01368	0.02279	0.00912	0.00456	0.00760
18	0.01093	0.00825	0.00966	0.01066	0.01245	0.00743	0.00784	0.01313	0.01813	0.02327	0.06295	0.31812	0.31273	0.02311	0.01034	0.00317	0.00495	0.08676	0.04892	0.00720
19	0.01879	0.01913	0.02889	0.02392	0.02493	0.02553	0.08857	0.02127	0.01386	0.02127	0.01188	0.01913	0.01137	0.01399	0.02584	0.00362	0.60690	0.00775	0.00379	0.00956
20	0.02106	0.02022	0.03454	0.05223	0.64784	0.02022	0.02612	0.02612	0.01938	0.02780	0.01601	0.02106	0.01348	0.00758	0.00842	0.00253	0.01011	0.00758	0.00421	0.01348
21	0.01006	0.00862	0.00862	0.00862	0.01149	0.00718	0.00647	0.01221	0.01940	0.02299	0.08621	0.08190	0.64438	0.02155	0.01006	0.00287	0.00431	0.01796	0.00790	0.00718
22	0.02106	0.02022	0.03454	0.05223	0.64784	0.02022	0.02612	0.02612	0.01938	0.02780	0.01601	0.02106	0.01348	0.00758	0.00842	0.00253	0.01011	0.00758	0.00421	0.01348
23	0.02481	0.02011	0.02351	0.02122	0.05706	0.09641	0.01634	0.09203	0.04991	0.14027	0.01907	0.02259	0.01518	0.01728	0.08282	0.00412	0.27250	0.00773	0.00591	0.01114
24	0.03051	0.02260	0.02431	0.01901	0.02536	0.02499	0.01556	0.55586	0.06719	0.05088	0.02268	0.06085	0.01750	0.01125	0.00866	0.00262	0.00898	0.00873	0.00848	0.01398
25	0.01017	0.00863	0.00877	0.00873	0.01156	0.00723	0.00655	0.01242	0.01965	0.02359	0.11638	0.08091	0.61384	0.02133	0.01006	0.00286	0.00429	0.01782	0.00798	0.00723
26	0.01462	0.01241	0.01707	0.01569	0.01623	0.01571	0.01210	0.01639	0.01308	0.01913	0.01958	0.03403	0.02017	0.22013	0.25893	0.00849	0.26487	0.00939	0.00441	0.00756
27	0.02514	0.02989	0.03114	0.02746	0.08572	0.34441	0.19075	0.02895	0.02122	0.02300	0.01597	0.02156	0.01356	0.05402	0.04696	0.00343	0.01456	0.00762	0.00440	0.01024
28	0.01006	0.00862	0.00862	0.00862	0.01149	0.00718	0.00647	0.01221	0.01940	0.02299	0.08621	0.08190	0.64438	0.02155	0.01006	0.00287	0.00431	0.01796	0.00790	0.00718
29	0.06125	0.02002	0.03456	0.10099	0.21917	0.02066	0.22274	0.02994	0.14567	0.02919	0.01994	0.02368	0.01541	0.00837	0.00886	0.00275	0.01078	0.00867	0.00518	0.01215
30	0.03127	0.07876	0.02529	0.02150	0.02605	0.63041	0.01633	0.03349	0.02372	0.02078	0.01308	0.01525	0.01096	0.00868	0.00755	0.00217	0.01499	0.00543	0.00434	0.00993
31	0.01692	0.01630	0.02898	0.06947	0.26773	0.01594	0.14873	0.02132	0.01864	0.02540	0.03037	0.19308	0.08262	0.01354	0.00953	0.00288	0.00929	0.01317	0.00546	0.01062
32	0.13402	0.03845	0.51986	0.02289	0.03409	0.01976	0.06255	0.02667	0.01755	0.02873	0.01485	0.01761	0.01066	0.00800	0.00776	0.00270	0.01174	0.00625	0.00390	0.01198
33	0.23724	0.50571	0.03527	0.01358	0.02028	0.02944	0.01301	0.02535	0.01648	0.02530	0.01184	0.01370	0.01043	0.00746	0.00540	0.00206	0.00837	0.00457	0.00411	0.01043
34	0.01156	0.00893	0.01199	0.01199	0.01383	0.00952	0.00916	0.01419	0.01528	0.02054	0.04141	0.04860	0.20277	0.08258	0.44590	0.01027	0.01672	0.01185	0.00556	0.00736
35	0.02638	0.03310	0.06708	0.03059	0.13947	0.36779	0.15894	0.03065	0.02201	0.02388	0.01472	0.01826	0.01185	0.00815	0.00838	0.00244	0.01405	0.00696	0.00429	0.01102
36	0.02232	0.02260	0.03332	0.04869	0.57517	0.09581	0.02499	0.02704	0.01993	0.02699	0.01567	0.02039	0.01319	0.00772	0.00834	0.00249	0.01072	0.00734	0.00423	0.01306
37	0.01731	0.01476	0.01564	0.01435	0.01837	0.01614	0.01107	0.03354	0.40882	0.03212	0.11006	0.04822	0.19478	0.01478	0.00917	0.00286	0.00582	0.01241	0.00853	0.01126
38	0.01660	0.01548	0.02594	0.47283	0.18499	0.01798	0.02259	0.02171	0.01747	0.02309	0.01855	0.09063	0.01638	0.01015	0.00873	0.00283	0.01042	0.00926	0.00430	0.01009
39	0.01707	0.04402	0.65683	0.02426	0.03683	0.01976	0.03144	0.02695	0.01797	0.02695	0.01527	0.01797	0.01078	0.00809	0.00809	0.00270	0.01258	0.00629	0.00359	0.01258
40	0.01575	0.24553	0.02416	0.01398	0.01745	0.01845	0.01197	0.01869	0.01490	0.01985	0.01908	0.02672	0.01776	0.04464	0.44272	0.00965	0.01815	0.00757	0.00425	0.00873
41	0.01028	0.00856	0.00897	0.00901	0.01167	0.00726	0.00670	0.01259	0.01972	0.02408	0.14186	0.11270	0.55457	0.02139	0.01010	0.00288	0.00431	0.01803	0.00805	0.00726
42	0.01330	0.00978	0.01128	0.01158	0.01261	0.01014	0.00757	0.01813	0.12558	0.02168	0.03488	0.26328	0.03844	0.35315	0.02631	0.00569	0.00688	0.01579	0.00670	0.00724
43	0.01707	0.04402	0.65683	0.02426	0.03683	0.01976	0.03144	0.02695	0.01797	0.02695	0.01527	0.01797	0.01078	0.00809	0.00809	0.00270	0.01258	0.00629	0.00359	0.01258
44	0.03713	0.01617	0.02079	0.01594	0.02257	0.01501	0.01317	0.14578	0.02718	0.54543	0.03120	0.02743	0.01988	0.01048	0.00855	0.00262	0.00762	0.00840	0.01017	0.01448
45	0.01707	0.04402	0.65683	0.02426	0.03683	0.01976	0.03144	0.02695	0.01797	0.02695	0.01527	0.01797	0.01078	0.00809	0.00809	0.00270	0.01258	0.00629	0.00359	0.01258
46	0.02106	0.02022	0.03454	0.05223	0.64784	0.02022	0.02612	0.02612	0.01938	0.02780	0.01601	0.02106	0.01348	0.00758	0.00842	0.00253	0.01011	0.00758	0.00421	0.01348
47	0.01586	0.00793	0.00793	0.00793	0.00991	0.00793	0.00595	0.01983	0.01785	0.03173	0.02776	0.03173	0.02181	0.00991	0.00595	0.00198	0.00397	0.00793	0.74817	0.00793
48	0.01006	0.00862	0.00862	0.00862	0.01149	0.00718	0.00647	0.01221	0.01940	0.02299	0.08621	0.08190	0.64438	0.02155	0.01006	0.00287	0.00431	0.01796	0.00790	0.00718
49	0.02106	0.02022	0.03454	0.05223	0.64784	0.02022	0.02612	0.02612	0.01938	0.02780	0.01601	0.02106	0.01348	0.00758	0.00842	0.00253	0.01011	0.00758	0.00421	0.01348
50	0.02009	0.02296	0.05022	0.03587	0.04448	0.02152	0.61693	0.02726	0.02009	0.02726	0.01722	0.02296	0.01291	0.00717	0.01004	0.00287	0.01435	0.01004	0.00430	0.01148
51	0.01006	0.00862	0.00862	0.00862	0.01149	0.00718	0.00647	0.01221	0.01940	0.02299	0.08621	0.08190	0.64438	0.02155	0.01006	0.00287	0.00431	0.01796	0.00790	0.00718
52	0.01587	0.01611	0.01324	0.01264	0.01579	0.14481	0.00947	0.02036	0.08173	0.02485	0.12013	0.09923	0.35839	0.01781	0.00947	0.00275	0.00684	0.01468	0.00740	0.00843
53	0.01093	0.00866	0.00983	0.00954	0.01203	0.00756	0.00715	0.01390	0.02146	0.02788	0.33070	0.07386	0.39684	0.01973	0.01005	0.00279	0.00418	0.01683	0.00855	0.00756
54	0.01707	0.04402	0.65683	0.02426	0.03683	0.01976	0.03144	0.02695	0.01797	0.02695	0.01527	0.01797	0.01078	0.00809	0.00809	0.00270	0.01258	0.00629	0.00359	0.01258
55	0.01713	0.01468	0.01544	0.01434	0.01830	0.01605	0.01100	0.03316	0.40859	0.03092	0.05102	0.08797	0.21525	0.01551	0.00922	0.00292	0.00589	0.01305	0.00838	0.01116
56	0.03182	0.03967	0.02419	0.02180	0.02631	0.63263	0.01643	0.06519	0.02496	0.02258	0.01354	0.01562	0.01115	0.00885	0.00772	0.00221	0.01503	0.00560	0.00460	0.01011
57	0.03235	0.02384	0.02554	0.01958	0.02639	0.02639	0.01618	0.61946	0.04001	0.05363	0.02043	0.02043	0.01447	0.01022	0.00851	0.00255	0.00936	0.00766	0.00851	0.01447
58	0.01037	0.00741	0.00987	0.01185	0.01234	0.00691	0.00790	0.01185	0.01629	0.02172	0.04690	0.69537	0.05629	0.02666	0.01086	0.00346	0.00494	0.02419	0.00790	0.00691
59	0.01765	0.01513	0.01765	0.01260	0.02017	0.01134	0.01008	0.02143	0.01765	0.02773	0.01513	0.01765	0.01260	0.00630	0.00630	0.00126	0.00630	0.00504	0.00504	0.75295
60	0.02078	0.01993	0.03402	0.08830	0.61401	0.02014	0.02597	0.02587	0.01924	0.02745	0.01596	0.02116	0.01336	0.00764	0.00843	0.00255	0.01018	0.00758	0.00419	0.01325
61	0.76103	0.01646	0.01251	0.01119	0.01646	0.01909	0.00922	0.02502	0.01448	0.03818	0.01185	0.01382	0.00922	0.00790	0.00527	0.00263	0.00658	0.00461	0.00527	0.00922
62	0.03235	0.02384	0.02554	0.01958	0.02639	0.02639	0.01618	0.61946	0.04001	0.05363	0.02043	0.02043	0.01447	0.01022	0.00851	0.00255	0.00936	0.00766	0.00851	0.01447
63	0.02134	0.02315	0.02566	0.02226	0.02316	0.15833	0.01817	0.02327	0.01532	0.02055	0.01158	0.01794	0.01113	0.01363	0.02375	0.00341	0.54703	0.00704	0.00386	0.00942
64	0.02101	0.02037	0.03539	0.05135	0.61517	0.02029	0.05811	0.02618	0.01942	0.02777	0.01607	0.02116	0.01345	0.00756	0.00851	0.00255	0.01034	0.00772	0.00422	0.01337
65	0.01006	0.00862	0.00862	0.00862	0.01149	0.00718	0.00647	0.01221	0.01940	0.02299	0.08621	0.08190	0.64438	0.02155	0.01006	0.00287	0.00431	0.01796	0.00790	0.00718
66	0.01194	0.00818	0.00930	0.00955	0.00984	0.00800	0.00560	0.01230	0.01344	0.01768	0.03421	0.13708	0.08474	0.56131	0.03655	0.00721	0.00751	0.01430	0.00572	0.00554
67	0.02260	0.33378	0.25758	0.01952	0.02808	0.15943	0.02094	0.02776	0.01894	0.02265	0.01333	0.01553	0.01088	0.00787	0.00685	0.00221	0.01162	0.00536	0.00378	0.01129
68	0.02042	0.34253	0.22615	0.02268	0.03184	0.02658	0.16830	0.02635	0.01818	0.02385	0.01417	0.01722	0.01137	0.00749	0.00736	0.00234	0.01142	0.00642	0.00379	0.01155
69	0.01006	0.00862	0.00862	0.00862	0.01149	0.00718	0.00647	0.01221	0.01940	0.02299	0.08621	0.08190	0.64438	0.02155	0.01006	0.00287	0.00431	0.01796	0.00790	0.00718
70	0.02504	0.02975	0.02313	0.05441	0.02611	0.40519	0.04970	0.02771	0.02098	0.02166	0.01825	0.10412	0.01748	0.01387	0.04156	0.00303	0.05505	0.00851	0.00480	0.04965
71	0.02108	0.01982	0.03138	0.04503	0.51867	0.02042	0.02351	0.03006	0.14594	0.02941	0.01985	0.02327	0.01606	0.00840	0.00847	0.00260	0.00941	0.00800	0.00513	0.01348
72	0.01403	0.01188	0.01728	0.01619	0.01727	0.01512	0.01296	0.01673	0.01349	0.01997	0.01942	0.02913	0.01834	0.04961	0.48148	0.01079	0.21528	0.00863	0.00432	0.00810
73	0.02787	0.03445	0.03221	0.02745	0.06186	0.44781	0.19137	0.03165	0.02271	0.02304	0.01447	0.01784	0.01165	0.00825	0.00840	0.00241	0.01480	0.00691	0.00435	0.01051
74	0.02068	0.01634	0.07552	0.01532	0.01970	0.01426	0.01289	0.16262	0.05380	0.11982	0.07159	0.27850	0.06851	0.01725	0.00953	0.00295	0.00702	0.01489	0.00814	0.01068
75	0.02209	0.62865	0.11617	0.01569	0.02359	0.03205	0.01653	0.02565	0.01737	0.02083	0.01223	0.01416	0.01090	0.00737	0.00577	0.00192	0.00951	0.00475	0.00363	0.01111
76	0.01076	0.00771	0.01023	0.01158	0.01243	0.00718	0.00793	0.01284	0.01814	0.02466	0.18789	0.54603	0.06196	0.02447	0.01067	0.00327	0.00472	0.02211	0.00825	0.00718
77	0.02149	0.02127	0.03488	0.05004	0.58912	0.04911	0.05605	0.02653	0.01963	0.02746	0.01594	0.02090	0.01334	0.00761	0.00847	0.00253	0.01056	0.00762	0.00422	0.01322
78	0.02106	0.02022	0.03454	0.05223	0.64784	0.02022	0.02612	0.02612	0.01938	0.02780	0.01601	0.02106	0.01348	0.00758	0.00842	0.00253	0.01011	0.00758	0.00421	0.01348
79	0.01216	0.00912	0.01368	0.01368	0.01520	0.01064	0.01064	0.01520	0.01368	0.01976	0.02279	0.03343	0.02127	0.06382	0.66720	0.01368	0.02279	0.00912	0.00456	0.00760
80	0.02106	0.02022	0.03454	0.05223	0.64784	0.02022	0.02612	0.02612	0.01938	0.02780	0.01601	0.02106	0.01348	0.00758	0.00842	0.00253	0.01011	0.00758	0.00421	0.01348
81	0.02605	0.08875	0.02949	0.05392	0.12630	0.29337	0.07510	0.06490	0.10973	0.02643	0.01743	0.01975	0.01389	0.00876	0.00805	0.00242	0.01215	0.00696	0.00510	0.01143
82	0.01026	0.00828	0.00913	0.00965	0.01180	0.00716	0.00696	0.01233	0.01879	0.02327	0.10712	0.25373	0.44626	0.02275	0.01028	0.00303	0.00447	0.01957	0.00799	0.00716
83	0.01071	0.00767	0.01018	0.01161	0.01242	0.00714	0.00793	0.01272	0.01790	0.02428	0.17003	0.56494	0.06124	0.02475	0.01069	0.00330	0.00475	0.02238	0.00820	0.00714
84	0.02212	0.03742	0.34592	0.02788	0.11009	0.17326	0.07476	0.06062	0.02096	0.02708	0.01530	0.01828	0.01153	0.00822	0.00821	0.00256	0.01290	0.00664	0.00418	0.01206
85	0.02079	0.01994	0.03404	0.08705	0.61518	0.02015	0.02598	0.02587	0.01925	0.02747	0.01596	0.02115	0.01336	0.00763	0.00843	0.00254	0.01018	0.00758	0.00419	0.01326
86	0.01371	0.00980	0.01371	0.01567	0.01763	0.00980	0.01371	0.01763	0.01959	0.02547	0.04506	0.09599	0.04898	0.02351	0.01175	0.00392	0.00784	0.59056	0.00784	0.00784
87	0.03169	0.06687	0.02643	0.01967	0.02611	0.13114	0.01612	0.48899	0.03608	0.04630	0.01874	0.01920	0.01369	0.00981	0.00820	0.00245	0.01032	0.00712	0.00755	0.01351
88	0.11993	0.10025	0.02499	0.05610	0.02559	0.02305	0.01483	0.32323	0.02967	0.16983	0.02078	0.02073	0.01460	0.00956	0.00777	0.00251	0.00867	0.00711	0.00769	0.01312

[dist]
# distance from previous block
# <min> <max>
4	7

[block]
# block no. 1 follows, 21 sequences, length 102
# corresponding to MSA columns:
# 96-197
name=unknown_B
#
# <colnr> <probs for GDERKNQSTAVLIFYWHMCP>
#	G	D	E	R	K	N	Q	S	T	A	V	L	I	F	Y	W	H	M	C	P
0	0.01410	0.01064	0.01236	0.01186	0.01447	0.01029	0.00895	0.10331	0.02294	0.03026	0.21242	0.21825	0.23551	0.02010	0.01009	0.00296	0.00527	0.03942	0.00838	0.00845
1	0.02859	0.13525	0.02630	0.02003	0.02492	0.46002	0.01564	0.03469	0.12954	0.02329	0.01672	0.01797	0.01358	0.00903	0.00752	0.00226	0.01291	0.00607	0.00502	0.01065
2	0.14954	0.10264	0.02518	0.02008	0.04996	0.31288	0.01540	0.17209	0.02544	0.03175	0.01467	0.01638	0.01162	0.00877	0.00728	0.00233	0.01160	0.00585	0.00544	0.01113
3	0.01608	0.01511	0.02514	0.58450	0.10354	0.01823	0.02269	0.02147	0.01737	0.02232	0.01993	0.02650	0.05366	0.00930	0.00860	0.00281	0.01078	0.00826	0.00409	0.00963
4	0.01809	0.03532	0.41697	0.02735	0.03746	0.02094	0.19653	0.02635	0.01804	0.02635	0.01539	0.01945	0.01143	0.00855	0.01076	0.00285	0.08496	0.00748	0.00381	0.01192
5	0.01332	0.01107	0.01406	0.01408	0.01570	0.05401	0.01080	0.01617	0.01459	0.01999	0.02412	0.08623	0.02344	0.05713	0.56976	0.01208	0.02084	0.01011	0.00482	0.00769
6	0.02191	0.60797	0.13529	0.01600	0.02406	0.03161	0.01706	0.02570	0.01739	0.02105	0.01234	0.01429	0.01090	0.00740	0.00585	0.00195	0.00962	0.00481	0.00363	0.01117
7	0.01432	0.01082	0.01244	0.01257	0.01543	0.01065	0.00981	0.02106	0.13900	0.05492	0.05906	0.17069	0.27986	0.02030	0.01019	0.00317	0.00574	0.13298	0.00816	0.00884
8	0.02213	0.01807	0.01927	0.01720	0.02211	0.02068	0.01342	0.04501	0.59799	0.07064	0.03458	0.03159	0.02570	0.01149	0.00865	0.00287	0.00676	0.00956	0.00877	0.01353
9	0.01941	0.01893	0.03028	0.31683	0.37199	0.04720	0.02465	0.02460	0.01858	0.02494	0.01551	0.02151	0.01247	0.00802	0.00843	0.00264	0.01086	0.00748	0.00404	0.01162
10	0.02083	0.01998	0.03413	0.08128	0.62059	0.02016	0.02600	0.02592	0.01927	0.02752	0.01597	0.02114	0.01338	0.00763	0.00843	0.00254	0.01017	0.00758	0.00419	0.01329
11	0.01216	0.00912	0.01368	0.01368	0.01520	0.01064	0.01064	0.01520	0.01368	0.01976	0.02279	0.03343	0.02127	0.06382	0.66720	0.01368	0.02279	0.00912	0.00456	0.00760
12	0.01327	0.01126	0.01524	0.01927	0.14204	0.01050	0.01228	0.01652	0.01966	0.02509	0.08841	0.07210	0.34586	0.01900	0.01014	0.00305	0.00632	0.15413	0.00721	0.00866
13	0.01707	0.04402	0.65683	0.02426	0.03683	0.01976	0.03144	0.02695	0.01797	0.02695	0.01527	0.01797	0.01078	0.00809	0.00809	0.00270	0.01258	0.00629	0.00359	0.01258
14	0.76103	0.01646	0.01251	0.01119	0.01646	0.01909	0.00922	0.02502	0.01448	0.03818	0.01185	0.01382	0.00922	0.00790	0.00527	0.00263	0.00658	0.00461	0.00527	0.00922
15	0.02285	0.01717	0.01895	0.01627	0.02105	0.01890	0.01284	0.15430	0.34408	0.08579	0.15511	0.03572	0.03431	0.01239	0.00890	0.00276	0.00675	0.01032	0.00892	0.01265
16	0.02837	0.17246	0.02981	0.02492	0.11748	0.44263	0.01749	0.03109	0.02203	0.02170	0.01331	0.01585	0.01133	0.00829	0.00734	0.00217	0.01330	0.00560	0.00421	0.01062
17	0.01238	0.00825	0.00928	0.00928	0.00928	0.00825	0.00516	0.01238	0.01238	0.01650	0.02681	0.05569	0.03094	0.70092	0.04331	0.00825	0.00825	0.01238	0.00516	0.00516
18	0.01037	0.00741	0.00987	0.01185	0.01234	0.00691	0.00790	0.01185	0.01629	0.02172	0.04690	0.69537	0.05629	0.02666	0.01086	0.00346	0.00494	0.02419	0.00790	0.00691
19	0.02029	0.17811	0.03270	0.03606	0.38297	0.04807	0.02025	0.02421	0.01884	0.02490	0.02212	0.07817	0.05827	0.01005	0.00801	0.00245	0.00928	0.00884	0.00463	0.01178
20	0.01791	0.14209	0.56613	0.02282	0.03461	0.02182	0.02894	0.02673	0.01787	0.02592	0.01476	0.01733	0.01080	0.00797	0.00770	0.00257	0.01206	0.00603	0.00360	0.01233
21	0.03235	0.02384	0.02554	0.01958	0.02639	0.02639	0.01618	0.61946	0.04001	0.05363	0.02043	0.02043	0.01447	0.01022	0.00851	0.00255	0.00936	0.00766	0.00851	0.01447
22	0.01707	0.04402	0.65683	0.02426	0.03683	0.01976	0.03144	0.02695	0.01797	0.02695	0.01527	0.01797	0.01078	0.00809	0.00809	0.00270	0.01258	0.00629	0.00359	0.01258
23	0.01823	0.01733	0.02943	0.40811	0.31406	0.01948	0.02471	0.02364	0.01804	0.02437	0.01551	0.02198	0.01227	0.00811	0.00847	0.00270	0.01081	0.00757	0.00397	0.01120
24	0.01607	0.01513	0.02552	0.68047	0.05861	0.01891	0.02363	0.02174	0.01702	0.02174	0.01513	0.02269	0.01134	0.00851	0.00851	0.00284	0.01134	0.00756	0.00378	0.00945
25	0.03818	0.01448	0.01975	0.01514	0.02172	0.01251	0.01251	0.04147	0.02436	0.65373	0.03357	0.02897	0.02107	0.01053	0.00856	0.00263	0.00724	0.00856	0.01053	0.01448
26	0.02009	0.02296	0.05022	0.03587	0.04448	0.02152	0.61693	0.02726	0.02009	0.02726	0.01722	0.02296	0.01291	0.00717	0.01004	0.00287	0.01435	0.01004	0.00430	0.01148
27	0.02275	0.70604	0.04459	0.01456	0.02184	0.03367	0.01456	0.02548	0.01729	0.02002	0.01183	0.01365	0.01092	0.00728	0.00546	0.00182	0.00910	0.00455	0.00364	0.01092
28	0.01164	0.00868	0.01082	0.01028	0.01247	0.00786	0.00771	0.01528	0.02314	0.03187	0.53040	0.06728	0.19466	0.01824	0.01004	0.00272	0.00407	0.01591	0.00907	0.00786
29	0.01707	0.04402	0.65683	0.02426	0.03683	0.01976	0.03144	0.02695	0.01797	0.02695	0.01527	0.01797	0.01078	0.00809	0.00809	0.00270	0.01258	0.00629	0.00359	0.01258
30	0.02275	0.70604	0.04459	0.01456	0.02184	0.03367	0.01456	0.02548	0.01729	0.02002	0.01183	0.01365	0.01092	0.00728	0.00546	0.00182	0.00910	0.00455	0.00364	0.01092
31	0.01267	0.00946	0.01227	0.01367	0.01589	0.00905	0.01165	0.01609	0.01954	0.02476	0.05676	0.09199	0.21826	0.02295	0.01127	0.00362	0.00683	0.42776	0.00786	0.00765
32	0.76103	0.01646	0.01251	0.01119	0.01646	0.01909	0.00922	0.02502	0.01448	0.03818	0.01185	0.01382	0.00922	0.00790	0.00527	0.00263	0.00658	0.00461	0.00527	0.00922
33	0.01216	0.00912	0.01368	0.01368	0.01520	0.01064	0.01064	0.01520	0.01368	0.01976	0.02279	0.03343	0.02127	0.06382	0.66720	0.01368	0.02279	0.00912	0.00456	0.00760
34	0.02117	0.01828	0.01924	0.01732	0.02213	0.02117	0.01347	0.04522	0.63246	0.03560	0.03464	0.03175	0.02598	0.01155	0.00866	0.00289	0.00673	0.00962	0.00866	0.01347
35	0.01006	0.00862	0.00862	0.00862	0.01149	0.00718	0.00647	0.01221	0.01940	0.02299	0.08621	0.08190	0.64438	0.02155	0.01006	0.00287	0.00431	0.01796	0.00790	0.00718
36	0.01371	0.00980	0.01371	0.01567	0.01763	0.00980	0.01371	0.01763	0.01959	0.02547	0.04506	0.09599	0.04898	0.02351	0.01175	0.00392	0.00784	0.59056	0.00784	0.00784
37	0.03229	0.02574	0.02538	0.01985	0.02638	0.09933	0.01621	0.55277	0.03820	0.04990	0.01960	0.01985	0.01407	0.01005	0.00842	0.00251	0.01005	0.00741	0.00804	0.01395
38	0.01707	0.04402	0.65683	0.02426	0.03683	0.01976	0.03144	0.02695	0.01797	0.02695	0.01527	0.01797	0.01078	0.00809	0.00809	0.00270	0.01258	0.00629	0.00359	0.01258
39	0.01037	0.00741	0.00987	0.01185	0.01234	0.00691	0.00790	0.01185	0.01629	0.02172	0.04690	0.69537	0.05629	0.02666	0.01086	0.00346	0.00494	0.02419	0.00790	0.00691
40	0.02489	0.02610	0.02095	0.01893	0.02360	0.24769	0.01451	0.04128	0.41901	0.03042	0.02710	0.02599	0.02071	0.01057	0.00831	0.00264	0.00976	0.00817	0.00716	0.01221
41	0.03354	0.02193	0.02436	0.01868	0.02544	0.02356	0.01543	0.50179	0.03682	0.17581	0.02311	0.02217	0.01581	0.01028	0.00852	0.00257	0.00893	0.00784	0.00892	0.01447
42	0.02009	0.02296	0.05022	0.03587	0.04448	0.02152	0.61693	0.02726	0.02009	0.02726	0.01722	0.02296	0.01291	0.00717	0.01004	0.00287	0.01435	0.01004	0.00430	0.01148
43	0.01607	0.01513	0.02552	0.68047	0.05861	0.01891	0.02363	0.02174	0.01702	0.02174	0.01513	0.02269	0.01134	0.00851	0.00851	0.00284	0.01134	0.00756	0.00378	0.00945
44	0.03068	0.02370	0.02399	0.01912	0.02537	0.07693	0.01552	0.43846	0.14149	0.08182	0.02307	0.02248	0.01657	0.01035	0.00847	0.00259	0.00927	0.00788	0.00832	0.01392
45	0.03376	0.01613	0.02010	0.01601	0.02220	0.01565	0.01303	0.08949	0.16650	0.46159	0.03275	0.02891	0.02167	0.01074	0.00858	0.00269	0.00730	0.00873	0.00993	0.01425
46	0.01015	0.00824	0.00901	0.00962	0.01176	0.00710	0.00691	0.01210	0.01843	0.02260	0.07402	0.27209	0.46206	0.02314	0.01031	0.00305	0.00450	0.01989	0.00790	0.00710
47	0.01037	0.00741	0.00987	0.01185	0.01234	0.00691	0.00790	0.01185	0.01629	0.02172	0.04690	0.69537	0.05629	0.02666	0.01086	0.00346	0.00494	0.02419	0.00790	0.00691
48	0.01723	0.01631	0.02761	0.53494	0.19510	0.01921	0.02421	0.02276	0.01756	0.02315	0.01533	0.02231	0.01184	0.00829	0.00849	0.00276	0.01106	0.00757	0.00388	0.01039
49	0.02117	0.01828	0.01924	0.01732	0.02213	0.02117	0.01347	0.04522	0.63246	0.03560	0.03464	0.03175	0.02598	0.01155	0.00866	0.00289	0.00673	0.00962	0.00866	0.01347
50	0.02106	0.02022	0.03454	0.05223	0.64784	0.02022	0.02612	0.02612	0.01938	0.02780	0.01601	0.02106	0.01348	0.00758	0.00842	0.00253	0.01011	0.00758	0.00421	0.01348
51	0.01552	0.01441	0.02103	0.17161	0.02771	0.01859	0.01653	0.01815	0.01495	0.02115	0.02293	0.22499	0.02491	0.01699	0.01825	0.00344	0.32268	0.01256	0.00500	0.00862
52	0.01496	0.01324	0.01906	0.01744	0.01830	0.01734	0.01410	0.01749	0.01340	0.02007	0.01775	0.02700	0.01689	0.04257	0.38951	0.00935	0.31060	0.00839	0.00420	0.00834
53	0.01995	0.01586	0.01745	0.01567	0.01993	0.01767	0.01216	0.03827	0.45954	0.06778	0.17559	0.03897	0.03830	0.01285	0.00897	0.00282	0.00613	0.01090	0.00892	0.01226
54	0.09654	0.63712	0.04139	0.01422	0.02130	0.03222	0.01403	0.02544	0.01701	0.02184	0.01183	0.01367	0.01075	0.00734	0.00544	0.00190	0.00885	0.00456	0.00380	0.01075
55	0.01707	0.08855	0.56033	0.02246	0.03379	0.01980	0.02832	0.02596	0.01842	0.02704	0.06626	0.02138	0.01646	0.00879	0.00806	0.00263	0.01163	0.00691	0.00407	0.01209
56	0.02203	0.02010	0.01964	0.01769	0.02247	0.07383	0.01371	0.04430	0.58283	0.03439	0.03288	0.03041	0.02475	0.01132	0.00858	0.00283	0.00744	0.00928	0.00831	0.01318
57	0.01579	0.01449	0.02411	0.60086	0.05370	0.01782	0.02245	0.02125	0.01732	0.02219	0.01871	0.03147	0.01585	0.01030	0.00890	0.00297	0.01092	0.07738	0.00427	0.00926
58	0.01977	0.02359	0.07947	0.03377	0.04163	0.02193	0.52019	0.02650	0.01920	0.02650	0.01645	0.02222	0.01261	0.00807	0.01191	0.00295	0.08821	0.00956	0.00420	0.01130
59	0.01707	0.04402	0.65683	0.02426	0.03683	0.01976	0.03144	0.02695	0.01797	0.02695	0.01527	0.01797	0.01078	0.00809	0.00809	0.00270	0.01258	0.00629	0.00359	0.01258
60	0.02009	0.02296	0.05022	0.03587	0.04448	0.02152	0.61693	0.02726	0.02009	0.02726	0.01722	0.02296	0.01291	0.00717	0.01004	0.00287	0.01435	0.01004	0.00430	0.01148
61	0.03187	0.03809	0.02433	0.02158	0.02632	0.57206	0.01640	0.12056	0.02647	0.02568	0.01423	0.01610	0.01148	0.00898	0.00780	0.00225	0.01446	0.00580	0.00500	0.01055
62	0.01607	0.01513	0.02552	0.68047	0.05861	0.01891	0.02363	0.02174	0.01702	0.02174	0.01513	0.02269	0.01134	0.00851	0.00851	0.00284	0.01134	0.00756	0.00378	0.00945
63	0.01281	0.00898	0.01097	0.01030	0.01281	0.00801	0.00778	0.01621	0.02266	0.06330	0.43996	0.06738	0.25062	0.01831	0.00997	0.00273	0.00428	0.01582	0.00898	0.00811
64	0.02106	0.02022	0.03454	0.05223	0.64784	0.02022	0.02612	0.02612	0.01938	0.02780	0.01601	0.02106	0.01348	0.00758	0.00842	0.00253	0.01011	0.00758	0.00421	0.01348
65	0.06942	0.01522	0.02459	0.63254	0.05559	0.01892	0.02260	0.02198	0.01684	0.02292	0.01489	0.02205	0.01119	0.00846	0.00828	0.00282	0.01100	0.00735	0.00389	0.00944
66	0.01262	0.00945	0.01219	0.01357	0.01580	0.00902	0.01155	0.01602	0.01953	0.02473	0.05733	0.09179	0.22653	0.02293	0.01125	0.00361	0.00678	0.41980	0.00786	0.00764
67	0.01088	0.00788	0.01040	0.01223	0.01313	0.00739	0.00873	0.01280	0.01704	0.02241	0.04942	0.55552	0.09723	0.02579	0.01095	0.00349	0.00536	0.11439	0.00789	0.00708
68	0.01099	0.00807	0.01046	0.01214	0.01328	0.00753	0.00886	0.01307	0.01742	0.02266	0.05236	0.48404	0.14194	0.02527	0.01092	0.00346	0.00543	0.13709	0.00789	0.00714
69	0.08449	0.02467	0.02449	0.01917	0.02567	0.07811	0.01570	0.52913	0.03689	0.04985	0.01922	0.01954	0.01381	0.00993	0.00821	0.00253	0.00965	0.00727	0.00794	0.01372
70	0.01006	0.00862	0.00862	0.00862	0.01149	0.00718	0.00647	0.01221	0.01940	0.02299	0.08621	0.08190	0.64438	0.02155	0.01006	0.00287	0.00431	0.01796	0.00790	0.00718
71	0.01216	0.00912	0.01368	0.01368	0.01520	0.01064	0.01064	0.01520	0.01368	0.01976	0.02279	0.03343	0.02127	0.06382	0.66720	0.01368	0.02279	0.00912	0.00456	0.00760
72	0.02075	0.02228	0.03315	0.03011	0.12096	0.09230	0.16912	0.02445	0.01692	0.02330	0.01361	0.01972	0.01193	0.01123	0.01841	0.00317	0.34616	0.00791	0.00401	0.01053
73	0.03179	0.04056	0.02412	0.02192	0.02631	0.66676	0.01644	0.03398	0.02412	0.02083	0.01315	0.01535	0.01096	0.00877	0.00767	0.00219	0.01535	0.00548	0.00438	0.00987
74	0.02032	0.01947	0.03321	0.14530	0.56055	0.02003	0.02575	0.02547	0.01903	0.02690	0.01588	0.02130	0.01316	0.00772	0.00844	0.00257	0.01029	0.00758	0.00415	0.01288
75	0.01079	0.00807	0.01003	0.01077	0.01226	0.00730	0.00761	0.01317	0.01931	0.02567	0.23155	0.36731	0.19958	0.02275	0.01043	0.00309	0.00452	0.02016	0.00833	0.00730
76	0.01055	0.00795	0.00977	0.01078	0.01217	0.00717	0.00753	0.01263	0.01840	0.02407	0.15393	0.42593	0.22067	0.02377	0.01051	0.00317	0.00462	0.02107	0.00814	0.00717
77	0.01229	0.00858	0.01095	0.01095	0.01153	0.00916	0.00724	0.01345	0.01287	0.01774	0.02529	0.04724	0.02727	0.45896	0.28026	0.01031	0.01377	0.01114	0.00493	0.00608
78	0.02106	0.02022	0.03454	0.05223	0.64784	0.02022	0.02612	0.02612	0.01938	0.02780	0.01601	0.02106	0.01348	0.00758	0.00842	0.00253	0.01011	0.00758	0.00421	0.01348
79	0.19419	0.01029	0.01047	0.01016	0.01266	0.01127	0.00776	0.01940	0.01562	0.02927	0.02270	0.02977	0.01940	0.07829	0.16201	0.00536	0.00931	0.00777	0.33638	0.00794
80	0.01046	0.00747	0.00995	0.01179	0.01236	0.00697	0.00791	0.01207	0.01670	0.02238	0.07828	0.66213	0.05755	0.02617	0.01082	0.00342	0.00489	0.02373	0.00798	0.00697
81	0.01037	0.00741	0.00987	0.01185	0.01234	0.00691	0.00790	0.01185	0.01629	0.02172	0.04690	0.69537	0.05629	0.02666	0.01086	0.00346	0.00494	0.02419	0.00790	0.00691
82	0.01020	0.00863	0.00882	0.00877	0.01158	0.00724	0.00658	0.01249	0.01973	0.02379	0.12611	0.08059	0.60399	0.02125	0.01006	0.00286	0.00429	0.01778	0.00801	0.00724
83	0.01061	0.00770	0.01003	0.01144	0.01234	0.00711	0.00782	0.01255	0.01776	0.02380	0.14517	0.55033	0.10224	0.02481	0.01067	0.00329	0.00474	0.02234	0.00813	0.00711
84	0.01096	0.00941	0.00949	0.00933	0.01236	0.00832	0.00704	0.01491	0.06941	0.02402	0.08200	0.07781	0.59394	0.02074	0.00994	0.00287	0.00451	0.01728	0.00796	0.00770
85	0.01006	0.00862	0.00862	0.00862	0.01149	0.00718	0.00647	0.01221	0.01940	0.02299	0.08621	0.08190	0.64438	0.02155	0.01006	0.00287	0.00431	0.01796	0.00790	0.00718
86	0.01031	0.00863	0.00897	0.00888	0.01165	0.00729	0.00666	0.01269	0.01998	0.02438	0.15593	0.07961	0.57380	0.02103	0.01006	0.00285	0.00427	0.01764	0.00809	0.00729
87	0.01037	0.00741	0.00987	0.01185	0.01234	0.00691	0.00790	0.01185	0.01629	0.02172	0.04690	0.69537	0.05629	0.02666	0.01086	0.00346	0.00494	0.02419	0.00790	0.00691
88	0.01037	0.00741	0.00987	0.01185	0.01234	0.00691	0.00790	0.01185	0.01629	0.02172	0.04690	0.69537	0.05629	0.02666	0.01086	0.00346	0.00494	0.02419	0.00790	0.00691
89	0.02439	0.01143	0.01533	0.01280	0.01697	0.01015	0.01015	0.02807	0.02422	0.32685	0.35527	0.04722	0.05231	0.01415	0.00934	0.00266	0.00554	0.01216	0.00992	0.01108
90	0.01006	0.00862	0.00862	0.00862	0.01149	0.00718	0.00647	0.01221	0.01940	0.02299	0.08621	0.08190	0.64438	0.02155	0.01006	0.00287	0.00431	0.01796	0.00790	0.00718
91	0.03818	0.01448	0.01975	0.01514	0.02172	0.01251	0.01251	0.04147	0.02436	0.65373	0.03357	0.02897	0.02107	0.01053	0.00856	0.00263	0.00724	0.00856	0.01053	0.01448
92	0.03179	0.04056	0.02412	0.02192	0.02631	0.66676	0.01644	0.03398	0.02412	0.02083	0.01315	0.01535	0.01096	0.00877	0.00767	0.00219	0.01535	0.00548	0.00438	0.00987
93	0.01052	0.00864	0.00926	0.00910	0.01178	0.00738	0.00683	0.01310	0.02048	0.02557	0.21527	0.07765	0.51371	0.02059	0.01005	0.00283	0.00424	0.01737	0.00824	0.00738
94	0.76103	0.01646	0.01251	0.01119	0.01646	0.01909	0.00922	0.02502	0.01448	0.03818	0.01185	0.01382	0.00922	0.00790	0.00527	0.00263	0.00658	0.00461	0.00527	0.00922
95	0.01195	0.00870	0.01125	0.01061	0.01266	0.00799	0.00796	0.01588	0.02387	0.03360	0.61697	0.06444	0.10700	0.01759	0.01004	0.00269	0.00403	0.01551	0.00930	0.00799
96	0.01010	0.00847	0.00878	0.00903	0.01160	0.00715	0.00665	0.01217	0.01901	0.02283	0.08129	0.15867	0.57079	0.02219	0.01016	0.00295	0.00439	0.01874	0.00790	0.00715
97	0.01006	0.00862	0.00862	0.00862	0.01149	0.00718	0.00647	0.01221	0.01940	0.02299	0.08621	0.08190	0.64438	0.02155	0.01006	0.00287	0.00431	0.01796	0.00790	0.00718
98	0.01216	0.00912	0.01368	0.01368	0.01520	0.01064	0.01064	0.01520	0.01368	0.01976	0.02279	0.03343	0.02127	0.06382	0.66720	0.01368	0.02279	0.00912	0.00456	0.00760
99	0.02106	0.02022	0.03454	0.05223	0.64784	0.02022	0.02612	0.02612	0.01938	0.02780	0.01601	0.02106	0.01348	0.00758	0.00842	0.00253	0.01011	0.00758	0.00421	0.01348
100	0.01019	0.00863	0.00880	0.00876	0.01158	0.00724	0.00657	0.01247	0.01971	0.02373	0.12329	0.08068	0.60684	0.02128	0.01006	0.00286	0.00429	0.01779	0.00800	0.00724
101	0.01939	0.01895	0.03014	0.32373	0.36315	0.04954	0.02459	0.02458	0.01857	0.02485	0.01549	0.02150	0.01244	0.00804	0.00843	0.00265	0.01089	0.00748	0.00403	0.01156

[dist]
# distance from previous block
# <min> <max>
0	17

# created by:
# /home/cegg/simao/soft/augustus-3.2.1/scripts/msa2prfl.pl ./align_prep/12791.fa
