[name]
unknown

[dist]
# distance from previous block
# <min> <max>
0	4

[block]
# block no. 0 follows, 22 sequences, length 39
# corresponding to MSA columns:
# 4-42
name=unknown_A
#
# <colnr> <probs for GDERKNQSTAVLIFYWHMCP>
#	G	D	E	R	K	N	Q	S	T	A	V	L	I	F	Y	W	H	M	C	P
0	0.01880	0.01594	0.02312	0.14868	0.13151	0.01696	0.05823	0.13924	0.04897	0.03013	0.03202	0.04481	0.10190	0.01333	0.00928	0.00291	0.00889	0.13852	0.00627	0.01050
1	0.02025	0.02145	0.02940	0.22561	0.11325	0.12995	0.15176	0.02810	0.11521	0.02510	0.02071	0.02448	0.03948	0.00892	0.00857	0.00264	0.01126	0.00829	0.00485	0.01072
2	0.01672	0.01510	0.02222	0.38058	0.07499	0.01798	0.01873	0.02605	0.16331	0.02621	0.10086	0.02908	0.02316	0.01033	0.00933	0.00278	0.03804	0.00883	0.00552	0.01018
3	0.01853	0.03160	0.35150	0.03600	0.29551	0.01962	0.07681	0.02599	0.01828	0.02668	0.01536	0.01920	0.01179	0.00762	0.00819	0.00258	0.01141	0.00696	0.00382	0.01256
4	0.01012	0.00723	0.00964	0.01157	0.01205	0.00675	0.00771	0.01157	0.01591	0.02121	0.04579	0.70262	0.05495	0.02603	0.01060	0.00337	0.00482	0.02362	0.00771	0.00675
5	0.01507	0.01320	0.01860	0.01694	0.01770	0.01727	0.01368	0.01747	0.01345	0.02053	0.01827	0.05785	0.01771	0.03396	0.28543	0.00741	0.34245	0.00875	0.05607	0.00821
6	0.00982	0.00842	0.00842	0.00842	0.01122	0.00701	0.00631	0.01192	0.01894	0.02244	0.08416	0.07995	0.65285	0.02104	0.00982	0.00281	0.00421	0.01753	0.00771	0.00701
7	0.02137	0.01713	0.10390	0.01837	0.02370	0.01325	0.11684	0.05400	0.02011	0.20772	0.03196	0.27380	0.03028	0.01520	0.00937	0.00291	0.00818	0.01389	0.00734	0.01068
8	0.11881	0.54296	0.03712	0.01465	0.02117	0.10789	0.01376	0.02581	0.01733	0.02191	0.01171	0.01355	0.01045	0.00736	0.00556	0.00192	0.00930	0.00456	0.00384	0.01032
9	0.01823	0.03874	0.50091	0.02572	0.03670	0.06496	0.14539	0.02684	0.01836	0.02595	0.01513	0.01831	0.01094	0.00777	0.00824	0.00263	0.01280	0.00680	0.00370	0.01189
10	0.01972	0.02015	0.07689	0.02322	0.10071	0.01978	0.08430	0.03694	0.41229	0.03216	0.06162	0.02936	0.02412	0.01036	0.00860	0.00275	0.00813	0.00924	0.00709	0.01257
11	0.01116	0.00803	0.01057	0.01086	0.01228	0.00744	0.00779	0.01416	0.02071	0.02886	0.42869	0.29792	0.06975	0.02031	0.01009	0.00289	0.00425	0.01819	0.00862	0.00744
12	0.02290	0.39226	0.03307	0.06081	0.02379	0.06291	0.01443	0.15131	0.02277	0.02839	0.09578	0.02167	0.02011	0.00914	0.00685	0.00212	0.00879	0.00669	0.00532	0.01088
13	0.01245	0.00960	0.01150	0.01083	0.01328	0.00921	0.00818	0.01836	0.09658	0.03137	0.46751	0.06181	0.18369	0.01709	0.00964	0.00267	0.00429	0.01484	0.00878	0.00831
14	0.02066	0.01785	0.01878	0.01691	0.02160	0.02066	0.01315	0.04414	0.64121	0.03475	0.03381	0.03099	0.02536	0.01127	0.00845	0.00282	0.00657	0.00939	0.00845	0.01315
15	0.01009	0.00735	0.00952	0.01125	0.01197	0.00677	0.00757	0.01160	0.01621	0.02133	0.04961	0.64058	0.11452	0.02553	0.01053	0.00332	0.00476	0.02301	0.00771	0.00677
16	0.01918	0.01621	0.06968	0.01321	0.01765	0.07329	0.01126	0.05546	0.02173	0.14891	0.12876	0.08654	0.27340	0.01579	0.00911	0.00267	0.00674	0.01308	0.00774	0.00957
17	0.01059	0.00759	0.01006	0.01125	0.01215	0.00706	0.00775	0.01274	0.01808	0.02467	0.21929	0.51924	0.06166	0.02344	0.01037	0.00316	0.00456	0.02116	0.00812	0.00706
18	0.01208	0.00805	0.00906	0.00906	0.00906	0.00805	0.00503	0.01208	0.01208	0.01611	0.02618	0.05436	0.03020	0.70804	0.04228	0.00805	0.00805	0.01208	0.00503	0.00503
19	0.02056	0.01974	0.03372	0.05099	0.65622	0.01974	0.02550	0.02550	0.01892	0.02714	0.01563	0.02056	0.01316	0.00740	0.00822	0.00247	0.00987	0.00740	0.00411	0.01316
20	0.03103	0.03959	0.02354	0.02140	0.02568	0.67469	0.01605	0.03317	0.02354	0.02033	0.01284	0.01498	0.01070	0.00856	0.00749	0.00214	0.01498	0.00535	0.00428	0.00963
21	0.01176	0.00849	0.01110	0.01045	0.01241	0.00784	0.00784	0.01568	0.02352	0.03331	0.65184	0.06206	0.07839	0.01698	0.00980	0.00261	0.00392	0.01502	0.00914	0.00784
22	0.01851	0.01415	0.01599	0.01439	0.01819	0.01537	0.01113	0.03341	0.37195	0.07670	0.26130	0.04225	0.04456	0.01331	0.00894	0.00273	0.00563	0.01140	0.00883	0.01126
23	0.03103	0.03959	0.02354	0.02140	0.02568	0.67469	0.01605	0.03317	0.02354	0.02033	0.01284	0.01498	0.01070	0.00856	0.00749	0.00214	0.01498	0.00535	0.00428	0.00963
24	0.12882	0.01770	0.02043	0.01586	0.02220	0.01796	0.01310	0.25209	0.02809	0.36029	0.02539	0.02335	0.01674	0.00984	0.00793	0.00254	0.00774	0.00754	0.00891	0.01347
25	0.02030	0.02131	0.07648	0.04914	0.61421	0.01971	0.02585	0.02555	0.01882	0.02708	0.01558	0.02036	0.01298	0.00744	0.00820	0.00248	0.01003	0.00732	0.00407	0.01310
26	0.02059	0.27641	0.14096	0.02156	0.06101	0.06976	0.09662	0.02773	0.09770	0.02401	0.01648	0.01914	0.01343	0.01095	0.04174	0.00290	0.03683	0.00661	0.00439	0.01116
27	0.01055	0.00773	0.00990	0.01086	0.01205	0.00709	0.00758	0.01278	0.01844	0.02480	0.22265	0.44393	0.13531	0.02284	0.01028	0.00309	0.00449	0.02043	0.00812	0.00709
28	0.01012	0.00723	0.00964	0.01157	0.01205	0.00675	0.00771	0.01157	0.01591	0.02121	0.04579	0.70262	0.05495	0.02603	0.01060	0.00337	0.00482	0.02362	0.00771	0.00675
29	0.01914	0.07731	0.37080	0.10585	0.06297	0.06281	0.05044	0.05639	0.06695	0.02682	0.01635	0.01916	0.01213	0.00824	0.00791	0.00257	0.01146	0.00666	0.00425	0.01178
30	0.02045	0.01370	0.01530	0.01289	0.01723	0.01356	0.01025	0.18629	0.05130	0.12519	0.13750	0.05155	0.27987	0.01549	0.00914	0.00266	0.00603	0.01277	0.00848	0.01036
31	0.01300	0.01005	0.01405	0.01381	0.01570	0.01170	0.01074	0.01860	0.09393	0.02127	0.02374	0.03243	0.02136	0.05576	0.58956	0.01200	0.02024	0.00896	0.00496	0.00815
32	0.02788	0.12187	0.02580	0.02102	0.05070	0.46517	0.01576	0.03347	0.11688	0.02272	0.01600	0.01745	0.01304	0.00874	0.00739	0.00221	0.01270	0.00594	0.00482	0.01045
33	0.01876	0.03049	0.32587	0.03835	0.36917	0.01953	0.02790	0.02587	0.01828	0.02676	0.01529	0.01916	0.01194	0.00763	0.00807	0.00254	0.01098	0.00682	0.00383	0.01275
34	0.02189	0.02103	0.03003	0.12008	0.30088	0.07978	0.07327	0.11784	0.02165	0.02886	0.01699	0.04917	0.01439	0.00927	0.00974	0.00263	0.05775	0.00811	0.00485	0.01176
35	0.02054	0.01830	0.01758	0.01607	0.02017	0.10093	0.01283	0.13066	0.23109	0.03181	0.03951	0.04777	0.13503	0.01467	0.00913	0.00287	0.00788	0.12481	0.00761	0.01073
36	0.02140	0.07979	0.02392	0.01762	0.02265	0.14403	0.09611	0.09572	0.02200	0.05436	0.08374	0.08382	0.06641	0.04491	0.00989	0.00262	0.00922	0.00976	0.00603	0.10601
37	0.07348	0.35828	0.08210	0.01489	0.02131	0.02356	0.01428	0.02752	0.05132	0.13734	0.01821	0.01979	0.01441	0.01509	0.09219	0.00358	0.01026	0.00613	0.00524	0.01102
38	0.22836	0.10830	0.01887	0.01381	0.01790	0.14540	0.01109	0.05304	0.01869	0.02734	0.06112	0.03110	0.12404	0.05949	0.01060	0.00286	0.04529	0.00827	0.00550	0.00892

[dist]
# distance from previous block
# <min> <max>
0	3

[block]
# block no. 1 follows, 22 sequences, length 14
# corresponding to MSA columns:
# 46-59
name=unknown_B
#
# <colnr> <probs for GDERKNQSTAVLIFYWHMCP>
#	G	D	E	R	K	N	Q	S	T	A	V	L	I	F	Y	W	H	M	C	P
0	0.01985	0.24431	0.02441	0.01324	0.01873	0.09977	0.01127	0.02400	0.05220	0.02446	0.02222	0.02381	0.06619	0.00884	0.00642	0.00185	0.00762	0.00656	0.12753	0.19672
1	0.13283	0.28416	0.03144	0.01745	0.02304	0.05974	0.09583	0.06750	0.01806	0.02556	0.01467	0.01851	0.01259	0.01682	0.11685	0.00408	0.04008	0.00629	0.00441	0.01008
2	0.01358	0.01167	0.01821	0.01614	0.01949	0.01110	0.11851	0.01851	0.05160	0.02681	0.17891	0.09312	0.18078	0.01796	0.01026	0.00309	0.00704	0.18738	0.00742	0.00842
3	0.02410	0.02713	0.02427	0.32418	0.04002	0.32935	0.01922	0.07099	0.02152	0.02306	0.01423	0.01860	0.01112	0.00855	0.00792	0.00245	0.01278	0.00643	0.00431	0.00977
4	0.01849	0.13089	0.02850	0.19067	0.14222	0.02175	0.01879	0.02221	0.01614	0.02255	0.01339	0.01865	0.01152	0.00925	0.01241	0.00255	0.18704	0.00651	0.00391	0.12256
5	0.01208	0.00805	0.00906	0.00906	0.00906	0.00805	0.00503	0.01208	0.01208	0.01611	0.02618	0.05436	0.03020	0.70804	0.04228	0.00805	0.00805	0.01208	0.00503	0.00503
6	0.01208	0.00805	0.00906	0.00906	0.00906	0.00805	0.00503	0.01208	0.01208	0.01611	0.02618	0.05436	0.03020	0.70804	0.04228	0.00805	0.00805	0.01208	0.00503	0.00503
7	0.01028	0.00730	0.00959	0.01136	0.01180	0.00685	0.00749	0.01161	0.01559	0.02079	0.04418	0.64956	0.05292	0.08185	0.01320	0.00376	0.00508	0.02267	0.00749	0.00661
8	0.01005	0.00750	0.00936	0.01084	0.01186	0.00681	0.00739	0.01165	0.01661	0.02149	0.05466	0.55866	0.19318	0.02487	0.01042	0.00324	0.00468	0.02221	0.00771	0.00681
9	0.01061	0.00758	0.01020	0.01213	0.01282	0.00717	0.00856	0.01241	0.01639	0.02176	0.04552	0.61129	0.05387	0.02556	0.01073	0.00344	0.00524	0.11012	0.00770	0.00688
10	0.02299	0.65363	0.04177	0.01485	0.02171	0.08950	0.01438	0.02561	0.01747	0.01961	0.01166	0.01347	0.01066	0.00724	0.00552	0.00181	0.00942	0.00452	0.00362	0.01057
11	0.21722	0.02065	0.02083	0.01646	0.02249	0.02304	0.01356	0.44437	0.03164	0.04744	0.01818	0.01887	0.01319	0.00938	0.00738	0.00248	0.00819	0.00674	0.04538	0.01250
12	0.02056	0.02692	0.12333	0.11906	0.04138	0.12750	0.36611	0.02692	0.01957	0.02482	0.01563	0.02051	0.01181	0.00755	0.00897	0.00267	0.01354	0.00826	0.00405	0.01082
13	0.01033	0.00738	0.00988	0.01181	0.01238	0.00693	0.00808	0.01193	0.01611	0.02144	0.04567	0.66307	0.05448	0.02583	0.01066	0.00340	0.00500	0.06108	0.00771	0.00681

[dist]
# distance from previous block
# <min> <max>
0	4

[block]
# block no. 2 follows, 22 sequences, length 98
# corresponding to MSA columns:
# 64-161
name=unknown_C
#
# <colnr> <probs for GDERKNQSTAVLIFYWHMCP>
#	G	D	E	R	K	N	Q	S	T	A	V	L	I	F	Y	W	H	M	C	P
0	0.15531	0.09029	0.02335	0.01889	0.02369	0.47191	0.01469	0.06613	0.02231	0.02503	0.01294	0.01488	0.01061	0.00838	0.00696	0.00220	0.01268	0.00526	0.00460	0.00987
1	0.01818	0.01818	0.02545	0.02181	0.02181	0.02545	0.01818	0.01999	0.01272	0.01999	0.01091	0.01818	0.01091	0.01454	0.02726	0.00364	0.69284	0.00727	0.00364	0.00909
2	0.00982	0.00842	0.00842	0.00842	0.01122	0.00701	0.00631	0.01192	0.01894	0.02244	0.08416	0.07995	0.65285	0.02104	0.00982	0.00281	0.00421	0.01753	0.00771	0.00701
3	0.01023	0.00731	0.00974	0.01149	0.01207	0.00682	0.00772	0.01184	0.01641	0.02200	0.08565	0.66049	0.05649	0.02543	0.01055	0.00332	0.00476	0.02305	0.00781	0.00682
4	0.01818	0.01818	0.02545	0.02181	0.02181	0.02545	0.01818	0.01999	0.01272	0.01999	0.01091	0.01818	0.01091	0.01454	0.02726	0.00364	0.69284	0.00727	0.00364	0.00909
5	0.03158	0.02327	0.02493	0.01911	0.02576	0.02576	0.01579	0.62852	0.03906	0.05236	0.01995	0.01995	0.01413	0.00997	0.00831	0.00249	0.00914	0.00748	0.00831	0.01413
6	0.00990	0.00811	0.00873	0.00922	0.01143	0.00695	0.00667	0.01183	0.01817	0.02213	0.07441	0.23808	0.50101	0.02231	0.01002	0.00295	0.00436	0.01908	0.00771	0.00695
7	0.01187	0.00890	0.01335	0.01335	0.01483	0.01038	0.01038	0.01483	0.01335	0.01928	0.02225	0.03264	0.02077	0.06231	0.67512	0.01335	0.02225	0.00890	0.00445	0.00742
8	0.01569	0.01477	0.02492	0.68808	0.05722	0.01846	0.02307	0.02123	0.01661	0.02123	0.01477	0.02215	0.01107	0.00831	0.00831	0.00277	0.01107	0.00738	0.00369	0.00923
9	0.35763	0.01498	0.01617	0.01309	0.01895	0.01503	0.01080	0.03343	0.01954	0.38763	0.02346	0.02178	0.01548	0.00915	0.00694	0.00257	0.00679	0.00666	0.00802	0.01188
10	0.01283	0.01063	0.01506	0.01436	0.01572	0.01286	0.01137	0.01546	0.01393	0.01982	0.02786	0.03581	0.09847	0.04790	0.46649	0.01015	0.14920	0.00967	0.00470	0.00769
11	0.01680	0.01616	0.02281	0.01997	0.02029	0.02217	0.01648	0.01887	0.01286	0.01984	0.01337	0.02132	0.01305	0.02493	0.16818	0.00575	0.54698	0.00762	0.00381	0.00872
12	0.03103	0.03959	0.02354	0.02140	0.02568	0.67469	0.01605	0.03317	0.02354	0.02033	0.01284	0.01498	0.01070	0.00856	0.00749	0.00214	0.01498	0.00535	0.00428	0.00963
13	0.01296	0.00828	0.00972	0.00964	0.01012	0.00810	0.00581	0.01355	0.01387	0.04562	0.08046	0.10969	0.03595	0.56170	0.03539	0.00696	0.00739	0.01316	0.00583	0.00581
14	0.01544	0.01448	0.02523	0.02908	0.23509	0.01390	0.13273	0.01919	0.01791	0.02436	0.03355	0.28468	0.08746	0.01563	0.00958	0.00291	0.00824	0.01493	0.00582	0.00979
15	0.02277	0.01889	0.01997	0.01733	0.02240	0.02165	0.01366	0.15675	0.52518	0.03814	0.03114	0.02887	0.02319	0.01102	0.00843	0.00276	0.00707	0.00902	0.00843	0.01334
16	0.02030	0.02127	0.07524	0.04919	0.61543	0.01971	0.02584	0.02555	0.01883	0.02709	0.01558	0.02036	0.01299	0.00743	0.00820	0.00248	0.01003	0.00732	0.00407	0.01310
17	0.02002	0.01919	0.03274	0.12157	0.58986	0.01960	0.02523	0.02502	0.01866	0.02649	0.01553	0.02074	0.01293	0.00750	0.00823	0.00250	0.01000	0.00740	0.00407	0.01272
18	0.01754	0.01666	0.02826	0.44595	0.28487	0.01894	0.02399	0.02285	0.01749	0.02347	0.01509	0.02155	0.01187	0.00796	0.00827	0.00265	0.01062	0.00739	0.00385	0.01072
19	0.01031	0.00844	0.00910	0.00893	0.01152	0.00722	0.00670	0.01288	0.02010	0.02520	0.22832	0.07541	0.50696	0.02001	0.00981	0.00276	0.00413	0.01690	0.00808	0.00722
20	0.02066	0.01785	0.01878	0.01691	0.02160	0.02066	0.01315	0.04414	0.64121	0.03475	0.03381	0.03099	0.02536	0.01127	0.00845	0.00282	0.00657	0.00939	0.00845	0.01315
21	0.01932	0.01848	0.03148	0.21278	0.50410	0.01941	0.02488	0.02441	0.01833	0.02564	0.01541	0.02096	0.01263	0.00763	0.00825	0.00254	0.01018	0.00740	0.00401	0.01216
22	0.03103	0.03959	0.02354	0.02140	0.02568	0.67469	0.01605	0.03317	0.02354	0.02033	0.01284	0.01498	0.01070	0.00856	0.00749	0.00214	0.01498	0.00535	0.00428	0.00963
23	0.01040	0.00849	0.00923	0.00918	0.01176	0.00731	0.00698	0.01298	0.01992	0.02487	0.20281	0.07681	0.50153	0.02027	0.00989	0.00281	0.00431	0.04521	0.00802	0.00722
24	0.01098	0.00844	0.00955	0.00952	0.01151	0.00759	0.00692	0.01326	0.01879	0.02414	0.21448	0.07139	0.34671	0.15252	0.01618	0.00384	0.00510	0.05463	0.00756	0.00688
25	0.01012	0.00723	0.00964	0.01157	0.01205	0.00675	0.00771	0.01157	0.01591	0.02121	0.04579	0.70262	0.05495	0.02603	0.01060	0.00337	0.00482	0.02362	0.00771	0.00675
26	0.01666	0.04297	0.66500	0.02368	0.03596	0.01929	0.03069	0.02631	0.01754	0.02631	0.01491	0.01754	0.01052	0.00789	0.00789	0.00263	0.01228	0.00614	0.00351	0.01228
27	0.01044	0.00844	0.00928	0.00907	0.01160	0.00728	0.00680	0.01312	0.02040	0.02592	0.26566	0.07423	0.46918	0.01974	0.00981	0.00274	0.00412	0.01673	0.00817	0.00728
28	0.01161	0.00791	0.00945	0.00991	0.01011	0.00788	0.00598	0.01212	0.01306	0.01750	0.03057	0.20600	0.03548	0.50906	0.07215	0.00726	0.00813	0.01461	0.00563	0.00558
29	0.01208	0.00805	0.00906	0.00906	0.00906	0.00805	0.00503	0.01208	0.01208	0.01611	0.02618	0.05436	0.03020	0.70804	0.04228	0.00805	0.00805	0.01208	0.00503	0.00503
30	0.01087	0.00754	0.00942	0.01062	0.01091	0.00724	0.00669	0.01176	0.01445	0.01927	0.03834	0.45635	0.04555	0.28512	0.02264	0.00515	0.00605	0.01923	0.00669	0.00610
31	0.01053	0.00752	0.01011	0.01204	0.01270	0.00710	0.00843	0.01228	0.01631	0.02167	0.04556	0.62594	0.05405	0.02564	0.01071	0.00343	0.00518	0.09624	0.00770	0.00686
32	0.03158	0.02327	0.02493	0.01911	0.02576	0.02576	0.01579	0.62852	0.03906	0.05236	0.01995	0.01995	0.01413	0.00997	0.00831	0.00249	0.00914	0.00748	0.00831	0.01413
33	0.02597	0.01677	0.01971	0.01466	0.02162	0.01510	0.01196	0.18036	0.02444	0.19474	0.02066	0.02072	0.01487	0.00817	0.00726	0.00189	0.00715	0.00644	0.00714	0.38039
34	0.01818	0.01818	0.02545	0.02181	0.02181	0.02545	0.01818	0.01999	0.01272	0.01999	0.01091	0.01818	0.01091	0.01454	0.02726	0.00364	0.69284	0.00727	0.00364	0.00909
35	0.01737	0.12867	0.58552	0.02247	0.03408	0.02103	0.02859	0.02613	0.01745	0.02544	0.01448	0.01700	0.01054	0.00779	0.00756	0.00252	0.01184	0.00592	0.00351	0.01207
36	0.03034	0.03829	0.02421	0.02335	0.06715	0.63162	0.01667	0.03267	0.02324	0.02078	0.01302	0.01535	0.01086	0.00848	0.00754	0.00216	0.01465	0.00549	0.00427	0.00986
37	0.01027	0.00856	0.00904	0.00928	0.01198	0.00733	0.00720	0.01259	0.01896	0.02275	0.07910	0.08168	0.57666	0.02128	0.01003	0.00293	0.00464	0.09092	0.00771	0.00709
38	0.03034	0.03815	0.02323	0.02110	0.02541	0.63117	0.01586	0.03390	0.06464	0.02129	0.01424	0.01605	0.01168	0.00874	0.00755	0.00219	0.01442	0.00562	0.00456	0.00986
39	0.06092	0.04138	0.62648	0.02293	0.03478	0.01925	0.02941	0.02620	0.01734	0.02696	0.01471	0.01730	0.01043	0.00788	0.00773	0.00263	0.01193	0.00604	0.00360	0.01208
40	0.01549	0.00774	0.00774	0.00774	0.00968	0.00774	0.00581	0.01936	0.01742	0.03097	0.02710	0.03097	0.02129	0.00968	0.00581	0.00194	0.00387	0.00774	0.75416	0.00774
41	0.01031	0.00767	0.00961	0.01073	0.01193	0.00697	0.00744	0.01228	0.01772	0.02333	0.14729	0.47249	0.18474	0.02358	0.01031	0.00314	0.00455	0.02101	0.00793	0.00697
42	0.02204	0.02293	0.02835	0.13746	0.35202	0.15788	0.02158	0.02881	0.09791	0.02576	0.01720	0.02094	0.01386	0.00827	0.00811	0.00249	0.01072	0.00722	0.00463	0.01181
43	0.01961	0.02241	0.04902	0.03501	0.04342	0.02101	0.62605	0.02661	0.01961	0.02661	0.01681	0.02241	0.01261	0.00700	0.00980	0.00280	0.01401	0.00980	0.00420	0.01120
44	0.01187	0.00890	0.01335	0.01335	0.01483	0.01038	0.01038	0.01483	0.01335	0.01928	0.02225	0.03264	0.02077	0.06231	0.67512	0.01335	0.02225	0.00890	0.00445	0.00742
45	0.01993	0.02151	0.04386	0.04040	0.24992	0.02058	0.42368	0.02623	0.01937	0.02679	0.01641	0.02179	0.01279	0.00714	0.00927	0.00269	0.01261	0.00899	0.00417	0.01186
46	0.01171	0.00887	0.01104	0.01158	0.01381	0.00821	0.00941	0.01497	0.02029	0.02640	0.22790	0.08013	0.26383	0.02062	0.01044	0.00314	0.00543	0.23665	0.00809	0.00748
47	0.02138	0.02267	0.02980	0.22031	0.33104	0.15766	0.04870	0.02598	0.01928	0.02404	0.01485	0.01990	0.01204	0.00788	0.00816	0.00250	0.01146	0.00707	0.00404	0.01124
48	0.02281	0.13682	0.33964	0.02118	0.03007	0.18009	0.02290	0.10359	0.02160	0.02717	0.01456	0.01661	0.01104	0.00820	0.00748	0.00237	0.01204	0.00587	0.00431	0.01164
49	0.02541	0.34957	0.07612	0.01999	0.07898	0.10811	0.01676	0.15521	0.02293	0.05411	0.01494	0.01646	0.01202	0.00811	0.00678	0.00212	0.00993	0.00573	0.00498	0.01174
50	0.03021	0.02259	0.02416	0.01884	0.02524	0.02512	0.01546	0.55493	0.11489	0.05014	0.02169	0.02134	0.01554	0.01014	0.00833	0.00253	0.00882	0.00772	0.00833	0.01400
51	0.02789	0.02168	0.02474	0.02266	0.10428	0.02393	0.01645	0.42925	0.16360	0.04547	0.02233	0.02235	0.01638	0.00992	0.00833	0.00256	0.00869	0.00787	0.00781	0.01380
52	0.03158	0.02327	0.02493	0.01911	0.02576	0.02576	0.01579	0.62852	0.03906	0.05236	0.01995	0.01995	0.01413	0.00997	0.00831	0.00249	0.00914	0.00748	0.00831	0.01413
53	0.01072	0.00830	0.00977	0.00972	0.01186	0.00735	0.00717	0.01355	0.02060	0.02714	0.33289	0.15037	0.32096	0.01986	0.00991	0.00279	0.00416	0.01718	0.00835	0.00735
54	0.00982	0.00842	0.00842	0.00842	0.01122	0.00701	0.00631	0.01192	0.01894	0.02244	0.08416	0.07995	0.65285	0.02104	0.00982	0.00281	0.00421	0.01753	0.00771	0.00701
55	0.01187	0.00890	0.01335	0.01335	0.01483	0.01038	0.01038	0.01483	0.01335	0.01928	0.02225	0.03264	0.02077	0.06231	0.67512	0.01335	0.02225	0.00890	0.00445	0.00742
56	0.01176	0.00849	0.01110	0.01045	0.01241	0.00784	0.00784	0.01568	0.02352	0.03331	0.65184	0.06206	0.07839	0.01698	0.00980	0.00261	0.00392	0.01502	0.00914	0.00784
57	0.76672	0.01607	0.01221	0.01092	0.01607	0.01864	0.00900	0.02442	0.01414	0.03727	0.01157	0.01350	0.00900	0.00771	0.00514	0.00257	0.00643	0.00450	0.00514	0.00900
58	0.01098	0.00840	0.01006	0.00977	0.01196	0.00749	0.00728	0.01412	0.02149	0.02879	0.41711	0.09953	0.28510	0.01889	0.00984	0.00272	0.00407	0.01635	0.00856	0.00749
59	0.03103	0.03959	0.02354	0.02140	0.02568	0.67469	0.01605	0.03317	0.02354	0.02033	0.01284	0.01498	0.01070	0.00856	0.00749	0.00214	0.01498	0.00535	0.00428	0.00963
60	0.01111	0.00868	0.01021	0.01043	0.01281	0.00778	0.00823	0.01408	0.02024	0.02596	0.23266	0.07790	0.36631	0.02032	0.01016	0.00297	0.00485	0.13983	0.00810	0.00738
61	0.02326	0.01850	0.02042	0.01562	0.02231	0.01816	0.01263	0.25798	0.11959	0.03795	0.01962	0.02034	0.01497	0.00839	0.00733	0.00195	0.00736	0.00658	0.00676	0.36027
62	0.02427	0.27713	0.03364	0.05339	0.14751	0.23442	0.04211	0.02836	0.04521	0.02225	0.01402	0.01672	0.01186	0.00785	0.00702	0.00215	0.01123	0.00585	0.00413	0.01088
63	0.02100	0.56729	0.17871	0.01627	0.02450	0.02992	0.01780	0.02519	0.01702	0.02102	0.01228	0.01424	0.01063	0.00728	0.00589	0.00196	0.00962	0.00481	0.00354	0.01101
64	0.01774	0.03255	0.37325	0.02914	0.07854	0.01946	0.24665	0.02579	0.01832	0.02628	0.01685	0.04619	0.01319	0.00824	0.00872	0.00271	0.01246	0.00824	0.00396	0.01173
65	0.01160	0.00862	0.01089	0.01069	0.01280	0.00790	0.00826	0.01516	0.02208	0.03016	0.46588	0.06953	0.18331	0.01852	0.01002	0.00281	0.00445	0.09097	0.00868	0.00766
66	0.01792	0.21650	0.10935	0.13074	0.06922	0.02130	0.01747	0.05691	0.01807	0.02362	0.02383	0.10879	0.07252	0.01180	0.00940	0.00258	0.06583	0.00930	0.00478	0.01006
67	0.02300	0.02253	0.15574	0.01836	0.02480	0.01861	0.01747	0.18326	0.16952	0.10381	0.02815	0.03714	0.02318	0.01237	0.00887	0.00286	0.00869	0.12198	0.00742	0.01226
68	0.01181	0.00809	0.00941	0.00941	0.00989	0.00790	0.00572	0.01265	0.01452	0.01957	0.13465	0.09502	0.06685	0.52213	0.03356	0.00664	0.00700	0.01349	0.00600	0.00569
69	0.01778	0.05614	0.01748	0.01457	0.01873	0.01753	0.01140	0.03401	0.42756	0.03083	0.07263	0.06989	0.14925	0.01382	0.00869	0.00277	0.00605	0.01156	0.00802	0.01129
70	0.02342	0.17306	0.07491	0.03341	0.31722	0.10907	0.02096	0.10236	0.02153	0.02774	0.01488	0.01800	0.01225	0.00785	0.00750	0.00229	0.01039	0.00642	0.00450	0.01222
71	0.01476	0.01142	0.01470	0.01387	0.01640	0.01130	0.04552	0.13140	0.02110	0.02774	0.04562	0.42515	0.14615	0.02096	0.00998	0.00307	0.00609	0.01866	0.00762	0.00848
72	0.01044	0.00844	0.00927	0.00906	0.01160	0.00728	0.00680	0.01312	0.02039	0.02591	0.26504	0.07425	0.46981	0.01975	0.00981	0.00274	0.00412	0.01673	0.00817	0.00728
73	0.01954	0.02472	0.14430	0.02652	0.05956	0.09030	0.29915	0.02572	0.01920	0.02680	0.01814	0.02245	0.01387	0.00791	0.00831	0.00250	0.01152	0.00814	0.16078	0.01058
74	0.76672	0.01607	0.01221	0.01092	0.01607	0.01864	0.00900	0.02442	0.01414	0.03727	0.01157	0.01350	0.00900	0.00771	0.00514	0.00257	0.00643	0.00450	0.00514	0.00900
75	0.01799	0.13734	0.38857	0.02513	0.06031	0.02120	0.15136	0.02552	0.01799	0.02522	0.01773	0.02066	0.03797	0.00812	0.00800	0.00254	0.01169	0.00718	0.00386	0.01163
76	0.02091	0.02393	0.14893	0.14140	0.03727	0.02028	0.18923	0.17754	0.02351	0.03205	0.01860	0.02531	0.01464	0.00916	0.00877	0.00269	0.01119	0.04675	0.00528	0.04258
77	0.02378	0.01462	0.01686	0.01450	0.01930	0.01504	0.01146	0.03622	0.30801	0.23472	0.07787	0.03966	0.12568	0.01283	0.00872	0.00272	0.00620	0.01067	0.00897	0.01219
78	0.15329	0.28854	0.02927	0.01671	0.02240	0.26629	0.01413	0.07815	0.02071	0.02559	0.01273	0.01452	0.01068	0.00798	0.00634	0.00211	0.01073	0.00504	0.00449	0.01029
79	0.01162	0.00801	0.00969	0.00989	0.01048	0.00775	0.00626	0.01290	0.01572	0.02145	0.18883	0.18059	0.04718	0.40180	0.02796	0.00577	0.00638	0.01504	0.00659	0.00607
80	0.02440	0.40788	0.11524	0.01776	0.02459	0.24157	0.01689	0.02778	0.01915	0.02065	0.01240	0.01440	0.01066	0.00768	0.00636	0.00200	0.01131	0.00495	0.00379	0.01053
81	0.01905	0.21185	0.46508	0.02097	0.03157	0.02317	0.02553	0.06555	0.01879	0.02630	0.01439	0.01663	0.01080	0.00783	0.00727	0.00240	0.01121	0.00580	0.00384	0.01199
82	0.00988	0.00819	0.00865	0.00902	0.01138	0.00696	0.00658	0.01185	0.01835	0.02220	0.07676	0.19994	0.53763	0.02200	0.00997	0.00291	0.00433	0.01871	0.00771	0.00696
83	0.02638	0.02013	0.02360	0.16051	0.03130	0.02228	0.01645	0.42534	0.03164	0.04282	0.01873	0.02066	0.01363	0.00930	0.00803	0.00243	0.00909	0.00727	0.03827	0.07213
84	0.01836	0.01341	0.01474	0.01309	0.01557	0.01441	0.00931	0.18671	0.09917	0.02901	0.02741	0.10807	0.02767	0.35743	0.02538	0.00538	0.00784	0.01165	0.00664	0.00875
85	0.01012	0.00723	0.00964	0.01157	0.01205	0.00675	0.00771	0.01157	0.01591	0.02121	0.04579	0.70262	0.05495	0.02603	0.01060	0.00337	0.00482	0.02362	0.00771	0.00675
86	0.01744	0.01716	0.02529	0.21941	0.03231	0.02337	0.01963	0.02036	0.01388	0.02036	0.01205	0.01935	0.01096	0.01269	0.02164	0.00338	0.49065	0.00730	0.00365	0.00913
87	0.02079	0.56419	0.03598	0.01285	0.01886	0.02757	0.01244	0.02371	0.01699	0.02196	0.01483	0.01705	0.01290	0.00765	0.00543	0.00181	0.00783	0.00514	0.16196	0.01005
88	0.01825	0.11836	0.35457	0.08200	0.17544	0.02140	0.02609	0.02516	0.01741	0.02486	0.01440	0.01810	0.01120	0.00811	0.00882	0.00256	0.05137	0.00638	0.00367	0.01184
89	0.01941	0.02304	0.13666	0.11277	0.49186	0.01953	0.02610	0.02519	0.01845	0.02639	0.01542	0.02023	0.01251	0.00758	0.00818	0.00253	0.01039	0.00719	0.00397	0.01261
90	0.02026	0.02059	0.03861	0.04588	0.46029	0.02014	0.21751	0.02585	0.01914	0.02697	0.01600	0.02115	0.01298	0.00727	0.00873	0.00257	0.01119	0.00817	0.00414	0.01253
91	0.00982	0.00842	0.00842	0.00842	0.01122	0.00701	0.00631	0.01192	0.01894	0.02244	0.08416	0.07995	0.65285	0.02104	0.00982	0.00281	0.00421	0.01753	0.00771	0.00701
92	0.10868	0.01077	0.01266	0.01330	0.01543	0.01113	0.01024	0.08506	0.01914	0.02771	0.03807	0.38326	0.04269	0.02111	0.00987	0.00329	0.00623	0.16582	0.00744	0.00810
93	0.01799	0.09564	0.36913	0.02434	0.03291	0.02212	0.12766	0.02490	0.01682	0.02441	0.01408	0.01811	0.01097	0.00907	0.01205	0.00279	0.15523	0.00684	0.00366	0.01128
94	0.02449	0.02944	0.02088	0.01894	0.02214	0.42500	0.01453	0.02660	0.02051	0.02058	0.02489	0.02718	0.11891	0.01399	0.04018	0.00299	0.12712	0.00787	0.00476	0.00900
95	0.01208	0.00805	0.00906	0.00906	0.00906	0.00805	0.00503	0.01208	0.01208	0.01611	0.02618	0.05436	0.03020	0.70804	0.04228	0.00805	0.00805	0.01208	0.00503	0.00503
96	0.02277	0.02393	0.03157	0.04475	0.52315	0.15796	0.02350	0.02712	0.01989	0.02570	0.01504	0.01938	0.01264	0.00765	0.00807	0.00240	0.01095	0.00697	0.00415	0.01241
97	0.01658	0.00987	0.01007	0.00968	0.01220	0.01047	0.00736	0.02459	0.14907	0.03177	0.02852	0.03098	0.02215	0.01001	0.00637	0.00212	0.00444	0.00809	0.59678	0.00888

[dist]
# distance from previous block
# <min> <max>
1	4

[block]
# block no. 3 follows, 22 sequences, length 20
# corresponding to MSA columns:
# 166-185
name=unknown_D
#
# <colnr> <probs for GDERKNQSTAVLIFYWHMCP>
#	G	D	E	R	K	N	Q	S	T	A	V	L	I	F	Y	W	H	M	C	P
0	0.01338	0.01160	0.04337	0.01250	0.01560	0.01003	0.01067	0.06370	0.02161	0.02831	0.20065	0.07195	0.25580	0.01912	0.01009	0.00303	0.00593	0.18657	0.00788	0.00821
1	0.06701	0.14838	0.02780	0.01872	0.02465	0.20810	0.08342	0.07818	0.02247	0.17889	0.02178	0.02217	0.04432	0.00920	0.00763	0.00234	0.01045	0.00713	0.00611	0.01128
2	0.03103	0.03959	0.02354	0.02140	0.02568	0.67469	0.01605	0.03317	0.02354	0.02033	0.01284	0.01498	0.01070	0.00856	0.00749	0.00214	0.01498	0.00535	0.00428	0.00963
3	0.01005	0.00752	0.00934	0.01081	0.01185	0.00681	0.00737	0.01165	0.01663	0.02150	0.05502	0.55276	0.19884	0.02483	0.01041	0.00324	0.00467	0.02215	0.00771	0.00681
4	0.01800	0.20424	0.51543	0.02140	0.03243	0.02256	0.02673	0.02596	0.01738	0.02468	0.01410	0.01653	0.01056	0.00770	0.00728	0.00243	0.01146	0.00573	0.00352	0.01189
5	0.01617	0.01525	0.02578	0.62547	0.11608	0.01858	0.02331	0.02165	0.01684	0.02181	0.01485	0.02199	0.01128	0.00822	0.00830	0.00274	0.01096	0.00738	0.00373	0.00961
6	0.01204	0.00822	0.00989	0.00989	0.01017	0.00850	0.00607	0.01261	0.01233	0.01672	0.02542	0.05018	0.02838	0.58357	0.16427	0.00908	0.01079	0.01147	0.00492	0.00549
7	0.00997	0.00842	0.00863	0.00858	0.01131	0.00708	0.00643	0.01222	0.01930	0.02330	0.12893	0.07854	0.60754	0.02072	0.00982	0.00279	0.00419	0.01733	0.00783	0.00708
8	0.01187	0.00890	0.01335	0.01335	0.01483	0.01038	0.01038	0.01483	0.01335	0.01928	0.02225	0.03264	0.02077	0.06231	0.67512	0.01335	0.02225	0.00890	0.00445	0.00742
9	0.01818	0.01818	0.02545	0.02181	0.02181	0.02545	0.01818	0.01999	0.01272	0.01999	0.01091	0.01818	0.01091	0.01454	0.02726	0.00364	0.69284	0.00727	0.00364	0.00909
10	0.02938	0.03417	0.02242	0.02021	0.02468	0.51681	0.01531	0.03563	0.14089	0.05565	0.01784	0.01870	0.01399	0.00916	0.00772	0.00229	0.01298	0.00627	0.00538	0.01053
11	0.01004	0.00842	0.00872	0.00865	0.01136	0.00711	0.00649	0.01235	0.01946	0.02368	0.14881	0.07791	0.58742	0.02058	0.00982	0.00278	0.00417	0.01725	0.00788	0.00711
12	0.03727	0.01414	0.01928	0.01478	0.02121	0.01221	0.01221	0.04049	0.02378	0.66198	0.03277	0.02828	0.02056	0.01028	0.00835	0.00257	0.00707	0.00835	0.01028	0.01414
13	0.03158	0.02327	0.02493	0.01911	0.02576	0.02576	0.01579	0.62852	0.03906	0.05236	0.01995	0.01995	0.01413	0.00997	0.00831	0.00249	0.00914	0.00748	0.00831	0.01413
14	0.02056	0.01974	0.03372	0.05099	0.65622	0.01974	0.02550	0.02550	0.01892	0.02714	0.01563	0.02056	0.01316	0.00740	0.00822	0.00247	0.00987	0.00740	0.00411	0.01316
15	0.02056	0.01974	0.03372	0.05099	0.65622	0.01974	0.02550	0.02550	0.01892	0.02714	0.01563	0.02056	0.01316	0.00740	0.00822	0.00247	0.00987	0.00740	0.00411	0.01316
16	0.01027	0.00812	0.00925	0.00963	0.01167	0.00710	0.00697	0.01255	0.01902	0.02420	0.18287	0.23926	0.38655	0.02157	0.01002	0.00292	0.00431	0.01864	0.00799	0.00710
17	0.02979	0.03486	0.02240	0.02008	0.02453	0.54297	0.01521	0.06281	0.05500	0.05486	0.01881	0.01995	0.04422	0.00948	0.00774	0.00225	0.01333	0.00642	0.00516	0.01013
18	0.01012	0.00723	0.00964	0.01157	0.01205	0.00675	0.00771	0.01157	0.01591	0.02121	0.04579	0.70262	0.05495	0.02603	0.01060	0.00337	0.00482	0.02362	0.00771	0.00675
19	0.24320	0.02674	0.02049	0.01746	0.02275	0.25357	0.01380	0.21699	0.05314	0.03586	0.01562	0.01681	0.01193	0.00888	0.00711	0.00240	0.01031	0.00595	0.00597	0.01101

[dist]
# distance from previous block
# <min> <max>
0	0

# created by:
# /home/cegg/simao/soft/augustus-3.2.1/scripts/msa2prfl.pl ./align_prep/12802.fa
