[name]
unknown

[dist]
# distance from previous block
# <min> <max>
0	0

[block]
# block no. 0 follows, 21 sequences, length 169
# corresponding to MSA columns:
# 0-168
name=unknown_A
#
# <colnr> <probs for GDERKNQSTAVLIFYWHMCP>
#	G	D	E	R	K	N	Q	S	T	A	V	L	I	F	Y	W	H	M	C	P
0	0.01371	0.00980	0.01371	0.01567	0.01763	0.00980	0.01371	0.01763	0.01959	0.02547	0.04506	0.09599	0.04898	0.02351	0.01175	0.00392	0.00784	0.59056	0.00784	0.00784
1	0.01872	0.01930	0.02060	0.01871	0.02025	0.15317	0.01490	0.02113	0.01560	0.02026	0.01633	0.02399	0.01526	0.03362	0.28497	0.00747	0.27506	0.00772	0.00420	0.00873
2	0.01120	0.00841	0.01020	0.01129	0.01282	0.00776	0.00833	0.01324	0.01757	0.02233	0.05726	0.29276	0.24705	0.10158	0.01450	0.00391	0.00572	0.13952	0.00757	0.00700
3	0.62247	0.07632	0.05467	0.01274	0.01857	0.04910	0.01133	0.02557	0.01535	0.03523	0.01211	0.01413	0.00953	0.00790	0.00556	0.00255	0.00754	0.00474	0.00499	0.00959
4	0.01018	0.00851	0.00887	0.00902	0.01163	0.00720	0.00667	0.01237	0.01934	0.02341	0.10962	0.13691	0.56347	0.02182	0.01013	0.00292	0.00435	0.01840	0.00797	0.00720
5	0.02171	0.02145	0.03391	0.05040	0.61022	0.05935	0.02553	0.02659	0.01966	0.02738	0.01583	0.02072	0.01333	0.00765	0.00838	0.00251	0.01043	0.00746	0.00422	0.01326
6	0.02723	0.20781	0.03171	0.02621	0.15547	0.32464	0.01797	0.06884	0.02240	0.02425	0.01389	0.01644	0.01171	0.00823	0.00731	0.00219	0.01223	0.00582	0.00443	0.01120
7	0.01657	0.00980	0.01186	0.01081	0.01406	0.00854	0.00829	0.01949	0.02167	0.15853	0.24107	0.10239	0.30773	0.01830	0.00979	0.00280	0.00487	0.01559	0.00890	0.00895
8	0.02989	0.18009	0.02841	0.02038	0.02537	0.53402	0.01605	0.03220	0.02269	0.02066	0.01288	0.01499	0.01095	0.00846	0.00721	0.00211	0.01404	0.00529	0.00423	0.01009
9	0.01956	0.01947	0.03549	0.21176	0.36849	0.02015	0.14935	0.02522	0.01891	0.02612	0.01603	0.02188	0.01281	0.00774	0.00879	0.00268	0.01132	0.00809	0.00412	0.01202
10	0.03097	0.03863	0.06259	0.02177	0.02696	0.54589	0.01732	0.10827	0.02577	0.02538	0.01421	0.01615	0.01140	0.00891	0.00781	0.00227	0.01442	0.00581	0.00486	0.01062
11	0.02281	0.16245	0.02441	0.01596	0.02061	0.09682	0.01324	0.17623	0.05825	0.03322	0.14929	0.02931	0.02837	0.01381	0.04076	0.00296	0.04055	0.00856	0.05155	0.01082
12	0.01785	0.03856	0.49948	0.02727	0.03882	0.02022	0.18331	0.02703	0.01852	0.02703	0.01578	0.01926	0.01133	0.00785	0.00859	0.00274	0.01304	0.00726	0.00378	0.01229
13	0.02106	0.02022	0.03454	0.05223	0.64784	0.02022	0.02612	0.02612	0.01938	0.02780	0.01601	0.02106	0.01348	0.00758	0.00842	0.00253	0.01011	0.00758	0.00421	0.01348
14	0.02995	0.03758	0.02428	0.09899	0.03009	0.59094	0.01728	0.03255	0.02329	0.02093	0.01339	0.01621	0.01101	0.00874	0.00777	0.00227	0.01488	0.00572	0.00431	0.00982
15	0.01216	0.00912	0.01368	0.01368	0.01520	0.01064	0.01064	0.01520	0.01368	0.01976	0.02279	0.03343	0.02127	0.06382	0.66720	0.01368	0.02279	0.00912	0.00456	0.00760
16	0.03235	0.02384	0.02554	0.01958	0.02639	0.02639	0.01618	0.61946	0.04001	0.05363	0.02043	0.02043	0.01447	0.01022	0.00851	0.00255	0.00936	0.00766	0.00851	0.01447
17	0.03136	0.08948	0.02698	0.01961	0.02596	0.16040	0.01608	0.44343	0.03463	0.04374	0.01813	0.01875	0.01342	0.00965	0.00806	0.00241	0.01059	0.00692	0.00721	0.01319
18	0.01371	0.00980	0.01371	0.01567	0.01763	0.00980	0.01371	0.01763	0.01959	0.02547	0.04506	0.09599	0.04898	0.02351	0.01175	0.00392	0.00784	0.59056	0.00784	0.00784
19	0.02117	0.01828	0.01924	0.01732	0.02213	0.02117	0.01347	0.04522	0.63246	0.03560	0.03464	0.03175	0.02598	0.01155	0.00866	0.00289	0.00673	0.00962	0.00866	0.01347
20	0.02568	0.02493	0.02207	0.05013	0.02540	0.22330	0.01599	0.19361	0.08205	0.03232	0.02381	0.03571	0.02131	0.01287	0.01010	0.00284	0.05097	0.12935	0.00658	0.01100
21	0.01749	0.04133	0.58312	0.02662	0.07362	0.01990	0.06656	0.02692	0.01818	0.02702	0.01543	0.01845	0.01107	0.00800	0.00822	0.00270	0.01254	0.00659	0.00367	0.01256
22	0.01707	0.04402	0.65683	0.02426	0.03683	0.01976	0.03144	0.02695	0.01797	0.02695	0.01527	0.01797	0.01078	0.00809	0.00809	0.00270	0.01258	0.00629	0.00359	0.01258
23	0.01901	0.01813	0.03084	0.31043	0.40567	0.01968	0.02510	0.02432	0.01841	0.02531	0.01565	0.02173	0.01260	0.00796	0.00846	0.00265	0.01062	0.00757	0.00404	0.01183
24	0.01477	0.01472	0.01249	0.01300	0.01502	0.14534	0.00926	0.01660	0.01886	0.02191	0.05159	0.36915	0.22283	0.02138	0.00995	0.00302	0.00693	0.01840	0.00716	0.00761
25	0.03024	0.07811	0.02561	0.02274	0.05596	0.56786	0.01666	0.03362	0.05169	0.02180	0.01421	0.01628	0.01178	0.00875	0.00762	0.00222	0.01432	0.00572	0.00453	0.01027
26	0.01079	0.00758	0.00975	0.01131	0.01171	0.00719	0.00733	0.01196	0.01548	0.02064	0.04272	0.56217	0.05101	0.16706	0.01762	0.00445	0.00563	0.02173	0.00733	0.00655
27	0.02003	0.01916	0.03267	0.18251	0.52565	0.01995	0.02560	0.02521	0.01889	0.02655	0.01582	0.02140	0.01304	0.00777	0.00844	0.00259	0.01037	0.00758	0.00412	0.01265
28	0.01639	0.01537	0.02483	0.34114	0.23487	0.01686	0.02082	0.02113	0.01826	0.02392	0.03031	0.03459	0.14475	0.01095	0.00881	0.00275	0.00948	0.00975	0.00478	0.01025
29	0.01659	0.01583	0.02727	0.60904	0.09692	0.01912	0.05131	0.02229	0.01731	0.02240	0.01528	0.02259	0.01156	0.00839	0.00857	0.00282	0.01140	0.00768	0.00383	0.00981
30	0.01006	0.00862	0.00862	0.00862	0.01149	0.00718	0.00647	0.01221	0.01940	0.02299	0.08621	0.08190	0.64438	0.02155	0.01006	0.00287	0.00431	0.01796	0.00790	0.00718
31	0.01143	0.00903	0.01053	0.01118	0.01369	0.00814	0.00907	0.01428	0.01968	0.02437	0.09767	0.08597	0.41029	0.02204	0.01065	0.00323	0.00553	0.21781	0.00795	0.00745
32	0.01737	0.01814	0.03498	0.02696	0.03173	0.01890	0.33530	0.02205	0.01751	0.02432	0.02240	0.16257	0.02198	0.01559	0.04580	0.00369	0.15349	0.01240	0.00494	0.00988
33	0.02275	0.70604	0.04459	0.01456	0.02184	0.03367	0.01456	0.02548	0.01729	0.02002	0.01183	0.01365	0.01092	0.00728	0.00546	0.00182	0.00910	0.00455	0.00364	0.01092
34	0.27329	0.01513	0.01739	0.01386	0.02001	0.01465	0.01144	0.03612	0.02115	0.45352	0.02651	0.02404	0.01721	0.00968	0.00749	0.00263	0.00703	0.00727	0.00882	0.01277
35	0.01034	0.00754	0.00974	0.01150	0.01225	0.00694	0.00775	0.01189	0.01663	0.02186	0.05112	0.62954	0.11939	0.02611	0.01078	0.00339	0.00487	0.02352	0.00790	0.00694
36	0.02811	0.03342	0.02219	0.02016	0.02459	0.47113	0.01525	0.03597	0.18171	0.02475	0.02185	0.02244	0.04191	0.01004	0.00803	0.00240	0.01264	0.00709	0.00564	0.01069
37	0.01238	0.00825	0.00928	0.00928	0.00928	0.00825	0.00516	0.01238	0.01238	0.01650	0.02681	0.05569	0.03094	0.70092	0.04331	0.00825	0.00825	0.01238	0.00516	0.00516
38	0.03386	0.02141	0.02404	0.01843	0.02518	0.02279	0.01522	0.46954	0.03595	0.20929	0.02384	0.02265	0.01618	0.01030	0.00852	0.00257	0.00881	0.00789	0.00904	0.01448
39	0.01751	0.01845	0.03832	0.02864	0.03495	0.01798	0.41957	0.02333	0.01800	0.02482	0.01903	0.02637	0.01563	0.02561	0.22396	0.00639	0.01710	0.00974	0.00439	0.01021
40	0.02974	0.03560	0.02398	0.02139	0.02546	0.51933	0.01637	0.08524	0.02406	0.02374	0.01405	0.01690	0.01175	0.01186	0.03815	0.00287	0.07865	0.00602	0.00471	0.01013
41	0.01238	0.00825	0.00928	0.00928	0.00928	0.00825	0.00516	0.01238	0.01238	0.01650	0.02681	0.05569	0.03094	0.70092	0.04331	0.00825	0.00825	0.01238	0.00516	0.00516
42	0.03235	0.02384	0.02554	0.01958	0.02639	0.02639	0.01618	0.61946	0.04001	0.05363	0.02043	0.02043	0.01447	0.01022	0.00851	0.00255	0.00936	0.00766	0.00851	0.01447
43	0.01216	0.00912	0.01368	0.01368	0.01520	0.01064	0.01064	0.01520	0.01368	0.01976	0.02279	0.03343	0.02127	0.06382	0.66720	0.01368	0.02279	0.00912	0.00456	0.00760
44	0.03235	0.02384	0.02554	0.01958	0.02639	0.02639	0.01618	0.61946	0.04001	0.05363	0.02043	0.02043	0.01447	0.01022	0.00851	0.00255	0.00936	0.00766	0.00851	0.01447
45	0.03179	0.04056	0.02412	0.02192	0.02631	0.66676	0.01644	0.03398	0.02412	0.02083	0.01315	0.01535	0.01096	0.00877	0.00767	0.00219	0.01535	0.00548	0.00438	0.00987
46	0.01232	0.00848	0.01044	0.01044	0.01084	0.00888	0.00660	0.01312	0.01272	0.01736	0.02575	0.04982	0.02839	0.53288	0.20787	0.00968	0.01209	0.01152	0.00500	0.00580
47	0.02122	0.01332	0.01597	0.01387	0.01762	0.01326	0.01077	0.17572	0.02635	0.13968	0.22147	0.18015	0.08181	0.01657	0.00957	0.00281	0.00615	0.01424	0.00895	0.01050
48	0.02716	0.03180	0.02176	0.01982	0.02377	0.45647	0.01506	0.06611	0.05581	0.02339	0.01676	0.02031	0.01413	0.02047	0.14511	0.00464	0.01607	0.00659	0.00490	0.00987
49	0.01216	0.00912	0.01368	0.01368	0.01520	0.01064	0.01064	0.01520	0.01368	0.01976	0.02279	0.03343	0.02127	0.06382	0.66720	0.01368	0.02279	0.00912	0.00456	0.00760
50	0.01951	0.02721	0.17577	0.03424	0.07211	0.02109	0.46640	0.02714	0.01961	0.02722	0.01675	0.02183	0.01250	0.00738	0.00956	0.00282	0.01377	0.00914	0.00415	0.01180
51	0.01625	0.01566	0.01585	0.01539	0.01751	0.14726	0.01185	0.01911	0.01585	0.01998	0.02079	0.02967	0.01913	0.05236	0.52987	0.01129	0.02124	0.00836	0.00452	0.00807
52	0.01089	0.00762	0.00972	0.01118	0.01155	0.00726	0.00719	0.01199	0.01528	0.02037	0.04169	0.52944	0.04971	0.20156	0.01928	0.00470	0.00580	0.02113	0.00719	0.00646
53	0.03235	0.02384	0.02554	0.01958	0.02639	0.02639	0.01618	0.61946	0.04001	0.05363	0.02043	0.02043	0.01447	0.01022	0.00851	0.00255	0.00936	0.00766	0.00851	0.01447
54	0.02123	0.01956	0.03067	0.02302	0.02922	0.01974	0.20927	0.14715	0.02232	0.03153	0.01814	0.05911	0.01539	0.00987	0.01149	0.00255	0.11172	0.00867	0.00549	0.20384
55	0.01206	0.00892	0.01154	0.01254	0.01445	0.00841	0.01006	0.01523	0.01996	0.02619	0.18150	0.18655	0.17737	0.02234	0.01089	0.00336	0.00582	0.25702	0.00819	0.00759
56	0.01216	0.00912	0.01368	0.01368	0.01520	0.01064	0.01064	0.01520	0.01368	0.01976	0.02279	0.03343	0.02127	0.06382	0.66720	0.01368	0.02279	0.00912	0.00456	0.00760
57	0.03509	0.01468	0.01934	0.01521	0.02139	0.01333	0.01243	0.04084	0.09551	0.55520	0.05947	0.03075	0.02414	0.01094	0.00863	0.00266	0.00705	0.00897	0.01026	0.01409
58	0.11565	0.01941	0.02349	0.07951	0.15563	0.02167	0.01701	0.16277	0.24638	0.03710	0.02317	0.02405	0.01754	0.00972	0.00814	0.00270	0.00838	0.00797	0.00687	0.01283
59	0.06263	0.02645	0.02156	0.01820	0.02301	0.24525	0.01436	0.26385	0.02849	0.03648	0.01832	0.02015	0.01408	0.00976	0.00848	0.00239	0.03952	0.00680	0.12890	0.01133
60	0.01736	0.01362	0.01575	0.01527	0.01864	0.01456	0.01235	0.09385	0.20935	0.03158	0.07059	0.11329	0.10965	0.01808	0.01009	0.00323	0.00686	0.20747	0.00825	0.01018
61	0.01744	0.08779	0.61635	0.02361	0.03584	0.02068	0.03033	0.02685	0.01792	0.02649	0.01504	0.01768	0.01079	0.00803	0.00791	0.00264	0.01235	0.00617	0.00360	0.01247
62	0.01707	0.04402	0.65683	0.02426	0.03683	0.01976	0.03144	0.02695	0.01797	0.02695	0.01527	0.01797	0.01078	0.00809	0.00809	0.00270	0.01258	0.00629	0.00359	0.01258
63	0.01037	0.00741	0.00987	0.01185	0.01234	0.00691	0.00790	0.01185	0.01629	0.02172	0.04690	0.69537	0.05629	0.02666	0.01086	0.00346	0.00494	0.02419	0.00790	0.00691
64	0.02456	0.02671	0.03014	0.04007	0.40431	0.23057	0.02213	0.02994	0.06146	0.02605	0.01631	0.01991	0.01349	0.00823	0.00820	0.00244	0.01159	0.00703	0.00456	0.01230
65	0.02544	0.06246	0.06330	0.02433	0.10173	0.29376	0.01806	0.08174	0.02169	0.02541	0.01496	0.01863	0.01253	0.01194	0.03758	0.00299	0.12705	0.00654	0.03919	0.01067
66	0.01144	0.00864	0.01081	0.01213	0.01391	0.00801	0.00946	0.01399	0.01845	0.02344	0.05904	0.28651	0.24501	0.02390	0.01091	0.00343	0.00575	0.21996	0.00788	0.00732
67	0.01723	0.04292	0.62529	0.02486	0.03723	0.01986	0.06188	0.02697	0.01808	0.02697	0.01537	0.01823	0.01089	0.00804	0.00819	0.00270	0.01267	0.00648	0.00363	0.01252
68	0.02142	0.02282	0.02420	0.03057	0.26655	0.20947	0.01797	0.02510	0.02140	0.02583	0.10262	0.03704	0.08742	0.01190	0.00884	0.00260	0.01014	0.05790	0.00558	0.01062
69	0.01160	0.00878	0.01010	0.01045	0.01231	0.00808	0.00778	0.01373	0.01804	0.02284	0.11300	0.07637	0.30988	0.19780	0.01904	0.00447	0.00604	0.13551	0.00731	0.00687
70	0.01184	0.00864	0.01080	0.01029	0.01217	0.00795	0.00751	0.01517	0.02215	0.03072	0.50422	0.06485	0.14233	0.09789	0.01393	0.00335	0.00455	0.01535	0.00870	0.00759
71	0.02227	0.02669	0.10415	0.11458	0.37851	0.15558	0.02443	0.02736	0.01994	0.02555	0.01522	0.01969	0.01239	0.00800	0.00824	0.00251	0.01164	0.00699	0.00413	0.01216
72	0.01801	0.15337	0.55570	0.02265	0.03436	0.02206	0.02865	0.02671	0.01786	0.02581	0.01470	0.01725	0.01080	0.00795	0.00765	0.00255	0.01200	0.00600	0.00360	0.01230
73	0.01016	0.00863	0.00876	0.00873	0.01156	0.00723	0.00655	0.01241	0.01964	0.02357	0.11518	0.08095	0.61505	0.02134	0.01006	0.00286	0.00430	0.01783	0.00798	0.00723
74	0.02509	0.02826	0.02936	0.09681	0.33441	0.29029	0.02185	0.02901	0.02114	0.02434	0.01473	0.01882	0.01223	0.00816	0.00812	0.00242	0.01241	0.00670	0.00425	0.01160
75	0.01073	0.00803	0.00968	0.01083	0.01208	0.00734	0.00753	0.01240	0.01699	0.02174	0.05625	0.39635	0.22973	0.10382	0.01448	0.00387	0.00533	0.05838	0.00758	0.00685
76	0.02275	0.70604	0.04459	0.01456	0.02184	0.03367	0.01456	0.02548	0.01729	0.02002	0.01183	0.01365	0.01092	0.00728	0.00546	0.00182	0.00910	0.00455	0.00364	0.01092
77	0.05419	0.10768	0.01984	0.01496	0.01918	0.25417	0.01177	0.05086	0.02181	0.02441	0.06778	0.04233	0.25147	0.01378	0.00833	0.00246	0.00928	0.01053	0.00606	0.00910
78	0.06658	0.06157	0.05473	0.10478	0.13259	0.29619	0.01905	0.11479	0.02367	0.02801	0.01488	0.01786	0.01183	0.00860	0.00780	0.00241	0.01225	0.00634	0.00486	0.01122
79	0.02076	0.01991	0.03400	0.09025	0.61218	0.02014	0.02597	0.02585	0.01923	0.02744	0.01595	0.02116	0.01335	0.00764	0.00843	0.00255	0.01018	0.00758	0.00419	0.01324
80	0.02106	0.02022	0.03454	0.05223	0.64784	0.02022	0.02612	0.02612	0.01938	0.02780	0.01601	0.02106	0.01348	0.00758	0.00842	0.00253	0.01011	0.00758	0.00421	0.01348
81	0.02258	0.06647	0.16066	0.03810	0.35822	0.15641	0.02456	0.02790	0.01997	0.02574	0.01503	0.01883	0.01226	0.00792	0.00804	0.00245	0.01166	0.00671	0.00409	0.01240
82	0.01707	0.04402	0.65683	0.02426	0.03683	0.01976	0.03144	0.02695	0.01797	0.02695	0.01527	0.01797	0.01078	0.00809	0.00809	0.00270	0.01258	0.00629	0.00359	0.01258
83	0.01146	0.00818	0.01112	0.01309	0.01406	0.00785	0.00979	0.01373	0.01737	0.02294	0.04630	0.50026	0.05391	0.02564	0.01115	0.00361	0.00588	0.20855	0.00788	0.00721
84	0.01096	0.00811	0.00925	0.00987	0.01099	0.00747	0.00646	0.01216	0.01597	0.02033	0.05312	0.26541	0.24546	0.26042	0.02192	0.00493	0.00588	0.01797	0.00694	0.00639
85	0.01974	0.02824	0.23442	0.03797	0.35407	0.05825	0.02613	0.02609	0.01922	0.02689	0.01824	0.02654	0.01568	0.00927	0.00857	0.00269	0.01102	0.06016	0.00435	0.01245
86	0.01095	0.00805	0.01038	0.01192	0.01310	0.00748	0.00864	0.01305	0.01767	0.02309	0.07927	0.47179	0.14862	0.02493	0.01085	0.00341	0.00528	0.11642	0.00795	0.00716
87	0.03818	0.01448	0.01975	0.01514	0.02172	0.01251	0.01251	0.04147	0.02436	0.65373	0.03357	0.02897	0.02107	0.01053	0.00856	0.00263	0.00724	0.00856	0.01053	0.01448
88	0.01691	0.01677	0.03070	0.54531	0.05565	0.01946	0.14803	0.02290	0.01766	0.02290	0.01556	0.02274	0.01167	0.00823	0.00883	0.00284	0.01197	0.00808	0.00389	0.00988
89	0.01945	0.02737	0.17741	0.03343	0.04287	0.02115	0.49417	0.02719	0.01964	0.02719	0.01681	0.02191	0.01247	0.00736	0.00963	0.00283	0.01398	0.00926	0.00416	0.01171
90	0.02203	0.02722	0.11060	0.10531	0.26352	0.15604	0.10886	0.02731	0.01975	0.02517	0.01517	0.01981	0.01220	0.00827	0.00937	0.00262	0.04360	0.00733	0.00412	0.01170
91	0.01006	0.00862	0.00862	0.00862	0.01149	0.00718	0.00647	0.01221	0.01940	0.02299	0.08621	0.08190	0.64438	0.02155	0.01006	0.00287	0.00431	0.01796	0.00790	0.00718
92	0.01765	0.01513	0.01765	0.01260	0.02017	0.01134	0.01008	0.02143	0.01765	0.02773	0.01513	0.01765	0.01260	0.00630	0.00630	0.00126	0.00630	0.00504	0.00504	0.75295
93	0.01178	0.00859	0.01102	0.01225	0.01342	0.00806	0.00840	0.04057	0.01747	0.02353	0.04396	0.62738	0.05198	0.02480	0.01051	0.00330	0.00522	0.02239	0.00777	0.04761
94	0.01361	0.00961	0.01205	0.01165	0.01269	0.01037	0.00799	0.05360	0.01470	0.02021	0.02485	0.04480	0.02613	0.41028	0.28091	0.00996	0.01392	0.01081	0.00515	0.00671
95	0.01216	0.00912	0.01368	0.01368	0.01520	0.01064	0.01064	0.01520	0.01368	0.01976	0.02279	0.03343	0.02127	0.06382	0.66720	0.01368	0.02279	0.00912	0.00456	0.00760
96	0.01211	0.00844	0.01032	0.01038	0.01096	0.00863	0.00666	0.01315	0.01382	0.01873	0.06505	0.08243	0.06027	0.46632	0.16922	0.00860	0.01073	0.01267	0.00552	0.00601
97	0.01765	0.01513	0.01765	0.01260	0.02017	0.01134	0.01008	0.02143	0.01765	0.02773	0.01513	0.01765	0.01260	0.00630	0.00630	0.00126	0.00630	0.00504	0.00504	0.75295
98	0.01068	0.00763	0.00969	0.01121	0.01178	0.00715	0.00735	0.01196	0.01585	0.02094	0.04616	0.54824	0.09095	0.13865	0.01622	0.00422	0.00545	0.02181	0.00744	0.00664
99	0.03193	0.03622	0.02449	0.02132	0.02633	0.50065	0.01637	0.18585	0.02824	0.02934	0.01504	0.01667	0.01187	0.00914	0.00789	0.00229	0.01379	0.00605	0.00546	0.01106
100	0.03179	0.04056	0.02412	0.02192	0.02631	0.66676	0.01644	0.03398	0.02412	0.02083	0.01315	0.01535	0.01096	0.00877	0.00767	0.00219	0.01535	0.00548	0.00438	0.00987
101	0.01371	0.00980	0.01371	0.01567	0.01763	0.00980	0.01371	0.01763	0.01959	0.02547	0.04506	0.09599	0.04898	0.02351	0.01175	0.00392	0.00784	0.59056	0.00784	0.00784
102	0.01216	0.00912	0.01368	0.01368	0.01520	0.01064	0.01064	0.01520	0.01368	0.01976	0.02279	0.03343	0.02127	0.06382	0.66720	0.01368	0.02279	0.00912	0.00456	0.00760
103	0.03121	0.02980	0.02447	0.02029	0.02601	0.27176	0.01605	0.34740	0.08274	0.03955	0.01881	0.01941	0.01407	0.00977	0.00820	0.00244	0.01144	0.00699	0.00694	0.01262
104	0.01707	0.04402	0.65683	0.02426	0.03683	0.01976	0.03144	0.02695	0.01797	0.02695	0.01527	0.01797	0.01078	0.00809	0.00809	0.00270	0.01258	0.00629	0.00359	0.01258
105	0.52258	0.06058	0.05423	0.01389	0.02002	0.02152	0.01226	0.14893	0.02017	0.03967	0.01383	0.01543	0.01050	0.00836	0.00612	0.00257	0.00766	0.00534	0.00575	0.01061
106	0.01707	0.04402	0.65683	0.02426	0.03683	0.01976	0.03144	0.02695	0.01797	0.02695	0.01527	0.01797	0.01078	0.00809	0.00809	0.00270	0.01258	0.00629	0.00359	0.01258
107	0.01037	0.00741	0.00987	0.01185	0.01234	0.00691	0.00790	0.01185	0.01629	0.02172	0.04690	0.69537	0.05629	0.02666	0.01086	0.00346	0.00494	0.02419	0.00790	0.00691
108	0.01982	0.01973	0.03595	0.17962	0.39864	0.02022	0.14948	0.02545	0.01903	0.02643	0.01608	0.02180	0.01292	0.00769	0.00878	0.00266	0.01126	0.00809	0.00414	0.01222
109	0.01216	0.00912	0.01368	0.01368	0.01520	0.01064	0.01064	0.01520	0.01368	0.01976	0.02279	0.03343	0.02127	0.06382	0.66720	0.01368	0.02279	0.00912	0.00456	0.00760
110	0.01226	0.00820	0.00932	0.00943	0.00946	0.00817	0.00532	0.01234	0.01261	0.01681	0.02801	0.09372	0.03245	0.66084	0.04139	0.00797	0.00805	0.01308	0.00532	0.00526
111	0.17306	0.03824	0.52173	0.02152	0.03256	0.01962	0.02678	0.02654	0.01724	0.02931	0.01455	0.01710	0.01045	0.00805	0.00749	0.00268	0.01132	0.00594	0.00394	0.01187
112	0.03182	0.03960	0.02420	0.02179	0.02631	0.62989	0.01643	0.06769	0.02503	0.02272	0.01357	0.01564	0.01116	0.00885	0.00772	0.00221	0.01500	0.00561	0.00462	0.01013
113	0.01530	0.00802	0.00818	0.00814	0.01017	0.00789	0.00610	0.01917	0.01831	0.03137	0.06772	0.03651	0.06113	0.01103	0.00643	0.00208	0.00399	0.00895	0.66162	0.00789
114	0.01043	0.00855	0.00919	0.00920	0.01177	0.00732	0.00684	0.01287	0.02003	0.02488	0.18253	0.11921	0.50535	0.02115	0.01011	0.00288	0.00430	0.01792	0.00816	0.00732
115	0.01089	0.00841	0.00999	0.01046	0.01243	0.00751	0.00772	0.01348	0.01983	0.02572	0.21792	0.23553	0.30775	0.02192	0.01037	0.00304	0.00463	0.05675	0.00828	0.00738
116	0.01765	0.01513	0.01765	0.01260	0.02017	0.01134	0.01008	0.02143	0.01765	0.02773	0.01513	0.01765	0.01260	0.00630	0.00630	0.00126	0.00630	0.00504	0.00504	0.75295
117	0.01216	0.00912	0.01368	0.01368	0.01520	0.01064	0.01064	0.01520	0.01368	0.01976	0.02279	0.03343	0.02127	0.06382	0.66720	0.01368	0.02279	0.00912	0.00456	0.00760
118	0.01204	0.00870	0.01138	0.01071	0.01271	0.00803	0.00803	0.01606	0.02409	0.03413	0.64335	0.06357	0.08030	0.01740	0.01004	0.00268	0.00401	0.01539	0.00937	0.00803
119	0.02849	0.03523	0.02441	0.16000	0.03308	0.53092	0.01795	0.03142	0.02263	0.02102	0.01357	0.01689	0.01104	0.00871	0.00785	0.00233	0.01451	0.00592	0.00426	0.00978
120	0.02106	0.02022	0.03454	0.05223	0.64784	0.02022	0.02612	0.02612	0.01938	0.02780	0.01601	0.02106	0.01348	0.00758	0.00842	0.00253	0.01011	0.00758	0.00421	0.01348
121	0.02009	0.02296	0.05022	0.03587	0.04448	0.02152	0.61693	0.02726	0.02009	0.02726	0.01722	0.02296	0.01291	0.00717	0.01004	0.00287	0.01435	0.01004	0.00430	0.01148
122	0.01962	0.03866	0.45321	0.02981	0.16283	0.09558	0.02858	0.02760	0.01898	0.02641	0.01518	0.01830	0.01136	0.00806	0.00811	0.00260	0.01239	0.00646	0.00381	0.01245
123	0.01758	0.08682	0.58819	0.02415	0.03620	0.02077	0.05751	0.02687	0.01802	0.02651	0.01513	0.01791	0.01089	0.00799	0.00800	0.00265	0.01243	0.00635	0.00363	0.01242
124	0.01047	0.00864	0.00919	0.00905	0.01175	0.00736	0.00679	0.01301	0.02037	0.02530	0.20176	0.07810	0.52739	0.02069	0.01005	0.00283	0.00425	0.01743	0.00821	0.00736
125	0.02555	0.02861	0.02930	0.03756	0.35208	0.29046	0.02135	0.03050	0.05666	0.02534	0.01589	0.01929	0.01315	0.00831	0.00812	0.00241	0.01210	0.00682	0.00454	0.01197
126	0.01820	0.03614	0.42999	0.02860	0.03969	0.02042	0.25039	0.02707	0.01876	0.02707	0.01600	0.01983	0.01158	0.00774	0.00882	0.00276	0.01324	0.00769	0.00386	0.01217
127	0.01103	0.00881	0.01006	0.01074	0.01316	0.00784	0.00848	0.01359	0.01916	0.02352	0.07195	0.14146	0.43635	0.02253	0.01057	0.00320	0.00528	0.16705	0.00789	0.00733
128	0.02017	0.02138	0.04128	0.03904	0.23720	0.02182	0.32967	0.02581	0.01873	0.02636	0.01586	0.02165	0.01282	0.00853	0.01236	0.00289	0.11961	0.00883	0.00418	0.01178
129	0.02106	0.02022	0.03454	0.05223	0.64784	0.02022	0.02612	0.02612	0.01938	0.02780	0.01601	0.02106	0.01348	0.00758	0.00842	0.00253	0.01011	0.00758	0.00421	0.01348
130	0.01401	0.01144	0.01913	0.01645	0.01924	0.01148	0.13580	0.01741	0.01617	0.02320	0.02954	0.14496	0.05331	0.10896	0.22291	0.00690	0.01281	0.01238	0.11584	0.00805
131	0.01103	0.00805	0.01053	0.01227	0.01335	0.00755	0.00895	0.01310	0.01735	0.02266	0.05112	0.49790	0.12358	0.02540	0.01096	0.00348	0.00547	0.14221	0.00789	0.00714
132	0.01646	0.01151	0.01291	0.01169	0.01319	0.01213	0.00778	0.13720	0.01814	0.02434	0.02524	0.04698	0.02692	0.51699	0.07742	0.00744	0.00944	0.01119	0.00581	0.00723
133	0.03070	0.12056	0.02658	0.02104	0.02577	0.59065	0.01622	0.03296	0.02330	0.02073	0.01300	0.01514	0.01096	0.00859	0.00741	0.00215	0.01460	0.00537	0.00430	0.00999
134	0.03467	0.01632	0.02048	0.01594	0.02223	0.01561	0.01308	0.16065	0.05922	0.46312	0.06387	0.02920	0.02315	0.01089	0.00863	0.00263	0.00748	0.00880	0.00995	0.01408
135	0.01216	0.00912	0.01368	0.01368	0.01520	0.01064	0.01064	0.01520	0.01368	0.01976	0.02279	0.03343	0.02127	0.06382	0.66720	0.01368	0.02279	0.00912	0.00456	0.00760
136	0.02009	0.02296	0.05022	0.03587	0.04448	0.02152	0.61693	0.02726	0.02009	0.02726	0.01722	0.02296	0.01291	0.00717	0.01004	0.00287	0.01435	0.01004	0.00430	0.01148
137	0.03179	0.04056	0.02412	0.02192	0.02631	0.66676	0.01644	0.03398	0.02412	0.02083	0.01315	0.01535	0.01096	0.00877	0.00767	0.00219	0.01535	0.00548	0.00438	0.00987
138	0.01429	0.01018	0.01392	0.01343	0.01545	0.01159	0.01050	0.06559	0.01638	0.02407	0.02323	0.03214	0.02078	0.05255	0.52876	0.01127	0.01929	0.00885	0.09951	0.00821
139	0.01136	0.00855	0.01051	0.01029	0.01236	0.00770	0.00761	0.01464	0.02208	0.02999	0.43883	0.13349	0.22256	0.01942	0.01013	0.00281	0.00419	0.01696	0.00884	0.00770
140	0.01017	0.00863	0.00877	0.00873	0.01156	0.00723	0.00655	0.01242	0.01965	0.02359	0.11634	0.08091	0.61387	0.02133	0.01006	0.00286	0.00429	0.01782	0.00798	0.00723
141	0.01216	0.00912	0.01368	0.01368	0.01520	0.01064	0.01064	0.01520	0.01368	0.01976	0.02279	0.03343	0.02127	0.06382	0.66720	0.01368	0.02279	0.00912	0.00456	0.00760
142	0.03179	0.04056	0.02412	0.02192	0.02631	0.66676	0.01644	0.03398	0.02412	0.02083	0.01315	0.01535	0.01096	0.00877	0.00767	0.00219	0.01535	0.00548	0.00438	0.00987
143	0.02728	0.37250	0.03433	0.01825	0.02408	0.35098	0.01550	0.02974	0.02071	0.02043	0.01249	0.01450	0.01094	0.00803	0.00657	0.00201	0.01223	0.00502	0.00401	0.01039
144	0.01239	0.01065	0.01085	0.01044	0.01372	0.01012	0.00793	0.01913	0.14794	0.02563	0.07540	0.07138	0.51472	0.01945	0.00976	0.00288	0.00482	0.01621	0.00806	0.00850
145	0.01250	0.00863	0.01125	0.01125	0.01209	0.00935	0.00777	0.01419	0.01335	0.01903	0.02500	0.04370	0.02582	0.35731	0.33258	0.01037	0.01477	0.01056	0.05401	0.00648
146	0.01795	0.03808	0.48961	0.02843	0.07544	0.02017	0.15617	0.02697	0.01850	0.02707	0.01573	0.01922	0.01140	0.00786	0.00852	0.00272	0.01281	0.00717	0.00378	0.01240
147	0.01054	0.00762	0.01002	0.01188	0.01260	0.00709	0.00815	0.01220	0.01667	0.02201	0.04913	0.62439	0.09083	0.02618	0.01087	0.00345	0.00507	0.05643	0.00790	0.00698
148	0.01478	0.00739	0.01109	0.01109	0.01109	0.00739	0.00739	0.01109	0.01109	0.01478	0.01478	0.02587	0.01478	0.02956	0.03326	0.75240	0.00739	0.00739	0.00370	0.00370
149	0.02404	0.01520	0.01761	0.01536	0.02016	0.01568	0.01241	0.10226	0.22101	0.19459	0.04263	0.04670	0.12867	0.01440	0.00927	0.00292	0.00692	0.08923	0.00889	0.01205
150	0.12481	0.11578	0.32979	0.02144	0.03044	0.15705	0.05489	0.02800	0.01881	0.02644	0.01405	0.01660	0.01073	0.00806	0.00740	0.00249	0.01201	0.00588	0.00404	0.01129
151	0.01925	0.27383	0.40291	0.02164	0.03210	0.02474	0.06426	0.02646	0.01787	0.02455	0.01420	0.01679	0.01097	0.00774	0.00730	0.00240	0.01148	0.00593	0.00366	0.01193
152	0.01092	0.00777	0.01038	0.01226	0.01293	0.00737	0.00858	0.01267	0.01657	0.02201	0.04576	0.58452	0.05415	0.05617	0.01243	0.00373	0.00548	0.10157	0.00777	0.00696
153	0.02017	0.40471	0.32327	0.01897	0.02867	0.02734	0.02225	0.02615	0.01760	0.02318	0.01340	0.01562	0.01086	0.00765	0.00666	0.00222	0.01068	0.00534	0.00362	0.01167
154	0.03145	0.02236	0.02427	0.01893	0.02547	0.02458	0.01553	0.49957	0.11233	0.10176	0.02330	0.02255	0.01646	0.01041	0.00854	0.00260	0.00886	0.00798	0.00870	0.01435
155	0.01037	0.00741	0.00987	0.01185	0.01234	0.00691	0.00790	0.01185	0.01629	0.02172	0.04690	0.69537	0.05629	0.02666	0.01086	0.00346	0.00494	0.02419	0.00790	0.00691
156	0.02869	0.06717	0.02652	0.02225	0.02623	0.50367	0.04256	0.03107	0.02179	0.02101	0.01294	0.01614	0.01108	0.00964	0.01102	0.00246	0.12568	0.00596	0.00424	0.00989
157	0.02188	0.02222	0.03384	0.07867	0.52348	0.08727	0.05571	0.02678	0.01979	0.02676	0.01573	0.02065	0.01309	0.00773	0.00844	0.00253	0.01093	0.00749	0.00421	0.01281
158	0.01760	0.01267	0.01466	0.01362	0.01595	0.01334	0.00985	0.19495	0.02227	0.02986	0.03235	0.28882	0.03512	0.19698	0.05751	0.00502	0.00818	0.01529	0.00718	0.00878
159	0.01114	0.00936	0.00944	0.00915	0.01222	0.00811	0.00694	0.04163	0.02040	0.02447	0.08302	0.07892	0.61387	0.02100	0.00998	0.00286	0.00456	0.01746	0.00793	0.00754
160	0.01016	0.00823	0.00903	0.00967	0.01177	0.00710	0.00693	0.01209	0.01839	0.02258	0.07342	0.28159	0.45295	0.02322	0.01032	0.00306	0.00451	0.01999	0.00790	0.00710
161	0.01206	0.00812	0.00938	0.00969	0.00976	0.00804	0.00559	0.01229	0.01299	0.01732	0.02998	0.15663	0.03494	0.59453	0.03819	0.00749	0.00773	0.01424	0.00559	0.00543
162	0.01892	0.25952	0.45754	0.02110	0.03195	0.02429	0.02595	0.02647	0.01775	0.02470	0.01415	0.01656	0.01083	0.00782	0.00723	0.00241	0.01145	0.00572	0.00361	0.01204
163	0.02596	0.01836	0.02357	0.08091	0.16041	0.04619	0.01713	0.07428	0.19499	0.19314	0.02732	0.02961	0.02047	0.01054	0.00867	0.00274	0.00859	0.03656	0.00754	0.01303
164	0.01220	0.00894	0.01276	0.01276	0.01396	0.01014	0.00950	0.01461	0.01341	0.01908	0.02363	0.03807	0.02329	0.19649	0.53729	0.01255	0.01977	0.00980	0.00468	0.00709
165	0.01773	0.01741	0.02785	0.42584	0.18905	0.04647	0.05692	0.02297	0.01820	0.02350	0.02006	0.02593	0.05377	0.00909	0.00864	0.00274	0.01094	0.00831	0.00421	0.01037
166	0.03123	0.03950	0.02466	0.02350	0.05862	0.63314	0.01695	0.03357	0.02387	0.02119	0.01330	0.01564	0.01109	0.00871	0.00771	0.00221	0.01507	0.00559	0.00438	0.01005
167	0.02106	0.02022	0.03454	0.05223	0.64784	0.02022	0.02612	0.02612	0.01938	0.02780	0.01601	0.02106	0.01348	0.00758	0.00842	0.00253	0.01011	0.00758	0.00421	0.01348
168	0.02423	0.05397	0.02085	0.01884	0.05703	0.28932	0.01380	0.02739	0.02287	0.08305	0.18062	0.03430	0.03238	0.01175	0.00847	0.00240	0.01005	0.04317	0.00644	0.05908

[dist]
# distance from previous block
# <min> <max>
1	4

[block]
# block no. 1 follows, 21 sequences, length 40
# corresponding to MSA columns:
# 173-212
name=unknown_B
#
# <colnr> <probs for GDERKNQSTAVLIFYWHMCP>
#	G	D	E	R	K	N	Q	S	T	A	V	L	I	F	Y	W	H	M	C	P
0	0.15582	0.16931	0.02602	0.15936	0.07124	0.05193	0.01591	0.06162	0.12030	0.02891	0.02078	0.02291	0.04455	0.00931	0.00731	0.00252	0.00886	0.00712	0.00536	0.01087
1	0.02467	0.22098	0.02690	0.01658	0.02189	0.23587	0.01373	0.12688	0.02387	0.02666	0.02960	0.02993	0.14668	0.01132	0.00769	0.00229	0.01019	0.00825	0.00563	0.01038
2	0.01852	0.05879	0.12866	0.02411	0.15491	0.01549	0.04561	0.02315	0.01833	0.06840	0.02328	0.16380	0.02230	0.01159	0.00830	0.00243	0.00846	0.01032	0.00550	0.18806
3	0.01427	0.01235	0.04261	0.01432	0.01735	0.01140	0.01227	0.02160	0.12197	0.02897	0.18850	0.07248	0.12152	0.01915	0.01047	0.00327	0.00655	0.26384	0.00815	0.00895
4	0.02108	0.02383	0.03479	0.05445	0.03365	0.15825	0.28795	0.02563	0.01898	0.02370	0.01733	0.05977	0.01519	0.01383	0.05716	0.00363	0.12693	0.00928	0.00443	0.01016
5	0.02222	0.02524	0.23560	0.18546	0.03577	0.01787	0.02165	0.10268	0.02212	0.14840	0.05331	0.02669	0.04553	0.01000	0.00852	0.00271	0.01005	0.00819	0.00607	0.01193
6	0.01865	0.22853	0.48619	0.02155	0.03265	0.02364	0.02674	0.02654	0.01778	0.02502	0.01431	0.01676	0.01082	0.00786	0.00735	0.00245	0.01161	0.00580	0.00361	0.01212
7	0.01931	0.01968	0.02425	0.14905	0.24435	0.13944	0.01889	0.02303	0.01881	0.02353	0.02236	0.16497	0.02228	0.01587	0.05357	0.00348	0.01109	0.01083	0.00498	0.01026
8	0.01917	0.01964	0.03745	0.23965	0.24761	0.02029	0.23968	0.02519	0.01891	0.02574	0.01617	0.02225	0.01262	0.00772	0.00904	0.00275	0.01203	0.00847	0.00411	0.01151
9	0.01707	0.04402	0.65683	0.02426	0.03683	0.01976	0.03144	0.02695	0.01797	0.02695	0.01527	0.01797	0.01078	0.00809	0.00809	0.00270	0.01258	0.00629	0.00359	0.01258
10	0.02296	0.01961	0.03081	0.03352	0.26927	0.06117	0.14464	0.02757	0.02060	0.13059	0.02728	0.02944	0.08929	0.00966	0.00883	0.00258	0.01001	0.00923	0.00577	0.04718
11	0.01467	0.00945	0.01122	0.01033	0.01337	0.00824	0.00790	0.01770	0.02191	0.11326	0.29718	0.06751	0.33862	0.01842	0.00985	0.00276	0.00459	0.01567	0.00883	0.00851
12	0.01862	0.01862	0.02607	0.02234	0.02234	0.02607	0.01862	0.02048	0.01303	0.02048	0.01117	0.01862	0.01117	0.01489	0.02793	0.00372	0.68535	0.00745	0.00372	0.00931
13	0.01153	0.00873	0.01095	0.01226	0.04166	0.00809	0.00793	0.01361	0.01811	0.02398	0.17831	0.26310	0.19487	0.14840	0.01644	0.00400	0.00545	0.01784	0.00753	0.00720
14	0.03118	0.03940	0.02471	0.02366	0.06186	0.62977	0.01700	0.03353	0.02385	0.02123	0.01332	0.01567	0.01111	0.00870	0.00772	0.00221	0.01505	0.00560	0.00437	0.01007
15	0.02106	0.02022	0.03454	0.05223	0.64784	0.02022	0.02612	0.02612	0.01938	0.02780	0.01601	0.02106	0.01348	0.00758	0.00842	0.00253	0.01011	0.00758	0.00421	0.01348
16	0.01006	0.00862	0.00862	0.00862	0.01149	0.00718	0.00647	0.01221	0.01940	0.02299	0.08621	0.08190	0.64438	0.02155	0.01006	0.00287	0.00431	0.01796	0.00790	0.00718
17	0.01786	0.11119	0.55218	0.02404	0.03580	0.02132	0.06947	0.02682	0.01804	0.02625	0.01505	0.01786	0.01094	0.00794	0.00795	0.00262	0.01234	0.00636	0.00365	0.01233
18	0.02055	0.01969	0.03361	0.11734	0.58678	0.02008	0.02586	0.02566	0.01913	0.02717	0.01592	0.02123	0.01326	0.00768	0.00843	0.00256	0.01024	0.00758	0.00417	0.01306
19	0.01006	0.00862	0.00862	0.00862	0.01149	0.00718	0.00647	0.01221	0.01940	0.02299	0.08621	0.08190	0.64438	0.02155	0.01006	0.00287	0.00431	0.01796	0.00790	0.00718
20	0.02106	0.02022	0.03454	0.05223	0.64784	0.02022	0.02612	0.02612	0.01938	0.02780	0.01601	0.02106	0.01348	0.00758	0.00842	0.00253	0.01011	0.00758	0.00421	0.01348
21	0.01641	0.01547	0.02613	0.63830	0.09816	0.01900	0.02380	0.02204	0.01717	0.02215	0.01518	0.02258	0.01149	0.00845	0.00850	0.00282	0.01126	0.00756	0.00381	0.00972
22	0.01620	0.01530	0.02555	0.64729	0.05678	0.01927	0.02338	0.02168	0.01682	0.02168	0.01493	0.02248	0.01134	0.00883	0.00949	0.00288	0.04532	0.00756	0.00378	0.00945
23	0.01006	0.00862	0.00862	0.00862	0.01149	0.00718	0.00647	0.01221	0.01940	0.02299	0.08621	0.08190	0.64438	0.02155	0.01006	0.00287	0.00431	0.01796	0.00790	0.00718
24	0.01772	0.01680	0.02850	0.47349	0.25274	0.01934	0.02445	0.02318	0.01779	0.02374	0.01542	0.02215	0.01205	0.00820	0.00848	0.00273	0.01094	0.00757	0.00392	0.01078
25	0.01446	0.01148	0.01746	0.22639	0.03062	0.01268	0.01686	0.01893	0.01877	0.02429	0.03557	0.07276	0.03705	0.01875	0.01073	0.00358	0.00895	0.40577	0.00655	0.00835
26	0.01803	0.01775	0.02493	0.02155	0.02169	0.02465	0.01789	0.02000	0.01309	0.02041	0.01224	0.01997	0.01210	0.01938	0.08646	0.00464	0.62468	0.00760	0.00380	0.00915
27	0.01111	0.00918	0.00981	0.00956	0.01236	0.00816	0.00720	0.01490	0.05511	0.02608	0.20215	0.07515	0.48903	0.02010	0.00997	0.00283	0.00438	0.01694	0.00826	0.00772
28	0.01982	0.01332	0.01750	0.01552	0.01868	0.01493	0.01242	0.14594	0.02046	0.10218	0.02301	0.02944	0.01932	0.04381	0.41893	0.00953	0.05052	0.00866	0.00606	0.00995
29	0.02106	0.02022	0.03454	0.05223	0.64784	0.02022	0.02612	0.02612	0.01938	0.02780	0.01601	0.02106	0.01348	0.00758	0.00842	0.00253	0.01011	0.00758	0.00421	0.01348
30	0.02275	0.70604	0.04459	0.01456	0.02184	0.03367	0.01456	0.02548	0.01729	0.02002	0.01183	0.01365	0.01092	0.00728	0.00546	0.00182	0.00910	0.00455	0.00364	0.01092
31	0.17083	0.03278	0.02187	0.01929	0.02423	0.43713	0.01485	0.10211	0.02418	0.05749	0.01472	0.01629	0.01152	0.00886	0.00736	0.00234	0.01259	0.00572	0.00533	0.01050
32	0.02645	0.03815	0.17783	0.02673	0.10344	0.40530	0.04914	0.03105	0.02190	0.02342	0.01419	0.01701	0.01131	0.00839	0.00797	0.00238	0.01402	0.00614	0.00417	0.01102
33	0.02040	0.01996	0.01718	0.01710	0.06061	0.21784	0.01202	0.02361	0.02317	0.06958	0.28531	0.04553	0.12548	0.01409	0.00908	0.00254	0.00828	0.01161	0.00732	0.00930
34	0.01386	0.05803	0.01450	0.01136	0.01520	0.01121	0.00884	0.01868	0.07529	0.02707	0.17599	0.11990	0.24227	0.01636	0.00897	0.00251	0.00525	0.01388	0.00743	0.15341
35	0.02125	0.02367	0.02130	0.02216	0.09558	0.28051	0.04285	0.02407	0.01962	0.02197	0.02456	0.13693	0.04865	0.02385	0.14921	0.00496	0.01405	0.01040	0.00514	0.00928
36	0.01910	0.03575	0.38577	0.02087	0.02947	0.15363	0.02329	0.02611	0.02057	0.02719	0.14882	0.02714	0.02565	0.01022	0.00841	0.00259	0.01133	0.00806	0.00499	0.01104
37	0.02522	0.02912	0.15625	0.01966	0.02704	0.14155	0.01816	0.21224	0.11957	0.03543	0.01939	0.02029	0.01453	0.00914	0.00797	0.00238	0.01032	0.00689	0.00623	0.11862
38	0.02314	0.02724	0.16358	0.02913	0.13782	0.09636	0.14860	0.06409	0.07579	0.08562	0.02069	0.02543	0.01608	0.00929	0.00881	0.00271	0.01144	0.03637	0.00551	0.01230
39	0.05095	0.03503	0.32197	0.02880	0.09525	0.12726	0.16614	0.02803	0.01948	0.02655	0.01531	0.01885	0.01151	0.00793	0.00840	0.00263	0.01297	0.00710	0.00402	0.01182

[dist]
# distance from previous block
# <min> <max>
2	4

[block]
# block no. 2 follows, 21 sequences, length 20
# corresponding to MSA columns:
# 217-236
name=unknown_C
#
# <colnr> <probs for GDERKNQSTAVLIFYWHMCP>
#	G	D	E	R	K	N	Q	S	T	A	V	L	I	F	Y	W	H	M	C	P
0	0.01503	0.02861	0.36189	0.01992	0.02794	0.01532	0.06172	0.02200	0.01869	0.02684	0.12462	0.09283	0.06577	0.01648	0.06134	0.00366	0.01092	0.01059	0.00531	0.01053
1	0.04526	0.01672	0.01524	0.01445	0.01700	0.15689	0.01107	0.04695	0.01789	0.02428	0.02079	0.02748	0.01808	0.03522	0.31164	0.03900	0.01563	0.00778	0.15028	0.00836
2	0.01778	0.01897	0.07365	0.03075	0.28998	0.04574	0.01866	0.02419	0.08238	0.02656	0.03666	0.04088	0.17065	0.01488	0.03912	0.00323	0.00925	0.03980	0.00573	0.01115
3	0.01977	0.05638	0.10887	0.01717	0.02186	0.15932	0.01526	0.02599	0.09448	0.05168	0.03462	0.13730	0.08831	0.01550	0.00921	0.00291	0.00932	0.11569	0.00649	0.00989
4	0.01991	0.02281	0.07600	0.07158	0.19548	0.02114	0.38450	0.02641	0.01937	0.02684	0.01647	0.02204	0.01280	0.00769	0.01015	0.00281	0.03896	0.00900	0.00419	0.01185
5	0.02863	0.02543	0.07105	0.01805	0.02490	0.16234	0.01534	0.20219	0.02680	0.14357	0.01948	0.01996	0.01413	0.00887	0.00778	0.00220	0.00985	0.00662	0.00676	0.18604
6	0.07969	0.04102	0.45758	0.02267	0.03275	0.17105	0.02617	0.02844	0.01913	0.02641	0.01450	0.01702	0.01070	0.00823	0.00776	0.00257	0.01275	0.00597	0.00391	0.01168
7	0.14836	0.01594	0.02352	0.14279	0.28741	0.01719	0.01841	0.02287	0.01707	0.02757	0.01736	0.02400	0.01475	0.05008	0.07164	0.00391	0.01027	0.00749	0.06881	0.01057
8	0.01579	0.01350	0.01456	0.01268	0.01727	0.01305	0.00982	0.02601	0.23177	0.02906	0.08101	0.04852	0.25254	0.01430	0.00869	0.00249	0.00560	0.01191	0.00757	0.18385
9	0.02027	0.02127	0.07492	0.04405	0.48872	0.01904	0.05562	0.02559	0.01908	0.02771	0.01590	0.02049	0.01315	0.00742	0.00820	0.00238	0.00998	0.00728	0.00429	0.11464
10	0.02497	0.02615	0.02576	0.03163	0.27197	0.26307	0.01860	0.06424	0.02218	0.02737	0.01710	0.02058	0.01393	0.00857	0.00775	0.00231	0.01105	0.00685	0.12465	0.01128
11	0.02431	0.01968	0.09701	0.01641	0.02318	0.01602	0.01465	0.12545	0.06003	0.17248	0.02363	0.07387	0.01871	0.01039	0.00887	0.00234	0.03847	0.00828	0.00705	0.23916
12	0.02608	0.07384	0.02769	0.02569	0.14071	0.26914	0.04631	0.10480	0.02344	0.02789	0.01510	0.01774	0.01228	0.00810	0.00763	0.00214	0.01146	0.00623	0.00495	0.14879
13	0.01123	0.00940	0.00986	0.00961	0.01252	0.00842	0.00725	0.01539	0.06884	0.02560	0.16244	0.07527	0.51386	0.02016	0.00994	0.00285	0.00446	0.01693	0.00817	0.00781
14	0.03179	0.04056	0.02412	0.02192	0.02631	0.66676	0.01644	0.03398	0.02412	0.02083	0.01315	0.01535	0.01096	0.00877	0.00767	0.00219	0.01535	0.00548	0.00438	0.00987
15	0.01220	0.00828	0.00923	0.00923	0.00945	0.00817	0.00526	0.01236	0.01292	0.01700	0.03140	0.05771	0.07826	0.64852	0.04075	0.00784	0.00795	0.01281	0.00537	0.00531
16	0.02275	0.70604	0.04459	0.01456	0.02184	0.03367	0.01456	0.02548	0.01729	0.02002	0.01183	0.01365	0.01092	0.00728	0.00546	0.00182	0.00910	0.00455	0.00364	0.01092
17	0.02193	0.61044	0.13300	0.01596	0.02401	0.03166	0.01700	0.02569	0.01739	0.02102	0.01233	0.01427	0.01090	0.00740	0.00584	0.00195	0.00960	0.00480	0.00363	0.01116
18	0.01478	0.00739	0.01109	0.01109	0.01109	0.00739	0.00739	0.01109	0.01109	0.01478	0.01478	0.02587	0.01478	0.02956	0.03326	0.75240	0.00739	0.00739	0.00370	0.00370
19	0.01030	0.00768	0.00960	0.01113	0.01215	0.00697	0.00758	0.01193	0.01698	0.02201	0.05565	0.55893	0.18708	0.02553	0.01068	0.00333	0.00480	0.02281	0.00790	0.00697

[dist]
# distance from previous block
# <min> <max>
0	0

# created by:
# /home/cegg/simao/soft/augustus-3.2.1/scripts/msa2prfl.pl ./align_prep/12836.fa
