[name]
unknown

[dist]
# distance from previous block
# <min> <max>
0	1

[block]
# block no. 0 follows, 22 sequences, length 6
# corresponding to MSA columns:
# 1-6
name=unknown_A
#
# <colnr> <probs for GDERKNQSTAVLIFYWHMCP>
#	G	D	E	R	K	N	Q	S	T	A	V	L	I	F	Y	W	H	M	C	P
0	0.02559	0.02060	0.01911	0.01676	0.02146	0.15446	0.01332	0.11504	0.18177	0.14991	0.03327	0.03751	0.08204	0.01262	0.00869	0.00270	0.00868	0.07720	0.00774	0.01151
1	0.01984	0.01451	0.01669	0.01491	0.04660	0.01436	0.01098	0.16131	0.08536	0.08020	0.10216	0.04229	0.16506	0.07901	0.01176	0.00298	0.00664	0.01085	0.00749	0.10700
2	0.01084	0.00779	0.00974	0.01068	0.01140	0.00755	0.00707	0.01212	0.01487	0.01967	0.04199	0.37012	0.11321	0.22612	0.09259	0.00575	0.00760	0.01797	0.00658	0.00636
3	0.01360	0.00899	0.01125	0.04614	0.01389	0.00985	0.00825	0.01600	0.01479	0.02279	0.02613	0.10013	0.02563	0.20937	0.13487	0.00587	0.05101	0.01058	0.26384	0.00702
4	0.01253	0.00911	0.01079	0.01047	0.01198	0.00899	0.00727	0.04806	0.01762	0.02354	0.16248	0.10522	0.15690	0.27510	0.09857	0.00592	0.00797	0.01394	0.00668	0.00689
5	0.01112	0.00782	0.00874	0.00947	0.01121	0.00707	0.00674	0.01335	0.01747	0.02376	0.05762	0.30596	0.29341	0.02055	0.00927	0.00284	0.00437	0.01779	0.16438	0.00707

[dist]
# distance from previous block
# <min> <max>
3	4

[block]
# block no. 1 follows, 22 sequences, length 46
# corresponding to MSA columns:
# 11-56
name=unknown_B
#
# <colnr> <probs for GDERKNQSTAVLIFYWHMCP>
#	G	D	E	R	K	N	Q	S	T	A	V	L	I	F	Y	W	H	M	C	P
0	0.01560	0.01122	0.01323	0.01298	0.01487	0.01153	0.00923	0.16011	0.02087	0.02789	0.03644	0.43493	0.04118	0.13097	0.01511	0.00391	0.00638	0.01789	0.00743	0.00825
1	0.01793	0.01278	0.01432	0.01288	0.01514	0.01348	0.00912	0.21121	0.02168	0.02899	0.02866	0.19186	0.03068	0.32605	0.02404	0.00518	0.00766	0.01324	0.00671	0.00837
2	0.04674	0.00808	0.00951	0.01050	0.01175	0.00758	0.00717	0.01254	0.01648	0.02234	0.08339	0.42404	0.18441	0.09932	0.01364	0.00369	0.00507	0.01959	0.00737	0.00678
3	0.02642	0.01941	0.02125	0.01730	0.02246	0.02119	0.01385	0.48006	0.03349	0.04486	0.02616	0.18422	0.02395	0.01384	0.00886	0.00271	0.00810	0.01136	0.00817	0.01235
4	0.01136	0.00784	0.00968	0.01037	0.01068	0.00781	0.00650	0.01216	0.01357	0.01823	0.03280	0.28362	0.03813	0.40282	0.09159	0.00689	0.00826	0.01589	0.00593	0.00587
5	0.06367	0.21036	0.06681	0.01868	0.02426	0.36601	0.01581	0.03134	0.08696	0.02288	0.01481	0.01635	0.01216	0.00839	0.00694	0.00217	0.01191	0.00555	0.00453	0.01040
6	0.01886	0.06007	0.27261	0.07788	0.35567	0.02009	0.02680	0.02551	0.01816	0.02612	0.01511	0.01918	0.01192	0.00763	0.00797	0.00252	0.01081	0.00679	0.00383	0.01247
7	0.02416	0.02840	0.03307	0.03020	0.13133	0.29543	0.21460	0.02833	0.02051	0.02338	0.01486	0.01920	0.01215	0.01049	0.03795	0.00297	0.05081	0.00737	0.00420	0.01058
8	0.01607	0.01636	0.01345	0.01377	0.04511	0.16858	0.00922	0.01773	0.01813	0.02040	0.04755	0.05434	0.29417	0.20871	0.01822	0.00409	0.00814	0.01260	0.00597	0.00739
9	0.15506	0.05193	0.17042	0.01426	0.01885	0.01500	0.01377	0.01961	0.01487	0.02461	0.04203	0.03082	0.01991	0.20857	0.09233	0.00529	0.04379	0.00817	0.04221	0.00849
10	0.06413	0.01532	0.01400	0.01368	0.01594	0.13064	0.01018	0.01856	0.01797	0.05259	0.04291	0.28678	0.18203	0.01865	0.01099	0.00295	0.07261	0.01534	0.00666	0.00805
11	0.29099	0.01699	0.02128	0.08229	0.13843	0.04871	0.07267	0.02394	0.04708	0.03001	0.05713	0.09685	0.02049	0.01045	0.00759	0.00267	0.00828	0.00884	0.00538	0.00989
12	0.16743	0.01770	0.01999	0.01561	0.02188	0.01814	0.01289	0.24441	0.02741	0.33436	0.02442	0.02267	0.01620	0.00971	0.00776	0.00254	0.00768	0.00735	0.00866	0.01320
13	0.02056	0.01974	0.03372	0.05099	0.65622	0.01974	0.02550	0.02550	0.01892	0.02714	0.01563	0.02056	0.01316	0.00740	0.00822	0.00247	0.00987	0.00740	0.00411	0.01316
14	0.01216	0.01020	0.01456	0.22925	0.02651	0.01081	0.01236	0.01556	0.01833	0.02383	0.16104	0.20768	0.19170	0.01735	0.00951	0.00289	0.00652	0.01524	0.00669	0.00782
15	0.01380	0.01134	0.01265	0.01265	0.01574	0.01149	0.01014	0.02230	0.19133	0.02651	0.05921	0.07016	0.31333	0.01886	0.00989	0.00309	0.00581	0.17492	0.00790	0.00889
16	0.01904	0.02012	0.03624	0.03058	0.10135	0.02295	0.27369	0.02338	0.01630	0.02356	0.01390	0.02021	0.01187	0.01059	0.01783	0.00316	0.33253	0.00835	0.00393	0.01043
17	0.01955	0.01773	0.02815	0.33341	0.04274	0.01904	0.13206	0.13221	0.02134	0.02884	0.01608	0.02098	0.01212	0.00801	0.00823	0.00247	0.01046	0.00745	0.00483	0.13430
18	0.01729	0.01498	0.01775	0.01291	0.01982	0.01199	0.01037	0.02086	0.01694	0.02662	0.01452	0.01729	0.01222	0.00669	0.00750	0.00138	0.04993	0.00507	0.00484	0.71103
19	0.01009	0.00810	0.00901	0.00947	0.01156	0.00702	0.00684	0.01218	0.01854	0.02314	0.12801	0.24880	0.43405	0.02202	0.01003	0.00294	0.00435	0.01896	0.00785	0.00702
20	0.03103	0.03959	0.02354	0.02140	0.02568	0.67469	0.01605	0.03317	0.02354	0.02033	0.01284	0.01498	0.01070	0.00856	0.00749	0.00214	0.01498	0.00535	0.00428	0.00963
21	0.01167	0.00849	0.01098	0.01036	0.01236	0.00780	0.00777	0.01551	0.02331	0.03283	0.62635	0.06286	0.10418	0.01717	0.00980	0.00262	0.00393	0.01514	0.00908	0.00780
22	0.01187	0.00890	0.01335	0.01335	0.01483	0.01038	0.01038	0.01483	0.01335	0.01928	0.02225	0.03264	0.02077	0.06231	0.67512	0.01335	0.02225	0.00890	0.00445	0.00742
23	0.01187	0.00890	0.01335	0.01335	0.01483	0.01038	0.01038	0.01483	0.01335	0.01928	0.02225	0.03264	0.02077	0.06231	0.67512	0.01335	0.02225	0.00890	0.00445	0.00742
24	0.01876	0.01790	0.03047	0.28652	0.43477	0.01926	0.02460	0.02392	0.01806	0.02495	0.01531	0.02115	0.01239	0.00774	0.00825	0.00258	0.01031	0.00739	0.00396	0.01171
25	0.02381	0.59103	0.03991	0.01552	0.02211	0.14916	0.01455	0.02638	0.01809	0.01969	0.01178	0.01363	0.01067	0.00737	0.00572	0.00184	0.00999	0.00461	0.00369	0.01047
26	0.01187	0.00890	0.01335	0.01335	0.01483	0.01038	0.01038	0.01483	0.01335	0.01928	0.02225	0.03264	0.02077	0.06231	0.67512	0.01335	0.02225	0.00890	0.00445	0.00742
27	0.03158	0.02327	0.02493	0.01911	0.02576	0.02576	0.01579	0.62852	0.03906	0.05236	0.01995	0.01995	0.01413	0.00997	0.00831	0.00249	0.00914	0.00748	0.00831	0.01413
28	0.02414	0.09885	0.33582	0.02095	0.03045	0.01854	0.08011	0.03076	0.01968	0.23035	0.02051	0.02104	0.01397	0.00850	0.00797	0.00254	0.01043	0.00703	0.00576	0.01261
29	0.20431	0.02755	0.02180	0.02044	0.05348	0.32088	0.01535	0.02737	0.01832	0.02466	0.01218	0.01570	0.01046	0.00981	0.01195	0.00264	0.18354	0.00573	0.00432	0.00952
30	0.01012	0.00723	0.00964	0.01157	0.01205	0.00675	0.00771	0.01157	0.01591	0.02121	0.04579	0.70262	0.05495	0.02603	0.01060	0.00337	0.00482	0.02362	0.00771	0.00675
31	0.02253	0.01905	0.01995	0.01565	0.02205	0.05303	0.01251	0.18626	0.16836	0.03512	0.02045	0.02102	0.01573	0.00847	0.00733	0.00198	0.00751	0.00665	0.00660	0.34974
32	0.02415	0.02817	0.01957	0.01880	0.05241	0.39958	0.01356	0.06434	0.02291	0.02335	0.03495	0.03517	0.20479	0.01236	0.00828	0.00238	0.01111	0.00926	0.00557	0.00930
33	0.02242	0.23953	0.29799	0.02024	0.02870	0.21110	0.02164	0.02785	0.01906	0.02260	0.01333	0.01556	0.01061	0.00785	0.00702	0.00224	0.01205	0.00541	0.00374	0.01104
34	0.01910	0.02595	0.15508	0.03306	0.04213	0.02071	0.52354	0.02656	0.01925	0.02656	0.01648	0.02157	0.01225	0.00716	0.00947	0.00277	0.01371	0.00917	0.00408	0.01139
35	0.01764	0.01676	0.02845	0.43258	0.29744	0.01897	0.02404	0.02294	0.01754	0.02360	0.01511	0.02151	0.01191	0.00794	0.00827	0.00265	0.01059	0.00739	0.00386	0.01080
36	0.02194	0.68087	0.07337	0.01467	0.02202	0.03222	0.01501	0.02494	0.01691	0.01987	0.01171	0.01353	0.01065	0.00715	0.00545	0.00182	0.00905	0.00452	0.00355	0.01074
37	0.02030	0.01947	0.03324	0.08556	0.62372	0.01967	0.02536	0.02526	0.01879	0.02682	0.01558	0.02065	0.01305	0.00745	0.00823	0.00248	0.00993	0.00740	0.00409	0.01295
38	0.01012	0.00723	0.00964	0.01157	0.01205	0.00675	0.00771	0.01157	0.01591	0.02121	0.04579	0.70262	0.05495	0.02603	0.01060	0.00337	0.00482	0.02362	0.00771	0.00675
39	0.01319	0.00950	0.01312	0.01493	0.01689	0.00942	0.01300	0.01693	0.01911	0.02473	0.04616	0.09296	0.08052	0.02285	0.01138	0.00377	0.00746	0.56880	0.00765	0.00762
40	0.02075	0.18817	0.15329	0.03576	0.35952	0.05559	0.02334	0.02589	0.01841	0.02486	0.01439	0.01802	0.01196	0.00748	0.00744	0.00232	0.01034	0.00637	0.00388	0.01223
41	0.01004	0.00849	0.00872	0.00884	0.01159	0.00717	0.00674	0.01225	0.01895	0.02259	0.08170	0.08079	0.61589	0.02116	0.00992	0.00287	0.00442	0.05313	0.00771	0.00705
42	0.01216	0.00957	0.01411	0.04521	0.10843	0.00937	0.01143	0.01449	0.01665	0.02239	0.03996	0.52222	0.04643	0.02232	0.01024	0.00326	0.00606	0.07083	0.00702	0.00786
43	0.01012	0.00723	0.00964	0.01157	0.01205	0.00675	0.00771	0.01157	0.01591	0.02121	0.04579	0.70262	0.05495	0.02603	0.01060	0.00337	0.00482	0.02362	0.00771	0.00675
44	0.01873	0.12031	0.15958	0.02071	0.02451	0.05568	0.01973	0.02236	0.01485	0.02122	0.01248	0.01793	0.01127	0.01420	0.05120	0.00358	0.39147	0.00663	0.00367	0.00991
45	0.13516	0.18420	0.05879	0.01799	0.02384	0.28994	0.01531	0.13345	0.02309	0.02849	0.01371	0.01539	0.01103	0.00832	0.00683	0.00221	0.01122	0.00543	0.00491	0.01069

[dist]
# distance from previous block
# <min> <max>
6	9

[block]
# block no. 2 follows, 22 sequences, length 25
# corresponding to MSA columns:
# 66-90
name=unknown_C
#
# <colnr> <probs for GDERKNQSTAVLIFYWHMCP>
#	G	D	E	R	K	N	Q	S	T	A	V	L	I	F	Y	W	H	M	C	P
0	0.01603	0.01401	0.05618	0.01395	0.01748	0.01264	0.01170	0.14250	0.04715	0.03076	0.11887	0.19970	0.15946	0.01843	0.00976	0.00299	0.00647	0.10496	0.00776	0.00920
1	0.10077	0.02082	0.09479	0.01613	0.02205	0.05954	0.01415	0.18584	0.02427	0.22584	0.02293	0.02653	0.01741	0.11673	0.01313	0.00337	0.00882	0.00786	0.00727	0.01172
2	0.16294	0.11457	0.05886	0.01834	0.02234	0.22467	0.01566	0.02570	0.01755	0.02395	0.01408	0.02055	0.01282	0.01063	0.01208	0.00269	0.18450	0.04420	0.00436	0.00952
3	0.02880	0.16305	0.02505	0.01603	0.02196	0.09866	0.01343	0.14789	0.08216	0.23092	0.02736	0.02599	0.06233	0.01023	0.00773	0.00238	0.00854	0.00778	0.00744	0.01227
4	0.01391	0.12439	0.01593	0.01122	0.01455	0.04196	0.00910	0.01720	0.04895	0.02227	0.05736	0.06348	0.36777	0.07245	0.01169	0.00315	0.00628	0.08368	0.00670	0.00794
5	0.02325	0.42677	0.03556	0.01731	0.02235	0.16755	0.01542	0.02563	0.01744	0.01980	0.01169	0.01468	0.01072	0.00895	0.01031	0.00224	0.15128	0.00522	0.00372	0.01012
6	0.01095	0.00868	0.00999	0.01030	0.01276	0.00772	0.00815	0.01375	0.01978	0.02487	0.17414	0.07989	0.41851	0.02076	0.01018	0.00300	0.00492	0.14642	0.00795	0.00730
7	0.02714	0.03418	0.06255	0.02910	0.16990	0.44845	0.05855	0.03064	0.02191	0.02260	0.01384	0.01686	0.01137	0.00816	0.00783	0.00228	0.01361	0.00615	0.00420	0.01067
8	0.01792	0.01815	0.05781	0.06959	0.41290	0.01710	0.02069	0.02400	0.06808	0.02644	0.03113	0.03357	0.14586	0.01059	0.00856	0.00259	0.00862	0.00959	0.00515	0.01165
9	0.01126	0.00878	0.01048	0.01139	0.01366	0.00800	0.00922	0.01399	0.01877	0.02330	0.06521	0.13477	0.36592	0.02219	0.01054	0.00325	0.00562	0.24872	0.00769	0.00724
10	0.01995	0.11616	0.16083	0.02106	0.02597	0.13325	0.05847	0.02403	0.01661	0.02166	0.01380	0.01876	0.01197	0.01601	0.08805	0.00396	0.22893	0.00669	0.00383	0.01000
11	0.02306	0.17086	0.30683	0.01846	0.02728	0.01978	0.02056	0.03002	0.05006	0.18914	0.05095	0.02228	0.01719	0.00896	0.00760	0.00245	0.00955	0.00695	0.00578	0.01225
12	0.02237	0.02313	0.03590	0.07146	0.30829	0.12035	0.21266	0.02748	0.01995	0.05376	0.01629	0.02071	0.01283	0.00763	0.00862	0.00254	0.01189	0.00789	0.00442	0.01185
13	0.11102	0.03959	0.58288	0.02207	0.03345	0.01921	0.02796	0.02607	0.01711	0.02769	0.01449	0.01703	0.01033	0.00787	0.00755	0.00262	0.01154	0.00593	0.00371	0.01186
14	0.07929	0.01865	0.02993	0.16862	0.46194	0.01968	0.02328	0.05193	0.01901	0.02795	0.01534	0.02028	0.01247	0.00772	0.00800	0.00253	0.00979	0.00717	0.00430	0.01212
15	0.20650	0.08376	0.25022	0.01911	0.02665	0.23364	0.01939	0.02798	0.01861	0.02657	0.01317	0.01540	0.01022	0.00801	0.00690	0.00239	0.01147	0.00536	0.00417	0.01049
16	0.01006	0.00747	0.00939	0.01092	0.01188	0.00680	0.00742	0.01164	0.01653	0.02146	0.05370	0.57417	0.17829	0.02500	0.01044	0.00326	0.00469	0.02236	0.00771	0.00680
17	0.23071	0.10806	0.22547	0.05372	0.03067	0.02078	0.14440	0.02592	0.01710	0.05079	0.01458	0.01751	0.01092	0.00767	0.00724	0.00255	0.01033	0.00637	0.00437	0.01085
18	0.02934	0.01650	0.01862	0.01561	0.02093	0.06215	0.01262	0.06025	0.16553	0.36084	0.03479	0.03577	0.05747	0.01199	0.00865	0.00271	0.00750	0.05709	0.00900	0.01267
19	0.01006	0.00747	0.00939	0.01092	0.01188	0.00680	0.00742	0.01164	0.01653	0.02146	0.05370	0.57417	0.17829	0.02500	0.01044	0.00326	0.00469	0.02236	0.00771	0.00680
20	0.01132	0.00809	0.01098	0.01269	0.01376	0.00775	0.00957	0.01373	0.01756	0.02336	0.09326	0.45344	0.05448	0.02431	0.01082	0.00346	0.00567	0.21082	0.00781	0.00713
21	0.02136	0.01999	0.03308	0.04868	0.61057	0.02017	0.02479	0.06916	0.02037	0.02897	0.01594	0.02052	0.01323	0.00759	0.00823	0.00247	0.00982	0.00741	0.00442	0.01323
22	0.24856	0.16771	0.19405	0.02399	0.16703	0.02199	0.01947	0.02525	0.01667	0.02846	0.01335	0.01611	0.01068	0.00756	0.00660	0.00240	0.00924	0.00557	0.00415	0.01114
23	0.01948	0.02202	0.04683	0.03379	0.04141	0.02142	0.56969	0.02600	0.01897	0.02600	0.01626	0.02202	0.01245	0.00770	0.01142	0.00288	0.07694	0.00957	0.00415	0.01101
24	0.01792	0.03090	0.36302	0.05556	0.05515	0.01931	0.05067	0.03088	0.20127	0.02852	0.02189	0.02551	0.01680	0.00953	0.00834	0.00275	0.01032	0.03430	0.00521	0.01216

[dist]
# distance from previous block
# <min> <max>
0	7

[block]
# block no. 3 follows, 22 sequences, length 8
# corresponding to MSA columns:
# 98-105
name=unknown_D
#
# <colnr> <probs for GDERKNQSTAVLIFYWHMCP>
#	G	D	E	R	K	N	Q	S	T	A	V	L	I	F	Y	W	H	M	C	P
0	0.01937	0.09075	0.40703	0.02655	0.12374	0.09330	0.02612	0.02639	0.01801	0.02479	0.01424	0.01741	0.01097	0.00830	0.00905	0.00256	0.05978	0.00618	0.00369	0.01176
1	0.01869	0.28808	0.43767	0.02022	0.03060	0.02426	0.02467	0.02578	0.01730	0.02383	0.01368	0.01600	0.01057	0.00761	0.00696	0.00232	0.01104	0.00552	0.00352	0.01169
2	0.01241	0.00894	0.01127	0.01237	0.01351	0.00878	0.00857	0.07741	0.01838	0.02453	0.04303	0.62977	0.05059	0.02431	0.01036	0.00328	0.00528	0.02189	0.00778	0.00754
3	0.02088	0.02234	0.02698	0.31106	0.20766	0.17821	0.02169	0.02518	0.01865	0.02251	0.01427	0.01972	0.01153	0.00855	0.00936	0.00259	0.05763	0.00689	0.00394	0.01037
4	0.58724	0.01695	0.01738	0.02056	0.17005	0.01890	0.01297	0.02468	0.01529	0.03484	0.01254	0.01519	0.01000	0.00764	0.00588	0.00255	0.00725	0.00520	0.00489	0.01000
5	0.01327	0.01105	0.01758	0.26016	0.03034	0.01334	0.01503	0.01717	0.01454	0.01999	0.01951	0.02880	0.01722	0.04255	0.43121	0.00948	0.01816	0.00835	0.00417	0.00808
6	0.01830	0.01771	0.01577	0.01465	0.01845	0.11847	0.01116	0.03049	0.31392	0.02786	0.04694	0.08191	0.22101	0.01474	0.00885	0.00274	0.00706	0.01211	0.00752	0.01031
7	0.01845	0.01758	0.02991	0.32695	0.39675	0.01918	0.02445	0.02365	0.01792	0.02458	0.01525	0.02125	0.01226	0.00779	0.00826	0.00260	0.01039	0.00739	0.00393	0.01146

[dist]
# distance from previous block
# <min> <max>
0	31

[block]
# block no. 4 follows, 22 sequences, length 16
# corresponding to MSA columns:
# 137-152
name=unknown_E
#
# <colnr> <probs for GDERKNQSTAVLIFYWHMCP>
#	G	D	E	R	K	N	Q	S	T	A	V	L	I	F	Y	W	H	M	C	P
0	0.06646	0.01519	0.02431	0.43055	0.18095	0.01751	0.02095	0.02136	0.01701	0.02365	0.01981	0.06553	0.04338	0.00973	0.00829	0.00273	0.00980	0.00865	0.00431	0.00982
1	0.06092	0.12033	0.02584	0.01982	0.02449	0.45504	0.01562	0.09584	0.02333	0.02443	0.01328	0.01545	0.01101	0.00886	0.00842	0.00224	0.05471	0.00555	0.00463	0.01019
2	0.01808	0.02104	0.12557	0.19172	0.35497	0.01830	0.02445	0.02375	0.01819	0.02539	0.01830	0.02816	0.01591	0.00932	0.00853	0.00271	0.01028	0.06950	0.00429	0.01153
3	0.02085	0.02179	0.03196	0.19261	0.35441	0.11529	0.09286	0.02576	0.01914	0.02471	0.01516	0.02033	0.01225	0.00773	0.00832	0.00253	0.01137	0.00737	0.00405	0.01151
4	0.01287	0.00939	0.01266	0.01429	0.01634	0.00919	0.01235	0.01644	0.01910	0.02451	0.04986	0.09170	0.13622	0.02267	0.01123	0.00368	0.00715	0.51515	0.00766	0.00756
5	0.03147	0.02659	0.02465	0.01958	0.02575	0.15782	0.01584	0.50737	0.03590	0.04584	0.01850	0.01894	0.01343	0.00969	0.00814	0.00242	0.01033	0.00705	0.00749	0.01321
6	0.01069	0.00845	0.00962	0.00933	0.01175	0.00738	0.00700	0.01361	0.02099	0.02732	0.33872	0.07193	0.39524	0.01922	0.00981	0.00272	0.00408	0.01641	0.00836	0.00738
7	0.02007	0.01913	0.03202	0.11455	0.56083	0.01966	0.02459	0.02605	0.05194	0.02694	0.01651	0.02128	0.01360	0.00770	0.00824	0.00252	0.00982	0.00751	0.00430	0.01276
8	0.01187	0.00890	0.01335	0.01335	0.01483	0.01038	0.01038	0.01483	0.01335	0.01928	0.02225	0.03264	0.02077	0.06231	0.67512	0.01335	0.02225	0.00890	0.00445	0.00742
9	0.02614	0.23914	0.02827	0.01805	0.02303	0.38417	0.01465	0.02998	0.06217	0.02209	0.06516	0.01932	0.01709	0.00898	0.00709	0.00211	0.01170	0.00612	0.00473	0.01003
10	0.01818	0.01818	0.02545	0.02181	0.02181	0.02545	0.01818	0.01999	0.01272	0.01999	0.01091	0.01818	0.01091	0.01454	0.02726	0.00364	0.69284	0.00727	0.00364	0.00909
11	0.24061	0.22562	0.07685	0.01863	0.10581	0.02138	0.01467	0.02535	0.01771	0.08436	0.08152	0.02113	0.01849	0.00870	0.00661	0.00233	0.00788	0.00645	0.00527	0.01065
12	0.05985	0.06249	0.29350	0.01874	0.02689	0.04501	0.02009	0.12668	0.09173	0.05660	0.02344	0.02425	0.05672	0.00966	0.00778	0.00254	0.00956	0.00746	0.04520	0.01181
13	0.02443	0.02548	0.07842	0.14060	0.24823	0.18770	0.02122	0.05761	0.02110	0.09227	0.01672	0.01992	0.01280	0.00832	0.00804	0.00246	0.01125	0.00687	0.00489	0.01168
14	0.19454	0.29546	0.03030	0.02035	0.11697	0.05536	0.01515	0.02602	0.05825	0.02591	0.01366	0.01624	0.01167	0.00842	0.00834	0.00235	0.08045	0.00558	0.00438	0.01061
15	0.02373	0.07665	0.10319	0.01469	0.02036	0.01548	0.01329	0.09084	0.06290	0.22661	0.03421	0.03658	0.11566	0.11333	0.01322	0.00336	0.00780	0.00965	0.00734	0.01112

[dist]
# distance from previous block
# <min> <max>
0	2

[block]
# block no. 5 follows, 22 sequences, length 60
# corresponding to MSA columns:
# 155-214
name=unknown_F
#
# <colnr> <probs for GDERKNQSTAVLIFYWHMCP>
#	G	D	E	R	K	N	Q	S	T	A	V	L	I	F	Y	W	H	M	C	P
0	0.08635	0.03093	0.02058	0.01838	0.02278	0.45362	0.01401	0.05897	0.02321	0.07532	0.05327	0.02360	0.06441	0.01010	0.00771	0.00230	0.01200	0.00706	0.00554	0.00986
1	0.15395	0.08816	0.02458	0.01727	0.02371	0.02525	0.01450	0.46938	0.03275	0.04668	0.01774	0.01823	0.01294	0.00932	0.00749	0.00244	0.00866	0.00669	0.00732	0.01294
2	0.22777	0.19571	0.11038	0.01588	0.02210	0.16535	0.01481	0.05516	0.01878	0.02796	0.01391	0.01600	0.01120	0.00804	0.00628	0.00224	0.00962	0.00529	0.06339	0.01013
3	0.02287	0.24840	0.02718	0.01654	0.02162	0.20403	0.01371	0.03125	0.19497	0.02423	0.02345	0.02409	0.05696	0.01245	0.04181	0.00284	0.01031	0.00717	0.00545	0.01067
4	0.02206	0.03100	0.24598	0.02440	0.11207	0.16220	0.02119	0.12292	0.02203	0.02826	0.01800	0.07715	0.01553	0.01096	0.00942	0.04170	0.01113	0.00791	0.00490	0.01119
5	0.02191	0.17381	0.03259	0.02580	0.13132	0.11073	0.12677	0.03115	0.18173	0.02637	0.02041	0.02409	0.01670	0.00903	0.00796	0.00248	0.01014	0.03015	0.00530	0.01157
6	0.06226	0.06719	0.29665	0.02273	0.05500	0.30884	0.02221	0.02914	0.02004	0.02399	0.01371	0.01615	0.01064	0.00813	0.00748	0.00237	0.01293	0.00569	0.00396	0.01091
7	0.02043	0.17069	0.13477	0.01598	0.02169	0.01739	0.01556	0.06303	0.02015	0.12866	0.05413	0.12797	0.02882	0.01413	0.00861	0.00277	0.00819	0.13000	0.00657	0.01047
8	0.02038	0.02584	0.15553	0.03076	0.25144	0.13238	0.02155	0.05153	0.02037	0.02630	0.02291	0.03444	0.04272	0.01115	0.00868	0.00270	0.01061	0.11455	0.00498	0.01117
9	0.02399	0.02446	0.05815	0.03498	0.33833	0.16268	0.02068	0.03134	0.11893	0.07637	0.01920	0.02145	0.01501	0.00852	0.00809	0.00247	0.01036	0.00728	0.00529	0.01242
10	0.16096	0.29991	0.15998	0.01711	0.02428	0.16800	0.01701	0.02690	0.01796	0.02438	0.01252	0.01458	0.01033	0.00770	0.00629	0.00218	0.01046	0.00500	0.00400	0.01046
11	0.26532	0.02343	0.17489	0.02192	0.12474	0.01908	0.01794	0.03020	0.15353	0.06483	0.01899	0.02020	0.01421	0.00862	0.00719	0.00262	0.00845	0.00663	0.00557	0.01163
12	0.02636	0.23243	0.08724	0.01956	0.02510	0.38874	0.01698	0.02931	0.02038	0.02062	0.01253	0.01494	0.01069	0.00847	0.00819	0.00218	0.05691	0.00528	0.00396	0.01013
13	0.01732	0.01502	0.01827	0.01612	0.01864	0.01789	0.01285	0.06040	0.20464	0.03001	0.19600	0.03863	0.08288	0.01446	0.01454	0.00299	0.21133	0.01079	0.00713	0.01009
14	0.01182	0.00794	0.00914	0.00940	0.00946	0.00788	0.00539	0.01201	0.01259	0.01679	0.02881	0.14150	0.03353	0.61638	0.03803	0.00742	0.00762	0.01363	0.00539	0.00526
15	0.02289	0.66126	0.04200	0.01477	0.02166	0.08222	0.01436	0.02551	0.01739	0.01961	0.01165	0.01345	0.01066	0.00722	0.00550	0.00180	0.00935	0.00451	0.00361	0.01058
16	0.01176	0.00849	0.01110	0.01045	0.01241	0.00784	0.00784	0.01568	0.02352	0.03331	0.65184	0.06206	0.07839	0.01698	0.00980	0.00261	0.00392	0.01502	0.00914	0.00784
17	0.02471	0.52195	0.03786	0.01625	0.02256	0.21499	0.01474	0.02723	0.01877	0.01977	0.01192	0.01380	0.01067	0.00752	0.00594	0.00188	0.01061	0.00470	0.00376	0.01037
18	0.02066	0.01785	0.01878	0.01691	0.02160	0.02066	0.01315	0.04414	0.64121	0.03475	0.03381	0.03099	0.02536	0.01127	0.00845	0.00282	0.00657	0.00939	0.00845	0.01315
19	0.01797	0.03327	0.38670	0.02925	0.08988	0.02024	0.20661	0.02592	0.01796	0.02606	0.01527	0.01929	0.01139	0.00802	0.00974	0.00273	0.05669	0.00741	0.00377	0.01183
20	0.00982	0.00842	0.00842	0.00842	0.01122	0.00701	0.00631	0.01192	0.01894	0.02244	0.08416	0.07995	0.65285	0.02104	0.00982	0.00281	0.00421	0.01753	0.00771	0.00701
21	0.02080	0.38759	0.26750	0.01980	0.05452	0.07672	0.02084	0.02606	0.01772	0.02239	0.01305	0.01530	0.01072	0.00752	0.00655	0.00215	0.01063	0.00526	0.00362	0.01128
22	0.07328	0.00984	0.01230	0.01108	0.01389	0.00926	0.00852	0.01973	0.02283	0.11921	0.51833	0.05372	0.06518	0.01536	0.00924	0.00260	0.00454	0.01331	0.00899	0.00879
23	0.02474	0.01922	0.02126	0.01587	0.02287	0.01876	0.01296	0.33897	0.02865	0.04031	0.01748	0.01865	0.01326	0.00815	0.00728	0.00189	0.00772	0.00626	0.00670	0.36902
24	0.01640	0.01165	0.01339	0.01212	0.01605	0.01074	0.00940	0.02254	0.12422	0.10133	0.05042	0.13984	0.24712	0.01647	0.00903	0.00266	0.00557	0.05158	0.00768	0.13180
25	0.02641	0.34880	0.05820	0.01819	0.02409	0.35410	0.01579	0.02909	0.02025	0.02021	0.01233	0.01432	0.01068	0.00787	0.00652	0.00199	0.01208	0.00496	0.00392	0.01021
26	0.02196	0.01663	0.01841	0.01606	0.02019	0.01817	0.01247	0.29674	0.15377	0.03803	0.03168	0.25757	0.03049	0.01577	0.00913	0.00286	0.00713	0.01343	0.00813	0.01138
27	0.01205	0.00863	0.01178	0.01323	0.01470	0.00835	0.01057	0.01514	0.01889	0.02523	0.15465	0.28191	0.05562	0.02285	0.01089	0.00346	0.00607	0.31063	0.00794	0.00740
28	0.02060	0.02083	0.08042	0.27226	0.17844	0.02063	0.10376	0.14702	0.02217	0.02999	0.01629	0.02102	0.01232	0.00824	0.00846	0.00264	0.01091	0.00763	0.00478	0.01159
29	0.01943	0.03910	0.57821	0.02248	0.03397	0.01834	0.02821	0.02821	0.01838	0.11175	0.01731	0.01898	0.01187	0.00821	0.00795	0.00262	0.01158	0.00644	0.00442	0.01253
30	0.01723	0.01477	0.01723	0.01230	0.01969	0.01107	0.00984	0.02092	0.01723	0.02707	0.01477	0.01723	0.01230	0.00615	0.00615	0.00123	0.00615	0.00492	0.00492	0.75883
31	0.01034	0.00836	0.00919	0.00914	0.01158	0.00721	0.00680	0.01287	0.01992	0.02516	0.22790	0.11569	0.46613	0.02032	0.00986	0.00279	0.00417	0.01728	0.00808	0.00721
32	0.01160	0.00849	0.01089	0.01029	0.01231	0.00777	0.00771	0.01537	0.02314	0.03243	0.60567	0.06351	0.12511	0.01731	0.00980	0.00263	0.00394	0.01523	0.00903	0.00777
33	0.01092	0.00792	0.01037	0.01129	0.01252	0.00736	0.00811	0.01345	0.01897	0.02576	0.25826	0.39760	0.09692	0.02236	0.01035	0.00311	0.00469	0.06463	0.00820	0.00721
34	0.01032	0.00844	0.00911	0.00894	0.01153	0.00723	0.00671	0.01289	0.02012	0.02524	0.23039	0.07534	0.50487	0.01999	0.00981	0.00276	0.00413	0.01689	0.00808	0.00723
35	0.02056	0.01974	0.03372	0.05099	0.65622	0.01974	0.02550	0.02550	0.01892	0.02714	0.01563	0.02056	0.01316	0.00740	0.00822	0.00247	0.00987	0.00740	0.00411	0.01316
36	0.01064	0.00845	0.00955	0.00928	0.01172	0.00736	0.00696	0.01351	0.02087	0.02704	0.32412	0.07239	0.41002	0.01932	0.00981	0.00272	0.00409	0.01647	0.00832	0.00736
37	0.01723	0.01477	0.01723	0.01230	0.01969	0.01107	0.00984	0.02092	0.01723	0.02707	0.01477	0.01723	0.01230	0.00615	0.00615	0.00123	0.00615	0.00492	0.00492	0.75883
38	0.02618	0.01581	0.01863	0.01544	0.02002	0.01660	0.01218	0.19743	0.16056	0.19330	0.05527	0.02755	0.02134	0.01452	0.01335	0.15659	0.00742	0.00842	0.00792	0.01147
39	0.01070	0.00828	0.00976	0.00975	0.01186	0.00733	0.00717	0.01350	0.02049	0.02698	0.32495	0.16149	0.31786	0.01999	0.00992	0.00280	0.00417	0.01732	0.00833	0.00733
40	0.06284	0.24661	0.05707	0.01869	0.02432	0.39281	0.01577	0.05129	0.02133	0.02231	0.01273	0.01469	0.01072	0.00809	0.00676	0.00208	0.01236	0.00514	0.00421	0.01020
41	0.01017	0.00792	0.00895	0.00969	0.01132	0.00702	0.00672	0.01180	0.01707	0.02132	0.06344	0.31697	0.35883	0.09348	0.01345	0.00356	0.00484	0.01931	0.00744	0.00671
42	0.01191	0.00872	0.01241	0.01241	0.01357	0.00987	0.00921	0.01423	0.01307	0.01859	0.02311	0.03739	0.02283	0.20370	0.53656	0.01219	0.01914	0.00960	0.00458	0.00690
43	0.02301	0.60358	0.06851	0.01548	0.02248	0.10850	0.01516	0.02592	0.01770	0.01994	0.01185	0.01371	0.01066	0.00731	0.00570	0.00186	0.00976	0.00462	0.00364	0.01061
44	0.01920	0.02084	0.04312	0.03699	0.17556	0.01981	0.45449	0.02539	0.01922	0.02638	0.01843	0.06608	0.01547	0.00832	0.00951	0.00277	0.01250	0.01017	0.00441	0.01134
45	0.01148	0.00875	0.01043	0.01124	0.01323	0.00811	0.00887	0.01393	0.01796	0.02245	0.05954	0.10820	0.31497	0.11431	0.01484	0.00392	0.00605	0.23740	0.00733	0.00698
46	0.01645	0.03680	0.52485	0.16915	0.04061	0.01911	0.02902	0.02520	0.01734	0.02520	0.01488	0.01855	0.01064	0.00798	0.00798	0.00266	0.01201	0.00641	0.00355	0.01161
47	0.01170	0.00895	0.01103	0.01183	0.01412	0.00829	0.00975	0.01481	0.01958	0.02488	0.13520	0.08408	0.30456	0.02142	0.01058	0.00325	0.00575	0.28496	0.00786	0.00741
48	0.01656	0.02650	0.29174	0.02192	0.02942	0.01643	0.14115	0.07304	0.01929	0.02705	0.02496	0.22386	0.02455	0.01332	0.00912	0.00288	0.01012	0.01222	0.00531	0.01056
49	0.02009	0.02720	0.16581	0.07586	0.08212	0.13587	0.02154	0.02423	0.01648	0.02214	0.01282	0.01799	0.01099	0.01096	0.01651	0.00299	0.31570	0.00671	0.00376	0.01024
50	0.02118	0.53489	0.11373	0.01568	0.02276	0.06626	0.01595	0.02467	0.01704	0.02037	0.01293	0.01556	0.01150	0.01197	0.06258	0.00288	0.01077	0.00507	0.00367	0.01052
51	0.01064	0.00841	0.00934	0.00913	0.01142	0.00737	0.00670	0.01315	0.01983	0.02541	0.26225	0.07201	0.41483	0.07801	0.01257	0.00319	0.00444	0.01626	0.00795	0.00711
52	0.60106	0.01413	0.01165	0.01107	0.01519	0.01603	0.00872	0.02161	0.01452	0.03375	0.01906	0.16439	0.01906	0.01172	0.00634	0.00275	0.00607	0.00868	0.00570	0.00850
53	0.02283	0.05813	0.11262	0.02926	0.20397	0.25685	0.04672	0.02697	0.02003	0.02345	0.01997	0.02283	0.06594	0.00938	0.00898	0.00245	0.04709	0.00732	0.00435	0.01084
54	0.01080	0.00816	0.01098	0.01244	0.01288	0.00833	0.00860	0.01228	0.01564	0.02110	0.04283	0.64456	0.05121	0.02505	0.01202	0.00340	0.06319	0.02223	0.00737	0.00695
55	0.01169	0.00892	0.01081	0.01171	0.01386	0.00830	0.00953	0.01443	0.01844	0.02304	0.06033	0.08425	0.31527	0.08022	0.01335	0.00373	0.00615	0.29135	0.00746	0.00714
56	0.08063	0.52899	0.03615	0.01405	0.02050	0.05271	0.01330	0.06316	0.01852	0.02334	0.01830	0.01948	0.06524	0.00858	0.00597	0.00199	0.00854	0.00579	0.00437	0.01041
57	0.01031	0.00807	0.00954	0.01011	0.01194	0.00730	0.00730	0.01247	0.01797	0.02299	0.13003	0.28138	0.33536	0.02575	0.06652	0.00387	0.00591	0.01855	0.00760	0.00705
58	0.02677	0.11529	0.05347	0.02237	0.08327	0.45203	0.01642	0.02938	0.02108	0.02078	0.01417	0.01876	0.01257	0.06759	0.01027	0.00265	0.01307	0.00604	0.00421	0.00981
59	0.02625	0.03769	0.16294	0.02097	0.02681	0.47462	0.01856	0.03019	0.02223	0.02274	0.06750	0.01953	0.01640	0.00913	0.00777	0.00229	0.01345	0.00634	0.00452	0.01006

[dist]
# distance from previous block
# <min> <max>
0	5

# created by:
# /home/cegg/simao/soft/augustus-3.2.1/scripts/msa2prfl.pl ./align_prep/12843.fa
