[name]
unknown

[dist]
# distance from previous block
# <min> <max>
0	2

[block]
# block no. 0 follows, 19 sequences, length 9
# corresponding to MSA columns:
# 2-10
name=unknown_A
#
# <colnr> <probs for GDERKNQSTAVLIFYWHMCP>
#	G	D	E	R	K	N	Q	S	T	A	V	L	I	F	Y	W	H	M	C	P
0	0.01638	0.01278	0.01568	0.01641	0.01940	0.01354	0.01376	0.02647	0.19183	0.02965	0.04754	0.08027	0.08875	0.02092	0.01128	0.00372	0.00762	0.36561	0.00849	0.00990
1	0.02274	0.01602	0.01962	0.01787	0.05040	0.01591	0.01383	0.18910	0.02796	0.08759	0.16148	0.04937	0.03881	0.01481	0.00973	0.00284	0.00765	0.13287	0.00844	0.11297
2	0.01083	0.00807	0.01009	0.01171	0.01278	0.00733	0.00797	0.01254	0.01785	0.02313	0.05838	0.54937	0.18369	0.02685	0.01123	0.00350	0.00505	0.02399	0.00831	0.00733
3	0.03241	0.04072	0.02634	0.02591	0.08171	0.59326	0.01820	0.03498	0.02491	0.02255	0.01410	0.01667	0.01176	0.00911	0.00814	0.00234	0.01564	0.00596	0.00459	0.01071
4	0.01703	0.01276	0.01626	0.01531	0.01726	0.01464	0.01183	0.10473	0.01986	0.02862	0.02976	0.21659	0.03037	0.03155	0.18431	0.00620	0.11233	0.01349	0.10790	0.00920
5	0.01183	0.00828	0.01000	0.01098	0.01145	0.00793	0.00688	0.01274	0.01551	0.02045	0.04288	0.35325	0.09016	0.32550	0.02681	0.00587	0.00672	0.01931	0.00700	0.00645
6	0.02114	0.02083	0.03728	0.15038	0.45021	0.02124	0.11314	0.02690	0.02008	0.02812	0.01687	0.02272	0.01372	0.00806	0.00913	0.00276	0.01151	0.00836	0.00437	0.01317
7	0.02020	0.01927	0.03280	0.28075	0.41914	0.02075	0.02649	0.02575	0.01945	0.02687	0.01648	0.02278	0.01334	0.00833	0.00889	0.00278	0.01111	0.00796	0.00426	0.01260
8	0.02518	0.01767	0.01946	0.01614	0.02176	0.01839	0.01289	0.18016	0.20808	0.12931	0.04296	0.04047	0.15401	0.01357	0.00921	0.00279	0.00728	0.01102	0.00894	0.06071

[dist]
# distance from previous block
# <min> <max>
0	1

[block]
# block no. 1 follows, 19 sequences, length 26
# corresponding to MSA columns:
# 12-37
name=unknown_B
#
# <colnr> <probs for GDERKNQSTAVLIFYWHMCP>
#	G	D	E	R	K	N	Q	S	T	A	V	L	I	F	Y	W	H	M	C	P
0	0.18446	0.03072	0.02330	0.02036	0.02472	0.31897	0.01602	0.11038	0.02349	0.03058	0.01424	0.01714	0.01169	0.01036	0.01136	0.00274	0.12713	0.00625	0.00530	0.01080
1	0.28106	0.01766	0.01977	0.04907	0.12572	0.01950	0.01460	0.03220	0.19441	0.06128	0.02839	0.02887	0.07108	0.01081	0.00791	0.00286	0.00764	0.00850	0.00682	0.01184
2	0.01609	0.01191	0.01423	0.01256	0.01521	0.01174	0.00890	0.07218	0.01724	0.02426	0.02411	0.04158	0.02466	0.34250	0.17272	0.00793	0.01188	0.01020	0.00559	0.15451
3	0.01080	0.00881	0.00934	0.00970	0.01207	0.00758	0.00696	0.01278	0.01930	0.02345	0.07897	0.18762	0.48490	0.07095	0.01322	0.00353	0.00494	0.01960	0.00810	0.00735
4	0.01801	0.01532	0.01797	0.01319	0.02061	0.01159	0.01044	0.02181	0.01845	0.02870	0.01829	0.06579	0.01653	0.00815	0.00697	0.00149	0.00652	0.00674	0.00552	0.68791
5	0.36156	0.01466	0.01447	0.01267	0.01740	0.01590	0.01025	0.05212	0.01879	0.14584	0.02148	0.02380	0.01622	0.01726	0.09388	0.00422	0.00901	0.00699	0.13300	0.01048
6	0.01611	0.01392	0.01340	0.01249	0.01475	0.08708	0.00896	0.04861	0.02235	0.02885	0.28996	0.05884	0.13451	0.18956	0.01919	0.00429	0.00716	0.01405	0.00781	0.00813
7	0.01184	0.00914	0.01014	0.01040	0.01247	0.00827	0.00760	0.01390	0.01881	0.02342	0.09712	0.08015	0.36593	0.19112	0.01970	0.00460	0.00609	0.09449	0.00765	0.00715
8	0.03110	0.03889	0.02556	0.11297	0.03242	0.56132	0.01835	0.03392	0.02431	0.02203	0.01412	0.01722	0.01158	0.00918	0.00819	0.00240	0.01554	0.00607	0.00452	0.01031
9	0.01993	0.02064	0.03332	0.02680	0.02891	0.02629	0.15430	0.02319	0.01543	0.02319	0.01323	0.02064	0.01217	0.01377	0.02498	0.00371	0.51667	0.00847	0.00406	0.01032
10	0.02318	0.02323	0.03530	0.05198	0.57433	0.07913	0.02652	0.02822	0.02083	0.02855	0.01655	0.02159	0.01393	0.00809	0.00878	0.00262	0.01114	0.00777	0.00445	0.01382
11	0.01121	0.00901	0.01000	0.00992	0.01252	0.00780	0.00738	0.01402	0.02166	0.02757	0.24722	0.11588	0.43100	0.02168	0.01062	0.00300	0.00448	0.01847	0.00877	0.00780
12	0.01139	0.00812	0.01069	0.01206	0.01289	0.00759	0.00818	0.01344	0.01867	0.02534	0.17162	0.51527	0.06317	0.06095	0.01305	0.00373	0.00517	0.02279	0.00848	0.00742
13	0.74878	0.01730	0.01315	0.01177	0.01730	0.02007	0.00969	0.02630	0.01523	0.04014	0.01246	0.01453	0.00969	0.00830	0.00554	0.00277	0.00692	0.00484	0.00554	0.00969
14	0.03116	0.03836	0.02755	0.02942	0.14814	0.52392	0.01932	0.03407	0.02436	0.02336	0.01443	0.01734	0.01205	0.00897	0.00822	0.00238	0.01503	0.00620	0.00457	0.01113
15	0.01082	0.00811	0.01005	0.01159	0.01275	0.00734	0.00792	0.01255	0.01796	0.02318	0.05981	0.52894	0.20320	0.02666	0.01120	0.00348	0.00502	0.02377	0.00831	0.00734
16	0.01894	0.01746	0.01864	0.01677	0.01954	0.09876	0.01290	0.06896	0.01904	0.02537	0.02412	0.14586	0.02468	0.07445	0.15480	0.00580	0.12537	0.01119	0.00573	0.11163
17	0.02281	0.02333	0.03313	0.15606	0.44681	0.10917	0.02558	0.02782	0.02064	0.02710	0.01625	0.02160	0.01341	0.00832	0.00876	0.00266	0.01163	0.00766	0.00438	0.01290
18	0.07915	0.01246	0.01111	0.01079	0.01285	0.06344	0.00734	0.01604	0.01712	0.02241	0.04985	0.06176	0.25947	0.31054	0.02522	0.00541	0.00754	0.01395	0.00648	0.00705
19	0.03342	0.04264	0.02535	0.02305	0.02766	0.64967	0.01729	0.03572	0.02535	0.02190	0.01383	0.01613	0.01152	0.00922	0.00807	0.00230	0.01613	0.00576	0.00461	0.01037
20	0.02140	0.01832	0.01949	0.01759	0.02238	0.02103	0.01365	0.04482	0.56135	0.03729	0.08871	0.03635	0.03238	0.01268	0.00923	0.00301	0.00683	0.01065	0.00917	0.01365
21	0.03347	0.04115	0.02548	0.02284	0.02767	0.59709	0.01726	0.08342	0.02677	0.02481	0.01448	0.01659	0.01184	0.00935	0.00814	0.00234	0.01560	0.00596	0.00498	0.01078
22	0.02498	0.01708	0.02331	0.02591	0.17559	0.01753	0.01649	0.08116	0.14905	0.16736	0.11140	0.03372	0.02938	0.01647	0.06616	0.00383	0.00943	0.00995	0.00806	0.01314
23	0.02460	0.02211	0.03698	0.02798	0.03413	0.02381	0.26574	0.12910	0.08052	0.08008	0.02037	0.02404	0.01544	0.01063	0.01422	0.00314	0.15912	0.00935	0.00611	0.01255
24	0.02516	0.02698	0.03338	0.04639	0.46863	0.18944	0.02473	0.02967	0.02170	0.02727	0.01603	0.02053	0.01346	0.00831	0.00865	0.00256	0.01210	0.00738	0.00448	0.01315
25	0.12905	0.17871	0.13469	0.02023	0.02712	0.32062	0.01853	0.03121	0.02127	0.02539	0.01372	0.01600	0.01122	0.00863	0.00729	0.00238	0.01293	0.00557	0.00443	0.01101

[dist]
# distance from previous block
# <min> <max>
0	1

[block]
# block no. 2 follows, 19 sequences, length 7
# corresponding to MSA columns:
# 39-45
name=unknown_C
#
# <colnr> <probs for GDERKNQSTAVLIFYWHMCP>
#	G	D	E	R	K	N	Q	S	T	A	V	L	I	F	Y	W	H	M	C	P
0	0.02143	0.01394	0.01579	0.01352	0.01801	0.01362	0.01068	0.12627	0.07993	0.14272	0.14840	0.05680	0.26891	0.01681	0.00987	0.00288	0.00621	0.01396	0.00923	0.01103
1	0.06104	0.02319	0.13312	0.03288	0.27338	0.01931	0.02173	0.10386	0.02220	0.03278	0.02297	0.02675	0.05029	0.01424	0.05973	0.00361	0.01094	0.00836	0.06710	0.01253
2	0.02997	0.03221	0.02570	0.02468	0.08096	0.35611	0.01773	0.08807	0.10857	0.06040	0.01895	0.02068	0.01492	0.01034	0.01035	0.00265	0.07274	0.00715	0.00591	0.01190
3	0.02313	0.03155	0.18239	0.02779	0.15579	0.18528	0.02164	0.08038	0.02332	0.02870	0.02913	0.03081	0.11949	0.01125	0.00886	0.00268	0.01161	0.00895	0.00540	0.01187
4	0.02019	0.02104	0.01649	0.01511	0.01857	0.21936	0.01142	0.05662	0.02506	0.02951	0.25203	0.05248	0.19534	0.01599	0.00965	0.00269	0.00854	0.01298	0.00768	0.00925
5	0.02630	0.01690	0.01939	0.01570	0.02093	0.01726	0.01265	0.26539	0.03169	0.15177	0.18959	0.04395	0.12071	0.01443	0.00960	0.00278	0.00724	0.01185	0.00948	0.01238
6	0.02655	0.08909	0.08230	0.03440	0.22802	0.28384	0.07427	0.03102	0.02221	0.02536	0.01526	0.01890	0.01256	0.00847	0.00839	0.00249	0.01344	0.00691	0.00441	0.01210

[dist]
# distance from previous block
# <min> <max>
0	1

[block]
# block no. 3 follows, 19 sequences, length 59
# corresponding to MSA columns:
# 47-105
name=unknown_D
#
# <colnr> <probs for GDERKNQSTAVLIFYWHMCP>
#	G	D	E	R	K	N	Q	S	T	A	V	L	I	F	Y	W	H	M	C	P
0	0.09190	0.13193	0.30765	0.05455	0.03561	0.02257	0.13067	0.02730	0.01876	0.02827	0.01552	0.01896	0.01177	0.00807	0.00807	0.00263	0.01188	0.00687	0.00421	0.06283
1	0.02343	0.01930	0.02644	0.03190	0.25952	0.02020	0.01891	0.20800	0.06081	0.03771	0.06404	0.13639	0.02736	0.01314	0.00944	0.00286	0.00885	0.01159	0.00714	0.01297
2	0.23235	0.15552	0.25039	0.01927	0.02786	0.12535	0.02050	0.02866	0.01875	0.02936	0.01399	0.01635	0.01092	0.00841	0.00707	0.00256	0.01121	0.00563	0.00443	0.01142
3	0.02027	0.01555	0.01755	0.01556	0.01954	0.01660	0.01216	0.17868	0.16104	0.03907	0.20677	0.12273	0.07995	0.01658	0.00998	0.00300	0.00667	0.03787	0.00910	0.01134
4	0.02221	0.02098	0.03679	0.02779	0.03407	0.02191	0.29376	0.15491	0.02382	0.03269	0.01947	0.02534	0.01556	0.02107	0.14142	0.00532	0.07608	0.00954	0.00553	0.01174
5	0.13059	0.02022	0.02097	0.01971	0.05290	0.09518	0.01485	0.02916	0.15183	0.02900	0.02431	0.02716	0.05557	0.01670	0.06652	0.00392	0.16557	0.00834	0.00589	0.06159
6	0.01209	0.01143	0.05448	0.01188	0.01469	0.00881	0.00967	0.01566	0.02184	0.02945	0.31709	0.19296	0.22528	0.02080	0.01059	0.00304	0.00513	0.01814	0.00868	0.00829
7	0.36124	0.01974	0.01855	0.09695	0.02579	0.09342	0.01358	0.03229	0.05030	0.18041	0.01985	0.02075	0.01413	0.00937	0.00729	0.00275	0.00883	0.00663	0.00676	0.01138
8	0.01928	0.08498	0.43898	0.02923	0.07876	0.02220	0.14568	0.02823	0.01939	0.02795	0.01627	0.01985	0.01199	0.00821	0.00875	0.00279	0.01317	0.00737	0.00398	0.01293
9	0.02876	0.03496	0.02507	0.02255	0.02587	0.46021	0.01739	0.03104	0.02187	0.02173	0.01405	0.01826	0.01233	0.01475	0.05771	0.00352	0.16889	0.00651	0.00446	0.01007
10	0.01071	0.00854	0.00960	0.01045	0.01245	0.00744	0.00741	0.01268	0.01906	0.02362	0.07373	0.32889	0.39427	0.02485	0.01092	0.00327	0.00480	0.02156	0.00831	0.00744
11	0.02392	0.69097	0.04688	0.01531	0.02296	0.03540	0.01531	0.02679	0.01818	0.02105	0.01244	0.01435	0.01148	0.00765	0.00574	0.00191	0.00957	0.00478	0.00383	0.01148
12	0.01957	0.01556	0.02144	0.05420	0.16854	0.01433	0.01504	0.02517	0.06052	0.08033	0.11553	0.03680	0.09993	0.01143	0.00868	0.00238	0.00736	0.00992	0.00678	0.22648
13	0.61579	0.02125	0.08855	0.01397	0.02052	0.02065	0.01294	0.06345	0.01739	0.03978	0.01347	0.01550	0.01024	0.00848	0.00611	0.00277	0.00786	0.00526	0.00555	0.01047
14	0.03288	0.07952	0.02658	0.02261	0.02739	0.61472	0.01717	0.03522	0.02494	0.02185	0.01375	0.01603	0.01152	0.00913	0.00793	0.00228	0.01576	0.00571	0.00457	0.01043
15	0.02046	0.01108	0.01324	0.01157	0.01575	0.00949	0.00907	0.02336	0.02271	0.22472	0.14022	0.06556	0.36110	0.01834	0.01006	0.00291	0.00549	0.01532	0.00940	0.01016
16	0.01993	0.21585	0.24420	0.02381	0.03256	0.02461	0.14595	0.02640	0.01937	0.02656	0.07139	0.02323	0.01863	0.00950	0.00993	0.00270	0.06114	0.00792	0.00452	0.01179
17	0.01273	0.00918	0.01265	0.01279	0.01381	0.01013	0.00917	0.01481	0.01412	0.01981	0.02694	0.08407	0.02796	0.26121	0.41682	0.01187	0.01789	0.01169	0.00522	0.00713
18	0.02214	0.02126	0.03631	0.05491	0.62978	0.02126	0.02746	0.02746	0.02037	0.02923	0.01683	0.02214	0.01417	0.00797	0.00886	0.00266	0.01063	0.00797	0.00443	0.01417
19	0.01278	0.00959	0.01438	0.01438	0.01598	0.01118	0.01118	0.01598	0.01438	0.02077	0.02396	0.03515	0.02237	0.06710	0.65013	0.01438	0.02396	0.00959	0.00479	0.00799
20	0.01874	0.01033	0.01054	0.00980	0.01248	0.01065	0.00753	0.08978	0.02154	0.03610	0.02827	0.03194	0.02201	0.01046	0.00657	0.00216	0.00484	0.00830	0.64880	0.00916
21	0.02367	0.01769	0.02044	0.01498	0.02268	0.01524	0.01213	0.14138	0.02396	0.09069	0.01882	0.02024	0.01447	0.00787	0.00732	0.00173	0.00737	0.00620	0.00657	0.52654
22	0.01278	0.00959	0.01438	0.01438	0.01598	0.01118	0.01118	0.01598	0.01438	0.02077	0.02396	0.03515	0.02237	0.06710	0.65013	0.01438	0.02396	0.00959	0.00479	0.00799
23	0.01088	0.00786	0.01030	0.01226	0.01292	0.00728	0.00822	0.01248	0.01732	0.02292	0.05170	0.64543	0.09194	0.02772	0.01137	0.00360	0.00515	0.02505	0.00830	0.00728
24	0.02214	0.02126	0.03631	0.05491	0.62978	0.02126	0.02746	0.02746	0.02037	0.02923	0.01683	0.02214	0.01417	0.00797	0.00886	0.00266	0.01063	0.00797	0.00443	0.01417
25	0.01855	0.01590	0.01855	0.01325	0.02120	0.01193	0.01060	0.02253	0.01855	0.02915	0.01590	0.01855	0.01325	0.00663	0.00663	0.00133	0.00663	0.00530	0.00530	0.74028
26	0.01263	0.00902	0.01236	0.01443	0.01571	0.00876	0.01131	0.01544	0.01883	0.02477	0.04836	0.39537	0.05540	0.02640	0.01188	0.00387	0.00669	0.29276	0.00827	0.00774
27	0.01957	0.22124	0.47847	0.02273	0.03444	0.02475	0.02824	0.02791	0.01870	0.02636	0.01507	0.01766	0.01137	0.00827	0.00775	0.00258	0.01223	0.00612	0.00379	0.01275
28	0.01057	0.00906	0.00906	0.00906	0.01208	0.00755	0.00680	0.01284	0.02039	0.02417	0.09063	0.08610	0.62615	0.02266	0.01057	0.00302	0.00453	0.01888	0.00831	0.00755
29	0.02214	0.02126	0.03631	0.05491	0.62978	0.02126	0.02746	0.02746	0.02037	0.02923	0.01683	0.02214	0.01417	0.00797	0.00886	0.00266	0.01063	0.00797	0.00443	0.01417
30	0.74878	0.01730	0.01315	0.01177	0.01730	0.02007	0.00969	0.02630	0.01523	0.04014	0.01246	0.01453	0.00969	0.00830	0.00554	0.00277	0.00692	0.00484	0.00554	0.00969
31	0.01057	0.00906	0.00906	0.00906	0.01208	0.00755	0.00680	0.01284	0.02039	0.02417	0.09063	0.08610	0.62615	0.02266	0.01057	0.00302	0.00453	0.01888	0.00831	0.00755
32	0.02214	0.02126	0.03631	0.05491	0.62978	0.02126	0.02746	0.02746	0.02037	0.02923	0.01683	0.02214	0.01417	0.00797	0.00886	0.00266	0.01063	0.00797	0.00443	0.01417
33	0.01690	0.01590	0.02683	0.66408	0.06162	0.01988	0.02485	0.02286	0.01789	0.02286	0.01590	0.02385	0.01193	0.00894	0.00894	0.00298	0.01193	0.00795	0.00398	0.00994
34	0.04014	0.01523	0.02076	0.01592	0.02284	0.01315	0.01315	0.04360	0.02561	0.63597	0.03530	0.03045	0.02215	0.01107	0.00900	0.00277	0.00761	0.00900	0.01107	0.01523
35	0.02392	0.69097	0.04688	0.01531	0.02296	0.03540	0.01531	0.02679	0.01818	0.02105	0.01244	0.01435	0.01148	0.00765	0.00574	0.00191	0.00957	0.00478	0.00383	0.01148
36	0.01690	0.01590	0.02683	0.66408	0.06162	0.01988	0.02485	0.02286	0.01789	0.02286	0.01590	0.02385	0.01193	0.00894	0.00894	0.00298	0.01193	0.00795	0.00398	0.00994
37	0.02214	0.02126	0.03631	0.05491	0.62978	0.02126	0.02746	0.02746	0.02037	0.02923	0.01683	0.02214	0.01417	0.00797	0.00886	0.00266	0.01063	0.00797	0.00443	0.01417
38	0.01235	0.00848	0.00987	0.01038	0.01068	0.00826	0.00621	0.01286	0.01445	0.01909	0.03699	0.21274	0.07338	0.48574	0.03513	0.00711	0.00758	0.01640	0.00630	0.00600
39	0.02392	0.69097	0.04688	0.01531	0.02296	0.03540	0.01531	0.02679	0.01818	0.02105	0.01244	0.01435	0.01148	0.00765	0.00574	0.00191	0.00957	0.00478	0.00383	0.01148
40	0.01278	0.00959	0.01438	0.01438	0.01598	0.01118	0.01118	0.01598	0.01438	0.02077	0.02396	0.03515	0.02237	0.06710	0.65013	0.01438	0.02396	0.00959	0.00479	0.00799
41	0.03342	0.04264	0.02535	0.02305	0.02766	0.64967	0.01729	0.03572	0.02535	0.02190	0.01383	0.01613	0.01152	0.00922	0.00807	0.00230	0.01613	0.00576	0.00461	0.01037
42	0.03401	0.02506	0.02685	0.02058	0.02774	0.02774	0.01700	0.59995	0.04206	0.05638	0.02148	0.02148	0.01521	0.01074	0.00895	0.00268	0.00984	0.00805	0.00895	0.01521
43	0.03401	0.02506	0.02685	0.02058	0.02774	0.02774	0.01700	0.59995	0.04206	0.05638	0.02148	0.02148	0.01521	0.01074	0.00895	0.00268	0.00984	0.00805	0.00895	0.01521
44	0.01278	0.00959	0.01438	0.01438	0.01598	0.01118	0.01118	0.01598	0.01438	0.02077	0.02396	0.03515	0.02237	0.06710	0.65013	0.01438	0.02396	0.00959	0.00479	0.00799
45	0.03284	0.02176	0.02428	0.01883	0.02543	0.02329	0.01547	0.44583	0.03756	0.15208	0.08616	0.02768	0.02353	0.01158	0.00912	0.00271	0.00889	0.00905	0.00940	0.01452
46	0.01274	0.00856	0.00984	0.01010	0.01017	0.00850	0.00579	0.01294	0.01353	0.01804	0.03087	0.13727	0.03590	0.60225	0.04121	0.00803	0.00823	0.01458	0.00579	0.00565
47	0.01416	0.01022	0.01406	0.01598	0.01810	0.01011	0.01391	0.01815	0.02058	0.02660	0.05026	0.09993	0.08990	0.02458	0.01224	0.00405	0.00799	0.53275	0.00824	0.00819
48	0.01847	0.01866	0.01913	0.02308	0.14117	0.15586	0.01413	0.02133	0.02087	0.02559	0.10757	0.28188	0.08023	0.01816	0.00998	0.00299	0.00861	0.01587	0.00687	0.00953
49	0.08575	0.01797	0.02686	0.03234	0.28287	0.01715	0.01903	0.03537	0.02258	0.33077	0.02565	0.02569	0.01779	0.00953	0.00868	0.00272	0.00885	0.00824	0.00781	0.01436
50	0.02119	0.02392	0.05155	0.03900	0.09064	0.02252	0.55440	0.02857	0.02106	0.02870	0.01800	0.02398	0.01362	0.00757	0.01043	0.00299	0.01475	0.01036	0.00452	0.01222
51	0.02684	0.02832	0.03195	0.04155	0.38192	0.21827	0.02324	0.08682	0.02408	0.02963	0.01635	0.02020	0.01345	0.00864	0.00862	0.00255	0.01227	0.00729	0.00493	0.01309
52	0.07908	0.59855	0.04296	0.01554	0.02284	0.07377	0.01501	0.02733	0.01842	0.02254	0.01253	0.01448	0.01135	0.00780	0.00587	0.00200	0.00979	0.00485	0.00401	0.01127
53	0.01457	0.00997	0.01137	0.01089	0.01154	0.01028	0.00669	0.05739	0.01529	0.02052	0.02739	0.05413	0.03052	0.59176	0.08485	0.00862	0.00983	0.01240	0.00564	0.00634
54	0.02720	0.02373	0.02683	0.10282	0.13483	0.08612	0.01913	0.25113	0.16332	0.03998	0.02264	0.02404	0.01702	0.01021	0.00888	0.00276	0.01023	0.00827	0.00718	0.01369
55	0.02382	0.23057	0.35003	0.02072	0.03113	0.02367	0.02414	0.03071	0.01992	0.13876	0.01855	0.01969	0.01338	0.00873	0.00778	0.00255	0.01111	0.00651	0.00514	0.01308
56	0.02949	0.23162	0.03280	0.02395	0.08650	0.40573	0.01772	0.03226	0.02274	0.02238	0.01372	0.01621	0.01178	0.00863	0.00746	0.00222	0.01365	0.00569	0.00436	0.01108
57	0.01360	0.01034	0.01261	0.01208	0.01463	0.00894	0.00832	0.01550	0.01661	0.02342	0.03484	0.34724	0.03982	0.17086	0.01776	0.00411	0.00640	0.01678	0.00678	0.21938
58	0.02523	0.02660	0.03801	0.04028	0.28324	0.14350	0.18965	0.08776	0.02376	0.03042	0.01709	0.02149	0.01359	0.00837	0.00921	0.00270	0.01290	0.00830	0.00495	0.01293

[dist]
# distance from previous block
# <min> <max>
0	1

[block]
# block no. 4 follows, 19 sequences, length 53
# corresponding to MSA columns:
# 107-159
name=unknown_E
#
# <colnr> <probs for GDERKNQSTAVLIFYWHMCP>
#	G	D	E	R	K	N	Q	S	T	A	V	L	I	F	Y	W	H	M	C	P
0	0.06701	0.01911	0.02808	0.13777	0.18650	0.02058	0.07280	0.03482	0.21117	0.09268	0.02469	0.02661	0.01850	0.00977	0.00892	0.00288	0.00959	0.00881	0.00660	0.01309
1	0.03366	0.03534	0.02597	0.02202	0.02769	0.39138	0.01717	0.27005	0.03229	0.03622	0.01701	0.01835	0.01306	0.00985	0.00843	0.00246	0.01352	0.00671	0.00641	0.01238
2	0.01149	0.00841	0.00983	0.01068	0.01170	0.00780	0.00697	0.01274	0.01667	0.02142	0.05353	0.32056	0.20202	0.23894	0.02221	0.00510	0.00614	0.01967	0.00737	0.00675
3	0.01187	0.00819	0.01009	0.01121	0.01149	0.00791	0.00698	0.01271	0.01523	0.02031	0.03959	0.39379	0.04691	0.33073	0.02712	0.00595	0.00679	0.01971	0.00698	0.00642
4	0.02353	0.01985	0.02095	0.01847	0.02375	0.02285	0.01447	0.10761	0.55146	0.03949	0.03479	0.03208	0.02599	0.01199	0.00909	0.00300	0.00738	0.00989	0.00909	0.01428
5	0.02291	0.02332	0.03219	0.07702	0.39803	0.10208	0.02411	0.02845	0.05205	0.02723	0.01669	0.02169	0.01406	0.00957	0.01187	0.00284	0.11069	0.00778	0.00460	0.01280
6	0.01383	0.00914	0.01201	0.01197	0.01385	0.00990	0.00920	0.01732	0.01679	0.02579	0.06641	0.03991	0.06652	0.04369	0.37013	0.00913	0.01537	0.01022	0.23072	0.00809
7	0.01090	0.00779	0.01038	0.01246	0.01298	0.00727	0.00830	0.01246	0.01713	0.02284	0.04931	0.67975	0.05917	0.02803	0.01142	0.00363	0.00519	0.02543	0.00830	0.00727
8	0.01278	0.00959	0.01438	0.01438	0.01598	0.01118	0.01118	0.01598	0.01438	0.02077	0.02396	0.03515	0.02237	0.06710	0.65013	0.01438	0.02396	0.00959	0.00479	0.00799
9	0.03342	0.04264	0.02535	0.02305	0.02766	0.64967	0.01729	0.03572	0.02535	0.02190	0.01383	0.01613	0.01152	0.00922	0.00807	0.00230	0.01613	0.00576	0.00461	0.01037
10	0.74878	0.01730	0.01315	0.01177	0.01730	0.02007	0.00969	0.02630	0.01523	0.04014	0.01246	0.01453	0.00969	0.00830	0.00554	0.00277	0.00692	0.00484	0.00554	0.00969
11	0.01442	0.01030	0.01442	0.01648	0.01854	0.01030	0.01442	0.01854	0.02060	0.02677	0.04737	0.10092	0.05149	0.02471	0.01236	0.00412	0.00824	0.56956	0.00824	0.00824
12	0.02214	0.02126	0.03631	0.05491	0.62978	0.02126	0.02746	0.02746	0.02037	0.02923	0.01683	0.02214	0.01417	0.00797	0.00886	0.00266	0.01063	0.00797	0.00443	0.01417
13	0.01120	0.00909	0.00994	0.00972	0.01247	0.00782	0.00729	0.01406	0.02188	0.02770	0.25171	0.08029	0.46286	0.02134	0.01057	0.00296	0.00444	0.01807	0.00877	0.00782
14	0.01855	0.01590	0.01855	0.01325	0.02120	0.01193	0.01060	0.02253	0.01855	0.02915	0.01590	0.01855	0.01325	0.00663	0.00663	0.00133	0.00663	0.00530	0.00530	0.74028
15	0.01090	0.00779	0.01038	0.01246	0.01298	0.00727	0.00830	0.01246	0.01713	0.02284	0.04931	0.67975	0.05917	0.02803	0.01142	0.00363	0.00519	0.02543	0.00830	0.00727
16	0.01855	0.01590	0.01855	0.01325	0.02120	0.01193	0.01060	0.02253	0.01855	0.02915	0.01590	0.01855	0.01325	0.00663	0.00663	0.00133	0.00663	0.00530	0.00530	0.74028
17	0.01855	0.01590	0.01855	0.01325	0.02120	0.01193	0.01060	0.02253	0.01855	0.02915	0.01590	0.01855	0.01325	0.00663	0.00663	0.00133	0.00663	0.00530	0.00530	0.74028
18	0.02303	0.02222	0.03481	0.08292	0.54057	0.05225	0.02629	0.05668	0.02159	0.02992	0.01687	0.02190	0.01398	0.00822	0.00883	0.00266	0.01092	0.00787	0.00464	0.01382
19	0.01773	0.01675	0.02834	0.56760	0.15160	0.02010	0.02526	0.02359	0.01828	0.02387	0.01605	0.02358	0.01228	0.00879	0.00893	0.00293	0.01172	0.00795	0.00405	0.01061
20	0.01278	0.00959	0.01438	0.01438	0.01598	0.01118	0.01118	0.01598	0.01438	0.02077	0.02396	0.03515	0.02237	0.06710	0.65013	0.01438	0.02396	0.00959	0.00479	0.00799
21	0.02201	0.02162	0.03841	0.05273	0.55563	0.02143	0.09992	0.02761	0.02047	0.02916	0.01699	0.02240	0.01410	0.00792	0.00907	0.00270	0.01119	0.00830	0.00444	0.01390
22	0.01123	0.00856	0.01043	0.01177	0.01337	0.00775	0.00855	0.01337	0.01872	0.02381	0.06368	0.39619	0.25870	0.02571	0.01124	0.00348	0.00535	0.09231	0.00830	0.00749
23	0.03596	0.02193	0.02491	0.01910	0.02618	0.02310	0.01578	0.42293	0.03683	0.24079	0.02588	0.02433	0.01742	0.01085	0.00896	0.00271	0.00913	0.00835	0.00963	0.01522
24	0.01964	0.03444	0.32566	0.03203	0.04302	0.02176	0.33475	0.02851	0.02008	0.02851	0.01715	0.02169	0.01253	0.00799	0.00960	0.00293	0.01422	0.00872	0.00418	0.01260
25	0.01278	0.00959	0.01438	0.01438	0.01598	0.01118	0.01118	0.01598	0.01438	0.02077	0.02396	0.03515	0.02237	0.06710	0.65013	0.01438	0.02396	0.00959	0.00479	0.00799
26	0.01247	0.00914	0.01169	0.01105	0.01325	0.00836	0.00829	0.01651	0.02487	0.03480	0.57574	0.06861	0.13441	0.01869	0.01055	0.00283	0.00425	0.01643	0.00971	0.00836
27	0.02392	0.69097	0.04688	0.01531	0.02296	0.03540	0.01531	0.02679	0.01818	0.02105	0.01244	0.01435	0.01148	0.00765	0.00574	0.00191	0.00957	0.00478	0.00383	0.01148
28	0.01244	0.00914	0.01165	0.01102	0.01323	0.00835	0.00827	0.01645	0.02480	0.03464	0.56843	0.06887	0.14181	0.01875	0.01055	0.00284	0.00425	0.01647	0.00969	0.00835
29	0.01690	0.01590	0.02683	0.66408	0.06162	0.01988	0.02485	0.02286	0.01789	0.02286	0.01590	0.02385	0.01193	0.00894	0.00894	0.00298	0.01193	0.00795	0.00398	0.00994
30	0.01095	0.00806	0.01026	0.01187	0.01286	0.00738	0.00808	0.01276	0.01808	0.02376	0.08723	0.55418	0.14843	0.02666	0.01124	0.00349	0.00504	0.02391	0.00839	0.00738
31	0.02392	0.69097	0.04688	0.01531	0.02296	0.03540	0.01531	0.02679	0.01818	0.02105	0.01244	0.01435	0.01148	0.00765	0.00574	0.00191	0.00957	0.00478	0.00383	0.01148
32	0.01401	0.01003	0.01385	0.01528	0.01735	0.00987	0.01305	0.01816	0.02168	0.02886	0.17984	0.09310	0.05904	0.02324	0.01194	0.00382	0.00732	0.44266	0.00861	0.00828
33	0.01287	0.00861	0.00980	0.00994	0.00997	0.00858	0.00561	0.01297	0.01328	0.01771	0.02960	0.09993	0.03430	0.64178	0.04326	0.00834	0.00844	0.01384	0.00561	0.00554
34	0.03401	0.02506	0.02685	0.02058	0.02774	0.02774	0.01700	0.59995	0.04206	0.05638	0.02148	0.02148	0.01521	0.01074	0.00895	0.00268	0.00984	0.00805	0.00895	0.01521
35	0.01855	0.01590	0.01855	0.01325	0.02120	0.01193	0.01060	0.02253	0.01855	0.02915	0.01590	0.01855	0.01325	0.00663	0.00663	0.00133	0.00663	0.00530	0.00530	0.74028
36	0.01142	0.00862	0.01003	0.01056	0.01214	0.00780	0.00726	0.01337	0.01883	0.02433	0.14814	0.25956	0.26504	0.14158	0.01705	0.00418	0.00542	0.01943	0.00803	0.00722
37	0.01057	0.00906	0.00906	0.00906	0.01208	0.00755	0.00680	0.01284	0.02039	0.02417	0.09063	0.08610	0.62615	0.02266	0.01057	0.00302	0.00453	0.01888	0.00831	0.00755
38	0.01101	0.00908	0.00967	0.00952	0.01235	0.00774	0.00714	0.01369	0.02143	0.02662	0.20272	0.08206	0.51252	0.02174	0.01057	0.00298	0.00447	0.01831	0.00863	0.00774
39	0.02364	0.01779	0.01893	0.01639	0.02108	0.01994	0.01288	0.17666	0.31642	0.04013	0.03013	0.03011	0.02279	0.01241	0.00980	0.04083	0.00719	0.00911	0.16110	0.01267
40	0.01997	0.01188	0.01235	0.01104	0.01399	0.01244	0.00843	0.14158	0.02312	0.03671	0.02748	0.03319	0.02220	0.07280	0.01044	0.00282	0.00578	0.00871	0.51557	0.00951
41	0.01190	0.00905	0.01094	0.01060	0.01293	0.00810	0.00790	0.01536	0.02334	0.03146	0.42459	0.10178	0.25912	0.02016	0.01060	0.00292	0.00437	0.01749	0.00928	0.00810
42	0.01063	0.00886	0.00927	0.00960	0.01223	0.00751	0.00704	0.01278	0.01988	0.02396	0.08409	0.18012	0.53635	0.02351	0.01071	0.00312	0.00464	0.01992	0.00831	0.00751
43	0.01828	0.00988	0.01005	0.00947	0.01202	0.01013	0.00725	0.07429	0.02091	0.03548	0.02847	0.03226	0.02222	0.01045	0.00650	0.00214	0.00469	0.00831	0.66823	0.00897
44	0.01203	0.00836	0.01038	0.01118	0.01174	0.00802	0.00717	0.01338	0.01677	0.02269	0.13200	0.33260	0.05244	0.29119	0.02502	0.00553	0.00644	0.01897	0.00739	0.00671
45	0.01855	0.01590	0.01855	0.01325	0.02120	0.01193	0.01060	0.02253	0.01855	0.02915	0.01590	0.01855	0.01325	0.00663	0.00663	0.00133	0.00663	0.00530	0.00530	0.74028
46	0.01301	0.00867	0.00976	0.00976	0.00976	0.00867	0.00542	0.01301	0.01301	0.01735	0.02819	0.05855	0.03253	0.68559	0.04554	0.00867	0.00867	0.01301	0.00542	0.00542
47	0.01301	0.00867	0.00976	0.00976	0.00976	0.00867	0.00542	0.01301	0.01301	0.01735	0.02819	0.05855	0.03253	0.68559	0.04554	0.00867	0.00867	0.01301	0.00542	0.00542
48	0.01262	0.00874	0.00965	0.00965	0.01013	0.00850	0.00564	0.01298	0.01418	0.01843	0.03808	0.06291	0.12655	0.58059	0.04000	0.00778	0.00802	0.01394	0.00588	0.00576
49	0.02509	0.01859	0.02031	0.01784	0.02320	0.02081	0.01400	0.04692	0.52048	0.13222	0.03624	0.03292	0.02649	0.01197	0.00909	0.00299	0.00716	0.00994	0.00942	0.01433
50	0.31339	0.17271	0.02597	0.15298	0.02970	0.02476	0.01537	0.11653	0.02072	0.03465	0.01462	0.01758	0.01145	0.00868	0.00685	0.00260	0.00906	0.00600	0.00535	0.01103
51	0.01620	0.01423	0.01310	0.01274	0.01377	0.11067	0.00839	0.01717	0.01522	0.01872	0.02511	0.04740	0.02727	0.46128	0.15415	0.00875	0.01275	0.01121	0.00517	0.00669
52	0.01442	0.01030	0.01442	0.01648	0.01854	0.01030	0.01442	0.01854	0.02060	0.02677	0.04737	0.10092	0.05149	0.02471	0.01236	0.00412	0.00824	0.56956	0.00824	0.00824

[dist]
# distance from previous block
# <min> <max>
0	10

# created by:
# /home/cegg/simao/soft/augustus-3.2.1/scripts/msa2prfl.pl ./align_prep/12841.fa
