[name]
unknown

[dist]
# distance from previous block
# <min> <max>
0	0

[block]
# block no. 0 follows, 21 sequences, length 20
# corresponding to MSA columns:
# 0-19
name=unknown_A
#
# <colnr> <probs for GDERKNQSTAVLIFYWHMCP>
#	G	D	E	R	K	N	Q	S	T	A	V	L	I	F	Y	W	H	M	C	P
0	0.01371	0.00980	0.01371	0.01567	0.01763	0.00980	0.01371	0.01763	0.01959	0.02547	0.04506	0.09599	0.04898	0.02351	0.01175	0.00392	0.00784	0.59056	0.00784	0.00784
1	0.01006	0.00862	0.00862	0.00862	0.01149	0.00718	0.00647	0.01221	0.01940	0.02299	0.08621	0.08190	0.64438	0.02155	0.01006	0.00287	0.00431	0.01796	0.00790	0.00718
2	0.03029	0.02231	0.02384	0.01862	0.02494	0.02473	0.01527	0.52961	0.09103	0.05061	0.02217	0.02217	0.01597	0.01031	0.00836	0.00255	0.00878	0.00785	0.05664	0.01396
3	0.01142	0.00838	0.01071	0.01075	0.01249	0.00767	0.00782	0.01463	0.02171	0.02993	0.43900	0.21629	0.13744	0.02007	0.01024	0.00288	0.00427	0.01778	0.00885	0.00767
4	0.02216	0.01877	0.01980	0.01752	0.02251	0.02163	0.01371	0.09607	0.58000	0.03720	0.03338	0.03075	0.02496	0.01143	0.00865	0.00286	0.00697	0.00945	0.00865	0.01356
5	0.01050	0.00758	0.00995	0.01159	0.01233	0.00702	0.00784	0.01224	0.01714	0.02288	0.10167	0.60906	0.08752	0.02559	0.01075	0.00336	0.00482	0.02310	0.00803	0.00702
6	0.01745	0.01494	0.01578	0.01465	0.01872	0.01638	0.01141	0.03387	0.41604	0.03129	0.05052	0.05025	0.21065	0.01519	0.00925	0.00294	0.00608	0.04492	0.00839	0.01129
7	0.03123	0.03525	0.02513	0.02334	0.06676	0.47198	0.01701	0.17310	0.02760	0.02911	0.01508	0.01693	0.01196	0.00904	0.00792	0.00230	0.01358	0.00614	0.00536	0.01120
8	0.06092	0.63892	0.04197	0.01474	0.02178	0.06325	0.01438	0.02587	0.01747	0.02099	0.01190	0.01374	0.01084	0.00738	0.00556	0.00188	0.00927	0.00460	0.00376	0.01078
9	0.02269	0.01783	0.02299	0.23445	0.03452	0.02056	0.01743	0.29421	0.02684	0.03593	0.01920	0.02396	0.01491	0.02117	0.14996	0.00503	0.01290	0.00794	0.00612	0.01135
10	0.01448	0.00924	0.01215	0.01112	0.01355	0.00845	0.00845	0.01842	0.02411	0.09175	0.58664	0.06035	0.07479	0.01676	0.00990	0.00267	0.00431	0.01475	0.00948	0.00863
11	0.01640	0.01470	0.02304	0.42814	0.04350	0.01833	0.01988	0.05256	0.01710	0.02290	0.01662	0.02442	0.01363	0.02119	0.15212	0.00525	0.08882	0.00789	0.00420	0.00931
12	0.02275	0.70604	0.04459	0.01456	0.02184	0.03367	0.01456	0.02548	0.01729	0.02002	0.01183	0.01365	0.01092	0.00728	0.00546	0.00182	0.00910	0.00455	0.00364	0.01092
13	0.02101	0.02037	0.03542	0.05132	0.61413	0.02029	0.05912	0.02618	0.01942	0.02777	0.01607	0.02117	0.01345	0.00756	0.00852	0.00255	0.01035	0.00772	0.00422	0.01337
14	0.01033	0.00754	0.00973	0.01149	0.01225	0.00694	0.00774	0.01189	0.01664	0.02187	0.05129	0.62699	0.12183	0.02609	0.01077	0.00339	0.00487	0.02350	0.00790	0.00694
15	0.03235	0.02384	0.02554	0.01958	0.02639	0.02639	0.01618	0.61946	0.04001	0.05363	0.02043	0.02043	0.01447	0.01022	0.00851	0.00255	0.00936	0.00766	0.00851	0.01447
16	0.02275	0.70604	0.04459	0.01456	0.02184	0.03367	0.01456	0.02548	0.01729	0.02002	0.01183	0.01365	0.01092	0.00728	0.00546	0.00182	0.00910	0.00455	0.00364	0.01092
17	0.01037	0.00741	0.00987	0.01185	0.01234	0.00691	0.00790	0.01185	0.01629	0.02172	0.04690	0.69537	0.05629	0.02666	0.01086	0.00346	0.00494	0.02419	0.00790	0.00691
18	0.58864	0.01599	0.01423	0.01213	0.01771	0.01752	0.01000	0.02894	0.01684	0.18499	0.01703	0.01744	0.01204	0.00853	0.00605	0.00263	0.00674	0.00555	0.00652	0.01047
19	0.01037	0.00741	0.00987	0.01185	0.01234	0.00691	0.00790	0.01185	0.01629	0.02172	0.04690	0.69537	0.05629	0.02666	0.01086	0.00346	0.00494	0.02419	0.00790	0.00691

[dist]
# distance from previous block
# <min> <max>
0	4

[block]
# block no. 1 follows, 21 sequences, length 52
# corresponding to MSA columns:
# 24-75
name=unknown_B
#
# <colnr> <probs for GDERKNQSTAVLIFYWHMCP>
#	G	D	E	R	K	N	Q	S	T	A	V	L	I	F	Y	W	H	M	C	P
0	0.57937	0.01425	0.01216	0.01117	0.01515	0.01624	0.00877	0.02162	0.01366	0.03249	0.01256	0.01676	0.01057	0.01317	0.01208	0.18515	0.00678	0.00529	0.00488	0.00787
1	0.03179	0.04056	0.02412	0.02192	0.02631	0.66676	0.01644	0.03398	0.02412	0.02083	0.01315	0.01535	0.01096	0.00877	0.00767	0.00219	0.01535	0.00548	0.00438	0.00987
2	0.01080	0.00805	0.01017	0.01168	0.01295	0.00741	0.00845	0.01281	0.01752	0.02259	0.05579	0.46129	0.19227	0.02499	0.01081	0.00339	0.00523	0.10879	0.00789	0.00712
3	0.02106	0.02022	0.03454	0.05223	0.64784	0.02022	0.02612	0.02612	0.01938	0.02780	0.01601	0.02106	0.01348	0.00758	0.00842	0.00253	0.01011	0.00758	0.00421	0.01348
4	0.01607	0.01513	0.02552	0.68047	0.05861	0.01891	0.02363	0.02174	0.01702	0.02174	0.01513	0.02269	0.01134	0.00851	0.00851	0.00284	0.01134	0.00756	0.00378	0.00945
5	0.02752	0.01366	0.01725	0.01486	0.01956	0.01318	0.01162	0.03521	0.16420	0.35743	0.03703	0.19007	0.03069	0.01465	0.00914	0.00289	0.00657	0.01257	0.00946	0.01242
6	0.02080	0.01995	0.03407	0.08528	0.61685	0.02015	0.02599	0.02589	0.01925	0.02748	0.01596	0.02115	0.01337	0.00763	0.00843	0.00254	0.01017	0.00758	0.00419	0.01327
7	0.02106	0.02022	0.03454	0.05223	0.64784	0.02022	0.02612	0.02612	0.01938	0.02780	0.01601	0.02106	0.01348	0.00758	0.00842	0.00253	0.01011	0.00758	0.00421	0.01348
8	0.01037	0.00741	0.00987	0.01185	0.01234	0.00691	0.00790	0.01185	0.01629	0.02172	0.04690	0.69537	0.05629	0.02666	0.01086	0.00346	0.00494	0.02419	0.00790	0.00691
9	0.01037	0.00741	0.00987	0.01185	0.01234	0.00691	0.00790	0.01185	0.01629	0.02172	0.04690	0.69537	0.05629	0.02666	0.01086	0.00346	0.00494	0.02419	0.00790	0.00691
10	0.02080	0.01995	0.03406	0.08588	0.61628	0.02015	0.02598	0.02588	0.01925	0.02748	0.01596	0.02115	0.01337	0.00763	0.00843	0.00254	0.01018	0.00758	0.00419	0.01326
11	0.02420	0.02617	0.03149	0.04337	0.46616	0.20921	0.02329	0.02842	0.02076	0.02576	0.01517	0.01939	0.01274	0.00793	0.00821	0.00243	0.01164	0.00697	0.00426	0.01242
12	0.03127	0.03775	0.02399	0.02145	0.02609	0.57023	0.01626	0.09095	0.05852	0.02478	0.01502	0.01672	0.01211	0.00906	0.00781	0.00226	0.01431	0.00591	0.00501	0.01050
13	0.20052	0.54000	0.03687	0.01375	0.02055	0.03016	0.01327	0.02537	0.01662	0.02439	0.01184	0.01369	0.01051	0.00743	0.00541	0.00202	0.00849	0.00456	0.00403	0.01051
14	0.01006	0.00862	0.00862	0.00862	0.01149	0.00718	0.00647	0.01221	0.01940	0.02299	0.08621	0.08190	0.64438	0.02155	0.01006	0.00287	0.00431	0.01796	0.00790	0.00718
15	0.03179	0.04056	0.02412	0.02192	0.02631	0.66676	0.01644	0.03398	0.02412	0.02083	0.01315	0.01535	0.01096	0.00877	0.00767	0.00219	0.01535	0.00548	0.00438	0.00987
16	0.02839	0.02184	0.02373	0.04940	0.02665	0.02455	0.01574	0.42705	0.20904	0.04699	0.02427	0.02379	0.01763	0.01052	0.00855	0.00266	0.00870	0.00822	0.00834	0.01395
17	0.02106	0.02022	0.03454	0.05223	0.64784	0.02022	0.02612	0.02612	0.01938	0.02780	0.01601	0.02106	0.01348	0.00758	0.00842	0.00253	0.01011	0.00758	0.00421	0.01348
18	0.01238	0.00825	0.00928	0.00928	0.00928	0.00825	0.00516	0.01238	0.01238	0.01650	0.02681	0.05569	0.03094	0.70092	0.04331	0.00825	0.00825	0.01238	0.00516	0.00516
19	0.01605	0.01105	0.01425	0.01557	0.04522	0.01113	0.01101	0.02243	0.13304	0.08697	0.04163	0.39504	0.04421	0.02095	0.01023	0.00329	0.00612	0.09438	0.00812	0.00931
20	0.03179	0.04056	0.02412	0.02192	0.02631	0.66676	0.01644	0.03398	0.02412	0.02083	0.01315	0.01535	0.01096	0.00877	0.00767	0.00219	0.01535	0.00548	0.00438	0.00987
21	0.02833	0.29548	0.03196	0.01910	0.02460	0.42425	0.01572	0.03073	0.02150	0.02052	0.01265	0.01470	0.01095	0.00820	0.00683	0.00205	0.01295	0.00512	0.00410	0.01027
22	0.03192	0.03653	0.02446	0.02136	0.02633	0.51257	0.01638	0.17496	0.02794	0.02873	0.01491	0.01657	0.01181	0.00912	0.00788	0.00228	0.01391	0.00601	0.00538	0.01097
23	0.03164	0.02990	0.02472	0.02036	0.02617	0.26772	0.01616	0.37312	0.06030	0.04046	0.01832	0.01902	0.01366	0.00973	0.00820	0.00243	0.01150	0.00693	0.00696	0.01269
24	0.01037	0.00741	0.00987	0.01185	0.01234	0.00691	0.00790	0.01185	0.01629	0.02172	0.04690	0.69537	0.05629	0.02666	0.01086	0.00346	0.00494	0.02419	0.00790	0.00691
25	0.01037	0.00741	0.00987	0.01185	0.01234	0.00691	0.00790	0.01185	0.01629	0.02172	0.04690	0.69537	0.05629	0.02666	0.01086	0.00346	0.00494	0.02419	0.00790	0.00691
26	0.01898	0.01967	0.03194	0.02563	0.02773	0.02496	0.16427	0.02213	0.01475	0.02213	0.01264	0.01967	0.01160	0.01302	0.02357	0.00352	0.52200	0.00808	0.00387	0.00984
27	0.01006	0.00862	0.00862	0.00862	0.01149	0.00718	0.00647	0.01221	0.01940	0.02299	0.08621	0.08190	0.64438	0.02155	0.01006	0.00287	0.00431	0.01796	0.00790	0.00718
28	0.01586	0.00793	0.00793	0.00793	0.00991	0.00793	0.00595	0.01983	0.01785	0.03173	0.02776	0.03173	0.02181	0.00991	0.00595	0.00198	0.00397	0.00793	0.74817	0.00793
29	0.03405	0.02110	0.02385	0.01828	0.02503	0.02233	0.01510	0.45051	0.03544	0.22905	0.02427	0.02293	0.01640	0.01031	0.00853	0.00258	0.00874	0.00792	0.00910	0.01448
30	0.01646	0.01545	0.02193	0.01945	0.01996	0.02092	0.01596	0.01872	0.01325	0.02024	0.01505	0.02356	0.01454	0.03122	0.24116	0.00704	0.46434	0.00800	0.00400	0.00874
31	0.03179	0.04056	0.02412	0.02192	0.02631	0.66676	0.01644	0.03398	0.02412	0.02083	0.01315	0.01535	0.01096	0.00877	0.00767	0.00219	0.01535	0.00548	0.00438	0.00987
32	0.01932	0.30577	0.41477	0.02042	0.03091	0.02526	0.02477	0.02637	0.01770	0.02421	0.01391	0.01626	0.01084	0.00777	0.00705	0.00235	0.01120	0.00560	0.00361	0.01192
33	0.02452	0.57587	0.04059	0.01600	0.02272	0.15751	0.01493	0.02714	0.01863	0.02018	0.01209	0.01398	0.01093	0.00757	0.00589	0.00189	0.01032	0.00473	0.00379	0.01071
34	0.02115	0.01451	0.01703	0.01418	0.01929	0.01405	0.01116	0.03172	0.22741	0.14406	0.17793	0.03560	0.03510	0.01153	0.00841	0.00240	0.00606	0.00973	0.00830	0.19038
35	0.02907	0.13835	0.08785	0.02096	0.02666	0.48272	0.01759	0.05819	0.02323	0.02276	0.01349	0.01557	0.01110	0.00855	0.00742	0.00220	0.01389	0.00552	0.00438	0.01049
36	0.01371	0.00980	0.01371	0.01567	0.01763	0.00980	0.01371	0.01763	0.01959	0.02547	0.04506	0.09599	0.04898	0.02351	0.01175	0.00392	0.00784	0.59056	0.00784	0.00784
37	0.01238	0.00825	0.00928	0.00928	0.00928	0.00825	0.00516	0.01238	0.01238	0.01650	0.02681	0.05569	0.03094	0.70092	0.04331	0.00825	0.00825	0.01238	0.00516	0.00516
38	0.01342	0.00935	0.01296	0.01276	0.01431	0.01083	0.00994	0.01662	0.01466	0.02271	0.02336	0.03220	0.02085	0.04800	0.47090	0.01028	0.05483	0.00874	0.18553	0.00777
39	0.01236	0.00830	0.00952	0.00952	0.00960	0.00838	0.00545	0.01253	0.01245	0.01668	0.02660	0.05449	0.03042	0.66645	0.07707	0.00854	0.00904	0.01220	0.00512	0.00529
40	0.01037	0.00741	0.00987	0.01185	0.01234	0.00691	0.00790	0.01185	0.01629	0.02172	0.04690	0.69537	0.05629	0.02666	0.01086	0.00346	0.00494	0.02419	0.00790	0.00691
41	0.01037	0.00741	0.00987	0.01185	0.01234	0.00691	0.00790	0.01185	0.01629	0.02172	0.04690	0.69537	0.05629	0.02666	0.01086	0.00346	0.00494	0.02419	0.00790	0.00691
42	0.03116	0.02889	0.02450	0.02016	0.02598	0.23870	0.01602	0.37316	0.08813	0.04111	0.01929	0.01976	0.01434	0.00986	0.00825	0.00246	0.01112	0.00711	0.00715	0.01285
43	0.02530	0.02813	0.02790	0.15650	0.23782	0.29615	0.02099	0.06042	0.02206	0.02506	0.01486	0.01890	0.01205	0.00841	0.00812	0.00244	0.01254	0.00669	0.00443	0.01123
44	0.76103	0.01646	0.01251	0.01119	0.01646	0.01909	0.00922	0.02502	0.01448	0.03818	0.01185	0.01382	0.00922	0.00790	0.00527	0.00263	0.00658	0.00461	0.00527	0.00922
45	0.01586	0.00793	0.00793	0.00793	0.00991	0.00793	0.00595	0.01983	0.01785	0.03173	0.02776	0.03173	0.02181	0.00991	0.00595	0.00198	0.00397	0.00793	0.74817	0.00793
46	0.02325	0.66926	0.04346	0.01497	0.02209	0.06866	0.01467	0.02595	0.01767	0.02007	0.01190	0.01374	0.01092	0.00736	0.00558	0.00184	0.00945	0.00460	0.00368	0.01086
47	0.01250	0.00934	0.01317	0.01300	0.01408	0.01076	0.00966	0.01475	0.01333	0.01900	0.02325	0.03818	0.02317	0.21670	0.48636	0.01190	0.04927	0.00984	0.00467	0.00708
48	0.02109	0.01975	0.03086	0.04383	0.49718	0.02045	0.02307	0.03072	0.16700	0.02968	0.02049	0.02364	0.01649	0.00854	0.00848	0.00261	0.00930	0.00807	0.00528	0.01348
49	0.01862	0.01862	0.02607	0.02234	0.02234	0.02607	0.01862	0.02048	0.01303	0.02048	0.01117	0.01862	0.01117	0.01489	0.02793	0.00372	0.68535	0.00745	0.00372	0.00931
50	0.01064	0.00864	0.00943	0.00923	0.01185	0.00743	0.00692	0.01334	0.02077	0.02624	0.24907	0.07654	0.47950	0.02034	0.01005	0.00282	0.00422	0.01721	0.00833	0.00743
51	0.03179	0.04056	0.02412	0.02192	0.02631	0.66676	0.01644	0.03398	0.02412	0.02083	0.01315	0.01535	0.01096	0.00877	0.00767	0.00219	0.01535	0.00548	0.00438	0.00987

[dist]
# distance from previous block
# <min> <max>
0	11

[block]
# block no. 2 follows, 21 sequences, length 36
# corresponding to MSA columns:
# 87-122
name=unknown_C
#
# <colnr> <probs for GDERKNQSTAVLIFYWHMCP>
#	G	D	E	R	K	N	Q	S	T	A	V	L	I	F	Y	W	H	M	C	P
0	0.21242	0.26692	0.23284	0.01687	0.02530	0.02397	0.01851	0.02692	0.01726	0.06992	0.01442	0.01613	0.01112	0.00792	0.00647	0.00237	0.00945	0.00540	0.00451	0.01126
1	0.03179	0.04056	0.02412	0.02192	0.02631	0.66676	0.01644	0.03398	0.02412	0.02083	0.01315	0.01535	0.01096	0.00877	0.00767	0.00219	0.01535	0.00548	0.00438	0.00987
2	0.76103	0.01646	0.01251	0.01119	0.01646	0.01909	0.00922	0.02502	0.01448	0.03818	0.01185	0.01382	0.00922	0.00790	0.00527	0.00263	0.00658	0.00461	0.00527	0.00922
3	0.02275	0.70604	0.04459	0.01456	0.02184	0.03367	0.01456	0.02548	0.01729	0.02002	0.01183	0.01365	0.01092	0.00728	0.00546	0.00182	0.00910	0.00455	0.00364	0.01092
4	0.02419	0.01978	0.02094	0.01793	0.02328	0.02258	0.01420	0.20041	0.47235	0.04047	0.03080	0.02869	0.02287	0.01119	0.00862	0.00280	0.00745	0.00909	0.00862	0.01374
5	0.01586	0.00793	0.00793	0.00793	0.00991	0.00793	0.00595	0.01983	0.01785	0.03173	0.02776	0.03173	0.02181	0.00991	0.00595	0.00198	0.00397	0.00793	0.74817	0.00793
6	0.01037	0.00741	0.00987	0.01185	0.01234	0.00691	0.00790	0.01185	0.01629	0.02172	0.04690	0.69537	0.05629	0.02666	0.01086	0.00346	0.00494	0.02419	0.00790	0.00691
7	0.01862	0.01862	0.02607	0.02234	0.02234	0.02607	0.01862	0.02048	0.01303	0.02048	0.01117	0.01862	0.01117	0.01489	0.02793	0.00372	0.68535	0.00745	0.00372	0.00931
8	0.01120	0.00899	0.01021	0.01083	0.01341	0.00800	0.00873	0.01391	0.01946	0.02376	0.07334	0.08631	0.45819	0.02216	0.01059	0.00320	0.00541	0.19702	0.00788	0.00739
9	0.01017	0.00863	0.00877	0.00874	0.01156	0.00723	0.00655	0.01242	0.01965	0.02360	0.11667	0.08090	0.61355	0.02133	0.01006	0.00286	0.00429	0.01782	0.00798	0.00723
10	0.02622	0.01184	0.01592	0.01311	0.01760	0.01046	0.01046	0.02985	0.02423	0.37023	0.31258	0.04480	0.04817	0.01367	0.00923	0.00265	0.00577	0.01168	0.01000	0.01153
11	0.01037	0.00741	0.00987	0.01185	0.01234	0.00691	0.00790	0.01185	0.01629	0.02172	0.04690	0.69537	0.05629	0.02666	0.01086	0.00346	0.00494	0.02419	0.00790	0.00691
12	0.03179	0.04056	0.02412	0.02192	0.02631	0.66676	0.01644	0.03398	0.02412	0.02083	0.01315	0.01535	0.01096	0.00877	0.00767	0.00219	0.01535	0.00548	0.00438	0.00987
13	0.03179	0.04056	0.02412	0.02192	0.02631	0.66676	0.01644	0.03398	0.02412	0.02083	0.01315	0.01535	0.01096	0.00877	0.00767	0.00219	0.01535	0.00548	0.00438	0.00987
14	0.03179	0.04056	0.02412	0.02192	0.02631	0.66676	0.01644	0.03398	0.02412	0.02083	0.01315	0.01535	0.01096	0.00877	0.00767	0.00219	0.01535	0.00548	0.00438	0.00987
15	0.01055	0.00850	0.00926	0.00933	0.01169	0.00736	0.00682	0.01287	0.01962	0.02456	0.17922	0.13643	0.45948	0.05192	0.01163	0.00314	0.00450	0.01785	0.00804	0.00722
16	0.01737	0.01292	0.01674	0.01520	0.01808	0.01470	0.01207	0.17108	0.02047	0.02849	0.02219	0.03008	0.01952	0.05000	0.49727	0.01081	0.01933	0.00874	0.00558	0.00937
17	0.01586	0.00793	0.00793	0.00793	0.00991	0.00793	0.00595	0.01983	0.01785	0.03173	0.02776	0.03173	0.02181	0.00991	0.00595	0.00198	0.00397	0.00793	0.74817	0.00793
18	0.01048	0.00745	0.00984	0.01171	0.01218	0.00699	0.00775	0.01188	0.01608	0.02144	0.04580	0.66035	0.05490	0.06357	0.01264	0.00372	0.00512	0.02355	0.00775	0.00682
19	0.02098	0.49984	0.23529	0.01758	0.02651	0.02934	0.01982	0.02594	0.01750	0.02218	0.01290	0.01500	0.01088	0.00753	0.00628	0.00209	0.01018	0.00509	0.00363	0.01144
20	0.01017	0.00863	0.00878	0.00874	0.01157	0.00723	0.00656	0.01244	0.01967	0.02364	0.11881	0.08083	0.61138	0.02131	0.01006	0.00286	0.00429	0.01781	0.00799	0.00723
21	0.01037	0.00741	0.00987	0.01185	0.01234	0.00691	0.00790	0.01185	0.01629	0.02172	0.04690	0.69537	0.05629	0.02666	0.01086	0.00346	0.00494	0.02419	0.00790	0.00691
22	0.01586	0.00793	0.00793	0.00793	0.00991	0.00793	0.00595	0.01983	0.01785	0.03173	0.02776	0.03173	0.02181	0.00991	0.00595	0.00198	0.00397	0.00793	0.74817	0.00793
23	0.01607	0.01513	0.02552	0.68047	0.05861	0.01891	0.02363	0.02174	0.01702	0.02174	0.01513	0.02269	0.01134	0.00851	0.00851	0.00284	0.01134	0.00756	0.00378	0.00945
24	0.02679	0.03051	0.02159	0.01953	0.02345	0.42343	0.01491	0.09685	0.02326	0.02435	0.01648	0.02060	0.01403	0.02314	0.17791	0.00520	0.01658	0.00667	0.00491	0.00981
25	0.02779	0.24119	0.03017	0.01844	0.02419	0.25202	0.01539	0.18828	0.02558	0.02937	0.01536	0.01742	0.01260	0.01243	0.05194	0.00295	0.01229	0.00603	0.00528	0.01129
26	0.01006	0.00862	0.00862	0.00862	0.01149	0.00718	0.00647	0.01221	0.01940	0.02299	0.08621	0.08190	0.64438	0.02155	0.01006	0.00287	0.00431	0.01796	0.00790	0.00718
27	0.02080	0.01995	0.03406	0.08584	0.61632	0.02015	0.02598	0.02588	0.01925	0.02748	0.01596	0.02115	0.01337	0.00763	0.00843	0.00254	0.01018	0.00758	0.00419	0.01326
28	0.02146	0.55573	0.18360	0.01676	0.02525	0.03052	0.01839	0.02582	0.01744	0.02159	0.01261	0.01463	0.01089	0.00746	0.00606	0.00202	0.00989	0.00495	0.00363	0.01130
29	0.01006	0.00862	0.00862	0.00862	0.01149	0.00718	0.00647	0.01221	0.01940	0.02299	0.08621	0.08190	0.64438	0.02155	0.01006	0.00287	0.00431	0.01796	0.00790	0.00718
30	0.01006	0.00862	0.00862	0.00862	0.01149	0.00718	0.00647	0.01221	0.01940	0.02299	0.08621	0.08190	0.64438	0.02155	0.01006	0.00287	0.00431	0.01796	0.00790	0.00718
31	0.02836	0.29327	0.03189	0.01913	0.02461	0.42635	0.01573	0.03075	0.02152	0.02052	0.01265	0.01470	0.01095	0.00820	0.00683	0.00205	0.01297	0.00513	0.00410	0.01027
32	0.01016	0.00823	0.00903	0.00967	0.01177	0.00710	0.00693	0.01209	0.01839	0.02258	0.07344	0.28127	0.45326	0.02321	0.01032	0.00306	0.00451	0.01999	0.00790	0.00710
33	0.02072	0.01987	0.03393	0.09484	0.60788	0.02013	0.02595	0.02582	0.01922	0.02739	0.01595	0.02117	0.01334	0.00765	0.00843	0.00255	0.01019	0.00758	0.00418	0.01321
34	0.03179	0.04056	0.02412	0.02192	0.02631	0.66676	0.01644	0.03398	0.02412	0.02083	0.01315	0.01535	0.01096	0.00877	0.00767	0.00219	0.01535	0.00548	0.00438	0.00987
35	0.02137	0.02104	0.03348	0.08499	0.58196	0.05512	0.02546	0.02630	0.01950	0.02709	0.01580	0.02084	0.01323	0.00770	0.00839	0.00253	0.01046	0.00747	0.00420	0.01306

[dist]
# distance from previous block
# <min> <max>
0	1

[block]
# block no. 3 follows, 21 sequences, length 72
# corresponding to MSA columns:
# 124-195
name=unknown_D
#
# <colnr> <probs for GDERKNQSTAVLIFYWHMCP>
#	G	D	E	R	K	N	Q	S	T	A	V	L	I	F	Y	W	H	M	C	P
0	0.76103	0.01646	0.01251	0.01119	0.01646	0.01909	0.00922	0.02502	0.01448	0.03818	0.01185	0.01382	0.00922	0.00790	0.00527	0.00263	0.00658	0.00461	0.00527	0.00922
1	0.02275	0.70604	0.04459	0.01456	0.02184	0.03367	0.01456	0.02548	0.01729	0.02002	0.01183	0.01365	0.01092	0.00728	0.00546	0.00182	0.00910	0.00455	0.00364	0.01092
2	0.02117	0.01828	0.01924	0.01732	0.02213	0.02117	0.01347	0.04522	0.63246	0.03560	0.03464	0.03175	0.02598	0.01155	0.00866	0.00289	0.00673	0.00962	0.00866	0.01347
3	0.03818	0.01448	0.01975	0.01514	0.02172	0.01251	0.01251	0.04147	0.02436	0.65373	0.03357	0.02897	0.02107	0.01053	0.00856	0.00263	0.00724	0.00856	0.01053	0.01448
4	0.01037	0.00741	0.00987	0.01185	0.01234	0.00691	0.00790	0.01185	0.01629	0.02172	0.04690	0.69537	0.05629	0.02666	0.01086	0.00346	0.00494	0.02419	0.00790	0.00691
5	0.01862	0.01862	0.02607	0.02234	0.02234	0.02607	0.01862	0.02048	0.01303	0.02048	0.01117	0.01862	0.01117	0.01489	0.02793	0.00372	0.68535	0.00745	0.00372	0.00931
6	0.01006	0.00862	0.00862	0.00862	0.01149	0.00718	0.00647	0.01221	0.01940	0.02299	0.08621	0.08190	0.64438	0.02155	0.01006	0.00287	0.00431	0.01796	0.00790	0.00718
7	0.03365	0.01898	0.02225	0.01718	0.02361	0.01942	0.01414	0.33847	0.03243	0.30783	0.06223	0.02657	0.02110	0.01077	0.00862	0.00259	0.00815	0.00849	0.00942	0.01410
8	0.01006	0.00862	0.00862	0.00862	0.01149	0.00718	0.00647	0.01221	0.01940	0.02299	0.08621	0.08190	0.64438	0.02155	0.01006	0.00287	0.00431	0.01796	0.00790	0.00718
9	0.02106	0.02022	0.03454	0.05223	0.64784	0.02022	0.02612	0.02612	0.01938	0.02780	0.01601	0.02106	0.01348	0.00758	0.00842	0.00253	0.01011	0.00758	0.00421	0.01348
10	0.03179	0.04056	0.02412	0.02192	0.02631	0.66676	0.01644	0.03398	0.02412	0.02083	0.01315	0.01535	0.01096	0.00877	0.00767	0.00219	0.01535	0.00548	0.00438	0.00987
11	0.76103	0.01646	0.01251	0.01119	0.01646	0.01909	0.00922	0.02502	0.01448	0.03818	0.01185	0.01382	0.00922	0.00790	0.00527	0.00263	0.00658	0.00461	0.00527	0.00922
12	0.01238	0.00825	0.00928	0.00928	0.00928	0.00825	0.00516	0.01238	0.01238	0.01650	0.02681	0.05569	0.03094	0.70092	0.04331	0.00825	0.00825	0.01238	0.00516	0.00516
13	0.01418	0.01094	0.01473	0.01345	0.01633	0.01133	0.01043	0.04320	0.01557	0.02268	0.02139	0.03105	0.01982	0.08976	0.46489	0.01033	0.01794	0.00843	0.00487	0.15867
14	0.01750	0.03946	0.54066	0.06119	0.08453	0.01986	0.06576	0.02664	0.01815	0.02676	0.01544	0.01875	0.01114	0.00801	0.00825	0.00270	0.01243	0.00668	0.00369	0.01242
15	0.01736	0.01162	0.01249	0.01118	0.01334	0.01207	0.00785	0.14697	0.02019	0.02856	0.03011	0.04454	0.07156	0.34247	0.02475	0.00518	0.00723	0.01076	0.17380	0.00798
16	0.01238	0.00825	0.00928	0.00928	0.00928	0.00825	0.00516	0.01238	0.01238	0.01650	0.02681	0.05569	0.03094	0.70092	0.04331	0.00825	0.00825	0.01238	0.00516	0.00516
17	0.02443	0.01862	0.01995	0.01657	0.02123	0.02070	0.01286	0.30721	0.21457	0.03975	0.02621	0.03184	0.02170	0.16652	0.01641	0.00394	0.00831	0.00932	0.00780	0.01206
18	0.01037	0.00741	0.00987	0.01185	0.01234	0.00691	0.00790	0.01185	0.01629	0.02172	0.04690	0.69537	0.05629	0.02666	0.01086	0.00346	0.00494	0.02419	0.00790	0.00691
19	0.01037	0.00741	0.00987	0.01185	0.01234	0.00691	0.00790	0.01185	0.01629	0.02172	0.04690	0.69537	0.05629	0.02666	0.01086	0.00346	0.00494	0.02419	0.00790	0.00691
20	0.01015	0.00826	0.00899	0.00957	0.01174	0.00710	0.00689	0.01211	0.01848	0.02262	0.07464	0.26251	0.47124	0.02306	0.01029	0.00305	0.00450	0.01980	0.00790	0.00710
21	0.02106	0.02022	0.03454	0.05223	0.64784	0.02022	0.02612	0.02612	0.01938	0.02780	0.01601	0.02106	0.01348	0.00758	0.00842	0.00253	0.01011	0.00758	0.00421	0.01348
22	0.01806	0.01785	0.02046	0.02401	0.16019	0.14283	0.01528	0.02138	0.01703	0.02178	0.01935	0.02706	0.01747	0.04022	0.38781	0.00888	0.01846	0.00805	0.00445	0.00938
23	0.76103	0.01646	0.01251	0.01119	0.01646	0.01909	0.00922	0.02502	0.01448	0.03818	0.01185	0.01382	0.00922	0.00790	0.00527	0.00263	0.00658	0.00461	0.00527	0.00922
24	0.03246	0.01322	0.01792	0.01417	0.01975	0.01153	0.01153	0.03591	0.02430	0.51807	0.16709	0.03654	0.03403	0.01204	0.00888	0.00264	0.00653	0.01005	0.01028	0.01307
25	0.02515	0.52918	0.03915	0.01652	0.02303	0.20192	0.01506	0.02774	0.01911	0.02024	0.01218	0.01410	0.01093	0.00768	0.00605	0.00192	0.01076	0.00480	0.00384	0.01064
26	0.02631	0.01447	0.01714	0.01444	0.01962	0.01425	0.01151	0.03633	0.22749	0.30804	0.04546	0.04149	0.15919	0.01329	0.00892	0.00277	0.00643	0.01097	0.00933	0.01254
27	0.02354	0.08387	0.05314	0.01830	0.02302	0.20290	0.05178	0.14791	0.02399	0.02945	0.02363	0.16725	0.02272	0.01283	0.00836	0.00256	0.01005	0.01050	0.07388	0.01032
28	0.01037	0.00863	0.00905	0.00895	0.01169	0.00732	0.00671	0.01281	0.02013	0.02473	0.17320	0.07904	0.55631	0.02090	0.01005	0.00284	0.00426	0.01756	0.00813	0.00732
29	0.02106	0.02022	0.03454	0.05223	0.64784	0.02022	0.02612	0.02612	0.01938	0.02780	0.01601	0.02106	0.01348	0.00758	0.00842	0.00253	0.01011	0.00758	0.00421	0.01348
30	0.02275	0.70604	0.04459	0.01456	0.02184	0.03367	0.01456	0.02548	0.01729	0.02002	0.01183	0.01365	0.01092	0.00728	0.00546	0.00182	0.00910	0.00455	0.00364	0.01092
31	0.02254	0.31309	0.03056	0.01698	0.02161	0.20273	0.01450	0.02513	0.01804	0.02022	0.01462	0.01896	0.01329	0.02103	0.15712	0.00474	0.06494	0.00606	0.00406	0.00976
32	0.01236	0.00830	0.00954	0.00954	0.00963	0.00839	0.00548	0.01254	0.01245	0.01669	0.02658	0.05440	0.03038	0.66389	0.07958	0.00857	0.00910	0.01219	0.00512	0.00530
33	0.05815	0.67298	0.04306	0.01440	0.02158	0.03297	0.01431	0.02546	0.01716	0.02089	0.01183	0.01366	0.01084	0.00731	0.00545	0.00186	0.00898	0.00455	0.00372	0.01084
34	0.01371	0.00980	0.01371	0.01567	0.01763	0.00980	0.01371	0.01763	0.01959	0.02547	0.04506	0.09599	0.04898	0.02351	0.01175	0.00392	0.00784	0.59056	0.00784	0.00784
35	0.02335	0.66324	0.04340	0.01488	0.02213	0.03322	0.01466	0.06275	0.01872	0.02213	0.01237	0.01408	0.01114	0.00746	0.00565	0.00187	0.00912	0.00475	0.00395	0.01114
36	0.03356	0.01715	0.02053	0.01595	0.02210	0.01705	0.01311	0.24938	0.02932	0.36570	0.02814	0.02617	0.01875	0.01035	0.00825	0.00253	0.00765	0.00816	0.09240	0.01375
37	0.01216	0.00912	0.01368	0.01368	0.01520	0.01064	0.01064	0.01520	0.01368	0.01976	0.02279	0.03343	0.02127	0.06382	0.66720	0.01368	0.02279	0.00912	0.00456	0.00760
38	0.01707	0.04402	0.65683	0.02426	0.03683	0.01976	0.03144	0.02695	0.01797	0.02695	0.01527	0.01797	0.01078	0.00809	0.00809	0.00270	0.01258	0.00629	0.00359	0.01258
39	0.01037	0.00741	0.00987	0.01185	0.01234	0.00691	0.00790	0.01185	0.01629	0.02172	0.04690	0.69537	0.05629	0.02666	0.01086	0.00346	0.00494	0.02419	0.00790	0.00691
40	0.01058	0.00783	0.00989	0.01109	0.01225	0.00714	0.00766	0.01258	0.01809	0.02392	0.14890	0.48529	0.16505	0.02427	0.01059	0.00323	0.00468	0.02168	0.00813	0.00714
41	0.02275	0.70604	0.04459	0.01456	0.02184	0.03367	0.01456	0.02548	0.01729	0.02002	0.01183	0.01365	0.01092	0.00728	0.00546	0.00182	0.00910	0.00455	0.00364	0.01092
42	0.01072	0.00776	0.01013	0.01141	0.01237	0.00717	0.00784	0.01279	0.01819	0.02452	0.17986	0.52023	0.09682	0.02433	0.01063	0.00325	0.00470	0.02189	0.00822	0.00717
43	0.01220	0.00893	0.01271	0.01271	0.01390	0.01011	0.00944	0.01458	0.01339	0.01904	0.02367	0.03831	0.02339	0.20332	0.53060	0.01249	0.01961	0.00983	0.00469	0.00706
44	0.01667	0.02203	0.16869	0.48496	0.09816	0.01920	0.02558	0.02325	0.01741	0.02338	0.01523	0.02150	0.01138	0.00834	0.00841	0.00278	0.01153	0.00728	0.00377	0.01046
45	0.02106	0.02022	0.03454	0.05223	0.64784	0.02022	0.02612	0.02612	0.01938	0.02780	0.01601	0.02106	0.01348	0.00758	0.00842	0.00253	0.01011	0.00758	0.00421	0.01348
46	0.02106	0.02022	0.03454	0.05223	0.64784	0.02022	0.02612	0.02612	0.01938	0.02780	0.01601	0.02106	0.01348	0.00758	0.00842	0.00253	0.01011	0.00758	0.00421	0.01348
47	0.01707	0.04402	0.65683	0.02426	0.03683	0.01976	0.03144	0.02695	0.01797	0.02695	0.01527	0.01797	0.01078	0.00809	0.00809	0.00270	0.01258	0.00629	0.00359	0.01258
48	0.02099	0.02043	0.03572	0.05100	0.60231	0.02032	0.07070	0.02620	0.01943	0.02776	0.01610	0.02121	0.01344	0.00755	0.00855	0.00255	0.01043	0.00777	0.00422	0.01333
49	0.01181	0.00801	0.00945	0.01001	0.01015	0.00787	0.00594	0.01223	0.01349	0.01798	0.03252	0.23725	0.03813	0.50955	0.03410	0.00689	0.00731	0.01573	0.00594	0.00565
50	0.01216	0.00912	0.01368	0.01368	0.01520	0.01064	0.01064	0.01520	0.01368	0.01976	0.02279	0.03343	0.02127	0.06382	0.66720	0.01368	0.02279	0.00912	0.00456	0.00760
51	0.07810	0.61247	0.08058	0.01492	0.02238	0.03170	0.01522	0.02554	0.01712	0.02183	0.01205	0.01394	0.01078	0.00738	0.00561	0.00194	0.00913	0.00466	0.00376	0.01090
52	0.05262	0.01196	0.01276	0.01140	0.01452	0.01284	0.00896	0.15074	0.02199	0.03522	0.02477	0.02867	0.01956	0.01709	0.09481	0.00370	0.00778	0.00788	0.45334	0.00938
53	0.02575	0.03259	0.09272	0.02015	0.02499	0.39789	0.01679	0.07313	0.02227	0.02375	0.01612	0.02011	0.01353	0.02123	0.15664	0.00487	0.01627	0.00656	0.00465	0.01001
54	0.02874	0.02035	0.02168	0.01703	0.02278	0.02235	0.01394	0.48817	0.03516	0.04884	0.02204	0.02290	0.01608	0.01015	0.00795	0.00243	0.00818	0.00772	0.17046	0.01304
55	0.03137	0.03100	0.02490	0.05008	0.02779	0.31538	0.01663	0.32831	0.03181	0.03739	0.01691	0.01823	0.01275	0.00949	0.00813	0.00240	0.01216	0.00667	0.00644	0.01217
56	0.02047	0.01825	0.02292	0.02663	0.19775	0.02006	0.01661	0.03786	0.42298	0.03265	0.03248	0.03175	0.05955	0.01103	0.00868	0.00278	0.00754	0.00955	0.00736	0.01310
57	0.01216	0.00912	0.01368	0.01368	0.01520	0.01064	0.01064	0.01520	0.01368	0.01976	0.02279	0.03343	0.02127	0.06382	0.66720	0.01368	0.02279	0.00912	0.00456	0.00760
58	0.03193	0.01829	0.02191	0.05567	0.02548	0.01902	0.01454	0.23227	0.13749	0.30823	0.02834	0.02627	0.01919	0.01049	0.00856	0.00266	0.00809	0.00839	0.00914	0.01401
59	0.02598	0.11125	0.02311	0.01815	0.02254	0.44844	0.01404	0.02822	0.02229	0.02121	0.02900	0.02972	0.14965	0.01139	0.00794	0.00230	0.01220	0.00810	0.00507	0.00940
60	0.01371	0.00980	0.01371	0.01567	0.01763	0.00980	0.01371	0.01763	0.01959	0.02547	0.04506	0.09599	0.04898	0.02351	0.01175	0.00392	0.00784	0.59056	0.00784	0.00784
61	0.01223	0.00830	0.00981	0.00992	0.01012	0.00844	0.00593	0.01266	0.01275	0.01717	0.02753	0.09038	0.03133	0.59038	0.11130	0.00858	0.00969	0.01270	0.00525	0.00553
62	0.03139	0.06998	0.02502	0.02160	0.02611	0.63877	0.01636	0.03361	0.02381	0.02079	0.01310	0.01527	0.01096	0.00870	0.00758	0.00218	0.01507	0.00544	0.00435	0.00991
63	0.01098	0.00766	0.00969	0.01107	0.01141	0.00732	0.00706	0.01201	0.01510	0.02013	0.04077	0.50017	0.04855	0.23242	0.02077	0.00492	0.00595	0.02059	0.00706	0.00638
64	0.01037	0.00741	0.00987	0.01185	0.01234	0.00691	0.00790	0.01185	0.01629	0.02172	0.04690	0.69537	0.05629	0.02666	0.01086	0.00346	0.00494	0.02419	0.00790	0.00691
65	0.01287	0.00964	0.01092	0.01072	0.01362	0.00876	0.00837	0.01695	0.05727	0.05586	0.17480	0.07492	0.40128	0.01994	0.01012	0.00296	0.00499	0.08954	0.00833	0.00814
66	0.02836	0.02784	0.02496	0.02424	0.10795	0.23995	0.01703	0.22560	0.15382	0.03546	0.02032	0.02113	0.01553	0.00965	0.00825	0.00250	0.01094	0.00732	0.00658	0.01258
67	0.01597	0.01783	0.12626	0.01700	0.02159	0.01427	0.01609	0.02609	0.17944	0.02863	0.06661	0.06349	0.06875	0.01733	0.01014	0.00333	0.00801	0.28167	0.00739	0.01010
68	0.01814	0.01747	0.03036	0.41092	0.27260	0.01955	0.06176	0.02368	0.01807	0.02430	0.01558	0.02211	0.01222	0.00809	0.00857	0.00273	0.01108	0.00773	0.00397	0.01105
69	0.01758	0.01597	0.02600	0.18135	0.28997	0.01748	0.02130	0.02216	0.01805	0.02487	0.02223	0.03843	0.02108	0.01536	0.05198	0.00369	0.06164	0.13531	0.00489	0.01065
70	0.01946	0.02577	0.22003	0.06343	0.32030	0.01866	0.02444	0.05337	0.01961	0.02903	0.01754	0.02160	0.01374	0.00822	0.00799	0.00252	0.01005	0.00724	0.10468	0.01233
71	0.18263	0.01886	0.02464	0.20265	0.21899	0.05860	0.01938	0.05544	0.01858	0.02909	0.01509	0.01981	0.01207	0.00866	0.00884	0.00267	0.05206	0.00681	0.03431	0.01083

[dist]
# distance from previous block
# <min> <max>
0	5

# created by:
# /home/cegg/simao/soft/augustus-3.2.1/scripts/msa2prfl.pl ./align_prep/12859.fa
