[name]
unknown

[dist]
# distance from previous block
# <min> <max>
0	18

[block]
# block no. 0 follows, 22 sequences, length 43
# corresponding to MSA columns:
# 18-60
name=unknown_A
#
# <colnr> <probs for GDERKNQSTAVLIFYWHMCP>
#	G	D	E	R	K	N	Q	S	T	A	V	L	I	F	Y	W	H	M	C	P
0	0.01339	0.00956	0.01339	0.01530	0.01721	0.00956	0.01339	0.01721	0.01912	0.02486	0.04399	0.09371	0.04781	0.02295	0.01147	0.00382	0.00765	0.60031	0.00765	0.00765
1	0.01996	0.01913	0.03264	0.12894	0.58294	0.01958	0.02520	0.02497	0.01863	0.02642	0.01552	0.02076	0.01290	0.00751	0.00823	0.00250	0.01002	0.00740	0.00406	0.01268
2	0.01051	0.00844	0.00938	0.00914	0.01165	0.00731	0.00686	0.01326	0.02057	0.02633	0.28708	0.07355	0.44750	0.01959	0.00981	0.00274	0.00410	0.01664	0.00823	0.00731
3	0.00982	0.00842	0.00842	0.00842	0.01122	0.00701	0.00631	0.01192	0.01894	0.02244	0.08416	0.07995	0.65285	0.02104	0.00982	0.00281	0.00421	0.01753	0.00771	0.00701
4	0.01187	0.00890	0.01335	0.01335	0.01483	0.01038	0.01038	0.01483	0.01335	0.01928	0.02225	0.03264	0.02077	0.06231	0.67512	0.01335	0.02225	0.00890	0.00445	0.00742
5	0.01955	0.03573	0.48503	0.02555	0.10640	0.01867	0.02711	0.02875	0.05400	0.09473	0.01798	0.01981	0.01275	0.00828	0.00801	0.00262	0.01111	0.00671	0.00458	0.01263
6	0.01226	0.00830	0.01101	0.01101	0.01162	0.00891	0.00747	0.01306	0.01245	0.01721	0.02323	0.04217	0.02455	0.36693	0.29919	0.09618	0.01375	0.01023	0.00463	0.00584
7	0.02056	0.01974	0.03372	0.05099	0.65622	0.01974	0.02550	0.02550	0.01892	0.02714	0.01563	0.02056	0.01316	0.00740	0.00822	0.00247	0.00987	0.00740	0.00411	0.01316
8	0.10923	0.02534	0.02817	0.03742	0.39159	0.21830	0.02074	0.02770	0.01977	0.02624	0.01432	0.01806	0.01194	0.00779	0.00765	0.00238	0.01103	0.00645	0.00428	0.01161
9	0.01684	0.04170	0.62689	0.02438	0.03642	0.01940	0.06753	0.02633	0.01767	0.02633	0.01503	0.01784	0.01065	0.00784	0.00801	0.00264	0.01238	0.00637	0.00355	0.01221
10	0.01963	0.06053	0.02082	0.01779	0.01993	0.21431	0.01400	0.02186	0.01674	0.02002	0.01860	0.09929	0.01855	0.02659	0.19385	0.00569	0.18984	0.00885	0.00451	0.00862
11	0.01187	0.00890	0.01335	0.01335	0.01483	0.01038	0.01038	0.01483	0.01335	0.01928	0.02225	0.03264	0.02077	0.06231	0.67512	0.01335	0.02225	0.00890	0.00445	0.00742
12	0.01682	0.04187	0.63187	0.02429	0.03636	0.01939	0.06272	0.02633	0.01765	0.02633	0.01501	0.01780	0.01064	0.00784	0.00800	0.00264	0.01237	0.00634	0.00355	0.01222
13	0.01007	0.00743	0.00943	0.01102	0.01191	0.00679	0.00747	0.01163	0.01643	0.02142	0.05242	0.59495	0.15834	0.02516	0.01047	0.00328	0.00471	0.02256	0.00771	0.00679
14	0.01247	0.01741	0.17700	0.01515	0.01941	0.01091	0.04832	0.01626	0.01665	0.02248	0.04090	0.31452	0.14209	0.09175	0.01309	0.00355	0.00746	0.01614	0.00617	0.00826
15	0.01111	0.00795	0.00992	0.01064	0.01163	0.00749	0.00730	0.01294	0.01708	0.02288	0.17333	0.31183	0.11158	0.18909	0.01810	0.00432	0.00553	0.05328	0.00736	0.00664
16	0.02850	0.24234	0.03024	0.01834	0.02436	0.23877	0.01539	0.24804	0.02714	0.03178	0.01504	0.01628	0.01194	0.00863	0.00712	0.00216	0.01096	0.00585	0.00553	0.01159
17	0.01698	0.08126	0.62949	0.02314	0.03512	0.02007	0.02975	0.02623	0.01750	0.02592	0.01472	0.01730	0.01053	0.00785	0.00775	0.00258	0.01208	0.00604	0.00351	0.01219
18	0.25884	0.02745	0.16542	0.05417	0.03068	0.13280	0.16548	0.02672	0.01795	0.02860	0.01394	0.01721	0.01060	0.00775	0.00743	0.00257	0.01124	0.00643	0.00434	0.01037
19	0.03103	0.03959	0.02354	0.02140	0.02568	0.67469	0.01605	0.03317	0.02354	0.02033	0.01284	0.01498	0.01070	0.00856	0.00749	0.00214	0.01498	0.00535	0.00428	0.00963
20	0.02502	0.01153	0.01473	0.01218	0.01683	0.00996	0.00975	0.02801	0.02227	0.37132	0.14360	0.04914	0.22120	0.01458	0.00902	0.00265	0.00572	0.01216	0.00933	0.01101
21	0.02221	0.71304	0.04353	0.01421	0.02132	0.03287	0.01421	0.02488	0.01688	0.01955	0.01155	0.01333	0.01066	0.00711	0.00533	0.00178	0.00888	0.00444	0.00355	0.01066
22	0.02145	0.40257	0.13622	0.02502	0.17804	0.06413	0.01961	0.02572	0.01786	0.02248	0.01313	0.01583	0.01125	0.00738	0.00655	0.00210	0.01000	0.00548	0.00372	0.01146
23	0.02206	0.02482	0.02179	0.09892	0.10308	0.31377	0.01626	0.02519	0.01903	0.02094	0.01631	0.02195	0.01416	0.02502	0.21430	0.00572	0.01616	0.00693	0.00424	0.00933
24	0.01107	0.00846	0.01015	0.00973	0.01199	0.00755	0.00730	0.01435	0.02190	0.02947	0.45133	0.06838	0.28129	0.01842	0.00981	0.00268	0.00402	0.01591	0.00864	0.00755
25	0.00982	0.00842	0.00842	0.00842	0.01122	0.00701	0.00631	0.01192	0.01894	0.02244	0.08416	0.07995	0.65285	0.02104	0.00982	0.00281	0.00421	0.01753	0.00771	0.00701
26	0.01916	0.30175	0.35223	0.02129	0.03111	0.02478	0.09249	0.02578	0.01752	0.02371	0.01382	0.01646	0.01082	0.00748	0.00711	0.00232	0.01115	0.00590	0.00361	0.01152
27	0.01936	0.01299	0.01537	0.01418	0.01770	0.01357	0.01109	0.05261	0.23289	0.12325	0.15757	0.13291	0.04088	0.01536	0.00921	0.00288	0.00600	0.07472	0.03683	0.01064
28	0.01085	0.00795	0.00920	0.00971	0.01079	0.00737	0.00639	0.01216	0.01599	0.02068	0.09587	0.25069	0.21582	0.26416	0.02148	0.00480	0.00572	0.01719	0.00688	0.00630
29	0.01849	0.20288	0.43682	0.02472	0.10829	0.02265	0.02606	0.02586	0.01755	0.02477	0.01418	0.01689	0.01088	0.00764	0.00731	0.00240	0.01116	0.00588	0.00359	0.01199
30	0.02037	0.02028	0.03682	0.04776	0.53217	0.02000	0.14707	0.02572	0.01906	0.02703	0.01587	0.02094	0.01305	0.00732	0.00854	0.00253	0.01071	0.00789	0.00413	0.01276
31	0.03103	0.03959	0.02354	0.02140	0.02568	0.67469	0.01605	0.03317	0.02354	0.02033	0.01284	0.01498	0.01070	0.00856	0.00749	0.00214	0.01498	0.00535	0.00428	0.00963
32	0.02001	0.01440	0.01548	0.01351	0.01732	0.01547	0.01065	0.19936	0.14193	0.03593	0.06902	0.03969	0.09236	0.05222	0.01009	0.00285	0.00641	0.04367	0.18925	0.01039
33	0.02696	0.12639	0.02906	0.02851	0.19751	0.40769	0.01838	0.02994	0.02136	0.02209	0.01343	0.01628	0.01137	0.00804	0.00740	0.00218	0.01275	0.00579	0.00413	0.01074
34	0.02056	0.01974	0.03372	0.05099	0.65622	0.01974	0.02550	0.02550	0.01892	0.02714	0.01563	0.02056	0.01316	0.00740	0.00822	0.00247	0.00987	0.00740	0.00411	0.01316
35	0.01517	0.00804	0.00901	0.04114	0.01208	0.00822	0.00676	0.01803	0.01630	0.02771	0.02499	0.03130	0.02055	0.05405	0.01119	0.08901	0.00486	0.00793	0.58649	0.00718
36	0.02437	0.09232	0.03063	0.06644	0.18158	0.16675	0.08805	0.14943	0.02345	0.02915	0.01599	0.01954	0.01286	0.01156	0.04924	0.00306	0.01206	0.00704	0.00496	0.01153
37	0.01545	0.01275	0.01519	0.09036	0.01995	0.05047	0.01167	0.04736	0.01728	0.02418	0.03115	0.03601	0.12705	0.02722	0.20315	0.00572	0.08921	0.00953	0.15802	0.00826
38	0.15049	0.22891	0.13790	0.01752	0.02377	0.19294	0.01666	0.02641	0.01784	0.02397	0.01299	0.01577	0.01090	0.01098	0.04213	0.00285	0.04841	0.00536	0.00406	0.01013
39	0.14411	0.08234	0.17933	0.02552	0.19767	0.05566	0.01920	0.02357	0.01787	0.02681	0.02603	0.02791	0.12132	0.00996	0.00761	0.00251	0.00911	0.00798	0.00472	0.01078
40	0.01649	0.01264	0.01638	0.01886	0.12545	0.01278	0.01163	0.07243	0.09046	0.05211	0.07036	0.19031	0.10925	0.14477	0.01541	0.00380	0.00683	0.01382	0.00691	0.00930
41	0.01643	0.11722	0.20335	0.01815	0.06138	0.01654	0.01706	0.02121	0.01708	0.02435	0.02320	0.13059	0.05489	0.01121	0.00840	0.00230	0.03491	0.00916	0.00484	0.20773
42	0.01164	0.00837	0.01189	0.01238	0.01356	0.00921	0.00919	0.01412	0.01415	0.02024	0.02864	0.20219	0.02988	0.08372	0.43896	0.00995	0.01614	0.01270	0.04595	0.00714

[dist]
# distance from previous block
# <min> <max>
0	1

[block]
# block no. 1 follows, 22 sequences, length 16
# corresponding to MSA columns:
# 62-77
name=unknown_B
#
# <colnr> <probs for GDERKNQSTAVLIFYWHMCP>
#	G	D	E	R	K	N	Q	S	T	A	V	L	I	F	Y	W	H	M	C	P
0	0.02433	0.18684	0.10485	0.02397	0.14560	0.07383	0.01834	0.21160	0.02474	0.03279	0.01652	0.01864	0.01295	0.00843	0.00730	0.00227	0.00966	0.00645	0.05876	0.01211
1	0.06965	0.18660	0.48499	0.02074	0.03140	0.02220	0.02562	0.02587	0.01716	0.02560	0.01395	0.01635	0.01045	0.00771	0.00715	0.00244	0.01114	0.00566	0.00363	0.01170
2	0.01503	0.01280	0.01351	0.01280	0.01640	0.01343	0.00996	0.02702	0.30288	0.02824	0.05821	0.05863	0.32177	0.01672	0.00932	0.00289	0.00554	0.05694	0.00805	0.00986
3	0.02669	0.03307	0.03322	0.02657	0.03242	0.42640	0.24775	0.03068	0.02205	0.02272	0.01435	0.01780	0.01142	0.00797	0.00837	0.00239	0.01461	0.00704	0.00425	0.01023
4	0.02024	0.01435	0.01651	0.01400	0.01801	0.01495	0.01105	0.19176	0.11745	0.08172	0.31729	0.04433	0.07539	0.01393	0.00909	0.00262	0.00599	0.01176	0.00882	0.01076
5	0.02010	0.45852	0.27959	0.01781	0.02688	0.02771	0.02047	0.02542	0.01713	0.02211	0.01283	0.01493	0.01061	0.00741	0.00630	0.00210	0.01017	0.00509	0.00354	0.01127
6	0.01103	0.00761	0.00937	0.01041	0.01067	0.00735	0.00647	0.01180	0.01414	0.01885	0.03672	0.40291	0.04351	0.34135	0.02525	0.00554	0.00632	0.01828	0.00647	0.00596
7	0.01012	0.00723	0.00964	0.01157	0.01205	0.00675	0.00771	0.01157	0.01591	0.02121	0.04579	0.70262	0.05495	0.02603	0.01060	0.00337	0.00482	0.02362	0.00771	0.00675
8	0.02929	0.17265	0.02749	0.01998	0.02482	0.54788	0.01569	0.03153	0.02223	0.02018	0.01259	0.01465	0.01069	0.00827	0.00706	0.00207	0.01378	0.00517	0.00414	0.00983
9	0.01186	0.00796	0.00913	0.00935	0.00940	0.00790	0.00534	0.01202	0.01252	0.01669	0.02842	0.12864	0.03304	0.62991	0.03865	0.00752	0.00768	0.01340	0.00534	0.00523
10	0.01827	0.15965	0.17894	0.02126	0.02805	0.01950	0.17723	0.04924	0.01756	0.02364	0.01735	0.07416	0.01552	0.01289	0.01264	0.14131	0.01040	0.00842	0.00427	0.00973
11	0.01961	0.02241	0.04902	0.03501	0.04342	0.02101	0.62605	0.02661	0.01961	0.02661	0.01681	0.02241	0.01261	0.00700	0.00980	0.00280	0.01401	0.00980	0.00420	0.01120
12	0.01204	0.00822	0.00988	0.00988	0.01017	0.00850	0.00606	0.01261	0.01232	0.01672	0.02542	0.05020	0.02839	0.58428	0.16358	0.00907	0.01078	0.01147	0.00492	0.00549
13	0.02238	0.02253	0.02406	0.02516	0.14687	0.17018	0.01709	0.09643	0.02037	0.02633	0.01994	0.02361	0.05994	0.01135	0.01388	0.00274	0.22077	0.00768	0.05831	0.01037
14	0.01515	0.01114	0.01359	0.06444	0.01828	0.01204	0.01084	0.02317	0.17450	0.02692	0.05893	0.14679	0.03456	0.06592	0.01226	0.03125	0.00642	0.12819	0.13689	0.00871
15	0.05858	0.01856	0.17581	0.01679	0.06400	0.01276	0.01441	0.04472	0.01702	0.02532	0.05477	0.18571	0.02934	0.17232	0.01617	0.00396	0.00795	0.01207	0.06097	0.00877

[dist]
# distance from previous block
# <min> <max>
0	1

[block]
# block no. 2 follows, 22 sequences, length 7
# corresponding to MSA columns:
# 79-85
name=unknown_C
#
# <colnr> <probs for GDERKNQSTAVLIFYWHMCP>
#	G	D	E	R	K	N	Q	S	T	A	V	L	I	F	Y	W	H	M	C	P
0	0.12034	0.01506	0.01999	0.19508	0.14712	0.01639	0.01586	0.06864	0.06205	0.02822	0.03473	0.03653	0.18377	0.01179	0.00827	0.00268	0.00791	0.00984	0.00573	0.00999
1	0.12986	0.11285	0.15793	0.08667	0.27171	0.02114	0.05652	0.02513	0.01752	0.02698	0.01435	0.01822	0.01149	0.00756	0.00743	0.00247	0.01005	0.00647	0.00404	0.01161
2	0.10328	0.06324	0.07751	0.08975	0.18304	0.10779	0.01835	0.02966	0.15615	0.02825	0.04971	0.02285	0.01770	0.00903	0.00772	0.00252	0.00941	0.00734	0.00533	0.01137
3	0.02444	0.20863	0.03296	0.03159	0.28196	0.23848	0.01942	0.02786	0.01990	0.02290	0.01364	0.01682	0.01169	0.00771	0.00722	0.00218	0.01129	0.00595	0.00402	0.01134
4	0.08948	0.14395	0.02491	0.02576	0.25221	0.01801	0.01471	0.02062	0.01571	0.02287	0.01815	0.03029	0.01822	0.25079	0.01922	0.00429	0.00873	0.00820	0.00443	0.00947
5	0.02129	0.01645	0.05666	0.08838	0.18877	0.01533	0.01681	0.05808	0.02080	0.16400	0.08121	0.03628	0.13807	0.01195	0.00972	0.00267	0.04568	0.01000	0.00663	0.01122
6	0.02016	0.02326	0.07874	0.14764	0.23603	0.15633	0.02085	0.02453	0.01820	0.02303	0.01556	0.02109	0.01307	0.01643	0.10865	0.00415	0.05057	0.00708	0.00405	0.01057

[dist]
# distance from previous block
# <min> <max>
14	51

[block]
# block no. 3 follows, 22 sequences, length 82
# corresponding to MSA columns:
# 137-218
name=unknown_D
#
# <colnr> <probs for GDERKNQSTAVLIFYWHMCP>
#	G	D	E	R	K	N	Q	S	T	A	V	L	I	F	Y	W	H	M	C	P
0	0.02351	0.08415	0.02121	0.01541	0.01996	0.02004	0.01227	0.35465	0.02826	0.03743	0.02631	0.11388	0.04964	0.13849	0.01452	0.00355	0.00816	0.01048	0.00716	0.01091
1	0.02214	0.44141	0.09502	0.01537	0.02179	0.13091	0.01491	0.02557	0.01809	0.02193	0.01427	0.01648	0.01215	0.00778	0.00599	0.00194	0.00948	0.00522	0.10932	0.01024
2	0.02368	0.39364	0.08573	0.08266	0.05406	0.14456	0.01707	0.02722	0.01866	0.06396	0.01397	0.01613	0.01147	0.00777	0.00654	0.00209	0.01039	0.00542	0.00417	0.01081
3	0.02186	0.02931	0.15847	0.02451	0.10581	0.21254	0.04875	0.02999	0.13220	0.02548	0.02272	0.02446	0.06089	0.01001	0.00946	0.00259	0.05705	0.00774	0.00506	0.01111
4	0.18139	0.08906	0.02141	0.01831	0.06321	0.20638	0.01359	0.05069	0.06472	0.05587	0.01707	0.02005	0.01398	0.01822	0.12776	0.00433	0.01235	0.00638	0.00515	0.01007
5	0.02083	0.02321	0.05866	0.02591	0.10896	0.16096	0.14419	0.04879	0.07907	0.02514	0.01844	0.02317	0.01520	0.02059	0.15805	0.00498	0.04062	0.00792	0.00477	0.01054
6	0.02301	0.05990	0.06713	0.07302	0.12573	0.27524	0.01777	0.02941	0.10602	0.02424	0.02282	0.02771	0.05578	0.01031	0.00812	0.00249	0.01113	0.04450	0.00513	0.01058
7	0.01884	0.02531	0.20502	0.04104	0.44597	0.01880	0.02580	0.02484	0.01835	0.02654	0.01732	0.06257	0.01506	0.00871	0.00828	0.00257	0.01021	0.00807	0.00417	0.01252
8	0.01650	0.01175	0.01335	0.01234	0.01450	0.01210	0.00879	0.17072	0.02072	0.02738	0.03550	0.21399	0.10278	0.22738	0.02096	0.05532	0.00700	0.01417	0.00678	0.00795
9	0.01189	0.00966	0.01553	0.01466	0.01658	0.00930	0.08856	0.01471	0.01742	0.02384	0.14846	0.40696	0.04902	0.02686	0.10087	0.00452	0.00823	0.01826	0.00707	0.00762
10	0.01162	0.00846	0.01066	0.01168	0.01289	0.00808	0.00813	0.05077	0.01839	0.02452	0.11049	0.54522	0.10046	0.02369	0.01032	0.00320	0.00495	0.02124	0.00790	0.00735
11	0.02182	0.02150	0.03126	0.04468	0.52983	0.08858	0.02347	0.05360	0.02034	0.02747	0.01690	0.02349	0.01462	0.00840	0.00831	0.00250	0.01027	0.03591	0.00449	0.01256
12	0.01246	0.00871	0.01243	0.01243	0.01399	0.00995	0.00963	0.01558	0.01402	0.02120	0.02305	0.03236	0.02085	0.05367	0.56524	0.01148	0.01923	0.00871	0.12754	0.00747
13	0.01891	0.01635	0.02676	0.03802	0.44736	0.01608	0.01996	0.02348	0.02042	0.05889	0.19314	0.03245	0.03163	0.01020	0.00867	0.00251	0.00808	0.00956	0.00580	0.01173
14	0.02242	0.05902	0.14512	0.10624	0.03378	0.06538	0.14002	0.20899	0.02488	0.03267	0.02159	0.02403	0.05930	0.00938	0.00844	0.00258	0.01094	0.00813	0.00550	0.01160
15	0.01218	0.00928	0.01363	0.01346	0.01478	0.01094	0.01039	0.01489	0.01324	0.01910	0.02198	0.03341	0.02094	0.10352	0.60187	0.01253	0.05302	0.00904	0.00445	0.00734
16	0.01208	0.00805	0.00906	0.00906	0.00906	0.00805	0.00503	0.01208	0.01208	0.01611	0.02618	0.05436	0.03020	0.70804	0.04228	0.00805	0.00805	0.01208	0.00503	0.00503
17	0.01705	0.04056	0.60289	0.02303	0.03458	0.01942	0.02901	0.02802	0.07748	0.02712	0.01673	0.01883	0.01195	0.00822	0.00795	0.00265	0.01173	0.00645	0.00398	0.01236
18	0.01970	0.03190	0.33233	0.08092	0.23785	0.06092	0.02659	0.06392	0.01965	0.02747	0.01532	0.01885	0.01166	0.00794	0.00803	0.00255	0.01138	0.00668	0.00407	0.01229
19	0.03107	0.02788	0.04813	0.02327	0.11055	0.30764	0.01667	0.07425	0.02380	0.22623	0.02007	0.02037	0.01437	0.00902	0.00793	0.00236	0.01129	0.00675	0.00639	0.01194
20	0.48731	0.02205	0.01677	0.01449	0.01973	0.15049	0.01163	0.13546	0.02052	0.03663	0.01334	0.01496	0.01026	0.00829	0.00618	0.00247	0.00862	0.00521	0.00554	0.01005
21	0.01191	0.00875	0.01257	0.01257	0.01379	0.00996	0.00942	0.01434	0.01312	0.01871	0.02296	0.03657	0.02248	0.17913	0.56063	0.01239	0.01968	0.00948	0.00456	0.00699
22	0.00995	0.00829	0.00880	0.00903	0.01149	0.00714	0.00668	0.01202	0.01830	0.02214	0.07654	0.15393	0.54986	0.02360	0.04130	0.00337	0.00513	0.01787	0.00756	0.00700
23	0.01176	0.00849	0.01110	0.01045	0.01241	0.00784	0.00784	0.01568	0.02352	0.03331	0.65184	0.06206	0.07839	0.01698	0.00980	0.00261	0.00392	0.01502	0.00914	0.00784
24	0.02039	0.04807	0.03370	0.08034	0.60104	0.02022	0.02491	0.02526	0.01872	0.02654	0.01542	0.02034	0.01296	0.00743	0.00811	0.00245	0.00989	0.00728	0.00407	0.01287
25	0.02214	0.03106	0.20498	0.12461	0.14847	0.19130	0.06761	0.06505	0.02073	0.02582	0.01493	0.01859	0.01151	0.00810	0.00807	0.00250	0.01231	0.00669	0.00420	0.01134
26	0.73583	0.04499	0.01351	0.01106	0.01628	0.01923	0.00921	0.02444	0.01425	0.03654	0.01157	0.01349	0.00907	0.00769	0.00515	0.00254	0.00653	0.00450	0.00508	0.00907
27	0.02204	0.56950	0.03885	0.01523	0.02131	0.08408	0.01437	0.02462	0.01695	0.01962	0.01229	0.01498	0.01131	0.01116	0.04895	0.00265	0.05316	0.00497	0.00368	0.01027
28	0.00991	0.00807	0.00878	0.00935	0.01147	0.00693	0.00672	0.01182	0.01804	0.02208	0.07284	0.26364	0.47647	0.02251	0.01005	0.00297	0.00439	0.01933	0.00771	0.00693
29	0.01187	0.00890	0.01335	0.01335	0.01483	0.01038	0.01038	0.01483	0.01335	0.01928	0.02225	0.03264	0.02077	0.06231	0.67512	0.01335	0.02225	0.00890	0.00445	0.00742
30	0.76672	0.01607	0.01221	0.01092	0.01607	0.01864	0.00900	0.02442	0.01414	0.03727	0.01157	0.01350	0.00900	0.00771	0.00514	0.00257	0.00643	0.00450	0.00514	0.00900
31	0.06868	0.01422	0.01897	0.01461	0.02099	0.01249	0.01207	0.03979	0.02336	0.63508	0.03186	0.02764	0.02007	0.01017	0.00822	0.00257	0.00704	0.00819	0.01006	0.01392
32	0.01953	0.33627	0.22221	0.01896	0.02576	0.02695	0.02010	0.02404	0.01600	0.02166	0.01237	0.01582	0.01068	0.00925	0.01174	0.00251	0.18617	0.00567	0.00356	0.01073
33	0.01174	0.00832	0.01100	0.01125	0.01195	0.00891	0.00770	0.01322	0.01311	0.01813	0.02693	0.12630	0.02920	0.34101	0.31408	0.00977	0.01383	0.01214	0.00512	0.00629
34	0.01031	0.00737	0.00981	0.01144	0.01209	0.00687	0.00773	0.01204	0.01678	0.02259	0.11508	0.62938	0.05763	0.02499	0.01051	0.00329	0.00472	0.02263	0.00788	0.00687
35	0.01012	0.00723	0.00964	0.01157	0.01205	0.00675	0.00771	0.01157	0.01591	0.02121	0.04579	0.70262	0.05495	0.02603	0.01060	0.00337	0.00482	0.02362	0.00771	0.00675
36	0.01187	0.00890	0.01335	0.01335	0.01483	0.01038	0.01038	0.01483	0.01335	0.01928	0.02225	0.03264	0.02077	0.06231	0.67512	0.01335	0.02225	0.00890	0.00445	0.00742
37	0.01026	0.00754	0.00962	0.01099	0.01197	0.00691	0.00752	0.01207	0.01718	0.02271	0.11742	0.54229	0.14442	0.02432	0.01040	0.00321	0.00463	0.02180	0.00787	0.00691
38	0.02474	0.19723	0.02603	0.01621	0.02202	0.02333	0.01364	0.11470	0.31818	0.11824	0.02613	0.02463	0.01946	0.00989	0.00762	0.00247	0.00757	0.00773	0.00742	0.01277
39	0.21377	0.20574	0.14293	0.01929	0.06986	0.06490	0.01728	0.06575	0.01795	0.02820	0.01305	0.01568	0.01065	0.00843	0.00840	0.00244	0.07508	0.00551	0.00437	0.01073
40	0.01829	0.03256	0.36825	0.03282	0.18317	0.01981	0.17325	0.02619	0.01836	0.02658	0.01554	0.01942	0.01164	0.00756	0.00843	0.00263	0.01213	0.00732	0.00382	0.01223
41	0.02019	0.02132	0.06449	0.04638	0.49795	0.01999	0.15436	0.02577	0.01900	0.02699	0.01585	0.02083	0.01293	0.00734	0.00855	0.00255	0.01086	0.00786	0.00411	0.01270
42	0.01187	0.00890	0.01335	0.01335	0.01483	0.01038	0.01038	0.01483	0.01335	0.01928	0.02225	0.03264	0.02077	0.06231	0.67512	0.01335	0.02225	0.00890	0.00445	0.00742
43	0.02331	0.01677	0.01861	0.01644	0.02132	0.01859	0.01299	0.04216	0.49906	0.14775	0.03412	0.03357	0.02559	0.01166	0.00858	0.00282	0.00672	0.03813	0.00874	0.01306
44	0.01818	0.01818	0.02545	0.02181	0.02181	0.02545	0.01818	0.01999	0.01272	0.01999	0.01091	0.01818	0.01091	0.01454	0.02726	0.00364	0.69284	0.00727	0.00364	0.00909
45	0.03343	0.02030	0.02309	0.01771	0.02428	0.02136	0.01463	0.43738	0.03409	0.25052	0.02412	0.02265	0.01622	0.01007	0.00832	0.00252	0.00847	0.00776	0.00895	0.01413
46	0.01243	0.00845	0.01048	0.01077	0.01275	0.00759	0.00790	0.01492	0.01939	0.06797	0.21183	0.29068	0.22662	0.02110	0.01006	0.00298	0.00469	0.04350	0.00825	0.00764
47	0.01187	0.00890	0.01335	0.01335	0.01483	0.01038	0.01038	0.01483	0.01335	0.01928	0.02225	0.03264	0.02077	0.06231	0.67512	0.01335	0.02225	0.00890	0.00445	0.00742
48	0.02320	0.01109	0.01436	0.01205	0.01625	0.00970	0.00956	0.02643	0.02273	0.32264	0.25190	0.04995	0.16583	0.01468	0.00913	0.00263	0.00544	0.01243	0.00939	0.01060
49	0.01176	0.00849	0.01110	0.01045	0.01241	0.00784	0.00784	0.01568	0.02352	0.03331	0.65184	0.06206	0.07839	0.01698	0.00980	0.00261	0.00392	0.01502	0.00914	0.00784
50	0.01187	0.00890	0.01335	0.01335	0.01483	0.01038	0.01038	0.01483	0.01335	0.01928	0.02225	0.03264	0.02077	0.06231	0.67512	0.01335	0.02225	0.00890	0.00445	0.00742
51	0.04902	0.01061	0.01181	0.01078	0.01301	0.01052	0.00749	0.04814	0.05900	0.09850	0.06662	0.05125	0.14196	0.35720	0.02531	0.00534	0.00693	0.01203	0.00673	0.00776
52	0.01064	0.00845	0.00955	0.00927	0.01172	0.00736	0.00695	0.01350	0.02086	0.02702	0.32325	0.07241	0.41090	0.01933	0.00981	0.00272	0.00409	0.01648	0.00832	0.00736
53	0.02084	0.01924	0.02426	0.16821	0.20139	0.10045	0.01857	0.12190	0.02123	0.02791	0.01753	0.02276	0.01432	0.01820	0.12871	0.00444	0.01261	0.00744	0.03924	0.01075
54	0.01793	0.02579	0.23542	0.21999	0.25871	0.01927	0.02596	0.02537	0.04492	0.02554	0.01594	0.02048	0.01225	0.00798	0.00815	0.00262	0.01085	0.00707	0.00399	0.01177
55	0.02299	0.20281	0.03492	0.02252	0.02751	0.15553	0.15133	0.06631	0.01925	0.02359	0.01337	0.01735	0.01140	0.00946	0.01253	0.00260	0.18522	0.00674	0.00418	0.01041
56	0.02059	0.20531	0.02879	0.02185	0.10074	0.13407	0.01627	0.02329	0.01656	0.02070	0.01405	0.01926	0.01287	0.01929	0.13289	0.00450	0.18874	0.00650	0.00393	0.00981
57	0.01218	0.00939	0.01083	0.01013	0.01275	0.00861	0.00769	0.05256	0.02255	0.02991	0.37184	0.06699	0.31755	0.01826	0.00971	0.00269	0.00437	0.01561	0.00849	0.00788
58	0.01017	0.00768	0.00920	0.01036	0.01156	0.00693	0.00706	0.01172	0.01661	0.02123	0.05682	0.45261	0.24748	0.07449	0.01267	0.00353	0.00486	0.02079	0.00752	0.00671
59	0.01569	0.01477	0.02492	0.68808	0.05722	0.01846	0.02307	0.02123	0.01661	0.02123	0.01477	0.02215	0.01107	0.00831	0.00831	0.00277	0.01107	0.00738	0.00369	0.00923
60	0.02221	0.71304	0.04353	0.01421	0.02132	0.03287	0.01421	0.02488	0.01688	0.01955	0.01155	0.01333	0.01066	0.00711	0.00533	0.00178	0.00888	0.00444	0.00355	0.01066
61	0.01012	0.00723	0.00964	0.01157	0.01205	0.00675	0.00771	0.01157	0.01591	0.02121	0.04579	0.70262	0.05495	0.02603	0.01060	0.00337	0.00482	0.02362	0.00771	0.00675
62	0.00991	0.00842	0.00854	0.00851	0.01128	0.00705	0.00638	0.01209	0.01915	0.02294	0.11023	0.07913	0.62647	0.02085	0.00982	0.00280	0.00419	0.01742	0.00778	0.00705
63	0.01715	0.01671	0.02969	0.47936	0.17462	0.01903	0.09927	0.02275	0.01745	0.02308	0.01519	0.02187	0.01168	0.00796	0.00848	0.00271	0.01120	0.00769	0.00384	0.01026
64	0.01070	0.00866	0.00964	0.01000	0.01256	0.00761	0.00790	0.01329	0.01928	0.02368	0.11392	0.08164	0.48686	0.02117	0.01017	0.00301	0.00491	0.13999	0.00780	0.00720
65	0.01012	0.00723	0.00964	0.01157	0.01205	0.00675	0.00771	0.01157	0.01591	0.02121	0.04579	0.70262	0.05495	0.02603	0.01060	0.00337	0.00482	0.02362	0.00771	0.00675
66	0.01569	0.01477	0.02492	0.68808	0.05722	0.01846	0.02307	0.02123	0.01661	0.02123	0.01477	0.02215	0.01107	0.00831	0.00831	0.00277	0.01107	0.00738	0.00369	0.00923
67	0.01078	0.00802	0.01004	0.01045	0.01204	0.00728	0.00749	0.01344	0.01985	0.02676	0.31927	0.29779	0.18414	0.02107	0.01009	0.00293	0.00430	0.01864	0.00834	0.00728
68	0.03012	0.02218	0.02392	0.01848	0.02478	0.02445	0.01521	0.58351	0.03792	0.05096	0.06635	0.02304	0.01885	0.01049	0.00842	0.00250	0.00876	0.00803	0.00837	0.01367
69	0.01700	0.01522	0.02179	0.19073	0.02852	0.02012	0.01698	0.02018	0.01466	0.02250	0.01512	0.02175	0.01302	0.01197	0.01811	0.00307	0.38001	0.00739	0.15302	0.00886
70	0.02750	0.02108	0.02246	0.01804	0.02396	0.02352	0.01464	0.43164	0.21598	0.04598	0.02658	0.02558	0.04273	0.01079	0.00841	0.00260	0.00819	0.00844	0.00833	0.01356
71	0.01032	0.00844	0.00911	0.00894	0.01153	0.00723	0.00671	0.01289	0.02012	0.02524	0.23047	0.07534	0.50479	0.01999	0.00981	0.00276	0.00413	0.01689	0.00808	0.00723
72	0.02056	0.01974	0.03372	0.05099	0.65622	0.01974	0.02550	0.02550	0.01892	0.02714	0.01563	0.02056	0.01316	0.00740	0.00822	0.00247	0.00987	0.00740	0.00411	0.01316
73	0.02056	0.01974	0.03372	0.05099	0.65622	0.01974	0.02550	0.02550	0.01892	0.02714	0.01563	0.02056	0.01316	0.00740	0.00822	0.00247	0.00987	0.00740	0.00411	0.01316
74	0.02544	0.02913	0.02848	0.03551	0.32567	0.33218	0.02065	0.02889	0.02083	0.02356	0.01408	0.01779	0.01188	0.00829	0.00878	0.00237	0.04462	0.00642	0.00417	0.01128
75	0.01363	0.00891	0.01170	0.01077	0.01306	0.00816	0.00816	0.01750	0.02353	0.07948	0.60637	0.05957	0.07414	0.01649	0.00969	0.00261	0.00415	0.01453	0.00923	0.00830
76	0.00996	0.00842	0.00861	0.00857	0.01131	0.00707	0.00642	0.01220	0.01927	0.02324	0.12585	0.07864	0.61066	0.02074	0.00982	0.00279	0.00419	0.01735	0.00782	0.00707
77	0.01012	0.00723	0.00964	0.01157	0.01205	0.00675	0.00771	0.01157	0.01591	0.02121	0.04579	0.70262	0.05495	0.02603	0.01060	0.00337	0.00482	0.02362	0.00771	0.00675
78	0.01009	0.00831	0.00887	0.00897	0.01145	0.00709	0.00664	0.01236	0.01922	0.02369	0.15176	0.13755	0.52324	0.02101	0.00989	0.00284	0.00423	0.01780	0.00789	0.00709
79	0.01008	0.00738	0.00949	0.01117	0.01195	0.00678	0.00754	0.01161	0.01629	0.02136	0.05061	0.62443	0.13003	0.02540	0.01050	0.00330	0.00474	0.02285	0.00771	0.00678
80	0.01519	0.02114	0.21108	0.05348	0.06596	0.01399	0.10331	0.01950	0.01669	0.02338	0.06157	0.16621	0.02527	0.01592	0.01334	0.13952	0.00931	0.01120	0.00490	0.00903
81	0.02200	0.02350	0.02351	0.26787	0.07870	0.22025	0.01853	0.03108	0.17987	0.02484	0.01914	0.02212	0.01478	0.00909	0.00809	0.00257	0.01103	0.00728	0.00513	0.01063

[dist]
# distance from previous block
# <min> <max>
0	1

[block]
# block no. 4 follows, 22 sequences, length 19
# corresponding to MSA columns:
# 220-238
name=unknown_E
#
# <colnr> <probs for GDERKNQSTAVLIFYWHMCP>
#	G	D	E	R	K	N	Q	S	T	A	V	L	I	F	Y	W	H	M	C	P
0	0.04756	0.01478	0.05688	0.09024	0.04914	0.01435	0.01303	0.02500	0.20774	0.02720	0.07414	0.16244	0.11037	0.05670	0.01094	0.00318	0.00687	0.01285	0.00688	0.00970
1	0.02269	0.17884	0.31954	0.02097	0.02947	0.24520	0.02234	0.02835	0.01945	0.02289	0.01352	0.01581	0.01061	0.00796	0.00723	0.00229	0.01250	0.00552	0.00378	0.01105
2	0.02506	0.06085	0.01820	0.01383	0.01845	0.07504	0.01118	0.16942	0.04980	0.15384	0.02862	0.02884	0.06374	0.01049	0.00740	0.00230	0.00718	0.00815	0.23662	0.01099
3	0.01978	0.01553	0.08203	0.01324	0.01732	0.01266	0.01088	0.10333	0.01879	0.12451	0.02381	0.03727	0.02229	0.34607	0.02440	0.00505	0.00826	0.00939	0.00613	0.09925
4	0.02447	0.54053	0.03841	0.01606	0.02244	0.19728	0.01469	0.02700	0.01859	0.01975	0.01188	0.01375	0.01067	0.00748	0.00588	0.00187	0.01045	0.00467	0.00374	0.01040
5	0.01057	0.00851	0.00964	0.00995	0.01227	0.00726	0.00715	0.01256	0.01763	0.02237	0.06357	0.31173	0.36998	0.02166	0.00980	0.00289	0.00461	0.01876	0.00747	0.07161
6	0.02536	0.06360	0.02356	0.01766	0.02219	0.02313	0.01455	0.37444	0.02863	0.03923	0.01876	0.02267	0.01512	0.05559	0.05120	0.00357	0.12972	0.00762	0.05169	0.01171
7	0.02804	0.33918	0.03188	0.01712	0.02301	0.28135	0.01462	0.03058	0.02058	0.12072	0.01539	0.01632	0.01223	0.00818	0.00665	0.00204	0.01099	0.00541	0.00490	0.01080
8	0.11778	0.03075	0.02146	0.01903	0.02377	0.39582	0.01463	0.10585	0.13923	0.02891	0.01745	0.01838	0.01364	0.00913	0.00749	0.00236	0.01168	0.00626	0.00565	0.01075
9	0.01007	0.00816	0.00894	0.00930	0.01152	0.00703	0.00677	0.01220	0.01871	0.02321	0.13017	0.21520	0.46622	0.02175	0.00999	0.00291	0.00431	0.01863	0.00785	0.00703
10	0.01176	0.00849	0.01110	0.01045	0.01241	0.00784	0.00784	0.01568	0.02352	0.03331	0.65184	0.06206	0.07839	0.01698	0.00980	0.00261	0.00392	0.01502	0.00914	0.00784
11	0.01189	0.00882	0.01294	0.01294	0.01428	0.01016	0.00987	0.01457	0.01323	0.01898	0.02263	0.03472	0.02167	0.12425	0.61442	0.01284	0.02089	0.00921	0.00451	0.00719
12	0.01086	0.00846	0.00986	0.00951	0.01186	0.00746	0.00713	0.01394	0.02139	0.02828	0.38877	0.07035	0.34459	0.01886	0.00981	0.00270	0.00405	0.01619	0.00848	0.00746
13	0.02049	0.01993	0.03480	0.04987	0.61310	0.01983	0.06776	0.02557	0.01896	0.02710	0.01571	0.02069	0.01312	0.00737	0.00834	0.00249	0.01016	0.00757	0.00412	0.01302
14	0.08753	0.01170	0.01354	0.01276	0.01548	0.01203	0.00978	0.12954	0.02310	0.03330	0.26275	0.22862	0.05115	0.01771	0.00941	0.00288	0.00564	0.05617	0.00810	0.00881
15	0.01187	0.00890	0.01335	0.01335	0.01483	0.01038	0.01038	0.01483	0.01335	0.01928	0.02225	0.03264	0.02077	0.06231	0.67512	0.01335	0.02225	0.00890	0.00445	0.00742
16	0.02588	0.01819	0.02234	0.02235	0.13934	0.01898	0.01516	0.31253	0.02885	0.11509	0.02877	0.06628	0.07877	0.01149	0.00842	0.00254	0.00797	0.00947	0.05514	0.01244
17	0.01187	0.00890	0.01335	0.01335	0.01483	0.01038	0.01038	0.01483	0.01335	0.01928	0.02225	0.03264	0.02077	0.06231	0.67512	0.01335	0.02225	0.00890	0.00445	0.00742
18	0.02056	0.01974	0.03372	0.05099	0.65622	0.01974	0.02550	0.02550	0.01892	0.02714	0.01563	0.02056	0.01316	0.00740	0.00822	0.00247	0.00987	0.00740	0.00411	0.01316

[dist]
# distance from previous block
# <min> <max>
0	17

# created by:
# /home/cegg/simao/soft/augustus-3.2.1/scripts/msa2prfl.pl ./align_prep/12860.fa
