[name]
unknown

[dist]
# distance from previous block
# <min> <max>
0	63

[block]
# block no. 0 follows, 23 sequences, length 85
# corresponding to MSA columns:
# 63-147
name=unknown_A
#
# <colnr> <probs for GDERKNQSTAVLIFYWHMCP>
#	G	D	E	R	K	N	Q	S	T	A	V	L	I	F	Y	W	H	M	C	P
0	0.01308	0.00934	0.01308	0.01494	0.01681	0.00934	0.01308	0.01681	0.01868	0.02428	0.04296	0.09153	0.04670	0.02242	0.01121	0.00374	0.00747	0.60960	0.00747	0.00747
1	0.01665	0.08897	0.62908	0.02249	0.03413	0.01976	0.02886	0.02560	0.01709	0.02524	0.01433	0.01685	0.01029	0.00766	0.00754	0.00251	0.01176	0.00588	0.00343	0.01188
2	0.02486	0.01791	0.02382	0.05971	0.24830	0.06365	0.01720	0.03239	0.13918	0.21342	0.05750	0.02602	0.02031	0.00937	0.00815	0.00250	0.00834	0.00812	0.00681	0.01243
3	0.01438	0.00955	0.01070	0.00986	0.01311	0.00842	0.00758	0.01796	0.05339	0.11977	0.15440	0.06561	0.44928	0.01793	0.00931	0.00268	0.00461	0.01503	0.00814	0.00831
4	0.01974	0.01893	0.03232	0.09603	0.62066	0.01919	0.02473	0.02460	0.01831	0.02610	0.01520	0.02019	0.01271	0.00729	0.00804	0.00243	0.00972	0.00723	0.00399	0.01258
5	0.02165	0.01710	0.01839	0.01632	0.02106	0.01943	0.01276	0.04279	0.59276	0.09160	0.03293	0.03003	0.02434	0.01092	0.00825	0.00273	0.00647	0.00908	0.00842	0.01293
6	0.06515	0.00844	0.00971	0.00978	0.01072	0.00847	0.00639	0.01334	0.01476	0.02126	0.14011	0.14413	0.06430	0.38047	0.06413	0.00600	0.00724	0.01341	0.00607	0.00612
7	0.01226	0.00920	0.01140	0.01107	0.01313	0.00894	0.00834	0.01759	0.08595	0.02983	0.44181	0.10703	0.10693	0.04574	0.01090	0.00294	0.00460	0.05602	0.00840	0.00793
8	0.01683	0.01442	0.01683	0.01202	0.01923	0.01082	0.00961	0.02043	0.01683	0.02644	0.01442	0.01683	0.01202	0.00601	0.00601	0.00120	0.00601	0.00481	0.00481	0.76444
9	0.01000	0.00715	0.00951	0.01122	0.01179	0.00666	0.00754	0.01158	0.01605	0.02153	0.08739	0.66454	0.05525	0.02481	0.01030	0.00324	0.00465	0.02249	0.00763	0.00666
10	0.01132	0.00847	0.00954	0.00914	0.01175	0.00733	0.00690	0.01401	0.02019	0.05185	0.27448	0.07016	0.43830	0.01879	0.00953	0.00267	0.00413	0.01594	0.00811	0.00740
11	0.01097	0.00827	0.01014	0.00967	0.01181	0.00744	0.00725	0.01432	0.02176	0.02967	0.50380	0.06534	0.23449	0.01766	0.00958	0.00260	0.00390	0.01534	0.00855	0.00744
12	0.73586	0.01560	0.01227	0.01086	0.01594	0.01789	0.00894	0.02463	0.01427	0.06765	0.01232	0.01389	0.00934	0.00766	0.00518	0.00251	0.00631	0.00458	0.00527	0.00904
13	0.03140	0.02070	0.02296	0.01772	0.02408	0.02229	0.01460	0.48895	0.06616	0.17256	0.02264	0.02164	0.01560	0.00986	0.00813	0.00247	0.00840	0.00757	0.00850	0.01375
14	0.01161	0.00864	0.01275	0.01275	0.01410	0.00998	0.00978	0.01430	0.01295	0.01862	0.02200	0.03335	0.02092	0.10621	0.63820	0.01268	0.02077	0.00891	0.00439	0.00708
15	0.77215	0.01569	0.01193	0.01067	0.01569	0.01820	0.00879	0.02385	0.01381	0.03641	0.01130	0.01318	0.00879	0.00753	0.00502	0.00251	0.00628	0.00439	0.00502	0.00879
16	0.00989	0.00706	0.00942	0.01130	0.01177	0.00659	0.00753	0.01130	0.01554	0.02071	0.04472	0.70954	0.05367	0.02542	0.01036	0.00330	0.00471	0.02307	0.00753	0.00659
17	0.02397	0.01864	0.01976	0.01656	0.02166	0.02102	0.01322	0.27755	0.34859	0.04046	0.02704	0.02597	0.02004	0.01036	0.00797	0.00255	0.00718	0.00828	0.07643	0.01274
18	0.01009	0.00718	0.00954	0.01135	0.01186	0.00675	0.00766	0.01154	0.01552	0.02067	0.04393	0.66012	0.05248	0.05128	0.01156	0.00349	0.00494	0.04607	0.00743	0.00656
19	0.03085	0.02273	0.02435	0.01867	0.02516	0.02516	0.01542	0.63716	0.03815	0.05114	0.01948	0.01948	0.01380	0.00974	0.00812	0.00244	0.00893	0.00731	0.00812	0.01380
20	0.02799	0.02010	0.02148	0.01679	0.02241	0.02212	0.01370	0.52945	0.03429	0.04697	0.02066	0.02219	0.01534	0.03567	0.00900	0.00256	0.00818	0.00751	0.11096	0.01262
21	0.01159	0.00869	0.01304	0.01304	0.01449	0.01014	0.01014	0.01449	0.01304	0.01884	0.02173	0.03188	0.02029	0.06086	0.68268	0.01304	0.02173	0.00869	0.00435	0.00724
22	0.01242	0.01010	0.01526	0.02086	0.17377	0.00974	0.01185	0.01468	0.01627	0.02215	0.03741	0.53835	0.04353	0.02090	0.00978	0.00308	0.00593	0.01914	0.00666	0.00815
23	0.01089	0.00828	0.00978	0.01057	0.01231	0.00762	0.00801	0.01298	0.01707	0.02142	0.05748	0.17514	0.30935	0.12689	0.01494	0.00387	0.00566	0.17393	0.00712	0.00668
24	0.01159	0.00869	0.01304	0.01304	0.01449	0.01014	0.01014	0.01449	0.01304	0.01884	0.02173	0.03188	0.02029	0.06086	0.68268	0.01304	0.02173	0.00869	0.00435	0.00724
25	0.01822	0.03426	0.40981	0.02888	0.11335	0.05712	0.17132	0.02605	0.01811	0.02553	0.01497	0.01847	0.01108	0.00748	0.00817	0.00256	0.01225	0.00695	0.00370	0.01170
26	0.02703	0.25397	0.02973	0.02021	0.05772	0.44049	0.01560	0.02943	0.02069	0.01997	0.01229	0.01441	0.01057	0.00785	0.00668	0.00199	0.01248	0.00505	0.00395	0.00991
27	0.01894	0.01732	0.02872	0.21147	0.43078	0.01836	0.02257	0.05178	0.01826	0.02530	0.01516	0.02078	0.01246	0.00908	0.00975	0.05701	0.00972	0.00722	0.00407	0.01124
28	0.02031	0.01954	0.02965	0.06913	0.50217	0.04586	0.02234	0.02820	0.12824	0.02730	0.01821	0.02170	0.01475	0.00797	0.00805	0.00247	0.00933	0.00749	0.00474	0.01256
29	0.02008	0.01928	0.03294	0.04981	0.66422	0.01928	0.02490	0.02490	0.01848	0.02651	0.01526	0.02008	0.01285	0.00723	0.00803	0.00241	0.00964	0.00723	0.00402	0.01285
30	0.14115	0.02681	0.22216	0.15972	0.17615	0.09178	0.02235	0.02498	0.01736	0.02599	0.01394	0.01777	0.01074	0.00772	0.00738	0.00250	0.01060	0.00617	0.00394	0.01079
31	0.05475	0.02179	0.02609	0.06067	0.29764	0.13170	0.01890	0.09794	0.07742	0.10629	0.01866	0.02069	0.01422	0.00843	0.00784	0.00242	0.00971	0.00707	0.00562	0.01216
32	0.01409	0.00705	0.01057	0.01057	0.01057	0.00705	0.00705	0.01057	0.01057	0.01409	0.01409	0.02467	0.01409	0.02819	0.03171	0.76392	0.00705	0.00705	0.00352	0.00352
33	0.02158	0.06210	0.26208	0.03141	0.26030	0.01856	0.05635	0.02776	0.01875	0.13762	0.01778	0.02007	0.01303	0.00786	0.00788	0.00247	0.01018	0.00693	0.00483	0.01248
34	0.01960	0.02051	0.05824	0.04375	0.47257	0.01990	0.14676	0.02478	0.01814	0.02589	0.01515	0.02018	0.01250	0.00765	0.00962	0.00256	0.05841	0.00765	0.00398	0.01216
35	0.01090	0.00924	0.00954	0.00929	0.01217	0.00838	0.00702	0.01540	0.08841	0.02407	0.12162	0.07146	0.54543	0.01919	0.00944	0.00273	0.00434	0.01606	0.00772	0.00757
36	0.02719	0.28552	0.03007	0.01836	0.02354	0.44661	0.01503	0.02946	0.02064	0.01958	0.01209	0.01405	0.01044	0.00785	0.00655	0.00196	0.01247	0.00490	0.00392	0.00977
37	0.77215	0.01569	0.01193	0.01067	0.01569	0.01820	0.00879	0.02385	0.01381	0.03641	0.01130	0.01318	0.00879	0.00753	0.00502	0.00251	0.00628	0.00439	0.00502	0.00879
38	0.01574	0.01365	0.02298	0.01887	0.02226	0.01483	0.16583	0.06173	0.01667	0.02412	0.01974	0.02708	0.01703	0.03430	0.33857	0.00772	0.07847	0.00855	0.08305	0.00880
39	0.01069	0.00826	0.00975	0.00938	0.01164	0.00732	0.00703	0.01378	0.02110	0.02810	0.41845	0.06792	0.32081	0.01824	0.00958	0.00263	0.00395	0.01570	0.00835	0.00732
40	0.02131	0.67119	0.08765	0.01455	0.02185	0.03116	0.01504	0.02440	0.01653	0.01956	0.01152	0.01331	0.01040	0.00700	0.00539	0.00180	0.00891	0.00446	0.00347	0.01053
41	0.02521	0.07782	0.02711	0.02766	0.18289	0.36984	0.01817	0.02797	0.01977	0.02141	0.01283	0.01636	0.01108	0.00889	0.01037	0.00237	0.12006	0.00595	0.00399	0.01025
42	0.01138	0.00829	0.01070	0.01009	0.01206	0.00761	0.00757	0.01510	0.02271	0.03193	0.62699	0.06161	0.10988	0.01681	0.00957	0.00256	0.00384	0.01481	0.00885	0.00761
43	0.02044	0.01660	0.01785	0.01597	0.02046	0.01887	0.01243	0.04100	0.57280	0.06766	0.07645	0.03224	0.02811	0.01134	0.00834	0.00273	0.00627	0.00950	0.00840	0.01254
44	0.00989	0.00706	0.00942	0.01130	0.01177	0.00659	0.00753	0.01130	0.01554	0.02071	0.04472	0.70954	0.05367	0.02542	0.01036	0.00330	0.00471	0.02307	0.00753	0.00659
45	0.01890	0.01807	0.03080	0.21009	0.51317	0.01897	0.02431	0.02387	0.01792	0.02507	0.01505	0.02047	0.01235	0.00745	0.00805	0.00248	0.00993	0.00723	0.00391	0.01190
46	0.01202	0.00856	0.01237	0.01237	0.01387	0.00983	0.00960	0.01503	0.01353	0.02023	0.02231	0.03168	0.02035	0.05457	0.59992	0.01168	0.01954	0.00856	0.09670	0.00728
47	0.07888	0.19369	0.02659	0.01622	0.02241	0.02445	0.01387	0.29864	0.12198	0.09567	0.02006	0.01981	0.01484	0.00911	0.00720	0.00232	0.00812	0.00673	0.00694	0.01247
48	0.02016	0.01889	0.03091	0.11851	0.51493	0.01986	0.02357	0.06659	0.01924	0.02717	0.01520	0.02008	0.01256	0.00790	0.00911	0.00251	0.04909	0.00723	0.00423	0.01226
49	0.02816	0.03413	0.02339	0.02085	0.02443	0.53054	0.01602	0.06465	0.02202	0.02158	0.01261	0.01545	0.01068	0.00946	0.01072	0.00236	0.13342	0.00567	0.00430	0.00957
50	0.01115	0.00775	0.00889	0.00926	0.00969	0.00749	0.00559	0.01168	0.01337	0.01749	0.03635	0.18743	0.11182	0.49178	0.03122	0.00632	0.00677	0.01471	0.00576	0.00549
51	0.01258	0.01010	0.01578	0.01389	0.01544	0.00974	0.11506	0.01414	0.01404	0.01880	0.02893	0.21748	0.03276	0.41345	0.02778	0.00579	0.00806	0.01433	0.00545	0.00640
52	0.14995	0.02061	0.04050	0.02947	0.03672	0.02033	0.49552	0.02530	0.01789	0.02748	0.01524	0.02017	0.01162	0.00732	0.00963	0.00274	0.04625	0.00855	0.00424	0.01047
53	0.50188	0.01887	0.08816	0.12439	0.04917	0.01863	0.01427	0.05384	0.01594	0.03305	0.01271	0.01555	0.00968	0.00774	0.00608	0.00254	0.00790	0.00528	0.00473	0.00958
54	0.02872	0.01896	0.02109	0.01681	0.02266	0.02036	0.01368	0.34558	0.17241	0.18057	0.02799	0.02624	0.04573	0.01056	0.00822	0.00254	0.00771	0.00834	0.00854	0.01328
55	0.01173	0.00813	0.01019	0.01019	0.01065	0.00859	0.00659	0.01266	0.01220	0.01673	0.02434	0.04631	0.02655	0.50562	0.24648	0.00952	0.01230	0.01081	0.00473	0.00566
56	0.01429	0.01235	0.01761	0.01616	0.01703	0.01605	0.01304	0.01677	0.01299	0.01968	0.01743	0.02601	0.01636	0.03920	0.38039	0.00860	0.29885	0.00799	0.04129	0.00793
57	0.00989	0.00706	0.00942	0.01130	0.01177	0.00659	0.00753	0.01130	0.01554	0.02071	0.04472	0.70954	0.05367	0.02542	0.01036	0.00330	0.00471	0.02307	0.00753	0.00659
58	0.02878	0.06535	0.02331	0.01999	0.02431	0.56747	0.01524	0.06043	0.05019	0.02188	0.01407	0.01616	0.01162	0.01057	0.03421	0.00256	0.01403	0.00560	0.00452	0.00972
59	0.01027	0.00825	0.00916	0.00893	0.01138	0.00714	0.00670	0.01296	0.02010	0.02574	0.28991	0.07181	0.45083	0.01913	0.00958	0.00267	0.00401	0.01624	0.00804	0.00714
60	0.02243	0.01980	0.03021	0.08684	0.46335	0.02065	0.02238	0.17664	0.02321	0.03222	0.01625	0.02004	0.01295	0.00791	0.00806	0.00244	0.00954	0.00725	0.00501	0.01282
61	0.01159	0.00869	0.01304	0.01304	0.01449	0.01014	0.01014	0.01449	0.01304	0.01884	0.02173	0.03188	0.02029	0.06086	0.68268	0.01304	0.02173	0.00869	0.00435	0.00724
62	0.01386	0.01161	0.01387	0.01306	0.01367	0.04599	0.00942	0.01510	0.01283	0.01754	0.02091	0.03838	0.02230	0.36238	0.21144	0.00813	0.14880	0.00969	0.00445	0.00656
63	0.01178	0.00794	0.00923	0.00923	0.00936	0.00807	0.00539	0.01204	0.01191	0.01601	0.02522	0.05118	0.02866	0.65553	0.09946	0.00834	0.00912	0.01152	0.00486	0.00513
64	0.01238	0.00927	0.01219	0.01180	0.01235	0.01060	0.00830	0.01367	0.01234	0.01732	0.02248	0.04120	0.02395	0.39106	0.28150	0.00934	0.08936	0.01011	0.00455	0.00623
65	0.00982	0.00787	0.00877	0.00930	0.01129	0.00683	0.00669	0.01180	0.01791	0.02231	0.11213	0.26963	0.43367	0.02175	0.00982	0.00290	0.00427	0.01876	0.00763	0.00683
66	0.02817	0.20778	0.02784	0.01916	0.02403	0.52083	0.01523	0.03039	0.02138	0.01967	0.01223	0.01423	0.01044	0.00801	0.00679	0.00200	0.01315	0.00501	0.00400	0.00966
67	0.02773	0.03508	0.05311	0.02657	0.14867	0.52572	0.01808	0.03067	0.02187	0.02139	0.01315	0.01579	0.01091	0.00812	0.00747	0.00217	0.01356	0.00565	0.00412	0.01018
68	0.01846	0.02892	0.30484	0.03847	0.39688	0.01909	0.02706	0.02524	0.01790	0.02616	0.01496	0.01883	0.01176	0.00743	0.00790	0.00248	0.01064	0.00671	0.00377	0.01249
69	0.01780	0.01693	0.02840	0.25436	0.42187	0.01799	0.02280	0.02261	0.01775	0.02432	0.01979	0.02473	0.05860	0.00847	0.00817	0.00253	0.00962	0.00793	0.00414	0.01119
70	0.01145	0.00992	0.00962	0.00945	0.01161	0.04579	0.00677	0.01327	0.01747	0.02118	0.10534	0.06594	0.42474	0.15885	0.04981	0.00422	0.00632	0.01479	0.00676	0.00669
71	0.04214	0.03120	0.43915	0.01977	0.02894	0.01596	0.06661	0.02216	0.01749	0.02517	0.03137	0.03247	0.17193	0.01083	0.00821	0.00262	0.00995	0.00896	0.00455	0.01052
72	0.02558	0.16314	0.02730	0.01949	0.02333	0.34710	0.01583	0.07095	0.02021	0.02187	0.01233	0.01544	0.01073	0.00964	0.01176	0.00241	0.18325	0.00567	0.00417	0.00978
73	0.02799	0.14914	0.02642	0.01838	0.02367	0.27341	0.01499	0.25673	0.02692	0.03181	0.01535	0.01685	0.01208	0.00890	0.00794	0.00221	0.03755	0.00601	0.03252	0.01114
74	0.02008	0.01928	0.03294	0.04981	0.66422	0.01928	0.02490	0.02490	0.01848	0.02651	0.01526	0.02008	0.01285	0.00723	0.00803	0.00241	0.00964	0.00723	0.00402	0.01285
75	0.01677	0.10343	0.61564	0.02229	0.03382	0.02005	0.02852	0.02557	0.01707	0.02510	0.01426	0.01676	0.01029	0.00764	0.00748	0.00249	0.01169	0.00585	0.00343	0.01185
76	0.01159	0.00869	0.01304	0.01304	0.01449	0.01014	0.01014	0.01449	0.01304	0.01884	0.02173	0.03188	0.02029	0.06086	0.68268	0.01304	0.02173	0.00869	0.00435	0.00724
77	0.02008	0.01928	0.03294	0.04981	0.66422	0.01928	0.02490	0.02490	0.01848	0.02651	0.01526	0.02008	0.01285	0.00723	0.00803	0.00241	0.00964	0.00723	0.00402	0.01285
78	0.00966	0.00793	0.00852	0.00898	0.01116	0.00679	0.00650	0.01156	0.01776	0.02162	0.07289	0.23488	0.51014	0.02176	0.00978	0.00288	0.00426	0.01860	0.00753	0.00679
79	0.01468	0.01777	0.17680	0.01504	0.01919	0.01311	0.01461	0.04502	0.01561	0.02355	0.01977	0.02701	0.01708	0.05695	0.27453	0.04728	0.05308	0.00771	0.13265	0.00857
80	0.01474	0.01056	0.01312	0.01249	0.01515	0.01064	0.00984	0.02230	0.14609	0.06365	0.39700	0.05832	0.05827	0.01617	0.00952	0.00280	0.00513	0.11665	0.00860	0.00896
81	0.02171	0.06872	0.02567	0.02040	0.02237	0.13059	0.01686	0.10135	0.01770	0.02362	0.01213	0.01716	0.01101	0.01221	0.01972	0.00305	0.45514	0.00664	0.00423	0.00970
82	0.00981	0.00738	0.00909	0.01046	0.01155	0.00666	0.00716	0.01139	0.01634	0.02104	0.05493	0.53748	0.21913	0.02409	0.01015	0.00314	0.00454	0.02145	0.00753	0.00666
83	0.06889	0.00977	0.01086	0.03722	0.01280	0.01014	0.00696	0.05792	0.01507	0.02128	0.05291	0.07701	0.07276	0.47914	0.03017	0.00612	0.00739	0.01172	0.00555	0.00631
84	0.05246	0.02071	0.02565	0.07737	0.25197	0.06919	0.01842	0.20115	0.10493	0.03394	0.01828	0.02050	0.01413	0.00852	0.00782	0.00240	0.00916	0.00712	0.00579	0.05049

[dist]
# distance from previous block
# <min> <max>
3	25

[block]
# block no. 1 follows, 23 sequences, length 66
# corresponding to MSA columns:
# 173-238
name=unknown_B
#
# <colnr> <probs for GDERKNQSTAVLIFYWHMCP>
#	G	D	E	R	K	N	Q	S	T	A	V	L	I	F	Y	W	H	M	C	P
0	0.01880	0.03111	0.31484	0.03188	0.17079	0.06086	0.20305	0.02603	0.01837	0.02559	0.01512	0.01898	0.01143	0.00740	0.00829	0.00255	0.01214	0.00725	0.00380	0.01171
1	0.02558	0.18452	0.03362	0.02273	0.02854	0.37092	0.17248	0.02899	0.02058	0.02125	0.01325	0.01612	0.01092	0.00766	0.00743	0.00218	0.01308	0.00614	0.00400	0.01002
2	0.01038	0.00825	0.00932	0.00905	0.01145	0.00719	0.00679	0.01318	0.02036	0.02635	0.32334	0.07079	0.41702	0.01890	0.00958	0.00266	0.00399	0.01610	0.00812	0.00719
3	0.01763	0.02823	0.29077	0.02924	0.17406	0.04350	0.12569	0.02429	0.01849	0.02626	0.09302	0.02379	0.01926	0.00885	0.00915	0.00258	0.04162	0.00794	0.00437	0.01125
4	0.01822	0.01560	0.01690	0.01460	0.01948	0.01648	0.01138	0.03436	0.43025	0.03145	0.07244	0.03225	0.06504	0.01086	0.00793	0.00240	0.00602	0.00906	0.00749	0.17780
5	0.03031	0.03867	0.02299	0.02090	0.02508	0.68226	0.01568	0.03240	0.02299	0.01986	0.01254	0.01463	0.01045	0.00836	0.00732	0.00209	0.01463	0.00523	0.00418	0.00941
6	0.05878	0.06930	0.32155	0.01606	0.02361	0.01531	0.01823	0.02116	0.04635	0.02491	0.03975	0.03954	0.24883	0.01250	0.00811	0.00258	0.00831	0.01001	0.00525	0.00986
7	0.01159	0.00869	0.01304	0.01304	0.01449	0.01014	0.01014	0.01449	0.01304	0.01884	0.02173	0.03188	0.02029	0.06086	0.68268	0.01304	0.02173	0.00869	0.00435	0.00724
8	0.02113	0.01650	0.01776	0.01579	0.02043	0.01853	0.01234	0.04080	0.54816	0.09612	0.03600	0.03300	0.06405	0.01151	0.00833	0.00273	0.00633	0.00957	0.00839	0.01256
9	0.01836	0.01949	0.03905	0.20506	0.16467	0.01965	0.36274	0.02445	0.01828	0.02476	0.01569	0.02148	0.01204	0.00724	0.00891	0.00267	0.01218	0.00853	0.00396	0.01082
10	0.03031	0.03867	0.02299	0.02090	0.02508	0.68226	0.01568	0.03240	0.02299	0.01986	0.01254	0.01463	0.01045	0.00836	0.00732	0.00209	0.01463	0.00523	0.00418	0.00941
11	0.00978	0.00823	0.00848	0.00842	0.01108	0.00693	0.00631	0.01201	0.01894	0.02297	0.13937	0.07636	0.60310	0.02016	0.00959	0.00272	0.00408	0.01688	0.00767	0.00693
12	0.01179	0.00792	0.00911	0.00911	0.00920	0.00801	0.00524	0.01197	0.01188	0.01593	0.02533	0.05177	0.02892	0.67398	0.08137	0.00819	0.00873	0.01161	0.00488	0.00506
13	0.02082	0.59106	0.13009	0.01618	0.02388	0.02969	0.04705	0.02458	0.01671	0.02035	0.01199	0.01403	0.01049	0.00704	0.00577	0.00190	0.00939	0.00483	0.00350	0.01066
14	0.01915	0.02189	0.04788	0.03420	0.04241	0.02052	0.63475	0.02599	0.01915	0.02599	0.01642	0.02189	0.01231	0.00684	0.00958	0.00274	0.01368	0.00958	0.00410	0.01094
15	0.01545	0.00919	0.01200	0.01078	0.01346	0.00831	0.00827	0.01906	0.02275	0.13609	0.52334	0.05625	0.10168	0.01575	0.00934	0.00256	0.00435	0.01375	0.00903	0.00861
16	0.10073	0.01869	0.01942	0.01543	0.02076	0.02060	0.01262	0.44020	0.03108	0.04508	0.02021	0.02123	0.01485	0.00946	0.00727	0.00232	0.00753	0.00707	0.17351	0.01193
17	0.01938	0.01882	0.02992	0.19611	0.47048	0.04460	0.02346	0.02504	0.04635	0.02525	0.01576	0.02069	0.01282	0.00765	0.00803	0.00248	0.00996	0.00724	0.00412	0.01183
18	0.01627	0.04197	0.67279	0.02313	0.03512	0.01884	0.02998	0.02570	0.01713	0.02570	0.01456	0.01713	0.01028	0.00771	0.00771	0.00257	0.01199	0.00600	0.00343	0.01199
19	0.01984	0.01903	0.03250	0.08261	0.63330	0.01922	0.02478	0.02469	0.01836	0.02622	0.01522	0.02016	0.01275	0.00727	0.00804	0.00242	0.00970	0.00723	0.00400	0.01266
20	0.02718	0.21127	0.02749	0.01872	0.02347	0.48257	0.01494	0.02944	0.02084	0.01961	0.01268	0.01508	0.01093	0.01061	0.04043	0.00255	0.01346	0.00517	0.00401	0.00956
21	0.00959	0.00822	0.00822	0.00822	0.01096	0.00685	0.00617	0.01165	0.01850	0.02192	0.08220	0.07809	0.66092	0.02055	0.00959	0.00274	0.00411	0.01713	0.00754	0.00685
22	0.02029	0.01799	0.02148	0.02541	0.21436	0.08291	0.01559	0.06716	0.15842	0.02920	0.02158	0.02425	0.01717	0.01121	0.03348	0.00280	0.04913	0.00758	0.16901	0.01098
23	0.00959	0.00822	0.00822	0.00822	0.01096	0.00685	0.00617	0.01165	0.01850	0.02192	0.08220	0.07809	0.66092	0.02055	0.00959	0.00274	0.00411	0.01713	0.00754	0.00685
24	0.01793	0.01105	0.01230	0.01116	0.01426	0.01092	0.00857	0.13274	0.02160	0.09376	0.04149	0.16836	0.16680	0.01506	0.00813	0.00251	0.00530	0.01264	0.23642	0.00900
25	0.01159	0.00869	0.01304	0.01304	0.01449	0.01014	0.01014	0.01449	0.01304	0.01884	0.02173	0.03188	0.02029	0.06086	0.68268	0.01304	0.02173	0.00869	0.00435	0.00724
26	0.02932	0.11722	0.02525	0.02009	0.02459	0.60728	0.01547	0.03147	0.02224	0.01977	0.01240	0.01445	0.01045	0.00820	0.00707	0.00205	0.01395	0.00512	0.00410	0.00952
27	0.01683	0.01442	0.01683	0.01202	0.01923	0.01082	0.00961	0.02043	0.01683	0.02644	0.01442	0.01683	0.01202	0.00601	0.00601	0.00120	0.00601	0.00481	0.00481	0.76444
28	0.02288	0.05853	0.13416	0.02410	0.06114	0.31103	0.13609	0.02733	0.01968	0.02218	0.01475	0.01861	0.01202	0.01385	0.08499	0.00355	0.01434	0.00665	0.00403	0.01009
29	0.02769	0.24555	0.02893	0.01877	0.02379	0.48477	0.01513	0.02994	0.02102	0.01963	0.01216	0.01414	0.01044	0.00793	0.00668	0.00198	0.01282	0.00496	0.00397	0.00971
30	0.01734	0.01169	0.01694	0.01979	0.15738	0.01130	0.01225	0.02057	0.01874	0.13399	0.15762	0.04301	0.13494	0.06356	0.13950	0.00486	0.00934	0.01102	0.00670	0.00947
31	0.02485	0.03434	0.16132	0.06482	0.10285	0.37303	0.04780	0.05309	0.02128	0.02340	0.01383	0.01671	0.01093	0.00807	0.00766	0.00231	0.01302	0.00601	0.00412	0.01056
32	0.01779	0.03047	0.32174	0.02849	0.03783	0.02006	0.32848	0.02544	0.01783	0.02544	0.01523	0.01953	0.01131	0.00770	0.00985	0.00272	0.05721	0.00784	0.00377	0.01127
33	0.02850	0.02156	0.02303	0.01819	0.02427	0.02407	0.01485	0.50622	0.17292	0.04735	0.02247	0.02186	0.01622	0.01002	0.00815	0.00251	0.00838	0.00772	0.00815	0.01359
34	0.01768	0.21817	0.50894	0.02072	0.03140	0.02229	0.02580	0.02533	0.01696	0.02398	0.01371	0.01606	0.01031	0.00751	0.00706	0.00235	0.01113	0.00557	0.00344	0.01158
35	0.01683	0.01442	0.01683	0.01202	0.01923	0.01082	0.00961	0.02043	0.01683	0.02644	0.01442	0.01683	0.01202	0.00601	0.00601	0.00120	0.00601	0.00481	0.00481	0.76444
36	0.00987	0.00711	0.00936	0.01116	0.01173	0.00660	0.00747	0.01131	0.01567	0.02077	0.04644	0.68062	0.08147	0.02520	0.01032	0.00327	0.00468	0.02280	0.00753	0.00660
37	0.00959	0.00822	0.00822	0.00822	0.01096	0.00685	0.00617	0.01165	0.01850	0.02192	0.08220	0.07809	0.66092	0.02055	0.00959	0.00274	0.00411	0.01713	0.00754	0.00685
38	0.01159	0.00869	0.01304	0.01304	0.01449	0.01014	0.01014	0.01449	0.01304	0.01884	0.02173	0.03188	0.02029	0.06086	0.68268	0.01304	0.02173	0.00869	0.00435	0.00724
39	0.00959	0.00822	0.00822	0.00822	0.01096	0.00685	0.00617	0.01165	0.01850	0.02192	0.08220	0.07809	0.66092	0.02055	0.00959	0.00274	0.00411	0.01713	0.00754	0.00685
40	0.01762	0.01664	0.01739	0.01676	0.04228	0.13552	0.01241	0.06976	0.01732	0.02228	0.04316	0.02880	0.01963	0.10058	0.31761	0.00780	0.09308	0.00824	0.00475	0.00837
41	0.01896	0.04134	0.54861	0.02270	0.03320	0.14563	0.02725	0.02698	0.01825	0.02458	0.01418	0.01665	0.01031	0.00783	0.00763	0.00248	0.01250	0.00585	0.00357	0.01150
42	0.03031	0.03867	0.02299	0.02090	0.02508	0.68226	0.01568	0.03240	0.02299	0.01986	0.01254	0.01463	0.01045	0.00836	0.00732	0.00209	0.01463	0.00523	0.00418	0.00941
43	0.02220	0.37717	0.21420	0.01752	0.02577	0.02688	0.01871	0.15977	0.02144	0.02800	0.01400	0.01559	0.01112	0.00777	0.00655	0.00212	0.00966	0.00545	0.00448	0.01160
44	0.00971	0.00822	0.00839	0.00835	0.01104	0.00690	0.00626	0.01188	0.01878	0.02261	0.11947	0.07696	0.62323	0.02029	0.00959	0.00273	0.00409	0.01697	0.00763	0.00690
45	0.00973	0.00768	0.00878	0.00967	0.01134	0.00673	0.00681	0.01148	0.01710	0.02135	0.06457	0.37506	0.37533	0.02284	0.00995	0.00300	0.00439	0.01992	0.00753	0.00673
46	0.02817	0.02248	0.14543	0.01767	0.02472	0.01851	0.01654	0.27276	0.05150	0.23849	0.02449	0.06256	0.01787	0.01042	0.00819	0.00255	0.00853	0.00832	0.00780	0.01300
47	0.05254	0.02647	0.14989	0.20514	0.21661	0.16496	0.02253	0.02557	0.01843	0.02380	0.01414	0.01843	0.01113	0.00781	0.00771	0.00245	0.01135	0.00643	0.00388	0.01075
48	0.01333	0.01927	0.21406	0.01653	0.02111	0.01355	0.01656	0.01816	0.01425	0.02096	0.01898	0.02667	0.01675	0.04229	0.44364	0.00937	0.05393	0.00779	0.00403	0.00877
49	0.02210	0.02331	0.03031	0.07624	0.49243	0.16535	0.02275	0.02634	0.01936	0.02475	0.01462	0.01896	0.01222	0.00752	0.00788	0.00235	0.01080	0.00679	0.00403	0.01190
50	0.01050	0.00732	0.00923	0.01051	0.01083	0.00700	0.00669	0.01146	0.01434	0.01911	0.03857	0.49873	0.04591	0.24682	0.02029	0.00476	0.00572	0.01945	0.00669	0.00605
51	0.01554	0.00970	0.01143	0.01094	0.01380	0.00878	0.00837	0.04472	0.01927	0.13071	0.05740	0.17170	0.32426	0.06268	0.01155	0.00320	0.00546	0.07447	0.00781	0.00822
52	0.19272	0.03185	0.01997	0.01819	0.02239	0.49638	0.01383	0.02946	0.02038	0.02345	0.01281	0.01533	0.01066	0.01126	0.04651	0.00283	0.01321	0.00525	0.00438	0.00914
53	0.01783	0.01698	0.02886	0.35601	0.37566	0.01869	0.02378	0.02292	0.01741	0.02377	0.01486	0.02082	0.01189	0.00765	0.00807	0.00255	0.01020	0.00722	0.00382	0.01103
54	0.01107	0.00816	0.01052	0.01131	0.01292	0.00760	0.00864	0.01388	0.01904	0.02540	0.24109	0.26421	0.15620	0.02121	0.01019	0.00308	0.00498	0.15541	0.00795	0.00717
55	0.02008	0.01928	0.03294	0.04981	0.66422	0.01928	0.02490	0.02490	0.01848	0.02651	0.01526	0.02008	0.01285	0.00723	0.00803	0.00241	0.00964	0.00723	0.00402	0.01285
56	0.02809	0.03066	0.02557	0.02702	0.17141	0.38329	0.01773	0.16616	0.02536	0.02839	0.01472	0.01697	0.01175	0.00841	0.00766	0.00224	0.01221	0.00615	0.00503	0.01118
57	0.01828	0.01682	0.02828	0.12022	0.48509	0.01719	0.02176	0.02253	0.01814	0.02562	0.07888	0.02457	0.01899	0.00961	0.00972	0.05158	0.00904	0.00795	0.00442	0.01128
58	0.01098	0.00762	0.00957	0.01066	0.01182	0.00694	0.00731	0.01260	0.01650	0.04533	0.07479	0.50509	0.16817	0.05792	0.01164	0.00336	0.00480	0.02048	0.00755	0.00687
59	0.01286	0.01080	0.01245	0.01224	0.01336	0.04353	0.00892	0.01480	0.01676	0.02259	0.15952	0.24517	0.11831	0.11898	0.01673	0.00367	0.11221	0.01516	0.03483	0.00712
60	0.06734	0.01616	0.02081	0.22712	0.15215	0.05567	0.01658	0.06274	0.08111	0.02810	0.01908	0.02300	0.01482	0.00860	0.00733	0.00241	0.00842	0.00719	0.17125	0.01011
61	0.01003	0.00828	0.00883	0.00881	0.01139	0.00708	0.00669	0.01243	0.01919	0.02365	0.16925	0.07598	0.54490	0.02002	0.00966	0.00275	0.00421	0.04209	0.00775	0.00700
62	0.02029	0.02051	0.03542	0.04573	0.52122	0.04458	0.14110	0.02539	0.01878	0.02616	0.01538	0.02022	0.01266	0.00720	0.00830	0.00246	0.01060	0.00760	0.00404	0.01236
63	0.02119	0.01945	0.01880	0.01875	0.06206	0.14347	0.01396	0.05895	0.26460	0.05601	0.03195	0.04190	0.05710	0.01315	0.00877	0.00280	0.00845	0.14078	0.00707	0.01079
64	0.21549	0.01262	0.01490	0.01732	0.12035	0.01346	0.01148	0.04434	0.01707	0.02940	0.02576	0.03459	0.06518	0.01717	0.08901	0.00379	0.00824	0.07918	0.17175	0.00890
65	0.01647	0.00903	0.01186	0.01136	0.01350	0.00825	0.00822	0.01883	0.01904	0.16732	0.22662	0.28180	0.05027	0.10292	0.01338	0.00345	0.00531	0.01585	0.00820	0.00831

[dist]
# distance from previous block
# <min> <max>
3	9

[block]
# block no. 2 follows, 23 sequences, length 9
# corresponding to MSA columns:
# 248-256
name=unknown_C
#
# <colnr> <probs for GDERKNQSTAVLIFYWHMCP>
#	G	D	E	R	K	N	Q	S	T	A	V	L	I	F	Y	W	H	M	C	P
0	0.01383	0.01037	0.01193	0.01135	0.01398	0.00982	0.00837	0.10491	0.01955	0.02551	0.04843	0.27781	0.24532	0.02013	0.01130	0.07011	0.00545	0.01583	0.00704	0.06895
1	0.22137	0.20348	0.02562	0.08261	0.02458	0.11589	0.01402	0.17173	0.02185	0.03158	0.01374	0.01569	0.01084	0.00808	0.00644	0.00225	0.00915	0.00547	0.00510	0.01052
2	0.11950	0.02089	0.13585	0.06558	0.21659	0.01795	0.01892	0.02775	0.16062	0.02969	0.08739	0.02536	0.02123	0.00926	0.00779	0.00256	0.00832	0.00787	0.00551	0.01138
3	0.02102	0.01548	0.01513	0.01336	0.01721	0.11011	0.01025	0.08209	0.02173	0.16281	0.08260	0.16406	0.17703	0.01525	0.00874	0.00257	0.00693	0.01272	0.00756	0.05335
4	0.02170	0.01780	0.02084	0.02311	0.16536	0.08679	0.01495	0.03102	0.20394	0.11518	0.10471	0.03312	0.02720	0.01095	0.00834	0.00253	0.00782	0.04848	0.00696	0.04918
5	0.15430	0.08405	0.13647	0.02045	0.10676	0.05393	0.01680	0.06244	0.02012	0.23977	0.01969	0.01991	0.01379	0.00846	0.00722	0.00241	0.00873	0.00648	0.00624	0.01197
6	0.08966	0.02792	0.09322	0.17347	0.12663	0.27306	0.01946	0.05926	0.02019	0.02478	0.01383	0.01738	0.01090	0.00807	0.00748	0.00238	0.01173	0.00608	0.00423	0.01028
7	0.02166	0.02143	0.01816	0.01842	0.07483	0.24370	0.01266	0.10727	0.02121	0.02583	0.02212	0.12782	0.02125	0.07198	0.05530	0.00352	0.01041	0.00947	0.10382	0.00914
8	0.01977	0.23669	0.11127	0.01572	0.02159	0.02116	0.04748	0.15488	0.02082	0.02702	0.02393	0.02964	0.08413	0.13702	0.01340	0.00327	0.00880	0.00820	0.00521	0.01001

[dist]
# distance from previous block
# <min> <max>
31	87

[block]
# block no. 3 follows, 23 sequences, length 51
# corresponding to MSA columns:
# 345-395
name=unknown_D
#
# <colnr> <probs for GDERKNQSTAVLIFYWHMCP>
#	G	D	E	R	K	N	Q	S	T	A	V	L	I	F	Y	W	H	M	C	P
0	0.02103	0.08488	0.06209	0.01492	0.01911	0.10992	0.01256	0.15177	0.02113	0.05293	0.01999	0.02619	0.01708	0.10187	0.14492	0.00500	0.01156	0.00752	0.10597	0.00957
1	0.02003	0.04982	0.15824	0.03002	0.26825	0.01861	0.02086	0.05089	0.04387	0.06299	0.01630	0.01931	0.01285	0.00807	0.00899	0.00233	0.06282	0.00660	0.00465	0.13450
2	0.01896	0.01471	0.01704	0.01426	0.01868	0.01450	0.01108	0.21232	0.02296	0.03204	0.02605	0.25050	0.02652	0.01405	0.00898	0.00239	0.03473	0.01183	0.00672	0.24169
3	0.02376	0.01849	0.02622	0.02251	0.07758	0.01941	0.12748	0.28322	0.02646	0.08503	0.02369	0.14644	0.02105	0.01212	0.00975	0.00271	0.04495	0.01064	0.00685	0.01163
4	0.02314	0.06584	0.03534	0.03332	0.22090	0.18674	0.22133	0.06745	0.02101	0.02587	0.01501	0.01886	0.01200	0.00753	0.00820	0.00240	0.01211	0.00734	0.00432	0.01129
5	0.01682	0.14308	0.01874	0.01305	0.01530	0.10403	0.00978	0.01946	0.05658	0.01889	0.02212	0.08741	0.02342	0.31155	0.06191	0.00533	0.05033	0.00982	0.00487	0.00754
6	0.02521	0.02736	0.10574	0.03072	0.26046	0.22053	0.02023	0.05487	0.04597	0.10605	0.01731	0.01938	0.01322	0.00824	0.00780	0.00236	0.01095	0.00666	0.00508	0.01186
7	0.01958	0.01783	0.03019	0.20988	0.48501	0.01866	0.02377	0.02447	0.01811	0.05201	0.01575	0.02079	0.01265	0.00757	0.00806	0.00249	0.00982	0.00726	0.00417	0.01193
8	0.01950	0.01890	0.03091	0.04267	0.50331	0.02067	0.02311	0.02356	0.01696	0.02476	0.01411	0.01950	0.01230	0.00897	0.01269	0.00270	0.18241	0.00720	0.00390	0.01186
9	0.01251	0.01019	0.01481	0.10382	0.09830	0.01051	0.01194	0.01627	0.05776	0.02230	0.03645	0.49201	0.04126	0.02002	0.00965	0.00308	0.00621	0.01818	0.00665	0.00808
10	0.00961	0.00815	0.00829	0.00839	0.01101	0.00684	0.00624	0.01163	0.01833	0.02185	0.08009	0.11358	0.62679	0.02082	0.00963	0.00277	0.00414	0.01746	0.00753	0.00684
11	0.02990	0.07552	0.02435	0.02012	0.02485	0.53509	0.01553	0.13267	0.02514	0.02502	0.01363	0.01535	0.01101	0.00851	0.00733	0.00213	0.01334	0.00552	0.00480	0.01020
12	0.03230	0.02013	0.06469	0.01713	0.02389	0.01901	0.01487	0.33788	0.03030	0.31759	0.02459	0.02285	0.01629	0.00974	0.00811	0.00248	0.00825	0.00759	0.00864	0.01368
13	0.01159	0.00869	0.01304	0.01304	0.01449	0.01014	0.01014	0.01449	0.01304	0.01884	0.02173	0.03188	0.02029	0.06086	0.68268	0.01304	0.02173	0.00869	0.00435	0.00724
14	0.02169	0.71972	0.04252	0.01388	0.02083	0.03211	0.01388	0.02430	0.01649	0.01909	0.01128	0.01302	0.01041	0.00694	0.00521	0.00174	0.00868	0.00434	0.00347	0.01041
15	0.00959	0.00822	0.00822	0.00822	0.01096	0.00685	0.00617	0.01165	0.01850	0.02192	0.08220	0.07809	0.66092	0.02055	0.00959	0.00274	0.00411	0.01713	0.00754	0.00685
16	0.03031	0.03867	0.02299	0.02090	0.02508	0.68226	0.01568	0.03240	0.02299	0.01986	0.01254	0.01463	0.01045	0.00836	0.00732	0.00209	0.01463	0.00523	0.00418	0.00941
17	0.03041	0.03576	0.02324	0.02050	0.02510	0.56234	0.01563	0.14277	0.02576	0.02557	0.01381	0.01552	0.01106	0.00861	0.00746	0.00215	0.01359	0.00561	0.00490	0.01021
18	0.01044	0.00792	0.01063	0.01315	0.04951	0.00736	0.00837	0.01213	0.01608	0.02120	0.04770	0.59058	0.12724	0.02376	0.01013	0.00317	0.00492	0.02141	0.00733	0.00699
19	0.01180	0.00787	0.00885	0.00885	0.00885	0.00787	0.00492	0.01180	0.01180	0.01573	0.02557	0.05310	0.02950	0.71483	0.04130	0.00787	0.00787	0.01180	0.00492	0.00492
20	0.01683	0.01442	0.01683	0.01202	0.01923	0.01082	0.00961	0.02043	0.01683	0.02644	0.01442	0.01683	0.01202	0.00601	0.00601	0.00120	0.00601	0.00481	0.00481	0.76444
21	0.10777	0.00928	0.01024	0.01055	0.01284	0.00900	0.00825	0.01436	0.01652	0.02297	0.05121	0.06495	0.30265	0.06607	0.01425	0.09783	0.00584	0.16219	0.00653	0.00671
22	0.01159	0.00869	0.01304	0.01304	0.01449	0.01014	0.01014	0.01449	0.01304	0.01884	0.02173	0.03188	0.02029	0.06086	0.68268	0.01304	0.02173	0.00869	0.00435	0.00724
23	0.01287	0.00927	0.01279	0.01455	0.01647	0.00919	0.01267	0.01651	0.01867	0.02414	0.04528	0.09073	0.08304	0.02230	0.01111	0.00368	0.00727	0.57455	0.00748	0.00743
24	0.01139	0.00770	0.00897	0.00937	0.00947	0.00760	0.00547	0.01169	0.01259	0.01679	0.02962	0.19201	0.03461	0.56894	0.03475	0.00690	0.00720	0.01418	0.00547	0.00527
25	0.03085	0.02273	0.02435	0.01867	0.02516	0.02516	0.01542	0.63716	0.03815	0.05114	0.01948	0.01948	0.01380	0.00974	0.00812	0.00244	0.00893	0.00731	0.00812	0.01380
26	0.04967	0.00793	0.00776	0.00770	0.00974	0.00805	0.00581	0.01913	0.01687	0.03053	0.02578	0.02947	0.02025	0.00937	0.00564	0.00192	0.00390	0.00742	0.72544	0.00762
27	0.03085	0.02273	0.02435	0.01867	0.02516	0.02516	0.01542	0.63716	0.03815	0.05114	0.01948	0.01948	0.01380	0.00974	0.00812	0.00244	0.00893	0.00731	0.00812	0.01380
28	0.01066	0.00761	0.01030	0.01218	0.01299	0.00726	0.00887	0.01263	0.01630	0.02158	0.04430	0.56019	0.05198	0.02469	0.01056	0.00340	0.00538	0.16481	0.00752	0.00680
29	0.01180	0.00787	0.00885	0.00885	0.00885	0.00787	0.00492	0.01180	0.01180	0.01573	0.02557	0.05310	0.02950	0.71483	0.04130	0.00787	0.00787	0.01180	0.00492	0.00492
30	0.00989	0.00706	0.00942	0.01130	0.01177	0.00659	0.00753	0.01130	0.01554	0.02071	0.04472	0.70954	0.05367	0.02542	0.01036	0.00330	0.00471	0.02307	0.00753	0.00659
31	0.01224	0.00792	0.00902	0.00898	0.00971	0.00792	0.00569	0.01350	0.01390	0.01998	0.06625	0.04919	0.06661	0.45411	0.08052	0.00656	0.00773	0.01127	0.14304	0.00585
32	0.01534	0.01113	0.01339	0.01338	0.01545	0.01142	0.00987	0.16830	0.02140	0.02856	0.03829	0.49611	0.04323	0.02130	0.00985	0.00311	0.00595	0.05777	0.00767	0.00845
33	0.03085	0.02273	0.02435	0.01867	0.02516	0.02516	0.01542	0.63716	0.03815	0.05114	0.01948	0.01948	0.01380	0.00974	0.00812	0.00244	0.00893	0.00731	0.00812	0.01380
34	0.01180	0.00787	0.00885	0.00885	0.00885	0.00787	0.00492	0.01180	0.01180	0.01573	0.02557	0.05310	0.02950	0.71483	0.04130	0.00787	0.00787	0.01180	0.00492	0.00492
35	0.01169	0.00782	0.00888	0.00899	0.00901	0.00779	0.00506	0.01177	0.01201	0.01601	0.02664	0.09000	0.03086	0.67608	0.03956	0.00761	0.00769	0.01243	0.00506	0.00501
36	0.00999	0.00710	0.00939	0.01117	0.01162	0.00666	0.00740	0.01132	0.01534	0.02045	0.04372	0.67532	0.05241	0.06136	0.01197	0.00353	0.00487	0.02248	0.00740	0.00650
37	0.02008	0.01928	0.03294	0.04981	0.66422	0.01928	0.02490	0.02490	0.01848	0.02651	0.01526	0.02008	0.01285	0.00723	0.00803	0.00241	0.00964	0.00723	0.00402	0.01285
38	0.01870	0.01786	0.03043	0.23803	0.48684	0.01891	0.02421	0.02369	0.01782	0.02482	0.01502	0.02053	0.01226	0.00749	0.00806	0.00250	0.00998	0.00722	0.00390	0.01173
39	0.01532	0.01442	0.02434	0.69533	0.05589	0.01803	0.02253	0.02073	0.01622	0.02073	0.01442	0.02163	0.01082	0.00811	0.00811	0.00270	0.01082	0.00721	0.00361	0.00901
40	0.00959	0.00822	0.00822	0.00822	0.01096	0.00685	0.00617	0.01165	0.01850	0.02192	0.08220	0.07809	0.66092	0.02055	0.00959	0.00274	0.00411	0.01713	0.00754	0.00685
41	0.01545	0.01444	0.02053	0.13306	0.02460	0.01891	0.01570	0.01811	0.01406	0.02036	0.02180	0.02788	0.08857	0.01993	0.10806	0.00451	0.38204	0.00853	0.03506	0.00839
42	0.01939	0.01445	0.01437	0.01292	0.01544	0.07528	0.00913	0.06093	0.15779	0.09838	0.02640	0.03946	0.02464	0.36816	0.02494	0.00524	0.00813	0.00991	0.00638	0.00866
43	0.01148	0.00829	0.01085	0.01021	0.01212	0.00766	0.00766	0.01531	0.02297	0.03254	0.65994	0.06061	0.07656	0.01659	0.00957	0.00255	0.00383	0.01467	0.00893	0.00766
44	0.01833	0.01661	0.02649	0.45449	0.20453	0.01918	0.02229	0.09400	0.01936	0.02574	0.01523	0.02099	0.01168	0.00808	0.00809	0.00260	0.01030	0.00723	0.00424	0.01054
45	0.02122	0.02254	0.02831	0.21486	0.35233	0.17450	0.02211	0.02555	0.01894	0.02341	0.01440	0.01922	0.01175	0.00773	0.00789	0.00241	0.01112	0.00675	0.00395	0.01102
46	0.02075	0.03083	0.33584	0.02850	0.18969	0.02047	0.02464	0.16746	0.04845	0.03212	0.01664	0.01896	0.01233	0.00819	0.00791	0.00251	0.01047	0.00674	0.00486	0.01266
47	0.00972	0.00772	0.00874	0.00955	0.01131	0.00674	0.00676	0.01149	0.01721	0.02140	0.06597	0.35148	0.39801	0.02266	0.00992	0.00298	0.00437	0.01970	0.00753	0.00674
48	0.01891	0.01380	0.01591	0.01458	0.01767	0.01458	0.01112	0.27669	0.02526	0.03376	0.03395	0.38971	0.03647	0.01864	0.00945	0.00295	0.00662	0.04248	0.00778	0.00968
49	0.02076	0.02472	0.16395	0.02960	0.03830	0.01912	0.44091	0.02763	0.01927	0.10656	0.01801	0.02169	0.01290	0.00741	0.00904	0.00268	0.01251	0.00871	0.00472	0.01150
50	0.01955	0.02076	0.04141	0.04096	0.31162	0.01998	0.37071	0.02552	0.01886	0.02622	0.01592	0.02111	0.01255	0.00701	0.00891	0.00259	0.01193	0.00856	0.00407	0.01177

[dist]
# distance from previous block
# <min> <max>
0	9

# created by:
# /home/cegg/simao/soft/augustus-3.2.1/scripts/msa2prfl.pl ./align_prep/12868.fa
