[name]
unknown

[dist]
# distance from previous block
# <min> <max>
1	39

[block]
# block no. 0 follows, 20 sequences, length 23
# corresponding to MSA columns:
# 42-64
name=unknown_A
#
# <colnr> <probs for GDERKNQSTAVLIFYWHMCP>
#	G	D	E	R	K	N	Q	S	T	A	V	L	I	F	Y	W	H	M	C	P
0	0.02140	0.22250	0.15103	0.02322	0.03100	0.10854	0.17893	0.02687	0.02042	0.02573	0.09067	0.02390	0.02044	0.00906	0.00825	0.00248	0.01166	0.00801	0.00473	0.01115
1	0.11770	0.02243	0.12409	0.01757	0.02340	0.09363	0.06928	0.05538	0.02071	0.06772	0.03830	0.11606	0.17025	0.01422	0.00893	0.00283	0.00904	0.01185	0.00642	0.01016
2	0.11163	0.15087	0.02304	0.01578	0.02098	0.21605	0.01284	0.02654	0.04799	0.02552	0.02823	0.03159	0.11607	0.01132	0.00762	0.00235	0.00966	0.03635	0.00551	0.10007
3	0.01810	0.19013	0.02252	0.01377	0.01727	0.01838	0.01128	0.09087	0.01831	0.02473	0.02125	0.03154	0.02009	0.15810	0.25228	0.00765	0.01400	0.00850	0.05214	0.00909
4	0.01908	0.02165	0.17754	0.01661	0.02271	0.01537	0.01622	0.14414	0.02413	0.07006	0.10693	0.11874	0.14416	0.01774	0.04195	0.00342	0.00885	0.01256	0.00727	0.01089
5	0.03022	0.04103	0.10158	0.02422	0.05690	0.55047	0.01920	0.03357	0.02372	0.02245	0.01389	0.01633	0.01133	0.00885	0.00795	0.00233	0.01513	0.00582	0.00439	0.01063
6	0.05464	0.13901	0.01809	0.01189	0.01519	0.01404	0.00972	0.01818	0.02084	0.02914	0.33581	0.05092	0.12400	0.02222	0.09570	0.00411	0.00784	0.01255	0.00743	0.00869
7	0.02305	0.14748	0.10060	0.02852	0.19764	0.17631	0.01990	0.02841	0.05062	0.02508	0.01697	0.02063	0.01415	0.01359	0.06654	0.00343	0.01250	0.00681	0.03622	0.01156
8	0.12177	0.05400	0.12736	0.25605	0.12041	0.02109	0.02199	0.09721	0.02078	0.05637	0.01649	0.02056	0.01232	0.00868	0.00804	0.00272	0.01046	0.00704	0.00499	0.01164
9	0.39862	0.02454	0.17226	0.01823	0.02599	0.01965	0.08780	0.02734	0.05103	0.03415	0.01520	0.01762	0.01149	0.00816	0.00696	0.00267	0.00919	0.00614	0.00504	0.05792
10	0.01726	0.08457	0.09530	0.01543	0.01950	0.09823	0.01355	0.04001	0.01863	0.02384	0.08682	0.03774	0.07952	0.11075	0.21390	0.00679	0.01389	0.00985	0.00544	0.00898
11	0.02835	0.07135	0.10138	0.02060	0.02687	0.30276	0.01775	0.18228	0.06362	0.03186	0.02150	0.02249	0.05111	0.01017	0.00822	0.00247	0.01220	0.00728	0.00594	0.01180
12	0.02697	0.05728	0.08090	0.01945	0.02537	0.25082	0.01657	0.05918	0.02193	0.10140	0.01674	0.01877	0.01305	0.00939	0.01019	0.00234	0.09220	0.00630	0.00543	0.16574
13	0.01488	0.01187	0.01536	0.01747	0.09065	0.01251	0.01093	0.02084	0.12304	0.02363	0.03431	0.12283	0.07991	0.23434	0.14233	0.00676	0.01047	0.01290	0.00626	0.00870
14	0.06122	0.02503	0.25075	0.01675	0.02434	0.01550	0.01790	0.07242	0.02029	0.06860	0.02183	0.05378	0.01724	0.00975	0.00753	0.00241	0.00850	0.00774	0.19709	0.10134
15	0.11682	0.07413	0.02442	0.01926	0.02495	0.37268	0.04168	0.03008	0.02145	0.02529	0.01386	0.01629	0.01147	0.00817	0.00723	0.00211	0.01219	0.00557	0.00470	0.16767
16	0.02282	0.15494	0.34359	0.02397	0.06279	0.19689	0.02479	0.02929	0.02009	0.02474	0.01450	0.01709	0.01127	0.00831	0.00773	0.00246	0.01293	0.00598	0.00395	0.01189
17	0.01229	0.01280	0.08824	0.01254	0.01481	0.00954	0.01015	0.01458	0.01574	0.02110	0.04031	0.25351	0.11710	0.25338	0.07943	0.00596	0.00871	0.01622	0.00630	0.00729
18	0.02078	0.02108	0.15360	0.01947	0.05206	0.01678	0.01752	0.09509	0.02022	0.10406	0.02134	0.02595	0.01699	0.02706	0.21056	0.00618	0.07080	0.00799	0.04580	0.04667
19	0.02034	0.01489	0.01864	0.01945	0.09394	0.01547	0.01311	0.17091	0.05493	0.05895	0.09039	0.14823	0.03545	0.13500	0.01584	0.00395	0.00784	0.06463	0.00760	0.01044
20	0.01724	0.01369	0.01673	0.01484	0.01839	0.01479	0.01159	0.06147	0.14393	0.02783	0.02432	0.03066	0.02090	0.06916	0.26757	0.00730	0.04574	0.00866	0.04759	0.13759
21	0.24303	0.21063	0.11011	0.01750	0.02400	0.19002	0.01627	0.02824	0.01860	0.02725	0.01293	0.01529	0.01067	0.00847	0.00739	0.00241	0.03693	0.00528	0.00442	0.01055
22	0.01883	0.18366	0.44078	0.02125	0.03234	0.02231	0.02581	0.02661	0.01823	0.02618	0.01487	0.01741	0.01131	0.00789	0.00748	0.00239	0.01134	0.00590	0.00387	0.10154

[dist]
# distance from previous block
# <min> <max>
51	97

[block]
# block no. 1 follows, 20 sequences, length 15
# corresponding to MSA columns:
# 185-199
name=unknown_B
#
# <colnr> <probs for GDERKNQSTAVLIFYWHMCP>
#	G	D	E	R	K	N	Q	S	T	A	V	L	I	F	Y	W	H	M	C	P
0	0.01897	0.01718	0.02831	0.04097	0.44101	0.01709	0.02197	0.02380	0.02053	0.02889	0.10206	0.04170	0.02954	0.01215	0.00949	0.00288	0.00911	0.11663	0.00570	0.01200
1	0.02127	0.02069	0.03555	0.03735	0.26392	0.02198	0.17828	0.08141	0.02066	0.02908	0.01822	0.06356	0.01607	0.01059	0.01307	0.00298	0.13878	0.00950	0.00491	0.01212
2	0.02247	0.02239	0.03455	0.05106	0.59017	0.07164	0.02598	0.02741	0.02025	0.02793	0.01617	0.02112	0.01361	0.00787	0.00857	0.00256	0.01079	0.00760	0.00433	0.01352
3	0.07996	0.02920	0.14359	0.15289	0.17076	0.19409	0.02242	0.02773	0.02027	0.02631	0.04242	0.02106	0.01487	0.00886	0.00820	0.00261	0.01199	0.00705	0.00448	0.01125
4	0.02157	0.15431	0.11695	0.19110	0.04093	0.12509	0.17816	0.02721	0.01962	0.02401	0.01514	0.01976	0.01184	0.00811	0.00836	0.00260	0.01284	0.00734	0.00407	0.01101
5	0.02679	0.20304	0.08957	0.01958	0.02604	0.23750	0.01724	0.10715	0.13712	0.02887	0.01844	0.01938	0.01456	0.00926	0.00763	0.00238	0.01138	0.00654	0.00558	0.01195
6	0.01716	0.01313	0.01486	0.01423	0.01718	0.01398	0.01062	0.09882	0.19388	0.03243	0.09828	0.28613	0.06995	0.01850	0.00974	0.00306	0.00598	0.01615	0.05574	0.01018
7	0.01626	0.00813	0.00813	0.00813	0.01016	0.00813	0.00610	0.02033	0.01829	0.03252	0.02846	0.03252	0.02236	0.01016	0.00610	0.00203	0.00407	0.00813	0.74187	0.00813
8	0.01092	0.00886	0.00968	0.00947	0.01215	0.00762	0.00710	0.01369	0.02131	0.02696	0.25096	0.07835	0.47078	0.02082	0.01030	0.00289	0.00433	0.01763	0.00855	0.00762
9	0.01131	0.00888	0.01022	0.00989	0.01240	0.00779	0.00741	0.01445	0.02224	0.02917	0.35637	0.07473	0.36400	0.02000	0.01030	0.00285	0.00427	0.01712	0.00884	0.00779
10	0.01626	0.00813	0.00813	0.00813	0.01016	0.00813	0.00610	0.02033	0.01829	0.03252	0.02846	0.03252	0.02236	0.01016	0.00610	0.00203	0.00407	0.00813	0.74187	0.00813
11	0.01529	0.01102	0.01340	0.01374	0.01555	0.01118	0.00992	0.12695	0.02131	0.02843	0.04145	0.48270	0.04736	0.06646	0.01286	0.00371	0.00633	0.05580	0.00803	0.00851
12	0.02095	0.02252	0.04570	0.04279	0.25878	0.02158	0.39878	0.02752	0.02033	0.02814	0.01720	0.02283	0.01344	0.00750	0.00970	0.00282	0.01315	0.00939	0.00438	0.01250
13	0.03153	0.03981	0.02488	0.02251	0.02665	0.60888	0.01703	0.03375	0.02383	0.02132	0.01332	0.01599	0.01125	0.00948	0.00949	0.00237	0.06764	0.00578	0.00444	0.01007
14	0.21675	0.03199	0.31800	0.01931	0.02808	0.06061	0.02132	0.06574	0.05773	0.03293	0.01699	0.01907	0.01258	0.00877	0.00741	0.00267	0.01028	0.00635	0.05174	0.01167

[dist]
# distance from previous block
# <min> <max>
0	1

[block]
# block no. 2 follows, 20 sequences, length 32
# corresponding to MSA columns:
# 201-232
name=unknown_C
#
# <colnr> <probs for GDERKNQSTAVLIFYWHMCP>
#	G	D	E	R	K	N	Q	S	T	A	V	L	I	F	Y	W	H	M	C	P
0	0.02175	0.01655	0.02475	0.06635	0.27607	0.01677	0.01828	0.02953	0.11662	0.12084	0.16447	0.03463	0.03264	0.01122	0.00908	0.00272	0.00802	0.01009	0.00717	0.01245
1	0.02159	0.02073	0.03541	0.05354	0.63903	0.02073	0.02677	0.02677	0.01986	0.02850	0.01641	0.02159	0.01382	0.00777	0.00864	0.00259	0.01036	0.00777	0.00432	0.01382
2	0.01246	0.00935	0.01402	0.01402	0.01558	0.01090	0.01090	0.01558	0.01402	0.02025	0.02336	0.03427	0.02181	0.06542	0.65888	0.01402	0.02336	0.00935	0.00467	0.00779
3	0.02129	0.01993	0.03116	0.08496	0.45844	0.02086	0.02359	0.03104	0.16012	0.02996	0.02079	0.02425	0.01666	0.00878	0.00870	0.00270	0.00964	0.00826	0.00535	0.01355
4	0.01268	0.00846	0.00951	0.00951	0.00951	0.00846	0.00529	0.01268	0.01268	0.01691	0.02748	0.05708	0.03171	0.69345	0.04440	0.00846	0.00846	0.01268	0.00529	0.00529
5	0.02074	0.01530	0.01731	0.01543	0.01968	0.01660	0.01199	0.03677	0.37426	0.10270	0.21896	0.04223	0.04314	0.01356	0.00930	0.00286	0.00611	0.01155	0.00931	0.01221
6	0.01626	0.00813	0.00813	0.00813	0.01016	0.00813	0.00610	0.02033	0.01829	0.03252	0.02846	0.03252	0.02236	0.01016	0.00610	0.00203	0.00407	0.00813	0.74187	0.00813
7	0.01626	0.00813	0.00813	0.00813	0.01016	0.00813	0.00610	0.02033	0.01829	0.03252	0.02846	0.03252	0.02236	0.01016	0.00610	0.00203	0.00407	0.00813	0.74187	0.00813
8	0.01583	0.01249	0.01769	0.11556	0.02332	0.01524	0.01384	0.04732	0.01644	0.02436	0.02083	0.02906	0.01823	0.03659	0.31477	0.00809	0.12956	0.00854	0.12346	0.00878
9	0.05788	0.09592	0.43379	0.02690	0.07508	0.02176	0.11470	0.02738	0.01858	0.02772	0.01550	0.01877	0.01148	0.00803	0.00822	0.00270	0.01236	0.00686	0.00393	0.01245
10	0.24007	0.01165	0.01365	0.01324	0.01597	0.01356	0.01046	0.01866	0.01427	0.02604	0.01993	0.02811	0.01802	0.04785	0.45859	0.01055	0.01827	0.00793	0.00490	0.00830
11	0.01246	0.00935	0.01402	0.01402	0.01558	0.01090	0.01090	0.01558	0.01402	0.02025	0.02336	0.03427	0.02181	0.06542	0.65888	0.01402	0.02336	0.00935	0.00467	0.00779
12	0.01626	0.00813	0.00813	0.00813	0.01016	0.00813	0.00610	0.02033	0.01829	0.03252	0.02846	0.03252	0.02236	0.01016	0.00610	0.00203	0.00407	0.00813	0.74187	0.00813
13	0.03316	0.02443	0.02618	0.02007	0.02705	0.02705	0.01658	0.60995	0.04101	0.05497	0.02094	0.02094	0.01483	0.01047	0.00873	0.00262	0.00960	0.00785	0.00873	0.01483
14	0.01133	0.00827	0.01065	0.01134	0.01273	0.00760	0.00802	0.01401	0.02039	0.02779	0.30088	0.36680	0.12224	0.02280	0.01070	0.00315	0.00460	0.02037	0.00874	0.00760
15	0.02480	0.02097	0.13512	0.01825	0.02577	0.01505	0.06977	0.07004	0.02312	0.21969	0.11936	0.02980	0.02632	0.01027	0.00861	0.00246	0.00852	0.00883	0.00750	0.15575
16	0.01626	0.00813	0.00813	0.00813	0.01016	0.00813	0.00610	0.02033	0.01829	0.03252	0.02846	0.03252	0.02236	0.01016	0.00610	0.00203	0.00407	0.00813	0.74187	0.00813
17	0.01263	0.00866	0.01054	0.01054	0.01089	0.00901	0.00656	0.01334	0.01299	0.01767	0.02655	0.05189	0.02946	0.55065	0.18412	0.00972	0.01185	0.01193	0.00515	0.00585
18	0.02309	0.02549	0.03559	0.13944	0.25218	0.16972	0.17355	0.02825	0.02080	0.02571	0.01590	0.02098	0.01272	0.00810	0.00890	0.00265	0.01293	0.00792	0.00431	0.01177
19	0.02006	0.01884	0.03015	0.23449	0.36744	0.02047	0.02396	0.02850	0.11416	0.02788	0.01914	0.02382	0.01517	0.00870	0.00870	0.00274	0.01020	0.00810	0.00490	0.01257
20	0.01908	0.01908	0.02672	0.02290	0.02290	0.02672	0.01908	0.02099	0.01336	0.02099	0.01145	0.01908	0.01145	0.01527	0.02863	0.00382	0.67748	0.00763	0.00382	0.00954
21	0.02759	0.39589	0.03604	0.01840	0.02450	0.32202	0.01581	0.03013	0.02095	0.02090	0.01275	0.01479	0.01121	0.00817	0.00664	0.00204	0.01228	0.00510	0.00408	0.01070
22	0.02024	0.02012	0.03561	0.17312	0.24983	0.02098	0.19100	0.02925	0.11459	0.02829	0.01958	0.02422	0.01521	0.00849	0.00917	0.00282	0.01133	0.00882	0.00497	0.01236
23	0.02196	0.02283	0.06854	0.04589	0.42870	0.02145	0.16142	0.06784	0.02144	0.03018	0.01698	0.02184	0.01362	0.00789	0.00901	0.00268	0.01144	0.00830	0.00462	0.01337
24	0.02679	0.09753	0.20624	0.02729	0.17055	0.02006	0.02209	0.07253	0.02227	0.21824	0.02158	0.02232	0.01520	0.00900	0.00826	0.00260	0.01002	0.00738	0.00637	0.01366
25	0.01626	0.00813	0.00813	0.00813	0.01016	0.00813	0.00610	0.02033	0.01829	0.03252	0.02846	0.03252	0.02236	0.01016	0.00610	0.00203	0.00407	0.00813	0.74187	0.00813
26	0.01224	0.00897	0.01231	0.09877	0.01866	0.00918	0.01010	0.01439	0.01648	0.02220	0.03944	0.42731	0.04526	0.12871	0.01587	0.00419	0.00662	0.05865	0.04340	0.00726
27	0.02115	0.07585	0.41481	0.02789	0.12134	0.10617	0.02771	0.05618	0.02050	0.02783	0.01553	0.01839	0.01166	0.00837	0.00816	0.00261	0.01255	0.00650	0.00413	0.01266
28	0.02258	0.02758	0.19647	0.03565	0.21647	0.02074	0.19306	0.06946	0.02162	0.08380	0.01846	0.02199	0.01368	0.00824	0.00904	0.00275	0.01195	0.00825	0.00505	0.01315
29	0.02415	0.02830	0.03766	0.06703	0.09285	0.23847	0.29170	0.02927	0.02144	0.02506	0.01627	0.02120	0.01294	0.01086	0.04090	0.00321	0.01491	0.00828	0.00441	0.01108
30	0.06002	0.01949	0.03136	0.20007	0.42555	0.02074	0.02458	0.06306	0.02036	0.02925	0.01625	0.02156	0.01312	0.00819	0.00849	0.00268	0.01043	0.00761	0.00455	0.01264
31	0.02591	0.06410	0.03183	0.03958	0.37145	0.26673	0.02234	0.02984	0.02162	0.02533	0.01506	0.01894	0.01269	0.00822	0.00818	0.00242	0.01237	0.00678	0.00436	0.01226

[dist]
# distance from previous block
# <min> <max>
15	94

[block]
# block no. 3 follows, 20 sequences, length 6
# corresponding to MSA columns:
# 329-334
name=unknown_D
#
# <colnr> <probs for GDERKNQSTAVLIFYWHMCP>
#	G	D	E	R	K	N	Q	S	T	A	V	L	I	F	Y	W	H	M	C	P
0	0.07523	0.02695	0.15412	0.01829	0.02418	0.15471	0.01688	0.12882	0.02312	0.03029	0.02830	0.11410	0.08328	0.01746	0.06225	0.00367	0.01142	0.01028	0.00601	0.01064
1	0.02203	0.06253	0.15869	0.02131	0.02767	0.18522	0.09414	0.06231	0.02087	0.02647	0.01820	0.02265	0.01474	0.01925	0.12903	0.00462	0.01456	0.00743	0.07767	0.01063
2	0.02056	0.03059	0.27371	0.02172	0.02882	0.10262	0.05402	0.02661	0.02015	0.07206	0.12709	0.02765	0.02480	0.01134	0.01200	0.00287	0.11814	0.00858	0.00543	0.01123
3	0.02413	0.07589	0.18378	0.02444	0.03169	0.27675	0.14110	0.02922	0.02086	0.02382	0.01599	0.02142	0.01335	0.06686	0.01145	0.00302	0.01381	0.00733	0.00430	0.01079
4	0.01999	0.02993	0.26656	0.02203	0.07076	0.08582	0.02102	0.08167	0.08899	0.03054	0.08858	0.03193	0.07221	0.03974	0.01026	0.00296	0.01026	0.00916	0.00590	0.01170
5	0.01674	0.02218	0.15907	0.32936	0.09696	0.01838	0.08415	0.02310	0.01850	0.02470	0.02542	0.03010	0.09391	0.01016	0.00899	0.00286	0.01116	0.00914	0.00448	0.01063

[dist]
# distance from previous block
# <min> <max>
6	10

[block]
# block no. 4 follows, 20 sequences, length 68
# corresponding to MSA columns:
# 345-412
name=unknown_E
#
# <colnr> <probs for GDERKNQSTAVLIFYWHMCP>
#	G	D	E	R	K	N	Q	S	T	A	V	L	I	F	Y	W	H	M	C	P
0	0.02586	0.16246	0.08709	0.01794	0.02484	0.02458	0.01624	0.22965	0.16793	0.07458	0.02711	0.02650	0.05621	0.01072	0.00818	0.00258	0.00877	0.00825	0.00733	0.01318
1	0.01981	0.28172	0.39105	0.02200	0.03266	0.02556	0.06237	0.02710	0.01830	0.02506	0.01450	0.01713	0.01124	0.00793	0.00743	0.00245	0.01171	0.00604	0.00375	0.01220
2	0.02023	0.14452	0.16896	0.01920	0.02651	0.08138	0.05765	0.06156	0.01952	0.02614	0.01686	0.02110	0.01400	0.01976	0.14170	0.00464	0.01356	0.00679	0.00459	0.13134
3	0.02221	0.39312	0.07307	0.01617	0.02246	0.10968	0.01507	0.02772	0.07809	0.02498	0.11655	0.02465	0.02430	0.00983	0.00715	0.00222	0.00931	0.00722	0.00528	0.01093
4	0.01261	0.00955	0.01223	0.01311	0.01442	0.00982	0.00999	0.01495	0.01763	0.02366	0.04911	0.31272	0.15073	0.05322	0.01405	0.00369	0.07041	0.14649	0.05403	0.00757
5	0.01063	0.00759	0.01012	0.01215	0.01265	0.00709	0.00810	0.01215	0.01670	0.02227	0.04808	0.68775	0.05769	0.02733	0.01113	0.00354	0.00506	0.02480	0.00810	0.00709
6	0.02357	0.01967	0.02078	0.01813	0.02340	0.02257	0.01426	0.13852	0.52805	0.03951	0.03312	0.03065	0.02470	0.01161	0.00885	0.00290	0.00734	0.00953	0.00885	0.01397
7	0.01941	0.15200	0.51000	0.02308	0.03455	0.06303	0.02842	0.02783	0.01870	0.02606	0.01494	0.01752	0.01109	0.00820	0.00782	0.00258	0.01249	0.00610	0.00374	0.01244
8	0.01829	0.13008	0.50022	0.02461	0.07085	0.02165	0.02844	0.02685	0.01870	0.02706	0.04416	0.02020	0.01457	0.00859	0.00804	0.00263	0.01185	0.00672	0.00400	0.01250
9	0.02038	0.02499	0.09184	0.03596	0.04506	0.02194	0.56845	0.02792	0.02044	0.02792	0.01751	0.02318	0.01309	0.00742	0.01016	0.00293	0.01458	0.01003	0.00436	0.01184
10	0.02159	0.02073	0.03541	0.05354	0.63903	0.02073	0.02677	0.02677	0.01986	0.02850	0.01641	0.02159	0.01382	0.00777	0.00864	0.00259	0.01036	0.00777	0.00432	0.01382
11	0.01951	0.01835	0.02146	0.02575	0.18790	0.11940	0.01586	0.02300	0.02080	0.05267	0.14001	0.09070	0.09143	0.01716	0.04528	0.00343	0.05184	0.03883	0.00641	0.01023
12	0.02075	0.01987	0.03389	0.15476	0.54435	0.02051	0.02635	0.02604	0.01947	0.02748	0.01626	0.02186	0.01346	0.00793	0.00865	0.00264	0.01057	0.00777	0.00425	0.01314
13	0.01063	0.00759	0.01012	0.01215	0.01265	0.00709	0.00810	0.01215	0.01670	0.02227	0.04808	0.68775	0.05769	0.02733	0.01113	0.00354	0.00506	0.02480	0.00810	0.00709
14	0.02159	0.02073	0.03541	0.05354	0.63903	0.02073	0.02677	0.02677	0.01986	0.02850	0.01641	0.02159	0.01382	0.00777	0.00864	0.00259	0.01036	0.00777	0.00432	0.01382
15	0.05712	0.12074	0.54361	0.02298	0.03484	0.02190	0.02898	0.02734	0.01815	0.02739	0.01505	0.01767	0.01098	0.00818	0.00782	0.00265	0.01215	0.00614	0.00378	0.01251
16	0.02332	0.69869	0.04571	0.01493	0.02239	0.03451	0.01493	0.02612	0.01772	0.02052	0.01213	0.01399	0.01119	0.00746	0.00560	0.00187	0.00933	0.00466	0.00373	0.01119
17	0.01226	0.01038	0.01310	0.01324	0.01447	0.01123	0.00986	0.01410	0.01709	0.02245	0.05423	0.34465	0.24464	0.02306	0.01446	0.00340	0.14340	0.01909	0.00722	0.00769
18	0.02653	0.02077	0.10240	0.04961	0.02633	0.01853	0.01640	0.04150	0.32156	0.23129	0.03159	0.02933	0.02224	0.01088	0.00876	0.00285	0.00808	0.00896	0.00858	0.01382
19	0.01063	0.00759	0.01012	0.01215	0.01265	0.00709	0.00810	0.01215	0.01670	0.02227	0.04808	0.68775	0.05769	0.02733	0.01113	0.00354	0.00506	0.02480	0.00810	0.00709
20	0.01936	0.01845	0.03138	0.32335	0.38665	0.02014	0.02566	0.02482	0.01881	0.02579	0.01601	0.02232	0.01286	0.00819	0.00867	0.00273	0.01091	0.00776	0.00413	0.01202
21	0.01139	0.00857	0.01072	0.01214	0.01375	0.00791	0.00915	0.01374	0.01849	0.02361	0.05955	0.36162	0.22711	0.02497	0.01112	0.00348	0.00561	0.16159	0.00808	0.00740
22	0.01063	0.00759	0.01012	0.01215	0.01265	0.00709	0.00810	0.01215	0.01670	0.02227	0.04808	0.68775	0.05769	0.02733	0.01113	0.00354	0.00506	0.02480	0.00810	0.00709
23	0.01063	0.00759	0.01012	0.01215	0.01265	0.00709	0.00810	0.01215	0.01670	0.02227	0.04808	0.68775	0.05769	0.02733	0.01113	0.00354	0.00506	0.02480	0.00810	0.00709
24	0.02159	0.02073	0.03541	0.05354	0.63903	0.02073	0.02677	0.02677	0.01986	0.02850	0.01641	0.02159	0.01382	0.00777	0.00864	0.00259	0.01036	0.00777	0.00432	0.01382
25	0.03258	0.04157	0.02472	0.02247	0.02697	0.65843	0.01685	0.03483	0.02472	0.02135	0.01348	0.01573	0.01124	0.00899	0.00787	0.00225	0.01573	0.00562	0.00449	0.01011
26	0.03115	0.03885	0.02612	0.02654	0.10701	0.57503	0.01815	0.03378	0.02408	0.02228	0.01387	0.01650	0.01157	0.00883	0.00797	0.00229	0.01503	0.00590	0.00447	0.01060
27	0.01246	0.00935	0.01402	0.01402	0.01558	0.01090	0.01090	0.01558	0.01402	0.02025	0.02336	0.03427	0.02181	0.06542	0.65888	0.01402	0.02336	0.00935	0.00467	0.00779
28	0.01235	0.00892	0.01166	0.01097	0.01303	0.00823	0.00823	0.01646	0.02469	0.03498	0.63443	0.06516	0.08230	0.01783	0.01029	0.00274	0.00412	0.01578	0.00960	0.00823
29	0.01647	0.01550	0.02616	0.67248	0.06008	0.01938	0.02422	0.02229	0.01744	0.02229	0.01550	0.02326	0.01163	0.00872	0.00872	0.00291	0.01163	0.00775	0.00388	0.00969
30	0.03154	0.02649	0.10110	0.02044	0.02812	0.02556	0.01830	0.51302	0.03753	0.07926	0.02093	0.02105	0.01469	0.01022	0.00868	0.00264	0.00989	0.00773	0.00821	0.01460
31	0.01190	0.00890	0.01105	0.01051	0.01276	0.00804	0.00788	0.01561	0.02365	0.03250	0.51601	0.06923	0.20227	0.01876	0.01029	0.00279	0.00418	0.01635	0.00928	0.00804
32	0.01268	0.00846	0.00951	0.00951	0.00951	0.00846	0.00529	0.01268	0.01268	0.01691	0.02748	0.05708	0.03171	0.69345	0.04440	0.00846	0.00846	0.01268	0.00529	0.00529
33	0.02244	0.02234	0.03458	0.05113	0.59163	0.07011	0.02600	0.02739	0.02024	0.02794	0.01618	0.02114	0.01362	0.00787	0.00858	0.00256	0.01078	0.00761	0.00433	0.01353
34	0.02080	0.02331	0.04412	0.03268	0.03913	0.05396	0.43474	0.02657	0.01902	0.02592	0.01593	0.02206	0.01270	0.00937	0.01467	0.00312	0.17707	0.00942	0.00427	0.01114
35	0.01275	0.00840	0.00948	0.00958	0.00969	0.00838	0.00546	0.01302	0.01314	0.01790	0.02852	0.08622	0.03252	0.62947	0.04101	0.00792	0.00809	0.01305	0.03990	0.00550
36	0.02264	0.01888	0.01991	0.01743	0.02254	0.02144	0.01369	0.13367	0.48362	0.03844	0.03727	0.03467	0.07190	0.01241	0.00896	0.00290	0.00714	0.01020	0.00879	0.01347
37	0.01760	0.01411	0.01555	0.01471	0.01809	0.01513	0.01107	0.10300	0.24399	0.03200	0.04648	0.26028	0.13513	0.01856	0.00985	0.00311	0.00623	0.01603	0.00847	0.01062
38	0.03373	0.02351	0.02561	0.01963	0.02659	0.02568	0.01622	0.55535	0.03947	0.11175	0.02224	0.02178	0.01548	0.01050	0.00873	0.00263	0.00939	0.00794	0.00893	0.01484
39	0.02779	0.03248	0.02938	0.03602	0.29378	0.38043	0.02118	0.03132	0.02260	0.02446	0.01476	0.01828	0.01236	0.00846	0.00820	0.00240	0.01339	0.00656	0.00442	0.01173
40	0.02332	0.69869	0.04571	0.01493	0.02239	0.03451	0.01493	0.02612	0.01772	0.02052	0.01213	0.01399	0.01119	0.00746	0.00560	0.00187	0.00933	0.00466	0.00373	0.01119
41	0.02159	0.02073	0.03541	0.05354	0.63903	0.02073	0.02677	0.02677	0.01986	0.02850	0.01641	0.02159	0.01382	0.00777	0.00864	0.00259	0.01036	0.00777	0.00432	0.01382
42	0.01031	0.00884	0.00884	0.00884	0.01178	0.00736	0.00663	0.01252	0.01988	0.02356	0.08837	0.08395	0.63549	0.02209	0.01031	0.00295	0.00442	0.01841	0.00810	0.00736
43	0.24258	0.01793	0.01916	0.01559	0.02170	0.01899	0.01273	0.14841	0.12299	0.25540	0.02552	0.02396	0.01758	0.01012	0.00780	0.00273	0.00756	0.00760	0.00852	0.01311
44	0.01246	0.00935	0.01402	0.01402	0.01558	0.01090	0.01090	0.01558	0.01402	0.02025	0.02336	0.03427	0.02181	0.06542	0.65888	0.01402	0.02336	0.00935	0.00467	0.00779
45	0.01063	0.00759	0.01012	0.01215	0.01265	0.00709	0.00810	0.01215	0.01670	0.02227	0.04808	0.68775	0.05769	0.02733	0.01113	0.00354	0.00506	0.02480	0.00810	0.00709
46	0.03316	0.02443	0.02618	0.02007	0.02705	0.02705	0.01658	0.60995	0.04101	0.05497	0.02094	0.02094	0.01483	0.01047	0.00873	0.00262	0.00960	0.00785	0.00873	0.01483
47	0.02367	0.02673	0.02604	0.02275	0.02428	0.24153	0.01833	0.02570	0.01722	0.02111	0.01214	0.01794	0.01138	0.01313	0.02157	0.00328	0.45246	0.00695	0.00405	0.00974
48	0.01269	0.00927	0.01366	0.01366	0.01525	0.01074	0.01061	0.01586	0.01428	0.02099	0.02367	0.03416	0.02184	0.06208	0.61944	0.01329	0.02220	0.00927	0.04921	0.00781
49	0.01047	0.00884	0.00906	0.00900	0.01188	0.00743	0.00675	0.01282	0.02025	0.02445	0.13066	0.08249	0.59265	0.02176	0.01031	0.00293	0.00439	0.01821	0.00822	0.00743
50	0.03122	0.03939	0.02400	0.02190	0.02620	0.61462	0.01645	0.03353	0.02400	0.02127	0.01415	0.01698	0.01195	0.01281	0.05191	0.00304	0.01625	0.00587	0.00451	0.00996
51	0.02332	0.69869	0.04571	0.01493	0.02239	0.03451	0.01493	0.02612	0.01772	0.02052	0.01213	0.01399	0.01119	0.00746	0.00560	0.00187	0.00933	0.00466	0.00373	0.01119
52	0.01809	0.01550	0.01809	0.01292	0.02067	0.01163	0.01034	0.02196	0.01809	0.02842	0.01550	0.01809	0.01292	0.00646	0.00646	0.00129	0.00646	0.00517	0.00517	0.74677
53	0.02097	0.01798	0.01910	0.01723	0.02193	0.02065	0.01337	0.04404	0.57691	0.03637	0.08189	0.03507	0.03094	0.01230	0.00899	0.00294	0.00669	0.01032	0.00893	0.01337
54	0.01058	0.00885	0.00921	0.00912	0.01195	0.00748	0.00684	0.01303	0.02051	0.02506	0.15990	0.08149	0.56302	0.02153	0.01031	0.00292	0.00438	0.01806	0.00830	0.00748
55	0.01208	0.00891	0.01129	0.01069	0.01287	0.00812	0.00802	0.01595	0.02406	0.03349	0.56301	0.06762	0.15465	0.01839	0.01029	0.00277	0.00415	0.01612	0.00941	0.00812
56	0.02059	0.02353	0.05147	0.03676	0.04559	0.02206	0.60735	0.02794	0.02059	0.02794	0.01765	0.02353	0.01324	0.00735	0.01029	0.00294	0.01471	0.01029	0.00441	0.01176
57	0.01235	0.00892	0.01166	0.01097	0.01303	0.00823	0.00823	0.01646	0.02469	0.03498	0.63443	0.06516	0.08230	0.01783	0.01029	0.00274	0.00412	0.01578	0.00960	0.00823
58	0.01106	0.00887	0.00988	0.00962	0.01224	0.00768	0.00722	0.01397	0.02165	0.02777	0.28965	0.07702	0.43158	0.02052	0.01030	0.00287	0.00431	0.01744	0.00865	0.00768
59	0.02332	0.69869	0.04571	0.01493	0.02239	0.03451	0.01493	0.02612	0.01772	0.02052	0.01213	0.01399	0.01119	0.00746	0.00560	0.00187	0.00933	0.00466	0.00373	0.01119
60	0.02028	0.02262	0.04640	0.03393	0.04094	0.02301	0.48687	0.02652	0.01911	0.02652	0.01638	0.02262	0.01287	0.00897	0.01405	0.00312	0.15044	0.00975	0.00429	0.01131
61	0.01031	0.00884	0.00884	0.00884	0.01178	0.00736	0.00663	0.01252	0.01988	0.02356	0.08837	0.08395	0.63549	0.02209	0.01031	0.00295	0.00442	0.01841	0.00810	0.00736
62	0.01406	0.01004	0.01406	0.01606	0.01807	0.01004	0.01406	0.01807	0.02008	0.02610	0.04618	0.09839	0.05020	0.02410	0.01205	0.00402	0.00803	0.58032	0.00803	0.00803
63	0.02159	0.02073	0.03541	0.05354	0.63903	0.02073	0.02677	0.02677	0.01986	0.02850	0.01641	0.02159	0.01382	0.00777	0.00864	0.00259	0.01036	0.00777	0.00432	0.01382
64	0.02482	0.02029	0.02148	0.01838	0.02387	0.02315	0.01456	0.19987	0.46467	0.04152	0.03154	0.02938	0.02341	0.01146	0.00883	0.00287	0.00764	0.00931	0.00883	0.01409
65	0.01112	0.00894	0.00996	0.00991	0.01255	0.00778	0.00757	0.01397	0.02121	0.02685	0.23426	0.07981	0.44521	0.02107	0.01042	0.00296	0.00458	0.05571	0.00850	0.00765
66	0.02124	0.46563	0.26057	0.01847	0.02787	0.02943	0.02110	0.02666	0.01797	0.02305	0.01338	0.01557	0.01114	0.00776	0.00656	0.00219	0.01060	0.00530	0.00371	0.01180
67	0.26089	0.16006	0.02248	0.01439	0.01982	0.10499	0.01209	0.10341	0.02120	0.06233	0.01718	0.01895	0.01343	0.00886	0.00647	0.00235	0.00842	0.00598	0.12606	0.01064

[dist]
# distance from previous block
# <min> <max>
0	3

# created by:
# /home/cegg/simao/soft/augustus-3.2.1/scripts/msa2prfl.pl ./align_prep/12899.fa
