[name]
unknown

[dist]
# distance from previous block
# <min> <max>
9	46

[block]
# block no. 0 follows, 21 sequences, length 6
# corresponding to MSA columns:
# 46-51
name=unknown_A
#
# <colnr> <probs for GDERKNQSTAVLIFYWHMCP>
#	G	D	E	R	K	N	Q	S	T	A	V	L	I	F	Y	W	H	M	C	P
0	0.01608	0.01129	0.01295	0.01184	0.01333	0.01198	0.00800	0.12621	0.01773	0.02390	0.02505	0.04591	0.02648	0.48061	0.12619	0.00796	0.01054	0.01103	0.00570	0.00725
1	0.01299	0.01141	0.01351	0.13556	0.02203	0.01165	0.01081	0.01936	0.11860	0.02481	0.06455	0.06269	0.42559	0.01749	0.00954	0.00287	0.00602	0.01466	0.00726	0.00863
2	0.02490	0.02522	0.01922	0.01711	0.02066	0.29107	0.01305	0.12873	0.02369	0.02835	0.02276	0.05683	0.04619	0.05493	0.01134	0.00279	0.05423	0.00832	0.14089	0.00972
3	0.01864	0.01210	0.01478	0.01287	0.01645	0.01144	0.00987	0.05814	0.02010	0.13879	0.08104	0.16581	0.16175	0.06462	0.01292	0.00310	0.05542	0.01352	0.00758	0.12107
4	0.02258	0.02110	0.05787	0.02110	0.02753	0.02119	0.13102	0.16863	0.28865	0.03665	0.02863	0.02854	0.04961	0.01046	0.00882	0.00272	0.00895	0.00927	0.00732	0.04934
5	0.01484	0.01363	0.02442	0.14307	0.02951	0.01380	0.18803	0.01835	0.01643	0.02187	0.02661	0.19223	0.02804	0.20832	0.01936	0.00453	0.00982	0.01361	0.00530	0.00822

[dist]
# distance from previous block
# <min> <max>
4	16

[block]
# block no. 1 follows, 21 sequences, length 65
# corresponding to MSA columns:
# 68-132
name=unknown_B
#
# <colnr> <probs for GDERKNQSTAVLIFYWHMCP>
#	G	D	E	R	K	N	Q	S	T	A	V	L	I	F	Y	W	H	M	C	P
0	0.01684	0.01504	0.02004	0.02505	0.21602	0.01534	0.01479	0.02626	0.19372	0.02890	0.08993	0.04708	0.22810	0.01399	0.00914	0.00275	0.00681	0.01212	0.00706	0.01102
1	0.02078	0.01560	0.02178	0.02507	0.20052	0.01473	0.01569	0.05034	0.06544	0.10854	0.06354	0.03863	0.06181	0.01170	0.00866	0.00252	0.00764	0.08990	0.00671	0.17038
2	0.08161	0.01511	0.01974	0.23968	0.07272	0.01687	0.01585	0.02663	0.17480	0.02835	0.06555	0.03442	0.10755	0.01137	0.00843	0.00271	0.00797	0.00958	0.00615	0.05492
3	0.02146	0.01890	0.01821	0.01508	0.01997	0.11126	0.01166	0.17340	0.02474	0.03264	0.10003	0.09226	0.05557	0.05330	0.01035	0.00260	0.00804	0.00987	0.00677	0.21388
4	0.12703	0.01322	0.01655	0.21393	0.02842	0.01505	0.01356	0.02292	0.12774	0.02648	0.03167	0.17874	0.07577	0.05938	0.01097	0.00331	0.00761	0.01232	0.00622	0.00912
5	0.01530	0.01426	0.02359	0.28046	0.03597	0.01671	0.08878	0.01909	0.01624	0.02187	0.02354	0.19574	0.02417	0.05651	0.01470	0.00348	0.12349	0.01238	0.00497	0.00876
6	0.01704	0.01435	0.02152	0.22920	0.15309	0.01554	0.01708	0.02159	0.01806	0.02672	0.07232	0.02685	0.02006	0.00958	0.00924	0.00245	0.05741	0.00800	0.15682	0.10309
7	0.01339	0.01052	0.01258	0.01267	0.01500	0.01034	0.00915	0.02001	0.14175	0.02685	0.12730	0.37948	0.08318	0.02026	0.00986	0.00301	0.00525	0.01801	0.00801	0.07339
8	0.01445	0.01190	0.01675	0.01543	0.01704	0.01445	0.01233	0.01730	0.01407	0.02131	0.01959	0.02839	0.01810	0.04362	0.41260	0.00947	0.18945	0.00832	0.05309	0.06234
9	0.01321	0.00953	0.01192	0.01276	0.01412	0.00941	0.00894	0.08831	0.01966	0.02636	0.07376	0.57871	0.05225	0.02413	0.01053	0.00330	0.00545	0.02167	0.00805	0.00792
10	0.02727	0.03240	0.02636	0.03007	0.20479	0.43247	0.01881	0.03035	0.02199	0.02276	0.01468	0.01831	0.01244	0.01244	0.05593	0.00313	0.01438	0.00635	0.00435	0.01074
11	0.02617	0.02684	0.02628	0.05843	0.19578	0.23265	0.01877	0.12715	0.14471	0.03092	0.01941	0.02127	0.01518	0.00921	0.00824	0.00251	0.01109	0.00731	0.00581	0.01227
12	0.01906	0.01500	0.01833	0.01531	0.01993	0.01465	0.03825	0.17387	0.06150	0.03381	0.09374	0.22001	0.03373	0.01473	0.00890	0.00255	0.00684	0.01285	0.00741	0.18952
13	0.02697	0.01984	0.02185	0.01768	0.02301	0.02172	0.01423	0.46672	0.03423	0.04602	0.05103	0.13035	0.02425	0.01585	0.04228	0.00327	0.00911	0.01069	0.00825	0.01265
14	0.02297	0.02501	0.03644	0.04195	0.36870	0.15074	0.17495	0.02799	0.02051	0.02626	0.01574	0.02039	0.01283	0.00772	0.00869	0.00255	0.01225	0.00779	0.00427	0.01224
15	0.02997	0.17456	0.02824	0.02044	0.02541	0.53928	0.01606	0.03227	0.02274	0.02067	0.01289	0.01501	0.01095	0.00847	0.00723	0.00212	0.01409	0.00529	0.00423	0.01008
16	0.02492	0.02524	0.02871	0.06495	0.32109	0.19009	0.02095	0.12223	0.02347	0.02935	0.01633	0.02028	0.01335	0.01173	0.04776	0.00313	0.01218	0.00714	0.00495	0.01216
17	0.01154	0.00790	0.00953	0.01034	0.01055	0.00770	0.00629	0.01216	0.01400	0.01866	0.03513	0.32048	0.04143	0.42182	0.02988	0.00627	0.00688	0.01727	0.00629	0.00588
18	0.01794	0.23358	0.37307	0.01923	0.02855	0.02199	0.02272	0.02478	0.01875	0.02606	0.11471	0.02399	0.02194	0.00934	0.00762	0.00243	0.01018	0.00723	0.00453	0.01136
19	0.01400	0.01191	0.05367	0.01211	0.01528	0.00971	0.00983	0.01885	0.07320	0.07215	0.17280	0.22245	0.24257	0.01948	0.00990	0.00296	0.00538	0.01687	0.00817	0.00871
20	0.01006	0.00862	0.00862	0.00862	0.01149	0.00718	0.00647	0.01221	0.01940	0.02299	0.08621	0.08190	0.64438	0.02155	0.01006	0.00287	0.00431	0.01796	0.00790	0.00718
21	0.02398	0.02649	0.02993	0.16225	0.11348	0.25336	0.13659	0.05792	0.02170	0.02548	0.01598	0.02032	0.01258	0.00840	0.00834	0.00250	0.01267	0.00733	0.05003	0.01067
22	0.02106	0.02022	0.03454	0.05223	0.64784	0.02022	0.02612	0.02612	0.01938	0.02780	0.01601	0.02106	0.01348	0.00758	0.00842	0.00253	0.01011	0.00758	0.00421	0.01348
23	0.02070	0.01985	0.03389	0.09799	0.60492	0.02012	0.02594	0.02580	0.01921	0.02736	0.01594	0.02118	0.01332	0.00765	0.00843	0.00255	0.01020	0.00758	0.00418	0.01319
24	0.01037	0.00741	0.00987	0.01185	0.01234	0.00691	0.00790	0.01185	0.01629	0.02172	0.04690	0.69537	0.05629	0.02666	0.01086	0.00346	0.00494	0.02419	0.00790	0.00691
25	0.01768	0.03978	0.53468	0.02659	0.03837	0.02012	0.14934	0.02701	0.01839	0.02701	0.01566	0.01897	0.01121	0.00790	0.00848	0.00273	0.01293	0.00704	0.00374	0.01236
26	0.18111	0.53035	0.03694	0.01405	0.02088	0.03025	0.01348	0.04989	0.01763	0.02529	0.01219	0.01397	0.01070	0.00753	0.00554	0.00202	0.00857	0.00469	0.00419	0.01070
27	0.01006	0.00862	0.00862	0.00862	0.01149	0.00718	0.00647	0.01221	0.01940	0.02299	0.08621	0.08190	0.64438	0.02155	0.01006	0.00287	0.00431	0.01796	0.00790	0.00718
28	0.71577	0.05873	0.01447	0.01140	0.01679	0.01998	0.00954	0.02504	0.01465	0.03707	0.01185	0.01381	0.00932	0.00786	0.00528	0.00258	0.00674	0.00460	0.00517	0.00932
29	0.01075	0.00865	0.00958	0.00935	0.01192	0.00748	0.00701	0.01355	0.02103	0.02687	0.28050	0.07551	0.44768	0.02010	0.01005	0.00280	0.00421	0.01706	0.00841	0.00748
30	0.01294	0.00839	0.01022	0.01029	0.01112	0.00878	0.00690	0.01462	0.01398	0.02065	0.02670	0.06979	0.02748	0.36379	0.20269	0.00826	0.01118	0.01106	0.15471	0.00644
31	0.01787	0.01769	0.05944	0.01577	0.02375	0.01293	0.07579	0.02238	0.01792	0.02763	0.01536	0.01823	0.01253	0.00650	0.00681	0.00152	0.00753	0.00565	0.00488	0.62982
32	0.02298	0.02063	0.03223	0.08349	0.49026	0.02135	0.02401	0.14257	0.02329	0.03252	0.01682	0.02104	0.01355	0.00816	0.00845	0.00255	0.01004	0.00760	0.00503	0.01343
33	0.02455	0.37886	0.03504	0.01822	0.02323	0.21480	0.01590	0.02695	0.01842	0.02034	0.01208	0.01512	0.01098	0.00921	0.01052	0.00230	0.14392	0.00539	0.00387	0.01030
34	0.01059	0.00872	0.00940	0.00979	0.01240	0.00753	0.00756	0.01295	0.01925	0.02326	0.07822	0.11876	0.52768	0.02212	0.01034	0.00305	0.00484	0.09838	0.00789	0.00726
35	0.01707	0.04402	0.65683	0.02426	0.03683	0.01976	0.03144	0.02695	0.01797	0.02695	0.01527	0.01797	0.01078	0.00809	0.00809	0.00270	0.01258	0.00629	0.00359	0.01258
36	0.01707	0.04402	0.65683	0.02426	0.03683	0.01976	0.03144	0.02695	0.01797	0.02695	0.01527	0.01797	0.01078	0.00809	0.00809	0.00270	0.01258	0.00629	0.00359	0.01258
37	0.01958	0.01597	0.01764	0.01627	0.02042	0.01776	0.01302	0.09446	0.37487	0.03459	0.07820	0.04833	0.06998	0.01475	0.00943	0.00304	0.00690	0.12457	0.00848	0.01173
38	0.01238	0.00825	0.00928	0.00928	0.00928	0.00825	0.00516	0.01238	0.01238	0.01650	0.02681	0.05569	0.03094	0.70092	0.04331	0.00825	0.00825	0.01238	0.00516	0.00516
39	0.01128	0.00867	0.01031	0.00990	0.01224	0.00770	0.00743	0.01457	0.02228	0.02983	0.42824	0.07065	0.29809	0.01900	0.01005	0.00275	0.00413	0.01638	0.00880	0.00770
40	0.02076	0.01991	0.03399	0.09075	0.61171	0.02014	0.02597	0.02585	0.01923	0.02743	0.01595	0.02116	0.01335	0.00764	0.00843	0.00255	0.01019	0.00758	0.00419	0.01323
41	0.76103	0.01646	0.01251	0.01119	0.01646	0.01909	0.00922	0.02502	0.01448	0.03818	0.01185	0.01382	0.00922	0.00790	0.00527	0.00263	0.00658	0.00461	0.00527	0.00922
42	0.02190	0.01864	0.01966	0.01747	0.02241	0.02151	0.01365	0.08283	0.59366	0.03678	0.03371	0.03101	0.02522	0.01146	0.00865	0.00286	0.00691	0.00949	0.00865	0.01354
43	0.76103	0.01646	0.01251	0.01119	0.01646	0.01909	0.00922	0.02502	0.01448	0.03818	0.01185	0.01382	0.00922	0.00790	0.00527	0.00263	0.00658	0.00461	0.00527	0.00922
44	0.02410	0.01962	0.03196	0.04519	0.52495	0.01949	0.02365	0.06201	0.02125	0.11679	0.01872	0.02213	0.01460	0.00814	0.00845	0.00254	0.00967	0.00772	0.00534	0.01368
45	0.76103	0.01646	0.01251	0.01119	0.01646	0.01909	0.00922	0.02502	0.01448	0.03818	0.01185	0.01382	0.00922	0.00790	0.00527	0.00263	0.00658	0.00461	0.00527	0.00922
46	0.76103	0.01646	0.01251	0.01119	0.01646	0.01909	0.00922	0.02502	0.01448	0.03818	0.01185	0.01382	0.00922	0.00790	0.00527	0.00263	0.00658	0.00461	0.00527	0.00922
47	0.02009	0.02296	0.05022	0.03587	0.04448	0.02152	0.61693	0.02726	0.02009	0.02726	0.01722	0.02296	0.01291	0.00717	0.01004	0.00287	0.01435	0.01004	0.00430	0.01148
48	0.02106	0.02022	0.03454	0.05223	0.64784	0.02022	0.02612	0.02612	0.01938	0.02780	0.01601	0.02106	0.01348	0.00758	0.00842	0.00253	0.01011	0.00758	0.00421	0.01348
49	0.01204	0.00870	0.01138	0.01071	0.01271	0.00803	0.00803	0.01606	0.02409	0.03413	0.64335	0.06357	0.08030	0.01740	0.01004	0.00268	0.00401	0.01539	0.00937	0.00803
50	0.03179	0.04056	0.02412	0.02192	0.02631	0.66676	0.01644	0.03398	0.02412	0.02083	0.01315	0.01535	0.01096	0.00877	0.00767	0.00219	0.01535	0.00548	0.00438	0.00987
51	0.02106	0.02022	0.03454	0.05223	0.64784	0.02022	0.02612	0.02612	0.01938	0.02780	0.01601	0.02106	0.01348	0.00758	0.00842	0.00253	0.01011	0.00758	0.00421	0.01348
52	0.02117	0.01828	0.01924	0.01732	0.02213	0.02117	0.01347	0.04522	0.63246	0.03560	0.03464	0.03175	0.02598	0.01155	0.00866	0.00289	0.00673	0.00962	0.00866	0.01347
53	0.03179	0.04056	0.02412	0.02192	0.02631	0.66676	0.01644	0.03398	0.02412	0.02083	0.01315	0.01535	0.01096	0.00877	0.00767	0.00219	0.01535	0.00548	0.00438	0.00987
54	0.03179	0.04056	0.02412	0.02192	0.02631	0.66676	0.01644	0.03398	0.02412	0.02083	0.01315	0.01535	0.01096	0.00877	0.00767	0.00219	0.01535	0.00548	0.00438	0.00987
55	0.01586	0.00793	0.00793	0.00793	0.00991	0.00793	0.00595	0.01983	0.01785	0.03173	0.02776	0.03173	0.02181	0.00991	0.00595	0.00198	0.00397	0.00793	0.74817	0.00793
56	0.01204	0.00870	0.01138	0.01071	0.01271	0.00803	0.00803	0.01606	0.02409	0.03413	0.64335	0.06357	0.08030	0.01740	0.01004	0.00268	0.00401	0.01539	0.00937	0.00803
57	0.01299	0.00956	0.01271	0.01429	0.01642	0.00928	0.01229	0.01657	0.01955	0.02498	0.05315	0.09322	0.16609	0.02312	0.01142	0.00371	0.00714	0.47793	0.00785	0.00771
58	0.01006	0.00862	0.00862	0.00862	0.01149	0.00718	0.00647	0.01221	0.01940	0.02299	0.08621	0.08190	0.64438	0.02155	0.01006	0.00287	0.00431	0.01796	0.00790	0.00718
59	0.02019	0.01933	0.03296	0.16217	0.54472	0.01999	0.02568	0.02535	0.01896	0.02674	0.01585	0.02135	0.01311	0.00774	0.00844	0.00258	0.01033	0.00758	0.00414	0.01278
60	0.01243	0.00903	0.01326	0.01326	0.01481	0.01044	0.01030	0.01553	0.01398	0.02063	0.02316	0.03331	0.02131	0.05990	0.61904	0.01283	0.02142	0.00903	0.05872	0.00762
61	0.02439	0.34337	0.03411	0.02288	0.14482	0.15326	0.01635	0.02761	0.01946	0.05479	0.01540	0.01779	0.01289	0.00803	0.00668	0.00209	0.01000	0.00583	0.06910	0.01113
62	0.02752	0.12323	0.02760	0.15291	0.03222	0.28530	0.01756	0.17977	0.02580	0.02927	0.01523	0.01789	0.01193	0.00888	0.00775	0.00236	0.01215	0.00633	0.00521	0.01110
63	0.21319	0.08365	0.02178	0.01846	0.05154	0.19842	0.01408	0.06754	0.14398	0.03084	0.01994	0.02457	0.01664	0.01008	0.00745	0.00258	0.00967	0.04886	0.00590	0.01082
64	0.02274	0.07363	0.17924	0.02404	0.05396	0.22285	0.10963	0.03050	0.10122	0.02549	0.01935	0.06394	0.01626	0.00977	0.00836	0.00258	0.01213	0.00816	0.00493	0.01124

[dist]
# distance from previous block
# <min> <max>
0	1

[block]
# block no. 2 follows, 21 sequences, length 11
# corresponding to MSA columns:
# 134-144
name=unknown_C
#
# <colnr> <probs for GDERKNQSTAVLIFYWHMCP>
#	G	D	E	R	K	N	Q	S	T	A	V	L	I	F	Y	W	H	M	C	P
0	0.02305	0.29738	0.22805	0.01969	0.02763	0.15231	0.02046	0.05929	0.01983	0.02416	0.01358	0.01595	0.01109	0.00839	0.00808	0.00231	0.04780	0.00559	0.00404	0.01133
1	0.02316	0.02420	0.03250	0.04631	0.52636	0.14659	0.02423	0.02765	0.02030	0.02644	0.01545	0.01995	0.01299	0.00781	0.00828	0.00246	0.01113	0.00717	0.00425	0.01277
2	0.01011	0.00843	0.00882	0.00913	0.01163	0.00714	0.00669	0.01216	0.01891	0.02279	0.08000	0.17881	0.55148	0.02236	0.01018	0.00297	0.00441	0.01894	0.00790	0.00714
3	0.01098	0.00866	0.00990	0.00959	0.01206	0.00758	0.00719	0.01400	0.02158	0.02817	0.34553	0.07337	0.38183	0.01962	0.01005	0.00278	0.00417	0.01676	0.00858	0.00758
4	0.01037	0.00863	0.00906	0.00895	0.01169	0.00732	0.00671	0.01282	0.02014	0.02475	0.17422	0.07900	0.55528	0.02090	0.01005	0.00284	0.00426	0.01755	0.00813	0.00732
5	0.02106	0.02022	0.03454	0.05223	0.64784	0.02022	0.02612	0.02612	0.01938	0.02780	0.01601	0.02106	0.01348	0.00758	0.00842	0.00253	0.01011	0.00758	0.00421	0.01348
6	0.01586	0.00793	0.00793	0.00793	0.00991	0.00793	0.00595	0.01983	0.01785	0.03173	0.02776	0.03173	0.02181	0.00991	0.00595	0.00198	0.00397	0.00793	0.74817	0.00793
7	0.01862	0.01862	0.02607	0.02234	0.02234	0.02607	0.01862	0.02048	0.01303	0.02048	0.01117	0.01862	0.01117	0.01489	0.02793	0.00372	0.68535	0.00745	0.00372	0.00931
8	0.02106	0.02022	0.03454	0.05223	0.64784	0.02022	0.02612	0.02612	0.01938	0.02780	0.01601	0.02106	0.01348	0.00758	0.00842	0.00253	0.01011	0.00758	0.00421	0.01348
9	0.01291	0.01023	0.01513	0.01469	0.01603	0.01244	0.01157	0.01582	0.01360	0.01984	0.02143	0.03170	0.02009	0.05809	0.59233	0.01251	0.10039	0.00892	0.00446	0.00780
10	0.01607	0.01513	0.02552	0.68047	0.05861	0.01891	0.02363	0.02174	0.01702	0.02174	0.01513	0.02269	0.01134	0.00851	0.00851	0.00284	0.01134	0.00756	0.00378	0.00945

[dist]
# distance from previous block
# <min> <max>
0	4

[block]
# block no. 3 follows, 21 sequences, length 73
# corresponding to MSA columns:
# 149-221
name=unknown_D
#
# <colnr> <probs for GDERKNQSTAVLIFYWHMCP>
#	G	D	E	R	K	N	Q	S	T	A	V	L	I	F	Y	W	H	M	C	P
0	0.01586	0.00793	0.00793	0.00793	0.00991	0.00793	0.00595	0.01983	0.01785	0.03173	0.02776	0.03173	0.02181	0.00991	0.00595	0.00198	0.00397	0.00793	0.74817	0.00793
1	0.01037	0.00741	0.00987	0.01185	0.01234	0.00691	0.00790	0.01185	0.01629	0.02172	0.04690	0.69537	0.05629	0.02666	0.01086	0.00346	0.00494	0.02419	0.00790	0.00691
2	0.02000	0.02271	0.04884	0.03510	0.04321	0.02178	0.58282	0.02687	0.01968	0.02687	0.01687	0.02271	0.01281	0.00761	0.01106	0.00292	0.05260	0.00990	0.00427	0.01135
3	0.02279	0.02450	0.03611	0.04314	0.40230	0.13749	0.15468	0.02779	0.02039	0.02642	0.01576	0.02045	0.01290	0.00771	0.00865	0.00254	0.01199	0.00774	0.00426	0.01238
4	0.03179	0.04056	0.02412	0.02192	0.02631	0.66676	0.01644	0.03398	0.02412	0.02083	0.01315	0.01535	0.01096	0.00877	0.00767	0.00219	0.01535	0.00548	0.00438	0.00987
5	0.01607	0.01513	0.02552	0.68047	0.05861	0.01891	0.02363	0.02174	0.01702	0.02174	0.01513	0.02269	0.01134	0.00851	0.00851	0.00284	0.01134	0.00756	0.00378	0.00945
6	0.01178	0.00976	0.01046	0.01009	0.01300	0.00899	0.00762	0.01689	0.09150	0.02691	0.20312	0.07204	0.44828	0.01948	0.00989	0.00283	0.00453	0.01643	0.00831	0.00810
7	0.01216	0.00912	0.01368	0.01368	0.01520	0.01064	0.01064	0.01520	0.01368	0.01976	0.02279	0.03343	0.02127	0.06382	0.66720	0.01368	0.02279	0.00912	0.00456	0.00760
8	0.03818	0.01448	0.01975	0.01514	0.02172	0.01251	0.01251	0.04147	0.02436	0.65373	0.03357	0.02897	0.02107	0.01053	0.00856	0.00263	0.00724	0.00856	0.01053	0.01448
9	0.01607	0.01513	0.02552	0.68047	0.05861	0.01891	0.02363	0.02174	0.01702	0.02174	0.01513	0.02269	0.01134	0.00851	0.00851	0.00284	0.01134	0.00756	0.00378	0.00945
10	0.01733	0.04244	0.61555	0.02611	0.07736	0.01979	0.03109	0.02690	0.01806	0.02701	0.01532	0.01817	0.01096	0.00805	0.00811	0.00268	0.01241	0.00637	0.00363	0.01264
11	0.01037	0.00741	0.00987	0.01185	0.01234	0.00691	0.00790	0.01185	0.01629	0.02172	0.04690	0.69537	0.05629	0.02666	0.01086	0.00346	0.00494	0.02419	0.00790	0.00691
12	0.01037	0.00741	0.00987	0.01185	0.01234	0.00691	0.00790	0.01185	0.01629	0.02172	0.04690	0.69537	0.05629	0.02666	0.01086	0.00346	0.00494	0.02419	0.00790	0.00691
13	0.01216	0.00912	0.01368	0.01368	0.01520	0.01064	0.01064	0.01520	0.01368	0.01976	0.02279	0.03343	0.02127	0.06382	0.66720	0.01368	0.02279	0.00912	0.00456	0.00760
14	0.02401	0.31678	0.06391	0.02592	0.17373	0.10611	0.01873	0.09132	0.02090	0.02599	0.01405	0.01685	0.01194	0.00833	0.00817	0.00226	0.04885	0.00597	0.00440	0.01178
15	0.02073	0.01988	0.03394	0.09391	0.60875	0.02013	0.02595	0.02583	0.01922	0.02740	0.01595	0.02117	0.01334	0.00764	0.00843	0.00255	0.01019	0.00758	0.00418	0.01321
16	0.01017	0.00863	0.00878	0.00874	0.01156	0.00723	0.00655	0.01243	0.01966	0.02361	0.11747	0.08087	0.61273	0.02132	0.01006	0.00286	0.00429	0.01782	0.00798	0.00723
17	0.02058	0.01738	0.01833	0.01642	0.02091	0.01981	0.01267	0.07338	0.52314	0.03463	0.03626	0.03556	0.06092	0.05777	0.01103	0.00322	0.00684	0.01017	0.00838	0.01262
18	0.03288	0.02298	0.02501	0.01918	0.02597	0.02513	0.01584	0.56677	0.03858	0.10833	0.02163	0.02121	0.01507	0.01024	0.00852	0.00256	0.00917	0.00774	0.00870	0.01447
19	0.01060	0.00847	0.00952	0.00988	0.01215	0.00740	0.00733	0.01300	0.01955	0.02455	0.16031	0.19089	0.42294	0.02196	0.01029	0.00300	0.00456	0.04819	0.00812	0.00730
20	0.02312	0.02353	0.02848	0.23545	0.26144	0.16309	0.02213	0.09129	0.02195	0.02722	0.01559	0.02023	0.01238	0.00842	0.00829	0.00255	0.01156	0.00712	0.00459	0.01155
21	0.02477	0.29087	0.21574	0.01907	0.02718	0.16695	0.01967	0.02953	0.01977	0.09142	0.01550	0.01695	0.01200	0.00820	0.00705	0.00225	0.01129	0.00570	0.00454	0.01156
22	0.02375	0.02532	0.03193	0.04463	0.49188	0.18246	0.02369	0.02809	0.02057	0.02605	0.01529	0.01963	0.01285	0.00788	0.00824	0.00244	0.01142	0.00706	0.00426	0.01257
23	0.02040	0.01035	0.01327	0.01216	0.01553	0.00909	0.00923	0.02295	0.02070	0.24897	0.11290	0.25002	0.18242	0.01876	0.00977	0.00295	0.00552	0.01626	0.00899	0.00979
24	0.01814	0.03765	0.49035	0.03174	0.20029	0.01989	0.03002	0.02673	0.01834	0.02718	0.01547	0.01880	0.01150	0.00795	0.00818	0.00265	0.01192	0.00663	0.00376	0.01282
25	0.01964	0.20180	0.27670	0.14385	0.11122	0.06004	0.02429	0.02594	0.01815	0.02402	0.01435	0.01797	0.01126	0.00794	0.00752	0.00245	0.01134	0.00620	0.00376	0.01155
26	0.02451	0.21797	0.22414	0.02212	0.06452	0.02205	0.08560	0.03017	0.01969	0.18238	0.01916	0.02024	0.01379	0.00835	0.00770	0.00244	0.01032	0.00686	0.00546	0.01252
27	0.01006	0.00862	0.00862	0.00862	0.01149	0.00718	0.00647	0.01221	0.01940	0.02299	0.08621	0.08190	0.64438	0.02155	0.01006	0.00287	0.00431	0.01796	0.00790	0.00718
28	0.01832	0.01460	0.01525	0.01321	0.01753	0.01502	0.01041	0.19396	0.12410	0.03392	0.05879	0.05597	0.36179	0.01665	0.00938	0.00278	0.00617	0.01363	0.00820	0.01031
29	0.02155	0.02380	0.02254	0.02019	0.02202	0.23808	0.01604	0.02380	0.01691	0.02043	0.01453	0.02095	0.01344	0.02417	0.16919	0.00551	0.30643	0.00717	0.00414	0.00910
30	0.01904	0.02705	0.19773	0.10267	0.12557	0.02063	0.32804	0.02645	0.01914	0.02668	0.01635	0.02142	0.01229	0.00760	0.00917	0.00278	0.01302	0.00851	0.00406	0.01181
31	0.01233	0.01354	0.09686	0.01138	0.01548	0.00910	0.01027	0.01551	0.01909	0.05228	0.06992	0.13782	0.46599	0.01979	0.00981	0.00290	0.00563	0.01663	0.00744	0.00822
32	0.01724	0.04125	0.58795	0.02405	0.03525	0.02045	0.03004	0.02624	0.01743	0.02624	0.01482	0.01804	0.01082	0.00883	0.01025	0.00281	0.08604	0.00642	0.00361	0.01222
33	0.02106	0.02022	0.03454	0.05223	0.64784	0.02022	0.02612	0.02612	0.01938	0.02780	0.01601	0.02106	0.01348	0.00758	0.00842	0.00253	0.01011	0.00758	0.00421	0.01348
34	0.01707	0.04402	0.65683	0.02426	0.03683	0.01976	0.03144	0.02695	0.01797	0.02695	0.01527	0.01797	0.01078	0.00809	0.00809	0.00270	0.01258	0.00629	0.00359	0.01258
35	0.02106	0.02022	0.03454	0.05223	0.64784	0.02022	0.02612	0.02612	0.01938	0.02780	0.01601	0.02106	0.01348	0.00758	0.00842	0.00253	0.01011	0.00758	0.00421	0.01348
36	0.01785	0.01608	0.02553	0.60830	0.05509	0.01972	0.02282	0.08701	0.01953	0.02523	0.01571	0.02244	0.01169	0.00869	0.00851	0.00281	0.01113	0.00757	0.00430	0.01000
37	0.01902	0.01895	0.03469	0.27910	0.29860	0.02003	0.15552	0.02476	0.01867	0.02546	0.01595	0.02208	0.01257	0.00783	0.00881	0.00272	0.01150	0.00812	0.00407	0.01156
38	0.01259	0.01053	0.01248	0.08359	0.01826	0.01040	0.00960	0.01829	0.09542	0.02728	0.21635	0.06455	0.35353	0.01783	0.00971	0.00282	0.00530	0.01514	0.00792	0.00842
39	0.01037	0.00741	0.00987	0.01185	0.01234	0.00691	0.00790	0.01185	0.01629	0.02172	0.04690	0.69537	0.05629	0.02666	0.01086	0.00346	0.00494	0.02419	0.00790	0.00691
40	0.01961	0.01874	0.03193	0.23451	0.47688	0.01984	0.02540	0.02485	0.01869	0.02604	0.01575	0.02153	0.01286	0.00785	0.00845	0.00262	0.01047	0.00758	0.00409	0.01231
41	0.01259	0.00985	0.01219	0.01189	0.01470	0.00829	0.00849	0.01482	0.01689	0.02365	0.03943	0.45053	0.07748	0.02009	0.00941	0.00275	0.00532	0.01793	0.00702	0.23667
42	0.02319	0.01929	0.02038	0.01773	0.02290	0.02211	0.01396	0.14913	0.52526	0.03886	0.03207	0.02970	0.02390	0.01131	0.00863	0.00283	0.00721	0.00927	0.00863	0.01365
43	0.01915	0.28689	0.43223	0.02070	0.03133	0.02487	0.02525	0.02641	0.01772	0.02441	0.01401	0.01638	0.01083	0.00779	0.00712	0.00237	0.01130	0.00565	0.00361	0.01197
44	0.02322	0.01800	0.02910	0.21438	0.35039	0.01880	0.02261	0.05478	0.02055	0.13675	0.01904	0.02286	0.01427	0.00847	0.00847	0.00263	0.00991	0.00775	0.00540	0.01261
45	0.01707	0.04402	0.65683	0.02426	0.03683	0.01976	0.03144	0.02695	0.01797	0.02695	0.01527	0.01797	0.01078	0.00809	0.00809	0.00270	0.01258	0.00629	0.00359	0.01258
46	0.02106	0.02022	0.03454	0.05223	0.64784	0.02022	0.02612	0.02612	0.01938	0.02780	0.01601	0.02106	0.01348	0.00758	0.00842	0.00253	0.01011	0.00758	0.00421	0.01348
47	0.02591	0.02912	0.02809	0.19387	0.07320	0.32317	0.08440	0.09264	0.02329	0.02571	0.01505	0.01894	0.01180	0.00861	0.00828	0.00249	0.01326	0.00687	0.00466	0.01064
48	0.01977	0.03336	0.41444	0.14233	0.06453	0.01881	0.05213	0.02777	0.01873	0.10281	0.01760	0.02050	0.01234	0.00840	0.00832	0.00271	0.01168	0.00701	0.00453	0.01224
49	0.03235	0.02384	0.02554	0.01958	0.02639	0.02639	0.01618	0.61946	0.04001	0.05363	0.02043	0.02043	0.01447	0.01022	0.00851	0.00255	0.00936	0.00766	0.00851	0.01447
50	0.01006	0.00862	0.00862	0.00862	0.01149	0.00718	0.00647	0.01221	0.01940	0.02299	0.08621	0.08190	0.64438	0.02155	0.01006	0.00287	0.00431	0.01796	0.00790	0.00718
51	0.03124	0.03951	0.02465	0.02348	0.05831	0.63347	0.01694	0.03358	0.02387	0.02119	0.01330	0.01564	0.01109	0.00871	0.00771	0.00221	0.01508	0.00559	0.00438	0.01005
52	0.01220	0.00896	0.01288	0.01288	0.01413	0.01021	0.00965	0.01469	0.01344	0.01917	0.02352	0.03746	0.02302	0.17910	0.55431	0.01269	0.02016	0.00971	0.00467	0.00716
53	0.02106	0.02022	0.03454	0.05223	0.64784	0.02022	0.02612	0.02612	0.01938	0.02780	0.01601	0.02106	0.01348	0.00758	0.00842	0.00253	0.01011	0.00758	0.00421	0.01348
54	0.02106	0.02022	0.03454	0.05223	0.64784	0.02022	0.02612	0.02612	0.01938	0.02780	0.01601	0.02106	0.01348	0.00758	0.00842	0.00253	0.01011	0.00758	0.00421	0.01348
55	0.01697	0.01604	0.02714	0.56794	0.16416	0.01914	0.02408	0.02253	0.01744	0.02283	0.01528	0.02240	0.01173	0.00834	0.00849	0.00278	0.01112	0.00757	0.00386	0.01017
56	0.01668	0.01575	0.02663	0.60355	0.13076	0.01907	0.02394	0.02228	0.01731	0.02249	0.01523	0.02249	0.01161	0.00839	0.00850	0.00280	0.01119	0.00757	0.00383	0.00995
57	0.03235	0.02384	0.02554	0.01958	0.02639	0.02639	0.01618	0.61946	0.04001	0.05363	0.02043	0.02043	0.01447	0.01022	0.00851	0.00255	0.00936	0.00766	0.00851	0.01447
58	0.01871	0.04054	0.57701	0.02324	0.03496	0.01937	0.02913	0.02899	0.05459	0.06904	0.01763	0.01951	0.01236	0.00845	0.00815	0.00270	0.01188	0.00664	0.00435	0.01276
59	0.01056	0.00864	0.00931	0.00914	0.01180	0.00740	0.00686	0.01318	0.02057	0.02578	0.22601	0.07730	0.50284	0.02051	0.01005	0.00282	0.00424	0.01732	0.00827	0.00740
60	0.02106	0.02022	0.03454	0.05223	0.64784	0.02022	0.02612	0.02612	0.01938	0.02780	0.01601	0.02106	0.01348	0.00758	0.00842	0.00253	0.01011	0.00758	0.00421	0.01348
61	0.02756	0.02618	0.02893	0.03359	0.28277	0.17058	0.02034	0.24050	0.02786	0.03546	0.01694	0.01953	0.01326	0.00880	0.00828	0.00246	0.01104	0.00713	0.00579	0.01301
62	0.02740	0.36677	0.03437	0.01804	0.02412	0.28476	0.01549	0.09372	0.02249	0.02401	0.01330	0.01507	0.01133	0.00819	0.00667	0.00205	0.01161	0.00526	0.00447	0.01089
63	0.01607	0.01513	0.02552	0.68047	0.05861	0.01891	0.02363	0.02174	0.01702	0.02174	0.01513	0.02269	0.01134	0.00851	0.00851	0.00284	0.01134	0.00756	0.00378	0.00945
64	0.02009	0.02296	0.05022	0.03587	0.04448	0.02152	0.61693	0.02726	0.02009	0.02726	0.01722	0.02296	0.01291	0.00717	0.01004	0.00287	0.01435	0.01004	0.00430	0.01148
65	0.02106	0.02022	0.03454	0.05223	0.64784	0.02022	0.02612	0.02612	0.01938	0.02780	0.01601	0.02106	0.01348	0.00758	0.00842	0.00253	0.01011	0.00758	0.00421	0.01348
66	0.02223	0.02029	0.02150	0.13757	0.02770	0.12503	0.01584	0.14843	0.02241	0.02976	0.02134	0.02511	0.05094	0.01132	0.01232	0.00273	0.15860	0.00789	0.12883	0.01016
67	0.01079	0.00850	0.00883	0.00883	0.01079	0.00752	0.00605	0.01226	0.01717	0.02093	0.06737	0.07358	0.44976	0.23709	0.02061	0.00458	0.00556	0.01619	0.00703	0.00654
68	0.01696	0.01543	0.02499	0.27193	0.24956	0.01654	0.02079	0.02169	0.01827	0.02470	0.02444	0.07272	0.04807	0.01171	0.00901	0.00283	0.00951	0.08722	0.00496	0.04866
69	0.01275	0.00992	0.01454	0.01420	0.01549	0.01189	0.01103	0.01551	0.01354	0.01963	0.02198	0.03341	0.02093	0.09694	0.57277	0.01246	0.08171	0.00916	0.00452	0.00761
70	0.01980	0.36173	0.36301	0.01960	0.02964	0.02644	0.02334	0.02625	0.01764	0.02363	0.01362	0.01590	0.01085	0.00770	0.00683	0.00228	0.01091	0.00545	0.00362	0.01178
71	0.02543	0.51538	0.03927	0.01596	0.02311	0.03164	0.01501	0.19149	0.02364	0.02942	0.01423	0.01555	0.01191	0.00810	0.00631	0.00203	0.00917	0.00542	0.00500	0.01191
72	0.01893	0.49435	0.03379	0.01304	0.01878	0.02561	0.01223	0.02142	0.01766	0.02081	0.03093	0.08845	0.15125	0.01206	0.00693	0.00219	0.00770	0.00917	0.00493	0.00976

[dist]
# distance from previous block
# <min> <max>
0	3

# created by:
# /home/cegg/simao/soft/augustus-3.2.1/scripts/msa2prfl.pl ./align_prep/12898.fa
