[name]
unknown

[dist]
# distance from previous block
# <min> <max>
0	10

[block]
# block no. 0 follows, 22 sequences, length 37
# corresponding to MSA columns:
# 13-49
name=unknown_A
#
# <colnr> <probs for GDERKNQSTAVLIFYWHMCP>
#	G	D	E	R	K	N	Q	S	T	A	V	L	I	F	Y	W	H	M	C	P
0	0.01843	0.01458	0.02014	0.02355	0.15865	0.01473	0.01619	0.12620	0.02242	0.03033	0.03138	0.05906	0.03167	0.01602	0.00981	0.00310	0.00828	0.32221	0.00679	0.06645
1	0.01946	0.01715	0.02593	0.40566	0.15668	0.01941	0.02124	0.12817	0.02100	0.02817	0.01583	0.02111	0.01208	0.00827	0.00813	0.00255	0.01015	0.00722	0.00467	0.06713
2	0.02220	0.02073	0.02563	0.12759	0.24718	0.09697	0.01904	0.13412	0.09824	0.03019	0.02167	0.02542	0.04342	0.03994	0.00976	0.00278	0.00979	0.00807	0.00555	0.01171
3	0.01048	0.00751	0.00996	0.01132	0.01213	0.00699	0.00774	0.01247	0.01757	0.02385	0.17834	0.56252	0.06007	0.02405	0.01043	0.00321	0.00462	0.02174	0.00803	0.00699
4	0.01723	0.01477	0.01723	0.01230	0.01969	0.01107	0.00984	0.02092	0.01723	0.02707	0.01477	0.01723	0.01230	0.00615	0.00615	0.00123	0.00615	0.00492	0.00492	0.75883
5	0.03103	0.03959	0.02354	0.02140	0.02568	0.67469	0.01605	0.03317	0.02354	0.02033	0.01284	0.01498	0.01070	0.00856	0.00749	0.00214	0.01498	0.00535	0.00428	0.00963
6	0.00982	0.00842	0.00842	0.00842	0.01122	0.00701	0.00631	0.01192	0.01894	0.02244	0.08416	0.07995	0.65285	0.02104	0.00982	0.00281	0.00421	0.01753	0.00771	0.00701
7	0.00982	0.00842	0.00842	0.00842	0.01122	0.00701	0.00631	0.01192	0.01894	0.02244	0.08416	0.07995	0.65285	0.02104	0.00982	0.00281	0.00421	0.01753	0.00771	0.00701
8	0.01109	0.00847	0.01017	0.00975	0.01200	0.00755	0.00731	0.01437	0.02193	0.02954	0.45492	0.06826	0.27765	0.01839	0.00981	0.00268	0.00402	0.01589	0.00865	0.00755
9	0.02066	0.01785	0.01878	0.01691	0.02160	0.02066	0.01315	0.04414	0.64121	0.03475	0.03381	0.03099	0.02536	0.01127	0.00845	0.00282	0.00657	0.00939	0.00845	0.01315
10	0.76672	0.01607	0.01221	0.01092	0.01607	0.01864	0.00900	0.02442	0.01414	0.03727	0.01157	0.01350	0.00900	0.00771	0.00514	0.00257	0.00643	0.00450	0.00514	0.00900
11	0.01290	0.00969	0.01209	0.01128	0.01359	0.00948	0.00852	0.01933	0.10268	0.03350	0.57263	0.05807	0.07159	0.01625	0.00963	0.00264	0.00426	0.01430	0.00906	0.00852
12	0.01723	0.01477	0.01723	0.01230	0.01969	0.01107	0.00984	0.02092	0.01723	0.02707	0.01477	0.01723	0.01230	0.00615	0.00615	0.00123	0.00615	0.00492	0.00492	0.75883
13	0.76672	0.01607	0.01221	0.01092	0.01607	0.01864	0.00900	0.02442	0.01414	0.03727	0.01157	0.01350	0.00900	0.00771	0.00514	0.00257	0.00643	0.00450	0.00514	0.00900
14	0.01609	0.01172	0.01413	0.01235	0.01533	0.01176	0.00958	0.14971	0.02692	0.03748	0.51364	0.05285	0.06433	0.01545	0.00947	0.00259	0.00506	0.01337	0.00896	0.00921
15	0.76672	0.01607	0.01221	0.01092	0.01607	0.01864	0.00900	0.02442	0.01414	0.03727	0.01157	0.01350	0.00900	0.00771	0.00514	0.00257	0.00643	0.00450	0.00514	0.00900
16	0.02056	0.01974	0.03372	0.05099	0.65622	0.01974	0.02550	0.02550	0.01892	0.02714	0.01563	0.02056	0.01316	0.00740	0.00822	0.00247	0.00987	0.00740	0.00411	0.01316
17	0.02592	0.02046	0.02175	0.01797	0.02361	0.02312	0.01442	0.32576	0.35103	0.04324	0.02713	0.02567	0.01995	0.01065	0.00838	0.00266	0.00781	0.00847	0.00838	0.01362
18	0.02066	0.01785	0.01878	0.01691	0.02160	0.02066	0.01315	0.04414	0.64121	0.03475	0.03381	0.03099	0.02536	0.01127	0.00845	0.00282	0.00657	0.00939	0.00845	0.01315
19	0.01012	0.00723	0.00964	0.01157	0.01205	0.00675	0.00771	0.01157	0.01591	0.02121	0.04579	0.70262	0.05495	0.02603	0.01060	0.00337	0.00482	0.02362	0.00771	0.00675
20	0.01670	0.00891	0.00903	0.00860	0.01089	0.00910	0.00656	0.06514	0.01905	0.03258	0.02656	0.03014	0.02075	0.00970	0.00600	0.00198	0.00427	0.00772	0.69810	0.00822
21	0.01666	0.04297	0.66500	0.02368	0.03596	0.01929	0.03069	0.02631	0.01754	0.02631	0.01491	0.01754	0.01052	0.00789	0.00789	0.00263	0.01228	0.00614	0.00351	0.01228
22	0.01666	0.04297	0.66500	0.02368	0.03596	0.01929	0.03069	0.02631	0.01754	0.02631	0.01491	0.01754	0.01052	0.00789	0.00789	0.00263	0.01228	0.00614	0.00351	0.01228
23	0.01012	0.00723	0.00964	0.01157	0.01205	0.00675	0.00771	0.01157	0.01591	0.02121	0.04579	0.70262	0.05495	0.02603	0.01060	0.00337	0.00482	0.02362	0.00771	0.00675
24	0.01403	0.01399	0.07369	0.02039	0.15524	0.01142	0.01365	0.01859	0.02177	0.03085	0.43055	0.04986	0.08431	0.01427	0.00929	0.00259	0.00597	0.01269	0.00748	0.00936
25	0.01813	0.04103	0.60192	0.02323	0.03495	0.01993	0.02922	0.08566	0.01966	0.02888	0.01540	0.01778	0.01088	0.00810	0.00793	0.00262	0.01197	0.00627	0.00398	0.01246
26	0.01016	0.00811	0.00910	0.00953	0.01160	0.00705	0.00689	0.01233	0.01875	0.02358	0.15055	0.24316	0.41630	0.02182	0.01002	0.00293	0.00433	0.01881	0.00791	0.00705
27	0.00983	0.00835	0.00848	0.00859	0.01127	0.00700	0.00639	0.01190	0.01877	0.02237	0.08207	0.11381	0.62033	0.02131	0.00986	0.00284	0.00424	0.01786	0.00771	0.00700
28	0.03103	0.03959	0.02354	0.02140	0.02568	0.67469	0.01605	0.03317	0.02354	0.02033	0.01284	0.01498	0.01070	0.00856	0.00749	0.00214	0.01498	0.00535	0.00428	0.00963
29	0.02056	0.01974	0.03372	0.05099	0.65622	0.01974	0.02550	0.02550	0.01892	0.02714	0.01563	0.02056	0.01316	0.00740	0.00822	0.00247	0.00987	0.00740	0.00411	0.01316
30	0.01797	0.20772	0.44443	0.02129	0.03156	0.02223	0.05785	0.02545	0.01778	0.02497	0.04503	0.01891	0.01396	0.00809	0.00745	0.00243	0.01112	0.00634	0.00383	0.01160
31	0.01032	0.00755	0.00935	0.01068	0.01152	0.00696	0.00712	0.01170	0.01596	0.02078	0.05016	0.50775	0.15912	0.11254	0.01452	0.00387	0.00512	0.02105	0.00737	0.00658
32	0.01719	0.02346	0.18566	0.13981	0.22609	0.04559	0.04875	0.02278	0.01815	0.02464	0.02471	0.08729	0.07883	0.01073	0.00856	0.00267	0.01006	0.00956	0.00458	0.01087
33	0.09187	0.03235	0.37877	0.03058	0.19581	0.01951	0.08319	0.02594	0.01776	0.02763	0.01494	0.01838	0.01125	0.00766	0.00789	0.00260	0.01124	0.00665	0.00389	0.01208
34	0.05122	0.07539	0.02290	0.13834	0.16714	0.12844	0.01644	0.02218	0.01895	0.02352	0.03261	0.03834	0.16384	0.01209	0.00836	0.00259	0.00923	0.05361	0.00517	0.00965
35	0.02037	0.02166	0.02845	0.02826	0.17284	0.16134	0.16915	0.02392	0.01833	0.02274	0.01791	0.02810	0.01670	0.18268	0.01689	0.00382	0.01143	0.00862	0.00444	0.04236
36	0.02044	0.14283	0.10065	0.07022	0.26597	0.05262	0.17904	0.02589	0.01870	0.02498	0.01498	0.01932	0.01210	0.00740	0.00807	0.00245	0.01131	0.00729	0.00397	0.01176

[dist]
# distance from previous block
# <min> <max>
0	33

[block]
# block no. 1 follows, 22 sequences, length 43
# corresponding to MSA columns:
# 83-125
name=unknown_B
#
# <colnr> <probs for GDERKNQSTAVLIFYWHMCP>
#	G	D	E	R	K	N	Q	S	T	A	V	L	I	F	Y	W	H	M	C	P
0	0.01883	0.06695	0.28037	0.02254	0.08328	0.05273	0.02169	0.06067	0.11115	0.02809	0.02353	0.03473	0.02059	0.01145	0.00858	0.00280	0.01008	0.12509	0.00542	0.01144
1	0.01980	0.03488	0.45619	0.02100	0.03154	0.01857	0.02483	0.10315	0.02059	0.06547	0.01653	0.01841	0.01180	0.00805	0.00773	0.00241	0.01073	0.00626	0.00470	0.11736
2	0.17309	0.05238	0.06814	0.01566	0.02160	0.05046	0.03841	0.05156	0.02003	0.20010	0.08153	0.02396	0.02008	0.00959	0.00847	0.00242	0.04575	0.00728	0.00665	0.10285
3	0.07259	0.01334	0.01353	0.01286	0.01561	0.04882	0.00954	0.14532	0.02147	0.02946	0.03966	0.30501	0.12692	0.05230	0.01071	0.00312	0.00644	0.01538	0.04928	0.00865
4	0.02155	0.02212	0.09346	0.03982	0.33989	0.01937	0.21926	0.02741	0.01950	0.08941	0.01763	0.02165	0.01347	0.00760	0.00872	0.00260	0.01115	0.00816	0.00469	0.01254
5	0.01331	0.00951	0.01328	0.01506	0.01698	0.00948	0.01312	0.01714	0.01934	0.02527	0.07350	0.09217	0.04930	0.02266	0.01139	0.00377	0.00747	0.57188	0.00772	0.00766
6	0.01669	0.01462	0.02047	0.02586	0.23904	0.01492	0.01506	0.02536	0.16757	0.03012	0.21146	0.04250	0.11605	0.01280	0.00893	0.00264	0.00666	0.01135	0.00704	0.01085
7	0.01818	0.01818	0.02545	0.02181	0.02181	0.02545	0.01818	0.01999	0.01272	0.01999	0.01091	0.01818	0.01091	0.01454	0.02726	0.00364	0.69284	0.00727	0.00364	0.00909
8	0.01024	0.00732	0.00975	0.01148	0.01208	0.00683	0.00772	0.01187	0.01647	0.02211	0.09096	0.65487	0.05669	0.02535	0.01054	0.00332	0.00475	0.02298	0.00782	0.00683
9	0.03103	0.03959	0.02354	0.02140	0.02568	0.67469	0.01605	0.03317	0.02354	0.02033	0.01284	0.01498	0.01070	0.00856	0.00749	0.00214	0.01498	0.00535	0.00428	0.00963
10	0.01012	0.00723	0.00964	0.01157	0.01205	0.00675	0.00771	0.01157	0.01591	0.02121	0.04579	0.70262	0.05495	0.02603	0.01060	0.00337	0.00482	0.02362	0.00771	0.00675
11	0.03185	0.02283	0.02466	0.01891	0.02554	0.02511	0.01562	0.60020	0.03832	0.08172	0.02056	0.02035	0.01444	0.00999	0.00831	0.00250	0.00904	0.00752	0.00841	0.01413
12	0.02566	0.02950	0.02716	0.03205	0.25667	0.34962	0.01952	0.02998	0.05524	0.02360	0.01488	0.01815	0.01243	0.00873	0.00929	0.00241	0.06317	0.00647	0.00440	0.01108
13	0.01064	0.00845	0.00955	0.00928	0.01172	0.00736	0.00696	0.01351	0.02087	0.02704	0.32401	0.07239	0.41013	0.01933	0.00981	0.00272	0.00409	0.01647	0.00832	0.00736
14	0.00982	0.00842	0.00842	0.00842	0.01122	0.00701	0.00631	0.01192	0.01894	0.02244	0.08416	0.07995	0.65285	0.02104	0.00982	0.00281	0.00421	0.01753	0.00771	0.00701
15	0.02056	0.01974	0.03372	0.05099	0.65622	0.01974	0.02550	0.02550	0.01892	0.02714	0.01563	0.02056	0.01316	0.00740	0.00822	0.00247	0.00987	0.00740	0.00411	0.01316
16	0.01986	0.07538	0.50398	0.02275	0.03315	0.15312	0.02690	0.02763	0.01873	0.02476	0.01432	0.01681	0.01057	0.00799	0.00768	0.00249	0.01266	0.00589	0.00367	0.01166
17	0.01666	0.04297	0.66500	0.02368	0.03596	0.01929	0.03069	0.02631	0.01754	0.02631	0.01491	0.01754	0.01052	0.00789	0.00789	0.00263	0.01228	0.00614	0.00351	0.01228
18	0.01569	0.01477	0.02492	0.68808	0.05722	0.01846	0.02307	0.02123	0.01661	0.02123	0.01477	0.02215	0.01107	0.00831	0.00831	0.00277	0.01107	0.00738	0.00369	0.00923
19	0.01012	0.00723	0.00964	0.01157	0.01205	0.00675	0.00771	0.01157	0.01591	0.02121	0.04579	0.70262	0.05495	0.02603	0.01060	0.00337	0.00482	0.02362	0.00771	0.00675
20	0.01187	0.00890	0.01335	0.01335	0.01483	0.01038	0.01038	0.01483	0.01335	0.01928	0.02225	0.03264	0.02077	0.06231	0.67512	0.01335	0.02225	0.00890	0.00445	0.00742
21	0.01773	0.06980	0.49831	0.02832	0.13699	0.02010	0.06203	0.02612	0.01785	0.02614	0.01497	0.01810	0.01108	0.00773	0.00793	0.00257	0.01182	0.00647	0.00365	0.01229
22	0.01666	0.04297	0.66500	0.02368	0.03596	0.01929	0.03069	0.02631	0.01754	0.02631	0.01491	0.01754	0.01052	0.00789	0.00789	0.00263	0.01228	0.00614	0.00351	0.01228
23	0.01198	0.00845	0.01106	0.01106	0.01175	0.00914	0.00752	0.01336	0.01267	0.01759	0.02435	0.04425	0.02581	0.40756	0.33676	0.01052	0.01466	0.01060	0.00476	0.00614
24	0.02221	0.71304	0.04353	0.01421	0.02132	0.03287	0.01421	0.02488	0.01688	0.01955	0.01155	0.01333	0.01066	0.00711	0.00533	0.00178	0.00888	0.00444	0.00355	0.01066
25	0.02221	0.71304	0.04353	0.01421	0.02132	0.03287	0.01421	0.02488	0.01688	0.01955	0.01155	0.01333	0.01066	0.00711	0.00533	0.00178	0.00888	0.00444	0.00355	0.01066
26	0.01791	0.03458	0.41834	0.02939	0.08461	0.01988	0.22323	0.02635	0.01831	0.02647	0.01558	0.01934	0.01139	0.00757	0.00854	0.00267	0.01266	0.00742	0.00378	0.01200
27	0.01012	0.00723	0.00964	0.01157	0.01205	0.00675	0.00771	0.01157	0.01591	0.02121	0.04579	0.70262	0.05495	0.02603	0.01060	0.00337	0.00482	0.02362	0.00771	0.00675
28	0.02192	0.67827	0.07578	0.01471	0.02208	0.03217	0.01507	0.02495	0.01691	0.01990	0.01172	0.01354	0.01065	0.00715	0.00546	0.00182	0.00906	0.00453	0.00355	0.01074
29	0.03727	0.01414	0.01928	0.01478	0.02121	0.01221	0.01221	0.04049	0.02378	0.66198	0.03277	0.02828	0.02056	0.01028	0.00835	0.00257	0.00707	0.00835	0.01028	0.01414
30	0.02938	0.02218	0.02369	0.01867	0.02492	0.02474	0.01526	0.51083	0.16034	0.04881	0.02274	0.02217	0.01639	0.01023	0.00834	0.00256	0.00862	0.00786	0.00834	0.01393
31	0.00982	0.00842	0.00842	0.00842	0.01122	0.00701	0.00631	0.01192	0.01894	0.02244	0.08416	0.07995	0.65285	0.02104	0.00982	0.00281	0.00421	0.01753	0.00771	0.00701
32	0.01190	0.00877	0.01268	0.01268	0.01394	0.01002	0.00955	0.01441	0.01315	0.01879	0.02286	0.03602	0.02224	0.16288	0.57656	0.01253	0.02004	0.00940	0.00454	0.00705
33	0.03059	0.09326	0.02659	0.01892	0.02532	0.10851	0.01567	0.49380	0.03491	0.04508	0.01822	0.01867	0.01335	0.00951	0.00791	0.00238	0.00985	0.00691	0.00733	0.01322
34	0.02163	0.07599	0.42492	0.02235	0.03187	0.20516	0.02508	0.05343	0.02010	0.02536	0.01436	0.01670	0.01073	0.00813	0.00766	0.00244	0.01273	0.00588	0.00393	0.01152
35	0.01966	0.40512	0.32912	0.01856	0.02805	0.02663	0.02179	0.02553	0.01718	0.02265	0.01309	0.01526	0.01060	0.00747	0.00651	0.00217	0.01044	0.00522	0.00353	0.01140
36	0.01150	0.00822	0.01122	0.01314	0.01423	0.00794	0.01011	0.01395	0.01727	0.02275	0.04503	0.44534	0.05193	0.02473	0.01097	0.00356	0.00602	0.26728	0.00769	0.00713
37	0.01143	0.00824	0.01081	0.01067	0.01234	0.00762	0.00781	0.01486	0.02200	0.03090	0.53104	0.18973	0.07371	0.01879	0.00996	0.00276	0.00410	0.01674	0.00886	0.00762
38	0.03103	0.03959	0.02354	0.02140	0.02568	0.67469	0.01605	0.03317	0.02354	0.02033	0.01284	0.01498	0.01070	0.00856	0.00749	0.00214	0.01498	0.00535	0.00428	0.00963
39	0.01849	0.12210	0.46214	0.02417	0.03483	0.05230	0.12070	0.02650	0.01806	0.02524	0.01469	0.01766	0.01087	0.00769	0.00786	0.00253	0.01226	0.00646	0.00366	0.01179
40	0.01846	0.01721	0.02900	0.09098	0.48373	0.01778	0.02230	0.02305	0.01764	0.02513	0.01688	0.02309	0.01452	0.01841	0.14115	0.00466	0.01243	0.00770	0.00415	0.01172
41	0.01026	0.00741	0.00975	0.01156	0.01224	0.00689	0.00790	0.01185	0.01623	0.02145	0.04786	0.63917	0.08822	0.02560	0.01060	0.00336	0.00492	0.05022	0.00771	0.00680
42	0.01931	0.02708	0.23681	0.03878	0.39273	0.01969	0.02596	0.02760	0.07975	0.02762	0.01718	0.02061	0.01351	0.00794	0.00814	0.00255	0.01033	0.00719	0.00434	0.01287

[dist]
# distance from previous block
# <min> <max>
2	3

[block]
# block no. 2 follows, 22 sequences, length 18
# corresponding to MSA columns:
# 129-146
name=unknown_C
#
# <colnr> <probs for GDERKNQSTAVLIFYWHMCP>
#	G	D	E	R	K	N	Q	S	T	A	V	L	I	F	Y	W	H	M	C	P
0	0.02233	0.02761	0.11438	0.03488	0.32052	0.20965	0.02217	0.02697	0.02010	0.02480	0.01771	0.02625	0.01574	0.00945	0.00831	0.00254	0.01145	0.06926	0.00445	0.01143
1	0.01143	0.01148	0.07909	0.01233	0.01443	0.00855	0.00999	0.01405	0.01699	0.02300	0.12500	0.38400	0.09295	0.11102	0.01431	0.00378	0.00600	0.04717	0.00711	0.00732
2	0.01767	0.03634	0.47330	0.02886	0.10299	0.01969	0.15097	0.02628	0.01810	0.02646	0.01537	0.01885	0.01122	0.00766	0.00832	0.00265	0.01237	0.00702	0.00371	0.01215
3	0.02605	0.03192	0.06454	0.03327	0.27628	0.37724	0.02064	0.02973	0.02136	0.02338	0.01406	0.01734	0.01167	0.00806	0.00780	0.00230	0.01280	0.00621	0.00417	0.01118
4	0.76672	0.01607	0.01221	0.01092	0.01607	0.01864	0.00900	0.02442	0.01414	0.03727	0.01157	0.01350	0.00900	0.00771	0.00514	0.00257	0.00643	0.00450	0.00514	0.00900
5	0.76672	0.01607	0.01221	0.01092	0.01607	0.01864	0.00900	0.02442	0.01414	0.03727	0.01157	0.01350	0.00900	0.00771	0.00514	0.00257	0.00643	0.00450	0.00514	0.00900
6	0.01190	0.00879	0.01277	0.01277	0.01405	0.01007	0.00966	0.01446	0.01318	0.01885	0.02278	0.03559	0.02205	0.15004	0.58914	0.01263	0.02032	0.00933	0.00453	0.00709
7	0.00982	0.00842	0.00842	0.00842	0.01122	0.00701	0.00631	0.01192	0.01894	0.02244	0.08416	0.07995	0.65285	0.02104	0.00982	0.00281	0.00421	0.01753	0.00771	0.00701
8	0.01014	0.00830	0.00857	0.00868	0.01097	0.00714	0.00622	0.01192	0.01784	0.02151	0.07417	0.11073	0.53535	0.11466	0.01427	0.00355	0.00476	0.01713	0.00735	0.00673
9	0.02221	0.71304	0.04353	0.01421	0.02132	0.03287	0.01421	0.02488	0.01688	0.01955	0.01155	0.01333	0.01066	0.00711	0.00533	0.00178	0.00888	0.00444	0.00355	0.01066
10	0.01208	0.00805	0.00906	0.00906	0.00906	0.00805	0.00503	0.01208	0.01208	0.01611	0.02618	0.05436	0.03020	0.70804	0.04228	0.00805	0.00805	0.01208	0.00503	0.00503
11	0.01818	0.01818	0.02545	0.02181	0.02181	0.02545	0.01818	0.01999	0.01272	0.01999	0.01091	0.01818	0.01091	0.01454	0.02726	0.00364	0.69284	0.00727	0.00364	0.00909
12	0.10086	0.63942	0.04022	0.01387	0.02077	0.03137	0.01366	0.02483	0.01659	0.02142	0.01155	0.01334	0.01049	0.00717	0.00531	0.00186	0.00862	0.00445	0.00372	0.01049
13	0.01108	0.00847	0.01017	0.00974	0.01200	0.00755	0.00731	0.01437	0.02192	0.02953	0.45401	0.06829	0.27858	0.01840	0.00981	0.00268	0.00402	0.01590	0.00865	0.00755
14	0.02803	0.15772	0.09201	0.02038	0.02596	0.49605	0.01721	0.03103	0.02177	0.02080	0.01282	0.01495	0.01068	0.00824	0.00715	0.00213	0.01364	0.00527	0.00408	0.01008
15	0.01208	0.00805	0.00906	0.00906	0.00906	0.00805	0.00503	0.01208	0.01208	0.01611	0.02618	0.05436	0.03020	0.70804	0.04228	0.00805	0.00805	0.01208	0.00503	0.00503
16	0.01074	0.00837	0.00989	0.01013	0.01220	0.00732	0.00731	0.01311	0.01886	0.02471	0.19507	0.28107	0.29065	0.02103	0.00989	0.00287	0.00445	0.01835	0.00789	0.04611
17	0.01614	0.10572	0.16933	0.09202	0.09837	0.01764	0.05352	0.02206	0.04360	0.02350	0.02634	0.03017	0.10095	0.02042	0.13993	0.00468	0.01220	0.00865	0.00461	0.01016

[dist]
# distance from previous block
# <min> <max>
0	1

[block]
# block no. 3 follows, 22 sequences, length 84
# corresponding to MSA columns:
# 148-231
name=unknown_D
#
# <colnr> <probs for GDERKNQSTAVLIFYWHMCP>
#	G	D	E	R	K	N	Q	S	T	A	V	L	I	F	Y	W	H	M	C	P
0	0.02001	0.30221	0.20885	0.02632	0.13275	0.02506	0.12553	0.02566	0.01786	0.02381	0.01402	0.01719	0.01137	0.00735	0.00726	0.00229	0.01083	0.00630	0.00374	0.01159
1	0.02068	0.02160	0.02633	0.03567	0.38239	0.15823	0.01948	0.02455	0.02029	0.02556	0.07635	0.03060	0.10232	0.01024	0.00841	0.00245	0.00974	0.00892	0.00504	0.01115
2	0.01976	0.14617	0.25526	0.03143	0.23716	0.05147	0.05399	0.02575	0.01797	0.02482	0.01434	0.01798	0.01155	0.00797	0.00878	0.00248	0.05091	0.00648	0.00379	0.01194
3	0.01086	0.00785	0.00957	0.01045	0.01178	0.00744	0.00734	0.01281	0.01631	0.02188	0.05028	0.35207	0.20661	0.06865	0.09480	0.00462	0.00694	0.01802	0.07485	0.00689
4	0.00982	0.00842	0.00842	0.00842	0.01122	0.00701	0.00631	0.01192	0.01894	0.02244	0.08416	0.07995	0.65285	0.02104	0.00982	0.00281	0.00421	0.01753	0.00771	0.00701
5	0.02221	0.71304	0.04353	0.01421	0.02132	0.03287	0.01421	0.02488	0.01688	0.01955	0.01155	0.01333	0.01066	0.00711	0.00533	0.00178	0.00888	0.00444	0.00355	0.01066
6	0.01916	0.01896	0.02967	0.03364	0.26730	0.02305	0.04779	0.02241	0.01541	0.02304	0.01299	0.01928	0.01185	0.01146	0.01915	0.00315	0.39966	0.00743	0.00384	0.01075
7	0.00982	0.00842	0.00842	0.00842	0.01122	0.00701	0.00631	0.01192	0.01894	0.02244	0.08416	0.07995	0.65285	0.02104	0.00982	0.00281	0.00421	0.01753	0.00771	0.00701
8	0.01208	0.00805	0.00906	0.00906	0.00906	0.00805	0.00503	0.01208	0.01208	0.01611	0.02618	0.05436	0.03020	0.70804	0.04228	0.00805	0.00805	0.01208	0.00503	0.00503
9	0.01012	0.00723	0.00964	0.01157	0.01205	0.00675	0.00771	0.01157	0.01591	0.02121	0.04579	0.70262	0.05495	0.02603	0.01060	0.00337	0.00482	0.02362	0.00771	0.00675
10	0.01012	0.00723	0.00964	0.01157	0.01205	0.00675	0.00771	0.01157	0.01591	0.02121	0.04579	0.70262	0.05495	0.02603	0.01060	0.00337	0.00482	0.02362	0.00771	0.00675
11	0.02066	0.01785	0.01878	0.01691	0.02160	0.02066	0.01315	0.04414	0.64121	0.03475	0.03381	0.03099	0.02536	0.01127	0.00845	0.00282	0.00657	0.00939	0.00845	0.01315
12	0.02241	0.01198	0.01419	0.01212	0.01664	0.01092	0.00961	0.02777	0.10261	0.28410	0.05665	0.05251	0.31337	0.01538	0.00904	0.00271	0.00568	0.01273	0.00886	0.01072
13	0.02799	0.02275	0.03091	0.02550	0.08856	0.02418	0.14731	0.44325	0.03301	0.04449	0.01887	0.02053	0.01371	0.00910	0.00862	0.00256	0.01025	0.00797	0.00704	0.01341
14	0.02066	0.01785	0.01878	0.01691	0.02160	0.02066	0.01315	0.04414	0.64121	0.03475	0.03381	0.03099	0.02536	0.01127	0.00845	0.00282	0.00657	0.00939	0.00845	0.01315
15	0.03108	0.03807	0.02367	0.02119	0.02569	0.61394	0.01603	0.08891	0.02499	0.02333	0.01351	0.01545	0.01102	0.00869	0.00757	0.00217	0.01443	0.00555	0.00466	0.01005
16	0.01914	0.01738	0.02227	0.02737	0.24385	0.08226	0.01616	0.09072	0.02144	0.02885	0.15453	0.03236	0.02910	0.04865	0.12475	0.00458	0.01108	0.00930	0.00579	0.01044
17	0.01012	0.00723	0.00964	0.01157	0.01205	0.00675	0.00771	0.01157	0.01591	0.02121	0.04579	0.70262	0.05495	0.02603	0.01060	0.00337	0.00482	0.02362	0.00771	0.00675
18	0.01187	0.00890	0.01335	0.01335	0.01483	0.01038	0.01038	0.01483	0.01335	0.01928	0.02225	0.03264	0.02077	0.06231	0.67512	0.01335	0.02225	0.00890	0.00445	0.00742
19	0.01730	0.11960	0.59393	0.02260	0.03428	0.02085	0.02881	0.02614	0.01746	0.02554	0.01452	0.01706	0.01054	0.00780	0.00760	0.00253	0.01189	0.00594	0.00351	0.01209
20	0.01569	0.01477	0.02492	0.68808	0.05722	0.01846	0.02307	0.02123	0.01661	0.02123	0.01477	0.02215	0.01107	0.00831	0.00831	0.00277	0.01107	0.00738	0.00369	0.00923
21	0.01012	0.00723	0.00964	0.01157	0.01205	0.00675	0.00771	0.01157	0.01591	0.02121	0.04579	0.70262	0.05495	0.02603	0.01060	0.00337	0.00482	0.02362	0.00771	0.00675
22	0.01666	0.04297	0.66500	0.02368	0.03596	0.01929	0.03069	0.02631	0.01754	0.02631	0.01491	0.01754	0.01052	0.00789	0.00789	0.00263	0.01228	0.00614	0.00351	0.01228
23	0.02107	0.02070	0.03322	0.04955	0.62554	0.05161	0.02504	0.02587	0.01914	0.02681	0.01549	0.02029	0.01304	0.00746	0.00819	0.00245	0.01012	0.00730	0.00412	0.01299
24	0.01569	0.01477	0.02492	0.68808	0.05722	0.01846	0.02307	0.02123	0.01661	0.02123	0.01477	0.02215	0.01107	0.00831	0.00831	0.00277	0.01107	0.00738	0.00369	0.00923
25	0.03106	0.03887	0.02360	0.02130	0.02569	0.64581	0.01604	0.05967	0.02423	0.02176	0.01316	0.01520	0.01085	0.00862	0.00753	0.00216	0.01472	0.00545	0.00446	0.00983
26	0.01187	0.00890	0.01335	0.01335	0.01483	0.01038	0.01038	0.01483	0.01335	0.01928	0.02225	0.03264	0.02077	0.06231	0.67512	0.01335	0.02225	0.00890	0.00445	0.00742
27	0.02487	0.02032	0.02197	0.05861	0.05600	0.05473	0.01523	0.21627	0.33651	0.06481	0.02655	0.02573	0.01962	0.01034	0.00834	0.00266	0.00821	0.00836	0.00779	0.01308
28	0.01903	0.02374	0.14897	0.04025	0.37295	0.01916	0.15593	0.02505	0.01864	0.02652	0.01756	0.06134	0.01507	0.00852	0.00865	0.00262	0.01090	0.00867	0.00424	0.01219
29	0.01952	0.15208	0.50086	0.02127	0.03213	0.02090	0.02621	0.02740	0.01801	0.08469	0.01602	0.01784	0.01149	0.00799	0.00751	0.00248	0.01122	0.00606	0.00415	0.01218
30	0.02056	0.01974	0.03372	0.05099	0.65622	0.01974	0.02550	0.02550	0.01892	0.02714	0.01563	0.02056	0.01316	0.00740	0.00822	0.00247	0.00987	0.00740	0.00411	0.01316
31	0.00982	0.00842	0.00842	0.00842	0.01122	0.00701	0.00631	0.01192	0.01894	0.02244	0.08416	0.07995	0.65285	0.02104	0.00982	0.00281	0.00421	0.01753	0.00771	0.00701
32	0.02057	0.01963	0.03285	0.04900	0.61911	0.01979	0.02477	0.02659	0.05531	0.02759	0.01669	0.02117	0.01387	0.00763	0.00824	0.00249	0.00968	0.00752	0.00437	0.01316
33	0.03103	0.03959	0.02354	0.02140	0.02568	0.67469	0.01605	0.03317	0.02354	0.02033	0.01284	0.01498	0.01070	0.00856	0.00749	0.00214	0.01498	0.00535	0.00428	0.00963
34	0.03103	0.03959	0.02354	0.02140	0.02568	0.67469	0.01605	0.03317	0.02354	0.02033	0.01284	0.01498	0.01070	0.00856	0.00749	0.00214	0.01498	0.00535	0.00428	0.00963
35	0.00991	0.00842	0.00855	0.00852	0.01128	0.00705	0.00639	0.01211	0.01916	0.02297	0.11199	0.07907	0.62469	0.02084	0.00982	0.00280	0.00419	0.01741	0.00778	0.00705
36	0.01666	0.04297	0.66500	0.02368	0.03596	0.01929	0.03069	0.02631	0.01754	0.02631	0.01491	0.01754	0.01052	0.00789	0.00789	0.00263	0.01228	0.00614	0.00351	0.01228
37	0.01549	0.00774	0.00774	0.00774	0.00968	0.00774	0.00581	0.01936	0.01742	0.03097	0.02710	0.03097	0.02129	0.00968	0.00581	0.00194	0.00387	0.00774	0.75416	0.00774
38	0.01666	0.04297	0.66500	0.02368	0.03596	0.01929	0.03069	0.02631	0.01754	0.02631	0.01491	0.01754	0.01052	0.00789	0.00789	0.00263	0.01228	0.00614	0.00351	0.01228
39	0.00982	0.00842	0.00842	0.00842	0.01122	0.00701	0.00631	0.01192	0.01894	0.02244	0.08416	0.07995	0.65285	0.02104	0.00982	0.00281	0.00421	0.01753	0.00771	0.00701
40	0.01208	0.00805	0.00906	0.00906	0.00906	0.00805	0.00503	0.01208	0.01208	0.01611	0.02618	0.05436	0.03020	0.70804	0.04228	0.00805	0.00805	0.01208	0.00503	0.00503
41	0.01961	0.02241	0.04902	0.03501	0.04342	0.02101	0.62605	0.02661	0.01961	0.02661	0.01681	0.02241	0.01261	0.00700	0.00980	0.00280	0.01401	0.00980	0.00420	0.01120
42	0.01278	0.00956	0.01198	0.01119	0.01346	0.00931	0.00845	0.01893	0.09415	0.03348	0.58116	0.05850	0.07232	0.01633	0.00964	0.00264	0.00422	0.01438	0.00907	0.00845
43	0.00982	0.00842	0.00842	0.00842	0.01122	0.00701	0.00631	0.01192	0.01894	0.02244	0.08416	0.07995	0.65285	0.02104	0.00982	0.00281	0.00421	0.01753	0.00771	0.00701
44	0.02056	0.01974	0.03372	0.05099	0.65622	0.01974	0.02550	0.02550	0.01892	0.02714	0.01563	0.02056	0.01316	0.00740	0.00822	0.00247	0.00987	0.00740	0.00411	0.01316
45	0.01666	0.04297	0.66500	0.02368	0.03596	0.01929	0.03069	0.02631	0.01754	0.02631	0.01491	0.01754	0.01052	0.00789	0.00789	0.00263	0.01228	0.00614	0.00351	0.01228
46	0.02221	0.71304	0.04353	0.01421	0.02132	0.03287	0.01421	0.02488	0.01688	0.01955	0.01155	0.01333	0.01066	0.00711	0.00533	0.00178	0.00888	0.00444	0.00355	0.01066
47	0.00982	0.00842	0.00842	0.00842	0.01122	0.00701	0.00631	0.01192	0.01894	0.02244	0.08416	0.07995	0.65285	0.02104	0.00982	0.00281	0.00421	0.01753	0.00771	0.00701
48	0.01022	0.00727	0.00961	0.01144	0.01190	0.00681	0.00758	0.01159	0.01571	0.02095	0.04480	0.66984	0.05369	0.06051	0.01221	0.00361	0.00498	0.02303	0.00758	0.00666
49	0.01982	0.21255	0.30534	0.01934	0.02794	0.05400	0.02116	0.03084	0.17797	0.02642	0.01879	0.01977	0.01438	0.00859	0.00734	0.00243	0.01005	0.00649	0.00483	0.01195
50	0.01954	0.02010	0.02111	0.01883	0.02040	0.16064	0.01500	0.04487	0.01622	0.02098	0.01534	0.02293	0.01443	0.05525	0.19493	0.00604	0.31290	0.00750	0.00423	0.00879
51	0.01197	0.00849	0.01126	0.01126	0.01203	0.00925	0.00778	0.01350	0.01273	0.01774	0.02416	0.04321	0.02536	0.37642	0.36728	0.01077	0.01535	0.01045	0.00473	0.00626
52	0.02085	0.23155	0.23609	0.01810	0.02646	0.13311	0.01894	0.02591	0.01830	0.02348	0.01355	0.01581	0.01097	0.00741	0.00671	0.00200	0.01044	0.00525	0.00396	0.17113
53	0.02492	0.50586	0.03738	0.01643	0.02266	0.23032	0.01478	0.02743	0.01893	0.01979	0.01195	0.01384	0.01067	0.00755	0.00600	0.00189	0.01076	0.00472	0.00378	0.01034
54	0.02111	0.02450	0.19644	0.01752	0.02562	0.01762	0.01728	0.13554	0.12716	0.06104	0.01976	0.02062	0.01472	0.00836	0.00750	0.00217	0.00848	0.00662	0.00598	0.26195
55	0.02945	0.02944	0.02326	0.01973	0.02501	0.30743	0.01545	0.26830	0.13638	0.03537	0.01925	0.01969	0.01458	0.00958	0.00798	0.00240	0.01124	0.00688	0.00658	0.01200
56	0.01010	0.00843	0.00881	0.00871	0.01139	0.00713	0.00654	0.01247	0.01961	0.02403	0.16716	0.07733	0.56885	0.02045	0.00982	0.00278	0.00417	0.01717	0.00792	0.00713
57	0.01166	0.00788	0.00918	0.00960	0.00970	0.00777	0.00561	0.01197	0.01290	0.01720	0.03037	0.19310	0.03550	0.56208	0.03550	0.00705	0.00736	0.01455	0.00561	0.00540
58	0.01829	0.20169	0.06271	0.02048	0.02575	0.02193	0.16823	0.02373	0.05486	0.02557	0.15222	0.02814	0.02664	0.01070	0.01131	0.00262	0.12087	0.00890	0.00522	0.01015
59	0.01666	0.04297	0.66500	0.02368	0.03596	0.01929	0.03069	0.02631	0.01754	0.02631	0.01491	0.01754	0.01052	0.00789	0.00789	0.00263	0.01228	0.00614	0.00351	0.01228
60	0.01006	0.00748	0.00938	0.01089	0.01187	0.00680	0.00741	0.01164	0.01655	0.02147	0.05400	0.56936	0.18291	0.02496	0.01044	0.00325	0.00469	0.02231	0.00771	0.00680
61	0.11578	0.03501	0.44654	0.02445	0.03495	0.01958	0.15615	0.02613	0.01754	0.02781	0.01488	0.01806	0.01077	0.00768	0.00794	0.00266	0.01188	0.00671	0.00387	0.01162
62	0.03103	0.03959	0.02354	0.02140	0.02568	0.67469	0.01605	0.03317	0.02354	0.02033	0.01284	0.01498	0.01070	0.00856	0.00749	0.00214	0.01498	0.00535	0.00428	0.00963
63	0.03064	0.06940	0.02443	0.02108	0.02549	0.64628	0.01597	0.03281	0.02325	0.02030	0.01278	0.01491	0.01070	0.00850	0.00740	0.00212	0.01471	0.00531	0.00425	0.00968
64	0.02393	0.48841	0.03639	0.01607	0.02229	0.16980	0.01449	0.02887	0.08971	0.02145	0.01437	0.01570	0.01235	0.00790	0.00615	0.00197	0.00993	0.00520	0.00427	0.01072
65	0.01111	0.00794	0.01078	0.01270	0.01362	0.00760	0.00944	0.01328	0.01688	0.02232	0.04524	0.51750	0.05278	0.02509	0.01087	0.00351	0.00568	0.19894	0.00769	0.00702
66	0.01824	0.07343	0.36726	0.02794	0.03827	0.02082	0.28238	0.02635	0.01838	0.02604	0.01552	0.01936	0.01141	0.00747	0.00855	0.00265	0.01281	0.00759	0.00380	0.01173
67	0.02017	0.17125	0.04784	0.03053	0.03866	0.02357	0.49419	0.02624	0.01902	0.02509	0.01567	0.02045	0.01219	0.00703	0.00884	0.00258	0.01290	0.00865	0.00406	0.01109
68	0.01395	0.01196	0.01734	0.01614	0.01714	0.01535	0.01295	0.01654	0.01314	0.01952	0.01851	0.02787	0.01751	0.04655	0.46141	0.01015	0.24346	0.00836	0.00418	0.00797
69	0.01905	0.33079	0.39806	0.01961	0.02967	0.02513	0.02362	0.02569	0.01726	0.02340	0.01347	0.01573	0.01058	0.00756	0.00679	0.00226	0.01082	0.00541	0.00353	0.01158
70	0.02513	0.06546	0.02923	0.03254	0.28776	0.13438	0.01980	0.18104	0.05118	0.03189	0.01653	0.01934	0.01324	0.00879	0.00899	0.00246	0.04748	0.00697	0.00534	0.01243
71	0.03103	0.03959	0.02354	0.02140	0.02568	0.67469	0.01605	0.03317	0.02354	0.02033	0.01284	0.01498	0.01070	0.00856	0.00749	0.00214	0.01498	0.00535	0.00428	0.00963
72	0.01010	0.00767	0.00931	0.01050	0.01180	0.00688	0.00727	0.01188	0.01724	0.02217	0.08664	0.47141	0.24918	0.02399	0.01031	0.00315	0.00458	0.02125	0.00778	0.00688
73	0.02562	0.10327	0.03534	0.02446	0.03121	0.09146	0.22850	0.25877	0.02686	0.03476	0.01672	0.01945	0.01269	0.00869	0.00934	0.00254	0.04492	0.00771	0.00569	0.01200
74	0.01163	0.00862	0.00973	0.00989	0.01116	0.00828	0.00654	0.01413	0.05229	0.02119	0.09820	0.17078	0.20200	0.31191	0.02362	0.00511	0.00605	0.01557	0.00674	0.00656
75	0.01004	0.00842	0.00872	0.00865	0.01136	0.00711	0.00649	0.01235	0.01946	0.02369	0.14907	0.07790	0.58716	0.02058	0.00982	0.00278	0.00417	0.01725	0.00788	0.00711
76	0.02036	0.02031	0.03702	0.04755	0.52415	0.02001	0.15492	0.02574	0.01907	0.02703	0.01588	0.02096	0.01304	0.00732	0.00856	0.00254	0.01076	0.00792	0.00413	0.01274
77	0.21371	0.02242	0.02476	0.03058	0.28593	0.13141	0.01799	0.08767	0.05688	0.03152	0.01561	0.01836	0.01249	0.00816	0.00734	0.00246	0.00959	0.00644	0.00508	0.01159
78	0.01443	0.00722	0.01082	0.01082	0.01082	0.00722	0.00722	0.01082	0.01082	0.01443	0.01443	0.02525	0.01443	0.02886	0.03247	0.75830	0.00722	0.00722	0.00361	0.00361
79	0.01106	0.00846	0.01014	0.00972	0.01198	0.00754	0.00729	0.01433	0.02188	0.02942	0.44852	0.06846	0.28413	0.01844	0.00981	0.00268	0.00402	0.01592	0.00863	0.00754
80	0.01186	0.00959	0.01305	0.01377	0.01415	0.01078	0.00997	0.01338	0.01522	0.02095	0.03827	0.55511	0.04545	0.02355	0.01419	0.00343	0.15310	0.02009	0.00683	0.00725
81	0.03223	0.02223	0.02429	0.01862	0.02524	0.02421	0.01538	0.56128	0.03731	0.12207	0.02141	0.02090	0.01486	0.01001	0.00832	0.00250	0.00890	0.00758	0.00854	0.01413
82	0.01596	0.01369	0.01434	0.01397	0.01549	0.12424	0.01040	0.01678	0.01434	0.01799	0.01825	0.02734	0.01710	0.04285	0.36436	0.23789	0.01642	0.00777	0.00416	0.00664
83	0.05188	0.01002	0.01215	0.04285	0.01601	0.00944	0.00938	0.01829	0.01967	0.10906	0.16245	0.06474	0.26656	0.05918	0.01155	0.00321	0.00577	0.11167	0.00782	0.00829

[dist]
# distance from previous block
# <min> <max>
0	8

# created by:
# /home/cegg/simao/soft/augustus-3.2.1/scripts/msa2prfl.pl ./align_prep/12895.fa
