[name]
unknown

[dist]
# distance from previous block
# <min> <max>
0	12

[block]
# block no. 0 follows, 21 sequences, length 63
# corresponding to MSA columns:
# 12-74
name=unknown_A
#
# <colnr> <probs for GDERKNQSTAVLIFYWHMCP>
#	G	D	E	R	K	N	Q	S	T	A	V	L	I	F	Y	W	H	M	C	P
0	0.02145	0.01175	0.01587	0.01563	0.01914	0.01136	0.01334	0.02654	0.06221	0.21200	0.04096	0.07185	0.03917	0.01887	0.01060	0.00347	0.00759	0.37934	0.00869	0.01018
1	0.02249	0.09121	0.02298	0.01720	0.02098	0.07830	0.01406	0.20812	0.02329	0.03107	0.01870	0.02419	0.01601	0.04963	0.18179	0.00566	0.11398	0.00767	0.04217	0.01048
2	0.06147	0.16277	0.31634	0.02135	0.02958	0.05383	0.06217	0.02525	0.01737	0.02489	0.01577	0.05649	0.01356	0.00981	0.01013	0.00268	0.09411	0.00725	0.00405	0.01113
3	0.01864	0.01993	0.04111	0.03276	0.10189	0.01879	0.43780	0.02499	0.02078	0.02864	0.13734	0.03056	0.02591	0.00918	0.00987	0.00280	0.01192	0.01081	0.00527	0.01103
4	0.01033	0.00863	0.00900	0.00891	0.01166	0.00730	0.00668	0.01274	0.02004	0.02451	0.16217	0.07940	0.56747	0.02099	0.01006	0.00285	0.00427	0.01761	0.00810	0.00730
5	0.01785	0.01694	0.02873	0.45710	0.26811	0.01937	0.02452	0.02330	0.01786	0.02390	0.01544	0.02211	0.01210	0.00818	0.00848	0.00273	0.01091	0.00757	0.00393	0.01089
6	0.01037	0.00741	0.00987	0.01185	0.01234	0.00691	0.00790	0.01185	0.01629	0.02172	0.04690	0.69537	0.05629	0.02666	0.01086	0.00346	0.00494	0.02419	0.00790	0.00691
7	0.02754	0.01167	0.01529	0.01291	0.01730	0.01040	0.01019	0.03072	0.02177	0.38812	0.07678	0.14084	0.03106	0.01353	0.00854	0.00265	0.00601	0.01147	0.15169	0.01154
8	0.02012	0.24982	0.32117	0.02151	0.03134	0.02428	0.08892	0.06012	0.01923	0.02635	0.01468	0.01727	0.01138	0.00775	0.00739	0.00234	0.01112	0.00616	0.00405	0.05500
9	0.01609	0.01007	0.01266	0.01161	0.01458	0.00929	0.00902	0.02066	0.05299	0.12294	0.39286	0.06196	0.16439	0.01717	0.00985	0.00279	0.00490	0.04792	0.00916	0.00909
10	0.01843	0.02429	0.15359	0.02620	0.03117	0.02280	0.19346	0.02343	0.01605	0.02365	0.01426	0.02046	0.01208	0.01371	0.04964	0.00376	0.33058	0.00805	0.00391	0.01048
11	0.01739	0.08136	0.62230	0.02371	0.03599	0.02055	0.03049	0.02687	0.01793	0.02656	0.01508	0.01772	0.01079	0.00804	0.00794	0.00265	0.01238	0.00619	0.00360	0.01248
12	0.01037	0.00741	0.00987	0.01185	0.01234	0.00691	0.00790	0.01185	0.01629	0.02172	0.04690	0.69537	0.05629	0.02666	0.01086	0.00346	0.00494	0.02419	0.00790	0.00691
13	0.02049	0.01963	0.03350	0.12486	0.57973	0.02007	0.02583	0.02561	0.01910	0.02710	0.01591	0.02125	0.01323	0.00769	0.00843	0.00256	0.01025	0.00758	0.00416	0.01301
14	0.02083	0.01954	0.17604	0.01677	0.02273	0.01257	0.04428	0.02543	0.02003	0.21119	0.07751	0.21217	0.07364	0.01534	0.00934	0.00290	0.00787	0.01340	0.00753	0.01088
15	0.01035	0.00748	0.00980	0.01166	0.01229	0.00693	0.00782	0.01187	0.01647	0.02180	0.04915	0.66024	0.08996	0.02637	0.01082	0.00342	0.00490	0.02384	0.00790	0.00693
16	0.02031	0.01016	0.01273	0.01141	0.01362	0.00947	0.00784	0.02167	0.01704	0.21831	0.06043	0.10092	0.03233	0.39448	0.02807	0.00581	0.00745	0.01230	0.00728	0.00838
17	0.01086	0.00877	0.00978	0.01020	0.01271	0.00769	0.00794	0.01341	0.01957	0.02410	0.11370	0.11779	0.46788	0.02191	0.01040	0.00308	0.00495	0.11993	0.00799	0.00734
18	0.01826	0.03694	0.47181	0.03257	0.21849	0.01990	0.02986	0.02670	0.01839	0.02720	0.01549	0.01889	0.01158	0.00794	0.00819	0.00265	0.01184	0.00667	0.00378	0.01285
19	0.06849	0.04211	0.61230	0.02335	0.03542	0.01972	0.02991	0.02682	0.01773	0.02773	0.01504	0.01768	0.01067	0.00807	0.00789	0.00269	0.01216	0.00617	0.00371	0.01234
20	0.01216	0.00912	0.01368	0.01368	0.01520	0.01064	0.01064	0.01520	0.01368	0.01976	0.02279	0.03343	0.02127	0.06382	0.66720	0.01368	0.02279	0.00912	0.00456	0.00760
21	0.02657	0.03591	0.12801	0.02692	0.10702	0.39510	0.06698	0.03199	0.05706	0.02403	0.01540	0.01802	0.01226	0.00855	0.00808	0.00241	0.01368	0.00647	0.00448	0.01108
22	0.01707	0.04402	0.65683	0.02426	0.03683	0.01976	0.03144	0.02695	0.01797	0.02695	0.01527	0.01797	0.01078	0.00809	0.00809	0.00270	0.01258	0.00629	0.00359	0.01258
23	0.01216	0.00912	0.01368	0.01368	0.01520	0.01064	0.01064	0.01520	0.01368	0.01976	0.02279	0.03343	0.02127	0.06382	0.66720	0.01368	0.02279	0.00912	0.00456	0.00760
24	0.01021	0.00803	0.00923	0.01020	0.01191	0.00705	0.00717	0.01204	0.01788	0.02237	0.06703	0.38119	0.35747	0.02404	0.01045	0.00316	0.00462	0.02100	0.00790	0.00705
25	0.02222	0.02241	0.03342	0.04897	0.58096	0.08979	0.02508	0.02696	0.01989	0.02705	0.01570	0.02045	0.01321	0.00771	0.00834	0.00249	0.01067	0.00736	0.00423	0.01309
26	0.01047	0.00745	0.00985	0.01172	0.01219	0.00698	0.00776	0.01188	0.01610	0.02147	0.04592	0.66390	0.05504	0.05983	0.01246	0.00369	0.00510	0.02361	0.00776	0.00683
27	0.01135	0.00854	0.01050	0.01029	0.01236	0.00769	0.00761	0.01462	0.02205	0.02993	0.43611	0.13483	0.22403	0.01945	0.01013	0.00281	0.00419	0.01698	0.00883	0.00769
28	0.01949	0.01880	0.03258	0.24322	0.43739	0.01988	0.05527	0.02484	0.01869	0.02592	0.01580	0.02165	0.01280	0.00784	0.00853	0.00264	0.01070	0.00770	0.00409	0.01215
29	0.02914	0.03540	0.02345	0.02120	0.02535	0.51693	0.01611	0.03489	0.12281	0.02322	0.01653	0.01825	0.01343	0.00965	0.00923	0.00241	0.06024	0.00629	0.00504	0.01042
30	0.01900	0.01111	0.01353	0.01209	0.01569	0.01032	0.00935	0.02441	0.09038	0.18622	0.23518	0.09978	0.20519	0.01675	0.00957	0.00279	0.00527	0.01431	0.00910	0.00996
31	0.01707	0.04402	0.65683	0.02426	0.03683	0.01976	0.03144	0.02695	0.01797	0.02695	0.01527	0.01797	0.01078	0.00809	0.00809	0.00270	0.01258	0.00629	0.00359	0.01258
32	0.06117	0.00819	0.00981	0.01098	0.01216	0.00790	0.00758	0.01355	0.01624	0.02344	0.04409	0.45851	0.10901	0.02333	0.01173	0.06504	0.00508	0.01911	0.08613	0.00694
33	0.01497	0.01395	0.02587	0.02113	0.02484	0.01479	0.20411	0.01927	0.01569	0.02218	0.02050	0.02944	0.01816	0.04360	0.42942	0.00979	0.04960	0.00934	0.00444	0.00891
34	0.01609	0.01569	0.02897	0.02315	0.02699	0.01711	0.23205	0.02044	0.01590	0.02260	0.01887	0.02721	0.01659	0.03526	0.32411	0.00813	0.12805	0.00918	0.00433	0.00929
35	0.01992	0.05910	0.13360	0.03286	0.07578	0.02177	0.42880	0.02827	0.06078	0.02745	0.01777	0.02227	0.01342	0.00763	0.00935	0.00277	0.01308	0.00907	0.00446	0.01186
36	0.02073	0.01988	0.03394	0.09398	0.60868	0.02013	0.02595	0.02583	0.01922	0.02740	0.01595	0.02117	0.01334	0.00764	0.00843	0.00255	0.01019	0.00758	0.00418	0.01321
37	0.01092	0.00780	0.01050	0.01247	0.01321	0.00738	0.00885	0.01279	0.01683	0.02234	0.04660	0.59738	0.05509	0.02615	0.01101	0.00353	0.00541	0.11679	0.00789	0.00706
38	0.01953	0.02646	0.16364	0.03460	0.10631	0.02131	0.40653	0.02668	0.01919	0.02687	0.01636	0.02154	0.01246	0.00784	0.01053	0.00285	0.05249	0.00891	0.00412	0.01178
39	0.01260	0.01093	0.01709	0.01566	0.01825	0.01029	0.11230	0.01650	0.05329	0.02372	0.04865	0.42383	0.16004	0.02146	0.01044	0.00321	0.00653	0.01973	0.00733	0.00813
40	0.03185	0.03877	0.02427	0.02167	0.02632	0.59822	0.01641	0.09665	0.02582	0.02434	0.01393	0.01589	0.01134	0.00892	0.00776	0.00223	0.01471	0.00571	0.00483	0.01036
41	0.01478	0.00739	0.01109	0.01109	0.01109	0.00739	0.00739	0.01109	0.01109	0.01478	0.01478	0.02587	0.01478	0.02956	0.03326	0.75240	0.00739	0.00739	0.00370	0.00370
42	0.02247	0.10999	0.02381	0.04459	0.11774	0.01890	0.01409	0.16568	0.02216	0.08728	0.02148	0.03085	0.01923	0.19871	0.06296	0.00477	0.00995	0.00867	0.00602	0.01067
43	0.02106	0.02022	0.03454	0.05223	0.64784	0.02022	0.02612	0.02612	0.01938	0.02780	0.01601	0.02106	0.01348	0.00758	0.00842	0.00253	0.01011	0.00758	0.00421	0.01348
44	0.01238	0.00825	0.00928	0.00928	0.00928	0.00825	0.00516	0.01238	0.01238	0.01650	0.02681	0.05569	0.03094	0.70092	0.04331	0.00825	0.00825	0.01238	0.00516	0.00516
45	0.01862	0.01862	0.02607	0.02234	0.02234	0.02607	0.01862	0.02048	0.01303	0.02048	0.01117	0.01862	0.01117	0.01489	0.02793	0.00372	0.68535	0.00745	0.00372	0.00931
46	0.01037	0.00741	0.00987	0.01185	0.01234	0.00691	0.00790	0.01185	0.01629	0.02172	0.04690	0.69537	0.05629	0.02666	0.01086	0.00346	0.00494	0.02419	0.00790	0.00691
47	0.01238	0.00825	0.00928	0.00928	0.00928	0.00825	0.00516	0.01238	0.01238	0.01650	0.02681	0.05569	0.03094	0.70092	0.04331	0.00825	0.00825	0.01238	0.00516	0.00516
48	0.01216	0.00912	0.01368	0.01368	0.01520	0.01064	0.01064	0.01520	0.01368	0.01976	0.02279	0.03343	0.02127	0.06382	0.66720	0.01368	0.02279	0.00912	0.00456	0.00760
49	0.01774	0.03931	0.52120	0.02685	0.03854	0.02016	0.16235	0.02702	0.01844	0.02702	0.01571	0.01908	0.01126	0.00788	0.00852	0.00273	0.01297	0.00713	0.00375	0.01233
50	0.01892	0.02036	0.04013	0.02959	0.03615	0.02017	0.41519	0.02450	0.01844	0.02584	0.01808	0.06817	0.01560	0.00966	0.01257	0.00288	0.12025	0.01008	0.00454	0.08886
51	0.03083	0.03564	0.02344	0.02092	0.02561	0.51828	0.01590	0.07456	0.09836	0.05213	0.01710	0.01825	0.01344	0.00928	0.00789	0.00232	0.01356	0.00626	0.00544	0.01080
52	0.31851	0.02260	0.12740	0.03113	0.29359	0.01969	0.02018	0.02581	0.01717	0.03184	0.01421	0.01764	0.01132	0.00779	0.00710	0.00260	0.00909	0.00617	0.00454	0.01161
53	0.02244	0.02288	0.02114	0.02361	0.14032	0.23461	0.01495	0.08709	0.02146	0.02519	0.02325	0.17637	0.02381	0.06072	0.01274	0.05284	0.01031	0.01100	0.00561	0.00965
54	0.02810	0.35996	0.03327	0.01655	0.02305	0.13178	0.01460	0.09443	0.05193	0.14454	0.01819	0.01843	0.01396	0.00866	0.00689	0.00217	0.00968	0.00604	0.00583	0.01193
55	0.01840	0.08782	0.01915	0.01392	0.01913	0.01716	0.01122	0.06780	0.24441	0.03024	0.04150	0.03995	0.18836	0.01271	0.00824	0.00244	0.00642	0.01033	0.00722	0.15359
56	0.01501	0.01165	0.01586	0.01351	0.01588	0.01116	0.07197	0.05698	0.01618	0.02216	0.02606	0.11354	0.02833	0.42139	0.02932	0.00591	0.00838	0.01216	0.00558	0.09897
57	0.21175	0.02582	0.21214	0.02557	0.16911	0.01904	0.02059	0.06837	0.01953	0.09310	0.01670	0.01885	0.01235	0.00822	0.00743	0.00256	0.00943	0.00641	0.00525	0.04778
58	0.01671	0.01501	0.01926	0.08797	0.02297	0.05970	0.01461	0.05898	0.01635	0.02248	0.01852	0.02683	0.01676	0.03947	0.36268	0.00873	0.17139	0.00823	0.00454	0.00880
59	0.02154	0.02218	0.06314	0.01960	0.04558	0.14258	0.01567	0.12744	0.02077	0.02712	0.01802	0.02477	0.01584	0.06923	0.16431	0.00561	0.14334	0.00777	0.03551	0.00998
60	0.02506	0.02038	0.09302	0.02981	0.25061	0.01767	0.01947	0.12507	0.02385	0.17550	0.06499	0.07190	0.02254	0.01072	0.00871	0.00265	0.00883	0.00935	0.00690	0.01296
61	0.01720	0.06815	0.18244	0.13286	0.03203	0.01849	0.08796	0.02514	0.08689	0.02626	0.02705	0.02981	0.09026	0.01060	0.00943	0.00271	0.04881	0.00885	0.08450	0.01057
62	0.07114	0.02603	0.12599	0.07426	0.33849	0.12500	0.02305	0.02663	0.01974	0.02724	0.05102	0.02169	0.01606	0.00849	0.00813	0.00253	0.01083	0.00728	0.00449	0.01192

[dist]
# distance from previous block
# <min> <max>
6	38

[block]
# block no. 1 follows, 21 sequences, length 35
# corresponding to MSA columns:
# 126-160
name=unknown_B
#
# <colnr> <probs for GDERKNQSTAVLIFYWHMCP>
#	G	D	E	R	K	N	Q	S	T	A	V	L	I	F	Y	W	H	M	C	P
0	0.02258	0.02015	0.02995	0.08072	0.40542	0.02129	0.02223	0.12434	0.12589	0.03288	0.01980	0.02287	0.01561	0.00873	0.00848	0.00261	0.00950	0.00794	0.00563	0.01338
1	0.02259	0.10776	0.03171	0.08884	0.14363	0.18929	0.09449	0.02623	0.01896	0.02288	0.01522	0.04580	0.01356	0.00996	0.01166	0.00268	0.13230	0.00763	0.00422	0.01060
2	0.01984	0.01526	0.01920	0.05705	0.14744	0.01578	0.01389	0.17944	0.02444	0.03398	0.03780	0.03899	0.17828	0.01245	0.00834	0.00252	0.00715	0.01036	0.16709	0.01070
3	0.05582	0.02515	0.10139	0.05570	0.07706	0.18362	0.01695	0.06684	0.02256	0.16710	0.05416	0.06495	0.04977	0.01109	0.00840	0.00259	0.01014	0.00881	0.00652	0.01139
4	0.14067	0.01582	0.01494	0.04504	0.01870	0.08841	0.01094	0.07598	0.01982	0.02753	0.04288	0.04415	0.25301	0.02249	0.11274	0.00445	0.03638	0.01103	0.00623	0.00878
5	0.01317	0.01061	0.01562	0.01504	0.01632	0.01306	0.01189	0.01603	0.01358	0.01987	0.02097	0.03111	0.01969	0.05615	0.56690	0.01212	0.12675	0.00886	0.00443	0.00787
6	0.02577	0.08052	0.10584	0.01710	0.02338	0.02132	0.01547	0.32563	0.02875	0.07340	0.02125	0.02541	0.01678	0.09348	0.01216	0.00315	0.00897	0.00787	0.08160	0.01213
7	0.02820	0.26494	0.03113	0.01873	0.02456	0.30238	0.01559	0.13369	0.05792	0.02708	0.01515	0.01655	0.01238	0.00866	0.00711	0.00217	0.01169	0.00577	0.00508	0.01123
8	0.01216	0.00912	0.01368	0.01368	0.01520	0.01064	0.01064	0.01520	0.01368	0.01976	0.02279	0.03343	0.02127	0.06382	0.66720	0.01368	0.02279	0.00912	0.00456	0.00760
9	0.02006	0.02455	0.11834	0.04018	0.25454	0.02085	0.33929	0.02682	0.01958	0.02741	0.01656	0.02169	0.01285	0.00743	0.00924	0.00273	0.01265	0.00873	0.00419	0.01231
10	0.03212	0.02514	0.02479	0.01953	0.02595	0.10313	0.01590	0.49347	0.06240	0.08063	0.02085	0.02075	0.01488	0.01011	0.00842	0.00253	0.00987	0.00753	0.00813	0.01387
11	0.01006	0.00862	0.00862	0.00862	0.01149	0.00718	0.00647	0.01221	0.01940	0.02299	0.08621	0.08190	0.64438	0.02155	0.01006	0.00287	0.00431	0.01796	0.00790	0.00718
12	0.01707	0.04402	0.65683	0.02426	0.03683	0.01976	0.03144	0.02695	0.01797	0.02695	0.01527	0.01797	0.01078	0.00809	0.00809	0.00270	0.01258	0.00629	0.00359	0.01258
13	0.01987	0.24373	0.30584	0.02846	0.18988	0.02421	0.02482	0.02628	0.01812	0.02502	0.01439	0.01742	0.01152	0.00771	0.00736	0.00238	0.01086	0.00608	0.00377	0.01230
14	0.02002	0.52615	0.03661	0.01433	0.02013	0.02773	0.01355	0.02283	0.01636	0.01995	0.01466	0.01876	0.01359	0.02188	0.17627	0.00488	0.01264	0.00573	0.00388	0.01006
15	0.01089	0.00762	0.00972	0.01119	0.01155	0.00726	0.00719	0.01199	0.01528	0.02038	0.04172	0.53025	0.04974	0.20070	0.01924	0.00469	0.00579	0.02114	0.00719	0.00646
16	0.02106	0.02022	0.03454	0.05223	0.64784	0.02022	0.02612	0.02612	0.01938	0.02780	0.01601	0.02106	0.01348	0.00758	0.00842	0.00253	0.01011	0.00758	0.00421	0.01348
17	0.01205	0.00932	0.01043	0.01068	0.01304	0.00869	0.00821	0.01567	0.05230	0.02436	0.09469	0.07561	0.35780	0.10377	0.01421	0.00369	0.00561	0.13200	0.04037	0.00749
18	0.01240	0.01138	0.01056	0.01024	0.01340	0.04551	0.00773	0.01676	0.08157	0.02414	0.07691	0.07311	0.54649	0.01983	0.00978	0.00284	0.00517	0.01642	0.00778	0.00797
19	0.01977	0.02029	0.03789	0.07088	0.29429	0.02093	0.24075	0.02515	0.01850	0.02606	0.01612	0.02208	0.01323	0.01086	0.04051	0.00331	0.09488	0.00853	0.00418	0.01178
20	0.01893	0.02370	0.13545	0.18918	0.20809	0.02029	0.22814	0.02562	0.01885	0.02607	0.01610	0.02160	0.01236	0.00774	0.00894	0.00274	0.01223	0.00822	0.00405	0.01171
21	0.01957	0.01917	0.03405	0.22240	0.41014	0.02002	0.10001	0.02506	0.01882	0.02607	0.01592	0.02175	0.01282	0.00778	0.00865	0.00266	0.01098	0.00789	0.00411	0.01212
22	0.08360	0.07574	0.49014	0.02595	0.10833	0.02054	0.02789	0.02660	0.01779	0.02766	0.01487	0.01774	0.01098	0.00796	0.00773	0.00262	0.01155	0.00620	0.00382	0.01230
23	0.01687	0.01585	0.02541	0.21114	0.32399	0.01650	0.02037	0.02134	0.01874	0.02492	0.03389	0.03721	0.17575	0.01144	0.00887	0.00270	0.00895	0.01026	0.00505	0.01076
24	0.02173	0.02444	0.04002	0.11474	0.15290	0.12840	0.33751	0.02750	0.02026	0.02562	0.01607	0.02131	0.01250	0.00768	0.00917	0.00269	0.01338	0.00853	0.00424	0.01133
25	0.02966	0.03452	0.02418	0.08872	0.02939	0.48059	0.01698	0.11009	0.05937	0.02604	0.01551	0.01768	0.01230	0.00909	0.00792	0.00234	0.01367	0.00621	0.00510	0.01063
26	0.06268	0.14434	0.13248	0.02018	0.02689	0.30815	0.01824	0.13878	0.02446	0.02858	0.01457	0.01637	0.01149	0.00864	0.00742	0.00230	0.01236	0.00583	0.00493	0.01130
27	0.01586	0.00793	0.00793	0.00793	0.00991	0.00793	0.00595	0.01983	0.01785	0.03173	0.02776	0.03173	0.02181	0.00991	0.00595	0.00198	0.00397	0.00793	0.74817	0.00793
28	0.01253	0.00966	0.01439	0.01417	0.01561	0.01152	0.01110	0.01550	0.01364	0.01980	0.02213	0.03258	0.02070	0.06102	0.63052	0.01311	0.06081	0.00902	0.00451	0.00770
29	0.01254	0.00953	0.01382	0.01362	0.01487	0.01119	0.01041	0.01514	0.01348	0.01940	0.02264	0.03532	0.02189	0.13844	0.55642	0.01247	0.05738	0.00942	0.00459	0.00740
30	0.01232	0.00847	0.01042	0.01042	0.01081	0.00887	0.00657	0.01310	0.01271	0.01734	0.02578	0.04994	0.02844	0.53648	0.20435	0.00965	0.01200	0.01153	0.00500	0.00579
31	0.02106	0.02022	0.03454	0.05223	0.64784	0.02022	0.02612	0.02612	0.01938	0.02780	0.01601	0.02106	0.01348	0.00758	0.00842	0.00253	0.01011	0.00758	0.00421	0.01348
32	0.03133	0.01651	0.02350	0.02503	0.18339	0.01574	0.01616	0.03805	0.11009	0.40371	0.02919	0.02732	0.01981	0.00992	0.00854	0.00264	0.00791	0.00846	0.00863	0.01408
33	0.01747	0.01610	0.01614	0.01626	0.05020	0.12952	0.01123	0.01949	0.01588	0.02092	0.02113	0.03442	0.02084	0.23651	0.16065	0.00669	0.09488	0.00905	0.09482	0.00782
34	0.02735	0.20889	0.02962	0.08632	0.02825	0.41246	0.01677	0.03001	0.02120	0.02070	0.01293	0.01578	0.01100	0.00860	0.00800	0.00222	0.04019	0.00553	0.00411	0.01007

[dist]
# distance from previous block
# <min> <max>
0	5

[block]
# block no. 2 follows, 21 sequences, length 71
# corresponding to MSA columns:
# 166-236
name=unknown_C
#
# <colnr> <probs for GDERKNQSTAVLIFYWHMCP>
#	G	D	E	R	K	N	Q	S	T	A	V	L	I	F	Y	W	H	M	C	P
0	0.02445	0.02346	0.02931	0.12329	0.30485	0.12346	0.02172	0.15694	0.02404	0.03123	0.01619	0.02013	0.01291	0.00882	0.00925	0.00258	0.04262	0.00726	0.00510	0.01239
1	0.02540	0.02171	0.02305	0.04939	0.02469	0.10519	0.04420	0.30363	0.02760	0.03570	0.01972	0.02760	0.01714	0.16202	0.01771	0.00388	0.06540	0.00851	0.00642	0.01102
2	0.01150	0.00818	0.00924	0.00960	0.01032	0.00777	0.00594	0.01224	0.01463	0.01887	0.04351	0.17741	0.17039	0.42934	0.03012	0.00620	0.00678	0.01575	0.00626	0.00592
3	0.01043	0.00837	0.00932	0.00965	0.01187	0.00725	0.00702	0.01272	0.01943	0.02441	0.16250	0.21397	0.42911	0.02204	0.01023	0.00297	0.00440	0.01894	0.00813	0.00725
4	0.01078	0.00771	0.01032	0.01186	0.01244	0.00752	0.00801	0.01233	0.01560	0.02100	0.04196	0.55183	0.04945	0.09155	0.09961	0.00522	0.00757	0.02117	0.00722	0.00685
5	0.01832	0.01728	0.02291	0.02008	0.02134	0.02293	0.01642	0.02521	0.14929	0.02371	0.01788	0.02348	0.01577	0.02068	0.10896	0.00487	0.44779	0.00815	0.00492	0.01000
6	0.01539	0.01150	0.01258	0.01188	0.01446	0.01158	0.00865	0.11727	0.06419	0.02804	0.04905	0.19552	0.22189	0.14261	0.01569	0.00388	0.00617	0.01548	0.04568	0.00847
7	0.01272	0.01022	0.01530	0.02073	0.15205	0.00984	0.01190	0.01499	0.01697	0.02306	0.04011	0.54713	0.04687	0.02247	0.01033	0.00325	0.00607	0.02054	0.00709	0.00836
8	0.01980	0.01894	0.03227	0.21055	0.49936	0.01989	0.02549	0.02502	0.01878	0.02628	0.01579	0.02147	0.01294	0.00782	0.00845	0.00261	0.01042	0.00758	0.00410	0.01247
9	0.07017	0.41873	0.12852	0.01740	0.02470	0.16988	0.01713	0.02754	0.01872	0.02236	0.01263	0.01467	0.01080	0.00777	0.00632	0.00208	0.01083	0.00502	0.00390	0.01083
10	0.01120	0.00867	0.01020	0.00982	0.01219	0.00767	0.00736	0.01442	0.02209	0.02939	0.40617	0.07137	0.32043	0.01917	0.01005	0.00276	0.00414	0.01648	0.00874	0.00767
11	0.01890	0.01686	0.01797	0.01410	0.02059	0.04453	0.01111	0.02785	0.17920	0.02926	0.02328	0.02407	0.04389	0.00847	0.00715	0.00180	0.00675	0.00683	0.00609	0.49130
12	0.02626	0.03199	0.02044	0.01932	0.02270	0.49628	0.01424	0.02826	0.02210	0.02106	0.02187	0.19103	0.02267	0.01339	0.00850	0.00252	0.01266	0.01032	0.00529	0.00910
13	0.03605	0.01791	0.02187	0.01677	0.02343	0.01759	0.01385	0.25311	0.03009	0.43400	0.02876	0.02584	0.01865	0.01042	0.00854	0.00260	0.00802	0.00823	0.00979	0.01448
14	0.01186	0.00864	0.01115	0.01063	0.01263	0.00793	0.00793	0.01566	0.02349	0.03296	0.58584	0.09111	0.11222	0.01803	0.01007	0.00272	0.00407	0.01591	0.00922	0.00793
15	0.01707	0.04402	0.65683	0.02426	0.03683	0.01976	0.03144	0.02695	0.01797	0.02695	0.01527	0.01797	0.01078	0.00809	0.00809	0.00270	0.01258	0.00629	0.00359	0.01258
16	0.01055	0.00754	0.01009	0.01206	0.01264	0.00707	0.00822	0.01217	0.01648	0.02193	0.04680	0.66227	0.05588	0.02649	0.01091	0.00348	0.00510	0.05547	0.00790	0.00696
17	0.01216	0.00912	0.01368	0.01368	0.01520	0.01064	0.01064	0.01520	0.01368	0.01976	0.02279	0.03343	0.02127	0.06382	0.66720	0.01368	0.02279	0.00912	0.00456	0.00760
18	0.01028	0.00846	0.00908	0.00952	0.01193	0.00726	0.00705	0.01240	0.01886	0.02288	0.07736	0.19096	0.51291	0.02255	0.01028	0.00302	0.00458	0.04555	0.00790	0.00717
19	0.03102	0.03928	0.02423	0.02195	0.02608	0.62936	0.01657	0.03319	0.02347	0.02081	0.01304	0.01554	0.01097	0.00913	0.00886	0.00228	0.05445	0.00560	0.00435	0.00983
20	0.01006	0.00862	0.00862	0.00862	0.01149	0.00718	0.00647	0.01221	0.01940	0.02299	0.08621	0.08190	0.64438	0.02155	0.01006	0.00287	0.00431	0.01796	0.00790	0.00718
21	0.02342	0.02469	0.03225	0.04557	0.51120	0.16236	0.02399	0.02785	0.02042	0.02627	0.01538	0.01981	0.01293	0.00784	0.00826	0.00245	0.01126	0.00712	0.00425	0.01269
22	0.01006	0.00862	0.00862	0.00862	0.01149	0.00718	0.00647	0.01221	0.01940	0.02299	0.08621	0.08190	0.64438	0.02155	0.01006	0.00287	0.00431	0.01796	0.00790	0.00718
23	0.01811	0.03747	0.47976	0.03056	0.14841	0.02003	0.09250	0.02683	0.01845	0.02714	0.01561	0.01906	0.01150	0.00790	0.00835	0.00268	0.01232	0.00692	0.00378	0.01262
24	0.02723	0.02289	0.02441	0.02579	0.16095	0.13733	0.01700	0.11499	0.21313	0.13043	0.02459	0.02448	0.01820	0.00984	0.00839	0.00260	0.00947	0.00799	0.00718	0.01311
25	0.01089	0.00822	0.01020	0.01156	0.01306	0.00753	0.00853	0.01303	0.01786	0.02281	0.05867	0.39557	0.23611	0.02450	0.01078	0.00336	0.00528	0.12698	0.00789	0.00717
26	0.03179	0.04056	0.02412	0.02192	0.02631	0.66676	0.01644	0.03398	0.02412	0.02083	0.01315	0.01535	0.01096	0.00877	0.00767	0.00219	0.01535	0.00548	0.00438	0.00987
27	0.02106	0.02022	0.03454	0.05223	0.64784	0.02022	0.02612	0.02612	0.01938	0.02780	0.01601	0.02106	0.01348	0.00758	0.00842	0.00253	0.01011	0.00758	0.00421	0.01348
28	0.01020	0.00805	0.00921	0.01015	0.01190	0.00706	0.00714	0.01204	0.01793	0.02239	0.06765	0.37152	0.36675	0.02396	0.01044	0.00315	0.00461	0.02090	0.00790	0.00706
29	0.02106	0.02022	0.03454	0.05223	0.64784	0.02022	0.02612	0.02612	0.01938	0.02780	0.01601	0.02106	0.01348	0.00758	0.00842	0.00253	0.01011	0.00758	0.00421	0.01348
30	0.03036	0.03785	0.02551	0.02597	0.10921	0.58052	0.01773	0.03293	0.02348	0.02176	0.01353	0.01611	0.01130	0.00861	0.00777	0.00224	0.01465	0.00576	0.00436	0.01035
31	0.23617	0.02460	0.01863	0.04964	0.02265	0.27131	0.01343	0.05682	0.01952	0.02731	0.01537	0.01951	0.01293	0.02068	0.15206	0.00489	0.01396	0.00625	0.00486	0.00940
32	0.01581	0.00938	0.01208	0.01142	0.01399	0.00842	0.00854	0.01890	0.02178	0.13435	0.33369	0.19912	0.14170	0.01884	0.00997	0.00287	0.00480	0.01652	0.00904	0.00876
33	0.01037	0.00741	0.00987	0.01185	0.01234	0.00691	0.00790	0.01185	0.01629	0.02172	0.04690	0.69537	0.05629	0.02666	0.01086	0.00346	0.00494	0.02419	0.00790	0.00691
34	0.10153	0.02259	0.01934	0.01760	0.02224	0.16234	0.01368	0.03931	0.40450	0.03215	0.02799	0.02926	0.02198	0.01111	0.00823	0.00276	0.00866	0.03544	0.00732	0.01196
35	0.01988	0.31244	0.06667	0.01997	0.05227	0.07206	0.09730	0.02373	0.01735	0.02170	0.01595	0.02087	0.01406	0.02249	0.18277	0.00523	0.01416	0.00681	0.00405	0.01023
36	0.01090	0.00852	0.01002	0.01098	0.01300	0.00765	0.00836	0.01323	0.01857	0.02315	0.06674	0.25614	0.35728	0.02338	0.01063	0.00325	0.00521	0.13785	0.00789	0.00724
37	0.02979	0.18781	0.02865	0.02029	0.02532	0.52668	0.01603	0.03210	0.02261	0.02065	0.01286	0.01497	0.01095	0.00844	0.00718	0.00211	0.01396	0.00528	0.00422	0.01010
38	0.02563	0.17973	0.02998	0.05946	0.08211	0.31993	0.01768	0.02833	0.01983	0.02126	0.01288	0.01647	0.01124	0.00941	0.01090	0.00245	0.13242	0.00593	0.00405	0.01030
39	0.01238	0.00825	0.00928	0.00928	0.00928	0.00825	0.00516	0.01238	0.01238	0.01650	0.02681	0.05569	0.03094	0.70092	0.04331	0.00825	0.00825	0.01238	0.00516	0.00516
40	0.01586	0.00793	0.00793	0.00793	0.00991	0.00793	0.00595	0.01983	0.01785	0.03173	0.02776	0.03173	0.02181	0.00991	0.00595	0.00198	0.00397	0.00793	0.74817	0.00793
41	0.02071	0.01986	0.03390	0.09666	0.60617	0.02013	0.02594	0.02581	0.01921	0.02737	0.01595	0.02118	0.01333	0.00765	0.00843	0.00255	0.01020	0.00758	0.00418	0.01320
42	0.01811	0.02019	0.10393	0.16261	0.03015	0.05313	0.01689	0.05613	0.21059	0.02889	0.06012	0.06902	0.10938	0.01263	0.00886	0.00281	0.00858	0.01057	0.00655	0.01087
43	0.01829	0.02289	0.12096	0.23146	0.04547	0.02096	0.29268	0.02480	0.01811	0.02480	0.01567	0.02175	0.01196	0.00852	0.01120	0.00293	0.08427	0.00850	0.00399	0.01077
44	0.01171	0.00959	0.01162	0.01334	0.05300	0.00866	0.00964	0.01447	0.01929	0.02387	0.06922	0.11222	0.42178	0.02144	0.01043	0.00315	0.00562	0.16555	0.00765	0.00773
45	0.02954	0.08924	0.06133	0.02364	0.07050	0.53782	0.01781	0.03240	0.02293	0.02160	0.01337	0.01577	0.01113	0.00854	0.00758	0.00222	0.01435	0.00560	0.00427	0.01035
46	0.02085	0.02082	0.03799	0.04864	0.51519	0.02051	0.15600	0.02637	0.01953	0.02768	0.01627	0.02148	0.01336	0.00749	0.00878	0.00260	0.01104	0.00812	0.00423	0.01304
47	0.01042	0.00856	0.00873	0.00873	0.01115	0.00735	0.00626	0.01224	0.01829	0.02197	0.07686	0.07777	0.54781	0.12851	0.01529	0.00372	0.00493	0.01708	0.00747	0.00686
48	0.01070	0.00860	0.00968	0.00979	0.01198	0.00791	0.00716	0.01275	0.01744	0.02165	0.06625	0.10421	0.43397	0.10147	0.13275	0.00543	0.00811	0.01611	0.00701	0.00703
49	0.01516	0.01384	0.01249	0.01261	0.01380	0.12431	0.00849	0.01634	0.01590	0.01924	0.03174	0.21261	0.05955	0.30763	0.09329	0.00628	0.01002	0.01411	0.00578	0.00679
50	0.01037	0.00741	0.00987	0.01185	0.01234	0.00691	0.00790	0.01185	0.01629	0.02172	0.04690	0.69537	0.05629	0.02666	0.01086	0.00346	0.00494	0.02419	0.00790	0.00691
51	0.01018	0.00863	0.00879	0.00875	0.01157	0.00724	0.00656	0.01245	0.01969	0.02369	0.12113	0.08075	0.60903	0.02129	0.01006	0.00286	0.00429	0.01780	0.00799	0.00724
52	0.01060	0.00833	0.00950	0.01028	0.01219	0.00739	0.00749	0.01260	0.01810	0.02249	0.06735	0.27080	0.37826	0.05829	0.01217	0.00342	0.00502	0.07091	0.00775	0.00705
53	0.01037	0.00741	0.00987	0.01185	0.01234	0.00691	0.00790	0.01185	0.01629	0.02172	0.04690	0.69537	0.05629	0.02666	0.01086	0.00346	0.00494	0.02419	0.00790	0.00691
54	0.01668	0.00872	0.00881	0.00851	0.01073	0.00885	0.00646	0.04964	0.01895	0.03282	0.02740	0.03117	0.02145	0.00993	0.00608	0.00201	0.00423	0.00792	0.71140	0.00826
55	0.01707	0.04402	0.65683	0.02426	0.03683	0.01976	0.03144	0.02695	0.01797	0.02695	0.01527	0.01797	0.01078	0.00809	0.00809	0.00270	0.01258	0.00629	0.00359	0.01258
56	0.01064	0.00849	0.00953	0.00959	0.01193	0.00738	0.00707	0.01322	0.02031	0.02589	0.23435	0.15184	0.41766	0.02104	0.01015	0.00289	0.00431	0.01802	0.00830	0.00738
57	0.02106	0.02022	0.03454	0.05223	0.64784	0.02022	0.02612	0.02612	0.01938	0.02780	0.01601	0.02106	0.01348	0.00758	0.00842	0.00253	0.01011	0.00758	0.00421	0.01348
58	0.01037	0.00741	0.00987	0.01185	0.01234	0.00691	0.00790	0.01185	0.01629	0.02172	0.04690	0.69537	0.05629	0.02666	0.01086	0.00346	0.00494	0.02419	0.00790	0.00691
59	0.03179	0.04056	0.02412	0.02192	0.02631	0.66676	0.01644	0.03398	0.02412	0.02083	0.01315	0.01535	0.01096	0.00877	0.00767	0.00219	0.01535	0.00548	0.00438	0.00987
60	0.03179	0.04056	0.02412	0.02192	0.02631	0.66676	0.01644	0.03398	0.02412	0.02083	0.01315	0.01535	0.01096	0.00877	0.00767	0.00219	0.01535	0.00548	0.00438	0.00987
61	0.01453	0.01052	0.01287	0.01313	0.01493	0.01056	0.00941	0.12244	0.02142	0.02882	0.10529	0.50609	0.05125	0.02270	0.01035	0.00321	0.00564	0.02026	0.00817	0.00840
62	0.01479	0.01291	0.01990	0.01765	0.01926	0.01541	0.07341	0.01761	0.01466	0.02150	0.02257	0.11735	0.02268	0.06573	0.26401	0.00746	0.20814	0.01083	0.04583	0.00830
63	0.01059	0.00853	0.00952	0.01005	0.01236	0.00745	0.00757	0.01290	0.01907	0.02354	0.10064	0.19375	0.44846	0.02249	0.01038	0.00308	0.00478	0.07963	0.00796	0.00724
64	0.02582	0.01970	0.02392	0.22211	0.03481	0.02239	0.01754	0.38036	0.03090	0.04180	0.01947	0.02216	0.01418	0.00966	0.00828	0.00259	0.00948	0.00766	0.07485	0.01233
65	0.02009	0.02296	0.05022	0.03587	0.04448	0.02152	0.61693	0.02726	0.02009	0.02726	0.01722	0.02296	0.01291	0.00717	0.01004	0.00287	0.01435	0.01004	0.00430	0.01148
66	0.02071	0.01986	0.03390	0.09666	0.60617	0.02013	0.02594	0.02581	0.01921	0.02737	0.01595	0.02118	0.01333	0.00765	0.00843	0.00255	0.01020	0.00758	0.00418	0.01320
67	0.02306	0.34233	0.03287	0.01961	0.06656	0.16760	0.01588	0.02689	0.04650	0.02222	0.01793	0.02691	0.01700	0.01051	0.00857	0.00241	0.05265	0.08540	0.00465	0.01046
68	0.01541	0.01855	0.13237	0.01638	0.02033	0.01578	0.01516	0.02248	0.10119	0.02883	0.24986	0.04313	0.10545	0.01482	0.01343	0.00296	0.15575	0.01150	0.00683	0.00977
69	0.02189	0.06894	0.02000	0.01595	0.01987	0.15218	0.01250	0.13178	0.10139	0.02885	0.03084	0.03439	0.11313	0.07798	0.06982	0.00403	0.03962	0.00936	0.03738	0.01010
70	0.01787	0.10874	0.02616	0.01923	0.02127	0.02341	0.03949	0.02115	0.04408	0.02183	0.02557	0.02968	0.12136	0.01457	0.02023	0.00325	0.41890	0.00908	0.00469	0.00944

[dist]
# distance from previous block
# <min> <max>
4	8

[block]
# block no. 3 follows, 21 sequences, length 53
# corresponding to MSA columns:
# 246-298
name=unknown_D
#
# <colnr> <probs for GDERKNQSTAVLIFYWHMCP>
#	G	D	E	R	K	N	Q	S	T	A	V	L	I	F	Y	W	H	M	C	P
0	0.01421	0.01309	0.01717	0.07119	0.09321	0.01428	0.01302	0.01823	0.05427	0.02370	0.05411	0.05430	0.35546	0.01693	0.01323	0.00300	0.14205	0.01330	0.00634	0.00891
1	0.02156	0.02178	0.02772	0.08266	0.25241	0.11281	0.02041	0.05750	0.01917	0.02557	0.01709	0.02184	0.03652	0.01047	0.01369	0.00279	0.19736	0.00753	0.00449	0.04664
2	0.01626	0.01530	0.01334	0.01351	0.01570	0.14032	0.00974	0.05396	0.01998	0.02430	0.04477	0.36582	0.15234	0.02017	0.00965	0.00296	0.00712	0.01735	0.04935	0.00807
3	0.01355	0.01119	0.01220	0.01150	0.01464	0.01111	0.00876	0.02200	0.18223	0.02948	0.23091	0.06348	0.32122	0.01774	0.00968	0.00282	0.00487	0.01503	0.00852	0.00908
4	0.16979	0.02056	0.03105	0.06874	0.39293	0.05185	0.09188	0.02622	0.01861	0.02921	0.01514	0.01963	0.01234	0.00770	0.00795	0.00259	0.01021	0.00717	0.00442	0.01203
5	0.02946	0.03639	0.02550	0.02554	0.09936	0.53879	0.01776	0.03197	0.02266	0.02162	0.01333	0.01629	0.01128	0.00912	0.00939	0.00236	0.06873	0.00589	0.00431	0.01025
6	0.01035	0.00872	0.00903	0.00919	0.01199	0.00739	0.00705	0.01265	0.01941	0.02319	0.08289	0.08304	0.59639	0.02171	0.01019	0.00296	0.00459	0.06411	0.00790	0.00724
7	0.01029	0.00863	0.00894	0.00886	0.01163	0.00728	0.00665	0.01265	0.01994	0.02427	0.15014	0.07980	0.57966	0.02108	0.01006	0.00285	0.00428	0.01767	0.00807	0.00728
8	0.01426	0.01570	0.08501	0.17845	0.02771	0.01515	0.01573	0.01769	0.01617	0.02168	0.03431	0.12870	0.14642	0.09652	0.01698	0.00372	0.13976	0.01232	0.00530	0.00845
9	0.01432	0.00973	0.01129	0.01136	0.01257	0.00983	0.00761	0.08462	0.01775	0.02454	0.03402	0.29918	0.03794	0.28254	0.02256	0.00504	0.00663	0.01597	0.08526	0.00724
10	0.01896	0.01427	0.01108	0.01065	0.01310	0.13591	0.00799	0.02258	0.01906	0.02961	0.02492	0.02855	0.01970	0.00969	0.00628	0.00202	0.00618	0.00746	0.60368	0.00831
11	0.02022	0.02051	0.03637	0.04081	0.34355	0.02198	0.17183	0.02502	0.01800	0.02587	0.01512	0.02094	0.01277	0.00928	0.01362	0.00291	0.17699	0.00816	0.00412	0.01196
12	0.05671	0.02576	0.10741	0.03491	0.25535	0.07372	0.13798	0.14613	0.02365	0.03268	0.01663	0.02015	0.01286	0.00820	0.00851	0.00260	0.01134	0.00762	0.00508	0.01270
13	0.01104	0.00850	0.00953	0.00946	0.01143	0.00759	0.00669	0.01321	0.01907	0.02452	0.21572	0.10614	0.34757	0.15274	0.01656	0.00390	0.00503	0.01656	0.00775	0.00699
14	0.01017	0.00863	0.00877	0.00874	0.01156	0.00723	0.00655	0.01243	0.01966	0.02361	0.11713	0.08088	0.61308	0.02132	0.01006	0.00286	0.00429	0.01782	0.00798	0.00723
15	0.01735	0.02431	0.19451	0.02351	0.02885	0.01987	0.16091	0.02221	0.01587	0.02301	0.01672	0.02667	0.01532	0.14454	0.02146	0.00413	0.21805	0.00871	0.00411	0.00988
16	0.01707	0.04402	0.65683	0.02426	0.03683	0.01976	0.03144	0.02695	0.01797	0.02695	0.01527	0.01797	0.01078	0.00809	0.00809	0.00270	0.01258	0.00629	0.00359	0.01258
17	0.01156	0.00868	0.01071	0.01020	0.01242	0.00783	0.00765	0.01513	0.02295	0.03143	0.50856	0.06800	0.21676	0.01840	0.01004	0.00272	0.00409	0.01601	0.00901	0.00783
18	0.02117	0.01828	0.01924	0.01732	0.02213	0.02117	0.01347	0.04522	0.63246	0.03560	0.03464	0.03175	0.02598	0.01155	0.00866	0.00289	0.00673	0.00962	0.00866	0.01347
19	0.02008	0.01921	0.03276	0.17650	0.53128	0.01996	0.02563	0.02525	0.01891	0.02660	0.01583	0.02138	0.01306	0.00777	0.00844	0.00259	0.01035	0.00758	0.00413	0.01268
20	0.02916	0.03556	0.02668	0.02937	0.17894	0.50799	0.01882	0.03205	0.02295	0.02254	0.01385	0.01675	0.01158	0.00848	0.00786	0.00227	0.01406	0.00600	0.00434	0.01075
21	0.01083	0.00802	0.01023	0.01181	0.01301	0.00742	0.00853	0.01283	0.01743	0.02256	0.05442	0.47916	0.17196	0.02515	0.01084	0.00341	0.00527	0.11210	0.00789	0.00711
22	0.01018	0.00863	0.00879	0.00875	0.01157	0.00723	0.00656	0.01244	0.01968	0.02366	0.11969	0.08080	0.61049	0.02130	0.01006	0.00286	0.00429	0.01781	0.00799	0.00723
23	0.01765	0.01513	0.01765	0.01260	0.02017	0.01134	0.01008	0.02143	0.01765	0.02773	0.01513	0.01765	0.01260	0.00630	0.00630	0.00126	0.00630	0.00504	0.00504	0.75295
24	0.01275	0.00886	0.01028	0.01006	0.01006	0.00931	0.00595	0.01286	0.01241	0.01674	0.02589	0.05349	0.02977	0.66026	0.04240	0.00798	0.04838	0.01208	0.00507	0.00540
25	0.01238	0.00825	0.00928	0.00928	0.00928	0.00825	0.00516	0.01238	0.01238	0.01650	0.02681	0.05569	0.03094	0.70092	0.04331	0.00825	0.00825	0.01238	0.00516	0.00516
26	0.01387	0.01011	0.01128	0.01111	0.01210	0.01062	0.00706	0.01870	0.13324	0.02076	0.03046	0.11874	0.03266	0.49565	0.03315	0.00670	0.00761	0.01309	0.00613	0.00696
27	0.02423	0.02026	0.01897	0.01668	0.02069	0.14249	0.01281	0.23579	0.02742	0.07262	0.07813	0.23000	0.03230	0.01557	0.00919	0.00277	0.00861	0.01298	0.00772	0.01075
28	0.01238	0.00825	0.00928	0.00928	0.00928	0.00825	0.00516	0.01238	0.01238	0.01650	0.02681	0.05569	0.03094	0.70092	0.04331	0.00825	0.00825	0.01238	0.00516	0.00516
29	0.03179	0.04056	0.02412	0.02192	0.02631	0.66676	0.01644	0.03398	0.02412	0.02083	0.01315	0.01535	0.01096	0.00877	0.00767	0.00219	0.01535	0.00548	0.00438	0.00987
30	0.01012	0.00838	0.00887	0.00927	0.01166	0.00713	0.00675	0.01214	0.01878	0.02274	0.07834	0.20472	0.52664	0.02258	0.01022	0.00299	0.00444	0.01921	0.00790	0.00713
31	0.01238	0.00825	0.00928	0.00928	0.00928	0.00825	0.00516	0.01238	0.01238	0.01650	0.02681	0.05569	0.03094	0.70092	0.04331	0.00825	0.00825	0.01238	0.00516	0.00516
32	0.03156	0.02308	0.02470	0.01902	0.02560	0.02551	0.01569	0.59082	0.03895	0.05259	0.02078	0.02097	0.01482	0.01020	0.00839	0.00253	0.00911	0.00767	0.04384	0.01416
33	0.02628	0.01920	0.02246	0.01969	0.07659	0.01951	0.01457	0.24149	0.14664	0.11238	0.02308	0.02302	0.01695	0.00933	0.00800	0.00231	0.00791	0.00750	0.00756	0.19554
34	0.01883	0.01583	0.01828	0.01317	0.02067	0.01256	0.01057	0.06963	0.01945	0.02982	0.01555	0.01787	0.01276	0.00662	0.00648	0.00136	0.00655	0.00525	0.00532	0.69342
35	0.02530	0.46965	0.03745	0.01719	0.02323	0.22606	0.01533	0.02782	0.01916	0.02029	0.01220	0.01441	0.01095	0.00811	0.00724	0.00203	0.04422	0.00498	0.00387	0.01052
36	0.01216	0.00912	0.01368	0.01368	0.01520	0.01064	0.01064	0.01520	0.01368	0.01976	0.02279	0.03343	0.02127	0.06382	0.66720	0.01368	0.02279	0.00912	0.00456	0.00760
37	0.01238	0.00825	0.00928	0.00928	0.00928	0.00825	0.00516	0.01238	0.01238	0.01650	0.02681	0.05569	0.03094	0.70092	0.04331	0.00825	0.00825	0.01238	0.00516	0.00516
38	0.02906	0.03995	0.11678	0.02392	0.06181	0.53725	0.01915	0.03253	0.02296	0.02210	0.01362	0.01604	0.01107	0.00861	0.00777	0.00228	0.01466	0.00571	0.00426	0.01046
39	0.01216	0.00912	0.01368	0.01368	0.01520	0.01064	0.01064	0.01520	0.01368	0.01976	0.02279	0.03343	0.02127	0.06382	0.66720	0.01368	0.02279	0.00912	0.00456	0.00760
40	0.01917	0.02023	0.03224	0.18753	0.03738	0.06160	0.17888	0.02341	0.01655	0.02261	0.01387	0.02058	0.01166	0.01090	0.01718	0.00319	0.30107	0.00805	0.00393	0.00996
41	0.01238	0.00825	0.00928	0.00928	0.00928	0.00825	0.00516	0.01238	0.01238	0.01650	0.02681	0.05569	0.03094	0.70092	0.04331	0.00825	0.00825	0.01238	0.00516	0.00516
42	0.02234	0.10538	0.28086	0.02961	0.18404	0.18368	0.02462	0.02836	0.01979	0.02491	0.01457	0.01763	0.01151	0.00805	0.00780	0.00244	0.01230	0.00623	0.00395	0.01195
43	0.01594	0.01468	0.02093	0.01875	0.01938	0.01967	0.01531	0.01829	0.01330	0.02018	0.01599	0.02476	0.01536	0.03519	0.29312	0.00785	0.41050	0.00814	0.00407	0.00860
44	0.01238	0.00825	0.00928	0.00928	0.00928	0.00825	0.00516	0.01238	0.01238	0.01650	0.02681	0.05569	0.03094	0.70092	0.04331	0.00825	0.00825	0.01238	0.00516	0.00516
45	0.02290	0.06559	0.02425	0.01997	0.02207	0.24548	0.01598	0.02501	0.01747	0.02129	0.01396	0.01998	0.01286	0.04387	0.01855	0.00315	0.32744	0.00687	0.06402	0.00929
46	0.06003	0.03243	0.02452	0.02095	0.02619	0.41984	0.04883	0.10408	0.05271	0.10473	0.01768	0.01873	0.01334	0.00916	0.00796	0.00238	0.01285	0.00652	0.00586	0.01121
47	0.01194	0.00817	0.00953	0.01003	0.01143	0.00787	0.00698	0.01398	0.01632	0.02277	0.04625	0.21841	0.18515	0.15225	0.09324	0.00513	0.00732	0.01552	0.15079	0.00693
48	0.01444	0.00941	0.01141	0.01067	0.01355	0.00832	0.00823	0.01765	0.02209	0.10254	0.32657	0.06816	0.28987	0.01849	0.00995	0.00281	0.00470	0.04383	0.00886	0.00846
49	0.01759	0.03843	0.50683	0.06233	0.03948	0.02005	0.14249	0.02672	0.01832	0.02672	0.01563	0.01917	0.01122	0.00793	0.00848	0.00274	0.01285	0.00707	0.00374	0.01220
50	0.19910	0.01411	0.01380	0.01351	0.01694	0.04944	0.01093	0.08231	0.02032	0.03039	0.04074	0.13136	0.14997	0.01744	0.00916	0.00311	0.00708	0.17443	0.00711	0.00875
51	0.01125	0.01255	0.08587	0.01190	0.01518	0.00879	0.01036	0.01426	0.01837	0.02329	0.06372	0.24767	0.35995	0.02154	0.01018	0.00309	0.00573	0.06112	0.00739	0.00779
52	0.24737	0.11566	0.13682	0.01408	0.02008	0.01739	0.01393	0.02276	0.01826	0.05366	0.12482	0.03507	0.09845	0.01183	0.00758	0.00263	0.00746	0.03635	0.00602	0.00978

[dist]
# distance from previous block
# <min> <max>
0	5

# created by:
# /home/cegg/simao/soft/augustus-3.2.1/scripts/msa2prfl.pl ./align_prep/12901.fa
