[name]
unknown

[dist]
# distance from previous block
# <min> <max>
0	0

[block]
# block no. 0 follows, 22 sequences, length 153
# corresponding to MSA columns:
# 0-152
name=unknown_A
#
# <colnr> <probs for GDERKNQSTAVLIFYWHMCP>
#	G	D	E	R	K	N	Q	S	T	A	V	L	I	F	Y	W	H	M	C	P
0	0.01339	0.00956	0.01339	0.01530	0.01721	0.00956	0.01339	0.01721	0.01912	0.02486	0.04399	0.09371	0.04781	0.02295	0.01147	0.00382	0.00765	0.60031	0.00765	0.00765
1	0.01702	0.04083	0.60693	0.02619	0.09302	0.01933	0.03022	0.02623	0.01767	0.02639	0.01497	0.01782	0.01077	0.00785	0.00792	0.00262	0.01206	0.00625	0.00356	0.01236
2	0.02724	0.03353	0.02153	0.01981	0.02354	0.54335	0.01493	0.02955	0.02153	0.02012	0.01470	0.01847	0.01269	0.01919	0.13949	0.00436	0.01642	0.00605	0.00431	0.00919
3	0.01357	0.01066	0.01279	0.01334	0.01561	0.01084	0.01010	0.02089	0.16587	0.02552	0.04453	0.33771	0.09646	0.02059	0.01000	0.00319	0.00580	0.13289	0.00775	0.04190
4	0.02559	0.01490	0.05190	0.01397	0.02017	0.01142	0.01177	0.02906	0.02013	0.32467	0.02772	0.12146	0.02225	0.01106	0.00792	0.00225	0.00672	0.00930	0.00777	0.25995
5	0.02462	0.01234	0.01550	0.01325	0.01763	0.01133	0.01055	0.08560	0.02289	0.31321	0.07615	0.14033	0.15820	0.01574	0.00921	0.00280	0.00624	0.04449	0.00900	0.01095
6	0.02217	0.06783	0.15228	0.02164	0.02581	0.23011	0.01976	0.02568	0.01733	0.02132	0.01234	0.01677	0.01075	0.01093	0.01598	0.00286	0.30637	0.00628	0.00381	0.00998
7	0.01093	0.00757	0.00940	0.01053	0.01082	0.00729	0.00661	0.01178	0.01433	0.01911	0.03771	0.43548	0.04475	0.30708	0.02366	0.00530	0.00615	0.01886	0.00661	0.00604
8	0.01867	0.01781	0.03031	0.29806	0.42392	0.01924	0.02456	0.02384	0.01802	0.02485	0.01529	0.02118	0.01235	0.00775	0.00826	0.00258	0.01034	0.00739	0.00395	0.01163
9	0.01667	0.01338	0.01615	0.01791	0.08801	0.04109	0.01173	0.14006	0.02170	0.02884	0.06826	0.42241	0.04126	0.01941	0.00969	0.00300	0.00666	0.01725	0.00736	0.00916
10	0.01012	0.00723	0.00964	0.01157	0.01205	0.00675	0.00771	0.01157	0.01591	0.02121	0.04579	0.70262	0.05495	0.02603	0.01060	0.00337	0.00482	0.02362	0.00771	0.00675
11	0.02056	0.01974	0.03372	0.05099	0.65622	0.01974	0.02550	0.02550	0.01892	0.02714	0.01563	0.02056	0.01316	0.00740	0.00822	0.00247	0.00987	0.00740	0.00411	0.01316
12	0.00982	0.00842	0.00842	0.00842	0.01122	0.00701	0.00631	0.01192	0.01894	0.02244	0.08416	0.07995	0.65285	0.02104	0.00982	0.00281	0.00421	0.01753	0.00771	0.00701
13	0.03103	0.03959	0.02354	0.02140	0.02568	0.67469	0.01605	0.03317	0.02354	0.02033	0.01284	0.01498	0.01070	0.00856	0.00749	0.00214	0.01498	0.00535	0.00428	0.00963
14	0.01818	0.01818	0.02545	0.02181	0.02181	0.02545	0.01818	0.01999	0.01272	0.01999	0.01091	0.01818	0.01091	0.01454	0.02726	0.00364	0.69284	0.00727	0.00364	0.00909
15	0.72753	0.01596	0.01259	0.01113	0.01634	0.01829	0.00917	0.02528	0.01466	0.07084	0.01271	0.01429	0.00962	0.00785	0.00531	0.00257	0.00646	0.00471	0.00542	0.00927
16	0.03704	0.01451	0.01951	0.01496	0.02139	0.01276	0.01236	0.06432	0.02440	0.63727	0.03225	0.02794	0.02030	0.01027	0.00835	0.00257	0.00715	0.00832	0.01020	0.01414
17	0.01185	0.00855	0.01123	0.01071	0.01267	0.00793	0.00814	0.01576	0.02328	0.03286	0.61918	0.06376	0.07674	0.01730	0.00989	0.00268	0.00412	0.04647	0.00906	0.00783
18	0.01617	0.01525	0.02578	0.62565	0.11591	0.01858	0.02331	0.02164	0.01684	0.02181	0.01485	0.02199	0.01128	0.00822	0.00830	0.00274	0.01096	0.00738	0.00373	0.00961
19	0.01569	0.01477	0.02492	0.68808	0.05722	0.01846	0.02307	0.02123	0.01661	0.02123	0.01477	0.02215	0.01107	0.00831	0.00831	0.00277	0.01107	0.00738	0.00369	0.00923
20	0.01012	0.00723	0.00964	0.01157	0.01205	0.00675	0.00771	0.01157	0.01591	0.02121	0.04579	0.70262	0.05495	0.02603	0.01060	0.00337	0.00482	0.02362	0.00771	0.00675
21	0.01151	0.00781	0.00923	0.00979	0.00994	0.00767	0.00582	0.01193	0.01320	0.01760	0.03191	0.24401	0.03744	0.50852	0.03302	0.00668	0.00711	0.01546	0.00582	0.00554
22	0.02056	0.01974	0.03372	0.05099	0.65622	0.01974	0.02550	0.02550	0.01892	0.02714	0.01563	0.02056	0.01316	0.00740	0.00822	0.00247	0.00987	0.00740	0.00411	0.01316
23	0.01666	0.04297	0.66500	0.02368	0.03596	0.01929	0.03069	0.02631	0.01754	0.02631	0.01491	0.01754	0.01052	0.00789	0.00789	0.00263	0.01228	0.00614	0.00351	0.01228
24	0.01012	0.00723	0.00964	0.01157	0.01205	0.00675	0.00771	0.01157	0.01591	0.02121	0.04579	0.70262	0.05495	0.02603	0.01060	0.00337	0.00482	0.02362	0.00771	0.00675
25	0.01838	0.01513	0.01321	0.01240	0.01564	0.11444	0.00952	0.02511	0.13400	0.05751	0.04151	0.04343	0.18088	0.01327	0.00794	0.00246	0.00651	0.03585	0.24367	0.00915
26	0.01191	0.00873	0.01250	0.01250	0.01369	0.00992	0.00933	0.01429	0.01310	0.01866	0.02303	0.03693	0.02263	0.18997	0.55000	0.01230	0.01944	0.00953	0.00457	0.00695
27	0.01187	0.00890	0.01335	0.01335	0.01483	0.01038	0.01038	0.01483	0.01335	0.01928	0.02225	0.03264	0.02077	0.06231	0.67512	0.01335	0.02225	0.00890	0.00445	0.00742
28	0.01666	0.04297	0.66500	0.02368	0.03596	0.01929	0.03069	0.02631	0.01754	0.02631	0.01491	0.01754	0.01052	0.00789	0.00789	0.00263	0.01228	0.00614	0.00351	0.01228
29	0.01979	0.02433	0.15853	0.04559	0.53359	0.01965	0.02652	0.02566	0.01864	0.02698	0.01548	0.01996	0.01264	0.00750	0.00816	0.00250	0.01035	0.00715	0.00399	0.01298
30	0.01666	0.04297	0.66500	0.02368	0.03596	0.01929	0.03069	0.02631	0.01754	0.02631	0.01491	0.01754	0.01052	0.00789	0.00789	0.00263	0.01228	0.00614	0.00351	0.01228
31	0.01666	0.04297	0.66500	0.02368	0.03596	0.01929	0.03069	0.02631	0.01754	0.02631	0.01491	0.01754	0.01052	0.00789	0.00789	0.00263	0.01228	0.00614	0.00351	0.01228
32	0.12122	0.05357	0.12184	0.06837	0.15440	0.05275	0.14284	0.05329	0.01968	0.02913	0.08670	0.02367	0.01913	0.00874	0.00810	0.00256	0.01018	0.00794	0.00491	0.01098
33	0.01719	0.10651	0.60607	0.02278	0.03457	0.02058	0.02913	0.02617	0.01748	0.02567	0.01459	0.01714	0.01054	0.00782	0.00765	0.00255	0.01196	0.00598	0.00351	0.01212
34	0.01012	0.00723	0.00964	0.01157	0.01205	0.00675	0.00771	0.01157	0.01591	0.02121	0.04579	0.70262	0.05495	0.02603	0.01060	0.00337	0.00482	0.02362	0.00771	0.00675
35	0.01760	0.01713	0.03029	0.42222	0.23646	0.01913	0.09172	0.02312	0.01764	0.02362	0.01526	0.02170	0.01188	0.00789	0.00845	0.00268	0.01104	0.00766	0.00388	0.01064
36	0.10912	0.02601	0.05461	0.01833	0.02423	0.18548	0.01519	0.24958	0.11006	0.09688	0.02006	0.02014	0.01464	0.00947	0.00776	0.00247	0.00994	0.00689	0.00692	0.01222
37	0.02056	0.01974	0.03372	0.05099	0.65622	0.01974	0.02550	0.02550	0.01892	0.02714	0.01563	0.02056	0.01316	0.00740	0.00822	0.00247	0.00987	0.00740	0.00411	0.01316
38	0.01099	0.00789	0.01046	0.01125	0.01245	0.00736	0.00803	0.01364	0.01940	0.02669	0.31164	0.39292	0.06490	0.02191	0.01029	0.00306	0.00456	0.04695	0.00834	0.00727
39	0.03022	0.10689	0.02594	0.02016	0.02524	0.46936	0.01580	0.15881	0.02614	0.02705	0.01421	0.01586	0.01142	0.00871	0.00744	0.00218	0.01310	0.00571	0.00506	0.01069
40	0.02663	0.02429	0.02409	0.02377	0.12479	0.15707	0.01637	0.26471	0.15042	0.03653	0.02082	0.02282	0.01624	0.04233	0.00975	0.00274	0.00991	0.00762	0.00668	0.01242
41	0.01465	0.00998	0.01178	0.01262	0.01414	0.03902	0.00885	0.01728	0.04395	0.09513	0.04225	0.56466	0.04768	0.02278	0.01011	0.00320	0.00562	0.02041	0.00788	0.00800
42	0.02048	0.01997	0.03507	0.04958	0.60217	0.01985	0.07847	0.02559	0.01898	0.02709	0.01573	0.02072	0.01311	0.00737	0.00836	0.00250	0.01023	0.00761	0.00412	0.01299
43	0.05698	0.50339	0.13375	0.01630	0.02378	0.10257	0.01667	0.02601	0.01760	0.02148	0.01220	0.01416	0.01057	0.00742	0.00595	0.00198	0.00997	0.00480	0.00370	0.01071
44	0.01792	0.03461	0.42194	0.02992	0.10790	0.01982	0.19631	0.02630	0.01827	0.02649	0.01552	0.01924	0.01140	0.00759	0.00846	0.00266	0.01249	0.00730	0.00377	0.01208
45	0.02821	0.11237	0.02604	0.02263	0.07992	0.51630	0.01626	0.03065	0.02219	0.02093	0.01600	0.01807	0.03842	0.00883	0.00741	0.00216	0.01338	0.00595	0.00433	0.00994
46	0.10431	0.01902	0.03075	0.08576	0.54718	0.01954	0.02349	0.02511	0.01824	0.02792	0.01512	0.01986	0.01256	0.00749	0.00788	0.00250	0.00956	0.00707	0.00420	0.01245
47	0.13348	0.02113	0.02132	0.01687	0.02283	0.06179	0.01374	0.33097	0.05991	0.04093	0.01757	0.01868	0.01324	0.00918	0.00845	0.00233	0.04580	0.00654	0.00674	0.14847
48	0.06490	0.02768	0.28337	0.01875	0.02754	0.01785	0.01997	0.12468	0.04930	0.18564	0.02066	0.02086	0.01425	0.00877	0.00778	0.00247	0.00938	0.00683	0.00634	0.08299
49	0.10276	0.02520	0.04798	0.01705	0.02224	0.27877	0.01392	0.03285	0.02183	0.24335	0.02212	0.02453	0.01646	0.00984	0.00767	0.00243	0.01025	0.03693	0.05280	0.01102
50	0.01772	0.07049	0.43539	0.02529	0.03513	0.02103	0.14980	0.02559	0.01738	0.02531	0.01467	0.01839	0.01100	0.00842	0.01033	0.00273	0.08911	0.00693	0.00367	0.01162
51	0.01005	0.00847	0.00874	0.00879	0.01153	0.00716	0.00668	0.01230	0.01913	0.02299	0.10583	0.07980	0.60325	0.02095	0.00989	0.00284	0.00434	0.04240	0.00777	0.00707
52	0.02434	0.01725	0.02303	0.02598	0.20861	0.01778	0.01625	0.10047	0.19354	0.16674	0.05624	0.03044	0.06043	0.01062	0.00849	0.00262	0.00768	0.00911	0.00753	0.01287
53	0.01919	0.01677	0.02540	0.51689	0.08354	0.02002	0.02172	0.14526	0.02131	0.02789	0.01587	0.02161	0.01181	0.00860	0.00830	0.00270	0.01061	0.00740	0.00466	0.01044
54	0.03544	0.01503	0.01958	0.01524	0.02152	0.01380	0.01251	0.07707	0.07987	0.56836	0.03208	0.02801	0.02060	0.01035	0.00836	0.00259	0.00715	0.00839	0.01000	0.01405
55	0.01978	0.13801	0.24319	0.03060	0.15786	0.05246	0.19011	0.02632	0.01856	0.02521	0.01495	0.01869	0.01165	0.00746	0.00806	0.00249	0.01187	0.00709	0.00386	0.01178
56	0.01867	0.28488	0.44063	0.02026	0.03067	0.02420	0.02474	0.02579	0.01730	0.02387	0.01370	0.01602	0.01057	0.00761	0.00697	0.00232	0.01105	0.00553	0.00352	0.01169
57	0.01080	0.00873	0.00978	0.01031	0.01287	0.00771	0.00826	0.01338	0.01899	0.02311	0.07311	0.08373	0.48647	0.02156	0.01027	0.00309	0.00515	0.17779	0.00770	0.00719
58	0.01070	0.00727	0.00975	0.01137	0.01177	0.00686	0.00753	0.01151	0.01515	0.02020	0.04133	0.59586	0.04922	0.05840	0.01456	0.08863	0.00524	0.02123	0.00712	0.00631
59	0.01929	0.02574	0.16660	0.03717	0.21046	0.02032	0.34320	0.02624	0.01901	0.02670	0.01611	0.02094	0.01235	0.00729	0.00899	0.00268	0.01253	0.00842	0.00404	0.01195
60	0.01666	0.04297	0.66500	0.02368	0.03596	0.01929	0.03069	0.02631	0.01754	0.02631	0.01491	0.01754	0.01052	0.00789	0.00789	0.00263	0.01228	0.00614	0.00351	0.01228
61	0.02066	0.01785	0.01878	0.01691	0.02160	0.02066	0.01315	0.04414	0.64121	0.03475	0.03381	0.03099	0.02536	0.01127	0.00845	0.00282	0.00657	0.00939	0.00845	0.01315
62	0.01303	0.01839	0.19059	0.01387	0.01901	0.01137	0.01398	0.01897	0.04942	0.02868	0.30301	0.05294	0.20395	0.01525	0.00922	0.00268	0.00641	0.01296	0.00720	0.00910
63	0.01665	0.01575	0.02666	0.56212	0.17565	0.01871	0.02355	0.02207	0.01707	0.02239	0.01494	0.02183	0.01149	0.00813	0.00829	0.00271	0.01084	0.00739	0.00377	0.01001
64	0.01176	0.00849	0.01110	0.01045	0.01241	0.00784	0.00784	0.01568	0.02352	0.03331	0.65184	0.06206	0.07839	0.01698	0.00980	0.00261	0.00392	0.01502	0.00914	0.00784
65	0.01086	0.00796	0.01019	0.01069	0.01213	0.00729	0.00761	0.01354	0.01982	0.02704	0.33502	0.33163	0.13303	0.02122	0.01014	0.00295	0.00433	0.01889	0.00839	0.00729
66	0.02131	0.01464	0.01764	0.01281	0.02000	0.01131	0.01033	0.02491	0.01856	0.15649	0.01844	0.01948	0.01399	0.00699	0.00660	0.00150	0.00634	0.00562	0.00601	0.60702
67	0.01818	0.01818	0.02545	0.02181	0.02181	0.02545	0.01818	0.01999	0.01272	0.01999	0.01091	0.01818	0.01091	0.01454	0.02726	0.00364	0.69284	0.00727	0.00364	0.00909
68	0.01203	0.01034	0.01053	0.01015	0.01334	0.00980	0.00771	0.01849	0.14579	0.02495	0.07389	0.06997	0.52494	0.01905	0.00954	0.00281	0.00469	0.01587	0.00787	0.00826
69	0.02677	0.03121	0.02536	0.14595	0.12318	0.42083	0.01868	0.06661	0.02257	0.02346	0.01403	0.01739	0.01134	0.00843	0.00780	0.00232	0.01317	0.00615	0.00440	0.01035
70	0.11230	0.02138	0.02085	0.01746	0.02285	0.08987	0.01421	0.31376	0.12114	0.06989	0.02361	0.02902	0.01894	0.01123	0.00824	0.00267	0.00880	0.07401	0.00756	0.01219
71	0.03147	0.02660	0.02465	0.01958	0.02575	0.15805	0.01584	0.50716	0.03590	0.04583	0.01850	0.01893	0.01343	0.00968	0.00814	0.00242	0.01033	0.00705	0.00749	0.01321
72	0.01052	0.00740	0.00952	0.01106	0.01144	0.00701	0.00717	0.01167	0.01513	0.02017	0.04179	0.57048	0.04990	0.16505	0.01706	0.00433	0.00548	0.02127	0.00717	0.00640
73	0.01909	0.02132	0.04502	0.10785	0.04379	0.02096	0.52491	0.02564	0.01889	0.02564	0.01625	0.02215	0.01234	0.00756	0.01059	0.00284	0.05077	0.00939	0.00411	0.01087
74	0.06270	0.02361	0.02718	0.03363	0.32073	0.15376	0.01956	0.13612	0.05297	0.03147	0.04639	0.02139	0.01626	0.00875	0.00802	0.00243	0.01017	0.00730	0.00540	0.01215
75	0.03098	0.02297	0.02460	0.01899	0.02554	0.02548	0.01565	0.59659	0.07197	0.05139	0.02070	0.02055	0.01474	0.01004	0.00832	0.00251	0.00900	0.00758	0.00832	0.01407
76	0.01028	0.00743	0.00973	0.01127	0.01204	0.00688	0.00765	0.01204	0.01690	0.02260	0.11429	0.59866	0.08993	0.02477	0.01047	0.00326	0.00469	0.02235	0.00787	0.00688
77	0.02168	0.02214	0.03352	0.04667	0.54741	0.09359	0.06146	0.02643	0.01948	0.02634	0.01539	0.02005	0.01285	0.00751	0.00824	0.00245	0.01070	0.00732	0.00414	0.01264
78	0.02030	0.01947	0.03325	0.08523	0.62403	0.01967	0.02537	0.02527	0.01879	0.02682	0.01558	0.02065	0.01305	0.00745	0.00823	0.00248	0.00993	0.00740	0.00409	0.01295
79	0.01049	0.00751	0.00997	0.01132	0.01213	0.00699	0.00774	0.01249	0.01761	0.02391	0.18123	0.55946	0.06018	0.02401	0.01042	0.00320	0.00462	0.02170	0.00803	0.00699
80	0.01298	0.00818	0.00906	0.00906	0.01119	0.00803	0.00687	0.01611	0.01710	0.02596	0.04420	0.04680	0.22107	0.02368	0.13941	0.00447	0.00761	0.01107	0.36969	0.00745
81	0.01952	0.19039	0.43037	0.02112	0.03099	0.05874	0.02490	0.05710	0.01862	0.02554	0.01413	0.01661	0.01077	0.00815	0.00816	0.00245	0.04106	0.00583	0.00381	0.01173
82	0.01239	0.01078	0.01134	0.01078	0.01382	0.01066	0.00827	0.01871	0.14165	0.02475	0.07043	0.06709	0.49573	0.01877	0.01045	0.00285	0.04014	0.01539	0.00765	0.00833
83	0.01018	0.00843	0.00891	0.00879	0.01144	0.00717	0.00659	0.01262	0.01978	0.02446	0.18927	0.07664	0.54648	0.02029	0.00981	0.00277	0.00415	0.01707	0.00798	0.00717
84	0.01745	0.01728	0.01835	0.01685	0.01952	0.14823	0.04145	0.02270	0.08641	0.02162	0.02080	0.02763	0.01834	0.04053	0.39923	0.00888	0.05293	0.00819	0.00481	0.00878
85	0.01693	0.03397	0.45962	0.02081	0.03038	0.01828	0.02454	0.02875	0.14535	0.02882	0.09051	0.02530	0.02119	0.00961	0.00822	0.00267	0.01017	0.00780	0.00515	0.01196
86	0.02184	0.02331	0.02837	0.03344	0.27738	0.15990	0.02067	0.02498	0.01749	0.02293	0.01321	0.01846	0.01177	0.01041	0.01545	0.00285	0.27581	0.00692	0.00396	0.01084
87	0.01208	0.00805	0.00906	0.00906	0.00906	0.00805	0.00503	0.01208	0.01208	0.01611	0.02618	0.05436	0.03020	0.70804	0.04228	0.00805	0.00805	0.01208	0.00503	0.00503
88	0.10648	0.01930	0.08153	0.01588	0.02200	0.01730	0.01403	0.19410	0.07893	0.03536	0.02278	0.06970	0.02006	0.01115	0.00789	0.00244	0.00775	0.07433	0.00656	0.19242
89	0.05717	0.34311	0.05958	0.01700	0.02325	0.23097	0.01509	0.05918	0.04535	0.02354	0.01360	0.01529	0.01145	0.00789	0.00643	0.00201	0.01062	0.00518	0.00436	0.04890
90	0.01035	0.00844	0.00916	0.00898	0.01155	0.00724	0.00673	0.01295	0.02019	0.02543	0.24026	0.07503	0.49488	0.01992	0.00981	0.00275	0.00413	0.01684	0.00811	0.00724
91	0.01011	0.00728	0.00959	0.01143	0.01201	0.00676	0.00765	0.01158	0.01604	0.02126	0.04749	0.67495	0.08152	0.02580	0.01057	0.00335	0.00479	0.02335	0.00771	0.00676
92	0.01750	0.03314	0.39486	0.02813	0.06607	0.01924	0.22939	0.02561	0.01821	0.02619	0.01717	0.05460	0.01363	0.00850	0.00869	0.00272	0.01236	0.00833	0.00399	0.01167
93	0.01039	0.00883	0.00902	0.00904	0.01180	0.00770	0.00675	0.01356	0.05080	0.02300	0.07932	0.11381	0.58560	0.02083	0.00979	0.00284	0.00437	0.01747	0.00775	0.00731
94	0.02999	0.07133	0.02535	0.02262	0.06434	0.53287	0.01651	0.09501	0.02455	0.02409	0.01369	0.01576	0.01121	0.00856	0.00751	0.00218	0.01374	0.00565	0.00466	0.01038
95	0.06399	0.49865	0.06905	0.01499	0.02197	0.02844	0.01459	0.05034	0.07389	0.07308	0.01566	0.01653	0.01277	0.00790	0.00608	0.00205	0.00859	0.00539	0.00477	0.01127
96	0.02055	0.02029	0.03191	0.13508	0.53657	0.05995	0.02459	0.02539	0.01889	0.02592	0.01534	0.02043	0.01273	0.00760	0.00819	0.00249	0.01035	0.00727	0.00407	0.01241
97	0.02250	0.02322	0.02851	0.06633	0.38455	0.15336	0.02119	0.03032	0.13462	0.02690	0.01838	0.02142	0.01482	0.00839	0.00812	0.00248	0.01036	0.00735	0.00493	0.01227
98	0.01057	0.00845	0.00946	0.00921	0.01168	0.00733	0.00690	0.01338	0.02071	0.02666	0.30455	0.07300	0.42982	0.01946	0.00981	0.00273	0.00410	0.01656	0.00827	0.00733
99	0.04888	0.09813	0.13443	0.02338	0.03044	0.05550	0.21586	0.02860	0.07440	0.09867	0.02011	0.05800	0.01608	0.00949	0.00950	0.00267	0.05066	0.00861	0.00529	0.01130
100	0.01149	0.00815	0.00889	0.00889	0.00962	0.00778	0.00537	0.01204	0.01386	0.01775	0.04121	0.06100	0.19170	0.52986	0.03386	0.00669	0.00706	0.01349	0.00573	0.00555
101	0.02238	0.01492	0.01642	0.06517	0.02022	0.01627	0.01141	0.27981	0.02661	0.03936	0.02309	0.02558	0.01744	0.00970	0.00707	0.00224	0.00668	0.00760	0.37745	0.01059
102	0.06024	0.05380	0.02706	0.02959	0.25859	0.08395	0.01821	0.15262	0.02432	0.18108	0.01990	0.02105	0.01456	0.00872	0.00793	0.00244	0.00937	0.00717	0.00645	0.01294
103	0.02530	0.02628	0.04936	0.02910	0.22003	0.22704	0.01861	0.06147	0.16345	0.06702	0.02012	0.02151	0.01557	0.00897	0.00804	0.00246	0.01062	0.00722	0.00571	0.01211
104	0.01558	0.05238	0.01677	0.03882	0.01668	0.01513	0.01141	0.01846	0.01481	0.02334	0.02006	0.02769	0.01776	0.05926	0.17530	0.00550	0.19854	0.00791	0.25649	0.00812
105	0.02720	0.02058	0.02241	0.01803	0.02371	0.02302	0.01466	0.44386	0.15522	0.04515	0.02295	0.02356	0.01710	0.01612	0.08345	0.00378	0.01011	0.00802	0.00790	0.01318
106	0.01666	0.04297	0.66500	0.02368	0.03596	0.01929	0.03069	0.02631	0.01754	0.02631	0.01491	0.01754	0.01052	0.00789	0.00789	0.00263	0.01228	0.00614	0.00351	0.01228
107	0.01941	0.26799	0.41656	0.02036	0.03040	0.06427	0.02425	0.02625	0.01769	0.02367	0.01365	0.01597	0.01058	0.00767	0.00701	0.00231	0.01130	0.00552	0.00357	0.01157
108	0.01997	0.13753	0.25348	0.01871	0.02624	0.08475	0.01939	0.05643	0.16344	0.02855	0.09050	0.02485	0.02179	0.00973	0.00781	0.00248	0.00961	0.00761	0.00558	0.01155
109	0.01024	0.00728	0.00961	0.01142	0.01187	0.00682	0.00756	0.01160	0.01568	0.02091	0.04464	0.66475	0.05350	0.06588	0.01245	0.00365	0.00501	0.02294	0.00756	0.00665
110	0.02056	0.01974	0.03372	0.05099	0.65622	0.01974	0.02550	0.02550	0.01892	0.02714	0.01563	0.02056	0.01316	0.00740	0.00822	0.00247	0.00987	0.00740	0.00411	0.01316
111	0.01740	0.07591	0.53973	0.02486	0.03628	0.02028	0.11861	0.02628	0.01781	0.02599	0.01501	0.01804	0.01084	0.00772	0.00804	0.00261	0.01235	0.00659	0.00361	0.01203
112	0.01512	0.01359	0.01840	0.02399	0.21690	0.04783	0.01390	0.01857	0.01990	0.02658	0.19842	0.15350	0.13842	0.01588	0.00939	0.00276	0.00679	0.04399	0.00676	0.00931
113	0.01233	0.00827	0.01016	0.01071	0.01137	0.00856	0.00725	0.01395	0.01476	0.02151	0.03291	0.29777	0.03638	0.22586	0.05872	0.00506	0.04390	0.01522	0.15867	0.00661
114	0.17845	0.01823	0.01974	0.01722	0.04471	0.01987	0.01348	0.22781	0.15930	0.13823	0.02455	0.02688	0.01855	0.01055	0.00789	0.00267	0.00765	0.04397	0.00781	0.01244
115	0.02107	0.02368	0.15201	0.02037	0.05910	0.02091	0.01769	0.10533	0.41281	0.03460	0.02742	0.02645	0.02041	0.01023	0.00831	0.00272	0.00820	0.00841	0.00720	0.01308
116	0.01797	0.01883	0.02165	0.01920	0.02108	0.14646	0.07757	0.02019	0.01659	0.02097	0.02394	0.24188	0.02624	0.04853	0.01681	0.00337	0.23235	0.01269	0.00521	0.00847
117	0.01187	0.00890	0.01335	0.01335	0.01483	0.01038	0.01038	0.01483	0.01335	0.01928	0.02225	0.03264	0.02077	0.06231	0.67512	0.01335	0.02225	0.00890	0.00445	0.00742
118	0.01727	0.11606	0.59721	0.02265	0.03436	0.02077	0.02890	0.02615	0.01747	0.02557	0.01454	0.01708	0.01054	0.00781	0.00761	0.00254	0.01191	0.00595	0.00351	0.01210
119	0.01902	0.32813	0.40052	0.01965	0.02973	0.02507	0.02368	0.02570	0.01726	0.02343	0.01348	0.01575	0.01058	0.00756	0.00680	0.00227	0.01083	0.00542	0.00353	0.01159
120	0.01112	0.00820	0.00932	0.00978	0.01101	0.00763	0.00665	0.01242	0.01570	0.01989	0.05103	0.16410	0.25328	0.30262	0.02335	0.00513	0.00619	0.06975	0.00661	0.00622
121	0.01422	0.00915	0.01176	0.12026	0.01819	0.01000	0.00924	0.01742	0.01552	0.02439	0.02408	0.03458	0.02135	0.16062	0.12562	0.00523	0.00898	0.00876	0.35325	0.00738
122	0.02258	0.02381	0.03254	0.04427	0.49807	0.14930	0.05645	0.02707	0.01987	0.02577	0.01514	0.01956	0.01264	0.00761	0.00817	0.00242	0.01111	0.00713	0.00415	0.01235
123	0.01666	0.04297	0.66500	0.02368	0.03596	0.01929	0.03069	0.02631	0.01754	0.02631	0.01491	0.01754	0.01052	0.00789	0.00789	0.00263	0.01228	0.00614	0.00351	0.01228
124	0.01085	0.00846	0.00984	0.00949	0.01185	0.00745	0.00712	0.01391	0.02136	0.02820	0.38503	0.07047	0.34838	0.01889	0.00981	0.00270	0.00405	0.01620	0.00847	0.00745
125	0.02599	0.30102	0.10367	0.01887	0.02515	0.35196	0.01699	0.02918	0.02028	0.02070	0.01257	0.01463	0.01067	0.00792	0.00670	0.00205	0.01231	0.00509	0.00391	0.01033
126	0.12540	0.21140	0.05119	0.01351	0.01940	0.04686	0.01214	0.02735	0.01930	0.21544	0.03247	0.03126	0.14037	0.01099	0.00730	0.00238	0.00749	0.00832	0.00664	0.01078
127	0.00992	0.00803	0.00881	0.00944	0.01149	0.00693	0.00677	0.01181	0.01795	0.02204	0.07164	0.28304	0.45784	0.02267	0.01007	0.00299	0.00441	0.01952	0.00771	0.00693
128	0.03103	0.03959	0.02354	0.02140	0.02568	0.67469	0.01605	0.03317	0.02354	0.02033	0.01284	0.01498	0.01070	0.00856	0.00749	0.00214	0.01498	0.00535	0.00428	0.00963
129	0.01909	0.08940	0.28739	0.02660	0.03526	0.05529	0.23989	0.02594	0.01799	0.02483	0.01475	0.01886	0.01133	0.00829	0.01052	0.00271	0.08940	0.00739	0.00381	0.01126
130	0.01948	0.01682	0.01765	0.01598	0.02047	0.01917	0.01240	0.04063	0.57334	0.03341	0.03930	0.03633	0.09381	0.01234	0.00860	0.00282	0.00632	0.01028	0.00837	0.01248
131	0.01021	0.00727	0.00961	0.01145	0.01191	0.00681	0.00759	0.01159	0.01573	0.02097	0.04487	0.67216	0.05378	0.05808	0.01209	0.00359	0.00497	0.02307	0.00759	0.00667
132	0.16118	0.03102	0.35618	0.02275	0.03235	0.01886	0.14624	0.02732	0.01789	0.08717	0.01631	0.01876	0.01159	0.00790	0.00780	0.00265	0.01104	0.00678	0.00458	0.01161
133	0.02697	0.03189	0.02749	0.03288	0.27022	0.42069	0.01971	0.03020	0.02175	0.02297	0.01392	0.01715	0.01165	0.00811	0.00778	0.00227	0.01300	0.00615	0.00422	0.01100
134	0.01105	0.00846	0.01013	0.00971	0.01198	0.00754	0.00728	0.01431	0.02185	0.02937	0.44574	0.06855	0.28695	0.01846	0.00981	0.00268	0.00402	0.01593	0.00863	0.00754
135	0.01144	0.00779	0.00925	0.00988	0.01004	0.00763	0.00591	0.01191	0.01333	0.01777	0.03257	0.26580	0.03827	0.48560	0.03195	0.00653	0.00700	0.01584	0.00591	0.00559
136	0.01144	0.01459	0.14316	0.01384	0.01687	0.00932	0.01231	0.01459	0.01643	0.02232	0.04186	0.52458	0.08276	0.02202	0.01000	0.00319	0.00630	0.01968	0.00685	0.00789
137	0.01736	0.01672	0.02328	0.02025	0.02044	0.02300	0.01672	0.01932	0.01312	0.02053	0.01381	0.04994	0.01386	0.01728	0.05887	0.00404	0.59506	0.00810	0.03945	0.00883
138	0.01138	0.00914	0.01036	0.01064	0.01324	0.00834	0.00845	0.01510	0.04901	0.02481	0.13640	0.07880	0.41817	0.02056	0.01014	0.00302	0.00509	0.15192	0.00790	0.00754
139	0.02056	0.01974	0.03372	0.05099	0.65622	0.01974	0.02550	0.02550	0.01892	0.02714	0.01563	0.02056	0.01316	0.00740	0.00822	0.00247	0.00987	0.00740	0.00411	0.01316
140	0.02121	0.48884	0.07684	0.02042	0.02815	0.02891	0.18330	0.02543	0.01766	0.02183	0.01317	0.01604	0.01119	0.00712	0.00669	0.00210	0.01047	0.00600	0.00373	0.01089
141	0.02325	0.24022	0.02463	0.01398	0.01897	0.01768	0.01238	0.02652	0.02054	0.21797	0.13113	0.04236	0.03251	0.01294	0.00824	0.00257	0.00726	0.12886	0.00736	0.01063
142	0.02556	0.05458	0.05619	0.01691	0.02276	0.01988	0.01425	0.10878	0.36519	0.17828	0.02980	0.02746	0.02141	0.01050	0.00822	0.00266	0.00741	0.00850	0.00833	0.01331
143	0.01006	0.00747	0.00939	0.01093	0.01188	0.00680	0.00743	0.01164	0.01652	0.02146	0.05359	0.57607	0.17646	0.02501	0.01044	0.00326	0.00470	0.02238	0.00771	0.00680
144	0.01884	0.01572	0.01809	0.01307	0.02037	0.01273	0.01051	0.08936	0.01969	0.02992	0.01535	0.01753	0.01251	0.00658	0.00640	0.00137	0.00649	0.00521	0.00530	0.67495
145	0.01865	0.01440	0.01629	0.04582	0.01964	0.01518	0.01151	0.21249	0.09157	0.03494	0.14122	0.10075	0.18673	0.01572	0.00925	0.00276	0.00650	0.03839	0.00802	0.01017
146	0.01852	0.01086	0.01137	0.01022	0.01307	0.01141	0.00797	0.13961	0.02153	0.03472	0.02549	0.02886	0.01985	0.01191	0.03389	0.00252	0.00567	0.00774	0.57580	0.00899
147	0.02614	0.02993	0.02370	0.02456	0.12550	0.37991	0.01652	0.03368	0.16297	0.02512	0.01818	0.01966	0.01453	0.00884	0.00774	0.00229	0.01170	0.00657	0.00524	0.05719
148	0.02246	0.01796	0.02337	0.08808	0.15089	0.01744	0.01591	0.18295	0.02356	0.06302	0.01715	0.01960	0.01322	0.00781	0.00745	0.00202	0.00820	0.00649	0.00579	0.30663
149	0.02421	0.02335	0.09172	0.01680	0.02257	0.14997	0.01453	0.14617	0.05381	0.11483	0.06637	0.06344	0.08287	0.01153	0.00826	0.00243	0.00898	0.00913	0.00686	0.08218
150	0.01433	0.08706	0.01649	0.01153	0.01562	0.01217	0.00930	0.01757	0.01958	0.02720	0.25846	0.04586	0.16681	0.01364	0.00921	0.00223	0.04038	0.01121	0.00680	0.21455
151	0.02215	0.01983	0.02194	0.02362	0.15912	0.08308	0.01541	0.17378	0.17674	0.03350	0.03440	0.03416	0.14262	0.01178	0.00854	0.00259	0.00827	0.00971	0.00692	0.01183
152	0.14731	0.10128	0.02228	0.05059	0.02325	0.21680	0.01360	0.08851	0.02249	0.14689	0.07364	0.02206	0.01861	0.00945	0.00736	0.00236	0.00969	0.00684	0.00625	0.01075

[dist]
# distance from previous block
# <min> <max>
9	15

# created by:
# /home/cegg/simao/soft/augustus-3.2.1/scripts/msa2prfl.pl ./align_prep/12954.fa
