[name]
unknown

[dist]
# distance from previous block
# <min> <max>
0	2

[block]
# block no. 0 follows, 21 sequences, length 9
# corresponding to MSA columns:
# 2-10
name=unknown_A
#
# <colnr> <probs for GDERKNQSTAVLIFYWHMCP>
#	G	D	E	R	K	N	Q	S	T	A	V	L	I	F	Y	W	H	M	C	P
0	0.01308	0.00977	0.01378	0.01420	0.01556	0.01092	0.01132	0.01590	0.01539	0.02120	0.03001	0.05633	0.03118	0.14016	0.32408	0.00910	0.05454	0.20039	0.00567	0.00742
1	0.02489	0.03292	0.20884	0.02412	0.09009	0.20759	0.02100	0.16729	0.02559	0.03214	0.06904	0.02195	0.01785	0.00952	0.00827	0.00250	0.01165	0.00728	0.00553	0.01194
2	0.01653	0.02225	0.19575	0.01818	0.02432	0.01581	0.04638	0.02750	0.19924	0.02807	0.03030	0.21971	0.02880	0.01433	0.00901	0.00286	0.00818	0.01257	0.00650	0.07373
3	0.23732	0.01539	0.01574	0.01401	0.01838	0.01669	0.01097	0.13517	0.11279	0.09154	0.03101	0.17888	0.06043	0.01417	0.00822	0.00286	0.00667	0.01151	0.00760	0.01065
4	0.02251	0.11367	0.25299	0.02068	0.02793	0.26263	0.02077	0.02766	0.01955	0.02278	0.01521	0.01880	0.01243	0.01658	0.10615	0.00405	0.01474	0.00621	0.00404	0.01063
5	0.29815	0.18930	0.27061	0.01706	0.02565	0.02278	0.01912	0.02588	0.01650	0.02954	0.01318	0.01539	0.01023	0.00783	0.00641	0.00247	0.00951	0.00525	0.00423	0.01092
6	0.02767	0.02400	0.02689	0.03149	0.26133	0.16752	0.01906	0.09186	0.09393	0.14011	0.02104	0.02232	0.01578	0.00909	0.00831	0.00251	0.01034	0.00752	0.00631	0.01293
7	0.02115	0.01781	0.02579	0.24183	0.19857	0.01979	0.02006	0.16365	0.05988	0.03122	0.01936	0.05631	0.01601	0.01115	0.01024	0.05201	0.00969	0.00854	0.00550	0.01143
8	0.01865	0.03431	0.39780	0.03449	0.23813	0.02007	0.08251	0.02670	0.01862	0.02726	0.01569	0.01943	0.01186	0.00784	0.00837	0.00266	0.01193	0.00705	0.00386	0.01277

[dist]
# distance from previous block
# <min> <max>
0	2

[block]
# block no. 1 follows, 21 sequences, length 119
# corresponding to MSA columns:
# 13-131
name=unknown_B
#
# <colnr> <probs for GDERKNQSTAVLIFYWHMCP>
#	G	D	E	R	K	N	Q	S	T	A	V	L	I	F	Y	W	H	M	C	P
0	0.02007	0.27530	0.37885	0.02188	0.05910	0.02504	0.02444	0.05780	0.01896	0.02596	0.01437	0.01672	0.01115	0.00789	0.00720	0.00237	0.01107	0.00581	0.00390	0.01214
1	0.02019	0.02148	0.21501	0.01638	0.02284	0.01322	0.01654	0.02615	0.05409	0.18731	0.03906	0.17805	0.12360	0.01504	0.00915	0.00288	0.00792	0.01276	0.00728	0.01105
2	0.29843	0.03058	0.02045	0.01970	0.05771	0.39299	0.01434	0.03025	0.02032	0.02758	0.01284	0.01511	0.01046	0.00838	0.00683	0.00237	0.01184	0.00528	0.00470	0.00983
3	0.01806	0.15964	0.54991	0.02256	0.03421	0.02219	0.02849	0.02669	0.01785	0.02574	0.01467	0.01721	0.01080	0.00794	0.00763	0.00254	0.01197	0.00598	0.00360	0.01229
4	0.02133	0.01923	0.01987	0.01734	0.02069	0.14769	0.04024	0.05807	0.05052	0.08363	0.13729	0.14706	0.03361	0.01455	0.01181	0.00280	0.10653	0.01165	0.00684	0.04924
5	0.01212	0.00994	0.01214	0.01225	0.01436	0.00996	0.00982	0.01484	0.01910	0.02446	0.12601	0.10904	0.33654	0.02113	0.01246	0.00323	0.07915	0.15819	0.00759	0.00765
6	0.01738	0.08036	0.62322	0.02372	0.03601	0.02053	0.03052	0.02687	0.01793	0.02657	0.01508	0.01773	0.01079	0.00804	0.00794	0.00265	0.01239	0.00619	0.00360	0.01249
7	0.05526	0.00948	0.01043	0.01004	0.01299	0.00845	0.00758	0.01618	0.02003	0.08235	0.16671	0.13402	0.39666	0.01963	0.00973	0.00287	0.00472	0.01658	0.00824	0.00807
8	0.02875	0.03051	0.02608	0.02709	0.15257	0.33654	0.01805	0.18240	0.02672	0.03066	0.01610	0.01874	0.01290	0.01169	0.04141	0.00293	0.01311	0.00666	0.00542	0.01168
9	0.01006	0.00862	0.00862	0.00862	0.01149	0.00718	0.00647	0.01221	0.01940	0.02299	0.08621	0.08190	0.64438	0.02155	0.01006	0.00287	0.00431	0.01796	0.00790	0.00718
10	0.03179	0.04056	0.02412	0.02192	0.02631	0.66676	0.01644	0.03398	0.02412	0.02083	0.01315	0.01535	0.01096	0.00877	0.00767	0.00219	0.01535	0.00548	0.00438	0.00987
11	0.03107	0.03919	0.02482	0.02397	0.06819	0.62319	0.01709	0.03345	0.02380	0.02130	0.01335	0.01573	0.01113	0.00869	0.00772	0.00221	0.01499	0.00562	0.00437	0.01011
12	0.01006	0.00862	0.00862	0.00862	0.01149	0.00718	0.00647	0.01221	0.01940	0.02299	0.08621	0.08190	0.64438	0.02155	0.01006	0.00287	0.00431	0.01796	0.00790	0.00718
13	0.03818	0.01448	0.01975	0.01514	0.02172	0.01251	0.01251	0.04147	0.02436	0.65373	0.03357	0.02897	0.02107	0.01053	0.00856	0.00263	0.00724	0.00856	0.01053	0.01448
14	0.03179	0.04056	0.02412	0.02192	0.02631	0.66676	0.01644	0.03398	0.02412	0.02083	0.01315	0.01535	0.01096	0.00877	0.00767	0.00219	0.01535	0.00548	0.00438	0.00987
15	0.02106	0.02022	0.03454	0.05223	0.64784	0.02022	0.02612	0.02612	0.01938	0.02780	0.01601	0.02106	0.01348	0.00758	0.00842	0.00253	0.01011	0.00758	0.00421	0.01348
16	0.01037	0.00741	0.00987	0.01185	0.01234	0.00691	0.00790	0.01185	0.01629	0.02172	0.04690	0.69537	0.05629	0.02666	0.01086	0.00346	0.00494	0.02419	0.00790	0.00691
17	0.03818	0.01448	0.01975	0.01514	0.02172	0.01251	0.01251	0.04147	0.02436	0.65373	0.03357	0.02897	0.02107	0.01053	0.00856	0.00263	0.00724	0.00856	0.01053	0.01448
18	0.03179	0.04056	0.02412	0.02192	0.02631	0.66676	0.01644	0.03398	0.02412	0.02083	0.01315	0.01535	0.01096	0.00877	0.00767	0.00219	0.01535	0.00548	0.00438	0.00987
19	0.01006	0.00862	0.00862	0.00862	0.01149	0.00718	0.00647	0.01221	0.01940	0.02299	0.08621	0.08190	0.64438	0.02155	0.01006	0.00287	0.00431	0.01796	0.00790	0.00718
20	0.01037	0.00741	0.00987	0.01185	0.01234	0.00691	0.00790	0.01185	0.01629	0.02172	0.04690	0.69537	0.05629	0.02666	0.01086	0.00346	0.00494	0.02419	0.00790	0.00691
21	0.01286	0.01015	0.01502	0.01462	0.01597	0.01231	0.01150	0.01577	0.01361	0.01983	0.02153	0.03182	0.02018	0.05851	0.59776	0.01260	0.09476	0.00894	0.00447	0.00778
22	0.01006	0.00862	0.00862	0.00862	0.01149	0.00718	0.00647	0.01221	0.01940	0.02299	0.08621	0.08190	0.64438	0.02155	0.01006	0.00287	0.00431	0.01796	0.00790	0.00718
23	0.02117	0.01828	0.01924	0.01732	0.02213	0.02117	0.01347	0.04522	0.63246	0.03560	0.03464	0.03175	0.02598	0.01155	0.00866	0.00289	0.00673	0.00962	0.00866	0.01347
24	0.02972	0.03315	0.02337	0.02058	0.02547	0.42529	0.01579	0.13662	0.15095	0.02946	0.01878	0.01956	0.01463	0.00958	0.00802	0.00240	0.01256	0.00670	0.00596	0.01139
25	0.01343	0.00902	0.01172	0.01086	0.01317	0.00824	0.00821	0.01731	0.02389	0.06851	0.58338	0.06246	0.10291	0.01720	0.00995	0.00268	0.00421	0.01512	0.00937	0.00835
26	0.18987	0.02224	0.02272	0.01777	0.02424	0.02481	0.01467	0.49096	0.03449	0.05029	0.01858	0.01900	0.01334	0.00972	0.00781	0.00257	0.00876	0.00700	0.00781	0.01334
27	0.01371	0.00980	0.01371	0.01567	0.01763	0.00980	0.01371	0.01763	0.01959	0.02547	0.04506	0.09599	0.04898	0.02351	0.01175	0.00392	0.00784	0.59056	0.00784	0.00784
28	0.02080	0.01995	0.03406	0.08554	0.61660	0.02015	0.02599	0.02589	0.01925	0.02748	0.01596	0.02115	0.01337	0.00763	0.00843	0.00254	0.01018	0.00758	0.00419	0.01327
29	0.01707	0.04402	0.65683	0.02426	0.03683	0.01976	0.03144	0.02695	0.01797	0.02695	0.01527	0.01797	0.01078	0.00809	0.00809	0.00270	0.01258	0.00629	0.00359	0.01258
30	0.03179	0.04056	0.02412	0.02192	0.02631	0.66676	0.01644	0.03398	0.02412	0.02083	0.01315	0.01535	0.01096	0.00877	0.00767	0.00219	0.01535	0.00548	0.00438	0.00987
31	0.01246	0.00827	0.00901	0.00901	0.00970	0.00805	0.00545	0.01329	0.01413	0.01940	0.03591	0.05663	0.12248	0.51120	0.03358	0.00665	0.00712	0.01266	0.09920	0.00581
32	0.06348	0.16746	0.26794	0.02043	0.02930	0.02071	0.08282	0.02900	0.01925	0.15331	0.01998	0.02401	0.01518	0.00918	0.00790	0.00259	0.01037	0.03961	0.00542	0.01206
33	0.01952	0.01018	0.01310	0.01250	0.01552	0.00911	0.00953	0.02189	0.01960	0.22066	0.04940	0.25971	0.16298	0.05818	0.01190	0.00340	0.00603	0.07886	0.00857	0.00935
34	0.01769	0.01678	0.02845	0.47643	0.24999	0.01933	0.02444	0.02316	0.01778	0.02371	0.01541	0.02216	0.01204	0.00821	0.00848	0.00274	0.01094	0.00757	0.00392	0.01076
35	0.03179	0.04056	0.02412	0.02192	0.02631	0.66676	0.01644	0.03398	0.02412	0.02083	0.01315	0.01535	0.01096	0.00877	0.00767	0.00219	0.01535	0.00548	0.00438	0.00987
36	0.03241	0.03442	0.02322	0.02047	0.02535	0.49906	0.01563	0.06152	0.05258	0.12945	0.01789	0.01861	0.01350	0.00926	0.00790	0.00231	0.01333	0.00628	0.00580	0.01101
37	0.01078	0.00771	0.01030	0.01198	0.01274	0.00723	0.00831	0.01270	0.01736	0.02332	0.11156	0.58636	0.05840	0.02544	0.01083	0.00340	0.00503	0.06140	0.00805	0.00710
38	0.02095	0.01863	0.03080	0.02331	0.02867	0.01938	0.20374	0.02513	0.01766	0.09325	0.01652	0.02086	0.01316	0.00979	0.01465	0.00270	0.22634	0.00777	0.00498	0.20169
39	0.01220	0.00893	0.01273	0.01273	0.01392	0.01012	0.00945	0.01459	0.01340	0.01905	0.02366	0.03824	0.02336	0.20155	0.53233	0.01250	0.01965	0.00982	0.00469	0.00707
40	0.03659	0.01703	0.02133	0.01635	0.02300	0.01629	0.01351	0.19897	0.02862	0.49021	0.02999	0.02664	0.01927	0.01045	0.00855	0.00261	0.00782	0.00831	0.00998	0.01448
41	0.02106	0.02022	0.03454	0.05223	0.64784	0.02022	0.02612	0.02612	0.01938	0.02780	0.01601	0.02106	0.01348	0.00758	0.00842	0.00253	0.01011	0.00758	0.00421	0.01348
42	0.01197	0.00808	0.00940	0.00981	0.00991	0.00798	0.00572	0.01227	0.01317	0.01757	0.03091	0.18620	0.03611	0.56336	0.03669	0.00727	0.00757	0.01479	0.00572	0.00551
43	0.01012	0.00836	0.00889	0.00932	0.01168	0.00713	0.00678	0.01213	0.01873	0.02272	0.07771	0.21452	0.51725	0.02266	0.01023	0.00300	0.00445	0.01931	0.00790	0.00713
44	0.03179	0.04056	0.02412	0.02192	0.02631	0.66676	0.01644	0.03398	0.02412	0.02083	0.01315	0.01535	0.01096	0.00877	0.00767	0.00219	0.01535	0.00548	0.00438	0.00987
45	0.02275	0.70604	0.04459	0.01456	0.02184	0.03367	0.01456	0.02548	0.01729	0.02002	0.01183	0.01365	0.01092	0.00728	0.00546	0.00182	0.00910	0.00455	0.00364	0.01092
46	0.01371	0.00980	0.01371	0.01567	0.01763	0.00980	0.01371	0.01763	0.01959	0.02547	0.04506	0.09599	0.04898	0.02351	0.01175	0.00392	0.00784	0.59056	0.00784	0.00784
47	0.01998	0.01912	0.03259	0.18804	0.52046	0.01994	0.02558	0.02517	0.01887	0.02649	0.01582	0.02141	0.01302	0.00778	0.00844	0.00259	0.01038	0.00758	0.00412	0.01261
48	0.03235	0.02384	0.02554	0.01958	0.02639	0.02639	0.01618	0.61946	0.04001	0.05363	0.02043	0.02043	0.01447	0.01022	0.00851	0.00255	0.00936	0.00766	0.00851	0.01447
49	0.01216	0.00912	0.01368	0.01368	0.01520	0.01064	0.01064	0.01520	0.01368	0.01976	0.02279	0.03343	0.02127	0.06382	0.66720	0.01368	0.02279	0.00912	0.00456	0.00760
50	0.01677	0.00880	0.00890	0.00857	0.01082	0.00895	0.00651	0.05275	0.01906	0.03293	0.02736	0.03111	0.02141	0.00993	0.00609	0.00201	0.00426	0.00792	0.70756	0.00829
51	0.01204	0.00870	0.01138	0.01071	0.01271	0.00803	0.00803	0.01606	0.02409	0.03413	0.64335	0.06357	0.08030	0.01740	0.01004	0.00268	0.00401	0.01539	0.00937	0.00803
52	0.03179	0.04056	0.02412	0.02192	0.02631	0.66676	0.01644	0.03398	0.02412	0.02083	0.01315	0.01535	0.01096	0.00877	0.00767	0.00219	0.01535	0.00548	0.00438	0.00987
53	0.01047	0.00759	0.00970	0.01133	0.01204	0.00703	0.00756	0.01192	0.01637	0.02151	0.04982	0.58564	0.11845	0.07154	0.01296	0.00372	0.00509	0.02272	0.00772	0.00682
54	0.01006	0.00862	0.00862	0.00862	0.01149	0.00718	0.00647	0.01221	0.01940	0.02299	0.08621	0.08190	0.64438	0.02155	0.01006	0.00287	0.00431	0.01796	0.00790	0.00718
55	0.02009	0.02296	0.05022	0.03587	0.04448	0.02152	0.61693	0.02726	0.02009	0.02726	0.01722	0.02296	0.01291	0.00717	0.01004	0.00287	0.01435	0.01004	0.00430	0.01148
56	0.03449	0.02041	0.02342	0.01795	0.02468	0.02130	0.01483	0.40765	0.03427	0.27355	0.02525	0.02356	0.01689	0.01033	0.00853	0.00258	0.00859	0.00799	0.00925	0.01448
57	0.01099	0.00871	0.00991	0.00978	0.01228	0.00764	0.00744	0.01393	0.02113	0.02722	0.28892	0.07593	0.40417	0.02013	0.01014	0.00286	0.00440	0.04845	0.00844	0.00753
58	0.02962	0.03601	0.02312	0.02098	0.02546	0.53505	0.01584	0.03627	0.14823	0.02384	0.01754	0.01869	0.01403	0.00934	0.00787	0.00233	0.01359	0.00633	0.00526	0.01060
59	0.03179	0.04056	0.02412	0.02192	0.02631	0.66676	0.01644	0.03398	0.02412	0.02083	0.01315	0.01535	0.01096	0.00877	0.00767	0.00219	0.01535	0.00548	0.00438	0.00987
60	0.01024	0.00792	0.00934	0.01048	0.01198	0.00703	0.00729	0.01200	0.01761	0.02226	0.06352	0.43599	0.30494	0.02450	0.01052	0.00321	0.00467	0.02156	0.00790	0.00703
61	0.03049	0.03339	0.02350	0.02032	0.02534	0.43032	0.01569	0.20805	0.02856	0.03081	0.02026	0.02136	0.05469	0.01006	0.00809	0.00235	0.01281	0.00698	0.00586	0.01107
62	0.03376	0.02250	0.02403	0.01862	0.02523	0.06012	0.01529	0.44283	0.03523	0.19984	0.02325	0.02224	0.01590	0.01021	0.00848	0.00255	0.00919	0.00776	0.00877	0.01421
63	0.02800	0.20386	0.07154	0.02002	0.02569	0.43269	0.01683	0.03201	0.05427	0.02182	0.01411	0.01597	0.01174	0.00850	0.00721	0.00217	0.01316	0.00553	0.00437	0.01050
64	0.01197	0.00808	0.00940	0.00981	0.00991	0.00798	0.00572	0.01227	0.01317	0.01757	0.03091	0.18620	0.03611	0.56336	0.03669	0.00727	0.00757	0.01479	0.00572	0.00551
65	0.01248	0.00952	0.01402	0.01384	0.01520	0.01124	0.01071	0.01529	0.01357	0.01961	0.02247	0.03398	0.02134	0.09737	0.60158	0.01290	0.05356	0.00922	0.00455	0.00754
66	0.03078	0.03598	0.02377	0.02107	0.02570	0.52232	0.01607	0.13120	0.02620	0.02627	0.01492	0.01722	0.01213	0.01211	0.04496	0.00290	0.01476	0.00605	0.00509	0.01051
67	0.01191	0.00866	0.01180	0.01294	0.01386	0.00908	0.00952	0.01414	0.01607	0.02236	0.03881	0.42135	0.04396	0.03161	0.13661	0.00537	0.04692	0.08080	0.05690	0.00735
68	0.02176	0.01858	0.01958	0.01744	0.02236	0.02144	0.01361	0.07566	0.60106	0.03656	0.03388	0.03115	0.02537	0.01148	0.00865	0.00287	0.00687	0.00952	0.00865	0.01352
69	0.01586	0.00793	0.00793	0.00793	0.00991	0.00793	0.00595	0.01983	0.01785	0.03173	0.02776	0.03173	0.02181	0.00991	0.00595	0.00198	0.00397	0.00793	0.74817	0.00793
70	0.01037	0.00741	0.00987	0.01185	0.01234	0.00691	0.00790	0.01185	0.01629	0.02172	0.04690	0.69537	0.05629	0.02666	0.01086	0.00346	0.00494	0.02419	0.00790	0.00691
71	0.01765	0.01513	0.01765	0.01260	0.02017	0.01134	0.01008	0.02143	0.01765	0.02773	0.01513	0.01765	0.01260	0.00630	0.00630	0.00126	0.00630	0.00504	0.00504	0.75295
72	0.01204	0.00870	0.01138	0.01071	0.01271	0.00803	0.00803	0.01606	0.02409	0.03413	0.64335	0.06357	0.08030	0.01740	0.01004	0.00268	0.00401	0.01539	0.00937	0.00803
73	0.01831	0.01817	0.02548	0.02193	0.02200	0.02533	0.01824	0.02023	0.01306	0.02045	0.01173	0.01932	0.01165	0.01723	0.05841	0.00420	0.65376	0.00753	0.00376	0.00923
74	0.02823	0.01814	0.02045	0.01682	0.02254	0.01935	0.01352	0.19383	0.27225	0.21180	0.03350	0.03081	0.05641	0.01148	0.00867	0.00273	0.00743	0.00928	0.00910	0.01366
75	0.01006	0.00862	0.00862	0.00862	0.01149	0.00718	0.00647	0.01221	0.01940	0.02299	0.08621	0.08190	0.64438	0.02155	0.01006	0.00287	0.00431	0.01796	0.00790	0.00718
76	0.01765	0.01513	0.01765	0.01260	0.02017	0.01134	0.01008	0.02143	0.01765	0.02773	0.01513	0.01765	0.01260	0.00630	0.00630	0.00126	0.00630	0.00504	0.00504	0.75295
77	0.01607	0.01513	0.02552	0.68047	0.05861	0.01891	0.02363	0.02174	0.01702	0.02174	0.01513	0.02269	0.01134	0.00851	0.00851	0.00284	0.01134	0.00756	0.00378	0.00945
78	0.03179	0.04056	0.02412	0.02192	0.02631	0.66676	0.01644	0.03398	0.02412	0.02083	0.01315	0.01535	0.01096	0.00877	0.00767	0.00219	0.01535	0.00548	0.00438	0.00987
79	0.01765	0.01513	0.01765	0.01260	0.02017	0.01134	0.01008	0.02143	0.01765	0.02773	0.01513	0.01765	0.01260	0.00630	0.00630	0.00126	0.00630	0.00504	0.00504	0.75295
80	0.01216	0.00912	0.01368	0.01368	0.01520	0.01064	0.01064	0.01520	0.01368	0.01976	0.02279	0.03343	0.02127	0.06382	0.66720	0.01368	0.02279	0.00912	0.00456	0.00760
81	0.02953	0.03462	0.02316	0.02077	0.02541	0.48405	0.01578	0.07586	0.15670	0.02623	0.01829	0.01924	0.01444	0.00947	0.00794	0.00237	0.01308	0.00652	0.00559	0.01096
82	0.03179	0.04056	0.02412	0.02192	0.02631	0.66676	0.01644	0.03398	0.02412	0.02083	0.01315	0.01535	0.01096	0.00877	0.00767	0.00219	0.01535	0.00548	0.00438	0.00987
83	0.01162	0.00968	0.01026	0.00993	0.01287	0.00885	0.00750	0.01648	0.08682	0.02633	0.17919	0.07321	0.47741	0.01973	0.00990	0.00284	0.00452	0.01660	0.00824	0.00802
84	0.01799	0.01959	0.04149	0.03068	0.03753	0.01836	0.48527	0.02393	0.01927	0.02606	0.02363	0.16831	0.02229	0.01139	0.01022	0.00300	0.01231	0.01310	0.00508	0.01049
85	0.02275	0.70604	0.04459	0.01456	0.02184	0.03367	0.01456	0.02548	0.01729	0.02002	0.01183	0.01365	0.01092	0.00728	0.00546	0.00182	0.00910	0.00455	0.00364	0.01092
86	0.01220	0.00935	0.01143	0.01045	0.01323	0.00819	0.00791	0.01579	0.02240	0.03105	0.45758	0.06276	0.19520	0.01714	0.00965	0.00257	0.00432	0.01487	0.00860	0.08532
87	0.08042	0.07641	0.02449	0.02079	0.02539	0.58746	0.01585	0.03290	0.02308	0.02195	0.01299	0.01515	0.01084	0.00863	0.00739	0.00220	0.01440	0.00537	0.00440	0.00988
88	0.01920	0.01621	0.01754	0.01589	0.02009	0.01833	0.01229	0.03892	0.50095	0.03528	0.16622	0.03863	0.03772	0.01281	0.00896	0.00284	0.00615	0.01087	0.00881	0.01229
89	0.01006	0.00862	0.00862	0.00862	0.01149	0.00718	0.00647	0.01221	0.01940	0.02299	0.08621	0.08190	0.64438	0.02155	0.01006	0.00287	0.00431	0.01796	0.00790	0.00718
90	0.02117	0.01828	0.01924	0.01732	0.02213	0.02117	0.01347	0.04522	0.63246	0.03560	0.03464	0.03175	0.02598	0.01155	0.00866	0.00289	0.00673	0.00962	0.00866	0.01347
91	0.03081	0.03286	0.02404	0.02068	0.02588	0.39437	0.01604	0.22013	0.09521	0.03279	0.01779	0.01873	0.01370	0.00953	0.00805	0.00238	0.01252	0.00662	0.00615	0.01171
92	0.03179	0.04056	0.02412	0.02192	0.02631	0.66676	0.01644	0.03398	0.02412	0.02083	0.01315	0.01535	0.01096	0.00877	0.00767	0.00219	0.01535	0.00548	0.00438	0.00987
93	0.01014	0.00831	0.00894	0.00945	0.01171	0.00711	0.00684	0.01212	0.01860	0.02266	0.07607	0.24009	0.49274	0.02287	0.01027	0.00302	0.00447	0.01957	0.00790	0.00711
94	0.03235	0.02384	0.02554	0.01958	0.02639	0.02639	0.01618	0.61946	0.04001	0.05363	0.02043	0.02043	0.01447	0.01022	0.00851	0.00255	0.00936	0.00766	0.00851	0.01447
95	0.01195	0.00862	0.01129	0.01077	0.01269	0.00796	0.00802	0.01582	0.02364	0.03341	0.60874	0.10023	0.07890	0.01794	0.01009	0.00272	0.00407	0.01590	0.00928	0.00796
96	0.02430	0.59446	0.04137	0.01552	0.02259	0.06855	0.01484	0.09048	0.02014	0.02372	0.01284	0.01448	0.01131	0.00768	0.00592	0.00192	0.00948	0.00494	0.00421	0.01125
97	0.02275	0.70604	0.04459	0.01456	0.02184	0.03367	0.01456	0.02548	0.01729	0.02002	0.01183	0.01365	0.01092	0.00728	0.00546	0.00182	0.00910	0.00455	0.00364	0.01092
98	0.21664	0.02349	0.01977	0.01689	0.02219	0.16051	0.01334	0.19244	0.12253	0.03701	0.01994	0.05149	0.01611	0.01013	0.00753	0.00254	0.00917	0.00739	0.00662	0.04427
99	0.02453	0.01388	0.01648	0.01404	0.01886	0.01366	0.01112	0.03411	0.21212	0.27075	0.10604	0.04411	0.15572	0.01379	0.00904	0.00277	0.00616	0.01149	0.00930	0.01203
100	0.02085	0.48396	0.24997	0.01781	0.02687	0.02901	0.02022	0.02597	0.01752	0.02235	0.01299	0.01510	0.01087	0.00755	0.00634	0.00211	0.01027	0.00513	0.00362	0.01148
101	0.02106	0.02022	0.03454	0.05223	0.64784	0.02022	0.02612	0.02612	0.01938	0.02780	0.01601	0.02106	0.01348	0.00758	0.00842	0.00253	0.01011	0.00758	0.00421	0.01348
102	0.01023	0.00863	0.00885	0.00880	0.01160	0.00726	0.00660	0.01254	0.01980	0.02393	0.13349	0.08034	0.59651	0.02120	0.01006	0.00286	0.00429	0.01774	0.00803	0.00726
103	0.02106	0.02022	0.03454	0.05223	0.64784	0.02022	0.02612	0.02612	0.01938	0.02780	0.01601	0.02106	0.01348	0.00758	0.00842	0.00253	0.01011	0.00758	0.00421	0.01348
104	0.01768	0.03974	0.53371	0.02661	0.03838	0.02012	0.15027	0.02701	0.01840	0.02701	0.01567	0.01898	0.01121	0.00790	0.00848	0.00273	0.01294	0.00705	0.00374	0.01235
105	0.02816	0.13231	0.02933	0.02741	0.16002	0.43552	0.01826	0.03105	0.02211	0.02222	0.01358	0.01634	0.01150	0.00830	0.00752	0.00221	0.01331	0.00580	0.00424	0.01080
106	0.02052	0.02047	0.03732	0.09103	0.47770	0.02041	0.15367	0.02607	0.01937	0.02728	0.01621	0.02158	0.01321	0.00756	0.00878	0.00262	0.01111	0.00811	0.00420	0.01278
107	0.02527	0.11602	0.09596	0.02230	0.05621	0.29614	0.04216	0.03341	0.15328	0.02517	0.01809	0.01968	0.01439	0.00923	0.00859	0.00245	0.03856	0.00671	0.00509	0.01129
108	0.01314	0.01028	0.01222	0.01308	0.01482	0.01060	0.00926	0.02047	0.17535	0.02537	0.04596	0.48969	0.08160	0.02248	0.01025	0.00328	0.00537	0.02008	0.00810	0.00862
109	0.01064	0.00757	0.01002	0.01189	0.01242	0.00713	0.00802	0.01215	0.01623	0.02161	0.04568	0.63077	0.05451	0.06448	0.01273	0.00375	0.00526	0.05053	0.00774	0.00686
110	0.02294	0.02543	0.02899	0.02368	0.02762	0.21062	0.14599	0.05808	0.04714	0.02467	0.02060	0.02435	0.06305	0.01157	0.01483	0.00292	0.22406	0.00838	0.00485	0.01023
111	0.02383	0.01987	0.02390	0.02380	0.12515	0.02243	0.01657	0.22141	0.24079	0.03775	0.02740	0.02778	0.05348	0.01140	0.01075	0.00281	0.08170	0.00889	0.00731	0.01299
112	0.01238	0.00825	0.00928	0.00928	0.00928	0.00825	0.00516	0.01238	0.01238	0.01650	0.02681	0.05569	0.03094	0.70092	0.04331	0.00825	0.00825	0.01238	0.00516	0.00516
113	0.01930	0.05662	0.17255	0.19340	0.03753	0.08931	0.08044	0.02456	0.01721	0.02295	0.01395	0.01938	0.01126	0.00997	0.01357	0.00293	0.19366	0.00713	0.00383	0.01043
114	0.02522	0.02996	0.15219	0.02211	0.06297	0.19313	0.01889	0.09691	0.21539	0.06408	0.02234	0.02262	0.01669	0.00968	0.00824	0.00259	0.01072	0.00746	0.00631	0.01248
115	0.02414	0.02333	0.02800	0.07228	0.32648	0.15171	0.02068	0.03215	0.13733	0.06970	0.02011	0.02256	0.01574	0.00883	0.00833	0.00255	0.01041	0.00761	0.00550	0.01258
116	0.01216	0.00912	0.01368	0.01368	0.01520	0.01064	0.01064	0.01520	0.01368	0.01976	0.02279	0.03343	0.02127	0.06382	0.66720	0.01368	0.02279	0.00912	0.00456	0.00760
117	0.10694	0.20228	0.06173	0.02870	0.22443	0.15577	0.01909	0.02716	0.01884	0.02510	0.01358	0.01688	0.01157	0.00821	0.00820	0.00236	0.04771	0.00596	0.00416	0.01133
118	0.02171	0.01969	0.02972	0.03910	0.41515	0.02002	0.02152	0.09321	0.05563	0.03072	0.01715	0.02096	0.01404	0.00834	0.00927	0.00244	0.04847	0.00733	0.00504	0.12050

[dist]
# distance from previous block
# <min> <max>
4	7

[block]
# block no. 2 follows, 21 sequences, length 25
# corresponding to MSA columns:
# 139-163
name=unknown_C
#
# <colnr> <probs for GDERKNQSTAVLIFYWHMCP>
#	G	D	E	R	K	N	Q	S	T	A	V	L	I	F	Y	W	H	M	C	P
0	0.01583	0.01343	0.01310	0.01176	0.01535	0.05069	0.00910	0.12849	0.02418	0.03009	0.14214	0.06391	0.41381	0.01810	0.00962	0.00275	0.00589	0.01493	0.00800	0.00883
1	0.01052	0.00806	0.00966	0.01048	0.01209	0.00719	0.00740	0.01266	0.01868	0.02418	0.15705	0.36949	0.27529	0.02330	0.01044	0.00312	0.00456	0.02050	0.00814	0.00719
2	0.02106	0.02022	0.03454	0.05223	0.64784	0.02022	0.02612	0.02612	0.01938	0.02780	0.01601	0.02106	0.01348	0.00758	0.00842	0.00253	0.01011	0.00758	0.00421	0.01348
3	0.01853	0.01836	0.02986	0.06350	0.02874	0.02210	0.16215	0.02221	0.01567	0.02358	0.01447	0.02091	0.01256	0.01167	0.01923	0.00316	0.38253	0.00796	0.06410	0.05870
4	0.01006	0.00862	0.00862	0.00862	0.01149	0.00718	0.00647	0.01221	0.01940	0.02299	0.08621	0.08190	0.64438	0.02155	0.01006	0.00287	0.00431	0.01796	0.00790	0.00718
5	0.01707	0.04402	0.65683	0.02426	0.03683	0.01976	0.03144	0.02695	0.01797	0.02695	0.01527	0.01797	0.01078	0.00809	0.00809	0.00270	0.01258	0.00629	0.00359	0.01258
6	0.01748	0.01752	0.01950	0.01708	0.02028	0.10051	0.06345	0.02418	0.13450	0.02545	0.07177	0.09102	0.20952	0.01576	0.01270	0.00297	0.12766	0.01255	0.00661	0.00948
7	0.01238	0.00825	0.00928	0.00928	0.00928	0.00825	0.00516	0.01238	0.01238	0.01650	0.02681	0.05569	0.03094	0.70092	0.04331	0.00825	0.00825	0.01238	0.00516	0.00516
8	0.03179	0.04056	0.02412	0.02192	0.02631	0.66676	0.01644	0.03398	0.02412	0.02083	0.01315	0.01535	0.01096	0.00877	0.00767	0.00219	0.01535	0.00548	0.00438	0.00987
9	0.02275	0.70604	0.04459	0.01456	0.02184	0.03367	0.01456	0.02548	0.01729	0.02002	0.01183	0.01365	0.01092	0.00728	0.00546	0.00182	0.00910	0.00455	0.00364	0.01092
10	0.02538	0.02996	0.02711	0.02284	0.02732	0.36854	0.12841	0.03017	0.07039	0.02286	0.01705	0.02210	0.01453	0.05747	0.05516	0.00362	0.05490	0.00748	0.00474	0.00997
11	0.01151	0.00893	0.01054	0.01054	0.01271	0.00821	0.00774	0.01544	0.05268	0.02796	0.30382	0.18743	0.27076	0.02030	0.01013	0.00290	0.00443	0.01765	0.00854	0.00781
12	0.01360	0.05427	0.01366	0.01288	0.05272	0.01092	0.00768	0.01440	0.01328	0.01779	0.02474	0.04853	0.02755	0.54843	0.09925	0.00799	0.00984	0.01124	0.00494	0.00632
13	0.03292	0.02293	0.02498	0.01915	0.02594	0.02504	0.01582	0.56325	0.03849	0.11200	0.02171	0.02126	0.01511	0.01025	0.00852	0.00256	0.00916	0.00775	0.00871	0.01447
14	0.03818	0.01448	0.01975	0.01514	0.02172	0.01251	0.01251	0.04147	0.02436	0.65373	0.03357	0.02897	0.02107	0.01053	0.00856	0.00263	0.00724	0.00856	0.01053	0.01448
15	0.01037	0.00741	0.00987	0.01185	0.01234	0.00691	0.00790	0.01185	0.01629	0.02172	0.04690	0.69537	0.05629	0.02666	0.01086	0.00346	0.00494	0.02419	0.00790	0.00691
16	0.03078	0.03670	0.02377	0.02123	0.02590	0.53975	0.01612	0.09205	0.08665	0.02550	0.01602	0.01749	0.01281	0.00919	0.00785	0.00230	0.01390	0.00611	0.00521	0.01068
17	0.03179	0.04056	0.02412	0.02192	0.02631	0.66676	0.01644	0.03398	0.02412	0.02083	0.01315	0.01535	0.01096	0.00877	0.00767	0.00219	0.01535	0.00548	0.00438	0.00987
18	0.01082	0.00818	0.01012	0.01148	0.01295	0.00747	0.00842	0.01292	0.01780	0.02273	0.05873	0.40716	0.23656	0.02456	0.01076	0.00335	0.00522	0.11572	0.00789	0.00715
19	0.01947	0.19608	0.30142	0.02591	0.03585	0.02371	0.22823	0.02670	0.01853	0.02539	0.01511	0.01864	0.01155	0.00758	0.00813	0.00254	0.01235	0.00716	0.00385	0.01180
20	0.01782	0.01766	0.02661	0.02240	0.02346	0.02338	0.07565	0.02037	0.01381	0.02103	0.01345	0.02120	0.01281	0.02126	0.11919	0.00509	0.52370	0.00794	0.00390	0.00927
21	0.01759	0.01016	0.01176	0.01050	0.01428	0.00865	0.00818	0.02020	0.02108	0.18931	0.11742	0.06654	0.43534	0.01833	0.00966	0.00279	0.00506	0.01529	0.00871	0.00917
22	0.02106	0.02022	0.03454	0.05223	0.64784	0.02022	0.02612	0.02612	0.01938	0.02780	0.01601	0.02106	0.01348	0.00758	0.00842	0.00253	0.01011	0.00758	0.00421	0.01348
23	0.01575	0.00978	0.01257	0.01215	0.01498	0.00893	0.00978	0.01924	0.02198	0.11732	0.28586	0.07083	0.18436	0.01887	0.01027	0.00303	0.00551	0.16126	0.00883	0.00871
24	0.02369	0.01843	0.02058	0.01569	0.02234	0.01777	0.01265	0.29022	0.02762	0.03892	0.02008	0.07365	0.01698	0.00971	0.00767	0.00202	0.00757	0.00777	0.00684	0.35981

[dist]
# distance from previous block
# <min> <max>
5	7

[block]
# block no. 3 follows, 21 sequences, length 34
# corresponding to MSA columns:
# 172-205
name=unknown_D
#
# <colnr> <probs for GDERKNQSTAVLIFYWHMCP>
#	G	D	E	R	K	N	Q	S	T	A	V	L	I	F	Y	W	H	M	C	P
0	0.02474	0.01896	0.02206	0.02112	0.09192	0.02079	0.01510	0.19683	0.30911	0.08568	0.07728	0.02982	0.02543	0.01114	0.00870	0.00272	0.00765	0.00924	0.00832	0.01338
1	0.02207	0.02155	0.03899	0.03357	0.15342	0.02121	0.33373	0.14898	0.02404	0.03252	0.02281	0.02647	0.06050	0.00896	0.00942	0.00274	0.01175	0.00967	0.00543	0.01216
2	0.02173	0.01838	0.02025	0.01925	0.06310	0.02071	0.01412	0.11339	0.47211	0.03640	0.03548	0.03337	0.06989	0.01187	0.00873	0.00282	0.00711	0.00986	0.00829	0.01313
3	0.01217	0.00905	0.01335	0.01335	0.01475	0.01046	0.01023	0.01499	0.01358	0.01951	0.02309	0.03509	0.02200	0.11140	0.62061	0.01327	0.02171	0.00936	0.00460	0.00742
4	0.76103	0.01646	0.01251	0.01119	0.01646	0.01909	0.00922	0.02502	0.01448	0.03818	0.01185	0.01382	0.00922	0.00790	0.00527	0.00263	0.00658	0.00461	0.00527	0.00922
5	0.02838	0.03340	0.02255	0.02044	0.02497	0.45935	0.01549	0.03759	0.21956	0.02557	0.02006	0.02062	0.01579	0.00966	0.00799	0.00242	0.01258	0.00681	0.00576	0.01102
6	0.01155	0.00868	0.01069	0.01018	0.01241	0.00782	0.00764	0.01510	0.02291	0.03133	0.50370	0.06816	0.22169	0.01844	0.01004	0.00273	0.00409	0.01603	0.00900	0.00782
7	0.01086	0.00777	0.01037	0.01191	0.01274	0.00728	0.00830	0.01291	0.01777	0.02398	0.14372	0.55405	0.05972	0.02495	0.01079	0.00336	0.00497	0.05927	0.00813	0.00715
8	0.03235	0.02384	0.02554	0.01958	0.02639	0.02639	0.01618	0.61946	0.04001	0.05363	0.02043	0.02043	0.01447	0.01022	0.00851	0.00255	0.00936	0.00766	0.00851	0.01447
9	0.01923	0.29613	0.42368	0.02056	0.03112	0.02506	0.02501	0.02639	0.01771	0.02431	0.01396	0.01632	0.01083	0.00778	0.00709	0.00236	0.01125	0.00563	0.00361	0.01195
10	0.01607	0.01513	0.02552	0.68047	0.05861	0.01891	0.02363	0.02174	0.01702	0.02174	0.01513	0.02269	0.01134	0.00851	0.00851	0.00284	0.01134	0.00756	0.00378	0.00945
11	0.01037	0.00741	0.00987	0.01185	0.01234	0.00691	0.00790	0.01185	0.01629	0.02172	0.04690	0.69537	0.05629	0.02666	0.01086	0.00346	0.00494	0.02419	0.00790	0.00691
12	0.02106	0.02022	0.03454	0.05223	0.64784	0.02022	0.02612	0.02612	0.01938	0.02780	0.01601	0.02106	0.01348	0.00758	0.00842	0.00253	0.01011	0.00758	0.00421	0.01348
13	0.03097	0.10901	0.02685	0.02035	0.02584	0.39079	0.01615	0.22114	0.02847	0.03128	0.01535	0.01679	0.01209	0.00907	0.00770	0.00227	0.01273	0.00608	0.00563	0.01146
14	0.02023	0.01937	0.03304	0.15704	0.54954	0.02000	0.02570	0.02539	0.01898	0.02679	0.01586	0.02133	0.01312	0.00774	0.00844	0.00258	0.01032	0.00758	0.00414	0.01281
15	0.01894	0.07319	0.24918	0.02781	0.03590	0.02265	0.25806	0.02565	0.01774	0.02530	0.01497	0.01979	0.01171	0.00907	0.01276	0.00292	0.15122	0.00789	0.00390	0.01137
16	0.01938	0.01850	0.03150	0.26394	0.44927	0.01978	0.02528	0.02464	0.01858	0.02576	0.01571	0.02161	0.01276	0.00789	0.00845	0.00263	0.01053	0.00758	0.00407	0.01212
17	0.02275	0.70604	0.04459	0.01456	0.02184	0.03367	0.01456	0.02548	0.01729	0.02002	0.01183	0.01365	0.01092	0.00728	0.00546	0.00182	0.00910	0.00455	0.00364	0.01092
18	0.02136	0.01761	0.02177	0.01831	0.02062	0.02162	0.01467	0.21098	0.02162	0.03032	0.01800	0.02738	0.01676	0.14799	0.07236	0.00496	0.28946	0.00858	0.00560	0.01005
19	0.01707	0.04402	0.65683	0.02426	0.03683	0.01976	0.03144	0.02695	0.01797	0.02695	0.01527	0.01797	0.01078	0.00809	0.00809	0.00270	0.01258	0.00629	0.00359	0.01258
20	0.01862	0.01862	0.02607	0.02234	0.02234	0.02607	0.01862	0.02048	0.01303	0.02048	0.01117	0.01862	0.01117	0.01489	0.02793	0.00372	0.68535	0.00745	0.00372	0.00931
21	0.01037	0.00741	0.00987	0.01185	0.01234	0.00691	0.00790	0.01185	0.01629	0.02172	0.04690	0.69537	0.05629	0.02666	0.01086	0.00346	0.00494	0.02419	0.00790	0.00691
22	0.01707	0.04402	0.65683	0.02426	0.03683	0.01976	0.03144	0.02695	0.01797	0.02695	0.01527	0.01797	0.01078	0.00809	0.00809	0.00270	0.01258	0.00629	0.00359	0.01258
23	0.01124	0.00807	0.01071	0.01165	0.01283	0.00754	0.00833	0.01388	0.01958	0.02685	0.28175	0.40784	0.06527	0.02281	0.01059	0.00318	0.00476	0.05723	0.00847	0.00741
24	0.01216	0.00912	0.01368	0.01368	0.01520	0.01064	0.01064	0.01520	0.01368	0.01976	0.02279	0.03343	0.02127	0.06382	0.66720	0.01368	0.02279	0.00912	0.00456	0.00760
25	0.01058	0.00867	0.00923	0.00926	0.01185	0.00747	0.00696	0.01294	0.01961	0.02406	0.14355	0.07938	0.52142	0.05277	0.01169	0.00316	0.00465	0.04762	0.00794	0.00722
26	0.03818	0.01448	0.01975	0.01514	0.02172	0.01251	0.01251	0.04147	0.02436	0.65373	0.03357	0.02897	0.02107	0.01053	0.00856	0.00263	0.00724	0.00856	0.01053	0.01448
27	0.01996	0.01935	0.03374	0.18167	0.48421	0.02004	0.06592	0.02529	0.01894	0.02651	0.01591	0.02153	0.01300	0.00775	0.00855	0.00261	0.01066	0.00775	0.00413	0.01251
28	0.01145	0.00880	0.01061	0.01094	0.01319	0.00796	0.00854	0.01450	0.02068	0.02687	0.24810	0.12097	0.30678	0.02101	0.01045	0.00307	0.00499	0.13518	0.00834	0.00756
29	0.02849	0.03195	0.02551	0.02193	0.02621	0.38495	0.04374	0.12770	0.06624	0.02742	0.01567	0.01817	0.01268	0.01012	0.01128	0.00258	0.12263	0.00665	0.00524	0.01085
30	0.01217	0.00906	0.01339	0.01339	0.01481	0.01048	0.01028	0.01501	0.01359	0.01954	0.02306	0.03490	0.02191	0.10581	0.62608	0.01332	0.02184	0.00933	0.00460	0.00744
31	0.76103	0.01646	0.01251	0.01119	0.01646	0.01909	0.00922	0.02502	0.01448	0.03818	0.01185	0.01382	0.00922	0.00790	0.00527	0.00263	0.00658	0.00461	0.00527	0.00922
32	0.01027	0.00779	0.00948	0.01083	0.01207	0.00700	0.00745	0.01196	0.01727	0.02212	0.05934	0.50133	0.24230	0.02505	0.01061	0.00327	0.00474	0.02222	0.00790	0.00700
33	0.01238	0.00825	0.00928	0.00928	0.00928	0.00825	0.00516	0.01238	0.01238	0.01650	0.02681	0.05569	0.03094	0.70092	0.04331	0.00825	0.00825	0.01238	0.00516	0.00516

[dist]
# distance from previous block
# <min> <max>
0	0

# created by:
# /home/cegg/simao/soft/augustus-3.2.1/scripts/msa2prfl.pl ./align_prep/12962.fa
