[name]
unknown

[dist]
# distance from previous block
# <min> <max>
0	1

[block]
# block no. 0 follows, 22 sequences, length 7
# corresponding to MSA columns:
# 1-7
name=unknown_A
#
# <colnr> <probs for GDERKNQSTAVLIFYWHMCP>
#	G	D	E	R	K	N	Q	S	T	A	V	L	I	F	Y	W	H	M	C	P
0	0.01392	0.01077	0.01606	0.17119	0.02648	0.01162	0.01563	0.01814	0.01854	0.02402	0.03721	0.07713	0.03930	0.01956	0.01074	0.00358	0.00844	0.46292	0.00673	0.00802
1	0.01998	0.18084	0.02273	0.01568	0.01903	0.22433	0.01239	0.02200	0.01856	0.02057	0.02824	0.23662	0.07356	0.01506	0.00940	0.00259	0.05232	0.01195	0.00542	0.00873
2	0.02052	0.02017	0.01792	0.01461	0.02015	0.16583	0.01138	0.07429	0.05190	0.02790	0.06966	0.02832	0.09398	0.00984	0.00746	0.00191	0.00808	0.00769	0.00587	0.34255
3	0.08108	0.02982	0.17126	0.06210	0.02838	0.20016	0.01902	0.11578	0.02174	0.05334	0.01508	0.01764	0.01156	0.00911	0.00968	0.00250	0.08531	0.00621	0.00493	0.05531
4	0.02787	0.28426	0.03107	0.01845	0.02409	0.34857	0.01534	0.11341	0.02327	0.02452	0.01336	0.01507	0.01117	0.00823	0.00681	0.00206	0.01193	0.00532	0.00458	0.01064
5	0.16775	0.12416	0.04568	0.01167	0.01504	0.01501	0.00966	0.01780	0.01462	0.02284	0.02685	0.03684	0.09803	0.21175	0.14413	0.00604	0.01028	0.00912	0.00497	0.00777
6	0.01774	0.01436	0.06548	0.01293	0.01734	0.01214	0.01106	0.06914	0.10403	0.11866	0.19335	0.05253	0.24700	0.01541	0.00916	0.00269	0.00587	0.01291	0.00822	0.00997

[dist]
# distance from previous block
# <min> <max>
0	3

[block]
# block no. 1 follows, 22 sequences, length 73
# corresponding to MSA columns:
# 11-83
name=unknown_B
#
# <colnr> <probs for GDERKNQSTAVLIFYWHMCP>
#	G	D	E	R	K	N	Q	S	T	A	V	L	I	F	Y	W	H	M	C	P
0	0.02026	0.07565	0.08224	0.01533	0.01966	0.01604	0.01373	0.02444	0.04507	0.17184	0.06244	0.03697	0.15258	0.01834	0.07813	0.00384	0.13672	0.00992	0.00656	0.01023
1	0.02352	0.01819	0.02026	0.01553	0.02193	0.01778	0.01252	0.31376	0.02766	0.03876	0.02009	0.08094	0.01707	0.00981	0.00760	0.00204	0.00748	0.00786	0.00681	0.33040
2	0.01097	0.00842	0.00957	0.01011	0.01193	0.00766	0.00746	0.01287	0.01722	0.02142	0.06085	0.14055	0.35245	0.16624	0.01702	0.00415	0.00570	0.12159	0.00714	0.00668
3	0.02616	0.09395	0.12431	0.02431	0.05912	0.40668	0.09801	0.03023	0.02135	0.02229	0.01369	0.01645	0.01104	0.00808	0.00770	0.00228	0.01369	0.00607	0.00409	0.01048
4	0.01047	0.00842	0.00945	0.01008	0.01237	0.00740	0.00773	0.01276	0.01849	0.02266	0.07129	0.18058	0.45590	0.02215	0.01022	0.00307	0.00489	0.11728	0.00770	0.00708
5	0.09318	0.01848	0.03001	0.16194	0.48514	0.01940	0.02343	0.02462	0.01803	0.02707	0.01507	0.02015	0.01237	0.00760	0.00794	0.00253	0.00975	0.00711	0.00414	0.01204
6	0.02056	0.01974	0.03372	0.05099	0.65622	0.01974	0.02550	0.02550	0.01892	0.02714	0.01563	0.02056	0.01316	0.00740	0.00822	0.00247	0.00987	0.00740	0.00411	0.01316
7	0.01234	0.00884	0.01210	0.01348	0.01509	0.00859	0.01100	0.01568	0.01935	0.02585	0.17209	0.21795	0.05577	0.02236	0.01094	0.00347	0.00626	0.35336	0.00798	0.00750
8	0.01569	0.01477	0.02492	0.68808	0.05722	0.01846	0.02307	0.02123	0.01661	0.02123	0.01477	0.02215	0.01107	0.00831	0.00831	0.00277	0.01107	0.00738	0.00369	0.00923
9	0.02785	0.07178	0.02727	0.02863	0.18790	0.47040	0.01838	0.03074	0.02198	0.02204	0.01349	0.01633	0.01133	0.00818	0.00756	0.00220	0.01333	0.00583	0.00420	0.01060
10	0.02102	0.56900	0.17713	0.01625	0.02447	0.02995	0.01776	0.02518	0.01702	0.02100	0.01227	0.01423	0.01063	0.00728	0.00588	0.00196	0.00961	0.00481	0.00354	0.01101
11	0.01208	0.00805	0.00906	0.00906	0.00906	0.00805	0.00503	0.01208	0.01208	0.01611	0.02618	0.05436	0.03020	0.70804	0.04228	0.00805	0.00805	0.01208	0.00503	0.00503
12	0.01106	0.00846	0.01014	0.00972	0.01198	0.00754	0.00729	0.01433	0.02187	0.02940	0.44768	0.06849	0.28499	0.01844	0.00981	0.00268	0.00402	0.01593	0.00863	0.00754
13	0.01828	0.01820	0.03326	0.31857	0.26968	0.01947	0.15356	0.02392	0.01808	0.02451	0.01551	0.02163	0.01215	0.00770	0.00860	0.00267	0.01127	0.00791	0.00395	0.01107
14	0.02633	0.01820	0.01932	0.01540	0.02051	0.01988	0.01253	0.42971	0.03200	0.04538	0.02228	0.02354	0.01647	0.00988	0.00749	0.00231	0.00742	0.00757	0.25173	0.01204
15	0.00982	0.00842	0.00842	0.00842	0.01122	0.00701	0.00631	0.01192	0.01894	0.02244	0.08416	0.07995	0.65285	0.02104	0.00982	0.00281	0.00421	0.01753	0.00771	0.00701
16	0.01091	0.00836	0.01014	0.01093	0.01283	0.00759	0.00834	0.01347	0.01887	0.02421	0.14930	0.23948	0.29168	0.02211	0.01036	0.00313	0.00503	0.13814	0.00791	0.00720
17	0.02002	0.02016	0.03732	0.08405	0.45641	0.02000	0.18675	0.02554	0.01897	0.02665	0.01589	0.02115	0.01289	0.00735	0.00865	0.00257	0.01105	0.00805	0.00411	0.01240
18	0.02221	0.71304	0.04353	0.01421	0.02132	0.03287	0.01421	0.02488	0.01688	0.01955	0.01155	0.01333	0.01066	0.00711	0.00533	0.00178	0.00888	0.00444	0.00355	0.01066
19	0.01699	0.08226	0.62857	0.02312	0.03510	0.02009	0.02973	0.02622	0.01750	0.02591	0.01471	0.01729	0.01053	0.00785	0.00774	0.00258	0.01208	0.00604	0.00351	0.01218
20	0.01666	0.04297	0.66500	0.02368	0.03596	0.01929	0.03069	0.02631	0.01754	0.02631	0.01491	0.01754	0.01052	0.00789	0.00789	0.00263	0.01228	0.00614	0.00351	0.01228
21	0.01188	0.00886	0.01315	0.01315	0.01456	0.01027	0.01013	0.01470	0.01329	0.01914	0.02244	0.03366	0.02121	0.09271	0.64533	0.01310	0.02158	0.00905	0.00448	0.00731
22	0.02056	0.01974	0.03372	0.05099	0.65622	0.01974	0.02550	0.02550	0.01892	0.02714	0.01563	0.02056	0.01316	0.00740	0.00822	0.00247	0.00987	0.00740	0.00411	0.01316
23	0.02008	0.01925	0.03285	0.11421	0.59678	0.01961	0.02525	0.02507	0.01869	0.02655	0.01554	0.02072	0.01295	0.00749	0.00823	0.00250	0.00999	0.00740	0.00407	0.01277
24	0.02056	0.01974	0.03372	0.05099	0.65622	0.01974	0.02550	0.02550	0.01892	0.02714	0.01563	0.02056	0.01316	0.00740	0.00822	0.00247	0.00987	0.00740	0.00411	0.01316
25	0.02221	0.71304	0.04353	0.01421	0.02132	0.03287	0.01421	0.02488	0.01688	0.01955	0.01155	0.01333	0.01066	0.00711	0.00533	0.00178	0.00888	0.00444	0.00355	0.01066
26	0.02040	0.49435	0.24636	0.01730	0.02610	0.02844	0.01959	0.02534	0.01710	0.02175	0.01265	0.01470	0.01062	0.00736	0.00617	0.00206	0.00999	0.00500	0.00354	0.01119
27	0.02056	0.01974	0.03372	0.05099	0.65622	0.01974	0.02550	0.02550	0.01892	0.02714	0.01563	0.02056	0.01316	0.00740	0.00822	0.00247	0.00987	0.00740	0.00411	0.01316
28	0.02056	0.01974	0.03372	0.05099	0.65622	0.01974	0.02550	0.02550	0.01892	0.02714	0.01563	0.02056	0.01316	0.00740	0.00822	0.00247	0.00987	0.00740	0.00411	0.01316
29	0.02056	0.01974	0.03372	0.05099	0.65622	0.01974	0.02550	0.02550	0.01892	0.02714	0.01563	0.02056	0.01316	0.00740	0.00822	0.00247	0.00987	0.00740	0.00411	0.01316
30	0.01785	0.18701	0.53141	0.02164	0.03281	0.02221	0.02715	0.02600	0.01740	0.02485	0.01419	0.01663	0.01055	0.00772	0.00734	0.00245	0.01155	0.00577	0.00352	0.01193
31	0.00982	0.00842	0.00842	0.00842	0.01122	0.00701	0.00631	0.01192	0.01894	0.02244	0.08416	0.07995	0.65285	0.02104	0.00982	0.00281	0.00421	0.01753	0.00771	0.00701
32	0.01176	0.00849	0.01110	0.01045	0.01241	0.00784	0.00784	0.01568	0.02352	0.03331	0.65184	0.06206	0.07839	0.01698	0.00980	0.00261	0.00392	0.01502	0.00914	0.00784
33	0.02056	0.01974	0.03372	0.05099	0.65622	0.01974	0.02550	0.02550	0.01892	0.02714	0.01563	0.02056	0.01316	0.00740	0.00822	0.00247	0.00987	0.00740	0.00411	0.01316
34	0.01942	0.01574	0.01793	0.01608	0.02001	0.01807	0.01264	0.12184	0.34639	0.03233	0.02797	0.02988	0.02218	0.02773	0.22601	0.00621	0.01207	0.00895	0.00713	0.01142
35	0.01549	0.00774	0.00774	0.00774	0.00968	0.00774	0.00581	0.01936	0.01742	0.03097	0.02710	0.03097	0.02129	0.00968	0.00581	0.00194	0.00387	0.00774	0.75416	0.00774
36	0.02056	0.01974	0.03372	0.05099	0.65622	0.01974	0.02550	0.02550	0.01892	0.02714	0.01563	0.02056	0.01316	0.00740	0.00822	0.00247	0.00987	0.00740	0.00411	0.01316
37	0.03158	0.02327	0.02493	0.01911	0.02576	0.02576	0.01579	0.62852	0.03906	0.05236	0.01995	0.01995	0.01413	0.00997	0.00831	0.00249	0.00914	0.00748	0.00831	0.01413
38	0.01187	0.00890	0.01335	0.01335	0.01483	0.01038	0.01038	0.01483	0.01335	0.01928	0.02225	0.03264	0.02077	0.06231	0.67512	0.01335	0.02225	0.00890	0.00445	0.00742
39	0.02056	0.01974	0.03372	0.05099	0.65622	0.01974	0.02550	0.02550	0.01892	0.02714	0.01563	0.02056	0.01316	0.00740	0.00822	0.00247	0.00987	0.00740	0.00411	0.01316
40	0.02047	0.50251	0.23879	0.01719	0.02592	0.02861	0.01939	0.02533	0.01709	0.02167	0.01260	0.01465	0.01062	0.00735	0.00614	0.00205	0.00995	0.00498	0.00354	0.01117
41	0.01208	0.00805	0.00906	0.00906	0.00906	0.00805	0.00503	0.01208	0.01208	0.01611	0.02618	0.05436	0.03020	0.70804	0.04228	0.00805	0.00805	0.01208	0.00503	0.00503
42	0.01549	0.00774	0.00774	0.00774	0.00968	0.00774	0.00581	0.01936	0.01742	0.03097	0.02710	0.03097	0.02129	0.00968	0.00581	0.00194	0.00387	0.00774	0.75416	0.00774
43	0.02641	0.39269	0.03402	0.01763	0.02340	0.33818	0.01509	0.02882	0.02005	0.01992	0.01216	0.01411	0.01068	0.00780	0.00636	0.00195	0.01178	0.00487	0.00390	0.01017
44	0.00982	0.00842	0.00842	0.00842	0.01122	0.00701	0.00631	0.01192	0.01894	0.02244	0.08416	0.07995	0.65285	0.02104	0.00982	0.00281	0.00421	0.01753	0.00771	0.00701
45	0.01176	0.00849	0.01110	0.01045	0.01241	0.00784	0.00784	0.01568	0.02352	0.03331	0.65184	0.06206	0.07839	0.01698	0.00980	0.00261	0.00392	0.01502	0.00914	0.00784
46	0.03051	0.09706	0.02654	0.01910	0.02529	0.16284	0.01568	0.44186	0.03354	0.04228	0.01760	0.01823	0.01305	0.00938	0.00783	0.00235	0.01034	0.00672	0.00698	0.01283
47	0.02616	0.01590	0.01825	0.01467	0.01958	0.01642	0.01187	0.28395	0.02934	0.17322	0.15952	0.03236	0.03034	0.01150	0.00827	0.00245	0.00681	0.00932	0.11821	0.01184
48	0.01115	0.00847	0.01026	0.00981	0.01204	0.00758	0.00736	0.01450	0.02208	0.02990	0.47348	0.06768	0.25888	0.01826	0.00980	0.00267	0.00401	0.01581	0.00870	0.00758
49	0.03106	0.03882	0.02361	0.02129	0.02569	0.64398	0.01604	0.06135	0.02428	0.02185	0.01318	0.01522	0.01086	0.00863	0.00753	0.00216	0.01470	0.00545	0.00447	0.00984
50	0.01339	0.00956	0.01339	0.01530	0.01721	0.00956	0.01339	0.01721	0.01912	0.02486	0.04399	0.09371	0.04781	0.02295	0.01147	0.00382	0.00765	0.60031	0.00765	0.00765
51	0.02056	0.01974	0.03372	0.05099	0.65622	0.01974	0.02550	0.02550	0.01892	0.02714	0.01563	0.02056	0.01316	0.00740	0.00822	0.00247	0.00987	0.00740	0.00411	0.01316
52	0.01723	0.01477	0.01723	0.01230	0.01969	0.01107	0.00984	0.02092	0.01723	0.02707	0.01477	0.01723	0.01230	0.00615	0.00615	0.00123	0.00615	0.00492	0.00492	0.75883
53	0.01056	0.00844	0.00945	0.00920	0.01168	0.00733	0.00690	0.01336	0.02069	0.02661	0.30199	0.07308	0.43241	0.01948	0.00981	0.00273	0.00410	0.01657	0.00826	0.00733
54	0.01799	0.01712	0.02908	0.38698	0.34031	0.01906	0.02422	0.02324	0.01770	0.02402	0.01517	0.02140	0.01206	0.00788	0.00827	0.00263	0.01050	0.00739	0.00389	0.01109
55	0.02059	0.01912	0.02885	0.03987	0.44910	0.02004	0.02147	0.03158	0.22201	0.02962	0.02156	0.02397	0.01714	0.00866	0.00830	0.00258	0.00879	0.00805	0.00553	0.01316
56	0.01187	0.00890	0.01335	0.01335	0.01483	0.01038	0.01038	0.01483	0.01335	0.01928	0.02225	0.03264	0.02077	0.06231	0.67512	0.01335	0.02225	0.00890	0.00445	0.00742
57	0.01666	0.04297	0.66500	0.02368	0.03596	0.01929	0.03069	0.02631	0.01754	0.02631	0.01491	0.01754	0.01052	0.00789	0.00789	0.00263	0.01228	0.00614	0.00351	0.01228
58	0.01901	0.09820	0.31942	0.02192	0.03163	0.01883	0.13194	0.02587	0.01813	0.06106	0.01588	0.01854	0.01185	0.00742	0.00765	0.00228	0.01068	0.00650	0.00431	0.16889
59	0.02056	0.01974	0.03372	0.05099	0.65622	0.01974	0.02550	0.02550	0.01892	0.02714	0.01563	0.02056	0.01316	0.00740	0.00822	0.00247	0.00987	0.00740	0.00411	0.01316
60	0.01139	0.00852	0.01060	0.01021	0.01236	0.00773	0.00774	0.01490	0.02229	0.03049	0.49721	0.06748	0.20620	0.01816	0.00988	0.00271	0.00415	0.04157	0.00876	0.00764
61	0.02487	0.01993	0.02115	0.01776	0.02320	0.02263	0.01417	0.26912	0.40939	0.04153	0.02847	0.02674	0.02104	0.01077	0.00840	0.00269	0.00756	0.00866	0.00840	0.01353
62	0.01187	0.00890	0.01335	0.01335	0.01483	0.01038	0.01038	0.01483	0.01335	0.01928	0.02225	0.03264	0.02077	0.06231	0.67512	0.01335	0.02225	0.00890	0.00445	0.00742
63	0.01694	0.07649	0.63391	0.02320	0.03522	0.01997	0.02987	0.02624	0.01751	0.02597	0.01474	0.01733	0.01053	0.00785	0.00776	0.00259	0.01211	0.00605	0.00351	0.01220
64	0.02190	0.67593	0.07795	0.01474	0.02213	0.03212	0.01513	0.02495	0.01692	0.01992	0.01174	0.01356	0.01065	0.00715	0.00547	0.00182	0.00907	0.00454	0.00355	0.01075
65	0.01187	0.00890	0.01335	0.01335	0.01483	0.01038	0.01038	0.01483	0.01335	0.01928	0.02225	0.03264	0.02077	0.06231	0.67512	0.01335	0.02225	0.00890	0.00445	0.00742
66	0.01068	0.00830	0.00971	0.00968	0.01183	0.00733	0.00714	0.01347	0.02050	0.02691	0.32054	0.15126	0.33294	0.01995	0.00991	0.00280	0.00416	0.01724	0.00832	0.00733
67	0.02731	0.03071	0.02509	0.02155	0.02544	0.37664	0.04325	0.11930	0.05032	0.02594	0.01457	0.01746	0.01198	0.01015	0.01213	0.00258	0.16379	0.00647	0.00492	0.01041
68	0.01189	0.00856	0.01121	0.01269	0.01402	0.00827	0.00991	0.01434	0.01723	0.02239	0.04618	0.26842	0.10767	0.11312	0.01507	0.00414	0.00652	0.29406	0.00733	0.00698
69	0.02731	0.03316	0.02493	0.02437	0.08638	0.47438	0.01742	0.02965	0.02082	0.02092	0.01271	0.01620	0.01098	0.00970	0.01172	0.00249	0.15691	0.00595	0.00413	0.00986
70	0.04555	0.01139	0.01585	0.01386	0.01584	0.01190	0.06953	0.01652	0.01599	0.04850	0.09509	0.10769	0.12533	0.25718	0.02319	0.00475	0.09544	0.01293	0.00605	0.00744
71	0.06075	0.02129	0.02388	0.02093	0.08667	0.02310	0.01559	0.47789	0.03367	0.04674	0.01933	0.02024	0.01414	0.00942	0.00792	0.00240	0.00864	0.00724	0.05132	0.04883
72	0.02500	0.01902	0.02067	0.01659	0.02209	0.02057	0.01340	0.37591	0.13728	0.04375	0.11760	0.03052	0.05376	0.01149	0.00849	0.00251	0.00754	0.00921	0.00823	0.05638

[dist]
# distance from previous block
# <min> <max>
2	8

[block]
# block no. 2 follows, 22 sequences, length 9
# corresponding to MSA columns:
# 92-100
name=unknown_C
#
# <colnr> <probs for GDERKNQSTAVLIFYWHMCP>
#	G	D	E	R	K	N	Q	S	T	A	V	L	I	F	Y	W	H	M	C	P
0	0.01353	0.00989	0.01231	0.01309	0.01489	0.00980	0.00992	0.08956	0.01983	0.02606	0.04582	0.41444	0.10534	0.02283	0.01045	0.00332	0.00597	0.15730	0.00777	0.00790
1	0.01938	0.32785	0.32760	0.02093	0.03054	0.02531	0.09224	0.02573	0.01749	0.02344	0.01369	0.01629	0.01082	0.00745	0.00701	0.00228	0.01102	0.00583	0.00361	0.01146
2	0.02408	0.01945	0.02139	0.02190	0.11668	0.10556	0.01503	0.09062	0.20427	0.12564	0.02477	0.02609	0.01895	0.01892	0.12411	0.00444	0.01124	0.00812	0.00681	0.01193
3	0.01169	0.00888	0.01061	0.01106	0.01258	0.00872	0.00774	0.01556	0.07697	0.02324	0.11753	0.29239	0.16882	0.12992	0.06138	0.00453	0.00648	0.01723	0.00731	0.00733
4	0.02009	0.02107	0.04136	0.04302	0.35035	0.02037	0.32526	0.02605	0.01926	0.02688	0.01622	0.02148	0.01288	0.00720	0.00901	0.00263	0.01193	0.00860	0.00416	0.01218
5	0.01895	0.02147	0.11008	0.19535	0.44026	0.01939	0.02558	0.02461	0.01821	0.02567	0.01534	0.02055	0.01235	0.00767	0.00820	0.00256	0.01045	0.00724	0.00394	0.01214
6	0.02133	0.09556	0.03179	0.18903	0.31194	0.13156	0.05304	0.02579	0.01898	0.02379	0.01458	0.01931	0.01197	0.00776	0.00789	0.00243	0.01112	0.00686	0.00399	0.01129
7	0.02796	0.03377	0.02653	0.03008	0.21054	0.48268	0.01882	0.03092	0.02219	0.02233	0.01366	0.01662	0.01142	0.00822	0.00771	0.00224	0.01348	0.00595	0.00423	0.01067
8	0.02001	0.02081	0.05576	0.42928	0.08895	0.12929	0.02135	0.02598	0.05190	0.05422	0.01642	0.02138	0.01237	0.00852	0.00815	0.00263	0.01127	0.00714	0.00439	0.01017

[dist]
# distance from previous block
# <min> <max>
0	1

[block]
# block no. 3 follows, 22 sequences, length 13
# corresponding to MSA columns:
# 102-114
name=unknown_D
#
# <colnr> <probs for GDERKNQSTAVLIFYWHMCP>
#	G	D	E	R	K	N	Q	S	T	A	V	L	I	F	Y	W	H	M	C	P
0	0.02211	0.02173	0.01915	0.07011	0.02327	0.20351	0.01358	0.16934	0.02411	0.02863	0.03260	0.08974	0.14697	0.01657	0.05175	0.00329	0.03724	0.01037	0.00619	0.00975
1	0.01761	0.01789	0.02752	0.08812	0.15714	0.08597	0.16470	0.02181	0.01823	0.02365	0.02410	0.17556	0.02408	0.01712	0.06707	0.00375	0.01139	0.03940	0.00510	0.00978
2	0.02471	0.02890	0.02340	0.02623	0.16422	0.39636	0.01675	0.02748	0.02076	0.02185	0.01785	0.09153	0.01691	0.01505	0.06860	0.00336	0.01341	0.00809	0.00463	0.00991
3	0.04237	0.01245	0.01164	0.01112	0.01237	0.08071	0.00728	0.04071	0.01515	0.01958	0.02835	0.04777	0.07612	0.47837	0.07689	0.00693	0.00945	0.01111	0.00527	0.00638
4	0.01315	0.01259	0.06054	0.01470	0.01679	0.01094	0.09097	0.01520	0.01447	0.01968	0.02855	0.21222	0.03205	0.36290	0.02684	0.00560	0.03629	0.01413	0.00545	0.00696
5	0.01680	0.01225	0.01473	0.01428	0.01698	0.01263	0.01122	0.17852	0.02367	0.03154	0.09248	0.29136	0.06724	0.02000	0.01010	0.00316	0.00657	0.15943	0.00798	0.00905
6	0.01765	0.01494	0.01573	0.01498	0.01862	0.06896	0.01233	0.09912	0.08160	0.02873	0.04168	0.06215	0.14137	0.01708	0.00966	0.00300	0.00762	0.26022	0.00729	0.07726
7	0.02786	0.12698	0.02606	0.07799	0.02757	0.49013	0.01623	0.03170	0.06075	0.02121	0.01415	0.01638	0.01165	0.00851	0.00733	0.00219	0.01329	0.00566	0.00439	0.00996
8	0.01888	0.02040	0.02691	0.02214	0.02561	0.15096	0.18746	0.02214	0.01745	0.02183	0.02103	0.14176	0.02115	0.06491	0.06813	0.00413	0.14040	0.01091	0.00480	0.00898
9	0.01346	0.00942	0.01132	0.01114	0.01208	0.00981	0.00739	0.06840	0.01544	0.02086	0.02854	0.16610	0.03170	0.41309	0.13823	0.00757	0.00991	0.01324	0.00572	0.00657
10	0.02111	0.08646	0.15190	0.03227	0.18987	0.11776	0.18286	0.02664	0.01893	0.02471	0.01473	0.01890	0.01180	0.00802	0.00954	0.00256	0.05927	0.00725	0.00397	0.01147
11	0.01435	0.01403	0.01216	0.01173	0.01432	0.12926	0.00871	0.01700	0.02101	0.02549	0.25267	0.11627	0.29656	0.01787	0.00945	0.00267	0.00614	0.01502	0.00755	0.00774
12	0.03000	0.03787	0.02370	0.02143	0.02537	0.62244	0.01622	0.03211	0.02267	0.02030	0.01269	0.01524	0.01072	0.00904	0.00908	0.00226	0.06953	0.00550	0.00423	0.00959

[dist]
# distance from previous block
# <min> <max>
10	14

[block]
# block no. 4 follows, 22 sequences, length 53
# corresponding to MSA columns:
# 129-181
name=unknown_E
#
# <colnr> <probs for GDERKNQSTAVLIFYWHMCP>
#	G	D	E	R	K	N	Q	S	T	A	V	L	I	F	Y	W	H	M	C	P
0	0.01902	0.01729	0.02343	0.20764	0.15518	0.06010	0.01816	0.09932	0.02054	0.02759	0.08905	0.02643	0.02071	0.01599	0.08697	0.00385	0.06081	0.00823	0.00515	0.03453
1	0.01808	0.01687	0.02688	0.06602	0.43977	0.01710	0.02044	0.02380	0.06378	0.02618	0.02836	0.03171	0.11727	0.01346	0.05153	0.00326	0.00957	0.00927	0.00501	0.01163
2	0.02171	0.01677	0.01992	0.01978	0.10697	0.01765	0.01369	0.22572	0.13402	0.06161	0.11029	0.03923	0.15100	0.01289	0.00880	0.00263	0.00711	0.01073	0.00782	0.01166
3	0.11339	0.01739	0.07407	0.09870	0.06197	0.01620	0.07503	0.10508	0.02026	0.07163	0.09177	0.03163	0.02356	0.14706	0.01488	0.00369	0.00887	0.00904	0.00589	0.00989
4	0.02283	0.02374	0.03196	0.09157	0.13425	0.14908	0.19842	0.11019	0.06097	0.02877	0.02069	0.02386	0.04703	0.00891	0.00867	0.00257	0.01161	0.00838	0.00517	0.01132
5	0.04879	0.03678	0.50008	0.02910	0.17042	0.01936	0.02866	0.02605	0.01770	0.02695	0.01493	0.01803	0.01103	0.00778	0.00785	0.00259	0.01151	0.00635	0.00371	0.01233
6	0.00982	0.00842	0.00842	0.00842	0.01122	0.00701	0.00631	0.01192	0.01894	0.02244	0.08416	0.07995	0.65285	0.02104	0.00982	0.00281	0.00421	0.01753	0.00771	0.00701
7	0.01929	0.02074	0.07116	0.12497	0.37009	0.02039	0.12592	0.02458	0.01797	0.02546	0.01515	0.02064	0.01240	0.00827	0.01058	0.00270	0.08618	0.00772	0.00399	0.01183
8	0.01967	0.15743	0.04518	0.10574	0.04065	0.02305	0.43658	0.02565	0.01873	0.02460	0.01554	0.02059	0.01205	0.00717	0.00875	0.00260	0.01266	0.00847	0.00402	0.01087
9	0.01164	0.00787	0.00919	0.00962	0.00973	0.00776	0.00563	0.01197	0.01294	0.01725	0.03056	0.19935	0.03574	0.55551	0.03520	0.00701	0.00733	0.01466	0.00563	0.00542
10	0.01220	0.00932	0.01144	0.01262	0.01393	0.00949	0.00878	0.01798	0.13895	0.02387	0.04343	0.57046	0.04912	0.02312	0.01018	0.00326	0.00517	0.02082	0.00786	0.00801
11	0.02606	0.03040	0.02312	0.04911	0.02537	0.40947	0.01623	0.05475	0.06208	0.02254	0.01478	0.01822	0.01246	0.01311	0.05054	0.00318	0.14782	0.00638	0.00458	0.00980
12	0.01179	0.00902	0.01102	0.01123	0.01349	0.00842	0.00885	0.01575	0.04406	0.02743	0.28061	0.09960	0.25138	0.01982	0.01018	0.00300	0.00502	0.15338	0.00825	0.00769
13	0.01009	0.00737	0.00950	0.01120	0.01195	0.00678	0.00755	0.01161	0.01626	0.02135	0.05023	0.63056	0.12414	0.02545	0.01051	0.00331	0.00475	0.02291	0.00771	0.00678
14	0.02156	0.13203	0.02811	0.09892	0.23636	0.13310	0.01807	0.05277	0.01868	0.02307	0.01439	0.01941	0.01238	0.01159	0.01195	0.13664	0.01022	0.00654	0.00412	0.01008
15	0.06193	0.22343	0.09745	0.01816	0.04323	0.18695	0.01578	0.02996	0.14154	0.02487	0.02204	0.02277	0.06031	0.00943	0.00718	0.00231	0.00989	0.00688	0.00510	0.01080
16	0.02484	0.02919	0.02343	0.02361	0.09558	0.39441	0.01659	0.02737	0.01973	0.02090	0.01431	0.01886	0.01258	0.01770	0.11422	0.00415	0.12231	0.00644	0.00419	0.00961
17	0.02014	0.02093	0.04055	0.04385	0.38248	0.02031	0.29376	0.02599	0.01923	0.02690	0.01615	0.02139	0.01291	0.00722	0.00893	0.00262	0.01172	0.00847	0.00415	0.01229
18	0.02279	0.35752	0.09993	0.02538	0.18121	0.09811	0.01896	0.06332	0.01955	0.02422	0.01356	0.01613	0.01149	0.00759	0.00673	0.00212	0.01015	0.00563	0.00406	0.01154
19	0.02810	0.26327	0.03018	0.01901	0.02423	0.46152	0.01544	0.03042	0.02133	0.02007	0.01241	0.01443	0.01069	0.00808	0.00677	0.00202	0.01296	0.00505	0.00404	0.00997
20	0.01187	0.00890	0.01335	0.01335	0.01483	0.01038	0.01038	0.01483	0.01335	0.01928	0.02225	0.03264	0.02077	0.06231	0.67512	0.01335	0.02225	0.00890	0.00445	0.00742
21	0.06108	0.05154	0.01614	0.01337	0.01645	0.01238	0.01074	0.02138	0.01645	0.15527	0.06490	0.03145	0.02328	0.04210	0.41443	0.00910	0.01618	0.00868	0.00596	0.00913
22	0.07861	0.02853	0.15135	0.07152	0.20292	0.19857	0.02104	0.02913	0.01998	0.09819	0.01633	0.01891	0.01238	0.00823	0.00775	0.00245	0.01125	0.00649	0.00479	0.01157
23	0.01204	0.00822	0.00990	0.00990	0.01020	0.00851	0.00609	0.01262	0.01233	0.01673	0.02540	0.05009	0.02835	0.58098	0.16681	0.00910	0.01085	0.01146	0.00492	0.00550
24	0.00995	0.00842	0.00859	0.00855	0.01130	0.00707	0.00641	0.01217	0.01924	0.02316	0.12175	0.07876	0.61481	0.02077	0.00982	0.00279	0.00419	0.01737	0.00781	0.00707
25	0.01916	0.02142	0.10431	0.17322	0.46729	0.01944	0.02561	0.02475	0.01830	0.02588	0.01537	0.02053	0.01245	0.00764	0.00820	0.00255	0.01038	0.00725	0.00396	0.01228
26	0.02022	0.05787	0.02623	0.17877	0.22604	0.01979	0.01875	0.13950	0.02080	0.02815	0.01750	0.02570	0.01536	0.12105	0.01448	0.00345	0.04261	0.00799	0.00493	0.01081
27	0.02842	0.03532	0.02313	0.02095	0.02458	0.56143	0.01594	0.03057	0.02171	0.02023	0.01321	0.01643	0.01134	0.01254	0.05087	0.00300	0.09090	0.00578	0.00422	0.00943
28	0.01213	0.00882	0.01294	0.01294	0.01446	0.01019	0.01005	0.01516	0.01365	0.02014	0.02260	0.03251	0.02081	0.05847	0.62638	0.01252	0.02091	0.00882	0.05905	0.00744
29	0.02818	0.03362	0.02223	0.02017	0.02456	0.49500	0.01525	0.03619	0.19324	0.02429	0.01860	0.01938	0.01473	0.00931	0.00776	0.00233	0.01267	0.00646	0.00543	0.01060
30	0.02107	0.01355	0.01428	0.01212	0.01558	0.01447	0.00943	0.24481	0.02485	0.03721	0.02434	0.02956	0.01965	0.08980	0.01092	0.00284	0.00631	0.00814	0.39127	0.00980
31	0.02221	0.71304	0.04353	0.01421	0.02132	0.03287	0.01421	0.02488	0.01688	0.01955	0.01155	0.01333	0.01066	0.00711	0.00533	0.00178	0.00888	0.00444	0.00355	0.01066
32	0.01884	0.30602	0.42103	0.01996	0.03021	0.02462	0.02422	0.02575	0.01728	0.02365	0.01359	0.01589	0.01058	0.00758	0.00689	0.00230	0.01095	0.00547	0.00353	0.01164
33	0.01029	0.00796	0.00943	0.01036	0.01202	0.00710	0.00745	0.01232	0.01789	0.02273	0.10129	0.35775	0.31334	0.02312	0.01026	0.00311	0.00466	0.05415	0.00780	0.00698
34	0.01919	0.01672	0.02380	0.03120	0.31851	0.01718	0.01758	0.02886	0.19922	0.05555	0.03511	0.03560	0.14288	0.01133	0.00861	0.00264	0.00768	0.01001	0.00634	0.01199
35	0.02035	0.37475	0.13355	0.01660	0.02293	0.10060	0.01643	0.02411	0.01735	0.02123	0.03887	0.01896	0.01471	0.01569	0.09909	0.00366	0.04100	0.00597	0.00398	0.01017
36	0.01071	0.00825	0.00958	0.00962	0.01160	0.00734	0.00695	0.01320	0.01962	0.02563	0.27416	0.15970	0.32106	0.07035	0.01229	0.00320	0.00447	0.01711	0.00802	0.00712
37	0.00992	0.00802	0.00882	0.00946	0.01150	0.00692	0.00678	0.01180	0.01793	0.02203	0.07141	0.28676	0.45427	0.02270	0.01008	0.00299	0.00441	0.01955	0.00771	0.00692
38	0.02608	0.06937	0.02184	0.01692	0.02179	0.19170	0.01356	0.27565	0.02778	0.03494	0.02253	0.02418	0.05376	0.01387	0.05625	0.00310	0.01066	0.00748	0.09755	0.01101
39	0.01103	0.00777	0.00958	0.01065	0.01122	0.00743	0.00699	0.01215	0.01492	0.01965	0.04122	0.37860	0.08889	0.27732	0.02230	0.00509	0.00615	0.05612	0.00672	0.00619
40	0.01002	0.00848	0.00870	0.00881	0.01156	0.00716	0.00672	0.01223	0.01895	0.02258	0.08185	0.08074	0.61813	0.02115	0.00991	0.00286	0.00441	0.05098	0.00771	0.00705
41	0.05009	0.01878	0.02999	0.16475	0.45211	0.01985	0.02323	0.06016	0.04948	0.02826	0.01643	0.02104	0.01325	0.00792	0.00813	0.00255	0.00976	0.00738	0.00453	0.01231
42	0.02457	0.07347	0.02541	0.24239	0.03564	0.37528	0.01840	0.02786	0.02014	0.02056	0.01328	0.01745	0.01083	0.00875	0.00884	0.00242	0.05510	0.00609	0.00400	0.00953
43	0.02314	0.02521	0.02913	0.03664	0.34793	0.21142	0.02131	0.02665	0.01904	0.02375	0.01389	0.01847	0.01200	0.00914	0.01176	0.00260	0.14575	0.00678	0.00407	0.01133
44	0.01405	0.00737	0.01090	0.01117	0.01132	0.00733	0.00765	0.01129	0.01173	0.01560	0.01862	0.07900	0.01953	0.02827	0.02952	0.65464	0.00707	0.04667	0.00417	0.00410
45	0.02454	0.47252	0.07395	0.01682	0.02348	0.19887	0.01572	0.04993	0.01949	0.02138	0.01240	0.01425	0.01079	0.00764	0.00616	0.00195	0.01068	0.00489	0.00392	0.01062
46	0.01477	0.18926	0.01921	0.01177	0.01521	0.04232	0.00958	0.01812	0.04264	0.02434	0.18342	0.16207	0.20439	0.01654	0.00866	0.00257	0.00598	0.01386	0.00686	0.00843
47	0.01080	0.00760	0.00935	0.01046	0.01093	0.00723	0.00666	0.01177	0.01474	0.01947	0.04132	0.42963	0.08570	0.26952	0.02188	0.00501	0.00594	0.01909	0.00675	0.00615
48	0.01136	0.00808	0.00924	0.00940	0.01023	0.00767	0.00593	0.01240	0.01520	0.01994	0.11164	0.13878	0.16124	0.41110	0.02834	0.00583	0.00643	0.01489	0.00636	0.00595
49	0.16526	0.11110	0.35049	0.02061	0.02922	0.02156	0.06251	0.02507	0.01638	0.02698	0.01353	0.01665	0.01042	0.00847	0.00940	0.00265	0.08882	0.00599	0.00390	0.01101
50	0.01899	0.06787	0.02177	0.02086	0.14443	0.05842	0.01372	0.05949	0.09419	0.02762	0.03026	0.03110	0.13485	0.01027	0.00768	0.00213	0.00751	0.00847	0.00577	0.23460
51	0.02210	0.17401	0.02786	0.02500	0.18223	0.15480	0.01618	0.02927	0.14839	0.02441	0.01917	0.02389	0.01661	0.08865	0.01139	0.00296	0.00980	0.00729	0.00503	0.01096
52	0.02064	0.02615	0.19157	0.02010	0.04675	0.09660	0.05517	0.07837	0.09172	0.05364	0.02253	0.02431	0.05097	0.01255	0.05097	0.00306	0.01070	0.00752	0.00544	0.13124

[dist]
# distance from previous block
# <min> <max>
7	30

[block]
# block no. 5 follows, 22 sequences, length 53
# corresponding to MSA columns:
# 212-264
name=unknown_F
#
# <colnr> <probs for GDERKNQSTAVLIFYWHMCP>
#	G	D	E	R	K	N	Q	S	T	A	V	L	I	F	Y	W	H	M	C	P
0	0.11208	0.09181	0.10873	0.02976	0.23543	0.05120	0.04573	0.02676	0.07499	0.02691	0.01558	0.01906	0.01275	0.00886	0.01022	0.00263	0.10480	0.00677	0.00445	0.01148
1	0.02354	0.14001	0.03055	0.04903	0.08506	0.06879	0.13060	0.06471	0.07426	0.12865	0.02032	0.02291	0.01561	0.01514	0.09052	0.00379	0.01166	0.00770	0.00569	0.01144
2	0.02346	0.02690	0.02849	0.02369	0.05321	0.27757	0.15139	0.02710	0.01977	0.02344	0.01402	0.01775	0.01160	0.00837	0.01017	0.00229	0.09596	0.00657	0.00432	0.17393
3	0.01773	0.03928	0.02377	0.01937	0.04738	0.01667	0.13076	0.09547	0.05562	0.02690	0.05939	0.07528	0.07338	0.15475	0.01776	0.00384	0.08309	0.01089	0.00582	0.04285
4	0.01922	0.01815	0.02029	0.02365	0.17630	0.09753	0.01442	0.02886	0.22455	0.02702	0.06830	0.03535	0.06133	0.13221	0.01433	0.00354	0.00838	0.00970	0.00627	0.01060
5	0.01100	0.00784	0.00905	0.00972	0.01065	0.00734	0.00631	0.01218	0.01529	0.02005	0.04698	0.28542	0.18798	0.27510	0.02187	0.00490	0.00582	0.01722	0.03907	0.00622
6	0.01696	0.01375	0.01523	0.04351	0.01861	0.03931	0.01049	0.14129	0.02149	0.02860	0.03641	0.26966	0.11370	0.04436	0.01026	0.00284	0.00669	0.01414	0.00690	0.14581
7	0.02975	0.03715	0.02479	0.02504	0.10320	0.59417	0.01721	0.03223	0.02297	0.02117	0.01318	0.01567	0.01100	0.00842	0.00758	0.00218	0.01435	0.00560	0.00426	0.01006
8	0.01141	0.00859	0.01072	0.01209	0.01320	0.00848	0.00832	0.01561	0.09340	0.02294	0.04597	0.59255	0.07719	0.02398	0.01030	0.00328	0.00501	0.02159	0.00780	0.00755
9	0.01689	0.00978	0.01151	0.01042	0.01389	0.00839	0.00804	0.01947	0.02055	0.18250	0.14080	0.09743	0.39238	0.01812	0.00949	0.00275	0.00491	0.01526	0.00853	0.00887
10	0.02601	0.06154	0.02539	0.06431	0.02700	0.40241	0.04066	0.05513	0.02094	0.02192	0.01354	0.01736	0.01151	0.01232	0.04587	0.00305	0.13083	0.00623	0.00428	0.00971
11	0.01208	0.00805	0.00906	0.00906	0.00906	0.00805	0.00503	0.01208	0.01208	0.01611	0.02618	0.05436	0.03020	0.70804	0.04228	0.00805	0.00805	0.01208	0.00503	0.00503
12	0.01052	0.00740	0.00952	0.01105	0.01144	0.00702	0.00716	0.01167	0.01512	0.02016	0.04176	0.56957	0.04987	0.16601	0.01711	0.00433	0.00548	0.02125	0.00716	0.00640
13	0.01203	0.00873	0.00948	0.00937	0.01035	0.00855	0.00584	0.01396	0.05133	0.01879	0.04102	0.05932	0.18447	0.49592	0.03221	0.00644	0.00701	0.01327	0.00590	0.00601
14	0.01842	0.01797	0.01926	0.01728	0.01918	0.15066	0.03763	0.02074	0.01586	0.02110	0.01714	0.02404	0.01538	0.02758	0.21314	0.05586	0.19668	0.00752	0.09630	0.00826
15	0.01059	0.00780	0.00980	0.01089	0.01217	0.00713	0.00772	0.01248	0.01759	0.02301	0.12975	0.41877	0.19503	0.02364	0.01109	0.02807	0.00481	0.05500	0.00775	0.00690
16	0.01849	0.01105	0.01317	0.01166	0.01462	0.01064	0.00874	0.09455	0.02193	0.13745	0.19848	0.09748	0.12203	0.13599	0.01482	0.00357	0.00592	0.01292	0.05747	0.00901
17	0.02459	0.05819	0.03031	0.03817	0.38974	0.26768	0.02143	0.02837	0.02057	0.02423	0.01439	0.01813	0.01212	0.00783	0.00782	0.00231	0.01176	0.00650	0.00415	0.01171
18	0.01484	0.01329	0.01934	0.06160	0.02065	0.01742	0.01459	0.01748	0.01330	0.01972	0.01686	0.02570	0.01587	0.03812	0.35141	0.00846	0.31096	0.00810	0.00405	0.00826
19	0.01443	0.00722	0.01082	0.01082	0.01082	0.00722	0.00722	0.01082	0.01082	0.01443	0.01443	0.02525	0.01443	0.02886	0.03247	0.75830	0.00722	0.00722	0.00361	0.00361
20	0.02229	0.02765	0.16472	0.10447	0.08481	0.15402	0.01976	0.10417	0.13000	0.02953	0.01925	0.02137	0.01460	0.00900	0.00790	0.00250	0.01054	0.00708	0.05481	0.01152
21	0.01963	0.06582	0.15995	0.09979	0.24298	0.08765	0.06150	0.02516	0.01872	0.02528	0.01738	0.02427	0.01457	0.00875	0.00805	0.00252	0.01070	0.04232	0.05372	0.01124
22	0.01752	0.03158	0.35921	0.12007	0.06195	0.01993	0.18945	0.02537	0.01780	0.02543	0.01525	0.01963	0.01127	0.00799	0.00934	0.00274	0.04288	0.00739	0.00375	0.01145
23	0.07003	0.14902	0.02963	0.02907	0.22774	0.31254	0.01836	0.02873	0.02033	0.02340	0.01344	0.01640	0.01139	0.00788	0.00721	0.00221	0.01176	0.00580	0.00415	0.01091
24	0.01083	0.00753	0.00943	0.01066	0.01096	0.00722	0.00674	0.01175	0.01451	0.01935	0.03865	0.46673	0.04594	0.27421	0.02213	0.00508	0.00600	0.01942	0.00674	0.00612
25	0.02758	0.02015	0.02167	0.01705	0.02233	0.02213	0.01358	0.50200	0.03352	0.04492	0.02122	0.02701	0.01743	0.15325	0.01528	0.00363	0.00892	0.00842	0.00764	0.01226
26	0.01948	0.00986	0.01304	0.01246	0.01519	0.00889	0.00933	0.02177	0.01915	0.23295	0.08171	0.32432	0.07854	0.06047	0.01171	0.00333	0.00584	0.05426	0.00849	0.00922
27	0.01192	0.00869	0.01229	0.01229	0.01341	0.00981	0.00906	0.01416	0.01304	0.01850	0.02322	0.03800	0.02310	0.22158	0.51902	0.01204	0.01875	0.00969	0.00459	0.00683
28	0.01208	0.00805	0.00906	0.00906	0.00906	0.00805	0.00503	0.01208	0.01208	0.01611	0.02618	0.05436	0.03020	0.70804	0.04228	0.00805	0.00805	0.01208	0.00503	0.00503
29	0.01932	0.01668	0.01750	0.01586	0.02032	0.01897	0.01230	0.04016	0.56423	0.03323	0.04004	0.03705	0.10299	0.01248	0.00862	0.00282	0.00628	0.01040	0.00836	0.01239
30	0.01989	0.02226	0.11171	0.02496	0.03142	0.02001	0.24531	0.04837	0.01824	0.05923	0.01573	0.02012	0.01235	0.00913	0.01317	0.00271	0.18041	0.00776	0.00457	0.13263
31	0.02138	0.52231	0.18673	0.01679	0.02495	0.06327	0.01814	0.02564	0.01738	0.02116	0.01240	0.01439	0.01063	0.00737	0.00604	0.00199	0.00999	0.00488	0.00358	0.01098
32	0.01666	0.04297	0.66500	0.02368	0.03596	0.01929	0.03069	0.02631	0.01754	0.02631	0.01491	0.01754	0.01052	0.00789	0.00789	0.00263	0.01228	0.00614	0.00351	0.01228
33	0.01081	0.00816	0.01152	0.09474	0.01760	0.00819	0.00960	0.01275	0.01599	0.02121	0.04197	0.61896	0.04955	0.02385	0.01032	0.00330	0.00559	0.02162	0.00722	0.00705
34	0.02557	0.05454	0.02716	0.11035	0.19587	0.26371	0.01922	0.06738	0.02146	0.06667	0.01541	0.01869	0.01228	0.00878	0.00917	0.00244	0.05884	0.00658	0.00475	0.01111
35	0.02131	0.50603	0.12135	0.04722	0.02597	0.05831	0.04279	0.02513	0.01719	0.02084	0.01238	0.01493	0.01076	0.00764	0.00703	0.00207	0.03954	0.00518	0.00362	0.01071
36	0.00982	0.00842	0.00842	0.00842	0.01122	0.00701	0.00631	0.01192	0.01894	0.02244	0.08416	0.07995	0.65285	0.02104	0.00982	0.00281	0.00421	0.01753	0.00771	0.00701
37	0.03107	0.03854	0.02363	0.02125	0.02569	0.63275	0.01603	0.07165	0.02454	0.02240	0.01330	0.01530	0.01092	0.00865	0.00754	0.00216	0.01460	0.00549	0.00454	0.00992
38	0.02157	0.01520	0.01725	0.01508	0.01888	0.01617	0.01159	0.25179	0.10231	0.07746	0.06866	0.23998	0.03349	0.05684	0.01114	0.00315	0.00696	0.01354	0.00813	0.01079
39	0.02878	0.03516	0.02460	0.02520	0.11357	0.53313	0.01715	0.03294	0.07006	0.02239	0.01483	0.01698	0.01216	0.00861	0.00767	0.00224	0.01362	0.00595	0.00458	0.01039
40	0.01033	0.00786	0.00951	0.01032	0.01185	0.00704	0.00728	0.01246	0.01834	0.02390	0.17297	0.37669	0.25607	0.02268	0.01019	0.00304	0.00445	0.01999	0.00798	0.00704
41	0.05460	0.02413	0.03018	0.02396	0.02879	0.19650	0.20321	0.02798	0.01922	0.10171	0.01663	0.02052	0.01307	0.01263	0.05161	0.00337	0.14893	0.00765	0.00491	0.01040
42	0.01890	0.22898	0.02354	0.01351	0.01795	0.02015	0.01127	0.09807	0.13771	0.02656	0.03266	0.03886	0.12511	0.13320	0.01371	0.00341	0.00751	0.03287	0.00618	0.00986
43	0.01024	0.00843	0.00901	0.00886	0.01148	0.00719	0.00665	0.01275	0.01994	0.02483	0.20902	0.07601	0.52650	0.02015	0.00981	0.00276	0.00414	0.01698	0.00803	0.00719
44	0.05498	0.01172	0.01430	0.01609	0.10434	0.01104	0.01047	0.02008	0.06011	0.09806	0.05793	0.05841	0.37115	0.04270	0.01038	0.00295	0.00587	0.03293	0.00731	0.00915
45	0.30392	0.06777	0.14414	0.02081	0.02801	0.02045	0.18140	0.02580	0.01674	0.05655	0.01445	0.01754	0.01096	0.00803	0.00838	0.00266	0.05070	0.00656	0.00461	0.01052
46	0.02423	0.03100	0.10571	0.07453	0.22275	0.32146	0.02100	0.02842	0.02050	0.02318	0.01447	0.01821	0.01187	0.01030	0.03506	0.00280	0.01311	0.00636	0.00410	0.01093
47	0.01079	0.00843	0.00993	0.01067	0.01276	0.00757	0.00822	0.01327	0.01872	0.02352	0.10999	0.20442	0.36211	0.02213	0.01033	0.00312	0.00505	0.14399	0.00781	0.00716
48	0.01794	0.03533	0.45733	0.03266	0.24000	0.01944	0.02898	0.02604	0.01799	0.02658	0.01514	0.01853	0.01139	0.00773	0.00800	0.00258	0.01149	0.00655	0.00371	0.01257
49	0.11492	0.02445	0.02792	0.06664	0.37953	0.19726	0.02080	0.02725	0.01948	0.02627	0.01433	0.01825	0.01189	0.00780	0.00765	0.00240	0.01089	0.00649	0.00427	0.01151
50	0.02072	0.02016	0.13277	0.02367	0.16135	0.01616	0.01751	0.03022	0.16998	0.13518	0.07381	0.03438	0.10512	0.01133	0.00856	0.00265	0.00789	0.00965	0.00690	0.01201
51	0.02312	0.01641	0.02021	0.02200	0.14966	0.05834	0.01427	0.06762	0.10908	0.17937	0.06035	0.07711	0.09795	0.01535	0.04806	0.00327	0.00851	0.01044	0.00737	0.01151
52	0.02141	0.01699	0.01716	0.01522	0.01843	0.09652	0.01164	0.22725	0.02372	0.03104	0.02323	0.13804	0.02195	0.02222	0.09462	0.13547	0.01006	0.01009	0.05571	0.00924

[dist]
# distance from previous block
# <min> <max>
6	14

[block]
# block no. 6 follows, 22 sequences, length 11
# corresponding to MSA columns:
# 279-289
name=unknown_G
#
# <colnr> <probs for GDERKNQSTAVLIFYWHMCP>
#	G	D	E	R	K	N	Q	S	T	A	V	L	I	F	Y	W	H	M	C	P
0	0.09815	0.18948	0.11631	0.07079	0.07303	0.06287	0.01608	0.02213	0.01786	0.02421	0.02983	0.03524	0.14161	0.01158	0.00768	0.00252	0.00873	0.05715	0.00499	0.00975
1	0.01389	0.01160	0.01706	0.13898	0.11385	0.01190	0.01482	0.01780	0.01895	0.02466	0.09181	0.06485	0.17471	0.01721	0.00994	0.00312	0.00751	0.23218	0.00657	0.00859
2	0.01154	0.01109	0.06564	0.01047	0.01318	0.00822	0.00860	0.01312	0.01678	0.02117	0.08325	0.09389	0.37048	0.08389	0.01670	0.13862	0.00581	0.01441	0.00643	0.00670
3	0.02670	0.03015	0.02202	0.07348	0.05727	0.42588	0.01563	0.08259	0.02298	0.02476	0.01582	0.01890	0.01283	0.01122	0.03833	0.00273	0.01297	0.00624	0.08964	0.00986
4	0.01418	0.01213	0.02161	0.01813	0.02138	0.01274	0.16282	0.01825	0.01534	0.02236	0.02142	0.02992	0.01880	0.04291	0.43796	0.00950	0.01823	0.00900	0.08493	0.00839
5	0.00992	0.00803	0.00881	0.00944	0.01149	0.00693	0.00677	0.01181	0.01795	0.02204	0.07164	0.28306	0.45782	0.02267	0.01007	0.00299	0.00441	0.01952	0.00771	0.00693
6	0.02056	0.01974	0.03372	0.05099	0.65622	0.01974	0.02550	0.02550	0.01892	0.02714	0.01563	0.02056	0.01316	0.00740	0.00822	0.00247	0.00987	0.00740	0.00411	0.01316
7	0.08256	0.02490	0.15355	0.02354	0.12951	0.07844	0.01876	0.17311	0.02443	0.08321	0.08147	0.02634	0.02072	0.01005	0.00816	0.00256	0.00948	0.03108	0.00623	0.01190
8	0.01377	0.01549	0.08199	0.01264	0.01678	0.04613	0.01098	0.02058	0.13006	0.02471	0.05914	0.05738	0.38852	0.02043	0.06100	0.00357	0.00747	0.01354	0.00696	0.00885
9	0.02086	0.12468	0.02373	0.01718	0.02052	0.08278	0.01388	0.07509	0.19642	0.02615	0.02063	0.02612	0.01800	0.11054	0.01738	0.00352	0.17858	0.00797	0.00563	0.01035
10	0.01281	0.00900	0.01081	0.01132	0.01218	0.00897	0.00745	0.06789	0.01658	0.02214	0.03611	0.39836	0.04199	0.27934	0.02223	0.00504	0.00642	0.01784	0.00677	0.00678

[dist]
# distance from previous block
# <min> <max>
0	4

# created by:
# /home/cegg/simao/soft/augustus-3.2.1/scripts/msa2prfl.pl ./align_prep/12975.fa
