[name]
unknown

[dist]
# distance from previous block
# <min> <max>
4	15

[block]
# block no. 0 follows, 21 sequences, length 9
# corresponding to MSA columns:
# 15-23
name=unknown_A
#
# <colnr> <probs for GDERKNQSTAVLIFYWHMCP>
#	G	D	E	R	K	N	Q	S	T	A	V	L	I	F	Y	W	H	M	C	P
0	0.18318	0.01683	0.01424	0.01351	0.01677	0.11533	0.01022	0.02415	0.11161	0.02748	0.05824	0.06249	0.11092	0.13275	0.01433	0.00375	0.00791	0.06109	0.00646	0.00875
1	0.01637	0.17372	0.10951	0.01601	0.02166	0.01715	0.07458	0.02043	0.01821	0.02464	0.12137	0.06676	0.07719	0.08787	0.03795	0.00344	0.00888	0.01012	0.00549	0.08866
2	0.02074	0.01842	0.06748	0.04807	0.15043	0.01607	0.12411	0.05358	0.01989	0.09557	0.02080	0.05095	0.01684	0.01288	0.05654	0.00321	0.01029	0.00843	0.06451	0.14121
3	0.02174	0.02234	0.01745	0.01563	0.01980	0.24766	0.01176	0.02681	0.08603	0.02579	0.02334	0.12407	0.02156	0.01143	0.00769	0.00222	0.00904	0.00907	0.12158	0.17497
4	0.01700	0.01627	0.11451	0.01419	0.01896	0.01185	0.01264	0.02057	0.01607	0.09016	0.02204	0.03238	0.02001	0.18978	0.19622	0.00670	0.01236	0.00849	0.00530	0.17450
5	0.02393	0.01737	0.01876	0.01605	0.02083	0.01920	0.01268	0.20845	0.28532	0.07599	0.03017	0.07373	0.02373	0.01188	0.00835	0.00267	0.00700	0.00972	0.12166	0.01253
6	0.45185	0.09086	0.02007	0.11769	0.02451	0.02170	0.01348	0.02386	0.01496	0.03096	0.01226	0.01592	0.01003	0.00900	0.00926	0.00274	0.11130	0.00550	0.00462	0.00945
7	0.01668	0.03401	0.44777	0.02069	0.03034	0.01792	0.02453	0.02761	0.11446	0.02850	0.07392	0.02951	0.07631	0.01058	0.00851	0.00274	0.01024	0.00858	0.00523	0.01187
8	0.14294	0.02054	0.11772	0.01893	0.06624	0.01702	0.01605	0.03641	0.15041	0.28713	0.02638	0.02496	0.01815	0.00976	0.00798	0.00269	0.00805	0.00775	0.00781	0.01308

[dist]
# distance from previous block
# <min> <max>
0	2

[block]
# block no. 1 follows, 21 sequences, length 49
# corresponding to MSA columns:
# 26-74
name=unknown_B
#
# <colnr> <probs for GDERKNQSTAVLIFYWHMCP>
#	G	D	E	R	K	N	Q	S	T	A	V	L	I	F	Y	W	H	M	C	P
0	0.01896	0.02909	0.28277	0.10033	0.27475	0.02001	0.02665	0.02808	0.08484	0.02769	0.01764	0.02113	0.01353	0.00831	0.00832	0.00266	0.01086	0.00728	0.00440	0.01271
1	0.01652	0.01670	0.05362	0.02497	0.18118	0.07384	0.01627	0.02036	0.01634	0.02231	0.01976	0.02776	0.01776	0.04129	0.40162	0.00916	0.01829	0.00824	0.00440	0.00959
2	0.01973	0.02788	0.22963	0.04203	0.40230	0.02020	0.08202	0.02648	0.01900	0.02749	0.01589	0.02027	0.01259	0.00770	0.00847	0.00261	0.01127	0.00741	0.00403	0.01302
3	0.02604	0.03039	0.02267	0.02177	0.08108	0.40322	0.01524	0.02887	0.02160	0.02332	0.01562	0.05054	0.01389	0.00891	0.00754	0.00204	0.01198	0.00650	0.00472	0.20406
4	0.46132	0.01481	0.01316	0.01177	0.01585	0.01657	0.00915	0.08491	0.01784	0.03527	0.07476	0.05795	0.02195	0.11893	0.01230	0.00355	0.00683	0.00807	0.00610	0.00892
5	0.09746	0.43725	0.19438	0.01700	0.02527	0.05865	0.01835	0.02621	0.01750	0.02367	0.01276	0.01484	0.01071	0.00762	0.00621	0.00214	0.01001	0.00504	0.00383	0.01111
6	0.06349	0.02720	0.22157	0.04135	0.42570	0.02002	0.02673	0.02630	0.01866	0.02816	0.01554	0.01970	0.01241	0.00775	0.00814	0.00258	0.01065	0.00702	0.00409	0.01296
7	0.02043	0.01129	0.01343	0.01194	0.01435	0.01116	0.00825	0.02462	0.10109	0.18804	0.02968	0.04530	0.02764	0.42283	0.02932	0.00602	0.00777	0.01098	0.00706	0.00878
8	0.01546	0.07338	0.01458	0.01095	0.01423	0.01065	0.00868	0.01872	0.02211	0.10103	0.34988	0.06042	0.23426	0.01691	0.00945	0.00265	0.00494	0.01437	0.00854	0.00879
9	0.46547	0.02330	0.01931	0.01654	0.02186	0.18442	0.06710	0.02865	0.05232	0.03261	0.01396	0.01606	0.01095	0.00826	0.00651	0.00256	0.00954	0.00561	0.00514	0.00983
10	0.18027	0.08326	0.08246	0.01644	0.02237	0.02097	0.01467	0.09368	0.24731	0.05995	0.02516	0.02902	0.02008	0.01086	0.00782	0.00276	0.00787	0.05617	0.00697	0.01191
11	0.02032	0.01449	0.01586	0.01357	0.01634	0.01549	0.00974	0.25701	0.02372	0.03174	0.02529	0.07493	0.02563	0.38731	0.02759	0.00570	0.00853	0.01109	0.00665	0.00900
12	0.01657	0.26182	0.12662	0.01427	0.01990	0.01932	0.01419	0.02060	0.01781	0.02360	0.08858	0.03451	0.12126	0.02049	0.12020	0.00425	0.01045	0.00900	0.04699	0.00957
13	0.02537	0.02806	0.01948	0.01766	0.02136	0.40155	0.01332	0.02826	0.02412	0.06273	0.23117	0.03274	0.03541	0.01184	0.00854	0.00238	0.01097	0.00907	0.00646	0.00951
14	0.46137	0.09653	0.14613	0.01415	0.02082	0.01980	0.01418	0.02464	0.01638	0.03356	0.07053	0.01921	0.01625	0.00874	0.00630	0.00256	0.00783	0.00593	0.00513	0.00997
15	0.01727	0.03312	0.41046	0.02720	0.11481	0.01843	0.08607	0.02519	0.01786	0.02645	0.01697	0.02128	0.01305	0.01458	0.08595	0.00396	0.01327	0.00724	0.03504	0.01180
16	0.01997	0.02055	0.06717	0.15889	0.47302	0.02002	0.02524	0.02652	0.05504	0.02715	0.01691	0.02180	0.01369	0.00801	0.00843	0.00261	0.01027	0.00763	0.00436	0.01272
17	0.02580	0.02669	0.02550	0.10464	0.16289	0.25134	0.01856	0.11941	0.09690	0.02956	0.01825	0.02083	0.01431	0.00908	0.00811	0.00247	0.01136	0.00710	0.03558	0.01164
18	0.02264	0.02268	0.02936	0.03951	0.41032	0.13017	0.02169	0.06080	0.05279	0.02766	0.01742	0.02185	0.01454	0.01379	0.07453	0.00361	0.01206	0.00749	0.00475	0.01233
19	0.58136	0.01851	0.04788	0.01627	0.07626	0.01934	0.01243	0.05952	0.01700	0.06593	0.01389	0.01577	0.01053	0.00813	0.00603	0.00262	0.00739	0.00532	0.00551	0.01032
20	0.01695	0.01542	0.02463	0.03531	0.39166	0.01506	0.01858	0.02103	0.01973	0.02735	0.12118	0.10982	0.12142	0.01316	0.00917	0.00270	0.00780	0.01207	0.00591	0.01104
21	0.01476	0.01295	0.01867	0.01717	0.01808	0.01686	0.01385	0.01733	0.01342	0.02005	0.01811	0.02746	0.01720	0.04411	0.40957	0.00967	0.28981	0.00844	0.00422	0.00829
22	0.01211	0.00852	0.01046	0.01023	0.01125	0.00838	0.00683	0.01397	0.01699	0.02338	0.24575	0.05739	0.07923	0.35597	0.09816	0.00661	0.00815	0.01337	0.00671	0.00654
23	0.01216	0.00912	0.01368	0.01368	0.01520	0.01064	0.01064	0.01520	0.01368	0.01976	0.02279	0.03343	0.02127	0.06382	0.66720	0.01368	0.02279	0.00912	0.00456	0.00760
24	0.02461	0.01952	0.02393	0.01801	0.02474	0.01942	0.06862	0.31834	0.02962	0.04119	0.08110	0.02413	0.02036	0.00944	0.00812	0.00219	0.00833	0.00784	0.00713	0.24335
25	0.02909	0.03713	0.05172	0.02599	0.07925	0.51993	0.08270	0.03235	0.02306	0.02232	0.01391	0.01673	0.01137	0.00847	0.00801	0.00231	0.01471	0.00618	0.00433	0.01044
26	0.02340	0.02512	0.03375	0.04370	0.44593	0.16730	0.08330	0.02802	0.02053	0.02616	0.01548	0.01995	0.01285	0.00781	0.00842	0.00249	0.01173	0.00735	0.00426	0.01246
27	0.02865	0.02186	0.02554	0.16979	0.03371	0.02469	0.01787	0.48361	0.03479	0.04638	0.01923	0.02094	0.01376	0.00983	0.00851	0.00262	0.00981	0.00764	0.00744	0.01333
28	0.01596	0.01349	0.01427	0.01336	0.01693	0.01442	0.01013	0.02928	0.33339	0.02952	0.07694	0.08627	0.24464	0.04929	0.01099	0.00316	0.00576	0.01364	0.00822	0.01033
29	0.01216	0.00912	0.01368	0.01368	0.01520	0.01064	0.01064	0.01520	0.01368	0.01976	0.02279	0.03343	0.02127	0.06382	0.66720	0.01368	0.02279	0.00912	0.00456	0.00760
30	0.01798	0.14980	0.55900	0.02271	0.03444	0.02199	0.02874	0.02672	0.01786	0.02584	0.01472	0.01728	0.01080	0.00796	0.00767	0.00256	0.01202	0.00601	0.00360	0.01231
31	0.76103	0.01646	0.01251	0.01119	0.01646	0.01909	0.00922	0.02502	0.01448	0.03818	0.01185	0.01382	0.00922	0.00790	0.00527	0.00263	0.00658	0.00461	0.00527	0.00922
32	0.17048	0.01643	0.01675	0.01399	0.01790	0.01803	0.01059	0.26965	0.02439	0.03642	0.02114	0.03252	0.01968	0.27249	0.02110	0.00474	0.00838	0.00884	0.00659	0.00988
33	0.01220	0.00894	0.01280	0.01280	0.01402	0.01016	0.00954	0.01463	0.01342	0.01911	0.02360	0.03787	0.02320	0.19088	0.54277	0.01259	0.01989	0.00977	0.00468	0.00711
34	0.01275	0.01228	0.07615	0.01368	0.01590	0.00964	0.01123	0.03866	0.01791	0.02420	0.07135	0.40262	0.04740	0.09603	0.01410	0.00390	0.00665	0.11050	0.00726	0.00780
35	0.02303	0.02408	0.02312	0.02294	0.08501	0.22750	0.01679	0.05874	0.01997	0.02482	0.01838	0.02834	0.01701	0.01250	0.01443	0.00291	0.22103	0.07639	0.07310	0.00990
36	0.50770	0.02584	0.23191	0.01564	0.02340	0.01932	0.01678	0.02567	0.01567	0.03436	0.01301	0.01524	0.00975	0.00796	0.00623	0.00265	0.00862	0.00518	0.00470	0.01036
37	0.02072	0.01974	0.03358	0.05055	0.61878	0.01974	0.02555	0.02573	0.01939	0.02769	0.01735	0.02452	0.01512	0.00832	0.00858	0.00259	0.01001	0.03446	0.00438	0.01322
38	0.02026	0.01941	0.03310	0.15262	0.55369	0.02001	0.02572	0.02542	0.01900	0.02683	0.01587	0.02132	0.01314	0.00773	0.00844	0.00258	0.01031	0.00758	0.00414	0.01284
39	0.02485	0.02740	0.19542	0.02000	0.02761	0.04735	0.05255	0.30569	0.02872	0.04007	0.01973	0.02150	0.01441	0.00936	0.00804	0.00250	0.00990	0.00738	0.12496	0.01256
40	0.76103	0.01646	0.01251	0.01119	0.01646	0.01909	0.00922	0.02502	0.01448	0.03818	0.01185	0.01382	0.00922	0.00790	0.00527	0.00263	0.00658	0.00461	0.00527	0.00922
41	0.01147	0.00817	0.01088	0.01194	0.01280	0.00811	0.00841	0.01342	0.01627	0.02208	0.09826	0.36256	0.04804	0.14702	0.12130	0.00588	0.00853	0.07090	0.00703	0.00692
42	0.76103	0.01646	0.01251	0.01119	0.01646	0.01909	0.00922	0.02502	0.01448	0.03818	0.01185	0.01382	0.00922	0.00790	0.00527	0.00263	0.00658	0.00461	0.00527	0.00922
43	0.02028	0.01942	0.03313	0.15043	0.55573	0.02001	0.02573	0.02543	0.01901	0.02686	0.01587	0.02132	0.01315	0.00773	0.00844	0.00258	0.01030	0.00758	0.00415	0.01285
44	0.01035	0.00747	0.00981	0.01168	0.01230	0.00693	0.00783	0.01187	0.01645	0.02179	0.04894	0.66364	0.08671	0.02640	0.01082	0.00343	0.00490	0.02387	0.00790	0.00693
45	0.01632	0.01389	0.01470	0.01358	0.01741	0.01488	0.01045	0.03059	0.35347	0.03105	0.11837	0.05263	0.24695	0.01566	0.00929	0.00286	0.00560	0.01315	0.00847	0.01070
46	0.02106	0.02022	0.03454	0.05223	0.64784	0.02022	0.02612	0.02612	0.01938	0.02780	0.01601	0.02106	0.01348	0.00758	0.00842	0.00253	0.01011	0.00758	0.00421	0.01348
47	0.02374	0.02310	0.05283	0.29030	0.11308	0.11271	0.02103	0.20120	0.02515	0.03199	0.01653	0.02059	0.01244	0.00892	0.00836	0.00262	0.01123	0.00725	0.00531	0.01160
48	0.14585	0.03124	0.09136	0.01951	0.02552	0.28766	0.01660	0.16588	0.08138	0.03308	0.01680	0.01805	0.01284	0.00914	0.00762	0.00246	0.01149	0.00631	0.00577	0.01144

[dist]
# distance from previous block
# <min> <max>
0	2

[block]
# block no. 2 follows, 21 sequences, length 108
# corresponding to MSA columns:
# 77-184
name=unknown_C
#
# <colnr> <probs for GDERKNQSTAVLIFYWHMCP>
#	G	D	E	R	K	N	Q	S	T	A	V	L	I	F	Y	W	H	M	C	P
0	0.23294	0.02369	0.02345	0.02823	0.22682	0.19261	0.01715	0.02668	0.01871	0.02808	0.01578	0.06068	0.01422	0.00962	0.00856	0.00259	0.04753	0.00724	0.00477	0.01065
1	0.02176	0.17684	0.35359	0.02042	0.03003	0.02306	0.02324	0.13109	0.02181	0.06086	0.01673	0.01879	0.01248	0.01114	0.03993	0.00302	0.01152	0.00641	0.00486	0.01241
2	0.01245	0.00847	0.00984	0.01010	0.01048	0.00841	0.00635	0.01306	0.01364	0.01797	0.03182	0.06217	0.06006	0.58158	0.03768	0.00744	0.00802	0.08921	0.00563	0.00560
3	0.01216	0.00912	0.01368	0.01368	0.01520	0.01064	0.01064	0.01520	0.01368	0.01976	0.02279	0.03343	0.02127	0.06382	0.66720	0.01368	0.02279	0.00912	0.00456	0.00760
4	0.01497	0.07995	0.10880	0.01531	0.01928	0.05427	0.01398	0.01870	0.01623	0.02148	0.03072	0.03611	0.12740	0.03748	0.32507	0.00793	0.04913	0.00955	0.00487	0.00876
5	0.76103	0.01646	0.01251	0.01119	0.01646	0.01909	0.00922	0.02502	0.01448	0.03818	0.01185	0.01382	0.00922	0.00790	0.00527	0.00263	0.00658	0.00461	0.00527	0.00922
6	0.03081	0.03899	0.02359	0.02151	0.02575	0.63397	0.01615	0.03304	0.02359	0.02077	0.01364	0.01625	0.01148	0.01152	0.04064	0.00277	0.01572	0.00566	0.00439	0.00975
7	0.01238	0.00825	0.00928	0.00928	0.00928	0.00825	0.00516	0.01238	0.01238	0.01650	0.02681	0.05569	0.03094	0.70092	0.04331	0.00825	0.00825	0.01238	0.00516	0.00516
8	0.01848	0.03458	0.39065	0.03083	0.09555	0.02041	0.23274	0.02698	0.01883	0.02714	0.01601	0.01997	0.01176	0.00772	0.00879	0.00274	0.01296	0.00770	0.00390	0.01228
9	0.02944	0.03611	0.02640	0.02855	0.16218	0.52542	0.01856	0.03226	0.02308	0.02235	0.01378	0.01660	0.01151	0.00851	0.00784	0.00227	0.01420	0.00594	0.00435	0.01066
10	0.76103	0.01646	0.01251	0.01119	0.01646	0.01909	0.00922	0.02502	0.01448	0.03818	0.01185	0.01382	0.00922	0.00790	0.00527	0.00263	0.00658	0.00461	0.00527	0.00922
11	0.02051	0.02071	0.03849	0.08234	0.44416	0.02052	0.19351	0.02620	0.01945	0.02731	0.01630	0.02169	0.01320	0.00752	0.00889	0.00264	0.01138	0.00828	0.00421	0.01269
12	0.02106	0.02022	0.03454	0.05223	0.64784	0.02022	0.02612	0.02612	0.01938	0.02780	0.01601	0.02106	0.01348	0.00758	0.00842	0.00253	0.01011	0.00758	0.00421	0.01348
13	0.02344	0.02339	0.02940	0.03499	0.29665	0.12367	0.02125	0.09898	0.02087	0.02782	0.01474	0.01940	0.01255	0.01017	0.01385	0.00282	0.20231	0.00723	0.00463	0.01185
14	0.76103	0.01646	0.01251	0.01119	0.01646	0.01909	0.00922	0.02502	0.01448	0.03818	0.01185	0.01382	0.00922	0.00790	0.00527	0.00263	0.00658	0.00461	0.00527	0.00922
15	0.15667	0.01074	0.01118	0.01088	0.01362	0.01076	0.00799	0.01849	0.05520	0.05804	0.11091	0.17268	0.20818	0.10214	0.01323	0.00357	0.00561	0.01463	0.00739	0.00811
16	0.76103	0.01646	0.01251	0.01119	0.01646	0.01909	0.00922	0.02502	0.01448	0.03818	0.01185	0.01382	0.00922	0.00790	0.00527	0.00263	0.00658	0.00461	0.00527	0.00922
17	0.01238	0.00825	0.00928	0.00928	0.00928	0.00825	0.00516	0.01238	0.01238	0.01650	0.02681	0.05569	0.03094	0.70092	0.04331	0.00825	0.00825	0.01238	0.00516	0.00516
18	0.02009	0.02296	0.05022	0.03587	0.04448	0.02152	0.61693	0.02726	0.02009	0.02726	0.01722	0.02296	0.01291	0.00717	0.01004	0.00287	0.01435	0.01004	0.00430	0.01148
19	0.01817	0.01717	0.02904	0.34830	0.33687	0.01894	0.02404	0.02334	0.01810	0.02463	0.01712	0.05517	0.01458	0.00896	0.00858	0.00272	0.01044	0.00839	0.00419	0.01125
20	0.01216	0.00912	0.01368	0.01368	0.01520	0.01064	0.01064	0.01520	0.01368	0.01976	0.02279	0.03343	0.02127	0.06382	0.66720	0.01368	0.02279	0.00912	0.00456	0.00760
21	0.02306	0.01951	0.02654	0.05604	0.02872	0.01874	0.11977	0.22858	0.02575	0.03624	0.01732	0.01982	0.01323	0.00793	0.00784	0.00208	0.00905	0.00696	0.00604	0.32678
22	0.03192	0.03667	0.02445	0.02138	0.02633	0.51792	0.01638	0.17006	0.02781	0.02845	0.01485	0.01653	0.01178	0.00911	0.00787	0.00228	0.01396	0.00599	0.00534	0.01094
23	0.69164	0.01793	0.01368	0.01210	0.01740	0.04936	0.00989	0.05456	0.01618	0.03814	0.01233	0.01422	0.00955	0.00805	0.00554	0.00261	0.00712	0.00480	0.00538	0.00950
24	0.02275	0.70604	0.04459	0.01456	0.02184	0.03367	0.01456	0.02548	0.01729	0.02002	0.01183	0.01365	0.01092	0.00728	0.00546	0.00182	0.00910	0.00455	0.00364	0.01092
25	0.01238	0.00825	0.00928	0.00928	0.00928	0.00825	0.00516	0.01238	0.01238	0.01650	0.02681	0.05569	0.03094	0.70092	0.04331	0.00825	0.00825	0.01238	0.00516	0.00516
26	0.01216	0.00912	0.01368	0.01368	0.01520	0.01064	0.01064	0.01520	0.01368	0.01976	0.02279	0.03343	0.02127	0.06382	0.66720	0.01368	0.02279	0.00912	0.00456	0.00760
27	0.01216	0.00912	0.01368	0.01368	0.01520	0.01064	0.01064	0.01520	0.01368	0.01976	0.02279	0.03343	0.02127	0.06382	0.66720	0.01368	0.02279	0.00912	0.00456	0.00760
28	0.76103	0.01646	0.01251	0.01119	0.01646	0.01909	0.00922	0.02502	0.01448	0.03818	0.01185	0.01382	0.00922	0.00790	0.00527	0.00263	0.00658	0.00461	0.00527	0.00922
29	0.01707	0.04402	0.65683	0.02426	0.03683	0.01976	0.03144	0.02695	0.01797	0.02695	0.01527	0.01797	0.01078	0.00809	0.00809	0.00270	0.01258	0.00629	0.00359	0.01258
30	0.01478	0.00739	0.01109	0.01109	0.01109	0.00739	0.00739	0.01109	0.01109	0.01478	0.01478	0.02587	0.01478	0.02956	0.03326	0.75240	0.00739	0.00739	0.00370	0.00370
31	0.01958	0.02346	0.14139	0.07401	0.43950	0.01949	0.02515	0.02659	0.05841	0.02762	0.02050	0.02429	0.04483	0.00866	0.00846	0.00261	0.01010	0.00800	0.00455	0.01281
32	0.02805	0.03434	0.02467	0.02204	0.02518	0.48508	0.01706	0.03015	0.02097	0.02073	0.01259	0.01627	0.01102	0.01051	0.01342	0.00263	0.20533	0.00604	0.00420	0.00971
33	0.03179	0.04056	0.02412	0.02192	0.02631	0.66676	0.01644	0.03398	0.02412	0.02083	0.01315	0.01535	0.01096	0.00877	0.00767	0.00219	0.01535	0.00548	0.00438	0.00987
34	0.02106	0.02022	0.03454	0.05223	0.64784	0.02022	0.02612	0.02612	0.01938	0.02780	0.01601	0.02106	0.01348	0.00758	0.00842	0.00253	0.01011	0.00758	0.00421	0.01348
35	0.02106	0.02022	0.03454	0.05223	0.64784	0.02022	0.02612	0.02612	0.01938	0.02780	0.01601	0.02106	0.01348	0.00758	0.00842	0.00253	0.01011	0.00758	0.00421	0.01348
36	0.02443	0.28381	0.03165	0.01880	0.02315	0.25278	0.01589	0.02680	0.01855	0.02039	0.01276	0.01643	0.01156	0.01259	0.04775	0.00302	0.15988	0.00576	0.00397	0.01001
37	0.76103	0.01646	0.01251	0.01119	0.01646	0.01909	0.00922	0.02502	0.01448	0.03818	0.01185	0.01382	0.00922	0.00790	0.00527	0.00263	0.00658	0.00461	0.00527	0.00922
38	0.01933	0.01886	0.03334	0.25518	0.38912	0.01994	0.09060	0.02482	0.01869	0.02577	0.01585	0.02180	0.01272	0.00784	0.00863	0.00267	0.01098	0.00785	0.00408	0.01195
39	0.76103	0.01646	0.01251	0.01119	0.01646	0.01909	0.00922	0.02502	0.01448	0.03818	0.01185	0.01382	0.00922	0.00790	0.00527	0.00263	0.00658	0.00461	0.00527	0.00922
40	0.01006	0.00862	0.00862	0.00862	0.01149	0.00718	0.00647	0.01221	0.01940	0.02299	0.08621	0.08190	0.64438	0.02155	0.01006	0.00287	0.00431	0.01796	0.00790	0.00718
41	0.01217	0.00907	0.01345	0.01345	0.01489	0.01052	0.01036	0.01505	0.01361	0.01959	0.02300	0.03457	0.02177	0.09640	0.63529	0.01340	0.02205	0.00928	0.00459	0.00747
42	0.01227	0.00868	0.01148	0.01148	0.01223	0.00944	0.00789	0.01378	0.01303	0.01813	0.02481	0.04458	0.02611	0.38281	0.35483	0.01096	0.01551	0.01075	0.00486	0.00638
43	0.01238	0.00825	0.00928	0.00928	0.00928	0.00825	0.00516	0.01238	0.01238	0.01650	0.02681	0.05569	0.03094	0.70092	0.04331	0.00825	0.00825	0.01238	0.00516	0.00516
44	0.02734	0.01820	0.02100	0.01696	0.02211	0.01971	0.01370	0.36259	0.03009	0.12839	0.02323	0.02683	0.01800	0.06673	0.15922	0.00544	0.01202	0.00842	0.00769	0.01233
45	0.06257	0.02472	0.05225	0.01905	0.02579	0.08481	0.01608	0.43207	0.03428	0.13237	0.02099	0.02075	0.01468	0.00993	0.00829	0.00254	0.00967	0.00739	0.00805	0.01373
46	0.02361	0.01950	0.02062	0.01781	0.02306	0.02231	0.01406	0.17075	0.50295	0.03954	0.03153	0.02928	0.02346	0.01125	0.00863	0.00281	0.00731	0.00919	0.00863	0.01369
47	0.19481	0.01874	0.02810	0.07916	0.43307	0.01949	0.02134	0.02635	0.01833	0.06084	0.01585	0.01986	0.01273	0.00786	0.00770	0.00258	0.00922	0.00693	0.00475	0.01229
48	0.01722	0.04298	0.62684	0.02483	0.03721	0.01985	0.06038	0.02697	0.01807	0.02697	0.01537	0.01821	0.01089	0.00804	0.00818	0.00270	0.01266	0.00647	0.00363	0.01252
49	0.01216	0.00912	0.01368	0.01368	0.01520	0.01064	0.01064	0.01520	0.01368	0.01976	0.02279	0.03343	0.02127	0.06382	0.66720	0.01368	0.02279	0.00912	0.00456	0.00760
50	0.01216	0.00912	0.01368	0.01368	0.01520	0.01064	0.01064	0.01520	0.01368	0.01976	0.02279	0.03343	0.02127	0.06382	0.66720	0.01368	0.02279	0.00912	0.00456	0.00760
51	0.01768	0.01157	0.01247	0.01117	0.01319	0.01213	0.00778	0.14709	0.01988	0.02870	0.02567	0.04156	0.02489	0.36486	0.02570	0.00533	0.00735	0.01015	0.20489	0.00794
52	0.76103	0.01646	0.01251	0.01119	0.01646	0.01909	0.00922	0.02502	0.01448	0.03818	0.01185	0.01382	0.00922	0.00790	0.00527	0.00263	0.00658	0.00461	0.00527	0.00922
53	0.01707	0.04402	0.65683	0.02426	0.03683	0.01976	0.03144	0.02695	0.01797	0.02695	0.01527	0.01797	0.01078	0.00809	0.00809	0.00270	0.01258	0.00629	0.00359	0.01258
54	0.01478	0.00739	0.01109	0.01109	0.01109	0.00739	0.00739	0.01109	0.01109	0.01478	0.01478	0.02587	0.01478	0.02956	0.03326	0.75240	0.00739	0.00739	0.00370	0.00370
55	0.02047	0.01576	0.01356	0.04462	0.01698	0.12646	0.00978	0.08773	0.02132	0.03171	0.02377	0.02717	0.01859	0.00968	0.00666	0.00212	0.00692	0.00745	0.50018	0.00906
56	0.02107	0.02012	0.03376	0.05045	0.61584	0.02027	0.02547	0.02709	0.05073	0.02820	0.01696	0.02161	0.01412	0.00779	0.00844	0.00255	0.00994	0.00769	0.00444	0.01348
57	0.76103	0.01646	0.01251	0.01119	0.01646	0.01909	0.00922	0.02502	0.01448	0.03818	0.01185	0.01382	0.00922	0.00790	0.00527	0.00263	0.00658	0.00461	0.00527	0.00922
58	0.03202	0.03372	0.02470	0.02097	0.02634	0.40491	0.01633	0.27339	0.03062	0.03424	0.01613	0.01743	0.01240	0.00936	0.00802	0.00234	0.01290	0.00637	0.00607	0.01175
59	0.01168	0.00796	0.00949	0.01017	0.01034	0.00779	0.00610	0.01219	0.01373	0.01830	0.03374	0.27615	0.03967	0.46855	0.03213	0.00660	0.00711	0.01645	0.00610	0.00576
60	0.01573	0.01568	0.01321	0.01261	0.01587	0.12550	0.00948	0.02135	0.11592	0.02501	0.08863	0.09898	0.37440	0.01786	0.00947	0.00278	0.00666	0.01472	0.00747	0.00866
61	0.03216	0.02939	0.02507	0.02036	0.02636	0.23906	0.01626	0.42503	0.03473	0.04274	0.01801	0.01874	0.01331	0.00974	0.00823	0.00243	0.01135	0.00694	0.00714	0.01294
62	0.76103	0.01646	0.01251	0.01119	0.01646	0.01909	0.00922	0.02502	0.01448	0.03818	0.01185	0.01382	0.00922	0.00790	0.00527	0.00263	0.00658	0.00461	0.00527	0.00922
63	0.02907	0.06703	0.14747	0.01795	0.02546	0.01915	0.01712	0.17390	0.07948	0.26734	0.05137	0.02551	0.01977	0.01015	0.00833	0.00260	0.00873	0.00802	0.00803	0.01352
64	0.01478	0.00739	0.01109	0.01109	0.01109	0.00739	0.00739	0.01109	0.01109	0.01478	0.01478	0.02587	0.01478	0.02956	0.03326	0.75240	0.00739	0.00739	0.00370	0.00370
65	0.01568	0.01201	0.01649	0.01443	0.01688	0.01277	0.04040	0.01871	0.01988	0.08417	0.24444	0.08814	0.19770	0.01728	0.01386	0.00300	0.15389	0.01390	0.00754	0.00880
66	0.01025	0.00841	0.00886	0.00917	0.01149	0.00721	0.00661	0.01217	0.01848	0.02240	0.07645	0.17603	0.51514	0.06384	0.01221	0.00329	0.00465	0.01859	0.00773	0.00702
67	0.03235	0.02384	0.02554	0.01958	0.02639	0.02639	0.01618	0.61946	0.04001	0.05363	0.02043	0.02043	0.01447	0.01022	0.00851	0.00255	0.00936	0.00766	0.00851	0.01447
68	0.28997	0.02562	0.13187	0.05817	0.02635	0.08914	0.01700	0.16494	0.02214	0.03586	0.01475	0.01711	0.01116	0.00905	0.00843	0.00266	0.05312	0.00607	0.00545	0.01113
69	0.02245	0.19080	0.34323	0.02144	0.03054	0.20382	0.02348	0.02859	0.01954	0.02369	0.01391	0.01627	0.01086	0.00810	0.00738	0.00236	0.01258	0.00567	0.00383	0.01145
70	0.01940	0.01077	0.01347	0.01203	0.01554	0.00980	0.00928	0.02377	0.05948	0.20618	0.24904	0.12194	0.18098	0.01697	0.00962	0.00280	0.00526	0.01458	0.00918	0.00989
71	0.02101	0.02035	0.03530	0.05144	0.61853	0.02028	0.05482	0.02617	0.01941	0.02778	0.01607	0.02115	0.01345	0.00756	0.00850	0.00254	0.01032	0.00770	0.00422	0.01338
72	0.01216	0.00912	0.01368	0.01368	0.01520	0.01064	0.01064	0.01520	0.01368	0.01976	0.02279	0.03343	0.02127	0.06382	0.66720	0.01368	0.02279	0.00912	0.00456	0.00760
73	0.01226	0.00913	0.01152	0.01135	0.01343	0.00863	0.00860	0.01682	0.05284	0.03106	0.44466	0.13014	0.13159	0.01898	0.01020	0.00289	0.00459	0.06429	0.00890	0.00808
74	0.76103	0.01646	0.01251	0.01119	0.01646	0.01909	0.00922	0.02502	0.01448	0.03818	0.01185	0.01382	0.00922	0.00790	0.00527	0.00263	0.00658	0.00461	0.00527	0.00922
75	0.02235	0.01908	0.02152	0.02121	0.08807	0.02163	0.01508	0.10460	0.50497	0.03671	0.03117	0.02942	0.02344	0.01099	0.00862	0.00281	0.00737	0.00920	0.00818	0.01358
76	0.01231	0.00849	0.01052	0.01052	0.01094	0.00892	0.00670	0.01317	0.01274	0.01741	0.02569	0.04944	0.02823	0.52209	0.21844	0.00977	0.01233	0.01146	0.00499	0.00584
77	0.01238	0.00825	0.00928	0.00928	0.00928	0.00825	0.00516	0.01238	0.01238	0.01650	0.02681	0.05569	0.03094	0.70092	0.04331	0.00825	0.00825	0.01238	0.00516	0.00516
78	0.01861	0.01771	0.03011	0.36116	0.35810	0.01957	0.02490	0.02397	0.01822	0.02482	0.01557	0.02186	0.01243	0.00804	0.00847	0.00268	0.01072	0.00757	0.00400	0.01150
79	0.03125	0.08196	0.02555	0.02126	0.02603	0.57353	0.01630	0.08147	0.02498	0.02347	0.01367	0.01565	0.01125	0.00879	0.00760	0.00220	0.01445	0.00560	0.00468	0.01031
80	0.01738	0.01580	0.02604	0.03832	0.42882	0.01563	0.01984	0.02120	0.01831	0.02571	0.02666	0.25345	0.02823	0.01416	0.00926	0.00285	0.00833	0.01331	0.00548	0.01122
81	0.01765	0.01513	0.01765	0.01260	0.02017	0.01134	0.01008	0.02143	0.01765	0.02773	0.01513	0.01765	0.01260	0.00630	0.00630	0.00126	0.00630	0.00504	0.00504	0.75295
82	0.02165	0.02182	0.03552	0.04856	0.54437	0.06191	0.08770	0.02674	0.01976	0.02730	0.01595	0.02089	0.01326	0.00762	0.00855	0.00254	0.01089	0.00771	0.00423	0.01304
83	0.01325	0.00936	0.01165	0.01131	0.01184	0.01038	0.00767	0.01449	0.01327	0.01911	0.02459	0.04501	0.02609	0.42925	0.17453	0.00839	0.07315	0.01076	0.07955	0.00635
84	0.02296	0.02410	0.03112	0.04356	0.48062	0.16096	0.02311	0.02734	0.02065	0.02659	0.04634	0.02191	0.01623	0.00833	0.00834	0.00246	0.01095	0.00751	0.00450	0.01242
85	0.76103	0.01646	0.01251	0.01119	0.01646	0.01909	0.00922	0.02502	0.01448	0.03818	0.01185	0.01382	0.00922	0.00790	0.00527	0.00263	0.00658	0.00461	0.00527	0.00922
86	0.02246	0.11360	0.17268	0.02059	0.05607	0.19315	0.01855	0.08259	0.02097	0.02611	0.01684	0.02057	0.01378	0.01787	0.11892	0.00424	0.01366	0.00663	0.04995	0.01075
87	0.01238	0.00825	0.00928	0.00928	0.00928	0.00825	0.00516	0.01238	0.01238	0.01650	0.02681	0.05569	0.03094	0.70092	0.04331	0.00825	0.00825	0.01238	0.00516	0.00516
88	0.01105	0.00787	0.00999	0.01113	0.01173	0.00763	0.00732	0.01232	0.01519	0.02021	0.04167	0.42459	0.08215	0.21164	0.07981	0.00565	0.00743	0.01924	0.00685	0.00652
89	0.01228	0.00821	0.00931	0.00940	0.00943	0.00819	0.00529	0.01235	0.01256	0.01675	0.02776	0.08584	0.03213	0.66914	0.04179	0.00802	0.00809	0.01293	0.00529	0.00524
90	0.06725	0.01874	0.02087	0.01644	0.02262	0.01946	0.01343	0.30424	0.08339	0.19843	0.03029	0.02872	0.07458	0.01112	0.00839	0.00256	0.00782	0.00870	0.00862	0.05429
91	0.03124	0.08121	0.02537	0.02147	0.02604	0.62809	0.01633	0.03346	0.02370	0.02078	0.01307	0.01524	0.01096	0.00868	0.00754	0.00217	0.01497	0.00542	0.00434	0.00993
92	0.02153	0.23768	0.33421	0.02235	0.06050	0.13779	0.02356	0.02771	0.01892	0.02387	0.01392	0.01638	0.01099	0.00794	0.00725	0.00234	0.01192	0.00570	0.00378	0.01166
93	0.02700	0.01894	0.02128	0.01763	0.02285	0.02041	0.01439	0.41252	0.03278	0.08374	0.02846	0.13104	0.02566	0.01443	0.00929	0.00287	0.00837	0.08738	0.00846	0.01247
94	0.02106	0.02022	0.03454	0.05223	0.64784	0.02022	0.02612	0.02612	0.01938	0.02780	0.01601	0.02106	0.01348	0.00758	0.00842	0.00253	0.01011	0.00758	0.00421	0.01348
95	0.01054	0.00875	0.00929	0.00946	0.01220	0.00750	0.00730	0.01297	0.01965	0.02379	0.10896	0.08249	0.55458	0.02156	0.01023	0.00297	0.00467	0.07785	0.00797	0.00729
96	0.02919	0.03191	0.02210	0.01940	0.02394	0.42598	0.01487	0.15756	0.02694	0.02974	0.05460	0.02095	0.01699	0.00972	0.00783	0.00228	0.01228	0.00679	0.07638	0.01056
97	0.01192	0.00869	0.01120	0.01057	0.01264	0.00798	0.00793	0.01581	0.02379	0.03341	0.60754	0.06475	0.11655	0.01766	0.01004	0.00269	0.00403	0.01556	0.00927	0.00798
98	0.01238	0.00825	0.00928	0.00928	0.00928	0.00825	0.00516	0.01238	0.01238	0.01650	0.02681	0.05569	0.03094	0.70092	0.04331	0.00825	0.00825	0.01238	0.00516	0.00516
99	0.01222	0.00887	0.01240	0.01240	0.01348	0.00995	0.00905	0.01438	0.01330	0.01881	0.02396	0.03988	0.02407	0.24837	0.48648	0.01210	0.01858	0.01006	0.00473	0.00689
100	0.01800	0.03560	0.44265	0.02856	0.13555	0.02095	0.02830	0.02567	0.01733	0.02595	0.01467	0.01859	0.01130	0.00920	0.01163	0.00285	0.13061	0.00671	0.00372	0.01215
101	0.02009	0.02296	0.05022	0.03587	0.04448	0.02152	0.61693	0.02726	0.02009	0.02726	0.01722	0.02296	0.01291	0.00717	0.01004	0.00287	0.01435	0.01004	0.00430	0.01148
102	0.01432	0.01110	0.01280	0.01303	0.01510	0.01154	0.00940	0.04605	0.16592	0.02607	0.04417	0.32462	0.10499	0.11093	0.01450	0.00388	0.00609	0.04909	0.00774	0.00866
103	0.01122	0.00789	0.01007	0.01099	0.01170	0.00748	0.00728	0.01291	0.01710	0.02324	0.17470	0.40356	0.05562	0.18419	0.01836	0.00442	0.00552	0.01944	0.00758	0.00674
104	0.28090	0.02672	0.01916	0.01714	0.02203	0.27550	0.01331	0.06216	0.15016	0.03155	0.01760	0.01854	0.01371	0.00913	0.00709	0.00251	0.01021	0.00616	0.00580	0.01063
105	0.01028	0.00815	0.00925	0.01000	0.01189	0.00712	0.00711	0.01226	0.01840	0.02304	0.09827	0.32310	0.38437	0.02336	0.01037	0.00309	0.00454	0.02029	0.00797	0.00712
106	0.03190	0.02244	0.02429	0.01871	0.02527	0.02458	0.01543	0.55235	0.03790	0.09110	0.02164	0.02154	0.01526	0.01022	0.00839	0.00253	0.00896	0.00773	0.04561	0.01415
107	0.06295	0.02383	0.02105	0.04630	0.04923	0.20069	0.01467	0.22660	0.02680	0.03421	0.02222	0.02749	0.04180	0.01180	0.00941	0.04086	0.01012	0.04478	0.07439	0.01079

[dist]
# distance from previous block
# <min> <max>
1	5

[block]
# block no. 3 follows, 21 sequences, length 12
# corresponding to MSA columns:
# 190-201
name=unknown_D
#
# <colnr> <probs for GDERKNQSTAVLIFYWHMCP>
#	G	D	E	R	K	N	Q	S	T	A	V	L	I	F	Y	W	H	M	C	P
0	0.13667	0.07965	0.02297	0.02065	0.08456	0.29228	0.01475	0.09328	0.02278	0.02803	0.02421	0.02547	0.10027	0.01036	0.00764	0.00240	0.01081	0.00748	0.00540	0.01035
1	0.02257	0.03290	0.38932	0.02542	0.06987	0.01837	0.10899	0.03028	0.01981	0.17093	0.01979	0.02137	0.01360	0.00849	0.00849	0.00270	0.01146	0.00741	0.00532	0.01291
2	0.02060	0.13633	0.45322	0.02246	0.03277	0.14202	0.02628	0.02805	0.01902	0.02484	0.01440	0.01687	0.01083	0.00810	0.00764	0.00248	0.01260	0.00589	0.00375	0.01184
3	0.02332	0.03116	0.12499	0.21448	0.03853	0.29341	0.06818	0.02809	0.02019	0.02253	0.01427	0.01866	0.01121	0.00879	0.00924	0.00259	0.04936	0.00667	0.00405	0.01026
4	0.01108	0.00849	0.01015	0.01010	0.01221	0.00756	0.00743	0.01405	0.02126	0.02828	0.35415	0.15903	0.28494	0.02023	0.01016	0.00286	0.00425	0.01757	0.00862	0.00756
5	0.16811	0.15533	0.24343	0.02211	0.03104	0.02228	0.15889	0.02705	0.01794	0.05780	0.01527	0.01802	0.01148	0.00780	0.00751	0.00256	0.01089	0.00661	0.00443	0.01143
6	0.01037	0.00741	0.00987	0.01185	0.01234	0.00691	0.00790	0.01185	0.01629	0.02172	0.04690	0.69537	0.05629	0.02666	0.01086	0.00346	0.00494	0.02419	0.00790	0.00691
7	0.01387	0.01223	0.01772	0.01724	0.05349	0.01327	0.05864	0.01628	0.01625	0.02180	0.04063	0.13638	0.18450	0.12194	0.07998	0.00493	0.13983	0.03711	0.00588	0.00803
8	0.01478	0.00739	0.01109	0.01109	0.01109	0.00739	0.00739	0.01109	0.01109	0.01478	0.01478	0.02587	0.01478	0.02956	0.03326	0.75240	0.00739	0.00739	0.00370	0.00370
9	0.01992	0.02034	0.02841	0.37607	0.25531	0.10787	0.02350	0.02491	0.01879	0.02369	0.01516	0.02113	0.01202	0.00823	0.00837	0.00264	0.01147	0.00729	0.00401	0.01088
10	0.02585	0.02239	0.02074	0.06982	0.02491	0.20496	0.01462	0.14774	0.02394	0.11622	0.02147	0.05272	0.01760	0.02350	0.16907	0.00523	0.01404	0.00822	0.00624	0.01074
11	0.01551	0.01068	0.01577	0.01409	0.01720	0.00959	0.07878	0.01838	0.01960	0.11287	0.12075	0.28481	0.20867	0.01969	0.01013	0.00302	0.00608	0.01765	0.00802	0.00871

[dist]
# distance from previous block
# <min> <max>
0	1

# created by:
# /home/cegg/simao/soft/augustus-3.2.1/scripts/msa2prfl.pl ./align_prep/12974.fa
