[name]
unknown

[dist]
# distance from previous block
# <min> <max>
2	4

[block]
# block no. 0 follows, 21 sequences, length 16
# corresponding to MSA columns:
# 4-19
name=unknown_A
#
# <colnr> <probs for GDERKNQSTAVLIFYWHMCP>
#	G	D	E	R	K	N	Q	S	T	A	V	L	I	F	Y	W	H	M	C	P
0	0.01437	0.01218	0.01857	0.01616	0.01821	0.01355	0.07520	0.01696	0.01419	0.02035	0.02099	0.03473	0.02077	0.20781	0.30205	0.00888	0.11610	0.00953	0.00459	0.05482
1	0.02950	0.02292	0.02781	0.02783	0.18342	0.02483	0.01869	0.46953	0.03480	0.04711	0.01931	0.02059	0.01422	0.00955	0.00849	0.00255	0.00955	0.00764	0.00743	0.01422
2	0.01134	0.00805	0.00992	0.01054	0.01139	0.00760	0.00695	0.01296	0.01700	0.02289	0.17404	0.30787	0.09920	0.23687	0.02085	0.00475	0.00573	0.01806	0.00736	0.00662
3	0.01123	0.00806	0.00993	0.01088	0.01169	0.00774	0.00728	0.01255	0.01549	0.02031	0.04450	0.33737	0.12855	0.24045	0.06255	0.00555	0.00716	0.04540	0.00682	0.00648
4	0.01159	0.00798	0.00972	0.01039	0.01078	0.00773	0.00648	0.01256	0.01506	0.02029	0.09865	0.29478	0.04553	0.37843	0.02775	0.00588	0.00657	0.01709	0.00662	0.00611
5	0.01149	0.00788	0.00954	0.01041	0.01063	0.00766	0.00637	0.01214	0.01410	0.01880	0.03567	0.33752	0.04211	0.40386	0.02902	0.00614	0.00679	0.01758	0.00637	0.00593
6	0.01157	0.00796	0.00967	0.01039	0.01073	0.00771	0.00644	0.01245	0.01479	0.01987	0.08158	0.30445	0.04453	0.38727	0.02819	0.00597	0.00664	0.01719	0.00654	0.00606
7	0.01922	0.00987	0.01208	0.01083	0.01288	0.00929	0.00740	0.02078	0.01708	0.18274	0.09297	0.04784	0.03287	0.40007	0.02809	0.00575	0.00722	0.01137	0.06358	0.00806
8	0.08885	0.00947	0.00967	0.00989	0.01273	0.00869	0.00764	0.01410	0.01867	0.02474	0.07106	0.12304	0.46966	0.02073	0.00980	0.00300	0.00497	0.07823	0.00762	0.00745
9	0.01638	0.01678	0.03344	0.02520	0.03091	0.01564	0.35899	0.02184	0.02067	0.02817	0.18505	0.10725	0.07441	0.01273	0.01013	0.00288	0.01009	0.01339	0.00620	0.00985
10	0.01045	0.00765	0.00983	0.01136	0.01226	0.00703	0.00773	0.01220	0.01725	0.02278	0.09516	0.57210	0.13223	0.02534	0.01070	0.00333	0.00479	0.02277	0.00801	0.00703
11	0.02867	0.01420	0.01848	0.01523	0.02024	0.01400	0.01232	0.09999	0.06393	0.35681	0.05601	0.03081	0.02328	0.02433	0.17506	0.00543	0.01124	0.00897	0.00862	0.01239
12	0.01150	0.00935	0.01027	0.00992	0.01266	0.00847	0.00747	0.01584	0.06540	0.02746	0.26023	0.07241	0.41951	0.01950	0.00995	0.00281	0.00439	0.01654	0.00843	0.00791
13	0.01921	0.01829	0.02487	0.17255	0.24707	0.05443	0.01937	0.02868	0.17405	0.02746	0.02922	0.03147	0.09564	0.01061	0.00867	0.00271	0.00908	0.00929	0.00572	0.01161
14	0.01191	0.00910	0.01306	0.01356	0.01459	0.01025	0.01013	0.01428	0.01463	0.02055	0.03115	0.28323	0.03387	0.04649	0.37597	0.00914	0.06015	0.01472	0.00577	0.00745
15	0.02817	0.02698	0.02181	0.01909	0.02413	0.26764	0.01479	0.10025	0.27478	0.09634	0.02484	0.02401	0.01853	0.01024	0.00826	0.00256	0.01035	0.00772	0.00721	0.01230

[dist]
# distance from previous block
# <min> <max>
0	1

[block]
# block no. 1 follows, 21 sequences, length 64
# corresponding to MSA columns:
# 21-84
name=unknown_B
#
# <colnr> <probs for GDERKNQSTAVLIFYWHMCP>
#	G	D	E	R	K	N	Q	S	T	A	V	L	I	F	Y	W	H	M	C	P
0	0.03607	0.01743	0.08340	0.01605	0.02323	0.01323	0.01440	0.04002	0.02372	0.59111	0.03175	0.02787	0.02004	0.01029	0.00851	0.00264	0.00777	0.00833	0.00984	0.01429
1	0.01993	0.01668	0.02716	0.15920	0.36676	0.01703	0.02106	0.02461	0.01986	0.08419	0.08561	0.03109	0.06976	0.01010	0.00874	0.00264	0.00902	0.00926	0.00551	0.01178
2	0.08729	0.01006	0.01193	0.01083	0.01371	0.00940	0.00826	0.01726	0.02232	0.03342	0.49626	0.05527	0.09384	0.01563	0.00922	0.00255	0.00449	0.01349	0.00849	0.07627
3	0.02249	0.01950	0.01907	0.01695	0.02163	0.07078	0.01320	0.09435	0.46930	0.03571	0.03097	0.02943	0.02334	0.01104	0.00830	0.00271	0.00737	0.00895	0.08220	0.01273
4	0.02073	0.08406	0.18304	0.01617	0.02262	0.01598	0.01621	0.08427	0.02353	0.13701	0.25957	0.03717	0.03957	0.01221	0.00872	0.00258	0.00776	0.01014	0.00747	0.01119
5	0.02384	0.43872	0.05988	0.01655	0.02291	0.14341	0.01528	0.07246	0.01995	0.02303	0.01397	0.01663	0.01223	0.01346	0.07231	0.00316	0.01174	0.00548	0.00424	0.01074
6	0.02015	0.01955	0.07677	0.01733	0.02237	0.01966	0.01451	0.04014	0.51416	0.03273	0.03088	0.02990	0.02347	0.01303	0.01106	0.07775	0.00734	0.00909	0.00770	0.01241
7	0.01601	0.01625	0.02204	0.01904	0.05625	0.07748	0.14526	0.01982	0.02043	0.02578	0.12096	0.05065	0.27907	0.01440	0.00938	0.00261	0.00812	0.01288	0.00646	0.07709
8	0.01586	0.00793	0.00793	0.00793	0.00991	0.00793	0.00595	0.01983	0.01785	0.03173	0.02776	0.03173	0.02181	0.00991	0.00595	0.00198	0.00397	0.00793	0.74817	0.00793
9	0.01911	0.01794	0.02820	0.04053	0.46390	0.01801	0.02119	0.02580	0.08858	0.02783	0.03061	0.03310	0.12724	0.01052	0.00874	0.00263	0.00870	0.00966	0.00537	0.01236
10	0.06298	0.03379	0.02170	0.01994	0.02385	0.51868	0.01506	0.03020	0.02179	0.02146	0.01482	0.01851	0.01272	0.01857	0.12543	0.00427	0.01626	0.00609	0.00446	0.00943
11	0.76103	0.01646	0.01251	0.01119	0.01646	0.01909	0.00922	0.02502	0.01448	0.03818	0.01185	0.01382	0.00922	0.00790	0.00527	0.00263	0.00658	0.00461	0.00527	0.00922
12	0.01503	0.06615	0.02089	0.02262	0.16128	0.01464	0.01451	0.01851	0.01527	0.02163	0.02038	0.02904	0.01867	0.04646	0.46390	0.01018	0.01881	0.00841	0.00441	0.00921
13	0.01125	0.01122	0.07470	0.01295	0.01484	0.00834	0.01027	0.01388	0.01743	0.02379	0.11795	0.54909	0.05473	0.02365	0.01048	0.00328	0.00559	0.02131	0.00765	0.00762
14	0.01060	0.00864	0.00937	0.00919	0.01182	0.00741	0.00689	0.01325	0.02067	0.02600	0.23691	0.07694	0.49180	0.02043	0.01005	0.00282	0.00423	0.01727	0.00830	0.00741
15	0.01981	0.02488	0.10572	0.03481	0.04378	0.02136	0.56336	0.02723	0.01989	0.02723	0.01704	0.02250	0.01272	0.00726	0.00986	0.00285	0.01419	0.00970	0.00424	0.01158
16	0.01415	0.01041	0.01495	0.01784	0.05497	0.01041	0.01445	0.01813	0.01958	0.02561	0.04334	0.09155	0.04687	0.02257	0.01156	0.00384	0.00797	0.55602	0.00762	0.00817
17	0.03170	0.02352	0.02517	0.01945	0.02614	0.02609	0.01602	0.58621	0.07432	0.05259	0.02125	0.02109	0.01514	0.01029	0.00852	0.00257	0.00921	0.00778	0.00852	0.01441
18	0.07190	0.03827	0.02356	0.02120	0.02577	0.59408	0.01603	0.06739	0.02451	0.02368	0.01350	0.01556	0.01107	0.00881	0.00759	0.00224	0.01452	0.00556	0.00467	0.01010
19	0.01940	0.01992	0.02595	0.02232	0.02258	0.06403	0.01849	0.02128	0.01369	0.02050	0.01129	0.01842	0.01116	0.01453	0.02673	0.00363	0.64565	0.00733	0.00376	0.00934
20	0.01286	0.00967	0.01298	0.01486	0.07508	0.00992	0.00903	0.01448	0.01430	0.01942	0.03123	0.08557	0.08415	0.35603	0.20570	0.00839	0.01187	0.01220	0.00531	0.00694
21	0.01707	0.04402	0.65683	0.02426	0.03683	0.01976	0.03144	0.02695	0.01797	0.02695	0.01527	0.01797	0.01078	0.00809	0.00809	0.00270	0.01258	0.00629	0.00359	0.01258
22	0.01586	0.00793	0.00793	0.00793	0.00991	0.00793	0.00595	0.01983	0.01785	0.03173	0.02776	0.03173	0.02181	0.00991	0.00595	0.00198	0.00397	0.00793	0.74817	0.00793
23	0.02008	0.01771	0.02959	0.11905	0.46494	0.01798	0.02281	0.02467	0.01899	0.06074	0.02072	0.10571	0.01898	0.01023	0.00875	0.00269	0.00945	0.00970	0.00497	0.01224
24	0.01586	0.00793	0.00793	0.00793	0.00991	0.00793	0.00595	0.01983	0.01785	0.03173	0.02776	0.03173	0.02181	0.00991	0.00595	0.00198	0.00397	0.00793	0.74817	0.00793
25	0.02798	0.03255	0.02170	0.01922	0.02384	0.45843	0.01463	0.10313	0.02509	0.02556	0.02494	0.02591	0.10497	0.01072	0.00806	0.00229	0.01254	0.00757	0.00545	0.04540
26	0.02268	0.12619	0.22262	0.01952	0.02734	0.19978	0.01945	0.05632	0.04426	0.02633	0.04253	0.01923	0.01490	0.00855	0.00748	0.00223	0.01121	0.00623	0.00471	0.11844
27	0.69348	0.07955	0.01544	0.01150	0.01695	0.02043	0.00971	0.02506	0.01474	0.03652	0.01185	0.01381	0.00937	0.00784	0.00528	0.00256	0.00681	0.00460	0.00512	0.00937
28	0.01248	0.00903	0.01203	0.01190	0.01266	0.01003	0.00833	0.01405	0.01304	0.01825	0.02429	0.04339	0.02547	0.36126	0.35294	0.01080	0.03814	0.01059	0.00481	0.00651
29	0.05892	0.00992	0.01256	0.01133	0.01414	0.00927	0.00870	0.01999	0.02357	0.11744	0.52502	0.05605	0.06824	0.01593	0.00956	0.00267	0.00460	0.01385	0.00929	0.00896
30	0.01306	0.01133	0.01242	0.01448	0.04035	0.07346	0.00952	0.01491	0.01767	0.02262	0.07758	0.56178	0.05139	0.02353	0.01039	0.00324	0.00614	0.02111	0.00748	0.00755
31	0.02046	0.01493	0.02054	0.02464	0.19716	0.01496	0.01492	0.02860	0.16025	0.13079	0.05844	0.13181	0.11794	0.01407	0.00914	0.00282	0.00708	0.01236	0.00750	0.01160
32	0.02848	0.10123	0.02505	0.01994	0.02464	0.44151	0.01552	0.08274	0.07667	0.02475	0.01626	0.01845	0.01336	0.01329	0.05916	0.00314	0.01405	0.00622	0.00505	0.01050
33	0.01698	0.04138	0.59907	0.08430	0.03883	0.01969	0.03073	0.02647	0.01788	0.02647	0.01526	0.01840	0.01083	0.00812	0.00812	0.00271	0.01246	0.00641	0.00361	0.01229
34	0.02752	0.22180	0.02898	0.01893	0.02405	0.38028	0.01537	0.07566	0.02250	0.02307	0.01424	0.01693	0.01217	0.01351	0.06747	0.00317	0.01382	0.00572	0.00452	0.01031
35	0.01967	0.05255	0.07759	0.01716	0.02234	0.04461	0.01476	0.03684	0.41414	0.03149	0.03602	0.03933	0.07392	0.01290	0.00883	0.00289	0.00764	0.06761	0.00765	0.01207
36	0.01586	0.00793	0.00793	0.00793	0.00991	0.00793	0.00595	0.01983	0.01785	0.03173	0.02776	0.03173	0.02181	0.00991	0.00595	0.00198	0.00397	0.00793	0.74817	0.00793
37	0.15128	0.03555	0.45154	0.02093	0.03112	0.01977	0.02496	0.08517	0.01948	0.03140	0.01650	0.04582	0.01277	0.00904	0.00774	0.00270	0.01087	0.00687	0.00456	0.01193
38	0.01901	0.02297	0.14399	0.03133	0.25732	0.01702	0.07030	0.02466	0.01855	0.02757	0.01565	0.01941	0.01262	0.00718	0.00773	0.00213	0.00953	0.00663	0.00441	0.28201
39	0.01829	0.01711	0.02656	0.03796	0.42870	0.01701	0.01997	0.02438	0.07644	0.02731	0.03549	0.03744	0.17417	0.01148	0.00886	0.00265	0.00833	0.01040	0.00556	0.01189
40	0.07454	0.01458	0.01618	0.06882	0.05634	0.07251	0.01178	0.05211	0.02119	0.02959	0.27704	0.07256	0.06851	0.08292	0.01330	0.00327	0.03704	0.01196	0.00700	0.00877
41	0.02039	0.14353	0.02855	0.02651	0.20682	0.05392	0.06289	0.02441	0.02075	0.07861	0.15950	0.03467	0.08202	0.01114	0.00847	0.00248	0.00848	0.00977	0.00609	0.01101
42	0.01586	0.00793	0.00793	0.00793	0.00991	0.00793	0.00595	0.01983	0.01785	0.03173	0.02776	0.03173	0.02181	0.00991	0.00595	0.00198	0.00397	0.00793	0.74817	0.00793
43	0.02288	0.37153	0.11193	0.02019	0.08570	0.02702	0.01754	0.05586	0.12463	0.06061	0.01815	0.01916	0.01445	0.00845	0.00693	0.00226	0.00913	0.00629	0.00514	0.01216
44	0.02371	0.05366	0.03065	0.03445	0.29265	0.12722	0.05496	0.11318	0.02277	0.02972	0.05276	0.02209	0.01680	0.00944	0.01032	0.00259	0.07816	0.00771	0.00511	0.01207
45	0.01280	0.03427	0.05087	0.01251	0.01547	0.00990	0.00992	0.01653	0.04262	0.02572	0.15548	0.35472	0.09598	0.01964	0.00965	0.00287	0.00554	0.01737	0.00746	0.10069
46	0.01908	0.17926	0.36480	0.02529	0.03568	0.02319	0.18398	0.02672	0.01839	0.02556	0.01506	0.01838	0.01138	0.00767	0.00805	0.00256	0.01231	0.00692	0.00379	0.01193
47	0.02914	0.16089	0.02822	0.02035	0.02518	0.43500	0.01624	0.08984	0.02357	0.02393	0.01348	0.01580	0.01132	0.00912	0.00893	0.00228	0.06596	0.00568	0.00461	0.01048
48	0.01755	0.01553	0.04572	0.01922	0.09674	0.01501	0.01361	0.11003	0.13945	0.03141	0.08810	0.17284	0.13284	0.01644	0.00953	0.00294	0.00691	0.04800	0.00760	0.01052
49	0.05401	0.08924	0.02299	0.01866	0.02211	0.40562	0.01421	0.02769	0.01995	0.02061	0.01523	0.02268	0.01448	0.13292	0.01578	0.00341	0.08014	0.00680	0.00443	0.00904
50	0.02065	0.02053	0.03147	0.20740	0.45150	0.07043	0.02474	0.02564	0.01916	0.02574	0.01556	0.02102	0.01275	0.00791	0.00839	0.00258	0.01083	0.00741	0.00412	0.01219
51	0.02279	0.01698	0.01748	0.01435	0.01927	0.09087	0.01114	0.07832	0.05644	0.14208	0.16519	0.03395	0.03183	0.06483	0.01095	0.00269	0.00747	0.00916	0.00745	0.19676
52	0.01586	0.00793	0.00793	0.00793	0.00991	0.00793	0.00595	0.01983	0.01785	0.03173	0.02776	0.03173	0.02181	0.00991	0.00595	0.00198	0.00397	0.00793	0.74817	0.00793
53	0.30084	0.29208	0.02700	0.01344	0.01981	0.02343	0.01211	0.02895	0.01786	0.17110	0.01679	0.01720	0.01260	0.00825	0.00609	0.00231	0.00774	0.00548	0.00581	0.01110
54	0.02148	0.27523	0.29338	0.02032	0.02878	0.12537	0.02216	0.02702	0.01830	0.02305	0.01341	0.01609	0.01089	0.00844	0.00865	0.00239	0.06436	0.00564	0.00374	0.01132
55	0.01217	0.00908	0.01347	0.01347	0.01492	0.01052	0.01038	0.01506	0.01362	0.01960	0.02299	0.03449	0.02173	0.09406	0.63759	0.01342	0.02210	0.00927	0.00459	0.00748
56	0.03709	0.01623	0.02083	0.01597	0.02259	0.01510	0.01319	0.14929	0.02728	0.54179	0.03112	0.02737	0.01984	0.01047	0.00855	0.00262	0.00764	0.00839	0.01016	0.01448
57	0.01514	0.01155	0.01464	0.07374	0.01948	0.01223	0.01099	0.02289	0.14425	0.05641	0.24159	0.04920	0.13388	0.02401	0.12700	0.00473	0.00878	0.01246	0.00769	0.00934
58	0.01586	0.00793	0.00793	0.00793	0.00991	0.00793	0.00595	0.01983	0.01785	0.03173	0.02776	0.03173	0.02181	0.00991	0.00595	0.00198	0.00397	0.00793	0.74817	0.00793
59	0.06217	0.01307	0.01465	0.01325	0.01664	0.01362	0.00993	0.05311	0.19088	0.11558	0.11261	0.10316	0.08808	0.13732	0.01513	0.00381	0.00647	0.01237	0.00804	0.01010
60	0.06084	0.15636	0.14751	0.01969	0.02605	0.33175	0.01795	0.05525	0.02127	0.02387	0.01439	0.01809	0.01218	0.04940	0.00939	0.00262	0.01260	0.00593	0.00437	0.01047
61	0.02122	0.08057	0.02742	0.01993	0.02547	0.01942	0.15133	0.14487	0.13295	0.05934	0.03318	0.12805	0.09217	0.01316	0.00913	0.00279	0.00872	0.01187	0.00706	0.01137
62	0.19089	0.01513	0.01773	0.10483	0.02451	0.01517	0.01251	0.07696	0.02032	0.17946	0.02484	0.07621	0.04513	0.01057	0.00762	0.00247	0.00735	0.00842	0.00687	0.15303
63	0.06596	0.02134	0.01819	0.01640	0.02011	0.20031	0.01270	0.12367	0.05960	0.03126	0.16144	0.06288	0.03265	0.01926	0.09058	0.00398	0.01096	0.03202	0.00680	0.00990

[dist]
# distance from previous block
# <min> <max>
0	3

[block]
# block no. 2 follows, 21 sequences, length 40
# corresponding to MSA columns:
# 88-127
name=unknown_C
#
# <colnr> <probs for GDERKNQSTAVLIFYWHMCP>
#	G	D	E	R	K	N	Q	S	T	A	V	L	I	F	Y	W	H	M	C	P
0	0.01928	0.06361	0.34558	0.02588	0.09116	0.01986	0.10504	0.06768	0.01986	0.02875	0.01579	0.01886	0.01187	0.00775	0.00802	0.00243	0.01124	0.00674	0.00432	0.12630
1	0.02483	0.02084	0.02803	0.19335	0.26357	0.08178	0.02127	0.12804	0.02334	0.10530	0.01838	0.02176	0.01380	0.00872	0.00840	0.00259	0.01044	0.00751	0.00561	0.01244
2	0.02777	0.01841	0.02568	0.02320	0.10386	0.07608	0.11001	0.05719	0.02366	0.28259	0.13147	0.03133	0.02779	0.01063	0.00895	0.00262	0.00903	0.00952	0.00788	0.01233
3	0.01509	0.00898	0.01107	0.01119	0.01319	0.00808	0.00788	0.01681	0.01779	0.12347	0.05161	0.33835	0.19428	0.12334	0.01513	0.00389	0.00565	0.01834	0.00792	0.00794
4	0.01828	0.01583	0.02253	0.11910	0.23069	0.04615	0.01735	0.02380	0.06543	0.05842	0.09093	0.10074	0.06165	0.01726	0.07069	0.00376	0.00983	0.01093	0.00598	0.01065
5	0.01586	0.00793	0.00793	0.00793	0.00991	0.00793	0.00595	0.01983	0.01785	0.03173	0.02776	0.03173	0.02181	0.00991	0.00595	0.00198	0.00397	0.00793	0.74817	0.00793
6	0.04951	0.05259	0.09813	0.01771	0.02277	0.01679	0.06017	0.05569	0.17973	0.03003	0.06336	0.10687	0.05827	0.01506	0.00938	0.00305	0.00809	0.13516	0.00706	0.01059
7	0.01586	0.00793	0.00793	0.00793	0.00991	0.00793	0.00595	0.01983	0.01785	0.03173	0.02776	0.03173	0.02181	0.00991	0.00595	0.00198	0.00397	0.00793	0.74817	0.00793
8	0.01885	0.01634	0.01684	0.11990	0.02406	0.10759	0.01283	0.06720	0.05575	0.07095	0.10183	0.10918	0.18561	0.01561	0.00932	0.00282	0.00795	0.04078	0.00715	0.00943
9	0.02161	0.02093	0.04890	0.11681	0.09252	0.11699	0.01642	0.07080	0.14790	0.06161	0.05598	0.05823	0.06819	0.01133	0.00854	0.00261	0.00913	0.00938	0.00642	0.05568
10	0.49044	0.05835	0.14565	0.01524	0.02198	0.09481	0.01480	0.02647	0.01644	0.03302	0.01269	0.01483	0.00982	0.00801	0.00612	0.00256	0.00893	0.00505	0.00475	0.01005
11	0.01308	0.01027	0.01461	0.01410	0.01515	0.01234	0.01078	0.01543	0.01336	0.01929	0.02190	0.03524	0.02156	0.16705	0.47206	0.01138	0.11097	0.00945	0.00455	0.00741
12	0.01434	0.01252	0.01273	0.01225	0.01537	0.04220	0.00937	0.02222	0.17051	0.02777	0.15188	0.09410	0.31419	0.01821	0.00973	0.00290	0.00561	0.04695	0.00814	0.00901
13	0.01676	0.01207	0.01791	0.01732	0.06548	0.01080	0.06706	0.01968	0.01833	0.09997	0.06150	0.30255	0.06456	0.05518	0.01134	0.00309	0.00682	0.01537	0.00706	0.12717
14	0.02013	0.01695	0.02024	0.01737	0.02177	0.04820	0.05811	0.14832	0.15496	0.03340	0.08677	0.10710	0.03096	0.01858	0.07090	0.00381	0.00939	0.06258	0.00737	0.06310
15	0.08003	0.06595	0.09085	0.02661	0.08592	0.21966	0.18260	0.02892	0.02053	0.05854	0.01732	0.05266	0.01437	0.00900	0.00833	0.00255	0.01239	0.00798	0.00480	0.01099
16	0.30406	0.20530	0.08274	0.01667	0.02314	0.12925	0.04787	0.02786	0.04677	0.02882	0.01374	0.01576	0.01109	0.00803	0.00639	0.00238	0.00966	0.00543	0.00465	0.01040
17	0.01621	0.01352	0.01930	0.02115	0.14175	0.01336	0.04376	0.06581	0.06646	0.03294	0.33918	0.04947	0.11337	0.01440	0.00951	0.00268	0.00638	0.01285	0.00782	0.01007
18	0.01586	0.00793	0.00793	0.00793	0.00991	0.00793	0.00595	0.01983	0.01785	0.03173	0.02776	0.03173	0.02181	0.00991	0.00595	0.00198	0.00397	0.00793	0.74817	0.00793
19	0.01538	0.01317	0.01790	0.02219	0.18899	0.01274	0.01315	0.05473	0.04811	0.02931	0.19119	0.05495	0.27354	0.01561	0.00945	0.00271	0.00625	0.01351	0.00730	0.00983
20	0.01870	0.01635	0.02114	0.01517	0.02279	0.01314	0.06731	0.05531	0.01912	0.02913	0.01562	0.01830	0.01274	0.00660	0.00678	0.00148	0.00723	0.00566	0.00517	0.64226
21	0.02750	0.02454	0.02354	0.05907	0.02664	0.24186	0.07356	0.06283	0.08625	0.16169	0.02548	0.02777	0.04961	0.05870	0.01093	0.00295	0.01097	0.00840	0.00657	0.01114
22	0.01645	0.01744	0.08292	0.16812	0.24906	0.01569	0.01983	0.02164	0.02011	0.02803	0.20133	0.03657	0.06460	0.01139	0.00896	0.00267	0.00854	0.01026	0.00575	0.01064
23	0.01586	0.00793	0.00793	0.00793	0.00991	0.00793	0.00595	0.01983	0.01785	0.03173	0.02776	0.03173	0.02181	0.00991	0.00595	0.00198	0.00397	0.00793	0.74817	0.00793
24	0.02366	0.10020	0.02488	0.15409	0.07656	0.23957	0.01665	0.02788	0.04909	0.06651	0.02083	0.02500	0.04499	0.04591	0.04614	0.00333	0.01200	0.00751	0.00502	0.01018
25	0.16759	0.13651	0.02528	0.02117	0.08928	0.31084	0.01525	0.02830	0.01969	0.02468	0.01390	0.01709	0.01186	0.01340	0.06877	0.00333	0.01281	0.00573	0.00443	0.01008
26	0.01373	0.01163	0.01665	0.02098	0.17302	0.01131	0.01241	0.01704	0.01899	0.02558	0.16812	0.05298	0.22921	0.06004	0.12583	0.00491	0.00914	0.01298	0.00654	0.00891
27	0.01542	0.18849	0.14684	0.01432	0.01964	0.01656	0.01417	0.01994	0.02021	0.02742	0.27531	0.10047	0.08095	0.01414	0.00859	0.00255	0.00707	0.01185	0.00659	0.00949
28	0.01586	0.00793	0.00793	0.00793	0.00991	0.00793	0.00595	0.01983	0.01785	0.03173	0.02776	0.03173	0.02181	0.00991	0.00595	0.00198	0.00397	0.00793	0.74817	0.00793
29	0.54919	0.05548	0.01548	0.01221	0.01748	0.05423	0.01004	0.02555	0.01657	0.06756	0.06086	0.01863	0.01555	0.00869	0.00599	0.00250	0.00704	0.00569	0.00570	0.04555
30	0.02507	0.02310	0.08953	0.03310	0.25505	0.06777	0.10465	0.08658	0.02224	0.14048	0.01999	0.02368	0.01528	0.04306	0.01034	0.00287	0.01066	0.00807	0.00577	0.01270
31	0.76103	0.01646	0.01251	0.01119	0.01646	0.01909	0.00922	0.02502	0.01448	0.03818	0.01185	0.01382	0.00922	0.00790	0.00527	0.00263	0.00658	0.00461	0.00527	0.00922
32	0.02106	0.02022	0.03454	0.05223	0.64784	0.02022	0.02612	0.02612	0.01938	0.02780	0.01601	0.02106	0.01348	0.00758	0.00842	0.00253	0.01011	0.00758	0.00421	0.01348
33	0.01586	0.00793	0.00793	0.00793	0.00991	0.00793	0.00595	0.01983	0.01785	0.03173	0.02776	0.03173	0.02181	0.00991	0.00595	0.00198	0.00397	0.00793	0.74817	0.00793
34	0.01091	0.00872	0.00980	0.00971	0.01225	0.00761	0.00740	0.01376	0.02090	0.02668	0.26114	0.07691	0.42914	0.02035	0.01015	0.00287	0.00443	0.05142	0.00837	0.00749
35	0.01156	0.01074	0.05881	0.01167	0.01394	0.00823	0.00930	0.01389	0.01835	0.02439	0.17677	0.29512	0.20118	0.02231	0.01238	0.07330	0.00539	0.01786	0.00749	0.00734
36	0.02303	0.60926	0.08612	0.01580	0.02323	0.08046	0.01589	0.02623	0.01785	0.02057	0.01217	0.01408	0.01091	0.00745	0.00581	0.00191	0.00982	0.00474	0.00369	0.01096
37	0.16556	0.01582	0.01722	0.01289	0.01989	0.01378	0.01042	0.05667	0.01874	0.07525	0.01608	0.01785	0.01264	0.00713	0.00638	0.00170	0.00659	0.00535	0.00566	0.51437
38	0.11253	0.10935	0.01965	0.01388	0.01868	0.07895	0.01132	0.04412	0.04971	0.18157	0.06685	0.06567	0.13109	0.01541	0.04198	0.00314	0.00825	0.01002	0.00727	0.01055
39	0.03055	0.03850	0.02430	0.02196	0.02594	0.60669	0.01665	0.03272	0.02308	0.02080	0.01297	0.01565	0.01098	0.00934	0.00957	0.00234	0.07816	0.00567	0.00432	0.00981

[dist]
# distance from previous block
# <min> <max>
0	3

[block]
# block no. 3 follows, 21 sequences, length 11
# corresponding to MSA columns:
# 131-141
name=unknown_D
#
# <colnr> <probs for GDERKNQSTAVLIFYWHMCP>
#	G	D	E	R	K	N	Q	S	T	A	V	L	I	F	Y	W	H	M	C	P
0	0.02128	0.01575	0.01850	0.01571	0.02047	0.01670	0.01248	0.05829	0.25739	0.11127	0.02928	0.02985	0.04797	0.01846	0.10278	0.00412	0.05545	0.00870	0.00728	0.14827
1	0.01711	0.01377	0.01802	0.02116	0.14246	0.01406	0.01368	0.02567	0.17222	0.05456	0.08874	0.05469	0.15991	0.05275	0.01142	0.00326	0.00699	0.11174	0.00742	0.01038
2	0.01586	0.00793	0.00793	0.00793	0.00991	0.00793	0.00595	0.01983	0.01785	0.03173	0.02776	0.03173	0.02181	0.00991	0.00595	0.00198	0.00397	0.00793	0.74817	0.00793
3	0.03351	0.02197	0.02439	0.01870	0.02546	0.02362	0.01544	0.50424	0.03689	0.17326	0.02305	0.02213	0.01579	0.01028	0.00852	0.00257	0.00894	0.00784	0.00892	0.01447
4	0.01586	0.00793	0.00793	0.00793	0.00991	0.00793	0.00595	0.01983	0.01785	0.03173	0.02776	0.03173	0.02181	0.00991	0.00595	0.00198	0.00397	0.00793	0.74817	0.00793
5	0.02564	0.29597	0.03250	0.01913	0.02377	0.29190	0.01614	0.02797	0.01924	0.02044	0.01224	0.01534	0.01099	0.00941	0.01085	0.00235	0.14647	0.00551	0.00396	0.01017
6	0.01045	0.00864	0.00917	0.00904	0.01174	0.00735	0.00678	0.01298	0.02033	0.02521	0.19728	0.07825	0.53193	0.02072	0.01005	0.00283	0.00425	0.01745	0.00819	0.00735
7	0.76103	0.01646	0.01251	0.01119	0.01646	0.01909	0.00922	0.02502	0.01448	0.03818	0.01185	0.01382	0.00922	0.00790	0.00527	0.00263	0.00658	0.00461	0.00527	0.00922
8	0.01892	0.01696	0.02192	0.02653	0.21624	0.01808	0.01604	0.03265	0.31798	0.03064	0.03908	0.03840	0.14534	0.01230	0.00886	0.00277	0.00731	0.01064	0.00711	0.01222
9	0.01285	0.05275	0.01309	0.01076	0.01379	0.01070	0.00835	0.01819	0.08908	0.02854	0.29277	0.06499	0.31716	0.01795	0.00961	0.00273	0.00476	0.01521	0.00829	0.00844
10	0.01363	0.01033	0.01379	0.01386	0.01499	0.01127	0.01041	0.01571	0.01727	0.05297	0.10409	0.37933	0.10174	0.02198	0.01404	0.00336	0.14067	0.04528	0.00734	0.00793

[dist]
# distance from previous block
# <min> <max>
0	3

[block]
# block no. 4 follows, 21 sequences, length 42
# corresponding to MSA columns:
# 145-186
name=unknown_E
#
# <colnr> <probs for GDERKNQSTAVLIFYWHMCP>
#	G	D	E	R	K	N	Q	S	T	A	V	L	I	F	Y	W	H	M	C	P
0	0.01982	0.18364	0.22441	0.02769	0.03714	0.02376	0.31125	0.02677	0.01884	0.02553	0.01544	0.01941	0.01185	0.00746	0.00844	0.00258	0.01265	0.00771	0.00395	0.01167
1	0.03013	0.03349	0.02355	0.02063	0.02545	0.43928	0.01586	0.16708	0.07308	0.02935	0.01692	0.01865	0.01341	0.01209	0.04122	0.00291	0.01371	0.00647	0.00566	0.01107
2	0.30719	0.02023	0.02477	0.06207	0.32626	0.07337	0.01868	0.02615	0.01778	0.03096	0.01413	0.01787	0.01153	0.00784	0.00715	0.00255	0.00924	0.00626	0.00461	0.01135
3	0.02041	0.01688	0.02693	0.06384	0.39702	0.01697	0.02031	0.02607	0.06539	0.08508	0.02492	0.15178	0.02324	0.01185	0.00892	0.00275	0.00865	0.01101	0.00582	0.01215
4	0.01586	0.00793	0.00793	0.00793	0.00991	0.00793	0.00595	0.01983	0.01785	0.03173	0.02776	0.03173	0.02181	0.00991	0.00595	0.00198	0.00397	0.00793	0.74817	0.00793
5	0.12102	0.15107	0.06463	0.01740	0.02348	0.02223	0.05944	0.03481	0.29086	0.06293	0.05059	0.02558	0.02099	0.00989	0.00771	0.00261	0.00801	0.00799	0.00673	0.01202
6	0.18022	0.01728	0.02390	0.03254	0.34173	0.01790	0.01790	0.02549	0.08000	0.03004	0.02865	0.03068	0.11871	0.01037	0.00803	0.00264	0.00804	0.00887	0.00550	0.01150
7	0.02079	0.13816	0.02867	0.01823	0.02511	0.01867	0.12767	0.02824	0.11670	0.07512	0.05621	0.02374	0.01909	0.00844	0.00763	0.00211	0.00834	0.00751	0.00590	0.26366
8	0.76103	0.01646	0.01251	0.01119	0.01646	0.01909	0.00922	0.02502	0.01448	0.03818	0.01185	0.01382	0.00922	0.00790	0.00527	0.00263	0.00658	0.00461	0.00527	0.00922
9	0.02123	0.21380	0.14352	0.02954	0.17805	0.05678	0.12501	0.02845	0.07584	0.02580	0.01653	0.01954	0.01325	0.00794	0.00782	0.00244	0.01094	0.00704	0.00439	0.01209
10	0.02216	0.01806	0.01927	0.01719	0.02211	0.02066	0.01341	0.04500	0.59687	0.07178	0.03457	0.03159	0.02569	0.01149	0.00865	0.00287	0.00676	0.00956	0.00877	0.01353
11	0.01948	0.05413	0.17453	0.03520	0.30731	0.01911	0.07748	0.02549	0.01870	0.02721	0.01560	0.01956	0.01254	0.00740	0.00796	0.00232	0.01028	0.00690	0.00421	0.15457
12	0.01586	0.00793	0.00793	0.00793	0.00991	0.00793	0.00595	0.01983	0.01785	0.03173	0.02776	0.03173	0.02181	0.00991	0.00595	0.00198	0.00397	0.00793	0.74817	0.00793
13	0.02527	0.02026	0.04934	0.01870	0.02458	0.02103	0.04512	0.19819	0.32420	0.10303	0.02948	0.05622	0.02235	0.01137	0.00875	0.00279	0.00806	0.00949	0.00834	0.01342
14	0.01037	0.00741	0.00987	0.01185	0.01234	0.00691	0.00790	0.01185	0.01629	0.02172	0.04690	0.69537	0.05629	0.02666	0.01086	0.00346	0.00494	0.02419	0.00790	0.00691
15	0.01990	0.02116	0.08424	0.04633	0.53842	0.01929	0.02512	0.02517	0.01873	0.02698	0.01658	0.02195	0.01398	0.01284	0.06954	0.00358	0.01149	0.00762	0.00419	0.01286
16	0.01586	0.00793	0.00793	0.00793	0.00991	0.00793	0.00595	0.01983	0.01785	0.03173	0.02776	0.03173	0.02181	0.00991	0.00595	0.00198	0.00397	0.00793	0.74817	0.00793
17	0.02486	0.02003	0.05630	0.04088	0.42057	0.01850	0.07795	0.02988	0.02057	0.17557	0.02024	0.02299	0.01512	0.00826	0.00859	0.00259	0.00992	0.00799	0.00569	0.01350
18	0.06336	0.02491	0.23057	0.01927	0.02759	0.01616	0.06834	0.06052	0.02172	0.27644	0.02934	0.02858	0.07394	0.01032	0.00850	0.00269	0.00938	0.00856	0.00713	0.01266
19	0.19376	0.07179	0.02531	0.02010	0.02547	0.34099	0.08371	0.03164	0.05668	0.05383	0.01539	0.01733	0.01211	0.00854	0.00736	0.00241	0.01201	0.00613	0.00505	0.01038
20	0.01817	0.10202	0.50990	0.02741	0.12391	0.02112	0.02910	0.02669	0.01811	0.02643	0.01506	0.01801	0.01118	0.00794	0.00789	0.00259	0.01190	0.00631	0.00369	0.01255
21	0.01606	0.02743	0.31207	0.02475	0.12602	0.01600	0.05244	0.02290	0.01973	0.02813	0.15048	0.03687	0.08567	0.01169	0.00896	0.00274	0.00959	0.03195	0.00546	0.01106
22	0.01586	0.00793	0.00793	0.00793	0.00991	0.00793	0.00595	0.01983	0.01785	0.03173	0.02776	0.03173	0.02181	0.00991	0.00595	0.00198	0.00397	0.00793	0.74817	0.00793
23	0.01913	0.02121	0.10588	0.03640	0.36690	0.01859	0.02181	0.02801	0.13644	0.02848	0.02687	0.06180	0.07005	0.01053	0.00869	0.00269	0.00903	0.00951	0.00548	0.01251
24	0.01323	0.01235	0.04347	0.02097	0.11696	0.01089	0.06826	0.01615	0.01720	0.02341	0.03799	0.49899	0.04365	0.02109	0.01029	0.00322	0.00694	0.01953	0.00681	0.00860
25	0.01858	0.02536	0.20556	0.02604	0.12160	0.01961	0.08204	0.02993	0.18560	0.02915	0.06078	0.02857	0.05094	0.01063	0.01035	0.00283	0.06571	0.00898	0.00570	0.01204
26	0.47461	0.16352	0.07899	0.01527	0.02190	0.02242	0.06732	0.02549	0.01588	0.03242	0.01263	0.01498	0.01004	0.00772	0.00599	0.00249	0.00834	0.00524	0.00469	0.01007
27	0.02369	0.02613	0.02212	0.02316	0.12161	0.28913	0.01544	0.03035	0.12567	0.02635	0.07524	0.02827	0.06758	0.01050	0.00821	0.00237	0.01044	0.00824	0.00582	0.07967
28	0.01276	0.00967	0.01349	0.01318	0.01414	0.01127	0.00978	0.01485	0.01326	0.01891	0.02294	0.03841	0.02313	0.23774	0.43910	0.01132	0.07445	0.00989	0.00466	0.00706
29	0.01216	0.00912	0.01368	0.01368	0.01520	0.01064	0.01064	0.01520	0.01368	0.01976	0.02279	0.03343	0.02127	0.06382	0.66720	0.01368	0.02279	0.00912	0.00456	0.00760
30	0.01933	0.02544	0.20194	0.02800	0.16931	0.01963	0.05187	0.03258	0.23956	0.03015	0.02497	0.03036	0.02014	0.01045	0.00877	0.00284	0.00961	0.05645	0.00594	0.01265
31	0.01586	0.00793	0.00793	0.00793	0.00991	0.00793	0.00595	0.01983	0.01785	0.03173	0.02776	0.03173	0.02181	0.00991	0.00595	0.00198	0.00397	0.00793	0.74817	0.00793
32	0.07855	0.01312	0.01731	0.01956	0.13637	0.01290	0.01239	0.02305	0.07828	0.07071	0.31229	0.04496	0.08250	0.01345	0.00893	0.00260	0.00598	0.01167	0.00774	0.04766
33	0.02550	0.02418	0.14374	0.02264	0.11041	0.07151	0.01827	0.14025	0.05217	0.16620	0.05856	0.02980	0.07699	0.01086	0.00858	0.00261	0.00927	0.00882	0.00706	0.01255
34	0.02101	0.30624	0.03832	0.03257	0.30147	0.02513	0.06463	0.02508	0.01856	0.02421	0.01869	0.02187	0.05136	0.00829	0.00741	0.00228	0.00965	0.00714	0.00421	0.01187
35	0.15625	0.06761	0.15877	0.01650	0.02370	0.10893	0.01587	0.02678	0.04377	0.05690	0.06276	0.02097	0.01724	0.00863	0.00712	0.00223	0.00907	0.00639	0.00530	0.18523
36	0.08371	0.06421	0.02676	0.01908	0.02605	0.02387	0.06526	0.40831	0.03202	0.04472	0.01827	0.01935	0.01348	0.00908	0.00791	0.00237	0.00915	0.00709	0.00715	0.11215
37	0.40931	0.01800	0.01756	0.01429	0.02025	0.01961	0.01179	0.18724	0.02344	0.17621	0.01887	0.01888	0.01320	0.00909	0.00685	0.00261	0.00747	0.00628	0.00728	0.01176
38	0.33158	0.02208	0.01814	0.01503	0.02090	0.14270	0.01201	0.13045	0.02150	0.03530	0.01432	0.01611	0.01121	0.00813	0.00652	0.00224	0.00869	0.00541	0.00562	0.17206
39	0.42321	0.02090	0.08057	0.01866	0.02553	0.01994	0.14177	0.08186	0.01897	0.07432	0.01544	0.01770	0.01137	0.00814	0.00705	0.00268	0.00908	0.00645	0.00554	0.01082
40	0.41631	0.07015	0.01868	0.01425	0.01984	0.02193	0.01177	0.13395	0.15362	0.03897	0.01831	0.01887	0.01392	0.00905	0.00659	0.00261	0.00729	0.00623	0.00645	0.01119
41	0.39793	0.02225	0.05951	0.01578	0.02206	0.05392	0.01367	0.25337	0.02497	0.04252	0.01542	0.01670	0.01142	0.00884	0.00681	0.00259	0.00847	0.00593	0.00636	0.01148

[dist]
# distance from previous block
# <min> <max>
1	22

[block]
# block no. 5 follows, 21 sequences, length 24
# corresponding to MSA columns:
# 209-232
name=unknown_F
#
# <colnr> <probs for GDERKNQSTAVLIFYWHMCP>
#	G	D	E	R	K	N	Q	S	T	A	V	L	I	F	Y	W	H	M	C	P
0	0.05597	0.05240	0.07882	0.02520	0.05912	0.06904	0.18753	0.21213	0.07048	0.07580	0.01959	0.02145	0.01436	0.00888	0.00861	0.00263	0.01103	0.00803	0.00628	0.01268
1	0.14801	0.01894	0.01810	0.01509	0.02054	0.08149	0.01182	0.08647	0.17724	0.07809	0.02209	0.02432	0.01746	0.06082	0.01001	0.00275	0.00786	0.00724	0.00668	0.18502
2	0.19515	0.09901	0.02184	0.01568	0.02171	0.20580	0.01265	0.06934	0.02035	0.02917	0.01382	0.01586	0.01130	0.00777	0.00653	0.00200	0.00950	0.00520	0.00500	0.23230
3	0.02773	0.01761	0.02075	0.06657	0.02532	0.01898	0.01430	0.12195	0.31154	0.23291	0.03087	0.02862	0.02173	0.01081	0.00860	0.00276	0.00761	0.00886	0.00887	0.01363
4	0.17889	0.02284	0.02037	0.01697	0.02249	0.14546	0.01356	0.21299	0.08607	0.12611	0.05645	0.02290	0.01857	0.01005	0.00780	0.00255	0.00909	0.00738	0.00740	0.01204
5	0.10367	0.01457	0.01561	0.01488	0.01729	0.07830	0.01149	0.06773	0.01739	0.02519	0.02383	0.14115	0.02371	0.03818	0.32018	0.00799	0.05420	0.01060	0.00548	0.00856
6	0.03235	0.02384	0.02554	0.01958	0.02639	0.02639	0.01618	0.61946	0.04001	0.05363	0.02043	0.02043	0.01447	0.01022	0.00851	0.00255	0.00936	0.00766	0.00851	0.01447
7	0.01102	0.00825	0.00977	0.01013	0.01168	0.00750	0.00705	0.01313	0.01864	0.02447	0.20887	0.23893	0.24326	0.12993	0.01556	0.00384	0.00503	0.01810	0.00784	0.00700
8	0.01237	0.00912	0.01141	0.01226	0.01412	0.00868	0.00981	0.01517	0.01875	0.02415	0.11193	0.08221	0.20271	0.13879	0.01657	0.00427	0.00662	0.28629	0.00754	0.00723
9	0.03048	0.03838	0.02431	0.02197	0.02591	0.60317	0.01666	0.03264	0.02302	0.02079	0.01296	0.01567	0.01098	0.00938	0.00968	0.00234	0.08185	0.00568	0.00432	0.00981
10	0.46675	0.01904	0.06211	0.05241	0.02228	0.01937	0.01298	0.08707	0.06462	0.09747	0.01695	0.01810	0.01238	0.00871	0.00655	0.00266	0.00764	0.00596	0.00615	0.01082
11	0.01848	0.01201	0.01519	0.01436	0.01740	0.01218	0.01145	0.10523	0.05051	0.10391	0.16294	0.16519	0.04511	0.02246	0.06906	0.00407	0.00798	0.14448	0.00832	0.00967
12	0.03093	0.02234	0.02282	0.01841	0.02449	0.08455	0.01486	0.31771	0.16936	0.16585	0.02556	0.02420	0.01805	0.01044	0.00847	0.00261	0.00893	0.00807	0.00855	0.01380
13	0.01131	0.00927	0.01215	0.01179	0.01424	0.00828	0.04280	0.01406	0.01956	0.02506	0.16700	0.21510	0.33427	0.02130	0.01036	0.00305	0.00523	0.05966	0.00794	0.00756
14	0.01194	0.00944	0.01035	0.01036	0.01249	0.00895	0.00735	0.01618	0.08520	0.02407	0.11795	0.15834	0.32377	0.14632	0.01616	0.00393	0.00537	0.01667	0.00762	0.00754
15	0.02589	0.02021	0.02416	0.01916	0.02372	0.02296	0.04698	0.38003	0.02954	0.04012	0.01976	0.02631	0.01665	0.12954	0.01792	0.00375	0.12602	0.00856	0.00688	0.01182
16	0.01058	0.00834	0.00955	0.00988	0.01198	0.00731	0.00717	0.01299	0.01970	0.02520	0.20265	0.22729	0.37344	0.02186	0.01025	0.00297	0.00440	0.01890	0.00823	0.00731
17	0.01025	0.00786	0.00941	0.01065	0.01203	0.00701	0.00737	0.01198	0.01745	0.02219	0.06151	0.46746	0.27477	0.02476	0.01056	0.00324	0.00470	0.02188	0.00790	0.00701
18	0.02116	0.01073	0.01344	0.01167	0.01536	0.00943	0.00896	0.02387	0.02138	0.25890	0.17334	0.08068	0.21256	0.08424	0.01283	0.00330	0.00576	0.01364	0.00891	0.00986
19	0.01117	0.00821	0.01047	0.01087	0.01242	0.00751	0.00778	0.01400	0.02059	0.02809	0.35040	0.30202	0.14221	0.02138	0.01035	0.00299	0.00440	0.01900	0.00864	0.00751
20	0.01263	0.00808	0.00900	0.00931	0.01011	0.00787	0.00589	0.01396	0.01490	0.02138	0.03589	0.15153	0.09228	0.37468	0.02663	0.00557	0.00639	0.01374	0.17391	0.00625
21	0.02376	0.01399	0.01739	0.01461	0.01891	0.01422	0.01167	0.15061	0.05840	0.20069	0.21131	0.03844	0.03769	0.02173	0.12216	0.00454	0.00937	0.01057	0.00863	0.01131
22	0.01148	0.00872	0.01014	0.01043	0.01235	0.00797	0.00777	0.01382	0.01876	0.02401	0.16156	0.09876	0.30515	0.15327	0.01683	0.00408	0.00565	0.11460	0.00761	0.00704
23	0.01172	0.00847	0.01042	0.01062	0.01157	0.00858	0.00714	0.01306	0.01432	0.01902	0.03792	0.11764	0.13623	0.34422	0.20384	0.00832	0.01120	0.01362	0.00574	0.00634

[dist]
# distance from previous block
# <min> <max>
0	5

# created by:
# /home/cegg/simao/soft/augustus-3.2.1/scripts/msa2prfl.pl ./align_prep/12997.fa
