[name]
unknown

[dist]
# distance from previous block
# <min> <max>
0	1

[block]
# block no. 0 follows, 21 sequences, length 8
# corresponding to MSA columns:
# 1-8
name=unknown_A
#
# <colnr> <probs for GDERKNQSTAVLIFYWHMCP>
#	G	D	E	R	K	N	Q	S	T	A	V	L	I	F	Y	W	H	M	C	P
0	0.01867	0.06576	0.01722	0.01458	0.01704	0.13299	0.01104	0.07632	0.01915	0.02326	0.02690	0.08974	0.02845	0.24795	0.06790	0.00544	0.01047	0.11318	0.00584	0.00809
1	0.01680	0.01428	0.01435	0.01272	0.01584	0.07610	0.00922	0.07392	0.02010	0.02674	0.13727	0.12749	0.06426	0.18931	0.01752	0.00387	0.00731	0.01215	0.00661	0.15414
2	0.01630	0.01197	0.01403	0.01357	0.01604	0.01220	0.00999	0.17435	0.02331	0.03101	0.07461	0.42830	0.09781	0.02134	0.01012	0.00312	0.00602	0.01877	0.00814	0.00901
3	0.07397	0.02183	0.08999	0.04007	0.43285	0.01987	0.02299	0.08963	0.02114	0.03094	0.02094	0.02436	0.05636	0.00890	0.00829	0.00258	0.00962	0.00797	0.00495	0.01276
4	0.08475	0.01319	0.01509	0.01361	0.01653	0.01452	0.01039	0.17212	0.02093	0.03080	0.02440	0.08977	0.02316	0.14386	0.22023	0.00703	0.01229	0.01010	0.06815	0.00908
5	0.11973	0.01541	0.01693	0.01392	0.01890	0.01572	0.01123	0.20309	0.02676	0.16400	0.14029	0.04079	0.15119	0.01344	0.00867	0.00266	0.00667	0.01080	0.00853	0.01126
6	0.01183	0.00892	0.01025	0.01006	0.01187	0.00836	0.00705	0.01501	0.04709	0.02549	0.24903	0.10260	0.24055	0.19319	0.01851	0.00421	0.00537	0.01567	0.00772	0.00722
7	0.01120	0.00790	0.00948	0.01039	0.01093	0.00752	0.00656	0.01212	0.01494	0.01960	0.04248	0.35197	0.10921	0.31782	0.02481	0.00547	0.00630	0.01840	0.00671	0.00618

[dist]
# distance from previous block
# <min> <max>
5	7

[block]
# block no. 1 follows, 21 sequences, length 13
# corresponding to MSA columns:
# 16-28
name=unknown_B
#
# <colnr> <probs for GDERKNQSTAVLIFYWHMCP>
#	G	D	E	R	K	N	Q	S	T	A	V	L	I	F	Y	W	H	M	C	P
0	0.01812	0.01077	0.01372	0.01203	0.01505	0.01014	0.00921	0.06328	0.02450	0.14362	0.45106	0.05388	0.06193	0.06045	0.01185	0.00303	0.00524	0.01344	0.00924	0.00944
1	0.14961	0.02831	0.15989	0.02472	0.09994	0.13445	0.08729	0.08198	0.05054	0.07926	0.01742	0.01945	0.01295	0.00856	0.00790	0.00259	0.01099	0.00689	0.00538	0.01186
2	0.01218	0.00779	0.01017	0.01090	0.01116	0.00769	0.00700	0.01204	0.01360	0.01822	0.03123	0.28393	0.03602	0.26040	0.06408	0.17916	0.00764	0.01540	0.00580	0.00560
3	0.01832	0.01092	0.01302	0.01156	0.01525	0.00997	0.00899	0.02329	0.07819	0.17705	0.22809	0.05950	0.27856	0.01683	0.00957	0.00276	0.00514	0.01423	0.00901	0.00974
4	0.01410	0.01050	0.01483	0.04684	0.04172	0.01190	0.01078	0.01438	0.01383	0.01904	0.02572	0.22750	0.02891	0.13678	0.02513	0.20133	0.13167	0.01323	0.00522	0.00660
5	0.33944	0.01564	0.01667	0.01368	0.01955	0.01603	0.01121	0.03491	0.07378	0.34148	0.02457	0.02287	0.01654	0.00952	0.00719	0.00266	0.00692	0.00700	0.00816	0.01219
6	0.02210	0.20181	0.03661	0.04065	0.44882	0.05943	0.02254	0.02638	0.01909	0.02537	0.01475	0.01880	0.01267	0.00757	0.00760	0.00232	0.01013	0.00667	0.00407	0.01261
7	0.01047	0.00864	0.00919	0.00905	0.01175	0.00736	0.00679	0.01301	0.02037	0.02529	0.20152	0.07811	0.52764	0.02069	0.01005	0.00283	0.00425	0.01743	0.00821	0.00736
8	0.02003	0.25972	0.28780	0.02837	0.19259	0.02455	0.02438	0.02624	0.01811	0.02485	0.01431	0.01733	0.01154	0.00768	0.00729	0.00236	0.01076	0.00605	0.00377	0.01226
9	0.01044	0.00782	0.00970	0.01095	0.01217	0.00708	0.00756	0.01231	0.01775	0.02313	0.10915	0.48807	0.20379	0.02458	0.01059	0.00324	0.00470	0.02188	0.00803	0.00708
10	0.01047	0.00864	0.00919	0.00905	0.01175	0.00736	0.00679	0.01301	0.02037	0.02529	0.20149	0.07811	0.52767	0.02069	0.01005	0.00283	0.00425	0.01743	0.00821	0.00736
11	0.02015	0.02592	0.10641	0.02423	0.03000	0.18711	0.22128	0.02479	0.01985	0.02402	0.02401	0.20378	0.02397	0.01302	0.00940	0.00283	0.01183	0.01224	0.00522	0.00994
12	0.03235	0.02384	0.02554	0.01958	0.02639	0.02639	0.01618	0.61946	0.04001	0.05363	0.02043	0.02043	0.01447	0.01022	0.00851	0.00255	0.00936	0.00766	0.00851	0.01447

[dist]
# distance from previous block
# <min> <max>
0	11

[block]
# block no. 2 follows, 21 sequences, length 56
# corresponding to MSA columns:
# 40-95
name=unknown_C
#
# <colnr> <probs for GDERKNQSTAVLIFYWHMCP>
#	G	D	E	R	K	N	Q	S	T	A	V	L	I	F	Y	W	H	M	C	P
0	0.02245	0.67062	0.07735	0.01508	0.02264	0.03293	0.01546	0.02556	0.01733	0.02039	0.01202	0.01388	0.01091	0.00732	0.00560	0.00187	0.00929	0.00464	0.00364	0.01101
1	0.01169	0.00828	0.01094	0.01155	0.01221	0.00864	0.00784	0.01316	0.01402	0.01920	0.03163	0.24470	0.03547	0.27932	0.24337	0.00860	0.01213	0.01491	0.00580	0.00652
2	0.76103	0.01646	0.01251	0.01119	0.01646	0.01909	0.00922	0.02502	0.01448	0.03818	0.01185	0.01382	0.00922	0.00790	0.00527	0.00263	0.00658	0.00461	0.00527	0.00922
3	0.01829	0.02120	0.14855	0.09661	0.02852	0.01740	0.05019	0.03099	0.24713	0.05858	0.06861	0.03660	0.11664	0.01203	0.00888	0.00282	0.00839	0.01025	0.00683	0.01150
4	0.01877	0.19999	0.37842	0.02150	0.03021	0.02444	0.02470	0.02527	0.01679	0.02394	0.01359	0.01705	0.01089	0.00929	0.01152	0.00269	0.14970	0.00610	0.00363	0.01150
5	0.02179	0.02223	0.03160	0.04262	0.44808	0.09577	0.02347	0.02587	0.01862	0.02550	0.01469	0.01990	0.01272	0.00922	0.01234	0.00273	0.14919	0.00731	0.00413	0.01221
6	0.01586	0.00793	0.00793	0.00793	0.00991	0.00793	0.00595	0.01983	0.01785	0.03173	0.02776	0.03173	0.02181	0.00991	0.00595	0.00198	0.00397	0.00793	0.74817	0.00793
7	0.06890	0.23575	0.02898	0.01792	0.02355	0.29325	0.01484	0.12737	0.02389	0.02716	0.01819	0.01951	0.04864	0.00926	0.00715	0.00221	0.01132	0.00625	0.00511	0.01076
8	0.03235	0.02384	0.02554	0.01958	0.02639	0.02639	0.01618	0.61946	0.04001	0.05363	0.02043	0.02043	0.01447	0.01022	0.00851	0.00255	0.00936	0.00766	0.00851	0.01447
9	0.02107	0.28798	0.28669	0.01988	0.02843	0.02643	0.02198	0.09126	0.01961	0.02658	0.01409	0.01669	0.01129	0.00877	0.00935	0.00246	0.08556	0.00592	0.00417	0.01180
10	0.02152	0.06756	0.13868	0.04074	0.39055	0.08778	0.07854	0.02713	0.01957	0.02643	0.01545	0.01969	0.01257	0.00773	0.00826	0.00251	0.01138	0.00719	0.00410	0.01262
11	0.02094	0.01067	0.01423	0.01222	0.01578	0.00955	0.00955	0.02471	0.02418	0.24511	0.43571	0.05179	0.06013	0.01506	0.00953	0.00266	0.00511	0.01306	0.00976	0.01023
12	0.02084	0.02153	0.06876	0.05070	0.61424	0.02019	0.02641	0.02616	0.01930	0.02776	0.01597	0.02089	0.01333	0.00761	0.00841	0.00254	0.01025	0.00751	0.00418	0.01343
13	0.02091	0.01145	0.01404	0.01276	0.01651	0.01053	0.00991	0.04769	0.05561	0.22831	0.05260	0.19879	0.21829	0.01825	0.00971	0.00297	0.00593	0.04677	0.00881	0.01016
14	0.01037	0.00741	0.00987	0.01185	0.01234	0.00691	0.00790	0.01185	0.01629	0.02172	0.04690	0.69537	0.05629	0.02666	0.01086	0.00346	0.00494	0.02419	0.00790	0.00691
15	0.10656	0.49890	0.15913	0.01605	0.02412	0.02931	0.01721	0.02571	0.01710	0.02345	0.01250	0.01450	0.01070	0.00751	0.00595	0.00208	0.00948	0.00489	0.00382	0.01104
16	0.10638	0.19075	0.12578	0.02522	0.16571	0.02408	0.01933	0.14863	0.02266	0.07212	0.01644	0.01836	0.01266	0.00835	0.00733	0.00240	0.00951	0.00640	0.00538	0.01251
17	0.02119	0.09927	0.03670	0.04686	0.53739	0.02185	0.06244	0.02612	0.01918	0.02687	0.01560	0.02033	0.01315	0.00752	0.00819	0.00247	0.01026	0.00739	0.00415	0.01306
18	0.01236	0.00832	0.00964	0.00964	0.00977	0.00845	0.00561	0.01261	0.01248	0.01677	0.02648	0.05385	0.03014	0.64827	0.09487	0.00870	0.00945	0.01211	0.00511	0.00536
19	0.01216	0.00912	0.01368	0.01368	0.01520	0.01064	0.01064	0.01520	0.01368	0.01976	0.02279	0.03343	0.02127	0.06382	0.66720	0.01368	0.02279	0.00912	0.00456	0.00760
20	0.41735	0.02754	0.14995	0.01657	0.02326	0.15244	0.01571	0.05907	0.01855	0.03311	0.01329	0.01535	0.01018	0.00824	0.00652	0.00255	0.00978	0.00530	0.00491	0.01033
21	0.02382	0.02296	0.13481	0.03863	0.39341	0.01864	0.02373	0.03016	0.04680	0.15317	0.02021	0.02259	0.01509	0.00843	0.00841	0.00259	0.00980	0.00765	0.00557	0.01353
22	0.02355	0.33164	0.03083	0.01532	0.02113	0.02502	0.01358	0.18410	0.02422	0.06027	0.08775	0.05841	0.02307	0.01396	0.04939	0.00299	0.00918	0.00809	0.00619	0.01130
23	0.01586	0.00793	0.00793	0.00793	0.00991	0.00793	0.00595	0.01983	0.01785	0.03173	0.02776	0.03173	0.02181	0.00991	0.00595	0.00198	0.00397	0.00793	0.74817	0.00793
24	0.76103	0.01646	0.01251	0.01119	0.01646	0.01909	0.00922	0.02502	0.01448	0.03818	0.01185	0.01382	0.00922	0.00790	0.00527	0.00263	0.00658	0.00461	0.00527	0.00922
25	0.76103	0.01646	0.01251	0.01119	0.01646	0.01909	0.00922	0.02502	0.01448	0.03818	0.01185	0.01382	0.00922	0.00790	0.00527	0.00263	0.00658	0.00461	0.00527	0.00922
26	0.01867	0.03852	0.51879	0.02887	0.14540	0.01954	0.02969	0.02741	0.01849	0.05348	0.01617	0.01898	0.01170	0.00810	0.00817	0.00266	0.01191	0.00662	0.00400	0.01282
27	0.03179	0.04056	0.02412	0.02192	0.02631	0.66676	0.01644	0.03398	0.02412	0.02083	0.01315	0.01535	0.01096	0.00877	0.00767	0.00219	0.01535	0.00548	0.00438	0.00987
28	0.01774	0.01011	0.01313	0.01284	0.01522	0.00948	0.00939	0.05731	0.02068	0.15532	0.13630	0.41631	0.05017	0.02085	0.01011	0.00311	0.00555	0.01855	0.00871	0.00912
29	0.01033	0.00754	0.00974	0.01149	0.01225	0.00694	0.00774	0.01189	0.01664	0.02186	0.05127	0.62730	0.12154	0.02609	0.01077	0.00339	0.00487	0.02350	0.00790	0.00694
30	0.01765	0.01513	0.01765	0.01260	0.02017	0.01134	0.01008	0.02143	0.01765	0.02773	0.01513	0.01765	0.01260	0.00630	0.00630	0.00126	0.00630	0.00504	0.00504	0.75295
31	0.02669	0.02237	0.02273	0.05842	0.02646	0.08491	0.01563	0.30807	0.23010	0.04120	0.02535	0.02771	0.01951	0.01110	0.00865	0.00272	0.00912	0.03837	0.00785	0.01306
32	0.01162	0.00854	0.01002	0.00973	0.01136	0.00787	0.00675	0.01394	0.01933	0.02590	0.31163	0.06600	0.21328	0.22435	0.02007	0.00441	0.00537	0.01516	0.00772	0.00694
33	0.01707	0.04402	0.65683	0.02426	0.03683	0.01976	0.03144	0.02695	0.01797	0.02695	0.01527	0.01797	0.01078	0.00809	0.00809	0.00270	0.01258	0.00629	0.00359	0.01258
34	0.01478	0.00739	0.01109	0.01109	0.01109	0.00739	0.00739	0.01109	0.01109	0.01478	0.01478	0.02587	0.01478	0.02956	0.03326	0.75240	0.00739	0.00739	0.00370	0.00370
35	0.01127	0.00827	0.00977	0.01058	0.01175	0.00772	0.00730	0.01275	0.01632	0.02089	0.05150	0.26108	0.21188	0.23201	0.02071	0.00482	0.00610	0.08166	0.00705	0.00655
36	0.02174	0.49754	0.08498	0.02037	0.02831	0.02983	0.16229	0.02601	0.01801	0.02223	0.01336	0.01619	0.01140	0.00731	0.00674	0.00213	0.01060	0.00600	0.00380	0.01116
37	0.02227	0.02357	0.02999	0.19835	0.36411	0.16581	0.02333	0.02683	0.01987	0.02475	0.01515	0.02017	0.01239	0.00808	0.00828	0.00253	0.01159	0.00710	0.00415	0.01168
38	0.03179	0.04056	0.02412	0.02192	0.02631	0.66676	0.01644	0.03398	0.02412	0.02083	0.01315	0.01535	0.01096	0.00877	0.00767	0.00219	0.01535	0.00548	0.00438	0.00987
39	0.02953	0.06993	0.06186	0.02388	0.09511	0.22938	0.01810	0.30055	0.03014	0.03692	0.01684	0.01835	0.01284	0.00918	0.00803	0.00240	0.01151	0.00670	0.00617	0.01259
40	0.13349	0.02351	0.21330	0.01783	0.02493	0.01634	0.01836	0.06114	0.05324	0.16089	0.02662	0.03812	0.02233	0.01235	0.00864	0.00295	0.00901	0.13862	0.00679	0.01155
41	0.02117	0.01828	0.01924	0.01732	0.02213	0.02117	0.01347	0.04522	0.63246	0.03560	0.03464	0.03175	0.02598	0.01155	0.00866	0.00289	0.00673	0.00962	0.00866	0.01347
42	0.02101	0.02037	0.03540	0.05134	0.61471	0.02029	0.05856	0.02618	0.01942	0.02777	0.01607	0.02117	0.01345	0.00756	0.00851	0.00255	0.01034	0.00772	0.00422	0.01337
43	0.03235	0.02384	0.02554	0.01958	0.02639	0.02639	0.01618	0.61946	0.04001	0.05363	0.02043	0.02043	0.01447	0.01022	0.00851	0.00255	0.00936	0.00766	0.00851	0.01447
44	0.01216	0.00912	0.01368	0.01368	0.01520	0.01064	0.01064	0.01520	0.01368	0.01976	0.02279	0.03343	0.02127	0.06382	0.66720	0.01368	0.02279	0.00912	0.00456	0.00760
45	0.02218	0.01102	0.01414	0.01203	0.01609	0.00965	0.00949	0.02548	0.02314	0.28241	0.27079	0.05370	0.18363	0.01556	0.00944	0.00270	0.00539	0.01320	0.00951	0.01045
46	0.01107	0.00877	0.01002	0.01003	0.01253	0.00773	0.00773	0.01399	0.02088	0.02672	0.25503	0.07771	0.40515	0.02047	0.01023	0.00292	0.00460	0.07855	0.00835	0.00752
47	0.02117	0.01828	0.01924	0.01732	0.02213	0.02117	0.01347	0.04522	0.63246	0.03560	0.03464	0.03175	0.02598	0.01155	0.00866	0.00289	0.00673	0.00962	0.00866	0.01347
48	0.01090	0.00813	0.01014	0.01075	0.01229	0.00737	0.00764	0.01342	0.01972	0.02639	0.26674	0.33966	0.19113	0.02228	0.01040	0.00305	0.00448	0.01973	0.00842	0.00737
49	0.02369	0.01953	0.02066	0.01783	0.02309	0.02235	0.01408	0.17482	0.49876	0.03967	0.03143	0.02920	0.02338	0.01125	0.00863	0.00281	0.00733	0.00918	0.00863	0.01370
50	0.03235	0.02384	0.02554	0.01958	0.02639	0.02639	0.01618	0.61946	0.04001	0.05363	0.02043	0.02043	0.01447	0.01022	0.00851	0.00255	0.00936	0.00766	0.00851	0.01447
51	0.01378	0.01090	0.01462	0.05192	0.05810	0.01034	0.01210	0.01729	0.01928	0.02566	0.11386	0.06970	0.15719	0.05847	0.01209	0.00339	0.00691	0.24661	0.00710	0.09070
52	0.02394	0.10080	0.02313	0.09064	0.02586	0.25635	0.01463	0.12522	0.02432	0.02741	0.05821	0.03218	0.13951	0.01174	0.00824	0.00244	0.01050	0.00889	0.00586	0.01010
53	0.06929	0.11491	0.02681	0.02201	0.06153	0.41399	0.01648	0.09360	0.02358	0.02556	0.01376	0.01612	0.01139	0.00896	0.00852	0.00231	0.05001	0.00579	0.00474	0.01063
54	0.03069	0.02104	0.02314	0.01810	0.02416	0.02278	0.01471	0.48859	0.03545	0.11642	0.02370	0.06043	0.01841	0.04908	0.01056	0.00293	0.00882	0.00893	0.00852	0.01355
55	0.02640	0.06780	0.02554	0.10260	0.07879	0.26882	0.01733	0.12328	0.14966	0.02950	0.01906	0.02074	0.01482	0.00935	0.00804	0.00247	0.01139	0.00703	0.00576	0.01161

[dist]
# distance from previous block
# <min> <max>
0	12

[block]
# block no. 3 follows, 21 sequences, length 48
# corresponding to MSA columns:
# 108-155
name=unknown_D
#
# <colnr> <probs for GDERKNQSTAVLIFYWHMCP>
#	G	D	E	R	K	N	Q	S	T	A	V	L	I	F	Y	W	H	M	C	P
0	0.10695	0.01251	0.01509	0.06329	0.08625	0.01282	0.01140	0.02094	0.09419	0.02955	0.19337	0.05204	0.23932	0.01518	0.00900	0.00276	0.00595	0.01279	0.00733	0.00925
1	0.01259	0.01311	0.09160	0.01261	0.01593	0.00950	0.01119	0.01712	0.02247	0.03155	0.47205	0.08482	0.10338	0.01722	0.00993	0.00280	0.00537	0.04987	0.00841	0.00849
2	0.01543	0.01155	0.01417	0.01318	0.01604	0.01220	0.01013	0.02446	0.18328	0.05513	0.30808	0.04817	0.07210	0.02542	0.14670	0.00503	0.00879	0.01238	0.00817	0.00960
3	0.01862	0.01862	0.02607	0.02234	0.02234	0.02607	0.01862	0.02048	0.01303	0.02048	0.01117	0.01862	0.01117	0.01489	0.02793	0.00372	0.68535	0.00745	0.00372	0.00931
4	0.01188	0.00804	0.00943	0.00991	0.01003	0.00792	0.00583	0.01225	0.01334	0.01778	0.03174	0.21247	0.03715	0.53567	0.03536	0.00708	0.00744	0.01527	0.00583	0.00559
5	0.01032	0.00812	0.00933	0.01010	0.01193	0.00713	0.00717	0.01232	0.01843	0.02322	0.10763	0.33552	0.36185	0.02339	0.01039	0.00310	0.00455	0.02038	0.00800	0.00713
6	0.03346	0.01344	0.01824	0.01434	0.02010	0.01170	0.01170	0.03689	0.02431	0.54191	0.14362	0.03521	0.03176	0.01177	0.00882	0.00264	0.00666	0.00979	0.01032	0.01332
7	0.01478	0.00739	0.01109	0.01109	0.01109	0.00739	0.00739	0.01109	0.01109	0.01478	0.01478	0.02587	0.01478	0.02956	0.03326	0.75240	0.00739	0.00739	0.00370	0.00370
8	0.03179	0.04056	0.02412	0.02192	0.02631	0.66676	0.01644	0.03398	0.02412	0.02083	0.01315	0.01535	0.01096	0.00877	0.00767	0.00219	0.01535	0.00548	0.00438	0.00987
9	0.01018	0.00863	0.00879	0.00875	0.01157	0.00724	0.00656	0.01245	0.01968	0.02367	0.12023	0.08078	0.60994	0.02130	0.01006	0.00286	0.00429	0.01780	0.00799	0.00724
10	0.01765	0.01513	0.01765	0.01260	0.02017	0.01134	0.01008	0.02143	0.01765	0.02773	0.01513	0.01765	0.01260	0.00630	0.00630	0.00126	0.00630	0.00504	0.00504	0.75295
11	0.02865	0.01948	0.02350	0.13702	0.03057	0.02064	0.01609	0.33185	0.03023	0.15417	0.02121	0.02205	0.01488	0.00948	0.00825	0.00246	0.00895	0.00748	0.00760	0.10545
12	0.01620	0.01518	0.02026	0.01832	0.01921	0.04658	0.01484	0.01862	0.01381	0.02016	0.01662	0.02532	0.01583	0.03723	0.32229	0.00825	0.35046	0.00813	0.00414	0.00854
13	0.01115	0.00866	0.01014	0.00977	0.01217	0.00765	0.00733	0.01433	0.02198	0.02912	0.39270	0.07182	0.33407	0.01927	0.01005	0.00277	0.00415	0.01655	0.00871	0.00765
14	0.03179	0.04056	0.02412	0.02192	0.02631	0.66676	0.01644	0.03398	0.02412	0.02083	0.01315	0.01535	0.01096	0.00877	0.00767	0.00219	0.01535	0.00548	0.00438	0.00987
15	0.01685	0.01269	0.01456	0.01388	0.01667	0.01316	0.01032	0.16468	0.08280	0.03154	0.06658	0.37222	0.10936	0.02022	0.00995	0.00308	0.00610	0.01768	0.00818	0.00948
16	0.01010	0.00847	0.00877	0.00901	0.01160	0.00715	0.00664	0.01217	0.01902	0.02284	0.08144	0.15639	0.57298	0.02217	0.01016	0.00294	0.00439	0.01872	0.00790	0.00715
17	0.03179	0.04056	0.02412	0.02192	0.02631	0.66676	0.01644	0.03398	0.02412	0.02083	0.01315	0.01535	0.01096	0.00877	0.00767	0.00219	0.01535	0.00548	0.00438	0.00987
18	0.02420	0.02592	0.02637	0.02527	0.09347	0.21872	0.01856	0.08353	0.01971	0.02463	0.01321	0.01808	0.01169	0.01178	0.01776	0.00301	0.34231	0.00689	0.00444	0.01044
19	0.02165	0.01563	0.01696	0.01422	0.01747	0.01690	0.01043	0.28353	0.05290	0.03386	0.02434	0.03894	0.02340	0.36271	0.02628	0.00548	0.00868	0.01016	0.00681	0.00967
20	0.02214	0.01795	0.01948	0.01720	0.02195	0.02024	0.01371	0.16028	0.40647	0.03822	0.07170	0.03808	0.02944	0.01288	0.00904	0.00291	0.00722	0.06976	0.00859	0.01275
21	0.02559	0.11200	0.02436	0.01960	0.06063	0.27867	0.01466	0.14882	0.02528	0.02838	0.02991	0.03042	0.14397	0.01148	0.00811	0.00238	0.01071	0.00855	0.00587	0.01061
22	0.01238	0.00825	0.00928	0.00928	0.00928	0.00825	0.00516	0.01238	0.01238	0.01650	0.02681	0.05569	0.03094	0.70092	0.04331	0.00825	0.00825	0.01238	0.00516	0.00516
23	0.02167	0.34636	0.18725	0.02117	0.06839	0.09310	0.02011	0.02613	0.01776	0.02236	0.01300	0.01599	0.01110	0.00859	0.00932	0.00235	0.09479	0.00563	0.00375	0.01119
24	0.01776	0.12440	0.58249	0.02308	0.03501	0.02145	0.02939	0.02677	0.01789	0.02611	0.01485	0.01744	0.01080	0.00799	0.00777	0.00259	0.01215	0.00608	0.00360	0.01238
25	0.01476	0.01310	0.01331	0.01408	0.01631	0.08259	0.01090	0.01939	0.07876	0.02435	0.04857	0.26057	0.15338	0.02131	0.01042	0.00329	0.00704	0.19210	0.00756	0.00821
26	0.11581	0.03437	0.21736	0.02762	0.15793	0.25445	0.02213	0.02909	0.02006	0.02630	0.01423	0.01715	0.01121	0.00821	0.00766	0.00247	0.01232	0.00606	0.00422	0.01136
27	0.03697	0.01643	0.02096	0.01607	0.02270	0.01540	0.01327	0.16204	0.02762	0.52855	0.03083	0.02719	0.01969	0.01047	0.00855	0.00262	0.00768	0.00837	0.01011	0.01448
28	0.01912	0.01457	0.02208	0.01772	0.02243	0.01420	0.13665	0.04960	0.12336	0.11140	0.24668	0.04587	0.11190	0.01362	0.00957	0.00276	0.00727	0.01245	0.00814	0.01062
29	0.01296	0.01022	0.01187	0.01119	0.01389	0.00991	0.00847	0.01969	0.12104	0.03123	0.38809	0.06359	0.23042	0.01762	0.00982	0.00277	0.00454	0.01518	0.00884	0.00867
30	0.76103	0.01646	0.01251	0.01119	0.01646	0.01909	0.00922	0.02502	0.01448	0.03818	0.01185	0.01382	0.00922	0.00790	0.00527	0.00263	0.00658	0.00461	0.00527	0.00922
31	0.01137	0.00826	0.01021	0.01145	0.01222	0.00800	0.00757	0.01385	0.05019	0.02150	0.04426	0.49311	0.08181	0.16387	0.01735	0.00438	0.00568	0.02061	0.00738	0.00693
32	0.03179	0.04056	0.02412	0.02192	0.02631	0.66676	0.01644	0.03398	0.02412	0.02083	0.01315	0.01535	0.01096	0.00877	0.00767	0.00219	0.01535	0.00548	0.00438	0.00987
33	0.03002	0.02268	0.02423	0.01911	0.02550	0.02530	0.01561	0.49968	0.16360	0.04987	0.02339	0.02279	0.01687	0.01049	0.00854	0.00262	0.00882	0.00807	0.00854	0.01426
34	0.01301	0.00975	0.01262	0.01224	0.01268	0.01108	0.00848	0.01415	0.01298	0.01812	0.02454	0.07039	0.02679	0.41032	0.21473	0.00901	0.09644	0.01132	0.00492	0.00643
35	0.29785	0.02690	0.02183	0.02328	0.13472	0.26886	0.01551	0.06894	0.02080	0.03068	0.01368	0.01616	0.01101	0.00833	0.00698	0.00244	0.01078	0.00569	0.00496	0.01059
36	0.01941	0.02554	0.18561	0.12260	0.38909	0.02003	0.06329	0.02585	0.01878	0.02681	0.01579	0.02063	0.01252	0.00779	0.00845	0.00263	0.01112	0.00742	0.00401	0.01264
37	0.02398	0.01710	0.02727	0.23245	0.27784	0.01787	0.02126	0.02963	0.04788	0.18825	0.02113	0.02409	0.01536	0.00881	0.00850	0.00267	0.00959	0.00792	0.00592	0.01251
38	0.11869	0.02765	0.02452	0.02672	0.17524	0.27336	0.01724	0.13515	0.02434	0.03073	0.01946	0.02153	0.05066	0.00941	0.00785	0.00244	0.01123	0.00704	0.00541	0.01133
39	0.01216	0.00912	0.01368	0.01368	0.01520	0.01064	0.01064	0.01520	0.01368	0.01976	0.02279	0.03343	0.02127	0.06382	0.66720	0.01368	0.02279	0.00912	0.00456	0.00760
40	0.02272	0.03117	0.25667	0.02350	0.03165	0.10095	0.11334	0.06795	0.12162	0.07825	0.02002	0.02172	0.01468	0.00930	0.00959	0.00273	0.04871	0.00764	0.00549	0.01230
41	0.71526	0.01605	0.01258	0.01147	0.01653	0.01852	0.00949	0.02456	0.01480	0.03740	0.01388	0.01886	0.01165	0.00886	0.00566	0.00271	0.00666	0.04050	0.00542	0.00913
42	0.01765	0.01513	0.01765	0.01260	0.02017	0.01134	0.01008	0.02143	0.01765	0.02773	0.01513	0.01765	0.01260	0.00630	0.00630	0.00126	0.00630	0.00504	0.00504	0.75295
43	0.01586	0.00793	0.00793	0.00793	0.00991	0.00793	0.00595	0.01983	0.01785	0.03173	0.02776	0.03173	0.02181	0.00991	0.00595	0.00198	0.00397	0.00793	0.74817	0.00793
44	0.02542	0.01635	0.01981	0.01626	0.02104	0.01725	0.01313	0.24205	0.02629	0.16266	0.04881	0.06769	0.02212	0.02297	0.15001	0.00497	0.04423	0.00928	0.00761	0.06207
45	0.02513	0.06173	0.02322	0.02090	0.09801	0.05980	0.01493	0.17603	0.19534	0.10433	0.03251	0.03152	0.09622	0.01144	0.00850	0.00262	0.00821	0.00925	0.00763	0.01267
46	0.02921	0.02301	0.02181	0.01810	0.02324	0.16141	0.01446	0.22653	0.06459	0.16166	0.02624	0.02646	0.05633	0.01465	0.05411	0.00335	0.04695	0.00823	0.00746	0.01219
47	0.01413	0.01686	0.12857	0.01419	0.01904	0.01187	0.01317	0.02031	0.08630	0.02545	0.04542	0.13141	0.20122	0.05858	0.01142	0.00317	0.00707	0.08358	0.00668	0.10157

[dist]
# distance from previous block
# <min> <max>
1	3

[block]
# block no. 4 follows, 21 sequences, length 58
# corresponding to MSA columns:
# 159-216
name=unknown_E
#
# <colnr> <probs for GDERKNQSTAVLIFYWHMCP>
#	G	D	E	R	K	N	Q	S	T	A	V	L	I	F	Y	W	H	M	C	P
0	0.01833	0.03592	0.43415	0.03124	0.14195	0.02018	0.14358	0.02687	0.01862	0.02715	0.01577	0.01946	0.01165	0.00782	0.00852	0.00270	0.01250	0.00723	0.00384	0.01252
1	0.02315	0.02397	0.16452	0.01976	0.02656	0.01955	0.04132	0.14177	0.05543	0.10890	0.02032	0.02440	0.01578	0.01051	0.01149	0.00268	0.12076	0.03417	0.00615	0.12882
2	0.02504	0.01969	0.02088	0.01730	0.02281	0.02189	0.01387	0.31015	0.27929	0.04249	0.03435	0.03264	0.09689	0.01216	0.00876	0.00273	0.00767	0.00973	0.00850	0.01316
3	0.27288	0.03108	0.24484	0.02055	0.06034	0.12809	0.01981	0.07873	0.01980	0.03209	0.01425	0.01651	0.01075	0.00829	0.00712	0.00257	0.01060	0.00577	0.00475	0.01120
4	0.01586	0.00793	0.00793	0.00793	0.00991	0.00793	0.00595	0.01983	0.01785	0.03173	0.02776	0.03173	0.02181	0.00991	0.00595	0.00198	0.00397	0.00793	0.74817	0.00793
5	0.01092	0.00796	0.01041	0.01217	0.01318	0.00745	0.00877	0.01291	0.01721	0.02252	0.05083	0.52346	0.11862	0.02555	0.01093	0.00347	0.00538	0.12325	0.00789	0.00710
6	0.01786	0.01635	0.02704	0.03975	0.45241	0.01619	0.02052	0.02196	0.01885	0.02660	0.05779	0.19426	0.02794	0.01295	0.00913	0.00277	0.00847	0.01221	0.00543	0.01152
7	0.01194	0.00807	0.00941	0.00983	0.00994	0.00796	0.00575	0.01226	0.01322	0.01762	0.03114	0.19328	0.03639	0.55589	0.03633	0.00722	0.00754	0.01492	0.00575	0.00553
8	0.02452	0.01995	0.02113	0.01800	0.02341	0.02273	0.01428	0.21724	0.45498	0.04100	0.03038	0.02836	0.02253	0.01115	0.00862	0.00279	0.00752	0.00903	0.00862	0.01377
9	0.01031	0.00764	0.00963	0.01123	0.01218	0.00696	0.00762	0.01192	0.01689	0.02197	0.05449	0.57692	0.16983	0.02567	0.01071	0.00334	0.00482	0.02299	0.00790	0.00696
10	0.01216	0.00912	0.01368	0.01368	0.01520	0.01064	0.01064	0.01520	0.01368	0.01976	0.02279	0.03343	0.02127	0.06382	0.66720	0.01368	0.02279	0.00912	0.00456	0.00760
11	0.03535	0.01386	0.01884	0.01466	0.02075	0.01202	0.01202	0.03872	0.02433	0.58670	0.09954	0.03271	0.02747	0.01128	0.00872	0.00264	0.00689	0.00930	0.01041	0.01378
12	0.01037	0.00741	0.00987	0.01185	0.01234	0.00691	0.00790	0.01185	0.01629	0.02172	0.04690	0.69537	0.05629	0.02666	0.01086	0.00346	0.00494	0.02419	0.00790	0.00691
13	0.02222	0.02241	0.03342	0.04898	0.58103	0.08971	0.02508	0.02696	0.01989	0.02705	0.01570	0.02045	0.01321	0.00771	0.00834	0.00249	0.01067	0.00736	0.00423	0.01309
14	0.02465	0.02592	0.02599	0.06529	0.21449	0.22395	0.01888	0.05782	0.19890	0.02858	0.02063	0.02242	0.01623	0.00926	0.00826	0.00254	0.01082	0.00751	0.00570	0.01216
15	0.01829	0.18575	0.52576	0.02218	0.03362	0.02274	0.02783	0.02664	0.01782	0.02547	0.01454	0.01704	0.01081	0.00791	0.00752	0.00251	0.01183	0.00592	0.00360	0.01222
16	0.01951	0.01965	0.02455	0.18281	0.06492	0.09184	0.01873	0.02486	0.08393	0.02268	0.01603	0.02279	0.01399	0.04807	0.01863	0.00342	0.30149	0.00777	0.00446	0.00987
17	0.01006	0.00862	0.00862	0.00862	0.01149	0.00718	0.00647	0.01221	0.01940	0.02299	0.08621	0.08190	0.64438	0.02155	0.01006	0.00287	0.00431	0.01796	0.00790	0.00718
18	0.06206	0.04122	0.58518	0.02410	0.03602	0.01982	0.06179	0.02685	0.01787	0.02764	0.01517	0.01799	0.01080	0.00802	0.00802	0.00270	0.01231	0.00639	0.00373	0.01231
19	0.01052	0.00751	0.01005	0.01202	0.01258	0.00704	0.00816	0.01211	0.01644	0.02189	0.04682	0.66854	0.05596	0.02652	0.01090	0.00348	0.00507	0.04954	0.00790	0.00695
20	0.03235	0.02384	0.02554	0.01958	0.02639	0.02639	0.01618	0.61946	0.04001	0.05363	0.02043	0.02043	0.01447	0.01022	0.00851	0.00255	0.00936	0.00766	0.00851	0.01447
21	0.01994	0.23287	0.23764	0.02591	0.03536	0.02459	0.25510	0.02663	0.01859	0.02501	0.01501	0.01863	0.01165	0.00749	0.00807	0.00250	0.01223	0.00724	0.00388	0.01165
22	0.02275	0.70604	0.04459	0.01456	0.02184	0.03367	0.01456	0.02548	0.01729	0.02002	0.01183	0.01365	0.01092	0.00728	0.00546	0.00182	0.00910	0.00455	0.00364	0.01092
23	0.03818	0.01448	0.01975	0.01514	0.02172	0.01251	0.01251	0.04147	0.02436	0.65373	0.03357	0.02897	0.02107	0.01053	0.00856	0.00263	0.00724	0.00856	0.01053	0.01448
24	0.02275	0.70604	0.04459	0.01456	0.02184	0.03367	0.01456	0.02548	0.01729	0.02002	0.01183	0.01365	0.01092	0.00728	0.00546	0.00182	0.00910	0.00455	0.00364	0.01092
25	0.01439	0.01074	0.01499	0.01433	0.01643	0.01238	0.01125	0.08194	0.01659	0.02350	0.02253	0.03200	0.02052	0.05790	0.59445	0.01245	0.02131	0.00896	0.00500	0.00836
26	0.01370	0.01057	0.01336	0.01256	0.01272	0.01234	0.00864	0.01442	0.01266	0.01770	0.02302	0.04534	0.02566	0.48543	0.10653	0.00786	0.15544	0.01097	0.00478	0.00631
27	0.01707	0.04402	0.65683	0.02426	0.03683	0.01976	0.03144	0.02695	0.01797	0.02695	0.01527	0.01797	0.01078	0.00809	0.00809	0.00270	0.01258	0.00629	0.00359	0.01258
28	0.01037	0.00741	0.00987	0.01185	0.01234	0.00691	0.00790	0.01185	0.01629	0.02172	0.04690	0.69537	0.05629	0.02666	0.01086	0.00346	0.00494	0.02419	0.00790	0.00691
29	0.01301	0.00957	0.01273	0.01431	0.01645	0.00929	0.01231	0.01659	0.01955	0.02499	0.05300	0.09327	0.16394	0.02313	0.01143	0.00372	0.00716	0.48000	0.00785	0.00771
30	0.03666	0.01693	0.02126	0.01630	0.02294	0.01614	0.01347	0.19252	0.02845	0.49691	0.03014	0.02674	0.01934	0.01045	0.00855	0.00261	0.00780	0.00832	0.01001	0.01448
31	0.01251	0.00951	0.01393	0.01361	0.01552	0.01068	0.01060	0.01560	0.01393	0.02027	0.02230	0.03241	0.02071	0.06011	0.62448	0.01287	0.02173	0.00885	0.00459	0.05577
32	0.01033	0.00754	0.00974	0.01150	0.01225	0.00694	0.00774	0.01189	0.01663	0.02186	0.05116	0.62900	0.11991	0.02611	0.01078	0.00339	0.00487	0.02352	0.00790	0.00694
33	0.01999	0.01912	0.03260	0.18736	0.52110	0.01994	0.02558	0.02518	0.01887	0.02650	0.01582	0.02141	0.01302	0.00778	0.00844	0.00259	0.01038	0.00758	0.00412	0.01261
34	0.02597	0.01883	0.02444	0.18543	0.09912	0.02077	0.01802	0.21341	0.13849	0.13260	0.02329	0.02446	0.01673	0.00981	0.00854	0.00269	0.00912	0.00813	0.00722	0.01294
35	0.01445	0.01071	0.01419	0.01567	0.01790	0.01104	0.01337	0.02072	0.09503	0.02651	0.04387	0.12059	0.04654	0.02220	0.01132	0.00377	0.00754	0.48815	0.00794	0.00848
36	0.03235	0.02384	0.02554	0.01958	0.02639	0.02639	0.01618	0.61946	0.04001	0.05363	0.02043	0.02043	0.01447	0.01022	0.00851	0.00255	0.00936	0.00766	0.00851	0.01447
37	0.01607	0.01513	0.02552	0.68047	0.05861	0.01891	0.02363	0.02174	0.01702	0.02174	0.01513	0.02269	0.01134	0.00851	0.00851	0.00284	0.01134	0.00756	0.00378	0.00945
38	0.01952	0.17131	0.21026	0.02547	0.15952	0.02153	0.02084	0.02744	0.11614	0.02555	0.01775	0.02091	0.01433	0.01101	0.01080	0.09500	0.00973	0.00687	0.00456	0.01147
39	0.01756	0.04108	0.58005	0.02771	0.11222	0.01982	0.03079	0.02685	0.01814	0.02706	0.01536	0.01835	0.01111	0.00802	0.00813	0.00267	0.01227	0.00645	0.00367	0.01269
40	0.11536	0.02602	0.02682	0.03160	0.24824	0.23022	0.01946	0.02744	0.01908	0.02541	0.01364	0.01785	0.01169	0.00942	0.01156	0.00266	0.14174	0.00651	0.00430	0.01098
41	0.24378	0.01291	0.01190	0.01076	0.01486	0.01322	0.00851	0.09107	0.02043	0.03144	0.05522	0.05338	0.37132	0.01595	0.00839	0.00276	0.00563	0.01258	0.00717	0.00871
42	0.01111	0.00828	0.01033	0.01061	0.01234	0.00751	0.00766	0.01395	0.02069	0.02794	0.34133	0.26178	0.19297	0.02113	0.01030	0.00296	0.00436	0.01864	0.00860	0.00751
43	0.01041	0.00812	0.00945	0.01020	0.01198	0.00717	0.00724	0.01249	0.01863	0.02370	0.13196	0.33490	0.33702	0.02321	0.01039	0.00309	0.00454	0.02026	0.00806	0.00717
44	0.02256	0.67357	0.04372	0.01493	0.02187	0.03331	0.01475	0.02525	0.01709	0.02004	0.01180	0.01389	0.01093	0.00764	0.00652	0.00191	0.04104	0.00469	0.00364	0.01084
45	0.02849	0.02237	0.02401	0.22234	0.03528	0.14474	0.01773	0.19826	0.02650	0.16657	0.02022	0.02198	0.01425	0.00948	0.00836	0.00259	0.01067	0.00740	0.00670	0.01204
46	0.01030	0.00767	0.00960	0.01116	0.01216	0.00697	0.00759	0.01193	0.01696	0.02200	0.05536	0.56342	0.18278	0.02556	0.01069	0.00333	0.00480	0.02285	0.00790	0.00697
47	0.02707	0.02031	0.02247	0.01816	0.02370	0.02270	0.01477	0.43194	0.10802	0.04487	0.02264	0.02434	0.01721	0.02073	0.13571	0.00474	0.01163	0.00818	0.00777	0.01302
48	0.01072	0.00766	0.01028	0.01225	0.01290	0.00721	0.00851	0.01245	0.01664	0.02212	0.04671	0.63265	0.05552	0.02633	0.01096	0.00350	0.00524	0.08346	0.00789	0.00701
49	0.01322	0.00989	0.01430	0.01399	0.01579	0.01147	0.01093	0.04705	0.01506	0.02154	0.02267	0.03275	0.02092	0.06100	0.63248	0.01309	0.02209	0.00904	0.00477	0.00796
50	0.03486	0.01981	0.02304	0.01767	0.02438	0.02041	0.01459	0.37039	0.03327	0.31224	0.02609	0.02411	0.01731	0.01035	0.00853	0.00259	0.00845	0.00805	0.00938	0.01448
51	0.01228	0.00925	0.01185	0.01246	0.01463	0.00836	0.00954	0.01502	0.01848	0.02488	0.10926	0.32185	0.11646	0.02180	0.01036	0.00316	0.00569	0.16766	0.00768	0.09934
52	0.01740	0.01251	0.01335	0.01220	0.01471	0.01348	0.00873	0.08807	0.17879	0.02875	0.03110	0.04221	0.05446	0.28122	0.02174	0.00477	0.00697	0.01055	0.15002	0.00897
53	0.01006	0.00862	0.00862	0.00862	0.01149	0.00718	0.00647	0.01221	0.01940	0.02299	0.08621	0.08190	0.64438	0.02155	0.01006	0.00287	0.00431	0.01796	0.00790	0.00718
54	0.01765	0.01513	0.01765	0.01260	0.02017	0.01134	0.01008	0.02143	0.01765	0.02773	0.01513	0.01765	0.01260	0.00630	0.00630	0.00126	0.00630	0.00504	0.00504	0.75295
55	0.02081	0.02092	0.03853	0.04807	0.49419	0.02055	0.17657	0.02641	0.01956	0.02766	0.01632	0.02154	0.01334	0.00748	0.00884	0.00261	0.01119	0.00821	0.00424	0.01297
56	0.01947	0.01897	0.03342	0.23815	0.41137	0.01996	0.08467	0.02493	0.01874	0.02594	0.01587	0.02174	0.01279	0.00782	0.00861	0.00265	0.01090	0.00782	0.00409	0.01208
57	0.02106	0.01983	0.02506	0.23367	0.18293	0.09854	0.01952	0.11921	0.02305	0.02961	0.08778	0.02868	0.05421	0.01026	0.00864	0.00262	0.01005	0.00874	0.00555	0.01100

[dist]
# distance from previous block
# <min> <max>
0	3

# created by:
# /home/cegg/simao/soft/augustus-3.2.1/scripts/msa2prfl.pl ./align_prep/12992.fa
