[name]
unknown

[dist]
# distance from previous block
# <min> <max>
0	0

[block]
# block no. 0 follows, 20 sequences, length 7
# corresponding to MSA columns:
# 0-6
name=unknown_A
#
# <colnr> <probs for GDERKNQSTAVLIFYWHMCP>
#	G	D	E	R	K	N	Q	S	T	A	V	L	I	F	Y	W	H	M	C	P
0	0.01406	0.01004	0.01406	0.01606	0.01807	0.01004	0.01406	0.01807	0.02008	0.02610	0.04618	0.09839	0.05020	0.02410	0.01205	0.00402	0.00803	0.58032	0.00803	0.00803
1	0.02159	0.02073	0.03541	0.05354	0.63903	0.02073	0.02677	0.02677	0.01986	0.02850	0.01641	0.02159	0.01382	0.00777	0.00864	0.00259	0.01036	0.00777	0.00432	0.01382
2	0.01647	0.01550	0.02616	0.67248	0.06008	0.01938	0.02422	0.02229	0.01744	0.02229	0.01550	0.02326	0.01163	0.00872	0.00872	0.00291	0.01163	0.00775	0.00388	0.00969
3	0.01246	0.00935	0.01402	0.01402	0.01558	0.01090	0.01090	0.01558	0.01402	0.02025	0.02336	0.03427	0.02181	0.06542	0.65888	0.01402	0.02336	0.00935	0.00467	0.00779
4	0.01318	0.01131	0.01099	0.01064	0.01273	0.05861	0.00752	0.01535	0.01974	0.02476	0.21250	0.06692	0.28891	0.18767	0.01863	0.00421	0.00623	0.01528	0.00752	0.00729
5	0.01075	0.00814	0.00992	0.01099	0.01243	0.00731	0.00766	0.01280	0.01868	0.02426	0.13392	0.42509	0.23742	0.02454	0.01078	0.00326	0.00475	0.02171	0.00829	0.00731
6	0.02317	0.02674	0.02360	0.02076	0.02395	0.29517	0.05577	0.02578	0.02034	0.02240	0.02844	0.03442	0.12296	0.01378	0.01412	0.00294	0.18492	0.04609	0.00517	0.00946

[dist]
# distance from previous block
# <min> <max>
0	1

[block]
# block no. 1 follows, 20 sequences, length 23
# corresponding to MSA columns:
# 8-30
name=unknown_B
#
# <colnr> <probs for GDERKNQSTAVLIFYWHMCP>
#	G	D	E	R	K	N	Q	S	T	A	V	L	I	F	Y	W	H	M	C	P
0	0.03265	0.03959	0.02489	0.02219	0.02698	0.58554	0.01682	0.10122	0.02660	0.02523	0.01434	0.01633	0.01165	0.00916	0.00796	0.00229	0.01502	0.00588	0.00498	0.01066
1	0.03055	0.18737	0.02949	0.02065	0.02595	0.48279	0.01641	0.06593	0.02409	0.02310	0.01361	0.01564	0.01143	0.00873	0.00741	0.00218	0.01395	0.00553	0.00457	0.01063
2	0.02245	0.01895	0.02539	0.07040	0.23077	0.02066	0.01872	0.03807	0.34567	0.07194	0.02781	0.02812	0.02109	0.01022	0.00878	0.00282	0.00839	0.00896	0.00717	0.01362
3	0.01239	0.00810	0.00956	0.01030	0.01074	0.00791	0.00642	0.01346	0.01487	0.02086	0.03514	0.28476	0.04003	0.36262	0.02734	0.00584	0.00665	0.01654	0.10015	0.00631
4	0.01554	0.01116	0.01493	0.01400	0.01522	0.01355	0.01102	0.01815	0.01508	0.02413	0.02154	0.02940	0.01896	0.03210	0.23983	0.06430	0.17423	0.00839	0.25044	0.00802
5	0.03120	0.03939	0.05859	0.02219	0.02733	0.54703	0.01751	0.07312	0.05814	0.02474	0.01530	0.01714	0.01230	0.00920	0.00800	0.00234	0.01469	0.00604	0.00497	0.01078
6	0.02268	0.01884	0.02244	0.16372	0.03175	0.02074	0.01621	0.17335	0.24221	0.03640	0.02405	0.02516	0.01805	0.00988	0.00839	0.00258	0.00854	0.00809	0.00708	0.13986
7	0.02159	0.02073	0.03541	0.05354	0.63903	0.02073	0.02677	0.02677	0.01986	0.02850	0.01641	0.02159	0.01382	0.00777	0.00864	0.00259	0.01036	0.00777	0.00432	0.01382
8	0.02159	0.02073	0.03541	0.05354	0.63903	0.02073	0.02677	0.02677	0.01986	0.02850	0.01641	0.02159	0.01382	0.00777	0.00864	0.00259	0.01036	0.00777	0.00432	0.01382
9	0.02617	0.01267	0.01595	0.01329	0.01816	0.01139	0.01060	0.03104	0.07006	0.34180	0.15131	0.04919	0.18126	0.01483	0.00941	0.00279	0.00608	0.01240	0.00979	0.01181
10	0.02035	0.01946	0.03317	0.20354	0.49872	0.02040	0.02615	0.02568	0.01928	0.02699	0.01619	0.02199	0.01329	0.00800	0.00866	0.00267	0.01067	0.00777	0.00421	0.01282
11	0.01189	0.00890	0.01103	0.01050	0.01275	0.00804	0.00787	0.01558	0.02362	0.03243	0.51246	0.06935	0.20587	0.01878	0.01029	0.00279	0.00418	0.01636	0.00927	0.00804
12	0.02888	0.02919	0.31777	0.01995	0.02960	0.01634	0.02202	0.03546	0.02186	0.35255	0.02553	0.02435	0.01660	0.00961	0.00854	0.00273	0.01001	0.00767	0.00743	0.01392
13	0.01504	0.00852	0.01001	0.01001	0.01189	0.00902	0.00763	0.01881	0.01693	0.02860	0.02683	0.03308	0.02218	0.02784	0.21490	0.00587	0.01024	0.00852	0.50606	0.00802
14	0.01854	0.03356	0.35666	0.02660	0.03505	0.02244	0.13947	0.02580	0.01740	0.02580	0.01485	0.01959	0.01159	0.01009	0.01445	0.00310	0.20190	0.00753	0.00386	0.01172
15	0.01344	0.00888	0.01174	0.01174	0.01314	0.00977	0.00869	0.01623	0.01483	0.02268	0.02537	0.03798	0.02374	0.16588	0.38580	0.01004	0.01588	0.00965	0.18707	0.00742
16	0.02276	0.25659	0.31328	0.02110	0.03035	0.16743	0.02317	0.02875	0.01960	0.02392	0.01402	0.01638	0.01114	0.00818	0.00732	0.00236	0.01237	0.00568	0.00388	0.01172
17	0.32122	0.02755	0.02032	0.01750	0.02295	0.25030	0.01383	0.17054	0.02472	0.03660	0.01476	0.01637	0.01139	0.00899	0.00709	0.00252	0.01066	0.00580	0.00588	0.01099
18	0.01750	0.04512	0.64825	0.02486	0.03775	0.02026	0.03223	0.02762	0.01842	0.02762	0.01565	0.01842	0.01105	0.00829	0.00829	0.00276	0.01289	0.00645	0.00368	0.01289
19	0.01051	0.00804	0.00966	0.01096	0.01234	0.00718	0.00757	0.01228	0.01784	0.02273	0.06249	0.47172	0.26443	0.02545	0.01084	0.00333	0.00483	0.02251	0.00810	0.00718
20	0.02406	0.02484	0.03122	0.12810	0.38715	0.16110	0.02359	0.06532	0.02196	0.02779	0.01593	0.02048	0.01302	0.00834	0.00848	0.00256	0.01166	0.00730	0.00458	0.01251
21	0.02319	0.01843	0.02887	0.03926	0.41525	0.01796	0.02115	0.02907	0.06046	0.12335	0.02596	0.02817	0.06399	0.00953	0.00866	0.00258	0.00897	0.00872	0.00596	0.06046
22	0.02143	0.02707	0.16779	0.03641	0.31485	0.06305	0.02419	0.03224	0.16610	0.02977	0.02067	0.02315	0.01613	0.00895	0.00857	0.00270	0.01044	0.00784	0.00529	0.01336

[dist]
# distance from previous block
# <min> <max>
3	6

[block]
# block no. 2 follows, 20 sequences, length 12
# corresponding to MSA columns:
# 37-48
name=unknown_C
#
# <colnr> <probs for GDERKNQSTAVLIFYWHMCP>
#	G	D	E	R	K	N	Q	S	T	A	V	L	I	F	Y	W	H	M	C	P
0	0.02258	0.01816	0.02050	0.01505	0.02257	0.01622	0.01220	0.19707	0.02491	0.03633	0.01712	0.01894	0.01349	0.00765	0.00713	0.00169	0.00739	0.00597	0.00623	0.52880
1	0.07977	0.12795	0.02491	0.01767	0.02289	0.22130	0.01429	0.18569	0.02737	0.03428	0.13466	0.02628	0.02575	0.01080	0.00804	0.00242	0.01021	0.00797	0.00658	0.01115
2	0.01171	0.00861	0.00924	0.00924	0.01045	0.00801	0.00584	0.01262	0.01564	0.01965	0.05252	0.06813	0.27999	0.41738	0.03038	0.00619	0.00680	0.01504	0.00644	0.00614
3	0.01262	0.00873	0.01092	0.01092	0.01141	0.00922	0.00704	0.01359	0.01310	0.01796	0.02620	0.04995	0.02862	0.49720	0.23641	0.01019	0.01312	0.01164	0.00509	0.00607
4	0.02412	0.64170	0.04389	0.01558	0.02279	0.08863	0.01509	0.02688	0.01833	0.02059	0.01224	0.01414	0.01120	0.00760	0.00579	0.00190	0.00988	0.00475	0.00380	0.01110
5	0.01163	0.00840	0.01160	0.01256	0.01342	0.00879	0.00886	0.01359	0.01511	0.02077	0.03554	0.34522	0.03999	0.12813	0.27464	0.00837	0.01282	0.01706	0.00637	0.00714
6	0.02884	0.03593	0.03308	0.02694	0.03279	0.45958	0.20137	0.03268	0.02343	0.02341	0.01478	0.01817	0.01186	0.00848	0.00862	0.00246	0.01541	0.00708	0.00447	0.01063
7	0.02599	0.01617	0.02327	0.02619	0.19300	0.01615	0.01647	0.10954	0.02304	0.22107	0.02667	0.08478	0.02169	0.02142	0.12867	0.00482	0.01128	0.00988	0.00734	0.01258
8	0.02040	0.01951	0.01674	0.01438	0.01909	0.14542	0.01117	0.13485	0.02475	0.02990	0.04990	0.04867	0.30137	0.01500	0.00897	0.00251	0.00803	0.01192	0.00708	0.11032
9	0.02138	0.01646	0.01887	0.01604	0.01976	0.01841	0.01264	0.24688	0.06521	0.03481	0.03180	0.03771	0.10536	0.11596	0.13531	0.00569	0.06967	0.01037	0.00700	0.01066
10	0.12271	0.02227	0.02196	0.02701	0.21236	0.18971	0.01610	0.02628	0.01991	0.02824	0.02013	0.07953	0.01801	0.01032	0.00772	0.00249	0.00965	0.00833	0.14673	0.01053
11	0.02716	0.02792	0.03037	0.03767	0.33507	0.22116	0.02179	0.13669	0.02527	0.03114	0.01633	0.01964	0.01320	0.00865	0.00841	0.00249	0.01190	0.00711	0.00518	0.01285

[dist]
# distance from previous block
# <min> <max>
0	1

[block]
# block no. 3 follows, 20 sequences, length 6
# corresponding to MSA columns:
# 50-55
name=unknown_D
#
# <colnr> <probs for GDERKNQSTAVLIFYWHMCP>
#	G	D	E	R	K	N	Q	S	T	A	V	L	I	F	Y	W	H	M	C	P
0	0.32380	0.01287	0.01351	0.07361	0.01908	0.01403	0.01025	0.02086	0.01988	0.03552	0.31539	0.03985	0.04512	0.01290	0.00809	0.00274	0.00593	0.01039	0.00730	0.00888
1	0.02117	0.18325	0.18393	0.01727	0.02485	0.02214	0.01766	0.17654	0.02456	0.03214	0.03442	0.03445	0.16842	0.01212	0.00828	0.00256	0.00907	0.00939	0.00613	0.01162
2	0.01949	0.23225	0.20880	0.01788	0.02506	0.02060	0.01912	0.02488	0.01953	0.06754	0.06741	0.04213	0.02712	0.01303	0.00862	0.00281	0.00953	0.15754	0.00574	0.01090
3	0.02205	0.25209	0.30744	0.02366	0.08057	0.12442	0.02383	0.02820	0.01930	0.02444	0.01425	0.01684	0.01135	0.00809	0.00739	0.00238	0.01198	0.00585	0.00388	0.01199
4	0.01664	0.01523	0.02201	0.19630	0.18963	0.01624	0.01762	0.02408	0.11336	0.02653	0.04222	0.04373	0.21454	0.01325	0.00923	0.00284	0.00825	0.01150	0.00613	0.01066
5	0.02026	0.20802	0.30506	0.03099	0.21642	0.02412	0.02606	0.02697	0.01867	0.02604	0.01496	0.01823	0.01193	0.00792	0.00769	0.00248	0.01119	0.00638	0.00389	0.01273

[dist]
# distance from previous block
# <min> <max>
0	1

[block]
# block no. 4 follows, 20 sequences, length 38
# corresponding to MSA columns:
# 57-94
name=unknown_E
#
# <colnr> <probs for GDERKNQSTAVLIFYWHMCP>
#	G	D	E	R	K	N	Q	S	T	A	V	L	I	F	Y	W	H	M	C	P
0	0.02134	0.16091	0.08511	0.07753	0.43388	0.02343	0.02464	0.02646	0.01918	0.02646	0.01542	0.01988	0.01294	0.00780	0.00799	0.00247	0.01042	0.00703	0.00412	0.01298
1	0.01704	0.01602	0.02310	0.08183	0.29491	0.04071	0.01783	0.02109	0.02028	0.02663	0.09108	0.04786	0.21296	0.01390	0.00942	0.00279	0.00822	0.03766	0.00607	0.01062
2	0.02878	0.03350	0.02851	0.03318	0.24012	0.40636	0.02029	0.05935	0.02380	0.02544	0.01486	0.01802	0.01231	0.00864	0.00817	0.00238	0.01357	0.00647	0.00463	0.01163
3	0.01124	0.00834	0.01049	0.01109	0.01264	0.00758	0.00788	0.01390	0.02041	0.02748	0.28519	0.33425	0.17211	0.02266	0.01065	0.00312	0.00457	0.02010	0.00869	0.00758
4	0.12968	0.19659	0.30727	0.12199	0.03434	0.02351	0.02330	0.02612	0.01756	0.02678	0.01424	0.01745	0.01093	0.00812	0.00726	0.00256	0.01090	0.00595	0.00398	0.01145
5	0.16861	0.01700	0.02559	0.39316	0.18616	0.01973	0.02180	0.02402	0.01748	0.02718	0.01503	0.02101	0.01169	0.00837	0.00802	0.00279	0.01034	0.00714	0.00429	0.01060
6	0.01124	0.00785	0.00994	0.01137	0.01172	0.00749	0.00726	0.01231	0.01551	0.02068	0.04198	0.50109	0.05000	0.22449	0.02098	0.00500	0.00607	0.02121	0.00726	0.00655
7	0.02562	0.02900	0.02111	0.01934	0.02301	0.38337	0.01476	0.07328	0.02227	0.02361	0.01751	0.02260	0.01520	0.02876	0.23464	0.00638	0.01791	0.00709	0.00489	0.00967
8	0.01411	0.00972	0.01156	0.01171	0.01263	0.00979	0.00765	0.07385	0.01709	0.02282	0.03419	0.29653	0.03924	0.33198	0.02731	0.04241	0.00721	0.01663	0.00666	0.00689
9	0.01239	0.00833	0.00960	0.00990	0.00997	0.00826	0.00570	0.01261	0.01327	0.01769	0.03049	0.14901	0.03550	0.59635	0.03955	0.00774	0.00796	0.01445	0.00570	0.00555
10	0.02544	0.02988	0.02835	0.02413	0.02710	0.31664	0.07858	0.02807	0.01932	0.02187	0.01302	0.01800	0.01154	0.01157	0.01720	0.00301	0.30509	0.00698	0.00419	0.01003
11	0.01061	0.00849	0.00949	0.00999	0.01216	0.00737	0.00721	0.01282	0.01948	0.02437	0.13315	0.25281	0.41514	0.02313	0.01054	0.00309	0.00457	0.01995	0.00825	0.00737
12	0.01750	0.04512	0.64825	0.02486	0.03775	0.02026	0.03223	0.02762	0.01842	0.02762	0.01565	0.01842	0.01105	0.00829	0.00829	0.00276	0.01289	0.00645	0.00368	0.01289
13	0.02044	0.04101	0.56293	0.02359	0.03565	0.01925	0.02959	0.02965	0.01931	0.11151	0.01820	0.01995	0.01248	0.00863	0.00835	0.00275	0.01215	0.00676	0.00465	0.01316
14	0.03198	0.04031	0.02444	0.02221	0.02673	0.62329	0.01669	0.03547	0.05775	0.02218	0.01470	0.01666	0.01209	0.00915	0.00792	0.00229	0.01524	0.00585	0.00474	0.01032
15	0.52400	0.01491	0.01360	0.06325	0.01937	0.01691	0.01032	0.02324	0.01734	0.03684	0.15742	0.02676	0.02660	0.01041	0.00680	0.00273	0.00652	0.00754	0.00626	0.00918
16	0.02159	0.02073	0.03541	0.05354	0.63903	0.02073	0.02677	0.02677	0.01986	0.02850	0.01641	0.02159	0.01382	0.00777	0.00864	0.00259	0.01036	0.00777	0.00432	0.01382
17	0.01647	0.01550	0.02616	0.67248	0.06008	0.01938	0.02422	0.02229	0.01744	0.02229	0.01550	0.02326	0.01163	0.00872	0.00872	0.00291	0.01163	0.00775	0.00388	0.00969
18	0.01743	0.01737	0.03206	0.52434	0.05670	0.02000	0.16011	0.02360	0.01818	0.02360	0.01600	0.02332	0.01200	0.00840	0.00909	0.00291	0.01235	0.00834	0.00400	0.01017
19	0.02037	0.01948	0.03320	0.20131	0.50081	0.02040	0.02616	0.02570	0.01928	0.02701	0.01619	0.02199	0.01329	0.00800	0.00866	0.00267	0.01066	0.00777	0.00421	0.01283
20	0.01296	0.01114	0.01137	0.01091	0.01432	0.01070	0.00830	0.02040	0.16049	0.02658	0.07605	0.07197	0.49361	0.01970	0.00998	0.00295	0.00500	0.01642	0.00828	0.00887
21	0.03258	0.04157	0.02472	0.02247	0.02697	0.65843	0.01685	0.03483	0.02472	0.02135	0.01348	0.01573	0.01124	0.00899	0.00787	0.00225	0.01573	0.00562	0.00449	0.01011
22	0.01188	0.00853	0.01004	0.01032	0.01120	0.00835	0.00668	0.01295	0.01489	0.01945	0.04229	0.14820	0.15748	0.38206	0.11167	0.00735	0.00907	0.01513	0.00618	0.00628
23	0.01105	0.00793	0.01024	0.01191	0.01263	0.00745	0.00811	0.01263	0.01673	0.02206	0.04853	0.54073	0.09372	0.09643	0.01462	0.00405	0.00557	0.06083	0.00780	0.00698
24	0.03120	0.03926	0.02492	0.02252	0.02655	0.59344	0.01708	0.03341	0.02355	0.02131	0.01327	0.01608	0.01126	0.00963	0.01000	0.00241	0.08381	0.00583	0.00442	0.01005
25	0.01318	0.01211	0.01064	0.01041	0.01279	0.07461	0.00735	0.01485	0.01861	0.02170	0.06572	0.07034	0.42313	0.18547	0.01842	0.00423	0.00657	0.01569	0.00704	0.00714
26	0.01353	0.00922	0.01052	0.01045	0.01091	0.00930	0.00629	0.04555	0.01479	0.01974	0.02992	0.14077	0.03431	0.56528	0.03791	0.00747	0.00806	0.01406	0.00586	0.00606
27	0.03004	0.22513	0.03085	0.02001	0.02568	0.39616	0.01627	0.11050	0.02495	0.02568	0.01411	0.01595	0.01171	0.00876	0.00734	0.00219	0.01309	0.00565	0.00485	0.01106
28	0.02266	0.26189	0.26963	0.02088	0.02922	0.15597	0.02224	0.02807	0.01907	0.02344	0.01370	0.01643	0.01117	0.00870	0.00889	0.00244	0.06445	0.00577	0.00388	0.01149
29	0.01585	0.01493	0.01316	0.01345	0.01486	0.14069	0.00921	0.01750	0.01844	0.02249	0.11562	0.31108	0.04517	0.18573	0.01851	0.00437	0.00795	0.01668	0.00688	0.00742
30	0.09666	0.18708	0.02873	0.02638	0.21238	0.10790	0.01662	0.02468	0.01949	0.02566	0.02923	0.03091	0.13942	0.01082	0.00779	0.00245	0.00925	0.00858	0.00508	0.01090
31	0.16498	0.02905	0.08599	0.02543	0.12414	0.22059	0.01883	0.08836	0.02157	0.02991	0.01440	0.01763	0.01169	0.00956	0.01047	0.00269	0.10215	0.00638	0.00490	0.01126
32	0.02038	0.01698	0.02209	0.13675	0.12936	0.04094	0.01652	0.16928	0.02566	0.03450	0.16561	0.12216	0.03552	0.01367	0.00937	0.00281	0.00841	0.01189	0.00711	0.01100
33	0.06316	0.19062	0.03430	0.12169	0.29748	0.05177	0.02128	0.07207	0.02059	0.02802	0.01521	0.01920	0.01259	0.00811	0.00768	0.00245	0.01025	0.00674	0.00452	0.01228
34	0.02401	0.06127	0.17003	0.02350	0.07584	0.21090	0.02007	0.03615	0.23101	0.02861	0.02183	0.02260	0.01675	0.00965	0.00828	0.00263	0.01130	0.00742	0.00578	0.01238
35	0.01552	0.07174	0.14515	0.01455	0.01992	0.01400	0.01404	0.01995	0.01854	0.02680	0.08616	0.12642	0.11640	0.01406	0.00948	0.00256	0.04398	0.01151	0.10599	0.12322
36	0.02340	0.09511	0.10717	0.11167	0.09414	0.04924	0.01973	0.15161	0.19434	0.03411	0.02195	0.02334	0.01662	0.00969	0.00834	0.00268	0.00983	0.00779	0.00632	0.01292
37	0.02244	0.16633	0.17570	0.18309	0.08473	0.08957	0.02259	0.10580	0.02187	0.02800	0.01545	0.01902	0.01197	0.00855	0.00789	0.00253	0.01150	0.00661	0.00456	0.01181

[dist]
# distance from previous block
# <min> <max>
35	48

[block]
# block no. 5 follows, 20 sequences, length 7
# corresponding to MSA columns:
# 149-155
name=unknown_F
#
# <colnr> <probs for GDERKNQSTAVLIFYWHMCP>
#	G	D	E	R	K	N	Q	S	T	A	V	L	I	F	Y	W	H	M	C	P
0	0.02659	0.02718	0.02272	0.05793	0.06139	0.28181	0.01566	0.16949	0.02537	0.02934	0.01842	0.02513	0.01606	0.10786	0.07339	0.00433	0.01340	0.00772	0.00561	0.01059
1	0.02639	0.03735	0.20989	0.09565	0.03388	0.31088	0.02220	0.11038	0.02428	0.02794	0.01538	0.01809	0.01172	0.00895	0.00820	0.00252	0.01359	0.00641	0.00477	0.01154
2	0.05962	0.02088	0.02216	0.05661	0.02482	0.07637	0.01526	0.22724	0.07328	0.03612	0.02490	0.02685	0.06926	0.01197	0.01227	0.00280	0.13891	0.00843	0.04396	0.04829
3	0.01377	0.01196	0.01407	0.08462	0.02035	0.01023	0.00992	0.01697	0.01897	0.02515	0.05428	0.05371	0.34407	0.01503	0.00876	0.00235	0.00595	0.01250	0.00658	0.27075
4	0.03089	0.03289	0.02485	0.02136	0.02634	0.36966	0.01665	0.20810	0.08154	0.03278	0.01753	0.01901	0.01369	0.01011	0.00961	0.00253	0.05774	0.00680	0.00611	0.01182
5	0.02023	0.07274	0.02899	0.09884	0.30174	0.07170	0.02138	0.02457	0.01949	0.02564	0.02224	0.03810	0.02136	0.01215	0.01039	0.00294	0.05270	0.13842	0.00506	0.01130
6	0.01894	0.02513	0.17007	0.03436	0.19984	0.02021	0.18726	0.02522	0.01835	0.02633	0.01708	0.02294	0.01392	0.01633	0.09958	0.00440	0.07563	0.00839	0.00421	0.01182

[dist]
# distance from previous block
# <min> <max>
5	9

[block]
# block no. 6 follows, 20 sequences, length 6
# corresponding to MSA columns:
# 165-170
name=unknown_G
#
# <colnr> <probs for GDERKNQSTAVLIFYWHMCP>
#	G	D	E	R	K	N	Q	S	T	A	V	L	I	F	Y	W	H	M	C	P
0	0.02274	0.13926	0.23786	0.02764	0.14855	0.18447	0.02327	0.02833	0.01993	0.02465	0.01516	0.01861	0.01231	0.01167	0.04696	0.00313	0.01319	0.00639	0.00408	0.01179
1	0.02520	0.02952	0.14572	0.02259	0.07045	0.15886	0.01910	0.18145	0.05759	0.03305	0.01825	0.02202	0.01465	0.05421	0.01154	0.00290	0.04294	0.00727	0.00575	0.07693
2	0.13890	0.16621	0.08959	0.13579	0.02900	0.02072	0.01617	0.06159	0.01875	0.02834	0.01800	0.08771	0.01635	0.00999	0.00734	0.00242	0.00880	0.00782	0.00504	0.13146
3	0.02393	0.02578	0.02637	0.02740	0.13711	0.20605	0.01882	0.03097	0.13677	0.02549	0.01764	0.02121	0.01478	0.01142	0.01514	0.00297	0.23422	0.00751	0.00509	0.01132
4	0.01136	0.00842	0.00938	0.00980	0.01102	0.00776	0.00638	0.01251	0.01624	0.02054	0.05481	0.19820	0.26568	0.30098	0.02459	0.00535	0.00622	0.01737	0.00693	0.00645
5	0.02073	0.05157	0.02626	0.08806	0.02790	0.02154	0.07080	0.14839	0.02287	0.03138	0.08954	0.03652	0.02583	0.01398	0.01503	0.00319	0.19953	0.09006	0.00618	0.01062

[dist]
# distance from previous block
# <min> <max>
4	6

[block]
# block no. 7 follows, 20 sequences, length 36
# corresponding to MSA columns:
# 177-212
name=unknown_H
#
# <colnr> <probs for GDERKNQSTAVLIFYWHMCP>
#	G	D	E	R	K	N	Q	S	T	A	V	L	I	F	Y	W	H	M	C	P
0	0.09362	0.06593	0.48910	0.02270	0.03382	0.05265	0.02747	0.06641	0.01984	0.03001	0.01541	0.01785	0.01115	0.00842	0.00790	0.00269	0.01206	0.00626	0.00423	0.01247
1	0.02578	0.02689	0.02086	0.01869	0.02264	0.31121	0.01442	0.13546	0.02421	0.02793	0.01867	0.02317	0.01568	0.02609	0.20126	0.00580	0.01619	0.00729	0.04759	0.01019
2	0.15662	0.04351	0.10721	0.01846	0.09639	0.01494	0.01455	0.02244	0.01761	0.03015	0.02366	0.06869	0.02113	0.01494	0.05074	0.00338	0.00852	0.05623	0.22104	0.00981
3	0.12414	0.02227	0.13903	0.27055	0.15732	0.01964	0.02291	0.02700	0.05324	0.05838	0.01732	0.02161	0.01300	0.00865	0.00816	0.00278	0.01044	0.00726	0.00477	0.01153
4	0.02682	0.07635	0.02785	0.06981	0.17939	0.37766	0.01900	0.03006	0.02229	0.02326	0.01897	0.02184	0.05127	0.00940	0.00811	0.00239	0.01300	0.00703	0.00459	0.01090
5	0.11310	0.02628	0.18434	0.04113	0.41162	0.02046	0.02594	0.02684	0.01887	0.02962	0.01568	0.01987	0.01258	0.00794	0.00814	0.00265	0.01053	0.00706	0.00430	0.01304
6	0.02364	0.02231	0.03367	0.04765	0.52901	0.05572	0.02495	0.10077	0.02279	0.03145	0.01682	0.02119	0.01381	0.00818	0.00861	0.00258	0.01055	0.00767	0.00488	0.01375
7	0.07736	0.01146	0.01283	0.01267	0.01448	0.05329	0.00950	0.01757	0.01521	0.02327	0.02243	0.06457	0.02080	0.03790	0.28545	0.15161	0.01389	0.00897	0.13942	0.00733
8	0.02534	0.02867	0.02295	0.10396	0.06432	0.32836	0.01674	0.03376	0.17136	0.02582	0.02566	0.02692	0.06774	0.01069	0.00847	0.00259	0.01176	0.00814	0.00579	0.01096
9	0.02322	0.08205	0.02723	0.02134	0.02480	0.22276	0.07831	0.05920	0.02014	0.02381	0.01925	0.11582	0.01919	0.03961	0.01513	0.00314	0.18038	0.00971	0.00504	0.00989
10	0.01110	0.00894	0.00998	0.01029	0.01286	0.00783	0.00794	0.01376	0.02034	0.02528	0.14921	0.11667	0.45312	0.02212	0.01059	0.00310	0.00491	0.09611	0.00828	0.00755
11	0.02159	0.02073	0.03541	0.05354	0.63903	0.02073	0.02677	0.02677	0.01986	0.02850	0.01641	0.02159	0.01382	0.00777	0.00864	0.00259	0.01036	0.00777	0.00432	0.01382
12	0.03258	0.04157	0.02472	0.02247	0.02697	0.65843	0.01685	0.03483	0.02472	0.02135	0.01348	0.01573	0.01124	0.00899	0.00787	0.00225	0.01573	0.00562	0.00449	0.01011
13	0.02161	0.02128	0.03333	0.04929	0.56914	0.05699	0.02509	0.02646	0.02014	0.02781	0.02018	0.02467	0.04774	0.00863	0.00868	0.00259	0.01035	0.00823	0.00454	0.01325
14	0.01246	0.00935	0.01402	0.01402	0.01558	0.01090	0.01090	0.01558	0.01402	0.02025	0.02336	0.03427	0.02181	0.06542	0.65888	0.01402	0.02336	0.00935	0.00467	0.00779
15	0.01246	0.00935	0.01402	0.01402	0.01558	0.01090	0.01090	0.01558	0.01402	0.02025	0.02336	0.03427	0.02181	0.06542	0.65888	0.01402	0.02336	0.00935	0.00467	0.00779
16	0.01684	0.04137	0.58223	0.02330	0.03512	0.01896	0.02965	0.02624	0.01879	0.02772	0.04790	0.02434	0.05060	0.00952	0.00850	0.00277	0.01200	0.00756	0.00421	0.01236
17	0.02153	0.02089	0.03633	0.05258	0.60503	0.02080	0.06004	0.02684	0.01990	0.02847	0.01648	0.02170	0.01378	0.00775	0.00873	0.00261	0.01061	0.00792	0.00432	0.01370
18	0.01031	0.00884	0.00884	0.00884	0.01178	0.00736	0.00663	0.01252	0.01988	0.02356	0.08837	0.08395	0.63549	0.02209	0.01031	0.00295	0.00442	0.01841	0.00810	0.00736
19	0.03258	0.04157	0.02472	0.02247	0.02697	0.65843	0.01685	0.03483	0.02472	0.02135	0.01348	0.01573	0.01124	0.00899	0.00787	0.00225	0.01573	0.00562	0.00449	0.01011
20	0.03059	0.03037	0.02569	0.02150	0.02633	0.27841	0.01710	0.28315	0.02993	0.03594	0.01640	0.01856	0.01284	0.01068	0.01169	0.00267	0.12293	0.00693	0.00623	0.01208
21	0.01060	0.00770	0.01001	0.01187	0.01258	0.00711	0.00797	0.01218	0.01697	0.02238	0.05146	0.63698	0.10628	0.02689	0.01106	0.00349	0.00501	0.02426	0.00810	0.00711
22	0.01063	0.00759	0.01012	0.01215	0.01265	0.00709	0.00810	0.01215	0.01670	0.02227	0.04808	0.68775	0.05769	0.02733	0.01113	0.00354	0.00506	0.02480	0.00810	0.00709
23	0.02159	0.02073	0.03541	0.05354	0.63903	0.02073	0.02677	0.02677	0.01986	0.02850	0.01641	0.02159	0.01382	0.00777	0.00864	0.00259	0.01036	0.00777	0.00432	0.01382
24	0.02029	0.19638	0.21324	0.02699	0.03592	0.02501	0.25597	0.02686	0.01872	0.02548	0.01525	0.01941	0.01199	0.00825	0.00999	0.00269	0.06417	0.00763	0.00400	0.01176
25	0.01494	0.00988	0.01287	0.01314	0.01574	0.00923	0.01081	0.01859	0.02180	0.08027	0.22565	0.08010	0.16992	0.02076	0.01092	0.00333	0.00614	0.25866	0.00874	0.00853
26	0.01908	0.01908	0.02672	0.02290	0.02290	0.02672	0.01908	0.02099	0.01336	0.02099	0.01145	0.01908	0.01145	0.01527	0.02863	0.00382	0.67748	0.00763	0.00382	0.00954
27	0.01340	0.00957	0.01330	0.01531	0.01703	0.00947	0.01291	0.01693	0.01943	0.02537	0.04655	0.21189	0.05164	0.02472	0.01187	0.00392	0.00746	0.47334	0.00804	0.00785
28	0.02733	0.02556	0.02146	0.01799	0.02324	0.20587	0.01419	0.29466	0.03104	0.03741	0.03547	0.03503	0.16751	0.01292	0.00887	0.00259	0.01010	0.00982	0.00734	0.01161
29	0.02134	0.02143	0.03942	0.04935	0.49080	0.02106	0.17179	0.02706	0.02004	0.02836	0.01672	0.02207	0.01367	0.00767	0.00905	0.00268	0.01145	0.00840	0.00434	0.01330
30	0.01039	0.00853	0.00915	0.00966	0.01200	0.00729	0.00699	0.01243	0.01909	0.02324	0.07839	0.23349	0.49239	0.02339	0.01051	0.00309	0.00458	0.01999	0.00810	0.00729
31	0.03824	0.01629	0.02114	0.01620	0.02299	0.01496	0.01339	0.12791	0.02738	0.55626	0.03239	0.02837	0.02058	0.01075	0.00877	0.00269	0.00775	0.00863	0.01048	0.01484
32	0.01647	0.01550	0.02616	0.67248	0.06008	0.01938	0.02422	0.02229	0.01744	0.02229	0.01550	0.02326	0.01163	0.00872	0.00872	0.00291	0.01163	0.00775	0.00388	0.00969
33	0.02239	0.02349	0.02845	0.22437	0.27613	0.17740	0.02229	0.02643	0.01979	0.02402	0.01534	0.02095	0.01263	0.00985	0.01016	0.05200	0.01188	0.00722	0.00420	0.01102
34	0.03167	0.03965	0.02430	0.02207	0.02661	0.60488	0.01660	0.03580	0.07505	0.02262	0.01533	0.01714	0.01253	0.00923	0.00795	0.00231	0.01499	0.00597	0.00486	0.01042
35	0.30127	0.10745	0.02263	0.01608	0.02206	0.13488	0.01329	0.14659	0.02347	0.11329	0.01695	0.01774	0.01259	0.00899	0.00695	0.00250	0.00931	0.00601	0.00638	0.01154

[dist]
# distance from previous block
# <min> <max>
0	18

# created by:
# /home/cegg/simao/soft/augustus-3.2.1/scripts/msa2prfl.pl ./align_prep/13008.fa
