[name]
unknown

[dist]
# distance from previous block
# <min> <max>
0	5

[block]
# block no. 0 follows, 22 sequences, length 59
# corresponding to MSA columns:
# 5-63
name=unknown_A
#
# <colnr> <probs for GDERKNQSTAVLIFYWHMCP>
#	G	D	E	R	K	N	Q	S	T	A	V	L	I	F	Y	W	H	M	C	P
0	0.01294	0.00942	0.01277	0.01444	0.01647	0.00925	0.01251	0.01655	0.01910	0.02456	0.04898	0.09200	0.12305	0.02271	0.01127	0.00370	0.00722	0.52783	0.00766	0.00757
1	0.05606	0.01890	0.02203	0.10008	0.05010	0.02070	0.01519	0.37816	0.03107	0.06851	0.10246	0.02827	0.04962	0.01096	0.00843	0.00256	0.00833	0.00877	0.00762	0.01218
2	0.01918	0.01828	0.03047	0.04553	0.57341	0.01810	0.02303	0.02375	0.01892	0.02654	0.02442	0.02819	0.09528	0.00915	0.00843	0.00251	0.00914	0.00870	0.00457	0.01237
3	0.01301	0.01074	0.01396	0.01383	0.01548	0.05013	0.01072	0.01593	0.01396	0.01935	0.02169	0.03158	0.02017	0.05909	0.63518	0.01268	0.02182	0.00869	0.00444	0.00755
4	0.01883	0.01865	0.03352	0.24733	0.31236	0.01964	0.14998	0.02516	0.04427	0.02548	0.01636	0.02188	0.01289	0.00776	0.00859	0.00265	0.01098	0.00798	0.00418	0.01151
5	0.46280	0.02491	0.01697	0.01513	0.02004	0.25495	0.01190	0.05991	0.01885	0.03199	0.01247	0.01437	0.00988	0.00814	0.00616	0.00241	0.00965	0.00496	0.00500	0.00950
6	0.02857	0.02149	0.02332	0.01769	0.02449	0.02269	0.01454	0.50129	0.03449	0.04706	0.01886	0.01938	0.01375	0.00917	0.00786	0.00223	0.00852	0.00694	0.00760	0.17007
7	0.00993	0.00796	0.00888	0.00962	0.01154	0.00691	0.00685	0.01179	0.01778	0.02197	0.06953	0.31737	0.42487	0.02294	0.01012	0.00302	0.00444	0.01985	0.00771	0.00691
8	0.01109	0.00764	0.00935	0.01033	0.01057	0.00739	0.00639	0.01182	0.01402	0.01869	0.03610	0.38256	0.04273	0.36276	0.02624	0.00568	0.00642	0.01792	0.00639	0.00590
9	0.02062	0.01761	0.01853	0.01656	0.02125	0.02018	0.01291	0.07107	0.57838	0.03496	0.03583	0.03307	0.05840	0.01173	0.00852	0.00280	0.00657	0.00973	0.00841	0.01287
10	0.01918	0.01070	0.01316	0.01171	0.01541	0.00965	0.00927	0.02332	0.05480	0.21383	0.20175	0.05873	0.25221	0.01650	0.00942	0.00276	0.00534	0.05374	0.00885	0.00968
11	0.01012	0.00723	0.00964	0.01157	0.01205	0.00675	0.00771	0.01157	0.01591	0.02121	0.04579	0.70262	0.05495	0.02603	0.01060	0.00337	0.00482	0.02362	0.00771	0.00675
12	0.01183	0.00829	0.00970	0.01024	0.01227	0.00725	0.00733	0.01372	0.01793	0.06574	0.06373	0.35078	0.34604	0.02250	0.01006	0.00304	0.00467	0.01958	0.00789	0.00738
13	0.06258	0.02297	0.02440	0.01877	0.02535	0.02546	0.01550	0.60305	0.03801	0.05172	0.01959	0.01967	0.01391	0.00988	0.00818	0.00250	0.00903	0.00735	0.00818	0.01391
14	0.12251	0.02063	0.02136	0.01737	0.02320	0.02324	0.01408	0.36650	0.22594	0.04486	0.02325	0.02261	0.01701	0.01009	0.00795	0.00261	0.00798	0.00770	0.00795	0.01316
15	0.02186	0.01741	0.01890	0.01617	0.02085	0.01941	0.01278	0.20234	0.34271	0.03940	0.15934	0.03439	0.03331	0.01210	0.00869	0.00268	0.00674	0.01003	0.00856	0.01231
16	0.01105	0.00813	0.01046	0.01142	0.01288	0.00754	0.00848	0.01363	0.01888	0.02513	0.20732	0.33849	0.15269	0.02241	0.01042	0.00317	0.00497	0.11765	0.00807	0.00722
17	0.76672	0.01607	0.01221	0.01092	0.01607	0.01864	0.00900	0.02442	0.01414	0.03727	0.01157	0.01350	0.00900	0.00771	0.00514	0.00257	0.00643	0.00450	0.00514	0.00900
18	0.01443	0.00722	0.01082	0.01082	0.01082	0.00722	0.00722	0.01082	0.01082	0.01443	0.01443	0.02525	0.01443	0.02886	0.03247	0.75830	0.00722	0.00722	0.00361	0.00361
19	0.03052	0.03639	0.02429	0.02276	0.06088	0.55483	0.01654	0.10918	0.02528	0.02482	0.01391	0.01593	0.01128	0.00868	0.00764	0.00220	0.01395	0.00574	0.00479	0.01041
20	0.01021	0.00762	0.00954	0.01102	0.01211	0.00695	0.00767	0.01193	0.01677	0.02167	0.05457	0.52839	0.19285	0.02472	0.01047	0.00326	0.00482	0.05086	0.00771	0.00685
21	0.03103	0.03959	0.02354	0.02140	0.02568	0.67469	0.01605	0.03317	0.02354	0.02033	0.01284	0.01498	0.01070	0.00856	0.00749	0.00214	0.01498	0.00535	0.00428	0.00963
22	0.01831	0.01802	0.03234	0.32303	0.30130	0.01939	0.11928	0.02383	0.01803	0.02451	0.01544	0.02154	0.01217	0.00773	0.00851	0.00265	0.01104	0.00777	0.00394	0.01116
23	0.01012	0.00723	0.00964	0.01157	0.01205	0.00675	0.00771	0.01157	0.01591	0.02121	0.04579	0.70262	0.05495	0.02603	0.01060	0.00337	0.00482	0.02362	0.00771	0.00675
24	0.01188	0.00886	0.01312	0.01312	0.01453	0.01026	0.01010	0.01469	0.01328	0.01912	0.02246	0.03379	0.02127	0.09657	0.64154	0.01307	0.02150	0.00907	0.00448	0.00729
25	0.01904	0.02015	0.02466	0.51129	0.04864	0.15627	0.02133	0.02366	0.01785	0.02097	0.01415	0.02043	0.01099	0.00871	0.00919	0.00269	0.04994	0.00695	0.00381	0.00930
26	0.02011	0.02101	0.04098	0.04341	0.36540	0.02034	0.31050	0.02602	0.01924	0.02689	0.01619	0.02144	0.01290	0.00721	0.00897	0.00263	0.01183	0.00854	0.00415	0.01223
27	0.03103	0.03959	0.02354	0.02140	0.02568	0.67469	0.01605	0.03317	0.02354	0.02033	0.01284	0.01498	0.01070	0.00856	0.00749	0.00214	0.01498	0.00535	0.00428	0.00963
28	0.01999	0.04219	0.51667	0.02315	0.03358	0.17085	0.02731	0.02790	0.01893	0.02493	0.01443	0.01695	0.01056	0.00805	0.00780	0.00252	0.01290	0.00596	0.00369	0.01167
29	0.01012	0.00723	0.00964	0.01157	0.01205	0.00675	0.00771	0.01157	0.01591	0.02121	0.04579	0.70262	0.05495	0.02603	0.01060	0.00337	0.00482	0.02362	0.00771	0.00675
30	0.02739	0.15358	0.02654	0.01857	0.02405	0.25520	0.01504	0.18588	0.15563	0.03138	0.01881	0.01930	0.01464	0.00922	0.00751	0.00231	0.01062	0.00657	0.00605	0.01170
31	0.01477	0.01135	0.01606	0.02024	0.14869	0.01087	0.01302	0.01790	0.01848	0.05291	0.04655	0.10110	0.19516	0.07662	0.01278	0.00355	0.00708	0.21737	0.00683	0.00867
32	0.01417	0.01240	0.01907	0.07348	0.02152	0.01543	0.04161	0.01724	0.01375	0.01997	0.01845	0.02756	0.01704	0.04292	0.42162	0.00947	0.19357	0.00839	0.00417	0.00817
33	0.76672	0.01607	0.01221	0.01092	0.01607	0.01864	0.00900	0.02442	0.01414	0.03727	0.01157	0.01350	0.00900	0.00771	0.00514	0.00257	0.00643	0.00450	0.00514	0.00900
34	0.01163	0.00805	0.01020	0.01086	0.01238	0.00730	0.00768	0.01390	0.01872	0.05155	0.20641	0.40016	0.16593	0.02217	0.01016	0.00304	0.00458	0.01970	0.00819	0.00738
35	0.01898	0.01813	0.03087	0.25724	0.46230	0.01932	0.02471	0.02411	0.01817	0.02523	0.01535	0.02107	0.01248	0.00769	0.00825	0.00256	0.01026	0.00740	0.00398	0.01189
36	0.03013	0.10830	0.02558	0.02067	0.02524	0.60921	0.01586	0.03233	0.02286	0.02025	0.01271	0.01481	0.01070	0.00841	0.00727	0.00210	0.01436	0.00526	0.00421	0.00974
37	0.02720	0.33192	0.03222	0.01828	0.02379	0.39609	0.01525	0.02957	0.02065	0.01999	0.01228	0.01426	0.01068	0.00793	0.00655	0.00198	0.01233	0.00496	0.00396	0.01008
38	0.01906	0.01964	0.02531	0.02178	0.02208	0.06995	0.01803	0.02090	0.01346	0.02002	0.01104	0.01796	0.01089	0.01413	0.02591	0.00353	0.64637	0.00714	0.00368	0.00912
39	0.02466	0.52585	0.03798	0.01621	0.02253	0.21127	0.01473	0.02718	0.01873	0.01976	0.01191	0.01379	0.01067	0.00751	0.00593	0.00188	0.01058	0.00469	0.00376	0.01037
40	0.01007	0.00843	0.00876	0.00868	0.01138	0.00712	0.00651	0.01241	0.01953	0.02385	0.15773	0.07763	0.57840	0.02051	0.00982	0.00278	0.00417	0.01721	0.00790	0.00712
41	0.00988	0.00817	0.00867	0.00908	0.01139	0.00696	0.00660	0.01185	0.01830	0.02218	0.07612	0.21034	0.52765	0.02208	0.00998	0.00292	0.00434	0.01881	0.00771	0.00696
42	0.01141	0.00848	0.01063	0.01009	0.01220	0.00769	0.00757	0.01501	0.02270	0.03138	0.55112	0.06523	0.18030	0.01770	0.00980	0.00265	0.00397	0.01547	0.00889	0.00769
43	0.01156	0.00848	0.01083	0.01025	0.01229	0.00776	0.00769	0.01530	0.02306	0.03222	0.59481	0.06385	0.13610	0.01739	0.00980	0.00263	0.00395	0.01528	0.00900	0.00776
44	0.01569	0.01477	0.02492	0.68808	0.05722	0.01846	0.02307	0.02123	0.01661	0.02123	0.01477	0.02215	0.01107	0.00831	0.00831	0.00277	0.01107	0.00738	0.00369	0.00923
45	0.01928	0.02143	0.04357	0.03196	0.03842	0.02203	0.48549	0.02508	0.01802	0.02508	0.01544	0.02143	0.01221	0.00875	0.01384	0.00299	0.17098	0.00922	0.00407	0.01071
46	0.01089	0.00846	0.00990	0.00954	0.01188	0.00747	0.00716	0.01400	0.02147	0.02845	0.39785	0.07006	0.33540	0.01880	0.00981	0.00270	0.00405	0.01615	0.00850	0.00747
47	0.03115	0.03618	0.02383	0.02092	0.02570	0.53880	0.01600	0.15784	0.02679	0.02704	0.01433	0.01602	0.01142	0.00886	0.00766	0.00221	0.01376	0.00580	0.00512	0.01057
48	0.00982	0.00842	0.00842	0.00842	0.01122	0.00701	0.00631	0.01192	0.01894	0.02244	0.08416	0.07995	0.65285	0.02104	0.00982	0.00281	0.00421	0.01753	0.00771	0.00701
49	0.02351	0.01690	0.01981	0.01623	0.02107	0.01827	0.01315	0.32529	0.02714	0.06853	0.02096	0.02468	0.01668	0.02847	0.24792	0.00629	0.01349	0.00781	0.00672	0.07707
50	0.02192	0.67748	0.07651	0.01472	0.02210	0.03215	0.01509	0.02495	0.01691	0.01990	0.01173	0.01355	0.01065	0.00715	0.00547	0.00182	0.00906	0.00453	0.00355	0.01075
51	0.02191	0.02213	0.03115	0.04431	0.52169	0.10390	0.02324	0.02806	0.07205	0.02691	0.01680	0.02073	0.01387	0.00788	0.00815	0.00245	0.01025	0.00731	0.00450	0.01271
52	0.02315	0.02487	0.03192	0.04275	0.46715	0.18457	0.05296	0.02748	0.02011	0.02540	0.01498	0.01925	0.01251	0.00767	0.00812	0.00240	0.01136	0.00701	0.00416	0.01217
53	0.01933	0.14524	0.19399	0.01726	0.02356	0.15353	0.01710	0.04587	0.01967	0.02420	0.07610	0.02963	0.09908	0.01635	0.08086	0.00357	0.01152	0.00822	0.00496	0.00996
54	0.02684	0.03091	0.02167	0.01885	0.02391	0.42359	0.01439	0.05703	0.10813	0.02501	0.01642	0.01785	0.01319	0.00851	0.00739	0.00206	0.01180	0.00591	0.00515	0.16138
55	0.08639	0.22745	0.14753	0.02051	0.05994	0.04784	0.04803	0.18168	0.02280	0.03158	0.01483	0.01693	0.01164	0.00844	0.00800	0.00237	0.04115	0.00612	0.00500	0.01177
56	0.09015	0.06542	0.02615	0.02735	0.18010	0.39628	0.01768	0.05735	0.02199	0.02487	0.01368	0.01638	0.01132	0.00820	0.00740	0.00226	0.01243	0.00584	0.00446	0.01070
57	0.02472	0.02520	0.02462	0.05276	0.10619	0.22798	0.01739	0.15585	0.02285	0.02799	0.01533	0.01941	0.01278	0.01505	0.07567	0.00366	0.14995	0.00689	0.00499	0.01072
58	0.01881	0.02129	0.05011	0.02076	0.10120	0.21853	0.01429	0.02154	0.01892	0.02247	0.06008	0.27485	0.03152	0.01790	0.03862	0.00324	0.03800	0.01319	0.00574	0.00893

[dist]
# distance from previous block
# <min> <max>
0	37

[block]
# block no. 1 follows, 22 sequences, length 44
# corresponding to MSA columns:
# 101-144
name=unknown_B
#
# <colnr> <probs for GDERKNQSTAVLIFYWHMCP>
#	G	D	E	R	K	N	Q	S	T	A	V	L	I	F	Y	W	H	M	C	P
0	0.02604	0.05997	0.02251	0.01816	0.02166	0.23022	0.01446	0.05722	0.02077	0.14757	0.07298	0.02455	0.01970	0.04544	0.01434	0.00292	0.17769	0.00764	0.00591	0.01027
1	0.01362	0.18164	0.01783	0.01048	0.01436	0.01415	0.00876	0.01717	0.05180	0.02343	0.11853	0.05930	0.40674	0.01672	0.00864	0.00254	0.00545	0.01365	0.00687	0.00831
2	0.01113	0.00884	0.01381	0.01405	0.01537	0.00826	0.07324	0.01316	0.01630	0.02178	0.04272	0.63054	0.05046	0.02401	0.01052	0.00331	0.00579	0.02215	0.00734	0.00722
3	0.02852	0.03315	0.02617	0.02843	0.18025	0.45147	0.01834	0.08880	0.02391	0.02509	0.01421	0.01683	0.01163	0.00841	0.00775	0.00225	0.01316	0.00606	0.00463	0.01093
4	0.01666	0.04297	0.66500	0.02368	0.03596	0.01929	0.03069	0.02631	0.01754	0.02631	0.01491	0.01754	0.01052	0.00789	0.00789	0.00263	0.01228	0.00614	0.00351	0.01228
5	0.02125	0.02765	0.18696	0.03961	0.40681	0.08701	0.02530	0.05786	0.02010	0.02755	0.01539	0.01922	0.01231	0.00777	0.00807	0.00248	0.01095	0.00689	0.00420	0.01263
6	0.01830	0.24055	0.48175	0.02089	0.03164	0.02330	0.02583	0.02589	0.01734	0.02431	0.01392	0.01630	0.01056	0.00766	0.00714	0.00238	0.01128	0.00564	0.00352	0.01180
7	0.01005	0.00752	0.00934	0.01079	0.01185	0.00681	0.00737	0.01165	0.01665	0.02151	0.05519	0.54999	0.20150	0.02480	0.01041	0.00323	0.00467	0.02213	0.00771	0.00681
8	0.01020	0.00729	0.00971	0.01151	0.01207	0.00680	0.00772	0.01177	0.01628	0.02181	0.07593	0.67076	0.05611	0.02558	0.01056	0.00334	0.00477	0.02319	0.00778	0.00680
9	0.02735	0.03260	0.02712	0.03182	0.24762	0.44417	0.01938	0.03047	0.02191	0.02273	0.01382	0.01695	0.01157	0.00815	0.00775	0.00226	0.01318	0.00607	0.00422	0.01087
10	0.01161	0.00788	0.00930	0.00972	0.00992	0.00774	0.00580	0.01213	0.01353	0.01814	0.06110	0.20673	0.03834	0.51464	0.03328	0.00669	0.00710	0.01493	0.00586	0.00557
11	0.01093	0.00820	0.01013	0.01019	0.01204	0.00740	0.00744	0.01387	0.02075	0.02803	0.38150	0.20510	0.21412	0.01994	0.00998	0.00282	0.00418	0.01750	0.00848	0.00740
12	0.02012	0.14368	0.14477	0.02905	0.03765	0.05332	0.39910	0.02658	0.01900	0.02507	0.01543	0.01975	0.01186	0.00723	0.00863	0.00257	0.01291	0.00810	0.00399	0.01121
13	0.02470	0.02771	0.02590	0.07872	0.02839	0.30979	0.07051	0.08490	0.02111	0.02401	0.01499	0.04734	0.01320	0.01077	0.01285	0.00271	0.18049	0.00739	0.00460	0.00991
14	0.01153	0.00814	0.00890	0.00890	0.00959	0.00780	0.00535	0.01204	0.01376	0.01766	0.04039	0.06064	0.18283	0.53964	0.03433	0.00677	0.00711	0.01342	0.00569	0.00552
15	0.02880	0.03240	0.02343	0.02175	0.05635	0.43189	0.01598	0.12370	0.13254	0.02795	0.01767	0.01877	0.01387	0.00918	0.00782	0.00233	0.01240	0.00647	0.00560	0.01109
16	0.02255	0.42680	0.03483	0.01784	0.05610	0.09658	0.01494	0.02976	0.15267	0.02335	0.01670	0.01791	0.01399	0.00847	0.00726	0.00215	0.03632	0.00588	0.00472	0.01116
17	0.01037	0.00844	0.00918	0.00899	0.01156	0.00725	0.00674	0.01299	0.02023	0.02552	0.24491	0.07488	0.49018	0.01989	0.00981	0.00275	0.00413	0.01682	0.00812	0.00725
18	0.03103	0.03959	0.02354	0.02140	0.02568	0.67469	0.01605	0.03317	0.02354	0.02033	0.01284	0.01498	0.01070	0.00856	0.00749	0.00214	0.01498	0.00535	0.00428	0.00963
19	0.01971	0.01887	0.03218	0.16215	0.55171	0.01951	0.02507	0.02475	0.01851	0.02611	0.01548	0.02084	0.01280	0.00756	0.00824	0.00252	0.01008	0.00740	0.00404	0.01247
20	0.02056	0.01974	0.03372	0.05099	0.65622	0.01974	0.02550	0.02550	0.01892	0.02714	0.01563	0.02056	0.01316	0.00740	0.00822	0.00247	0.00987	0.00740	0.00411	0.01316
21	0.01528	0.01404	0.01848	0.01699	0.01806	0.05125	0.01364	0.01776	0.01365	0.01961	0.01745	0.02621	0.01649	0.04133	0.39391	0.00907	0.27638	0.00809	0.00413	0.00817
22	0.02046	0.02001	0.03526	0.04938	0.59454	0.01987	0.08594	0.02561	0.01899	0.02709	0.01575	0.02075	0.01310	0.00736	0.00838	0.00250	0.01029	0.00764	0.00412	0.01296
23	0.76672	0.01607	0.01221	0.01092	0.01607	0.01864	0.00900	0.02442	0.01414	0.03727	0.01157	0.01350	0.00900	0.00771	0.00514	0.00257	0.00643	0.00450	0.00514	0.00900
24	0.01203	0.00826	0.01011	0.01011	0.01048	0.00863	0.00635	0.01276	0.01239	0.01689	0.02521	0.04904	0.02789	0.54976	0.19741	0.00935	0.01153	0.01130	0.00489	0.00562
25	0.01549	0.00774	0.00774	0.00774	0.00968	0.00774	0.00581	0.01936	0.01742	0.03097	0.02710	0.03097	0.02129	0.00968	0.00581	0.00194	0.00387	0.00774	0.75416	0.00774
26	0.01666	0.04297	0.66500	0.02368	0.03596	0.01929	0.03069	0.02631	0.01754	0.02631	0.01491	0.01754	0.01052	0.00789	0.00789	0.00263	0.01228	0.00614	0.00351	0.01228
27	0.02066	0.01785	0.01878	0.01691	0.02160	0.02066	0.01315	0.04414	0.64121	0.03475	0.03381	0.03099	0.02536	0.01127	0.00845	0.00282	0.00657	0.00939	0.00845	0.01315
28	0.03150	0.02564	0.02473	0.01945	0.02575	0.11990	0.01583	0.54216	0.03681	0.04771	0.01891	0.01923	0.01363	0.00977	0.00819	0.00244	0.00999	0.00717	0.00773	0.01348
29	0.01043	0.00844	0.00926	0.00906	0.01160	0.00727	0.00679	0.01311	0.02038	0.02587	0.26338	0.07430	0.47148	0.01976	0.00981	0.00274	0.00412	0.01674	0.00817	0.00727
30	0.01208	0.00805	0.00906	0.00906	0.00906	0.00805	0.00503	0.01208	0.01208	0.01611	0.02618	0.05436	0.03020	0.70804	0.04228	0.00805	0.00805	0.01208	0.00503	0.00503
31	0.02056	0.01974	0.03372	0.05099	0.65622	0.01974	0.02550	0.02550	0.01892	0.02714	0.01563	0.02056	0.01316	0.00740	0.00822	0.00247	0.00987	0.00740	0.00411	0.01316
32	0.03103	0.03959	0.02354	0.02140	0.02568	0.67469	0.01605	0.03317	0.02354	0.02033	0.01284	0.01498	0.01070	0.00856	0.00749	0.00214	0.01498	0.00535	0.00428	0.00963
33	0.03158	0.02327	0.02493	0.01911	0.02576	0.02576	0.01579	0.62852	0.03906	0.05236	0.01995	0.01995	0.01413	0.00997	0.00831	0.00249	0.00914	0.00748	0.00831	0.01413
34	0.02373	0.01937	0.02051	0.01753	0.02277	0.02210	0.01389	0.20842	0.47194	0.03970	0.02991	0.02789	0.02220	0.01091	0.00841	0.00273	0.00730	0.00885	0.00841	0.01342
35	0.01208	0.00805	0.00906	0.00906	0.00906	0.00805	0.00503	0.01208	0.01208	0.01611	0.02618	0.05436	0.03020	0.70804	0.04228	0.00805	0.00805	0.01208	0.00503	0.00503
36	0.03158	0.02327	0.02493	0.01911	0.02576	0.02576	0.01579	0.62852	0.03906	0.05236	0.01995	0.01995	0.01413	0.00997	0.00831	0.00249	0.00914	0.00748	0.00831	0.01413
37	0.02826	0.19809	0.02963	0.02112	0.07141	0.26564	0.01622	0.21695	0.02642	0.03067	0.01496	0.01654	0.01195	0.00856	0.00727	0.00219	0.01128	0.00595	0.00535	0.01155
38	0.02040	0.01929	0.01693	0.01562	0.01905	0.15753	0.01171	0.11619	0.16773	0.02870	0.03478	0.19669	0.09108	0.05267	0.01071	0.00304	0.00819	0.01268	0.00709	0.00991
39	0.02359	0.22258	0.02811	0.02117	0.08943	0.27872	0.01595	0.02654	0.02020	0.02181	0.01951	0.03214	0.01898	0.01114	0.00782	0.00244	0.01112	0.13409	0.00479	0.00987
40	0.02880	0.03443	0.02582	0.02769	0.16217	0.49841	0.01808	0.06317	0.02337	0.02351	0.01382	0.01645	0.01142	0.00838	0.00769	0.00223	0.01356	0.00591	0.00446	0.01063
41	0.02113	0.20649	0.37382	0.02087	0.03014	0.16449	0.02348	0.02744	0.01868	0.02336	0.01364	0.01595	0.01060	0.00784	0.00718	0.00232	0.01203	0.00555	0.00369	0.01131
42	0.01937	0.02654	0.16949	0.02541	0.03052	0.08237	0.16969	0.02419	0.01644	0.02301	0.01340	0.01878	0.01122	0.01071	0.01698	0.00308	0.31717	0.00747	0.00381	0.01035
43	0.02696	0.03081	0.02152	0.01936	0.02334	0.44565	0.01479	0.10741	0.02337	0.02431	0.01581	0.01945	0.01333	0.02038	0.15211	0.00461	0.01579	0.00640	0.00485	0.00974

[dist]
# distance from previous block
# <min> <max>
0	1

[block]
# block no. 2 follows, 22 sequences, length 72
# corresponding to MSA columns:
# 146-217
name=unknown_C
#
# <colnr> <probs for GDERKNQSTAVLIFYWHMCP>
#	G	D	E	R	K	N	Q	S	T	A	V	L	I	F	Y	W	H	M	C	P
0	0.02128	0.52437	0.19006	0.01678	0.02499	0.05799	0.01820	0.02558	0.01733	0.02118	0.01240	0.01440	0.01063	0.00736	0.00603	0.00200	0.00996	0.00488	0.00357	0.01100
1	0.18653	0.22669	0.22832	0.02147	0.10549	0.02343	0.01981	0.02507	0.01653	0.02661	0.01309	0.01583	0.01058	0.00788	0.00751	0.00240	0.04228	0.00550	0.00397	0.01104
2	0.02914	0.02206	0.02356	0.01862	0.02483	0.02462	0.01520	0.49787	0.17369	0.04842	0.02305	0.02242	0.01664	0.01026	0.00834	0.00257	0.00857	0.00791	0.00834	0.01391
3	0.01208	0.00805	0.00906	0.00906	0.00906	0.00805	0.00503	0.01208	0.01208	0.01611	0.02618	0.05436	0.03020	0.70804	0.04228	0.00805	0.00805	0.01208	0.00503	0.00503
4	0.03103	0.03959	0.02354	0.02140	0.02568	0.67469	0.01605	0.03317	0.02354	0.02033	0.01284	0.01498	0.01070	0.00856	0.00749	0.00214	0.01498	0.00535	0.00428	0.00963
5	0.02121	0.01851	0.02215	0.02398	0.15144	0.02074	0.01581	0.07061	0.48291	0.03411	0.02938	0.02829	0.02229	0.01041	0.00840	0.00273	0.00738	0.00889	0.00756	0.01320
6	0.01187	0.00890	0.01335	0.01335	0.01483	0.01038	0.01038	0.01483	0.01335	0.01928	0.02225	0.03264	0.02077	0.06231	0.67512	0.01335	0.02225	0.00890	0.00445	0.00742
7	0.01003	0.00759	0.00927	0.01061	0.01180	0.00683	0.00729	0.01168	0.01683	0.02158	0.05746	0.51315	0.23688	0.02451	0.01036	0.00320	0.00463	0.02177	0.00771	0.00683
8	0.01065	0.00845	0.00957	0.00929	0.01173	0.00737	0.00696	0.01353	0.02089	0.02709	0.32703	0.07229	0.40708	0.01930	0.00981	0.00272	0.00408	0.01646	0.00833	0.00737
9	0.00982	0.00842	0.00842	0.00842	0.01122	0.00701	0.00631	0.01192	0.01894	0.02244	0.08416	0.07995	0.65285	0.02104	0.00982	0.00281	0.00421	0.01753	0.00771	0.00701
10	0.02221	0.71304	0.04353	0.01421	0.02132	0.03287	0.01421	0.02488	0.01688	0.01955	0.01155	0.01333	0.01066	0.00711	0.00533	0.00178	0.00888	0.00444	0.00355	0.01066
11	0.02056	0.01974	0.03372	0.05099	0.65622	0.01974	0.02550	0.02550	0.01892	0.02714	0.01563	0.02056	0.01316	0.00740	0.00822	0.00247	0.00987	0.00740	0.00411	0.01316
12	0.01443	0.00722	0.01082	0.01082	0.01082	0.00722	0.00722	0.01082	0.01082	0.01443	0.01443	0.02525	0.01443	0.02886	0.03247	0.75830	0.00722	0.00722	0.00361	0.00361
13	0.02056	0.01974	0.03372	0.05099	0.65622	0.01974	0.02550	0.02550	0.01892	0.02714	0.01563	0.02056	0.01316	0.00740	0.00822	0.00247	0.00987	0.00740	0.00411	0.01316
14	0.02380	0.02475	0.02059	0.04743	0.02447	0.23222	0.01452	0.03960	0.41428	0.02950	0.02620	0.02543	0.02000	0.01027	0.00814	0.00260	0.00949	0.00800	0.00690	0.01184
15	0.01989	0.02011	0.03598	0.04175	0.39012	0.02109	0.17182	0.02477	0.01796	0.02571	0.01506	0.02058	0.01261	0.00860	0.01208	0.00276	0.13516	0.00797	0.00405	0.01194
16	0.02395	0.02738	0.02153	0.05140	0.08786	0.37804	0.01649	0.02703	0.02143	0.02243	0.02268	0.03981	0.02226	0.01281	0.00881	0.00271	0.01207	0.18668	0.00526	0.00937
17	0.02318	0.30135	0.22923	0.01932	0.02716	0.22398	0.01986	0.02784	0.01911	0.02187	0.01298	0.01513	0.01063	0.00779	0.00678	0.00215	0.01179	0.00524	0.00376	0.01085
18	0.01208	0.00805	0.00906	0.00906	0.00906	0.00805	0.00503	0.01208	0.01208	0.01611	0.02618	0.05436	0.03020	0.70804	0.04228	0.00805	0.00805	0.01208	0.00503	0.00503
19	0.01666	0.04297	0.66500	0.02368	0.03596	0.01929	0.03069	0.02631	0.01754	0.02631	0.01491	0.01754	0.01052	0.00789	0.00789	0.00263	0.01228	0.00614	0.00351	0.01228
20	0.02099	0.02192	0.03768	0.04410	0.42641	0.06515	0.20758	0.02636	0.01944	0.02651	0.01579	0.02074	0.01282	0.00736	0.00865	0.00255	0.01148	0.00799	0.00415	0.01232
21	0.03158	0.02327	0.02493	0.01911	0.02576	0.02576	0.01579	0.62852	0.03906	0.05236	0.01995	0.01995	0.01413	0.00997	0.00831	0.00249	0.00914	0.00748	0.00831	0.01413
22	0.02027	0.01965	0.03419	0.08117	0.59086	0.01975	0.06076	0.02535	0.01884	0.02682	0.01565	0.02075	0.01302	0.00742	0.00832	0.00250	0.01017	0.00754	0.00410	0.01285
23	0.02007	0.02269	0.11401	0.04752	0.57733	0.01968	0.02616	0.02560	0.01874	0.02703	0.01553	0.02018	0.01282	0.00746	0.00818	0.00249	0.01018	0.00724	0.00404	0.01305
24	0.01690	0.07120	0.63882	0.02328	0.03534	0.01987	0.03000	0.02625	0.01751	0.02602	0.01477	0.01736	0.01053	0.00786	0.00778	0.00259	0.01213	0.00607	0.00351	0.01221
25	0.01208	0.00805	0.00906	0.00906	0.00906	0.00805	0.00503	0.01208	0.01208	0.01611	0.02618	0.05436	0.03020	0.70804	0.04228	0.00805	0.00805	0.01208	0.00503	0.00503
26	0.01750	0.03076	0.34529	0.02903	0.11460	0.01869	0.19593	0.02523	0.01890	0.02720	0.07925	0.02375	0.01824	0.00849	0.00867	0.00266	0.01162	0.00822	0.00434	0.01164
27	0.02229	0.02453	0.02416	0.02982	0.25900	0.25415	0.01768	0.02678	0.05726	0.02425	0.02826	0.03181	0.12191	0.01091	0.00836	0.00248	0.01049	0.03005	0.00516	0.01065
28	0.01008	0.00739	0.00947	0.01113	0.01193	0.00678	0.00752	0.01162	0.01633	0.02138	0.05114	0.61582	0.13829	0.02533	0.01049	0.00329	0.00473	0.02277	0.00771	0.00678
29	0.01208	0.00805	0.00906	0.00906	0.00906	0.00805	0.00503	0.01208	0.01208	0.01611	0.02618	0.05436	0.03020	0.70804	0.04228	0.00805	0.00805	0.01208	0.00503	0.00503
30	0.02547	0.01536	0.01816	0.01539	0.01982	0.01571	0.01206	0.26530	0.02712	0.19364	0.03221	0.26148	0.03005	0.01568	0.00913	0.00282	0.00711	0.01336	0.00859	0.01154
31	0.01764	0.02042	0.07631	0.02893	0.03565	0.01872	0.42700	0.02367	0.01779	0.02467	0.01766	0.02423	0.01423	0.01975	0.15920	0.00519	0.04515	0.00928	0.00419	0.01033
32	0.02290	0.02418	0.03144	0.04438	0.51525	0.16617	0.02338	0.02721	0.01995	0.02562	0.01500	0.01931	0.01261	0.00766	0.00806	0.00239	0.01101	0.00694	0.00415	0.01237
33	0.03049	0.03856	0.02407	0.02294	0.05855	0.64055	0.01654	0.03277	0.02330	0.02069	0.01299	0.01527	0.01083	0.00850	0.00753	0.00216	0.01471	0.00546	0.00427	0.00981
34	0.02204	0.44673	0.03634	0.01711	0.02193	0.09996	0.01552	0.02441	0.01644	0.01975	0.01151	0.01486	0.01073	0.00934	0.01168	0.00233	0.20024	0.00533	0.00365	0.01011
35	0.01126	0.01146	0.05013	0.01196	0.01551	0.00894	0.05111	0.01429	0.01879	0.02314	0.06980	0.10070	0.48488	0.01971	0.00990	0.00292	0.00572	0.07489	0.00722	0.00766
36	0.01187	0.00890	0.01335	0.01335	0.01483	0.01038	0.01038	0.01483	0.01335	0.01928	0.02225	0.03264	0.02077	0.06231	0.67512	0.01335	0.02225	0.00890	0.00445	0.00742
37	0.02897	0.19838	0.02837	0.01956	0.02465	0.48422	0.01560	0.06628	0.02288	0.02203	0.01295	0.01488	0.01089	0.00830	0.00703	0.00207	0.01319	0.00526	0.00435	0.01014
38	0.02002	0.02283	0.11480	0.04669	0.54558	0.01975	0.05727	0.02566	0.01878	0.02701	0.01560	0.02027	0.01280	0.00744	0.00826	0.00251	0.01039	0.00737	0.00404	0.01295
39	0.02056	0.01974	0.03372	0.05099	0.65622	0.01974	0.02550	0.02550	0.01892	0.02714	0.01563	0.02056	0.01316	0.00740	0.00822	0.00247	0.00987	0.00740	0.00411	0.01316
40	0.01255	0.00903	0.01238	0.01420	0.01586	0.00886	0.01188	0.01580	0.01846	0.02400	0.04632	0.21741	0.07882	0.02348	0.01122	0.00368	0.00690	0.45405	0.00767	0.00743
41	0.01860	0.03023	0.29656	0.03367	0.16559	0.02005	0.26107	0.02626	0.01862	0.02660	0.01579	0.02005	0.01187	0.00745	0.00870	0.00266	0.01246	0.00782	0.00390	0.01204
42	0.02219	0.61436	0.04086	0.01529	0.02156	0.05993	0.01469	0.02475	0.01675	0.01962	0.01154	0.01388	0.01069	0.00791	0.00762	0.00198	0.07757	0.00476	0.00359	0.01046
43	0.01061	0.00829	0.00900	0.00900	0.01095	0.00735	0.00631	0.01247	0.01791	0.02251	0.15002	0.10210	0.40277	0.17430	0.01711	0.00398	0.00506	0.01625	0.00732	0.00667
44	0.01187	0.00890	0.01335	0.01335	0.01483	0.01038	0.01038	0.01483	0.01335	0.01928	0.02225	0.03264	0.02077	0.06231	0.67512	0.01335	0.02225	0.00890	0.00445	0.00742
45	0.01156	0.00810	0.01041	0.01087	0.01140	0.00840	0.00718	0.01274	0.01335	0.01821	0.02972	0.20201	0.03341	0.36416	0.21324	0.00844	0.01129	0.01392	0.00550	0.00611
46	0.02539	0.02889	0.02903	0.03736	0.36568	0.32153	0.02114	0.02903	0.02105	0.02400	0.01434	0.01799	0.01203	0.00794	0.00789	0.00232	0.01222	0.00646	0.00419	0.01153
47	0.01196	0.00855	0.01159	0.01159	0.01247	0.00943	0.00819	0.01371	0.01283	0.01798	0.02386	0.04154	0.02463	0.32685	0.41587	0.01118	0.01644	0.01020	0.00469	0.00644
48	0.01732	0.03837	0.52728	0.02621	0.03762	0.01968	0.16380	0.02638	0.01800	0.02638	0.01533	0.01863	0.01099	0.00769	0.00832	0.00267	0.01266	0.00696	0.00366	0.01204
49	0.01181	0.00887	0.01126	0.01226	0.01433	0.00832	0.01003	0.01492	0.01934	0.02488	0.13368	0.13851	0.23642	0.02188	0.01068	0.00332	0.00588	0.29833	0.00786	0.00740
50	0.01191	0.00873	0.01247	0.01247	0.01366	0.00991	0.00929	0.01427	0.01309	0.01864	0.02305	0.03707	0.02270	0.19420	0.54586	0.01227	0.01935	0.00955	0.00457	0.00693
51	0.02620	0.14108	0.02703	0.16931	0.03204	0.42596	0.01733	0.02918	0.02093	0.02041	0.01307	0.01632	0.01078	0.00827	0.00733	0.00222	0.01314	0.00566	0.00403	0.00970
52	0.03103	0.03959	0.02354	0.02140	0.02568	0.67469	0.01605	0.03317	0.02354	0.02033	0.01284	0.01498	0.01070	0.00856	0.00749	0.00214	0.01498	0.00535	0.00428	0.00963
53	0.02970	0.03707	0.02484	0.02517	0.10588	0.59139	0.01725	0.03220	0.02295	0.02120	0.01320	0.01569	0.01101	0.00841	0.00758	0.00218	0.01433	0.00561	0.00426	0.01008
54	0.01187	0.00890	0.01335	0.01335	0.01483	0.01038	0.01038	0.01483	0.01335	0.01928	0.02225	0.03264	0.02077	0.06231	0.67512	0.01335	0.02225	0.00890	0.00445	0.00742
55	0.01666	0.04297	0.66500	0.02368	0.03596	0.01929	0.03069	0.02631	0.01754	0.02631	0.01491	0.01754	0.01052	0.00789	0.00789	0.00263	0.01228	0.00614	0.00351	0.01228
56	0.02180	0.01759	0.01882	0.01676	0.02158	0.02008	0.01308	0.04389	0.59877	0.07787	0.03374	0.03081	0.02503	0.01120	0.00845	0.00280	0.00661	0.00932	0.00858	0.01322
57	0.01985	0.01396	0.01553	0.01369	0.01793	0.01451	0.01071	0.06029	0.28011	0.12891	0.11899	0.04658	0.19545	0.01430	0.00895	0.00274	0.00584	0.01194	0.00862	0.01111
58	0.03158	0.02327	0.02493	0.01911	0.02576	0.02576	0.01579	0.62852	0.03906	0.05236	0.01995	0.01995	0.01413	0.00997	0.00831	0.00249	0.00914	0.00748	0.00831	0.01413
59	0.03354	0.01543	0.01951	0.01547	0.02156	0.01473	0.01261	0.07588	0.15079	0.49795	0.03223	0.02834	0.02116	0.01047	0.00837	0.00262	0.00709	0.00851	0.00979	0.01394
60	0.02012	0.02062	0.03788	0.03554	0.21388	0.02057	0.31719	0.03021	0.15839	0.02858	0.02027	0.02380	0.01562	0.00807	0.00905	0.00271	0.01116	0.00902	0.00513	0.01220
61	0.03103	0.03959	0.02354	0.02140	0.02568	0.67469	0.01605	0.03317	0.02354	0.02033	0.01284	0.01498	0.01070	0.00856	0.00749	0.00214	0.01498	0.00535	0.00428	0.00963
62	0.00984	0.00833	0.00850	0.00863	0.01128	0.00699	0.00641	0.01190	0.01873	0.02236	0.08152	0.12275	0.61175	0.02138	0.00987	0.00284	0.00425	0.01795	0.00771	0.00699
63	0.01161	0.00799	0.00907	0.00931	0.00966	0.00778	0.00550	0.01200	0.01325	0.01739	0.03447	0.13937	0.09563	0.55258	0.03501	0.00693	0.00726	0.01409	0.00564	0.00545
64	0.02004	0.02084	0.03913	0.03423	0.16371	0.02067	0.36636	0.03030	0.15844	0.02854	0.02037	0.02395	0.01557	0.00804	0.00918	0.00274	0.01150	0.00922	0.00513	0.01204
65	0.02056	0.01974	0.03372	0.05099	0.65622	0.01974	0.02550	0.02550	0.01892	0.02714	0.01563	0.02056	0.01316	0.00740	0.00822	0.00247	0.00987	0.00740	0.00411	0.01316
66	0.01012	0.00761	0.00926	0.01055	0.01168	0.00688	0.00719	0.01169	0.01662	0.02135	0.05604	0.49516	0.22663	0.05359	0.01172	0.00341	0.00478	0.02137	0.00760	0.00675
67	0.01169	0.00823	0.01031	0.01050	0.01114	0.00853	0.00691	0.01281	0.01323	0.01790	0.03040	0.11449	0.06637	0.41496	0.21824	0.00879	0.01157	0.01264	0.00529	0.00600
68	0.02160	0.02061	0.01910	0.01710	0.02042	0.19057	0.01339	0.15710	0.02178	0.02698	0.01881	0.02457	0.01624	0.03453	0.32433	0.00758	0.04291	0.00758	0.00524	0.00957
69	0.01368	0.00961	0.01138	0.01151	0.01271	0.00969	0.00815	0.06493	0.01671	0.02199	0.03501	0.12662	0.07195	0.38756	0.02746	0.00586	0.00750	0.14468	0.00632	0.00667
70	0.01001	0.00818	0.00868	0.00903	0.01125	0.00703	0.00649	0.01187	0.01798	0.02185	0.07379	0.19175	0.50767	0.06210	0.01186	0.00322	0.00454	0.01832	0.00756	0.00685
71	0.01168	0.00789	0.00918	0.00957	0.00967	0.00779	0.00558	0.01198	0.01286	0.01715	0.03018	0.18677	0.03526	0.56874	0.03581	0.00710	0.00739	0.01444	0.00558	0.00538

[dist]
# distance from previous block
# <min> <max>
0	1

# created by:
# /home/cegg/simao/soft/augustus-3.2.1/scripts/msa2prfl.pl ./align_prep/13041.fa
