[name]
unknown

[dist]
# distance from previous block
# <min> <max>
0	0

[block]
# block no. 0 follows, 21 sequences, length 53
# corresponding to MSA columns:
# 7-20,22-60
name=unknown_A
#
# <colnr> <probs for GDERKNQSTAVLIFYWHMCP>
#	G	D	E	R	K	N	Q	S	T	A	V	L	I	F	Y	W	H	M	C	P
0	0.01371	0.00980	0.01371	0.01567	0.01763	0.00980	0.01371	0.01763	0.01959	0.02547	0.04506	0.09599	0.04898	0.02351	0.01175	0.00392	0.00784	0.59056	0.00784	0.00784
1	0.03818	0.01448	0.01975	0.01514	0.02172	0.01251	0.01251	0.04147	0.02436	0.65373	0.03357	0.02897	0.02107	0.01053	0.00856	0.00263	0.00724	0.00856	0.01053	0.01448
2	0.01362	0.00984	0.01361	0.01322	0.01460	0.01161	0.01027	0.01658	0.01441	0.02215	0.02276	0.03251	0.02075	0.07632	0.43498	0.00997	0.08871	0.00884	0.15750	0.00774
3	0.01238	0.00825	0.00928	0.00928	0.00928	0.00825	0.00516	0.01238	0.01238	0.01650	0.02681	0.05569	0.03094	0.70092	0.04331	0.00825	0.00825	0.01238	0.00516	0.00516
4	0.03235	0.02384	0.02554	0.01958	0.02639	0.02639	0.01618	0.61946	0.04001	0.05363	0.02043	0.02043	0.01447	0.01022	0.00851	0.00255	0.00936	0.00766	0.00851	0.01447
5	0.02419	0.60019	0.04134	0.01573	0.02255	0.13438	0.01486	0.02683	0.01838	0.02015	0.01204	0.01392	0.01093	0.00752	0.00581	0.00188	0.01009	0.00470	0.00376	0.01075
6	0.01153	0.00789	0.00953	0.01036	0.01057	0.00769	0.00631	0.01215	0.01403	0.01870	0.03528	0.32536	0.04162	0.41667	0.02963	0.00623	0.00685	0.01736	0.00631	0.00590
7	0.02670	0.01720	0.01918	0.01547	0.02100	0.01771	0.01253	0.27767	0.08394	0.17728	0.04217	0.03974	0.18501	0.01343	0.00895	0.00269	0.00731	0.01078	0.00881	0.01244
8	0.01956	0.01928	0.03459	0.21975	0.39230	0.02007	0.11942	0.02511	0.01885	0.02608	0.01596	0.02180	0.01281	0.00777	0.00870	0.00267	0.01112	0.00797	0.00411	0.01207
9	0.01995	0.02651	0.19254	0.04329	0.42352	0.02026	0.09697	0.02646	0.01911	0.02752	0.01597	0.02051	0.01274	0.00766	0.00853	0.00261	0.01123	0.00755	0.00407	0.01302
10	0.01586	0.00793	0.00793	0.00793	0.00991	0.00793	0.00595	0.01983	0.01785	0.03173	0.02776	0.03173	0.02181	0.00991	0.00595	0.00198	0.00397	0.00793	0.74817	0.00793
11	0.02075	0.41312	0.21590	0.02065	0.02961	0.02787	0.11508	0.02617	0.01792	0.02310	0.01365	0.01633	0.01120	0.00749	0.00692	0.00223	0.01090	0.00591	0.00373	0.01147
12	0.01207	0.00853	0.01136	0.01302	0.01404	0.00831	0.00986	0.01432	0.01703	0.02244	0.04295	0.34632	0.04924	0.13261	0.01639	0.00441	0.00666	0.25600	0.00744	0.00701
13	0.01902	0.28185	0.35799	0.01943	0.02906	0.02424	0.02279	0.02677	0.05663	0.02475	0.01911	0.02075	0.04631	0.00874	0.00727	0.00240	0.01049	0.00650	0.00417	0.01174
14	0.76103	0.01646	0.01251	0.01119	0.01646	0.01909	0.00922	0.02502	0.01448	0.03818	0.01185	0.01382	0.00922	0.00790	0.00527	0.00263	0.00658	0.00461	0.00527	0.00922
15	0.01586	0.00793	0.00793	0.00793	0.00991	0.00793	0.00595	0.01983	0.01785	0.03173	0.02776	0.03173	0.02181	0.00991	0.00595	0.00198	0.00397	0.00793	0.74817	0.00793
16	0.01607	0.01513	0.02552	0.68047	0.05861	0.01891	0.02363	0.02174	0.01702	0.02174	0.01513	0.02269	0.01134	0.00851	0.00851	0.00284	0.01134	0.00756	0.00378	0.00945
17	0.02335	0.02704	0.01963	0.01838	0.02153	0.38472	0.01395	0.02591	0.01963	0.02037	0.01730	0.02312	0.01540	0.03244	0.29118	0.00713	0.01855	0.00704	0.00446	0.00889
18	0.01862	0.01862	0.02607	0.02234	0.02234	0.02607	0.01862	0.02048	0.01303	0.02048	0.01117	0.01862	0.01117	0.01489	0.02793	0.00372	0.68535	0.00745	0.00372	0.00931
19	0.02275	0.70604	0.04459	0.01456	0.02184	0.03367	0.01456	0.02548	0.01729	0.02002	0.01183	0.01365	0.01092	0.00728	0.00546	0.00182	0.00910	0.00455	0.00364	0.01092
20	0.01238	0.00825	0.00928	0.00928	0.00928	0.00825	0.00516	0.01238	0.01238	0.01650	0.02681	0.05569	0.03094	0.70092	0.04331	0.00825	0.00825	0.01238	0.00516	0.00516
21	0.01037	0.00741	0.00987	0.01185	0.01234	0.00691	0.00790	0.01185	0.01629	0.02172	0.04690	0.69537	0.05629	0.02666	0.01086	0.00346	0.00494	0.02419	0.00790	0.00691
22	0.01765	0.01513	0.01765	0.01260	0.02017	0.01134	0.01008	0.02143	0.01765	0.02773	0.01513	0.01765	0.01260	0.00630	0.00630	0.00126	0.00630	0.00504	0.00504	0.75295
23	0.01331	0.01012	0.01305	0.01246	0.01284	0.01168	0.00867	0.01437	0.01281	0.01795	0.02332	0.04421	0.02537	0.43193	0.19742	0.00889	0.11960	0.01077	0.00478	0.00643
24	0.02081	0.02172	0.07386	0.05047	0.60923	0.02019	0.02645	0.02617	0.01929	0.02775	0.01596	0.02087	0.01331	0.00761	0.00840	0.00254	0.01027	0.00750	0.00417	0.01342
25	0.01586	0.00793	0.00793	0.00793	0.00991	0.00793	0.00595	0.01983	0.01785	0.03173	0.02776	0.03173	0.02181	0.00991	0.00595	0.00198	0.00397	0.00793	0.74817	0.00793
26	0.01707	0.04402	0.65683	0.02426	0.03683	0.01976	0.03144	0.02695	0.01797	0.02695	0.01527	0.01797	0.01078	0.00809	0.00809	0.00270	0.01258	0.00629	0.00359	0.01258
27	0.01216	0.00912	0.01368	0.01368	0.01520	0.01064	0.01064	0.01520	0.01368	0.01976	0.02279	0.03343	0.02127	0.06382	0.66720	0.01368	0.02279	0.00912	0.00456	0.00760
28	0.01586	0.00793	0.00793	0.00793	0.00991	0.00793	0.00595	0.01983	0.01785	0.03173	0.02776	0.03173	0.02181	0.00991	0.00595	0.00198	0.00397	0.00793	0.74817	0.00793
29	0.33817	0.02422	0.12178	0.02486	0.17911	0.09516	0.01779	0.02608	0.01748	0.03102	0.01513	0.04646	0.01281	0.00878	0.00704	0.00260	0.00938	0.00659	0.00475	0.01080
30	0.01073	0.00766	0.01029	0.01226	0.01291	0.00722	0.00853	0.01247	0.01665	0.02213	0.04671	0.63081	0.05550	0.02632	0.01096	0.00351	0.00525	0.08519	0.00789	0.00701
31	0.02290	0.02031	0.01946	0.01821	0.05529	0.12771	0.01364	0.23837	0.02756	0.03424	0.03947	0.07865	0.17776	0.01495	0.00922	0.00276	0.00876	0.07272	0.00731	0.01070
32	0.01238	0.00825	0.00928	0.00928	0.00928	0.00825	0.00516	0.01238	0.01238	0.01650	0.02681	0.05569	0.03094	0.70092	0.04331	0.00825	0.00825	0.01238	0.00516	0.00516
33	0.01586	0.00793	0.00793	0.00793	0.00991	0.00793	0.00595	0.01983	0.01785	0.03173	0.02776	0.03173	0.02181	0.00991	0.00595	0.00198	0.00397	0.00793	0.74817	0.00793
34	0.01707	0.04402	0.65683	0.02426	0.03683	0.01976	0.03144	0.02695	0.01797	0.02695	0.01527	0.01797	0.01078	0.00809	0.00809	0.00270	0.01258	0.00629	0.00359	0.01258
35	0.01098	0.00766	0.00969	0.01107	0.01141	0.00732	0.00707	0.01201	0.01510	0.02014	0.04080	0.50097	0.04858	0.23157	0.02072	0.00491	0.00594	0.02060	0.00707	0.00638
36	0.01862	0.01862	0.02607	0.02234	0.02234	0.02607	0.01862	0.02048	0.01303	0.02048	0.01117	0.01862	0.01117	0.01489	0.02793	0.00372	0.68535	0.00745	0.00372	0.00931
37	0.01740	0.01648	0.02793	0.51288	0.21580	0.01926	0.02430	0.02291	0.01765	0.02336	0.01536	0.02225	0.01191	0.00826	0.00849	0.00275	0.01102	0.00757	0.00390	0.01053
38	0.02700	0.03148	0.02877	0.03546	0.30380	0.37810	0.02076	0.03047	0.02200	0.02394	0.01443	0.01790	0.01209	0.00824	0.00801	0.00234	0.01301	0.00642	0.00431	0.01148
39	0.02472	0.01166	0.01453	0.01211	0.01686	0.00999	0.00968	0.02757	0.02221	0.35012	0.08847	0.05352	0.29181	0.01563	0.00928	0.00274	0.00581	0.01296	0.00934	0.01101
40	0.01933	0.02824	0.20244	0.03295	0.04256	0.02108	0.47001	0.02718	0.01955	0.02718	0.01673	0.02170	0.01238	0.00740	0.00955	0.00283	0.01390	0.00910	0.00413	0.01175
41	0.02048	0.44173	0.28903	0.01843	0.02783	0.02812	0.02130	0.02607	0.01756	0.02279	0.01320	0.01537	0.01086	0.00760	0.00651	0.00217	0.01049	0.00524	0.00362	0.01158
42	0.01862	0.01862	0.02607	0.02234	0.02234	0.02607	0.01862	0.02048	0.01303	0.02048	0.01117	0.01862	0.01117	0.01489	0.02793	0.00372	0.68535	0.00745	0.00372	0.00931
43	0.02058	0.01252	0.01527	0.01384	0.01708	0.01246	0.01044	0.12828	0.05576	0.15156	0.13287	0.28004	0.04303	0.05113	0.01133	0.00322	0.00628	0.01549	0.00866	0.01016
44	0.01586	0.00793	0.00793	0.00793	0.00991	0.00793	0.00595	0.01983	0.01785	0.03173	0.02776	0.03173	0.02181	0.00991	0.00595	0.00198	0.00397	0.00793	0.74817	0.00793
45	0.06470	0.01998	0.02248	0.01720	0.02397	0.02059	0.01417	0.36822	0.03206	0.21013	0.02293	0.02209	0.01578	0.00974	0.00812	0.00243	0.00831	0.00746	0.00850	0.10114
46	0.02075	0.02157	0.05740	0.07781	0.47003	0.07387	0.02406	0.02567	0.01962	0.02660	0.01882	0.02860	0.01686	0.00947	0.00871	0.00267	0.01048	0.07014	0.00457	0.01231
47	0.01920	0.01332	0.01567	0.01463	0.01757	0.01378	0.01093	0.21879	0.02472	0.06433	0.03728	0.43361	0.04037	0.02029	0.00995	0.00311	0.00655	0.01782	0.00824	0.00985
48	0.02345	0.02063	0.03242	0.04671	0.54912	0.05193	0.02416	0.02817	0.02015	0.09487	0.01776	0.02163	0.01417	0.00796	0.00840	0.00252	0.01006	0.00758	0.00490	0.01341
49	0.07400	0.19267	0.03054	0.01900	0.02465	0.08351	0.07945	0.06234	0.02053	0.19553	0.01879	0.02013	0.01401	0.00970	0.01073	0.00258	0.11717	0.00695	0.00603	0.01168
50	0.02356	0.01312	0.01614	0.01424	0.01833	0.01268	0.01156	0.11930	0.02344	0.22430	0.04203	0.05608	0.12833	0.09675	0.01368	0.00364	0.00738	0.15642	0.00848	0.01054
51	0.02177	0.50756	0.19723	0.01735	0.02582	0.06096	0.01889	0.02626	0.01779	0.02180	0.01276	0.01482	0.01089	0.00755	0.00623	0.00206	0.01028	0.00503	0.00366	0.01129
52	0.01390	0.01020	0.01228	0.01276	0.01453	0.01010	0.00909	0.11051	0.02048	0.02704	0.04684	0.51975	0.11284	0.02344	0.01039	0.00325	0.00559	0.02084	0.00800	0.00817

[dist]
# distance from previous block
# <min> <max>
0	1

[block]
# block no. 1 follows, 21 sequences, length 32
# corresponding to MSA columns:
# 62-93
name=unknown_B
#
# <colnr> <probs for GDERKNQSTAVLIFYWHMCP>
#	G	D	E	R	K	N	Q	S	T	A	V	L	I	F	Y	W	H	M	C	P
0	0.02033	0.01946	0.03188	0.12356	0.36344	0.02041	0.09284	0.02988	0.15360	0.02867	0.02012	0.02384	0.01588	0.00852	0.00868	0.00269	0.01003	0.00832	0.00514	0.01272
1	0.01204	0.00870	0.01138	0.01071	0.01271	0.00803	0.00803	0.01606	0.02409	0.03413	0.64335	0.06357	0.08030	0.01740	0.01004	0.00268	0.00401	0.01539	0.00937	0.00803
2	0.01171	0.00869	0.01090	0.01035	0.01251	0.00789	0.00776	0.01540	0.02329	0.03222	0.54816	0.06670	0.17667	0.01811	0.01004	0.00271	0.00407	0.01583	0.00912	0.00789
3	0.01037	0.00741	0.00987	0.01185	0.01234	0.00691	0.00790	0.01185	0.01629	0.02172	0.04690	0.69537	0.05629	0.02666	0.01086	0.00346	0.00494	0.02419	0.00790	0.00691
4	0.01586	0.00793	0.00793	0.00793	0.00991	0.00793	0.00595	0.01983	0.01785	0.03173	0.02776	0.03173	0.02181	0.00991	0.00595	0.00198	0.00397	0.00793	0.74817	0.00793
5	0.01942	0.21413	0.44052	0.02289	0.05976	0.05411	0.02612	0.02687	0.01815	0.02490	0.01431	0.01686	0.01095	0.00789	0.00740	0.00244	0.01170	0.00586	0.00367	0.01206
6	0.01440	0.01266	0.02049	0.06224	0.02243	0.01510	0.07577	0.01784	0.01445	0.02080	0.01961	0.02896	0.01792	0.04544	0.43992	0.01004	0.14036	0.00881	0.00433	0.00843
7	0.01586	0.00793	0.00793	0.00793	0.00991	0.00793	0.00595	0.01983	0.01785	0.03173	0.02776	0.03173	0.02181	0.00991	0.00595	0.00198	0.00397	0.00793	0.74817	0.00793
8	0.19129	0.06584	0.02251	0.01923	0.02394	0.49565	0.01477	0.03163	0.02169	0.02460	0.01281	0.01493	0.01058	0.00851	0.00704	0.00227	0.01314	0.00525	0.00454	0.00977
9	0.27870	0.01219	0.01237	0.01135	0.01524	0.01232	0.00885	0.02205	0.01852	0.13704	0.10275	0.14230	0.16520	0.01524	0.00824	0.00282	0.00568	0.01237	0.00758	0.00919
10	0.01520	0.00977	0.01263	0.01149	0.01411	0.00914	0.00876	0.02013	0.05406	0.09841	0.55020	0.05842	0.07149	0.01640	0.00982	0.00268	0.00448	0.01440	0.00945	0.00897
11	0.01030	0.00769	0.00959	0.01110	0.01215	0.00698	0.00757	0.01193	0.01701	0.02202	0.05598	0.55370	0.19210	0.02548	0.01068	0.00332	0.00479	0.02275	0.00790	0.00698
12	0.01765	0.01513	0.01765	0.01260	0.02017	0.01134	0.01008	0.02143	0.01765	0.02773	0.01513	0.01765	0.01260	0.00630	0.00630	0.00126	0.00630	0.00504	0.00504	0.75295
13	0.02237	0.66166	0.08564	0.01521	0.02285	0.03274	0.01569	0.02558	0.01734	0.02049	0.01206	0.01394	0.01091	0.00733	0.00564	0.00188	0.00933	0.00467	0.00364	0.01103
14	0.02038	0.02429	0.14086	0.04745	0.54345	0.02014	0.02703	0.02626	0.01914	0.02766	0.01588	0.02053	0.01302	0.00767	0.00837	0.00256	0.01053	0.00736	0.00411	0.01333
15	0.02031	0.15046	0.20404	0.02824	0.20082	0.06452	0.02202	0.02684	0.04894	0.02597	0.01699	0.02201	0.01422	0.00852	0.00769	0.00237	0.01030	0.03243	0.00442	0.08890
16	0.06121	0.04238	0.61860	0.02348	0.03562	0.01972	0.03012	0.02684	0.01776	0.02762	0.01507	0.01772	0.01069	0.00807	0.00792	0.00269	0.01222	0.00619	0.00369	0.01238
17	0.01862	0.22471	0.48973	0.02161	0.03274	0.02356	0.02683	0.02655	0.01778	0.02506	0.01433	0.01679	0.01082	0.00787	0.00737	0.00246	0.01163	0.00581	0.00361	0.01212
18	0.01006	0.00862	0.00862	0.00862	0.01149	0.00718	0.00647	0.01221	0.01940	0.02299	0.08621	0.08190	0.64438	0.02155	0.01006	0.00287	0.00431	0.01796	0.00790	0.00718
19	0.01943	0.02950	0.26891	0.03937	0.33054	0.02024	0.11571	0.02660	0.01896	0.02740	0.01591	0.02019	0.01239	0.00771	0.00854	0.00264	0.01166	0.00746	0.00400	0.01285
20	0.02441	0.02829	0.06340	0.03036	0.23235	0.29885	0.01904	0.02702	0.01993	0.02250	0.01451	0.01921	0.01245	0.01188	0.01232	0.13051	0.01207	0.00656	0.00416	0.01018
21	0.01862	0.01862	0.02607	0.02234	0.02234	0.02607	0.01862	0.02048	0.01303	0.02048	0.01117	0.01862	0.01117	0.01489	0.02793	0.00372	0.68535	0.00745	0.00372	0.00931
22	0.01071	0.00775	0.01013	0.01144	0.01238	0.00717	0.00785	0.01277	0.01813	0.02446	0.17721	0.52810	0.09152	0.02441	0.01064	0.00326	0.00471	0.02198	0.00822	0.00717
23	0.01687	0.01420	0.01380	0.01233	0.01611	0.05105	0.00955	0.16345	0.02457	0.03035	0.06309	0.10245	0.41319	0.01832	0.00959	0.00279	0.00625	0.01508	0.00784	0.00913
24	0.01482	0.01304	0.01879	0.01725	0.01814	0.01700	0.01393	0.01738	0.01341	0.02005	0.01800	0.02732	0.01711	0.04364	0.40352	0.00957	0.29608	0.00843	0.00421	0.00830
25	0.02106	0.02022	0.03454	0.05223	0.64784	0.02022	0.02612	0.02612	0.01938	0.02780	0.01601	0.02106	0.01348	0.00758	0.00842	0.00253	0.01011	0.00758	0.00421	0.01348
26	0.01586	0.00793	0.00793	0.00793	0.00991	0.00793	0.00595	0.01983	0.01785	0.03173	0.02776	0.03173	0.02181	0.00991	0.00595	0.00198	0.00397	0.00793	0.74817	0.00793
27	0.02017	0.01643	0.01800	0.01598	0.02044	0.01783	0.01232	0.12458	0.34166	0.03454	0.03310	0.17406	0.02945	0.01411	0.00888	0.00279	0.00670	0.01204	0.00810	0.08882
28	0.01290	0.00980	0.01342	0.01303	0.01386	0.01140	0.00954	0.01475	0.01315	0.01869	0.02300	0.03971	0.02362	0.28237	0.38197	0.01074	0.08635	0.01009	0.00468	0.00692
29	0.01931	0.01824	0.03029	0.04492	0.53920	0.01805	0.02286	0.02399	0.01968	0.02770	0.06404	0.03027	0.08478	0.00970	0.00870	0.00257	0.00910	0.00919	0.00494	0.01246
30	0.02106	0.02022	0.03454	0.05223	0.64784	0.02022	0.02612	0.02612	0.01938	0.02780	0.01601	0.02106	0.01348	0.00758	0.00842	0.00253	0.01011	0.00758	0.00421	0.01348
31	0.02171	0.02144	0.03392	0.05041	0.61049	0.05907	0.02554	0.02659	0.01966	0.02738	0.01584	0.02072	0.01333	0.00765	0.00838	0.00251	0.01042	0.00746	0.00422	0.01326

[dist]
# distance from previous block
# <min> <max>
0	1

[block]
# block no. 2 follows, 21 sequences, length 48
# corresponding to MSA columns:
# 95-121,126-146
name=unknown_C
#
# <colnr> <probs for GDERKNQSTAVLIFYWHMCP>
#	G	D	E	R	K	N	Q	S	T	A	V	L	I	F	Y	W	H	M	C	P
0	0.02135	0.02157	0.02769	0.07527	0.36398	0.12091	0.02095	0.02803	0.09394	0.02684	0.02399	0.02955	0.05872	0.01007	0.00862	0.00263	0.01009	0.03863	0.00519	0.01195
1	0.02665	0.02084	0.02476	0.02359	0.13186	0.02199	0.01630	0.36921	0.06667	0.04256	0.02016	0.02284	0.01567	0.04862	0.01019	0.00272	0.00887	0.00768	0.00713	0.11169
2	0.01171	0.00945	0.01087	0.01041	0.01337	0.00795	0.00766	0.01423	0.01893	0.02496	0.13782	0.22461	0.31043	0.01966	0.00961	0.00272	0.00478	0.01697	0.00760	0.13625
3	0.01327	0.01048	0.01521	0.01922	0.12345	0.01009	0.01224	0.01648	0.01938	0.02630	0.17074	0.27960	0.08696	0.02041	0.01041	0.00319	0.00622	0.14029	0.00756	0.00850
4	0.01195	0.00920	0.01126	0.01217	0.01455	0.00850	0.01008	0.01507	0.01976	0.02483	0.09789	0.08771	0.32263	0.02227	0.01088	0.00337	0.00601	0.29638	0.00795	0.00755
5	0.01586	0.00793	0.00793	0.00793	0.00991	0.00793	0.00595	0.01983	0.01785	0.03173	0.02776	0.03173	0.02181	0.00991	0.00595	0.00198	0.00397	0.00793	0.74817	0.00793
6	0.21519	0.14830	0.02428	0.01759	0.02258	0.36600	0.01404	0.02948	0.02006	0.02507	0.01298	0.01539	0.01092	0.01049	0.03306	0.00270	0.01233	0.00524	0.00449	0.00979
7	0.02021	0.02093	0.06534	0.08686	0.49538	0.02089	0.02524	0.02513	0.01831	0.02640	0.01527	0.02068	0.01290	0.00864	0.01100	0.00271	0.09991	0.00750	0.00409	0.01262
8	0.05437	0.02358	0.14158	0.15913	0.32351	0.02002	0.10417	0.02555	0.01856	0.02696	0.01568	0.02074	0.01234	0.00780	0.00845	0.00266	0.01116	0.00754	0.00409	0.01211
9	0.35118	0.20753	0.09535	0.02063	0.12938	0.02332	0.01602	0.02554	0.01647	0.03023	0.01294	0.01548	0.01059	0.00770	0.00617	0.00240	0.00853	0.00529	0.00446	0.01078
10	0.01586	0.00793	0.00793	0.00793	0.00991	0.00793	0.00595	0.01983	0.01785	0.03173	0.02776	0.03173	0.02181	0.00991	0.00595	0.00198	0.00397	0.00793	0.74817	0.00793
11	0.02040	0.01954	0.03335	0.13559	0.56966	0.02005	0.02579	0.02554	0.01906	0.02700	0.01589	0.02128	0.01320	0.00771	0.00844	0.00257	0.01027	0.00758	0.00416	0.01295
12	0.02114	0.01873	0.02279	0.02541	0.16715	0.02095	0.01640	0.04079	0.49037	0.03379	0.03032	0.02927	0.02308	0.01063	0.00860	0.00280	0.00752	0.00915	0.00763	0.01347
13	0.01564	0.00949	0.01253	0.01132	0.01395	0.00865	0.00865	0.01955	0.02413	0.11934	0.55949	0.05881	0.07215	0.01645	0.00983	0.00267	0.00446	0.01445	0.00953	0.00892
14	0.01037	0.00741	0.00987	0.01185	0.01234	0.00691	0.00790	0.01185	0.01629	0.02172	0.04690	0.69537	0.05629	0.02666	0.01086	0.00346	0.00494	0.02419	0.00790	0.00691
15	0.03179	0.04056	0.02412	0.02192	0.02631	0.66676	0.01644	0.03398	0.02412	0.02083	0.01315	0.01535	0.01096	0.00877	0.00767	0.00219	0.01535	0.00548	0.00438	0.00987
16	0.39282	0.36038	0.02851	0.01287	0.01914	0.02636	0.01188	0.02525	0.01588	0.02912	0.01184	0.01374	0.01007	0.00759	0.00536	0.00223	0.00784	0.00458	0.00446	0.01007
17	0.01006	0.00862	0.00862	0.00862	0.01149	0.00718	0.00647	0.01221	0.01940	0.02299	0.08621	0.08190	0.64438	0.02155	0.01006	0.00287	0.00431	0.01796	0.00790	0.00718
18	0.03179	0.04056	0.02412	0.02192	0.02631	0.66676	0.01644	0.03398	0.02412	0.02083	0.01315	0.01535	0.01096	0.00877	0.00767	0.00219	0.01535	0.00548	0.00438	0.00987
19	0.03048	0.03471	0.02372	0.02091	0.02577	0.47031	0.01600	0.13677	0.10758	0.02846	0.01726	0.01840	0.01356	0.00939	0.00795	0.00235	0.01317	0.00641	0.00567	0.01114
20	0.01216	0.00912	0.01368	0.01368	0.01520	0.01064	0.01064	0.01520	0.01368	0.01976	0.02279	0.03343	0.02127	0.06382	0.66720	0.01368	0.02279	0.00912	0.00456	0.00760
21	0.01493	0.01267	0.01469	0.01606	0.08368	0.01291	0.01045	0.02349	0.19887	0.02611	0.05307	0.05595	0.28715	0.13462	0.01522	0.00377	0.00634	0.01340	0.00725	0.00937
22	0.01586	0.00793	0.00793	0.00793	0.00991	0.00793	0.00595	0.01983	0.01785	0.03173	0.02776	0.03173	0.02181	0.00991	0.00595	0.00198	0.00397	0.00793	0.74817	0.00793
23	0.02040	0.01954	0.03335	0.13559	0.56966	0.02005	0.02579	0.02554	0.01906	0.02700	0.01589	0.02128	0.01320	0.00771	0.00844	0.00257	0.01027	0.00758	0.00416	0.01295
24	0.02153	0.02607	0.11868	0.04238	0.39456	0.09093	0.12799	0.02728	0.01983	0.02683	0.01581	0.02036	0.01275	0.00771	0.00858	0.00257	0.01174	0.00761	0.00417	0.01262
25	0.01586	0.00793	0.00793	0.00793	0.00991	0.00793	0.00595	0.01983	0.01785	0.03173	0.02776	0.03173	0.02181	0.00991	0.00595	0.00198	0.00397	0.00793	0.74817	0.00793
26	0.01991	0.01904	0.03245	0.19784	0.51127	0.01992	0.02554	0.02510	0.01883	0.02640	0.01580	0.02144	0.01298	0.00780	0.00844	0.00260	0.01040	0.00758	0.00411	0.01255
27	0.01972	0.01885	0.03212	0.22109	0.48946	0.01987	0.02545	0.02494	0.01874	0.02617	0.01577	0.02150	0.01291	0.00783	0.00845	0.00261	0.01044	0.00758	0.00410	0.01240
28	0.02566	0.02601	0.02065	0.01826	0.02288	0.26401	0.01428	0.16734	0.13205	0.03165	0.03113	0.03489	0.10449	0.01251	0.00869	0.00263	0.01036	0.05466	0.00684	0.01103
29	0.01238	0.00825	0.00928	0.00928	0.00928	0.00825	0.00516	0.01238	0.01238	0.01650	0.02681	0.05569	0.03094	0.70092	0.04331	0.00825	0.00825	0.01238	0.00516	0.00516
30	0.01586	0.00793	0.00793	0.00793	0.00991	0.00793	0.00595	0.01983	0.01785	0.03173	0.02776	0.03173	0.02181	0.00991	0.00595	0.00198	0.00397	0.00793	0.74817	0.00793
31	0.01037	0.00741	0.00987	0.01185	0.01234	0.00691	0.00790	0.01185	0.01629	0.02172	0.04690	0.69537	0.05629	0.02666	0.01086	0.00346	0.00494	0.02419	0.00790	0.00691
32	0.02034	0.01612	0.01867	0.01354	0.02097	0.01316	0.01091	0.09246	0.02059	0.06041	0.01662	0.01851	0.01322	0.00696	0.00667	0.00148	0.00671	0.00552	0.00571	0.63143
33	0.01862	0.01862	0.02607	0.02234	0.02234	0.02607	0.01862	0.02048	0.01303	0.02048	0.01117	0.01862	0.01117	0.01489	0.02793	0.00372	0.68535	0.00745	0.00372	0.00931
34	0.01607	0.01513	0.02552	0.68047	0.05861	0.01891	0.02363	0.02174	0.01702	0.02174	0.01513	0.02269	0.01134	0.00851	0.00851	0.00284	0.01134	0.00756	0.00378	0.00945
35	0.01251	0.00963	0.01435	0.01415	0.01558	0.01148	0.01107	0.01548	0.01364	0.01979	0.02216	0.03263	0.02073	0.06117	0.63246	0.01314	0.05880	0.00903	0.00451	0.00769
36	0.02181	0.13484	0.02150	0.01378	0.01838	0.01894	0.01107	0.21724	0.02366	0.03263	0.02096	0.02943	0.01882	0.18518	0.01627	0.00366	0.00798	0.00807	0.10457	0.09120
37	0.01958	0.49273	0.03380	0.01295	0.01800	0.02590	0.01169	0.02148	0.01579	0.01895	0.01641	0.02650	0.01704	0.21932	0.01703	0.00379	0.00884	0.00694	0.00410	0.00916
38	0.02333	0.01524	0.01776	0.01503	0.01958	0.01591	0.01190	0.13477	0.20299	0.15888	0.23945	0.04008	0.04153	0.01311	0.00908	0.00271	0.00637	0.01104	0.00924	0.01199
39	0.01862	0.01862	0.02607	0.02234	0.02234	0.02607	0.01862	0.02048	0.01303	0.02048	0.01117	0.01862	0.01117	0.01489	0.02793	0.00372	0.68535	0.00745	0.00372	0.00931
40	0.24400	0.03014	0.05963	0.02414	0.13156	0.32604	0.01687	0.02957	0.02010	0.02751	0.01339	0.01604	0.01087	0.00827	0.00712	0.00241	0.01170	0.00563	0.00457	0.01046
41	0.01586	0.00793	0.00793	0.00793	0.00991	0.00793	0.00595	0.01983	0.01785	0.03173	0.02776	0.03173	0.02181	0.00991	0.00595	0.00198	0.00397	0.00793	0.74817	0.00793
42	0.05715	0.01028	0.01131	0.01016	0.01379	0.00893	0.00781	0.01670	0.02027	0.06147	0.20348	0.06210	0.35381	0.01713	0.00919	0.00259	0.00480	0.01433	0.00786	0.10685
43	0.02429	0.02222	0.03258	0.04267	0.45036	0.07803	0.05692	0.09269	0.02241	0.06988	0.01743	0.02110	0.01382	0.00814	0.00847	0.00253	0.01055	0.00761	0.00511	0.01322
44	0.02068	0.15320	0.40394	0.02117	0.03123	0.02289	0.02464	0.13871	0.02197	0.03061	0.01698	0.04591	0.01340	0.00912	0.00783	0.00255	0.01105	0.00699	0.00472	0.01241
45	0.02420	0.18510	0.02656	0.01925	0.06194	0.28205	0.01458	0.05738	0.02146	0.02342	0.02378	0.02561	0.09604	0.01321	0.04620	0.00286	0.01171	0.00736	0.00493	0.05238
46	0.02281	0.02601	0.17402	0.11743	0.20817	0.02181	0.02335	0.20173	0.06080	0.03487	0.01812	0.02100	0.01360	0.00883	0.00840	0.00264	0.01043	0.00742	0.00554	0.01303
47	0.01843	0.03534	0.41055	0.02497	0.08192	0.08168	0.02598	0.02562	0.01770	0.02499	0.01553	0.01972	0.01220	0.01489	0.08211	0.00394	0.08232	0.00674	0.00384	0.01151

[dist]
# distance from previous block
# <min> <max>
0	1

[block]
# block no. 3 follows, 21 sequences, length 7
# corresponding to MSA columns:
# 148-154
name=unknown_D
#
# <colnr> <probs for GDERKNQSTAVLIFYWHMCP>
#	G	D	E	R	K	N	Q	S	T	A	V	L	I	F	Y	W	H	M	C	P
0	0.02106	0.02022	0.03454	0.05223	0.64784	0.02022	0.02612	0.02612	0.01938	0.02780	0.01601	0.02106	0.01348	0.00758	0.00842	0.00253	0.01011	0.00758	0.00421	0.01348
1	0.20978	0.02102	0.02120	0.01711	0.02318	0.02366	0.01398	0.37016	0.13991	0.04660	0.02086	0.02083	0.01524	0.00988	0.00774	0.00263	0.00821	0.00726	0.00774	0.01300
2	0.01238	0.00825	0.00928	0.00928	0.00928	0.00825	0.00516	0.01238	0.01238	0.01650	0.02681	0.05569	0.03094	0.70092	0.04331	0.00825	0.00825	0.01238	0.00516	0.00516
3	0.01202	0.00810	0.00939	0.00974	0.00983	0.00801	0.00565	0.01228	0.01308	0.01744	0.03041	0.17034	0.03548	0.58008	0.03750	0.00739	0.00766	0.01449	0.00565	0.00547
4	0.01896	0.03196	0.32725	0.03511	0.21152	0.02034	0.17822	0.02679	0.01890	0.02727	0.01597	0.02011	0.01208	0.00771	0.00868	0.00269	0.01233	0.00761	0.00395	0.01255
5	0.02518	0.02495	0.02944	0.03725	0.35683	0.15887	0.02127	0.12527	0.08107	0.03121	0.01786	0.02074	0.01427	0.00863	0.00830	0.00249	0.01079	0.00734	0.00536	0.01287
6	0.01438	0.01547	0.07855	0.01789	0.07649	0.05312	0.01370	0.01815	0.01679	0.02264	0.06778	0.03883	0.11755	0.04037	0.35942	0.00852	0.01618	0.01019	0.00522	0.00874

[dist]
# distance from previous block
# <min> <max>
0	85

# created by:
# /home/cegg/simao/soft/augustus-3.2.1/scripts/msa2prfl.pl ./align_prep/13053.fa
