[name]
unknown

[dist]
# distance from previous block
# <min> <max>
0	4

[block]
# block no. 0 follows, 22 sequences, length 15
# corresponding to MSA columns:
# 4-18
name=unknown_A
#
# <colnr> <probs for GDERKNQSTAVLIFYWHMCP>
#	G	D	E	R	K	N	Q	S	T	A	V	L	I	F	Y	W	H	M	C	P
0	0.14371	0.02133	0.02481	0.09090	0.13313	0.11374	0.06547	0.14253	0.04128	0.03186	0.01847	0.02589	0.01561	0.00997	0.00867	0.00267	0.03112	0.06234	0.00553	0.01098
1	0.01369	0.01086	0.01582	0.05160	0.14695	0.01103	0.01153	0.01616	0.01632	0.02262	0.13505	0.12446	0.03622	0.25529	0.09162	0.00568	0.00897	0.01248	0.00576	0.00788
2	0.01416	0.01262	0.01236	0.01168	0.01460	0.07120	0.00865	0.04935	0.01886	0.02353	0.05063	0.17914	0.28500	0.06345	0.06425	0.00383	0.00749	0.01465	0.00671	0.08784
3	0.01675	0.01017	0.01307	0.01349	0.05229	0.00946	0.00928	0.01905	0.01834	0.13615	0.11973	0.05907	0.16115	0.22453	0.01944	0.00443	0.00664	0.09139	0.00732	0.00825
4	0.01710	0.01263	0.01456	0.01274	0.01573	0.01262	0.00926	0.15703	0.02002	0.02756	0.02612	0.15771	0.02728	0.25161	0.07295	0.00518	0.00853	0.01169	0.00622	0.13347
5	0.01089	0.00781	0.00916	0.00990	0.01063	0.00735	0.00631	0.01185	0.01488	0.01929	0.04493	0.30798	0.16032	0.31335	0.02384	0.00524	0.00607	0.01756	0.00658	0.00607
6	0.01758	0.01189	0.01340	0.01149	0.01493	0.01181	0.00885	0.12720	0.02101	0.03187	0.09000	0.03244	0.02543	0.08046	0.07652	0.00370	0.00740	0.00854	0.27527	0.13022
7	0.01306	0.01036	0.01209	0.01220	0.01478	0.01031	0.00953	0.01993	0.14008	0.02729	0.17162	0.13635	0.23287	0.01929	0.00997	0.00304	0.00538	0.13527	0.00812	0.00846
8	0.01204	0.00806	0.01086	0.01143	0.01248	0.00852	0.00823	0.01409	0.01450	0.02112	0.03006	0.23543	0.03170	0.10212	0.28285	0.04415	0.01215	0.01336	0.12002	0.00686
9	0.01226	0.01038	0.01060	0.01144	0.01261	0.06422	0.00777	0.01375	0.01678	0.02106	0.07377	0.40826	0.14502	0.13412	0.01532	0.00390	0.00607	0.01880	0.00705	0.00681
10	0.01077	0.00782	0.01008	0.01130	0.01238	0.00729	0.00801	0.01283	0.01753	0.02331	0.14201	0.44391	0.12046	0.05854	0.01210	0.00348	0.00506	0.07840	0.00779	0.00695
11	0.01256	0.00885	0.01106	0.01177	0.01318	0.00880	0.00838	0.06198	0.01808	0.02491	0.06374	0.45300	0.08188	0.02647	0.08089	0.00417	0.00687	0.01860	0.07726	0.00756
12	0.12656	0.00974	0.01035	0.04442	0.01479	0.00946	0.00824	0.01453	0.01748	0.02454	0.05965	0.19228	0.36927	0.01945	0.00927	0.00294	0.00520	0.04731	0.00711	0.00741
13	0.02032	0.01765	0.01596	0.01455	0.01758	0.14155	0.01099	0.13004	0.07079	0.02862	0.02446	0.09149	0.02231	0.09430	0.11950	0.00478	0.01069	0.00950	0.14569	0.00924
14	0.08657	0.01583	0.01702	0.01427	0.01839	0.01706	0.01121	0.30309	0.02768	0.03975	0.12534	0.09798	0.03017	0.06810	0.01095	0.00299	0.00700	0.01044	0.08561	0.01054

[dist]
# distance from previous block
# <min> <max>
0	1

[block]
# block no. 1 follows, 22 sequences, length 108
# corresponding to MSA columns:
# 20-127
name=unknown_B
#
# <colnr> <probs for GDERKNQSTAVLIFYWHMCP>
#	G	D	E	R	K	N	Q	S	T	A	V	L	I	F	Y	W	H	M	C	P
0	0.01147	0.00792	0.01014	0.01085	0.01144	0.00806	0.00721	0.01281	0.01401	0.01934	0.03261	0.28788	0.03690	0.28572	0.16534	0.00719	0.00973	0.01546	0.03962	0.00630
1	0.01132	0.00785	0.00952	0.01013	0.01056	0.00768	0.00635	0.01220	0.01421	0.01900	0.06402	0.27016	0.06392	0.39300	0.05828	0.00629	0.00730	0.01611	0.00619	0.00592
2	0.01531	0.00780	0.00802	0.00802	0.00993	0.00787	0.00603	0.01914	0.01722	0.03040	0.02686	0.03105	0.02127	0.01227	0.03871	0.00250	0.00477	0.00780	0.71731	0.00773
3	0.01946	0.02054	0.01916	0.02160	0.12159	0.22636	0.01394	0.02282	0.04261	0.02174	0.02374	0.16693	0.02413	0.05914	0.15314	0.00518	0.01289	0.01079	0.00521	0.00903
4	0.20574	0.00985	0.00887	0.00855	0.01130	0.01050	0.00661	0.02064	0.01659	0.03257	0.02317	0.02655	0.01818	0.00918	0.00564	0.00210	0.00452	0.00692	0.56447	0.00806
5	0.34877	0.02345	0.19569	0.05190	0.11387	0.01815	0.01791	0.02508	0.01621	0.05993	0.01491	0.01871	0.01168	0.04229	0.00846	0.00285	0.00885	0.00605	0.00471	0.01054
6	0.02109	0.02075	0.03320	0.04949	0.62425	0.05295	0.02502	0.02588	0.01915	0.02680	0.01549	0.02028	0.01303	0.00746	0.00819	0.00245	0.01013	0.00730	0.00412	0.01298
7	0.01279	0.00876	0.01119	0.01043	0.01270	0.00796	0.00788	0.01646	0.02299	0.06295	0.55529	0.06248	0.14245	0.01713	0.00973	0.00263	0.00411	0.01499	0.00903	0.00805
8	0.01982	0.01898	0.03237	0.14847	0.56457	0.01954	0.02512	0.02484	0.01856	0.02624	0.01549	0.02080	0.01284	0.00754	0.00824	0.00251	0.01005	0.00740	0.00405	0.01256
9	0.02036	0.01954	0.03336	0.07679	0.63197	0.01969	0.02540	0.02532	0.01882	0.02690	0.01559	0.02063	0.01307	0.00744	0.00823	0.00248	0.00992	0.00740	0.00410	0.01300
10	0.03103	0.03959	0.02354	0.02140	0.02568	0.67469	0.01605	0.03317	0.02354	0.02033	0.01284	0.01498	0.01070	0.00856	0.00749	0.00214	0.01498	0.00535	0.00428	0.00963
11	0.02056	0.01974	0.03372	0.05099	0.65622	0.01974	0.02550	0.02550	0.01892	0.02714	0.01563	0.02056	0.01316	0.00740	0.00822	0.00247	0.00987	0.00740	0.00411	0.01316
12	0.09632	0.02188	0.03281	0.06118	0.17219	0.09600	0.20163	0.02523	0.01774	0.02543	0.01420	0.01932	0.01171	0.00902	0.01239	0.00280	0.15776	0.00757	0.00414	0.01070
13	0.01065	0.00764	0.01011	0.01121	0.01217	0.00710	0.00775	0.01289	0.01836	0.02512	0.24143	0.49584	0.06251	0.02311	0.01034	0.00313	0.00453	0.02084	0.00817	0.00710
14	0.16672	0.01503	0.02236	0.55190	0.04894	0.01849	0.02024	0.02187	0.01611	0.02445	0.01412	0.02041	0.01066	0.00819	0.00767	0.00273	0.01014	0.00680	0.00398	0.00918
15	0.03064	0.03805	0.02401	0.02247	0.05066	0.61873	0.01641	0.06041	0.02408	0.02208	0.01328	0.01543	0.01096	0.00858	0.00756	0.00217	0.01451	0.00553	0.00446	0.00998
16	0.01041	0.00743	0.00996	0.01189	0.01250	0.00699	0.00820	0.01206	0.01618	0.02152	0.04563	0.64974	0.05433	0.02576	0.01068	0.00341	0.00507	0.07370	0.00771	0.00683
17	0.01048	0.00760	0.00997	0.01174	0.01258	0.00710	0.00826	0.01226	0.01654	0.02174	0.04881	0.57901	0.10444	0.02525	0.01064	0.00338	0.00510	0.09053	0.00770	0.00688
18	0.02056	0.01974	0.03372	0.05099	0.65622	0.01974	0.02550	0.02550	0.01892	0.02714	0.01563	0.02056	0.01316	0.00740	0.00822	0.00247	0.00987	0.00740	0.00411	0.01316
19	0.02751	0.02070	0.02231	0.01797	0.02365	0.02295	0.01451	0.46446	0.14137	0.04614	0.02497	0.09101	0.02021	0.01182	0.00857	0.00264	0.00826	0.00945	0.00827	0.01321
20	0.01011	0.00728	0.00958	0.01143	0.01201	0.00676	0.00765	0.01158	0.01604	0.02126	0.04751	0.67459	0.08186	0.02580	0.01057	0.00335	0.00479	0.02334	0.00771	0.00676
21	0.01952	0.01685	0.01769	0.01601	0.02051	0.01923	0.01243	0.04075	0.57575	0.03346	0.03911	0.03614	0.09137	0.01230	0.00860	0.00282	0.00633	0.01025	0.00838	0.01250
22	0.02005	0.25405	0.39559	0.02043	0.03016	0.09845	0.02382	0.02664	0.01802	0.02349	0.01361	0.01592	0.01059	0.00772	0.00704	0.00231	0.01152	0.00551	0.00361	0.01146
23	0.01599	0.01507	0.02546	0.64873	0.09421	0.01854	0.02322	0.02149	0.01675	0.02159	0.01482	0.02205	0.01120	0.00825	0.00830	0.00275	0.01100	0.00738	0.00372	0.00947
24	0.01144	0.00848	0.01066	0.01012	0.01222	0.00770	0.00759	0.01506	0.02276	0.03152	0.55844	0.06500	0.17290	0.01765	0.00980	0.00264	0.00397	0.01544	0.00891	0.00770
25	0.01903	0.32896	0.39976	0.01964	0.02971	0.02509	0.02366	0.02570	0.01726	0.02342	0.01347	0.01574	0.01058	0.00756	0.00680	0.00227	0.01083	0.00541	0.00353	0.01159
26	0.02396	0.01949	0.02064	0.01757	0.02286	0.02221	0.01395	0.22085	0.45913	0.04007	0.02962	0.02765	0.02196	0.01088	0.00841	0.00272	0.00735	0.00881	0.00841	0.01345
27	0.02628	0.40214	0.03430	0.01753	0.02333	0.32918	0.01506	0.02871	0.01996	0.01991	0.01215	0.01409	0.01068	0.00778	0.00633	0.00194	0.01170	0.00486	0.00389	0.01019
28	0.01966	0.40468	0.32952	0.01857	0.02806	0.02662	0.02180	0.02554	0.01718	0.02266	0.01310	0.01527	0.01060	0.00747	0.00651	0.00217	0.01045	0.00522	0.00353	0.01140
29	0.76672	0.01607	0.01221	0.01092	0.01607	0.01864	0.00900	0.02442	0.01414	0.03727	0.01157	0.01350	0.00900	0.00771	0.00514	0.00257	0.00643	0.00450	0.00514	0.00900
30	0.01711	0.04032	0.59288	0.02680	0.10682	0.01934	0.03010	0.02622	0.01770	0.02640	0.01499	0.01788	0.01082	0.00784	0.00793	0.00261	0.01200	0.00628	0.00358	0.01238
31	0.03103	0.03959	0.02354	0.02140	0.02568	0.67469	0.01605	0.03317	0.02354	0.02033	0.01284	0.01498	0.01070	0.00856	0.00749	0.00214	0.01498	0.00535	0.00428	0.00963
32	0.01666	0.04297	0.66500	0.02368	0.03596	0.01929	0.03069	0.02631	0.01754	0.02631	0.01491	0.01754	0.01052	0.00789	0.00789	0.00263	0.01228	0.00614	0.00351	0.01228
33	0.01187	0.00890	0.01335	0.01335	0.01483	0.01038	0.01038	0.01483	0.01335	0.01928	0.02225	0.03264	0.02077	0.06231	0.67512	0.01335	0.02225	0.00890	0.00445	0.00742
34	0.03662	0.01518	0.01992	0.01528	0.02173	0.01376	0.01262	0.10766	0.02552	0.59233	0.03131	0.02732	0.01983	0.01025	0.00835	0.00256	0.00731	0.00825	0.01006	0.01414
35	0.01569	0.01477	0.02492	0.68808	0.05722	0.01846	0.02307	0.02123	0.01661	0.02123	0.01477	0.02215	0.01107	0.00831	0.00831	0.00277	0.01107	0.00738	0.00369	0.00923
36	0.01012	0.00723	0.00964	0.01157	0.01205	0.00675	0.00771	0.01157	0.01591	0.02121	0.04579	0.70262	0.05495	0.02603	0.01060	0.00337	0.00482	0.02362	0.00771	0.00675
37	0.02066	0.01785	0.01878	0.01691	0.02160	0.02066	0.01315	0.04414	0.64121	0.03475	0.03381	0.03099	0.02536	0.01127	0.00845	0.00282	0.00657	0.00939	0.00845	0.01315
38	0.01961	0.02241	0.04902	0.03501	0.04342	0.02101	0.62605	0.02661	0.01961	0.02661	0.01681	0.02241	0.01261	0.00700	0.00980	0.00280	0.01401	0.00980	0.00420	0.01120
39	0.02761	0.01768	0.02002	0.01665	0.02221	0.01900	0.01333	0.14589	0.34853	0.22751	0.03106	0.02823	0.02193	0.01074	0.00840	0.00269	0.00718	0.00874	0.00898	0.01362
40	0.01723	0.01477	0.01723	0.01230	0.01969	0.01107	0.00984	0.02092	0.01723	0.02707	0.01477	0.01723	0.01230	0.00615	0.00615	0.00123	0.00615	0.00492	0.00492	0.75883
41	0.01406	0.01164	0.01455	0.01587	0.08751	0.01157	0.01054	0.02157	0.14605	0.03015	0.31139	0.05559	0.20547	0.01577	0.00935	0.00269	0.00521	0.01365	0.00807	0.00931
42	0.01051	0.00844	0.00937	0.00914	0.01164	0.00731	0.00685	0.01325	0.02056	0.02630	0.28535	0.07361	0.44925	0.01960	0.00981	0.00274	0.00411	0.01664	0.00822	0.00731
43	0.02720	0.03453	0.09846	0.02556	0.11336	0.41417	0.01913	0.08139	0.02288	0.02467	0.01395	0.01666	0.01132	0.00881	0.00893	0.00236	0.05534	0.00602	0.00447	0.01077
44	0.01319	0.00942	0.01316	0.01507	0.01689	0.00939	0.01304	0.01686	0.01893	0.02464	0.04410	0.13132	0.04825	0.02314	0.01142	0.00380	0.00747	0.56469	0.00765	0.00759
45	0.02667	0.03005	0.02739	0.05894	0.25497	0.35743	0.01973	0.07929	0.02288	0.02549	0.01452	0.01770	0.01189	0.00825	0.00786	0.00231	0.01249	0.00635	0.00453	0.01126
46	0.01012	0.00723	0.00964	0.01157	0.01205	0.00675	0.00771	0.01157	0.01591	0.02121	0.04579	0.70262	0.05495	0.02603	0.01060	0.00337	0.00482	0.02362	0.00771	0.00675
47	0.02838	0.02749	0.16210	0.02009	0.02795	0.02438	0.01898	0.49947	0.03445	0.04677	0.01887	0.01943	0.01336	0.00953	0.00822	0.00252	0.00981	0.00719	0.00728	0.01373
48	0.02056	0.01974	0.03372	0.05099	0.65622	0.01974	0.02550	0.02550	0.01892	0.02714	0.01563	0.02056	0.01316	0.00740	0.00822	0.00247	0.00987	0.00740	0.00411	0.01316
49	0.01520	0.01123	0.01314	0.01205	0.01511	0.01129	0.00922	0.02389	0.18375	0.06730	0.36556	0.05491	0.15283	0.01576	0.00937	0.00269	0.00483	0.01358	0.00880	0.00945
50	0.02311	0.02650	0.02359	0.02817	0.22613	0.32018	0.01701	0.02614	0.02106	0.02298	0.02902	0.03071	0.14911	0.01086	0.00823	0.00239	0.01102	0.00862	0.00496	0.01021
51	0.01197	0.00810	0.00952	0.00961	0.00979	0.00823	0.00570	0.01234	0.01239	0.01667	0.02670	0.08252	0.03041	0.61070	0.10490	0.00837	0.00934	0.01230	0.00510	0.00536
52	0.02056	0.01974	0.03372	0.05099	0.65622	0.01974	0.02550	0.02550	0.01892	0.02714	0.01563	0.02056	0.01316	0.00740	0.00822	0.00247	0.00987	0.00740	0.00411	0.01316
53	0.02066	0.01785	0.01878	0.01691	0.02160	0.02066	0.01315	0.04414	0.64121	0.03475	0.03381	0.03099	0.02536	0.01127	0.00845	0.00282	0.00657	0.00939	0.00845	0.01315
54	0.02715	0.02107	0.02244	0.01822	0.02408	0.02369	0.01472	0.39155	0.28324	0.04522	0.02557	0.02443	0.01868	0.01050	0.00837	0.00262	0.00810	0.00826	0.00837	0.01373
55	0.01012	0.00723	0.00964	0.01157	0.01205	0.00675	0.00771	0.01157	0.01591	0.02121	0.04579	0.70262	0.05495	0.02603	0.01060	0.00337	0.00482	0.02362	0.00771	0.00675
56	0.01961	0.02241	0.04902	0.03501	0.04342	0.02101	0.62605	0.02661	0.01961	0.02661	0.01681	0.02241	0.01261	0.00700	0.00980	0.00280	0.01401	0.00980	0.00420	0.01120
57	0.02917	0.18315	0.02789	0.01975	0.02475	0.50676	0.01565	0.05927	0.02284	0.02166	0.01290	0.01486	0.01085	0.00832	0.00707	0.00208	0.01340	0.00526	0.00431	0.01006
58	0.01092	0.00888	0.00973	0.00944	0.01207	0.00790	0.00710	0.01458	0.04915	0.02640	0.25873	0.07211	0.44480	0.01932	0.00975	0.00275	0.00423	0.01637	0.00819	0.00755
59	0.01012	0.00723	0.00964	0.01157	0.01205	0.00675	0.00771	0.01157	0.01591	0.02121	0.04579	0.70262	0.05495	0.02603	0.01060	0.00337	0.00482	0.02362	0.00771	0.00675
60	0.01251	0.00913	0.01155	0.01071	0.01292	0.00857	0.00810	0.04209	0.02393	0.03353	0.59247	0.06123	0.10790	0.01691	0.00973	0.00262	0.00416	0.01484	0.00903	0.00807
61	0.01700	0.04062	0.59463	0.02497	0.03681	0.01949	0.09871	0.02634	0.01778	0.02634	0.01513	0.01810	0.01076	0.00779	0.00811	0.00265	0.01247	0.00656	0.00359	0.01215
62	0.02229	0.01777	0.01994	0.01471	0.02183	0.01626	0.01194	0.23525	0.02493	0.03599	0.01659	0.01819	0.01295	0.00750	0.00691	0.00168	0.00721	0.00582	0.00612	0.49614
63	0.01188	0.00885	0.01310	0.01310	0.01450	0.01025	0.01007	0.01467	0.01328	0.01910	0.02248	0.03390	0.02132	0.09977	0.63841	0.01304	0.02143	0.00909	0.00448	0.00728
64	0.03063	0.01968	0.02209	0.01749	0.02365	0.02109	0.01427	0.34497	0.16937	0.20728	0.02638	0.02458	0.01831	0.01034	0.00835	0.00259	0.00803	0.00813	0.00886	0.01391
65	0.01666	0.04297	0.66500	0.02368	0.03596	0.01929	0.03069	0.02631	0.01754	0.02631	0.01491	0.01754	0.01052	0.00789	0.00789	0.00263	0.01228	0.00614	0.00351	0.01228
66	0.01966	0.01916	0.03001	0.18360	0.45298	0.05566	0.02370	0.02450	0.01870	0.02535	0.01704	0.02510	0.01471	0.00862	0.00840	0.00260	0.01028	0.04390	0.00425	0.01178
67	0.01267	0.00880	0.01079	0.01011	0.01257	0.00785	0.00765	0.01602	0.02219	0.06660	0.44967	0.06534	0.24327	0.01778	0.00972	0.00267	0.00419	0.01537	0.00879	0.00796
68	0.02056	0.01974	0.03372	0.05099	0.65622	0.01974	0.02550	0.02550	0.01892	0.02714	0.01563	0.02056	0.01316	0.00740	0.00822	0.00247	0.00987	0.00740	0.00411	0.01316
69	0.01851	0.26673	0.45747	0.02052	0.03107	0.02383	0.02519	0.02583	0.01732	0.02405	0.01379	0.01613	0.01057	0.00763	0.00704	0.00235	0.01114	0.00557	0.00352	0.01174
70	0.01303	0.00886	0.01035	0.01032	0.01161	0.00848	0.00686	0.04007	0.01674	0.04658	0.09363	0.20924	0.14546	0.31438	0.02374	0.00514	0.00630	0.01563	0.00682	0.00676
71	0.01025	0.00843	0.00902	0.00887	0.01149	0.00720	0.00665	0.01276	0.01996	0.02487	0.21076	0.07596	0.52473	0.02013	0.00981	0.00276	0.00414	0.01697	0.00803	0.00720
72	0.06583	0.02097	0.02314	0.01781	0.02434	0.02251	0.01471	0.47430	0.03464	0.18344	0.02234	0.02146	0.01529	0.00994	0.00818	0.00251	0.00857	0.00753	0.00859	0.01390
73	0.02225	0.01917	0.03226	0.04732	0.59190	0.01898	0.02415	0.02701	0.01941	0.09144	0.01736	0.02134	0.01391	0.00769	0.00824	0.00248	0.00959	0.00750	0.00474	0.01326
74	0.02291	0.02379	0.01902	0.01757	0.02139	0.25110	0.01325	0.06978	0.25830	0.02798	0.02790	0.15967	0.02540	0.01319	0.00853	0.00267	0.00937	0.01070	0.00681	0.01067
75	0.03013	0.12811	0.02602	0.02016	0.02491	0.56056	0.01564	0.03239	0.02267	0.04805	0.01353	0.01534	0.01112	0.00844	0.00724	0.00211	0.01383	0.00536	0.00444	0.00996
76	0.01188	0.00885	0.01312	0.01312	0.01452	0.01026	0.01009	0.01469	0.01328	0.01911	0.02246	0.03381	0.02128	0.09729	0.64083	0.01306	0.02148	0.00907	0.00448	0.00729
77	0.01722	0.11084	0.60205	0.02272	0.03447	0.02067	0.02902	0.02616	0.01747	0.02562	0.01457	0.01711	0.01054	0.00781	0.00763	0.00254	0.01193	0.00597	0.00351	0.01211
78	0.00982	0.00842	0.00842	0.00842	0.01122	0.00701	0.00631	0.01192	0.01894	0.02244	0.08416	0.07995	0.65285	0.02104	0.00982	0.00281	0.00421	0.01753	0.00771	0.00701
79	0.09101	0.02183	0.02677	0.18794	0.05996	0.08445	0.08713	0.27429	0.02676	0.03628	0.01671	0.01975	0.01237	0.00878	0.00812	0.00257	0.01052	0.00725	0.00586	0.01165
80	0.01933	0.01831	0.02778	0.03985	0.45047	0.05753	0.02175	0.02381	0.01926	0.02612	0.02286	0.03931	0.02205	0.01153	0.00903	0.00280	0.00961	0.16205	0.00505	0.01150
81	0.01666	0.04297	0.66500	0.02368	0.03596	0.01929	0.03069	0.02631	0.01754	0.02631	0.01491	0.01754	0.01052	0.00789	0.00789	0.00263	0.01228	0.00614	0.00351	0.01228
82	0.01952	0.01867	0.03183	0.18747	0.52790	0.01946	0.02498	0.02458	0.01842	0.02587	0.01544	0.02090	0.01271	0.00760	0.00824	0.00253	0.01013	0.00740	0.00402	0.01232
83	0.02589	0.02450	0.15888	0.01830	0.02528	0.04962	0.01724	0.23427	0.10791	0.14428	0.08652	0.02631	0.02226	0.01039	0.00836	0.00257	0.00887	0.00825	0.00753	0.01276
84	0.01396	0.01367	0.01262	0.01385	0.04563	0.11781	0.00939	0.01596	0.01855	0.02186	0.05447	0.30232	0.28873	0.02020	0.00965	0.00289	0.00650	0.01733	0.00697	0.00765
85	0.01012	0.00723	0.00964	0.01157	0.01205	0.00675	0.00771	0.01157	0.01591	0.02121	0.04579	0.70262	0.05495	0.02603	0.01060	0.00337	0.00482	0.02362	0.00771	0.00675
86	0.02221	0.71304	0.04353	0.01421	0.02132	0.03287	0.01421	0.02488	0.01688	0.01955	0.01155	0.01333	0.01066	0.00711	0.00533	0.00178	0.00888	0.00444	0.00355	0.01066
87	0.01799	0.17646	0.50582	0.02325	0.06662	0.02205	0.02710	0.02598	0.01748	0.02499	0.01427	0.01686	0.01069	0.00771	0.00740	0.00245	0.01146	0.00587	0.00355	0.01200
88	0.00982	0.00842	0.00842	0.00842	0.01122	0.00701	0.00631	0.01192	0.01894	0.02244	0.08416	0.07995	0.65285	0.02104	0.00982	0.00281	0.00421	0.01753	0.00771	0.00701
89	0.02131	0.02174	0.03262	0.09854	0.50446	0.09452	0.05467	0.02608	0.01929	0.02586	0.01530	0.02015	0.01268	0.00759	0.00823	0.00247	0.01076	0.00729	0.00410	0.01234
90	0.02652	0.03011	0.02199	0.02072	0.05169	0.42272	0.01523	0.10247	0.02307	0.02437	0.01586	0.01963	0.01339	0.02020	0.15070	0.00460	0.01559	0.00647	0.00481	0.00987
91	0.02832	0.01640	0.01969	0.01586	0.02108	0.01712	0.01293	0.27418	0.02744	0.24090	0.02497	0.02595	0.01802	0.02127	0.15109	0.00481	0.01100	0.00808	0.04853	0.01235
92	0.03108	0.03803	0.02367	0.02118	0.02569	0.61264	0.01603	0.09010	0.02503	0.02339	0.01352	0.01546	0.01103	0.00870	0.00757	0.00217	0.01442	0.00555	0.00467	0.01006
93	0.01846	0.16701	0.03093	0.02043	0.02513	0.08601	0.17940	0.02215	0.01674	0.02130	0.01717	0.02442	0.01539	0.06387	0.21449	0.00607	0.04961	0.00793	0.00416	0.00932
94	0.03103	0.03959	0.02354	0.02140	0.02568	0.67469	0.01605	0.03317	0.02354	0.02033	0.01284	0.01498	0.01070	0.00856	0.00749	0.00214	0.01498	0.00535	0.00428	0.00963
95	0.01096	0.00791	0.01054	0.01235	0.01335	0.00750	0.00911	0.01306	0.01693	0.02224	0.04769	0.50521	0.09001	0.02492	0.01078	0.00346	0.00552	0.17378	0.00770	0.00700
96	0.02554	0.26625	0.02987	0.08590	0.02676	0.35958	0.01571	0.02820	0.02036	0.02024	0.01569	0.01796	0.03857	0.00858	0.00693	0.00211	0.01203	0.00577	0.00412	0.00983
97	0.01830	0.01744	0.02964	0.34599	0.37885	0.01915	0.02437	0.02352	0.01785	0.02440	0.01523	0.02130	0.01219	0.00782	0.00826	0.00261	0.01043	0.00739	0.00392	0.01134
98	0.01007	0.00813	0.00897	0.00938	0.01153	0.00703	0.00680	0.01219	0.01862	0.02316	0.12778	0.23049	0.45306	0.02188	0.01001	0.00293	0.00433	0.01879	0.00785	0.00703
99	0.26158	0.02703	0.05022	0.05991	0.05196	0.29235	0.01492	0.02985	0.01969	0.09961	0.01505	0.01684	0.01141	0.00839	0.00695	0.00240	0.01079	0.00568	0.00516	0.01020
100	0.02831	0.25085	0.03009	0.01878	0.02431	0.37531	0.01543	0.11838	0.02372	0.02481	0.01348	0.01519	0.01119	0.00831	0.00693	0.00208	0.01219	0.00538	0.00464	0.01062
101	0.01032	0.00814	0.00931	0.00965	0.01169	0.00713	0.00700	0.01266	0.01920	0.02454	0.20014	0.23002	0.37798	0.02138	0.01001	0.00290	0.00430	0.01848	0.00803	0.00713
102	0.01004	0.00754	0.00932	0.01074	0.01183	0.00682	0.00734	0.01166	0.01670	0.02153	0.05587	0.53895	0.21211	0.02472	0.01040	0.00322	0.00466	0.02202	0.00771	0.00682
103	0.02567	0.01916	0.02050	0.01638	0.02185	0.02064	0.01329	0.46059	0.03340	0.04414	0.03521	0.07241	0.15337	0.01328	0.00877	0.00261	0.00783	0.01057	0.00815	0.01217
104	0.10710	0.01856	0.15373	0.01453	0.02059	0.01286	0.01413	0.02659	0.02079	0.23411	0.18534	0.03786	0.09495	0.01222	0.00839	0.00262	0.00704	0.01002	0.00770	0.01087
105	0.01920	0.01747	0.02799	0.38953	0.26247	0.01974	0.02308	0.09209	0.01998	0.02684	0.01566	0.02134	0.01215	0.00818	0.00828	0.00263	0.01043	0.00740	0.00437	0.01116
106	0.18182	0.06417	0.10060	0.11435	0.02892	0.05710	0.04718	0.08046	0.05531	0.16451	0.01923	0.02043	0.01367	0.00873	0.00745	0.00255	0.00922	0.00677	0.00608	0.01144
107	0.21812	0.02460	0.02320	0.02818	0.24212	0.23385	0.01690	0.02690	0.01919	0.02726	0.01788	0.02055	0.05077	0.00871	0.00728	0.00241	0.01030	0.00660	0.00466	0.01053

[dist]
# distance from previous block
# <min> <max>
3	14

[block]
# block no. 2 follows, 22 sequences, length 14
# corresponding to MSA columns:
# 142-155
name=unknown_C
#
# <colnr> <probs for GDERKNQSTAVLIFYWHMCP>
#	G	D	E	R	K	N	Q	S	T	A	V	L	I	F	Y	W	H	M	C	P
0	0.02405	0.33178	0.10766	0.02188	0.08900	0.18819	0.04193	0.06304	0.02023	0.02350	0.01337	0.01570	0.01119	0.00775	0.00680	0.00212	0.01110	0.00555	0.00409	0.01107
1	0.02403	0.08459	0.09622	0.02073	0.02496	0.29972	0.01782	0.02922	0.08477	0.02236	0.01465	0.01773	0.01229	0.01034	0.01303	0.00266	0.20394	0.00633	0.00440	0.01023
2	0.01874	0.01882	0.02556	0.03489	0.37968	0.08627	0.01906	0.02244	0.01898	0.02472	0.03263	0.03508	0.17725	0.01153	0.00987	0.00260	0.05616	0.00978	0.00502	0.01092
3	0.01024	0.00782	0.00944	0.01056	0.01201	0.00702	0.00748	0.01214	0.01748	0.02238	0.08790	0.42406	0.26785	0.02369	0.01033	0.00316	0.00469	0.04704	0.00778	0.00693
4	0.01624	0.01469	0.02393	0.31021	0.22251	0.01616	0.02058	0.02099	0.01799	0.02383	0.02600	0.04086	0.06360	0.01203	0.00906	0.00291	0.00952	0.13408	0.00493	0.00990
5	0.07931	0.02859	0.02138	0.01841	0.02335	0.32631	0.01433	0.21209	0.06366	0.03230	0.02332	0.02386	0.07701	0.01035	0.00787	0.00238	0.01104	0.00740	0.00616	0.01090
6	0.01584	0.01462	0.02209	0.29770	0.17941	0.01608	0.01832	0.02227	0.08392	0.02433	0.03463	0.03742	0.17627	0.01165	0.00869	0.00271	0.00857	0.01018	0.00532	0.00998
7	0.01188	0.00885	0.01307	0.01307	0.01446	0.01023	0.01004	0.01466	0.01327	0.01908	0.02251	0.03405	0.02138	0.10419	0.63408	0.01301	0.02133	0.00911	0.00449	0.00726
8	0.01635	0.01240	0.01470	0.01308	0.01414	0.01418	0.00924	0.11209	0.01651	0.02264	0.02229	0.04201	0.02398	0.46512	0.03401	0.00633	0.13795	0.01043	0.00529	0.00725
9	0.02044	0.02200	0.02505	0.06752	0.02498	0.14796	0.01811	0.02257	0.01504	0.02014	0.01154	0.01784	0.01088	0.01298	0.02221	0.00329	0.51758	0.00691	0.00376	0.00920
10	0.01187	0.00890	0.01335	0.01335	0.01483	0.01038	0.01038	0.01483	0.01335	0.01928	0.02225	0.03264	0.02077	0.06231	0.67512	0.01335	0.02225	0.00890	0.00445	0.00742
11	0.01012	0.00723	0.00964	0.01157	0.01205	0.00675	0.00771	0.01157	0.01591	0.02121	0.04579	0.70262	0.05495	0.02603	0.01060	0.00337	0.00482	0.02362	0.00771	0.00675
12	0.06726	0.03019	0.13510	0.07561	0.16545	0.24270	0.11427	0.02806	0.01993	0.02480	0.01444	0.01814	0.01141	0.00790	0.00799	0.00246	0.01252	0.00669	0.00412	0.01099
13	0.09702	0.64301	0.04039	0.01388	0.02079	0.03144	0.01369	0.02483	0.01660	0.02133	0.01155	0.01334	0.01049	0.00717	0.00531	0.00186	0.00864	0.00445	0.00371	0.01049

[dist]
# distance from previous block
# <min> <max>
1	3

[block]
# block no. 3 follows, 22 sequences, length 60
# corresponding to MSA columns:
# 159-218
name=unknown_D
#
# <colnr> <probs for GDERKNQSTAVLIFYWHMCP>
#	G	D	E	R	K	N	Q	S	T	A	V	L	I	F	Y	W	H	M	C	P
0	0.02511	0.49692	0.03752	0.01599	0.02272	0.09462	0.01474	0.15670	0.02235	0.02674	0.01350	0.01493	0.01142	0.00787	0.00619	0.00197	0.00954	0.00519	0.00466	0.01131
1	0.01287	0.01012	0.01093	0.01121	0.01187	0.05254	0.00733	0.01387	0.01392	0.01809	0.02892	0.19116	0.03267	0.39406	0.14728	0.00758	0.01036	0.01361	0.00547	0.00615
2	0.76672	0.01607	0.01221	0.01092	0.01607	0.01864	0.00900	0.02442	0.01414	0.03727	0.01157	0.01350	0.00900	0.00771	0.00514	0.00257	0.00643	0.00450	0.00514	0.00900
3	0.01065	0.00745	0.00948	0.01090	0.01125	0.00710	0.00700	0.01170	0.01488	0.01984	0.04054	0.52923	0.04833	0.20845	0.01908	0.00463	0.00568	0.02053	0.00700	0.00629
4	0.02867	0.02270	0.02298	0.01833	0.02431	0.06711	0.01487	0.46639	0.12713	0.04589	0.02519	0.02467	0.05179	0.01070	0.00836	0.00254	0.00887	0.00819	0.00803	0.01328
5	0.01110	0.00796	0.00903	0.00945	0.01024	0.00751	0.00593	0.01193	0.01461	0.01878	0.04476	0.20138	0.18947	0.39022	0.02738	0.00574	0.00640	0.01593	0.00628	0.00589
6	0.01197	0.00801	0.00909	0.00920	0.00923	0.00798	0.00519	0.01205	0.01230	0.01640	0.02729	0.09111	0.03160	0.66939	0.04049	0.00779	0.00787	0.01273	0.00519	0.00513
7	0.01723	0.01477	0.01723	0.01230	0.01969	0.01107	0.00984	0.02092	0.01723	0.02707	0.01477	0.01723	0.01230	0.00615	0.00615	0.00123	0.00615	0.00492	0.00492	0.75883
8	0.01165	0.00849	0.01095	0.01034	0.01234	0.00779	0.00775	0.01546	0.02326	0.03270	0.61966	0.06307	0.11095	0.01721	0.00980	0.00262	0.00394	0.01517	0.00906	0.00779
9	0.01187	0.00890	0.01335	0.01335	0.01483	0.01038	0.01038	0.01483	0.01335	0.01928	0.02225	0.03264	0.02077	0.06231	0.67512	0.01335	0.02225	0.00890	0.00445	0.00742
10	0.02056	0.01974	0.03372	0.05099	0.65622	0.01974	0.02550	0.02550	0.01892	0.02714	0.01563	0.02056	0.01316	0.00740	0.00822	0.00247	0.00987	0.00740	0.00411	0.01316
11	0.02018	0.01729	0.01843	0.01680	0.02131	0.01992	0.01317	0.04235	0.59983	0.03409	0.03449	0.03517	0.02685	0.01205	0.00865	0.00288	0.00665	0.04871	0.00840	0.01278
12	0.01208	0.00805	0.00906	0.00906	0.00906	0.00805	0.00503	0.01208	0.01208	0.01611	0.02618	0.05436	0.03020	0.70804	0.04228	0.00805	0.00805	0.01208	0.00503	0.00503
13	0.01960	0.02548	0.18975	0.04424	0.50291	0.01963	0.02678	0.02570	0.01858	0.02693	0.01545	0.01981	0.01251	0.00752	0.00814	0.00251	0.01046	0.00709	0.00396	0.01294
14	0.03158	0.02327	0.02493	0.01911	0.02576	0.02576	0.01579	0.62852	0.03906	0.05236	0.01995	0.01995	0.01413	0.00997	0.00831	0.00249	0.00914	0.00748	0.00831	0.01413
15	0.03103	0.03959	0.02354	0.02140	0.02568	0.67469	0.01605	0.03317	0.02354	0.02033	0.01284	0.01498	0.01070	0.00856	0.00749	0.00214	0.01498	0.00535	0.00428	0.00963
16	0.02229	0.01703	0.01914	0.01478	0.02101	0.01626	0.01179	0.20920	0.08639	0.06198	0.02087	0.05122	0.01715	0.03950	0.00891	0.00222	0.00717	0.00742	0.00667	0.35900
17	0.02536	0.01859	0.02040	0.01677	0.02159	0.02023	0.01329	0.44696	0.03206	0.04295	0.02663	0.19030	0.02497	0.04687	0.01048	0.00297	0.00802	0.01169	0.00801	0.01187
18	0.01818	0.01818	0.02545	0.02181	0.02181	0.02545	0.01818	0.01999	0.01272	0.01999	0.01091	0.01818	0.01091	0.01454	0.02726	0.00364	0.69284	0.00727	0.00364	0.00909
19	0.01208	0.00805	0.00906	0.00906	0.00906	0.00805	0.00503	0.01208	0.01208	0.01611	0.02618	0.05436	0.03020	0.70804	0.04228	0.00805	0.00805	0.01208	0.00503	0.00503
20	0.15819	0.19969	0.02705	0.01920	0.05523	0.33884	0.01483	0.05517	0.02068	0.02487	0.01275	0.01481	0.01067	0.00805	0.00662	0.00216	0.01145	0.00517	0.00442	0.01015
21	0.02851	0.23216	0.02926	0.01935	0.02444	0.49117	0.01553	0.03080	0.02164	0.02011	0.01247	0.01451	0.01069	0.00815	0.00687	0.00204	0.01324	0.00509	0.00407	0.00993
22	0.02593	0.03101	0.02059	0.01888	0.02281	0.46603	0.01426	0.03090	0.10164	0.02227	0.02277	0.02452	0.07029	0.01531	0.07366	0.00339	0.01366	0.00730	0.00514	0.00963
23	0.01025	0.00772	0.00955	0.01094	0.01216	0.00701	0.00770	0.01204	0.01697	0.02179	0.05638	0.48823	0.22144	0.02443	0.01044	0.00325	0.00484	0.06028	0.00771	0.00688
24	0.05071	0.01587	0.01895	0.16274	0.06858	0.04494	0.01468	0.12873	0.08304	0.02947	0.03657	0.04035	0.17567	0.01577	0.04647	0.00333	0.00893	0.03886	0.00633	0.01001
25	0.03131	0.03129	0.02425	0.02024	0.02572	0.34459	0.01592	0.33602	0.03144	0.03662	0.01645	0.01751	0.01244	0.00928	0.00791	0.00232	0.01201	0.00643	0.00633	0.01192
26	0.03158	0.02327	0.02493	0.01911	0.02576	0.02576	0.01579	0.62852	0.03906	0.05236	0.01995	0.01995	0.01413	0.00997	0.00831	0.00249	0.00914	0.00748	0.00831	0.01413
27	0.01120	0.00804	0.01041	0.01195	0.01274	0.00771	0.00812	0.04271	0.01707	0.02278	0.04448	0.66817	0.05288	0.02522	0.01049	0.00333	0.00504	0.02280	0.00774	0.00712
28	0.01062	0.00771	0.01070	0.01208	0.01285	0.00779	0.00848	0.01250	0.01517	0.02066	0.03906	0.51104	0.04517	0.03640	0.20062	0.00623	0.00980	0.01941	0.00678	0.00694
29	0.01796	0.01520	0.01762	0.01265	0.02000	0.01183	0.01015	0.05206	0.01835	0.02837	0.01503	0.01737	0.01240	0.00635	0.00626	0.00130	0.00631	0.00505	0.00510	0.72067
30	0.01905	0.16898	0.02937	0.02016	0.02170	0.02706	0.01732	0.02105	0.01362	0.01990	0.01104	0.01712	0.01085	0.01293	0.02250	0.00323	0.54440	0.00666	0.00362	0.00943
31	0.01666	0.04297	0.66500	0.02368	0.03596	0.01929	0.03069	0.02631	0.01754	0.02631	0.01491	0.01754	0.01052	0.00789	0.00789	0.00263	0.01228	0.00614	0.00351	0.01228
32	0.01012	0.00723	0.00964	0.01157	0.01205	0.00675	0.00771	0.01157	0.01591	0.02121	0.04579	0.70262	0.05495	0.02603	0.01060	0.00337	0.00482	0.02362	0.00771	0.00675
33	0.01006	0.00749	0.00937	0.01088	0.01187	0.00681	0.00741	0.01164	0.01656	0.02147	0.05412	0.56748	0.18471	0.02494	0.01043	0.00325	0.00469	0.02230	0.00771	0.00681
34	0.01925	0.23169	0.32114	0.02734	0.16664	0.02341	0.05023	0.02573	0.01773	0.02454	0.01417	0.01718	0.01122	0.00752	0.00730	0.00235	0.01084	0.00608	0.00368	0.01195
35	0.01981	0.16864	0.03272	0.03751	0.41999	0.02102	0.02118	0.02408	0.01851	0.02514	0.01911	0.03026	0.01795	0.00973	0.00810	0.00253	0.00931	0.09810	0.00454	0.01177
36	0.63427	0.01736	0.01450	0.01240	0.01781	0.01992	0.01022	0.13326	0.01863	0.03999	0.01308	0.01466	0.00992	0.00812	0.00571	0.00256	0.00692	0.00504	0.00571	0.00992
37	0.01891	0.01405	0.01549	0.01334	0.01677	0.01480	0.01018	0.24938	0.02445	0.03218	0.03854	0.07319	0.17797	0.17056	0.08812	0.00499	0.00891	0.01182	0.00701	0.00935
38	0.01081	0.00786	0.01034	0.01208	0.01310	0.00739	0.00882	0.01284	0.01691	0.02213	0.04917	0.50718	0.11234	0.02486	0.01072	0.00342	0.00538	0.14996	0.00770	0.00697
39	0.02736	0.01959	0.02158	0.01726	0.02282	0.02108	0.01391	0.46432	0.03325	0.07378	0.02499	0.14353	0.02172	0.01273	0.00864	0.00260	0.00814	0.01033	0.00815	0.04421
40	0.03017	0.03366	0.02400	0.06468	0.02778	0.46054	0.01644	0.18923	0.02717	0.02883	0.01484	0.01676	0.01163	0.00892	0.00776	0.00227	0.01319	0.00605	0.00530	0.01079
41	0.05155	0.02829	0.25720	0.03621	0.27805	0.01981	0.15694	0.02598	0.01838	0.02718	0.01545	0.01960	0.01193	0.00750	0.00832	0.00260	0.01146	0.00735	0.00396	0.01224
42	0.02600	0.02754	0.03124	0.02462	0.03050	0.23566	0.20163	0.16245	0.08612	0.03069	0.01758	0.02008	0.01349	0.00897	0.00947	0.00256	0.04678	0.00767	0.00552	0.01142
43	0.01178	0.00872	0.00976	0.00967	0.01090	0.00858	0.00635	0.01386	0.04492	0.01927	0.04393	0.05892	0.21983	0.39994	0.09310	0.00671	0.00820	0.01331	0.00596	0.00627
44	0.01122	0.00802	0.01035	0.01172	0.01252	0.00768	0.00794	0.03851	0.01710	0.02291	0.07325	0.61198	0.05318	0.05635	0.01193	0.00351	0.00511	0.02197	0.00768	0.00704
45	0.01885	0.02291	0.14593	0.17764	0.42046	0.01939	0.02593	0.02476	0.01819	0.02577	0.01532	0.02034	0.01225	0.00768	0.00818	0.00256	0.01055	0.00717	0.00392	0.01219
46	0.03103	0.03959	0.02354	0.02140	0.02568	0.67469	0.01605	0.03317	0.02354	0.02033	0.01284	0.01498	0.01070	0.00856	0.00749	0.00214	0.01498	0.00535	0.00428	0.00963
47	0.02834	0.02081	0.02252	0.01760	0.02335	0.02283	0.01430	0.52751	0.03575	0.04809	0.08267	0.02636	0.02152	0.05661	0.01069	0.00287	0.00855	0.00853	0.00818	0.01291
48	0.02553	0.02746	0.18515	0.02157	0.02975	0.02281	0.08497	0.36427	0.05593	0.04132	0.01872	0.01996	0.01347	0.00903	0.00828	0.00252	0.01021	0.00737	0.00654	0.04515
49	0.02013	0.02118	0.06113	0.17083	0.46975	0.06258	0.02465	0.02521	0.01871	0.02551	0.01524	0.02036	0.01247	0.00768	0.00818	0.00251	0.01055	0.00720	0.00401	0.01213
50	0.06891	0.02085	0.02179	0.17082	0.15905	0.18692	0.01715	0.02348	0.01932	0.02373	0.02871	0.03459	0.12964	0.01142	0.00835	0.00261	0.01007	0.04795	0.00502	0.00962
51	0.01055	0.00800	0.00976	0.01051	0.01213	0.00721	0.00758	0.01286	0.01869	0.02442	0.18949	0.33345	0.25070	0.02231	0.01022	0.00305	0.00457	0.04936	0.00802	0.00712
52	0.01811	0.01402	0.01703	0.01534	0.01749	0.01599	0.01171	0.18980	0.02124	0.02904	0.02775	0.24720	0.02953	0.11857	0.06166	0.00450	0.13195	0.01343	0.00655	0.00908
53	0.01203	0.00826	0.01012	0.01012	0.01049	0.00863	0.00636	0.01276	0.01239	0.01689	0.02521	0.04899	0.02787	0.54844	0.19870	0.00936	0.01156	0.01129	0.00489	0.00562
54	0.01723	0.01477	0.01723	0.01230	0.01969	0.01107	0.00984	0.02092	0.01723	0.02707	0.01477	0.01723	0.01230	0.00615	0.00615	0.00123	0.00615	0.00492	0.00492	0.75883
55	0.01666	0.04297	0.66500	0.02368	0.03596	0.01929	0.03069	0.02631	0.01754	0.02631	0.01491	0.01754	0.01052	0.00789	0.00789	0.00263	0.01228	0.00614	0.00351	0.01228
56	0.01569	0.01477	0.02492	0.68808	0.05722	0.01846	0.02307	0.02123	0.01661	0.02123	0.01477	0.02215	0.01107	0.00831	0.00831	0.00277	0.01107	0.00738	0.00369	0.00923
57	0.71693	0.01548	0.01204	0.01097	0.01580	0.01785	0.00891	0.02357	0.01425	0.03622	0.01382	0.05885	0.01202	0.00892	0.00550	0.00262	0.00632	0.00576	0.00531	0.00885
58	0.02379	0.62224	0.04061	0.01473	0.02160	0.07421	0.01420	0.02646	0.01778	0.06188	0.01303	0.01442	0.01132	0.00741	0.00567	0.00185	0.00917	0.00476	0.00404	0.01082
59	0.01964	0.01483	0.01653	0.01444	0.01835	0.01609	0.01124	0.15928	0.21174	0.05922	0.07685	0.04017	0.12092	0.08090	0.09751	0.00454	0.00878	0.01070	0.00761	0.01067

[dist]
# distance from previous block
# <min> <max>
0	4

# created by:
# /home/cegg/simao/soft/augustus-3.2.1/scripts/msa2prfl.pl ./align_prep/13058.fa
