[name]
unknown

[dist]
# distance from previous block
# <min> <max>
0	0

[block]
# block no. 0 follows, 23 sequences, length 40
# corresponding to MSA columns:
# 0-39
name=unknown_A
#
# <colnr> <probs for GDERKNQSTAVLIFYWHMCP>
#	G	D	E	R	K	N	Q	S	T	A	V	L	I	F	Y	W	H	M	C	P
0	0.01308	0.00934	0.01308	0.01494	0.01681	0.00934	0.01308	0.01681	0.01868	0.02428	0.04296	0.09153	0.04670	0.02242	0.01121	0.00374	0.00747	0.60960	0.00747	0.00747
1	0.03085	0.02273	0.02435	0.01867	0.02516	0.02516	0.01542	0.63716	0.03815	0.05114	0.01948	0.01948	0.01380	0.00974	0.00812	0.00244	0.00893	0.00731	0.00812	0.01380
2	0.02018	0.01743	0.01835	0.01651	0.02110	0.02018	0.01284	0.04312	0.64956	0.03394	0.03303	0.03027	0.02477	0.01101	0.00826	0.00275	0.00642	0.00917	0.00826	0.01284
3	0.01409	0.00705	0.01057	0.01057	0.01057	0.00705	0.00705	0.01057	0.01057	0.01409	0.01409	0.02467	0.01409	0.02819	0.03171	0.76392	0.00705	0.00705	0.00352	0.00352
4	0.00959	0.00822	0.00822	0.00822	0.01096	0.00685	0.00617	0.01165	0.01850	0.02192	0.08220	0.07809	0.66092	0.02055	0.00959	0.00274	0.00411	0.01713	0.00754	0.00685
5	0.03031	0.03867	0.02299	0.02090	0.02508	0.68226	0.01568	0.03240	0.02299	0.01986	0.01254	0.01463	0.01045	0.00836	0.00732	0.00209	0.01463	0.00523	0.00418	0.00941
6	0.02008	0.01928	0.03294	0.04981	0.66422	0.01928	0.02490	0.02490	0.01848	0.02651	0.01526	0.02008	0.01285	0.00723	0.00803	0.00241	0.00964	0.00723	0.00402	0.01285
7	0.02008	0.01928	0.03294	0.04981	0.66422	0.01928	0.02490	0.02490	0.01848	0.02651	0.01526	0.02008	0.01285	0.00723	0.00803	0.00241	0.00964	0.00723	0.00402	0.01285
8	0.01033	0.00725	0.00928	0.01073	0.01109	0.00689	0.00692	0.01142	0.01466	0.01955	0.04026	0.55657	0.04804	0.18608	0.01757	0.00436	0.00544	0.02044	0.00692	0.00620
9	0.00967	0.00789	0.00856	0.00909	0.01119	0.00678	0.00655	0.01155	0.01766	0.02158	0.07166	0.25563	0.49019	0.02192	0.00981	0.00290	0.00428	0.01880	0.00753	0.00678
10	0.03085	0.02273	0.02435	0.01867	0.02516	0.02516	0.01542	0.63716	0.03815	0.05114	0.01948	0.01948	0.01380	0.00974	0.00812	0.00244	0.00893	0.00731	0.00812	0.01380
11	0.01046	0.00792	0.00863	0.00890	0.01028	0.00720	0.00589	0.01165	0.01555	0.01942	0.05554	0.15850	0.33672	0.28275	0.02164	0.00475	0.00561	0.01596	0.00655	0.00608
12	0.03085	0.02273	0.02435	0.01867	0.02516	0.02516	0.01542	0.63716	0.03815	0.05114	0.01948	0.01948	0.01380	0.00974	0.00812	0.00244	0.00893	0.00731	0.00812	0.01380
13	0.01627	0.04197	0.67279	0.02313	0.03512	0.01884	0.02998	0.02570	0.01713	0.02570	0.01456	0.01713	0.01028	0.00771	0.00771	0.00257	0.01199	0.00600	0.00343	0.01199
14	0.01965	0.01884	0.03215	0.10872	0.60869	0.01917	0.02469	0.02452	0.01827	0.02598	0.01519	0.02022	0.01267	0.00731	0.00804	0.00244	0.00975	0.00723	0.00398	0.01250
15	0.01139	0.00822	0.01076	0.01027	0.01210	0.00759	0.00765	0.01508	0.02254	0.03186	0.62456	0.09793	0.07525	0.01710	0.00962	0.00259	0.00388	0.01516	0.00885	0.00759
16	0.00959	0.00822	0.00822	0.00822	0.01096	0.00685	0.00617	0.01165	0.01850	0.02192	0.08220	0.07809	0.66092	0.02055	0.00959	0.00274	0.00411	0.01713	0.00754	0.00685
17	0.01627	0.04197	0.67279	0.02313	0.03512	0.01884	0.02998	0.02570	0.01713	0.02570	0.01456	0.01713	0.01028	0.00771	0.00771	0.00257	0.01199	0.00600	0.00343	0.01199
18	0.03031	0.03867	0.02299	0.02090	0.02508	0.68226	0.01568	0.03240	0.02299	0.01986	0.01254	0.01463	0.01045	0.00836	0.00732	0.00209	0.01463	0.00523	0.00418	0.00941
19	0.01148	0.00829	0.01085	0.01021	0.01212	0.00766	0.00766	0.01531	0.02297	0.03254	0.65994	0.06061	0.07656	0.01659	0.00957	0.00255	0.00383	0.01467	0.00893	0.00766
20	0.00959	0.00822	0.00822	0.00822	0.01096	0.00685	0.00617	0.01165	0.01850	0.02192	0.08220	0.07809	0.66092	0.02055	0.00959	0.00274	0.00411	0.01713	0.00754	0.00685
21	0.02141	0.68379	0.07593	0.01437	0.02158	0.03140	0.01474	0.02437	0.01652	0.01944	0.01145	0.01323	0.01041	0.00698	0.00534	0.00178	0.00885	0.00443	0.00347	0.01050
22	0.03085	0.02273	0.02435	0.01867	0.02516	0.02516	0.01542	0.63716	0.03815	0.05114	0.01948	0.01948	0.01380	0.00974	0.00812	0.00244	0.00893	0.00731	0.00812	0.01380
23	0.01134	0.00779	0.00886	0.00911	0.00943	0.00760	0.00538	0.01172	0.01293	0.01697	0.03345	0.14159	0.09260	0.55850	0.03423	0.00678	0.00710	0.01378	0.00551	0.00532
24	0.02594	0.01615	0.01852	0.01578	0.02096	0.01725	0.01252	0.04185	0.42741	0.25948	0.03267	0.02933	0.02311	0.01067	0.00822	0.00267	0.00659	0.00881	0.00889	0.01319
25	0.03031	0.03867	0.02299	0.02090	0.02508	0.68226	0.01568	0.03240	0.02299	0.01986	0.01254	0.01463	0.01045	0.00836	0.00732	0.00209	0.01463	0.00523	0.00418	0.00941
26	0.01982	0.01901	0.03246	0.08533	0.63074	0.01921	0.02477	0.02467	0.01835	0.02619	0.01522	0.02017	0.01274	0.00728	0.00804	0.00243	0.00970	0.00723	0.00399	0.01264
27	0.03031	0.03867	0.02299	0.02090	0.02508	0.68226	0.01568	0.03240	0.02299	0.01986	0.01254	0.01463	0.01045	0.00836	0.00732	0.00209	0.01463	0.00523	0.00418	0.00941
28	0.02326	0.01674	0.01844	0.01612	0.02103	0.01862	0.01267	0.04244	0.53092	0.15440	0.03283	0.02977	0.02388	0.01083	0.00824	0.00271	0.00651	0.00898	0.00859	0.01303
29	0.01709	0.01537	0.01912	0.01467	0.01982	0.01483	0.01194	0.02017	0.01557	0.02446	0.01334	0.01709	0.01163	0.00835	0.01191	0.00187	0.20452	0.00546	0.00445	0.54831
30	0.00966	0.00795	0.00850	0.00894	0.01115	0.00679	0.00648	0.01156	0.01781	0.02164	0.07347	0.22524	0.51941	0.02169	0.00977	0.00287	0.00425	0.01851	0.00753	0.00679
31	0.01890	0.37083	0.36696	0.01864	0.02818	0.02528	0.02217	0.02502	0.01682	0.02249	0.01297	0.01513	0.01034	0.00734	0.00649	0.00216	0.01038	0.00519	0.00345	0.01123
32	0.03031	0.03867	0.02299	0.02090	0.02508	0.68226	0.01568	0.03240	0.02299	0.01986	0.01254	0.01463	0.01045	0.00836	0.00732	0.00209	0.01463	0.00523	0.00418	0.00941
33	0.00962	0.00811	0.00833	0.00851	0.01104	0.00683	0.00629	0.01161	0.01821	0.02181	0.07864	0.13802	0.60329	0.02101	0.00966	0.00279	0.00417	0.01769	0.00753	0.00683
34	0.01915	0.02189	0.04788	0.03420	0.04241	0.02052	0.63475	0.02599	0.01915	0.02599	0.01642	0.02189	0.01231	0.00684	0.00958	0.00274	0.01368	0.00958	0.00410	0.01094
35	0.03031	0.03867	0.02299	0.02090	0.02508	0.68226	0.01568	0.03240	0.02299	0.01986	0.01254	0.01463	0.01045	0.00836	0.00732	0.00209	0.01463	0.00523	0.00418	0.00941
36	0.01160	0.00887	0.01102	0.01210	0.01433	0.00829	0.01015	0.01462	0.01860	0.02328	0.05958	0.08584	0.30682	0.02163	0.01052	0.00331	0.00605	0.35869	0.00750	0.00721
37	0.01915	0.02189	0.04788	0.03420	0.04241	0.02052	0.63475	0.02599	0.01915	0.02599	0.01642	0.02189	0.01231	0.00684	0.00958	0.00274	0.01368	0.00958	0.00410	0.01094
38	0.59601	0.02182	0.16593	0.01357	0.02022	0.01835	0.01373	0.02428	0.01458	0.03391	0.01206	0.01410	0.00914	0.00757	0.00565	0.00252	0.00761	0.00477	0.00465	0.00953
39	0.01920	0.01640	0.01750	0.01580	0.02009	0.01877	0.01226	0.03999	0.57904	0.03379	0.10358	0.03369	0.03060	0.01164	0.00840	0.00273	0.00613	0.00979	0.00833	0.01226

[dist]
# distance from previous block
# <min> <max>
0	2

[block]
# block no. 1 follows, 23 sequences, length 44
# corresponding to MSA columns:
# 42-85
name=unknown_B
#
# <colnr> <probs for GDERKNQSTAVLIFYWHMCP>
#	G	D	E	R	K	N	Q	S	T	A	V	L	I	F	Y	W	H	M	C	P
0	0.68754	0.01555	0.01331	0.08721	0.02019	0.01818	0.01032	0.02350	0.01408	0.03465	0.01165	0.01413	0.00901	0.00760	0.00537	0.00253	0.00678	0.00471	0.00486	0.00881
1	0.02008	0.01928	0.03294	0.04981	0.66422	0.01928	0.02490	0.02490	0.01848	0.02651	0.01526	0.02008	0.01285	0.00723	0.00803	0.00241	0.00964	0.00723	0.00402	0.01285
2	0.00959	0.00822	0.00822	0.00822	0.01096	0.00685	0.00617	0.01165	0.01850	0.02192	0.08220	0.07809	0.66092	0.02055	0.00959	0.00274	0.00411	0.01713	0.00754	0.00685
3	0.00959	0.00822	0.00822	0.00822	0.01096	0.00685	0.00617	0.01165	0.01850	0.02192	0.08220	0.07809	0.66092	0.02055	0.00959	0.00274	0.00411	0.01713	0.00754	0.00685
4	0.03072	0.02642	0.02404	0.01919	0.02515	0.17736	0.01548	0.49709	0.03464	0.04389	0.01787	0.01836	0.01302	0.00942	0.00793	0.00236	0.01025	0.00682	0.00721	0.01278
5	0.02008	0.01928	0.03294	0.04981	0.66422	0.01928	0.02490	0.02490	0.01848	0.02651	0.01526	0.02008	0.01285	0.00723	0.00803	0.00241	0.00964	0.00723	0.00402	0.01285
6	0.01148	0.00829	0.01085	0.01021	0.01212	0.00766	0.00766	0.01531	0.02297	0.03254	0.65994	0.06061	0.07656	0.01659	0.00957	0.00255	0.00383	0.01467	0.00893	0.00766
7	0.00959	0.00822	0.00822	0.00822	0.01096	0.00685	0.00617	0.01165	0.01850	0.02192	0.08220	0.07809	0.66092	0.02055	0.00959	0.00274	0.00411	0.01713	0.00754	0.00685
8	0.03085	0.02273	0.02435	0.01867	0.02516	0.02516	0.01542	0.63716	0.03815	0.05114	0.01948	0.01948	0.01380	0.00974	0.00812	0.00244	0.00893	0.00731	0.00812	0.01380
9	0.03085	0.02273	0.02435	0.01867	0.02516	0.02516	0.01542	0.63716	0.03815	0.05114	0.01948	0.01948	0.01380	0.00974	0.00812	0.00244	0.00893	0.00731	0.00812	0.01380
10	0.02008	0.01928	0.03294	0.04981	0.66422	0.01928	0.02490	0.02490	0.01848	0.02651	0.01526	0.02008	0.01285	0.00723	0.00803	0.00241	0.00964	0.00723	0.00402	0.01285
11	0.01159	0.00869	0.01304	0.01304	0.01449	0.01014	0.01014	0.01449	0.01304	0.01884	0.02173	0.03188	0.02029	0.06086	0.68268	0.01304	0.02173	0.00869	0.00435	0.00724
12	0.01180	0.00787	0.00885	0.00885	0.00885	0.00787	0.00492	0.01180	0.01180	0.01573	0.02557	0.05310	0.02950	0.71483	0.04130	0.00787	0.00787	0.01180	0.00492	0.00492
13	0.01180	0.00787	0.00885	0.00885	0.00885	0.00787	0.00492	0.01180	0.01180	0.01573	0.02557	0.05310	0.02950	0.71483	0.04130	0.00787	0.00787	0.01180	0.00492	0.00492
14	0.02008	0.01928	0.03294	0.04981	0.66422	0.01928	0.02490	0.02490	0.01848	0.02651	0.01526	0.02008	0.01285	0.00723	0.00803	0.00241	0.00964	0.00723	0.00402	0.01285
15	0.03031	0.03867	0.02299	0.02090	0.02508	0.68226	0.01568	0.03240	0.02299	0.01986	0.01254	0.01463	0.01045	0.00836	0.00732	0.00209	0.01463	0.00523	0.00418	0.00941
16	0.02169	0.71972	0.04252	0.01388	0.02083	0.03211	0.01388	0.02430	0.01649	0.01909	0.01128	0.01302	0.01041	0.00694	0.00521	0.00174	0.00868	0.00434	0.00347	0.01041
17	0.02169	0.71972	0.04252	0.01388	0.02083	0.03211	0.01388	0.02430	0.01649	0.01909	0.01128	0.01302	0.01041	0.00694	0.00521	0.00174	0.00868	0.00434	0.00347	0.01041
18	0.00959	0.00822	0.00822	0.00822	0.01096	0.00685	0.00617	0.01165	0.01850	0.02192	0.08220	0.07809	0.66092	0.02055	0.00959	0.00274	0.00411	0.01713	0.00754	0.00685
19	0.01476	0.00815	0.00930	0.05501	0.01316	0.00856	0.00731	0.01855	0.01653	0.02836	0.02513	0.02984	0.02006	0.01494	0.07936	0.00316	0.00621	0.00766	0.62631	0.00763
20	0.01159	0.00869	0.01304	0.01304	0.01449	0.01014	0.01014	0.01449	0.01304	0.01884	0.02173	0.03188	0.02029	0.06086	0.68268	0.01304	0.02173	0.00869	0.00435	0.00724
21	0.02972	0.08507	0.02432	0.02043	0.02479	0.63796	0.01556	0.03185	0.02255	0.01981	0.01246	0.01452	0.01045	0.00826	0.00717	0.00207	0.01423	0.00517	0.00413	0.00948
22	0.03052	0.01845	0.02418	0.02423	0.17144	0.01863	0.01625	0.26188	0.02776	0.28714	0.02340	0.02280	0.01604	0.00928	0.00811	0.00246	0.00830	0.00762	0.00792	0.01358
23	0.02219	0.02450	0.02698	0.23052	0.26508	0.24658	0.02104	0.02625	0.01936	0.02252	0.01408	0.01867	0.01143	0.00788	0.00781	0.00239	0.01170	0.00654	0.00395	0.01054
24	0.02594	0.12750	0.17625	0.02051	0.02686	0.44430	0.01876	0.02980	0.02079	0.02111	0.01285	0.01500	0.01041	0.00803	0.00713	0.00216	0.01325	0.00529	0.00391	0.01014
25	0.00989	0.00706	0.00942	0.01130	0.01177	0.00659	0.00753	0.01130	0.01554	0.02071	0.04472	0.70954	0.05367	0.02542	0.01036	0.00330	0.00471	0.02307	0.00753	0.00659
26	0.08227	0.56036	0.13466	0.01501	0.02255	0.02898	0.01588	0.02447	0.01636	0.02150	0.01177	0.01365	0.01026	0.00711	0.00557	0.00192	0.00898	0.00459	0.00359	0.01052
27	0.01180	0.00787	0.00885	0.00885	0.00885	0.00787	0.00492	0.01180	0.01180	0.01573	0.02557	0.05310	0.02950	0.71483	0.04130	0.00787	0.00787	0.01180	0.00492	0.00492
28	0.02263	0.02452	0.02886	0.03933	0.44484	0.21525	0.02131	0.02652	0.01982	0.02433	0.01752	0.02112	0.04181	0.00818	0.00789	0.00233	0.01087	0.00709	0.00423	0.01156
29	0.01409	0.00705	0.01057	0.01057	0.01057	0.00705	0.00705	0.01057	0.01057	0.01409	0.01409	0.02467	0.01409	0.02819	0.03171	0.76392	0.00705	0.00705	0.00352	0.00352
30	0.02006	0.02793	0.17019	0.01853	0.02336	0.26062	0.01703	0.02415	0.01778	0.02129	0.01625	0.02124	0.01382	0.02453	0.21368	0.00560	0.05416	0.00666	0.03386	0.00925
31	0.01133	0.00828	0.01102	0.04263	0.01448	0.00805	0.00896	0.01382	0.01767	0.02371	0.18830	0.29908	0.08432	0.09878	0.01365	0.00366	0.00564	0.13228	0.00738	0.00695
32	0.02067	0.02039	0.03237	0.04815	0.62770	0.05716	0.02438	0.02533	0.01873	0.02613	0.01511	0.01977	0.01272	0.00729	0.00799	0.00239	0.00992	0.00712	0.00403	0.01266
33	0.02283	0.02132	0.02895	0.09210	0.39860	0.08278	0.02142	0.14924	0.04939	0.03068	0.01654	0.02001	0.01316	0.00807	0.00800	0.00242	0.00993	0.00714	0.00500	0.01241
34	0.01627	0.09673	0.10173	0.15057	0.21446	0.01695	0.01874	0.02048	0.01728	0.02288	0.02874	0.03395	0.13891	0.01177	0.00936	0.04172	0.00873	0.03624	0.00462	0.00988
35	0.02228	0.01765	0.02225	0.23366	0.09333	0.06328	0.01709	0.09925	0.16034	0.11051	0.02131	0.02362	0.01580	0.01027	0.00944	0.04608	0.00906	0.00764	0.00605	0.01110
36	0.01961	0.01869	0.03182	0.04774	0.62781	0.01877	0.02408	0.02432	0.01817	0.02608	0.01563	0.02074	0.01327	0.01023	0.04584	0.00301	0.01032	0.00731	0.00404	0.01254
37	0.01808	0.01724	0.02932	0.32096	0.40869	0.01875	0.02391	0.02315	0.01753	0.02408	0.01491	0.02073	0.01200	0.00760	0.00807	0.00253	0.01013	0.00722	0.00384	0.01124
38	0.01874	0.01612	0.02331	0.38167	0.11123	0.01844	0.01913	0.16285	0.02184	0.02857	0.02405	0.02793	0.09194	0.00993	0.00829	0.00261	0.00942	0.00846	0.00518	0.01028
39	0.11229	0.01647	0.02527	0.29814	0.28207	0.01824	0.02060	0.04683	0.01778	0.02620	0.01804	0.02280	0.04492	0.00840	0.00777	0.00256	0.00937	0.00738	0.00432	0.01055
40	0.01815	0.01741	0.02918	0.04157	0.51713	0.01709	0.05013	0.02256	0.01851	0.02566	0.02740	0.03064	0.12980	0.00962	0.00839	0.00248	0.00883	0.00913	0.00466	0.01168
41	0.01750	0.01646	0.02508	0.21987	0.32072	0.04295	0.01994	0.02219	0.04252	0.02353	0.02357	0.02797	0.09042	0.01070	0.00984	0.05441	0.00920	0.00840	0.00446	0.01029
42	0.05142	0.01588	0.02526	0.18522	0.37124	0.01654	0.02001	0.02135	0.01776	0.02477	0.02784	0.03134	0.13761	0.01002	0.00821	0.00254	0.00868	0.00901	0.00465	0.01064
43	0.06294	0.01984	0.02810	0.19544	0.37170	0.07409	0.02180	0.08123	0.01988	0.02743	0.01501	0.01956	0.01203	0.00778	0.00783	0.00246	0.01008	0.00691	0.00437	0.01152

[dist]
# distance from previous block
# <min> <max>
20	66

[block]
# block no. 2 follows, 23 sequences, length 35
# corresponding to MSA columns:
# 155-189
name=unknown_C
#
# <colnr> <probs for GDERKNQSTAVLIFYWHMCP>
#	G	D	E	R	K	N	Q	S	T	A	V	L	I	F	Y	W	H	M	C	P
0	0.01906	0.08167	0.02020	0.01685	0.05331	0.06874	0.01280	0.16620	0.02117	0.02808	0.06634	0.02728	0.02080	0.03331	0.31889	0.00724	0.01492	0.00805	0.00547	0.00961
1	0.01355	0.06600	0.01559	0.01308	0.01564	0.01316	0.01057	0.01893	0.10045	0.02215	0.03786	0.04581	0.17041	0.03443	0.28390	0.00699	0.04977	0.06764	0.00580	0.00826
2	0.02401	0.11106	0.02268	0.01758	0.02157	0.34325	0.01386	0.09022	0.02098	0.02278	0.01573	0.01984	0.01359	0.02323	0.19883	0.00519	0.01532	0.00632	0.00456	0.00938
3	0.02519	0.06962	0.10775	0.01900	0.02394	0.44748	0.01613	0.02850	0.02058	0.02149	0.01473	0.01762	0.01213	0.01219	0.05705	0.00293	0.01348	0.00576	0.07498	0.00947
4	0.02047	0.02495	0.05298	0.01828	0.07003	0.31993	0.01341	0.02328	0.02083	0.02232	0.08392	0.03971	0.23198	0.01290	0.00832	0.00239	0.00980	0.01008	0.00559	0.00884
5	0.02077	0.05504	0.06989	0.01811	0.02215	0.29188	0.05070	0.02408	0.01817	0.02071	0.01681	0.02212	0.01457	0.02726	0.25241	0.00611	0.01622	0.00686	0.03726	0.00887
6	0.02196	0.02760	0.16279	0.01987	0.07090	0.22145	0.01696	0.08263	0.02173	0.06677	0.03173	0.03203	0.16694	0.01128	0.00813	0.00243	0.01014	0.00877	0.00555	0.01031
7	0.02930	0.11827	0.02528	0.02008	0.02459	0.60627	0.01547	0.03145	0.02223	0.01977	0.01240	0.01444	0.01045	0.00820	0.00707	0.00205	0.01394	0.00512	0.00410	0.00952
8	0.09193	0.02643	0.25275	0.01823	0.02554	0.01929	0.01876	0.25038	0.02419	0.03502	0.01934	0.02690	0.01615	0.08168	0.01130	0.00314	0.00956	0.05232	0.00577	0.01130
9	0.01817	0.01817	0.02366	0.07772	0.33078	0.10333	0.01795	0.02242	0.04002	0.02404	0.03008	0.10986	0.12598	0.01192	0.00848	0.00256	0.00877	0.01053	0.00515	0.01040
10	0.14125	0.23601	0.14262	0.01703	0.02414	0.10161	0.01653	0.17865	0.02236	0.03107	0.01406	0.01558	0.01099	0.00804	0.00659	0.00222	0.00965	0.00549	0.00495	0.01117
11	0.08976	0.01594	0.01951	0.17160	0.06299	0.01678	0.01432	0.14979	0.06794	0.03116	0.02556	0.02741	0.09860	0.00977	0.00759	0.00231	0.00772	0.00792	0.00581	0.16752
12	0.02633	0.02884	0.02181	0.02093	0.06450	0.37660	0.01511	0.03602	0.24438	0.05328	0.02080	0.02108	0.01609	0.00930	0.00773	0.00236	0.01107	0.00688	0.00586	0.01103
13	0.01504	0.05045	0.02053	0.01663	0.01908	0.05697	0.09737	0.01779	0.01443	0.01943	0.01940	0.03071	0.01868	0.15828	0.32956	0.00843	0.08637	0.00875	0.00428	0.00782
14	0.01151	0.00836	0.01051	0.01168	0.01277	0.00806	0.00806	0.06034	0.01750	0.02318	0.04518	0.61441	0.09005	0.02388	0.01013	0.00319	0.00500	0.02145	0.00758	0.00717
15	0.02635	0.02871	0.02631	0.03019	0.24237	0.32982	0.01863	0.11370	0.05795	0.02720	0.01555	0.01801	0.01252	0.00831	0.00772	0.00228	0.01170	0.00641	0.00489	0.01137
16	0.00959	0.00822	0.00822	0.00822	0.01096	0.00685	0.00617	0.01165	0.01850	0.02192	0.08220	0.07809	0.66092	0.02055	0.00959	0.00274	0.00411	0.01713	0.00754	0.00685
17	0.02169	0.71972	0.04252	0.01388	0.02083	0.03211	0.01388	0.02430	0.01649	0.01909	0.01128	0.01302	0.01041	0.00694	0.00521	0.00174	0.00868	0.00434	0.00347	0.01041
18	0.01734	0.09126	0.51638	0.02687	0.13925	0.01996	0.02787	0.02545	0.01731	0.02532	0.01442	0.01730	0.01072	0.00757	0.00757	0.00248	0.01134	0.00607	0.00353	0.01201
19	0.02630	0.01968	0.02137	0.01734	0.02285	0.02162	0.01428	0.46344	0.09712	0.04435	0.02768	0.03279	0.06085	0.01205	0.00859	0.00264	0.00819	0.07832	0.00802	0.01251
20	0.01382	0.01197	0.01732	0.01603	0.01696	0.01547	0.01290	0.01631	0.01282	0.01909	0.01772	0.02676	0.01680	0.04396	0.44509	0.00960	0.26736	0.00812	0.00406	0.00784
21	0.01164	0.00981	0.01382	0.01319	0.01503	0.01003	0.04950	0.01407	0.01668	0.02210	0.09530	0.26717	0.21360	0.02504	0.09007	0.00422	0.07822	0.03650	0.00664	0.00737
22	0.12521	0.02029	0.02202	0.09024	0.02675	0.02290	0.01502	0.42076	0.10416	0.04392	0.01945	0.02015	0.01410	0.00942	0.00773	0.00251	0.00849	0.00713	0.00724	0.01251
23	0.02450	0.02410	0.02050	0.01785	0.02275	0.20835	0.01387	0.12931	0.34452	0.03216	0.02415	0.02347	0.01835	0.00979	0.00785	0.00243	0.00911	0.00753	0.00689	0.05252
24	0.02476	0.01590	0.01805	0.01420	0.01966	0.01570	0.01145	0.25957	0.02603	0.14414	0.02327	0.06693	0.01821	0.00995	0.00741	0.00214	0.00683	0.00797	0.13130	0.17653
25	0.01418	0.01106	0.01347	0.01254	0.01540	0.01099	0.00934	0.05778	0.08554	0.02442	0.03116	0.22464	0.05936	0.08120	0.16695	0.00538	0.00956	0.01267	0.00620	0.14816
26	0.01949	0.06150	0.01883	0.01483	0.01894	0.09262	0.03818	0.14390	0.02236	0.05595	0.06065	0.20780	0.11310	0.01476	0.00855	0.00252	0.00747	0.01251	0.00676	0.07928
27	0.04408	0.04301	0.01122	0.01136	0.01241	0.00841	0.00791	0.01264	0.01576	0.02173	0.06257	0.62204	0.05032	0.02341	0.00984	0.00316	0.00494	0.02103	0.00727	0.00691
28	0.02744	0.19298	0.02717	0.01863	0.02358	0.42234	0.01496	0.09950	0.02274	0.02324	0.01351	0.01568	0.01132	0.01081	0.04058	0.00259	0.01295	0.00543	0.00448	0.01004
29	0.15661	0.01660	0.04216	0.02380	0.20187	0.01616	0.01522	0.06086	0.07873	0.16298	0.10064	0.02794	0.04233	0.00991	0.00777	0.00251	0.00734	0.00827	0.00674	0.01153
30	0.02335	0.14595	0.10477	0.07770	0.20107	0.26734	0.02005	0.02737	0.01950	0.02228	0.01344	0.01665	0.01110	0.00772	0.00726	0.00222	0.01169	0.00586	0.00389	0.01078
31	0.02024	0.01896	0.05143	0.02956	0.29104	0.06609	0.01748	0.12476	0.02052	0.02813	0.01849	0.02587	0.01627	0.11450	0.07023	0.00406	0.01039	0.00785	0.05336	0.01076
32	0.01780	0.02048	0.18819	0.01797	0.04166	0.01553	0.01696	0.02244	0.01798	0.10928	0.15946	0.03116	0.04839	0.01512	0.05564	0.00339	0.16070	0.00894	0.00579	0.04312
33	0.14063	0.01449	0.01757	0.08132	0.10585	0.01519	0.01308	0.12986	0.02145	0.07870	0.05577	0.03859	0.16543	0.01231	0.00806	0.00260	0.00704	0.04247	0.03960	0.01000
34	0.12112	0.19008	0.27776	0.02232	0.11122	0.02263	0.02104	0.09659	0.01917	0.02869	0.01403	0.01631	0.01086	0.00768	0.00686	0.00233	0.00979	0.00571	0.00428	0.01152

[dist]
# distance from previous block
# <min> <max>
4	12

[block]
# block no. 3 follows, 23 sequences, length 15
# corresponding to MSA columns:
# 202-216
name=unknown_D
#
# <colnr> <probs for GDERKNQSTAVLIFYWHMCP>
#	G	D	E	R	K	N	Q	S	T	A	V	L	I	F	Y	W	H	M	C	P
0	0.08046	0.02461	0.16454	0.10137	0.26465	0.09937	0.02135	0.02410	0.01812	0.02524	0.02129	0.02438	0.07853	0.00897	0.00780	0.00248	0.01004	0.00751	0.00431	0.01088
1	0.06637	0.01969	0.03105	0.04220	0.50452	0.02014	0.04849	0.11559	0.02114	0.03072	0.01570	0.01966	0.01273	0.00760	0.00793	0.00243	0.00951	0.00717	0.00469	0.01267
2	0.01780	0.08121	0.17242	0.01940	0.08249	0.01714	0.01668	0.13523	0.01968	0.02715	0.02105	0.10057	0.01977	0.08848	0.13992	0.00505	0.01156	0.00918	0.00514	0.01009
3	0.08883	0.01673	0.01369	0.01281	0.01626	0.15024	0.00972	0.04120	0.08347	0.04866	0.04823	0.11710	0.29120	0.01561	0.00853	0.00263	0.00705	0.01263	0.00678	0.00862
4	0.02212	0.01849	0.01776	0.01563	0.01909	0.11842	0.01185	0.23567	0.08922	0.03127	0.02412	0.15218	0.02288	0.05726	0.01388	0.11517	0.00841	0.01037	0.00655	0.00963
5	0.01507	0.01304	0.01980	0.01701	0.02060	0.01283	0.13927	0.08232	0.07135	0.02661	0.04217	0.26229	0.15237	0.01756	0.00973	0.00298	0.00730	0.07189	0.00694	0.00888
6	0.09673	0.01947	0.09298	0.03182	0.33465	0.01737	0.01927	0.09020	0.01975	0.02918	0.02443	0.09117	0.07755	0.01061	0.00807	0.00256	0.00846	0.00928	0.00519	0.01127
7	0.01852	0.02320	0.16439	0.14898	0.43493	0.01899	0.02557	0.02439	0.01783	0.02540	0.01498	0.01972	0.01199	0.00747	0.00798	0.00249	0.01032	0.00697	0.00383	0.01205
8	0.02315	0.21007	0.12158	0.02130	0.08515	0.22898	0.01760	0.03067	0.13957	0.02382	0.01667	0.01807	0.01338	0.00830	0.00707	0.00222	0.01067	0.00605	0.00465	0.01102
9	0.02175	0.16561	0.02434	0.01928	0.08819	0.26532	0.01383	0.02493	0.03793	0.02162	0.05122	0.02683	0.08308	0.04373	0.04903	0.00303	0.01088	0.00752	0.00477	0.03711
10	0.02094	0.01927	0.01687	0.01508	0.01880	0.16820	0.01176	0.14161	0.10851	0.03039	0.08957	0.03594	0.09795	0.01622	0.06333	0.00331	0.00930	0.03661	0.08654	0.00979
11	0.01707	0.01530	0.01895	0.01700	0.01969	0.01821	0.03588	0.02887	0.31126	0.02685	0.03160	0.14942	0.06366	0.01479	0.01352	0.00305	0.18629	0.01158	0.00671	0.01028
12	0.01608	0.01373	0.01184	0.01164	0.01363	0.13661	0.00853	0.01863	0.01693	0.02320	0.02939	0.10560	0.07541	0.08762	0.12897	0.00467	0.00951	0.01014	0.27042	0.00745
13	0.02621	0.21997	0.02908	0.02018	0.05278	0.35330	0.01581	0.07610	0.02109	0.02238	0.01267	0.01515	0.01084	0.00865	0.00888	0.00219	0.08494	0.00544	0.00422	0.01013
14	0.02342	0.01987	0.02722	0.02130	0.02669	0.02199	0.14333	0.28056	0.14608	0.03665	0.02068	0.02287	0.01578	0.01403	0.06560	0.00354	0.08369	0.00823	0.00652	0.01197

[dist]
# distance from previous block
# <min> <max>
67	198

[block]
# block no. 4 follows, 23 sequences, length 6
# corresponding to MSA columns:
# 430-435
name=unknown_E
#
# <colnr> <probs for GDERKNQSTAVLIFYWHMCP>
#	G	D	E	R	K	N	Q	S	T	A	V	L	I	F	Y	W	H	M	C	P
0	0.12080	0.01854	0.02205	0.02280	0.15640	0.02008	0.01522	0.27820	0.09635	0.03960	0.10637	0.02559	0.02272	0.01000	0.00791	0.00249	0.00776	0.00812	0.00698	0.01201
1	0.02046	0.02000	0.08479	0.01658	0.02109	0.07961	0.01403	0.21038	0.10947	0.03201	0.02663	0.19110	0.02516	0.01937	0.08702	0.00390	0.00989	0.01126	0.00670	0.01054
2	0.04865	0.01827	0.11661	0.01604	0.02046	0.01584	0.01424	0.10501	0.08861	0.02826	0.02605	0.23534	0.02612	0.01453	0.01079	0.00276	0.09688	0.01180	0.00613	0.09761
3	0.10579	0.01793	0.01722	0.01492	0.01912	0.10214	0.01167	0.17197	0.09762	0.09476	0.14793	0.10818	0.03151	0.01264	0.00823	0.00257	0.00741	0.01027	0.00755	0.01054
4	0.02455	0.11349	0.10016	0.02275	0.09158	0.09655	0.10111	0.09878	0.02138	0.15187	0.01887	0.02096	0.01412	0.01323	0.07153	0.00337	0.01143	0.00713	0.00559	0.01155
5	0.01540	0.01481	0.04859	0.01886	0.04888	0.01333	0.14915	0.08914	0.02050	0.02672	0.04453	0.13752	0.22556	0.01605	0.00959	0.00289	0.00788	0.09500	0.00651	0.00908

[dist]
# distance from previous block
# <min> <max>
0	1

[block]
# block no. 5 follows, 23 sequences, length 12
# corresponding to MSA columns:
# 437-448
name=unknown_F
#
# <colnr> <probs for GDERKNQSTAVLIFYWHMCP>
#	G	D	E	R	K	N	Q	S	T	A	V	L	I	F	Y	W	H	M	C	P
0	0.02451	0.05833	0.23819	0.02005	0.02785	0.11683	0.01994	0.26396	0.09074	0.03525	0.01793	0.01886	0.01315	0.00889	0.00777	0.00244	0.01049	0.00665	0.00584	0.01234
1	0.02812	0.02563	0.02937	0.02259	0.02902	0.15134	0.15449	0.38289	0.03095	0.03944	0.01745	0.01908	0.01282	0.00882	0.00829	0.00244	0.01110	0.00741	0.00645	0.01231
2	0.02897	0.02136	0.02325	0.01812	0.02412	0.02370	0.01491	0.57654	0.03571	0.04799	0.01970	0.02069	0.01443	0.01472	0.07379	0.00347	0.01018	0.00744	0.00775	0.01316
3	0.01792	0.01247	0.01389	0.01228	0.01464	0.01328	0.00885	0.20863	0.02100	0.02895	0.02523	0.09778	0.02529	0.31931	0.06426	0.00546	0.00836	0.01078	0.08336	0.00827
4	0.02928	0.03652	0.02252	0.02046	0.02468	0.61516	0.01539	0.03349	0.08649	0.02129	0.01462	0.01622	0.01190	0.00863	0.00741	0.00216	0.01380	0.00563	0.00459	0.00976
5	0.02725	0.02088	0.02318	0.08413	0.02736	0.02349	0.01561	0.46102	0.15554	0.04482	0.02164	0.02180	0.01565	0.00983	0.00814	0.00252	0.00862	0.00766	0.00771	0.01315
6	0.02668	0.03179	0.02652	0.03116	0.25189	0.44699	0.01895	0.02974	0.02139	0.02222	0.01351	0.01657	0.01130	0.00796	0.00757	0.00220	0.01286	0.00594	0.00412	0.01063
7	0.01238	0.01110	0.01695	0.01476	0.01780	0.01058	0.11409	0.01561	0.01859	0.02412	0.14033	0.13285	0.29357	0.01805	0.01085	0.00294	0.04669	0.08403	0.00691	0.00782
8	0.01863	0.01376	0.01606	0.01407	0.01668	0.01522	0.01060	0.23456	0.02186	0.02966	0.02426	0.11666	0.02426	0.22820	0.13310	0.00600	0.05052	0.01080	0.00620	0.00890
9	0.02389	0.02088	0.06302	0.01528	0.01930	0.16384	0.01218	0.13581	0.02141	0.13420	0.02185	0.03153	0.01943	0.25956	0.01969	0.00431	0.00971	0.00849	0.00609	0.00954
10	0.01944	0.26798	0.28928	0.01863	0.02652	0.08408	0.02035	0.02579	0.04990	0.02332	0.04851	0.01854	0.01466	0.00855	0.00812	0.00231	0.05305	0.00606	0.00406	0.01084
11	0.02769	0.12393	0.13075	0.01956	0.02605	0.30102	0.04959	0.03152	0.02103	0.16860	0.01732	0.01815	0.01270	0.00837	0.00741	0.00225	0.01160	0.00613	0.00529	0.01104

[dist]
# distance from previous block
# <min> <max>
0	1

[block]
# block no. 6 follows, 23 sequences, length 94
# corresponding to MSA columns:
# 450-543
name=unknown_G
#
# <colnr> <probs for GDERKNQSTAVLIFYWHMCP>
#	G	D	E	R	K	N	Q	S	T	A	V	L	I	F	Y	W	H	M	C	P
0	0.02055	0.02671	0.13193	0.21534	0.13790	0.18853	0.08362	0.02564	0.01857	0.02269	0.01412	0.01872	0.01110	0.00813	0.00884	0.00252	0.04411	0.00674	0.00384	0.01039
1	0.01768	0.07783	0.45505	0.02824	0.17570	0.01984	0.02694	0.02633	0.05008	0.02589	0.01547	0.01822	0.01162	0.00772	0.00765	0.00249	0.01097	0.00634	0.00381	0.01213
2	0.02925	0.11037	0.02546	0.02107	0.05662	0.50191	0.01570	0.06236	0.02284	0.06222	0.01411	0.01579	0.01134	0.00832	0.00721	0.00211	0.01295	0.00552	0.00466	0.01019
3	0.01181	0.00862	0.01270	0.01270	0.01418	0.00998	0.00986	0.01476	0.01329	0.01955	0.02203	0.03178	0.02032	0.05765	0.64047	0.01235	0.02062	0.00862	0.05145	0.00726
4	0.17281	0.01100	0.01194	0.01179	0.01472	0.01155	0.00952	0.01994	0.08266	0.02931	0.17039	0.05452	0.12637	0.01768	0.03886	0.00331	0.00632	0.15356	0.04552	0.00824
5	0.01108	0.00859	0.01036	0.01130	0.01348	0.00787	0.00918	0.01378	0.01833	0.02281	0.06263	0.13617	0.35280	0.02174	0.01033	0.00320	0.00557	0.26618	0.00751	0.00709
6	0.01827	0.01682	0.02762	0.08870	0.09949	0.01689	0.20081	0.13820	0.02197	0.02903	0.03311	0.09558	0.15282	0.01214	0.00906	0.00269	0.00922	0.01147	0.00585	0.01026
7	0.02008	0.01928	0.03294	0.04981	0.66422	0.01928	0.02490	0.02490	0.01848	0.02651	0.01526	0.02008	0.01285	0.00723	0.00803	0.00241	0.00964	0.00723	0.00402	0.01285
8	0.01722	0.03079	0.36358	0.02425	0.03421	0.01780	0.20360	0.02477	0.01767	0.02593	0.01508	0.01847	0.01121	0.00713	0.00793	0.00236	0.01134	0.00682	0.00389	0.15596
9	0.02732	0.01881	0.01962	0.05000	0.02221	0.09040	0.01276	0.26522	0.02627	0.18627	0.02273	0.02807	0.01808	0.15801	0.01502	0.00357	0.00895	0.00822	0.00724	0.01121
10	0.02699	0.02752	0.02397	0.02027	0.02406	0.27971	0.01617	0.23050	0.02510	0.03020	0.01433	0.01712	0.01162	0.01045	0.01297	0.00261	0.20393	0.00644	0.00532	0.01072
11	0.00989	0.00706	0.00942	0.01130	0.01177	0.00659	0.00753	0.01130	0.01554	0.02071	0.04472	0.70954	0.05367	0.02542	0.01036	0.00330	0.00471	0.02307	0.00753	0.00659
12	0.01513	0.00756	0.00756	0.00756	0.00945	0.00756	0.00567	0.01891	0.01702	0.03025	0.02647	0.03025	0.02080	0.00945	0.00567	0.00189	0.00378	0.00756	0.75988	0.00756
13	0.01987	0.01906	0.03255	0.07864	0.63704	0.01922	0.02480	0.02472	0.01838	0.02625	0.01523	0.02015	0.01276	0.00727	0.00804	0.00242	0.00969	0.00723	0.00400	0.01268
14	0.01090	0.00846	0.01007	0.01045	0.01269	0.00763	0.00825	0.01376	0.01949	0.02498	0.20898	0.10273	0.34819	0.02025	0.01001	0.00296	0.00488	0.16030	0.00785	0.00718
15	0.02880	0.03573	0.02391	0.02392	0.09535	0.58397	0.01659	0.03198	0.04639	0.02113	0.01362	0.01583	0.01126	0.00834	0.00743	0.00215	0.01377	0.00560	0.00432	0.00992
16	0.01031	0.00749	0.00980	0.01136	0.01227	0.00698	0.00803	0.01219	0.01661	0.02195	0.08623	0.54465	0.10851	0.02410	0.01033	0.00325	0.00490	0.08664	0.00761	0.00678
17	0.01217	0.00783	0.00871	0.00871	0.00892	0.00783	0.00500	0.01258	0.01237	0.01733	0.02567	0.05058	0.02854	0.63712	0.03737	0.00721	0.00742	0.01133	0.08810	0.00521
18	0.00992	0.00823	0.00867	0.00856	0.01116	0.00699	0.00642	0.01228	0.01927	0.02375	0.18187	0.07507	0.56011	0.01987	0.00959	0.00271	0.00406	0.01670	0.00778	0.00699
19	0.02008	0.01928	0.03294	0.04981	0.66422	0.01928	0.02490	0.02490	0.01848	0.02651	0.01526	0.02008	0.01285	0.00723	0.00803	0.00241	0.00964	0.00723	0.00402	0.01285
20	0.01627	0.04197	0.67279	0.02313	0.03512	0.01884	0.02998	0.02570	0.01713	0.02570	0.01456	0.01713	0.01028	0.00771	0.00771	0.00257	0.01199	0.00600	0.00343	0.01199
21	0.03641	0.01381	0.01883	0.01444	0.02071	0.01193	0.01193	0.03954	0.02322	0.66984	0.03201	0.02762	0.02009	0.01004	0.00816	0.00251	0.00690	0.00816	0.01004	0.01381
22	0.02008	0.01928	0.03294	0.04981	0.66422	0.01928	0.02490	0.02490	0.01848	0.02651	0.01526	0.02008	0.01285	0.00723	0.00803	0.00241	0.00964	0.00723	0.00402	0.01285
23	0.00989	0.00706	0.00942	0.01130	0.01177	0.00659	0.00753	0.01130	0.01554	0.02071	0.04472	0.70954	0.05367	0.02542	0.01036	0.00330	0.00471	0.02307	0.00753	0.00659
24	0.00989	0.00706	0.00942	0.01130	0.01177	0.00659	0.00753	0.01130	0.01554	0.02071	0.04472	0.70954	0.05367	0.02542	0.01036	0.00330	0.00471	0.02307	0.00753	0.00659
25	0.01180	0.00787	0.00885	0.00885	0.00885	0.00787	0.00492	0.01180	0.01180	0.01573	0.02557	0.05310	0.02950	0.71483	0.04130	0.00787	0.00787	0.01180	0.00492	0.00492
26	0.01173	0.00816	0.01033	0.01033	0.01084	0.00867	0.00676	0.01275	0.01224	0.01683	0.02422	0.04562	0.02625	0.48436	0.26733	0.00969	0.01275	0.01071	0.00472	0.00574
27	0.03031	0.03867	0.02299	0.02090	0.02508	0.68226	0.01568	0.03240	0.02299	0.01986	0.01254	0.01463	0.01045	0.00836	0.00732	0.00209	0.01463	0.00523	0.00418	0.00941
28	0.02008	0.01928	0.03294	0.04981	0.66422	0.01928	0.02490	0.02490	0.01848	0.02651	0.01526	0.02008	0.01285	0.00723	0.00803	0.00241	0.00964	0.00723	0.00402	0.01285
29	0.02747	0.06395	0.02274	0.01953	0.02393	0.49284	0.01491	0.03464	0.17448	0.02324	0.01745	0.01835	0.01392	0.00894	0.00745	0.00223	0.01238	0.00614	0.00514	0.01028
30	0.01289	0.01057	0.01241	0.01263	0.04523	0.01035	0.00896	0.01982	0.14234	0.02864	0.29603	0.05915	0.27704	0.01650	0.00925	0.00265	0.00472	0.01414	0.00805	0.00862
31	0.03063	0.02918	0.02380	0.01957	0.02513	0.29090	0.01553	0.39259	0.03202	0.03849	0.01668	0.01752	0.01245	0.00918	0.00779	0.00230	0.01124	0.00646	0.00653	0.01202
32	0.00959	0.00822	0.00822	0.00822	0.01096	0.00685	0.00617	0.01165	0.01850	0.02192	0.08220	0.07809	0.66092	0.02055	0.00959	0.00274	0.00411	0.01713	0.00754	0.00685
33	0.03064	0.02899	0.02382	0.01955	0.02513	0.28332	0.01552	0.39956	0.03220	0.03885	0.01676	0.01758	0.01248	0.00920	0.00780	0.00230	0.01117	0.00649	0.00657	0.01207
34	0.02378	0.55474	0.03779	0.01558	0.02186	0.18960	0.01432	0.02626	0.01806	0.01928	0.01159	0.01341	0.01042	0.00729	0.00572	0.00182	0.01012	0.00455	0.00364	0.01017
35	0.01021	0.00808	0.00919	0.00926	0.01143	0.00706	0.00681	0.01272	0.01945	0.02500	0.25389	0.16118	0.39689	0.02002	0.00969	0.00276	0.00411	0.01721	0.00796	0.00706
36	0.03085	0.02273	0.02435	0.01867	0.02516	0.02516	0.01542	0.63716	0.03815	0.05114	0.01948	0.01948	0.01380	0.00974	0.00812	0.00244	0.00893	0.00731	0.00812	0.01380
37	0.00965	0.00798	0.00847	0.00887	0.01113	0.00680	0.00645	0.01157	0.01787	0.02167	0.07431	0.21102	0.53309	0.02158	0.00975	0.00286	0.00424	0.01838	0.00753	0.00680
38	0.01165	0.00846	0.01187	0.01187	0.01292	0.00951	0.00868	0.01374	0.01269	0.01797	0.02280	0.03780	0.02286	0.24330	0.50375	0.01160	0.01787	0.00956	0.00451	0.00660
39	0.01274	0.00862	0.01032	0.00981	0.01191	0.00828	0.00738	0.01751	0.05580	0.03148	0.44013	0.05255	0.09239	0.01477	0.00855	0.00241	0.00398	0.01278	0.19072	0.00787
40	0.02018	0.01743	0.01835	0.01651	0.02110	0.02018	0.01284	0.04312	0.64956	0.03394	0.03303	0.03027	0.02477	0.01101	0.00826	0.00275	0.00642	0.00917	0.00826	0.01284
41	0.02018	0.01743	0.01835	0.01651	0.02110	0.02018	0.01284	0.04312	0.64956	0.03394	0.03303	0.03027	0.02477	0.01101	0.00826	0.00275	0.00642	0.00917	0.00826	0.01284
42	0.00980	0.00823	0.00851	0.00844	0.01109	0.00694	0.00633	0.01205	0.01899	0.02309	0.14585	0.07616	0.59654	0.02011	0.00959	0.00272	0.00408	0.01686	0.00769	0.00694
43	0.01107	0.00852	0.01038	0.01141	0.01348	0.00784	0.00920	0.01373	0.01817	0.02273	0.06092	0.16965	0.32501	0.02198	0.01036	0.00323	0.00558	0.26216	0.00751	0.00707
44	0.01627	0.04197	0.67279	0.02313	0.03512	0.01884	0.02998	0.02570	0.01713	0.02570	0.01456	0.01713	0.01028	0.00771	0.00771	0.00257	0.01199	0.00600	0.00343	0.01199
45	0.02046	0.44510	0.13779	0.02402	0.17889	0.02695	0.01905	0.02466	0.01707	0.02191	0.01275	0.01537	0.01098	0.00713	0.00628	0.00203	0.00942	0.00530	0.00360	0.01125
46	0.01963	0.01881	0.03211	0.11162	0.60596	0.01916	0.02468	0.02450	0.01826	0.02596	0.01518	0.02023	0.01266	0.00731	0.00804	0.00244	0.00975	0.00723	0.00398	0.01249
47	0.02008	0.01928	0.03294	0.04981	0.66422	0.01928	0.02490	0.02490	0.01848	0.02651	0.01526	0.02008	0.01285	0.00723	0.00803	0.00241	0.00964	0.00723	0.00402	0.01285
48	0.01159	0.00869	0.01304	0.01304	0.01449	0.01014	0.01014	0.01449	0.01304	0.01884	0.02173	0.03188	0.02029	0.06086	0.68268	0.01304	0.02173	0.00869	0.00435	0.00724
49	0.01068	0.00826	0.00974	0.00937	0.01163	0.00732	0.00703	0.01376	0.02108	0.02805	0.41564	0.06800	0.32366	0.01826	0.00958	0.00263	0.00395	0.01571	0.00834	0.00732
50	0.77215	0.01569	0.01193	0.01067	0.01569	0.01820	0.00879	0.02385	0.01381	0.03641	0.01130	0.01318	0.00879	0.00753	0.00502	0.00251	0.00628	0.00439	0.00502	0.00879
51	0.01986	0.01991	0.03656	0.04603	0.51359	0.01958	0.17263	0.02517	0.01864	0.02638	0.01554	0.02052	0.01272	0.00714	0.00841	0.00249	0.01062	0.00780	0.00404	0.01239
52	0.01196	0.00971	0.01456	0.01391	0.01618	0.00874	0.07216	0.01434	0.01623	0.02222	0.03750	0.51313	0.04328	0.02066	0.00971	0.00297	0.00594	0.04677	0.00680	0.11323
53	0.01557	0.01467	0.02478	0.66247	0.08686	0.01809	0.02266	0.02094	0.01634	0.02103	0.01447	0.02155	0.01092	0.00807	0.00811	0.00269	0.01076	0.00721	0.00363	0.00921
54	0.01841	0.01757	0.02991	0.27730	0.44983	0.01884	0.02407	0.02343	0.01768	0.02447	0.01497	0.02063	0.01214	0.00754	0.00806	0.00251	0.01005	0.00722	0.00387	0.01150
55	0.00989	0.00706	0.00942	0.01130	0.01177	0.00659	0.00753	0.01130	0.01554	0.02071	0.04472	0.70954	0.05367	0.02542	0.01036	0.00330	0.00471	0.02307	0.00753	0.00659
56	0.03085	0.02273	0.02435	0.01867	0.02516	0.02516	0.01542	0.63716	0.03815	0.05114	0.01948	0.01948	0.01380	0.00974	0.00812	0.00244	0.00893	0.00731	0.00812	0.01380
57	0.02722	0.01990	0.02140	0.01680	0.02205	0.02187	0.01342	0.51799	0.03313	0.04439	0.02064	0.02589	0.01679	0.14410	0.01444	0.00347	0.00873	0.00816	0.00751	0.01211
58	0.01730	0.01644	0.02790	0.42760	0.30819	0.01855	0.02352	0.02246	0.01716	0.02313	0.01477	0.02099	0.01166	0.00775	0.00808	0.00258	0.01033	0.00722	0.00378	0.01061
59	0.02066	0.01843	0.01857	0.01672	0.02129	0.05138	0.01298	0.04261	0.62003	0.03328	0.03206	0.02954	0.02409	0.01088	0.00821	0.00272	0.00681	0.00899	0.00806	0.01268
60	0.00989	0.00706	0.00942	0.01130	0.01177	0.00659	0.00753	0.01130	0.01554	0.02071	0.04472	0.70954	0.05367	0.02542	0.01036	0.00330	0.00471	0.02307	0.00753	0.00659
61	0.01683	0.01442	0.01683	0.01202	0.01923	0.01082	0.00961	0.02043	0.01683	0.02644	0.01442	0.01683	0.01202	0.00601	0.00601	0.00120	0.00601	0.00481	0.00481	0.76444
62	0.01209	0.00897	0.01174	0.01315	0.01517	0.00861	0.01115	0.01531	0.01849	0.02355	0.05255	0.11599	0.19580	0.02210	0.01078	0.00347	0.00653	0.43978	0.00749	0.00728
63	0.03031	0.03867	0.02299	0.02090	0.02508	0.68226	0.01568	0.03240	0.02299	0.01986	0.01254	0.01463	0.01045	0.00836	0.00732	0.00209	0.01463	0.00523	0.00418	0.00941
64	0.03031	0.03867	0.02299	0.02090	0.02508	0.68226	0.01568	0.03240	0.02299	0.01986	0.01254	0.01463	0.01045	0.00836	0.00732	0.00209	0.01463	0.00523	0.00418	0.00941
65	0.00989	0.00706	0.00942	0.01130	0.01177	0.00659	0.00753	0.01130	0.01554	0.02071	0.04472	0.70954	0.05367	0.02542	0.01036	0.00330	0.00471	0.02307	0.00753	0.00659
66	0.01036	0.00874	0.00904	0.00898	0.01169	0.00771	0.00672	0.01378	0.05792	0.02315	0.10678	0.10398	0.56290	0.01998	0.00954	0.00276	0.00427	0.01678	0.00765	0.00725
67	0.00973	0.00820	0.00826	0.00826	0.01083	0.00691	0.00609	0.01165	0.01808	0.02153	0.07867	0.07653	0.62156	0.06383	0.01157	0.00306	0.00434	0.01679	0.00737	0.00673
68	0.03031	0.03867	0.02299	0.02090	0.02508	0.68226	0.01568	0.03240	0.02299	0.01986	0.01254	0.01463	0.01045	0.00836	0.00732	0.00209	0.01463	0.00523	0.00418	0.00941
69	0.01627	0.04197	0.67279	0.02313	0.03512	0.01884	0.02998	0.02570	0.01713	0.02570	0.01456	0.01713	0.01028	0.00771	0.00771	0.00257	0.01199	0.00600	0.00343	0.01199
70	0.01304	0.00823	0.01079	0.01079	0.01242	0.00908	0.00831	0.01631	0.01467	0.02353	0.02368	0.03121	0.02050	0.03973	0.40441	0.00846	0.01436	0.00823	0.31489	0.00738
71	0.00971	0.00822	0.00838	0.00834	0.01103	0.00690	0.00626	0.01187	0.01877	0.02258	0.11822	0.07700	0.62449	0.02030	0.00959	0.00273	0.00409	0.01697	0.00762	0.00690
72	0.02793	0.03229	0.02552	0.02755	0.17754	0.45173	0.01785	0.09724	0.02359	0.02489	0.01396	0.01647	0.01139	0.00824	0.00758	0.00220	0.01281	0.00593	0.00458	0.01071
73	0.01775	0.01775	0.02485	0.02130	0.02130	0.02485	0.01775	0.01953	0.01243	0.01953	0.01065	0.01775	0.01065	0.01420	0.02663	0.00355	0.69998	0.00710	0.00355	0.00888
74	0.21001	0.03311	0.02031	0.01843	0.02281	0.52140	0.01401	0.03033	0.02077	0.02387	0.01224	0.01428	0.01005	0.00816	0.00676	0.00219	0.01261	0.00502	0.00438	0.00926
75	0.01099	0.00815	0.01024	0.00997	0.01188	0.00740	0.00738	0.01425	0.02142	0.02946	0.49507	0.13040	0.17699	0.01819	0.00965	0.00266	0.00397	0.01597	0.00854	0.00740
76	0.02008	0.01928	0.03294	0.04981	0.66422	0.01928	0.02490	0.02490	0.01848	0.02651	0.01526	0.02008	0.01285	0.00723	0.00803	0.00241	0.00964	0.00723	0.00402	0.01285
77	0.02169	0.71972	0.04252	0.01388	0.02083	0.03211	0.01388	0.02430	0.01649	0.01909	0.01128	0.01302	0.01041	0.00694	0.00521	0.00174	0.00868	0.00434	0.00347	0.01041
78	0.00999	0.00824	0.00877	0.00864	0.01120	0.00702	0.00648	0.01242	0.01944	0.02416	0.20382	0.07441	0.53791	0.01972	0.00959	0.00270	0.00405	0.01661	0.00783	0.00702
79	0.01165	0.00847	0.01192	0.01192	0.01298	0.00953	0.00874	0.01377	0.01271	0.01800	0.02276	0.03757	0.02276	0.23630	0.51061	0.01165	0.01801	0.00953	0.00450	0.00662
80	0.02504	0.01984	0.02108	0.01749	0.02295	0.02245	0.01402	0.31354	0.37123	0.04177	0.02686	0.02536	0.01978	0.01043	0.00819	0.00261	0.00756	0.00832	0.00819	0.01328
81	0.02169	0.71972	0.04252	0.01388	0.02083	0.03211	0.01388	0.02430	0.01649	0.01909	0.01128	0.01302	0.01041	0.00694	0.00521	0.00174	0.00868	0.00434	0.00347	0.01041
