[name]
unknown

[dist]
# distance from previous block
# <min> <max>
0	74

[block]
# block no. 0 follows, 22 sequences, length 9
# corresponding to MSA columns:
# 74-82
name=unknown_A
#
# <colnr> <probs for GDERKNQSTAVLIFYWHMCP>
#	G	D	E	R	K	N	Q	S	T	A	V	L	I	F	Y	W	H	M	C	P
0	0.01149	0.00867	0.01074	0.01075	0.01295	0.00791	0.00841	0.01486	0.02136	0.02857	0.37356	0.07313	0.24102	0.01927	0.01011	0.00289	0.00469	0.12359	0.00845	0.00756
1	0.01818	0.01818	0.02545	0.02181	0.02181	0.02545	0.01818	0.01999	0.01272	0.01999	0.01091	0.01818	0.01091	0.01454	0.02726	0.00364	0.69284	0.00727	0.00364	0.00909
2	0.02483	0.01890	0.02040	0.01658	0.02187	0.02070	0.01337	0.37425	0.15776	0.04365	0.11370	0.03300	0.07947	0.01213	0.00867	0.00260	0.00749	0.00974	0.00840	0.01247
3	0.01028	0.00753	0.00970	0.01137	0.01225	0.00696	0.00787	0.01196	0.01651	0.02160	0.05087	0.58111	0.13537	0.02516	0.01055	0.00332	0.00491	0.05812	0.00771	0.00684
4	0.13213	0.01191	0.01394	0.01214	0.01576	0.01178	0.00952	0.07371	0.02312	0.15495	0.35502	0.07460	0.05032	0.01413	0.00873	0.00262	0.00539	0.01192	0.00862	0.00970
5	0.02979	0.01863	0.02137	0.01648	0.02285	0.01893	0.01350	0.32475	0.06220	0.21795	0.05228	0.02440	0.01919	0.00993	0.00811	0.00237	0.00779	0.00782	0.00846	0.11319
6	0.02049	0.02028	0.03042	0.16641	0.45809	0.07182	0.02360	0.02634	0.05345	0.02591	0.01625	0.02099	0.01325	0.00788	0.00819	0.00252	0.01032	0.00735	0.00429	0.01214
7	0.02442	0.14846	0.02493	0.01668	0.02214	0.02338	0.01381	0.29609	0.17497	0.03796	0.02507	0.11101	0.02151	0.01186	0.00809	0.00255	0.00792	0.00949	0.00738	0.01228
8	0.02501	0.05698	0.07349	0.01808	0.05647	0.01840	0.01486	0.15774	0.13590	0.15169	0.02254	0.02234	0.01640	0.00891	0.00764	0.00224	0.00786	0.00711	0.00704	0.18930

[dist]
# distance from previous block
# <min> <max>
0	1

[block]
# block no. 1 follows, 22 sequences, length 138
# corresponding to MSA columns:
# 84-221
name=unknown_B
#
# <colnr> <probs for GDERKNQSTAVLIFYWHMCP>
#	G	D	E	R	K	N	Q	S	T	A	V	L	I	F	Y	W	H	M	C	P
0	0.06377	0.15094	0.02728	0.02136	0.08687	0.25678	0.01582	0.19085	0.02543	0.03048	0.01792	0.01940	0.04034	0.00908	0.00739	0.00225	0.01090	0.00647	0.00542	0.01124
1	0.02155	0.02190	0.03371	0.04698	0.55263	0.08533	0.06427	0.02634	0.01942	0.02642	0.01543	0.02013	0.01288	0.00749	0.00826	0.00246	0.01065	0.00736	0.00413	0.01268
2	0.01056	0.00754	0.00980	0.01143	0.01206	0.00710	0.00777	0.01204	0.01585	0.02097	0.04511	0.56235	0.07650	0.09989	0.01408	0.00389	0.00535	0.06366	0.00742	0.00664
3	0.02032	0.01949	0.03329	0.08225	0.62683	0.01968	0.02538	0.02529	0.01880	0.02685	0.01558	0.02064	0.01306	0.00745	0.00823	0.00248	0.00993	0.00740	0.00409	0.01297
4	0.01964	0.01879	0.03205	0.17203	0.54242	0.01950	0.02503	0.02468	0.01848	0.02602	0.01546	0.02086	0.01276	0.00757	0.00824	0.00252	0.01010	0.00740	0.00403	0.01241
5	0.01057	0.00845	0.00946	0.00921	0.01168	0.00733	0.00691	0.01338	0.02072	0.02667	0.30510	0.07298	0.42926	0.01946	0.00981	0.00273	0.00410	0.01656	0.00827	0.00733
6	0.01772	0.01686	0.02518	0.12256	0.35585	0.05087	0.01940	0.02211	0.01973	0.02669	0.14309	0.03430	0.08912	0.01077	0.00865	0.00255	0.00861	0.00975	0.00538	0.01082
7	0.02667	0.02078	0.02147	0.01784	0.02341	0.05415	0.01426	0.27334	0.32942	0.08616	0.02725	0.02566	0.01987	0.01056	0.00834	0.00264	0.00803	0.00837	0.00832	0.01343
8	0.01231	0.00943	0.01372	0.01348	0.01471	0.01115	0.01036	0.01490	0.01318	0.01901	0.02190	0.03387	0.02107	0.12416	0.56856	0.01218	0.06517	0.00911	0.00446	0.00729
9	0.00982	0.00842	0.00842	0.00842	0.01122	0.00701	0.00631	0.01192	0.01894	0.02244	0.08416	0.07995	0.65285	0.02104	0.00982	0.00281	0.00421	0.01753	0.00771	0.00701
10	0.03071	0.03450	0.02368	0.02062	0.02552	0.48166	0.01586	0.18409	0.05492	0.02906	0.01557	0.01695	0.01222	0.00904	0.00774	0.00226	0.01313	0.00607	0.00548	0.01092
11	0.03121	0.03434	0.02399	0.02067	0.02571	0.46570	0.01597	0.22491	0.02854	0.03065	0.01513	0.01658	0.01180	0.00902	0.00775	0.00225	0.01310	0.00604	0.00558	0.01108
12	0.01187	0.00890	0.01335	0.01335	0.01483	0.01038	0.01038	0.01483	0.01335	0.01928	0.02225	0.03264	0.02077	0.06231	0.67512	0.01335	0.02225	0.00890	0.00445	0.00742
13	0.01925	0.19485	0.29487	0.02140	0.02880	0.05846	0.05212	0.02478	0.01660	0.02284	0.01310	0.01680	0.01076	0.00935	0.01216	0.00266	0.18051	0.00615	0.00362	0.01091
14	0.02099	0.23419	0.30580	0.02034	0.02845	0.14092	0.02204	0.02648	0.01794	0.02264	0.01316	0.01592	0.01063	0.00845	0.00903	0.00240	0.08029	0.00562	0.00367	0.01101
15	0.02960	0.09959	0.02683	0.02192	0.07070	0.30933	0.01644	0.26441	0.02860	0.03326	0.01569	0.01716	0.01221	0.00888	0.00765	0.00227	0.01172	0.00624	0.00577	0.01175
16	0.01642	0.02239	0.19626	0.01676	0.02239	0.04757	0.01615	0.02746	0.21766	0.02779	0.07284	0.16086	0.09214	0.01433	0.00888	0.00282	0.00785	0.01215	0.00669	0.01058
17	0.03050	0.07466	0.02371	0.01883	0.02399	0.35006	0.01484	0.13039	0.05438	0.14410	0.01891	0.01952	0.01413	0.01110	0.03211	0.00269	0.01205	0.00651	0.00619	0.01134
18	0.01861	0.24000	0.41875	0.02200	0.03235	0.02350	0.08534	0.02591	0.01755	0.02433	0.01410	0.01677	0.01077	0.00757	0.00732	0.00239	0.01144	0.00600	0.00359	0.01169
19	0.01219	0.00963	0.01173	0.01137	0.01421	0.00807	0.00816	0.01439	0.01670	0.02311	0.04170	0.41580	0.12215	0.01946	0.00918	0.00266	0.00513	0.01725	0.00688	0.23024
20	0.01920	0.01865	0.02882	0.04207	0.51135	0.04834	0.02168	0.02357	0.01930	0.02637	0.04809	0.03027	0.10671	0.00975	0.00847	0.00251	0.00909	0.00903	0.00481	0.01192
21	0.05668	0.01747	0.02588	0.40268	0.15677	0.02020	0.02132	0.14677	0.02151	0.02947	0.01583	0.02099	0.01197	0.00846	0.00814	0.00265	0.01023	0.00726	0.00479	0.01093
22	0.02026	0.02180	0.07787	0.11142	0.52360	0.04869	0.02521	0.02547	0.01879	0.02619	0.01536	0.02025	0.01265	0.00758	0.00818	0.00249	0.01039	0.00722	0.00403	0.01255
23	0.09932	0.02646	0.02738	0.06638	0.33048	0.26135	0.02023	0.02802	0.02003	0.02537	0.01415	0.01787	0.01173	0.00790	0.00765	0.00237	0.01147	0.00635	0.00426	0.01125
24	0.01818	0.15316	0.31930	0.15091	0.15058	0.02164	0.02538	0.02496	0.01750	0.02430	0.01441	0.01820	0.01113	0.00774	0.00757	0.00247	0.01101	0.00630	0.00366	0.01158
25	0.01187	0.00890	0.01335	0.01335	0.01483	0.01038	0.01038	0.01483	0.01335	0.01928	0.02225	0.03264	0.02077	0.06231	0.67512	0.01335	0.02225	0.00890	0.00445	0.00742
26	0.01012	0.00723	0.00964	0.01157	0.01205	0.00675	0.00771	0.01157	0.01591	0.02121	0.04579	0.70262	0.05495	0.02603	0.01060	0.00337	0.00482	0.02362	0.00771	0.00675
27	0.44144	0.02133	0.01698	0.01468	0.01991	0.12610	0.01177	0.13573	0.08324	0.03698	0.01551	0.01665	0.01184	0.00861	0.00642	0.00251	0.00831	0.00566	0.00590	0.01043
28	0.01027	0.00733	0.00981	0.01173	0.01228	0.00687	0.00796	0.01182	0.01605	0.02137	0.04571	0.67554	0.05463	0.02589	0.01064	0.00339	0.00495	0.04926	0.00771	0.00679
29	0.01012	0.00723	0.00964	0.01157	0.01205	0.00675	0.00771	0.01157	0.01591	0.02121	0.04579	0.70262	0.05495	0.02603	0.01060	0.00337	0.00482	0.02362	0.00771	0.00675
30	0.01896	0.01697	0.02659	0.46819	0.16637	0.01978	0.02246	0.11178	0.02037	0.02695	0.01569	0.02152	0.01192	0.00838	0.00829	0.00267	0.01056	0.00740	0.00445	0.01070
31	0.03103	0.03959	0.02354	0.02140	0.02568	0.67469	0.01605	0.03317	0.02354	0.02033	0.01284	0.01498	0.01070	0.00856	0.00749	0.00214	0.01498	0.00535	0.00428	0.00963
32	0.00982	0.00842	0.00842	0.00842	0.01122	0.00701	0.00631	0.01192	0.01894	0.02244	0.08416	0.07995	0.65285	0.02104	0.00982	0.00281	0.00421	0.01753	0.00771	0.00701
33	0.01187	0.00890	0.01335	0.01335	0.01483	0.01038	0.01038	0.01483	0.01335	0.01928	0.02225	0.03264	0.02077	0.06231	0.67512	0.01335	0.02225	0.00890	0.00445	0.00742
34	0.01833	0.01866	0.02309	0.02026	0.02095	0.08769	0.01657	0.02039	0.01392	0.01990	0.01313	0.02044	0.01265	0.02247	0.14101	0.00522	0.50526	0.00737	0.00385	0.00884
35	0.02136	0.01773	0.01869	0.01632	0.02115	0.02000	0.01283	0.14482	0.46191	0.03648	0.03714	0.03466	0.09569	0.01217	0.00859	0.00276	0.00676	0.00999	0.00834	0.01262
36	0.00982	0.00842	0.00842	0.00842	0.01122	0.00701	0.00631	0.01192	0.01894	0.02244	0.08416	0.07995	0.65285	0.02104	0.00982	0.00281	0.00421	0.01753	0.00771	0.00701
37	0.01723	0.01477	0.01723	0.01230	0.01969	0.01107	0.00984	0.02092	0.01723	0.02707	0.01477	0.01723	0.01230	0.00615	0.00615	0.00123	0.00615	0.00492	0.00492	0.75883
38	0.03158	0.02327	0.02493	0.01911	0.02576	0.02576	0.01579	0.62852	0.03906	0.05236	0.01995	0.01995	0.01413	0.00997	0.00831	0.00249	0.00914	0.00748	0.00831	0.01413
39	0.01569	0.01477	0.02492	0.68808	0.05722	0.01846	0.02307	0.02123	0.01661	0.02123	0.01477	0.02215	0.01107	0.00831	0.00831	0.00277	0.01107	0.00738	0.00369	0.00923
40	0.01129	0.00789	0.01014	0.01149	0.01208	0.00764	0.00793	0.01273	0.01534	0.02034	0.03964	0.40125	0.04632	0.22811	0.02017	0.00484	0.00629	0.12320	0.00690	0.00640
41	0.03103	0.03959	0.02354	0.02140	0.02568	0.67469	0.01605	0.03317	0.02354	0.02033	0.01284	0.01498	0.01070	0.00856	0.00749	0.00214	0.01498	0.00535	0.00428	0.00963
42	0.01666	0.04297	0.66500	0.02368	0.03596	0.01929	0.03069	0.02631	0.01754	0.02631	0.01491	0.01754	0.01052	0.00789	0.00789	0.00263	0.01228	0.00614	0.00351	0.01228
43	0.02098	0.02150	0.02477	0.21109	0.14730	0.14462	0.01920	0.02987	0.17411	0.02539	0.01893	0.02231	0.01494	0.00956	0.01008	0.00269	0.07911	0.00749	0.00506	0.01098
44	0.01939	0.12631	0.37051	0.02683	0.14984	0.08670	0.02509	0.02622	0.01856	0.02525	0.04064	0.01913	0.01386	0.00814	0.00765	0.00244	0.01129	0.00644	0.00394	0.01178
45	0.01320	0.00981	0.03374	0.01153	0.01387	0.00828	0.00903	0.01649	0.02085	0.07218	0.35808	0.21664	0.11776	0.01906	0.00991	0.00287	0.00485	0.04529	0.00848	0.00808
46	0.01443	0.00722	0.01082	0.01082	0.01082	0.00722	0.00722	0.01082	0.01082	0.01443	0.01443	0.02525	0.01443	0.02886	0.03247	0.75830	0.00722	0.00722	0.00361	0.00361
47	0.02244	0.14899	0.26621	0.02251	0.05842	0.22825	0.02186	0.02756	0.01890	0.02272	0.01333	0.01625	0.01077	0.00862	0.00931	0.00243	0.08097	0.00578	0.00380	0.01090
48	0.02502	0.14107	0.06686	0.02038	0.02449	0.30804	0.01726	0.05925	0.01978	0.02218	0.01258	0.01606	0.01093	0.01010	0.01295	0.00256	0.21037	0.00592	0.00414	0.01004
49	0.01208	0.00805	0.00906	0.00906	0.00906	0.00805	0.00503	0.01208	0.01208	0.01611	0.02618	0.05436	0.03020	0.70804	0.04228	0.00805	0.00805	0.01208	0.00503	0.00503
50	0.01022	0.00731	0.00973	0.01150	0.01207	0.00681	0.00772	0.01182	0.01637	0.02195	0.08308	0.66320	0.05639	0.02547	0.01055	0.00333	0.00476	0.02309	0.00780	0.00681
51	0.02506	0.02856	0.02134	0.02089	0.06844	0.36596	0.01489	0.03374	0.20626	0.02532	0.02645	0.02668	0.07988	0.01054	0.00806	0.00243	0.01103	0.00793	0.00585	0.01067
52	0.02332	0.02083	0.05935	0.03992	0.45061	0.06514	0.02211	0.02795	0.02017	0.12627	0.04929	0.02326	0.01722	0.00843	0.00825	0.00247	0.00962	0.00772	0.00531	0.01276
53	0.01012	0.00723	0.00964	0.01157	0.01205	0.00675	0.00771	0.01157	0.01591	0.02121	0.04579	0.70262	0.05495	0.02603	0.01060	0.00337	0.00482	0.02362	0.00771	0.00675
54	0.02056	0.01974	0.03372	0.05099	0.65622	0.01974	0.02550	0.02550	0.01892	0.02714	0.01563	0.02056	0.01316	0.00740	0.00822	0.00247	0.00987	0.00740	0.00411	0.01316
55	0.02164	0.01711	0.02819	0.02165	0.02772	0.01667	0.23800	0.03119	0.17784	0.15424	0.03632	0.03603	0.13179	0.01124	0.00918	0.00276	0.00899	0.01079	0.00712	0.01153
56	0.01728	0.10488	0.50898	0.02424	0.06635	0.02018	0.05945	0.02549	0.01758	0.02548	0.01609	0.04801	0.01276	0.00855	0.00788	0.00258	0.01158	0.00701	0.00377	0.01186
57	0.01941	0.01912	0.02984	0.28436	0.39629	0.05957	0.02402	0.02439	0.01835	0.02454	0.01514	0.02080	0.01224	0.00781	0.00821	0.00256	0.01063	0.00727	0.00397	0.01149
58	0.01710	0.00930	0.00946	0.00888	0.01129	0.00955	0.00681	0.08028	0.01959	0.03311	0.02638	0.02987	0.02058	0.00971	0.00606	0.00199	0.00440	0.00772	0.67957	0.00838
59	0.01195	0.00859	0.01177	0.01177	0.01270	0.00952	0.00841	0.01382	0.01288	0.01811	0.02370	0.04066	0.02425	0.30069	0.44150	0.01140	0.01701	0.01007	0.00467	0.00654
60	0.02283	0.01683	0.05020	0.01691	0.02076	0.04477	0.04553	0.09066	0.05080	0.18385	0.02740	0.15600	0.02501	0.09304	0.01542	0.00350	0.10771	0.01132	0.00701	0.01046
61	0.01964	0.01898	0.03290	0.16401	0.51910	0.01957	0.05458	0.02479	0.01854	0.02606	0.01553	0.02094	0.01276	0.00754	0.00832	0.00254	0.01029	0.00752	0.00404	0.01236
62	0.01026	0.00733	0.00979	0.01172	0.01226	0.00686	0.00795	0.01180	0.01604	0.02136	0.04571	0.67740	0.05465	0.02590	0.01064	0.00339	0.00494	0.04750	0.00771	0.00678
63	0.02036	0.02096	0.06679	0.04956	0.62373	0.01972	0.02577	0.02554	0.01884	0.02710	0.01559	0.02040	0.01302	0.00743	0.00821	0.00248	0.01000	0.00734	0.00408	0.01311
64	0.02554	0.02330	0.05897	0.03022	0.22514	0.05460	0.05685	0.28515	0.09037	0.03826	0.01920	0.02104	0.01452	0.00894	0.00833	0.00253	0.00985	0.00762	0.00633	0.01324
65	0.00994	0.00834	0.00864	0.00873	0.01134	0.00704	0.00649	0.01210	0.01898	0.02294	0.11181	0.12018	0.58276	0.02115	0.00987	0.00283	0.00423	0.01780	0.00779	0.00704
66	0.01056	0.00844	0.00945	0.00920	0.01168	0.00733	0.00690	0.01336	0.02069	0.02661	0.30192	0.07309	0.43249	0.01948	0.00981	0.00273	0.00410	0.01657	0.00826	0.00733
67	0.02289	0.02442	0.03017	0.14722	0.32753	0.19132	0.05917	0.05172	0.02062	0.02538	0.01500	0.01945	0.01217	0.00794	0.00815	0.00245	0.01163	0.00701	0.00426	0.01150
68	0.01941	0.01918	0.03077	0.26644	0.39475	0.05366	0.04753	0.02448	0.01840	0.02474	0.01523	0.02088	0.01230	0.00776	0.00828	0.00257	0.01071	0.00738	0.00398	0.01156
69	0.07630	0.03815	0.02284	0.02076	0.02509	0.63432	0.01562	0.03263	0.02296	0.02137	0.01276	0.01489	0.01060	0.00851	0.00735	0.00217	0.01445	0.00530	0.00433	0.00959
70	0.02426	0.01887	0.02008	0.01663	0.02175	0.02096	0.01321	0.31696	0.25356	0.04068	0.03118	0.03182	0.07669	0.06173	0.01095	0.00304	0.00769	0.00941	0.00807	0.01248
71	0.01104	0.00857	0.01020	0.01096	0.01288	0.00791	0.00821	0.01419	0.04262	0.02392	0.11888	0.28050	0.29093	0.02216	0.01026	0.00312	0.00497	0.10346	0.00787	0.00734
72	0.01974	0.01566	0.01747	0.01497	0.01896	0.01717	0.01187	0.19403	0.18839	0.03662	0.19196	0.04204	0.12538	0.01396	0.01011	0.00272	0.04851	0.01133	0.00818	0.01094
73	0.01586	0.01425	0.01748	0.01598	0.01777	0.08039	0.03587	0.01879	0.01504	0.02138	0.01943	0.02730	0.01750	0.03799	0.36080	0.00831	0.15519	0.00809	0.10441	0.00817
74	0.02005	0.38526	0.06049	0.01587	0.02284	0.02457	0.05153	0.02351	0.01688	0.02253	0.01292	0.01557	0.01128	0.00739	0.00754	0.00185	0.05781	0.00519	0.00400	0.23294
75	0.02911	0.02180	0.02390	0.01851	0.02467	0.02405	0.01525	0.53239	0.03523	0.04769	0.01931	0.02028	0.01418	0.01239	0.04041	0.00297	0.03995	0.00737	0.00770	0.06284
76	0.01026	0.00729	0.00960	0.01139	0.01183	0.00684	0.00752	0.01160	0.01563	0.02084	0.04437	0.65592	0.05316	0.07516	0.01289	0.00371	0.00505	0.02279	0.00752	0.00662
77	0.01073	0.00823	0.01012	0.01119	0.01289	0.00761	0.00842	0.01298	0.01751	0.02225	0.05855	0.30952	0.27828	0.02578	0.05136	0.00386	0.00620	0.12997	0.00750	0.00706
78	0.01710	0.00930	0.00946	0.00888	0.01129	0.00955	0.00681	0.08028	0.01959	0.03311	0.02638	0.02987	0.02058	0.00971	0.00606	0.00199	0.00440	0.00772	0.67957	0.00838
79	0.01618	0.01527	0.02580	0.62394	0.11752	0.01859	0.02332	0.02166	0.01684	0.02182	0.01485	0.02199	0.01128	0.00821	0.00830	0.00274	0.01095	0.00738	0.00373	0.00962
80	0.01961	0.02241	0.04902	0.03501	0.04342	0.02101	0.62605	0.02661	0.01961	0.02661	0.01681	0.02241	0.01261	0.00700	0.00980	0.00280	0.01401	0.00980	0.00420	0.01120
81	0.01012	0.00843	0.00883	0.00873	0.01140	0.00714	0.00655	0.01250	0.01964	0.02411	0.17105	0.07721	0.56492	0.02042	0.00982	0.00278	0.00416	0.01715	0.00793	0.00714
82	0.01064	0.00845	0.00955	0.00927	0.01172	0.00736	0.00696	0.01351	0.02087	0.02702	0.32346	0.07241	0.41069	0.01933	0.00981	0.00272	0.00409	0.01648	0.00832	0.00736
83	0.01204	0.00821	0.00988	0.00988	0.01016	0.00850	0.00605	0.01260	0.01232	0.01671	0.02543	0.05024	0.02841	0.58536	0.16251	0.00906	0.01075	0.01148	0.00492	0.00549
84	0.01026	0.00729	0.00960	0.01139	0.01183	0.00684	0.00752	0.01160	0.01563	0.02084	0.04437	0.65592	0.05316	0.07516	0.01289	0.00371	0.00505	0.02279	0.00752	0.00662
85	0.01189	0.00883	0.01298	0.01298	0.01434	0.01018	0.00993	0.01460	0.01324	0.01901	0.02259	0.03450	0.02158	0.11762	0.62091	0.01290	0.02104	0.00917	0.00450	0.00721
86	0.01187	0.00890	0.01335	0.01335	0.01483	0.01038	0.01038	0.01483	0.01335	0.01928	0.02225	0.03264	0.02077	0.06231	0.67512	0.01335	0.02225	0.00890	0.00445	0.00742
87	0.00982	0.00842	0.00842	0.00842	0.01122	0.00701	0.00631	0.01192	0.01894	0.02244	0.08416	0.07995	0.65285	0.02104	0.00982	0.00281	0.00421	0.01753	0.00771	0.00701
88	0.76672	0.01607	0.01221	0.01092	0.01607	0.01864	0.00900	0.02442	0.01414	0.03727	0.01157	0.01350	0.00900	0.00771	0.00514	0.00257	0.00643	0.00450	0.00514	0.00900
89	0.01152	0.00786	0.00946	0.01017	0.01042	0.00771	0.00630	0.01217	0.01365	0.01817	0.03333	0.26375	0.03899	0.45612	0.03063	0.00635	0.00700	0.04468	0.00602	0.00571
90	0.02221	0.71304	0.04353	0.01421	0.02132	0.03287	0.01421	0.02488	0.01688	0.01955	0.01155	0.01333	0.01066	0.00711	0.00533	0.00178	0.00888	0.00444	0.00355	0.01066
91	0.04657	0.42524	0.12152	0.01516	0.02234	0.02577	0.01541	0.05050	0.04003	0.06766	0.02191	0.02254	0.07658	0.00912	0.00657	0.00215	0.00861	0.00656	0.00485	0.01093
92	0.01666	0.04297	0.66500	0.02368	0.03596	0.01929	0.03069	0.02631	0.01754	0.02631	0.01491	0.01754	0.01052	0.00789	0.00789	0.00263	0.01228	0.00614	0.00351	0.01228
93	0.01916	0.01040	0.01329	0.01228	0.01580	0.00930	0.00999	0.02232	0.02124	0.21496	0.16089	0.06462	0.22064	0.01757	0.00977	0.00294	0.00581	0.15088	0.00872	0.00943
94	0.16793	0.02840	0.02282	0.02411	0.13609	0.32771	0.01609	0.06787	0.08366	0.02818	0.01563	0.01760	0.01249	0.00855	0.00732	0.00237	0.01124	0.00609	0.00508	0.01077
95	0.01366	0.01123	0.01569	0.21235	0.02612	0.01293	0.01292	0.01701	0.01617	0.02223	0.03535	0.04102	0.17600	0.06319	0.10867	0.00460	0.07837	0.01048	0.11409	0.00792
96	0.01012	0.00723	0.00964	0.01157	0.01205	0.00675	0.00771	0.01157	0.01591	0.02121	0.04579	0.70262	0.05495	0.02603	0.01060	0.00337	0.00482	0.02362	0.00771	0.00675
97	0.01014	0.00752	0.00948	0.01091	0.01191	0.00685	0.00745	0.01184	0.01685	0.02204	0.08286	0.55284	0.16969	0.02463	0.01041	0.00323	0.00466	0.02204	0.00778	0.00685
98	0.02283	0.39838	0.06297	0.02326	0.14329	0.13343	0.01760	0.02608	0.01810	0.02143	0.01263	0.01546	0.01115	0.00792	0.00779	0.00213	0.05543	0.00541	0.00378	0.01093
99	0.01903	0.01907	0.03461	0.19675	0.33039	0.02010	0.16315	0.02437	0.01812	0.02514	0.01538	0.02121	0.01239	0.00800	0.00987	0.00269	0.05628	0.00794	0.00400	0.01150
100	0.01078	0.00805	0.01012	0.01113	0.01261	0.00738	0.00817	0.01315	0.01842	0.02418	0.16464	0.36046	0.19686	0.02282	0.01039	0.00316	0.00489	0.09768	0.00796	0.00713
101	0.02277	0.15826	0.09446	0.02897	0.21629	0.18012	0.02005	0.02798	0.06003	0.02376	0.01484	0.01799	0.01241	0.00865	0.00940	0.00241	0.07969	0.00634	0.00423	0.01134
102	0.01858	0.01685	0.02284	0.24911	0.03406	0.06675	0.06048	0.11561	0.01962	0.02561	0.01788	0.02542	0.01507	0.05903	0.17875	0.00566	0.04640	0.00804	0.00476	0.00949
103	0.02028	0.02141	0.07920	0.04902	0.61153	0.01971	0.02587	0.02555	0.01882	0.02708	0.01557	0.02034	0.01297	0.00744	0.00820	0.00248	0.01004	0.00731	0.00407	0.01310
104	0.01012	0.00723	0.00964	0.01157	0.01205	0.00675	0.00771	0.01157	0.01591	0.02121	0.04579	0.70262	0.05495	0.02603	0.01060	0.00337	0.00482	0.02362	0.00771	0.00675
105	0.02168	0.01515	0.02385	0.15267	0.03054	0.01514	0.12991	0.06346	0.05195	0.18480	0.07917	0.03722	0.13410	0.01170	0.00899	0.00271	0.00856	0.01055	0.00705	0.01082
106	0.02026	0.01943	0.03318	0.09019	0.61936	0.01966	0.02535	0.02523	0.01877	0.02678	0.01557	0.02066	0.01303	0.00746	0.00823	0.00249	0.00994	0.00740	0.00409	0.01292
107	0.01550	0.00821	0.00888	0.05274	0.01282	0.00845	0.00695	0.01948	0.01737	0.03033	0.02628	0.03039	0.02062	0.00959	0.00597	0.00199	0.00435	0.00772	0.70453	0.00784
108	0.02535	0.08605	0.25532	0.02124	0.02907	0.26316	0.02112	0.14959	0.02402	0.02885	0.01492	0.01678	0.01132	0.00850	0.00764	0.00236	0.01240	0.00599	0.00476	0.01156
109	0.02349	0.03250	0.42660	0.02049	0.03053	0.01708	0.02391	0.03171	0.04892	0.23143	0.02155	0.02163	0.01446	0.00882	0.00807	0.00262	0.01033	0.00701	0.00592	0.01292
110	0.02164	0.07825	0.23946	0.12872	0.13516	0.20875	0.02338	0.02728	0.01930	0.02350	0.01418	0.01772	0.01109	0.00802	0.00772	0.00243	0.01226	0.00619	0.00386	0.01108
111	0.02445	0.15909	0.02528	0.01990	0.05243	0.35562	0.01548	0.02724	0.02095	0.02164	0.02051	0.03461	0.02009	0.01183	0.00811	0.00251	0.01175	0.15402	0.00498	0.00950
112	0.01336	0.00910	0.01031	0.00993	0.01044	0.00933	0.00600	0.05298	0.01392	0.01865	0.02558	0.05106	0.02869	0.63147	0.06984	0.00794	0.00879	0.01163	0.00522	0.00575
113	0.01667	0.01698	0.05527	0.13327	0.26351	0.01666	0.08470	0.02117	0.01745	0.02410	0.02429	0.12118	0.05834	0.01528	0.05781	0.00355	0.04401	0.01061	0.00476	0.01041
114	0.01851	0.18860	0.50127	0.02152	0.03231	0.05139	0.02646	0.02630	0.01766	0.02457	0.01409	0.01651	0.01056	0.00775	0.00732	0.00242	0.01166	0.00573	0.00355	0.01181
115	0.06517	0.00829	0.00804	0.00795	0.01010	0.00846	0.00602	0.01969	0.01720	0.03139	0.02607	0.02982	0.02048	0.00955	0.00576	0.00198	0.00404	0.00753	0.70463	0.00783
116	0.02174	0.54120	0.16028	0.01649	0.02439	0.07274	0.01747	0.02570	0.01745	0.02088	0.01227	0.01424	0.01064	0.00735	0.00596	0.00196	0.00993	0.00482	0.00359	0.01090
117	0.02645	0.01812	0.02867	0.03784	0.42202	0.01763	0.02077	0.05993	0.02146	0.23153	0.02133	0.02300	0.01558	0.00845	0.00827	0.00250	0.00894	0.00771	0.00629	0.01352
118	0.01454	0.01270	0.01939	0.02426	0.20526	0.01365	0.01471	0.01785	0.01596	0.02223	0.03052	0.03646	0.13071	0.03518	0.31146	0.00753	0.06366	0.00988	0.00487	0.00917
119	0.01137	0.00858	0.01068	0.01125	0.01326	0.00789	0.00881	0.01438	0.01993	0.02614	0.23706	0.16325	0.24200	0.02102	0.01035	0.00309	0.00511	0.17032	0.00812	0.00739
120	0.03103	0.03959	0.02354	0.02140	0.02568	0.67469	0.01605	0.03317	0.02354	0.02033	0.01284	0.01498	0.01070	0.00856	0.00749	0.00214	0.01498	0.00535	0.00428	0.00963
121	0.01666	0.04297	0.66500	0.02368	0.03596	0.01929	0.03069	0.02631	0.01754	0.02631	0.01491	0.01754	0.01052	0.00789	0.00789	0.00263	0.01228	0.00614	0.00351	0.01228
122	0.02273	0.60093	0.08262	0.01556	0.02273	0.09659	0.01549	0.02581	0.01759	0.02007	0.01190	0.01377	0.01066	0.00731	0.00572	0.00187	0.00972	0.00465	0.00362	0.01066
123	0.01121	0.00875	0.01035	0.01076	0.01315	0.00790	0.00861	0.01416	0.01991	0.02530	0.18647	0.08024	0.36748	0.02077	0.01028	0.00305	0.00512	0.18115	0.00798	0.00736
124	0.21709	0.02865	0.02110	0.01805	0.02328	0.31005	0.01419	0.21342	0.02592	0.03443	0.01470	0.01613	0.01132	0.00878	0.00715	0.00236	0.01103	0.00579	0.00573	0.01085
125	0.02221	0.71304	0.04353	0.01421	0.02132	0.03287	0.01421	0.02488	0.01688	0.01955	0.01155	0.01333	0.01066	0.00711	0.00533	0.00178	0.00888	0.00444	0.00355	0.01066
126	0.01139	0.00848	0.01059	0.01006	0.01218	0.00768	0.00755	0.01496	0.02265	0.03125	0.54399	0.06545	0.18752	0.01775	0.00980	0.00265	0.00397	0.01550	0.00887	0.00768
127	0.00982	0.00842	0.00842	0.00842	0.01122	0.00701	0.00631	0.01192	0.01894	0.02244	0.08416	0.07995	0.65285	0.02104	0.00982	0.00281	0.00421	0.01753	0.00771	0.00701
128	0.02056	0.01974	0.03372	0.05099	0.65622	0.01974	0.02550	0.02550	0.01892	0.02714	0.01563	0.02056	0.01316	0.00740	0.00822	0.00247	0.00987	0.00740	0.00411	0.01316
129	0.01339	0.00956	0.01339	0.01530	0.01721	0.00956	0.01339	0.01721	0.01912	0.02486	0.04399	0.09371	0.04781	0.02295	0.01147	0.00382	0.00765	0.60031	0.00765	0.00765
130	0.01012	0.00723	0.00964	0.01157	0.01205	0.00675	0.00771	0.01157	0.01591	0.02121	0.04579	0.70262	0.05495	0.02603	0.01060	0.00337	0.00482	0.02362	0.00771	0.00675
131	0.01187	0.00890	0.01335	0.01335	0.01483	0.01038	0.01038	0.01483	0.01335	0.01928	0.02225	0.03264	0.02077	0.06231	0.67512	0.01335	0.02225	0.00890	0.00445	0.00742
132	0.01164	0.00840	0.01100	0.01053	0.01238	0.00776	0.00783	0.01538	0.02297	0.03244	0.60817	0.10821	0.07670	0.01764	0.00986	0.00267	0.00398	0.01564	0.00904	0.00776
133	0.01012	0.00723	0.00964	0.01157	0.01205	0.00675	0.00771	0.01157	0.01591	0.02121	0.04579	0.70262	0.05495	0.02603	0.01060	0.00337	0.00482	0.02362	0.00771	0.00675
134	0.01187	0.00890	0.01335	0.01335	0.01483	0.01038	0.01038	0.01483	0.01335	0.01928	0.02225	0.03264	0.02077	0.06231	0.67512	0.01335	0.02225	0.00890	0.00445	0.00742
135	0.01974	0.02111	0.02180	0.01949	0.02095	0.18425	0.01560	0.02194	0.01560	0.01989	0.01437	0.02117	0.01344	0.02557	0.19219	0.00581	0.34707	0.00722	0.00401	0.00879
136	0.01227	0.00910	0.01176	0.01210	0.01334	0.00968	0.00860	0.01632	0.07780	0.02178	0.07656	0.23806	0.03745	0.17418	0.23419	0.00748	0.01129	0.01441	0.00628	0.00734
137	0.11905	0.01933	0.06153	0.25352	0.19301	0.01945	0.16694	0.02423	0.01760	0.02636	0.01504	0.02044	0.01164	0.00767	0.00820	0.00267	0.01092	0.00752	0.00410	0.01077

[dist]
# distance from previous block
# <min> <max>
0	1

[block]
# block no. 2 follows, 22 sequences, length 103
# corresponding to MSA columns:
# 223-325
name=unknown_C
#
# <colnr> <probs for GDERKNQSTAVLIFYWHMCP>
#	G	D	E	R	K	N	Q	S	T	A	V	L	I	F	Y	W	H	M	C	P
0	0.14326	0.01948	0.02683	0.13462	0.37989	0.07291	0.02073	0.02503	0.01810	0.02754	0.01513	0.01965	0.01234	0.00779	0.00756	0.00248	0.00963	0.00677	0.03892	0.01135
1	0.02154	0.02168	0.02390	0.02882	0.24238	0.14107	0.01735	0.03258	0.25094	0.02826	0.02829	0.02896	0.07722	0.01033	0.00832	0.00257	0.00907	0.00871	0.00609	0.01192
2	0.02220	0.20966	0.17353	0.02927	0.23355	0.02425	0.02183	0.13800	0.02183	0.02964	0.01519	0.01786	0.01210	0.00791	0.00740	0.00232	0.01000	0.00635	0.00461	0.01248
3	0.02155	0.03017	0.17936	0.09319	0.14983	0.18121	0.17331	0.02745	0.01969	0.02459	0.01499	0.01910	0.01161	0.00779	0.00837	0.00254	0.01282	0.00720	0.00400	0.01123
4	0.02720	0.23247	0.08962	0.01928	0.02540	0.35404	0.01686	0.09794	0.02282	0.02431	0.01347	0.01531	0.01106	0.00824	0.00700	0.00212	0.01230	0.00540	0.00446	0.01069
5	0.01187	0.00890	0.01335	0.01335	0.01483	0.01038	0.01038	0.01483	0.01335	0.01928	0.02225	0.03264	0.02077	0.06231	0.67512	0.01335	0.02225	0.00890	0.00445	0.00742
6	0.02057	0.01964	0.03291	0.04915	0.62188	0.01979	0.02483	0.02650	0.05259	0.02755	0.01661	0.02113	0.01382	0.00761	0.00824	0.00249	0.00969	0.00751	0.00435	0.01316
7	0.02190	0.21886	0.18931	0.01833	0.02580	0.18385	0.01816	0.02635	0.01859	0.02286	0.01329	0.01572	0.01095	0.00779	0.00757	0.00206	0.03901	0.00530	0.00398	0.15031
8	0.01189	0.00882	0.01129	0.01161	0.01373	0.00823	0.00933	0.01540	0.02114	0.02832	0.33686	0.07605	0.18682	0.01976	0.01035	0.00305	0.00519	0.20617	0.00836	0.00761
9	0.01130	0.00841	0.00977	0.00967	0.01136	0.00773	0.00688	0.01351	0.01853	0.02438	0.25165	0.06773	0.25393	0.21240	0.01901	0.00427	0.00540	0.04987	0.00743	0.00677
10	0.01029	0.00739	0.00999	0.01173	0.01231	0.00709	0.00796	0.01187	0.01567	0.02103	0.04358	0.63979	0.05174	0.02943	0.07292	0.00431	0.00645	0.02224	0.00741	0.00681
11	0.01075	0.00797	0.01092	0.01229	0.01292	0.00813	0.00859	0.01246	0.01535	0.02084	0.04046	0.56393	0.04748	0.03148	0.12015	0.00502	0.03678	0.02051	0.00700	0.00696
12	0.01326	0.00790	0.00882	0.00882	0.00938	0.00790	0.00543	0.01410	0.01354	0.02031	0.02551	0.04522	0.02635	0.45016	0.03086	0.06602	0.00677	0.01043	0.22353	0.00571
13	0.02221	0.71304	0.04353	0.01421	0.02132	0.03287	0.01421	0.02488	0.01688	0.01955	0.01155	0.01333	0.01066	0.00711	0.00533	0.00178	0.00888	0.00444	0.00355	0.01066
14	0.02056	0.01974	0.03372	0.05099	0.65622	0.01974	0.02550	0.02550	0.01892	0.02714	0.01563	0.02056	0.01316	0.00740	0.00822	0.00247	0.00987	0.00740	0.00411	0.01316
15	0.01189	0.00883	0.01300	0.01300	0.01436	0.01019	0.00994	0.01461	0.01325	0.01902	0.02258	0.03443	0.02155	0.11565	0.62285	0.01291	0.02108	0.00916	0.00450	0.00722
16	0.00982	0.00842	0.00842	0.00842	0.01122	0.00701	0.00631	0.01192	0.01894	0.02244	0.08416	0.07995	0.65285	0.02104	0.00982	0.00281	0.00421	0.01753	0.00771	0.00701
17	0.01261	0.00860	0.01188	0.01188	0.01334	0.00967	0.00904	0.01552	0.01407	0.02138	0.02354	0.03403	0.02163	0.10317	0.49042	0.01064	0.01743	0.00892	0.15493	0.00729
18	0.01940	0.02070	0.02004	0.01830	0.02014	0.20886	0.01443	0.02177	0.01613	0.01981	0.01602	0.02305	0.01480	0.03196	0.28143	0.00710	0.22597	0.00736	0.00415	0.00858
19	0.02694	0.02059	0.02234	0.04776	0.02521	0.02312	0.01488	0.40275	0.21278	0.04484	0.02409	0.02378	0.01760	0.01026	0.00824	0.00257	0.00823	0.00805	0.04264	0.01333
20	0.02025	0.01943	0.03317	0.09100	0.61860	0.01966	0.02534	0.02523	0.01877	0.02677	0.01557	0.02066	0.01303	0.00746	0.00823	0.00249	0.00994	0.00740	0.00409	0.01291
21	0.02192	0.02356	0.02845	0.22904	0.31394	0.19333	0.02228	0.02629	0.01947	0.02361	0.01464	0.01954	0.01190	0.00797	0.00805	0.00247	0.01158	0.00685	0.00403	0.01107
22	0.01643	0.27218	0.02415	0.01313	0.01715	0.05759	0.01131	0.01906	0.01642	0.02009	0.03047	0.03416	0.14668	0.03010	0.24947	0.00621	0.01313	0.00881	0.00478	0.00867
23	0.01692	0.01437	0.01674	0.01211	0.01905	0.01089	0.00956	0.02039	0.01692	0.02642	0.01544	0.01944	0.01337	0.04793	0.00830	0.00164	0.00627	0.00535	0.00493	0.71396
24	0.01096	0.00832	0.01023	0.01108	0.01289	0.00759	0.00843	0.01352	0.01883	0.02434	0.15678	0.26159	0.26047	0.02223	0.01039	0.00315	0.00505	0.13901	0.00793	0.00720
25	0.02845	0.03472	0.02213	0.02012	0.02441	0.53933	0.01517	0.03410	0.12500	0.02279	0.01925	0.02031	0.03978	0.00952	0.00775	0.00228	0.01315	0.00652	0.00511	0.01010
26	0.03042	0.03857	0.02363	0.02142	0.02550	0.64370	0.01615	0.03254	0.02303	0.02032	0.01275	0.01513	0.01071	0.00885	0.00843	0.00221	0.04734	0.00544	0.00425	0.00960
27	0.01006	0.00745	0.00941	0.01098	0.01189	0.00680	0.00745	0.01163	0.01647	0.02144	0.05295	0.58647	0.16648	0.02510	0.01046	0.00327	0.00471	0.02248	0.00771	0.00680
28	0.02025	0.01943	0.03317	0.09100	0.61860	0.01966	0.02534	0.02523	0.01877	0.02677	0.01557	0.02066	0.01303	0.00746	0.00823	0.00249	0.00994	0.00740	0.00409	0.01291
29	0.01187	0.00890	0.01335	0.01335	0.01483	0.01038	0.01038	0.01483	0.01335	0.01928	0.02225	0.03264	0.02077	0.06231	0.67512	0.01335	0.02225	0.00890	0.00445	0.00742
30	0.01012	0.00723	0.00964	0.01157	0.01205	0.00675	0.00771	0.01157	0.01591	0.02121	0.04579	0.70262	0.05495	0.02603	0.01060	0.00337	0.00482	0.02362	0.00771	0.00675
31	0.01133	0.00774	0.00928	0.01003	0.01021	0.00755	0.00607	0.01188	0.01356	0.01807	0.03374	0.30433	0.03974	0.44506	0.03007	0.00625	0.00681	0.01653	0.00607	0.00569
32	0.01188	0.00886	0.01316	0.01316	0.01458	0.01028	0.01015	0.01471	0.01329	0.01914	0.02243	0.03360	0.02119	0.09109	0.64691	0.01312	0.02162	0.00904	0.00448	0.00731
33	0.01208	0.00805	0.00906	0.00906	0.00906	0.00805	0.00503	0.01208	0.01208	0.01611	0.02618	0.05436	0.03020	0.70804	0.04228	0.00805	0.00805	0.01208	0.00503	0.00503
34	0.01818	0.01818	0.02545	0.02181	0.02181	0.02545	0.01818	0.01999	0.01272	0.01999	0.01091	0.01818	0.01091	0.01454	0.02726	0.00364	0.69284	0.00727	0.00364	0.00909
35	0.01012	0.00723	0.00964	0.01157	0.01205	0.00675	0.00771	0.01157	0.01591	0.02121	0.04579	0.70262	0.05495	0.02603	0.01060	0.00337	0.00482	0.02362	0.00771	0.00675
36	0.01208	0.00805	0.00906	0.00906	0.00906	0.00805	0.00503	0.01208	0.01208	0.01611	0.02618	0.05436	0.03020	0.70804	0.04228	0.00805	0.00805	0.01208	0.00503	0.00503
37	0.01187	0.00890	0.01335	0.01335	0.01483	0.01038	0.01038	0.01483	0.01335	0.01928	0.02225	0.03264	0.02077	0.06231	0.67512	0.01335	0.02225	0.00890	0.00445	0.00742
38	0.01509	0.00925	0.01149	0.01113	0.01269	0.00887	0.00765	0.04262	0.01810	0.09425	0.16821	0.23338	0.04585	0.25912	0.02111	0.00471	0.00619	0.01534	0.00740	0.00753
39	0.02657	0.03254	0.02975	0.02442	0.02952	0.43180	0.16747	0.02996	0.02143	0.02216	0.01376	0.01718	0.01126	0.00855	0.00958	0.00238	0.06834	0.00659	0.00424	0.04251
40	0.01313	0.00938	0.01309	0.01500	0.01680	0.00934	0.01293	0.01676	0.01887	0.02457	0.04413	0.14220	0.04838	0.02319	0.01141	0.00379	0.00742	0.55438	0.00765	0.00758
41	0.02951	0.03817	0.05497	0.02387	0.07639	0.59125	0.01750	0.03223	0.02289	0.02116	0.01316	0.01555	0.01089	0.00844	0.00757	0.00219	0.01445	0.00555	0.00423	0.01004
42	0.01946	0.02064	0.02180	0.01947	0.02085	0.17072	0.01562	0.02165	0.01538	0.01988	0.01436	0.02128	0.01348	0.02585	0.19480	0.00587	0.35887	0.00726	0.00400	0.00877
43	0.03158	0.02327	0.02493	0.01911	0.02576	0.02576	0.01579	0.62852	0.03906	0.05236	0.01995	0.01995	0.01413	0.00997	0.00831	0.00249	0.00914	0.00748	0.00831	0.01413
44	0.01069	0.00747	0.00947	0.01084	0.01118	0.00713	0.00693	0.01172	0.01479	0.01972	0.04006	0.51345	0.04772	0.22505	0.01985	0.00474	0.00576	0.02025	0.00693	0.00625
45	0.10525	0.01808	0.04252	0.04533	0.01895	0.13567	0.01120	0.07085	0.02077	0.02767	0.07833	0.07034	0.23656	0.01411	0.00827	0.00256	0.00755	0.01124	0.06598	0.00876
46	0.01911	0.01826	0.03110	0.24036	0.47817	0.01936	0.02477	0.02423	0.01823	0.02538	0.01537	0.02103	0.01254	0.00767	0.00825	0.00256	0.01023	0.00740	0.00399	0.01199
47	0.01115	0.00876	0.01027	0.01073	0.01315	0.00788	0.00861	0.01403	0.01968	0.02478	0.15771	0.08128	0.38999	0.02099	0.01030	0.00307	0.00517	0.18722	0.00791	0.00732
48	0.02093	0.02850	0.19396	0.02130	0.02610	0.14376	0.02026	0.08078	0.01854	0.02471	0.01408	0.01873	0.01185	0.01503	0.06825	0.00376	0.26810	0.00676	0.00423	0.01038
49	0.01893	0.02062	0.09063	0.21419	0.44220	0.01936	0.02535	0.02446	0.01819	0.02552	0.01534	0.02069	0.01237	0.00768	0.00821	0.00256	0.01041	0.00728	0.00395	0.01205
50	0.01644	0.00867	0.00877	0.00842	0.01064	0.00882	0.00640	0.05562	0.01871	0.03224	0.02667	0.03032	0.02087	0.00970	0.00596	0.00197	0.00419	0.00773	0.70976	0.00812
51	0.00991	0.00807	0.00877	0.00933	0.01146	0.00694	0.00672	0.01182	0.01806	0.02209	0.07308	0.25971	0.48024	0.02248	0.01005	0.00297	0.00438	0.01929	0.00771	0.00694
52	0.01654	0.03983	0.59288	0.02368	0.03510	0.01886	0.06170	0.02564	0.01740	0.02591	0.01545	0.01870	0.01125	0.01108	0.04771	0.00328	0.01296	0.00650	0.00360	0.01193
53	0.01471	0.01274	0.01643	0.02056	0.14632	0.04014	0.01326	0.01867	0.04487	0.02413	0.04549	0.11536	0.18853	0.05919	0.01186	0.00339	0.00732	0.20165	0.00668	0.00871
54	0.01601	0.01422	0.02050	0.06031	0.18125	0.04418	0.01568	0.01952	0.01559	0.02224	0.01889	0.02663	0.01689	0.03484	0.33152	0.00780	0.08530	0.00804	0.05132	0.00927
55	0.17273	0.01702	0.02519	0.31192	0.24393	0.01922	0.02067	0.04835	0.01778	0.02776	0.01460	0.01975	0.01146	0.00796	0.00763	0.00262	0.00964	0.00680	0.00432	0.01067
56	0.01818	0.01818	0.02545	0.02181	0.02181	0.02545	0.01818	0.01999	0.01272	0.01999	0.01091	0.01818	0.01091	0.01454	0.02726	0.00364	0.69284	0.00727	0.00364	0.00909
57	0.01261	0.01052	0.01564	0.26295	0.02919	0.01169	0.01358	0.01652	0.04226	0.02183	0.03536	0.39613	0.06223	0.01862	0.00963	0.00310	0.00719	0.01674	0.00625	0.00795
58	0.01148	0.00818	0.01061	0.01205	0.01303	0.00788	0.00888	0.01343	0.01638	0.02146	0.04398	0.35465	0.08568	0.15199	0.01673	0.00435	0.00626	0.19908	0.00719	0.00672
59	0.18203	0.07703	0.04400	0.01568	0.02065	0.16806	0.01289	0.05153	0.10007	0.11472	0.05895	0.07827	0.02135	0.01082	0.00750	0.00251	0.00873	0.00821	0.00644	0.01056
60	0.01760	0.01443	0.01600	0.01475	0.01832	0.01597	0.01127	0.05774	0.38528	0.03334	0.18173	0.12774	0.04145	0.01455	0.00905	0.00283	0.00582	0.01255	0.00851	0.01107
61	0.01757	0.15272	0.56321	0.02213	0.03356	0.02152	0.02799	0.02607	0.01743	0.02520	0.01436	0.01685	0.01055	0.00776	0.00747	0.00249	0.01172	0.00586	0.00352	0.01201
62	0.01949	0.02207	0.04714	0.03396	0.04170	0.02136	0.57764	0.02608	0.01906	0.02608	0.01634	0.02207	0.01247	0.00760	0.01119	0.00287	0.06807	0.00960	0.00416	0.01104
63	0.01105	0.00800	0.01064	0.01241	0.01349	0.00759	0.00926	0.01324	0.01709	0.02237	0.04832	0.47534	0.10048	0.02473	0.01080	0.00346	0.00560	0.19142	0.00769	0.00703
64	0.01339	0.00956	0.01339	0.01530	0.01721	0.00956	0.01339	0.01721	0.01912	0.02486	0.04399	0.09371	0.04781	0.02295	0.01147	0.00382	0.00765	0.60031	0.00765	0.00765
65	0.01083	0.00756	0.00952	0.01070	0.01110	0.00722	0.00685	0.01193	0.01503	0.02014	0.06826	0.46278	0.04807	0.24590	0.02080	0.00485	0.00582	0.01948	0.00691	0.00625
66	0.01012	0.00723	0.00964	0.01157	0.01205	0.00675	0.00771	0.01157	0.01591	0.02121	0.04579	0.70262	0.05495	0.02603	0.01060	0.00337	0.00482	0.02362	0.00771	0.00675
67	0.01151	0.00982	0.01007	0.00976	0.01281	0.00908	0.00739	0.01687	0.11164	0.02472	0.10022	0.07193	0.53573	0.01942	0.00961	0.00280	0.00455	0.01622	0.00788	0.00796
68	0.01569	0.01477	0.02492	0.68808	0.05722	0.01846	0.02307	0.02123	0.01661	0.02123	0.01477	0.02215	0.01107	0.00831	0.00831	0.00277	0.01107	0.00738	0.00369	0.00923
69	0.01187	0.00890	0.01335	0.01335	0.01483	0.01038	0.01038	0.01483	0.01335	0.01928	0.02225	0.03264	0.02077	0.06231	0.67512	0.01335	0.02225	0.00890	0.00445	0.00742
70	0.01080	0.00845	0.00977	0.00944	0.01182	0.00743	0.00708	0.01382	0.02125	0.02793	0.37094	0.07091	0.36265	0.01899	0.00981	0.00271	0.00406	0.01627	0.00844	0.00743
71	0.03103	0.03959	0.02354	0.02140	0.02568	0.67469	0.01605	0.03317	0.02354	0.02033	0.01284	0.01498	0.01070	0.00856	0.00749	0.00214	0.01498	0.00535	0.00428	0.00963
72	0.01079	0.00911	0.01164	0.01136	0.01391	0.00803	0.04612	0.01318	0.01830	0.02261	0.06794	0.22003	0.42753	0.02145	0.01013	0.00302	0.00524	0.06485	0.00749	0.00727
73	0.01188	0.00885	0.01308	0.01308	0.01447	0.01024	0.01005	0.01466	0.01327	0.01909	0.02250	0.03400	0.02136	0.10286	0.63538	0.01302	0.02136	0.00910	0.00449	0.00727
74	0.01012	0.00723	0.00964	0.01157	0.01205	0.00675	0.00771	0.01157	0.01591	0.02121	0.04579	0.70262	0.05495	0.02603	0.01060	0.00337	0.00482	0.02362	0.00771	0.00675
75	0.02056	0.01974	0.03372	0.05099	0.65622	0.01974	0.02550	0.02550	0.01892	0.02714	0.01563	0.02056	0.01316	0.00740	0.00822	0.00247	0.00987	0.00740	0.00411	0.01316
76	0.01939	0.02083	0.02625	0.21667	0.03476	0.15449	0.09715	0.02320	0.01707	0.02118	0.01481	0.02128	0.01254	0.01730	0.10747	0.00435	0.17055	0.00747	0.00397	0.00928
77	0.01012	0.00723	0.00964	0.01157	0.01205	0.00675	0.00771	0.01157	0.01591	0.02121	0.04579	0.70262	0.05495	0.02603	0.01060	0.00337	0.00482	0.02362	0.00771	0.00675
78	0.01187	0.00890	0.01335	0.01335	0.01483	0.01038	0.01038	0.01483	0.01335	0.01928	0.02225	0.03264	0.02077	0.06231	0.67512	0.01335	0.02225	0.00890	0.00445	0.00742
79	0.01028	0.00730	0.00959	0.01137	0.01181	0.00685	0.00750	0.01161	0.01560	0.02080	0.04423	0.65100	0.05297	0.08034	0.01313	0.00375	0.00508	0.02270	0.00750	0.00661
80	0.01786	0.01618	0.02376	0.13676	0.02806	0.02034	0.05305	0.09050	0.01704	0.02421	0.01574	0.02283	0.01380	0.02405	0.17775	0.00566	0.29068	0.00786	0.00442	0.00942
81	0.24572	0.03273	0.02024	0.01834	0.02288	0.48325	0.01399	0.03062	0.02080	0.02528	0.01247	0.01455	0.01020	0.00831	0.00680	0.00227	0.01248	0.00510	0.00453	0.00945
82	0.01613	0.00941	0.01218	0.01114	0.01388	0.00845	0.00847	0.01946	0.02228	0.14805	0.41106	0.12288	0.12977	0.01711	0.00961	0.00270	0.00463	0.01494	0.00905	0.00881
83	0.00992	0.00842	0.00856	0.00853	0.01129	0.00706	0.00639	0.01213	0.01918	0.02303	0.11488	0.07898	0.62176	0.02082	0.00982	0.00279	0.00419	0.01740	0.00779	0.00706
84	0.01842	0.01751	0.02921	0.21523	0.40631	0.01904	0.02315	0.02305	0.01762	0.02463	0.01692	0.06363	0.01505	0.00938	0.00991	0.00270	0.06426	0.00840	0.00419	0.01139
85	0.01818	0.01818	0.02545	0.02181	0.02181	0.02545	0.01818	0.01999	0.01272	0.01999	0.01091	0.01818	0.01091	0.01454	0.02726	0.00364	0.69284	0.00727	0.00364	0.00909
86	0.01700	0.01610	0.02729	0.51661	0.21844	0.01880	0.02372	0.02237	0.01723	0.02282	0.01500	0.02172	0.01164	0.00806	0.00828	0.00269	0.01075	0.00739	0.00380	0.01029
87	0.21115	0.15854	0.07536	0.01735	0.02310	0.31104	0.01496	0.02922	0.01950	0.05282	0.01332	0.01509	0.01069	0.00810	0.00657	0.00224	0.01116	0.00516	0.00456	0.01007
88	0.02221	0.71304	0.04353	0.01421	0.02132	0.03287	0.01421	0.02488	0.01688	0.01955	0.01155	0.01333	0.01066	0.00711	0.00533	0.00178	0.00888	0.00444	0.00355	0.01066
89	0.01485	0.01249	0.01650	0.13641	0.02405	0.01434	0.01325	0.02332	0.17619	0.02503	0.05542	0.12077	0.07670	0.02503	0.14736	0.00515	0.04297	0.05460	0.00635	0.00921
90	0.05399	0.07492	0.05349	0.02180	0.02874	0.04985	0.14153	0.34395	0.08084	0.04040	0.01905	0.02036	0.01403	0.00904	0.00824	0.00252	0.01016	0.00765	0.00667	0.01275
91	0.17001	0.01783	0.01950	0.02125	0.13737	0.06988	0.01403	0.08123	0.12046	0.03192	0.08131	0.02792	0.04951	0.01358	0.04820	0.00322	0.03689	0.00825	0.03700	0.01062
92	0.06326	0.02193	0.17765	0.14889	0.05831	0.01675	0.15822	0.02271	0.01897	0.02752	0.14757	0.03162	0.02659	0.01022	0.00878	0.00273	0.01008	0.03286	0.00515	0.01018
