[name]
unknown

[dist]
# distance from previous block
# <min> <max>
0	0

[block]
# block no. 0 follows, 22 sequences, length 63
# corresponding to MSA columns:
# 0-62
name=unknown_A
#
# <colnr> <probs for GDERKNQSTAVLIFYWHMCP>
#	G	D	E	R	K	N	Q	S	T	A	V	L	I	F	Y	W	H	M	C	P
0	0.01339	0.00956	0.01339	0.01530	0.01721	0.00956	0.01339	0.01721	0.01912	0.02486	0.04399	0.09371	0.04781	0.02295	0.01147	0.00382	0.00765	0.60031	0.00765	0.00765
1	0.76672	0.01607	0.01221	0.01092	0.01607	0.01864	0.00900	0.02442	0.01414	0.03727	0.01157	0.01350	0.00900	0.00771	0.00514	0.00257	0.00643	0.00450	0.00514	0.00900
2	0.76672	0.01607	0.01221	0.01092	0.01607	0.01864	0.00900	0.02442	0.01414	0.03727	0.01157	0.01350	0.00900	0.00771	0.00514	0.00257	0.00643	0.00450	0.00514	0.00900
3	0.01818	0.01818	0.02545	0.02181	0.02181	0.02545	0.01818	0.01999	0.01272	0.01999	0.01091	0.01818	0.01091	0.01454	0.02726	0.00364	0.69284	0.00727	0.00364	0.00909
4	0.76672	0.01607	0.01221	0.01092	0.01607	0.01864	0.00900	0.02442	0.01414	0.03727	0.01157	0.01350	0.00900	0.00771	0.00514	0.00257	0.00643	0.00450	0.00514	0.00900
5	0.76672	0.01607	0.01221	0.01092	0.01607	0.01864	0.00900	0.02442	0.01414	0.03727	0.01157	0.01350	0.00900	0.00771	0.00514	0.00257	0.00643	0.00450	0.00514	0.00900
6	0.01012	0.00723	0.00964	0.01157	0.01205	0.00675	0.00771	0.01157	0.01591	0.02121	0.04579	0.70262	0.05495	0.02603	0.01060	0.00337	0.00482	0.02362	0.00771	0.00675
7	0.03103	0.03959	0.02354	0.02140	0.02568	0.67469	0.01605	0.03317	0.02354	0.02033	0.01284	0.01498	0.01070	0.00856	0.00749	0.00214	0.01498	0.00535	0.00428	0.00963
8	0.00982	0.00842	0.00842	0.00842	0.01122	0.00701	0.00631	0.01192	0.01894	0.02244	0.08416	0.07995	0.65285	0.02104	0.00982	0.00281	0.00421	0.01753	0.00771	0.00701
9	0.01012	0.00723	0.00964	0.01157	0.01205	0.00675	0.00771	0.01157	0.01591	0.02121	0.04579	0.70262	0.05495	0.02603	0.01060	0.00337	0.00482	0.02362	0.00771	0.00675
10	0.01723	0.01477	0.01723	0.01230	0.01969	0.01107	0.00984	0.02092	0.01723	0.02707	0.01477	0.01723	0.01230	0.00615	0.00615	0.00123	0.00615	0.00492	0.00492	0.75883
11	0.01961	0.02241	0.04902	0.03501	0.04342	0.02101	0.62605	0.02661	0.01961	0.02661	0.01681	0.02241	0.01261	0.00700	0.00980	0.00280	0.01401	0.00980	0.00420	0.01120
12	0.02056	0.01974	0.03372	0.05099	0.65622	0.01974	0.02550	0.02550	0.01892	0.02714	0.01563	0.02056	0.01316	0.00740	0.00822	0.00247	0.00987	0.00740	0.00411	0.01316
13	0.02056	0.01974	0.03372	0.05099	0.65622	0.01974	0.02550	0.02550	0.01892	0.02714	0.01563	0.02056	0.01316	0.00740	0.00822	0.00247	0.00987	0.00740	0.00411	0.01316
14	0.01443	0.00722	0.01082	0.01082	0.01082	0.00722	0.00722	0.01082	0.01082	0.01443	0.01443	0.02525	0.01443	0.02886	0.03247	0.75830	0.00722	0.00722	0.00361	0.00361
15	0.03103	0.03959	0.02354	0.02140	0.02568	0.67469	0.01605	0.03317	0.02354	0.02033	0.01284	0.01498	0.01070	0.00856	0.00749	0.00214	0.01498	0.00535	0.00428	0.00963
16	0.01164	0.00849	0.01094	0.01032	0.01234	0.00779	0.00774	0.01544	0.02323	0.03263	0.61616	0.06318	0.11449	0.01724	0.00980	0.00262	0.00394	0.01518	0.00906	0.00779
17	0.01187	0.00890	0.01335	0.01335	0.01483	0.01038	0.01038	0.01483	0.01335	0.01928	0.02225	0.03264	0.02077	0.06231	0.67512	0.01335	0.02225	0.00890	0.00445	0.00742
18	0.01569	0.01477	0.02492	0.68808	0.05722	0.01846	0.02307	0.02123	0.01661	0.02123	0.01477	0.02215	0.01107	0.00831	0.00831	0.00277	0.01107	0.00738	0.00369	0.00923
19	0.02190	0.02228	0.03242	0.04720	0.57544	0.10365	0.02429	0.02648	0.01951	0.02627	0.01527	0.01985	0.01284	0.00755	0.00813	0.00243	0.01052	0.00714	0.00413	0.01271
20	0.02221	0.71304	0.04353	0.01421	0.02132	0.03287	0.01421	0.02488	0.01688	0.01955	0.01155	0.01333	0.01066	0.00711	0.00533	0.00178	0.00888	0.00444	0.00355	0.01066
21	0.01498	0.01053	0.01502	0.17824	0.02423	0.01077	0.01189	0.01896	0.02111	0.09002	0.35973	0.07853	0.10349	0.01493	0.00933	0.00270	0.00606	0.01308	0.00772	0.00868
22	0.01961	0.02241	0.04902	0.03501	0.04342	0.02101	0.62605	0.02661	0.01961	0.02661	0.01681	0.02241	0.01261	0.00700	0.00980	0.00280	0.01401	0.00980	0.00420	0.01120
23	0.01192	0.00870	0.01232	0.01232	0.01345	0.00983	0.00910	0.01417	0.01305	0.01852	0.02319	0.03784	0.02303	0.21704	0.52348	0.01208	0.01885	0.00966	0.00459	0.00685
24	0.02056	0.01974	0.03372	0.05099	0.65622	0.01974	0.02550	0.02550	0.01892	0.02714	0.01563	0.02056	0.01316	0.00740	0.00822	0.00247	0.00987	0.00740	0.00411	0.01316
25	0.01176	0.00849	0.01110	0.01045	0.01241	0.00784	0.00784	0.01568	0.02352	0.03331	0.65184	0.06206	0.07839	0.01698	0.00980	0.00261	0.00392	0.01502	0.00914	0.00784
26	0.02783	0.03425	0.02402	0.02150	0.02472	0.51282	0.01658	0.02989	0.02084	0.02025	0.01236	0.01578	0.01075	0.01005	0.01242	0.00251	0.18399	0.00583	0.00412	0.00950
27	0.01188	0.00885	0.01311	0.01311	0.01451	0.01025	0.01008	0.01468	0.01328	0.01911	0.02247	0.03385	0.02130	0.09847	0.63968	0.01305	0.02146	0.00908	0.00448	0.00728
28	0.02221	0.71304	0.04353	0.01421	0.02132	0.03287	0.01421	0.02488	0.01688	0.01955	0.01155	0.01333	0.01066	0.00711	0.00533	0.00178	0.00888	0.00444	0.00355	0.01066
29	0.01666	0.04297	0.66500	0.02368	0.03596	0.01929	0.03069	0.02631	0.01754	0.02631	0.01491	0.01754	0.01052	0.00789	0.00789	0.00263	0.01228	0.00614	0.00351	0.01228
30	0.02783	0.03425	0.02402	0.02150	0.02472	0.51282	0.01658	0.02989	0.02084	0.02025	0.01236	0.01578	0.01075	0.01005	0.01242	0.00251	0.18399	0.00583	0.00412	0.00950
31	0.02056	0.01974	0.03372	0.05099	0.65622	0.01974	0.02550	0.02550	0.01892	0.02714	0.01563	0.02056	0.01316	0.00740	0.00822	0.00247	0.00987	0.00740	0.00411	0.01316
32	0.01003	0.00758	0.00928	0.01063	0.01180	0.00683	0.00729	0.01167	0.01681	0.02157	0.05721	0.51722	0.23297	0.02454	0.01037	0.00320	0.00464	0.02181	0.00771	0.00683
33	0.00982	0.00842	0.00842	0.00842	0.01122	0.00701	0.00631	0.01192	0.01894	0.02244	0.08416	0.07995	0.65285	0.02104	0.00982	0.00281	0.00421	0.01753	0.00771	0.00701
34	0.02056	0.01974	0.03372	0.05099	0.65622	0.01974	0.02550	0.02550	0.01892	0.02714	0.01563	0.02056	0.01316	0.00740	0.00822	0.00247	0.00987	0.00740	0.00411	0.01316
35	0.01666	0.04297	0.66500	0.02368	0.03596	0.01929	0.03069	0.02631	0.01754	0.02631	0.01491	0.01754	0.01052	0.00789	0.00789	0.00263	0.01228	0.00614	0.00351	0.01228
36	0.08024	0.03818	0.53868	0.02494	0.07512	0.01935	0.05765	0.02611	0.01744	0.02730	0.01477	0.01763	0.01067	0.00780	0.00778	0.00262	0.01171	0.00626	0.00372	0.01201
37	0.06658	0.03542	0.46500	0.02966	0.18931	0.01936	0.02798	0.02598	0.01766	0.02723	0.01487	0.01803	0.01108	0.00776	0.00780	0.00259	0.01130	0.00635	0.00377	0.01228
38	0.02417	0.16282	0.11389	0.03077	0.26588	0.05178	0.04679	0.02887	0.01954	0.15138	0.01804	0.02006	0.01365	0.00802	0.00766	0.00237	0.00984	0.00684	0.00516	0.01248
39	0.01986	0.01900	0.03207	0.04821	0.61413	0.01891	0.02424	0.02461	0.01892	0.02683	0.02010	0.02444	0.05490	0.00829	0.00833	0.00249	0.00950	0.00806	0.00435	0.01276
40	0.01576	0.02867	0.35123	0.02154	0.02971	0.01648	0.11764	0.02300	0.01941	0.02814	0.20044	0.03129	0.03062	0.01067	0.00954	0.00269	0.03786	0.00935	0.00526	0.01069
41	0.01448	0.01344	0.02126	0.48584	0.07657	0.01567	0.01902	0.01913	0.01731	0.02183	0.03211	0.03648	0.17120	0.01143	0.00868	0.00276	0.00930	0.00991	0.00472	0.00888
42	0.01946	0.02631	0.21241	0.04326	0.48065	0.01961	0.02697	0.02573	0.01853	0.02691	0.01542	0.01971	0.01241	0.00754	0.00813	0.00251	0.01055	0.00704	0.00394	0.01291
43	0.01935	0.01850	0.03153	0.20984	0.50687	0.01942	0.02489	0.02443	0.01834	0.02567	0.01541	0.02096	0.01264	0.00763	0.00824	0.00254	0.01017	0.00740	0.00401	0.01218
44	0.02798	0.03371	0.02587	0.02859	0.18272	0.48323	0.01828	0.03173	0.04899	0.02265	0.01444	0.01706	0.01195	0.00839	0.00772	0.00225	0.01334	0.00604	0.00442	0.01066
45	0.01841	0.03256	0.38209	0.03592	0.31393	0.01949	0.02836	0.02594	0.01816	0.02668	0.01523	0.01889	0.01170	0.00767	0.00804	0.00256	0.01120	0.00670	0.00378	0.01267
46	0.01722	0.19032	0.05988	0.07668	0.02833	0.02049	0.16586	0.02147	0.01632	0.02177	0.01768	0.05524	0.01598	0.02306	0.18376	0.00538	0.05842	0.00837	0.00416	0.00960
47	0.02322	0.02713	0.30788	0.01883	0.02705	0.01626	0.02027	0.08015	0.05303	0.21138	0.02541	0.10929	0.02017	0.01125	0.00844	0.00271	0.00926	0.00930	0.00666	0.01231
48	0.01208	0.00805	0.00906	0.00906	0.00906	0.00805	0.00503	0.01208	0.01208	0.01611	0.02618	0.05436	0.03020	0.70804	0.04228	0.00805	0.00805	0.01208	0.00503	0.00503
49	0.01685	0.04168	0.62628	0.02439	0.03642	0.01940	0.06811	0.02633	0.01767	0.02633	0.01503	0.01785	0.01065	0.00784	0.00801	0.00264	0.01239	0.00637	0.00355	0.01221
50	0.02857	0.03211	0.02407	0.02338	0.08808	0.42104	0.01654	0.12015	0.11441	0.02773	0.01717	0.01857	0.01356	0.00904	0.00782	0.00232	0.01241	0.00645	0.00545	0.01114
51	0.02232	0.01828	0.01878	0.01675	0.02138	0.06029	0.01306	0.04119	0.50255	0.09264	0.03164	0.02984	0.02368	0.01434	0.05189	0.00344	0.00817	0.00901	0.00810	0.01265
52	0.00982	0.00842	0.00842	0.00842	0.01122	0.00701	0.00631	0.01192	0.01894	0.02244	0.08416	0.07995	0.65285	0.02104	0.00982	0.00281	0.00421	0.01753	0.00771	0.00701
53	0.02974	0.02534	0.02370	0.01917	0.02509	0.14147	0.01542	0.42865	0.13208	0.04380	0.02088	0.02081	0.01530	0.00993	0.00819	0.00248	0.00978	0.00740	0.00761	0.01316
54	0.01844	0.02561	0.18154	0.03040	0.06738	0.01996	0.36951	0.02619	0.04910	0.02635	0.01850	0.05954	0.01508	0.00886	0.01012	0.00282	0.04541	0.00950	0.00442	0.01128
55	0.01012	0.00723	0.00964	0.01157	0.01205	0.00675	0.00771	0.01157	0.01591	0.02121	0.04579	0.70262	0.05495	0.02603	0.01060	0.00337	0.00482	0.02362	0.00771	0.00675
56	0.02056	0.01974	0.03372	0.05099	0.65622	0.01974	0.02550	0.02550	0.01892	0.02714	0.01563	0.02056	0.01316	0.00740	0.00822	0.00247	0.00987	0.00740	0.00411	0.01316
57	0.02369	0.05721	0.06373	0.15408	0.09694	0.29447	0.14150	0.02814	0.02040	0.02270	0.01433	0.01845	0.01138	0.00799	0.00811	0.00244	0.01315	0.00684	0.00407	0.01039
58	0.03103	0.03959	0.02354	0.02140	0.02568	0.67469	0.01605	0.03317	0.02354	0.02033	0.01284	0.01498	0.01070	0.00856	0.00749	0.00214	0.01498	0.00535	0.00428	0.00963
59	0.01540	0.00958	0.01149	0.01088	0.01402	0.00843	0.00863	0.01828	0.02063	0.13461	0.17292	0.06981	0.35176	0.01873	0.00980	0.00288	0.00515	0.10011	0.00841	0.00848
60	0.02306	0.02202	0.02292	0.02106	0.05797	0.13390	0.01592	0.14978	0.14202	0.02996	0.02057	0.07573	0.01799	0.01249	0.01400	0.00290	0.21200	0.00872	0.00598	0.01103
61	0.02319	0.02646	0.03362	0.03461	0.24047	0.23362	0.19629	0.02767	0.02063	0.02453	0.01838	0.02215	0.04317	0.00832	0.00852	0.00247	0.01247	0.00792	0.00437	0.01114
62	0.08719	0.05909	0.02393	0.01971	0.02460	0.39198	0.01546	0.19204	0.02621	0.03023	0.01451	0.01629	0.01150	0.00911	0.00840	0.00233	0.04532	0.00592	0.00537	0.01081

[dist]
# distance from previous block
# <min> <max>
0	49

[block]
# block no. 1 follows, 22 sequences, length 47
# corresponding to MSA columns:
# 112-158
name=unknown_B
#
# <colnr> <probs for GDERKNQSTAVLIFYWHMCP>
#	G	D	E	R	K	N	Q	S	T	A	V	L	I	F	Y	W	H	M	C	P
0	0.07349	0.02631	0.09246	0.03374	0.31108	0.16783	0.02103	0.05706	0.08619	0.02817	0.01677	0.01959	0.01339	0.00826	0.00784	0.00246	0.01065	0.00683	0.00481	0.01203
1	0.18241	0.04572	0.07078	0.01510	0.02051	0.01935	0.01312	0.14647	0.20670	0.03694	0.06615	0.02545	0.02113	0.01005	0.00736	0.00254	0.00713	0.00773	0.08401	0.01135
2	0.10827	0.01794	0.02237	0.07190	0.13149	0.02012	0.04377	0.03619	0.38795	0.03240	0.02594	0.02613	0.01974	0.00978	0.00808	0.00273	0.00778	0.00835	0.00679	0.01228
3	0.02529	0.02536	0.01946	0.01745	0.02190	0.29310	0.01336	0.03487	0.23500	0.09169	0.03158	0.03049	0.10215	0.01133	0.00822	0.00251	0.00985	0.00867	0.00679	0.01096
4	0.01880	0.02680	0.20346	0.02513	0.10021	0.10172	0.05221	0.02363	0.01658	0.02286	0.01475	0.02018	0.01255	0.01763	0.10988	0.00439	0.20785	0.00710	0.00388	0.01038
5	0.01778	0.01503	0.02413	0.04808	0.02483	0.04022	0.17984	0.02211	0.01724	0.05791	0.02053	0.02626	0.01669	0.02163	0.16886	0.00507	0.06115	0.00833	0.17673	0.04760
6	0.10063	0.02517	0.01934	0.04799	0.09401	0.32241	0.01388	0.02683	0.01987	0.02522	0.01696	0.02105	0.01406	0.03594	0.00833	0.00243	0.01048	0.00641	0.17965	0.00933
7	0.10255	0.19282	0.42036	0.02059	0.03070	0.02242	0.05196	0.02578	0.01710	0.02600	0.01385	0.01634	0.01048	0.00765	0.00708	0.00244	0.01092	0.00573	0.00373	0.01149
8	0.01818	0.01818	0.02545	0.02181	0.02181	0.02545	0.01818	0.01999	0.01272	0.01999	0.01091	0.01818	0.01091	0.01454	0.02726	0.00364	0.69284	0.00727	0.00364	0.00909
9	0.00982	0.00842	0.00842	0.00842	0.01122	0.00701	0.00631	0.01192	0.01894	0.02244	0.08416	0.07995	0.65285	0.02104	0.00982	0.00281	0.00421	0.01753	0.00771	0.00701
10	0.03103	0.03959	0.02354	0.02140	0.02568	0.67469	0.01605	0.03317	0.02354	0.02033	0.01284	0.01498	0.01070	0.00856	0.00749	0.00214	0.01498	0.00535	0.00428	0.00963
11	0.01012	0.00723	0.00964	0.01157	0.01205	0.00675	0.00771	0.01157	0.01591	0.02121	0.04579	0.70262	0.05495	0.02603	0.01060	0.00337	0.00482	0.02362	0.00771	0.00675
12	0.01208	0.00805	0.00906	0.00906	0.00906	0.00805	0.00503	0.01208	0.01208	0.01611	0.02618	0.05436	0.03020	0.70804	0.04228	0.00805	0.00805	0.01208	0.00503	0.00503
13	0.02287	0.01116	0.01382	0.01185	0.01629	0.00961	0.00954	0.02561	0.02121	0.32113	0.05746	0.05676	0.31681	0.01615	0.00925	0.00276	0.00578	0.05265	0.00891	0.01038
14	0.01737	0.07936	0.55733	0.02519	0.06506	0.02022	0.06974	0.02621	0.01771	0.02598	0.01488	0.01777	0.01080	0.00776	0.00789	0.00259	0.01208	0.00635	0.00359	0.01215
15	0.01666	0.04297	0.66500	0.02368	0.03596	0.01929	0.03069	0.02631	0.01754	0.02631	0.01491	0.01754	0.01052	0.00789	0.00789	0.00263	0.01228	0.00614	0.00351	0.01228
16	0.01666	0.04297	0.66500	0.02368	0.03596	0.01929	0.03069	0.02631	0.01754	0.02631	0.01491	0.01754	0.01052	0.00789	0.00789	0.00263	0.01228	0.00614	0.00351	0.01228
17	0.02056	0.01974	0.03372	0.05099	0.65622	0.01974	0.02550	0.02550	0.01892	0.02714	0.01563	0.02056	0.01316	0.00740	0.00822	0.00247	0.00987	0.00740	0.00411	0.01316
18	0.01666	0.04297	0.66500	0.02368	0.03596	0.01929	0.03069	0.02631	0.01754	0.02631	0.01491	0.01754	0.01052	0.00789	0.00789	0.00263	0.01228	0.00614	0.00351	0.01228
19	0.01012	0.00827	0.00899	0.00950	0.01180	0.00714	0.00707	0.01222	0.01837	0.02237	0.07405	0.19971	0.49674	0.02212	0.01008	0.00298	0.00456	0.05917	0.00771	0.00701
20	0.02664	0.03038	0.02153	0.01950	0.02395	0.39772	0.01482	0.03782	0.28512	0.02644	0.02172	0.02176	0.01691	0.00971	0.00790	0.00243	0.01142	0.00706	0.00605	0.01112
21	0.02185	0.02328	0.19999	0.22867	0.15930	0.01750	0.02313	0.02786	0.01896	0.17086	0.01911	0.02199	0.01351	0.00847	0.00819	0.00263	0.01025	0.00727	0.00524	0.01195
22	0.01643	0.01553	0.02627	0.59050	0.14896	0.01865	0.02344	0.02188	0.01696	0.02213	0.01490	0.02191	0.01139	0.00817	0.00829	0.00272	0.01089	0.00739	0.00376	0.00983
23	0.02702	0.03301	0.03074	0.02846	0.11361	0.43752	0.15735	0.03065	0.02202	0.02268	0.01412	0.01743	0.01146	0.00805	0.00812	0.00234	0.01408	0.00665	0.00424	0.01046
24	0.02056	0.01974	0.03372	0.05099	0.65622	0.01974	0.02550	0.02550	0.01892	0.02714	0.01563	0.02056	0.01316	0.00740	0.00822	0.00247	0.00987	0.00740	0.00411	0.01316
25	0.01609	0.01608	0.07690	0.02901	0.25953	0.01398	0.01880	0.02069	0.01893	0.02605	0.06243	0.09656	0.03355	0.01567	0.00980	0.00312	0.00851	0.25818	0.00604	0.01008
26	0.01832	0.01861	0.02787	0.02317	0.02404	0.02499	0.08082	0.02067	0.01343	0.02067	0.01151	0.01861	0.01108	0.01376	0.02546	0.00355	0.62288	0.00753	0.00369	0.00931
27	0.01666	0.04297	0.66500	0.02368	0.03596	0.01929	0.03069	0.02631	0.01754	0.02631	0.01491	0.01754	0.01052	0.00789	0.00789	0.00263	0.01228	0.00614	0.00351	0.01228
28	0.01951	0.04042	0.54077	0.02297	0.03397	0.07081	0.02782	0.09697	0.02051	0.02888	0.01533	0.01762	0.01096	0.00819	0.00791	0.00258	0.01212	0.00623	0.00413	0.01229
29	0.01204	0.00822	0.00992	0.00992	0.01022	0.00852	0.00611	0.01263	0.01234	0.01675	0.02539	0.05001	0.02831	0.57851	0.16923	0.00912	0.01090	0.01144	0.00492	0.00551
30	0.01012	0.00723	0.00964	0.01157	0.01205	0.00675	0.00771	0.01157	0.01591	0.02121	0.04579	0.70262	0.05495	0.02603	0.01060	0.00337	0.00482	0.02362	0.00771	0.00675
31	0.00982	0.00842	0.00842	0.00842	0.01122	0.00701	0.00631	0.01192	0.01894	0.02244	0.08416	0.07995	0.65285	0.02104	0.00982	0.00281	0.00421	0.01753	0.00771	0.00701
32	0.02056	0.01974	0.03372	0.05099	0.65622	0.01974	0.02550	0.02550	0.01892	0.02714	0.01563	0.02056	0.01316	0.00740	0.00822	0.00247	0.00987	0.00740	0.00411	0.01316
33	0.02123	0.02100	0.03307	0.04911	0.61616	0.06135	0.02490	0.02598	0.01921	0.02671	0.01545	0.02021	0.01300	0.00748	0.00818	0.00245	0.01019	0.00727	0.00412	0.01293
34	0.71594	0.01550	0.01191	0.01071	0.01563	0.01790	0.00878	0.02408	0.01436	0.03685	0.01262	0.01468	0.00983	0.00784	0.00519	0.00253	0.00625	0.00472	0.05578	0.00891
35	0.01818	0.01818	0.02545	0.02181	0.02181	0.02545	0.01818	0.01999	0.01272	0.01999	0.01091	0.01818	0.01091	0.01454	0.02726	0.00364	0.69284	0.00727	0.00364	0.00909
36	0.01187	0.00890	0.01335	0.01335	0.01483	0.01038	0.01038	0.01483	0.01335	0.01928	0.02225	0.03264	0.02077	0.06231	0.67512	0.01335	0.02225	0.00890	0.00445	0.00742
37	0.00982	0.00842	0.00842	0.00842	0.01122	0.00701	0.00631	0.01192	0.01894	0.02244	0.08416	0.07995	0.65285	0.02104	0.00982	0.00281	0.00421	0.01753	0.00771	0.00701
38	0.01187	0.00890	0.01335	0.01335	0.01483	0.01038	0.01038	0.01483	0.01335	0.01928	0.02225	0.03264	0.02077	0.06231	0.67512	0.01335	0.02225	0.00890	0.00445	0.00742
39	0.02901	0.03635	0.02247	0.02055	0.02454	0.60449	0.01545	0.03123	0.02247	0.02022	0.01384	0.01685	0.01176	0.01424	0.07805	0.00332	0.01575	0.00573	0.00430	0.00940
40	0.02221	0.71304	0.04353	0.01421	0.02132	0.03287	0.01421	0.02488	0.01688	0.01955	0.01155	0.01333	0.01066	0.00711	0.00533	0.00178	0.00888	0.00444	0.00355	0.01066
41	0.02129	0.02425	0.07763	0.06961	0.38575	0.10700	0.14094	0.02660	0.01947	0.02582	0.01540	0.02004	0.01246	0.00755	0.00841	0.00251	0.01157	0.00751	0.00409	0.01208
42	0.02873	0.10635	0.02696	0.02460	0.10909	0.52145	0.01712	0.03130	0.02224	0.02116	0.01308	0.01555	0.01102	0.00826	0.00737	0.00215	0.01367	0.00553	0.00418	0.01021
43	0.01208	0.00805	0.00906	0.00906	0.00906	0.00805	0.00503	0.01208	0.01208	0.01611	0.02618	0.05436	0.03020	0.70804	0.04228	0.00805	0.00805	0.01208	0.00503	0.00503
44	0.03042	0.08637	0.02493	0.02090	0.02538	0.63011	0.01592	0.03260	0.02308	0.02028	0.01275	0.01487	0.01070	0.00846	0.00734	0.00211	0.01456	0.00529	0.00423	0.00970
45	0.59830	0.01584	0.01380	0.01193	0.01727	0.01765	0.00979	0.02832	0.05217	0.14430	0.01650	0.01705	0.01193	0.00836	0.00588	0.00258	0.00655	0.00544	0.00622	0.01012
46	0.06664	0.02265	0.22149	0.01934	0.02628	0.01477	0.13382	0.02214	0.01935	0.05432	0.14391	0.04018	0.13204	0.01225	0.00890	0.00273	0.00895	0.03425	0.00592	0.01006

[dist]
# distance from previous block
# <min> <max>
0	1

[block]
# block no. 2 follows, 22 sequences, length 42
# corresponding to MSA columns:
# 160-201
name=unknown_C
#
# <colnr> <probs for GDERKNQSTAVLIFYWHMCP>
#	G	D	E	R	K	N	Q	S	T	A	V	L	I	F	Y	W	H	M	C	P
0	0.03103	0.03959	0.02354	0.02140	0.02568	0.67469	0.01605	0.03317	0.02354	0.02033	0.01284	0.01498	0.01070	0.00856	0.00749	0.00214	0.01498	0.00535	0.00428	0.00963
1	0.01963	0.01274	0.01212	0.01083	0.01385	0.05100	0.00841	0.14202	0.02211	0.03462	0.02482	0.02782	0.01923	0.00967	0.00641	0.00206	0.00559	0.00755	0.56039	0.00913
2	0.00982	0.00842	0.00842	0.00842	0.01122	0.00701	0.00631	0.01192	0.01894	0.02244	0.08416	0.07995	0.65285	0.02104	0.00982	0.00281	0.00421	0.01753	0.00771	0.00701
3	0.01187	0.00890	0.01335	0.01335	0.01483	0.01038	0.01038	0.01483	0.01335	0.01928	0.02225	0.03264	0.02077	0.06231	0.67512	0.01335	0.02225	0.00890	0.00445	0.00742
4	0.02195	0.68151	0.07278	0.01466	0.02201	0.03223	0.01499	0.02494	0.01691	0.01986	0.01171	0.01352	0.01065	0.00714	0.00545	0.00182	0.00904	0.00452	0.00355	0.01074
5	0.02056	0.01974	0.03372	0.05099	0.65622	0.01974	0.02550	0.02550	0.01892	0.02714	0.01563	0.02056	0.01316	0.00740	0.00822	0.00247	0.00987	0.00740	0.00411	0.01316
6	0.02529	0.02795	0.02382	0.02554	0.14675	0.31340	0.01685	0.03561	0.24365	0.02681	0.02089	0.02180	0.01642	0.00931	0.00798	0.00245	0.01098	0.00720	0.00574	0.01158
7	0.02745	0.02542	0.02784	0.03120	0.25523	0.16021	0.01938	0.28367	0.02846	0.03643	0.01688	0.01912	0.01305	0.00874	0.00811	0.00241	0.01064	0.00700	0.00593	0.01283
8	0.03103	0.03959	0.02354	0.02140	0.02568	0.67469	0.01605	0.03317	0.02354	0.02033	0.01284	0.01498	0.01070	0.00856	0.00749	0.00214	0.01498	0.00535	0.00428	0.00963
9	0.03629	0.01436	0.01925	0.01491	0.02123	0.01271	0.01227	0.04070	0.06033	0.62485	0.03284	0.02844	0.02085	0.01034	0.00836	0.00259	0.00704	0.00842	0.01017	0.01408
10	0.02023	0.02018	0.03629	0.04606	0.49593	0.02033	0.14518	0.02539	0.01869	0.02661	0.01558	0.02079	0.01291	0.00775	0.00967	0.00260	0.05131	0.00787	0.00410	0.01253
11	0.00982	0.00842	0.00842	0.00842	0.01122	0.00701	0.00631	0.01192	0.01894	0.02244	0.08416	0.07995	0.65285	0.02104	0.00982	0.00281	0.00421	0.01753	0.00771	0.00701
12	0.01040	0.00844	0.00922	0.00902	0.01158	0.00726	0.00677	0.01304	0.02030	0.02569	0.25368	0.07461	0.48131	0.01983	0.00981	0.00275	0.00412	0.01678	0.00814	0.00726
13	0.03158	0.02327	0.02493	0.01911	0.02576	0.02576	0.01579	0.62852	0.03906	0.05236	0.01995	0.01995	0.01413	0.00997	0.00831	0.00249	0.00914	0.00748	0.00831	0.01413
14	0.02221	0.71304	0.04353	0.01421	0.02132	0.03287	0.01421	0.02488	0.01688	0.01955	0.01155	0.01333	0.01066	0.00711	0.00533	0.00178	0.00888	0.00444	0.00355	0.01066
15	0.01208	0.00805	0.00906	0.00906	0.00906	0.00805	0.00503	0.01208	0.01208	0.01611	0.02618	0.05436	0.03020	0.70804	0.04228	0.00805	0.00805	0.01208	0.00503	0.00503
16	0.02450	0.53830	0.03835	0.01608	0.02245	0.19941	0.01469	0.02703	0.01861	0.01975	0.01188	0.01376	0.01067	0.00748	0.00589	0.00187	0.01047	0.00468	0.00374	0.01039
17	0.02056	0.01974	0.03372	0.05099	0.65622	0.01974	0.02550	0.02550	0.01892	0.02714	0.01563	0.02056	0.01316	0.00740	0.00822	0.00247	0.00987	0.00740	0.00411	0.01316
18	0.01074	0.00871	0.00971	0.01020	0.01278	0.00767	0.00815	0.01329	0.01898	0.02307	0.07373	0.08352	0.49586	0.02153	0.01025	0.00307	0.00510	0.16875	0.00770	0.00718
19	0.02005	0.01922	0.03280	0.11758	0.59362	0.01960	0.02524	0.02505	0.01868	0.02652	0.01554	0.02073	0.01294	0.00750	0.00823	0.00250	0.01000	0.00740	0.00407	0.01275
20	0.01451	0.01409	0.01250	0.01305	0.01522	0.13314	0.00979	0.01669	0.01883	0.02204	0.05137	0.27551	0.23381	0.02065	0.00991	0.00304	0.00701	0.11427	0.00706	0.00752
21	0.02700	0.04791	0.02117	0.01606	0.02141	0.04772	0.01315	0.42178	0.03191	0.04417	0.02117	0.02234	0.01571	0.00972	0.00751	0.00231	0.00800	0.00734	0.20148	0.01215
22	0.01829	0.03162	0.32490	0.02994	0.04008	0.02024	0.35941	0.02648	0.01868	0.02648	0.01596	0.02023	0.01167	0.00740	0.00895	0.00272	0.01323	0.00816	0.00389	0.01169
23	0.02507	0.02861	0.02560	0.18425	0.12894	0.34894	0.01927	0.05817	0.02134	0.02316	0.01397	0.01797	0.01135	0.00874	0.00898	0.00244	0.05229	0.00636	0.00428	0.01027
24	0.01892	0.17567	0.43925	0.02280	0.03318	0.06021	0.08774	0.02645	0.01797	0.02463	0.01431	0.01704	0.01078	0.00768	0.00755	0.00245	0.01193	0.00613	0.00363	0.01169
25	0.01443	0.00722	0.01082	0.01082	0.01082	0.00722	0.00722	0.01082	0.01082	0.01443	0.01443	0.02525	0.01443	0.02886	0.03247	0.75830	0.00722	0.00722	0.00361	0.00361
26	0.01191	0.00820	0.01011	0.01023	0.01061	0.00853	0.00647	0.01270	0.01262	0.01717	0.02645	0.08912	0.02949	0.51298	0.19035	0.00902	0.01122	0.01204	0.00506	0.00570
27	0.01032	0.00737	0.00987	0.01180	0.01237	0.00692	0.00806	0.01191	0.01610	0.02143	0.04568	0.66514	0.05451	0.02584	0.01066	0.00340	0.00499	0.05911	0.00771	0.00680
28	0.02675	0.03249	0.02449	0.18127	0.07197	0.47881	0.01830	0.02987	0.02161	0.02096	0.01347	0.01702	0.01094	0.00843	0.00773	0.00231	0.01374	0.00596	0.00413	0.00975
29	0.01695	0.01602	0.02657	0.36793	0.28480	0.01773	0.02222	0.02189	0.01776	0.02365	0.02254	0.02773	0.08067	0.00932	0.00844	0.00266	0.00987	0.00848	0.00429	0.01052
30	0.01853	0.02073	0.07026	0.10100	0.09736	0.01928	0.37541	0.02593	0.05512	0.02636	0.02032	0.03020	0.01695	0.00920	0.00951	0.00287	0.01211	0.07319	0.00473	0.01096
31	0.02705	0.02686	0.02799	0.03243	0.27534	0.22161	0.01971	0.20791	0.02634	0.03259	0.01607	0.01867	0.01270	0.00852	0.00803	0.00238	0.01121	0.00680	0.00542	0.01237
32	0.02395	0.02165	0.02793	0.10303	0.31057	0.08566	0.02039	0.20521	0.02481	0.03283	0.01708	0.02168	0.01384	0.04341	0.00989	0.00275	0.01019	0.00745	0.00538	0.01228
33	0.01584	0.01654	0.01313	0.01290	0.01575	0.18056	0.00980	0.01820	0.02018	0.02270	0.09183	0.11407	0.33882	0.01817	0.00945	0.00278	0.00740	0.07718	0.00690	0.00779
34	0.01579	0.09810	0.10883	0.01317	0.01763	0.01445	0.01151	0.02062	0.08014	0.02197	0.02151	0.03488	0.02123	0.32123	0.02272	0.00471	0.00824	0.00871	0.00498	0.14958
35	0.01896	0.08576	0.02111	0.02213	0.18131	0.01411	0.01328	0.02152	0.01734	0.12162	0.02749	0.20062	0.02785	0.14450	0.01489	0.00365	0.00756	0.01215	0.00613	0.03800
36	0.02537	0.02435	0.02358	0.02444	0.13971	0.19282	0.01637	0.20026	0.12763	0.03313	0.02225	0.09191	0.01916	0.01102	0.00834	0.00254	0.00994	0.00890	0.00644	0.01183
37	0.02397	0.02486	0.02837	0.06274	0.29301	0.20784	0.05268	0.03104	0.11659	0.05072	0.01833	0.02104	0.01451	0.00846	0.00814	0.00246	0.01100	0.00729	0.00506	0.01190
38	0.02735	0.14111	0.13351	0.02047	0.02674	0.40715	0.01819	0.08651	0.02298	0.02421	0.01365	0.01562	0.01099	0.00836	0.00731	0.00220	0.01306	0.00554	0.00442	0.01065
39	0.06619	0.10494	0.22987	0.02501	0.05697	0.19114	0.15895	0.02786	0.01935	0.02480	0.01428	0.01742	0.01107	0.00775	0.00781	0.00244	0.01257	0.00654	0.00399	0.01102
40	0.08526	0.01277	0.01638	0.01590	0.04964	0.01302	0.04407	0.06410	0.07570	0.02935	0.13713	0.09722	0.09537	0.05088	0.05170	0.00374	0.00770	0.10134	0.00699	0.04175
41	0.02460	0.02373	0.09224	0.09812	0.15718	0.11740	0.13406	0.03057	0.05091	0.15927	0.01977	0.02207	0.01436	0.00844	0.00843	0.00257	0.01103	0.00772	0.00556	0.01197

[dist]
# distance from previous block
# <min> <max>
3	30

[block]
# block no. 3 follows, 22 sequences, length 11
# corresponding to MSA columns:
# 232-242
name=unknown_D
#
# <colnr> <probs for GDERKNQSTAVLIFYWHMCP>
#	G	D	E	R	K	N	Q	S	T	A	V	L	I	F	Y	W	H	M	C	P
0	0.01708	0.01542	0.01808	0.01603	0.01699	0.05996	0.01228	0.05997	0.01539	0.02101	0.02130	0.03461	0.05097	0.25891	0.06192	0.00545	0.29259	0.00944	0.00474	0.00787
1	0.01616	0.01239	0.01496	0.01547	0.05844	0.01257	0.01073	0.16566	0.02238	0.02950	0.04455	0.31760	0.17091	0.02157	0.04366	0.00348	0.00699	0.01645	0.00745	0.00910
2	0.01887	0.02071	0.04325	0.16809	0.08192	0.02042	0.46905	0.02546	0.01896	0.02555	0.01632	0.02225	0.01233	0.00729	0.00941	0.00278	0.01317	0.00917	0.00409	0.01092
3	0.05364	0.01864	0.03019	0.14651	0.48312	0.01956	0.02339	0.02625	0.06740	0.02727	0.01674	0.02131	0.01360	0.00786	0.00812	0.00255	0.00964	0.00742	0.00443	0.01235
4	0.02600	0.20091	0.03184	0.02727	0.20131	0.15892	0.01816	0.18407	0.02460	0.03039	0.01514	0.01742	0.01227	0.00823	0.00736	0.00223	0.01048	0.00625	0.00510	0.01205
5	0.07347	0.38905	0.03273	0.01629	0.02199	0.17005	0.01429	0.02921	0.10758	0.02310	0.01500	0.01645	0.01268	0.00839	0.00720	0.00214	0.03978	0.00548	0.00453	0.01061
6	0.01921	0.01485	0.01606	0.01411	0.01808	0.01571	0.01108	0.21965	0.13159	0.03400	0.04511	0.10024	0.20930	0.06071	0.01136	0.00316	0.00675	0.05091	0.00786	0.01029
7	0.02458	0.01738	0.01864	0.01506	0.01943	0.01891	0.01177	0.39272	0.02946	0.04056	0.02247	0.02981	0.01903	0.17794	0.01613	0.00375	0.00812	0.00862	0.11458	0.01102
8	0.01758	0.03658	0.47368	0.02720	0.03827	0.01983	0.21561	0.02640	0.01818	0.02640	0.01550	0.01905	0.01117	0.00762	0.00849	0.00268	0.01281	0.00728	0.00372	0.01194
9	0.06263	0.02713	0.13380	0.06077	0.14738	0.10260	0.02021	0.27830	0.02731	0.03689	0.01672	0.01884	0.01250	0.00876	0.00797	0.00249	0.01049	0.00682	0.00581	0.01257
10	0.02014	0.30437	0.17807	0.04562	0.06834	0.07916	0.01902	0.02463	0.01723	0.02212	0.01364	0.01702	0.01157	0.01151	0.05148	0.00293	0.05573	0.00572	0.00378	0.04793

[dist]
# distance from previous block
# <min> <max>
9	28

[block]
# block no. 4 follows, 22 sequences, length 31
# corresponding to MSA columns:
# 272-302
name=unknown_E
#
# <colnr> <probs for GDERKNQSTAVLIFYWHMCP>
#	G	D	E	R	K	N	Q	S	T	A	V	L	I	F	Y	W	H	M	C	P
0	0.01827	0.05424	0.10992	0.12594	0.37008	0.01904	0.02302	0.02329	0.01785	0.02497	0.01964	0.06879	0.03908	0.00967	0.00912	0.00262	0.04001	0.00858	0.00431	0.01155
1	0.09752	0.01971	0.08305	0.07552	0.42084	0.01795	0.02171	0.02354	0.01816	0.02722	0.02350	0.02694	0.09095	0.00920	0.00807	0.00255	0.00909	0.00823	0.00459	0.01166
2	0.01995	0.02260	0.11319	0.04612	0.54702	0.01996	0.02580	0.02533	0.01844	0.02669	0.01531	0.02006	0.01272	0.00781	0.00910	0.00254	0.04325	0.00724	0.00401	0.01285
3	0.01812	0.03431	0.42967	0.03386	0.26718	0.01946	0.02876	0.02601	0.01805	0.02662	0.01518	0.01867	0.01151	0.00771	0.00802	0.00257	0.01138	0.00661	0.00373	0.01261
4	0.07272	0.13296	0.06345	0.03801	0.41824	0.05941	0.02187	0.05110	0.01931	0.02725	0.01468	0.01843	0.01225	0.00757	0.00750	0.00235	0.00985	0.00655	0.00425	0.01227
5	0.02017	0.01886	0.03023	0.04365	0.52095	0.01930	0.02288	0.02792	0.11579	0.02819	0.02008	0.02636	0.01704	0.00889	0.00845	0.00260	0.00923	0.04158	0.00499	0.01284
6	0.02380	0.02520	0.03464	0.03676	0.28512	0.16450	0.18360	0.09268	0.02230	0.02823	0.01580	0.01977	0.01258	0.00783	0.00850	0.00249	0.01202	0.00760	0.00463	0.01196
7	0.01820	0.01820	0.06227	0.03950	0.45058	0.01682	0.02209	0.02299	0.01889	0.02633	0.02568	0.03918	0.05966	0.01148	0.00898	0.00278	0.00919	0.13054	0.00503	0.01159
8	0.01356	0.01139	0.01660	0.01562	0.01671	0.01443	0.01248	0.01622	0.01318	0.01947	0.01921	0.02875	0.01812	0.04948	0.50119	0.01074	0.20228	0.00846	0.00423	0.00787
9	0.01833	0.39093	0.15885	0.01586	0.02249	0.02414	0.01646	0.02246	0.01606	0.02082	0.01509	0.01935	0.01335	0.02208	0.18566	0.00505	0.01315	0.00598	0.00379	0.01011
10	0.01818	0.01818	0.02545	0.02181	0.02181	0.02545	0.01818	0.01999	0.01272	0.01999	0.01091	0.01818	0.01091	0.01454	0.02726	0.00364	0.69284	0.00727	0.00364	0.00909
11	0.00982	0.00842	0.00842	0.00842	0.01122	0.00701	0.00631	0.01192	0.01894	0.02244	0.08416	0.07995	0.65285	0.02104	0.00982	0.00281	0.00421	0.01753	0.00771	0.00701
12	0.01952	0.01868	0.03185	0.18654	0.52878	0.01947	0.02498	0.02459	0.01843	0.02588	0.01544	0.02090	0.01272	0.00759	0.00824	0.00253	0.01013	0.00740	0.00402	0.01232
13	0.01982	0.02394	0.14724	0.04338	0.47884	0.01977	0.05528	0.02674	0.05363	0.02739	0.01658	0.02069	0.01334	0.00769	0.00826	0.00253	0.01032	0.00740	0.00425	0.01290
14	0.01007	0.00742	0.00944	0.01105	0.01191	0.00679	0.00748	0.01163	0.01640	0.02141	0.05203	0.60129	0.15225	0.02521	0.01048	0.00328	0.00472	0.02263	0.00771	0.00679
15	0.00982	0.00842	0.00842	0.00842	0.01122	0.00701	0.00631	0.01192	0.01894	0.02244	0.08416	0.07995	0.65285	0.02104	0.00982	0.00281	0.00421	0.01753	0.00771	0.00701
16	0.02056	0.01974	0.03372	0.05099	0.65622	0.01974	0.02550	0.02550	0.01892	0.02714	0.01563	0.02056	0.01316	0.00740	0.00822	0.00247	0.00987	0.00740	0.00411	0.01316
17	0.01230	0.00953	0.01418	0.01393	0.01531	0.01141	0.01092	0.01519	0.01331	0.01933	0.02148	0.03165	0.02009	0.05904	0.63082	0.01269	0.06811	0.00879	0.00439	0.00753
18	0.02056	0.01974	0.03372	0.05099	0.65622	0.01974	0.02550	0.02550	0.01892	0.02714	0.01563	0.02056	0.01316	0.00740	0.00822	0.00247	0.00987	0.00740	0.00411	0.01316
19	0.02031	0.01967	0.03414	0.07689	0.59933	0.01975	0.05653	0.02537	0.01886	0.02686	0.01565	0.02072	0.01304	0.00742	0.00831	0.00250	0.01013	0.00753	0.00410	0.01289
20	0.01883	0.24406	0.39830	0.02415	0.10770	0.02348	0.02504	0.02577	0.01751	0.02435	0.01397	0.01663	0.01089	0.00759	0.00715	0.00235	0.01095	0.00578	0.00360	0.01189
21	0.02056	0.01974	0.03372	0.05099	0.65622	0.01974	0.02550	0.02550	0.01892	0.02714	0.01563	0.02056	0.01316	0.00740	0.00822	0.00247	0.00987	0.00740	0.00411	0.01316
22	0.01965	0.28303	0.28334	0.02686	0.18167	0.02438	0.02338	0.02559	0.01763	0.02403	0.01385	0.01673	0.01122	0.00749	0.00703	0.00228	0.01045	0.00582	0.00367	0.01190
23	0.02023	0.01940	0.03312	0.09471	0.61512	0.01965	0.02533	0.02520	0.01876	0.02673	0.01557	0.02067	0.01302	0.00746	0.00823	0.00249	0.00995	0.00740	0.00408	0.01289
24	0.01821	0.02401	0.18587	0.22652	0.33292	0.01926	0.02608	0.02447	0.01792	0.02524	0.01520	0.02027	0.01192	0.00778	0.00817	0.00259	0.01080	0.00709	0.00384	0.01182
25	0.01953	0.02594	0.18873	0.12564	0.38989	0.05506	0.02596	0.02556	0.01853	0.02579	0.01518	0.01971	0.01210	0.00770	0.00811	0.00253	0.01090	0.00697	0.00392	0.01224
26	0.01893	0.02039	0.07012	0.27756	0.33263	0.04681	0.06576	0.02440	0.01824	0.02463	0.01523	0.02084	0.01210	0.00778	0.00831	0.00260	0.01095	0.00740	0.00394	0.01140
27	0.01984	0.02095	0.06693	0.17544	0.47322	0.04904	0.02488	0.02503	0.01859	0.02560	0.01529	0.02046	0.01248	0.00766	0.00819	0.00252	0.01048	0.00723	0.00400	0.01216
28	0.01883	0.02152	0.11380	0.20694	0.42539	0.01936	0.02557	0.02453	0.01816	0.02555	0.01532	0.02056	0.01229	0.00769	0.00820	0.00256	0.01048	0.00723	0.00393	0.01206
29	0.02169	0.09997	0.02905	0.20701	0.20685	0.04982	0.02020	0.13143	0.06401	0.02895	0.01655	0.02039	0.01309	0.00876	0.00895	0.00255	0.04706	0.00711	0.00495	0.01161
30	0.07094	0.05044	0.03142	0.23629	0.27407	0.06482	0.10543	0.02477	0.01821	0.02516	0.01488	0.02011	0.01188	0.00771	0.00808	0.00256	0.01088	0.00726	0.00405	0.01106

[dist]
# distance from previous block
# <min> <max>
0	24

# created by:
# /home/cegg/simao/soft/augustus-3.2.1/scripts/msa2prfl.pl ./align_prep/13140.fa
