[name]
unknown

[dist]
# distance from previous block
# <min> <max>
0	0

[block]
# block no. 0 follows, 22 sequences, length 164
# corresponding to MSA columns:
# 0-163
name=unknown_A
#
# <colnr> <probs for GDERKNQSTAVLIFYWHMCP>
#	G	D	E	R	K	N	Q	S	T	A	V	L	I	F	Y	W	H	M	C	P
0	0.01339	0.00956	0.01339	0.01530	0.01721	0.00956	0.01339	0.01721	0.01912	0.02486	0.04399	0.09371	0.04781	0.02295	0.01147	0.00382	0.00765	0.60031	0.00765	0.00765
1	0.02056	0.01974	0.03372	0.05099	0.65622	0.01974	0.02550	0.02550	0.01892	0.02714	0.01563	0.02056	0.01316	0.00740	0.00822	0.00247	0.00987	0.00740	0.00411	0.01316
2	0.01129	0.00847	0.01045	0.00996	0.01212	0.00764	0.00747	0.01477	0.02241	0.03069	0.51464	0.06638	0.21723	0.01796	0.00980	0.00266	0.00399	0.01563	0.00880	0.00764
3	0.01012	0.00723	0.00964	0.01157	0.01205	0.00675	0.00771	0.01157	0.01591	0.02121	0.04579	0.70262	0.05495	0.02603	0.01060	0.00337	0.00482	0.02362	0.00771	0.00675
4	0.76672	0.01607	0.01221	0.01092	0.01607	0.01864	0.00900	0.02442	0.01414	0.03727	0.01157	0.01350	0.00900	0.00771	0.00514	0.00257	0.00643	0.00450	0.00514	0.00900
5	0.01982	0.01898	0.03238	0.14762	0.56537	0.01954	0.02513	0.02485	0.01857	0.02624	0.01550	0.02080	0.01284	0.00754	0.00824	0.00251	0.01005	0.00740	0.00405	0.01256
6	0.15052	0.56154	0.03731	0.01399	0.02044	0.03008	0.01349	0.02458	0.01622	0.02262	0.01152	0.01357	0.01038	0.00755	0.00628	0.00200	0.03919	0.00458	0.00383	0.01030
7	0.01666	0.04297	0.66500	0.02368	0.03596	0.01929	0.03069	0.02631	0.01754	0.02631	0.01491	0.01754	0.01052	0.00789	0.00789	0.00263	0.01228	0.00614	0.00351	0.01228
8	0.01419	0.01138	0.01420	0.01227	0.01559	0.01055	0.00913	0.01656	0.01492	0.02201	0.02245	0.11573	0.02319	0.16929	0.15217	0.00556	0.04830	0.00977	0.00513	0.30761
9	0.00982	0.00842	0.00842	0.00842	0.01122	0.00701	0.00631	0.01192	0.01894	0.02244	0.08416	0.07995	0.65285	0.02104	0.00982	0.00281	0.00421	0.01753	0.00771	0.00701
10	0.02066	0.01785	0.01878	0.01691	0.02160	0.02066	0.01315	0.04414	0.64121	0.03475	0.03381	0.03099	0.02536	0.01127	0.00845	0.00282	0.00657	0.00939	0.00845	0.01315
11	0.02056	0.01974	0.03372	0.05099	0.65622	0.01974	0.02550	0.02550	0.01892	0.02714	0.01563	0.02056	0.01316	0.00740	0.00822	0.00247	0.00987	0.00740	0.00411	0.01316
12	0.01208	0.00805	0.00906	0.00906	0.00906	0.00805	0.00503	0.01208	0.01208	0.01611	0.02618	0.05436	0.03020	0.70804	0.04228	0.00805	0.00805	0.01208	0.00503	0.00503
13	0.01666	0.04297	0.66500	0.02368	0.03596	0.01929	0.03069	0.02631	0.01754	0.02631	0.01491	0.01754	0.01052	0.00789	0.00789	0.00263	0.01228	0.00614	0.00351	0.01228
14	0.02877	0.01604	0.01903	0.01587	0.02141	0.01654	0.01269	0.04236	0.33988	0.34086	0.03331	0.02967	0.02302	0.01079	0.00840	0.00270	0.00682	0.00889	0.00935	0.01363
15	0.01208	0.00805	0.00906	0.00906	0.00906	0.00805	0.00503	0.01208	0.01208	0.01611	0.02618	0.05436	0.03020	0.70804	0.04228	0.00805	0.00805	0.01208	0.00503	0.00503
16	0.01100	0.00799	0.01041	0.01108	0.01244	0.00740	0.00800	0.01371	0.01963	0.02681	0.31434	0.34646	0.10383	0.02156	0.01025	0.00303	0.00454	0.05188	0.00834	0.00729
17	0.01176	0.00849	0.01110	0.01045	0.01241	0.00784	0.00784	0.01568	0.02352	0.03331	0.65184	0.06206	0.07839	0.01698	0.00980	0.00261	0.00392	0.01502	0.00914	0.00784
18	0.00982	0.00842	0.00842	0.00842	0.01122	0.00701	0.00631	0.01192	0.01894	0.02244	0.08416	0.07995	0.65285	0.02104	0.00982	0.00281	0.00421	0.01753	0.00771	0.00701
19	0.02056	0.01974	0.03372	0.05099	0.65622	0.01974	0.02550	0.02550	0.01892	0.02714	0.01563	0.02056	0.01316	0.00740	0.00822	0.00247	0.00987	0.00740	0.00411	0.01316
20	0.02098	0.02053	0.03331	0.04981	0.63099	0.04595	0.02512	0.02580	0.01910	0.02687	0.01551	0.02034	0.01306	0.00745	0.00819	0.00245	0.01007	0.00732	0.00412	0.01302
21	0.01666	0.04297	0.66500	0.02368	0.03596	0.01929	0.03069	0.02631	0.01754	0.02631	0.01491	0.01754	0.01052	0.00789	0.00789	0.00263	0.01228	0.00614	0.00351	0.01228
22	0.01012	0.00723	0.00964	0.01157	0.01205	0.00675	0.00771	0.01157	0.01591	0.02121	0.04579	0.70262	0.05495	0.02603	0.01060	0.00337	0.00482	0.02362	0.00771	0.00675
23	0.01666	0.04297	0.66500	0.02368	0.03596	0.01929	0.03069	0.02631	0.01754	0.02631	0.01491	0.01754	0.01052	0.00789	0.00789	0.00263	0.01228	0.00614	0.00351	0.01228
24	0.01349	0.01111	0.01379	0.01363	0.01535	0.05952	0.01055	0.01645	0.01434	0.02002	0.02183	0.03123	0.02005	0.05536	0.58794	0.01188	0.02068	0.00857	0.04660	0.00760
25	0.03455	0.01851	0.02198	0.01685	0.02339	0.01869	0.01392	0.32179	0.03109	0.37034	0.02664	0.02429	0.01749	0.01013	0.00833	0.00253	0.00806	0.00794	0.00934	0.01413
26	0.01953	0.01869	0.03186	0.18593	0.52935	0.01947	0.02498	0.02459	0.01843	0.02589	0.01544	0.02090	0.01272	0.00759	0.00824	0.00253	0.01012	0.00740	0.00402	0.01233
27	0.10020	0.03167	0.02972	0.02413	0.02977	0.39561	0.18848	0.05705	0.02219	0.02521	0.01416	0.01717	0.01123	0.00810	0.00795	0.00239	0.01360	0.00663	0.00452	0.01022
28	0.01001	0.00842	0.00868	0.00862	0.01134	0.00709	0.00646	0.01229	0.01939	0.02351	0.14001	0.07819	0.59633	0.02064	0.00982	0.00279	0.00418	0.01729	0.00786	0.00709
29	0.02221	0.71304	0.04353	0.01421	0.02132	0.03287	0.01421	0.02488	0.01688	0.01955	0.01155	0.01333	0.01066	0.00711	0.00533	0.00178	0.00888	0.00444	0.00355	0.01066
30	0.02056	0.01974	0.03372	0.05099	0.65622	0.01974	0.02550	0.02550	0.01892	0.02714	0.01563	0.02056	0.01316	0.00740	0.00822	0.00247	0.00987	0.00740	0.00411	0.01316
31	0.01629	0.01547	0.02180	0.01932	0.01966	0.02098	0.01581	0.01831	0.01309	0.01994	0.01581	0.07191	0.01619	0.02515	0.15832	0.00560	0.50485	0.00882	0.00410	0.00857
32	0.01012	0.00723	0.00964	0.01157	0.01205	0.00675	0.00771	0.01157	0.01591	0.02121	0.04579	0.70262	0.05495	0.02603	0.01060	0.00337	0.00482	0.02362	0.00771	0.00675
33	0.01426	0.00814	0.00965	0.00965	0.01143	0.00864	0.00736	0.01782	0.01604	0.02701	0.02545	0.03154	0.02112	0.02754	0.23296	0.00581	0.01011	0.00814	0.49972	0.00763
34	0.02994	0.02838	0.02413	0.01996	0.02525	0.25336	0.01588	0.34861	0.06583	0.03810	0.01767	0.01871	0.01335	0.00983	0.00921	0.00246	0.05369	0.00683	0.00661	0.01218
35	0.02190	0.02227	0.03242	0.04722	0.57578	0.10330	0.02429	0.02647	0.01951	0.02627	0.01527	0.01985	0.01285	0.00755	0.00813	0.00243	0.01052	0.00714	0.00413	0.01271
36	0.01092	0.00782	0.01056	0.01184	0.01255	0.00784	0.00826	0.01264	0.01506	0.02035	0.03820	0.44377	0.04415	0.12055	0.15544	0.00611	0.00908	0.05146	0.00668	0.00672
37	0.01150	0.00878	0.00948	0.00972	0.01202	0.00810	0.00712	0.01535	0.06447	0.02467	0.09038	0.20115	0.37342	0.01974	0.00937	0.00281	0.00446	0.01686	0.10306	0.00754
38	0.01048	0.01037	0.05775	0.01115	0.01348	0.00779	0.00883	0.01281	0.01729	0.02210	0.05946	0.39276	0.30038	0.02261	0.01008	0.00308	0.00512	0.01979	0.00740	0.00727
39	0.02242	0.02357	0.03091	0.09199	0.47823	0.15836	0.02332	0.02680	0.01972	0.02526	0.01497	0.01950	0.01248	0.00771	0.00807	0.00242	0.01104	0.00697	0.00412	0.01212
40	0.02186	0.07015	0.03089	0.08085	0.44213	0.02008	0.02190	0.02867	0.09132	0.08301	0.01889	0.02201	0.01491	0.00814	0.00805	0.00248	0.00924	0.00750	0.00509	0.01281
41	0.02060	0.44128	0.26678	0.01795	0.02679	0.05665	0.02024	0.02576	0.01742	0.02202	0.01282	0.01492	0.01061	0.00746	0.00635	0.00210	0.01038	0.00509	0.00357	0.01120
42	0.02267	0.59707	0.08767	0.01562	0.02284	0.09501	0.01562	0.02580	0.01758	0.02012	0.01193	0.01380	0.01065	0.00731	0.00573	0.00188	0.00974	0.00466	0.00362	0.01068
43	0.02350	0.02112	0.01919	0.01608	0.02132	0.15564	0.01259	0.12296	0.16490	0.07096	0.06731	0.02857	0.06757	0.01049	0.00794	0.00227	0.00835	0.00823	0.00693	0.16409
44	0.01208	0.00805	0.00906	0.00906	0.00906	0.00805	0.00503	0.01208	0.01208	0.01611	0.02618	0.05436	0.03020	0.70804	0.04228	0.00805	0.00805	0.01208	0.00503	0.00503
45	0.02017	0.01961	0.03428	0.09135	0.57170	0.01975	0.06989	0.02530	0.01882	0.02672	0.01566	0.02080	0.01298	0.00743	0.00835	0.00251	0.01025	0.00758	0.00409	0.01276
46	0.02027	0.38074	0.31548	0.01878	0.02800	0.06300	0.02156	0.02597	0.01754	0.02256	0.01310	0.01527	0.01060	0.00753	0.00658	0.00217	0.01072	0.00524	0.00357	0.01131
47	0.01093	0.00864	0.01004	0.01080	0.01311	0.00776	0.00858	0.01348	0.01869	0.02305	0.06826	0.14536	0.41144	0.02211	0.01040	0.00317	0.00531	0.19400	0.00769	0.00718
48	0.01187	0.00890	0.01335	0.01335	0.01483	0.01038	0.01038	0.01483	0.01335	0.01928	0.02225	0.03264	0.02077	0.06231	0.67512	0.01335	0.02225	0.00890	0.00445	0.00742
49	0.01666	0.04297	0.66500	0.02368	0.03596	0.01929	0.03069	0.02631	0.01754	0.02631	0.01491	0.01754	0.01052	0.00789	0.00789	0.00263	0.01228	0.00614	0.00351	0.01228
50	0.02056	0.01974	0.03372	0.05099	0.65622	0.01974	0.02550	0.02550	0.01892	0.02714	0.01563	0.02056	0.01316	0.00740	0.00822	0.00247	0.00987	0.00740	0.00411	0.01316
51	0.01909	0.02047	0.01719	0.01638	0.01892	0.26069	0.01252	0.02174	0.01719	0.01968	0.01871	0.02598	0.01698	0.04206	0.42357	0.00913	0.01951	0.00756	0.00439	0.00825
52	0.01208	0.00805	0.00906	0.00906	0.00906	0.00805	0.00503	0.01208	0.01208	0.01611	0.02618	0.05436	0.03020	0.70804	0.04228	0.00805	0.00805	0.01208	0.00503	0.00503
53	0.01239	0.00924	0.01200	0.01338	0.01554	0.00885	0.01142	0.01574	0.01907	0.02419	0.05517	0.08988	0.21625	0.02242	0.01101	0.00354	0.00669	0.43806	0.00767	0.00747
54	0.02056	0.01974	0.03372	0.05099	0.65622	0.01974	0.02550	0.02550	0.01892	0.02714	0.01563	0.02056	0.01316	0.00740	0.00822	0.00247	0.00987	0.00740	0.00411	0.01316
55	0.01012	0.00723	0.00964	0.01157	0.01205	0.00675	0.00771	0.01157	0.01591	0.02121	0.04579	0.70262	0.05495	0.02603	0.01060	0.00337	0.00482	0.02362	0.00771	0.00675
56	0.01035	0.00789	0.00952	0.01027	0.01184	0.00706	0.00726	0.01253	0.01849	0.02410	0.18257	0.36049	0.26265	0.02249	0.01017	0.00303	0.00443	0.01980	0.00801	0.00706
57	0.03158	0.02327	0.02493	0.01911	0.02576	0.02576	0.01579	0.62852	0.03906	0.05236	0.01995	0.01995	0.01413	0.00997	0.00831	0.00249	0.00914	0.00748	0.00831	0.01413
58	0.02221	0.71304	0.04353	0.01421	0.02132	0.03287	0.01421	0.02488	0.01688	0.01955	0.01155	0.01333	0.01066	0.00711	0.00533	0.00178	0.00888	0.00444	0.00355	0.01066
59	0.02056	0.01974	0.03372	0.05099	0.65622	0.01974	0.02550	0.02550	0.01892	0.02714	0.01563	0.02056	0.01316	0.00740	0.00822	0.00247	0.00987	0.00740	0.00411	0.01316
60	0.01017	0.00853	0.00890	0.00909	0.01181	0.00726	0.00701	0.01244	0.01895	0.02268	0.08021	0.08130	0.59332	0.02123	0.00998	0.00291	0.00455	0.07487	0.00771	0.00708
61	0.01012	0.00723	0.00964	0.01157	0.01205	0.00675	0.00771	0.01157	0.01591	0.02121	0.04579	0.70262	0.05495	0.02603	0.01060	0.00337	0.00482	0.02362	0.00771	0.00675
62	0.01187	0.00890	0.01335	0.01335	0.01483	0.01038	0.01038	0.01483	0.01335	0.01928	0.02225	0.03264	0.02077	0.06231	0.67512	0.01335	0.02225	0.00890	0.00445	0.00742
63	0.02134	0.02121	0.03296	0.04880	0.60944	0.06833	0.02479	0.02607	0.01926	0.02664	0.01542	0.02015	0.01298	0.00749	0.00817	0.00244	0.01025	0.00725	0.00412	0.01290
64	0.24013	0.02456	0.02104	0.01726	0.02299	0.15626	0.01392	0.33548	0.02882	0.04154	0.01612	0.01710	0.01197	0.00904	0.00724	0.00244	0.00956	0.00620	0.00659	0.01175
65	0.01050	0.00830	0.00952	0.01001	0.01214	0.00732	0.00750	0.01288	0.01896	0.02391	0.14989	0.20601	0.39278	0.02169	0.01014	0.00300	0.00463	0.07577	0.00790	0.00713
66	0.01954	0.02441	0.10455	0.03109	0.03826	0.04829	0.43864	0.02572	0.01839	0.02519	0.01545	0.02090	0.01203	0.00844	0.01251	0.00290	0.12993	0.00883	0.00404	0.01088
67	0.02056	0.01974	0.03372	0.05099	0.65622	0.01974	0.02550	0.02550	0.01892	0.02714	0.01563	0.02056	0.01316	0.00740	0.00822	0.00247	0.00987	0.00740	0.00411	0.01316
68	0.01187	0.00890	0.01335	0.01335	0.01483	0.01038	0.01038	0.01483	0.01335	0.01928	0.02225	0.03264	0.02077	0.06231	0.67512	0.01335	0.02225	0.00890	0.00445	0.00742
69	0.00982	0.00842	0.00842	0.00842	0.01122	0.00701	0.00631	0.01192	0.01894	0.02244	0.08416	0.07995	0.65285	0.02104	0.00982	0.00281	0.00421	0.01753	0.00771	0.00701
70	0.01863	0.01029	0.01292	0.01196	0.01549	0.00914	0.00969	0.02166	0.02098	0.20596	0.13859	0.06575	0.26679	0.01784	0.00975	0.00293	0.00571	0.13802	0.00862	0.00928
71	0.02363	0.60478	0.04032	0.01537	0.02202	0.13605	0.01451	0.02621	0.01795	0.01967	0.01176	0.01359	0.01067	0.00734	0.00568	0.00184	0.00986	0.00459	0.00367	0.01050
72	0.02066	0.01785	0.01878	0.01691	0.02160	0.02066	0.01315	0.04414	0.64121	0.03475	0.03381	0.03099	0.02536	0.01127	0.00845	0.00282	0.00657	0.00939	0.00845	0.01315
73	0.02597	0.02254	0.01871	0.01589	0.02028	0.20031	0.01247	0.25604	0.02740	0.03618	0.02040	0.02231	0.01561	0.00948	0.00723	0.00221	0.00898	0.00698	0.26032	0.01071
74	0.01723	0.01477	0.01723	0.01230	0.01969	0.01107	0.00984	0.02092	0.01723	0.02707	0.01477	0.01723	0.01230	0.00615	0.00615	0.00123	0.00615	0.00492	0.00492	0.75883
75	0.01818	0.01818	0.02545	0.02181	0.02181	0.02545	0.01818	0.01999	0.01272	0.01999	0.01091	0.01818	0.01091	0.01454	0.02726	0.00364	0.69284	0.00727	0.00364	0.00909
76	0.01042	0.00769	0.00975	0.01082	0.01199	0.00702	0.00751	0.01250	0.01801	0.02397	0.18043	0.46508	0.15772	0.02330	0.01030	0.00312	0.00453	0.02080	0.00802	0.00702
77	0.00995	0.00837	0.00864	0.00868	0.01133	0.00705	0.00647	0.01214	0.01908	0.02306	0.11784	0.10681	0.59015	0.02101	0.00985	0.00282	0.00422	0.01765	0.00780	0.00705
78	0.02263	0.01797	0.02013	0.01487	0.02198	0.01661	0.01208	0.24985	0.02545	0.03660	0.01672	0.01825	0.01299	0.00759	0.00697	0.00171	0.00728	0.00589	0.00620	0.47824
79	0.02024	0.01941	0.03315	0.09253	0.61716	0.01965	0.02534	0.02522	0.01877	0.02675	0.01557	0.02066	0.01302	0.00746	0.00823	0.00249	0.00995	0.00740	0.00408	0.01290
80	0.02017	0.03869	0.44799	0.02547	0.06922	0.12910	0.07146	0.05449	0.01974	0.02655	0.01497	0.01775	0.01102	0.00800	0.00800	0.00255	0.01258	0.00641	0.00394	0.01189
81	0.01229	0.00894	0.01033	0.01064	0.01192	0.00864	0.00714	0.05758	0.01702	0.02212	0.04560	0.30877	0.17049	0.24610	0.02059	0.00471	0.00607	0.01737	0.00688	0.00679
82	0.01359	0.01159	0.01491	0.01450	0.01606	0.05482	0.01133	0.01641	0.01397	0.01941	0.02080	0.03041	0.01938	0.05526	0.58352	0.01190	0.07153	0.00855	0.00438	0.00769
83	0.02919	0.03443	0.02283	0.02026	0.02459	0.51522	0.01547	0.11290	0.02492	0.02485	0.01839	0.02003	0.05305	0.00982	0.00857	0.00229	0.04159	0.00652	0.00503	0.01005
84	0.02032	0.02119	0.07309	0.04929	0.61754	0.01971	0.02582	0.02555	0.01883	0.02709	0.01558	0.02037	0.01299	0.00743	0.00820	0.00248	0.01002	0.00732	0.00407	0.01310
85	0.02500	0.50038	0.03722	0.01648	0.02270	0.23555	0.01479	0.02750	0.01898	0.01979	0.01196	0.01385	0.01067	0.00757	0.00601	0.00189	0.01081	0.00473	0.00378	0.01034
86	0.01801	0.16099	0.02209	0.01459	0.01847	0.01810	0.01220	0.13382	0.01913	0.02592	0.01927	0.02556	0.01705	0.03856	0.38142	0.00838	0.01632	0.00754	0.00501	0.03759
87	0.02456	0.07416	0.03191	0.02457	0.02914	0.31483	0.17529	0.02792	0.01962	0.02184	0.01335	0.01753	0.01124	0.00942	0.01245	0.00263	0.16860	0.00689	0.00407	0.00998
88	0.01917	0.03784	0.44221	0.02598	0.03635	0.10330	0.16506	0.02725	0.01878	0.02562	0.01508	0.01833	0.01102	0.00777	0.00828	0.00261	0.01302	0.00688	0.00377	0.01169
89	0.01734	0.01292	0.01458	0.01349	0.01653	0.01326	0.01017	0.22102	0.02438	0.03203	0.04485	0.34378	0.16319	0.01956	0.00966	0.00296	0.00616	0.01690	0.00792	0.00931
90	0.02266	0.02039	0.07473	0.07669	0.35155	0.01930	0.02147	0.06949	0.12509	0.10370	0.02086	0.02305	0.01581	0.00865	0.00826	0.00257	0.00919	0.00776	0.00576	0.01302
91	0.01794	0.21368	0.33963	0.01981	0.02782	0.02296	0.02239	0.02393	0.01668	0.02351	0.04233	0.01920	0.01413	0.01158	0.04020	0.00304	0.12001	0.00639	0.00384	0.01092
92	0.01119	0.00848	0.01022	0.01097	0.01298	0.00771	0.00854	0.01345	0.01837	0.02315	0.10088	0.17302	0.32990	0.02247	0.01165	0.04564	0.00536	0.17146	0.00756	0.00700
93	0.01210	0.01019	0.01074	0.01062	0.01358	0.00973	0.00810	0.01831	0.13676	0.02483	0.06985	0.11204	0.46084	0.01962	0.00970	0.00290	0.00489	0.04916	0.00785	0.00820
94	0.02307	0.20561	0.08045	0.02297	0.07643	0.14745	0.12085	0.10301	0.02230	0.02754	0.07733	0.02171	0.01829	0.00878	0.00774	0.00231	0.01079	0.00732	0.00500	0.01104
95	0.02484	0.17736	0.10142	0.01845	0.02458	0.18890	0.01655	0.16055	0.08488	0.02941	0.02036	0.02137	0.04899	0.00969	0.00828	0.00236	0.03831	0.00687	0.00550	0.01132
96	0.01511	0.01302	0.01348	0.01256	0.01629	0.01367	0.00965	0.02765	0.32263	0.02845	0.05959	0.05606	0.34661	0.01627	0.00915	0.00281	0.00536	0.01356	0.00807	0.01001
97	0.02760	0.02016	0.02169	0.01706	0.02235	0.02215	0.01359	0.50264	0.03355	0.04495	0.02122	0.02697	0.01741	0.15252	0.01525	0.00363	0.00892	0.00842	0.00764	0.01227
98	0.02587	0.22448	0.07809	0.02079	0.06031	0.34452	0.01690	0.03098	0.08174	0.02237	0.01486	0.01660	0.01226	0.00831	0.00705	0.00216	0.01196	0.00567	0.00442	0.01066
99	0.02218	0.02298	0.03163	0.07006	0.52467	0.13272	0.02377	0.02666	0.01963	0.02574	0.01511	0.01966	0.01266	0.00764	0.00810	0.00242	0.01080	0.00705	0.00413	0.01240
100	0.00982	0.00842	0.00842	0.00842	0.01122	0.00701	0.00631	0.01192	0.01894	0.02244	0.08416	0.07995	0.65285	0.02104	0.00982	0.00281	0.00421	0.01753	0.00771	0.00701
101	0.01168	0.00849	0.01099	0.01036	0.01236	0.00780	0.00777	0.01552	0.02332	0.03285	0.62762	0.06282	0.10289	0.01716	0.00980	0.00262	0.00393	0.01513	0.00908	0.00780
102	0.02512	0.03039	0.03275	0.02623	0.03132	0.34911	0.22999	0.02891	0.02055	0.02248	0.01394	0.01806	0.01140	0.00891	0.01124	0.00259	0.11556	0.00720	0.00416	0.01010
103	0.01208	0.00805	0.00906	0.00906	0.00906	0.00805	0.00503	0.01208	0.01208	0.01611	0.02618	0.05436	0.03020	0.70804	0.04228	0.00805	0.00805	0.01208	0.00503	0.00503
104	0.01179	0.00810	0.00898	0.00898	0.00934	0.00792	0.00520	0.01206	0.01296	0.01692	0.03357	0.05763	0.10964	0.62040	0.03814	0.00738	0.00756	0.01278	0.00538	0.00529
105	0.02056	0.01974	0.03372	0.05099	0.65622	0.01974	0.02550	0.02550	0.01892	0.02714	0.01563	0.02056	0.01316	0.00740	0.00822	0.00247	0.00987	0.00740	0.00411	0.01316
106	0.02427	0.03971	0.28934	0.02335	0.03122	0.35656	0.06733	0.02986	0.02078	0.02326	0.01399	0.01658	0.01077	0.00817	0.00783	0.00239	0.01380	0.00601	0.00396	0.01084
107	0.00982	0.00842	0.00842	0.00842	0.01122	0.00701	0.00631	0.01192	0.01894	0.02244	0.08416	0.07995	0.65285	0.02104	0.00982	0.00281	0.00421	0.01753	0.00771	0.00701
108	0.07523	0.27075	0.02993	0.01814	0.02332	0.34365	0.01506	0.05480	0.02067	0.02253	0.01251	0.01470	0.01074	0.00840	0.00773	0.00214	0.05017	0.00518	0.00422	0.01011
109	0.01342	0.00965	0.01107	0.01103	0.01398	0.00879	0.00882	0.01727	0.05453	0.07307	0.09072	0.07566	0.40872	0.01994	0.01001	0.00301	0.00533	0.14891	0.00799	0.00808
110	0.01249	0.00981	0.01454	0.01418	0.01552	0.01187	0.01115	0.01534	0.01329	0.01935	0.02114	0.03121	0.01980	0.05761	0.61138	0.01240	0.08823	0.00874	0.00437	0.00758
111	0.02945	0.11906	0.02665	0.02284	0.08678	0.47250	0.01642	0.03203	0.02228	0.07711	0.01470	0.01649	0.01180	0.00842	0.00737	0.00216	0.01303	0.00570	0.00470	0.01050
112	0.01105	0.00796	0.00902	0.00946	0.01030	0.00749	0.00598	0.01192	0.01474	0.01892	0.04574	0.20856	0.19800	0.37389	0.02662	0.00562	0.00632	0.01613	0.00634	0.00594
113	0.02221	0.71304	0.04353	0.01421	0.02132	0.03287	0.01421	0.02488	0.01688	0.01955	0.01155	0.01333	0.01066	0.00711	0.00533	0.00178	0.00888	0.00444	0.00355	0.01066
114	0.02125	0.01996	0.03317	0.04900	0.61690	0.02011	0.02489	0.06311	0.02017	0.02871	0.01590	0.02052	0.01322	0.00756	0.00823	0.00247	0.00982	0.00741	0.00437	0.01322
115	0.02027	0.02146	0.08056	0.04896	0.61020	0.01971	0.02588	0.02556	0.01881	0.02708	0.01557	0.02034	0.01296	0.00744	0.00820	0.00248	0.01005	0.00731	0.00407	0.01309
116	0.01666	0.04297	0.66500	0.02368	0.03596	0.01929	0.03069	0.02631	0.01754	0.02631	0.01491	0.01754	0.01052	0.00789	0.00789	0.00263	0.01228	0.00614	0.00351	0.01228
117	0.02056	0.01974	0.03372	0.05099	0.65622	0.01974	0.02550	0.02550	0.01892	0.02714	0.01563	0.02056	0.01316	0.00740	0.00822	0.00247	0.00987	0.00740	0.00411	0.01316
118	0.00982	0.00842	0.00842	0.00842	0.01122	0.00701	0.00631	0.01192	0.01894	0.02244	0.08416	0.07995	0.65285	0.02104	0.00982	0.00281	0.00421	0.01753	0.00771	0.00701
119	0.01961	0.02241	0.04902	0.03501	0.04342	0.02101	0.62605	0.02661	0.01961	0.02661	0.01681	0.02241	0.01261	0.00700	0.00980	0.00280	0.01401	0.00980	0.00420	0.01120
120	0.01293	0.00942	0.01275	0.01442	0.01645	0.00924	0.01248	0.01654	0.01910	0.02455	0.04911	0.09195	0.12500	0.02271	0.01126	0.00369	0.00721	0.52596	0.00766	0.00757
121	0.00994	0.00842	0.00859	0.00855	0.01130	0.00707	0.00641	0.01217	0.01923	0.02315	0.12117	0.07878	0.61539	0.02077	0.00982	0.00279	0.00419	0.01737	0.00781	0.00707
122	0.02221	0.71304	0.04353	0.01421	0.02132	0.03287	0.01421	0.02488	0.01688	0.01955	0.01155	0.01333	0.01066	0.00711	0.00533	0.00178	0.00888	0.00444	0.00355	0.01066
123	0.00982	0.00842	0.00842	0.00842	0.01122	0.00701	0.00631	0.01192	0.01894	0.02244	0.08416	0.07995	0.65285	0.02104	0.00982	0.00281	0.00421	0.01753	0.00771	0.00701
124	0.02657	0.03175	0.02564	0.02641	0.12981	0.42817	0.01807	0.02910	0.02048	0.02139	0.01289	0.01659	0.01115	0.00963	0.01180	0.00251	0.15770	0.00610	0.00412	0.01010
125	0.01549	0.00774	0.00774	0.00774	0.00968	0.00774	0.00581	0.01936	0.01742	0.03097	0.02710	0.03097	0.02129	0.00968	0.00581	0.00194	0.00387	0.00774	0.75416	0.00774
126	0.01582	0.01485	0.09685	0.01538	0.06426	0.01111	0.01241	0.04348	0.02185	0.09172	0.28890	0.05299	0.20700	0.01524	0.00924	0.00265	0.00602	0.01303	0.00776	0.00945
127	0.02970	0.03706	0.02484	0.02518	0.10613	0.59113	0.01726	0.03219	0.02295	0.02120	0.01320	0.01569	0.01101	0.00841	0.00758	0.00218	0.01433	0.00561	0.00426	0.01008
128	0.01150	0.00803	0.00901	0.00920	0.00972	0.00775	0.00551	0.01200	0.01362	0.01768	0.03792	0.12281	0.13796	0.52439	0.03366	0.00670	0.00708	0.01414	0.00575	0.00554
129	0.01167	0.00849	0.01099	0.01036	0.01236	0.00780	0.00777	0.01551	0.02332	0.03284	0.62721	0.06283	0.10331	0.01716	0.00980	0.00262	0.00393	0.01513	0.00908	0.00780
130	0.02221	0.71304	0.04353	0.01421	0.02132	0.03287	0.01421	0.02488	0.01688	0.01955	0.01155	0.01333	0.01066	0.00711	0.00533	0.00178	0.00888	0.00444	0.00355	0.01066
131	0.01012	0.00723	0.00964	0.01157	0.01205	0.00675	0.00771	0.01157	0.01591	0.02121	0.04579	0.70262	0.05495	0.02603	0.01060	0.00337	0.00482	0.02362	0.00771	0.00675
132	0.01187	0.00890	0.01335	0.01335	0.01483	0.01038	0.01038	0.01483	0.01335	0.01928	0.02225	0.03264	0.02077	0.06231	0.67512	0.01335	0.02225	0.00890	0.00445	0.00742
133	0.01176	0.00849	0.01110	0.01045	0.01241	0.00784	0.00784	0.01568	0.02352	0.03331	0.65184	0.06206	0.07839	0.01698	0.00980	0.00261	0.00392	0.01502	0.00914	0.00784
134	0.00982	0.00842	0.00842	0.00842	0.01122	0.00701	0.00631	0.01192	0.01894	0.02244	0.08416	0.07995	0.65285	0.02104	0.00982	0.00281	0.00421	0.01753	0.00771	0.00701
135	0.01267	0.00905	0.01256	0.01448	0.01608	0.00894	0.01214	0.01597	0.01842	0.02406	0.04438	0.22757	0.04938	0.02363	0.01128	0.00373	0.00703	0.47353	0.00766	0.00745
136	0.03026	0.09891	0.02530	0.02077	0.02530	0.61816	0.01589	0.03244	0.02296	0.02026	0.01273	0.01484	0.01070	0.00843	0.00730	0.00211	0.01444	0.00527	0.00422	0.00972
137	0.01187	0.00890	0.01335	0.01335	0.01483	0.01038	0.01038	0.01483	0.01335	0.01928	0.02225	0.03264	0.02077	0.06231	0.67512	0.01335	0.02225	0.00890	0.00445	0.00742
138	0.43117	0.15903	0.04536	0.01291	0.01900	0.02021	0.01158	0.02799	0.01687	0.16554	0.01618	0.01675	0.01185	0.00814	0.00597	0.00241	0.00729	0.00537	0.00584	0.01055
139	0.01938	0.37144	0.36036	0.01904	0.02878	0.02595	0.02262	0.02561	0.01722	0.02299	0.01326	0.01547	0.01059	0.00751	0.00664	0.00221	0.01061	0.00531	0.00353	0.01149
140	0.02056	0.01974	0.03372	0.05099	0.65622	0.01974	0.02550	0.02550	0.01892	0.02714	0.01563	0.02056	0.01316	0.00740	0.00822	0.00247	0.00987	0.00740	0.00411	0.01316
141	0.02056	0.01974	0.03372	0.05099	0.65622	0.01974	0.02550	0.02550	0.01892	0.02714	0.01563	0.02056	0.01316	0.00740	0.00822	0.00247	0.00987	0.00740	0.00411	0.01316
142	0.01549	0.00774	0.00774	0.00774	0.00968	0.00774	0.00581	0.01936	0.01742	0.03097	0.02710	0.03097	0.02129	0.00968	0.00581	0.00194	0.00387	0.00774	0.75416	0.00774
143	0.01761	0.15719	0.55907	0.02206	0.03346	0.02161	0.02788	0.02606	0.01743	0.02516	0.01434	0.01682	0.01055	0.00776	0.00746	0.00249	0.01170	0.00585	0.00352	0.01200
144	0.01666	0.04297	0.66500	0.02368	0.03596	0.01929	0.03069	0.02631	0.01754	0.02631	0.01491	0.01754	0.01052	0.00789	0.00789	0.00263	0.01228	0.00614	0.00351	0.01228
145	0.02816	0.03134	0.02373	0.02067	0.02459	0.40404	0.01612	0.15174	0.02445	0.02677	0.01435	0.01727	0.01185	0.01210	0.03872	0.00293	0.12955	0.00626	0.00500	0.01036
146	0.02372	0.02573	0.03065	0.04206	0.46594	0.21739	0.02265	0.02781	0.02031	0.02509	0.01479	0.01888	0.01242	0.00775	0.00800	0.00237	0.01141	0.00678	0.00416	0.01209
147	0.00982	0.00842	0.00842	0.00842	0.01122	0.00701	0.00631	0.01192	0.01894	0.02244	0.08416	0.07995	0.65285	0.02104	0.00982	0.00281	0.00421	0.01753	0.00771	0.00701
148	0.01694	0.07691	0.63353	0.02320	0.03521	0.01998	0.02986	0.02624	0.01751	0.02597	0.01474	0.01733	0.01053	0.00785	0.00776	0.00259	0.01211	0.00605	0.00351	0.01220
149	0.01864	0.05790	0.03085	0.02347	0.02620	0.02386	0.14608	0.02174	0.01475	0.02189	0.01248	0.01873	0.01136	0.01190	0.02077	0.00318	0.45965	0.00747	0.00385	0.06525
150	0.01098	0.00875	0.01003	0.01052	0.01301	0.00780	0.00843	0.01370	0.01933	0.02394	0.11487	0.08253	0.43850	0.02128	0.01029	0.00308	0.00516	0.18276	0.00780	0.00726
151	0.01012	0.00723	0.00964	0.01157	0.01205	0.00675	0.00771	0.01157	0.01591	0.02121	0.04579	0.70262	0.05495	0.02603	0.01060	0.00337	0.00482	0.02362	0.00771	0.00675
152	0.02498	0.02774	0.02595	0.02767	0.16683	0.30296	0.01841	0.07184	0.02076	0.02413	0.01395	0.01808	0.01198	0.01202	0.04019	0.00305	0.16797	0.00656	0.00440	0.01055
153	0.01081	0.00772	0.01043	0.01236	0.01314	0.00734	0.00891	0.01276	0.01659	0.02198	0.04541	0.57365	0.05343	0.02537	0.01079	0.00347	0.00542	0.14576	0.00770	0.00694
154	0.01012	0.00723	0.00964	0.01157	0.01205	0.00675	0.00771	0.01157	0.01591	0.02121	0.04579	0.70262	0.05495	0.02603	0.01060	0.00337	0.00482	0.02362	0.00771	0.00675
155	0.01994	0.01910	0.03260	0.13227	0.57980	0.01957	0.02519	0.02495	0.01862	0.02639	0.01552	0.02076	0.01289	0.00752	0.00823	0.00251	0.01002	0.00740	0.00406	0.01266
156	0.02356	0.37917	0.03682	0.02593	0.20241	0.11050	0.01777	0.07090	0.01995	0.02424	0.01349	0.01608	0.01163	0.00759	0.00665	0.00207	0.00996	0.00562	0.00416	0.01150
157	0.01166	0.00841	0.01101	0.01052	0.01239	0.00777	0.00783	0.01542	0.02304	0.03256	0.61404	0.10201	0.07692	0.01755	0.00985	0.00266	0.00398	0.01556	0.00906	0.00777
158	0.01818	0.01818	0.02545	0.02181	0.02181	0.02545	0.01818	0.01999	0.01272	0.01999	0.01091	0.01818	0.01091	0.01454	0.02726	0.00364	0.69284	0.00727	0.00364	0.00909
159	0.00982	0.00842	0.00842	0.00842	0.01122	0.00701	0.00631	0.01192	0.01894	0.02244	0.08416	0.07995	0.65285	0.02104	0.00982	0.00281	0.00421	0.01753	0.00771	0.00701
160	0.02384	0.01892	0.02020	0.01732	0.02253	0.02147	0.01371	0.17699	0.47830	0.06503	0.03061	0.02837	0.02260	0.01093	0.00842	0.00273	0.00718	0.00891	0.00850	0.01341
161	0.02788	0.03385	0.02577	0.02748	0.15414	0.48984	0.01815	0.03057	0.02175	0.02170	0.01326	0.01637	0.01122	0.00879	0.00920	0.00232	0.06729	0.00592	0.00420	0.01031
162	0.02873	0.02160	0.02037	0.01702	0.02190	0.15653	0.01332	0.24967	0.02762	0.17802	0.02524	0.11595	0.02135	0.05120	0.01037	0.00287	0.00926	0.00969	0.00764	0.01166
163	0.01761	0.24252	0.02260	0.01267	0.01706	0.12962	0.01066	0.02004	0.01940	0.02195	0.09051	0.04588	0.29194	0.01408	0.00796	0.00234	0.00755	0.01101	0.00588	0.00871

[dist]
# distance from previous block
# <min> <max>
0	7

# created by:
# /home/cegg/simao/soft/augustus-3.2.1/scripts/msa2prfl.pl ./align_prep/13165.fa
