[name]
unknown

[dist]
# distance from previous block
# <min> <max>
0	1

[block]
# block no. 0 follows, 21 sequences, length 77
# corresponding to MSA columns:
# 1-77
name=unknown_A
#
# <colnr> <probs for GDERKNQSTAVLIFYWHMCP>
#	G	D	E	R	K	N	Q	S	T	A	V	L	I	F	Y	W	H	M	C	P
0	0.02008	0.40520	0.06511	0.01588	0.02153	0.06412	0.01528	0.02354	0.01849	0.02220	0.02286	0.04066	0.02325	0.01267	0.00777	0.00257	0.00926	0.19457	0.00504	0.00994
1	0.02827	0.08368	0.02473	0.01793	0.02399	0.02399	0.01477	0.37779	0.15479	0.08190	0.02488	0.06277	0.01936	0.01121	0.00841	0.00261	0.00842	0.00881	0.00818	0.01350
2	0.02119	0.01682	0.02044	0.01643	0.02191	0.01651	0.04790	0.22406	0.05844	0.03546	0.02595	0.18684	0.02476	0.01299	0.00853	0.00243	0.00751	0.01120	0.00708	0.23355
3	0.01827	0.01368	0.01613	0.04612	0.01926	0.01407	0.01116	0.20103	0.02532	0.03430	0.15969	0.21929	0.07626	0.04847	0.01104	0.00304	0.00662	0.01443	0.00790	0.05391
4	0.02739	0.02640	0.02335	0.02118	0.06174	0.21126	0.01572	0.20836	0.21396	0.03573	0.02212	0.02230	0.01681	0.00985	0.00820	0.00249	0.01021	0.00749	0.00692	0.04852
5	0.07212	0.09107	0.02421	0.01788	0.02377	0.10984	0.01454	0.24889	0.20652	0.03844	0.02199	0.02186	0.01661	0.00979	0.00784	0.00247	0.00905	0.00732	0.00716	0.04866
6	0.02610	0.02926	0.02110	0.01879	0.02298	0.36836	0.01443	0.10118	0.08516	0.02664	0.02932	0.02987	0.12789	0.01189	0.00947	0.00252	0.05033	0.00854	0.00591	0.01026
7	0.02809	0.02121	0.02284	0.01842	0.02425	0.02355	0.01487	0.44821	0.15707	0.04708	0.02572	0.08456	0.02062	0.01199	0.00876	0.00270	0.00843	0.00957	0.00849	0.01358
8	0.02232	0.01831	0.02154	0.01619	0.02326	0.01723	0.03976	0.19273	0.09840	0.03594	0.01907	0.02038	0.01476	0.00808	0.00738	0.00189	0.00758	0.00656	0.00642	0.42220
9	0.03207	0.03212	0.02483	0.02074	0.02635	0.34342	0.01631	0.32960	0.03214	0.03739	0.01683	0.01791	0.01273	0.00950	0.00810	0.00237	0.01233	0.00658	0.00647	0.01219
10	0.02082	0.01997	0.03410	0.08290	0.61907	0.02016	0.02600	0.02590	0.01926	0.02751	0.01596	0.02114	0.01338	0.00763	0.00843	0.00254	0.01017	0.00758	0.00419	0.01328
11	0.02982	0.03457	0.02279	0.02036	0.02490	0.49439	0.01548	0.09640	0.08562	0.02644	0.01695	0.01852	0.01349	0.00927	0.00775	0.00229	0.01316	0.00627	0.05095	0.01059
12	0.01113	0.00815	0.01045	0.01095	0.01243	0.00747	0.00780	0.01389	0.02033	0.02775	0.33422	0.32794	0.13256	0.02170	0.01038	0.00302	0.00443	0.01933	0.00860	0.00747
13	0.01474	0.01230	0.01546	0.01489	0.01763	0.01285	0.04596	0.02461	0.23482	0.02709	0.04469	0.35987	0.10118	0.01965	0.00995	0.00316	0.00607	0.01758	0.00795	0.00953
14	0.01037	0.00741	0.00987	0.01185	0.01234	0.00691	0.00790	0.01185	0.01629	0.02172	0.04690	0.69537	0.05629	0.02666	0.01086	0.00346	0.00494	0.02419	0.00790	0.00691
15	0.02275	0.70604	0.04459	0.01456	0.02184	0.03367	0.01456	0.02548	0.01729	0.02002	0.01183	0.01365	0.01092	0.00728	0.00546	0.00182	0.00910	0.00455	0.00364	0.01092
16	0.02356	0.02495	0.03212	0.04519	0.50341	0.17045	0.02387	0.02794	0.02048	0.02618	0.01534	0.01973	0.01289	0.00786	0.00825	0.00245	0.01133	0.00709	0.00425	0.01264
17	0.01006	0.00862	0.00862	0.00862	0.01149	0.00718	0.00647	0.01221	0.01940	0.02299	0.08621	0.08190	0.64438	0.02155	0.01006	0.00287	0.00431	0.01796	0.00790	0.00718
18	0.02009	0.02296	0.05022	0.03587	0.04448	0.02152	0.61693	0.02726	0.02009	0.02726	0.01722	0.02296	0.01291	0.00717	0.01004	0.00287	0.01435	0.01004	0.00430	0.01148
19	0.01016	0.00863	0.00876	0.00873	0.01156	0.00723	0.00655	0.01241	0.01964	0.02357	0.11513	0.08095	0.61511	0.02134	0.01006	0.00286	0.00430	0.01783	0.00798	0.00723
20	0.01548	0.01122	0.01351	0.01365	0.01561	0.01144	0.00982	0.15304	0.02180	0.02914	0.04075	0.53854	0.04657	0.02284	0.01032	0.00325	0.00597	0.02035	0.00804	0.00867
21	0.03179	0.04056	0.02412	0.02192	0.02631	0.66676	0.01644	0.03398	0.02412	0.02083	0.01315	0.01535	0.01096	0.00877	0.00767	0.00219	0.01535	0.00548	0.00438	0.00987
22	0.01037	0.00741	0.00987	0.01185	0.01234	0.00691	0.00790	0.01185	0.01629	0.02172	0.04690	0.69537	0.05629	0.02666	0.01086	0.00346	0.00494	0.02419	0.00790	0.00691
23	0.01238	0.00825	0.00928	0.00928	0.00928	0.00825	0.00516	0.01238	0.01238	0.01650	0.02681	0.05569	0.03094	0.70092	0.04331	0.00825	0.00825	0.01238	0.00516	0.00516
24	0.02106	0.02022	0.03454	0.05223	0.64784	0.02022	0.02612	0.02612	0.01938	0.02780	0.01601	0.02106	0.01348	0.00758	0.00842	0.00253	0.01011	0.00758	0.00421	0.01348
25	0.01015	0.00826	0.00899	0.00958	0.01175	0.00710	0.00689	0.01211	0.01848	0.02261	0.07457	0.26363	0.47017	0.02307	0.01030	0.00305	0.00450	0.01981	0.00790	0.00710
26	0.01228	0.00821	0.00931	0.00940	0.00942	0.00819	0.00528	0.01235	0.01255	0.01674	0.02773	0.08488	0.03210	0.67016	0.04183	0.00803	0.00810	0.01291	0.00528	0.00524
27	0.02275	0.70604	0.04459	0.01456	0.02184	0.03367	0.01456	0.02548	0.01729	0.02002	0.01183	0.01365	0.01092	0.00728	0.00546	0.00182	0.00910	0.00455	0.00364	0.01092
28	0.02932	0.03538	0.02298	0.02085	0.02534	0.51674	0.01575	0.03659	0.16548	0.02426	0.01815	0.01916	0.01445	0.00941	0.00790	0.00235	0.01335	0.00644	0.00538	0.01070
29	0.01057	0.00749	0.00982	0.01160	0.01204	0.00704	0.00763	0.01190	0.01591	0.02121	0.04492	0.63207	0.05378	0.09338	0.01407	0.00393	0.00527	0.02302	0.00763	0.00674
30	0.01765	0.01513	0.01765	0.01260	0.02017	0.01134	0.01008	0.02143	0.01765	0.02773	0.01513	0.01765	0.01260	0.00630	0.00630	0.00126	0.00630	0.00504	0.00504	0.75295
31	0.01255	0.00823	0.00921	0.00921	0.00931	0.00823	0.00520	0.01276	0.01266	0.01728	0.02686	0.05446	0.03047	0.66549	0.04140	0.00793	0.00803	0.01215	0.04326	0.00530
32	0.01908	0.27824	0.44022	0.02083	0.03153	0.02468	0.02547	0.02643	0.01773	0.02450	0.01405	0.01644	0.01083	0.00780	0.00716	0.00239	0.01135	0.00567	0.00361	0.01199
33	0.01765	0.01513	0.01765	0.01260	0.02017	0.01134	0.01008	0.02143	0.01765	0.02773	0.01513	0.01765	0.01260	0.00630	0.00630	0.00126	0.00630	0.00504	0.00504	0.75295
34	0.02106	0.02022	0.03454	0.05223	0.64784	0.02022	0.02612	0.02612	0.01938	0.02780	0.01601	0.02106	0.01348	0.00758	0.00842	0.00253	0.01011	0.00758	0.00421	0.01348
35	0.06951	0.02978	0.02433	0.02004	0.02585	0.26826	0.01592	0.36749	0.03269	0.04043	0.01724	0.01817	0.01287	0.00955	0.00803	0.00242	0.01148	0.00668	0.00678	0.01246
36	0.01821	0.17726	0.53361	0.02230	0.03382	0.02256	0.02804	0.02666	0.01783	0.02556	0.01458	0.01710	0.01081	0.00792	0.00756	0.00252	0.01188	0.00594	0.00360	0.01224
37	0.02950	0.03520	0.02645	0.02834	0.16063	0.49018	0.01852	0.06599	0.02401	0.02422	0.01419	0.01687	0.01171	0.00860	0.00788	0.00229	0.01387	0.00606	0.00459	0.01091
38	0.01707	0.04402	0.65683	0.02426	0.03683	0.01976	0.03144	0.02695	0.01797	0.02695	0.01527	0.01797	0.01078	0.00809	0.00809	0.00270	0.01258	0.00629	0.00359	0.01258
39	0.01575	0.01357	0.01406	0.01308	0.01694	0.01435	0.01005	0.02912	0.33344	0.02945	0.05979	0.05621	0.32761	0.01643	0.00934	0.00288	0.00555	0.01369	0.00829	0.01040
40	0.01478	0.00739	0.01109	0.01109	0.01109	0.00739	0.00739	0.01109	0.01109	0.01478	0.01478	0.02587	0.01478	0.02956	0.03326	0.75240	0.00739	0.00739	0.00370	0.00370
41	0.01339	0.01092	0.01603	0.01532	0.01655	0.01357	0.01215	0.01620	0.01355	0.01989	0.02059	0.03062	0.01935	0.05453	0.54571	0.01179	0.14870	0.00880	0.00440	0.00792
42	0.01006	0.00862	0.00862	0.00862	0.01149	0.00718	0.00647	0.01221	0.01940	0.02299	0.08621	0.08190	0.64438	0.02155	0.01006	0.00287	0.00431	0.01796	0.00790	0.00718
43	0.01158	0.00868	0.01073	0.01022	0.01243	0.00783	0.00767	0.01516	0.02300	0.03153	0.51366	0.06784	0.21160	0.01836	0.01004	0.00272	0.00408	0.01599	0.00903	0.00783
44	0.03179	0.04056	0.02412	0.02192	0.02631	0.66676	0.01644	0.03398	0.02412	0.02083	0.01315	0.01535	0.01096	0.00877	0.00767	0.00219	0.01535	0.00548	0.00438	0.00987
45	0.02106	0.02022	0.03454	0.05223	0.64784	0.02022	0.02612	0.02612	0.01938	0.02780	0.01601	0.02106	0.01348	0.00758	0.00842	0.00253	0.01011	0.00758	0.00421	0.01348
46	0.01785	0.13468	0.57298	0.02293	0.03478	0.02167	0.02913	0.02675	0.01787	0.02600	0.01480	0.01738	0.01080	0.00797	0.00773	0.00258	0.01210	0.00605	0.00360	0.01235
47	0.01238	0.00825	0.00928	0.00928	0.00928	0.00825	0.00516	0.01238	0.01238	0.01650	0.02681	0.05569	0.03094	0.70092	0.04331	0.00825	0.00825	0.01238	0.00516	0.00516
48	0.01006	0.00862	0.00862	0.00862	0.01149	0.00718	0.00647	0.01221	0.01940	0.02299	0.08621	0.08190	0.64438	0.02155	0.01006	0.00287	0.00431	0.01796	0.00790	0.00718
49	0.02275	0.70604	0.04459	0.01456	0.02184	0.03367	0.01456	0.02548	0.01729	0.02002	0.01183	0.01365	0.01092	0.00728	0.00546	0.00182	0.00910	0.00455	0.00364	0.01092
50	0.03199	0.03464	0.02462	0.02109	0.02634	0.44020	0.01635	0.24112	0.02974	0.03243	0.01573	0.01715	0.01220	0.00928	0.00797	0.00232	0.01323	0.00625	0.00585	0.01150
51	0.01037	0.00741	0.00987	0.01185	0.01234	0.00691	0.00790	0.01185	0.01629	0.02172	0.04690	0.69537	0.05629	0.02666	0.01086	0.00346	0.00494	0.02419	0.00790	0.00691
52	0.01660	0.01567	0.02648	0.61375	0.12118	0.01905	0.02390	0.02221	0.01727	0.02239	0.01522	0.02252	0.01157	0.00841	0.00850	0.00280	0.01121	0.00756	0.00383	0.00988
53	0.02792	0.03166	0.02223	0.01990	0.02408	0.43609	0.01523	0.12037	0.02446	0.02566	0.01622	0.01977	0.01358	0.02007	0.14054	0.00456	0.01592	0.00655	0.00506	0.01012
54	0.01216	0.00912	0.01368	0.01368	0.01520	0.01064	0.01064	0.01520	0.01368	0.01976	0.02279	0.03343	0.02127	0.06382	0.66720	0.01368	0.02279	0.00912	0.00456	0.00760
55	0.01707	0.04402	0.65683	0.02426	0.03683	0.01976	0.03144	0.02695	0.01797	0.02695	0.01527	0.01797	0.01078	0.00809	0.00809	0.00270	0.01258	0.00629	0.00359	0.01258
56	0.02385	0.02601	0.24408	0.01808	0.02580	0.01790	0.01880	0.16651	0.06060	0.13058	0.02294	0.02381	0.01634	0.00953	0.00786	0.00252	0.00893	0.00748	0.15595	0.01243
57	0.76103	0.01646	0.01251	0.01119	0.01646	0.01909	0.00922	0.02502	0.01448	0.03818	0.01185	0.01382	0.00922	0.00790	0.00527	0.00263	0.00658	0.00461	0.00527	0.00922
58	0.02106	0.02022	0.03454	0.05223	0.64784	0.02022	0.02612	0.02612	0.01938	0.02780	0.01601	0.02106	0.01348	0.00758	0.00842	0.00253	0.01011	0.00758	0.00421	0.01348
59	0.02879	0.02142	0.01984	0.01658	0.02172	0.16681	0.01311	0.15052	0.06307	0.21740	0.09516	0.03350	0.09044	0.01201	0.00866	0.00256	0.00887	0.00944	0.00818	0.01190
60	0.02624	0.20114	0.02873	0.05168	0.02580	0.12340	0.01552	0.20733	0.17452	0.03397	0.02029	0.02077	0.01566	0.00947	0.00763	0.00240	0.00966	0.00700	0.00642	0.01236
61	0.02333	0.01910	0.02526	0.25351	0.03748	0.02178	0.05484	0.25451	0.12183	0.03691	0.02091	0.02367	0.01540	0.00962	0.00851	0.00270	0.00971	0.00809	0.04080	0.01205
62	0.01216	0.00912	0.01368	0.01368	0.01520	0.01064	0.01064	0.01520	0.01368	0.01976	0.02279	0.03343	0.02127	0.06382	0.66720	0.01368	0.02279	0.00912	0.00456	0.00760
63	0.02515	0.21586	0.03369	0.02079	0.02672	0.10398	0.10863	0.19951	0.02475	0.03123	0.01730	0.05699	0.01491	0.01013	0.00973	0.00251	0.07325	0.00783	0.00551	0.01154
64	0.02966	0.02790	0.02320	0.01963	0.02508	0.25008	0.01542	0.24286	0.18046	0.06667	0.02202	0.02186	0.01641	0.01005	0.00826	0.00251	0.01072	0.00742	0.00719	0.01260
65	0.01065	0.00799	0.00992	0.01114	0.01248	0.00726	0.00789	0.01269	0.01802	0.02342	0.11170	0.44068	0.21138	0.02429	0.01063	0.00326	0.00487	0.05656	0.00803	0.00714
66	0.01006	0.00862	0.00862	0.00862	0.01149	0.00718	0.00647	0.01221	0.01940	0.02299	0.08621	0.08190	0.64438	0.02155	0.01006	0.00287	0.00431	0.01796	0.00790	0.00718
67	0.02948	0.11254	0.02767	0.02477	0.10098	0.51775	0.01740	0.03208	0.02278	0.02158	0.01335	0.01585	0.01126	0.00846	0.00752	0.00219	0.01401	0.00563	0.00428	0.01042
68	0.03179	0.04056	0.02412	0.02192	0.02631	0.66676	0.01644	0.03398	0.02412	0.02083	0.01315	0.01535	0.01096	0.00877	0.00767	0.00219	0.01535	0.00548	0.00438	0.00987
69	0.02079	0.01994	0.03405	0.08634	0.61585	0.02015	0.02598	0.02588	0.01925	0.02747	0.01596	0.02115	0.01336	0.00763	0.00843	0.00254	0.01018	0.00758	0.00419	0.01326
70	0.01008	0.00855	0.00869	0.00881	0.01154	0.00717	0.00655	0.01219	0.01922	0.02292	0.08395	0.11721	0.61053	0.02185	0.01010	0.00291	0.00435	0.01832	0.00790	0.00717
71	0.01238	0.00825	0.00928	0.00928	0.00928	0.00825	0.00516	0.01238	0.01238	0.01650	0.02681	0.05569	0.03094	0.70092	0.04331	0.00825	0.00825	0.01238	0.00516	0.00516
72	0.01096	0.00833	0.01009	0.01033	0.01222	0.00746	0.00749	0.01371	0.02052	0.02726	0.30614	0.23549	0.25676	0.02118	0.01026	0.00295	0.00435	0.01854	0.00851	0.00746
73	0.01707	0.04402	0.65683	0.02426	0.03683	0.01976	0.03144	0.02695	0.01797	0.02695	0.01527	0.01797	0.01078	0.00809	0.00809	0.00270	0.01258	0.00629	0.00359	0.01258
74	0.05574	0.60408	0.07985	0.01534	0.02273	0.06121	0.01545	0.02594	0.01752	0.02129	0.01210	0.01400	0.01084	0.00743	0.00571	0.00193	0.00949	0.00470	0.00374	0.01090
75	0.06320	0.04433	0.01369	0.01099	0.01453	0.01133	0.00879	0.02422	0.01833	0.15762	0.02599	0.02892	0.01994	0.01782	0.10673	0.00389	0.00799	0.00776	0.37354	0.04037
76	0.02967	0.20792	0.03014	0.01893	0.02517	0.21100	0.01583	0.29630	0.02950	0.03544	0.01609	0.01720	0.01254	0.00903	0.00747	0.00226	0.01100	0.00622	0.00605	0.01222

[dist]
# distance from previous block
# <min> <max>
0	2

[block]
# block no. 1 follows, 21 sequences, length 135
# corresponding to MSA columns:
# 80-214
name=unknown_B
#
# <colnr> <probs for GDERKNQSTAVLIFYWHMCP>
#	G	D	E	R	K	N	Q	S	T	A	V	L	I	F	Y	W	H	M	C	P
0	0.02960	0.09717	0.08799	0.02137	0.02696	0.50924	0.01773	0.06875	0.02391	0.02339	0.01370	0.01577	0.01116	0.00866	0.00758	0.00223	0.01417	0.00561	0.00450	0.01051
1	0.01341	0.00900	0.01181	0.01094	0.01319	0.00826	0.00826	0.01739	0.02410	0.06655	0.61144	0.06176	0.07720	0.01704	0.00996	0.00267	0.00418	0.01503	0.00943	0.00837
2	0.02541	0.02625	0.02125	0.01902	0.02379	0.24397	0.01464	0.07140	0.39176	0.03145	0.02649	0.02550	0.02020	0.01052	0.00831	0.00263	0.00984	0.00809	0.00718	0.01228
3	0.02022	0.01746	0.01834	0.01658	0.02122	0.01998	0.01287	0.04241	0.58021	0.03452	0.03903	0.03602	0.07868	0.01240	0.00878	0.00289	0.00653	0.01033	0.00859	0.01293
4	0.01764	0.01673	0.02837	0.48247	0.24431	0.01932	0.02442	0.02312	0.01776	0.02365	0.01540	0.02218	0.01202	0.00822	0.00848	0.00274	0.01096	0.00757	0.00392	0.01072
5	0.02356	0.01947	0.02059	0.01780	0.02304	0.02228	0.01405	0.16804	0.50575	0.03946	0.03160	0.02933	0.02352	0.01126	0.00863	0.00282	0.00730	0.00920	0.00863	0.01368
6	0.01607	0.01513	0.02552	0.68047	0.05861	0.01891	0.02363	0.02174	0.01702	0.02174	0.01513	0.02269	0.01134	0.00851	0.00851	0.00284	0.01134	0.00756	0.00378	0.00945
7	0.01028	0.00775	0.00952	0.01094	0.01210	0.00699	0.00750	0.01195	0.01716	0.02208	0.05794	0.52308	0.22145	0.02523	0.01064	0.00329	0.00476	0.02244	0.00790	0.00699
8	0.01094	0.00785	0.01039	0.01146	0.01247	0.00730	0.00794	0.01329	0.01896	0.02597	0.25128	0.47887	0.06451	0.02349	0.01058	0.00319	0.00462	0.02118	0.00840	0.00730
9	0.02081	0.01997	0.03409	0.08343	0.61858	0.02015	0.02599	0.02590	0.01926	0.02750	0.01596	0.02114	0.01337	0.00763	0.00843	0.00254	0.01017	0.00758	0.00419	0.01328
10	0.01857	0.18873	0.48362	0.02170	0.03265	0.02292	0.02664	0.02771	0.05441	0.02593	0.01566	0.01783	0.01172	0.00811	0.00754	0.00251	0.01146	0.00610	0.00391	0.01226
11	0.01216	0.00912	0.01368	0.01368	0.01520	0.01064	0.01064	0.01520	0.01368	0.01976	0.02279	0.03343	0.02127	0.06382	0.66720	0.01368	0.02279	0.00912	0.00456	0.00760
12	0.01707	0.04402	0.65683	0.02426	0.03683	0.01976	0.03144	0.02695	0.01797	0.02695	0.01527	0.01797	0.01078	0.00809	0.00809	0.00270	0.01258	0.00629	0.00359	0.01258
13	0.03179	0.04056	0.02412	0.02192	0.02631	0.66676	0.01644	0.03398	0.02412	0.02083	0.01315	0.01535	0.01096	0.00877	0.00767	0.00219	0.01535	0.00548	0.00438	0.00987
14	0.43751	0.02058	0.01822	0.01503	0.02086	0.05467	0.01232	0.25936	0.02501	0.04338	0.01529	0.01650	0.01137	0.00885	0.00667	0.00258	0.00812	0.00585	0.00650	0.01132
15	0.03179	0.04056	0.02412	0.02192	0.02631	0.66676	0.01644	0.03398	0.02412	0.02083	0.01315	0.01535	0.01096	0.00877	0.00767	0.00219	0.01535	0.00548	0.00438	0.00987
16	0.76103	0.01646	0.01251	0.01119	0.01646	0.01909	0.00922	0.02502	0.01448	0.03818	0.01185	0.01382	0.00922	0.00790	0.00527	0.00263	0.00658	0.00461	0.00527	0.00922
17	0.01243	0.00960	0.01105	0.01035	0.01303	0.00880	0.00785	0.05168	0.02303	0.03048	0.36229	0.06888	0.32180	0.01876	0.00995	0.00275	0.00447	0.01603	0.00868	0.00806
18	0.15981	0.13798	0.02606	0.01794	0.02361	0.16773	0.01487	0.25084	0.02661	0.03613	0.01533	0.01691	0.01198	0.00928	0.00840	0.00244	0.05040	0.00611	0.00594	0.01163
19	0.01238	0.00825	0.00928	0.00928	0.00928	0.00825	0.00516	0.01238	0.01238	0.01650	0.02681	0.05569	0.03094	0.70092	0.04331	0.00825	0.00825	0.01238	0.00516	0.00516
20	0.01100	0.00796	0.01039	0.01126	0.01245	0.00735	0.00788	0.01348	0.01943	0.02655	0.27803	0.42441	0.09239	0.02287	0.01051	0.00313	0.00455	0.02052	0.00846	0.00735
21	0.01037	0.00741	0.00987	0.01185	0.01234	0.00691	0.00790	0.01185	0.01629	0.02172	0.04690	0.69537	0.05629	0.02666	0.01086	0.00346	0.00494	0.02419	0.00790	0.00691
22	0.01216	0.00912	0.01368	0.01368	0.01520	0.01064	0.01064	0.01520	0.01368	0.01976	0.02279	0.03343	0.02127	0.06382	0.66720	0.01368	0.02279	0.00912	0.00456	0.00760
23	0.01765	0.01513	0.01765	0.01260	0.02017	0.01134	0.01008	0.02143	0.01765	0.02773	0.01513	0.01765	0.01260	0.00630	0.00630	0.00126	0.00630	0.00504	0.00504	0.75295
24	0.01707	0.04402	0.65683	0.02426	0.03683	0.01976	0.03144	0.02695	0.01797	0.02695	0.01527	0.01797	0.01078	0.00809	0.00809	0.00270	0.01258	0.00629	0.00359	0.01258
25	0.02073	0.01988	0.03394	0.09431	0.60837	0.02013	0.02595	0.02582	0.01922	0.02740	0.01595	0.02117	0.01334	0.00764	0.00843	0.00255	0.01019	0.00758	0.00418	0.01321
26	0.03818	0.01448	0.01975	0.01514	0.02172	0.01251	0.01251	0.04147	0.02436	0.65373	0.03357	0.02897	0.02107	0.01053	0.00856	0.00263	0.00724	0.00856	0.01053	0.01448
27	0.01053	0.00877	0.00928	0.00953	0.01229	0.00752	0.00740	0.01291	0.01942	0.02331	0.08091	0.08371	0.56770	0.02180	0.01028	0.00301	0.00476	0.09170	0.00789	0.00727
28	0.01772	0.07068	0.55771	0.02602	0.06753	0.02052	0.06964	0.02686	0.01815	0.02671	0.01529	0.01827	0.01107	0.00796	0.00812	0.00266	0.01242	0.00653	0.00367	0.01248
29	0.01073	0.00858	0.00960	0.00948	0.01194	0.00745	0.00706	0.01346	0.02078	0.02660	0.26807	0.10795	0.42740	0.02045	0.01009	0.00284	0.00425	0.01744	0.00839	0.00745
30	0.01058	0.00755	0.01011	0.01209	0.01267	0.00709	0.00826	0.01221	0.01650	0.02196	0.04679	0.65832	0.05583	0.02647	0.01092	0.00348	0.00512	0.05920	0.00790	0.00697
31	0.01707	0.04402	0.65683	0.02426	0.03683	0.01976	0.03144	0.02695	0.01797	0.02695	0.01527	0.01797	0.01078	0.00809	0.00809	0.00270	0.01258	0.00629	0.00359	0.01258
32	0.02106	0.02022	0.03454	0.05223	0.64784	0.02022	0.02612	0.02612	0.01938	0.02780	0.01601	0.02106	0.01348	0.00758	0.00842	0.00253	0.01011	0.00758	0.00421	0.01348
33	0.01862	0.01862	0.02607	0.02234	0.02234	0.02607	0.01862	0.02048	0.01303	0.02048	0.01117	0.01862	0.01117	0.01489	0.02793	0.00372	0.68535	0.00745	0.00372	0.00931
34	0.01238	0.00825	0.00928	0.00928	0.00928	0.00825	0.00516	0.01238	0.01238	0.01650	0.02681	0.05569	0.03094	0.70092	0.04331	0.00825	0.00825	0.01238	0.00516	0.00516
35	0.01684	0.02346	0.17266	0.02356	0.02940	0.01934	0.18327	0.02205	0.01746	0.02435	0.02981	0.03320	0.14699	0.01265	0.01467	0.00307	0.20214	0.01014	0.00475	0.01019
36	0.01228	0.00827	0.00925	0.00925	0.00937	0.00821	0.00521	0.01237	0.01267	0.01677	0.02929	0.05678	0.05652	0.67260	0.04193	0.00803	0.00809	0.01261	0.00527	0.00524
37	0.02754	0.35372	0.03375	0.01846	0.02421	0.36884	0.01556	0.02998	0.02090	0.02045	0.01253	0.01455	0.01094	0.00807	0.00663	0.00202	0.01241	0.00504	0.00403	0.01036
38	0.01093	0.00816	0.00996	0.01050	0.01203	0.00741	0.00739	0.01324	0.01917	0.02542	0.23441	0.30519	0.21326	0.06773	0.01258	0.00339	0.00472	0.01916	0.00816	0.00720
39	0.02106	0.02022	0.03454	0.05223	0.64784	0.02022	0.02612	0.02612	0.01938	0.02780	0.01601	0.02106	0.01348	0.00758	0.00842	0.00253	0.01011	0.00758	0.00421	0.01348
40	0.01006	0.00862	0.00862	0.00862	0.01149	0.00718	0.00647	0.01221	0.01940	0.02299	0.08621	0.08190	0.64438	0.02155	0.01006	0.00287	0.00431	0.01796	0.00790	0.00718
41	0.01765	0.01513	0.01765	0.01260	0.02017	0.01134	0.01008	0.02143	0.01765	0.02773	0.01513	0.01765	0.01260	0.00630	0.00630	0.00126	0.00630	0.00504	0.00504	0.75295
42	0.01607	0.01513	0.02552	0.68047	0.05861	0.01891	0.02363	0.02174	0.01702	0.02174	0.01513	0.02269	0.01134	0.00851	0.00851	0.00284	0.01134	0.00756	0.00378	0.00945
43	0.03422	0.01601	0.02021	0.01569	0.02187	0.01519	0.01288	0.16950	0.02787	0.45538	0.09237	0.03054	0.02558	0.01116	0.00870	0.00262	0.00739	0.00905	0.00996	0.01383
44	0.01204	0.00870	0.01138	0.01071	0.01271	0.00803	0.00803	0.01606	0.02409	0.03413	0.64335	0.06357	0.08030	0.01740	0.01004	0.00268	0.00401	0.01539	0.00937	0.00803
45	0.01216	0.00912	0.01368	0.01368	0.01520	0.01064	0.01064	0.01520	0.01368	0.01976	0.02279	0.03343	0.02127	0.06382	0.66720	0.01368	0.02279	0.00912	0.00456	0.00760
46	0.02280	0.01707	0.02650	0.02085	0.06479	0.01444	0.14871	0.02732	0.01974	0.16151	0.01960	0.02148	0.01454	0.00748	0.00776	0.00200	0.00856	0.00708	0.00600	0.38176
47	0.01465	0.01234	0.01759	0.01630	0.01732	0.01581	0.01310	0.01734	0.01373	0.02081	0.01909	0.02817	0.01780	0.04322	0.40089	0.00944	0.25164	0.00846	0.05407	0.00821
48	0.02106	0.02022	0.03454	0.05223	0.64784	0.02022	0.02612	0.02612	0.01938	0.02780	0.01601	0.02106	0.01348	0.00758	0.00842	0.00253	0.01011	0.00758	0.00421	0.01348
49	0.01605	0.01353	0.01450	0.01340	0.01710	0.01442	0.01030	0.02963	0.33094	0.03139	0.16045	0.05318	0.22935	0.01573	0.00935	0.00284	0.00549	0.01327	0.00855	0.01052
50	0.02347	0.02270	0.02370	0.02468	0.16387	0.15578	0.01596	0.12521	0.02310	0.03026	0.01776	0.06029	0.01547	0.00904	0.00773	0.00210	0.00953	0.00733	0.00547	0.25657
51	0.01855	0.01811	0.02855	0.43278	0.25927	0.05091	0.02414	0.02384	0.01817	0.02378	0.01533	0.02177	0.01206	0.00820	0.00844	0.00270	0.01112	0.00747	0.00396	0.01086
52	0.02011	0.01949	0.02940	0.32787	0.31403	0.06324	0.02388	0.05360	0.01965	0.02590	0.01564	0.02137	0.01241	0.00820	0.00842	0.00264	0.01097	0.00744	0.00424	0.01150
53	0.02025	0.41511	0.31365	0.01882	0.02843	0.02756	0.02198	0.02613	0.01759	0.02307	0.01334	0.01555	0.01086	0.00763	0.00661	0.00220	0.01063	0.00531	0.00362	0.01165
54	0.01993	0.01907	0.03250	0.19443	0.51447	0.01992	0.02556	0.02513	0.01884	0.02643	0.01581	0.02143	0.01300	0.00779	0.00844	0.00260	0.01039	0.00758	0.00411	0.01257
55	0.01124	0.00915	0.01002	0.00984	0.01248	0.00822	0.00735	0.01514	0.05694	0.02652	0.22334	0.10540	0.43371	0.02016	0.01001	0.00285	0.00441	0.01712	0.00832	0.00776
56	0.01006	0.00862	0.00862	0.00862	0.01149	0.00718	0.00647	0.01221	0.01940	0.02299	0.08621	0.08190	0.64438	0.02155	0.01006	0.00287	0.00431	0.01796	0.00790	0.00718
57	0.01221	0.00891	0.01260	0.01260	0.01375	0.01005	0.00929	0.01451	0.01336	0.01896	0.02378	0.03888	0.02364	0.21989	0.51437	0.01235	0.01923	0.00992	0.00471	0.00700
58	0.02106	0.02022	0.03454	0.05223	0.64784	0.02022	0.02612	0.02612	0.01938	0.02780	0.01601	0.02106	0.01348	0.00758	0.00842	0.00253	0.01011	0.00758	0.00421	0.01348
59	0.01204	0.00870	0.01138	0.01071	0.01271	0.00803	0.00803	0.01606	0.02409	0.03413	0.64335	0.06357	0.08030	0.01740	0.01004	0.00268	0.00401	0.01539	0.00937	0.00803
60	0.02275	0.70604	0.04459	0.01456	0.02184	0.03367	0.01456	0.02548	0.01729	0.02002	0.01183	0.01365	0.01092	0.00728	0.00546	0.00182	0.00910	0.00455	0.00364	0.01092
61	0.01016	0.00862	0.00876	0.00872	0.01156	0.00723	0.00654	0.01240	0.01963	0.02354	0.11387	0.08099	0.61638	0.02135	0.01006	0.00286	0.00430	0.01783	0.00798	0.00723
62	0.02009	0.02296	0.05022	0.03587	0.04448	0.02152	0.61693	0.02726	0.02009	0.02726	0.01722	0.02296	0.01291	0.00717	0.01004	0.00287	0.01435	0.01004	0.00430	0.01148
63	0.01765	0.01513	0.01765	0.01260	0.02017	0.01134	0.01008	0.02143	0.01765	0.02773	0.01513	0.01765	0.01260	0.00630	0.00630	0.00126	0.00630	0.00504	0.00504	0.75295
64	0.01037	0.00741	0.00987	0.01185	0.01234	0.00691	0.00790	0.01185	0.01629	0.02172	0.04690	0.69537	0.05629	0.02666	0.01086	0.00346	0.00494	0.02419	0.00790	0.00691
65	0.02106	0.02022	0.03454	0.05223	0.64784	0.02022	0.02612	0.02612	0.01938	0.02780	0.01601	0.02106	0.01348	0.00758	0.00842	0.00253	0.01011	0.00758	0.00421	0.01348
66	0.01046	0.00844	0.00931	0.00950	0.01185	0.00729	0.00697	0.01285	0.01975	0.02479	0.18001	0.17458	0.45119	0.02161	0.01018	0.00293	0.00436	0.01847	0.00817	0.00729
67	0.01173	0.00866	0.01078	0.01027	0.01230	0.00790	0.00759	0.01518	0.02259	0.03118	0.51153	0.06623	0.17365	0.05881	0.01202	0.00304	0.00432	0.01565	0.00887	0.00771
68	0.01204	0.00870	0.01138	0.01071	0.01271	0.00803	0.00803	0.01606	0.02409	0.03413	0.64335	0.06357	0.08030	0.01740	0.01004	0.00268	0.00401	0.01539	0.00937	0.00803
69	0.01216	0.00912	0.01368	0.01368	0.01520	0.01064	0.01064	0.01520	0.01368	0.01976	0.02279	0.03343	0.02127	0.06382	0.66720	0.01368	0.02279	0.00912	0.00456	0.00760
70	0.03235	0.02384	0.02554	0.01958	0.02639	0.02639	0.01618	0.61946	0.04001	0.05363	0.02043	0.02043	0.01447	0.01022	0.00851	0.00255	0.00936	0.00766	0.00851	0.01447
71	0.02106	0.02022	0.03454	0.05223	0.64784	0.02022	0.02612	0.02612	0.01938	0.02780	0.01601	0.02106	0.01348	0.00758	0.00842	0.00253	0.01011	0.00758	0.00421	0.01348
72	0.03030	0.15037	0.02750	0.02071	0.02557	0.56230	0.01613	0.03258	0.02299	0.02069	0.01294	0.01507	0.01096	0.00852	0.00731	0.00213	0.01432	0.00533	0.00426	0.01004
73	0.01844	0.01584	0.01801	0.01367	0.02061	0.01356	0.01085	0.02680	0.15656	0.02951	0.01953	0.02083	0.01563	0.00749	0.00683	0.00163	0.00640	0.00608	0.00586	0.58586
74	0.03179	0.04056	0.02412	0.02192	0.02631	0.66676	0.01644	0.03398	0.02412	0.02083	0.01315	0.01535	0.01096	0.00877	0.00767	0.00219	0.01535	0.00548	0.00438	0.00987
75	0.06190	0.10389	0.56158	0.02258	0.03423	0.02102	0.02855	0.02670	0.01770	0.02698	0.01475	0.01732	0.01070	0.00800	0.00767	0.00261	0.01190	0.00603	0.00370	0.01222
76	0.01520	0.01321	0.01793	0.01622	0.01653	0.01695	0.01250	0.01670	0.01295	0.01901	0.01877	0.03396	0.01981	0.25160	0.16687	0.00730	0.32310	0.00942	0.00437	0.00758
77	0.03235	0.02384	0.02554	0.01958	0.02639	0.02639	0.01618	0.61946	0.04001	0.05363	0.02043	0.02043	0.01447	0.01022	0.00851	0.00255	0.00936	0.00766	0.00851	0.01447
78	0.03191	0.03685	0.02443	0.02140	0.02633	0.52469	0.01638	0.16387	0.02764	0.02811	0.01477	0.01647	0.01174	0.00909	0.00786	0.00227	0.01402	0.00596	0.00530	0.01089
79	0.01765	0.01513	0.01765	0.01260	0.02017	0.01134	0.01008	0.02143	0.01765	0.02773	0.01513	0.01765	0.01260	0.00630	0.00630	0.00126	0.00630	0.00504	0.00504	0.75295
80	0.02931	0.02141	0.02347	0.01779	0.02476	0.02231	0.01462	0.45619	0.03420	0.07701	0.01987	0.02022	0.01437	0.00935	0.00802	0.00227	0.00857	0.00711	0.00783	0.18133
81	0.02053	0.02075	0.03860	0.07925	0.44446	0.02053	0.19601	0.02623	0.01946	0.02734	0.01631	0.02169	0.01321	0.00751	0.00889	0.00264	0.01139	0.00829	0.00422	0.01270
82	0.01371	0.00980	0.01371	0.01567	0.01763	0.00980	0.01371	0.01763	0.01959	0.02547	0.04506	0.09599	0.04898	0.02351	0.01175	0.00392	0.00784	0.59056	0.00784	0.00784
83	0.02106	0.02022	0.03454	0.05223	0.64784	0.02022	0.02612	0.02612	0.01938	0.02780	0.01601	0.02106	0.01348	0.00758	0.00842	0.00253	0.01011	0.00758	0.00421	0.01348
84	0.01023	0.00863	0.00885	0.00880	0.01160	0.00726	0.00660	0.01254	0.01979	0.02393	0.13335	0.08035	0.59666	0.02120	0.01006	0.00286	0.00429	0.01774	0.00803	0.00726
85	0.01194	0.00869	0.01124	0.01060	0.01265	0.00799	0.00795	0.01586	0.02385	0.03356	0.61505	0.06450	0.10895	0.01761	0.01004	0.00269	0.00403	0.01552	0.00929	0.00799
86	0.01063	0.00854	0.00935	0.00933	0.01171	0.00741	0.00685	0.01305	0.01989	0.02506	0.20429	0.11764	0.44998	0.05406	0.01173	0.00313	0.00448	0.01754	0.00809	0.00725
87	0.01037	0.00741	0.00987	0.01185	0.01234	0.00691	0.00790	0.01185	0.01629	0.02172	0.04690	0.69537	0.05629	0.02666	0.01086	0.00346	0.00494	0.02419	0.00790	0.00691
88	0.01607	0.01513	0.02552	0.68047	0.05861	0.01891	0.02363	0.02174	0.01702	0.02174	0.01513	0.02269	0.01134	0.00851	0.00851	0.00284	0.01134	0.00756	0.00378	0.00945
89	0.03196	0.03539	0.02456	0.02120	0.02633	0.46886	0.01636	0.21492	0.02903	0.03097	0.01540	0.01692	0.01205	0.00922	0.00793	0.00230	0.01350	0.00615	0.00566	0.01129
90	0.02275	0.70604	0.04459	0.01456	0.02184	0.03367	0.01456	0.02548	0.01729	0.02002	0.01183	0.01365	0.01092	0.00728	0.00546	0.00182	0.00910	0.00455	0.00364	0.01092
91	0.02183	0.01861	0.01962	0.01745	0.02238	0.02148	0.01363	0.07941	0.59719	0.03667	0.03379	0.03108	0.02529	0.01147	0.00865	0.00287	0.00689	0.00950	0.00865	0.01353
92	0.01074	0.00845	0.00971	0.00982	0.01202	0.00741	0.00720	0.01338	0.02039	0.02635	0.25812	0.17682	0.36718	0.02106	0.01018	0.00291	0.00432	0.01816	0.00837	0.00741
93	0.01707	0.04402	0.65683	0.02426	0.03683	0.01976	0.03144	0.02695	0.01797	0.02695	0.01527	0.01797	0.01078	0.00809	0.00809	0.00270	0.01258	0.00629	0.00359	0.01258
94	0.02665	0.33104	0.03266	0.01795	0.02376	0.26287	0.01539	0.10191	0.02277	0.02486	0.01561	0.02063	0.01393	0.00928	0.00707	0.00219	0.01133	0.04452	0.00480	0.01077
95	0.01186	0.00863	0.01116	0.01066	0.01263	0.00793	0.00794	0.01566	0.02347	0.03295	0.58560	0.09586	0.10759	0.01807	0.01008	0.00273	0.00408	0.01596	0.00922	0.00793
96	0.01035	0.00749	0.00979	0.01163	0.01229	0.00693	0.00780	0.01187	0.01650	0.02181	0.04954	0.65428	0.09567	0.02632	0.01081	0.00342	0.00490	0.02378	0.00790	0.00693
97	0.02084	0.01999	0.03414	0.08001	0.62179	0.02016	0.02601	0.02592	0.01927	0.02753	0.01597	0.02113	0.01339	0.00762	0.00843	0.00254	0.01016	0.00758	0.00419	0.01330
98	0.01707	0.04402	0.65683	0.02426	0.03683	0.01976	0.03144	0.02695	0.01797	0.02695	0.01527	0.01797	0.01078	0.00809	0.00809	0.00270	0.01258	0.00629	0.00359	0.01258
99	0.01018	0.00863	0.00879	0.00875	0.01157	0.00723	0.00656	0.01244	0.01968	0.02365	0.11938	0.08081	0.61080	0.02131	0.01006	0.00286	0.00429	0.01781	0.00799	0.00723
100	0.01097	0.00853	0.00997	0.00987	0.01212	0.00753	0.00730	0.01388	0.02116	0.02780	0.32909	0.13591	0.33487	0.02023	0.01013	0.00285	0.00424	0.01745	0.00855	0.00753
101	0.25884	0.02418	0.01937	0.01691	0.02209	0.18231	0.01332	0.13080	0.18830	0.03571	0.01976	0.02014	0.01505	0.00949	0.00732	0.00258	0.00927	0.00669	0.00650	0.01140
102	0.02627	0.40865	0.03533	0.01748	0.02362	0.25019	0.01524	0.05955	0.05130	0.02278	0.01385	0.01548	0.01186	0.00815	0.00653	0.00204	0.01114	0.00528	0.00439	0.01087
103	0.01206	0.00834	0.00939	0.00933	0.00986	0.00810	0.00558	0.01269	0.01430	0.01889	0.08941	0.05965	0.11163	0.55525	0.03620	0.00708	0.00738	0.01334	0.00588	0.00567
104	0.02382	0.64744	0.04263	0.01489	0.02202	0.05889	0.01455	0.02655	0.01789	0.04855	0.01286	0.01441	0.01138	0.00749	0.00569	0.00187	0.00928	0.00477	0.00398	0.01104
105	0.01931	0.01711	0.02439	0.17191	0.13608	0.01636	0.04237	0.07720	0.01994	0.02874	0.01585	0.01984	0.01265	0.00741	0.00752	0.00202	0.00871	0.00649	0.00490	0.36119
106	0.02737	0.01973	0.02400	0.02391	0.13719	0.08324	0.04170	0.12149	0.10449	0.20264	0.09975	0.02916	0.02514	0.01059	0.00869	0.00261	0.00876	0.00897	0.00780	0.01279
107	0.02659	0.02505	0.02373	0.06166	0.08744	0.18282	0.01655	0.20819	0.18323	0.03551	0.02180	0.02272	0.01656	0.00982	0.00823	0.00254	0.01015	0.00762	0.03739	0.01240
108	0.01228	0.00821	0.00931	0.00941	0.00943	0.00818	0.00529	0.01235	0.01257	0.01676	0.02781	0.08741	0.03220	0.66749	0.04171	0.00801	0.00809	0.01296	0.00529	0.00524
109	0.02041	0.01955	0.03336	0.13434	0.57083	0.02005	0.02579	0.02555	0.01907	0.02701	0.01589	0.02127	0.01320	0.00770	0.00844	0.00257	0.01027	0.00758	0.00416	0.01295
110	0.02075	0.01990	0.03398	0.09107	0.61141	0.02014	0.02596	0.02585	0.01923	0.02743	0.01595	0.02116	0.01335	0.00764	0.00843	0.00255	0.01019	0.00758	0.00419	0.01323
111	0.02881	0.03560	0.02456	0.02202	0.02541	0.52199	0.01693	0.03093	0.02161	0.02075	0.01271	0.01609	0.01101	0.01015	0.01225	0.00254	0.16673	0.00593	0.00424	0.00974
112	0.01037	0.00741	0.00987	0.01185	0.01234	0.00691	0.00790	0.01185	0.01629	0.02172	0.04690	0.69537	0.05629	0.02666	0.01086	0.00346	0.00494	0.02419	0.00790	0.00691
113	0.01238	0.00825	0.00928	0.00928	0.00928	0.00825	0.00516	0.01238	0.01238	0.01650	0.02681	0.05569	0.03094	0.70092	0.04331	0.00825	0.00825	0.01238	0.00516	0.00516
114	0.01217	0.00907	0.01342	0.01342	0.01484	0.01050	0.01031	0.01503	0.01360	0.01956	0.02303	0.03476	0.02185	0.10176	0.63005	0.01335	0.02193	0.00931	0.00459	0.00745
115	0.03818	0.01448	0.01975	0.01514	0.02172	0.01251	0.01251	0.04147	0.02436	0.65373	0.03357	0.02897	0.02107	0.01053	0.00856	0.00263	0.00724	0.00856	0.01053	0.01448
116	0.01959	0.33792	0.38503	0.01995	0.03018	0.02594	0.02395	0.02630	0.01767	0.02387	0.01374	0.01605	0.01084	0.00773	0.00692	0.00231	0.01103	0.00552	0.00361	0.01184
117	0.05855	0.22434	0.41243	0.02075	0.03094	0.06688	0.02463	0.02692	0.01801	0.02522	0.01401	0.01639	0.01075	0.00790	0.00719	0.00242	0.01149	0.00567	0.00375	0.01176
118	0.01184	0.00894	0.01205	0.04250	0.01604	0.00871	0.00998	0.01445	0.01740	0.02321	0.07442	0.35089	0.10739	0.02773	0.08789	0.00452	0.00782	0.12552	0.00725	0.04146
119	0.22940	0.28932	0.02932	0.01543	0.02187	0.05975	0.01364	0.19372	0.02329	0.03457	0.01433	0.01570	0.01146	0.00836	0.00638	0.00227	0.00880	0.00549	0.00550	0.01140
120	0.22489	0.03391	0.20314	0.01953	0.02668	0.26246	0.01879	0.06874	0.02080	0.02948	0.01390	0.01603	0.01067	0.00843	0.00720	0.00248	0.01178	0.00562	0.00467	0.01078
121	0.02293	0.02443	0.03204	0.10822	0.41834	0.16624	0.05245	0.02751	0.02024	0.02559	0.01533	0.02003	0.01267	0.00792	0.00834	0.00250	0.01162	0.00723	0.00421	0.01216
122	0.01793	0.01702	0.02887	0.44711	0.27748	0.01939	0.02456	0.02337	0.01789	0.02399	0.01545	0.02208	0.01214	0.00816	0.00848	0.00272	0.01089	0.00757	0.00394	0.01095
123	0.01707	0.04402	0.65683	0.02426	0.03683	0.01976	0.03144	0.02695	0.01797	0.02695	0.01527	0.01797	0.01078	0.00809	0.00809	0.00270	0.01258	0.00629	0.00359	0.01258
124	0.01793	0.01615	0.02578	0.06201	0.35335	0.01710	0.01967	0.02420	0.07750	0.02566	0.02004	0.02626	0.01719	0.02657	0.22591	0.00626	0.01402	0.00829	0.00474	0.01137
125	0.03051	0.03667	0.02361	0.02119	0.02579	0.54361	0.01606	0.07459	0.10081	0.02486	0.01631	0.01773	0.01306	0.00921	0.00785	0.00230	0.01388	0.00614	0.00519	0.01062
126	0.01478	0.00739	0.01109	0.01109	0.01109	0.00739	0.00739	0.01109	0.01109	0.01478	0.01478	0.02587	0.01478	0.02956	0.03326	0.75240	0.00739	0.00739	0.00370	0.00370
127	0.02123	0.07661	0.23930	0.03660	0.32471	0.10368	0.02586	0.02736	0.01938	0.02611	0.01512	0.01881	0.01210	0.00788	0.00802	0.00249	0.01153	0.00668	0.00399	0.01255
128	0.05254	0.00995	0.01224	0.16005	0.02137	0.01090	0.01022	0.02004	0.01740	0.02920	0.02526	0.06832	0.02088	0.01049	0.00678	0.00230	0.00582	0.00865	0.49932	0.00828
129	0.01035	0.00748	0.00980	0.01165	0.01229	0.00693	0.00781	0.01187	0.01648	0.02180	0.04933	0.65745	0.09264	0.02635	0.01081	0.00342	0.00490	0.02381	0.00790	0.00693
130	0.01217	0.00908	0.01348	0.01348	0.01493	0.01053	0.01039	0.01507	0.01362	0.01961	0.02298	0.03443	0.02171	0.09247	0.63914	0.01343	0.02214	0.00926	0.00459	0.00749
131	0.01194	0.00844	0.00987	0.01047	0.01251	0.00739	0.00748	0.01386	0.01831	0.06141	0.06529	0.35432	0.34156	0.02317	0.01033	0.00312	0.00477	0.02018	0.00806	0.00751
132	0.02063	0.01716	0.02257	0.01884	0.02122	0.02110	0.04453	0.15532	0.02028	0.02991	0.01778	0.02415	0.01536	0.04968	0.05932	0.00397	0.31282	0.00805	0.12726	0.01005
133	0.02673	0.41335	0.03559	0.01780	0.02381	0.31212	0.01539	0.02922	0.02029	0.02038	0.01241	0.01440	0.01094	0.00794	0.00643	0.00198	0.01185	0.00496	0.00397	0.01046
134	0.03102	0.05834	0.02556	0.01887	0.02534	0.05837	0.01560	0.53000	0.03696	0.04918	0.01999	0.02039	0.01448	0.00998	0.00819	0.00247	0.00939	0.00741	0.04474	0.01373

[dist]
# distance from previous block
# <min> <max>
1	1

[block]
# block no. 2 follows, 21 sequences, length 46
# corresponding to MSA columns:
# 217-262
name=unknown_C
#
# <colnr> <probs for GDERKNQSTAVLIFYWHMCP>
#	G	D	E	R	K	N	Q	S	T	A	V	L	I	F	Y	W	H	M	C	P
0	0.01901	0.26979	0.44804	0.02095	0.03172	0.02451	0.02569	0.02645	0.01774	0.02459	0.01410	0.01650	0.01083	0.00781	0.00719	0.00240	0.01139	0.00570	0.00361	0.01201
1	0.01218	0.00901	0.01314	0.01314	0.01447	0.01035	0.00997	0.01485	0.01352	0.01936	0.02329	0.03616	0.02246	0.14177	0.59087	0.01301	0.02102	0.00952	0.00463	0.00730
2	0.02172	0.10228	0.02205	0.01415	0.02116	0.04485	0.01170	0.09260	0.02118	0.07081	0.04258	0.02002	0.01591	0.00772	0.00682	0.00167	0.00737	0.00596	0.00578	0.46368
3	0.01075	0.00768	0.01032	0.01229	0.01295	0.00724	0.00857	0.01252	0.01667	0.02216	0.04669	0.62619	0.05544	0.02630	0.01097	0.00351	0.00527	0.08956	0.00789	0.00702
4	0.02421	0.14276	0.02975	0.02725	0.17716	0.16897	0.01826	0.06915	0.12184	0.02695	0.01740	0.01992	0.01431	0.00955	0.01026	0.00254	0.09594	0.00691	0.00511	0.01176
5	0.02138	0.02107	0.03346	0.08555	0.58028	0.05627	0.02544	0.02631	0.01951	0.02708	0.01580	0.02083	0.01322	0.00770	0.00839	0.00253	0.01047	0.00746	0.00420	0.01305
6	0.02041	0.01955	0.03336	0.13486	0.57034	0.02005	0.02579	0.02554	0.01907	0.02701	0.01589	0.02128	0.01320	0.00770	0.00844	0.00257	0.01027	0.00758	0.00416	0.01295
7	0.01194	0.00881	0.01123	0.01095	0.01308	0.00810	0.00843	0.01567	0.02290	0.03153	0.49540	0.06985	0.15961	0.01868	0.01023	0.00284	0.00448	0.07940	0.00898	0.00788
8	0.01537	0.01107	0.01447	0.01351	0.01483	0.01348	0.01073	0.01849	0.01525	0.02494	0.02188	0.02891	0.01890	0.02872	0.22660	0.00623	0.18546	0.00819	0.31480	0.00818
9	0.01903	0.27251	0.44552	0.02091	0.03166	0.02456	0.02562	0.02644	0.01773	0.02456	0.01408	0.01648	0.01083	0.00781	0.00718	0.00239	0.01138	0.00569	0.00361	0.01201
10	0.01217	0.00906	0.01339	0.01339	0.01481	0.01048	0.01028	0.01501	0.01359	0.01954	0.02306	0.03489	0.02191	0.10564	0.62625	0.01332	0.02184	0.00933	0.00460	0.00744
11	0.02528	0.38567	0.06940	0.01677	0.02348	0.11985	0.01554	0.15081	0.02310	0.02833	0.01506	0.01674	0.01238	0.00833	0.00659	0.00209	0.00990	0.00565	0.05363	0.01141
12	0.01006	0.00862	0.00862	0.00862	0.01149	0.00718	0.00647	0.01221	0.01940	0.02299	0.08621	0.08190	0.64438	0.02155	0.01006	0.00287	0.00431	0.01796	0.00790	0.00718
13	0.02275	0.70604	0.04459	0.01456	0.02184	0.03367	0.01456	0.02548	0.01729	0.02002	0.01183	0.01365	0.01092	0.00728	0.00546	0.00182	0.00910	0.00455	0.00364	0.01092
14	0.01753	0.08002	0.59419	0.02426	0.03635	0.02062	0.05794	0.02688	0.01803	0.02658	0.01517	0.01796	0.01089	0.00800	0.00803	0.00265	0.01247	0.00637	0.00363	0.01243
15	0.04948	0.01799	0.01997	0.19035	0.03093	0.08722	0.01632	0.03128	0.25301	0.02838	0.02850	0.04037	0.02469	0.01282	0.00903	0.00301	0.00909	0.13027	0.00662	0.01068
16	0.02545	0.01853	0.01963	0.01616	0.02128	0.02055	0.01299	0.32556	0.18709	0.04365	0.02587	0.02610	0.01922	0.01048	0.00793	0.00250	0.00737	0.00823	0.18878	0.01262
17	0.01586	0.00793	0.00793	0.00793	0.00991	0.00793	0.00595	0.01983	0.01785	0.03173	0.02776	0.03173	0.02181	0.00991	0.00595	0.00198	0.00397	0.00793	0.74817	0.00793
18	0.01055	0.00756	0.00974	0.01140	0.01199	0.00706	0.00754	0.01192	0.01609	0.02128	0.04725	0.59450	0.08897	0.09394	0.01407	0.00390	0.00523	0.02263	0.00762	0.00675
19	0.01037	0.00741	0.00987	0.01185	0.01234	0.00691	0.00790	0.01185	0.01629	0.02172	0.04690	0.69537	0.05629	0.02666	0.01086	0.00346	0.00494	0.02419	0.00790	0.00691
20	0.01006	0.00862	0.00862	0.00862	0.01149	0.00718	0.00647	0.01221	0.01940	0.02299	0.08621	0.08190	0.64438	0.02155	0.01006	0.00287	0.00431	0.01796	0.00790	0.00718
21	0.02331	0.01934	0.02045	0.01775	0.02294	0.02217	0.01399	0.15503	0.51918	0.03905	0.03192	0.02959	0.02378	0.01129	0.00863	0.00282	0.00724	0.00925	0.00863	0.01366
22	0.03117	0.03146	0.02490	0.02088	0.02608	0.33157	0.01647	0.30051	0.03064	0.03579	0.01635	0.01789	0.01258	0.00984	0.00941	0.00246	0.05725	0.00661	0.00623	0.01193
23	0.01707	0.04402	0.65683	0.02426	0.03683	0.01976	0.03144	0.02695	0.01797	0.02695	0.01527	0.01797	0.01078	0.00809	0.00809	0.00270	0.01258	0.00629	0.00359	0.01258
24	0.01607	0.01513	0.02552	0.68047	0.05861	0.01891	0.02363	0.02174	0.01702	0.02174	0.01513	0.02269	0.01134	0.00851	0.00851	0.00284	0.01134	0.00756	0.00378	0.00945
25	0.02444	0.01358	0.01720	0.01320	0.01927	0.01113	0.01061	0.02808	0.02153	0.27057	0.14875	0.03126	0.02950	0.01017	0.00792	0.00208	0.00620	0.00848	0.00803	0.31798
26	0.02275	0.70604	0.04459	0.01456	0.02184	0.03367	0.01456	0.02548	0.01729	0.02002	0.01183	0.01365	0.01092	0.00728	0.00546	0.00182	0.00910	0.00455	0.00364	0.01092
27	0.01031	0.00863	0.00897	0.00888	0.01165	0.00729	0.00666	0.01270	0.01999	0.02439	0.15617	0.07960	0.57355	0.02103	0.01006	0.00285	0.00427	0.01764	0.00809	0.00729
