[name]
unknown

[dist]
# distance from previous block
# <min> <max>
0	0

[block]
# block no. 0 follows, 23 sequences, length 60
# corresponding to MSA columns:
# 0-59
name=unknown_A
#
# <colnr> <probs for GDERKNQSTAVLIFYWHMCP>
#	G	D	E	R	K	N	Q	S	T	A	V	L	I	F	Y	W	H	M	C	P
0	0.01308	0.00934	0.01308	0.01494	0.01681	0.00934	0.01308	0.01681	0.01868	0.02428	0.04296	0.09153	0.04670	0.02242	0.01121	0.00374	0.00747	0.60960	0.00747	0.00747
1	0.02074	0.02362	0.03577	0.02754	0.03232	0.14344	0.31912	0.02505	0.01766	0.02275	0.01382	0.01920	0.01143	0.00953	0.01474	0.00288	0.23850	0.00797	0.00394	0.00998
2	0.01159	0.00869	0.01304	0.01304	0.01449	0.01014	0.01014	0.01449	0.01304	0.01884	0.02173	0.03188	0.02029	0.06086	0.68268	0.01304	0.02173	0.00869	0.00435	0.00724
3	0.03031	0.03867	0.02299	0.02090	0.02508	0.68226	0.01568	0.03240	0.02299	0.01986	0.01254	0.01463	0.01045	0.00836	0.00732	0.00209	0.01463	0.00523	0.00418	0.00941
4	0.00986	0.00718	0.00929	0.01098	0.01169	0.00662	0.00739	0.01133	0.01584	0.02084	0.04862	0.64393	0.11676	0.02492	0.01028	0.00324	0.00465	0.02245	0.00753	0.00662
5	0.00959	0.00822	0.00822	0.00822	0.01096	0.00685	0.00617	0.01165	0.01850	0.02192	0.08220	0.07809	0.66092	0.02055	0.00959	0.00274	0.00411	0.01713	0.00754	0.00685
6	0.28692	0.01270	0.01541	0.13162	0.06962	0.01445	0.01241	0.01914	0.01471	0.02640	0.02030	0.14215	0.01986	0.02235	0.15390	0.00496	0.01038	0.00932	0.00500	0.00840
7	0.03063	0.02901	0.02382	0.01955	0.02513	0.28390	0.01552	0.39903	0.03218	0.03882	0.01675	0.01757	0.01248	0.00920	0.00780	0.00230	0.01117	0.00649	0.00657	0.01207
8	0.01867	0.01783	0.03038	0.24188	0.48321	0.01891	0.02420	0.02366	0.01781	0.02479	0.01501	0.02054	0.01225	0.00749	0.00806	0.00250	0.00999	0.00722	0.00389	0.01171
9	0.00959	0.00822	0.00822	0.00822	0.01096	0.00685	0.00617	0.01165	0.01850	0.02192	0.08220	0.07809	0.66092	0.02055	0.00959	0.00274	0.00411	0.01713	0.00754	0.00685
10	0.03037	0.03699	0.02314	0.02067	0.02509	0.61308	0.01565	0.09607	0.02459	0.02315	0.01327	0.01514	0.01080	0.00851	0.00740	0.00213	0.01403	0.00544	0.00460	0.00987
11	0.02490	0.02733	0.02051	0.01856	0.02296	0.32873	0.01416	0.03812	0.35756	0.02738	0.02348	0.02298	0.01810	0.00978	0.00782	0.00244	0.01025	0.00733	0.00636	0.01124
12	0.02582	0.03007	0.02376	0.02090	0.02373	0.40159	0.01641	0.06781	0.02019	0.02181	0.01232	0.01608	0.01075	0.01056	0.01434	0.00264	0.26149	0.00604	0.00421	0.00951
13	0.01159	0.00869	0.01304	0.01304	0.01449	0.01014	0.01014	0.01449	0.01304	0.01884	0.02173	0.03188	0.02029	0.06086	0.68268	0.01304	0.02173	0.00869	0.00435	0.00724
14	0.01140	0.00823	0.01077	0.01026	0.01210	0.00760	0.00765	0.01510	0.02258	0.03193	0.62811	0.09418	0.07538	0.01705	0.00961	0.00259	0.00387	0.01511	0.00886	0.00760
15	0.01057	0.00819	0.00963	0.00941	0.01160	0.00725	0.00701	0.01350	0.02061	0.02727	0.37500	0.10595	0.32718	0.01881	0.00962	0.00268	0.00400	0.01622	0.00825	0.00725
16	0.02169	0.71972	0.04252	0.01388	0.02083	0.03211	0.01388	0.02430	0.01649	0.01909	0.01128	0.01302	0.01041	0.00694	0.00521	0.00174	0.00868	0.00434	0.00347	0.01041
17	0.01683	0.01442	0.01683	0.01202	0.01923	0.01082	0.00961	0.02043	0.01683	0.02644	0.01442	0.01683	0.01202	0.00601	0.00601	0.00120	0.00601	0.00481	0.00481	0.76444
18	0.01159	0.00869	0.01304	0.01304	0.01449	0.01014	0.01014	0.01449	0.01304	0.01884	0.02173	0.03188	0.02029	0.06086	0.68268	0.01304	0.02173	0.00869	0.00435	0.00724
19	0.01148	0.00829	0.01085	0.01021	0.01212	0.00766	0.00766	0.01531	0.02297	0.03254	0.65994	0.06061	0.07656	0.01659	0.00957	0.00255	0.00383	0.01467	0.00893	0.00766
20	0.03085	0.02273	0.02435	0.01867	0.02516	0.02516	0.01542	0.63716	0.03815	0.05114	0.01948	0.01948	0.01380	0.00974	0.00812	0.00244	0.00893	0.00731	0.00812	0.01380
21	0.01287	0.00920	0.01284	0.01471	0.01649	0.00917	0.01273	0.01646	0.01848	0.02406	0.04307	0.13058	0.04714	0.02261	0.01115	0.00371	0.00730	0.57254	0.00748	0.00742
22	0.00989	0.00706	0.00942	0.01130	0.01177	0.00659	0.00753	0.01130	0.01554	0.02071	0.04472	0.70954	0.05367	0.02542	0.01036	0.00330	0.00471	0.02307	0.00753	0.00659
23	0.01159	0.00869	0.01304	0.01304	0.01449	0.01014	0.01014	0.01449	0.01304	0.01884	0.02173	0.03188	0.02029	0.06086	0.68268	0.01304	0.02173	0.00869	0.00435	0.00724
24	0.01002	0.00789	0.00910	0.00985	0.01169	0.00697	0.00718	0.01206	0.01770	0.02220	0.09646	0.29966	0.37679	0.02218	0.00997	0.00299	0.00453	0.05832	0.00760	0.00684
25	0.02008	0.01928	0.03294	0.04981	0.66422	0.01928	0.02490	0.02490	0.01848	0.02651	0.01526	0.02008	0.01285	0.00723	0.00803	0.00241	0.00964	0.00723	0.00402	0.01285
26	0.01532	0.01442	0.02434	0.69533	0.05589	0.01803	0.02253	0.02073	0.01622	0.02073	0.01442	0.02163	0.01082	0.00811	0.00811	0.00270	0.01082	0.00721	0.00361	0.00901
27	0.03533	0.01405	0.01880	0.01457	0.02074	0.01247	0.01199	0.03978	0.06471	0.62772	0.03208	0.02779	0.02040	0.01011	0.00817	0.00253	0.00687	0.00823	0.00992	0.01375
28	0.01159	0.00869	0.01304	0.01304	0.01449	0.01014	0.01014	0.01449	0.01304	0.01884	0.02173	0.03188	0.02029	0.06086	0.68268	0.01304	0.02173	0.00869	0.00435	0.00724
29	0.01983	0.01902	0.03247	0.08469	0.63134	0.01921	0.02477	0.02468	0.01835	0.02620	0.01522	0.02017	0.01274	0.00728	0.00804	0.00243	0.00970	0.00723	0.00399	0.01265
30	0.01167	0.00840	0.01153	0.01153	0.01246	0.00932	0.00826	0.01352	0.01259	0.01772	0.02312	0.03953	0.02361	0.29677	0.45131	0.01117	0.01673	0.00981	0.00455	0.00640
31	0.00989	0.00706	0.00942	0.01130	0.01177	0.00659	0.00753	0.01130	0.01554	0.02071	0.04472	0.70954	0.05367	0.02542	0.01036	0.00330	0.00471	0.02307	0.00753	0.00659
32	0.01912	0.01781	0.02753	0.24156	0.19377	0.02118	0.04449	0.09220	0.01834	0.02552	0.01422	0.01992	0.01168	0.00975	0.01337	0.00284	0.20466	0.00729	0.00423	0.01055
33	0.01029	0.00723	0.00930	0.01078	0.01115	0.00686	0.00698	0.01140	0.01474	0.01966	0.04066	0.57029	0.04854	0.17166	0.01692	0.00427	0.00538	0.02068	0.00698	0.00624
34	0.00989	0.00706	0.00942	0.01130	0.01177	0.00659	0.00753	0.01130	0.01554	0.02071	0.04472	0.70954	0.05367	0.02542	0.01036	0.00330	0.00471	0.02307	0.00753	0.00659
35	0.02008	0.01928	0.03294	0.04981	0.66422	0.01928	0.02490	0.02490	0.01848	0.02651	0.01526	0.02008	0.01285	0.00723	0.00803	0.00241	0.00964	0.00723	0.00402	0.01285
36	0.01981	0.18003	0.08912	0.08212	0.42409	0.02207	0.02268	0.02456	0.01776	0.02437	0.01424	0.01833	0.01194	0.00726	0.00737	0.00229	0.00970	0.00647	0.00382	0.01197
37	0.03034	0.03767	0.02308	0.02076	0.02509	0.64074	0.01566	0.07061	0.02395	0.02184	0.01298	0.01494	0.01066	0.00845	0.00737	0.00211	0.01427	0.00536	0.00443	0.00968
38	0.25615	0.03098	0.05754	0.01779	0.02280	0.40524	0.01439	0.06208	0.02067	0.02694	0.01265	0.01460	0.01011	0.00814	0.00668	0.00227	0.01162	0.00513	0.00461	0.00961
39	0.77215	0.01569	0.01193	0.01067	0.01569	0.01820	0.00879	0.02385	0.01381	0.03641	0.01130	0.01318	0.00879	0.00753	0.00502	0.00251	0.00628	0.00439	0.00502	0.00879
40	0.02478	0.07136	0.19425	0.05794	0.07141	0.36217	0.02027	0.06139	0.02129	0.02350	0.01365	0.01618	0.01076	0.00810	0.00744	0.00227	0.01280	0.00573	0.00412	0.01058
41	0.01346	0.00888	0.01063	0.00984	0.01259	0.00779	0.00750	0.01646	0.02111	0.09907	0.34613	0.06431	0.31691	0.01753	0.00942	0.00263	0.00429	0.01498	0.00847	0.00800
42	0.01279	0.00868	0.00995	0.00961	0.01229	0.00749	0.00721	0.01519	0.01941	0.09186	0.17419	0.14950	0.41353	0.01936	0.00953	0.00275	0.00443	0.01650	0.00805	0.00769
43	0.01042	0.00860	0.00919	0.00898	0.01161	0.00755	0.00675	0.01368	0.04438	0.02470	0.20574	0.07241	0.50889	0.01931	0.00953	0.00270	0.00414	0.01628	0.00787	0.00726
44	0.01027	0.00742	0.00971	0.01088	0.01182	0.00687	0.00750	0.01232	0.01753	0.02372	0.19991	0.51729	0.08867	0.02298	0.01012	0.00308	0.00446	0.02069	0.00788	0.00687
45	0.77215	0.01569	0.01193	0.01067	0.01569	0.01820	0.00879	0.02385	0.01381	0.03641	0.01130	0.01318	0.00879	0.00753	0.00502	0.00251	0.00628	0.00439	0.00502	0.00879
46	0.03031	0.03867	0.02299	0.02090	0.02508	0.68226	0.01568	0.03240	0.02299	0.01986	0.01254	0.01463	0.01045	0.00836	0.00732	0.00209	0.01463	0.00523	0.00418	0.00941
47	0.02068	0.02041	0.03236	0.04812	0.62698	0.05790	0.02437	0.02534	0.01874	0.02612	0.01510	0.01977	0.01271	0.00730	0.00799	0.00239	0.00993	0.00711	0.00403	0.01265
48	0.01327	0.01111	0.01543	0.01486	0.01549	0.01364	0.01151	0.01520	0.01361	0.01944	0.02514	0.18119	0.02740	0.11597	0.20877	0.00671	0.22735	0.05150	0.00507	0.00734
49	0.02316	0.02447	0.02655	0.21250	0.22944	0.22958	0.02034	0.09061	0.02137	0.02543	0.01462	0.01871	0.01164	0.00809	0.00784	0.00239	0.01147	0.00660	0.00439	0.01082
50	0.01627	0.04197	0.67279	0.02313	0.03512	0.01884	0.02998	0.02570	0.01713	0.02570	0.01456	0.01713	0.01028	0.00771	0.00771	0.00257	0.01199	0.00600	0.00343	0.01199
51	0.01000	0.00811	0.00887	0.00894	0.01128	0.00698	0.00661	0.01234	0.01908	0.02392	0.19392	0.14107	0.48000	0.02027	0.00967	0.00276	0.00412	0.01726	0.00781	0.00698
52	0.02137	0.02248	0.02918	0.13264	0.40708	0.15551	0.02223	0.02552	0.01871	0.02389	0.01430	0.01903	0.01194	0.00803	0.00907	0.00246	0.05445	0.00681	0.00396	0.01136
53	0.00989	0.00706	0.00942	0.01130	0.01177	0.00659	0.00753	0.01130	0.01554	0.02071	0.04472	0.70954	0.05367	0.02542	0.01036	0.00330	0.00471	0.02307	0.00753	0.00659
54	0.01627	0.04197	0.67279	0.02313	0.03512	0.01884	0.02998	0.02570	0.01713	0.02570	0.01456	0.01713	0.01028	0.00771	0.00771	0.00257	0.01199	0.00600	0.00343	0.01199
55	0.02842	0.03539	0.02372	0.02249	0.05877	0.57637	0.01639	0.03062	0.02162	0.02018	0.01248	0.01526	0.01060	0.00893	0.00943	0.00226	0.08789	0.00553	0.00410	0.00953
56	0.01159	0.00869	0.01304	0.01304	0.01449	0.01014	0.01014	0.01449	0.01304	0.01884	0.02173	0.03188	0.02029	0.06086	0.68268	0.01304	0.02173	0.00869	0.00435	0.00724
57	0.01155	0.00791	0.00878	0.00878	0.00908	0.00775	0.00506	0.01178	0.01254	0.01642	0.03185	0.05587	0.09954	0.63782	0.03778	0.00730	0.00745	0.01239	0.00521	0.00513
58	0.06832	0.17806	0.16727	0.02200	0.07764	0.09497	0.08333	0.05324	0.05260	0.02571	0.01469	0.01727	0.01172	0.00794	0.00802	0.00230	0.04355	0.00613	0.00430	0.06093
59	0.02867	0.03556	0.02459	0.02554	0.12769	0.57583	0.01716	0.03120	0.02227	0.02093	0.01298	0.01551	0.01084	0.00818	0.00743	0.00214	0.01383	0.00555	0.00415	0.00996

[dist]
# distance from previous block
# <min> <max>
0	1

[block]
# block no. 1 follows, 23 sequences, length 85
# corresponding to MSA columns:
# 61-145
name=unknown_B
#
# <colnr> <probs for GDERKNQSTAVLIFYWHMCP>
#	G	D	E	R	K	N	Q	S	T	A	V	L	I	F	Y	W	H	M	C	P
0	0.00996	0.00798	0.00891	0.00922	0.01133	0.00692	0.00671	0.01217	0.01858	0.02339	0.16821	0.21348	0.43269	0.02097	0.00975	0.00283	0.00419	0.01803	0.00776	0.00692
1	0.01862	0.15933	0.26638	0.02651	0.03582	0.02210	0.30631	0.02557	0.01794	0.02460	0.01481	0.01856	0.01124	0.00716	0.00810	0.00249	0.01215	0.00734	0.00375	0.01121
2	0.01702	0.01675	0.02470	0.22433	0.03172	0.02280	0.01919	0.01989	0.01357	0.01989	0.01179	0.01892	0.01070	0.01237	0.02105	0.00330	0.49239	0.00713	0.00357	0.00892
3	0.01891	0.02228	0.12797	0.11810	0.45788	0.01916	0.06839	0.02462	0.01807	0.02570	0.01514	0.01995	0.01220	0.00737	0.00810	0.00249	0.01041	0.00721	0.00389	0.01215
4	0.01710	0.07388	0.52286	0.02471	0.03573	0.01986	0.14213	0.02568	0.01747	0.02540	0.01474	0.01780	0.01067	0.00751	0.00793	0.00256	0.01213	0.00658	0.00356	0.01171
5	0.01732	0.01437	0.01953	0.02412	0.20941	0.01485	0.01439	0.02661	0.21102	0.05651	0.07203	0.16089	0.09688	0.01387	0.00880	0.00273	0.00668	0.01231	0.00690	0.01078
6	0.01513	0.00756	0.00756	0.00756	0.00945	0.00756	0.00567	0.01891	0.01702	0.03025	0.02647	0.03025	0.02080	0.00945	0.00567	0.00189	0.00378	0.00756	0.75988	0.00756
7	0.02444	0.50412	0.03643	0.01599	0.02217	0.20468	0.01444	0.05676	0.01929	0.02088	0.01202	0.01377	0.01059	0.00746	0.00591	0.00186	0.01027	0.00472	0.00389	0.01031
8	0.01030	0.00762	0.01023	0.01182	0.01227	0.00755	0.00807	0.01173	0.01537	0.02065	0.04293	0.67314	0.05140	0.02483	0.01121	0.00331	0.04129	0.02223	0.00732	0.00671
9	0.02863	0.03520	0.02321	0.09744	0.02859	0.57721	0.01645	0.05829	0.02291	0.02137	0.01307	0.01565	0.01064	0.00840	0.00744	0.00218	0.01394	0.00555	0.00429	0.00956
10	0.01566	0.01418	0.04690	0.01854	0.11210	0.01377	0.01250	0.02417	0.20108	0.02473	0.03282	0.04678	0.08228	0.22403	0.01861	0.00435	0.00752	0.08452	0.00624	0.00923
11	0.00982	0.00730	0.00917	0.01066	0.01160	0.00664	0.00725	0.01137	0.01615	0.02096	0.05247	0.57897	0.17923	0.02441	0.01020	0.00318	0.00458	0.02184	0.00753	0.00664
12	0.02018	0.01743	0.01835	0.01651	0.02110	0.02018	0.01284	0.04312	0.64956	0.03394	0.03303	0.03027	0.02477	0.01101	0.00826	0.00275	0.00642	0.00917	0.00826	0.01284
13	0.03031	0.03867	0.02299	0.02090	0.02508	0.68226	0.01568	0.03240	0.02299	0.01986	0.01254	0.01463	0.01045	0.00836	0.00732	0.00209	0.01463	0.00523	0.00418	0.00941
14	0.01713	0.01257	0.01470	0.01270	0.01596	0.01282	0.00990	0.20178	0.02694	0.03701	0.40780	0.07971	0.08773	0.01516	0.00917	0.00256	0.00542	0.01299	0.00855	0.00941
15	0.02018	0.01743	0.01835	0.01651	0.02110	0.02018	0.01284	0.04312	0.64956	0.03394	0.03303	0.03027	0.02477	0.01101	0.00826	0.00275	0.00642	0.00917	0.00826	0.01284
16	0.01904	0.01822	0.03105	0.19112	0.53104	0.01901	0.02438	0.02399	0.01798	0.02524	0.01508	0.02042	0.01241	0.00742	0.00805	0.00247	0.00990	0.00723	0.00393	0.01201
17	0.02275	0.02365	0.02632	0.16844	0.25047	0.20000	0.01995	0.07636	0.08416	0.02621	0.01647	0.01989	0.01305	0.00830	0.00788	0.00242	0.01086	0.00688	0.00473	0.01120
18	0.01172	0.00820	0.01054	0.01054	0.01112	0.00878	0.00702	0.01288	0.01230	0.01698	0.02402	0.04454	0.02578	0.45112	0.29993	0.00995	0.01346	0.01055	0.00469	0.00586
19	0.02169	0.71972	0.04252	0.01388	0.02083	0.03211	0.01388	0.02430	0.01649	0.01909	0.01128	0.01302	0.01041	0.00694	0.00521	0.00174	0.00868	0.00434	0.00347	0.01041
20	0.00989	0.00706	0.00942	0.01130	0.01177	0.00659	0.00753	0.01130	0.01554	0.02071	0.04472	0.70954	0.05367	0.02542	0.01036	0.00330	0.00471	0.02307	0.00753	0.00659
21	0.00989	0.00706	0.00942	0.01130	0.01177	0.00659	0.00753	0.01130	0.01554	0.02071	0.04472	0.70954	0.05367	0.02542	0.01036	0.00330	0.00471	0.02307	0.00753	0.00659
22	0.00990	0.00823	0.00865	0.00855	0.01115	0.00698	0.00641	0.01225	0.01923	0.02367	0.17747	0.07521	0.56456	0.01990	0.00959	0.00271	0.00406	0.01672	0.00777	0.00698
23	0.01513	0.00756	0.00756	0.00756	0.00945	0.00756	0.00567	0.01891	0.01702	0.03025	0.02647	0.03025	0.02080	0.00945	0.00567	0.00189	0.00378	0.00756	0.75988	0.00756
24	0.02018	0.01743	0.01835	0.01651	0.02110	0.02018	0.01284	0.04312	0.64956	0.03394	0.03303	0.03027	0.02477	0.01101	0.00826	0.00275	0.00642	0.00917	0.00826	0.01284
25	0.02169	0.71972	0.04252	0.01388	0.02083	0.03211	0.01388	0.02430	0.01649	0.01909	0.01128	0.01302	0.01041	0.00694	0.00521	0.00174	0.00868	0.00434	0.00347	0.01041
26	0.00983	0.00728	0.00919	0.01072	0.01162	0.00664	0.00728	0.01136	0.01609	0.02094	0.05173	0.59155	0.16713	0.02451	0.01021	0.00319	0.00460	0.02196	0.00753	0.00664
27	0.01874	0.01403	0.01673	0.01219	0.01902	0.01077	0.00977	0.02231	0.01787	0.09901	0.05075	0.02037	0.01636	0.00703	0.00644	0.00142	0.00599	0.00571	0.00561	0.63987
28	0.00989	0.00706	0.00942	0.01130	0.01177	0.00659	0.00753	0.01130	0.01554	0.02071	0.04472	0.70954	0.05367	0.02542	0.01036	0.00330	0.00471	0.02307	0.00753	0.00659
29	0.01165	0.00844	0.01178	0.01178	0.01279	0.00946	0.00857	0.01368	0.01267	0.01790	0.02289	0.03827	0.02306	0.25785	0.48948	0.01148	0.01756	0.00963	0.00452	0.00654
30	0.01159	0.00869	0.01304	0.01304	0.01449	0.01014	0.01014	0.01449	0.01304	0.01884	0.02173	0.03188	0.02029	0.06086	0.68268	0.01304	0.02173	0.00869	0.00435	0.00724
31	0.02345	0.01872	0.02141	0.01831	0.07015	0.01888	0.01368	0.28245	0.12217	0.03793	0.01943	0.02023	0.01477	0.00842	0.00738	0.00204	0.00757	0.00670	0.00666	0.27964
32	0.01422	0.01256	0.01808	0.01657	0.01740	0.01642	0.01339	0.01664	0.01278	0.01913	0.01701	0.02585	0.01618	0.04095	0.40281	0.00899	0.31107	0.00801	0.00401	0.00794
33	0.00991	0.00815	0.00875	0.00902	0.01141	0.00699	0.00675	0.01208	0.01843	0.02253	0.11005	0.14948	0.52711	0.02096	0.00976	0.00284	0.00433	0.04695	0.00761	0.00690
34	0.01906	0.01823	0.03108	0.18904	0.53300	0.01901	0.02439	0.02400	0.01799	0.02526	0.01508	0.02042	0.01241	0.00742	0.00805	0.00247	0.00989	0.00723	0.00393	0.01202
35	0.03034	0.03782	0.02307	0.02078	0.02509	0.64719	0.01566	0.06467	0.02380	0.02153	0.01291	0.01489	0.01063	0.00844	0.00736	0.00211	0.01433	0.00534	0.00439	0.00964
36	0.01034	0.00825	0.00926	0.00901	0.01142	0.00717	0.00676	0.01310	0.02027	0.02614	0.31154	0.07115	0.42895	0.01898	0.00958	0.00267	0.00400	0.01615	0.00809	0.00717
37	0.01111	0.00763	0.00929	0.00996	0.01021	0.00755	0.00614	0.01178	0.01320	0.01768	0.03214	0.28455	0.03754	0.43291	0.06718	0.00654	0.00754	0.01562	0.00581	0.00564
38	0.00960	0.00817	0.00827	0.00835	0.01099	0.00684	0.00622	0.01163	0.01837	0.02187	0.08067	0.10386	0.63614	0.02075	0.00962	0.00276	0.00413	0.01737	0.00753	0.00684
39	0.01683	0.01442	0.01683	0.01202	0.01923	0.01082	0.00961	0.02043	0.01683	0.02644	0.01442	0.01683	0.01202	0.00601	0.00601	0.00120	0.00601	0.00481	0.00481	0.76444
40	0.02008	0.01928	0.03294	0.04981	0.66422	0.01928	0.02490	0.02490	0.01848	0.02651	0.01526	0.02008	0.01285	0.00723	0.00803	0.00241	0.00964	0.00723	0.00402	0.01285
41	0.01308	0.00934	0.01308	0.01494	0.01681	0.00934	0.01308	0.01681	0.01868	0.02428	0.04296	0.09153	0.04670	0.02242	0.01121	0.00374	0.00747	0.60960	0.00747	0.00747
42	0.01046	0.00730	0.00925	0.01056	0.01089	0.00697	0.00675	0.01145	0.01441	0.01922	0.03897	0.51229	0.04641	0.23258	0.01965	0.00467	0.00566	0.01968	0.00675	0.00609
43	0.01073	0.00826	0.00980	0.00942	0.01166	0.00734	0.00706	0.01385	0.02119	0.02831	0.42974	0.06758	0.30939	0.01817	0.00958	0.00263	0.00394	0.01565	0.00838	0.00734
44	0.17266	0.01611	0.01875	0.01466	0.02075	0.01600	0.01211	0.16744	0.02473	0.41604	0.02540	0.02314	0.01660	0.00951	0.00756	0.00249	0.00723	0.00727	0.00868	0.01287
45	0.02083	0.38527	0.15167	0.01626	0.02372	0.06319	0.01655	0.05870	0.01809	0.02326	0.01286	0.01498	0.01083	0.00746	0.00690	0.00194	0.03590	0.00504	0.00397	0.12259
46	0.77215	0.01569	0.01193	0.01067	0.01569	0.01820	0.00879	0.02385	0.01381	0.03641	0.01130	0.01318	0.00879	0.00753	0.00502	0.00251	0.00628	0.00439	0.00502	0.00879
47	0.02856	0.02416	0.02221	0.01815	0.02351	0.16613	0.01446	0.37473	0.08518	0.07074	0.02009	0.02156	0.01520	0.03866	0.03676	0.00303	0.01034	0.00729	0.00709	0.01215
48	0.02219	0.02638	0.21679	0.01914	0.02652	0.02126	0.01876	0.21493	0.27730	0.03659	0.02344	0.02311	0.01715	0.00964	0.00805	0.00260	0.00884	0.00766	0.00676	0.01287
49	0.01180	0.00787	0.00885	0.00885	0.00885	0.00787	0.00492	0.01180	0.01180	0.01573	0.02557	0.05310	0.02950	0.71483	0.04130	0.00787	0.00787	0.01180	0.00492	0.00492
50	0.01127	0.00829	0.01055	0.00999	0.01199	0.00757	0.00749	0.01490	0.02247	0.03135	0.59506	0.06257	0.14218	0.01703	0.00957	0.00257	0.00386	0.01495	0.00878	0.00757
51	0.02089	0.02099	0.03156	0.07597	0.57315	0.08529	0.02388	0.02546	0.01883	0.02559	0.01495	0.01961	0.01252	0.00738	0.00797	0.00239	0.01019	0.00703	0.00401	0.01234
52	0.02400	0.02853	0.02010	0.01856	0.02169	0.44481	0.01412	0.02632	0.01943	0.01953	0.01521	0.01999	0.01342	0.02448	0.21178	0.00547	0.05325	0.00637	0.00420	0.00873
53	0.01934	0.01852	0.03160	0.15019	0.56962	0.01908	0.02453	0.02425	0.01813	0.02561	0.01513	0.02032	0.01254	0.00737	0.00805	0.00246	0.00982	0.00723	0.00395	0.01226
54	0.02745	0.03177	0.02174	0.01953	0.02395	0.45858	0.01486	0.06773	0.20230	0.02554	0.01875	0.01935	0.01471	0.00919	0.00763	0.00230	0.01199	0.00646	0.00555	0.01062
55	0.01168	0.00832	0.01117	0.01117	0.01197	0.00913	0.00781	0.01329	0.01249	0.01745	0.02345	0.04137	0.02441	0.35325	0.39592	0.01073	0.01553	0.01008	0.00460	0.00620
56	0.00989	0.00706	0.00942	0.01130	0.01177	0.00659	0.00753	0.01130	0.01554	0.02071	0.04472	0.70954	0.05367	0.02542	0.01036	0.00330	0.00471	0.02307	0.00753	0.00659
57	0.01775	0.01775	0.02485	0.02130	0.02130	0.02485	0.01775	0.01953	0.01243	0.01953	0.01065	0.01775	0.01065	0.01420	0.02663	0.00355	0.69998	0.00710	0.00355	0.00888
58	0.01825	0.01042	0.01210	0.01066	0.01451	0.00918	0.00834	0.02195	0.05733	0.21470	0.09693	0.05938	0.40122	0.01666	0.00909	0.00266	0.00506	0.01387	0.00840	0.00931
59	0.01180	0.00787	0.00885	0.00885	0.00885	0.00787	0.00492	0.01180	0.01180	0.01573	0.02557	0.05310	0.02950	0.71483	0.04130	0.00787	0.00787	0.01180	0.00492	0.00492
60	0.02141	0.68364	0.07607	0.01438	0.02159	0.03140	0.01474	0.02437	0.01652	0.01944	0.01146	0.01324	0.01041	0.00698	0.00534	0.00178	0.00885	0.00443	0.00347	0.01050
61	0.01159	0.00869	0.01304	0.01304	0.01449	0.01014	0.01014	0.01449	0.01304	0.01884	0.02173	0.03188	0.02029	0.06086	0.68268	0.01304	0.02173	0.00869	0.00435	0.00724
62	0.01180	0.00787	0.00885	0.00885	0.00885	0.00787	0.00492	0.01180	0.01180	0.01573	0.02557	0.05310	0.02950	0.71483	0.04130	0.00787	0.00787	0.01180	0.00492	0.00492
63	0.00959	0.00822	0.00822	0.00822	0.01096	0.00685	0.00617	0.01165	0.01850	0.02192	0.08220	0.07809	0.66092	0.02055	0.00959	0.00274	0.00411	0.01713	0.00754	0.00685
64	0.01683	0.01442	0.01683	0.01202	0.01923	0.01082	0.00961	0.02043	0.01683	0.02644	0.01442	0.01683	0.01202	0.00601	0.00601	0.00120	0.00601	0.00481	0.00481	0.76444
65	0.00989	0.00706	0.00942	0.01130	0.01177	0.00659	0.00753	0.01130	0.01554	0.02071	0.04472	0.70954	0.05367	0.02542	0.01036	0.00330	0.00471	0.02307	0.00753	0.00659
66	0.02018	0.01743	0.01835	0.01651	0.02110	0.02018	0.01284	0.04312	0.64956	0.03394	0.03303	0.03027	0.02477	0.01101	0.00826	0.00275	0.00642	0.00917	0.00826	0.01284
67	0.06558	0.15051	0.02576	0.01913	0.02391	0.51343	0.01503	0.05595	0.02209	0.02186	0.01256	0.01449	0.01050	0.00814	0.00688	0.00207	0.01299	0.00512	0.00427	0.00973
68	0.01935	0.02861	0.27240	0.06588	0.13206	0.02011	0.21675	0.09489	0.02031	0.02854	0.01580	0.01957	0.01173	0.00762	0.00841	0.00259	0.01176	0.00752	0.00427	0.01184
69	0.01954	0.01873	0.03196	0.12316	0.59509	0.01914	0.02463	0.02443	0.01822	0.02585	0.01517	0.02026	0.01262	0.00733	0.00804	0.00244	0.00977	0.00723	0.00397	0.01242
70	0.00997	0.00710	0.00939	0.01119	0.01164	0.00665	0.00741	0.01132	0.01537	0.02049	0.04385	0.67969	0.05257	0.05677	0.01176	0.00350	0.00485	0.02256	0.00741	0.00651
71	0.02169	0.71972	0.04252	0.01388	0.02083	0.03211	0.01388	0.02430	0.01649	0.01909	0.01128	0.01302	0.01041	0.00694	0.00521	0.00174	0.00868	0.00434	0.00347	0.01041
72	0.01598	0.01375	0.02229	0.36783	0.08865	0.01558	0.05028	0.02033	0.01734	0.05949	0.06158	0.08090	0.09203	0.01157	0.00959	0.00276	0.04573	0.01010	0.00506	0.00919
73	0.01775	0.01775	0.02485	0.02130	0.02130	0.02485	0.01775	0.01953	0.01243	0.01953	0.01065	0.01775	0.01065	0.01420	0.02663	0.00355	0.69998	0.00710	0.00355	0.00888
74	0.00989	0.00706	0.00942	0.01130	0.01177	0.00659	0.00753	0.01130	0.01554	0.02071	0.04472	0.70954	0.05367	0.02542	0.01036	0.00330	0.00471	0.02307	0.00753	0.00659
75	0.01775	0.01775	0.02485	0.02130	0.02130	0.02485	0.01775	0.01953	0.01243	0.01953	0.01065	0.01775	0.01065	0.01420	0.02663	0.00355	0.69998	0.00710	0.00355	0.00888
76	0.01202	0.00934	0.01432	0.09057	0.01919	0.01104	0.01155	0.01520	0.01340	0.01905	0.02090	0.03071	0.01921	0.05486	0.60602	0.01187	0.02049	0.00853	0.00426	0.00745
77	0.01230	0.00854	0.01073	0.01004	0.01231	0.00771	0.00758	0.01577	0.02214	0.06053	0.52245	0.06233	0.18309	0.01702	0.00951	0.00259	0.00403	0.01483	0.00872	0.00780
78	0.00989	0.00706	0.00942	0.01130	0.01177	0.00659	0.00753	0.01130	0.01554	0.02071	0.04472	0.70954	0.05367	0.02542	0.01036	0.00330	0.00471	0.02307	0.00753	0.00659
79	0.03126	0.01840	0.02616	0.01959	0.02630	0.01810	0.12951	0.24323	0.02761	0.33604	0.02477	0.02374	0.01646	0.00934	0.00841	0.00253	0.00887	0.00813	0.00827	0.01327
80	0.01843	0.01759	0.02994	0.27462	0.45236	0.01884	0.02408	0.02345	0.01769	0.02450	0.01497	0.02062	0.01214	0.00754	0.00806	0.00251	0.01005	0.00722	0.00387	0.01152
81	0.01722	0.01636	0.02776	0.43822	0.29818	0.01853	0.02348	0.02239	0.01712	0.02303	0.01476	0.02102	0.01163	0.00776	0.00808	0.00259	0.01035	0.00722	0.00377	0.01054
82	0.01210	0.00928	0.01402	0.01501	0.05251	0.01057	0.01077	0.01498	0.01330	0.01914	0.02153	0.03218	0.02028	0.08846	0.61275	0.01217	0.02037	0.00875	0.00435	0.00747
83	0.01029	0.00753	0.01027	0.05150	0.01424	0.00732	0.00830	0.01188	0.01541	0.02049	0.04207	0.63916	0.05004	0.05575	0.01163	0.00347	0.00521	0.02162	0.00718	0.00666
84	0.02816	0.02046	0.02290	0.01938	0.06118	0.02223	0.01491	0.48096	0.06873	0.08177	0.02453	0.04968	0.04567	0.01077	0.00828	0.00250	0.00833	0.00851	0.00795	0.01310

[dist]
# distance from previous block
# <min> <max>
0	13

# created by:
# /home/cegg/simao/soft/augustus-3.2.1/scripts/msa2prfl.pl ./align_prep/13191.fa
