[name]
unknown

[dist]
# distance from previous block
# <min> <max>
5	8

[block]
# block no. 0 follows, 21 sequences, length 14
# corresponding to MSA columns:
# 8-21
name=unknown_A
#
# <colnr> <probs for GDERKNQSTAVLIFYWHMCP>
#	G	D	E	R	K	N	Q	S	T	A	V	L	I	F	Y	W	H	M	C	P
0	0.01880	0.01788	0.02991	0.20650	0.44146	0.01870	0.02370	0.02375	0.01878	0.02584	0.02218	0.02701	0.07041	0.00909	0.00859	0.00264	0.00989	0.00852	0.00444	0.01189
1	0.01892	0.01772	0.01391	0.01307	0.01635	0.16886	0.00988	0.02528	0.12203	0.02724	0.04213	0.04215	0.19825	0.01324	0.00799	0.00244	0.00727	0.01049	0.23365	0.00911
2	0.02106	0.02022	0.03454	0.05223	0.64784	0.02022	0.02612	0.02612	0.01938	0.02780	0.01601	0.02106	0.01348	0.00758	0.00842	0.00253	0.01011	0.00758	0.00421	0.01348
3	0.01780	0.01741	0.03064	0.42642	0.18136	0.01992	0.09948	0.02331	0.01769	0.02368	0.01536	0.02214	0.01199	0.00850	0.00978	0.00282	0.04930	0.00788	0.00394	0.01057
4	0.01108	0.00866	0.01004	0.00970	0.01212	0.00762	0.00727	0.01420	0.02181	0.02873	0.37330	0.07245	0.35371	0.01941	0.01005	0.00277	0.00416	0.01664	0.00866	0.00762
5	0.01350	0.00966	0.01342	0.01504	0.01700	0.00957	0.01299	0.01743	0.02016	0.02657	0.12129	0.09186	0.05297	0.02273	0.01154	0.00376	0.00735	0.51727	0.00803	0.00786
6	0.01734	0.04210	0.60157	0.02531	0.03753	0.01992	0.08478	0.02698	0.01816	0.02698	0.01545	0.01842	0.01097	0.00800	0.00826	0.00271	0.01274	0.00663	0.00366	0.01248
7	0.03235	0.02384	0.02554	0.01958	0.02639	0.02639	0.01618	0.61946	0.04001	0.05363	0.02043	0.02043	0.01447	0.01022	0.00851	0.00255	0.00936	0.00766	0.00851	0.01447
8	0.01765	0.01513	0.01765	0.01260	0.02017	0.01134	0.01008	0.02143	0.01765	0.02773	0.01513	0.01765	0.01260	0.00630	0.00630	0.00126	0.00630	0.00504	0.00504	0.75295
9	0.01216	0.00912	0.01368	0.01368	0.01520	0.01064	0.01064	0.01520	0.01368	0.01976	0.02279	0.03343	0.02127	0.06382	0.66720	0.01368	0.02279	0.00912	0.00456	0.00760
10	0.02943	0.22172	0.03030	0.01912	0.02508	0.28733	0.01583	0.21634	0.02722	0.03095	0.01508	0.01648	0.01206	0.00881	0.00732	0.00220	0.01171	0.00591	0.00548	0.01161
11	0.01135	0.00921	0.01013	0.00980	0.01251	0.00828	0.00738	0.01538	0.05685	0.02730	0.26188	0.07308	0.42720	0.01963	0.00997	0.00281	0.00436	0.01665	0.00842	0.00782
12	0.01846	0.08145	0.54984	0.02417	0.03572	0.06030	0.06080	0.02731	0.01842	0.02619	0.01504	0.01782	0.01091	0.00803	0.00801	0.00262	0.01264	0.00634	0.00368	0.01226
13	0.01027	0.00778	0.00949	0.01086	0.01208	0.00700	0.00746	0.01196	0.01725	0.02211	0.05901	0.50641	0.23743	0.02509	0.01061	0.00328	0.00474	0.02227	0.00790	0.00700

[dist]
# distance from previous block
# <min> <max>
0	7

[block]
# block no. 1 follows, 21 sequences, length 109
# corresponding to MSA columns:
# 29-137
name=unknown_B
#
# <colnr> <probs for GDERKNQSTAVLIFYWHMCP>
#	G	D	E	R	K	N	Q	S	T	A	V	L	I	F	Y	W	H	M	C	P
0	0.01865	0.03409	0.40163	0.02651	0.10077	0.02025	0.06648	0.03106	0.15899	0.02905	0.01992	0.02180	0.01470	0.00876	0.00839	0.00273	0.01109	0.00745	0.00487	0.01281
1	0.02508	0.01965	0.02161	0.01646	0.02337	0.01963	0.01337	0.31080	0.09557	0.04101	0.01980	0.02052	0.01496	0.00875	0.00762	0.00206	0.00782	0.00680	0.00710	0.31800
2	0.01037	0.00741	0.00987	0.01185	0.01234	0.00691	0.00790	0.01185	0.01629	0.02172	0.04690	0.69537	0.05629	0.02666	0.01086	0.00346	0.00494	0.02419	0.00790	0.00691
3	0.02363	0.64149	0.04261	0.01528	0.02228	0.09508	0.01474	0.02631	0.01795	0.02010	0.01196	0.01382	0.01092	0.00743	0.00568	0.00186	0.00971	0.00464	0.00371	0.01082
4	0.01884	0.02666	0.19133	0.02837	0.03501	0.02265	0.26776	0.02486	0.01715	0.02486	0.01467	0.02024	0.01179	0.01004	0.01569	0.00312	0.24380	0.00823	0.00393	0.01101
5	0.01958	0.22496	0.37347	0.01949	0.02906	0.02197	0.02295	0.02638	0.01885	0.06829	0.08125	0.02227	0.01879	0.00900	0.00758	0.00244	0.01034	0.00690	0.00468	0.01176
6	0.02106	0.02022	0.03454	0.05223	0.64784	0.02022	0.02612	0.02612	0.01938	0.02780	0.01601	0.02106	0.01348	0.00758	0.00842	0.00253	0.01011	0.00758	0.00421	0.01348
7	0.02996	0.02265	0.02419	0.01910	0.02548	0.02527	0.01560	0.49662	0.16674	0.04978	0.02347	0.02285	0.01693	0.01050	0.00854	0.00263	0.00880	0.00808	0.00854	0.01426
8	0.13040	0.02188	0.02025	0.01720	0.02255	0.09854	0.01367	0.22430	0.24390	0.03926	0.02740	0.02665	0.05569	0.01088	0.00810	0.00266	0.00844	0.00829	0.00758	0.01238
9	0.02371	0.02050	0.05490	0.02344	0.13468	0.02066	0.01661	0.27169	0.13980	0.03972	0.07144	0.03213	0.08953	0.01161	0.00877	0.00266	0.00826	0.00959	0.00752	0.01278
10	0.01057	0.00819	0.00963	0.01022	0.01205	0.00725	0.00730	0.01284	0.01919	0.02474	0.18238	0.30354	0.31644	0.02260	0.01035	0.00305	0.00448	0.01974	0.00819	0.00725
11	0.01037	0.00741	0.00987	0.01185	0.01234	0.00691	0.00790	0.01185	0.01629	0.02172	0.04690	0.69537	0.05629	0.02666	0.01086	0.00346	0.00494	0.02419	0.00790	0.00691
12	0.02072	0.01987	0.03393	0.09488	0.60784	0.02013	0.02595	0.02582	0.01922	0.02739	0.01595	0.02117	0.01333	0.00765	0.00843	0.00255	0.01019	0.00758	0.00418	0.01321
13	0.02657	0.01771	0.01912	0.01638	0.02113	0.06080	0.01282	0.17863	0.14653	0.19472	0.03218	0.17908	0.02778	0.01423	0.00903	0.00282	0.00769	0.01192	0.00864	0.01223
14	0.01048	0.00745	0.00984	0.01171	0.01218	0.00698	0.00775	0.01188	0.01608	0.02144	0.04583	0.66117	0.05493	0.06271	0.01260	0.00371	0.00511	0.02356	0.00775	0.00682
15	0.01189	0.00930	0.01415	0.01389	0.01515	0.00882	0.07384	0.01365	0.01581	0.02113	0.03906	0.47538	0.04574	0.17894	0.01820	0.00449	0.00672	0.01994	0.00688	0.00701
16	0.29600	0.03369	0.41526	0.01936	0.02919	0.01951	0.02311	0.02623	0.01666	0.03116	0.01399	0.01641	0.01019	0.00802	0.00703	0.00267	0.01033	0.00566	0.00422	0.01132
17	0.01134	0.00867	0.01040	0.00997	0.01228	0.00773	0.00748	0.01470	0.02243	0.03018	0.44576	0.07007	0.28035	0.01887	0.01004	0.00275	0.00412	0.01630	0.00885	0.00773
18	0.01026	0.00863	0.00893	0.00911	0.01184	0.00731	0.00689	0.01248	0.01928	0.02307	0.08253	0.10728	0.59029	0.02186	0.01018	0.00295	0.00452	0.04749	0.00790	0.00721
19	0.02810	0.03185	0.06138	0.06484	0.02741	0.36919	0.01664	0.16375	0.02592	0.02904	0.01655	0.02015	0.01340	0.04610	0.00976	0.00266	0.01259	0.00666	0.04331	0.01070
20	0.02523	0.02279	0.11274	0.02148	0.07919	0.02075	0.01754	0.21172	0.21402	0.10595	0.02653	0.06063	0.02035	0.01101	0.00862	0.00273	0.00861	0.00904	0.00767	0.01341
21	0.02458	0.51758	0.07052	0.01677	0.02364	0.18068	0.01585	0.02754	0.01892	0.02056	0.01231	0.01426	0.01092	0.00767	0.00611	0.00195	0.01073	0.00485	0.00381	0.01076
22	0.01888	0.02184	0.09101	0.03506	0.28420	0.05083	0.14162	0.02396	0.01926	0.02596	0.02854	0.03180	0.12778	0.01058	0.01012	0.00273	0.04985	0.00973	0.00482	0.01142
23	0.03161	0.02340	0.02514	0.01923	0.02608	0.02564	0.01587	0.58947	0.03889	0.05233	0.02017	0.02029	0.01438	0.01002	0.00840	0.00249	0.00921	0.00753	0.00834	0.05151
24	0.01275	0.01068	0.01414	0.01472	0.01624	0.04370	0.05289	0.01506	0.01751	0.02267	0.04268	0.51470	0.04958	0.02380	0.01078	0.00342	0.00663	0.11305	0.00744	0.00755
25	0.02083	0.02640	0.21063	0.03290	0.28290	0.06157	0.02326	0.02679	0.02039	0.08225	0.10639	0.02651	0.02269	0.00946	0.00852	0.00258	0.01007	0.00826	0.00533	0.01228
26	0.02309	0.02041	0.01824	0.01557	0.01943	0.14704	0.01166	0.22180	0.02503	0.03125	0.02616	0.06471	0.06306	0.20929	0.01840	0.00410	0.00952	0.00988	0.00644	0.05492
27	0.01133	0.00781	0.00959	0.01062	0.01088	0.00755	0.00658	0.01210	0.01441	0.01922	0.03727	0.38862	0.04413	0.34999	0.02642	0.00576	0.00653	0.01853	0.00658	0.00607
28	0.01258	0.01012	0.01122	0.01150	0.01371	0.00998	0.00823	0.01871	0.14040	0.02453	0.05763	0.27428	0.27126	0.08016	0.01293	0.00354	0.00535	0.01789	0.00781	0.00818
29	0.01192	0.00806	0.00942	0.00987	0.00998	0.00794	0.00578	0.01226	0.01327	0.01770	0.03141	0.20218	0.03674	0.54652	0.03588	0.00715	0.00749	0.01508	0.00578	0.00556
30	0.02358	0.06474	0.02421	0.05142	0.11798	0.22475	0.01682	0.03366	0.21960	0.02716	0.02404	0.03055	0.02038	0.01101	0.00846	0.00266	0.01042	0.07112	0.00605	0.01140
31	0.01862	0.01862	0.02607	0.02234	0.02234	0.02607	0.01862	0.02048	0.01303	0.02048	0.01117	0.01862	0.01117	0.01489	0.02793	0.00372	0.68535	0.00745	0.00372	0.00931
32	0.02402	0.61300	0.04173	0.01559	0.02247	0.12218	0.01482	0.02667	0.01825	0.02013	0.01202	0.01389	0.01093	0.00749	0.00577	0.00187	0.00997	0.00468	0.00374	0.01077
33	0.01873	0.14501	0.43541	0.02752	0.12786	0.02214	0.05589	0.02660	0.01818	0.02599	0.01493	0.01799	0.01132	0.00784	0.00781	0.00254	0.01173	0.00639	0.00373	0.01240
34	0.01006	0.00862	0.00862	0.00862	0.01149	0.00718	0.00647	0.01221	0.01940	0.02299	0.08621	0.08190	0.64438	0.02155	0.01006	0.00287	0.00431	0.01796	0.00790	0.00718
35	0.01394	0.01140	0.01645	0.02026	0.15832	0.01082	0.01234	0.01793	0.02205	0.03053	0.38082	0.05861	0.14210	0.01615	0.00979	0.00275	0.00571	0.05300	0.00788	0.00915
36	0.02244	0.50541	0.08023	0.01942	0.02709	0.06634	0.12538	0.02637	0.01822	0.02179	0.01309	0.01569	0.01128	0.00739	0.00657	0.00208	0.01061	0.00570	0.00380	0.01106
37	0.08697	0.01762	0.02018	0.01687	0.02020	0.02089	0.01366	0.24332	0.02407	0.03595	0.01967	0.05039	0.01692	0.05394	0.01553	0.00318	0.19911	0.00833	0.12254	0.01066
38	0.01060	0.00757	0.01014	0.01211	0.01270	0.00711	0.00829	0.01224	0.01652	0.02198	0.04678	0.65469	0.05579	0.02645	0.01092	0.00349	0.00513	0.06263	0.00790	0.00697
39	0.01876	0.24056	0.47507	0.02138	0.03238	0.02389	0.02643	0.02651	0.01777	0.02489	0.01425	0.01669	0.01082	0.00785	0.00731	0.00244	0.01154	0.00577	0.00361	0.01209
40	0.01864	0.17299	0.02965	0.25739	0.06607	0.02408	0.01928	0.02232	0.01597	0.02173	0.01376	0.01969	0.01179	0.01027	0.01385	0.00283	0.22411	0.00686	0.03884	0.00987
41	0.15019	0.24155	0.06254	0.02044	0.02703	0.21115	0.12470	0.02825	0.01932	0.02498	0.01336	0.01606	0.01100	0.00783	0.00702	0.00230	0.01159	0.00591	0.00425	0.01050
42	0.02358	0.02593	0.22779	0.02422	0.05862	0.01813	0.12992	0.05757	0.02087	0.18365	0.02292	0.02910	0.01757	0.01049	0.01028	0.00288	0.05654	0.06153	0.00611	0.01232
43	0.01074	0.00789	0.01011	0.01144	0.01257	0.00727	0.00804	0.01280	0.01800	0.02381	0.13404	0.48612	0.14456	0.02448	0.01068	0.00329	0.00488	0.05402	0.00810	0.00716
44	0.01923	0.14482	0.06417	0.26223	0.04253	0.02228	0.20331	0.05602	0.01964	0.02570	0.04759	0.02288	0.01542	0.00840	0.00848	0.00263	0.01143	0.00812	0.00445	0.01068
45	0.08041	0.01460	0.01933	0.01491	0.02142	0.01289	0.01232	0.04051	0.02378	0.61777	0.03230	0.02808	0.02037	0.01038	0.00837	0.00263	0.00720	0.00833	0.01023	0.01418
46	0.01225	0.00864	0.01021	0.01036	0.01260	0.00760	0.00756	0.01466	0.01975	0.06320	0.18319	0.25094	0.32500	0.02152	0.01019	0.00299	0.00461	0.01866	0.00835	0.00772
47	0.01006	0.00862	0.00862	0.00862	0.01149	0.00718	0.00647	0.01221	0.01940	0.02299	0.08621	0.08190	0.64438	0.02155	0.01006	0.00287	0.00431	0.01796	0.00790	0.00718
48	0.01067	0.00779	0.01004	0.01127	0.01232	0.00716	0.00777	0.01272	0.01818	0.02432	0.16957	0.50337	0.12488	0.02427	0.01061	0.00324	0.00469	0.02177	0.00819	0.00716
49	0.01034	0.00863	0.00901	0.00892	0.01167	0.00730	0.00669	0.01276	0.02006	0.02457	0.16549	0.07929	0.56412	0.02096	0.01005	0.00285	0.00427	0.01759	0.00811	0.00730
50	0.01721	0.01629	0.02759	0.53660	0.19355	0.01921	0.02420	0.02274	0.01756	0.02313	0.01533	0.02232	0.01183	0.00830	0.00849	0.00277	0.01106	0.00757	0.00388	0.01038
51	0.02179	0.01958	0.01953	0.01759	0.02237	0.05888	0.01364	0.04456	0.59693	0.03474	0.03338	0.03079	0.02510	0.01138	0.00860	0.00285	0.00724	0.00938	0.00841	0.01326
52	0.01532	0.01339	0.01367	0.01287	0.01600	0.05603	0.00987	0.02394	0.18133	0.03027	0.26703	0.05834	0.20893	0.01667	0.00960	0.00281	0.00575	0.04047	0.00839	0.00934
53	0.01973	0.02393	0.08886	0.03366	0.04164	0.02188	0.51460	0.02653	0.01920	0.02653	0.01645	0.02216	0.01259	0.00804	0.01178	0.00295	0.08442	0.00952	0.00420	0.01133
54	0.01216	0.00912	0.01368	0.01368	0.01520	0.01064	0.01064	0.01520	0.01368	0.01976	0.02279	0.03343	0.02127	0.06382	0.66720	0.01368	0.02279	0.00912	0.00456	0.00760
55	0.01707	0.04402	0.65683	0.02426	0.03683	0.01976	0.03144	0.02695	0.01797	0.02695	0.01527	0.01797	0.01078	0.00809	0.00809	0.00270	0.01258	0.00629	0.00359	0.01258
56	0.02082	0.02089	0.03840	0.04820	0.49925	0.02054	0.17161	0.02640	0.01955	0.02767	0.01631	0.02153	0.01334	0.00748	0.00882	0.00261	0.01115	0.00819	0.00424	0.01299
57	0.01234	0.00841	0.01008	0.01008	0.01036	0.00869	0.00615	0.01289	0.01261	0.01709	0.02608	0.05164	0.02918	0.58487	0.15696	0.00924	0.01090	0.01178	0.00505	0.00560
58	0.01216	0.00912	0.01368	0.01368	0.01520	0.01064	0.01064	0.01520	0.01368	0.01976	0.02279	0.03343	0.02127	0.06382	0.66720	0.01368	0.02279	0.00912	0.00456	0.00760
59	0.02106	0.02022	0.03454	0.05223	0.64784	0.02022	0.02612	0.02612	0.01938	0.02780	0.01601	0.02106	0.01348	0.00758	0.00842	0.00253	0.01011	0.00758	0.00421	0.01348
60	0.01862	0.01862	0.02607	0.02234	0.02234	0.02607	0.01862	0.02048	0.01303	0.02048	0.01117	0.01862	0.01117	0.01489	0.02793	0.00372	0.68535	0.00745	0.00372	0.00931
61	0.01079	0.00865	0.00964	0.00939	0.01194	0.00750	0.00704	0.01363	0.02113	0.02710	0.29192	0.07513	0.43611	0.02002	0.01005	0.00280	0.00420	0.01701	0.00844	0.00750
62	0.01765	0.01513	0.01765	0.01260	0.02017	0.01134	0.01008	0.02143	0.01765	0.02773	0.01513	0.01765	0.01260	0.00630	0.00630	0.00126	0.00630	0.00504	0.00504	0.75295
63	0.01013	0.00832	0.00893	0.00942	0.01170	0.00712	0.00682	0.01212	0.01863	0.02268	0.07653	0.23297	0.49956	0.02281	0.01026	0.00302	0.00446	0.01950	0.00790	0.00712
64	0.01024	0.00868	0.00888	0.00898	0.01180	0.00732	0.00683	0.01249	0.01941	0.02311	0.08414	0.08261	0.61447	0.02165	0.01014	0.00293	0.00449	0.04672	0.00790	0.00722
65	0.03754	0.01551	0.02038	0.01563	0.02223	0.01403	0.01291	0.10465	0.02607	0.58814	0.03214	0.02803	0.02035	0.01050	0.00855	0.00262	0.00747	0.00846	0.01031	0.01448
66	0.03306	0.01948	0.02303	0.05796	0.02637	0.02040	0.01510	0.33568	0.06057	0.27965	0.02579	0.02436	0.01734	0.01030	0.00854	0.00262	0.00855	0.00809	0.00900	0.01412
67	0.01206	0.00784	0.01047	0.01205	0.01291	0.00725	0.00818	0.01365	0.01678	0.06014	0.04609	0.65486	0.05414	0.02568	0.01072	0.00341	0.00508	0.02324	0.00806	0.00737
68	0.02016	0.01952	0.03191	0.08306	0.45798	0.02158	0.02412	0.02446	0.01767	0.02563	0.01476	0.02056	0.01278	0.00944	0.01323	0.00284	0.17647	0.00755	0.00407	0.01221
69	0.02355	0.02404	0.03223	0.04518	0.50551	0.13611	0.02389	0.05733	0.02126	0.02785	0.01572	0.02001	0.01308	0.00793	0.00830	0.00247	0.01101	0.00721	0.00446	0.01288
70	0.01094	0.00866	0.00984	0.00954	0.01203	0.00756	0.00716	0.01392	0.02148	0.02792	0.33297	0.07378	0.39454	0.01971	0.01005	0.00279	0.00418	0.01682	0.00855	0.00756
71	0.02417	0.19462	0.02944	0.01953	0.02345	0.22387	0.01627	0.05001	0.01889	0.02230	0.01258	0.01640	0.01128	0.01037	0.01392	0.00257	0.23962	0.00597	0.00419	0.06056
72	0.01236	0.00827	0.00938	0.00935	0.00944	0.00824	0.00529	0.01255	0.01292	0.01732	0.05564	0.05606	0.03325	0.66896	0.04176	0.00799	0.00805	0.01252	0.00535	0.00529
73	0.01204	0.00870	0.01138	0.01071	0.01271	0.00803	0.00803	0.01606	0.02409	0.03413	0.64335	0.06357	0.08030	0.01740	0.01004	0.00268	0.00401	0.01539	0.00937	0.00803
74	0.01037	0.00741	0.00987	0.01185	0.01234	0.00691	0.00790	0.01185	0.01629	0.02172	0.04690	0.69537	0.05629	0.02666	0.01086	0.00346	0.00494	0.02419	0.00790	0.00691
75	0.01011	0.00840	0.00885	0.00921	0.01165	0.00713	0.00673	0.01215	0.01883	0.02276	0.07905	0.19365	0.53725	0.02248	0.01020	0.00298	0.00442	0.01910	0.00790	0.00713
76	0.01707	0.04402	0.65683	0.02426	0.03683	0.01976	0.03144	0.02695	0.01797	0.02695	0.01527	0.01797	0.01078	0.00809	0.00809	0.00270	0.01258	0.00629	0.00359	0.01258
77	0.01997	0.02598	0.15216	0.08113	0.22107	0.04789	0.24152	0.02645	0.01912	0.02640	0.01591	0.02094	0.01242	0.00798	0.00985	0.00275	0.04423	0.00815	0.00409	0.01196
78	0.02307	0.03402	0.21048	0.05783	0.09932	0.25022	0.05757	0.02822	0.01969	0.02373	0.01413	0.01798	0.01135	0.00920	0.01090	0.00266	0.10800	0.00659	0.00401	0.01104
79	0.01216	0.00912	0.01368	0.01368	0.01520	0.01064	0.01064	0.01520	0.01368	0.01976	0.02279	0.03343	0.02127	0.06382	0.66720	0.01368	0.02279	0.00912	0.00456	0.00760
80	0.01163	0.00845	0.00998	0.01015	0.01148	0.00790	0.00698	0.01351	0.01773	0.02344	0.19555	0.13600	0.18744	0.26214	0.02204	0.00486	0.00592	0.05084	0.00729	0.00668
81	0.02663	0.32854	0.08794	0.01880	0.02529	0.29864	0.01691	0.06389	0.02155	0.02293	0.01319	0.01514	0.01113	0.00815	0.00680	0.00210	0.01205	0.00527	0.00423	0.01083
82	0.02495	0.02016	0.02137	0.01808	0.02357	0.02293	0.01439	0.23949	0.43203	0.04170	0.02983	0.02792	0.02209	0.01110	0.00861	0.00277	0.00762	0.00896	0.00861	0.01381
83	0.01876	0.01429	0.01593	0.01345	0.01772	0.01419	0.01056	0.21657	0.02682	0.03601	0.17389	0.10827	0.18998	0.01574	0.00922	0.00261	0.00620	0.01319	0.00812	0.08849
84	0.05201	0.17205	0.43610	0.02098	0.03132	0.02266	0.02511	0.02857	0.08484	0.02702	0.01655	0.01843	0.01240	0.00829	0.00750	0.00254	0.01098	0.00623	0.00423	0.01219
85	0.01238	0.00825	0.00928	0.00928	0.00928	0.00825	0.00516	0.01238	0.01238	0.01650	0.02681	0.05569	0.03094	0.70092	0.04331	0.00825	0.00825	0.01238	0.00516	0.00516
86	0.02676	0.06552	0.02221	0.01877	0.02308	0.43441	0.01437	0.06577	0.05334	0.02509	0.08765	0.02764	0.07831	0.01102	0.00813	0.00234	0.01204	0.00797	0.00565	0.00993
87	0.02441	0.05361	0.02207	0.02142	0.13734	0.01827	0.01440	0.20099	0.06134	0.10443	0.02755	0.02854	0.05992	0.01038	0.00786	0.00243	0.00753	0.00845	0.17701	0.01205
88	0.01058	0.00788	0.00971	0.01083	0.01203	0.00717	0.00744	0.01242	0.01768	0.02311	0.12033	0.44904	0.19619	0.05893	0.01224	0.00348	0.00486	0.02116	0.00792	0.00701
89	0.01973	0.01908	0.02095	0.09053	0.08299	0.10274	0.01391	0.02361	0.01862	0.02614	0.01494	0.01820	0.01232	0.00700	0.00693	0.00168	0.00844	0.00561	0.00474	0.50184
90	0.02193	0.22216	0.03022	0.02532	0.17547	0.16996	0.01692	0.02519	0.01852	0.02206	0.01572	0.02048	0.01398	0.02089	0.16108	0.00485	0.01397	0.00658	0.00417	0.01053
91	0.02033	0.01812	0.02334	0.02642	0.20405	0.01864	0.01638	0.03420	0.31297	0.03152	0.02474	0.02541	0.01927	0.00919	0.00805	0.00241	0.00762	0.00798	0.00653	0.18281
92	0.17690	0.02542	0.02269	0.01834	0.02440	0.14159	0.01484	0.39480	0.03205	0.04459	0.01740	0.01819	0.01279	0.00949	0.00772	0.00250	0.00990	0.00666	0.00712	0.01259
93	0.01234	0.00974	0.01330	0.01371	0.01425	0.01104	0.00995	0.01401	0.01483	0.02058	0.03415	0.38814	0.03936	0.10510	0.13691	0.00589	0.12591	0.01727	0.00627	0.00726
94	0.01027	0.00863	0.00892	0.00885	0.01163	0.00728	0.00664	0.01263	0.01991	0.02421	0.14711	0.07990	0.58273	0.02110	0.01006	0.00285	0.00428	0.01768	0.00806	0.00728
95	0.76103	0.01646	0.01251	0.01119	0.01646	0.01909	0.00922	0.02502	0.01448	0.03818	0.01185	0.01382	0.00922	0.00790	0.00527	0.00263	0.00658	0.00461	0.00527	0.00922
96	0.01006	0.00862	0.00862	0.00862	0.01149	0.00718	0.00647	0.01221	0.01940	0.02299	0.08621	0.08190	0.64438	0.02155	0.01006	0.00287	0.00431	0.01796	0.00790	0.00718
97	0.01706	0.01566	0.02599	0.21514	0.32922	0.01658	0.02095	0.02140	0.01797	0.02464	0.02337	0.18756	0.02343	0.01254	0.00905	0.00284	0.00918	0.01167	0.00500	0.01075
98	0.02124	0.02061	0.02734	0.03213	0.28051	0.09425	0.05504	0.05676	0.02068	0.02805	0.01894	0.02781	0.01686	0.00927	0.00828	0.00235	0.00976	0.07058	0.00507	0.19446
99	0.01563	0.01109	0.01508	0.13457	0.02302	0.01169	0.01197	0.02141	0.10242	0.08314	0.10340	0.35155	0.04333	0.01879	0.00983	0.00310	0.00646	0.01677	0.00766	0.00909
100	0.02097	0.12935	0.18495	0.02962	0.06992	0.08511	0.30510	0.02752	0.01954	0.02554	0.01553	0.01962	0.01197	0.00757	0.00861	0.00259	0.01304	0.00781	0.00405	0.01160
101	0.02518	0.09304	0.06726	0.03450	0.31301	0.17704	0.02110	0.03033	0.04960	0.08386	0.01738	0.02001	0.01376	0.00833	0.00796	0.00241	0.01099	0.00689	0.00496	0.01240
102	0.01972	0.06589	0.31291	0.03421	0.28055	0.02055	0.02663	0.05455	0.01954	0.02825	0.01563	0.01909	0.01214	0.00785	0.00802	0.00250	0.01094	0.00672	0.00415	0.05014
103	0.06164	0.25316	0.02961	0.01852	0.02377	0.40130	0.01511	0.02998	0.02146	0.02199	0.04213	0.01698	0.01411	0.00865	0.00696	0.00212	0.01239	0.00560	0.00442	0.01009
104	0.02547	0.22396	0.07478	0.02342	0.03016	0.29014	0.16470	0.02950	0.02083	0.02256	0.01391	0.01690	0.01142	0.00792	0.00766	0.00228	0.01317	0.00639	0.00411	0.01072
105	0.02147	0.06693	0.27565	0.02000	0.02810	0.06474	0.02082	0.14683	0.13466	0.03258	0.02463	0.05617	0.04888	0.01072	0.00834	0.00267	0.01009	0.00847	0.00598	0.01230
106	0.01394	0.00961	0.01116	0.01133	0.01326	0.00927	0.00806	0.07084	0.01895	0.02672	0.04214	0.36117	0.10619	0.06612	0.01159	0.00324	0.00539	0.01711	0.15058	0.04335
107	0.02642	0.01871	0.02086	0.01594	0.02253	0.01853	0.01300	0.32043	0.02970	0.10856	0.02722	0.02699	0.08055	0.01031	0.00804	0.00222	0.00772	0.00808	0.00767	0.22651
108	0.17327	0.02462	0.04932	0.01673	0.02284	0.16738	0.01386	0.19399	0.02495	0.03525	0.01985	0.02106	0.05040	0.00930	0.00735	0.00228	0.00947	0.00664	0.00603	0.14542

[dist]
# distance from previous block
# <min> <max>
0	1

[block]
# block no. 2 follows, 21 sequences, length 66
# corresponding to MSA columns:
# 139-204
name=unknown_C
#
# <colnr> <probs for GDERKNQSTAVLIFYWHMCP>
#	G	D	E	R	K	N	Q	S	T	A	V	L	I	F	Y	W	H	M	C	P
0	0.01054	0.00813	0.00963	0.01034	0.01207	0.00722	0.00734	0.01274	0.01892	0.02442	0.16804	0.33568	0.29847	0.02296	0.01039	0.00308	0.00452	0.02012	0.00816	0.00722
1	0.01954	0.01589	0.01920	0.01681	0.01948	0.05537	0.01342	0.10762	0.01877	0.06134	0.01961	0.02701	0.01734	0.06561	0.28252	0.00753	0.16846	0.00821	0.00533	0.05092
2	0.01907	0.10702	0.52392	0.02436	0.06928	0.02076	0.02837	0.02759	0.01834	0.06211	0.01602	0.01834	0.01154	0.00812	0.00787	0.00259	0.01178	0.00632	0.00403	0.01257
3	0.01880	0.01890	0.03548	0.13881	0.29267	0.01896	0.21413	0.02423	0.01890	0.02603	0.01968	0.09659	0.01771	0.00971	0.00923	0.00279	0.01109	0.01021	0.00458	0.01149
4	0.01233	0.00942	0.01154	0.01188	0.01405	0.00901	0.00916	0.01704	0.06828	0.02790	0.25090	0.17678	0.19817	0.02063	0.01040	0.00311	0.00519	0.12775	0.00843	0.00803
5	0.02026	0.20145	0.22107	0.05694	0.09978	0.05313	0.14999	0.02635	0.01841	0.02456	0.01461	0.01840	0.01161	0.00799	0.00876	0.00252	0.04181	0.00686	0.00387	0.01161
6	0.02612	0.02633	0.02333	0.02155	0.06095	0.25640	0.01606	0.19023	0.02503	0.03007	0.01698	0.02093	0.01409	0.02035	0.13709	0.00469	0.08634	0.00712	0.00548	0.01086
7	0.01037	0.00741	0.00987	0.01185	0.01234	0.00691	0.00790	0.01185	0.01629	0.02172	0.04690	0.69537	0.05629	0.02666	0.01086	0.00346	0.00494	0.02419	0.00790	0.00691
8	0.01530	0.01020	0.01222	0.01119	0.01424	0.00947	0.00857	0.02046	0.07723	0.10273	0.35108	0.06220	0.23770	0.01732	0.00975	0.00275	0.00472	0.01485	0.00900	0.00901
9	0.02786	0.02067	0.02517	0.02497	0.15198	0.02211	0.01687	0.39300	0.03184	0.07764	0.02222	0.06350	0.01811	0.05162	0.01070	0.00294	0.00907	0.00896	0.00751	0.01326
10	0.01272	0.00855	0.01111	0.01223	0.01346	0.00814	0.00849	0.01582	0.05186	0.05975	0.10558	0.55676	0.05501	0.02397	0.01052	0.00330	0.00508	0.02160	0.00824	0.00782
11	0.01091	0.00865	0.00980	0.00952	0.01202	0.00755	0.00714	0.01386	0.02141	0.02777	0.32520	0.07404	0.40241	0.01977	0.01005	0.00279	0.00418	0.01686	0.00853	0.00755
12	0.02693	0.14161	0.02791	0.02085	0.02457	0.39931	0.01670	0.02912	0.02015	0.02061	0.01243	0.01592	0.01101	0.01012	0.01256	0.00253	0.18785	0.00584	0.00409	0.00989
13	0.02896	0.02111	0.02291	0.01837	0.02434	0.02328	0.01488	0.43063	0.15800	0.08130	0.02579	0.06755	0.01993	0.01158	0.00870	0.00269	0.00842	0.00920	0.00862	0.01377
14	0.01216	0.00912	0.01368	0.01368	0.01520	0.01064	0.01064	0.01520	0.01368	0.01976	0.02279	0.03343	0.02127	0.06382	0.66720	0.01368	0.02279	0.00912	0.00456	0.00760
15	0.01537	0.01385	0.02006	0.05269	0.02080	0.01824	0.01503	0.01800	0.01355	0.02020	0.01699	0.02598	0.01606	0.03818	0.33556	0.00848	0.33009	0.00826	0.00413	0.00849
16	0.01836	0.02112	0.08784	0.01833	0.05745	0.13930	0.01433	0.02622	0.14627	0.02752	0.13642	0.17591	0.06579	0.01510	0.00916	0.00280	0.00828	0.01283	0.00693	0.01005
17	0.01881	0.05564	0.15619	0.01710	0.02573	0.01577	0.05503	0.05895	0.01920	0.02871	0.01545	0.01804	0.01227	0.00702	0.00702	0.00177	0.00847	0.00577	0.00483	0.46825
18	0.01028	0.00856	0.00897	0.00902	0.01167	0.00725	0.00671	0.01258	0.01968	0.02404	0.14002	0.11675	0.55234	0.02144	0.01010	0.00289	0.00432	0.01807	0.00805	0.00725
19	0.02687	0.22370	0.02843	0.01818	0.02365	0.27525	0.01488	0.03495	0.17971	0.06600	0.01968	0.02000	0.01550	0.00918	0.00735	0.00229	0.01080	0.00649	0.00568	0.01140
20	0.01129	0.00953	0.01017	0.00958	0.01295	0.00781	0.00718	0.01363	0.01881	0.02361	0.07101	0.13357	0.48518	0.01966	0.00954	0.00268	0.00469	0.01655	0.00745	0.12511
21	0.01765	0.01513	0.01765	0.01260	0.02017	0.01134	0.01008	0.02143	0.01765	0.02773	0.01513	0.01765	0.01260	0.00630	0.00630	0.00126	0.00630	0.00504	0.00504	0.75295
22	0.01216	0.00912	0.01368	0.01368	0.01520	0.01064	0.01064	0.01520	0.01368	0.01976	0.02279	0.03343	0.02127	0.06382	0.66720	0.01368	0.02279	0.00912	0.00456	0.00760
23	0.01037	0.00741	0.00987	0.01185	0.01234	0.00691	0.00790	0.01185	0.01629	0.02172	0.04690	0.69537	0.05629	0.02666	0.01086	0.00346	0.00494	0.02419	0.00790	0.00691
24	0.01238	0.00825	0.00928	0.00928	0.00928	0.00825	0.00516	0.01238	0.01238	0.01650	0.02681	0.05569	0.03094	0.70092	0.04331	0.00825	0.00825	0.01238	0.00516	0.00516
25	0.22080	0.02938	0.02153	0.01845	0.02378	0.30979	0.01449	0.20469	0.02632	0.03502	0.01497	0.01646	0.01155	0.00897	0.00730	0.00241	0.01131	0.00590	0.00583	0.01106
26	0.02087	0.19937	0.03071	0.02028	0.02257	0.08545	0.01737	0.02299	0.01513	0.02039	0.01152	0.01703	0.01109	0.01237	0.02027	0.00309	0.44944	0.00652	0.00376	0.00978
27	0.01837	0.01577	0.01797	0.01357	0.02057	0.01336	0.01078	0.02632	0.14399	0.02935	0.01914	0.02054	0.01535	0.00738	0.00679	0.00159	0.00639	0.00598	0.00579	0.60099
28	0.02704	0.02916	0.02551	0.02298	0.05305	0.30256	0.01755	0.14078	0.02325	0.02728	0.01401	0.01766	0.01181	0.01103	0.01460	0.00279	0.23663	0.00665	0.00494	0.01072
29	0.01216	0.00912	0.01368	0.01368	0.01520	0.01064	0.01064	0.01520	0.01368	0.01976	0.02279	0.03343	0.02127	0.06382	0.66720	0.01368	0.02279	0.00912	0.00456	0.00760
30	0.01061	0.00864	0.00938	0.00920	0.01183	0.00742	0.00690	0.01328	0.02070	0.02608	0.24072	0.07682	0.48795	0.02040	0.01005	0.00282	0.00423	0.01725	0.00831	0.00742
31	0.03097	0.03785	0.02333	0.02104	0.02543	0.59486	0.01586	0.06666	0.02469	0.02329	0.01435	0.01652	0.01174	0.00891	0.00763	0.00220	0.01439	0.00574	0.04450	0.01003
32	0.02117	0.01828	0.01924	0.01732	0.02213	0.02117	0.01347	0.04522	0.63246	0.03560	0.03464	0.03175	0.02598	0.01155	0.00866	0.00289	0.00673	0.00962	0.00866	0.01347
33	0.02030	0.01944	0.03316	0.14877	0.55730	0.02002	0.02574	0.02545	0.01901	0.02687	0.01587	0.02131	0.01315	0.00772	0.00844	0.00257	0.01030	0.00758	0.00415	0.01286
34	0.01238	0.00825	0.00928	0.00928	0.00928	0.00825	0.00516	0.01238	0.01238	0.01650	0.02681	0.05569	0.03094	0.70092	0.04331	0.00825	0.00825	0.01238	0.00516	0.00516
35	0.02053	0.01968	0.03359	0.11873	0.58547	0.02008	0.02585	0.02565	0.01913	0.02716	0.01591	0.02123	0.01325	0.00768	0.00843	0.00256	0.01024	0.00758	0.00417	0.01305
36	0.01204	0.00870	0.01138	0.01071	0.01271	0.00803	0.00803	0.01606	0.02409	0.03413	0.64335	0.06357	0.08030	0.01740	0.01004	0.00268	0.00401	0.01539	0.00937	0.00803
37	0.01707	0.04402	0.65683	0.02426	0.03683	0.01976	0.03144	0.02695	0.01797	0.02695	0.01527	0.01797	0.01078	0.00809	0.00809	0.00270	0.01258	0.00629	0.00359	0.01258
38	0.01973	0.02608	0.19515	0.08257	0.45436	0.02002	0.02735	0.02607	0.01887	0.02722	0.01576	0.02036	0.01265	0.00777	0.00834	0.00259	0.01082	0.00725	0.00403	0.01301
39	0.01110	0.00866	0.01007	0.00971	0.01213	0.00763	0.00729	0.01423	0.02186	0.02883	0.37839	0.07229	0.34856	0.01937	0.01005	0.00277	0.00416	0.01661	0.00867	0.00763
40	0.02413	0.02329	0.03292	0.03911	0.35760	0.09093	0.08814	0.14098	0.02356	0.03153	0.01640	0.02039	0.01320	0.00861	0.00971	0.00261	0.05139	0.00764	0.00504	0.01281
41	0.50888	0.01781	0.01582	0.01331	0.01897	0.04431	0.01091	0.09215	0.01958	0.16291	0.01719	0.01763	0.01223	0.00871	0.00637	0.00261	0.00736	0.00576	0.00664	0.01086
42	0.02106	0.02022	0.03454	0.05223	0.64784	0.02022	0.02612	0.02612	0.01938	0.02780	0.01601	0.02106	0.01348	0.00758	0.00842	0.00253	0.01011	0.00758	0.00421	0.01348
43	0.01921	0.01642	0.02406	0.06404	0.09249	0.01466	0.08356	0.02350	0.01809	0.06406	0.01674	0.02039	0.01348	0.00992	0.03802	0.00244	0.03898	0.00656	0.00503	0.42834
44	0.01237	0.00905	0.01335	0.01335	0.01490	0.01048	0.01037	0.01546	0.01391	0.02044	0.02308	0.03333	0.02131	0.06075	0.62953	0.01301	0.02172	0.00905	0.04692	0.00762
45	0.14737	0.05003	0.01911	0.01481	0.02050	0.13978	0.01191	0.03133	0.02113	0.26792	0.02875	0.02762	0.08237	0.01033	0.00763	0.00239	0.00836	0.00777	0.00731	0.09358
46	0.02010	0.01924	0.03281	0.17319	0.53439	0.01997	0.02564	0.02528	0.01892	0.02664	0.01584	0.02138	0.01307	0.00776	0.00844	0.00259	0.01035	0.00758	0.00413	0.01270
47	0.02637	0.03126	0.02586	0.02530	0.09138	0.38973	0.01818	0.02876	0.02001	0.02146	0.01282	0.01702	0.01130	0.01063	0.01433	0.00273	0.23230	0.00634	0.00415	0.01007
48	0.01074	0.00767	0.01030	0.01227	0.01293	0.00723	0.00854	0.01249	0.01666	0.02214	0.04670	0.62900	0.05548	0.02631	0.01096	0.00351	0.00526	0.08691	0.00789	0.00701
49	0.03235	0.02384	0.02554	0.01958	0.02639	0.02639	0.01618	0.61946	0.04001	0.05363	0.02043	0.02043	0.01447	0.01022	0.00851	0.00255	0.00936	0.00766	0.00851	0.01447
50	0.01607	0.01513	0.02552	0.68047	0.05861	0.01891	0.02363	0.02174	0.01702	0.02174	0.01513	0.02269	0.01134	0.00851	0.00851	0.00284	0.01134	0.00756	0.00378	0.00945
51	0.02106	0.02022	0.03454	0.05223	0.64784	0.02022	0.02612	0.02612	0.01938	0.02780	0.01601	0.02106	0.01348	0.00758	0.00842	0.00253	0.01011	0.00758	0.00421	0.01348
52	0.01707	0.04402	0.65683	0.02426	0.03683	0.01976	0.03144	0.02695	0.01797	0.02695	0.01527	0.01797	0.01078	0.00809	0.00809	0.00270	0.01258	0.00629	0.00359	0.01258
53	0.01892	0.01803	0.03067	0.32207	0.39476	0.01966	0.02505	0.02424	0.01836	0.02520	0.01563	0.02176	0.01256	0.00798	0.00846	0.00266	0.01064	0.00757	0.00403	0.01175
54	0.02106	0.02022	0.03454	0.05223	0.64784	0.02022	0.02612	0.02612	0.01938	0.02780	0.01601	0.02106	0.01348	0.00758	0.00842	0.00253	0.01011	0.00758	0.00421	0.01348
55	0.02543	0.01891	0.03174	0.04155	0.44606	0.01831	0.06141	0.03017	0.02071	0.18985	0.02064	0.02323	0.01541	0.00832	0.00857	0.00258	0.00965	0.00800	0.00586	0.01361
56	0.01096	0.00851	0.01008	0.01084	0.01285	0.00763	0.00819	0.01343	0.01914	0.02430	0.13100	0.24103	0.33235	0.02273	0.01054	0.00317	0.00502	0.11284	0.00805	0.00731
57	0.01659	0.01566	0.02647	0.61456	0.12043	0.01904	0.02389	0.02220	0.01726	0.02238	0.01522	0.02252	0.01157	0.00841	0.00850	0.00280	0.01121	0.00756	0.00383	0.00988
58	0.02106	0.02022	0.03454	0.05223	0.64784	0.02022	0.02612	0.02612	0.01938	0.02780	0.01601	0.02106	0.01348	0.00758	0.00842	0.00253	0.01011	0.00758	0.00421	0.01348
59	0.03202	0.02131	0.02365	0.01838	0.02478	0.02293	0.01507	0.48725	0.03600	0.15162	0.02419	0.06186	0.01805	0.01124	0.00866	0.00262	0.00875	0.00879	0.00881	0.01403
60	0.01080	0.00889	0.01168	0.01177	0.01385	0.00790	0.04334	0.01293	0.01796	0.02264	0.06340	0.37058	0.32686	0.02313	0.01044	0.00315	0.00520	0.02046	0.00769	0.00731
61	0.01922	0.01834	0.03121	0.28449	0.43001	0.01973	0.02520	0.02450	0.01850	0.02556	0.01568	0.02166	0.01269	0.00792	0.00846	0.00264	0.01057	0.00758	0.00405	0.01199
62	0.02106	0.02022	0.03454	0.05223	0.64784	0.02022	0.02612	0.02612	0.01938	0.02780	0.01601	0.02106	0.01348	0.00758	0.00842	0.00253	0.01011	0.00758	0.00421	0.01348
63	0.10991	0.16002	0.02723	0.06197	0.02650	0.26476	0.01568	0.18216	0.02539	0.03115	0.01477	0.01665	0.01169	0.00874	0.00725	0.00231	0.01136	0.00591	0.00537	0.01116
64	0.03179	0.04056	0.02412	0.02192	0.02631	0.66676	0.01644	0.03398	0.02412	0.02083	0.01315	0.01535	0.01096	0.00877	0.00767	0.00219	0.01535	0.00548	0.00438	0.00987
65	0.01231	0.01086	0.01379	0.01716	0.13409	0.00975	0.01035	0.01514	0.01970	0.02465	0.10930	0.06898	0.48586	0.01859	0.00974	0.00279	0.00541	0.01579	0.00729	0.00845

[dist]
# distance from previous block
# <min> <max>
0	2

# created by:
# /home/cegg/simao/soft/augustus-3.2.1/scripts/msa2prfl.pl ./align_prep/13199.fa
