[name]
unknown

[dist]
# distance from previous block
# <min> <max>
0	0

[block]
# block no. 0 follows, 23 sequences, length 57
# corresponding to MSA columns:
# 0-56
name=unknown_A
#
# <colnr> <probs for GDERKNQSTAVLIFYWHMCP>
#	G	D	E	R	K	N	Q	S	T	A	V	L	I	F	Y	W	H	M	C	P
0	0.01308	0.00934	0.01308	0.01494	0.01681	0.00934	0.01308	0.01681	0.01868	0.02428	0.04296	0.09153	0.04670	0.02242	0.01121	0.00374	0.00747	0.60960	0.00747	0.00747
1	0.18128	0.01490	0.01770	0.01405	0.01997	0.01445	0.01155	0.06694	0.06798	0.46595	0.02733	0.02453	0.01786	0.00960	0.00754	0.00252	0.00685	0.00744	0.00882	0.01274
2	0.01055	0.00793	0.01073	0.01212	0.01261	0.00811	0.00841	0.01206	0.01518	0.02053	0.04106	0.62457	0.04883	0.02639	0.04558	0.00381	0.05649	0.02117	0.00708	0.00679
3	0.10528	0.01733	0.01945	0.01990	0.10014	0.01954	0.01385	0.03856	0.47689	0.05670	0.02835	0.02699	0.02132	0.01011	0.00786	0.00267	0.00682	0.00836	0.00743	0.01242
4	0.02649	0.01893	0.01907	0.01641	0.02147	0.09962	0.01291	0.04068	0.37697	0.23016	0.03017	0.02751	0.02154	0.01038	0.00811	0.00260	0.00759	0.00837	0.00831	0.01272
5	0.02236	0.66867	0.04119	0.01423	0.02114	0.03160	0.01400	0.06918	0.01807	0.02144	0.01188	0.01349	0.01066	0.00715	0.00542	0.00179	0.00870	0.00456	0.00381	0.01066
6	0.01159	0.00869	0.01304	0.01304	0.01449	0.01014	0.01014	0.01449	0.01304	0.01884	0.02173	0.03188	0.02029	0.06086	0.68268	0.01304	0.02173	0.00869	0.00435	0.00724
7	0.03082	0.02354	0.02428	0.01878	0.02516	0.05842	0.01544	0.60655	0.03738	0.04956	0.01913	0.01924	0.01363	0.00967	0.00808	0.00242	0.00922	0.00720	0.00792	0.01358
8	0.02070	0.02098	0.03407	0.04583	0.54212	0.06660	0.09940	0.02557	0.01888	0.02597	0.01521	0.01992	0.01262	0.00726	0.00817	0.00243	0.01049	0.00738	0.00404	0.01237
9	0.00989	0.00706	0.00942	0.01130	0.01177	0.00659	0.00753	0.01130	0.01554	0.02071	0.04472	0.70954	0.05367	0.02542	0.01036	0.00330	0.00471	0.02307	0.00753	0.00659
10	0.13259	0.02176	0.02265	0.01757	0.02386	0.02421	0.01451	0.55298	0.03481	0.04912	0.01836	0.01862	0.01311	0.00944	0.00769	0.00245	0.00856	0.00691	0.00769	0.01311
11	0.02118	0.65563	0.10211	0.01476	0.02218	0.03085	0.01541	0.02443	0.01655	0.01972	0.01159	0.01341	0.01040	0.00701	0.00544	0.00181	0.00899	0.00450	0.00347	0.01056
12	0.01607	0.00941	0.01235	0.01181	0.01449	0.00860	0.00935	0.01933	0.02098	0.14693	0.29952	0.12169	0.12392	0.01778	0.00971	0.00287	0.00524	0.13284	0.00856	0.00857
13	0.01026	0.00825	0.00915	0.00892	0.01137	0.00714	0.00669	0.01294	0.02008	0.02568	0.28663	0.07191	0.45415	0.01915	0.00958	0.00267	0.00401	0.01626	0.00803	0.00714
14	0.01315	0.01098	0.01602	0.01512	0.01621	0.01385	0.01206	0.01576	0.01289	0.01901	0.01894	0.02831	0.01786	0.04909	0.51720	0.01065	0.19282	0.00829	0.00415	0.00766
15	0.01826	0.02815	0.24262	0.03075	0.04014	0.02000	0.44629	0.02590	0.01852	0.02590	0.01584	0.02041	0.01168	0.00711	0.00899	0.00268	0.01315	0.00846	0.00389	0.01127
16	0.01779	0.01299	0.01524	0.01296	0.01637	0.01335	0.01018	0.21771	0.02791	0.03859	0.45148	0.04722	0.05613	0.01436	0.00910	0.00251	0.00549	0.01228	0.00867	0.00966
17	0.01736	0.01780	0.03350	0.02445	0.03146	0.01581	0.36189	0.02254	0.01799	0.02554	0.01896	0.09776	0.01688	0.00867	0.00851	0.00230	0.01019	0.00955	0.00472	0.25412
18	0.02131	0.43989	0.20219	0.01774	0.02601	0.02627	0.06202	0.02600	0.01738	0.07367	0.01415	0.01588	0.01129	0.00738	0.00640	0.00208	0.00974	0.00544	0.00403	0.01113
19	0.03006	0.02234	0.02391	0.01851	0.02487	0.02480	0.01523	0.59365	0.08293	0.04988	0.02047	0.02027	0.01460	0.00983	0.00813	0.00246	0.00875	0.00744	0.00813	0.01373
20	0.01618	0.01327	0.01561	0.01232	0.01789	0.01084	0.00954	0.06215	0.01804	0.02684	0.02194	0.18067	0.02199	0.01086	0.00719	0.00178	0.00591	0.00930	0.00569	0.53198
21	0.03036	0.02249	0.02408	0.01857	0.02498	0.02494	0.01531	0.61024	0.06586	0.05036	0.02010	0.01997	0.01430	0.00980	0.00812	0.00245	0.00882	0.00739	0.00812	0.01376
22	0.00979	0.00742	0.00905	0.01035	0.01152	0.00667	0.00711	0.01141	0.01645	0.02108	0.05626	0.51523	0.24053	0.02392	0.01012	0.00312	0.00452	0.02124	0.00753	0.00667
23	0.01159	0.00869	0.01304	0.01304	0.01449	0.01014	0.01014	0.01449	0.01304	0.01884	0.02173	0.03188	0.02029	0.06086	0.68268	0.01304	0.02173	0.00869	0.00435	0.00724
24	0.02969	0.03237	0.02520	0.02113	0.02634	0.42467	0.05964	0.22568	0.02758	0.03032	0.01504	0.01670	0.01166	0.00870	0.00773	0.00225	0.01274	0.00620	0.00544	0.01092
25	0.01951	0.02089	0.04216	0.04017	0.28042	0.02005	0.40132	0.02557	0.01889	0.02619	0.01597	0.02120	0.01252	0.00699	0.00899	0.00261	0.01213	0.00868	0.00407	0.01167
26	0.02216	0.13598	0.41380	0.01956	0.02935	0.01908	0.02302	0.02898	0.01857	0.18719	0.01847	0.01916	0.01277	0.00818	0.00745	0.00243	0.01021	0.00629	0.00510	0.01221
27	0.02008	0.01928	0.03294	0.04981	0.66422	0.01928	0.02490	0.02490	0.01848	0.02651	0.01526	0.02008	0.01285	0.00723	0.00803	0.00241	0.00964	0.00723	0.00402	0.01285
28	0.01159	0.00869	0.01304	0.01304	0.01449	0.01014	0.01014	0.01449	0.01304	0.01884	0.02173	0.03188	0.02029	0.06086	0.68268	0.01304	0.02173	0.00869	0.00435	0.00724
29	0.01323	0.01064	0.01433	0.01343	0.01393	0.01293	0.00995	0.01468	0.01239	0.01776	0.02049	0.03688	0.02157	0.31300	0.25837	0.00856	0.18722	0.00955	0.00438	0.00672
30	0.02017	0.01764	0.01999	0.02027	0.09359	0.02008	0.01420	0.04106	0.57843	0.03311	0.03102	0.02913	0.02343	0.01058	0.00823	0.00271	0.00678	0.00895	0.00778	0.01284
31	0.01915	0.02189	0.04788	0.03420	0.04241	0.02052	0.63475	0.02599	0.01915	0.02599	0.01642	0.02189	0.01231	0.00684	0.00958	0.00274	0.01368	0.00958	0.00410	0.01094
32	0.02008	0.01928	0.03294	0.04981	0.66422	0.01928	0.02490	0.02490	0.01848	0.02651	0.01526	0.02008	0.01285	0.00723	0.00803	0.00241	0.00964	0.00723	0.00402	0.01285
33	0.01915	0.02189	0.04788	0.03420	0.04241	0.02052	0.63475	0.02599	0.01915	0.02599	0.01642	0.02189	0.01231	0.00684	0.00958	0.00274	0.01368	0.00958	0.00410	0.01094
34	0.03031	0.03867	0.02299	0.02090	0.02508	0.68226	0.01568	0.03240	0.02299	0.01986	0.01254	0.01463	0.01045	0.00836	0.00732	0.00209	0.01463	0.00523	0.00418	0.00941
35	0.02087	0.66193	0.04012	0.01382	0.02031	0.03032	0.01358	0.02350	0.01621	0.01907	0.01213	0.01455	0.01122	0.01132	0.06026	0.00265	0.00974	0.00469	0.00354	0.01016
36	0.02221	0.02060	0.05596	0.02829	0.23410	0.06067	0.01815	0.22208	0.02419	0.03263	0.02091	0.13163	0.01938	0.01160	0.00970	0.00263	0.05814	0.00964	0.00587	0.01160
37	0.01179	0.00792	0.00911	0.00911	0.00920	0.00801	0.00524	0.01197	0.01188	0.01593	0.02533	0.05178	0.02893	0.67422	0.08113	0.00819	0.00873	0.01161	0.00488	0.00506
38	0.01159	0.00869	0.01304	0.01304	0.01449	0.01014	0.01014	0.01449	0.01304	0.01884	0.02173	0.03188	0.02029	0.06086	0.68268	0.01304	0.02173	0.00869	0.00435	0.00724
39	0.02368	0.41854	0.09355	0.01720	0.02347	0.23044	0.01607	0.02672	0.01837	0.01995	0.01194	0.01409	0.01042	0.00776	0.00699	0.00200	0.04005	0.00488	0.00369	0.01018
40	0.00959	0.00822	0.00822	0.00822	0.01096	0.00685	0.00617	0.01165	0.01850	0.02192	0.08220	0.07809	0.66092	0.02055	0.00959	0.00274	0.00411	0.01713	0.00754	0.00685
41	0.02002	0.01947	0.03400	0.04869	0.61998	0.01937	0.06829	0.02498	0.01852	0.02647	0.01534	0.02021	0.01281	0.00720	0.00814	0.00243	0.00993	0.00740	0.00402	0.01272
42	0.01794	0.01709	0.02906	0.34104	0.38977	0.01871	0.02383	0.02302	0.01746	0.02390	0.01488	0.02078	0.01193	0.00763	0.00807	0.00254	0.01017	0.00722	0.00383	0.01112
43	0.01180	0.00787	0.00885	0.00885	0.00885	0.00787	0.00492	0.01180	0.01180	0.01573	0.02557	0.05310	0.02950	0.71483	0.04130	0.00787	0.00787	0.01180	0.00492	0.00492
44	0.01308	0.00934	0.01308	0.01494	0.01681	0.00934	0.01308	0.01681	0.01868	0.02428	0.04296	0.09153	0.04670	0.02242	0.01121	0.00374	0.00747	0.60960	0.00747	0.00747
45	0.01513	0.00756	0.00756	0.00756	0.00945	0.00756	0.00567	0.01891	0.01702	0.03025	0.02647	0.03025	0.02080	0.00945	0.00567	0.00189	0.00378	0.00756	0.75988	0.00756
46	0.00987	0.00713	0.00934	0.01111	0.01172	0.00661	0.00745	0.01132	0.01572	0.02079	0.04705	0.67033	0.09138	0.02512	0.01031	0.00326	0.00467	0.02270	0.00753	0.00661
47	0.77215	0.01569	0.01193	0.01067	0.01569	0.01820	0.00879	0.02385	0.01381	0.03641	0.01130	0.01318	0.00879	0.00753	0.00502	0.00251	0.00628	0.00439	0.00502	0.00879
48	0.06656	0.02310	0.02369	0.01838	0.02470	0.05420	0.01511	0.58057	0.03630	0.04903	0.01878	0.01896	0.01341	0.00957	0.00793	0.00242	0.00906	0.00707	0.00779	0.01336
49	0.01878	0.01563	0.01709	0.01565	0.01969	0.01763	0.01234	0.06327	0.47371	0.03345	0.11119	0.04043	0.03316	0.01293	0.00874	0.00282	0.00633	0.07726	0.00825	0.01164
50	0.01004	0.00824	0.00884	0.00869	0.01123	0.00704	0.00652	0.01251	0.01955	0.02443	0.21869	0.07396	0.52286	0.01961	0.00959	0.00270	0.00404	0.01655	0.00787	0.00704
51	0.02385	0.02555	0.02287	0.15507	0.07682	0.28611	0.01643	0.09749	0.02181	0.02552	0.01431	0.01744	0.01141	0.00790	0.00735	0.00209	0.01106	0.00592	0.00464	0.16632
52	0.02169	0.71972	0.04252	0.01388	0.02083	0.03211	0.01388	0.02430	0.01649	0.01909	0.01128	0.01302	0.01041	0.00694	0.00521	0.00174	0.00868	0.00434	0.00347	0.01041
53	0.02648	0.22617	0.02880	0.01880	0.02346	0.37063	0.01539	0.07733	0.02116	0.02212	0.01253	0.01493	0.01073	0.00875	0.00903	0.00219	0.09192	0.00536	0.00423	0.00998
54	0.02885	0.32126	0.02911	0.01434	0.02079	0.02130	0.01284	0.03316	0.06486	0.34141	0.02306	0.02145	0.01621	0.00876	0.00688	0.00219	0.00764	0.00657	0.00706	0.01226
55	0.02301	0.02532	0.02765	0.03413	0.32428	0.25467	0.04809	0.02762	0.04704	0.02464	0.04723	0.02334	0.01684	0.00881	0.00805	0.00238	0.01111	0.03009	0.00463	0.01108
56	0.01128	0.00828	0.01185	0.01222	0.01331	0.00918	0.00903	0.01355	0.01340	0.01886	0.02674	0.16906	0.02796	0.12752	0.47666	0.01052	0.01678	0.01190	0.00504	0.00685

[dist]
# distance from previous block
# <min> <max>
0	1

[block]
# block no. 1 follows, 23 sequences, length 79
# corresponding to MSA columns:
# 58-136
name=unknown_B
#
# <colnr> <probs for GDERKNQSTAVLIFYWHMCP>
#	G	D	E	R	K	N	Q	S	T	A	V	L	I	F	Y	W	H	M	C	P
0	0.02204	0.58404	0.10393	0.01528	0.02268	0.03010	0.01565	0.08400	0.01866	0.02287	0.01241	0.01406	0.01073	0.00729	0.00574	0.00189	0.00903	0.00479	0.00392	0.01090
1	0.01118	0.00823	0.01051	0.01037	0.01225	0.00756	0.00781	0.01453	0.02136	0.02943	0.48273	0.13019	0.14775	0.01837	0.00976	0.00273	0.00419	0.05508	0.00851	0.00743
2	0.02320	0.55242	0.06956	0.01526	0.02236	0.03012	0.01496	0.14259	0.02070	0.02559	0.01302	0.01446	0.01106	0.00752	0.00589	0.00191	0.00889	0.00499	0.00437	0.01114
3	0.01693	0.01568	0.02561	0.08655	0.39549	0.01647	0.01969	0.02066	0.01702	0.02398	0.02224	0.19442	0.02283	0.01252	0.01029	0.00276	0.07017	0.01122	0.00483	0.01062
4	0.00970	0.00778	0.00867	0.00938	0.01126	0.00675	0.00668	0.01151	0.01738	0.02147	0.06812	0.31526	0.43284	0.02238	0.00988	0.00295	0.00433	0.01936	0.00753	0.00675
5	0.00992	0.00728	0.00932	0.01082	0.01167	0.00668	0.00735	0.01154	0.01631	0.02146	0.08019	0.59027	0.13878	0.02431	0.01021	0.00318	0.00458	0.02183	0.00760	0.00668
6	0.02128	0.15748	0.02768	0.02705	0.22906	0.15078	0.01703	0.02776	0.12090	0.02443	0.02165	0.05809	0.03887	0.00997	0.00768	0.00238	0.00940	0.03247	0.00506	0.01097
7	0.01763	0.14484	0.38275	0.08918	0.03629	0.02124	0.14776	0.02505	0.01734	0.02421	0.01439	0.01786	0.01076	0.00745	0.00772	0.00248	0.01168	0.00656	0.00359	0.01124
8	0.77215	0.01569	0.01193	0.01067	0.01569	0.01820	0.00879	0.02385	0.01381	0.03641	0.01130	0.01318	0.00879	0.00753	0.00502	0.00251	0.00628	0.00439	0.00502	0.00879
9	0.02427	0.19422	0.11979	0.01965	0.02490	0.32976	0.01762	0.02747	0.01893	0.02045	0.01223	0.01512	0.01045	0.00889	0.01003	0.00231	0.12475	0.00543	0.00381	0.00992
10	0.01887	0.01783	0.03020	0.13892	0.52856	0.01835	0.02367	0.02370	0.01817	0.02552	0.01725	0.02573	0.01513	0.00851	0.00829	0.00255	0.00964	0.05298	0.00422	0.01190
11	0.02008	0.01928	0.03294	0.04981	0.66422	0.01928	0.02490	0.02490	0.01848	0.02651	0.01526	0.02008	0.01285	0.00723	0.00803	0.00241	0.00964	0.00723	0.00402	0.01285
12	0.01513	0.00756	0.00756	0.00756	0.00945	0.00756	0.00567	0.01891	0.01702	0.03025	0.02647	0.03025	0.02080	0.00945	0.00567	0.00189	0.00378	0.00756	0.75988	0.00756
13	0.02003	0.02117	0.02738	0.09508	0.21503	0.14698	0.08045	0.02354	0.01726	0.02209	0.01495	0.02195	0.01331	0.06502	0.04455	0.00352	0.14623	0.00746	0.00401	0.00999
14	0.02065	0.23004	0.19103	0.02997	0.25975	0.08935	0.02202	0.02567	0.01802	0.02349	0.01366	0.01676	0.01128	0.00738	0.00706	0.00222	0.01044	0.00589	0.00373	0.01159
15	0.01644	0.01379	0.01497	0.01381	0.01741	0.01512	0.01059	0.03154	0.40369	0.03132	0.16660	0.07382	0.12874	0.01416	0.00881	0.00273	0.00549	0.01206	0.00826	0.01065
16	0.00984	0.00723	0.00924	0.01086	0.01165	0.00663	0.00734	0.01135	0.01596	0.02089	0.05011	0.61881	0.14092	0.02472	0.01025	0.00322	0.00462	0.02221	0.00753	0.00663
17	0.02233	0.01908	0.02434	0.02949	0.27084	0.05910	0.01760	0.03505	0.30590	0.09201	0.02480	0.02511	0.01882	0.00929	0.00810	0.00256	0.00821	0.00808	0.00654	0.01273
18	0.01837	0.30443	0.42871	0.01955	0.02958	0.02398	0.02375	0.02515	0.01688	0.02314	0.01329	0.01554	0.01033	0.00741	0.00674	0.00225	0.01071	0.00535	0.00344	0.01138
19	0.02825	0.02144	0.02289	0.01814	0.02417	0.02395	0.01479	0.49247	0.18707	0.04695	0.02278	0.02211	0.01647	0.01005	0.00815	0.00251	0.00832	0.00776	0.00815	0.01357
20	0.01177	0.00799	0.00946	0.00946	0.00967	0.00820	0.00568	0.01219	0.01198	0.01618	0.02501	0.05002	0.02816	0.61987	0.13443	0.00862	0.00988	0.01135	0.00483	0.00525
21	0.02157	0.02271	0.03083	0.10620	0.45243	0.14857	0.05029	0.02601	0.01917	0.02463	0.01470	0.01925	0.01216	0.00752	0.00797	0.00239	0.01091	0.00694	0.00401	0.01172
22	0.01087	0.00815	0.01008	0.00984	0.01181	0.00736	0.00729	0.01404	0.02116	0.02883	0.46084	0.12982	0.21327	0.01842	0.00965	0.00267	0.00398	0.01610	0.00846	0.00736
23	0.01257	0.01680	0.15373	0.01608	0.02070	0.01122	0.09768	0.01677	0.01773	0.02383	0.09843	0.26178	0.18563	0.01721	0.00944	0.00287	0.00724	0.01547	0.00633	0.00848
24	0.77215	0.01569	0.01193	0.01067	0.01569	0.01820	0.00879	0.02385	0.01381	0.03641	0.01130	0.01318	0.00879	0.00753	0.00502	0.00251	0.00628	0.00439	0.00502	0.00879
25	0.01160	0.00865	0.01282	0.01282	0.01420	0.01002	0.00987	0.01435	0.01298	0.01867	0.02193	0.03298	0.02077	0.09496	0.64923	0.01277	0.02101	0.00886	0.00438	0.00712
26	0.02008	0.01928	0.03294	0.04981	0.66422	0.01928	0.02490	0.02490	0.01848	0.02651	0.01526	0.02008	0.01285	0.00723	0.00803	0.00241	0.00964	0.00723	0.00402	0.01285
27	0.01159	0.00869	0.01304	0.01304	0.01449	0.01014	0.01014	0.01449	0.01304	0.01884	0.02173	0.03188	0.02029	0.06086	0.68268	0.01304	0.02173	0.00869	0.00435	0.00724
28	0.02267	0.01606	0.01466	0.01274	0.01641	0.10896	0.00996	0.14378	0.05370	0.09514	0.02398	0.02567	0.01808	0.00949	0.00675	0.00213	0.00677	0.00731	0.39584	0.00990
29	0.01912	0.01651	0.01733	0.01568	0.02008	0.01885	0.01217	0.03996	0.58630	0.03274	0.03796	0.03507	0.08854	0.01197	0.00839	0.00275	0.00619	0.00997	0.00818	0.01224
30	0.02078	0.01773	0.01868	0.01663	0.02133	0.02046	0.01299	0.07617	0.61554	0.03490	0.03227	0.02967	0.02416	0.01094	0.00825	0.00273	0.00656	0.00907	0.00825	0.01290
31	0.03031	0.03867	0.02299	0.02090	0.02508	0.68226	0.01568	0.03240	0.02299	0.01986	0.01254	0.01463	0.01045	0.00836	0.00732	0.00209	0.01463	0.00523	0.00418	0.00941
32	0.03031	0.03867	0.02299	0.02090	0.02508	0.68226	0.01568	0.03240	0.02299	0.01986	0.01254	0.01463	0.01045	0.00836	0.00732	0.00209	0.01463	0.00523	0.00418	0.00941
33	0.02907	0.09994	0.02497	0.01946	0.02448	0.42737	0.01529	0.17683	0.05866	0.02800	0.01515	0.01645	0.01200	0.00869	0.00735	0.00217	0.01226	0.00584	0.00527	0.01073
34	0.02169	0.71972	0.04252	0.01388	0.02083	0.03211	0.01388	0.02430	0.01649	0.01909	0.01128	0.01302	0.01041	0.00694	0.00521	0.00174	0.00868	0.00434	0.00347	0.01041
35	0.03031	0.03867	0.02299	0.02090	0.02508	0.68226	0.01568	0.03240	0.02299	0.01986	0.01254	0.01463	0.01045	0.00836	0.00732	0.00209	0.01463	0.00523	0.00418	0.00941
36	0.01192	0.00859	0.01007	0.00966	0.01221	0.00756	0.00739	0.01484	0.02059	0.06018	0.31536	0.06887	0.35985	0.01846	0.00958	0.00270	0.00429	0.04208	0.00824	0.00757
37	0.01986	0.01867	0.03049	0.13596	0.48273	0.01996	0.02336	0.06089	0.01881	0.02657	0.01499	0.02006	0.01243	0.00813	0.00971	0.00255	0.07145	0.00722	0.00417	0.01202
38	0.01179	0.00792	0.00910	0.00910	0.00919	0.00800	0.00523	0.01196	0.01188	0.01592	0.02533	0.05182	0.02894	0.67525	0.08012	0.00818	0.00871	0.01161	0.00488	0.00506
39	0.02698	0.01505	0.01774	0.01466	0.01993	0.01514	0.01177	0.09038	0.22960	0.31882	0.03796	0.03453	0.10704	0.01174	0.00838	0.00261	0.00655	0.00962	0.00895	0.01256
40	0.02058	0.02022	0.03245	0.04840	0.63324	0.05141	0.02446	0.02527	0.01870	0.02619	0.01513	0.01982	0.01274	0.00728	0.00800	0.00239	0.00988	0.00713	0.00402	0.01269
41	0.00989	0.00706	0.00942	0.01130	0.01177	0.00659	0.00753	0.01130	0.01554	0.02071	0.04472	0.70954	0.05367	0.02542	0.01036	0.00330	0.00471	0.02307	0.00753	0.00659
42	0.01180	0.00787	0.00885	0.00885	0.00885	0.00787	0.00492	0.01180	0.01180	0.01573	0.02557	0.05310	0.02950	0.71483	0.04130	0.00787	0.00787	0.01180	0.00492	0.00492
43	0.01697	0.01613	0.01817	0.01634	0.01819	0.11471	0.03479	0.05069	0.01575	0.02060	0.01836	0.02863	0.01762	0.13874	0.28929	0.00774	0.15655	0.00828	0.00443	0.00802
44	0.02169	0.71972	0.04252	0.01388	0.02083	0.03211	0.01388	0.02430	0.01649	0.01909	0.01128	0.01302	0.01041	0.00694	0.00521	0.00174	0.00868	0.00434	0.00347	0.01041
45	0.02601	0.03151	0.02363	0.02104	0.02379	0.45719	0.01639	0.02799	0.01938	0.01975	0.01190	0.01570	0.01052	0.01036	0.01393	0.00259	0.24927	0.00587	0.00397	0.00923
46	0.01159	0.00869	0.01304	0.01304	0.01449	0.01014	0.01014	0.01449	0.01304	0.01884	0.02173	0.03188	0.02029	0.06086	0.68268	0.01304	0.02173	0.00869	0.00435	0.00724
47	0.03020	0.01968	0.02208	0.01716	0.02310	0.02112	0.01405	0.46369	0.03291	0.16933	0.02230	0.02307	0.01600	0.04131	0.04269	0.00320	0.00912	0.00773	0.00818	0.01311
48	0.03031	0.03867	0.02299	0.02090	0.02508	0.68226	0.01568	0.03240	0.02299	0.01986	0.01254	0.01463	0.01045	0.00836	0.00732	0.00209	0.01463	0.00523	0.00418	0.00941
49	0.01031	0.00733	0.00974	0.01150	0.01208	0.00694	0.00791	0.01186	0.01561	0.02076	0.04339	0.60975	0.05153	0.06685	0.01231	0.00361	0.00517	0.07939	0.00737	0.00658
50	0.01180	0.00787	0.00885	0.00885	0.00885	0.00787	0.00492	0.01180	0.01180	0.01573	0.02557	0.05310	0.02950	0.71483	0.04130	0.00787	0.00787	0.01180	0.00492	0.00492
51	0.01159	0.00869	0.01304	0.01304	0.01449	0.01014	0.01014	0.01449	0.01304	0.01884	0.02173	0.03188	0.02029	0.06086	0.68268	0.01304	0.02173	0.00869	0.00435	0.00724
52	0.01513	0.00756	0.00756	0.00756	0.00945	0.00756	0.00567	0.01891	0.01702	0.03025	0.02647	0.03025	0.02080	0.00945	0.00567	0.00189	0.00378	0.00756	0.75988	0.00756
53	0.01308	0.00934	0.01308	0.01494	0.01681	0.00934	0.01308	0.01681	0.01868	0.02428	0.04296	0.09153	0.04670	0.02242	0.01121	0.00374	0.00747	0.60960	0.00747	0.00747
54	0.01775	0.01775	0.02485	0.02130	0.02130	0.02485	0.01775	0.01953	0.01243	0.01953	0.01065	0.01775	0.01065	0.01420	0.02663	0.00355	0.69998	0.00710	0.00355	0.00888
55	0.00989	0.00706	0.00942	0.01130	0.01177	0.00659	0.00753	0.01130	0.01554	0.02071	0.04472	0.70954	0.05367	0.02542	0.01036	0.00330	0.00471	0.02307	0.00753	0.00659
56	0.01673	0.01625	0.02290	0.01994	0.02018	0.02242	0.01649	0.01869	0.01253	0.01941	0.01249	0.02009	0.01225	0.02193	0.13523	0.00512	0.58771	0.00736	0.00368	0.00861
57	0.10241	0.03644	0.02192	0.01991	0.02417	0.61772	0.01501	0.03157	0.02210	0.02147	0.01242	0.01449	0.01029	0.00828	0.00709	0.00213	0.01382	0.00515	0.00426	0.00935
58	0.02169	0.71972	0.04252	0.01388	0.02083	0.03211	0.01388	0.02430	0.01649	0.01909	0.01128	0.01302	0.01041	0.00694	0.00521	0.00174	0.00868	0.00434	0.00347	0.01041
59	0.02456	0.58198	0.03790	0.01399	0.02080	0.02817	0.01350	0.02727	0.01780	0.14606	0.01533	0.01587	0.01230	0.00755	0.00578	0.00189	0.00833	0.00508	0.00475	0.01108
60	0.01933	0.01851	0.03158	0.15161	0.56828	0.01908	0.02453	0.02424	0.01812	0.02560	0.01513	0.02033	0.01253	0.00737	0.00805	0.00246	0.00983	0.00723	0.00395	0.01225
61	0.02008	0.01928	0.03294	0.04981	0.66422	0.01928	0.02490	0.02490	0.01848	0.02651	0.01526	0.02008	0.01285	0.00723	0.00803	0.00241	0.00964	0.00723	0.00402	0.01285
62	0.01513	0.00756	0.00756	0.00756	0.00945	0.00756	0.00567	0.01891	0.01702	0.03025	0.02647	0.03025	0.02080	0.00945	0.00567	0.00189	0.00378	0.00756	0.75988	0.00756
63	0.03031	0.03867	0.02299	0.02090	0.02508	0.68226	0.01568	0.03240	0.02299	0.01986	0.01254	0.01463	0.01045	0.00836	0.00732	0.00209	0.01463	0.00523	0.00418	0.00941
64	0.03007	0.02227	0.02393	0.01830	0.02483	0.02437	0.01510	0.60285	0.03696	0.04976	0.01920	0.01933	0.01370	0.00953	0.00800	0.00237	0.00877	0.00717	0.00793	0.05556
65	0.00989	0.00706	0.00942	0.01130	0.01177	0.00659	0.00753	0.01130	0.01554	0.02071	0.04472	0.70954	0.05367	0.02542	0.01036	0.00330	0.00471	0.02307	0.00753	0.00659
66	0.01180	0.00787	0.00885	0.00885	0.00885	0.00787	0.00492	0.01180	0.01180	0.01573	0.02557	0.05310	0.02950	0.71483	0.04130	0.00787	0.00787	0.01180	0.00492	0.00492
67	0.01962	0.01881	0.03210	0.11254	0.60510	0.01916	0.02467	0.02450	0.01826	0.02595	0.01518	0.02023	0.01266	0.00732	0.00804	0.00244	0.00975	0.00723	0.00398	0.01248
68	0.02029	0.02198	0.02448	0.02122	0.02207	0.15767	0.01733	0.02213	0.01456	0.01959	0.01103	0.01712	0.01061	0.01302	0.02273	0.00326	0.56152	0.00672	0.00368	0.00898
69	0.01180	0.00787	0.00885	0.00885	0.00885	0.00787	0.00492	0.01180	0.01180	0.01573	0.02557	0.05310	0.02950	0.71483	0.04130	0.00787	0.00787	0.01180	0.00492	0.00492
70	0.01160	0.00865	0.01283	0.01283	0.01421	0.01003	0.00989	0.01436	0.01298	0.01868	0.02192	0.03292	0.02074	0.09304	0.65111	0.01279	0.02105	0.00885	0.00437	0.00713
71	0.01746	0.03795	0.52302	0.02516	0.03607	0.04900	0.14600	0.02606	0.01778	0.02549	0.01483	0.01794	0.01068	0.00757	0.00805	0.00258	0.01244	0.00665	0.00359	0.01167
72	0.02175	0.01716	0.01902	0.01775	0.04881	0.01934	0.01327	0.04198	0.56146	0.09542	0.03216	0.02958	0.02380	0.01075	0.00824	0.00271	0.00661	0.00899	0.00825	0.01294
73	0.00977	0.00823	0.00848	0.00841	0.01107	0.00693	0.00631	0.01200	0.01893	0.02295	0.13835	0.07639	0.60413	0.02017	0.00959	0.00272	0.00408	0.01689	0.00767	0.00693
74	0.10094	0.03062	0.02203	0.01926	0.02366	0.40638	0.01495	0.14291	0.06202	0.02807	0.01480	0.01657	0.01179	0.00914	0.00877	0.00235	0.06433	0.00591	0.00519	0.01033
75	0.01551	0.01455	0.01889	0.04945	0.08245	0.08589	0.04086	0.01876	0.01520	0.02046	0.01865	0.02656	0.01685	0.04035	0.41989	0.00889	0.05363	0.00790	0.00423	0.04102
76	0.12219	0.48289	0.03661	0.01581	0.02244	0.05942	0.07352	0.02572	0.01711	0.06148	0.01310	0.01486	0.01097	0.00727	0.00589	0.00200	0.00903	0.00513	0.00417	0.01041
77	0.02001	0.02228	0.08181	0.03141	0.18885	0.05205	0.22592	0.03102	0.20328	0.02812	0.02066	0.02318	0.01584	0.00829	0.00856	0.00262	0.01048	0.00839	0.00525	0.01198
78	0.01254	0.01036	0.01238	0.07693	0.01776	0.00954	0.00940	0.04214	0.01880	0.02427	0.07976	0.12473	0.34079	0.01717	0.00905	0.00262	0.00556	0.05940	0.00683	0.11999

[dist]
# distance from previous block
# <min> <max>
0	6

# created by:
# /home/cegg/simao/soft/augustus-3.2.1/scripts/msa2prfl.pl ./align_prep/13218.fa
