[name]
unknown

[dist]
# distance from previous block
# <min> <max>
9	14

[block]
# block no. 0 follows, 23 sequences, length 47
# corresponding to MSA columns:
# 14-60
name=unknown_A
#
# <colnr> <probs for GDERKNQSTAVLIFYWHMCP>
#	G	D	E	R	K	N	Q	S	T	A	V	L	I	F	Y	W	H	M	C	P
0	0.01018	0.00722	0.00949	0.01107	0.01152	0.00689	0.00732	0.01149	0.01499	0.02004	0.04150	0.60339	0.04942	0.11008	0.04076	0.00423	0.00576	0.02114	0.00709	0.00641
1	0.01104	0.00757	0.00917	0.00987	0.01015	0.00736	0.00607	0.01177	0.01380	0.01849	0.06373	0.30942	0.04120	0.41224	0.02770	0.00583	0.00644	0.01633	0.00613	0.00570
2	0.01177	0.00897	0.01046	0.01050	0.01244	0.00851	0.00756	0.04323	0.04760	0.02560	0.20182	0.24961	0.23835	0.07130	0.01202	0.00322	0.00482	0.01704	0.00774	0.00742
3	0.01424	0.00852	0.01116	0.01156	0.01343	0.00776	0.00847	0.01650	0.01828	0.11877	0.13529	0.40440	0.11414	0.02115	0.00990	0.00305	0.00505	0.06233	0.00810	0.00790
4	0.01182	0.00743	0.00899	0.00992	0.01078	0.00728	0.00672	0.01378	0.01523	0.02260	0.03506	0.36888	0.03836	0.13218	0.05170	0.00416	0.00590	0.01594	0.22665	0.00665
5	0.01014	0.00717	0.00934	0.01098	0.01139	0.00676	0.00719	0.01136	0.01505	0.02006	0.04222	0.62366	0.05051	0.11561	0.01440	0.00389	0.00512	0.02159	0.00719	0.00637
6	0.02708	0.02995	0.02282	0.04552	0.08061	0.40031	0.01579	0.15645	0.02513	0.02723	0.02077	0.02226	0.07177	0.00968	0.00779	0.00227	0.01189	0.00701	0.00528	0.01038
7	0.01659	0.01136	0.01389	0.01268	0.01526	0.01259	0.00993	0.14788	0.01934	0.02850	0.02261	0.02963	0.01939	0.06172	0.34236	0.00775	0.01391	0.00823	0.19775	0.00863
8	0.02011	0.01533	0.01678	0.01457	0.01818	0.01679	0.01107	0.22371	0.20124	0.03433	0.08301	0.10486	0.02970	0.15524	0.01524	0.00373	0.00712	0.01103	0.00752	0.01044
9	0.01805	0.01857	0.01588	0.01498	0.01747	0.22789	0.01130	0.02050	0.01648	0.01965	0.01892	0.02739	0.01754	0.09651	0.35248	0.00810	0.01686	0.00762	0.03132	0.04250
10	0.01148	0.00829	0.01085	0.01021	0.01212	0.00766	0.00766	0.01531	0.02297	0.03254	0.65994	0.06061	0.07656	0.01659	0.00957	0.00255	0.00383	0.01467	0.00893	0.00766
11	0.01935	0.02082	0.03976	0.12028	0.22217	0.04382	0.36104	0.02526	0.01873	0.02527	0.01570	0.02107	0.01221	0.00717	0.00887	0.00261	0.01220	0.00845	0.00402	0.01120
12	0.24947	0.01501	0.01723	0.01366	0.01959	0.01472	0.01127	0.07910	0.02159	0.44039	0.02508	0.02283	0.01634	0.00929	0.00725	0.00251	0.00687	0.00700	0.00844	0.01235
13	0.03641	0.01381	0.01883	0.01444	0.02071	0.01193	0.01193	0.03954	0.02322	0.66984	0.03201	0.02762	0.02009	0.01004	0.00816	0.00251	0.00690	0.00816	0.01004	0.01381
14	0.01160	0.00865	0.01280	0.01280	0.01417	0.01001	0.00984	0.01434	0.01297	0.01866	0.02195	0.03309	0.02081	0.09812	0.64613	0.01275	0.02094	0.00887	0.00438	0.00711
15	0.01180	0.00787	0.00885	0.00885	0.00885	0.00787	0.00492	0.01180	0.01180	0.01573	0.02557	0.05310	0.02950	0.71483	0.04130	0.00787	0.00787	0.01180	0.00492	0.00492
16	0.01164	0.00849	0.01200	0.01200	0.01308	0.00957	0.00884	0.01382	0.01273	0.01806	0.02269	0.03717	0.02258	0.22402	0.52266	0.01175	0.01827	0.00947	0.00449	0.00666
17	0.01148	0.00829	0.01085	0.01021	0.01212	0.00766	0.00766	0.01531	0.02297	0.03254	0.65994	0.06061	0.07656	0.01659	0.00957	0.00255	0.00383	0.01467	0.00893	0.00766
18	0.02084	0.02071	0.03220	0.04767	0.61705	0.06821	0.02422	0.02546	0.01881	0.02602	0.01506	0.01968	0.01268	0.00731	0.00798	0.00239	0.01001	0.00708	0.00403	0.01260
19	0.01627	0.04197	0.67279	0.02313	0.03512	0.01884	0.02998	0.02570	0.01713	0.02570	0.01456	0.01713	0.01028	0.00771	0.00771	0.00257	0.01199	0.00600	0.00343	0.01199
20	0.77215	0.01569	0.01193	0.01067	0.01569	0.01820	0.00879	0.02385	0.01381	0.03641	0.01130	0.01318	0.00879	0.00753	0.00502	0.00251	0.00628	0.00439	0.00502	0.00879
21	0.01465	0.00940	0.01217	0.01130	0.01376	0.00886	0.00866	0.01937	0.05814	0.09985	0.49765	0.08799	0.06502	0.01628	0.00946	0.00265	0.00452	0.04285	0.00887	0.00855
22	0.01884	0.36273	0.37450	0.01875	0.02835	0.02512	0.02236	0.02503	0.01683	0.02257	0.01301	0.01518	0.01034	0.00735	0.00652	0.00217	0.01042	0.00521	0.00345	0.01124
23	0.02008	0.01928	0.03294	0.04981	0.66422	0.01928	0.02490	0.02490	0.01848	0.02651	0.01526	0.02008	0.01285	0.00723	0.00803	0.00241	0.00964	0.00723	0.00402	0.01285
24	0.01513	0.00756	0.00756	0.00756	0.00945	0.00756	0.00567	0.01891	0.01702	0.03025	0.02647	0.03025	0.02080	0.00945	0.00567	0.00189	0.00378	0.00756	0.75988	0.00756
25	0.01180	0.00787	0.00885	0.00885	0.00885	0.00787	0.00492	0.01180	0.01180	0.01573	0.02557	0.05310	0.02950	0.71483	0.04130	0.00787	0.00787	0.01180	0.00492	0.00492
26	0.01148	0.00829	0.01085	0.01021	0.01212	0.00766	0.00766	0.01531	0.02297	0.03254	0.65994	0.06061	0.07656	0.01659	0.00957	0.00255	0.00383	0.01467	0.00893	0.00766
27	0.01627	0.04197	0.67279	0.02313	0.03512	0.01884	0.02998	0.02570	0.01713	0.02570	0.01456	0.01713	0.01028	0.00771	0.00771	0.00257	0.01199	0.00600	0.00343	0.01199
28	0.03024	0.02504	0.02384	0.01892	0.02495	0.13086	0.01534	0.51054	0.06568	0.04525	0.01903	0.01923	0.01380	0.00958	0.00799	0.00240	0.00973	0.00706	0.00749	0.01304
29	0.01365	0.00877	0.01154	0.01058	0.01287	0.00803	0.00803	0.01741	0.02299	0.08782	0.60547	0.05775	0.07166	0.01602	0.00945	0.00255	0.00409	0.01411	0.00903	0.00819
30	0.03255	0.01459	0.01870	0.01479	0.02063	0.01369	0.01206	0.07256	0.11665	0.51180	0.06027	0.02907	0.02302	0.01047	0.00824	0.00254	0.00681	0.00856	0.00962	0.01338
31	0.08259	0.02595	0.02528	0.02686	0.19126	0.21420	0.01748	0.25620	0.02681	0.03453	0.01576	0.01776	0.01221	0.00852	0.00763	0.00233	0.01058	0.00647	0.00567	0.01191
32	0.03038	0.03660	0.02317	0.02061	0.02510	0.59682	0.01564	0.11103	0.02497	0.02393	0.01344	0.01526	0.01089	0.00854	0.00742	0.00214	0.01389	0.00550	0.00469	0.00998
33	0.01126	0.00829	0.01053	0.00997	0.01198	0.00756	0.00748	0.01487	0.02243	0.03126	0.59017	0.06272	0.14713	0.01707	0.00957	0.00257	0.00386	0.01497	0.00876	0.00756
34	0.01073	0.00826	0.00981	0.00942	0.01166	0.00734	0.00707	0.01386	0.02120	0.02834	0.43128	0.06753	0.30784	0.01816	0.00958	0.00263	0.00394	0.01564	0.00838	0.00734
35	0.00961	0.00816	0.00828	0.00838	0.01100	0.00684	0.00623	0.01163	0.01834	0.02186	0.08030	0.11017	0.63008	0.02080	0.00963	0.00277	0.00414	0.01743	0.00753	0.00684
36	0.01791	0.01505	0.01639	0.01487	0.01876	0.01691	0.01149	0.03586	0.48599	0.03358	0.19668	0.03819	0.03829	0.01247	0.00860	0.00270	0.00574	0.01061	0.00843	0.01149
37	0.03342	0.01860	0.02180	0.01671	0.02311	0.01904	0.01381	0.36076	0.03125	0.33729	0.02528	0.02324	0.01671	0.00988	0.00814	0.00247	0.00799	0.00770	0.00901	0.01380
38	0.02625	0.02019	0.02161	0.01759	0.02315	0.02259	0.01418	0.40708	0.24293	0.04389	0.02525	0.05626	0.01941	0.01092	0.00827	0.00258	0.00788	0.00869	0.00814	0.01313
39	0.01159	0.00869	0.01304	0.01304	0.01449	0.01014	0.01014	0.01449	0.01304	0.01884	0.02173	0.03188	0.02029	0.06086	0.68268	0.01304	0.02173	0.00869	0.00435	0.00724
40	0.02169	0.71972	0.04252	0.01388	0.02083	0.03211	0.01388	0.02430	0.01649	0.01909	0.01128	0.01302	0.01041	0.00694	0.00521	0.00174	0.00868	0.00434	0.00347	0.01041
41	0.03031	0.03867	0.02299	0.02090	0.02508	0.68226	0.01568	0.03240	0.02299	0.01986	0.01254	0.01463	0.01045	0.00836	0.00732	0.00209	0.01463	0.00523	0.00418	0.00941
42	0.01164	0.00849	0.01201	0.01201	0.01311	0.00958	0.00886	0.01383	0.01274	0.01808	0.02267	0.03708	0.02255	0.22127	0.52536	0.01177	0.01833	0.00946	0.00449	0.00667
43	0.77215	0.01569	0.01193	0.01067	0.01569	0.01820	0.00879	0.02385	0.01381	0.03641	0.01130	0.01318	0.00879	0.00753	0.00502	0.00251	0.00628	0.00439	0.00502	0.00879
44	0.01402	0.00982	0.01207	0.01265	0.01438	0.00991	0.00899	0.04852	0.11538	0.06125	0.04095	0.53154	0.04532	0.02154	0.00980	0.00312	0.00531	0.01929	0.00782	0.00832
45	0.02005	0.01924	0.03238	0.04615	0.57829	0.01942	0.05311	0.02654	0.07354	0.02713	0.01687	0.02106	0.01387	0.00754	0.00813	0.00246	0.00955	0.00751	0.00439	0.01276
46	0.14067	0.25754	0.36114	0.01811	0.02733	0.02304	0.02132	0.02494	0.01638	0.02529	0.01297	0.01516	0.01008	0.00743	0.00646	0.00229	0.00999	0.00520	0.00370	0.01096

[dist]
# distance from previous block
# <min> <max>
5	20

[block]
# block no. 1 follows, 23 sequences, length 148
# corresponding to MSA columns:
# 81-228
name=unknown_B
#
# <colnr> <probs for GDERKNQSTAVLIFYWHMCP>
#	G	D	E	R	K	N	Q	S	T	A	V	L	I	F	Y	W	H	M	C	P
0	0.02813	0.03537	0.02148	0.01960	0.02359	0.60901	0.01470	0.03028	0.02266	0.02046	0.04042	0.02090	0.06047	0.00954	0.00756	0.00215	0.01348	0.00643	0.00459	0.00916
1	0.01093	0.00864	0.01029	0.01066	0.03595	0.00772	0.00741	0.01368	0.01990	0.02609	0.31629	0.06692	0.35001	0.06590	0.01169	0.00300	0.00446	0.01537	0.00780	0.00728
2	0.02008	0.01928	0.03294	0.04981	0.66422	0.01928	0.02490	0.02490	0.01848	0.02651	0.01526	0.02008	0.01285	0.00723	0.00803	0.00241	0.00964	0.00723	0.00402	0.01285
3	0.02398	0.53928	0.03735	0.01574	0.02195	0.20436	0.01436	0.02644	0.01821	0.01929	0.01162	0.01344	0.01042	0.00732	0.00577	0.00183	0.01026	0.00457	0.00366	0.01015
4	0.01878	0.02093	0.07032	0.08113	0.21599	0.01932	0.32053	0.02466	0.01824	0.02557	0.01551	0.02059	0.01218	0.00727	0.00927	0.00254	0.03567	0.00812	0.00405	0.06934
5	0.02398	0.02812	0.07790	0.02965	0.12383	0.22277	0.23790	0.10559	0.02251	0.02738	0.01533	0.01878	0.01187	0.00779	0.00835	0.00244	0.01267	0.00738	0.00458	0.01118
6	0.77215	0.01569	0.01193	0.01067	0.01569	0.01820	0.00879	0.02385	0.01381	0.03641	0.01130	0.01318	0.00879	0.00753	0.00502	0.00251	0.00628	0.00439	0.00502	0.00879
7	0.01684	0.01592	0.02585	0.27637	0.25957	0.01843	0.02092	0.02098	0.01628	0.02256	0.01732	0.09442	0.01612	0.01073	0.01156	0.00281	0.13017	0.00890	0.00416	0.01008
8	0.01139	0.00829	0.01071	0.01011	0.01206	0.00762	0.00758	0.01513	0.02274	0.03200	0.63085	0.06149	0.10599	0.01679	0.00957	0.00256	0.00384	0.01480	0.00886	0.00762
9	0.01025	0.00734	0.00974	0.01105	0.01185	0.00683	0.00756	0.01222	0.01724	0.02342	0.18561	0.56093	0.05891	0.02340	0.01018	0.00313	0.00451	0.02115	0.00785	0.00683
10	0.01335	0.01144	0.01463	0.01421	0.01574	0.05726	0.01111	0.01610	0.01367	0.01896	0.02025	0.02961	0.01887	0.05367	0.58596	0.01156	0.07346	0.00833	0.00427	0.00752
11	0.02784	0.02123	0.02266	0.01806	0.02402	0.02376	0.01469	0.46945	0.21077	0.04628	0.02331	0.02253	0.01690	0.01010	0.00816	0.00252	0.00822	0.00783	0.00816	0.01353
12	0.01775	0.01775	0.02485	0.02130	0.02130	0.02485	0.01775	0.01953	0.01243	0.01953	0.01065	0.01775	0.01065	0.01420	0.02663	0.00355	0.69998	0.00710	0.00355	0.00888
13	0.01980	0.48228	0.26333	0.01712	0.02583	0.02746	0.01952	0.02479	0.01671	0.02141	0.01243	0.01446	0.01037	0.00721	0.00608	0.00203	0.00984	0.00492	0.00346	0.01097
14	0.02366	0.01606	0.01806	0.01567	0.02053	0.01751	0.01234	0.04076	0.46377	0.18849	0.06629	0.03125	0.02640	0.01107	0.00830	0.00268	0.00640	0.00922	0.00873	0.01280
15	0.03085	0.02273	0.02435	0.01867	0.02516	0.02516	0.01542	0.63716	0.03815	0.05114	0.01948	0.01948	0.01380	0.00974	0.00812	0.00244	0.00893	0.00731	0.00812	0.01380
16	0.01974	0.02355	0.13104	0.03720	0.25407	0.01952	0.31428	0.02611	0.01879	0.05142	0.01637	0.02081	0.01251	0.00722	0.00872	0.00259	0.01178	0.00820	0.00421	0.01186
17	0.01085	0.00855	0.00997	0.01041	0.01278	0.00767	0.00833	0.01364	0.01920	0.02413	0.15513	0.07934	0.40254	0.02050	0.01004	0.00299	0.00502	0.18404	0.00772	0.00714
18	0.02526	0.01958	0.02312	0.18486	0.03172	0.02210	0.01651	0.41972	0.06157	0.04110	0.02253	0.02394	0.05113	0.01003	0.00821	0.00253	0.00899	0.00794	0.00698	0.01217
19	0.01925	0.01843	0.03143	0.16260	0.55792	0.01906	0.02449	0.02417	0.01808	0.02550	0.01512	0.02035	0.01250	0.00738	0.00805	0.00246	0.00985	0.00723	0.00394	0.01218
20	0.77215	0.01569	0.01193	0.01067	0.01569	0.01820	0.00879	0.02385	0.01381	0.03641	0.01130	0.01318	0.00879	0.00753	0.00502	0.00251	0.00628	0.00439	0.00502	0.00879
21	0.02008	0.01928	0.03294	0.04981	0.66422	0.01928	0.02490	0.02490	0.01848	0.02651	0.01526	0.02008	0.01285	0.00723	0.00803	0.00241	0.00964	0.00723	0.00402	0.01285
22	0.01044	0.00825	0.00939	0.00911	0.01148	0.00721	0.00683	0.01328	0.02049	0.02666	0.34027	0.07028	0.39989	0.01878	0.00958	0.00266	0.00398	0.01603	0.00816	0.00721
23	0.03085	0.02273	0.02435	0.01867	0.02516	0.02516	0.01542	0.63716	0.03815	0.05114	0.01948	0.01948	0.01380	0.00974	0.00812	0.00244	0.00893	0.00731	0.00812	0.01380
24	0.01161	0.00864	0.01275	0.01275	0.01410	0.00999	0.00979	0.01431	0.01296	0.01862	0.02200	0.03333	0.02092	0.10560	0.63879	0.01269	0.02079	0.00891	0.00439	0.00709
25	0.01113	0.00795	0.01085	0.01272	0.01374	0.00767	0.00970	0.01345	0.01676	0.02211	0.04403	0.46801	0.05094	0.02425	0.01069	0.00347	0.00579	0.25229	0.00751	0.00694
26	0.02788	0.01728	0.01974	0.01625	0.02180	0.01839	0.01306	0.16347	0.31137	0.25377	0.02991	0.02716	0.02093	0.01042	0.00820	0.00261	0.00710	0.00845	0.00884	0.01337
27	0.02060	0.01985	0.02946	0.04158	0.50127	0.05196	0.02198	0.02900	0.14785	0.02770	0.01876	0.02190	0.01517	0.00806	0.00804	0.00246	0.00923	0.00753	0.00489	0.01268
28	0.02250	0.01995	0.03016	0.04089	0.48356	0.02065	0.02208	0.16331	0.05949	0.03247	0.01724	0.02054	0.01376	0.00801	0.00806	0.00244	0.00929	0.00736	0.00518	0.01306
29	0.02718	0.29365	0.03082	0.01760	0.02348	0.24903	0.01492	0.20005	0.02479	0.02840	0.01402	0.01539	0.01138	0.00821	0.00674	0.00205	0.01075	0.00548	0.00502	0.01103
30	0.77215	0.01569	0.01193	0.01067	0.01569	0.01820	0.00879	0.02385	0.01381	0.03641	0.01130	0.01318	0.00879	0.00753	0.00502	0.00251	0.00628	0.00439	0.00502	0.00879
31	0.01084	0.00803	0.01045	0.01155	0.01287	0.00721	0.00803	0.01262	0.01583	0.02155	0.04110	0.59998	0.04848	0.02302	0.00989	0.00307	0.00499	0.04816	0.00721	0.09511
32	0.01333	0.01125	0.01638	0.01537	0.01641	0.01430	0.01229	0.01591	0.01287	0.01903	0.01861	0.02789	0.01757	0.04768	0.49746	0.01036	0.21322	0.00824	0.00412	0.00771
33	0.01429	0.01286	0.01622	0.01534	0.01670	0.06489	0.01213	0.01690	0.01368	0.01906	0.01876	0.02766	0.01756	0.04727	0.49643	0.01026	0.15999	0.00810	0.00417	0.00775
34	0.00970	0.00822	0.00838	0.00834	0.01103	0.00690	0.00625	0.01186	0.01876	0.02255	0.11631	0.07706	0.62643	0.02032	0.00959	0.00273	0.00409	0.01698	0.00762	0.00690
35	0.01513	0.00756	0.00756	0.00756	0.00945	0.00756	0.00567	0.01891	0.01702	0.03025	0.02647	0.03025	0.02080	0.00945	0.00567	0.00189	0.00378	0.00756	0.75988	0.00756
36	0.00959	0.00822	0.00822	0.00822	0.01096	0.00685	0.00617	0.01165	0.01850	0.02192	0.08220	0.07809	0.66092	0.02055	0.00959	0.00274	0.00411	0.01713	0.00754	0.00685
37	0.02493	0.01831	0.02013	0.01659	0.02138	0.01992	0.01320	0.46046	0.03177	0.04255	0.02661	0.21430	0.02506	0.01417	0.00875	0.00268	0.00774	0.01176	0.00795	0.01176
38	0.01513	0.00756	0.00756	0.00756	0.00945	0.00756	0.00567	0.01891	0.01702	0.03025	0.02647	0.03025	0.02080	0.00945	0.00567	0.00189	0.00378	0.00756	0.75988	0.00756
39	0.01683	0.01442	0.01683	0.01202	0.01923	0.01082	0.00961	0.02043	0.01683	0.02644	0.01442	0.01683	0.01202	0.00601	0.00601	0.00120	0.00601	0.00481	0.00481	0.76444
40	0.03123	0.02212	0.02397	0.01838	0.02486	0.02426	0.01518	0.59627	0.03713	0.09347	0.02034	0.02004	0.01423	0.00976	0.00812	0.00244	0.00879	0.00736	0.00825	0.01380
41	0.02745	0.02562	0.02214	0.01864	0.02391	0.20916	0.01471	0.28582	0.21975	0.03708	0.02164	0.02139	0.01619	0.00974	0.00793	0.00243	0.00978	0.00729	0.00705	0.01227
42	0.02982	0.03709	0.02355	0.02227	0.05727	0.62370	0.01613	0.05520	0.02335	0.02139	0.01295	0.01509	0.01070	0.00836	0.00738	0.00212	0.01416	0.00541	0.00432	0.00975
43	0.01409	0.00705	0.01057	0.01057	0.01057	0.00705	0.00705	0.01057	0.01057	0.01409	0.01409	0.02467	0.01409	0.02819	0.03171	0.76392	0.00705	0.00705	0.00352	0.00352
44	0.01180	0.00787	0.00885	0.00885	0.00885	0.00787	0.00492	0.01180	0.01180	0.01573	0.02557	0.05310	0.02950	0.71483	0.04130	0.00787	0.00787	0.01180	0.00492	0.00492
45	0.02008	0.01928	0.03294	0.04981	0.66422	0.01928	0.02490	0.02490	0.01848	0.02651	0.01526	0.02008	0.01285	0.00723	0.00803	0.00241	0.00964	0.00723	0.00402	0.01285
46	0.02826	0.21951	0.02948	0.01732	0.02394	0.02712	0.01499	0.46413	0.03203	0.04209	0.01717	0.01766	0.01284	0.00895	0.00730	0.00224	0.00886	0.00647	0.00681	0.01284
47	0.02197	0.01745	0.01871	0.01648	0.02129	0.01984	0.01291	0.07501	0.56986	0.08218	0.03222	0.02949	0.02383	0.01087	0.00824	0.00272	0.00659	0.00900	0.00838	0.01297
48	0.03328	0.01882	0.02193	0.01682	0.02322	0.01937	0.01389	0.37556	0.03162	0.32196	0.02497	0.02304	0.01655	0.00987	0.00814	0.00247	0.00804	0.00768	0.00896	0.01380
49	0.00994	0.00817	0.00874	0.00872	0.01120	0.00698	0.00649	0.01227	0.01913	0.02371	0.18127	0.10683	0.52824	0.02010	0.00963	0.00274	0.00409	0.01700	0.00778	0.00698
50	0.02008	0.01928	0.03294	0.04981	0.66422	0.01928	0.02490	0.02490	0.01848	0.02651	0.01526	0.02008	0.01285	0.00723	0.00803	0.00241	0.00964	0.00723	0.00402	0.01285
51	0.01409	0.00705	0.01057	0.01057	0.01057	0.00705	0.00705	0.01057	0.01057	0.01409	0.01409	0.02467	0.01409	0.02819	0.03171	0.76392	0.00705	0.00705	0.00352	0.00352
52	0.02901	0.02367	0.02407	0.02052	0.06245	0.09498	0.01573	0.47238	0.10079	0.04448	0.01994	0.02015	0.01456	0.00958	0.00804	0.00243	0.00932	0.00728	0.00747	0.01317
53	0.01017	0.00724	0.00960	0.01138	0.01191	0.00682	0.00771	0.01164	0.01552	0.02065	0.04360	0.63861	0.05197	0.06209	0.01206	0.00357	0.00504	0.05648	0.00739	0.00655
54	0.03085	0.02273	0.02435	0.01867	0.02516	0.02516	0.01542	0.63716	0.03815	0.05114	0.01948	0.01948	0.01380	0.00974	0.00812	0.00244	0.00893	0.00731	0.00812	0.01380
55	0.00959	0.00822	0.00822	0.00822	0.01096	0.00685	0.00617	0.01165	0.01850	0.02192	0.08220	0.07809	0.66092	0.02055	0.00959	0.00274	0.00411	0.01713	0.00754	0.00685
56	0.01691	0.12157	0.59877	0.02204	0.03344	0.02040	0.02809	0.02553	0.01706	0.02492	0.01418	0.01665	0.01029	0.00762	0.00742	0.00247	0.01160	0.00580	0.00343	0.01181
57	0.01288	0.00862	0.01121	0.01038	0.01258	0.00788	0.00785	0.01660	0.02281	0.06975	0.60017	0.05935	0.09619	0.01636	0.00949	0.00256	0.00402	0.01439	0.00894	0.00799
58	0.77215	0.01569	0.01193	0.01067	0.01569	0.01820	0.00879	0.02385	0.01381	0.03641	0.01130	0.01318	0.00879	0.00753	0.00502	0.00251	0.00628	0.00439	0.00502	0.00879
59	0.77215	0.01569	0.01193	0.01067	0.01569	0.01820	0.00879	0.02385	0.01381	0.03641	0.01130	0.01318	0.00879	0.00753	0.00502	0.00251	0.00628	0.00439	0.00502	0.00879
60	0.02821	0.02035	0.02194	0.01716	0.02312	0.02214	0.01406	0.50531	0.06510	0.08006	0.02791	0.02708	0.08791	0.01104	0.00829	0.00249	0.00815	0.00855	0.00816	0.01297
61	0.02169	0.71972	0.04252	0.01388	0.02083	0.03211	0.01388	0.02430	0.01649	0.01909	0.01128	0.01302	0.01041	0.00694	0.00521	0.00174	0.00868	0.00434	0.00347	0.01041
62	0.01016	0.00828	0.00901	0.00894	0.01146	0.00713	0.00678	0.01269	0.01953	0.02444	0.21285	0.07462	0.50299	0.01972	0.00965	0.00274	0.00418	0.03992	0.00785	0.00706
63	0.02169	0.71972	0.04252	0.01388	0.02083	0.03211	0.01388	0.02430	0.01649	0.01909	0.01128	0.01302	0.01041	0.00694	0.00521	0.00174	0.00868	0.00434	0.00347	0.01041
64	0.01162	0.00910	0.01074	0.01051	0.01301	0.00782	0.00758	0.01362	0.01635	0.02183	0.04653	0.28454	0.20913	0.09971	0.01288	0.00327	0.00532	0.04815	0.00667	0.16161
65	0.02043	0.03967	0.44658	0.02326	0.03279	0.20626	0.06732	0.02761	0.01892	0.02407	0.01412	0.01675	0.01047	0.00783	0.00773	0.00245	0.01285	0.00602	0.00369	0.01119
66	0.02771	0.11613	0.10039	0.02037	0.02576	0.53192	0.01713	0.03071	0.02158	0.02045	0.01263	0.01474	0.01043	0.00813	0.00712	0.00211	0.01365	0.00521	0.00401	0.00982
67	0.01557	0.01054	0.01293	0.01239	0.01493	0.01058	0.00923	0.02286	0.16065	0.09647	0.26670	0.24765	0.05208	0.01734	0.00937	0.00282	0.00500	0.01531	0.00847	0.00914
68	0.03641	0.01381	0.01883	0.01444	0.02071	0.01193	0.01193	0.03954	0.02322	0.66984	0.03201	0.02762	0.02009	0.01004	0.00816	0.00251	0.00690	0.00816	0.01004	0.01381
69	0.02008	0.01928	0.03294	0.04981	0.66422	0.01928	0.02490	0.02490	0.01848	0.02651	0.01526	0.02008	0.01285	0.00723	0.00803	0.00241	0.00964	0.00723	0.00402	0.01285
70	0.02008	0.01928	0.03294	0.04981	0.66422	0.01928	0.02490	0.02490	0.01848	0.02651	0.01526	0.02008	0.01285	0.00723	0.00803	0.00241	0.00964	0.00723	0.00402	0.01285
71	0.03085	0.02273	0.02435	0.01867	0.02516	0.02516	0.01542	0.63716	0.03815	0.05114	0.01948	0.01948	0.01380	0.00974	0.00812	0.00244	0.00893	0.00731	0.00812	0.01380
72	0.01627	0.04197	0.67279	0.02313	0.03512	0.01884	0.02998	0.02570	0.01713	0.02570	0.01456	0.01713	0.01028	0.00771	0.00771	0.00257	0.01199	0.00600	0.00343	0.01199
73	0.00985	0.00721	0.00926	0.01089	0.01166	0.00662	0.00735	0.01134	0.01592	0.02087	0.04964	0.62674	0.13329	0.02478	0.01026	0.00322	0.00463	0.02229	0.00753	0.00662
74	0.03085	0.02273	0.02435	0.01867	0.02516	0.02516	0.01542	0.63716	0.03815	0.05114	0.01948	0.01948	0.01380	0.00974	0.00812	0.00244	0.00893	0.00731	0.00812	0.01380
75	0.01816	0.08891	0.47654	0.06386	0.10806	0.01951	0.02674	0.02595	0.01751	0.05942	0.01531	0.01798	0.01115	0.00774	0.00760	0.00249	0.01112	0.00620	0.00386	0.01190
76	0.02018	0.01743	0.01835	0.01651	0.02110	0.02018	0.01284	0.04312	0.64956	0.03394	0.03303	0.03027	0.02477	0.01101	0.00826	0.00275	0.00642	0.00917	0.00826	0.01284
77	0.01228	0.00900	0.01102	0.01183	0.01323	0.00877	0.00830	0.08375	0.01846	0.02436	0.04575	0.56311	0.11309	0.02309	0.01002	0.00314	0.00513	0.02062	0.00760	0.00745
78	0.02808	0.02239	0.02126	0.01769	0.02311	0.13711	0.01407	0.24059	0.23614	0.13612	0.02470	0.02348	0.01783	0.00997	0.00803	0.00249	0.00879	0.00769	0.00777	0.01271
79	0.01426	0.01104	0.01190	0.01107	0.01441	0.01085	0.00849	0.02223	0.18953	0.06472	0.13721	0.06006	0.37946	0.01687	0.00914	0.00271	0.00486	0.01415	0.00805	0.00898
80	0.00989	0.00706	0.00942	0.01130	0.01177	0.00659	0.00753	0.01130	0.01554	0.02071	0.04472	0.70954	0.05367	0.02542	0.01036	0.00330	0.00471	0.02307	0.00753	0.00659
81	0.01853	0.01999	0.02761	0.02611	0.12402	0.15111	0.20328	0.02238	0.01896	0.02359	0.05354	0.22151	0.02700	0.01306	0.00910	0.00271	0.01019	0.01248	0.00533	0.00951
82	0.02992	0.03404	0.02306	0.02018	0.02490	0.50189	0.01548	0.16826	0.05793	0.02757	0.01513	0.01651	0.01192	0.00880	0.00754	0.00220	0.01294	0.00589	0.00527	0.01056
83	0.00989	0.00706	0.00942	0.01130	0.01177	0.00659	0.00753	0.01130	0.01554	0.02071	0.04472	0.70954	0.05367	0.02542	0.01036	0.00330	0.00471	0.02307	0.00753	0.00659
84	0.02008	0.01928	0.03294	0.04981	0.66422	0.01928	0.02490	0.02490	0.01848	0.02651	0.01526	0.02008	0.01285	0.00723	0.00803	0.00241	0.00964	0.00723	0.00402	0.01285
85	0.01953	0.01872	0.03194	0.12449	0.59383	0.01913	0.02463	0.02442	0.01822	0.02584	0.01517	0.02026	0.01262	0.00733	0.00804	0.00244	0.00978	0.00723	0.00397	0.01241
86	0.01976	0.01895	0.03235	0.09397	0.62259	0.01919	0.02474	0.02462	0.01832	0.02611	0.01521	0.02019	0.01271	0.00729	0.00804	0.00243	0.00972	0.00723	0.00399	0.01259
87	0.01180	0.00787	0.00885	0.00885	0.00885	0.00787	0.00492	0.01180	0.01180	0.01573	0.02557	0.05310	0.02950	0.71483	0.04130	0.00787	0.00787	0.01180	0.00492	0.00492
88	0.02778	0.03090	0.02245	0.01974	0.02413	0.41369	0.01523	0.13191	0.14190	0.02755	0.01739	0.01852	0.01368	0.00942	0.00874	0.00235	0.05192	0.00641	0.00555	0.01073
89	0.03085	0.02273	0.02435	0.01867	0.02516	0.02516	0.01542	0.63716	0.03815	0.05114	0.01948	0.01948	0.01380	0.00974	0.00812	0.00244	0.00893	0.00731	0.00812	0.01380
90	0.01308	0.00934	0.01308	0.01494	0.01681	0.00934	0.01308	0.01681	0.01868	0.02428	0.04296	0.09153	0.04670	0.02242	0.01121	0.00374	0.00747	0.60960	0.00747	0.00747
91	0.01981	0.01900	0.03244	0.08706	0.62911	0.01921	0.02477	0.02466	0.01835	0.02618	0.01521	0.02017	0.01274	0.00728	0.00804	0.00243	0.00971	0.00723	0.00399	0.01263
92	0.01523	0.01120	0.01331	0.01326	0.01533	0.01156	0.00962	0.15583	0.05502	0.02837	0.03833	0.51530	0.04301	0.02106	0.00973	0.00307	0.00576	0.01872	0.00770	0.00857
93	0.01864	0.02234	0.08550	0.03056	0.03720	0.02137	0.45560	0.02453	0.01751	0.02453	0.01500	0.02064	0.01180	0.00854	0.01326	0.00291	0.16681	0.00878	0.00393	0.01055
94	0.01900	0.02144	0.04540	0.03281	0.04014	0.02099	0.56837	0.02530	0.01843	0.02530	0.01580	0.02144	0.01213	0.00763	0.01141	0.00282	0.08752	0.00931	0.00404	0.01072
95	0.09286	0.01142	0.01244	0.01117	0.01513	0.01090	0.00883	0.02330	0.09888	0.17032	0.05613	0.05480	0.34773	0.01577	0.00871	0.00271	0.00538	0.03620	0.00794	0.00939
96	0.01333	0.01125	0.01638	0.01537	0.01641	0.01430	0.01229	0.01591	0.01287	0.01903	0.01861	0.02789	0.01757	0.04768	0.49746	0.01036	0.21322	0.00824	0.00412	0.00771
97	0.01915	0.02189	0.04788	0.03420	0.04241	0.02052	0.63475	0.02599	0.01915	0.02599	0.01642	0.02189	0.01231	0.00684	0.00958	0.00274	0.01368	0.00958	0.00410	0.01094
98	0.02008	0.01928	0.03294	0.04981	0.66422	0.01928	0.02490	0.02490	0.01848	0.02651	0.01526	0.02008	0.01285	0.00723	0.00803	0.00241	0.00964	0.00723	0.00402	0.01285
99	0.01664	0.01763	0.03605	0.02698	0.03276	0.01691	0.42744	0.02196	0.01860	0.02546	0.09031	0.14601	0.02637	0.01150	0.01055	0.00285	0.04469	0.01236	0.00520	0.00973
100	0.01209	0.00902	0.01170	0.01305	0.01516	0.00864	0.01112	0.01535	0.01863	0.02362	0.05404	0.08773	0.22011	0.02189	0.01075	0.00345	0.00652	0.44233	0.00749	0.00730
101	0.03641	0.01381	0.01883	0.01444	0.02071	0.01193	0.01193	0.03954	0.02322	0.66984	0.03201	0.02762	0.02009	0.01004	0.00816	0.00251	0.00690	0.00816	0.01004	0.01381
102	0.02361	0.21720	0.02686	0.01638	0.02217	0.02495	0.01386	0.20511	0.29863	0.03459	0.02307	0.02236	0.01763	0.00950	0.00736	0.00238	0.00776	0.00728	0.00687	0.01243
103	0.02981	0.07797	0.02412	0.02050	0.02484	0.64474	0.01557	0.03193	0.02262	0.01981	0.01247	0.01454	0.01045	0.00828	0.00719	0.00207	0.01429	0.00517	0.00414	0.00946
104	0.01079	0.00770	0.01045	0.01233	0.01319	0.00737	0.00910	0.01285	0.01642	0.02172	0.04423	0.53506	0.05170	0.02457	0.01060	0.00342	0.00549	0.18866	0.00752	0.00684
105	0.01363	0.01170	0.01695	0.01578	0.01675	0.01502	0.01266	0.01616	0.01284	0.01907	0.01806	0.02720	0.01709	0.04540	0.46530	0.00990	0.24647	0.00817	0.00408	0.00779
106	0.01669	0.09415	0.62427	0.02242	0.03402	0.01987	0.02874	0.02559	0.01708	0.02519	0.01431	0.01681	0.01029	0.00765	0.00752	0.00251	0.01174	0.00587	0.00343	0.01187
107	0.01588	0.01500	0.02126	0.01879	0.01923	0.02038	0.01544	0.01800	0.01261	0.01932	0.01402	0.02205	0.01358	0.02839	0.22608	0.00644	0.49378	0.00759	0.00379	0.00838
108	0.03031	0.03867	0.02299	0.02090	0.02508	0.68226	0.01568	0.03240	0.02299	0.01986	0.01254	0.01463	0.01045	0.00836	0.00732	0.00209	0.01463	0.00523	0.00418	0.00941
109	0.01964	0.02171	0.09754	0.04609	0.55916	0.01932	0.06714	0.02506	0.01839	0.02639	0.01527	0.01991	0.01256	0.00725	0.00811	0.00245	0.01015	0.00727	0.00396	0.01264
110	0.03107	0.02662	0.02359	0.01901	0.02484	0.20977	0.01526	0.42553	0.03285	0.08464	0.01838	0.01867	0.01328	0.00937	0.00789	0.00234	0.01040	0.00678	0.00714	0.01256
111	0.01148	0.00829	0.01085	0.01021	0.01212	0.00766	0.00766	0.01531	0.02297	0.03254	0.65994	0.06061	0.07656	0.01659	0.00957	0.00255	0.00383	0.01467	0.00893	0.00766
112	0.01782	0.01794	0.02592	0.02190	0.02228	0.02465	0.04639	0.01983	0.01274	0.01983	0.01092	0.01794	0.01073	0.01386	0.02584	0.00351	0.66812	0.00722	0.00358	0.00897
113	0.02565	0.06221	0.02804	0.03262	0.29121	0.37581	0.01944	0.02890	0.02081	0.02259	0.01362	0.01683	0.01145	0.00782	0.00752	0.00221	0.01228	0.00602	0.00408	0.01089
114	0.02296	0.02322	0.03130	0.04034	0.44124	0.13585	0.06400	0.09216	0.02143	0.02796	0.01532	0.01919	0.01250	0.00767	0.00802	0.00238	0.01071	0.00705	0.00449	0.01222
115	0.01308	0.00934	0.01308	0.01494	0.01681	0.00934	0.01308	0.01681	0.01868	0.02428	0.04296	0.09153	0.04670	0.02242	0.01121	0.00374	0.00747	0.60960	0.00747	0.00747
116	0.01118	0.00797	0.00867	0.00867	0.00945	0.00758	0.00527	0.01176	0.01369	0.01748	0.04156	0.06016	0.20777	0.51882	0.03235	0.00642	0.00681	0.01330	0.00566	0.00546
117	0.01159	0.00869	0.01304	0.01304	0.01449	0.01014	0.01014	0.01449	0.01304	0.01884	0.02173	0.03188	0.02029	0.06086	0.68268	0.01304	0.02173	0.00869	0.00435	0.00724
118	0.01490	0.00758	0.00765	0.00765	0.00941	0.00758	0.00562	0.01842	0.01666	0.02926	0.02641	0.03181	0.02139	0.05772	0.00811	0.00230	0.00406	0.00785	0.70822	0.00738
119	0.01159	0.00869	0.01304	0.01304	0.01449	0.01014	0.01014	0.01449	0.01304	0.01884	0.02173	0.03188	0.02029	0.06086	0.68268	0.01304	0.02173	0.00869	0.00435	0.00724
120	0.00959	0.00822	0.00822	0.00822	0.01096	0.00685	0.00617	0.01165	0.01850	0.02192	0.08220	0.07809	0.66092	0.02055	0.00959	0.00274	0.00411	0.01713	0.00754	0.00685
121	0.01129	0.00887	0.01032	0.01040	0.01252	0.00836	0.00762	0.01581	0.08184	0.02606	0.24428	0.22271	0.27077	0.01959	0.00964	0.00282	0.00440	0.01704	0.00803	0.00763
122	0.01627	0.04197	0.67279	0.02313	0.03512	0.01884	0.02998	0.02570	0.01713	0.02570	0.01456	0.01713	0.01028	0.00771	0.00771	0.00257	0.01199	0.00600	0.00343	0.01199
123	0.00959	0.00822	0.00822	0.00822	0.01096	0.00685	0.00617	0.01165	0.01850	0.02192	0.08220	0.07809	0.66092	0.02055	0.00959	0.00274	0.00411	0.01713	0.00754	0.00685
124	0.00979	0.00823	0.00849	0.00842	0.01108	0.00693	0.00632	0.01202	0.01896	0.02301	0.14174	0.07629	0.60070	0.02014	0.00959	0.00272	0.00408	0.01687	0.00768	0.00693
125	0.00962	0.00810	0.00834	0.00853	0.01104	0.00682	0.00630	0.01161	0.01820	0.02180	0.07848	0.14084	0.60058	0.02103	0.00967	0.00280	0.00417	0.01772	0.00753	0.00682
126	0.00989	0.00706	0.00942	0.01130	0.01177	0.00659	0.00753	0.01130	0.01554	0.02071	0.04472	0.70954	0.05367	0.02542	0.01036	0.00330	0.00471	0.02307	0.00753	0.00659
127	0.01076	0.00827	0.00984	0.00945	0.01168	0.00735	0.00709	0.01391	0.02126	0.02849	0.43942	0.06728	0.29961	0.01810	0.00958	0.00262	0.00394	0.01561	0.00840	0.00735
128	0.02142	0.01046	0.01360	0.01175	0.01548	0.00920	0.00918	0.02443	0.02159	0.29582	0.24023	0.11423	0.14806	0.01539	0.00906	0.00264	0.00525	0.01320	0.00902	0.00999
129	0.00968	0.00822	0.00834	0.00831	0.01101	0.00689	0.00623	0.01182	0.01870	0.02241	0.10902	0.07728	0.63380	0.02037	0.00959	0.00273	0.00410	0.01701	0.00760	0.00689
130	0.02018	0.01743	0.01835	0.01651	0.02110	0.02018	0.01284	0.04312	0.64956	0.03394	0.03303	0.03027	0.02477	0.01101	0.00826	0.00275	0.00642	0.00917	0.00826	0.01284
131	0.22583	0.01037	0.01059	0.00991	0.01288	0.01046	0.00766	0.01694	0.01942	0.03136	0.35305	0.05097	0.18261	0.01488	0.00829	0.00258	0.00458	0.01230	0.00753	0.00780
132	0.01159	0.00869	0.01304	0.01304	0.01449	0.01014	0.01014	0.01449	0.01304	0.01884	0.02173	0.03188	0.02029	0.06086	0.68268	0.01304	0.02173	0.00869	0.00435	0.00724
133	0.03085	0.02273	0.02435	0.01867	0.02516	0.02516	0.01542	0.63716	0.03815	0.05114	0.01948	0.01948	0.01380	0.00974	0.00812	0.00244	0.00893	0.00731	0.00812	0.01380
134	0.00959	0.00822	0.00822	0.00822	0.01096	0.00685	0.00617	0.01165	0.01850	0.02192	0.08220	0.07809	0.66092	0.02055	0.00959	0.00274	0.00411	0.01713	0.00754	0.00685
135	0.01172	0.00865	0.01118	0.01153	0.01357	0.00811	0.00930	0.01521	0.02070	0.02782	0.34429	0.07446	0.16647	0.01931	0.01015	0.00300	0.00515	0.22377	0.00818	0.00745
136	0.01775	0.01775	0.02485	0.02130	0.02130	0.02485	0.01775	0.01953	0.01243	0.01953	0.01065	0.01775	0.01065	0.01420	0.02663	0.00355	0.69998	0.00710	0.00355	0.00888
137	0.00989	0.00706	0.00942	0.01130	0.01177	0.00659	0.00753	0.01130	0.01554	0.02071	0.04472	0.70954	0.05367	0.02542	0.01036	0.00330	0.00471	0.02307	0.00753	0.00659
138	0.02008	0.01928	0.03294	0.04981	0.66422	0.01928	0.02490	0.02490	0.01848	0.02651	0.01526	0.02008	0.01285	0.00723	0.00803	0.00241	0.00964	0.00723	0.00402	0.01285
139	0.02776	0.06196	0.02568	0.02158	0.02567	0.53555	0.05821	0.03016	0.02126	0.02021	0.01254	0.01543	0.01060	0.00887	0.00961	0.00229	0.09335	0.00570	0.00407	0.00949
140	0.01159	0.00869	0.01304	0.01304	0.01449	0.01014	0.01014	0.01449	0.01304	0.01884	0.02173	0.03188	0.02029	0.06086	0.68268	0.01304	0.02173	0.00869	0.00435	0.00724
141	0.01180	0.00787	0.00885	0.00885	0.00885	0.00787	0.00492	0.01180	0.01180	0.01573	0.02557	0.05310	0.02950	0.71483	0.04130	0.00787	0.00787	0.01180	0.00492	0.00492
142	0.01990	0.01909	0.03260	0.07517	0.64032	0.01923	0.02481	0.02474	0.01839	0.02628	0.01523	0.02014	0.01277	0.00726	0.00804	0.00242	0.00969	0.00723	0.00400	0.01270
143	0.03585	0.01470	0.01938	0.01486	0.02116	0.01324	0.01227	0.09893	0.02471	0.60836	0.03077	0.02681	0.01946	0.01001	0.00816	0.00250	0.00711	0.00808	0.00985	0.01381
144	0.02202	0.02578	0.03614	0.02781	0.03320	0.20823	0.33370	0.02648	0.01886	0.02294	0.01414	0.01899	0.01145	0.00878	0.01243	0.00272	0.15440	0.00784	0.00401	0.01009
145	0.02008	0.01928	0.03294	0.04981	0.66422	0.01928	0.02490	0.02490	0.01848	0.02651	0.01526	0.02008	0.01285	0.00723	0.00803	0.00241	0.00964	0.00723	0.00402	0.01285
146	0.00989	0.00706	0.00942	0.01130	0.01177	0.00659	0.00753	0.01130	0.01554	0.02071	0.04472	0.70954	0.05367	0.02542	0.01036	0.00330	0.00471	0.02307	0.00753	0.00659
147	0.01294	0.00930	0.01289	0.01469	0.01659	0.00925	0.01281	0.01662	0.01867	0.02419	0.04444	0.09102	0.06988	0.02234	0.01115	0.00370	0.00734	0.58724	0.00747	0.00745

[dist]
# distance from previous block
# <min> <max>
0	1

# created by:
# /home/cegg/simao/soft/augustus-3.2.1/scripts/msa2prfl.pl ./align_prep/13213.fa
