[name]
unknown

[dist]
# distance from previous block
# <min> <max>
0	8

[block]
# block no. 0 follows, 22 sequences, length 24
# corresponding to MSA columns:
# 8-31
name=unknown_A
#
# <colnr> <probs for GDERKNQSTAVLIFYWHMCP>
#	G	D	E	R	K	N	Q	S	T	A	V	L	I	F	Y	W	H	M	C	P
0	0.02208	0.01111	0.01509	0.01415	0.01784	0.01023	0.01190	0.02559	0.02140	0.26799	0.11337	0.06435	0.07425	0.01733	0.01000	0.00315	0.00680	0.27443	0.00883	0.01010
1	0.01757	0.01699	0.02647	0.45454	0.20717	0.05090	0.02281	0.02269	0.01768	0.02290	0.01649	0.02531	0.01361	0.00889	0.00842	0.00272	0.01077	0.03983	0.00405	0.01017
2	0.01747	0.01483	0.01919	0.09950	0.02389	0.01679	0.03791	0.13156	0.08581	0.02852	0.03679	0.09556	0.16813	0.01868	0.06588	0.00377	0.10800	0.01160	0.00640	0.00971
3	0.02662	0.02993	0.02797	0.03380	0.29362	0.34747	0.02004	0.07479	0.02275	0.02564	0.01456	0.01773	0.01200	0.00817	0.00786	0.00231	0.01237	0.00638	0.00451	0.01147
4	0.01369	0.00903	0.01158	0.01093	0.01337	0.00822	0.00845	0.01728	0.02249	0.08210	0.46643	0.06465	0.15434	0.01754	0.00983	0.00274	0.00454	0.06565	0.00890	0.00821
5	0.02835	0.02057	0.02246	0.01778	0.02335	0.02261	0.01439	0.52476	0.03473	0.04653	0.02157	0.07589	0.01747	0.01292	0.01059	0.06817	0.00862	0.00877	0.00785	0.01261
6	0.01666	0.04297	0.66500	0.02368	0.03596	0.01929	0.03069	0.02631	0.01754	0.02631	0.01491	0.01754	0.01052	0.00789	0.00789	0.00263	0.01228	0.00614	0.00351	0.01228
7	0.03050	0.03858	0.02406	0.02291	0.05780	0.64133	0.01653	0.03278	0.02331	0.02068	0.01298	0.01527	0.01083	0.00850	0.00753	0.00216	0.01472	0.00545	0.00427	0.00981
8	0.01666	0.04297	0.66500	0.02368	0.03596	0.01929	0.03069	0.02631	0.01754	0.02631	0.01491	0.01754	0.01052	0.00789	0.00789	0.00263	0.01228	0.00614	0.00351	0.01228
9	0.00995	0.00842	0.00860	0.00855	0.01130	0.00707	0.00642	0.01218	0.01925	0.02318	0.12268	0.07874	0.61386	0.02076	0.00982	0.00279	0.00419	0.01736	0.00781	0.00707
10	0.01065	0.00868	0.00957	0.01001	0.01261	0.00760	0.00795	0.01315	0.01898	0.02300	0.07484	0.08314	0.51256	0.02148	0.01020	0.00304	0.00501	0.15266	0.00770	0.00716
11	0.02798	0.03064	0.06124	0.07376	0.07232	0.31091	0.04824	0.21584	0.02700	0.03144	0.01569	0.01795	0.01204	0.00879	0.00799	0.00238	0.01233	0.00657	0.00543	0.01146
12	0.02056	0.01974	0.03372	0.05099	0.65622	0.01974	0.02550	0.02550	0.01892	0.02714	0.01563	0.02056	0.01316	0.00740	0.00822	0.00247	0.00987	0.00740	0.00411	0.01316
13	0.01003	0.00848	0.00871	0.00882	0.01157	0.00716	0.00673	0.01223	0.01895	0.02258	0.08179	0.08076	0.61718	0.02115	0.00992	0.00287	0.00441	0.05189	0.00771	0.00705
14	0.02232	0.31693	0.20123	0.02266	0.10411	0.15655	0.02029	0.02699	0.01864	0.02241	0.01319	0.01565	0.01094	0.00764	0.00679	0.00216	0.01112	0.00543	0.00376	0.01119
15	0.03307	0.01941	0.02237	0.01731	0.02375	0.02023	0.01425	0.36524	0.07174	0.28539	0.02576	0.02385	0.01732	0.01017	0.00834	0.00254	0.00818	0.00794	0.00908	0.01407
16	0.00986	0.00825	0.00858	0.00885	0.01134	0.00698	0.00650	0.01187	0.01852	0.02227	0.07887	0.16576	0.57046	0.02173	0.00993	0.00288	0.00429	0.01837	0.00771	0.00698
17	0.02899	0.03548	0.02374	0.02309	0.07272	0.54648	0.01641	0.03392	0.09765	0.02258	0.01558	0.01733	0.01265	0.00880	0.00766	0.00225	0.01358	0.00599	0.00477	0.01032
18	0.01012	0.00723	0.00964	0.01157	0.01205	0.00675	0.00771	0.01157	0.01591	0.02121	0.04579	0.70262	0.05495	0.02603	0.01060	0.00337	0.00482	0.02362	0.00771	0.00675
19	0.02056	0.01974	0.03372	0.05099	0.65622	0.01974	0.02550	0.02550	0.01892	0.02714	0.01563	0.02056	0.01316	0.00740	0.00822	0.00247	0.00987	0.00740	0.00411	0.01316
20	0.01755	0.14993	0.56580	0.02217	0.03362	0.02146	0.02806	0.02608	0.01743	0.02523	0.01437	0.01687	0.01055	0.00777	0.00748	0.00249	0.01174	0.00587	0.00352	0.01202
21	0.15569	0.01168	0.01343	0.01186	0.01544	0.01166	0.00928	0.02414	0.07205	0.14942	0.37061	0.04443	0.05074	0.01359	0.00857	0.00261	0.00517	0.01141	0.00856	0.00964
22	0.02056	0.01974	0.03372	0.05099	0.65622	0.01974	0.02550	0.02550	0.01892	0.02714	0.01563	0.02056	0.01316	0.00740	0.00822	0.00247	0.00987	0.00740	0.00411	0.01316
23	0.11712	0.31902	0.11242	0.01674	0.02396	0.06862	0.01618	0.18231	0.02281	0.03118	0.01424	0.01571	0.01134	0.00812	0.00654	0.00219	0.00947	0.00551	0.00503	0.01149

[dist]
# distance from previous block
# <min> <max>
0	1

[block]
# block no. 1 follows, 22 sequences, length 179
# corresponding to MSA columns:
# 33-211
name=unknown_B
#
# <colnr> <probs for GDERKNQSTAVLIFYWHMCP>
#	G	D	E	R	K	N	Q	S	T	A	V	L	I	F	Y	W	H	M	C	P
0	0.02967	0.01404	0.01821	0.01378	0.02027	0.01163	0.01124	0.03307	0.02172	0.43062	0.05964	0.02660	0.02102	0.00934	0.00774	0.00215	0.00662	0.00763	0.00855	0.24647
1	0.03158	0.02327	0.02493	0.01911	0.02576	0.02576	0.01579	0.62852	0.03906	0.05236	0.01995	0.01995	0.01413	0.00997	0.00831	0.00249	0.00914	0.00748	0.00831	0.01413
2	0.02379	0.01313	0.01637	0.01360	0.01784	0.01269	0.01080	0.14289	0.02623	0.23977	0.29647	0.07672	0.04592	0.01393	0.00908	0.00262	0.00600	0.01185	0.00927	0.01104
3	0.02492	0.01947	0.01958	0.01627	0.02086	0.08588	0.01305	0.34354	0.02875	0.03897	0.02090	0.02381	0.01630	0.01997	0.13771	0.00448	0.01139	0.00758	0.13531	0.01126
4	0.01288	0.00923	0.01267	0.01378	0.01571	0.00902	0.01165	0.01673	0.02050	0.02750	0.23390	0.08382	0.05736	0.02109	0.01095	0.00345	0.00648	0.41745	0.00812	0.00771
5	0.02746	0.03309	0.02618	0.06968	0.18598	0.46999	0.01885	0.03051	0.02196	0.02210	0.01366	0.01682	0.01134	0.00825	0.00772	0.00226	0.01346	0.00599	0.00420	0.01049
6	0.02876	0.03595	0.02233	0.02045	0.02440	0.59594	0.01538	0.03100	0.02233	0.02021	0.01396	0.01707	0.01189	0.01493	0.08664	0.00347	0.01584	0.00577	0.00430	0.00937
7	0.01187	0.00890	0.01335	0.01335	0.01483	0.01038	0.01038	0.01483	0.01335	0.01928	0.02225	0.03264	0.02077	0.06231	0.67512	0.01335	0.02225	0.00890	0.00445	0.00742
8	0.02066	0.01785	0.01878	0.01691	0.02160	0.02066	0.01315	0.04414	0.64121	0.03475	0.03381	0.03099	0.02536	0.01127	0.00845	0.00282	0.00657	0.00939	0.00845	0.01315
9	0.02776	0.03339	0.02672	0.03065	0.22268	0.47007	0.01900	0.03077	0.02210	0.02246	0.01371	0.01672	0.01147	0.00820	0.00772	0.00224	0.01338	0.00599	0.00423	0.01073
10	0.01277	0.00884	0.00987	0.00968	0.01034	0.00881	0.00589	0.04456	0.01441	0.01895	0.03272	0.09505	0.09172	0.56200	0.03536	0.00696	0.00754	0.01308	0.00563	0.00581
11	0.01013	0.00811	0.00911	0.00983	0.01185	0.00709	0.00719	0.01214	0.01800	0.02220	0.06965	0.27593	0.42814	0.02272	0.01017	0.00305	0.00461	0.05540	0.00771	0.00697
12	0.03268	0.02008	0.02279	0.01762	0.02408	0.02121	0.01451	0.40875	0.07144	0.24173	0.02481	0.02323	0.01683	0.01015	0.00833	0.00254	0.00834	0.00787	0.00894	0.01407
13	0.01317	0.01160	0.01542	0.01480	0.01558	0.01385	0.01139	0.01501	0.01565	0.02163	0.07268	0.30430	0.14250	0.02037	0.01666	0.00333	0.26207	0.01598	0.00627	0.00773
14	0.02056	0.01974	0.03372	0.05099	0.65622	0.01974	0.02550	0.02550	0.01892	0.02714	0.01563	0.02056	0.01316	0.00740	0.00822	0.00247	0.00987	0.00740	0.00411	0.01316
15	0.01035	0.00733	0.00957	0.01127	0.01170	0.00690	0.00739	0.01163	0.01545	0.02060	0.04346	0.62577	0.05201	0.10688	0.01436	0.00393	0.00520	0.02225	0.00739	0.00654
16	0.01805	0.01717	0.02918	0.37986	0.34701	0.01908	0.02424	0.02329	0.01773	0.02409	0.01518	0.02138	0.01208	0.00787	0.00827	0.00262	0.01049	0.00739	0.00389	0.01113
17	0.02056	0.01974	0.03372	0.05099	0.65622	0.01974	0.02550	0.02550	0.01892	0.02714	0.01563	0.02056	0.01316	0.00740	0.00822	0.00247	0.00987	0.00740	0.00411	0.01316
18	0.03108	0.03815	0.02366	0.02120	0.02569	0.61748	0.01603	0.08566	0.02491	0.02315	0.01347	0.01542	0.01100	0.00869	0.00756	0.00217	0.01447	0.00554	0.00464	0.01003
19	0.01569	0.01477	0.02492	0.68808	0.05722	0.01846	0.02307	0.02123	0.01661	0.02123	0.01477	0.02215	0.01107	0.00831	0.00831	0.00277	0.01107	0.00738	0.00369	0.00923
20	0.16308	0.07201	0.50602	0.02071	0.03133	0.01986	0.02562	0.02587	0.01684	0.02810	0.01409	0.01654	0.01023	0.00782	0.00723	0.00258	0.01096	0.00573	0.00383	0.01156
21	0.76672	0.01607	0.01221	0.01092	0.01607	0.01864	0.00900	0.02442	0.01414	0.03727	0.01157	0.01350	0.00900	0.00771	0.00514	0.00257	0.00643	0.00450	0.00514	0.00900
22	0.00982	0.00842	0.00842	0.00842	0.01122	0.00701	0.00631	0.01192	0.01894	0.02244	0.08416	0.07995	0.65285	0.02104	0.00982	0.00281	0.00421	0.01753	0.00771	0.00701
23	0.00982	0.00842	0.00842	0.00842	0.01122	0.00701	0.00631	0.01192	0.01894	0.02244	0.08416	0.07995	0.65285	0.02104	0.00982	0.00281	0.00421	0.01753	0.00771	0.00701
24	0.02027	0.01649	0.01943	0.01687	0.01977	0.05245	0.01351	0.20817	0.02165	0.02949	0.01860	0.02480	0.01608	0.03286	0.28077	0.05367	0.13208	0.00789	0.00546	0.00968
25	0.02343	0.01640	0.01730	0.01443	0.01893	0.01803	0.01154	0.28676	0.14828	0.04093	0.02532	0.02622	0.01900	0.01012	0.00740	0.00235	0.00667	0.00795	0.28738	0.01155
26	0.01378	0.01204	0.01716	0.02255	0.21335	0.01131	0.01305	0.01723	0.01983	0.02618	0.17080	0.05878	0.30264	0.01611	0.00942	0.00273	0.00614	0.05090	0.00686	0.00913
27	0.01823	0.09338	0.34065	0.02586	0.03483	0.02187	0.20035	0.02538	0.01740	0.02490	0.01460	0.01867	0.01119	0.00850	0.01094	0.00275	0.10820	0.00721	0.00373	0.01137
28	0.01691	0.01715	0.03245	0.48404	0.05291	0.01925	0.21146	0.02291	0.01755	0.02291	0.01540	0.02223	0.01155	0.00790	0.00877	0.00278	0.01199	0.00814	0.00385	0.00985
29	0.01099	0.00949	0.01096	0.01261	0.06846	0.00830	0.00845	0.01345	0.01895	0.02301	0.07556	0.07559	0.55802	0.01996	0.00978	0.00284	0.00493	0.05366	0.00739	0.00760
30	0.06508	0.01796	0.02964	0.24756	0.42958	0.01927	0.02372	0.02410	0.01790	0.02592	0.01511	0.02062	0.01225	0.00770	0.00806	0.00257	0.01003	0.00722	0.00404	0.01167
31	0.02482	0.02948	0.02417	0.02127	0.02432	0.39282	0.04795	0.02723	0.01931	0.02045	0.01366	0.01829	0.01205	0.01641	0.09190	0.00389	0.19203	0.00650	0.00413	0.00931
32	0.01012	0.00723	0.00964	0.01157	0.01205	0.00675	0.00771	0.01157	0.01591	0.02121	0.04579	0.70262	0.05495	0.02603	0.01060	0.00337	0.00482	0.02362	0.00771	0.00675
33	0.01666	0.04297	0.66500	0.02368	0.03596	0.01929	0.03069	0.02631	0.01754	0.02631	0.01491	0.01754	0.01052	0.00789	0.00789	0.00263	0.01228	0.00614	0.00351	0.01228
34	0.28599	0.07544	0.01685	0.01240	0.01696	0.01600	0.00996	0.06251	0.01857	0.18699	0.05501	0.06136	0.02145	0.11298	0.01214	0.00335	0.00699	0.00828	0.00679	0.00997
35	0.01098	0.00872	0.01168	0.01172	0.01368	0.00789	0.03822	0.01351	0.01867	0.02438	0.17269	0.31879	0.24435	0.02162	0.01021	0.00304	0.00506	0.04964	0.00781	0.00731
36	0.01941	0.01659	0.01770	0.01627	0.02047	0.01901	0.01250	0.04028	0.56708	0.03315	0.03523	0.11062	0.02887	0.01302	0.00871	0.00288	0.00637	0.01108	0.00837	0.01239
37	0.01950	0.01912	0.03036	0.25607	0.43054	0.05202	0.02424	0.02449	0.01840	0.02488	0.01521	0.02080	0.01236	0.00775	0.00821	0.00255	0.01052	0.00729	0.00398	0.01171
38	0.01904	0.01818	0.03097	0.25003	0.46908	0.01934	0.02474	0.02416	0.01820	0.02529	0.01536	0.02106	0.01251	0.00768	0.00825	0.00256	0.01025	0.00740	0.00398	0.01193
39	0.01134	0.00810	0.01104	0.01296	0.01398	0.00780	0.00983	0.01368	0.01711	0.02257	0.04511	0.47481	0.05228	0.02488	0.01093	0.00354	0.00588	0.23937	0.00769	0.00709
40	0.02702	0.03290	0.02414	0.02153	0.02447	0.47185	0.01671	0.02906	0.02016	0.02023	0.01224	0.01598	0.01076	0.01043	0.01367	0.00261	0.22676	0.00595	0.00408	0.00946
41	0.02259	0.02093	0.03060	0.07633	0.46070	0.05312	0.02273	0.12320	0.05331	0.03091	0.01704	0.02079	0.01369	0.00811	0.00822	0.00249	0.00990	0.00741	0.00499	0.01293
42	0.01666	0.04297	0.66500	0.02368	0.03596	0.01929	0.03069	0.02631	0.01754	0.02631	0.01491	0.01754	0.01052	0.00789	0.00789	0.00263	0.01228	0.00614	0.00351	0.01228
43	0.01012	0.00723	0.00964	0.01157	0.01205	0.00675	0.00771	0.01157	0.01591	0.02121	0.04579	0.70262	0.05495	0.02603	0.01060	0.00337	0.00482	0.02362	0.00771	0.00675
44	0.02962	0.02098	0.02294	0.01803	0.02401	0.02288	0.01470	0.52582	0.03562	0.08662	0.02352	0.09395	0.01892	0.01172	0.00856	0.00259	0.00855	0.00927	0.00837	0.01333
45	0.01937	0.25260	0.39773	0.02046	0.03001	0.06432	0.02397	0.02597	0.01746	0.02349	0.01352	0.01609	0.01060	0.00802	0.00803	0.00238	0.04535	0.00561	0.00358	0.01145
46	0.62339	0.02065	0.01442	0.01297	0.01794	0.14646	0.01037	0.02613	0.01597	0.03397	0.01182	0.01378	0.00933	0.00788	0.00560	0.00249	0.00809	0.00466	0.00497	0.00912
47	0.03103	0.03959	0.02354	0.02140	0.02568	0.67469	0.01605	0.03317	0.02354	0.02033	0.01284	0.01498	0.01070	0.00856	0.00749	0.00214	0.01498	0.00535	0.00428	0.00963
48	0.02031	0.01948	0.03327	0.08358	0.62558	0.01967	0.02537	0.02528	0.01880	0.02684	0.01558	0.02064	0.01305	0.00745	0.00823	0.00248	0.00993	0.00740	0.00409	0.01296
49	0.01666	0.04297	0.66500	0.02368	0.03596	0.01929	0.03069	0.02631	0.01754	0.02631	0.01491	0.01754	0.01052	0.00789	0.00789	0.00263	0.01228	0.00614	0.00351	0.01228
50	0.01012	0.00723	0.00964	0.01157	0.01205	0.00675	0.00771	0.01157	0.01591	0.02121	0.04579	0.70262	0.05495	0.02603	0.01060	0.00337	0.00482	0.02362	0.00771	0.00675
51	0.01917	0.02638	0.21732	0.07041	0.42269	0.01961	0.05340	0.02559	0.01845	0.02662	0.01543	0.01983	0.01228	0.00757	0.00820	0.00254	0.01080	0.00714	0.00392	0.01264
52	0.02056	0.01974	0.03372	0.05099	0.65622	0.01974	0.02550	0.02550	0.01892	0.02714	0.01563	0.02056	0.01316	0.00740	0.00822	0.00247	0.00987	0.00740	0.00411	0.01316
53	0.01012	0.00723	0.00964	0.01157	0.01205	0.00675	0.00771	0.01157	0.01591	0.02121	0.04579	0.70262	0.05495	0.02603	0.01060	0.00337	0.00482	0.02362	0.00771	0.00675
54	0.01813	0.03416	0.42790	0.03179	0.22886	0.01952	0.02799	0.02716	0.05645	0.02709	0.01630	0.01931	0.01226	0.00795	0.00803	0.00259	0.01117	0.00673	0.00400	0.01261
55	0.02056	0.01974	0.03372	0.05099	0.65622	0.01974	0.02550	0.02550	0.01892	0.02714	0.01563	0.02056	0.01316	0.00740	0.00822	0.00247	0.00987	0.00740	0.00411	0.01316
56	0.09415	0.03056	0.02094	0.01841	0.02295	0.41136	0.01416	0.14676	0.02501	0.02933	0.01580	0.01771	0.01247	0.00889	0.00724	0.00222	0.01177	0.00597	0.09404	0.01023
57	0.00982	0.00842	0.00842	0.00842	0.01122	0.00701	0.00631	0.01192	0.01894	0.02244	0.08416	0.07995	0.65285	0.02104	0.00982	0.00281	0.00421	0.01753	0.00771	0.00701
58	0.01794	0.01717	0.05607	0.02790	0.25813	0.01631	0.01699	0.05878	0.14216	0.03074	0.16046	0.03773	0.10053	0.01185	0.00876	0.00261	0.00743	0.01046	0.00661	0.01136
59	0.02202	0.11009	0.14312	0.03436	0.28181	0.14897	0.09153	0.02718	0.01942	0.02471	0.01461	0.01831	0.01187	0.00763	0.00786	0.00239	0.01163	0.00671	0.00399	0.01180
60	0.01998	0.01440	0.01605	0.01405	0.01704	0.01535	0.01037	0.27762	0.02470	0.03306	0.02859	0.20808	0.02971	0.22987	0.01941	0.00444	0.00768	0.01310	0.00714	0.00940
61	0.02308	0.46351	0.14670	0.01680	0.02470	0.02915	0.01735	0.14273	0.02131	0.02710	0.01376	0.01534	0.01131	0.00780	0.00635	0.00206	0.00952	0.00533	0.00447	0.01161
62	0.04489	0.02010	0.16526	0.12891	0.15916	0.01539	0.02048	0.02170	0.01864	0.02653	0.09509	0.04362	0.02853	0.01280	0.00907	0.00292	0.00921	0.16209	0.00544	0.01015
63	0.01337	0.07353	0.04838	0.01250	0.01558	0.01224	0.01008	0.01946	0.12477	0.02473	0.08718	0.29421	0.19451	0.01905	0.00938	0.00291	0.00566	0.01650	0.00734	0.00862
64	0.03103	0.03959	0.02354	0.02140	0.02568	0.67469	0.01605	0.03317	0.02354	0.02033	0.01284	0.01498	0.01070	0.00856	0.00749	0.00214	0.01498	0.00535	0.00428	0.00963
65	0.06662	0.02606	0.14672	0.01855	0.02564	0.10925	0.01719	0.18760	0.08646	0.19966	0.02227	0.02172	0.01547	0.00947	0.00798	0.00253	0.00962	0.00719	0.00719	0.01279
66	0.04957	0.07612	0.03373	0.02439	0.03063	0.07856	0.27624	0.07520	0.12713	0.02845	0.01964	0.02317	0.01540	0.01455	0.08590	0.00386	0.01270	0.00843	0.00527	0.01106
67	0.01027	0.00734	0.00977	0.01147	0.01208	0.00684	0.00772	0.01193	0.01658	0.02227	0.09922	0.64615	0.05701	0.02523	0.01053	0.00331	0.00474	0.02286	0.00784	0.00684
68	0.01711	0.03985	0.57157	0.02540	0.03709	0.01955	0.12100	0.02635	0.01785	0.02635	0.01520	0.01828	0.01084	0.00776	0.00818	0.00266	0.01254	0.00669	0.00361	0.01211
69	0.02287	0.06254	0.02152	0.02141	0.09596	0.35473	0.01448	0.02527	0.02062	0.02195	0.05236	0.19978	0.02593	0.01337	0.00840	0.00251	0.01084	0.01084	0.00536	0.00925
70	0.02740	0.18916	0.10413	0.01993	0.02593	0.41383	0.01736	0.06724	0.02230	0.02284	0.01324	0.01522	0.01088	0.00824	0.00711	0.00214	0.01294	0.00537	0.00428	0.01045
71	0.00982	0.00842	0.00842	0.00842	0.01122	0.00701	0.00631	0.01192	0.01894	0.02244	0.08416	0.07995	0.65285	0.02104	0.00982	0.00281	0.00421	0.01753	0.00771	0.00701
72	0.01528	0.01229	0.01758	0.02284	0.20055	0.01162	0.01397	0.01869	0.01923	0.05798	0.05147	0.06345	0.28194	0.01699	0.00969	0.00295	0.00687	0.16048	0.00679	0.00933
73	0.02134	0.01895	0.05534	0.01883	0.06205	0.01946	0.01458	0.16755	0.32679	0.03749	0.13472	0.03246	0.03037	0.01153	0.00861	0.00268	0.00721	0.00963	0.00799	0.01241
74	0.01779	0.03511	0.42943	0.02801	0.03881	0.01995	0.25838	0.02642	0.01833	0.02642	0.01563	0.01940	0.01132	0.00755	0.00862	0.00270	0.01294	0.00754	0.00377	0.01187
75	0.01243	0.00954	0.01183	0.01286	0.01523	0.00916	0.01079	0.01656	0.04879	0.02445	0.05820	0.08568	0.26810	0.02169	0.01072	0.00340	0.00634	0.35884	0.00771	0.00768
76	0.02648	0.07543	0.02668	0.12503	0.13323	0.42911	0.01852	0.02961	0.02133	0.02153	0.01350	0.01686	0.01116	0.00824	0.00759	0.00226	0.01318	0.00593	0.00412	0.01021
77	0.01833	0.01746	0.02969	0.34236	0.38227	0.01915	0.02439	0.02354	0.01786	0.02444	0.01523	0.02129	0.01221	0.00782	0.00826	0.00261	0.01042	0.00739	0.00392	0.01136
78	0.24413	0.07432	0.02148	0.01792	0.02262	0.44458	0.01389	0.03012	0.02040	0.02520	0.01239	0.01445	0.01020	0.00822	0.00668	0.00224	0.01212	0.00505	0.00449	0.00951
79	0.02899	0.03572	0.02552	0.02717	0.14853	0.54709	0.01789	0.03168	0.02264	0.02166	0.01338	0.01607	0.01118	0.00833	0.00763	0.00220	0.01399	0.00575	0.00425	0.01032
80	0.02922	0.01330	0.01748	0.01471	0.01960	0.01228	0.01193	0.09022	0.02337	0.41677	0.03509	0.15110	0.02907	0.01446	0.00911	0.00285	0.00695	0.08107	0.00934	0.01210
81	0.01384	0.01180	0.01713	0.01599	0.01701	0.01509	0.01282	0.01645	0.01315	0.01951	0.01871	0.02812	0.01769	0.04738	0.47271	0.01032	0.23176	0.00839	0.00420	0.00794
82	0.02112	0.02069	0.03244	0.04773	0.59128	0.05434	0.02438	0.02683	0.05022	0.02716	0.01639	0.02079	0.01364	0.00766	0.00820	0.00247	0.00997	0.00739	0.00434	0.01297
83	0.03091	0.02293	0.02455	0.01898	0.02551	0.02545	0.01563	0.59246	0.07621	0.05127	0.02080	0.02063	0.01482	0.01005	0.00832	0.00251	0.00898	0.00760	0.00832	0.01407
84	0.01557	0.01449	0.02431	0.65258	0.05511	0.01799	0.02256	0.02101	0.01674	0.02142	0.01631	0.02592	0.01301	0.00908	0.00847	0.00282	0.01089	0.03867	0.00390	0.00915
85	0.01159	0.00820	0.00974	0.01033	0.01222	0.00723	0.00737	0.01357	0.01811	0.05776	0.09994	0.35918	0.30962	0.02246	0.01009	0.00304	0.00463	0.01964	0.00795	0.00734
86	0.02704	0.01739	0.01947	0.01552	0.02025	0.01842	0.01213	0.35303	0.02880	0.14686	0.02391	0.03112	0.01978	0.20757	0.01793	0.00408	0.00848	0.00893	0.00772	0.01156
87	0.01210	0.01051	0.01701	0.01525	0.01770	0.00971	0.12763	0.01462	0.01686	0.02200	0.04595	0.37963	0.16522	0.08914	0.01344	0.00361	0.00681	0.01855	0.00676	0.00750
88	0.01012	0.00723	0.00964	0.01157	0.01205	0.00675	0.00771	0.01157	0.01591	0.02121	0.04579	0.70262	0.05495	0.02603	0.01060	0.00337	0.00482	0.02362	0.00771	0.00675
89	0.02056	0.01974	0.03372	0.05099	0.65622	0.01974	0.02550	0.02550	0.01892	0.02714	0.01563	0.02056	0.01316	0.00740	0.00822	0.00247	0.00987	0.00740	0.00411	0.01316
90	0.02056	0.01974	0.03372	0.05099	0.65622	0.01974	0.02550	0.02550	0.01892	0.02714	0.01563	0.02056	0.01316	0.00740	0.00822	0.00247	0.00987	0.00740	0.00411	0.01316
91	0.02711	0.03217	0.02735	0.03247	0.26159	0.42965	0.01958	0.03030	0.02181	0.02288	0.01388	0.01707	0.01162	0.00813	0.00777	0.00226	0.01307	0.00612	0.00422	0.01095
92	0.02046	0.02001	0.03529	0.04936	0.59353	0.01987	0.08693	0.02561	0.01899	0.02709	0.01575	0.02075	0.01310	0.00736	0.00839	0.00250	0.01029	0.00765	0.00412	0.01296
93	0.01269	0.01029	0.01315	0.01428	0.05349	0.01013	0.01052	0.01664	0.04378	0.02623	0.19657	0.07048	0.26822	0.01902	0.01100	0.00304	0.04160	0.16316	0.00763	0.00809
94	0.10592	0.09559	0.02763	0.27887	0.19199	0.05387	0.02001	0.08374	0.01950	0.02737	0.01467	0.01921	0.01159	0.00806	0.00755	0.00250	0.01001	0.00664	0.00443	0.01084
95	0.01006	0.00824	0.00892	0.00939	0.01170	0.00710	0.00696	0.01213	0.01835	0.02233	0.07457	0.20199	0.50460	0.02211	0.01006	0.00297	0.00451	0.04931	0.00771	0.00699
96	0.02364	0.02377	0.02127	0.09844	0.06514	0.22316	0.01524	0.16166	0.07947	0.02972	0.03062	0.03139	0.13843	0.01145	0.00836	0.00250	0.01005	0.00893	0.00614	0.01061
97	0.02056	0.01974	0.03372	0.05099	0.65622	0.01974	0.02550	0.02550	0.01892	0.02714	0.01563	0.02056	0.01316	0.00740	0.00822	0.00247	0.00987	0.00740	0.00411	0.01316
98	0.03307	0.01744	0.08231	0.01593	0.02270	0.01402	0.01414	0.03958	0.10467	0.51707	0.03117	0.02759	0.02022	0.01018	0.00832	0.00261	0.00751	0.00827	0.00938	0.01383
99	0.01991	0.02157	0.04424	0.04001	0.23487	0.02061	0.43842	0.02626	0.01939	0.02678	0.01644	0.02183	0.01278	0.00713	0.00931	0.00270	0.01271	0.00905	0.00417	0.01182
100	0.29843	0.17142	0.29231	0.01695	0.02549	0.02185	0.01917	0.02531	0.01613	0.02901	0.01296	0.01516	0.00998	0.00766	0.00633	0.00243	0.00939	0.00517	0.00413	0.01072
101	0.01361	0.04059	0.01214	0.01067	0.01387	0.11223	0.00814	0.01574	0.01957	0.02200	0.07021	0.06723	0.52774	0.01855	0.00928	0.00266	0.00607	0.01512	0.00702	0.00756
102	0.00999	0.00835	0.00871	0.00878	0.01137	0.00706	0.00652	0.01220	0.01911	0.02322	0.12670	0.11809	0.56935	0.02103	0.00987	0.00283	0.00422	0.01772	0.00783	0.00706
103	0.02391	0.52471	0.07333	0.01623	0.02311	0.14248	0.01552	0.05727	0.01920	0.02173	0.01239	0.01418	0.01084	0.00755	0.00600	0.00192	0.01014	0.00485	0.00392	0.01075
104	0.02554	0.02298	0.03051	0.03544	0.32590	0.07974	0.05918	0.25185	0.02690	0.03594	0.01707	0.01996	0.01327	0.00844	0.00829	0.00247	0.01031	0.00740	0.00570	0.01309
105	0.02221	0.71304	0.04353	0.01421	0.02132	0.03287	0.01421	0.02488	0.01688	0.01955	0.01155	0.01333	0.01066	0.00711	0.00533	0.00178	0.00888	0.00444	0.00355	0.01066
106	0.00982	0.00842	0.00842	0.00842	0.01122	0.00701	0.00631	0.01192	0.01894	0.02244	0.08416	0.07995	0.65285	0.02104	0.00982	0.00281	0.00421	0.01753	0.00771	0.00701
107	0.02104	0.10192	0.01960	0.01532	0.01920	0.31552	0.01191	0.02328	0.02046	0.02095	0.03944	0.03974	0.24679	0.01639	0.05051	0.00306	0.01081	0.00994	0.00547	0.00865
108	0.01187	0.00890	0.01335	0.01335	0.01483	0.01038	0.01038	0.01483	0.01335	0.01928	0.02225	0.03264	0.02077	0.06231	0.67512	0.01335	0.02225	0.00890	0.00445	0.00742
109	0.01339	0.00956	0.01339	0.01530	0.01721	0.00956	0.01339	0.01721	0.01912	0.02486	0.04399	0.09371	0.04781	0.02295	0.01147	0.00382	0.00765	0.60031	0.00765	0.00765
110	0.01798	0.03469	0.43134	0.03150	0.17621	0.01965	0.11849	0.02617	0.01816	0.02654	0.01535	0.01894	0.01143	0.00765	0.00825	0.00262	0.01200	0.00697	0.00375	0.01231
111	0.02593	0.02046	0.02175	0.01797	0.02361	0.02312	0.01442	0.32621	0.35056	0.04325	0.02712	0.02566	0.01994	0.01064	0.00838	0.00266	0.00781	0.00847	0.00838	0.01362
112	0.01569	0.01477	0.02492	0.68808	0.05722	0.01846	0.02307	0.02123	0.01661	0.02123	0.01477	0.02215	0.01107	0.00831	0.00831	0.00277	0.01107	0.00738	0.00369	0.00923
113	0.01281	0.00899	0.00991	0.00937	0.01239	0.00765	0.00713	0.01531	0.02015	0.08645	0.17131	0.07202	0.49805	0.01933	0.00967	0.00275	0.00444	0.01623	0.00820	0.00784
114	0.02762	0.03135	0.02207	0.01954	0.02430	0.41954	0.01492	0.08126	0.17949	0.02684	0.01878	0.01952	0.01475	0.00920	0.00771	0.00228	0.01188	0.00650	0.00568	0.05676
115	0.01242	0.00919	0.01208	0.01356	0.01560	0.00885	0.01151	0.01574	0.01892	0.02413	0.05309	0.12177	0.18390	0.02268	0.01106	0.00357	0.00673	0.44007	0.00767	0.00746
116	0.01264	0.00932	0.01235	0.01386	0.01596	0.00903	0.01191	0.01611	0.01908	0.02436	0.05236	0.09084	0.17397	0.02255	0.01113	0.00361	0.00693	0.47879	0.00766	0.00752
117	0.01848	0.01761	0.02995	0.32362	0.39989	0.01919	0.02446	0.02367	0.01793	0.02461	0.01526	0.02124	0.01227	0.00779	0.00826	0.00260	0.01038	0.00739	0.00393	0.01148
118	0.01795	0.03510	0.42711	0.05630	0.03499	0.05502	0.09507	0.02544	0.01727	0.02476	0.01436	0.01828	0.01086	0.00892	0.01125	0.00279	0.12278	0.00676	0.00366	0.01135
119	0.02927	0.03684	0.02455	0.02180	0.02618	0.59780	0.05338	0.03176	0.02274	0.02066	0.01360	0.01641	0.01137	0.01142	0.04437	0.00280	0.01532	0.00582	0.00428	0.00961
120	0.01776	0.00982	0.01303	0.01147	0.01448	0.00887	0.00887	0.02152	0.02358	0.18128	0.50613	0.05410	0.06478	0.01541	0.00946	0.00260	0.00466	0.01345	0.00941	0.00932
121	0.01958	0.37188	0.32104	0.01971	0.02920	0.02609	0.05905	0.02562	0.01734	0.02299	0.01337	0.01576	0.01072	0.00745	0.00675	0.00222	0.01071	0.00553	0.00357	0.01142
122	0.01764	0.02966	0.32561	0.03110	0.18895	0.01843	0.12849	0.02498	0.01870	0.02693	0.05747	0.02614	0.01790	0.00902	0.00862	0.00268	0.01119	0.04034	0.00436	0.01178
123	0.03115	0.03609	0.02384	0.02091	0.02570	0.53536	0.01600	0.16100	0.02687	0.02721	0.01437	0.01605	0.01144	0.00886	0.00767	0.00222	0.01373	0.00581	0.00515	0.01060
124	0.02459	0.03507	0.22345	0.05780	0.02982	0.30140	0.02047	0.11303	0.02347	0.02755	0.05402	0.01978	0.01532	0.00906	0.00792	0.00241	0.01242	0.00660	0.00487	0.01096
125	0.02185	0.02766	0.13396	0.03870	0.35081	0.14745	0.10699	0.02727	0.01969	0.02561	0.01513	0.01925	0.01219	0.00765	0.00825	0.00248	0.01182	0.00713	0.00406	0.01206
126	0.02056	0.01974	0.03372	0.05099	0.65622	0.01974	0.02550	0.02550	0.01892	0.02714	0.01563	0.02056	0.01316	0.00740	0.00822	0.00247	0.00987	0.00740	0.00411	0.01316
127	0.01187	0.00883	0.01297	0.01293	0.01436	0.01009	0.00993	0.01474	0.01393	0.02000	0.06246	0.03570	0.02495	0.09496	0.59804	0.01238	0.02031	0.00946	0.00478	0.00731
128	0.01925	0.13877	0.02306	0.05924	0.02204	0.17872	0.01407	0.02200	0.01659	0.01978	0.01642	0.02278	0.01490	0.03112	0.28487	0.00691	0.08957	0.00700	0.00412	0.00881
129	0.02032	0.01949	0.03328	0.08255	0.62655	0.01967	0.02538	0.02528	0.01880	0.02685	0.01558	0.02064	0.01306	0.00745	0.00823	0.00248	0.00993	0.00740	0.00409	0.01296
130	0.01154	0.00789	0.00988	0.01100	0.01236	0.00711	0.00763	0.01324	0.01705	0.05676	0.05410	0.51896	0.19378	0.02399	0.01029	0.00320	0.00480	0.02134	0.00785	0.00722
131	0.01103	0.00815	0.01030	0.01042	0.01213	0.00743	0.00756	0.01402	0.02082	0.02846	0.40501	0.23039	0.16366	0.01996	0.01001	0.00284	0.00420	0.01764	0.00855	0.00743
132	0.22359	0.06138	0.02202	0.01769	0.02279	0.26514	0.01413	0.19199	0.02449	0.03345	0.01429	0.01600	0.01119	0.00891	0.00786	0.00240	0.04069	0.00575	0.00554	0.01072
133	0.02907	0.14058	0.02937	0.01968	0.02599	0.15291	0.11889	0.03423	0.07076	0.26248	0.02242	0.02222	0.01587	0.00890	0.00792	0.00241	0.01014	0.00740	0.00672	0.01204
134	0.02148	0.02149	0.03282	0.04838	0.60063	0.07748	0.02466	0.02617	0.01932	0.02654	0.01538	0.02007	0.01294	0.00750	0.00816	0.00244	0.01032	0.00722	0.00413	0.01285
135	0.02393	0.58183	0.03964	0.01561	0.02217	0.15792	0.01457	0.02649	0.01818	0.01970	0.01180	0.01365	0.01067	0.00739	0.00575	0.00185	0.01007	0.00462	0.00370	0.01046
136	0.02056	0.01974	0.03372	0.05099	0.65622	0.01974	0.02550	0.02550	0.01892	0.02714	0.01563	0.02056	0.01316	0.00740	0.00822	0.00247	0.00987	0.00740	0.00411	0.01316
137	0.01237	0.00883	0.01222	0.01413	0.01560	0.00868	0.01161	0.01545	0.01812	0.02372	0.04455	0.28395	0.05004	0.02391	0.01120	0.00368	0.00677	0.42013	0.00767	0.00737
138	0.01818	0.01818	0.02545	0.02181	0.02181	0.02545	0.01818	0.01999	0.01272	0.01999	0.01091	0.01818	0.01091	0.01454	0.02726	0.00364	0.69284	0.00727	0.00364	0.00909
139	0.02357	0.08700	0.18121	0.02773	0.11948	0.22618	0.12547	0.06517	0.02123	0.02567	0.01473	0.01781	0.01154	0.00794	0.00796	0.00241	0.01262	0.00665	0.00425	0.01137
140	0.01666	0.04297	0.66500	0.02368	0.03596	0.01929	0.03069	0.02631	0.01754	0.02631	0.01491	0.01754	0.01052	0.00789	0.00789	0.00263	0.01228	0.00614	0.00351	0.01228
141	0.01339	0.00956	0.01339	0.01530	0.01721	0.00956	0.01339	0.01721	0.01912	0.02486	0.04399	0.09371	0.04781	0.02295	0.01147	0.00382	0.00765	0.60031	0.00765	0.00765
142	0.01436	0.02980	0.41988	0.01884	0.02700	0.01472	0.02202	0.02122	0.01787	0.02567	0.08880	0.17204	0.06636	0.01347	0.00878	0.00280	0.00936	0.01145	0.00522	0.01033
143	0.01996	0.01912	0.03263	0.12981	0.58211	0.01958	0.02520	0.02497	0.01863	0.02641	0.01552	0.02076	0.01290	0.00751	0.00823	0.00250	0.01002	0.00740	0.00406	0.01267
144	0.01208	0.00805	0.00906	0.00906	0.00906	0.00805	0.00503	0.01208	0.01208	0.01611	0.02618	0.05436	0.03020	0.70804	0.04228	0.00805	0.00805	0.01208	0.00503	0.00503
145	0.02056	0.01974	0.03372	0.05099	0.65622	0.01974	0.02550	0.02550	0.01892	0.02714	0.01563	0.02056	0.01316	0.00740	0.00822	0.00247	0.00987	0.00740	0.00411	0.01316
146	0.02026	0.01943	0.03318	0.09002	0.61952	0.01966	0.02535	0.02523	0.01877	0.02678	0.01557	0.02066	0.01303	0.00746	0.00823	0.00249	0.00994	0.00740	0.00409	0.01292
147	0.16661	0.49781	0.11110	0.01470	0.02203	0.02849	0.01515	0.02496	0.01642	0.02380	0.01195	0.01386	0.01032	0.00732	0.00560	0.00203	0.00881	0.00465	0.00386	0.01053
148	0.01569	0.01477	0.02492	0.68808	0.05722	0.01846	0.02307	0.02123	0.01661	0.02123	0.01477	0.02215	0.01107	0.00831	0.00831	0.00277	0.01107	0.00738	0.00369	0.00923
149	0.01921	0.01782	0.02796	0.17593	0.37555	0.01915	0.02198	0.02782	0.13969	0.02727	0.02039	0.02655	0.01682	0.00911	0.00845	0.00267	0.00937	0.03715	0.00505	0.01206
150	0.02495	0.24369	0.02761	0.01711	0.02195	0.32020	0.01396	0.06496	0.02100	0.02196	0.01852	0.02188	0.05213	0.05028	0.04397	0.00300	0.01204	0.00651	0.00457	0.00971
151	0.01012	0.00723	0.00964	0.01157	0.01205	0.00675	0.00771	0.01157	0.01591	0.02121	0.04579	0.70262	0.05495	0.02603	0.01060	0.00337	0.00482	0.02362	0.00771	0.00675
152	0.01943	0.02367	0.08676	0.03432	0.04296	0.02090	0.58958	0.02659	0.01948	0.02659	0.01669	0.02211	0.01248	0.00706	0.00969	0.00279	0.01390	0.00958	0.00416	0.01127
153	0.01458	0.01341	0.01768	0.01663	0.01794	0.04875	0.04952	0.01769	0.04650	0.02172	0.03092	0.36706	0.03468	0.02246	0.05691	0.00395	0.18955	0.01583	0.00606	0.00815
154	0.02066	0.02268	0.02971	0.02431	0.02669	0.13615	0.13624	0.02355	0.01592	0.02134	0.01239	0.01845	0.01120	0.01204	0.02046	0.00322	0.44410	0.00743	0.00386	0.00959
155	0.01012	0.00723	0.00964	0.01157	0.01205	0.00675	0.00771	0.01157	0.01591	0.02121	0.04579	0.70262	0.05495	0.02603	0.01060	0.00337	0.00482	0.02362	0.00771	0.00675
156	0.02280	0.02399	0.03154	0.04466	0.52129	0.15990	0.02347	0.02714	0.01991	0.02568	0.01503	0.01937	0.01263	0.00765	0.00807	0.00240	0.01096	0.00696	0.00415	0.01240
157	0.02556	0.02957	0.02443	0.02146	0.02403	0.36274	0.01695	0.05878	0.01973	0.02187	0.01239	0.01661	0.01097	0.01119	0.01600	0.00280	0.30481	0.00628	0.00422	0.00963
158	0.02124	0.01813	0.01911	0.01702	0.02182	0.02093	0.01329	0.07482	0.60961	0.03568	0.03308	0.03041	0.02477	0.01120	0.00845	0.00280	0.00671	0.00929	0.00845	0.01320
159	0.01825	0.01738	0.02955	0.35309	0.37218	0.01913	0.02435	0.02347	0.01782	0.02434	0.01522	0.02131	0.01217	0.00783	0.00826	0.00261	0.01044	0.00739	0.00391	0.01130
160	0.01904	0.01842	0.03205	0.24104	0.43765	0.01943	0.06292	0.02429	0.01827	0.02533	0.01544	0.02115	0.01250	0.00765	0.00835	0.00258	0.01049	0.00755	0.00399	0.01186
161	0.03002	0.11843	0.02600	0.02041	0.02517	0.55885	0.01582	0.06866	0.02370	0.02220	0.01312	0.01509	0.01091	0.00847	0.00728	0.00212	0.01390	0.00537	0.00444	0.01003
162	0.01818	0.01818	0.02545	0.02181	0.02181	0.02545	0.01818	0.01999	0.01272	0.01999	0.01091	0.01818	0.01091	0.01454	0.02726	0.00364	0.69284	0.00727	0.00364	0.00909
163	0.01940	0.21300	0.35625	0.02319	0.03299	0.05771	0.13537	0.02635	0.01807	0.02429	0.01428	0.01721	0.01095	0.00756	0.00756	0.00241	0.01186	0.00633	0.00369	0.01152
164	0.01069	0.00795	0.00961	0.01036	0.01168	0.00728	0.00722	0.01259	0.01748	0.02282	0.14524	0.32418	0.21529	0.11727	0.01468	0.00377	0.00508	0.04250	0.00756	0.00678
165	0.01012	0.00723	0.00964	0.01157	0.01205	0.00675	0.00771	0.01157	0.01591	0.02121	0.04579	0.70262	0.05495	0.02603	0.01060	0.00337	0.00482	0.02362	0.00771	0.00675
166	0.02056	0.01974	0.03372	0.05099	0.65622	0.01974	0.02550	0.02550	0.01892	0.02714	0.01563	0.02056	0.01316	0.00740	0.00822	0.00247	0.00987	0.00740	0.00411	0.01316
167	0.03107	0.03859	0.02363	0.02126	0.02569	0.63494	0.01604	0.06965	0.02449	0.02229	0.01328	0.01529	0.01091	0.00865	0.00754	0.00216	0.01462	0.00548	0.00453	0.00991
168	0.02020	0.02074	0.03944	0.04501	0.42695	0.02021	0.25018	0.02591	0.01917	0.02694	0.01607	0.02125	0.01295	0.00725	0.00882	0.00259	0.01142	0.00830	0.00415	0.01243
169	0.01339	0.00956	0.01339	0.01530	0.01721	0.00956	0.01339	0.01721	0.01912	0.02486	0.04399	0.09371	0.04781	0.02295	0.01147	0.00382	0.00765	0.60031	0.00765	0.00765
170	0.01961	0.02241	0.04902	0.03501	0.04342	0.02101	0.62605	0.02661	0.01961	0.02661	0.01681	0.02241	0.01261	0.00700	0.00980	0.00280	0.01401	0.00980	0.00420	0.01120
171	0.02847	0.03421	0.02237	0.02029	0.02467	0.51294	0.01533	0.03589	0.17630	0.02390	0.01803	0.01894	0.01433	0.00923	0.00773	0.00231	0.01290	0.00635	0.00531	0.01050
172	0.01173	0.00794	0.00927	0.00956	0.00975	0.00782	0.00564	0.01218	0.01334	0.01789	0.06239	0.16616	0.03698	0.55457	0.03513	0.00696	0.00728	0.01422	0.00571	0.00548
173	0.01134	0.00848	0.01053	0.01002	0.01216	0.00766	0.00751	0.01487	0.02254	0.03099	0.53036	0.06588	0.20132	0.01785	0.00980	0.00265	0.00398	0.01556	0.00884	0.00766
174	0.01540	0.01169	0.01551	0.01414	0.01677	0.01167	0.04748	0.13398	0.02302	0.03139	0.22831	0.32751	0.05170	0.01890	0.00986	0.00293	0.00595	0.01694	0.00806	0.00880
175	0.07441	0.03190	0.02224	0.01963	0.02440	0.42202	0.01508	0.12635	0.13150	0.02879	0.01746	0.01841	0.01364	0.00919	0.00764	0.00234	0.01211	0.00632	0.00567	0.01089
176	0.01220	0.00899	0.01186	0.01340	0.01527	0.00864	0.01116	0.01534	0.01861	0.02384	0.05208	0.18201	0.16676	0.02304	0.01102	0.00356	0.00656	0.40059	0.00767	0.00739
177	0.21628	0.02052	0.02576	0.03500	0.38243	0.09529	0.01918	0.02561	0.01844	0.02931	0.04679	0.02019	0.01512	0.00811	0.00741	0.00246	0.00926	0.00679	0.00466	0.01139
178	0.02082	0.01994	0.02594	0.02875	0.24047	0.07523	0.05452	0.05076	0.11708	0.02864	0.01820	0.02075	0.01459	0.00779	0.00765	0.00213	0.00887	0.00691	0.00523	0.24573

[dist]
# distance from previous block
# <min> <max>
0	16

# created by:
# /home/cegg/simao/soft/augustus-3.2.1/scripts/msa2prfl.pl ./align_prep/13214.fa
