[name]
unknown

[dist]
# distance from previous block
# <min> <max>
0	0

[block]
# block no. 0 follows, 21 sequences, length 59
# corresponding to MSA columns:
# 0-58
name=unknown_A
#
# <colnr> <probs for GDERKNQSTAVLIFYWHMCP>
#	G	D	E	R	K	N	Q	S	T	A	V	L	I	F	Y	W	H	M	C	P
0	0.01371	0.00980	0.01371	0.01567	0.01763	0.00980	0.01371	0.01763	0.01959	0.02547	0.04506	0.09599	0.04898	0.02351	0.01175	0.00392	0.00784	0.59056	0.00784	0.00784
1	0.76103	0.01646	0.01251	0.01119	0.01646	0.01909	0.00922	0.02502	0.01448	0.03818	0.01185	0.01382	0.00922	0.00790	0.00527	0.00263	0.00658	0.00461	0.00527	0.00922
2	0.03179	0.04056	0.02412	0.02192	0.02631	0.66676	0.01644	0.03398	0.02412	0.02083	0.01315	0.01535	0.01096	0.00877	0.00767	0.00219	0.01535	0.00548	0.00438	0.00987
3	0.15260	0.02262	0.02339	0.01820	0.02475	0.02519	0.01503	0.52137	0.03580	0.05108	0.01902	0.01934	0.01361	0.00983	0.00798	0.00257	0.00891	0.00716	0.00798	0.01361
4	0.01586	0.00793	0.00793	0.00793	0.00991	0.00793	0.00595	0.01983	0.01785	0.03173	0.02776	0.03173	0.02181	0.00991	0.00595	0.00198	0.00397	0.00793	0.74817	0.00793
5	0.02106	0.02022	0.03454	0.05223	0.64784	0.02022	0.02612	0.02612	0.01938	0.02780	0.01601	0.02106	0.01348	0.00758	0.00842	0.00253	0.01011	0.00758	0.00421	0.01348
6	0.02317	0.02422	0.03249	0.04627	0.52561	0.14736	0.02421	0.02766	0.02031	0.02643	0.01545	0.01994	0.01298	0.00782	0.00828	0.00246	0.01114	0.00717	0.00425	0.01277
7	0.01496	0.01412	0.01527	0.01738	0.10766	0.08703	0.01111	0.01822	0.02164	0.02747	0.26839	0.05846	0.27301	0.01648	0.00953	0.00267	0.00636	0.01403	0.00747	0.00873
8	0.01107	0.00870	0.00986	0.00979	0.01215	0.00769	0.00736	0.01379	0.02043	0.02622	0.25362	0.07546	0.38966	0.06337	0.01227	0.00322	0.00470	0.05511	0.00818	0.00736
9	0.05760	0.01645	0.02922	0.46316	0.05041	0.01892	0.14707	0.02265	0.01730	0.02368	0.01590	0.02298	0.01222	0.01189	0.05272	0.00356	0.01248	0.00803	0.00403	0.00974
10	0.02186	0.01490	0.01653	0.01454	0.01922	0.01560	0.01141	0.03566	0.33952	0.16465	0.04810	0.04446	0.18904	0.01398	0.00901	0.00283	0.00620	0.01161	0.00886	0.01202
11	0.01625	0.01454	0.02385	0.40221	0.14325	0.01670	0.02140	0.02136	0.01808	0.02371	0.02321	0.04188	0.02168	0.01234	0.00936	0.00307	0.01021	0.16228	0.00493	0.00968
12	0.01903	0.01559	0.02584	0.54078	0.11689	0.01834	0.02267	0.02438	0.01807	0.09194	0.01725	0.02321	0.01264	0.00863	0.00850	0.00278	0.01076	0.00767	0.00457	0.01043
13	0.02790	0.03866	0.14959	0.02518	0.08756	0.45321	0.02030	0.05448	0.02307	0.02396	0.01412	0.01660	0.01130	0.00858	0.00786	0.00234	0.01407	0.00592	0.00437	0.01092
14	0.02046	0.02145	0.02759	0.38748	0.20559	0.14665	0.02287	0.02529	0.01903	0.02314	0.01497	0.02082	0.01182	0.00832	0.00832	0.00263	0.01181	0.00716	0.00401	0.01058
15	0.02305	0.01778	0.02015	0.01714	0.02177	0.02011	0.01373	0.27464	0.19649	0.03823	0.02510	0.02756	0.01975	0.02703	0.21057	0.00606	0.01275	0.00865	0.00734	0.01209
16	0.02062	0.01566	0.01786	0.01491	0.01970	0.01541	0.01165	0.23459	0.02520	0.03484	0.02732	0.19763	0.02728	0.05159	0.01056	0.00280	0.00725	0.04116	0.00718	0.21681
17	0.02568	0.01847	0.01989	0.01548	0.02154	0.05222	0.01227	0.20832	0.05088	0.13144	0.02160	0.02490	0.01697	0.08495	0.01158	0.00276	0.00812	0.00741	0.00708	0.25845
18	0.02098	0.39521	0.19418	0.02503	0.15951	0.02735	0.02122	0.02598	0.01791	0.02340	0.01358	0.01631	0.01143	0.00754	0.00675	0.00219	0.01018	0.00563	0.00375	0.01188
19	0.05851	0.21442	0.18114	0.02140	0.06153	0.02146	0.12539	0.02355	0.01833	0.02496	0.02847	0.03018	0.13586	0.01031	0.00796	0.00251	0.00984	0.00875	0.00471	0.01073
20	0.01169	0.00861	0.01045	0.01045	0.01168	0.00870	0.00718	0.01320	0.01464	0.01922	0.04134	0.05582	0.19077	0.32524	0.22584	0.00849	0.01167	0.01286	0.00570	0.00644
21	0.03079	0.11380	0.02637	0.02111	0.02582	0.59709	0.01624	0.03305	0.02337	0.02074	0.01301	0.01516	0.01096	0.00861	0.00743	0.00215	0.01466	0.00538	0.00430	0.00998
22	0.02246	0.03373	0.22051	0.02370	0.02954	0.22907	0.06188	0.02724	0.01857	0.02303	0.01347	0.01766	0.01110	0.01033	0.01416	0.00286	0.21949	0.00664	0.00393	0.01063
23	0.01559	0.01256	0.01955	0.42861	0.04091	0.01508	0.01751	0.02051	0.01687	0.02417	0.01932	0.02627	0.01522	0.01497	0.08032	0.00380	0.01065	0.00783	0.20141	0.00885
24	0.01238	0.00825	0.00928	0.00928	0.00928	0.00825	0.00516	0.01238	0.01238	0.01650	0.02681	0.05569	0.03094	0.70092	0.04331	0.00825	0.00825	0.01238	0.00516	0.00516
25	0.10266	0.37936	0.03049	0.01401	0.01947	0.02394	0.01274	0.02422	0.01670	0.08229	0.01681	0.02038	0.01445	0.02266	0.18134	0.00513	0.01228	0.00615	0.00472	0.01019
26	0.01364	0.00924	0.01031	0.00993	0.01036	0.00940	0.00585	0.05078	0.01412	0.01885	0.02641	0.05346	0.02990	0.65723	0.04111	0.00789	0.00832	0.01208	0.00537	0.00575
27	0.04669	0.19758	0.02832	0.24644	0.03421	0.02030	0.05675	0.02278	0.01871	0.04878	0.10239	0.03375	0.02501	0.01099	0.00824	0.00265	0.00924	0.07206	0.00529	0.00980
28	0.02634	0.20377	0.03336	0.02826	0.21578	0.02643	0.01880	0.27985	0.02765	0.03679	0.01679	0.01883	0.01323	0.00863	0.00768	0.00235	0.00952	0.00681	0.00590	0.01323
29	0.02145	0.52914	0.17530	0.01856	0.05701	0.03001	0.01877	0.02583	0.01754	0.02190	0.01278	0.01495	0.01102	0.00747	0.00617	0.00204	0.00990	0.00508	0.00366	0.01141
30	0.02692	0.03144	0.02268	0.02248	0.08282	0.44046	0.01569	0.06189	0.02453	0.02591	0.13775	0.02565	0.02503	0.01043	0.00826	0.00234	0.01229	0.00775	0.00558	0.01010
31	0.03052	0.10314	0.02647	0.02238	0.04968	0.58172	0.01663	0.03287	0.02328	0.02102	0.01314	0.01540	0.01105	0.00858	0.00749	0.00217	0.01455	0.00547	0.00431	0.01010
32	0.02805	0.02427	0.02073	0.01727	0.02222	0.19168	0.01367	0.31321	0.03022	0.03942	0.02034	0.02192	0.01539	0.00976	0.00765	0.00231	0.00959	0.00715	0.19352	0.01160
33	0.02685	0.02135	0.02507	0.09265	0.02876	0.02503	0.01723	0.38418	0.08552	0.04198	0.01931	0.02134	0.01451	0.01107	0.01234	0.00284	0.14228	0.00779	0.00706	0.01281
34	0.01330	0.00857	0.01249	0.08482	0.01699	0.00871	0.00945	0.01366	0.01608	0.02183	0.17760	0.17814	0.03954	0.02361	0.01998	0.32369	0.00646	0.01299	0.00601	0.00609
35	0.02950	0.21328	0.02974	0.01961	0.02514	0.39773	0.01590	0.12517	0.02485	0.02585	0.01397	0.01571	0.01151	0.00861	0.00722	0.00215	0.01275	0.00558	0.00485	0.01088
36	0.02545	0.02526	0.02531	0.02660	0.18108	0.19870	0.01713	0.14885	0.02447	0.03115	0.01589	0.01844	0.01275	0.00811	0.00767	0.00210	0.01040	0.00634	0.00536	0.20892
37	0.12716	0.01424	0.02252	0.01905	0.02330	0.01396	0.17108	0.02085	0.04166	0.02725	0.03084	0.24036	0.03235	0.01618	0.00957	0.00309	0.00834	0.11303	0.00638	0.05879
38	0.02687	0.03004	0.02903	0.03577	0.31348	0.32520	0.02089	0.06951	0.02299	0.02624	0.01496	0.01833	0.01236	0.00832	0.00808	0.00237	0.01253	0.00660	0.00458	0.01184
39	0.01571	0.01278	0.01467	0.01404	0.01625	0.08240	0.01083	0.01888	0.01760	0.05740	0.15323	0.03756	0.03258	0.04507	0.42014	0.00949	0.01717	0.01001	0.00588	0.00831
40	0.01220	0.00895	0.01281	0.01281	0.01403	0.01017	0.00956	0.01464	0.01342	0.01912	0.02358	0.03781	0.02318	0.18911	0.54451	0.01261	0.01993	0.00976	0.00468	0.00712
41	0.02602	0.03208	0.02000	0.01839	0.02238	0.49172	0.01380	0.02820	0.02286	0.02140	0.03254	0.03301	0.17906	0.01216	0.00831	0.00237	0.01242	0.00879	0.00532	0.00915
42	0.02337	0.58852	0.08330	0.01602	0.02334	0.10241	0.01590	0.02652	0.01809	0.02057	0.01221	0.01413	0.01092	0.00750	0.00588	0.00192	0.01002	0.00477	0.00372	0.01092
43	0.01050	0.00801	0.00966	0.01057	0.01210	0.00717	0.00742	0.01258	0.01849	0.02395	0.14649	0.39155	0.26371	0.02355	0.01046	0.00314	0.00459	0.02076	0.00811	0.00717
44	0.01336	0.00873	0.01181	0.01181	0.01348	0.00976	0.00912	0.01670	0.01503	0.02364	0.02441	0.03288	0.02145	0.04634	0.45270	0.00988	0.01669	0.00873	0.24577	0.00771
45	0.01510	0.19456	0.02010	0.01214	0.01580	0.01587	0.00995	0.02006	0.08667	0.02555	0.16330	0.16473	0.19178	0.01676	0.00882	0.00266	0.00590	0.01410	0.00714	0.00899
46	0.04909	0.02033	0.02903	0.29169	0.32565	0.09082	0.02343	0.02524	0.01879	0.02508	0.01519	0.02078	0.01221	0.00809	0.00825	0.00261	0.01103	0.00723	0.00410	0.01135
47	0.02387	0.02952	0.10009	0.07032	0.30536	0.23529	0.06073	0.02867	0.02072	0.02504	0.01501	0.01902	0.01220	0.00805	0.00824	0.00247	0.01246	0.00690	0.00419	0.01184
48	0.01350	0.01076	0.01474	0.01858	0.13665	0.01037	0.01084	0.01572	0.01703	0.02258	0.07965	0.12891	0.15912	0.24532	0.02105	0.00475	0.00715	0.06910	0.00635	0.00783
49	0.05465	0.03255	0.12285	0.02560	0.12535	0.33900	0.01928	0.02964	0.04453	0.02405	0.01578	0.01924	0.01298	0.01461	0.08038	0.00363	0.01421	0.00647	0.00445	0.01073
50	0.02183	0.02243	0.02875	0.17561	0.35531	0.14979	0.02229	0.02636	0.01973	0.02538	0.01603	0.02096	0.01308	0.00817	0.00812	0.00249	0.01102	0.00718	0.05392	0.01153
51	0.01609	0.12718	0.26706	0.01724	0.02397	0.01732	0.01875	0.02184	0.01637	0.02399	0.01881	0.02426	0.01571	0.02742	0.23492	0.00627	0.01457	0.00720	0.09097	0.01007
52	0.09080	0.16156	0.19814	0.11580	0.10706	0.06581	0.02128	0.02813	0.08558	0.02657	0.01633	0.01911	0.01275	0.00833	0.00744	0.00250	0.01039	0.00644	0.00447	0.01152
53	0.09021	0.13583	0.20319	0.02159	0.05916	0.08108	0.07683	0.02614	0.05199	0.02606	0.02304	0.02512	0.08160	0.00999	0.00907	0.00261	0.05309	0.00775	0.00469	0.01093
54	0.01554	0.01365	0.01357	0.01250	0.01570	0.07233	0.00936	0.01895	0.05132	0.02312	0.03893	0.05444	0.15749	0.19964	0.01818	0.00408	0.00753	0.10284	0.00626	0.16459
55	0.10331	0.01872	0.08626	0.09093	0.22419	0.04274	0.01836	0.02276	0.01803	0.05652	0.02468	0.20750	0.02466	0.01325	0.00869	0.00284	0.00872	0.01168	0.00556	0.01059
56	0.01929	0.02211	0.09863	0.30511	0.29706	0.06288	0.02504	0.02494	0.01857	0.02475	0.01537	0.02101	0.01214	0.00810	0.00837	0.00265	0.01124	0.00729	0.00398	0.01149
57	0.04985	0.10786	0.13930	0.02667	0.14895	0.29744	0.02022	0.02892	0.02044	0.02373	0.01443	0.01769	0.01193	0.01125	0.04382	0.00295	0.01325	0.00610	0.00417	0.01103
58	0.02694	0.03584	0.15062	0.02783	0.14461	0.35765	0.02118	0.08687	0.02353	0.02646	0.01480	0.01741	0.01173	0.00855	0.00797	0.00239	0.01325	0.00624	0.00459	0.01151

[dist]
# distance from previous block
# <min> <max>
6	11

[block]
# block no. 1 follows, 21 sequences, length 30
# corresponding to MSA columns:
# 70-99
name=unknown_B
#
# <colnr> <probs for GDERKNQSTAVLIFYWHMCP>
#	G	D	E	R	K	N	Q	S	T	A	V	L	I	F	Y	W	H	M	C	P
0	0.02282	0.41249	0.20429	0.01844	0.02663	0.14124	0.01939	0.02737	0.01867	0.02201	0.01298	0.01510	0.01089	0.00776	0.00655	0.00212	0.01113	0.00518	0.00376	0.01118
1	0.12292	0.01609	0.01980	0.02184	0.15258	0.01737	0.01415	0.17838	0.02285	0.03559	0.02034	0.02430	0.01629	0.01789	0.11343	0.00422	0.01008	0.00752	0.17339	0.01096
2	0.02191	0.02389	0.02101	0.02225	0.10171	0.27482	0.01519	0.02667	0.07138	0.02257	0.01908	0.02447	0.01655	0.03013	0.26275	0.00673	0.01682	0.00751	0.00479	0.00976
3	0.04539	0.00927	0.01144	0.04341	0.01417	0.00921	0.00784	0.01602	0.01578	0.07496	0.08529	0.22178	0.03931	0.33952	0.02549	0.00551	0.00699	0.01491	0.00665	0.00705
4	0.02108	0.02781	0.12325	0.02295	0.10631	0.24403	0.01786	0.02497	0.02041	0.02350	0.03225	0.03687	0.15660	0.01273	0.00998	0.00268	0.05564	0.04589	0.00520	0.01001
5	0.02177	0.01808	0.05910	0.26889	0.03999	0.01808	0.12335	0.03041	0.12020	0.14819	0.04850	0.02690	0.01875	0.00951	0.00885	0.00280	0.01008	0.00879	0.00620	0.01154
6	0.03201	0.03413	0.02466	0.02102	0.02634	0.42049	0.01634	0.25914	0.03023	0.03344	0.01595	0.01730	0.01231	0.00933	0.00800	0.00233	0.01305	0.00632	0.00597	0.01164
7	0.14931	0.03040	0.02278	0.01932	0.02475	0.32195	0.01518	0.25254	0.02854	0.03595	0.01568	0.01701	0.01200	0.00917	0.00760	0.00240	0.01169	0.00616	0.00608	0.01149
8	0.02983	0.02258	0.02412	0.01907	0.02543	0.02521	0.01556	0.48990	0.17368	0.04956	0.02364	0.02299	0.01707	0.01052	0.00855	0.00263	0.00877	0.00810	0.00855	0.01425
9	0.01096	0.00825	0.00968	0.01006	0.01164	0.00747	0.00699	0.01301	0.01850	0.02412	0.19187	0.23717	0.26158	0.13126	0.01562	0.00385	0.00504	0.01814	0.00779	0.00698
10	0.18467	0.01125	0.01226	0.01118	0.01472	0.01097	0.00867	0.02099	0.02031	0.13129	0.23344	0.10371	0.17351	0.01582	0.00880	0.00277	0.00525	0.01315	0.00819	0.00906
11	0.01532	0.01418	0.01536	0.01500	0.01698	0.11618	0.01157	0.01822	0.01536	0.01993	0.02124	0.03052	0.01962	0.05497	0.56111	0.01183	0.02160	0.00853	0.00453	0.00796
12	0.01409	0.01109	0.01196	0.01085	0.01417	0.01046	0.00838	0.11076	0.02377	0.03043	0.20133	0.06788	0.41579	0.01879	0.00980	0.00278	0.00506	0.01572	0.00833	0.00855
13	0.02332	0.66390	0.04330	0.01503	0.02212	0.07377	0.01468	0.02602	0.01772	0.02007	0.01191	0.01376	0.01092	0.00737	0.00560	0.00184	0.00950	0.00461	0.00369	0.01085
14	0.01826	0.18280	0.52848	0.02222	0.03369	0.02268	0.02790	0.02664	0.01783	0.02550	0.01455	0.01706	0.01081	0.00792	0.00753	0.00251	0.01185	0.00592	0.00360	0.01223
15	0.01032	0.00760	0.00967	0.01133	0.01221	0.00696	0.00767	0.01191	0.01679	0.02193	0.05323	0.59669	0.15089	0.02584	0.01073	0.00336	0.00484	0.02319	0.00790	0.00696
16	0.01216	0.00912	0.01368	0.01368	0.01520	0.01064	0.01064	0.01520	0.01368	0.01976	0.02279	0.03343	0.02127	0.06382	0.66720	0.01368	0.02279	0.00912	0.00456	0.00760
17	0.02500	0.21302	0.05487	0.01818	0.02355	0.18749	0.01567	0.15651	0.02325	0.02789	0.01593	0.01919	0.01339	0.01782	0.11439	0.00412	0.04736	0.00642	0.00505	0.01089
18	0.01006	0.00862	0.00862	0.00862	0.01149	0.00718	0.00647	0.01221	0.01940	0.02299	0.08621	0.08190	0.64438	0.02155	0.01006	0.00287	0.00431	0.01796	0.00790	0.00718
19	0.01032	0.00760	0.00967	0.01133	0.01221	0.00696	0.00767	0.01191	0.01679	0.02193	0.05323	0.59669	0.15089	0.02584	0.01073	0.00336	0.00484	0.02319	0.00790	0.00696
20	0.36810	0.03101	0.35282	0.01809	0.02722	0.01945	0.02096	0.02604	0.01632	0.03225	0.01366	0.01601	0.01004	0.00800	0.00676	0.00267	0.00975	0.00550	0.00438	0.01099
21	0.03068	0.03872	0.02428	0.02196	0.02598	0.61301	0.01663	0.03285	0.02319	0.02080	0.01299	0.01562	0.01098	0.00928	0.00937	0.00232	0.07156	0.00565	0.00433	0.00982
22	0.01846	0.09627	0.46315	0.02972	0.17338	0.02108	0.02877	0.02663	0.01823	0.02654	0.01514	0.01829	0.01140	0.00790	0.00793	0.00258	0.01172	0.00643	0.00374	0.01264
23	0.02076	0.02737	0.18706	0.04343	0.45807	0.06105	0.02682	0.02682	0.01933	0.02715	0.01565	0.01994	0.01266	0.00778	0.00829	0.00255	0.01105	0.00713	0.00407	0.01303
24	0.01994	0.01907	0.03251	0.19397	0.51490	0.01992	0.02556	0.02513	0.01884	0.02644	0.01581	0.02143	0.01300	0.00779	0.00844	0.00260	0.01039	0.00758	0.00412	0.01257
25	0.01085	0.00865	0.00972	0.00945	0.01198	0.00752	0.00709	0.01375	0.02127	0.02744	0.30873	0.07458	0.41909	0.01989	0.01005	0.00279	0.00419	0.01693	0.00849	0.00752
26	0.01968	0.01788	0.02733	0.06684	0.37869	0.01870	0.02116	0.02886	0.15763	0.02891	0.02484	0.03560	0.02191	0.01108	0.00902	0.00285	0.00904	0.10182	0.00578	0.01239
27	0.01019	0.00811	0.00915	0.00999	0.01185	0.00707	0.00707	0.01206	0.01808	0.02245	0.06955	0.34187	0.39517	0.02372	0.01040	0.00312	0.00458	0.02060	0.00790	0.00707
28	0.02026	0.01940	0.03309	0.15329	0.55305	0.02001	0.02572	0.02541	0.01900	0.02683	0.01587	0.02132	0.01314	0.00773	0.00844	0.00258	0.01031	0.00758	0.00414	0.01283
29	0.02106	0.02022	0.03454	0.05223	0.64784	0.02022	0.02612	0.02612	0.01938	0.02780	0.01601	0.02106	0.01348	0.00758	0.00842	0.00253	0.01011	0.00758	0.00421	0.01348

[dist]
# distance from previous block
# <min> <max>
0	2

[block]
# block no. 2 follows, 21 sequences, length 23
# corresponding to MSA columns:
# 102-124
name=unknown_C
#
# <colnr> <probs for GDERKNQSTAVLIFYWHMCP>
#	G	D	E	R	K	N	Q	S	T	A	V	L	I	F	Y	W	H	M	C	P
0	0.01377	0.16211	0.01809	0.01185	0.01455	0.01328	0.00936	0.01658	0.01980	0.02642	0.28224	0.26356	0.08060	0.01842	0.00930	0.00276	0.00546	0.01604	0.00755	0.00826
1	0.02275	0.70604	0.04459	0.01456	0.02184	0.03367	0.01456	0.02548	0.01729	0.02002	0.01183	0.01365	0.01092	0.00728	0.00546	0.00182	0.00910	0.00455	0.00364	0.01092
2	0.02948	0.03447	0.02655	0.02839	0.16343	0.46266	0.01855	0.08844	0.02460	0.02552	0.01448	0.01710	0.01185	0.00865	0.00792	0.00230	0.01362	0.00615	0.00474	0.01111
3	0.03235	0.02384	0.02554	0.01958	0.02639	0.02639	0.01618	0.61946	0.04001	0.05363	0.02043	0.02043	0.01447	0.01022	0.00851	0.00255	0.00936	0.00766	0.00851	0.01447
4	0.02275	0.70604	0.04459	0.01456	0.02184	0.03367	0.01456	0.02548	0.01729	0.02002	0.01183	0.01365	0.01092	0.00728	0.00546	0.00182	0.00910	0.00455	0.00364	0.01092
5	0.01370	0.00924	0.01221	0.01195	0.01422	0.00862	0.00945	0.01758	0.02291	0.06430	0.45578	0.06968	0.09412	0.01856	0.01034	0.00296	0.00504	0.14203	0.00903	0.00829
6	0.01707	0.04402	0.65683	0.02426	0.03683	0.01976	0.03144	0.02695	0.01797	0.02695	0.01527	0.01797	0.01078	0.00809	0.00809	0.00270	0.01258	0.00629	0.00359	0.01258
7	0.01937	0.04153	0.51234	0.02505	0.03613	0.10814	0.08559	0.02794	0.01901	0.02615	0.01517	0.01809	0.01101	0.00809	0.00822	0.00264	0.01312	0.00654	0.00377	0.01210
8	0.01226	0.00853	0.01068	0.01054	0.01129	0.00873	0.00695	0.01375	0.01506	0.02083	0.15232	0.05239	0.03893	0.42024	0.17413	0.00830	0.01059	0.01227	0.00589	0.00628
9	0.01037	0.00741	0.00987	0.01185	0.01234	0.00691	0.00790	0.01185	0.01629	0.02172	0.04690	0.69537	0.05629	0.02666	0.01086	0.00346	0.00494	0.02419	0.00790	0.00691
10	0.01025	0.00863	0.00889	0.00882	0.01161	0.00727	0.00662	0.01258	0.01985	0.02406	0.13969	0.08014	0.59024	0.02115	0.01006	0.00285	0.00428	0.01771	0.00804	0.00727
11	0.01006	0.00862	0.00862	0.00862	0.01149	0.00718	0.00647	0.01221	0.01940	0.02299	0.08621	0.08190	0.64438	0.02155	0.01006	0.00287	0.00431	0.01796	0.00790	0.00718
12	0.01881	0.03364	0.38531	0.03646	0.30343	0.01996	0.02912	0.02659	0.01858	0.02732	0.01559	0.01932	0.01196	0.00787	0.00823	0.00262	0.01150	0.00685	0.00386	0.01297
13	0.02106	0.02022	0.03454	0.05223	0.64784	0.02022	0.02612	0.02612	0.01938	0.02780	0.01601	0.02106	0.01348	0.00758	0.00842	0.00253	0.01011	0.00758	0.00421	0.01348
14	0.01868	0.01841	0.02741	0.11708	0.13221	0.02411	0.02056	0.02160	0.01464	0.02188	0.01252	0.01958	0.01158	0.01280	0.02201	0.00340	0.48019	0.00749	0.00381	0.01003
15	0.01066	0.00870	0.00945	0.00942	0.01207	0.00750	0.00717	0.01329	0.02037	0.02540	0.19826	0.07889	0.49726	0.02080	0.01014	0.00289	0.00444	0.04770	0.00820	0.00739
16	0.02052	0.02346	0.11938	0.04842	0.56454	0.02016	0.02684	0.02623	0.01919	0.02769	0.01591	0.02064	0.01311	0.00765	0.00838	0.00255	0.01045	0.00741	0.00413	0.01336
17	0.01133	0.00825	0.01140	0.01211	0.01329	0.00831	0.00875	0.01392	0.01749	0.02428	0.19102	0.33648	0.05188	0.03546	0.20754	0.00632	0.01006	0.01744	0.00727	0.00740
18	0.02106	0.02022	0.03454	0.05223	0.64784	0.02022	0.02612	0.02612	0.01938	0.02780	0.01601	0.02106	0.01348	0.00758	0.00842	0.00253	0.01011	0.00758	0.00421	0.01348
19	0.01723	0.01630	0.02761	0.53515	0.19491	0.01921	0.02421	0.02276	0.01756	0.02314	0.01533	0.02231	0.01184	0.00829	0.00849	0.00276	0.01106	0.00757	0.00388	0.01038
20	0.02198	0.02244	0.03214	0.11660	0.49886	0.10822	0.02453	0.02671	0.01977	0.02619	0.01552	0.02046	0.01290	0.00785	0.00833	0.00252	0.01096	0.00729	0.00419	0.01255
21	0.02005	0.01891	0.03061	0.17627	0.44173	0.02008	0.02388	0.02783	0.10248	0.02762	0.01837	0.02285	0.01475	0.00831	0.00847	0.00264	0.00990	0.00786	0.00473	0.01265
22	0.02252	0.02299	0.03312	0.04810	0.56310	0.10837	0.02480	0.02719	0.02002	0.02685	0.01562	0.02028	0.01314	0.00774	0.00832	0.00248	0.01082	0.00730	0.00424	0.01299

[dist]
# distance from previous block
# <min> <max>
1	9

[block]
# block no. 3 follows, 21 sequences, length 20
# corresponding to MSA columns:
# 134-153
name=unknown_D
#
# <colnr> <probs for GDERKNQSTAVLIFYWHMCP>
#	G	D	E	R	K	N	Q	S	T	A	V	L	I	F	Y	W	H	M	C	P
0	0.01823	0.01867	0.01510	0.01441	0.01644	0.21578	0.01032	0.01993	0.01698	0.01927	0.02615	0.03897	0.07092	0.25384	0.20120	0.00741	0.01417	0.00976	0.00497	0.00747
1	0.01928	0.01676	0.02536	0.03384	0.34356	0.01703	0.01895	0.07691	0.06551	0.03200	0.17305	0.03810	0.03358	0.01176	0.00911	0.00270	0.00814	0.05613	0.00645	0.01179
2	0.01893	0.02423	0.15443	0.07853	0.23304	0.06683	0.02270	0.02394	0.01731	0.02421	0.01574	0.02154	0.01335	0.01745	0.10928	0.00442	0.13153	0.00737	0.00403	0.01114
3	0.02305	0.03181	0.17991	0.03310	0.25484	0.22864	0.02340	0.02827	0.02059	0.02517	0.01695	0.02374	0.01451	0.00921	0.00833	0.00256	0.01224	0.04761	0.00437	0.01170
4	0.01527	0.01412	0.02091	0.02930	0.31315	0.01336	0.01578	0.01880	0.01939	0.02527	0.05293	0.05306	0.34530	0.01493	0.00928	0.00271	0.00706	0.01304	0.00615	0.01017
5	0.07203	0.28603	0.33867	0.02178	0.07443	0.02491	0.02322	0.02621	0.01757	0.02523	0.01381	0.01630	0.01092	0.00774	0.00694	0.00235	0.01068	0.00562	0.00377	0.01179
6	0.02469	0.02231	0.03155	0.04179	0.44669	0.05724	0.02291	0.18614	0.02519	0.03437	0.01704	0.02058	0.01361	0.00836	0.00841	0.00252	0.01020	0.00749	0.00538	0.01355
7	0.01907	0.01655	0.01632	0.01514	0.01800	0.13803	0.01165	0.06437	0.01881	0.06717	0.02734	0.03407	0.07447	0.07316	0.35664	0.00865	0.01693	0.00921	0.00556	0.00886
8	0.11403	0.01366	0.01363	0.01266	0.01599	0.06305	0.00961	0.06152	0.02122	0.10587	0.14318	0.19638	0.16237	0.01714	0.00914	0.00284	0.00628	0.01441	0.00789	0.00913
9	0.02083	0.02092	0.02427	0.03064	0.27189	0.12707	0.01794	0.02922	0.15986	0.02753	0.03221	0.03544	0.11803	0.01160	0.00875	0.00267	0.00920	0.03431	0.00600	0.01162
10	0.02531	0.33265	0.03563	0.02556	0.16613	0.23695	0.01781	0.02840	0.01999	0.02206	0.01322	0.01589	0.01152	0.00783	0.00686	0.00210	0.01137	0.00555	0.00401	0.01116
11	0.02028	0.11388	0.32984	0.03197	0.23194	0.07633	0.02646	0.02710	0.01886	0.02589	0.01493	0.01824	0.01169	0.00789	0.00785	0.00250	0.01160	0.00643	0.00387	0.01244
12	0.01545	0.02065	0.18065	0.02439	0.13901	0.01487	0.04735	0.02082	0.01724	0.02433	0.02663	0.03782	0.06491	0.02882	0.22216	0.00639	0.01434	0.07917	0.00488	0.01012
13	0.02419	0.02540	0.02413	0.02384	0.10142	0.25535	0.06249	0.09938	0.06688	0.02727	0.02236	0.07626	0.02090	0.07264	0.01183	0.00314	0.01132	0.05496	0.00575	0.01047
14	0.01997	0.02037	0.01954	0.13277	0.02708	0.17798	0.01429	0.02460	0.06192	0.02382	0.02131	0.08086	0.02017	0.06144	0.01132	0.00283	0.03090	0.04833	0.00530	0.19520
15	0.02037	0.01639	0.02151	0.07536	0.14991	0.01715	0.01541	0.18868	0.05324	0.03267	0.02633	0.18854	0.02583	0.06220	0.01138	0.00312	0.00816	0.01192	0.00663	0.06522
16	0.02106	0.01705	0.01838	0.06194	0.02258	0.06799	0.01353	0.23879	0.02635	0.03403	0.03390	0.22457	0.06148	0.01720	0.00968	0.00302	0.00825	0.10237	0.00755	0.01026
17	0.02209	0.01757	0.01820	0.01581	0.01996	0.06134	0.01221	0.28783	0.02784	0.03645	0.03420	0.26228	0.07878	0.01661	0.00930	0.00281	0.00767	0.01402	0.00779	0.04727
18	0.01474	0.01852	0.14577	0.14377	0.02738	0.01501	0.01652	0.02055	0.06535	0.02303	0.03208	0.07103	0.12267	0.12633	0.06395	0.00457	0.06352	0.01087	0.00528	0.00908
19	0.02135	0.06788	0.02884	0.08123	0.19779	0.02317	0.01967	0.11219	0.01984	0.02817	0.01460	0.01945	0.01242	0.01037	0.01460	0.00280	0.23657	0.00711	0.00469	0.07725

[dist]
# distance from previous block
# <min> <max>
12	81

[block]
# block no. 4 follows, 21 sequences, length 19
# corresponding to MSA columns:
# 249-267
name=unknown_E
#
# <colnr> <probs for GDERKNQSTAVLIFYWHMCP>
#	G	D	E	R	K	N	Q	S	T	A	V	L	I	F	Y	W	H	M	C	P
0	0.02284	0.11228	0.03433	0.04293	0.47598	0.11615	0.02321	0.02718	0.01980	0.02578	0.01505	0.01927	0.01278	0.00772	0.00793	0.00239	0.01074	0.00688	0.00416	0.01262
1	0.01897	0.01858	0.02034	0.02451	0.16815	0.13064	0.01594	0.02494	0.09245	0.02598	0.03789	0.05397	0.12726	0.01537	0.00960	0.00299	0.00902	0.18683	0.00647	0.01009
2	0.02246	0.02286	0.03319	0.04830	0.56710	0.10421	0.02486	0.02714	0.01999	0.02690	0.01564	0.02032	0.01315	0.00774	0.00833	0.00248	0.01079	0.00731	0.00423	0.01301
3	0.02221	0.23218	0.03117	0.02587	0.20472	0.05035	0.01697	0.13007	0.02284	0.02938	0.05347	0.02828	0.09780	0.01028	0.00778	0.00235	0.00885	0.00828	0.00553	0.01164
4	0.01828	0.01787	0.03178	0.38417	0.25614	0.01969	0.10155	0.02394	0.01821	0.02451	0.01570	0.02217	0.01227	0.00802	0.00868	0.00274	0.01132	0.00789	0.00400	0.01108
5	0.02983	0.01970	0.02208	0.01766	0.02350	0.02110	0.01429	0.39249	0.08549	0.15748	0.02720	0.10319	0.02164	0.01234	0.00881	0.00270	0.00822	0.00996	0.00882	0.01349
6	0.02555	0.02639	0.02424	0.02086	0.02397	0.24161	0.01667	0.15648	0.02278	0.02784	0.01487	0.01916	0.01268	0.01593	0.07092	0.00379	0.25373	0.00697	0.00507	0.01049
7	0.02313	0.01709	0.01871	0.01573	0.02015	0.01826	0.01232	0.36236	0.03014	0.03997	0.03552	0.18737	0.10702	0.05767	0.01138	0.00315	0.00761	0.01313	0.00809	0.01120
8	0.02106	0.02022	0.03454	0.05223	0.64784	0.02022	0.02612	0.02612	0.01938	0.02780	0.01601	0.02106	0.01348	0.00758	0.00842	0.00253	0.01011	0.00758	0.00421	0.01348
9	0.02072	0.02380	0.01653	0.01604	0.01895	0.32797	0.01174	0.02270	0.02078	0.02157	0.03914	0.22949	0.16372	0.01683	0.00913	0.00271	0.00986	0.01372	0.00619	0.00841
10	0.05844	0.22022	0.02726	0.01626	0.02229	0.02437	0.01383	0.11266	0.27336	0.10857	0.02495	0.02383	0.01872	0.00983	0.00754	0.00249	0.00783	0.00752	0.00724	0.01278
11	0.01874	0.23823	0.47723	0.02141	0.03243	0.02384	0.02649	0.02652	0.01777	0.02492	0.01426	0.01670	0.01082	0.00785	0.00732	0.00244	0.01156	0.00578	0.00361	0.01209
12	0.01513	0.00960	0.01208	0.01179	0.01456	0.00869	0.00936	0.01837	0.02141	0.10891	0.24426	0.10178	0.23024	0.01948	0.01026	0.00303	0.00538	0.13847	0.00869	0.00852
13	0.01707	0.04402	0.65683	0.02426	0.03683	0.01976	0.03144	0.02695	0.01797	0.02695	0.01527	0.01797	0.01078	0.00809	0.00809	0.00270	0.01258	0.00629	0.00359	0.01258
14	0.02117	0.01828	0.01924	0.01732	0.02213	0.02117	0.01347	0.04522	0.63246	0.03560	0.03464	0.03175	0.02598	0.01155	0.00866	0.00289	0.00673	0.00962	0.00866	0.01347
15	0.01510	0.00755	0.01016	0.01016	0.01074	0.00755	0.00697	0.01365	0.01307	0.01975	0.01859	0.02759	0.01684	0.02380	0.02525	0.53226	0.00639	0.00755	0.22209	0.00494
16	0.01586	0.00793	0.00793	0.00793	0.00991	0.00793	0.00595	0.01983	0.01785	0.03173	0.02776	0.03173	0.02181	0.00991	0.00595	0.00198	0.00397	0.00793	0.74817	0.00793
17	0.03225	0.02677	0.02529	0.01999	0.02638	0.13888	0.01622	0.51661	0.03722	0.04787	0.01915	0.01954	0.01386	0.00996	0.00837	0.00249	0.01042	0.00728	0.00779	0.01366
18	0.03235	0.02384	0.02554	0.01958	0.02639	0.02639	0.01618	0.61946	0.04001	0.05363	0.02043	0.02043	0.01447	0.01022	0.00851	0.00255	0.00936	0.00766	0.00851	0.01447

[dist]
# distance from previous block
# <min> <max>
2	12

[block]
# block no. 5 follows, 21 sequences, length 23
# corresponding to MSA columns:
# 280-302
name=unknown_F
#
# <colnr> <probs for GDERKNQSTAVLIFYWHMCP>
#	G	D	E	R	K	N	Q	S	T	A	V	L	I	F	Y	W	H	M	C	P
0	0.02613	0.31033	0.03442	0.02440	0.13730	0.28924	0.01743	0.02906	0.02045	0.02176	0.01313	0.01569	0.01140	0.00794	0.00690	0.00210	0.01183	0.00548	0.00405	0.01096
1	0.01952	0.01864	0.03175	0.24659	0.46555	0.01981	0.02535	0.02476	0.01865	0.02593	0.01573	0.02157	0.01282	0.00787	0.00845	0.00262	0.01049	0.00758	0.00408	0.01223
2	0.01236	0.00905	0.01336	0.01336	0.01490	0.01049	0.01038	0.01545	0.01391	0.02042	0.02307	0.03334	0.02130	0.06082	0.63030	0.01302	0.02174	0.00905	0.04606	0.00762
3	0.02485	0.55154	0.03984	0.01627	0.02288	0.18066	0.01500	0.02746	0.01888	0.02021	0.01214	0.01404	0.01093	0.00763	0.00597	0.00191	0.01055	0.00477	0.00381	0.01068
4	0.01091	0.00889	0.00980	0.01026	0.01292	0.00779	0.00815	0.01347	0.01944	0.02356	0.07666	0.08517	0.50615	0.02201	0.01045	0.00312	0.00513	0.15090	0.00789	0.00734
5	0.01191	0.00805	0.00942	0.00988	0.00999	0.00794	0.00579	0.01225	0.01329	0.01771	0.03148	0.20420	0.03682	0.54438	0.03578	0.00714	0.00748	0.01512	0.00579	0.00556
6	0.01802	0.03804	0.50880	0.02264	0.03342	0.02009	0.02727	0.03119	0.16063	0.02896	0.01977	0.02117	0.01431	0.00889	0.00822	0.00274	0.01122	0.00706	0.00477	0.01278
7	0.01854	0.03473	0.40391	0.03283	0.18006	0.02018	0.13487	0.02681	0.01867	0.02720	0.01579	0.01958	0.01179	0.00781	0.00851	0.00269	0.01232	0.00726	0.00386	0.01259
8	0.02275	0.70604	0.04459	0.01456	0.02184	0.03367	0.01456	0.02548	0.01729	0.02002	0.01183	0.01365	0.01092	0.00728	0.00546	0.00182	0.00910	0.00455	0.00364	0.01092
9	0.02020	0.01750	0.02615	0.48363	0.09184	0.02074	0.02207	0.16082	0.02252	0.02957	0.01642	0.02205	0.01222	0.00884	0.00850	0.00275	0.01080	0.00759	0.00491	0.01090
10	0.01978	0.02102	0.02420	0.26112	0.17808	0.16749	0.01942	0.02386	0.01964	0.02315	0.02777	0.03136	0.12666	0.01072	0.00858	0.00262	0.01071	0.00897	0.00477	0.01006
11	0.01381	0.01146	0.01646	0.01551	0.01652	0.01435	0.01221	0.01630	0.01341	0.01967	0.02018	0.03151	0.01951	0.10393	0.45369	0.01071	0.18959	0.00896	0.00440	0.00783
12	0.01243	0.01652	0.16051	0.01483	0.01878	0.01043	0.01410	0.01639	0.01776	0.02378	0.04593	0.33284	0.14444	0.02095	0.01023	0.00326	0.00709	0.11440	0.00689	0.00843
13	0.01037	0.00741	0.00987	0.01185	0.01234	0.00691	0.00790	0.01185	0.01629	0.02172	0.04690	0.69537	0.05629	0.02666	0.01086	0.00346	0.00494	0.02419	0.00790	0.00691
14	0.02014	0.02575	0.17902	0.04574	0.50598	0.02011	0.02735	0.02631	0.01905	0.02760	0.01584	0.02034	0.01285	0.00770	0.00835	0.00257	0.01068	0.00728	0.00407	0.01327
15	0.01983	0.02659	0.18387	0.04068	0.31932	0.02052	0.21013	0.02666	0.01927	0.02744	0.01621	0.02093	0.01268	0.00757	0.00885	0.00267	0.01199	0.00804	0.00410	0.01265
16	0.02012	0.02143	0.02591	0.47772	0.09787	0.16942	0.02216	0.02493	0.01885	0.02201	0.01474	0.02085	0.01143	0.00850	0.00831	0.00266	0.01218	0.00708	0.00396	0.00987
17	0.01976	0.02041	0.03929	0.15961	0.29498	0.02051	0.26644	0.02579	0.01924	0.02648	0.01634	0.02213	0.01286	0.00758	0.00910	0.00272	0.01206	0.00858	0.00417	0.01193
18	0.01734	0.02887	0.31612	0.02934	0.17452	0.01759	0.07218	0.02452	0.01916	0.02746	0.06594	0.03467	0.02264	0.01100	0.00904	0.00286	0.01078	0.09945	0.00488	0.01162
19	0.02827	0.03957	0.13980	0.02475	0.07754	0.49800	0.01993	0.03208	0.02262	0.02249	0.01377	0.01628	0.01113	0.00855	0.00781	0.00231	0.01443	0.00579	0.00423	0.01064
20	0.01880	0.17492	0.07266	0.01591	0.02053	0.01678	0.01497	0.02363	0.04305	0.08924	0.05631	0.06013	0.03458	0.01650	0.00949	0.00312	0.00826	0.30440	0.00689	0.00983
21	0.02063	0.14331	0.02850	0.10774	0.20430	0.13761	0.01840	0.02436	0.01825	0.02254	0.01621	0.02177	0.01411	0.02091	0.16072	0.00497	0.01398	0.00701	0.00417	0.01051
22	0.02048	0.19544	0.02992	0.02090	0.06631	0.06482	0.09779	0.02416	0.01808	0.07246	0.02085	0.03065	0.01878	0.02289	0.16200	0.00517	0.04247	0.07157	0.00505	0.01020

[dist]
# distance from previous block
# <min> <max>
13	140

# created by:
# /home/cegg/simao/soft/augustus-3.2.1/scripts/msa2prfl.pl ./align_prep/13239.fa
