[name]
unknown

[dist]
# distance from previous block
# <min> <max>
0	2

[block]
# block no. 0 follows, 21 sequences, length 33
# corresponding to MSA columns:
# 2-34
name=unknown_A
#
# <colnr> <probs for GDERKNQSTAVLIFYWHMCP>
#	G	D	E	R	K	N	Q	S	T	A	V	L	I	F	Y	W	H	M	C	P
0	0.02822	0.02280	0.05363	0.01897	0.02514	0.04936	0.01611	0.39334	0.12352	0.07102	0.02514	0.03009	0.01976	0.01166	0.00882	0.00274	0.00912	0.06905	0.00814	0.01335
1	0.10228	0.02456	0.08702	0.07426	0.02597	0.14124	0.01566	0.19618	0.05736	0.03285	0.01904	0.02547	0.01609	0.12973	0.01404	0.00354	0.01036	0.00770	0.00589	0.01074
2	0.16963	0.02153	0.02386	0.02504	0.16369	0.05741	0.01660	0.23833	0.13274	0.03989	0.01984	0.02098	0.01504	0.00933	0.00784	0.00260	0.00886	0.00727	0.00671	0.01280
3	0.02261	0.06978	0.35479	0.02599	0.09685	0.23464	0.02517	0.02913	0.02012	0.02470	0.01450	0.01723	0.01113	0.00822	0.00787	0.00247	0.01308	0.00608	0.00392	0.01170
4	0.01965	0.22654	0.40174	0.02402	0.08838	0.05122	0.02560	0.02676	0.01817	0.02483	0.01429	0.01694	0.01108	0.00784	0.00737	0.00241	0.01150	0.00589	0.00370	0.01208
5	0.02539	0.12606	0.12333	0.02699	0.13605	0.27798	0.04409	0.06120	0.02157	0.02485	0.01424	0.01725	0.01165	0.00859	0.00876	0.00240	0.04774	0.00624	0.00432	0.01133
6	0.02402	0.02810	0.13834	0.03700	0.33752	0.12146	0.02379	0.13145	0.02349	0.03110	0.01621	0.01953	0.01280	0.00831	0.00827	0.00251	0.01122	0.00705	0.00489	0.01294
7	0.09581	0.04110	0.58864	0.02287	0.03468	0.01969	0.02909	0.02675	0.01760	0.02814	0.01491	0.01753	0.01061	0.00807	0.00779	0.00269	0.01194	0.00611	0.00377	0.01222
8	0.01168	0.01228	0.07790	0.01160	0.01482	0.00890	0.01001	0.01509	0.01991	0.02620	0.22423	0.13461	0.29913	0.05031	0.01152	0.00316	0.00553	0.04749	0.00773	0.00790
9	0.01027	0.00863	0.00891	0.00884	0.01162	0.00727	0.00663	0.01262	0.01989	0.02416	0.14472	0.07997	0.58514	0.02112	0.01006	0.00285	0.00428	0.01769	0.00806	0.00727
10	0.02152	0.02469	0.08817	0.02434	0.15549	0.21679	0.01691	0.02566	0.01953	0.02527	0.01867	0.02314	0.01541	0.01662	0.10235	0.00392	0.01244	0.00709	0.17183	0.01017
11	0.01077	0.00768	0.01021	0.01177	0.01232	0.00745	0.00790	0.01226	0.01560	0.02096	0.04225	0.55815	0.04993	0.10193	0.08323	0.00504	0.00716	0.02136	0.00726	0.00680
12	0.01884	0.03347	0.38092	0.03666	0.30774	0.01997	0.02908	0.02658	0.01859	0.02733	0.01560	0.01934	0.01198	0.00786	0.00824	0.00262	0.01148	0.00686	0.00387	0.01298
13	0.02466	0.56572	0.04028	0.01611	0.02278	0.16717	0.01496	0.02727	0.01873	0.02019	0.01211	0.01401	0.01093	0.00759	0.00593	0.00190	0.01042	0.00475	0.00380	0.01070
14	0.03689	0.01821	0.02082	0.01632	0.02270	0.08269	0.01331	0.10186	0.02599	0.52375	0.03004	0.02663	0.01931	0.01031	0.00846	0.00258	0.00832	0.00814	0.00967	0.01400
15	0.01186	0.00869	0.01111	0.01129	0.01250	0.00900	0.00805	0.01367	0.01464	0.01958	0.03749	0.08261	0.13676	0.27222	0.27468	0.00896	0.01299	0.04155	0.00567	0.00667
16	0.02491	0.02923	0.15935	0.02912	0.19127	0.17851	0.02148	0.03175	0.08089	0.10565	0.01895	0.02093	0.01436	0.00914	0.00927	0.00259	0.04785	0.00711	0.00534	0.01230
17	0.01107	0.00791	0.01068	0.01266	0.01346	0.00752	0.00913	0.01307	0.01699	0.02251	0.04652	0.56898	0.05474	0.02600	0.01105	0.00355	0.00555	0.14362	0.00789	0.00711
18	0.02589	0.01606	0.01967	0.01631	0.02103	0.01720	0.01322	0.25658	0.02634	0.17576	0.02430	0.02736	0.01858	0.03093	0.26216	0.00685	0.01406	0.00842	0.00745	0.01183
19	0.02492	0.02950	0.01961	0.01799	0.02207	0.41175	0.01356	0.03025	0.11045	0.02348	0.03420	0.03407	0.16885	0.01231	0.00840	0.00246	0.01139	0.00914	0.00586	0.00972
20	0.01150	0.00822	0.01051	0.03954	0.01386	0.00810	0.00811	0.01339	0.01603	0.02179	0.04364	0.37797	0.11821	0.12312	0.07947	0.00492	0.00728	0.01817	0.06920	0.00696
21	0.03179	0.04056	0.02412	0.02192	0.02631	0.66676	0.01644	0.03398	0.02412	0.02083	0.01315	0.01535	0.01096	0.00877	0.00767	0.00219	0.01535	0.00548	0.00438	0.00987
22	0.01607	0.01513	0.02552	0.68047	0.05861	0.01891	0.02363	0.02174	0.01702	0.02174	0.01513	0.02269	0.01134	0.00851	0.00851	0.00284	0.01134	0.00756	0.00378	0.00945
23	0.01957	0.33571	0.38707	0.01998	0.03023	0.02589	0.02400	0.02630	0.01767	0.02390	0.01376	0.01607	0.01084	0.00773	0.00693	0.00231	0.01105	0.00552	0.00361	0.01185
24	0.03182	0.03969	0.02419	0.02180	0.02631	0.63337	0.01643	0.06451	0.02494	0.02254	0.01353	0.01561	0.01114	0.00884	0.00772	0.00221	0.01503	0.00559	0.00460	0.01011
25	0.02117	0.01828	0.01924	0.01732	0.02213	0.02117	0.01347	0.04522	0.63246	0.03560	0.03464	0.03175	0.02598	0.01155	0.00866	0.00289	0.00673	0.00962	0.00866	0.01347
26	0.01037	0.00741	0.00987	0.01185	0.01234	0.00691	0.00790	0.01185	0.01629	0.02172	0.04690	0.69537	0.05629	0.02666	0.01086	0.00346	0.00494	0.02419	0.00790	0.00691
27	0.02748	0.02033	0.02215	0.01795	0.02342	0.02230	0.01441	0.47172	0.06452	0.04647	0.02634	0.15369	0.02326	0.01351	0.00898	0.00275	0.00836	0.01101	0.00840	0.01294
28	0.01037	0.00859	0.00881	0.00878	0.01133	0.00733	0.00640	0.01240	0.01891	0.02283	0.10451	0.07852	0.55954	0.08826	0.01333	0.00339	0.00469	0.01730	0.00770	0.00702
29	0.02374	0.17597	0.02385	0.01558	0.02047	0.17830	0.01271	0.08383	0.04957	0.08792	0.03456	0.08404	0.15002	0.01295	0.00814	0.00246	0.00904	0.01005	0.00643	0.01038
30	0.02975	0.03749	0.02866	0.02435	0.02947	0.55435	0.12105	0.03281	0.02341	0.02195	0.01386	0.01667	0.01130	0.00849	0.00809	0.00231	0.01517	0.00628	0.00437	0.01015
31	0.11716	0.03317	0.42770	0.02005	0.02986	0.01760	0.02381	0.02747	0.01892	0.10861	0.07898	0.02331	0.01872	0.00929	0.00797	0.00268	0.01027	0.00725	0.00526	0.01193
32	0.03030	0.10999	0.02680	0.02264	0.05644	0.56792	0.01672	0.03270	0.02316	0.02109	0.01315	0.01545	0.01108	0.00855	0.00748	0.00217	0.01443	0.00549	0.00430	0.01016

[dist]
# distance from previous block
# <min> <max>
0	1

[block]
# block no. 1 follows, 21 sequences, length 11
# corresponding to MSA columns:
# 36-46
name=unknown_B
#
# <colnr> <probs for GDERKNQSTAVLIFYWHMCP>
#	G	D	E	R	K	N	Q	S	T	A	V	L	I	F	Y	W	H	M	C	P
0	0.02284	0.47811	0.04060	0.02530	0.19311	0.06861	0.01783	0.02617	0.01828	0.02220	0.01305	0.01578	0.01162	0.00745	0.00641	0.00204	0.00976	0.00544	0.00384	0.01156
1	0.01672	0.16593	0.35867	0.01870	0.02724	0.01925	0.02168	0.02341	0.01900	0.02672	0.14721	0.07082	0.02823	0.01107	0.00815	0.00257	0.00961	0.00900	0.00508	0.01093
2	0.01474	0.00803	0.00837	0.00837	0.00971	0.00803	0.00569	0.01743	0.01609	0.02684	0.02746	0.03943	0.02474	0.23192	0.01795	0.00400	0.00534	0.00936	0.50945	0.00704
3	0.01148	0.00847	0.01036	0.01129	0.01264	0.00803	0.00821	0.01337	0.01678	0.02156	0.05127	0.24423	0.20145	0.17367	0.04949	0.00493	0.00693	0.13188	0.00713	0.00682
4	0.02233	0.02194	0.02066	0.01628	0.02235	0.15877	0.01291	0.08405	0.02088	0.02812	0.01485	0.01751	0.01229	0.00805	0.00888	0.00183	0.07304	0.00563	0.00512	0.44452
5	0.01862	0.01862	0.02607	0.02234	0.02234	0.02607	0.01862	0.02048	0.01303	0.02048	0.01117	0.01862	0.01117	0.01489	0.02793	0.00372	0.68535	0.00745	0.00372	0.00931
6	0.06581	0.01935	0.02158	0.01732	0.02345	0.02073	0.01408	0.27259	0.19625	0.21571	0.02757	0.02559	0.01921	0.01056	0.00841	0.00267	0.00792	0.00830	0.00896	0.01395
7	0.01046	0.00864	0.00917	0.00904	0.01174	0.00735	0.00678	0.01298	0.02034	0.02522	0.19797	0.07822	0.53123	0.02072	0.01005	0.00283	0.00425	0.01744	0.00820	0.00735
8	0.01058	0.00786	0.00987	0.01102	0.01224	0.00715	0.00764	0.01262	0.01820	0.02403	0.15354	0.46870	0.17721	0.02411	0.01057	0.00321	0.00466	0.02150	0.00814	0.00715
9	0.01211	0.00884	0.01165	0.01254	0.01432	0.00837	0.00993	0.01539	0.02039	0.02730	0.24596	0.20306	0.12364	0.02192	0.01083	0.00331	0.00563	0.22880	0.00836	0.00765
10	0.02456	0.57255	0.04049	0.01604	0.02274	0.16067	0.01494	0.02719	0.01866	0.02018	0.01210	0.01399	0.01093	0.00758	0.00590	0.00189	0.01035	0.00474	0.00379	0.01071

[dist]
# distance from previous block
# <min> <max>
0	1

[block]
# block no. 2 follows, 21 sequences, length 30
# corresponding to MSA columns:
# 48-77
name=unknown_C
#
# <colnr> <probs for GDERKNQSTAVLIFYWHMCP>
#	G	D	E	R	K	N	Q	S	T	A	V	L	I	F	Y	W	H	M	C	P
0	0.05657	0.01938	0.03231	0.13095	0.54128	0.02000	0.02497	0.02550	0.01883	0.02753	0.01569	0.02092	0.01300	0.00772	0.00828	0.00257	0.01010	0.00743	0.00421	0.01275
1	0.03224	0.02726	0.02525	0.02006	0.02637	0.15754	0.01623	0.49955	0.03676	0.04691	0.01894	0.01939	0.01375	0.00992	0.00834	0.00248	0.01059	0.00722	0.00767	0.01353
2	0.01115	0.00849	0.01044	0.01168	0.01344	0.00778	0.00892	0.01353	0.01832	0.02319	0.06097	0.30792	0.27217	0.02393	0.01080	0.00336	0.00548	0.17327	0.00788	0.00726
3	0.02459	0.57054	0.04042	0.01606	0.02275	0.16258	0.01494	0.02721	0.01868	0.02019	0.01210	0.01400	0.01093	0.00758	0.00591	0.00190	0.01037	0.00474	0.00379	0.01071
4	0.01063	0.00813	0.00975	0.01043	0.01212	0.00726	0.00741	0.01291	0.01914	0.02492	0.19265	0.33382	0.27464	0.02277	0.01039	0.00307	0.00451	0.01999	0.00822	0.00726
5	0.01238	0.00825	0.00928	0.00928	0.00928	0.00825	0.00516	0.01238	0.01238	0.01650	0.02681	0.05569	0.03094	0.70092	0.04331	0.00825	0.00825	0.01238	0.00516	0.00516
6	0.03179	0.04056	0.02412	0.02192	0.02631	0.66676	0.01644	0.03398	0.02412	0.02083	0.01315	0.01535	0.01096	0.00877	0.00767	0.00219	0.01535	0.00548	0.00438	0.00987
7	0.01339	0.00969	0.01326	0.01505	0.01709	0.00956	0.01307	0.01715	0.01957	0.02525	0.04869	0.09475	0.10158	0.02334	0.01160	0.00383	0.00752	0.53997	0.00784	0.00778
8	0.02275	0.70604	0.04459	0.01456	0.02184	0.03367	0.01456	0.02548	0.01729	0.02002	0.01183	0.01365	0.01092	0.00728	0.00546	0.00182	0.00910	0.00455	0.00364	0.01092
9	0.01878	0.01370	0.01595	0.01434	0.01753	0.01427	0.01093	0.23310	0.02697	0.03660	0.19674	0.28197	0.04756	0.01823	0.00979	0.00292	0.00629	0.01585	0.00851	0.00995
10	0.02548	0.02140	0.12038	0.02166	0.09412	0.01831	0.01740	0.03915	0.29083	0.21385	0.02923	0.02760	0.02078	0.01027	0.00851	0.00274	0.00817	0.00856	0.00792	0.01363
11	0.02106	0.01738	0.02597	0.03428	0.33191	0.01784	0.01992	0.06609	0.10976	0.06636	0.02687	0.04073	0.02418	0.01226	0.00926	0.00292	0.00887	0.14570	0.00636	0.01227
12	0.01216	0.00912	0.01368	0.01368	0.01520	0.01064	0.01064	0.01520	0.01368	0.01976	0.02279	0.03343	0.02127	0.06382	0.66720	0.01368	0.02279	0.00912	0.00456	0.00760
13	0.02009	0.02296	0.05022	0.03587	0.04448	0.02152	0.61693	0.02726	0.02009	0.02726	0.01722	0.02296	0.01291	0.00717	0.01004	0.00287	0.01435	0.01004	0.00430	0.01148
14	0.02106	0.02022	0.03454	0.05223	0.64784	0.02022	0.02612	0.02612	0.01938	0.02780	0.01601	0.02106	0.01348	0.00758	0.00842	0.00253	0.01011	0.00758	0.00421	0.01348
15	0.02519	0.01873	0.02027	0.01655	0.02171	0.02014	0.01326	0.42315	0.03286	0.04353	0.03545	0.13764	0.12474	0.01469	0.00914	0.00275	0.00783	0.01198	0.00832	0.01207
16	0.01707	0.04402	0.65683	0.02426	0.03683	0.01976	0.03144	0.02695	0.01797	0.02695	0.01527	0.01797	0.01078	0.00809	0.00809	0.00270	0.01258	0.00629	0.00359	0.01258
17	0.01216	0.00912	0.01368	0.01368	0.01520	0.01064	0.01064	0.01520	0.01368	0.01976	0.02279	0.03343	0.02127	0.06382	0.66720	0.01368	0.02279	0.00912	0.00456	0.00760
18	0.01957	0.01970	0.03652	0.20223	0.34177	0.02025	0.18343	0.02535	0.01899	0.02617	0.01611	0.02197	0.01280	0.00770	0.00888	0.00269	0.01155	0.00824	0.00413	0.01196
19	0.01607	0.01513	0.02552	0.68047	0.05861	0.01891	0.02363	0.02174	0.01702	0.02174	0.01513	0.02269	0.01134	0.00851	0.00851	0.00284	0.01134	0.00756	0.00378	0.00945
20	0.01006	0.00862	0.00862	0.00862	0.01149	0.00718	0.00647	0.01221	0.01940	0.02299	0.08621	0.08190	0.64438	0.02155	0.01006	0.00287	0.00431	0.01796	0.00790	0.00718
21	0.01238	0.00825	0.00928	0.00928	0.00928	0.00825	0.00516	0.01238	0.01238	0.01650	0.02681	0.05569	0.03094	0.70092	0.04331	0.00825	0.00825	0.01238	0.00516	0.00516
22	0.03179	0.04056	0.02412	0.02192	0.02631	0.66676	0.01644	0.03398	0.02412	0.02083	0.01315	0.01535	0.01096	0.00877	0.00767	0.00219	0.01535	0.00548	0.00438	0.00987
23	0.01037	0.00741	0.00987	0.01185	0.01234	0.00691	0.00790	0.01185	0.01629	0.02172	0.04690	0.69537	0.05629	0.02666	0.01086	0.00346	0.00494	0.02419	0.00790	0.00691
24	0.03009	0.03733	0.02577	0.02673	0.12493	0.56417	0.01798	0.03273	0.02336	0.02193	0.01361	0.01625	0.01136	0.00858	0.00779	0.00225	0.01452	0.00581	0.00436	0.01044
25	0.03129	0.02281	0.02440	0.01883	0.02533	0.02520	0.01551	0.58073	0.03858	0.05222	0.02091	0.02116	0.01495	0.01020	0.00835	0.00252	0.00902	0.00768	0.05629	0.01405
26	0.01688	0.01622	0.02778	0.55232	0.10790	0.01956	0.05800	0.02238	0.01719	0.02253	0.01511	0.02234	0.01161	0.00869	0.00963	0.00286	0.04752	0.00770	0.00385	0.00992
27	0.01858	0.01807	0.03117	0.12170	0.40145	0.01814	0.09313	0.02350	0.01917	0.02622	0.02718	0.03114	0.11325	0.00987	0.00889	0.00266	0.00985	0.00952	0.00476	0.01174
28	0.01136	0.00816	0.00942	0.00984	0.01074	0.00768	0.00630	0.01247	0.01569	0.02042	0.08814	0.21319	0.17690	0.34239	0.02591	0.00553	0.00629	0.01662	0.00671	0.00622
29	0.02044	0.01814	0.01902	0.01879	0.07545	0.06345	0.01334	0.10674	0.29692	0.03330	0.06955	0.04077	0.16125	0.01331	0.00892	0.00275	0.00731	0.01101	0.00781	0.01170

[dist]
# distance from previous block
# <min> <max>
0	1

[block]
# block no. 3 follows, 21 sequences, length 17
# corresponding to MSA columns:
# 79-95
name=unknown_D
#
# <colnr> <probs for GDERKNQSTAVLIFYWHMCP>
#	G	D	E	R	K	N	Q	S	T	A	V	L	I	F	Y	W	H	M	C	P
0	0.01857	0.21890	0.49510	0.02169	0.03287	0.02344	0.02698	0.02656	0.01779	0.02512	0.01436	0.01683	0.01082	0.00787	0.00739	0.00246	0.01166	0.00583	0.00361	0.01214
1	0.01765	0.01513	0.01765	0.01260	0.02017	0.01134	0.01008	0.02143	0.01765	0.02773	0.01513	0.01765	0.01260	0.00630	0.00630	0.00126	0.00630	0.00504	0.00504	0.75295
2	0.02190	0.02307	0.02803	0.03810	0.39744	0.16933	0.02073	0.02595	0.02085	0.02622	0.06938	0.02838	0.07417	0.00985	0.00852	0.00249	0.01035	0.00861	0.00497	0.01166
3	0.01238	0.00825	0.00928	0.00928	0.00928	0.00825	0.00516	0.01238	0.01238	0.01650	0.02681	0.05569	0.03094	0.70092	0.04331	0.00825	0.00825	0.01238	0.00516	0.00516
4	0.02973	0.01637	0.01950	0.01622	0.02193	0.01681	0.01299	0.04334	0.32649	0.34661	0.03410	0.03035	0.02351	0.01104	0.00861	0.00276	0.00699	0.00909	0.00960	0.01398
5	0.03039	0.02237	0.02414	0.01889	0.02514	0.02466	0.01544	0.56535	0.03790	0.05079	0.02279	0.08054	0.01820	0.01168	0.00872	0.00263	0.00897	0.00913	0.00846	0.01380
6	0.02201	0.03711	0.50784	0.02212	0.03330	0.01807	0.02701	0.03035	0.01946	0.17353	0.01955	0.02054	0.01319	0.00866	0.00820	0.00268	0.01133	0.00682	0.00522	0.01302
7	0.01600	0.01350	0.01579	0.01207	0.01828	0.01039	0.00945	0.01944	0.01802	0.02710	0.05766	0.08692	0.07760	0.01011	0.00725	0.00168	0.00588	0.00849	0.00579	0.57856
8	0.02951	0.02376	0.02556	0.02028	0.02556	0.06442	0.01669	0.46204	0.03354	0.04490	0.01810	0.01976	0.01359	0.01109	0.01244	0.00277	0.14807	0.00749	0.00729	0.01314
9	0.13908	0.01285	0.01484	0.01306	0.01708	0.01325	0.01039	0.06635	0.05485	0.16086	0.09885	0.03949	0.12818	0.02514	0.16246	0.00527	0.01007	0.01032	0.00749	0.01009
10	0.02410	0.03230	0.17516	0.03034	0.19252	0.22508	0.02273	0.07337	0.02141	0.02656	0.01474	0.01822	0.01188	0.00908	0.01027	0.00260	0.08690	0.00661	0.00440	0.01174
11	0.05204	0.21657	0.46711	0.02112	0.03198	0.02338	0.02601	0.02648	0.01763	0.02564	0.01421	0.01665	0.01075	0.00787	0.00727	0.00246	0.01139	0.00576	0.00368	0.01199
12	0.14224	0.01883	0.02450	0.03287	0.33606	0.07848	0.01818	0.02433	0.02012	0.03034	0.16176	0.02926	0.02816	0.01004	0.00821	0.00255	0.00860	0.00872	0.00561	0.01116
13	0.06663	0.02222	0.02004	0.01739	0.02181	0.15384	0.01348	0.29084	0.02850	0.03683	0.02599	0.21168	0.02538	0.01448	0.00883	0.00274	0.00919	0.01176	0.00730	0.01106
14	0.02596	0.02000	0.02311	0.02156	0.08837	0.02187	0.01574	0.36623	0.12900	0.04302	0.02649	0.09943	0.02267	0.01268	0.00896	0.00278	0.00846	0.04264	0.00798	0.01302
15	0.14650	0.34314	0.10154	0.01702	0.02379	0.19696	0.01604	0.02781	0.01870	0.02400	0.01256	0.01460	0.01063	0.00787	0.00630	0.00215	0.01072	0.00500	0.00410	0.01054
16	0.02617	0.02627	0.13579	0.02436	0.03248	0.02319	0.17710	0.31100	0.06395	0.06379	0.02003	0.02165	0.01435	0.00915	0.00886	0.00268	0.01098	0.00821	0.00667	0.01331

[dist]
# distance from previous block
# <min> <max>
4	7

[block]
# block no. 4 follows, 21 sequences, length 22
# corresponding to MSA columns:
# 103-124
name=unknown_E
#
# <colnr> <probs for GDERKNQSTAVLIFYWHMCP>
#	G	D	E	R	K	N	Q	S	T	A	V	L	I	F	Y	W	H	M	C	P
0	0.02491	0.02762	0.14681	0.12327	0.14852	0.09539	0.02204	0.24329	0.02684	0.03540	0.01703	0.01984	0.01273	0.00891	0.00832	0.00258	0.01108	0.00713	0.00562	0.01267
1	0.01962	0.02879	0.25859	0.04216	0.42785	0.02006	0.02803	0.02642	0.01887	0.02750	0.01574	0.01995	0.01251	0.00776	0.00830	0.00259	0.01100	0.00712	0.00399	0.01315
2	0.02280	0.03601	0.48401	0.02178	0.03273	0.01780	0.02631	0.03089	0.01970	0.19698	0.02024	0.02095	0.01357	0.00875	0.00821	0.00268	0.01113	0.00690	0.00548	0.01309
3	0.07144	0.32852	0.12749	0.01800	0.02481	0.22136	0.01716	0.02778	0.01912	0.02246	0.01325	0.01573	0.01127	0.01046	0.03659	0.00266	0.01198	0.00531	0.00400	0.01059
4	0.03031	0.15972	0.02860	0.01953	0.02550	0.27535	0.01597	0.28042	0.02956	0.03457	0.01599	0.01718	0.01244	0.00910	0.00761	0.00227	0.01163	0.00623	0.00599	0.01202
5	0.01533	0.01276	0.01389	0.01289	0.01635	0.01337	0.00987	0.02731	0.28172	0.03138	0.21539	0.05557	0.22804	0.01616	0.00946	0.00283	0.00526	0.01371	0.00862	0.01009
6	0.01374	0.01112	0.01258	0.01263	0.01515	0.01141	0.00927	0.02248	0.20447	0.02751	0.11426	0.28551	0.18696	0.01993	0.00992	0.00307	0.00524	0.01741	0.00828	0.00908
7	0.01926	0.02431	0.20124	0.02671	0.08344	0.01702	0.20175	0.02571	0.01972	0.08556	0.02740	0.03936	0.05613	0.01172	0.00957	0.00297	0.01103	0.12026	0.00557	0.01128
8	0.01765	0.01513	0.01765	0.01260	0.02017	0.01134	0.01008	0.02143	0.01765	0.02773	0.01513	0.01765	0.01260	0.00630	0.00630	0.00126	0.00630	0.00504	0.00504	0.75295
9	0.01808	0.01862	0.03587	0.37354	0.10860	0.02004	0.25198	0.02428	0.01842	0.02443	0.01601	0.02264	0.01215	0.00791	0.00909	0.00282	0.01238	0.00852	0.00402	0.01061
10	0.01093	0.00887	0.00983	0.01020	0.01284	0.00777	0.00806	0.01356	0.01971	0.02414	0.10951	0.08377	0.48878	0.02172	0.01041	0.00308	0.00502	0.13646	0.00797	0.00737
11	0.01862	0.01862	0.02607	0.02234	0.02234	0.02607	0.01862	0.02048	0.01303	0.02048	0.01117	0.01862	0.01117	0.01489	0.02793	0.00372	0.68535	0.00745	0.00372	0.00931
12	0.01807	0.01496	0.01679	0.01622	0.02000	0.01664	0.01308	0.03430	0.39785	0.03156	0.04134	0.05541	0.07411	0.01600	0.00973	0.00321	0.00692	0.19417	0.00835	0.01127
13	0.01071	0.00860	0.00924	0.00911	0.01149	0.00747	0.00663	0.01299	0.01954	0.02446	0.18938	0.07538	0.46520	0.09610	0.01374	0.00343	0.00469	0.01683	0.00789	0.00713
14	0.01061	0.00751	0.00980	0.01154	0.01198	0.00707	0.00757	0.01191	0.01582	0.02110	0.04449	0.61854	0.05324	0.10764	0.01476	0.00403	0.00534	0.02277	0.00757	0.00670
15	0.03048	0.02204	0.02355	0.01826	0.02453	0.02430	0.01502	0.55158	0.03750	0.05115	0.02126	0.02171	0.01530	0.01018	0.00822	0.00249	0.00875	0.00769	0.09225	0.01373
16	0.01238	0.00825	0.00928	0.00928	0.00928	0.00825	0.00516	0.01238	0.01238	0.01650	0.02681	0.05569	0.03094	0.70092	0.04331	0.00825	0.00825	0.01238	0.00516	0.00516
17	0.01238	0.00825	0.00928	0.00928	0.00928	0.00825	0.00516	0.01238	0.01238	0.01650	0.02681	0.05569	0.03094	0.70092	0.04331	0.00825	0.00825	0.01238	0.00516	0.00516
18	0.01108	0.00826	0.00992	0.01059	0.01204	0.00757	0.00747	0.01310	0.01808	0.02356	0.15240	0.27731	0.22634	0.12631	0.01550	0.00392	0.00530	0.05656	0.00772	0.00697
19	0.01765	0.01513	0.01765	0.01260	0.02017	0.01134	0.01008	0.02143	0.01765	0.02773	0.01513	0.01765	0.01260	0.00630	0.00630	0.00126	0.00630	0.00504	0.00504	0.75295
20	0.01190	0.00833	0.00914	0.00914	0.00974	0.00803	0.00543	0.01234	0.01383	0.01785	0.03912	0.06112	0.15808	0.56012	0.03642	0.00714	0.00743	0.01353	0.00573	0.00558
21	0.01006	0.00862	0.00862	0.00862	0.01149	0.00718	0.00647	0.01221	0.01940	0.02299	0.08621	0.08190	0.64438	0.02155	0.01006	0.00287	0.00431	0.01796	0.00790	0.00718

[dist]
# distance from previous block
# <min> <max>
0	36

[block]
# block no. 5 follows, 21 sequences, length 22
# corresponding to MSA columns:
# 161-182
name=unknown_F
#
# <colnr> <probs for GDERKNQSTAVLIFYWHMCP>
#	G	D	E	R	K	N	Q	S	T	A	V	L	I	F	Y	W	H	M	C	P
0	0.76103	0.01646	0.01251	0.01119	0.01646	0.01909	0.00922	0.02502	0.01448	0.03818	0.01185	0.01382	0.00922	0.00790	0.00527	0.00263	0.00658	0.00461	0.00527	0.00922
1	0.01586	0.00793	0.00793	0.00793	0.00991	0.00793	0.00595	0.01983	0.01785	0.03173	0.02776	0.03173	0.02181	0.00991	0.00595	0.00198	0.00397	0.00793	0.74817	0.00793
2	0.01050	0.00772	0.00957	0.01097	0.01189	0.00709	0.00736	0.01197	0.01654	0.02148	0.05275	0.51437	0.16968	0.08913	0.01376	0.00379	0.00513	0.02185	0.00764	0.00680
3	0.03235	0.02384	0.02554	0.01958	0.02639	0.02639	0.01618	0.61946	0.04001	0.05363	0.02043	0.02043	0.01447	0.01022	0.00851	0.00255	0.00936	0.00766	0.00851	0.01447
4	0.01216	0.00912	0.01368	0.01368	0.01520	0.01064	0.01064	0.01520	0.01368	0.01976	0.02279	0.03343	0.02127	0.06382	0.66720	0.01368	0.02279	0.00912	0.00456	0.00760
5	0.01033	0.00756	0.00972	0.01145	0.01224	0.00695	0.00772	0.01190	0.01668	0.02188	0.05183	0.61855	0.12993	0.02602	0.01076	0.00338	0.00486	0.02341	0.00790	0.00695
6	0.01155	0.00819	0.00924	0.00956	0.01025	0.00780	0.00588	0.01226	0.01452	0.01874	0.04282	0.16501	0.16670	0.44583	0.03092	0.00632	0.00687	0.01549	0.00619	0.00588
7	0.03194	0.03609	0.02450	0.02130	0.02633	0.49544	0.01637	0.19061	0.02837	0.02960	0.01510	0.01671	0.01190	0.00916	0.00790	0.00229	0.01375	0.00606	0.00549	0.01110
8	0.01037	0.00741	0.00987	0.01185	0.01234	0.00691	0.00790	0.01185	0.01629	0.02172	0.04690	0.69537	0.05629	0.02666	0.01086	0.00346	0.00494	0.02419	0.00790	0.00691
9	0.02176	0.02155	0.03386	0.05025	0.60718	0.06251	0.02548	0.02663	0.01969	0.02735	0.01582	0.02069	0.01332	0.00766	0.00838	0.00251	0.01045	0.00744	0.00422	0.01324
10	0.01216	0.00912	0.01368	0.01368	0.01520	0.01064	0.01064	0.01520	0.01368	0.01976	0.02279	0.03343	0.02127	0.06382	0.66720	0.01368	0.02279	0.00912	0.00456	0.00760
11	0.02166	0.55777	0.03881	0.01414	0.02148	0.02888	0.01360	0.02461	0.01737	0.02168	0.01254	0.01451	0.01128	0.00707	0.00564	0.00170	0.00850	0.00466	0.00394	0.17017
12	0.01679	0.04209	0.62160	0.02352	0.03552	0.01912	0.03016	0.02636	0.01830	0.02734	0.04955	0.02046	0.01457	0.00859	0.00819	0.00269	0.01211	0.00679	0.00391	0.01233
13	0.02685	0.02026	0.02205	0.01753	0.02385	0.02165	0.01417	0.31916	0.21399	0.07378	0.02449	0.02381	0.01796	0.00999	0.00819	0.00244	0.00796	0.00786	0.00809	0.13592
14	0.02898	0.02216	0.02364	0.01890	0.02511	0.02482	0.01536	0.44651	0.21845	0.04820	0.02471	0.02384	0.01794	0.01062	0.00856	0.00265	0.00857	0.00825	0.00856	0.01417
15	0.01465	0.01244	0.01727	0.01446	0.01899	0.01034	0.06624	0.01773	0.01728	0.02502	0.02941	0.31848	0.03199	0.01541	0.00868	0.00238	0.00645	0.01400	0.00624	0.35254
16	0.01607	0.01513	0.02552	0.68047	0.05861	0.01891	0.02363	0.02174	0.01702	0.02174	0.01513	0.02269	0.01134	0.00851	0.00851	0.00284	0.01134	0.00756	0.00378	0.00945
17	0.01539	0.01416	0.02318	0.52777	0.04880	0.01759	0.02086	0.02022	0.01648	0.02154	0.01867	0.09327	0.01664	0.01427	0.05121	0.00364	0.05359	0.00939	0.00426	0.00906
18	0.01857	0.01811	0.03202	0.03878	0.37206	0.01762	0.14826	0.02319	0.01880	0.02590	0.02619	0.03270	0.09419	0.08157	0.01262	0.00324	0.01010	0.00991	0.00479	0.01139
19	0.01326	0.08181	0.01690	0.01377	0.01589	0.01304	0.01105	0.01627	0.01405	0.01978	0.02165	0.03137	0.02019	0.05793	0.59817	0.01244	0.02137	0.00864	0.00446	0.00794
20	0.03013	0.01261	0.01707	0.01392	0.01897	0.01104	0.01115	0.03338	0.02346	0.46582	0.15501	0.10529	0.03640	0.01357	0.00909	0.00273	0.00637	0.01153	0.01003	0.01242
21	0.02606	0.02491	0.02650	0.03008	0.23601	0.17107	0.01860	0.21845	0.02716	0.03404	0.02410	0.02588	0.07903	0.01017	0.00845	0.00249	0.01048	0.00820	0.00603	0.01230

[dist]
# distance from previous block
# <min> <max>
0	1

[block]
# block no. 6 follows, 21 sequences, length 11
# corresponding to MSA columns:
# 184-194
name=unknown_G
#
# <colnr> <probs for GDERKNQSTAVLIFYWHMCP>
#	G	D	E	R	K	N	Q	S	T	A	V	L	I	F	Y	W	H	M	C	P
0	0.02805	0.01237	0.01574	0.01279	0.01804	0.01059	0.01033	0.03093	0.02257	0.42642	0.05254	0.04804	0.24570	0.01450	0.00910	0.00272	0.00619	0.01195	0.00958	0.01185
1	0.01037	0.00741	0.00987	0.01185	0.01234	0.00691	0.00790	0.01185	0.01629	0.02172	0.04690	0.69537	0.05629	0.02666	0.01086	0.00346	0.00494	0.02419	0.00790	0.00691
2	0.01686	0.01178	0.01447	0.01313	0.01439	0.01447	0.01051	0.02006	0.01611	0.02767	0.02178	0.02700	0.01798	0.01171	0.01387	0.00261	0.24953	0.00776	0.47988	0.00843
3	0.01424	0.01214	0.01651	0.01502	0.01615	0.01441	0.01183	0.01721	0.01929	0.02792	0.35337	0.11320	0.05288	0.01746	0.01657	0.00314	0.24966	0.01344	0.00718	0.00837
4	0.49822	0.02514	0.01669	0.01506	0.02001	0.25250	0.01182	0.02825	0.01795	0.03193	0.01232	0.01437	0.00985	0.00821	0.00613	0.00247	0.00974	0.00492	0.00495	0.00945
5	0.02228	0.01545	0.01661	0.01384	0.01735	0.01663	0.01042	0.29612	0.02619	0.03643	0.02401	0.03511	0.02169	0.25909	0.02061	0.00451	0.00802	0.00941	0.13628	0.00997
6	0.02255	0.01153	0.01403	0.01194	0.01638	0.01013	0.00946	0.02635	0.04979	0.28933	0.11245	0.05573	0.30330	0.01609	0.00936	0.00276	0.00562	0.01340	0.00917	0.01061
7	0.01867	0.01977	0.01568	0.01615	0.01830	0.24522	0.01199	0.02083	0.01969	0.02205	0.03442	0.34578	0.03868	0.01966	0.00987	0.00308	0.00919	0.11621	0.00662	0.00814
8	0.02515	0.01822	0.01968	0.01587	0.02022	0.01985	0.01220	0.40067	0.03005	0.04025	0.02273	0.03314	0.02041	0.25914	0.02106	0.00461	0.00896	0.00936	0.00730	0.01112
9	0.01133	0.00867	0.01038	0.00995	0.01227	0.00772	0.00747	0.01467	0.02240	0.03011	0.44256	0.07017	0.28359	0.01890	0.01004	0.00275	0.00412	0.01632	0.00884	0.00772
10	0.01103	0.00849	0.00904	0.00900	0.01078	0.00762	0.00610	0.01253	0.01718	0.02139	0.10183	0.07124	0.38582	0.26611	0.02204	0.00480	0.00571	0.01578	0.00701	0.00651

[dist]
# distance from previous block
# <min> <max>
0	2

[block]
# block no. 7 follows, 21 sequences, length 23
# corresponding to MSA columns:
# 197-219
name=unknown_H
#
# <colnr> <probs for GDERKNQSTAVLIFYWHMCP>
#	G	D	E	R	K	N	Q	S	T	A	V	L	I	F	Y	W	H	M	C	P
0	0.01238	0.00825	0.00928	0.00928	0.00928	0.00825	0.00516	0.01238	0.01238	0.01650	0.02681	0.05569	0.03094	0.70092	0.04331	0.00825	0.00825	0.01238	0.00516	0.00516
1	0.02246	0.01873	0.01551	0.01384	0.01793	0.18985	0.01064	0.02496	0.02200	0.16522	0.07673	0.05090	0.30667	0.01538	0.00906	0.00262	0.00800	0.01230	0.00759	0.00960
2	0.01043	0.00831	0.00941	0.01019	0.01223	0.00729	0.00747	0.01250	0.01840	0.02276	0.07039	0.28229	0.40913	0.02336	0.01044	0.00314	0.00478	0.06245	0.00790	0.00714
3	0.01427	0.00812	0.00812	0.00812	0.01035	0.00773	0.00609	0.01773	0.01827	0.02932	0.04384	0.04553	0.19307	0.01312	0.00708	0.00223	0.00406	0.01069	0.54454	0.00773
4	0.02622	0.01965	0.02089	0.01657	0.02229	0.02111	0.01350	0.45242	0.03434	0.04520	0.03853	0.03734	0.18775	0.01333	0.00894	0.00264	0.00797	0.01049	0.00835	0.01247
5	0.01103	0.00775	0.00962	0.01084	0.01127	0.00738	0.00691	0.01204	0.01511	0.02002	0.04188	0.45166	0.07414	0.25427	0.02179	0.00505	0.00603	0.01992	0.00697	0.00633
6	0.01028	0.00774	0.00953	0.01096	0.01211	0.00699	0.00751	0.01195	0.01715	0.02207	0.05772	0.52662	0.21806	0.02526	0.01064	0.00330	0.00476	0.02248	0.00790	0.00699
7	0.55748	0.01749	0.01857	0.02248	0.19014	0.01940	0.01387	0.02532	0.01583	0.03533	0.01299	0.01582	0.01039	0.00781	0.00614	0.00260	0.00755	0.00543	0.00498	0.01039
8	0.01973	0.02037	0.03570	0.03465	0.20109	0.02308	0.20160	0.02408	0.01691	0.02454	0.01433	0.02060	0.01233	0.01055	0.01716	0.00314	0.29671	0.00827	0.00403	0.01111
9	0.01217	0.00906	0.01340	0.01340	0.01482	0.01049	0.01029	0.01502	0.01359	0.01955	0.02305	0.03484	0.02189	0.10410	0.62776	0.01333	0.02188	0.00932	0.00460	0.00744
10	0.01096	0.00816	0.01010	0.01064	0.01217	0.00741	0.00753	0.01341	0.01955	0.02613	0.26231	0.31665	0.19389	0.04677	0.01157	0.00323	0.00460	0.01932	0.00831	0.00730
11	0.01161	0.00888	0.01176	0.01176	0.01347	0.00940	0.00883	0.01404	0.01509	0.02026	0.04072	0.04942	0.19383	0.12834	0.41187	0.01006	0.01597	0.01194	0.00555	0.00719
12	0.02346	0.02320	0.04343	0.03139	0.03950	0.02286	0.45168	0.19016	0.02557	0.03451	0.01810	0.02226	0.01334	0.00801	0.00962	0.00278	0.01298	0.00939	0.00546	0.01230
13	0.01158	0.00898	0.01229	0.01229	0.01418	0.00969	0.00949	0.01438	0.01525	0.02064	0.04024	0.04676	0.19268	0.05220	0.48643	0.01071	0.01771	0.01155	0.00548	0.00748
14	0.03045	0.14015	0.02726	0.02071	0.02564	0.54349	0.01615	0.05815	0.02378	0.02213	0.01327	0.01531	0.01111	0.00861	0.00738	0.00215	0.01415	0.00544	0.00445	0.01023
15	0.23226	0.02411	0.02149	0.01754	0.02348	0.12070	0.01419	0.34477	0.05423	0.04372	0.01754	0.01830	0.01296	0.00941	0.00750	0.00253	0.00940	0.00657	0.00700	0.01229
16	0.09902	0.15659	0.35772	0.02642	0.14840	0.02230	0.02497	0.02632	0.01774	0.02707	0.01442	0.01733	0.01115	0.00782	0.00737	0.00250	0.01083	0.00604	0.00390	0.01209
17	0.01826	0.38765	0.15176	0.01566	0.02209	0.02366	0.01595	0.02201	0.01715	0.02181	0.02213	0.20200	0.02337	0.01277	0.00745	0.00244	0.00862	0.01028	0.00480	0.01013
18	0.01354	0.01127	0.01663	0.02253	0.18711	0.01082	0.01282	0.01613	0.01752	0.02346	0.04281	0.35715	0.12700	0.05894	0.01197	0.00341	0.00660	0.04486	0.00673	0.00870
19	0.01427	0.01232	0.01944	0.27755	0.03295	0.01525	0.01647	0.01824	0.01494	0.02060	0.01875	0.02789	0.01647	0.03771	0.35121	0.00853	0.07639	0.00836	0.00418	0.00848
20	0.55795	0.20615	0.02133	0.01212	0.01794	0.02310	0.01069	0.02514	0.01526	0.03319	0.01184	0.01378	0.00969	0.00773	0.00532	0.00241	0.00728	0.00459	0.00482	0.00969
21	0.01162	0.00884	0.01156	0.01156	0.01321	0.00930	0.00859	0.01391	0.01504	0.02011	0.04090	0.05042	0.19427	0.15696	0.38384	0.00981	0.01532	0.01209	0.00558	0.00708
22	0.02472	0.02472	0.02094	0.01871	0.02352	0.19905	0.01444	0.07446	0.43177	0.03255	0.02793	0.02660	0.02120	0.01071	0.00838	0.00268	0.00925	0.00837	0.00748	0.01253

[dist]
# distance from previous block
# <min> <max>
0	1

# created by:
# /home/cegg/simao/soft/augustus-3.2.1/scripts/msa2prfl.pl ./align_prep/13259.fa
