[name]
unknown

[dist]
# distance from previous block
# <min> <max>
0	0

[block]
# block no. 0 follows, 22 sequences, length 36
# corresponding to MSA columns:
# 0-35
name=unknown_A
#
# <colnr> <probs for GDERKNQSTAVLIFYWHMCP>
#	G	D	E	R	K	N	Q	S	T	A	V	L	I	F	Y	W	H	M	C	P
0	0.01339	0.00956	0.01339	0.01530	0.01721	0.00956	0.01339	0.01721	0.01912	0.02486	0.04399	0.09371	0.04781	0.02295	0.01147	0.00382	0.00765	0.60031	0.00765	0.00765
1	0.03158	0.02327	0.02493	0.01911	0.02576	0.02576	0.01579	0.62852	0.03906	0.05236	0.01995	0.01995	0.01413	0.00997	0.00831	0.00249	0.00914	0.00748	0.00831	0.01413
2	0.02075	0.02363	0.03463	0.19407	0.04083	0.17336	0.29443	0.02591	0.01956	0.02346	0.01709	0.06124	0.01430	0.00883	0.00893	0.00267	0.01295	0.00897	0.00430	0.01007
3	0.01046	0.00898	0.00903	0.00892	0.01184	0.00782	0.00672	0.01383	0.05585	0.02317	0.08117	0.07705	0.61563	0.02046	0.00974	0.00281	0.00435	0.01705	0.00776	0.00738
4	0.01355	0.01124	0.01219	0.01147	0.01462	0.01129	0.00874	0.02248	0.20542	0.02890	0.21513	0.06077	0.31828	0.01709	0.00941	0.00276	0.00484	0.01446	0.00830	0.00905
5	0.01187	0.00890	0.01335	0.01335	0.01483	0.01038	0.01038	0.01483	0.01335	0.01928	0.02225	0.03264	0.02077	0.06231	0.67512	0.01335	0.02225	0.00890	0.00445	0.00742
6	0.01573	0.01147	0.01355	0.01333	0.01555	0.01173	0.00980	0.16649	0.02187	0.02902	0.04061	0.43464	0.07905	0.05340	0.01150	0.00336	0.00615	0.04644	0.00773	0.00858
7	0.02690	0.35502	0.03291	0.01804	0.02364	0.37408	0.01519	0.02929	0.02042	0.01996	0.01224	0.01421	0.01068	0.00788	0.00648	0.00197	0.01213	0.00492	0.00394	0.01011
8	0.01751	0.10052	0.55251	0.02531	0.09082	0.02054	0.02876	0.02611	0.01761	0.02578	0.01467	0.01744	0.01077	0.00778	0.00769	0.00254	0.01176	0.00610	0.00357	0.01221
9	0.01803	0.03483	0.44374	0.03325	0.25336	0.01945	0.02887	0.02602	0.01802	0.02660	0.01516	0.01860	0.01145	0.00772	0.00801	0.00257	0.01143	0.00658	0.00372	0.01259
10	0.02056	0.01974	0.03372	0.05099	0.65622	0.01974	0.02550	0.02550	0.01892	0.02714	0.01563	0.02056	0.01316	0.00740	0.00822	0.00247	0.00987	0.00740	0.00411	0.01316
11	0.02244	0.02156	0.01960	0.01767	0.02230	0.13245	0.01365	0.04227	0.53564	0.03229	0.03023	0.02826	0.02285	0.01081	0.00829	0.00270	0.00801	0.00870	0.00774	0.01255
12	0.01874	0.02186	0.12383	0.21081	0.41144	0.01934	0.02563	0.02452	0.01812	0.02550	0.01530	0.02053	0.01224	0.00771	0.00820	0.00257	0.01053	0.00721	0.00392	0.01202
13	0.76672	0.01607	0.01221	0.01092	0.01607	0.01864	0.00900	0.02442	0.01414	0.03727	0.01157	0.01350	0.00900	0.00771	0.00514	0.00257	0.00643	0.00450	0.00514	0.00900
14	0.01868	0.02072	0.09838	0.23914	0.41045	0.01931	0.02532	0.02430	0.01808	0.02528	0.01529	0.02071	0.01225	0.00773	0.00821	0.00258	0.01049	0.00726	0.00392	0.01189
15	0.01187	0.00890	0.01335	0.01335	0.01483	0.01038	0.01038	0.01483	0.01335	0.01928	0.02225	0.03264	0.02077	0.06231	0.67512	0.01335	0.02225	0.00890	0.00445	0.00742
16	0.01404	0.01146	0.01249	0.01172	0.01465	0.01175	0.00876	0.02329	0.22119	0.02839	0.19790	0.05713	0.24711	0.08804	0.01273	0.00331	0.00530	0.01373	0.00802	0.00900
17	0.01187	0.00890	0.01335	0.01335	0.01483	0.01038	0.01038	0.01483	0.01335	0.01928	0.02225	0.03264	0.02077	0.06231	0.67512	0.01335	0.02225	0.00890	0.00445	0.00742
18	0.02225	0.01461	0.01774	0.01293	0.02007	0.01136	0.01044	0.02582	0.01887	0.18618	0.01928	0.02000	0.01437	0.00719	0.00670	0.00157	0.00638	0.00578	0.00627	0.57221
19	0.03050	0.07995	0.02474	0.02097	0.02542	0.63623	0.01594	0.03268	0.02314	0.02028	0.01276	0.01488	0.01070	0.00847	0.00736	0.00212	0.01462	0.00530	0.00424	0.00969
20	0.76672	0.01607	0.01221	0.01092	0.01607	0.01864	0.00900	0.02442	0.01414	0.03727	0.01157	0.01350	0.00900	0.00771	0.00514	0.00257	0.00643	0.00450	0.00514	0.00900
21	0.03103	0.03959	0.02354	0.02140	0.02568	0.67469	0.01605	0.03317	0.02354	0.02033	0.01284	0.01498	0.01070	0.00856	0.00749	0.00214	0.01498	0.00535	0.00428	0.00963
22	0.01102	0.00846	0.01008	0.00968	0.01196	0.00752	0.00726	0.01425	0.02177	0.02917	0.43568	0.06887	0.29713	0.01853	0.00981	0.00269	0.00403	0.01598	0.00860	0.00752
23	0.01187	0.00890	0.01335	0.01335	0.01483	0.01038	0.01038	0.01483	0.01335	0.01928	0.02225	0.03264	0.02077	0.06231	0.67512	0.01335	0.02225	0.00890	0.00445	0.00742
24	0.01267	0.01717	0.17453	0.01360	0.01832	0.01063	0.01355	0.01764	0.02083	0.02884	0.34159	0.05632	0.17912	0.01587	0.00941	0.00272	0.00627	0.04476	0.00735	0.00877
25	0.76672	0.01607	0.01221	0.01092	0.01607	0.01864	0.00900	0.02442	0.01414	0.03727	0.01157	0.01350	0.00900	0.00771	0.00514	0.00257	0.00643	0.00450	0.00514	0.00900
26	0.01878	0.29828	0.42821	0.02007	0.03038	0.02447	0.02441	0.02576	0.01729	0.02373	0.01363	0.01593	0.01058	0.00759	0.00692	0.00231	0.01098	0.00549	0.00353	0.01166
27	0.01208	0.00805	0.00906	0.00906	0.00906	0.00805	0.00503	0.01208	0.01208	0.01611	0.02618	0.05436	0.03020	0.70804	0.04228	0.00805	0.00805	0.01208	0.00503	0.00503
28	0.02027	0.01944	0.03319	0.08906	0.62043	0.01966	0.02535	0.02524	0.01878	0.02679	0.01557	0.02066	0.01303	0.00746	0.00823	0.00249	0.00994	0.00740	0.00409	0.01292
29	0.03103	0.03959	0.02354	0.02140	0.02568	0.67469	0.01605	0.03317	0.02354	0.02033	0.01284	0.01498	0.01070	0.00856	0.00749	0.00214	0.01498	0.00535	0.00428	0.00963
30	0.02034	0.07818	0.48064	0.02263	0.03275	0.17427	0.02636	0.02785	0.01892	0.02454	0.01424	0.01671	0.01057	0.00801	0.00766	0.00247	0.01273	0.00586	0.00369	0.01157
31	0.02056	0.01974	0.03372	0.05099	0.65622	0.01974	0.02550	0.02550	0.01892	0.02714	0.01563	0.02056	0.01316	0.00740	0.00822	0.00247	0.00987	0.00740	0.00411	0.01316
32	0.01208	0.00805	0.00906	0.00906	0.00906	0.00805	0.00503	0.01208	0.01208	0.01611	0.02618	0.05436	0.03020	0.70804	0.04228	0.00805	0.00805	0.01208	0.00503	0.00503
33	0.01818	0.01818	0.02545	0.02181	0.02181	0.02545	0.01818	0.01999	0.01272	0.01999	0.01091	0.01818	0.01091	0.01454	0.02726	0.00364	0.69284	0.00727	0.00364	0.00909
34	0.76672	0.01607	0.01221	0.01092	0.01607	0.01864	0.00900	0.02442	0.01414	0.03727	0.01157	0.01350	0.00900	0.00771	0.00514	0.00257	0.00643	0.00450	0.00514	0.00900
35	0.01805	0.02926	0.28752	0.02731	0.06180	0.02157	0.18157	0.02449	0.01672	0.02456	0.01425	0.01913	0.01130	0.00960	0.01412	0.00296	0.21346	0.00748	0.00375	0.01110

[dist]
# distance from previous block
# <min> <max>
0	6

[block]
# block no. 1 follows, 22 sequences, length 106
# corresponding to MSA columns:
# 42-147
name=unknown_B
#
# <colnr> <probs for GDERKNQSTAVLIFYWHMCP>
#	G	D	E	R	K	N	Q	S	T	A	V	L	I	F	Y	W	H	M	C	P
0	0.15573	0.35678	0.18553	0.01664	0.02410	0.05341	0.01755	0.02520	0.01658	0.02444	0.01238	0.01472	0.01034	0.00790	0.00729	0.00225	0.04962	0.00506	0.00387	0.01061
1	0.02086	0.02131	0.03666	0.04596	0.48776	0.05208	0.15989	0.02612	0.01930	0.02669	0.01576	0.02070	0.01291	0.00737	0.00854	0.00253	0.01105	0.00784	0.00414	0.01255
2	0.76672	0.01607	0.01221	0.01092	0.01607	0.01864	0.00900	0.02442	0.01414	0.03727	0.01157	0.01350	0.00900	0.00771	0.00514	0.00257	0.00643	0.00450	0.00514	0.00900
3	0.01850	0.03194	0.36831	0.03362	0.27343	0.01958	0.02723	0.02748	0.06997	0.02733	0.01676	0.01982	0.01277	0.00798	0.00807	0.00258	0.01088	0.00690	0.00415	0.01269
4	0.01188	0.00885	0.01311	0.01311	0.01451	0.01025	0.01008	0.01468	0.01328	0.01911	0.02247	0.03387	0.02130	0.09883	0.63933	0.01305	0.02145	0.00908	0.00448	0.00728
5	0.01923	0.01825	0.03100	0.18453	0.50226	0.01904	0.02447	0.02424	0.01844	0.02579	0.01664	0.02399	0.01418	0.00825	0.00838	0.00259	0.01003	0.03244	0.00417	0.01209
6	0.76672	0.01607	0.01221	0.01092	0.01607	0.01864	0.00900	0.02442	0.01414	0.03727	0.01157	0.01350	0.00900	0.00771	0.00514	0.00257	0.00643	0.00450	0.00514	0.00900
7	0.01826	0.01613	0.02000	0.02286	0.16191	0.01749	0.01455	0.03272	0.35864	0.03007	0.03823	0.03755	0.13544	0.01466	0.04127	0.00325	0.00766	0.01039	0.00715	0.01177
8	0.01443	0.00722	0.01082	0.01082	0.01082	0.00722	0.00722	0.01082	0.01082	0.01443	0.01443	0.02525	0.01443	0.02886	0.03247	0.75830	0.00722	0.00722	0.00361	0.00361
9	0.01971	0.03770	0.54072	0.02400	0.06901	0.01835	0.02786	0.02821	0.01847	0.11355	0.01740	0.01918	0.01205	0.00819	0.00797	0.00261	0.01143	0.00651	0.00447	0.01258
10	0.03046	0.03850	0.02410	0.02302	0.06027	0.63876	0.01657	0.03275	0.02329	0.02071	0.01299	0.01529	0.01084	0.00850	0.00753	0.00216	0.01470	0.00546	0.00427	0.00982
11	0.76672	0.01607	0.01221	0.01092	0.01607	0.01864	0.00900	0.02442	0.01414	0.03727	0.01157	0.01350	0.00900	0.00771	0.00514	0.00257	0.00643	0.00450	0.00514	0.00900
12	0.02056	0.01974	0.03372	0.05099	0.65622	0.01974	0.02550	0.02550	0.01892	0.02714	0.01563	0.02056	0.01316	0.00740	0.00822	0.00247	0.00987	0.00740	0.00411	0.01316
13	0.01633	0.01443	0.04904	0.01327	0.01607	0.04438	0.01025	0.14101	0.02071	0.02690	0.03811	0.25788	0.11994	0.17332	0.01683	0.00406	0.00726	0.01499	0.00684	0.00837
14	0.01140	0.00848	0.01061	0.01008	0.01219	0.00769	0.00756	0.01499	0.02268	0.03133	0.54815	0.06532	0.18331	0.01772	0.00980	0.00265	0.00397	0.01548	0.00888	0.00769
15	0.02153	0.20630	0.03108	0.22256	0.03496	0.10281	0.08075	0.08488	0.05426	0.02550	0.01604	0.01964	0.01266	0.00827	0.00745	0.00236	0.01048	0.00674	0.04122	0.01049
16	0.76672	0.01607	0.01221	0.01092	0.01607	0.01864	0.00900	0.02442	0.01414	0.03727	0.01157	0.01350	0.00900	0.00771	0.00514	0.00257	0.00643	0.00450	0.00514	0.00900
17	0.02298	0.02786	0.07044	0.03406	0.17550	0.21003	0.28329	0.02825	0.02048	0.02489	0.01529	0.01959	0.01207	0.00759	0.00868	0.00253	0.01327	0.00778	0.00417	0.01124
18	0.01187	0.00890	0.01335	0.01335	0.01483	0.01038	0.01038	0.01483	0.01335	0.01928	0.02225	0.03264	0.02077	0.06231	0.67512	0.01335	0.02225	0.00890	0.00445	0.00742
19	0.01228	0.00951	0.01415	0.01391	0.01529	0.01138	0.01090	0.01517	0.01331	0.01933	0.02151	0.03168	0.02012	0.05916	0.63250	0.01271	0.06637	0.00879	0.00440	0.00753
20	0.01201	0.00833	0.01046	0.01046	0.01094	0.00881	0.00678	0.01298	0.01249	0.01714	0.02490	0.04729	0.02713	0.49787	0.24826	0.00978	0.01268	0.01105	0.00484	0.00581
21	0.03147	0.02664	0.02464	0.01959	0.02575	0.15978	0.01584	0.50557	0.03585	0.04574	0.01848	0.01892	0.01342	0.00968	0.00814	0.00242	0.01035	0.00704	0.00748	0.01320
22	0.02221	0.71304	0.04353	0.01421	0.02132	0.03287	0.01421	0.02488	0.01688	0.01955	0.01155	0.01333	0.01066	0.00711	0.00533	0.00178	0.00888	0.00444	0.00355	0.01066
23	0.76672	0.01607	0.01221	0.01092	0.01607	0.01864	0.00900	0.02442	0.01414	0.03727	0.01157	0.01350	0.00900	0.00771	0.00514	0.00257	0.00643	0.00450	0.00514	0.00900
24	0.01012	0.00723	0.00964	0.01157	0.01205	0.00675	0.00771	0.01157	0.01591	0.02121	0.04579	0.70262	0.05495	0.02603	0.01060	0.00337	0.00482	0.02362	0.00771	0.00675
25	0.01926	0.02592	0.17116	0.03690	0.20310	0.02032	0.34612	0.02626	0.01900	0.02669	0.01611	0.02093	0.01232	0.00729	0.00900	0.00268	0.01256	0.00842	0.00404	0.01194
26	0.01187	0.00890	0.01335	0.01335	0.01483	0.01038	0.01038	0.01483	0.01335	0.01928	0.02225	0.03264	0.02077	0.06231	0.67512	0.01335	0.02225	0.00890	0.00445	0.00742
27	0.01796	0.04019	0.59354	0.02386	0.03559	0.01901	0.06460	0.02710	0.01800	0.06112	0.01600	0.01841	0.01120	0.00797	0.00803	0.00264	0.01209	0.00647	0.00392	0.01232
28	0.02316	0.28482	0.23957	0.01954	0.02745	0.22871	0.02015	0.02793	0.01917	0.02199	0.01305	0.01521	0.01063	0.00782	0.00684	0.00217	0.01189	0.00528	0.00377	0.01087
29	0.02239	0.02571	0.05931	0.22076	0.10620	0.23570	0.01940	0.03066	0.14820	0.02467	0.01817	0.02118	0.01411	0.00888	0.00804	0.00253	0.01136	0.00706	0.00491	0.01078
30	0.01443	0.00722	0.01082	0.01082	0.01082	0.00722	0.00722	0.01082	0.01082	0.01443	0.01443	0.02525	0.01443	0.02886	0.03247	0.75830	0.00722	0.00722	0.00361	0.00361
31	0.02092	0.16249	0.03239	0.03574	0.38260	0.02266	0.02039	0.02956	0.15823	0.02728	0.01887	0.02141	0.01538	0.00821	0.00768	0.00240	0.00893	0.00724	0.00497	0.01264
32	0.01187	0.00890	0.01335	0.01335	0.01483	0.01038	0.01038	0.01483	0.01335	0.01928	0.02225	0.03264	0.02077	0.06231	0.67512	0.01335	0.02225	0.00890	0.00445	0.00742
33	0.01012	0.00723	0.00964	0.01157	0.01205	0.00675	0.00771	0.01157	0.01591	0.02121	0.04579	0.70262	0.05495	0.02603	0.01060	0.00337	0.00482	0.02362	0.00771	0.00675
34	0.01496	0.01086	0.01232	0.01135	0.01458	0.01053	0.00870	0.02215	0.14931	0.08168	0.25089	0.05982	0.28707	0.01683	0.00941	0.00273	0.00484	0.01429	0.00854	0.00914
35	0.02189	0.67375	0.07998	0.01477	0.02218	0.03208	0.01518	0.02496	0.01692	0.01994	0.01175	0.01357	0.01065	0.00715	0.00548	0.00183	0.00908	0.00454	0.00355	0.01076
36	0.02509	0.02032	0.01980	0.01627	0.02087	0.08873	0.01266	0.35503	0.06321	0.03804	0.02659	0.03213	0.07086	0.15498	0.01537	0.00365	0.00898	0.00915	0.00717	0.01113
37	0.01723	0.01477	0.01723	0.01230	0.01969	0.01107	0.00984	0.02092	0.01723	0.02707	0.01477	0.01723	0.01230	0.00615	0.00615	0.00123	0.00615	0.00492	0.00492	0.75883
38	0.01187	0.00890	0.01335	0.01335	0.01483	0.01038	0.01038	0.01483	0.01335	0.01928	0.02225	0.03264	0.02077	0.06231	0.67512	0.01335	0.02225	0.00890	0.00445	0.00742
39	0.01208	0.00805	0.00906	0.00906	0.00906	0.00805	0.00503	0.01208	0.01208	0.01611	0.02618	0.05436	0.03020	0.70804	0.04228	0.00805	0.00805	0.01208	0.00503	0.00503
40	0.01227	0.00918	0.01285	0.01265	0.01365	0.01058	0.00936	0.01437	0.01297	0.01846	0.02269	0.03772	0.02278	0.23444	0.46841	0.01139	0.05511	0.00967	0.00456	0.00686
41	0.02932	0.03635	0.02520	0.02623	0.12855	0.56784	0.01759	0.03192	0.02279	0.02144	0.01330	0.01589	0.01110	0.00837	0.00761	0.00219	0.01415	0.00569	0.00425	0.01021
42	0.01666	0.04297	0.66500	0.02368	0.03596	0.01929	0.03069	0.02631	0.01754	0.02631	0.01491	0.01754	0.01052	0.00789	0.00789	0.00263	0.01228	0.00614	0.00351	0.01228
43	0.01874	0.02991	0.29694	0.03605	0.25895	0.01985	0.16693	0.02609	0.01851	0.02668	0.01560	0.01975	0.01195	0.00751	0.00845	0.00261	0.01182	0.00744	0.00388	0.01234
44	0.00995	0.00842	0.00859	0.00855	0.01130	0.00707	0.00641	0.01217	0.01924	0.02316	0.12151	0.07877	0.61505	0.02077	0.00982	0.00279	0.00419	0.01737	0.00781	0.00707
45	0.03103	0.03959	0.02354	0.02140	0.02568	0.67469	0.01605	0.03317	0.02354	0.02033	0.01284	0.01498	0.01070	0.00856	0.00749	0.00214	0.01498	0.00535	0.00428	0.00963
46	0.02404	0.02558	0.06920	0.03265	0.28493	0.16727	0.02047	0.12499	0.07489	0.03011	0.01871	0.02389	0.01551	0.00928	0.00825	0.00251	0.01066	0.03956	0.00534	0.01216
47	0.02908	0.18841	0.02796	0.01981	0.02472	0.53287	0.01565	0.03134	0.02207	0.02016	0.01256	0.01462	0.01069	0.00824	0.00701	0.00206	0.01363	0.00515	0.00412	0.00986
48	0.01686	0.04162	0.62447	0.02442	0.03645	0.01941	0.06987	0.02633	0.01768	0.02633	0.01503	0.01786	0.01066	0.00783	0.00802	0.00264	0.01239	0.00638	0.00355	0.01221
49	0.01064	0.00845	0.00956	0.00928	0.01173	0.00736	0.00696	0.01352	0.02088	0.02706	0.32549	0.07234	0.40863	0.01932	0.00981	0.00272	0.00409	0.01647	0.00832	0.00736
50	0.00991	0.00842	0.00855	0.00852	0.01128	0.00705	0.00639	0.01211	0.01916	0.02298	0.11234	0.07906	0.62433	0.02084	0.00982	0.00280	0.00419	0.01741	0.00779	0.00705
51	0.01151	0.00850	0.01231	0.01272	0.01391	0.00948	0.00950	0.01398	0.01382	0.01951	0.02747	0.17593	0.02857	0.09248	0.49715	0.01093	0.01772	0.01221	0.00518	0.00714
52	0.06896	0.02069	0.06059	0.03042	0.21317	0.05109	0.14383	0.02948	0.16678	0.02881	0.02417	0.02902	0.04405	0.00976	0.00859	0.00271	0.00973	0.04089	0.00555	0.01170
53	0.01747	0.03817	0.53463	0.02932	0.16405	0.01939	0.02962	0.02614	0.01782	0.02648	0.01506	0.01816	0.01107	0.00779	0.00796	0.00260	0.01178	0.00640	0.00363	0.01246
54	0.01688	0.04170	0.63045	0.02517	0.06990	0.01932	0.03041	0.02626	0.01761	0.02635	0.01495	0.01770	0.01067	0.00787	0.00791	0.00262	0.01215	0.00621	0.00354	0.01233
55	0.02056	0.01974	0.03372	0.05099	0.65622	0.01974	0.02550	0.02550	0.01892	0.02714	0.01563	0.02056	0.01316	0.00740	0.00822	0.00247	0.00987	0.00740	0.00411	0.01316
56	0.01864	0.01724	0.02616	0.29617	0.24528	0.01948	0.02119	0.02884	0.18640	0.02684	0.02020	0.02402	0.01563	0.00881	0.00832	0.00268	0.00946	0.00793	0.00512	0.01159
57	0.03106	0.03870	0.02362	0.02128	0.02569	0.63909	0.01604	0.06583	0.02439	0.02209	0.01323	0.01525	0.01089	0.00864	0.00754	0.00216	0.01466	0.00547	0.00450	0.00988
58	0.02856	0.02135	0.15268	0.01696	0.02414	0.01603	0.01620	0.14574	0.04737	0.32632	0.06423	0.02903	0.05166	0.01067	0.00841	0.00259	0.00820	0.00860	0.00826	0.01301
59	0.01194	0.00863	0.01195	0.01195	0.01296	0.00963	0.00864	0.01394	0.01294	0.01825	0.02353	0.03971	0.02384	0.27248	0.46915	0.01163	0.01763	0.00994	0.00464	0.00664
60	0.01012	0.00723	0.00964	0.01157	0.01205	0.00675	0.00771	0.01157	0.01591	0.02121	0.04579	0.70262	0.05495	0.02603	0.01060	0.00337	0.00482	0.02362	0.00771	0.00675
61	0.06094	0.63582	0.04083	0.01449	0.02108	0.03169	0.01417	0.02457	0.01649	0.02050	0.01151	0.01362	0.01059	0.00757	0.00661	0.00193	0.04887	0.00461	0.00364	0.01048
62	0.02459	0.42678	0.03575	0.05155	0.06037	0.23430	0.01587	0.02735	0.01909	0.02031	0.01235	0.01469	0.01084	0.00764	0.00632	0.00198	0.01097	0.00504	0.00382	0.01041
63	0.00994	0.00834	0.00864	0.00873	0.01134	0.00704	0.00648	0.01210	0.01898	0.02293	0.11134	0.11998	0.58345	0.02116	0.00987	0.00283	0.00423	0.01780	0.00779	0.00704
64	0.01187	0.00890	0.01335	0.01335	0.01483	0.01038	0.01038	0.01483	0.01335	0.01928	0.02225	0.03264	0.02077	0.06231	0.67512	0.01335	0.02225	0.00890	0.00445	0.00742
65	0.02221	0.71304	0.04353	0.01421	0.02132	0.03287	0.01421	0.02488	0.01688	0.01955	0.01155	0.01333	0.01066	0.00711	0.00533	0.00178	0.00888	0.00444	0.00355	0.01066
66	0.00982	0.00842	0.00842	0.00842	0.01122	0.00701	0.00631	0.01192	0.01894	0.02244	0.08416	0.07995	0.65285	0.02104	0.00982	0.00281	0.00421	0.01753	0.00771	0.00701
67	0.76672	0.01607	0.01221	0.01092	0.01607	0.01864	0.00900	0.02442	0.01414	0.03727	0.01157	0.01350	0.00900	0.00771	0.00514	0.00257	0.00643	0.00450	0.00514	0.00900
68	0.02221	0.71304	0.04353	0.01421	0.02132	0.03287	0.01421	0.02488	0.01688	0.01955	0.01155	0.01333	0.01066	0.00711	0.00533	0.00178	0.00888	0.00444	0.00355	0.01066
69	0.76672	0.01607	0.01221	0.01092	0.01607	0.01864	0.00900	0.02442	0.01414	0.03727	0.01157	0.01350	0.00900	0.00771	0.00514	0.00257	0.00643	0.00450	0.00514	0.00900
70	0.01187	0.00890	0.01335	0.01335	0.01483	0.01038	0.01038	0.01483	0.01335	0.01928	0.02225	0.03264	0.02077	0.06231	0.67512	0.01335	0.02225	0.00890	0.00445	0.00742
71	0.01474	0.00798	0.00890	0.00890	0.01074	0.00829	0.00675	0.01842	0.01658	0.02856	0.02610	0.03132	0.02118	0.02055	0.14403	0.00429	0.00767	0.00798	0.59933	0.00768
72	0.02204	0.17752	0.03485	0.03961	0.44713	0.09178	0.02197	0.02617	0.01895	0.02472	0.01442	0.01835	0.01234	0.00746	0.00750	0.00228	0.01019	0.00652	0.00400	0.01223
73	0.01240	0.00888	0.01021	0.00982	0.01256	0.00774	0.00755	0.01522	0.02064	0.06793	0.24968	0.07191	0.40499	0.01921	0.00981	0.00279	0.00450	0.04807	0.00831	0.00777
74	0.02151	0.42262	0.10928	0.02552	0.19495	0.05463	0.01918	0.02555	0.01778	0.02239	0.01308	0.01582	0.01132	0.00734	0.00649	0.00207	0.00978	0.00547	0.00373	0.01147
75	0.07847	0.10902	0.40264	0.02775	0.17203	0.02083	0.02598	0.02582	0.01750	0.02664	0.01443	0.01743	0.01101	0.00768	0.00747	0.00250	0.01089	0.00610	0.00378	0.01203
76	0.08877	0.02637	0.02985	0.02596	0.09541	0.19300	0.15335	0.22393	0.02644	0.03429	0.01623	0.01873	0.01236	0.00848	0.00816	0.00247	0.01161	0.00719	0.00563	0.01177
77	0.01210	0.00872	0.00951	0.00987	0.01187	0.00828	0.00709	0.01605	0.06922	0.02455	0.05463	0.23287	0.27432	0.05683	0.01087	0.00307	0.00471	0.01618	0.16178	0.00749
78	0.01176	0.00849	0.01110	0.01045	0.01241	0.00784	0.00784	0.01568	0.02352	0.03331	0.65184	0.06206	0.07839	0.01698	0.00980	0.00261	0.00392	0.01502	0.00914	0.00784
79	0.01187	0.00890	0.01335	0.01335	0.01483	0.01038	0.01038	0.01483	0.01335	0.01928	0.02225	0.03264	0.02077	0.06231	0.67512	0.01335	0.02225	0.00890	0.00445	0.00742
80	0.07302	0.30554	0.03016	0.11782	0.02694	0.06024	0.01500	0.06088	0.09784	0.11147	0.01823	0.01937	0.01399	0.00851	0.00685	0.00228	0.00887	0.00626	0.00550	0.01124
81	0.01208	0.00805	0.00906	0.00906	0.00906	0.00805	0.00503	0.01208	0.01208	0.01611	0.02618	0.05436	0.03020	0.70804	0.04228	0.00805	0.00805	0.01208	0.00503	0.00503
82	0.12550	0.02212	0.10371	0.08020	0.16815	0.08643	0.01832	0.05542	0.02064	0.17239	0.05351	0.02276	0.01712	0.00899	0.00781	0.00252	0.00935	0.00727	0.00602	0.01176
83	0.02308	0.64681	0.04157	0.01492	0.02175	0.09599	0.01440	0.02569	0.01754	0.01962	0.01168	0.01349	0.01066	0.00725	0.00554	0.00181	0.00948	0.00453	0.00363	0.01056
84	0.02816	0.25878	0.03005	0.01906	0.02426	0.46580	0.01545	0.03047	0.02137	0.02008	0.01242	0.01444	0.01069	0.00809	0.00679	0.00202	0.01300	0.00505	0.00404	0.00997
85	0.02036	0.01953	0.03335	0.07790	0.63093	0.01968	0.02539	0.02532	0.01882	0.02689	0.01559	0.02063	0.01307	0.00744	0.00823	0.00248	0.00992	0.00740	0.00409	0.01299
86	0.01572	0.03187	0.43563	0.02266	0.08158	0.01625	0.02417	0.02302	0.01769	0.02597	0.05322	0.12947	0.02149	0.01112	0.00835	0.00265	0.01009	0.00943	0.00461	0.05502
87	0.01059	0.00884	0.00999	0.01077	0.03940	0.00767	0.00746	0.01304	0.01940	0.02415	0.16165	0.11573	0.50182	0.02018	0.00980	0.00280	0.00445	0.01713	0.00777	0.00738
88	0.01569	0.01477	0.02492	0.68808	0.05722	0.01846	0.02307	0.02123	0.01661	0.02123	0.01477	0.02215	0.01107	0.00831	0.00831	0.00277	0.01107	0.00738	0.00369	0.00923
89	0.01990	0.02005	0.03713	0.09939	0.44081	0.01998	0.18782	0.02544	0.01891	0.02651	0.01587	0.02119	0.01284	0.00737	0.00866	0.00258	0.01109	0.00805	0.00410	0.01230
90	0.01132	0.00847	0.01050	0.00999	0.01214	0.00765	0.00750	0.01483	0.02249	0.03087	0.52436	0.06607	0.20738	0.01789	0.00980	0.00266	0.00398	0.01559	0.00882	0.00765
91	0.03103	0.03959	0.02354	0.02140	0.02568	0.67469	0.01605	0.03317	0.02354	0.02033	0.01284	0.01498	0.01070	0.00856	0.00749	0.00214	0.01498	0.00535	0.00428	0.00963
92	0.02281	0.03273	0.42852	0.02060	0.03059	0.01741	0.02400	0.03181	0.07180	0.20626	0.02154	0.02170	0.01460	0.00885	0.00807	0.00263	0.01033	0.00704	0.00583	0.01288
93	0.01569	0.01477	0.02492	0.68808	0.05722	0.01846	0.02307	0.02123	0.01661	0.02123	0.01477	0.02215	0.01107	0.00831	0.00831	0.00277	0.01107	0.00738	0.00369	0.00923
94	0.01666	0.04297	0.66500	0.02368	0.03596	0.01929	0.03069	0.02631	0.01754	0.02631	0.01491	0.01754	0.01052	0.00789	0.00789	0.00263	0.01228	0.00614	0.00351	0.01228
95	0.02143	0.02139	0.03287	0.04853	0.60374	0.07425	0.02471	0.02613	0.01930	0.02657	0.01539	0.02010	0.01295	0.00750	0.00816	0.00244	0.01029	0.00723	0.00413	0.01287
96	0.03121	0.03428	0.02399	0.02066	0.02571	0.46348	0.01597	0.22694	0.02859	0.03075	0.01515	0.01660	0.01182	0.00902	0.00776	0.00226	0.01308	0.00604	0.00559	0.01109
97	0.01443	0.00722	0.01082	0.01082	0.01082	0.00722	0.00722	0.01082	0.01082	0.01443	0.01443	0.02525	0.01443	0.02886	0.03247	0.75830	0.00722	0.00722	0.00361	0.00361
98	0.00982	0.00842	0.00842	0.00842	0.01122	0.00701	0.00631	0.01192	0.01894	0.02244	0.08416	0.07995	0.65285	0.02104	0.00982	0.00281	0.00421	0.01753	0.00771	0.00701
99	0.01923	0.02574	0.20406	0.07963	0.45449	0.01955	0.02677	0.02547	0.01841	0.02658	0.01538	0.01983	0.01233	0.00759	0.00814	0.00253	0.01059	0.00706	0.00392	0.01270
100	0.02921	0.17867	0.02767	0.01992	0.02478	0.54215	0.01567	0.03146	0.02217	0.02017	0.01257	0.01464	0.01069	0.00826	0.00704	0.00207	0.01372	0.00516	0.00413	0.00984
101	0.01818	0.01818	0.02545	0.02181	0.02181	0.02545	0.01818	0.01999	0.01272	0.01999	0.01091	0.01818	0.01091	0.01454	0.02726	0.00364	0.69284	0.00727	0.00364	0.00909
102	0.01549	0.00774	0.00774	0.00774	0.00968	0.00774	0.00581	0.01936	0.01742	0.03097	0.02710	0.03097	0.02129	0.00968	0.00581	0.00194	0.00387	0.00774	0.75416	0.00774
103	0.03445	0.01866	0.02208	0.01693	0.02346	0.01892	0.01398	0.33167	0.03134	0.36011	0.02642	0.02415	0.01738	0.01013	0.00833	0.00253	0.00810	0.00792	0.00931	0.01413
104	0.02056	0.01974	0.03372	0.05099	0.65622	0.01974	0.02550	0.02550	0.01892	0.02714	0.01563	0.02056	0.01316	0.00740	0.00822	0.00247	0.00987	0.00740	0.00411	0.01316
105	0.01285	0.00859	0.01183	0.01183	0.01344	0.00967	0.00915	0.01606	0.01445	0.02245	0.02356	0.03219	0.02091	0.04806	0.49399	0.01026	0.01728	0.00859	0.20734	0.00751

[dist]
# distance from previous block
# <min> <max>
0	0

# created by:
# /home/cegg/simao/soft/augustus-3.2.1/scripts/msa2prfl.pl ./align_prep/13254.fa
