[name]
unknown

[dist]
# distance from previous block
# <min> <max>
0	13

[block]
# block no. 0 follows, 22 sequences, length 174
# corresponding to MSA columns:
# 13-186
name=unknown_A
#
# <colnr> <probs for GDERKNQSTAVLIFYWHMCP>
#	G	D	E	R	K	N	Q	S	T	A	V	L	I	F	Y	W	H	M	C	P
0	0.01339	0.00956	0.01339	0.01530	0.01721	0.00956	0.01339	0.01721	0.01912	0.02486	0.04399	0.09371	0.04781	0.02295	0.01147	0.00382	0.00765	0.60031	0.00765	0.00765
1	0.02070	0.42075	0.16886	0.02437	0.16608	0.02715	0.02011	0.02531	0.01747	0.02263	0.01315	0.01581	0.01119	0.00733	0.00650	0.00211	0.00980	0.00545	0.00367	0.01155
2	0.01760	0.15565	0.56049	0.02209	0.03349	0.02158	0.02792	0.02607	0.01743	0.02517	0.01434	0.01683	0.01055	0.00776	0.00746	0.00249	0.01171	0.00585	0.00352	0.01201
3	0.01012	0.00723	0.00964	0.01157	0.01205	0.00675	0.00771	0.01157	0.01591	0.02121	0.04579	0.70262	0.05495	0.02603	0.01060	0.00337	0.00482	0.02362	0.00771	0.00675
4	0.02280	0.02386	0.16450	0.05733	0.02753	0.02033	0.01800	0.13686	0.30953	0.09097	0.02607	0.02538	0.01890	0.01004	0.00829	0.00270	0.00858	0.00814	0.00721	0.01298
5	0.05585	0.17786	0.32043	0.01839	0.02646	0.02043	0.02067	0.02463	0.05559	0.02448	0.01673	0.02041	0.01354	0.01926	0.14623	0.00469	0.01296	0.00647	0.00411	0.01080
6	0.01124	0.00847	0.01064	0.01196	0.01370	0.00788	0.00938	0.01378	0.01806	0.02295	0.05725	0.27961	0.24133	0.02331	0.01068	0.00336	0.00568	0.23588	0.00769	0.00717
7	0.01553	0.01101	0.01123	0.01104	0.01302	0.06819	0.00842	0.01891	0.01646	0.02568	0.02403	0.03016	0.02015	0.02912	0.25454	0.00619	0.01169	0.00796	0.40886	0.00779
8	0.02024	0.02448	0.16152	0.03643	0.33421	0.05604	0.07755	0.02596	0.01921	0.05627	0.01948	0.02853	0.01674	0.00945	0.00863	0.00267	0.01064	0.07521	0.00470	0.01201
9	0.01702	0.05589	0.01850	0.04473	0.01955	0.11591	0.01268	0.04780	0.01637	0.02103	0.01901	0.02750	0.01751	0.06915	0.39521	0.00899	0.07231	0.00797	0.00448	0.00837
10	0.02333	0.02134	0.03143	0.04302	0.49656	0.04923	0.02305	0.15256	0.02335	0.03215	0.01641	0.02019	0.01326	0.00799	0.00821	0.00246	0.00994	0.00733	0.00500	0.01321
11	0.02839	0.03099	0.02341	0.02219	0.07820	0.39495	0.01592	0.18139	0.02667	0.02921	0.02124	0.02251	0.06903	0.00993	0.00797	0.00232	0.01211	0.00715	0.00559	0.01084
12	0.05299	0.02286	0.02320	0.02486	0.16188	0.20551	0.03968	0.05525	0.08638	0.08461	0.10371	0.02873	0.05369	0.01040	0.00827	0.00247	0.00970	0.00856	0.00621	0.01105
13	0.06653	0.03155	0.18718	0.02734	0.16794	0.23107	0.02113	0.08131	0.02128	0.02714	0.01505	0.01818	0.01195	0.01110	0.04356	0.00300	0.01253	0.00634	0.00447	0.01133
14	0.01716	0.10272	0.60959	0.02283	0.03465	0.02050	0.02922	0.02618	0.01748	0.02571	0.01461	0.01716	0.01054	0.00782	0.00766	0.00255	0.01197	0.00599	0.00351	0.01213
15	0.01962	0.01825	0.12000	0.01771	0.02375	0.01383	0.11690	0.02631	0.08236	0.16058	0.12161	0.04254	0.17455	0.01288	0.00907	0.00270	0.00790	0.01141	0.00728	0.01075
16	0.02212	0.02228	0.03136	0.04344	0.49621	0.10408	0.02328	0.04954	0.01976	0.02664	0.01503	0.01962	0.01269	0.00827	0.00978	0.00253	0.06960	0.00713	0.00426	0.01239
17	0.01702	0.01299	0.01476	0.01328	0.01679	0.01365	0.01026	0.05982	0.25252	0.06105	0.30257	0.04871	0.11316	0.01463	0.00916	0.00270	0.00535	0.01251	0.00874	0.01033
18	0.01054	0.00844	0.00942	0.00918	0.01167	0.00732	0.00688	0.01333	0.02065	0.02651	0.29640	0.07326	0.43807	0.01952	0.00981	0.00273	0.00410	0.01659	0.00825	0.00732
19	0.01615	0.01575	0.01563	0.01515	0.01726	0.15871	0.01165	0.01893	0.01563	0.01952	0.02015	0.02869	0.01852	0.05031	0.52605	0.01085	0.02063	0.00811	0.00441	0.00791
20	0.01051	0.00844	0.00937	0.00914	0.01164	0.00731	0.00685	0.01326	0.02056	0.02630	0.28579	0.07359	0.44881	0.01960	0.00981	0.00274	0.00411	0.01664	0.00822	0.00731
21	0.02274	0.02387	0.03160	0.04483	0.52487	0.15618	0.02353	0.02709	0.01988	0.02572	0.01505	0.01940	0.01265	0.00764	0.00807	0.00240	0.01093	0.00697	0.00415	0.01242
22	0.29025	0.05570	0.02083	0.01671	0.02213	0.22091	0.01341	0.20818	0.02459	0.03587	0.01447	0.01587	0.01113	0.00862	0.00681	0.00238	0.00995	0.00565	0.00576	0.01080
23	0.01714	0.01303	0.01419	0.01223	0.01589	0.01308	0.00953	0.20451	0.02585	0.03383	0.18783	0.05592	0.29252	0.05360	0.01109	0.00295	0.00588	0.01355	0.00808	0.00930
24	0.58041	0.02202	0.01508	0.01358	0.01850	0.18478	0.01078	0.02664	0.01652	0.03298	0.01189	0.01387	0.00943	0.00793	0.00574	0.00246	0.00859	0.00471	0.00492	0.00916
25	0.03009	0.03817	0.02564	0.02253	0.02715	0.62074	0.06640	0.03263	0.02322	0.02085	0.01317	0.01559	0.01086	0.00843	0.00768	0.00219	0.01490	0.00572	0.00427	0.00976
26	0.01197	0.00801	0.00909	0.00921	0.00923	0.00798	0.00519	0.01205	0.01230	0.01640	0.02731	0.09178	0.03163	0.66868	0.04046	0.00778	0.00787	0.01275	0.00519	0.00513
27	0.01272	0.00938	0.01119	0.01121	0.01322	0.00906	0.00818	0.05371	0.05068	0.02831	0.23778	0.28439	0.16098	0.01977	0.00972	0.00288	0.00474	0.01736	0.04678	0.00796
28	0.02056	0.01974	0.03372	0.05099	0.65622	0.01974	0.02550	0.02550	0.01892	0.02714	0.01563	0.02056	0.01316	0.00740	0.00822	0.00247	0.00987	0.00740	0.00411	0.01316
29	0.01954	0.01983	0.05850	0.16179	0.52510	0.01949	0.02529	0.02478	0.01845	0.02607	0.01545	0.02071	0.01268	0.00758	0.00822	0.00253	0.01018	0.00735	0.00401	0.01243
30	0.01064	0.00833	0.00963	0.00956	0.01179	0.00732	0.00707	0.01341	0.02050	0.02674	0.31118	0.13425	0.36015	0.01988	0.00989	0.00278	0.00415	0.01711	0.00830	0.00732
31	0.01800	0.03906	0.56472	0.02642	0.10637	0.01904	0.02930	0.02683	0.01797	0.05393	0.01576	0.01835	0.01126	0.00794	0.00795	0.00261	0.01178	0.00638	0.00387	0.01246
32	0.01191	0.00873	0.01248	0.01248	0.01366	0.00991	0.00929	0.01427	0.01309	0.01864	0.02305	0.03706	0.02269	0.19386	0.54620	0.01227	0.01936	0.00955	0.00457	0.00693
33	0.01819	0.14068	0.37648	0.02416	0.08432	0.02277	0.02499	0.02467	0.01653	0.02397	0.01359	0.01728	0.01085	0.00915	0.01165	0.00270	0.15677	0.00622	0.00359	0.01142
34	0.02037	0.46758	0.24034	0.01896	0.05597	0.02794	0.01998	0.02536	0.01719	0.02205	0.01281	0.01501	0.01074	0.00737	0.00628	0.00208	0.01001	0.00512	0.00357	0.01129
35	0.01984	0.52689	0.06330	0.01416	0.02025	0.02714	0.01385	0.02291	0.01632	0.02035	0.01432	0.01774	0.01294	0.01691	0.12251	0.00384	0.01112	0.00545	0.04013	0.01002
36	0.02236	0.28523	0.22933	0.01862	0.02627	0.19392	0.01929	0.02713	0.01885	0.02257	0.01391	0.01618	0.01130	0.00789	0.00672	0.00215	0.01121	0.00541	0.05095	0.01071
37	0.01836	0.01617	0.02103	0.06621	0.18663	0.01735	0.01558	0.05589	0.26817	0.03038	0.06960	0.03777	0.13721	0.01210	0.00870	0.00270	0.00725	0.01044	0.00692	0.01155
38	0.00982	0.00842	0.00842	0.00842	0.01122	0.00701	0.00631	0.01192	0.01894	0.02244	0.08416	0.07995	0.65285	0.02104	0.00982	0.00281	0.00421	0.01753	0.00771	0.00701
39	0.05487	0.13744	0.02412	0.31948	0.03565	0.06053	0.01662	0.05356	0.01813	0.02480	0.01656	0.02153	0.01314	0.01065	0.03497	0.00283	0.00988	0.00673	0.12908	0.00942
40	0.01808	0.21475	0.50568	0.02125	0.03220	0.02277	0.02647	0.02594	0.01737	0.02457	0.01405	0.01646	0.01056	0.00769	0.00724	0.00241	0.01141	0.00570	0.00352	0.01186
41	0.01176	0.00849	0.01110	0.01045	0.01241	0.00784	0.00784	0.01568	0.02352	0.03331	0.65184	0.06206	0.07839	0.01698	0.00980	0.00261	0.00392	0.01502	0.00914	0.00784
42	0.01012	0.00723	0.00964	0.01157	0.01205	0.00675	0.00771	0.01157	0.01591	0.02121	0.04579	0.70262	0.05495	0.02603	0.01060	0.00337	0.00482	0.02362	0.00771	0.00675
43	0.02063	0.01799	0.02744	0.16082	0.34551	0.01930	0.02114	0.03028	0.17635	0.06459	0.02106	0.02395	0.01628	0.00872	0.00831	0.00262	0.00910	0.00796	0.00549	0.01247
44	0.01662	0.01571	0.02659	0.56678	0.17126	0.01870	0.02353	0.02204	0.01705	0.02235	0.01493	0.02185	0.01147	0.00813	0.00829	0.00271	0.01084	0.00739	0.00377	0.00998
45	0.03103	0.03959	0.02354	0.02140	0.02568	0.67469	0.01605	0.03317	0.02354	0.02033	0.01284	0.01498	0.01070	0.00856	0.00749	0.00214	0.01498	0.00535	0.00428	0.00963
46	0.35996	0.17564	0.13846	0.01678	0.04971	0.09055	0.01549	0.02582	0.01654	0.02922	0.01247	0.01465	0.00999	0.00769	0.00606	0.00236	0.00906	0.00500	0.00437	0.01020
47	0.01022	0.00766	0.00953	0.01097	0.01212	0.00697	0.00766	0.01196	0.01685	0.02172	0.05541	0.51222	0.20598	0.02460	0.01045	0.00325	0.00482	0.05306	0.00771	0.00686
48	0.01003	0.00760	0.00926	0.01058	0.01179	0.00683	0.00727	0.01168	0.01685	0.02159	0.05778	0.50807	0.24175	0.02447	0.01036	0.00320	0.00463	0.02172	0.00771	0.00683
49	0.09236	0.02927	0.02502	0.02945	0.23093	0.36538	0.01797	0.02913	0.02086	0.02465	0.01441	0.01754	0.01192	0.00816	0.00743	0.00227	0.01194	0.00608	0.04459	0.01063
50	0.14999	0.08036	0.51016	0.02082	0.03151	0.02003	0.02581	0.02588	0.01689	0.02783	0.01410	0.01656	0.01026	0.00781	0.00724	0.00257	0.01103	0.00574	0.00380	0.01159
51	0.02428	0.26867	0.03504	0.02241	0.06299	0.24700	0.11512	0.02762	0.01954	0.02178	0.01320	0.01618	0.01122	0.00788	0.00794	0.00216	0.04119	0.00594	0.00401	0.04583
52	0.06633	0.30994	0.14782	0.02108	0.08466	0.19654	0.01844	0.02734	0.01878	0.02271	0.01288	0.01521	0.01079	0.00769	0.00662	0.00214	0.01105	0.00527	0.00388	0.01082
53	0.28761	0.01964	0.02147	0.05907	0.15433	0.07734	0.01581	0.05623	0.08894	0.03100	0.01556	0.01849	0.01250	0.00917	0.00959	0.00269	0.09838	0.00640	0.00511	0.01067
54	0.01263	0.00935	0.01186	0.01155	0.01188	0.01046	0.00780	0.01353	0.01262	0.01749	0.02466	0.08052	0.02736	0.45744	0.17069	0.00840	0.08929	0.01149	0.00490	0.00609
55	0.01012	0.00723	0.00964	0.01157	0.01205	0.00675	0.00771	0.01157	0.01591	0.02121	0.04579	0.70262	0.05495	0.02603	0.01060	0.00337	0.00482	0.02362	0.00771	0.00675
56	0.01187	0.00890	0.01335	0.01335	0.01483	0.01038	0.01038	0.01483	0.01335	0.01928	0.02225	0.03264	0.02077	0.06231	0.67512	0.01335	0.02225	0.00890	0.00445	0.00742
57	0.01961	0.02241	0.04902	0.03501	0.04342	0.02101	0.62605	0.02661	0.01961	0.02661	0.01681	0.02241	0.01261	0.00700	0.00980	0.00280	0.01401	0.00980	0.00420	0.01120
58	0.16817	0.00994	0.00958	0.00926	0.01185	0.00974	0.00672	0.01489	0.01680	0.02506	0.10524	0.05884	0.32996	0.17130	0.01609	0.00391	0.00550	0.01338	0.00670	0.00706
59	0.01810	0.01722	0.02927	0.37303	0.35343	0.01909	0.02427	0.02334	0.01775	0.02415	0.01519	0.02136	0.01211	0.00786	0.00827	0.00262	0.01048	0.00739	0.00390	0.01117
60	0.02890	0.02907	0.02633	0.02715	0.16650	0.28635	0.01806	0.25358	0.02830	0.03380	0.01611	0.01808	0.01253	0.00883	0.00796	0.00234	0.01166	0.00660	0.00575	0.01210
61	0.17531	0.02015	0.03602	0.03213	0.16374	0.02065	0.31692	0.02532	0.01770	0.02834	0.01493	0.01978	0.01181	0.00792	0.01009	0.00276	0.07317	0.00797	0.00433	0.01096
62	0.01005	0.00749	0.00937	0.01086	0.01186	0.00681	0.00740	0.01165	0.01658	0.02148	0.05435	0.56359	0.18844	0.02491	0.01043	0.00325	0.00468	0.02226	0.00771	0.00681
63	0.01049	0.00831	0.00955	0.01035	0.01243	0.00737	0.00784	0.01271	0.01820	0.02253	0.06781	0.23903	0.40168	0.02261	0.01029	0.00312	0.00493	0.11598	0.00770	0.00705
64	0.02483	0.51271	0.03759	0.01635	0.02262	0.22380	0.01476	0.02734	0.01886	0.01978	0.01193	0.01382	0.01067	0.00754	0.00597	0.00188	0.01070	0.00471	0.00377	0.01035
65	0.01012	0.00723	0.00964	0.01157	0.01205	0.00675	0.00771	0.01157	0.01591	0.02121	0.04579	0.70262	0.05495	0.02603	0.01060	0.00337	0.00482	0.02362	0.00771	0.00675
66	0.02092	0.44660	0.14489	0.02400	0.16552	0.02768	0.01948	0.02525	0.01744	0.02237	0.01302	0.01564	0.01120	0.00730	0.00640	0.00207	0.00967	0.00539	0.00367	0.01149
67	0.02106	0.02068	0.03324	0.04959	0.62643	0.05069	0.02505	0.02586	0.01913	0.02682	0.01549	0.02030	0.01304	0.00746	0.00819	0.00245	0.01011	0.00730	0.00412	0.01299
68	0.02066	0.01785	0.01878	0.01691	0.02160	0.02066	0.01315	0.04414	0.64121	0.03475	0.03381	0.03099	0.02536	0.01127	0.00845	0.00282	0.00657	0.00939	0.00845	0.01315
69	0.01208	0.00805	0.00906	0.00906	0.00906	0.00805	0.00503	0.01208	0.01208	0.01611	0.02618	0.05436	0.03020	0.70804	0.04228	0.00805	0.00805	0.01208	0.00503	0.00503
70	0.03306	0.02067	0.05706	0.01763	0.02449	0.01999	0.01516	0.36088	0.03179	0.29488	0.02481	0.02315	0.01651	0.00998	0.00831	0.00253	0.00848	0.00776	0.00884	0.01403
71	0.01468	0.01303	0.01874	0.01712	0.01794	0.01709	0.01386	0.01713	0.01307	0.01960	0.01720	0.02619	0.01637	0.04102	0.38648	0.00902	0.32102	0.00817	0.00409	0.00816
72	0.01187	0.00890	0.01335	0.01335	0.01483	0.01038	0.01038	0.01483	0.01335	0.01928	0.02225	0.03264	0.02077	0.06231	0.67512	0.01335	0.02225	0.00890	0.00445	0.00742
73	0.02139	0.02795	0.16446	0.03959	0.38962	0.12570	0.05971	0.02697	0.01942	0.02583	0.01509	0.01914	0.01218	0.00767	0.00813	0.00247	0.01144	0.00695	0.00402	0.01229
74	0.01004	0.00842	0.00872	0.00865	0.01136	0.00711	0.00649	0.01235	0.01946	0.02369	0.14919	0.07790	0.58704	0.02057	0.00982	0.00278	0.00417	0.01725	0.00788	0.00711
75	0.02287	0.02373	0.02195	0.02635	0.21173	0.26923	0.01592	0.02636	0.02006	0.02520	0.01791	0.02171	0.01472	0.01083	0.03603	0.00267	0.01077	0.00677	0.20510	0.01010
76	0.02599	0.06367	0.02253	0.01656	0.02285	0.05417	0.01351	0.24997	0.15606	0.09368	0.02193	0.02171	0.01624	0.00916	0.00763	0.00222	0.00804	0.00708	0.00725	0.17975
77	0.45311	0.16113	0.02102	0.01392	0.01927	0.16797	0.01162	0.02647	0.01679	0.02993	0.01185	0.01379	0.00971	0.00778	0.00570	0.00232	0.00883	0.00468	0.00463	0.00947
78	0.01969	0.40893	0.32558	0.01851	0.02796	0.02671	0.02169	0.02553	0.01718	0.02261	0.01307	0.01524	0.01060	0.00746	0.00649	0.00216	0.01042	0.00521	0.00353	0.01139
79	0.01507	0.01262	0.01368	0.01303	0.01648	0.01326	0.01019	0.02675	0.28794	0.02899	0.10857	0.05876	0.26338	0.01667	0.00941	0.00291	0.00559	0.07874	0.00815	0.00981
80	0.00982	0.00842	0.00842	0.00842	0.01122	0.00701	0.00631	0.01192	0.01894	0.02244	0.08416	0.07995	0.65285	0.02104	0.00982	0.00281	0.00421	0.01753	0.00771	0.00701
81	0.01188	0.00885	0.01310	0.01310	0.01450	0.01025	0.01008	0.01468	0.01328	0.01910	0.02248	0.03389	0.02131	0.09957	0.63860	0.01305	0.02143	0.00908	0.00448	0.00728
82	0.01054	0.00853	0.00942	0.00943	0.01197	0.00740	0.00722	0.01319	0.01997	0.02506	0.20766	0.07707	0.47567	0.02029	0.00995	0.00284	0.00442	0.06409	0.00803	0.00725
83	0.01012	0.00723	0.00964	0.01157	0.01205	0.00675	0.00771	0.01157	0.01591	0.02121	0.04579	0.70262	0.05495	0.02603	0.01060	0.00337	0.00482	0.02362	0.00771	0.00675
84	0.01783	0.01512	0.01755	0.01259	0.01994	0.01169	0.01009	0.04654	0.01815	0.02814	0.01498	0.01734	0.01238	0.00631	0.00624	0.00128	0.00628	0.00503	0.00506	0.72743
85	0.01867	0.04024	0.59138	0.02293	0.03455	0.01933	0.02880	0.06493	0.01922	0.06078	0.01615	0.01825	0.01127	0.00815	0.00794	0.00262	0.01181	0.00634	0.00416	0.01249
86	0.01723	0.01477	0.01723	0.01230	0.01969	0.01107	0.00984	0.02092	0.01723	0.02707	0.01477	0.01723	0.01230	0.00615	0.00615	0.00123	0.00615	0.00492	0.00492	0.75883
87	0.02930	0.16045	0.02423	0.01438	0.02118	0.01711	0.01232	0.06986	0.02184	0.34803	0.02352	0.02217	0.01625	0.00868	0.00723	0.00210	0.00737	0.00672	0.00756	0.17969
88	0.01723	0.01477	0.01723	0.01230	0.01969	0.01107	0.00984	0.02092	0.01723	0.02707	0.01477	0.01723	0.01230	0.00615	0.00615	0.00123	0.00615	0.00492	0.00492	0.75883
89	0.01422	0.01040	0.01268	0.01292	0.01482	0.01028	0.00923	0.11984	0.02002	0.02693	0.03977	0.55006	0.04574	0.02226	0.00999	0.00312	0.00564	0.01989	0.00768	0.04453
90	0.01723	0.01477	0.01723	0.01230	0.01969	0.01107	0.00984	0.02092	0.01723	0.02707	0.01477	0.01723	0.01230	0.00615	0.00615	0.00123	0.00615	0.00492	0.00492	0.75883
91	0.01192	0.00871	0.01239	0.01239	0.01355	0.00986	0.00919	0.01422	0.01307	0.01858	0.02313	0.03749	0.02287	0.20648	0.53382	0.01217	0.01908	0.00961	0.00458	0.00689
92	0.01012	0.00723	0.00964	0.01157	0.01205	0.00675	0.00771	0.01157	0.01591	0.02121	0.04579	0.70262	0.05495	0.02603	0.01060	0.00337	0.00482	0.02362	0.00771	0.00675
93	0.00982	0.00842	0.00842	0.00842	0.01122	0.00701	0.00631	0.01192	0.01894	0.02244	0.08416	0.07995	0.65285	0.02104	0.00982	0.00281	0.00421	0.01753	0.00771	0.00701
94	0.01187	0.00890	0.01335	0.01335	0.01483	0.01038	0.01038	0.01483	0.01335	0.01928	0.02225	0.03264	0.02077	0.06231	0.67512	0.01335	0.02225	0.00890	0.00445	0.00742
95	0.01012	0.00723	0.00964	0.01157	0.01205	0.00675	0.00771	0.01157	0.01591	0.02121	0.04579	0.70262	0.05495	0.02603	0.01060	0.00337	0.00482	0.02362	0.00771	0.00675
96	0.01208	0.00805	0.00906	0.00906	0.00906	0.00805	0.00503	0.01208	0.01208	0.01611	0.02618	0.05436	0.03020	0.70804	0.04228	0.00805	0.00805	0.01208	0.00503	0.00503
97	0.01818	0.01818	0.02545	0.02181	0.02181	0.02545	0.01818	0.01999	0.01272	0.01999	0.01091	0.01818	0.01091	0.01454	0.02726	0.00364	0.69284	0.00727	0.00364	0.00909
98	0.01961	0.02241	0.04902	0.03501	0.04342	0.02101	0.62605	0.02661	0.01961	0.02661	0.01681	0.02241	0.01261	0.00700	0.00980	0.00280	0.01401	0.00980	0.00420	0.01120
99	0.01736	0.02199	0.15964	0.03595	0.38304	0.01679	0.02236	0.02262	0.01849	0.02586	0.02892	0.06341	0.12643	0.01079	0.00855	0.00260	0.00914	0.00970	0.00479	0.01159
100	0.03033	0.02265	0.02423	0.01886	0.02529	0.02518	0.01549	0.56158	0.10804	0.05034	0.02153	0.02121	0.01541	0.01012	0.00833	0.00253	0.00885	0.00770	0.00833	0.01402
101	0.76672	0.01607	0.01221	0.01092	0.01607	0.01864	0.00900	0.02442	0.01414	0.03727	0.01157	0.01350	0.00900	0.00771	0.00514	0.00257	0.00643	0.00450	0.00514	0.00900
102	0.01948	0.01880	0.03255	0.18542	0.50138	0.01952	0.05219	0.02464	0.01846	0.02586	0.01550	0.02098	0.01269	0.00758	0.00831	0.00255	0.01031	0.00751	0.00403	0.01224
103	0.01158	0.00853	0.01086	0.01041	0.01248	0.00781	0.00790	0.01526	0.02272	0.03152	0.55080	0.06581	0.15109	0.01778	0.00988	0.00269	0.00413	0.04213	0.00889	0.00772
104	0.01686	0.01624	0.02293	0.02005	0.02036	0.02231	0.01655	0.01892	0.01285	0.01985	0.01327	0.02119	0.01296	0.02449	0.16222	0.00566	0.55314	0.00761	0.00380	0.00874
105	0.01868	0.01103	0.01157	0.01036	0.01325	0.01161	0.00809	0.14606	0.02175	0.03492	0.02540	0.02875	0.01978	0.01203	0.03544	0.00255	0.00577	0.00774	0.56618	0.00906
106	0.00982	0.00842	0.00842	0.00842	0.01122	0.00701	0.00631	0.01192	0.01894	0.02244	0.08416	0.07995	0.65285	0.02104	0.00982	0.00281	0.00421	0.01753	0.00771	0.00701
107	0.01666	0.04297	0.66500	0.02368	0.03596	0.01929	0.03069	0.02631	0.01754	0.02631	0.01491	0.01754	0.01052	0.00789	0.00789	0.00263	0.01228	0.00614	0.00351	0.01228
108	0.01012	0.00723	0.00964	0.01157	0.01205	0.00675	0.00771	0.01157	0.01591	0.02121	0.04579	0.70262	0.05495	0.02603	0.01060	0.00337	0.00482	0.02362	0.00771	0.00675
109	0.03119	0.03478	0.02395	0.02073	0.02571	0.48316	0.01597	0.20889	0.02812	0.02978	0.01494	0.01645	0.01171	0.00898	0.00773	0.00224	0.01326	0.00598	0.00547	0.01096
110	0.01781	0.01764	0.02475	0.02132	0.02141	0.02458	0.01773	0.01970	0.01276	0.01995	0.01156	0.01901	0.01147	0.01730	0.06465	0.00420	0.65414	0.00736	0.00368	0.00899
111	0.01462	0.01315	0.05718	0.01812	0.05214	0.01162	0.04689	0.05274	0.01947	0.02593	0.03825	0.21301	0.04143	0.02028	0.01061	0.00345	0.00785	0.33760	0.00707	0.00859
112	0.02221	0.71304	0.04353	0.01421	0.02132	0.03287	0.01421	0.02488	0.01688	0.01955	0.01155	0.01333	0.01066	0.00711	0.00533	0.00178	0.00888	0.00444	0.00355	0.01066
113	0.03183	0.02287	0.02469	0.01893	0.02556	0.02517	0.01563	0.60297	0.03840	0.07885	0.02050	0.02031	0.01441	0.00999	0.00831	0.00250	0.00905	0.00752	0.00840	0.01413
114	0.01135	0.00848	0.01054	0.01003	0.01216	0.00767	0.00752	0.01489	0.02256	0.03105	0.53358	0.06578	0.19806	0.01783	0.00980	0.00265	0.00398	0.01555	0.00885	0.00767
115	0.06009	0.44427	0.09940	0.01557	0.02281	0.06749	0.01539	0.02833	0.01848	0.13655	0.01579	0.01655	0.01235	0.00788	0.00626	0.00207	0.00917	0.00538	0.00488	0.01131
116	0.01412	0.01029	0.01308	0.01394	0.01602	0.01030	0.01123	0.08498	0.02037	0.02664	0.04539	0.27732	0.10016	0.02227	0.01069	0.00344	0.00662	0.29737	0.00775	0.00805
117	0.01012	0.00723	0.00964	0.01157	0.01205	0.00675	0.00771	0.01157	0.01591	0.02121	0.04579	0.70262	0.05495	0.02603	0.01060	0.00337	0.00482	0.02362	0.00771	0.00675
118	0.01871	0.01852	0.02729	0.02833	0.16346	0.02417	0.01981	0.02122	0.01411	0.02159	0.01196	0.01871	0.01141	0.01295	0.02301	0.00337	0.54035	0.00730	0.00374	0.01000
119	0.02056	0.01974	0.03372	0.05099	0.65622	0.01974	0.02550	0.02550	0.01892	0.02714	0.01563	0.02056	0.01316	0.00740	0.00822	0.00247	0.00987	0.00740	0.00411	0.01316
120	0.01935	0.02130	0.04279	0.03307	0.07715	0.02192	0.45254	0.02506	0.01803	0.02517	0.01541	0.02135	0.01226	0.00871	0.01360	0.00297	0.16531	0.00909	0.00407	0.01085
121	0.01176	0.00849	0.01110	0.01045	0.01241	0.00784	0.00784	0.01568	0.02352	0.03331	0.65184	0.06206	0.07839	0.01698	0.00980	0.00261	0.00392	0.01502	0.00914	0.00784
122	0.01956	0.03891	0.57408	0.02243	0.03388	0.01830	0.02809	0.02831	0.01842	0.11581	0.01742	0.01905	0.01194	0.00823	0.00796	0.00262	0.01154	0.00645	0.00446	0.01254
123	0.01955	0.01870	0.03189	0.18371	0.53144	0.01947	0.02499	0.02461	0.01844	0.02591	0.01545	0.02089	0.01272	0.00759	0.00824	0.00253	0.01012	0.00740	0.00402	0.01234
124	0.01422	0.01340	0.04773	0.01897	0.12655	0.01280	0.01268	0.01738	0.01802	0.02510	0.16639	0.04811	0.18767	0.09765	0.01558	0.00339	0.10437	0.01200	0.04935	0.00862
125	0.01012	0.00723	0.00964	0.01157	0.01205	0.00675	0.00771	0.01157	0.01591	0.02121	0.04579	0.70262	0.05495	0.02603	0.01060	0.00337	0.00482	0.02362	0.00771	0.00675
126	0.02032	0.02041	0.03759	0.04694	0.50103	0.02006	0.17758	0.02578	0.01909	0.02701	0.01593	0.02103	0.01302	0.00730	0.00862	0.00255	0.01092	0.00801	0.00413	0.01266
127	0.00982	0.00842	0.00842	0.00842	0.01122	0.00701	0.00631	0.01192	0.01894	0.02244	0.08416	0.07995	0.65285	0.02104	0.00982	0.00281	0.00421	0.01753	0.00771	0.00701
128	0.01975	0.02458	0.16523	0.04530	0.52701	0.01965	0.02658	0.02566	0.01863	0.02697	0.01548	0.01993	0.01261	0.00750	0.00816	0.00250	0.01037	0.00714	0.00399	0.01298
129	0.01813	0.19124	0.48981	0.02314	0.06848	0.02235	0.02671	0.02594	0.01747	0.02485	0.01420	0.01677	0.01071	0.00769	0.00734	0.00243	0.01138	0.00583	0.00355	0.01197
130	0.01717	0.10385	0.60854	0.02282	0.03463	0.02053	0.02920	0.02618	0.01748	0.02569	0.01460	0.01716	0.01054	0.00782	0.00766	0.00255	0.01197	0.00598	0.00351	0.01213
131	0.02679	0.36334	0.03315	0.01795	0.02359	0.36615	0.01517	0.02918	0.02034	0.01995	0.01222	0.01419	0.01068	0.00786	0.00645	0.00197	0.01205	0.00491	0.00393	0.01013
132	0.01961	0.02241	0.04902	0.03501	0.04342	0.02101	0.62605	0.02661	0.01961	0.02661	0.01681	0.02241	0.01261	0.00700	0.00980	0.00280	0.01401	0.00980	0.00420	0.01120
133	0.00997	0.00846	0.00862	0.00870	0.01147	0.00712	0.00661	0.01214	0.01894	0.02254	0.08249	0.08052	0.62774	0.02112	0.00989	0.00285	0.00435	0.04172	0.00771	0.00704
134	0.01012	0.00723	0.00964	0.01157	0.01205	0.00675	0.00771	0.01157	0.01591	0.02121	0.04579	0.70262	0.05495	0.02603	0.01060	0.00337	0.00482	0.02362	0.00771	0.00675
135	0.00982	0.00842	0.00842	0.00842	0.01122	0.00701	0.00631	0.01192	0.01894	0.02244	0.08416	0.07995	0.65285	0.02104	0.00982	0.00281	0.00421	0.01753	0.00771	0.00701
136	0.01203	0.00885	0.01311	0.01311	0.01461	0.01027	0.01018	0.01503	0.01353	0.01979	0.02246	0.03256	0.02079	0.06001	0.64594	0.01285	0.02145	0.00885	0.03714	0.00743
137	0.22363	0.02694	0.02117	0.01914	0.05352	0.27141	0.01438	0.17911	0.02473	0.07010	0.01556	0.01687	0.01180	0.00873	0.00717	0.00238	0.01058	0.00593	0.00585	0.01102
138	0.60049	0.17169	0.01920	0.01166	0.01724	0.02181	0.01016	0.02452	0.01475	0.03331	0.01156	0.01346	0.00937	0.00758	0.00518	0.00239	0.00698	0.00449	0.00479	0.00937
139	0.02030	0.01947	0.03325	0.08522	0.62404	0.01967	0.02537	0.02527	0.01879	0.02682	0.01558	0.02065	0.01305	0.00745	0.00823	0.00248	0.00993	0.00740	0.00409	0.01295
140	0.01549	0.00774	0.00774	0.00774	0.00968	0.00774	0.00581	0.01936	0.01742	0.03097	0.02710	0.03097	0.02129	0.00968	0.00581	0.00194	0.00387	0.00774	0.75416	0.00774
141	0.01005	0.00749	0.00937	0.01086	0.01186	0.00681	0.00740	0.01165	0.01658	0.02148	0.05435	0.56359	0.18844	0.02491	0.01043	0.00325	0.00468	0.02226	0.00771	0.00681
142	0.02766	0.03321	0.02561	0.02223	0.02600	0.46480	0.05486	0.06076	0.02184	0.02231	0.01305	0.01637	0.01104	0.00978	0.01180	0.00251	0.15583	0.00614	0.00435	0.00985
143	0.02891	0.03381	0.02580	0.02733	0.15704	0.47261	0.01799	0.09180	0.02415	0.02499	0.01414	0.01665	0.01156	0.00846	0.00773	0.00224	0.01333	0.00599	0.00465	0.01082
144	0.01910	0.01773	0.02803	0.18277	0.37806	0.01903	0.02213	0.02731	0.12619	0.02703	0.02022	0.02694	0.01681	0.00917	0.00847	0.00267	0.00943	0.04196	0.00498	0.01198
145	0.01975	0.01891	0.03225	0.15714	0.55642	0.01952	0.02509	0.02478	0.01853	0.02615	0.01548	0.02083	0.01281	0.00755	0.00824	0.00252	0.01007	0.00740	0.00404	0.01250
146	0.02310	0.01906	0.02016	0.01740	0.02253	0.02180	0.01374	0.17462	0.50677	0.03868	0.03072	0.02853	0.02285	0.01098	0.00842	0.00275	0.00715	0.00897	0.00842	0.01337
147	0.01012	0.00723	0.00964	0.01157	0.01205	0.00675	0.00771	0.01157	0.01591	0.02121	0.04579	0.70262	0.05495	0.02603	0.01060	0.00337	0.00482	0.02362	0.00771	0.00675
148	0.02022	0.02070	0.03922	0.04524	0.43580	0.02020	0.24151	0.02590	0.01916	0.02695	0.01605	0.02123	0.01296	0.00726	0.00879	0.00259	0.01136	0.00827	0.00414	0.01246
149	0.01666	0.04297	0.66500	0.02368	0.03596	0.01929	0.03069	0.02631	0.01754	0.02631	0.01491	0.01754	0.01052	0.00789	0.00789	0.00263	0.01228	0.00614	0.00351	0.01228
150	0.01666	0.04297	0.66500	0.02368	0.03596	0.01929	0.03069	0.02631	0.01754	0.02631	0.01491	0.01754	0.01052	0.00789	0.00789	0.00263	0.01228	0.00614	0.00351	0.01228
151	0.01741	0.01785	0.05986	0.02835	0.20659	0.05300	0.11840	0.02145	0.01774	0.02368	0.02389	0.04317	0.02381	0.16711	0.01671	0.00404	0.01012	0.13217	0.00505	0.00962
152	0.01479	0.01077	0.01327	0.01370	0.01578	0.01089	0.01053	0.12387	0.02104	0.02780	0.04275	0.39230	0.07793	0.02209	0.01037	0.00330	0.00628	0.16643	0.00780	0.00832
153	0.02137	0.01554	0.01657	0.01465	0.01893	0.01731	0.01147	0.08974	0.39071	0.07483	0.03081	0.02983	0.02303	0.01069	0.00776	0.00255	0.00615	0.00874	0.19740	0.01193
154	0.01569	0.01477	0.02492	0.68808	0.05722	0.01846	0.02307	0.02123	0.01661	0.02123	0.01477	0.02215	0.01107	0.00831	0.00831	0.00277	0.01107	0.00738	0.00369	0.00923
155	0.01666	0.04297	0.66500	0.02368	0.03596	0.01929	0.03069	0.02631	0.01754	0.02631	0.01491	0.01754	0.01052	0.00789	0.00789	0.00263	0.01228	0.00614	0.00351	0.01228
156	0.02645	0.01929	0.02109	0.01668	0.02208	0.02097	0.01358	0.46512	0.03465	0.04717	0.16135	0.02983	0.02879	0.01153	0.00853	0.00250	0.00775	0.00918	0.04102	0.01245
157	0.01012	0.00723	0.00964	0.01157	0.01205	0.00675	0.00771	0.01157	0.01591	0.02121	0.04579	0.70262	0.05495	0.02603	0.01060	0.00337	0.00482	0.02362	0.00771	0.00675
158	0.01176	0.00849	0.01110	0.01045	0.01241	0.00784	0.00784	0.01568	0.02352	0.03331	0.65184	0.06206	0.07839	0.01698	0.00980	0.00261	0.00392	0.01502	0.00914	0.00784
159	0.02066	0.01785	0.01878	0.01691	0.02160	0.02066	0.01315	0.04414	0.64121	0.03475	0.03381	0.03099	0.02536	0.01127	0.00845	0.00282	0.00657	0.00939	0.00845	0.01315
160	0.00982	0.00842	0.00842	0.00842	0.01122	0.00701	0.00631	0.01192	0.01894	0.02244	0.08416	0.07995	0.65285	0.02104	0.00982	0.00281	0.00421	0.01753	0.00771	0.00701
161	0.01012	0.00723	0.00964	0.01157	0.01205	0.00675	0.00771	0.01157	0.01591	0.02121	0.04579	0.70262	0.05495	0.02603	0.01060	0.00337	0.00482	0.02362	0.00771	0.00675
162	0.02277	0.67067	0.04227	0.01467	0.02160	0.07325	0.01433	0.02540	0.01730	0.01959	0.01163	0.01343	0.01066	0.00720	0.00547	0.00180	0.00927	0.00450	0.00360	0.01060
163	0.02056	0.01974	0.03372	0.05099	0.65622	0.01974	0.02550	0.02550	0.01892	0.02714	0.01563	0.02056	0.01316	0.00740	0.00822	0.00247	0.00987	0.00740	0.00411	0.01316
164	0.01763	0.01743	0.02597	0.43051	0.11624	0.05542	0.02188	0.02208	0.01638	0.02158	0.01390	0.02069	0.01126	0.00961	0.01249	0.00289	0.16337	0.00725	0.00376	0.00967
165	0.02221	0.71304	0.04353	0.01421	0.02132	0.03287	0.01421	0.02488	0.01688	0.01955	0.01155	0.01333	0.01066	0.00711	0.00533	0.00178	0.00888	0.00444	0.00355	0.01066
166	0.00982	0.00842	0.00842	0.00842	0.01122	0.00701	0.00631	0.01192	0.01894	0.02244	0.08416	0.07995	0.65285	0.02104	0.00982	0.00281	0.00421	0.01753	0.00771	0.00701
167	0.01734	0.01512	0.01868	0.01334	0.02077	0.01153	0.03804	0.02118	0.01734	0.02705	0.01486	0.01746	0.01232	0.00619	0.00632	0.00130	0.00651	0.00515	0.00489	0.72462
168	0.01873	0.21702	0.47554	0.02112	0.03170	0.05133	0.02577	0.02623	0.01763	0.02429	0.01395	0.01633	0.01057	0.00772	0.00721	0.00239	0.01151	0.00566	0.00355	0.01174
169	0.00982	0.00842	0.00842	0.00842	0.01122	0.00701	0.00631	0.01192	0.01894	0.02244	0.08416	0.07995	0.65285	0.02104	0.00982	0.00281	0.00421	0.01753	0.00771	0.00701
170	0.01791	0.11545	0.46549	0.02496	0.03583	0.02121	0.15283	0.02621	0.01789	0.02560	0.01492	0.01807	0.01097	0.00762	0.00800	0.00257	0.01225	0.00671	0.00366	0.01187
171	0.02560	0.06052	0.07960	0.07990	0.02830	0.36032	0.01748	0.05557	0.12761	0.02459	0.01689	0.01887	0.01336	0.00926	0.00877	0.00243	0.04890	0.00644	0.00497	0.01062
172	0.48642	0.17578	0.11848	0.01360	0.02026	0.02191	0.01346	0.02481	0.01527	0.03165	0.01207	0.01407	0.00960	0.00760	0.00560	0.00240	0.00786	0.00474	0.00454	0.00987
173	0.09242	0.09926	0.16703	0.01886	0.02556	0.19795	0.01784	0.06303	0.05019	0.12975	0.01757	0.01860	0.01300	0.00898	0.00840	0.00245	0.04601	0.00625	0.00547	0.01138

[dist]
# distance from previous block
# <min> <max>
0	3

# created by:
# /home/cegg/simao/soft/augustus-3.2.1/scripts/msa2prfl.pl ./align_prep/13290.fa
