[name]
unknown

[dist]
# distance from previous block
# <min> <max>
0	2

[block]
# block no. 0 follows, 21 sequences, length 22
# corresponding to MSA columns:
# 2-23
name=unknown_A
#
# <colnr> <probs for GDERKNQSTAVLIFYWHMCP>
#	G	D	E	R	K	N	Q	S	T	A	V	L	I	F	Y	W	H	M	C	P
0	0.01371	0.00980	0.01371	0.01567	0.01763	0.00980	0.01371	0.01763	0.01959	0.02547	0.04506	0.09599	0.04898	0.02351	0.01175	0.00392	0.00784	0.59056	0.00784	0.00784
1	0.01944	0.02986	0.28672	0.04090	0.40023	0.02004	0.02828	0.02645	0.01881	0.02746	0.01571	0.01981	0.01239	0.00779	0.00829	0.00260	0.01111	0.00706	0.00396	0.01311
2	0.01196	0.00967	0.01203	0.01351	0.05512	0.00950	0.00872	0.01365	0.01662	0.02141	0.05301	0.23294	0.26838	0.16802	0.01854	0.00422	0.05164	0.01702	0.00678	0.00724
3	0.01876	0.01385	0.01800	0.09553	0.06473	0.01331	0.01250	0.08786	0.01969	0.07684	0.02526	0.15846	0.02474	0.11634	0.01362	0.00328	0.00761	0.01096	0.00624	0.21242
4	0.01478	0.01273	0.01314	0.01232	0.01602	0.01313	0.00945	0.02626	0.28024	0.02835	0.06427	0.06056	0.38127	0.01729	0.00946	0.00288	0.00534	0.01441	0.00822	0.00986
5	0.01923	0.01407	0.01595	0.01416	0.01762	0.01527	0.01089	0.16260	0.13361	0.03275	0.02748	0.09284	0.02441	0.08734	0.13600	0.00519	0.00989	0.01021	0.12690	0.04360
6	0.01160	0.00800	0.00924	0.00991	0.01078	0.00757	0.00640	0.01286	0.01549	0.02087	0.04454	0.27514	0.15051	0.28411	0.02277	0.00506	0.00601	0.01699	0.07577	0.00638
7	0.01091	0.00767	0.00982	0.01120	0.01166	0.00728	0.00728	0.01219	0.01580	0.02117	0.07325	0.51655	0.05174	0.18013	0.01823	0.00451	0.00565	0.02104	0.00735	0.00657
8	0.01169	0.00826	0.00965	0.00982	0.01067	0.00786	0.00627	0.01295	0.01610	0.02142	0.15078	0.15368	0.13311	0.37945	0.02769	0.00575	0.00642	0.01545	0.00672	0.00623
9	0.01070	0.00781	0.00951	0.01071	0.01158	0.00723	0.00708	0.01202	0.01615	0.02096	0.05078	0.44998	0.16767	0.15643	0.01700	0.00427	0.00546	0.02067	0.00737	0.00663
10	0.01073	0.00756	0.00977	0.01138	0.01179	0.00716	0.00740	0.01195	0.01558	0.02077	0.04324	0.57876	0.05166	0.14957	0.01678	0.00433	0.00554	0.02204	0.00740	0.00659
11	0.01518	0.01241	0.01354	0.01262	0.01607	0.01271	0.00980	0.05577	0.20460	0.03075	0.17509	0.06080	0.28010	0.01724	0.00965	0.00288	0.00545	0.04723	0.00845	0.00966
12	0.01913	0.01070	0.01315	0.01226	0.01528	0.00985	0.00909	0.06083	0.02041	0.18708	0.04934	0.28177	0.18114	0.07377	0.01250	0.00343	0.00595	0.01662	0.00840	0.00931
13	0.01037	0.00741	0.00987	0.01185	0.01234	0.00691	0.00790	0.01185	0.01629	0.02172	0.04690	0.69537	0.05629	0.02666	0.01086	0.00346	0.00494	0.02419	0.00790	0.00691
14	0.02040	0.02013	0.03609	0.11344	0.49336	0.02029	0.11856	0.02585	0.01925	0.02710	0.01611	0.02152	0.01317	0.00761	0.00869	0.00261	0.01090	0.00797	0.00418	0.01276
15	0.01509	0.00812	0.00882	0.00882	0.01058	0.00832	0.00652	0.01861	0.01685	0.02890	0.02701	0.03386	0.02247	0.07214	0.09833	0.00406	0.00685	0.00845	0.58855	0.00767
16	0.02361	0.01255	0.01598	0.01340	0.01760	0.01187	0.01061	0.07489	0.06119	0.25894	0.33844	0.04581	0.05054	0.01401	0.00930	0.00266	0.00576	0.01198	0.00968	0.01119
17	0.01069	0.00764	0.01021	0.01196	0.01266	0.00716	0.00823	0.01252	0.01712	0.02296	0.09665	0.60988	0.05789	0.02572	0.01084	0.00342	0.00502	0.05434	0.00802	0.00706
18	0.03235	0.02384	0.02554	0.01958	0.02639	0.02639	0.01618	0.61946	0.04001	0.05363	0.02043	0.02043	0.01447	0.01022	0.00851	0.00255	0.00936	0.00766	0.00851	0.01447
19	0.01308	0.00912	0.01112	0.01112	0.01186	0.00948	0.00727	0.04547	0.01475	0.01998	0.02890	0.15208	0.03221	0.42958	0.15961	0.00825	0.01065	0.01338	0.00566	0.00642
20	0.02253	0.03880	0.33100	0.11210	0.03578	0.26554	0.02469	0.02892	0.02018	0.02392	0.01445	0.01761	0.01093	0.00840	0.00799	0.00252	0.01346	0.00615	0.00392	0.01112
21	0.01453	0.05809	0.17795	0.01578	0.02024	0.01327	0.01494	0.06478	0.01866	0.02549	0.03473	0.43003	0.03877	0.01951	0.00966	0.00310	0.00747	0.01719	0.00661	0.00919

[dist]
# distance from previous block
# <min> <max>
0	12

[block]
# block no. 1 follows, 21 sequences, length 71
# corresponding to MSA columns:
# 36-106
name=unknown_B
#
# <colnr> <probs for GDERKNQSTAVLIFYWHMCP>
#	G	D	E	R	K	N	Q	S	T	A	V	L	I	F	Y	W	H	M	C	P
0	0.07294	0.18977	0.05507	0.01938	0.02515	0.37187	0.01618	0.10743	0.02378	0.02621	0.01381	0.01564	0.01130	0.00854	0.00715	0.00220	0.01249	0.00553	0.00477	0.01078
1	0.01635	0.15911	0.01990	0.01268	0.01711	0.01682	0.01044	0.02476	0.18136	0.02756	0.13478	0.04828	0.23257	0.01451	0.00852	0.00254	0.00602	0.01189	0.00727	0.04752
2	0.08890	0.04219	0.06803	0.01298	0.01532	0.01046	0.01038	0.01512	0.01630	0.02380	0.03899	0.53617	0.04548	0.02226	0.00981	0.00323	0.00596	0.01975	0.00707	0.00782
3	0.02693	0.02044	0.02235	0.01732	0.02380	0.02132	0.01407	0.41312	0.05914	0.04462	0.02161	0.06601	0.01737	0.01047	0.00816	0.00233	0.00823	0.00825	0.00767	0.18680
4	0.02039	0.01959	0.03076	0.04065	0.41512	0.02194	0.02285	0.02632	0.07449	0.02648	0.01639	0.02137	0.01399	0.00999	0.01389	0.00289	0.19835	0.00773	0.00449	0.01231
5	0.19499	0.06342	0.09492	0.01819	0.06125	0.15451	0.01485	0.02696	0.04887	0.05878	0.15450	0.02762	0.02719	0.01044	0.00769	0.00251	0.00899	0.00798	0.00603	0.01030
6	0.03018	0.06676	0.02570	0.02345	0.06325	0.57283	0.01704	0.03255	0.02305	0.02120	0.01318	0.01576	0.01112	0.00890	0.00851	0.00226	0.04417	0.00565	0.00431	0.01010
7	0.02896	0.03248	0.02717	0.02980	0.19522	0.39321	0.01903	0.12131	0.02526	0.02774	0.01504	0.01768	0.01218	0.00867	0.00801	0.00234	0.01301	0.00639	0.00497	0.01155
8	0.01159	0.00839	0.00915	0.00912	0.01017	0.00788	0.00572	0.01248	0.01523	0.01943	0.07324	0.06479	0.23822	0.44427	0.03076	0.00621	0.00675	0.01437	0.00626	0.00596
9	0.02743	0.02044	0.02238	0.01785	0.02352	0.02254	0.01452	0.45037	0.09145	0.04735	0.10387	0.02794	0.02461	0.01450	0.04826	0.00327	0.00922	0.00895	0.00840	0.01312
10	0.01458	0.00876	0.01167	0.01191	0.01370	0.00802	0.00855	0.01714	0.01993	0.10898	0.24190	0.39926	0.05957	0.02148	0.01029	0.00309	0.00494	0.01923	0.00873	0.00828
11	0.02714	0.19492	0.11284	0.02217	0.06278	0.36851	0.01853	0.05558	0.02211	0.02325	0.01360	0.01584	0.01122	0.00832	0.00729	0.00221	0.01296	0.00558	0.00427	0.01088
12	0.02083	0.02695	0.22578	0.03391	0.28723	0.01983	0.02432	0.03131	0.14898	0.06557	0.02074	0.02281	0.01572	0.00875	0.00838	0.00266	0.01000	0.00766	0.00533	0.01325
13	0.01392	0.05260	0.01769	0.01524	0.01684	0.01471	0.01226	0.01673	0.01378	0.01990	0.02011	0.02967	0.01889	0.05191	0.51619	0.01123	0.13731	0.00855	0.00436	0.00810
14	0.01313	0.01176	0.01118	0.01055	0.01327	0.06511	0.00771	0.01549	0.01977	0.02459	0.18569	0.06493	0.35127	0.10805	0.01400	0.00338	0.00585	0.01482	0.00737	0.05209
15	0.01846	0.01734	0.02836	0.31401	0.30997	0.01843	0.02283	0.02361	0.01813	0.02521	0.01551	0.02128	0.01245	0.00780	0.00817	0.00248	0.01011	0.00722	0.00414	0.11448
16	0.02106	0.02022	0.03454	0.05223	0.64784	0.02022	0.02612	0.02612	0.01938	0.02780	0.01601	0.02106	0.01348	0.00758	0.00842	0.00253	0.01011	0.00758	0.00421	0.01348
17	0.02091	0.49104	0.24343	0.01771	0.02671	0.02916	0.02004	0.02596	0.01751	0.02227	0.01295	0.01505	0.01088	0.00754	0.00631	0.00210	0.01023	0.00511	0.00363	0.01146
18	0.09166	0.22882	0.02991	0.02198	0.11243	0.13762	0.01602	0.09159	0.13762	0.02932	0.01787	0.01916	0.01436	0.00875	0.00717	0.00234	0.00968	0.00643	0.00545	0.01180
19	0.02711	0.24281	0.02931	0.01897	0.05446	0.23691	0.01499	0.02986	0.02104	0.12889	0.04585	0.02240	0.04252	0.00972	0.00828	0.00228	0.04129	0.00685	0.00551	0.01095
20	0.02010	0.12483	0.21859	0.01861	0.05070	0.10276	0.01813	0.02504	0.01995	0.08332	0.06146	0.03521	0.16340	0.01184	0.00826	0.00253	0.00951	0.00935	0.00565	0.01073
21	0.02308	0.48498	0.15307	0.01744	0.02525	0.12667	0.01792	0.02703	0.01844	0.02141	0.01266	0.01469	0.01090	0.00765	0.00627	0.00204	0.01068	0.00501	0.00374	0.01106
22	0.02221	0.16891	0.03317	0.02260	0.02624	0.14856	0.10529	0.02510	0.01707	0.02145	0.01258	0.01758	0.01133	0.01099	0.01670	0.00290	0.31648	0.00684	0.00392	0.01007
23	0.18760	0.01801	0.01914	0.05441	0.02292	0.01997	0.01321	0.31694	0.02771	0.04120	0.02417	0.17054	0.02251	0.01329	0.00832	0.00279	0.00787	0.01069	0.00738	0.01132
24	0.02106	0.02022	0.03454	0.05223	0.64784	0.02022	0.02612	0.02612	0.01938	0.02780	0.01601	0.02106	0.01348	0.00758	0.00842	0.00253	0.01011	0.00758	0.00421	0.01348
25	0.02047	0.02262	0.01610	0.01533	0.01785	0.30146	0.01097	0.02226	0.01999	0.02148	0.08712	0.12829	0.09678	0.16338	0.01631	0.00380	0.01014	0.01180	0.00587	0.00798
26	0.05347	0.02822	0.19830	0.03469	0.17003	0.04954	0.28685	0.02714	0.01932	0.02750	0.01604	0.02053	0.01224	0.00760	0.00888	0.00271	0.01268	0.00811	0.00415	0.01201
27	0.01658	0.00984	0.01142	0.01046	0.01381	0.00847	0.00796	0.01900	0.02039	0.16305	0.11795	0.10304	0.39465	0.05081	0.01133	0.00309	0.00515	0.01576	0.00848	0.00876
28	0.01370	0.01071	0.01250	0.01183	0.01439	0.01076	0.00882	0.02149	0.15681	0.03108	0.35744	0.09082	0.14926	0.05823	0.01177	0.00313	0.00496	0.01477	0.00866	0.00888
29	0.01863	0.22639	0.48817	0.02158	0.03270	0.02360	0.02679	0.02655	0.01778	0.02504	0.01432	0.01678	0.01082	0.00786	0.00736	0.00245	0.01162	0.00581	0.00361	0.01212
30	0.02038	0.21560	0.17496	0.01814	0.02444	0.15797	0.01782	0.02475	0.01788	0.02174	0.01598	0.02054	0.01379	0.02357	0.19133	0.00541	0.01506	0.00643	0.00404	0.01016
31	0.01132	0.00816	0.00924	0.00968	0.01055	0.00767	0.00612	0.01221	0.01510	0.01937	0.04690	0.20609	0.19752	0.37146	0.02731	0.00576	0.00647	0.01649	0.00649	0.00608
32	0.01904	0.19455	0.38511	0.02444	0.03494	0.02339	0.15140	0.02667	0.01826	0.02539	0.01488	0.01801	0.01126	0.00770	0.00789	0.00253	0.01214	0.00668	0.00375	0.01196
33	0.02106	0.02022	0.03454	0.05223	0.64784	0.02022	0.02612	0.02612	0.01938	0.02780	0.01601	0.02106	0.01348	0.00758	0.00842	0.00253	0.01011	0.00758	0.00421	0.01348
34	0.01095	0.00882	0.00990	0.01036	0.01289	0.00777	0.00814	0.01354	0.01954	0.02403	0.10418	0.11138	0.46327	0.02198	0.01045	0.00311	0.00507	0.13929	0.00796	0.00735
35	0.02553	0.01625	0.01792	0.01504	0.01966	0.05613	0.01188	0.16639	0.05766	0.20904	0.16310	0.09898	0.07716	0.01409	0.00912	0.00270	0.00713	0.01174	0.00890	0.01157
36	0.02298	0.33172	0.23262	0.01759	0.02603	0.02392	0.01917	0.02801	0.01871	0.13541	0.01884	0.05738	0.01532	0.00924	0.00716	0.00234	0.00963	0.00696	0.00510	0.01185
37	0.02200	0.61892	0.12516	0.01584	0.02381	0.03184	0.01678	0.02568	0.01738	0.02093	0.01228	0.01422	0.01090	0.00739	0.00581	0.00194	0.00956	0.00478	0.00363	0.01114
38	0.01238	0.00825	0.00928	0.00928	0.00928	0.00825	0.00516	0.01238	0.01238	0.01650	0.02681	0.05569	0.03094	0.70092	0.04331	0.00825	0.00825	0.01238	0.00516	0.00516
39	0.03140	0.02336	0.02500	0.01939	0.02603	0.02595	0.01594	0.57059	0.09043	0.05210	0.02164	0.02139	0.01545	0.01033	0.00853	0.00258	0.00914	0.00783	0.00853	0.01439
40	0.02564	0.49327	0.03805	0.01692	0.02327	0.23609	0.01516	0.02820	0.01947	0.02028	0.01225	0.01419	0.01093	0.00776	0.00617	0.00194	0.01110	0.00485	0.00388	0.01058
41	0.02275	0.70604	0.04459	0.01456	0.02184	0.03367	0.01456	0.02548	0.01729	0.02002	0.01183	0.01365	0.01092	0.00728	0.00546	0.00182	0.00910	0.00455	0.00364	0.01092
42	0.01041	0.00863	0.00911	0.00899	0.01171	0.00733	0.00674	0.01289	0.02023	0.02496	0.18490	0.07865	0.54446	0.02082	0.01005	0.00284	0.00426	0.01751	0.00816	0.00733
43	0.18613	0.03546	0.02166	0.01965	0.02422	0.52969	0.01491	0.03208	0.02208	0.02450	0.01288	0.01502	0.01059	0.00859	0.00716	0.00229	0.01349	0.00530	0.00457	0.00973
44	0.02557	0.01523	0.01767	0.01503	0.01952	0.01588	0.01155	0.07041	0.26600	0.23670	0.03180	0.03524	0.02474	0.15703	0.01595	0.00392	0.00738	0.00974	0.00853	0.01210
45	0.02288	0.01365	0.01617	0.01396	0.01845	0.01364	0.01099	0.03303	0.22483	0.22531	0.17072	0.04499	0.12685	0.01394	0.00913	0.00276	0.00596	0.01174	0.00928	0.01171
46	0.02106	0.02022	0.03454	0.05223	0.64784	0.02022	0.02612	0.02612	0.01938	0.02780	0.01601	0.02106	0.01348	0.00758	0.00842	0.00253	0.01011	0.00758	0.00421	0.01348
47	0.01824	0.08869	0.20544	0.02234	0.02998	0.01969	0.15916	0.02863	0.14896	0.02822	0.05785	0.03333	0.06106	0.01091	0.00889	0.00279	0.01015	0.04851	0.00569	0.01146
48	0.02489	0.01628	0.01834	0.01539	0.02032	0.01711	0.01215	0.15823	0.22508	0.17330	0.07238	0.03805	0.09914	0.05657	0.01106	0.00309	0.00706	0.01047	0.00877	0.01231
49	0.01124	0.00861	0.01045	0.01119	0.01319	0.00782	0.00859	0.01394	0.01956	0.02516	0.16497	0.21737	0.29097	0.02238	0.01059	0.00319	0.00514	0.14008	0.00814	0.00741
50	0.01913	0.01908	0.03491	0.26425	0.31218	0.02006	0.15590	0.02487	0.01872	0.02560	0.01597	0.02204	0.01262	0.00781	0.00881	0.00271	0.01147	0.00812	0.00408	0.01166
51	0.02555	0.21006	0.17805	0.02196	0.05567	0.32466	0.01991	0.02981	0.02072	0.02237	0.01344	0.01579	0.01102	0.00818	0.00724	0.00223	0.01287	0.00553	0.00400	0.01093
52	0.01288	0.00964	0.01227	0.01317	0.01488	0.00966	0.00995	0.01841	0.09976	0.02700	0.17111	0.34179	0.05576	0.02201	0.01059	0.00332	0.00562	0.14565	0.00830	0.00822
53	0.01195	0.00807	0.00941	0.00983	0.00993	0.00797	0.00574	0.01226	0.01320	0.01761	0.03107	0.19107	0.03630	0.55822	0.03645	0.00724	0.00755	0.01488	0.00574	0.00553
54	0.01037	0.00741	0.00987	0.01185	0.01234	0.00691	0.00790	0.01185	0.01629	0.02172	0.04690	0.69537	0.05629	0.02666	0.01086	0.00346	0.00494	0.02419	0.00790	0.00691
55	0.02275	0.70604	0.04459	0.01456	0.02184	0.03367	0.01456	0.02548	0.01729	0.02002	0.01183	0.01365	0.01092	0.00728	0.00546	0.00182	0.00910	0.00455	0.00364	0.01092
56	0.01471	0.01197	0.01343	0.01248	0.01566	0.01234	0.00953	0.02516	0.23180	0.03201	0.30324	0.05696	0.19446	0.01637	0.00957	0.00280	0.00502	0.01402	0.00878	0.00970
57	0.01707	0.04402	0.65683	0.02426	0.03683	0.01976	0.03144	0.02695	0.01797	0.02695	0.01527	0.01797	0.01078	0.00809	0.00809	0.00270	0.01258	0.00629	0.00359	0.01258
58	0.11182	0.01532	0.01940	0.01504	0.02150	0.01412	0.01242	0.07895	0.02441	0.55003	0.03046	0.02684	0.01941	0.01024	0.00822	0.00263	0.00732	0.00809	0.00986	0.01394
59	0.03235	0.02384	0.02554	0.01958	0.02639	0.02639	0.01618	0.61946	0.04001	0.05363	0.02043	0.02043	0.01447	0.01022	0.00851	0.00255	0.00936	0.00766	0.00851	0.01447
60	0.01297	0.00887	0.01024	0.01035	0.01080	0.00889	0.00630	0.04325	0.01462	0.01950	0.03074	0.18927	0.03546	0.52296	0.03467	0.00694	0.00761	0.01464	0.00591	0.00600
61	0.01759	0.04089	0.57494	0.02794	0.11724	0.01982	0.03074	0.02684	0.01815	0.02706	0.01537	0.01837	0.01114	0.00802	0.00813	0.00267	0.01225	0.00646	0.00367	0.01270
62	0.01944	0.32054	0.40110	0.02021	0.03057	0.02557	0.02439	0.02634	0.01768	0.02406	0.01383	0.01616	0.01084	0.00775	0.00699	0.00233	0.01112	0.00556	0.00361	0.01189
63	0.01457	0.01141	0.01324	0.01269	0.01537	0.01168	0.00948	0.05222	0.16493	0.03117	0.25962	0.20051	0.13297	0.01832	0.00983	0.00292	0.00517	0.01599	0.00863	0.00927
64	0.03235	0.02384	0.02554	0.01958	0.02639	0.02639	0.01618	0.61946	0.04001	0.05363	0.02043	0.02043	0.01447	0.01022	0.00851	0.00255	0.00936	0.00766	0.00851	0.01447
65	0.02275	0.70604	0.04459	0.01456	0.02184	0.03367	0.01456	0.02548	0.01729	0.02002	0.01183	0.01365	0.01092	0.00728	0.00546	0.00182	0.00910	0.00455	0.00364	0.01092
66	0.02188	0.56056	0.04067	0.01621	0.02195	0.03206	0.01542	0.02442	0.01639	0.02012	0.01169	0.01470	0.01097	0.00889	0.01022	0.00222	0.15222	0.00516	0.00366	0.01058
67	0.01176	0.00869	0.01098	0.01041	0.01254	0.00791	0.00781	0.01551	0.02342	0.03253	0.56345	0.06620	0.16119	0.01799	0.01004	0.00270	0.00406	0.01576	0.00916	0.00791
68	0.02309	0.01114	0.01491	0.01258	0.01652	0.00992	0.00992	0.02680	0.02420	0.29601	0.38562	0.04894	0.05526	0.01450	0.00941	0.00266	0.00538	0.01250	0.00986	0.01076
69	0.02081	0.02094	0.03866	0.04794	0.48934	0.02056	0.18132	0.02642	0.01956	0.02766	0.01633	0.02156	0.01333	0.00748	0.00885	0.00262	0.01122	0.00823	0.00424	0.01295
70	0.02305	0.01962	0.01858	0.01611	0.02037	0.11055	0.01250	0.28198	0.02840	0.03584	0.03759	0.18894	0.13880	0.01593	0.00922	0.00277	0.00827	0.01310	0.00766	0.01071

[dist]
# distance from previous block
# <min> <max>
0	5

[block]
# block no. 2 follows, 21 sequences, length 103
# corresponding to MSA columns:
# 112-214
name=unknown_C
#
# <colnr> <probs for GDERKNQSTAVLIFYWHMCP>
#	G	D	E	R	K	N	Q	S	T	A	V	L	I	F	Y	W	H	M	C	P
0	0.01188	0.00837	0.01090	0.01131	0.01193	0.00878	0.00759	0.01322	0.01363	0.01870	0.02964	0.18153	0.03294	0.34373	0.24863	0.00910	0.01250	0.01373	0.00553	0.00635
1	0.06123	0.16998	0.02387	0.01510	0.02019	0.02147	0.01263	0.16930	0.15276	0.03618	0.19279	0.03282	0.03395	0.01170	0.00811	0.00250	0.00713	0.00935	0.00752	0.01142
2	0.02011	0.01361	0.01559	0.01308	0.01812	0.01270	0.01029	0.02848	0.17482	0.15109	0.08319	0.04390	0.19460	0.01333	0.00860	0.00247	0.00590	0.01107	0.00808	0.17095
3	0.01778	0.12675	0.58032	0.02304	0.03496	0.02150	0.02933	0.02677	0.01788	0.02608	0.01484	0.01743	0.01080	0.00798	0.00776	0.00259	0.01214	0.00607	0.00360	0.01237
4	0.01707	0.04402	0.65683	0.02426	0.03683	0.01976	0.03144	0.02695	0.01797	0.02695	0.01527	0.01797	0.01078	0.00809	0.00809	0.00270	0.01258	0.00629	0.00359	0.01258
5	0.02106	0.02022	0.03454	0.05223	0.64784	0.02022	0.02612	0.02612	0.01938	0.02780	0.01601	0.02106	0.01348	0.00758	0.00842	0.00253	0.01011	0.00758	0.00421	0.01348
6	0.01037	0.00741	0.00987	0.01185	0.01234	0.00691	0.00790	0.01185	0.01629	0.02172	0.04690	0.69537	0.05629	0.02666	0.01086	0.00346	0.00494	0.02419	0.00790	0.00691
7	0.03179	0.04056	0.02412	0.02192	0.02631	0.66676	0.01644	0.03398	0.02412	0.02083	0.01315	0.01535	0.01096	0.00877	0.00767	0.00219	0.01535	0.00548	0.00438	0.00987
8	0.01115	0.00912	0.01099	0.01242	0.05251	0.00810	0.00827	0.01365	0.01951	0.02485	0.16424	0.20297	0.38959	0.02105	0.01012	0.00294	0.00476	0.01818	0.00790	0.00767
9	0.01052	0.00793	0.00937	0.01042	0.01166	0.00718	0.00706	0.01204	0.01685	0.02148	0.05768	0.40509	0.25277	0.11129	0.01475	0.00387	0.00515	0.02056	0.00755	0.00678
10	0.06462	0.39088	0.15499	0.01803	0.02566	0.10752	0.04801	0.02645	0.01857	0.02350	0.04204	0.01747	0.01410	0.00812	0.00667	0.00217	0.01043	0.00578	0.00412	0.01090
11	0.76103	0.01646	0.01251	0.01119	0.01646	0.01909	0.00922	0.02502	0.01448	0.03818	0.01185	0.01382	0.00922	0.00790	0.00527	0.00263	0.00658	0.00461	0.00527	0.00922
12	0.01027	0.00780	0.00947	0.01080	0.01207	0.00700	0.00743	0.01197	0.01731	0.02214	0.05974	0.49505	0.24832	0.02499	0.01060	0.00327	0.00473	0.02216	0.00790	0.00700
13	0.01216	0.00902	0.01096	0.01165	0.01289	0.00892	0.00796	0.01630	0.08533	0.02423	0.13265	0.37935	0.08334	0.14523	0.01632	0.00411	0.00557	0.01880	0.00771	0.00750
14	0.02117	0.02754	0.16002	0.28102	0.04339	0.13651	0.09740	0.08336	0.02109	0.02643	0.01558	0.02020	0.01166	0.00846	0.00846	0.00267	0.01250	0.00724	0.00437	0.01092
15	0.02070	0.03733	0.45343	0.02454	0.03543	0.02139	0.09317	0.15467	0.02295	0.03273	0.01660	0.01905	0.01181	0.00844	0.00839	0.00268	0.01208	0.00700	0.00473	0.01286
16	0.01237	0.00829	0.00948	0.00948	0.00955	0.00836	0.00541	0.01250	0.01243	0.01665	0.02663	0.05467	0.03050	0.67186	0.07177	0.00850	0.00891	0.01223	0.00513	0.00527
17	0.01072	0.00865	0.00954	0.00932	0.01190	0.00747	0.00699	0.01350	0.02096	0.02671	0.27210	0.07578	0.45617	0.02017	0.01005	0.00281	0.00421	0.01710	0.00839	0.00747
18	0.01707	0.04402	0.65683	0.02426	0.03683	0.01976	0.03144	0.02695	0.01797	0.02695	0.01527	0.01797	0.01078	0.00809	0.00809	0.00270	0.01258	0.00629	0.00359	0.01258
19	0.03184	0.03905	0.02424	0.02171	0.02632	0.60902	0.01642	0.08677	0.02555	0.02379	0.01381	0.01581	0.01128	0.00890	0.00775	0.00222	0.01481	0.00568	0.00476	0.01028
20	0.03094	0.03510	0.02537	0.02415	0.08236	0.46951	0.01726	0.16032	0.02714	0.02858	0.01499	0.01697	0.01195	0.00898	0.00792	0.00230	0.01358	0.00614	0.00527	0.01119
21	0.02051	0.01965	0.03354	0.12199	0.58241	0.02007	0.02584	0.02563	0.01912	0.02713	0.01591	0.02124	0.01324	0.00769	0.00843	0.00256	0.01025	0.00758	0.00416	0.01303
22	0.42962	0.01859	0.01703	0.01449	0.02002	0.02126	0.01178	0.16967	0.15368	0.04127	0.01879	0.01925	0.01407	0.00923	0.00676	0.00267	0.00727	0.00641	0.00676	0.01137
23	0.01491	0.01216	0.01522	0.01418	0.01585	0.01370	0.01087	0.05631	0.05605	0.02684	0.17184	0.15822	0.11327	0.09423	0.01762	0.00373	0.15216	0.03731	0.00711	0.00844
24	0.01046	0.00870	0.00918	0.00925	0.01199	0.00742	0.00706	0.01289	0.01981	0.02409	0.13085	0.08124	0.55850	0.02132	0.01016	0.00292	0.00451	0.05431	0.00802	0.00730
25	0.01632	0.01163	0.01310	0.01186	0.01369	0.01221	0.00817	0.13929	0.01888	0.02516	0.03008	0.04809	0.07848	0.42849	0.10251	0.00721	0.00976	0.01150	0.00602	0.00754
26	0.03129	0.03962	0.02460	0.02332	0.05496	0.63695	0.01689	0.03362	0.02390	0.02115	0.01329	0.01561	0.01108	0.00871	0.00771	0.00221	0.01511	0.00558	0.00438	0.01003
27	0.02644	0.01942	0.02133	0.01750	0.02261	0.02115	0.01395	0.45612	0.03364	0.04506	0.02755	0.20187	0.02571	0.01464	0.00914	0.00280	0.00817	0.01211	0.00835	0.01244
28	0.02783	0.02116	0.02312	0.01744	0.02448	0.02177	0.01430	0.43577	0.03314	0.04568	0.01880	0.01958	0.01390	0.00901	0.00783	0.00216	0.00842	0.00686	0.00745	0.24130
29	0.02175	0.11654	0.31836	0.02844	0.16022	0.16092	0.02510	0.02812	0.01951	0.02499	0.01456	0.01754	0.01140	0.00803	0.00776	0.00245	0.01225	0.00618	0.00390	0.01199
30	0.02408	0.02810	0.27746	0.15833	0.03629	0.01918	0.02306	0.13263	0.02300	0.16560	0.02009	0.02175	0.01376	0.00907	0.00835	0.00269	0.01061	0.00728	0.00599	0.01267
31	0.01927	0.02089	0.06539	0.03525	0.27510	0.06059	0.14521	0.02422	0.01815	0.02502	0.01721	0.02344	0.01459	0.02016	0.15183	0.00506	0.05489	0.00821	0.00425	0.01126
32	0.01762	0.01877	0.06938	0.06956	0.23374	0.01707	0.14403	0.02398	0.05627	0.02667	0.03263	0.04052	0.12808	0.01194	0.00940	0.00286	0.00976	0.07117	0.00546	0.01108
33	0.01923	0.01920	0.02545	0.03483	0.36285	0.10085	0.01899	0.02316	0.01979	0.02571	0.06481	0.03467	0.13029	0.01557	0.06460	0.00350	0.01048	0.00974	0.00522	0.01107
34	0.01474	0.01358	0.04983	0.01750	0.05651	0.01206	0.06622	0.05708	0.04591	0.02901	0.19170	0.22339	0.10663	0.01806	0.01004	0.00301	0.00678	0.06124	0.00757	0.00914
35	0.02002	0.02986	0.28395	0.03367	0.20099	0.02028	0.15434	0.02715	0.01883	0.06033	0.01660	0.02050	0.01254	0.00833	0.00991	0.00275	0.05554	0.00764	0.00429	0.01247
36	0.05132	0.01975	0.05979	0.22295	0.42954	0.01979	0.02495	0.02490	0.01845	0.02653	0.01555	0.02106	0.01258	0.00788	0.00830	0.00263	0.01041	0.00739	0.00411	0.01214
37	0.02011	0.21483	0.27762	0.02257	0.06156	0.06680	0.02279	0.02553	0.01716	0.02330	0.01334	0.01695	0.01106	0.00940	0.01179	0.00265	0.16146	0.00610	0.00372	0.01128
38	0.02296	0.01958	0.03290	0.04812	0.57831	0.01936	0.02461	0.02782	0.01993	0.09731	0.01796	0.02194	0.01432	0.00791	0.00844	0.00254	0.00979	0.00769	0.00491	0.01359
39	0.01096	0.00848	0.00888	0.00888	0.01064	0.00760	0.00596	0.01228	0.01668	0.02048	0.06322	0.07175	0.40691	0.28455	0.02293	0.00496	0.00584	0.01580	0.00684	0.00640
40	0.02106	0.02022	0.03454	0.05223	0.64784	0.02022	0.02612	0.02612	0.01938	0.02780	0.01601	0.02106	0.01348	0.00758	0.00842	0.00253	0.01011	0.00758	0.00421	0.01348
41	0.02288	0.02749	0.10938	0.04063	0.40936	0.15953	0.02413	0.02878	0.04783	0.02654	0.01614	0.01993	0.01316	0.00808	0.00823	0.00249	0.01139	0.00706	0.00437	0.01259
42	0.01251	0.00900	0.01202	0.01208	0.01407	0.00852	0.00960	0.01649	0.02285	0.03174	0.47818	0.07252	0.07165	0.01908	0.01051	0.00302	0.00507	0.17418	0.00895	0.00798
43	0.01770	0.00994	0.01022	0.00947	0.01193	0.01026	0.00718	0.09429	0.02027	0.03349	0.02678	0.03185	0.02148	0.05408	0.00866	0.00245	0.00491	0.00818	0.60828	0.00857
44	0.02373	0.63389	0.04237	0.01536	0.02233	0.10231	0.01477	0.02640	0.01803	0.02011	0.01197	0.01384	0.01093	0.00744	0.00570	0.00186	0.00978	0.00465	0.00372	0.01081
45	0.01353	0.00973	0.01186	0.01234	0.01368	0.00975	0.00854	0.08804	0.01859	0.02478	0.04060	0.44845	0.06789	0.14071	0.04592	0.00460	0.00684	0.01919	0.00736	0.00760
46	0.01151	0.00988	0.01001	0.00976	0.01288	0.00901	0.00738	0.01653	0.09949	0.02464	0.07947	0.07535	0.56359	0.02025	0.00988	0.00288	0.00463	0.01687	0.00800	0.00801
47	0.01037	0.00741	0.00987	0.01185	0.01234	0.00691	0.00790	0.01185	0.01629	0.02172	0.04690	0.69537	0.05629	0.02666	0.01086	0.00346	0.00494	0.02419	0.00790	0.00691
48	0.09508	0.02394	0.10661	0.03282	0.28910	0.09077	0.05092	0.06415	0.02040	0.03006	0.01700	0.02071	0.01351	0.00825	0.00776	0.00247	0.01005	0.00706	0.09751	0.01181
49	0.02106	0.02022	0.03454	0.05223	0.64784	0.02022	0.02612	0.02612	0.01938	0.02780	0.01601	0.02106	0.01348	0.00758	0.00842	0.00253	0.01011	0.00758	0.00421	0.01348
50	0.01074	0.00769	0.01021	0.01160	0.01243	0.00716	0.00793	0.01279	0.01803	0.02449	0.17968	0.55472	0.06163	0.02460	0.01068	0.00328	0.00473	0.02223	0.00823	0.00716
51	0.02337	0.02460	0.03230	0.04570	0.51390	0.15954	0.02403	0.02781	0.02040	0.02630	0.01539	0.01983	0.01294	0.00784	0.00826	0.00246	0.01124	0.00713	0.00425	0.01270
52	0.02285	0.02037	0.02623	0.05859	0.27238	0.05748	0.01900	0.15643	0.13534	0.03421	0.05743	0.02813	0.05309	0.01025	0.00862	0.00262	0.00905	0.00882	0.00641	0.01269
53	0.01207	0.00795	0.01059	0.01188	0.01289	0.00735	0.00816	0.01396	0.01771	0.05707	0.12145	0.58003	0.05743	0.02463	0.01063	0.00331	0.00494	0.02225	0.00823	0.00746
54	0.01229	0.01603	0.14488	0.01269	0.01725	0.01014	0.01228	0.01678	0.02092	0.02813	0.28709	0.06147	0.29387	0.01714	0.00964	0.00276	0.00592	0.01453	0.00757	0.00864
55	0.02122	0.03480	0.28651	0.02744	0.03621	0.15568	0.21868	0.02810	0.01963	0.02536	0.01520	0.01909	0.01154	0.00837	0.00991	0.00271	0.05670	0.00742	0.00400	0.01144
56	0.01085	0.00807	0.01020	0.01151	0.01283	0.00742	0.00830	0.01300	0.01805	0.02354	0.10766	0.43531	0.18425	0.02436	0.01072	0.00332	0.00507	0.09033	0.00802	0.00718
57	0.06814	0.03365	0.02300	0.02008	0.02495	0.44772	0.01545	0.17074	0.02704	0.03002	0.01558	0.01734	0.01228	0.00913	0.00766	0.00229	0.01288	0.00608	0.04516	0.01081
58	0.01996	0.02216	0.15813	0.02445	0.15392	0.01742	0.01873	0.03127	0.20695	0.08748	0.06547	0.03426	0.09983	0.01144	0.00873	0.00273	0.00830	0.00973	0.00676	0.01230
59	0.01071	0.00813	0.00956	0.01052	0.01197	0.00737	0.00737	0.01243	0.01722	0.02180	0.05949	0.33967	0.28031	0.10875	0.01466	0.00386	0.00529	0.05647	0.00755	0.00686
60	0.02541	0.06568	0.02094	0.01793	0.02205	0.45490	0.01363	0.02762	0.02248	0.02138	0.03299	0.03339	0.18352	0.01218	0.00821	0.00236	0.01202	0.00883	0.00531	0.00919
61	0.02446	0.02692	0.02989	0.03973	0.39863	0.24900	0.02198	0.02841	0.02080	0.02496	0.01531	0.01960	0.01294	0.01057	0.03821	0.00292	0.01255	0.00691	0.00429	0.01193
62	0.01646	0.01364	0.01612	0.01514	0.01760	0.06576	0.01185	0.09812	0.01807	0.02441	0.02170	0.03022	0.01953	0.05216	0.52519	0.01125	0.02038	0.00863	0.00508	0.00871
63	0.01803	0.01758	0.02697	0.26010	0.11607	0.02277	0.02137	0.02166	0.01527	0.02188	0.01320	0.02038	0.01153	0.01168	0.01851	0.00325	0.35854	0.00751	0.00381	0.00990
64	0.01428	0.00997	0.01069	0.00999	0.01345	0.00874	0.00767	0.01798	0.05917	0.10262	0.07634	0.07208	0.52699	0.01954	0.00978	0.00284	0.00483	0.01625	0.00828	0.00850
65	0.01013	0.00834	0.00891	0.00936	0.01169	0.00712	0.00679	0.01213	0.01869	0.02270	0.07723	0.22199	0.51008	0.02272	0.01024	0.00301	0.00445	0.01938	0.00790	0.00712
66	0.01034	0.00751	0.00977	0.01157	0.01227	0.00694	0.00778	0.01188	0.01656	0.02183	0.05032	0.64212	0.10733	0.02622	0.01079	0.00341	0.00488	0.02365	0.00790	0.00694
67	0.02106	0.02022	0.03454	0.05223	0.64784	0.02022	0.02612	0.02612	0.01938	0.02780	0.01601	0.02106	0.01348	0.00758	0.00842	0.00253	0.01011	0.00758	0.00421	0.01348
68	0.01226	0.00870	0.01158	0.01158	0.01238	0.00950	0.00802	0.01385	0.01306	0.01820	0.02471	0.04405	0.02588	0.36764	0.36968	0.01109	0.01586	0.01067	0.00484	0.00643
69	0.76103	0.01646	0.01251	0.01119	0.01646	0.01909	0.00922	0.02502	0.01448	0.03818	0.01185	0.01382	0.00922	0.00790	0.00527	0.00263	0.00658	0.00461	0.00527	0.00922
70	0.02477	0.02774	0.02940	0.10995	0.33542	0.27701	0.02200	0.02876	0.02100	0.02436	0.01478	0.01897	0.01224	0.00816	0.00814	0.00243	0.01233	0.00675	0.00423	0.01160
71	0.46763	0.01836	0.02170	0.02436	0.18863	0.02002	0.05353	0.06342	0.01779	0.03567	0.01386	0.01678	0.01094	0.00792	0.00663	0.00262	0.00821	0.00595	0.00513	0.01084
72	0.02315	0.34708	0.22648	0.01926	0.02747	0.17885	0.02015	0.02794	0.01911	0.02233	0.01319	0.01537	0.01089	0.00788	0.00678	0.00217	0.01164	0.00530	0.00380	0.01118
73	0.02192	0.07241	0.02106	0.19805	0.02965	0.09785	0.01471	0.02567	0.02106	0.16000	0.13735	0.03692	0.10453	0.01206	0.00863	0.00260	0.00863	0.00994	0.00679	0.01018
74	0.02106	0.02022	0.03454	0.05223	0.64784	0.02022	0.02612	0.02612	0.01938	0.02780	0.01601	0.02106	0.01348	0.00758	0.00842	0.00253	0.01011	0.00758	0.00421	0.01348
75	0.02447	0.02311	0.03042	0.09782	0.37869	0.10227	0.02247	0.15879	0.02435	0.03213	0.01656	0.02035	0.01319	0.00840	0.00836	0.00252	0.01071	0.00734	0.00515	0.01289
76	0.17799	0.13099	0.40398	0.01950	0.02931	0.02112	0.02328	0.02587	0.01737	0.02868	0.04006	0.01835	0.01334	0.00832	0.00718	0.00256	0.01044	0.00606	0.00420	0.01143
77	0.01727	0.01187	0.01431	0.01353	0.01685	0.01193	0.01080	0.02572	0.16829	0.10155	0.22395	0.06138	0.13442	0.01708	0.00990	0.00301	0.00587	0.13355	0.00880	0.00991
78	0.01029	0.00771	0.00956	0.01105	0.01213	0.00698	0.00755	0.01194	0.01706	0.02204	0.05662	0.54371	0.20167	0.02540	0.01066	0.00331	0.00478	0.02265	0.00790	0.00698
79	0.01927	0.22239	0.36129	0.02400	0.03429	0.02397	0.14889	0.02661	0.01822	0.02510	0.01473	0.01782	0.01126	0.00767	0.00777	0.00249	0.01199	0.00659	0.00375	0.01189
80	0.02649	0.01902	0.02444	0.06062	0.16421	0.02033	0.01723	0.16275	0.22058	0.15373	0.02618	0.02592	0.01901	0.01002	0.00855	0.00268	0.00839	0.00843	0.00773	0.01366
81	0.01106	0.00825	0.01028	0.01064	0.01233	0.00747	0.00765	0.01383	0.02048	0.02759	0.32436	0.27824	0.19384	0.02138	0.01032	0.00298	0.00439	0.01888	0.00856	0.00747
82	0.01988	0.01901	0.03241	0.20099	0.50832	0.01991	0.02553	0.02508	0.01882	0.02637	0.01580	0.02145	0.01297	0.00780	0.00844	0.00260	0.01040	0.00758	0.00411	0.01253
83	0.02907	0.03657	0.02218	0.02026	0.02446	0.58433	0.01520	0.03126	0.02353	0.02110	0.02228	0.02366	0.09012	0.01037	0.00797	0.00228	0.01397	0.00704	0.00482	0.00953
84	0.02280	0.34183	0.24438	0.01938	0.02780	0.16546	0.02060	0.02780	0.01899	0.02251	0.01326	0.01546	0.01088	0.00787	0.00681	0.00219	0.01161	0.00533	0.00379	0.01125
85	0.02256	0.37235	0.16728	0.06288	0.06580	0.06038	0.01964	0.09197	0.02041	0.02582	0.01404	0.01642	0.01147	0.00795	0.00684	0.00221	0.01038	0.00568	0.00425	0.01167
86	0.15423	0.06184	0.02399	0.02132	0.06468	0.37333	0.01571	0.13558	0.02470	0.03001	0.01435	0.01629	0.01145	0.00874	0.00737	0.00234	0.01218	0.00582	0.00522	0.01086
87	0.01011	0.00844	0.00881	0.00911	0.01162	0.00714	0.00668	0.01216	0.01892	0.02280	0.08021	0.17561	0.55455	0.02233	0.01018	0.00296	0.00441	0.01891	0.00790	0.00714
88	0.03235	0.02384	0.02554	0.01958	0.02639	0.02639	0.01618	0.61946	0.04001	0.05363	0.02043	0.02043	0.01447	0.01022	0.00851	0.00255	0.00936	0.00766	0.00851	0.01447
89	0.02285	0.52443	0.04139	0.02305	0.15696	0.06295	0.01715	0.02605	0.01809	0.02174	0.01280	0.01533	0.01147	0.00742	0.00621	0.00199	0.00964	0.00525	0.00380	0.01142
90	0.02290	0.17701	0.28566	0.02481	0.10710	0.16181	0.02315	0.02872	0.01962	0.05319	0.01503	0.01740	0.01166	0.00811	0.00751	0.00238	0.01189	0.00602	0.00417	0.01185
91	0.01079	0.00758	0.00975	0.01131	0.01170	0.00719	0.00733	0.01196	0.01548	0.02063	0.04271	0.56196	0.05100	0.16728	0.01763	0.00446	0.00563	0.02173	0.00733	0.00655
92	0.02051	0.01965	0.03354	0.12199	0.58241	0.02007	0.02584	0.02563	0.01912	0.02713	0.01591	0.02124	0.01324	0.00769	0.00843	0.00256	0.01025	0.00758	0.00416	0.01303
93	0.02406	0.02650	0.09701	0.05832	0.23808	0.15505	0.02086	0.15103	0.02417	0.03088	0.01901	0.08026	0.01663	0.01020	0.00847	0.00258	0.01090	0.00851	0.00540	0.01208
94	0.01940	0.04042	0.48667	0.02486	0.07079	0.12502	0.02754	0.02739	0.01912	0.02582	0.01816	0.02060	0.03951	0.00877	0.00813	0.00261	0.01251	0.00676	0.00395	0.01195
95	0.01059	0.00750	0.00981	0.01156	0.01200	0.00706	0.00760	0.01191	0.01586	0.02114	0.04467	0.62434	0.05347	0.10153	0.01447	0.00399	0.00531	0.02288	0.00760	0.00672
96	0.01493	0.01091	0.01306	0.01326	0.01522	0.01099	0.00953	0.13860	0.02144	0.02846	0.04389	0.51543	0.08512	0.02291	0.01032	0.00323	0.00582	0.02035	0.00803	0.00851
97	0.02395	0.02569	0.03174	0.04409	0.48076	0.19402	0.02352	0.02823	0.02065	0.02593	0.01524	0.01953	0.01280	0.00790	0.00822	0.00244	0.01152	0.00702	0.00426	0.01251
98	0.01216	0.00912	0.01368	0.01368	0.01520	0.01064	0.01064	0.01520	0.01368	0.01976	0.02279	0.03343	0.02127	0.06382	0.66720	0.01368	0.02279	0.00912	0.00456	0.00760
99	0.01920	0.04066	0.50880	0.02749	0.11202	0.09166	0.02911	0.02763	0.01883	0.02638	0.01513	0.01806	0.01114	0.00810	0.00808	0.00262	0.01258	0.00636	0.00376	0.01239
100	0.07077	0.14326	0.05758	0.09168	0.02764	0.19649	0.01623	0.03398	0.22413	0.02714	0.02034	0.02138	0.01588	0.00932	0.00758	0.00249	0.01026	0.00692	0.00563	0.01130
101	0.01488	0.01768	0.14841	0.01741	0.05963	0.01243	0.01517	0.05501	0.02205	0.03097	0.29784	0.12700	0.05125	0.01617	0.00972	0.00289	0.00705	0.07744	0.00744	0.00956
102	0.02125	0.03307	0.32415	0.05421	0.10457	0.05004	0.12637	0.12830	0.02249	0.03118	0.01646	0.01965	0.01210	0.00829	0.00853	0.00266	0.01213	0.00732	0.00467	0.01257

[dist]
# distance from previous block
# <min> <max>
0	1

[block]
# block no. 3 follows, 21 sequences, length 39
# corresponding to MSA columns:
# 216-254
name=unknown_D
#
# <colnr> <probs for GDERKNQSTAVLIFYWHMCP>
#	G	D	E	R	K	N	Q	S	T	A	V	L	I	F	Y	W	H	M	C	P
0	0.10440	0.03598	0.02315	0.02055	0.02534	0.51862	0.01569	0.10963	0.02524	0.02684	0.01398	0.01586	0.01125	0.00887	0.00754	0.00228	0.01369	0.00568	0.00501	0.01040
1	0.02067	0.12543	0.15454	0.03473	0.20933	0.04865	0.23216	0.02690	0.01926	0.02605	0.01558	0.01986	0.01232	0.00754	0.00847	0.00256	0.01211	0.00769	0.00406	0.01210
2	0.02431	0.59097	0.04105	0.01583	0.02261	0.14314	0.01489	0.02695	0.01847	0.02016	0.01206	0.01394	0.01093	0.00754	0.00584	0.00188	0.01018	0.00471	0.00377	0.01074
3	0.01724	0.01158	0.03998	0.01105	0.01515	0.00908	0.00914	0.02018	0.02094	0.17445	0.12039	0.06484	0.41759	0.01796	0.00961	0.00279	0.00535	0.01498	0.00847	0.00924
4	0.02303	0.02488	0.02968	0.17713	0.34729	0.20238	0.02286	0.02741	0.02021	0.02455	0.01502	0.01979	0.01232	0.00811	0.00823	0.00250	0.01185	0.00699	0.00417	0.01160
5	0.01491	0.02194	0.24846	0.01563	0.02185	0.01245	0.01665	0.02081	0.02126	0.06026	0.31208	0.04747	0.12368	0.01417	0.00925	0.00271	0.00735	0.01204	0.00712	0.00991
6	0.02468	0.01876	0.02011	0.01654	0.02177	0.02034	0.01325	0.37239	0.11590	0.04256	0.03697	0.09496	0.13634	0.01400	0.00903	0.00274	0.00766	0.01135	0.00836	0.01230
7	0.05156	0.03974	0.51090	0.02292	0.03400	0.04717	0.02764	0.11411	0.02131	0.03109	0.01580	0.01805	0.01126	0.00842	0.00801	0.00265	0.01196	0.00639	0.00442	0.01260
8	0.01438	0.01040	0.01273	0.01326	0.01490	0.01046	0.00941	0.12264	0.02062	0.02754	0.04208	0.57230	0.04866	0.02366	0.01043	0.00329	0.00574	0.02118	0.00801	0.00829
9	0.01271	0.01041	0.01142	0.01086	0.01382	0.01000	0.00823	0.01944	0.13266	0.02879	0.25173	0.06700	0.35452	0.01842	0.00980	0.00281	0.00466	0.01563	0.00850	0.00860
10	0.02981	0.18600	0.02859	0.02031	0.02533	0.52840	0.01603	0.03212	0.02262	0.02065	0.01287	0.01498	0.01095	0.00844	0.00719	0.00211	0.01398	0.00528	0.00422	0.01010
11	0.01238	0.00825	0.00928	0.00928	0.00928	0.00825	0.00516	0.01238	0.01238	0.01650	0.02681	0.05569	0.03094	0.70092	0.04331	0.00825	0.00825	0.01238	0.00516	0.00516
12	0.01044	0.00850	0.00931	0.00984	0.01220	0.00737	0.00738	0.01263	0.01885	0.02298	0.07536	0.19502	0.48389	0.02266	0.01036	0.00307	0.00474	0.07032	0.00790	0.00719
13	0.02686	0.02284	0.02374	0.02188	0.08130	0.08222	0.01604	0.28531	0.27055	0.04117	0.02497	0.02449	0.01860	0.01037	0.00849	0.00265	0.00894	0.00823	0.00780	0.01357
14	0.01914	0.01595	0.01830	0.01421	0.02064	0.01447	0.01132	0.07972	0.13299	0.03082	0.01992	0.02195	0.01604	0.01288	0.06726	0.00281	0.00817	0.00650	0.00598	0.48095
15	0.01505	0.01539	0.01339	0.01268	0.01538	0.13092	0.00963	0.01732	0.01996	0.02331	0.11468	0.09204	0.38945	0.01845	0.01129	0.00284	0.06852	0.01476	0.00700	0.00794
16	0.01216	0.00912	0.01368	0.01368	0.01520	0.01064	0.01064	0.01520	0.01368	0.01976	0.02279	0.03343	0.02127	0.06382	0.66720	0.01368	0.02279	0.00912	0.00456	0.00760
17	0.02230	0.49745	0.17959	0.01740	0.02560	0.08822	0.01851	0.02658	0.01806	0.02164	0.01272	0.01477	0.01089	0.00760	0.00625	0.00205	0.01045	0.00502	0.00370	0.01120
18	0.02436	0.16920	0.03349	0.06279	0.31063	0.11968	0.02074	0.10932	0.02240	0.02844	0.01527	0.01862	0.01261	0.00810	0.00770	0.00234	0.01062	0.00664	0.00469	0.01236
19	0.01212	0.00814	0.00936	0.00961	0.00967	0.00808	0.00551	0.01231	0.01287	0.01716	0.02937	0.13703	0.03416	0.61519	0.03919	0.00764	0.00783	0.01388	0.00551	0.00538
20	0.01349	0.01239	0.04021	0.01390	0.04335	0.01115	0.01051	0.02053	0.13352	0.02777	0.16748	0.12555	0.28115	0.01835	0.00981	0.00293	0.00556	0.04537	0.00796	0.00902
21	0.02241	0.02037	0.02784	0.02615	0.13104	0.11020	0.15334	0.07880	0.02282	0.08618	0.12539	0.03326	0.05154	0.05881	0.01148	0.00301	0.01014	0.00999	0.00629	0.01094
22	0.02345	0.02516	0.03354	0.04377	0.45042	0.16956	0.07673	0.02803	0.02053	0.02614	0.01546	0.01991	0.01285	0.00782	0.00840	0.00248	0.01170	0.00732	0.00426	0.01247
23	0.01035	0.00748	0.00980	0.01166	0.01229	0.00693	0.00782	0.01187	0.01647	0.02180	0.04921	0.65944	0.09073	0.02636	0.01081	0.00342	0.00490	0.02383	0.00790	0.00693
24	0.02482	0.15729	0.14401	0.02102	0.05213	0.29360	0.01841	0.05276	0.05009	0.02521	0.06850	0.02083	0.01777	0.00924	0.00766	0.00232	0.01188	0.00667	0.00488	0.01090
25	0.02572	0.26603	0.14623	0.01816	0.02555	0.05064	0.04387	0.03010	0.01975	0.20074	0.02048	0.02348	0.01571	0.00954	0.00844	0.00246	0.04030	0.03496	0.00585	0.01198
26	0.01032	0.00759	0.00969	0.01137	0.01222	0.00695	0.00769	0.01190	0.01676	0.02191	0.05279	0.60357	0.14429	0.02590	0.01074	0.00337	0.00484	0.02326	0.00790	0.00695
27	0.01408	0.01453	0.01149	0.01108	0.01423	0.12913	0.00831	0.01624	0.02027	0.02259	0.07270	0.06959	0.52727	0.01919	0.00962	0.00275	0.00635	0.01565	0.00725	0.00768
28	0.06762	0.02672	0.02586	0.23296	0.15076	0.27964	0.02005	0.05270	0.02112	0.02479	0.01453	0.01883	0.01159	0.00848	0.00797	0.00250	0.01236	0.00656	0.00439	0.01056
29	0.01828	0.18465	0.52678	0.02220	0.03365	0.02272	0.02786	0.02664	0.01782	0.02548	0.01454	0.01705	0.01081	0.00791	0.00753	0.00251	0.01184	0.00592	0.00360	0.01223
30	0.01098	0.00786	0.01050	0.01199	0.01289	0.00738	0.00845	0.01315	0.01802	0.02433	0.15571	0.52535	0.06001	0.02468	0.01079	0.00336	0.00503	0.07416	0.00816	0.00720
31	0.02491	0.02171	0.02737	0.02148	0.02732	0.07947	0.14199	0.29875	0.02885	0.03787	0.02372	0.14515	0.02146	0.01229	0.00909	0.00269	0.01000	0.01090	0.00696	0.04800
32	0.02074	0.01582	0.02037	0.02386	0.17989	0.04192	0.01507	0.05281	0.09968	0.11755	0.07214	0.04759	0.15927	0.01410	0.00928	0.00283	0.00762	0.08087	0.00737	0.01120
33	0.02136	0.43964	0.15410	0.02433	0.15755	0.02828	0.02009	0.02588	0.01786	0.02294	0.01335	0.01601	0.01144	0.00749	0.00657	0.00213	0.00995	0.00551	0.00375	0.01177
34	0.01035	0.00747	0.00981	0.01168	0.01230	0.00693	0.00783	0.01187	0.01645	0.02179	0.04895	0.66348	0.08685	0.02640	0.01082	0.00343	0.00490	0.02387	0.00790	0.00693
35	0.19927	0.03103	0.02218	0.02042	0.05259	0.37121	0.01517	0.13831	0.02458	0.03112	0.01431	0.01619	0.01132	0.00878	0.00731	0.00238	0.01200	0.00577	0.00533	0.01072
36	0.02115	0.02275	0.06439	0.03667	0.30587	0.07572	0.10527	0.02899	0.10997	0.02749	0.01928	0.02480	0.01599	0.00949	0.01050	0.00277	0.07219	0.02948	0.00496	0.01226
37	0.01627	0.01059	0.01165	0.01062	0.01436	0.00944	0.00822	0.02064	0.07627	0.14075	0.07177	0.06754	0.47270	0.01860	0.00965	0.00283	0.00507	0.01546	0.00846	0.00911
38	0.01309	0.01007	0.01191	0.01186	0.01434	0.00920	0.00855	0.06489	0.01920	0.02550	0.04965	0.41042	0.18254	0.02149	0.00990	0.00297	0.00534	0.01891	0.00759	0.10257

[dist]
# distance from previous block
# <min> <max>
0	1

# created by:
# /home/cegg/simao/soft/augustus-3.2.1/scripts/msa2prfl.pl ./align_prep/13318.fa
