[name]
unknown

[dist]
# distance from previous block
# <min> <max>
4	73

[block]
# block no. 0 follows, 20 sequences, length 12
# corresponding to MSA columns:
# 73-84
name=unknown_A
#
# <colnr> <probs for GDERKNQSTAVLIFYWHMCP>
#	G	D	E	R	K	N	Q	S	T	A	V	L	I	F	Y	W	H	M	C	P
0	0.02309	0.01866	0.01991	0.02072	0.11621	0.08626	0.01346	0.19650	0.02473	0.03383	0.02248	0.03107	0.01968	0.16376	0.01610	0.00377	0.00896	0.00875	0.16147	0.01060
1	0.01863	0.01492	0.02003	0.02436	0.19997	0.01521	0.01378	0.12046	0.02051	0.02768	0.02965	0.04317	0.08886	0.29839	0.02388	0.00510	0.00878	0.01101	0.00590	0.00970
2	0.17017	0.01047	0.01220	0.01318	0.04481	0.01096	0.00840	0.01567	0.01375	0.02253	0.02326	0.13674	0.02527	0.21084	0.02599	0.22551	0.00740	0.01114	0.00526	0.00645
3	0.01692	0.01882	0.12886	0.02633	0.20368	0.01409	0.01798	0.02125	0.01873	0.05737	0.03669	0.14776	0.12311	0.07694	0.01273	0.00346	0.00852	0.05023	0.00609	0.01044
4	0.01470	0.01912	0.19917	0.01417	0.01862	0.01164	0.01400	0.01904	0.01656	0.02513	0.02779	0.14853	0.02762	0.19455	0.01782	0.00422	0.00803	0.01173	0.19895	0.00861
5	0.01613	0.01336	0.02262	0.01840	0.02193	0.01288	0.18566	0.04310	0.01875	0.02690	0.05769	0.17697	0.03164	0.14796	0.01628	0.00395	0.00854	0.01361	0.15492	0.00870
6	0.01770	0.01789	0.03369	0.48347	0.05577	0.02018	0.19760	0.02397	0.01838	0.02397	0.01614	0.02334	0.01211	0.00831	0.00919	0.00292	0.01254	0.00851	0.00404	0.01031
7	0.05659	0.01194	0.01682	0.12935	0.02561	0.01240	0.01499	0.02270	0.01991	0.12441	0.03735	0.10891	0.03734	0.01870	0.01054	0.00351	0.00830	0.32360	0.00762	0.00942
8	0.01245	0.01962	0.19895	0.01360	0.01950	0.01120	0.01424	0.01701	0.01945	0.02477	0.06675	0.06446	0.44983	0.01799	0.00971	0.00289	0.00694	0.01485	0.00679	0.00901
9	0.01831	0.01802	0.02655	0.21603	0.03395	0.02454	0.02061	0.02138	0.01457	0.02138	0.01266	0.02032	0.01150	0.01332	0.02271	0.00355	0.47951	0.00767	0.00383	0.00959
10	0.02055	0.01036	0.01270	0.01130	0.01331	0.00975	0.00753	0.02155	0.01634	0.20368	0.02954	0.04894	0.02870	0.49048	0.03381	0.00674	0.00815	0.01152	0.00692	0.00813
11	0.02573	0.01788	0.02895	0.17281	0.33351	0.01809	0.02209	0.03050	0.02087	0.21051	0.02157	0.02435	0.01567	0.00887	0.00869	0.00269	0.00976	0.00807	0.00615	0.01325

[dist]
# distance from previous block
# <min> <max>
0	2

[block]
# block no. 1 follows, 20 sequences, length 7
# corresponding to MSA columns:
# 87-93
name=unknown_B
#
# <colnr> <probs for GDERKNQSTAVLIFYWHMCP>
#	G	D	E	R	K	N	Q	S	T	A	V	L	I	F	Y	W	H	M	C	P
0	0.02914	0.02314	0.02939	0.03170	0.23979	0.02485	0.02012	0.40722	0.03366	0.04577	0.01937	0.02117	0.01448	0.00953	0.00869	0.00261	0.00986	0.00783	0.00719	0.01448
1	0.03706	0.01818	0.02231	0.01710	0.02393	0.01777	0.01413	0.23976	0.03054	0.43994	0.02973	0.02665	0.01924	0.01068	0.00876	0.00267	0.00818	0.00845	0.01008	0.01484
2	0.02432	0.02069	0.02986	0.19842	0.27989	0.02258	0.02258	0.22836	0.02660	0.03613	0.01776	0.02179	0.01362	0.00895	0.00869	0.00268	0.01042	0.00780	0.00574	0.01313
3	0.01892	0.03664	0.43521	0.03483	0.24677	0.02042	0.03033	0.02733	0.01892	0.02793	0.01592	0.01952	0.01201	0.00811	0.00841	0.00270	0.01201	0.00691	0.00390	0.01321
4	0.01515	0.00758	0.01136	0.01136	0.01136	0.00758	0.00758	0.01136	0.01136	0.01515	0.01515	0.02652	0.01515	0.03030	0.03409	0.74621	0.00758	0.00758	0.00379	0.00379
5	0.02159	0.02073	0.03541	0.05354	0.63903	0.02073	0.02677	0.02677	0.01986	0.02850	0.01641	0.02159	0.01382	0.00777	0.00864	0.00259	0.01036	0.00777	0.00432	0.01382
6	0.01951	0.03103	0.25892	0.03263	0.04286	0.02143	0.40743	0.02783	0.01983	0.02783	0.01695	0.02175	0.01248	0.00768	0.00960	0.00288	0.01408	0.00896	0.00416	0.01216

[dist]
# distance from previous block
# <min> <max>
0	10

[block]
# block no. 2 follows, 20 sequences, length 128
# corresponding to MSA columns:
# 104-231
name=unknown_C
#
# <colnr> <probs for GDERKNQSTAVLIFYWHMCP>
#	G	D	E	R	K	N	Q	S	T	A	V	L	I	F	Y	W	H	M	C	P
0	0.01475	0.01007	0.01119	0.01058	0.01128	0.01033	0.00642	0.07289	0.01554	0.02075	0.02682	0.05344	0.03001	0.62461	0.04080	0.00787	0.00857	0.01220	0.00563	0.00625
1	0.01592	0.01322	0.01513	0.01671	0.01897	0.07539	0.01434	0.01976	0.02055	0.02563	0.04289	0.09006	0.04627	0.02257	0.01163	0.00384	0.00881	0.52239	0.00768	0.00824
2	0.03148	0.03947	0.02580	0.02560	0.08866	0.59415	0.01785	0.03402	0.02423	0.02207	0.01378	0.01632	0.01150	0.00887	0.00794	0.00228	0.01519	0.00584	0.00448	0.01049
3	0.01779	0.01470	0.01741	0.01276	0.01973	0.01122	0.01006	0.02090	0.01741	0.02709	0.01547	0.01894	0.01314	0.00886	0.00925	0.07638	0.00657	0.00541	0.00503	0.67188
4	0.02107	0.02020	0.03447	0.11593	0.58068	0.02059	0.02651	0.02632	0.01962	0.02787	0.01632	0.02176	0.01360	0.00787	0.00864	0.00262	0.01049	0.00777	0.00427	0.01340
5	0.01124	0.01250	0.07358	0.01067	0.01453	0.00875	0.00937	0.01444	0.02023	0.02514	0.13698	0.07542	0.51587	0.02026	0.01010	0.00291	0.00524	0.01693	0.00781	0.00801
6	0.02332	0.69869	0.04571	0.01493	0.02239	0.03451	0.01493	0.02612	0.01772	0.02052	0.01213	0.01399	0.01119	0.00746	0.00560	0.00187	0.00933	0.00466	0.00373	0.01119
7	0.68043	0.01673	0.01417	0.07826	0.02123	0.01955	0.01094	0.02530	0.01511	0.03743	0.01249	0.01509	0.00967	0.00816	0.00573	0.00272	0.00724	0.00503	0.00524	0.00947
8	0.02170	0.01874	0.01972	0.01775	0.02268	0.02170	0.01381	0.04635	0.62327	0.03649	0.03550	0.03254	0.02663	0.01183	0.00888	0.00296	0.00690	0.00986	0.00888	0.01381
9	0.01647	0.01550	0.02616	0.67248	0.06008	0.01938	0.02422	0.02229	0.01744	0.02229	0.01550	0.02326	0.01163	0.00872	0.00872	0.00291	0.01163	0.00775	0.00388	0.00969
10	0.01045	0.00884	0.00904	0.00899	0.01187	0.00743	0.00674	0.01280	0.02022	0.02437	0.12713	0.08261	0.59623	0.02179	0.01031	0.00293	0.00440	0.01822	0.00821	0.00743
11	0.02159	0.02073	0.03541	0.05354	0.63903	0.02073	0.02677	0.02677	0.01986	0.02850	0.01641	0.02159	0.01382	0.00777	0.00864	0.00259	0.01036	0.00777	0.00432	0.01382
12	0.02136	0.02049	0.03498	0.08181	0.61259	0.02066	0.02665	0.02657	0.01975	0.02821	0.01637	0.02167	0.01372	0.00782	0.00864	0.00261	0.01042	0.00777	0.00430	0.01363
13	0.01031	0.00884	0.00884	0.00884	0.01178	0.00736	0.00663	0.01252	0.01988	0.02356	0.08837	0.08395	0.63549	0.02209	0.01031	0.00295	0.00442	0.01841	0.00810	0.00736
14	0.01689	0.01593	0.02692	0.62188	0.10741	0.01949	0.02443	0.02265	0.01764	0.02279	0.01558	0.02312	0.01181	0.00864	0.00871	0.00288	0.01152	0.00775	0.00391	0.01003
15	0.03258	0.04157	0.02472	0.02247	0.02697	0.65843	0.01685	0.03483	0.02472	0.02135	0.01348	0.01573	0.01124	0.00899	0.00787	0.00225	0.01573	0.00562	0.00449	0.01011
16	0.01202	0.00890	0.01121	0.01064	0.01283	0.00809	0.00798	0.01584	0.02393	0.03318	0.54826	0.06812	0.16960	0.01850	0.01029	0.00278	0.00416	0.01619	0.00937	0.00809
17	0.03316	0.02443	0.02618	0.02007	0.02705	0.02705	0.01658	0.60995	0.04101	0.05497	0.02094	0.02094	0.01483	0.01047	0.00873	0.00262	0.00960	0.00785	0.00873	0.01483
18	0.01750	0.04512	0.64825	0.02486	0.03775	0.02026	0.03223	0.02762	0.01842	0.02762	0.01565	0.01842	0.01105	0.00829	0.00829	0.00276	0.01289	0.00645	0.00368	0.01289
19	0.03258	0.04157	0.02472	0.02247	0.02697	0.65843	0.01685	0.03483	0.02472	0.02135	0.01348	0.01573	0.01124	0.00899	0.00787	0.00225	0.01573	0.00562	0.00449	0.01011
20	0.02332	0.69869	0.04571	0.01493	0.02239	0.03451	0.01493	0.02612	0.01772	0.02052	0.01213	0.01399	0.01119	0.00746	0.00560	0.00187	0.00933	0.00466	0.00373	0.01119
21	0.01381	0.00987	0.01378	0.01579	0.01769	0.00983	0.01363	0.01765	0.01984	0.02583	0.04632	0.14023	0.05073	0.02433	0.01198	0.00398	0.00782	0.54089	0.00804	0.00796
22	0.01038	0.00856	0.00913	0.00958	0.01198	0.00730	0.00696	0.01243	0.01917	0.02327	0.07932	0.21958	0.50570	0.02327	0.01049	0.00308	0.00456	0.01984	0.00810	0.00730
23	0.01908	0.01908	0.02672	0.02290	0.02290	0.02672	0.01908	0.02099	0.01336	0.02099	0.01145	0.01908	0.01145	0.01527	0.02863	0.00382	0.67748	0.00763	0.00382	0.00954
24	0.02159	0.02073	0.03541	0.05354	0.63903	0.02073	0.02677	0.02677	0.01986	0.02850	0.01641	0.02159	0.01382	0.00777	0.00864	0.00259	0.01036	0.00777	0.00432	0.01382
25	0.01908	0.01908	0.02672	0.02290	0.02290	0.02672	0.01908	0.02099	0.01336	0.02099	0.01145	0.01908	0.01145	0.01527	0.02863	0.00382	0.67748	0.00763	0.00382	0.00954
26	0.01912	0.01867	0.03175	0.31355	0.10673	0.02067	0.16218	0.02939	0.15162	0.02739	0.02051	0.02520	0.01553	0.00898	0.00912	0.00289	0.01120	0.00883	0.00515	0.01151
27	0.01312	0.01216	0.01122	0.01080	0.01366	0.07323	0.00810	0.01586	0.02170	0.02649	0.23168	0.07188	0.41974	0.01959	0.01006	0.00282	0.00547	0.01639	0.00815	0.00788
28	0.01296	0.01077	0.01471	0.01512	0.01548	0.01251	0.01113	0.01459	0.01578	0.02191	0.03796	0.50301	0.04492	0.02400	0.01597	0.00362	0.19084	0.02006	0.00691	0.00776
29	0.02159	0.02073	0.03541	0.05354	0.63903	0.02073	0.02677	0.02677	0.01986	0.02850	0.01641	0.02159	0.01382	0.00777	0.00864	0.00259	0.01036	0.00777	0.00432	0.01382
30	0.01246	0.00935	0.01402	0.01402	0.01558	0.01090	0.01090	0.01558	0.01402	0.02025	0.02336	0.03427	0.02181	0.06542	0.65888	0.01402	0.02336	0.00935	0.00467	0.00779
31	0.01809	0.01550	0.01809	0.01292	0.02067	0.01163	0.01034	0.02196	0.01809	0.02842	0.01550	0.01809	0.01292	0.00646	0.00646	0.00129	0.00646	0.00517	0.00517	0.74677
32	0.01248	0.00928	0.01370	0.01370	0.01515	0.01073	0.01050	0.01537	0.01392	0.02001	0.02366	0.03589	0.02251	0.11000	0.61526	0.01362	0.02231	0.00958	0.00472	0.00761
33	0.01268	0.00846	0.00951	0.00951	0.00951	0.00846	0.00529	0.01268	0.01268	0.01691	0.02748	0.05708	0.03171	0.69345	0.04440	0.00846	0.00846	0.01268	0.00529	0.00529
34	0.02159	0.02073	0.03541	0.05354	0.63903	0.02073	0.02677	0.02677	0.01986	0.02850	0.01641	0.02159	0.01382	0.00777	0.00864	0.00259	0.01036	0.00777	0.00432	0.01382
35	0.01406	0.01004	0.01406	0.01606	0.01807	0.01004	0.01406	0.01807	0.02008	0.02610	0.04618	0.09839	0.05020	0.02410	0.01205	0.00402	0.00803	0.58032	0.00803	0.00803
36	0.02159	0.02073	0.03541	0.05354	0.63903	0.02073	0.02677	0.02677	0.01986	0.02850	0.01641	0.02159	0.01382	0.00777	0.00864	0.00259	0.01036	0.00777	0.00432	0.01382
37	0.02133	0.02046	0.03493	0.08544	0.60920	0.02066	0.02664	0.02654	0.01974	0.02818	0.01636	0.02167	0.01370	0.00782	0.00864	0.00261	0.01043	0.00777	0.00430	0.01360
38	0.01082	0.00887	0.00947	0.00978	0.01235	0.00767	0.00739	0.01307	0.01938	0.02343	0.07897	0.11689	0.51582	0.05516	0.01218	0.00335	0.00501	0.07512	0.00796	0.00732
39	0.75506	0.01687	0.01282	0.01147	0.01687	0.01957	0.00945	0.02564	0.01484	0.03914	0.01215	0.01417	0.00945	0.00810	0.00540	0.00270	0.00675	0.00472	0.00540	0.00945
40	0.02257	0.02067	0.03378	0.18957	0.29087	0.02189	0.11093	0.14360	0.02367	0.03230	0.01730	0.02214	0.01342	0.00848	0.00892	0.00272	0.01115	0.00816	0.00512	0.01275
41	0.01246	0.00935	0.01402	0.01402	0.01558	0.01090	0.01090	0.01558	0.01402	0.02025	0.02336	0.03427	0.02181	0.06542	0.65888	0.01402	0.02336	0.00935	0.00467	0.00779
42	0.03009	0.02858	0.02846	0.05898	0.09085	0.21153	0.06000	0.31105	0.03145	0.03884	0.01778	0.01978	0.01339	0.00945	0.00857	0.00254	0.01195	0.00736	0.00649	0.01286
43	0.02118	0.02318	0.09718	0.05065	0.57843	0.02068	0.02732	0.02686	0.01972	0.02841	0.01633	0.02127	0.01354	0.00782	0.00860	0.00261	0.01062	0.00764	0.00425	0.01372
44	0.01077	0.00885	0.00948	0.00932	0.01207	0.00756	0.00699	0.01342	0.02098	0.02616	0.21273	0.07967	0.50951	0.02112	0.01030	0.00290	0.00435	0.01781	0.00844	0.00756
45	0.01629	0.02196	0.16554	0.09243	0.16427	0.01612	0.08644	0.02198	0.01962	0.02649	0.06786	0.04160	0.19758	0.01261	0.00932	0.00281	0.00951	0.01125	0.00551	0.01080
46	0.02085	0.01738	0.02633	0.03406	0.33185	0.01652	0.01926	0.02650	0.05286	0.07275	0.05157	0.03197	0.02192	0.01008	0.00861	0.00249	0.00857	0.06643	0.00585	0.17415
47	0.02710	0.02639	0.02244	0.01956	0.02478	0.20443	0.01523	0.15607	0.33576	0.03588	0.02630	0.02542	0.01987	0.01075	0.00856	0.00269	0.00996	0.00825	0.00760	0.01296
48	0.02945	0.21385	0.03131	0.01931	0.02549	0.15653	0.01633	0.29606	0.02958	0.03656	0.01641	0.01786	0.01289	0.00964	0.00892	0.00241	0.05217	0.00651	0.00619	0.01255
49	0.02687	0.31481	0.09197	0.01960	0.02691	0.15625	0.04517	0.16709	0.02487	0.02989	0.01508	0.01685	0.01215	0.00856	0.00726	0.00225	0.01126	0.00604	0.00510	0.01202
50	0.01379	0.01148	0.01507	0.06064	0.01803	0.01323	0.01118	0.01666	0.04406	0.02164	0.03729	0.22491	0.11232	0.15892	0.06121	0.00509	0.14539	0.01511	0.00618	0.00781
51	0.01140	0.00858	0.01078	0.01182	0.01342	0.00769	0.00838	0.01348	0.01793	0.02376	0.08021	0.47006	0.15503	0.02429	0.01068	0.00327	0.00519	0.05632	0.00796	0.05975
52	0.01268	0.00846	0.00951	0.00951	0.00951	0.00846	0.00529	0.01268	0.01268	0.01691	0.02748	0.05708	0.03171	0.69345	0.04440	0.00846	0.00846	0.01268	0.00529	0.00529
53	0.03178	0.03899	0.02395	0.02162	0.02612	0.59278	0.01629	0.06380	0.02523	0.02365	0.01463	0.01685	0.01199	0.00912	0.00782	0.00226	0.01482	0.00586	0.04218	0.01026
54	0.01647	0.01550	0.02616	0.67248	0.06008	0.01938	0.02422	0.02229	0.01744	0.02229	0.01550	0.02326	0.01163	0.00872	0.00872	0.00291	0.01163	0.00775	0.00388	0.00969
55	0.02566	0.53753	0.04096	0.01626	0.02350	0.05877	0.01533	0.14255	0.02264	0.02741	0.01394	0.01545	0.01192	0.00812	0.00631	0.00203	0.00965	0.00534	0.00476	0.01187
56	0.01087	0.00886	0.00962	0.00943	0.01213	0.00760	0.00707	0.01361	0.02121	0.02672	0.23923	0.07876	0.48266	0.02091	0.01030	0.00289	0.00433	0.01768	0.00852	0.00760
57	0.01750	0.04512	0.64825	0.02486	0.03775	0.02026	0.03223	0.02762	0.01842	0.02762	0.01565	0.01842	0.01105	0.00829	0.00829	0.00276	0.01289	0.00645	0.00368	0.01289
58	0.01132	0.00888	0.01024	0.00990	0.01240	0.00779	0.00742	0.01448	0.02227	0.02924	0.35980	0.07461	0.36052	0.01997	0.01030	0.00285	0.00427	0.01710	0.00885	0.00779
59	0.01134	0.00866	0.01041	0.01043	0.01253	0.00773	0.00765	0.01434	0.02163	0.02879	0.34212	0.17885	0.27202	0.02096	0.01044	0.00295	0.00438	0.01825	0.00882	0.00773
60	0.01246	0.00935	0.01402	0.01402	0.01558	0.01090	0.01090	0.01558	0.01402	0.02025	0.02336	0.03427	0.02181	0.06542	0.65888	0.01402	0.02336	0.00935	0.00467	0.00779
61	0.02332	0.69869	0.04571	0.01493	0.02239	0.03451	0.01493	0.02612	0.01772	0.02052	0.01213	0.01399	0.01119	0.00746	0.00560	0.00187	0.00933	0.00466	0.00373	0.01119
62	0.01452	0.01215	0.01728	0.01590	0.01774	0.01453	0.01268	0.01744	0.01428	0.02124	0.01990	0.02923	0.01858	0.04821	0.45154	0.01044	0.16860	0.00854	0.00453	0.08267
63	0.01647	0.01550	0.02616	0.67248	0.06008	0.01938	0.02422	0.02229	0.01744	0.02229	0.01550	0.02326	0.01163	0.00872	0.00872	0.00291	0.01163	0.00775	0.00388	0.00969
64	0.01246	0.00935	0.01402	0.01402	0.01558	0.01090	0.01090	0.01558	0.01402	0.02025	0.02336	0.03427	0.02181	0.06542	0.65888	0.01402	0.02336	0.00935	0.00467	0.00779
65	0.02455	0.01147	0.01340	0.01160	0.01552	0.01108	0.00915	0.03045	0.08153	0.24013	0.03118	0.03157	0.02253	0.01055	0.00728	0.00235	0.00549	0.00852	0.42068	0.01097
66	0.02404	0.32291	0.18795	0.01871	0.02727	0.06194	0.01936	0.14454	0.02300	0.02977	0.01506	0.01684	0.01200	0.00829	0.00707	0.00222	0.01043	0.00583	0.00486	0.05789
67	0.01366	0.01158	0.01213	0.01151	0.01492	0.01141	0.00877	0.02226	0.18707	0.02829	0.12880	0.06785	0.41152	0.01883	0.00991	0.00293	0.00507	0.01578	0.00847	0.00923
68	0.01267	0.00850	0.00974	0.00974	0.00981	0.00858	0.00556	0.01283	0.01275	0.01708	0.02728	0.05595	0.03122	0.66236	0.07482	0.00873	0.00919	0.01252	0.00526	0.00541
69	0.01585	0.02404	0.22530	0.02149	0.02870	0.01536	0.15966	0.02255	0.02139	0.03022	0.25396	0.04133	0.07715	0.01252	0.00965	0.00281	0.00949	0.01163	0.00636	0.01052
70	0.02401	0.02531	0.03306	0.04671	0.50448	0.16091	0.02459	0.02854	0.02093	0.02693	0.01576	0.02030	0.01325	0.00804	0.00847	0.00252	0.01154	0.00730	0.00436	0.01300
71	0.01063	0.00759	0.01012	0.01215	0.01265	0.00709	0.00810	0.01215	0.01670	0.02227	0.04808	0.68775	0.05769	0.02733	0.01113	0.00354	0.00506	0.02480	0.00810	0.00709
72	0.02159	0.02073	0.03541	0.05354	0.63903	0.02073	0.02677	0.02677	0.01986	0.02850	0.01641	0.02159	0.01382	0.00777	0.00864	0.00259	0.01036	0.00777	0.00432	0.01382
73	0.02291	0.65230	0.08848	0.01563	0.02348	0.03350	0.01615	0.02623	0.01777	0.02103	0.01238	0.01431	0.01118	0.00752	0.00579	0.00193	0.00958	0.00479	0.00373	0.01131
74	0.01041	0.00845	0.00924	0.00987	0.01205	0.00728	0.00708	0.01240	0.01889	0.02316	0.07583	0.27176	0.45577	0.02372	0.01057	0.00313	0.00462	0.02040	0.00810	0.00728
75	0.01031	0.00884	0.00884	0.00884	0.01178	0.00736	0.00663	0.01252	0.01988	0.02356	0.08837	0.08395	0.63549	0.02209	0.01031	0.00295	0.00442	0.01841	0.00810	0.00736
76	0.03176	0.02339	0.02518	0.01958	0.02616	0.02581	0.01605	0.57289	0.03951	0.05295	0.02262	0.06228	0.01749	0.01152	0.00888	0.00268	0.00932	0.00890	0.00869	0.01435
77	0.01827	0.01035	0.01432	0.01324	0.01540	0.00963	0.03911	0.01997	0.01734	0.16057	0.03615	0.28262	0.03810	0.25812	0.02232	0.00506	0.00729	0.01617	0.00752	0.00843
78	0.02996	0.03614	0.02450	0.02194	0.02589	0.50980	0.01680	0.06783	0.02381	0.02333	0.01421	0.01741	0.01203	0.01275	0.04397	0.00307	0.09548	0.00619	0.00468	0.01022
79	0.01081	0.00772	0.01034	0.01236	0.01295	0.00725	0.00842	0.01247	0.01688	0.02248	0.04797	0.65575	0.05729	0.02715	0.01118	0.00357	0.00522	0.05496	0.00809	0.00714
80	0.07179	0.02441	0.15777	0.16852	0.35557	0.02028	0.02615	0.02597	0.01872	0.02783	0.01577	0.02074	0.01250	0.00809	0.00835	0.00270	0.01088	0.00728	0.00418	0.01249
81	0.75506	0.01687	0.01282	0.01147	0.01687	0.01957	0.00945	0.02564	0.01484	0.03914	0.01215	0.01417	0.00945	0.00810	0.00540	0.00270	0.00675	0.00472	0.00540	0.00945
82	0.01107	0.00874	0.00998	0.00994	0.01232	0.00765	0.00735	0.01390	0.02129	0.02754	0.28066	0.13805	0.37833	0.02109	0.01038	0.00293	0.00437	0.01811	0.00864	0.00765
83	0.01851	0.01539	0.01697	0.01544	0.01939	0.01710	0.01190	0.03616	0.41909	0.03597	0.23980	0.04367	0.04562	0.01388	0.00936	0.00289	0.00595	0.01188	0.00912	0.01190
84	0.01057	0.00885	0.00920	0.00911	0.01194	0.00747	0.00683	0.01302	0.02049	0.02502	0.15792	0.08155	0.56503	0.02155	0.01031	0.00292	0.00438	0.01807	0.00829	0.00747
85	0.01822	0.01728	0.02932	0.46136	0.25756	0.01984	0.02509	0.02382	0.01827	0.02441	0.01581	0.02269	0.01237	0.00840	0.00869	0.00280	0.01120	0.00776	0.00403	0.01110
86	0.01750	0.04512	0.64825	0.02486	0.03775	0.02026	0.03223	0.02762	0.01842	0.02762	0.01565	0.01842	0.01105	0.00829	0.00829	0.00276	0.01289	0.00645	0.00368	0.01289
87	0.02018	0.01928	0.03285	0.22454	0.47908	0.02035	0.02607	0.02553	0.01919	0.02678	0.01616	0.02205	0.01321	0.00803	0.00866	0.00268	0.01071	0.00777	0.00420	0.01268
88	0.01626	0.00813	0.00813	0.00813	0.01016	0.00813	0.00610	0.02033	0.01829	0.03252	0.02846	0.03252	0.02236	0.01016	0.00610	0.00203	0.00407	0.00813	0.74187	0.00813
89	0.02285	0.01931	0.02037	0.01799	0.02312	0.02224	0.01409	0.10316	0.56459	0.03835	0.03404	0.03137	0.02544	0.01170	0.00886	0.00292	0.00718	0.00966	0.00886	0.01391
90	0.02321	0.59895	0.10536	0.01632	0.02417	0.06523	0.01677	0.02672	0.01815	0.02128	0.01255	0.01453	0.01118	0.00762	0.00599	0.00198	0.01002	0.00489	0.00377	0.01131
91	0.09911	0.48552	0.03778	0.01624	0.02284	0.17016	0.01480	0.02799	0.01897	0.02258	0.01243	0.01439	0.01103	0.00786	0.00608	0.00203	0.01048	0.00488	0.00407	0.01078
92	0.01922	0.01007	0.01356	0.01359	0.01605	0.00927	0.01026	0.02159	0.01932	0.19467	0.04270	0.36503	0.04481	0.06350	0.01270	0.00370	0.00644	0.11559	0.00866	0.00928
93	0.02644	0.01952	0.02090	0.01728	0.02280	0.02160	0.01386	0.28941	0.25094	0.07121	0.03084	0.02974	0.04945	0.01150	0.00859	0.00270	0.00771	0.00916	0.08292	0.01343
94	0.01268	0.00846	0.00951	0.00951	0.00951	0.00846	0.00529	0.01268	0.01268	0.01691	0.02748	0.05708	0.03171	0.69345	0.04440	0.00846	0.00846	0.01268	0.00529	0.00529
95	0.01750	0.04512	0.64825	0.02486	0.03775	0.02026	0.03223	0.02762	0.01842	0.02762	0.01565	0.01842	0.01105	0.00829	0.00829	0.00276	0.01289	0.00645	0.00368	0.01289
96	0.01100	0.00886	0.00979	0.00956	0.01220	0.00766	0.00717	0.01385	0.02151	0.02743	0.27308	0.07759	0.44836	0.02065	0.01030	0.00288	0.00432	0.01752	0.00861	0.00766
97	0.01246	0.00935	0.01402	0.01402	0.01558	0.01090	0.01090	0.01558	0.01402	0.02025	0.02336	0.03427	0.02181	0.06542	0.65888	0.01402	0.02336	0.00935	0.00467	0.00779
98	0.02332	0.69869	0.04571	0.01493	0.02239	0.03451	0.01493	0.02612	0.01772	0.02052	0.01213	0.01399	0.01119	0.00746	0.00560	0.00187	0.00933	0.00466	0.00373	0.01119
99	0.01945	0.01146	0.01180	0.01065	0.01368	0.01205	0.00828	0.12436	0.04971	0.03662	0.02746	0.03050	0.02124	0.01029	0.00668	0.00218	0.00516	0.00816	0.58071	0.00956
100	0.01063	0.00759	0.01012	0.01215	0.01265	0.00709	0.00810	0.01215	0.01670	0.02227	0.04808	0.68775	0.05769	0.02733	0.01113	0.00354	0.00506	0.02480	0.00810	0.00709
101	0.01945	0.02131	0.04448	0.21240	0.04959	0.02132	0.44625	0.02638	0.01972	0.02638	0.01705	0.02345	0.01279	0.00773	0.00986	0.00293	0.01386	0.00959	0.00426	0.01119
102	0.03258	0.04157	0.02472	0.02247	0.02697	0.65843	0.01685	0.03483	0.02472	0.02135	0.01348	0.01573	0.01124	0.00899	0.00787	0.00225	0.01573	0.00562	0.00449	0.01011
103	0.01870	0.01759	0.02888	0.12678	0.43334	0.01785	0.02238	0.02346	0.01981	0.02728	0.06071	0.03359	0.11111	0.01061	0.00899	0.00269	0.00929	0.00981	0.00512	0.01199
104	0.01687	0.01437	0.01520	0.01403	0.01799	0.01545	0.01080	0.03180	0.35712	0.03193	0.11404	0.05336	0.23979	0.01594	0.00951	0.00293	0.00577	0.01337	0.00868	0.01105
105	0.01063	0.00759	0.01012	0.01215	0.01265	0.00709	0.00810	0.01215	0.01670	0.02227	0.04808	0.68775	0.05769	0.02733	0.01113	0.00354	0.00506	0.02480	0.00810	0.00709
106	0.01046	0.00875	0.00910	0.00920	0.01192	0.00740	0.00683	0.01274	0.01995	0.02418	0.11936	0.12564	0.56018	0.02220	0.01037	0.00298	0.00445	0.01870	0.00819	0.00740
107	0.02083	0.01965	0.03325	0.04976	0.57644	0.01965	0.02549	0.02589	0.01988	0.02826	0.01941	0.02933	0.01748	0.00942	0.00898	0.00273	0.01013	0.06548	0.00469	0.01323
108	0.02024	0.01935	0.03297	0.21683	0.48629	0.02037	0.02610	0.02559	0.01922	0.02686	0.01617	0.02203	0.01324	0.00802	0.00866	0.00267	0.01070	0.00777	0.00420	0.01273
109	0.02159	0.02073	0.03541	0.05354	0.63903	0.02073	0.02677	0.02677	0.01986	0.02850	0.01641	0.02159	0.01382	0.00777	0.00864	0.00259	0.01036	0.00777	0.00432	0.01382
110	0.03258	0.04157	0.02472	0.02247	0.02697	0.65843	0.01685	0.03483	0.02472	0.02135	0.01348	0.01573	0.01124	0.00899	0.00787	0.00225	0.01573	0.00562	0.00449	0.01011
111	0.01835	0.03915	0.48337	0.02815	0.03992	0.02076	0.19112	0.02771	0.01902	0.02771	0.01620	0.01983	0.01165	0.00803	0.00884	0.00281	0.01339	0.00751	0.00388	0.01258
112	0.01808	0.11100	0.58752	0.02386	0.03620	0.02169	0.03048	0.02747	0.01835	0.02691	0.01530	0.01797	0.01106	0.00820	0.00802	0.00267	0.01253	0.00627	0.00369	0.01272
113	0.01154	0.00811	0.00971	0.01060	0.01112	0.00774	0.00666	0.01243	0.01517	0.01994	0.04267	0.33685	0.10398	0.33314	0.02635	0.00574	0.00656	0.01858	0.00680	0.00629
114	0.11172	0.02931	0.32072	0.12362	0.03452	0.01853	0.04755	0.02456	0.01865	0.02913	0.10979	0.02603	0.02195	0.01004	0.00921	0.00282	0.03788	0.00807	0.00488	0.01105
115	0.03914	0.01484	0.02024	0.01552	0.02227	0.01282	0.01282	0.04251	0.02497	0.64507	0.03441	0.02969	0.02159	0.01080	0.00877	0.00270	0.00742	0.00877	0.01080	0.01484
116	0.01889	0.20202	0.50360	0.02248	0.03406	0.02368	0.02807	0.02726	0.01825	0.02592	0.01481	0.01735	0.01108	0.00809	0.00764	0.00255	0.01204	0.00602	0.00369	0.01248
117	0.22360	0.19400	0.28939	0.01863	0.02763	0.06305	0.02083	0.02716	0.01765	0.02871	0.01370	0.01601	0.01065	0.00808	0.00682	0.00250	0.01051	0.00549	0.00422	0.01136
118	0.01051	0.00805	0.00965	0.01092	0.01233	0.00719	0.00755	0.01228	0.01788	0.02275	0.06299	0.46427	0.27155	0.02539	0.01083	0.00332	0.00482	0.02243	0.00810	0.00719
119	0.01268	0.00846	0.00951	0.00951	0.00951	0.00846	0.00529	0.01268	0.01268	0.01691	0.02748	0.05708	0.03171	0.69345	0.04440	0.00846	0.00846	0.01268	0.00529	0.00529
120	0.02018	0.01928	0.03285	0.22454	0.47908	0.02035	0.02607	0.02553	0.01919	0.02678	0.01616	0.02205	0.01321	0.00803	0.00866	0.00268	0.01071	0.00777	0.00420	0.01268
121	0.01750	0.04512	0.64825	0.02486	0.03775	0.02026	0.03223	0.02762	0.01842	0.02762	0.01565	0.01842	0.01105	0.00829	0.00829	0.00276	0.01289	0.00645	0.00368	0.01289
122	0.01307	0.00943	0.01287	0.01475	0.01649	0.00922	0.01229	0.01643	0.01933	0.02510	0.04922	0.22705	0.08813	0.02468	0.01174	0.00385	0.00715	0.42337	0.00805	0.00778
123	0.01177	0.00853	0.01040	0.01053	0.01192	0.00792	0.00725	0.01407	0.01945	0.02631	0.28604	0.19178	0.15063	0.18260	0.01865	0.00431	0.00540	0.01726	0.00803	0.00716
124	0.02041	0.24737	0.25319	0.02570	0.03548	0.02544	0.22123	0.02725	0.01893	0.02545	0.01520	0.01873	0.01184	0.00771	0.00810	0.00254	0.01236	0.00718	0.00395	0.01197
125	0.02159	0.02073	0.03541	0.05354	0.63903	0.02073	0.02677	0.02677	0.01986	0.02850	0.01641	0.02159	0.01382	0.00777	0.00864	0.00259	0.01036	0.00777	0.00432	0.01382
126	0.01204	0.00902	0.01149	0.01294	0.01479	0.00846	0.01030	0.01485	0.01908	0.02432	0.05856	0.25933	0.21661	0.02444	0.01130	0.00358	0.00619	0.26705	0.00807	0.00758
127	0.01933	0.01971	0.03788	0.06972	0.27611	0.01922	0.26274	0.02490	0.01958	0.02707	0.02150	0.11984	0.01989	0.01050	0.00969	0.00289	0.01143	0.01130	0.00489	0.01179

[dist]
# distance from previous block
# <min> <max>
0	4

# created by:
# /home/cegg/simao/soft/augustus-3.2.1/scripts/msa2prfl.pl ./align_prep/13349.fa
