[name]
unknown

[dist]
# distance from previous block
# <min> <max>
0	0

[block]
# block no. 0 follows, 21 sequences, length 7
# corresponding to MSA columns:
# 0-6
name=unknown_A
#
# <colnr> <probs for GDERKNQSTAVLIFYWHMCP>
#	G	D	E	R	K	N	Q	S	T	A	V	L	I	F	Y	W	H	M	C	P
0	0.01371	0.00980	0.01371	0.01567	0.01763	0.00980	0.01371	0.01763	0.01959	0.02547	0.04506	0.09599	0.04898	0.02351	0.01175	0.00392	0.00784	0.59056	0.00784	0.00784
1	0.01981	0.01894	0.03228	0.21009	0.49978	0.01989	0.02549	0.02502	0.01878	0.02628	0.01579	0.02147	0.01294	0.00782	0.00845	0.00261	0.01042	0.00758	0.00410	0.01247
2	0.01846	0.01924	0.08125	0.03686	0.39021	0.01719	0.02111	0.02505	0.06489	0.02988	0.17493	0.03225	0.03094	0.01038	0.00882	0.00261	0.00855	0.00958	0.00578	0.01203
3	0.16060	0.02101	0.02071	0.07436	0.02577	0.07322	0.01457	0.20104	0.25013	0.03881	0.02305	0.02318	0.01719	0.01002	0.00790	0.00269	0.00853	0.00764	0.00724	0.01234
4	0.02547	0.02829	0.02817	0.03503	0.30740	0.28521	0.02042	0.03196	0.10541	0.02601	0.01739	0.02019	0.01416	0.00861	0.00815	0.00244	0.01179	0.00700	0.00489	0.01200
5	0.01199	0.00877	0.01191	0.01446	0.05252	0.00849	0.00939	0.01377	0.01619	0.02160	0.04046	0.42389	0.04712	0.16633	0.01765	0.00448	0.00642	0.11037	0.00708	0.00710
6	0.01289	0.01120	0.01125	0.01189	0.01364	0.06037	0.00833	0.01606	0.06018	0.02255	0.05298	0.36775	0.21677	0.07781	0.01288	0.00354	0.00598	0.01895	0.00745	0.00754

[dist]
# distance from previous block
# <min> <max>
3	7

[block]
# block no. 1 follows, 21 sequences, length 11
# corresponding to MSA columns:
# 14-24
name=unknown_B
#
# <colnr> <probs for GDERKNQSTAVLIFYWHMCP>
#	G	D	E	R	K	N	Q	S	T	A	V	L	I	F	Y	W	H	M	C	P
0	0.13658	0.01635	0.01985	0.34349	0.03741	0.08182	0.01680	0.02213	0.01904	0.02730	0.16697	0.03045	0.02771	0.01060	0.00827	0.00270	0.00920	0.00878	0.00544	0.00911
1	0.18524	0.03100	0.02206	0.01904	0.02426	0.35874	0.01485	0.18924	0.02636	0.03328	0.01483	0.01639	0.01154	0.00897	0.00739	0.00238	0.01190	0.00588	0.00568	0.01097
2	0.05457	0.15808	0.36292	0.02865	0.18150	0.02239	0.02600	0.02639	0.01802	0.02643	0.01466	0.01773	0.01139	0.00781	0.00755	0.00249	0.01106	0.00620	0.00383	0.01233
3	0.06135	0.01890	0.09119	0.17706	0.03146	0.01647	0.01652	0.05518	0.09888	0.07430	0.05002	0.02373	0.01767	0.00884	0.00774	0.00232	0.00840	0.00725	0.00583	0.22691
4	0.05452	0.01222	0.01534	0.14092	0.02366	0.01259	0.01186	0.05533	0.04983	0.11070	0.09435	0.11224	0.20616	0.01537	0.00904	0.00280	0.00660	0.01298	0.04399	0.00948
5	0.01693	0.01591	0.02562	0.23022	0.31844	0.01670	0.02066	0.02147	0.01867	0.02483	0.03258	0.03614	0.16418	0.01121	0.00884	0.00270	0.00909	0.01007	0.00497	0.01076
6	0.01976	0.02084	0.04098	0.04044	0.28273	0.01997	0.33748	0.02572	0.01975	0.02717	0.02169	0.02643	0.05848	0.00837	0.00940	0.00273	0.01194	0.00963	0.00453	0.01197
7	0.02183	0.02328	0.02869	0.27632	0.27982	0.17675	0.02285	0.02642	0.01966	0.02388	0.01499	0.02027	0.01208	0.00821	0.00827	0.00256	0.01184	0.00706	0.00410	0.01112
8	0.06032	0.01613	0.02399	0.29179	0.18536	0.01733	0.01925	0.05263	0.01887	0.02717	0.02007	0.02476	0.04827	0.00883	0.00795	0.00247	0.00919	0.00765	0.04239	0.11557
9	0.06923	0.02957	0.02183	0.01917	0.02412	0.35390	0.01498	0.13875	0.05565	0.02967	0.01890	0.02540	0.01626	0.01039	0.00803	0.00241	0.01174	0.06537	0.00582	0.07881
10	0.01748	0.01269	0.01722	0.02085	0.16499	0.01351	0.01248	0.05125	0.01794	0.02811	0.02280	0.03117	0.01989	0.11552	0.04846	0.00383	0.06312	0.00852	0.32089	0.00929

[dist]
# distance from previous block
# <min> <max>
4	5

[block]
# block no. 2 follows, 21 sequences, length 11
# corresponding to MSA columns:
# 30-40
name=unknown_C
#
# <colnr> <probs for GDERKNQSTAVLIFYWHMCP>
#	G	D	E	R	K	N	Q	S	T	A	V	L	I	F	Y	W	H	M	C	P
0	0.11343	0.01129	0.01265	0.01236	0.01502	0.01155	0.00941	0.07289	0.04978	0.03034	0.16926	0.21418	0.12624	0.01914	0.01057	0.03591	0.00573	0.06404	0.00776	0.00844
1	0.02060	0.02009	0.02756	0.39046	0.19567	0.09419	0.02272	0.07960	0.02054	0.02607	0.01561	0.02124	0.01211	0.00847	0.00839	0.00266	0.01132	0.00734	0.00439	0.01095
2	0.01733	0.01641	0.02780	0.52219	0.20707	0.01924	0.02426	0.02285	0.01761	0.02327	0.01535	0.02228	0.01188	0.00827	0.00849	0.00276	0.01103	0.00757	0.00389	0.01047
3	0.01337	0.01098	0.01734	0.21997	0.02863	0.01320	0.01466	0.01722	0.01471	0.02037	0.02042	0.03011	0.01820	0.04671	0.46341	0.01032	0.01925	0.00864	0.00432	0.00817
4	0.01851	0.11229	0.30037	0.01898	0.02646	0.10354	0.02057	0.02449	0.01775	0.02419	0.01737	0.02173	0.01412	0.02033	0.15036	0.00484	0.01394	0.00674	0.07291	0.01051
5	0.02349	0.03163	0.21900	0.02064	0.02809	0.15969	0.02011	0.13352	0.07618	0.03069	0.01706	0.01905	0.01306	0.00922	0.00948	0.00247	0.06513	0.00658	0.00527	0.10962
6	0.02206	0.02011	0.02390	0.02334	0.10512	0.05329	0.01668	0.10287	0.24015	0.03145	0.02175	0.02363	0.01729	0.01118	0.01341	0.00285	0.18510	0.00798	0.00627	0.07153
7	0.01985	0.01942	0.02214	0.22341	0.10752	0.13451	0.01800	0.07793	0.02147	0.02605	0.02977	0.04110	0.10151	0.01285	0.00910	0.00284	0.01022	0.10680	0.00561	0.00991
8	0.01294	0.01118	0.01595	0.27083	0.03018	0.01198	0.01358	0.01697	0.01974	0.02553	0.20988	0.05386	0.24461	0.01534	0.00945	0.00281	0.00697	0.01321	0.00670	0.00830
9	0.02516	0.02366	0.02073	0.01790	0.02263	0.18287	0.01397	0.18765	0.21649	0.03634	0.13308	0.03028	0.02878	0.01153	0.00862	0.00259	0.00911	0.00908	0.00767	0.01186
10	0.02335	0.01771	0.01941	0.01948	0.10172	0.09274	0.01335	0.12987	0.02548	0.14014	0.16820	0.04190	0.14389	0.01337	0.00902	0.00261	0.00774	0.01109	0.00787	0.01107

[dist]
# distance from previous block
# <min> <max>
8	67

[block]
# block no. 3 follows, 21 sequences, length 10
# corresponding to MSA columns:
# 112-121
name=unknown_D
#
# <colnr> <probs for GDERKNQSTAVLIFYWHMCP>
#	G	D	E	R	K	N	Q	S	T	A	V	L	I	F	Y	W	H	M	C	P
0	0.02130	0.02376	0.20320	0.20148	0.15791	0.01745	0.02311	0.02736	0.01933	0.14828	0.02323	0.02583	0.05160	0.00939	0.00848	0.00270	0.01022	0.00803	0.00538	0.01197
1	0.12029	0.02722	0.10903	0.16006	0.03430	0.19292	0.07678	0.03042	0.11697	0.02711	0.01749	0.02039	0.01337	0.00880	0.00797	0.00263	0.01151	0.00701	0.00494	0.01078
2	0.02221	0.20894	0.18319	0.01780	0.02464	0.10473	0.01784	0.02678	0.01848	0.10573	0.01817	0.02137	0.01454	0.02069	0.15408	0.00483	0.01358	0.00665	0.00484	0.01093
3	0.02182	0.37957	0.03201	0.01587	0.02101	0.16078	0.01391	0.02452	0.01776	0.02012	0.01504	0.01930	0.01370	0.02272	0.18290	0.00507	0.01408	0.00597	0.00404	0.00981
4	0.01014	0.00830	0.00896	0.00948	0.01172	0.00711	0.00685	0.01212	0.01857	0.02265	0.07570	0.24596	0.48711	0.02292	0.01027	0.00303	0.00448	0.01963	0.00790	0.00711
5	0.01089	0.00802	0.00981	0.01061	0.01182	0.00736	0.00725	0.01279	0.01789	0.02363	0.16460	0.36127	0.18213	0.11378	0.01487	0.00383	0.00507	0.01964	0.00781	0.00695
6	0.02112	0.02091	0.03265	0.13343	0.52817	0.06333	0.02514	0.02606	0.01938	0.02653	0.01570	0.02090	0.01303	0.00778	0.00839	0.00255	0.01062	0.00744	0.00417	0.01270
7	0.01216	0.00912	0.01368	0.01368	0.01520	0.01064	0.01064	0.01520	0.01368	0.01976	0.02279	0.03343	0.02127	0.06382	0.66720	0.01368	0.02279	0.00912	0.00456	0.00760
8	0.01360	0.01108	0.01580	0.01498	0.01597	0.01369	0.01165	0.01598	0.01336	0.01948	0.02079	0.03316	0.02036	0.13812	0.44424	0.01078	0.16568	0.00919	0.00446	0.00765
9	0.02275	0.70604	0.04459	0.01456	0.02184	0.03367	0.01456	0.02548	0.01729	0.02002	0.01183	0.01365	0.01092	0.00728	0.00546	0.00182	0.00910	0.00455	0.00364	0.01092

[dist]
# distance from previous block
# <min> <max>
0	2

[block]
# block no. 4 follows, 21 sequences, length 56
# corresponding to MSA columns:
# 124-179
name=unknown_E
#
# <colnr> <probs for GDERKNQSTAVLIFYWHMCP>
#	G	D	E	R	K	N	Q	S	T	A	V	L	I	F	Y	W	H	M	C	P
0	0.03179	0.04056	0.02412	0.02192	0.02631	0.66676	0.01644	0.03398	0.02412	0.02083	0.01315	0.01535	0.01096	0.00877	0.00767	0.00219	0.01535	0.00548	0.00438	0.00987
1	0.02106	0.02022	0.03454	0.05223	0.64784	0.02022	0.02612	0.02612	0.01938	0.02780	0.01601	0.02106	0.01348	0.00758	0.00842	0.00253	0.01011	0.00758	0.00421	0.01348
2	0.03186	0.03836	0.02430	0.02162	0.02632	0.58249	0.01641	0.11102	0.02621	0.02514	0.01411	0.01602	0.01142	0.00896	0.00778	0.00224	0.01456	0.00577	0.00493	0.01047
3	0.01090	0.00860	0.00983	0.00963	0.01204	0.00753	0.00718	0.01381	0.02124	0.02761	0.31846	0.09943	0.38341	0.02002	0.01008	0.00281	0.00421	0.01714	0.00852	0.00753
4	0.01006	0.00862	0.00862	0.00862	0.01149	0.00718	0.00647	0.01221	0.01940	0.02299	0.08621	0.08190	0.64438	0.02155	0.01006	0.00287	0.00431	0.01796	0.00790	0.00718
5	0.01923	0.01835	0.03124	0.28251	0.43186	0.01974	0.02521	0.02451	0.01851	0.02558	0.01568	0.02166	0.01270	0.00792	0.00846	0.00264	0.01056	0.00758	0.00405	0.01200
6	0.02203	0.01809	0.01927	0.01721	0.02211	0.02073	0.01342	0.04503	0.60164	0.06693	0.03458	0.03161	0.02573	0.01149	0.00865	0.00287	0.00676	0.00957	0.00875	0.01352
7	0.02117	0.01828	0.01924	0.01732	0.02213	0.02117	0.01347	0.04522	0.63246	0.03560	0.03464	0.03175	0.02598	0.01155	0.00866	0.00289	0.00673	0.00962	0.00866	0.01347
8	0.08360	0.03146	0.02369	0.16593	0.03269	0.41087	0.01745	0.08926	0.02342	0.02563	0.01422	0.01736	0.01127	0.00879	0.00776	0.00240	0.01320	0.00609	0.00473	0.01019
9	0.01265	0.00984	0.01461	0.01433	0.01574	0.01181	0.01124	0.01560	0.01363	0.01981	0.02191	0.03231	0.02051	0.06012	0.61880	0.01292	0.07296	0.00899	0.00450	0.00773
10	0.01006	0.00862	0.00862	0.00862	0.01149	0.00718	0.00647	0.01221	0.01940	0.02299	0.08621	0.08190	0.64438	0.02155	0.01006	0.00287	0.00431	0.01796	0.00790	0.00718
11	0.01037	0.00741	0.00987	0.01185	0.01234	0.00691	0.00790	0.01185	0.01629	0.02172	0.04690	0.69537	0.05629	0.02666	0.01086	0.00346	0.00494	0.02419	0.00790	0.00691
12	0.01897	0.01808	0.03076	0.31595	0.40050	0.01967	0.02507	0.02428	0.01839	0.02526	0.01564	0.02175	0.01258	0.00797	0.00846	0.00266	0.01063	0.00757	0.00403	0.01179
13	0.01578	0.03750	0.53751	0.02138	0.03217	0.01745	0.02684	0.02424	0.01823	0.02622	0.02833	0.02974	0.12741	0.01056	0.00845	0.00273	0.01106	0.00844	0.00439	0.01158
14	0.01862	0.01862	0.02607	0.02234	0.02234	0.02607	0.01862	0.02048	0.01303	0.02048	0.01117	0.01862	0.01117	0.01489	0.02793	0.00372	0.68535	0.00745	0.00372	0.00931
15	0.01030	0.00767	0.00960	0.01114	0.01216	0.00697	0.00758	0.01193	0.01698	0.02200	0.05556	0.56025	0.18582	0.02554	0.01068	0.00333	0.00480	0.02282	0.00790	0.00697
16	0.02696	0.02870	0.02489	0.22927	0.03652	0.31554	0.01865	0.16426	0.02552	0.02863	0.01544	0.01883	0.01189	0.00902	0.00813	0.00248	0.01271	0.00664	0.00514	0.01079
17	0.01861	0.27221	0.11290	0.16860	0.03101	0.05661	0.01810	0.02300	0.01688	0.02131	0.01552	0.02074	0.01328	0.02020	0.15237	0.00480	0.01342	0.00652	0.00391	0.01002
18	0.02035	0.02135	0.01512	0.01420	0.01673	0.27431	0.01015	0.02226	0.01940	0.02205	0.06178	0.04017	0.10693	0.20269	0.01776	0.00396	0.00980	0.00991	0.10321	0.00785
19	0.01027	0.00840	0.00906	0.00937	0.01174	0.00720	0.00685	0.01244	0.01918	0.02360	0.12116	0.19343	0.49343	0.02218	0.01020	0.00297	0.00440	0.01891	0.00801	0.00720
20	0.01228	0.00864	0.01126	0.01126	0.01194	0.00932	0.00762	0.01364	0.01296	0.01796	0.02501	0.04569	0.02660	0.41463	0.32367	0.01069	0.01479	0.01091	0.00489	0.00625
21	0.01051	0.00864	0.00924	0.00909	0.01177	0.00738	0.00682	0.01308	0.02046	0.02551	0.21207	0.07776	0.51695	0.02061	0.01005	0.00283	0.00424	0.01738	0.00823	0.00738
22	0.02839	0.03295	0.02755	0.03148	0.22548	0.41785	0.01953	0.06961	0.02363	0.02520	0.01454	0.01751	0.01200	0.00848	0.00797	0.00232	0.01328	0.00630	0.00460	0.01132
23	0.01942	0.02760	0.18383	0.03331	0.04279	0.02113	0.48797	0.02719	0.01962	0.02719	0.01679	0.02186	0.01244	0.00737	0.00961	0.00283	0.01396	0.00922	0.00415	0.01172
24	0.01858	0.01888	0.02671	0.21876	0.19583	0.10212	0.07931	0.02286	0.01871	0.02375	0.02230	0.16949	0.02190	0.01217	0.00905	0.00281	0.01044	0.01121	0.00493	0.01020
25	0.10493	0.03572	0.02316	0.02051	0.02533	0.50901	0.01568	0.11798	0.02546	0.02732	0.01408	0.01593	0.01130	0.00889	0.00755	0.00229	0.01360	0.00571	0.00507	0.01047
26	0.02376	0.01997	0.01733	0.01582	0.01968	0.17872	0.01241	0.09107	0.09078	0.09643	0.03053	0.07602	0.04989	0.01320	0.00848	0.00265	0.00867	0.08751	0.14674	0.01033
27	0.01238	0.00825	0.00928	0.00928	0.00928	0.00825	0.00516	0.01238	0.01238	0.01650	0.02681	0.05569	0.03094	0.70092	0.04331	0.00825	0.00825	0.01238	0.00516	0.00516
28	0.01327	0.01082	0.01397	0.01385	0.01542	0.04716	0.01060	0.01606	0.01417	0.01960	0.02252	0.03390	0.02134	0.10307	0.58889	0.01267	0.02141	0.00913	0.00459	0.00756
29	0.03102	0.03788	0.02383	0.02144	0.02600	0.58005	0.01620	0.06942	0.07111	0.02388	0.01521	0.01689	0.01231	0.00907	0.00780	0.00227	0.01434	0.00592	0.00495	0.01041
30	0.01217	0.00907	0.01343	0.01343	0.01487	0.01050	0.01033	0.01504	0.01360	0.01957	0.02302	0.03468	0.02182	0.09944	0.63232	0.01337	0.02198	0.00930	0.00459	0.00746
31	0.01238	0.00825	0.00928	0.00928	0.00928	0.00825	0.00516	0.01238	0.01238	0.01650	0.02681	0.05569	0.03094	0.70092	0.04331	0.00825	0.00825	0.01238	0.00516	0.00516
32	0.01216	0.00912	0.01368	0.01368	0.01520	0.01064	0.01064	0.01520	0.01368	0.01976	0.02279	0.03343	0.02127	0.06382	0.66720	0.01368	0.02279	0.00912	0.00456	0.00760
33	0.03179	0.04056	0.02412	0.02192	0.02631	0.66676	0.01644	0.03398	0.02412	0.02083	0.01315	0.01535	0.01096	0.00877	0.00767	0.00219	0.01535	0.00548	0.00438	0.00987
34	0.03532	0.01908	0.02260	0.01732	0.02402	0.01933	0.01431	0.32559	0.03205	0.35875	0.02711	0.02477	0.01782	0.01038	0.00854	0.00259	0.00829	0.00812	0.00954	0.01448
35	0.01222	0.00885	0.01234	0.01234	0.01339	0.00991	0.00897	0.01434	0.01328	0.01876	0.02402	0.04022	0.02422	0.25803	0.47702	0.01202	0.01836	0.01011	0.00474	0.00685
36	0.01765	0.01513	0.01765	0.01260	0.02017	0.01134	0.01008	0.02143	0.01765	0.02773	0.01513	0.01765	0.01260	0.00630	0.00630	0.00126	0.00630	0.00504	0.00504	0.75295
37	0.01747	0.01323	0.01513	0.01327	0.01521	0.01461	0.00962	0.15251	0.01972	0.02639	0.03111	0.04618	0.10530	0.36298	0.02894	0.00564	0.09709	0.01138	0.00610	0.00810
38	0.01158	0.00854	0.00997	0.00969	0.01135	0.00785	0.00673	0.01388	0.01929	0.02574	0.30250	0.06645	0.22604	0.22088	0.01989	0.00438	0.00535	0.01523	0.00770	0.00694
39	0.01025	0.00835	0.00907	0.00948	0.01176	0.00717	0.00689	0.01236	0.01896	0.02336	0.11011	0.22137	0.47632	0.02248	0.01024	0.00300	0.00444	0.01924	0.00799	0.00717
40	0.02876	0.03450	0.02315	0.02093	0.02518	0.49093	0.01590	0.03575	0.15753	0.02406	0.01778	0.01913	0.01428	0.00970	0.00895	0.00243	0.04862	0.00650	0.00529	0.01063
41	0.02499	0.02811	0.02933	0.10265	0.33200	0.28723	0.02187	0.02893	0.02110	0.02431	0.01474	0.01886	0.01223	0.00817	0.00812	0.00242	0.01240	0.00671	0.00424	0.01158
42	0.01216	0.00912	0.01368	0.01368	0.01520	0.01064	0.01064	0.01520	0.01368	0.01976	0.02279	0.03343	0.02127	0.06382	0.66720	0.01368	0.02279	0.00912	0.00456	0.00760
43	0.01131	0.00845	0.01054	0.01079	0.01264	0.00768	0.00798	0.01431	0.02097	0.02823	0.34408	0.21442	0.20181	0.02083	0.01033	0.00297	0.00452	0.05197	0.00861	0.00757
44	0.02844	0.02720	0.02508	0.17175	0.03375	0.22988	0.01797	0.29490	0.02965	0.03581	0.01688	0.01932	0.01263	0.00936	0.00824	0.00250	0.01174	0.00694	0.00611	0.01185
45	0.01649	0.01617	0.02891	0.14581	0.03313	0.01849	0.18830	0.02096	0.01600	0.02242	0.01736	0.02536	0.01494	0.02718	0.22405	0.00650	0.15559	0.00875	0.00417	0.00941
46	0.01468	0.00941	0.01125	0.01037	0.01325	0.00828	0.00785	0.01766	0.02168	0.11030	0.30685	0.06620	0.30207	0.04853	0.01133	0.00300	0.00475	0.01541	0.00873	0.00840
47	0.02108	0.01996	0.03253	0.04764	0.56550	0.02034	0.02445	0.02863	0.10005	0.02883	0.01846	0.02247	0.01512	0.00810	0.00846	0.00257	0.00967	0.00785	0.00480	0.01348
48	0.18552	0.11944	0.30008	0.10937	0.03378	0.02146	0.06749	0.02564	0.01713	0.02789	0.01418	0.01748	0.01068	0.00793	0.00731	0.00260	0.01074	0.00614	0.00406	0.01110
49	0.19364	0.02460	0.02388	0.05876	0.02663	0.20424	0.08669	0.10444	0.02163	0.03008	0.01975	0.02238	0.05926	0.01014	0.00978	0.00267	0.07854	0.00738	0.00528	0.01023
50	0.05209	0.01098	0.01554	0.13234	0.05927	0.01207	0.01265	0.01660	0.01610	0.02241	0.03626	0.09057	0.15832	0.03567	0.28277	0.00737	0.01375	0.01160	0.00543	0.00822
51	0.01568	0.01926	0.16481	0.01790	0.02357	0.01265	0.08951	0.02034	0.01814	0.05822	0.05921	0.29519	0.03356	0.01580	0.00932	0.00282	0.00813	0.01437	0.00627	0.11527
52	0.01841	0.01500	0.02110	0.05999	0.20083	0.01547	0.01587	0.12930	0.02232	0.03025	0.07123	0.15619	0.06083	0.06703	0.01207	0.00332	0.00806	0.07575	0.00662	0.01039
53	0.02307	0.11799	0.11287	0.01858	0.02403	0.22772	0.01628	0.07377	0.11115	0.02640	0.02319	0.14345	0.02174	0.01229	0.00824	0.00258	0.01050	0.00969	0.00576	0.01072
54	0.30130	0.02139	0.01830	0.01881	0.08222	0.18531	0.01324	0.02600	0.01772	0.05515	0.01595	0.01992	0.01326	0.02053	0.15215	0.00494	0.01281	0.00630	0.00500	0.00968
55	0.02385	0.18788	0.02739	0.02211	0.10417	0.29696	0.01552	0.02640	0.02028	0.02174	0.02015	0.15539	0.02059	0.01194	0.00791	0.00241	0.01105	0.00938	0.00491	0.00998

[dist]
# distance from previous block
# <min> <max>
5	34

[block]
# block no. 5 follows, 21 sequences, length 28
# corresponding to MSA columns:
# 214-241
name=unknown_F
#
# <colnr> <probs for GDERKNQSTAVLIFYWHMCP>
#	G	D	E	R	K	N	Q	S	T	A	V	L	I	F	Y	W	H	M	C	P
0	0.02069	0.01669	0.02120	0.01879	0.06174	0.01675	0.05847	0.21005	0.06263	0.03429	0.03034	0.15225	0.07295	0.05123	0.01075	0.00289	0.00785	0.01165	0.00701	0.13176
1	0.02368	0.02445	0.08837	0.02571	0.17287	0.15537	0.01781	0.02920	0.05691	0.10024	0.05863	0.02311	0.01840	0.00884	0.00793	0.00226	0.00978	0.00722	0.00569	0.16354
2	0.01649	0.01704	0.06537	0.02146	0.06293	0.01554	0.13183	0.02077	0.01632	0.02387	0.01811	0.02584	0.01605	0.06519	0.20369	0.00602	0.08286	0.00812	0.00448	0.17802
3	0.02671	0.02567	0.02785	0.03211	0.26003	0.18040	0.01965	0.21453	0.02670	0.03374	0.01712	0.02022	0.01366	0.01218	0.04899	0.00314	0.01195	0.00719	0.00563	0.01254
4	0.08651	0.08084	0.02362	0.01843	0.02370	0.30124	0.01463	0.21222	0.02729	0.03254	0.02268	0.02348	0.07669	0.01034	0.00782	0.00238	0.01119	0.00729	0.00604	0.01105
5	0.02960	0.03566	0.02641	0.02284	0.02729	0.50168	0.06234	0.07822	0.02393	0.02387	0.01383	0.01666	0.01141	0.00939	0.00999	0.00243	0.08332	0.00620	0.00464	0.01029
6	0.01690	0.19834	0.22716	0.06866	0.02828	0.02021	0.05439	0.02236	0.01730	0.02310	0.02472	0.02820	0.09266	0.01897	0.11917	0.00437	0.01239	0.00812	0.00437	0.01033
7	0.02004	0.16728	0.46027	0.02214	0.03266	0.10637	0.02634	0.02759	0.01864	0.02486	0.01435	0.01682	0.01083	0.00802	0.00754	0.00247	0.01229	0.00586	0.00370	0.01192
8	0.09518	0.01652	0.01506	0.01356	0.01760	0.09561	0.01065	0.09716	0.07125	0.06484	0.09414	0.05140	0.25935	0.01552	0.00898	0.00276	0.00711	0.04610	0.00758	0.00965
9	0.02297	0.02867	0.13136	0.03609	0.32206	0.17368	0.02309	0.03053	0.09759	0.02699	0.01756	0.02055	0.01402	0.00845	0.00822	0.00252	0.01133	0.00713	0.00471	0.01247
10	0.02283	0.02478	0.02744	0.19551	0.18826	0.21636	0.04784	0.02891	0.07552	0.02482	0.01660	0.02058	0.01322	0.00844	0.00819	0.00248	0.01168	0.00709	0.00461	0.05484
11	0.01645	0.01213	0.01419	0.01305	0.01548	0.01253	0.00938	0.12716	0.05314	0.02695	0.02944	0.19479	0.03102	0.23942	0.10300	0.00589	0.00926	0.01319	0.00654	0.06698
12	0.01037	0.00741	0.00987	0.01185	0.01234	0.00691	0.00790	0.01185	0.01629	0.02172	0.04690	0.69537	0.05629	0.02666	0.01086	0.00346	0.00494	0.02419	0.00790	0.00691
13	0.10718	0.01922	0.02184	0.01787	0.02211	0.07025	0.07043	0.22422	0.02386	0.03357	0.01949	0.02786	0.01725	0.15501	0.08392	0.00493	0.05622	0.00846	0.00601	0.01029
14	0.01212	0.00957	0.01113	0.01181	0.01372	0.00936	0.00842	0.01757	0.11773	0.02490	0.08324	0.39123	0.21248	0.02238	0.01025	0.00317	0.00502	0.01972	0.00809	0.00810
15	0.01193	0.00824	0.01026	0.01112	0.01160	0.00816	0.00739	0.01305	0.01459	0.01944	0.03518	0.25481	0.04061	0.37571	0.05817	0.00646	0.00786	0.09294	0.00632	0.00616
16	0.01716	0.01677	0.02472	0.07146	0.02469	0.02216	0.05021	0.01955	0.01425	0.02115	0.01762	0.12925	0.01862	0.01590	0.02269	0.00357	0.48642	0.01032	0.00444	0.00905
17	0.01216	0.00912	0.01368	0.01368	0.01520	0.01064	0.01064	0.01520	0.01368	0.01976	0.02279	0.03343	0.02127	0.06382	0.66720	0.01368	0.02279	0.00912	0.00456	0.00760
18	0.01220	0.00893	0.01273	0.01273	0.01393	0.01013	0.00946	0.01459	0.01340	0.01906	0.02366	0.03821	0.02335	0.20044	0.53341	0.01251	0.01968	0.00982	0.00469	0.00707
19	0.03179	0.04056	0.02412	0.02192	0.02631	0.66676	0.01644	0.03398	0.02412	0.02083	0.01315	0.01535	0.01096	0.00877	0.00767	0.00219	0.01535	0.00548	0.00438	0.00987
20	0.07082	0.16563	0.03057	0.03004	0.27525	0.02149	0.01836	0.03120	0.08429	0.16095	0.02056	0.02184	0.01560	0.00858	0.00765	0.00244	0.00871	0.00717	0.00597	0.01288
21	0.02174	0.13427	0.03147	0.06374	0.16030	0.14268	0.06597	0.02520	0.01796	0.02259	0.01426	0.01942	0.01250	0.01372	0.06252	0.00352	0.16650	0.00698	0.00405	0.01062
22	0.02344	0.02306	0.02029	0.01831	0.02303	0.15961	0.01411	0.04281	0.50201	0.03243	0.03003	0.02823	0.02276	0.01095	0.00845	0.00274	0.00858	0.00873	0.00774	0.01270
23	0.02302	0.02410	0.03134	0.04404	0.48528	0.15838	0.02347	0.02741	0.02040	0.02620	0.01675	0.02332	0.01459	0.00858	0.00842	0.00252	0.01113	0.03421	0.00442	0.01244
24	0.02036	0.06603	0.02507	0.08782	0.02658	0.18623	0.06154	0.02307	0.01780	0.02145	0.02025	0.16332	0.02093	0.01411	0.01427	0.00299	0.20357	0.01056	0.00483	0.00922
25	0.06638	0.03129	0.37385	0.01944	0.02792	0.01833	0.02189	0.12008	0.02013	0.02977	0.01837	0.02619	0.01560	0.15699	0.01553	0.00386	0.01074	0.00771	0.00484	0.01108
26	0.01180	0.00894	0.01119	0.01233	0.01438	0.00832	0.00994	0.01471	0.01921	0.02441	0.08911	0.18696	0.26072	0.02304	0.01093	0.00342	0.00594	0.26924	0.00794	0.00747
27	0.02067	0.09544	0.47291	0.02299	0.03339	0.15960	0.02690	0.02834	0.01923	0.02509	0.01455	0.01707	0.01083	0.00817	0.00779	0.00252	0.01290	0.00598	0.00377	0.01187

[dist]
# distance from previous block
# <min> <max>
0	8

[block]
# block no. 6 follows, 21 sequences, length 16
# corresponding to MSA columns:
# 250-265
name=unknown_G
#
# <colnr> <probs for GDERKNQSTAVLIFYWHMCP>
#	G	D	E	R	K	N	Q	S	T	A	V	L	I	F	Y	W	H	M	C	P
0	0.02559	0.14983	0.12715	0.08190	0.11590	0.25668	0.02009	0.02986	0.02072	0.07423	0.01548	0.01800	0.01213	0.00836	0.00760	0.00234	0.01209	0.00617	0.00456	0.01131
1	0.12410	0.18022	0.22049	0.02209	0.08070	0.07951	0.02067	0.05250	0.01838	0.02695	0.01366	0.01667	0.01106	0.00880	0.00948	0.00255	0.09078	0.00591	0.00419	0.01129
2	0.12878	0.03234	0.07799	0.02272	0.07660	0.37607	0.01734	0.02926	0.02027	0.02415	0.01372	0.01772	0.01170	0.03563	0.01087	0.00271	0.08158	0.00607	0.00439	0.01008
3	0.01173	0.00833	0.00930	0.00934	0.01016	0.00793	0.00577	0.01256	0.01494	0.01940	0.08229	0.09149	0.17607	0.46888	0.03199	0.00643	0.00691	0.01440	0.00619	0.00589
4	0.01290	0.01159	0.01974	0.01709	0.02008	0.01071	0.15939	0.01595	0.01793	0.02359	0.06971	0.36171	0.15153	0.05177	0.01198	0.00340	0.00729	0.01864	0.00694	0.00806
5	0.02511	0.15883	0.03177	0.02729	0.14816	0.27650	0.04983	0.02818	0.01980	0.02233	0.01334	0.01710	0.01159	0.00920	0.01095	0.00248	0.12640	0.00629	0.00409	0.01077
6	0.01103	0.00815	0.00957	0.01011	0.01137	0.00749	0.00680	0.01267	0.01725	0.02246	0.13553	0.26866	0.22074	0.19717	0.01886	0.00441	0.00548	0.01816	0.00740	0.00669
7	0.01067	0.00865	0.00947	0.00927	0.01187	0.00745	0.00695	0.01340	0.02085	0.02643	0.25843	0.07623	0.47002	0.02027	0.01005	0.00281	0.00422	0.01717	0.00836	0.00745
8	0.02458	0.02483	0.02281	0.02451	0.13797	0.24094	0.01605	0.15640	0.02480	0.02959	0.02371	0.18711	0.02351	0.01333	0.00879	0.00265	0.01046	0.01102	0.00614	0.01082
9	0.02197	0.02877	0.15145	0.03816	0.29309	0.13302	0.15599	0.02789	0.02010	0.02631	0.01564	0.01991	0.01242	0.00779	0.00859	0.00258	0.01242	0.00752	0.00415	0.01224
10	0.02537	0.02274	0.02995	0.08687	0.34190	0.07608	0.02178	0.22597	0.02653	0.03544	0.01719	0.02050	0.01344	0.00864	0.00840	0.00253	0.01039	0.00743	0.00564	0.01320
11	0.01158	0.00855	0.01094	0.01150	0.01327	0.00791	0.00872	0.01463	0.02056	0.02763	0.29556	0.22989	0.16490	0.02148	0.01055	0.00312	0.00496	0.11819	0.00849	0.00757
12	0.02731	0.07717	0.02734	0.02562	0.11159	0.38951	0.01805	0.05565	0.02168	0.02312	0.01342	0.01685	0.01150	0.00969	0.01137	0.00251	0.13654	0.00617	0.00437	0.01054
13	0.01802	0.01374	0.01135	0.01096	0.01315	0.12292	0.00810	0.02126	0.01812	0.02751	0.02472	0.03110	0.02067	0.07427	0.06461	0.00354	0.00789	0.00799	0.49208	0.00800
14	0.01382	0.01142	0.01478	0.01367	0.01605	0.01143	0.01029	0.01629	0.01716	0.02473	0.11571	0.32341	0.04105	0.01829	0.01252	0.00285	0.12100	0.01534	0.00668	0.19351
15	0.03190	0.03713	0.02441	0.02144	0.02633	0.53562	0.01639	0.15388	0.02737	0.02755	0.01464	0.01639	0.01168	0.00907	0.00785	0.00227	0.01412	0.00593	0.00523	0.01081

[dist]
# distance from previous block
# <min> <max>
0	1

[block]
# block no. 7 follows, 21 sequences, length 16
# corresponding to MSA columns:
# 267-282
name=unknown_H
#
# <colnr> <probs for GDERKNQSTAVLIFYWHMCP>
#	G	D	E	R	K	N	Q	S	T	A	V	L	I	F	Y	W	H	M	C	P
0	0.03086	0.01343	0.01778	0.01428	0.01967	0.01213	0.01155	0.03588	0.07007	0.46406	0.17453	0.03717	0.03512	0.01220	0.00891	0.00266	0.00646	0.01022	0.01012	0.01292
1	0.15588	0.01973	0.02167	0.01799	0.02366	0.02221	0.05129	0.19369	0.32591	0.04035	0.02570	0.02499	0.01910	0.01027	0.00810	0.00275	0.00789	0.00823	0.00774	0.01285
2	0.01841	0.03551	0.42460	0.03199	0.16307	0.02016	0.13171	0.02683	0.01862	0.02718	0.01576	0.01946	0.01170	0.00782	0.00849	0.00269	0.01238	0.00720	0.00384	0.01257
3	0.01143	0.00792	0.00977	0.01060	0.01104	0.00762	0.00671	0.01253	0.01540	0.02076	0.10207	0.34592	0.04770	0.32254	0.02506	0.00548	0.00630	0.01805	0.00685	0.00626
4	0.01037	0.00741	0.00987	0.01185	0.01234	0.00691	0.00790	0.01185	0.01629	0.02172	0.04690	0.69537	0.05629	0.02666	0.01086	0.00346	0.00494	0.02419	0.00790	0.00691
5	0.01865	0.01776	0.03018	0.35615	0.36280	0.01958	0.02492	0.02400	0.01824	0.02487	0.01558	0.02185	0.01245	0.00803	0.00847	0.00268	0.01071	0.00757	0.00400	0.01153
6	0.20956	0.06526	0.01844	0.01390	0.01838	0.01890	0.01123	0.22862	0.02336	0.03683	0.01753	0.02085	0.01393	0.01317	0.01197	0.14905	0.00754	0.00665	0.10491	0.00992
7	0.01050	0.00810	0.00965	0.01080	0.01240	0.00725	0.00776	0.01246	0.01785	0.02255	0.06325	0.39085	0.30239	0.02427	0.01059	0.00325	0.00490	0.06617	0.00790	0.00710
8	0.02512	0.02823	0.02945	0.03689	0.33190	0.28097	0.02144	0.02869	0.02062	0.02423	0.01435	0.01851	0.01222	0.00883	0.01018	0.00252	0.08331	0.00672	0.00423	0.01159
9	0.02166	0.48379	0.12416	0.02322	0.14623	0.02919	0.01907	0.02580	0.01779	0.02247	0.01311	0.01567	0.01140	0.00745	0.00639	0.00207	0.00976	0.00537	0.00375	0.01164
10	0.03185	0.03876	0.02427	0.02167	0.02632	0.59803	0.01641	0.09682	0.02582	0.02435	0.01394	0.01589	0.01134	0.00892	0.00776	0.00223	0.01470	0.00572	0.00483	0.01036
11	0.01132	0.00867	0.01028	0.01065	0.01271	0.00785	0.00806	0.01398	0.01972	0.02547	0.20532	0.14371	0.30628	0.06983	0.01278	0.00344	0.00515	0.10940	0.00805	0.00732
12	0.01661	0.01595	0.02178	0.01920	0.02068	0.05900	0.05077	0.01934	0.01444	0.02058	0.01692	0.02539	0.01584	0.03622	0.31522	0.00809	0.30287	0.00824	0.00418	0.00870
13	0.01219	0.00800	0.01044	0.01138	0.01212	0.00767	0.00792	0.01257	0.01513	0.01978	0.03966	0.27771	0.10404	0.14312	0.02191	0.18469	0.00642	0.09286	0.00640	0.00599
14	0.09305	0.01803	0.01804	0.11064	0.02521	0.10261	0.01378	0.05676	0.15954	0.07353	0.03605	0.04136	0.12887	0.01327	0.00874	0.00284	0.00839	0.07191	0.00697	0.01043
15	0.02499	0.07802	0.02433	0.13651	0.02948	0.20226	0.01630	0.14317	0.04911	0.05826	0.02435	0.02619	0.08054	0.01089	0.00959	0.00258	0.05880	0.00800	0.00582	0.01082

[dist]
# distance from previous block
# <min> <max>
10	28

[block]
# block no. 8 follows, 21 sequences, length 34
# corresponding to MSA columns:
# 311-344
name=unknown_I
#
# <colnr> <probs for GDERKNQSTAVLIFYWHMCP>
#	G	D	E	R	K	N	Q	S	T	A	V	L	I	F	Y	W	H	M	C	P
0	0.05527	0.01849	0.09616	0.11232	0.14550	0.04205	0.01802	0.02426	0.01925	0.11473	0.03090	0.11134	0.07398	0.01359	0.00907	0.00291	0.00887	0.08643	0.00622	0.01064
1	0.01100	0.00826	0.00958	0.00994	0.01146	0.00750	0.00683	0.01288	0.01803	0.02339	0.16835	0.22210	0.26589	0.16588	0.01729	0.00412	0.00524	0.01781	0.00759	0.00685
2	0.01283	0.00806	0.00908	0.00936	0.00985	0.00799	0.00571	0.01388	0.01409	0.02047	0.02987	0.14158	0.03261	0.45871	0.03079	0.00624	0.00687	0.01312	0.16289	0.00599
3	0.01913	0.02892	0.22677	0.03182	0.04117	0.02122	0.41669	0.02684	0.01913	0.02684	0.01636	0.02129	0.01220	0.00781	0.01033	0.00286	0.04603	0.00882	0.00407	0.01170
4	0.02549	0.02999	0.02524	0.12089	0.16130	0.38318	0.01869	0.02878	0.02171	0.02261	0.02008	0.02310	0.06392	0.00954	0.00815	0.00241	0.01276	0.00725	0.00455	0.01035
5	0.01174	0.01000	0.01028	0.00997	0.01307	0.00922	0.00754	0.01711	0.10683	0.02537	0.10805	0.07381	0.52691	0.01991	0.00986	0.00287	0.00464	0.01664	0.00809	0.00812
6	0.01117	0.00877	0.01025	0.01077	0.01309	0.00785	0.00841	0.01391	0.01981	0.02499	0.15264	0.14143	0.37709	0.02188	0.01050	0.00313	0.00510	0.14366	0.00810	0.00742
7	0.02368	0.20941	0.29393	0.02066	0.02933	0.19985	0.02203	0.02929	0.01982	0.05751	0.01481	0.01675	0.01142	0.00820	0.00733	0.00233	0.01216	0.00575	0.00420	0.01152
8	0.02225	0.01814	0.02178	0.24776	0.10243	0.11636	0.01729	0.02648	0.01945	0.11422	0.02008	0.02403	0.01512	0.00926	0.00853	0.00252	0.03396	0.00746	0.16252	0.01035
9	0.01301	0.01090	0.01167	0.01153	0.01470	0.01062	0.00903	0.02022	0.15376	0.02610	0.06906	0.07291	0.42420	0.01964	0.00999	0.00302	0.00534	0.09756	0.00806	0.00865
10	0.02993	0.17992	0.02859	0.02015	0.02537	0.47282	0.01602	0.08692	0.02416	0.02372	0.01355	0.01546	0.01128	0.00859	0.00728	0.00215	0.01346	0.00549	0.00461	0.01052
11	0.02456	0.40600	0.06411	0.01801	0.02384	0.21140	0.01634	0.02736	0.01875	0.02062	0.01228	0.01492	0.01096	0.00865	0.00888	0.00219	0.09155	0.00524	0.00386	0.01050
12	0.01881	0.01624	0.01699	0.01548	0.01988	0.01821	0.01199	0.03823	0.50264	0.03293	0.04556	0.04237	0.15693	0.01366	0.00896	0.00288	0.00622	0.01139	0.00850	0.01214
13	0.03052	0.03791	0.02354	0.02138	0.02581	0.58989	0.01609	0.03532	0.09655	0.02259	0.01571	0.01730	0.01275	0.00910	0.00779	0.00228	0.01432	0.00597	0.00489	0.01029
14	0.02275	0.70604	0.04459	0.01456	0.02184	0.03367	0.01456	0.02548	0.01729	0.02002	0.01183	0.01365	0.01092	0.00728	0.00546	0.00182	0.00910	0.00455	0.00364	0.01092
15	0.01148	0.00887	0.01060	0.01073	0.01311	0.00799	0.00842	0.01466	0.02115	0.02754	0.28248	0.07787	0.32411	0.02040	0.01037	0.00300	0.00487	0.12628	0.00843	0.00762
16	0.03017	0.03796	0.02325	0.02124	0.02539	0.61251	0.01596	0.03243	0.02325	0.02074	0.01395	0.01684	0.01181	0.01332	0.06220	0.00314	0.01596	0.00578	0.00440	0.00968
17	0.02106	0.02022	0.03454	0.05223	0.64784	0.02022	0.02612	0.02612	0.01938	0.02780	0.01601	0.02106	0.01348	0.00758	0.00842	0.00253	0.01011	0.00758	0.00421	0.01348
18	0.02106	0.02022	0.03454	0.05223	0.64784	0.02022	0.02612	0.02612	0.01938	0.02780	0.01601	0.02106	0.01348	0.00758	0.00842	0.00253	0.01011	0.00758	0.00421	0.01348
19	0.01078	0.00865	0.00962	0.00937	0.01194	0.00749	0.00703	0.01360	0.02109	0.02701	0.28752	0.07528	0.44056	0.02005	0.01005	0.00280	0.00420	0.01703	0.00843	0.00749
20	0.01707	0.04402	0.65683	0.02426	0.03683	0.01976	0.03144	0.02695	0.01797	0.02695	0.01527	0.01797	0.01078	0.00809	0.00809	0.00270	0.01258	0.00629	0.00359	0.01258
21	0.01022	0.00853	0.00891	0.00903	0.01165	0.00722	0.00669	0.01244	0.01945	0.02363	0.12002	0.13140	0.55824	0.02170	0.01012	0.00291	0.00434	0.01830	0.00800	0.00722
22	0.01037	0.00741	0.00987	0.01185	0.01234	0.00691	0.00790	0.01185	0.01629	0.02172	0.04690	0.69537	0.05629	0.02666	0.01086	0.00346	0.00494	0.02419	0.00790	0.00691
23	0.01037	0.00741	0.00987	0.01185	0.01234	0.00691	0.00790	0.01185	0.01629	0.02172	0.04690	0.69537	0.05629	0.02666	0.01086	0.00346	0.00494	0.02419	0.00790	0.00691
24	0.01378	0.01172	0.01454	0.01436	0.01612	0.06488	0.01112	0.01675	0.01454	0.01984	0.02200	0.03194	0.02042	0.05927	0.61267	0.01273	0.02218	0.00882	0.00454	0.00779
25	0.01035	0.00749	0.00979	0.01163	0.01229	0.00693	0.00780	0.01187	0.01650	0.02181	0.04952	0.65457	0.09540	0.02632	0.01081	0.00342	0.00490	0.02378	0.00790	0.00693
26	0.02632	0.01864	0.02037	0.01657	0.02212	0.02004	0.01337	0.31019	0.16777	0.11110	0.06139	0.03488	0.11394	0.01254	0.00884	0.00269	0.00756	0.01006	0.00872	0.01289
27	0.02979	0.03568	0.02313	0.02100	0.02540	0.53155	0.01602	0.07257	0.06828	0.02439	0.01743	0.02257	0.01496	0.01011	0.00809	0.00239	0.01380	0.04736	0.00521	0.01029
28	0.01058	0.00864	0.00934	0.00917	0.01181	0.00740	0.00687	0.01322	0.02062	0.02590	0.23166	0.07711	0.49712	0.02047	0.01005	0.00282	0.00423	0.01729	0.00829	0.00740
29	0.01586	0.00793	0.00793	0.00793	0.00991	0.00793	0.00595	0.01983	0.01785	0.03173	0.02776	0.03173	0.02181	0.00991	0.00595	0.00198	0.00397	0.00793	0.74817	0.00793
30	0.02621	0.24398	0.12048	0.02002	0.02622	0.34582	0.01812	0.02964	0.02055	0.02143	0.01294	0.01538	0.01093	0.00855	0.00815	0.00223	0.04937	0.00542	0.00401	0.01054
31	0.12809	0.02922	0.14230	0.03055	0.21204	0.18507	0.07029	0.02802	0.01962	0.02729	0.01462	0.01802	0.01166	0.00794	0.00777	0.00246	0.01159	0.00648	0.00434	0.04264
32	0.13220	0.17373	0.02661	0.01826	0.02346	0.30031	0.01484	0.08616	0.07262	0.02741	0.01506	0.01674	0.01228	0.00895	0.00787	0.00233	0.03961	0.00579	0.00507	0.01070
33	0.02079	0.01487	0.01955	0.02150	0.15027	0.01509	0.01337	0.13493	0.04851	0.09435	0.14793	0.04051	0.05457	0.16690	0.01669	0.00389	0.00772	0.01077	0.00720	0.01060

[dist]
# distance from previous block
# <min> <max>
5	7

[block]
# block no. 9 follows, 21 sequences, length 15
# corresponding to MSA columns:
# 352-366
name=unknown_J
#
# <colnr> <probs for GDERKNQSTAVLIFYWHMCP>
#	G	D	E	R	K	N	Q	S	T	A	V	L	I	F	Y	W	H	M	C	P
0	0.01948	0.02999	0.35424	0.01927	0.02810	0.01709	0.02184	0.10799	0.02197	0.08410	0.03325	0.03554	0.14259	0.01198	0.00874	0.00276	0.00978	0.03361	0.00594	0.01171
1	0.15387	0.02330	0.02953	0.02377	0.02772	0.13881	0.17091	0.02547	0.01710	0.02545	0.01321	0.01829	0.01123	0.01055	0.01563	0.00303	0.27066	0.00726	0.00427	0.00995
2	0.01516	0.01078	0.01226	0.01130	0.01458	0.01023	0.00866	0.02156	0.12112	0.08852	0.24459	0.06304	0.31044	0.01759	0.00968	0.00279	0.00489	0.01492	0.00873	0.00916
3	0.02264	0.02374	0.03134	0.12138	0.45086	0.15149	0.02385	0.02719	0.02006	0.02566	0.01532	0.02010	0.01271	0.00793	0.00828	0.00250	0.01132	0.00715	0.00420	0.01226
4	0.02228	0.01945	0.03063	0.04307	0.48638	0.01986	0.02279	0.03078	0.13509	0.07297	0.02074	0.02363	0.01636	0.00853	0.00848	0.00260	0.00927	0.00803	0.00549	0.01355
5	0.01917	0.01782	0.02044	0.14053	0.15219	0.13180	0.01594	0.02317	0.01839	0.02503	0.01959	0.02530	0.01620	0.01867	0.12608	0.00439	0.01197	0.00757	0.19616	0.00962
6	0.01014	0.00831	0.00894	0.00945	0.01171	0.00711	0.00684	0.01212	0.01860	0.02266	0.07607	0.24017	0.49266	0.02287	0.01027	0.00302	0.00447	0.01957	0.00790	0.00711
7	0.01793	0.03121	0.32468	0.02743	0.03635	0.02037	0.23822	0.02537	0.01803	0.02597	0.01739	0.06090	0.01435	0.00970	0.01133	0.00293	0.09340	0.00886	0.00412	0.01145
8	0.17645	0.03036	0.29956	0.02294	0.03226	0.02036	0.14324	0.09175	0.02037	0.06187	0.01637	0.01890	0.01177	0.00821	0.00796	0.00270	0.01108	0.00696	0.00495	0.01194
9	0.01006	0.00862	0.00862	0.00862	0.01149	0.00718	0.00647	0.01221	0.01940	0.02299	0.08621	0.08190	0.64438	0.02155	0.01006	0.00287	0.00431	0.01796	0.00790	0.00718
10	0.01216	0.00912	0.01368	0.01368	0.01520	0.01064	0.01064	0.01520	0.01368	0.01976	0.02279	0.03343	0.02127	0.06382	0.66720	0.01368	0.02279	0.00912	0.00456	0.00760
11	0.01838	0.09725	0.57080	0.02334	0.03501	0.05833	0.02921	0.02724	0.01827	0.02604	0.01487	0.01747	0.01080	0.00806	0.00785	0.00260	0.01246	0.00610	0.00364	0.01229
12	0.02040	0.02544	0.15483	0.02741	0.14302	0.06737	0.02166	0.07188	0.01884	0.02669	0.05152	0.02155	0.01590	0.01148	0.01618	0.00303	0.27954	0.00759	0.00456	0.01114
13	0.01042	0.00814	0.00946	0.01018	0.01198	0.00718	0.00723	0.01253	0.01870	0.02381	0.13711	0.32771	0.33901	0.02312	0.01038	0.00309	0.00453	0.02017	0.00808	0.00718
14	0.02070	0.02292	0.06610	0.11505	0.34659	0.12718	0.02219	0.02534	0.01982	0.02532	0.02278	0.02949	0.06568	0.01000	0.00862	0.00263	0.01069	0.04277	0.00467	0.01149

[dist]
# distance from previous block
# <min> <max>
0	4

[block]
# block no. 10 follows, 21 sequences, length 98
# corresponding to MSA columns:
# 371-468
name=unknown_K
#
# <colnr> <probs for GDERKNQSTAVLIFYWHMCP>
#	G	D	E	R	K	N	Q	S	T	A	V	L	I	F	Y	W	H	M	C	P
0	0.02106	0.02022	0.03454	0.05223	0.64784	0.02022	0.02612	0.02612	0.01938	0.02780	0.01601	0.02106	0.01348	0.00758	0.00842	0.00253	0.01011	0.00758	0.00421	0.01348
1	0.02337	0.02459	0.03230	0.04572	0.51425	0.15919	0.02404	0.02781	0.02040	0.02630	0.01539	0.01983	0.01294	0.00784	0.00826	0.00246	0.01124	0.00713	0.00425	0.01270
2	0.02678	0.02999	0.02187	0.01909	0.02423	0.36766	0.01461	0.06011	0.17341	0.02708	0.01910	0.02000	0.01509	0.00909	0.00772	0.00222	0.01142	0.00652	0.00573	0.13829
3	0.02106	0.02022	0.03454	0.05223	0.64784	0.02022	0.02612	0.02612	0.01938	0.02780	0.01601	0.02106	0.01348	0.00758	0.00842	0.00253	0.01011	0.00758	0.00421	0.01348
4	0.02106	0.02022	0.03454	0.05223	0.64784	0.02022	0.02612	0.02612	0.01938	0.02780	0.01601	0.02106	0.01348	0.00758	0.00842	0.00253	0.01011	0.00758	0.00421	0.01348
5	0.60393	0.01786	0.01416	0.01271	0.01786	0.04890	0.01026	0.02881	0.11844	0.03696	0.01573	0.01690	0.01210	0.00855	0.00594	0.00266	0.00701	0.00549	0.00579	0.00996
6	0.01162	0.00868	0.01078	0.01026	0.01245	0.00785	0.00769	0.01523	0.02308	0.03173	0.52360	0.06751	0.20154	0.01829	0.01004	0.00272	0.00408	0.01594	0.00905	0.00785
7	0.01797	0.22448	0.41288	0.01990	0.02985	0.02226	0.02399	0.02509	0.01821	0.02520	0.05399	0.02297	0.05064	0.00915	0.00758	0.00246	0.01065	0.00698	0.00418	0.01155
8	0.01893	0.18050	0.39604	0.02469	0.03528	0.02310	0.15369	0.02670	0.01828	0.02554	0.01496	0.01812	0.01127	0.00772	0.00795	0.00255	0.01222	0.00673	0.00376	0.01199
9	0.01847	0.01925	0.03844	0.02882	0.03502	0.01875	0.41369	0.05500	0.01989	0.02703	0.02373	0.17407	0.02267	0.01216	0.01116	0.00303	0.05006	0.01296	0.00531	0.01049
10	0.01216	0.00912	0.01368	0.01368	0.01520	0.01064	0.01064	0.01520	0.01368	0.01976	0.02279	0.03343	0.02127	0.06382	0.66720	0.01368	0.02279	0.00912	0.00456	0.00760
11	0.01119	0.00879	0.01029	0.01096	0.01326	0.00789	0.00861	0.01387	0.01947	0.02437	0.11540	0.15363	0.38022	0.02230	0.01058	0.00319	0.00526	0.16533	0.00800	0.00739
12	0.01301	0.01032	0.01574	0.01584	0.01816	0.00988	0.07200	0.01638	0.01870	0.02432	0.04744	0.25406	0.11490	0.02252	0.01114	0.00357	0.00728	0.30936	0.00751	0.00787
13	0.01238	0.00825	0.00928	0.00928	0.00928	0.00825	0.00516	0.01238	0.01238	0.01650	0.02681	0.05569	0.03094	0.70092	0.04331	0.00825	0.00825	0.01238	0.00516	0.00516
14	0.01037	0.00741	0.00987	0.01185	0.01234	0.00691	0.00790	0.01185	0.01629	0.02172	0.04690	0.69537	0.05629	0.02666	0.01086	0.00346	0.00494	0.02419	0.00790	0.00691
15	0.01034	0.00750	0.00978	0.01159	0.01228	0.00693	0.00779	0.01188	0.01654	0.02182	0.05002	0.64669	0.10295	0.02626	0.01080	0.00341	0.00489	0.02370	0.00790	0.00693
16	0.01216	0.00912	0.01368	0.01368	0.01520	0.01064	0.01064	0.01520	0.01368	0.01976	0.02279	0.03343	0.02127	0.06382	0.66720	0.01368	0.02279	0.00912	0.00456	0.00760
17	0.02106	0.02022	0.03454	0.05223	0.64784	0.02022	0.02612	0.02612	0.01938	0.02780	0.01601	0.02106	0.01348	0.00758	0.00842	0.00253	0.01011	0.00758	0.00421	0.01348
18	0.02224	0.03713	0.30160	0.02681	0.03587	0.21065	0.19017	0.02911	0.02037	0.02523	0.01519	0.01859	0.01143	0.00803	0.00851	0.00260	0.01389	0.00710	0.00402	0.01147
19	0.01233	0.00844	0.01022	0.01022	0.01054	0.00876	0.00632	0.01298	0.01265	0.01719	0.02596	0.05095	0.02888	0.56523	0.17620	0.00941	0.01135	0.01168	0.00503	0.00568
20	0.01037	0.00741	0.00987	0.01185	0.01234	0.00691	0.00790	0.01185	0.01629	0.02172	0.04690	0.69537	0.05629	0.02666	0.01086	0.00346	0.00494	0.02419	0.00790	0.00691
21	0.03235	0.02384	0.02554	0.01958	0.02639	0.02639	0.01618	0.61946	0.04001	0.05363	0.02043	0.02043	0.01447	0.01022	0.00851	0.00255	0.00936	0.00766	0.00851	0.01447
22	0.02932	0.02287	0.02795	0.02834	0.19312	0.02474	0.01884	0.46027	0.03448	0.04670	0.01924	0.02060	0.01421	0.00951	0.00849	0.00255	0.00956	0.00764	0.00736	0.01421
23	0.02332	0.02474	0.03315	0.04483	0.48145	0.15926	0.05615	0.02787	0.02043	0.02627	0.01546	0.01994	0.01291	0.00782	0.00835	0.00247	0.01147	0.00726	0.00425	0.01259
