[name]
unknown

[dist]
# distance from previous block
# <min> <max>
14	50

[block]
# block no. 0 follows, 23 sequences, length 119
# corresponding to MSA columns:
# 50-168
name=unknown_A
#
# <colnr> <probs for GDERKNQSTAVLIFYWHMCP>
#	G	D	E	R	K	N	Q	S	T	A	V	L	I	F	Y	W	H	M	C	P
0	0.01898	0.02699	0.25357	0.02245	0.02984	0.07871	0.16976	0.05099	0.01917	0.06853	0.02230	0.15865	0.02036	0.01138	0.00871	0.00270	0.01071	0.01045	0.00514	0.01060
1	0.02036	0.22866	0.05667	0.01816	0.07541	0.19775	0.01413	0.02351	0.01983	0.02326	0.15187	0.06175	0.05559	0.01092	0.00750	0.00222	0.00911	0.00856	0.00523	0.00950
2	0.02628	0.03205	0.02457	0.02391	0.08970	0.48726	0.05751	0.02890	0.02123	0.02100	0.01578	0.07569	0.01455	0.00984	0.00854	0.00233	0.03949	0.00733	0.00442	0.00960
3	0.01935	0.29009	0.06568	0.02365	0.15228	0.06688	0.06979	0.02314	0.01687	0.02152	0.01495	0.01945	0.01312	0.01834	0.14733	0.00438	0.01259	0.00642	0.00386	0.01031
4	0.02773	0.16419	0.02602	0.01887	0.02362	0.49542	0.01488	0.06001	0.02231	0.02137	0.01597	0.01759	0.04157	0.00874	0.00707	0.00207	0.01273	0.00573	0.00440	0.00969
5	0.04822	0.14744	0.43852	0.02251	0.06678	0.02061	0.05016	0.02629	0.01747	0.06830	0.01519	0.01737	0.01113	0.00767	0.00732	0.00243	0.01083	0.00603	0.00400	0.01174
6	0.01431	0.02078	0.20641	0.01521	0.02056	0.05680	0.01543	0.02006	0.04747	0.02584	0.16137	0.05238	0.19295	0.01504	0.00906	0.00276	0.00768	0.10044	0.00639	0.00905
7	0.01142	0.00765	0.00900	0.00950	0.01008	0.00740	0.00600	0.01255	0.01447	0.02000	0.07667	0.24406	0.07101	0.36508	0.02517	0.00535	0.00610	0.01515	0.07740	0.00594
8	0.08789	0.01715	0.01811	0.11163	0.02427	0.08680	0.01298	0.16001	0.02365	0.14222	0.08142	0.06333	0.11265	0.01203	0.00820	0.00255	0.00794	0.00968	0.00707	0.01040
9	0.02020	0.02308	0.04001	0.03096	0.06876	0.12090	0.44982	0.02583	0.01913	0.02440	0.01627	0.02163	0.01281	0.01220	0.07274	0.00359	0.01438	0.00871	0.00413	0.01046
10	0.02184	0.02444	0.01970	0.04959	0.02217	0.30477	0.01396	0.06451	0.02034	0.02241	0.02896	0.06659	0.14836	0.01301	0.01172	0.00262	0.14168	0.00925	0.00518	0.00890
11	0.01940	0.01846	0.03136	0.04722	0.62046	0.01843	0.02374	0.02399	0.01828	0.02612	0.01724	0.06633	0.01559	0.00845	0.00819	0.00247	0.00931	0.00829	0.00425	0.01243
12	0.01150	0.00830	0.01091	0.01052	0.01237	0.00770	0.00796	0.01522	0.02240	0.03155	0.59773	0.09134	0.07386	0.01731	0.00970	0.00265	0.00407	0.04853	0.00879	0.00760
13	0.77215	0.01569	0.01193	0.01067	0.01569	0.01820	0.00879	0.02385	0.01381	0.03641	0.01130	0.01318	0.00879	0.00753	0.00502	0.00251	0.00628	0.00439	0.00502	0.00879
14	0.01860	0.01837	0.03337	0.17524	0.38143	0.01881	0.15071	0.02390	0.01817	0.02513	0.01664	0.02415	0.01393	0.00805	0.00852	0.00260	0.01062	0.03622	0.00412	0.01143
15	0.00987	0.00714	0.00934	0.01109	0.01171	0.00661	0.00744	0.01132	0.01573	0.02079	0.04724	0.66719	0.09440	0.02509	0.01031	0.00326	0.00467	0.02267	0.00753	0.00661
16	0.01012	0.00868	0.00872	0.00863	0.01147	0.00751	0.00650	0.01321	0.04992	0.02252	0.07975	0.07571	0.62924	0.02007	0.00952	0.00274	0.00423	0.01673	0.00757	0.00715
17	0.03085	0.02273	0.02435	0.01867	0.02516	0.02516	0.01542	0.63716	0.03815	0.05114	0.01948	0.01948	0.01380	0.00974	0.00812	0.00244	0.00893	0.00731	0.00812	0.01380
18	0.01627	0.04197	0.67279	0.02313	0.03512	0.01884	0.02998	0.02570	0.01713	0.02570	0.01456	0.01713	0.01028	0.00771	0.00771	0.00257	0.01199	0.00600	0.00343	0.01199
19	0.02008	0.01928	0.03294	0.04981	0.66422	0.01928	0.02490	0.02490	0.01848	0.02651	0.01526	0.02008	0.01285	0.00723	0.00803	0.00241	0.00964	0.00723	0.00402	0.01285
20	0.01159	0.00869	0.01304	0.01304	0.01449	0.01014	0.01014	0.01449	0.01304	0.01884	0.02173	0.03188	0.02029	0.06086	0.68268	0.01304	0.02173	0.00869	0.00435	0.00724
21	0.00989	0.00706	0.00942	0.01130	0.01177	0.00659	0.00753	0.01130	0.01554	0.02071	0.04472	0.70954	0.05367	0.02542	0.01036	0.00330	0.00471	0.02307	0.00753	0.00659
22	0.03121	0.02041	0.02278	0.01741	0.02390	0.02160	0.01437	0.47815	0.03385	0.17844	0.02180	0.02102	0.01501	0.00959	0.00801	0.00238	0.00834	0.00734	0.00833	0.05605
23	0.01944	0.41859	0.28980	0.01854	0.02753	0.02632	0.05179	0.02493	0.01688	0.02203	0.01283	0.01508	0.01046	0.00724	0.00641	0.00211	0.01023	0.00525	0.00349	0.01106
24	0.01170	0.00783	0.00888	0.00897	0.00900	0.00780	0.00505	0.01178	0.01199	0.01598	0.02652	0.08579	0.03070	0.68050	0.03976	0.00764	0.00771	0.01236	0.00505	0.00500
25	0.00975	0.00823	0.00845	0.00839	0.01106	0.00692	0.00629	0.01196	0.01888	0.02284	0.13200	0.07658	0.61055	0.02021	0.00959	0.00272	0.00409	0.01691	0.00766	0.00692
26	0.02992	0.06979	0.02389	0.02058	0.02489	0.65255	0.01560	0.03203	0.02270	0.01982	0.01248	0.01456	0.01045	0.00830	0.00722	0.00207	0.01436	0.00519	0.00415	0.00945
27	0.01750	0.03426	0.44665	0.03032	0.16705	0.01918	0.11897	0.02558	0.01771	0.02591	0.01498	0.01845	0.01112	0.00748	0.00805	0.00256	0.01175	0.00679	0.00365	0.01201
28	0.02035	0.55181	0.19866	0.01617	0.02437	0.02882	0.01787	0.02464	0.01665	0.02073	0.01209	0.01404	0.01038	0.00713	0.00583	0.00194	0.00950	0.00475	0.00346	0.01080
29	0.00997	0.00824	0.00875	0.00862	0.01120	0.00701	0.00647	0.01239	0.01940	0.02407	0.19926	0.07455	0.54252	0.01975	0.00959	0.00270	0.00405	0.01663	0.00782	0.00701
30	0.01180	0.00787	0.00885	0.00885	0.00885	0.00787	0.00492	0.01180	0.01180	0.01573	0.02557	0.05310	0.02950	0.71483	0.04130	0.00787	0.00787	0.01180	0.00492	0.00492
31	0.01180	0.00787	0.00885	0.00885	0.00885	0.00787	0.00492	0.01180	0.01180	0.01573	0.02557	0.05310	0.02950	0.71483	0.04130	0.00787	0.00787	0.01180	0.00492	0.00492
32	0.00959	0.00822	0.00822	0.00822	0.01096	0.00685	0.00617	0.01165	0.01850	0.02192	0.08220	0.07809	0.66092	0.02055	0.00959	0.00274	0.00411	0.01713	0.00754	0.00685
33	0.77215	0.01569	0.01193	0.01067	0.01569	0.01820	0.00879	0.02385	0.01381	0.03641	0.01130	0.01318	0.00879	0.00753	0.00502	0.00251	0.00628	0.00439	0.00502	0.00879
34	0.01627	0.04197	0.67279	0.02313	0.03512	0.01884	0.02998	0.02570	0.01713	0.02570	0.01456	0.01713	0.01028	0.00771	0.00771	0.00257	0.01199	0.00600	0.00343	0.01199
35	0.00981	0.00823	0.00853	0.00845	0.01110	0.00695	0.00634	0.01208	0.01902	0.02317	0.15035	0.07603	0.59199	0.02008	0.00959	0.00272	0.00408	0.01684	0.00770	0.00695
36	0.01139	0.00858	0.01072	0.01101	0.01316	0.00791	0.00881	0.01467	0.02038	0.02696	0.30721	0.07489	0.24096	0.01948	0.01006	0.00296	0.00498	0.19043	0.00809	0.00736
37	0.17814	0.13601	0.02389	0.01754	0.02256	0.38015	0.01399	0.09361	0.02177	0.02639	0.01284	0.01461	0.01047	0.00813	0.00662	0.00216	0.01144	0.00514	0.00466	0.00990
38	0.01393	0.01349	0.02278	0.24258	0.06311	0.01388	0.13943	0.01815	0.01773	0.02251	0.04149	0.07679	0.25429	0.01329	0.00906	0.00274	0.00855	0.01215	0.00538	0.00866
39	0.01770	0.02584	0.21281	0.09348	0.03747	0.02069	0.28370	0.02409	0.01695	0.02409	0.01455	0.01972	0.01127	0.00869	0.01236	0.00285	0.15149	0.00786	0.00376	0.01063
40	0.17623	0.37803	0.21773	0.01588	0.02388	0.02539	0.01746	0.02461	0.01612	0.02460	0.01223	0.01424	0.01004	0.00729	0.00589	0.00214	0.00913	0.00483	0.00378	0.01053
41	0.02809	0.17525	0.02741	0.02085	0.05447	0.51962	0.01575	0.03041	0.02147	0.02002	0.01242	0.01456	0.01056	0.00802	0.00692	0.00203	0.01319	0.00514	0.00403	0.00977
42	0.01151	0.00930	0.01234	0.01485	0.09077	0.00857	0.00944	0.01419	0.01867	0.02462	0.19176	0.24560	0.25454	0.01950	0.00968	0.00286	0.00502	0.04166	0.00742	0.00771
43	0.00962	0.00812	0.00833	0.00850	0.01103	0.00683	0.00629	0.01161	0.01823	0.02181	0.07884	0.13475	0.60644	0.02099	0.00966	0.00279	0.00416	0.01766	0.00753	0.00683
44	0.02656	0.02560	0.02161	0.01853	0.02357	0.22607	0.01450	0.22074	0.26993	0.03483	0.02258	0.02216	0.01701	0.00981	0.00792	0.00245	0.00972	0.00739	0.00696	0.01207
45	0.01022	0.00732	0.00971	0.01107	0.01184	0.00681	0.00756	0.01213	0.01708	0.02317	0.17269	0.57456	0.05843	0.02358	0.01019	0.00314	0.00452	0.02132	0.00782	0.00681
46	0.02008	0.01928	0.03294	0.04981	0.66422	0.01928	0.02490	0.02490	0.01848	0.02651	0.01526	0.02008	0.01285	0.00723	0.00803	0.00241	0.00964	0.00723	0.00402	0.01285
47	0.03085	0.02273	0.02435	0.01867	0.02516	0.02516	0.01542	0.63716	0.03815	0.05114	0.01948	0.01948	0.01380	0.00974	0.00812	0.00244	0.00893	0.00731	0.00812	0.01380
48	0.01148	0.00829	0.01085	0.01021	0.01212	0.00766	0.00766	0.01531	0.02297	0.03254	0.65994	0.06061	0.07656	0.01659	0.00957	0.00255	0.00383	0.01467	0.00893	0.00766
49	0.03031	0.03867	0.02299	0.02090	0.02508	0.68226	0.01568	0.03240	0.02299	0.01986	0.01254	0.01463	0.01045	0.00836	0.00732	0.00209	0.01463	0.00523	0.00418	0.00941
50	0.77215	0.01569	0.01193	0.01067	0.01569	0.01820	0.00879	0.02385	0.01381	0.03641	0.01130	0.01318	0.00879	0.00753	0.00502	0.00251	0.00628	0.00439	0.00502	0.00879
51	0.02962	0.03737	0.02366	0.02284	0.06795	0.63779	0.01630	0.03190	0.02269	0.02030	0.01272	0.01500	0.01061	0.00829	0.00736	0.00211	0.01430	0.00536	0.00417	0.00964
52	0.01547	0.01125	0.01282	0.01214	0.01403	0.04729	0.00947	0.04554	0.01630	0.02515	0.02216	0.02850	0.01885	0.03028	0.27724	0.00651	0.07176	0.00784	0.31948	0.00793
53	0.01148	0.00829	0.01085	0.01021	0.01212	0.00766	0.00766	0.01531	0.02297	0.03254	0.65994	0.06061	0.07656	0.01659	0.00957	0.00255	0.00383	0.01467	0.00893	0.00766
54	0.01916	0.40317	0.33689	0.01820	0.02750	0.02591	0.02140	0.02495	0.01679	0.02218	0.01281	0.01494	0.01035	0.00730	0.00638	0.00213	0.01023	0.00511	0.00345	0.01115
55	0.01513	0.00756	0.00756	0.00756	0.00945	0.00756	0.00567	0.01891	0.01702	0.03025	0.02647	0.03025	0.02080	0.00945	0.00567	0.00189	0.00378	0.00756	0.75988	0.00756
56	0.01034	0.00825	0.00926	0.00901	0.01142	0.00717	0.00676	0.01310	0.02027	0.02614	0.31156	0.07115	0.42893	0.01898	0.00958	0.00267	0.00400	0.01615	0.00809	0.00717
57	0.00983	0.00799	0.00872	0.00905	0.01124	0.00687	0.00659	0.01192	0.01831	0.02268	0.12967	0.20776	0.47872	0.02118	0.00975	0.00284	0.00421	0.01813	0.00767	0.00687
58	0.05468	0.01813	0.03089	0.20085	0.44656	0.01901	0.06447	0.02393	0.01776	0.02557	0.01495	0.02025	0.01214	0.00743	0.00801	0.00251	0.01003	0.00725	0.00397	0.01162
59	0.02142	0.68523	0.07459	0.01435	0.02155	0.03143	0.01470	0.02437	0.01652	0.01943	0.01145	0.01323	0.01041	0.00698	0.00533	0.00178	0.00885	0.00442	0.00347	0.01049
60	0.02393	0.02335	0.02630	0.19588	0.22094	0.18905	0.01990	0.12422	0.02242	0.05441	0.01574	0.01930	0.01219	0.00826	0.00789	0.00241	0.01098	0.00676	0.00487	0.01121
61	0.02339	0.02791	0.01841	0.01757	0.02054	0.45098	0.01289	0.02536	0.02077	0.02068	0.05110	0.22350	0.02627	0.01381	0.00832	0.00247	0.01120	0.01096	0.00539	0.00849
62	0.01134	0.00792	0.00923	0.00926	0.00997	0.00761	0.00581	0.01243	0.01502	0.02012	0.15820	0.11376	0.10629	0.44576	0.02909	0.00589	0.00641	0.01389	0.00621	0.00580
63	0.02503	0.02873	0.03105	0.03211	0.21945	0.31940	0.14341	0.05765	0.02159	0.02457	0.01447	0.01796	0.01170	0.00778	0.00802	0.00233	0.01268	0.00680	0.00430	0.01096
64	0.02368	0.01716	0.07571	0.01556	0.02108	0.01554	0.01337	0.03581	0.28673	0.23265	0.08382	0.03039	0.02573	0.01291	0.03832	0.00304	0.00751	0.00884	0.00813	0.04404
65	0.02073	0.46131	0.03989	0.01875	0.02505	0.05708	0.13936	0.02413	0.01685	0.02053	0.01292	0.01626	0.01137	0.01051	0.04575	0.00271	0.05706	0.00587	0.00369	0.01019
66	0.02949	0.01968	0.02188	0.01718	0.02315	0.02121	0.01405	0.42202	0.11005	0.16013	0.05799	0.02451	0.01968	0.01032	0.00822	0.00249	0.00798	0.00809	0.00853	0.01335
67	0.02008	0.01928	0.03294	0.04981	0.66422	0.01928	0.02490	0.02490	0.01848	0.02651	0.01526	0.02008	0.01285	0.00723	0.00803	0.00241	0.00964	0.00723	0.00402	0.01285
68	0.01159	0.00869	0.01304	0.01304	0.01449	0.01014	0.01014	0.01449	0.01304	0.01884	0.02173	0.03188	0.02029	0.06086	0.68268	0.01304	0.02173	0.00869	0.00435	0.00724
69	0.01034	0.00825	0.00926	0.00901	0.01142	0.00717	0.00676	0.01310	0.02027	0.02614	0.31181	0.07114	0.42868	0.01898	0.00958	0.00267	0.00400	0.01615	0.00809	0.00717
70	0.77215	0.01569	0.01193	0.01067	0.01569	0.01820	0.00879	0.02385	0.01381	0.03641	0.01130	0.01318	0.00879	0.00753	0.00502	0.00251	0.00628	0.00439	0.00502	0.00879
71	0.00968	0.00822	0.00834	0.00831	0.01101	0.00689	0.00623	0.01181	0.01870	0.02241	0.10860	0.07729	0.63422	0.02037	0.00959	0.00273	0.00410	0.01701	0.00760	0.00689
72	0.02008	0.01928	0.03294	0.04981	0.66422	0.01928	0.02490	0.02490	0.01848	0.02651	0.01526	0.02008	0.01285	0.00723	0.00803	0.00241	0.00964	0.00723	0.00402	0.01285
73	0.77215	0.01569	0.01193	0.01067	0.01569	0.01820	0.00879	0.02385	0.01381	0.03641	0.01130	0.01318	0.00879	0.00753	0.00502	0.00251	0.00628	0.00439	0.00502	0.00879
74	0.01484	0.01279	0.01324	0.01233	0.01599	0.01346	0.00948	0.02724	0.33128	0.02788	0.05783	0.05439	0.34562	0.01582	0.00893	0.00275	0.00526	0.01318	0.00789	0.00982
75	0.01148	0.00829	0.01085	0.01021	0.01212	0.00766	0.00766	0.01531	0.02297	0.03254	0.65994	0.06061	0.07656	0.01659	0.00957	0.00255	0.00383	0.01467	0.00893	0.00766
76	0.03085	0.02273	0.02435	0.01867	0.02516	0.02516	0.01542	0.63716	0.03815	0.05114	0.01948	0.01948	0.01380	0.00974	0.00812	0.00244	0.00893	0.00731	0.00812	0.01380
77	0.02469	0.42103	0.07053	0.01709	0.02326	0.28008	0.01548	0.02748	0.01901	0.01976	0.01195	0.01387	0.01042	0.00753	0.00615	0.00192	0.01114	0.00477	0.00374	0.01012
78	0.02386	0.54830	0.03761	0.01565	0.02190	0.19575	0.01434	0.02634	0.01813	0.01928	0.01160	0.01342	0.01042	0.00730	0.00574	0.00182	0.01018	0.00456	0.00365	0.01016
79	0.00989	0.00706	0.00942	0.01130	0.01177	0.00659	0.00753	0.01130	0.01554	0.02071	0.04472	0.70954	0.05367	0.02542	0.01036	0.00330	0.00471	0.02307	0.00753	0.00659
80	0.02008	0.01928	0.03294	0.04981	0.66422	0.01928	0.02490	0.02490	0.01848	0.02651	0.01526	0.02008	0.01285	0.00723	0.00803	0.00241	0.00964	0.00723	0.00402	0.01285
81	0.00997	0.00824	0.00875	0.00862	0.01119	0.00701	0.00647	0.01239	0.01940	0.02406	0.19884	0.07456	0.54295	0.01975	0.00959	0.00270	0.00405	0.01663	0.00782	0.00701
82	0.01001	0.00800	0.00896	0.00922	0.01134	0.00695	0.00672	0.01227	0.01875	0.02370	0.18451	0.20225	0.42719	0.02078	0.00974	0.00282	0.00418	0.01786	0.00780	0.00695
83	0.01627	0.04197	0.67279	0.02313	0.03512	0.01884	0.02998	0.02570	0.01713	0.02570	0.01456	0.01713	0.01028	0.00771	0.00771	0.00257	0.01199	0.00600	0.00343	0.01199
84	0.02018	0.01743	0.01835	0.01651	0.02110	0.02018	0.01284	0.04312	0.64956	0.03394	0.03303	0.03027	0.02477	0.01101	0.00826	0.00275	0.00642	0.00917	0.00826	0.01284
85	0.01532	0.01442	0.02434	0.69533	0.05589	0.01803	0.02253	0.02073	0.01622	0.02073	0.01442	0.02163	0.01082	0.00811	0.00811	0.00270	0.01082	0.00721	0.00361	0.00901
86	0.77215	0.01569	0.01193	0.01067	0.01569	0.01820	0.00879	0.02385	0.01381	0.03641	0.01130	0.01318	0.00879	0.00753	0.00502	0.00251	0.00628	0.00439	0.00502	0.00879
87	0.00982	0.00823	0.00854	0.00847	0.01110	0.00695	0.00635	0.01210	0.01905	0.02323	0.15347	0.07593	0.58884	0.02006	0.00959	0.00272	0.00408	0.01682	0.00771	0.00695
88	0.01110	0.00875	0.01007	0.00965	0.01208	0.00797	0.00727	0.01516	0.05478	0.02784	0.36616	0.06684	0.33669	0.01807	0.00951	0.00265	0.00409	0.01548	0.00827	0.00757
89	0.01266	0.00978	0.01337	0.04017	0.01535	0.00939	0.04284	0.01436	0.01401	0.01939	0.02660	0.17927	0.02936	0.33522	0.09166	0.00599	0.00880	0.01252	0.00529	0.11398
90	0.00989	0.00706	0.00942	0.01130	0.01177	0.00659	0.00753	0.01130	0.01554	0.02071	0.04472	0.70954	0.05367	0.02542	0.01036	0.00330	0.00471	0.02307	0.00753	0.00659
91	0.01955	0.37218	0.23185	0.02087	0.02958	0.02574	0.14783	0.02507	0.01723	0.02250	0.01333	0.01609	0.01077	0.00715	0.00686	0.00219	0.01071	0.00592	0.00359	0.01099
92	0.02037	0.55424	0.19640	0.01614	0.02432	0.02887	0.01781	0.02464	0.01664	0.02070	0.01208	0.01402	0.01038	0.00713	0.00582	0.00194	0.00949	0.00474	0.00346	0.01080
93	0.01078	0.00827	0.00988	0.00947	0.01169	0.00736	0.00711	0.01396	0.02132	0.02861	0.44644	0.06707	0.29250	0.01805	0.00958	0.00262	0.00393	0.01558	0.00842	0.00736
94	0.03031	0.03867	0.02299	0.02090	0.02508	0.68226	0.01568	0.03240	0.02299	0.01986	0.01254	0.01463	0.01045	0.00836	0.00732	0.00209	0.01463	0.00523	0.00418	0.00941
95	0.01180	0.00787	0.00885	0.00885	0.00885	0.00787	0.00492	0.01180	0.01180	0.01573	0.02557	0.05310	0.02950	0.71483	0.04130	0.00787	0.00787	0.01180	0.00492	0.00492
96	0.01627	0.04197	0.67279	0.02313	0.03512	0.01884	0.02998	0.02570	0.01713	0.02570	0.01456	0.01713	0.01028	0.00771	0.00771	0.00257	0.01199	0.00600	0.00343	0.01199
97	0.01024	0.00825	0.00912	0.00890	0.01136	0.00713	0.00668	0.01290	0.02003	0.02556	0.28000	0.07211	0.46086	0.01919	0.00958	0.00268	0.00401	0.01629	0.00801	0.00713
98	0.01148	0.00829	0.01085	0.01021	0.01212	0.00766	0.00766	0.01531	0.02297	0.03254	0.65994	0.06061	0.07656	0.01659	0.00957	0.00255	0.00383	0.01467	0.00893	0.00766
99	0.03031	0.03867	0.02299	0.02090	0.02508	0.68226	0.01568	0.03240	0.02299	0.01986	0.01254	0.01463	0.01045	0.00836	0.00732	0.00209	0.01463	0.00523	0.00418	0.00941
100	0.01958	0.31825	0.37915	0.01887	0.02848	0.02391	0.02241	0.02587	0.01720	0.05776	0.01416	0.01601	0.01086	0.00752	0.00671	0.00222	0.01036	0.00543	0.00380	0.01144
101	0.01159	0.00869	0.01304	0.01304	0.01449	0.01014	0.01014	0.01449	0.01304	0.01884	0.02173	0.03188	0.02029	0.06086	0.68268	0.01304	0.02173	0.00869	0.00435	0.00724
102	0.01014	0.00824	0.00899	0.00880	0.01130	0.00709	0.00660	0.01271	0.01980	0.02502	0.25060	0.07300	0.49059	0.01940	0.00958	0.00269	0.00403	0.01641	0.00794	0.00709
103	0.02729	0.27758	0.02984	0.01844	0.02359	0.45419	0.01505	0.02956	0.02071	0.01959	0.01210	0.01407	0.01044	0.00786	0.00658	0.00197	0.01254	0.00491	0.00393	0.00976
104	0.00959	0.00822	0.00822	0.00822	0.01096	0.00685	0.00617	0.01165	0.01850	0.02192	0.08220	0.07809	0.66092	0.02055	0.00959	0.00274	0.00411	0.01713	0.00754	0.00685
105	0.01969	0.01548	0.01627	0.01423	0.01725	0.06883	0.01085	0.22035	0.02204	0.02946	0.02142	0.03130	0.01955	0.19071	0.21716	0.00682	0.01268	0.00862	0.04823	0.00905
106	0.01237	0.00911	0.01210	0.01359	0.01563	0.00884	0.01168	0.01577	0.01864	0.02381	0.05088	0.08882	0.17071	0.02204	0.01088	0.00353	0.00679	0.48998	0.00748	0.00735
107	0.01763	0.03329	0.41602	0.03077	0.16362	0.01927	0.15243	0.02560	0.01782	0.02592	0.01508	0.01870	0.01121	0.00743	0.00816	0.00257	0.01186	0.00698	0.00368	0.01195
108	0.02870	0.03609	0.02214	0.02023	0.02417	0.62432	0.01520	0.03086	0.02214	0.01977	0.01333	0.01612	0.01130	0.01289	0.06553	0.00303	0.01525	0.00552	0.00420	0.00922
109	0.02870	0.01465	0.02082	0.02166	0.15379	0.01362	0.01454	0.06612	0.02233	0.39676	0.03222	0.03502	0.06372	0.01131	0.00851	0.00262	0.00745	0.06533	0.00827	0.01254
110	0.02821	0.20608	0.02788	0.01907	0.02404	0.49235	0.01522	0.05747	0.02207	0.02107	0.01254	0.01445	0.01059	0.00807	0.00683	0.00202	0.01291	0.00510	0.00418	0.00985
111	0.03085	0.02273	0.02435	0.01867	0.02516	0.02516	0.01542	0.63716	0.03815	0.05114	0.01948	0.01948	0.01380	0.00974	0.00812	0.00244	0.00893	0.00731	0.00812	0.01380
112	0.01960	0.45814	0.28577	0.01745	0.02634	0.02699	0.02010	0.02484	0.01674	0.02164	0.01255	0.01460	0.01036	0.00724	0.00617	0.00206	0.00996	0.00498	0.00345	0.01102
113	0.01138	0.00829	0.01070	0.01010	0.01206	0.00761	0.00758	0.01511	0.02273	0.03197	0.62875	0.06156	0.10810	0.01680	0.00957	0.00256	0.00384	0.01481	0.00886	0.00761
114	0.01180	0.00787	0.00885	0.00885	0.00885	0.00787	0.00492	0.01180	0.01180	0.01573	0.02557	0.05310	0.02950	0.71483	0.04130	0.00787	0.00787	0.01180	0.00492	0.00492
115	0.00982	0.00730	0.00917	0.01066	0.01160	0.00664	0.00725	0.01137	0.01615	0.02096	0.05252	0.57820	0.17997	0.02441	0.01020	0.00318	0.00458	0.02183	0.00753	0.00664
116	0.02476	0.01794	0.01940	0.01504	0.02076	0.01863	0.01225	0.38406	0.02945	0.04178	0.01984	0.02110	0.01484	0.00891	0.00719	0.00207	0.00728	0.00684	0.15920	0.16867
117	0.03085	0.02273	0.02435	0.01867	0.02516	0.02516	0.01542	0.63716	0.03815	0.05114	0.01948	0.01948	0.01380	0.00974	0.00812	0.00244	0.00893	0.00731	0.00812	0.01380
118	0.01159	0.00869	0.01304	0.01304	0.01449	0.01014	0.01014	0.01449	0.01304	0.01884	0.02173	0.03188	0.02029	0.06086	0.68268	0.01304	0.02173	0.00869	0.00435	0.00724

[dist]
# distance from previous block
# <min> <max>
0	0

# created by:
# /home/cegg/simao/soft/augustus-3.2.1/scripts/msa2prfl.pl ./align_prep/13372.fa
