[name]
unknown

[dist]
# distance from previous block
# <min> <max>
0	65

[block]
# block no. 0 follows, 21 sequences, length 133
# corresponding to MSA columns:
# 65-197
name=unknown_A
#
# <colnr> <probs for GDERKNQSTAVLIFYWHMCP>
#	G	D	E	R	K	N	Q	S	T	A	V	L	I	F	Y	W	H	M	C	P
0	0.01114	0.00808	0.01061	0.01189	0.01307	0.00755	0.00860	0.01353	0.01859	0.02491	0.17440	0.43828	0.10315	0.02393	0.01075	0.00331	0.00509	0.09763	0.00820	0.00729
1	0.03231	0.02505	0.02544	0.01975	0.02638	0.07301	0.01619	0.57684	0.03885	0.05124	0.01990	0.02006	0.01422	0.01011	0.00845	0.00253	0.00980	0.00750	0.00821	0.01414
2	0.01725	0.04277	0.62094	0.02494	0.03728	0.01987	0.06608	0.02697	0.01809	0.02697	0.01539	0.01826	0.01091	0.00803	0.00820	0.00271	0.01268	0.00651	0.00364	0.01251
3	0.02923	0.03630	0.02449	0.02201	0.02554	0.54229	0.01687	0.03136	0.02196	0.02076	0.01277	0.01598	0.01100	0.00996	0.01161	0.00249	0.14551	0.00586	0.00426	0.00976
4	0.01204	0.00870	0.01138	0.01071	0.01271	0.00803	0.00803	0.01606	0.02409	0.03413	0.64335	0.06357	0.08030	0.01740	0.01004	0.00268	0.00401	0.01539	0.00937	0.00803
5	0.01670	0.01577	0.02667	0.60086	0.13328	0.01907	0.02395	0.02230	0.01732	0.02251	0.01524	0.02248	0.01161	0.00839	0.00850	0.00280	0.01119	0.00757	0.00384	0.00996
6	0.01724	0.01632	0.02764	0.53311	0.19682	0.01922	0.02422	0.02277	0.01757	0.02316	0.01533	0.02231	0.01185	0.00829	0.00849	0.00276	0.01105	0.00757	0.00388	0.01040
7	0.01178	0.00869	0.01101	0.01043	0.01255	0.00792	0.00782	0.01555	0.02346	0.03264	0.56885	0.06602	0.15572	0.01795	0.01004	0.00270	0.00405	0.01573	0.00917	0.00792
8	0.01037	0.00741	0.00987	0.01185	0.01234	0.00691	0.00790	0.01185	0.01629	0.02172	0.04690	0.69537	0.05629	0.02666	0.01086	0.00346	0.00494	0.02419	0.00790	0.00691
9	0.02941	0.02676	0.28457	0.01893	0.02800	0.01552	0.02038	0.03544	0.02170	0.39319	0.02597	0.02439	0.01679	0.00952	0.00836	0.00266	0.00946	0.00761	0.00765	0.01369
10	0.02081	0.01996	0.03409	0.08384	0.61819	0.02015	0.02599	0.02590	0.01926	0.02750	0.01596	0.02114	0.01337	0.00763	0.00843	0.00254	0.01017	0.00758	0.00419	0.01328
11	0.02077	0.01992	0.03401	0.08940	0.61298	0.02014	0.02597	0.02586	0.01924	0.02744	0.01596	0.02116	0.01335	0.00764	0.00843	0.00255	0.01018	0.00758	0.00419	0.01324
12	0.01782	0.03740	0.47556	0.02643	0.03704	0.02070	0.14873	0.02641	0.01794	0.02641	0.01529	0.01904	0.01125	0.00853	0.01032	0.00283	0.07534	0.00716	0.00375	0.01205
13	0.01768	0.01677	0.02843	0.47785	0.24865	0.01933	0.02443	0.02315	0.01778	0.02370	0.01541	0.02216	0.01203	0.00821	0.00848	0.00274	0.01095	0.00757	0.00392	0.01075
14	0.02106	0.02022	0.03454	0.05223	0.64784	0.02022	0.02612	0.02612	0.01938	0.02780	0.01601	0.02106	0.01348	0.00758	0.00842	0.00253	0.01011	0.00758	0.00421	0.01348
15	0.02070	0.01985	0.03389	0.09797	0.60494	0.02012	0.02594	0.02580	0.01921	0.02736	0.01594	0.02118	0.01332	0.00765	0.00843	0.00255	0.01020	0.00758	0.00418	0.01319
16	0.01035	0.00746	0.00981	0.01169	0.01230	0.00693	0.00783	0.01187	0.01644	0.02178	0.04879	0.66589	0.08455	0.02642	0.01082	0.00343	0.00491	0.02389	0.00790	0.00693
17	0.02106	0.02022	0.03454	0.05223	0.64784	0.02022	0.02612	0.02612	0.01938	0.02780	0.01601	0.02106	0.01348	0.00758	0.00842	0.00253	0.01011	0.00758	0.00421	0.01348
18	0.01707	0.04402	0.65683	0.02426	0.03683	0.01976	0.03144	0.02695	0.01797	0.02695	0.01527	0.01797	0.01078	0.00809	0.00809	0.00270	0.01258	0.00629	0.00359	0.01258
19	0.01707	0.04402	0.65683	0.02426	0.03683	0.01976	0.03144	0.02695	0.01797	0.02695	0.01527	0.01797	0.01078	0.00809	0.00809	0.00270	0.01258	0.00629	0.00359	0.01258
20	0.01896	0.01829	0.03175	0.30877	0.37157	0.01976	0.05915	0.02439	0.01845	0.02529	0.01572	0.02184	0.01257	0.00794	0.00855	0.00267	0.01086	0.00772	0.00404	0.01171
21	0.01707	0.04402	0.65683	0.02426	0.03683	0.01976	0.03144	0.02695	0.01797	0.02695	0.01527	0.01797	0.01078	0.00809	0.00809	0.00270	0.01258	0.00629	0.00359	0.01258
22	0.01037	0.00741	0.00987	0.01185	0.01234	0.00691	0.00790	0.01185	0.01629	0.02172	0.04690	0.69537	0.05629	0.02666	0.01086	0.00346	0.00494	0.02419	0.00790	0.00691
23	0.01216	0.00912	0.01368	0.01368	0.01520	0.01064	0.01064	0.01520	0.01368	0.01976	0.02279	0.03343	0.02127	0.06382	0.66720	0.01368	0.02279	0.00912	0.00456	0.00760
24	0.02272	0.02377	0.03064	0.07263	0.44875	0.15945	0.02317	0.02711	0.02031	0.02587	0.01707	0.02433	0.01494	0.00882	0.00846	0.00255	0.01117	0.04162	0.00444	0.01218
25	0.03818	0.01448	0.01975	0.01514	0.02172	0.01251	0.01251	0.04147	0.02436	0.65373	0.03357	0.02897	0.02107	0.01053	0.00856	0.00263	0.00724	0.00856	0.01053	0.01448
26	0.02241	0.01800	0.01928	0.01716	0.02210	0.02054	0.01340	0.04495	0.58819	0.08060	0.03456	0.03155	0.02562	0.01147	0.00865	0.00287	0.00677	0.00954	0.00880	0.01354
27	0.02085	0.02082	0.03799	0.04863	0.51513	0.02051	0.15607	0.02637	0.01953	0.02768	0.01627	0.02148	0.01336	0.00749	0.00878	0.00260	0.01104	0.00812	0.00423	0.01304
28	0.01948	0.01049	0.01347	0.01203	0.01557	0.00933	0.00954	0.02287	0.02273	0.21377	0.28710	0.06034	0.18196	0.01684	0.00977	0.00282	0.00539	0.06751	0.00925	0.00973
29	0.01006	0.00862	0.00862	0.00862	0.01149	0.00718	0.00647	0.01221	0.01940	0.02299	0.08621	0.08190	0.64438	0.02155	0.01006	0.00287	0.00431	0.01796	0.00790	0.00718
30	0.03235	0.02384	0.02554	0.01958	0.02639	0.02639	0.01618	0.61946	0.04001	0.05363	0.02043	0.02043	0.01447	0.01022	0.00851	0.00255	0.00936	0.00766	0.00851	0.01447
31	0.02903	0.02289	0.02362	0.01901	0.02513	0.05152	0.01539	0.42560	0.21420	0.04694	0.02432	0.02356	0.01772	0.01055	0.00852	0.00264	0.00884	0.00815	0.00838	0.01398
32	0.02009	0.02296	0.05022	0.03587	0.04448	0.02152	0.61693	0.02726	0.02009	0.02726	0.01722	0.02296	0.01291	0.00717	0.01004	0.00287	0.01435	0.01004	0.00430	0.01148
33	0.03179	0.04056	0.02412	0.02192	0.02631	0.66676	0.01644	0.03398	0.02412	0.02083	0.01315	0.01535	0.01096	0.00877	0.00767	0.00219	0.01535	0.00548	0.00438	0.00987
34	0.03179	0.04056	0.02412	0.02192	0.02631	0.66676	0.01644	0.03398	0.02412	0.02083	0.01315	0.01535	0.01096	0.00877	0.00767	0.00219	0.01535	0.00548	0.00438	0.00987
35	0.02668	0.01205	0.01538	0.01263	0.01759	0.01037	0.01014	0.02967	0.02273	0.39258	0.10735	0.04926	0.22762	0.01473	0.00918	0.00271	0.00600	0.01223	0.00958	0.01153
36	0.01396	0.01251	0.02261	0.01977	0.02297	0.01185	0.18890	0.01765	0.01813	0.02417	0.03774	0.36722	0.04190	0.02023	0.01081	0.00338	0.00834	0.14257	0.00682	0.00846
37	0.01607	0.01513	0.02552	0.68047	0.05861	0.01891	0.02363	0.02174	0.01702	0.02174	0.01513	0.02269	0.01134	0.00851	0.00851	0.00284	0.01134	0.00756	0.00378	0.00945
38	0.02106	0.02022	0.03454	0.05223	0.64784	0.02022	0.02612	0.02612	0.01938	0.02780	0.01601	0.02106	0.01348	0.00758	0.00842	0.00253	0.01011	0.00758	0.00421	0.01348
39	0.01007	0.00856	0.00869	0.00880	0.01154	0.00717	0.00654	0.01219	0.01923	0.02292	0.08409	0.11502	0.61263	0.02183	0.01010	0.00291	0.00434	0.01830	0.00790	0.00717
40	0.01647	0.01805	0.01319	0.01255	0.01587	0.20184	0.00941	0.01864	0.02079	0.02235	0.06465	0.06226	0.45744	0.01778	0.00935	0.00267	0.00757	0.01428	0.00686	0.00798
41	0.03818	0.01448	0.01975	0.01514	0.02172	0.01251	0.01251	0.04147	0.02436	0.65373	0.03357	0.02897	0.02107	0.01053	0.00856	0.00263	0.00724	0.00856	0.01053	0.01448
42	0.02015	0.02279	0.04927	0.03686	0.08102	0.02144	0.58115	0.02719	0.02004	0.02729	0.01714	0.02284	0.01295	0.00720	0.00995	0.00285	0.01409	0.00989	0.00430	0.01160
43	0.02423	0.02622	0.03147	0.04329	0.46441	0.21103	0.02326	0.02844	0.02078	0.02574	0.01517	0.01938	0.01274	0.00793	0.00820	0.00243	0.01166	0.00696	0.00426	0.01241
44	0.02009	0.02296	0.05022	0.03587	0.04448	0.02152	0.61693	0.02726	0.02009	0.02726	0.01722	0.02296	0.01291	0.00717	0.01004	0.00287	0.01435	0.01004	0.00430	0.01148
45	0.02323	0.01722	0.01916	0.01649	0.02077	0.01865	0.01285	0.34810	0.07418	0.04026	0.03147	0.27625	0.03111	0.01653	0.00941	0.00292	0.00750	0.01405	0.00829	0.01154
46	0.03336	0.02222	0.02454	0.01882	0.02559	0.02400	0.01554	0.51985	0.03731	0.15706	0.02270	0.02190	0.01561	0.01027	0.00852	0.00257	0.00900	0.00782	0.00886	0.01447
47	0.03235	0.02384	0.02554	0.01958	0.02639	0.02639	0.01618	0.61946	0.04001	0.05363	0.02043	0.02043	0.01447	0.01022	0.00851	0.00255	0.00936	0.00766	0.00851	0.01447
48	0.02410	0.01980	0.01979	0.01690	0.02193	0.05981	0.01337	0.21672	0.31999	0.03914	0.03138	0.03024	0.05773	0.01141	0.00838	0.00266	0.00766	0.00910	0.07720	0.01267
49	0.03115	0.02268	0.02426	0.01873	0.02519	0.02505	0.01543	0.57581	0.03840	0.05204	0.02097	0.02125	0.01501	0.01019	0.00833	0.00251	0.00897	0.00768	0.06236	0.01400
50	0.01238	0.00825	0.00928	0.00928	0.00928	0.00825	0.00516	0.01238	0.01238	0.01650	0.02681	0.05569	0.03094	0.70092	0.04331	0.00825	0.00825	0.01238	0.00516	0.00516
51	0.01195	0.00870	0.01125	0.01061	0.01266	0.00799	0.00796	0.01588	0.02387	0.03360	0.61705	0.06443	0.10692	0.01759	0.01004	0.00269	0.00403	0.01551	0.00930	0.00799
52	0.10426	0.03191	0.06321	0.02218	0.05312	0.32319	0.04234	0.20008	0.02696	0.03295	0.01553	0.01737	0.01197	0.00894	0.00783	0.00241	0.01231	0.00635	0.00560	0.01151
53	0.02070	0.02027	0.03586	0.08199	0.54992	0.02030	0.09285	0.02603	0.01934	0.02744	0.01610	0.02136	0.01331	0.00758	0.00861	0.00258	0.01065	0.00786	0.00420	0.01305
54	0.01187	0.00905	0.01124	0.01241	0.01457	0.00842	0.01015	0.01480	0.01914	0.02405	0.06177	0.15817	0.28854	0.02308	0.01097	0.00345	0.00609	0.29688	0.00787	0.00747
55	0.02106	0.02022	0.03454	0.05223	0.64784	0.02022	0.02612	0.02612	0.01938	0.02780	0.01601	0.02106	0.01348	0.00758	0.00842	0.00253	0.01011	0.00758	0.00421	0.01348
56	0.02420	0.59959	0.04132	0.01574	0.02256	0.13494	0.01486	0.02684	0.01838	0.02015	0.01204	0.01392	0.01093	0.00752	0.00581	0.00188	0.01010	0.00470	0.00376	0.01075
57	0.01006	0.00862	0.00862	0.00862	0.01149	0.00718	0.00647	0.01221	0.01940	0.02299	0.08621	0.08190	0.64438	0.02155	0.01006	0.00287	0.00431	0.01796	0.00790	0.00718
58	0.03179	0.04056	0.02412	0.02192	0.02631	0.66676	0.01644	0.03398	0.02412	0.02083	0.01315	0.01535	0.01096	0.00877	0.00767	0.00219	0.01535	0.00548	0.00438	0.00987
59	0.02106	0.02022	0.03454	0.05223	0.64784	0.02022	0.02612	0.02612	0.01938	0.02780	0.01601	0.02106	0.01348	0.00758	0.00842	0.00253	0.01011	0.00758	0.00421	0.01348
60	0.03478	0.01994	0.02313	0.01773	0.02445	0.02061	0.01465	0.37884	0.03349	0.30345	0.02590	0.02398	0.01722	0.01035	0.00853	0.00259	0.00848	0.00803	0.00935	0.01448
61	0.01173	0.00798	0.00947	0.01011	0.01027	0.00782	0.00604	0.01221	0.01364	0.01819	0.03329	0.26200	0.03911	0.48346	0.03285	0.00670	0.00718	0.01619	0.00604	0.00572
62	0.01765	0.01513	0.01765	0.01260	0.02017	0.01134	0.01008	0.02143	0.01765	0.02773	0.01513	0.01765	0.01260	0.00630	0.00630	0.00126	0.00630	0.00504	0.00504	0.75295
63	0.01892	0.01951	0.03105	0.02513	0.02691	0.02513	0.14206	0.02188	0.01449	0.02188	0.01242	0.01951	0.01153	0.01330	0.02424	0.00355	0.54691	0.00798	0.00384	0.00976
64	0.01186	0.00979	0.01057	0.01036	0.01325	0.00906	0.00794	0.01690	0.08956	0.02641	0.17047	0.07400	0.44647	0.01984	0.00999	0.00290	0.00474	0.04959	0.00823	0.00807
65	0.01664	0.01570	0.02655	0.60938	0.12529	0.01906	0.02391	0.02224	0.01728	0.02243	0.01523	0.02250	0.01159	0.00840	0.00850	0.00280	0.01120	0.00757	0.00383	0.00991
66	0.07187	0.02158	0.02193	0.01803	0.02387	0.05983	0.01450	0.29517	0.25047	0.09392	0.02573	0.02455	0.01866	0.01050	0.00833	0.00266	0.00842	0.00814	0.00830	0.01353
67	0.02106	0.02022	0.03454	0.05223	0.64784	0.02022	0.02612	0.02612	0.01938	0.02780	0.01601	0.02106	0.01348	0.00758	0.00842	0.00253	0.01011	0.00758	0.00421	0.01348
68	0.02419	0.22104	0.18023	0.02051	0.02709	0.26061	0.01976	0.02832	0.01942	0.02202	0.01305	0.01591	0.01093	0.00895	0.00966	0.00240	0.09560	0.00566	0.00391	0.01073
69	0.02092	0.49252	0.24206	0.01769	0.02668	0.02919	0.02001	0.02596	0.01751	0.02226	0.01294	0.01504	0.01088	0.00754	0.00631	0.00210	0.01022	0.00511	0.00363	0.01146
70	0.02106	0.02022	0.03454	0.05223	0.64784	0.02022	0.02612	0.02612	0.01938	0.02780	0.01601	0.02106	0.01348	0.00758	0.00842	0.00253	0.01011	0.00758	0.00421	0.01348
71	0.03179	0.04056	0.02412	0.02192	0.02631	0.66676	0.01644	0.03398	0.02412	0.02083	0.01315	0.01535	0.01096	0.00877	0.00767	0.00219	0.01535	0.00548	0.00438	0.00987
72	0.01216	0.00912	0.01368	0.01368	0.01520	0.01064	0.01064	0.01520	0.01368	0.01976	0.02279	0.03343	0.02127	0.06382	0.66720	0.01368	0.02279	0.00912	0.00456	0.00760
73	0.01371	0.00980	0.01371	0.01567	0.01763	0.00980	0.01371	0.01763	0.01959	0.02547	0.04506	0.09599	0.04898	0.02351	0.01175	0.00392	0.00784	0.59056	0.00784	0.00784
74	0.02076	0.01991	0.03400	0.09028	0.61215	0.02014	0.02597	0.02585	0.01923	0.02744	0.01595	0.02116	0.01335	0.00764	0.00843	0.00255	0.01018	0.00758	0.00419	0.01324
75	0.01707	0.04402	0.65683	0.02426	0.03683	0.01976	0.03144	0.02695	0.01797	0.02695	0.01527	0.01797	0.01078	0.00809	0.00809	0.00270	0.01258	0.00629	0.00359	0.01258
76	0.03179	0.04056	0.02412	0.02192	0.02631	0.66676	0.01644	0.03398	0.02412	0.02083	0.01315	0.01535	0.01096	0.00877	0.00767	0.00219	0.01535	0.00548	0.00438	0.00987
77	0.01607	0.01449	0.02361	0.38975	0.17052	0.01654	0.02000	0.02039	0.01674	0.02221	0.01978	0.08413	0.01858	0.11590	0.01402	0.00365	0.01007	0.00971	0.00443	0.00942
78	0.01292	0.00950	0.01222	0.01368	0.05007	0.00871	0.00970	0.01579	0.01982	0.05164	0.16195	0.20205	0.25682	0.02096	0.01036	0.00311	0.00547	0.11911	0.00804	0.00806
79	0.02002	0.01915	0.03265	0.18377	0.52447	0.01995	0.02560	0.02520	0.01888	0.02653	0.01582	0.02140	0.01303	0.00778	0.00844	0.00259	0.01037	0.00758	0.00412	0.01264
80	0.01068	0.00877	0.00952	0.00993	0.01255	0.00761	0.00773	0.01310	0.01930	0.02335	0.07775	0.10974	0.52112	0.02209	0.01037	0.00307	0.00492	0.11325	0.00789	0.00728
81	0.01879	0.02088	0.04482	0.03266	0.04018	0.01957	0.53549	0.02520	0.01958	0.02652	0.02119	0.11287	0.01871	0.00978	0.01015	0.00295	0.01309	0.01194	0.00478	0.01087
82	0.01741	0.08411	0.61975	0.02367	0.03592	0.02061	0.03042	0.02686	0.01793	0.02653	0.01506	0.01771	0.01079	0.00804	0.00793	0.00264	0.01237	0.00618	0.00360	0.01248
83	0.02108	0.01981	0.03134	0.04492	0.51683	0.02042	0.02347	0.03012	0.14774	0.02943	0.01991	0.02330	0.01610	0.00841	0.00847	0.00260	0.00940	0.00801	0.00514	0.01348
84	0.01771	0.01015	0.01203	0.01071	0.01438	0.00872	0.00833	0.02052	0.02160	0.18807	0.18160	0.06464	0.37306	0.01789	0.00967	0.00277	0.00501	0.01503	0.00887	0.00923
85	0.02568	0.02437	0.02068	0.01765	0.02217	0.21413	0.01385	0.22792	0.06520	0.03515	0.10252	0.03101	0.08048	0.01197	0.00927	0.00253	0.03676	0.00904	0.03853	0.01107
86	0.01107	0.00831	0.01206	0.01326	0.01424	0.00781	0.03707	0.01300	0.01671	0.02226	0.04537	0.61999	0.05371	0.02551	0.01089	0.00346	0.00559	0.06476	0.00773	0.00719
87	0.01977	0.02202	0.04499	0.03294	0.03969	0.02250	0.48746	0.02579	0.01856	0.02579	0.01591	0.02202	0.01254	0.00884	0.01391	0.00305	0.15954	0.00948	0.00418	0.01101
88	0.02106	0.02022	0.03454	0.05223	0.64784	0.02022	0.02612	0.02612	0.01938	0.02780	0.01601	0.02106	0.01348	0.00758	0.00842	0.00253	0.01011	0.00758	0.00421	0.01348
89	0.02099	0.02042	0.03568	0.05104	0.60391	0.02031	0.06913	0.02620	0.01943	0.02776	0.01610	0.02120	0.01344	0.00755	0.00854	0.00255	0.01042	0.00776	0.00422	0.01333
90	0.01186	0.00846	0.01119	0.01201	0.01333	0.00804	0.00894	0.01467	0.01955	0.02668	0.26626	0.28247	0.06157	0.07831	0.01343	0.00366	0.00548	0.13853	0.00820	0.00738
91	0.01331	0.01247	0.02210	0.01861	0.02211	0.01149	0.19612	0.01670	0.01812	0.02370	0.04594	0.35879	0.16599	0.01956	0.01044	0.00315	0.00772	0.01851	0.00679	0.00838
92	0.01729	0.04249	0.61267	0.02510	0.03739	0.01989	0.07407	0.02697	0.01812	0.02697	0.01541	0.01833	0.01094	0.00802	0.00823	0.00271	0.01271	0.00656	0.00365	0.01250
93	0.01911	0.03138	0.31791	0.03710	0.27955	0.02021	0.11901	0.02667	0.01885	0.02733	0.01586	0.01995	0.01217	0.00775	0.00852	0.00266	0.01187	0.00738	0.00395	0.01277
94	0.02057	0.02228	0.07256	0.04611	0.44460	0.02056	0.19312	0.02648	0.01950	0.02760	0.01631	0.02143	0.01317	0.00749	0.00886	0.00263	0.01144	0.00821	0.00420	0.01287
95	0.01707	0.04402	0.65683	0.02426	0.03683	0.01976	0.03144	0.02695	0.01797	0.02695	0.01527	0.01797	0.01078	0.00809	0.00809	0.00270	0.01258	0.00629	0.00359	0.01258
96	0.01730	0.04265	0.62096	0.02587	0.07205	0.01979	0.03114	0.02690	0.01805	0.02700	0.01531	0.01815	0.01094	0.00806	0.00810	0.00269	0.01243	0.00636	0.00363	0.01263
97	0.01607	0.01107	0.04422	0.01252	0.01549	0.00889	0.00999	0.01867	0.01895	0.14089	0.05306	0.33099	0.20210	0.02113	0.01014	0.00314	0.00580	0.05995	0.00817	0.00875
98	0.02106	0.02022	0.03454	0.05223	0.64784	0.02022	0.02612	0.02612	0.01938	0.02780	0.01601	0.02106	0.01348	0.00758	0.00842	0.00253	0.01011	0.00758	0.00421	0.01348
99	0.02947	0.03616	0.02637	0.02848	0.16080	0.52685	0.01854	0.03228	0.02309	0.02234	0.01377	0.01658	0.01151	0.00851	0.00784	0.00226	0.01421	0.00594	0.00435	0.01065
100	0.02060	0.01975	0.03370	0.11076	0.59295	0.02010	0.02589	0.02571	0.01916	0.02724	0.01593	0.02121	0.01328	0.00767	0.00843	0.00256	0.01022	0.00758	0.00417	0.01310
101	0.02005	0.01915	0.03216	0.04822	0.58923	0.01902	0.02431	0.02484	0.01938	0.02736	0.02247	0.02667	0.07158	0.00887	0.00858	0.00256	0.00958	0.00854	0.00455	0.01290
102	0.01765	0.01513	0.01765	0.01260	0.02017	0.01134	0.01008	0.02143	0.01765	0.02773	0.01513	0.01765	0.01260	0.00630	0.00630	0.00126	0.00630	0.00504	0.00504	0.75295
103	0.01238	0.00825	0.00928	0.00928	0.00928	0.00825	0.00516	0.01238	0.01238	0.01650	0.02681	0.05569	0.03094	0.70092	0.04331	0.00825	0.00825	0.01238	0.00516	0.00516
104	0.01876	0.01779	0.02912	0.04310	0.51461	0.01749	0.02200	0.02321	0.01938	0.02679	0.03071	0.03380	0.14557	0.01051	0.00877	0.00260	0.00890	0.00976	0.00499	0.01216
105	0.01371	0.00980	0.01371	0.01567	0.01763	0.00980	0.01371	0.01763	0.01959	0.02547	0.04506	0.09599	0.04898	0.02351	0.01175	0.00392	0.00784	0.59056	0.00784	0.00784
106	0.02106	0.02022	0.03454	0.05223	0.64784	0.02022	0.02612	0.02612	0.01938	0.02780	0.01601	0.02106	0.01348	0.00758	0.00842	0.00253	0.01011	0.00758	0.00421	0.01348
107	0.01833	0.01743	0.02961	0.39590	0.32551	0.01950	0.02476	0.02372	0.01809	0.02449	0.01553	0.02195	0.01231	0.00809	0.00847	0.00270	0.01079	0.00757	0.00398	0.01128
108	0.01233	0.00843	0.01020	0.01020	0.01052	0.00875	0.00630	0.01297	0.01265	0.01718	0.02597	0.05103	0.02892	0.56753	0.17394	0.00939	0.01130	0.01169	0.00503	0.00567
109	0.01808	0.03782	0.49158	0.03078	0.16520	0.01996	0.06407	0.02679	0.01838	0.02715	0.01554	0.01890	0.01147	0.00793	0.00827	0.00267	0.01216	0.00678	0.00376	0.01270
110	0.02647	0.03048	0.02928	0.03694	0.33428	0.34640	0.02124	0.03008	0.02177	0.02428	0.01457	0.01818	0.01221	0.00818	0.00805	0.00236	0.01275	0.00652	0.00430	0.01166
111	0.01300	0.00901	0.01110	0.01039	0.01290	0.00805	0.00786	0.01646	0.02281	0.06677	0.45468	0.06663	0.23232	0.01815	0.00996	0.00273	0.00428	0.01570	0.00903	0.00817
112	0.02454	0.01668	0.01879	0.01632	0.02135	0.01815	0.01285	0.04221	0.44375	0.18229	0.07870	0.03341	0.02877	0.01173	0.00874	0.00281	0.00666	0.00979	0.00916	0.01331
113	0.03235	0.02384	0.02554	0.01958	0.02639	0.02639	0.01618	0.61946	0.04001	0.05363	0.02043	0.02043	0.01447	0.01022	0.00851	0.00255	0.00936	0.00766	0.00851	0.01447
114	0.02106	0.02022	0.03454	0.05223	0.64784	0.02022	0.02612	0.02612	0.01938	0.02780	0.01601	0.02106	0.01348	0.00758	0.00842	0.00253	0.01011	0.00758	0.00421	0.01348
115	0.01194	0.00869	0.01123	0.01059	0.01265	0.00798	0.00795	0.01585	0.02384	0.03352	0.61327	0.06456	0.11075	0.01762	0.01004	0.00269	0.00403	0.01553	0.00929	0.00798
116	0.03818	0.01448	0.01975	0.01514	0.02172	0.01251	0.01251	0.04147	0.02436	0.65373	0.03357	0.02897	0.02107	0.01053	0.00856	0.00263	0.00724	0.00856	0.01053	0.01448
117	0.01958	0.02721	0.22579	0.07307	0.39116	0.02007	0.02687	0.02731	0.05595	0.02771	0.01686	0.02083	0.01329	0.00802	0.00834	0.00262	0.01073	0.00730	0.00427	0.01300
118	0.02787	0.03368	0.02621	0.02274	0.02701	0.45448	0.07168	0.03295	0.09120	0.02305	0.01571	0.01831	0.01287	0.00970	0.01053	0.00252	0.09773	0.00661	0.00478	0.01035
119	0.01049	0.00746	0.00984	0.01169	0.01216	0.00699	0.00773	0.01188	0.01606	0.02141	0.04569	0.65663	0.05475	0.06750	0.01283	0.00375	0.00514	0.02348	0.00773	0.00681
120	0.01644	0.01603	0.02891	0.29090	0.09830	0.01756	0.15943	0.02130	0.01756	0.02352	0.02211	0.16319	0.02131	0.01230	0.01053	0.00300	0.05141	0.01162	0.00480	0.00976
121	0.02097	0.02427	0.16284	0.10715	0.41479	0.01943	0.02599	0.02697	0.01921	0.07258	0.01704	0.02115	0.01325	0.00800	0.00837	0.00260	0.01054	0.00738	0.00450	0.01296
122	0.11105	0.02443	0.02183	0.02085	0.08111	0.23169	0.01509	0.07663	0.04931	0.21254	0.02255	0.02542	0.01705	0.01015	0.00808	0.00256	0.01029	0.04054	0.00695	0.01186
123	0.19235	0.03213	0.34954	0.02418	0.03402	0.02006	0.17695	0.02658	0.01770	0.02966	0.01497	0.01828	0.01096	0.00781	0.00793	0.00273	0.01163	0.00686	0.00417	0.01151
124	0.02367	0.02887	0.22580	0.02435	0.03273	0.08607	0.17807	0.05810	0.04680	0.13696	0.02026	0.02254	0.01459	0.01189	0.04768	0.00333	0.01261	0.00796	0.00557	0.01217
125	0.05882	0.02241	0.12729	0.08060	0.29263	0.01929	0.02185	0.08819	0.05630	0.06048	0.01896	0.02214	0.01456	0.00858	0.00804	0.00256	0.00949	0.00743	0.06786	0.01251
126	0.02622	0.07421	0.15710	0.02024	0.02737	0.29296	0.01851	0.12703	0.02412	0.02849	0.01501	0.01697	0.01174	0.00842	0.00757	0.00220	0.01210	0.00589	0.00495	0.11892
127	0.01565	0.06388	0.41548	0.08198	0.03234	0.01729	0.02433	0.02281	0.01745	0.02490	0.02261	0.17908	0.02165	0.01250	0.00866	0.00285	0.01048	0.01058	0.00464	0.01086
128	0.20142	0.02413	0.08124	0.02430	0.15386	0.13889	0.01717	0.03198	0.08085	0.13889	0.01934	0.02044	0.01432	0.00883	0.00755	0.00256	0.00964	0.00674	0.00598	0.01189
129	0.01953	0.02040	0.06274	0.03346	0.32130	0.07754	0.01957	0.02657	0.10003	0.02835	0.10577	0.09681	0.02811	0.01152	0.00883	0.00267	0.00895	0.01034	0.00585	0.01168
130	0.02119	0.02713	0.21847	0.06360	0.25024	0.02051	0.02400	0.14222	0.04855	0.03236	0.02143	0.02403	0.04964	0.00927	0.00845	0.00263	0.01029	0.00789	0.00524	0.01284
131	0.01823	0.02577	0.21402	0.06884	0.21769	0.01862	0.14902	0.02499	0.01928	0.02726	0.05487	0.03008	0.01962	0.00974	0.00907	0.00280	0.01121	0.06248	0.00466	0.01174
132	0.02344	0.16785	0.12302	0.05523	0.02524	0.06603	0.01682	0.02769	0.02003	0.17321	0.05171	0.03472	0.04718	0.01189	0.00922	0.00268	0.04112	0.08551	0.00631	0.01110

[dist]
# distance from previous block
# <min> <max>
69	150

[block]
# block no. 1 follows, 21 sequences, length 15
# corresponding to MSA columns:
# 377-391
name=unknown_B
#
# <colnr> <probs for GDERKNQSTAVLIFYWHMCP>
#	G	D	E	R	K	N	Q	S	T	A	V	L	I	F	Y	W	H	M	C	P
0	0.07923	0.02890	0.32277	0.01974	0.02755	0.01856	0.02160	0.02823	0.14429	0.02867	0.02458	0.03055	0.04374	0.01369	0.04067	0.00342	0.04957	0.05746	0.00537	0.01143
1	0.02134	0.03040	0.34690	0.08228	0.11767	0.01794	0.04889	0.02861	0.01963	0.14341	0.04730	0.02310	0.01634	0.00889	0.00842	0.00268	0.01083	0.00756	0.00527	0.01254
2	0.02072	0.06542	0.15357	0.01869	0.02508	0.13097	0.06009	0.10901	0.02375	0.03057	0.15774	0.03331	0.08080	0.01149	0.00858	0.00250	0.00970	0.00943	0.00617	0.04241
3	0.14375	0.08986	0.25145	0.06279	0.03044	0.13380	0.04429	0.04988	0.01926	0.02790	0.01430	0.01703	0.01096	0.00805	0.00731	0.00243	0.01118	0.00591	0.00435	0.06505
4	0.07248	0.08268	0.13591	0.02693	0.11984	0.04512	0.17451	0.02429	0.01817	0.02616	0.04630	0.02388	0.01682	0.01822	0.12723	0.00460	0.01349	0.00809	0.00447	0.01081
5	0.04765	0.05144	0.26838	0.02687	0.18041	0.01791	0.02228	0.04934	0.01873	0.02779	0.01989	0.02953	0.01740	0.07074	0.01125	0.00316	0.01005	0.05714	0.05875	0.01129
6	0.08193	0.03326	0.36711	0.02951	0.10844	0.02023	0.18530	0.02677	0.01840	0.02809	0.01558	0.01931	0.01153	0.00777	0.00841	0.00272	0.01225	0.00730	0.00400	0.01210
7	0.08663	0.03366	0.13720	0.02189	0.05716	0.32353	0.01845	0.10938	0.05149	0.02883	0.01853	0.02015	0.03822	0.00936	0.00784	0.00244	0.01223	0.00665	0.00520	0.01115
8	0.01743	0.03029	0.36887	0.01925	0.02797	0.01723	0.02190	0.02823	0.12861	0.02891	0.02095	0.02320	0.01578	0.01159	0.04014	0.00306	0.01031	0.00718	0.11346	0.06563
9	0.02300	0.02389	0.03266	0.04676	0.53567	0.13690	0.02437	0.02754	0.02023	0.02654	0.01549	0.02003	0.01303	0.00780	0.00829	0.00247	0.01106	0.00720	0.00424	0.01283
10	0.01625	0.02034	0.13945	0.56204	0.05468	0.01906	0.02504	0.02268	0.01719	0.02268	0.01515	0.02184	0.01124	0.00843	0.00843	0.00281	0.01157	0.00733	0.00375	0.01002
11	0.01779	0.03972	0.54453	0.02930	0.14710	0.01985	0.03048	0.02680	0.01822	0.02710	0.01540	0.01853	0.01127	0.00799	0.00815	0.00266	0.01213	0.00652	0.00371	0.01274
12	0.02155	0.58135	0.04115	0.13474	0.02848	0.03101	0.01620	0.02481	0.01724	0.02033	0.01243	0.01528	0.01100	0.00750	0.00601	0.00200	0.00951	0.00509	0.00367	0.01066
13	0.14301	0.29285	0.13552	0.01618	0.02365	0.04653	0.01616	0.03007	0.05413	0.14276	0.01782	0.01836	0.01338	0.00842	0.00671	0.00232	0.00902	0.00592	0.00549	0.01170
14	0.08162	0.01045	0.01318	0.01221	0.01520	0.01014	0.00937	0.02153	0.01985	0.16654	0.20261	0.15722	0.07206	0.02405	0.11445	0.00454	0.00813	0.01335	0.03424	0.00925

[dist]
# distance from previous block
# <min> <max>
0	13

[block]
# block no. 2 follows, 21 sequences, length 17
# corresponding to MSA columns:
# 405-421
name=unknown_C
#
# <colnr> <probs for GDERKNQSTAVLIFYWHMCP>
#	G	D	E	R	K	N	Q	S	T	A	V	L	I	F	Y	W	H	M	C	P
0	0.23514	0.05654	0.05090	0.01428	0.01998	0.01687	0.01228	0.03264	0.12233	0.23106	0.10004	0.02792	0.02466	0.01048	0.00762	0.00264	0.00696	0.00810	0.00783	0.01173
1	0.01988	0.02128	0.08357	0.15831	0.49655	0.01996	0.02612	0.02543	0.01886	0.02669	0.01580	0.02109	0.01289	0.00778	0.00841	0.00259	0.01052	0.00747	0.00409	0.01271
2	0.02181	0.01993	0.02622	0.31584	0.13298	0.06819	0.02083	0.14525	0.07942	0.03021	0.01782	0.02212	0.01361	0.00929	0.00930	0.00273	0.04009	0.00762	0.00529	0.01146
3	0.01731	0.04231	0.60752	0.02520	0.03745	0.01991	0.07903	0.02698	0.01814	0.02698	0.01543	0.01837	0.01095	0.00801	0.00824	0.00271	0.01272	0.00659	0.00365	0.01249
4	0.02588	0.02499	0.09046	0.03042	0.19914	0.04913	0.08128	0.28959	0.02858	0.03883	0.01787	0.02029	0.01346	0.00875	0.00847	0.00252	0.01049	0.00755	0.00611	0.04620
5	0.03161	0.02735	0.02487	0.01999	0.02614	0.17225	0.01609	0.45460	0.06862	0.04517	0.01954	0.01989	0.01430	0.00996	0.00833	0.00249	0.01059	0.00727	0.00758	0.01337
6	0.01008	0.00854	0.00870	0.00882	0.01155	0.00717	0.00656	0.01219	0.01920	0.02291	0.08374	0.12044	0.60744	0.02187	0.01011	0.00291	0.00435	0.01835	0.00790	0.00717
7	0.01006	0.00862	0.00862	0.00862	0.01149	0.00718	0.00647	0.01221	0.01940	0.02299	0.08621	0.08190	0.64438	0.02155	0.01006	0.00287	0.00431	0.01796	0.00790	0.00718
8	0.05845	0.48075	0.21907	0.01718	0.02588	0.02893	0.01915	0.02588	0.01734	0.02293	0.01282	0.01490	0.01079	0.00754	0.00621	0.00211	0.00997	0.00505	0.00371	0.01131
9	0.02106	0.02022	0.03454	0.05223	0.64784	0.02022	0.02612	0.02612	0.01938	0.02780	0.01601	0.02106	0.01348	0.00758	0.00842	0.00253	0.01011	0.00758	0.00421	0.01348
10	0.01157	0.00791	0.00952	0.01031	0.01051	0.00772	0.00625	0.01217	0.01394	0.01859	0.03485	0.31150	0.04108	0.43128	0.03034	0.00633	0.00693	0.01710	0.00625	0.00586
11	0.02395	0.02188	0.03584	0.03925	0.33017	0.02224	0.16615	0.19048	0.02525	0.03481	0.01752	0.02135	0.01362	0.00821	0.00884	0.00262	0.01093	0.00820	0.00542	0.01327
12	0.02078	0.02186	0.07902	0.04853	0.57343	0.02023	0.02590	0.02709	0.04869	0.02811	0.01685	0.02135	0.01388	0.00781	0.00841	0.00256	0.01013	0.00759	0.00438	0.01341
13	0.02300	0.02604	0.02586	0.34766	0.10515	0.28379	0.02095	0.02719	0.02016	0.02198	0.01441	0.01952	0.01140	0.00852	0.00816	0.00254	0.01285	0.00671	0.00407	0.01003
14	0.25680	0.02858	0.28130	0.02403	0.13082	0.01977	0.02159	0.02805	0.07967	0.03158	0.01627	0.01856	0.01228	0.00829	0.00730	0.00267	0.00965	0.00630	0.00475	0.01174
15	0.02519	0.02348	0.02569	0.17369	0.03396	0.13494	0.05242	0.21782	0.12829	0.03428	0.01964	0.02201	0.01480	0.00986	0.00949	0.00269	0.04592	0.00771	0.00623	0.01190
16	0.02578	0.06509	0.20273	0.02319	0.07358	0.16195	0.04315	0.14280	0.02405	0.09251	0.01816	0.02104	0.01384	0.04325	0.00985	0.00278	0.01153	0.00706	0.00556	0.01211

[dist]
# distance from previous block
# <min> <max>
0	5

[block]
# block no. 3 follows, 21 sequences, length 21
# corresponding to MSA columns:
# 427-447
name=unknown_D
#
# <colnr> <probs for GDERKNQSTAVLIFYWHMCP>
#	G	D	E	R	K	N	Q	S	T	A	V	L	I	F	Y	W	H	M	C	P
0	0.02047	0.02628	0.16529	0.08858	0.40357	0.05994	0.06070	0.02653	0.01924	0.02673	0.01568	0.02028	0.01257	0.00780	0.00841	0.00258	0.01129	0.00732	0.00407	0.01266
1	0.36284	0.05885	0.12287	0.01882	0.02567	0.01933	0.14120	0.02487	0.01722	0.03222	0.05418	0.02379	0.01681	0.00915	0.00736	0.00272	0.00920	0.03763	0.00510	0.01016
2	0.15722	0.01894	0.02944	0.11655	0.46374	0.01986	0.02271	0.02541	0.01820	0.02903	0.01514	0.01991	0.01245	0.00775	0.00785	0.00258	0.00960	0.00703	0.00436	0.01223
3	0.02168	0.02283	0.02938	0.25215	0.32338	0.15602	0.02326	0.02634	0.01960	0.02434	0.01512	0.02039	0.01225	0.00814	0.00829	0.00256	0.01162	0.00713	0.00411	0.01140
4	0.02173	0.22470	0.35576	0.02111	0.03051	0.15989	0.02366	0.02803	0.01908	0.02376	0.01388	0.01623	0.01086	0.00801	0.00728	0.00235	0.01221	0.00564	0.00377	0.01155
5	0.02586	0.02931	0.02988	0.03869	0.37015	0.30908	0.02179	0.02963	0.02149	0.02469	0.01473	0.01851	0.01235	0.00811	0.00809	0.00238	0.01245	0.00664	0.00429	0.01187
6	0.01083	0.00760	0.00974	0.01126	0.01165	0.00722	0.00727	0.01197	0.01540	0.02053	0.04232	0.54949	0.05050	0.18043	0.01826	0.00455	0.00569	0.02150	0.00727	0.00651
7	0.01862	0.01862	0.02607	0.02234	0.02234	0.02607	0.01862	0.02048	0.01303	0.02048	0.01117	0.01862	0.01117	0.01489	0.02793	0.00372	0.68535	0.00745	0.00372	0.00931
8	0.02106	0.02022	0.03454	0.05223	0.64784	0.02022	0.02612	0.02612	0.01938	0.02780	0.01601	0.02106	0.01348	0.00758	0.00842	0.00253	0.01011	0.00758	0.00421	0.01348
9	0.03183	0.03936	0.02422	0.02176	0.02631	0.62083	0.01642	0.07597	0.02526	0.02318	0.01368	0.01571	0.01121	0.00887	0.00773	0.00222	0.01492	0.00564	0.00468	0.01020
10	0.01227	0.00865	0.01131	0.01131	0.01201	0.00935	0.00768	0.01368	0.01298	0.01800	0.02496	0.04543	0.02648	0.40728	0.33086	0.01075	0.01495	0.01087	0.00488	0.00628
11	0.76103	0.01646	0.01251	0.01119	0.01646	0.01909	0.00922	0.02502	0.01448	0.03818	0.01185	0.01382	0.00922	0.00790	0.00527	0.00263	0.00658	0.00461	0.00527	0.00922
12	0.02106	0.02022	0.03454	0.05223	0.64784	0.02022	0.02612	0.02612	0.01938	0.02780	0.01601	0.02106	0.01348	0.00758	0.00842	0.00253	0.01011	0.00758	0.00421	0.01348
13	0.01037	0.00741	0.00987	0.01185	0.01234	0.00691	0.00790	0.01185	0.01629	0.02172	0.04690	0.69537	0.05629	0.02666	0.01086	0.00346	0.00494	0.02419	0.00790	0.00691
14	0.01765	0.01513	0.01765	0.01260	0.02017	0.01134	0.01008	0.02143	0.01765	0.02773	0.01513	0.01765	0.01260	0.00630	0.00630	0.00126	0.00630	0.00504	0.00504	0.75295
15	0.02928	0.02851	0.02340	0.01985	0.02527	0.25855	0.01558	0.25859	0.18628	0.03704	0.02142	0.02148	0.01615	0.01003	0.00824	0.00251	0.01087	0.00737	0.00705	0.01254
16	0.01216	0.00912	0.01368	0.01368	0.01520	0.01064	0.01064	0.01520	0.01368	0.01976	0.02279	0.03343	0.02127	0.06382	0.66720	0.01368	0.02279	0.00912	0.00456	0.00760
17	0.01100	0.00892	0.00993	0.01043	0.01307	0.00785	0.00833	0.01360	0.01945	0.02363	0.07565	0.08552	0.49157	0.02205	0.01049	0.00314	0.00522	0.16492	0.00789	0.00735
18	0.01037	0.00741	0.00987	0.01185	0.01234	0.00691	0.00790	0.01185	0.01629	0.02172	0.04690	0.69537	0.05629	0.02666	0.01086	0.00346	0.00494	0.02419	0.00790	0.00691
19	0.02106	0.02022	0.03454	0.05223	0.64784	0.02022	0.02612	0.02612	0.01938	0.02780	0.01601	0.02106	0.01348	0.00758	0.00842	0.00253	0.01011	0.00758	0.00421	0.01348
20	0.02106	0.02022	0.03454	0.05223	0.64784	0.02022	0.02612	0.02612	0.01938	0.02780	0.01601	0.02106	0.01348	0.00758	0.00842	0.00253	0.01011	0.00758	0.00421	0.01348

[dist]
# distance from previous block
# <min> <max>
0	1

[block]
# block no. 4 follows, 21 sequences, length 77
# corresponding to MSA columns:
# 449-525
name=unknown_E
#
# <colnr> <probs for GDERKNQSTAVLIFYWHMCP>
#	G	D	E	R	K	N	Q	S	T	A	V	L	I	F	Y	W	H	M	C	P
0	0.02106	0.02022	0.03454	0.05223	0.64784	0.02022	0.02612	0.02612	0.01938	0.02780	0.01601	0.02106	0.01348	0.00758	0.00842	0.00253	0.01011	0.00758	0.00421	0.01348
1	0.02317	0.67512	0.04364	0.01490	0.02205	0.06310	0.01465	0.02588	0.01761	0.02006	0.01189	0.01373	0.01092	0.00735	0.00556	0.00184	0.00939	0.00459	0.00367	0.01087
2	0.01104	0.00859	0.01003	0.00982	0.01214	0.00758	0.00731	0.01407	0.02152	0.02835	0.35590	0.10677	0.33671	0.01981	0.01009	0.00281	0.00420	0.01705	0.00862	0.00758
3	0.01928	0.01422	0.01616	0.01338	0.01812	0.01380	0.01055	0.12409	0.10903	0.06666	0.19239	0.04042	0.10221	0.01266	0.00848	0.00236	0.00599	0.01057	0.04784	0.17177
4	0.02165	0.49468	0.10082	0.02017	0.02822	0.02972	0.15004	0.02601	0.01797	0.02225	0.01334	0.01611	0.01135	0.00733	0.00672	0.00213	0.01058	0.00593	0.00378	0.01119
5	0.01860	0.22232	0.49194	0.02164	0.03280	0.02351	0.02690	0.02656	0.01779	0.02508	0.01435	0.01680	0.01082	0.00787	0.00738	0.00246	0.01164	0.00582	0.00361	0.01213
6	0.02937	0.02199	0.02387	0.01850	0.02502	0.02389	0.01518	0.50275	0.06659	0.04855	0.02075	0.02137	0.01521	0.01253	0.04063	0.00299	0.00959	0.00758	0.00799	0.08564
7	0.05931	0.01299	0.01574	0.01489	0.01859	0.01328	0.01183	0.02985	0.18006	0.18361	0.03819	0.19167	0.03563	0.01707	0.00962	0.00316	0.00669	0.13842	0.00860	0.01082
8	0.02275	0.70604	0.04459	0.01456	0.02184	0.03367	0.01456	0.02548	0.01729	0.02002	0.01183	0.01365	0.01092	0.00728	0.00546	0.00182	0.00910	0.00455	0.00364	0.01092
9	0.01943	0.01207	0.01451	0.01281	0.01657	0.01179	0.00996	0.02745	0.15870	0.16717	0.28762	0.05188	0.14447	0.01526	0.00941	0.00274	0.00537	0.01303	0.00923	0.01051
10	0.01765	0.01513	0.01765	0.01260	0.02017	0.01134	0.01008	0.02143	0.01765	0.02773	0.01513	0.01765	0.01260	0.00630	0.00630	0.00126	0.00630	0.00504	0.00504	0.75295
11	0.01935	0.03226	0.37292	0.02428	0.08890	0.01805	0.05447	0.05336	0.01942	0.05613	0.01645	0.01903	0.01216	0.00781	0.00787	0.00237	0.01069	0.00649	0.00453	0.17346
12	0.76103	0.01646	0.01251	0.01119	0.01646	0.01909	0.00922	0.02502	0.01448	0.03818	0.01185	0.01382	0.00922	0.00790	0.00527	0.00263	0.00658	0.00461	0.00527	0.00922
13	0.01216	0.00912	0.01368	0.01368	0.01520	0.01064	0.01064	0.01520	0.01368	0.01976	0.02279	0.03343	0.02127	0.06382	0.66720	0.01368	0.02279	0.00912	0.00456	0.00760
14	0.01607	0.01513	0.02552	0.68047	0.05861	0.01891	0.02363	0.02174	0.01702	0.02174	0.01513	0.02269	0.01134	0.00851	0.00851	0.00284	0.01134	0.00756	0.00378	0.00945
15	0.01182	0.00862	0.01111	0.01063	0.01261	0.00791	0.00792	0.01558	0.02336	0.03273	0.57471	0.09877	0.11601	0.01817	0.01008	0.00273	0.00408	0.01603	0.00919	0.00791
16	0.01037	0.00741	0.00987	0.01185	0.01234	0.00691	0.00790	0.01185	0.01629	0.02172	0.04690	0.69537	0.05629	0.02666	0.01086	0.00346	0.00494	0.02419	0.00790	0.00691
17	0.02106	0.02022	0.03454	0.05223	0.64784	0.02022	0.02612	0.02612	0.01938	0.02780	0.01601	0.02106	0.01348	0.00758	0.00842	0.00253	0.01011	0.00758	0.00421	0.01348
18	0.02952	0.03677	0.02445	0.02200	0.02562	0.55617	0.01682	0.03165	0.02220	0.02077	0.01281	0.01591	0.01100	0.00983	0.01117	0.00246	0.13100	0.00582	0.00427	0.00977
19	0.02149	0.55881	0.18075	0.01672	0.02518	0.03058	0.01832	0.02581	0.01744	0.02156	0.01260	0.01461	0.01089	0.00746	0.00604	0.00201	0.00987	0.00494	0.00363	0.01129
20	0.01707	0.04402	0.65683	0.02426	0.03683	0.01976	0.03144	0.02695	0.01797	0.02695	0.01527	0.01797	0.01078	0.00809	0.00809	0.00270	0.01258	0.00629	0.00359	0.01258
21	0.01607	0.01513	0.02552	0.68047	0.05861	0.01891	0.02363	0.02174	0.01702	0.02174	0.01513	0.02269	0.01134	0.00851	0.00851	0.00284	0.01134	0.00756	0.00378	0.00945
22	0.03119	0.03612	0.02506	0.02348	0.06709	0.50553	0.01703	0.14210	0.02675	0.02737	0.01469	0.01667	0.01178	0.00896	0.00788	0.00228	0.01389	0.00602	0.00514	0.01096
23	0.01217	0.00908	0.01346	0.01346	0.01491	0.01052	0.01037	0.01506	0.01361	0.01960	0.02299	0.03452	0.02175	0.09509	0.63658	0.01341	0.02208	0.00928	0.00459	0.00748
24	0.01204	0.00870	0.01138	0.01071	0.01271	0.00803	0.00803	0.01606	0.02409	0.03413	0.64335	0.06357	0.08030	0.01740	0.01004	0.00268	0.00401	0.01539	0.00937	0.00803
25	0.01037	0.00741	0.00987	0.01185	0.01234	0.00691	0.00790	0.01185	0.01629	0.02172	0.04690	0.69537	0.05629	0.02666	0.01086	0.00346	0.00494	0.02419	0.00790	0.00691
26	0.02106	0.02022	0.03454	0.05223	0.64784	0.02022	0.02612	0.02612	0.01938	0.02780	0.01601	0.02106	0.01348	0.00758	0.00842	0.00253	0.01011	0.00758	0.00421	0.01348
27	0.01707	0.04402	0.65683	0.02426	0.03683	0.01976	0.03144	0.02695	0.01797	0.02695	0.01527	0.01797	0.01078	0.00809	0.00809	0.00270	0.01258	0.00629	0.00359	0.01258
28	0.01037	0.00741	0.00987	0.01185	0.01234	0.00691	0.00790	0.01185	0.01629	0.02172	0.04690	0.69537	0.05629	0.02666	0.01086	0.00346	0.00494	0.02419	0.00790	0.00691
29	0.01827	0.01811	0.02540	0.02188	0.02196	0.02524	0.01819	0.02020	0.01307	0.02044	0.01180	0.01942	0.01171	0.01753	0.06233	0.00426	0.64970	0.00754	0.00377	0.00922
30	0.03235	0.02384	0.02554	0.01958	0.02639	0.02639	0.01618	0.61946	0.04001	0.05363	0.02043	0.02043	0.01447	0.01022	0.00851	0.00255	0.00936	0.00766	0.00851	0.01447
31	0.02009	0.02296	0.05022	0.03587	0.04448	0.02152	0.61693	0.02726	0.02009	0.02726	0.01722	0.02296	0.01291	0.00717	0.01004	0.00287	0.01435	0.01004	0.00430	0.01148
32	0.01037	0.00741	0.00987	0.01185	0.01234	0.00691	0.00790	0.01185	0.01629	0.02172	0.04690	0.69537	0.05629	0.02666	0.01086	0.00346	0.00494	0.02419	0.00790	0.00691
33	0.02110	0.01959	0.02954	0.04081	0.44315	0.02053	0.02198	0.03237	0.21993	0.03035	0.02210	0.02456	0.01757	0.00888	0.00850	0.00264	0.00901	0.00825	0.00567	0.01348
34	0.01899	0.18668	0.38902	0.02462	0.03516	0.02324	0.15475	0.02669	0.01828	0.02548	0.01493	0.01809	0.01127	0.00771	0.00793	0.00254	0.01219	0.00672	0.00376	0.01197
35	0.01624	0.01063	0.01227	0.01136	0.01482	0.00977	0.00888	0.02124	0.08355	0.12686	0.16204	0.06623	0.34948	0.01821	0.00978	0.00287	0.00521	0.05275	0.00864	0.00917
36	0.02592	0.02888	0.02584	0.02945	0.20421	0.31172	0.01845	0.03466	0.18185	0.02670	0.01959	0.02128	0.01561	0.00915	0.00815	0.00247	0.01159	0.00717	0.00545	0.01185
37	0.01791	0.03836	0.49703	0.02814	0.06978	0.02016	0.15460	0.02697	0.01849	0.02706	0.01572	0.01918	0.01137	0.00787	0.00852	0.00272	0.01282	0.00715	0.00377	0.01239
38	0.01707	0.04402	0.65683	0.02426	0.03683	0.01976	0.03144	0.02695	0.01797	0.02695	0.01527	0.01797	0.01078	0.00809	0.00809	0.00270	0.01258	0.00629	0.00359	0.01258
39	0.01216	0.00912	0.01368	0.01368	0.01520	0.01064	0.01064	0.01520	0.01368	0.01976	0.02279	0.03343	0.02127	0.06382	0.66720	0.01368	0.02279	0.00912	0.00456	0.00760
40	0.02106	0.02022	0.03454	0.05223	0.64784	0.02022	0.02612	0.02612	0.01938	0.02780	0.01601	0.02106	0.01348	0.00758	0.00842	0.00253	0.01011	0.00758	0.00421	0.01348
41	0.02864	0.03353	0.02417	0.05645	0.06806	0.45567	0.01696	0.06533	0.12063	0.02539	0.01723	0.01896	0.01371	0.00919	0.00797	0.00238	0.01312	0.00649	0.00524	0.01089
42	0.03179	0.04056	0.02412	0.02192	0.02631	0.66676	0.01644	0.03398	0.02412	0.02083	0.01315	0.01535	0.01096	0.00877	0.00767	0.00219	0.01535	0.00548	0.00438	0.00987
43	0.02106	0.02022	0.03454	0.05223	0.64784	0.02022	0.02612	0.02612	0.01938	0.02780	0.01601	0.02106	0.01348	0.00758	0.00842	0.00253	0.01011	0.00758	0.00421	0.01348
44	0.02275	0.70604	0.04459	0.01456	0.02184	0.03367	0.01456	0.02548	0.01729	0.02002	0.01183	0.01365	0.01092	0.00728	0.00546	0.00182	0.00910	0.00455	0.00364	0.01092
45	0.02238	0.02260	0.03249	0.04675	0.53998	0.09909	0.02429	0.02806	0.05140	0.02735	0.01661	0.02091	0.01381	0.00793	0.00835	0.00251	0.01058	0.00743	0.00446	0.01304
46	0.12552	0.02516	0.20481	0.02156	0.02951	0.01838	0.15154	0.08959	0.02084	0.09299	0.02456	0.02661	0.07156	0.01264	0.04473	0.00333	0.01105	0.00849	0.00565	0.01148
47	0.02053	0.01967	0.03357	0.11981	0.58445	0.02008	0.02585	0.02565	0.01912	0.02715	0.01591	0.02124	0.01325	0.00768	0.00843	0.00256	0.01024	0.00758	0.00417	0.01305
48	0.02106	0.02022	0.03454	0.05223	0.64784	0.02022	0.02612	0.02612	0.01938	0.02780	0.01601	0.02106	0.01348	0.00758	0.00842	0.00253	0.01011	0.00758	0.00421	0.01348
49	0.01006	0.00862	0.00862	0.00862	0.01149	0.00718	0.00647	0.01221	0.01940	0.02299	0.08621	0.08190	0.64438	0.02155	0.01006	0.00287	0.00431	0.01796	0.00790	0.00718
50	0.01897	0.18301	0.38905	0.02473	0.03528	0.02317	0.15799	0.02670	0.01829	0.02552	0.01496	0.01814	0.01128	0.00771	0.00795	0.00254	0.01222	0.00675	0.00376	0.01197
