[name]
unknown

[dist]
# distance from previous block
# <min> <max>
0	13

[block]
# block no. 0 follows, 18 sequences, length 97
# corresponding to MSA columns:
# 13-109
name=unknown_A
#
# <colnr> <probs for GDERKNQSTAVLIFYWHMCP>
#	G	D	E	R	K	N	Q	S	T	A	V	L	I	F	Y	W	H	M	C	P
0	0.02045	0.01840	0.02872	0.08277	0.34818	0.01914	0.02274	0.02866	0.10629	0.03017	0.02776	0.04415	0.02565	0.01305	0.01000	0.00317	0.00987	0.14190	0.00617	0.01276
1	0.01312	0.00984	0.01476	0.01476	0.01640	0.01148	0.01148	0.01640	0.01476	0.02131	0.02459	0.03607	0.02295	0.06886	0.64092	0.01476	0.02459	0.00984	0.00492	0.00820
2	0.01842	0.04749	0.62974	0.02617	0.03974	0.02132	0.03392	0.02908	0.01939	0.02908	0.01648	0.01939	0.01163	0.00872	0.00872	0.00291	0.01357	0.00678	0.00388	0.01357
3	0.03353	0.04214	0.02567	0.02332	0.02808	0.59878	0.01752	0.03748	0.06498	0.02355	0.01576	0.01775	0.01292	0.00966	0.00835	0.00242	0.01593	0.00622	0.00504	0.01091
4	0.02397	0.02113	0.03401	0.04868	0.50092	0.02140	0.02538	0.03203	0.09887	0.07080	0.02121	0.02483	0.01689	0.00896	0.00913	0.00279	0.01022	0.00854	0.00564	0.01461
5	0.01662	0.01729	0.01361	0.01297	0.01656	0.14255	0.00976	0.02055	0.06131	0.02523	0.07260	0.06953	0.44881	0.01961	0.01021	0.00295	0.00734	0.01592	0.00778	0.00882
6	0.20001	0.02811	0.25750	0.02029	0.02870	0.01820	0.08552	0.02532	0.01979	0.03284	0.10817	0.03281	0.08324	0.01145	0.00871	0.00293	0.00995	0.00946	0.00577	0.01123
7	0.02213	0.02359	0.07078	0.07813	0.35533	0.06834	0.02338	0.02739	0.02060	0.02892	0.01669	0.02123	0.01376	0.00804	0.00845	0.00240	0.01062	0.00724	0.00470	0.18825
8	0.01559	0.01316	0.01994	0.05822	0.19609	0.01287	0.01517	0.01967	0.02208	0.03060	0.25766	0.16925	0.09837	0.01739	0.01040	0.00303	0.00691	0.01570	0.00772	0.01019
9	0.02247	0.02253	0.04137	0.05208	0.48130	0.02216	0.16363	0.02848	0.02109	0.02986	0.01759	0.02322	0.01440	0.00807	0.00951	0.00282	0.01202	0.00882	0.00457	0.01402
10	0.02396	0.02342	0.03195	0.04408	0.41689	0.10357	0.02418	0.06492	0.02309	0.03046	0.02160	0.03328	0.01967	0.01097	0.00950	0.00289	0.01127	0.08565	0.00543	0.01323
11	0.02532	0.63225	0.04637	0.01634	0.02395	0.08415	0.01587	0.02822	0.01924	0.02167	0.01288	0.01487	0.01179	0.00798	0.00608	0.00200	0.01035	0.00499	0.00399	0.01169
12	0.02382	0.22174	0.10340	0.17959	0.12356	0.15145	0.02241	0.02866	0.02050	0.02431	0.01500	0.01917	0.01229	0.00865	0.00797	0.00253	0.01236	0.00660	0.00421	0.01178
13	0.01343	0.01086	0.01542	0.16884	0.02654	0.01136	0.01376	0.01687	0.01925	0.02464	0.05031	0.26881	0.15815	0.02214	0.01115	0.00355	0.00758	0.14149	0.00743	0.00841
14	0.02928	0.02910	0.02781	0.02965	0.17053	0.22621	0.01931	0.18916	0.07529	0.03647	0.06063	0.02460	0.02002	0.01047	0.00899	0.00266	0.01180	0.00822	0.00667	0.01315
15	0.02482	0.01859	0.02081	0.01722	0.02233	0.02021	0.01391	0.33534	0.03184	0.04240	0.03684	0.03869	0.13739	0.02749	0.16273	0.00574	0.01253	0.01087	0.00802	0.01225
16	0.01149	0.00812	0.01056	0.01240	0.01285	0.00766	0.00811	0.01286	0.01699	0.02265	0.04756	0.58544	0.05689	0.11989	0.01664	0.00446	0.00583	0.02431	0.00811	0.00719
17	0.02194	0.02402	0.04991	0.04316	0.19243	0.02287	0.44567	0.02910	0.02148	0.02956	0.01825	0.02425	0.01409	0.00785	0.01040	0.00300	0.01433	0.01017	0.00462	0.01293
18	0.03132	0.02717	0.03175	0.02438	0.03151	0.11026	0.13067	0.37457	0.03538	0.04620	0.02066	0.02242	0.01514	0.01014	0.00926	0.00274	0.01178	0.00847	0.04223	0.01395
19	0.01712	0.00856	0.00856	0.00856	0.01070	0.00856	0.00642	0.02139	0.01926	0.03423	0.02995	0.03423	0.02353	0.01070	0.00642	0.00214	0.00428	0.00856	0.72828	0.00856
20	0.01146	0.00923	0.00959	0.00955	0.01199	0.00803	0.00678	0.01342	0.01966	0.02399	0.10576	0.08175	0.47395	0.15368	0.01802	0.00425	0.00548	0.01804	0.00801	0.00736
21	0.01868	0.04592	0.59339	0.02802	0.07534	0.02135	0.03357	0.02902	0.01948	0.02913	0.01653	0.01959	0.01181	0.00869	0.00875	0.00290	0.01341	0.00687	0.00392	0.01363
22	0.03430	0.04376	0.02602	0.02365	0.02839	0.64045	0.01774	0.03666	0.02602	0.02247	0.01419	0.01656	0.01183	0.00946	0.00828	0.00237	0.01656	0.00591	0.00473	0.01064
23	0.02024	0.01135	0.01549	0.01510	0.01836	0.01064	0.01258	0.02434	0.02383	0.16669	0.22361	0.07614	0.05660	0.02011	0.01132	0.00349	0.00701	0.26332	0.00964	0.01015
24	0.03490	0.02572	0.02756	0.02113	0.02847	0.02847	0.01745	0.58942	0.04317	0.05787	0.02204	0.02204	0.01561	0.01102	0.00919	0.00276	0.01010	0.00827	0.00919	0.01561
25	0.01085	0.00930	0.00930	0.00930	0.01240	0.00775	0.00698	0.01318	0.02093	0.02480	0.09302	0.08837	0.61631	0.02325	0.01085	0.00310	0.00465	0.01938	0.00853	0.00775
26	0.02284	0.01972	0.02076	0.01869	0.02388	0.02284	0.01453	0.04879	0.60345	0.03841	0.03737	0.03426	0.02803	0.01246	0.00934	0.00311	0.00727	0.01038	0.00934	0.01453
27	0.01243	0.00851	0.01029	0.01120	0.01143	0.00828	0.00683	0.01311	0.01516	0.02021	0.03819	0.32127	0.04507	0.40019	0.03177	0.00669	0.00737	0.01880	0.00683	0.00637
28	0.01180	0.00941	0.01062	0.01053	0.01326	0.00823	0.00803	0.01490	0.02257	0.02885	0.25807	0.08300	0.40888	0.02195	0.01097	0.00311	0.00480	0.05391	0.00903	0.00809
29	0.01380	0.01027	0.01289	0.01344	0.01545	0.00948	0.00943	0.05208	0.01946	0.02657	0.04413	0.54122	0.05145	0.02466	0.01089	0.00335	0.00584	0.02216	0.00815	0.10528
30	0.01325	0.00905	0.01069	0.01047	0.01111	0.00883	0.00648	0.01453	0.01710	0.02345	0.20296	0.06261	0.04919	0.48182	0.03608	0.00712	0.00755	0.01432	0.00691	0.00648
31	0.74217	0.01776	0.01350	0.01207	0.01776	0.02060	0.00994	0.02699	0.01563	0.04120	0.01278	0.01492	0.00994	0.00852	0.00568	0.00284	0.00710	0.00497	0.00568	0.00994
32	0.03198	0.02426	0.02591	0.02053	0.02736	0.02711	0.01674	0.45830	0.17905	0.05315	0.02576	0.02501	0.01863	0.01137	0.00922	0.00284	0.00942	0.00878	0.00922	0.01535
33	0.01119	0.00928	0.00956	0.00951	0.01230	0.00790	0.00698	0.01347	0.02067	0.02506	0.12325	0.08479	0.53435	0.07473	0.01369	0.00355	0.00497	0.01871	0.00840	0.00764
34	0.01768	0.01778	0.01481	0.01451	0.01739	0.16184	0.01103	0.02049	0.02252	0.02636	0.15792	0.09294	0.22960	0.05976	0.01273	0.00343	0.00833	0.09461	0.00771	0.00858
35	0.01128	0.00916	0.00999	0.01011	0.01275	0.00788	0.00746	0.01388	0.02144	0.02680	0.18176	0.15324	0.45603	0.02310	0.01095	0.00314	0.00467	0.01967	0.00881	0.00788
36	0.02369	0.01179	0.01489	0.01320	0.01693	0.01062	0.01017	0.02624	0.02139	0.25506	0.07276	0.06057	0.15528	0.17738	0.01915	0.00454	0.00735	0.07967	0.00896	0.01037
37	0.01183	0.00915	0.00958	0.00958	0.01147	0.00820	0.00643	0.01325	0.01798	0.02208	0.06807	0.07736	0.38937	0.27788	0.02482	0.00536	0.00631	0.01703	0.00737	0.00690
38	0.03448	0.03841	0.02648	0.02290	0.02841	0.45878	0.01766	0.20075	0.03111	0.03298	0.01652	0.01819	0.01295	0.00993	0.00855	0.00248	0.01464	0.00661	0.00605	0.01212
39	0.01114	0.00818	0.01046	0.01227	0.01318	0.00750	0.00830	0.01284	0.01807	0.02364	0.05683	0.58576	0.14227	0.02796	0.01159	0.00364	0.00523	0.02512	0.00852	0.00750
40	0.01189	0.00829	0.01045	0.01188	0.01224	0.00793	0.00756	0.01297	0.01620	0.02160	0.04355	0.47222	0.05182	0.24002	0.02313	0.00541	0.00649	0.02195	0.00756	0.00684
41	0.01420	0.01020	0.01237	0.01305	0.01592	0.00930	0.01079	0.01744	0.02130	0.05772	0.07032	0.09210	0.33503	0.02356	0.01158	0.00359	0.00651	0.25789	0.00864	0.00848
42	0.03341	0.03527	0.02581	0.02201	0.02766	0.37796	0.01712	0.24538	0.03229	0.03602	0.02093	0.02206	0.04209	0.01071	0.00875	0.00255	0.01354	0.00745	0.00660	0.01239
43	0.01704	0.01503	0.02218	0.01912	0.02284	0.01540	0.12528	0.02690	0.19187	0.02832	0.03934	0.23259	0.06696	0.11462	0.01593	0.00415	0.00842	0.01616	0.00756	0.01028
44	0.01250	0.00890	0.00991	0.01015	0.01096	0.00846	0.00624	0.01325	0.01567	0.02014	0.04691	0.13567	0.17783	0.44577	0.03409	0.00691	0.00747	0.01625	0.00661	0.00631
45	0.01829	0.01745	0.01462	0.01415	0.01556	0.16238	0.00953	0.01943	0.01683	0.01972	0.02575	0.07515	0.02793	0.39511	0.12295	0.00793	0.01289	0.01164	0.00541	0.00727
46	0.01782	0.01103	0.01277	0.01180	0.01521	0.00988	0.00888	0.04679	0.02235	0.13455	0.10567	0.14876	0.33137	0.06508	0.01302	0.00350	0.00583	0.01731	0.00898	0.00942
47	0.42233	0.17094	0.06614	0.10828	0.02728	0.02420	0.01520	0.02673	0.01698	0.03329	0.01356	0.01659	0.01082	0.00848	0.00645	0.00268	0.00892	0.00555	0.00492	0.01065
48	0.02729	0.03178	0.02545	0.22574	0.03852	0.37034	0.01950	0.05600	0.02399	0.02456	0.02056	0.02421	0.05301	0.01037	0.00878	0.00266	0.01407	0.00765	0.00498	0.01053
49	0.01584	0.06355	0.01484	0.01203	0.01517	0.01151	0.00920	0.04701	0.02132	0.06795	0.09991	0.20268	0.29657	0.02205	0.01199	0.04787	0.00590	0.01759	0.00822	0.00880
50	0.02282	0.03468	0.23676	0.17225	0.11732	0.17141	0.02631	0.03056	0.05177	0.02681	0.01709	0.02108	0.01306	0.00913	0.00880	0.00280	0.01331	0.00726	0.00451	0.01227
51	0.01915	0.01545	0.01612	0.01450	0.01751	0.05752	0.01083	0.14675	0.02287	0.02949	0.03809	0.04824	0.14176	0.20120	0.17246	0.00731	0.01266	0.01203	0.00677	0.00928
52	0.02550	0.05827	0.14097	0.01970	0.02697	0.02229	0.01836	0.30352	0.03077	0.04192	0.02587	0.15068	0.02354	0.01371	0.00929	0.00285	0.00960	0.01120	0.00754	0.05744
53	0.02684	0.02711	0.02454	0.04824	0.02653	0.21397	0.01699	0.17216	0.02648	0.03193	0.02737	0.02972	0.10160	0.01348	0.01423	0.00300	0.16913	0.00911	0.00624	0.01134
54	0.01622	0.01156	0.01331	0.01212	0.01415	0.01161	0.00847	0.09925	0.02257	0.03067	0.23265	0.05937	0.08937	0.30920	0.02647	0.00554	0.00722	0.01413	0.00785	0.00825
55	0.01279	0.00930	0.01303	0.01345	0.01455	0.01020	0.00975	0.01510	0.01503	0.02104	0.03048	0.16376	0.03231	0.18017	0.40283	0.01148	0.01779	0.01367	0.00574	0.00754
56	0.02273	0.02182	0.03727	0.05636	0.62003	0.02182	0.02818	0.02818	0.02091	0.03000	0.01727	0.02273	0.01454	0.00818	0.00909	0.00273	0.01091	0.00818	0.00455	0.01454
57	0.01119	0.00799	0.01065	0.01278	0.01332	0.00746	0.00852	0.01278	0.01758	0.02344	0.05061	0.67132	0.06073	0.02877	0.01172	0.00373	0.00533	0.02610	0.00852	0.00746
58	0.01332	0.00902	0.01059	0.01059	0.01079	0.00922	0.00629	0.01372	0.01352	0.01823	0.02840	0.05716	0.03211	0.60305	0.11926	0.00962	0.01082	0.01292	0.00548	0.00589
59	0.02296	0.01589	0.01788	0.01525	0.01910	0.01738	0.01190	0.25111	0.02718	0.03867	0.02541	0.03345	0.02162	0.12131	0.15133	0.00613	0.01175	0.00942	0.17136	0.01092
60	0.01712	0.01020	0.01237	0.01201	0.01508	0.00900	0.00896	0.01953	0.02070	0.14440	0.06570	0.24742	0.30350	0.02477	0.04191	0.00381	0.00647	0.01888	0.00891	0.00926
61	0.02284	0.01972	0.02076	0.01869	0.02388	0.02284	0.01453	0.04879	0.60345	0.03841	0.03737	0.03426	0.02803	0.01246	0.00934	0.00311	0.00727	0.01038	0.00934	0.01453
62	0.03490	0.02572	0.02756	0.02113	0.02847	0.02847	0.01745	0.58942	0.04317	0.05787	0.02204	0.02204	0.01561	0.01102	0.00919	0.00276	0.01010	0.00827	0.00919	0.01561
63	0.74217	0.01776	0.01350	0.01207	0.01776	0.02060	0.00994	0.02699	0.01563	0.04120	0.01278	0.01492	0.00994	0.00852	0.00568	0.00284	0.00710	0.00497	0.00568	0.00994
64	0.01112	0.00825	0.01038	0.01209	0.01313	0.00752	0.00821	0.01286	0.01825	0.02371	0.05908	0.55487	0.17171	0.02767	0.01155	0.00360	0.00519	0.02476	0.00852	0.00752
65	0.01595	0.00797	0.01196	0.01196	0.01196	0.00797	0.00797	0.01196	0.01196	0.01595	0.01595	0.02791	0.01595	0.03190	0.03589	0.73285	0.00797	0.00797	0.00399	0.00399
66	0.01373	0.00916	0.01115	0.01172	0.01363	0.00821	0.00824	0.01578	0.01958	0.07210	0.09922	0.35783	0.22884	0.06996	0.01362	0.00377	0.00550	0.02117	0.00865	0.00815
67	0.01316	0.01071	0.01182	0.01130	0.01436	0.01006	0.00855	0.01929	0.09969	0.03066	0.26206	0.07453	0.35956	0.02031	0.01064	0.00303	0.00489	0.01725	0.00917	0.00896
68	0.01096	0.00931	0.00946	0.00942	0.01247	0.00780	0.00706	0.01339	0.02119	0.02543	0.12003	0.08734	0.58890	0.02302	0.01085	0.00309	0.00463	0.01923	0.00861	0.00780
69	0.01125	0.00932	0.00985	0.00972	0.01265	0.00792	0.00729	0.01395	0.02187	0.02703	0.18963	0.08471	0.51831	0.02242	0.01085	0.00306	0.00459	0.01887	0.00882	0.00792
70	0.01578	0.01008	0.01234	0.01230	0.01518	0.00899	0.00950	0.01867	0.02168	0.10606	0.13816	0.19171	0.28086	0.02247	0.01107	0.00332	0.00572	0.09805	0.00909	0.00896
71	0.02022	0.01084	0.01405	0.01281	0.01617	0.00964	0.00974	0.02350	0.02365	0.19764	0.26349	0.18142	0.14129	0.01935	0.01056	0.00307	0.00555	0.01684	0.00991	0.01024
72	0.02167	0.02477	0.05418	0.03870	0.04799	0.02322	0.58669	0.02941	0.02167	0.02941	0.01858	0.02477	0.01393	0.00774	0.01084	0.00310	0.01548	0.01084	0.00464	0.01238
73	0.01231	0.00952	0.01133	0.01134	0.01391	0.00854	0.00882	0.01574	0.02304	0.03013	0.30108	0.08247	0.31594	0.02172	0.01111	0.00318	0.00508	0.09733	0.00917	0.00823
74	0.01395	0.01110	0.01284	0.01352	0.01570	0.01125	0.00967	0.02160	0.16034	0.02734	0.05587	0.40037	0.16378	0.02371	0.01097	0.00345	0.00566	0.02095	0.00872	0.00923
75	0.02762	0.02122	0.02280	0.01925	0.02520	0.02388	0.01533	0.20815	0.39961	0.08328	0.03277	0.03045	0.02401	0.01196	0.00929	0.00299	0.00814	0.00968	0.00943	0.01493
76	0.01286	0.00895	0.01129	0.01172	0.01222	0.00924	0.00759	0.01398	0.01454	0.01978	0.03221	0.17636	0.03632	0.40020	0.18385	0.00929	0.01199	0.01505	0.00600	0.00658
77	0.01150	0.00812	0.01056	0.01238	0.01283	0.00767	0.00809	0.01287	0.01696	0.02261	0.04743	0.58160	0.05671	0.12396	0.01686	0.00449	0.00585	0.02423	0.00809	0.00718
78	0.01335	0.00890	0.01001	0.01001	0.01001	0.00890	0.00556	0.01335	0.01335	0.01780	0.02893	0.06009	0.03338	0.67731	0.04673	0.00890	0.00890	0.01335	0.00556	0.00556
79	0.03393	0.02514	0.02703	0.02066	0.02806	0.02748	0.01705	0.55468	0.04169	0.05615	0.02169	0.02186	0.01549	0.01076	0.00904	0.00267	0.00990	0.00809	0.00896	0.05965
80	0.03490	0.02572	0.02756	0.02113	0.02847	0.02847	0.01745	0.58942	0.04317	0.05787	0.02204	0.02204	0.01561	0.01102	0.00919	0.00276	0.01010	0.00827	0.00919	0.01561
81	0.20127	0.02758	0.02082	0.01880	0.02395	0.23632	0.01453	0.03930	0.26079	0.03356	0.02338	0.02343	0.01803	0.01047	0.00809	0.00279	0.01045	0.00752	0.00686	0.01207
82	0.01261	0.00902	0.00980	0.00980	0.01072	0.00856	0.00598	0.01330	0.01560	0.01988	0.04795	0.06848	0.20643	0.48315	0.03608	0.00718	0.00764	0.01514	0.00644	0.00621
83	0.01335	0.00890	0.01001	0.01001	0.01001	0.00890	0.00556	0.01335	0.01335	0.01780	0.02893	0.06009	0.03338	0.67731	0.04673	0.00890	0.00890	0.01335	0.00556	0.00556
84	0.01931	0.04052	0.45763	0.02919	0.04104	0.02212	0.17078	0.02883	0.01970	0.02883	0.01679	0.02076	0.01222	0.00883	0.01028	0.00301	0.04514	0.00785	0.00407	0.01311
85	0.12924	0.03798	0.02454	0.02178	0.02697	0.47961	0.01666	0.10562	0.02681	0.02948	0.01500	0.01704	0.01206	0.00953	0.00805	0.00248	0.01447	0.00609	0.00542	0.01118
86	0.02832	0.02100	0.02299	0.01893	0.02448	0.02299	0.01508	0.41210	0.07579	0.04817	0.03003	0.18036	0.02742	0.01543	0.00981	0.00302	0.00875	0.01274	0.00904	0.01356
87	0.02712	0.01858	0.02082	0.01788	0.02367	0.02009	0.01412	0.04664	0.43685	0.18062	0.03613	0.03284	0.02609	0.01193	0.00920	0.00297	0.00738	0.00988	0.00966	0.04754
88	0.01946	0.01824	0.02527	0.02182	0.02398	0.02322	0.05178	0.02788	0.15761	0.02635	0.02110	0.02700	0.01822	0.02523	0.14591	0.00589	0.33548	0.00914	0.00553	0.01091
89	0.01126	0.00837	0.01028	0.01175	0.01287	0.00763	0.00794	0.01292	0.01810	0.02338	0.05939	0.48758	0.19358	0.07238	0.01394	0.00394	0.00541	0.02359	0.00832	0.00740
90	0.01303	0.00877	0.01011	0.01042	0.01050	0.00869	0.00600	0.01327	0.01397	0.01863	0.03211	0.14980	0.03740	0.58212	0.04159	0.00814	0.00838	0.01522	0.00600	0.00584
91	0.01112	0.00825	0.01038	0.01209	0.01313	0.00752	0.00821	0.01286	0.01825	0.02371	0.05908	0.55487	0.17171	0.02767	0.01155	0.00360	0.00519	0.02476	0.00852	0.00752
92	0.03085	0.03802	0.02653	0.02376	0.02735	0.49195	0.01831	0.03313	0.02312	0.02238	0.01367	0.01741	0.01188	0.01106	0.01358	0.00277	0.17273	0.00643	0.00456	0.01050
93	0.02566	0.33474	0.07700	0.01813	0.02517	0.06146	0.01691	0.17318	0.02492	0.03159	0.01726	0.02019	0.01442	0.01778	0.10028	0.00413	0.01268	0.00669	0.00548	0.01232
94	0.02543	0.03822	0.26397	0.02767	0.03721	0.17296	0.15336	0.11324	0.02501	0.03178	0.01722	0.02031	0.01279	0.00902	0.00916	0.00280	0.01422	0.00771	0.00504	0.01289
95	0.02247	0.02942	0.17941	0.04503	0.41095	0.06349	0.02822	0.02995	0.04866	0.02967	0.01783	0.02205	0.01430	0.00860	0.00896	0.00276	0.01176	0.00779	0.00462	0.01404
96	0.18608	0.15300	0.03018	0.21756	0.14781	0.07298	0.01990	0.02701	0.01889	0.02829	0.01482	0.01940	0.01203	0.00860	0.00764	0.00267	0.01068	0.00661	0.00455	0.01132

[dist]
# distance from previous block
# <min> <max>
0	1

[block]
# block no. 1 follows, 18 sequences, length 43
# corresponding to MSA columns:
# 111-153
name=unknown_B
#
# <colnr> <probs for GDERKNQSTAVLIFYWHMCP>
#	G	D	E	R	K	N	Q	S	T	A	V	L	I	F	Y	W	H	M	C	P
0	0.02634	0.02617	0.14483	0.03659	0.29763	0.05409	0.02410	0.03209	0.02194	0.16085	0.02105	0.02333	0.01556	0.00895	0.00883	0.00266	0.01073	0.00780	0.00600	0.07045
1	0.29612	0.02268	0.13553	0.02045	0.08644	0.01816	0.01723	0.03120	0.02037	0.18368	0.06681	0.02486	0.01993	0.01004	0.00791	0.00285	0.00870	0.00763	0.00698	0.01244
2	0.02056	0.25450	0.03048	0.01714	0.02127	0.02579	0.01499	0.06623	0.02015	0.02629	0.07212	0.03487	0.13301	0.01431	0.01476	0.00293	0.20464	0.00972	0.00569	0.01056
3	0.02053	0.19884	0.07653	0.03187	0.26512	0.02292	0.02029	0.02613	0.05044	0.02707	0.03221	0.03407	0.13474	0.01137	0.00857	0.00263	0.00937	0.00956	0.00538	0.01237
4	0.01595	0.00797	0.01196	0.01196	0.01196	0.00797	0.00797	0.01196	0.01196	0.01595	0.01595	0.02791	0.01595	0.03190	0.03589	0.73285	0.00797	0.00797	0.00399	0.00399
5	0.03434	0.04254	0.02612	0.02348	0.02839	0.59907	0.01772	0.07404	0.02718	0.02486	0.01472	0.01693	0.01208	0.00957	0.00834	0.00239	0.01612	0.00607	0.00503	0.01098
6	0.01589	0.01313	0.01486	0.01183	0.01716	0.01047	0.00888	0.01875	0.01843	0.02632	0.03806	0.04435	0.16931	0.13898	0.01545	0.00324	0.00666	0.01046	0.00624	0.41152
7	0.01484	0.01196	0.01800	0.02184	0.13547	0.01168	0.04126	0.01694	0.01690	0.02299	0.03429	0.28274	0.03898	0.26250	0.02405	0.00540	0.00829	0.01702	0.00644	0.00843
8	0.03190	0.15543	0.03059	0.02057	0.02718	0.18781	0.01698	0.30014	0.07453	0.04038	0.01935	0.02011	0.01480	0.01012	0.00833	0.00253	0.01151	0.00717	0.00704	0.01352
9	0.01994	0.01707	0.01917	0.09559	0.02618	0.01911	0.01419	0.07271	0.34654	0.03442	0.04776	0.04587	0.17353	0.01468	0.00969	0.00308	0.00741	0.01223	0.00847	0.01236
10	0.68534	0.01758	0.01413	0.01242	0.01822	0.02002	0.01023	0.02843	0.01649	0.08864	0.01469	0.01624	0.01098	0.00875	0.00597	0.00284	0.00716	0.00532	0.00614	0.01040
11	0.01201	0.00898	0.01135	0.01292	0.01452	0.00832	0.00970	0.01446	0.01934	0.02481	0.06107	0.37748	0.20238	0.02648	0.01174	0.00369	0.00594	0.15850	0.00851	0.00779
12	0.01335	0.00890	0.01001	0.01001	0.01001	0.00890	0.00556	0.01335	0.01335	0.01780	0.02893	0.06009	0.03338	0.67731	0.04673	0.00890	0.00890	0.01335	0.00556	0.00556
13	0.01119	0.00799	0.01065	0.01278	0.01332	0.00746	0.00852	0.01278	0.01758	0.02344	0.05061	0.67132	0.06073	0.02877	0.01172	0.00373	0.00533	0.02610	0.00852	0.00746
14	0.02419	0.01675	0.01847	0.01605	0.02123	0.01766	0.01264	0.07810	0.30592	0.14866	0.05007	0.04644	0.17441	0.01487	0.00969	0.00303	0.00692	0.01228	0.00951	0.01311
15	0.03430	0.04376	0.02602	0.02365	0.02839	0.64045	0.01774	0.03666	0.02602	0.02247	0.01419	0.01656	0.01183	0.00946	0.00828	0.00237	0.01656	0.00591	0.00473	0.01064
16	0.01176	0.00934	0.01056	0.01025	0.01296	0.00814	0.00769	0.01493	0.02307	0.02988	0.31362	0.08001	0.39254	0.02136	0.01084	0.00301	0.00452	0.01821	0.00919	0.00814
17	0.01242	0.00994	0.01121	0.01123	0.01382	0.00915	0.00828	0.01704	0.06885	0.02868	0.21207	0.17924	0.34037	0.02220	0.01087	0.00316	0.00490	0.01911	0.00899	0.00848
18	0.02874	0.01899	0.02137	0.01820	0.02406	0.02062	0.01444	0.08372	0.40588	0.20292	0.03603	0.03261	0.02573	0.01206	0.00930	0.00301	0.00761	0.00992	0.00989	0.01491
19	0.01281	0.00867	0.01018	0.01071	0.01085	0.00854	0.00631	0.01321	0.01442	0.01922	0.03439	0.21416	0.04028	0.51383	0.03791	0.00760	0.00800	0.01657	0.00631	0.00604
20	0.21131	0.02243	0.02259	0.01792	0.02452	0.02487	0.01474	0.40270	0.03449	0.05109	0.02525	0.02542	0.06104	0.01135	0.00843	0.00280	0.00892	0.00830	0.00825	0.01357
21	0.01682	0.00841	0.00942	0.00942	0.01102	0.00841	0.00681	0.01902	0.01742	0.02962	0.02642	0.03264	0.02162	0.01604	0.01385	0.18634	0.00521	0.00841	0.54571	0.00741
22	0.01258	0.00920	0.01193	0.01243	0.01428	0.00855	0.00937	0.01600	0.02261	0.03078	0.33280	0.22786	0.13077	0.02275	0.01133	0.00332	0.00524	0.10066	0.00929	0.00823
23	0.03490	0.02572	0.02756	0.02113	0.02847	0.02847	0.01745	0.58942	0.04317	0.05787	0.02204	0.02204	0.01561	0.01102	0.00919	0.00276	0.01010	0.00827	0.00919	0.01561
24	0.01133	0.00920	0.01004	0.01008	0.01276	0.00792	0.00747	0.01401	0.02169	0.02720	0.19857	0.13614	0.45593	0.02281	0.01092	0.00311	0.00464	0.01940	0.00886	0.00792
25	0.01384	0.00902	0.01100	0.01168	0.01304	0.00831	0.00784	0.01531	0.01778	0.06584	0.05220	0.35969	0.15718	0.18994	0.02020	0.00485	0.00628	0.02039	0.00798	0.00763
26	0.03490	0.02572	0.02756	0.02113	0.02847	0.02847	0.01745	0.58942	0.04317	0.05787	0.02204	0.02204	0.01561	0.01102	0.00919	0.00276	0.01010	0.00827	0.00919	0.01561
27	0.01335	0.00890	0.01001	0.01001	0.01001	0.00890	0.00556	0.01335	0.01335	0.01780	0.02893	0.06009	0.03338	0.67731	0.04673	0.00890	0.00890	0.01335	0.00556	0.00556
28	0.01431	0.00946	0.01291	0.01291	0.01470	0.01061	0.00997	0.01789	0.01610	0.02517	0.02619	0.03552	0.02313	0.05151	0.45157	0.01099	0.01853	0.00946	0.22079	0.00831
29	0.74217	0.01776	0.01350	0.01207	0.01776	0.02060	0.00994	0.02699	0.01563	0.04120	0.01278	0.01492	0.00994	0.00852	0.00568	0.00284	0.00710	0.00497	0.00568	0.00994
30	0.01085	0.00930	0.00930	0.00930	0.01240	0.00775	0.00698	0.01318	0.02093	0.02480	0.09302	0.08837	0.61631	0.02325	0.01085	0.00310	0.00465	0.01938	0.00853	0.00775
31	0.01335	0.00890	0.01001	0.01001	0.01001	0.00890	0.00556	0.01335	0.01335	0.01780	0.02893	0.06009	0.03338	0.67731	0.04673	0.00890	0.00890	0.01335	0.00556	0.00556
32	0.03490	0.02572	0.02756	0.02113	0.02847	0.02847	0.01745	0.58942	0.04317	0.05787	0.02204	0.02204	0.01561	0.01102	0.00919	0.00276	0.01010	0.00827	0.00919	0.01561
33	0.01344	0.00973	0.01425	0.01425	0.01593	0.01124	0.01107	0.01680	0.01512	0.02236	0.02503	0.03592	0.02300	0.06415	0.58949	0.01373	0.02295	0.00973	0.06356	0.00823
34	0.01181	0.00943	0.01063	0.01059	0.01333	0.00825	0.00811	0.01489	0.02246	0.02861	0.24525	0.08370	0.41256	0.02209	0.01099	0.00313	0.00486	0.06224	0.00899	0.00808
35	0.01353	0.01097	0.01220	0.01161	0.01469	0.01046	0.00879	0.02031	0.11435	0.03140	0.27782	0.07253	0.32752	0.01990	0.01061	0.00302	0.00494	0.01694	0.00924	0.00916
36	0.03283	0.08424	0.02883	0.02507	0.07420	0.41366	0.01834	0.15718	0.02887	0.03080	0.01606	0.01812	0.01287	0.00959	0.00837	0.00245	0.01421	0.00654	0.00564	0.01213
37	0.02438	0.01922	0.02132	0.01774	0.02363	0.02020	0.01433	0.21354	0.20205	0.04182	0.07641	0.03747	0.02861	0.01278	0.00928	0.00276	0.00798	0.06691	0.00852	0.15104
38	0.01327	0.00907	0.01082	0.01068	0.01122	0.00906	0.00662	0.01435	0.01588	0.02171	0.14054	0.05984	0.04274	0.50410	0.08622	0.00821	0.00925	0.01370	0.00638	0.00636
39	0.03071	0.16243	0.03067	0.02263	0.06009	0.29517	0.01736	0.17471	0.02866	0.03256	0.04873	0.02077	0.01700	0.00998	0.00822	0.00243	0.01259	0.00703	0.00599	0.01225
40	0.17356	0.01379	0.05982	0.01277	0.01604	0.01193	0.01042	0.01847	0.01933	0.03083	0.18936	0.20556	0.09469	0.08791	0.01354	0.00374	0.00642	0.01555	0.00764	0.00862
41	0.02508	0.01849	0.05201	0.01680	0.02258	0.01785	0.01399	0.06496	0.29556	0.17347	0.04626	0.04288	0.14166	0.01407	0.00957	0.00302	0.00735	0.01160	0.00935	0.01345
42	0.03209	0.03957	0.02817	0.02990	0.14136	0.52232	0.01973	0.03504	0.02504	0.02391	0.01478	0.01774	0.01235	0.00922	0.00843	0.00243	0.01548	0.00635	0.00470	0.01139

[dist]
# distance from previous block
# <min> <max>
0	1

[block]
# block no. 2 follows, 18 sequences, length 69
# corresponding to MSA columns:
# 155-223
name=unknown_C
#
# <colnr> <probs for GDERKNQSTAVLIFYWHMCP>
#	G	D	E	R	K	N	Q	S	T	A	V	L	I	F	Y	W	H	M	C	P
0	0.14450	0.01592	0.02006	0.25155	0.03436	0.01800	0.01566	0.09556	0.01991	0.03007	0.01965	0.03113	0.01774	0.17838	0.01792	0.00434	0.00984	0.00874	0.00550	0.06117
1	0.01368	0.00992	0.01281	0.01421	0.01603	0.00963	0.01153	0.01671	0.01954	0.02512	0.05265	0.12714	0.14292	0.13833	0.01823	0.00482	0.00772	0.34326	0.00797	0.00778
2	0.01338	0.00893	0.01130	0.01220	0.01388	0.00807	0.00858	0.01557	0.01979	0.06650	0.12228	0.44409	0.17046	0.02535	0.01128	0.00345	0.00525	0.02254	0.00890	0.00821
3	0.03808	0.02063	0.02440	0.01871	0.02593	0.02092	0.01546	0.31468	0.03465	0.34464	0.02920	0.02669	0.01920	0.01119	0.00921	0.00280	0.00895	0.00875	0.01028	0.01562
4	0.02549	0.01940	0.02145	0.01885	0.02416	0.02159	0.01525	0.17841	0.32999	0.07449	0.03543	0.04306	0.02894	0.01428	0.00988	0.00320	0.00821	0.10484	0.00926	0.01381
5	0.02335	0.01770	0.01916	0.01703	0.02215	0.01949	0.01330	0.04310	0.44762	0.10869	0.04534	0.04177	0.11311	0.01390	0.00955	0.00308	0.00695	0.01155	0.00947	0.01368
6	0.01517	0.01216	0.01267	0.01150	0.01528	0.01141	0.00891	0.11343	0.02513	0.03134	0.11555	0.07554	0.47675	0.02083	0.01056	0.00303	0.00558	0.01727	0.00875	0.00918
7	0.01290	0.00871	0.01015	0.01059	0.01070	0.00860	0.00618	0.01323	0.01423	0.01898	0.03344	0.18734	0.03908	0.54229	0.03944	0.00782	0.00816	0.01601	0.00618	0.00596
8	0.03392	0.02988	0.02670	0.02160	0.02814	0.18311	0.01732	0.41221	0.07736	0.04756	0.02111	0.02149	0.01551	0.01073	0.00897	0.00268	0.01154	0.00782	0.00807	0.01428
9	0.01304	0.00877	0.01011	0.01042	0.01050	0.00869	0.00599	0.01327	0.01397	0.01862	0.03209	0.14916	0.03737	0.58280	0.04163	0.00815	0.00838	0.01521	0.00599	0.00584
10	0.03490	0.02572	0.02756	0.02113	0.02847	0.02847	0.01745	0.58942	0.04317	0.05787	0.02204	0.02204	0.01561	0.01102	0.00919	0.00276	0.01010	0.00827	0.00919	0.01561
11	0.01346	0.00992	0.01291	0.01392	0.01579	0.00966	0.01082	0.01805	0.05415	0.02924	0.20321	0.26231	0.09175	0.02379	0.01161	0.00360	0.00613	0.19219	0.00897	0.00851
12	0.03430	0.04376	0.02602	0.02365	0.02839	0.64045	0.01774	0.03666	0.02602	0.02247	0.01419	0.01656	0.01183	0.00946	0.00828	0.00237	0.01656	0.00591	0.00473	0.01064
13	0.01119	0.00799	0.01065	0.01278	0.01332	0.00746	0.00852	0.01278	0.01758	0.02344	0.05061	0.67132	0.06073	0.02877	0.01172	0.00373	0.00533	0.02610	0.00852	0.00746
14	0.01288	0.00945	0.01235	0.01349	0.01536	0.00892	0.01062	0.01619	0.02135	0.02827	0.18909	0.23693	0.14492	0.02437	0.01174	0.00362	0.00614	0.21729	0.00887	0.00815
15	0.01324	0.00885	0.01005	0.01016	0.01019	0.00882	0.00572	0.01332	0.01358	0.01811	0.03010	0.09318	0.03486	0.64220	0.04484	0.00862	0.00871	0.01404	0.00572	0.00567
16	0.01201	0.00870	0.01138	0.01242	0.01374	0.00807	0.00886	0.01474	0.02087	0.02837	0.24752	0.39825	0.09927	0.02482	0.01142	0.00343	0.00513	0.05397	0.00907	0.00795
17	0.02460	0.01263	0.01661	0.01533	0.01914	0.01184	0.01209	0.06876	0.02383	0.24655	0.08058	0.25177	0.04393	0.01987	0.01074	0.00336	0.00706	0.11034	0.00970	0.01129
18	0.02181	0.02052	0.01780	0.01686	0.01978	0.17194	0.01250	0.11967	0.02434	0.02949	0.06525	0.23665	0.03781	0.10474	0.01501	0.00388	0.00965	0.05536	0.00737	0.00957
19	0.02167	0.02477	0.05418	0.03870	0.04799	0.02322	0.58669	0.02941	0.02167	0.02941	0.01858	0.02477	0.01393	0.00774	0.01084	0.00310	0.01548	0.01084	0.00464	0.01238
20	0.01335	0.00890	0.01001	0.01001	0.01001	0.00890	0.00556	0.01335	0.01335	0.01780	0.02893	0.06009	0.03338	0.67731	0.04673	0.00890	0.00890	0.01335	0.00556	0.00556
21	0.01117	0.00807	0.01057	0.01258	0.01326	0.00748	0.00843	0.01281	0.01778	0.02352	0.05312	0.63680	0.09363	0.02844	0.01167	0.00369	0.00529	0.02570	0.00852	0.00748
22	0.01312	0.00984	0.01476	0.01476	0.01640	0.01148	0.01148	0.01640	0.01476	0.02131	0.02459	0.03607	0.02295	0.06886	0.64092	0.01476	0.02459	0.00984	0.00492	0.00820
23	0.01200	0.00922	0.01020	0.01003	0.01212	0.00826	0.00703	0.01423	0.02024	0.02594	0.20329	0.07641	0.34032	0.18785	0.01994	0.00452	0.00565	0.01718	0.00816	0.00742
24	0.01150	0.00812	0.01056	0.01238	0.01284	0.00767	0.00809	0.01287	0.01696	0.02262	0.04745	0.58224	0.05674	0.12328	0.01682	0.00448	0.00585	0.02424	0.00809	0.00718
25	0.01139	0.00816	0.01051	0.01230	0.01293	0.00762	0.00813	0.01287	0.01735	0.02294	0.05090	0.57429	0.09083	0.09476	0.01525	0.00422	0.00565	0.02440	0.00822	0.00728
26	0.02067	0.01972	0.03356	0.28474	0.40770	0.02128	0.02716	0.02638	0.01994	0.02750	0.01691	0.02339	0.01367	0.00856	0.00912	0.00285	0.01142	0.00817	0.00437	0.01289
27	0.01171	0.00934	0.01049	0.01020	0.01293	0.00812	0.00765	0.01483	0.02295	0.02960	0.30139	0.08047	0.40495	0.02147	0.01084	0.00302	0.00452	0.01827	0.00916	0.00812
28	0.01907	0.01859	0.02618	0.02274	0.02298	0.02570	0.01883	0.02127	0.01416	0.02198	0.01388	0.02242	0.01364	0.02376	0.11915	0.00558	0.56783	0.00830	0.00415	0.00978
29	0.02075	0.02801	0.18849	0.12729	0.31422	0.02170	0.11067	0.02795	0.02029	0.02879	0.01713	0.02241	0.01340	0.00839	0.00926	0.00287	0.01243	0.00821	0.00433	0.01339
30	0.01085	0.00930	0.00930	0.00930	0.01240	0.00775	0.00698	0.01318	0.02093	0.02480	0.09302	0.08837	0.61631	0.02325	0.01085	0.00310	0.00465	0.01938	0.00853	0.00775
31	0.02072	0.01977	0.03365	0.27935	0.41271	0.02129	0.02718	0.02642	0.01996	0.02756	0.01692	0.02338	0.01369	0.00855	0.00912	0.00285	0.01140	0.00817	0.00437	0.01293
32	0.19709	0.03099	0.02285	0.12981	0.03147	0.34361	0.01678	0.03116	0.02176	0.02757	0.01438	0.01772	0.01158	0.00901	0.00772	0.00253	0.01291	0.00605	0.00489	0.06012
33	0.01125	0.00922	0.00991	0.00994	0.01270	0.00789	0.00738	0.01387	0.02157	0.02679	0.18059	0.12643	0.48486	0.02287	0.01091	0.00311	0.00464	0.01938	0.00880	0.00789
34	0.02272	0.03764	0.31249	0.03656	0.24591	0.12892	0.02906	0.03007	0.02108	0.02826	0.01637	0.02009	0.01271	0.00866	0.00878	0.00275	0.01313	0.00713	0.00426	0.01341
35	0.01335	0.00890	0.01001	0.01001	0.01001	0.00890	0.00556	0.01335	0.01335	0.01780	0.02893	0.06009	0.03338	0.67731	0.04673	0.00890	0.00890	0.01335	0.00556	0.00556
36	0.08181	0.03114	0.02609	0.02173	0.02726	0.24995	0.01731	0.29177	0.03206	0.04020	0.01753	0.01936	0.01348	0.01080	0.01077	0.00275	0.07918	0.00716	0.00680	0.01285
37	0.02419	0.02510	0.02527	0.06430	0.16639	0.21672	0.01919	0.06593	0.02307	0.02744	0.02307	0.03678	0.02149	0.02067	0.10155	0.00465	0.01430	0.10313	0.00563	0.01114
38	0.01394	0.00953	0.01326	0.01326	0.01492	0.01076	0.01015	0.01725	0.01559	0.02375	0.02590	0.03693	0.02361	0.08822	0.48226	0.01191	0.01968	0.00976	0.15119	0.00814
39	0.01567	0.01450	0.01363	0.01470	0.01610	0.11764	0.01034	0.01759	0.01937	0.02376	0.06847	0.45025	0.05102	0.06934	0.01355	0.00384	0.00768	0.05680	0.00773	0.00800
40	0.01928	0.01591	0.01781	0.01361	0.02037	0.01347	0.01085	0.10313	0.02303	0.03270	0.03658	0.03704	0.16657	0.01158	0.00817	0.00200	0.00674	0.00938	0.00677	0.44500
41	0.01435	0.01144	0.01481	0.01449	0.01466	0.01330	0.01021	0.01538	0.01491	0.02073	0.03174	0.24980	0.03692	0.29777	0.03108	0.00597	0.17279	0.01617	0.00614	0.00732
42	0.01335	0.00890	0.01001	0.01001	0.01001	0.00890	0.00556	0.01335	0.01335	0.01780	0.02893	0.06009	0.03338	0.67731	0.04673	0.00890	0.00890	0.01335	0.00556	0.00556
43	0.01119	0.00799	0.01065	0.01278	0.01332	0.00746	0.00852	0.01278	0.01758	0.02344	0.05061	0.67132	0.06073	0.02877	0.01172	0.00373	0.00533	0.02610	0.00852	0.00746
44	0.01904	0.01632	0.01904	0.01360	0.02176	0.01224	0.01088	0.02312	0.01904	0.02992	0.01632	0.01904	0.01360	0.00680	0.00680	0.00136	0.00680	0.00544	0.00544	0.73344
45	0.74217	0.01776	0.01350	0.01207	0.01776	0.02060	0.00994	0.02699	0.01563	0.04120	0.01278	0.01492	0.00994	0.00852	0.00568	0.00284	0.00710	0.00497	0.00568	0.00994
46	0.01335	0.00890	0.01001	0.01001	0.01001	0.00890	0.00556	0.01335	0.01335	0.01780	0.02893	0.06009	0.03338	0.67731	0.04673	0.00890	0.00890	0.01335	0.00556	0.00556
47	0.03735	0.02180	0.02513	0.01927	0.02652	0.02266	0.01592	0.37808	0.03662	0.27846	0.02755	0.02562	0.01838	0.01116	0.00920	0.00279	0.00921	0.00864	0.01003	0.01562
48	0.01659	0.01071	0.01427	0.17327	0.02484	0.01198	0.01199	0.02119	0.01837	0.02962	0.02572	0.03203	0.02059	0.01879	0.09959	0.00421	0.00926	0.00864	0.43942	0.00892
49	0.01368	0.00977	0.01352	0.01564	0.01726	0.00961	0.01286	0.01710	0.02004	0.02623	0.04923	0.27901	0.05528	0.02642	0.01238	0.00407	0.00749	0.39380	0.00848	0.00815
50	0.01116	0.00808	0.01056	0.01255	0.01326	0.00748	0.00842	0.01281	0.01780	0.02353	0.05344	0.63242	0.09780	0.02840	0.01166	0.00369	0.00528	0.02565	0.00852	0.00748
51	0.01871	0.04574	0.58919	0.02824	0.07946	0.02136	0.03353	0.02902	0.01949	0.02914	0.01653	0.01961	0.01183	0.00869	0.00875	0.00290	0.01339	0.00688	0.00392	0.01364
52	0.03314	0.02440	0.02630	0.02050	0.02734	0.02691	0.01679	0.54643	0.04126	0.05530	0.02417	0.07045	0.01898	0.01235	0.00937	0.00283	0.00975	0.00960	0.00914	0.01501
53	0.01269	0.01025	0.01132	0.01164	0.01445	0.00945	0.00910	0.01685	0.05932	0.02582	0.07516	0.08614	0.41345	0.06799	0.01362	0.00375	0.00595	0.13648	0.00836	0.00821
54	0.02321	0.01985	0.10959	0.02333	0.12618	0.01564	0.01749	0.03104	0.09612	0.17282	0.18065	0.04169	0.07615	0.01323	0.00966	0.00289	0.00803	0.01138	0.00833	0.01271
55	0.01532	0.01170	0.01465	0.01565	0.01796	0.01216	0.01237	0.02350	0.14801	0.02927	0.08574	0.26177	0.05217	0.02314	0.01152	0.00374	0.00694	0.23612	0.00878	0.00949
56	0.03098	0.03511	0.02704	0.02742	0.11395	0.39444	0.01876	0.09542	0.11256	0.02965	0.01890	0.02065	0.01502	0.00988	0.00865	0.00257	0.01368	0.00715	0.00586	0.01231
57	0.01209	0.00929	0.01105	0.01074	0.01319	0.00826	0.00801	0.01552	0.02366	0.03158	0.38837	0.10321	0.28991	0.02095	0.01088	0.00301	0.00450	0.01810	0.00943	0.00826
58	0.02230	0.02377	0.07358	0.05159	0.48810	0.02203	0.12540	0.02844	0.02095	0.02984	0.01745	0.02289	0.01427	0.00814	0.00937	0.00280	0.01185	0.00856	0.00452	0.01411
59	0.03138	0.02541	0.02760	0.02197	0.02744	0.06286	0.01809	0.42461	0.03535	0.04745	0.01925	0.02127	0.01456	0.01212	0.01407	0.00303	0.16371	0.00808	0.00772	0.01402
60	0.02273	0.02182	0.03727	0.05636	0.62003	0.02182	0.02818	0.02818	0.02091	0.03000	0.01727	0.02273	0.01454	0.00818	0.00909	0.00273	0.01091	0.00818	0.00455	0.01454
61	0.01339	0.01196	0.01174	0.01208	0.01506	0.05172	0.00956	0.01616	0.02133	0.02527	0.07716	0.08703	0.44217	0.02281	0.01111	0.00332	0.00636	0.14542	0.00825	0.00812
62	0.01751	0.01732	0.06014	0.37102	0.08500	0.01823	0.02269	0.02479	0.06094	0.02631	0.02607	0.04479	0.02377	0.01342	0.01005	0.00333	0.01092	0.14758	0.00558	0.01056
63	0.02309	0.23946	0.21096	0.02627	0.03579	0.09688	0.18776	0.02954	0.02058	0.02608	0.01567	0.01918	0.01237	0.00825	0.00840	0.00261	0.01329	0.00728	0.00421	0.01233
64	0.08322	0.03523	0.02573	0.02191	0.02769	0.36922	0.01710	0.24247	0.03171	0.03698	0.01703	0.01849	0.01311	0.00998	0.00844	0.00254	0.01350	0.00673	0.00646	0.01245
65	0.01127	0.00806	0.01073	0.01273	0.01334	0.00752	0.00853	0.01300	0.01798	0.02407	0.07738	0.64274	0.06196	0.02829	0.01168	0.00369	0.00528	0.02565	0.00860	0.00752
66	0.01363	0.00982	0.01239	0.01364	0.01488	0.00962	0.00944	0.07213	0.02021	0.02698	0.04767	0.60450	0.05609	0.02694	0.01146	0.00363	0.00582	0.02427	0.00859	0.00830
67	0.02875	0.36491	0.03778	0.02144	0.05841	0.30179	0.01729	0.03157	0.02203	0.02245	0.01364	0.01597	0.01195	0.00858	0.00712	0.00218	0.01285	0.00553	0.00432	0.01143
68	0.02558	0.02868	0.07459	0.04447	0.39358	0.15748	0.05122	0.06072	0.02317	0.02978	0.01686	0.02121	0.01379	0.00863	0.00897	0.00268	0.01249	0.00772	0.00480	0.01359

[dist]
# distance from previous block
# <min> <max>
4	7

[block]
# block no. 3 follows, 18 sequences, length 20
# corresponding to MSA columns:
# 231-250
name=unknown_D
#
# <colnr> <probs for GDERKNQSTAVLIFYWHMCP>
#	G	D	E	R	K	N	Q	S	T	A	V	L	I	F	Y	W	H	M	C	P
0	0.02198	0.02397	0.02784	0.02369	0.02656	0.17468	0.10068	0.02512	0.01851	0.02322	0.01846	0.06809	0.01761	0.02350	0.12948	0.00537	0.24693	0.00950	0.00476	0.01003
1	0.02273	0.02182	0.03727	0.05636	0.62003	0.02182	0.02818	0.02818	0.02091	0.03000	0.01727	0.02273	0.01454	0.00818	0.00909	0.00273	0.01091	0.00818	0.00455	0.01454
2	0.02229	0.02305	0.04432	0.04900	0.38168	0.02240	0.26089	0.02869	0.02123	0.02975	0.01781	0.02358	0.01429	0.00800	0.00982	0.00288	0.01281	0.00929	0.00459	0.01364
3	0.02162	0.02090	0.03626	0.17234	0.48130	0.02161	0.05699	0.02732	0.02045	0.02869	0.01715	0.02317	0.01406	0.00835	0.00920	0.00281	0.01141	0.00832	0.00446	0.01358
4	0.01340	0.01121	0.01155	0.01238	0.01392	0.05212	0.00866	0.01514	0.01853	0.02297	0.05525	0.30725	0.20201	0.15016	0.01804	0.00449	0.00685	0.06092	0.00769	0.00747
5	0.01793	0.02631	0.21962	0.03266	0.24728	0.01751	0.02399	0.02421	0.02044	0.02827	0.03762	0.04270	0.16480	0.01311	0.00962	0.00297	0.01007	0.04317	0.00555	0.01219
6	0.02538	0.49046	0.07492	0.01720	0.02492	0.03262	0.01679	0.12710	0.02284	0.02847	0.01533	0.01755	0.01312	0.01208	0.04419	0.00291	0.01095	0.00590	0.00492	0.01235
7	0.01959	0.04789	0.03035	0.02428	0.02591	0.02582	0.08502	0.02247	0.01524	0.02283	0.01442	0.02241	0.01363	0.02136	0.10343	0.00517	0.47738	0.00845	0.00420	0.01016
8	0.02435	0.02782	0.02054	0.06704	0.02538	0.33732	0.01497	0.02766	0.02473	0.02686	0.18114	0.04212	0.07664	0.01400	0.00951	0.00274	0.01159	0.04923	0.00663	0.00973
9	0.01779	0.01307	0.01596	0.01603	0.01907	0.01334	0.01317	0.13558	0.02503	0.03269	0.04926	0.18978	0.12007	0.02274	0.01154	0.00368	0.00772	0.27518	0.00863	0.00967
10	0.01712	0.01572	0.02243	0.02012	0.02082	0.02103	0.01642	0.01967	0.01436	0.02176	0.01740	0.02690	0.01670	0.03856	0.29032	0.00859	0.38962	0.00880	0.00440	0.00926
11	0.02073	0.06301	0.11359	0.02904	0.03809	0.02123	0.32068	0.02740	0.02025	0.02874	0.01716	0.02193	0.01337	0.00798	0.01011	0.00262	0.03985	0.00855	0.00468	0.19102
12	0.02064	0.40280	0.14325	0.01706	0.02429	0.02735	0.01756	0.02485	0.01774	0.02266	0.01661	0.02227	0.01514	0.05926	0.12842	0.00495	0.01322	0.00667	0.00420	0.01106
13	0.10254	0.04404	0.55811	0.02453	0.03719	0.02124	0.03114	0.02884	0.01895	0.03049	0.01605	0.01887	0.01144	0.00870	0.00837	0.00290	0.01282	0.00657	0.00409	0.01315
14	0.03322	0.04196	0.02618	0.02369	0.02806	0.59386	0.01792	0.03556	0.02511	0.02244	0.01403	0.01683	0.01184	0.00996	0.00994	0.00249	0.06556	0.00608	0.00468	0.01060
15	0.01155	0.00870	0.01039	0.01156	0.01299	0.00792	0.00806	0.01338	0.01843	0.02350	0.06215	0.36943	0.24290	0.10209	0.01556	0.00415	0.00571	0.05597	0.00818	0.00740
16	0.01702	0.00964	0.01228	0.01171	0.01274	0.00960	0.00768	0.01715	0.01479	0.08866	0.02691	0.04791	0.02769	0.40651	0.11695	0.13801	0.01063	0.01146	0.00587	0.00679
17	0.01174	0.00799	0.01081	0.01269	0.01316	0.00752	0.00846	0.01269	0.01693	0.02257	0.04658	0.59654	0.05552	0.02913	0.01453	0.08847	0.00563	0.02400	0.00800	0.00705
18	0.09623	0.01030	0.01032	0.01002	0.01326	0.00941	0.00762	0.01552	0.02121	0.02885	0.17678	0.07630	0.45141	0.02074	0.01025	0.00303	0.00488	0.01721	0.00848	0.00817
19	0.03434	0.04247	0.02613	0.02347	0.02839	0.59681	0.01772	0.07608	0.02724	0.02500	0.01475	0.01695	0.01210	0.00957	0.00834	0.00239	0.01610	0.00608	0.00505	0.01100

[dist]
# distance from previous block
# <min> <max>
0	8

# created by:
# /home/cegg/simao/soft/augustus-3.2.1/scripts/msa2prfl.pl ./align_prep/13381.fa
