[name]
unknown

[dist]
# distance from previous block
# <min> <max>
0	1

[block]
# block no. 0 follows, 22 sequences, length 64
# corresponding to MSA columns:
# 1-64
name=unknown_A
#
# <colnr> <probs for GDERKNQSTAVLIFYWHMCP>
#	G	D	E	R	K	N	Q	S	T	A	V	L	I	F	Y	W	H	M	C	P
0	0.01881	0.01879	0.01651	0.01717	0.01981	0.21386	0.01421	0.02211	0.02048	0.02347	0.03442	0.06953	0.03641	0.01853	0.01025	0.00331	0.00990	0.41756	0.00661	0.00826
1	0.02370	0.20197	0.05624	0.01578	0.02305	0.02247	0.01408	0.24194	0.02505	0.03421	0.01580	0.01720	0.01245	0.00786	0.00680	0.00189	0.00823	0.00578	0.00573	0.25977
2	0.02543	0.46733	0.03624	0.01684	0.02291	0.26705	0.01488	0.02790	0.01931	0.01983	0.01202	0.01393	0.01068	0.00764	0.00612	0.00191	0.01111	0.00477	0.00382	0.01029
3	0.02860	0.03752	0.10797	0.02321	0.06342	0.49706	0.01849	0.08164	0.02379	0.02418	0.01387	0.01605	0.01111	0.00852	0.00765	0.00225	0.01384	0.00575	0.00451	0.01056
4	0.01828	0.02016	0.18753	0.01627	0.02173	0.04057	0.01577	0.02277	0.01742	0.13245	0.02600	0.16068	0.02395	0.02610	0.18289	0.00547	0.01226	0.01065	0.00588	0.05319
5	0.01905	0.02570	0.16114	0.02634	0.03171	0.05947	0.21301	0.02410	0.01648	0.02337	0.01369	0.01921	0.01136	0.01048	0.01673	0.00309	0.30308	0.00774	0.00383	0.01043
6	0.01164	0.00846	0.01045	0.01090	0.01214	0.00771	0.00718	0.01294	0.01492	0.02042	0.03578	0.41613	0.04186	0.23073	0.01965	0.00452	0.00598	0.01767	0.00653	0.10439
7	0.01490	0.00906	0.01178	0.01242	0.01404	0.00856	0.00876	0.05094	0.01827	0.10663	0.04260	0.57521	0.04810	0.02305	0.01018	0.00322	0.00536	0.02069	0.00808	0.00814
8	0.01716	0.01957	0.07159	0.02680	0.03208	0.01881	0.34024	0.02212	0.01733	0.02413	0.02158	0.16370	0.02101	0.01255	0.01336	0.00308	0.14820	0.01198	0.00478	0.00991
9	0.01159	0.00802	0.00903	0.00922	0.00964	0.00779	0.00546	0.01201	0.01335	0.01744	0.03567	0.12151	0.11390	0.55125	0.03493	0.00691	0.00723	0.01393	0.00565	0.00546
10	0.01225	0.00868	0.01224	0.01224	0.01357	0.00982	0.00924	0.01492	0.01359	0.02002	0.02324	0.03531	0.02205	0.14140	0.52665	0.01154	0.01859	0.00920	0.07832	0.00714
11	0.02717	0.33434	0.03229	0.01826	0.02377	0.39379	0.01525	0.02954	0.02063	0.01999	0.01228	0.01426	0.01068	0.00792	0.00655	0.00198	0.01231	0.00495	0.00396	0.01008
12	0.01670	0.00966	0.01226	0.01094	0.01401	0.00858	0.00844	0.02010	0.02263	0.16271	0.40579	0.05865	0.18410	0.01641	0.00950	0.00264	0.00464	0.01414	0.00909	0.00899
13	0.01187	0.00890	0.01335	0.01335	0.01483	0.01038	0.01038	0.01483	0.01335	0.01928	0.02225	0.03264	0.02077	0.06231	0.67512	0.01335	0.02225	0.00890	0.00445	0.00742
14	0.02266	0.02372	0.03168	0.04505	0.52969	0.15117	0.02360	0.02704	0.01984	0.02577	0.01507	0.01944	0.01267	0.00763	0.00808	0.00240	0.01090	0.00699	0.00415	0.01245
15	0.02271	0.67501	0.04240	0.01462	0.02157	0.06912	0.01432	0.02534	0.01726	0.01959	0.01162	0.01342	0.01066	0.00719	0.00545	0.00180	0.00923	0.00449	0.00359	0.01060
16	0.16561	0.02766	0.02192	0.15287	0.03022	0.31901	0.01610	0.12209	0.02282	0.02868	0.01410	0.01692	0.01099	0.00857	0.00734	0.00240	0.01169	0.00593	0.00495	0.01013
17	0.01620	0.01576	0.02806	0.60284	0.05542	0.01879	0.10177	0.02193	0.01700	0.02193	0.01503	0.02218	0.01127	0.00814	0.00850	0.00277	0.01146	0.00770	0.00376	0.00949
18	0.02860	0.03545	0.02352	0.10823	0.02963	0.56203	0.01685	0.03207	0.04814	0.02104	0.01396	0.01658	0.01135	0.00864	0.00764	0.00225	0.01412	0.00578	0.00438	0.00972
19	0.02056	0.01974	0.03372	0.05099	0.65622	0.01974	0.02550	0.02550	0.01892	0.02714	0.01563	0.02056	0.01316	0.00740	0.00822	0.00247	0.00987	0.00740	0.00411	0.01316
20	0.01443	0.00722	0.01082	0.01082	0.01082	0.00722	0.00722	0.01082	0.01082	0.01443	0.01443	0.02525	0.01443	0.02886	0.03247	0.75830	0.00722	0.00722	0.00361	0.00361
21	0.54417	0.01665	0.01712	0.01922	0.14495	0.01817	0.01250	0.02522	0.01571	0.06423	0.01355	0.01580	0.01055	0.00769	0.00596	0.00248	0.00713	0.00528	0.00517	0.04845
22	0.01170	0.00956	0.01174	0.01373	0.06564	0.00887	0.00913	0.01481	0.04308	0.02292	0.06032	0.21551	0.34144	0.06049	0.01185	0.00331	0.00548	0.07549	0.00728	0.00766
23	0.46218	0.01656	0.01875	0.11656	0.15376	0.01840	0.01446	0.02398	0.01565	0.03230	0.01305	0.01641	0.01034	0.00764	0.00629	0.00250	0.00779	0.00553	0.00471	0.05316
24	0.00991	0.00805	0.00879	0.00938	0.01148	0.00693	0.00674	0.01181	0.01800	0.02206	0.07237	0.27121	0.46920	0.02257	0.01006	0.00298	0.00440	0.01940	0.00771	0.00693
25	0.03103	0.03959	0.02354	0.02140	0.02568	0.67469	0.01605	0.03317	0.02354	0.02033	0.01284	0.01498	0.01070	0.00856	0.00749	0.00214	0.01498	0.00535	0.00428	0.00963
26	0.01992	0.01909	0.03257	0.13414	0.57804	0.01957	0.02518	0.02494	0.01862	0.02637	0.01551	0.02077	0.01289	0.00752	0.00823	0.00251	0.01003	0.00740	0.00406	0.01265
27	0.01012	0.00723	0.00964	0.01157	0.01205	0.00675	0.00771	0.01157	0.01591	0.02121	0.04579	0.70262	0.05495	0.02603	0.01060	0.00337	0.00482	0.02362	0.00771	0.00675
28	0.03103	0.03959	0.02354	0.02140	0.02568	0.67469	0.01605	0.03317	0.02354	0.02033	0.01284	0.01498	0.01070	0.00856	0.00749	0.00214	0.01498	0.00535	0.00428	0.00963
29	0.01121	0.00796	0.00905	0.00945	0.01012	0.00757	0.00585	0.01194	0.01429	0.01847	0.04220	0.19362	0.16393	0.42519	0.02903	0.00600	0.00659	0.01559	0.00614	0.00580
30	0.02715	0.03320	0.02517	0.02211	0.02545	0.47508	0.04353	0.02942	0.02052	0.02052	0.01251	0.01615	0.01084	0.01006	0.01279	0.00256	0.19324	0.00605	0.00411	0.00956
31	0.00987	0.00822	0.00861	0.00893	0.01136	0.00697	0.00654	0.01186	0.01844	0.02224	0.07793	0.18107	0.55575	0.02185	0.00995	0.00290	0.00431	0.01852	0.00771	0.00697
32	0.01992	0.43694	0.29961	0.01811	0.02735	0.02728	0.02100	0.02547	0.01715	0.02233	0.01293	0.01506	0.01060	0.00743	0.00639	0.00213	0.01028	0.00514	0.00353	0.01133
33	0.02909	0.06672	0.02474	0.02102	0.02502	0.53615	0.01621	0.05903	0.02265	0.02175	0.01288	0.01553	0.01088	0.00929	0.00984	0.00232	0.09705	0.00564	0.00436	0.00982
34	0.01187	0.00890	0.01335	0.01335	0.01483	0.01038	0.01038	0.01483	0.01335	0.01928	0.02225	0.03264	0.02077	0.06231	0.67512	0.01335	0.02225	0.00890	0.00445	0.00742
35	0.02056	0.01974	0.03372	0.05099	0.65622	0.01974	0.02550	0.02550	0.01892	0.02714	0.01563	0.02056	0.01316	0.00740	0.00822	0.00247	0.00987	0.00740	0.00411	0.01316
36	0.02544	0.02355	0.02126	0.01835	0.02345	0.15317	0.01438	0.18618	0.36864	0.03620	0.02618	0.02505	0.01965	0.01041	0.00822	0.00260	0.00890	0.00811	0.00758	0.01268
37	0.02531	0.01988	0.01972	0.05511	0.02325	0.12293	0.01371	0.23711	0.02771	0.11729	0.09181	0.03773	0.09681	0.01276	0.00877	0.00262	0.00872	0.06002	0.00761	0.01113
38	0.01764	0.01676	0.02845	0.43267	0.29736	0.01897	0.02404	0.02294	0.01754	0.02360	0.01511	0.02151	0.01191	0.00794	0.00827	0.00265	0.01059	0.00739	0.00386	0.01080
39	0.02066	0.01785	0.01878	0.01691	0.02160	0.02066	0.01315	0.04414	0.64121	0.03475	0.03381	0.03099	0.02536	0.01127	0.00845	0.00282	0.00657	0.00939	0.00845	0.01315
40	0.02056	0.01974	0.03372	0.05099	0.65622	0.01974	0.02550	0.02550	0.01892	0.02714	0.01563	0.02056	0.01316	0.00740	0.00822	0.00247	0.00987	0.00740	0.00411	0.01316
41	0.01042	0.00849	0.00928	0.00978	0.01196	0.00757	0.00706	0.01332	0.04710	0.02264	0.07002	0.26892	0.43986	0.02211	0.01000	0.00298	0.00451	0.01902	0.00775	0.00722
42	0.01208	0.00805	0.00906	0.00906	0.00906	0.00805	0.00503	0.01208	0.01208	0.01611	0.02618	0.05436	0.03020	0.70804	0.04228	0.00805	0.00805	0.01208	0.00503	0.00503
43	0.01012	0.00723	0.00964	0.01157	0.01205	0.00675	0.00771	0.01157	0.01591	0.02121	0.04579	0.70262	0.05495	0.02603	0.01060	0.00337	0.00482	0.02362	0.00771	0.00675
44	0.01187	0.00890	0.01335	0.01335	0.01483	0.01038	0.01038	0.01483	0.01335	0.01928	0.02225	0.03264	0.02077	0.06231	0.67512	0.01335	0.02225	0.00890	0.00445	0.00742
45	0.01671	0.01204	0.01416	0.01293	0.01616	0.01242	0.00990	0.02693	0.23051	0.08527	0.33467	0.07997	0.08402	0.01514	0.00926	0.00272	0.00513	0.01311	0.00887	0.01006
46	0.01012	0.00723	0.00964	0.01157	0.01205	0.00675	0.00771	0.01157	0.01591	0.02121	0.04579	0.70262	0.05495	0.02603	0.01060	0.00337	0.00482	0.02362	0.00771	0.00675
47	0.01443	0.00722	0.01082	0.01082	0.01082	0.00722	0.00722	0.01082	0.01082	0.01443	0.01443	0.02525	0.01443	0.02886	0.03247	0.75830	0.00722	0.00722	0.00361	0.00361
48	0.02517	0.02585	0.01966	0.01751	0.02138	0.32089	0.01350	0.14707	0.02376	0.02793	0.01806	0.02169	0.01484	0.02004	0.14465	0.00449	0.01385	0.00682	0.10300	0.00983
49	0.01761	0.01413	0.01511	0.01339	0.01734	0.01485	0.01044	0.14825	0.20178	0.03317	0.11261	0.07924	0.25686	0.01577	0.00915	0.00275	0.00590	0.01315	0.00819	0.01031
50	0.01030	0.00774	0.00955	0.01057	0.01189	0.00699	0.00736	0.01230	0.01789	0.02342	0.15047	0.43946	0.21526	0.02331	0.01027	0.00311	0.00452	0.02068	0.00794	0.00699
51	0.00992	0.00800	0.00885	0.00952	0.01151	0.00692	0.00680	0.01180	0.01787	0.02201	0.07069	0.29851	0.44298	0.02279	0.01009	0.00300	0.00442	0.01967	0.00771	0.00692
52	0.01208	0.00805	0.00906	0.00906	0.00906	0.00805	0.00503	0.01208	0.01208	0.01611	0.02618	0.05436	0.03020	0.70804	0.04228	0.00805	0.00805	0.01208	0.00503	0.00503
53	0.01358	0.01169	0.01201	0.01136	0.01482	0.01175	0.00868	0.02309	0.23468	0.02671	0.06670	0.06298	0.43530	0.01765	0.00935	0.00281	0.00503	0.01471	0.00797	0.00914
54	0.01187	0.00890	0.01335	0.01335	0.01483	0.01038	0.01038	0.01483	0.01335	0.01928	0.02225	0.03264	0.02077	0.06231	0.67512	0.01335	0.02225	0.00890	0.00445	0.00742
55	0.01105	0.00806	0.01010	0.01136	0.01250	0.00758	0.00821	0.01288	0.01654	0.02140	0.04949	0.36004	0.16073	0.13082	0.01558	0.00409	0.00579	0.13980	0.00728	0.00672
56	0.01131	0.00789	0.01003	0.01110	0.01172	0.00761	0.00753	0.01277	0.01567	0.02098	0.08977	0.36013	0.04784	0.25077	0.02113	0.00492	0.00616	0.08936	0.00694	0.00638
57	0.01758	0.15354	0.56245	0.02212	0.03354	0.02153	0.02797	0.02607	0.01743	0.02519	0.01435	0.01684	0.01055	0.00776	0.00747	0.00249	0.01172	0.00586	0.00352	0.01201
58	0.01213	0.00785	0.00901	0.00940	0.00975	0.00775	0.00568	0.01293	0.01355	0.01908	0.03026	0.18234	0.03404	0.47904	0.03112	0.00631	0.00685	0.01385	0.10335	0.00573
59	0.01150	0.00773	0.00922	0.00994	0.01021	0.00755	0.00607	0.01221	0.01375	0.01868	0.03358	0.29663	0.03910	0.42128	0.02879	0.00603	0.00666	0.01622	0.03907	0.00580
60	0.01106	0.00799	0.00992	0.01055	0.01168	0.00747	0.00730	0.01304	0.01759	0.02354	0.19860	0.29638	0.13341	0.16312	0.01685	0.00409	0.00532	0.04781	0.00752	0.00675
61	0.03106	0.03867	0.02362	0.02127	0.02569	0.63804	0.01604	0.06680	0.02442	0.02214	0.01324	0.01526	0.01089	0.00864	0.00754	0.00216	0.01465	0.00547	0.00451	0.00988
62	0.01038	0.00734	0.00956	0.01124	0.01166	0.00692	0.00736	0.01163	0.01541	0.02054	0.04323	0.61801	0.05172	0.11504	0.01474	0.00398	0.00524	0.02211	0.00736	0.00652
63	0.01079	0.00757	0.00939	0.01056	0.01097	0.00721	0.00672	0.01176	0.01471	0.01949	0.04062	0.45038	0.07213	0.26293	0.02158	0.00498	0.00592	0.01934	0.00678	0.00616

[dist]
# distance from previous block
# <min> <max>
0	1

[block]
# block no. 1 follows, 22 sequences, length 38
# corresponding to MSA columns:
# 66-103
name=unknown_B
#
# <colnr> <probs for GDERKNQSTAVLIFYWHMCP>
#	G	D	E	R	K	N	Q	S	T	A	V	L	I	F	Y	W	H	M	C	P
0	0.01208	0.00805	0.00906	0.00906	0.00906	0.00805	0.00503	0.01208	0.01208	0.01611	0.02618	0.05436	0.03020	0.70804	0.04228	0.00805	0.00805	0.01208	0.00503	0.00503
1	0.01254	0.00868	0.01113	0.01134	0.01248	0.00855	0.00794	0.01449	0.01752	0.05176	0.20033	0.31444	0.08428	0.14888	0.01705	0.00399	0.04260	0.01734	0.00748	0.00718
2	0.01151	0.00896	0.01150	0.01344	0.05387	0.00848	0.00869	0.01454	0.04625	0.02359	0.11946	0.38981	0.17725	0.05824	0.01177	0.00333	0.00517	0.01905	0.00754	0.00755
3	0.01649	0.01208	0.01567	0.01436	0.01703	0.01371	0.01137	0.15323	0.01935	0.02733	0.02198	0.02969	0.01930	0.04783	0.49080	0.01032	0.01836	0.00852	0.04362	0.00894
4	0.01239	0.00949	0.01174	0.01253	0.01490	0.00910	0.01038	0.01667	0.05213	0.02547	0.12229	0.08237	0.25475	0.02105	0.01058	0.00330	0.00603	0.30923	0.00787	0.00774
5	0.02339	0.01989	0.02776	0.02034	0.02768	0.01916	0.15804	0.25947	0.02631	0.03683	0.01727	0.01951	0.01309	0.00785	0.00786	0.00210	0.00918	0.00708	0.00607	0.29112
6	0.01895	0.02004	0.02189	0.01934	0.02141	0.17326	0.05092	0.02158	0.01593	0.02020	0.01595	0.02306	0.01464	0.03049	0.26312	0.00685	0.24196	0.00757	0.00413	0.00872
7	0.22207	0.01307	0.01227	0.01125	0.01526	0.01376	0.00883	0.05407	0.13437	0.03041	0.05134	0.04931	0.32446	0.01495	0.00819	0.00273	0.00552	0.01189	0.00717	0.00908
8	0.03103	0.03959	0.02354	0.02140	0.02568	0.67469	0.01605	0.03317	0.02354	0.02033	0.01284	0.01498	0.01070	0.00856	0.00749	0.00214	0.01498	0.00535	0.00428	0.00963
9	0.01104	0.00928	0.01105	0.08714	0.01713	0.00886	0.00886	0.01433	0.04547	0.02255	0.06492	0.21868	0.41020	0.02033	0.00977	0.00294	0.00524	0.01746	0.00729	0.00747
10	0.01154	0.00941	0.01033	0.01012	0.01275	0.00874	0.00757	0.01645	0.09080	0.02630	0.20840	0.12196	0.39670	0.01939	0.00972	0.00281	0.00446	0.01652	0.00813	0.00789
11	0.02648	0.02062	0.02106	0.01679	0.02237	0.05578	0.01363	0.45114	0.03367	0.04405	0.05942	0.03311	0.14021	0.01234	0.00862	0.00254	0.00827	0.00964	0.00802	0.01224
12	0.02157	0.02206	0.03362	0.04427	0.48657	0.08980	0.09242	0.02739	0.05128	0.02674	0.01639	0.02071	0.01346	0.00768	0.00834	0.00249	0.01072	0.00756	0.00436	0.01256
13	0.02380	0.01738	0.01884	0.01588	0.02101	0.01887	0.01265	0.19987	0.30242	0.10921	0.03811	0.03565	0.12453	0.01240	0.00863	0.00270	0.00695	0.01008	0.00850	0.01253
14	0.00982	0.00842	0.00842	0.00842	0.01122	0.00701	0.00631	0.01192	0.01894	0.02244	0.08416	0.07995	0.65285	0.02104	0.00982	0.00281	0.00421	0.01753	0.00771	0.00701
15	0.01142	0.00785	0.00919	0.00972	0.01000	0.00764	0.00584	0.01193	0.01351	0.01786	0.03475	0.23509	0.07085	0.48207	0.03176	0.00647	0.00695	0.01557	0.00592	0.00562
16	0.01762	0.01315	0.01409	0.01226	0.01545	0.01346	0.00914	0.21497	0.02354	0.03049	0.04534	0.08088	0.24450	0.20675	0.01829	0.00417	0.00692	0.01299	0.00717	0.00880
17	0.01172	0.00790	0.00917	0.00953	0.00962	0.00781	0.00553	0.01199	0.01279	0.01706	0.02982	0.17489	0.03480	0.58124	0.03639	0.00718	0.00745	0.01423	0.00553	0.00535
18	0.03158	0.02327	0.02493	0.01911	0.02576	0.02576	0.01579	0.62852	0.03906	0.05236	0.01995	0.01995	0.01413	0.00997	0.00831	0.00249	0.00914	0.00748	0.00831	0.01413
19	0.00990	0.00809	0.00875	0.00929	0.01145	0.00694	0.00670	0.01182	0.01810	0.02210	0.07356	0.25195	0.48769	0.02242	0.01004	0.00296	0.00438	0.01921	0.00771	0.00694
20	0.01551	0.01115	0.01293	0.01243	0.01434	0.01142	0.00878	0.15069	0.02055	0.02742	0.06016	0.32794	0.06687	0.19904	0.01825	0.00434	0.00657	0.01638	0.00721	0.00802
21	0.02090	0.55442	0.19065	0.01645	0.02479	0.02966	0.01812	0.02521	0.01704	0.02115	0.01234	0.01432	0.01063	0.00729	0.00594	0.00198	0.00969	0.00484	0.00354	0.01104
22	0.02015	0.01418	0.01538	0.01329	0.01683	0.01495	0.01022	0.26758	0.02569	0.03546	0.03431	0.14594	0.10439	0.09132	0.01218	0.00319	0.00671	0.01197	0.14644	0.00982
23	0.01121	0.00871	0.00897	0.00874	0.01173	0.00728	0.00661	0.01337	0.01918	0.05489	0.08155	0.07733	0.62077	0.02049	0.00974	0.00279	0.00435	0.01707	0.00784	0.00737
24	0.01285	0.01007	0.01151	0.01192	0.01373	0.01028	0.00836	0.01942	0.16389	0.02388	0.04670	0.34071	0.14763	0.12194	0.01462	0.00383	0.00560	0.01750	0.00749	0.00806
25	0.01163	0.00849	0.01093	0.01032	0.01233	0.00779	0.00774	0.01543	0.02322	0.03261	0.61511	0.06321	0.11555	0.01725	0.00980	0.00263	0.00394	0.01519	0.00905	0.00779
26	0.00986	0.00823	0.00860	0.00890	0.01135	0.00697	0.00653	0.01187	0.01847	0.02225	0.07827	0.17554	0.56106	0.02180	0.00994	0.00289	0.00430	0.01847	0.00771	0.00697
27	0.00997	0.00781	0.00904	0.01003	0.01165	0.00688	0.00703	0.01174	0.01738	0.02181	0.06448	0.39935	0.34615	0.02360	0.01022	0.00310	0.00452	0.02065	0.00771	0.00688
28	0.01012	0.00723	0.00964	0.01157	0.01205	0.00675	0.00771	0.01157	0.01591	0.02121	0.04579	0.70262	0.05495	0.02603	0.01060	0.00337	0.00482	0.02362	0.00771	0.00675
29	0.02066	0.01785	0.01878	0.01691	0.02160	0.02066	0.01315	0.04414	0.64121	0.03475	0.03381	0.03099	0.02536	0.01127	0.00845	0.00282	0.00657	0.00939	0.00845	0.01315
30	0.02490	0.01714	0.01849	0.01518	0.02000	0.01875	0.01222	0.32039	0.12183	0.06863	0.02468	0.02556	0.01836	0.01214	0.03361	0.00281	0.00770	0.00793	0.21776	0.01193
31	0.01811	0.01948	0.03978	0.28532	0.04871	0.02003	0.39494	0.02455	0.01846	0.02455	0.01602	0.02231	0.01202	0.00750	0.00923	0.00279	0.01288	0.00888	0.00401	0.01045
32	0.39325	0.01862	0.01766	0.01460	0.02027	0.02096	0.01195	0.23301	0.09471	0.07485	0.01807	0.01846	0.01322	0.00902	0.00677	0.00257	0.00740	0.00627	0.00687	0.01149
33	0.01082	0.00828	0.00917	0.00912	0.01091	0.00744	0.00632	0.01268	0.01786	0.02281	0.17780	0.09548	0.34824	0.20533	0.01858	0.00420	0.00521	0.01583	0.00727	0.00663
34	0.01361	0.01146	0.01669	0.01569	0.01676	0.01454	0.01254	0.01626	0.01318	0.01948	0.01912	0.02864	0.01804	0.04911	0.49617	0.01067	0.20749	0.00845	0.00423	0.00788
35	0.20995	0.01459	0.01761	0.01387	0.01999	0.01373	0.01145	0.03668	0.02150	0.51409	0.02775	0.02478	0.01783	0.00967	0.00759	0.00257	0.00692	0.00744	0.00907	0.01292
36	0.01187	0.00890	0.01335	0.01335	0.01483	0.01038	0.01038	0.01483	0.01335	0.01928	0.02225	0.03264	0.02077	0.06231	0.67512	0.01335	0.02225	0.00890	0.00445	0.00742
37	0.03029	0.02091	0.02298	0.01802	0.02414	0.02273	0.01472	0.49183	0.06637	0.11905	0.02379	0.06562	0.01807	0.01111	0.00847	0.00258	0.00850	0.00872	0.00850	0.01360

[dist]
# distance from previous block
# <min> <max>
0	4

[block]
# block no. 2 follows, 22 sequences, length 31
# corresponding to MSA columns:
# 108-138
name=unknown_C
#
# <colnr> <probs for GDERKNQSTAVLIFYWHMCP>
#	G	D	E	R	K	N	Q	S	T	A	V	L	I	F	Y	W	H	M	C	P
0	0.02083	0.02313	0.02286	0.02191	0.07444	0.26906	0.08137	0.02408	0.01843	0.02113	0.01748	0.02371	0.01536	0.03099	0.28972	0.00697	0.01753	0.00751	0.00433	0.00916
1	0.02221	0.71304	0.04353	0.01421	0.02132	0.03287	0.01421	0.02488	0.01688	0.01955	0.01155	0.01333	0.01066	0.00711	0.00533	0.00178	0.00888	0.00444	0.00355	0.01066
2	0.02301	0.02111	0.02944	0.03916	0.43196	0.06385	0.02146	0.15926	0.02371	0.03199	0.02087	0.02392	0.05491	0.00894	0.00830	0.00247	0.00968	0.00794	0.00529	0.01274
3	0.02928	0.02175	0.02352	0.01815	0.02457	0.02355	0.01488	0.54501	0.03601	0.04862	0.02069	0.05166	0.01587	0.01038	0.00822	0.00242	0.00867	0.00801	0.00798	0.08074
4	0.01950	0.01941	0.01949	0.02175	0.14583	0.14534	0.01391	0.06409	0.11132	0.02684	0.04001	0.07158	0.20875	0.01331	0.00862	0.00255	0.00825	0.01101	0.00634	0.04210
5	0.01695	0.02059	0.17665	0.01833	0.06387	0.01483	0.01639	0.14000	0.02210	0.02969	0.03934	0.15869	0.16538	0.01571	0.00922	0.00287	0.00798	0.06472	0.00655	0.01016
6	0.01012	0.00723	0.00964	0.01157	0.01205	0.00675	0.00771	0.01157	0.01591	0.02121	0.04579	0.70262	0.05495	0.02603	0.01060	0.00337	0.00482	0.02362	0.00771	0.00675
7	0.01893	0.02006	0.03591	0.02927	0.07226	0.02321	0.27458	0.02314	0.01603	0.02324	0.01370	0.02011	0.01177	0.01090	0.01867	0.00321	0.36251	0.00835	0.00390	0.01024
8	0.02034	0.01904	0.02971	0.07435	0.47484	0.01990	0.02242	0.02974	0.16761	0.02867	0.01993	0.02313	0.01597	0.00837	0.00828	0.00257	0.00914	0.00788	0.00513	0.01296
9	0.02259	0.01480	0.01627	0.01377	0.01777	0.01570	0.01087	0.28562	0.02725	0.06941	0.05598	0.13063	0.02593	0.01269	0.00795	0.00246	0.00648	0.01043	0.24271	0.01070
10	0.07846	0.01517	0.01844	0.01463	0.02013	0.01477	0.01192	0.16529	0.02650	0.36003	0.15224	0.03221	0.02993	0.01138	0.00842	0.00256	0.00686	0.00924	0.00928	0.01254
11	0.01979	0.01991	0.03683	0.11507	0.42979	0.01994	0.18420	0.02533	0.01885	0.02637	0.01585	0.02122	0.01279	0.00739	0.00865	0.00259	0.01109	0.00804	0.00409	0.01222
12	0.01574	0.01145	0.01412	0.01342	0.01552	0.01232	0.00994	0.14991	0.01967	0.02675	0.02963	0.24056	0.03132	0.13873	0.22377	0.00703	0.01176	0.01363	0.00641	0.00834
13	0.01208	0.00805	0.00906	0.00906	0.00906	0.00805	0.00503	0.01208	0.01208	0.01611	0.02618	0.05436	0.03020	0.70804	0.04228	0.00805	0.00805	0.01208	0.00503	0.00503
14	0.01400	0.01123	0.01421	0.01307	0.01307	0.01352	0.00916	0.01457	0.01228	0.01733	0.02138	0.04299	0.02414	0.49014	0.03756	0.00667	0.22322	0.01057	0.00459	0.00631
15	0.01546	0.00986	0.01185	0.01104	0.01414	0.00893	0.00864	0.01945	0.04989	0.12488	0.24875	0.06535	0.29262	0.01783	0.00967	0.00280	0.00497	0.06659	0.00859	0.00871
16	0.01012	0.00723	0.00964	0.01157	0.01205	0.00675	0.00771	0.01157	0.01591	0.02121	0.04579	0.70262	0.05495	0.02603	0.01060	0.00337	0.00482	0.02362	0.00771	0.00675
17	0.03158	0.02327	0.02493	0.01911	0.02576	0.02576	0.01579	0.62852	0.03906	0.05236	0.01995	0.01995	0.01413	0.00997	0.00831	0.00249	0.00914	0.00748	0.00831	0.01413
18	0.01067	0.00840	0.00932	0.00912	0.01135	0.00738	0.00664	0.01310	0.01960	0.02511	0.25358	0.07160	0.40663	0.09518	0.01337	0.00332	0.00454	0.01616	0.00786	0.00705
19	0.01443	0.00722	0.01082	0.01082	0.01082	0.00722	0.00722	0.01082	0.01082	0.01443	0.01443	0.02525	0.01443	0.02886	0.03247	0.75830	0.00722	0.00722	0.00361	0.00361
20	0.01549	0.00774	0.00774	0.00774	0.00968	0.00774	0.00581	0.01936	0.01742	0.03097	0.02710	0.03097	0.02129	0.00968	0.00581	0.00194	0.00387	0.00774	0.75416	0.00774
21	0.01691	0.01182	0.01299	0.01155	0.01320	0.01244	0.00770	0.16474	0.01876	0.02508	0.02463	0.04584	0.02622	0.53517	0.03387	0.00668	0.00832	0.01094	0.00585	0.00729
22	0.01061	0.00799	0.00957	0.01008	0.01162	0.00722	0.00707	0.01275	0.01841	0.02416	0.20692	0.29121	0.24579	0.08222	0.01294	0.00342	0.00469	0.01856	0.00783	0.00695
23	0.02056	0.01974	0.03372	0.05099	0.65622	0.01974	0.02550	0.02550	0.01892	0.02714	0.01563	0.02056	0.01316	0.00740	0.00822	0.00247	0.00987	0.00740	0.00411	0.01316
24	0.01012	0.00723	0.00964	0.01157	0.01205	0.00675	0.00771	0.01157	0.01591	0.02121	0.04579	0.70262	0.05495	0.02603	0.01060	0.00337	0.00482	0.02362	0.00771	0.00675
25	0.01034	0.00738	0.00989	0.01182	0.01239	0.00693	0.00809	0.01194	0.01612	0.02145	0.04567	0.66209	0.05447	0.02582	0.01066	0.00340	0.00501	0.06201	0.00771	0.00681
26	0.01087	0.00806	0.00935	0.00967	0.01100	0.00739	0.00653	0.01254	0.01709	0.02225	0.15806	0.21067	0.23893	0.21787	0.01927	0.00440	0.00540	0.01692	0.00720	0.00653
27	0.01210	0.00883	0.01299	0.01299	0.01450	0.01021	0.01009	0.01513	0.01361	0.02004	0.02256	0.03253	0.02080	0.05892	0.63206	0.01262	0.02107	0.00883	0.05269	0.00744
28	0.01260	0.00971	0.01165	0.01095	0.01342	0.00938	0.00827	0.01878	0.10401	0.03163	0.47260	0.06105	0.17049	0.01693	0.00962	0.00267	0.00432	0.01472	0.00881	0.00839
29	0.01508	0.01182	0.01250	0.01149	0.01421	0.01213	0.00832	0.08608	0.14333	0.02619	0.04883	0.05554	0.26173	0.23374	0.01958	0.00442	0.00643	0.01309	0.00709	0.00840
30	0.01315	0.01112	0.01440	0.01381	0.01514	0.01267	0.01057	0.01679	0.05729	0.02441	0.16745	0.23582	0.13525	0.02113	0.04214	0.00358	0.17498	0.01535	0.00692	0.00803

[dist]
# distance from previous block
# <min> <max>
0	1

[block]
# block no. 3 follows, 22 sequences, length 13
# corresponding to MSA columns:
# 140-152
name=unknown_D
#
# <colnr> <probs for GDERKNQSTAVLIFYWHMCP>
#	G	D	E	R	K	N	Q	S	T	A	V	L	I	F	Y	W	H	M	C	P
0	0.01091	0.00925	0.00953	0.00931	0.01222	0.00827	0.00703	0.01503	0.07383	0.02434	0.12231	0.07432	0.55477	0.01988	0.00970	0.00279	0.00439	0.01663	0.00789	0.00761
1	0.01007	0.00743	0.00943	0.01103	0.01191	0.00679	0.00747	0.01163	0.01642	0.02142	0.05235	0.59611	0.15722	0.02517	0.01047	0.00328	0.00472	0.02258	0.00771	0.00679
2	0.02043	0.01438	0.01632	0.01436	0.01786	0.01550	0.01118	0.27691	0.02573	0.03594	0.02856	0.21103	0.02741	0.02097	0.09313	0.00402	0.00872	0.01214	0.13523	0.01016
3	0.01744	0.01224	0.01342	0.01182	0.01365	0.01292	0.00799	0.18147	0.01949	0.02607	0.02446	0.04491	0.02579	0.51622	0.03295	0.00653	0.00835	0.01082	0.00593	0.00753
4	0.02784	0.01210	0.01600	0.01296	0.01789	0.01053	0.01044	0.03108	0.02310	0.43430	0.18357	0.04271	0.11428	0.01321	0.00888	0.00261	0.00597	0.01107	0.00969	0.01177
5	0.01094	0.00776	0.00939	0.01020	0.01085	0.00735	0.00655	0.01208	0.01531	0.02024	0.08406	0.34564	0.11196	0.28326	0.02247	0.00503	0.00592	0.01800	0.00680	0.00620
6	0.01461	0.01129	0.01286	0.01203	0.01513	0.01064	0.00896	0.11864	0.02093	0.02766	0.04871	0.31533	0.21852	0.01928	0.00941	0.00278	0.00555	0.01669	0.00746	0.10353
7	0.02681	0.02595	0.02199	0.01794	0.02383	0.23278	0.01414	0.22962	0.08126	0.03399	0.01754	0.01861	0.01354	0.00866	0.00751	0.00209	0.01006	0.00631	0.00615	0.20124
8	0.02991	0.02937	0.02355	0.01962	0.02516	0.29810	0.01545	0.30781	0.07673	0.03646	0.01777	0.01857	0.01345	0.00931	0.00788	0.00231	0.01128	0.00662	0.00648	0.04417
9	0.02136	0.06358	0.32600	0.02404	0.03301	0.19980	0.12680	0.02792	0.01950	0.02449	0.01453	0.01749	0.01102	0.00780	0.00792	0.00242	0.01287	0.00642	0.00391	0.04911
10	0.01852	0.01836	0.02588	0.03670	0.42385	0.07351	0.01940	0.02244	0.01933	0.02525	0.03421	0.03639	0.18873	0.01125	0.00860	0.00253	0.00876	0.01001	0.00512	0.01116
11	0.11002	0.01304	0.01466	0.01391	0.01645	0.01486	0.01082	0.02251	0.16166	0.02660	0.04118	0.18101	0.16778	0.01708	0.01211	0.00308	0.12308	0.03426	0.00686	0.00902
12	0.02409	0.02799	0.01908	0.01797	0.02123	0.40823	0.01323	0.02866	0.09959	0.02209	0.02335	0.16604	0.02319	0.05572	0.01042	0.00285	0.01132	0.01017	0.00559	0.00918

[dist]
# distance from previous block
# <min> <max>
1	2

[block]
# block no. 4 follows, 22 sequences, length 76
# corresponding to MSA columns:
# 155-230
name=unknown_E
#
# <colnr> <probs for GDERKNQSTAVLIFYWHMCP>
#	G	D	E	R	K	N	Q	S	T	A	V	L	I	F	Y	W	H	M	C	P
0	0.07473	0.07248	0.08203	0.01986	0.02543	0.01752	0.16922	0.08829	0.01963	0.02794	0.02670	0.18656	0.05938	0.01311	0.00945	0.00274	0.03610	0.01180	0.00568	0.05133
1	0.01113	0.00766	0.00934	0.01027	0.01051	0.00742	0.00633	0.01183	0.01393	0.01857	0.03566	0.36800	0.04217	0.37807	0.02696	0.00579	0.00649	0.01766	0.00633	0.00586
2	0.01122	0.00837	0.01094	0.01126	0.01255	0.00867	0.00811	0.01319	0.01462	0.01960	0.03901	0.15643	0.15197	0.17330	0.31291	0.00862	0.01310	0.01363	0.00574	0.00677
3	0.01186	0.00844	0.01127	0.01139	0.01217	0.00916	0.00791	0.01345	0.01295	0.01802	0.02532	0.08092	0.02684	0.34032	0.36206	0.01047	0.01508	0.01113	0.00489	0.00634
4	0.01398	0.01102	0.01341	0.01298	0.01451	0.04410	0.00960	0.04897	0.01496	0.02036	0.02265	0.03658	0.02230	0.22125	0.44339	0.01084	0.01754	0.00945	0.00480	0.00729
5	0.35555	0.09121	0.01985	0.04023	0.02110	0.02134	0.01213	0.17914	0.06880	0.03740	0.01698	0.04374	0.01372	0.00917	0.00660	0.00247	0.00750	0.00650	0.00607	0.04051
6	0.02541	0.02417	0.02125	0.01772	0.02333	0.18676	0.01392	0.18493	0.21041	0.03405	0.02127	0.02145	0.01625	0.00926	0.00773	0.00226	0.00929	0.00701	0.00667	0.15690
7	0.02176	0.01879	0.03218	0.11241	0.49074	0.01889	0.05930	0.02670	0.01923	0.09355	0.01742	0.02165	0.01369	0.00778	0.00834	0.00253	0.00994	0.00764	0.00473	0.01274
8	0.24620	0.02200	0.01930	0.08721	0.02512	0.14723	0.01391	0.12007	0.17969	0.03388	0.01906	0.02011	0.01447	0.00918	0.00724	0.00256	0.00901	0.00666	0.00613	0.01096
9	0.01046	0.00808	0.00954	0.00993	0.01181	0.00717	0.00716	0.01288	0.01932	0.02514	0.23305	0.26119	0.31167	0.02139	0.01005	0.00292	0.00431	0.01864	0.00812	0.00717
10	0.01311	0.01024	0.01580	0.01479	0.01686	0.01160	0.04463	0.04075	0.01476	0.02105	0.02186	0.03155	0.02004	0.05709	0.61090	0.01232	0.02126	0.00889	0.00460	0.00790
11	0.01208	0.00805	0.00906	0.00906	0.00906	0.00805	0.00503	0.01208	0.01208	0.01611	0.02618	0.05436	0.03020	0.70804	0.04228	0.00805	0.00805	0.01208	0.00503	0.00503
12	0.03114	0.03645	0.02381	0.02096	0.02570	0.54987	0.01600	0.14769	0.02653	0.02649	0.01421	0.01594	0.01136	0.00883	0.00765	0.00221	0.01386	0.00576	0.00506	0.01050
13	0.01463	0.01092	0.01498	0.01416	0.01637	0.01254	0.01114	0.10090	0.01696	0.02392	0.02193	0.03086	0.01984	0.05497	0.58160	0.01183	0.02041	0.00870	0.00499	0.00836
14	0.01133	0.00795	0.00907	0.00946	0.01000	0.00763	0.00577	0.01195	0.01395	0.01814	0.03943	0.18768	0.13548	0.46142	0.03074	0.00628	0.00679	0.01526	0.00600	0.00569
15	0.01232	0.00922	0.01190	0.01324	0.01542	0.00880	0.01127	0.01563	0.01907	0.02414	0.05600	0.08959	0.22883	0.02238	0.01098	0.00352	0.00662	0.42595	0.00767	0.00746
16	0.01766	0.03705	0.50414	0.03064	0.19401	0.01941	0.02937	0.02610	0.01789	0.02652	0.01509	0.01831	0.01120	0.00777	0.00798	0.00259	0.01166	0.00646	0.00366	0.01250
17	0.01050	0.00822	0.00896	0.00912	0.01102	0.00727	0.00639	0.01231	0.01774	0.02222	0.12849	0.14444	0.40310	0.15422	0.01619	0.00387	0.00499	0.01691	0.00735	0.00669
18	0.01143	0.00943	0.01016	0.00980	0.01260	0.00865	0.00740	0.01623	0.08576	0.02635	0.21517	0.07048	0.44861	0.01903	0.00967	0.00276	0.00439	0.01607	0.00814	0.00786
19	0.00982	0.00842	0.00842	0.00842	0.01122	0.00701	0.00631	0.01192	0.01894	0.02244	0.08416	0.07995	0.65285	0.02104	0.00982	0.00281	0.00421	0.01753	0.00771	0.00701
20	0.02066	0.01785	0.01878	0.01691	0.02160	0.02066	0.01315	0.04414	0.64121	0.03475	0.03381	0.03099	0.02536	0.01127	0.00845	0.00282	0.00657	0.00939	0.00845	0.01315
21	0.01156	0.00933	0.01019	0.00997	0.01245	0.00869	0.00734	0.01610	0.08492	0.02545	0.19022	0.10522	0.38506	0.07176	0.01219	0.00320	0.00473	0.01609	0.00789	0.00767
22	0.02948	0.03284	0.02306	0.02022	0.02505	0.43998	0.01553	0.15425	0.12549	0.02906	0.01762	0.01854	0.01373	0.00928	0.00781	0.00232	0.01247	0.00642	0.00576	0.01110
23	0.01728	0.00989	0.01183	0.01053	0.01405	0.00854	0.00818	0.02010	0.02127	0.18802	0.20739	0.06248	0.35377	0.01732	0.00944	0.00270	0.00487	0.01459	0.00871	0.00903
24	0.01121	0.00847	0.01034	0.00988	0.01207	0.00761	0.00741	0.01462	0.02222	0.03024	0.49146	0.06711	0.24068	0.01813	0.00980	0.00267	0.00400	0.01573	0.00874	0.00761
25	0.02056	0.01974	0.03372	0.05099	0.65622	0.01974	0.02550	0.02550	0.01892	0.02714	0.01563	0.02056	0.01316	0.00740	0.00822	0.00247	0.00987	0.00740	0.00411	0.01316
26	0.02395	0.01671	0.01826	0.01486	0.01881	0.01800	0.01128	0.35319	0.02747	0.06475	0.02303	0.03423	0.02091	0.29223	0.02205	0.00474	0.00861	0.00938	0.00707	0.01045
27	0.01176	0.00849	0.01110	0.01045	0.01241	0.00784	0.00784	0.01568	0.02352	0.03331	0.65184	0.06206	0.07839	0.01698	0.00980	0.00261	0.00392	0.01502	0.00914	0.00784
28	0.01010	0.00730	0.00957	0.01138	0.01200	0.00676	0.00763	0.01159	0.01608	0.02128	0.04801	0.66651	0.08962	0.02574	0.01056	0.00334	0.00478	0.02326	0.00771	0.00676
29	0.02066	0.01785	0.01878	0.01691	0.02160	0.02066	0.01315	0.04414	0.64121	0.03475	0.03381	0.03099	0.02536	0.01127	0.00845	0.00282	0.00657	0.00939	0.00845	0.01315
30	0.01120	0.00769	0.00932	0.01018	0.01040	0.00747	0.00623	0.01185	0.01379	0.01839	0.03494	0.34416	0.04126	0.40316	0.02812	0.00596	0.00661	0.01724	0.00623	0.00580
31	0.01208	0.00805	0.00906	0.00906	0.00906	0.00805	0.00503	0.01208	0.01208	0.01611	0.02618	0.05436	0.03020	0.70804	0.04228	0.00805	0.00805	0.01208	0.00503	0.00503
32	0.02066	0.01785	0.01878	0.01691	0.02160	0.02066	0.01315	0.04414	0.64121	0.03475	0.03381	0.03099	0.02536	0.01127	0.00845	0.00282	0.00657	0.00939	0.00845	0.01315
33	0.76672	0.01607	0.01221	0.01092	0.01607	0.01864	0.00900	0.02442	0.01414	0.03727	0.01157	0.01350	0.00900	0.00771	0.00514	0.00257	0.00643	0.00450	0.00514	0.00900
34	0.01961	0.02241	0.04902	0.03501	0.04342	0.02101	0.62605	0.02661	0.01961	0.02661	0.01681	0.02241	0.01261	0.00700	0.00980	0.00280	0.01401	0.00980	0.00420	0.01120
35	0.02056	0.01974	0.03372	0.05099	0.65622	0.01974	0.02550	0.02550	0.01892	0.02714	0.01563	0.02056	0.01316	0.00740	0.00822	0.00247	0.00987	0.00740	0.00411	0.01316
36	0.01004	0.00837	0.00875	0.00876	0.01138	0.00709	0.00653	0.01230	0.01929	0.02354	0.14241	0.10388	0.56751	0.02082	0.00985	0.00281	0.00420	0.01752	0.00787	0.00709
37	0.02252	0.02679	0.04253	0.03155	0.03890	0.18758	0.47061	0.02828	0.02061	0.02501	0.01580	0.02052	0.01212	0.00740	0.00921	0.00263	0.01425	0.00867	0.00422	0.01080
38	0.01187	0.00890	0.01335	0.01335	0.01483	0.01038	0.01038	0.01483	0.01335	0.01928	0.02225	0.03264	0.02077	0.06231	0.67512	0.01335	0.02225	0.00890	0.00445	0.00742
39	0.01031	0.00844	0.00910	0.00893	0.01152	0.00722	0.00670	0.01288	0.02010	0.02521	0.22881	0.07539	0.50647	0.02001	0.00981	0.00276	0.00413	0.01689	0.00808	0.00722
40	0.01272	0.00878	0.01029	0.01035	0.01102	0.00876	0.00653	0.04802	0.01554	0.02090	0.08469	0.20544	0.03927	0.44727	0.03005	0.00616	0.00700	0.01478	0.00621	0.00621
41	0.03066	0.02278	0.02493	0.05791	0.02759	0.02534	0.01621	0.59330	0.03776	0.05055	0.01964	0.02007	0.01395	0.00988	0.00831	0.00251	0.00925	0.00747	0.00804	0.01384
42	0.01549	0.00774	0.00774	0.00774	0.00968	0.00774	0.00581	0.01936	0.01742	0.03097	0.02710	0.03097	0.02129	0.00968	0.00581	0.00194	0.00387	0.00774	0.75416	0.00774
43	0.00982	0.00842	0.00842	0.00842	0.01122	0.00701	0.00631	0.01192	0.01894	0.02244	0.08416	0.07995	0.65285	0.02104	0.00982	0.00281	0.00421	0.01753	0.00771	0.00701
44	0.01569	0.01477	0.02492	0.68808	0.05722	0.01846	0.02307	0.02123	0.01661	0.02123	0.01477	0.02215	0.01107	0.00831	0.00831	0.00277	0.01107	0.00738	0.00369	0.00923
45	0.02066	0.01785	0.01878	0.01691	0.02160	0.02066	0.01315	0.04414	0.64121	0.03475	0.03381	0.03099	0.02536	0.01127	0.00845	0.00282	0.00657	0.00939	0.00845	0.01315
46	0.03060	0.02232	0.02388	0.01842	0.02478	0.02466	0.01518	0.59134	0.03774	0.05105	0.02038	0.02062	0.01457	0.00995	0.00816	0.00246	0.00882	0.00750	0.05383	0.01374
47	0.01942	0.01677	0.01760	0.01593	0.02041	0.01910	0.01237	0.04045	0.56992	0.03334	0.03958	0.03660	0.09725	0.01239	0.00861	0.00282	0.00630	0.01032	0.00837	0.01245
48	0.00982	0.00842	0.00842	0.00842	0.01122	0.00701	0.00631	0.01192	0.01894	0.02244	0.08416	0.07995	0.65285	0.02104	0.00982	0.00281	0.00421	0.01753	0.00771	0.00701
49	0.01012	0.00723	0.00964	0.01157	0.01205	0.00675	0.00771	0.01157	0.01591	0.02121	0.04579	0.70262	0.05495	0.02603	0.01060	0.00337	0.00482	0.02362	0.00771	0.00675
50	0.02056	0.01974	0.03372	0.05099	0.65622	0.01974	0.02550	0.02550	0.01892	0.02714	0.01563	0.02056	0.01316	0.00740	0.00822	0.00247	0.00987	0.00740	0.00411	0.01316
51	0.03080	0.02636	0.02427	0.01946	0.02549	0.16132	0.01568	0.46821	0.07256	0.04458	0.01930	0.01958	0.01410	0.00976	0.00815	0.00244	0.01021	0.00715	0.00748	0.01313
52	0.02056	0.01974	0.03372	0.05099	0.65622	0.01974	0.02550	0.02550	0.01892	0.02714	0.01563	0.02056	0.01316	0.00740	0.00822	0.00247	0.00987	0.00740	0.00411	0.01316
53	0.00982	0.00842	0.00842	0.00842	0.01122	0.00701	0.00631	0.01192	0.01894	0.02244	0.08416	0.07995	0.65285	0.02104	0.00982	0.00281	0.00421	0.01753	0.00771	0.00701
54	0.01596	0.01504	0.02541	0.65270	0.09048	0.01853	0.02321	0.02146	0.01674	0.02155	0.01481	0.02206	0.01119	0.00826	0.00830	0.00275	0.01101	0.00738	0.00371	0.00945
55	0.02056	0.01974	0.03372	0.05099	0.65622	0.01974	0.02550	0.02550	0.01892	0.02714	0.01563	0.02056	0.01316	0.00740	0.00822	0.00247	0.00987	0.00740	0.00411	0.01316
56	0.02221	0.71304	0.04353	0.01421	0.02132	0.03287	0.01421	0.02488	0.01688	0.01955	0.01155	0.01333	0.01066	0.00711	0.00533	0.00178	0.00888	0.00444	0.00355	0.01066
57	0.01012	0.00723	0.00964	0.01157	0.01205	0.00675	0.00771	0.01157	0.01591	0.02121	0.04579	0.70262	0.05495	0.02603	0.01060	0.00337	0.00482	0.02362	0.00771	0.00675
58	0.01666	0.04297	0.66500	0.02368	0.03596	0.01929	0.03069	0.02631	0.01754	0.02631	0.01491	0.01754	0.01052	0.00789	0.00789	0.00263	0.01228	0.00614	0.00351	0.01228
59	0.02056	0.01974	0.03372	0.05099	0.65622	0.01974	0.02550	0.02550	0.01892	0.02714	0.01563	0.02056	0.01316	0.00740	0.00822	0.00247	0.00987	0.00740	0.00411	0.01316
60	0.01985	0.02173	0.04512	0.03909	0.19957	0.02068	0.47302	0.02633	0.01943	0.02675	0.01651	0.02194	0.01275	0.00710	0.00940	0.00272	0.01295	0.00919	0.00418	0.01170
61	0.03158	0.02327	0.02493	0.01911	0.02576	0.02576	0.01579	0.62852	0.03906	0.05236	0.01995	0.01995	0.01413	0.00997	0.00831	0.00249	0.00914	0.00748	0.00831	0.01413
62	0.01208	0.00805	0.00906	0.00906	0.00906	0.00805	0.00503	0.01208	0.01208	0.01611	0.02618	0.05436	0.03020	0.70804	0.04228	0.00805	0.00805	0.01208	0.00503	0.00503
63	0.01012	0.00723	0.00964	0.01157	0.01205	0.00675	0.00771	0.01157	0.01591	0.02121	0.04579	0.70262	0.05495	0.02603	0.01060	0.00337	0.00482	0.02362	0.00771	0.00675
64	0.01208	0.00805	0.00906	0.00906	0.00906	0.00805	0.00503	0.01208	0.01208	0.01611	0.02618	0.05436	0.03020	0.70804	0.04228	0.00805	0.00805	0.01208	0.00503	0.00503
65	0.01945	0.37973	0.35267	0.01892	0.02860	0.02612	0.02241	0.02559	0.01721	0.02291	0.01322	0.01542	0.01059	0.00750	0.00660	0.00220	0.01057	0.00529	0.00353	0.01147
66	0.02158	0.67007	0.04169	0.01416	0.02093	0.03150	0.01398	0.02426	0.01666	0.01953	0.01220	0.01450	0.01128	0.01048	0.04621	0.00248	0.00970	0.00471	0.00361	0.01046
67	0.01669	0.05864	0.02715	0.02092	0.02424	0.04709	0.16920	0.02025	0.01542	0.02123	0.01752	0.02591	0.01591	0.06050	0.26774	0.00713	0.16286	0.00849	0.00417	0.00893
68	0.02186	0.01844	0.01946	0.01715	0.02206	0.02122	0.01344	0.10838	0.57503	0.03669	0.03229	0.02978	0.02412	0.01113	0.00844	0.00278	0.00686	0.00918	0.00844	0.01326
69	0.01187	0.00890	0.01335	0.01335	0.01483	0.01038	0.01038	0.01483	0.01335	0.01928	0.02225	0.03264	0.02077	0.06231	0.67512	0.01335	0.02225	0.00890	0.00445	0.00742
70	0.76672	0.01607	0.01221	0.01092	0.01607	0.01864	0.00900	0.02442	0.01414	0.03727	0.01157	0.01350	0.00900	0.00771	0.00514	0.00257	0.00643	0.00450	0.00514	0.00900
71	0.02066	0.01785	0.01878	0.01691	0.02160	0.02066	0.01315	0.04414	0.64121	0.03475	0.03381	0.03099	0.02536	0.01127	0.00845	0.00282	0.00657	0.00939	0.00845	0.01315
72	0.01208	0.00805	0.00906	0.00906	0.00906	0.00805	0.00503	0.01208	0.01208	0.01611	0.02618	0.05436	0.03020	0.70804	0.04228	0.00805	0.00805	0.01208	0.00503	0.00503
73	0.01416	0.01108	0.01341	0.01413	0.01658	0.01153	0.01134	0.02232	0.17700	0.02637	0.04677	0.19392	0.11914	0.02033	0.01033	0.00335	0.00640	0.26517	0.00787	0.00880
74	0.02176	0.02042	0.01886	0.01756	0.02163	0.14492	0.01400	0.08584	0.31086	0.03097	0.03114	0.04292	0.02727	0.01361	0.00902	0.00291	0.00870	0.15902	0.00743	0.01115
75	0.02273	0.67328	0.04235	0.01464	0.02158	0.07076	0.01432	0.02537	0.01727	0.01959	0.01163	0.01342	0.01066	0.00719	0.00546	0.00180	0.00924	0.00450	0.00360	0.01060

[dist]
# distance from previous block
# <min> <max>
0	8

# created by:
# /home/cegg/simao/soft/augustus-3.2.1/scripts/msa2prfl.pl ./align_prep/13397.fa
