[name]
unknown

[dist]
# distance from previous block
# <min> <max>
0	1

[block]
# block no. 0 follows, 21 sequences, length 20
# corresponding to MSA columns:
# 1-20
name=unknown_A
#
# <colnr> <probs for GDERKNQSTAVLIFYWHMCP>
#	G	D	E	R	K	N	Q	S	T	A	V	L	I	F	Y	W	H	M	C	P
0	0.01509	0.01226	0.01717	0.01754	0.01895	0.01435	0.01509	0.01843	0.01776	0.02407	0.03558	0.07436	0.03840	0.02110	0.01628	0.00386	0.19730	0.42750	0.00669	0.00825
1	0.02059	0.02155	0.04215	0.04429	0.35479	0.02085	0.31307	0.02667	0.01972	0.02754	0.01659	0.02198	0.01320	0.00738	0.00921	0.00269	0.01217	0.00878	0.00426	0.01251
2	0.22705	0.02475	0.17442	0.03419	0.32789	0.01980	0.02264	0.02600	0.01768	0.03050	0.01467	0.01831	0.01165	0.00779	0.00746	0.00260	0.00970	0.00645	0.00436	0.01208
3	0.01436	0.01086	0.01221	0.01213	0.01359	0.01155	0.00813	0.02144	0.18670	0.02307	0.03372	0.19911	0.03550	0.34991	0.02601	0.00563	0.00705	0.01438	0.00678	0.00789
4	0.01010	0.00844	0.00881	0.00911	0.01162	0.00714	0.00668	0.01216	0.01893	0.02280	0.08025	0.17496	0.55517	0.02233	0.01018	0.00296	0.00441	0.01891	0.00790	0.00714
5	0.02148	0.44930	0.06544	0.01483	0.02231	0.05700	0.01421	0.02482	0.01775	0.02255	0.01298	0.01506	0.01139	0.00712	0.00593	0.00172	0.00878	0.00482	0.00407	0.21845
6	0.02011	0.01880	0.02982	0.04115	0.47232	0.01774	0.02163	0.02481	0.01889	0.02778	0.01576	0.02011	0.01324	0.00722	0.00783	0.00217	0.00905	0.00687	0.00444	0.22026
7	0.01099	0.00866	0.00991	0.00960	0.01207	0.00758	0.00720	0.01401	0.02159	0.02820	0.34703	0.07332	0.38031	0.01961	0.01005	0.00278	0.00417	0.01676	0.00859	0.00758
8	0.02674	0.02600	0.02958	0.03599	0.32820	0.17367	0.02107	0.19389	0.02626	0.03339	0.01658	0.01954	0.01317	0.00860	0.00827	0.00246	0.01113	0.00711	0.00546	0.01291
9	0.01357	0.01274	0.04593	0.01710	0.01990	0.01174	0.13140	0.01664	0.01547	0.02128	0.02816	0.19672	0.02993	0.19059	0.20174	0.00729	0.01292	0.01361	0.00542	0.00785
10	0.01794	0.01888	0.03880	0.03092	0.08249	0.01838	0.40214	0.02380	0.01824	0.02520	0.01868	0.02574	0.01529	0.02305	0.19369	0.00587	0.01638	0.00960	0.00437	0.01055
11	0.02739	0.03345	0.02451	0.20608	0.03534	0.48559	0.01845	0.03056	0.02213	0.02108	0.01371	0.01740	0.01107	0.00870	0.00791	0.00237	0.01423	0.00606	0.00422	0.00975
12	0.01559	0.01104	0.01366	0.01263	0.01604	0.00974	0.00930	0.01973	0.06302	0.07669	0.08681	0.34957	0.04105	0.01777	0.00917	0.00267	0.00556	0.01576	0.00749	0.21672
13	0.01965	0.02713	0.18819	0.03772	0.21141	0.02074	0.31432	0.02687	0.01939	0.02734	0.01642	0.02126	0.01257	0.00750	0.00913	0.00273	0.01275	0.00847	0.00411	0.01230
14	0.37424	0.08305	0.29957	0.01723	0.02588	0.02054	0.01945	0.02591	0.01624	0.03179	0.01336	0.01564	0.01004	0.00793	0.00653	0.00260	0.00943	0.00535	0.00440	0.01083
15	0.02926	0.11561	0.03053	0.02223	0.02821	0.32322	0.09653	0.19576	0.02718	0.03076	0.01557	0.01758	0.01220	0.00878	0.00795	0.00234	0.01277	0.00659	0.00544	0.01150
16	0.02568	0.03077	0.02087	0.01936	0.02285	0.46254	0.01464	0.02813	0.02087	0.02049	0.01615	0.02098	0.01417	0.02591	0.21295	0.00577	0.01766	0.00661	0.00444	0.00916
17	0.02410	0.02200	0.01977	0.01703	0.02161	0.16921	0.01311	0.23209	0.02665	0.03354	0.02542	0.20760	0.02509	0.01395	0.00868	0.00255	0.00912	0.01142	0.00691	0.11014
18	0.02232	0.01727	0.06728	0.01911	0.10386	0.03891	0.01402	0.02766	0.06783	0.19612	0.04155	0.04016	0.19251	0.01252	0.00862	0.00252	0.00738	0.01041	0.00736	0.10259
19	0.02276	0.02522	0.02208	0.02502	0.16785	0.27680	0.01578	0.05012	0.04870	0.02503	0.03548	0.03621	0.18948	0.01224	0.00859	0.00251	0.01042	0.00973	0.00568	0.01031

[dist]
# distance from previous block
# <min> <max>
0	1

[block]
# block no. 1 follows, 21 sequences, length 206
# corresponding to MSA columns:
# 22-101,119-244
name=unknown_B
#
# <colnr> <probs for GDERKNQSTAVLIFYWHMCP>
#	G	D	E	R	K	N	Q	S	T	A	V	L	I	F	Y	W	H	M	C	P
0	0.02016	0.02084	0.06861	0.04333	0.43847	0.01926	0.13684	0.02577	0.01929	0.02803	0.01733	0.02228	0.01403	0.00776	0.00848	0.00255	0.01046	0.00801	0.07598	0.01251
1	0.01163	0.00981	0.01111	0.05923	0.01612	0.00934	0.00865	0.01603	0.07783	0.02389	0.06908	0.18121	0.43435	0.02054	0.00995	0.00298	0.00517	0.01750	0.00767	0.00791
2	0.01226	0.00932	0.01291	0.01534	0.07356	0.00939	0.00956	0.01415	0.01531	0.02074	0.03656	0.28389	0.08123	0.18849	0.17081	0.00681	0.01031	0.01590	0.00613	0.00732
3	0.01399	0.01061	0.01275	0.01148	0.01472	0.00934	0.00856	0.04739	0.01977	0.02728	0.18129	0.17318	0.15733	0.01819	0.01149	0.07487	0.00539	0.01399	0.00720	0.18116
4	0.02798	0.02336	0.05074	0.02028	0.05686	0.11038	0.01585	0.18248	0.24382	0.13825	0.02616	0.02507	0.01894	0.01031	0.00843	0.00264	0.00909	0.00814	0.00788	0.01334
5	0.02106	0.02022	0.03454	0.05223	0.64784	0.02022	0.02612	0.02612	0.01938	0.02780	0.01601	0.02106	0.01348	0.00758	0.00842	0.00253	0.01011	0.00758	0.00421	0.01348
6	0.01947	0.01831	0.03094	0.15980	0.48283	0.01898	0.02448	0.02453	0.01898	0.02651	0.01865	0.02858	0.01653	0.00928	0.00876	0.00272	0.01011	0.06383	0.00449	0.01222
7	0.01072	0.00925	0.00984	0.03875	0.01404	0.00792	0.00742	0.01312	0.01920	0.02318	0.07935	0.07592	0.58337	0.02018	0.00979	0.00279	0.00473	0.01683	0.00757	0.04603
8	0.01796	0.01644	0.02387	0.09107	0.02701	0.04501	0.11990	0.02213	0.01725	0.02561	0.01769	0.02304	0.01459	0.01319	0.05934	0.00323	0.12693	0.00749	0.14584	0.18243
9	0.01238	0.00825	0.00928	0.00928	0.00928	0.00825	0.00516	0.01238	0.01238	0.01650	0.02681	0.05569	0.03094	0.70092	0.04331	0.00825	0.00825	0.01238	0.00516	0.00516
10	0.02912	0.13310	0.08801	0.02113	0.02671	0.51661	0.01763	0.03213	0.02258	0.02131	0.01318	0.01536	0.01094	0.00850	0.00741	0.00219	0.01421	0.00543	0.00421	0.01027
11	0.02730	0.03190	0.02086	0.01904	0.02289	0.48424	0.01429	0.02986	0.02377	0.04909	0.13660	0.05545	0.02672	0.01130	0.00831	0.00236	0.01238	0.00834	0.00575	0.00957
12	0.01131	0.07583	0.01218	0.00943	0.01256	0.00972	0.00735	0.01347	0.01897	0.02261	0.07615	0.12024	0.54019	0.02055	0.00967	0.00281	0.00482	0.01712	0.00749	0.00752
13	0.01037	0.00741	0.00987	0.01185	0.01234	0.00691	0.00790	0.01185	0.01629	0.02172	0.04690	0.69537	0.05629	0.02666	0.01086	0.00346	0.00494	0.02419	0.00790	0.00691
14	0.20424	0.03074	0.16241	0.02680	0.16945	0.21768	0.02020	0.02844	0.01932	0.02802	0.01396	0.01687	0.01108	0.00813	0.00735	0.00249	0.01139	0.00593	0.00439	0.01113
15	0.02106	0.02022	0.03454	0.05223	0.64784	0.02022	0.02612	0.02612	0.01938	0.02780	0.01601	0.02106	0.01348	0.00758	0.00842	0.00253	0.01011	0.00758	0.00421	0.01348
16	0.02099	0.02042	0.03568	0.05105	0.60414	0.02031	0.06890	0.02620	0.01943	0.02776	0.01609	0.02120	0.01344	0.00755	0.00854	0.00255	0.01042	0.00776	0.00422	0.01333
17	0.02255	0.02304	0.03310	0.04803	0.56172	0.10981	0.02478	0.02721	0.02003	0.02684	0.01561	0.02027	0.01313	0.00775	0.00832	0.00248	0.01084	0.00729	0.00424	0.01298
18	0.01370	0.01324	0.02146	0.06216	0.06892	0.01229	0.15120	0.01757	0.01966	0.02488	0.09142	0.05884	0.37841	0.01610	0.00983	0.00283	0.00751	0.01454	0.00661	0.00884
19	0.01720	0.04311	0.63070	0.02476	0.03716	0.01984	0.05666	0.02696	0.01806	0.02696	0.01536	0.01818	0.01087	0.00805	0.00817	0.00270	0.01265	0.00645	0.00362	0.01253
20	0.01891	0.03370	0.40072	0.02587	0.03619	0.01891	0.18989	0.02719	0.01942	0.06851	0.06300	0.02340	0.01713	0.00868	0.00880	0.00274	0.01209	0.00814	0.00467	0.01207
21	0.02192	0.45065	0.19101	0.01765	0.02585	0.07582	0.01875	0.02775	0.05814	0.02279	0.01426	0.01601	0.01187	0.00786	0.00647	0.00213	0.01025	0.00537	0.00401	0.01141
22	0.02106	0.02022	0.03454	0.05223	0.64784	0.02022	0.02612	0.02612	0.01938	0.02780	0.01601	0.02106	0.01348	0.00758	0.00842	0.00253	0.01011	0.00758	0.00421	0.01348
23	0.02501	0.01366	0.01977	0.02225	0.16425	0.01250	0.01396	0.02821	0.02098	0.30043	0.03931	0.16122	0.11237	0.01444	0.00917	0.00280	0.00706	0.01261	0.00820	0.01180
24	0.01707	0.04402	0.65683	0.02426	0.03683	0.01976	0.03144	0.02695	0.01797	0.02695	0.01527	0.01797	0.01078	0.00809	0.00809	0.00270	0.01258	0.00629	0.00359	0.01258
25	0.02260	0.18767	0.11583	0.01972	0.02464	0.21723	0.01792	0.02601	0.01810	0.02129	0.01376	0.01802	0.01211	0.01572	0.08408	0.00377	0.16123	0.00621	0.00398	0.01012
26	0.02837	0.07526	0.02178	0.01724	0.02196	0.29041	0.01352	0.03245	0.05758	0.18601	0.14068	0.02889	0.02771	0.01093	0.00825	0.00241	0.01016	0.00834	0.00710	0.01097
27	0.02077	0.02174	0.07053	0.04959	0.57409	0.02028	0.06501	0.02624	0.01934	0.02772	0.01605	0.02101	0.01329	0.00758	0.00851	0.00256	0.01053	0.00767	0.00418	0.01330
28	0.01085	0.00842	0.01188	0.01270	0.01396	0.00774	0.04064	0.01273	0.01693	0.02220	0.05075	0.57400	0.13543	0.02490	0.01071	0.00334	0.00536	0.02256	0.00771	0.00720
29	0.01388	0.00838	0.01082	0.01161	0.01266	0.00784	0.00777	0.01521	0.01626	0.08965	0.04077	0.47358	0.04653	0.18183	0.01816	0.00448	0.00596	0.01973	0.00755	0.00733
30	0.02255	0.02304	0.03310	0.04803	0.56172	0.10981	0.02478	0.02721	0.02003	0.02684	0.01561	0.02027	0.01313	0.00775	0.00832	0.00248	0.01084	0.00729	0.00424	0.01298
31	0.02016	0.14269	0.01964	0.01247	0.01655	0.01395	0.01031	0.02377	0.02286	0.17566	0.38130	0.04602	0.05331	0.01388	0.00882	0.00250	0.00573	0.01174	0.00855	0.01008
32	0.01204	0.00870	0.01138	0.01071	0.01271	0.00803	0.00803	0.01606	0.02409	0.03413	0.64335	0.06357	0.08030	0.01740	0.01004	0.00268	0.00401	0.01539	0.00937	0.00803
33	0.02030	0.02475	0.15291	0.04691	0.53161	0.02013	0.02713	0.02628	0.01911	0.02764	0.01587	0.02047	0.01297	0.00768	0.00836	0.00256	0.01058	0.00734	0.00409	0.01331
34	0.02396	0.05431	0.20670	0.02174	0.06806	0.02142	0.01998	0.15380	0.21114	0.09567	0.02393	0.02378	0.01736	0.00975	0.00831	0.00267	0.00932	0.00782	0.00686	0.01341
35	0.01216	0.00912	0.01368	0.01368	0.01520	0.01064	0.01064	0.01520	0.01368	0.01976	0.02279	0.03343	0.02127	0.06382	0.66720	0.01368	0.02279	0.00912	0.00456	0.00760
36	0.01216	0.00912	0.01368	0.01368	0.01520	0.01064	0.01064	0.01520	0.01368	0.01976	0.02279	0.03343	0.02127	0.06382	0.66720	0.01368	0.02279	0.00912	0.00456	0.00760
37	0.01848	0.01918	0.02360	0.17178	0.03074	0.13979	0.09828	0.02172	0.01734	0.02113	0.02153	0.05909	0.04339	0.14654	0.05425	0.00449	0.08574	0.00964	0.00461	0.00867
38	0.01804	0.01385	0.01663	0.01583	0.01924	0.01557	0.01261	0.03119	0.30798	0.06119	0.03286	0.04338	0.02835	0.02925	0.20651	0.00629	0.01177	0.11130	0.00738	0.01078
39	0.02091	0.02027	0.03110	0.11219	0.40568	0.04639	0.05598	0.02965	0.13597	0.02831	0.01941	0.02315	0.01549	0.00846	0.00854	0.00264	0.01005	0.00802	0.00502	0.01278
40	0.01037	0.00741	0.00987	0.01185	0.01234	0.00691	0.00790	0.01185	0.01629	0.02172	0.04690	0.69537	0.05629	0.02666	0.01086	0.00346	0.00494	0.02419	0.00790	0.00691
41	0.01986	0.01895	0.03171	0.04746	0.57822	0.01879	0.02397	0.02460	0.01938	0.02728	0.02369	0.02772	0.08250	0.00911	0.00860	0.00257	0.00948	0.00872	0.00462	0.01279
42	0.01671	0.01577	0.02667	0.60049	0.13363	0.01907	0.02395	0.02230	0.01732	0.02251	0.01524	0.02248	0.01162	0.00839	0.00850	0.00280	0.01119	0.00757	0.00384	0.00997
43	0.01970	0.01883	0.03208	0.22395	0.48678	0.01986	0.02544	0.02492	0.01873	0.02615	0.01577	0.02151	0.01290	0.00784	0.00845	0.00261	0.01045	0.00758	0.00409	0.01238
44	0.02984	0.01522	0.01877	0.01546	0.02099	0.01504	0.01240	0.04030	0.23239	0.38243	0.09280	0.03326	0.02846	0.01154	0.00874	0.00272	0.00676	0.00958	0.00978	0.01351
45	0.01226	0.00820	0.00931	0.00942	0.00945	0.00818	0.00531	0.01235	0.01259	0.01679	0.02793	0.09134	0.03235	0.66334	0.04151	0.00798	0.00807	0.01303	0.00531	0.00525
46	0.01794	0.01262	0.01419	0.01276	0.01494	0.01336	0.00902	0.18625	0.02112	0.02866	0.02760	0.13202	0.02883	0.34602	0.06101	0.00598	0.00871	0.01230	0.03835	0.00831
47	0.02210	0.01128	0.01417	0.01234	0.01606	0.01026	0.00944	0.02597	0.05533	0.26640	0.15942	0.10339	0.14825	0.09062	0.01310	0.00338	0.00599	0.01332	0.00893	0.01024
48	0.01047	0.00850	0.00928	0.00937	0.01182	0.00732	0.00692	0.01291	0.01995	0.02497	0.18789	0.14542	0.47284	0.02132	0.01014	0.00290	0.00432	0.01815	0.00818	0.00732
49	0.01514	0.01159	0.01364	0.01389	0.01603	0.01217	0.01003	0.08564	0.15399	0.02826	0.04132	0.47603	0.04507	0.02155	0.01012	0.00323	0.00582	0.01919	0.00813	0.00918
50	0.03054	0.03822	0.02394	0.02169	0.02588	0.59863	0.01639	0.03393	0.05747	0.02163	0.01425	0.01643	0.01181	0.00923	0.00874	0.00231	0.04848	0.00581	0.00459	0.01004
51	0.01950	0.18751	0.48680	0.02162	0.03270	0.02241	0.02668	0.02744	0.01818	0.06064	0.01555	0.01764	0.01139	0.00805	0.00754	0.00250	0.01152	0.00603	0.00399	0.01232
52	0.01252	0.00965	0.01437	0.01416	0.01560	0.01150	0.01109	0.01549	0.01364	0.01980	0.02214	0.03260	0.02071	0.06108	0.63128	0.01312	0.06002	0.00902	0.00451	0.00769
53	0.01216	0.00912	0.01368	0.01368	0.01520	0.01064	0.01064	0.01520	0.01368	0.01976	0.02279	0.03343	0.02127	0.06382	0.66720	0.01368	0.02279	0.00912	0.00456	0.00760
54	0.01942	0.01855	0.03158	0.25879	0.45411	0.01979	0.02530	0.02468	0.01860	0.02581	0.01572	0.02160	0.01278	0.00789	0.00845	0.00263	0.01052	0.00758	0.00407	0.01216
55	0.01991	0.01686	0.02098	0.02442	0.17543	0.04897	0.01579	0.15928	0.02430	0.03168	0.03857	0.08534	0.14626	0.01549	0.00959	0.00294	0.00830	0.13823	0.00693	0.01071
56	0.02009	0.02296	0.05022	0.03587	0.04448	0.02152	0.61693	0.02726	0.02009	0.02726	0.01722	0.02296	0.01291	0.00717	0.01004	0.00287	0.01435	0.01004	0.00430	0.01148
57	0.03055	0.02210	0.02361	0.01831	0.02459	0.02437	0.01506	0.55386	0.03759	0.05124	0.02123	0.02167	0.01528	0.01018	0.00823	0.00249	0.00877	0.00769	0.08943	0.01376
58	0.01080	0.00895	0.01129	0.01120	0.01345	0.00790	0.03939	0.01290	0.01807	0.02251	0.06653	0.28765	0.38312	0.05169	0.01176	0.00330	0.00523	0.01943	0.00759	0.00723
59	0.01075	0.00757	0.00976	0.01136	0.01176	0.00717	0.00738	0.01195	0.01555	0.02073	0.04308	0.57369	0.05146	0.15492	0.01704	0.00437	0.00557	0.02194	0.00738	0.00658
60	0.01433	0.00817	0.00951	0.00970	0.01134	0.00848	0.00718	0.01766	0.01648	0.02730	0.02834	0.09499	0.02532	0.05605	0.16204	0.00513	0.00864	0.00993	0.47177	0.00763
61	0.01162	0.00821	0.01044	0.01072	0.01180	0.00775	0.00732	0.01394	0.01903	0.02631	0.32114	0.25103	0.06161	0.17926	0.01803	0.00421	0.00528	0.01733	0.00795	0.00703
62	0.01205	0.00866	0.01021	0.01088	0.01162	0.00858	0.00697	0.01455	0.05985	0.02046	0.03949	0.31758	0.08103	0.32996	0.02532	0.00554	0.00653	0.01738	0.00672	0.00662
63	0.02106	0.02022	0.03454	0.05223	0.64784	0.02022	0.02612	0.02612	0.01938	0.02780	0.01601	0.02106	0.01348	0.00758	0.00842	0.00253	0.01011	0.00758	0.00421	0.01348
64	0.01097	0.00766	0.00970	0.01108	0.01142	0.00731	0.00708	0.01201	0.01512	0.02016	0.04088	0.50344	0.04868	0.22896	0.02060	0.00489	0.00593	0.02065	0.00708	0.00639
65	0.02852	0.02934	0.02528	0.14895	0.05775	0.30530	0.01813	0.22397	0.02779	0.03208	0.01604	0.01866	0.01229	0.00915	0.00814	0.00245	0.01240	0.00668	0.00562	0.01145
66	0.02167	0.58011	0.16105	0.01641	0.02469	0.03103	0.01777	0.02576	0.01742	0.02134	0.01249	0.01447	0.01089	0.00743	0.00596	0.00199	0.00976	0.00488	0.00363	0.01124
67	0.01145	0.00923	0.01038	0.01095	0.01332	0.00851	0.00830	0.01531	0.06364	0.02398	0.06808	0.21470	0.38715	0.02221	0.01037	0.00315	0.00512	0.09854	0.00795	0.00768
68	0.01785	0.17659	0.03302	0.31047	0.04135	0.02170	0.13258	0.02276	0.01720	0.02212	0.01582	0.02212	0.01292	0.01563	0.09936	0.00411	0.01298	0.00755	0.00396	0.00992
69	0.01607	0.01513	0.02552	0.68047	0.05861	0.01891	0.02363	0.02174	0.01702	0.02174	0.01513	0.02269	0.01134	0.00851	0.00851	0.00284	0.01134	0.00756	0.00378	0.00945
70	0.01960	0.01873	0.03190	0.23599	0.47549	0.01984	0.02539	0.02484	0.01869	0.02603	0.01575	0.02154	0.01286	0.00785	0.00845	0.00262	0.01047	0.00758	0.00409	0.01230
71	0.01590	0.01413	0.02366	0.59414	0.05248	0.01742	0.02154	0.02037	0.01625	0.02085	0.01508	0.02310	0.01179	0.01122	0.01170	0.09951	0.01083	0.00754	0.00377	0.00871
72	0.02010	0.02598	0.18525	0.04546	0.49987	0.02011	0.02741	0.02632	0.01904	0.02760	0.01583	0.02031	0.01283	0.00770	0.00834	0.00257	0.01071	0.00727	0.00406	0.01326
73	0.01266	0.00936	0.01430	0.10587	0.02007	0.00946	0.04082	0.01386	0.01560	0.02048	0.03637	0.36667	0.08123	0.02344	0.01565	0.17761	0.00683	0.01679	0.00616	0.00677
74	0.01375	0.00908	0.01192	0.01100	0.01330	0.00832	0.00832	0.01772	0.02411	0.07460	0.60351	0.06131	0.07643	0.01695	0.00994	0.00267	0.00423	0.01494	0.00944	0.00845
75	0.01229	0.00821	0.00931	0.00939	0.00941	0.00819	0.00527	0.01235	0.01254	0.01673	0.02768	0.08324	0.03203	0.67188	0.04192	0.00804	0.00811	0.01288	0.00527	0.00523
76	0.01210	0.00958	0.01420	0.13954	0.02216	0.01059	0.01183	0.01499	0.01563	0.02107	0.03403	0.28845	0.06654	0.03673	0.25408	0.00710	0.01275	0.01509	0.00588	0.00767
77	0.02783	0.01967	0.02144	0.01719	0.02281	0.02126	0.01391	0.42759	0.06449	0.08583	0.02959	0.08932	0.06580	0.01265	0.00875	0.00266	0.00809	0.01012	0.03806	0.01292
78	0.01191	0.00806	0.00942	0.00987	0.00999	0.00794	0.00579	0.01225	0.01328	0.01771	0.03145	0.20331	0.03679	0.54532	0.03583	0.00714	0.00749	0.01510	0.00579	0.00556
79	0.01037	0.00741	0.00987	0.01185	0.01234	0.00691	0.00790	0.01185	0.01629	0.02172	0.04690	0.69537	0.05629	0.02666	0.01086	0.00346	0.00494	0.02419	0.00790	0.00691
80	0.02020	0.01892	0.03087	0.04495	0.52790	0.01912	0.02318	0.02692	0.07689	0.02914	0.07869	0.02619	0.02113	0.00890	0.00860	0.00258	0.00920	0.00853	0.00513	0.01295
81	0.02890	0.03575	0.02454	0.02202	0.02544	0.52628	0.01692	0.03102	0.02169	0.02075	0.01272	0.01606	0.01101	0.01011	0.01211	0.00253	0.16225	0.00591	0.00424	0.00974
82	0.02094	0.02050	0.03305	0.12389	0.55264	0.04791	0.02541	0.02595	0.01931	0.02680	0.01578	0.02101	0.01312	0.00774	0.00840	0.00255	0.01048	0.00749	0.00417	0.01286
83	0.01373	0.00803	0.00981	0.01027	0.01168	0.00823	0.00749	0.01642	0.01616	0.02575	0.03031	0.18617	0.02926	0.02656	0.14949	0.05384	0.00842	0.01193	0.36911	0.00735
84	0.02654	0.02485	0.02911	0.02272	0.02885	0.14477	0.15501	0.27224	0.06363	0.03812	0.08724	0.02540	0.02128	0.01009	0.00888	0.00259	0.01093	0.00876	0.00685	0.01214
85	0.24497	0.01734	0.04352	0.17642	0.02862	0.01868	0.01461	0.15934	0.02170	0.03606	0.01769	0.02098	0.01333	0.00896	0.00704	0.00255	0.00814	0.00671	0.14295	0.01037
86	0.02106	0.02022	0.03454	0.05223	0.64784	0.02022	0.02612	0.02612	0.01938	0.02780	0.01601	0.02106	0.01348	0.00758	0.00842	0.00253	0.01011	0.00758	0.00421	0.01348
87	0.01029	0.00804	0.00933	0.01026	0.01195	0.00709	0.00722	0.01219	0.01809	0.02282	0.08951	0.37658	0.33869	0.02385	0.01044	0.00315	0.00460	0.02086	0.00796	0.00709
88	0.02462	0.01855	0.02527	0.02998	0.25456	0.01948	0.01810	0.06060	0.27212	0.14405	0.02696	0.02683	0.01999	0.00984	0.00855	0.00269	0.00818	0.00860	0.00734	0.01370
89	0.02050	0.02017	0.03186	0.19677	0.47605	0.05595	0.02500	0.02554	0.01909	0.02600	0.01564	0.02112	0.01284	0.00786	0.00840	0.00258	0.01069	0.00746	0.00412	0.01234
90	0.01586	0.00793	0.00793	0.00793	0.00991	0.00793	0.00595	0.01983	0.01785	0.03173	0.02776	0.03173	0.02181	0.00991	0.00595	0.00198	0.00397	0.00793	0.74817	0.00793
91	0.01204	0.00870	0.01138	0.01071	0.01271	0.00803	0.00803	0.01606	0.02409	0.03413	0.64335	0.06357	0.08030	0.01740	0.01004	0.00268	0.00401	0.01539	0.00937	0.00803
92	0.01873	0.01251	0.01532	0.06251	0.02050	0.01264	0.01200	0.02653	0.15382	0.13745	0.05090	0.06057	0.21468	0.01693	0.00977	0.00307	0.00669	0.14699	0.00821	0.01016
93	0.02411	0.02870	0.11858	0.13525	0.07071	0.17188	0.15184	0.14046	0.02398	0.02985	0.01620	0.01987	0.01223	0.00849	0.00859	0.00260	0.01266	0.00747	0.00493	0.01160
94	0.03156	0.02322	0.02490	0.01917	0.02571	0.02567	0.01574	0.59545	0.03892	0.05216	0.02068	0.02183	0.01512	0.03753	0.00989	0.00278	0.00932	0.00785	0.00838	0.01410
95	0.01058	0.00826	0.00968	0.01069	0.01251	0.00736	0.00784	0.01266	0.01817	0.02275	0.06586	0.33076	0.34216	0.02383	0.01057	0.00322	0.00495	0.08312	0.00789	0.00715
96	0.08128	0.07012	0.02401	0.09098	0.02788	0.20153	0.01579	0.17785	0.14078	0.05851	0.01985	0.02082	0.01497	0.00953	0.00787	0.00251	0.01044	0.00702	0.00640	0.01184
97	0.01967	0.01836	0.01955	0.16147	0.02801	0.11332	0.01483	0.13562	0.02242	0.02772	0.03419	0.03699	0.16896	0.02010	0.10109	0.00424	0.04787	0.01004	0.00590	0.00966
98	0.01205	0.00830	0.00919	0.00919	0.00959	0.00810	0.00534	0.01235	0.01335	0.01740	0.03504	0.05932	0.11594	0.60679	0.03871	0.00751	0.00770	0.01315	0.00554	0.00544
99	0.01815	0.01779	0.01557	0.01478	0.01815	0.13742	0.01108	0.02778	0.22881	0.02739	0.08473	0.15126	0.18037	0.01628	0.00926	0.00283	0.00732	0.01360	0.00759	0.00984
100	0.16146	0.41472	0.14865	0.01554	0.02303	0.02686	0.01626	0.02490	0.01683	0.02484	0.01442	0.05247	0.01310	0.00863	0.00621	0.00223	0.00903	0.00597	0.00418	0.01068
101	0.02875	0.01245	0.01686	0.01388	0.01879	0.01100	0.01129	0.03230	0.02393	0.42657	0.21269	0.04399	0.04043	0.01349	0.00922	0.00274	0.00634	0.05318	0.00999	0.01211
102	0.02421	0.01960	0.02664	0.10051	0.19820	0.02200	0.01935	0.17497	0.12198	0.07905	0.02059	0.02303	0.01572	0.01019	0.01121	0.00280	0.10288	0.00798	0.00633	0.01278
103	0.01978	0.02374	0.10799	0.06621	0.03923	0.02110	0.37935	0.03110	0.16221	0.02886	0.02094	0.02444	0.01563	0.00837	0.00942	0.00285	0.01221	0.00940	0.00521	0.01195
104	0.01607	0.01513	0.02552	0.68047	0.05861	0.01891	0.02363	0.02174	0.01702	0.02174	0.01513	0.02269	0.01134	0.00851	0.00851	0.00284	0.01134	0.00756	0.00378	0.00945
105	0.01632	0.01369	0.01986	0.12212	0.16894	0.01458	0.01569	0.02246	0.09681	0.02524	0.06730	0.04777	0.02995	0.17328	0.01733	0.00423	0.00860	0.12036	0.00597	0.00951
106	0.02242	0.02515	0.01882	0.01800	0.02123	0.33485	0.01396	0.02609	0.04773	0.02217	0.02579	0.03801	0.05367	0.02498	0.16207	0.00524	0.01480	0.11063	0.00541	0.00900
107	0.01165	0.00815	0.01019	0.01107	0.01258	0.00736	0.00777	0.01371	0.01843	0.04922	0.13866	0.43765	0.19509	0.02353	0.01047	0.00318	0.00476	0.02088	0.00821	0.00744
108	0.02107	0.02014	0.03389	0.05074	0.62099	0.02026	0.02557	0.02694	0.04569	0.02814	0.01681	0.02152	0.01402	0.00775	0.00844	0.00254	0.00997	0.00767	0.00440	0.01348
109	0.01432	0.00998	0.01153	0.01136	0.01237	0.01016	0.00738	0.08951	0.01706	0.02279	0.03199	0.24187	0.03640	0.41200	0.02921	0.00610	0.00740	0.01530	0.00640	0.00687
110	0.01855	0.01651	0.02575	0.34670	0.18460	0.01909	0.02122	0.07755	0.01941	0.02653	0.01825	0.06621	0.01559	0.01018	0.00994	0.00280	0.05944	0.00867	0.04241	0.01060
111	0.01339	0.00912	0.01021	0.01009	0.01169	0.00901	0.00698	0.04778	0.01712	0.02383	0.04215	0.12326	0.17118	0.24659	0.07518	0.00542	0.00744	0.01356	0.14891	0.00707
112	0.01238	0.00825	0.00928	0.00928	0.00928	0.00825	0.00516	0.01238	0.01238	0.01650	0.02681	0.05569	0.03094	0.70092	0.04331	0.00825	0.00825	0.01238	0.00516	0.00516
113	0.02299	0.02778	0.09518	0.03933	0.32800	0.17091	0.13818	0.02825	0.02048	0.02599	0.01551	0.01980	0.01252	0.00783	0.00853	0.00253	0.01238	0.00744	0.00421	0.01217
114	0.01016	0.00862	0.00876	0.00873	0.01156	0.00723	0.00655	0.01241	0.01964	0.02356	0.11452	0.08097	0.61572	0.02134	0.01006	0.00286	0.00430	0.01783	0.00798	0.00723
115	0.01026	0.00784	0.00943	0.01070	0.01204	0.00701	0.00739	0.01198	0.01740	0.02218	0.06096	0.47605	0.26654	0.02483	0.01057	0.00325	0.00471	0.02196	0.00790	0.00701
116	0.02101	0.02037	0.03542	0.05132	0.61421	0.02029	0.05905	0.02618	0.01942	0.02777	0.01607	0.02117	0.01345	0.00756	0.00852	0.00255	0.01035	0.00772	0.00422	0.01337
117	0.02746	0.03284	0.02994	0.03208	0.20525	0.41209	0.08489	0.03101	0.02233	0.02352	0.01441	0.01781	0.01189	0.00826	0.00815	0.00236	0.01375	0.00658	0.00433	0.01107
118	0.02287	0.02558	0.06783	0.04418	0.47005	0.14494	0.04791	0.02773	0.02024	0.02639	0.01546	0.01986	0.01282	0.00782	0.00833	0.00249	0.01142	0.00720	0.00421	0.01265
119	0.01281	0.00979	0.01378	0.01244	0.01365	0.00947	0.07250	0.01393	0.01419	0.01877	0.03247	0.12905	0.07687	0.49619	0.03343	0.00671	0.00824	0.01392	0.00559	0.00620
120	0.01103	0.00768	0.00968	0.01101	0.01134	0.00735	0.00700	0.01202	0.01501	0.02001	0.04030	0.48506	0.04795	0.24835	0.02153	0.00503	0.00603	0.02031	0.00700	0.00633
121	0.03057	0.03071	0.02253	0.01976	0.02407	0.41755	0.01528	0.03297	0.02270	0.15967	0.02137	0.02229	0.04746	0.01052	0.01021	0.00249	0.08627	0.00705	0.00585	0.01067
122	0.02108	0.01794	0.01888	0.01683	0.02163	0.02048	0.01313	0.08032	0.54886	0.03585	0.03749	0.03468	0.07052	0.01219	0.00875	0.00286	0.00673	0.01010	0.00859	0.01308
123	0.02143	0.02240	0.05839	0.08153	0.54708	0.06748	0.02549	0.02650	0.01954	0.02694	0.01572	0.02060	0.01308	0.00774	0.00836	0.00253	0.01066	0.00738	0.00418	0.01297
124	0.33305	0.01736	0.02298	0.19062	0.23449	0.01942	0.01835	0.02457	0.01672	0.03069	0.01403	0.01840	0.01115	0.00795	0.00711	0.00265	0.00892	0.00632	0.00455	0.01068
125	0.01833	0.01116	0.01428	0.01408	0.05628	0.01016	0.00999	0.02257	0.04950	0.17011	0.26726	0.05718	0.23276	0.01622	0.00954	0.00273	0.00535	0.01387	0.00881	0.00982
126	0.01370	0.00970	0.01348	0.01318	0.01503	0.01106	0.01027	0.04655	0.01560	0.02315	0.02337	0.03253	0.02100	0.05359	0.54155	0.01148	0.01949	0.00888	0.10842	0.00799
127	0.01037	0.00741	0.00987	0.01185	0.01234	0.00691	0.00790	0.01185	0.01629	0.02172	0.04690	0.69537	0.05629	0.02666	0.01086	0.00346	0.00494	0.02419	0.00790	0.00691
128	0.02015	0.01929	0.03290	0.16646	0.54071	0.01998	0.02567	0.02532	0.01895	0.02670	0.01585	0.02136	0.01309	0.00775	0.00844	0.00258	0.01033	0.00758	0.00413	0.01275
129	0.01024	0.00863	0.00887	0.00881	0.01161	0.00726	0.00661	0.01257	0.01983	0.02401	0.13719	0.08022	0.59277	0.02117	0.01006	0.00286	0.00428	0.01773	0.00804	0.00726
130	0.01945	0.01802	0.03019	0.07224	0.50268	0.01818	0.02365	0.02432	0.01932	0.02710	0.02150	0.03539	0.02014	0.01065	0.00906	0.00281	0.00973	0.11847	0.00488	0.01223
131	0.02106	0.02022	0.03454	0.05223	0.64784	0.02022	0.02612	0.02612	0.01938	0.02780	0.01601	0.02106	0.01348	0.00758	0.00842	0.00253	0.01011	0.00758	0.00421	0.01348
132	0.01998	0.01961	0.03104	0.25671	0.42229	0.05338	0.02480	0.02509	0.01885	0.02545	0.01557	0.02130	0.01265	0.00795	0.00841	0.00261	0.01079	0.00747	0.00408	0.01197
133	0.01702	0.01609	0.02724	0.56097	0.17069	0.01916	0.02411	0.02258	0.01747	0.02290	0.01529	0.02238	0.01175	0.00833	0.00849	0.00278	0.01111	0.00757	0.00386	0.01022
134	0.01162	0.01071	0.00983	0.00964	0.01255	0.05033	0.00723	0.01392	0.02005	0.02366	0.12224	0.07621	0.56169	0.02041	0.00990	0.00281	0.00501	0.01696	0.00778	0.00742
135	0.02589	0.17978	0.02976	0.02239	0.06496	0.32920	0.01719	0.02831	0.01960	0.02102	0.01257	0.01615	0.01117	0.00986	0.01219	0.00251	0.17731	0.00589	0.00405	0.01020
136	0.02015	0.02564	0.16394	0.15341	0.18763	0.08944	0.02228	0.07519	0.04532	0.02765	0.02415	0.02709	0.08170	0.00990	0.00848	0.00264	0.01063	0.00829	0.00495	0.01152
137	0.01157	0.00982	0.01017	0.00986	0.01248	0.03177	0.00739	0.01439	0.02125	0.02688	0.28238	0.07291	0.41972	0.01960	0.00996	0.00278	0.00461	0.01658	0.00830	0.00758
138	0.01370	0.01127	0.01571	0.01973	0.13493	0.01071	0.01304	0.01724	0.01992	0.02590	0.11136	0.07378	0.24921	0.01922	0.01037	0.00318	0.00669	0.22801	0.00732	0.00871
139	0.01479	0.01226	0.01614	0.05410	0.09183	0.01258	0.01332	0.02181	0.12710	0.02634	0.04801	0.13429	0.17814	0.01863	0.01015	0.00322	0.00696	0.19364	0.00736	0.00932
140	0.02826	0.02947	0.02635	0.02794	0.17086	0.29559	0.01831	0.17025	0.09328	0.03174	0.01787	0.01966	0.01401	0.00913	0.00815	0.00243	0.01178	0.00693	0.00578	0.01218
141	0.01460	0.01208	0.01288	0.01216	0.01550	0.01224	0.00924	0.05469	0.19502	0.02893	0.10496	0.12257	0.33588	0.01828	0.00965	0.00290	0.00531	0.01545	0.00826	0.00940
142	0.01216	0.00816	0.00935	0.00956	0.00962	0.00810	0.00546	0.01232	0.01280	0.01707	0.02901	0.12567	0.03371	0.62716	0.03976	0.00773	0.00789	0.01367	0.00546	0.00535
143	0.01549	0.01155	0.01564	0.01465	0.01705	0.01324	0.01155	0.11498	0.01803	0.02535	0.02240	0.03129	0.02015	0.05497	0.55843	0.01184	0.02058	0.00888	0.00521	0.00873
144	0.16465	0.01856	0.02791	0.03830	0.42434	0.01873	0.02066	0.02844	0.01927	0.13314	0.01812	0.02099	0.01392	0.00813	0.00785	0.00257	0.00897	0.00718	0.00546	0.01283
145	0.01478	0.00739	0.01109	0.01109	0.01109	0.00739	0.00739	0.01109	0.01109	0.01478	0.01478	0.02587	0.01478	0.02956	0.03326	0.75240	0.00739	0.00739	0.00370	0.00370
146	0.01728	0.01215	0.04535	0.01342	0.01600	0.01066	0.01025	0.08330	0.01956	0.11326	0.03777	0.40558	0.04098	0.11510	0.01464	0.00387	0.00659	0.01766	0.00774	0.00884
147	0.02442	0.21427	0.02936	0.01902	0.02305	0.21488	0.01583	0.08634	0.02045	0.02393	0.01550	0.06604	0.01468	0.01138	0.01256	0.00261	0.18340	0.00732	0.00469	0.01027
148	0.01033	0.00754	0.00974	0.01150	0.01225	0.00694	0.00774	0.01189	0.01663	0.02186	0.05120	0.62826	0.12062	0.02610	0.01077	0.00339	0.00487	0.02351	0.00790	0.00694
149	0.02489	0.01911	0.02024	0.01688	0.02216	0.02135	0.01350	0.28625	0.28591	0.04234	0.03003	0.02907	0.04715	0.01123	0.00836	0.00265	0.00745	0.00896	0.08947	0.01302
150	0.02327	0.01448	0.02083	0.02373	0.17903	0.01398	0.01498	0.05141	0.05685	0.21136	0.18018	0.06722	0.03720	0.01312	0.00922	0.00276	0.00719	0.05327	0.00814	0.01179
151	0.01937	0.01851	0.02808	0.04044	0.45129	0.05222	0.02164	0.02379	0.01967	0.02656	0.02766	0.03857	0.08513	0.01154	0.00906	0.00276	0.00944	0.09735	0.00516	0.01176
152	0.02055	0.01798	0.02165	0.02356	0.15696	0.06009	0.01539	0.16289	0.02338	0.03102	0.03454	0.03659	0.16841	0.01726	0.06548	0.00363	0.08342	0.01013	0.03630	0.01077
153	0.01067	0.00794	0.00995	0.01094	0.01225	0.00721	0.00764	0.01285	0.01863	0.02470	0.18565	0.43239	0.18086	0.02359	0.01052	0.00317	0.00461	0.02100	0.00822	0.00721
154	0.02481	0.03301	0.19780	0.02218	0.02828	0.21114	0.02099	0.14745	0.02307	0.02906	0.01474	0.01785	0.01167	0.01030	0.01267	0.00276	0.16932	0.00660	0.00485	0.01141
155	0.02904	0.03402	0.02453	0.02443	0.09351	0.46903	0.01712	0.07627	0.07505	0.02541	0.01708	0.02098	0.01428	0.00957	0.00806	0.00238	0.01332	0.02994	0.00516	0.01081
156	0.02085	0.02146	0.06688	0.05078	0.61609	0.02020	0.02639	0.02616	0.01930	0.02776	0.01597	0.02090	0.01334	0.00761	0.00841	0.00254	0.01024	0.00752	0.00418	0.01343
157	0.01199	0.00838	0.01034	0.01055	0.01110	0.00861	0.00680	0.01297	0.01346	0.01816	0.03106	0.12181	0.06224	0.44479	0.18330	0.00872	0.01108	0.01319	0.00546	0.00602
158	0.01696	0.04024	0.57126	0.02498	0.06051	0.01915	0.05319	0.02611	0.01819	0.02678	0.01933	0.02185	0.04629	0.00878	0.00829	0.00271	0.01209	0.00714	0.00389	0.01227
159	0.02060	0.02556	0.15185	0.08029	0.46516	0.05502	0.02647	0.02646	0.01923	0.02693	0.01566	0.02026	0.01271	0.00779	0.00832	0.00256	0.01093	0.00722	0.00408	0.01289
160	0.03818	0.01448	0.01975	0.01514	0.02172	0.01251	0.01251	0.04147	0.02436	0.65373	0.03357	0.02897	0.02107	0.01053	0.00856	0.00263	0.00724	0.00856	0.01053	0.01448
161	0.01718	0.01610	0.02600	0.20660	0.15480	0.04089	0.08405	0.02118	0.01656	0.02242	0.01706	0.02474	0.01460	0.02376	0.17372	0.06037	0.05814	0.00812	0.00413	0.00959
162	0.06126	0.32235	0.03141	0.16121	0.02960	0.08716	0.01591	0.02767	0.10633	0.02384	0.01941	0.02157	0.04245	0.00900	0.00700	0.00232	0.00949	0.00665	0.00475	0.01060
163	0.01216	0.00912	0.01368	0.01368	0.01520	0.01064	0.01064	0.01520	0.01368	0.01976	0.02279	0.03343	0.02127	0.06382	0.66720	0.01368	0.02279	0.00912	0.00456	0.00760
164	0.01408	0.01194	0.01736	0.01625	0.01732	0.01522	0.01301	0.01677	0.01349	0.01997	0.01934	0.02903	0.01827	0.04929	0.47731	0.01072	0.21960	0.00862	0.00431	0.00811
165	0.01227	0.01000	0.01117	0.01150	0.01434	0.00943	0.00921	0.01731	0.08652	0.02505	0.06932	0.08027	0.41398	0.02099	0.01037	0.00316	0.00554	0.17356	0.00797	0.00805
166	0.01054	0.00753	0.01007	0.01204	0.01261	0.00706	0.00820	0.01214	0.01646	0.02191	0.04681	0.66491	0.05591	0.02650	0.01091	0.00348	0.00508	0.05297	0.00790	0.00696
167	0.01607	0.01513	0.02552	0.68047	0.05861	0.01891	0.02363	0.02174	0.01702	0.02174	0.01513	0.02269	0.01134	0.00851	0.00851	0.00284	0.01134	0.00756	0.00378	0.00945
168	0.02101	0.02036	0.03533	0.05141	0.61756	0.02029	0.05576	0.02617	0.01941	0.02778	0.01607	0.02116	0.01345	0.00756	0.00851	0.00254	0.01032	0.00771	0.00422	0.01338
169	0.02068	0.01968	0.03346	0.05033	0.61509	0.01968	0.02547	0.02568	0.01939	0.02768	0.01752	0.02496	0.01532	0.00841	0.00860	0.00260	0.00999	0.03787	0.00440	0.01319
170	0.02230	0.02128	0.03403	0.13752	0.33910	0.04697	0.12269	0.11633	0.02247	0.03046	0.01664	0.02130	0.01312	0.00810	0.00869	0.00262	0.01110	0.00792	0.00483	0.01255
171	0.01607	0.01513	0.02552	0.68047	0.05861	0.01891	0.02363	0.02174	0.01702	0.02174	0.01513	0.02269	0.01134	0.00851	0.00851	0.00284	0.01134	0.00756	0.00378	0.00945
172	0.01303	0.01077	0.01133	0.01066	0.01390	0.01023	0.00814	0.05003	0.10451	0.02777	0.14609	0.06944	0.45486	0.01905	0.00978	0.00283	0.00488	0.01594	0.00822	0.00854
173	0.01229	0.00821	0.00931	0.00939	0.00941	0.00819	0.00527	0.01235	0.01254	0.01673	0.02768	0.08324	0.03203	0.67188	0.04192	0.00804	0.00811	0.01288	0.00527	0.00523
174	0.01721	0.01704	0.01731	0.01600	0.01829	0.16350	0.04474	0.01970	0.01622	0.01980	0.02100	0.03287	0.02025	0.16904	0.35839	0.00937	0.01782	0.00894	0.00462	0.00788
175	0.01037	0.00741	0.00987	0.01185	0.01234	0.00691	0.00790	0.01185	0.01629	0.02172	0.04690	0.69537	0.05629	0.02666	0.01086	0.00346	0.00494	0.02419	0.00790	0.00691
176	0.01478	0.00739	0.01109	0.01109	0.01109	0.00739	0.00739	0.01109	0.01109	0.01478	0.01478	0.02587	0.01478	0.02956	0.03326	0.75240	0.00739	0.00739	0.00370	0.00370
177	0.02101	0.02037	0.03539	0.05135	0.61521	0.02029	0.05807	0.02618	0.01942	0.02777	0.01607	0.02116	0.01345	0.00756	0.00851	0.00255	0.01034	0.00772	0.00422	0.01337
178	0.01607	0.01513	0.02552	0.68047	0.05861	0.01891	0.02363	0.02174	0.01702	0.02174	0.01513	0.02269	0.01134	0.00851	0.00851	0.00284	0.01134	0.00756	0.00378	0.00945
179	0.01405	0.01114	0.01586	0.13327	0.05725	0.01163	0.01392	0.04253	0.01911	0.02489	0.04213	0.23214	0.10590	0.02005	0.01044	0.00336	0.00749	0.21945	0.00698	0.00840
180	0.01137	0.00968	0.00991	0.00967	0.01271	0.00875	0.00730	0.01600	0.08668	0.02489	0.10639	0.07556	0.55058	0.02027	0.00990	0.00287	0.00456	0.01693	0.00805	0.00791
181	0.02802	0.12876	0.03183	0.02485	0.06230	0.43752	0.11587	0.03127	0.02225	0.02216	0.01380	0.01668	0.01141	0.00824	0.00780	0.00227	0.01403	0.00622	0.00426	0.01047
182	0.02275	0.70604	0.04459	0.01456	0.02184	0.03367	0.01456	0.02548	0.01729	0.02002	0.01183	0.01365	0.01092	0.00728	0.00546	0.00182	0.00910	0.00455	0.00364	0.01092
183	0.01931	0.10244	0.45345	0.02766	0.13262	0.06800	0.02791	0.02719	0.01857	0.02599	0.01491	0.01787	0.01124	0.00798	0.00786	0.00255	0.01205	0.00627	0.00375	0.01237
184	0.02200	0.02248	0.03211	0.11676	0.49726	0.10966	0.02451	0.02673	0.01978	0.02617	0.01552	0.02045	0.01290	0.00785	0.00833	0.00251	0.01097	0.00729	0.00419	0.01254
185	0.01177	0.00800	0.00946	0.01005	0.01020	0.00785	0.00598	0.01222	0.01355	0.01807	0.03283	0.24735	0.03853	0.49890	0.03359	0.00681	0.00726	0.01592	0.00598	0.00568
186	0.01238	0.00825	0.00928	0.00928	0.00928	0.00825	0.00516	0.01238	0.01238	0.01650	0.02681	0.05569	0.03094	0.70092	0.04331	0.00825	0.00825	0.01238	0.00516	0.00516
187	0.02106	0.02022	0.03454	0.05223	0.64784	0.02022	0.02612	0.02612	0.01938	0.02780	0.01601	0.02106	0.01348	0.00758	0.00842	0.00253	0.01011	0.00758	0.00421	0.01348
188	0.02697	0.03046	0.02891	0.03550	0.30725	0.33989	0.02080	0.06209	0.02283	0.02575	0.01484	0.01821	0.01229	0.00831	0.00806	0.00236	0.01266	0.00655	0.00453	0.01175
189	0.01071	0.00865	0.00953	0.00931	0.01190	0.00746	0.00698	0.01348	0.02094	0.02665	0.26932	0.07587	0.45899	0.02019	0.01005	0.00281	0.00421	0.01712	0.00838	0.00746
190	0.02275	0.70604	0.04459	0.01456	0.02184	0.03367	0.01456	0.02548	0.01729	0.02002	0.01183	0.01365	0.01092	0.00728	0.00546	0.00182	0.00910	0.00455	0.00364	0.01092
191	0.01860	0.01654	0.01957	0.02288	0.15605	0.07736	0.01498	0.09801	0.02309	0.02965	0.10591	0.05561	0.15310	0.01581	0.00969	0.00293	0.00815	0.15507	0.00697	0.01003
192	0.01198	0.00997	0.01062	0.01023	0.01320	0.00928	0.00774	0.01753	0.10525	0.02688	0.18614	0.07143	0.45028	0.01937	0.00986	0.00284	0.00459	0.01631	0.00829	0.00822
193	0.01238	0.00825	0.00928	0.00928	0.00928	0.00825	0.00516	0.01238	0.01238	0.01650	0.02681	0.05569	0.03094	0.70092	0.04331	0.00825	0.00825	0.01238	0.00516	0.00516
194	0.01377	0.00989	0.01216	0.04534	0.01512	0.01012	0.00863	0.07900	0.01754	0.02337	0.03532	0.36199	0.04051	0.26195	0.02194	0.00502	0.00691	0.01738	0.00679	0.00725
195	0.02365	0.02034	0.03401	0.04382	0.46318	0.02024	0.08852	0.08532	0.02192	0.08850	0.01820	0.02194	0.01422	0.00807	0.00862	0.00258	0.01023	0.00795	0.00523	0.01345
196	0.01037	0.00741	0.00987	0.01185	0.01234	0.00691	0.00790	0.01185	0.01629	0.02172	0.04690	0.69537	0.05629	0.02666	0.01086	0.00346	0.00494	0.02419	0.00790	0.00691
197	0.01707	0.04402	0.65683	0.02426	0.03683	0.01976	0.03144	0.02695	0.01797	0.02695	0.01527	0.01797	0.01078	0.00809	0.00809	0.00270	0.01258	0.00629	0.00359	0.01258
198	0.02299	0.02651	0.23861	0.02183	0.07291	0.01897	0.02036	0.03686	0.26162	0.14967	0.02644	0.02572	0.01893	0.00988	0.00843	0.00275	0.00908	0.00813	0.00696	0.01336
199	0.01006	0.00862	0.00862	0.00862	0.01149	0.00718	0.00647	0.01221	0.01940	0.02299	0.08621	0.08190	0.64438	0.02155	0.01006	0.00287	0.00431	0.01796	0.00790	0.00718
200	0.02959	0.01258	0.01700	0.01368	0.01876	0.01104	0.01104	0.03312	0.02427	0.45009	0.23398	0.04034	0.04053	0.01279	0.00904	0.00265	0.00618	0.01080	0.01015	0.01236
201	0.03142	0.02645	0.02478	0.01979	0.02592	0.14883	0.01600	0.48243	0.03589	0.04595	0.01913	0.01998	0.01407	0.01211	0.03507	0.00294	0.01106	0.00730	0.00756	0.01331
202	0.03235	0.02384	0.02554	0.01958	0.02639	0.02639	0.01618	0.61946	0.04001	0.05363	0.02043	0.02043	0.01447	0.01022	0.00851	0.00255	0.00936	0.00766	0.00851	0.01447
203	0.01478	0.00739	0.01109	0.01109	0.01109	0.00739	0.00739	0.01109	0.01109	0.01478	0.01478	0.02587	0.01478	0.02956	0.03326	0.75240	0.00739	0.00739	0.00370	0.00370
204	0.01675	0.02124	0.16744	0.12942	0.07022	0.01687	0.01905	0.02749	0.18580	0.02746	0.03047	0.13098	0.05187	0.01351	0.00910	0.00297	0.00879	0.05342	0.00618	0.01095
205	0.02055	0.02247	0.08276	0.04410	0.42178	0.02055	0.16319	0.02769	0.05949	0.02812	0.01745	0.02197	0.01397	0.00778	0.00879	0.00264	0.01106	0.00819	0.00448	0.01295

[dist]
# distance from previous block
# <min> <max>
0	1

# created by:
# /home/cegg/simao/soft/augustus-3.2.1/scripts/msa2prfl.pl ./align_prep/13430.fa
