[name]
unknown

[dist]
# distance from previous block
# <min> <max>
0	1

[block]
# block no. 0 follows, 20 sequences, length 57
# corresponding to MSA columns:
# 1-57
name=unknown_A
#
# <colnr> <probs for GDERKNQSTAVLIFYWHMCP>
#	G	D	E	R	K	N	Q	S	T	A	V	L	I	F	Y	W	H	M	C	P
0	0.02479	0.02785	0.20153	0.02557	0.03416	0.06425	0.20797	0.05679	0.02213	0.16479	0.02272	0.02823	0.01708	0.00983	0.00929	0.00285	0.01197	0.04961	0.00608	0.01250
1	0.07763	0.22575	0.02769	0.01762	0.02241	0.28808	0.01446	0.02742	0.01962	0.02215	0.01514	0.01914	0.01340	0.02076	0.14879	0.00473	0.01486	0.00609	0.00437	0.00988
2	0.06493	0.06592	0.02382	0.02371	0.15556	0.01805	0.01579	0.03379	0.16138	0.18811	0.03009	0.03361	0.04589	0.01128	0.00856	0.00272	0.00793	0.05341	0.00754	0.04792
3	0.02802	0.01624	0.02232	0.02385	0.15556	0.01598	0.01554	0.03662	0.16148	0.29752	0.06425	0.07232	0.02666	0.01181	0.00900	0.00279	0.00761	0.01020	0.00871	0.01353
4	0.03178	0.02267	0.02478	0.01888	0.02594	0.02417	0.01556	0.49827	0.03710	0.09437	0.02126	0.02123	0.01509	0.01001	0.00846	0.00246	0.00906	0.00760	0.00845	0.10287
5	0.02831	0.01891	0.02040	0.01630	0.02178	0.02048	0.01325	0.37677	0.06219	0.09039	0.02473	0.02537	0.01800	0.01048	0.00800	0.00248	0.00777	0.00810	0.21338	0.01291
6	0.03174	0.03308	0.02631	0.02458	0.08635	0.35813	0.01771	0.25126	0.03040	0.03474	0.01658	0.01827	0.01285	0.00943	0.00826	0.00242	0.01289	0.00667	0.00608	0.01225
7	0.01063	0.00759	0.01012	0.01215	0.01265	0.00709	0.00810	0.01215	0.01670	0.02227	0.04808	0.68775	0.05769	0.02733	0.01113	0.00354	0.00506	0.02480	0.00810	0.00709
8	0.02860	0.02600	0.02280	0.01881	0.02453	0.18338	0.01493	0.31749	0.08353	0.03990	0.02817	0.02807	0.08950	0.01143	0.00861	0.00253	0.01015	0.00861	0.00743	0.04550
9	0.01156	0.00916	0.01058	0.01100	0.01357	0.00817	0.00876	0.01451	0.02062	0.02585	0.15589	0.08496	0.40602	0.02199	0.01075	0.00319	0.00530	0.16214	0.00830	0.00766
10	0.01799	0.04219	0.57454	0.02831	0.11007	0.02031	0.03157	0.02752	0.01859	0.02773	0.01574	0.01880	0.01138	0.00823	0.00833	0.00274	0.01259	0.00661	0.00376	0.01300
11	0.02159	0.02073	0.03541	0.05354	0.63903	0.02073	0.02677	0.02677	0.01986	0.02850	0.01641	0.02159	0.01382	0.00777	0.00864	0.00259	0.01036	0.00777	0.00432	0.01382
12	0.01647	0.01550	0.02616	0.67248	0.06008	0.01938	0.02422	0.02229	0.01744	0.02229	0.01550	0.02326	0.01163	0.00872	0.00872	0.00291	0.01163	0.00775	0.00388	0.00969
13	0.01229	0.00911	0.01255	0.01255	0.01392	0.01003	0.00929	0.01466	0.01432	0.01988	0.03072	0.04404	0.08511	0.19368	0.46446	0.01174	0.01833	0.01095	0.00514	0.00722
14	0.02254	0.61058	0.12694	0.01626	0.02446	0.03259	0.01726	0.02632	0.01782	0.02148	0.01260	0.01459	0.01117	0.00757	0.00596	0.00199	0.00981	0.00490	0.00372	0.01142
15	0.02160	0.02336	0.02548	0.02224	0.02332	0.16328	0.01808	0.02366	0.01587	0.02102	0.01265	0.01932	0.01206	0.01709	0.06415	0.00412	0.49182	0.00730	0.00402	0.00955
16	0.01063	0.00759	0.01012	0.01215	0.01265	0.00709	0.00810	0.01215	0.01670	0.02227	0.04808	0.68775	0.05769	0.02733	0.01113	0.00354	0.00506	0.02480	0.00810	0.00709
17	0.02160	0.02060	0.03441	0.05127	0.59988	0.02079	0.02595	0.02801	0.05820	0.02901	0.01762	0.02228	0.01463	0.00803	0.00865	0.00261	0.01014	0.00790	0.00461	0.01382
18	0.02391	0.02089	0.09600	0.01990	0.05807	0.01912	0.01628	0.13545	0.24926	0.11707	0.03118	0.12184	0.02578	0.01303	0.00908	0.00290	0.00809	0.01098	0.00812	0.01305
19	0.01268	0.00846	0.00951	0.00951	0.00951	0.00846	0.00529	0.01268	0.01268	0.01691	0.02748	0.05708	0.03171	0.69345	0.04440	0.00846	0.00846	0.01268	0.00529	0.00529
20	0.03022	0.02214	0.02379	0.01856	0.02453	0.02438	0.01496	0.52426	0.03695	0.04951	0.02188	0.02613	0.01726	0.10846	0.01384	0.00346	0.00943	0.00855	0.00823	0.01346
21	0.03045	0.02925	0.02771	0.02815	0.16029	0.23271	0.01889	0.29437	0.03106	0.03818	0.01751	0.01937	0.01343	0.00940	0.00842	0.00249	0.01178	0.00710	0.00638	0.01306
22	0.03258	0.04157	0.02472	0.02247	0.02697	0.65843	0.01685	0.03483	0.02472	0.02135	0.01348	0.01573	0.01124	0.00899	0.00787	0.00225	0.01573	0.00562	0.00449	0.01011
23	0.01066	0.00885	0.00933	0.00921	0.01200	0.00751	0.00691	0.01320	0.02072	0.02554	0.18294	0.08069	0.53969	0.02135	0.01031	0.00291	0.00437	0.01795	0.00836	0.00751
24	0.14514	0.01435	0.01651	0.01370	0.01917	0.01384	0.01106	0.03377	0.09820	0.33557	0.04274	0.03939	0.15397	0.01296	0.00858	0.00279	0.00659	0.01036	0.00910	0.01222
25	0.45815	0.16564	0.02183	0.01332	0.01945	0.02254	0.01155	0.06943	0.01855	0.10909	0.01545	0.01648	0.01167	0.00845	0.00608	0.00251	0.00759	0.00542	0.00592	0.01086
26	0.01144	0.00849	0.01085	0.01243	0.01385	0.00790	0.00931	0.01375	0.01826	0.02353	0.05636	0.40512	0.18159	0.02536	0.01119	0.00353	0.00568	0.16588	0.00808	0.00739
27	0.01159	0.00871	0.01010	0.00997	0.01180	0.00790	0.00701	0.01397	0.01988	0.02621	0.27240	0.10864	0.26582	0.16705	0.01778	0.00411	0.00523	0.01659	0.00804	0.00721
28	0.01430	0.01129	0.01632	0.01527	0.01694	0.01274	0.03914	0.04801	0.01598	0.02241	0.02645	0.13947	0.02727	0.13926	0.34534	0.00950	0.07471	0.01211	0.00544	0.00804
29	0.01820	0.12373	0.57578	0.02367	0.03591	0.02197	0.03015	0.02744	0.01833	0.02677	0.01523	0.01788	0.01107	0.00819	0.00796	0.00265	0.01246	0.00623	0.00369	0.01269
30	0.01063	0.00759	0.01012	0.01215	0.01265	0.00709	0.00810	0.01215	0.01670	0.02227	0.04808	0.68775	0.05769	0.02733	0.01113	0.00354	0.00506	0.02480	0.00810	0.00709
31	0.02159	0.02073	0.03541	0.05354	0.63903	0.02073	0.02677	0.02677	0.01986	0.02850	0.01641	0.02159	0.01382	0.00777	0.00864	0.00259	0.01036	0.00777	0.00432	0.01382
32	0.02332	0.69869	0.04571	0.01493	0.02239	0.03451	0.01493	0.02612	0.01772	0.02052	0.01213	0.01399	0.01119	0.00746	0.00560	0.00187	0.00933	0.00466	0.00373	0.01119
33	0.01063	0.00759	0.01012	0.01215	0.01265	0.00709	0.00810	0.01215	0.01670	0.02227	0.04808	0.68775	0.05769	0.02733	0.01113	0.00354	0.00506	0.02480	0.00810	0.00709
34	0.01129	0.00903	0.01020	0.01034	0.01296	0.00794	0.00804	0.01417	0.02096	0.02641	0.20123	0.08193	0.43106	0.02145	0.01055	0.00306	0.00487	0.09845	0.00842	0.00765
35	0.02159	0.02073	0.03541	0.05354	0.63903	0.02073	0.02677	0.02677	0.01986	0.02850	0.01641	0.02159	0.01382	0.00777	0.00864	0.00259	0.01036	0.00777	0.00432	0.01382
36	0.01182	0.00890	0.01094	0.01043	0.01271	0.00801	0.00782	0.01545	0.02346	0.03205	0.49438	0.06998	0.22418	0.01892	0.01029	0.00280	0.00419	0.01645	0.00922	0.00801
37	0.01908	0.01908	0.02672	0.02290	0.02290	0.02672	0.01908	0.02099	0.01336	0.02099	0.01145	0.01908	0.01145	0.01527	0.02863	0.00382	0.67748	0.00763	0.00382	0.00954
38	0.01750	0.04512	0.64825	0.02486	0.03775	0.02026	0.03223	0.02762	0.01842	0.02762	0.01565	0.01842	0.01105	0.00829	0.00829	0.00276	0.01289	0.00645	0.00368	0.01289
39	0.01031	0.00884	0.00884	0.00884	0.01178	0.00736	0.00663	0.01252	0.01988	0.02356	0.08837	0.08395	0.63549	0.02209	0.01031	0.00295	0.00442	0.01841	0.00810	0.00736
40	0.01063	0.00759	0.01012	0.01215	0.01265	0.00709	0.00810	0.01215	0.01670	0.02227	0.04808	0.68775	0.05769	0.02733	0.01113	0.00354	0.00506	0.02480	0.00810	0.00709
41	0.01055	0.00885	0.00918	0.00909	0.01193	0.00747	0.00682	0.01299	0.02046	0.02494	0.15404	0.08169	0.56896	0.02158	0.01031	0.00292	0.00438	0.01809	0.00828	0.00747
42	0.01246	0.00935	0.01402	0.01402	0.01558	0.01090	0.01090	0.01558	0.01402	0.02025	0.02336	0.03427	0.02181	0.06542	0.65888	0.01402	0.02336	0.00935	0.00467	0.00779
43	0.02159	0.02073	0.03541	0.05354	0.63903	0.02073	0.02677	0.02677	0.01986	0.02850	0.01641	0.02159	0.01382	0.00777	0.00864	0.00259	0.01036	0.00777	0.00432	0.01382
44	0.02060	0.04078	0.55815	0.02352	0.03553	0.01919	0.02944	0.02976	0.01936	0.11621	0.01835	0.02003	0.01256	0.00865	0.00836	0.00275	0.01211	0.00678	0.00470	0.01317
45	0.02159	0.02073	0.03541	0.05354	0.63903	0.02073	0.02677	0.02677	0.01986	0.02850	0.01641	0.02159	0.01382	0.00777	0.00864	0.00259	0.01036	0.00777	0.00432	0.01382
46	0.01059	0.00774	0.00997	0.01175	0.01255	0.00712	0.00792	0.01219	0.01708	0.02242	0.05292	0.61513	0.12719	0.02670	0.01103	0.00347	0.00498	0.02403	0.00810	0.00712
47	0.02252	0.03125	0.25476	0.03625	0.29263	0.05623	0.02661	0.11891	0.02292	0.03194	0.01669	0.02002	0.01284	0.00845	0.00848	0.00264	0.01145	0.00719	0.00479	0.01344
48	0.02763	0.02227	0.02231	0.01875	0.02445	0.07679	0.01491	0.23032	0.33853	0.08467	0.02877	0.02710	0.02109	0.01107	0.00873	0.00277	0.00857	0.00876	0.00859	0.01391
49	0.02888	0.02735	0.02344	0.01993	0.02546	0.20763	0.01566	0.24162	0.24509	0.03863	0.02401	0.02360	0.01802	0.01053	0.00853	0.00263	0.01040	0.00793	0.00756	0.01310
50	0.01877	0.03754	0.45774	0.03378	0.22466	0.02040	0.03053	0.02736	0.01887	0.02790	0.01589	0.01940	0.01191	0.00813	0.00840	0.00271	0.01211	0.00686	0.00388	0.01318
51	0.02220	0.02189	0.03481	0.05181	0.60496	0.05622	0.02622	0.02722	0.02013	0.02810	0.01624	0.02126	0.01367	0.00784	0.00859	0.00257	0.01066	0.00765	0.00433	0.01361
52	0.40913	0.17621	0.17733	0.01555	0.02327	0.02308	0.01631	0.02624	0.01637	0.03213	0.01301	0.01518	0.01023	0.00800	0.00616	0.00253	0.00884	0.00514	0.00460	0.01069
53	0.02270	0.02422	0.03761	0.07054	0.37493	0.11250	0.17414	0.02804	0.02064	0.02707	0.01627	0.02132	0.01321	0.00788	0.00895	0.00264	0.01230	0.00811	0.00435	0.01259
54	0.01122	0.00851	0.01046	0.01109	0.01255	0.00820	0.00782	0.01309	0.01658	0.02148	0.05295	0.25697	0.23562	0.12947	0.15669	0.00633	0.00932	0.01760	0.00695	0.00707
55	0.02054	0.02189	0.06740	0.04562	0.42407	0.02030	0.17491	0.02632	0.01981	0.02797	0.01841	0.05817	0.01592	0.00875	0.00918	0.00274	0.01131	0.00928	0.00452	0.01288
56	0.02159	0.02073	0.03541	0.05354	0.63903	0.02073	0.02677	0.02677	0.01986	0.02850	0.01641	0.02159	0.01382	0.00777	0.00864	0.00259	0.01036	0.00777	0.00432	0.01382

[dist]
# distance from previous block
# <min> <max>
0	1

[block]
# block no. 1 follows, 20 sequences, length 39
# corresponding to MSA columns:
# 59-97
name=unknown_B
#
# <colnr> <probs for GDERKNQSTAVLIFYWHMCP>
#	G	D	E	R	K	N	Q	S	T	A	V	L	I	F	Y	W	H	M	C	P
0	0.02059	0.02353	0.05147	0.03676	0.04559	0.02206	0.60735	0.02794	0.02059	0.02794	0.01765	0.02353	0.01324	0.00735	0.01029	0.00294	0.01471	0.01029	0.00441	0.01176
1	0.02231	0.57066	0.11862	0.01671	0.02432	0.03221	0.01735	0.02595	0.01750	0.02143	0.01251	0.01489	0.01119	0.00811	0.00754	0.00211	0.05647	0.00509	0.00373	0.01129
2	0.02116	0.45659	0.26891	0.01861	0.02808	0.02923	0.02133	0.02668	0.01798	0.02315	0.01343	0.01563	0.01114	0.00777	0.00659	0.00220	0.01065	0.00532	0.00371	0.01182
3	0.01061	0.00766	0.01005	0.01195	0.01260	0.00710	0.00801	0.01217	0.01689	0.02234	0.05042	0.65270	0.09124	0.02702	0.01109	0.00351	0.00502	0.02443	0.00810	0.00710
4	0.01328	0.01036	0.01246	0.01319	0.01564	0.01018	0.01052	0.01904	0.09780	0.02658	0.09062	0.17421	0.22876	0.02205	0.01087	0.00341	0.00611	0.21826	0.00826	0.00844
5	0.02601	0.01578	0.02178	0.02381	0.17247	0.01508	0.01515	0.10132	0.02481	0.24170	0.10720	0.04000	0.13098	0.01276	0.00917	0.00271	0.00752	0.01087	0.00834	0.01254
6	0.01063	0.00759	0.01012	0.01215	0.01265	0.00709	0.00810	0.01215	0.01670	0.02227	0.04808	0.68775	0.05769	0.02733	0.01113	0.00354	0.00506	0.02480	0.00810	0.00709
7	0.02159	0.02073	0.03541	0.05354	0.63903	0.02073	0.02677	0.02677	0.01986	0.02850	0.01641	0.02159	0.01382	0.00777	0.00864	0.00259	0.01036	0.00777	0.00432	0.01382
8	0.01825	0.02171	0.11104	0.03303	0.18249	0.01856	0.21395	0.02384	0.01893	0.02647	0.02352	0.14154	0.02275	0.01252	0.01116	0.00306	0.05769	0.04316	0.00510	0.01124
9	0.01974	0.23751	0.39260	0.02542	0.10725	0.02458	0.02638	0.02707	0.01839	0.02561	0.01469	0.01748	0.01143	0.00798	0.00753	0.00247	0.01151	0.00608	0.00378	0.01250
10	0.01088	0.00770	0.01005	0.01182	0.01227	0.00725	0.00775	0.01221	0.01621	0.02161	0.04554	0.61004	0.05449	0.10940	0.01523	0.00415	0.00548	0.02331	0.00775	0.00686
11	0.01911	0.20549	0.46617	0.02307	0.03439	0.02388	0.05987	0.02727	0.01837	0.02589	0.01489	0.01761	0.01121	0.00803	0.00773	0.00255	0.01211	0.00622	0.00374	0.01241
12	0.01617	0.01215	0.01315	0.01202	0.01484	0.01211	0.00877	0.14936	0.02252	0.02894	0.05249	0.14357	0.26684	0.18610	0.01848	0.00431	0.00669	0.01543	0.00755	0.00852
13	0.01031	0.00884	0.00884	0.00884	0.01178	0.00736	0.00663	0.01252	0.01988	0.02356	0.08837	0.08395	0.63549	0.02209	0.01031	0.00295	0.00442	0.01841	0.00810	0.00736
14	0.02083	0.02059	0.03668	0.11690	0.42033	0.02090	0.14174	0.02764	0.05477	0.02816	0.01766	0.02280	0.01420	0.00803	0.00899	0.00272	0.01117	0.00840	0.00455	0.01295
15	0.02095	0.02007	0.03425	0.13083	0.56674	0.02056	0.02645	0.02621	0.01956	0.02772	0.01629	0.02180	0.01354	0.00789	0.00865	0.00263	0.01052	0.00777	0.00426	0.01330
16	0.01780	0.07912	0.61690	0.02434	0.03695	0.02100	0.03133	0.02755	0.01838	0.02725	0.01547	0.01819	0.01106	0.00824	0.00815	0.00272	0.01271	0.00635	0.00369	0.01280
17	0.03258	0.04157	0.02472	0.02247	0.02697	0.65843	0.01685	0.03483	0.02472	0.02135	0.01348	0.01573	0.01124	0.00899	0.00787	0.00225	0.01573	0.00562	0.00449	0.01011
18	0.01989	0.32056	0.25970	0.01824	0.02675	0.05660	0.02026	0.02546	0.01920	0.02492	0.08675	0.02433	0.04475	0.00961	0.00742	0.00236	0.01016	0.00718	0.00459	0.01127
19	0.02411	0.02550	0.03296	0.04642	0.49883	0.16680	0.02450	0.02862	0.02097	0.02686	0.01574	0.02025	0.01323	0.00805	0.00846	0.00251	0.01159	0.00728	0.00436	0.01297
20	0.01313	0.00974	0.01277	0.01428	0.01652	0.00938	0.01222	0.01670	0.02003	0.02548	0.05661	0.09482	0.19489	0.02360	0.01162	0.00375	0.00714	0.44141	0.00805	0.00787
21	0.06296	0.42024	0.11305	0.01784	0.02513	0.18622	0.01725	0.02843	0.01939	0.02257	0.01290	0.01498	0.01110	0.00797	0.00648	0.00211	0.01122	0.00512	0.00400	0.01104
22	0.32026	0.19377	0.16459	0.01653	0.02415	0.06458	0.01679	0.06154	0.01854	0.03177	0.01353	0.01558	0.01067	0.00818	0.00645	0.00247	0.00950	0.00534	0.00474	0.01101
23	0.02084	0.02284	0.04750	0.04091	0.19230	0.02173	0.46383	0.02765	0.02041	0.02808	0.01734	0.02305	0.01338	0.00746	0.00988	0.00285	0.01363	0.00967	0.00439	0.01227
24	0.01063	0.00759	0.01012	0.01215	0.01265	0.00709	0.00810	0.01215	0.01670	0.02227	0.04808	0.68775	0.05769	0.02733	0.01113	0.00354	0.00506	0.02480	0.00810	0.00709
25	0.02159	0.02073	0.03541	0.05354	0.63903	0.02073	0.02677	0.02677	0.01986	0.02850	0.01641	0.02159	0.01382	0.00777	0.00864	0.00259	0.01036	0.00777	0.00432	0.01382
26	0.01248	0.00928	0.01370	0.01370	0.01515	0.01073	0.01051	0.01537	0.01393	0.02002	0.02365	0.03586	0.02250	0.10932	0.61592	0.01363	0.02232	0.00958	0.00472	0.00761
27	0.01246	0.00935	0.01402	0.01402	0.01558	0.01090	0.01090	0.01558	0.01402	0.02025	0.02336	0.03427	0.02181	0.06542	0.65888	0.01402	0.02336	0.00935	0.00467	0.00779
28	0.02223	0.02193	0.03479	0.05174	0.60357	0.05767	0.02620	0.02724	0.02014	0.02808	0.01624	0.02125	0.01367	0.00784	0.00859	0.00257	0.01067	0.00765	0.00433	0.01360
29	0.02135	0.01896	0.02734	0.24519	0.21985	0.02130	0.02147	0.10199	0.17084	0.03168	0.02139	0.02477	0.01639	0.00942	0.00873	0.00279	0.00983	0.00829	0.00584	0.01258
30	0.01031	0.00884	0.00884	0.00884	0.01178	0.00736	0.00663	0.01252	0.01988	0.02356	0.08837	0.08395	0.63549	0.02209	0.01031	0.00295	0.00442	0.01841	0.00810	0.00736
31	0.02798	0.37108	0.03549	0.01836	0.02467	0.26470	0.01585	0.10225	0.02322	0.02513	0.01373	0.01550	0.01166	0.00840	0.00683	0.00210	0.01173	0.00542	0.00464	0.01125
32	0.13302	0.28261	0.32763	0.01913	0.02886	0.02543	0.02232	0.02676	0.01761	0.02677	0.01381	0.01613	0.01086	0.00795	0.00685	0.00242	0.01063	0.00552	0.00396	0.01173
33	0.02799	0.01963	0.02181	0.01781	0.02317	0.02117	0.01423	0.42448	0.03394	0.08607	0.02854	0.18637	0.02588	0.01466	0.00932	0.00285	0.00833	0.01210	0.00871	0.01292
34	0.01056	0.00885	0.00919	0.00910	0.01194	0.00747	0.00683	0.01301	0.02048	0.02499	0.15655	0.08160	0.56641	0.02156	0.01031	0.00292	0.00438	0.01808	0.00829	0.00747
35	0.03029	0.20402	0.02991	0.02061	0.02583	0.50419	0.01638	0.03268	0.02299	0.02114	0.01315	0.01530	0.01123	0.00861	0.00730	0.00215	0.01415	0.00538	0.00431	0.01038
36	0.02608	0.02334	0.02131	0.01834	0.02324	0.14998	0.01443	0.21627	0.20730	0.03713	0.02459	0.02568	0.01895	0.01680	0.08225	0.00390	0.01121	0.00819	0.05870	0.01230
37	0.01966	0.02998	0.22989	0.03321	0.04325	0.02152	0.43541	0.02785	0.01994	0.02785	0.01705	0.02200	0.01258	0.00763	0.00969	0.00289	0.01416	0.00914	0.00419	0.01210
38	0.01078	0.00899	0.00949	0.00974	0.01257	0.00770	0.00756	0.01321	0.01991	0.02388	0.08310	0.08575	0.56241	0.02234	0.01053	0.00308	0.00487	0.08858	0.00809	0.00745

[dist]
# distance from previous block
# <min> <max>
0	26

[block]
# block no. 2 follows, 20 sequences, length 19
# corresponding to MSA columns:
# 124-142
name=unknown_C
#
# <colnr> <probs for GDERKNQSTAVLIFYWHMCP>
#	G	D	E	R	K	N	Q	S	T	A	V	L	I	F	Y	W	H	M	C	P
0	0.02146	0.02110	0.03755	0.05130	0.55977	0.02090	0.10432	0.02693	0.01996	0.02842	0.01657	0.02185	0.01374	0.00772	0.00886	0.00264	0.01094	0.00811	0.00433	0.01354
1	0.02175	0.02217	0.03161	0.20795	0.40896	0.10556	0.02479	0.02670	0.01989	0.02595	0.01579	0.02123	0.01291	0.00818	0.00855	0.00263	0.01140	0.00748	0.00423	0.01226
2	0.01418	0.14358	0.05847	0.01259	0.01678	0.01398	0.01140	0.01755	0.01995	0.02498	0.12221	0.06685	0.30741	0.01829	0.00959	0.00290	0.00653	0.11697	0.00713	0.00867
3	0.01784	0.08400	0.61241	0.02427	0.03684	0.02111	0.03120	0.02753	0.01838	0.02720	0.01544	0.01815	0.01106	0.00824	0.00813	0.00271	0.01268	0.00634	0.00369	0.01279
4	0.01305	0.00972	0.01266	0.01413	0.01639	0.00932	0.01207	0.01659	0.02003	0.02542	0.05747	0.09453	0.20677	0.02356	0.01158	0.00373	0.00707	0.43001	0.00805	0.00785
5	0.02239	0.02026	0.03314	0.04822	0.54919	0.02047	0.02484	0.02945	0.08075	0.05717	0.01914	0.02306	0.01546	0.00832	0.00867	0.00263	0.00988	0.00803	0.00507	0.01386
6	0.02595	0.02656	0.03144	0.04111	0.40049	0.18494	0.02287	0.10673	0.02393	0.03020	0.01626	0.02000	0.01329	0.00844	0.00845	0.00251	0.01164	0.00723	0.00495	0.01300
7	0.02213	0.23317	0.02667	0.01621	0.02080	0.22691	0.01344	0.02457	0.02008	0.02158	0.03267	0.03388	0.17174	0.01532	0.04454	0.00304	0.04959	0.00892	0.00515	0.00958
8	0.01044	0.00884	0.00901	0.00897	0.01186	0.00742	0.00673	0.01277	0.02019	0.02428	0.12276	0.08276	0.60065	0.02182	0.01031	0.00293	0.00440	0.01824	0.00819	0.00742
9	0.02977	0.24304	0.03134	0.01992	0.02556	0.40751	0.01623	0.08510	0.02406	0.02419	0.01375	0.01567	0.01155	0.00865	0.00724	0.00216	0.01319	0.00553	0.00465	0.01088
10	0.02006	0.28321	0.34638	0.02279	0.03313	0.02575	0.10267	0.02711	0.01845	0.02505	0.01462	0.01747	0.01139	0.00786	0.00756	0.00246	0.01182	0.00630	0.00380	0.01212
11	0.01214	0.00893	0.01170	0.01337	0.01498	0.00849	0.01057	0.01492	0.01880	0.02425	0.05420	0.31318	0.15447	0.02494	0.01141	0.00366	0.00631	0.27804	0.00807	0.00757
12	0.02159	0.02073	0.03541	0.05354	0.63903	0.02073	0.02677	0.02677	0.01986	0.02850	0.01641	0.02159	0.01382	0.00777	0.00864	0.00259	0.01036	0.00777	0.00432	0.01382
13	0.03078	0.03670	0.02295	0.02070	0.02508	0.54447	0.01563	0.07035	0.02505	0.02478	0.01565	0.01796	0.01272	0.00922	0.00772	0.00225	0.01402	0.00605	0.08773	0.01019
14	0.02074	0.02027	0.02964	0.04211	0.45657	0.07693	0.02212	0.02544	0.02128	0.02914	0.14063	0.02983	0.02738	0.00991	0.00890	0.00259	0.00960	0.00919	0.00540	0.01235
15	0.01403	0.01034	0.01529	0.14548	0.02346	0.01206	0.01263	0.01788	0.01556	0.02311	0.02280	0.03170	0.01987	0.04297	0.39760	0.00939	0.01715	0.00878	0.15168	0.00824
16	0.02037	0.01843	0.07829	0.01783	0.02208	0.01802	0.05457	0.16954	0.02237	0.03255	0.02133	0.02781	0.01783	0.06529	0.13780	0.00526	0.10093	0.00851	0.15075	0.01045
17	0.02048	0.02515	0.15688	0.08031	0.42763	0.02064	0.02653	0.02849	0.07499	0.02870	0.01796	0.02206	0.01431	0.00830	0.00859	0.00268	0.01063	0.00770	0.00458	0.01339
18	0.02578	0.02005	0.02484	0.15019	0.08831	0.02205	0.01783	0.25507	0.15057	0.07276	0.02279	0.02410	0.01675	0.00990	0.00860	0.00266	0.00919	0.00810	0.00727	0.06320

[dist]
# distance from previous block
# <min> <max>
0	127

# created by:
# /home/cegg/simao/soft/augustus-3.2.1/scripts/msa2prfl.pl ./align_prep/13454.fa
