[name]
unknown

[dist]
# distance from previous block
# <min> <max>
10	58

[block]
# block no. 0 follows, 21 sequences, length 30
# corresponding to MSA columns:
# 58-87
name=unknown_A
#
# <colnr> <probs for GDERKNQSTAVLIFYWHMCP>
#	G	D	E	R	K	N	Q	S	T	A	V	L	I	F	Y	W	H	M	C	P
0	0.02348	0.02164	0.03024	0.15092	0.36375	0.06910	0.02279	0.15655	0.02386	0.03193	0.01662	0.02078	0.01314	0.00841	0.00840	0.00256	0.01054	0.00744	0.00510	0.01274
1	0.17087	0.06284	0.02303	0.11217	0.20626	0.01872	0.01639	0.06166	0.04613	0.03131	0.01819	0.02185	0.01442	0.00855	0.00712	0.00245	0.00807	0.00693	0.15215	0.01087
2	0.11435	0.08524	0.02351	0.01787	0.02356	0.27727	0.01429	0.11620	0.02448	0.16771	0.01852	0.01886	0.01356	0.00904	0.00747	0.00232	0.01081	0.00627	0.00639	0.04225
3	0.02029	0.02099	0.07308	0.04302	0.48210	0.01972	0.02364	0.02841	0.11197	0.02870	0.02207	0.02532	0.04477	0.00887	0.00851	0.00261	0.00949	0.00829	0.00502	0.01312
4	0.01104	0.00944	0.01220	0.01147	0.01421	0.00827	0.05198	0.01360	0.01926	0.02407	0.12438	0.19857	0.42835	0.02113	0.01022	0.00297	0.00515	0.01839	0.00777	0.00752
5	0.02262	0.01905	0.02094	0.01763	0.02206	0.04677	0.01403	0.20221	0.17480	0.03508	0.02490	0.10982	0.02181	0.01283	0.01158	0.00275	0.11418	0.00982	0.00709	0.11004
6	0.01607	0.01513	0.02552	0.68047	0.05861	0.01891	0.02363	0.02174	0.01702	0.02174	0.01513	0.02269	0.01134	0.00851	0.00851	0.00284	0.01134	0.00756	0.00378	0.00945
7	0.24633	0.10097	0.39826	0.01928	0.02909	0.02093	0.02294	0.02621	0.01683	0.02972	0.01388	0.01627	0.01031	0.00795	0.00696	0.00259	0.01039	0.00560	0.00411	0.01138
8	0.03235	0.02384	0.02554	0.01958	0.02639	0.02639	0.01618	0.61946	0.04001	0.05363	0.02043	0.02043	0.01447	0.01022	0.00851	0.00255	0.00936	0.00766	0.00851	0.01447
9	0.01037	0.00741	0.00987	0.01185	0.01234	0.00691	0.00790	0.01185	0.01629	0.02172	0.04690	0.69537	0.05629	0.02666	0.01086	0.00346	0.00494	0.02419	0.00790	0.00691
10	0.01037	0.00741	0.00987	0.01185	0.01234	0.00691	0.00790	0.01185	0.01629	0.02172	0.04690	0.69537	0.05629	0.02666	0.01086	0.00346	0.00494	0.02419	0.00790	0.00691
11	0.02275	0.70604	0.04459	0.01456	0.02184	0.03367	0.01456	0.02548	0.01729	0.02002	0.01183	0.01365	0.01092	0.00728	0.00546	0.00182	0.00910	0.00455	0.00364	0.01092
12	0.02200	0.61838	0.12567	0.01585	0.02383	0.03183	0.01680	0.02568	0.01738	0.02094	0.01229	0.01422	0.01090	0.00739	0.00581	0.00194	0.00956	0.00478	0.00363	0.01114
13	0.02009	0.02296	0.05022	0.03587	0.04448	0.02152	0.61693	0.02726	0.02009	0.02726	0.01722	0.02296	0.01291	0.00717	0.01004	0.00287	0.01435	0.01004	0.00430	0.01148
14	0.01238	0.00825	0.00928	0.00928	0.00928	0.00825	0.00516	0.01238	0.01238	0.01650	0.02681	0.05569	0.03094	0.70092	0.04331	0.00825	0.00825	0.01238	0.00516	0.00516
15	0.02323	0.02698	0.15653	0.03812	0.36066	0.06146	0.02456	0.14749	0.02359	0.03246	0.01658	0.01996	0.01299	0.00829	0.00833	0.00255	0.01078	0.00721	0.00497	0.01328
16	0.07327	0.16706	0.45665	0.02213	0.03292	0.02247	0.06112	0.02655	0.01771	0.02648	0.01448	0.01713	0.01082	0.00786	0.00749	0.00253	0.01158	0.00605	0.00377	0.01195
17	0.14734	0.09336	0.02380	0.01774	0.02346	0.15519	0.01440	0.23054	0.14770	0.03751	0.01951	0.01989	0.01483	0.00951	0.00754	0.00249	0.00958	0.00680	0.00669	0.01213
18	0.02052	0.01604	0.01740	0.01531	0.01962	0.05517	0.01182	0.09034	0.17547	0.08229	0.02935	0.15863	0.02659	0.02020	0.09582	0.00406	0.00929	0.01113	0.00724	0.13370
19	0.02790	0.02215	0.02707	0.02786	0.18903	0.02408	0.01843	0.38760	0.11305	0.04446	0.02115	0.02210	0.01574	0.00970	0.00851	0.00259	0.00921	0.00790	0.00740	0.01408
20	0.02809	0.26066	0.03130	0.05027	0.02635	0.32310	0.01611	0.12194	0.02397	0.02572	0.01394	0.01592	0.01151	0.00848	0.00710	0.00215	0.01212	0.00561	0.00475	0.01092
21	0.02006	0.01920	0.03274	0.17789	0.52998	0.01996	0.02562	0.02524	0.01891	0.02659	0.01583	0.02139	0.01305	0.00777	0.00844	0.00259	0.01036	0.00758	0.00413	0.01267
22	0.01146	0.00786	0.00955	0.01046	0.01068	0.00764	0.00641	0.01214	0.01417	0.01889	0.03600	0.34804	0.04252	0.39277	0.02848	0.00606	0.00674	0.01778	0.00641	0.00596
23	0.01136	0.00794	0.00999	0.01078	0.01142	0.00757	0.00704	0.01288	0.01661	0.02255	0.16173	0.35918	0.05294	0.24365	0.02123	0.00485	0.00583	0.01857	0.00731	0.00657
24	0.01052	0.00747	0.00983	0.01166	0.01211	0.00701	0.00769	0.01189	0.01600	0.02133	0.04540	0.64746	0.05439	0.07716	0.01329	0.00382	0.00519	0.02331	0.00769	0.00678
25	0.01577	0.01490	0.01378	0.01385	0.01571	0.14257	0.01013	0.01802	0.01708	0.02125	0.03243	0.20857	0.07507	0.07947	0.22895	0.00677	0.01307	0.01314	0.05179	0.00770
26	0.02965	0.03502	0.02636	0.02789	0.15277	0.48150	0.01839	0.08150	0.02449	0.02500	0.01435	0.01694	0.01177	0.00865	0.00790	0.00229	0.01378	0.00609	0.00470	0.01099
27	0.07651	0.38345	0.22593	0.01804	0.02647	0.09561	0.01949	0.02680	0.01801	0.02355	0.01302	0.01515	0.01076	0.00773	0.00648	0.00219	0.01063	0.00518	0.00383	0.01119
28	0.01913	0.03155	0.32740	0.03814	0.32561	0.02008	0.06347	0.02658	0.01876	0.02737	0.01573	0.01972	0.01218	0.00779	0.00836	0.00263	0.01152	0.00712	0.00393	0.01294
29	0.02376	0.29683	0.08047	0.02473	0.15109	0.16664	0.01840	0.05479	0.02010	0.02385	0.01431	0.01739	0.01225	0.01137	0.04791	0.00288	0.01179	0.00593	0.00420	0.01129

[dist]
# distance from previous block
# <min> <max>
2	11

[block]
# block no. 1 follows, 21 sequences, length 59
# corresponding to MSA columns:
# 99-157
name=unknown_B
#
# <colnr> <probs for GDERKNQSTAVLIFYWHMCP>
#	G	D	E	R	K	N	Q	S	T	A	V	L	I	F	Y	W	H	M	C	P
0	0.01944	0.05262	0.17447	0.08879	0.18386	0.02110	0.28196	0.02641	0.01911	0.02659	0.01614	0.02106	0.01238	0.00758	0.00894	0.00271	0.01253	0.00825	0.00406	0.01199
1	0.01911	0.02683	0.18965	0.03137	0.08674	0.02201	0.29369	0.02557	0.01794	0.02571	0.01529	0.02063	0.01205	0.00916	0.01345	0.00299	0.16404	0.00836	0.00400	0.01142
2	0.02260	0.02314	0.03304	0.04788	0.55853	0.11312	0.02473	0.02725	0.02006	0.02680	0.01560	0.02024	0.01312	0.00775	0.00832	0.00248	0.01086	0.00728	0.00424	0.01296
3	0.01379	0.01127	0.01253	0.01221	0.01504	0.01144	0.00911	0.02265	0.20136	0.02859	0.16891	0.18060	0.24215	0.01878	0.00979	0.00295	0.00509	0.01619	0.00840	0.00915
4	0.02363	0.02770	0.08348	0.04170	0.42879	0.19517	0.02394	0.02832	0.02054	0.02584	0.01517	0.01926	0.01257	0.00795	0.00819	0.00245	0.01173	0.00691	0.00421	0.01243
5	0.02353	0.01947	0.02731	0.19892	0.27664	0.07250	0.02108	0.03024	0.08558	0.12987	0.02044	0.02345	0.01532	0.00883	0.00843	0.00263	0.01002	0.00778	0.00564	0.01232
6	0.01817	0.03737	0.48598	0.02898	0.15129	0.01997	0.02894	0.02831	0.06935	0.02783	0.01702	0.01970	0.01256	0.00828	0.00820	0.00268	0.01162	0.00681	0.00413	0.01282
7	0.02106	0.02022	0.03454	0.05223	0.64784	0.02022	0.02612	0.02612	0.01938	0.02780	0.01601	0.02106	0.01348	0.00758	0.00842	0.00253	0.01011	0.00758	0.00421	0.01348
8	0.01765	0.01513	0.01765	0.01260	0.02017	0.01134	0.01008	0.02143	0.01765	0.02773	0.01513	0.01765	0.01260	0.00630	0.00630	0.00126	0.00630	0.00504	0.00504	0.75295
9	0.01720	0.01651	0.02206	0.16260	0.12690	0.06979	0.01732	0.02137	0.04331	0.02282	0.02319	0.17805	0.02349	0.01856	0.06786	0.00396	0.13891	0.01144	0.00512	0.00953
10	0.01095	0.00863	0.00921	0.00938	0.01145	0.00767	0.00674	0.01271	0.01764	0.02155	0.06772	0.07644	0.43917	0.19373	0.01862	0.00432	0.00560	0.06453	0.00720	0.00673
11	0.02131	0.28926	0.03315	0.01926	0.02247	0.08143	0.01685	0.02354	0.01560	0.02033	0.01159	0.01641	0.01106	0.01142	0.01748	0.00285	0.36609	0.00615	0.00375	0.00999
12	0.01770	0.01679	0.02847	0.47555	0.25081	0.01934	0.02444	0.02317	0.01779	0.02372	0.01541	0.02216	0.01204	0.00821	0.00848	0.00274	0.01094	0.00757	0.00392	0.01077
13	0.09043	0.19914	0.02901	0.01806	0.02440	0.14979	0.01524	0.30793	0.02910	0.03758	0.01615	0.01720	0.01247	0.00900	0.00731	0.00231	0.01021	0.00620	0.00622	0.01226
14	0.01037	0.00741	0.00987	0.01185	0.01234	0.00691	0.00790	0.01185	0.01629	0.02172	0.04690	0.69537	0.05629	0.02666	0.01086	0.00346	0.00494	0.02419	0.00790	0.00691
15	0.01036	0.00872	0.00905	0.00921	0.01201	0.00740	0.00707	0.01267	0.01941	0.02320	0.08276	0.08308	0.59449	0.02172	0.01020	0.00296	0.00461	0.06594	0.00790	0.00724
16	0.31521	0.02029	0.01808	0.01511	0.02049	0.07334	0.01222	0.24213	0.06022	0.04154	0.01808	0.01929	0.01357	0.00924	0.00691	0.00251	0.00803	0.00643	0.08604	0.01128
17	0.02906	0.02925	0.02616	0.02649	0.14366	0.27615	0.01794	0.22954	0.07915	0.03437	0.01792	0.01950	0.01386	0.00926	0.00818	0.00243	0.01164	0.00695	0.00609	0.01239
18	0.02177	0.01417	0.01584	0.01335	0.01645	0.01477	0.00970	0.21969	0.02322	0.09740	0.02765	0.04197	0.04771	0.36886	0.02662	0.00553	0.00837	0.01059	0.00697	0.00937
19	0.03235	0.02384	0.02554	0.01958	0.02639	0.02639	0.01618	0.61946	0.04001	0.05363	0.02043	0.02043	0.01447	0.01022	0.00851	0.00255	0.00936	0.00766	0.00851	0.01447
20	0.01547	0.01075	0.01380	0.01429	0.04221	0.01062	0.00999	0.02178	0.11735	0.08103	0.26924	0.26638	0.05587	0.01860	0.00991	0.00296	0.00528	0.01654	0.00864	0.00928
21	0.01822	0.17788	0.53303	0.02230	0.03380	0.02258	0.02803	0.02665	0.01783	0.02555	0.01458	0.01709	0.01081	0.00792	0.00755	0.00252	0.01187	0.00594	0.00360	0.01224
22	0.02106	0.02022	0.03454	0.05223	0.64784	0.02022	0.02612	0.02612	0.01938	0.02780	0.01601	0.02106	0.01348	0.00758	0.00842	0.00253	0.01011	0.00758	0.00421	0.01348
23	0.01247	0.00902	0.01320	0.01320	0.01475	0.01041	0.01024	0.01558	0.01403	0.02076	0.02321	0.03329	0.02132	0.05931	0.61179	0.01270	0.02122	0.00902	0.06687	0.00763
24	0.02066	0.01981	0.03381	0.10332	0.59992	0.02011	0.02592	0.02576	0.01919	0.02731	0.01594	0.02119	0.01331	0.00766	0.00843	0.00255	0.01021	0.00758	0.00418	0.01315
25	0.02779	0.03377	0.13060	0.02656	0.12702	0.29914	0.02039	0.17589	0.02626	0.03104	0.01575	0.01794	0.01220	0.00882	0.00807	0.00242	0.01258	0.00649	0.00524	0.01202
26	0.01238	0.00825	0.00928	0.00928	0.00928	0.00825	0.00516	0.01238	0.01238	0.01650	0.02681	0.05569	0.03094	0.70092	0.04331	0.00825	0.00825	0.01238	0.00516	0.00516
27	0.01037	0.00741	0.00987	0.01185	0.01234	0.00691	0.00790	0.01185	0.01629	0.02172	0.04690	0.69537	0.05629	0.02666	0.01086	0.00346	0.00494	0.02419	0.00790	0.00691
28	0.03187	0.01877	0.02178	0.01707	0.02324	0.01946	0.01397	0.31445	0.08236	0.26668	0.07700	0.02795	0.02316	0.01102	0.00867	0.00262	0.00795	0.00878	0.00932	0.01387
29	0.02101	0.02038	0.03544	0.05130	0.61334	0.02029	0.05989	0.02618	0.01942	0.02777	0.01608	0.02117	0.01345	0.00756	0.00852	0.00255	0.01035	0.00772	0.00422	0.01337
30	0.01150	0.00901	0.01067	0.01154	0.01393	0.00819	0.00937	0.01431	0.01930	0.02389	0.06804	0.12056	0.38044	0.02259	0.01076	0.00331	0.00572	0.24155	0.00788	0.00742
31	0.01724	0.04281	0.62215	0.02492	0.03727	0.01986	0.06491	0.02697	0.01809	0.02697	0.01538	0.01825	0.01090	0.00803	0.00820	0.00271	0.01268	0.00650	0.00363	0.01251
32	0.02106	0.02022	0.03454	0.05223	0.64784	0.02022	0.02612	0.02612	0.01938	0.02780	0.01601	0.02106	0.01348	0.00758	0.00842	0.00253	0.01011	0.00758	0.00421	0.01348
33	0.03235	0.02384	0.02554	0.01958	0.02639	0.02639	0.01618	0.61946	0.04001	0.05363	0.02043	0.02043	0.01447	0.01022	0.00851	0.00255	0.00936	0.00766	0.00851	0.01447
34	0.03179	0.04056	0.02412	0.02192	0.02631	0.66676	0.01644	0.03398	0.02412	0.02083	0.01315	0.01535	0.01096	0.00877	0.00767	0.00219	0.01535	0.00548	0.00438	0.00987
35	0.01797	0.03806	0.49046	0.02879	0.08947	0.02013	0.14124	0.02694	0.01848	0.02708	0.01570	0.01917	0.01141	0.00787	0.00848	0.00271	0.01270	0.00710	0.00378	0.01245
36	0.02426	0.50388	0.06522	0.01681	0.02345	0.14318	0.01585	0.04933	0.01918	0.02175	0.01250	0.01462	0.01107	0.00804	0.00712	0.00204	0.04183	0.00504	0.00396	0.01087
37	0.01019	0.00811	0.00914	0.00997	0.01185	0.00707	0.00706	0.01206	0.01810	0.02246	0.06979	0.33814	0.39874	0.02369	0.01039	0.00312	0.00457	0.02056	0.00790	0.00707
38	0.05253	0.02489	0.09656	0.17510	0.32889	0.12660	0.02385	0.02654	0.01930	0.02572	0.01510	0.01983	0.01214	0.00804	0.00815	0.00256	0.01135	0.00697	0.00413	0.01176
39	0.03191	0.03687	0.02443	0.02141	0.02633	0.52559	0.01638	0.16305	0.02762	0.02806	0.01476	0.01647	0.01174	0.00909	0.00786	0.00227	0.01403	0.00596	0.00529	0.01088
40	0.01589	0.01288	0.01989	0.02651	0.20436	0.01288	0.01739	0.02015	0.01953	0.02616	0.03645	0.07379	0.03846	0.01879	0.01077	0.00351	0.00851	0.41782	0.00676	0.00951
41	0.02317	0.67507	0.04364	0.01490	0.02205	0.06314	0.01465	0.02588	0.01761	0.02006	0.01189	0.01373	0.01092	0.00735	0.00556	0.00184	0.00939	0.00459	0.00367	0.01087
42	0.02914	0.01778	0.02498	0.02803	0.22724	0.01767	0.01743	0.08410	0.12996	0.29221	0.02694	0.02617	0.01890	0.00972	0.00853	0.00264	0.00827	0.00835	0.00797	0.01398
43	0.01888	0.07083	0.56401	0.02361	0.03509	0.08954	0.02914	0.02764	0.01860	0.02601	0.01490	0.01751	0.01081	0.00813	0.00793	0.00261	0.01273	0.00613	0.00368	0.01222
44	0.03235	0.02384	0.02554	0.01958	0.02639	0.02639	0.01618	0.61946	0.04001	0.05363	0.02043	0.02043	0.01447	0.01022	0.00851	0.00255	0.00936	0.00766	0.00851	0.01447
45	0.01177	0.00869	0.01100	0.01042	0.01255	0.00791	0.00782	0.01553	0.02345	0.03260	0.56718	0.06607	0.15741	0.01797	0.01004	0.00270	0.00406	0.01574	0.00917	0.00791
46	0.01492	0.01388	0.02230	0.55230	0.04962	0.01667	0.02036	0.01993	0.01747	0.02198	0.02869	0.03398	0.13211	0.01100	0.00880	0.00284	0.01000	0.00955	0.00457	0.00902
47	0.01022	0.00863	0.00885	0.00879	0.01160	0.00725	0.00660	0.01253	0.01979	0.02392	0.13255	0.08037	0.59746	0.02121	0.01006	0.00286	0.00429	0.01775	0.00802	0.00725
48	0.02275	0.70604	0.04459	0.01456	0.02184	0.03367	0.01456	0.02548	0.01729	0.02002	0.01183	0.01365	0.01092	0.00728	0.00546	0.00182	0.00910	0.00455	0.00364	0.01092
49	0.02045	0.01935	0.03281	0.04919	0.59542	0.01935	0.02509	0.02541	0.01940	0.02761	0.01842	0.02730	0.01643	0.00891	0.00870	0.00264	0.00992	0.05608	0.00451	0.01301
50	0.02258	0.67689	0.04381	0.01489	0.02186	0.03335	0.01473	0.02527	0.01711	0.02004	0.01180	0.01386	0.01093	0.00760	0.00641	0.00190	0.03778	0.00467	0.00364	0.01085
51	0.01140	0.00905	0.01049	0.01121	0.01375	0.00814	0.00912	0.01420	0.01947	0.02390	0.07112	0.08707	0.42604	0.02227	0.01068	0.00326	0.00560	0.22794	0.00788	0.00742
52	0.01077	0.00758	0.00975	0.01133	0.01172	0.00718	0.00734	0.01196	0.01550	0.02067	0.04284	0.56602	0.05116	0.16300	0.01742	0.00443	0.00561	0.02180	0.00734	0.00656
53	0.02383	0.62654	0.04215	0.01544	0.02238	0.10931	0.01479	0.02650	0.01811	0.02012	0.01199	0.01385	0.01093	0.00746	0.00572	0.00186	0.00985	0.00466	0.00373	0.01079
54	0.02189	0.02265	0.06182	0.02856	0.03567	0.02219	0.34795	0.13794	0.02259	0.03132	0.01673	0.02125	0.01286	0.00880	0.01190	0.00279	0.10727	0.00868	0.00505	0.07208
55	0.02826	0.02695	0.14442	0.01990	0.02786	0.02391	0.01857	0.45865	0.03402	0.04647	0.01902	0.01974	0.01362	0.00949	0.00825	0.00248	0.00972	0.00719	0.00730	0.07417
56	0.01700	0.06863	0.01528	0.01235	0.01468	0.06743	0.00981	0.02030	0.01683	0.02576	0.02257	0.02827	0.01900	0.02432	0.18341	0.00523	0.06605	0.00773	0.36700	0.00836
57	0.02019	0.45285	0.22215	0.01734	0.02570	0.02765	0.01920	0.02505	0.01719	0.02204	0.01376	0.01658	0.01175	0.01226	0.06168	0.00307	0.01127	0.00544	0.00370	0.01113
58	0.03104	0.09592	0.02582	0.02131	0.02594	0.61410	0.01629	0.03327	0.02355	0.02076	0.01304	0.01521	0.01096	0.00865	0.00749	0.00216	0.01483	0.00540	0.00432	0.00995

[dist]
# distance from previous block
# <min> <max>
0	3

[block]
# block no. 2 follows, 21 sequences, length 40
# corresponding to MSA columns:
# 161-200
name=unknown_C
#
# <colnr> <probs for GDERKNQSTAVLIFYWHMCP>
#	G	D	E	R	K	N	Q	S	T	A	V	L	I	F	Y	W	H	M	C	P
0	0.02386	0.07077	0.02142	0.01799	0.05051	0.21908	0.01351	0.17496	0.02596	0.03013	0.03842	0.03808	0.21460	0.01307	0.00853	0.00249	0.00962	0.01006	0.00650	0.01042
1	0.07590	0.39588	0.07960	0.01741	0.02399	0.23665	0.01601	0.02831	0.01936	0.02202	0.01251	0.01452	0.01081	0.00786	0.00635	0.00206	0.01120	0.00498	0.00399	0.01058
2	0.01838	0.07318	0.46642	0.03084	0.19103	0.02062	0.02919	0.02666	0.01829	0.02680	0.01528	0.01852	0.01147	0.00791	0.00803	0.00261	0.01177	0.00652	0.00375	0.01272
3	0.03281	0.02459	0.06565	0.01840	0.02484	0.16021	0.01556	0.16810	0.07091	0.29375	0.02498	0.02352	0.01702	0.00998	0.00833	0.00254	0.00982	0.00760	0.00812	0.01326
4	0.01586	0.00793	0.00793	0.00793	0.00991	0.00793	0.00595	0.01983	0.01785	0.03173	0.02776	0.03173	0.02181	0.00991	0.00595	0.00198	0.00397	0.00793	0.74817	0.00793
5	0.01204	0.00870	0.01138	0.01071	0.01271	0.00803	0.00803	0.01606	0.02409	0.03413	0.64335	0.06357	0.08030	0.01740	0.01004	0.00268	0.00401	0.01539	0.00937	0.00803
6	0.01189	0.00861	0.01102	0.01067	0.01235	0.00818	0.00774	0.01501	0.02085	0.02906	0.43677	0.09027	0.10578	0.11829	0.07206	0.00447	0.00631	0.01500	0.00819	0.00748
7	0.01371	0.00980	0.01371	0.01567	0.01763	0.00980	0.01371	0.01763	0.01959	0.02547	0.04506	0.09599	0.04898	0.02351	0.01175	0.00392	0.00784	0.59056	0.00784	0.00784
8	0.02275	0.70604	0.04459	0.01456	0.02184	0.03367	0.01456	0.02548	0.01729	0.02002	0.01183	0.01365	0.01092	0.00728	0.00546	0.00182	0.00910	0.00455	0.00364	0.01092
9	0.01194	0.00869	0.01124	0.01060	0.01265	0.00799	0.00795	0.01586	0.02385	0.03356	0.61502	0.06450	0.10898	0.01761	0.01004	0.00269	0.00403	0.01552	0.00929	0.00799
10	0.03235	0.02384	0.02554	0.01958	0.02639	0.02639	0.01618	0.61946	0.04001	0.05363	0.02043	0.02043	0.01447	0.01022	0.00851	0.00255	0.00936	0.00766	0.00851	0.01447
11	0.01334	0.00955	0.01319	0.01456	0.01653	0.00940	0.01244	0.01728	0.02059	0.02740	0.17859	0.08876	0.05597	0.02214	0.01137	0.00364	0.00698	0.46219	0.00818	0.00788
12	0.76103	0.01646	0.01251	0.01119	0.01646	0.01909	0.00922	0.02502	0.01448	0.03818	0.01185	0.01382	0.00922	0.00790	0.00527	0.00263	0.00658	0.00461	0.00527	0.00922
13	0.01006	0.00862	0.00862	0.00862	0.01149	0.00718	0.00647	0.01221	0.01940	0.02299	0.08621	0.08190	0.64438	0.02155	0.01006	0.00287	0.00431	0.01796	0.00790	0.00718
14	0.01233	0.00844	0.01026	0.01026	0.01060	0.00878	0.00638	0.01301	0.01267	0.01723	0.02592	0.05072	0.02878	0.55873	0.18256	0.00946	0.01150	0.01165	0.00502	0.00570
15	0.02275	0.70604	0.04459	0.01456	0.02184	0.03367	0.01456	0.02548	0.01729	0.02002	0.01183	0.01365	0.01092	0.00728	0.00546	0.00182	0.00910	0.00455	0.00364	0.01092
16	0.01204	0.00870	0.01138	0.01071	0.01271	0.00803	0.00803	0.01606	0.02409	0.03413	0.64335	0.06357	0.08030	0.01740	0.01004	0.00268	0.00401	0.01539	0.00937	0.00803
17	0.01622	0.00933	0.01031	0.00982	0.01154	0.01031	0.00761	0.01991	0.01722	0.03025	0.02559	0.03001	0.02042	0.01057	0.00883	0.00221	0.09322	0.00787	0.65065	0.00811
18	0.03179	0.04056	0.02412	0.02192	0.02631	0.66676	0.01644	0.03398	0.02412	0.02083	0.01315	0.01535	0.01096	0.00877	0.00767	0.00219	0.01535	0.00548	0.00438	0.00987
19	0.01948	0.32437	0.39756	0.02015	0.03048	0.02565	0.02429	0.02633	0.01768	0.02402	0.01381	0.01614	0.01084	0.00774	0.00697	0.00232	0.01110	0.00555	0.00361	0.01188
20	0.03179	0.04056	0.02412	0.02192	0.02631	0.66676	0.01644	0.03398	0.02412	0.02083	0.01315	0.01535	0.01096	0.00877	0.00767	0.00219	0.01535	0.00548	0.00438	0.00987
21	0.01022	0.00797	0.00929	0.01035	0.01195	0.00704	0.00723	0.01202	0.01774	0.02231	0.06520	0.40983	0.33001	0.02428	0.01049	0.00319	0.00465	0.02129	0.00790	0.00704
22	0.03101	0.02751	0.02387	0.01942	0.02519	0.20942	0.01552	0.40797	0.03385	0.04262	0.01886	0.01978	0.01399	0.00978	0.00809	0.00241	0.01070	0.00705	0.06029	0.01268
23	0.02038	0.42977	0.30009	0.01861	0.02810	0.02787	0.02161	0.02610	0.01757	0.02291	0.01327	0.01545	0.01086	0.00762	0.00656	0.00219	0.01055	0.00528	0.00362	0.01161
24	0.02801	0.18015	0.07167	0.01857	0.02505	0.16685	0.01628	0.28043	0.02856	0.03574	0.01702	0.01834	0.01311	0.00908	0.00746	0.00228	0.01050	0.00641	0.05235	0.01213
25	0.02019	0.02544	0.17102	0.04610	0.51384	0.02012	0.02729	0.02630	0.01907	0.02762	0.01585	0.02038	0.01289	0.00769	0.00835	0.00256	0.01065	0.00730	0.00408	0.01328
26	0.01037	0.00741	0.00987	0.01185	0.01234	0.00691	0.00790	0.01185	0.01629	0.02172	0.04690	0.69537	0.05629	0.02666	0.01086	0.00346	0.00494	0.02419	0.00790	0.00691
27	0.01902	0.01872	0.02899	0.39153	0.28904	0.05986	0.02416	0.02423	0.01839	0.02408	0.01535	0.02159	0.01216	0.00816	0.00842	0.00267	0.01111	0.00744	0.00399	0.01107
28	0.02175	0.45749	0.23913	0.01769	0.02663	0.02810	0.01985	0.02680	0.01788	0.05593	0.01409	0.01585	0.01142	0.00771	0.00646	0.00214	0.01011	0.00532	0.00399	0.01164
29	0.01556	0.01262	0.01947	0.09056	0.15997	0.01300	0.01743	0.01991	0.01928	0.02561	0.03568	0.07219	0.03741	0.01851	0.01070	0.00350	0.00869	0.40406	0.00663	0.00924
30	0.03179	0.04056	0.02412	0.02192	0.02631	0.66676	0.01644	0.03398	0.02412	0.02083	0.01315	0.01535	0.01096	0.00877	0.00767	0.00219	0.01535	0.00548	0.00438	0.00987
31	0.01006	0.00862	0.00862	0.00862	0.01149	0.00718	0.00647	0.01221	0.01940	0.02299	0.08621	0.08190	0.64438	0.02155	0.01006	0.00287	0.00431	0.01796	0.00790	0.00718
32	0.02117	0.01828	0.01924	0.01732	0.02213	0.02117	0.01347	0.04522	0.63246	0.03560	0.03464	0.03175	0.02598	0.01155	0.00866	0.00289	0.00673	0.00962	0.00866	0.01347
33	0.01122	0.00867	0.01024	0.00984	0.01221	0.00768	0.00738	0.01447	0.02215	0.02952	0.41316	0.07114	0.31336	0.01911	0.01005	0.00276	0.00414	0.01645	0.00876	0.00768
34	0.03553	0.01873	0.02238	0.01716	0.02384	0.01881	0.01417	0.30384	0.03146	0.38133	0.02761	0.02509	0.01807	0.01039	0.00854	0.00260	0.00821	0.00815	0.00962	0.01448
35	0.02112	0.34347	0.31593	0.01963	0.02899	0.09114	0.02229	0.02699	0.01828	0.02320	0.01350	0.01575	0.01086	0.00779	0.00686	0.00225	0.01128	0.00542	0.00369	0.01155
36	0.01204	0.00870	0.01138	0.01071	0.01271	0.00803	0.00803	0.01606	0.02409	0.03413	0.64335	0.06357	0.08030	0.01740	0.01004	0.00268	0.00401	0.01539	0.00937	0.00803
37	0.09517	0.01449	0.01934	0.02109	0.15800	0.01333	0.01333	0.02466	0.02037	0.14197	0.15286	0.03412	0.07317	0.01089	0.00811	0.00233	0.00673	0.00925	0.00696	0.17383
38	0.02837	0.08257	0.02370	0.01946	0.02407	0.47849	0.01499	0.08288	0.02444	0.02398	0.02320	0.02433	0.09357	0.01045	0.00790	0.00229	0.01293	0.00723	0.00516	0.01000
39	0.01911	0.02088	0.04388	0.07504	0.08562	0.02017	0.47661	0.02562	0.01920	0.02620	0.01756	0.02386	0.01370	0.01298	0.07594	0.00393	0.01471	0.00962	0.00429	0.01110

[dist]
# distance from previous block
# <min> <max>
1	19

[block]
# block no. 3 follows, 21 sequences, length 13
# corresponding to MSA columns:
# 220-232
name=unknown_D
#
# <colnr> <probs for GDERKNQSTAVLIFYWHMCP>
#	G	D	E	R	K	N	Q	S	T	A	V	L	I	F	Y	W	H	M	C	P
0	0.23575	0.02004	0.09889	0.01521	0.02185	0.01713	0.01394	0.07964	0.01863	0.03249	0.01580	0.02058	0.01316	0.00881	0.00831	0.00228	0.05834	0.03290	0.00528	0.28097
1	0.02176	0.24960	0.15535	0.02819	0.20746	0.11011	0.02108	0.02655	0.01933	0.02454	0.04974	0.01971	0.01558	0.00830	0.00739	0.00229	0.01061	0.00651	0.00422	0.01168
2	0.01933	0.16501	0.35696	0.03055	0.21220	0.02258	0.02663	0.02642	0.01825	0.02586	0.01482	0.01804	0.01160	0.00778	0.00768	0.00248	0.01119	0.00633	0.00378	0.01252
3	0.01675	0.01773	0.03442	0.02705	0.06696	0.01632	0.35905	0.02200	0.01961	0.02585	0.03833	0.06541	0.19882	0.01210	0.00984	0.00281	0.01051	0.01256	0.00551	0.03836
4	0.12922	0.10152	0.02010	0.20676	0.02801	0.01768	0.01380	0.04769	0.01765	0.02835	0.01852	0.02318	0.01474	0.01112	0.03264	0.00284	0.03405	0.00691	0.23595	0.00927
5	0.16816	0.05424	0.23305	0.01921	0.06986	0.01620	0.01801	0.02270	0.01714	0.05680	0.02456	0.21531	0.02443	0.01351	0.00825	0.00285	0.00854	0.01130	0.00556	0.01032
6	0.01880	0.02285	0.12763	0.22786	0.25579	0.02005	0.15295	0.02521	0.01863	0.02579	0.01590	0.02148	0.01233	0.00784	0.00875	0.00272	0.01175	0.00791	0.00401	0.01174
7	0.16201	0.20639	0.17818	0.01436	0.02101	0.01993	0.01516	0.02410	0.01708	0.02865	0.01733	0.02002	0.01373	0.00837	0.00621	0.00224	0.00797	0.00598	0.22116	0.01013
8	0.01249	0.00966	0.01214	0.01207	0.01463	0.00821	0.00854	0.01464	0.01669	0.02348	0.03763	0.49764	0.04354	0.02072	0.00953	0.00282	0.00534	0.01861	0.00707	0.22457
9	0.01073	0.00851	0.00881	0.00881	0.01085	0.00750	0.00608	0.01226	0.01735	0.02110	0.06888	0.07425	0.46541	0.21976	0.01976	0.00444	0.00546	0.01633	0.00710	0.00659
10	0.01780	0.02843	0.26656	0.21966	0.04578	0.02011	0.22807	0.02554	0.01841	0.02554	0.01589	0.02104	0.01167	0.00790	0.00887	0.00280	0.01282	0.00794	0.00389	0.01129
11	0.01823	0.03708	0.47527	0.03242	0.21510	0.01990	0.02989	0.02671	0.01838	0.02720	0.01549	0.01887	0.01157	0.00794	0.00818	0.00265	0.01186	0.00667	0.00377	0.01284
12	0.01160	0.00884	0.01153	0.01234	0.01419	0.00877	0.00967	0.01432	0.01725	0.02243	0.05116	0.17527	0.21984	0.03522	0.20233	0.00638	0.01066	0.15388	0.00691	0.00742

[dist]
# distance from previous block
# <min> <max>
0	51

# created by:
# /home/cegg/simao/soft/augustus-3.2.1/scripts/msa2prfl.pl ./align_prep/13465.fa
