[name]
unknown

[dist]
# distance from previous block
# <min> <max>
0	4

[block]
# block no. 0 follows, 22 sequences, length 44
# corresponding to MSA columns:
# 4-47
name=unknown_A
#
# <colnr> <probs for GDERKNQSTAVLIFYWHMCP>
#	G	D	E	R	K	N	Q	S	T	A	V	L	I	F	Y	W	H	M	C	P
0	0.07345	0.01611	0.05690	0.01607	0.02142	0.01433	0.05539	0.02557	0.15341	0.02864	0.02963	0.04323	0.05324	0.01263	0.00850	0.00262	0.00748	0.16302	0.00641	0.21193
1	0.02902	0.07397	0.02422	0.01985	0.02466	0.43480	0.01543	0.14787	0.06865	0.02744	0.01603	0.01776	0.01284	0.01138	0.03794	0.00274	0.01323	0.00615	0.00531	0.01071
2	0.02141	0.02113	0.02484	0.26890	0.17251	0.14993	0.01961	0.09500	0.02127	0.02658	0.01894	0.02317	0.04067	0.00900	0.00805	0.00250	0.01065	0.00746	0.04784	0.01055
3	0.02627	0.40310	0.03433	0.01752	0.02333	0.32826	0.01506	0.02869	0.01995	0.01991	0.01214	0.01409	0.01068	0.00778	0.00632	0.00194	0.01169	0.00486	0.00389	0.01019
4	0.01723	0.01477	0.01723	0.01230	0.01969	0.01107	0.00984	0.02092	0.01723	0.02707	0.01477	0.01723	0.01230	0.00615	0.00615	0.00123	0.00615	0.00492	0.00492	0.75883
5	0.01226	0.00948	0.01410	0.01388	0.01527	0.01132	0.01087	0.01515	0.01331	0.01933	0.02155	0.03174	0.02016	0.05934	0.63497	0.01275	0.06381	0.00880	0.00440	0.00752
6	0.02728	0.02006	0.02187	0.01760	0.02302	0.02195	0.01417	0.50493	0.03442	0.04612	0.02512	0.15670	0.02230	0.01319	0.00877	0.00267	0.00828	0.01071	0.00819	0.01265
7	0.00982	0.00842	0.00842	0.00842	0.01122	0.00701	0.00631	0.01192	0.01894	0.02244	0.08416	0.07995	0.65285	0.02104	0.00982	0.00281	0.00421	0.01753	0.00771	0.00701
8	0.01012	0.00723	0.00964	0.01157	0.01205	0.00675	0.00771	0.01157	0.01591	0.02121	0.04579	0.70262	0.05495	0.02603	0.01060	0.00337	0.00482	0.02362	0.00771	0.00675
9	0.02736	0.11708	0.02850	0.02784	0.18101	0.43428	0.01816	0.03026	0.02158	0.02192	0.01337	0.01616	0.01130	0.00810	0.00741	0.00218	0.01297	0.00575	0.00415	0.01063
10	0.01176	0.00849	0.01110	0.01045	0.01241	0.00784	0.00784	0.01568	0.02352	0.03331	0.65184	0.06206	0.07839	0.01698	0.00980	0.00261	0.00392	0.01502	0.00914	0.00784
11	0.06884	0.04110	0.61959	0.02279	0.03457	0.01925	0.02918	0.02618	0.01730	0.02707	0.01468	0.01726	0.01042	0.00788	0.00770	0.00263	0.01187	0.00602	0.00362	0.01205
12	0.01967	0.01827	0.02823	0.03819	0.44049	0.01747	0.02042	0.02556	0.06175	0.02765	0.01666	0.02039	0.01378	0.00733	0.00768	0.00216	0.00864	0.00687	0.00463	0.21416
13	0.03003	0.11611	0.02581	0.02059	0.02519	0.60177	0.01584	0.03223	0.02279	0.02024	0.01269	0.01479	0.01070	0.00840	0.00725	0.00210	0.01429	0.00525	0.00420	0.00975
14	0.01898	0.01112	0.01148	0.01022	0.01318	0.01166	0.00798	0.15180	0.02213	0.03562	0.02554	0.02857	0.01974	0.00974	0.00635	0.00206	0.00502	0.00769	0.59201	0.00913
15	0.02425	0.38037	0.03276	0.01674	0.02256	0.20323	0.01448	0.03130	0.15441	0.02306	0.01674	0.01761	0.01387	0.00840	0.00659	0.00210	0.01003	0.00576	0.00481	0.01092
16	0.01012	0.00817	0.00901	0.00935	0.01155	0.00706	0.00680	0.01230	0.01884	0.02350	0.14510	0.21314	0.45275	0.02163	0.00999	0.00291	0.00431	0.01855	0.00789	0.00706
17	0.01698	0.08157	0.62920	0.02313	0.03511	0.02008	0.02974	0.02623	0.01750	0.02592	0.01471	0.01730	0.01053	0.00785	0.00775	0.00258	0.01208	0.00604	0.00351	0.01218
18	0.02004	0.01731	0.01819	0.01642	0.02101	0.01988	0.01276	0.04230	0.60566	0.03405	0.03669	0.03379	0.06121	0.01183	0.00853	0.00282	0.00644	0.00986	0.00841	0.01280
19	0.02330	0.01094	0.01469	0.01258	0.01641	0.00972	0.00983	0.02659	0.02271	0.32116	0.29296	0.12468	0.04891	0.01500	0.00923	0.00269	0.00548	0.01300	0.00949	0.01060
20	0.02031	0.01948	0.03327	0.08351	0.62565	0.01967	0.02537	0.02528	0.01880	0.02684	0.01558	0.02064	0.01305	0.00745	0.00823	0.00248	0.00993	0.00740	0.00409	0.01296
21	0.01925	0.01840	0.03135	0.22272	0.49475	0.01939	0.02484	0.02434	0.01829	0.02555	0.01539	0.02099	0.01260	0.00765	0.00825	0.00255	0.01019	0.00740	0.00400	0.01210
22	0.01982	0.02183	0.04569	0.03849	0.17665	0.02073	0.49548	0.02637	0.01946	0.02673	0.01655	0.02201	0.01273	0.00709	0.00946	0.00273	0.01311	0.00928	0.00418	0.01163
23	0.01208	0.00805	0.00906	0.00906	0.00906	0.00805	0.00503	0.01208	0.01208	0.01611	0.02618	0.05436	0.03020	0.70804	0.04228	0.00805	0.00805	0.01208	0.00503	0.00503
24	0.02056	0.01974	0.03372	0.05099	0.65622	0.01974	0.02550	0.02550	0.01892	0.02714	0.01563	0.02056	0.01316	0.00740	0.00822	0.00247	0.00987	0.00740	0.00411	0.01316
25	0.02056	0.01974	0.03372	0.05099	0.65622	0.01974	0.02550	0.02550	0.01892	0.02714	0.01563	0.02056	0.01316	0.00740	0.00822	0.00247	0.00987	0.00740	0.00411	0.01316
26	0.01012	0.00723	0.00964	0.01157	0.01205	0.00675	0.00771	0.01157	0.01591	0.02121	0.04579	0.70262	0.05495	0.02603	0.01060	0.00337	0.00482	0.02362	0.00771	0.00675
27	0.03727	0.01414	0.01928	0.01478	0.02121	0.01221	0.01221	0.04049	0.02378	0.66198	0.03277	0.02828	0.02056	0.01028	0.00835	0.00257	0.00707	0.00835	0.01028	0.01414
28	0.01023	0.00835	0.00904	0.00904	0.01152	0.00716	0.00672	0.01265	0.01964	0.02453	0.19521	0.11968	0.49618	0.02057	0.00987	0.00281	0.00419	0.01745	0.00800	0.00716
29	0.00986	0.00827	0.00857	0.00880	0.01132	0.00698	0.00648	0.01188	0.01857	0.02229	0.07947	0.15594	0.57988	0.02165	0.00991	0.00287	0.00428	0.01828	0.00771	0.00698
30	0.01187	0.00890	0.01335	0.01335	0.01483	0.01038	0.01038	0.01483	0.01335	0.01928	0.02225	0.03264	0.02077	0.06231	0.67512	0.01335	0.02225	0.00890	0.00445	0.00742
31	0.01818	0.01818	0.02545	0.02181	0.02181	0.02545	0.01818	0.01999	0.01272	0.01999	0.01091	0.01818	0.01091	0.01454	0.02726	0.00364	0.69284	0.00727	0.00364	0.00909
32	0.01723	0.01477	0.01723	0.01230	0.01969	0.01107	0.00984	0.02092	0.01723	0.02707	0.01477	0.01723	0.01230	0.00615	0.00615	0.00123	0.00615	0.00492	0.00492	0.75883
33	0.02221	0.71304	0.04353	0.01421	0.02132	0.03287	0.01421	0.02488	0.01688	0.01955	0.01155	0.01333	0.01066	0.00711	0.00533	0.00178	0.00888	0.00444	0.00355	0.01066
34	0.02056	0.01974	0.03372	0.05099	0.65622	0.01974	0.02550	0.02550	0.01892	0.02714	0.01563	0.02056	0.01316	0.00740	0.00822	0.00247	0.00987	0.00740	0.00411	0.01316
35	0.01325	0.00991	0.01327	0.01345	0.01502	0.00977	0.03670	0.08757	0.01874	0.02504	0.04049	0.56108	0.04700	0.05193	0.01162	0.00344	0.00590	0.02053	0.00751	0.00778
36	0.02191	0.02327	0.03553	0.04312	0.42937	0.11726	0.15466	0.02688	0.01975	0.02601	0.01547	0.02013	0.01267	0.00749	0.00846	0.00249	0.01153	0.00762	0.00416	0.01221
37	0.01463	0.01305	0.01957	0.01755	0.01878	0.01663	0.04074	0.01733	0.01339	0.01988	0.01766	0.02664	0.01663	0.04155	0.39738	0.00916	0.27875	0.00832	0.00413	0.00823
38	0.02075	0.02247	0.02506	0.02173	0.02259	0.15550	0.01775	0.02263	0.01489	0.02006	0.01129	0.01754	0.01086	0.01334	0.02330	0.00334	0.55705	0.00689	0.00376	0.00920
39	0.01083	0.00840	0.01224	0.04164	0.01554	0.00799	0.03985	0.01277	0.01630	0.02155	0.04519	0.60281	0.08534	0.02401	0.01042	0.00329	0.00552	0.02186	0.00736	0.00710
40	0.02447	0.02950	0.01874	0.01729	0.02076	0.45958	0.01276	0.02634	0.02122	0.02024	0.02875	0.03280	0.14172	0.09643	0.01220	0.00300	0.01198	0.00861	0.00506	0.00855
41	0.01923	0.01866	0.03260	0.21445	0.45505	0.01950	0.07030	0.02448	0.01837	0.02557	0.01549	0.02111	0.01258	0.00761	0.00836	0.00257	0.01049	0.00758	0.00401	0.01200
42	0.07926	0.03754	0.52669	0.06145	0.03609	0.01932	0.07427	0.02588	0.01736	0.02695	0.01477	0.01784	0.01059	0.00783	0.00783	0.00265	0.01185	0.00636	0.00371	0.01175
43	0.06348	0.02077	0.02909	0.24556	0.26867	0.09964	0.06749	0.05983	0.01968	0.02641	0.01512	0.02009	0.01197	0.00797	0.00811	0.00256	0.01095	0.00717	0.00431	0.01114

[dist]
# distance from previous block
# <min> <max>
1	41

[block]
# block no. 1 follows, 22 sequences, length 26
# corresponding to MSA columns:
# 93-118
name=unknown_B
#
# <colnr> <probs for GDERKNQSTAVLIFYWHMCP>
#	G	D	E	R	K	N	Q	S	T	A	V	L	I	F	Y	W	H	M	C	P
0	0.05892	0.17470	0.16515	0.02304	0.14555	0.01971	0.01871	0.02861	0.01951	0.18823	0.06389	0.02290	0.01836	0.00887	0.00752	0.00239	0.00887	0.00713	0.00584	0.01210
1	0.01744	0.02246	0.16713	0.03602	0.38408	0.01696	0.02260	0.02282	0.01862	0.02597	0.02990	0.03240	0.14728	0.01038	0.00849	0.00257	0.00921	0.00926	0.00474	0.01167
2	0.01889	0.02208	0.12792	0.18578	0.38273	0.01945	0.02488	0.02600	0.06233	0.02624	0.01661	0.02119	0.01316	0.00795	0.00821	0.00258	0.01027	0.00734	0.00423	0.01215
3	0.02278	0.23396	0.13250	0.02188	0.09342	0.16980	0.01826	0.03108	0.15016	0.02483	0.01751	0.01887	0.01401	0.00847	0.00719	0.00229	0.01041	0.00628	0.00480	0.01148
4	0.02412	0.30750	0.03049	0.01711	0.02239	0.20437	0.01453	0.05883	0.12702	0.02460	0.04539	0.01962	0.01647	0.00920	0.00796	0.00223	0.04602	0.00632	0.00508	0.01076
5	0.01014	0.00843	0.00887	0.00876	0.01142	0.00715	0.00657	0.01255	0.01970	0.02426	0.17913	0.07696	0.55675	0.02036	0.00981	0.00277	0.00416	0.01711	0.00795	0.00715
6	0.02221	0.71304	0.04353	0.01421	0.02132	0.03287	0.01421	0.02488	0.01688	0.01955	0.01155	0.01333	0.01066	0.00711	0.00533	0.00178	0.00888	0.00444	0.00355	0.01066
7	0.01208	0.00805	0.00906	0.00906	0.00906	0.00805	0.00503	0.01208	0.01208	0.01611	0.02618	0.05436	0.03020	0.70804	0.04228	0.00805	0.00805	0.01208	0.00503	0.00503
8	0.01141	0.00823	0.01080	0.01069	0.01233	0.00761	0.00781	0.01481	0.02191	0.03076	0.52422	0.19694	0.07345	0.01889	0.00997	0.00277	0.00411	0.01683	0.00884	0.00761
9	0.02066	0.01785	0.01878	0.01691	0.02160	0.02066	0.01315	0.04414	0.64121	0.03475	0.03381	0.03099	0.02536	0.01127	0.00845	0.00282	0.00657	0.00939	0.00845	0.01315
10	0.01024	0.00732	0.00974	0.01149	0.01208	0.00683	0.00772	0.01186	0.01644	0.02207	0.08877	0.65719	0.05661	0.02539	0.01055	0.00332	0.00476	0.02301	0.00781	0.00683
11	0.01133	0.00848	0.01051	0.01000	0.01215	0.00766	0.00750	0.01485	0.02251	0.03092	0.52707	0.06599	0.20464	0.01787	0.00980	0.00266	0.00398	0.01558	0.00883	0.00766
12	0.01443	0.00722	0.01082	0.01082	0.01082	0.00722	0.00722	0.01082	0.01082	0.01443	0.01443	0.02525	0.01443	0.02886	0.03247	0.75830	0.00722	0.00722	0.00361	0.00361
13	0.03727	0.01414	0.01928	0.01478	0.02121	0.01221	0.01221	0.04049	0.02378	0.66198	0.03277	0.02828	0.02056	0.01028	0.00835	0.00257	0.00707	0.00835	0.01028	0.01414
14	0.01187	0.00890	0.01335	0.01335	0.01483	0.01038	0.01038	0.01483	0.01335	0.01928	0.02225	0.03264	0.02077	0.06231	0.67512	0.01335	0.02225	0.00890	0.00445	0.00742
15	0.01666	0.04297	0.66500	0.02368	0.03596	0.01929	0.03069	0.02631	0.01754	0.02631	0.01491	0.01754	0.01052	0.00789	0.00789	0.00263	0.01228	0.00614	0.00351	0.01228
16	0.01902	0.02676	0.18343	0.03353	0.08051	0.02055	0.45724	0.02647	0.01911	0.02658	0.01631	0.02122	0.01218	0.00722	0.00928	0.00274	0.01336	0.00885	0.00404	0.01156
17	0.00982	0.00842	0.00842	0.00842	0.01122	0.00701	0.00631	0.01192	0.01894	0.02244	0.08416	0.07995	0.65285	0.02104	0.00982	0.00281	0.00421	0.01753	0.00771	0.00701
18	0.01012	0.00723	0.00964	0.01157	0.01205	0.00675	0.00771	0.01157	0.01591	0.02121	0.04579	0.70262	0.05495	0.02603	0.01060	0.00337	0.00482	0.02362	0.00771	0.00675
19	0.01991	0.01866	0.02937	0.13115	0.44047	0.01976	0.02256	0.02884	0.14964	0.02793	0.01934	0.02298	0.01544	0.00834	0.00828	0.00258	0.00934	0.00782	0.00497	0.01262
20	0.02266	0.38500	0.20611	0.01834	0.02621	0.17028	0.01905	0.02708	0.01852	0.02154	0.01274	0.01482	0.01063	0.00764	0.00649	0.00209	0.01114	0.00510	0.00370	0.01087
21	0.00982	0.00842	0.00842	0.00842	0.01122	0.00701	0.00631	0.01192	0.01894	0.02244	0.08416	0.07995	0.65285	0.02104	0.00982	0.00281	0.00421	0.01753	0.00771	0.00701
22	0.01889	0.02742	0.19901	0.03225	0.04160	0.02059	0.48108	0.02654	0.01910	0.02654	0.01634	0.02122	0.01210	0.00722	0.00934	0.00276	0.01358	0.00891	0.00403	0.01147
23	0.02321	0.02201	0.02056	0.04720	0.02242	0.19068	0.01442	0.15106	0.02217	0.02885	0.01740	0.02147	0.01428	0.01514	0.07140	0.00353	0.15789	0.00705	0.13933	0.00991
24	0.21422	0.02153	0.02874	0.02738	0.15992	0.06265	0.15024	0.17744	0.02320	0.03551	0.01576	0.01866	0.01206	0.00811	0.00776	0.00255	0.01004	0.00708	0.00546	0.01169
25	0.02744	0.02916	0.02664	0.02961	0.21531	0.31163	0.01869	0.15198	0.05787	0.02963	0.01622	0.01851	0.01291	0.00864	0.00793	0.00235	0.01182	0.00661	0.00527	0.01179

[dist]
# distance from previous block
# <min> <max>
0	4

[block]
# block no. 2 follows, 22 sequences, length 62
# corresponding to MSA columns:
# 123-184
name=unknown_C
#
# <colnr> <probs for GDERKNQSTAVLIFYWHMCP>
#	G	D	E	R	K	N	Q	S	T	A	V	L	I	F	Y	W	H	M	C	P
0	0.01810	0.01715	0.02793	0.04125	0.50860	0.01683	0.02110	0.02239	0.01892	0.02607	0.03131	0.03415	0.15956	0.01052	0.00859	0.00254	0.00857	0.00972	0.00494	0.01175
1	0.03043	0.02241	0.02411	0.01871	0.02503	0.02474	0.01536	0.59547	0.03782	0.05069	0.02133	0.05652	0.01631	0.01083	0.00843	0.00254	0.00891	0.00834	0.00828	0.01373
2	0.01928	0.03554	0.46299	0.02543	0.03627	0.01902	0.16520	0.02772	0.01860	0.08646	0.01703	0.01967	0.01195	0.00791	0.00837	0.00266	0.01218	0.00719	0.00431	0.01221
3	0.01806	0.01664	0.02435	0.03317	0.35922	0.01696	0.01816	0.02657	0.16134	0.02778	0.03591	0.03692	0.16646	0.01150	0.00865	0.00263	0.00778	0.01024	0.00595	0.01171
4	0.01187	0.00890	0.01335	0.01335	0.01483	0.01038	0.01038	0.01483	0.01335	0.01928	0.02225	0.03264	0.02077	0.06231	0.67512	0.01335	0.02225	0.00890	0.00445	0.00742
5	0.01682	0.04187	0.63204	0.02428	0.03635	0.01938	0.06255	0.02633	0.01765	0.02633	0.01501	0.01780	0.01063	0.00785	0.00799	0.00264	0.01237	0.00633	0.00354	0.01222
6	0.03103	0.03959	0.02354	0.02140	0.02568	0.67469	0.01605	0.03317	0.02354	0.02033	0.01284	0.01498	0.01070	0.00856	0.00749	0.00214	0.01498	0.00535	0.00428	0.00963
7	0.03727	0.01414	0.01928	0.01478	0.02121	0.01221	0.01221	0.04049	0.02378	0.66198	0.03277	0.02828	0.02056	0.01028	0.00835	0.00257	0.00707	0.00835	0.01028	0.01414
8	0.01325	0.00957	0.01187	0.01267	0.01405	0.00952	0.00889	0.10153	0.01928	0.02575	0.04202	0.60307	0.04899	0.02369	0.01027	0.00325	0.00545	0.02126	0.00780	0.00782
9	0.02619	0.02783	0.02036	0.01773	0.02230	0.34163	0.01369	0.18961	0.02667	0.02951	0.03155	0.03161	0.16272	0.01188	0.00826	0.00239	0.01086	0.00879	0.00618	0.01023
10	0.00982	0.00842	0.00842	0.00842	0.01122	0.00701	0.00631	0.01192	0.01894	0.02244	0.08416	0.07995	0.65285	0.02104	0.00982	0.00281	0.00421	0.01753	0.00771	0.00701
11	0.02054	0.02038	0.03131	0.04282	0.47917	0.05413	0.02334	0.02462	0.01773	0.02516	0.01441	0.01973	0.01252	0.00909	0.01254	0.00272	0.16644	0.00727	0.00401	0.01205
12	0.01945	0.01860	0.03171	0.19680	0.51913	0.01945	0.02494	0.02452	0.01839	0.02579	0.01543	0.02092	0.01268	0.00761	0.00824	0.00254	0.01015	0.00740	0.00402	0.01226
13	0.02154	0.02079	0.02395	0.02905	0.25952	0.14383	0.01718	0.10741	0.02393	0.03110	0.20109	0.03149	0.03183	0.01077	0.00855	0.00245	0.00902	0.00924	0.00619	0.01106
14	0.02221	0.71304	0.04353	0.01421	0.02132	0.03287	0.01421	0.02488	0.01688	0.01955	0.01155	0.01333	0.01066	0.00711	0.00533	0.00178	0.00888	0.00444	0.00355	0.01066
15	0.01012	0.00723	0.00964	0.01157	0.01205	0.00675	0.00771	0.01157	0.01591	0.02121	0.04579	0.70262	0.05495	0.02603	0.01060	0.00337	0.00482	0.02362	0.00771	0.00675
16	0.01806	0.03375	0.39777	0.03078	0.12432	0.01985	0.20347	0.02628	0.01833	0.02651	0.01556	0.01938	0.01150	0.00757	0.00850	0.00266	0.01245	0.00738	0.00379	0.01209
17	0.01187	0.00890	0.01335	0.01335	0.01483	0.01038	0.01038	0.01483	0.01335	0.01928	0.02225	0.03264	0.02077	0.06231	0.67512	0.01335	0.02225	0.00890	0.00445	0.00742
18	0.01028	0.00843	0.00906	0.00890	0.01151	0.00721	0.00668	0.01282	0.02004	0.02505	0.22060	0.07565	0.51478	0.02006	0.00981	0.00276	0.00414	0.01693	0.00806	0.00721
19	0.05196	0.02227	0.03342	0.06236	0.29522	0.08153	0.16339	0.10793	0.04642	0.03023	0.01675	0.02059	0.01316	0.00796	0.00843	0.00255	0.01100	0.00775	0.00491	0.01218
20	0.05284	0.16799	0.51731	0.02130	0.03227	0.02182	0.02657	0.02595	0.01726	0.02555	0.01412	0.01656	0.01048	0.00774	0.00728	0.00247	0.01136	0.00574	0.00359	0.01182
21	0.01666	0.04297	0.66500	0.02368	0.03596	0.01929	0.03069	0.02631	0.01754	0.02631	0.01491	0.01754	0.01052	0.00789	0.00789	0.00263	0.01228	0.00614	0.00351	0.01228
22	0.02630	0.26119	0.09236	0.02050	0.05190	0.37218	0.01726	0.02945	0.02057	0.02094	0.01273	0.01492	0.01077	0.00797	0.00685	0.00208	0.01249	0.00521	0.00396	0.01037
23	0.02599	0.01705	0.01924	0.01641	0.02170	0.01849	0.01301	0.07258	0.43313	0.21616	0.03281	0.02965	0.02341	0.01092	0.00842	0.00273	0.00685	0.00900	0.00897	0.01348
24	0.01192	0.00871	0.01237	0.01237	0.01351	0.00985	0.00916	0.01420	0.01306	0.01856	0.02315	0.03761	0.02293	0.21009	0.53029	0.01214	0.01900	0.00963	0.00458	0.00687
25	0.00989	0.00812	0.00872	0.00919	0.01142	0.00695	0.00666	0.01183	0.01819	0.02214	0.07471	0.23327	0.50563	0.02227	0.01001	0.00295	0.00436	0.01903	0.00771	0.00695
26	0.01192	0.00870	0.01234	0.01234	0.01348	0.00984	0.00913	0.01419	0.01305	0.01854	0.02318	0.03775	0.02299	0.21424	0.52622	0.01210	0.01891	0.00965	0.00459	0.00686
27	0.01208	0.00805	0.00906	0.00906	0.00906	0.00805	0.00503	0.01208	0.01208	0.01611	0.02618	0.05436	0.03020	0.70804	0.04228	0.00805	0.00805	0.01208	0.00503	0.00503
28	0.01549	0.00774	0.00774	0.00774	0.00968	0.00774	0.00581	0.01936	0.01742	0.03097	0.02710	0.03097	0.02129	0.00968	0.00581	0.00194	0.00387	0.00774	0.75416	0.00774
29	0.01569	0.01477	0.02492	0.68808	0.05722	0.01846	0.02307	0.02123	0.01661	0.02123	0.01477	0.02215	0.01107	0.00831	0.00831	0.00277	0.01107	0.00738	0.00369	0.00923
30	0.01549	0.00774	0.00774	0.00774	0.00968	0.00774	0.00581	0.01936	0.01742	0.03097	0.02710	0.03097	0.02129	0.00968	0.00581	0.00194	0.00387	0.00774	0.75416	0.00774
31	0.76672	0.01607	0.01221	0.01092	0.01607	0.01864	0.00900	0.02442	0.01414	0.03727	0.01157	0.01350	0.00900	0.00771	0.00514	0.00257	0.00643	0.00450	0.00514	0.00900
32	0.02221	0.71304	0.04353	0.01421	0.02132	0.03287	0.01421	0.02488	0.01688	0.01955	0.01155	0.01333	0.01066	0.00711	0.00533	0.00178	0.00888	0.00444	0.00355	0.01066
33	0.01208	0.00805	0.00906	0.00906	0.00906	0.00805	0.00503	0.01208	0.01208	0.01611	0.02618	0.05436	0.03020	0.70804	0.04228	0.00805	0.00805	0.01208	0.00503	0.00503
34	0.01208	0.00805	0.00906	0.00906	0.00906	0.00805	0.00503	0.01208	0.01208	0.01611	0.02618	0.05436	0.03020	0.70804	0.04228	0.00805	0.00805	0.01208	0.00503	0.00503
35	0.00998	0.00778	0.00907	0.01010	0.01166	0.00687	0.00706	0.01173	0.01731	0.02178	0.06360	0.41361	0.33247	0.02371	0.01024	0.00311	0.00454	0.02079	0.00771	0.00687
36	0.01208	0.00805	0.00906	0.00906	0.00906	0.00805	0.00503	0.01208	0.01208	0.01611	0.02618	0.05436	0.03020	0.70804	0.04228	0.00805	0.00805	0.01208	0.00503	0.00503
37	0.02990	0.03077	0.02528	0.02483	0.11890	0.35830	0.01721	0.20854	0.02746	0.05729	0.01618	0.01783	0.01249	0.00888	0.00788	0.00231	0.01217	0.00641	0.00570	0.01167
38	0.01756	0.03689	0.48625	0.02781	0.07094	0.01972	0.17049	0.02634	0.01810	0.02642	0.01539	0.01885	0.01115	0.00766	0.00836	0.00266	0.01256	0.00707	0.00370	0.01207
39	0.03103	0.03959	0.02354	0.02140	0.02568	0.67469	0.01605	0.03317	0.02354	0.02033	0.01284	0.01498	0.01070	0.00856	0.00749	0.00214	0.01498	0.00535	0.00428	0.00963
40	0.01012	0.00723	0.00964	0.01157	0.01205	0.00675	0.00771	0.01157	0.01591	0.02121	0.04579	0.70262	0.05495	0.02603	0.01060	0.00337	0.00482	0.02362	0.00771	0.00675
41	0.01270	0.00864	0.01207	0.01207	0.01365	0.00978	0.00934	0.01587	0.01428	0.02196	0.02336	0.03226	0.02089	0.05026	0.52194	0.01074	0.01805	0.00864	0.17604	0.00749
42	0.01657	0.17608	0.01964	0.01247	0.01539	0.04689	0.01030	0.01948	0.01575	0.02266	0.02038	0.02725	0.01811	0.06378	0.22640	0.00603	0.04434	0.00744	0.22271	0.00833
43	0.01695	0.07776	0.63274	0.02319	0.03520	0.02000	0.02984	0.02623	0.01751	0.02596	0.01473	0.01732	0.01053	0.00785	0.00776	0.00259	0.01210	0.00605	0.00351	0.01219
44	0.01187	0.00890	0.01335	0.01335	0.01483	0.01038	0.01038	0.01483	0.01335	0.01928	0.02225	0.03264	0.02077	0.06231	0.67512	0.01335	0.02225	0.00890	0.00445	0.00742
45	0.01187	0.00890	0.01335	0.01335	0.01483	0.01038	0.01038	0.01483	0.01335	0.01928	0.02225	0.03264	0.02077	0.06231	0.67512	0.01335	0.02225	0.00890	0.00445	0.00742
46	0.01140	0.00848	0.01061	0.01008	0.01219	0.00769	0.00756	0.01498	0.02267	0.03131	0.54718	0.06535	0.18429	0.01773	0.00980	0.00265	0.00397	0.01549	0.00888	0.00769
47	0.00982	0.00842	0.00842	0.00842	0.01122	0.00701	0.00631	0.01192	0.01894	0.02244	0.08416	0.07995	0.65285	0.02104	0.00982	0.00281	0.00421	0.01753	0.00771	0.00701
48	0.01261	0.01020	0.01679	0.01544	0.01759	0.01141	0.06969	0.01597	0.01395	0.01999	0.02173	0.03165	0.01998	0.05698	0.61103	0.01233	0.02146	0.00899	0.00443	0.00778
49	0.02183	0.01843	0.11723	0.01942	0.02571	0.01389	0.15790	0.02710	0.02181	0.21589	0.22774	0.03632	0.03604	0.01134	0.00910	0.00265	0.00843	0.01054	0.00750	0.01113
50	0.01549	0.00774	0.00774	0.00774	0.00968	0.00774	0.00581	0.01936	0.01742	0.03097	0.02710	0.03097	0.02129	0.00968	0.00581	0.00194	0.00387	0.00774	0.75416	0.00774
51	0.01961	0.02241	0.04902	0.03501	0.04342	0.02101	0.62605	0.02661	0.01961	0.02661	0.01681	0.02241	0.01261	0.00700	0.00980	0.00280	0.01401	0.00980	0.00420	0.01120
52	0.03158	0.02327	0.02493	0.01911	0.02576	0.02576	0.01579	0.62852	0.03906	0.05236	0.01995	0.01995	0.01413	0.00997	0.00831	0.00249	0.00914	0.00748	0.00831	0.01413
53	0.01549	0.00774	0.00774	0.00774	0.00968	0.00774	0.00581	0.01936	0.01742	0.03097	0.02710	0.03097	0.02129	0.00968	0.00581	0.00194	0.00387	0.00774	0.75416	0.00774
54	0.03158	0.02327	0.02493	0.01911	0.02576	0.02576	0.01579	0.62852	0.03906	0.05236	0.01995	0.01995	0.01413	0.00997	0.00831	0.00249	0.00914	0.00748	0.00831	0.01413
55	0.02689	0.01874	0.01992	0.01580	0.02108	0.02051	0.01288	0.45100	0.03275	0.04612	0.02203	0.02316	0.01622	0.00989	0.00758	0.00233	0.00761	0.00756	0.22567	0.01227
56	0.03158	0.02327	0.02493	0.01911	0.02576	0.02576	0.01579	0.62852	0.03906	0.05236	0.01995	0.01995	0.01413	0.00997	0.00831	0.00249	0.00914	0.00748	0.00831	0.01413
57	0.01131	0.00847	0.01049	0.00999	0.01214	0.00765	0.00749	0.01482	0.02247	0.03083	0.52191	0.06615	0.20986	0.01791	0.00980	0.00266	0.00399	0.01560	0.00882	0.00765
58	0.01187	0.00890	0.01335	0.01335	0.01483	0.01038	0.01038	0.01483	0.01335	0.01928	0.02225	0.03264	0.02077	0.06231	0.67512	0.01335	0.02225	0.00890	0.00445	0.00742
59	0.01017	0.00741	0.00960	0.01121	0.01199	0.00683	0.00758	0.01181	0.01658	0.02194	0.08006	0.61032	0.11372	0.02509	0.01049	0.00328	0.00472	0.02260	0.00778	0.00683
60	0.01566	0.01335	0.01408	0.01304	0.01675	0.01422	0.01003	0.02910	0.34423	0.02990	0.11153	0.05270	0.27096	0.01556	0.00910	0.00279	0.00542	0.01305	0.00824	0.01029
61	0.01723	0.01477	0.01723	0.01230	0.01969	0.01107	0.00984	0.02092	0.01723	0.02707	0.01477	0.01723	0.01230	0.00615	0.00615	0.00123	0.00615	0.00492	0.00492	0.75883

[dist]
# distance from previous block
# <min> <max>
0	0

# created by:
# /home/cegg/simao/soft/augustus-3.2.1/scripts/msa2prfl.pl ./align_prep/13470.fa
