[name]
unknown

[dist]
# distance from previous block
# <min> <max>
13	54

[block]
# block no. 0 follows, 22 sequences, length 7
# corresponding to MSA columns:
# 54-60
name=unknown_A
#
# <colnr> <probs for GDERKNQSTAVLIFYWHMCP>
#	G	D	E	R	K	N	Q	S	T	A	V	L	I	F	Y	W	H	M	C	P
0	0.69356	0.08455	0.01529	0.01125	0.01658	0.02004	0.00951	0.02446	0.01441	0.03553	0.01157	0.01348	0.00916	0.00765	0.00516	0.00249	0.00667	0.00449	0.00499	0.00916
1	0.01127	0.00783	0.00918	0.00977	0.01018	0.00756	0.00598	0.01191	0.01388	0.01826	0.03751	0.25651	0.09461	0.43518	0.02956	0.00613	0.00671	0.01613	0.00610	0.00574
2	0.07646	0.01285	0.01377	0.01156	0.01583	0.01239	0.00911	0.12926	0.02248	0.03324	0.14416	0.04087	0.16198	0.01262	0.00783	0.00226	0.00555	0.01027	0.12671	0.15081
3	0.12082	0.02164	0.11511	0.18274	0.25035	0.01945	0.12245	0.02468	0.01767	0.02700	0.01498	0.01986	0.01168	0.00765	0.00804	0.00263	0.01067	0.00723	0.00409	0.01127
4	0.02805	0.02558	0.02331	0.16585	0.03177	0.24991	0.01684	0.17207	0.06145	0.11663	0.01887	0.02046	0.01379	0.00923	0.00804	0.00246	0.01118	0.00694	0.00616	0.01142
5	0.18262	0.02843	0.26013	0.11267	0.08468	0.06199	0.10497	0.02564	0.01746	0.02776	0.01434	0.01801	0.01077	0.00779	0.00761	0.00261	0.01105	0.00650	0.00408	0.01091
6	0.20694	0.02412	0.16434	0.02110	0.05283	0.04718	0.10097	0.05599	0.01779	0.02912	0.01845	0.02148	0.05270	0.00961	0.01039	0.00270	0.11055	0.00718	0.00468	0.04188

[dist]
# distance from previous block
# <min> <max>
0	2

[block]
# block no. 1 follows, 22 sequences, length 30
# corresponding to MSA columns:
# 63-92
name=unknown_B
#
# <colnr> <probs for GDERKNQSTAVLIFYWHMCP>
#	G	D	E	R	K	N	Q	S	T	A	V	L	I	F	Y	W	H	M	C	P
0	0.02229	0.02326	0.02588	0.28224	0.16549	0.19516	0.02042	0.07037	0.06722	0.02542	0.01622	0.02041	0.01268	0.00853	0.00808	0.00252	0.01140	0.00700	0.00462	0.01078
1	0.26811	0.01941	0.01830	0.01958	0.10673	0.13684	0.01323	0.02513	0.06449	0.02753	0.01674	0.02218	0.01457	0.06685	0.11355	0.00460	0.04095	0.00678	0.00492	0.00949
2	0.01605	0.01300	0.01558	0.04656	0.01972	0.01326	0.01164	0.04669	0.19689	0.02792	0.03391	0.22450	0.03383	0.01619	0.00912	0.00283	0.00650	0.11120	0.00723	0.14736
3	0.07839	0.01708	0.01511	0.01375	0.01659	0.13479	0.00991	0.06319	0.08071	0.05492	0.02395	0.08161	0.02345	0.26371	0.05138	0.00498	0.00943	0.00985	0.00588	0.04131
4	0.42379	0.01900	0.01799	0.13840	0.02635	0.06739	0.01350	0.14870	0.02040	0.03619	0.01397	0.01653	0.01056	0.00835	0.00655	0.00256	0.00846	0.00571	0.00546	0.01014
5	0.22206	0.01926	0.02023	0.33281	0.03703	0.13892	0.01687	0.02390	0.01771	0.02628	0.05903	0.02133	0.01525	0.00881	0.00740	0.00259	0.01002	0.00677	0.00458	0.00914
6	0.02760	0.08070	0.02407	0.06391	0.02634	0.42186	0.01550	0.11832	0.02438	0.02547	0.01858	0.02033	0.05247	0.00936	0.00761	0.00222	0.01241	0.00650	0.00503	0.03734
7	0.02093	0.01949	0.03220	0.12684	0.27963	0.01965	0.14091	0.11437	0.02153	0.02996	0.01628	0.02065	0.01280	0.00768	0.00831	0.00243	0.01029	0.00758	0.00480	0.10368
8	0.01464	0.01742	0.16066	0.01480	0.01949	0.01175	0.01432	0.05473	0.01912	0.05306	0.04462	0.17418	0.19243	0.02107	0.05713	0.00375	0.00839	0.10277	0.00666	0.00903
9	0.02039	0.02105	0.03248	0.17277	0.33859	0.08975	0.11893	0.02541	0.01898	0.02512	0.01530	0.02042	0.01234	0.00759	0.00831	0.00249	0.01114	0.00744	0.00410	0.04740
10	0.02159	0.01904	0.02844	0.12941	0.35802	0.01955	0.02105	0.14386	0.02235	0.03130	0.01624	0.02020	0.01294	0.00787	0.00797	0.00234	0.00938	0.00707	0.00500	0.11638
11	0.01315	0.01120	0.01882	0.04871	0.02070	0.01110	0.13140	0.01626	0.01714	0.02377	0.07442	0.41108	0.04137	0.01903	0.01063	0.00308	0.03695	0.01758	0.06559	0.00800
12	0.01926	0.13379	0.11694	0.02194	0.02906	0.04570	0.18192	0.02415	0.01747	0.02440	0.01421	0.01810	0.01163	0.00802	0.01023	0.00230	0.10526	0.00667	0.00412	0.20483
13	0.01155	0.00859	0.01082	0.01057	0.01270	0.00786	0.00814	0.01510	0.02213	0.03024	0.47319	0.06904	0.18900	0.01844	0.00998	0.00278	0.00438	0.07912	0.00870	0.00765
14	0.01394	0.01463	0.11066	0.01375	0.04621	0.01008	0.01176	0.01790	0.02034	0.07403	0.22242	0.05894	0.32066	0.01649	0.00934	0.00269	0.00583	0.01396	0.00749	0.00886
15	0.06085	0.02030	0.02633	0.03018	0.26548	0.02171	0.01836	0.29369	0.06713	0.03865	0.01915	0.02266	0.01520	0.05124	0.01019	0.00284	0.00906	0.00771	0.00636	0.01290
16	0.02732	0.21066	0.02812	0.01883	0.02399	0.39355	0.01516	0.05439	0.10819	0.02331	0.01568	0.01696	0.01285	0.00861	0.00709	0.00215	0.01202	0.00575	0.00482	0.01055
17	0.03111	0.02070	0.02069	0.01696	0.02233	0.14667	0.01360	0.17967	0.02603	0.29595	0.02421	0.02420	0.01706	0.01709	0.10080	0.00396	0.01126	0.00762	0.00780	0.01231
18	0.02115	0.06711	0.07658	0.03748	0.38006	0.06972	0.04846	0.02958	0.13397	0.02747	0.01852	0.02147	0.01486	0.00820	0.00807	0.00249	0.00993	0.00744	0.00485	0.01258
19	0.01905	0.24486	0.35797	0.02513	0.11983	0.02361	0.05030	0.02577	0.01762	0.02436	0.01406	0.01688	0.01103	0.00754	0.00723	0.00235	0.01097	0.00595	0.00364	0.01186
20	0.01012	0.00723	0.00964	0.01157	0.01205	0.00675	0.00771	0.01157	0.01591	0.02121	0.04579	0.70262	0.05495	0.02603	0.01060	0.00337	0.00482	0.02362	0.00771	0.00675
21	0.01401	0.01105	0.01205	0.01153	0.01460	0.01070	0.00894	0.10734	0.05069	0.02761	0.06288	0.15638	0.38553	0.01978	0.00979	0.00294	0.00548	0.07244	0.00783	0.00840
22	0.02800	0.02373	0.02183	0.01806	0.02354	0.15119	0.01438	0.30714	0.15835	0.07929	0.02686	0.02611	0.06226	0.01078	0.00829	0.00252	0.00928	0.00823	0.00762	0.01252
23	0.01858	0.01765	0.02905	0.04313	0.53712	0.01739	0.02195	0.02299	0.01892	0.02627	0.02828	0.03153	0.13128	0.00992	0.00852	0.00253	0.00882	0.00927	0.00478	0.01202
24	0.01061	0.00830	0.00975	0.01068	0.01265	0.00744	0.00811	0.01287	0.01811	0.02257	0.06525	0.26018	0.36241	0.02284	0.01037	0.00317	0.00506	0.13485	0.00770	0.00706
25	0.02405	0.50676	0.07625	0.01656	0.02328	0.18997	0.01566	0.02700	0.01856	0.02015	0.01207	0.01399	0.01066	0.00751	0.00602	0.00192	0.01059	0.00477	0.00373	0.01051
26	0.05835	0.01856	0.06070	0.07264	0.18099	0.05980	0.01669	0.05376	0.06504	0.15039	0.05358	0.07739	0.02232	0.06042	0.01074	0.00300	0.00867	0.00929	0.00637	0.01130
27	0.01939	0.17423	0.25414	0.02433	0.06926	0.02278	0.14174	0.02931	0.13306	0.02655	0.01811	0.02028	0.01386	0.00814	0.00785	0.00251	0.01071	0.00718	0.00460	0.01194
28	0.07471	0.15436	0.02502	0.01518	0.02173	0.01832	0.05589	0.02397	0.06135	0.02638	0.01514	0.01759	0.01259	0.00745	0.00775	0.00183	0.05317	0.00562	0.00478	0.39716
29	0.02020	0.01658	0.02263	0.02659	0.22343	0.01706	0.01649	0.16048	0.07233	0.03444	0.15337	0.03880	0.03212	0.01215	0.00890	0.00265	0.00778	0.08298	0.00692	0.04408

[dist]
# distance from previous block
# <min> <max>
0	1

[block]
# block no. 2 follows, 22 sequences, length 59
# corresponding to MSA columns:
# 94-152
name=unknown_C
#
# <colnr> <probs for GDERKNQSTAVLIFYWHMCP>
#	G	D	E	R	K	N	Q	S	T	A	V	L	I	F	Y	W	H	M	C	P
0	0.09301	0.07707	0.02803	0.03142	0.29728	0.07028	0.01876	0.16936	0.04741	0.03305	0.01932	0.02166	0.04000	0.00883	0.00775	0.00243	0.00931	0.00726	0.00549	0.01228
1	0.02035	0.02177	0.04412	0.03162	0.03979	0.02047	0.51955	0.07462	0.02095	0.02873	0.01687	0.02173	0.01270	0.00716	0.00934	0.00263	0.01288	0.00916	0.00460	0.08095
2	0.01188	0.00884	0.01305	0.01305	0.01443	0.01022	0.01001	0.01464	0.01326	0.01906	0.02252	0.03414	0.02142	0.10706	0.63126	0.01298	0.02127	0.00912	0.00449	0.00725
3	0.01061	0.00845	0.00951	0.00924	0.01171	0.00735	0.00693	0.01345	0.02080	0.02687	0.31538	0.07266	0.41887	0.01939	0.00981	0.00273	0.00409	0.01651	0.00830	0.00735
4	0.01878	0.01621	0.01698	0.01543	0.01980	0.01829	0.01196	0.03855	0.53318	0.03261	0.04255	0.03949	0.13430	0.01297	0.00869	0.00282	0.00616	0.01081	0.00832	0.01208
5	0.01666	0.01239	0.01616	0.01475	0.01749	0.01412	0.01170	0.16391	0.01960	0.02732	0.02169	0.02955	0.01916	0.04959	0.51314	0.01071	0.01907	0.00856	0.00539	0.00905
6	0.01023	0.00800	0.00928	0.00988	0.01171	0.00705	0.00706	0.01238	0.01855	0.02369	0.15871	0.30363	0.34582	0.02222	0.01010	0.00298	0.00439	0.01935	0.00794	0.00705
7	0.01187	0.00890	0.01335	0.01335	0.01483	0.01038	0.01038	0.01483	0.01335	0.01928	0.02225	0.03264	0.02077	0.06231	0.67512	0.01335	0.02225	0.00890	0.00445	0.00742
8	0.01723	0.01678	0.02363	0.02054	0.02076	0.02319	0.01701	0.01922	0.01282	0.01989	0.01261	0.02034	0.01238	0.02170	0.12441	0.00509	0.59229	0.00751	0.00376	0.00884
9	0.03158	0.02327	0.02493	0.01911	0.02576	0.02576	0.01579	0.62852	0.03906	0.05236	0.01995	0.01995	0.01413	0.00997	0.00831	0.00249	0.00914	0.00748	0.00831	0.01413
10	0.02968	0.02233	0.02386	0.01873	0.02504	0.02488	0.01533	0.52707	0.14360	0.04930	0.02235	0.02186	0.01608	0.01020	0.00834	0.00255	0.00870	0.00781	0.00834	0.01396
11	0.01012	0.00818	0.00903	0.00955	0.01172	0.00709	0.00701	0.01220	0.01838	0.02266	0.09501	0.23110	0.46003	0.02217	0.01008	0.00298	0.00449	0.04343	0.00777	0.00701
12	0.01549	0.00774	0.00774	0.00774	0.00968	0.00774	0.00581	0.01936	0.01742	0.03097	0.02710	0.03097	0.02129	0.00968	0.00581	0.00194	0.00387	0.00774	0.75416	0.00774
13	0.02811	0.02241	0.02721	0.02103	0.02751	0.04846	0.10776	0.38596	0.13935	0.07208	0.02219	0.02243	0.01601	0.00971	0.00853	0.00259	0.00956	0.00812	0.00765	0.01334
14	0.01187	0.00890	0.01335	0.01335	0.01483	0.01038	0.01038	0.01483	0.01335	0.01928	0.02225	0.03264	0.02077	0.06231	0.67512	0.01335	0.02225	0.00890	0.00445	0.00742
15	0.01549	0.00774	0.00774	0.00774	0.00968	0.00774	0.00581	0.01936	0.01742	0.03097	0.02710	0.03097	0.02129	0.00968	0.00581	0.00194	0.00387	0.00774	0.75416	0.00774
16	0.02856	0.02317	0.02345	0.01890	0.02467	0.07693	0.01530	0.42550	0.17306	0.04458	0.02217	0.02198	0.01627	0.01032	0.00899	0.00258	0.03464	0.00773	0.00784	0.01335
17	0.01852	0.01729	0.02901	0.04328	0.53019	0.01720	0.02202	0.02277	0.01833	0.02598	0.02153	0.15400	0.02133	0.01105	0.00869	0.00264	0.00888	0.01057	0.00482	0.01190
18	0.01112	0.00847	0.01022	0.00979	0.01202	0.00757	0.00734	0.01445	0.02202	0.02976	0.46613	0.06791	0.26631	0.01831	0.00980	0.00268	0.00401	0.01584	0.00868	0.00757
19	0.02084	0.01756	0.01878	0.01693	0.02154	0.02013	0.01335	0.08250	0.55000	0.03519	0.03366	0.03522	0.02637	0.01211	0.00868	0.00288	0.00684	0.05626	0.00838	0.01278
20	0.02693	0.36025	0.03363	0.01723	0.02360	0.16769	0.01508	0.20961	0.02502	0.02966	0.01437	0.01569	0.01172	0.00829	0.00669	0.00207	0.01026	0.00556	0.00515	0.01149
21	0.02442	0.01335	0.01645	0.01416	0.01802	0.01318	0.01121	0.14392	0.02305	0.23747	0.05682	0.04683	0.02925	0.18241	0.01724	0.00413	0.00769	0.12190	0.00807	0.01043
22	0.01002	0.00762	0.00924	0.01053	0.01178	0.00684	0.00725	0.01168	0.01690	0.02161	0.05842	0.49760	0.25182	0.02438	0.01034	0.00319	0.00462	0.02161	0.00771	0.00684
23	0.01855	0.03174	0.35973	0.03689	0.33590	0.01951	0.02818	0.02592	0.01821	0.02671	0.01526	0.01900	0.01180	0.00766	0.00805	0.00255	0.01111	0.00675	0.00380	0.01270
24	0.08257	0.33313	0.03150	0.01909	0.07304	0.19472	0.01518	0.05172	0.01970	0.02363	0.01558	0.02210	0.01434	0.00915	0.00681	0.00221	0.01025	0.06044	0.00449	0.01033
25	0.03103	0.03959	0.02354	0.02140	0.02568	0.67469	0.01605	0.03317	0.02354	0.02033	0.01284	0.01498	0.01070	0.00856	0.00749	0.00214	0.01498	0.00535	0.00428	0.00963
26	0.01990	0.16433	0.33339	0.02792	0.16415	0.07876	0.04842	0.02647	0.01831	0.02469	0.01432	0.01735	0.01121	0.00766	0.00752	0.00240	0.01142	0.00616	0.00374	0.01189
27	0.02720	0.09718	0.02585	0.02083	0.02437	0.46267	0.01638	0.02931	0.02038	0.02018	0.01227	0.01558	0.01075	0.00983	0.01193	0.00246	0.17349	0.00572	0.00406	0.00960
28	0.01339	0.01138	0.01204	0.01131	0.01355	0.06977	0.00848	0.01700	0.02315	0.03123	0.54666	0.05912	0.11842	0.01653	0.00959	0.00258	0.00497	0.01433	0.00858	0.00794
29	0.01675	0.03528	0.48233	0.02503	0.08375	0.01876	0.05241	0.02483	0.01796	0.02660	0.07398	0.02217	0.01716	0.00912	0.00952	0.00269	0.05855	0.00730	0.00412	0.01167
30	0.01038	0.00860	0.00920	0.00950	0.01217	0.00742	0.00743	0.01276	0.01897	0.02282	0.07780	0.08213	0.55714	0.02134	0.01008	0.00297	0.00475	0.10972	0.00770	0.00711
31	0.01299	0.00954	0.01060	0.01028	0.01312	0.00870	0.00771	0.01728	0.07725	0.06899	0.13568	0.14995	0.40822	0.01957	0.00969	0.00284	0.00467	0.01664	0.00812	0.00814
32	0.02165	0.18196	0.03617	0.03759	0.38102	0.07765	0.07381	0.02589	0.01867	0.02451	0.01438	0.01850	0.01225	0.00765	0.00831	0.00235	0.03494	0.00675	0.00399	0.01197
33	0.01434	0.01192	0.01310	0.01471	0.07190	0.06297	0.00908	0.01585	0.01580	0.02018	0.07425	0.05515	0.08324	0.40441	0.02790	0.00577	0.00813	0.07880	0.00569	0.00681
34	0.04776	0.12863	0.07109	0.02326	0.11784	0.07545	0.01766	0.02238	0.01569	0.02201	0.01415	0.01981	0.01280	0.01938	0.12962	0.00462	0.23720	0.00679	0.00394	0.00992
35	0.01728	0.11758	0.59580	0.02262	0.03433	0.02081	0.02886	0.02615	0.01747	0.02556	0.01453	0.01707	0.01054	0.00781	0.00761	0.00254	0.01190	0.00595	0.00351	0.01210
36	0.05847	0.33110	0.03260	0.02019	0.07420	0.31290	0.01570	0.02855	0.01985	0.02128	0.01245	0.01464	0.01081	0.00780	0.00650	0.00203	0.01153	0.00508	0.00399	0.01034
37	0.09942	0.05485	0.02427	0.01858	0.02466	0.14972	0.01514	0.43282	0.03283	0.04343	0.01745	0.01812	0.01285	0.00937	0.00773	0.00240	0.01000	0.00667	0.00704	0.01264
38	0.02310	0.02456	0.03125	0.04381	0.50317	0.17871	0.02320	0.02736	0.02004	0.02549	0.01495	0.01921	0.01256	0.00768	0.00805	0.00239	0.01111	0.00690	0.00415	0.01230
39	0.01025	0.00770	0.00951	0.01061	0.01188	0.00696	0.00736	0.01218	0.01766	0.02307	0.13312	0.45931	0.21304	0.02358	0.01030	0.00313	0.00455	0.02094	0.00790	0.00696
40	0.01666	0.04297	0.66500	0.02368	0.03596	0.01929	0.03069	0.02631	0.01754	0.02631	0.01491	0.01754	0.01052	0.00789	0.00789	0.00263	0.01228	0.00614	0.00351	0.01228
41	0.01980	0.42173	0.31371	0.01833	0.02768	0.02697	0.02138	0.02550	0.01717	0.02249	0.01301	0.01516	0.01060	0.00745	0.00644	0.00215	0.01036	0.00518	0.00353	0.01136
42	0.01060	0.00760	0.00953	0.01071	0.01143	0.00711	0.00708	0.01203	0.01607	0.02133	0.09450	0.46984	0.10772	0.15449	0.01649	0.00415	0.00531	0.02017	0.00732	0.00653
43	0.15895	0.01323	0.01367	0.01216	0.01592	0.01387	0.00952	0.12511	0.07645	0.03434	0.20340	0.07513	0.18713	0.01488	0.00858	0.00268	0.00564	0.01221	0.00777	0.00936
44	0.02056	0.02034	0.03360	0.04682	0.55287	0.04777	0.07178	0.02545	0.01893	0.02646	0.01589	0.02099	0.01334	0.00980	0.03717	0.00295	0.01095	0.00757	0.00414	0.01260
45	0.01868	0.01535	0.01649	0.01491	0.01855	0.01730	0.01123	0.06093	0.43788	0.03184	0.08921	0.03784	0.03072	0.14421	0.01500	0.00378	0.00672	0.01034	0.00786	0.01116
46	0.02408	0.27320	0.13320	0.02136	0.07723	0.24681	0.01832	0.02929	0.06210	0.02255	0.01438	0.01636	0.01186	0.00803	0.00692	0.00216	0.01142	0.00560	0.00417	0.01094
47	0.02056	0.01974	0.03372	0.05099	0.65622	0.01974	0.02550	0.02550	0.01892	0.02714	0.01563	0.02056	0.01316	0.00740	0.00822	0.00247	0.00987	0.00740	0.00411	0.01316
48	0.01723	0.01477	0.01723	0.01230	0.01969	0.01107	0.00984	0.02092	0.01723	0.02707	0.01477	0.01723	0.01230	0.00615	0.00615	0.00123	0.00615	0.00492	0.00492	0.75883
49	0.00982	0.00842	0.00842	0.00842	0.01122	0.00701	0.00631	0.01192	0.01894	0.02244	0.08416	0.07995	0.65285	0.02104	0.00982	0.00281	0.00421	0.01753	0.00771	0.00701
50	0.01159	0.00849	0.01087	0.01028	0.01231	0.00777	0.00771	0.01535	0.02312	0.03237	0.60271	0.06360	0.12810	0.01733	0.00980	0.00263	0.00394	0.01524	0.00902	0.00777
51	0.01168	0.00849	0.01099	0.01037	0.01236	0.00780	0.00778	0.01552	0.02333	0.03287	0.62849	0.06279	0.10201	0.01715	0.00980	0.00262	0.00393	0.01513	0.00909	0.00780
52	0.01007	0.00742	0.00945	0.01107	0.01192	0.00679	0.00749	0.01162	0.01638	0.02140	0.05186	0.60412	0.14952	0.02524	0.01048	0.00328	0.00472	0.02265	0.00771	0.00679
53	0.01133	0.00810	0.01103	0.01295	0.01397	0.00779	0.00982	0.01366	0.01710	0.02256	0.04512	0.47651	0.05230	0.02488	0.01093	0.00354	0.00587	0.23776	0.00769	0.00708
54	0.02056	0.01974	0.03372	0.05099	0.65622	0.01974	0.02550	0.02550	0.01892	0.02714	0.01563	0.02056	0.01316	0.00740	0.00822	0.00247	0.00987	0.00740	0.00411	0.01316
55	0.03103	0.03959	0.02354	0.02140	0.02568	0.67469	0.01605	0.03317	0.02354	0.02033	0.01284	0.01498	0.01070	0.00856	0.00749	0.00214	0.01498	0.00535	0.00428	0.00963
56	0.00982	0.00842	0.00842	0.00842	0.01122	0.00701	0.00631	0.01192	0.01894	0.02244	0.08416	0.07995	0.65285	0.02104	0.00982	0.00281	0.00421	0.01753	0.00771	0.00701
57	0.03044	0.03861	0.02363	0.02142	0.02550	0.64496	0.01615	0.03257	0.02305	0.02032	0.01275	0.01513	0.01071	0.00883	0.00840	0.00221	0.04603	0.00544	0.00425	0.00961
58	0.02053	0.02055	0.02968	0.09895	0.47195	0.09391	0.02256	0.02510	0.01968	0.02642	0.07438	0.02391	0.01876	0.00850	0.00829	0.00247	0.01001	0.00787	0.00456	0.01192

[dist]
# distance from previous block
# <min> <max>
0	1

[block]
# block no. 3 follows, 22 sequences, length 51
# corresponding to MSA columns:
# 154-204
name=unknown_D
#
# <colnr> <probs for GDERKNQSTAVLIFYWHMCP>
#	G	D	E	R	K	N	Q	S	T	A	V	L	I	F	Y	W	H	M	C	P
0	0.22986	0.09566	0.42394	0.01921	0.02900	0.02033	0.02306	0.02564	0.01652	0.02881	0.01366	0.01601	0.01010	0.00777	0.00688	0.00254	0.01031	0.00552	0.00398	0.01120
1	0.02783	0.19867	0.05470	0.04513	0.02628	0.33709	0.01642	0.14979	0.02453	0.02684	0.01411	0.01596	0.01139	0.00845	0.00718	0.00217	0.01207	0.00567	0.00486	0.01087
2	0.03063	0.02241	0.02473	0.01916	0.02520	0.02513	0.01585	0.54768	0.03601	0.07646	0.01970	0.02016	0.01412	0.01040	0.01002	0.00260	0.07059	0.00750	0.00798	0.01367
3	0.01055	0.00817	0.00983	0.01017	0.01205	0.00744	0.00741	0.01300	0.01876	0.02447	0.20617	0.23473	0.30084	0.02502	0.06895	0.00384	0.00590	0.01776	0.00777	0.00718
4	0.01958	0.31992	0.38015	0.01967	0.02946	0.05337	0.02324	0.02601	0.01753	0.02325	0.01343	0.01569	0.01059	0.00760	0.00682	0.00226	0.01099	0.00540	0.00356	0.01149
5	0.01653	0.01562	0.02644	0.57799	0.16072	0.01868	0.02349	0.02196	0.01701	0.02225	0.01491	0.02187	0.01143	0.00815	0.00829	0.00272	0.01087	0.00739	0.00376	0.00991
6	0.03158	0.02327	0.02493	0.01911	0.02576	0.02576	0.01579	0.62852	0.03906	0.05236	0.01995	0.01995	0.01413	0.00997	0.00831	0.00249	0.00914	0.00748	0.00831	0.01413
7	0.01716	0.01648	0.07497	0.02021	0.14418	0.01370	0.01407	0.10160	0.02159	0.05226	0.04804	0.04736	0.30556	0.01403	0.00877	0.00254	0.00698	0.01176	0.00658	0.07216
8	0.01208	0.00805	0.00906	0.00906	0.00906	0.00805	0.00503	0.01208	0.01208	0.01611	0.02618	0.05436	0.03020	0.70804	0.04228	0.00805	0.00805	0.01208	0.00503	0.00503
9	0.01196	0.00854	0.01151	0.01151	0.01236	0.00939	0.00809	0.01365	0.01281	0.01792	0.02393	0.04195	0.02481	0.33919	0.40377	0.01108	0.01616	0.01026	0.00470	0.00640
10	0.02272	0.13011	0.14691	0.01804	0.02386	0.07580	0.01715	0.08079	0.04717	0.12076	0.01892	0.02168	0.01479	0.01836	0.12075	0.00435	0.09432	0.00700	0.00542	0.01110
11	0.01666	0.04297	0.66500	0.02368	0.03596	0.01929	0.03069	0.02631	0.01754	0.02631	0.01491	0.01754	0.01052	0.00789	0.00789	0.00263	0.01228	0.00614	0.00351	0.01228
12	0.01012	0.00723	0.00964	0.01157	0.01205	0.00675	0.00771	0.01157	0.01591	0.02121	0.04579	0.70262	0.05495	0.02603	0.01060	0.00337	0.00482	0.02362	0.00771	0.00675
13	0.02220	0.08640	0.03342	0.08845	0.25155	0.17420	0.14007	0.02651	0.01946	0.02378	0.01524	0.02060	0.01283	0.03869	0.00962	0.00267	0.01182	0.00734	0.00413	0.01103
14	0.01902	0.02046	0.14987	0.16990	0.15801	0.01631	0.01999	0.02586	0.07036	0.10650	0.03073	0.03233	0.12375	0.01072	0.00848	0.00267	0.00901	0.00917	0.00566	0.01120
15	0.02056	0.01974	0.03372	0.05099	0.65622	0.01974	0.02550	0.02550	0.01892	0.02714	0.01563	0.02056	0.01316	0.00740	0.00822	0.00247	0.00987	0.00740	0.00411	0.01316
16	0.76672	0.01607	0.01221	0.01092	0.01607	0.01864	0.00900	0.02442	0.01414	0.03727	0.01157	0.01350	0.00900	0.00771	0.00514	0.00257	0.00643	0.00450	0.00514	0.00900
17	0.51086	0.01867	0.01797	0.07481	0.13060	0.07692	0.01363	0.02512	0.01600	0.03270	0.01264	0.01556	0.01004	0.00778	0.00614	0.00253	0.00816	0.00531	0.00477	0.00979
18	0.02016	0.01933	0.03299	0.10373	0.60664	0.01963	0.02529	0.02514	0.01873	0.02665	0.01556	0.02069	0.01299	0.00748	0.00823	0.00249	0.00997	0.00740	0.00408	0.01283
19	0.01117	0.00826	0.00943	0.00937	0.01137	0.00742	0.00679	0.01380	0.01951	0.02617	0.26370	0.11919	0.30096	0.07999	0.01242	0.00318	0.00447	0.01589	0.06975	0.00716
20	0.01882	0.02059	0.04349	0.13450	0.04407	0.02003	0.50590	0.02546	0.01905	0.02597	0.01694	0.02274	0.01275	0.00732	0.00940	0.00276	0.01311	0.00934	0.03699	0.01075
21	0.01176	0.00849	0.01110	0.01045	0.01241	0.00784	0.00784	0.01568	0.02352	0.03331	0.65184	0.06206	0.07839	0.01698	0.00980	0.00261	0.00392	0.01502	0.00914	0.00784
22	0.01723	0.01477	0.01723	0.01230	0.01969	0.01107	0.00984	0.02092	0.01723	0.02707	0.01477	0.01723	0.01230	0.00615	0.00615	0.00123	0.00615	0.00492	0.00492	0.75883
23	0.03498	0.01363	0.01854	0.01439	0.02042	0.01182	0.01182	0.03825	0.02375	0.60539	0.08850	0.03132	0.02577	0.01089	0.00848	0.00257	0.00679	0.00895	0.01018	0.01357
24	0.01027	0.00734	0.00977	0.01147	0.01208	0.00684	0.00772	0.01193	0.01658	0.02228	0.09947	0.64588	0.05702	0.02523	0.01053	0.00331	0.00474	0.02286	0.00784	0.00684
25	0.08376	0.04056	0.60660	0.02254	0.03418	0.01923	0.02875	0.02614	0.01723	0.02729	0.01461	0.01718	0.01039	0.00788	0.00765	0.00263	0.01175	0.00599	0.00365	0.01198
26	0.01058	0.00842	0.00936	0.00914	0.01152	0.00734	0.00677	0.01320	0.02017	0.02583	0.27375	0.07270	0.42947	0.05145	0.01131	0.00298	0.00429	0.01643	0.00807	0.00720
27	0.08789	0.20135	0.02884	0.01921	0.02406	0.33345	0.03888	0.05608	0.02047	0.02322	0.01268	0.01532	0.01080	0.00880	0.00908	0.00229	0.08772	0.00554	0.00428	0.01004
28	0.02548	0.46336	0.03612	0.01688	0.02294	0.27083	0.01490	0.02795	0.01935	0.01984	0.01203	0.01394	0.01068	0.00765	0.00613	0.00191	0.01114	0.00478	0.00382	0.01028
29	0.01385	0.01098	0.01361	0.01258	0.01339	0.01286	0.00932	0.01538	0.01421	0.02041	0.03179	0.04445	0.13039	0.27167	0.05676	0.00534	0.20115	0.01094	0.10396	0.00699
30	0.01014	0.00852	0.00886	0.00904	0.01176	0.00724	0.00695	0.01240	0.01895	0.02266	0.08054	0.08119	0.59839	0.02121	0.00997	0.00290	0.00452	0.06999	0.00771	0.00707
31	0.01238	0.00895	0.01217	0.01394	0.01560	0.00873	0.01157	0.01554	0.01838	0.02385	0.04737	0.23095	0.09419	0.02351	0.01115	0.00365	0.00675	0.42625	0.00767	0.00740
32	0.01197	0.00850	0.01130	0.01130	0.01208	0.00927	0.00783	0.01352	0.01274	0.01777	0.02413	0.04302	0.02528	0.37093	0.37266	0.01082	0.01547	0.01042	0.00473	0.00628
33	0.01666	0.04297	0.66500	0.02368	0.03596	0.01929	0.03069	0.02631	0.01754	0.02631	0.01491	0.01754	0.01052	0.00789	0.00789	0.00263	0.01228	0.00614	0.00351	0.01228
34	0.03158	0.02327	0.02493	0.01911	0.02576	0.02576	0.01579	0.62852	0.03906	0.05236	0.01995	0.01995	0.01413	0.00997	0.00831	0.00249	0.00914	0.00748	0.00831	0.01413
35	0.02334	0.45795	0.04008	0.02062	0.07397	0.08667	0.08910	0.07705	0.01984	0.02384	0.01333	0.01569	0.01139	0.00749	0.00654	0.00205	0.01014	0.00566	0.00414	0.01112
36	0.01761	0.15779	0.55851	0.02206	0.03345	0.02162	0.02787	0.02606	0.01743	0.02515	0.01433	0.01682	0.01055	0.00776	0.00745	0.00248	0.01170	0.00585	0.00352	0.01200
37	0.00982	0.00842	0.00842	0.00842	0.01122	0.00701	0.00631	0.01192	0.01894	0.02244	0.08416	0.07995	0.65285	0.02104	0.00982	0.00281	0.00421	0.01753	0.00771	0.00701
38	0.00988	0.00818	0.00866	0.00904	0.01139	0.00696	0.00659	0.01185	0.01834	0.02220	0.07656	0.20324	0.53446	0.02203	0.00997	0.00292	0.00433	0.01874	0.00771	0.00696
39	0.02476	0.02031	0.03000	0.04131	0.47702	0.07378	0.02206	0.02911	0.02027	0.15226	0.01879	0.02162	0.01442	0.00807	0.00819	0.00246	0.00975	0.00742	0.00535	0.01305
40	0.01175	0.00791	0.00916	0.00949	0.00957	0.00783	0.00549	0.01199	0.01274	0.01698	0.02954	0.16544	0.03444	0.59118	0.03685	0.00725	0.00750	0.01406	0.00549	0.00533
41	0.01174	0.00869	0.01266	0.01282	0.01409	0.00988	0.00969	0.01432	0.01345	0.01916	0.02455	0.09002	0.02443	0.11650	0.56406	0.01206	0.01955	0.01040	0.00477	0.00715
42	0.02108	0.02381	0.09002	0.04455	0.49256	0.07876	0.07603	0.02635	0.01927	0.02641	0.01541	0.01995	0.01266	0.00752	0.00826	0.00248	0.01089	0.00731	0.00408	0.01260
43	0.01742	0.01673	0.02571	0.02551	0.13058	0.02050	0.07160	0.01998	0.01432	0.02113	0.01531	0.02573	0.01514	0.13333	0.05026	0.00450	0.37059	0.00841	0.00404	0.00922
44	0.01012	0.00723	0.00964	0.01157	0.01205	0.00675	0.00771	0.01157	0.01591	0.02121	0.04579	0.70262	0.05495	0.02603	0.01060	0.00337	0.00482	0.02362	0.00771	0.00675
45	0.01001	0.00765	0.00920	0.01044	0.01175	0.00684	0.00721	0.01169	0.01699	0.02165	0.05950	0.48005	0.26866	0.02424	0.01032	0.00317	0.00460	0.02144	0.00771	0.00684
46	0.02282	0.06097	0.29431	0.02404	0.03294	0.13371	0.13071	0.14672	0.02317	0.03023	0.01576	0.01828	0.01164	0.00823	0.00815	0.00252	0.01230	0.00686	0.00472	0.01194
47	0.02012	0.01929	0.03293	0.10834	0.60230	0.01962	0.02528	0.02511	0.01871	0.02661	0.01555	0.02070	0.01297	0.00748	0.00823	0.00249	0.00998	0.00740	0.00407	0.01281
48	0.01140	0.00839	0.01011	0.00973	0.01149	0.00770	0.00695	0.01415	0.02025	0.02754	0.40442	0.06443	0.19386	0.15470	0.01623	0.00373	0.00480	0.01499	0.00802	0.00710
49	0.04906	0.06074	0.28739	0.02304	0.08488	0.02191	0.02219	0.23224	0.05378	0.05965	0.01796	0.01932	0.01300	0.00876	0.00790	0.00254	0.01019	0.00681	0.00574	0.01291
50	0.23711	0.05155	0.02340	0.02533	0.18721	0.23654	0.01612	0.02898	0.01943	0.08129	0.01485	0.01708	0.01169	0.00811	0.00701	0.00237	0.01031	0.00586	0.00496	0.01080

[dist]
# distance from previous block
# <min> <max>
0	89

# created by:
# /home/cegg/simao/soft/augustus-3.2.1/scripts/msa2prfl.pl ./align_prep/13502.fa
