[name]
unknown

[dist]
# distance from previous block
# <min> <max>
0	8

[block]
# block no. 0 follows, 20 sequences, length 20
# corresponding to MSA columns:
# 8-27
name=unknown_A
#
# <colnr> <probs for GDERKNQSTAVLIFYWHMCP>
#	G	D	E	R	K	N	Q	S	T	A	V	L	I	F	Y	W	H	M	C	P
0	0.26476	0.01235	0.01364	0.01451	0.01767	0.01326	0.01250	0.02063	0.01831	0.03051	0.03467	0.06990	0.03641	0.01868	0.00980	0.00357	0.00760	0.38558	0.00714	0.00851
1	0.01834	0.01635	0.02995	0.02778	0.13690	0.01547	0.21474	0.02370	0.02227	0.06488	0.25824	0.04264	0.04202	0.01235	0.00998	0.00283	0.00916	0.03471	0.00690	0.01079
2	0.02460	0.01517	0.01659	0.01443	0.01882	0.04805	0.01109	0.03291	0.18213	0.23632	0.04295	0.06907	0.13503	0.09673	0.01346	0.00352	0.00722	0.01174	0.00868	0.01150
3	0.02709	0.01891	0.03238	0.07114	0.30339	0.01819	0.11578	0.03204	0.02158	0.23668	0.02265	0.02473	0.01624	0.00878	0.00895	0.00270	0.01014	0.00852	0.00650	0.01361
4	0.01562	0.01326	0.01618	0.01904	0.09649	0.04393	0.01205	0.04353	0.09234	0.02626	0.03863	0.44095	0.04282	0.02068	0.01013	0.00318	0.00673	0.01854	0.00746	0.03219
5	0.02006	0.01087	0.01270	0.01110	0.01533	0.00921	0.00872	0.02267	0.02160	0.23384	0.07011	0.06559	0.42779	0.01827	0.00979	0.00286	0.00543	0.01515	0.00901	0.00989
6	0.02125	0.02167	0.04084	0.04786	0.43825	0.02118	0.22320	0.02717	0.02011	0.02831	0.01683	0.02225	0.01362	0.00763	0.00920	0.00271	0.01183	0.00863	0.00435	0.01312
7	0.01485	0.01205	0.01533	0.01404	0.01404	0.01463	0.00995	0.01550	0.01291	0.01829	0.02206	0.04423	0.02486	0.46400	0.03906	0.00689	0.23481	0.01098	0.00479	0.00673
8	0.01804	0.01411	0.01470	0.01264	0.01695	0.01402	0.00999	0.21465	0.02703	0.03419	0.06555	0.06263	0.42550	0.01816	0.00977	0.00283	0.00617	0.01484	0.00831	0.00989
9	0.01414	0.01114	0.01363	0.01148	0.01553	0.00932	0.00883	0.01804	0.02212	0.03195	0.38629	0.05057	0.09807	0.01429	0.00899	0.00227	0.00493	0.01237	0.00800	0.25804
10	0.01825	0.01329	0.01555	0.01483	0.01752	0.01384	0.01097	0.21440	0.02493	0.03333	0.03890	0.46215	0.04319	0.02162	0.01032	0.00323	0.00660	0.01906	0.00831	0.00971
11	0.02212	0.01852	0.02617	0.45175	0.04890	0.02198	0.02164	0.22111	0.02542	0.03335	0.01734	0.02247	0.01271	0.00931	0.00872	0.00281	0.01094	0.00779	0.00552	0.01143
12	0.01809	0.01550	0.01809	0.01292	0.02067	0.01163	0.01034	0.02196	0.01809	0.02842	0.01550	0.01809	0.01292	0.00646	0.00646	0.00129	0.00646	0.00517	0.00517	0.74677
13	0.01603	0.01436	0.02371	0.33883	0.14873	0.01675	0.02017	0.02082	0.01672	0.02271	0.01833	0.02668	0.01546	0.02773	0.22868	0.00661	0.01537	0.00829	0.00422	0.00979
14	0.37540	0.09224	0.07067	0.02705	0.22949	0.02159	0.01756	0.02622	0.01711	0.03272	0.01384	0.01697	0.01123	0.00793	0.00673	0.00258	0.00870	0.00588	0.00473	0.01136
15	0.01125	0.00902	0.01089	0.01082	0.01320	0.00865	0.00824	0.01397	0.01841	0.02365	0.12403	0.06516	0.36946	0.03630	0.22974	0.00667	0.01080	0.01506	0.00710	0.00760
16	0.01516	0.01240	0.01497	0.01262	0.01753	0.00985	0.00946	0.01812	0.01754	0.02601	0.02827	0.28055	0.03047	0.01464	0.00829	0.00217	0.00591	0.01286	0.00632	0.45687
17	0.01710	0.01898	0.06092	0.02797	0.03414	0.01692	0.38202	0.02258	0.01919	0.02601	0.02786	0.24806	0.02819	0.01415	0.01050	0.00314	0.01137	0.01505	0.00563	0.01023
18	0.03078	0.03269	0.02399	0.02065	0.02576	0.38307	0.01603	0.22746	0.02944	0.03275	0.01950	0.02121	0.03754	0.01316	0.04464	0.00306	0.01364	0.00708	0.00608	0.01147
19	0.01437	0.01136	0.01337	0.01404	0.01605	0.01203	0.01003	0.02372	0.22192	0.02708	0.04382	0.46607	0.04718	0.02209	0.01037	0.00334	0.00568	0.01974	0.00836	0.00936

[dist]
# distance from previous block
# <min> <max>
0	2

[block]
# block no. 1 follows, 20 sequences, length 57
# corresponding to MSA columns:
# 30-86
name=unknown_B
#
# <colnr> <probs for GDERKNQSTAVLIFYWHMCP>
#	G	D	E	R	K	N	Q	S	T	A	V	L	I	F	Y	W	H	M	C	P
0	0.01905	0.21990	0.48712	0.02220	0.03364	0.02407	0.02760	0.02722	0.01823	0.02573	0.01471	0.01723	0.01109	0.00807	0.00757	0.00252	0.01194	0.00597	0.00370	0.01244
1	0.01112	0.00887	0.00996	0.00969	0.01228	0.00771	0.00727	0.01409	0.02180	0.02813	0.30657	0.07644	0.41444	0.02039	0.01030	0.00286	0.00430	0.01736	0.00870	0.00771
2	0.03258	0.04157	0.02472	0.02247	0.02697	0.65843	0.01685	0.03483	0.02472	0.02135	0.01348	0.01573	0.01124	0.00899	0.00787	0.00225	0.01573	0.00562	0.00449	0.01011
3	0.01626	0.00813	0.00813	0.00813	0.01016	0.00813	0.00610	0.02033	0.01829	0.03252	0.02846	0.03252	0.02236	0.01016	0.00610	0.00203	0.00407	0.00813	0.74187	0.00813
4	0.09779	0.03014	0.02435	0.06940	0.02857	0.28647	0.01662	0.27472	0.03011	0.03718	0.01665	0.01834	0.01261	0.00951	0.00807	0.00249	0.01202	0.00664	0.00631	0.01200
5	0.02011	0.33793	0.37830	0.02041	0.03087	0.02665	0.02448	0.02695	0.01811	0.02444	0.01407	0.01643	0.01111	0.00792	0.00708	0.00236	0.01130	0.00565	0.00370	0.01213
6	0.01389	0.01213	0.02056	0.01724	0.02050	0.01176	0.14313	0.01778	0.01928	0.02648	0.20691	0.10715	0.10096	0.07825	0.15770	0.00583	0.01124	0.01396	0.00673	0.00852
7	0.01076	0.00885	0.00947	0.00931	0.01206	0.00756	0.00699	0.01340	0.02096	0.02611	0.21025	0.07975	0.51202	0.02114	0.01030	0.00290	0.00435	0.01782	0.00844	0.00756
8	0.02045	0.01956	0.03334	0.19169	0.50981	0.02043	0.02620	0.02577	0.01932	0.02711	0.01621	0.02196	0.01333	0.00798	0.00865	0.00266	0.01065	0.00777	0.00422	0.01290
9	0.03258	0.04157	0.02472	0.02247	0.02697	0.65843	0.01685	0.03483	0.02472	0.02135	0.01348	0.01573	0.01124	0.00899	0.00787	0.00225	0.01573	0.00562	0.00449	0.01011
10	0.01098	0.00867	0.00990	0.01000	0.01230	0.00759	0.00735	0.01368	0.02088	0.02688	0.25042	0.17017	0.37706	0.02158	0.01043	0.00297	0.00442	0.01857	0.00856	0.00759
11	0.02159	0.02073	0.03541	0.05354	0.63903	0.02073	0.02677	0.02677	0.01986	0.02850	0.01641	0.02159	0.01382	0.00777	0.00864	0.00259	0.01036	0.00777	0.00432	0.01382
12	0.02587	0.03722	0.17140	0.07269	0.03242	0.36532	0.04906	0.03043	0.02131	0.02315	0.01412	0.01764	0.01134	0.00939	0.01033	0.00261	0.08435	0.00640	0.00418	0.01075
13	0.02140	0.02060	0.03475	0.05123	0.59264	0.02118	0.02619	0.02634	0.01937	0.02793	0.01603	0.02140	0.01364	0.00834	0.01014	0.00268	0.06060	0.00776	0.00428	0.01350
14	0.01139	0.00863	0.01162	0.01282	0.01366	0.00885	0.00908	0.01325	0.01630	0.02195	0.04488	0.49451	0.09255	0.03267	0.12122	0.00528	0.04595	0.02075	0.00728	0.00736
15	0.01268	0.00846	0.00951	0.00951	0.00951	0.00846	0.00529	0.01268	0.01268	0.01691	0.02748	0.05708	0.03171	0.69345	0.04440	0.00846	0.00846	0.01268	0.00529	0.00529
16	0.07109	0.02287	0.12520	0.02148	0.02855	0.01905	0.14803	0.17456	0.02370	0.03435	0.01948	0.05781	0.01602	0.01164	0.01096	0.07260	0.01007	0.00860	0.03728	0.08665
17	0.01750	0.04512	0.64825	0.02486	0.03775	0.02026	0.03223	0.02762	0.01842	0.02762	0.01565	0.01842	0.01105	0.00829	0.00829	0.00276	0.01289	0.00645	0.00368	0.01289
18	0.02149	0.54439	0.03903	0.01460	0.02141	0.02929	0.01396	0.02445	0.01734	0.02135	0.01379	0.01678	0.01261	0.01405	0.08116	0.00321	0.01064	0.00526	0.00400	0.09120
19	0.01112	0.00896	0.00998	0.01045	0.01269	0.00807	0.00755	0.01439	0.04993	0.02459	0.10988	0.26605	0.38946	0.02290	0.01049	0.00312	0.00472	0.01977	0.00824	0.00766
20	0.02478	0.02270	0.03276	0.04435	0.46865	0.05734	0.02395	0.15738	0.02485	0.03401	0.01726	0.02112	0.01390	0.00844	0.00861	0.00258	0.01049	0.00767	0.00531	0.01384
21	0.02406	0.02541	0.03300	0.04656	0.50143	0.16410	0.02454	0.02858	0.02095	0.02689	0.01575	0.02027	0.01324	0.00805	0.00846	0.00251	0.01157	0.00729	0.00436	0.01298
22	0.15092	0.16820	0.30651	0.01889	0.02831	0.02176	0.02139	0.02954	0.01878	0.13458	0.01756	0.01872	0.01262	0.00852	0.00732	0.00256	0.01015	0.00618	0.00522	0.01228
23	0.01089	0.00778	0.01042	0.01244	0.01306	0.00731	0.00855	0.01259	0.01695	0.02256	0.04793	0.64338	0.05713	0.02708	0.01120	0.00358	0.00528	0.06663	0.00809	0.00716
24	0.03258	0.04157	0.02472	0.02247	0.02697	0.65843	0.01685	0.03483	0.02472	0.02135	0.01348	0.01573	0.01124	0.00899	0.00787	0.00225	0.01573	0.00562	0.00449	0.01011
25	0.01235	0.00892	0.01166	0.01097	0.01303	0.00823	0.00823	0.01646	0.02469	0.03498	0.63443	0.06516	0.08230	0.01783	0.01029	0.00274	0.00412	0.01578	0.00960	0.00823
26	0.01647	0.01550	0.02616	0.67248	0.06008	0.01938	0.02422	0.02229	0.01744	0.02229	0.01550	0.02326	0.01163	0.00872	0.00872	0.00291	0.01163	0.00775	0.00388	0.00969
27	0.01189	0.00812	0.00975	0.01053	0.01072	0.00793	0.00637	0.01248	0.01423	0.01898	0.03543	0.30043	0.04174	0.43642	0.03156	0.00656	0.00715	0.01736	0.00637	0.00598
28	0.01031	0.00884	0.00884	0.00884	0.01178	0.00736	0.00663	0.01252	0.01988	0.02356	0.08837	0.08395	0.63549	0.02209	0.01031	0.00295	0.00442	0.01841	0.00810	0.00736
29	0.01246	0.00935	0.01402	0.01402	0.01558	0.01090	0.01090	0.01558	0.01402	0.02025	0.02336	0.03427	0.02181	0.06542	0.65888	0.01402	0.02336	0.00935	0.00467	0.00779
30	0.01406	0.01004	0.01406	0.01606	0.01807	0.01004	0.01406	0.01807	0.02008	0.02610	0.04618	0.09839	0.05020	0.02410	0.01205	0.00402	0.00803	0.58032	0.00803	0.00803
31	0.75506	0.01687	0.01282	0.01147	0.01687	0.01957	0.00945	0.02564	0.01484	0.03914	0.01215	0.01417	0.00945	0.00810	0.00540	0.00270	0.00675	0.00472	0.00540	0.00945
32	0.02159	0.02073	0.03541	0.05354	0.63903	0.02073	0.02677	0.02677	0.01986	0.02850	0.01641	0.02159	0.01382	0.00777	0.00864	0.00259	0.01036	0.00777	0.00432	0.01382
33	0.01051	0.00890	0.00912	0.00923	0.01213	0.00751	0.00703	0.01282	0.01989	0.02370	0.08606	0.08474	0.60353	0.02220	0.01040	0.00300	0.00462	0.04910	0.00810	0.00740
34	0.01063	0.00759	0.01012	0.01215	0.01265	0.00709	0.00810	0.01215	0.01670	0.02227	0.04808	0.68775	0.05769	0.02733	0.01113	0.00354	0.00506	0.02480	0.00810	0.00709
35	0.02215	0.56739	0.16676	0.01692	0.02547	0.03165	0.01840	0.02642	0.01786	0.02195	0.01284	0.01488	0.01117	0.00763	0.00614	0.00205	0.01004	0.00502	0.00372	0.01154
36	0.02303	0.66630	0.07557	0.01542	0.02315	0.03381	0.01578	0.02619	0.01776	0.02087	0.01230	0.01421	0.01119	0.00750	0.00573	0.00191	0.00950	0.00475	0.00373	0.01128
37	0.02288	0.02243	0.03203	0.07520	0.47329	0.09018	0.02398	0.06604	0.02193	0.02951	0.04631	0.02310	0.01682	0.00862	0.00864	0.00258	0.01066	0.00793	0.00487	0.01301
38	0.02103	0.02015	0.03440	0.12119	0.57575	0.02058	0.02649	0.02628	0.01960	0.02782	0.01631	0.02177	0.01358	0.00788	0.00864	0.00263	0.01050	0.00777	0.00427	0.01337
39	0.02024	0.01935	0.03297	0.21688	0.48625	0.02037	0.02610	0.02559	0.01922	0.02686	0.01617	0.02203	0.01324	0.00802	0.00866	0.00267	0.01070	0.00777	0.00420	0.01273
40	0.01063	0.00759	0.01012	0.01215	0.01265	0.00709	0.00810	0.01215	0.01670	0.02227	0.04808	0.68775	0.05769	0.02733	0.01113	0.00354	0.00506	0.02480	0.00810	0.00709
41	0.01779	0.07781	0.61811	0.02436	0.03698	0.02097	0.03136	0.02755	0.01838	0.02727	0.01548	0.01819	0.01106	0.00825	0.00815	0.00272	0.01271	0.00636	0.00369	0.01281
42	0.02332	0.69869	0.04571	0.01493	0.02239	0.03451	0.01493	0.02612	0.01772	0.02052	0.01213	0.01399	0.01119	0.00746	0.00560	0.00187	0.00933	0.00466	0.00373	0.01119
43	0.01246	0.00935	0.01402	0.01402	0.01558	0.01090	0.01090	0.01558	0.01402	0.02025	0.02336	0.03427	0.02181	0.06542	0.65888	0.01402	0.02336	0.00935	0.00467	0.00779
44	0.01052	0.00803	0.00967	0.01099	0.01235	0.00718	0.00758	0.01228	0.01781	0.02272	0.06218	0.47633	0.26001	0.02549	0.01084	0.00333	0.00484	0.02256	0.00810	0.00718
45	0.03167	0.03605	0.02431	0.02127	0.02627	0.48099	0.01631	0.16762	0.02828	0.02928	0.01873	0.02014	0.04133	0.00995	0.00818	0.00237	0.01377	0.00674	0.00565	0.01108
46	0.01398	0.01067	0.01420	0.01352	0.01425	0.01262	0.00994	0.01578	0.01369	0.01996	0.02312	0.03998	0.02370	0.28768	0.27304	0.00932	0.13299	0.01021	0.05418	0.00719
47	0.01246	0.00935	0.01402	0.01402	0.01558	0.01090	0.01090	0.01558	0.01402	0.02025	0.02336	0.03427	0.02181	0.06542	0.65888	0.01402	0.02336	0.00935	0.00467	0.00779
48	0.01960	0.02064	0.02763	0.02285	0.02657	0.12867	0.15910	0.02448	0.04834	0.02328	0.01869	0.02556	0.01623	0.02954	0.23904	0.00684	0.13985	0.00864	0.00463	0.00979
49	0.02137	0.02135	0.03899	0.04980	0.50658	0.02102	0.15636	0.02703	0.02002	0.02837	0.01668	0.02202	0.01369	0.00768	0.00901	0.00267	0.01133	0.00833	0.00434	0.01336
50	0.02272	0.63180	0.10738	0.01594	0.02396	0.03306	0.01670	0.02627	0.01779	0.02125	0.01249	0.01445	0.01118	0.00755	0.00587	0.00196	0.00969	0.00485	0.00373	0.01137
51	0.01064	0.00803	0.00968	0.01096	0.01220	0.00725	0.00748	0.01229	0.01748	0.02238	0.05962	0.46286	0.23814	0.06246	0.01271	0.00363	0.00505	0.02212	0.00794	0.00707
52	0.01207	0.00862	0.01034	0.01121	0.01186	0.00847	0.00717	0.01425	0.04830	0.02087	0.04062	0.36270	0.07094	0.30335	0.02481	0.00553	0.00655	0.01866	0.00697	0.00672
53	0.01939	0.01452	0.01626	0.01431	0.01802	0.01522	0.01117	0.23207	0.02595	0.03405	0.04417	0.10885	0.19352	0.08789	0.09090	0.00479	0.00922	0.04209	0.00765	0.00996
54	0.03262	0.04042	0.02482	0.02231	0.02697	0.61610	0.01684	0.07339	0.02581	0.02360	0.01398	0.01608	0.01148	0.00909	0.00792	0.00227	0.01532	0.00577	0.00478	0.01043
55	0.19803	0.03145	0.02173	0.02173	0.07953	0.40233	0.01527	0.03027	0.02161	0.02631	0.01908	0.02104	0.05806	0.00966	0.00755	0.00244	0.01230	0.00657	0.00496	0.01009
56	0.02525	0.02190	0.03249	0.04295	0.44539	0.02273	0.02355	0.21130	0.02655	0.03687	0.01784	0.02138	0.01414	0.00863	0.00866	0.00260	0.01012	0.00780	0.00571	0.01414

[dist]
# distance from previous block
# <min> <max>
0	29

[block]
# block no. 2 follows, 20 sequences, length 6
# corresponding to MSA columns:
# 116-121
name=unknown_C
#
# <colnr> <probs for GDERKNQSTAVLIFYWHMCP>
#	G	D	E	R	K	N	Q	S	T	A	V	L	I	F	Y	W	H	M	C	P
0	0.06534	0.02733	0.02541	0.05781	0.06148	0.21844	0.04187	0.20590	0.11910	0.06182	0.02031	0.02141	0.01524	0.00974	0.00838	0.00259	0.01121	0.00745	0.00668	0.01249
1	0.02459	0.15771	0.02744	0.02333	0.14594	0.07736	0.01588	0.09382	0.11969	0.07659	0.02216	0.02363	0.01721	0.00938	0.00759	0.00239	0.00873	0.00743	0.12689	0.01221
2	0.02427	0.01747	0.01936	0.01608	0.02055	0.01928	0.01275	0.32414	0.06790	0.04051	0.02405	0.02952	0.01968	0.09408	0.12579	0.00518	0.01095	0.00881	0.10806	0.01158
3	0.02309	0.02358	0.03394	0.04929	0.55521	0.10806	0.02541	0.02787	0.02053	0.02752	0.01601	0.02079	0.01346	0.00794	0.00853	0.00254	0.01110	0.00748	0.00434	0.01331
4	0.01857	0.16528	0.53748	0.02304	0.03493	0.02288	0.02905	0.02735	0.01829	0.02632	0.01501	0.01760	0.01108	0.00814	0.00779	0.00260	0.01224	0.00612	0.00369	0.01258
5	0.03100	0.03399	0.02528	0.09220	0.03058	0.41402	0.01758	0.19307	0.02845	0.03078	0.01577	0.01799	0.01228	0.00937	0.00820	0.00242	0.01358	0.00647	0.00560	0.01138

[dist]
# distance from previous block
# <min> <max>
0	3

[block]
# block no. 3 follows, 20 sequences, length 18
# corresponding to MSA columns:
# 129-146
name=unknown_D
#
# <colnr> <probs for GDERKNQSTAVLIFYWHMCP>
#	G	D	E	R	K	N	Q	S	T	A	V	L	I	F	Y	W	H	M	C	P
0	0.01369	0.00947	0.01059	0.00997	0.01312	0.00810	0.00760	0.01641	0.02141	0.08963	0.19675	0.07447	0.45720	0.02005	0.01015	0.00288	0.00466	0.01687	0.00869	0.00831
1	0.02315	0.01769	0.02024	0.01486	0.02236	0.01554	0.01204	0.16966	0.02422	0.07329	0.01803	0.01952	0.01393	0.00773	0.00717	0.00171	0.00730	0.00606	0.00640	0.51909
2	0.01130	0.00969	0.00978	0.00961	0.01273	0.00860	0.00725	0.01545	0.07212	0.02468	0.08379	0.07950	0.58278	0.02120	0.01019	0.00295	0.00463	0.01767	0.00817	0.00792
3	0.01955	0.01687	0.01767	0.01607	0.02063	0.01899	0.01245	0.03997	0.50940	0.03405	0.04548	0.04225	0.14153	0.01377	0.00915	0.00296	0.00643	0.01148	0.00873	0.01259
4	0.01031	0.00884	0.00884	0.00884	0.01178	0.00736	0.00663	0.01252	0.01988	0.02356	0.08837	0.08395	0.63549	0.02209	0.01031	0.00295	0.00442	0.01841	0.00810	0.00736
5	0.01908	0.01908	0.02672	0.02290	0.02290	0.02672	0.01908	0.02099	0.01336	0.02099	0.01145	0.01908	0.01145	0.01527	0.02863	0.00382	0.67748	0.00763	0.00382	0.00954
6	0.01235	0.00892	0.01166	0.01097	0.01303	0.00823	0.00823	0.01646	0.02469	0.03498	0.63443	0.06516	0.08230	0.01783	0.01029	0.00274	0.00412	0.01578	0.00960	0.00823
7	0.02159	0.02073	0.03541	0.05354	0.63903	0.02073	0.02677	0.02677	0.01986	0.02850	0.01641	0.02159	0.01382	0.00777	0.00864	0.00259	0.01036	0.00777	0.00432	0.01382
8	0.01031	0.00884	0.00884	0.00884	0.01178	0.00736	0.00663	0.01252	0.01988	0.02356	0.08837	0.08395	0.63549	0.02209	0.01031	0.00295	0.00442	0.01841	0.00810	0.00736
9	0.02170	0.01874	0.01972	0.01775	0.02268	0.02170	0.01381	0.04635	0.62327	0.03649	0.03550	0.03254	0.02663	0.01183	0.00888	0.00296	0.00690	0.00986	0.00888	0.01381
10	0.01750	0.04512	0.64825	0.02486	0.03775	0.02026	0.03223	0.02762	0.01842	0.02762	0.01565	0.01842	0.01105	0.00829	0.00829	0.00276	0.01289	0.00645	0.00368	0.01289
11	0.08699	0.02088	0.03099	0.04225	0.44753	0.02172	0.02282	0.12378	0.05911	0.03425	0.01793	0.02150	0.01437	0.00849	0.00838	0.00263	0.00972	0.00765	0.00541	0.01361
12	0.02457	0.01768	0.01914	0.01544	0.01994	0.01888	0.01189	0.34274	0.02905	0.03977	0.02318	0.03285	0.02052	0.22264	0.01948	0.00431	0.00863	0.00920	0.06152	0.05857
13	0.02434	0.01997	0.02033	0.01755	0.02225	0.06722	0.01371	0.25751	0.20208	0.03982	0.06563	0.15233	0.03001	0.01437	0.00925	0.00287	0.00810	0.01193	0.00839	0.01234
14	0.02505	0.01902	0.02115	0.01742	0.02316	0.01999	0.01438	0.32984	0.08174	0.04225	0.03009	0.03981	0.05857	0.01325	0.00913	0.00274	0.00831	0.11629	0.00805	0.11977
15	0.02981	0.01995	0.02239	0.01771	0.02398	0.02088	0.01463	0.38695	0.03363	0.14227	0.02987	0.03345	0.06461	0.01229	0.00899	0.00269	0.00853	0.05774	0.00872	0.06090
16	0.05630	0.02083	0.02997	0.26632	0.34267	0.08526	0.02403	0.02596	0.01926	0.02609	0.01559	0.02122	0.01257	0.00825	0.00843	0.00267	0.01118	0.00740	0.00423	0.01177
17	0.11576	0.03512	0.02366	0.02070	0.02582	0.45186	0.01594	0.15503	0.02702	0.03048	0.01490	0.01665	0.01179	0.00920	0.00776	0.00238	0.01340	0.00599	0.00549	0.01103

[dist]
# distance from previous block
# <min> <max>
0	71

[block]
# block no. 4 follows, 20 sequences, length 96
# corresponding to MSA columns:
# 218-313
name=unknown_E
#
# <colnr> <probs for GDERKNQSTAVLIFYWHMCP>
#	G	D	E	R	K	N	Q	S	T	A	V	L	I	F	Y	W	H	M	C	P
0	0.02400	0.61946	0.07742	0.01551	0.02323	0.03236	0.01575	0.02724	0.01822	0.06027	0.01373	0.01523	0.01184	0.00772	0.00595	0.00197	0.00941	0.00502	0.00417	0.01152
1	0.02618	0.02906	0.02321	0.02060	0.02432	0.31445	0.01604	0.06745	0.15383	0.02671	0.02265	0.02435	0.05097	0.01174	0.01254	0.00279	0.14858	0.00783	0.00577	0.01092
2	0.01366	0.01102	0.01119	0.01132	0.01252	0.04969	0.00743	0.01603	0.04977	0.02140	0.07607	0.18685	0.12446	0.34011	0.02642	0.00563	0.00730	0.01557	0.00667	0.00690
3	0.06475	0.54635	0.10946	0.01630	0.02380	0.03161	0.01677	0.02595	0.01737	0.02241	0.01248	0.01480	0.01109	0.00806	0.00725	0.00213	0.04935	0.00504	0.00383	0.01118
4	0.53357	0.02043	0.01548	0.01388	0.01885	0.12013	0.01111	0.05511	0.01762	0.03529	0.01387	0.01669	0.01119	0.01387	0.06883	0.00371	0.00991	0.00546	0.00535	0.00966
5	0.02247	0.02033	0.03386	0.04984	0.57721	0.02038	0.02542	0.02854	0.05044	0.05975	0.01827	0.02254	0.01485	0.00813	0.00865	0.00261	0.01004	0.00793	0.00487	0.01387
6	0.11437	0.03224	0.02646	0.02231	0.02779	0.38879	0.10381	0.03308	0.08014	0.02631	0.01618	0.01847	0.01290	0.00877	0.00795	0.00242	0.01313	0.00660	0.00505	0.05325
7	0.01141	0.00885	0.01012	0.01078	0.01282	0.00800	0.00809	0.01358	0.01852	0.02299	0.06650	0.16349	0.36227	0.11413	0.01538	0.00398	0.00576	0.12844	0.00771	0.00718
8	0.03192	0.04046	0.02482	0.02249	0.02677	0.62720	0.01696	0.03415	0.02416	0.02133	0.01338	0.01590	0.01125	0.00930	0.00889	0.00232	0.04844	0.00572	0.00446	0.01008
9	0.17403	0.01835	0.01829	0.01645	0.02147	0.02125	0.01290	0.04205	0.49689	0.03704	0.03065	0.02873	0.02306	0.01106	0.00815	0.00290	0.00687	0.00879	0.00815	0.01290
10	0.02414	0.01729	0.01919	0.01603	0.02105	0.01847	0.01278	0.22627	0.18816	0.09857	0.15351	0.04031	0.09890	0.01356	0.00925	0.00278	0.00705	0.01116	0.00907	0.01246
11	0.01082	0.00767	0.01006	0.01190	0.01236	0.00721	0.00783	0.01220	0.01632	0.02176	0.04613	0.62811	0.05524	0.09032	0.01428	0.00401	0.00538	0.02365	0.00783	0.00691
12	0.03879	0.01540	0.02059	0.01578	0.02254	0.01364	0.01304	0.07533	0.02589	0.61094	0.03363	0.02918	0.02120	0.01078	0.00877	0.00269	0.00755	0.00872	0.01068	0.01484
13	0.01990	0.02119	0.04261	0.17912	0.17202	0.02120	0.35937	0.02646	0.01975	0.02682	0.01692	0.02307	0.01300	0.00774	0.00961	0.00286	0.01313	0.00921	0.00428	0.01174
14	0.01069	0.00777	0.00995	0.01164	0.01240	0.00718	0.00779	0.01221	0.01686	0.02215	0.05160	0.58859	0.12147	0.05966	0.01268	0.00372	0.00516	0.02348	0.00796	0.00703
15	0.03080	0.02142	0.02371	0.01896	0.02522	0.02331	0.01566	0.43633	0.09225	0.11373	0.02630	0.03075	0.02022	0.01200	0.00908	0.00280	0.00895	0.06555	0.00889	0.01406
16	0.01060	0.00771	0.01000	0.01183	0.01257	0.00711	0.00796	0.01218	0.01701	0.02239	0.05195	0.62966	0.11329	0.02682	0.01105	0.00349	0.00500	0.02418	0.00810	0.00711
17	0.01107	0.00853	0.01011	0.01043	0.01243	0.00758	0.00755	0.01372	0.02062	0.02698	0.25776	0.23912	0.29857	0.02209	0.01052	0.00304	0.00449	0.01925	0.00859	0.00758
18	0.01713	0.01209	0.01549	0.01610	0.01902	0.01254	0.01360	0.02540	0.14594	0.06775	0.07575	0.07855	0.04528	0.02036	0.01109	0.00364	0.00754	0.39459	0.00847	0.00967
19	0.01268	0.00846	0.00951	0.00951	0.00951	0.00846	0.00529	0.01268	0.01268	0.01691	0.02748	0.05708	0.03171	0.69345	0.04440	0.00846	0.00846	0.01268	0.00529	0.00529
20	0.01235	0.00892	0.01166	0.01097	0.01303	0.00823	0.00823	0.01646	0.02469	0.03498	0.63443	0.06516	0.08230	0.01783	0.01029	0.00274	0.00412	0.01578	0.00960	0.00823
21	0.02966	0.02206	0.02375	0.01884	0.02488	0.02439	0.01524	0.48948	0.09415	0.04931	0.02437	0.06580	0.01948	0.04433	0.01060	0.00299	0.00900	0.00935	0.00854	0.01379
22	0.01063	0.00759	0.01012	0.01215	0.01265	0.00709	0.00810	0.01215	0.01670	0.02227	0.04808	0.68775	0.05769	0.02733	0.01113	0.00354	0.00506	0.02480	0.00810	0.00709
23	0.01063	0.00759	0.01012	0.01215	0.01265	0.00709	0.00810	0.01215	0.01670	0.02227	0.04808	0.68775	0.05769	0.02733	0.01113	0.00354	0.00506	0.02480	0.00810	0.00709
24	0.01515	0.00758	0.01136	0.01136	0.01136	0.00758	0.00758	0.01136	0.01136	0.01515	0.01515	0.02652	0.01515	0.03030	0.03409	0.74621	0.00758	0.00758	0.00379	0.00379
25	0.01205	0.00901	0.01143	0.01248	0.01443	0.00840	0.00987	0.01506	0.02003	0.02600	0.15091	0.21570	0.21377	0.02326	0.01111	0.00343	0.00581	0.22126	0.00831	0.00768
26	0.01246	0.00935	0.01402	0.01402	0.01558	0.01090	0.01090	0.01558	0.01402	0.02025	0.02336	0.03427	0.02181	0.06542	0.65888	0.01402	0.02336	0.00935	0.00467	0.00779
27	0.01647	0.01550	0.02616	0.67248	0.06008	0.01938	0.02422	0.02229	0.01744	0.02229	0.01550	0.02326	0.01163	0.00872	0.00872	0.00291	0.01163	0.00775	0.00388	0.00969
28	0.01251	0.00916	0.01308	0.01308	0.01432	0.01040	0.00974	0.01498	0.01374	0.01956	0.02422	0.03901	0.02386	0.19588	0.53124	0.01286	0.02027	0.01004	0.00480	0.00727
29	0.03258	0.04157	0.02472	0.02247	0.02697	0.65843	0.01685	0.03483	0.02472	0.02135	0.01348	0.01573	0.01124	0.00899	0.00787	0.00225	0.01573	0.00562	0.00449	0.01011
30	0.01310	0.01028	0.01524	0.01487	0.01628	0.01242	0.01169	0.01610	0.01396	0.02032	0.02222	0.03281	0.02081	0.06060	0.59824	0.01304	0.08630	0.00918	0.00459	0.00796
31	0.09834	0.01614	0.01889	0.01556	0.02082	0.01639	0.01275	0.19809	0.02814	0.23000	0.15411	0.03952	0.03378	0.01316	0.00906	0.00281	0.00736	0.06362	0.00917	0.01230
32	0.02146	0.23455	0.25674	0.02086	0.02860	0.02678	0.02228	0.09461	0.01978	0.02726	0.01430	0.01752	0.01163	0.00982	0.01197	0.00270	0.15660	0.00633	0.00432	0.01188
33	0.10363	0.01588	0.01747	0.01486	0.02001	0.01655	0.01184	0.09003	0.21384	0.19217	0.07566	0.03912	0.12578	0.01308	0.00878	0.00282	0.00670	0.01059	0.00890	0.01231
34	0.01268	0.00846	0.00951	0.00951	0.00951	0.00846	0.00529	0.01268	0.01268	0.01691	0.02748	0.05708	0.03171	0.69345	0.04440	0.00846	0.00846	0.01268	0.00529	0.00529
35	0.01809	0.01550	0.01809	0.01292	0.02067	0.01163	0.01034	0.02196	0.01809	0.02842	0.01550	0.01809	0.01292	0.00646	0.00646	0.00129	0.00646	0.00517	0.00517	0.74677
36	0.01388	0.00922	0.01108	0.01074	0.01325	0.00816	0.00793	0.01662	0.02112	0.08656	0.24962	0.17076	0.28073	0.04627	0.01160	0.00317	0.00487	0.01746	0.00873	0.00824
37	0.01268	0.00846	0.00951	0.00951	0.00951	0.00846	0.00529	0.01268	0.01268	0.01691	0.02748	0.05708	0.03171	0.69345	0.04440	0.00846	0.00846	0.01268	0.00529	0.00529
38	0.02965	0.02105	0.02243	0.01759	0.02354	0.02312	0.01440	0.48747	0.03629	0.05031	0.02250	0.02335	0.01640	0.01041	0.00818	0.00250	0.00845	0.00791	0.16102	0.01344
39	0.02245	0.01740	0.01912	0.01688	0.02120	0.01918	0.01307	0.23846	0.22970	0.03881	0.03409	0.22752	0.03183	0.01605	0.00951	0.00301	0.00731	0.01368	0.00859	0.01213
40	0.01227	0.01003	0.01097	0.01053	0.01345	0.00932	0.00796	0.01771	0.09271	0.02852	0.24619	0.07222	0.39724	0.01960	0.01013	0.00289	0.00462	0.01661	0.00864	0.00839
41	0.01225	0.00891	0.01152	0.01087	0.01297	0.00819	0.00815	0.01627	0.02446	0.03443	0.60831	0.06606	0.10877	0.01804	0.01029	0.00275	0.00413	0.01590	0.00953	0.00819
42	0.01063	0.00759	0.01012	0.01215	0.01265	0.00709	0.00810	0.01215	0.01670	0.02227	0.04808	0.68775	0.05769	0.02733	0.01113	0.00354	0.00506	0.02480	0.00810	0.00709
43	0.01314	0.00845	0.00901	0.00901	0.01016	0.00814	0.00578	0.01467	0.01566	0.02243	0.04039	0.05616	0.15465	0.37310	0.02718	0.00561	0.00646	0.01267	0.20087	0.00647
44	0.01329	0.00940	0.01027	0.01005	0.01316	0.00800	0.00768	0.01566	0.02018	0.08341	0.07854	0.11749	0.51099	0.02143	0.01030	0.00301	0.00493	0.04575	0.00836	0.00810
45	0.01268	0.00846	0.00951	0.00951	0.00951	0.00846	0.00529	0.01268	0.01268	0.01691	0.02748	0.05708	0.03171	0.69345	0.04440	0.00846	0.00846	0.01268	0.00529	0.00529
46	0.02170	0.01874	0.01972	0.01775	0.02268	0.02170	0.01381	0.04635	0.62327	0.03649	0.03550	0.03254	0.02663	0.01183	0.00888	0.00296	0.00690	0.00986	0.00888	0.01381
47	0.01147	0.00878	0.01023	0.01000	0.01216	0.00785	0.00728	0.01429	0.02122	0.02801	0.32666	0.09836	0.30398	0.08499	0.01361	0.00341	0.00470	0.01694	0.00851	0.00754
48	0.01226	0.00837	0.01011	0.01085	0.01117	0.00824	0.00688	0.01305	0.01447	0.01923	0.03481	0.23079	0.04047	0.45038	0.03236	0.00671	0.00750	0.07001	0.00630	0.00603
49	0.01031	0.00884	0.00884	0.00884	0.01178	0.00736	0.00663	0.01252	0.01988	0.02356	0.08837	0.08395	0.63549	0.02209	0.01031	0.00295	0.00442	0.01841	0.00810	0.00736
50	0.07736	0.01258	0.01419	0.01349	0.01685	0.01300	0.01048	0.02618	0.17424	0.08520	0.13692	0.11491	0.13178	0.05058	0.01138	0.00334	0.00617	0.08302	0.00841	0.00993
51	0.02661	0.01846	0.02025	0.01670	0.02231	0.01975	0.01341	0.24242	0.21547	0.13714	0.03921	0.03678	0.12653	0.01295	0.00905	0.00279	0.00753	0.01044	0.00899	0.01323
52	0.01545	0.01054	0.01227	0.01167	0.01464	0.00982	0.00876	0.04779	0.05661	0.09011	0.17246	0.19273	0.28382	0.02005	0.01016	0.00299	0.00519	0.01723	0.00873	0.00897
53	0.01072	0.00809	0.00963	0.01078	0.01206	0.00731	0.00733	0.01232	0.01739	0.02219	0.05966	0.42374	0.24977	0.08965	0.01406	0.00381	0.00517	0.02148	0.00783	0.00701
54	0.01203	0.00831	0.00957	0.01000	0.01038	0.00807	0.00600	0.01256	0.01421	0.01867	0.03762	0.19067	0.09520	0.49048	0.03421	0.00691	0.00736	0.01575	0.00614	0.00586
55	0.01538	0.01374	0.02056	0.01845	0.01971	0.01752	0.03977	0.01821	0.01405	0.02087	0.01849	0.02791	0.01742	0.04345	0.38625	0.00958	0.27695	0.00872	0.00433	0.00864
56	0.17818	0.02441	0.02186	0.02122	0.08137	0.16108	0.01522	0.12499	0.21887	0.03584	0.02178	0.02222	0.01666	0.00984	0.00789	0.00266	0.00954	0.00736	0.00674	0.01225
57	0.01360	0.01102	0.01621	0.01555	0.01684	0.01363	0.01231	0.01651	0.01390	0.02038	0.02131	0.03165	0.02002	0.05678	0.55026	0.01226	0.13610	0.00905	0.00453	0.00809
58	0.01038	0.00857	0.00911	0.00955	0.01197	0.00730	0.00694	0.01244	0.01920	0.02329	0.07972	0.21348	0.51154	0.02321	0.01049	0.00307	0.00456	0.01978	0.00810	0.00730
59	0.01062	0.00890	0.00927	0.00932	0.01217	0.00755	0.00709	0.01304	0.02019	0.02441	0.12071	0.08347	0.57200	0.02192	0.01039	0.00299	0.00458	0.04573	0.00819	0.00745
60	0.01106	0.00796	0.01054	0.01223	0.01309	0.00744	0.00854	0.01305	0.01786	0.02385	0.10581	0.55814	0.08061	0.02596	0.01110	0.00348	0.00519	0.06857	0.00824	0.00728
61	0.01179	0.00838	0.00948	0.00985	0.01058	0.00797	0.00609	0.01255	0.01499	0.01935	0.04455	0.17836	0.16836	0.42490	0.03086	0.00635	0.00695	0.01615	0.00641	0.00607
62	0.01224	0.00848	0.00956	0.00965	0.01016	0.00822	0.00576	0.01281	0.01441	0.01892	0.06456	0.09847	0.11364	0.53586	0.03644	0.00719	0.00753	0.01429	0.00602	0.00580
63	0.02395	0.09249	0.03915	0.09268	0.10763	0.20196	0.26234	0.02904	0.02109	0.02490	0.01560	0.02017	0.01239	0.00800	0.00882	0.00260	0.01369	0.00791	0.00431	0.01128
64	0.01297	0.01201	0.01108	0.01069	0.01356	0.07023	0.00802	0.01566	0.02157	0.02624	0.21950	0.07262	0.43529	0.01975	0.01007	0.00283	0.00543	0.01651	0.00813	0.00785
65	0.01344	0.00913	0.01145	0.01241	0.01402	0.00866	0.00890	0.01661	0.05131	0.06253	0.05094	0.42850	0.13498	0.06402	0.01281	0.00371	0.00571	0.07477	0.00814	0.00797
66	0.01213	0.00829	0.00962	0.01006	0.01030	0.00811	0.00596	0.01256	0.01389	0.01839	0.03478	0.19591	0.06522	0.51717	0.03557	0.00713	0.00753	0.01559	0.00603	0.00577
67	0.02029	0.02019	0.03636	0.04557	0.44905	0.01973	0.15166	0.02565	0.02002	0.02790	0.02360	0.02801	0.07350	0.00906	0.00916	0.00270	0.01074	0.00935	0.00470	0.01275
68	0.01097	0.00886	0.00975	0.00953	0.01219	0.00764	0.00715	0.01379	0.02144	0.02726	0.26503	0.07787	0.45653	0.02071	0.01030	0.00288	0.00432	0.01756	0.00859	0.00764
69	0.01182	0.00903	0.01040	0.01076	0.01280	0.00826	0.00812	0.01416	0.01893	0.02393	0.12382	0.07951	0.32612	0.16153	0.01776	0.00430	0.00600	0.13793	0.00766	0.00717
70	0.02199	0.01214	0.01412	0.01214	0.01650	0.01118	0.00959	0.05802	0.06073	0.22234	0.08365	0.05441	0.28602	0.01592	0.00924	0.00275	0.00576	0.01316	0.07970	0.01064
71	0.01823	0.01529	0.01663	0.01518	0.01919	0.01690	0.01170	0.03552	0.41342	0.03487	0.19267	0.04575	0.09913	0.01434	0.00937	0.00290	0.00596	0.01218	0.00899	0.01177
72	0.01451	0.01043	0.01173	0.01135	0.01411	0.00990	0.00833	0.01977	0.10298	0.07219	0.11556	0.16243	0.30585	0.08484	0.01340	0.00353	0.00545	0.01670	0.00828	0.00865
73	0.01310	0.00891	0.01185	0.01182	0.01308	0.00972	0.00860	0.01562	0.01488	0.02203	0.05590	0.04134	0.02744	0.21384	0.36981	0.01019	0.01564	0.01033	0.11868	0.00723
74	0.01882	0.02251	0.09447	0.02720	0.03278	0.04974	0.27228	0.02414	0.01762	0.02449	0.01710	0.02394	0.01432	0.02131	0.14873	0.00538	0.16147	0.00893	0.00427	0.01048
75	0.01372	0.01119	0.01631	0.02099	0.14386	0.01091	0.01304	0.01685	0.01868	0.02500	0.08033	0.24859	0.14030	0.02495	0.07291	0.00429	0.00827	0.11393	0.00706	0.00883
76	0.01112	0.00857	0.00975	0.00999	0.01188	0.00764	0.00704	0.01328	0.01926	0.02473	0.18432	0.18930	0.32892	0.11664	0.01525	0.00379	0.00504	0.01826	0.00801	0.00720
77	0.02159	0.02073	0.03541	0.05354	0.63903	0.02073	0.02677	0.02677	0.01986	0.02850	0.01641	0.02159	0.01382	0.00777	0.00864	0.00259	0.01036	0.00777	0.00432	0.01382
78	0.01788	0.02380	0.15993	0.02527	0.03058	0.02110	0.17598	0.02317	0.01645	0.02407	0.01625	0.02304	0.01383	0.02137	0.14073	0.00533	0.23820	0.00842	0.00411	0.01049
79	0.02243	0.01766	0.01981	0.01709	0.02112	0.05629	0.01366	0.26853	0.02609	0.03503	0.02175	0.02752	0.01822	0.03878	0.34468	0.00849	0.01708	0.00849	0.00638	0.01091
80	0.01780	0.01241	0.01387	0.01277	0.01525	0.01306	0.00897	0.02646	0.21290	0.08038	0.07020	0.04866	0.06557	0.33455	0.02580	0.00552	0.00738	0.01192	0.00735	0.00919
81	0.01492	0.01247	0.01719	0.02100	0.15090	0.01218	0.01303	0.02071	0.07849	0.02999	0.25025	0.08356	0.17295	0.01692	0.01000	0.00293	0.00622	0.06868	0.00786	0.00974
82	0.01759	0.01664	0.02818	0.53727	0.18655	0.01967	0.02478	0.02327	0.01797	0.02364	0.01570	0.02289	0.01211	0.00851	0.00870	0.00284	0.01135	0.00776	0.00397	0.01059
83	0.01204	0.00943	0.01102	0.01126	0.01342	0.00889	0.00819	0.01670	0.07825	0.02744	0.21567	0.25655	0.25580	0.02156	0.01041	0.00307	0.00477	0.01882	0.00857	0.00813
84	0.01272	0.00865	0.01214	0.01255	0.01370	0.00939	0.00922	0.01474	0.01464	0.02113	0.02837	0.16882	0.02917	0.08639	0.36753	0.08085	0.01538	0.01243	0.07504	0.00714
85	0.02029	0.10653	0.05146	0.01820	0.04846	0.02129	0.01449	0.03760	0.40588	0.03293	0.09079	0.03452	0.05661	0.01198	0.00862	0.00277	0.00726	0.00990	0.00781	0.01260
86	0.01361	0.01098	0.01600	0.01534	0.01656	0.01352	0.01206	0.01638	0.01384	0.02022	0.02150	0.03270	0.02048	0.08555	0.52211	0.01201	0.13541	0.00920	0.00455	0.00798
87	0.01041	0.00884	0.00898	0.00894	0.01184	0.00741	0.00671	0.01271	0.02012	0.02413	0.11536	0.08302	0.60815	0.02188	0.01031	0.00294	0.00440	0.01828	0.00817	0.00741
88	0.02681	0.02946	0.02189	0.02065	0.05179	0.35266	0.01505	0.12130	0.06137	0.02825	0.02824	0.08945	0.09109	0.01262	0.00870	0.00257	0.01164	0.00965	0.00618	0.01064
89	0.01884	0.03315	0.34942	0.09449	0.17261	0.02060	0.13256	0.02699	0.01903	0.02737	0.01616	0.02048	0.01210	0.00805	0.00876	0.00277	0.01254	0.00754	0.00397	0.01259
90	0.02009	0.01902	0.03224	0.17832	0.48326	0.01981	0.02549	0.02533	0.01938	0.02708	0.01799	0.02650	0.01553	0.00894	0.00886	0.00274	0.01048	0.04185	0.00445	0.01263
91	0.02239	0.01761	0.02595	0.03335	0.31626	0.01775	0.01888	0.08296	0.08342	0.09840	0.10579	0.06013	0.05546	0.01155	0.00908	0.00272	0.00832	0.01035	0.00691	0.01271
92	0.02362	0.02475	0.16546	0.09232	0.16240	0.01922	0.15089	0.03118	0.05645	0.15460	0.02126	0.02380	0.01525	0.00874	0.00897	0.00278	0.01116	0.00837	0.00576	0.01299
93	0.06532	0.02501	0.08948	0.13408	0.32434	0.10041	0.02371	0.08227	0.02167	0.02971	0.01602	0.02031	0.01274	0.00839	0.00834	0.00262	0.01118	0.00720	0.00469	0.01249
94	0.01196	0.00837	0.01070	0.01136	0.01187	0.00854	0.00743	0.01314	0.01429	0.01940	0.03333	0.25880	0.03806	0.33793	0.16773	0.00806	0.01060	0.01593	0.00607	0.00642
95	0.01357	0.00933	0.01146	0.01154	0.01250	0.00971	0.00777	0.04671	0.01573	0.02184	0.03056	0.17956	0.03342	0.33707	0.16733	0.00792	0.01079	0.01392	0.05234	0.00691

[dist]
# distance from previous block
# <min> <max>
0	18

# created by:
# /home/cegg/simao/soft/augustus-3.2.1/scripts/msa2prfl.pl ./align_prep/13512.fa
