[name]
unknown

[dist]
# distance from previous block
# <min> <max>
3	13

[block]
# block no. 0 follows, 18 sequences, length 6
# corresponding to MSA columns:
# 13-18
name=unknown_A
#
# <colnr> <probs for GDERKNQSTAVLIFYWHMCP>
#	G	D	E	R	K	N	Q	S	T	A	V	L	I	F	Y	W	H	M	C	P
0	0.01541	0.01172	0.01508	0.14865	0.02457	0.01225	0.01216	0.06343	0.02157	0.02933	0.09351	0.18985	0.17877	0.01817	0.00986	0.00304	0.00677	0.01567	0.12115	0.00904
1	0.01715	0.01243	0.01392	0.01304	0.01527	0.01266	0.00914	0.13974	0.02216	0.02912	0.04294	0.20917	0.12816	0.26556	0.02407	0.00534	0.00760	0.01638	0.00757	0.00859
2	0.01571	0.01138	0.01282	0.01238	0.01425	0.01139	0.00849	0.10392	0.02058	0.02692	0.04545	0.22387	0.14498	0.27761	0.02480	0.00548	0.00735	0.01709	0.00748	0.00806
3	0.01459	0.01049	0.01228	0.01187	0.01330	0.01075	0.00804	0.06208	0.01755	0.02324	0.03893	0.09302	0.12343	0.36849	0.14498	0.00824	0.01100	0.01398	0.00639	0.00735
4	0.01780	0.01400	0.01685	0.01485	0.01978	0.01245	0.01196	0.07926	0.02200	0.03084	0.03575	0.15277	0.06941	0.01671	0.00964	0.00275	0.00720	0.15398	0.00732	0.30467
5	0.01254	0.00905	0.01082	0.01137	0.01247	0.00838	0.00734	0.01374	0.01634	0.02177	0.04413	0.32282	0.10508	0.28518	0.02525	0.00557	0.00678	0.01893	0.00714	0.05530

[dist]
# distance from previous block
# <min> <max>
5	10

[block]
# block no. 1 follows, 18 sequences, length 11
# corresponding to MSA columns:
# 29-39
name=unknown_B
#
# <colnr> <probs for GDERKNQSTAVLIFYWHMCP>
#	G	D	E	R	K	N	Q	S	T	A	V	L	I	F	Y	W	H	M	C	P
0	0.01729	0.01682	0.07331	0.02076	0.09257	0.01507	0.01518	0.08303	0.07631	0.02962	0.03865	0.20198	0.09974	0.02870	0.14180	0.00560	0.01139	0.01457	0.00702	0.01062
1	0.17349	0.01762	0.01828	0.01574	0.02009	0.01993	0.01248	0.19305	0.08854	0.04049	0.02527	0.08296	0.02174	0.04480	0.01161	0.00318	0.05658	0.00966	0.13303	0.01146
2	0.01629	0.01239	0.01423	0.01340	0.01657	0.01235	0.01043	0.12072	0.02432	0.03161	0.11377	0.12222	0.25820	0.05586	0.07225	0.00457	0.00819	0.07506	0.00832	0.00928
3	0.02093	0.01208	0.01439	0.01202	0.01577	0.01063	0.00862	0.02321	0.01816	0.14706	0.02740	0.04069	0.02502	0.28982	0.02402	0.00493	0.00757	0.00993	0.09799	0.18977
4	0.01707	0.01219	0.01440	0.01380	0.01569	0.01276	0.00970	0.13343	0.02117	0.02847	0.03449	0.26017	0.03797	0.24870	0.09170	0.00648	0.00963	0.01630	0.00727	0.00860
5	0.01860	0.01029	0.01056	0.00992	0.01241	0.01057	0.00745	0.07730	0.02119	0.03534	0.02909	0.03498	0.02349	0.06116	0.00974	0.00271	0.00521	0.00889	0.60207	0.00903
6	0.02327	0.01830	0.02306	0.02488	0.14782	0.01907	0.01611	0.24808	0.02961	0.03989	0.08250	0.16065	0.09557	0.01587	0.00998	0.00299	0.00827	0.01364	0.00808	0.01236
7	0.02178	0.01672	0.02259	0.02784	0.22088	0.01737	0.01640	0.10859	0.08205	0.03690	0.08077	0.03183	0.02578	0.01083	0.00843	0.00260	0.00767	0.00933	0.23944	0.01221
8	0.07895	0.08634	0.22587	0.02256	0.03003	0.09262	0.02274	0.13704	0.02326	0.03279	0.01579	0.01903	0.01240	0.01072	0.01284	0.00297	0.14943	0.00695	0.00517	0.01248
9	0.09802	0.02168	0.14473	0.01604	0.02169	0.06418	0.01518	0.02441	0.02208	0.09427	0.19588	0.10370	0.11108	0.01547	0.00953	0.00295	0.00808	0.01284	0.00766	0.01052
10	0.02236	0.16693	0.16209	0.02336	0.09117	0.15254	0.01979	0.02694	0.02029	0.02505	0.02059	0.11172	0.01992	0.03698	0.00983	0.00281	0.01131	0.00925	0.00497	0.06208

[dist]
# distance from previous block
# <min> <max>
3	15

[block]
# block no. 2 follows, 18 sequences, length 80
# corresponding to MSA columns:
# 55-134
name=unknown_C
#
# <colnr> <probs for GDERKNQSTAVLIFYWHMCP>
#	G	D	E	R	K	N	Q	S	T	A	V	L	I	F	Y	W	H	M	C	P
0	0.02551	0.02878	0.10507	0.07343	0.08902	0.11261	0.17204	0.14384	0.05897	0.03429	0.01907	0.02242	0.01442	0.00912	0.00931	0.00277	0.01276	0.00839	0.00575	0.05242
1	0.02473	0.02493	0.06557	0.03659	0.22181	0.05720	0.15974	0.13517	0.07693	0.03520	0.02183	0.02822	0.01767	0.01006	0.00970	0.00293	0.01185	0.04021	0.00606	0.01361
2	0.02308	0.16551	0.09652	0.02085	0.02551	0.15421	0.01870	0.02783	0.05077	0.02448	0.04829	0.02268	0.01760	0.01578	0.05843	0.00376	0.20273	0.00752	0.00482	0.01096
3	0.02347	0.01574	0.01693	0.01553	0.01920	0.06835	0.01165	0.03097	0.14498	0.17668	0.10576	0.20748	0.04125	0.06325	0.01263	0.00352	0.00748	0.01483	0.00904	0.01126
4	0.01928	0.07869	0.06652	0.03325	0.18803	0.01959	0.19556	0.02473	0.02091	0.02874	0.09290	0.13531	0.03007	0.01270	0.00997	0.00297	0.01067	0.01260	0.00580	0.01171
5	0.02230	0.02142	0.03609	0.09368	0.49617	0.02189	0.05850	0.02974	0.07223	0.03025	0.01905	0.02398	0.01554	0.00860	0.00922	0.00281	0.01094	0.00852	0.00494	0.01412
6	0.02718	0.03000	0.02474	0.02564	0.10911	0.29353	0.01743	0.03852	0.23422	0.02944	0.02752	0.02793	0.05255	0.01115	0.00893	0.00273	0.01172	0.00862	0.00659	0.01244
7	0.02161	0.13869	0.20131	0.03717	0.22354	0.02444	0.16738	0.02861	0.02032	0.02822	0.01664	0.02102	0.01316	0.00816	0.00890	0.00274	0.01258	0.00793	0.00429	0.01329
8	0.01118	0.00848	0.01032	0.01162	0.01305	0.00762	0.00804	0.01316	0.01910	0.02461	0.09537	0.45365	0.23771	0.02647	0.01140	0.00348	0.00506	0.02345	0.00861	0.00762
9	0.01085	0.00930	0.00930	0.00930	0.01240	0.00775	0.00698	0.01318	0.02093	0.02480	0.09302	0.08837	0.61631	0.02325	0.01085	0.00310	0.00465	0.01938	0.00853	0.00775
10	0.03430	0.04376	0.02602	0.02365	0.02839	0.64045	0.01774	0.03666	0.02602	0.02247	0.01419	0.01656	0.01183	0.00946	0.00828	0.00237	0.01656	0.00591	0.00473	0.01064
11	0.02663	0.02624	0.10325	0.04005	0.33762	0.02417	0.02497	0.23163	0.02880	0.03999	0.01891	0.02209	0.01459	0.00927	0.00908	0.00276	0.01093	0.00805	0.00615	0.01482
12	0.01096	0.00889	0.00972	0.01039	0.01269	0.00766	0.00746	0.01306	0.01989	0.02438	0.07982	0.26970	0.44349	0.02497	0.01112	0.00330	0.00486	0.02147	0.00853	0.00766
13	0.02273	0.02182	0.03727	0.05636	0.62003	0.02182	0.02818	0.02818	0.02091	0.03000	0.01727	0.02273	0.01454	0.00818	0.00909	0.00273	0.01091	0.00818	0.00455	0.01454
14	0.05806	0.02306	0.03235	0.04552	0.44694	0.08377	0.02434	0.03032	0.07264	0.03039	0.02017	0.02701	0.01726	0.00961	0.00906	0.00281	0.01085	0.03701	0.00525	0.01361
15	0.02243	0.02151	0.03673	0.08967	0.58907	0.02174	0.02803	0.02792	0.02077	0.02963	0.01722	0.02282	0.01442	0.00824	0.00910	0.00275	0.01098	0.00818	0.00452	0.01430
16	0.03089	0.01971	0.02232	0.01847	0.02469	0.02116	0.01482	0.15874	0.31307	0.22086	0.03387	0.03083	0.02387	0.01183	0.00928	0.00296	0.00802	0.00960	0.00992	0.01509
17	0.03373	0.04267	0.02658	0.02528	0.05772	0.60978	0.01826	0.03624	0.02577	0.02284	0.01435	0.01686	0.01196	0.00940	0.00832	0.00238	0.01628	0.00603	0.00472	0.01084
18	0.02176	0.17337	0.23720	0.02724	0.03635	0.06098	0.18944	0.02851	0.01970	0.02644	0.01569	0.01988	0.01239	0.00909	0.01104	0.00285	0.08393	0.00766	0.00418	0.01229
19	0.01094	0.00895	0.00966	0.01023	0.01265	0.00767	0.00739	0.01307	0.02004	0.02444	0.08172	0.24365	0.46831	0.02472	0.01108	0.00327	0.00483	0.02117	0.00853	0.00767
20	0.01734	0.01632	0.02754	0.65524	0.06324	0.02040	0.02550	0.02346	0.01836	0.02346	0.01632	0.02448	0.01224	0.00918	0.00918	0.00306	0.01224	0.00816	0.00408	0.01020
21	0.01824	0.01604	0.02235	0.02836	0.19509	0.04904	0.01797	0.02384	0.05637	0.02699	0.03046	0.05283	0.02988	0.03024	0.17853	0.00642	0.01384	0.18660	0.00622	0.01067
22	0.01356	0.00987	0.01327	0.01513	0.01703	0.00958	0.01254	0.01701	0.02036	0.02631	0.05433	0.22174	0.12163	0.02583	0.01226	0.00399	0.00734	0.38158	0.00848	0.00816
23	0.01318	0.00959	0.01349	0.01349	0.01470	0.01079	0.00990	0.01559	0.01438	0.02038	0.02575	0.04247	0.02573	0.23094	0.48264	0.01320	0.02041	0.01077	0.00509	0.00750
24	0.03170	0.21400	0.03191	0.02154	0.02710	0.47952	0.01720	0.03422	0.02406	0.02224	0.01381	0.01607	0.01182	0.00903	0.00764	0.00226	0.01476	0.00565	0.00452	0.01095
25	0.02918	0.02470	0.02085	0.01827	0.02338	0.21610	0.01415	0.03823	0.17948	0.17698	0.06724	0.03573	0.09020	0.01277	0.00922	0.00279	0.00993	0.01000	0.00831	0.01248
26	0.01114	0.00819	0.01045	0.01226	0.01318	0.00750	0.00829	0.01284	0.01809	0.02365	0.05703	0.58305	0.14485	0.02793	0.01159	0.00363	0.00522	0.02508	0.00852	0.00750
27	0.02866	0.03472	0.02302	0.02128	0.02519	0.47290	0.01607	0.03127	0.02302	0.02216	0.01696	0.02176	0.01479	0.02529	0.17681	0.00567	0.01870	0.00696	0.00478	0.00999
28	0.01918	0.02522	0.21547	0.05259	0.13770	0.01682	0.02167	0.02701	0.05879	0.07297	0.18295	0.03883	0.06678	0.01253	0.00956	0.00289	0.00928	0.01080	0.00679	0.01219
29	0.02244	0.02260	0.04177	0.05165	0.46765	0.02219	0.17696	0.02851	0.02111	0.02984	0.01762	0.02327	0.01438	0.00806	0.00956	0.00283	0.01213	0.00889	0.00457	0.01397
30	0.02957	0.03593	0.02667	0.05890	0.02918	0.44285	0.01880	0.03205	0.02241	0.02243	0.01374	0.01794	0.01191	0.01121	0.01415	0.00284	0.18786	0.00660	0.00450	0.01046
31	0.02063	0.02003	0.10525	0.03093	0.25084	0.01586	0.01986	0.02581	0.02235	0.10497	0.14657	0.04300	0.12867	0.01318	0.00968	0.00286	0.00858	0.01159	0.00703	0.01230
32	0.03174	0.08240	0.02878	0.02640	0.09724	0.42607	0.01863	0.09719	0.05642	0.02805	0.01652	0.01867	0.01340	0.00953	0.00836	0.00246	0.01423	0.00660	0.00539	0.01193
33	0.01670	0.01390	0.01822	0.02185	0.11727	0.01448	0.01395	0.02610	0.18453	0.02919	0.04340	0.30257	0.07243	0.02015	0.01065	0.00340	0.00704	0.06533	0.00809	0.01074
34	0.01904	0.01632	0.01904	0.01360	0.02176	0.01224	0.01088	0.02312	0.01904	0.02992	0.01632	0.01904	0.01360	0.00680	0.00680	0.00136	0.00680	0.00544	0.00544	0.73344
35	0.01110	0.00832	0.01031	0.01190	0.01309	0.00753	0.00813	0.01288	0.01843	0.02379	0.06138	0.52326	0.20184	0.02737	0.01150	0.00357	0.00516	0.02439	0.00852	0.00753
36	0.01312	0.00984	0.01476	0.01476	0.01640	0.01148	0.01148	0.01640	0.01476	0.02131	0.02459	0.03607	0.02295	0.06886	0.64092	0.01476	0.02459	0.00984	0.00492	0.00820
37	0.01095	0.00892	0.00970	0.01032	0.01267	0.00767	0.00743	0.01306	0.01995	0.02440	0.08060	0.25904	0.45365	0.02487	0.01111	0.00328	0.00485	0.02135	0.00853	0.00767
38	0.01335	0.00890	0.01001	0.01001	0.01001	0.00890	0.00556	0.01335	0.01335	0.01780	0.02893	0.06009	0.03338	0.67731	0.04673	0.00890	0.00890	0.01335	0.00556	0.00556
39	0.02046	0.01105	0.01391	0.01244	0.01615	0.00970	0.00959	0.02372	0.02379	0.20468	0.24088	0.12416	0.21519	0.01888	0.01046	0.00302	0.00554	0.01619	0.00987	0.01032
40	0.02768	0.03226	0.02693	0.03087	0.19215	0.35923	0.01923	0.03219	0.05536	0.02572	0.02556	0.02767	0.08438	0.01088	0.00887	0.00259	0.01307	0.00837	0.00537	0.01161
41	0.02455	0.68284	0.04811	0.01571	0.02357	0.03633	0.01571	0.02749	0.01866	0.02160	0.01277	0.01473	0.01178	0.00786	0.00589	0.00196	0.00982	0.00491	0.00393	0.01178
42	0.02401	0.03124	0.12396	0.03012	0.09439	0.18203	0.11630	0.02873	0.01991	0.02529	0.01490	0.02013	0.01251	0.01106	0.01589	0.00314	0.22268	0.00778	0.00434	0.01159
43	0.03043	0.23998	0.06637	0.02136	0.02754	0.42073	0.01802	0.03343	0.02339	0.02257	0.01388	0.01615	0.01180	0.00893	0.00757	0.00227	0.01433	0.00565	0.00444	0.01116
44	0.01842	0.04749	0.62974	0.02617	0.03974	0.02132	0.03392	0.02908	0.01939	0.02908	0.01648	0.01939	0.01163	0.00872	0.00872	0.00291	0.01357	0.00678	0.00388	0.01357
45	0.02142	0.03543	0.30791	0.03784	0.23311	0.06482	0.11043	0.02935	0.02068	0.02897	0.01688	0.02107	0.01294	0.00845	0.00912	0.00284	0.01317	0.00777	0.00427	0.01352
46	0.02273	0.02182	0.03727	0.05636	0.62003	0.02182	0.02818	0.02818	0.02091	0.03000	0.01727	0.02273	0.01454	0.00818	0.00909	0.00273	0.01091	0.00818	0.00455	0.01454
47	0.01823	0.01723	0.02915	0.55604	0.15547	0.02063	0.02594	0.02424	0.01878	0.02454	0.01648	0.02419	0.01262	0.00901	0.00917	0.00300	0.01202	0.00816	0.00416	0.01092
48	0.02077	0.02169	0.03980	0.03728	0.18518	0.02309	0.25286	0.02602	0.01940	0.02729	0.02168	0.02742	0.05549	0.01115	0.01553	0.00325	0.18538	0.01001	0.00472	0.01199
49	0.01377	0.01000	0.01256	0.01348	0.01517	0.00971	0.01013	0.04636	0.02057	0.02710	0.10219	0.30033	0.11957	0.09744	0.01554	0.00423	0.00662	0.15878	0.00836	0.00809
50	0.01119	0.00799	0.01065	0.01278	0.01332	0.00746	0.00852	0.01278	0.01758	0.02344	0.05061	0.67132	0.06073	0.02877	0.01172	0.00373	0.00533	0.02610	0.00852	0.00746
51	0.02273	0.02182	0.03727	0.05636	0.62003	0.02182	0.02818	0.02818	0.02091	0.03000	0.01727	0.02273	0.01454	0.00818	0.00909	0.00273	0.01091	0.00818	0.00455	0.01454
52	0.10562	0.33756	0.03426	0.01805	0.02421	0.25781	0.01547	0.03032	0.02145	0.02485	0.04487	0.01825	0.01552	0.00910	0.00702	0.00226	0.01174	0.00590	0.00474	0.01100
53	0.01110	0.00834	0.01029	0.01186	0.01307	0.00754	0.00811	0.01289	0.01847	0.02380	0.06190	0.51603	0.20873	0.02730	0.01149	0.00356	0.00515	0.02431	0.00852	0.00754
54	0.01331	0.00906	0.01080	0.01080	0.01107	0.00933	0.00654	0.01386	0.01359	0.01839	0.02821	0.05611	0.03165	0.57652	0.14516	0.00987	0.01150	0.01277	0.00546	0.00600
55	0.01119	0.00799	0.01065	0.01278	0.01332	0.00746	0.00852	0.01278	0.01758	0.02344	0.05061	0.67132	0.06073	0.02877	0.01172	0.00373	0.00533	0.02610	0.00852	0.00746
56	0.01508	0.01284	0.01998	0.20649	0.10024	0.01424	0.01689	0.01915	0.01799	0.02405	0.03334	0.14566	0.07958	0.03057	0.17827	0.00633	0.01330	0.05083	0.00579	0.00938
57	0.74217	0.01776	0.01350	0.01207	0.01776	0.02060	0.00994	0.02699	0.01563	0.04120	0.01278	0.01492	0.00994	0.00852	0.00568	0.00284	0.00710	0.00497	0.00568	0.00994
58	0.02242	0.02234	0.03317	0.04419	0.40404	0.06589	0.02467	0.02671	0.01929	0.02712	0.01613	0.02229	0.01415	0.01312	0.04455	0.00360	0.17092	0.00807	0.00445	0.01287
59	0.01137	0.00812	0.01087	0.01300	0.01361	0.00762	0.00884	0.01310	0.01776	0.02365	0.05051	0.64222	0.06032	0.02859	0.01177	0.00375	0.00549	0.05338	0.00852	0.00751
60	0.02336	0.50629	0.04279	0.01795	0.02371	0.03415	0.01688	0.02606	0.01743	0.02173	0.01258	0.01616	0.01186	0.01004	0.01235	0.00251	0.18315	0.00574	0.00395	0.01132
61	0.01969	0.01447	0.01667	0.01456	0.01672	0.01597	0.01049	0.16883	0.02209	0.03002	0.05354	0.04550	0.02875	0.37663	0.06483	0.00684	0.06739	0.01149	0.00658	0.00894
62	0.01151	0.00822	0.01102	0.01315	0.01382	0.00773	0.00908	0.01334	0.01789	0.02380	0.05043	0.62117	0.06003	0.02847	0.01180	0.00377	0.00560	0.07311	0.00852	0.00755
63	0.02167	0.02477	0.05418	0.03870	0.04799	0.02322	0.58669	0.02941	0.02167	0.02941	0.01858	0.02477	0.01393	0.00774	0.01084	0.00310	0.01548	0.01084	0.00464	0.01238
64	0.74217	0.01776	0.01350	0.01207	0.01776	0.02060	0.00994	0.02699	0.01563	0.04120	0.01278	0.01492	0.00994	0.00852	0.00568	0.00284	0.00710	0.00497	0.00568	0.00994
65	0.01295	0.01033	0.01166	0.01287	0.01380	0.04240	0.00870	0.01452	0.01730	0.02235	0.04542	0.44167	0.08526	0.13835	0.07286	0.00545	0.00819	0.02103	0.00751	0.00740
66	0.03430	0.04376	0.02602	0.02365	0.02839	0.64045	0.01774	0.03666	0.02602	0.02247	0.01419	0.01656	0.01183	0.00946	0.00828	0.00237	0.01656	0.00591	0.00473	0.01064
67	0.02360	0.02010	0.02119	0.01884	0.02417	0.02319	0.01472	0.08289	0.56810	0.03964	0.03640	0.03349	0.02725	0.01237	0.00933	0.00309	0.00745	0.01025	0.00933	0.01460
68	0.02100	0.01626	0.01924	0.01384	0.02191	0.01235	0.01111	0.02503	0.01968	0.08261	0.01808	0.02012	0.01441	0.00720	0.00701	0.00149	0.00689	0.00578	0.00596	0.67004
69	0.01230	0.00870	0.01008	0.01071	0.01138	0.00829	0.00666	0.01316	0.01585	0.02061	0.04589	0.24372	0.13795	0.37909	0.03054	0.00643	0.00715	0.01808	0.00692	0.00648
70	0.03490	0.02572	0.02756	0.02113	0.02847	0.02847	0.01745	0.58942	0.04317	0.05787	0.02204	0.02204	0.01561	0.01102	0.00919	0.00276	0.01010	0.00827	0.00919	0.01561
71	0.02273	0.02182	0.03727	0.05636	0.62003	0.02182	0.02818	0.02818	0.02091	0.03000	0.01727	0.02273	0.01454	0.00818	0.00909	0.00273	0.01091	0.00818	0.00455	0.01454
72	0.01320	0.00952	0.01316	0.01316	0.01425	0.01061	0.00949	0.01537	0.01428	0.02014	0.02605	0.04414	0.02646	0.27326	0.44131	0.01279	0.01932	0.01102	0.00514	0.00731
73	0.01314	0.00976	0.01434	0.01434	0.01583	0.01125	0.01095	0.01613	0.01463	0.02100	0.02498	0.03819	0.02388	0.12261	0.58844	0.01424	0.02321	0.01015	0.00498	0.00797
74	0.01205	0.00905	0.01137	0.01290	0.01458	0.00837	0.00976	0.01456	0.01947	0.02490	0.06208	0.35512	0.21584	0.02630	0.01173	0.00368	0.00597	0.16595	0.00851	0.00781
75	0.02859	0.02100	0.02305	0.01890	0.02444	0.02288	0.01507	0.43581	0.03635	0.04870	0.02965	0.19500	0.02763	0.01575	0.00986	0.00301	0.00883	0.01302	0.00901	0.01344
76	0.01433	0.01115	0.01625	0.01961	0.08730	0.01137	0.01375	0.01785	0.01880	0.02523	0.04279	0.16881	0.09147	0.03531	0.17929	0.00667	0.01219	0.21188	0.00707	0.00887
77	0.02099	0.02045	0.03185	0.26929	0.35117	0.05595	0.02587	0.02644	0.02029	0.02706	0.01849	0.02750	0.01568	0.00957	0.00928	0.00291	0.01158	0.03861	0.00460	0.01241
78	0.03188	0.03452	0.02539	0.05793	0.02929	0.38192	0.01735	0.19611	0.03025	0.03305	0.02210	0.02361	0.05500	0.01086	0.00877	0.00257	0.01359	0.00767	0.00626	0.01187
79	0.02557	0.02247	0.06641	0.04097	0.35408	0.02117	0.06289	0.05915	0.10396	0.11598	0.02300	0.02546	0.01742	0.00935	0.00925	0.00283	0.01040	0.00875	0.00635	0.01454

[dist]
# distance from previous block
# <min> <max>
0	1

[block]
# block no. 3 follows, 18 sequences, length 58
# corresponding to MSA columns:
# 136-193
name=unknown_D
#
# <colnr> <probs for GDERKNQSTAVLIFYWHMCP>
#	G	D	E	R	K	N	Q	S	T	A	V	L	I	F	Y	W	H	M	C	P
0	0.02388	0.02458	0.03588	0.17480	0.04286	0.10540	0.22586	0.08883	0.12229	0.03150	0.02100	0.02494	0.01582	0.00944	0.00969	0.00296	0.01294	0.00922	0.00578	0.01233
1	0.01565	0.01494	0.01962	0.24893	0.09303	0.04738	0.01640	0.01967	0.02027	0.02472	0.05338	0.05477	0.30448	0.01590	0.00993	0.00301	0.00867	0.01347	0.00631	0.00948
2	0.02932	0.01684	0.02037	0.01624	0.02259	0.01576	0.01298	0.12814	0.07738	0.25816	0.03119	0.11252	0.02493	0.01266	0.00900	0.00262	0.00758	0.01054	0.00905	0.18210
3	0.02385	0.06782	0.03133	0.02365	0.02805	0.06448	0.11226	0.15618	0.02334	0.03153	0.01779	0.02344	0.01501	0.02146	0.12249	0.00514	0.20656	0.00851	0.00552	0.01158
4	0.09293	0.01786	0.02454	0.40130	0.04724	0.02150	0.02086	0.06571	0.15632	0.03093	0.02124	0.02564	0.01591	0.01000	0.00887	0.00303	0.01042	0.00836	0.00580	0.01153
5	0.01634	0.01641	0.06919	0.01553	0.02004	0.01456	0.01353	0.02764	0.21401	0.03026	0.05834	0.06755	0.24777	0.01884	0.01055	0.00333	0.00712	0.12997	0.00837	0.01067
6	0.01864	0.02138	0.09316	0.17378	0.04064	0.01985	0.20206	0.02745	0.09730	0.02787	0.02551	0.13485	0.02304	0.01271	0.01098	0.00322	0.03829	0.01221	0.00569	0.01135
7	0.01184	0.00850	0.01124	0.01234	0.01346	0.00789	0.00857	0.01443	0.02063	0.02829	0.25524	0.45286	0.07012	0.02514	0.01140	0.00342	0.00497	0.02266	0.00910	0.00789
8	0.14441	0.07763	0.21182	0.02834	0.06717	0.08538	0.20016	0.02944	0.02017	0.03010	0.01606	0.01989	0.01225	0.00837	0.00865	0.00283	0.01297	0.00761	0.00455	0.01222
9	0.03171	0.14347	0.08954	0.02050	0.02740	0.25024	0.01791	0.08577	0.06571	0.15078	0.02099	0.02125	0.01549	0.00985	0.00827	0.00254	0.01211	0.00703	0.00658	0.01286
10	0.02263	0.02208	0.03877	0.05480	0.56940	0.02194	0.07762	0.02829	0.02097	0.02995	0.01739	0.02291	0.01449	0.00814	0.00924	0.00276	0.01131	0.00842	0.00455	0.01435
11	0.01125	0.00943	0.00986	0.01007	0.01307	0.00804	0.00777	0.01377	0.02095	0.02507	0.08853	0.08990	0.55941	0.02347	0.01104	0.00321	0.00503	0.07379	0.00852	0.00782
12	0.02228	0.02378	0.02878	0.40550	0.14692	0.16866	0.02409	0.02739	0.02061	0.02430	0.01597	0.02230	0.01252	0.00908	0.00895	0.00284	0.01305	0.00763	0.00431	0.01102
13	0.02649	0.08794	0.26910	0.02638	0.07361	0.30884	0.02478	0.03242	0.02251	0.02557	0.01522	0.01799	0.01193	0.00897	0.00835	0.00258	0.01451	0.00635	0.00432	0.01216
14	0.01842	0.04749	0.62974	0.02617	0.03974	0.02132	0.03392	0.02908	0.01939	0.02908	0.01648	0.01939	0.01163	0.00872	0.00872	0.00291	0.01357	0.00678	0.00388	0.01357
15	0.01874	0.02176	0.11018	0.43141	0.19016	0.02085	0.02725	0.02531	0.01909	0.02574	0.01656	0.02339	0.01270	0.00889	0.00910	0.00296	0.01211	0.00798	0.00416	0.01166
16	0.02193	0.18007	0.15104	0.03933	0.34628	0.02456	0.02556	0.02774	0.02030	0.02815	0.04065	0.02212	0.01631	0.00864	0.00835	0.00259	0.01089	0.00750	0.00450	0.01347
17	0.01272	0.00881	0.01099	0.01158	0.01200	0.00894	0.00738	0.01371	0.01475	0.01994	0.03413	0.22345	0.03910	0.39650	0.13789	0.00848	0.01058	0.01625	0.00627	0.00653
18	0.01088	0.00921	0.00940	0.00954	0.01247	0.00773	0.00708	0.01315	0.02070	0.02471	0.09008	0.12870	0.57787	0.02364	0.01091	0.00314	0.00470	0.01984	0.00853	0.00773
19	0.03202	0.19303	0.03118	0.02180	0.02726	0.49934	0.01727	0.03452	0.02430	0.02227	0.01386	0.01613	0.01182	0.00909	0.00772	0.00227	0.01498	0.00568	0.00454	0.01091
20	0.30967	0.02745	0.02101	0.01813	0.02386	0.20717	0.01435	0.15744	0.07691	0.03910	0.01745	0.01871	0.01337	0.00971	0.00756	0.00270	0.01060	0.00647	0.00651	0.01183
21	0.01203	0.00859	0.01162	0.01375	0.01465	0.00818	0.00999	0.01424	0.01841	0.02438	0.05014	0.53871	0.05889	0.02797	0.01194	0.00385	0.00606	0.15040	0.00851	0.00769
22	0.03191	0.20860	0.03256	0.02053	0.02712	0.23886	0.01708	0.25017	0.03074	0.03607	0.01688	0.01821	0.01330	0.00964	0.00799	0.00241	0.01222	0.00656	0.00626	0.01289
23	0.01891	0.02138	0.12354	0.02897	0.20363	0.01704	0.01983	0.05514	0.07374	0.03233	0.13511	0.13005	0.03566	0.01382	0.00966	0.00290	0.00870	0.01229	0.00679	0.05053
24	0.02266	0.08324	0.45170	0.02432	0.03607	0.02396	0.02891	0.15986	0.02489	0.03532	0.01754	0.01971	0.01257	0.00920	0.00865	0.00281	0.01252	0.00701	0.00512	0.01393
25	0.03149	0.23319	0.03307	0.02066	0.02695	0.31446	0.01706	0.16300	0.02780	0.03048	0.01559	0.01729	0.01270	0.00934	0.00777	0.00233	0.01301	0.00616	0.00553	0.01215
26	0.02273	0.02182	0.03727	0.05636	0.62003	0.02182	0.02818	0.02818	0.02091	0.03000	0.01727	0.02273	0.01454	0.00818	0.00909	0.00273	0.01091	0.00818	0.00455	0.01454
27	0.02264	0.09350	0.07609	0.05013	0.51993	0.02332	0.02722	0.02816	0.02057	0.02905	0.01674	0.02167	0.01407	0.00818	0.00873	0.00266	0.01096	0.00775	0.00444	0.01419
28	0.01918	0.01801	0.02910	0.30453	0.28015	0.01979	0.02392	0.02589	0.05686	0.02719	0.02617	0.03116	0.07819	0.01048	0.00933	0.00293	0.01058	0.00950	0.00507	0.01197
29	0.01503	0.01265	0.01842	0.01732	0.01851	0.01604	0.01384	0.01796	0.01457	0.02153	0.02116	0.03169	0.01997	0.05440	0.47361	0.01181	0.19879	0.00934	0.00467	0.00870
30	0.01199	0.00935	0.01088	0.01050	0.01310	0.00824	0.00787	0.01539	0.02362	0.03120	0.37081	0.07784	0.33453	0.02087	0.01084	0.00299	0.00448	0.01790	0.00937	0.00824
31	0.01964	0.02659	0.19475	0.03985	0.34652	0.01927	0.02643	0.02610	0.02051	0.02900	0.02748	0.03560	0.07790	0.01137	0.00949	0.00295	0.01079	0.05762	0.00511	0.01305
32	0.17215	0.07670	0.24385	0.10595	0.03465	0.16662	0.02290	0.02957	0.01997	0.02882	0.01492	0.01818	0.01142	0.00886	0.00787	0.00273	0.01251	0.00627	0.00448	0.01157
33	0.02273	0.02182	0.03727	0.05636	0.62003	0.02182	0.02818	0.02818	0.02091	0.03000	0.01727	0.02273	0.01454	0.00818	0.00909	0.00273	0.01091	0.00818	0.00455	0.01454
34	0.01102	0.00865	0.00997	0.01103	0.01286	0.00761	0.00774	0.01298	0.01927	0.02413	0.07199	0.37745	0.34080	0.02599	0.01128	0.00341	0.00499	0.02271	0.00852	0.00761
35	0.02255	0.22055	0.13848	0.22554	0.04175	0.02491	0.08476	0.02842	0.01979	0.08540	0.01755	0.02143	0.01325	0.00877	0.00831	0.00269	0.01166	0.00736	0.00480	0.01203
36	0.01917	0.10247	0.54906	0.02673	0.06690	0.02268	0.03203	0.02889	0.01940	0.02846	0.01619	0.01914	0.01179	0.00862	0.00849	0.00282	0.01311	0.00669	0.00391	0.01346
37	0.01312	0.00984	0.01476	0.01476	0.01640	0.01148	0.01148	0.01640	0.01476	0.02131	0.02459	0.03607	0.02295	0.06886	0.64092	0.01476	0.02459	0.00984	0.00492	0.00820
38	0.01763	0.02829	0.26840	0.19800	0.09191	0.01882	0.02542	0.02608	0.04901	0.02898	0.10475	0.03175	0.05015	0.01103	0.00930	0.00295	0.01097	0.00940	0.00534	0.01184
39	0.02361	0.02631	0.01971	0.01839	0.02076	0.30607	0.01339	0.02529	0.01982	0.02116	0.02196	0.08815	0.02285	0.19889	0.06509	0.00530	0.07905	0.01022	0.00524	0.00874
40	0.01119	0.00799	0.01065	0.01278	0.01332	0.00746	0.00852	0.01278	0.01758	0.02344	0.05061	0.67132	0.06073	0.02877	0.01172	0.00373	0.00533	0.02610	0.00852	0.00746
41	0.02325	0.02472	0.03071	0.29065	0.25691	0.16574	0.02466	0.02825	0.02107	0.02560	0.01617	0.02199	0.01298	0.00888	0.00894	0.00278	0.01277	0.00764	0.00440	0.01188
42	0.02468	0.10133	0.02131	0.01565	0.02044	0.09889	0.01279	0.02996	0.07396	0.16980	0.13818	0.04949	0.12143	0.01518	0.00955	0.00288	0.00820	0.06652	0.00844	0.01132
43	0.03440	0.04070	0.02628	0.02323	0.02840	0.53669	0.01769	0.13038	0.02893	0.02847	0.01552	0.01749	0.01247	0.00973	0.00843	0.00243	0.01546	0.00631	0.00549	0.01149
44	0.01217	0.00899	0.01138	0.01155	0.01341	0.00819	0.00837	0.01545	0.02291	0.03132	0.38076	0.23671	0.16047	0.02219	0.01108	0.00315	0.00465	0.01963	0.00943	0.00819
45	0.02287	0.02524	0.02977	0.03117	0.16617	0.20559	0.12547	0.02677	0.02169	0.02581	0.02572	0.19891	0.02626	0.01412	0.00990	0.00296	0.01196	0.01291	0.00571	0.01101
46	0.02173	0.02371	0.04908	0.06951	0.18227	0.02277	0.43194	0.02887	0.02135	0.02929	0.01817	0.02428	0.01400	0.00791	0.01036	0.00301	0.01427	0.01010	0.00460	0.01279
47	0.01199	0.00851	0.01130	0.01324	0.01399	0.00811	0.00932	0.01389	0.01781	0.02363	0.04835	0.52095	0.05697	0.08560	0.01498	0.00427	0.00617	0.11520	0.00825	0.00746
48	0.01880	0.01434	0.01874	0.01693	0.01981	0.01669	0.01350	0.15359	0.02149	0.03010	0.02312	0.03161	0.02045	0.05139	0.44775	0.01115	0.06523	0.00934	0.00587	0.01010
49	0.03052	0.02275	0.02461	0.01977	0.02599	0.02510	0.01597	0.45787	0.09633	0.05131	0.02740	0.10992	0.02289	0.01354	0.00954	0.00292	0.00918	0.01086	0.00911	0.01442
50	0.02972	0.03293	0.02487	0.07795	0.03024	0.35459	0.01752	0.09463	0.18524	0.03050	0.02152	0.02266	0.01668	0.01041	0.00874	0.00267	0.01298	0.00757	0.00639	0.01217
51	0.01085	0.00930	0.00930	0.00930	0.01240	0.00775	0.00698	0.01318	0.02093	0.02480	0.09302	0.08837	0.61631	0.02325	0.01085	0.00310	0.00465	0.01938	0.00853	0.00775
52	0.20647	0.11395	0.40234	0.02130	0.03216	0.02289	0.02559	0.02835	0.01833	0.03134	0.01509	0.01769	0.01121	0.00857	0.00761	0.00278	0.01146	0.00610	0.00435	0.01242
53	0.19178	0.02281	0.02699	0.03511	0.29853	0.10341	0.02022	0.03048	0.07920	0.03228	0.02002	0.02685	0.01712	0.01006	0.00846	0.00285	0.01024	0.04549	0.00559	0.01253
54	0.07271	0.02033	0.05664	0.22144	0.29733	0.02051	0.02418	0.02952	0.05123	0.08949	0.01963	0.02402	0.01496	0.00907	0.00889	0.00287	0.01065	0.00811	0.00540	0.01302
55	0.01635	0.01182	0.01286	0.01186	0.01385	0.01191	0.00804	0.11140	0.02038	0.02650	0.04363	0.08561	0.16765	0.38411	0.03050	0.00629	0.00797	0.01442	0.00700	0.00787
56	0.02812	0.11694	0.03385	0.03722	0.30113	0.23014	0.02200	0.03208	0.02269	0.06771	0.01695	0.02019	0.01383	0.00879	0.00840	0.00251	0.01244	0.00706	0.00500	0.01295
57	0.02947	0.02166	0.02370	0.01908	0.02495	0.02363	0.01537	0.45447	0.03775	0.05072	0.06789	0.13256	0.02799	0.01449	0.00972	0.00293	0.00891	0.01179	0.00914	0.01379

[dist]
# distance from previous block
# <min> <max>
0	14

# created by:
# /home/cegg/simao/soft/augustus-3.2.1/scripts/msa2prfl.pl ./align_prep/13524.fa
