[name]
unknown

[dist]
# distance from previous block
# <min> <max>
0	13

[block]
# block no. 0 follows, 22 sequences, length 57
# corresponding to MSA columns:
# 13-69
name=unknown_A
#
# <colnr> <probs for GDERKNQSTAVLIFYWHMCP>
#	G	D	E	R	K	N	Q	S	T	A	V	L	I	F	Y	W	H	M	C	P
0	0.01569	0.01284	0.01993	0.02678	0.22275	0.01284	0.01728	0.01988	0.01906	0.02559	0.03486	0.07018	0.03666	0.01795	0.01043	0.00339	0.00836	0.40959	0.00651	0.00942
1	0.01422	0.01224	0.01666	0.10109	0.02148	0.01468	0.01283	0.01948	0.08939	0.02182	0.03020	0.03679	0.11409	0.06791	0.26258	0.00716	0.13378	0.00994	0.00521	0.00845
2	0.01012	0.00723	0.00964	0.01157	0.01205	0.00675	0.00771	0.01157	0.01591	0.02121	0.04579	0.70262	0.05495	0.02603	0.01060	0.00337	0.00482	0.02362	0.00771	0.00675
3	0.01183	0.00795	0.00914	0.00938	0.00945	0.00789	0.00538	0.01201	0.01257	0.01676	0.02870	0.13775	0.03338	0.62032	0.03821	0.00745	0.00764	0.01356	0.00538	0.00525
4	0.01166	0.00849	0.01097	0.01035	0.01235	0.00780	0.00776	0.01550	0.02329	0.03279	0.62440	0.06292	0.10616	0.01718	0.00980	0.00262	0.00393	0.01515	0.00908	0.00780
5	0.02066	0.01785	0.01878	0.01691	0.02160	0.02066	0.01315	0.04414	0.64121	0.03475	0.03381	0.03099	0.02536	0.01127	0.00845	0.00282	0.00657	0.00939	0.00845	0.01315
6	0.01176	0.00849	0.01110	0.01045	0.01241	0.00784	0.00784	0.01568	0.02352	0.03331	0.65184	0.06206	0.07839	0.01698	0.00980	0.00261	0.00392	0.01502	0.00914	0.00784
7	0.76672	0.01607	0.01221	0.01092	0.01607	0.01864	0.00900	0.02442	0.01414	0.03727	0.01157	0.01350	0.00900	0.00771	0.00514	0.00257	0.00643	0.00450	0.00514	0.00900
8	0.03158	0.02327	0.02493	0.01911	0.02576	0.02576	0.01579	0.62852	0.03906	0.05236	0.01995	0.01995	0.01413	0.00997	0.00831	0.00249	0.00914	0.00748	0.00831	0.01413
9	0.01665	0.01475	0.01916	0.01734	0.01925	0.01864	0.01391	0.02523	0.19747	0.02407	0.02170	0.02712	0.01868	0.03070	0.25391	0.00688	0.25104	0.00848	0.00534	0.00968
10	0.02414	0.02460	0.03146	0.03952	0.39960	0.15997	0.06276	0.10477	0.02254	0.02890	0.01567	0.01942	0.01272	0.00795	0.00819	0.00242	0.01114	0.00714	0.00469	0.01240
11	0.01208	0.00805	0.00906	0.00906	0.00906	0.00805	0.00503	0.01208	0.01208	0.01611	0.02618	0.05436	0.03020	0.70804	0.04228	0.00805	0.00805	0.01208	0.00503	0.00503
12	0.02221	0.71304	0.04353	0.01421	0.02132	0.03287	0.01421	0.02488	0.01688	0.01955	0.01155	0.01333	0.01066	0.00711	0.00533	0.00178	0.00888	0.00444	0.00355	0.01066
13	0.01789	0.19067	0.52801	0.02159	0.03273	0.02229	0.02706	0.02599	0.01739	0.02482	0.01417	0.01661	0.01055	0.00772	0.00733	0.00244	0.01153	0.00576	0.00352	0.01192
14	0.01012	0.00723	0.00964	0.01157	0.01205	0.00675	0.00771	0.01157	0.01591	0.02121	0.04579	0.70262	0.05495	0.02603	0.01060	0.00337	0.00482	0.02362	0.00771	0.00675
15	0.00982	0.00842	0.00842	0.00842	0.01122	0.00701	0.00631	0.01192	0.01894	0.02244	0.08416	0.07995	0.65285	0.02104	0.00982	0.00281	0.00421	0.01753	0.00771	0.00701
16	0.01844	0.03061	0.33562	0.07107	0.32796	0.01946	0.02786	0.02566	0.01814	0.02643	0.01524	0.01920	0.01179	0.00768	0.00807	0.00256	0.01109	0.00680	0.00380	0.01253
17	0.01458	0.01442	0.05312	0.01847	0.02118	0.01502	0.11574	0.01795	0.01433	0.02057	0.01944	0.03044	0.01836	0.12737	0.32915	0.00859	0.13965	0.00904	0.00429	0.00828
18	0.01050	0.00849	0.00936	0.00929	0.01183	0.00736	0.00706	0.01316	0.02013	0.02538	0.22910	0.07601	0.47353	0.02009	0.00990	0.00281	0.00431	0.04634	0.00808	0.00726
19	0.02221	0.71304	0.04353	0.01421	0.02132	0.03287	0.01421	0.02488	0.01688	0.01955	0.01155	0.01333	0.01066	0.00711	0.00533	0.00178	0.00888	0.00444	0.00355	0.01066
20	0.02312	0.17078	0.02889	0.02606	0.18614	0.15875	0.01716	0.03296	0.21961	0.02656	0.02003	0.02122	0.01604	0.00882	0.00753	0.00237	0.00966	0.00699	0.00542	0.01189
21	0.01858	0.02832	0.28106	0.03829	0.37887	0.01908	0.02676	0.02526	0.01809	0.02641	0.01569	0.02000	0.01252	0.01044	0.04271	0.00310	0.01146	0.00698	0.00389	0.01251
22	0.01841	0.18702	0.41859	0.02361	0.03406	0.02259	0.13282	0.02605	0.01776	0.02487	0.01451	0.01748	0.01092	0.00756	0.00767	0.00247	0.01184	0.00642	0.00364	0.01173
23	0.01208	0.00805	0.00906	0.00906	0.00906	0.00805	0.00503	0.01208	0.01208	0.01611	0.02618	0.05436	0.03020	0.70804	0.04228	0.00805	0.00805	0.01208	0.00503	0.00503
24	0.01818	0.01818	0.02545	0.02181	0.02181	0.02545	0.01818	0.01999	0.01272	0.01999	0.01091	0.01818	0.01091	0.01454	0.02726	0.00364	0.69284	0.00727	0.00364	0.00909
25	0.01718	0.04942	0.01734	0.09991	0.02119	0.01523	0.01169	0.14903	0.02062	0.02694	0.03385	0.09420	0.12846	0.19311	0.01844	0.00417	0.04243	0.04193	0.00621	0.00865
26	0.01208	0.00805	0.00906	0.00906	0.00906	0.00805	0.00503	0.01208	0.01208	0.01611	0.02618	0.05436	0.03020	0.70804	0.04228	0.00805	0.00805	0.01208	0.00503	0.00503
27	0.01012	0.00723	0.00964	0.01157	0.01205	0.00675	0.00771	0.01157	0.01591	0.02121	0.04579	0.70262	0.05495	0.02603	0.01060	0.00337	0.00482	0.02362	0.00771	0.00675
28	0.01710	0.01549	0.02657	0.31904	0.25012	0.01700	0.05239	0.02113	0.01676	0.02262	0.01665	0.05560	0.01445	0.01145	0.01158	0.09988	0.01002	0.00829	0.00405	0.00981
29	0.02283	0.02374	0.02780	0.14697	0.32377	0.19260	0.02111	0.05759	0.02072	0.02583	0.01553	0.01983	0.01261	0.00811	0.00793	0.00241	0.01109	0.00688	0.04130	0.01134
30	0.02180	0.02482	0.15129	0.02023	0.07430	0.15045	0.01686	0.06484	0.06140	0.10035	0.02906	0.15541	0.06761	0.01304	0.00861	0.00267	0.00945	0.01080	0.00624	0.01076
31	0.76672	0.01607	0.01221	0.01092	0.01607	0.01864	0.00900	0.02442	0.01414	0.03727	0.01157	0.01350	0.00900	0.00771	0.00514	0.00257	0.00643	0.00450	0.00514	0.00900
32	0.01208	0.00805	0.00906	0.00906	0.00906	0.00805	0.00503	0.01208	0.01208	0.01611	0.02618	0.05436	0.03020	0.70804	0.04228	0.00805	0.00805	0.01208	0.00503	0.00503
33	0.02907	0.02009	0.04867	0.01751	0.02374	0.02043	0.01469	0.27229	0.21873	0.20309	0.02729	0.02538	0.01908	0.01036	0.00835	0.00262	0.00795	0.00823	0.00866	0.01375
34	0.01784	0.01704	0.03048	0.03708	0.35811	0.01722	0.12866	0.02257	0.01741	0.02474	0.01778	0.02444	0.01529	0.02345	0.20431	0.00572	0.01425	0.00827	0.00423	0.01112
35	0.01272	0.00908	0.01262	0.01453	0.01615	0.00898	0.01222	0.01605	0.01846	0.02411	0.04436	0.21888	0.04928	0.02358	0.01130	0.00373	0.00707	0.48176	0.00766	0.00746
36	0.02358	0.02011	0.02037	0.01761	0.02272	0.05405	0.01387	0.17241	0.47801	0.03792	0.02972	0.02777	0.02216	0.01085	0.00837	0.00271	0.00756	0.00877	0.00822	0.01319
37	0.01105	0.00869	0.01018	0.01084	0.01317	0.00782	0.00865	0.01375	0.01909	0.02379	0.10547	0.12357	0.39336	0.02169	0.01037	0.00314	0.00528	0.19507	0.00779	0.00724
38	0.01961	0.02241	0.04902	0.03501	0.04342	0.02101	0.62605	0.02661	0.01961	0.02661	0.01681	0.02241	0.01261	0.00700	0.00980	0.00280	0.01401	0.00980	0.00420	0.01120
39	0.00982	0.00842	0.00842	0.00842	0.01122	0.00701	0.00631	0.01192	0.01894	0.02244	0.08416	0.07995	0.65285	0.02104	0.00982	0.00281	0.00421	0.01753	0.00771	0.00701
40	0.76672	0.01607	0.01221	0.01092	0.01607	0.01864	0.00900	0.02442	0.01414	0.03727	0.01157	0.01350	0.00900	0.00771	0.00514	0.00257	0.00643	0.00450	0.00514	0.00900
41	0.02666	0.03768	0.18844	0.02267	0.02950	0.39982	0.06091	0.08986	0.02329	0.02544	0.01434	0.01662	0.01112	0.00843	0.00783	0.00234	0.01365	0.00606	0.00448	0.01085
42	0.57844	0.01791	0.01547	0.01302	0.01855	0.02046	0.01074	0.17914	0.02052	0.04114	0.01371	0.01515	0.01031	0.00829	0.00595	0.00255	0.00712	0.00526	0.00595	0.01031
43	0.02435	0.02193	0.02190	0.02064	0.07307	0.10458	0.01507	0.16849	0.38280	0.03616	0.02670	0.02574	0.02009	0.01034	0.00828	0.00263	0.00846	0.00831	0.00755	0.01292
44	0.01187	0.00890	0.01335	0.01335	0.01483	0.01038	0.01038	0.01483	0.01335	0.01928	0.02225	0.03264	0.02077	0.06231	0.67512	0.01335	0.02225	0.00890	0.00445	0.00742
45	0.01210	0.01775	0.18613	0.01299	0.01816	0.01051	0.01323	0.01664	0.01958	0.02591	0.19198	0.05913	0.35157	0.01659	0.00929	0.00272	0.00632	0.01390	0.00690	0.00862
46	0.01723	0.01477	0.01723	0.01230	0.01969	0.01107	0.00984	0.02092	0.01723	0.02707	0.01477	0.01723	0.01230	0.00615	0.00615	0.00123	0.00615	0.00492	0.00492	0.75883
47	0.02050	0.01992	0.03475	0.04991	0.61487	0.01982	0.06602	0.02557	0.01896	0.02710	0.01571	0.02069	0.01312	0.00737	0.00833	0.00249	0.01015	0.00756	0.00412	0.01303
48	0.01012	0.00723	0.00964	0.01157	0.01205	0.00675	0.00771	0.01157	0.01591	0.02121	0.04579	0.70262	0.05495	0.02603	0.01060	0.00337	0.00482	0.02362	0.00771	0.00675
49	0.01178	0.01012	0.01029	0.00995	0.01310	0.00948	0.00755	0.01774	0.13137	0.02467	0.07506	0.07110	0.53947	0.01927	0.00957	0.00281	0.00464	0.01606	0.00785	0.00812
50	0.01187	0.00890	0.01335	0.01335	0.01483	0.01038	0.01038	0.01483	0.01335	0.01928	0.02225	0.03264	0.02077	0.06231	0.67512	0.01335	0.02225	0.00890	0.00445	0.00742
51	0.02163	0.11125	0.02734	0.20478	0.14831	0.15592	0.01882	0.02981	0.15140	0.02479	0.01817	0.02113	0.01437	0.00867	0.00777	0.00247	0.01042	0.00702	0.00489	0.01105
52	0.02178	0.02379	0.02148	0.02230	0.10235	0.27681	0.01546	0.02456	0.01828	0.02161	0.01626	0.02177	0.01433	0.02310	0.18068	0.00525	0.11909	0.00697	0.05481	0.00931
53	0.02376	0.16939	0.03172	0.11513	0.24213	0.08911	0.01970	0.15850	0.02309	0.02964	0.01532	0.01853	0.01233	0.00814	0.00756	0.00233	0.01016	0.00658	0.00488	0.01198
54	0.07645	0.06792	0.11628	0.02108	0.05731	0.32675	0.01749	0.12068	0.02383	0.02838	0.05584	0.01927	0.01562	0.00904	0.00759	0.00232	0.01183	0.00642	0.00511	0.01077
55	0.12281	0.08666	0.02390	0.02124	0.07329	0.40392	0.01537	0.03216	0.09970	0.02481	0.01545	0.01713	0.01253	0.00859	0.00719	0.00228	0.01192	0.00584	0.00485	0.01036
56	0.11224	0.03059	0.10148	0.01768	0.02278	0.37023	0.01502	0.02673	0.02067	0.02357	0.02813	0.02896	0.14712	0.01103	0.00776	0.00240	0.01132	0.00794	0.00501	0.00934

[dist]
# distance from previous block
# <min> <max>
0	16

[block]
# block no. 1 follows, 22 sequences, length 89
# corresponding to MSA columns:
# 86-174
name=unknown_B
#
# <colnr> <probs for GDERKNQSTAVLIFYWHMCP>
#	G	D	E	R	K	N	Q	S	T	A	V	L	I	F	Y	W	H	M	C	P
0	0.02053	0.02634	0.16023	0.02793	0.19243	0.12680	0.05198	0.05559	0.09064	0.02678	0.02368	0.02730	0.06754	0.05379	0.01044	0.00289	0.01045	0.00829	0.00506	0.01131
1	0.01206	0.00846	0.01033	0.01113	0.01180	0.00832	0.00724	0.04777	0.01591	0.02123	0.03738	0.43488	0.04386	0.26484	0.02161	0.00497	0.00621	0.01862	0.00681	0.00658
2	0.01012	0.00723	0.00964	0.01157	0.01205	0.00675	0.00771	0.01157	0.01591	0.02121	0.04579	0.70262	0.05495	0.02603	0.01060	0.00337	0.00482	0.02362	0.00771	0.00675
3	0.01976	0.02309	0.11526	0.04290	0.42499	0.02023	0.14361	0.02553	0.01855	0.02656	0.01552	0.02042	0.01260	0.00776	0.00949	0.00261	0.04691	0.00771	0.00403	0.01245
4	0.11172	0.02178	0.13571	0.23672	0.26474	0.01918	0.04531	0.02423	0.01740	0.02643	0.01478	0.01972	0.01153	0.00779	0.00786	0.00261	0.01037	0.00691	0.00401	0.01121
5	0.01352	0.00892	0.01141	0.01054	0.01295	0.00808	0.00799	0.01715	0.02296	0.08125	0.53228	0.06165	0.14572	0.01697	0.00969	0.00263	0.00420	0.01481	0.00906	0.00823
6	0.02250	0.06187	0.03247	0.04371	0.50942	0.13622	0.02320	0.02682	0.01962	0.02551	0.01491	0.01917	0.01259	0.00759	0.00793	0.00237	0.01072	0.00687	0.00411	0.01240
7	0.01166	0.00863	0.01166	0.01166	0.01294	0.00938	0.00854	0.01378	0.01373	0.01889	0.03097	0.04397	0.10220	0.21805	0.43420	0.01071	0.01646	0.01077	0.00500	0.00677
8	0.01208	0.00805	0.00906	0.00906	0.00906	0.00805	0.00503	0.01208	0.01208	0.01611	0.02618	0.05436	0.03020	0.70804	0.04228	0.00805	0.00805	0.01208	0.00503	0.00503
9	0.01753	0.01591	0.02264	0.43901	0.04400	0.01928	0.01939	0.02973	0.24839	0.02624	0.02183	0.02543	0.01638	0.00941	0.00836	0.00279	0.00940	0.00813	0.00546	0.01068
10	0.01192	0.00870	0.01235	0.01235	0.01349	0.00984	0.00914	0.01419	0.01306	0.01855	0.02316	0.03769	0.02296	0.21240	0.52802	0.01212	0.01895	0.00964	0.00459	0.00686
11	0.02051	0.01989	0.03461	0.05006	0.62049	0.01981	0.06052	0.02556	0.01896	0.02711	0.01570	0.02067	0.01313	0.00738	0.00832	0.00249	0.01011	0.00754	0.00412	0.01305
12	0.02580	0.02541	0.02600	0.02907	0.21879	0.19560	0.01830	0.16452	0.15244	0.03246	0.01957	0.02108	0.01522	0.00907	0.00810	0.00246	0.01039	0.00728	0.00598	0.01243
13	0.02857	0.23930	0.03032	0.01816	0.02438	0.18410	0.01537	0.29965	0.02851	0.03456	0.01565	0.01672	0.01224	0.00875	0.00720	0.00219	0.01047	0.00603	0.00588	0.01198
14	0.01006	0.00746	0.00940	0.01095	0.01189	0.00680	0.00744	0.01164	0.01650	0.02145	0.05332	0.58043	0.17228	0.02505	0.01045	0.00326	0.00470	0.02242	0.00771	0.00680
15	0.02254	0.29936	0.02850	0.01556	0.02058	0.13895	0.01320	0.12727	0.02241	0.02699	0.08412	0.12060	0.02471	0.01164	0.00746	0.00228	0.00890	0.00902	0.00568	0.01021
16	0.01932	0.05997	0.17017	0.04106	0.45303	0.01980	0.02520	0.02505	0.01820	0.02613	0.01563	0.02020	0.01288	0.01055	0.04515	0.00307	0.01103	0.00706	0.00397	0.01252
17	0.01522	0.13244	0.01956	0.01403	0.01622	0.04620	0.01122	0.01749	0.01416	0.01892	0.01945	0.03060	0.01911	0.15236	0.35731	0.00896	0.08627	0.00833	0.00430	0.00786
18	0.01200	0.00836	0.01061	0.01061	0.01115	0.00890	0.00697	0.01308	0.01254	0.01726	0.02476	0.04650	0.02679	0.47436	0.27130	0.00997	0.01319	0.01093	0.00482	0.00590
19	0.01908	0.23240	0.32636	0.02475	0.06938	0.02360	0.14263	0.02590	0.01783	0.02445	0.01435	0.01745	0.01113	0.00746	0.00754	0.00241	0.01149	0.00644	0.00369	0.01165
20	0.02031	0.01948	0.03327	0.08388	0.62530	0.01967	0.02537	0.02528	0.01880	0.02684	0.01558	0.02064	0.01305	0.00745	0.00823	0.00248	0.00993	0.00740	0.00409	0.01296
21	0.03606	0.01378	0.01864	0.01439	0.02056	0.01196	0.01185	0.03931	0.02342	0.62683	0.03246	0.02843	0.02060	0.01025	0.00821	0.00254	0.00689	0.00832	0.05172	0.01378
22	0.02345	0.39837	0.03526	0.01932	0.05948	0.17835	0.01598	0.02598	0.01782	0.02025	0.01197	0.01496	0.01086	0.00874	0.00976	0.00222	0.12787	0.00531	0.00377	0.01030
23	0.01049	0.00755	0.00937	0.01066	0.01133	0.00705	0.00699	0.01172	0.01550	0.02031	0.04656	0.49154	0.12466	0.16552	0.01701	0.00426	0.00541	0.02049	0.00716	0.00643
24	0.01017	0.00843	0.00890	0.00878	0.01144	0.00716	0.00659	0.01260	0.01976	0.02441	0.18680	0.07671	0.54898	0.02031	0.00981	0.00277	0.00416	0.01708	0.00797	0.00716
25	0.01050	0.00752	0.00998	0.01131	0.01213	0.00700	0.00774	0.01252	0.01766	0.02400	0.18553	0.55492	0.06035	0.02394	0.01042	0.00320	0.00461	0.02164	0.00804	0.00700
26	0.02927	0.02168	0.02316	0.01817	0.02430	0.02407	0.01488	0.51985	0.11313	0.04891	0.02210	0.02197	0.01595	0.01012	0.00818	0.00250	0.00851	0.00773	0.05188	0.01363
27	0.01818	0.01818	0.02545	0.02181	0.02181	0.02545	0.01818	0.01999	0.01272	0.01999	0.01091	0.01818	0.01091	0.01454	0.02726	0.00364	0.69284	0.00727	0.00364	0.00909
28	0.07864	0.01613	0.02003	0.01545	0.02184	0.01537	0.01276	0.16035	0.02635	0.50031	0.02890	0.02570	0.01857	0.01007	0.00816	0.00255	0.00746	0.00795	0.00958	0.01384
29	0.76672	0.01607	0.01221	0.01092	0.01607	0.01864	0.00900	0.02442	0.01414	0.03727	0.01157	0.01350	0.00900	0.00771	0.00514	0.00257	0.00643	0.00450	0.00514	0.00900
30	0.03227	0.01303	0.01767	0.01393	0.01948	0.01135	0.01135	0.03562	0.02373	0.53861	0.15426	0.03490	0.03191	0.01160	0.00864	0.00258	0.00645	0.00966	0.01006	0.01290
31	0.76672	0.01607	0.01221	0.01092	0.01607	0.01864	0.00900	0.02442	0.01414	0.03727	0.01157	0.01350	0.00900	0.00771	0.00514	0.00257	0.00643	0.00450	0.00514	0.00900
32	0.02124	0.01813	0.01911	0.01702	0.02182	0.02093	0.01329	0.07489	0.60953	0.03568	0.03308	0.03041	0.02477	0.01120	0.00845	0.00280	0.00671	0.00929	0.00845	0.01320
33	0.02066	0.01785	0.01878	0.01691	0.02160	0.02066	0.01315	0.04414	0.64121	0.03475	0.03381	0.03099	0.02536	0.01127	0.00845	0.00282	0.00657	0.00939	0.00845	0.01315
34	0.01107	0.00797	0.00927	0.00969	0.01061	0.00748	0.00626	0.01227	0.01566	0.02047	0.10555	0.22441	0.17572	0.31898	0.02405	0.00520	0.00600	0.01646	0.00670	0.00617
35	0.01732	0.03836	0.52700	0.02622	0.03763	0.01968	0.16408	0.02638	0.01800	0.02638	0.01533	0.01863	0.01099	0.00769	0.00832	0.00267	0.01266	0.00696	0.00366	0.01204
36	0.20268	0.00982	0.00886	0.00854	0.01127	0.01046	0.00660	0.02062	0.01660	0.03254	0.02323	0.02662	0.01823	0.00919	0.00564	0.00209	0.00451	0.00693	0.56752	0.00806
37	0.01012	0.00723	0.00964	0.01157	0.01205	0.00675	0.00771	0.01157	0.01591	0.02121	0.04579	0.70262	0.05495	0.02603	0.01060	0.00337	0.00482	0.02362	0.00771	0.00675
38	0.01569	0.01477	0.02492	0.68808	0.05722	0.01846	0.02307	0.02123	0.01661	0.02123	0.01477	0.02215	0.01107	0.00831	0.00831	0.00277	0.01107	0.00738	0.00369	0.00923
39	0.01774	0.01599	0.02636	0.11972	0.38474	0.01645	0.02147	0.02241	0.01869	0.02570	0.02424	0.04326	0.02356	0.01230	0.00923	0.00292	0.00934	0.18976	0.00515	0.01097
40	0.02412	0.02672	0.02951	0.07566	0.39225	0.25920	0.02191	0.02807	0.02048	0.02432	0.01456	0.01861	0.01214	0.00788	0.00796	0.00236	0.01181	0.00665	0.00415	0.01165
41	0.02056	0.01974	0.03372	0.05099	0.65622	0.01974	0.02550	0.02550	0.01892	0.02714	0.01563	0.02056	0.01316	0.00740	0.00822	0.00247	0.00987	0.00740	0.00411	0.01316
42	0.02056	0.01974	0.03372	0.05099	0.65622	0.01974	0.02550	0.02550	0.01892	0.02714	0.01563	0.02056	0.01316	0.00740	0.00822	0.00247	0.00987	0.00740	0.00411	0.01316
43	0.01071	0.00870	0.00965	0.01013	0.01271	0.00765	0.00807	0.01324	0.01898	0.02304	0.07415	0.08338	0.50209	0.02152	0.01023	0.00306	0.00507	0.16275	0.00770	0.00717
44	0.01031	0.00744	0.00977	0.01130	0.01206	0.00689	0.00767	0.01210	0.01698	0.02277	0.12318	0.59699	0.08236	0.02469	0.01047	0.00326	0.00468	0.02229	0.00789	0.00689
45	0.01119	0.00953	0.00978	0.00966	0.01257	0.00871	0.00725	0.01593	0.09661	0.02391	0.07562	0.11014	0.53948	0.02011	0.00969	0.00284	0.00454	0.01687	0.00781	0.00777
46	0.01176	0.00849	0.01110	0.01045	0.01241	0.00784	0.00784	0.01568	0.02352	0.03331	0.65184	0.06206	0.07839	0.01698	0.00980	0.00261	0.00392	0.01502	0.00914	0.00784
47	0.01283	0.00972	0.01231	0.01082	0.01384	0.00847	0.00823	0.01671	0.02228	0.03209	0.52682	0.05326	0.06542	0.01486	0.00908	0.00234	0.00436	0.01304	0.00832	0.15521
48	0.03103	0.03959	0.02354	0.02140	0.02568	0.67469	0.01605	0.03317	0.02354	0.02033	0.01284	0.01498	0.01070	0.00856	0.00749	0.00214	0.01498	0.00535	0.00428	0.00963
49	0.02004	0.19025	0.02706	0.02082	0.11565	0.04453	0.03508	0.02653	0.12346	0.06487	0.03168	0.03228	0.14026	0.01160	0.00984	0.00255	0.07790	0.00904	0.00577	0.01078
50	0.02299	0.02435	0.03135	0.04411	0.50966	0.17198	0.02330	0.02728	0.01999	0.02556	0.01498	0.01926	0.01259	0.00767	0.00805	0.00239	0.01106	0.00693	0.00415	0.01234
51	0.01012	0.00723	0.00964	0.01157	0.01205	0.00675	0.00771	0.01157	0.01591	0.02121	0.04579	0.70262	0.05495	0.02603	0.01060	0.00337	0.00482	0.02362	0.00771	0.00675
52	0.01330	0.00951	0.01327	0.01504	0.01696	0.00947	0.01309	0.01713	0.01936	0.02531	0.07607	0.09204	0.04942	0.02263	0.01139	0.00376	0.00745	0.56942	0.00773	0.00766
53	0.06262	0.27749	0.03023	0.01819	0.02368	0.37042	0.01505	0.07061	0.02179	0.02305	0.01281	0.01466	0.01084	0.00810	0.00667	0.00206	0.01200	0.00513	0.00434	0.01028
54	0.03103	0.03959	0.02354	0.02140	0.02568	0.67469	0.01605	0.03317	0.02354	0.02033	0.01284	0.01498	0.01070	0.00856	0.00749	0.00214	0.01498	0.00535	0.00428	0.00963
55	0.01818	0.01818	0.02545	0.02181	0.02181	0.02545	0.01818	0.01999	0.01272	0.01999	0.01091	0.01818	0.01091	0.01454	0.02726	0.00364	0.69284	0.00727	0.00364	0.00909
56	0.01961	0.02241	0.04902	0.03501	0.04342	0.02101	0.62605	0.02661	0.01961	0.02661	0.01681	0.02241	0.01261	0.00700	0.00980	0.00280	0.01401	0.00980	0.00420	0.01120
57	0.01631	0.01180	0.01482	0.01515	0.01768	0.01219	0.01247	0.14139	0.02242	0.02960	0.03950	0.23028	0.04267	0.02105	0.01061	0.00344	0.00725	0.33482	0.00780	0.00876
58	0.01666	0.04297	0.66500	0.02368	0.03596	0.01929	0.03069	0.02631	0.01754	0.02631	0.01491	0.01754	0.01052	0.00789	0.00789	0.00263	0.01228	0.00614	0.00351	0.01228
59	0.01208	0.00805	0.00906	0.00906	0.00906	0.00805	0.00503	0.01208	0.01208	0.01611	0.02618	0.05436	0.03020	0.70804	0.04228	0.00805	0.00805	0.01208	0.00503	0.00503
60	0.03727	0.01414	0.01928	0.01478	0.02121	0.01221	0.01221	0.04049	0.02378	0.66198	0.03277	0.02828	0.02056	0.01028	0.00835	0.00257	0.00707	0.00835	0.01028	0.01414
61	0.01961	0.02533	0.12523	0.12374	0.03197	0.15444	0.09548	0.02397	0.01734	0.02207	0.01566	0.05383	0.01383	0.01376	0.05214	0.00349	0.18631	0.00795	0.00408	0.00976
62	0.01220	0.00871	0.01141	0.04641	0.01364	0.00943	0.00787	0.01353	0.01277	0.01750	0.02419	0.04500	0.02586	0.44332	0.26373	0.00964	0.01322	0.01071	0.00476	0.00610
63	0.01257	0.00898	0.01245	0.01437	0.01593	0.00886	0.01197	0.01581	0.01832	0.02395	0.04443	0.24544	0.04959	0.02372	0.01126	0.00371	0.00694	0.45661	0.00767	0.00742
64	0.06264	0.01578	0.02176	0.14929	0.02833	0.01844	0.05088	0.17068	0.02074	0.02945	0.01811	0.02422	0.01504	0.02737	0.23399	0.00633	0.08392	0.00788	0.00520	0.00993
65	0.02606	0.02032	0.02120	0.01743	0.02271	0.04664	0.01393	0.40082	0.13976	0.04291	0.02800	0.10959	0.04770	0.01261	0.00865	0.00266	0.00817	0.01017	0.00808	0.01256
66	0.02065	0.01411	0.01591	0.04537	0.01898	0.01519	0.01131	0.24928	0.02530	0.03615	0.02734	0.10318	0.02470	0.05350	0.01006	0.00288	0.00693	0.06814	0.24106	0.00997
67	0.03103	0.03959	0.02354	0.02140	0.02568	0.67469	0.01605	0.03317	0.02354	0.02033	0.01284	0.01498	0.01070	0.00856	0.00749	0.00214	0.01498	0.00535	0.00428	0.00963
68	0.01205	0.00884	0.01307	0.01307	0.01458	0.01025	0.01015	0.01506	0.01356	0.01987	0.02250	0.03255	0.02079	0.05966	0.64146	0.01278	0.02133	0.00884	0.04216	0.00743
69	0.01031	0.00738	0.00981	0.01144	0.01209	0.00687	0.00773	0.01205	0.01679	0.02262	0.11651	0.62787	0.05768	0.02497	0.01051	0.00329	0.00471	0.02261	0.00788	0.00687
70	0.01824	0.21893	0.47641	0.02163	0.03239	0.02294	0.05015	0.02594	0.01745	0.02454	0.01410	0.01662	0.01064	0.00765	0.00729	0.00241	0.01145	0.00584	0.00355	0.01181
71	0.01183	0.00950	0.01045	0.01007	0.01286	0.00869	0.00773	0.03972	0.04686	0.02701	0.21881	0.07170	0.42615	0.01927	0.00978	0.00280	0.00461	0.04624	0.00812	0.00780
72	0.01549	0.00774	0.00774	0.00774	0.00968	0.00774	0.00581	0.01936	0.01742	0.03097	0.02710	0.03097	0.02129	0.00968	0.00581	0.00194	0.00387	0.00774	0.75416	0.00774
73	0.02121	0.16636	0.22624	0.02681	0.17371	0.15599	0.02182	0.02641	0.01904	0.02372	0.01803	0.02053	0.04866	0.00853	0.00750	0.00233	0.01114	0.00660	0.00406	0.01131
74	0.02479	0.06149	0.01874	0.01578	0.01947	0.35408	0.01211	0.06229	0.02181	0.02614	0.01853	0.02117	0.01486	0.00899	0.00680	0.00207	0.01017	0.00632	0.28515	0.00924
75	0.01033	0.00739	0.00982	0.01143	0.01209	0.00688	0.00773	0.01208	0.01686	0.02272	0.12161	0.62248	0.05788	0.02490	0.01050	0.00328	0.00471	0.02254	0.00789	0.00688
76	0.16665	0.02197	0.09534	0.05910	0.02775	0.08816	0.14035	0.09889	0.02026	0.02984	0.02110	0.15248	0.01987	0.01159	0.00831	0.00274	0.00985	0.01016	0.00549	0.01010
77	0.02712	0.20380	0.02774	0.01887	0.02392	0.40642	0.01511	0.03292	0.12420	0.02252	0.01599	0.01722	0.01312	0.00865	0.00711	0.00216	0.01207	0.00579	0.00479	0.01047
78	0.01012	0.00723	0.00964	0.01157	0.01205	0.00675	0.00771	0.01157	0.01591	0.02121	0.04579	0.70262	0.05495	0.02603	0.01060	0.00337	0.00482	0.02362	0.00771	0.00675
79	0.01802	0.02022	0.10813	0.20216	0.35479	0.01818	0.02413	0.02357	0.01819	0.02530	0.01863	0.02911	0.01635	0.00950	0.00858	0.00272	0.01021	0.07643	0.00434	0.01143
80	0.02094	0.13093	0.14626	0.02894	0.11224	0.02168	0.26393	0.05678	0.01980	0.05683	0.01633	0.01984	0.01246	0.00748	0.00826	0.00246	0.01142	0.00762	0.00450	0.05129
81	0.06326	0.02574	0.02305	0.08596	0.02661	0.28867	0.05105	0.07043	0.02026	0.02456	0.01464	0.01880	0.01211	0.01065	0.01217	0.04057	0.12912	0.00655	0.06638	0.00943
82	0.01030	0.00843	0.00909	0.00892	0.01152	0.00722	0.00669	0.01286	0.02008	0.02515	0.22561	0.07549	0.50970	0.02003	0.00981	0.00276	0.00414	0.01691	0.00807	0.00722
83	0.01366	0.01104	0.01521	0.05377	0.01759	0.01323	0.01177	0.01599	0.01515	0.02207	0.02966	0.30081	0.03244	0.02294	0.07553	0.00417	0.19897	0.03881	0.09942	0.00777
84	0.01631	0.01782	0.09964	0.15459	0.06519	0.01665	0.01684	0.02670	0.21044	0.02641	0.03052	0.16682	0.05770	0.01371	0.00972	0.00292	0.03970	0.01171	0.00620	0.01043
85	0.01879	0.01093	0.01127	0.01008	0.01298	0.01144	0.00786	0.14450	0.02187	0.03536	0.02563	0.02871	0.01982	0.00974	0.00632	0.00205	0.00495	0.00769	0.60093	0.00905
86	0.01012	0.00723	0.00964	0.01157	0.01205	0.00675	0.00771	0.01157	0.01591	0.02121	0.04579	0.70262	0.05495	0.02603	0.01060	0.00337	0.00482	0.02362	0.00771	0.00675
87	0.02032	0.02036	0.03334	0.14348	0.47047	0.05616	0.08402	0.02539	0.01890	0.02582	0.01546	0.02067	0.01265	0.00756	0.00835	0.00253	0.01074	0.00752	0.00407	0.01218
88	0.01931	0.01749	0.02546	0.11536	0.29819	0.01894	0.01972	0.03072	0.23704	0.02886	0.02458	0.03133	0.02045	0.01034	0.00862	0.00276	0.00865	0.06411	0.00592	0.01214

[dist]
# distance from previous block
# <min> <max>
0	1

[block]
# block no. 2 follows, 22 sequences, length 10
# corresponding to MSA columns:
# 176-185
name=unknown_C
#
# <colnr> <probs for GDERKNQSTAVLIFYWHMCP>
#	G	D	E	R	K	N	Q	S	T	A	V	L	I	F	Y	W	H	M	C	P
0	0.02530	0.01774	0.02380	0.06556	0.19397	0.01868	0.01705	0.08723	0.23635	0.18504	0.02637	0.02607	0.01912	0.00971	0.00835	0.00263	0.00806	0.00832	0.00744	0.01324
1	0.01192	0.00870	0.01231	0.01231	0.01344	0.00982	0.00909	0.01417	0.01304	0.01852	0.02320	0.03789	0.02305	0.21839	0.52216	0.01207	0.01882	0.00967	0.00459	0.00684
2	0.02546	0.02962	0.19359	0.02281	0.09160	0.18824	0.01957	0.08253	0.05551	0.13516	0.05940	0.02275	0.01795	0.00935	0.00809	0.00247	0.01075	0.00729	0.00595	0.01192
3	0.02052	0.05381	0.02000	0.01806	0.10091	0.01463	0.01254	0.02766	0.13183	0.12935	0.08302	0.03201	0.08771	0.01042	0.00783	0.00220	0.00661	0.00874	0.00688	0.22525
4	0.01129	0.00772	0.00930	0.01008	0.01027	0.00752	0.00612	0.01187	0.01363	0.01818	0.03413	0.31743	0.04024	0.43128	0.02943	0.00615	0.00674	0.01676	0.00612	0.00573
5	0.01723	0.01477	0.01723	0.01230	0.01969	0.01107	0.00984	0.02092	0.01723	0.02707	0.01477	0.01723	0.01230	0.00615	0.00615	0.00123	0.00615	0.00492	0.00492	0.75883
6	0.02500	0.02280	0.09482	0.02990	0.19007	0.08202	0.14746	0.05568	0.02128	0.18053	0.02132	0.05497	0.01639	0.00919	0.00860	0.00259	0.01054	0.00860	0.00593	0.01228
7	0.02186	0.01552	0.01833	0.01338	0.02054	0.01273	0.01082	0.08493	0.02046	0.13085	0.01816	0.01926	0.01380	0.00719	0.00672	0.00157	0.00660	0.00573	0.00612	0.56545
8	0.02176	0.20301	0.03487	0.15637	0.03489	0.14721	0.16861	0.02809	0.08197	0.02333	0.01600	0.01946	0.01272	0.00802	0.00777	0.00241	0.01152	0.00704	0.00438	0.01057
9	0.02455	0.01725	0.01814	0.01500	0.02040	0.07156	0.01187	0.07101	0.19203	0.19503	0.06598	0.03156	0.07512	0.01092	0.00811	0.00238	0.00717	0.00885	0.00791	0.14517

[dist]
# distance from previous block
# <min> <max>
0	1

[block]
# block no. 3 follows, 22 sequences, length 12
# corresponding to MSA columns:
# 187-198
name=unknown_D
#
# <colnr> <probs for GDERKNQSTAVLIFYWHMCP>
#	G	D	E	R	K	N	Q	S	T	A	V	L	I	F	Y	W	H	M	C	P
0	0.01954	0.26518	0.24722	0.02422	0.03344	0.02451	0.22352	0.02592	0.01800	0.02410	0.01439	0.01772	0.01126	0.00733	0.00765	0.00240	0.01169	0.00678	0.00375	0.01137
1	0.01998	0.01925	0.02166	0.02286	0.15117	0.11447	0.01483	0.06526	0.01947	0.02631	0.01957	0.12583	0.01896	0.01092	0.00951	0.00226	0.06916	0.00883	0.00522	0.25447
2	0.01208	0.00805	0.00906	0.00906	0.00906	0.00805	0.00503	0.01208	0.01208	0.01611	0.02618	0.05436	0.03020	0.70804	0.04228	0.00805	0.00805	0.01208	0.00503	0.00503
3	0.01008	0.00739	0.00947	0.01113	0.01194	0.00678	0.00752	0.01162	0.01632	0.02138	0.05108	0.61675	0.13740	0.02534	0.01050	0.00330	0.00474	0.02278	0.00771	0.00678
4	0.02206	0.01937	0.02991	0.27997	0.13730	0.02135	0.11198	0.21492	0.02452	0.03280	0.01684	0.02125	0.01259	0.00850	0.00852	0.00264	0.01072	0.00778	0.00530	0.01168
5	0.02221	0.71304	0.04353	0.01421	0.02132	0.03287	0.01421	0.02488	0.01688	0.01955	0.01155	0.01333	0.01066	0.00711	0.00533	0.00178	0.00888	0.00444	0.00355	0.01066
6	0.01009	0.00734	0.00952	0.01127	0.01197	0.00677	0.00758	0.01160	0.01620	0.02133	0.04946	0.64300	0.11219	0.02555	0.01053	0.00332	0.00476	0.02303	0.00771	0.00677
7	0.01859	0.07985	0.02833	0.22861	0.19862	0.08161	0.06271	0.02302	0.01752	0.02256	0.01603	0.02220	0.01343	0.01776	0.12987	0.00448	0.01319	0.00738	0.00402	0.01023
8	0.02615	0.16712	0.02779	0.09539	0.10132	0.22912	0.01655	0.05860	0.02165	0.11537	0.05141	0.02083	0.01632	0.00888	0.00751	0.00228	0.01066	0.00670	0.00537	0.01098
9	0.01092	0.00745	0.00962	0.01100	0.01183	0.00700	0.00752	0.01295	0.01704	0.02382	0.12039	0.54740	0.05419	0.02308	0.00997	0.00312	0.00460	0.02078	0.09035	0.00700
10	0.01166	0.00899	0.01121	0.01207	0.01433	0.00854	0.00996	0.01463	0.01840	0.02319	0.05918	0.08094	0.30979	0.02646	0.08406	0.00443	0.00776	0.27976	0.00732	0.00735
11	0.02264	0.21878	0.09843	0.01791	0.02335	0.17303	0.01624	0.10164	0.02037	0.02464	0.01520	0.01889	0.01296	0.01850	0.13041	0.00429	0.06166	0.00624	0.00449	0.01034

[dist]
# distance from previous block
# <min> <max>
0	22

# created by:
# /home/cegg/simao/soft/augustus-3.2.1/scripts/msa2prfl.pl ./align_prep/13539.fa
