[name]
unknown

[dist]
# distance from previous block
# <min> <max>
0	3

[block]
# block no. 0 follows, 22 sequences, length 10
# corresponding to MSA columns:
# 3-12
name=unknown_A
#
# <colnr> <probs for GDERKNQSTAVLIFYWHMCP>
#	G	D	E	R	K	N	Q	S	T	A	V	L	I	F	Y	W	H	M	C	P
0	0.01063	0.00830	0.00921	0.00968	0.01156	0.00742	0.00700	0.01244	0.01729	0.02137	0.06419	0.16377	0.39468	0.14646	0.01598	0.00394	0.00534	0.07684	0.00722	0.00668
1	0.01068	0.00751	0.00963	0.01093	0.01143	0.00712	0.00714	0.01201	0.01569	0.02108	0.09086	0.50864	0.05144	0.17448	0.01747	0.00434	0.00545	0.02039	0.00724	0.00646
2	0.01610	0.01378	0.01778	0.01593	0.01731	0.04811	0.03784	0.01878	0.01494	0.02261	0.02021	0.06124	0.01888	0.05946	0.16593	0.00552	0.24588	0.00884	0.18268	0.00818
3	0.02245	0.02075	0.03275	0.02461	0.03155	0.02116	0.27046	0.17002	0.18721	0.03475	0.02182	0.02365	0.01628	0.00874	0.00879	0.00260	0.01025	0.00874	0.00633	0.07711
4	0.03000	0.03546	0.02390	0.02112	0.02536	0.52777	0.01620	0.11526	0.02477	0.02478	0.01367	0.01595	0.01120	0.00928	0.00932	0.00232	0.07284	0.00581	0.00479	0.01021
5	0.02673	0.02925	0.02713	0.03052	0.22589	0.32281	0.01919	0.11289	0.02336	0.02695	0.01456	0.01771	0.01198	0.00888	0.00945	0.00242	0.06775	0.00646	0.00474	0.01134
6	0.01012	0.00723	0.00964	0.01157	0.01205	0.00675	0.00771	0.01157	0.01591	0.02121	0.04579	0.70262	0.05495	0.02603	0.01060	0.00337	0.00482	0.02362	0.00771	0.00675
7	0.01233	0.00956	0.01314	0.10636	0.01984	0.00960	0.01132	0.01594	0.01989	0.02640	0.24427	0.12433	0.14897	0.01893	0.01015	0.00308	0.00612	0.18441	0.00760	0.00775
8	0.01793	0.01770	0.03199	0.36958	0.24525	0.01932	0.13086	0.02354	0.01788	0.02406	0.01540	0.02169	0.01201	0.00779	0.00855	0.00268	0.01121	0.00782	0.00392	0.01083
9	0.02036	0.03572	0.37111	0.02819	0.15705	0.13829	0.02561	0.02881	0.06844	0.02606	0.01618	0.01875	0.01226	0.00818	0.00793	0.00252	0.01183	0.00651	0.00416	0.01204

[dist]
# distance from previous block
# <min> <max>
5	8

[block]
# block no. 1 follows, 22 sequences, length 55
# corresponding to MSA columns:
# 22-76
name=unknown_B
#
# <colnr> <probs for GDERKNQSTAVLIFYWHMCP>
#	G	D	E	R	K	N	Q	S	T	A	V	L	I	F	Y	W	H	M	C	P
0	0.01884	0.01757	0.02747	0.27184	0.31028	0.01947	0.02207	0.02784	0.14718	0.02660	0.01909	0.02329	0.01494	0.00853	0.00830	0.00265	0.00962	0.00781	0.00486	0.01175
1	0.01656	0.01566	0.02649	0.57400	0.16448	0.01869	0.02351	0.02199	0.01702	0.02228	0.01492	0.02186	0.01145	0.00814	0.00829	0.00271	0.01086	0.00739	0.00377	0.00993
2	0.02112	0.01522	0.01982	0.22182	0.03076	0.01708	0.01524	0.21096	0.02387	0.07356	0.02309	0.09842	0.01951	0.01549	0.06280	0.00350	0.00955	0.00942	0.09829	0.01048
3	0.01125	0.00819	0.00882	0.00882	0.00985	0.00767	0.00550	0.01202	0.01459	0.01843	0.04741	0.06373	0.25822	0.45646	0.03039	0.00613	0.00665	0.01408	0.00602	0.00576
4	0.01818	0.01818	0.02545	0.02181	0.02181	0.02545	0.01818	0.01999	0.01272	0.01999	0.01091	0.01818	0.01091	0.01454	0.02726	0.00364	0.69284	0.00727	0.00364	0.00909
5	0.01328	0.01031	0.01239	0.01268	0.01463	0.01064	0.00916	0.02108	0.18059	0.02778	0.19530	0.36647	0.05315	0.01991	0.00984	0.00304	0.00505	0.01775	0.00827	0.00869
6	0.25761	0.02105	0.02102	0.01660	0.02278	0.02357	0.01370	0.44278	0.03140	0.04772	0.01737	0.01796	0.01255	0.00928	0.00734	0.00252	0.00831	0.00656	0.00734	0.01255
7	0.21469	0.01975	0.02019	0.01612	0.02176	0.02195	0.01317	0.40846	0.03036	0.04541	0.05214	0.02092	0.01637	0.01084	0.00894	0.04455	0.00806	0.00713	0.00730	0.01191
8	0.01629	0.01056	0.01215	0.01123	0.01380	0.01102	0.00866	0.11557	0.02119	0.03185	0.13010	0.08014	0.05833	0.02126	0.11935	0.00418	0.00788	0.01052	0.30728	0.00864
9	0.02306	0.01186	0.01538	0.01363	0.01741	0.01102	0.01045	0.07925	0.02098	0.27217	0.03540	0.30506	0.03370	0.01937	0.04576	0.00341	0.00711	0.01440	0.00843	0.05213
10	0.04980	0.01469	0.01678	0.08579	0.02167	0.07412	0.01258	0.09895	0.01847	0.02580	0.01984	0.02667	0.01712	0.03670	0.35579	0.00807	0.01614	0.00780	0.05352	0.03970
11	0.10729	0.17163	0.02693	0.01808	0.02378	0.26657	0.01484	0.21906	0.02608	0.03210	0.01469	0.01605	0.01160	0.00862	0.00705	0.00222	0.01096	0.00575	0.00550	0.01120
12	0.01808	0.31380	0.22913	0.01747	0.02455	0.02351	0.01880	0.02292	0.01608	0.02162	0.01477	0.01895	0.01273	0.01928	0.14649	0.00456	0.05706	0.00608	0.00373	0.01039
13	0.05894	0.03789	0.12719	0.02107	0.02671	0.50232	0.01797	0.03233	0.05824	0.02286	0.01435	0.01627	0.01146	0.00857	0.00751	0.00228	0.01369	0.00568	0.00443	0.01024
14	0.01194	0.00810	0.00914	0.00910	0.00936	0.00799	0.00526	0.01227	0.01308	0.01740	0.06363	0.05619	0.06703	0.63248	0.03872	0.00747	0.00762	0.01254	0.00541	0.00530
15	0.03106	0.03864	0.02362	0.02127	0.02569	0.63689	0.01604	0.06786	0.02445	0.02220	0.01325	0.01527	0.01090	0.00864	0.00754	0.00216	0.01464	0.00547	0.00452	0.00989
16	0.01723	0.01477	0.01723	0.01230	0.01969	0.01107	0.00984	0.02092	0.01723	0.02707	0.01477	0.01723	0.01230	0.00615	0.00615	0.00123	0.00615	0.00492	0.00492	0.75883
17	0.03158	0.02327	0.02493	0.01911	0.02576	0.02576	0.01579	0.62852	0.03906	0.05236	0.01995	0.01995	0.01413	0.00997	0.00831	0.00249	0.00914	0.00748	0.00831	0.01413
18	0.01339	0.00956	0.01339	0.01530	0.01721	0.00956	0.01339	0.01721	0.01912	0.02486	0.04399	0.09371	0.04781	0.02295	0.01147	0.00382	0.00765	0.60031	0.00765	0.00765
19	0.03314	0.01506	0.01916	0.01531	0.02131	0.01431	0.01244	0.04140	0.17726	0.50606	0.03303	0.02895	0.02176	0.01053	0.00838	0.00263	0.00695	0.00861	0.00983	0.01389
20	0.03329	0.02053	0.02323	0.01781	0.02439	0.02169	0.01471	0.45196	0.03447	0.23540	0.02380	0.02245	0.01606	0.01007	0.00832	0.00252	0.00852	0.00774	0.00890	0.01413
21	0.01187	0.00890	0.01335	0.01335	0.01483	0.01038	0.01038	0.01483	0.01335	0.01928	0.02225	0.03264	0.02077	0.06231	0.67512	0.01335	0.02225	0.00890	0.00445	0.00742
22	0.01009	0.00818	0.00895	0.00928	0.01152	0.00705	0.00676	0.01225	0.01880	0.02334	0.13643	0.20551	0.46963	0.02163	0.00998	0.00290	0.00430	0.01851	0.00787	0.00705
23	0.01666	0.04297	0.66500	0.02368	0.03596	0.01929	0.03069	0.02631	0.01754	0.02631	0.01491	0.01754	0.01052	0.00789	0.00789	0.00263	0.01228	0.00614	0.00351	0.01228
24	0.38299	0.02388	0.01850	0.01577	0.02111	0.18351	0.01261	0.19179	0.02329	0.03719	0.01417	0.01563	0.01082	0.00854	0.00659	0.00244	0.00929	0.00553	0.00579	0.01056
25	0.02770	0.01417	0.01765	0.01452	0.01959	0.01380	0.01164	0.06375	0.16331	0.35476	0.16758	0.03587	0.03396	0.01195	0.00869	0.00263	0.00637	0.01000	0.00953	0.01254
26	0.01187	0.00890	0.01335	0.01335	0.01483	0.01038	0.01038	0.01483	0.01335	0.01928	0.02225	0.03264	0.02077	0.06231	0.67512	0.01335	0.02225	0.00890	0.00445	0.00742
27	0.01762	0.01710	0.03011	0.42104	0.24579	0.01912	0.08387	0.02312	0.01764	0.02364	0.01524	0.02167	0.01189	0.00789	0.00843	0.00268	0.01098	0.00763	0.00388	0.01067
28	0.01070	0.00865	0.00962	0.01019	0.01234	0.00784	0.00745	0.01392	0.05434	0.02288	0.06756	0.27109	0.40426	0.02210	0.01005	0.00303	0.00469	0.04421	0.00775	0.00732
29	0.01443	0.00722	0.01082	0.01082	0.01082	0.00722	0.00722	0.01082	0.01082	0.01443	0.01443	0.02525	0.01443	0.02886	0.03247	0.75830	0.00722	0.00722	0.00361	0.00361
30	0.01853	0.01766	0.03005	0.31674	0.40636	0.01920	0.02448	0.02371	0.01795	0.02467	0.01527	0.02122	0.01229	0.00778	0.00826	0.00259	0.01037	0.00739	0.00394	0.01152
31	0.02160	0.02823	0.16813	0.03341	0.18097	0.10107	0.23780	0.07633	0.02109	0.02801	0.01591	0.01985	0.01219	0.00771	0.00863	0.00258	0.01241	0.00775	0.00438	0.01193
32	0.02221	0.71304	0.04353	0.01421	0.02132	0.03287	0.01421	0.02488	0.01688	0.01955	0.01155	0.01333	0.01066	0.00711	0.00533	0.00178	0.00888	0.00444	0.00355	0.01066
33	0.01654	0.01563	0.02645	0.57690	0.16175	0.01868	0.02349	0.02197	0.01701	0.02226	0.01492	0.02187	0.01144	0.00815	0.00829	0.00272	0.01086	0.00739	0.00376	0.00991
34	0.03103	0.03959	0.02354	0.02140	0.02568	0.67469	0.01605	0.03317	0.02354	0.02033	0.01284	0.01498	0.01070	0.00856	0.00749	0.00214	0.01498	0.00535	0.00428	0.00963
35	0.02881	0.02467	0.02319	0.01896	0.02473	0.13290	0.01519	0.38585	0.18405	0.04269	0.02216	0.02182	0.01631	0.01005	0.00821	0.00251	0.00949	0.00759	0.00767	0.01314
36	0.01023	0.00731	0.00973	0.01150	0.01207	0.00682	0.00772	0.01183	0.01640	0.02199	0.08508	0.66109	0.05646	0.02544	0.01055	0.00332	0.00476	0.02306	0.00780	0.00682
37	0.01943	0.23400	0.03106	0.01945	0.02166	0.02775	0.01695	0.02151	0.01401	0.01985	0.01111	0.01667	0.01083	0.01223	0.02045	0.00306	0.48040	0.00639	0.00361	0.00958
38	0.01991	0.01912	0.03230	0.11676	0.55573	0.01994	0.02481	0.02472	0.01831	0.02610	0.01526	0.02059	0.01281	0.00791	0.00934	0.00257	0.04988	0.00739	0.00404	0.01250
39	0.03158	0.02327	0.02493	0.01911	0.02576	0.02576	0.01579	0.62852	0.03906	0.05236	0.01995	0.01995	0.01413	0.00997	0.00831	0.00249	0.00914	0.00748	0.00831	0.01413
40	0.01443	0.00722	0.01082	0.01082	0.01082	0.00722	0.00722	0.01082	0.01082	0.01443	0.01443	0.02525	0.01443	0.02886	0.03247	0.75830	0.00722	0.00722	0.00361	0.00361
41	0.02221	0.71304	0.04353	0.01421	0.02132	0.03287	0.01421	0.02488	0.01688	0.01955	0.01155	0.01333	0.01066	0.00711	0.00533	0.00178	0.00888	0.00444	0.00355	0.01066
42	0.02296	0.01917	0.06563	0.12814	0.02997	0.01940	0.06727	0.21537	0.02502	0.10080	0.08293	0.06508	0.02234	0.01148	0.01076	0.00277	0.08356	0.00933	0.00665	0.01137
43	0.01151	0.00855	0.01258	0.01298	0.01426	0.00963	0.00983	0.01416	0.01388	0.01968	0.02713	0.17162	0.02786	0.05478	0.53728	0.01128	0.01864	0.01195	0.00513	0.00728
44	0.01208	0.00805	0.00906	0.00906	0.00906	0.00805	0.00503	0.01208	0.01208	0.01611	0.02618	0.05436	0.03020	0.70804	0.04228	0.00805	0.00805	0.01208	0.00503	0.00503
45	0.03027	0.02180	0.05736	0.01774	0.02403	0.07703	0.01497	0.23693	0.15491	0.23755	0.02594	0.02428	0.01796	0.01010	0.00826	0.00256	0.00865	0.00789	0.00834	0.01343
46	0.02049	0.02784	0.18043	0.02136	0.06215	0.19355	0.01909	0.02839	0.11526	0.02565	0.02513	0.03963	0.02306	0.01262	0.00886	0.00284	0.01074	0.16677	0.00563	0.01050
47	0.01242	0.00951	0.01221	0.01286	0.01508	0.00956	0.01054	0.01669	0.05227	0.02406	0.08304	0.07215	0.20572	0.02963	0.14844	0.00540	0.00949	0.25606	0.00713	0.00774
48	0.02302	0.01606	0.01777	0.01422	0.01941	0.01642	0.01145	0.25536	0.05994	0.06517	0.02210	0.02388	0.01684	0.01259	0.05049	0.00282	0.00785	0.00725	0.19081	0.16655
49	0.10094	0.06950	0.23544	0.02152	0.06107	0.18054	0.02026	0.02699	0.01865	0.05141	0.04433	0.01904	0.01423	0.00929	0.00981	0.00256	0.09282	0.00639	0.00447	0.01072
50	0.24338	0.10865	0.23359	0.04359	0.02525	0.05569	0.01779	0.02528	0.01675	0.05356	0.01521	0.01791	0.01171	0.01099	0.04328	0.00303	0.01007	0.00578	0.04811	0.01037
51	0.06655	0.01814	0.12586	0.01741	0.04739	0.01355	0.01565	0.03038	0.04431	0.30059	0.07039	0.04103	0.02745	0.01269	0.00883	0.00285	0.00791	0.12937	0.00793	0.01173
52	0.32872	0.01377	0.01392	0.04396	0.01858	0.01395	0.01029	0.02128	0.01630	0.03070	0.02211	0.03192	0.04742	0.01050	0.00684	0.00239	0.00652	0.10092	0.04917	0.21072
53	0.02446	0.14021	0.02395	0.01661	0.02193	0.22556	0.01329	0.09014	0.08748	0.05159	0.01902	0.05748	0.01643	0.03424	0.00852	0.00232	0.00977	0.00714	0.00558	0.14428
54	0.01970	0.06360	0.12645	0.01947	0.02487	0.20569	0.09045	0.02379	0.01927	0.02333	0.05793	0.15311	0.02408	0.01489	0.04550	0.00311	0.01131	0.01024	0.00511	0.05809

[dist]
# distance from previous block
# <min> <max>
3	30

[block]
# block no. 2 follows, 22 sequences, length 68
# corresponding to MSA columns:
# 107-174
name=unknown_C
#
# <colnr> <probs for GDERKNQSTAVLIFYWHMCP>
#	G	D	E	R	K	N	Q	S	T	A	V	L	I	F	Y	W	H	M	C	P
0	0.15936	0.05105	0.01980	0.02083	0.13588	0.16694	0.01350	0.02319	0.01935	0.02726	0.12165	0.09750	0.05714	0.01177	0.00784	0.00246	0.00846	0.00953	0.00570	0.04080
1	0.09129	0.02032	0.16933	0.10529	0.02818	0.01592	0.07058	0.05108	0.01755	0.02608	0.02428	0.20009	0.02434	0.01588	0.03681	0.00338	0.04867	0.03606	0.00531	0.00954
2	0.05518	0.02309	0.09163	0.18382	0.25667	0.08492	0.02199	0.10153	0.05016	0.02899	0.01629	0.02016	0.01268	0.00829	0.00802	0.00254	0.01049	0.00704	0.00475	0.01175
3	0.06858	0.02827	0.02503	0.02502	0.11821	0.30759	0.01752	0.10317	0.02175	0.02625	0.01363	0.01709	0.01145	0.00990	0.01216	0.00260	0.17024	0.00632	0.00466	0.01056
4	0.02995	0.03385	0.02452	0.02261	0.06153	0.46346	0.01663	0.16368	0.02620	0.02778	0.01448	0.01655	0.01161	0.00909	0.00864	0.00231	0.04516	0.00603	0.00513	0.01080
5	0.02880	0.07386	0.02471	0.02168	0.05699	0.50487	0.01595	0.06292	0.05311	0.02333	0.01439	0.01632	0.01179	0.00850	0.00742	0.00214	0.01320	0.00568	0.00467	0.04967
6	0.01005	0.00751	0.00935	0.01083	0.01186	0.00681	0.00738	0.01165	0.01661	0.02150	0.05475	0.55721	0.19457	0.02486	0.01042	0.00324	0.00468	0.02220	0.00771	0.00681
7	0.01714	0.01621	0.02775	0.55822	0.08123	0.01916	0.08364	0.05390	0.01820	0.02367	0.01528	0.02199	0.01148	0.00822	0.00845	0.00274	0.01121	0.00763	0.00400	0.00986
8	0.00982	0.00842	0.00842	0.00842	0.01122	0.00701	0.00631	0.01192	0.01894	0.02244	0.08416	0.07995	0.65285	0.02104	0.00982	0.00281	0.00421	0.01753	0.00771	0.00701
9	0.02066	0.01785	0.01878	0.01691	0.02160	0.02066	0.01315	0.04414	0.64121	0.03475	0.03381	0.03099	0.02536	0.01127	0.00845	0.00282	0.00657	0.00939	0.00845	0.01315
10	0.01187	0.00890	0.01335	0.01335	0.01483	0.01038	0.01038	0.01483	0.01335	0.01928	0.02225	0.03264	0.02077	0.06231	0.67512	0.01335	0.02225	0.00890	0.00445	0.00742
11	0.01176	0.00849	0.01110	0.01045	0.01241	0.00784	0.00784	0.01568	0.02352	0.03331	0.65184	0.06206	0.07839	0.01698	0.00980	0.00261	0.00392	0.01502	0.00914	0.00784
12	0.03103	0.03959	0.02354	0.02140	0.02568	0.67469	0.01605	0.03317	0.02354	0.02033	0.01284	0.01498	0.01070	0.00856	0.00749	0.00214	0.01498	0.00535	0.00428	0.00963
13	0.02342	0.03314	0.17658	0.09504	0.12830	0.29166	0.08301	0.02855	0.02036	0.02347	0.01433	0.01789	0.01126	0.00805	0.00801	0.00243	0.01309	0.00650	0.00401	0.01090
14	0.01666	0.04297	0.66500	0.02368	0.03596	0.01929	0.03069	0.02631	0.01754	0.02631	0.01491	0.01754	0.01052	0.00789	0.00789	0.00263	0.01228	0.00614	0.00351	0.01228
15	0.01339	0.00956	0.01339	0.01530	0.01721	0.00956	0.01339	0.01721	0.01912	0.02486	0.04399	0.09371	0.04781	0.02295	0.01147	0.00382	0.00765	0.60031	0.00765	0.00765
16	0.01002	0.00762	0.00923	0.01052	0.01177	0.00684	0.00725	0.01169	0.01691	0.02162	0.05856	0.49535	0.25397	0.02437	0.01034	0.00318	0.00462	0.02159	0.00771	0.00684
17	0.01841	0.25384	0.46943	0.02070	0.03135	0.02357	0.02551	0.02586	0.01733	0.02418	0.01385	0.01621	0.01057	0.00765	0.00709	0.00236	0.01121	0.00560	0.00352	0.01177
18	0.02056	0.01974	0.03372	0.05099	0.65622	0.01974	0.02550	0.02550	0.01892	0.02714	0.01563	0.02056	0.01316	0.00740	0.00822	0.00247	0.00987	0.00740	0.00411	0.01316
19	0.76672	0.01607	0.01221	0.01092	0.01607	0.01864	0.00900	0.02442	0.01414	0.03727	0.01157	0.01350	0.00900	0.00771	0.00514	0.00257	0.00643	0.00450	0.00514	0.00900
20	0.01903	0.01817	0.03095	0.25148	0.46772	0.01934	0.02473	0.02415	0.01819	0.02528	0.01536	0.02106	0.01250	0.00769	0.00825	0.00256	0.01025	0.00740	0.00398	0.01192
21	0.06140	0.01561	0.01702	0.01615	0.02016	0.01769	0.01297	0.03608	0.44516	0.03235	0.03516	0.04615	0.03021	0.01408	0.00904	0.00306	0.00684	0.16131	0.00806	0.01150
22	0.42706	0.02492	0.21355	0.01773	0.02508	0.01943	0.07710	0.02497	0.01563	0.03200	0.01306	0.01584	0.00992	0.00806	0.00760	0.00267	0.04504	0.00566	0.00448	0.01021
23	0.03103	0.03959	0.02354	0.02140	0.02568	0.67469	0.01605	0.03317	0.02354	0.02033	0.01284	0.01498	0.01070	0.00856	0.00749	0.00214	0.01498	0.00535	0.00428	0.00963
24	0.00982	0.00842	0.00842	0.00842	0.01122	0.00701	0.00631	0.01192	0.01894	0.02244	0.08416	0.07995	0.65285	0.02104	0.00982	0.00281	0.00421	0.01753	0.00771	0.00701
25	0.01187	0.00890	0.01335	0.01335	0.01483	0.01038	0.01038	0.01483	0.01335	0.01928	0.02225	0.03264	0.02077	0.06231	0.67512	0.01335	0.02225	0.00890	0.00445	0.00742
26	0.02221	0.71304	0.04353	0.01421	0.02132	0.03287	0.01421	0.02488	0.01688	0.01955	0.01155	0.01333	0.01066	0.00711	0.00533	0.00178	0.00888	0.00444	0.00355	0.01066
27	0.00996	0.00788	0.00897	0.00984	0.01160	0.00689	0.00695	0.01176	0.01756	0.02188	0.06676	0.36223	0.38179	0.02330	0.01017	0.00306	0.00449	0.02029	0.00771	0.00689
28	0.03727	0.01414	0.01928	0.01478	0.02121	0.01221	0.01221	0.04049	0.02378	0.66198	0.03277	0.02828	0.02056	0.01028	0.00835	0.00257	0.00707	0.00835	0.01028	0.01414
29	0.01569	0.01477	0.02492	0.68808	0.05722	0.01846	0.02307	0.02123	0.01661	0.02123	0.01477	0.02215	0.01107	0.00831	0.00831	0.00277	0.01107	0.00738	0.00369	0.00923
30	0.01002	0.00842	0.00870	0.00863	0.01135	0.00710	0.00647	0.01232	0.01942	0.02360	0.14459	0.07804	0.59170	0.02061	0.00982	0.00278	0.00418	0.01727	0.00787	0.00710
31	0.01318	0.00881	0.01156	0.01069	0.01290	0.00808	0.00808	0.01706	0.02353	0.06826	0.61743	0.06018	0.07517	0.01661	0.00972	0.00261	0.00409	0.01465	0.00921	0.00819
32	0.01961	0.02241	0.04902	0.03501	0.04342	0.02101	0.62605	0.02661	0.01961	0.02661	0.01681	0.02241	0.01261	0.00700	0.00980	0.00280	0.01401	0.00980	0.00420	0.01120
33	0.01012	0.00723	0.00964	0.01157	0.01205	0.00675	0.00771	0.01157	0.01591	0.02121	0.04579	0.70262	0.05495	0.02603	0.01060	0.00337	0.00482	0.02362	0.00771	0.00675
34	0.00982	0.00842	0.00842	0.00842	0.01122	0.00701	0.00631	0.01192	0.01894	0.02244	0.08416	0.07995	0.65285	0.02104	0.00982	0.00281	0.00421	0.01753	0.00771	0.00701
35	0.01569	0.01477	0.02492	0.68808	0.05722	0.01846	0.02307	0.02123	0.01661	0.02123	0.01477	0.02215	0.01107	0.00831	0.00831	0.00277	0.01107	0.00738	0.00369	0.00923
36	0.01443	0.00722	0.01082	0.01082	0.01082	0.00722	0.00722	0.01082	0.01082	0.01443	0.01443	0.02525	0.01443	0.02886	0.03247	0.75830	0.00722	0.00722	0.00361	0.00361
37	0.01187	0.00890	0.01335	0.01335	0.01483	0.01038	0.01038	0.01483	0.01335	0.01928	0.02225	0.03264	0.02077	0.06231	0.67512	0.01335	0.02225	0.00890	0.00445	0.00742
38	0.01961	0.02241	0.04902	0.03501	0.04342	0.02101	0.62605	0.02661	0.01961	0.02661	0.01681	0.02241	0.01261	0.00700	0.00980	0.00280	0.01401	0.00980	0.00420	0.01120
39	0.02056	0.01974	0.03372	0.05099	0.65622	0.01974	0.02550	0.02550	0.01892	0.02714	0.01563	0.02056	0.01316	0.00740	0.00822	0.00247	0.00987	0.00740	0.00411	0.01316
40	0.02299	0.02434	0.03136	0.04413	0.50996	0.17167	0.02330	0.02728	0.01999	0.02556	0.01498	0.01927	0.01259	0.00767	0.00805	0.00239	0.01106	0.00693	0.00415	0.01234
41	0.76672	0.01607	0.01221	0.01092	0.01607	0.01864	0.00900	0.02442	0.01414	0.03727	0.01157	0.01350	0.00900	0.00771	0.00514	0.00257	0.00643	0.00450	0.00514	0.00900
42	0.01818	0.01818	0.02545	0.02181	0.02181	0.02545	0.01818	0.01999	0.01272	0.01999	0.01091	0.01818	0.01091	0.01454	0.02726	0.00364	0.69284	0.00727	0.00364	0.00909
43	0.01012	0.00723	0.00964	0.01157	0.01205	0.00675	0.00771	0.01157	0.01591	0.02121	0.04579	0.70262	0.05495	0.02603	0.01060	0.00337	0.00482	0.02362	0.00771	0.00675
44	0.01187	0.00890	0.01335	0.01335	0.01483	0.01038	0.01038	0.01483	0.01335	0.01928	0.02225	0.03264	0.02077	0.06231	0.67512	0.01335	0.02225	0.00890	0.00445	0.00742
45	0.03727	0.01414	0.01928	0.01478	0.02121	0.01221	0.01221	0.04049	0.02378	0.66198	0.03277	0.02828	0.02056	0.01028	0.00835	0.00257	0.00707	0.00835	0.01028	0.01414
46	0.02735	0.03365	0.03045	0.02747	0.09191	0.45854	0.15848	0.03089	0.02217	0.02246	0.01404	0.01725	0.01138	0.00809	0.00810	0.00233	0.01425	0.00659	0.00425	0.01034
47	0.01233	0.01060	0.01082	0.01039	0.01363	0.01018	0.00790	0.01940	0.16328	0.02530	0.07248	0.06859	0.50729	0.01877	0.00950	0.00281	0.00476	0.01564	0.00789	0.00844
48	0.03103	0.03959	0.02354	0.02140	0.02568	0.67469	0.01605	0.03317	0.02354	0.02033	0.01284	0.01498	0.01070	0.00856	0.00749	0.00214	0.01498	0.00535	0.00428	0.00963
49	0.01723	0.01477	0.01723	0.01230	0.01969	0.01107	0.00984	0.02092	0.01723	0.02707	0.01477	0.01723	0.01230	0.00615	0.00615	0.00123	0.00615	0.00492	0.00492	0.75883
50	0.01012	0.00723	0.00964	0.01157	0.01205	0.00675	0.00771	0.01157	0.01591	0.02121	0.04579	0.70262	0.05495	0.02603	0.01060	0.00337	0.00482	0.02362	0.00771	0.00675
51	0.01812	0.01474	0.01732	0.01242	0.01976	0.01113	0.00995	0.02179	0.01752	0.05547	0.01557	0.01772	0.01267	0.00634	0.00625	0.00129	0.00619	0.00508	0.00516	0.72551
52	0.01012	0.00723	0.00964	0.01157	0.01205	0.00675	0.00771	0.01157	0.01591	0.02121	0.04579	0.70262	0.05495	0.02603	0.01060	0.00337	0.00482	0.02362	0.00771	0.00675
53	0.01723	0.01477	0.01723	0.01230	0.01969	0.01107	0.00984	0.02092	0.01723	0.02707	0.01477	0.01723	0.01230	0.00615	0.00615	0.00123	0.00615	0.00492	0.00492	0.75883
54	0.02739	0.10233	0.02823	0.02845	0.19092	0.43784	0.01835	0.03032	0.02165	0.02204	0.01344	0.01628	0.01134	0.00811	0.00747	0.00219	0.01302	0.00580	0.00416	0.01066
55	0.01914	0.02128	0.14615	0.01648	0.02190	0.08063	0.01547	0.02788	0.15349	0.09150	0.09041	0.04570	0.11811	0.01390	0.00901	0.00282	0.00821	0.10033	0.00706	0.01054
56	0.01933	0.01411	0.01678	0.01280	0.01876	0.01191	0.01021	0.08289	0.02152	0.09198	0.16480	0.02896	0.02861	0.00945	0.00743	0.00181	0.00602	0.00785	0.00676	0.43803
57	0.01723	0.01477	0.01723	0.01230	0.01969	0.01107	0.00984	0.02092	0.01723	0.02707	0.01477	0.01723	0.01230	0.00615	0.00615	0.00123	0.00615	0.00492	0.00492	0.75883
58	0.01187	0.00890	0.01335	0.01335	0.01483	0.01038	0.01038	0.01483	0.01335	0.01928	0.02225	0.03264	0.02077	0.06231	0.67512	0.01335	0.02225	0.00890	0.00445	0.00742
59	0.02507	0.02003	0.02127	0.01780	0.02328	0.02272	0.01421	0.27996	0.39822	0.04186	0.02822	0.02654	0.02083	0.01075	0.00840	0.00269	0.00761	0.00862	0.00840	0.01354
60	0.03158	0.02327	0.02493	0.01911	0.02576	0.02576	0.01579	0.62852	0.03906	0.05236	0.01995	0.01995	0.01413	0.00997	0.00831	0.00249	0.00914	0.00748	0.00831	0.01413
61	0.01121	0.00847	0.01034	0.00987	0.01207	0.00760	0.00740	0.01461	0.02221	0.03022	0.49030	0.06715	0.24185	0.01814	0.00980	0.00267	0.00400	0.01574	0.00874	0.00760
62	0.02034	0.01803	0.01681	0.01479	0.01821	0.13090	0.01150	0.13246	0.08707	0.03302	0.22257	0.03773	0.06805	0.01284	0.00947	0.00251	0.04538	0.01020	0.09824	0.00984
63	0.02234	0.02568	0.01892	0.01775	0.02076	0.37353	0.01348	0.02486	0.01892	0.01986	0.01711	0.02298	0.01526	0.03293	0.31016	0.00722	0.01828	0.00696	0.00436	0.00863
64	0.19160	0.03534	0.44875	0.02027	0.03011	0.05367	0.02405	0.02709	0.04707	0.02894	0.01493	0.01711	0.01089	0.00805	0.00726	0.00260	0.01079	0.00587	0.00417	0.01142
65	0.02423	0.02519	0.02122	0.04784	0.05641	0.27230	0.01430	0.03075	0.12464	0.05523	0.01809	0.01956	0.01424	0.00830	0.00736	0.00204	0.01011	0.00623	0.00542	0.23654
66	0.02235	0.34753	0.09441	0.01554	0.02147	0.17533	0.01461	0.02584	0.01860	0.02271	0.01531	0.01768	0.01279	0.00804	0.00619	0.00198	0.00963	0.00549	0.15450	0.01000
67	0.02299	0.02434	0.03136	0.04413	0.50996	0.17167	0.02330	0.02728	0.01999	0.02556	0.01498	0.01927	0.01259	0.00767	0.00805	0.00239	0.01106	0.00693	0.00415	0.01234

[dist]
# distance from previous block
# <min> <max>
0	1

[block]
# block no. 3 follows, 22 sequences, length 33
# corresponding to MSA columns:
# 176-208
name=unknown_D
#
# <colnr> <probs for GDERKNQSTAVLIFYWHMCP>
#	G	D	E	R	K	N	Q	S	T	A	V	L	I	F	Y	W	H	M	C	P
0	0.02020	0.01987	0.03148	0.17140	0.50711	0.05521	0.02452	0.02510	0.01873	0.02564	0.01531	0.02056	0.01263	0.00764	0.00820	0.00251	0.01038	0.00729	0.00404	0.01221
1	0.02056	0.01974	0.03372	0.05099	0.65622	0.01974	0.02550	0.02550	0.01892	0.02714	0.01563	0.02056	0.01316	0.00740	0.00822	0.00247	0.00987	0.00740	0.00411	0.01316
2	0.01354	0.00999	0.01410	0.01665	0.04760	0.00992	0.01360	0.01733	0.01910	0.02484	0.04474	0.08947	0.07799	0.02210	0.01123	0.00371	0.00758	0.54115	0.00748	0.00788
3	0.02568	0.01998	0.02157	0.01778	0.02324	0.02252	0.01431	0.34724	0.27721	0.04274	0.02566	0.02535	0.01913	0.01460	0.06074	0.00348	0.00915	0.00835	0.00806	0.01321
4	0.01188	0.00884	0.01303	0.01303	0.01441	0.01021	0.00999	0.01463	0.01326	0.01905	0.02254	0.03425	0.02147	0.11033	0.62806	0.01296	0.02120	0.00914	0.00449	0.00724
5	0.02048	0.02216	0.14052	0.02718	0.20417	0.01855	0.01938	0.17140	0.07246	0.03350	0.07545	0.11025	0.02465	0.01158	0.00864	0.00266	0.00873	0.01004	0.00624	0.01198
6	0.02398	0.57764	0.03951	0.01566	0.02220	0.16191	0.01458	0.02654	0.01822	0.01970	0.01181	0.01366	0.01067	0.00740	0.00576	0.00185	0.01011	0.00462	0.00370	0.01045
7	0.01208	0.00805	0.00906	0.00906	0.00906	0.00805	0.00503	0.01208	0.01208	0.01611	0.02618	0.05436	0.03020	0.70804	0.04228	0.00805	0.00805	0.01208	0.00503	0.00503
8	0.76672	0.01607	0.01221	0.01092	0.01607	0.01864	0.00900	0.02442	0.01414	0.03727	0.01157	0.01350	0.00900	0.00771	0.00514	0.00257	0.00643	0.00450	0.00514	0.00900
9	0.01208	0.00805	0.00906	0.00906	0.00906	0.00805	0.00503	0.01208	0.01208	0.01611	0.02618	0.05436	0.03020	0.70804	0.04228	0.00805	0.00805	0.01208	0.00503	0.00503
10	0.02555	0.02377	0.02131	0.01840	0.02349	0.15963	0.01441	0.18642	0.36218	0.03607	0.02597	0.02489	0.01949	0.01038	0.00822	0.00259	0.00898	0.00807	0.00754	0.01265
11	0.01934	0.03285	0.34381	0.03391	0.24797	0.06835	0.08353	0.02657	0.01865	0.02618	0.01518	0.01884	0.01163	0.00769	0.00815	0.00255	0.01182	0.00685	0.00384	0.01228
12	0.02043	0.49844	0.24257	0.01725	0.02601	0.02852	0.01949	0.02533	0.01709	0.02171	0.01263	0.01468	0.01062	0.00736	0.00615	0.00205	0.00997	0.00499	0.00354	0.01118
13	0.02221	0.71304	0.04353	0.01421	0.02132	0.03287	0.01421	0.02488	0.01688	0.01955	0.01155	0.01333	0.01066	0.00711	0.00533	0.00178	0.00888	0.00444	0.00355	0.01066
14	0.01012	0.00723	0.00964	0.01157	0.01205	0.00675	0.00771	0.01157	0.01591	0.02121	0.04579	0.70262	0.05495	0.02603	0.01060	0.00337	0.00482	0.02362	0.00771	0.00675
15	0.02100	0.51444	0.03883	0.02129	0.14822	0.02813	0.01595	0.02423	0.01785	0.02223	0.06618	0.01888	0.01685	0.00800	0.00629	0.00199	0.00866	0.00593	0.00414	0.01093
16	0.02594	0.01793	0.02907	0.03933	0.45168	0.01731	0.02122	0.03032	0.02048	0.23162	0.02115	0.02305	0.01554	0.00833	0.00827	0.00250	0.00897	0.00771	0.00610	0.01347
17	0.01686	0.04178	0.63256	0.02508	0.06783	0.01932	0.03043	0.02627	0.01761	0.02635	0.01495	0.01769	0.01066	0.00787	0.00791	0.00262	0.01215	0.00620	0.00354	0.01232
18	0.01208	0.00805	0.00906	0.00906	0.00906	0.00805	0.00503	0.01208	0.01208	0.01611	0.02618	0.05436	0.03020	0.70804	0.04228	0.00805	0.00805	0.01208	0.00503	0.00503
19	0.02803	0.02224	0.05774	0.01804	0.02417	0.02293	0.01526	0.50982	0.03475	0.04683	0.05511	0.02504	0.01884	0.06913	0.01124	0.00298	0.00893	0.00821	0.00782	0.01291
20	0.01193	0.00799	0.00911	0.00926	0.00930	0.00795	0.00524	0.01204	0.01238	0.01651	0.02772	0.10528	0.03215	0.65448	0.03980	0.00769	0.00780	0.01299	0.00524	0.00517
21	0.02221	0.71304	0.04353	0.01421	0.02132	0.03287	0.01421	0.02488	0.01688	0.01955	0.01155	0.01333	0.01066	0.00711	0.00533	0.00178	0.00888	0.00444	0.00355	0.01066
22	0.01012	0.00723	0.00964	0.01157	0.01205	0.00675	0.00771	0.01157	0.01591	0.02121	0.04579	0.70262	0.05495	0.02603	0.01060	0.00337	0.00482	0.02362	0.00771	0.00675
23	0.01723	0.01477	0.01723	0.01230	0.01969	0.01107	0.00984	0.02092	0.01723	0.02707	0.01477	0.01723	0.01230	0.00615	0.00615	0.00123	0.00615	0.00492	0.00492	0.75883
24	0.03158	0.02327	0.02493	0.01911	0.02576	0.02576	0.01579	0.62852	0.03906	0.05236	0.01995	0.01995	0.01413	0.00997	0.00831	0.00249	0.00914	0.00748	0.00831	0.01413
25	0.00982	0.00842	0.00842	0.00842	0.01122	0.00701	0.00631	0.01192	0.01894	0.02244	0.08416	0.07995	0.65285	0.02104	0.00982	0.00281	0.00421	0.01753	0.00771	0.00701
26	0.02296	0.01899	0.02008	0.01737	0.02248	0.02174	0.01371	0.16718	0.51443	0.03846	0.03089	0.02867	0.02299	0.01100	0.00842	0.00275	0.00712	0.00899	0.00842	0.01336
27	0.76672	0.01607	0.01221	0.01092	0.01607	0.01864	0.00900	0.02442	0.01414	0.03727	0.01157	0.01350	0.00900	0.00771	0.00514	0.00257	0.00643	0.00450	0.00514	0.00900
28	0.01208	0.00805	0.00906	0.00906	0.00906	0.00805	0.00503	0.01208	0.01208	0.01611	0.02618	0.05436	0.03020	0.70804	0.04228	0.00805	0.00805	0.01208	0.00503	0.00503
29	0.02640	0.01913	0.02079	0.01685	0.02200	0.02088	0.01353	0.46823	0.03314	0.04500	0.02522	0.14524	0.02213	0.01288	0.00853	0.00261	0.00794	0.01044	0.06678	0.01228
30	0.02859	0.02190	0.02521	0.07417	0.08090	0.02430	0.01698	0.48669	0.08039	0.04648	0.02021	0.02099	0.01464	0.00972	0.00831	0.00254	0.00916	0.00761	0.00761	0.01359
31	0.06491	0.19339	0.02645	0.01967	0.06881	0.30107	0.01478	0.02643	0.01902	0.02137	0.01456	0.01846	0.01280	0.01888	0.14113	0.00435	0.01412	0.00595	0.00417	0.00966
32	0.44931	0.05873	0.06831	0.02037	0.12486	0.05436	0.03798	0.02611	0.04146	0.03241	0.01365	0.01608	0.01078	0.00780	0.00630	0.00251	0.00831	0.00554	0.00482	0.01030

[dist]
# distance from previous block
# <min> <max>
0	2

[block]
# block no. 4 follows, 22 sequences, length 385
# corresponding to MSA columns:
# 211-595
name=unknown_E
#
# <colnr> <probs for GDERKNQSTAVLIFYWHMCP>
#	G	D	E	R	K	N	Q	S	T	A	V	L	I	F	Y	W	H	M	C	P
0	0.01846	0.02479	0.20040	0.03789	0.39682	0.01840	0.02444	0.02522	0.04683	0.02680	0.02302	0.02608	0.07616	0.00906	0.00830	0.00256	0.00981	0.00815	0.00450	0.01231
1	0.02036	0.01854	0.02585	0.06713	0.31026	0.02013	0.01924	0.03453	0.32757	0.03061	0.02461	0.02582	0.01910	0.00937	0.00834	0.00266	0.00830	0.00839	0.00624	0.01295
2	0.01999	0.01278	0.01413	0.01230	0.01556	0.01379	0.00969	0.21058	0.02333	0.03520	0.02350	0.02744	0.01861	0.01833	0.10443	0.04189	0.00835	0.00780	0.37279	0.00950
3	0.02288	0.02171	0.01985	0.01775	0.02247	0.12999	0.01375	0.06831	0.51139	0.03313	0.02970	0.02783	0.02241	0.01076	0.00829	0.00269	0.00809	0.00863	0.00775	0.01261
4	0.01012	0.00723	0.00964	0.01157	0.01205	0.00675	0.00771	0.01157	0.01591	0.02121	0.04579	0.70262	0.05495	0.02603	0.01060	0.00337	0.00482	0.02362	0.00771	0.00675
5	0.01601	0.02396	0.23349	0.47158	0.05029	0.01873	0.02556	0.02288	0.01691	0.02288	0.01481	0.02065	0.01089	0.00817	0.00817	0.00272	0.01147	0.00698	0.00363	0.01022
6	0.02364	0.01884	0.01839	0.01564	0.01986	0.09946	0.01242	0.27221	0.05835	0.03647	0.02182	0.02475	0.01714	0.01950	0.13124	0.00435	0.01097	0.00764	0.17650	0.01082
7	0.01012	0.00723	0.00964	0.01157	0.01205	0.00675	0.00771	0.01157	0.01591	0.02121	0.04579	0.70262	0.05495	0.02603	0.01060	0.00337	0.00482	0.02362	0.00771	0.00675
8	0.00988	0.00817	0.00867	0.00908	0.01140	0.00696	0.00661	0.01185	0.01830	0.02218	0.07605	0.21152	0.52652	0.02209	0.00998	0.00293	0.00434	0.01882	0.00771	0.00696
9	0.09737	0.15368	0.11578	0.02715	0.19093	0.23347	0.01949	0.02787	0.01939	0.02446	0.01350	0.01635	0.01115	0.00782	0.00712	0.00227	0.01133	0.00575	0.00409	0.01104
10	0.01680	0.01590	0.02692	0.54338	0.19327	0.01875	0.02362	0.02220	0.01713	0.02257	0.01496	0.02179	0.01155	0.00810	0.00829	0.00270	0.01080	0.00739	0.00379	0.01012
11	0.01012	0.00723	0.00964	0.01157	0.01205	0.00675	0.00771	0.01157	0.01591	0.02121	0.04579	0.70262	0.05495	0.02603	0.01060	0.00337	0.00482	0.02362	0.00771	0.00675
12	0.01666	0.04297	0.66500	0.02368	0.03596	0.01929	0.03069	0.02631	0.01754	0.02631	0.01491	0.01754	0.01052	0.00789	0.00789	0.00263	0.01228	0.00614	0.00351	0.01228
13	0.01787	0.10449	0.46477	0.02530	0.03619	0.02102	0.16330	0.02624	0.01794	0.02571	0.01500	0.01822	0.01101	0.00761	0.00807	0.00258	0.01233	0.00680	0.00367	0.01188
14	0.02066	0.01785	0.01878	0.01691	0.02160	0.02066	0.01315	0.04414	0.64121	0.03475	0.03381	0.03099	0.02536	0.01127	0.00845	0.00282	0.00657	0.00939	0.00845	0.01315
15	0.01187	0.00890	0.01335	0.01335	0.01483	0.01038	0.01038	0.01483	0.01335	0.01928	0.02225	0.03264	0.02077	0.06231	0.67512	0.01335	0.02225	0.00890	0.00445	0.00742
16	0.01549	0.00774	0.00774	0.00774	0.00968	0.00774	0.00581	0.01936	0.01742	0.03097	0.02710	0.03097	0.02129	0.00968	0.00581	0.00194	0.00387	0.00774	0.75416	0.00774
17	0.52441	0.01983	0.02169	0.01743	0.02323	0.08394	0.14984	0.02578	0.01631	0.03318	0.01288	0.01567	0.00998	0.00763	0.00643	0.00258	0.00899	0.00579	0.00484	0.00956
18	0.02202	0.01795	0.01913	0.01692	0.02180	0.02053	0.01324	0.07428	0.58076	0.06534	0.03304	0.03029	0.02455	0.01116	0.00844	0.00279	0.00673	0.00924	0.00853	0.01325
19	0.00982	0.00842	0.00842	0.00842	0.01122	0.00701	0.00631	0.01192	0.01894	0.02244	0.08416	0.07995	0.65285	0.02104	0.00982	0.00281	0.00421	0.01753	0.00771	0.00701
20	0.76672	0.01607	0.01221	0.01092	0.01607	0.01864	0.00900	0.02442	0.01414	0.03727	0.01157	0.01350	0.00900	0.00771	0.00514	0.00257	0.00643	0.00450	0.00514	0.00900
21	0.01208	0.00805	0.00906	0.00906	0.00906	0.00805	0.00503	0.01208	0.01208	0.01611	0.02618	0.05436	0.03020	0.70804	0.04228	0.00805	0.00805	0.01208	0.00503	0.00503
22	0.01666	0.04297	0.66500	0.02368	0.03596	0.01929	0.03069	0.02631	0.01754	0.02631	0.01491	0.01754	0.01052	0.00789	0.00789	0.00263	0.01228	0.00614	0.00351	0.01228
23	0.01187	0.00890	0.01335	0.01335	0.01483	0.01038	0.01038	0.01483	0.01335	0.01928	0.02225	0.03264	0.02077	0.06231	0.67512	0.01335	0.02225	0.00890	0.00445	0.00742
24	0.01322	0.00944	0.01319	0.01511	0.01695	0.00942	0.01310	0.01692	0.01896	0.02467	0.04408	0.12496	0.04818	0.02311	0.01143	0.00380	0.00750	0.57071	0.00765	0.00760
25	0.01818	0.01818	0.02545	0.02181	0.02181	0.02545	0.01818	0.01999	0.01272	0.01999	0.01091	0.01818	0.01091	0.01454	0.02726	0.00364	0.69284	0.00727	0.00364	0.00909
26	0.00982	0.00842	0.00842	0.00842	0.01122	0.00701	0.00631	0.01192	0.01894	0.02244	0.08416	0.07995	0.65285	0.02104	0.00982	0.00281	0.00421	0.01753	0.00771	0.00701
27	0.02222	0.02026	0.01955	0.01746	0.02221	0.08548	0.01356	0.07163	0.55080	0.03419	0.03106	0.02887	0.02336	0.01094	0.00835	0.00273	0.00753	0.00890	0.00803	0.01285
28	0.02407	0.57075	0.03931	0.01573	0.02224	0.16848	0.01460	0.02663	0.01829	0.01971	0.01182	0.01368	0.01067	0.00741	0.00579	0.00185	0.01017	0.00463	0.00371	0.01044
29	0.01666	0.04297	0.66500	0.02368	0.03596	0.01929	0.03069	0.02631	0.01754	0.02631	0.01491	0.01754	0.01052	0.00789	0.00789	0.00263	0.01228	0.00614	0.00351	0.01228
30	0.03005	0.03617	0.02467	0.02412	0.08794	0.55182	0.01696	0.08582	0.02448	0.02388	0.01375	0.01598	0.01125	0.00857	0.00764	0.00220	0.01395	0.00574	0.00463	0.01038
31	0.01043	0.00844	0.00927	0.00906	0.01160	0.00728	0.00680	0.01312	0.02039	0.02590	0.26455	0.07426	0.47030	0.01975	0.00981	0.00274	0.00412	0.01674	0.00817	0.00728
32	0.01176	0.00849	0.01110	0.01045	0.01241	0.00784	0.00784	0.01568	0.02352	0.03331	0.65184	0.06206	0.07839	0.01698	0.00980	0.00261	0.00392	0.01502	0.00914	0.00784
33	0.03054	0.03865	0.02402	0.02280	0.05552	0.64370	0.01650	0.03281	0.02332	0.02065	0.01297	0.01525	0.01082	0.00851	0.00753	0.00216	0.01474	0.00545	0.00427	0.00980
34	0.01187	0.00890	0.01335	0.01335	0.01483	0.01038	0.01038	0.01483	0.01335	0.01928	0.02225	0.03264	0.02077	0.06231	0.67512	0.01335	0.02225	0.00890	0.00445	0.00742
35	0.00982	0.00842	0.00842	0.00842	0.01122	0.00701	0.00631	0.01192	0.01894	0.02244	0.08416	0.07995	0.65285	0.02104	0.00982	0.00281	0.00421	0.01753	0.00771	0.00701
36	0.01119	0.00877	0.01073	0.04278	0.01414	0.00804	0.00799	0.01449	0.02139	0.02849	0.39956	0.06707	0.29887	0.01814	0.00973	0.00270	0.00438	0.01563	0.00832	0.00758
37	0.02015	0.02053	0.03520	0.13806	0.41055	0.05081	0.15159	0.02548	0.01895	0.02585	0.01562	0.02092	0.01263	0.00750	0.00854	0.00257	0.01116	0.00781	0.00408	0.01201
38	0.01569	0.01477	0.02492	0.68808	0.05722	0.01846	0.02307	0.02123	0.01661	0.02123	0.01477	0.02215	0.01107	0.00831	0.00831	0.00277	0.01107	0.00738	0.00369	0.00923
39	0.00982	0.00842	0.00842	0.00842	0.01122	0.00701	0.00631	0.01192	0.01894	0.02244	0.08416	0.07995	0.65285	0.02104	0.00982	0.00281	0.00421	0.01753	0.00771	0.00701
40	0.01666	0.04297	0.66500	0.02368	0.03596	0.01929	0.03069	0.02631	0.01754	0.02631	0.01491	0.01754	0.01052	0.00789	0.00789	0.00263	0.01228	0.00614	0.00351	0.01228
41	0.02473	0.02596	0.03070	0.06612	0.30275	0.20928	0.08004	0.10821	0.02290	0.02822	0.01548	0.01913	0.01243	0.00808	0.00818	0.00242	0.01170	0.00706	0.00471	0.01190
42	0.02221	0.71304	0.04353	0.01421	0.02132	0.03287	0.01421	0.02488	0.01688	0.01955	0.01155	0.01333	0.01066	0.00711	0.00533	0.00178	0.00888	0.00444	0.00355	0.01066
43	0.01862	0.01897	0.06180	0.27424	0.34499	0.01935	0.02364	0.02591	0.08133	0.02575	0.01713	0.02203	0.01352	0.00814	0.00826	0.00262	0.01009	0.00753	0.00437	0.01170
44	0.02058	0.01931	0.03033	0.04325	0.51208	0.01995	0.02269	0.02973	0.16026	0.02887	0.01976	0.02293	0.01593	0.00828	0.00828	0.00255	0.00912	0.00785	0.00510	0.01316
45	0.01198	0.00846	0.01114	0.01114	0.01185	0.00918	0.00762	0.01341	0.01270	0.01765	0.02428	0.04385	0.02564	0.39559	0.34849	0.01062	0.01492	0.01054	0.00475	0.00619
46	0.01872	0.02723	0.20059	0.02707	0.06043	0.07728	0.24408	0.02469	0.01836	0.02467	0.02174	0.02549	0.07488	0.00983	0.01146	0.00280	0.10692	0.00876	0.00429	0.01072
47	0.01192	0.00871	0.01238	0.01238	0.01352	0.00985	0.00917	0.01421	0.01306	0.01856	0.02314	0.03757	0.02291	0.20897	0.53139	0.01215	0.01903	0.00962	0.00458	0.00688
48	0.02507	0.45826	0.03695	0.01790	0.05567	0.08981	0.01533	0.16278	0.02264	0.02746	0.01379	0.01536	0.01158	0.00791	0.00636	0.00201	0.00956	0.00537	0.00473	0.01148
49	0.02638	0.03112	0.02333	0.05370	0.08090	0.43235	0.01651	0.03187	0.10526	0.02354	0.04811	0.02049	0.01633	0.00954	0.00885	0.00239	0.04729	0.00675	0.00501	0.01028
50	0.02098	0.02543	0.12512	0.07080	0.41703	0.11457	0.02427	0.02619	0.01929	0.02565	0.01627	0.02245	0.01377	0.00834	0.00821	0.00252	0.01094	0.03190	0.00418	0.01210
51	0.01741	0.01831	0.16202	0.01635	0.02154	0.01277	0.01616	0.02408	0.07547	0.10790	0.07004	0.05941	0.09513	0.01636	0.00974	0.00314	0.00800	0.24898	0.00720	0.00997
52	0.02056	0.01974	0.03372	0.05099	0.65622	0.01974	0.02550	0.02550	0.01892	0.02714	0.01563	0.02056	0.01316	0.00740	0.00822	0.00247	0.00987	0.00740	0.00411	0.01316
53	0.01902	0.01817	0.03094	0.25211	0.46713	0.01933	0.02473	0.02415	0.01819	0.02527	0.01535	0.02106	0.01250	0.00769	0.00825	0.00256	0.01025	0.00740	0.00398	0.01192
54	0.01777	0.02575	0.23667	0.24152	0.26660	0.01919	0.02643	0.02442	0.01775	0.02502	0.01512	0.02007	0.01165	0.00784	0.00814	0.00261	0.01103	0.00698	0.00378	0.01164
55	0.00982	0.00842	0.00842	0.00842	0.01122	0.00701	0.00631	0.01192	0.01894	0.02244	0.08416	0.07995	0.65285	0.02104	0.00982	0.00281	0.00421	0.01753	0.00771	0.00701
56	0.01009	0.00735	0.00952	0.01126	0.01197	0.00677	0.00757	0.01160	0.01620	0.02133	0.04958	0.64115	0.11397	0.02553	0.01053	0.00332	0.00476	0.02302	0.00771	0.00677
57	0.01666	0.04297	0.66500	0.02368	0.03596	0.01929	0.03069	0.02631	0.01754	0.02631	0.01491	0.01754	0.01052	0.00789	0.00789	0.00263	0.01228	0.00614	0.00351	0.01228
58	0.02125	0.05415	0.01872	0.01623	0.01910	0.28700	0.01220	0.05143	0.01872	0.02072	0.01846	0.02775	0.01752	0.15116	0.22268	0.00671	0.01546	0.00773	0.00463	0.00837
59	0.02066	0.01785	0.01878	0.01691	0.02160	0.02066	0.01315	0.04414	0.64121	0.03475	0.03381	0.03099	0.02536	0.01127	0.00845	0.00282	0.00657	0.00939	0.00845	0.01315
60	0.03727	0.01414	0.01928	0.01478	0.02121	0.01221	0.01221	0.04049	0.02378	0.66198	0.03277	0.02828	0.02056	0.01028	0.00835	0.00257	0.00707	0.00835	0.01028	0.01414
61	0.01569	0.01477	0.02492	0.68808	0.05722	0.01846	0.02307	0.02123	0.01661	0.02123	0.01477	0.02215	0.01107	0.00831	0.00831	0.00277	0.01107	0.00738	0.00369	0.00923
62	0.03727	0.01414	0.01928	0.01478	0.02121	0.01221	0.01221	0.04049	0.02378	0.66198	0.03277	0.02828	0.02056	0.01028	0.00835	0.00257	0.00707	0.00835	0.01028	0.01414
63	0.01208	0.00805	0.00906	0.00906	0.00906	0.00805	0.00503	0.01208	0.01208	0.01611	0.02618	0.05436	0.03020	0.70804	0.04228	0.00805	0.00805	0.01208	0.00503	0.00503
64	0.00985	0.00830	0.00854	0.00874	0.01131	0.00699	0.00645	0.01189	0.01863	0.02232	0.08025	0.14330	0.59202	0.02155	0.00990	0.00286	0.00427	0.01815	0.00771	0.00699
65	0.01208	0.00805	0.00906	0.00906	0.00906	0.00805	0.00503	0.01208	0.01208	0.01611	0.02618	0.05436	0.03020	0.70804	0.04228	0.00805	0.00805	0.01208	0.00503	0.00503
66	0.01666	0.04297	0.66500	0.02368	0.03596	0.01929	0.03069	0.02631	0.01754	0.02631	0.01491	0.01754	0.01052	0.00789	0.00789	0.00263	0.01228	0.00614	0.00351	0.01228
67	0.03103	0.03959	0.02354	0.02140	0.02568	0.67469	0.01605	0.03317	0.02354	0.02033	0.01284	0.01498	0.01070	0.00856	0.00749	0.00214	0.01498	0.00535	0.00428	0.00963
68	0.01187	0.00890	0.01335	0.01335	0.01483	0.01038	0.01038	0.01483	0.01335	0.01928	0.02225	0.03264	0.02077	0.06231	0.67512	0.01335	0.02225	0.00890	0.00445	0.00742
69	0.01339	0.00956	0.01339	0.01530	0.01721	0.00956	0.01339	0.01721	0.01912	0.02486	0.04399	0.09371	0.04781	0.02295	0.01147	0.00382	0.00765	0.60031	0.00765	0.00765
70	0.03727	0.01414	0.01928	0.01478	0.02121	0.01221	0.01221	0.04049	0.02378	0.66198	0.03277	0.02828	0.02056	0.01028	0.00835	0.00257	0.00707	0.00835	0.01028	0.01414
