[name]
unknown

[dist]
# distance from previous block
# <min> <max>
0	3

[block]
# block no. 0 follows, 21 sequences, length 25
# corresponding to MSA columns:
# 3-27
name=unknown_A
#
# <colnr> <probs for GDERKNQSTAVLIFYWHMCP>
#	G	D	E	R	K	N	Q	S	T	A	V	L	I	F	Y	W	H	M	C	P
0	0.18482	0.01132	0.01344	0.01465	0.01736	0.01192	0.01268	0.01932	0.01842	0.02838	0.03745	0.07718	0.03987	0.01993	0.01027	0.00362	0.00755	0.45640	0.00725	0.00815
1	0.03092	0.03389	0.02552	0.02418	0.08605	0.42418	0.01730	0.19822	0.02814	0.03074	0.01548	0.01733	0.01219	0.00906	0.00798	0.00233	0.01316	0.00630	0.00553	0.01151
2	0.18902	0.02636	0.29402	0.01703	0.02446	0.01613	0.01851	0.02465	0.01680	0.09292	0.02029	0.06657	0.01769	0.12501	0.01354	0.00365	0.00945	0.00827	0.00523	0.01041
3	0.05975	0.02809	0.09516	0.03731	0.35102	0.19001	0.02269	0.06613	0.02156	0.02803	0.01527	0.01885	0.01240	0.00813	0.00805	0.00246	0.01152	0.00676	0.00452	0.01230
4	0.01006	0.00862	0.00862	0.00862	0.01149	0.00718	0.00647	0.01221	0.01940	0.02299	0.08621	0.08190	0.64438	0.02155	0.01006	0.00287	0.00431	0.01796	0.00790	0.00718
5	0.01765	0.01513	0.01765	0.01260	0.02017	0.01134	0.01008	0.02143	0.01765	0.02773	0.01513	0.01765	0.01260	0.00630	0.00630	0.00126	0.00630	0.00504	0.00504	0.75295
6	0.02051	0.33259	0.24192	0.02638	0.17057	0.02605	0.02272	0.02611	0.01799	0.02407	0.01391	0.01676	0.01146	0.00761	0.00700	0.00227	0.01047	0.00581	0.00376	0.01205
7	0.01083	0.00760	0.00974	0.01126	0.01164	0.00722	0.00727	0.01197	0.01540	0.02053	0.04230	0.54891	0.05048	0.18104	0.01829	0.00455	0.00570	0.02149	0.00727	0.00651
8	0.01006	0.00862	0.00862	0.00862	0.01149	0.00718	0.00647	0.01221	0.01940	0.02299	0.08621	0.08190	0.64438	0.02155	0.01006	0.00287	0.00431	0.01796	0.00790	0.00718
9	0.01086	0.00778	0.01031	0.01152	0.01245	0.00724	0.00794	0.01308	0.01857	0.02534	0.22085	0.51111	0.06329	0.02396	0.01062	0.00323	0.00467	0.02163	0.00833	0.00724
10	0.16117	0.02072	0.02684	0.03454	0.34328	0.06056	0.01960	0.09074	0.07377	0.06271	0.01796	0.02059	0.01407	0.00847	0.00783	0.00256	0.00928	0.00713	0.00555	0.01261
11	0.01536	0.01369	0.01905	0.01729	0.01774	0.01786	0.01368	0.01725	0.01330	0.01974	0.01892	0.06767	0.01966	0.13408	0.21059	0.00722	0.35478	0.00964	0.00442	0.00805
12	0.01707	0.04402	0.65683	0.02426	0.03683	0.01976	0.03144	0.02695	0.01797	0.02695	0.01527	0.01797	0.01078	0.00809	0.00809	0.00270	0.01258	0.00629	0.00359	0.01258
13	0.02029	0.01943	0.03314	0.14963	0.55649	0.02002	0.02573	0.02544	0.01901	0.02686	0.01587	0.02131	0.01315	0.00773	0.00844	0.00258	0.01030	0.00758	0.00415	0.01286
14	0.02227	0.02277	0.03073	0.04305	0.47402	0.12637	0.02291	0.02766	0.04998	0.02652	0.01689	0.02144	0.01418	0.01157	0.05041	0.00320	0.01162	0.00743	0.00448	0.01251
15	0.01707	0.04402	0.65683	0.02426	0.03683	0.01976	0.03144	0.02695	0.01797	0.02695	0.01527	0.01797	0.01078	0.00809	0.00809	0.00270	0.01258	0.00629	0.00359	0.01258
16	0.02106	0.02022	0.03454	0.05223	0.64784	0.02022	0.02612	0.02612	0.01938	0.02780	0.01601	0.02106	0.01348	0.00758	0.00842	0.00253	0.01011	0.00758	0.00421	0.01348
17	0.01707	0.04402	0.65683	0.02426	0.03683	0.01976	0.03144	0.02695	0.01797	0.02695	0.01527	0.01797	0.01078	0.00809	0.00809	0.00270	0.01258	0.00629	0.00359	0.01258
18	0.01636	0.01542	0.02605	0.64385	0.09296	0.01898	0.02378	0.02200	0.01715	0.02210	0.01518	0.02259	0.01147	0.00845	0.00850	0.00282	0.01127	0.00756	0.00381	0.00969
19	0.01037	0.00741	0.00987	0.01185	0.01234	0.00691	0.00790	0.01185	0.01629	0.02172	0.04690	0.69537	0.05629	0.02666	0.01086	0.00346	0.00494	0.02419	0.00790	0.00691
20	0.01916	0.01864	0.03257	0.19483	0.41025	0.01929	0.08610	0.02441	0.01890	0.02605	0.01999	0.02516	0.04946	0.00857	0.00871	0.00266	0.01051	0.00844	0.00434	0.01197
21	0.01622	0.01520	0.02442	0.33428	0.22825	0.01663	0.02046	0.02090	0.01828	0.02388	0.03167	0.03575	0.15694	0.01121	0.00884	0.00275	0.00936	0.00995	0.00486	0.01017
22	0.02303	0.02391	0.02763	0.10272	0.29725	0.16886	0.02068	0.03193	0.16351	0.02739	0.01961	0.02242	0.01560	0.00888	0.00832	0.00257	0.01065	0.00757	0.00525	0.01223
23	0.02008	0.01740	0.02601	0.49480	0.08292	0.02070	0.02205	0.15932	0.02243	0.02940	0.01639	0.02208	0.01218	0.00885	0.00850	0.00275	0.01082	0.00759	0.00489	0.01082
24	0.02235	0.02369	0.03005	0.19213	0.36782	0.16794	0.02332	0.02690	0.01991	0.02479	0.01515	0.02013	0.01240	0.00807	0.00827	0.00252	0.01160	0.00710	0.00415	0.01171

[dist]
# distance from previous block
# <min> <max>
4	9

[block]
# block no. 1 follows, 21 sequences, length 40
# corresponding to MSA columns:
# 37-76
name=unknown_B
#
# <colnr> <probs for GDERKNQSTAVLIFYWHMCP>
#	G	D	E	R	K	N	Q	S	T	A	V	L	I	F	Y	W	H	M	C	P
0	0.05324	0.02079	0.02311	0.14095	0.16295	0.16763	0.01777	0.04723	0.01899	0.02424	0.01716	0.02329	0.01465	0.02457	0.20061	0.00577	0.01506	0.00741	0.00449	0.01007
1	0.06933	0.02238	0.02647	0.24161	0.17140	0.12256	0.02038	0.16756	0.02398	0.03154	0.01607	0.02010	0.01236	0.00872	0.00816	0.00259	0.01094	0.00708	0.00519	0.01158
2	0.15858	0.22584	0.02669	0.01543	0.02149	0.02508	0.01331	0.19234	0.13068	0.03554	0.02309	0.02321	0.05586	0.00989	0.00713	0.00243	0.00799	0.00719	0.00644	0.01179
3	0.02856	0.03069	0.02569	0.02723	0.16174	0.35447	0.01786	0.14968	0.02590	0.02967	0.01616	0.01865	0.01290	0.00887	0.00790	0.00233	0.01228	0.00654	0.05144	0.01147
4	0.01254	0.00979	0.01545	0.01476	0.01662	0.01117	0.04012	0.01578	0.01399	0.02012	0.02252	0.03292	0.02087	0.06107	0.63525	0.01315	0.02238	0.00916	0.00455	0.00779
5	0.03235	0.02384	0.02554	0.01958	0.02639	0.02639	0.01618	0.61946	0.04001	0.05363	0.02043	0.02043	0.01447	0.01022	0.00851	0.00255	0.00936	0.00766	0.00851	0.01447
6	0.01233	0.00844	0.01023	0.01023	0.01056	0.00877	0.00634	0.01299	0.01266	0.01721	0.02594	0.05087	0.02885	0.56289	0.17849	0.00943	0.01140	0.01167	0.00503	0.00569
7	0.01030	0.00863	0.00896	0.00888	0.01165	0.00729	0.00666	0.01269	0.01998	0.02437	0.15513	0.07963	0.57460	0.02104	0.01006	0.00285	0.00427	0.01764	0.00808	0.00729
8	0.01219	0.00900	0.01307	0.01307	0.01438	0.01031	0.00989	0.01481	0.01350	0.01931	0.02335	0.03649	0.02260	0.15126	0.58158	0.01293	0.02080	0.00956	0.00464	0.00726
9	0.01224	0.00819	0.00932	0.00945	0.00948	0.00816	0.00534	0.01234	0.01263	0.01684	0.02813	0.09773	0.03260	0.65661	0.04118	0.00794	0.00803	0.01315	0.00534	0.00527
10	0.01057	0.00798	0.00977	0.01073	0.01216	0.00718	0.00751	0.01267	0.01852	0.02421	0.16020	0.41136	0.22906	0.02361	0.01049	0.00316	0.00460	0.02090	0.00815	0.00718
11	0.01238	0.00825	0.00928	0.00928	0.00928	0.00825	0.00516	0.01238	0.01238	0.01650	0.02681	0.05569	0.03094	0.70092	0.04331	0.00825	0.00825	0.01238	0.00516	0.00516
12	0.01037	0.00741	0.00987	0.01185	0.01234	0.00691	0.00790	0.01185	0.01629	0.02172	0.04690	0.69537	0.05629	0.02666	0.01086	0.00346	0.00494	0.02419	0.00790	0.00691
13	0.01660	0.01467	0.02018	0.01792	0.01850	0.01950	0.01456	0.01889	0.01379	0.02167	0.01663	0.02535	0.01571	0.05924	0.15688	0.00576	0.42134	0.00811	0.10614	0.00856
14	0.03182	0.03973	0.02419	0.02181	0.02631	0.63487	0.01643	0.06314	0.02491	0.02246	0.01352	0.01560	0.01114	0.00884	0.00772	0.00221	0.01505	0.00559	0.00459	0.01010
15	0.01889	0.01961	0.06737	0.04290	0.49949	0.01791	0.02299	0.02373	0.01930	0.02691	0.02828	0.03155	0.12401	0.01006	0.00869	0.00260	0.00924	0.00933	0.00482	0.01232
16	0.03179	0.04056	0.02412	0.02192	0.02631	0.66676	0.01644	0.03398	0.02412	0.02083	0.01315	0.01535	0.01096	0.00877	0.00767	0.00219	0.01535	0.00548	0.00438	0.00987
17	0.11606	0.03103	0.13705	0.03047	0.22306	0.24079	0.02122	0.05505	0.02105	0.02770	0.01459	0.01765	0.01166	0.00823	0.00772	0.00246	0.01186	0.00627	0.00448	0.01161
18	0.01444	0.01228	0.01663	0.01424	0.01726	0.01229	0.03654	0.01776	0.01940	0.02795	0.26688	0.11888	0.08174	0.01545	0.01244	0.00266	0.12379	0.01271	0.00697	0.16968
19	0.01175	0.00869	0.01096	0.01040	0.01253	0.00790	0.00780	0.01549	0.02339	0.03246	0.56022	0.06630	0.16446	0.01802	0.01004	0.00271	0.00406	0.01577	0.00915	0.00790
20	0.01707	0.04402	0.65683	0.02426	0.03683	0.01976	0.03144	0.02695	0.01797	0.02695	0.01527	0.01797	0.01078	0.00809	0.00809	0.00270	0.01258	0.00629	0.00359	0.01258
21	0.01006	0.00862	0.00862	0.00862	0.01149	0.00718	0.00647	0.01221	0.01940	0.02299	0.08621	0.08190	0.64438	0.02155	0.01006	0.00287	0.00431	0.01796	0.00790	0.00718
22	0.01970	0.01671	0.01997	0.18215	0.03022	0.01940	0.01536	0.07145	0.37348	0.03238	0.03103	0.03129	0.05215	0.01110	0.00851	0.00280	0.00776	0.00930	0.05339	0.01187
23	0.02117	0.01828	0.01924	0.01732	0.02213	0.02117	0.01347	0.04522	0.63246	0.03560	0.03464	0.03175	0.02598	0.01155	0.00866	0.00289	0.00673	0.00962	0.00866	0.01347
24	0.02977	0.03647	0.02420	0.02335	0.06664	0.54440	0.01671	0.03486	0.09906	0.02311	0.01600	0.01775	0.01298	0.00903	0.00784	0.00230	0.01394	0.00613	0.00490	0.01055
25	0.03110	0.03942	0.02422	0.02195	0.02610	0.63345	0.01656	0.03328	0.02354	0.02081	0.01305	0.01552	0.01097	0.00909	0.00873	0.00227	0.05018	0.00558	0.00435	0.00984
26	0.01238	0.00825	0.00928	0.00928	0.00928	0.00825	0.00516	0.01238	0.01238	0.01650	0.02681	0.05569	0.03094	0.70092	0.04331	0.00825	0.00825	0.01238	0.00516	0.00516
27	0.02275	0.70604	0.04459	0.01456	0.02184	0.03367	0.01456	0.02548	0.01729	0.02002	0.01183	0.01365	0.01092	0.00728	0.00546	0.00182	0.00910	0.00455	0.00364	0.01092
28	0.02083	0.01261	0.01548	0.01378	0.01734	0.01252	0.01059	0.09467	0.09952	0.16805	0.22957	0.18867	0.04768	0.01642	0.00955	0.00285	0.00588	0.01427	0.00910	0.01060
29	0.01080	0.00759	0.00975	0.01129	0.01168	0.00720	0.00731	0.01196	0.01544	0.02059	0.04255	0.55678	0.05079	0.17275	0.01789	0.00449	0.00566	0.02163	0.00731	0.00653
30	0.02051	0.02063	0.03809	0.08569	0.45501	0.02048	0.18014	0.02615	0.01942	0.02730	0.01627	0.02165	0.01320	0.00753	0.00885	0.00264	0.01129	0.00822	0.00421	0.01272
31	0.76103	0.01646	0.01251	0.01119	0.01646	0.01909	0.00922	0.02502	0.01448	0.03818	0.01185	0.01382	0.00922	0.00790	0.00527	0.00263	0.00658	0.00461	0.00527	0.00922
32	0.01720	0.03812	0.51154	0.02555	0.03670	0.01930	0.13276	0.02610	0.01824	0.02669	0.01751	0.05952	0.01389	0.00904	0.00860	0.00277	0.01243	0.00802	0.00398	0.01204
33	0.01011	0.00841	0.00884	0.00919	0.01164	0.00714	0.00672	0.01215	0.01885	0.02277	0.07931	0.18954	0.54120	0.02245	0.01020	0.00298	0.00442	0.01905	0.00790	0.00714
34	0.01870	0.01997	0.12842	0.01556	0.02128	0.01621	0.01444	0.17654	0.10096	0.03470	0.12682	0.04606	0.21630	0.01445	0.00914	0.00273	0.00733	0.01186	0.00760	0.01091
35	0.01759	0.10511	0.60033	0.02336	0.03545	0.02105	0.02988	0.02682	0.01790	0.02631	0.01495	0.01757	0.01079	0.00801	0.00784	0.00261	0.01226	0.00613	0.00360	0.01242
36	0.01040	0.00800	0.00952	0.01048	0.01204	0.00712	0.00735	0.01237	0.01822	0.02335	0.11643	0.39668	0.28990	0.02381	0.01047	0.00316	0.00461	0.02094	0.00803	0.00712
37	0.02160	0.02124	0.03402	0.05071	0.61659	0.05272	0.02563	0.02651	0.01962	0.02745	0.01586	0.02078	0.01335	0.00764	0.00839	0.00251	0.01037	0.00748	0.00422	0.01330
38	0.01842	0.01745	0.02847	0.07483	0.47991	0.01733	0.02173	0.02288	0.01926	0.02645	0.03117	0.03433	0.15006	0.01066	0.00878	0.00262	0.00892	0.00983	0.00499	0.01191
39	0.01869	0.01948	0.01826	0.01716	0.01933	0.20426	0.01332	0.02134	0.01665	0.02016	0.01854	0.02632	0.01701	0.04169	0.39541	0.00909	0.10258	0.00785	0.00440	0.00847

[dist]
# distance from previous block
# <min> <max>
0	1

[block]
# block no. 2 follows, 21 sequences, length 17
# corresponding to MSA columns:
# 78-94
name=unknown_C
#
# <colnr> <probs for GDERKNQSTAVLIFYWHMCP>
#	G	D	E	R	K	N	Q	S	T	A	V	L	I	F	Y	W	H	M	C	P
0	0.02560	0.02100	0.02141	0.01792	0.02342	0.05196	0.01429	0.28140	0.31936	0.04162	0.03102	0.02948	0.05978	0.01150	0.00864	0.00272	0.00807	0.00915	0.00836	0.01332
1	0.03179	0.04056	0.02412	0.02192	0.02631	0.66676	0.01644	0.03398	0.02412	0.02083	0.01315	0.01535	0.01096	0.00877	0.00767	0.00219	0.01535	0.00548	0.00438	0.00987
2	0.03179	0.04056	0.02412	0.02192	0.02631	0.66676	0.01644	0.03398	0.02412	0.02083	0.01315	0.01535	0.01096	0.00877	0.00767	0.00219	0.01535	0.00548	0.00438	0.00987
3	0.02218	0.08751	0.03317	0.08275	0.43382	0.07203	0.02315	0.05677	0.02009	0.02704	0.01528	0.01984	0.01282	0.00826	0.00922	0.00252	0.04954	0.00712	0.00434	0.01251
4	0.01030	0.00769	0.00958	0.01110	0.01215	0.00698	0.00757	0.01193	0.01701	0.02202	0.05600	0.55347	0.19231	0.02548	0.01068	0.00332	0.00479	0.02275	0.00790	0.00698
5	0.02106	0.02022	0.03454	0.05223	0.64784	0.02022	0.02612	0.02612	0.01938	0.02780	0.01601	0.02106	0.01348	0.00758	0.00842	0.00253	0.01011	0.00758	0.00421	0.01348
6	0.76103	0.01646	0.01251	0.01119	0.01646	0.01909	0.00922	0.02502	0.01448	0.03818	0.01185	0.01382	0.00922	0.00790	0.00527	0.00263	0.00658	0.00461	0.00527	0.00922
7	0.01098	0.00858	0.00996	0.00978	0.01211	0.00755	0.00727	0.01394	0.02133	0.02797	0.33697	0.11414	0.34897	0.02000	0.01010	0.00282	0.00422	0.01720	0.00857	0.00755
8	0.01055	0.00859	0.00901	0.00894	0.01138	0.00740	0.00650	0.01268	0.01913	0.02353	0.14361	0.07678	0.50890	0.09910	0.01388	0.00347	0.00473	0.01702	0.00776	0.00705
9	0.01037	0.00741	0.00987	0.01185	0.01234	0.00691	0.00790	0.01185	0.01629	0.02172	0.04690	0.69537	0.05629	0.02666	0.01086	0.00346	0.00494	0.02419	0.00790	0.00691
10	0.01786	0.01588	0.01964	0.02283	0.16371	0.01682	0.01433	0.03105	0.30955	0.03007	0.04556	0.04409	0.20577	0.01359	0.00902	0.00280	0.00680	0.01161	0.00741	0.01162
11	0.03109	0.09197	0.02570	0.02136	0.02596	0.61785	0.01630	0.03333	0.02359	0.02077	0.01305	0.01522	0.01096	0.00865	0.00750	0.00216	0.01486	0.00541	0.00433	0.00995
12	0.01678	0.00975	0.01289	0.01151	0.01435	0.00884	0.00884	0.02067	0.02414	0.14646	0.53279	0.05729	0.06956	0.01615	0.00977	0.00267	0.00460	0.01415	0.00958	0.00920
13	0.01256	0.01055	0.01114	0.01066	0.01379	0.01008	0.00809	0.01934	0.14165	0.02718	0.16044	0.06918	0.43628	0.01894	0.00978	0.00285	0.00475	0.01592	0.00827	0.00856
14	0.02179	0.02203	0.03228	0.04491	0.49584	0.08600	0.02407	0.02610	0.01894	0.02605	0.01503	0.02014	0.01290	0.00875	0.01114	0.00267	0.10733	0.00735	0.00416	0.01252
15	0.02324	0.02447	0.05235	0.09509	0.25447	0.14938	0.02051	0.06630	0.17061	0.02919	0.02012	0.02252	0.01577	0.00905	0.00833	0.00259	0.01050	0.00761	0.00551	0.01239
16	0.15382	0.02789	0.02129	0.02002	0.05669	0.29870	0.01472	0.10084	0.13922	0.03118	0.01857	0.01974	0.01448	0.00929	0.00752	0.00245	0.01079	0.00658	0.03514	0.01109

[dist]
# distance from previous block
# <min> <max>
0	3

[block]
# block no. 3 follows, 21 sequences, length 22
# corresponding to MSA columns:
# 98-119
name=unknown_D
#
# <colnr> <probs for GDERKNQSTAVLIFYWHMCP>
#	G	D	E	R	K	N	Q	S	T	A	V	L	I	F	Y	W	H	M	C	P
0	0.05777	0.16307	0.02933	0.02499	0.15215	0.14978	0.01718	0.13987	0.12786	0.03140	0.01841	0.01984	0.01460	0.00893	0.00760	0.00239	0.01006	0.00679	0.00572	0.01226
1	0.02225	0.05793	0.06406	0.02707	0.20298	0.11082	0.01783	0.11762	0.06356	0.03015	0.02337	0.02619	0.05609	0.01453	0.06658	0.00345	0.01087	0.00803	0.06506	0.01156
2	0.11555	0.01147	0.01184	0.01083	0.01355	0.01234	0.00818	0.10320	0.01917	0.03186	0.02395	0.03196	0.02059	0.13092	0.08194	0.00443	0.00777	0.00832	0.34360	0.00852
3	0.01826	0.01508	0.01677	0.01535	0.01920	0.01693	0.01192	0.07966	0.34858	0.03152	0.03848	0.06964	0.10716	0.02408	0.14245	0.00507	0.00980	0.01116	0.00768	0.01122
4	0.01221	0.00838	0.01022	0.01035	0.01069	0.00866	0.00645	0.01292	0.01289	0.01749	0.02723	0.09074	0.03052	0.52807	0.16966	0.00907	0.01104	0.01244	0.00520	0.00577
5	0.02266	0.02508	0.14057	0.04077	0.41595	0.02139	0.02502	0.14656	0.02332	0.03289	0.01678	0.02040	0.01321	0.00820	0.00838	0.00256	0.01039	0.00737	0.00498	0.01352
6	0.02106	0.02022	0.03454	0.05223	0.64784	0.02022	0.02612	0.02612	0.01938	0.02780	0.01601	0.02106	0.01348	0.00758	0.00842	0.00253	0.01011	0.00758	0.00421	0.01348
7	0.01668	0.00928	0.01245	0.01249	0.01465	0.00846	0.00919	0.01921	0.01981	0.15593	0.17131	0.39067	0.05371	0.02117	0.01025	0.00314	0.00537	0.04871	0.00876	0.00877
8	0.01216	0.00912	0.01368	0.01368	0.01520	0.01064	0.01064	0.01520	0.01368	0.01976	0.02279	0.03343	0.02127	0.06382	0.66720	0.01368	0.02279	0.00912	0.00456	0.00760
9	0.01006	0.00862	0.00862	0.00862	0.01149	0.00718	0.00647	0.01221	0.01940	0.02299	0.08621	0.08190	0.64438	0.02155	0.01006	0.00287	0.00431	0.01796	0.00790	0.00718
10	0.02608	0.02012	0.02217	0.01661	0.02374	0.01997	0.01358	0.36439	0.03047	0.04259	0.01817	0.01924	0.01368	0.00855	0.00757	0.00200	0.00806	0.00654	0.00703	0.32945
11	0.01026	0.00783	0.00943	0.01072	0.01205	0.00701	0.00740	0.01198	0.01738	0.02217	0.06069	0.48016	0.26260	0.02487	0.01058	0.00325	0.00472	0.02201	0.00790	0.00701
12	0.02868	0.01829	0.02082	0.01703	0.02257	0.01940	0.01366	0.28242	0.15322	0.19358	0.02996	0.11185	0.02382	0.01268	0.00886	0.00276	0.00774	0.01041	0.00896	0.01330
13	0.02611	0.03148	0.02379	0.02116	0.02493	0.44692	0.05433	0.02877	0.02096	0.02100	0.01527	0.01978	0.01322	0.02040	0.14488	0.00470	0.06179	0.00666	0.00437	0.00947
14	0.01022	0.00863	0.00884	0.00879	0.01159	0.00725	0.00659	0.01252	0.01978	0.02389	0.13131	0.08042	0.59872	0.02122	0.01006	0.00286	0.00429	0.01775	0.00802	0.00725
15	0.01978	0.01775	0.02019	0.17990	0.02949	0.10235	0.01556	0.14348	0.02154	0.02750	0.02188	0.02782	0.04293	0.03009	0.25417	0.00674	0.01543	0.00834	0.00530	0.00975
16	0.02158	0.01769	0.01870	0.01653	0.02107	0.02017	0.01279	0.11111	0.48342	0.03606	0.03198	0.03232	0.02480	0.06739	0.01134	0.00324	0.00706	0.00953	0.04052	0.01267
17	0.01586	0.00793	0.00793	0.00793	0.00991	0.00793	0.00595	0.01983	0.01785	0.03173	0.02776	0.03173	0.02181	0.00991	0.00595	0.00198	0.00397	0.00793	0.74817	0.00793
18	0.01226	0.00908	0.01175	0.01265	0.01470	0.00858	0.01032	0.01563	0.02039	0.02677	0.20115	0.13356	0.18277	0.02185	0.01090	0.00335	0.00592	0.28244	0.00823	0.00767
19	0.01765	0.01513	0.01765	0.01260	0.02017	0.01134	0.01008	0.02143	0.01765	0.02773	0.01513	0.01765	0.01260	0.00630	0.00630	0.00126	0.00630	0.00504	0.00504	0.75295
20	0.01404	0.11539	0.01607	0.01124	0.01427	0.04585	0.00886	0.01693	0.02084	0.02672	0.29805	0.08536	0.23080	0.04641	0.01069	0.00285	0.00568	0.01425	0.00757	0.00814
21	0.17578	0.11385	0.02156	0.04282	0.02193	0.23339	0.01302	0.02785	0.04611	0.06067	0.13859	0.02598	0.02539	0.01029	0.00747	0.00241	0.00955	0.00754	0.00592	0.00988

[dist]
# distance from previous block
# <min> <max>
3	7

[block]
# block no. 4 follows, 21 sequences, length 33
# corresponding to MSA columns:
# 127-159
name=unknown_E
#
# <colnr> <probs for GDERKNQSTAVLIFYWHMCP>
#	G	D	E	R	K	N	Q	S	T	A	V	L	I	F	Y	W	H	M	C	P
0	0.04705	0.02128	0.01973	0.05792	0.11836	0.21306	0.01427	0.02346	0.02123	0.02611	0.15337	0.06470	0.10886	0.01255	0.00858	0.00247	0.00918	0.01030	0.00602	0.06150
1	0.02868	0.02397	0.02047	0.01736	0.02269	0.23874	0.01348	0.06187	0.09862	0.19605	0.02431	0.06919	0.01912	0.01055	0.00810	0.00237	0.00977	0.00817	0.00711	0.11940
2	0.16585	0.01609	0.01866	0.04488	0.15808	0.04586	0.01334	0.02145	0.01814	0.02807	0.03274	0.03414	0.17352	0.01100	0.00767	0.00233	0.00732	0.00893	0.00556	0.18635
3	0.04580	0.02982	0.30972	0.16244	0.19711	0.01980	0.06456	0.02565	0.01814	0.02657	0.01543	0.01986	0.01166	0.00798	0.00827	0.00269	0.01159	0.00705	0.00390	0.01199
4	0.04862	0.03100	0.25711	0.02732	0.07749	0.06208	0.17283	0.12142	0.06250	0.03186	0.01763	0.02041	0.01303	0.00842	0.00858	0.00268	0.01192	0.00764	0.00503	0.01243
5	0.02076	0.01991	0.03399	0.09079	0.61168	0.02014	0.02596	0.02585	0.01923	0.02743	0.01595	0.02116	0.01335	0.00764	0.00843	0.00255	0.01019	0.00758	0.00419	0.01323
6	0.02419	0.16005	0.02574	0.01680	0.02298	0.13599	0.01381	0.11932	0.16749	0.03070	0.01953	0.02019	0.01542	0.00876	0.00726	0.00211	0.00902	0.00650	0.00602	0.18813
7	0.01074	0.00848	0.00900	0.00905	0.01108	0.00748	0.00631	0.01247	0.01788	0.02208	0.10458	0.10121	0.43848	0.18290	0.01799	0.00416	0.00526	0.01675	0.00734	0.00674
8	0.02884	0.01940	0.02095	0.01650	0.02215	0.02103	0.01349	0.43660	0.03365	0.09040	0.02309	0.02371	0.01668	0.01017	0.00791	0.00242	0.00793	0.00779	0.18436	0.01292
9	0.02678	0.18930	0.02976	0.08809	0.06640	0.21421	0.01705	0.16952	0.06779	0.02995	0.01644	0.01839	0.01303	0.00885	0.00755	0.00232	0.01112	0.00641	0.00541	0.01164
10	0.01654	0.01024	0.01309	0.01232	0.01495	0.00978	0.00923	0.02188	0.08411	0.12538	0.34723	0.20516	0.06008	0.01796	0.00987	0.00288	0.00500	0.01586	0.00912	0.00930
11	0.01006	0.00862	0.00862	0.00862	0.01149	0.00718	0.00647	0.01221	0.01940	0.02299	0.08621	0.08190	0.64438	0.02155	0.01006	0.00287	0.00431	0.01796	0.00790	0.00718
12	0.01063	0.00827	0.00966	0.01011	0.01204	0.00730	0.00728	0.01302	0.01956	0.02525	0.20650	0.26572	0.32999	0.02213	0.01030	0.00301	0.00443	0.01926	0.00825	0.00730
13	0.03056	0.03518	0.02414	0.02124	0.02586	0.48382	0.01631	0.13486	0.06611	0.02742	0.01572	0.01745	0.01256	0.00949	0.00885	0.00237	0.04563	0.00622	0.00534	0.01087
14	0.47058	0.01940	0.01770	0.01454	0.02042	0.02200	0.01199	0.26196	0.02466	0.04434	0.01527	0.01646	0.01131	0.00882	0.00656	0.00260	0.00769	0.00583	0.00656	0.01131
15	0.01216	0.00912	0.01368	0.01368	0.01520	0.01064	0.01064	0.01520	0.01368	0.01976	0.02279	0.03343	0.02127	0.06382	0.66720	0.01368	0.02279	0.00912	0.00456	0.00760
16	0.02106	0.02022	0.03454	0.05223	0.64784	0.02022	0.02612	0.02612	0.01938	0.02780	0.01601	0.02106	0.01348	0.00758	0.00842	0.00253	0.01011	0.00758	0.00421	0.01348
17	0.03038	0.03498	0.02332	0.02052	0.02529	0.49236	0.01569	0.14973	0.02697	0.02755	0.01972	0.02102	0.05597	0.00995	0.00801	0.00231	0.01338	0.00679	0.00546	0.01060
18	0.01268	0.01110	0.01946	0.01756	0.01998	0.01038	0.15257	0.01551	0.01719	0.02304	0.03985	0.53564	0.04598	0.02203	0.01067	0.00332	0.00717	0.02083	0.00705	0.00800
19	0.01304	0.00932	0.01294	0.01491	0.01657	0.00922	0.01255	0.01647	0.01893	0.02472	0.04543	0.21605	0.05044	0.02414	0.01158	0.00383	0.00726	0.47712	0.00785	0.00765
20	0.01345	0.00904	0.01211	0.01228	0.01426	0.00849	0.00958	0.01702	0.02183	0.06021	0.37979	0.16690	0.06629	0.01994	0.01050	0.00309	0.00522	0.15304	0.00883	0.00812
21	0.03179	0.04056	0.02412	0.02192	0.02631	0.66676	0.01644	0.03398	0.02412	0.02083	0.01315	0.01535	0.01096	0.00877	0.00767	0.00219	0.01535	0.00548	0.00438	0.00987
22	0.01830	0.03670	0.46548	0.03286	0.22471	0.01990	0.02980	0.02669	0.01840	0.02721	0.01550	0.01892	0.01161	0.00793	0.00819	0.00264	0.01182	0.00669	0.00378	0.01285
23	0.01006	0.00862	0.00862	0.00862	0.01149	0.00718	0.00647	0.01221	0.01940	0.02299	0.08621	0.08190	0.64438	0.02155	0.01006	0.00287	0.00431	0.01796	0.00790	0.00718
24	0.01216	0.00912	0.01368	0.01368	0.01520	0.01064	0.01064	0.01520	0.01368	0.01976	0.02279	0.03343	0.02127	0.06382	0.66720	0.01368	0.02279	0.00912	0.00456	0.00760
25	0.01820	0.15353	0.52651	0.02390	0.06187	0.02211	0.02838	0.02667	0.01792	0.02583	0.01473	0.01739	0.01093	0.00793	0.00766	0.00254	0.01189	0.00606	0.00363	0.01234
26	0.02056	0.01970	0.03363	0.11609	0.58795	0.02009	0.02586	0.02567	0.01914	0.02719	0.01592	0.02123	0.01326	0.00768	0.00843	0.00256	0.01024	0.00758	0.00417	0.01307
27	0.01238	0.00825	0.00928	0.00928	0.00928	0.00825	0.00516	0.01238	0.01238	0.01650	0.02681	0.05569	0.03094	0.70092	0.04331	0.00825	0.00825	0.01238	0.00516	0.00516
28	0.02106	0.02022	0.03454	0.05223	0.64784	0.02022	0.02612	0.02612	0.01938	0.02780	0.01601	0.02106	0.01348	0.00758	0.00842	0.00253	0.01011	0.00758	0.00421	0.01348
29	0.02083	0.01998	0.03412	0.08164	0.62026	0.02016	0.02600	0.02591	0.01927	0.02752	0.01597	0.02114	0.01338	0.00763	0.00843	0.00254	0.01017	0.00758	0.00419	0.01329
30	0.01016	0.00821	0.00905	0.00972	0.01178	0.00709	0.00695	0.01209	0.01834	0.02256	0.07288	0.28998	0.44491	0.02329	0.01033	0.00307	0.00452	0.02007	0.00790	0.00709
31	0.76103	0.01646	0.01251	0.01119	0.01646	0.01909	0.00922	0.02502	0.01448	0.03818	0.01185	0.01382	0.00922	0.00790	0.00527	0.00263	0.00658	0.00461	0.00527	0.00922
32	0.58781	0.02218	0.01527	0.01374	0.01880	0.17294	0.01093	0.02715	0.01677	0.03406	0.01216	0.01419	0.00963	0.00811	0.00584	0.00253	0.00866	0.00482	0.00506	0.00937

[dist]
# distance from previous block
# <min> <max>
0	14

# created by:
# /home/cegg/simao/soft/augustus-3.2.1/scripts/msa2prfl.pl ./align_prep/13560.fa
