[name]
unknown

[dist]
# distance from previous block
# <min> <max>
0	0

[block]
# block no. 0 follows, 21 sequences, length 35
# corresponding to MSA columns:
# 0-34
name=unknown_A
#
# <colnr> <probs for GDERKNQSTAVLIFYWHMCP>
#	G	D	E	R	K	N	Q	S	T	A	V	L	I	F	Y	W	H	M	C	P
0	0.01371	0.00980	0.01371	0.01567	0.01763	0.00980	0.01371	0.01763	0.01959	0.02547	0.04506	0.09599	0.04898	0.02351	0.01175	0.00392	0.00784	0.59056	0.00784	0.00784
1	0.02117	0.01828	0.01924	0.01732	0.02213	0.02117	0.01347	0.04522	0.63246	0.03560	0.03464	0.03175	0.02598	0.01155	0.00866	0.00289	0.00673	0.00962	0.00866	0.01347
2	0.01793	0.01022	0.01226	0.01101	0.01465	0.00884	0.00864	0.02080	0.02158	0.18989	0.17492	0.06524	0.35091	0.01798	0.00973	0.00282	0.00517	0.03926	0.00886	0.00928
3	0.02117	0.01828	0.01924	0.01732	0.02213	0.02117	0.01347	0.04522	0.63246	0.03560	0.03464	0.03175	0.02598	0.01155	0.00866	0.00289	0.00673	0.00962	0.00866	0.01347
4	0.01029	0.00772	0.00955	0.01101	0.01212	0.00698	0.00753	0.01194	0.01710	0.02205	0.05717	0.53516	0.20987	0.02533	0.01065	0.00330	0.00477	0.02257	0.00790	0.00698
5	0.05677	0.48292	0.21860	0.01718	0.02588	0.02898	0.01914	0.02588	0.01735	0.02289	0.01282	0.01490	0.01080	0.00754	0.00620	0.00211	0.00998	0.00505	0.00371	0.01131
6	0.17335	0.15470	0.02610	0.01771	0.02357	0.22057	0.01459	0.21445	0.02594	0.03438	0.01494	0.01633	0.01171	0.00878	0.00705	0.00232	0.01058	0.00582	0.00572	0.01138
7	0.01094	0.00765	0.00970	0.01111	0.01146	0.00730	0.00711	0.01200	0.01517	0.02022	0.04114	0.51173	0.04901	0.22023	0.02018	0.00483	0.00589	0.02080	0.00711	0.00641
8	0.03068	0.03224	0.02588	0.02479	0.10188	0.36419	0.01753	0.23781	0.02910	0.03315	0.01605	0.01782	0.01250	0.00913	0.00806	0.00236	0.01262	0.00650	0.00581	0.01192
9	0.01866	0.13599	0.49224	0.06623	0.03555	0.02207	0.02766	0.05903	0.01902	0.02708	0.01505	0.01780	0.01104	0.00812	0.00776	0.00257	0.01182	0.00620	0.00388	0.01224
10	0.01723	0.10642	0.16849	0.02453	0.03170	0.01881	0.25968	0.02295	0.01830	0.02487	0.02390	0.19636	0.02354	0.01247	0.00928	0.00286	0.01087	0.01227	0.00501	0.01045
11	0.02109	0.02044	0.03100	0.21248	0.41842	0.06319	0.02428	0.05818	0.02021	0.02718	0.01583	0.02107	0.01281	0.00805	0.00840	0.00259	0.01074	0.00744	0.00435	0.01224
12	0.01143	0.00814	0.01013	0.01057	0.01161	0.00765	0.00713	0.01342	0.01809	0.02459	0.24349	0.27446	0.09888	0.19929	0.01901	0.00441	0.00545	0.01773	0.00767	0.00685
13	0.01945	0.02049	0.03021	0.02459	0.02686	0.07105	0.14562	0.02255	0.01540	0.02190	0.01342	0.02034	0.01224	0.01622	0.06741	0.00413	0.44650	0.00797	0.00395	0.00969
14	0.03187	0.03828	0.02431	0.02160	0.02632	0.57933	0.01641	0.11391	0.02629	0.02531	0.01415	0.01604	0.01144	0.00897	0.00779	0.00224	0.01453	0.00578	0.00495	0.01049
15	0.01645	0.01498	0.01657	0.01604	0.04291	0.09823	0.04050	0.01963	0.05613	0.02020	0.02317	0.03959	0.02356	0.33900	0.16579	0.00758	0.03689	0.01009	0.00503	0.00767
16	0.02163	0.02443	0.04234	0.03550	0.13513	0.10503	0.39603	0.02738	0.01990	0.02594	0.01599	0.02131	0.01260	0.00810	0.01099	0.00280	0.07040	0.00885	0.00425	0.01140
17	0.03179	0.04056	0.02412	0.02192	0.02631	0.66676	0.01644	0.03398	0.02412	0.02083	0.01315	0.01535	0.01096	0.00877	0.00767	0.00219	0.01535	0.00548	0.00438	0.00987
18	0.02291	0.02183	0.03209	0.08681	0.48764	0.06836	0.02403	0.09926	0.02211	0.03007	0.01628	0.02067	0.01328	0.00805	0.00839	0.00253	0.01048	0.00744	0.00473	0.01307
19	0.01737	0.01646	0.02788	0.51641	0.21249	0.01925	0.02428	0.02289	0.01763	0.02333	0.01536	0.02226	0.01190	0.00827	0.00849	0.00276	0.01102	0.00757	0.00389	0.01051
20	0.02106	0.02022	0.03454	0.05223	0.64784	0.02022	0.02612	0.02612	0.01938	0.02780	0.01601	0.02106	0.01348	0.00758	0.00842	0.00253	0.01011	0.00758	0.00421	0.01348
21	0.01216	0.00912	0.01368	0.01368	0.01520	0.01064	0.01064	0.01520	0.01368	0.01976	0.02279	0.03343	0.02127	0.06382	0.66720	0.01368	0.02279	0.00912	0.00456	0.00760
22	0.03179	0.04056	0.02412	0.02192	0.02631	0.66676	0.01644	0.03398	0.02412	0.02083	0.01315	0.01535	0.01096	0.00877	0.00767	0.00219	0.01535	0.00548	0.00438	0.00987
23	0.01586	0.00793	0.00793	0.00793	0.00991	0.00793	0.00595	0.01983	0.01785	0.03173	0.02776	0.03173	0.02181	0.00991	0.00595	0.00198	0.00397	0.00793	0.74817	0.00793
24	0.01606	0.01462	0.02429	0.63336	0.05520	0.01814	0.02240	0.02161	0.01707	0.02244	0.01601	0.02332	0.01208	0.00861	0.00833	0.00278	0.01083	0.00759	0.05593	0.00935
25	0.01149	0.00821	0.01116	0.01313	0.01411	0.00788	0.00985	0.01379	0.01740	0.02298	0.04629	0.49456	0.05384	0.02561	0.01116	0.00361	0.00591	0.21394	0.00788	0.00722
26	0.02971	0.03021	0.02355	0.02016	0.02544	0.31468	0.01572	0.23228	0.15930	0.03496	0.02018	0.02055	0.01534	0.00985	0.00816	0.00246	0.01151	0.00709	0.00668	0.01218
27	0.01238	0.00825	0.00928	0.00928	0.00928	0.00825	0.00516	0.01238	0.01238	0.01650	0.02681	0.05569	0.03094	0.70092	0.04331	0.00825	0.00825	0.01238	0.00516	0.00516
28	0.02555	0.01836	0.02782	0.03602	0.36731	0.01838	0.02020	0.03370	0.13534	0.19272	0.02408	0.02513	0.01780	0.00909	0.00850	0.00262	0.00873	0.00822	0.00669	0.01374
29	0.02018	0.02177	0.02516	0.50849	0.05018	0.18809	0.02176	0.02494	0.01887	0.02150	0.01461	0.02077	0.01124	0.00858	0.00829	0.00267	0.01239	0.00702	0.00394	0.00956
30	0.01329	0.00817	0.00893	0.00893	0.00945	0.00817	0.00536	0.01432	0.01380	0.02048	0.02706	0.04943	0.02856	0.52047	0.03356	0.00661	0.00713	0.01122	0.19919	0.00588
31	0.02209	0.01651	0.01825	0.01615	0.02081	0.01830	0.01262	0.04082	0.47362	0.11350	0.11656	0.03569	0.03268	0.01221	0.00883	0.00283	0.00643	0.01026	0.00899	0.01286
32	0.02081	0.01996	0.03409	0.08383	0.61821	0.02015	0.02599	0.02590	0.01926	0.02750	0.01596	0.02114	0.01337	0.00763	0.00843	0.00254	0.01017	0.00758	0.00419	0.01328
33	0.01747	0.01655	0.02805	0.50460	0.22356	0.01927	0.02433	0.02297	0.01768	0.02344	0.01537	0.02223	0.01194	0.00825	0.00848	0.00275	0.01100	0.00757	0.00390	0.01058
34	0.02018	0.02177	0.02516	0.50849	0.05018	0.18809	0.02176	0.02494	0.01887	0.02150	0.01461	0.02077	0.01124	0.00858	0.00829	0.00267	0.01239	0.00702	0.00394	0.00956

[dist]
# distance from previous block
# <min> <max>
0	6

[block]
# block no. 1 follows, 21 sequences, length 32
# corresponding to MSA columns:
# 41-72
name=unknown_B
#
# <colnr> <probs for GDERKNQSTAVLIFYWHMCP>
#	G	D	E	R	K	N	Q	S	T	A	V	L	I	F	Y	W	H	M	C	P
0	0.03068	0.03791	0.02358	0.02133	0.02567	0.59701	0.01609	0.06201	0.02430	0.02240	0.01407	0.01664	0.01173	0.01202	0.04582	0.00287	0.01548	0.00580	0.00460	0.00996
1	0.01954	0.01867	0.03179	0.24388	0.46809	0.01982	0.02536	0.02478	0.01866	0.02595	0.01574	0.02156	0.01283	0.00786	0.00845	0.00262	0.01049	0.00758	0.00408	0.01225
2	0.01887	0.35289	0.24666	0.01769	0.02570	0.02471	0.01957	0.02408	0.01685	0.02232	0.01502	0.01876	0.01278	0.01798	0.12835	0.00430	0.01281	0.00598	0.00379	0.01087
3	0.21460	0.02800	0.02177	0.01832	0.02387	0.25466	0.01453	0.26025	0.02791	0.03798	0.01567	0.01695	0.01189	0.00912	0.00740	0.00244	0.01082	0.00611	0.00622	0.01150
4	0.02187	0.02188	0.03326	0.04827	0.56594	0.07575	0.02495	0.02653	0.01949	0.02687	0.01554	0.02046	0.01316	0.00802	0.00926	0.00255	0.04162	0.00740	0.00420	0.01298
5	0.01042	0.00864	0.00913	0.00901	0.01172	0.00734	0.00675	0.01292	0.02026	0.02504	0.18893	0.07852	0.54039	0.02079	0.01005	0.00284	0.00426	0.01749	0.00817	0.00734
6	0.03179	0.04056	0.02412	0.02192	0.02631	0.66676	0.01644	0.03398	0.02412	0.02083	0.01315	0.01535	0.01096	0.00877	0.00767	0.00219	0.01535	0.00548	0.00438	0.00987
7	0.01006	0.00862	0.00862	0.00862	0.01149	0.00718	0.00647	0.01221	0.01940	0.02299	0.08621	0.08190	0.64438	0.02155	0.01006	0.00287	0.00431	0.01796	0.00790	0.00718
8	0.01959	0.01871	0.03188	0.23797	0.47363	0.01983	0.02538	0.02482	0.01868	0.02601	0.01575	0.02154	0.01285	0.00786	0.00845	0.00262	0.01047	0.00758	0.00409	0.01229
9	0.02117	0.01828	0.01924	0.01732	0.02213	0.02117	0.01347	0.04522	0.63246	0.03560	0.03464	0.03175	0.02598	0.01155	0.00866	0.00289	0.00673	0.00962	0.00866	0.01347
10	0.03336	0.01789	0.02133	0.01683	0.02315	0.01813	0.01375	0.20964	0.14101	0.36589	0.02996	0.02701	0.02006	0.01063	0.00856	0.00266	0.00776	0.00849	0.00960	0.01429
11	0.01037	0.00741	0.00987	0.01185	0.01234	0.00691	0.00790	0.01185	0.01629	0.02172	0.04690	0.69537	0.05629	0.02666	0.01086	0.00346	0.00494	0.02419	0.00790	0.00691
12	0.01006	0.00862	0.00862	0.00862	0.01149	0.00718	0.00647	0.01221	0.01940	0.02299	0.08621	0.08190	0.64438	0.02155	0.01006	0.00287	0.00431	0.01796	0.00790	0.00718
13	0.02274	0.11780	0.03452	0.04293	0.47734	0.10940	0.02321	0.02709	0.01973	0.02578	0.01504	0.01927	0.01279	0.00770	0.00791	0.00238	0.01068	0.00688	0.00416	0.01264
14	0.03179	0.04056	0.02412	0.02192	0.02631	0.66676	0.01644	0.03398	0.02412	0.02083	0.01315	0.01535	0.01096	0.00877	0.00767	0.00219	0.01535	0.00548	0.00438	0.00987
15	0.01707	0.04402	0.65683	0.02426	0.03683	0.01976	0.03144	0.02695	0.01797	0.02695	0.01527	0.01797	0.01078	0.00809	0.00809	0.00270	0.01258	0.00629	0.00359	0.01258
16	0.01100	0.00866	0.00993	0.00961	0.01208	0.00759	0.00721	0.01405	0.02163	0.02829	0.35156	0.07317	0.37572	0.01957	0.01005	0.00278	0.00417	0.01674	0.00860	0.00759
17	0.01006	0.00862	0.00862	0.00862	0.01149	0.00718	0.00647	0.01221	0.01940	0.02299	0.08621	0.08190	0.64438	0.02155	0.01006	0.00287	0.00431	0.01796	0.00790	0.00718
18	0.37312	0.18555	0.02402	0.01442	0.02061	0.02472	0.01251	0.19575	0.02249	0.03822	0.01431	0.01568	0.01114	0.00841	0.00625	0.00241	0.00799	0.00547	0.00580	0.01114
19	0.02275	0.70604	0.04459	0.01456	0.02184	0.03367	0.01456	0.02548	0.01729	0.02002	0.01183	0.01365	0.01092	0.00728	0.00546	0.00182	0.00910	0.00455	0.00364	0.01092
20	0.02275	0.70604	0.04459	0.01456	0.02184	0.03367	0.01456	0.02548	0.01729	0.02002	0.01183	0.01365	0.01092	0.00728	0.00546	0.00182	0.00910	0.00455	0.00364	0.01092
21	0.03003	0.03498	0.02303	0.02039	0.02506	0.50118	0.01554	0.13196	0.02642	0.02661	0.02064	0.02190	0.06570	0.01011	0.00802	0.00231	0.01338	0.00692	0.00539	0.01042
22	0.01979	0.36060	0.36406	0.01962	0.02966	0.02642	0.02337	0.02625	0.01764	0.02364	0.01363	0.01590	0.01085	0.00770	0.00683	0.00228	0.01091	0.00546	0.00362	0.01179
23	0.01741	0.08354	0.62028	0.02368	0.03594	0.02059	0.03043	0.02686	0.01793	0.02654	0.01507	0.01771	0.01079	0.00804	0.00793	0.00264	0.01237	0.00618	0.00360	0.01248
24	0.01233	0.00836	0.00984	0.00978	0.01009	0.00843	0.00588	0.01294	0.01353	0.01835	0.08132	0.05449	0.03450	0.58565	0.09368	0.00822	0.00912	0.01237	0.00548	0.00562
25	0.01322	0.01177	0.01096	0.01033	0.01362	0.04693	0.00787	0.06538	0.02143	0.02548	0.07637	0.07280	0.55395	0.01984	0.00979	0.00281	0.00538	0.01636	0.00775	0.00796
26	0.02243	0.66860	0.07923	0.01511	0.02269	0.03289	0.01552	0.02557	0.01733	0.02041	0.01203	0.01390	0.01091	0.00733	0.00561	0.00187	0.00930	0.00465	0.00364	0.01101
27	0.03006	0.03386	0.02313	0.02023	0.02506	0.45842	0.01553	0.17105	0.02748	0.02880	0.02113	0.02224	0.06594	0.01021	0.00808	0.00234	0.01298	0.00707	0.00567	0.01073
28	0.03190	0.03732	0.02439	0.02147	0.02632	0.54264	0.01639	0.14746	0.02720	0.02719	0.01456	0.01633	0.01164	0.00905	0.00784	0.00226	0.01419	0.00590	0.00518	0.01076
29	0.01087	0.00762	0.00973	0.01121	0.01158	0.00725	0.00721	0.01198	0.01531	0.02042	0.04187	0.53520	0.04994	0.19549	0.01899	0.00466	0.00577	0.02123	0.00721	0.00647
30	0.01371	0.00980	0.01371	0.01567	0.01763	0.00980	0.01371	0.01763	0.01959	0.02547	0.04506	0.09599	0.04898	0.02351	0.01175	0.00392	0.00784	0.59056	0.00784	0.00784
31	0.01607	0.01513	0.02552	0.68047	0.05861	0.01891	0.02363	0.02174	0.01702	0.02174	0.01513	0.02269	0.01134	0.00851	0.00851	0.00284	0.01134	0.00756	0.00378	0.00945

[dist]
# distance from previous block
# <min> <max>
0	1

[block]
# block no. 2 follows, 21 sequences, length 12
# corresponding to MSA columns:
# 74-85
name=unknown_C
#
# <colnr> <probs for GDERKNQSTAVLIFYWHMCP>
#	G	D	E	R	K	N	Q	S	T	A	V	L	I	F	Y	W	H	M	C	P
0	0.02114	0.01881	0.02344	0.02690	0.19390	0.02091	0.01694	0.03998	0.46415	0.03346	0.02952	0.02882	0.02255	0.01046	0.00859	0.00279	0.00766	0.00906	0.00744	0.01347
1	0.01586	0.00793	0.00793	0.00793	0.00991	0.00793	0.00595	0.01983	0.01785	0.03173	0.02776	0.03173	0.02181	0.00991	0.00595	0.00198	0.00397	0.00793	0.74817	0.00793
2	0.02080	0.02226	0.02574	0.02227	0.02300	0.13237	0.01826	0.02272	0.01487	0.02054	0.01150	0.01808	0.01114	0.01388	0.02457	0.00347	0.57418	0.00712	0.00383	0.00940
3	0.02259	0.02436	0.02913	0.22170	0.31047	0.19734	0.02276	0.02704	0.02001	0.02417	0.01497	0.01995	0.01218	0.00817	0.00824	0.00252	0.01190	0.00700	0.00414	0.01135
4	0.01219	0.00817	0.00934	0.00952	0.00956	0.00813	0.00541	0.01233	0.01274	0.01698	0.02867	0.11470	0.03328	0.63873	0.04032	0.00781	0.00794	0.01347	0.00541	0.00532
5	0.08475	0.01877	0.03064	0.18644	0.46333	0.01983	0.02409	0.02506	0.01843	0.02738	0.01545	0.02079	0.01264	0.00781	0.00817	0.00260	0.01007	0.00732	0.00421	0.01222
6	0.01072	0.00768	0.00964	0.01105	0.01168	0.00719	0.00724	0.01198	0.01585	0.02086	0.04693	0.51477	0.10872	0.15361	0.01692	0.00431	0.00550	0.02135	0.00738	0.00661
7	0.01344	0.00928	0.01258	0.01252	0.01396	0.01059	0.00963	0.01651	0.01503	0.02328	0.02571	0.09636	0.02414	0.04205	0.37794	0.00879	0.06135	0.01014	0.20897	0.00774
8	0.02106	0.02022	0.03454	0.05223	0.64784	0.02022	0.02612	0.02612	0.01938	0.02780	0.01601	0.02106	0.01348	0.00758	0.00842	0.00253	0.01011	0.00758	0.00421	0.01348
9	0.13601	0.05598	0.02443	0.01948	0.02322	0.13503	0.01598	0.18768	0.02273	0.03224	0.01418	0.01760	0.01173	0.01116	0.01469	0.00289	0.25209	0.00661	0.00538	0.01088
10	0.03285	0.02948	0.02424	0.01998	0.02578	0.28555	0.01583	0.30882	0.03158	0.11514	0.01911	0.01942	0.01386	0.00967	0.00818	0.00242	0.01154	0.00689	0.00708	0.01260
11	0.16203	0.02287	0.02299	0.14325	0.03066	0.10104	0.01635	0.32736	0.02909	0.04082	0.01698	0.01904	0.01250	0.00930	0.00782	0.00258	0.00995	0.00682	0.00653	0.01201

[dist]
# distance from previous block
# <min> <max>
3	6

[block]
# block no. 3 follows, 21 sequences, length 6
# corresponding to MSA columns:
# 92-97
name=unknown_D
#
# <colnr> <probs for GDERKNQSTAVLIFYWHMCP>
#	G	D	E	R	K	N	Q	S	T	A	V	L	I	F	Y	W	H	M	C	P
0	0.01178	0.00896	0.01244	0.01232	0.01415	0.00962	0.00950	0.01484	0.01640	0.02272	0.13806	0.04668	0.13623	0.04888	0.44571	0.01000	0.01651	0.01167	0.00593	0.00760
1	0.01631	0.01570	0.01819	0.17236	0.02727	0.12040	0.01466	0.01983	0.01618	0.02040	0.01940	0.02793	0.01724	0.04173	0.40342	0.00923	0.01887	0.00815	0.00435	0.00841
2	0.02227	0.01890	0.02520	0.02761	0.23318	0.01789	0.01692	0.16411	0.02351	0.03387	0.01667	0.01945	0.01334	0.00766	0.00754	0.00199	0.00831	0.00652	0.00558	0.32948
3	0.01567	0.01290	0.01646	0.01554	0.01806	0.01532	0.01218	0.02570	0.22218	0.02515	0.02593	0.03178	0.02212	0.04261	0.39826	0.00931	0.06607	0.00916	0.00588	0.00970
4	0.09525	0.32251	0.03179	0.01779	0.02349	0.33663	0.01497	0.02952	0.02031	0.02209	0.01247	0.01448	0.01078	0.00805	0.00651	0.00207	0.01187	0.00500	0.00415	0.01026
5	0.01985	0.13897	0.13962	0.14440	0.34256	0.02219	0.02466	0.02543	0.01840	0.02535	0.01503	0.01956	0.01224	0.00777	0.00788	0.00249	0.01056	0.00685	0.00394	0.01223

[dist]
# distance from previous block
# <min> <max>
0	1

[block]
# block no. 4 follows, 21 sequences, length 25
# corresponding to MSA columns:
# 99-123
name=unknown_E
#
# <colnr> <probs for GDERKNQSTAVLIFYWHMCP>
#	G	D	E	R	K	N	Q	S	T	A	V	L	I	F	Y	W	H	M	C	P
0	0.02211	0.02222	0.03352	0.04926	0.58687	0.08364	0.02517	0.02689	0.01984	0.02712	0.01573	0.02050	0.01323	0.00770	0.00835	0.00249	0.01062	0.00738	0.00423	0.01313
1	0.01340	0.01096	0.01662	0.02255	0.18248	0.01058	0.01279	0.01608	0.01788	0.02457	0.09714	0.45290	0.04718	0.02065	0.01013	0.00313	0.00623	0.01888	0.00706	0.00878
2	0.17308	0.36551	0.14962	0.01627	0.02386	0.02592	0.04477	0.02539	0.01701	0.02611	0.01372	0.01605	0.01131	0.00772	0.00616	0.00221	0.00916	0.00536	0.05007	0.01072
3	0.02205	0.15593	0.08225	0.04015	0.42542	0.08101	0.02342	0.02677	0.01930	0.02561	0.01489	0.01889	0.01256	0.00767	0.00776	0.00237	0.01057	0.00671	0.00407	0.01259
4	0.01216	0.00912	0.01368	0.01368	0.01520	0.01064	0.01064	0.01520	0.01368	0.01976	0.02279	0.03343	0.02127	0.06382	0.66720	0.01368	0.02279	0.00912	0.00456	0.00760
5	0.07962	0.49967	0.03744	0.01603	0.02248	0.18026	0.01460	0.02743	0.01868	0.02156	0.01214	0.01406	0.01080	0.00767	0.00596	0.00197	0.01037	0.00477	0.00393	0.01055
6	0.01163	0.00884	0.01247	0.01271	0.01431	0.00968	0.00969	0.01435	0.01484	0.02047	0.03511	0.11906	0.11842	0.05311	0.49140	0.01085	0.01792	0.01222	0.00545	0.00746
7	0.01707	0.04402	0.65683	0.02426	0.03683	0.01976	0.03144	0.02695	0.01797	0.02695	0.01527	0.01797	0.01078	0.00809	0.00809	0.00270	0.01258	0.00629	0.00359	0.01258
8	0.01607	0.01513	0.02552	0.68047	0.05861	0.01891	0.02363	0.02174	0.01702	0.02174	0.01513	0.02269	0.01134	0.00851	0.00851	0.00284	0.01134	0.00756	0.00378	0.00945
9	0.02275	0.70604	0.04459	0.01456	0.02184	0.03367	0.01456	0.02548	0.01729	0.02002	0.01183	0.01365	0.01092	0.00728	0.00546	0.00182	0.00910	0.00455	0.00364	0.01092
10	0.02077	0.16076	0.18867	0.02801	0.03697	0.07189	0.31927	0.02735	0.01936	0.02531	0.01542	0.01943	0.01189	0.00753	0.00853	0.00258	0.01300	0.00777	0.00402	0.01151
11	0.02117	0.01828	0.01924	0.01732	0.02213	0.02117	0.01347	0.04522	0.63246	0.03560	0.03464	0.03175	0.02598	0.01155	0.00866	0.00289	0.00673	0.00962	0.00866	0.01347
12	0.01238	0.00825	0.00928	0.00928	0.00928	0.00825	0.00516	0.01238	0.01238	0.01650	0.02681	0.05569	0.03094	0.70092	0.04331	0.00825	0.00825	0.01238	0.00516	0.00516
13	0.01586	0.00793	0.00793	0.00793	0.00991	0.00793	0.00595	0.01983	0.01785	0.03173	0.02776	0.03173	0.02181	0.00991	0.00595	0.00198	0.00397	0.00793	0.74817	0.00793
14	0.03235	0.02384	0.02554	0.01958	0.02639	0.02639	0.01618	0.61946	0.04001	0.05363	0.02043	0.02043	0.01447	0.01022	0.00851	0.00255	0.00936	0.00766	0.00851	0.01447
15	0.01037	0.00741	0.00987	0.01185	0.01234	0.00691	0.00790	0.01185	0.01629	0.02172	0.04690	0.69537	0.05629	0.02666	0.01086	0.00346	0.00494	0.02419	0.00790	0.00691
16	0.02117	0.01828	0.01924	0.01732	0.02213	0.02117	0.01347	0.04522	0.63246	0.03560	0.03464	0.03175	0.02598	0.01155	0.00866	0.00289	0.00673	0.00962	0.00866	0.01347
17	0.02275	0.70604	0.04459	0.01456	0.02184	0.03367	0.01456	0.02548	0.01729	0.02002	0.01183	0.01365	0.01092	0.00728	0.00546	0.00182	0.00910	0.00455	0.00364	0.01092
18	0.01075	0.00822	0.00997	0.01119	0.01281	0.00745	0.00822	0.01285	0.01797	0.02276	0.06159	0.37243	0.27903	0.02425	0.01069	0.00330	0.00513	0.10635	0.00789	0.00715
19	0.01908	0.27852	0.43997	0.02082	0.03152	0.02469	0.02546	0.02643	0.01773	0.02450	0.01405	0.01644	0.01083	0.00780	0.00716	0.00239	0.01135	0.00567	0.00361	0.01199
20	0.02190	0.63565	0.07303	0.01499	0.02222	0.03174	0.01518	0.02500	0.01713	0.02035	0.01260	0.01494	0.01148	0.01039	0.04151	0.00251	0.01002	0.00488	0.00369	0.01082
21	0.01094	0.00856	0.00995	0.01010	0.01235	0.00757	0.00757	0.01370	0.02050	0.02650	0.25484	0.15319	0.35803	0.02099	0.01025	0.00295	0.00450	0.05170	0.00836	0.00746
22	0.01268	0.01056	0.01139	0.01081	0.01319	0.04666	0.00811	0.01609	0.02283	0.03036	0.45704	0.06563	0.22720	0.01800	0.00990	0.00270	0.00476	0.01549	0.00868	0.00791
23	0.02585	0.03000	0.02736	0.03013	0.19175	0.34426	0.01954	0.02873	0.02026	0.02261	0.01346	0.01764	0.01168	0.00988	0.01260	0.00264	0.17023	0.00650	0.00418	0.01070
24	0.02764	0.19627	0.11672	0.02053	0.02673	0.42928	0.01809	0.03102	0.02167	0.02149	0.01314	0.01531	0.01093	0.00833	0.00721	0.00218	0.01351	0.00538	0.00410	0.01049

[dist]
# distance from previous block
# <min> <max>
0	2

[block]
# block no. 5 follows, 21 sequences, length 36
# corresponding to MSA columns:
# 126-161
name=unknown_F
#
# <colnr> <probs for GDERKNQSTAVLIFYWHMCP>
#	G	D	E	R	K	N	Q	S	T	A	V	L	I	F	Y	W	H	M	C	P
0	0.02186	0.42329	0.06993	0.02883	0.25200	0.02808	0.01960	0.02578	0.01809	0.02320	0.01352	0.01657	0.01185	0.00743	0.00667	0.00212	0.00964	0.00574	0.00385	0.01194
1	0.02143	0.02168	0.03179	0.15726	0.47459	0.09435	0.02458	0.02627	0.01951	0.02595	0.01553	0.02069	0.01282	0.00788	0.00835	0.00254	0.01093	0.00734	0.00416	0.01237
2	0.02277	0.01996	0.02981	0.17269	0.34740	0.02149	0.02263	0.16982	0.05133	0.03316	0.01773	0.02172	0.01384	0.00859	0.00847	0.00261	0.01003	0.00769	0.00536	0.01289
3	0.03205	0.03283	0.02477	0.02084	0.02635	0.37072	0.01632	0.30465	0.03146	0.03599	0.01652	0.01770	0.01258	0.00944	0.00806	0.00236	0.01258	0.00649	0.00629	0.01200
4	0.01874	0.01777	0.02906	0.04302	0.51337	0.01747	0.02196	0.02318	0.01938	0.02679	0.03084	0.03392	0.14680	0.01053	0.00877	0.00260	0.00888	0.00978	0.00499	0.01215
5	0.01232	0.00846	0.01033	0.01033	0.01070	0.00882	0.00647	0.01305	0.01269	0.01728	0.02585	0.05037	0.02863	0.54851	0.19257	0.00955	0.01173	0.01160	0.00501	0.00574
6	0.01238	0.00825	0.00928	0.00928	0.00928	0.00825	0.00516	0.01238	0.01238	0.01650	0.02681	0.05569	0.03094	0.70092	0.04331	0.00825	0.00825	0.01238	0.00516	0.00516
7	0.01168	0.00889	0.01191	0.01191	0.01356	0.00951	0.00894	0.01412	0.01488	0.02011	0.03848	0.04786	0.17157	0.13481	0.43057	0.01040	0.01652	0.01165	0.00543	0.00719
8	0.01216	0.00912	0.01368	0.01368	0.01520	0.01064	0.01064	0.01520	0.01368	0.01976	0.02279	0.03343	0.02127	0.06382	0.66720	0.01368	0.02279	0.00912	0.00456	0.00760
9	0.02106	0.02022	0.03454	0.05223	0.64784	0.02022	0.02612	0.02612	0.01938	0.02780	0.01601	0.02106	0.01348	0.00758	0.00842	0.00253	0.01011	0.00758	0.00421	0.01348
10	0.03179	0.04056	0.02412	0.02192	0.02631	0.66676	0.01644	0.03398	0.02412	0.02083	0.01315	0.01535	0.01096	0.00877	0.00767	0.00219	0.01535	0.00548	0.00438	0.00987
11	0.02106	0.02022	0.03454	0.05223	0.64784	0.02022	0.02612	0.02612	0.01938	0.02780	0.01601	0.02106	0.01348	0.00758	0.00842	0.00253	0.01011	0.00758	0.00421	0.01348
12	0.03235	0.02384	0.02554	0.01958	0.02639	0.02639	0.01618	0.61946	0.04001	0.05363	0.02043	0.02043	0.01447	0.01022	0.00851	0.00255	0.00936	0.00766	0.00851	0.01447
13	0.01035	0.00748	0.00980	0.01166	0.01229	0.00693	0.00781	0.01187	0.01648	0.02180	0.04924	0.65894	0.09121	0.02636	0.01081	0.00342	0.00490	0.02382	0.00790	0.00693
14	0.03179	0.04056	0.02412	0.02192	0.02631	0.66676	0.01644	0.03398	0.02412	0.02083	0.01315	0.01535	0.01096	0.00877	0.00767	0.00219	0.01535	0.00548	0.00438	0.00987
15	0.02275	0.70604	0.04459	0.01456	0.02184	0.03367	0.01456	0.02548	0.01729	0.02002	0.01183	0.01365	0.01092	0.00728	0.00546	0.00182	0.00910	0.00455	0.00364	0.01092
16	0.01216	0.00912	0.01368	0.01368	0.01520	0.01064	0.01064	0.01520	0.01368	0.01976	0.02279	0.03343	0.02127	0.06382	0.66720	0.01368	0.02279	0.00912	0.00456	0.00760
17	0.02445	0.02653	0.03047	0.04089	0.41981	0.22403	0.02242	0.02958	0.05237	0.02600	0.01607	0.01981	0.01333	0.00816	0.00820	0.00244	0.01159	0.00702	0.00450	0.01234
18	0.03154	0.02358	0.02619	0.02192	0.07095	0.02595	0.01689	0.57692	0.03853	0.05178	0.02011	0.02048	0.01440	0.01003	0.00851	0.00255	0.00942	0.00766	0.00820	0.01440
19	0.01586	0.00793	0.00793	0.00793	0.00991	0.00793	0.00595	0.01983	0.01785	0.03173	0.02776	0.03173	0.02181	0.00991	0.00595	0.00198	0.00397	0.00793	0.74817	0.00793
20	0.01236	0.00831	0.00960	0.00960	0.00971	0.00842	0.00555	0.01258	0.01247	0.01673	0.02653	0.05409	0.03025	0.65524	0.08805	0.00864	0.00929	0.01214	0.00511	0.00533
21	0.01707	0.04402	0.65683	0.02426	0.03683	0.01976	0.03144	0.02695	0.01797	0.02695	0.01527	0.01797	0.01078	0.00809	0.00809	0.00270	0.01258	0.00629	0.00359	0.01258
22	0.02106	0.02022	0.03454	0.05223	0.64784	0.02022	0.02612	0.02612	0.01938	0.02780	0.01601	0.02106	0.01348	0.00758	0.00842	0.00253	0.01011	0.00758	0.00421	0.01348
23	0.02086	0.02080	0.03785	0.04878	0.52034	0.02049	0.15096	0.02636	0.01953	0.02769	0.01626	0.02146	0.01336	0.00750	0.00877	0.00260	0.01101	0.00810	0.00423	0.01306
24	0.02956	0.03048	0.02486	0.12294	0.03134	0.33117	0.01746	0.24728	0.02886	0.03303	0.01613	0.01835	0.01231	0.00926	0.00811	0.00242	0.01253	0.00660	0.00581	0.01150
25	0.02078	0.01994	0.03404	0.08716	0.61508	0.02015	0.02598	0.02587	0.01925	0.02747	0.01596	0.02115	0.01336	0.00763	0.00843	0.00254	0.01018	0.00758	0.00419	0.01326
26	0.01951	0.01864	0.03174	0.24757	0.46463	0.01981	0.02535	0.02476	0.01864	0.02592	0.01573	0.02157	0.01282	0.00787	0.00845	0.00262	0.01049	0.00758	0.00408	0.01223
27	0.01612	0.01379	0.01838	0.15829	0.07715	0.01539	0.01460	0.02647	0.22670	0.02695	0.03350	0.27220	0.03298	0.01612	0.00942	0.00306	0.00732	0.01436	0.00699	0.01022
28	0.02078	0.01993	0.03403	0.08796	0.61433	0.02015	0.02598	0.02587	0.01924	0.02746	0.01596	0.02115	0.01336	0.00764	0.00843	0.00255	0.01018	0.00758	0.00419	0.01325
29	0.01478	0.00739	0.01109	0.01109	0.01109	0.00739	0.00739	0.01109	0.01109	0.01478	0.01478	0.02587	0.01478	0.02956	0.03326	0.75240	0.00739	0.00739	0.00370	0.00370
30	0.01238	0.00825	0.00928	0.00928	0.00928	0.00825	0.00516	0.01238	0.01238	0.01650	0.02681	0.05569	0.03094	0.70092	0.04331	0.00825	0.00825	0.01238	0.00516	0.00516
31	0.01653	0.01603	0.02836	0.60634	0.05699	0.01921	0.09186	0.02238	0.01737	0.02238	0.01537	0.02272	0.01152	0.00835	0.00868	0.00284	0.01169	0.00785	0.00384	0.00969
32	0.01079	0.00758	0.00975	0.01131	0.01170	0.00719	0.00732	0.01196	0.01547	0.02062	0.04266	0.56020	0.05093	0.16914	0.01772	0.00447	0.00564	0.02170	0.00732	0.00654
33	0.01832	0.01742	0.02959	0.39742	0.32408	0.01950	0.02475	0.02371	0.01808	0.02447	0.01552	0.02196	0.01231	0.00809	0.00847	0.00270	0.01079	0.00757	0.00398	0.01127
34	0.01838	0.01914	0.06708	0.35866	0.32259	0.01955	0.02522	0.02402	0.01814	0.02478	0.01553	0.02168	0.01227	0.00807	0.00845	0.00269	0.01086	0.00750	0.00396	0.01145
35	0.02106	0.02022	0.03454	0.05223	0.64784	0.02022	0.02612	0.02612	0.01938	0.02780	0.01601	0.02106	0.01348	0.00758	0.00842	0.00253	0.01011	0.00758	0.00421	0.01348

[dist]
# distance from previous block
# <min> <max>
1	2

[block]
# block no. 6 follows, 21 sequences, length 32
# corresponding to MSA columns:
# 164-195
name=unknown_G
#
# <colnr> <probs for GDERKNQSTAVLIFYWHMCP>
#	G	D	E	R	K	N	Q	S	T	A	V	L	I	F	Y	W	H	M	C	P
0	0.02106	0.02022	0.03454	0.05223	0.64784	0.02022	0.02612	0.02612	0.01938	0.02780	0.01601	0.02106	0.01348	0.00758	0.00842	0.00253	0.01011	0.00758	0.00421	0.01348
1	0.02148	0.46497	0.14537	0.02333	0.14305	0.02879	0.01958	0.02585	0.01780	0.02266	0.01320	0.01578	0.01138	0.00747	0.00646	0.00210	0.00988	0.00542	0.00374	0.01168
2	0.01603	0.01219	0.01612	0.01485	0.01699	0.01416	0.01159	0.11664	0.01792	0.02516	0.02196	0.03243	0.02038	0.11565	0.44737	0.01054	0.06708	0.00908	0.00522	0.00863
3	0.01868	0.01751	0.13601	0.01470	0.01991	0.01249	0.01380	0.02580	0.09034	0.14565	0.31371	0.04609	0.08198	0.01396	0.00924	0.00271	0.00655	0.01192	0.00832	0.01063
4	0.01743	0.01956	0.07593	0.01683	0.02008	0.16105	0.01450	0.02106	0.02018	0.02447	0.07912	0.18136	0.04031	0.01881	0.01017	0.00323	0.00918	0.25137	0.00677	0.00859
5	0.02070	0.46708	0.26559	0.01806	0.02725	0.02865	0.02065	0.02601	0.01754	0.02252	0.01307	0.01521	0.01087	0.00757	0.00641	0.00214	0.01036	0.00518	0.00362	0.01152
6	0.01745	0.04177	0.59807	0.02690	0.09452	0.01981	0.03094	0.02687	0.01810	0.02703	0.01534	0.01826	0.01104	0.00804	0.00812	0.00268	0.01234	0.00641	0.00365	0.01266
7	0.17042	0.02524	0.02283	0.01838	0.02449	0.13241	0.01490	0.40855	0.03251	0.04520	0.01758	0.01833	0.01289	0.00953	0.00776	0.00251	0.00984	0.00672	0.00721	0.01270
8	0.01061	0.00793	0.00987	0.01089	0.01222	0.00719	0.00759	0.01273	0.01848	0.02437	0.16903	0.43458	0.19600	0.02373	0.01052	0.00317	0.00462	0.02109	0.00818	0.00719
9	0.02106	0.02022	0.03454	0.05223	0.64784	0.02022	0.02612	0.02612	0.01938	0.02780	0.01601	0.02106	0.01348	0.00758	0.00842	0.00253	0.01011	0.00758	0.00421	0.01348
10	0.01216	0.00912	0.01368	0.01368	0.01520	0.01064	0.01064	0.01520	0.01368	0.01976	0.02279	0.03343	0.02127	0.06382	0.66720	0.01368	0.02279	0.00912	0.00456	0.00760
11	0.01037	0.00741	0.00987	0.01185	0.01234	0.00691	0.00790	0.01185	0.01629	0.02172	0.04690	0.69537	0.05629	0.02666	0.01086	0.00346	0.00494	0.02419	0.00790	0.00691
12	0.03179	0.04056	0.02412	0.02192	0.02631	0.66676	0.01644	0.03398	0.02412	0.02083	0.01315	0.01535	0.01096	0.00877	0.00767	0.00219	0.01535	0.00548	0.00438	0.00987
13	0.01747	0.09117	0.61323	0.02357	0.03576	0.02075	0.03024	0.02685	0.01792	0.02646	0.01503	0.01766	0.01079	0.00803	0.00790	0.00263	0.01233	0.00616	0.00360	0.01246
14	0.03235	0.02384	0.02554	0.01958	0.02639	0.02639	0.01618	0.61946	0.04001	0.05363	0.02043	0.02043	0.01447	0.01022	0.00851	0.00255	0.00936	0.00766	0.00851	0.01447
15	0.01204	0.00870	0.01138	0.01071	0.01271	0.00803	0.00803	0.01606	0.02409	0.03413	0.64335	0.06357	0.08030	0.01740	0.01004	0.00268	0.00401	0.01539	0.00937	0.00803
16	0.01586	0.00793	0.00793	0.00793	0.00991	0.00793	0.00595	0.01983	0.01785	0.03173	0.02776	0.03173	0.02181	0.00991	0.00595	0.00198	0.00397	0.00793	0.74817	0.00793
17	0.03235	0.02384	0.02554	0.01958	0.02639	0.02639	0.01618	0.61946	0.04001	0.05363	0.02043	0.02043	0.01447	0.01022	0.00851	0.00255	0.00936	0.00766	0.00851	0.01447
18	0.03179	0.04056	0.02412	0.02192	0.02631	0.66676	0.01644	0.03398	0.02412	0.02083	0.01315	0.01535	0.01096	0.00877	0.00767	0.00219	0.01535	0.00548	0.00438	0.00987
19	0.01217	0.00907	0.01344	0.01344	0.01488	0.01051	0.01035	0.01505	0.01361	0.01958	0.02301	0.03461	0.02179	0.09767	0.63406	0.01339	0.02202	0.00929	0.00459	0.00747
20	0.02028	0.01939	0.03270	0.04913	0.60252	0.01929	0.02472	0.02513	0.01938	0.02746	0.02101	0.02540	0.05841	0.00858	0.00854	0.00255	0.00970	0.00832	0.00448	0.01303
21	0.01891	0.25861	0.45838	0.02111	0.03197	0.02427	0.02597	0.02647	0.01775	0.02470	0.01416	0.01657	0.01083	0.00782	0.00723	0.00241	0.01145	0.00573	0.00361	0.01204
22	0.03556	0.01381	0.01882	0.01483	0.02084	0.01198	0.01207	0.03868	0.02360	0.59406	0.03483	0.09189	0.02439	0.01206	0.00878	0.00271	0.00702	0.01003	0.01028	0.01377
23	0.03179	0.04056	0.02412	0.02192	0.02631	0.66676	0.01644	0.03398	0.02412	0.02083	0.01315	0.01535	0.01096	0.00877	0.00767	0.00219	0.01535	0.00548	0.00438	0.00987
24	0.02195	0.02044	0.03307	0.04696	0.54331	0.02123	0.02463	0.08173	0.02086	0.02970	0.01607	0.02082	0.01340	0.00837	0.00986	0.00262	0.05954	0.00758	0.00458	0.01327
25	0.02858	0.03071	0.02667	0.07583	0.15517	0.34052	0.01888	0.16605	0.02628	0.02985	0.01555	0.01822	0.01231	0.00884	0.00808	0.00239	0.01261	0.00656	0.00525	0.01163
26	0.02805	0.03452	0.02170	0.01980	0.02373	0.54186	0.01485	0.03058	0.02411	0.02335	0.13264	0.02449	0.02411	0.01041	0.00812	0.00228	0.01320	0.00736	0.00533	0.00952
27	0.02124	0.02256	0.04078	0.04340	0.35016	0.05716	0.28282	0.02706	0.01995	0.02717	0.01637	0.02157	0.01309	0.00747	0.00909	0.00266	0.01225	0.00854	0.00426	0.01240
28	0.01026	0.00782	0.00945	0.01076	0.01206	0.00700	0.00742	0.01197	0.01734	0.02215	0.06016	0.48853	0.25457	0.02494	0.01059	0.00326	0.00473	0.02209	0.00790	0.00700
29	0.02329	0.34771	0.06645	0.02020	0.02742	0.15458	0.12652	0.02716	0.01923	0.02261	0.01358	0.01631	0.01146	0.00749	0.00695	0.00207	0.01119	0.00588	0.00405	0.08585
30	0.09912	0.03588	0.02325	0.02077	0.02518	0.52404	0.01587	0.07541	0.02378	0.02484	0.01346	0.01576	0.01107	0.00913	0.00863	0.00234	0.05097	0.00567	0.00473	0.01011
31	0.02918	0.02110	0.02318	0.01773	0.02457	0.02207	0.01453	0.42572	0.06698	0.09014	0.02108	0.02110	0.01520	0.00952	0.00808	0.00232	0.00845	0.00730	0.00796	0.16380

[dist]
# distance from previous block
# <min> <max>
0	1

[block]
# block no. 7 follows, 21 sequences, length 10
# corresponding to MSA columns:
# 197-206
name=unknown_H
#
# <colnr> <probs for GDERKNQSTAVLIFYWHMCP>
#	G	D	E	R	K	N	Q	S	T	A	V	L	I	F	Y	W	H	M	C	P
0	0.03378	0.02154	0.02412	0.01849	0.02524	0.02298	0.01527	0.47733	0.03616	0.20120	0.02366	0.02253	0.01609	0.01029	0.00852	0.00257	0.00884	0.00788	0.00901	0.01447
1	0.01942	0.02505	0.17170	0.12823	0.37435	0.02008	0.08629	0.02583	0.01882	0.02675	0.01585	0.02079	0.01254	0.00778	0.00852	0.00264	0.01124	0.00754	0.00403	0.01254
2	0.01436	0.01189	0.01464	0.01425	0.01593	0.05949	0.01109	0.01735	0.01481	0.02105	0.02187	0.03103	0.01995	0.05152	0.51501	0.01108	0.06077	0.00863	0.07738	0.00790
3	0.02534	0.02180	0.02302	0.02177	0.08520	0.07007	0.01575	0.21702	0.34753	0.03923	0.02691	0.02606	0.02015	0.01055	0.00852	0.00270	0.00850	0.00852	0.00786	0.01351
4	0.06761	0.01919	0.03173	0.14752	0.51562	0.01994	0.02465	0.02537	0.01870	0.02752	0.01560	0.02085	0.01287	0.00775	0.00824	0.00258	0.01008	0.00739	0.00421	0.01258
5	0.19101	0.03322	0.02261	0.02261	0.08656	0.45946	0.01583	0.03122	0.02152	0.02534	0.01315	0.01559	0.01083	0.00846	0.00722	0.00232	0.01289	0.00550	0.00456	0.01009
6	0.01654	0.01056	0.01239	0.01148	0.01297	0.01239	0.00906	0.01999	0.01666	0.02896	0.02368	0.02850	0.01920	0.01114	0.01135	0.00241	0.17153	0.00781	0.56510	0.00827
7	0.01156	0.00868	0.01070	0.01019	0.01241	0.00782	0.00765	0.01511	0.02294	0.03139	0.50634	0.06808	0.21901	0.01842	0.01004	0.00273	0.00409	0.01602	0.00901	0.00782
8	0.01024	0.00790	0.00936	0.01053	0.01200	0.00702	0.00731	0.01200	0.01756	0.02224	0.06295	0.44486	0.29643	0.02458	0.01053	0.00322	0.00468	0.02165	0.00790	0.00702
9	0.03075	0.03838	0.02364	0.02147	0.02590	0.60348	0.01615	0.03508	0.08374	0.02228	0.01526	0.01695	0.01243	0.00904	0.00777	0.00226	0.01450	0.00589	0.00480	0.01022

[dist]
# distance from previous block
# <min> <max>
0	1

[block]
# block no. 8 follows, 21 sequences, length 13
# corresponding to MSA columns:
# 208-220
name=unknown_I
#
# <colnr> <probs for GDERKNQSTAVLIFYWHMCP>
#	G	D	E	R	K	N	Q	S	T	A	V	L	I	F	Y	W	H	M	C	P
0	0.02117	0.01828	0.01924	0.01732	0.02213	0.02117	0.01347	0.04522	0.63246	0.03560	0.03464	0.03175	0.02598	0.01155	0.00866	0.00289	0.00673	0.00962	0.00866	0.01347
1	0.01360	0.00907	0.01173	0.01085	0.01321	0.00826	0.00821	0.01744	0.02379	0.07333	0.56640	0.06257	0.11457	0.01724	0.00994	0.00269	0.00424	0.01512	0.00934	0.00839
2	0.03195	0.03569	0.02453	0.02124	0.02633	0.48047	0.01636	0.20430	0.02874	0.03037	0.01527	0.01683	0.01198	0.00919	0.00792	0.00230	0.01361	0.00612	0.00559	0.01121
3	0.54906	0.01860	0.01630	0.01363	0.01935	0.02121	0.01124	0.19794	0.02191	0.04268	0.01435	0.01575	0.01075	0.00857	0.00621	0.00261	0.00739	0.00550	0.00621	0.01075
4	0.01016	0.00822	0.00903	0.00968	0.01177	0.00709	0.00694	0.01209	0.01837	0.02257	0.07326	0.28404	0.45060	0.02324	0.01032	0.00307	0.00452	0.02001	0.00790	0.00709
5	0.01919	0.01831	0.03116	0.28781	0.42689	0.01973	0.02519	0.02448	0.01849	0.02553	0.01568	0.02167	0.01268	0.00793	0.00846	0.00264	0.01057	0.00758	0.00405	0.01197
6	0.76103	0.01646	0.01251	0.01119	0.01646	0.01909	0.00922	0.02502	0.01448	0.03818	0.01185	0.01382	0.00922	0.00790	0.00527	0.00263	0.00658	0.00461	0.00527	0.00922
7	0.01169	0.00831	0.00942	0.00951	0.01037	0.00789	0.00597	0.01270	0.01544	0.02020	0.10796	0.11469	0.16634	0.42932	0.03008	0.00613	0.00669	0.01484	0.00641	0.00604
8	0.03157	0.02345	0.02510	0.01942	0.02609	0.02603	0.01599	0.57935	0.08140	0.05237	0.02142	0.02122	0.01528	0.01031	0.00852	0.00258	0.00918	0.00780	0.00852	0.01440
9	0.24348	0.01617	0.01749	0.01463	0.02031	0.01696	0.01183	0.03778	0.19954	0.29367	0.02757	0.02538	0.01906	0.01006	0.00763	0.00271	0.00690	0.00772	0.00845	0.01265
10	0.01478	0.00739	0.01109	0.01109	0.01109	0.00739	0.00739	0.01109	0.01109	0.01478	0.01478	0.02587	0.01478	0.02956	0.03326	0.75240	0.00739	0.00739	0.00370	0.00370
11	0.01112	0.00896	0.01010	0.01067	0.01328	0.00794	0.00857	0.01379	0.01945	0.02371	0.07424	0.08600	0.47118	0.02212	0.01055	0.00318	0.00534	0.18453	0.00788	0.00737
12	0.01185	0.00833	0.00913	0.00913	0.00978	0.00801	0.00545	0.01234	0.01396	0.01796	0.04019	0.06159	0.16913	0.54788	0.03582	0.00704	0.00736	0.01363	0.00578	0.00561

[dist]
# distance from previous block
# <min> <max>
0	0

# created by:
# /home/cegg/simao/soft/augustus-3.2.1/scripts/msa2prfl.pl ./align_prep/13564.fa
