[name]
unknown

[dist]
# distance from previous block
# <min> <max>
0	180

[block]
# block no. 0 follows, 22 sequences, length 129
# corresponding to MSA columns:
# 192-320
name=unknown_A
#
# <colnr> <probs for GDERKNQSTAVLIFYWHMCP>
#	G	D	E	R	K	N	Q	S	T	A	V	L	I	F	Y	W	H	M	C	P
0	0.01485	0.01180	0.01431	0.01575	0.01797	0.04835	0.01352	0.01982	0.05850	0.02522	0.04156	0.08526	0.04427	0.02139	0.01106	0.00367	0.00800	0.52907	0.00751	0.00811
1	0.06997	0.01627	0.01860	0.01572	0.02113	0.01720	0.01254	0.04157	0.36072	0.28336	0.03213	0.02892	0.02252	0.01068	0.00822	0.00271	0.00676	0.00870	0.00899	0.01330
2	0.09519	0.02123	0.02249	0.01757	0.02377	0.02321	0.01439	0.50503	0.03428	0.04780	0.02039	0.05831	0.01590	0.01047	0.00804	0.00248	0.00848	0.00799	0.00780	0.05519
3	0.05697	0.03059	0.31152	0.02621	0.12340	0.07351	0.07624	0.02691	0.01832	0.08242	0.01693	0.02109	0.01308	0.04836	0.01070	0.00292	0.03770	0.00708	0.00450	0.01156
4	0.33830	0.01614	0.01637	0.01297	0.01914	0.01612	0.01061	0.09392	0.01964	0.15827	0.01752	0.01812	0.01273	0.00804	0.00640	0.00220	0.00678	0.00570	0.00644	0.21461
5	0.06341	0.01817	0.02025	0.01643	0.02210	0.01928	0.01339	0.27746	0.15000	0.15190	0.06040	0.02959	0.02255	0.01107	0.00833	0.00258	0.00760	0.04152	0.00835	0.05562
6	0.01155	0.00867	0.01048	0.01081	0.01261	0.00805	0.00778	0.04293	0.01993	0.02641	0.22289	0.33081	0.21349	0.02144	0.01007	0.00297	0.00462	0.01887	0.00814	0.00748
7	0.02326	0.03055	0.13380	0.03209	0.19838	0.23936	0.13956	0.02923	0.04772	0.02496	0.01561	0.01903	0.01234	0.00796	0.00824	0.00246	0.01263	0.00707	0.00428	0.01145
8	0.01022	0.00727	0.00961	0.01144	0.01190	0.00681	0.00758	0.01159	0.01571	0.02095	0.04479	0.66973	0.05369	0.06063	0.01221	0.00361	0.00498	0.02303	0.00758	0.00666
9	0.02057	0.01963	0.03286	0.04904	0.61988	0.01979	0.02479	0.02656	0.05455	0.02758	0.01667	0.02116	0.01386	0.00762	0.00824	0.00249	0.00968	0.00752	0.00436	0.01316
10	0.02221	0.71304	0.04353	0.01421	0.02132	0.03287	0.01421	0.02488	0.01688	0.01955	0.01155	0.01333	0.01066	0.00711	0.00533	0.00178	0.00888	0.00444	0.00355	0.01066
11	0.02931	0.17073	0.02743	0.02000	0.02483	0.54972	0.01569	0.03156	0.02224	0.02018	0.01259	0.01466	0.01069	0.00828	0.00707	0.00207	0.01379	0.00517	0.00414	0.00983
12	0.01953	0.02217	0.04767	0.03426	0.04218	0.02126	0.59124	0.02623	0.01921	0.02623	0.01647	0.02217	0.01251	0.00743	0.01080	0.00285	0.05288	0.00966	0.00417	0.01108
13	0.01443	0.00722	0.01082	0.01082	0.01082	0.00722	0.00722	0.01082	0.01082	0.01443	0.01443	0.02525	0.01443	0.02886	0.03247	0.75830	0.00722	0.00722	0.00361	0.00361
14	0.02145	0.44032	0.22947	0.01782	0.02620	0.09547	0.01939	0.02617	0.01777	0.02167	0.01270	0.01477	0.01062	0.00750	0.00633	0.00207	0.01054	0.00505	0.00362	0.01104
15	0.01158	0.00848	0.01086	0.01027	0.01230	0.00776	0.00770	0.01534	0.02311	0.03234	0.60115	0.06365	0.12968	0.01735	0.00980	0.00263	0.00395	0.01525	0.00902	0.00776
16	0.02388	0.01704	0.01802	0.01459	0.01948	0.01824	0.01180	0.37758	0.03049	0.04194	0.03399	0.03400	0.14004	0.01206	0.00807	0.00243	0.00705	0.00949	0.16843	0.01137
17	0.03103	0.03959	0.02354	0.02140	0.02568	0.67469	0.01605	0.03317	0.02354	0.02033	0.01284	0.01498	0.01070	0.00856	0.00749	0.00214	0.01498	0.00535	0.00428	0.00963
18	0.01188	0.00885	0.01311	0.01311	0.01452	0.01026	0.01009	0.01468	0.01328	0.01911	0.02247	0.03383	0.02129	0.09789	0.64025	0.01306	0.02147	0.00908	0.00448	0.00729
19	0.02035	0.01952	0.03334	0.07855	0.63031	0.01968	0.02539	0.02531	0.01882	0.02688	0.01559	0.02063	0.01307	0.00744	0.00823	0.00248	0.00992	0.00740	0.00409	0.01299
20	0.02931	0.17073	0.02743	0.02000	0.02483	0.54972	0.01569	0.03156	0.02224	0.02018	0.01259	0.01466	0.01069	0.00828	0.00707	0.00207	0.01379	0.00517	0.00414	0.00983
21	0.13645	0.03654	0.49087	0.02116	0.03169	0.01991	0.02562	0.09312	0.01940	0.03094	0.01494	0.01717	0.01068	0.00810	0.00751	0.00261	0.01101	0.00603	0.00430	0.01197
22	0.10346	0.02079	0.07102	0.04481	0.54588	0.01959	0.02398	0.02543	0.01830	0.02822	0.01513	0.01958	0.01253	0.00747	0.00786	0.00249	0.00964	0.00700	0.00419	0.01264
23	0.01503	0.01114	0.01353	0.01461	0.06881	0.01068	0.00987	0.02078	0.11576	0.08226	0.09145	0.17489	0.30285	0.01808	0.00948	0.00285	0.00541	0.01555	0.00783	0.00912
24	0.01127	0.00847	0.01042	0.00994	0.01211	0.00763	0.00745	0.01473	0.02236	0.03056	0.50826	0.06658	0.22368	0.01801	0.00980	0.00266	0.00399	0.01566	0.00878	0.00763
25	0.02060	0.01895	0.02750	0.03681	0.39214	0.02012	0.02036	0.03326	0.27787	0.03031	0.02319	0.02490	0.01824	0.00901	0.00832	0.00261	0.00850	0.00823	0.00592	0.01315
26	0.01012	0.00723	0.00964	0.01157	0.01205	0.00675	0.00771	0.01157	0.01591	0.02121	0.04579	0.70262	0.05495	0.02603	0.01060	0.00337	0.00482	0.02362	0.00771	0.00675
27	0.02520	0.18310	0.16702	0.02237	0.08325	0.17082	0.01957	0.17864	0.02426	0.03009	0.01503	0.01691	0.01173	0.00835	0.00737	0.00228	0.01113	0.00604	0.00495	0.01187
28	0.01933	0.02566	0.16767	0.03796	0.24204	0.02025	0.31043	0.02619	0.01897	0.02672	0.01604	0.02083	0.01237	0.00731	0.00890	0.00266	0.01231	0.00828	0.00403	0.01206
29	0.01176	0.00849	0.01110	0.01045	0.01241	0.00784	0.00784	0.01568	0.02352	0.03331	0.65184	0.06206	0.07839	0.01698	0.00980	0.00261	0.00392	0.01502	0.00914	0.00784
30	0.08433	0.03574	0.46211	0.02520	0.03593	0.01964	0.16851	0.02621	0.01772	0.02736	0.01506	0.01832	0.01088	0.00767	0.00810	0.00267	0.01216	0.00685	0.00382	0.01173
31	0.01069	0.00763	0.01001	0.01112	0.01198	0.00712	0.00760	0.01274	0.01781	0.02429	0.21316	0.48804	0.06007	0.06192	0.01216	0.00343	0.00475	0.02058	0.00796	0.00695
32	0.03103	0.03959	0.02354	0.02140	0.02568	0.67469	0.01605	0.03317	0.02354	0.02033	0.01284	0.01498	0.01070	0.00856	0.00749	0.00214	0.01498	0.00535	0.00428	0.00963
33	0.03022	0.03825	0.02366	0.02143	0.02544	0.63386	0.01618	0.03234	0.02286	0.02031	0.01272	0.01518	0.01071	0.00894	0.00873	0.00223	0.05761	0.00547	0.00424	0.00960
34	0.03605	0.01610	0.02049	0.01571	0.02219	0.01512	0.01298	0.16682	0.02706	0.53100	0.03002	0.02649	0.01918	0.01022	0.00834	0.00255	0.00751	0.00817	0.00986	0.01414
35	0.01176	0.00849	0.01110	0.01045	0.01241	0.00784	0.00784	0.01568	0.02352	0.03331	0.65184	0.06206	0.07839	0.01698	0.00980	0.00261	0.00392	0.01502	0.00914	0.00784
36	0.03103	0.03959	0.02354	0.02140	0.02568	0.67469	0.01605	0.03317	0.02354	0.02033	0.01284	0.01498	0.01070	0.00856	0.00749	0.00214	0.01498	0.00535	0.00428	0.00963
37	0.00982	0.00842	0.00842	0.00842	0.01122	0.00701	0.00631	0.01192	0.01894	0.02244	0.08416	0.07995	0.65285	0.02104	0.00982	0.00281	0.00421	0.01753	0.00771	0.00701
38	0.01239	0.04003	0.01337	0.01206	0.01334	0.01067	0.00890	0.01443	0.01312	0.01831	0.02299	0.03849	0.02323	0.25943	0.44967	0.01120	0.01727	0.00968	0.00459	0.00683
39	0.02696	0.07157	0.02520	0.02111	0.02436	0.45806	0.01654	0.02904	0.02016	0.02019	0.01223	0.01578	0.01076	0.01014	0.01287	0.00254	0.20308	0.00583	0.00406	0.00954
40	0.01637	0.00860	0.00869	0.00837	0.01057	0.00874	0.00636	0.05293	0.01861	0.03215	0.02671	0.03036	0.02090	0.00969	0.00595	0.00197	0.00416	0.00773	0.71306	0.00809
41	0.01666	0.04297	0.66500	0.02368	0.03596	0.01929	0.03069	0.02631	0.01754	0.02631	0.01491	0.01754	0.01052	0.00789	0.00789	0.00263	0.01228	0.00614	0.00351	0.01228
42	0.27148	0.03190	0.01984	0.01798	0.02254	0.46027	0.01375	0.03031	0.02047	0.02587	0.01242	0.01450	0.01014	0.00828	0.00672	0.00228	0.01219	0.00507	0.00456	0.00942
43	0.02425	0.01963	0.02080	0.01763	0.02297	0.02234	0.01402	0.23599	0.44353	0.04053	0.02926	0.02737	0.02167	0.01084	0.00841	0.00271	0.00742	0.00876	0.00841	0.01347
44	0.02109	0.01874	0.01898	0.01709	0.02177	0.04768	0.01327	0.04369	0.61570	0.03416	0.03295	0.03033	0.02475	0.01116	0.00841	0.00279	0.00692	0.00923	0.00828	0.01300
45	0.01183	0.00809	0.00899	0.00899	0.00930	0.00794	0.00518	0.01206	0.01285	0.01682	0.03265	0.05722	0.09976	0.63129	0.03866	0.00747	0.00762	0.01269	0.00533	0.00525
46	0.01401	0.01072	0.01350	0.01330	0.03914	0.01070	0.00955	0.04346	0.10844	0.03342	0.48822	0.08583	0.06494	0.01600	0.00953	0.00267	0.00476	0.01408	0.00875	0.00896
47	0.00982	0.00842	0.00842	0.00842	0.01122	0.00701	0.00631	0.01192	0.01894	0.02244	0.08416	0.07995	0.65285	0.02104	0.00982	0.00281	0.00421	0.01753	0.00771	0.00701
48	0.01666	0.04297	0.66500	0.02368	0.03596	0.01929	0.03069	0.02631	0.01754	0.02631	0.01491	0.01754	0.01052	0.00789	0.00789	0.00263	0.01228	0.00614	0.00351	0.01228
49	0.03044	0.03848	0.02412	0.02307	0.06120	0.63780	0.01658	0.03274	0.02328	0.02072	0.01300	0.01530	0.01084	0.00850	0.00753	0.00216	0.01469	0.00547	0.00427	0.00983
50	0.02156	0.26946	0.18522	0.01798	0.02548	0.15060	0.01805	0.02594	0.01818	0.02260	0.01311	0.01556	0.01092	0.00780	0.00762	0.00206	0.04515	0.00525	0.00391	0.13355
51	0.02056	0.01974	0.03372	0.05099	0.65622	0.01974	0.02550	0.02550	0.01892	0.02714	0.01563	0.02056	0.01316	0.00740	0.00822	0.00247	0.00987	0.00740	0.00411	0.01316
52	0.01198	0.00807	0.00903	0.00903	0.00916	0.00801	0.00509	0.01207	0.01239	0.01639	0.02876	0.05550	0.05796	0.67742	0.04084	0.00782	0.00788	0.01232	0.00515	0.00512
53	0.02056	0.01974	0.03372	0.05099	0.65622	0.01974	0.02550	0.02550	0.01892	0.02714	0.01563	0.02056	0.01316	0.00740	0.00822	0.00247	0.00987	0.00740	0.00411	0.01316
54	0.03158	0.02327	0.02493	0.01911	0.02576	0.02576	0.01579	0.62852	0.03906	0.05236	0.01995	0.01995	0.01413	0.00997	0.00831	0.00249	0.00914	0.00748	0.00831	0.01413
55	0.01012	0.00723	0.00964	0.01157	0.01205	0.00675	0.00771	0.01157	0.01591	0.02121	0.04579	0.70262	0.05495	0.02603	0.01060	0.00337	0.00482	0.02362	0.00771	0.00675
56	0.02424	0.02041	0.03960	0.02875	0.03644	0.01932	0.42568	0.06500	0.05200	0.16873	0.02134	0.02398	0.01507	0.00811	0.00933	0.00273	0.01183	0.00933	0.00599	0.01211
57	0.01081	0.00873	0.00980	0.01033	0.01289	0.00772	0.00828	0.01339	0.01899	0.02311	0.07299	0.08377	0.48465	0.02157	0.01028	0.00309	0.00516	0.17954	0.00770	0.00719
58	0.01864	0.02524	0.16241	0.02914	0.03596	0.02191	0.34114	0.02471	0.01729	0.02471	0.01480	0.02028	0.01173	0.00927	0.01429	0.00300	0.20238	0.00839	0.00391	0.01082
59	0.02109	0.02075	0.03320	0.04949	0.62423	0.05297	0.02502	0.02589	0.01915	0.02679	0.01548	0.02028	0.01303	0.00746	0.00819	0.00245	0.01013	0.00730	0.00412	0.01298
60	0.01549	0.00774	0.00774	0.00774	0.00968	0.00774	0.00581	0.01936	0.01742	0.03097	0.02710	0.03097	0.02129	0.00968	0.00581	0.00194	0.00387	0.00774	0.75416	0.00774
61	0.14672	0.01094	0.01237	0.01132	0.01429	0.01112	0.00873	0.02094	0.07907	0.06176	0.45461	0.04914	0.05871	0.01453	0.00879	0.00262	0.00475	0.01235	0.00843	0.00881
62	0.02102	0.02061	0.03327	0.04970	0.62863	0.04840	0.02508	0.02583	0.01912	0.02684	0.01550	0.02032	0.01305	0.00745	0.00819	0.00245	0.01009	0.00731	0.00412	0.01300
63	0.01549	0.00774	0.00774	0.00774	0.00968	0.00774	0.00581	0.01936	0.01742	0.03097	0.02710	0.03097	0.02129	0.00968	0.00581	0.00194	0.00387	0.00774	0.75416	0.00774
64	0.03106	0.03877	0.02361	0.02129	0.02569	0.64176	0.01604	0.06338	0.02433	0.02196	0.01320	0.01523	0.01087	0.00863	0.00753	0.00216	0.01468	0.00546	0.00448	0.00986
65	0.01273	0.00882	0.01074	0.01006	0.01258	0.00784	0.00762	0.01601	0.02204	0.06930	0.42769	0.06577	0.26218	0.01789	0.00971	0.00267	0.00421	0.01542	0.00875	0.00797
66	0.01176	0.00849	0.01110	0.01045	0.01241	0.00784	0.00784	0.01568	0.02352	0.03331	0.65184	0.06206	0.07839	0.01698	0.00980	0.00261	0.00392	0.01502	0.00914	0.00784
67	0.01012	0.00723	0.00964	0.01157	0.01205	0.00675	0.00771	0.01157	0.01591	0.02121	0.04579	0.70262	0.05495	0.02603	0.01060	0.00337	0.00482	0.02362	0.00771	0.00675
68	0.02602	0.03008	0.02842	0.03558	0.32772	0.36096	0.02058	0.02950	0.02133	0.02359	0.01418	0.01765	0.01188	0.00801	0.00784	0.00230	0.01253	0.00633	0.00420	0.01132
69	0.03103	0.03959	0.02354	0.02140	0.02568	0.67469	0.01605	0.03317	0.02354	0.02033	0.01284	0.01498	0.01070	0.00856	0.00749	0.00214	0.01498	0.00535	0.00428	0.00963
70	0.01012	0.00723	0.00964	0.01157	0.01205	0.00675	0.00771	0.01157	0.01591	0.02121	0.04579	0.70262	0.05495	0.02603	0.01060	0.00337	0.00482	0.02362	0.00771	0.00675
71	0.00982	0.00842	0.00842	0.00842	0.01122	0.00701	0.00631	0.01192	0.01894	0.02244	0.08416	0.07995	0.65285	0.02104	0.00982	0.00281	0.00421	0.01753	0.00771	0.00701
72	0.03158	0.02327	0.02493	0.01911	0.02576	0.02576	0.01579	0.62852	0.03906	0.05236	0.01995	0.01995	0.01413	0.00997	0.00831	0.00249	0.00914	0.00748	0.00831	0.01413
73	0.03158	0.02327	0.02493	0.01911	0.02576	0.02576	0.01579	0.62852	0.03906	0.05236	0.01995	0.01995	0.01413	0.00997	0.00831	0.00249	0.00914	0.00748	0.00831	0.01413
74	0.00982	0.00842	0.00842	0.00842	0.01122	0.00701	0.00631	0.01192	0.01894	0.02244	0.08416	0.07995	0.65285	0.02104	0.00982	0.00281	0.00421	0.01753	0.00771	0.00701
75	0.01666	0.04297	0.66500	0.02368	0.03596	0.01929	0.03069	0.02631	0.01754	0.02631	0.01491	0.01754	0.01052	0.00789	0.00789	0.00263	0.01228	0.00614	0.00351	0.01228
76	0.01079	0.00926	0.00934	0.00917	0.01215	0.00823	0.00692	0.01480	0.07450	0.02354	0.07966	0.07558	0.59682	0.02017	0.00970	0.00281	0.00442	0.01681	0.00778	0.00756
77	0.00982	0.00842	0.00842	0.00842	0.01122	0.00701	0.00631	0.01192	0.01894	0.02244	0.08416	0.07995	0.65285	0.02104	0.00982	0.00281	0.00421	0.01753	0.00771	0.00701
78	0.02625	0.34719	0.03327	0.01756	0.02343	0.18433	0.01527	0.16745	0.02339	0.02742	0.01378	0.01557	0.01150	0.00859	0.00792	0.00215	0.05341	0.00555	0.00484	0.01112
79	0.02812	0.01993	0.02124	0.01667	0.02231	0.02189	0.01365	0.49765	0.03441	0.04776	0.02148	0.02231	0.01567	0.00991	0.00777	0.00237	0.00801	0.00754	0.16855	0.01276
80	0.02360	0.02146	0.03121	0.04223	0.48095	0.05074	0.02281	0.16623	0.02381	0.03270	0.01651	0.02017	0.01327	0.00805	0.00821	0.00246	0.00993	0.00733	0.00510	0.01323
81	0.02122	0.02099	0.03308	0.04913	0.61657	0.06093	0.02490	0.02598	0.01921	0.02671	0.01545	0.02021	0.01300	0.00747	0.00818	0.00245	0.01019	0.00727	0.00412	0.01294
82	0.01192	0.00864	0.01019	0.00978	0.01224	0.00761	0.00734	0.01487	0.02111	0.05506	0.34204	0.09986	0.33119	0.01895	0.00978	0.00273	0.00423	0.01628	0.00849	0.00769
83	0.02056	0.01974	0.03372	0.05099	0.65622	0.01974	0.02550	0.02550	0.01892	0.02714	0.01563	0.02056	0.01316	0.00740	0.00822	0.00247	0.00987	0.00740	0.00411	0.01316
84	0.01038	0.00844	0.00919	0.00900	0.01156	0.00725	0.00675	0.01301	0.02026	0.02558	0.24795	0.07479	0.48710	0.01987	0.00981	0.00275	0.00412	0.01681	0.00813	0.00725
85	0.01961	0.02241	0.04902	0.03501	0.04342	0.02101	0.62605	0.02661	0.01961	0.02661	0.01681	0.02241	0.01261	0.00700	0.00980	0.00280	0.01401	0.00980	0.00420	0.01120
86	0.01287	0.00879	0.01115	0.01038	0.01271	0.00795	0.00785	0.01647	0.02283	0.06630	0.53133	0.06292	0.16262	0.01723	0.00972	0.00264	0.00414	0.01504	0.00899	0.00806
87	0.01109	0.00796	0.01033	0.01191	0.01267	0.00761	0.00808	0.03955	0.01696	0.02262	0.04462	0.67165	0.05309	0.02530	0.01050	0.00333	0.00502	0.02288	0.00774	0.00708
88	0.76672	0.01607	0.01221	0.01092	0.01607	0.01864	0.00900	0.02442	0.01414	0.03727	0.01157	0.01350	0.00900	0.00771	0.00514	0.00257	0.00643	0.00450	0.00514	0.00900
89	0.02255	0.02351	0.03178	0.04536	0.53632	0.14429	0.02370	0.02696	0.01980	0.02585	0.01510	0.01950	0.01269	0.00762	0.00808	0.00241	0.01084	0.00701	0.00414	0.01249
90	0.01862	0.01077	0.01109	0.00996	0.01281	0.01125	0.00775	0.13797	0.02163	0.03514	0.02571	0.02882	0.01990	0.00974	0.00629	0.00204	0.00490	0.00769	0.60893	0.00899
91	0.03158	0.02327	0.02493	0.01911	0.02576	0.02576	0.01579	0.62852	0.03906	0.05236	0.01995	0.01995	0.01413	0.00997	0.00831	0.00249	0.00914	0.00748	0.00831	0.01413
92	0.03158	0.02327	0.02493	0.01911	0.02576	0.02576	0.01579	0.62852	0.03906	0.05236	0.01995	0.01995	0.01413	0.00997	0.00831	0.00249	0.00914	0.00748	0.00831	0.01413
93	0.00995	0.00827	0.00858	0.00878	0.01121	0.00703	0.00640	0.01189	0.01830	0.02202	0.07741	0.14571	0.56046	0.05262	0.01137	0.00310	0.00445	0.01794	0.00759	0.00690
94	0.03036	0.02266	0.02425	0.01887	0.02530	0.02519	0.01550	0.56340	0.10616	0.05039	0.02149	0.02118	0.01538	0.01012	0.00833	0.00253	0.00886	0.00769	0.00833	0.01402
95	0.00994	0.00842	0.00858	0.00854	0.01130	0.00707	0.00641	0.01216	0.01922	0.02313	0.11986	0.07882	0.61673	0.02078	0.00982	0.00279	0.00419	0.01738	0.00780	0.00707
96	0.02221	0.71304	0.04353	0.01421	0.02132	0.03287	0.01421	0.02488	0.01688	0.01955	0.01155	0.01333	0.01066	0.00711	0.00533	0.00178	0.00888	0.00444	0.00355	0.01066
97	0.02056	0.01974	0.03372	0.05099	0.65622	0.01974	0.02550	0.02550	0.01892	0.02714	0.01563	0.02056	0.01316	0.00740	0.00822	0.00247	0.00987	0.00740	0.00411	0.01316
98	0.02176	0.01379	0.01444	0.01217	0.01595	0.01477	0.00970	0.25676	0.02585	0.03931	0.02431	0.02667	0.01850	0.00979	0.00678	0.00215	0.00593	0.00764	0.46349	0.01023
99	0.01717	0.01280	0.01539	0.01352	0.01742	0.01290	0.03753	0.02708	0.22711	0.09677	0.17362	0.05199	0.23234	0.01520	0.00920	0.00275	0.00568	0.01300	0.00836	0.01016
100	0.76672	0.01607	0.01221	0.01092	0.01607	0.01864	0.00900	0.02442	0.01414	0.03727	0.01157	0.01350	0.00900	0.00771	0.00514	0.00257	0.00643	0.00450	0.00514	0.00900
101	0.01148	0.00848	0.01071	0.01015	0.01224	0.00772	0.00762	0.01513	0.02285	0.03173	0.56917	0.06466	0.16204	0.01757	0.00980	0.00264	0.00396	0.01539	0.00894	0.00772
102	0.01889	0.20080	0.33004	0.02473	0.03459	0.02312	0.20345	0.02605	0.01799	0.02474	0.01465	0.01795	0.01118	0.00744	0.00783	0.00247	0.01196	0.00681	0.00373	0.01156
103	0.01058	0.00832	0.00864	0.00861	0.01078	0.00729	0.00611	0.01242	0.01771	0.02200	0.09614	0.07208	0.47695	0.15821	0.01617	0.00382	0.00495	0.01594	0.03660	0.00668
104	0.01188	0.00886	0.01316	0.01316	0.01457	0.01028	0.01014	0.01471	0.01329	0.01914	0.02243	0.03362	0.02120	0.09160	0.64642	0.01311	0.02161	0.00905	0.00448	0.00731
105	0.01012	0.00723	0.00964	0.01157	0.01205	0.00675	0.00771	0.01157	0.01591	0.02121	0.04579	0.70262	0.05495	0.02603	0.01060	0.00337	0.00482	0.02362	0.00771	0.00675
106	0.03158	0.02327	0.02493	0.01911	0.02576	0.02576	0.01579	0.62852	0.03906	0.05236	0.01995	0.01995	0.01413	0.00997	0.00831	0.00249	0.00914	0.00748	0.00831	0.01413
107	0.02056	0.01974	0.03372	0.05099	0.65622	0.01974	0.02550	0.02550	0.01892	0.02714	0.01563	0.02056	0.01316	0.00740	0.00822	0.00247	0.00987	0.00740	0.00411	0.01316
108	0.01748	0.10786	0.54822	0.02375	0.03516	0.02080	0.08212	0.02619	0.01766	0.02566	0.01474	0.01755	0.01072	0.00774	0.00781	0.00256	0.01209	0.00630	0.00357	0.01202
109	0.03103	0.03959	0.02354	0.02140	0.02568	0.67469	0.01605	0.03317	0.02354	0.02033	0.01284	0.01498	0.01070	0.00856	0.00749	0.00214	0.01498	0.00535	0.00428	0.00963
110	0.02128	0.01975	0.04814	0.02132	0.10608	0.05610	0.01527	0.12037	0.31611	0.03489	0.12156	0.03127	0.02874	0.01114	0.00853	0.00265	0.00769	0.00934	0.00752	0.01225
111	0.01701	0.08511	0.62592	0.02308	0.03504	0.02015	0.02966	0.02622	0.01750	0.02588	0.01470	0.01727	0.01053	0.00784	0.00773	0.00258	0.01206	0.00603	0.00351	0.01218
112	0.02622	0.01867	0.01982	0.01594	0.02116	0.02055	0.01292	0.40648	0.10058	0.04489	0.02333	0.02402	0.01723	0.01004	0.00768	0.00239	0.00750	0.00776	0.20046	0.01237
113	0.01666	0.04297	0.66500	0.02368	0.03596	0.01929	0.03069	0.02631	0.01754	0.02631	0.01491	0.01754	0.01052	0.00789	0.00789	0.00263	0.01228	0.00614	0.00351	0.01228
114	0.01208	0.00805	0.00906	0.00906	0.00906	0.00805	0.00503	0.01208	0.01208	0.01611	0.02618	0.05436	0.03020	0.70804	0.04228	0.00805	0.00805	0.01208	0.00503	0.00503
115	0.02066	0.01785	0.01878	0.01691	0.02160	0.02066	0.01315	0.04414	0.64121	0.03475	0.03381	0.03099	0.02536	0.01127	0.00845	0.00282	0.00657	0.00939	0.00845	0.01315
116	0.02066	0.01785	0.01878	0.01691	0.02160	0.02066	0.01315	0.04414	0.64121	0.03475	0.03381	0.03099	0.02536	0.01127	0.00845	0.00282	0.00657	0.00939	0.00845	0.01315
117	0.03703	0.01452	0.01952	0.01496	0.02140	0.01278	0.01236	0.06540	0.02442	0.63614	0.03223	0.02792	0.02029	0.01027	0.00835	0.00257	0.00716	0.00832	0.01020	0.01414
118	0.01012	0.00723	0.00964	0.01157	0.01205	0.00675	0.00771	0.01157	0.01591	0.02121	0.04579	0.70262	0.05495	0.02603	0.01060	0.00337	0.00482	0.02362	0.00771	0.00675
119	0.03158	0.02327	0.02493	0.01911	0.02576	0.02576	0.01579	0.62852	0.03906	0.05236	0.01995	0.01995	0.01413	0.00997	0.00831	0.00249	0.00914	0.00748	0.00831	0.01413
120	0.03221	0.02225	0.02430	0.01863	0.02525	0.02425	0.01539	0.56300	0.03736	0.12029	0.02137	0.02087	0.01485	0.01001	0.00832	0.00250	0.00891	0.00758	0.00853	0.01413
121	0.01666	0.04297	0.66500	0.02368	0.03596	0.01929	0.03069	0.02631	0.01754	0.02631	0.01491	0.01754	0.01052	0.00789	0.00789	0.00263	0.01228	0.00614	0.00351	0.01228
122	0.01339	0.00956	0.01339	0.01530	0.01721	0.00956	0.01339	0.01721	0.01912	0.02486	0.04399	0.09371	0.04781	0.02295	0.01147	0.00382	0.00765	0.60031	0.00765	0.00765
123	0.03103	0.03959	0.02354	0.02140	0.02568	0.67469	0.01605	0.03317	0.02354	0.02033	0.01284	0.01498	0.01070	0.00856	0.00749	0.00214	0.01498	0.00535	0.00428	0.00963
124	0.01085	0.00846	0.00985	0.00950	0.01185	0.00745	0.00712	0.01392	0.02137	0.02823	0.38629	0.07043	0.34711	0.01888	0.00981	0.00270	0.00405	0.01620	0.00848	0.00745
125	0.01818	0.01818	0.02545	0.02181	0.02181	0.02545	0.01818	0.01999	0.01272	0.01999	0.01091	0.01818	0.01091	0.01454	0.02726	0.00364	0.69284	0.00727	0.00364	0.00909
126	0.01068	0.00791	0.00925	0.00987	0.01106	0.00726	0.00661	0.01217	0.01650	0.02133	0.10590	0.29097	0.23048	0.20010	0.01849	0.00435	0.00539	0.01804	0.00715	0.00648
127	0.01724	0.03897	0.54506	0.02589	0.03741	0.01963	0.14662	0.02637	0.01794	0.02637	0.01528	0.01849	0.01093	0.00772	0.00826	0.00266	0.01261	0.00685	0.00364	0.01207
128	0.17203	0.03075	0.02352	0.02572	0.15928	0.40624	0.01671	0.02982	0.02072	0.02509	0.01319	0.01589	0.01090	0.00815	0.00719	0.00229	0.01222	0.00563	0.00441	0.01027

[dist]
# distance from previous block
# <min> <max>
1	2

[block]
# block no. 1 follows, 22 sequences, length 31
# corresponding to MSA columns:
# 323-353
name=unknown_B
#
# <colnr> <probs for GDERKNQSTAVLIFYWHMCP>
#	G	D	E	R	K	N	Q	S	T	A	V	L	I	F	Y	W	H	M	C	P
0	0.50794	0.10640	0.09360	0.01472	0.02106	0.05500	0.04777	0.02528	0.01567	0.03234	0.01231	0.01453	0.00967	0.00766	0.00587	0.00247	0.00828	0.00503	0.00466	0.00974
1	0.01749	0.14284	0.57237	0.02227	0.03377	0.02132	0.02824	0.02610	0.01744	0.02530	0.01441	0.01691	0.01054	0.00778	0.00751	0.00250	0.01177	0.00589	0.00351	0.01204
2	0.01443	0.00722	0.01082	0.01082	0.01082	0.00722	0.00722	0.01082	0.01082	0.01443	0.01443	0.02525	0.01443	0.02886	0.03247	0.75830	0.00722	0.00722	0.00361	0.00361
3	0.02257	0.02312	0.02657	0.02696	0.15297	0.15024	0.09390	0.03599	0.31460	0.02933	0.02384	0.02463	0.01838	0.00941	0.00839	0.00261	0.00985	0.00824	0.00621	0.01221
4	0.01666	0.04297	0.66500	0.02368	0.03596	0.01929	0.03069	0.02631	0.01754	0.02631	0.01491	0.01754	0.01052	0.00789	0.00789	0.00263	0.01228	0.00614	0.00351	0.01228
5	0.01002	0.00836	0.00873	0.00878	0.01138	0.00708	0.00653	0.01225	0.01920	0.02339	0.13515	0.11188	0.56689	0.02093	0.00986	0.00282	0.00421	0.01763	0.00785	0.00708
6	0.02160	0.01764	0.01881	0.01679	0.02158	0.02019	0.01310	0.04394	0.60646	0.07005	0.03375	0.03084	0.02509	0.01122	0.00845	0.00280	0.00660	0.00933	0.00856	0.01320
7	0.00982	0.00842	0.00842	0.00842	0.01122	0.00701	0.00631	0.01192	0.01894	0.02244	0.08416	0.07995	0.65285	0.02104	0.00982	0.00281	0.00421	0.01753	0.00771	0.00701
8	0.01723	0.01477	0.01723	0.01230	0.01969	0.01107	0.00984	0.02092	0.01723	0.02707	0.01477	0.01723	0.01230	0.00615	0.00615	0.00123	0.00615	0.00492	0.00492	0.75883
9	0.01666	0.04297	0.66500	0.02368	0.03596	0.01929	0.03069	0.02631	0.01754	0.02631	0.01491	0.01754	0.01052	0.00789	0.00789	0.00263	0.01228	0.00614	0.00351	0.01228
10	0.01961	0.02241	0.04902	0.03501	0.04342	0.02101	0.62605	0.02661	0.01961	0.02661	0.01681	0.02241	0.01261	0.00700	0.00980	0.00280	0.01401	0.00980	0.00420	0.01120
11	0.01199	0.00842	0.01092	0.01092	0.01156	0.00906	0.00735	0.01328	0.01263	0.01749	0.02447	0.04494	0.02611	0.42799	0.31675	0.01035	0.01421	0.01070	0.00478	0.00607
12	0.01961	0.02241	0.04902	0.03501	0.04342	0.02101	0.62605	0.02661	0.01961	0.02661	0.01681	0.02241	0.01261	0.00700	0.00980	0.00280	0.01401	0.00980	0.00420	0.01120
13	0.01818	0.01818	0.02545	0.02181	0.02181	0.02545	0.01818	0.01999	0.01272	0.01999	0.01091	0.01818	0.01091	0.01454	0.02726	0.00364	0.69284	0.00727	0.00364	0.00909
14	0.01855	0.01751	0.02511	0.20945	0.03387	0.02123	0.07778	0.03011	0.25171	0.02657	0.02122	0.02455	0.01658	0.01080	0.01308	0.00300	0.17413	0.00835	0.00553	0.01087
15	0.01012	0.00723	0.00964	0.01157	0.01205	0.00675	0.00771	0.01157	0.01591	0.02121	0.04579	0.70262	0.05495	0.02603	0.01060	0.00337	0.00482	0.02362	0.00771	0.00675
16	0.01844	0.02482	0.27175	0.01934	0.02680	0.01532	0.10717	0.02609	0.05459	0.08540	0.08013	0.02716	0.02133	0.00942	0.00795	0.00250	0.00907	0.00825	0.17354	0.01090
17	0.09894	0.13415	0.10576	0.01884	0.02449	0.39572	0.01636	0.02945	0.02054	0.02324	0.01361	0.01583	0.01111	0.00824	0.00690	0.00218	0.01228	0.00537	0.04703	0.00995
18	0.76672	0.01607	0.01221	0.01092	0.01607	0.01864	0.00900	0.02442	0.01414	0.03727	0.01157	0.01350	0.00900	0.00771	0.00514	0.00257	0.00643	0.00450	0.00514	0.00900
19	0.02056	0.01974	0.03372	0.05099	0.65622	0.01974	0.02550	0.02550	0.01892	0.02714	0.01563	0.02056	0.01316	0.00740	0.00822	0.00247	0.00987	0.00740	0.00411	0.01316
20	0.01012	0.00723	0.00964	0.01157	0.01205	0.00675	0.00771	0.01157	0.01591	0.02121	0.04579	0.70262	0.05495	0.02603	0.01060	0.00337	0.00482	0.02362	0.00771	0.00675
21	0.02320	0.02507	0.02002	0.05580	0.02370	0.29249	0.01423	0.06037	0.16821	0.02613	0.05389	0.12207	0.02409	0.01247	0.00924	0.00262	0.04037	0.00974	0.00614	0.01013
22	0.02066	0.01785	0.01878	0.01691	0.02160	0.02066	0.01315	0.04414	0.64121	0.03475	0.03381	0.03099	0.02536	0.01127	0.00845	0.00282	0.00657	0.00939	0.00845	0.01315
23	0.01569	0.01477	0.02492	0.68808	0.05722	0.01846	0.02307	0.02123	0.01661	0.02123	0.01477	0.02215	0.01107	0.00831	0.00831	0.00277	0.01107	0.00738	0.00369	0.00923
24	0.01157	0.00848	0.01085	0.01026	0.01230	0.00776	0.00769	0.01532	0.02308	0.03227	0.59748	0.06377	0.13339	0.01737	0.00980	0.00263	0.00395	0.01526	0.00901	0.00776
25	0.03158	0.02327	0.02493	0.01911	0.02576	0.02576	0.01579	0.62852	0.03906	0.05236	0.01995	0.01995	0.01413	0.00997	0.00831	0.00249	0.00914	0.00748	0.00831	0.01413
26	0.02221	0.71304	0.04353	0.01421	0.02132	0.03287	0.01421	0.02488	0.01688	0.01955	0.01155	0.01333	0.01066	0.00711	0.00533	0.00178	0.00888	0.00444	0.00355	0.01066
27	0.01012	0.00723	0.00964	0.01157	0.01205	0.00675	0.00771	0.01157	0.01591	0.02121	0.04579	0.70262	0.05495	0.02603	0.01060	0.00337	0.00482	0.02362	0.00771	0.00675
28	0.01187	0.00890	0.01335	0.01335	0.01483	0.01038	0.01038	0.01483	0.01335	0.01928	0.02225	0.03264	0.02077	0.06231	0.67512	0.01335	0.02225	0.00890	0.00445	0.00742
29	0.02385	0.02328	0.02851	0.03718	0.38353	0.14836	0.02082	0.05772	0.11203	0.05552	0.01868	0.02130	0.01483	0.00844	0.00812	0.00246	0.01024	0.00734	0.00524	0.01255
30	0.01202	0.00829	0.01025	0.01025	0.01066	0.00870	0.00652	0.01284	0.01243	0.01699	0.02509	0.04835	0.02759	0.52922	0.21754	0.00952	0.01199	0.01120	0.00487	0.00569

[dist]
# distance from previous block
# <min> <max>
0	0

# created by:
# /home/cegg/simao/soft/augustus-3.2.1/scripts/msa2prfl.pl ./align_prep/13575.fa
