[name]
unknown

[dist]
# distance from previous block
# <min> <max>
0	2

[block]
# block no. 0 follows, 21 sequences, length 28
# corresponding to MSA columns:
# 2-29
name=unknown_A
#
# <colnr> <probs for GDERKNQSTAVLIFYWHMCP>
#	G	D	E	R	K	N	Q	S	T	A	V	L	I	F	Y	W	H	M	C	P
0	0.01918	0.01781	0.02975	0.11800	0.47620	0.01824	0.02314	0.02382	0.01859	0.02603	0.01926	0.03043	0.01766	0.06230	0.01140	0.00312	0.00991	0.05870	0.00455	0.01189
1	0.01626	0.01291	0.01745	0.04735	0.07244	0.01535	0.01288	0.02079	0.06254	0.02447	0.02171	0.03047	0.01940	0.10340	0.14304	0.00554	0.17020	0.00866	0.18630	0.00884
2	0.01033	0.00829	0.00898	0.00946	0.01151	0.00721	0.00670	0.01214	0.01804	0.02212	0.07154	0.22793	0.44880	0.08193	0.01315	0.00348	0.00481	0.01898	0.00766	0.00694
3	0.01426	0.01097	0.01261	0.01269	0.01443	0.01161	0.00881	0.02224	0.19958	0.02525	0.07808	0.27605	0.04180	0.20964	0.01920	0.00457	0.00634	0.01595	0.00746	0.00845
4	0.01700	0.01040	0.01239	0.01172	0.01373	0.01032	0.00811	0.02098	0.09024	0.12067	0.03669	0.14219	0.08535	0.31913	0.05872	0.00584	0.00785	0.01347	0.00703	0.00819
5	0.01244	0.00883	0.01096	0.01195	0.01283	0.00866	0.00801	0.05859	0.01736	0.02317	0.04102	0.52077	0.04821	0.15482	0.01691	0.00431	0.00591	0.02066	0.00742	0.00716
6	0.01298	0.00900	0.01086	0.01120	0.01222	0.00887	0.00748	0.05412	0.01771	0.02423	0.11816	0.32332	0.04681	0.24873	0.02122	0.00483	0.00618	0.01727	0.03778	0.00703
7	0.01199	0.00821	0.00982	0.00999	0.01049	0.00799	0.00620	0.01308	0.01549	0.02108	0.16153	0.15782	0.04545	0.44918	0.03112	0.00631	0.00683	0.01487	0.00649	0.00605
8	0.01382	0.00966	0.01138	0.01137	0.01231	0.00985	0.00743	0.07542	0.01651	0.02213	0.03210	0.24688	0.03649	0.38923	0.06240	0.00647	0.00811	0.01534	0.00631	0.00679
9	0.01111	0.00825	0.00912	0.00946	0.01069	0.00760	0.00615	0.01222	0.01584	0.01998	0.05392	0.17603	0.27955	0.31457	0.02450	0.00529	0.00611	0.01663	0.00672	0.00627
10	0.01228	0.00849	0.00990	0.01037	0.01221	0.00755	0.00725	0.01398	0.01767	0.06250	0.06049	0.31140	0.30345	0.10508	0.01430	0.00373	0.00522	0.01907	0.00774	0.00731
11	0.20716	0.02654	0.02129	0.01802	0.02351	0.21838	0.01429	0.23691	0.09214	0.03802	0.01766	0.01850	0.01336	0.00936	0.00749	0.00250	0.01023	0.00647	0.00649	0.01170
12	0.01183	0.00802	0.00944	0.00998	0.01012	0.00789	0.00590	0.01223	0.01344	0.01792	0.03229	0.22992	0.03784	0.51728	0.03448	0.00694	0.00735	0.01559	0.00590	0.00563
13	0.01172	0.00798	0.00947	0.01012	0.01028	0.00782	0.00605	0.01220	0.01365	0.01820	0.03334	0.26347	0.03917	0.48191	0.03277	0.00669	0.00717	0.01621	0.00605	0.00573
14	0.01939	0.01300	0.01471	0.01293	0.01594	0.01411	0.00995	0.19652	0.02265	0.03314	0.02429	0.03250	0.02093	0.13066	0.16366	0.00581	0.01055	0.00882	0.24108	0.00937
15	0.01218	0.00830	0.00984	0.00987	0.01028	0.00823	0.00603	0.01304	0.01453	0.01976	0.12466	0.09933	0.03998	0.52034	0.06302	0.00729	0.00799	0.01351	0.00598	0.00583
16	0.01948	0.01894	0.02469	0.04918	0.15647	0.09408	0.05099	0.06247	0.01927	0.02581	0.06681	0.08370	0.02261	0.01969	0.10479	0.00442	0.15151	0.00971	0.00518	0.01020
17	0.02415	0.51981	0.03833	0.01614	0.02245	0.17200	0.01475	0.02677	0.01859	0.02018	0.01274	0.01515	0.01152	0.01081	0.04342	0.00257	0.01125	0.00501	0.00386	0.01050
18	0.01181	0.00869	0.01104	0.01045	0.01257	0.00793	0.00784	0.01560	0.02352	0.03278	0.57620	0.06578	0.14828	0.01790	0.01004	0.00270	0.00405	0.01570	0.00919	0.00793
19	0.01939	0.02237	0.10691	0.02583	0.16877	0.07838	0.01838	0.02941	0.19068	0.02786	0.03135	0.05696	0.09659	0.01233	0.01005	0.00282	0.05266	0.03164	0.00608	0.01153
20	0.02075	0.01352	0.01311	0.01153	0.01483	0.04567	0.00901	0.16928	0.02366	0.03661	0.02521	0.02810	0.01945	0.00993	0.00667	0.00214	0.00588	0.00774	0.52726	0.00965
21	0.02249	0.01903	0.01884	0.01683	0.02153	0.07543	0.01307	0.04105	0.47496	0.08225	0.06247	0.03394	0.05640	0.01197	0.00869	0.00280	0.00729	0.00984	0.00843	0.01269
22	0.02106	0.02022	0.03454	0.05223	0.64784	0.02022	0.02612	0.02612	0.01938	0.02780	0.01601	0.02106	0.01348	0.00758	0.00842	0.00253	0.01011	0.00758	0.00421	0.01348
23	0.02258	0.42921	0.15711	0.01740	0.02508	0.08425	0.01787	0.07152	0.01955	0.02399	0.01389	0.01627	0.01176	0.01099	0.04386	0.00275	0.01111	0.00546	0.00412	0.01123
24	0.01362	0.01036	0.01174	0.01126	0.01382	0.00990	0.00846	0.08646	0.02176	0.02822	0.17215	0.14578	0.29155	0.08324	0.01317	0.00344	0.00553	0.05351	0.00800	0.00804
25	0.02345	0.01825	0.02146	0.01702	0.02317	0.01844	0.04181	0.19880	0.18434	0.06949	0.02493	0.06891	0.02004	0.01043	0.00815	0.00235	0.00763	0.00870	0.00742	0.22522
26	0.02414	0.01471	0.01735	0.01509	0.01916	0.01510	0.01160	0.17450	0.10546	0.18389	0.03393	0.22948	0.03142	0.06843	0.01192	0.00333	0.00709	0.01347	0.00858	0.01136
27	0.02031	0.01776	0.02754	0.02131	0.02728	0.01749	0.20080	0.10258	0.13987	0.05803	0.06081	0.08908	0.07157	0.01176	0.00917	0.00268	0.00894	0.01114	0.00686	0.09501

[dist]
# distance from previous block
# <min> <max>
0	4

[block]
# block no. 1 follows, 21 sequences, length 25
# corresponding to MSA columns:
# 34-58
name=unknown_B
#
# <colnr> <probs for GDERKNQSTAVLIFYWHMCP>
#	G	D	E	R	K	N	Q	S	T	A	V	L	I	F	Y	W	H	M	C	P
0	0.02176	0.49396	0.15755	0.01674	0.02453	0.07624	0.01755	0.02588	0.01829	0.02215	0.04647	0.01727	0.01462	0.00809	0.00637	0.00206	0.00995	0.00553	0.00399	0.01100
1	0.02759	0.27419	0.03119	0.01767	0.02397	0.13618	0.01513	0.20549	0.10363	0.05991	0.01845	0.01891	0.01434	0.00908	0.00728	0.00227	0.00985	0.00645	0.00615	0.01227
2	0.01852	0.01605	0.01921	0.01430	0.02078	0.01414	0.01157	0.05150	0.01814	0.02803	0.01485	0.01792	0.01250	0.00769	0.00941	0.00167	0.10045	0.00551	0.00503	0.61272
3	0.01037	0.00741	0.00987	0.01185	0.01234	0.00691	0.00790	0.01185	0.01629	0.02172	0.04690	0.69537	0.05629	0.02666	0.01086	0.00346	0.00494	0.02419	0.00790	0.00691
4	0.02117	0.01828	0.01924	0.01732	0.02213	0.02117	0.01347	0.04522	0.63246	0.03560	0.03464	0.03175	0.02598	0.01155	0.00866	0.00289	0.00673	0.00962	0.00866	0.01347
5	0.01987	0.01506	0.01787	0.01288	0.02034	0.01147	0.01035	0.02360	0.01837	0.09550	0.01712	0.01887	0.01352	0.00676	0.00655	0.00141	0.00640	0.00542	0.00564	0.67300
6	0.01037	0.00741	0.00987	0.01185	0.01234	0.00691	0.00790	0.01185	0.01629	0.02172	0.04690	0.69537	0.05629	0.02666	0.01086	0.00346	0.00494	0.02419	0.00790	0.00691
7	0.03179	0.04056	0.02412	0.02192	0.02631	0.66676	0.01644	0.03398	0.02412	0.02083	0.01315	0.01535	0.01096	0.00877	0.00767	0.00219	0.01535	0.00548	0.00438	0.00987
8	0.02002	0.01915	0.03266	0.18371	0.52453	0.01995	0.02560	0.02520	0.01888	0.02653	0.01582	0.02140	0.01303	0.00778	0.00844	0.00259	0.01037	0.00758	0.00412	0.01264
9	0.01230	0.00854	0.01072	0.01072	0.01122	0.00903	0.00696	0.01330	0.01280	0.01757	0.02549	0.04838	0.02777	0.49177	0.24813	0.01003	0.01303	0.01131	0.00496	0.00596
10	0.02275	0.70604	0.04459	0.01456	0.02184	0.03367	0.01456	0.02548	0.01729	0.02002	0.01183	0.01365	0.01092	0.00728	0.00546	0.00182	0.00910	0.00455	0.00364	0.01092
11	0.02106	0.02022	0.03454	0.05223	0.64784	0.02022	0.02612	0.02612	0.01938	0.02780	0.01601	0.02106	0.01348	0.00758	0.00842	0.00253	0.01011	0.00758	0.00421	0.01348
12	0.01221	0.00890	0.01259	0.01259	0.01374	0.01005	0.00929	0.01450	0.01336	0.01895	0.02379	0.03892	0.02366	0.22099	0.51329	0.01234	0.01921	0.00992	0.00471	0.00700
13	0.01281	0.00939	0.01213	0.01183	0.01234	0.01051	0.00810	0.01399	0.01287	0.01792	0.02418	0.04515	0.02606	0.42997	0.25257	0.00971	0.06841	0.01087	0.00484	0.00632
14	0.01037	0.00741	0.00987	0.01185	0.01234	0.00691	0.00790	0.01185	0.01629	0.02172	0.04690	0.69537	0.05629	0.02666	0.01086	0.00346	0.00494	0.02419	0.00790	0.00691
15	0.01607	0.01513	0.02552	0.68047	0.05861	0.01891	0.02363	0.02174	0.01702	0.02174	0.01513	0.02269	0.01134	0.00851	0.00851	0.00284	0.01134	0.00756	0.00378	0.00945
16	0.01319	0.00942	0.01312	0.01508	0.01681	0.00935	0.01281	0.01673	0.01908	0.02489	0.04534	0.18901	0.05011	0.02400	0.01162	0.00385	0.00739	0.50267	0.00785	0.00769
17	0.01224	0.00880	0.01207	0.01207	0.01304	0.00977	0.00864	0.01417	0.01320	0.01857	0.02426	0.04154	0.02480	0.29602	0.43982	0.01170	0.01749	0.01031	0.00478	0.00671
18	0.02788	0.03315	0.02792	0.03297	0.25283	0.43112	0.01997	0.03112	0.02239	0.02337	0.01419	0.01743	0.01188	0.00834	0.00795	0.00231	0.01344	0.00625	0.00432	0.01118
19	0.02029	0.01943	0.03314	0.14973	0.55640	0.02002	0.02573	0.02544	0.01901	0.02686	0.01587	0.02131	0.01315	0.00773	0.00844	0.00258	0.01030	0.00758	0.00415	0.01286
20	0.01906	0.01311	0.01591	0.01461	0.01813	0.01350	0.01183	0.10567	0.12394	0.09083	0.25703	0.05740	0.04944	0.01636	0.00990	0.00300	0.00642	0.15467	0.00886	0.01033
21	0.02439	0.02039	0.06840	0.01813	0.05729	0.01758	0.01476	0.22418	0.02581	0.08745	0.01847	0.01971	0.01383	0.00816	0.00747	0.00198	0.00807	0.00644	0.00650	0.35100
22	0.01607	0.01513	0.02552	0.68047	0.05861	0.01891	0.02363	0.02174	0.01702	0.02174	0.01513	0.02269	0.01134	0.00851	0.00851	0.00284	0.01134	0.00756	0.00378	0.00945
23	0.01037	0.00741	0.00987	0.01185	0.01234	0.00691	0.00790	0.01185	0.01629	0.02172	0.04690	0.69537	0.05629	0.02666	0.01086	0.00346	0.00494	0.02419	0.00790	0.00691
24	0.01915	0.02973	0.24856	0.03289	0.07274	0.02088	0.39459	0.02710	0.01935	0.02719	0.01652	0.02122	0.01224	0.00749	0.00932	0.00279	0.01355	0.00868	0.00407	0.01194

[dist]
# distance from previous block
# <min> <max>
0	1

[block]
# block no. 2 follows, 21 sequences, length 100
# corresponding to MSA columns:
# 61-160
name=unknown_C
#
# <colnr> <probs for GDERKNQSTAVLIFYWHMCP>
#	G	D	E	R	K	N	Q	S	T	A	V	L	I	F	Y	W	H	M	C	P
0	0.25939	0.03048	0.02071	0.01822	0.02325	0.36682	0.01415	0.12067	0.02354	0.03126	0.01386	0.01565	0.01095	0.00872	0.00705	0.00239	0.01170	0.00554	0.00529	0.01037
1	0.51059	0.01698	0.05168	0.01248	0.01771	0.01722	0.01082	0.05608	0.01823	0.06132	0.13058	0.02425	0.02324	0.00990	0.00662	0.00264	0.00664	0.00703	0.00631	0.00968
2	0.22939	0.02000	0.02233	0.02287	0.13815	0.02217	0.01555	0.22879	0.14904	0.04092	0.02011	0.02101	0.01516	0.00936	0.00763	0.00264	0.00820	0.00720	0.00685	0.01263
3	0.08620	0.20304	0.02811	0.01885	0.02417	0.38742	0.01521	0.06069	0.05869	0.02449	0.01436	0.01603	0.01188	0.00857	0.00703	0.00219	0.01229	0.00553	0.00473	0.01052
4	0.01552	0.01167	0.01449	0.01338	0.01600	0.01267	0.01034	0.12653	0.01954	0.02636	0.03495	0.04247	0.14091	0.10639	0.35899	0.00902	0.01536	0.01086	0.00599	0.00856
5	0.01037	0.00841	0.00921	0.00949	0.01181	0.00724	0.00693	0.01264	0.01942	0.02418	0.15015	0.19344	0.46309	0.02197	0.01020	0.00296	0.00439	0.01879	0.00809	0.00724
6	0.03179	0.04056	0.02412	0.02192	0.02631	0.66676	0.01644	0.03398	0.02412	0.02083	0.01315	0.01535	0.01096	0.00877	0.00767	0.00219	0.01535	0.00548	0.00438	0.00987
7	0.76103	0.01646	0.01251	0.01119	0.01646	0.01909	0.00922	0.02502	0.01448	0.03818	0.01185	0.01382	0.00922	0.00790	0.00527	0.00263	0.00658	0.00461	0.00527	0.00922
8	0.01125	0.00844	0.01043	0.01041	0.01235	0.00762	0.00763	0.01434	0.02150	0.02912	0.39744	0.18530	0.21271	0.02013	0.01020	0.00287	0.00426	0.01765	0.00874	0.00762
9	0.02997	0.03606	0.02325	0.02093	0.02526	0.54638	0.01587	0.08521	0.02456	0.02370	0.01473	0.01753	0.01226	0.01414	0.07047	0.00332	0.01551	0.00602	0.00478	0.01007
10	0.01415	0.01047	0.01388	0.01529	0.01755	0.01063	0.01312	0.01980	0.07524	0.02658	0.06819	0.08829	0.07741	0.02210	0.01133	0.00373	0.00742	0.48853	0.00797	0.00832
11	0.02106	0.02022	0.03454	0.05223	0.64784	0.02022	0.02612	0.02612	0.01938	0.02780	0.01601	0.02106	0.01348	0.00758	0.00842	0.00253	0.01011	0.00758	0.00421	0.01348
12	0.03052	0.13564	0.02716	0.02072	0.02567	0.53720	0.01616	0.06765	0.02408	0.02267	0.01340	0.01540	0.01117	0.00864	0.00740	0.00216	0.01409	0.00548	0.00452	0.01029
13	0.02067	0.01816	0.02123	0.08354	0.08225	0.02087	0.01558	0.04126	0.51842	0.03358	0.03109	0.02992	0.02345	0.01090	0.00862	0.00285	0.00748	0.00924	0.00779	0.01309
14	0.01146	0.00868	0.01056	0.01009	0.01235	0.00778	0.00757	0.01492	0.02270	0.03084	0.47872	0.06899	0.24698	0.01863	0.01004	0.00273	0.00410	0.01615	0.00893	0.00778
15	0.01169	0.00840	0.00929	0.00923	0.01023	0.00793	0.00580	0.01268	0.01548	0.02001	0.10226	0.06386	0.20929	0.44360	0.03074	0.00620	0.00673	0.01424	0.00633	0.00600
16	0.01085	0.00865	0.00973	0.00946	0.01198	0.00752	0.00709	0.01376	0.02128	0.02746	0.30964	0.07455	0.41817	0.01989	0.01005	0.00279	0.00419	0.01693	0.00849	0.00752
17	0.01034	0.00752	0.00976	0.01154	0.01226	0.00694	0.00776	0.01188	0.01659	0.02184	0.05064	0.63703	0.11221	0.02618	0.01079	0.00340	0.00488	0.02360	0.00790	0.00694
18	0.01216	0.00912	0.01368	0.01368	0.01520	0.01064	0.01064	0.01520	0.01368	0.01976	0.02279	0.03343	0.02127	0.06382	0.66720	0.01368	0.02279	0.00912	0.00456	0.00760
19	0.01238	0.00825	0.00928	0.00928	0.00928	0.00825	0.00516	0.01238	0.01238	0.01650	0.02681	0.05569	0.03094	0.70092	0.04331	0.00825	0.00825	0.01238	0.00516	0.00516
20	0.01231	0.00850	0.01057	0.01057	0.01101	0.00895	0.00676	0.01320	0.01276	0.01745	0.02564	0.04917	0.02811	0.51429	0.22608	0.00984	0.01251	0.01142	0.00498	0.00587
21	0.03818	0.01448	0.01975	0.01514	0.02172	0.01251	0.01251	0.04147	0.02436	0.65373	0.03357	0.02897	0.02107	0.01053	0.00856	0.00263	0.00724	0.00856	0.01053	0.01448
22	0.02149	0.02103	0.03413	0.05103	0.62322	0.04583	0.02573	0.02643	0.01957	0.02753	0.01589	0.02084	0.01338	0.00763	0.00840	0.00251	0.01032	0.00750	0.00422	0.01334
23	0.01478	0.00739	0.01109	0.01109	0.01109	0.00739	0.00739	0.01109	0.01109	0.01478	0.01478	0.02587	0.01478	0.02956	0.03326	0.75240	0.00739	0.00739	0.00370	0.00370
24	0.01586	0.00793	0.00793	0.00793	0.00991	0.00793	0.00595	0.01983	0.01785	0.03173	0.02776	0.03173	0.02181	0.00991	0.00595	0.00198	0.00397	0.00793	0.74817	0.00793
25	0.01872	0.01881	0.02915	0.02314	0.02620	0.02246	0.13223	0.02196	0.01525	0.02313	0.01307	0.01927	0.01177	0.01181	0.02047	0.00310	0.43009	0.00750	0.00408	0.14778
26	0.03818	0.01448	0.01975	0.01514	0.02172	0.01251	0.01251	0.04147	0.02436	0.65373	0.03357	0.02897	0.02107	0.01053	0.00856	0.00263	0.00724	0.00856	0.01053	0.01448
27	0.01586	0.00793	0.00793	0.00793	0.00991	0.00793	0.00595	0.01983	0.01785	0.03173	0.02776	0.03173	0.02181	0.00991	0.00595	0.00198	0.00397	0.00793	0.74817	0.00793
28	0.02125	0.01908	0.02858	0.03861	0.41069	0.01980	0.02106	0.08256	0.13974	0.03224	0.07965	0.02711	0.02233	0.00952	0.00863	0.00261	0.00881	0.00872	0.00595	0.01305
29	0.01272	0.00909	0.01253	0.01424	0.01584	0.00891	0.01172	0.01604	0.01919	0.02535	0.10241	0.24289	0.05378	0.02372	0.01137	0.00368	0.00675	0.39414	0.00800	0.00762
30	0.02009	0.02296	0.05022	0.03587	0.04448	0.02152	0.61693	0.02726	0.02009	0.02726	0.01722	0.02296	0.01291	0.00717	0.01004	0.00287	0.01435	0.01004	0.00430	0.01148
31	0.43162	0.01910	0.01798	0.01466	0.02061	0.02136	0.01209	0.25105	0.02487	0.08987	0.01671	0.01745	0.01209	0.00897	0.00674	0.00260	0.00768	0.00606	0.00689	0.01160
32	0.16064	0.01819	0.02025	0.01864	0.08086	0.01878	0.01349	0.14094	0.16470	0.06723	0.02104	0.02162	0.01593	0.00888	0.00738	0.00232	0.00744	0.00693	0.00677	0.19796
33	0.01707	0.04402	0.65683	0.02426	0.03683	0.01976	0.03144	0.02695	0.01797	0.02695	0.01527	0.01797	0.01078	0.00809	0.00809	0.00270	0.01258	0.00629	0.00359	0.01258
34	0.01288	0.00920	0.01275	0.01472	0.01631	0.00907	0.01226	0.01618	0.01877	0.02453	0.04552	0.24597	0.05081	0.02430	0.01153	0.00380	0.00711	0.44884	0.00785	0.00761
35	0.02169	0.58220	0.15912	0.01637	0.02465	0.03107	0.01772	0.02576	0.01742	0.02132	0.01247	0.01446	0.01089	0.00743	0.00595	0.00198	0.00975	0.00488	0.00363	0.01123
36	0.02106	0.02022	0.03454	0.05223	0.64784	0.02022	0.02612	0.02612	0.01938	0.02780	0.01601	0.02106	0.01348	0.00758	0.00842	0.00253	0.01011	0.00758	0.00421	0.01348
37	0.01037	0.00741	0.00987	0.01185	0.01234	0.00691	0.00790	0.01185	0.01629	0.02172	0.04690	0.69537	0.05629	0.02666	0.01086	0.00346	0.00494	0.02419	0.00790	0.00691
38	0.01765	0.03996	0.54003	0.02649	0.03830	0.02010	0.14417	0.02701	0.01838	0.02701	0.01565	0.01893	0.01119	0.00791	0.00846	0.00273	0.01292	0.00701	0.00373	0.01237
39	0.02085	0.02001	0.03416	0.07861	0.62310	0.02016	0.02601	0.02593	0.01928	0.02755	0.01597	0.02113	0.01339	0.00762	0.00843	0.00254	0.01016	0.00758	0.00419	0.01331
40	0.01693	0.01671	0.01538	0.01502	0.01697	0.17416	0.01114	0.01923	0.01638	0.01980	0.02318	0.09464	0.02323	0.12618	0.36174	0.00915	0.01741	0.01005	0.00491	0.00780
41	0.01223	0.00882	0.01216	0.01216	0.01315	0.00981	0.00874	0.01422	0.01323	0.01863	0.02418	0.04112	0.02461	0.28383	0.45176	0.01180	0.01777	0.01024	0.00477	0.00676
42	0.76103	0.01646	0.01251	0.01119	0.01646	0.01909	0.00922	0.02502	0.01448	0.03818	0.01185	0.01382	0.00922	0.00790	0.00527	0.00263	0.00658	0.00461	0.00527	0.00922
43	0.02106	0.02022	0.03454	0.05223	0.64784	0.02022	0.02612	0.02612	0.01938	0.02780	0.01601	0.02106	0.01348	0.00758	0.00842	0.00253	0.01011	0.00758	0.00421	0.01348
44	0.01807	0.01785	0.03236	0.40360	0.20343	0.01972	0.13440	0.02386	0.01818	0.02428	0.01573	0.02233	0.01217	0.00803	0.00877	0.00277	0.01159	0.00803	0.00399	0.01084
45	0.01027	0.00863	0.00891	0.00884	0.01162	0.00727	0.00663	0.01262	0.01989	0.02417	0.14519	0.07996	0.58467	0.02111	0.01006	0.00285	0.00428	0.01769	0.00806	0.00727
46	0.01747	0.01574	0.01885	0.01715	0.01906	0.07541	0.01369	0.07568	0.01697	0.02326	0.01879	0.02685	0.01717	0.04150	0.38488	0.00909	0.18663	0.00823	0.00471	0.00889
47	0.01036	0.00817	0.00936	0.01004	0.01193	0.00716	0.00716	0.01244	0.01867	0.02357	0.12439	0.31216	0.36827	0.02309	0.01036	0.00308	0.00452	0.02007	0.00804	0.00716
48	0.01079	0.00785	0.01014	0.01138	0.01227	0.00748	0.00777	0.01250	0.01648	0.02194	0.08250	0.47191	0.11435	0.09015	0.07608	0.00475	0.00681	0.02050	0.00742	0.00691
49	0.01889	0.01800	0.03061	0.32606	0.39101	0.01965	0.02503	0.02421	0.01835	0.02516	0.01562	0.02177	0.01255	0.00799	0.00846	0.00266	0.01065	0.00757	0.00402	0.01172
50	0.01235	0.00895	0.01042	0.00989	0.01255	0.00783	0.00748	0.01541	0.02178	0.05916	0.33723	0.07094	0.35686	0.01912	0.00997	0.00277	0.00432	0.01633	0.00870	0.00793
51	0.02443	0.58250	0.04079	0.01593	0.02267	0.15120	0.01491	0.02706	0.01856	0.02017	0.01208	0.01397	0.01093	0.00756	0.00587	0.00189	0.01026	0.00472	0.00378	0.01073
52	0.01046	0.00817	0.00949	0.01014	0.01199	0.00720	0.00723	0.01263	0.01890	0.02412	0.15178	0.31126	0.34054	0.02288	0.01036	0.00307	0.00450	0.01995	0.00811	0.00720
53	0.02361	0.64276	0.04265	0.01526	0.02227	0.09388	0.01474	0.02629	0.01794	0.02010	0.01196	0.01381	0.01092	0.00742	0.00567	0.00186	0.00969	0.00464	0.00371	0.01082
54	0.02111	0.02753	0.15258	0.03271	0.15408	0.08920	0.24379	0.03029	0.10839	0.02783	0.01871	0.02213	0.01431	0.00822	0.00892	0.00270	0.01221	0.00833	0.00479	0.01218
55	0.03001	0.03771	0.02317	0.02118	0.02530	0.60735	0.01592	0.03228	0.02317	0.02073	0.01403	0.01698	0.01190	0.01375	0.06739	0.00323	0.01602	0.00581	0.00440	0.00966
56	0.01805	0.11397	0.53380	0.02573	0.09052	0.02132	0.02912	0.02672	0.01802	0.02627	0.01496	0.01778	0.01104	0.00795	0.00783	0.00258	0.01197	0.00622	0.00365	0.01248
57	0.03035	0.02131	0.09015	0.02090	0.08140	0.01888	0.01684	0.21252	0.08086	0.27134	0.02546	0.02432	0.01740	0.00984	0.00840	0.00258	0.00863	0.00792	0.00824	0.04268
58	0.01158	0.00842	0.01117	0.01293	0.01422	0.00801	0.00991	0.01404	0.01785	0.02325	0.05038	0.40771	0.11582	0.02495	0.01111	0.00357	0.00595	0.23399	0.00788	0.00728
59	0.03818	0.01448	0.01975	0.01514	0.02172	0.01251	0.01251	0.04147	0.02436	0.65373	0.03357	0.02897	0.02107	0.01053	0.00856	0.00263	0.00724	0.00856	0.01053	0.01448
60	0.01825	0.01735	0.02946	0.40664	0.31544	0.01948	0.02472	0.02365	0.01805	0.02438	0.01551	0.02198	0.01228	0.00810	0.00847	0.00270	0.01081	0.00757	0.00397	0.01121
61	0.02087	0.02003	0.03420	0.07585	0.62569	0.02017	0.02602	0.02595	0.01929	0.02757	0.01597	0.02112	0.01340	0.00762	0.00843	0.00254	0.01016	0.00758	0.00420	0.01333
62	0.01719	0.01650	0.01381	0.01326	0.01464	0.17347	0.00900	0.01831	0.01555	0.01819	0.02265	0.04146	0.02415	0.40946	0.15022	0.00774	0.01273	0.01005	0.00485	0.00679
63	0.02740	0.01568	0.01854	0.01525	0.01982	0.01594	0.01204	0.22999	0.02627	0.22889	0.02847	0.03910	0.02393	0.18441	0.01754	0.00413	0.00828	0.06455	0.00824	0.01151
64	0.01143	0.00867	0.01052	0.01006	0.01234	0.00777	0.00755	0.01487	0.02264	0.03068	0.47073	0.06925	0.25506	0.01868	0.01004	0.00274	0.00411	0.01619	0.00891	0.00777
65	0.02025	0.01918	0.03244	0.04847	0.59033	0.01912	0.02448	0.02521	0.01980	0.02837	0.07281	0.02491	0.01953	0.00847	0.00857	0.00254	0.00956	0.00829	0.00468	0.01299
66	0.03198	0.02016	0.02302	0.01793	0.02421	0.02149	0.01476	0.42012	0.03371	0.20073	0.02393	0.02374	0.01674	0.01515	0.06817	0.00358	0.01005	0.00802	0.00866	0.01385
67	0.01037	0.00741	0.00987	0.01185	0.01234	0.00691	0.00790	0.01185	0.01629	0.02172	0.04690	0.69537	0.05629	0.02666	0.01086	0.00346	0.00494	0.02419	0.00790	0.00691
68	0.01765	0.01513	0.01765	0.01260	0.02017	0.01134	0.01008	0.02143	0.01765	0.02773	0.01513	0.01765	0.01260	0.00630	0.00630	0.00126	0.00630	0.00504	0.00504	0.75295
69	0.02117	0.01828	0.01924	0.01732	0.02213	0.02117	0.01347	0.04522	0.63246	0.03560	0.03464	0.03175	0.02598	0.01155	0.00866	0.00289	0.00673	0.00962	0.00866	0.01347
70	0.01284	0.01104	0.01128	0.01080	0.01416	0.01068	0.00822	0.02047	0.17280	0.02614	0.07331	0.06935	0.48964	0.01905	0.00971	0.00288	0.00492	0.01587	0.00809	0.00876
71	0.01018	0.00863	0.00879	0.00875	0.01157	0.00723	0.00656	0.01244	0.01968	0.02365	0.11941	0.08081	0.61077	0.02130	0.01006	0.00286	0.00429	0.01781	0.00799	0.00723
72	0.01024	0.00839	0.00903	0.00937	0.01173	0.00718	0.00684	0.01237	0.01908	0.02341	0.11185	0.19893	0.49753	0.02229	0.01021	0.00297	0.00441	0.01901	0.00799	0.00718
73	0.01215	0.00904	0.01170	0.01317	0.01508	0.00859	0.01078	0.01516	0.01891	0.02413	0.05571	0.20787	0.19937	0.02363	0.01116	0.00357	0.00640	0.33823	0.00787	0.00750
74	0.02106	0.02022	0.03454	0.05223	0.64784	0.02022	0.02612	0.02612	0.01938	0.02780	0.01601	0.02106	0.01348	0.00758	0.00842	0.00253	0.01011	0.00758	0.00421	0.01348
75	0.03179	0.04056	0.02412	0.02192	0.02631	0.66676	0.01644	0.03398	0.02412	0.02083	0.01315	0.01535	0.01096	0.00877	0.00767	0.00219	0.01535	0.00548	0.00438	0.00987
76	0.02305	0.02400	0.03261	0.04661	0.53246	0.14024	0.02432	0.02758	0.02026	0.02651	0.01548	0.02000	0.01301	0.00780	0.00829	0.00247	0.01108	0.00719	0.00424	0.01281
77	0.02423	0.01356	0.01627	0.01373	0.01841	0.01313	0.01090	0.06622	0.14135	0.26108	0.15550	0.04576	0.15496	0.01414	0.00914	0.00273	0.00610	0.01181	0.00932	0.01167
78	0.01216	0.00890	0.01154	0.01145	0.01353	0.00828	0.00896	0.01597	0.02274	0.03131	0.47071	0.07170	0.13243	0.01900	0.01037	0.00294	0.00478	0.12640	0.00892	0.00791
79	0.01042	0.00758	0.00984	0.01151	0.01229	0.00699	0.00778	0.01209	0.01695	0.02245	0.07981	0.60967	0.10975	0.02575	0.01075	0.00337	0.00484	0.02320	0.00797	0.00699
80	0.03617	0.01729	0.08033	0.01601	0.02316	0.01320	0.01431	0.04009	0.02375	0.59413	0.03183	0.02792	0.02009	0.01030	0.00851	0.00264	0.00775	0.00834	0.00987	0.01430
81	0.01750	0.01659	0.02811	0.50012	0.22776	0.01928	0.02435	0.02300	0.01769	0.02348	0.01538	0.02222	0.01196	0.00824	0.00848	0.00275	0.01099	0.00757	0.00391	0.01061
82	0.02375	0.02531	0.03193	0.04465	0.49231	0.18200	0.02370	0.02809	0.02056	0.02606	0.01529	0.01963	0.01285	0.00788	0.00824	0.00244	0.01142	0.00706	0.00426	0.01258
83	0.01994	0.37903	0.34701	0.01935	0.02925	0.02680	0.02290	0.02621	0.01763	0.02344	0.01353	0.01578	0.01085	0.00768	0.00676	0.00225	0.01082	0.00541	0.00362	0.01174
84	0.01862	0.01862	0.02607	0.02234	0.02234	0.02607	0.01862	0.02048	0.01303	0.02048	0.01117	0.01862	0.01117	0.01489	0.02793	0.00372	0.68535	0.00745	0.00372	0.00931
85	0.01229	0.00857	0.01091	0.01091	0.01148	0.00914	0.00719	0.01342	0.01286	0.01771	0.02532	0.04742	0.02735	0.46427	0.27506	0.01027	0.01365	0.01117	0.00493	0.00606
86	0.01374	0.01048	0.01284	0.01193	0.01446	0.01047	0.00904	0.02147	0.13703	0.03440	0.53035	0.05766	0.07021	0.01631	0.00978	0.00272	0.00452	0.01432	0.00924	0.00904
87	0.02531	0.02102	0.02153	0.01825	0.02371	0.04872	0.01449	0.23565	0.41120	0.04100	0.02906	0.02733	0.02155	0.01099	0.00857	0.00275	0.00795	0.00880	0.00844	0.01366
88	0.03235	0.02384	0.02554	0.01958	0.02639	0.02639	0.01618	0.61946	0.04001	0.05363	0.02043	0.02043	0.01447	0.01022	0.00851	0.00255	0.00936	0.00766	0.00851	0.01447
89	0.10149	0.03551	0.02293	0.02037	0.02516	0.51590	0.01554	0.08650	0.02465	0.05572	0.01467	0.01631	0.01160	0.00890	0.00756	0.00229	0.01358	0.00574	0.00514	0.01044
90	0.02105	0.50774	0.22798	0.01747	0.02633	0.02951	0.01962	0.02592	0.01749	0.02210	0.01286	0.01494	0.01088	0.00752	0.00625	0.00208	0.01014	0.00507	0.00363	0.01142
91	0.01037	0.00741	0.00987	0.01185	0.01234	0.00691	0.00790	0.01185	0.01629	0.02172	0.04690	0.69537	0.05629	0.02666	0.01086	0.00346	0.00494	0.02419	0.00790	0.00691
92	0.01564	0.01096	0.01249	0.01135	0.01470	0.01036	0.00874	0.04877	0.08722	0.09016	0.24634	0.06282	0.31263	0.01759	0.00968	0.00278	0.00500	0.01488	0.00872	0.00917
93	0.03270	0.02481	0.02379	0.01903	0.02522	0.14229	0.01536	0.36526	0.06935	0.16201	0.02246	0.02181	0.01578	0.01009	0.00837	0.00252	0.00991	0.00755	0.00814	0.01356
94	0.01307	0.01013	0.01222	0.01322	0.01479	0.01048	0.00929	0.02020	0.17048	0.02520	0.04383	0.52931	0.04870	0.02288	0.01031	0.00331	0.00539	0.02055	0.00809	0.00855
95	0.01031	0.00863	0.00897	0.00888	0.01165	0.00729	0.00666	0.01270	0.01999	0.02439	0.15614	0.07960	0.57358	0.02103	0.01006	0.00285	0.00427	0.01764	0.00809	0.00729
96	0.01796	0.01705	0.02894	0.44288	0.28145	0.01940	0.02457	0.02340	0.01791	0.02403	0.01546	0.02207	0.01215	0.00816	0.00848	0.00272	0.01088	0.00757	0.00394	0.01098
97	0.02106	0.02022	0.03454	0.05223	0.64784	0.02022	0.02612	0.02612	0.01938	0.02780	0.01601	0.02106	0.01348	0.00758	0.00842	0.00253	0.01011	0.00758	0.00421	0.01348
98	0.01830	0.01815	0.02545	0.02191	0.02199	0.02530	0.01822	0.02022	0.01306	0.02044	0.01175	0.01935	0.01167	0.01732	0.05961	0.00422	0.65251	0.00753	0.00377	0.00922
99	0.01037	0.00741	0.00987	0.01185	0.01234	0.00691	0.00790	0.01185	0.01629	0.02172	0.04690	0.69537	0.05629	0.02666	0.01086	0.00346	0.00494	0.02419	0.00790	0.00691

[dist]
# distance from previous block
# <min> <max>
0	0

# created by:
# /home/cegg/simao/soft/augustus-3.2.1/scripts/msa2prfl.pl ./align_prep/13591.fa
