[name]
unknown

[dist]
# distance from previous block
# <min> <max>
0	140

[block]
# block no. 0 follows, 21 sequences, length 19
# corresponding to MSA columns:
# 140-158
name=unknown_A
#
# <colnr> <probs for GDERKNQSTAVLIFYWHMCP>
#	G	D	E	R	K	N	Q	S	T	A	V	L	I	F	Y	W	H	M	C	P
0	0.01906	0.01756	0.02934	0.10285	0.46104	0.01791	0.02329	0.02393	0.01920	0.02675	0.02202	0.03692	0.02072	0.01101	0.00913	0.00285	0.00975	0.12982	0.00493	0.01192
1	0.01964	0.01854	0.03025	0.22833	0.40925	0.01995	0.02400	0.02699	0.08707	0.02694	0.01783	0.02272	0.01426	0.00829	0.00847	0.00266	0.01009	0.00780	0.00458	0.01233
2	0.09164	0.01725	0.02617	0.19482	0.09500	0.01906	0.08641	0.02974	0.08710	0.15911	0.02077	0.02361	0.01520	0.00969	0.01058	0.00285	0.08544	0.00800	0.00598	0.01155
3	0.02444	0.02287	0.03168	0.04254	0.45919	0.08150	0.02312	0.15192	0.02417	0.03260	0.01668	0.02040	0.01346	0.00825	0.00837	0.00250	0.01044	0.00740	0.00513	0.01335
4	0.06198	0.02006	0.02541	0.03205	0.28676	0.07053	0.01898	0.05802	0.19609	0.03096	0.02433	0.03161	0.02063	0.01072	0.00864	0.00277	0.00908	0.07286	0.00616	0.01238
5	0.02659	0.02663	0.02172	0.02154	0.08402	0.30878	0.01513	0.03314	0.13104	0.10475	0.02715	0.02770	0.07448	0.01351	0.04360	0.00308	0.01164	0.00817	0.00625	0.01108
6	0.02731	0.02056	0.02460	0.08068	0.02849	0.02259	0.04846	0.39089	0.10017	0.07069	0.02417	0.07971	0.01922	0.01145	0.00881	0.00271	0.00906	0.00944	0.00790	0.01309
7	0.02511	0.02660	0.02842	0.10734	0.28486	0.23403	0.02103	0.08471	0.05604	0.02766	0.01640	0.01988	0.01319	0.00854	0.00821	0.00247	0.01172	0.00701	0.00487	0.01193
8	0.01309	0.00986	0.01274	0.01207	0.01429	0.01004	0.00919	0.01913	0.08974	0.03126	0.44466	0.05367	0.06180	0.02653	0.14840	0.00502	0.00828	0.01342	0.00828	0.00855
9	0.01930	0.05918	0.07378	0.02929	0.03596	0.04791	0.39147	0.02493	0.01875	0.02519	0.01927	0.09636	0.01725	0.01036	0.01175	0.00294	0.09043	0.01064	0.00457	0.01068
10	0.17945	0.36421	0.03086	0.01511	0.02094	0.16318	0.01332	0.02645	0.01869	0.02513	0.06192	0.01798	0.01604	0.00853	0.00625	0.00214	0.00950	0.00562	0.00459	0.01011
11	0.01037	0.00741	0.00987	0.01185	0.01234	0.00691	0.00790	0.01185	0.01629	0.02172	0.04690	0.69537	0.05629	0.02666	0.01086	0.00346	0.00494	0.02419	0.00790	0.00691
12	0.01707	0.04402	0.65683	0.02426	0.03683	0.01976	0.03144	0.02695	0.01797	0.02695	0.01527	0.01797	0.01078	0.00809	0.00809	0.00270	0.01258	0.00629	0.00359	0.01258
13	0.01939	0.01851	0.03152	0.26288	0.45027	0.01978	0.02528	0.02465	0.01859	0.02577	0.01571	0.02161	0.01276	0.00789	0.00845	0.00263	0.01052	0.00758	0.00407	0.01213
14	0.02833	0.02184	0.02327	0.01877	0.02486	0.02451	0.01520	0.41279	0.25324	0.04714	0.02554	0.02451	0.01861	0.01069	0.00857	0.00267	0.00842	0.00837	0.00857	0.01411
15	0.01053	0.00747	0.00983	0.01165	0.01210	0.00702	0.00768	0.01189	0.01598	0.02131	0.04532	0.64492	0.05429	0.07983	0.01342	0.00383	0.00520	0.02326	0.00768	0.00677
16	0.01607	0.01513	0.02552	0.68047	0.05861	0.01891	0.02363	0.02174	0.01702	0.02174	0.01513	0.02269	0.01134	0.00851	0.00851	0.00284	0.01134	0.00756	0.00378	0.00945
17	0.01713	0.01621	0.02744	0.54690	0.18389	0.01919	0.02416	0.02267	0.01752	0.02303	0.01531	0.02234	0.01180	0.00831	0.00849	0.00277	0.01108	0.00757	0.00387	0.01031
18	0.01771	0.01680	0.02849	0.47419	0.25208	0.01934	0.02445	0.02318	0.01779	0.02373	0.01542	0.02215	0.01205	0.00820	0.00848	0.00273	0.01094	0.00757	0.00392	0.01078

[dist]
# distance from previous block
# <min> <max>
0	1

[block]
# block no. 1 follows, 21 sequences, length 52
# corresponding to MSA columns:
# 160-211
name=unknown_B
#
# <colnr> <probs for GDERKNQSTAVLIFYWHMCP>
#	G	D	E	R	K	N	Q	S	T	A	V	L	I	F	Y	W	H	M	C	P
0	0.76103	0.01646	0.01251	0.01119	0.01646	0.01909	0.00922	0.02502	0.01448	0.03818	0.01185	0.01382	0.00922	0.00790	0.00527	0.00263	0.00658	0.00461	0.00527	0.00922
1	0.02081	0.01996	0.03409	0.08395	0.61809	0.02015	0.02599	0.02590	0.01926	0.02750	0.01596	0.02114	0.01337	0.00763	0.00843	0.00254	0.01017	0.00758	0.00419	0.01328
2	0.01073	0.00857	0.00960	0.00950	0.01194	0.00744	0.00706	0.01345	0.02075	0.02656	0.26615	0.11253	0.42471	0.02050	0.01010	0.00284	0.00425	0.01749	0.00838	0.00744
3	0.02106	0.02022	0.03454	0.05223	0.64784	0.02022	0.02612	0.02612	0.01938	0.02780	0.01601	0.02106	0.01348	0.00758	0.00842	0.00253	0.01011	0.00758	0.00421	0.01348
4	0.02117	0.01828	0.01924	0.01732	0.02213	0.02117	0.01347	0.04522	0.63246	0.03560	0.03464	0.03175	0.02598	0.01155	0.00866	0.00289	0.00673	0.00962	0.00866	0.01347
5	0.01006	0.00862	0.00862	0.00862	0.01149	0.00718	0.00647	0.01221	0.01940	0.02299	0.08621	0.08190	0.64438	0.02155	0.01006	0.00287	0.00431	0.01796	0.00790	0.00718
6	0.01216	0.00912	0.01368	0.01368	0.01520	0.01064	0.01064	0.01520	0.01368	0.01976	0.02279	0.03343	0.02127	0.06382	0.66720	0.01368	0.02279	0.00912	0.00456	0.00760
7	0.01707	0.04402	0.65683	0.02426	0.03683	0.01976	0.03144	0.02695	0.01797	0.02695	0.01527	0.01797	0.01078	0.00809	0.00809	0.00270	0.01258	0.00629	0.00359	0.01258
8	0.02106	0.02022	0.03454	0.05223	0.64784	0.02022	0.02612	0.02612	0.01938	0.02780	0.01601	0.02106	0.01348	0.00758	0.00842	0.00253	0.01011	0.00758	0.00421	0.01348
9	0.02045	0.06985	0.02114	0.06814	0.02243	0.15497	0.01420	0.05228	0.01837	0.02429	0.01777	0.02326	0.01522	0.02048	0.13455	0.00466	0.15385	0.00724	0.14763	0.00923
10	0.02634	0.23033	0.03308	0.02750	0.18908	0.24158	0.01841	0.09082	0.02251	0.02587	0.01428	0.01689	0.01198	0.00817	0.00731	0.00221	0.01149	0.00599	0.00455	0.01162
11	0.02275	0.70604	0.04459	0.01456	0.02184	0.03367	0.01456	0.02548	0.01729	0.02002	0.01183	0.01365	0.01092	0.00728	0.00546	0.00182	0.00910	0.00455	0.00364	0.01092
12	0.02123	0.02038	0.12441	0.01563	0.02114	0.07891	0.01419	0.02798	0.10697	0.16395	0.04368	0.11186	0.18480	0.01469	0.00904	0.00279	0.00788	0.01214	0.00750	0.01084
13	0.01807	0.14234	0.53497	0.02337	0.03496	0.02194	0.05784	0.02675	0.01797	0.02593	0.01485	0.01757	0.01091	0.00792	0.00779	0.00257	0.01214	0.00621	0.00364	0.01227
14	0.01093	0.00822	0.00928	0.00972	0.01112	0.00748	0.00652	0.01240	0.01686	0.02144	0.09247	0.22155	0.28770	0.22264	0.02005	0.00459	0.00560	0.01767	0.00718	0.00657
15	0.02164	0.02337	0.03217	0.06564	0.31527	0.14975	0.13213	0.02623	0.02037	0.02551	0.02320	0.02690	0.08092	0.00930	0.00875	0.00257	0.01139	0.00874	0.00464	0.01152
16	0.02900	0.09820	0.05298	0.02325	0.09914	0.31413	0.01720	0.06389	0.02323	0.13066	0.01919	0.02336	0.01541	0.00970	0.00800	0.00241	0.01184	0.04124	0.00572	0.01143
17	0.01042	0.00838	0.00935	0.01004	0.01220	0.00731	0.00741	0.01253	0.01857	0.02284	0.07240	0.24874	0.43936	0.02308	0.01041	0.00311	0.00475	0.06400	0.00790	0.00716
18	0.01006	0.00862	0.00862	0.00862	0.01149	0.00718	0.00647	0.01221	0.01940	0.02299	0.08621	0.08190	0.64438	0.02155	0.01006	0.00287	0.00431	0.01796	0.00790	0.00718
19	0.02087	0.48733	0.24686	0.01776	0.02679	0.02908	0.02014	0.02597	0.01751	0.02231	0.01297	0.01508	0.01087	0.00755	0.00633	0.00211	0.01025	0.00512	0.00362	0.01147
20	0.02150	0.09190	0.38906	0.02596	0.09912	0.17747	0.02593	0.02845	0.01956	0.02502	0.01457	0.01733	0.01113	0.00813	0.00782	0.00249	0.01271	0.00610	0.00386	0.01189
21	0.02164	0.02132	0.03398	0.05060	0.61437	0.05504	0.02560	0.02654	0.01963	0.02743	0.01585	0.02075	0.01334	0.00765	0.00838	0.00251	0.01039	0.00747	0.00422	0.01329
22	0.01020	0.00863	0.00882	0.00877	0.01158	0.00725	0.00658	0.01250	0.01974	0.02381	0.12709	0.08055	0.60299	0.02125	0.01006	0.00286	0.00429	0.01777	0.00801	0.00725
23	0.02553	0.03329	0.18019	0.02997	0.19040	0.23399	0.02254	0.12912	0.02408	0.02966	0.01564	0.01833	0.01217	0.00854	0.00811	0.00246	0.01231	0.00659	0.00485	0.01224
24	0.01216	0.00912	0.01368	0.01368	0.01520	0.01064	0.01064	0.01520	0.01368	0.01976	0.02279	0.03343	0.02127	0.06382	0.66720	0.01368	0.02279	0.00912	0.00456	0.00760
25	0.01043	0.00864	0.00913	0.00901	0.01172	0.00734	0.00676	0.01293	0.02027	0.02507	0.19013	0.07848	0.53917	0.02078	0.01005	0.00284	0.00426	0.01748	0.00818	0.00734
26	0.01478	0.00739	0.01109	0.01109	0.01109	0.00739	0.00739	0.01109	0.01109	0.01478	0.01478	0.02587	0.01478	0.02956	0.03326	0.75240	0.00739	0.00739	0.00370	0.00370
27	0.03043	0.14095	0.02721	0.02081	0.02563	0.57126	0.01616	0.03270	0.02309	0.02071	0.01295	0.01509	0.01096	0.00854	0.00734	0.00214	0.01440	0.00534	0.00427	0.01002
28	0.01216	0.00912	0.01368	0.01368	0.01520	0.01064	0.01064	0.01520	0.01368	0.01976	0.02279	0.03343	0.02127	0.06382	0.66720	0.01368	0.02279	0.00912	0.00456	0.00760
29	0.01006	0.00862	0.00862	0.00862	0.01149	0.00718	0.00647	0.01221	0.01940	0.02299	0.08621	0.08190	0.64438	0.02155	0.01006	0.00287	0.00431	0.01796	0.00790	0.00718
30	0.02064	0.02318	0.01669	0.01617	0.01921	0.30183	0.01200	0.02404	0.05736	0.02259	0.03922	0.19837	0.15609	0.01659	0.00918	0.00276	0.00968	0.03931	0.00638	0.00872
31	0.02488	0.02886	0.02596	0.07614	0.09006	0.32711	0.01874	0.02751	0.01921	0.02148	0.01290	0.01764	0.01132	0.01077	0.01490	0.00281	0.24907	0.00654	0.00409	0.01000
32	0.01006	0.00862	0.00862	0.00862	0.01149	0.00718	0.00647	0.01221	0.01940	0.02299	0.08621	0.08190	0.64438	0.02155	0.01006	0.00287	0.00431	0.01796	0.00790	0.00718
33	0.02275	0.70604	0.04459	0.01456	0.02184	0.03367	0.01456	0.02548	0.01729	0.02002	0.01183	0.01365	0.01092	0.00728	0.00546	0.00182	0.00910	0.00455	0.00364	0.01092
34	0.02494	0.54499	0.03964	0.01634	0.02292	0.18689	0.01502	0.02754	0.01894	0.02022	0.01215	0.01406	0.01093	0.00764	0.00600	0.00191	0.01061	0.00478	0.00382	0.01067
35	0.01288	0.01143	0.01511	0.01934	0.16559	0.01040	0.01134	0.01588	0.01976	0.02502	0.11238	0.06576	0.44800	0.01785	0.00966	0.00277	0.00569	0.01525	0.00712	0.00877
36	0.01105	0.00866	0.00999	0.00966	0.01210	0.00761	0.00724	0.01413	0.02173	0.02854	0.36371	0.07277	0.36342	0.01948	0.01005	0.00278	0.00416	0.01668	0.00863	0.00761
37	0.03157	0.07609	0.02675	0.01952	0.02605	0.11102	0.01609	0.49899	0.03626	0.04686	0.01884	0.01927	0.01375	0.00981	0.00818	0.00245	0.01013	0.00715	0.00761	0.01361
38	0.02087	0.48733	0.24686	0.01776	0.02679	0.02908	0.02014	0.02597	0.01751	0.02231	0.01297	0.01508	0.01087	0.00755	0.00633	0.00211	0.01025	0.00512	0.00362	0.01147
39	0.02128	0.31580	0.32439	0.01997	0.02933	0.10800	0.02259	0.02724	0.01847	0.02332	0.01359	0.01586	0.01086	0.00784	0.00695	0.00227	0.01150	0.00547	0.00371	0.01155
40	0.01789	0.09020	0.54919	0.02636	0.09731	0.02083	0.02967	0.02676	0.01806	0.02653	0.01509	0.01796	0.01106	0.00798	0.00793	0.00261	0.01207	0.00629	0.00366	0.01255
41	0.01211	0.00852	0.00973	0.00998	0.01078	0.00825	0.00651	0.01302	0.01464	0.01889	0.04050	0.06588	0.15032	0.48413	0.03291	0.00667	0.00745	0.08783	0.00603	0.00589
42	0.01740	0.00920	0.01237	0.01268	0.01472	0.00833	0.00907	0.01934	0.01833	0.18156	0.04353	0.52684	0.04738	0.02258	0.01028	0.00325	0.00552	0.02024	0.00857	0.00883
43	0.02013	0.02575	0.17917	0.04573	0.50583	0.02011	0.02735	0.02631	0.01905	0.02760	0.01584	0.02034	0.01285	0.00770	0.00835	0.00257	0.01068	0.00728	0.00407	0.01327
44	0.01538	0.03297	0.45489	0.01990	0.02922	0.01605	0.02403	0.02332	0.01960	0.02853	0.17835	0.03332	0.06619	0.01124	0.00870	0.00270	0.00992	0.00929	0.00531	0.01110
45	0.01862	0.22484	0.48961	0.02161	0.03274	0.02356	0.02683	0.02655	0.01778	0.02506	0.01433	0.01679	0.01082	0.00787	0.00737	0.00246	0.01163	0.00581	0.00361	0.01212
46	0.01188	0.00914	0.01121	0.01229	0.01458	0.00846	0.01013	0.01488	0.01932	0.02415	0.06371	0.12210	0.31786	0.02280	0.01094	0.00342	0.00609	0.30168	0.00787	0.00749
47	0.02070	0.01985	0.03388	0.09833	0.60460	0.02012	0.02594	0.02580	0.01920	0.02736	0.01594	0.02118	0.01332	0.00765	0.00843	0.00255	0.01020	0.00758	0.00418	0.01318
48	0.01940	0.02418	0.10989	0.03134	0.03829	0.02243	0.40889	0.02559	0.01815	0.02559	0.01554	0.02137	0.01226	0.00914	0.01416	0.00306	0.17655	0.00901	0.00409	0.01107
49	0.02106	0.02022	0.03454	0.05223	0.64784	0.02022	0.02612	0.02612	0.01938	0.02780	0.01601	0.02106	0.01348	0.00758	0.00842	0.00253	0.01011	0.00758	0.00421	0.01348
50	0.01189	0.00959	0.01215	0.01439	0.06250	0.00880	0.01009	0.01459	0.01887	0.02375	0.06303	0.19518	0.33524	0.02192	0.01051	0.00322	0.00577	0.16313	0.00760	0.00779
51	0.01834	0.03642	0.45802	0.03319	0.23204	0.01991	0.02974	0.02668	0.01842	0.02722	0.01551	0.01896	0.01164	0.00792	0.00819	0.00264	0.01179	0.00670	0.00379	0.01287

[dist]
# distance from previous block
# <min> <max>
0	3

[block]
# block no. 2 follows, 21 sequences, length 115
# corresponding to MSA columns:
# 215-329
name=unknown_C
#
# <colnr> <probs for GDERKNQSTAVLIFYWHMCP>
#	G	D	E	R	K	N	Q	S	T	A	V	L	I	F	Y	W	H	M	C	P
0	0.02106	0.02022	0.03454	0.05223	0.64784	0.02022	0.02612	0.02612	0.01938	0.02780	0.01601	0.02106	0.01348	0.00758	0.00842	0.00253	0.01011	0.00758	0.00421	0.01348
1	0.02106	0.02022	0.03454	0.05223	0.64784	0.02022	0.02612	0.02612	0.01938	0.02780	0.01601	0.02106	0.01348	0.00758	0.00842	0.00253	0.01011	0.00758	0.00421	0.01348
2	0.01790	0.01912	0.03775	0.03231	0.14125	0.01793	0.37147	0.02353	0.01980	0.02635	0.03318	0.03645	0.16106	0.01062	0.00977	0.00281	0.01126	0.01147	0.00513	0.01082
3	0.02940	0.02327	0.02382	0.01911	0.02527	0.05891	0.01548	0.43866	0.19375	0.04719	0.02375	0.02312	0.01729	0.01049	0.00851	0.00262	0.00899	0.00806	0.00833	0.01397
4	0.01103	0.00775	0.00990	0.01112	0.01167	0.00735	0.00727	0.01245	0.01625	0.02189	0.10929	0.47432	0.05304	0.18371	0.01838	0.00449	0.00561	0.02043	0.00742	0.00663
5	0.01976	0.01889	0.03219	0.21615	0.49410	0.01988	0.02547	0.02498	0.01876	0.02622	0.01578	0.02149	0.01292	0.00782	0.00845	0.00261	0.01043	0.00758	0.00410	0.01243
6	0.01972	0.01916	0.03376	0.12114	0.47279	0.01941	0.09118	0.02487	0.01900	0.02667	0.01791	0.06235	0.01576	0.00880	0.00876	0.00266	0.01042	0.00886	0.00440	0.01239
7	0.01878	0.01864	0.01609	0.01527	0.01881	0.15377	0.01173	0.02822	0.21763	0.02736	0.07867	0.08904	0.18503	0.01585	0.00931	0.00286	0.00782	0.06779	0.00746	0.00988
8	0.02291	0.62878	0.08057	0.01556	0.02300	0.06815	0.01569	0.02605	0.01771	0.02049	0.01211	0.01401	0.01091	0.00741	0.00574	0.00189	0.00966	0.00471	0.00368	0.01096
9	0.02341	0.25123	0.06911	0.01930	0.02383	0.21643	0.01698	0.02620	0.01803	0.02078	0.01287	0.01681	0.01157	0.01291	0.04905	0.00314	0.18836	0.00594	0.00393	0.01010
10	0.01467	0.01126	0.01366	0.01327	0.01516	0.01254	0.00971	0.02222	0.17502	0.02312	0.02847	0.04394	0.02729	0.26150	0.24968	0.00850	0.01289	0.04278	0.00601	0.00833
11	0.02127	0.53331	0.20433	0.01709	0.02575	0.03004	0.01897	0.02587	0.01747	0.02183	0.01273	0.01478	0.01088	0.00749	0.00615	0.00205	0.01001	0.00500	0.00363	0.01135
12	0.01707	0.04402	0.65683	0.02426	0.03683	0.01976	0.03144	0.02695	0.01797	0.02695	0.01527	0.01797	0.01078	0.00809	0.00809	0.00270	0.01258	0.00629	0.00359	0.01258
13	0.01041	0.00873	0.00911	0.00930	0.01208	0.00743	0.00716	0.01273	0.01942	0.02323	0.08226	0.08325	0.58723	0.02174	0.01022	0.00297	0.00465	0.07292	0.00790	0.00725
14	0.01040	0.00858	0.00858	0.00858	0.01140	0.00723	0.00643	0.01267	0.01930	0.02351	0.08273	0.07891	0.60729	0.02086	0.00981	0.00282	0.00429	0.01736	0.05201	0.00723
15	0.01216	0.00912	0.01368	0.01368	0.01520	0.01064	0.01064	0.01520	0.01368	0.01976	0.02279	0.03343	0.02127	0.06382	0.66720	0.01368	0.02279	0.00912	0.00456	0.00760
16	0.01216	0.00912	0.01368	0.01368	0.01520	0.01064	0.01064	0.01520	0.01368	0.01976	0.02279	0.03343	0.02127	0.06382	0.66720	0.01368	0.02279	0.00912	0.00456	0.00760
17	0.03179	0.04056	0.02412	0.02192	0.02631	0.66676	0.01644	0.03398	0.02412	0.02083	0.01315	0.01535	0.01096	0.00877	0.00767	0.00219	0.01535	0.00548	0.00438	0.00987
18	0.02106	0.02022	0.03454	0.05223	0.64784	0.02022	0.02612	0.02612	0.01938	0.02780	0.01601	0.02106	0.01348	0.00758	0.00842	0.00253	0.01011	0.00758	0.00421	0.01348
19	0.03179	0.04056	0.02412	0.02192	0.02631	0.66676	0.01644	0.03398	0.02412	0.02083	0.01315	0.01535	0.01096	0.00877	0.00767	0.00219	0.01535	0.00548	0.00438	0.00987
20	0.01148	0.00821	0.01111	0.01286	0.01391	0.00784	0.00959	0.01388	0.01791	0.02386	0.09697	0.46824	0.05621	0.02496	0.01105	0.00352	0.00570	0.18742	0.00801	0.00727
21	0.02505	0.06316	0.17640	0.03024	0.19990	0.23697	0.02251	0.09565	0.02286	0.02784	0.01520	0.01803	0.01201	0.00838	0.00797	0.00243	0.01231	0.00645	0.00458	0.01206
22	0.03179	0.04056	0.02412	0.02192	0.02631	0.66676	0.01644	0.03398	0.02412	0.02083	0.01315	0.01535	0.01096	0.00877	0.00767	0.00219	0.01535	0.00548	0.00438	0.00987
23	0.01192	0.00917	0.01301	0.01324	0.01407	0.00931	0.04026	0.01346	0.01528	0.02066	0.03748	0.44220	0.04387	0.18107	0.04978	0.00501	0.04756	0.01904	0.00668	0.00693
24	0.01018	0.00863	0.00879	0.00875	0.01157	0.00724	0.00656	0.01245	0.01968	0.02367	0.12004	0.08079	0.61014	0.02130	0.01006	0.00286	0.00429	0.01780	0.00799	0.00724
25	0.03179	0.04056	0.02412	0.02192	0.02631	0.66676	0.01644	0.03398	0.02412	0.02083	0.01315	0.01535	0.01096	0.00877	0.00767	0.00219	0.01535	0.00548	0.00438	0.00987
26	0.01033	0.00858	0.00903	0.00903	0.01169	0.00728	0.00673	0.01269	0.01987	0.02437	0.15619	0.10565	0.54681	0.02124	0.01009	0.00287	0.00430	0.01790	0.00809	0.00728
27	0.02009	0.02296	0.05022	0.03587	0.04448	0.02152	0.61693	0.02726	0.02009	0.02726	0.01722	0.02296	0.01291	0.00717	0.01004	0.00287	0.01435	0.01004	0.00430	0.01148
28	0.02106	0.02022	0.03454	0.05223	0.64784	0.02022	0.02612	0.02612	0.01938	0.02780	0.01601	0.02106	0.01348	0.00758	0.00842	0.00253	0.01011	0.00758	0.00421	0.01348
29	0.01083	0.00865	0.00969	0.00943	0.01197	0.00751	0.00707	0.01371	0.02122	0.02731	0.30254	0.07478	0.42535	0.01994	0.01005	0.00280	0.00420	0.01696	0.00847	0.00751
30	0.01701	0.01696	0.03131	0.52934	0.05530	0.01952	0.16274	0.02304	0.01774	0.02304	0.01562	0.02275	0.01171	0.00820	0.00887	0.00284	0.01205	0.00814	0.00390	0.00993
31	0.02106	0.02022	0.03454	0.05223	0.64784	0.02022	0.02612	0.02612	0.01938	0.02780	0.01601	0.02106	0.01348	0.00758	0.00842	0.00253	0.01011	0.00758	0.00421	0.01348
32	0.03301	0.01564	0.01960	0.01580	0.02185	0.01514	0.01280	0.04261	0.20908	0.46596	0.03390	0.02981	0.02256	0.01084	0.00859	0.00271	0.00709	0.00888	0.00996	0.01418
33	0.01037	0.00741	0.00987	0.01185	0.01234	0.00691	0.00790	0.01185	0.01629	0.02172	0.04690	0.69537	0.05629	0.02666	0.01086	0.00346	0.00494	0.02419	0.00790	0.00691
34	0.01591	0.01474	0.02190	0.01926	0.02033	0.01922	0.04371	0.01853	0.01365	0.02049	0.01645	0.02519	0.01559	0.03554	0.30166	0.00796	0.36878	0.00829	0.00411	0.00868
35	0.01862	0.01862	0.02607	0.02234	0.02234	0.02607	0.01862	0.02048	0.01303	0.02048	0.01117	0.01862	0.01117	0.01489	0.02793	0.00372	0.68535	0.00745	0.00372	0.00931
36	0.01238	0.00825	0.00928	0.00928	0.00928	0.00825	0.00516	0.01238	0.01238	0.01650	0.02681	0.05569	0.03094	0.70092	0.04331	0.00825	0.00825	0.01238	0.00516	0.00516
37	0.02899	0.03525	0.02684	0.02983	0.18847	0.49807	0.01897	0.03193	0.02288	0.02265	0.01390	0.01684	0.01162	0.00846	0.00787	0.00228	0.01398	0.00603	0.00434	0.01081
38	0.01006	0.00862	0.00862	0.00862	0.01149	0.00718	0.00647	0.01221	0.01940	0.02299	0.08621	0.08190	0.64438	0.02155	0.01006	0.00287	0.00431	0.01796	0.00790	0.00718
39	0.02265	0.02494	0.03445	0.03685	0.27138	0.17189	0.17664	0.02728	0.01997	0.02513	0.01580	0.02083	0.01309	0.01158	0.04976	0.00328	0.05089	0.00782	0.00427	0.01152
40	0.01158	0.00868	0.01073	0.01022	0.01243	0.00783	0.00766	0.01516	0.02299	0.03152	0.51272	0.06787	0.21255	0.01837	0.01004	0.00272	0.00408	0.01599	0.00902	0.00783
41	0.02997	0.18001	0.02883	0.01983	0.02537	0.39173	0.01598	0.15916	0.02610	0.02777	0.01445	0.01609	0.01171	0.00876	0.00738	0.00219	0.01271	0.00575	0.00512	0.01109
42	0.01157	0.00896	0.01072	0.01107	0.01347	0.00811	0.00884	0.01468	0.02067	0.02657	0.22043	0.08093	0.33597	0.02100	0.01051	0.00311	0.00519	0.17235	0.00827	0.00758
43	0.01893	0.26131	0.45588	0.02107	0.03191	0.02433	0.02590	0.02647	0.01775	0.02468	0.01414	0.01655	0.01083	0.00782	0.00722	0.00241	0.01144	0.00572	0.00361	0.01203
44	0.02275	0.70604	0.04459	0.01456	0.02184	0.03367	0.01456	0.02548	0.01729	0.02002	0.01183	0.01365	0.01092	0.00728	0.00546	0.00182	0.00910	0.00455	0.00364	0.01092
45	0.01034	0.00863	0.00902	0.00892	0.01167	0.00731	0.00669	0.01277	0.02007	0.02459	0.16624	0.07927	0.56335	0.02096	0.01005	0.00285	0.00427	0.01759	0.00811	0.00731
46	0.01189	0.00879	0.01051	0.01078	0.01251	0.00821	0.00803	0.01428	0.01866	0.02433	0.18685	0.07398	0.22977	0.19830	0.01910	0.00446	0.00603	0.13904	0.00750	0.00698
47	0.02034	0.02169	0.02177	0.02231	0.09118	0.20864	0.01581	0.02310	0.01726	0.02113	0.01669	0.02352	0.01518	0.03073	0.26103	0.00689	0.16162	0.00751	0.00429	0.00930
48	0.01371	0.00980	0.01371	0.01567	0.01763	0.00980	0.01371	0.01763	0.01959	0.02547	0.04506	0.09599	0.04898	0.02351	0.01175	0.00392	0.00784	0.59056	0.00784	0.00784
49	0.01194	0.00832	0.00916	0.00916	0.00970	0.00805	0.00540	0.01235	0.01369	0.01771	0.03791	0.06059	0.14552	0.57402	0.03710	0.00725	0.00751	0.01342	0.00567	0.00554
50	0.01035	0.00746	0.00982	0.01171	0.01231	0.00692	0.00784	0.01187	0.01643	0.02178	0.04866	0.66798	0.08254	0.02643	0.01083	0.00343	0.00491	0.02391	0.00790	0.00692
51	0.01216	0.00912	0.01368	0.01368	0.01520	0.01064	0.01064	0.01520	0.01368	0.01976	0.02279	0.03343	0.02127	0.06382	0.66720	0.01368	0.02279	0.00912	0.00456	0.00760
52	0.01229	0.00860	0.01104	0.01104	0.01165	0.00921	0.00735	0.01351	0.01290	0.01781	0.02520	0.04677	0.02706	0.44548	0.29346	0.01043	0.01408	0.01107	0.00492	0.00614
53	0.02117	0.01828	0.01924	0.01732	0.02213	0.02117	0.01347	0.04522	0.63246	0.03560	0.03464	0.03175	0.02598	0.01155	0.00866	0.00289	0.00673	0.00962	0.00866	0.01347
54	0.03179	0.04056	0.02412	0.02192	0.02631	0.66676	0.01644	0.03398	0.02412	0.02083	0.01315	0.01535	0.01096	0.00877	0.00767	0.00219	0.01535	0.00548	0.00438	0.00987
55	0.02878	0.03584	0.03021	0.02632	0.05883	0.49826	0.14600	0.03217	0.02303	0.02253	0.01416	0.01725	0.01150	0.00837	0.00822	0.00235	0.01489	0.00656	0.00436	0.01038
56	0.02366	0.25073	0.07124	0.03077	0.23734	0.16493	0.05635	0.02773	0.01969	0.02366	0.01405	0.01734	0.01191	0.00774	0.00737	0.00225	0.01131	0.00621	0.00403	0.01169
57	0.01506	0.01123	0.01538	0.01452	0.01680	0.01290	0.01143	0.10200	0.01746	0.02462	0.02246	0.03156	0.02030	0.05612	0.57258	0.01208	0.02087	0.00891	0.00513	0.00859
58	0.01238	0.00825	0.00928	0.00928	0.00928	0.00825	0.00516	0.01238	0.01238	0.01650	0.02681	0.05569	0.03094	0.70092	0.04331	0.00825	0.00825	0.01238	0.00516	0.00516
59	0.01866	0.02211	0.13972	0.03525	0.31470	0.01776	0.07253	0.05932	0.01978	0.02787	0.02289	0.16562	0.02222	0.01190	0.00903	0.00279	0.00975	0.01114	0.00516	0.01180
60	0.02110	0.10087	0.15060	0.04122	0.43117	0.05768	0.02530	0.02664	0.01915	0.02640	0.01525	0.01936	0.01256	0.00771	0.00800	0.00246	0.01075	0.00689	0.00404	0.01283
61	0.02265	0.02619	0.01766	0.01641	0.01951	0.37110	0.01201	0.02460	0.02083	0.02122	0.06683	0.03751	0.12871	0.13295	0.04270	0.00388	0.01185	0.00959	0.00544	0.00838
62	0.01059	0.00840	0.00961	0.01043	0.01248	0.00742	0.00776	0.01276	0.01850	0.02291	0.06959	0.26571	0.39818	0.02330	0.01050	0.00317	0.00492	0.08869	0.00789	0.00718
63	0.01913	0.02897	0.25878	0.07619	0.26561	0.02026	0.15489	0.02640	0.01889	0.02702	0.01595	0.02046	0.01227	0.00773	0.00866	0.00268	0.01197	0.00765	0.00399	0.01249
64	0.02927	0.03579	0.02656	0.02903	0.17203	0.51517	0.01871	0.03214	0.02301	0.02246	0.01382	0.01669	0.01155	0.00849	0.00785	0.00227	0.01412	0.00597	0.00434	0.01071
65	0.02525	0.17195	0.17562	0.02367	0.06667	0.31348	0.05650	0.02979	0.02081	0.02289	0.01380	0.01642	0.01118	0.00815	0.00752	0.00229	0.01309	0.00588	0.00404	0.01102
66	0.01008	0.00855	0.00870	0.00882	0.01155	0.00717	0.00655	0.01219	0.01921	0.02291	0.08382	0.11915	0.60868	0.02186	0.01011	0.00291	0.00435	0.01834	0.00790	0.00717
67	0.01216	0.00912	0.01368	0.01368	0.01520	0.01064	0.01064	0.01520	0.01368	0.01976	0.02279	0.03343	0.02127	0.06382	0.66720	0.01368	0.02279	0.00912	0.00456	0.00760
68	0.02013	0.01430	0.01559	0.01328	0.01592	0.01529	0.00943	0.24800	0.02310	0.03091	0.02434	0.04201	0.02455	0.43284	0.02981	0.00604	0.00868	0.01055	0.00646	0.00877
69	0.02230	0.02827	0.17204	0.06630	0.16147	0.16637	0.02059	0.07644	0.02145	0.02850	0.01758	0.02096	0.01370	0.00866	0.00775	0.00241	0.01081	0.00687	0.13623	0.01130
70	0.02470	0.56296	0.04019	0.01614	0.02280	0.16979	0.01497	0.02731	0.01876	0.02020	0.01212	0.01402	0.01093	0.00760	0.00594	0.00190	0.01044	0.00475	0.00380	0.01069
71	0.01407	0.01152	0.01656	0.01559	0.01674	0.01450	0.01244	0.01686	0.01376	0.02067	0.02006	0.02946	0.01867	0.04779	0.46031	0.01037	0.19452	0.00861	0.04942	0.00806
72	0.01102	0.00860	0.01000	0.00976	0.01212	0.00758	0.00728	0.01404	0.02151	0.02827	0.35130	0.10056	0.34791	0.01979	0.01008	0.00281	0.00420	0.01701	0.00860	0.00758
73	0.02089	0.48923	0.24510	0.01774	0.02675	0.02912	0.02009	0.02596	0.01751	0.02229	0.01296	0.01506	0.01087	0.00754	0.00632	0.00211	0.01024	0.00512	0.00362	0.01146
74	0.01969	0.01882	0.03206	0.22540	0.48543	0.01986	0.02543	0.02491	0.01873	0.02613	0.01576	0.02151	0.01289	0.00784	0.00845	0.00261	0.01045	0.00758	0.00409	0.01237
75	0.02035	0.02006	0.03145	0.22172	0.44947	0.05906	0.02485	0.02540	0.01902	0.02573	0.01559	0.02116	0.01274	0.00791	0.00840	0.00259	0.01076	0.00745	0.00411	0.01216
76	0.01933	0.01793	0.02985	0.04407	0.51208	0.01787	0.02314	0.02406	0.01941	0.02719	0.02402	0.03657	0.04670	0.01092	0.00907	0.00278	0.00947	0.10832	0.00499	0.01224
77	0.02028	0.24362	0.23904	0.02339	0.11608	0.06237	0.02129	0.02675	0.04588	0.02513	0.01716	0.02194	0.01433	0.00878	0.00735	0.00239	0.01030	0.03305	0.04931	0.01156
78	0.02021	0.06585	0.25537	0.03898	0.37062	0.04921	0.02697	0.02673	0.01898	0.02678	0.01540	0.01932	0.01228	0.00780	0.00811	0.00253	0.01116	0.00687	0.00397	0.01287
79	0.01993	0.02139	0.01969	0.06063	0.09222	0.23599	0.01456	0.02286	0.01853	0.02129	0.02397	0.03036	0.07102	0.05802	0.24468	0.00667	0.01591	0.00851	0.00473	0.00901
80	0.02362	0.02280	0.03216	0.04567	0.52125	0.11264	0.02392	0.02816	0.02035	0.06409	0.01664	0.02071	0.01357	0.00793	0.00832	0.00249	0.01069	0.00734	0.00461	0.01302
81	0.01225	0.00834	0.00994	0.01003	0.01027	0.00853	0.00607	0.01276	0.01274	0.01721	0.02716	0.08197	0.03072	0.57833	0.13144	0.00881	0.01019	0.01245	0.00520	0.00559
82	0.02296	0.06054	0.02376	0.01849	0.02250	0.05637	0.01512	0.13920	0.12569	0.05850	0.02018	0.05226	0.01698	0.01197	0.01430	0.00281	0.22263	0.00811	0.00615	0.10147
83	0.03235	0.02384	0.02554	0.01958	0.02639	0.02639	0.01618	0.61946	0.04001	0.05363	0.02043	0.02043	0.01447	0.01022	0.00851	0.00255	0.00936	0.00766	0.00851	0.01447
84	0.01031	0.00856	0.00907	0.00941	0.01196	0.00731	0.00707	0.01250	0.01906	0.02300	0.07929	0.15176	0.54213	0.02225	0.01025	0.00300	0.00459	0.05338	0.00790	0.00719
85	0.02912	0.23693	0.03016	0.01975	0.02499	0.47994	0.01589	0.03147	0.02210	0.02059	0.01276	0.01485	0.01095	0.00833	0.00702	0.00208	0.01350	0.00521	0.00417	0.01018
86	0.01069	0.00865	0.00949	0.00928	0.01188	0.00745	0.00696	0.01343	0.02088	0.02652	0.26266	0.07609	0.46574	0.02024	0.01005	0.00281	0.00422	0.01715	0.00837	0.00745
87	0.02955	0.18183	0.05766	0.02004	0.02556	0.46127	0.01650	0.03229	0.02238	0.05931	0.01421	0.01593	0.01156	0.00853	0.00727	0.00216	0.01339	0.00551	0.00456	0.01050
88	0.03070	0.12061	0.02658	0.02104	0.02577	0.59060	0.01622	0.03296	0.02330	0.02073	0.01300	0.01514	0.01096	0.00859	0.00741	0.00215	0.01460	0.00537	0.00430	0.00999
89	0.01037	0.00741	0.00987	0.01185	0.01234	0.00691	0.00790	0.01185	0.01629	0.02172	0.04690	0.69537	0.05629	0.02666	0.01086	0.00346	0.00494	0.02419	0.00790	0.00691
90	0.01216	0.00912	0.01368	0.01368	0.01520	0.01064	0.01064	0.01520	0.01368	0.01976	0.02279	0.03343	0.02127	0.06382	0.66720	0.01368	0.02279	0.00912	0.00456	0.00760
91	0.01006	0.00862	0.00862	0.00862	0.01149	0.00718	0.00647	0.01221	0.01940	0.02299	0.08621	0.08190	0.64438	0.02155	0.01006	0.00287	0.00431	0.01796	0.00790	0.00718
92	0.03184	0.03906	0.02424	0.02171	0.02632	0.60931	0.01642	0.08651	0.02554	0.02377	0.01381	0.01580	0.01128	0.00890	0.00775	0.00222	0.01481	0.00568	0.00476	0.01028
93	0.01216	0.00912	0.01368	0.01368	0.01520	0.01064	0.01064	0.01520	0.01368	0.01976	0.02279	0.03343	0.02127	0.06382	0.66720	0.01368	0.02279	0.00912	0.00456	0.00760
94	0.02020	0.40890	0.31939	0.01891	0.02857	0.02743	0.02214	0.02614	0.01759	0.02313	0.01338	0.01559	0.01086	0.00764	0.00664	0.00221	0.01066	0.00533	0.00362	0.01166
95	0.01406	0.01019	0.01397	0.01575	0.01784	0.01032	0.01370	0.01890	0.04780	0.02593	0.04458	0.09304	0.04792	0.02296	0.01161	0.00387	0.00779	0.56381	0.00787	0.00810
96	0.01238	0.00825	0.00928	0.00928	0.00928	0.00825	0.00516	0.01238	0.01238	0.01650	0.02681	0.05569	0.03094	0.70092	0.04331	0.00825	0.00825	0.01238	0.00516	0.00516
97	0.01948	0.01861	0.03169	0.25120	0.46123	0.01980	0.02533	0.02473	0.01863	0.02588	0.01573	0.02158	0.01280	0.00788	0.00845	0.00263	0.01050	0.00758	0.00408	0.01220
98	0.01685	0.01665	0.03028	0.02364	0.02737	0.01797	0.25653	0.02065	0.01585	0.02225	0.01881	0.03067	0.01771	0.16696	0.12450	0.00592	0.16414	0.00982	0.00440	0.00902
99	0.01006	0.00862	0.00862	0.00862	0.01149	0.00718	0.00647	0.01221	0.01940	0.02299	0.08621	0.08190	0.64438	0.02155	0.01006	0.00287	0.00431	0.01796	0.00790	0.00718
100	0.01238	0.00825	0.00928	0.00928	0.00928	0.00825	0.00516	0.01238	0.01238	0.01650	0.02681	0.05569	0.03094	0.70092	0.04331	0.00825	0.00825	0.01238	0.00516	0.00516
101	0.01048	0.00745	0.00984	0.01171	0.01217	0.00699	0.00775	0.01188	0.01607	0.02143	0.04578	0.65968	0.05487	0.06428	0.01267	0.00372	0.00512	0.02353	0.00775	0.00681
102	0.03031	0.03809	0.02434	0.02197	0.02586	0.59469	0.01669	0.03246	0.02287	0.02079	0.01293	0.01571	0.01099	0.00946	0.00995	0.00236	0.09072	0.00570	0.00431	0.00980
103	0.01006	0.00862	0.00862	0.00862	0.01149	0.00718	0.00647	0.01221	0.01940	0.02299	0.08621	0.08190	0.64438	0.02155	0.01006	0.00287	0.00431	0.01796	0.00790	0.00718
104	0.02275	0.70604	0.04459	0.01456	0.02184	0.03367	0.01456	0.02548	0.01729	0.02002	0.01183	0.01365	0.01092	0.00728	0.00546	0.00182	0.00910	0.00455	0.00364	0.01092
105	0.01109	0.00792	0.01070	0.01267	0.01348	0.00753	0.00915	0.01309	0.01700	0.02253	0.04651	0.56650	0.05471	0.02598	0.01105	0.00356	0.00556	0.14596	0.00789	0.00711
106	0.03179	0.04056	0.02412	0.02192	0.02631	0.66676	0.01644	0.03398	0.02412	0.02083	0.01315	0.01535	0.01096	0.00877	0.00767	0.00219	0.01535	0.00548	0.00438	0.00987
107	0.01006	0.00862	0.00862	0.00862	0.01149	0.00718	0.00647	0.01221	0.01940	0.02299	0.08621	0.08190	0.64438	0.02155	0.01006	0.00287	0.00431	0.01796	0.00790	0.00718
108	0.02202	0.03709	0.50746	0.02212	0.03329	0.01806	0.02700	0.03036	0.01947	0.17390	0.01956	0.02055	0.01319	0.00866	0.00820	0.00268	0.01133	0.00682	0.00522	0.01302
109	0.06347	0.02702	0.02992	0.02321	0.02980	0.16722	0.14508	0.33448	0.03101	0.03996	0.01773	0.01954	0.01311	0.00913	0.00850	0.00255	0.01164	0.00755	0.00654	0.01256
110	0.03179	0.04056	0.02412	0.02192	0.02631	0.66676	0.01644	0.03398	0.02412	0.02083	0.01315	0.01535	0.01096	0.00877	0.00767	0.00219	0.01535	0.00548	0.00438	0.00987
111	0.76103	0.01646	0.01251	0.01119	0.01646	0.01909	0.00922	0.02502	0.01448	0.03818	0.01185	0.01382	0.00922	0.00790	0.00527	0.00263	0.00658	0.00461	0.00527	0.00922
112	0.02300	0.02662	0.04144	0.03537	0.14238	0.17258	0.37610	0.02864	0.02091	0.02584	0.01606	0.02085	0.01255	0.00762	0.00921	0.00265	0.01386	0.00856	0.00431	0.01144
113	0.01053	0.00868	0.00928	0.00926	0.01195	0.00743	0.00703	0.01305	0.02014	0.02485	0.17197	0.07964	0.52966	0.02099	0.01013	0.00289	0.00442	0.04262	0.00813	0.00735
114	0.01478	0.00739	0.01109	0.01109	0.01109	0.00739	0.00739	0.01109	0.01109	0.01478	0.01478	0.02587	0.01478	0.02956	0.03326	0.75240	0.00739	0.00739	0.00370	0.00370

[dist]
# distance from previous block
# <min> <max>
0	0

# created by:
# /home/cegg/simao/soft/augustus-3.2.1/scripts/msa2prfl.pl ./align_prep/13608.fa
