[name]
unknown

[dist]
# distance from previous block
# <min> <max>
0	0

[block]
# block no. 0 follows, 22 sequences, length 22
# corresponding to MSA columns:
# 0-21
name=unknown_A
#
# <colnr> <probs for GDERKNQSTAVLIFYWHMCP>
#	G	D	E	R	K	N	Q	S	T	A	V	L	I	F	Y	W	H	M	C	P
0	0.01339	0.00956	0.01339	0.01530	0.01721	0.00956	0.01339	0.01721	0.01912	0.02486	0.04399	0.09371	0.04781	0.02295	0.01147	0.00382	0.00765	0.60031	0.00765	0.00765
1	0.06100	0.16144	0.03255	0.02402	0.07139	0.26644	0.14675	0.03031	0.08329	0.02429	0.01570	0.01819	0.01268	0.00810	0.00760	0.00232	0.01197	0.00664	0.00458	0.01074
2	0.02950	0.01715	0.01992	0.01610	0.02188	0.01772	0.01303	0.18763	0.20321	0.29247	0.03287	0.03000	0.05752	0.01112	0.00846	0.00264	0.00728	0.00897	0.00911	0.01343
3	0.01873	0.02718	0.23816	0.02573	0.06826	0.02101	0.14944	0.02962	0.16836	0.02744	0.01928	0.02210	0.01477	0.00957	0.01158	0.00286	0.12123	0.00796	0.00491	0.01180
4	0.01943	0.01466	0.01611	0.01471	0.01893	0.01581	0.01160	0.03435	0.38464	0.09789	0.04545	0.04699	0.16171	0.01434	0.00901	0.00288	0.00622	0.06541	0.00841	0.01143
5	0.01012	0.00723	0.00964	0.01157	0.01205	0.00675	0.00771	0.01157	0.01591	0.02121	0.04579	0.70262	0.05495	0.02603	0.01060	0.00337	0.00482	0.02362	0.00771	0.00675
6	0.02056	0.01974	0.03372	0.05099	0.65622	0.01974	0.02550	0.02550	0.01892	0.02714	0.01563	0.02056	0.01316	0.00740	0.00822	0.00247	0.00987	0.00740	0.00411	0.01316
7	0.01666	0.04297	0.66500	0.02368	0.03596	0.01929	0.03069	0.02631	0.01754	0.02631	0.01491	0.01754	0.01052	0.00789	0.00789	0.00263	0.01228	0.00614	0.00351	0.01228
8	0.03268	0.02945	0.02285	0.01924	0.02462	0.35600	0.01506	0.18009	0.02738	0.18358	0.01940	0.01941	0.01393	0.00932	0.00790	0.00233	0.01164	0.00660	0.00672	0.01182
9	0.02170	0.65138	0.10072	0.01509	0.02267	0.03162	0.01573	0.02501	0.01694	0.02017	0.01186	0.01371	0.01065	0.00718	0.00557	0.00186	0.00920	0.00460	0.00355	0.01081
10	0.01177	0.00901	0.01113	0.01208	0.01438	0.00838	0.01005	0.01485	0.01927	0.02426	0.09275	0.08615	0.30988	0.02182	0.01067	0.00332	0.00597	0.31910	0.00775	0.00739
11	0.03103	0.03959	0.02354	0.02140	0.02568	0.67469	0.01605	0.03317	0.02354	0.02033	0.01284	0.01498	0.01070	0.00856	0.00749	0.00214	0.01498	0.00535	0.00428	0.00963
12	0.01992	0.16486	0.23041	0.03033	0.16769	0.05040	0.16993	0.02622	0.01846	0.02497	0.01477	0.01843	0.01163	0.00745	0.00791	0.00245	0.01163	0.00693	0.00385	0.01178
13	0.01262	0.00932	0.01232	0.01382	0.01592	0.00901	0.01187	0.01608	0.01908	0.02434	0.05262	0.09075	0.17778	0.02254	0.01112	0.00361	0.00691	0.47512	0.00766	0.00751
14	0.00982	0.00842	0.00842	0.00842	0.01122	0.00701	0.00631	0.01192	0.01894	0.02244	0.08416	0.07995	0.65285	0.02104	0.00982	0.00281	0.00421	0.01753	0.00771	0.00701
15	0.01005	0.00752	0.00934	0.01080	0.01185	0.00681	0.00737	0.01165	0.01664	0.02151	0.05508	0.55178	0.19979	0.02482	0.01041	0.00324	0.00467	0.02214	0.00771	0.00681
16	0.17332	0.06172	0.02762	0.02311	0.05900	0.35699	0.13184	0.02941	0.02039	0.02519	0.01343	0.01632	0.01085	0.00797	0.00741	0.00235	0.01256	0.00610	0.00439	0.01003
17	0.01012	0.00723	0.00964	0.01157	0.01205	0.00675	0.00771	0.01157	0.01591	0.02121	0.04579	0.70262	0.05495	0.02603	0.01060	0.00337	0.00482	0.02362	0.00771	0.00675
18	0.01306	0.00946	0.01293	0.01467	0.01666	0.00933	0.01274	0.01672	0.01911	0.02464	0.04768	0.09244	0.10349	0.02277	0.01132	0.00373	0.00733	0.54668	0.00766	0.00759
19	0.01847	0.15826	0.42141	0.02770	0.16318	0.02182	0.02665	0.02588	0.01771	0.02527	0.01446	0.01742	0.01110	0.00765	0.00750	0.00244	0.01116	0.00610	0.00364	0.01217
20	0.02266	0.05569	0.02788	0.09356	0.28900	0.14411	0.01989	0.05622	0.15402	0.02766	0.01892	0.02153	0.01505	0.00863	0.00801	0.00248	0.01016	0.00730	0.00519	0.01205
21	0.05836	0.02379	0.12098	0.04367	0.50557	0.05171	0.02493	0.02593	0.01871	0.02720	0.01518	0.01950	0.01246	0.00754	0.00799	0.00248	0.01028	0.00698	0.00409	0.01265

[dist]
# distance from previous block
# <min> <max>
10	31

[block]
# block no. 1 follows, 22 sequences, length 13
# corresponding to MSA columns:
# 53-65
name=unknown_B
#
# <colnr> <probs for GDERKNQSTAVLIFYWHMCP>
#	G	D	E	R	K	N	Q	S	T	A	V	L	I	F	Y	W	H	M	C	P
0	0.02383	0.02232	0.02094	0.02054	0.10825	0.19999	0.01406	0.09159	0.02248	0.08559	0.02726	0.02803	0.11167	0.01009	0.00782	0.00216	0.00926	0.00792	0.00592	0.18027
1	0.02062	0.02424	0.13851	0.03577	0.32899	0.04242	0.07826	0.07076	0.04342	0.02885	0.01641	0.01998	0.01300	0.00768	0.00806	0.00239	0.01023	0.00713	0.00459	0.09868
2	0.01990	0.02367	0.14057	0.04637	0.55124	0.01966	0.02638	0.02563	0.01868	0.02700	0.01550	0.02005	0.01271	0.00748	0.00817	0.00249	0.01028	0.00719	0.00401	0.01301
3	0.21314	0.03002	0.32789	0.02608	0.13648	0.01936	0.08224	0.02571	0.01709	0.02934	0.01434	0.01747	0.01077	0.00768	0.00742	0.00260	0.01051	0.00628	0.00410	0.01147
4	0.02993	0.02702	0.02291	0.01879	0.02426	0.22975	0.01496	0.38386	0.03215	0.04024	0.01835	0.01939	0.01370	0.00950	0.00782	0.00233	0.01051	0.00683	0.07559	0.01212
5	0.01089	0.00802	0.01011	0.01097	0.01221	0.00728	0.00748	0.01268	0.01674	0.02254	0.11160	0.47336	0.10753	0.08604	0.01308	0.00354	0.00505	0.01990	0.00745	0.05354
6	0.02675	0.18238	0.02685	0.01881	0.02380	0.38581	0.01499	0.03384	0.16195	0.02342	0.01731	0.01824	0.01401	0.00886	0.00723	0.00221	0.01174	0.00607	0.00507	0.01065
7	0.02046	0.02003	0.03539	0.04925	0.58947	0.01988	0.09091	0.02562	0.01899	0.02708	0.01575	0.02076	0.01310	0.00736	0.00840	0.00250	0.01032	0.00766	0.00412	0.01295
8	0.15652	0.03250	0.20951	0.02206	0.08398	0.26107	0.01931	0.02750	0.01937	0.02589	0.01812	0.02021	0.05242	0.00892	0.00741	0.00243	0.01148	0.00641	0.00442	0.01045
9	0.01890	0.22324	0.35736	0.02459	0.07350	0.02333	0.11759	0.02591	0.01777	0.02454	0.01432	0.01732	0.01105	0.00751	0.00750	0.00241	0.01145	0.00632	0.00367	0.01172
10	0.01026	0.00853	0.00904	0.00917	0.01184	0.00730	0.00706	0.01264	0.01923	0.02333	0.11507	0.08012	0.56221	0.02097	0.00997	0.00289	0.00451	0.07095	0.00780	0.00712
11	0.02056	0.01974	0.03372	0.05099	0.65622	0.01974	0.02550	0.02550	0.01892	0.02714	0.01563	0.02056	0.01316	0.00740	0.00822	0.00247	0.00987	0.00740	0.00411	0.01316
12	0.03040	0.02264	0.02493	0.06858	0.02809	0.02522	0.01633	0.58362	0.03740	0.05005	0.01956	0.02011	0.01390	0.00985	0.00831	0.00251	0.00928	0.00747	0.00797	0.01377

[dist]
# distance from previous block
# <min> <max>
0	29

[block]
# block no. 2 follows, 22 sequences, length 129
# corresponding to MSA columns:
# 95-223
name=unknown_C
#
# <colnr> <probs for GDERKNQSTAVLIFYWHMCP>
#	G	D	E	R	K	N	Q	S	T	A	V	L	I	F	Y	W	H	M	C	P
0	0.02740	0.02845	0.02281	0.02006	0.02366	0.35130	0.01567	0.03249	0.10463	0.10258	0.01772	0.01956	0.01397	0.01054	0.01236	0.00264	0.17145	0.00672	0.00545	0.01054
1	0.05534	0.00985	0.01250	0.01187	0.01465	0.00909	0.00903	0.02035	0.02032	0.17129	0.22664	0.23608	0.10192	0.01822	0.00956	0.00290	0.00524	0.04762	0.00859	0.00894
2	0.01651	0.15310	0.33558	0.01763	0.02585	0.05013	0.02016	0.02248	0.01834	0.02426	0.06275	0.03352	0.16428	0.01132	0.00796	0.00249	0.00949	0.00891	0.00482	0.01040
3	0.02984	0.02051	0.01869	0.01575	0.02075	0.20046	0.01238	0.03360	0.05106	0.33375	0.08279	0.03269	0.08789	0.01149	0.00838	0.00249	0.00875	0.00903	0.00813	0.01156
4	0.01717	0.01055	0.01222	0.01113	0.01285	0.01065	0.00743	0.04785	0.07706	0.10650	0.05940	0.04739	0.03015	0.47924	0.03122	0.00628	0.00762	0.01126	0.00643	0.00761
5	0.01198	0.00807	0.00903	0.00903	0.00916	0.00801	0.00509	0.01207	0.01239	0.01639	0.02880	0.05552	0.05838	0.67696	0.04081	0.00782	0.00788	0.01233	0.00516	0.00512
6	0.02029	0.02049	0.03801	0.04651	0.48442	0.02009	0.19386	0.02581	0.01911	0.02699	0.01596	0.02108	0.01300	0.00729	0.00867	0.00256	0.01103	0.00808	0.00414	0.01261
7	0.01674	0.03448	0.45717	0.17551	0.04154	0.01928	0.08954	0.02519	0.01754	0.02519	0.01507	0.01908	0.01086	0.00790	0.00818	0.00268	0.01218	0.00679	0.00362	0.01148
8	0.01961	0.02241	0.04902	0.03501	0.04342	0.02101	0.62605	0.02661	0.01961	0.02661	0.01681	0.02241	0.01261	0.00700	0.00980	0.00280	0.01401	0.00980	0.00420	0.01120
9	0.01666	0.04297	0.66500	0.02368	0.03596	0.01929	0.03069	0.02631	0.01754	0.02631	0.01491	0.01754	0.01052	0.00789	0.00789	0.00263	0.01228	0.00614	0.00351	0.01228
10	0.01958	0.02377	0.10820	0.03840	0.21725	0.02047	0.39353	0.02626	0.01920	0.02673	0.01627	0.02138	0.01255	0.00721	0.00916	0.00269	0.01265	0.00874	0.00410	0.01187
11	0.01059	0.00857	0.00953	0.00996	0.01243	0.00751	0.00777	0.01306	0.01903	0.02335	0.10222	0.11568	0.48021	0.02147	0.01017	0.00302	0.00486	0.12564	0.00777	0.00716
12	0.01187	0.00890	0.01335	0.01335	0.01483	0.01038	0.01038	0.01483	0.01335	0.01928	0.02225	0.03264	0.02077	0.06231	0.67512	0.01335	0.02225	0.00890	0.00445	0.00742
13	0.01896	0.01810	0.03083	0.26029	0.45944	0.01932	0.02470	0.02409	0.01816	0.02520	0.01534	0.02108	0.01247	0.00770	0.00825	0.00257	0.01027	0.00740	0.00397	0.01187
14	0.02714	0.37438	0.06805	0.01620	0.02310	0.09311	0.01508	0.10438	0.02182	0.15876	0.01736	0.01769	0.01317	0.00832	0.00670	0.00212	0.00935	0.00583	0.00563	0.01180
15	0.01666	0.04297	0.66500	0.02368	0.03596	0.01929	0.03069	0.02631	0.01754	0.02631	0.01491	0.01754	0.01052	0.00789	0.00789	0.00263	0.01228	0.00614	0.00351	0.01228
16	0.01666	0.04297	0.66500	0.02368	0.03596	0.01929	0.03069	0.02631	0.01754	0.02631	0.01491	0.01754	0.01052	0.00789	0.00789	0.00263	0.01228	0.00614	0.00351	0.01228
17	0.02376	0.01583	0.04988	0.01487	0.01976	0.01466	0.01230	0.15379	0.10147	0.20772	0.03922	0.16391	0.11706	0.01481	0.00898	0.00278	0.00686	0.01246	0.00843	0.01146
18	0.02335	0.02574	0.02190	0.04742	0.02363	0.29819	0.01550	0.07744	0.02033	0.02322	0.01858	0.13292	0.01856	0.01328	0.01359	0.00282	0.19993	0.00924	0.00501	0.00937
19	0.01962	0.01685	0.01783	0.01611	0.02057	0.01927	0.01251	0.04094	0.57580	0.03401	0.06805	0.03525	0.06228	0.01209	0.00860	0.00281	0.00631	0.01012	0.00845	0.01254
20	0.01332	0.01096	0.01598	0.02113	0.16390	0.01054	0.01303	0.01630	0.01798	0.02374	0.04549	0.27405	0.15574	0.01996	0.01012	0.00317	0.00659	0.16262	0.00685	0.00852
21	0.02320	0.09854	0.06047	0.03267	0.19022	0.20437	0.21918	0.02797	0.02017	0.02425	0.01479	0.01875	0.01193	0.00758	0.00823	0.00242	0.01264	0.00727	0.00411	0.01124
22	0.01378	0.00990	0.01354	0.01307	0.01493	0.01125	0.01011	0.06419	0.01570	0.02280	0.02272	0.03268	0.02081	0.08930	0.52694	0.01117	0.01878	0.00886	0.07163	0.00785
23	0.00988	0.00817	0.00867	0.00908	0.01139	0.00696	0.00661	0.01185	0.01830	0.02218	0.07611	0.21048	0.52752	0.02208	0.00998	0.00292	0.00434	0.01881	0.00771	0.00696
24	0.01523	0.02048	0.15862	0.20692	0.06723	0.01627	0.10844	0.02072	0.01782	0.02366	0.03379	0.03664	0.18538	0.01171	0.00968	0.00278	0.03980	0.01023	0.00484	0.00975
25	0.12813	0.14871	0.14955	0.02120	0.08972	0.13708	0.01792	0.03065	0.14887	0.02748	0.01752	0.01891	0.01374	0.00850	0.00713	0.00241	0.00988	0.00628	0.00498	0.01134
26	0.05038	0.03951	0.57832	0.02322	0.03473	0.01901	0.05582	0.02691	0.01778	0.05675	0.01569	0.01809	0.01102	0.00796	0.00788	0.00263	0.01186	0.00634	0.00393	0.01217
27	0.02699	0.01492	0.01779	0.01492	0.02013	0.01504	0.01190	0.03846	0.27662	0.32237	0.06547	0.03527	0.07848	0.01190	0.00858	0.00269	0.00648	0.00986	0.00926	0.01285
28	0.02315	0.01777	0.05567	0.17016	0.26708	0.01713	0.02061	0.05811	0.02054	0.17363	0.02207	0.02890	0.01739	0.00977	0.00854	0.00268	0.00936	0.05941	0.00594	0.01209
29	0.02533	0.19617	0.08741	0.02600	0.17305	0.09248	0.01900	0.22431	0.02539	0.03277	0.01569	0.01773	0.01238	0.00834	0.00743	0.00229	0.01012	0.00637	0.00532	0.01242
30	0.02056	0.01974	0.03372	0.05099	0.65622	0.01974	0.02550	0.02550	0.01892	0.02714	0.01563	0.02056	0.01316	0.00740	0.00822	0.00247	0.00987	0.00740	0.00411	0.01316
31	0.01666	0.04297	0.66500	0.02368	0.03596	0.01929	0.03069	0.02631	0.01754	0.02631	0.01491	0.01754	0.01052	0.00789	0.00789	0.00263	0.01228	0.00614	0.00351	0.01228
32	0.02056	0.01974	0.03372	0.05099	0.65622	0.01974	0.02550	0.02550	0.01892	0.02714	0.01563	0.02056	0.01316	0.00740	0.00822	0.00247	0.00987	0.00740	0.00411	0.01316
33	0.01682	0.04185	0.63131	0.02430	0.03636	0.01939	0.06325	0.02633	0.01765	0.02633	0.01501	0.01781	0.01064	0.00784	0.00800	0.00264	0.01237	0.00634	0.00355	0.01222
34	0.01012	0.00723	0.00964	0.01157	0.01205	0.00675	0.00771	0.01157	0.01591	0.02121	0.04579	0.70262	0.05495	0.02603	0.01060	0.00337	0.00482	0.02362	0.00771	0.00675
35	0.03103	0.03959	0.02354	0.02140	0.02568	0.67469	0.01605	0.03317	0.02354	0.02033	0.01284	0.01498	0.01070	0.00856	0.00749	0.00214	0.01498	0.00535	0.00428	0.00963
36	0.08309	0.35406	0.19861	0.01691	0.02490	0.05276	0.01793	0.02798	0.05186	0.07979	0.01555	0.01678	0.01216	0.00793	0.00651	0.00221	0.00954	0.00554	0.00456	0.01134
37	0.01187	0.00890	0.01335	0.01335	0.01483	0.01038	0.01038	0.01483	0.01335	0.01928	0.02225	0.03264	0.02077	0.06231	0.67512	0.01335	0.02225	0.00890	0.00445	0.00742
38	0.01187	0.00890	0.01335	0.01335	0.01483	0.01038	0.01038	0.01483	0.01335	0.01928	0.02225	0.03264	0.02077	0.06231	0.67512	0.01335	0.02225	0.00890	0.00445	0.00742
39	0.01981	0.01171	0.01444	0.01333	0.01700	0.01132	0.01071	0.02644	0.12811	0.19260	0.12778	0.09004	0.15313	0.01665	0.00957	0.00295	0.00604	0.12955	0.00869	0.01015
40	0.01187	0.00890	0.01335	0.01335	0.01483	0.01038	0.01038	0.01483	0.01335	0.01928	0.02225	0.03264	0.02077	0.06231	0.67512	0.01335	0.02225	0.00890	0.00445	0.00742
41	0.01549	0.00774	0.00774	0.00774	0.00968	0.00774	0.00581	0.01936	0.01742	0.03097	0.02710	0.03097	0.02129	0.00968	0.00581	0.00194	0.00387	0.00774	0.75416	0.00774
42	0.01961	0.02241	0.04902	0.03501	0.04342	0.02101	0.62605	0.02661	0.01961	0.02661	0.01681	0.02241	0.01261	0.00700	0.00980	0.00280	0.01401	0.00980	0.00420	0.01120
43	0.02473	0.09693	0.08889	0.05763	0.17668	0.30833	0.01958	0.03032	0.07493	0.02374	0.01550	0.01811	0.01256	0.00831	0.00762	0.00232	0.01201	0.00627	0.00444	0.01111
44	0.01204	0.00823	0.00996	0.00996	0.01027	0.00854	0.00616	0.01266	0.01235	0.01677	0.02535	0.04981	0.02822	0.57268	0.17494	0.00916	0.01103	0.01141	0.00491	0.00553
45	0.02056	0.01974	0.03372	0.05099	0.65622	0.01974	0.02550	0.02550	0.01892	0.02714	0.01563	0.02056	0.01316	0.00740	0.00822	0.00247	0.00987	0.00740	0.00411	0.01316
46	0.02641	0.03102	0.02867	0.03365	0.27465	0.38820	0.04655	0.02986	0.02155	0.02329	0.01411	0.01750	0.01175	0.00804	0.00788	0.00230	0.01293	0.00635	0.00421	0.01109
47	0.01732	0.11875	0.41235	0.02337	0.09454	0.01966	0.02448	0.02550	0.04572	0.02680	0.09492	0.02347	0.01994	0.00903	0.00787	0.00251	0.01031	0.00731	0.00450	0.01165
48	0.01187	0.00890	0.01335	0.01335	0.01483	0.01038	0.01038	0.01483	0.01335	0.01928	0.02225	0.03264	0.02077	0.06231	0.67512	0.01335	0.02225	0.00890	0.00445	0.00742
49	0.02471	0.02761	0.02968	0.03926	0.40619	0.27945	0.02175	0.02854	0.02075	0.02444	0.01452	0.01835	0.01218	0.00786	0.00793	0.00234	0.01190	0.00659	0.00418	0.01176
50	0.02762	0.03255	0.02274	0.02166	0.05668	0.45978	0.01573	0.03583	0.19475	0.02468	0.01880	0.01971	0.01489	0.00925	0.00780	0.00234	0.01239	0.00658	0.00543	0.01079
51	0.02657	0.03170	0.02122	0.01942	0.02315	0.49105	0.01471	0.05477	0.02183	0.02148	0.01535	0.01933	0.01321	0.02120	0.16373	0.00478	0.01643	0.00627	0.00450	0.00931
52	0.01208	0.00805	0.00906	0.00906	0.00906	0.00805	0.00503	0.01208	0.01208	0.01611	0.02618	0.05436	0.03020	0.70804	0.04228	0.00805	0.00805	0.01208	0.00503	0.00503
53	0.03103	0.03959	0.02354	0.02140	0.02568	0.67469	0.01605	0.03317	0.02354	0.02033	0.01284	0.01498	0.01070	0.00856	0.00749	0.00214	0.01498	0.00535	0.00428	0.00963
54	0.02416	0.16211	0.26610	0.02051	0.02871	0.19619	0.02111	0.13582	0.02286	0.02815	0.01465	0.01652	0.01124	0.00830	0.00739	0.00232	0.01180	0.00586	0.00458	0.01161
55	0.02061	0.01179	0.01386	0.01194	0.01546	0.01123	0.00901	0.07910	0.05486	0.19951	0.09789	0.05007	0.19085	0.17693	0.01680	0.00392	0.00645	0.01216	0.00801	0.00956
56	0.01049	0.00810	0.00961	0.01019	0.01202	0.00722	0.00742	0.01284	0.01892	0.02443	0.18880	0.27959	0.30967	0.02190	0.01015	0.00300	0.00451	0.04602	0.00801	0.00713
57	0.02017	0.01918	0.03261	0.04904	0.62137	0.01918	0.02484	0.02504	0.01893	0.02702	0.01717	0.02455	0.01505	0.00825	0.00840	0.00254	0.00975	0.03974	0.00431	0.01286
58	0.01984	0.02820	0.18799	0.03088	0.07163	0.07809	0.34701	0.02647	0.01882	0.02544	0.01543	0.02015	0.01183	0.00803	0.01061	0.00276	0.07338	0.00820	0.00399	0.01124
59	0.02929	0.02213	0.02364	0.01865	0.02489	0.02469	0.01524	0.50602	0.16528	0.04867	0.02285	0.02226	0.01648	0.01024	0.00834	0.00256	0.00860	0.00788	0.00834	0.01392
60	0.01666	0.04297	0.66500	0.02368	0.03596	0.01929	0.03069	0.02631	0.01754	0.02631	0.01491	0.01754	0.01052	0.00789	0.00789	0.00263	0.01228	0.00614	0.00351	0.01228
61	0.01766	0.16310	0.55359	0.02198	0.03333	0.02173	0.02774	0.02605	0.01742	0.02510	0.01431	0.01678	0.01055	0.00775	0.00743	0.00248	0.01167	0.00583	0.00352	0.01199
62	0.01099	0.00879	0.01005	0.01068	0.01319	0.00785	0.00864	0.01366	0.01900	0.02324	0.07096	0.08447	0.45408	0.02167	0.01036	0.00314	0.00534	0.20899	0.00769	0.00722
63	0.01901	0.01815	0.03092	0.25393	0.46541	0.01933	0.02472	0.02414	0.01818	0.02526	0.01535	0.02107	0.01249	0.00769	0.00825	0.00256	0.01025	0.00740	0.00398	0.01191
64	0.02056	0.01974	0.03372	0.05099	0.65622	0.01974	0.02550	0.02550	0.01892	0.02714	0.01563	0.02056	0.01316	0.00740	0.00822	0.00247	0.00987	0.00740	0.00411	0.01316
65	0.01823	0.23221	0.48949	0.02101	0.03182	0.02313	0.02604	0.02590	0.01735	0.02440	0.01396	0.01635	0.01056	0.00767	0.00717	0.00239	0.01132	0.00566	0.00352	0.01182
66	0.01012	0.00723	0.00964	0.01157	0.01205	0.00675	0.00771	0.01157	0.01591	0.02121	0.04579	0.70262	0.05495	0.02603	0.01060	0.00337	0.00482	0.02362	0.00771	0.00675
67	0.02388	0.02029	0.03102	0.04194	0.48102	0.02078	0.02264	0.16553	0.02380	0.06249	0.01742	0.02078	0.01373	0.00813	0.00825	0.00248	0.00957	0.00746	0.00537	0.01343
68	0.02319	0.52375	0.03775	0.01698	0.05111	0.14959	0.01471	0.02583	0.01830	0.02018	0.01535	0.01707	0.04065	0.00804	0.00607	0.00192	0.00984	0.00536	0.00391	0.01042
69	0.01081	0.00772	0.01043	0.01235	0.01313	0.00734	0.00890	0.01275	0.01658	0.02197	0.04541	0.57498	0.05345	0.02538	0.01079	0.00347	0.00541	0.14450	0.00770	0.00694
70	0.01782	0.01822	0.03081	0.20983	0.03669	0.02247	0.16176	0.02188	0.01541	0.02188	0.01336	0.02027	0.01135	0.01105	0.01792	0.00320	0.34479	0.00789	0.00378	0.00962
71	0.01390	0.01156	0.01190	0.01099	0.01451	0.01130	0.00847	0.07807	0.13271	0.02758	0.06883	0.06528	0.47758	0.01820	0.00943	0.00278	0.00512	0.01509	0.00791	0.00881
72	0.01735	0.03816	0.52088	0.02633	0.03770	0.01969	0.16999	0.02638	0.01802	0.02638	0.01535	0.01868	0.01101	0.00768	0.00834	0.00267	0.01268	0.00700	0.00367	0.01203
73	0.01187	0.00890	0.01335	0.01335	0.01483	0.01038	0.01038	0.01483	0.01335	0.01928	0.02225	0.03264	0.02077	0.06231	0.67512	0.01335	0.02225	0.00890	0.00445	0.00742
74	0.01123	0.00889	0.01196	0.01249	0.01446	0.00817	0.03771	0.01372	0.01785	0.02273	0.05683	0.31991	0.25120	0.02274	0.01051	0.00326	0.00571	0.15586	0.00753	0.00726
75	0.02197	0.68359	0.07085	0.01463	0.02197	0.03227	0.01494	0.02494	0.01691	0.01984	0.01170	0.01351	0.01065	0.00714	0.00544	0.00181	0.00903	0.00452	0.00355	0.01073
76	0.02328	0.18475	0.02465	0.01651	0.02089	0.20310	0.01325	0.15003	0.02312	0.02710	0.02317	0.20650	0.02369	0.01336	0.00802	0.00247	0.00951	0.01065	0.00591	0.01001
77	0.02056	0.01974	0.03372	0.05099	0.65622	0.01974	0.02550	0.02550	0.01892	0.02714	0.01563	0.02056	0.01316	0.00740	0.00822	0.00247	0.00987	0.00740	0.00411	0.01316
78	0.00992	0.00803	0.00882	0.00945	0.01149	0.00693	0.00677	0.01181	0.01794	0.02204	0.07155	0.28451	0.45643	0.02268	0.01008	0.00299	0.00441	0.01953	0.00771	0.00693
79	0.01012	0.00723	0.00964	0.01157	0.01205	0.00675	0.00771	0.01157	0.01591	0.02121	0.04579	0.70262	0.05495	0.02603	0.01060	0.00337	0.00482	0.02362	0.00771	0.00675
80	0.01011	0.00729	0.00958	0.01141	0.01201	0.00676	0.00764	0.01158	0.01605	0.02127	0.04765	0.67236	0.08401	0.02578	0.01057	0.00335	0.00479	0.02332	0.00771	0.00676
81	0.19215	0.03668	0.51227	0.02069	0.03130	0.01914	0.02562	0.02587	0.01674	0.02887	0.01413	0.01659	0.01017	0.00785	0.00725	0.00262	0.01091	0.00575	0.00389	0.01151
82	0.02858	0.22652	0.02909	0.01941	0.02447	0.49655	0.01554	0.03087	0.02169	0.02011	0.01248	0.01452	0.01069	0.00816	0.00689	0.00204	0.01329	0.00510	0.00408	0.00992
83	0.02030	0.02048	0.03797	0.04656	0.48613	0.02009	0.19219	0.02581	0.01911	0.02699	0.01595	0.02107	0.01301	0.00729	0.00866	0.00256	0.01102	0.00807	0.00414	0.01262
84	0.01596	0.01504	0.02541	0.65268	0.09050	0.01853	0.02321	0.02146	0.01674	0.02155	0.01481	0.02206	0.01119	0.00826	0.00830	0.00275	0.01101	0.00738	0.00371	0.00945
85	0.02030	0.01947	0.03324	0.08574	0.62355	0.01967	0.02536	0.02526	0.01879	0.02682	0.01558	0.02065	0.01305	0.00745	0.00823	0.00248	0.00993	0.00740	0.00409	0.01294
86	0.01309	0.00994	0.01256	0.01349	0.01584	0.00982	0.01130	0.01827	0.07388	0.02598	0.10804	0.08229	0.18112	0.02096	0.01069	0.00340	0.00646	0.36700	0.00787	0.00801
87	0.01666	0.04297	0.66500	0.02368	0.03596	0.01929	0.03069	0.02631	0.01754	0.02631	0.01491	0.01754	0.01052	0.00789	0.00789	0.00263	0.01228	0.00614	0.00351	0.01228
88	0.01012	0.00723	0.00964	0.01157	0.01205	0.00675	0.00771	0.01157	0.01591	0.02121	0.04579	0.70262	0.05495	0.02603	0.01060	0.00337	0.00482	0.02362	0.00771	0.00675
89	0.02217	0.25814	0.25208	0.02114	0.05975	0.17484	0.02086	0.02822	0.04816	0.02317	0.01426	0.01637	0.01144	0.00792	0.00701	0.00224	0.01140	0.00562	0.00396	0.01123
90	0.32980	0.02270	0.01976	0.01776	0.05610	0.13832	0.01346	0.21934	0.02443	0.06402	0.01556	0.01681	0.01164	0.00867	0.00687	0.00246	0.00904	0.00592	0.00615	0.01118
91	0.01319	0.00950	0.01311	0.01492	0.01688	0.00942	0.01299	0.01692	0.01911	0.02473	0.04622	0.09294	0.08143	0.02284	0.01138	0.00377	0.00746	0.56793	0.00765	0.00761
92	0.01322	0.00926	0.01095	0.01121	0.01211	0.00930	0.00733	0.07544	0.01656	0.02211	0.03423	0.33837	0.03952	0.33351	0.02473	0.00540	0.00673	0.01672	0.00656	0.00673
93	0.02768	0.03408	0.02333	0.02103	0.02439	0.52197	0.01612	0.02981	0.02105	0.02021	0.01301	0.01652	0.01129	0.01257	0.04755	0.00302	0.13690	0.00589	0.00417	0.00941
94	0.01196	0.00807	0.00903	0.00903	0.00918	0.00800	0.00510	0.01207	0.01246	0.01645	0.02935	0.05576	0.06426	0.67047	0.04051	0.00777	0.00784	0.01238	0.00518	0.00514
95	0.01187	0.00890	0.01335	0.01335	0.01483	0.01038	0.01038	0.01483	0.01335	0.01928	0.02225	0.03264	0.02077	0.06231	0.67512	0.01335	0.02225	0.00890	0.00445	0.00742
96	0.02042	0.02012	0.03593	0.04869	0.56781	0.01992	0.11214	0.02566	0.01902	0.02706	0.01580	0.02083	0.01308	0.00734	0.00845	0.00252	0.01047	0.00775	0.00413	0.01288
97	0.01852	0.13028	0.40283	0.02993	0.20607	0.02132	0.02695	0.02588	0.01783	0.02559	0.01464	0.01779	0.01127	0.00765	0.00763	0.00247	0.01113	0.00625	0.00368	0.01230
98	0.02056	0.01974	0.03372	0.05099	0.65622	0.01974	0.02550	0.02550	0.01892	0.02714	0.01563	0.02056	0.01316	0.00740	0.00822	0.00247	0.00987	0.00740	0.00411	0.01316
99	0.01012	0.00723	0.00964	0.01157	0.01205	0.00675	0.00771	0.01157	0.01591	0.02121	0.04579	0.70262	0.05495	0.02603	0.01060	0.00337	0.00482	0.02362	0.00771	0.00675
100	0.01060	0.00800	0.01164	0.01276	0.01364	0.00747	0.03911	0.01233	0.01609	0.02148	0.04432	0.66808	0.05280	0.02506	0.01056	0.00334	0.00529	0.02292	0.00753	0.00697
101	0.02262	0.47373	0.15866	0.01721	0.02483	0.13665	0.01766	0.02652	0.01811	0.02096	0.01240	0.01440	0.01064	0.00750	0.00618	0.00200	0.01054	0.00492	0.00367	0.01080
102	0.01002	0.00842	0.00869	0.00863	0.01134	0.00710	0.00647	0.01231	0.01941	0.02356	0.14271	0.07810	0.59360	0.02062	0.00982	0.00279	0.00418	0.01727	0.00786	0.00710
103	0.02056	0.01974	0.03372	0.05099	0.65622	0.01974	0.02550	0.02550	0.01892	0.02714	0.01563	0.02056	0.01316	0.00740	0.00822	0.00247	0.00987	0.00740	0.00411	0.01316
104	0.02874	0.02576	0.02243	0.17126	0.03142	0.30793	0.01644	0.03304	0.05351	0.19936	0.01988	0.02112	0.01427	0.00912	0.00797	0.00244	0.01147	0.00685	0.00602	0.01097
105	0.01888	0.02024	0.03696	0.02826	0.03236	0.02328	0.31511	0.02323	0.01609	0.02323	0.01379	0.02024	0.01174	0.01086	0.01873	0.00323	0.36125	0.00851	0.00391	0.01012
106	0.01478	0.00739	0.00981	0.00981	0.01045	0.00739	0.00675	0.01363	0.01299	0.01986	0.01859	0.02713	0.01668	0.02256	0.02371	0.50982	0.00612	0.00739	0.25018	0.00497
107	0.05614	0.34193	0.16306	0.01490	0.02185	0.02279	0.01559	0.02321	0.04658	0.02370	0.05371	0.02969	0.13569	0.01055	0.00704	0.00227	0.00827	0.00795	0.00487	0.01022
108	0.02946	0.02982	0.02284	0.01963	0.02473	0.34120	0.01526	0.20083	0.14633	0.05904	0.01968	0.01999	0.01488	0.00954	0.00794	0.00239	0.01141	0.00684	0.00645	0.01174
109	0.02030	0.02048	0.03797	0.04656	0.48613	0.02009	0.19219	0.02581	0.01911	0.02699	0.01595	0.02107	0.01301	0.00729	0.00866	0.00256	0.01102	0.00807	0.00414	0.01262
110	0.02202	0.02123	0.01933	0.01751	0.02195	0.13677	0.01351	0.04056	0.49613	0.03132	0.02943	0.02823	0.02249	0.01362	0.04532	0.00328	0.00895	0.00864	0.00749	0.01220
111	0.01197	0.00801	0.00909	0.00920	0.00923	0.00798	0.00518	0.01205	0.01229	0.01639	0.02727	0.09038	0.03158	0.67015	0.04052	0.00779	0.00787	0.01272	0.00518	0.00513
112	0.01549	0.00774	0.00774	0.00774	0.00968	0.00774	0.00581	0.01936	0.01742	0.03097	0.02710	0.03097	0.02129	0.00968	0.00581	0.00194	0.00387	0.00774	0.75416	0.00774
113	0.02221	0.71304	0.04353	0.01421	0.02132	0.03287	0.01421	0.02488	0.01688	0.01955	0.01155	0.01333	0.01066	0.00711	0.00533	0.00178	0.00888	0.00444	0.00355	0.01066
114	0.01822	0.23083	0.49077	0.02102	0.03185	0.02310	0.02607	0.02591	0.01735	0.02441	0.01397	0.01636	0.01056	0.00767	0.00717	0.00239	0.01133	0.00566	0.00352	0.01182
115	0.03103	0.03959	0.02354	0.02140	0.02568	0.67469	0.01605	0.03317	0.02354	0.02033	0.01284	0.01498	0.01070	0.00856	0.00749	0.00214	0.01498	0.00535	0.00428	0.00963
116	0.01003	0.00758	0.00928	0.01063	0.01180	0.00683	0.00730	0.01167	0.01681	0.02157	0.05719	0.51765	0.23256	0.02455	0.01037	0.00320	0.00464	0.02181	0.00771	0.00683
117	0.02056	0.01974	0.03372	0.05099	0.65622	0.01974	0.02550	0.02550	0.01892	0.02714	0.01563	0.02056	0.01316	0.00740	0.00822	0.00247	0.00987	0.00740	0.00411	0.01316
118	0.03103	0.03959	0.02354	0.02140	0.02568	0.67469	0.01605	0.03317	0.02354	0.02033	0.01284	0.01498	0.01070	0.00856	0.00749	0.00214	0.01498	0.00535	0.00428	0.00963
119	0.00982	0.00842	0.00842	0.00842	0.01122	0.00701	0.00631	0.01192	0.01894	0.02244	0.08416	0.07995	0.65285	0.02104	0.00982	0.00281	0.00421	0.01753	0.00771	0.00701
120	0.01176	0.00849	0.01110	0.01045	0.01241	0.00784	0.00784	0.01568	0.02352	0.03331	0.65184	0.06206	0.07839	0.01698	0.00980	0.00261	0.00392	0.01502	0.00914	0.00784
121	0.01277	0.01022	0.01507	0.01455	0.01583	0.01253	0.01149	0.01557	0.01326	0.01939	0.02064	0.03058	0.01936	0.05551	0.58294	0.01197	0.11767	0.00867	0.00433	0.00765
122	0.02067	0.52706	0.21603	0.01684	0.02538	0.02910	0.01879	0.02527	0.01706	0.02142	0.01248	0.01450	0.01062	0.00733	0.00604	0.00201	0.00983	0.00491	0.00354	0.01111
123	0.00982	0.00842	0.00842	0.00842	0.01122	0.00701	0.00631	0.01192	0.01894	0.02244	0.08416	0.07995	0.65285	0.02104	0.00982	0.00281	0.00421	0.01753	0.00771	0.00701
124	0.01012	0.00723	0.00964	0.01157	0.01205	0.00675	0.00771	0.01157	0.01591	0.02121	0.04579	0.70262	0.05495	0.02603	0.01060	0.00337	0.00482	0.02362	0.00771	0.00675
125	0.15142	0.02764	0.10245	0.20473	0.03408	0.24046	0.01860	0.08004	0.02062	0.02707	0.01404	0.01747	0.01079	0.00838	0.00744	0.00248	0.01157	0.00605	0.00452	0.01014
126	0.01176	0.00849	0.01110	0.01045	0.01241	0.00784	0.00784	0.01568	0.02352	0.03331	0.65184	0.06206	0.07839	0.01698	0.00980	0.00261	0.00392	0.01502	0.00914	0.00784
127	0.00982	0.00842	0.00842	0.00842	0.01122	0.00701	0.00631	0.01192	0.01894	0.02244	0.08416	0.07995	0.65285	0.02104	0.00982	0.00281	0.00421	0.01753	0.00771	0.00701
128	0.02496	0.17373	0.02836	0.02003	0.02350	0.32686	0.01636	0.02710	0.01859	0.02006	0.01193	0.01568	0.01076	0.01022	0.01353	0.00256	0.23639	0.00579	0.00392	0.00967

[dist]
# distance from previous block
# <min> <max>
0	0

# created by:
# /home/cegg/simao/soft/augustus-3.2.1/scripts/msa2prfl.pl ./align_prep/13609.fa
