[name]
unknown

[dist]
# distance from previous block
# <min> <max>
0	6

[block]
# block no. 0 follows, 22 sequences, length 144
# corresponding to MSA columns:
# 6-149
name=unknown_A
#
# <colnr> <probs for GDERKNQSTAVLIFYWHMCP>
#	G	D	E	R	K	N	Q	S	T	A	V	L	I	F	Y	W	H	M	C	P
0	0.01482	0.01182	0.01567	0.01879	0.07526	0.04015	0.01460	0.01867	0.01930	0.02486	0.04004	0.08359	0.04303	0.02090	0.01100	0.00363	0.00818	0.52025	0.00718	0.00824
1	0.01273	0.01037	0.01306	0.01298	0.01396	0.03957	0.03303	0.01427	0.01465	0.01945	0.03147	0.29947	0.03576	0.23758	0.13493	0.00644	0.04225	0.01542	0.00585	0.00676
2	0.02000	0.01916	0.03270	0.12447	0.58713	0.01959	0.02522	0.02500	0.01865	0.02646	0.01553	0.02074	0.01292	0.00751	0.00823	0.00250	0.01001	0.00740	0.00406	0.01271
3	0.01350	0.01130	0.01649	0.01554	0.01664	0.01429	0.01240	0.01617	0.01319	0.01947	0.01931	0.02889	0.01821	0.04992	0.50720	0.01083	0.19607	0.00848	0.00424	0.00785
4	0.01045	0.00838	0.00897	0.00886	0.01115	0.00729	0.00641	0.01260	0.01885	0.02353	0.17599	0.07351	0.47191	0.10908	0.01401	0.00345	0.00465	0.01639	0.00762	0.00690
5	0.01055	0.00779	0.00914	0.01000	0.01102	0.00717	0.00660	0.01180	0.01577	0.02022	0.05164	0.35311	0.22014	0.20417	0.01872	0.00444	0.00550	0.01883	0.00701	0.00637
6	0.01156	0.00829	0.01127	0.01167	0.01250	0.00891	0.00820	0.01331	0.01351	0.01873	0.02841	0.18078	0.03085	0.25022	0.34304	0.00964	0.01427	0.01297	0.00532	0.00655
7	0.76672	0.01607	0.01221	0.01092	0.01607	0.01864	0.00900	0.02442	0.01414	0.03727	0.01157	0.01350	0.00900	0.00771	0.00514	0.00257	0.00643	0.00450	0.00514	0.00900
8	0.01156	0.00824	0.00958	0.01016	0.01217	0.00720	0.00727	0.01345	0.01791	0.05948	0.06449	0.34704	0.35632	0.02257	0.01007	0.00304	0.00464	0.01963	0.00786	0.00732
9	0.28148	0.02062	0.02037	0.01624	0.02231	0.02315	0.01338	0.40127	0.05280	0.04657	0.01760	0.01816	0.01280	0.00925	0.00724	0.00253	0.00812	0.00654	0.00724	0.01234
10	0.73187	0.01641	0.01281	0.01131	0.01653	0.01897	0.00932	0.05307	0.01532	0.03799	0.01196	0.01380	0.00924	0.00782	0.00529	0.00257	0.00656	0.00464	0.00529	0.00924
11	0.03068	0.01913	0.02177	0.01715	0.02306	0.02014	0.01397	0.40776	0.03253	0.20692	0.02613	0.09772	0.02032	0.01183	0.00858	0.00261	0.00813	0.00949	0.00876	0.01331
12	0.01095	0.00814	0.01032	0.01135	0.01287	0.00752	0.00845	0.01343	0.01857	0.02441	0.16780	0.33771	0.18753	0.02269	0.01044	0.00319	0.00503	0.12445	0.00797	0.00717
13	0.03158	0.02327	0.02493	0.01911	0.02576	0.02576	0.01579	0.62852	0.03906	0.05236	0.01995	0.01995	0.01413	0.00997	0.00831	0.00249	0.00914	0.00748	0.00831	0.01413
14	0.73214	0.01597	0.01255	0.01111	0.01631	0.01833	0.00915	0.02518	0.01459	0.06689	0.01257	0.01420	0.00955	0.00783	0.00529	0.00257	0.00646	0.00468	0.00538	0.00924
15	0.01443	0.00722	0.01082	0.01082	0.01082	0.00722	0.00722	0.01082	0.01082	0.01443	0.01443	0.02525	0.01443	0.02886	0.03247	0.75830	0.00722	0.00722	0.00361	0.00361
16	0.01192	0.00853	0.01070	0.01096	0.01238	0.00813	0.00809	0.01445	0.01863	0.02516	0.26715	0.10163	0.11139	0.20850	0.01910	0.00442	0.00591	0.13856	0.00749	0.00690
17	0.01037	0.00733	0.00957	0.01125	0.01167	0.00691	0.00737	0.01163	0.01542	0.02056	0.04330	0.62053	0.05181	0.11239	0.01462	0.00397	0.00523	0.02216	0.00737	0.00653
18	0.01569	0.01477	0.02492	0.68808	0.05722	0.01846	0.02307	0.02123	0.01661	0.02123	0.01477	0.02215	0.01107	0.00831	0.00831	0.00277	0.01107	0.00738	0.00369	0.00923
19	0.02221	0.71304	0.04353	0.01421	0.02132	0.03287	0.01421	0.02488	0.01688	0.01955	0.01155	0.01333	0.01066	0.00711	0.00533	0.00178	0.00888	0.00444	0.00355	0.01066
20	0.01252	0.00978	0.01157	0.01160	0.01375	0.00967	0.00849	0.01889	0.13154	0.02798	0.25669	0.25473	0.16221	0.01942	0.00980	0.00292	0.00472	0.01707	0.00833	0.00832
21	0.01092	0.00843	0.00979	0.00947	0.01169	0.00749	0.00700	0.01380	0.02081	0.02748	0.36346	0.06953	0.33018	0.05938	0.01172	0.00302	0.00429	0.01596	0.00827	0.00731
22	0.01198	0.00927	0.01071	0.01023	0.01249	0.00877	0.00752	0.01666	0.07714	0.02802	0.34231	0.06416	0.25423	0.09432	0.01328	0.00330	0.00471	0.01500	0.00816	0.00775
23	0.01598	0.01088	0.01661	0.01365	0.01674	0.01058	0.13677	0.02008	0.01729	0.02840	0.02482	0.03175	0.02044	0.08647	0.01069	0.00280	0.00648	0.00866	0.51272	0.00817
24	0.01280	0.00920	0.01155	0.01253	0.01377	0.00910	0.00886	0.08030	0.01851	0.02467	0.04192	0.55752	0.04883	0.05503	0.01185	0.00352	0.00563	0.05922	0.00765	0.00755
25	0.02220	0.01435	0.01672	0.01388	0.01822	0.01452	0.01106	0.20736	0.05636	0.14172	0.26571	0.04420	0.11045	0.01393	0.00905	0.00260	0.00618	0.01164	0.00889	0.01095
26	0.02849	0.02803	0.02676	0.02830	0.19174	0.25020	0.01844	0.26238	0.02835	0.03456	0.01633	0.01838	0.01268	0.00880	0.00800	0.00236	0.01137	0.00672	0.00580	0.01231
27	0.03056	0.03861	0.02333	0.02120	0.02550	0.64498	0.01592	0.03367	0.05160	0.02099	0.01379	0.01571	0.01137	0.00868	0.00753	0.00217	0.01460	0.00553	0.00447	0.00979
28	0.01016	0.00806	0.00913	0.00964	0.01163	0.00704	0.00693	0.01229	0.01860	0.02345	0.14492	0.26735	0.39739	0.02204	0.01005	0.00295	0.00436	0.01907	0.00790	0.00704
29	0.03065	0.07713	0.02525	0.02022	0.02543	0.42764	0.01585	0.22194	0.02805	0.03046	0.01502	0.01645	0.01179	0.00892	0.00761	0.00223	0.01274	0.00597	0.00552	0.01113
30	0.02363	0.01768	0.01948	0.01653	0.02105	0.01931	0.01299	0.36509	0.10980	0.04059	0.02961	0.22933	0.02801	0.01503	0.00903	0.00280	0.00749	0.01264	0.00815	0.01175
31	0.02265	0.05359	0.12971	0.01825	0.02495	0.02177	0.01664	0.18725	0.32486	0.03674	0.02518	0.02446	0.01872	0.00993	0.00807	0.00258	0.00826	0.00792	0.00719	0.05129
32	0.03103	0.03959	0.02354	0.02140	0.02568	0.67469	0.01605	0.03317	0.02354	0.02033	0.01284	0.01498	0.01070	0.00856	0.00749	0.00214	0.01498	0.00535	0.00428	0.00963
33	0.61260	0.01566	0.01370	0.01174	0.01715	0.01728	0.00968	0.02781	0.01617	0.16927	0.01605	0.01662	0.01144	0.00825	0.00582	0.00257	0.00656	0.00531	0.00623	0.01008
34	0.01140	0.00857	0.01083	0.01206	0.01388	0.00800	0.00957	0.01410	0.01841	0.02351	0.07985	0.24463	0.23483	0.02293	0.01068	0.00335	0.00573	0.25269	0.00774	0.00723
35	0.01012	0.00723	0.00964	0.01157	0.01205	0.00675	0.00771	0.01157	0.01591	0.02121	0.04579	0.70262	0.05495	0.02603	0.01060	0.00337	0.00482	0.02362	0.00771	0.00675
36	0.00996	0.00788	0.00897	0.00984	0.01159	0.00689	0.00694	0.01176	0.01757	0.02188	0.06683	0.36107	0.38291	0.02329	0.01017	0.00306	0.00448	0.02028	0.00771	0.00689
37	0.03103	0.03959	0.02354	0.02140	0.02568	0.67469	0.01605	0.03317	0.02354	0.02033	0.01284	0.01498	0.01070	0.00856	0.00749	0.00214	0.01498	0.00535	0.00428	0.00963
38	0.02056	0.01974	0.03372	0.05099	0.65622	0.01974	0.02550	0.02550	0.01892	0.02714	0.01563	0.02056	0.01316	0.00740	0.00822	0.00247	0.00987	0.00740	0.00411	0.01316
39	0.01208	0.00805	0.00906	0.00906	0.00906	0.00805	0.00503	0.01208	0.01208	0.01611	0.02618	0.05436	0.03020	0.70804	0.04228	0.00805	0.00805	0.01208	0.00503	0.00503
40	0.01050	0.00844	0.00936	0.00913	0.01164	0.00730	0.00685	0.01325	0.02055	0.02627	0.28419	0.07364	0.45042	0.01961	0.00981	0.00274	0.00411	0.01665	0.00822	0.00730
41	0.01838	0.01054	0.01084	0.00979	0.01257	0.01099	0.00760	0.12897	0.02132	0.03482	0.02581	0.02899	0.02000	0.00973	0.00626	0.00204	0.00482	0.00770	0.61995	0.00889
42	0.02872	0.02354	0.06220	0.02076	0.05862	0.02441	0.01683	0.48628	0.11454	0.04724	0.02122	0.02126	0.01532	0.00988	0.00830	0.00254	0.00903	0.00764	0.00783	0.01384
43	0.02056	0.01974	0.03372	0.05099	0.65622	0.01974	0.02550	0.02550	0.01892	0.02714	0.01563	0.02056	0.01316	0.00740	0.00822	0.00247	0.00987	0.00740	0.00411	0.01316
44	0.02188	0.67367	0.08005	0.01477	0.02218	0.03207	0.01518	0.02496	0.01692	0.01994	0.01175	0.01357	0.01065	0.00715	0.00548	0.00183	0.00908	0.00454	0.00355	0.01076
45	0.06524	0.58553	0.12198	0.01524	0.02290	0.03028	0.01604	0.02503	0.01680	0.02146	0.01198	0.01388	0.01055	0.00724	0.00565	0.00193	0.00918	0.00466	0.00364	0.01077
46	0.01207	0.00811	0.00934	0.00934	0.00943	0.00820	0.00538	0.01226	0.01216	0.01631	0.02592	0.05297	0.02960	0.66660	0.08290	0.00839	0.00897	0.01188	0.00500	0.00519
47	0.01548	0.01063	0.01377	0.01292	0.01511	0.01125	0.00976	0.09484	0.01928	0.05893	0.14234	0.12769	0.03613	0.11122	0.27353	0.00750	0.01251	0.01213	0.00661	0.00835
48	0.02174	0.02339	0.06402	0.04296	0.49040	0.10554	0.02354	0.02804	0.06946	0.02682	0.01669	0.02051	0.01368	0.00789	0.00813	0.00246	0.01040	0.00723	0.00445	0.01265
49	0.03124	0.03329	0.02408	0.02052	0.02571	0.42427	0.01595	0.26292	0.02953	0.03269	0.01558	0.01690	0.01202	0.00911	0.00781	0.00228	0.01273	0.00617	0.00584	0.01137
50	0.01434	0.01235	0.01274	0.01196	0.01555	0.01270	0.00916	0.02536	0.27837	0.02757	0.06317	0.05954	0.39124	0.01697	0.00925	0.00281	0.00519	0.01414	0.00802	0.00957
51	0.01238	0.00863	0.01036	0.01092	0.01158	0.00856	0.00703	0.05140	0.01567	0.02091	0.03530	0.36712	0.04119	0.33187	0.02471	0.00542	0.00655	0.01739	0.00655	0.00645
52	0.02758	0.03215	0.05652	0.02004	0.02516	0.39492	0.01618	0.13002	0.02414	0.02682	0.01422	0.01649	0.01148	0.00896	0.00914	0.00224	0.06951	0.00586	0.00494	0.10363
53	0.01695	0.18009	0.44887	0.01971	0.02967	0.02058	0.02406	0.02415	0.01758	0.02438	0.02314	0.02471	0.09353	0.00943	0.00760	0.00247	0.01052	0.00725	0.00406	0.01126
54	0.01053	0.00759	0.01007	0.01190	0.01268	0.00712	0.00838	0.01231	0.01646	0.02174	0.04737	0.59443	0.08237	0.02539	0.01068	0.00341	0.00516	0.09783	0.00770	0.00688
55	0.02002	0.01919	0.03274	0.12156	0.58987	0.01960	0.02523	0.02502	0.01866	0.02649	0.01553	0.02074	0.01293	0.00750	0.00823	0.00250	0.01000	0.00740	0.00407	0.01272
56	0.01300	0.01006	0.01405	0.01381	0.01571	0.01171	0.01074	0.01862	0.09446	0.02128	0.02375	0.03242	0.02136	0.05571	0.58900	0.01199	0.02023	0.00896	0.00497	0.00816
57	0.01550	0.00811	0.00864	0.04313	0.01215	0.00830	0.00671	0.01945	0.01738	0.03046	0.02646	0.03051	0.02076	0.00961	0.00594	0.00198	0.00425	0.00772	0.71513	0.00782
58	0.01208	0.00805	0.00906	0.00906	0.00906	0.00805	0.00503	0.01208	0.01208	0.01611	0.02618	0.05436	0.03020	0.70804	0.04228	0.00805	0.00805	0.01208	0.00503	0.00503
59	0.02221	0.71304	0.04353	0.01421	0.02132	0.03287	0.01421	0.02488	0.01688	0.01955	0.01155	0.01333	0.01066	0.00711	0.00533	0.00178	0.00888	0.00444	0.00355	0.01066
60	0.02405	0.01921	0.02285	0.01693	0.02403	0.01854	0.05216	0.30368	0.02753	0.03879	0.01730	0.01882	0.01317	0.00798	0.00739	0.00192	0.00805	0.00642	0.00645	0.36473
61	0.01007	0.00744	0.00942	0.01100	0.01190	0.00680	0.00746	0.01163	0.01645	0.02143	0.05269	0.59058	0.16253	0.02513	0.01046	0.00327	0.00471	0.02252	0.00771	0.00680
62	0.01666	0.04297	0.66500	0.02368	0.03596	0.01929	0.03069	0.02631	0.01754	0.02631	0.01491	0.01754	0.01052	0.00789	0.00789	0.00263	0.01228	0.00614	0.00351	0.01228
63	0.01066	0.00777	0.01011	0.01184	0.01254	0.00746	0.00799	0.01323	0.04789	0.02190	0.04517	0.66827	0.05343	0.02527	0.01049	0.00335	0.00491	0.02289	0.00775	0.00708
64	0.02064	0.01932	0.03202	0.13125	0.53837	0.01996	0.02456	0.06365	0.01991	0.02799	0.01579	0.02073	0.01295	0.00768	0.00824	0.00251	0.00998	0.00740	0.00433	0.01271
65	0.02281	0.02351	0.02826	0.03643	0.37988	0.16611	0.02030	0.05121	0.02050	0.02663	0.01503	0.01871	0.01250	0.00756	0.00771	0.00218	0.01036	0.00652	0.00446	0.13934
66	0.76672	0.01607	0.01221	0.01092	0.01607	0.01864	0.00900	0.02442	0.01414	0.03727	0.01157	0.01350	0.00900	0.00771	0.00514	0.00257	0.00643	0.00450	0.00514	0.00900
67	0.01208	0.00805	0.00906	0.00906	0.00906	0.00805	0.00503	0.01208	0.01208	0.01611	0.02618	0.05436	0.03020	0.70804	0.04228	0.00805	0.00805	0.01208	0.00503	0.00503
68	0.03106	0.03876	0.02361	0.02128	0.02569	0.64150	0.01604	0.06363	0.02434	0.02197	0.01320	0.01524	0.01088	0.00863	0.00753	0.00216	0.01468	0.00546	0.00449	0.00986
69	0.02878	0.18118	0.02843	0.02078	0.05065	0.42624	0.01601	0.10799	0.02393	0.02458	0.01360	0.01550	0.01124	0.00838	0.00716	0.00212	0.01271	0.00551	0.00464	0.01058
70	0.01187	0.00890	0.01335	0.01335	0.01483	0.01038	0.01038	0.01483	0.01335	0.01928	0.02225	0.03264	0.02077	0.06231	0.67512	0.01335	0.02225	0.00890	0.00445	0.00742
71	0.02545	0.03030	0.02437	0.02158	0.02400	0.39304	0.01697	0.02746	0.01885	0.02018	0.01200	0.01637	0.01079	0.01115	0.01607	0.00279	0.30905	0.00618	0.00400	0.00940
72	0.00997	0.00835	0.00867	0.00875	0.01135	0.00705	0.00650	0.01215	0.01904	0.02308	0.11904	0.11828	0.57715	0.02109	0.00987	0.00283	0.00423	0.01775	0.00781	0.00705
73	0.01187	0.00890	0.01335	0.01335	0.01483	0.01038	0.01038	0.01483	0.01335	0.01928	0.02225	0.03264	0.02077	0.06231	0.67512	0.01335	0.02225	0.00890	0.00445	0.00742
74	0.01462	0.01171	0.01298	0.01269	0.01547	0.01208	0.00941	0.07347	0.18087	0.02777	0.05160	0.28848	0.21756	0.01936	0.00962	0.00299	0.00547	0.01677	0.00796	0.00912
75	0.02035	0.01952	0.03334	0.07877	0.63011	0.01968	0.02539	0.02531	0.01882	0.02688	0.01559	0.02063	0.01307	0.00744	0.00823	0.00248	0.00992	0.00740	0.00409	0.01299
76	0.01666	0.04297	0.66500	0.02368	0.03596	0.01929	0.03069	0.02631	0.01754	0.02631	0.01491	0.01754	0.01052	0.00789	0.00789	0.00263	0.01228	0.00614	0.00351	0.01228
77	0.02850	0.18061	0.02842	0.02178	0.06523	0.49704	0.01627	0.03093	0.02184	0.02060	0.01275	0.01499	0.01085	0.00818	0.00708	0.00208	0.01336	0.00529	0.00412	0.01007
78	0.02269	0.33196	0.23445	0.01901	0.02704	0.19041	0.01987	0.02742	0.01877	0.02188	0.01293	0.01507	0.01063	0.00772	0.00668	0.00214	0.01149	0.00521	0.00372	0.01091
79	0.01408	0.01226	0.01640	0.01553	0.01682	0.04325	0.01231	0.01676	0.01367	0.01948	0.01940	0.02875	0.01820	0.04966	0.50632	0.01077	0.16583	0.00839	0.00427	0.00787
80	0.01191	0.00798	0.00911	0.00928	0.00932	0.00794	0.00527	0.01204	0.01242	0.01655	0.02789	0.11111	0.03237	0.64835	0.03951	0.00764	0.00777	0.01309	0.00527	0.00518
81	0.01127	0.00819	0.01064	0.01080	0.01242	0.00757	0.00792	0.01443	0.02108	0.02918	0.43653	0.23294	0.10484	0.01982	0.01007	0.00287	0.00431	0.03898	0.00863	0.00750
82	0.01666	0.04297	0.66500	0.02368	0.03596	0.01929	0.03069	0.02631	0.01754	0.02631	0.01491	0.01754	0.01052	0.00789	0.00789	0.00263	0.01228	0.00614	0.00351	0.01228
83	0.02066	0.01785	0.01878	0.01691	0.02160	0.02066	0.01315	0.04414	0.64121	0.03475	0.03381	0.03099	0.02536	0.01127	0.00845	0.00282	0.00657	0.00939	0.00845	0.01315
84	0.01012	0.00723	0.00964	0.01157	0.01205	0.00675	0.00771	0.01157	0.01591	0.02121	0.04579	0.70262	0.05495	0.02603	0.01060	0.00337	0.00482	0.02362	0.00771	0.00675
85	0.01187	0.00890	0.01335	0.01335	0.01483	0.01038	0.01038	0.01483	0.01335	0.01928	0.02225	0.03264	0.02077	0.06231	0.67512	0.01335	0.02225	0.00890	0.00445	0.00742
86	0.01140	0.00881	0.01066	0.01145	0.01371	0.00807	0.00929	0.01430	0.01926	0.02428	0.11617	0.11562	0.33527	0.02169	0.01050	0.00322	0.00556	0.24562	0.00781	0.00732
87	0.01666	0.04297	0.66500	0.02368	0.03596	0.01929	0.03069	0.02631	0.01754	0.02631	0.01491	0.01754	0.01052	0.00789	0.00789	0.00263	0.01228	0.00614	0.00351	0.01228
88	0.02479	0.02661	0.02974	0.03900	0.40386	0.23921	0.02170	0.06771	0.02179	0.02652	0.01498	0.01865	0.01240	0.00796	0.00798	0.00236	0.01153	0.00672	0.00444	0.01204
89	0.01443	0.00722	0.01082	0.01082	0.01082	0.00722	0.00722	0.01082	0.01082	0.01443	0.01443	0.02525	0.01443	0.02886	0.03247	0.75830	0.00722	0.00722	0.00361	0.00361
90	0.02933	0.03056	0.02175	0.01934	0.02403	0.41762	0.01478	0.03695	0.17764	0.11492	0.02090	0.02086	0.01576	0.00948	0.00785	0.00237	0.01176	0.00678	0.00617	0.01115
91	0.02954	0.15808	0.02737	0.01973	0.02491	0.45211	0.01568	0.12993	0.02490	0.02548	0.01378	0.01550	0.01126	0.00853	0.00724	0.00213	0.01292	0.00554	0.00481	0.01056
92	0.01368	0.01108	0.01257	0.01229	0.01524	0.01118	0.00968	0.02202	0.18123	0.02837	0.18383	0.06596	0.25995	0.01799	0.00976	0.00295	0.00538	0.11976	0.00820	0.00889
93	0.02258	0.02446	0.02866	0.07725	0.31381	0.19783	0.02124	0.02614	0.01871	0.02342	0.01382	0.01865	0.01189	0.00928	0.01205	0.00264	0.15563	0.00682	0.00403	0.01110
94	0.02711	0.07197	0.02681	0.06847	0.14071	0.40534	0.01817	0.06909	0.02241	0.02366	0.01377	0.01681	0.01140	0.00862	0.00850	0.00231	0.04386	0.00602	0.00441	0.01057
95	0.01318	0.00941	0.01315	0.01506	0.01688	0.00938	0.01302	0.01685	0.01892	0.02463	0.04410	0.13279	0.04827	0.02315	0.01142	0.00380	0.00747	0.56329	0.00765	0.00759
96	0.02899	0.03517	0.02308	0.02075	0.02473	0.54817	0.01580	0.06934	0.02318	0.02230	0.01379	0.01666	0.01160	0.01256	0.05269	0.00299	0.05809	0.00584	0.00451	0.00974
97	0.01691	0.07341	0.63677	0.02325	0.03529	0.01991	0.02995	0.02624	0.01751	0.02600	0.01476	0.01735	0.01053	0.00786	0.00778	0.00259	0.01212	0.00606	0.00351	0.01220
98	0.01448	0.01286	0.01718	0.01607	0.01726	0.04422	0.01281	0.01709	0.01363	0.01953	0.01867	0.02782	0.01757	0.04659	0.46473	0.01014	0.20887	0.00829	0.00422	0.00798
99	0.01069	0.00833	0.00983	0.01067	0.01266	0.00748	0.00812	0.01305	0.01842	0.02316	0.09597	0.24308	0.35099	0.02249	0.01034	0.00314	0.00502	0.13167	0.00778	0.00711
100	0.01826	0.01898	0.01844	0.01716	0.01911	0.19269	0.01342	0.02078	0.01598	0.01970	0.01752	0.02507	0.01614	0.03856	0.36955	0.00844	0.14996	0.00763	0.00425	0.00834
101	0.03158	0.02327	0.02493	0.01911	0.02576	0.02576	0.01579	0.62852	0.03906	0.05236	0.01995	0.01995	0.01413	0.00997	0.00831	0.00249	0.00914	0.00748	0.00831	0.01413
102	0.01822	0.18189	0.45411	0.02314	0.03383	0.02238	0.10412	0.02605	0.01767	0.02492	0.01444	0.01728	0.01082	0.00761	0.00760	0.00247	0.01178	0.00625	0.00361	0.01180
103	0.01977	0.18455	0.37945	0.02233	0.07035	0.02271	0.02398	0.10031	0.01997	0.02780	0.01517	0.01778	0.01163	0.01037	0.03717	0.00289	0.01143	0.00614	0.00420	0.01199
104	0.02773	0.02984	0.02207	0.01936	0.02375	0.38695	0.01496	0.18419	0.02573	0.02844	0.01638	0.01944	0.01340	0.01860	0.12784	0.00425	0.01478	0.00654	0.00536	0.01040
105	0.02056	0.01974	0.03372	0.05099	0.65622	0.01974	0.02550	0.02550	0.01892	0.02714	0.01563	0.02056	0.01316	0.00740	0.00822	0.00247	0.00987	0.00740	0.00411	0.01316
106	0.01946	0.02077	0.07446	0.04161	0.42353	0.01914	0.13194	0.02602	0.05824	0.02708	0.01893	0.06620	0.01641	0.00883	0.00866	0.00262	0.01023	0.00895	0.00460	0.01233
107	0.02466	0.02731	0.02686	0.03320	0.29990	0.29130	0.01941	0.05222	0.04939	0.02534	0.01985	0.02250	0.05378	0.00903	0.00804	0.00237	0.01145	0.00729	0.00477	0.01134
108	0.01054	0.00753	0.01012	0.01205	0.01272	0.00711	0.00844	0.01230	0.01632	0.02168	0.04555	0.62396	0.05402	0.02563	0.01072	0.00343	0.00519	0.09812	0.00770	0.00686
109	0.01840	0.01861	0.02487	0.02144	0.02167	0.04958	0.01777	0.02028	0.01316	0.01998	0.01145	0.01865	0.01131	0.01630	0.05344	0.00398	0.63911	0.00726	0.00369	0.00904
110	0.01568	0.16024	0.02117	0.01460	0.01735	0.05827	0.01207	0.01846	0.01470	0.01945	0.01865	0.02649	0.01735	0.04409	0.44865	0.00956	0.06305	0.00763	0.00420	0.00835
111	0.01034	0.00738	0.00989	0.01181	0.01239	0.00693	0.00808	0.01194	0.01612	0.02145	0.04567	0.66259	0.05448	0.02582	0.01066	0.00340	0.00501	0.06153	0.00771	0.00681
112	0.02050	0.01991	0.03470	0.04997	0.61689	0.01982	0.06404	0.02557	0.01896	0.02711	0.01570	0.02068	0.01312	0.00738	0.00833	0.00249	0.01013	0.00756	0.00412	0.01303
113	0.02700	0.03270	0.05965	0.03081	0.22651	0.40309	0.01979	0.05792	0.02248	0.02428	0.01416	0.01711	0.01163	0.00822	0.00778	0.00229	0.01295	0.00614	0.00437	0.01109
114	0.01624	0.01501	0.01811	0.02236	0.15190	0.09399	0.01467	0.01957	0.01851	0.02345	0.03488	0.12687	0.08382	0.02314	0.09579	0.00442	0.01032	0.21199	0.00608	0.00888
115	0.03103	0.03959	0.02354	0.02140	0.02568	0.67469	0.01605	0.03317	0.02354	0.02033	0.01284	0.01498	0.01070	0.00856	0.00749	0.00214	0.01498	0.00535	0.00428	0.00963
116	0.00982	0.00842	0.00842	0.00842	0.01122	0.00701	0.00631	0.01192	0.01894	0.02244	0.08416	0.07995	0.65285	0.02104	0.00982	0.00281	0.00421	0.01753	0.00771	0.00701
117	0.01196	0.00849	0.01026	0.01053	0.01065	0.00883	0.00657	0.01246	0.01311	0.01768	0.03028	0.22007	0.03538	0.48675	0.03311	0.00656	0.05117	0.01476	0.00564	0.00574
118	0.01208	0.00805	0.00906	0.00906	0.00906	0.00805	0.00503	0.01208	0.01208	0.01611	0.02618	0.05436	0.03020	0.70804	0.04228	0.00805	0.00805	0.01208	0.00503	0.00503
119	0.03063	0.02236	0.02392	0.01845	0.02482	0.02470	0.01520	0.59273	0.03779	0.05110	0.02037	0.02059	0.01455	0.00996	0.00816	0.00246	0.00883	0.00749	0.05213	0.01375
120	0.01723	0.01477	0.01723	0.01230	0.01969	0.01107	0.00984	0.02092	0.01723	0.02707	0.01477	0.01723	0.01230	0.00615	0.00615	0.00123	0.00615	0.00492	0.00492	0.75883
121	0.02927	0.02212	0.02363	0.01865	0.02488	0.02469	0.01523	0.50505	0.16629	0.04864	0.02288	0.02228	0.01650	0.01025	0.00834	0.00256	0.00860	0.00788	0.00834	0.01392
122	0.01012	0.00723	0.00964	0.01157	0.01205	0.00675	0.00771	0.01157	0.01591	0.02121	0.04579	0.70262	0.05495	0.02603	0.01060	0.00337	0.00482	0.02362	0.00771	0.00675
123	0.01207	0.00809	0.00926	0.00926	0.00933	0.00816	0.00528	0.01221	0.01214	0.01625	0.02599	0.05336	0.02977	0.67817	0.07156	0.00830	0.00871	0.01193	0.00501	0.00514
124	0.01176	0.00849	0.01110	0.01045	0.01241	0.00784	0.00784	0.01568	0.02352	0.03331	0.65184	0.06206	0.07839	0.01698	0.00980	0.00261	0.00392	0.01502	0.00914	0.00784
125	0.01012	0.00723	0.00964	0.01157	0.01205	0.00675	0.00771	0.01157	0.01591	0.02121	0.04579	0.70262	0.05495	0.02603	0.01060	0.00337	0.00482	0.02362	0.00771	0.00675
126	0.01054	0.00753	0.01012	0.01205	0.01272	0.00711	0.00844	0.01230	0.01632	0.02168	0.04555	0.62396	0.05402	0.02563	0.01072	0.00343	0.00519	0.09812	0.00770	0.00686
127	0.01972	0.01888	0.03221	0.16036	0.55339	0.01952	0.02508	0.02476	0.01852	0.02612	0.01548	0.02083	0.01280	0.00756	0.00824	0.00252	0.01008	0.00740	0.00404	0.01248
128	0.01890	0.01988	0.03528	0.23752	0.14728	0.04900	0.24502	0.02431	0.01797	0.02403	0.01515	0.02123	0.01195	0.00838	0.01091	0.00280	0.08764	0.00818	0.00397	0.01062
129	0.01187	0.00890	0.01335	0.01335	0.01483	0.01038	0.01038	0.01483	0.01335	0.01928	0.02225	0.03264	0.02077	0.06231	0.67512	0.01335	0.02225	0.00890	0.00445	0.00742
130	0.02611	0.14551	0.02543	0.05043	0.02443	0.09660	0.01394	0.18968	0.02461	0.11348	0.01769	0.01868	0.01332	0.00828	0.00714	0.00203	0.00885	0.00615	0.00615	0.20149
131	0.76672	0.01607	0.01221	0.01092	0.01607	0.01864	0.00900	0.02442	0.01414	0.03727	0.01157	0.01350	0.00900	0.00771	0.00514	0.00257	0.00643	0.00450	0.00514	0.00900
132	0.02133	0.01945	0.02087	0.13431	0.02711	0.12103	0.01538	0.17378	0.02243	0.02892	0.02162	0.02595	0.05516	0.02017	0.13060	0.00458	0.10052	0.00802	0.03881	0.00997
133	0.05154	0.35208	0.03078	0.01522	0.02059	0.02540	0.01362	0.14993	0.02049	0.02715	0.01573	0.01931	0.01363	0.02058	0.15909	0.00466	0.03862	0.00621	0.00483	0.01053
134	0.01892	0.01580	0.01656	0.01472	0.01912	0.01735	0.01150	0.11027	0.38252	0.03345	0.04666	0.04380	0.20633	0.01394	0.00883	0.00277	0.00622	0.01151	0.00822	0.01149
135	0.01723	0.01477	0.01723	0.01230	0.01969	0.01107	0.00984	0.02092	0.01723	0.02707	0.01477	0.01723	0.01230	0.00615	0.00615	0.00123	0.00615	0.00492	0.00492	0.75883
136	0.02523	0.02462	0.16953	0.01866	0.02647	0.05180	0.04538	0.14354	0.07943	0.16821	0.02135	0.02154	0.01512	0.00878	0.00788	0.00234	0.00918	0.00707	0.00664	0.14725
137	0.01191	0.00875	0.01258	0.01258	0.01380	0.00996	0.00942	0.01434	0.01312	0.01871	0.02296	0.03655	0.02247	0.17850	0.56125	0.01240	0.01970	0.00947	0.00456	0.00699
138	0.01012	0.00723	0.00964	0.01157	0.01205	0.00675	0.00771	0.01157	0.01591	0.02121	0.04579	0.70262	0.05495	0.02603	0.01060	0.00337	0.00482	0.02362	0.00771	0.00675
139	0.01967	0.01883	0.03212	0.16712	0.54703	0.01950	0.02505	0.02472	0.01850	0.02606	0.01547	0.02085	0.01278	0.00757	0.00824	0.00252	0.01009	0.00740	0.00404	0.01244
140	0.12235	0.02158	0.02355	0.06411	0.17127	0.12173	0.01674	0.15681	0.05275	0.11138	0.04494	0.02190	0.01651	0.00916	0.00783	0.00249	0.00939	0.00725	0.00631	0.01194
141	0.01137	0.00839	0.01129	0.01158	0.01282	0.00882	0.00840	0.01355	0.01490	0.02041	0.07777	0.15931	0.10187	0.15661	0.33446	0.00883	0.01359	0.01335	0.00580	0.00689
142	0.01911	0.01313	0.01973	0.04724	0.02132	0.01307	0.11125	0.02440	0.09745	0.13739	0.02809	0.07138	0.02609	0.27779	0.02183	0.00485	0.00864	0.04159	0.00648	0.00915
143	0.02125	0.17447	0.26398	0.01854	0.02719	0.02211	0.01984	0.17166	0.02254	0.03111	0.01681	0.04832	0.01368	0.00883	0.00735	0.00227	0.00966	0.00674	0.00506	0.10858

[dist]
# distance from previous block
# <min> <max>
0	1

# created by:
# /home/cegg/simao/soft/augustus-3.2.1/scripts/msa2prfl.pl ./align_prep/13641.fa
