[name]
unknown

[dist]
# distance from previous block
# <min> <max>
0	0

[block]
# block no. 0 follows, 20 sequences, length 90
# corresponding to MSA columns:
# 0-89
name=unknown_A
#
# <colnr> <probs for GDERKNQSTAVLIFYWHMCP>
#	G	D	E	R	K	N	Q	S	T	A	V	L	I	F	Y	W	H	M	C	P
0	0.01406	0.01004	0.01406	0.01606	0.01807	0.01004	0.01406	0.01807	0.02008	0.02610	0.04618	0.09839	0.05020	0.02410	0.01205	0.00402	0.00803	0.58032	0.00803	0.00803
1	0.02956	0.02825	0.02511	0.02229	0.06128	0.22358	0.01675	0.27147	0.10692	0.03782	0.01953	0.02062	0.01492	0.01008	0.00931	0.00254	0.04237	0.00728	0.00678	0.04352
2	0.02056	0.01366	0.01719	0.01415	0.01901	0.01246	0.03461	0.09086	0.02131	0.10961	0.02783	0.16019	0.02540	0.01512	0.03807	0.00286	0.00738	0.01085	0.12978	0.22909
3	0.07680	0.11830	0.02490	0.01934	0.02361	0.39973	0.01519	0.02928	0.02088	0.02226	0.01479	0.01865	0.01289	0.01847	0.11766	0.00427	0.04258	0.00614	0.00446	0.00979
4	0.14845	0.02137	0.01890	0.01651	0.02144	0.11859	0.01297	0.14029	0.21908	0.03666	0.07150	0.03193	0.08259	0.01192	0.00834	0.00273	0.00831	0.00920	0.00755	0.01167
5	0.01534	0.00966	0.01215	0.01109	0.01395	0.00863	0.00847	0.01895	0.02369	0.11073	0.43932	0.06468	0.19425	0.01785	0.01010	0.00278	0.00460	0.01545	0.00943	0.00889
6	0.02159	0.02073	0.03541	0.05354	0.63903	0.02073	0.02677	0.02677	0.01986	0.02850	0.01641	0.02159	0.01382	0.00777	0.00864	0.00259	0.01036	0.00777	0.00432	0.01382
7	0.01647	0.01550	0.02616	0.67248	0.06008	0.01938	0.02422	0.02229	0.01744	0.02229	0.01550	0.02326	0.01163	0.00872	0.00872	0.00291	0.01163	0.00775	0.00388	0.00969
8	0.02170	0.01874	0.01972	0.01775	0.02268	0.02170	0.01381	0.04635	0.62327	0.03649	0.03550	0.03254	0.02663	0.01183	0.00888	0.00296	0.00690	0.00986	0.00888	0.01381
9	0.01246	0.00935	0.01402	0.01402	0.01558	0.01090	0.01090	0.01558	0.01402	0.02025	0.02336	0.03427	0.02181	0.06542	0.65888	0.01402	0.02336	0.00935	0.00467	0.00779
10	0.01802	0.04199	0.56968	0.02854	0.11484	0.02032	0.03153	0.02751	0.01860	0.02774	0.01575	0.01882	0.01140	0.00822	0.00833	0.00274	0.01257	0.00662	0.00376	0.01301
11	0.01626	0.00813	0.00813	0.00813	0.01016	0.00813	0.00610	0.02033	0.01829	0.03252	0.02846	0.03252	0.02236	0.01016	0.00610	0.00203	0.00407	0.00813	0.74187	0.00813
12	0.01063	0.00759	0.01012	0.01215	0.01265	0.00709	0.00810	0.01215	0.01670	0.02227	0.04808	0.68775	0.05769	0.02733	0.01113	0.00354	0.00506	0.02480	0.00810	0.00709
13	0.01246	0.00935	0.01402	0.01402	0.01558	0.01090	0.01090	0.01558	0.01402	0.02025	0.02336	0.03427	0.02181	0.06542	0.65888	0.01402	0.02336	0.00935	0.00467	0.00779
14	0.02170	0.01874	0.01972	0.01775	0.02268	0.02170	0.01381	0.04635	0.62327	0.03649	0.03550	0.03254	0.02663	0.01183	0.00888	0.00296	0.00690	0.00986	0.00888	0.01381
15	0.01908	0.01908	0.02672	0.02290	0.02290	0.02672	0.01908	0.02099	0.01336	0.02099	0.01145	0.01908	0.01145	0.01527	0.02863	0.00382	0.67748	0.00763	0.00382	0.00954
16	0.02059	0.02353	0.05147	0.03676	0.04559	0.02206	0.60735	0.02794	0.02059	0.02794	0.01765	0.02353	0.01324	0.00735	0.01029	0.00294	0.01471	0.01029	0.00441	0.01176
17	0.02159	0.02073	0.03541	0.05354	0.63903	0.02073	0.02677	0.02677	0.01986	0.02850	0.01641	0.02159	0.01382	0.00777	0.00864	0.00259	0.01036	0.00777	0.00432	0.01382
18	0.01504	0.01279	0.01344	0.01259	0.01624	0.01316	0.00964	0.02637	0.26090	0.02976	0.11722	0.06173	0.34215	0.01761	0.00974	0.00293	0.00538	0.01476	0.00855	0.01001
19	0.02059	0.02353	0.05147	0.03676	0.04559	0.02206	0.60735	0.02794	0.02059	0.02794	0.01765	0.02353	0.01324	0.00735	0.01029	0.00294	0.01471	0.01029	0.00441	0.01176
20	0.02159	0.02073	0.03541	0.05354	0.63903	0.02073	0.02677	0.02677	0.01986	0.02850	0.01641	0.02159	0.01382	0.00777	0.00864	0.00259	0.01036	0.00777	0.00432	0.01382
21	0.03279	0.03554	0.02523	0.02163	0.02700	0.43610	0.01676	0.23734	0.03046	0.03319	0.01611	0.01757	0.01250	0.00951	0.00817	0.00238	0.01357	0.00641	0.00598	0.01178
22	0.02159	0.02073	0.03541	0.05354	0.63903	0.02073	0.02677	0.02677	0.01986	0.02850	0.01641	0.02159	0.01382	0.00777	0.00864	0.00259	0.01036	0.00777	0.00432	0.01382
23	0.02159	0.02073	0.03541	0.05354	0.63903	0.02073	0.02677	0.02677	0.01986	0.02850	0.01641	0.02159	0.01382	0.00777	0.00864	0.00259	0.01036	0.00777	0.00432	0.01382
24	0.01515	0.00758	0.01136	0.01136	0.01136	0.00758	0.00758	0.01136	0.01136	0.01515	0.01515	0.02652	0.01515	0.03030	0.03409	0.74621	0.00758	0.00758	0.00379	0.00379
25	0.02098	0.02243	0.04519	0.04332	0.27743	0.02154	0.38053	0.02748	0.02030	0.02816	0.01716	0.02277	0.01346	0.00752	0.00965	0.00280	0.01301	0.00931	0.00438	0.01257
26	0.01913	0.22887	0.47885	0.02207	0.03343	0.02427	0.02736	0.02720	0.01822	0.02563	0.01466	0.01717	0.01109	0.00806	0.00753	0.00251	0.01189	0.00594	0.00370	0.01241
27	0.75506	0.01687	0.01282	0.01147	0.01687	0.01957	0.00945	0.02564	0.01484	0.03914	0.01215	0.01417	0.00945	0.00810	0.00540	0.00270	0.00675	0.00472	0.00540	0.00945
28	0.01284	0.00963	0.01364	0.01345	0.01459	0.01114	0.01006	0.01520	0.01369	0.01954	0.02369	0.03861	0.02350	0.20306	0.49050	0.01227	0.05249	0.01001	0.00477	0.00732
29	0.01626	0.00813	0.00813	0.00813	0.01016	0.00813	0.00610	0.02033	0.01829	0.03252	0.02846	0.03252	0.02236	0.01016	0.00610	0.00203	0.00407	0.00813	0.74187	0.00813
30	0.01750	0.04512	0.64825	0.02486	0.03775	0.02026	0.03223	0.02762	0.01842	0.02762	0.01565	0.01842	0.01105	0.00829	0.00829	0.00276	0.01289	0.00645	0.00368	0.01289
31	0.01057	0.00869	0.00931	0.00950	0.01203	0.00742	0.00699	0.01291	0.02001	0.02466	0.14349	0.15929	0.50033	0.02229	0.01041	0.00300	0.00447	0.01894	0.00827	0.00742
32	0.01053	0.00850	0.00938	0.00989	0.01210	0.00734	0.00714	0.01267	0.01932	0.02395	0.11292	0.24922	0.44004	0.02326	0.01054	0.00310	0.00458	0.02000	0.00820	0.00734
33	0.02768	0.08140	0.01989	0.01414	0.01940	0.01420	0.01164	0.03245	0.06398	0.34561	0.13846	0.03963	0.08819	0.01579	0.04472	0.00329	0.00762	0.01055	0.00917	0.01220
34	0.03248	0.02789	0.02555	0.02048	0.02682	0.16426	0.01651	0.45769	0.06540	0.04677	0.02002	0.02036	0.01462	0.01021	0.00855	0.00255	0.01080	0.00746	0.00781	0.01376
35	0.01291	0.01001	0.01489	0.01463	0.01608	0.01198	0.01146	0.01595	0.01397	0.02030	0.02255	0.03323	0.02110	0.06200	0.61583	0.01332	0.06804	0.00923	0.00461	0.00791
36	0.75506	0.01687	0.01282	0.01147	0.01687	0.01957	0.00945	0.02564	0.01484	0.03914	0.01215	0.01417	0.00945	0.00810	0.00540	0.00270	0.00675	0.00472	0.00540	0.00945
37	0.09586	0.01112	0.01291	0.01258	0.01548	0.01108	0.01014	0.05775	0.02274	0.03264	0.28307	0.06808	0.15477	0.01856	0.01009	0.00309	0.00582	0.15718	0.00843	0.00862
38	0.01785	0.01539	0.01605	0.01474	0.01900	0.01685	0.01138	0.03492	0.41943	0.03212	0.05336	0.04991	0.23232	0.01530	0.00936	0.00295	0.00606	0.01275	0.00861	0.01163
39	0.02159	0.02073	0.03541	0.05354	0.63903	0.02073	0.02677	0.02677	0.01986	0.02850	0.01641	0.02159	0.01382	0.00777	0.00864	0.00259	0.01036	0.00777	0.00432	0.01382
40	0.01094	0.00904	0.00971	0.01005	0.01284	0.00781	0.00788	0.01345	0.01992	0.02399	0.08128	0.08637	0.53713	0.02243	0.01060	0.00313	0.00503	0.11285	0.00809	0.00748
41	0.02846	0.02986	0.02285	0.01999	0.02457	0.34190	0.01551	0.19351	0.02705	0.03063	0.01770	0.02115	0.01450	0.02142	0.14668	0.00486	0.01562	0.00704	0.00573	0.01095
42	0.01063	0.00759	0.01012	0.01215	0.01265	0.00709	0.00810	0.01215	0.01670	0.02227	0.04808	0.68775	0.05769	0.02733	0.01113	0.00354	0.00506	0.02480	0.00810	0.00709
43	0.01063	0.00759	0.01012	0.01215	0.01265	0.00709	0.00810	0.01215	0.01670	0.02227	0.04808	0.68775	0.05769	0.02733	0.01113	0.00354	0.00506	0.02480	0.00810	0.00709
44	0.03258	0.04157	0.02472	0.02247	0.02697	0.65843	0.01685	0.03483	0.02472	0.02135	0.01348	0.01573	0.01124	0.00899	0.00787	0.00225	0.01573	0.00562	0.00449	0.01011
45	0.02029	0.02206	0.10982	0.02382	0.03053	0.01888	0.21566	0.14865	0.05388	0.03330	0.06162	0.13856	0.05654	0.01300	0.00977	0.00294	0.01030	0.01238	0.00654	0.01147
46	0.03265	0.03968	0.02488	0.02221	0.02698	0.58871	0.01682	0.09833	0.02652	0.02506	0.01431	0.01631	0.01163	0.00915	0.00796	0.00229	0.01505	0.00586	0.00496	0.01063
47	0.01818	0.01724	0.02924	0.46650	0.25275	0.01983	0.02507	0.02378	0.01825	0.02435	0.01580	0.02270	0.01236	0.00841	0.00869	0.00280	0.01121	0.00776	0.00402	0.01106
48	0.11483	0.01600	0.01595	0.01387	0.01795	0.04684	0.01091	0.15721	0.09202	0.03865	0.19957	0.03840	0.06466	0.01283	0.00838	0.00261	0.00658	0.01035	0.12184	0.01054
49	0.01626	0.00813	0.00813	0.00813	0.01016	0.00813	0.00610	0.02033	0.01829	0.03252	0.02846	0.03252	0.02236	0.01016	0.00610	0.00203	0.00407	0.00813	0.74187	0.00813
50	0.01109	0.00887	0.00992	0.00965	0.01226	0.00770	0.00724	0.01403	0.02172	0.02793	0.29744	0.07675	0.42369	0.02046	0.01030	0.00287	0.00430	0.01740	0.00868	0.00770
51	0.01750	0.04512	0.64825	0.02486	0.03775	0.02026	0.03223	0.02762	0.01842	0.02762	0.01565	0.01842	0.01105	0.00829	0.00829	0.00276	0.01289	0.00645	0.00368	0.01289
52	0.03250	0.02410	0.02581	0.01994	0.02680	0.02674	0.01642	0.57746	0.07458	0.05391	0.02178	0.02161	0.01551	0.01055	0.00873	0.00264	0.00944	0.00797	0.00873	0.01477
53	0.02647	0.01966	0.02110	0.01703	0.02210	0.02156	0.01339	0.39389	0.09542	0.04337	0.02719	0.03296	0.05023	0.15656	0.01641	0.00391	0.00882	0.00961	0.00798	0.01233
54	0.01094	0.00821	0.01014	0.01104	0.01252	0.00741	0.00775	0.01322	0.01931	0.02547	0.19093	0.39377	0.20982	0.02385	0.01073	0.00321	0.00468	0.02114	0.00844	0.00741
55	0.08188	0.02447	0.02489	0.01949	0.02614	0.05682	0.01597	0.51519	0.06637	0.05138	0.02068	0.02078	0.01486	0.01030	0.00846	0.00262	0.00957	0.00763	0.00830	0.01419
56	0.02995	0.03258	0.02222	0.01959	0.02416	0.42507	0.01499	0.14541	0.02684	0.02983	0.01747	0.01958	0.01381	0.00948	0.00774	0.00228	0.01256	0.00648	0.12925	0.01071
57	0.01530	0.01803	0.11980	0.01472	0.01923	0.03851	0.01325	0.04962	0.09818	0.02854	0.12529	0.18158	0.20794	0.01789	0.00978	0.00297	0.00696	0.01525	0.00754	0.00965
58	0.01565	0.01100	0.01233	0.01136	0.01484	0.01029	0.00873	0.02174	0.11150	0.09727	0.18869	0.06629	0.36036	0.01841	0.00992	0.00288	0.00506	0.01551	0.00883	0.00934
59	0.03156	0.14502	0.02830	0.02024	0.02596	0.36649	0.01624	0.17150	0.02747	0.06522	0.01625	0.01749	0.01269	0.00919	0.00775	0.00230	0.01272	0.00618	0.00574	0.01170
60	0.01209	0.00828	0.00961	0.01008	0.01035	0.00808	0.00600	0.01255	0.01400	0.01850	0.03553	0.20228	0.07094	0.50462	0.03494	0.00703	0.00746	0.01576	0.00608	0.00581
61	0.11592	0.09441	0.08124	0.02114	0.02575	0.22872	0.05754	0.02717	0.01874	0.02446	0.01482	0.04947	0.01343	0.01101	0.01288	0.00281	0.17859	0.00724	0.00446	0.01020
62	0.03264	0.03998	0.02485	0.02225	0.02697	0.59983	0.01683	0.08821	0.02623	0.02447	0.01418	0.01621	0.01157	0.00913	0.00795	0.00228	0.01516	0.00583	0.00489	0.01055
63	0.01106	0.00886	0.00993	0.00998	0.01251	0.00772	0.00754	0.01383	0.02097	0.02659	0.22514	0.11251	0.42810	0.02139	0.01045	0.00299	0.00458	0.04977	0.00848	0.00761
64	0.01799	0.04170	0.55373	0.02675	0.03899	0.02054	0.12332	0.02767	0.01876	0.02767	0.01597	0.01923	0.01140	0.00814	0.00861	0.00279	0.01318	0.00706	0.00380	0.01271
65	0.01750	0.04512	0.64825	0.02486	0.03775	0.02026	0.03223	0.02762	0.01842	0.02762	0.01565	0.01842	0.01105	0.00829	0.00829	0.00276	0.01289	0.00645	0.00368	0.01289
66	0.01796	0.12694	0.53602	0.02299	0.03456	0.02157	0.02883	0.02677	0.01808	0.02631	0.01563	0.01872	0.01166	0.01133	0.04383	0.00327	0.01301	0.00638	0.00374	0.01239
67	0.01057	0.00883	0.00925	0.00951	0.01223	0.00751	0.00719	0.01284	0.01969	0.02364	0.08308	0.12429	0.56094	0.02256	0.01047	0.00305	0.00469	0.05417	0.00810	0.00739
68	0.01750	0.04512	0.64825	0.02486	0.03775	0.02026	0.03223	0.02762	0.01842	0.02762	0.01565	0.01842	0.01105	0.00829	0.00829	0.00276	0.01289	0.00645	0.00368	0.01289
69	0.01063	0.00759	0.01012	0.01215	0.01265	0.00709	0.00810	0.01215	0.01670	0.02227	0.04808	0.68775	0.05769	0.02733	0.01113	0.00354	0.00506	0.02480	0.00810	0.00709
70	0.02651	0.02042	0.02165	0.01639	0.02354	0.06144	0.01326	0.23557	0.02742	0.09686	0.01914	0.02007	0.01433	0.00849	0.00759	0.00197	0.00831	0.00651	0.00694	0.36360
71	0.02766	0.03073	0.02466	0.02579	0.12786	0.36428	0.01729	0.08301	0.07595	0.02729	0.01795	0.02072	0.01459	0.01307	0.05253	0.00319	0.01347	0.00692	0.04181	0.01121
72	0.01965	0.02015	0.02521	0.02193	0.02251	0.08370	0.01802	0.02171	0.01448	0.02095	0.01288	0.02036	0.01251	0.01992	0.09250	0.00474	0.54777	0.00763	0.00397	0.00941
73	0.01058	0.00778	0.00992	0.01163	0.01252	0.00713	0.00787	0.01220	0.01719	0.02247	0.05431	0.59427	0.14715	0.02652	0.01101	0.00345	0.00496	0.02381	0.00810	0.00713
74	0.01108	0.00887	0.00990	0.00964	0.01225	0.00769	0.00723	0.01401	0.02170	0.02787	0.29449	0.07685	0.42667	0.02048	0.01030	0.00287	0.00430	0.01741	0.00867	0.00769
75	0.02031	0.02298	0.04974	0.08018	0.04658	0.02188	0.56753	0.02756	0.02037	0.02756	0.01750	0.02351	0.01313	0.00745	0.01019	0.00294	0.01450	0.01012	0.00438	0.01162
76	0.01222	0.00826	0.00965	0.01011	0.01022	0.00815	0.00592	0.01256	0.01359	0.01812	0.03214	0.19974	0.03759	0.54277	0.03687	0.00735	0.00769	0.01542	0.00592	0.00569
77	0.01214	0.00891	0.01138	0.01076	0.01291	0.00814	0.00807	0.01607	0.02421	0.03384	0.57980	0.06704	0.13765	0.01826	0.01029	0.00276	0.00415	0.01604	0.00945	0.00814
78	0.02332	0.69869	0.04571	0.01493	0.02239	0.03451	0.01493	0.02612	0.01772	0.02052	0.01213	0.01399	0.01119	0.00746	0.00560	0.00187	0.00933	0.00466	0.00373	0.01119
79	0.01097	0.00870	0.00990	0.01025	0.01254	0.00763	0.00762	0.01353	0.02025	0.02567	0.18336	0.18756	0.39407	0.02231	0.01055	0.00307	0.00468	0.05142	0.00838	0.00752
80	0.02525	0.02277	0.02230	0.01912	0.02343	0.13547	0.01522	0.22449	0.12733	0.03492	0.02158	0.02460	0.01730	0.02263	0.14906	0.00516	0.08290	0.00809	0.00662	0.01177
81	0.02898	0.03582	0.02234	0.02040	0.02473	0.53147	0.01533	0.03276	0.06498	0.02267	0.02459	0.02562	0.09232	0.01086	0.00825	0.00239	0.01368	0.00755	0.00526	0.01001
82	0.01249	0.00923	0.01344	0.01344	0.01480	0.01059	0.01018	0.01521	0.01385	0.01982	0.02389	0.03719	0.02308	0.14594	0.58010	0.01331	0.02145	0.00977	0.00475	0.00747
83	0.01964	0.08433	0.01772	0.01295	0.01687	0.01344	0.01040	0.02580	0.09434	0.14983	0.35545	0.05005	0.08448	0.01489	0.00934	0.00268	0.00564	0.01269	0.00905	0.01042
84	0.01750	0.04512	0.64825	0.02486	0.03775	0.02026	0.03223	0.02762	0.01842	0.02762	0.01565	0.01842	0.01105	0.00829	0.00829	0.00276	0.01289	0.00645	0.00368	0.01289
85	0.02961	0.14605	0.03199	0.02252	0.02860	0.33759	0.09218	0.15490	0.02648	0.02921	0.01538	0.01755	0.01225	0.00884	0.00798	0.00235	0.01322	0.00653	0.00526	0.01151
86	0.01654	0.13408	0.33974	0.01851	0.02695	0.01835	0.02135	0.02339	0.02015	0.02835	0.19267	0.03461	0.06703	0.01163	0.00855	0.00263	0.00939	0.00947	0.00560	0.01100
87	0.10621	0.00988	0.00992	0.00961	0.01269	0.00911	0.00732	0.01501	0.02022	0.02789	0.19023	0.07116	0.44213	0.01943	0.00968	0.00287	0.00465	0.01612	0.00806	0.00781
88	0.02102	0.01954	0.02939	0.03662	0.34310	0.01965	0.05347	0.03139	0.18285	0.03062	0.02150	0.02412	0.01711	0.00864	0.00846	0.00251	0.00907	0.00808	0.00569	0.12718
89	0.02684	0.11548	0.02440	0.01838	0.02308	0.32594	0.01448	0.10432	0.05932	0.02911	0.11245	0.02568	0.02416	0.01058	0.00802	0.00235	0.01120	0.00773	0.04580	0.01067

[dist]
# distance from previous block
# <min> <max>
3	11

[block]
# block no. 1 follows, 20 sequences, length 6
# corresponding to MSA columns:
# 101-106
name=unknown_B
#
# <colnr> <probs for GDERKNQSTAVLIFYWHMCP>
#	G	D	E	R	K	N	Q	S	T	A	V	L	I	F	Y	W	H	M	C	P
0	0.01758	0.01609	0.02664	0.15595	0.35744	0.01667	0.02108	0.02186	0.01853	0.02561	0.02509	0.20800	0.02567	0.01341	0.00935	0.00291	0.00911	0.01252	0.00529	0.01118
1	0.02045	0.02754	0.20661	0.04553	0.47106	0.02059	0.02830	0.02701	0.01946	0.02825	0.01620	0.02070	0.01304	0.00792	0.00854	0.00264	0.01107	0.00740	0.00414	0.01356
2	0.01718	0.02420	0.20071	0.44093	0.10120	0.01974	0.02667	0.02414	0.01791	0.02429	0.01562	0.02177	0.01165	0.00852	0.00859	0.00284	0.01188	0.00739	0.00386	0.01092
3	0.20150	0.01652	0.02230	0.18572	0.20094	0.01813	0.01780	0.02462	0.06168	0.02945	0.02753	0.03049	0.10834	0.01057	0.00812	0.00278	0.00861	0.00879	0.00539	0.01072
4	0.23229	0.02534	0.02066	0.01785	0.02298	0.19824	0.01412	0.13229	0.12729	0.06594	0.01913	0.01995	0.01453	0.00989	0.00858	0.00266	0.04343	0.00674	0.00651	0.01158
5	0.07622	0.02635	0.11291	0.01831	0.02345	0.19542	0.01581	0.09185	0.06439	0.05685	0.02645	0.20158	0.02568	0.01426	0.00885	0.00282	0.01008	0.01159	0.00648	0.01065

[dist]
# distance from previous block
# <min> <max>
0	2

[block]
# block no. 2 follows, 20 sequences, length 16
# corresponding to MSA columns:
# 109-124
name=unknown_C
#
# <colnr> <probs for GDERKNQSTAVLIFYWHMCP>
#	G	D	E	R	K	N	Q	S	T	A	V	L	I	F	Y	W	H	M	C	P
0	0.01678	0.01149	0.01243	0.01128	0.01316	0.01183	0.00767	0.12699	0.01950	0.02677	0.03257	0.04989	0.08891	0.40977	0.02935	0.00598	0.00771	0.01178	0.09847	0.00767
1	0.02281	0.01614	0.01774	0.01546	0.01957	0.01751	0.01190	0.19731	0.19173	0.07432	0.03156	0.13370	0.02777	0.08259	0.01245	0.00338	0.00725	0.01163	0.09358	0.01160
2	0.02047	0.01761	0.02464	0.02412	0.13394	0.01746	0.08135	0.13529	0.09187	0.03430	0.09989	0.06275	0.08851	0.01198	0.00902	0.00258	0.00819	0.01068	0.00696	0.11839
3	0.01901	0.02878	0.22758	0.13328	0.04551	0.02109	0.34196	0.02696	0.01944	0.02696	0.01671	0.02194	0.01232	0.00785	0.00944	0.00288	0.01367	0.00873	0.00411	0.01178
4	0.10869	0.08754	0.06976	0.02742	0.15935	0.26320	0.01921	0.06483	0.02163	0.02729	0.01430	0.01745	0.01182	0.00903	0.00927	0.00252	0.06443	0.00626	0.00464	0.01137
5	0.01926	0.28782	0.13803	0.02411	0.15494	0.02310	0.01871	0.02343	0.01782	0.02349	0.02036	0.12660	0.02046	0.05453	0.01006	0.00286	0.00942	0.00936	0.00464	0.01101
6	0.11484	0.10101	0.14632	0.02908	0.20152	0.13673	0.02113	0.03037	0.08753	0.02842	0.01690	0.01942	0.01344	0.00855	0.00773	0.00254	0.01085	0.00665	0.00481	0.01215
7	0.02382	0.02125	0.06466	0.02186	0.08674	0.02148	0.01656	0.22093	0.25794	0.04004	0.06488	0.07045	0.02584	0.01209	0.00899	0.00282	0.00824	0.01008	0.00801	0.01331
8	0.01790	0.01747	0.01738	0.01842	0.08013	0.14611	0.01242	0.02018	0.02048	0.02541	0.19368	0.08751	0.13710	0.01751	0.01380	0.08649	0.06058	0.01232	0.00654	0.00857
9	0.02268	0.05090	0.02995	0.03456	0.29249	0.05052	0.02095	0.10475	0.02100	0.02969	0.01618	0.02097	0.01366	0.01037	0.01372	0.00284	0.19061	0.00754	0.05447	0.01214
10	0.02468	0.02181	0.09307	0.03890	0.38345	0.01921	0.02305	0.03226	0.09056	0.15223	0.02213	0.02415	0.01657	0.00890	0.00866	0.00267	0.00963	0.00808	0.00607	0.01393
11	0.02584	0.02739	0.03143	0.04148	0.40496	0.21651	0.02296	0.07367	0.02296	0.02833	0.01586	0.01975	0.01310	0.00835	0.00841	0.00249	0.01195	0.00712	0.00471	0.01276
12	0.01794	0.01694	0.02770	0.24136	0.34306	0.01790	0.02234	0.02279	0.01910	0.02565	0.02906	0.03333	0.12489	0.01065	0.00896	0.00275	0.00969	0.00968	0.00486	0.01135
13	0.02712	0.03133	0.18974	0.02937	0.18026	0.17201	0.02259	0.07612	0.02316	0.13726	0.01903	0.02074	0.01392	0.00894	0.00839	0.00257	0.01173	0.00709	0.00567	0.01295
14	0.02415	0.02223	0.02779	0.03434	0.30712	0.08543	0.01998	0.15851	0.09301	0.03408	0.02661	0.02844	0.07862	0.01042	0.00878	0.00264	0.00974	0.00889	0.00622	0.01301
15	0.01742	0.01528	0.02396	0.03285	0.32337	0.01582	0.01811	0.02135	0.01813	0.02614	0.02849	0.08271	0.08514	0.02052	0.11145	0.00451	0.05319	0.01049	0.08025	0.01082

[dist]
# distance from previous block
# <min> <max>
15	65

[block]
# block no. 3 follows, 20 sequences, length 37
# corresponding to MSA columns:
# 193-229
name=unknown_D
#
# <colnr> <probs for GDERKNQSTAVLIFYWHMCP>
#	G	D	E	R	K	N	Q	S	T	A	V	L	I	F	Y	W	H	M	C	P
0	0.02002	0.02191	0.05392	0.01912	0.07288	0.17644	0.01409	0.06065	0.02169	0.02622	0.03731	0.14114	0.15146	0.01501	0.00907	0.00265	0.00915	0.04065	0.00629	0.10033
1	0.02247	0.02403	0.03171	0.10712	0.05406	0.15771	0.19371	0.07535	0.02136	0.02631	0.02061	0.02663	0.04886	0.05539	0.01387	0.00322	0.09317	0.00898	0.00492	0.01053
2	0.08718	0.02290	0.02268	0.07745	0.09841	0.17436	0.01622	0.06184	0.06319	0.02787	0.01718	0.02110	0.01419	0.01538	0.08212	0.00373	0.05559	0.00689	0.00514	0.12658
3	0.02409	0.19835	0.06266	0.08740	0.25694	0.17945	0.02139	0.02823	0.02023	0.02417	0.01450	0.01823	0.01221	0.00809	0.00767	0.00236	0.01163	0.00640	0.00415	0.01186
4	0.02755	0.06955	0.17725	0.02470	0.10600	0.19536	0.02067	0.07324	0.02307	0.13936	0.01872	0.02004	0.01373	0.00889	0.00810	0.00246	0.01162	0.00675	0.00571	0.04724
5	0.02092	0.01808	0.01621	0.01476	0.01859	0.13367	0.01123	0.02877	0.18016	0.08893	0.07933	0.04605	0.21047	0.01627	0.01141	0.06803	0.00775	0.01169	0.00761	0.01007
6	0.01773	0.01341	0.01619	0.01514	0.01779	0.01473	0.01154	0.06594	0.15812	0.06782	0.11204	0.25349	0.08100	0.01861	0.01226	0.00319	0.08715	0.01560	0.00815	0.01010
7	0.01247	0.00866	0.01085	0.01096	0.01215	0.00876	0.00763	0.01460	0.01643	0.02309	0.12938	0.11984	0.09040	0.24358	0.18172	0.00738	0.01038	0.01372	0.07101	0.00699
8	0.02306	0.05491	0.02240	0.07429	0.02638	0.16949	0.01418	0.06493	0.10356	0.02857	0.01793	0.01994	0.01431	0.00829	0.00742	0.00200	0.00951	0.00628	0.00555	0.32701
9	0.02528	0.05948	0.02102	0.01742	0.02163	0.27407	0.01346	0.11830	0.02598	0.05810	0.14876	0.08802	0.06585	0.01332	0.00883	0.00256	0.01016	0.01048	0.00696	0.01033
10	0.02151	0.02247	0.02990	0.24266	0.27949	0.13914	0.05039	0.02619	0.01967	0.02456	0.01619	0.02291	0.01351	0.04291	0.01040	0.00294	0.01188	0.00773	0.00426	0.01128
11	0.02005	0.01950	0.02703	0.18754	0.20701	0.06272	0.02103	0.02755	0.11388	0.02588	0.01853	0.02367	0.01520	0.01369	0.05259	0.00364	0.13619	0.00803	0.00487	0.01140
12	0.01519	0.01220	0.01445	0.01406	0.01677	0.01322	0.01058	0.02573	0.23353	0.02925	0.14395	0.18286	0.08340	0.02694	0.13141	0.00512	0.00893	0.01459	0.00800	0.00983
13	0.02550	0.42736	0.06822	0.01805	0.02453	0.18777	0.01661	0.05472	0.02027	0.02269	0.01300	0.01530	0.01138	0.00854	0.00796	0.00217	0.05537	0.00533	0.00415	0.01107
14	0.01932	0.01730	0.02719	0.37316	0.21348	0.01971	0.02262	0.06339	0.05984	0.02772	0.01824	0.02383	0.01410	0.00887	0.00855	0.00275	0.01036	0.00793	0.05027	0.01135
15	0.01623	0.01538	0.01602	0.01560	0.01771	0.13215	0.01202	0.01918	0.01602	0.02046	0.02151	0.03080	0.01983	0.05485	0.53698	0.01181	0.02194	0.00865	0.00464	0.00822
16	0.02063	0.01077	0.01383	0.01250	0.01611	0.00954	0.00978	0.02374	0.02237	0.23150	0.19826	0.13820	0.18126	0.01811	0.01002	0.00297	0.00567	0.05532	0.00936	0.01006
17	0.01899	0.01763	0.02143	0.28837	0.03554	0.09919	0.01758	0.02312	0.01777	0.02455	0.01778	0.02386	0.01431	0.01044	0.01191	0.00278	0.14329	0.00755	0.19459	0.00931
18	0.02080	0.01560	0.02017	0.02063	0.09820	0.01708	0.01435	0.03088	0.20913	0.11474	0.12198	0.03849	0.08375	0.01670	0.05175	0.00363	0.09199	0.01076	0.00770	0.01166
19	0.03258	0.04157	0.02472	0.02247	0.02697	0.65843	0.01685	0.03483	0.02472	0.02135	0.01348	0.01573	0.01124	0.00899	0.00787	0.00225	0.01573	0.00562	0.00449	0.01011
20	0.02100	0.02253	0.02674	0.44786	0.11050	0.17868	0.02265	0.02587	0.01950	0.02268	0.01509	0.02121	0.01175	0.00869	0.00850	0.00271	0.01252	0.00722	0.00407	0.01021
21	0.02102	0.06822	0.03490	0.13402	0.51735	0.02152	0.02559	0.02612	0.01938	0.02710	0.01598	0.02127	0.01334	0.00788	0.00843	0.00258	0.01046	0.00755	0.00422	0.01308
22	0.01267	0.00850	0.00974	0.00974	0.00981	0.00858	0.00556	0.01283	0.01275	0.01708	0.02728	0.05595	0.03122	0.66231	0.07487	0.00873	0.00920	0.01252	0.00526	0.00541
23	0.01807	0.04108	0.53651	0.02709	0.03922	0.02060	0.13992	0.02768	0.01882	0.02768	0.01603	0.01937	0.01146	0.00811	0.00866	0.00280	0.01323	0.00717	0.00382	0.01268
24	0.01257	0.00957	0.01260	0.05851	0.01705	0.00919	0.01011	0.01644	0.02247	0.03040	0.38516	0.07156	0.17308	0.01909	0.01049	0.00302	0.00540	0.11651	0.00864	0.00814
25	0.01809	0.01550	0.01809	0.01292	0.02067	0.01163	0.01034	0.02196	0.01809	0.02842	0.01550	0.01809	0.01292	0.00646	0.00646	0.00129	0.00646	0.00517	0.00517	0.74677
26	0.01647	0.01550	0.02616	0.67248	0.06008	0.01938	0.02422	0.02229	0.01744	0.02229	0.01550	0.02326	0.01163	0.00872	0.00872	0.00291	0.01163	0.00775	0.00388	0.00969
27	0.01941	0.02101	0.08592	0.27115	0.38035	0.02021	0.02634	0.02525	0.01887	0.02621	0.01602	0.02190	0.01280	0.00815	0.00864	0.00272	0.01103	0.00765	0.00410	0.01227
28	0.01049	0.00884	0.00908	0.00902	0.01189	0.00744	0.00677	0.01286	0.02030	0.02457	0.13630	0.08230	0.58693	0.02172	0.01031	0.00293	0.00439	0.01818	0.00823	0.00744
29	0.07446	0.19451	0.20839	0.02249	0.08680	0.10435	0.02048	0.07775	0.02077	0.02795	0.01756	0.07403	0.01556	0.00992	0.00769	0.00251	0.01075	0.00759	0.00480	0.01165
30	0.01793	0.01799	0.06162	0.05695	0.10014	0.01618	0.14275	0.07308	0.02090	0.02884	0.06607	0.05755	0.09827	0.01829	0.09180	0.00408	0.01129	0.01057	0.00575	0.09994
31	0.04519	0.02132	0.10571	0.02915	0.19979	0.01938	0.04691	0.02678	0.03754	0.08508	0.01844	0.02227	0.01460	0.00993	0.01242	0.00275	0.15109	0.00756	0.06974	0.07436
32	0.08441	0.14385	0.02540	0.01809	0.05618	0.06084	0.08172	0.02390	0.02118	0.07930	0.19472	0.03985	0.11110	0.01260	0.00860	0.00258	0.00802	0.01069	0.00678	0.01019
33	0.11713	0.24903	0.13661	0.01769	0.02381	0.10525	0.01712	0.02538	0.01819	0.02531	0.05195	0.06021	0.01806	0.01065	0.00967	0.00256	0.08885	0.00735	0.00467	0.01050
34	0.08515	0.02175	0.10010	0.02204	0.11873	0.07138	0.01651	0.13277	0.02506	0.03533	0.20554	0.03647	0.06860	0.01229	0.00885	0.00266	0.00847	0.01016	0.00697	0.01116
35	0.02334	0.07837	0.21889	0.01949	0.02706	0.11286	0.01945	0.19138	0.02553	0.03282	0.02645	0.02905	0.09183	0.05296	0.01064	0.00296	0.01077	0.00849	0.00589	0.01176
36	0.02358	0.02914	0.13938	0.06972	0.28733	0.14064	0.07583	0.07780	0.02226	0.02889	0.01618	0.02014	0.01278	0.00833	0.00859	0.00261	0.01218	0.00737	0.00460	0.01266

[dist]
# distance from previous block
# <min> <max>
30	56

[block]
# block no. 4 follows, 20 sequences, length 21
# corresponding to MSA columns:
# 300-320
name=unknown_E
#
# <colnr> <probs for GDERKNQSTAVLIFYWHMCP>
#	G	D	E	R	K	N	Q	S	T	A	V	L	I	F	Y	W	H	M	C	P
0	0.11957	0.02218	0.02394	0.02480	0.13312	0.12646	0.01700	0.10343	0.02158	0.03065	0.06956	0.02553	0.04788	0.01183	0.01345	0.00290	0.18147	0.00817	0.00557	0.01089
1	0.02128	0.02130	0.08975	0.01975	0.05061	0.05678	0.04691	0.17853	0.05156	0.03357	0.02700	0.20717	0.02632	0.01406	0.00906	0.00271	0.00881	0.01214	0.00682	0.11586
2	0.02076	0.01911	0.06807	0.10920	0.16851	0.01834	0.01895	0.17293	0.02545	0.03464	0.10597	0.06034	0.05311	0.01296	0.00938	0.00287	0.00901	0.07203	0.00673	0.01163
3	0.07551	0.32438	0.11323	0.02092	0.08160	0.11415	0.01796	0.03020	0.09849	0.02571	0.01624	0.01795	0.01333	0.00843	0.00695	0.00230	0.01025	0.00600	0.00468	0.01173
4	0.08519	0.12357	0.11516	0.02789	0.14090	0.14210	0.09737	0.07844	0.05678	0.02942	0.01646	0.01922	0.01299	0.00846	0.00799	0.00253	0.01156	0.00696	0.00492	0.01208
5	0.02241	0.13653	0.11271	0.02834	0.16549	0.12164	0.02111	0.02823	0.06868	0.02484	0.01555	0.01935	0.01312	0.01014	0.01286	0.00277	0.17325	0.00691	0.00442	0.01166
6	0.07124	0.03044	0.19969	0.07088	0.13329	0.13670	0.07967	0.03092	0.07813	0.06007	0.01822	0.02093	0.01373	0.00873	0.00838	0.00268	0.01182	0.00731	0.00500	0.01218
7	0.01706	0.01393	0.02063	0.21463	0.03165	0.01527	0.05729	0.09621	0.02031	0.02673	0.02851	0.13258	0.02900	0.13559	0.01609	0.00414	0.00947	0.11569	0.00613	0.00908
8	0.01141	0.00930	0.00994	0.00972	0.01238	0.00829	0.00718	0.01490	0.04924	0.02588	0.18511	0.07600	0.45837	0.06854	0.01266	0.00330	0.00477	0.01709	0.00822	0.00769
9	0.03099	0.11764	0.02794	0.01992	0.02614	0.20403	0.01627	0.33763	0.06938	0.03990	0.01860	0.01929	0.01408	0.00975	0.00808	0.00244	0.01111	0.00693	0.00690	0.01297
10	0.01142	0.00888	0.01038	0.01001	0.01247	0.00784	0.00750	0.01467	0.02251	0.02981	0.38702	0.07367	0.33295	0.01976	0.01030	0.00284	0.00425	0.01697	0.00892	0.00784
11	0.02133	0.01793	0.01886	0.01670	0.02157	0.02019	0.01306	0.10628	0.46682	0.03670	0.04165	0.03882	0.11544	0.01320	0.00907	0.00292	0.00685	0.01090	0.00874	0.01297
12	0.01246	0.00935	0.01402	0.01402	0.01558	0.01090	0.01090	0.01558	0.01402	0.02025	0.02336	0.03427	0.02181	0.06542	0.65888	0.01402	0.02336	0.00935	0.00467	0.00779
13	0.02170	0.01874	0.01972	0.01775	0.02268	0.02170	0.01381	0.04635	0.62327	0.03649	0.03550	0.03254	0.02663	0.01183	0.00888	0.00296	0.00690	0.00986	0.00888	0.01381
14	0.02615	0.02854	0.02505	0.02397	0.07599	0.28044	0.01751	0.06691	0.15538	0.02717	0.01857	0.02103	0.01512	0.01107	0.01304	0.00282	0.16700	0.00734	0.00554	0.01138
15	0.01979	0.01550	0.01924	0.02242	0.15981	0.04013	0.01394	0.02711	0.13639	0.10884	0.04925	0.08496	0.23644	0.01513	0.00940	0.00284	0.00715	0.01291	0.00759	0.01116
16	0.02063	0.02188	0.02520	0.12602	0.02900	0.14175	0.01881	0.02332	0.01618	0.02120	0.01347	0.02039	0.01230	0.01722	0.07400	0.00423	0.39342	0.00742	0.00402	0.00953
17	0.01497	0.01242	0.01352	0.01415	0.01603	0.04583	0.01017	0.02233	0.16784	0.02558	0.04126	0.39459	0.04479	0.07768	0.01323	0.00377	0.00658	0.05856	0.00786	0.00884
18	0.01268	0.00846	0.00951	0.00951	0.00951	0.00846	0.00529	0.01268	0.01268	0.01691	0.02748	0.05708	0.03171	0.69345	0.04440	0.00846	0.00846	0.01268	0.00529	0.00529
19	0.12472	0.03355	0.02157	0.01977	0.02395	0.47842	0.01500	0.03077	0.02183	0.02353	0.01477	0.01827	0.01257	0.01723	0.10396	0.00405	0.01568	0.00605	0.00464	0.00968
20	0.02323	0.02271	0.03162	0.04367	0.45969	0.08555	0.02342	0.05654	0.10955	0.03013	0.01911	0.02257	0.01548	0.00861	0.00860	0.00261	0.01036	0.00786	0.00520	0.01349

[dist]
# distance from previous block
# <min> <max>
1	2

[block]
# block no. 5 follows, 20 sequences, length 13
# corresponding to MSA columns:
# 323-335
name=unknown_F
#
# <colnr> <probs for GDERKNQSTAVLIFYWHMCP>
#	G	D	E	R	K	N	Q	S	T	A	V	L	I	F	Y	W	H	M	C	P
0	0.02453	0.02630	0.03255	0.04523	0.47532	0.19130	0.02412	0.02893	0.02116	0.02659	0.01563	0.02002	0.01313	0.00810	0.00843	0.00250	0.01180	0.00720	0.00437	0.01283
1	0.02967	0.03547	0.02338	0.02121	0.02582	0.48812	0.01604	0.03791	0.18482	0.02540	0.01937	0.02023	0.01535	0.00975	0.00814	0.00244	0.01337	0.00675	0.00567	0.01110
2	0.01459	0.01153	0.01346	0.01251	0.01545	0.01172	0.00952	0.02395	0.18418	0.03392	0.40442	0.05884	0.13813	0.01677	0.00991	0.00283	0.00490	0.01453	0.00922	0.00961
3	0.02159	0.02073	0.03541	0.05354	0.63903	0.02073	0.02677	0.02677	0.01986	0.02850	0.01641	0.02159	0.01382	0.00777	0.00864	0.00259	0.01036	0.00777	0.00432	0.01382
4	0.01515	0.00758	0.01136	0.01136	0.01136	0.00758	0.00758	0.01136	0.01136	0.01515	0.01515	0.02652	0.01515	0.03030	0.03409	0.74621	0.00758	0.00758	0.00379	0.00379
5	0.01224	0.00896	0.01237	0.01255	0.01373	0.00982	0.00914	0.01445	0.01425	0.01983	0.02989	0.09871	0.05965	0.20424	0.42720	0.01125	0.01735	0.01193	0.00529	0.00713
6	0.02332	0.69869	0.04571	0.01493	0.02239	0.03451	0.01493	0.02612	0.01772	0.02052	0.01213	0.01399	0.01119	0.00746	0.00560	0.00187	0.00933	0.00466	0.00373	0.01119
7	0.75506	0.01687	0.01282	0.01147	0.01687	0.01957	0.00945	0.02564	0.01484	0.03914	0.01215	0.01417	0.00945	0.00810	0.00540	0.00270	0.00675	0.00472	0.00540	0.00945
8	0.01295	0.00960	0.01305	0.01281	0.01367	0.01092	0.00922	0.01479	0.01346	0.01900	0.02423	0.04220	0.02502	0.30638	0.38143	0.01123	0.05772	0.01054	0.00486	0.00692
9	0.01050	0.00857	0.00928	0.00967	0.01204	0.00735	0.00704	0.01267	0.01948	0.02395	0.11174	0.21274	0.47874	0.02297	0.01049	0.00306	0.00454	0.01963	0.00819	0.00735
10	0.01249	0.00983	0.01278	0.01415	0.06289	0.00902	0.00962	0.01595	0.02206	0.02966	0.34552	0.10840	0.23778	0.01932	0.01034	0.00293	0.00503	0.05536	0.00853	0.00833
11	0.02135	0.16979	0.20823	0.03357	0.23134	0.06185	0.10054	0.02751	0.01940	0.02610	0.01530	0.01904	0.01228	0.00787	0.00808	0.00251	0.01173	0.00696	0.00404	0.01253
12	0.01939	0.01808	0.03033	0.16210	0.43923	0.01874	0.02395	0.02452	0.01981	0.02770	0.06756	0.03066	0.02138	0.00987	0.00902	0.00276	0.00994	0.04784	0.00491	0.01221

[dist]
# distance from previous block
# <min> <max>
0	2

[block]
# block no. 6 follows, 20 sequences, length 18
# corresponding to MSA columns:
# 338-355
name=unknown_G
#
# <colnr> <probs for GDERKNQSTAVLIFYWHMCP>
#	G	D	E	R	K	N	Q	S	T	A	V	L	I	F	Y	W	H	M	C	P
0	0.11528	0.07554	0.29477	0.02841	0.14298	0.09827	0.07129	0.02802	0.01911	0.02809	0.01502	0.01826	0.01155	0.00813	0.00792	0.00262	0.01191	0.00656	0.00418	0.01209
1	0.07695	0.28780	0.03185	0.01890	0.02457	0.38077	0.01564	0.03094	0.02143	0.02222	0.01288	0.01497	0.01110	0.00835	0.00685	0.00213	0.01272	0.00520	0.00427	0.01048
2	0.01497	0.01735	0.13833	0.01466	0.01902	0.01260	0.01350	0.02304	0.12592	0.02898	0.10847	0.21933	0.08664	0.01670	0.00925	0.00292	0.00663	0.01444	0.11751	0.00974
3	0.01128	0.00833	0.01019	0.01141	0.01263	0.00772	0.00804	0.01304	0.01730	0.02225	0.05473	0.37183	0.19587	0.12547	0.01603	0.00419	0.00577	0.08925	0.00767	0.00700
4	0.01803	0.04174	0.56763	0.02395	0.03582	0.02044	0.02987	0.03003	0.09600	0.02876	0.01820	0.02023	0.01305	0.00874	0.00836	0.00279	0.01212	0.00688	0.00435	0.01301
5	0.01063	0.00759	0.01012	0.01215	0.01265	0.00709	0.00810	0.01215	0.01670	0.02227	0.04808	0.68775	0.05769	0.02733	0.01113	0.00354	0.00506	0.02480	0.00810	0.00709
6	0.01246	0.00935	0.01402	0.01402	0.01558	0.01090	0.01090	0.01558	0.01402	0.02025	0.02336	0.03427	0.02181	0.06542	0.65888	0.01402	0.02336	0.00935	0.00467	0.00779
7	0.03258	0.04157	0.02472	0.02247	0.02697	0.65843	0.01685	0.03483	0.02472	0.02135	0.01348	0.01573	0.01124	0.00899	0.00787	0.00225	0.01573	0.00562	0.00449	0.01011
8	0.01841	0.07486	0.01706	0.01420	0.01658	0.17950	0.01039	0.02022	0.01779	0.02084	0.02948	0.13498	0.06973	0.19507	0.10281	0.00558	0.01136	0.01174	0.04148	0.00792
9	0.02668	0.01865	0.02073	0.01696	0.02218	0.01987	0.01356	0.38205	0.03293	0.08992	0.06460	0.14986	0.07357	0.01483	0.00937	0.00282	0.00793	0.01222	0.00877	0.01251
10	0.15330	0.03389	0.36932	0.02697	0.08342	0.02051	0.13730	0.02725	0.01829	0.02986	0.01545	0.01887	0.01139	0.00803	0.00817	0.00277	0.01191	0.00697	0.00419	0.01212
11	0.27231	0.19869	0.27945	0.01778	0.02674	0.02358	0.02008	0.02657	0.01702	0.02980	0.01357	0.01585	0.01054	0.00802	0.00662	0.00252	0.00989	0.00541	0.00428	0.01128
12	0.01838	0.01741	0.02882	0.26042	0.35970	0.01855	0.02331	0.02340	0.01903	0.02573	0.02533	0.03016	0.09281	0.00993	0.00888	0.00274	0.01003	0.00913	0.00465	0.01157
13	0.01060	0.00768	0.01002	0.01190	0.01259	0.00711	0.00799	0.01217	0.01694	0.02236	0.05110	0.64240	0.10109	0.02693	0.01107	0.00350	0.00501	0.02432	0.00810	0.00711
14	0.01528	0.01125	0.01395	0.01297	0.01390	0.01290	0.00928	0.05243	0.01536	0.02210	0.02389	0.04217	0.02470	0.35911	0.15071	0.00776	0.11566	0.01051	0.07877	0.00730
15	0.01488	0.01240	0.01342	0.01254	0.01599	0.01270	0.00958	0.02558	0.23704	0.03095	0.20140	0.06101	0.28387	0.01739	0.00979	0.00290	0.00523	0.01471	0.00874	0.00988
16	0.01874	0.02010	0.07976	0.35663	0.30539	0.02002	0.02595	0.02463	0.01855	0.02536	0.01590	0.02216	0.01252	0.00828	0.00865	0.00276	0.01119	0.00766	0.00405	0.01171
17	0.02492	0.02668	0.12316	0.03600	0.30591	0.06470	0.02342	0.19017	0.05792	0.03566	0.01837	0.02113	0.01419	0.00889	0.00857	0.00262	0.01070	0.00756	0.00570	0.01371

[dist]
# distance from previous block
# <min> <max>
0	2

[block]
# block no. 7 follows, 20 sequences, length 27
# corresponding to MSA columns:
# 358-384
name=unknown_H
#
# <colnr> <probs for GDERKNQSTAVLIFYWHMCP>
#	G	D	E	R	K	N	Q	S	T	A	V	L	I	F	Y	W	H	M	C	P
0	0.02054	0.18298	0.34076	0.02914	0.17196	0.05851	0.02633	0.02749	0.01894	0.02592	0.01493	0.01803	0.01173	0.00803	0.00775	0.00250	0.01168	0.00631	0.00388	0.01258
1	0.06582	0.03355	0.02423	0.02065	0.02615	0.39407	0.01604	0.21264	0.02894	0.03306	0.01586	0.01742	0.01237	0.00926	0.00794	0.00233	0.01286	0.00625	0.00589	0.05468
2	0.01163	0.00968	0.01032	0.01037	0.01331	0.00872	0.00803	0.01573	0.06301	0.02532	0.10647	0.08098	0.50080	0.02138	0.01040	0.00305	0.00498	0.07967	0.00822	0.00794
3	0.01585	0.01486	0.02438	0.01979	0.02433	0.01453	0.19063	0.02328	0.11428	0.02729	0.08735	0.08664	0.17617	0.05613	0.04772	0.00394	0.00942	0.04685	0.00687	0.00970
4	0.02277	0.14799	0.03547	0.02430	0.03003	0.19264	0.20923	0.02693	0.01968	0.02315	0.01628	0.02144	0.01378	0.01855	0.12562	0.00458	0.04508	0.00774	0.00433	0.01041
5	0.01948	0.24270	0.42438	0.02264	0.03360	0.02472	0.06586	0.02719	0.01835	0.02548	0.01471	0.01741	0.01124	0.00797	0.00760	0.00250	0.01193	0.00616	0.00375	0.01230
6	0.01784	0.04270	0.58133	0.02620	0.03863	0.02046	0.09672	0.02766	0.01866	0.02766	0.01588	0.01899	0.01129	0.00818	0.00851	0.00278	0.01309	0.00688	0.00376	0.01277
7	0.01246	0.00935	0.01402	0.01402	0.01558	0.01090	0.01090	0.01558	0.01402	0.02025	0.02336	0.03427	0.02181	0.06542	0.65888	0.01402	0.02336	0.00935	0.00467	0.00779
8	0.01143	0.00898	0.01045	0.01081	0.01323	0.00800	0.00840	0.01431	0.02070	0.02632	0.19249	0.12549	0.37373	0.02193	0.01067	0.00314	0.00505	0.11882	0.00840	0.00765
9	0.02312	0.02413	0.03201	0.02428	0.03143	0.13491	0.22609	0.07125	0.09518	0.02984	0.01872	0.02156	0.01453	0.00818	0.00854	0.00235	0.01137	0.00784	0.00548	0.20918
10	0.01254	0.00839	0.00956	0.00970	0.00974	0.00836	0.00549	0.01265	0.01297	0.01730	0.02897	0.10245	0.03358	0.64553	0.04200	0.00810	0.00821	0.01356	0.00549	0.00541
11	0.75506	0.01687	0.01282	0.01147	0.01687	0.01957	0.00945	0.02564	0.01484	0.03914	0.01215	0.01417	0.00945	0.00810	0.00540	0.00270	0.00675	0.00472	0.00540	0.00945
12	0.07864	0.02802	0.02274	0.02069	0.05405	0.26703	0.01542	0.17751	0.11113	0.05849	0.02035	0.02129	0.01548	0.00979	0.00800	0.00249	0.01095	0.00711	0.05885	0.01198
13	0.01249	0.00924	0.01347	0.01347	0.01484	0.01061	0.01022	0.01523	0.01386	0.01984	0.02386	0.03703	0.02301	0.14155	0.58439	0.01334	0.02156	0.00975	0.00475	0.00748
14	0.01068	0.00885	0.00935	0.00922	0.01201	0.00752	0.00692	0.01323	0.02075	0.02563	0.18734	0.08054	0.53523	0.02132	0.01031	0.00291	0.00436	0.01793	0.00837	0.00752
15	0.01235	0.00892	0.01166	0.01097	0.01303	0.00823	0.00823	0.01646	0.02469	0.03498	0.63443	0.06516	0.08230	0.01783	0.01029	0.00274	0.00412	0.01578	0.00960	0.00823
16	0.01270	0.00927	0.01365	0.01365	0.01524	0.01073	0.01060	0.01587	0.01429	0.02102	0.02368	0.03416	0.02184	0.06197	0.61809	0.01327	0.02216	0.00927	0.05074	0.00781
17	0.03258	0.04157	0.02472	0.02247	0.02697	0.65843	0.01685	0.03483	0.02472	0.02135	0.01348	0.01573	0.01124	0.00899	0.00787	0.00225	0.01573	0.00562	0.00449	0.01011
18	0.02723	0.42432	0.03717	0.01778	0.02430	0.22240	0.01569	0.09422	0.02245	0.02464	0.01353	0.01530	0.01161	0.00826	0.00663	0.00207	0.01130	0.00531	0.00452	0.01128
19	0.01268	0.00846	0.00951	0.00951	0.00951	0.00846	0.00529	0.01268	0.01268	0.01691	0.02748	0.05708	0.03171	0.69345	0.04440	0.00846	0.00846	0.01268	0.00529	0.00529
20	0.01606	0.01130	0.01362	0.05387	0.01772	0.01172	0.01022	0.11929	0.02143	0.02996	0.03951	0.33667	0.08079	0.02107	0.03468	0.00342	0.00674	0.01655	0.14651	0.00885
21	0.02292	0.02148	0.01737	0.01549	0.01905	0.20146	0.01166	0.12180	0.06692	0.03087	0.09148	0.03571	0.06413	0.10323	0.01309	0.00325	0.00919	0.00954	0.13157	0.00980
22	0.02197	0.02620	0.09878	0.03490	0.27343	0.13715	0.02274	0.02616	0.01877	0.02489	0.01601	0.05079	0.01449	0.01089	0.01370	0.00291	0.18227	0.00800	0.00433	0.01163
23	0.02209	0.01896	0.05159	0.01617	0.02191	0.01824	0.01338	0.21912	0.14745	0.03718	0.03237	0.07679	0.09009	0.04981	0.01062	0.00287	0.00770	0.01029	0.00755	0.14579
24	0.02962	0.13700	0.02878	0.02394	0.13525	0.09352	0.01681	0.17154	0.02664	0.18145	0.05468	0.02383	0.01896	0.00979	0.00818	0.00247	0.00955	0.00770	0.00715	0.01314
25	0.07084	0.18380	0.06133	0.02857	0.18664	0.09390	0.05898	0.13268	0.04909	0.03152	0.01650	0.01905	0.01322	0.00850	0.00776	0.00244	0.01059	0.00683	0.00523	0.01253
26	0.15513	0.11123	0.08939	0.02873	0.20060	0.17931	0.01978	0.02816	0.01931	0.02706	0.01399	0.01740	0.01165	0.00865	0.00881	0.00254	0.05628	0.00617	0.00439	0.01142

[dist]
# distance from previous block
# <min> <max>
17	34

[block]
# block no. 8 follows, 20 sequences, length 7
# corresponding to MSA columns:
# 425-431
name=unknown_I
#
# <colnr> <probs for GDERKNQSTAVLIFYWHMCP>
#	G	D	E	R	K	N	Q	S	T	A	V	L	I	F	Y	W	H	M	C	P
0	0.02484	0.01565	0.01992	0.05756	0.09484	0.04460	0.01421	0.06249	0.06866	0.21059	0.02761	0.03474	0.02228	0.09527	0.09541	0.00482	0.01048	0.03776	0.04682	0.01144
1	0.02939	0.03677	0.03184	0.02628	0.03193	0.48895	0.17412	0.03300	0.02362	0.02310	0.01459	0.01781	0.01177	0.00855	0.00851	0.00243	0.01546	0.00686	0.00447	0.01055
2	0.01057	0.00783	0.00987	0.01150	0.01248	0.00714	0.00781	0.01222	0.01732	0.02252	0.05589	0.57069	0.16971	0.02631	0.01097	0.00343	0.00494	0.02356	0.00810	0.00714
