[name]
unknown

[dist]
# distance from previous block
# <min> <max>
0	0

[block]
# block no. 0 follows, 21 sequences, length 104
# corresponding to MSA columns:
# 0-103
name=unknown_A
#
# <colnr> <probs for GDERKNQSTAVLIFYWHMCP>
#	G	D	E	R	K	N	Q	S	T	A	V	L	I	F	Y	W	H	M	C	P
0	0.01371	0.00980	0.01371	0.01567	0.01763	0.00980	0.01371	0.01763	0.01959	0.02547	0.04506	0.09599	0.04898	0.02351	0.01175	0.00392	0.00784	0.59056	0.00784	0.00784
1	0.02106	0.02022	0.03454	0.05223	0.64784	0.02022	0.02612	0.02612	0.01938	0.02780	0.01601	0.02106	0.01348	0.00758	0.00842	0.00253	0.01011	0.00758	0.00421	0.01348
2	0.01707	0.04402	0.65683	0.02426	0.03683	0.01976	0.03144	0.02695	0.01797	0.02695	0.01527	0.01797	0.01078	0.00809	0.00809	0.00270	0.01258	0.00629	0.00359	0.01258
3	0.01460	0.01011	0.01252	0.01265	0.01457	0.00988	0.00912	0.09318	0.02121	0.05252	0.14986	0.44451	0.07803	0.02204	0.01029	0.00314	0.00542	0.01962	0.00834	0.00840
4	0.03086	0.02295	0.02474	0.01887	0.02576	0.02486	0.01556	0.55866	0.03774	0.05100	0.01989	0.02015	0.01428	0.00982	0.00829	0.00242	0.00905	0.00740	0.00816	0.08955
5	0.01145	0.00867	0.01155	0.01421	0.06110	0.00817	0.00873	0.01308	0.01634	0.02159	0.04642	0.47336	0.12195	0.12348	0.01533	0.00402	0.00575	0.02040	0.00721	0.00720
6	0.01824	0.18059	0.53053	0.02226	0.03374	0.02263	0.02796	0.02665	0.01783	0.02552	0.01456	0.01708	0.01081	0.00792	0.00754	0.00251	0.01186	0.00593	0.00360	0.01224
7	0.03052	0.03632	0.02555	0.02543	0.10315	0.52077	0.01761	0.09341	0.02517	0.02507	0.01426	0.01658	0.01164	0.00877	0.00785	0.00227	0.01408	0.00597	0.00479	0.01079
8	0.01707	0.04402	0.65683	0.02426	0.03683	0.01976	0.03144	0.02695	0.01797	0.02695	0.01527	0.01797	0.01078	0.00809	0.00809	0.00270	0.01258	0.00629	0.00359	0.01258
9	0.12306	0.00938	0.01117	0.01205	0.01381	0.00921	0.00852	0.01650	0.01677	0.08208	0.04054	0.53427	0.04615	0.02243	0.00983	0.00326	0.00539	0.01989	0.00775	0.00794
10	0.01707	0.04402	0.65683	0.02426	0.03683	0.01976	0.03144	0.02695	0.01797	0.02695	0.01527	0.01797	0.01078	0.00809	0.00809	0.00270	0.01258	0.00629	0.00359	0.01258
11	0.01047	0.00783	0.00973	0.01096	0.01218	0.00709	0.00757	0.01237	0.01783	0.02330	0.11755	0.48421	0.19896	0.02449	0.01059	0.00324	0.00469	0.02180	0.00805	0.00709
12	0.01077	0.00851	0.00883	0.00883	0.01081	0.00751	0.00606	0.01226	0.01723	0.02098	0.06785	0.07380	0.45481	0.23150	0.02034	0.00454	0.00553	0.01623	0.00705	0.00656
13	0.01216	0.00912	0.01368	0.01368	0.01520	0.01064	0.01064	0.01520	0.01368	0.01976	0.02279	0.03343	0.02127	0.06382	0.66720	0.01368	0.02279	0.00912	0.00456	0.00760
14	0.01707	0.04402	0.65683	0.02426	0.03683	0.01976	0.03144	0.02695	0.01797	0.02695	0.01527	0.01797	0.01078	0.00809	0.00809	0.00270	0.01258	0.00629	0.00359	0.01258
15	0.01218	0.00901	0.01312	0.01312	0.01445	0.01034	0.00995	0.01484	0.01351	0.01935	0.02330	0.03623	0.02249	0.14394	0.58875	0.01299	0.02097	0.00953	0.00463	0.00729
16	0.01371	0.01165	0.01222	0.01177	0.01517	0.01164	0.00911	0.02268	0.20676	0.02701	0.06759	0.06755	0.41409	0.01863	0.00975	0.00295	0.00530	0.05514	0.00813	0.00915
17	0.01728	0.01444	0.01582	0.01519	0.01857	0.01607	0.01140	0.03327	0.41160	0.03069	0.04113	0.23721	0.06809	0.01670	0.00941	0.00306	0.00606	0.01452	0.00839	0.01113
18	0.03173	0.02353	0.02519	0.01946	0.02616	0.02610	0.01603	0.58788	0.07260	0.05264	0.02121	0.02105	0.01511	0.01029	0.00852	0.00257	0.00922	0.00777	0.00852	0.01442
19	0.01130	0.00854	0.00964	0.00944	0.01126	0.00774	0.00658	0.01343	0.01890	0.02460	0.24009	0.06907	0.30289	0.20757	0.01922	0.00430	0.00531	0.01564	0.00759	0.00688
20	0.01707	0.04402	0.65683	0.02426	0.03683	0.01976	0.03144	0.02695	0.01797	0.02695	0.01527	0.01797	0.01078	0.00809	0.00809	0.00270	0.01258	0.00629	0.00359	0.01258
21	0.01810	0.01855	0.01804	0.01700	0.01846	0.16991	0.01291	0.02002	0.01642	0.02028	0.02298	0.16469	0.02450	0.09354	0.15296	0.00580	0.18133	0.01128	0.00506	0.00818
22	0.01196	0.00824	0.01038	0.01112	0.01269	0.00745	0.00785	0.01415	0.01880	0.05478	0.16784	0.41652	0.18048	0.02307	0.01043	0.00315	0.00474	0.02048	0.00831	0.00755
23	0.01034	0.00858	0.00910	0.00944	0.01201	0.00734	0.00712	0.01255	0.01909	0.02303	0.07932	0.14590	0.54265	0.02221	0.01026	0.00301	0.00462	0.05833	0.00790	0.00720
24	0.01483	0.01359	0.02081	0.24149	0.18705	0.01431	0.01718	0.01882	0.01837	0.02369	0.04206	0.09467	0.23132	0.01413	0.00920	0.00282	0.00814	0.01241	0.00562	0.00949
25	0.02558	0.02837	0.02913	0.08810	0.31772	0.28723	0.02150	0.05469	0.02204	0.02556	0.01495	0.01880	0.01231	0.00826	0.00813	0.00241	0.01234	0.00672	0.00444	0.01171
26	0.01187	0.00804	0.00943	0.00993	0.01005	0.00791	0.00585	0.01224	0.01336	0.01781	0.03186	0.21648	0.03731	0.53144	0.03516	0.00705	0.00742	0.01535	0.00585	0.00560
27	0.03174	0.02759	0.02493	0.02004	0.02619	0.17883	0.01612	0.45529	0.06159	0.04504	0.01930	0.01970	0.01413	0.00993	0.00832	0.00248	0.01068	0.00723	0.00754	0.01333
28	0.02707	0.25797	0.03257	0.02008	0.02576	0.34309	0.06215	0.06204	0.02196	0.02282	0.01384	0.01643	0.01173	0.01059	0.03541	0.00263	0.01318	0.00580	0.00437	0.01050
29	0.01216	0.00912	0.01368	0.01368	0.01520	0.01064	0.01064	0.01520	0.01368	0.01976	0.02279	0.03343	0.02127	0.06382	0.66720	0.01368	0.02279	0.00912	0.00456	0.00760
30	0.01006	0.00862	0.00862	0.00862	0.01149	0.00718	0.00647	0.01221	0.01940	0.02299	0.08621	0.08190	0.64438	0.02155	0.01006	0.00287	0.00431	0.01796	0.00790	0.00718
31	0.02365	0.02415	0.03213	0.04488	0.49967	0.13913	0.02380	0.06020	0.02138	0.02794	0.01573	0.01998	0.01307	0.00795	0.00829	0.00247	0.01103	0.00720	0.00448	0.01287
32	0.07506	0.01644	0.02666	0.47877	0.19582	0.01923	0.02311	0.02304	0.01738	0.02446	0.01508	0.02161	0.01169	0.00824	0.00824	0.00275	0.01068	0.00734	0.00400	0.01040
33	0.02081	0.01997	0.03409	0.08340	0.61861	0.02015	0.02599	0.02590	0.01926	0.02750	0.01596	0.02114	0.01337	0.00763	0.00843	0.00254	0.01017	0.00758	0.00419	0.01328
34	0.02074	0.02044	0.03285	0.04492	0.49141	0.04555	0.04955	0.02529	0.01854	0.02624	0.01563	0.02114	0.01340	0.01095	0.03915	0.00316	0.09674	0.00766	0.00418	0.01247
35	0.01965	0.01735	0.01937	0.15319	0.02839	0.04758	0.01478	0.03634	0.40181	0.03119	0.03157	0.03153	0.05131	0.01114	0.00844	0.00277	0.00774	0.00928	0.06481	0.01175
36	0.02255	0.02629	0.03759	0.03036	0.07786	0.20318	0.34283	0.02775	0.02136	0.02562	0.05267	0.02575	0.04730	0.00891	0.00926	0.00264	0.01329	0.00925	0.00477	0.01076
37	0.01883	0.01771	0.03036	0.08709	0.44782	0.01821	0.05078	0.02362	0.01807	0.02570	0.01740	0.02382	0.01491	0.01923	0.14441	0.00487	0.01301	0.00801	0.00426	0.01189
38	0.02424	0.02643	0.03086	0.06969	0.42608	0.22447	0.02295	0.02841	0.02077	0.02534	0.01507	0.01933	0.01259	0.00800	0.00819	0.00243	0.01182	0.00692	0.00425	0.01216
39	0.01324	0.01073	0.01206	0.01160	0.01454	0.01053	0.00895	0.02063	0.14733	0.02921	0.24386	0.06701	0.29699	0.01836	0.00989	0.00290	0.00499	0.05988	0.00850	0.00879
40	0.01183	0.01110	0.00995	0.00975	0.01270	0.05840	0.00731	0.01407	0.01997	0.02331	0.10521	0.07592	0.57026	0.02038	0.00987	0.00281	0.00515	0.01688	0.00769	0.00743
41	0.01877	0.03611	0.46501	0.08122	0.11444	0.01944	0.05630	0.02722	0.01851	0.06064	0.01643	0.01957	0.01182	0.00815	0.00828	0.00269	0.01196	0.00685	0.00410	0.01249
42	0.02134	0.02274	0.02793	0.33252	0.23000	0.17376	0.02267	0.02599	0.01943	0.02337	0.01492	0.02044	0.01190	0.00829	0.00828	0.00259	0.01192	0.00707	0.00406	0.01078
43	0.02365	0.02483	0.02921	0.17553	0.31299	0.19342	0.02231	0.06846	0.02158	0.02644	0.01536	0.01983	0.01242	0.00828	0.00825	0.00251	0.01172	0.00702	0.00447	0.01172
44	0.02078	0.47618	0.25717	0.01793	0.02705	0.02884	0.02042	0.02599	0.01753	0.02243	0.01303	0.01515	0.01087	0.00756	0.00637	0.00212	0.01031	0.00515	0.00362	0.01150
45	0.01078	0.00786	0.00947	0.01057	0.01144	0.00729	0.00695	0.01205	0.01600	0.02074	0.05022	0.41631	0.17156	0.18635	0.01843	0.00448	0.00560	0.02009	0.00725	0.00655
46	0.01065	0.00802	0.00950	0.01037	0.01170	0.00726	0.00709	0.01236	0.01742	0.02244	0.10358	0.36205	0.24893	0.11059	0.01469	0.00382	0.00508	0.01994	0.00766	0.00686
47	0.03028	0.08446	0.02764	0.02237	0.02741	0.53804	0.06289	0.06462	0.02419	0.02305	0.01377	0.01610	0.01130	0.00862	0.00775	0.00224	0.01451	0.00589	0.00455	0.01031
48	0.02630	0.14256	0.03150	0.03194	0.25863	0.28517	0.01974	0.06073	0.02205	0.02505	0.01439	0.01748	0.01209	0.00815	0.00763	0.00228	0.01203	0.00623	0.00442	0.01164
49	0.01182	0.00847	0.00984	0.00962	0.01084	0.00797	0.00635	0.01355	0.01758	0.02354	0.24065	0.06336	0.16624	0.34473	0.02594	0.00538	0.00610	0.01445	0.00707	0.00649
50	0.01163	0.00865	0.01062	0.01015	0.01221	0.00786	0.00748	0.01495	0.02224	0.03044	0.47729	0.06708	0.20169	0.06574	0.01235	0.00311	0.00437	0.01575	0.00875	0.00764
51	0.01584	0.01424	0.01310	0.01375	0.01492	0.14315	0.00954	0.01623	0.01667	0.01988	0.03228	0.39547	0.03704	0.02366	0.01554	0.18175	0.00767	0.01633	0.00617	0.00675
52	0.02106	0.02022	0.03454	0.05223	0.64784	0.02022	0.02612	0.02612	0.01938	0.02780	0.01601	0.02106	0.01348	0.00758	0.00842	0.00253	0.01011	0.00758	0.00421	0.01348
53	0.01216	0.00912	0.01368	0.01368	0.01520	0.01064	0.01064	0.01520	0.01368	0.01976	0.02279	0.03343	0.02127	0.06382	0.66720	0.01368	0.02279	0.00912	0.00456	0.00760
54	0.01034	0.00753	0.00975	0.01152	0.01226	0.00694	0.00775	0.01189	0.01661	0.02185	0.05094	0.63234	0.11670	0.02614	0.01078	0.00340	0.00487	0.02355	0.00790	0.00694
55	0.03046	0.13820	0.02712	0.02084	0.02565	0.57387	0.01617	0.03273	0.02311	0.02071	0.01296	0.01510	0.01096	0.00855	0.00735	0.00214	0.01443	0.00534	0.00428	0.01002
56	0.02264	0.02320	0.03301	0.04779	0.55665	0.11508	0.02470	0.02727	0.02007	0.02678	0.01559	0.02022	0.01311	0.00776	0.00831	0.00248	0.01088	0.00727	0.00424	0.01295
57	0.02268	0.02623	0.01753	0.01637	0.01938	0.37368	0.01188	0.02448	0.02072	0.02096	0.05648	0.06621	0.12311	0.14640	0.01523	0.00356	0.01122	0.01011	0.00548	0.00830
58	0.01076	0.00865	0.00960	0.00936	0.01193	0.00748	0.00702	0.01358	0.02106	0.02693	0.28349	0.07541	0.44465	0.02008	0.01005	0.00280	0.00421	0.01705	0.00842	0.00748
59	0.01765	0.01513	0.01765	0.01260	0.02017	0.01134	0.01008	0.02143	0.01765	0.02773	0.01513	0.01765	0.01260	0.00630	0.00630	0.00126	0.00630	0.00504	0.00504	0.75295
60	0.02265	0.01733	0.01867	0.01528	0.02031	0.01817	0.01208	0.30401	0.09129	0.03867	0.03672	0.06877	0.14869	0.06670	0.01145	0.00302	0.00747	0.01090	0.00779	0.08002
61	0.02041	0.01974	0.03442	0.04877	0.56656	0.01960	0.07097	0.02543	0.01927	0.02743	0.01778	0.05778	0.01576	0.00859	0.00868	0.00260	0.01016	0.00867	0.00442	0.01297
62	0.01037	0.00741	0.00987	0.01185	0.01234	0.00691	0.00790	0.01185	0.01629	0.02172	0.04690	0.69537	0.05629	0.02666	0.01086	0.00346	0.00494	0.02419	0.00790	0.00691
63	0.02651	0.01940	0.02116	0.01717	0.02218	0.02117	0.01359	0.45201	0.03304	0.04426	0.02553	0.13638	0.02322	0.08866	0.01272	0.00333	0.00851	0.01092	0.00804	0.01220
64	0.01372	0.01188	0.01721	0.14876	0.02418	0.01422	0.01377	0.01633	0.01622	0.02238	0.07781	0.34106	0.03778	0.01934	0.01461	0.00334	0.17718	0.01596	0.00614	0.00811
65	0.01862	0.01862	0.02607	0.02234	0.02234	0.02607	0.01862	0.02048	0.01303	0.02048	0.01117	0.01862	0.01117	0.01489	0.02793	0.00372	0.68535	0.00745	0.00372	0.00931
66	0.01335	0.00968	0.01320	0.01496	0.01701	0.00953	0.01298	0.01709	0.01957	0.02522	0.04920	0.09457	0.10891	0.02331	0.01158	0.00381	0.00748	0.53292	0.00784	0.00777
67	0.01954	0.01866	0.03179	0.24422	0.46778	0.01982	0.02536	0.02478	0.01866	0.02595	0.01574	0.02156	0.01283	0.00787	0.00845	0.00262	0.01049	0.00758	0.00408	0.01225
68	0.01464	0.00832	0.00982	0.00982	0.01165	0.00882	0.00749	0.01831	0.01647	0.02779	0.02613	0.03229	0.02164	0.02765	0.22346	0.00583	0.01016	0.00832	0.50356	0.00782
69	0.07925	0.01519	0.01713	0.01435	0.01923	0.01550	0.01137	0.10521	0.17484	0.12046	0.20332	0.03591	0.03647	0.01198	0.00847	0.00253	0.00629	0.00992	0.00838	0.10418
70	0.02048	0.02052	0.03765	0.09192	0.46311	0.02044	0.16680	0.02609	0.01938	0.02725	0.01623	0.02163	0.01320	0.00755	0.00882	0.00263	0.01121	0.00817	0.00420	0.01272
71	0.03179	0.04056	0.02412	0.02192	0.02631	0.66676	0.01644	0.03398	0.02412	0.02083	0.01315	0.01535	0.01096	0.00877	0.00767	0.00219	0.01535	0.00548	0.00438	0.00987
72	0.02374	0.02600	0.02591	0.31773	0.10453	0.26780	0.02062	0.06836	0.02158	0.02423	0.01483	0.01955	0.01163	0.00863	0.00818	0.00254	0.01261	0.00677	0.00439	0.01037
73	0.02421	0.02571	0.02877	0.16997	0.28676	0.21943	0.02186	0.07367	0.02195	0.02641	0.01529	0.01959	0.01234	0.00834	0.00822	0.00249	0.01192	0.00694	0.00451	0.01161
74	0.01238	0.00825	0.00928	0.00928	0.00928	0.00825	0.00516	0.01238	0.01238	0.01650	0.02681	0.05569	0.03094	0.70092	0.04331	0.00825	0.00825	0.01238	0.00516	0.00516
75	0.01216	0.00912	0.01368	0.01368	0.01520	0.01064	0.01064	0.01520	0.01368	0.01976	0.02279	0.03343	0.02127	0.06382	0.66720	0.01368	0.02279	0.00912	0.00456	0.00760
76	0.01779	0.03900	0.51221	0.02702	0.03865	0.02018	0.17103	0.02702	0.01847	0.02702	0.01574	0.01916	0.01129	0.00787	0.00855	0.00274	0.01300	0.00718	0.00376	0.01231
77	0.02017	0.02210	0.02995	0.02423	0.02814	0.15300	0.19902	0.02402	0.01764	0.02244	0.01633	0.02296	0.01418	0.02348	0.17773	0.00563	0.17682	0.00825	0.00425	0.00966
78	0.01018	0.00815	0.00911	0.00987	0.01182	0.00708	0.00702	0.01207	0.01820	0.02250	0.07101	0.31908	0.41701	0.02353	0.01037	0.00310	0.00455	0.02037	0.00790	0.00708
79	0.01238	0.00825	0.00928	0.00928	0.00928	0.00825	0.00516	0.01238	0.01238	0.01650	0.02681	0.05569	0.03094	0.70092	0.04331	0.00825	0.00825	0.01238	0.00516	0.00516
80	0.01030	0.00766	0.00962	0.01118	0.01217	0.00697	0.00760	0.01192	0.01693	0.02199	0.05501	0.56881	0.17761	0.02561	0.01070	0.00334	0.00481	0.02291	0.00790	0.00697
81	0.01586	0.00793	0.00793	0.00793	0.00991	0.00793	0.00595	0.01983	0.01785	0.03173	0.02776	0.03173	0.02181	0.00991	0.00595	0.00198	0.00397	0.00793	0.74817	0.00793
82	0.03180	0.01436	0.01787	0.01426	0.01980	0.01359	0.01160	0.09665	0.06682	0.42087	0.03110	0.02885	0.02088	0.01044	0.00802	0.00251	0.00675	0.00841	0.16237	0.01306
83	0.01233	0.00843	0.01019	0.01019	0.01050	0.00874	0.00629	0.01296	0.01264	0.01717	0.02598	0.05110	0.02895	0.56949	0.17202	0.00937	0.01125	0.01170	0.00503	0.00566
84	0.01216	0.00912	0.01368	0.01368	0.01520	0.01064	0.01064	0.01520	0.01368	0.01976	0.02279	0.03343	0.02127	0.06382	0.66720	0.01368	0.02279	0.00912	0.00456	0.00760
85	0.01872	0.01892	0.02774	0.02328	0.02388	0.02575	0.06013	0.02095	0.01352	0.02095	0.01159	0.01892	0.01129	0.01436	0.02669	0.00366	0.63879	0.00763	0.00376	0.00946
86	0.01115	0.00866	0.01014	0.00977	0.01216	0.00765	0.00733	0.01433	0.02198	0.02911	0.39252	0.07182	0.33426	0.01927	0.01005	0.00277	0.00415	0.01655	0.00871	0.00765
87	0.01032	0.00863	0.00899	0.00890	0.01166	0.00730	0.00667	0.01272	0.02002	0.02447	0.16008	0.07947	0.56959	0.02100	0.01006	0.00285	0.00427	0.01762	0.00810	0.00730
88	0.04625	0.00945	0.01072	0.01004	0.01298	0.00845	0.00766	0.01653	0.02137	0.07690	0.29373	0.06771	0.35033	0.01849	0.00972	0.00277	0.00452	0.01565	0.00856	0.00817
89	0.02216	0.02231	0.03347	0.04912	0.58398	0.08664	0.02512	0.02693	0.01986	0.02709	0.01571	0.02048	0.01322	0.00770	0.00835	0.00249	0.01065	0.00737	0.00423	0.01311
90	0.01171	0.00869	0.01272	0.01322	0.01448	0.00970	0.00995	0.01436	0.01433	0.02025	0.02885	0.19981	0.03008	0.05448	0.50222	0.01111	0.01831	0.01291	0.00540	0.00743
91	0.01082	0.00865	0.00968	0.00942	0.01196	0.00751	0.00707	0.01369	0.02120	0.02726	0.29969	0.07488	0.42824	0.01996	0.01005	0.00280	0.00420	0.01698	0.00846	0.00751
92	0.01307	0.01115	0.01462	0.01318	0.01633	0.01065	0.06121	0.01923	0.11012	0.02769	0.19989	0.14360	0.28942	0.01850	0.00995	0.00290	0.00555	0.01624	0.00805	0.00865
93	0.01418	0.01209	0.01839	0.18242	0.02693	0.01504	0.01488	0.01753	0.01434	0.02020	0.01923	0.02956	0.01769	0.07599	0.36684	0.00908	0.12450	0.00863	0.00426	0.00821
94	0.02275	0.70604	0.04459	0.01456	0.02184	0.03367	0.01456	0.02548	0.01729	0.02002	0.01183	0.01365	0.01092	0.00728	0.00546	0.00182	0.00910	0.00455	0.00364	0.01092
95	0.01776	0.01549	0.01916	0.01368	0.02130	0.01182	0.03826	0.02170	0.01776	0.02771	0.01522	0.01789	0.01262	0.00634	0.00648	0.00134	0.00668	0.00527	0.00501	0.71852
96	0.01058	0.00757	0.01006	0.01171	0.01239	0.00705	0.00792	0.01238	0.01727	0.02327	0.12138	0.61647	0.05928	0.02550	0.01076	0.00336	0.00482	0.02309	0.00808	0.00705
97	0.01238	0.00825	0.00928	0.00928	0.00928	0.00825	0.00516	0.01238	0.01238	0.01650	0.02681	0.05569	0.03094	0.70092	0.04331	0.00825	0.00825	0.01238	0.00516	0.00516
98	0.14864	0.02309	0.01868	0.11340	0.02572	0.24152	0.01378	0.05773	0.02141	0.05384	0.05834	0.03202	0.13560	0.01159	0.00804	0.00255	0.00995	0.00874	0.00584	0.00954
99	0.01074	0.00769	0.01000	0.01149	0.01210	0.00736	0.00766	0.01217	0.01573	0.02095	0.04432	0.53797	0.07654	0.11790	0.06064	0.00477	0.00659	0.02131	0.00731	0.00674
100	0.01965	0.02410	0.09642	0.03314	0.04094	0.02198	0.49039	0.02634	0.01898	0.02634	0.01626	0.02198	0.01251	0.00827	0.01224	0.00297	0.10266	0.00940	0.00417	0.01128
101	0.02043	0.02000	0.05507	0.26401	0.24194	0.04782	0.02203	0.11322	0.02179	0.02883	0.02165	0.02588	0.06159	0.00946	0.00855	0.00266	0.01032	0.00824	0.00497	0.01152
102	0.22691	0.05231	0.01639	0.04499	0.04932	0.04975	0.01103	0.06189	0.02058	0.03197	0.17876	0.04103	0.15805	0.01317	0.00806	0.00262	0.00669	0.01047	0.00676	0.00923
103	0.04667	0.01721	0.15158	0.01428	0.01882	0.01154	0.01340	0.04460	0.01931	0.06048	0.09102	0.27732	0.16380	0.01844	0.00956	0.00299	0.00679	0.01591	0.00714	0.00913

[dist]
# distance from previous block
# <min> <max>
4	153

[block]
# block no. 1 follows, 21 sequences, length 69
# corresponding to MSA columns:
# 257-325
name=unknown_B
#
# <colnr> <probs for GDERKNQSTAVLIFYWHMCP>
#	G	D	E	R	K	N	Q	S	T	A	V	L	I	F	Y	W	H	M	C	P
0	0.01756	0.02390	0.19129	0.10095	0.16570	0.05178	0.02148	0.02326	0.01886	0.02571	0.02608	0.03728	0.07001	0.01157	0.00879	0.00273	0.00997	0.10508	0.00500	0.08300
1	0.20463	0.08850	0.14597	0.02665	0.20089	0.07416	0.01926	0.02522	0.01779	0.02832	0.01720	0.08304	0.01561	0.00968	0.00747	0.00258	0.00955	0.00775	0.00468	0.01106
2	0.01949	0.02963	0.26140	0.16667	0.21231	0.07558	0.02605	0.02725	0.05244	0.02607	0.01633	0.02034	0.01251	0.00828	0.00826	0.00264	0.01154	0.00703	0.00415	0.01200
3	0.02083	0.08925	0.09734	0.04579	0.52629	0.02148	0.02552	0.02614	0.01903	0.02696	0.01553	0.02003	0.01296	0.00760	0.00810	0.00248	0.01026	0.00716	0.00410	0.01314
4	0.02012	0.10040	0.32391	0.02100	0.02903	0.15996	0.02280	0.02637	0.01958	0.02463	0.02076	0.03343	0.01889	0.01141	0.00851	0.00276	0.01184	0.12912	0.00466	0.01083
5	0.09624	0.03091	0.25102	0.05849	0.03072	0.15438	0.09111	0.02615	0.01923	0.02643	0.02228	0.02482	0.07313	0.00954	0.00804	0.00259	0.01141	0.00769	0.04525	0.01057
6	0.01184	0.00927	0.01070	0.01037	0.01297	0.00812	0.00777	0.01443	0.01925	0.02520	0.18245	0.10383	0.30658	0.09684	0.01367	0.00342	0.00526	0.07073	0.00761	0.07967
7	0.02006	0.01495	0.01731	0.01503	0.01888	0.01632	0.01193	0.24325	0.05999	0.03498	0.05890	0.06740	0.09705	0.02962	0.21629	0.00614	0.01217	0.01060	0.03866	0.01046
8	0.02511	0.02384	0.02190	0.09329	0.05030	0.22603	0.01570	0.15684	0.02427	0.06518	0.02124	0.02478	0.04010	0.02124	0.14717	0.00483	0.01404	0.00772	0.00576	0.01065
9	0.02118	0.17103	0.17122	0.03299	0.28464	0.06075	0.02306	0.02848	0.07850	0.02633	0.01661	0.01953	0.01342	0.00808	0.00770	0.00243	0.01042	0.00673	0.00440	0.01253
10	0.01738	0.00971	0.01209	0.01149	0.01445	0.00852	0.00860	0.01982	0.02018	0.18094	0.12282	0.25994	0.24097	0.01995	0.00994	0.00298	0.00521	0.01730	0.00872	0.00901
11	0.01230	0.00987	0.01214	0.01254	0.01416	0.01015	0.00946	0.01561	0.05128	0.02348	0.07832	0.26984	0.22187	0.05964	0.01404	0.00357	0.07152	0.09508	0.00744	0.00766
12	0.02344	0.15041	0.22221	0.02798	0.16414	0.22151	0.02279	0.02869	0.02005	0.02407	0.01419	0.01710	0.01145	0.00805	0.00759	0.00235	0.01230	0.00603	0.00398	0.01166
13	0.01103	0.00882	0.01048	0.01058	0.01284	0.00844	0.00806	0.01343	0.01728	0.02179	0.06140	0.06651	0.38843	0.07174	0.21174	0.00651	0.01034	0.04662	0.00673	0.00723
14	0.01292	0.00891	0.00905	0.00894	0.01139	0.00834	0.00659	0.01682	0.05405	0.02628	0.05807	0.05935	0.34217	0.07009	0.01114	0.00298	0.00464	0.01352	0.26709	0.00765
15	0.01840	0.02229	0.15563	0.06107	0.12882	0.01827	0.04868	0.03062	0.22063	0.02987	0.06259	0.03697	0.02569	0.01180	0.00907	0.00292	0.00912	0.08937	0.00633	0.01187
16	0.01912	0.14676	0.19028	0.19500	0.23650	0.02217	0.02478	0.02512	0.01806	0.02470	0.01486	0.01937	0.01182	0.00789	0.00783	0.00252	0.01086	0.00671	0.00385	0.01180
17	0.02224	0.03907	0.35393	0.02684	0.08256	0.22064	0.08187	0.02909	0.02019	0.02515	0.01486	0.01787	0.01125	0.00817	0.00817	0.00254	0.01341	0.00650	0.00396	0.01170
18	0.03182	0.03958	0.02420	0.02179	0.02631	0.62942	0.01643	0.06812	0.02504	0.02274	0.01358	0.01564	0.01117	0.00885	0.00772	0.00221	0.01500	0.00561	0.00463	0.01013
19	0.01036	0.00821	0.00932	0.00995	0.01191	0.00717	0.00712	0.01246	0.01877	0.02363	0.12670	0.29338	0.38511	0.02292	0.01034	0.00306	0.00450	0.01988	0.00804	0.00717
20	0.01856	0.02060	0.15833	0.02197	0.12910	0.01387	0.01724	0.02336	0.01838	0.08715	0.02380	0.16227	0.02239	0.01161	0.00823	0.00238	0.00812	0.01012	0.00572	0.23679
21	0.01310	0.00843	0.01025	0.01025	0.01114	0.00887	0.00692	0.01487	0.01398	0.02087	0.02586	0.04385	0.02608	0.36080	0.21561	0.00841	0.01150	0.01043	0.17228	0.00649
22	0.02035	0.02047	0.03614	0.04259	0.39034	0.02170	0.15063	0.02520	0.01822	0.02618	0.01527	0.02096	0.01288	0.00900	0.01279	0.00285	0.15002	0.00808	0.00413	0.01219
23	0.01765	0.02427	0.19881	0.03541	0.34703	0.01735	0.02343	0.02341	0.01900	0.02656	0.03061	0.03304	0.14575	0.01066	0.00868	0.00265	0.00956	0.00942	0.00482	0.01191
24	0.01030	0.00767	0.00960	0.01115	0.01216	0.00697	0.00759	0.01193	0.01697	0.02200	0.05547	0.56173	0.18440	0.02555	0.01069	0.00333	0.00480	0.02284	0.00790	0.00697
25	0.03141	0.07365	0.02553	0.02104	0.02608	0.49972	0.01628	0.15445	0.02702	0.02756	0.01458	0.01630	0.01168	0.00899	0.00773	0.00225	0.01377	0.00588	0.00520	0.01088
26	0.05466	0.50360	0.06590	0.01646	0.02326	0.17038	0.01550	0.02738	0.01869	0.02125	0.01227	0.01422	0.01085	0.00767	0.00605	0.00197	0.01051	0.00483	0.00387	0.01069
27	0.24705	0.05903	0.23818	0.02211	0.08714	0.16110	0.02023	0.02775	0.01836	0.02884	0.01370	0.01627	0.01061	0.00810	0.00707	0.00252	0.01098	0.00566	0.00434	0.01099
28	0.01253	0.00949	0.01338	0.01354	0.01460	0.01091	0.01021	0.01497	0.01447	0.02085	0.02840	0.20548	0.02987	0.07396	0.37070	0.00917	0.08088	0.01296	0.04613	0.00750
29	0.01100	0.00810	0.01009	0.01112	0.01221	0.00772	0.00772	0.01266	0.01621	0.02112	0.04933	0.36001	0.17215	0.14375	0.08006	0.00517	0.00726	0.05044	0.00711	0.00679
30	0.01006	0.00862	0.00862	0.00862	0.01149	0.00718	0.00647	0.01221	0.01940	0.02299	0.08621	0.08190	0.64438	0.02155	0.01006	0.00287	0.00431	0.01796	0.00790	0.00718
31	0.01217	0.00985	0.01340	0.01414	0.01452	0.01108	0.01023	0.01373	0.01558	0.02145	0.03912	0.54794	0.04646	0.02410	0.01458	0.00351	0.15316	0.02054	0.00699	0.00743
32	0.02785	0.03199	0.02487	0.02178	0.02511	0.39925	0.01707	0.09638	0.02255	0.02445	0.01338	0.01692	0.01142	0.01080	0.01393	0.00270	0.21834	0.00633	0.00465	0.01022
33	0.02789	0.02716	0.15774	0.02013	0.02780	0.02389	0.01893	0.46019	0.03402	0.04620	0.02084	0.05808	0.01606	0.01070	0.00856	0.00263	0.00979	0.00831	0.00744	0.01365
34	0.02117	0.01828	0.01924	0.01732	0.02213	0.02117	0.01347	0.04522	0.63246	0.03560	0.03464	0.03175	0.02598	0.01155	0.00866	0.00289	0.00673	0.00962	0.00866	0.01347
35	0.01216	0.00912	0.01368	0.01368	0.01520	0.01064	0.01064	0.01520	0.01368	0.01976	0.02279	0.03343	0.02127	0.06382	0.66720	0.01368	0.02279	0.00912	0.00456	0.00760
36	0.01734	0.07597	0.62728	0.02379	0.03611	0.02044	0.03063	0.02688	0.01793	0.02662	0.01511	0.01776	0.01079	0.00805	0.00796	0.00265	0.01241	0.00620	0.00360	0.01250
37	0.02020	0.02807	0.19694	0.03835	0.26442	0.04933	0.22382	0.02706	0.01947	0.02710	0.01610	0.02065	0.01249	0.00763	0.00884	0.00267	0.01238	0.00798	0.00409	0.01242
38	0.01032	0.00847	0.00881	0.00900	0.01136	0.00726	0.00648	0.01219	0.01840	0.02222	0.07649	0.13893	0.52628	0.08954	0.01344	0.00346	0.00476	0.01801	0.00763	0.00696
39	0.01586	0.00793	0.00793	0.00793	0.00991	0.00793	0.00595	0.01983	0.01785	0.03173	0.02776	0.03173	0.02181	0.00991	0.00595	0.00198	0.00397	0.00793	0.74817	0.00793
40	0.02242	0.55729	0.04047	0.01624	0.02212	0.05977	0.01535	0.02498	0.01684	0.02014	0.01177	0.01459	0.01097	0.00867	0.00948	0.00217	0.12734	0.00510	0.00369	0.01059
41	0.01110	0.00859	0.01011	0.00988	0.01217	0.00760	0.00735	0.01417	0.02164	0.02865	0.37081	0.10716	0.32073	0.01970	0.01009	0.00281	0.00419	0.01699	0.00866	0.00760
42	0.01240	0.01066	0.01086	0.01045	0.01374	0.01013	0.00794	0.01917	0.14864	0.02565	0.07534	0.07133	0.51401	0.01944	0.00976	0.00288	0.00482	0.01620	0.00806	0.00851
43	0.01218	0.00902	0.01318	0.01318	0.01452	0.01037	0.01001	0.01488	0.01353	0.01939	0.02325	0.03596	0.02237	0.13619	0.59633	0.01306	0.02114	0.00949	0.00463	0.00732
44	0.03412	0.02099	0.02378	0.01823	0.02497	0.02217	0.01506	0.44376	0.03525	0.23606	0.02443	0.02303	0.01648	0.01031	0.00853	0.00258	0.00872	0.00793	0.00913	0.01448
45	0.01238	0.00825	0.00928	0.00928	0.00928	0.00825	0.00516	0.01238	0.01238	0.01650	0.02681	0.05569	0.03094	0.70092	0.04331	0.00825	0.00825	0.01238	0.00516	0.00516
46	0.53952	0.01870	0.01647	0.01374	0.01948	0.02131	0.01133	0.20572	0.02224	0.04288	0.01446	0.01583	0.01081	0.00860	0.00625	0.00261	0.00743	0.00554	0.00625	0.01081
47	0.01091	0.00875	0.00980	0.00983	0.01239	0.00765	0.00756	0.01370	0.02058	0.02600	0.22098	0.07870	0.44601	0.02071	0.01022	0.00293	0.00458	0.07298	0.00826	0.00746
48	0.01114	0.00840	0.01045	0.01156	0.01324	0.00771	0.00870	0.01359	0.01869	0.02410	0.11617	0.32139	0.23584	0.02355	0.01073	0.00330	0.00527	0.14085	0.00803	0.00730
49	0.01586	0.00793	0.00793	0.00793	0.00991	0.00793	0.00595	0.01983	0.01785	0.03173	0.02776	0.03173	0.02181	0.00991	0.00595	0.00198	0.00397	0.00793	0.74817	0.00793
50	0.01218	0.00903	0.01325	0.01325	0.01462	0.01041	0.01010	0.01492	0.01355	0.01944	0.02319	0.03560	0.02221	0.12575	0.60656	0.01315	0.02138	0.00943	0.00462	0.00736
51	0.01339	0.00909	0.01093	0.01033	0.01298	0.00802	0.00779	0.01648	0.02186	0.08142	0.34296	0.10245	0.29284	0.01894	0.00997	0.00279	0.00445	0.01629	0.00882	0.00818
52	0.01222	0.00889	0.01250	0.01250	0.01362	0.01000	0.00917	0.01444	0.01333	0.01889	0.02387	0.03938	0.02386	0.23417	0.50039	0.01223	0.01891	0.00999	0.00472	0.00695
53	0.25842	0.03508	0.44781	0.02002	0.03022	0.01955	0.02423	0.02632	0.01684	0.03059	0.01416	0.01662	0.01027	0.00802	0.00717	0.00267	0.01063	0.00574	0.00414	0.01149
54	0.01238	0.00825	0.00928	0.00928	0.00928	0.00825	0.00516	0.01238	0.01238	0.01650	0.02681	0.05569	0.03094	0.70092	0.04331	0.00825	0.00825	0.01238	0.00516	0.00516
55	0.01412	0.01201	0.01744	0.01631	0.01737	0.01533	0.01306	0.01680	0.01348	0.01998	0.01926	0.02893	0.01820	0.04895	0.47287	0.01065	0.22420	0.00861	0.00431	0.00812
56	0.02657	0.02094	0.02677	0.02944	0.22681	0.02249	0.01861	0.27014	0.16152	0.07428	0.02281	0.02357	0.01702	0.00967	0.00852	0.00262	0.00892	0.00811	0.00726	0.01393
57	0.01238	0.00825	0.00928	0.00928	0.00928	0.00825	0.00516	0.01238	0.01238	0.01650	0.02681	0.05569	0.03094	0.70092	0.04331	0.00825	0.00825	0.01238	0.00516	0.00516
58	0.01238	0.00825	0.00928	0.00928	0.00928	0.00825	0.00516	0.01238	0.01238	0.01650	0.02681	0.05569	0.03094	0.70092	0.04331	0.00825	0.00825	0.01238	0.00516	0.00516
59	0.01982	0.01895	0.03230	0.20871	0.50107	0.01989	0.02550	0.02503	0.01879	0.02629	0.01579	0.02147	0.01295	0.00781	0.00845	0.00260	0.01042	0.00758	0.00411	0.01248
60	0.01006	0.00862	0.00862	0.00862	0.01149	0.00718	0.00647	0.01221	0.01940	0.02299	0.08621	0.08190	0.64438	0.02155	0.01006	0.00287	0.00431	0.01796	0.00790	0.00718
61	0.01956	0.02754	0.23455	0.06648	0.36375	0.02011	0.02651	0.02806	0.07841	0.02803	0.01754	0.02117	0.01373	0.00817	0.00834	0.00263	0.01063	0.00736	0.00443	0.01301
62	0.03182	0.03963	0.02419	0.02179	0.02631	0.63135	0.01643	0.06635	0.02500	0.02264	0.01356	0.01563	0.01116	0.00885	0.00772	0.00221	0.01502	0.00560	0.00461	0.01012
63	0.01087	0.00846	0.00991	0.01016	0.01228	0.00750	0.00752	0.01354	0.02024	0.02624	0.24660	0.19328	0.33613	0.02134	0.01028	0.00297	0.00449	0.04241	0.00835	0.00742
64	0.02125	0.02094	0.03319	0.10361	0.56289	0.05667	0.02536	0.02619	0.01945	0.02690	0.01577	0.02088	0.01316	0.00773	0.00839	0.00253	0.01051	0.00746	0.00419	0.01294
65	0.01028	0.00858	0.00869	0.00869	0.01128	0.00729	0.00634	0.01223	0.01871	0.02236	0.08044	0.07935	0.58476	0.08759	0.01329	0.00340	0.00469	0.01742	0.00764	0.00699
66	0.09651	0.01417	0.01836	0.09276	0.08372	0.01416	0.01360	0.07303	0.02155	0.20891	0.03904	0.07684	0.15244	0.01367	0.00883	0.00281	0.00738	0.04364	0.00762	0.01096
67	0.02106	0.02022	0.03454	0.05223	0.64784	0.02022	0.02612	0.02612	0.01938	0.02780	0.01601	0.02106	0.01348	0.00758	0.00842	0.00253	0.01011	0.00758	0.00421	0.01348
68	0.06235	0.03481	0.02486	0.02402	0.08631	0.47133	0.01703	0.12846	0.02584	0.02761	0.01456	0.01667	0.01170	0.00885	0.00778	0.00230	0.01348	0.00600	0.00508	0.01094

[dist]
# distance from previous block
# <min> <max>
0	1

[block]
# block no. 2 follows, 21 sequences, length 32
# corresponding to MSA columns:
# 327-358
name=unknown_C
#
# <colnr> <probs for GDERKNQSTAVLIFYWHMCP>
#	G	D	E	R	K	N	Q	S	T	A	V	L	I	F	Y	W	H	M	C	P
0	0.02334	0.25862	0.15152	0.02748	0.18228	0.17272	0.02103	0.02786	0.01950	0.02344	0.01382	0.01670	0.01154	0.00785	0.00720	0.00225	0.01143	0.00585	0.00395	0.01163
1	0.01951	0.01964	0.02565	0.03539	0.37006	0.10654	0.01937	0.02342	0.02006	0.02556	0.03378	0.03961	0.16019	0.01210	0.00893	0.00266	0.00935	0.05172	0.00534	0.01113
2	0.01462	0.00803	0.00871	0.00885	0.01036	0.00811	0.00629	0.01767	0.01651	0.02757	0.02859	0.08259	0.02575	0.13239	0.06034	0.00399	0.00612	0.00992	0.51624	0.00736
3	0.02784	0.01780	0.02019	0.01660	0.02189	0.01887	0.01327	0.28883	0.12433	0.17348	0.02972	0.12493	0.02423	0.01292	0.00878	0.00273	0.00760	0.01063	0.04244	0.01290
4	0.01178	0.00841	0.01085	0.01122	0.01201	0.00875	0.00762	0.01323	0.01400	0.01900	0.03298	0.16902	0.07155	0.31465	0.24783	0.00886	0.01234	0.01382	0.00564	0.00645
5	0.21973	0.03435	0.02112	0.01916	0.02377	0.49984	0.01458	0.03167	0.02163	0.02530	0.01282	0.01495	0.01051	0.00855	0.00705	0.00231	0.01309	0.00526	0.00461	0.00970
6	0.01169	0.00796	0.00948	0.01016	0.01033	0.00779	0.00609	0.01220	0.01371	0.01828	0.03366	0.27376	0.03958	0.47106	0.03225	0.00662	0.00712	0.01640	0.00609	0.00576
7	0.01238	0.00825	0.00928	0.00928	0.00928	0.00825	0.00516	0.01238	0.01238	0.01650	0.02681	0.05569	0.03094	0.70092	0.04331	0.00825	0.00825	0.01238	0.00516	0.00516
8	0.02932	0.03035	0.03062	0.02425	0.03050	0.28230	0.15388	0.24883	0.02907	0.03443	0.01677	0.01897	0.01271	0.00894	0.00853	0.00248	0.01291	0.00733	0.00589	0.01194
9	0.01478	0.00739	0.01109	0.01109	0.01109	0.00739	0.00739	0.01109	0.01109	0.01478	0.01478	0.02587	0.01478	0.02956	0.03326	0.75240	0.00739	0.00739	0.00370	0.00370
10	0.01086	0.00872	0.00974	0.00968	0.01225	0.00760	0.00739	0.01366	0.02074	0.02630	0.24107	0.07765	0.44542	0.02051	0.01016	0.00289	0.00446	0.05514	0.00831	0.00747
11	0.01217	0.00906	0.01339	0.01339	0.01480	0.01048	0.01027	0.01501	0.01359	0.01954	0.02306	0.03491	0.02191	0.10600	0.62590	0.01332	0.02183	0.00933	0.00460	0.00744
12	0.07229	0.48908	0.03747	0.01594	0.02265	0.11460	0.01467	0.10136	0.02087	0.02552	0.01309	0.01474	0.01126	0.00788	0.00612	0.00201	0.00979	0.00507	0.00446	0.01112
13	0.01024	0.00859	0.00867	0.00867	0.01133	0.00727	0.00637	0.01223	0.01886	0.02249	0.08166	0.07989	0.59738	0.07361	0.01261	0.00329	0.00461	0.01753	0.00769	0.00703
14	0.02106	0.02022	0.03454	0.05223	0.64784	0.02022	0.02612	0.02612	0.01938	0.02780	0.01601	0.02106	0.01348	0.00758	0.00842	0.00253	0.01011	0.00758	0.00421	0.01348
15	0.01484	0.01080	0.01440	0.01387	0.01582	0.01201	0.01055	0.09925	0.01760	0.02443	0.02607	0.13404	0.02598	0.08620	0.41211	0.04022	0.01670	0.01134	0.00563	0.00816
16	0.02407	0.02465	0.02021	0.06846	0.02439	0.24945	0.01399	0.09521	0.18385	0.02752	0.02242	0.02862	0.01921	0.14382	0.01500	0.00364	0.01074	0.00831	0.00607	0.01037
17	0.01109	0.00857	0.01012	0.00993	0.01218	0.00759	0.00737	0.01414	0.02154	0.02855	0.36618	0.11960	0.31281	0.01983	0.01011	0.00282	0.00421	0.01713	0.00865	0.00759
18	0.01086	0.00766	0.00989	0.01133	0.01222	0.00712	0.00774	0.01283	0.01751	0.02388	0.12242	0.54985	0.08674	0.02434	0.01045	0.00325	0.00474	0.02190	0.04815	0.00712
19	0.01921	0.02206	0.11148	0.21053	0.38320	0.01990	0.06045	0.02516	0.01863	0.02609	0.01576	0.02120	0.01255	0.00786	0.00850	0.00265	0.01099	0.00756	0.00403	0.01221
20	0.02603	0.02745	0.02106	0.01864	0.02284	0.32638	0.01441	0.16358	0.02510	0.02830	0.02171	0.02491	0.05459	0.02253	0.15908	0.00495	0.01497	0.00761	0.00560	0.01024
21	0.01136	0.00860	0.01114	0.01185	0.01357	0.00837	0.00900	0.01401	0.01784	0.02352	0.11800	0.22886	0.20196	0.03237	0.16102	0.00563	0.00918	0.09904	0.00729	0.00740
22	0.02436	0.02239	0.03179	0.04275	0.46436	0.06443	0.02320	0.16254	0.02442	0.03326	0.01683	0.02054	0.01354	0.00826	0.00840	0.00251	0.01029	0.00746	0.00521	0.01347
23	0.06712	0.01092	0.01351	0.05548	0.01792	0.01165	0.01040	0.01939	0.10342	0.02480	0.03668	0.28029	0.08082	0.02922	0.16006	0.00548	0.00982	0.01487	0.00666	0.04147
24	0.20796	0.02145	0.01871	0.04451	0.04914	0.16000	0.01326	0.15306	0.02304	0.03290	0.02447	0.13917	0.05363	0.01263	0.00801	0.00268	0.00905	0.00986	0.00627	0.01018
25	0.02661	0.03084	0.17588	0.02214	0.02980	0.14280	0.07833	0.28235	0.02878	0.03753	0.01791	0.01971	0.01316	0.00913	0.00828	0.00252	0.01146	0.00718	0.04304	0.01255
26	0.04468	0.01646	0.01871	0.01833	0.07290	0.10559	0.05548	0.02327	0.04430	0.08153	0.21029	0.05005	0.15061	0.01468	0.00935	0.00274	0.00772	0.05629	0.00739	0.00963
27	0.02468	0.18385	0.02937	0.20853	0.03436	0.27392	0.01815	0.05944	0.02089	0.02265	0.01372	0.01748	0.01126	0.00870	0.00834	0.00238	0.04177	0.00607	0.00423	0.01021
28	0.02150	0.02156	0.06226	0.03068	0.26251	0.06562	0.01904	0.07759	0.15403	0.03070	0.02172	0.05878	0.01814	0.00963	0.00826	0.00247	0.00905	0.00836	0.00581	0.11228
29	0.11695	0.02260	0.07086	0.06368	0.21029	0.05860	0.01921	0.15372	0.11042	0.06260	0.01957	0.02143	0.01481	0.00902	0.00802	0.00261	0.00945	0.00734	0.00610	0.01270
30	0.27325	0.15212	0.02506	0.01873	0.06703	0.17153	0.01433	0.13309	0.02211	0.03282	0.01397	0.01584	0.01118	0.00837	0.00666	0.00236	0.00981	0.00556	0.00526	0.01093
31	0.07255	0.01980	0.02214	0.13795	0.16117	0.11830	0.01668	0.09165	0.02168	0.02827	0.03167	0.03366	0.15700	0.01140	0.00840	0.00257	0.00932	0.00932	0.00561	0.04083

[dist]
# distance from previous block
# <min> <max>
55	195

[block]
# block no. 3 follows, 21 sequences, length 38
# corresponding to MSA columns:
# 579-616
name=unknown_D
#
# <colnr> <probs for GDERKNQSTAVLIFYWHMCP>
#	G	D	E	R	K	N	Q	S	T	A	V	L	I	F	Y	W	H	M	C	P
0	0.02742	0.12899	0.02742	0.05244	0.02634	0.26582	0.01650	0.18511	0.02519	0.02938	0.01511	0.01792	0.01233	0.01181	0.03555	0.00290	0.09704	0.00641	0.00526	0.01107
1	0.02612	0.03063	0.15933	0.02284	0.06884	0.16794	0.01964	0.21406	0.14159	0.03545	0.02007	0.02093	0.01499	0.00951	0.00825	0.00256	0.01095	0.00724	0.00628	0.01278
2	0.01268	0.00969	0.01129	0.01192	0.01340	0.00979	0.00818	0.01804	0.12738	0.02336	0.04568	0.37054	0.12031	0.15716	0.01681	0.00423	0.00584	0.01842	0.00749	0.00778
3	0.01238	0.00855	0.01045	0.01042	0.01122	0.00843	0.00694	0.01398	0.01631	0.02232	0.20005	0.06016	0.04574	0.42297	0.06169	0.00660	0.00774	0.06122	0.00653	0.00630
4	0.01674	0.03096	0.37011	0.02683	0.12262	0.01781	0.07739	0.02413	0.01770	0.02568	0.02028	0.02461	0.04392	0.01813	0.12131	0.00458	0.01372	0.00786	0.00412	0.01150
5	0.06399	0.01217	0.01199	0.01191	0.01457	0.05315	0.00889	0.06361	0.02037	0.02665	0.08789	0.25030	0.27950	0.02026	0.00976	0.00299	0.00591	0.04037	0.00762	0.00807
6	0.12569	0.03209	0.41951	0.01904	0.02777	0.01713	0.02239	0.02346	0.01622	0.02631	0.01730	0.02565	0.01498	0.16037	0.01541	0.00391	0.01074	0.00738	0.00418	0.01045
7	0.03179	0.04056	0.02412	0.02192	0.02631	0.66676	0.01644	0.03398	0.02412	0.02083	0.01315	0.01535	0.01096	0.00877	0.00767	0.00219	0.01535	0.00548	0.00438	0.00987
8	0.01802	0.07961	0.19304	0.01591	0.02239	0.01579	0.01617	0.08106	0.02028	0.02947	0.09024	0.03065	0.02364	0.01208	0.00992	0.06456	0.00819	0.04661	0.10237	0.12000
9	0.01389	0.01119	0.01179	0.01161	0.01332	0.06179	0.00843	0.01611	0.01581	0.02125	0.03529	0.04591	0.13741	0.19451	0.25898	0.00794	0.01288	0.01106	0.10365	0.00717
10	0.01172	0.00943	0.01054	0.01013	0.01282	0.00863	0.00763	0.01635	0.07046	0.02831	0.29754	0.07078	0.37655	0.01914	0.00994	0.00280	0.00439	0.01630	0.00853	0.00802
11	0.02191	0.53136	0.17837	0.01691	0.02533	0.03030	0.01834	0.05118	0.01841	0.02298	0.01295	0.01489	0.01104	0.00758	0.00617	0.00204	0.00988	0.00507	0.00384	0.01144
12	0.01976	0.03630	0.37549	0.02289	0.03165	0.15646	0.07427	0.02656	0.01874	0.02439	0.01636	0.02160	0.01319	0.05909	0.06347	0.00386	0.01385	0.00707	0.00400	0.01101
13	0.05294	0.15324	0.28789	0.02024	0.02912	0.06650	0.02169	0.15888	0.07487	0.03237	0.01715	0.01857	0.01285	0.00874	0.00762	0.00249	0.01070	0.00644	0.00523	0.01246
14	0.01238	0.00825	0.00928	0.00928	0.00928	0.00825	0.00516	0.01238	0.01238	0.01650	0.02681	0.05569	0.03094	0.70092	0.04331	0.00825	0.00825	0.01238	0.00516	0.00516
15	0.01376	0.01080	0.01563	0.02001	0.15129	0.01090	0.01125	0.01568	0.01507	0.02075	0.02880	0.20242	0.03192	0.28845	0.11960	0.00661	0.00999	0.01375	0.00554	0.00778
16	0.03048	0.03457	0.02342	0.02050	0.02535	0.47472	0.01572	0.16830	0.02749	0.02858	0.01967	0.02092	0.05361	0.00995	0.00803	0.00232	0.01323	0.00681	0.00557	0.01076
17	0.01317	0.01041	0.01300	0.01290	0.01415	0.04192	0.00945	0.01535	0.01383	0.01893	0.02341	0.03854	0.02337	0.23245	0.46736	0.01166	0.01852	0.00982	0.00471	0.00705
18	0.01340	0.00995	0.01307	0.01452	0.01676	0.00983	0.01245	0.01787	0.04567	0.02547	0.05173	0.09082	0.15092	0.02266	0.01133	0.00369	0.00718	0.46683	0.00788	0.00796
19	0.01068	0.00803	0.00929	0.01012	0.01138	0.00730	0.00679	0.01210	0.01660	0.02107	0.05705	0.33360	0.26684	0.16865	0.01749	0.00427	0.00541	0.01938	0.00732	0.00664
20	0.01845	0.01847	0.02001	0.07879	0.15938	0.13193	0.01504	0.04267	0.06077	0.02523	0.04013	0.13651	0.18878	0.01478	0.00911	0.00275	0.00860	0.01256	0.00618	0.00987
21	0.02000	0.01904	0.03193	0.18561	0.49365	0.01998	0.02503	0.02602	0.04596	0.02685	0.01664	0.02188	0.01357	0.00796	0.00845	0.00261	0.01023	0.00767	0.00432	0.01261
22	0.18173	0.02327	0.02643	0.11289	0.30420	0.16195	0.02006	0.02708	0.01908	0.02776	0.01438	0.01845	0.01175	0.00802	0.00759	0.00251	0.01065	0.00648	0.00442	0.01128
23	0.01959	0.02263	0.12425	0.04024	0.42801	0.01922	0.02379	0.02747	0.09436	0.02824	0.02382	0.02679	0.06529	0.00927	0.00853	0.00262	0.00960	0.00847	0.00496	0.01284
24	0.01970	0.13353	0.26554	0.02474	0.03253	0.05860	0.15026	0.02579	0.01759	0.02425	0.01417	0.01838	0.01135	0.00927	0.01235	0.00279	0.15706	0.00703	0.00382	0.01124
25	0.01086	0.00888	0.00974	0.01017	0.01284	0.00776	0.00806	0.01340	0.01944	0.02353	0.07716	0.08500	0.51349	0.02198	0.01043	0.00310	0.00509	0.14384	0.00789	0.00733
26	0.01748	0.04114	0.57379	0.02585	0.03788	0.02000	0.11159	0.02699	0.01826	0.02699	0.01554	0.01865	0.01107	0.00796	0.00835	0.00272	0.01282	0.00680	0.00369	0.01243
27	0.02022	0.03429	0.34186	0.16683	0.08844	0.11736	0.02625	0.05889	0.01999	0.02642	0.01526	0.01897	0.01135	0.00835	0.00816	0.00263	0.01236	0.00662	0.00407	0.01167
28	0.01074	0.00908	0.00935	0.00920	0.01209	0.00791	0.00692	0.01407	0.04834	0.02452	0.13087	0.07802	0.56794	0.02074	0.00999	0.00286	0.00440	0.01736	0.00806	0.00755
29	0.01249	0.00838	0.00966	0.00982	0.00999	0.00838	0.00588	0.01282	0.01299	0.01726	0.02836	0.05909	0.03246	0.64370	0.04065	0.00788	0.00822	0.06122	0.00538	0.00538
30	0.08087	0.01356	0.01472	0.01343	0.01639	0.01435	0.00992	0.18809	0.04609	0.03180	0.03489	0.23966	0.08044	0.15766	0.01622	0.00404	0.00704	0.01434	0.00732	0.00918
31	0.06593	0.01187	0.01361	0.01234	0.01575	0.01145	0.00935	0.09839	0.02186	0.11002	0.11589	0.21054	0.17231	0.04683	0.01081	0.00307	0.00588	0.01499	0.00808	0.04103
32	0.02362	0.01886	0.02276	0.01872	0.02261	0.02220	0.01535	0.29994	0.02603	0.03621	0.01818	0.02258	0.01494	0.02272	0.15421	0.00518	0.19384	0.00779	0.00621	0.04804
33	0.02203	0.01970	0.06231	0.01861	0.07139	0.05959	0.01424	0.20657	0.02468	0.03442	0.02197	0.08309	0.01919	0.03828	0.04168	0.00308	0.00904	0.00872	0.10102	0.14040
