[name]
unknown

[dist]
# distance from previous block
# <min> <max>
0	0

[block]
# block no. 0 follows, 21 sequences, length 133
# corresponding to MSA columns:
# 0-132
name=unknown_A
#
# <colnr> <probs for GDERKNQSTAVLIFYWHMCP>
#	G	D	E	R	K	N	Q	S	T	A	V	L	I	F	Y	W	H	M	C	P
0	0.01371	0.00980	0.01371	0.01567	0.01763	0.00980	0.01371	0.01763	0.01959	0.02547	0.04506	0.09599	0.04898	0.02351	0.01175	0.00392	0.00784	0.59056	0.00784	0.00784
1	0.03235	0.02384	0.02554	0.01958	0.02639	0.02639	0.01618	0.61946	0.04001	0.05363	0.02043	0.02043	0.01447	0.01022	0.00851	0.00255	0.00936	0.00766	0.00851	0.01447
2	0.01243	0.00903	0.01325	0.01325	0.01481	0.01044	0.01029	0.01554	0.01398	0.02064	0.02316	0.03331	0.02131	0.05984	0.61834	0.01281	0.02140	0.00903	0.05950	0.00762
3	0.03392	0.01354	0.01839	0.01442	0.02026	0.01178	0.01178	0.03733	0.02431	0.55281	0.13290	0.03460	0.03071	0.01165	0.00880	0.00264	0.00672	0.00967	0.01034	0.01343
4	0.02425	0.01624	0.01817	0.01546	0.01995	0.01736	0.01195	0.16065	0.23775	0.14686	0.03285	0.06234	0.05215	0.12760	0.01457	0.00369	0.00747	0.01044	0.00831	0.01193
5	0.01586	0.00793	0.00793	0.00793	0.00991	0.00793	0.00595	0.01983	0.01785	0.03173	0.02776	0.03173	0.02181	0.00991	0.00595	0.00198	0.00397	0.00793	0.74817	0.00793
6	0.01786	0.01588	0.01947	0.01471	0.02064	0.01453	0.01193	0.02122	0.01665	0.02616	0.01427	0.01786	0.01229	0.00816	0.01099	0.00179	0.15346	0.00556	0.00476	0.59179
7	0.01172	0.00851	0.01074	0.01078	0.01206	0.00843	0.00754	0.01384	0.01699	0.02310	0.19211	0.12491	0.12653	0.22630	0.16215	0.00678	0.00945	0.01445	0.00676	0.00687
8	0.02490	0.02910	0.02051	0.01902	0.02255	0.41333	0.01442	0.02908	0.06917	0.02167	0.01783	0.02222	0.01533	0.02596	0.21100	0.00579	0.01696	0.00693	0.00478	0.00945
9	0.01450	0.01174	0.01597	0.01482	0.01554	0.01460	0.01139	0.01651	0.01349	0.02014	0.02058	0.03413	0.02055	0.19912	0.26628	0.00836	0.22195	0.00930	0.06345	0.00756
10	0.01183	0.00869	0.01108	0.01048	0.01258	0.00794	0.00786	0.01565	0.02359	0.03294	0.58385	0.06553	0.14054	0.01784	0.01004	0.00270	0.00405	0.01566	0.00921	0.00794
11	0.03179	0.04056	0.02412	0.02192	0.02631	0.66676	0.01644	0.03398	0.02412	0.02083	0.01315	0.01535	0.01096	0.00877	0.00767	0.00219	0.01535	0.00548	0.00438	0.00987
12	0.01006	0.00862	0.00862	0.00862	0.01149	0.00718	0.00647	0.01221	0.01940	0.02299	0.08621	0.08190	0.64438	0.02155	0.01006	0.00287	0.00431	0.01796	0.00790	0.00718
13	0.03183	0.03932	0.02422	0.02175	0.02631	0.61945	0.01642	0.07724	0.02529	0.02325	0.01369	0.01572	0.01122	0.00888	0.00774	0.00222	0.01490	0.00564	0.00469	0.01021
14	0.01956	0.02127	0.04321	0.03086	0.03925	0.01933	0.48640	0.02601	0.01956	0.02736	0.01677	0.02181	0.01285	0.00699	0.00924	0.00252	0.01262	0.00897	0.00446	0.17096
15	0.02763	0.03290	0.02221	0.01931	0.02452	0.46532	0.01467	0.03142	0.05600	0.02339	0.01484	0.01683	0.01221	0.00830	0.00738	0.00199	0.01258	0.00560	0.00479	0.19812
16	0.02009	0.02296	0.05022	0.03587	0.04448	0.02152	0.61693	0.02726	0.02009	0.02726	0.01722	0.02296	0.01291	0.00717	0.01004	0.00287	0.01435	0.01004	0.00430	0.01148
17	0.02106	0.02022	0.03454	0.05223	0.64784	0.02022	0.02612	0.02612	0.01938	0.02780	0.01601	0.02106	0.01348	0.00758	0.00842	0.00253	0.01011	0.00758	0.00421	0.01348
18	0.01707	0.04402	0.65683	0.02426	0.03683	0.01976	0.03144	0.02695	0.01797	0.02695	0.01527	0.01797	0.01078	0.00809	0.00809	0.00270	0.01258	0.00629	0.00359	0.01258
19	0.02275	0.70604	0.04459	0.01456	0.02184	0.03367	0.01456	0.02548	0.01729	0.02002	0.01183	0.01365	0.01092	0.00728	0.00546	0.00182	0.00910	0.00455	0.00364	0.01092
20	0.01037	0.00741	0.00987	0.01185	0.01234	0.00691	0.00790	0.01185	0.01629	0.02172	0.04690	0.69537	0.05629	0.02666	0.01086	0.00346	0.00494	0.02419	0.00790	0.00691
21	0.01242	0.01003	0.01369	0.01443	0.01493	0.01129	0.01068	0.01418	0.01585	0.02175	0.03901	0.50115	0.04593	0.02386	0.01463	0.00355	0.15262	0.06550	0.00699	0.00750
22	0.01607	0.01513	0.02552	0.68047	0.05861	0.01891	0.02363	0.02174	0.01702	0.02174	0.01513	0.02269	0.01134	0.00851	0.00851	0.00284	0.01134	0.00756	0.00378	0.00945
23	0.01238	0.00825	0.00928	0.00928	0.00928	0.00825	0.00516	0.01238	0.01238	0.01650	0.02681	0.05569	0.03094	0.70092	0.04331	0.00825	0.00825	0.01238	0.00516	0.00516
24	0.01707	0.04402	0.65683	0.02426	0.03683	0.01976	0.03144	0.02695	0.01797	0.02695	0.01527	0.01797	0.01078	0.00809	0.00809	0.00270	0.01258	0.00629	0.00359	0.01258
25	0.01878	0.01482	0.01591	0.01427	0.01851	0.01589	0.01110	0.06478	0.34065	0.06703	0.09395	0.04809	0.21117	0.01480	0.00916	0.00283	0.00599	0.01234	0.00858	0.01133
26	0.03235	0.02384	0.02554	0.01958	0.02639	0.02639	0.01618	0.61946	0.04001	0.05363	0.02043	0.02043	0.01447	0.01022	0.00851	0.00255	0.00936	0.00766	0.00851	0.01447
27	0.03074	0.01291	0.01690	0.01350	0.01904	0.01112	0.01097	0.03382	0.02327	0.48501	0.07650	0.04223	0.15921	0.01328	0.00896	0.00269	0.00644	0.01095	0.00990	0.01257
28	0.01110	0.00866	0.01006	0.00971	0.01213	0.00763	0.00728	0.01423	0.02185	0.02882	0.37774	0.07231	0.34922	0.01938	0.01005	0.00277	0.00416	0.01662	0.00867	0.00763
29	0.06282	0.56517	0.03959	0.01483	0.02192	0.03078	0.01426	0.07377	0.01947	0.07045	0.01412	0.01533	0.01186	0.00779	0.00592	0.00198	0.00885	0.00510	0.00462	0.01138
30	0.03193	0.03633	0.02448	0.02133	0.02633	0.50470	0.01638	0.18215	0.02814	0.02913	0.01500	0.01663	0.01185	0.00914	0.00789	0.00228	0.01383	0.00603	0.00543	0.01103
31	0.01218	0.00903	0.01321	0.01321	0.01456	0.01038	0.01005	0.01490	0.01354	0.01941	0.02322	0.03581	0.02231	0.13186	0.60057	0.01310	0.02124	0.00947	0.00462	0.00734
32	0.02317	0.02439	0.03194	0.07107	0.49037	0.15923	0.02394	0.02763	0.02030	0.02606	0.01536	0.01990	0.01285	0.00788	0.00827	0.00247	0.01129	0.00713	0.00423	0.01254
33	0.01689	0.01630	0.02491	0.02120	0.02251	0.02112	0.07695	0.01963	0.01393	0.02096	0.01516	0.02336	0.01428	0.02833	0.21188	0.00653	0.42480	0.00820	0.00403	0.00903
34	0.01175	0.00864	0.01240	0.01287	0.01402	0.00955	0.00953	0.01416	0.01419	0.01995	0.02886	0.19261	0.03041	0.10867	0.45867	0.01079	0.01733	0.01297	0.00540	0.00723
35	0.02079	0.01994	0.03405	0.08685	0.61537	0.02015	0.02598	0.02588	0.01925	0.02747	0.01596	0.02115	0.01336	0.00763	0.00843	0.00254	0.01018	0.00758	0.00419	0.01326
36	0.01737	0.03235	0.41583	0.16440	0.03808	0.01788	0.02612	0.02525	0.01851	0.06051	0.05244	0.02548	0.05016	0.00954	0.00841	0.00273	0.01112	0.00780	0.00455	0.01147
37	0.01066	0.00838	0.00964	0.00988	0.01201	0.00736	0.00720	0.01318	0.02000	0.02574	0.22919	0.20887	0.36457	0.02152	0.01023	0.00295	0.00436	0.01860	0.00830	0.00736
38	0.01707	0.04402	0.65683	0.02426	0.03683	0.01976	0.03144	0.02695	0.01797	0.02695	0.01527	0.01797	0.01078	0.00809	0.00809	0.00270	0.01258	0.00629	0.00359	0.01258
39	0.02022	0.02003	0.01702	0.01565	0.01945	0.15678	0.01177	0.03240	0.30669	0.02773	0.03989	0.04120	0.15209	0.08665	0.01244	0.00331	0.00826	0.01076	0.00720	0.01049
40	0.01827	0.01742	0.02927	0.38507	0.29966	0.01984	0.02438	0.02348	0.01777	0.02417	0.01527	0.02179	0.01222	0.00848	0.00954	0.00276	0.04797	0.00756	0.00396	0.01111
41	0.03235	0.02384	0.02554	0.01958	0.02639	0.02639	0.01618	0.61946	0.04001	0.05363	0.02043	0.02043	0.01447	0.01022	0.00851	0.00255	0.00936	0.00766	0.00851	0.01447
42	0.01607	0.01513	0.02552	0.68047	0.05861	0.01891	0.02363	0.02174	0.01702	0.02174	0.01513	0.02269	0.01134	0.00851	0.00851	0.00284	0.01134	0.00756	0.00378	0.00945
43	0.01022	0.00863	0.00884	0.00879	0.01159	0.00725	0.00659	0.01252	0.01977	0.02387	0.13042	0.08044	0.59962	0.02122	0.01006	0.00286	0.00429	0.01776	0.00802	0.00725
44	0.01607	0.01513	0.02552	0.68047	0.05861	0.01891	0.02363	0.02174	0.01702	0.02174	0.01513	0.02269	0.01134	0.00851	0.00851	0.00284	0.01134	0.00756	0.00378	0.00945
45	0.01087	0.00860	0.00919	0.00923	0.01138	0.00759	0.00662	0.01277	0.01824	0.02253	0.11277	0.07553	0.44430	0.16746	0.01728	0.00406	0.00529	0.04202	0.00742	0.00684
46	0.02621	0.01922	0.02087	0.01660	0.02203	0.02076	0.01349	0.43689	0.03452	0.04667	0.13361	0.03363	0.08014	0.01241	0.00879	0.00258	0.00777	0.00989	0.04148	0.01245
47	0.01045	0.00755	0.00974	0.01146	0.01212	0.00700	0.00764	0.01191	0.01634	0.02155	0.04898	0.61362	0.10164	0.06111	0.01248	0.00366	0.00506	0.02309	0.00776	0.00684
48	0.01353	0.01066	0.01246	0.01185	0.01450	0.01063	0.00892	0.02135	0.15446	0.03145	0.36326	0.11012	0.16873	0.01762	0.00981	0.00282	0.00473	0.01530	0.00883	0.00897
49	0.01022	0.00857	0.00888	0.00892	0.01162	0.00723	0.00665	0.01248	0.01960	0.02375	0.12557	0.10876	0.57566	0.02148	0.01009	0.00289	0.00432	0.01806	0.00801	0.00723
50	0.01542	0.01160	0.01355	0.01357	0.01561	0.01215	0.00969	0.09980	0.12569	0.02788	0.03906	0.42102	0.04268	0.09383	0.01363	0.00375	0.00620	0.01818	0.00782	0.00888
51	0.01148	0.00880	0.01028	0.01093	0.01276	0.00809	0.00778	0.04364	0.01916	0.02455	0.09388	0.38693	0.28412	0.02331	0.01038	0.00314	0.00487	0.02043	0.00801	0.00747
52	0.01006	0.00862	0.00862	0.00862	0.01149	0.00718	0.00647	0.01221	0.01940	0.02299	0.08621	0.08190	0.64438	0.02155	0.01006	0.00287	0.00431	0.01796	0.00790	0.00718
53	0.03235	0.02384	0.02554	0.01958	0.02639	0.02639	0.01618	0.61946	0.04001	0.05363	0.02043	0.02043	0.01447	0.01022	0.00851	0.00255	0.00936	0.00766	0.00851	0.01447
54	0.01087	0.00791	0.00976	0.01074	0.01173	0.00733	0.00721	0.01253	0.01711	0.02259	0.12466	0.40674	0.15106	0.13977	0.01617	0.00408	0.00528	0.02005	0.00762	0.00680
55	0.10563	0.00899	0.01027	0.01128	0.01261	0.00893	0.00785	0.01407	0.01586	0.02322	0.04217	0.39048	0.09837	0.14911	0.01619	0.00423	0.00592	0.06080	0.00705	0.00697
56	0.01662	0.00967	0.01210	0.01163	0.01451	0.00858	0.00889	0.01932	0.02054	0.15639	0.15809	0.20782	0.23778	0.01986	0.01006	0.00300	0.00529	0.06229	0.00870	0.00884
57	0.01227	0.00869	0.01150	0.01150	0.01227	0.00946	0.00793	0.01380	0.01303	0.01815	0.02478	0.04443	0.02605	0.37875	0.35880	0.01099	0.01561	0.01073	0.00485	0.00639
58	0.18207	0.01066	0.01213	0.01162	0.01437	0.01111	0.00893	0.01831	0.01849	0.05824	0.23132	0.11319	0.09102	0.02624	0.15033	0.00513	0.00890	0.01244	0.00719	0.00832
59	0.01764	0.01336	0.01471	0.01348	0.01679	0.01418	0.01007	0.06035	0.25765	0.06190	0.10170	0.09560	0.13902	0.12746	0.01484	0.00375	0.00634	0.01297	0.00806	0.01013
60	0.01328	0.00843	0.01210	0.01210	0.01307	0.00925	0.00886	0.01409	0.01311	0.01893	0.02102	0.03261	0.02003	0.09606	0.37327	0.24000	0.01548	0.00873	0.06334	0.00624
61	0.02076	0.02046	0.03536	0.04274	0.40910	0.02088	0.14733	0.02870	0.10259	0.02842	0.01858	0.02280	0.01496	0.00836	0.00966	0.00270	0.04054	0.00837	0.00481	0.01288
62	0.01755	0.01346	0.01465	0.01334	0.01543	0.04672	0.00957	0.14570	0.01948	0.02581	0.02480	0.07354	0.02535	0.32965	0.18030	0.00774	0.01214	0.01083	0.00584	0.00809
63	0.01607	0.01513	0.02552	0.68047	0.05861	0.01891	0.02363	0.02174	0.01702	0.02174	0.01513	0.02269	0.01134	0.00851	0.00851	0.00284	0.01134	0.00756	0.00378	0.00945
64	0.02404	0.23248	0.19040	0.02042	0.02725	0.25084	0.01992	0.02830	0.01940	0.02211	0.01309	0.01587	0.01093	0.00882	0.00929	0.00237	0.08416	0.00562	0.00390	0.01080
65	0.02642	0.28848	0.03115	0.01786	0.02356	0.23486	0.01509	0.13064	0.04942	0.02672	0.01559	0.01771	0.01301	0.01294	0.05935	0.00305	0.01215	0.00597	0.00501	0.01104
66	0.02183	0.02302	0.02952	0.23932	0.33257	0.15888	0.02327	0.02646	0.01967	0.02443	0.01512	0.02033	0.01228	0.00812	0.00829	0.00255	0.01162	0.00712	0.00412	0.01146
67	0.01521	0.01219	0.01291	0.01213	0.01579	0.01225	0.00939	0.02488	0.22661	0.05537	0.06479	0.06319	0.38382	0.01776	0.00959	0.00291	0.00540	0.03788	0.00827	0.00966
68	0.01125	0.00867	0.01027	0.00987	0.01222	0.00769	0.00740	0.01452	0.02221	0.02966	0.41980	0.07092	0.30663	0.01906	0.01005	0.00276	0.00413	0.01642	0.00878	0.00769
69	0.01056	0.00853	0.00939	0.00940	0.01186	0.00736	0.00697	0.01311	0.02026	0.02556	0.21671	0.13063	0.45787	0.02100	0.01012	0.00288	0.00429	0.01788	0.00825	0.00736
70	0.01851	0.21156	0.50189	0.02180	0.03304	0.02328	0.02717	0.02658	0.01780	0.02520	0.01440	0.01687	0.01082	0.00788	0.00742	0.00247	0.01170	0.00585	0.00361	0.01216
71	0.01936	0.01660	0.01760	0.01614	0.02055	0.01878	0.01260	0.03956	0.52170	0.03346	0.04169	0.04159	0.10491	0.01346	0.00901	0.00294	0.00649	0.04268	0.00852	0.01237
72	0.01275	0.00973	0.01124	0.01161	0.01376	0.00922	0.00849	0.07714	0.02016	0.02578	0.05901	0.36218	0.27618	0.02281	0.01034	0.00316	0.00530	0.04530	0.00796	0.00786
73	0.03186	0.03849	0.02429	0.02163	0.02632	0.58739	0.01641	0.10655	0.02609	0.02489	0.01406	0.01598	0.01140	0.00895	0.00778	0.00224	0.01461	0.00575	0.00490	0.01044
74	0.03179	0.04056	0.02412	0.02192	0.02631	0.66676	0.01644	0.03398	0.02412	0.02083	0.01315	0.01535	0.01096	0.00877	0.00767	0.00219	0.01535	0.00548	0.00438	0.00987
75	0.01148	0.00932	0.01027	0.01009	0.01272	0.00849	0.00753	0.01580	0.06903	0.02679	0.22381	0.11849	0.40546	0.02006	0.01000	0.00287	0.00447	0.01709	0.00834	0.00788
76	0.01765	0.01513	0.01765	0.01260	0.02017	0.01134	0.01008	0.02143	0.01765	0.02773	0.01513	0.01765	0.01260	0.00630	0.00630	0.00126	0.00630	0.00504	0.00504	0.75295
77	0.01037	0.00741	0.00987	0.01185	0.01234	0.00691	0.00790	0.01185	0.01629	0.02172	0.04690	0.69537	0.05629	0.02666	0.01086	0.00346	0.00494	0.02419	0.00790	0.00691
78	0.01296	0.00943	0.01267	0.01385	0.01592	0.00914	0.01172	0.01671	0.02054	0.02707	0.17814	0.08751	0.11930	0.02199	0.01120	0.00354	0.00664	0.40569	0.00817	0.00781
79	0.01603	0.01214	0.01357	0.01262	0.01568	0.01209	0.00953	0.16800	0.02406	0.03132	0.10105	0.26002	0.25097	0.01994	0.00992	0.00296	0.00578	0.01710	0.00817	0.00903
80	0.01698	0.01160	0.01270	0.01141	0.01304	0.01216	0.00761	0.14453	0.01880	0.02576	0.02551	0.04615	0.02665	0.49641	0.03281	0.00652	0.00815	0.01100	0.06484	0.00740
81	0.01387	0.01066	0.01295	0.01222	0.01471	0.01077	0.00919	0.02200	0.15433	0.03346	0.46509	0.10686	0.06671	0.01687	0.00981	0.00278	0.00467	0.01485	0.00910	0.00911
82	0.01561	0.01087	0.01133	0.01050	0.01341	0.01087	0.00793	0.08272	0.07627	0.03022	0.07450	0.05152	0.24475	0.06936	0.01106	0.00297	0.00526	0.01227	0.24992	0.00865
83	0.01095	0.00813	0.01005	0.01065	0.01211	0.00740	0.00748	0.01330	0.01922	0.02565	0.24396	0.32700	0.18901	0.05999	0.01223	0.00335	0.00469	0.01940	0.00822	0.00723
84	0.01238	0.00825	0.00928	0.00928	0.00928	0.00825	0.00516	0.01238	0.01238	0.01650	0.02681	0.05569	0.03094	0.70092	0.04331	0.00825	0.00825	0.01238	0.00516	0.00516
85	0.01176	0.00810	0.00936	0.00979	0.01012	0.00788	0.00585	0.01225	0.01378	0.01815	0.03588	0.19639	0.08511	0.50090	0.03364	0.00678	0.00722	0.01538	0.00597	0.00570
86	0.01187	0.00842	0.01019	0.01035	0.01108	0.00852	0.00672	0.01292	0.01387	0.01845	0.03520	0.10504	0.11000	0.42276	0.17064	0.00834	0.01061	0.01333	0.00560	0.00608
87	0.01165	0.00825	0.01034	0.01084	0.01150	0.00835	0.00714	0.01284	0.01417	0.01901	0.03542	0.21469	0.08058	0.34203	0.16785	0.00782	0.01027	0.01507	0.00592	0.00628
88	0.01465	0.01230	0.01539	0.15669	0.02441	0.01306	0.01214	0.05344	0.11459	0.02819	0.15313	0.08884	0.24791	0.01613	0.00946	0.00285	0.00647	0.01376	0.00741	0.00917
89	0.01010	0.00844	0.00880	0.00909	0.01162	0.00714	0.00668	0.01216	0.01894	0.02280	0.08047	0.17155	0.55844	0.02230	0.01018	0.00296	0.00440	0.01887	0.00790	0.00714
90	0.02106	0.02022	0.03454	0.05223	0.64784	0.02022	0.02612	0.02612	0.01938	0.02780	0.01601	0.02106	0.01348	0.00758	0.00842	0.00253	0.01011	0.00758	0.00421	0.01348
91	0.01900	0.01594	0.02098	0.01827	0.02035	0.01995	0.01489	0.14816	0.01914	0.02737	0.01784	0.02496	0.01594	0.03351	0.28022	0.00746	0.27302	0.00816	0.00510	0.00974
92	0.01640	0.12570	0.02014	0.01468	0.01768	0.04949	0.01199	0.06249	0.01675	0.02236	0.02033	0.02830	0.01855	0.04778	0.47631	0.01032	0.01918	0.00808	0.00469	0.00877
93	0.01333	0.00968	0.01378	0.01351	0.01530	0.01114	0.01054	0.04239	0.01516	0.02215	0.02306	0.03273	0.02101	0.05746	0.58907	0.01232	0.02081	0.00897	0.05968	0.00793
94	0.02106	0.02022	0.03454	0.05223	0.64784	0.02022	0.02612	0.02612	0.01938	0.02780	0.01601	0.02106	0.01348	0.00758	0.00842	0.00253	0.01011	0.00758	0.00421	0.01348
95	0.03191	0.03710	0.02441	0.02144	0.02633	0.53432	0.01639	0.15506	0.02740	0.02761	0.01466	0.01640	0.01169	0.00907	0.00785	0.00227	0.01411	0.00593	0.00524	0.01082
96	0.01037	0.00741	0.00987	0.01185	0.01234	0.00691	0.00790	0.01185	0.01629	0.02172	0.04690	0.69537	0.05629	0.02666	0.01086	0.00346	0.00494	0.02419	0.00790	0.00691
97	0.01238	0.00825	0.00928	0.00928	0.00928	0.00825	0.00516	0.01238	0.01238	0.01650	0.02681	0.05569	0.03094	0.70092	0.04331	0.00825	0.00825	0.01238	0.00516	0.00516
98	0.02107	0.02013	0.03383	0.05062	0.61889	0.02026	0.02553	0.02700	0.04774	0.02816	0.01687	0.02156	0.01406	0.00777	0.00844	0.00254	0.00995	0.00768	0.00442	0.01348
99	0.03027	0.02183	0.02332	0.01811	0.02431	0.02406	0.01489	0.54384	0.03722	0.05087	0.02136	0.02186	0.01540	0.01018	0.00819	0.00248	0.00868	0.00770	0.10180	0.01365
100	0.08747	0.01909	0.03028	0.12517	0.47010	0.02002	0.02334	0.02688	0.06393	0.02855	0.01690	0.02140	0.01375	0.00802	0.00817	0.00260	0.00970	0.00746	0.00458	0.01259
101	0.18006	0.17428	0.02557	0.06960	0.02513	0.27949	0.01462	0.06094	0.02067	0.02664	0.01380	0.01626	0.01129	0.00838	0.00673	0.00227	0.01102	0.00549	0.03765	0.01009
102	0.01216	0.00912	0.01368	0.01368	0.01520	0.01064	0.01064	0.01520	0.01368	0.01976	0.02279	0.03343	0.02127	0.06382	0.66720	0.01368	0.02279	0.00912	0.00456	0.00760
103	0.01041	0.00852	0.00921	0.00948	0.01195	0.00732	0.00707	0.01270	0.01939	0.02382	0.12377	0.15839	0.50095	0.02195	0.01023	0.00297	0.00451	0.04210	0.00802	0.00724
104	0.02276	0.02427	0.03258	0.11130	0.40354	0.15925	0.07065	0.02743	0.02020	0.02561	0.01540	0.02016	0.01267	0.00790	0.00840	0.00252	0.01170	0.00732	0.00421	0.01212
105	0.03218	0.02879	0.02512	0.02027	0.02637	0.21598	0.01625	0.44613	0.03531	0.04392	0.01828	0.01893	0.01343	0.00979	0.00826	0.00245	0.01114	0.00702	0.00729	0.01311
106	0.01037	0.00741	0.00987	0.01185	0.01234	0.00691	0.00790	0.01185	0.01629	0.02172	0.04690	0.69537	0.05629	0.02666	0.01086	0.00346	0.00494	0.02419	0.00790	0.00691
107	0.03179	0.04056	0.02412	0.02192	0.02631	0.66676	0.01644	0.03398	0.02412	0.02083	0.01315	0.01535	0.01096	0.00877	0.00767	0.00219	0.01535	0.00548	0.00438	0.00987
108	0.02106	0.02022	0.03454	0.05223	0.64784	0.02022	0.02612	0.02612	0.01938	0.02780	0.01601	0.02106	0.01348	0.00758	0.00842	0.00253	0.01011	0.00758	0.00421	0.01348
109	0.02252	0.01798	0.01928	0.01715	0.02210	0.02048	0.01339	0.04492	0.58421	0.08465	0.03455	0.03153	0.02559	0.01147	0.00865	0.00287	0.00678	0.00954	0.00881	0.01355
110	0.01037	0.00741	0.00987	0.01185	0.01234	0.00691	0.00790	0.01185	0.01629	0.02172	0.04690	0.69537	0.05629	0.02666	0.01086	0.00346	0.00494	0.02419	0.00790	0.00691
111	0.02106	0.02022	0.03454	0.05223	0.64784	0.02022	0.02612	0.02612	0.01938	0.02780	0.01601	0.02106	0.01348	0.00758	0.00842	0.00253	0.01011	0.00758	0.00421	0.01348
112	0.46910	0.08305	0.09860	0.01433	0.02096	0.02079	0.01349	0.09000	0.01863	0.08225	0.01480	0.01616	0.01100	0.00831	0.00623	0.00256	0.00791	0.00543	0.00564	0.01074
113	0.01238	0.00825	0.00928	0.00928	0.00928	0.00825	0.00516	0.01238	0.01238	0.01650	0.02681	0.05569	0.03094	0.70092	0.04331	0.00825	0.00825	0.01238	0.00516	0.00516
114	0.03179	0.04056	0.02412	0.02192	0.02631	0.66676	0.01644	0.03398	0.02412	0.02083	0.01315	0.01535	0.01096	0.00877	0.00767	0.00219	0.01535	0.00548	0.00438	0.00987
115	0.01037	0.00741	0.00987	0.01185	0.01234	0.00691	0.00790	0.01185	0.01629	0.02172	0.04690	0.69537	0.05629	0.02666	0.01086	0.00346	0.00494	0.02419	0.00790	0.00691
116	0.01290	0.01021	0.01511	0.01468	0.01602	0.01242	0.01156	0.01581	0.01360	0.01984	0.02145	0.03172	0.02011	0.05818	0.59343	0.01253	0.09925	0.00893	0.00446	0.00780
117	0.01049	0.00750	0.00999	0.01177	0.01237	0.00699	0.00791	0.01216	0.01687	0.02264	0.09097	0.64869	0.05806	0.02598	0.01080	0.00340	0.00487	0.02354	0.00801	0.00699
118	0.02275	0.70604	0.04459	0.01456	0.02184	0.03367	0.01456	0.02548	0.01729	0.02002	0.01183	0.01365	0.01092	0.00728	0.00546	0.00182	0.00910	0.00455	0.00364	0.01092
119	0.02453	0.11798	0.02866	0.13950	0.16865	0.29869	0.01911	0.02802	0.02073	0.02253	0.01731	0.02071	0.04072	0.00885	0.00780	0.00236	0.01217	0.00675	0.00431	0.01061
120	0.02084	0.01974	0.03220	0.07690	0.54166	0.02028	0.02441	0.02832	0.09659	0.02851	0.01832	0.02249	0.01496	0.00813	0.00846	0.00259	0.00974	0.00784	0.00475	0.01329
121	0.02982	0.02627	0.02388	0.01960	0.02546	0.16404	0.01565	0.36907	0.16400	0.04264	0.02191	0.02176	0.01619	0.01019	0.00836	0.00255	0.01010	0.00761	0.00765	0.01326
122	0.01037	0.00741	0.00987	0.01185	0.01234	0.00691	0.00790	0.01185	0.01629	0.02172	0.04690	0.69537	0.05629	0.02666	0.01086	0.00346	0.00494	0.02419	0.00790	0.00691
123	0.02106	0.02022	0.03454	0.05223	0.64784	0.02022	0.02612	0.02612	0.01938	0.02780	0.01601	0.02106	0.01348	0.00758	0.00842	0.00253	0.01011	0.00758	0.00421	0.01348
124	0.01037	0.00741	0.00987	0.01185	0.01234	0.00691	0.00790	0.01185	0.01629	0.02172	0.04690	0.69537	0.05629	0.02666	0.01086	0.00346	0.00494	0.02419	0.00790	0.00691
125	0.01586	0.00793	0.00793	0.00793	0.00991	0.00793	0.00595	0.01983	0.01785	0.03173	0.02776	0.03173	0.02181	0.00991	0.00595	0.00198	0.00397	0.00793	0.74817	0.00793
126	0.01081	0.00839	0.00984	0.01003	0.01210	0.00742	0.00731	0.01345	0.02034	0.02654	0.26890	0.20756	0.32436	0.02123	0.01022	0.00293	0.00434	0.01842	0.00840	0.00742
127	0.01006	0.00862	0.00862	0.00862	0.01149	0.00718	0.00647	0.01221	0.01940	0.02299	0.08621	0.08190	0.64438	0.02155	0.01006	0.00287	0.00431	0.01796	0.00790	0.00718
128	0.72822	0.04711	0.01393	0.01134	0.01670	0.01974	0.00945	0.02504	0.01461	0.03737	0.01185	0.01382	0.00929	0.00787	0.00528	0.00260	0.00669	0.00461	0.00519	0.00929
129	0.12506	0.05190	0.02133	0.01733	0.02243	0.13398	0.01375	0.22389	0.15774	0.03713	0.02353	0.09288	0.01994	0.01157	0.00808	0.00264	0.00898	0.00893	0.00712	0.01179
130	0.01213	0.00903	0.01233	0.01537	0.07927	0.00875	0.00900	0.01354	0.01542	0.02076	0.03741	0.42622	0.04390	0.23241	0.02060	0.00483	0.00651	0.01878	0.00666	0.00707
131	0.01867	0.01657	0.02707	0.42680	0.11279	0.01832	0.06525	0.04751	0.01881	0.05085	0.01635	0.02206	0.01237	0.00818	0.00833	0.00259	0.01054	0.00747	0.00450	0.10497
132	0.02064	0.02276	0.10100	0.04925	0.58258	0.02017	0.02669	0.02621	0.01923	0.02771	0.01593	0.02073	0.01319	0.00764	0.00839	0.00255	0.01037	0.00744	0.00415	0.01338

[dist]
# distance from previous block
# <min> <max>
0	2

# created by:
# /home/cegg/simao/soft/augustus-3.2.1/scripts/msa2prfl.pl ./align_prep/13666.fa
