[name]
unknown

[dist]
# distance from previous block
# <min> <max>
13	38

[block]
# block no. 0 follows, 21 sequences, length 6
# corresponding to MSA columns:
# 46-51
name=unknown_A
#
# <colnr> <probs for GDERKNQSTAVLIFYWHMCP>
#	G	D	E	R	K	N	Q	S	T	A	V	L	I	F	Y	W	H	M	C	P
0	0.01652	0.14266	0.01919	0.01268	0.01692	0.01676	0.01017	0.02527	0.20395	0.02579	0.04569	0.04714	0.23115	0.09238	0.01234	0.00320	0.00651	0.01152	0.00685	0.05331
1	0.02455	0.17456	0.03090	0.02073	0.02517	0.15901	0.07536	0.02934	0.07400	0.08405	0.01662	0.01946	0.01354	0.01045	0.01337	0.00272	0.20332	0.00696	0.00501	0.01087
2	0.01898	0.20233	0.09488	0.30806	0.16946	0.02318	0.02252	0.02416	0.01768	0.02306	0.01445	0.01949	0.01162	0.00795	0.00764	0.00249	0.01061	0.00664	0.00382	0.01099
3	0.01826	0.02317	0.16063	0.29430	0.28804	0.01961	0.02625	0.02456	0.01815	0.02523	0.01551	0.02106	0.01207	0.00805	0.00839	0.00268	0.01111	0.00731	0.00391	0.01170
4	0.01602	0.01543	0.01398	0.01333	0.01626	0.13169	0.00958	0.01808	0.01809	0.02255	0.03687	0.30700	0.10374	0.07093	0.01175	0.00307	0.00736	0.01507	0.00643	0.16278
5	0.01175	0.01250	0.08397	0.01260	0.01567	0.00904	0.01097	0.01513	0.01910	0.02508	0.14298	0.24195	0.24381	0.02109	0.01029	0.00313	0.00588	0.09951	0.00762	0.00794

[dist]
# distance from previous block
# <min> <max>
0	4

[block]
# block no. 1 follows, 21 sequences, length 6
# corresponding to MSA columns:
# 56-61
name=unknown_B
#
# <colnr> <probs for GDERKNQSTAVLIFYWHMCP>
#	G	D	E	R	K	N	Q	S	T	A	V	L	I	F	Y	W	H	M	C	P
0	0.03235	0.02384	0.02554	0.01958	0.02639	0.02639	0.01618	0.61946	0.04001	0.05363	0.02043	0.02043	0.01447	0.01022	0.00851	0.00255	0.00936	0.00766	0.00851	0.01447
1	0.01244	0.00943	0.01253	0.08039	0.01814	0.00950	0.01022	0.04960	0.01827	0.02398	0.04550	0.49478	0.10159	0.02318	0.01046	0.00331	0.00598	0.05548	0.00751	0.00770
2	0.03004	0.03724	0.02582	0.02686	0.12761	0.56138	0.01802	0.03270	0.02334	0.02196	0.01362	0.01628	0.01137	0.00858	0.00780	0.00225	0.01449	0.00582	0.00436	0.01045
3	0.15439	0.07938	0.09193	0.01473	0.02110	0.01564	0.01356	0.03145	0.02125	0.31964	0.12423	0.02932	0.02651	0.01062	0.00790	0.00257	0.00738	0.00836	0.00803	0.01200
4	0.02604	0.39981	0.03605	0.02033	0.07305	0.27233	0.01619	0.02875	0.02004	0.02094	0.01266	0.01488	0.01114	0.00787	0.00653	0.00202	0.01155	0.00514	0.00397	0.01072
5	0.01216	0.00913	0.01060	0.01040	0.01217	0.00872	0.00728	0.01589	0.06235	0.02593	0.25582	0.11738	0.19741	0.19574	0.01863	0.00425	0.00545	0.01557	0.00775	0.00737

[dist]
# distance from previous block
# <min> <max>
0	1

[block]
# block no. 2 follows, 21 sequences, length 10
# corresponding to MSA columns:
# 63-72
name=unknown_C
#
# <colnr> <probs for GDERKNQSTAVLIFYWHMCP>
#	G	D	E	R	K	N	Q	S	T	A	V	L	I	F	Y	W	H	M	C	P
0	0.02223	0.02306	0.02270	0.10524	0.06621	0.20834	0.01650	0.07201	0.01963	0.02394	0.01737	0.05760	0.01630	0.08325	0.01666	0.00339	0.17628	0.00831	0.03140	0.00957
1	0.02818	0.02693	0.02233	0.01893	0.02398	0.25074	0.01475	0.29179	0.02975	0.03596	0.02149	0.11826	0.01931	0.01194	0.00845	0.00249	0.01069	0.00920	0.00678	0.04805
2	0.06607	0.01383	0.01535	0.01312	0.01664	0.01405	0.00981	0.17933	0.02323	0.03315	0.14097	0.10449	0.03472	0.18924	0.01746	0.00397	0.00708	0.01147	0.00713	0.09888
3	0.01156	0.00805	0.00938	0.00994	0.01039	0.00776	0.00608	0.01221	0.01423	0.01867	0.03882	0.24032	0.10315	0.43724	0.03056	0.00632	0.00689	0.01633	0.00623	0.00587
4	0.02482	0.20737	0.02724	0.01601	0.02242	0.12231	0.01353	0.17613	0.02424	0.03144	0.01618	0.01792	0.01303	0.00820	0.00682	0.00194	0.00907	0.00585	0.05852	0.19697
5	0.01155	0.00838	0.00905	0.00905	0.01007	0.00787	0.00562	0.01232	0.01488	0.01881	0.04796	0.06502	0.24932	0.45907	0.03148	0.00634	0.00685	0.01436	0.00613	0.00588
6	0.02081	0.26769	0.09304	0.02742	0.03585	0.02572	0.35923	0.02660	0.01893	0.02466	0.01516	0.01927	0.01205	0.00728	0.00827	0.00248	0.01235	0.00781	0.00402	0.01136
7	0.02278	0.02473	0.03401	0.03703	0.29392	0.16124	0.16311	0.02756	0.02038	0.02614	0.01557	0.01986	0.01269	0.00759	0.00840	0.00239	0.01182	0.00741	0.00437	0.09898
8	0.01116	0.00957	0.01101	0.01236	0.06302	0.00833	0.00822	0.01374	0.01989	0.02456	0.13958	0.07504	0.53365	0.01998	0.00992	0.00282	0.00475	0.01685	0.00776	0.00778
9	0.13411	0.02845	0.23378	0.02516	0.09555	0.06304	0.05282	0.02514	0.01664	0.02652	0.01359	0.01794	0.01107	0.00999	0.01355	0.00294	0.20804	0.00665	0.00404	0.01097

[dist]
# distance from previous block
# <min> <max>
0	1

[block]
# block no. 3 follows, 21 sequences, length 14
# corresponding to MSA columns:
# 74-87
name=unknown_D
#
# <colnr> <probs for GDERKNQSTAVLIFYWHMCP>
#	G	D	E	R	K	N	Q	S	T	A	V	L	I	F	Y	W	H	M	C	P
0	0.02281	0.02155	0.06668	0.01611	0.02359	0.06421	0.01382	0.19222	0.02448	0.03451	0.01650	0.01829	0.01288	0.00772	0.00716	0.00180	0.00829	0.00591	0.00587	0.43561
1	0.02681	0.21981	0.02937	0.01775	0.02403	0.07361	0.01507	0.26560	0.17746	0.03718	0.02091	0.02089	0.01602	0.00959	0.00761	0.00240	0.00908	0.00709	0.00685	0.01287
2	0.01275	0.00999	0.01482	0.01448	0.01586	0.01206	0.01137	0.01568	0.01362	0.01982	0.02172	0.03207	0.02034	0.05931	0.60823	0.01276	0.08392	0.00896	0.00448	0.00776
3	0.01238	0.00825	0.00928	0.00928	0.00928	0.00825	0.00516	0.01238	0.01238	0.01650	0.02681	0.05569	0.03094	0.70092	0.04331	0.00825	0.00825	0.01238	0.00516	0.00516
4	0.01030	0.00767	0.00961	0.01116	0.01216	0.00697	0.00759	0.01193	0.01696	0.02200	0.05533	0.56392	0.18230	0.02557	0.01069	0.00333	0.00480	0.02286	0.00790	0.00697
5	0.01966	0.01535	0.01604	0.01466	0.01867	0.01742	0.01134	0.03803	0.45829	0.03450	0.03269	0.03174	0.02480	0.01108	0.00789	0.00263	0.00595	0.00914	0.21823	0.01190
6	0.03179	0.04056	0.02412	0.02192	0.02631	0.66676	0.01644	0.03398	0.02412	0.02083	0.01315	0.01535	0.01096	0.00877	0.00767	0.00219	0.01535	0.00548	0.00438	0.00987
7	0.02784	0.33109	0.03306	0.01871	0.02436	0.39037	0.01562	0.03027	0.02114	0.02048	0.01258	0.01461	0.01094	0.00812	0.00671	0.00203	0.01262	0.00507	0.00406	0.01033
8	0.01075	0.00777	0.01069	0.01224	0.01295	0.00771	0.00849	0.01257	0.01573	0.02130	0.04174	0.55354	0.04878	0.03462	0.15150	0.00565	0.00876	0.02096	0.00718	0.00706
9	0.03117	0.03454	0.02414	0.02097	0.02603	0.45135	0.01616	0.18929	0.07206	0.03055	0.01662	0.01787	0.01297	0.00935	0.00797	0.00234	0.01315	0.00635	0.00578	0.01134
10	0.02328	0.07630	0.02719	0.31168	0.09742	0.27793	0.02034	0.02729	0.02008	0.02181	0.01418	0.01896	0.01136	0.00844	0.00795	0.00248	0.01266	0.00652	0.00405	0.01010
11	0.06612	0.18027	0.02916	0.18945	0.03314	0.05868	0.01736	0.26374	0.02655	0.03503	0.01621	0.01882	0.01237	0.00889	0.00758	0.00244	0.00997	0.00663	0.00576	0.01182
12	0.02009	0.02028	0.01732	0.01536	0.01952	0.19682	0.01156	0.04864	0.05503	0.02694	0.11420	0.16980	0.03218	0.01343	0.00844	0.00235	0.00839	0.01114	0.00644	0.20205
13	0.02173	0.02086	0.15528	0.01950	0.06819	0.01605	0.01696	0.03168	0.17482	0.16712	0.03194	0.03228	0.07709	0.01883	0.10457	0.00433	0.01046	0.00922	0.00700	0.01207

[dist]
# distance from previous block
# <min> <max>
0	12

[block]
# block no. 4 follows, 21 sequences, length 16
# corresponding to MSA columns:
# 100-115
name=unknown_E
#
# <colnr> <probs for GDERKNQSTAVLIFYWHMCP>
#	G	D	E	R	K	N	Q	S	T	A	V	L	I	F	Y	W	H	M	C	P
0	0.24595	0.33606	0.18301	0.01588	0.02383	0.02587	0.01702	0.02570	0.01660	0.02722	0.01267	0.01475	0.01037	0.00766	0.00604	0.00228	0.00918	0.00499	0.00412	0.01080
1	0.01926	0.01667	0.02428	0.03183	0.32301	0.01633	0.01773	0.02640	0.11347	0.05895	0.03446	0.03558	0.14881	0.01115	0.00860	0.00253	0.00784	0.00988	0.00607	0.08715
2	0.09776	0.02046	0.01967	0.18064	0.02987	0.15389	0.01491	0.02905	0.14012	0.02787	0.01963	0.02237	0.01526	0.00897	0.00746	0.00239	0.00932	0.00694	0.08785	0.10557
3	0.16454	0.08053	0.49062	0.02106	0.03185	0.02051	0.02598	0.02647	0.01724	0.02873	0.01438	0.01687	0.01048	0.00800	0.00736	0.00263	0.01117	0.00585	0.00393	0.01181
4	0.02039	0.12426	0.26015	0.02269	0.02932	0.10677	0.05593	0.02564	0.01723	0.02321	0.01335	0.01753	0.01106	0.01016	0.01403	0.00285	0.22423	0.00652	0.00378	0.01091
5	0.01006	0.00862	0.00862	0.00862	0.01149	0.00718	0.00647	0.01221	0.01940	0.02299	0.08621	0.08190	0.64438	0.02155	0.01006	0.00287	0.00431	0.01796	0.00790	0.00718
6	0.02050	0.01538	0.01670	0.01432	0.01880	0.01615	0.01131	0.18091	0.18179	0.07038	0.12454	0.04784	0.21603	0.01491	0.00921	0.00276	0.00637	0.01231	0.00859	0.01119
7	0.01238	0.00825	0.00928	0.00928	0.00928	0.00825	0.00516	0.01238	0.01238	0.01650	0.02681	0.05569	0.03094	0.70092	0.04331	0.00825	0.00825	0.01238	0.00516	0.00516
8	0.01777	0.03967	0.53963	0.02856	0.11572	0.01993	0.06679	0.02686	0.01828	0.02708	0.01549	0.01867	0.01126	0.00796	0.00825	0.00268	0.01237	0.00669	0.00372	0.01263
9	0.02055	0.01969	0.03361	0.11732	0.58679	0.02008	0.02586	0.02566	0.01913	0.02717	0.01592	0.02123	0.01326	0.00768	0.00843	0.00256	0.01024	0.00758	0.00417	0.01306
10	0.01707	0.20925	0.36034	0.01843	0.02758	0.02074	0.02177	0.02346	0.01809	0.02431	0.02934	0.03033	0.14452	0.01072	0.00782	0.00250	0.00993	0.00830	0.00451	0.01101
11	0.01560	0.01420	0.02295	0.01876	0.02154	0.01560	0.13895	0.01932	0.01854	0.02665	0.21146	0.04054	0.06985	0.05952	0.04527	0.00379	0.18277	0.01141	0.05447	0.00883
12	0.02483	0.55276	0.03988	0.01626	0.02287	0.17949	0.01499	0.02744	0.01886	0.02021	0.01214	0.01404	0.01093	0.00762	0.00597	0.00191	0.01054	0.00476	0.00381	0.01068
13	0.01802	0.02731	0.25436	0.17378	0.16697	0.02100	0.02590	0.02427	0.01701	0.02462	0.01453	0.01979	0.01155	0.00951	0.01244	0.00291	0.15375	0.00708	0.00379	0.01139
14	0.01859	0.04366	0.59128	0.02401	0.03574	0.08680	0.02989	0.02768	0.01860	0.02632	0.01505	0.01770	0.01080	0.00816	0.00804	0.00264	0.01286	0.00620	0.00368	0.01230
15	0.01828	0.01738	0.02952	0.40218	0.31962	0.01949	0.02473	0.02368	0.01806	0.02443	0.01552	0.02197	0.01229	0.00810	0.00847	0.00270	0.01080	0.00757	0.00397	0.01124

[dist]
# distance from previous block
# <min> <max>
0	2

[block]
# block no. 5 follows, 21 sequences, length 86
# corresponding to MSA columns:
# 118-203
name=unknown_F
#
# <colnr> <probs for GDERKNQSTAVLIFYWHMCP>
#	G	D	E	R	K	N	Q	S	T	A	V	L	I	F	Y	W	H	M	C	P
0	0.02045	0.03796	0.42617	0.02190	0.03127	0.12957	0.02482	0.07926	0.02040	0.02720	0.01656	0.02162	0.01321	0.07970	0.01168	0.00317	0.01232	0.00690	0.00433	0.01152
1	0.01756	0.03602	0.45823	0.02365	0.03227	0.02175	0.02740	0.02491	0.01641	0.02491	0.01398	0.01817	0.01090	0.01023	0.01433	0.00302	0.22440	0.00665	0.00363	0.01155
2	0.02021	0.02529	0.16719	0.04627	0.51760	0.02012	0.02725	0.02629	0.01908	0.02762	0.01585	0.02040	0.01290	0.00769	0.00835	0.00256	0.01064	0.00731	0.00408	0.01329
3	0.02132	0.02243	0.06822	0.04936	0.58678	0.04885	0.02598	0.02651	0.01951	0.02745	0.01584	0.02064	0.01322	0.00766	0.00837	0.00252	0.01048	0.00742	0.00419	0.01327
4	0.01878	0.02021	0.08487	0.08106	0.46364	0.01814	0.02357	0.02383	0.01895	0.02658	0.02430	0.06268	0.07622	0.01005	0.00869	0.00264	0.00957	0.00935	0.00468	0.01220
5	0.01017	0.00863	0.00877	0.00873	0.01156	0.00723	0.00655	0.01242	0.01965	0.02360	0.11657	0.08090	0.61364	0.02133	0.01006	0.00286	0.00429	0.01782	0.00798	0.00723
6	0.01563	0.01196	0.01296	0.01225	0.01403	0.01303	0.00823	0.02452	0.24163	0.02356	0.02971	0.04684	0.02910	0.44605	0.03050	0.00627	0.00769	0.01136	0.00645	0.00823
7	0.01047	0.00745	0.00985	0.01172	0.01219	0.00698	0.00777	0.01188	0.01610	0.02147	0.04593	0.66430	0.05505	0.05941	0.01244	0.00369	0.00510	0.02362	0.00777	0.00683
8	0.01238	0.00825	0.00928	0.00928	0.00928	0.00825	0.00516	0.01238	0.01238	0.01650	0.02681	0.05569	0.03094	0.70092	0.04331	0.00825	0.00825	0.01238	0.00516	0.00516
9	0.02561	0.49551	0.03812	0.01689	0.02326	0.23396	0.01516	0.02817	0.01945	0.02028	0.01225	0.01419	0.01093	0.00775	0.00616	0.00194	0.01108	0.00484	0.00388	0.01059
10	0.01037	0.00741	0.00987	0.01185	0.01234	0.00691	0.00790	0.01185	0.01629	0.02172	0.04690	0.69537	0.05629	0.02666	0.01086	0.00346	0.00494	0.02419	0.00790	0.00691
11	0.03176	0.02355	0.02521	0.01946	0.02617	0.02612	0.01603	0.58931	0.07111	0.05269	0.02118	0.02103	0.01508	0.01029	0.00852	0.00257	0.00923	0.00776	0.00852	0.01442
12	0.02004	0.36109	0.32513	0.02126	0.06610	0.02648	0.02300	0.02619	0.01773	0.02367	0.01366	0.01608	0.01101	0.00767	0.00684	0.00226	0.01076	0.00553	0.00365	0.01183
13	0.01868	0.04157	0.54682	0.02659	0.09123	0.07472	0.02969	0.02747	0.01862	0.02651	0.01516	0.01802	0.01104	0.00810	0.00808	0.00264	0.01259	0.00634	0.00372	0.01243
14	0.02009	0.02296	0.05022	0.03587	0.04448	0.02152	0.61693	0.02726	0.02009	0.02726	0.01722	0.02296	0.01291	0.00717	0.01004	0.00287	0.01435	0.01004	0.00430	0.01148
15	0.02106	0.02022	0.03454	0.05223	0.64784	0.02022	0.02612	0.02612	0.01938	0.02780	0.01601	0.02106	0.01348	0.00758	0.00842	0.00253	0.01011	0.00758	0.00421	0.01348
16	0.01668	0.03016	0.36634	0.02474	0.11189	0.01703	0.02438	0.02503	0.05254	0.02751	0.05876	0.03765	0.04922	0.01192	0.00898	0.00290	0.01030	0.10734	0.00518	0.01146
17	0.01998	0.02497	0.12816	0.03943	0.23340	0.02087	0.35092	0.02686	0.01957	0.02739	0.01657	0.02168	0.01280	0.00743	0.00927	0.00274	0.01277	0.00876	0.00418	0.01226
18	0.01399	0.00923	0.01143	0.01057	0.01324	0.00823	0.00803	0.01744	0.02286	0.08982	0.43633	0.06520	0.22583	0.01786	0.00990	0.00273	0.00440	0.01543	0.00909	0.00841
19	0.02167	0.03807	0.36299	0.02962	0.16428	0.18481	0.02648	0.02857	0.01984	0.02557	0.01489	0.01796	0.01140	0.00815	0.00805	0.00253	0.01276	0.00636	0.00393	0.01208
20	0.02544	0.02957	0.02839	0.02932	0.15887	0.32695	0.05491	0.02846	0.02004	0.02261	0.01350	0.01785	0.01167	0.00998	0.01314	0.00269	0.18512	0.00670	0.00417	0.01059
21	0.01160	0.00813	0.01043	0.01115	0.01165	0.00827	0.00732	0.01279	0.01407	0.01909	0.03324	0.28291	0.03807	0.32061	0.16453	0.00767	0.01015	0.01597	0.00602	0.00631
22	0.02106	0.02022	0.03454	0.05223	0.64784	0.02022	0.02612	0.02612	0.01938	0.02780	0.01601	0.02106	0.01348	0.00758	0.00842	0.00253	0.01011	0.00758	0.00421	0.01348
23	0.01006	0.00862	0.00862	0.00862	0.01149	0.00718	0.00647	0.01221	0.01940	0.02299	0.08621	0.08190	0.64438	0.02155	0.01006	0.00287	0.00431	0.01796	0.00790	0.00718
24	0.02759	0.03284	0.02744	0.06725	0.22158	0.43015	0.01985	0.03087	0.02225	0.02305	0.01415	0.01753	0.01177	0.00839	0.00795	0.00233	0.01350	0.00625	0.00430	0.01097
25	0.02200	0.02200	0.03363	0.04958	0.59333	0.07692	0.02527	0.02681	0.01979	0.02719	0.01576	0.02056	0.01326	0.00769	0.00836	0.00250	0.01057	0.00740	0.00423	0.01316
26	0.01079	0.00865	0.00964	0.00939	0.01195	0.00750	0.00704	0.01364	0.02113	0.02711	0.29219	0.07512	0.43583	0.02002	0.01005	0.00280	0.00420	0.01701	0.00844	0.00750
27	0.01037	0.00824	0.00935	0.01018	0.01214	0.00723	0.00738	0.01238	0.01828	0.02266	0.06969	0.30553	0.39829	0.02352	0.01044	0.00314	0.00473	0.05143	0.00790	0.00712
28	0.01980	0.02494	0.10729	0.03478	0.04376	0.02136	0.56184	0.02723	0.01989	0.02723	0.01703	0.02249	0.01271	0.00726	0.00986	0.00285	0.01418	0.00969	0.00424	0.01158
29	0.03179	0.04056	0.02412	0.02192	0.02631	0.66676	0.01644	0.03398	0.02412	0.02083	0.01315	0.01535	0.01096	0.00877	0.00767	0.00219	0.01535	0.00548	0.00438	0.00987
30	0.01707	0.04402	0.65683	0.02426	0.03683	0.01976	0.03144	0.02695	0.01797	0.02695	0.01527	0.01797	0.01078	0.00809	0.00809	0.00270	0.01258	0.00629	0.00359	0.01258
31	0.01455	0.00973	0.01320	0.01399	0.01628	0.00936	0.01179	0.01836	0.02101	0.06505	0.19929	0.08295	0.08796	0.02107	0.01103	0.00347	0.00663	0.37764	0.00839	0.00825
32	0.01216	0.00912	0.01368	0.01368	0.01520	0.01064	0.01064	0.01520	0.01368	0.01976	0.02279	0.03343	0.02127	0.06382	0.66720	0.01368	0.02279	0.00912	0.00456	0.00760
33	0.01037	0.00741	0.00987	0.01185	0.01234	0.00691	0.00790	0.01185	0.01629	0.02172	0.04690	0.69537	0.05629	0.02666	0.01086	0.00346	0.00494	0.02419	0.00790	0.00691
34	0.02106	0.02022	0.03454	0.05223	0.64784	0.02022	0.02612	0.02612	0.01938	0.02780	0.01601	0.02106	0.01348	0.00758	0.00842	0.00253	0.01011	0.00758	0.00421	0.01348
35	0.02080	0.01995	0.03406	0.08571	0.61644	0.02015	0.02599	0.02588	0.01925	0.02748	0.01596	0.02115	0.01337	0.00763	0.00843	0.00254	0.01018	0.00758	0.00419	0.01327
36	0.03115	0.03934	0.02474	0.02373	0.06342	0.62816	0.01702	0.03351	0.02383	0.02124	0.01332	0.01569	0.01111	0.00870	0.00772	0.00221	0.01503	0.00561	0.00437	0.01008
37	0.02106	0.02022	0.03454	0.05223	0.64784	0.02022	0.02612	0.02612	0.01938	0.02780	0.01601	0.02106	0.01348	0.00758	0.00842	0.00253	0.01011	0.00758	0.00421	0.01348
38	0.01088	0.00865	0.00977	0.00949	0.01200	0.00754	0.00712	0.01381	0.02135	0.02762	0.31777	0.07428	0.40993	0.01983	0.01005	0.00279	0.00419	0.01689	0.00851	0.00754
39	0.01037	0.00741	0.00987	0.01185	0.01234	0.00691	0.00790	0.01185	0.01629	0.02172	0.04690	0.69537	0.05629	0.02666	0.01086	0.00346	0.00494	0.02419	0.00790	0.00691
40	0.02106	0.02022	0.03454	0.05223	0.64784	0.02022	0.02612	0.02612	0.01938	0.02780	0.01601	0.02106	0.01348	0.00758	0.00842	0.00253	0.01011	0.00758	0.00421	0.01348
41	0.01216	0.00912	0.01368	0.01368	0.01520	0.01064	0.01064	0.01520	0.01368	0.01976	0.02279	0.03343	0.02127	0.06382	0.66720	0.01368	0.02279	0.00912	0.00456	0.00760
42	0.01051	0.00818	0.00955	0.01017	0.01201	0.00723	0.00726	0.01273	0.01904	0.02440	0.16575	0.30561	0.33171	0.02274	0.01035	0.00306	0.00449	0.01983	0.00815	0.00723
43	0.01018	0.00863	0.00879	0.00875	0.01157	0.00723	0.00656	0.01244	0.01968	0.02366	0.11959	0.08080	0.61059	0.02130	0.01006	0.00286	0.00429	0.01781	0.00799	0.00723
44	0.01971	0.02113	0.03474	0.02723	0.03054	0.05184	0.23554	0.02352	0.01607	0.02295	0.01345	0.02005	0.01179	0.01183	0.02057	0.00335	0.41329	0.00830	0.00396	0.01012
45	0.01028	0.00869	0.00893	0.00904	0.01186	0.00734	0.00690	0.01254	0.01941	0.02314	0.08374	0.08274	0.60871	0.02167	0.01016	0.00294	0.00452	0.05226	0.00790	0.00722
46	0.01238	0.00825	0.00928	0.00928	0.00928	0.00825	0.00516	0.01238	0.01238	0.01650	0.02681	0.05569	0.03094	0.70092	0.04331	0.00825	0.00825	0.01238	0.00516	0.00516
47	0.01081	0.00814	0.01001	0.01062	0.01223	0.00734	0.00756	0.01327	0.01958	0.02597	0.24523	0.33207	0.22142	0.02238	0.01039	0.00305	0.00448	0.01975	0.00836	0.00734
48	0.02536	0.01709	0.01807	0.01464	0.01940	0.01856	0.01184	0.36509	0.03061	0.04434	0.02354	0.02522	0.01759	0.01009	0.00743	0.00231	0.00707	0.00778	0.32228	0.01170
49	0.02275	0.70604	0.04459	0.01456	0.02184	0.03367	0.01456	0.02548	0.01729	0.02002	0.01183	0.01365	0.01092	0.00728	0.00546	0.00182	0.00910	0.00455	0.00364	0.01092
50	0.01033	0.00792	0.00948	0.01060	0.01205	0.00706	0.00737	0.01218	0.01780	0.02277	0.08908	0.43863	0.27550	0.02434	0.01053	0.00320	0.00466	0.02147	0.00797	0.00706
51	0.01037	0.00741	0.00987	0.01185	0.01234	0.00691	0.00790	0.01185	0.01629	0.02172	0.04690	0.69537	0.05629	0.02666	0.01086	0.00346	0.00494	0.02419	0.00790	0.00691
52	0.01971	0.01884	0.03210	0.22246	0.48818	0.01986	0.02544	0.02493	0.01874	0.02616	0.01577	0.02150	0.01290	0.00783	0.00845	0.00261	0.01044	0.00758	0.00410	0.01239
53	0.01707	0.04402	0.65683	0.02426	0.03683	0.01976	0.03144	0.02695	0.01797	0.02695	0.01527	0.01797	0.01078	0.00809	0.00809	0.00270	0.01258	0.00629	0.00359	0.01258
54	0.02106	0.02022	0.03454	0.05223	0.64784	0.02022	0.02612	0.02612	0.01938	0.02780	0.01601	0.02106	0.01348	0.00758	0.00842	0.00253	0.01011	0.00758	0.00421	0.01348
55	0.01765	0.01513	0.01765	0.01260	0.02017	0.01134	0.01008	0.02143	0.01765	0.02773	0.01513	0.01765	0.01260	0.00630	0.00630	0.00126	0.00630	0.00504	0.00504	0.75295
56	0.02525	0.52549	0.03930	0.01622	0.02305	0.11717	0.01503	0.10651	0.02126	0.02465	0.01316	0.01479	0.01140	0.00787	0.00617	0.00197	0.00997	0.00509	0.00440	0.01126
57	0.02512	0.53196	0.03924	0.01649	0.02301	0.19928	0.01505	0.02771	0.01908	0.02023	0.01218	0.01409	0.01093	0.00767	0.00604	0.00192	0.01073	0.00479	0.00384	0.01064
58	0.01123	0.00867	0.01025	0.00985	0.01221	0.00768	0.00739	0.01448	0.02217	0.02957	0.41517	0.07108	0.31132	0.01910	0.01005	0.00276	0.00414	0.01644	0.00877	0.00768
59	0.01216	0.00912	0.01368	0.01368	0.01520	0.01064	0.01064	0.01520	0.01368	0.01976	0.02279	0.03343	0.02127	0.06382	0.66720	0.01368	0.02279	0.00912	0.00456	0.00760
60	0.01783	0.13236	0.57514	0.02296	0.03483	0.02162	0.02919	0.02675	0.01788	0.02603	0.01481	0.01739	0.01080	0.00798	0.00773	0.00258	0.01211	0.00606	0.00360	0.01236
61	0.01223	0.00884	0.01229	0.01229	0.01333	0.00989	0.00891	0.01431	0.01327	0.01873	0.02406	0.04044	0.02432	0.26442	0.47076	0.01197	0.01822	0.01014	0.00475	0.00683
62	0.03736	0.01467	0.01972	0.01525	0.02174	0.01293	0.01255	0.04165	0.05381	0.62380	0.03363	0.02910	0.02130	0.01058	0.00856	0.00265	0.00722	0.00861	0.01044	0.01443
63	0.03662	0.01699	0.02130	0.01633	0.02297	0.01623	0.01349	0.19634	0.02855	0.49294	0.03005	0.02668	0.01930	0.01045	0.00855	0.00261	0.00781	0.00832	0.00999	0.01448
64	0.02571	0.09242	0.02131	0.01698	0.02098	0.36435	0.01318	0.05917	0.02209	0.02527	0.01777	0.02074	0.01455	0.01203	0.04324	0.00275	0.01186	0.00635	0.19968	0.00958
65	0.01216	0.00912	0.01368	0.01368	0.01520	0.01064	0.01064	0.01520	0.01368	0.01976	0.02279	0.03343	0.02127	0.06382	0.66720	0.01368	0.02279	0.00912	0.00456	0.00760
66	0.01238	0.00825	0.00928	0.00928	0.00928	0.00825	0.00516	0.01238	0.01238	0.01650	0.02681	0.05569	0.03094	0.70092	0.04331	0.00825	0.00825	0.01238	0.00516	0.00516
67	0.02117	0.01828	0.01924	0.01732	0.02213	0.02117	0.01347	0.04522	0.63246	0.03560	0.03464	0.03175	0.02598	0.01155	0.00866	0.00289	0.00673	0.00962	0.00866	0.01347
68	0.02057	0.05840	0.03884	0.03392	0.16506	0.05252	0.26947	0.02539	0.01806	0.02486	0.01485	0.02053	0.01237	0.00943	0.01419	0.00294	0.19497	0.00831	0.00410	0.01121
69	0.01782	0.01528	0.01773	0.01284	0.02027	0.01183	0.01025	0.02261	0.04825	0.02812	0.01610	0.01835	0.01327	0.00656	0.00642	0.00134	0.00632	0.00527	0.00522	0.71614
70	0.02455	0.03079	0.06952	0.02768	0.03362	0.28795	0.25759	0.02911	0.02069	0.02369	0.01463	0.01897	0.01176	0.00891	0.01134	0.00269	0.10410	0.00761	0.00422	0.01058
71	0.01091	0.00763	0.00972	0.01116	0.01152	0.00727	0.00716	0.01199	0.01524	0.02032	0.04152	0.52398	0.04949	0.20732	0.01956	0.00474	0.00582	0.02103	0.00716	0.00644
72	0.01949	0.01862	0.03170	0.25004	0.46232	0.01981	0.02534	0.02474	0.01863	0.02589	0.01573	0.02157	0.01281	0.00787	0.00845	0.00262	0.01050	0.00758	0.00408	0.01221
73	0.01813	0.01917	0.03906	0.02948	0.03595	0.01846	0.42726	0.02410	0.01962	0.02634	0.02645	0.04162	0.05213	0.01181	0.01124	0.00314	0.04347	0.13696	0.00523	0.01037
74	0.02022	0.01705	0.01748	0.01536	0.01915	0.08533	0.01213	0.20804	0.02436	0.03129	0.03453	0.03770	0.15083	0.03192	0.24761	0.00662	0.01380	0.01015	0.00651	0.00993
75	0.01058	0.00864	0.00934	0.00917	0.01181	0.00741	0.00688	0.01322	0.02063	0.02591	0.23238	0.07709	0.49639	0.02046	0.01005	0.00282	0.00423	0.01729	0.00829	0.00741
76	0.02065	0.01002	0.01353	0.01307	0.01581	0.00898	0.00960	0.02280	0.01927	0.25539	0.04198	0.44899	0.04326	0.02070	0.01001	0.00315	0.00579	0.01841	0.00887	0.00971
77	0.01977	0.02687	0.17828	0.07025	0.04134	0.02152	0.38498	0.05894	0.02011	0.02790	0.01648	0.02145	0.01233	0.00808	0.01051	0.00286	0.05357	0.00879	0.00431	0.01163
78	0.01949	0.01862	0.03170	0.25004	0.46232	0.01981	0.02534	0.02474	0.01863	0.02589	0.01573	0.02157	0.01281	0.00787	0.00845	0.00262	0.01050	0.00758	0.00408	0.01221
79	0.01037	0.00741	0.00987	0.01185	0.01234	0.00691	0.00790	0.01185	0.01629	0.02172	0.04690	0.69537	0.05629	0.02666	0.01086	0.00346	0.00494	0.02419	0.00790	0.00691
80	0.01922	0.01834	0.03121	0.28450	0.42999	0.01973	0.02520	0.02450	0.01850	0.02556	0.01568	0.02166	0.01269	0.00792	0.00846	0.00264	0.01057	0.00758	0.00405	0.01199
81	0.25374	0.08007	0.01953	0.01549	0.01972	0.12838	0.04061	0.05667	0.05243	0.02937	0.02344	0.19847	0.02366	0.01331	0.00779	0.00273	0.00840	0.01070	0.00599	0.00949
82	0.01337	0.01091	0.01551	0.19191	0.02697	0.01154	0.01443	0.01728	0.01885	0.02381	0.04807	0.07258	0.19847	0.01897	0.01043	0.00335	0.00783	0.28089	0.00677	0.00809
83	0.01027	0.00780	0.00946	0.01079	0.01207	0.00700	0.00743	0.01197	0.01731	0.02214	0.05979	0.49424	0.24909	0.02499	0.01060	0.00327	0.00473	0.02215	0.00790	0.00700
84	0.25964	0.11842	0.02286	0.01733	0.02240	0.34521	0.01376	0.03066	0.05335	0.02699	0.01374	0.01554	0.01123	0.00845	0.00668	0.00232	0.01130	0.00531	0.00480	0.01000
85	0.18608	0.01748	0.02614	0.20277	0.32512	0.01902	0.02084	0.02410	0.01753	0.02831	0.01624	0.05044	0.01391	0.00876	0.00785	0.00267	0.00940	0.00766	0.00451	0.01119

[dist]
# distance from previous block
# <min> <max>
0	5

# created by:
# /home/cegg/simao/soft/augustus-3.2.1/scripts/msa2prfl.pl ./align_prep/13750.fa
