[name]
unknown

[dist]
# distance from previous block
# <min> <max>
0	50

[block]
# block no. 0 follows, 22 sequences, length 7
# corresponding to MSA columns:
# 50-56
name=unknown_A
#
# <colnr> <probs for GDERKNQSTAVLIFYWHMCP>
#	G	D	E	R	K	N	Q	S	T	A	V	L	I	F	Y	W	H	M	C	P
0	0.01391	0.01492	0.11793	0.01664	0.02022	0.01112	0.01616	0.01867	0.01887	0.02509	0.03932	0.08149	0.04183	0.02053	0.01090	0.00363	0.00839	0.50498	0.00699	0.00839
1	0.13151	0.02209	0.15341	0.06113	0.05728	0.06639	0.01733	0.07368	0.01776	0.02695	0.01673	0.02206	0.01395	0.02519	0.21351	0.00592	0.05363	0.00700	0.00456	0.00992
2	0.18334	0.07079	0.01988	0.05864	0.05766	0.10606	0.03822	0.02152	0.01799	0.02610	0.07331	0.03521	0.17487	0.01231	0.00947	0.00262	0.06816	0.00937	0.00549	0.00900
3	0.01857	0.01964	0.01545	0.01494	0.01768	0.23274	0.01099	0.02324	0.09160	0.02454	0.13441	0.22170	0.10868	0.01646	0.00909	0.00271	0.00822	0.01379	0.00687	0.00865
4	0.02695	0.02574	0.02612	0.02831	0.20730	0.19688	0.01810	0.25776	0.02787	0.03470	0.02061	0.02236	0.05091	0.00951	0.00816	0.00241	0.01062	0.00748	0.00598	0.01222
5	0.01310	0.00833	0.01043	0.01066	0.01188	0.00779	0.00720	0.01478	0.01707	0.07124	0.16329	0.29200	0.08403	0.22688	0.01971	0.00453	0.00574	0.01691	0.00740	0.00704
6	0.01933	0.01465	0.01811	0.03983	0.02074	0.01466	0.03795	0.15930	0.08706	0.06384	0.16567	0.11452	0.07393	0.01348	0.00877	0.00252	0.00667	0.01161	0.00765	0.11971

[dist]
# distance from previous block
# <min> <max>
0	2

[block]
# block no. 1 follows, 22 sequences, length 24
# corresponding to MSA columns:
# 59-82
name=unknown_B
#
# <colnr> <probs for GDERKNQSTAVLIFYWHMCP>
#	G	D	E	R	K	N	Q	S	T	A	V	L	I	F	Y	W	H	M	C	P
0	0.01038	0.00753	0.00938	0.01073	0.01147	0.00699	0.00710	0.01170	0.01575	0.02060	0.04828	0.51389	0.13693	0.12989	0.01535	0.00401	0.00523	0.02098	0.00730	0.00652
1	0.01188	0.00872	0.01042	0.01115	0.01244	0.00834	0.00764	0.05573	0.01758	0.02293	0.04842	0.44262	0.16207	0.12178	0.01484	0.00387	0.00548	0.01965	0.00737	0.00708
2	0.01290	0.00849	0.01132	0.01132	0.01276	0.00939	0.00852	0.01579	0.01434	0.02218	0.02403	0.03458	0.02196	0.11921	0.41919	0.00959	0.01558	0.00893	0.21269	0.00724
3	0.01090	0.00807	0.00966	0.00996	0.01139	0.00739	0.00690	0.01300	0.01828	0.02425	0.23606	0.22889	0.21013	0.14843	0.01603	0.00387	0.00499	0.01731	0.00765	0.00683
4	0.02550	0.01382	0.01656	0.01374	0.01868	0.01334	0.01100	0.08471	0.13158	0.30021	0.10202	0.04242	0.16327	0.01340	0.00882	0.00266	0.00625	0.01108	0.00912	0.01182
5	0.01133	0.00811	0.01006	0.01037	0.01130	0.00797	0.00696	0.01291	0.01558	0.02098	0.13131	0.19279	0.11034	0.28658	0.12062	0.00644	0.00841	0.01511	0.00644	0.00640
6	0.01077	0.00759	0.00936	0.01050	0.01097	0.00721	0.00670	0.01177	0.01479	0.01954	0.04154	0.43984	0.08511	0.25981	0.02143	0.00494	0.00589	0.01926	0.00679	0.00618
7	0.01407	0.01234	0.01195	0.01124	0.01429	0.05900	0.00856	0.08215	0.02107	0.02574	0.08891	0.10546	0.42120	0.02222	0.06074	0.00356	0.00697	0.01515	0.00734	0.00804
8	0.15949	0.02312	0.03080	0.02390	0.02963	0.15418	0.25816	0.02592	0.01828	0.02630	0.01471	0.01916	0.01187	0.01139	0.04983	0.00323	0.07234	0.00733	0.00440	0.05595
9	0.01530	0.01119	0.01645	0.06376	0.01889	0.01220	0.08077	0.01878	0.01587	0.02505	0.02265	0.03163	0.01971	0.11660	0.09862	0.00459	0.07638	0.00868	0.33492	0.00796
10	0.01915	0.01537	0.01845	0.01980	0.11976	0.01616	0.01317	0.05732	0.29020	0.07548	0.04490	0.04292	0.20541	0.01337	0.00880	0.00273	0.00656	0.01129	0.00767	0.01148
11	0.06517	0.01118	0.01355	0.01211	0.01511	0.01107	0.00909	0.06402	0.01886	0.17234	0.07527	0.09314	0.09808	0.17630	0.12227	0.00559	0.00911	0.01161	0.00717	0.00895
12	0.14464	0.01592	0.01684	0.01398	0.01899	0.06286	0.01117	0.06370	0.07018	0.25980	0.16202	0.03148	0.03022	0.01104	0.00798	0.00249	0.00689	0.00882	0.00822	0.05276
13	0.01621	0.01331	0.01582	0.01480	0.01726	0.06204	0.01160	0.10696	0.01791	0.02425	0.02121	0.02945	0.01904	0.05057	0.52687	0.01091	0.01977	0.00843	0.00501	0.00857
14	0.03116	0.02217	0.02404	0.01862	0.02510	0.02436	0.01532	0.53983	0.08427	0.09631	0.02197	0.02141	0.01547	0.01010	0.00832	0.00252	0.00879	0.00769	0.00847	0.01405
15	0.01182	0.00854	0.01183	0.01195	0.01292	0.00945	0.00861	0.01380	0.01314	0.01846	0.02495	0.08247	0.02581	0.25349	0.44249	0.01112	0.01687	0.01081	0.00484	0.00666
16	0.03139	0.02884	0.02446	0.01989	0.02574	0.24724	0.01588	0.42533	0.03376	0.04143	0.01752	0.01825	0.01296	0.00949	0.00803	0.00237	0.01113	0.00675	0.00694	0.01259
17	0.02082	0.02049	0.02817	0.02241	0.02837	0.06366	0.19884	0.03668	0.37351	0.03085	0.02610	0.02648	0.01972	0.00948	0.00866	0.00267	0.00936	0.00897	0.00667	0.05810
18	0.02401	0.01817	0.02005	0.01662	0.02131	0.02029	0.01319	0.34094	0.15730	0.03941	0.02389	0.02808	0.01930	0.09588	0.11826	0.00491	0.01057	0.00861	0.00736	0.01185
19	0.02056	0.01974	0.03372	0.05099	0.65622	0.01974	0.02550	0.02550	0.01892	0.02714	0.01563	0.02056	0.01316	0.00740	0.00822	0.00247	0.00987	0.00740	0.00411	0.01316
20	0.07741	0.02166	0.01794	0.01563	0.02003	0.20799	0.01215	0.11641	0.07200	0.10061	0.11896	0.03529	0.12507	0.01228	0.00831	0.00250	0.00871	0.00955	0.00716	0.01035
21	0.02268	0.02174	0.02814	0.06181	0.38113	0.11349	0.02085	0.03103	0.14980	0.05706	0.01979	0.02236	0.01562	0.00854	0.00818	0.00251	0.00983	0.00757	0.00531	0.01255
22	0.07144	0.03700	0.48059	0.05651	0.10238	0.05948	0.02733	0.02627	0.01777	0.02658	0.01461	0.01764	0.01074	0.00789	0.00773	0.00259	0.01171	0.00617	0.00375	0.01184
23	0.02618	0.06082	0.09287	0.02531	0.09763	0.41030	0.07344	0.02995	0.02141	0.02265	0.01379	0.01661	0.01122	0.00802	0.00766	0.00222	0.01327	0.00600	0.00419	0.05646

[dist]
# distance from previous block
# <min> <max>
0	1

[block]
# block no. 2 follows, 22 sequences, length 14
# corresponding to MSA columns:
# 84-97
name=unknown_C
#
# <colnr> <probs for GDERKNQSTAVLIFYWHMCP>
#	G	D	E	R	K	N	Q	S	T	A	V	L	I	F	Y	W	H	M	C	P
0	0.40557	0.02351	0.21576	0.05412	0.02423	0.01762	0.01643	0.02384	0.01639	0.03249	0.08438	0.02068	0.01735	0.00884	0.00670	0.00261	0.00823	0.00635	0.00500	0.00990
1	0.02792	0.13535	0.02616	0.01961	0.02437	0.41622	0.01550	0.08218	0.09820	0.02461	0.01569	0.01723	0.01277	0.00906	0.00824	0.00226	0.04312	0.00597	0.00498	0.01056
2	0.01476	0.01200	0.01375	0.01269	0.01619	0.01197	0.00994	0.02403	0.20229	0.03005	0.22668	0.05515	0.16181	0.01560	0.00921	0.00270	0.00541	0.07851	0.00805	0.08921
3	0.01064	0.00745	0.00949	0.01091	0.01126	0.00709	0.00701	0.01170	0.01490	0.01986	0.04062	0.53181	0.04843	0.20573	0.01895	0.00461	0.00567	0.02058	0.00701	0.00630
4	0.10081	0.01410	0.01833	0.02089	0.14604	0.01548	0.01292	0.08692	0.01734	0.02602	0.02201	0.10656	0.02265	0.21597	0.06249	0.00501	0.08185	0.01034	0.00534	0.00894
5	0.08687	0.01888	0.01956	0.01688	0.02204	0.02160	0.01337	0.17006	0.45608	0.03881	0.02888	0.02708	0.02151	0.01068	0.00814	0.00273	0.00712	0.00856	0.00814	0.01301
6	0.06769	0.05040	0.02051	0.01902	0.08779	0.15112	0.01341	0.02568	0.08747	0.02528	0.01777	0.02140	0.01497	0.01897	0.14351	0.00431	0.01184	0.00654	0.00496	0.20736
7	0.01252	0.00979	0.01154	0.01217	0.01452	0.00953	0.00971	0.01747	0.08793	0.02422	0.05732	0.12096	0.27783	0.06477	0.01240	0.00356	0.00603	0.23233	0.00760	0.00779
8	0.01736	0.01379	0.01855	0.16282	0.02679	0.01423	0.01366	0.06167	0.01817	0.06214	0.02352	0.19080	0.02316	0.01300	0.01027	0.00253	0.08031	0.01077	0.00576	0.23070
9	0.02026	0.01735	0.02065	0.02277	0.14983	0.04342	0.01513	0.14369	0.17854	0.03252	0.03682	0.04328	0.13339	0.01344	0.00899	0.00279	0.00781	0.09082	0.00713	0.01137
10	0.02054	0.02657	0.15996	0.06608	0.30786	0.10840	0.05856	0.02607	0.01901	0.02572	0.01503	0.01899	0.01206	0.00754	0.00792	0.00235	0.01094	0.00673	0.00409	0.09557
11	0.10049	0.19501	0.21645	0.02658	0.18346	0.09676	0.02147	0.02634	0.01804	0.02538	0.01369	0.01656	0.01107	0.00764	0.00702	0.00232	0.01055	0.00578	0.00393	0.01146
12	0.05634	0.06383	0.02055	0.13840	0.06964	0.17533	0.01438	0.02446	0.01999	0.09444	0.05620	0.03580	0.17391	0.01190	0.00820	0.00250	0.00917	0.00947	0.00586	0.00963
13	0.02006	0.08265	0.14451	0.18504	0.28515	0.09369	0.02388	0.02547	0.01849	0.02425	0.01465	0.01916	0.01173	0.00780	0.00786	0.00247	0.01107	0.00670	0.00388	0.01150

[dist]
# distance from previous block
# <min> <max>
7	41

[block]
# block no. 3 follows, 22 sequences, length 34
# corresponding to MSA columns:
# 139-172
name=unknown_D
#
# <colnr> <probs for GDERKNQSTAVLIFYWHMCP>
#	G	D	E	R	K	N	Q	S	T	A	V	L	I	F	Y	W	H	M	C	P
0	0.02647	0.11048	0.02849	0.02833	0.20790	0.27215	0.01821	0.05425	0.04937	0.07597	0.01626	0.01852	0.01301	0.00860	0.00837	0.00233	0.03843	0.00642	0.00495	0.01146
1	0.01989	0.01276	0.01609	0.01368	0.01790	0.01232	0.01076	0.02599	0.10808	0.16483	0.12824	0.08198	0.03107	0.01970	0.10818	0.00403	0.03574	0.01002	0.00736	0.17140
2	0.02095	0.02187	0.02894	0.25243	0.34268	0.14283	0.02293	0.02556	0.01904	0.02393	0.01482	0.02002	0.01202	0.00791	0.00811	0.00250	0.01122	0.00701	0.00401	0.01122
3	0.02111	0.02221	0.02782	0.03510	0.33566	0.14358	0.02045	0.02456	0.01832	0.02379	0.01946	0.02369	0.06325	0.01040	0.01272	0.00271	0.17203	0.00779	0.00432	0.01104
4	0.01588	0.03662	0.54190	0.02178	0.03214	0.01734	0.02710	0.02435	0.01783	0.02592	0.02227	0.03126	0.04578	0.01064	0.00849	0.00281	0.01124	0.09099	0.00429	0.01138
5	0.02239	0.02383	0.02996	0.13731	0.41521	0.17858	0.02285	0.02673	0.01970	0.02462	0.01482	0.01944	0.01226	0.00782	0.00806	0.00243	0.01129	0.00690	0.00409	0.01173
6	0.16813	0.03136	0.02174	0.01933	0.02337	0.42607	0.01498	0.06744	0.02135	0.02551	0.01280	0.01543	0.01062	0.00926	0.00965	0.00244	0.10060	0.00557	0.00461	0.00973
7	0.20277	0.05610	0.01955	0.01520	0.02053	0.11871	0.01233	0.06416	0.07034	0.22159	0.02349	0.02300	0.04111	0.00976	0.00807	0.00248	0.03648	0.00701	0.00695	0.04036
8	0.01345	0.01029	0.01155	0.01152	0.01313	0.01068	0.00785	0.01983	0.16624	0.02309	0.06155	0.20071	0.10306	0.28414	0.02217	0.00495	0.00639	0.01477	0.00691	0.00770
9	0.02056	0.01974	0.03372	0.05099	0.65622	0.01974	0.02550	0.02550	0.01892	0.02714	0.01563	0.02056	0.01316	0.00740	0.00822	0.00247	0.00987	0.00740	0.00411	0.01316
10	0.01583	0.01609	0.01338	0.01334	0.01623	0.16573	0.01050	0.01846	0.02025	0.02299	0.07895	0.06742	0.32261	0.01842	0.00969	0.00290	0.00763	0.16478	0.00694	0.00783
11	0.01886	0.01858	0.02881	0.35813	0.32584	0.06050	0.02372	0.02391	0.01809	0.02384	0.01503	0.02098	0.01199	0.00791	0.00822	0.00259	0.01078	0.00726	0.00392	0.01103
12	0.01956	0.01891	0.03284	0.17458	0.50540	0.01956	0.05814	0.02472	0.01850	0.02596	0.01552	0.02097	0.01272	0.00756	0.00833	0.00254	0.01033	0.00753	0.00403	0.01228
13	0.02583	0.03107	0.02177	0.02137	0.06296	0.47607	0.01531	0.02835	0.02084	0.02051	0.01524	0.01951	0.01324	0.02121	0.16556	0.00481	0.01638	0.00632	0.00431	0.00933
14	0.01679	0.01614	0.01479	0.01504	0.01738	0.16623	0.01193	0.02000	0.02106	0.02575	0.20392	0.12706	0.04814	0.01821	0.00998	0.00305	0.00808	0.24109	0.00727	0.00808
15	0.03008	0.03801	0.02368	0.02143	0.02540	0.62659	0.01621	0.03220	0.02274	0.02031	0.01270	0.01522	0.01072	0.00900	0.00896	0.00225	0.06520	0.00549	0.00423	0.00959
16	0.01957	0.01914	0.03062	0.24071	0.44825	0.04880	0.02434	0.02456	0.01843	0.02506	0.01524	0.02079	0.01242	0.00773	0.00822	0.00254	0.01046	0.00730	0.00399	0.01182
17	0.01012	0.00723	0.00964	0.01157	0.01205	0.00675	0.00771	0.01157	0.01591	0.02121	0.04579	0.70262	0.05495	0.02603	0.01060	0.00337	0.00482	0.02362	0.00771	0.00675
18	0.01245	0.00915	0.01201	0.01174	0.01234	0.01029	0.00817	0.01378	0.01264	0.01768	0.02346	0.04289	0.02495	0.39526	0.29736	0.00987	0.06453	0.01044	0.00469	0.00630
19	0.02726	0.03187	0.02810	0.03101	0.21772	0.40991	0.05254	0.05827	0.02265	0.02424	0.01424	0.01731	0.01171	0.00819	0.00788	0.00229	0.01311	0.00632	0.00441	0.01100
20	0.02171	0.01761	0.01882	0.01677	0.02158	0.02013	0.01309	0.04391	0.60231	0.07427	0.03375	0.03082	0.02506	0.01121	0.00845	0.00280	0.00661	0.00933	0.00857	0.01321
21	0.01012	0.00723	0.00964	0.01157	0.01205	0.00675	0.00771	0.01157	0.01591	0.02121	0.04579	0.70262	0.05495	0.02603	0.01060	0.00337	0.00482	0.02362	0.00771	0.00675
22	0.01189	0.00881	0.01289	0.01289	0.01422	0.01014	0.00981	0.01454	0.01322	0.01895	0.02267	0.03496	0.02178	0.13136	0.60745	0.01278	0.02073	0.00924	0.00451	0.00716
23	0.01723	0.01477	0.01723	0.01230	0.01969	0.01107	0.00984	0.02092	0.01723	0.02707	0.01477	0.01723	0.01230	0.00615	0.00615	0.00123	0.00615	0.00492	0.00492	0.75883
24	0.02581	0.06576	0.02197	0.01854	0.02286	0.39113	0.01429	0.06899	0.12345	0.02473	0.02267	0.02403	0.06167	0.01423	0.06107	0.00320	0.01271	0.00728	0.00544	0.01017
25	0.01916	0.34426	0.38557	0.01942	0.02938	0.02540	0.02328	0.02566	0.01724	0.02327	0.01340	0.01564	0.01059	0.00754	0.00674	0.00225	0.01075	0.00538	0.00353	0.01155
26	0.02025	0.12152	0.07150	0.01282	0.01797	0.01364	0.01164	0.02360	0.02023	0.20127	0.09641	0.04936	0.25078	0.01458	0.00864	0.00260	0.00653	0.03901	0.00755	0.01009
27	0.02474	0.03554	0.16957	0.02568	0.03284	0.35082	0.18898	0.02986	0.02115	0.02337	0.01439	0.01760	0.01119	0.00798	0.00822	0.00243	0.01412	0.00676	0.00409	0.01064
28	0.07817	0.01779	0.06469	0.03274	0.32418	0.01664	0.02004	0.05548	0.01961	0.02852	0.02471	0.04354	0.02397	0.01265	0.00902	0.00293	0.00899	0.19976	0.00553	0.01103
29	0.01899	0.09237	0.40840	0.02636	0.10516	0.07348	0.05893	0.02619	0.01788	0.02492	0.01436	0.01765	0.01100	0.00827	0.00923	0.00259	0.06245	0.00636	0.00369	0.01174
30	0.04961	0.03141	0.32569	0.02043	0.02817	0.08929	0.02188	0.11752	0.02038	0.02858	0.01627	0.01997	0.01273	0.01753	0.11739	0.00436	0.05635	0.00672	0.00456	0.01116
31	0.01796	0.08600	0.31535	0.17406	0.12580	0.02007	0.02494	0.05748	0.01872	0.02599	0.01821	0.02169	0.04119	0.00858	0.00793	0.00257	0.01084	0.00706	0.00410	0.01145
32	0.01843	0.02748	0.23303	0.02427	0.12776	0.12348	0.05775	0.02328	0.01765	0.02289	0.02070	0.02955	0.04574	0.17420	0.01623	0.00383	0.01106	0.00838	0.00433	0.00996
33	0.04637	0.01556	0.01915	0.14002	0.06496	0.08014	0.06147	0.05106	0.01856	0.02399	0.07031	0.04147	0.13612	0.17670	0.01662	0.00391	0.00893	0.01069	0.00551	0.00844

[dist]
# distance from previous block
# <min> <max>
57	129

[block]
# block no. 4 follows, 22 sequences, length 72
# corresponding to MSA columns:
# 331-402
name=unknown_E
#
# <colnr> <probs for GDERKNQSTAVLIFYWHMCP>
#	G	D	E	R	K	N	Q	S	T	A	V	L	I	F	Y	W	H	M	C	P
0	0.05637	0.01759	0.02202	0.01763	0.02295	0.04945	0.07896	0.20314	0.02537	0.20031	0.02839	0.08904	0.05450	0.01683	0.07466	0.00371	0.00994	0.00990	0.00759	0.01165
1	0.02133	0.08020	0.04727	0.07731	0.02405	0.05216	0.01406	0.06352	0.18869	0.11135	0.02745	0.02868	0.05509	0.01866	0.11506	0.00424	0.01044	0.00836	0.00654	0.04552
2	0.05318	0.02353	0.22847	0.07976	0.02884	0.01591	0.05061	0.02886	0.08392	0.17758	0.02926	0.06391	0.07787	0.01100	0.00841	0.00271	0.00902	0.00924	0.00638	0.01154
3	0.02844	0.07374	0.02683	0.02683	0.15259	0.47133	0.01784	0.06243	0.02304	0.02334	0.01370	0.01627	0.01137	0.00832	0.00756	0.00220	0.01329	0.00582	0.00442	0.01064
4	0.02008	0.05392	0.06910	0.04175	0.35735	0.02083	0.26150	0.02594	0.01903	0.02654	0.01587	0.02082	0.01270	0.00725	0.00870	0.00257	0.01156	0.00815	0.00409	0.01223
5	0.02050	0.02197	0.04129	0.04139	0.30912	0.04803	0.33919	0.02640	0.01947	0.02658	0.01613	0.02129	0.01277	0.00724	0.00902	0.00263	0.01225	0.00857	0.00417	0.01199
6	0.15703	0.05238	0.02202	0.04446	0.02430	0.13054	0.01434	0.25660	0.15172	0.03824	0.01954	0.02003	0.01466	0.00942	0.00752	0.00249	0.00918	0.00686	0.00673	0.01195
7	0.02386	0.01426	0.01711	0.01431	0.01927	0.01406	0.01133	0.03429	0.23654	0.24128	0.16581	0.03539	0.03392	0.01164	0.00847	0.00252	0.00612	0.00980	0.00884	0.09116
8	0.01189	0.00812	0.00981	0.01047	0.01085	0.00802	0.00679	0.01274	0.01386	0.01839	0.03261	0.18584	0.03760	0.47451	0.03159	0.00652	0.00737	0.10132	0.00594	0.00575
9	0.09858	0.19751	0.32070	0.01966	0.02754	0.02370	0.02196	0.02454	0.01608	0.02462	0.01296	0.01621	0.01047	0.00897	0.01073	0.00261	0.14275	0.00577	0.00372	0.01092
10	0.00999	0.00814	0.00885	0.00927	0.01148	0.00699	0.00672	0.01204	0.01846	0.02272	0.10486	0.22693	0.48064	0.02201	0.01000	0.00293	0.00434	0.01885	0.00779	0.00699
11	0.01170	0.00793	0.00968	0.00996	0.01046	0.00769	0.00627	0.01264	0.01515	0.02059	0.15602	0.19367	0.04450	0.39114	0.02848	0.04042	0.00649	0.01493	0.00637	0.00590
12	0.76672	0.01607	0.01221	0.01092	0.01607	0.01864	0.00900	0.02442	0.01414	0.03727	0.01157	0.01350	0.00900	0.00771	0.00514	0.00257	0.00643	0.00450	0.00514	0.00900
13	0.02648	0.03128	0.05646	0.08867	0.14849	0.36482	0.04953	0.08855	0.02309	0.02543	0.01453	0.01766	0.01162	0.00835	0.00792	0.00235	0.01291	0.00639	0.00455	0.01090
14	0.10994	0.03224	0.02274	0.01960	0.02468	0.41242	0.01522	0.20844	0.02713	0.03162	0.01481	0.01629	0.01153	0.00889	0.00748	0.00229	0.01234	0.00589	0.00557	0.01089
15	0.01666	0.04297	0.66500	0.02368	0.03596	0.01929	0.03069	0.02631	0.01754	0.02631	0.01491	0.01754	0.01052	0.00789	0.00789	0.00263	0.01228	0.00614	0.00351	0.01228
16	0.02051	0.01989	0.03457	0.05010	0.62198	0.01981	0.05905	0.02556	0.01895	0.02711	0.01569	0.02066	0.01313	0.00738	0.00831	0.00249	0.01010	0.00754	0.00412	0.01305
17	0.01234	0.01169	0.07150	0.01376	0.01623	0.00921	0.01193	0.01605	0.01920	0.02614	0.19855	0.25138	0.05430	0.02090	0.01047	0.00327	0.00631	0.23123	0.00767	0.00787
18	0.02056	0.01974	0.03372	0.05099	0.65622	0.01974	0.02550	0.02550	0.01892	0.02714	0.01563	0.02056	0.01316	0.00740	0.00822	0.00247	0.00987	0.00740	0.00411	0.01316
19	0.03158	0.02327	0.02493	0.01911	0.02576	0.02576	0.01579	0.62852	0.03906	0.05236	0.01995	0.01995	0.01413	0.00997	0.00831	0.00249	0.00914	0.00748	0.00831	0.01413
20	0.01666	0.04297	0.66500	0.02368	0.03596	0.01929	0.03069	0.02631	0.01754	0.02631	0.01491	0.01754	0.01052	0.00789	0.00789	0.00263	0.01228	0.00614	0.00351	0.01228
21	0.03158	0.02327	0.02493	0.01911	0.02576	0.02576	0.01579	0.62852	0.03906	0.05236	0.01995	0.01995	0.01413	0.00997	0.00831	0.00249	0.00914	0.00748	0.00831	0.01413
22	0.02275	0.02412	0.03088	0.07754	0.47733	0.17281	0.02316	0.02707	0.01988	0.02524	0.01493	0.01934	0.01247	0.00772	0.00806	0.00241	0.01113	0.00692	0.00413	0.01213
23	0.01208	0.00805	0.00906	0.00906	0.00906	0.00805	0.00503	0.01208	0.01208	0.01611	0.02618	0.05436	0.03020	0.70804	0.04228	0.00805	0.00805	0.01208	0.00503	0.00503
24	0.19527	0.01549	0.01832	0.01438	0.02055	0.01498	0.01188	0.09677	0.02324	0.46420	0.02686	0.02422	0.01740	0.00969	0.00765	0.00256	0.00714	0.00743	0.00896	0.01302
25	0.01037	0.00816	0.00907	0.00964	0.01150	0.00722	0.00690	0.01216	0.01739	0.02152	0.06565	0.22556	0.39995	0.10599	0.01405	0.00364	0.00502	0.05207	0.00738	0.00675
26	0.01199	0.00842	0.01071	0.01100	0.01216	0.00811	0.00792	0.01437	0.01823	0.02496	0.27652	0.13073	0.05480	0.24319	0.02072	0.00468	0.00603	0.12129	0.00739	0.00678
27	0.02802	0.26974	0.03037	0.01895	0.02419	0.45535	0.01542	0.03034	0.02127	0.02006	0.01240	0.01442	0.01069	0.00806	0.00675	0.00202	0.01290	0.00504	0.00403	0.00998
28	0.01187	0.00890	0.01335	0.01335	0.01483	0.01038	0.01038	0.01483	0.01335	0.01928	0.02225	0.03264	0.02077	0.06231	0.67512	0.01335	0.02225	0.00890	0.00445	0.00742
29	0.01012	0.00723	0.00964	0.01157	0.01205	0.00675	0.00771	0.01157	0.01591	0.02121	0.04579	0.70262	0.05495	0.02603	0.01060	0.00337	0.00482	0.02362	0.00771	0.00675
30	0.02011	0.01928	0.03291	0.10943	0.60128	0.01962	0.02527	0.02510	0.01870	0.02660	0.01555	0.02071	0.01297	0.00748	0.00823	0.00249	0.00998	0.00740	0.00407	0.01280
31	0.06617	0.39997	0.09317	0.01652	0.02374	0.05914	0.01594	0.18359	0.02291	0.02979	0.01412	0.01554	0.01147	0.00803	0.00644	0.00210	0.00941	0.00544	0.00492	0.01158
32	0.01176	0.00812	0.01008	0.01035	0.01074	0.00838	0.00658	0.01261	0.01290	0.01752	0.02811	0.14163	0.03166	0.47088	0.17536	0.00854	0.01068	0.01303	0.00529	0.00580
33	0.01208	0.00805	0.00906	0.00906	0.00906	0.00805	0.00503	0.01208	0.01208	0.01611	0.02618	0.05436	0.03020	0.70804	0.04228	0.00805	0.00805	0.01208	0.00503	0.00503
34	0.01870	0.02877	0.23943	0.03151	0.04111	0.02048	0.44201	0.02652	0.01897	0.02652	0.01622	0.02090	0.01196	0.00728	0.00921	0.00275	0.01347	0.00867	0.00399	0.01154
35	0.02626	0.03055	0.02818	0.03488	0.31285	0.37641	0.02035	0.02968	0.02144	0.02343	0.01411	0.01752	0.01182	0.00803	0.00782	0.00229	0.01265	0.00628	0.00420	0.01124
36	0.03158	0.02327	0.02493	0.01911	0.02576	0.02576	0.01579	0.62852	0.03906	0.05236	0.01995	0.01995	0.01413	0.00997	0.00831	0.00249	0.00914	0.00748	0.00831	0.01413
37	0.01971	0.01818	0.05602	0.01500	0.02182	0.01584	0.01263	0.09285	0.19668	0.03191	0.02073	0.02144	0.01610	0.00811	0.00714	0.00190	0.00695	0.00653	0.00620	0.42424
38	0.01272	0.00947	0.01362	0.01337	0.01500	0.01092	0.01033	0.04098	0.01439	0.02053	0.02236	0.03323	0.02098	0.09400	0.61330	0.01261	0.02094	0.00901	0.00465	0.00758
39	0.01118	0.00872	0.01031	0.01062	0.01299	0.00785	0.00843	0.01416	0.02012	0.02573	0.21500	0.07890	0.36137	0.02050	0.01022	0.00301	0.00498	0.16048	0.00805	0.00737
40	0.02057	0.01951	0.03188	0.04679	0.57805	0.01985	0.02397	0.02779	0.09557	0.02808	0.01787	0.02185	0.01466	0.00788	0.00825	0.00251	0.00946	0.00765	0.00465	0.01316
41	0.02726	0.03106	0.02671	0.06307	0.21131	0.39128	0.01913	0.08494	0.02327	0.02530	0.01440	0.01742	0.01175	0.00834	0.00782	0.00230	0.01276	0.00625	0.00457	0.01105
42	0.01208	0.00805	0.00906	0.00906	0.00906	0.00805	0.00503	0.01208	0.01208	0.01611	0.02618	0.05436	0.03020	0.70804	0.04228	0.00805	0.00805	0.01208	0.00503	0.00503
43	0.01751	0.01865	0.03869	0.10020	0.03868	0.01843	0.42767	0.02347	0.01793	0.02444	0.01777	0.02460	0.01422	0.01916	0.15428	0.00509	0.01548	0.00935	0.00420	0.01017
44	0.03014	0.03816	0.02362	0.06002	0.02751	0.63668	0.01646	0.03248	0.02314	0.02038	0.01295	0.01540	0.01072	0.00855	0.00754	0.00218	0.01475	0.00547	0.00425	0.00961
45	0.01647	0.00948	0.01133	0.01054	0.01184	0.00937	0.00681	0.01811	0.03990	0.12073	0.02734	0.04803	0.02794	0.53217	0.06994	0.00725	0.00861	0.01120	0.00599	0.00696
46	0.01042	0.00844	0.00925	0.00904	0.01159	0.00727	0.00678	0.01308	0.02035	0.02580	0.25964	0.07442	0.47527	0.01979	0.00981	0.00275	0.00412	0.01676	0.00816	0.00727
47	0.01666	0.04297	0.66500	0.02368	0.03596	0.01929	0.03069	0.02631	0.01754	0.02631	0.01491	0.01754	0.01052	0.00789	0.00789	0.00263	0.01228	0.00614	0.00351	0.01228
48	0.01112	0.00845	0.01038	0.01102	0.01297	0.00772	0.00849	0.01391	0.01950	0.02536	0.20542	0.19931	0.26633	0.02144	0.01033	0.00309	0.00500	0.14480	0.00805	0.00730
49	0.01208	0.00805	0.00906	0.00906	0.00906	0.00805	0.00503	0.01208	0.01208	0.01611	0.02618	0.05436	0.03020	0.70804	0.04228	0.00805	0.00805	0.01208	0.00503	0.00503
50	0.01208	0.00805	0.00906	0.00906	0.00906	0.00805	0.00503	0.01208	0.01208	0.01611	0.02618	0.05436	0.03020	0.70804	0.04228	0.00805	0.00805	0.01208	0.00503	0.00503
51	0.03103	0.03959	0.02354	0.02140	0.02568	0.67469	0.01605	0.03317	0.02354	0.02033	0.01284	0.01498	0.01070	0.00856	0.00749	0.00214	0.01498	0.00535	0.00428	0.00963
52	0.02056	0.01974	0.03372	0.05099	0.65622	0.01974	0.02550	0.02550	0.01892	0.02714	0.01563	0.02056	0.01316	0.00740	0.00822	0.00247	0.00987	0.00740	0.00411	0.01316
53	0.01187	0.00890	0.01335	0.01335	0.01483	0.01038	0.01038	0.01483	0.01335	0.01928	0.02225	0.03264	0.02077	0.06231	0.67512	0.01335	0.02225	0.00890	0.00445	0.00742
54	0.02221	0.71304	0.04353	0.01421	0.02132	0.03287	0.01421	0.02488	0.01688	0.01955	0.01155	0.01333	0.01066	0.00711	0.00533	0.00178	0.00888	0.00444	0.00355	0.01066
55	0.01961	0.02241	0.04902	0.03501	0.04342	0.02101	0.62605	0.02661	0.01961	0.02661	0.01681	0.02241	0.01261	0.00700	0.00980	0.00280	0.01401	0.00980	0.00420	0.01120
56	0.01569	0.01477	0.02492	0.68808	0.05722	0.01846	0.02307	0.02123	0.01661	0.02123	0.01477	0.02215	0.01107	0.00831	0.00831	0.00277	0.01107	0.00738	0.00369	0.00923
57	0.01116	0.00847	0.01027	0.00982	0.01204	0.00758	0.00737	0.01452	0.02210	0.02996	0.47660	0.06758	0.25572	0.01824	0.00980	0.00267	0.00401	0.01580	0.00870	0.00758
58	0.01030	0.00736	0.00984	0.01177	0.01233	0.00690	0.00802	0.01188	0.01608	0.02141	0.04569	0.66943	0.05456	0.02586	0.01065	0.00340	0.00497	0.05505	0.00771	0.00680
59	0.01666	0.04297	0.66500	0.02368	0.03596	0.01929	0.03069	0.02631	0.01754	0.02631	0.01491	0.01754	0.01052	0.00789	0.00789	0.00263	0.01228	0.00614	0.00351	0.01228
60	0.03158	0.02327	0.02493	0.01911	0.02576	0.02576	0.01579	0.62852	0.03906	0.05236	0.01995	0.01995	0.01413	0.00997	0.00831	0.00249	0.00914	0.00748	0.00831	0.01413
61	0.02066	0.01785	0.01878	0.01691	0.02160	0.02066	0.01315	0.04414	0.64121	0.03475	0.03381	0.03099	0.02536	0.01127	0.00845	0.00282	0.00657	0.00939	0.00845	0.01315
62	0.01302	0.01050	0.01184	0.01115	0.01400	0.01034	0.00846	0.02057	0.15621	0.02986	0.32084	0.06150	0.26585	0.01715	0.00951	0.00272	0.00460	0.01467	0.00850	0.00871
63	0.01208	0.00805	0.00906	0.00906	0.00906	0.00805	0.00503	0.01208	0.01208	0.01611	0.02618	0.05436	0.03020	0.70804	0.04228	0.00805	0.00805	0.01208	0.00503	0.00503
64	0.01208	0.00805	0.00906	0.00906	0.00906	0.00805	0.00503	0.01208	0.01208	0.01611	0.02618	0.05436	0.03020	0.70804	0.04228	0.00805	0.00805	0.01208	0.00503	0.00503
65	0.03103	0.03959	0.02354	0.02140	0.02568	0.67469	0.01605	0.03317	0.02354	0.02033	0.01284	0.01498	0.01070	0.00856	0.00749	0.00214	0.01498	0.00535	0.00428	0.00963
66	0.01208	0.00805	0.00906	0.00906	0.00906	0.00805	0.00503	0.01208	0.01208	0.01611	0.02618	0.05436	0.03020	0.70804	0.04228	0.00805	0.00805	0.01208	0.00503	0.00503
67	0.02221	0.71304	0.04353	0.01421	0.02132	0.03287	0.01421	0.02488	0.01688	0.01955	0.01155	0.01333	0.01066	0.00711	0.00533	0.00178	0.00888	0.00444	0.00355	0.01066
68	0.01666	0.04297	0.66500	0.02368	0.03596	0.01929	0.03069	0.02631	0.01754	0.02631	0.01491	0.01754	0.01052	0.00789	0.00789	0.00263	0.01228	0.00614	0.00351	0.01228
69	0.01964	0.01696	0.01781	0.01611	0.02062	0.01938	0.01251	0.04111	0.58259	0.03359	0.03856	0.03561	0.08448	0.01219	0.00858	0.00282	0.00635	0.01016	0.00838	0.01257
70	0.01012	0.00723	0.00964	0.01157	0.01205	0.00675	0.00771	0.01157	0.01591	0.02121	0.04579	0.70262	0.05495	0.02603	0.01060	0.00337	0.00482	0.02362	0.00771	0.00675
71	0.01208	0.00805	0.00906	0.00906	0.00906	0.00805	0.00503	0.01208	0.01208	0.01611	0.02618	0.05436	0.03020	0.70804	0.04228	0.00805	0.00805	0.01208	0.00503	0.00503

[dist]
# distance from previous block
# <min> <max>
0	0

# created by:
# /home/cegg/simao/soft/augustus-3.2.1/scripts/msa2prfl.pl ./align_prep/13755.fa
