[name]
unknown

[dist]
# distance from previous block
# <min> <max>
0	1

[block]
# block no. 0 follows, 19 sequences, length 133
# corresponding to MSA columns:
# 1-133
name=unknown_A
#
# <colnr> <probs for GDERKNQSTAVLIFYWHMCP>
#	G	D	E	R	K	N	Q	S	T	A	V	L	I	F	Y	W	H	M	C	P
0	0.01442	0.01030	0.01442	0.01648	0.01854	0.01030	0.01442	0.01854	0.02060	0.02677	0.04737	0.10092	0.05149	0.02471	0.01236	0.00412	0.00824	0.56956	0.00824	0.00824
1	0.01270	0.00879	0.01098	0.01123	0.01169	0.00912	0.00720	0.01368	0.01385	0.01886	0.02971	0.12841	0.03325	0.45201	0.19141	0.00948	0.01204	0.01367	0.00562	0.00628
2	0.02218	0.02056	0.03082	0.04237	0.42253	0.02160	0.02291	0.03432	0.22308	0.03203	0.02352	0.02598	0.01866	0.00939	0.00894	0.00279	0.00942	0.00870	0.00603	0.01417
3	0.01301	0.00867	0.00976	0.00976	0.00976	0.00867	0.00542	0.01301	0.01301	0.01735	0.02819	0.05855	0.03253	0.68559	0.04554	0.00867	0.00867	0.01301	0.00542	0.00542
4	0.01855	0.01590	0.01855	0.01325	0.02120	0.01193	0.01060	0.02253	0.01855	0.02915	0.01590	0.01855	0.01325	0.00663	0.00663	0.00133	0.00663	0.00530	0.00530	0.74028
5	0.01668	0.00834	0.00834	0.00834	0.01042	0.00834	0.00625	0.02085	0.01876	0.03335	0.02918	0.03335	0.02293	0.01042	0.00625	0.00208	0.00417	0.00834	0.73525	0.00834
6	0.01301	0.00867	0.00976	0.00976	0.00976	0.00867	0.00542	0.01301	0.01301	0.01735	0.02819	0.05855	0.03253	0.68559	0.04554	0.00867	0.00867	0.01301	0.00542	0.00542
7	0.01690	0.01590	0.02683	0.66408	0.06162	0.01988	0.02485	0.02286	0.01789	0.02286	0.01590	0.02385	0.01193	0.00894	0.00894	0.00298	0.01193	0.00795	0.00398	0.00994
8	0.02392	0.69097	0.04688	0.01531	0.02296	0.03540	0.01531	0.02679	0.01818	0.02105	0.01244	0.01435	0.01148	0.00765	0.00574	0.00191	0.00957	0.00478	0.00383	0.01148
9	0.02214	0.02126	0.03631	0.05491	0.62978	0.02126	0.02746	0.02746	0.02037	0.02923	0.01683	0.02214	0.01417	0.00797	0.00886	0.00266	0.01063	0.00797	0.00443	0.01417
10	0.02217	0.02075	0.03232	0.04580	0.47927	0.02150	0.02416	0.03244	0.16758	0.03126	0.02169	0.02493	0.01743	0.00901	0.00892	0.00275	0.00975	0.00850	0.00559	0.01417
11	0.01554	0.00777	0.01166	0.01166	0.01166	0.00777	0.00777	0.01166	0.01166	0.01554	0.01554	0.02720	0.01554	0.03108	0.03497	0.73970	0.00777	0.00777	0.00389	0.00389
12	0.01306	0.00986	0.01252	0.01385	0.01625	0.00933	0.01172	0.01652	0.02052	0.02585	0.06269	0.09567	0.25503	0.02399	0.01173	0.00373	0.00693	0.37452	0.00826	0.00800
13	0.02209	0.02141	0.03717	0.05402	0.59935	0.02133	0.05719	0.02752	0.02041	0.02920	0.01689	0.02225	0.01414	0.00795	0.00895	0.00268	0.01086	0.00811	0.00443	0.01406
14	0.01829	0.04386	0.57523	0.02683	0.03960	0.02098	0.09463	0.02837	0.01913	0.02837	0.01628	0.01946	0.01158	0.00840	0.00872	0.00285	0.01342	0.00704	0.00386	0.01310
15	0.03131	0.03863	0.02741	0.02902	0.14051	0.53189	0.01919	0.03418	0.02442	0.02327	0.01439	0.01726	0.01202	0.00899	0.00821	0.00237	0.01510	0.00618	0.00458	0.01108
16	0.74878	0.01730	0.01315	0.01177	0.01730	0.02007	0.00969	0.02630	0.01523	0.04014	0.01246	0.01453	0.00969	0.00830	0.00554	0.00277	0.00692	0.00484	0.00554	0.00969
17	0.11047	0.02152	0.02040	0.01754	0.02299	0.10969	0.01384	0.09079	0.25912	0.15739	0.06156	0.02897	0.02409	0.01129	0.00860	0.00280	0.00856	0.00882	0.00848	0.01310
18	0.03345	0.04176	0.02543	0.02292	0.02766	0.61841	0.01727	0.06408	0.02619	0.02363	0.01421	0.01640	0.01171	0.00930	0.00811	0.00232	0.01582	0.00588	0.00483	0.01062
19	0.01419	0.01023	0.01411	0.01605	0.01816	0.01014	0.01398	0.01821	0.02058	0.02662	0.04987	0.10006	0.08472	0.02460	0.01225	0.00406	0.00802	0.53772	0.00824	0.00820
20	0.02470	0.02725	0.03751	0.04292	0.34176	0.17752	0.16040	0.02979	0.02178	0.02727	0.01639	0.02112	0.01337	0.00818	0.00907	0.00266	0.01305	0.00804	0.00450	0.01273
21	0.01361	0.01080	0.01596	0.01549	0.01689	0.01316	0.01221	0.01665	0.01430	0.02086	0.02248	0.03325	0.02107	0.06083	0.57451	0.01310	0.10256	0.00937	0.00469	0.00821
22	0.01855	0.01590	0.01855	0.01325	0.02120	0.01193	0.01060	0.02253	0.01855	0.02915	0.01590	0.01855	0.01325	0.00663	0.00663	0.00133	0.00663	0.00530	0.00530	0.74028
23	0.02355	0.37481	0.10498	0.01940	0.02547	0.11603	0.01853	0.02696	0.01820	0.02208	0.01287	0.01631	0.01153	0.00982	0.01185	0.00253	0.16416	0.00583	0.00395	0.01113
24	0.02336	0.03754	0.46075	0.02286	0.03416	0.01908	0.02737	0.03296	0.05328	0.17062	0.02167	0.02239	0.01474	0.00930	0.00865	0.00283	0.01157	0.00736	0.00577	0.01374
25	0.01301	0.00867	0.00976	0.00976	0.00976	0.00867	0.00542	0.01301	0.01301	0.01735	0.02819	0.05855	0.03253	0.68559	0.04554	0.00867	0.00867	0.01301	0.00542	0.00542
26	0.01164	0.00809	0.01016	0.01152	0.01186	0.00776	0.00730	0.01265	0.01569	0.02093	0.04195	0.46334	0.04989	0.25710	0.02330	0.00539	0.00640	0.02111	0.00730	0.00662
27	0.03342	0.04264	0.02535	0.02305	0.02766	0.64967	0.01729	0.03572	0.02535	0.02190	0.01383	0.01613	0.01152	0.00922	0.00807	0.00230	0.01613	0.00576	0.00461	0.01037
28	0.01266	0.00914	0.01196	0.01126	0.01337	0.00844	0.00844	0.01688	0.02532	0.03588	0.62506	0.06683	0.08441	0.01829	0.01055	0.00281	0.00422	0.01618	0.00985	0.00844
29	0.02445	0.19323	0.04105	0.02656	0.03285	0.17284	0.22952	0.02876	0.02025	0.02411	0.01473	0.01914	0.01230	0.00920	0.01165	0.00271	0.11361	0.00759	0.00428	0.01118
30	0.01301	0.00867	0.00976	0.00976	0.00976	0.00867	0.00542	0.01301	0.01301	0.01735	0.02819	0.05855	0.03253	0.68559	0.04554	0.00867	0.00867	0.01301	0.00542	0.00542
31	0.01684	0.01402	0.02224	0.50136	0.04891	0.01701	0.02023	0.02236	0.01811	0.02546	0.01920	0.02621	0.01466	0.00931	0.00828	0.00276	0.01000	0.00805	0.18544	0.00954
32	0.01855	0.01590	0.01855	0.01325	0.02120	0.01193	0.01060	0.02253	0.01855	0.02915	0.01590	0.01855	0.01325	0.00663	0.00663	0.00133	0.00663	0.00530	0.00530	0.74028
33	0.02153	0.34805	0.22037	0.02350	0.03309	0.02817	0.15626	0.02767	0.01907	0.02494	0.01481	0.01795	0.01193	0.00787	0.00767	0.00244	0.01192	0.00666	0.00398	0.01212
34	0.01301	0.00867	0.00976	0.00976	0.00976	0.00867	0.00542	0.01301	0.01301	0.01735	0.02819	0.05855	0.03253	0.68559	0.04554	0.00867	0.00867	0.01301	0.00542	0.00542
35	0.01090	0.00779	0.01038	0.01246	0.01298	0.00727	0.00830	0.01246	0.01713	0.02284	0.04931	0.67975	0.05917	0.02803	0.01142	0.00363	0.00519	0.02543	0.00830	0.00727
36	0.05478	0.01949	0.03243	0.23238	0.43355	0.02079	0.02585	0.02605	0.01940	0.02786	0.01635	0.02229	0.01330	0.00827	0.00873	0.00276	0.01084	0.00782	0.00435	0.01271
37	0.03232	0.04088	0.02477	0.02259	0.02704	0.61572	0.01696	0.03467	0.02477	0.02184	0.01437	0.01714	0.01210	0.01230	0.04220	0.00295	0.01655	0.00597	0.00462	0.01024
38	0.01278	0.00959	0.01438	0.01438	0.01598	0.01118	0.01118	0.01598	0.01438	0.02077	0.02396	0.03515	0.02237	0.06710	0.65013	0.01438	0.02396	0.00959	0.00479	0.00799
39	0.01794	0.04628	0.63923	0.02550	0.03872	0.02078	0.03305	0.02833	0.01889	0.02833	0.01606	0.01889	0.01133	0.00850	0.00850	0.00283	0.01322	0.00661	0.00378	0.01322
40	0.01957	0.01957	0.02740	0.02349	0.02349	0.02740	0.01957	0.02153	0.01370	0.02153	0.01174	0.01957	0.01174	0.01566	0.02936	0.00391	0.66921	0.00783	0.00391	0.00979
41	0.01964	0.01671	0.01785	0.01623	0.02066	0.01872	0.01255	0.03947	0.46707	0.03571	0.12180	0.04387	0.10299	0.01416	0.00947	0.00300	0.00641	0.01193	0.00911	0.01264
42	0.01659	0.01275	0.01816	0.02174	0.15744	0.01222	0.01320	0.02178	0.05079	0.06622	0.36469	0.05503	0.12215	0.01569	0.01001	0.00281	0.00606	0.01390	0.00845	0.01031
43	0.03121	0.19330	0.03036	0.02125	0.02657	0.50693	0.01683	0.03365	0.02369	0.02170	0.01351	0.01572	0.01151	0.00886	0.00753	0.00221	0.01461	0.00553	0.00443	0.01063
44	0.01301	0.00867	0.00976	0.00976	0.00976	0.00867	0.00542	0.01301	0.01301	0.01735	0.02819	0.05855	0.03253	0.68559	0.04554	0.00867	0.00867	0.01301	0.00542	0.00542
45	0.01873	0.04078	0.49371	0.02853	0.04072	0.02124	0.17307	0.02841	0.01944	0.02841	0.01656	0.02019	0.01189	0.00826	0.00901	0.00288	0.01368	0.00759	0.00396	0.01294
46	0.01984	0.03479	0.35959	0.03822	0.28114	0.02108	0.06234	0.02799	0.01962	0.02872	0.01649	0.02051	0.01262	0.00823	0.00876	0.00277	0.01226	0.00739	0.00409	0.01355
47	0.02028	0.01935	0.03295	0.27126	0.42799	0.02077	0.02653	0.02582	0.01949	0.02697	0.01650	0.02275	0.01337	0.00832	0.00889	0.00277	0.01109	0.00796	0.00427	0.01267
48	0.02293	0.01160	0.01418	0.01212	0.01664	0.00995	0.00958	0.02590	0.02307	0.27650	0.12625	0.06116	0.31918	0.01743	0.00992	0.00289	0.00576	0.01453	0.00961	0.01080
49	0.02197	0.21588	0.36178	0.02400	0.06437	0.11469	0.02578	0.02893	0.01970	0.02552	0.01482	0.01746	0.01155	0.00835	0.00772	0.00250	0.01253	0.00608	0.00394	0.01240
50	0.02028	0.02470	0.10046	0.03168	0.03804	0.02408	0.34579	0.02619	0.01837	0.02619	0.01573	0.02207	0.01273	0.01041	0.01678	0.00331	0.23829	0.00925	0.00424	0.01140
51	0.01204	0.00912	0.01109	0.01060	0.01298	0.00818	0.00795	0.01568	0.02385	0.03238	0.46558	0.07258	0.24608	0.01959	0.01056	0.00288	0.00431	0.01699	0.00939	0.00818
52	0.01200	0.01030	0.01042	0.01018	0.01345	0.00934	0.00769	0.01707	0.09265	0.02578	0.08403	0.07968	0.55320	0.02138	0.01039	0.00302	0.00484	0.01781	0.00840	0.00836
53	0.02414	0.06213	0.03351	0.18367	0.22031	0.20305	0.09268	0.02888	0.02120	0.02512	0.01567	0.02064	0.01267	0.00849	0.00869	0.00264	0.01300	0.00748	0.00435	0.01169
54	0.02112	0.02413	0.05279	0.03771	0.04676	0.02262	0.59729	0.02866	0.02112	0.02866	0.01810	0.02413	0.01357	0.00754	0.01056	0.00302	0.01508	0.01056	0.00452	0.01207
55	0.01057	0.00906	0.00906	0.00906	0.01208	0.00755	0.00680	0.01284	0.02039	0.02417	0.09063	0.08610	0.62615	0.02266	0.01057	0.00302	0.00453	0.01888	0.00831	0.00755
56	0.02214	0.02126	0.03631	0.05491	0.62978	0.02126	0.02746	0.02746	0.02037	0.02923	0.01683	0.02214	0.01417	0.00797	0.00886	0.00266	0.01063	0.00797	0.00443	0.01417
57	0.03202	0.02250	0.02457	0.01946	0.02611	0.02469	0.01587	0.40381	0.17287	0.12258	0.02663	0.02534	0.01887	0.01111	0.00899	0.00278	0.00893	0.00865	0.00924	0.01497
58	0.04014	0.01523	0.02076	0.01592	0.02284	0.01315	0.01315	0.04360	0.02561	0.63597	0.03530	0.03045	0.02215	0.01107	0.00900	0.00277	0.00761	0.00900	0.01107	0.01523
59	0.01090	0.00779	0.01038	0.01246	0.01298	0.00727	0.00830	0.01246	0.01713	0.02284	0.04931	0.67975	0.05917	0.02803	0.01142	0.00363	0.00519	0.02543	0.00830	0.00727
60	0.01301	0.00867	0.00976	0.00976	0.00976	0.00867	0.00542	0.01301	0.01301	0.01735	0.02819	0.05855	0.03253	0.68559	0.04554	0.00867	0.00867	0.01301	0.00542	0.00542
61	0.01690	0.01590	0.02683	0.66408	0.06162	0.01988	0.02485	0.02286	0.01789	0.02286	0.01590	0.02385	0.01193	0.00894	0.00894	0.00298	0.01193	0.00795	0.00398	0.00994
62	0.02112	0.02413	0.05279	0.03771	0.04676	0.02262	0.59729	0.02866	0.02112	0.02866	0.01810	0.02413	0.01357	0.00754	0.01056	0.00302	0.01508	0.01056	0.00452	0.01207
63	0.04014	0.01523	0.02076	0.01592	0.02284	0.01315	0.01315	0.04360	0.02561	0.63597	0.03530	0.03045	0.02215	0.01107	0.00900	0.00277	0.00761	0.00900	0.01107	0.01523
64	0.01057	0.00906	0.00906	0.00906	0.01208	0.00755	0.00680	0.01284	0.02039	0.02417	0.09063	0.08610	0.62615	0.02266	0.01057	0.00302	0.00453	0.01888	0.00831	0.00755
65	0.01278	0.00959	0.01438	0.01438	0.01598	0.01118	0.01118	0.01598	0.01438	0.02077	0.02396	0.03515	0.02237	0.06710	0.65013	0.01438	0.02396	0.00959	0.00479	0.00799
66	0.02214	0.02126	0.03631	0.05491	0.62978	0.02126	0.02746	0.02746	0.02037	0.02923	0.01683	0.02214	0.01417	0.00797	0.00886	0.00266	0.01063	0.00797	0.00443	0.01417
67	0.01083	0.00907	0.00942	0.00933	0.01224	0.00766	0.00700	0.01333	0.02099	0.02559	0.15573	0.08375	0.56016	0.02213	0.01057	0.00300	0.00449	0.01855	0.00850	0.00766
68	0.02112	0.02413	0.05279	0.03771	0.04676	0.02262	0.59729	0.02866	0.02112	0.02866	0.01810	0.02413	0.01357	0.00754	0.01056	0.00302	0.01508	0.01056	0.00452	0.01207
69	0.03342	0.04264	0.02535	0.02305	0.02766	0.64967	0.01729	0.03572	0.02535	0.02190	0.01383	0.01613	0.01152	0.00922	0.00807	0.00230	0.01613	0.00576	0.00461	0.01037
70	0.01180	0.00911	0.01076	0.01035	0.01284	0.00807	0.00776	0.01522	0.02329	0.03105	0.40462	0.07478	0.30786	0.02009	0.01056	0.00290	0.00435	0.01729	0.00921	0.00807
71	0.01794	0.04628	0.63923	0.02550	0.03872	0.02078	0.03305	0.02833	0.01889	0.02833	0.01606	0.01889	0.01133	0.00850	0.00850	0.00283	0.01322	0.00661	0.00378	0.01322
72	0.01266	0.00914	0.01196	0.01126	0.01337	0.00844	0.00844	0.01688	0.02532	0.03588	0.62506	0.06683	0.08441	0.01829	0.01055	0.00281	0.00422	0.01618	0.00985	0.00844
73	0.01253	0.00901	0.01200	0.01247	0.01417	0.00847	0.00945	0.01607	0.02246	0.03105	0.38110	0.22489	0.07239	0.02183	0.01108	0.00325	0.00516	0.11531	0.00918	0.00811
74	0.03869	0.01602	0.02106	0.01632	0.02314	0.01452	0.01342	0.07455	0.06308	0.56677	0.03460	0.03014	0.02208	0.01112	0.00900	0.00278	0.00770	0.00901	0.01083	0.01516
75	0.01442	0.01030	0.01442	0.01648	0.01854	0.01030	0.01442	0.01854	0.02060	0.02677	0.04737	0.10092	0.05149	0.02471	0.01236	0.00412	0.00824	0.56956	0.00824	0.00824
76	0.02547	0.02964	0.02965	0.02504	0.02804	0.28349	0.08900	0.02825	0.01941	0.02255	0.01338	0.01871	0.01188	0.01201	0.01829	0.00314	0.32016	0.00731	0.00428	0.01031
77	0.01794	0.04628	0.63923	0.02550	0.03872	0.02078	0.03305	0.02833	0.01889	0.02833	0.01606	0.01889	0.01133	0.00850	0.00850	0.00283	0.01322	0.00661	0.00378	0.01322
78	0.01668	0.00834	0.00834	0.00834	0.01042	0.00834	0.00625	0.02085	0.01876	0.03335	0.02918	0.03335	0.02293	0.01042	0.00625	0.00208	0.00417	0.00834	0.73525	0.00834
79	0.02185	0.02096	0.03578	0.08900	0.59798	0.02118	0.02731	0.02720	0.02023	0.02887	0.01678	0.02224	0.01405	0.00803	0.00886	0.00268	0.01070	0.00797	0.00440	0.01393
80	0.01933	0.19609	0.50158	0.02313	0.03506	0.02418	0.02893	0.02797	0.01872	0.02664	0.01521	0.01783	0.01137	0.00830	0.00786	0.00262	0.01237	0.00619	0.00379	0.01282
81	0.02319	0.61244	0.11904	0.01655	0.02488	0.03362	0.01747	0.02698	0.01826	0.02194	0.01288	0.01490	0.01146	0.00776	0.00608	0.00203	0.01001	0.00501	0.00382	0.01169
82	0.01690	0.01590	0.02683	0.66408	0.06162	0.01988	0.02485	0.02286	0.01789	0.02286	0.01590	0.02385	0.01193	0.00894	0.00894	0.00298	0.01193	0.00795	0.00398	0.00994
83	0.01255	0.00914	0.01180	0.01113	0.01329	0.00839	0.00835	0.01666	0.02505	0.03523	0.59539	0.06790	0.11448	0.01853	0.01055	0.00283	0.00424	0.01633	0.00976	0.00839
84	0.01090	0.00779	0.01038	0.01246	0.01298	0.00727	0.00830	0.01246	0.01713	0.02284	0.04931	0.67975	0.05917	0.02803	0.01142	0.00363	0.00519	0.02543	0.00830	0.00727
85	0.01794	0.04628	0.63923	0.02550	0.03872	0.02078	0.03305	0.02833	0.01889	0.02833	0.01606	0.01889	0.01133	0.00850	0.00850	0.00283	0.01322	0.00661	0.00378	0.01322
86	0.02809	0.02694	0.03037	0.07113	0.27486	0.16412	0.02176	0.20792	0.02813	0.03571	0.01756	0.02068	0.01378	0.00917	0.00871	0.00260	0.01169	0.00750	0.00586	0.01341
87	0.01057	0.00906	0.00906	0.00906	0.01208	0.00755	0.00680	0.01284	0.02039	0.02417	0.09063	0.08610	0.62615	0.02266	0.01057	0.00302	0.00453	0.01888	0.00831	0.00755
88	0.02129	0.02089	0.03599	0.11828	0.31210	0.02159	0.15708	0.03092	0.13076	0.02985	0.02066	0.02491	0.01621	0.00877	0.00931	0.00285	0.01116	0.00897	0.00527	0.01316
89	0.02037	0.01994	0.03458	0.11478	0.27407	0.01909	0.15537	0.02595	0.01979	0.02830	0.01678	0.02192	0.01353	0.00766	0.00871	0.00245	0.01083	0.00791	0.00461	0.19335
90	0.01187	0.00932	0.01087	0.01108	0.01367	0.00832	0.00870	0.01502	0.02175	0.02780	0.22512	0.08380	0.37080	0.02189	0.01091	0.00318	0.00516	0.12413	0.00871	0.00792
91	0.02242	0.02681	0.08137	0.06406	0.17670	0.21372	0.01934	0.02772	0.05447	0.02628	0.06010	0.10694	0.05733	0.01255	0.00910	0.00275	0.01109	0.01048	0.00566	0.01112
92	0.74878	0.01730	0.01315	0.01177	0.01730	0.02007	0.00969	0.02630	0.01523	0.04014	0.01246	0.01453	0.00969	0.00830	0.00554	0.00277	0.00692	0.00484	0.00554	0.00969
93	0.01278	0.00959	0.01438	0.01438	0.01598	0.01118	0.01118	0.01598	0.01438	0.02077	0.02396	0.03515	0.02237	0.06710	0.65013	0.01438	0.02396	0.00959	0.00479	0.00799
94	0.01816	0.04497	0.60777	0.02703	0.06957	0.02080	0.03276	0.02829	0.01897	0.02838	0.01610	0.01906	0.01148	0.00847	0.00852	0.00282	0.01309	0.00668	0.00381	0.01327
95	0.02750	0.06714	0.03190	0.03783	0.31732	0.27839	0.02206	0.06282	0.02349	0.02731	0.01562	0.01923	0.01300	0.00862	0.00837	0.00247	0.01277	0.00690	0.00472	0.01253
96	0.01198	0.00878	0.00986	0.00996	0.01125	0.00815	0.00650	0.01338	0.01730	0.02234	0.12324	0.12568	0.23525	0.32724	0.02671	0.00565	0.00646	0.01646	0.00717	0.00666
97	0.02214	0.02126	0.03631	0.05491	0.62978	0.02126	0.02746	0.02746	0.02037	0.02923	0.01683	0.02214	0.01417	0.00797	0.00886	0.00266	0.01063	0.00797	0.00443	0.01417
98	0.01114	0.00843	0.00992	0.01085	0.01229	0.00761	0.00742	0.01291	0.01825	0.02337	0.09369	0.35814	0.25947	0.10567	0.01522	0.00398	0.00533	0.02107	0.00804	0.00721
99	0.19423	0.02146	0.02730	0.02275	0.05607	0.02334	0.12320	0.19620	0.17273	0.04146	0.02224	0.02334	0.01658	0.00979	0.00849	0.00285	0.00949	0.00828	0.00716	0.01303
100	0.03079	0.18509	0.03158	0.02212	0.06142	0.22396	0.01730	0.25692	0.03002	0.03580	0.01671	0.01819	0.01313	0.00939	0.00792	0.00238	0.01180	0.00657	0.00614	0.01277
101	0.02968	0.02406	0.03221	0.03065	0.16996	0.02561	0.09012	0.39732	0.03447	0.04670	0.01999	0.02196	0.01477	0.00971	0.00912	0.00272	0.01066	0.00834	0.00736	0.01459
102	0.02354	0.02336	0.03099	0.04192	0.40593	0.09805	0.02292	0.03345	0.16819	0.03037	0.02132	0.02420	0.01711	0.00916	0.00882	0.00271	0.01042	0.00823	0.00561	0.01371
103	0.01204	0.00912	0.01109	0.01060	0.01298	0.00818	0.00795	0.01567	0.02385	0.03237	0.46502	0.07260	0.24664	0.01960	0.01056	0.00288	0.00431	0.01699	0.00939	0.00818
104	0.01090	0.00779	0.01038	0.01246	0.01298	0.00727	0.00830	0.01246	0.01713	0.02284	0.04931	0.67975	0.05917	0.02803	0.01142	0.00363	0.00519	0.02543	0.00830	0.00727
105	0.02105	0.01560	0.01783	0.17459	0.02787	0.04776	0.01383	0.12959	0.05597	0.03461	0.02410	0.02796	0.01846	0.01015	0.00766	0.00248	0.00790	0.00816	0.34401	0.01042
106	0.02392	0.69097	0.04688	0.01531	0.02296	0.03540	0.01531	0.02679	0.01818	0.02105	0.01244	0.01435	0.01148	0.00765	0.00574	0.00191	0.00957	0.00478	0.00383	0.01148
107	0.01794	0.04628	0.63923	0.02550	0.03872	0.02078	0.03305	0.02833	0.01889	0.02833	0.01606	0.01889	0.01133	0.00850	0.00850	0.00283	0.01322	0.00661	0.00378	0.01322
108	0.01079	0.00822	0.00993	0.01130	0.01267	0.00736	0.00779	0.01259	0.01824	0.02329	0.06342	0.47701	0.25280	0.02619	0.01113	0.00342	0.00497	0.02320	0.00831	0.00736
109	0.01554	0.00777	0.01166	0.01166	0.01166	0.00777	0.00777	0.01166	0.01166	0.01554	0.01554	0.02720	0.01554	0.03108	0.03497	0.73970	0.00777	0.00777	0.00389	0.00389
110	0.02195	0.01903	0.02060	0.05420	0.02540	0.02212	0.01476	0.04616	0.58042	0.03661	0.03527	0.03285	0.02645	0.01196	0.00909	0.00303	0.00735	0.00999	0.00882	0.01393
111	0.01117	0.00909	0.00990	0.00969	0.01245	0.00781	0.00727	0.01400	0.02181	0.02754	0.24432	0.08056	0.47036	0.02140	0.01057	0.00296	0.00444	0.01810	0.00875	0.00781
112	0.02152	0.02024	0.03226	0.12250	0.45128	0.02127	0.02474	0.03052	0.12697	0.02993	0.02024	0.02438	0.01627	0.00884	0.00891	0.00276	0.01015	0.00836	0.00522	0.01365
113	0.01690	0.01590	0.02683	0.66408	0.06162	0.01988	0.02485	0.02286	0.01789	0.02286	0.01590	0.02385	0.01193	0.00894	0.00894	0.00298	0.01193	0.00795	0.00398	0.00994
114	0.01668	0.00834	0.00834	0.00834	0.01042	0.00834	0.00625	0.02085	0.01876	0.03335	0.02918	0.03335	0.02293	0.01042	0.00625	0.00208	0.00417	0.00834	0.73525	0.00834
115	0.02837	0.38749	0.03680	0.01893	0.02516	0.32293	0.01623	0.03097	0.02154	0.02145	0.01309	0.01519	0.01150	0.00839	0.00683	0.00210	0.01264	0.00524	0.00419	0.01096
116	0.02099	0.02075	0.03733	0.16549	0.42537	0.02123	0.12330	0.02680	0.02003	0.02794	0.01687	0.02280	0.01365	0.00808	0.00916	0.00278	0.01162	0.00840	0.00436	0.01303
117	0.02290	0.02344	0.03316	0.12300	0.44434	0.10748	0.02531	0.02770	0.02038	0.02702	0.01602	0.02138	0.01340	0.00869	0.00990	0.00272	0.04824	0.00766	0.00437	0.01289
118	0.01294	0.00912	0.01073	0.01121	0.01219	0.00887	0.00775	0.01427	0.01599	0.02067	0.04292	0.07296	0.13449	0.42244	0.03205	0.00668	0.00789	0.14384	0.00655	0.00643
119	0.02712	0.01987	0.02182	0.01797	0.02309	0.02161	0.01421	0.42177	0.03427	0.04590	0.02876	0.18687	0.02708	0.05228	0.01158	0.00325	0.00863	0.01264	0.00859	0.01270
120	0.01278	0.00959	0.01438	0.01438	0.01598	0.01118	0.01118	0.01598	0.01438	0.02077	0.02396	0.03515	0.02237	0.06710	0.65013	0.01438	0.02396	0.00959	0.00479	0.00799
121	0.01554	0.00777	0.01166	0.01166	0.01166	0.00777	0.00777	0.01166	0.01166	0.01554	0.01554	0.02720	0.01554	0.03108	0.03497	0.73970	0.00777	0.00777	0.00389	0.00389
122	0.01192	0.00912	0.01093	0.01048	0.01291	0.00813	0.00786	0.01545	0.02358	0.03173	0.43577	0.07365	0.27629	0.01984	0.01056	0.00289	0.00433	0.01714	0.00930	0.00813
123	0.01698	0.01830	0.07527	0.61357	0.05981	0.01995	0.02550	0.02329	0.01797	0.02329	0.01591	0.02346	0.01188	0.00891	0.00891	0.00297	0.01203	0.00784	0.00396	0.01020
124	0.07100	0.01020	0.01428	0.01417	0.01608	0.01189	0.01106	0.01679	0.01445	0.02230	0.02305	0.03352	0.02136	0.06245	0.59914	0.01346	0.02262	0.00921	0.00485	0.00812
125	0.01352	0.01051	0.01611	0.01758	0.06453	0.01198	0.01247	0.01688	0.01485	0.02144	0.02340	0.03412	0.02172	0.06242	0.59941	0.01345	0.02291	0.00946	0.00476	0.00848
126	0.01828	0.04430	0.59154	0.02783	0.08547	0.02082	0.03261	0.02826	0.01901	0.02840	0.01612	0.01915	0.01156	0.00846	0.00853	0.00282	0.01302	0.00672	0.00383	0.01330
127	0.02013	0.03103	0.23545	0.03390	0.04425	0.02205	0.42154	0.02856	0.02042	0.02856	0.01746	0.02250	0.01288	0.00784	0.00992	0.00296	0.01450	0.00933	0.00429	0.01243
128	0.02378	0.63799	0.04605	0.01844	0.07096	0.03428	0.01627	0.02684	0.01835	0.02170	0.01279	0.01497	0.01169	0.00768	0.00599	0.00197	0.00965	0.00504	0.00387	0.01169
129	0.02190	0.02193	0.04016	0.05090	0.49373	0.02158	0.16042	0.02774	0.02054	0.02909	0.01712	0.02261	0.01403	0.00787	0.00925	0.00274	0.01167	0.00857	0.00445	0.01368
130	0.03179	0.04002	0.02448	0.02236	0.02673	0.59916	0.01680	0.03416	0.02448	0.02181	0.01463	0.01764	0.01238	0.01380	0.05885	0.00326	0.01675	0.00606	0.00462	0.01018
131	0.69130	0.01761	0.01498	0.01518	0.06575	0.02016	0.01109	0.02639	0.01563	0.03928	0.01280	0.01514	0.01004	0.00828	0.00580	0.00276	0.00721	0.00509	0.00545	0.01004
132	0.01324	0.01009	0.01471	0.01429	0.01639	0.01124	0.01114	0.01649	0.01471	0.02143	0.02333	0.03383	0.02165	0.06231	0.59923	0.01335	0.02259	0.00925	0.00483	0.06591

[dist]
# distance from previous block
# <min> <max>
0	9

[block]
# block no. 1 follows, 19 sequences, length 14
# corresponding to MSA columns:
# 143-156
name=unknown_B
#
# <colnr> <probs for GDERKNQSTAVLIFYWHMCP>
#	G	D	E	R	K	N	Q	S	T	A	V	L	I	F	Y	W	H	M	C	P
0	0.02867	0.02117	0.02371	0.01902	0.02478	0.02358	0.01554	0.45304	0.03510	0.04742	0.02210	0.02492	0.01701	0.02492	0.17025	0.00563	0.01340	0.00844	0.00790	0.01340
1	0.01267	0.01747	0.16858	0.01574	0.01945	0.01067	0.01453	0.01645	0.01757	0.02422	0.04094	0.51350	0.04714	0.02312	0.01068	0.00343	0.00721	0.02070	0.00717	0.00876
2	0.03401	0.02506	0.02685	0.02058	0.02774	0.02774	0.01700	0.59995	0.04206	0.05638	0.02148	0.02148	0.01521	0.01074	0.00895	0.00268	0.00984	0.00805	0.00895	0.01521
3	0.01221	0.00940	0.01134	0.01163	0.01412	0.00853	0.00924	0.01557	0.02203	0.02858	0.25122	0.08364	0.30776	0.02177	0.01102	0.00323	0.00536	0.15655	0.00878	0.00801
4	0.01312	0.01025	0.01227	0.01318	0.01560	0.00990	0.01046	0.01816	0.07809	0.02613	0.06245	0.19787	0.26035	0.02335	0.01121	0.00352	0.00620	0.21115	0.00836	0.00839
5	0.01855	0.01590	0.01855	0.01325	0.02120	0.01193	0.01060	0.02253	0.01855	0.02915	0.01590	0.01855	0.01325	0.00663	0.00663	0.00133	0.00663	0.00530	0.00530	0.74028
6	0.01698	0.01367	0.01594	0.01609	0.01935	0.01474	0.01298	0.02953	0.26843	0.03059	0.04713	0.12805	0.09734	0.01958	0.01073	0.00351	0.00710	0.22909	0.00861	0.01056
7	0.01819	0.01895	0.03619	0.02803	0.03282	0.01988	0.31403	0.02292	0.01838	0.02553	0.02446	0.18800	0.02462	0.01459	0.01517	0.00338	0.16555	0.01366	0.00533	0.01033
8	0.01118	0.00884	0.01007	0.01027	0.01259	0.00773	0.00751	0.01382	0.02106	0.02697	0.22200	0.19287	0.37834	0.02253	0.01073	0.00308	0.00457	0.01941	0.00871	0.00773
9	0.01927	0.01779	0.02986	0.10514	0.41901	0.01859	0.02310	0.02411	0.01862	0.02647	0.01853	0.02558	0.01601	0.02294	0.17019	0.00564	0.01411	0.00838	0.00448	0.01220
10	0.02994	0.03684	0.02587	0.02316	0.02661	0.49313	0.01786	0.03215	0.02242	0.02180	0.01330	0.01700	0.01158	0.01084	0.01342	0.00271	0.18043	0.00628	0.00443	0.01022
11	0.01348	0.01213	0.01592	0.02060	0.16747	0.01100	0.01199	0.01652	0.02039	0.02544	0.07206	0.07001	0.47219	0.01896	0.01014	0.00293	0.00607	0.01614	0.00733	0.00922
12	0.01216	0.00850	0.01087	0.01166	0.01216	0.00861	0.00761	0.01336	0.01485	0.02010	0.03549	0.29235	0.04083	0.31698	0.14630	0.00781	0.01022	0.01713	0.00641	0.00661
13	0.17362	0.01322	0.01409	0.01458	0.04510	0.04324	0.01062	0.01914	0.01708	0.02683	0.03763	0.04187	0.17061	0.03508	0.25979	0.00733	0.01350	0.01058	0.03742	0.00867

[dist]
# distance from previous block
# <min> <max>
0	7

# created by:
# /home/cegg/simao/soft/augustus-3.2.1/scripts/msa2prfl.pl ./align_prep/13779.fa
