[name]
unknown

[dist]
# distance from previous block
# <min> <max>
0	9

[block]
# block no. 0 follows, 21 sequences, length 19
# corresponding to MSA columns:
# 9-27
name=unknown_A
#
# <colnr> <probs for GDERKNQSTAVLIFYWHMCP>
#	G	D	E	R	K	N	Q	S	T	A	V	L	I	F	Y	W	H	M	C	P
0	0.14327	0.16183	0.02186	0.10421	0.02361	0.06013	0.01313	0.04349	0.04546	0.02654	0.03408	0.04097	0.15616	0.01303	0.00800	0.00267	0.00808	0.07825	0.00582	0.00941
1	0.05637	0.22007	0.03008	0.02173	0.09785	0.20409	0.01611	0.15025	0.02451	0.02988	0.05957	0.01998	0.01686	0.00909	0.00738	0.00225	0.01055	0.00659	0.00540	0.01139
2	0.01236	0.01070	0.01274	0.01465	0.08830	0.00982	0.00946	0.01660	0.06362	0.02554	0.12793	0.06929	0.47050	0.01877	0.00976	0.00281	0.00515	0.01588	0.00766	0.00847
3	0.01396	0.01336	0.01184	0.01148	0.01451	0.08739	0.00859	0.01848	0.08440	0.02464	0.10285	0.11139	0.42787	0.01909	0.00968	0.00282	0.00591	0.01589	0.00765	0.00820
4	0.01908	0.01820	0.03096	0.30151	0.41404	0.01970	0.02513	0.02438	0.01844	0.02540	0.01566	0.02171	0.01263	0.00795	0.00846	0.00265	0.01060	0.00757	0.00404	0.01188
5	0.03584	0.01544	0.02000	0.01564	0.02202	0.01429	0.01282	0.07315	0.09776	0.54755	0.03299	0.02884	0.02130	0.01064	0.00857	0.00266	0.00730	0.00864	0.01020	0.01436
6	0.01225	0.00874	0.01176	0.01176	0.01261	0.00959	0.00824	0.01396	0.01311	0.01833	0.02455	0.04316	0.02550	0.34229	0.39451	0.01130	0.01644	0.01054	0.00482	0.00653
7	0.76103	0.01646	0.01251	0.01119	0.01646	0.01909	0.00922	0.02502	0.01448	0.03818	0.01185	0.01382	0.00922	0.00790	0.00527	0.00263	0.00658	0.00461	0.00527	0.00922
8	0.01040	0.00863	0.00909	0.00898	0.01170	0.00733	0.00673	0.01287	0.02020	0.02490	0.18163	0.07876	0.54777	0.02084	0.01005	0.00284	0.00426	0.01752	0.00815	0.00733
9	0.01037	0.00741	0.00987	0.01185	0.01234	0.00691	0.00790	0.01185	0.01629	0.02172	0.04690	0.69537	0.05629	0.02666	0.01086	0.00346	0.00494	0.02419	0.00790	0.00691
10	0.01030	0.00767	0.00960	0.01115	0.01216	0.00697	0.00759	0.01193	0.01696	0.02200	0.05539	0.56295	0.18323	0.02556	0.01069	0.00333	0.00480	0.02285	0.00790	0.00697
11	0.01506	0.00819	0.00917	0.00917	0.01105	0.00852	0.00696	0.01883	0.01695	0.02914	0.02669	0.03210	0.02170	0.02155	0.14868	0.00451	0.00803	0.00819	0.58766	0.00786
12	0.01607	0.01513	0.02552	0.68047	0.05861	0.01891	0.02363	0.02174	0.01702	0.02174	0.01513	0.02269	0.01134	0.00851	0.00851	0.00284	0.01134	0.00756	0.00378	0.00945
13	0.01152	0.00880	0.01070	0.01043	0.01271	0.00779	0.00769	0.01458	0.02115	0.02866	0.35753	0.17260	0.22677	0.01951	0.00998	0.00279	0.00437	0.01703	0.00849	0.04691
14	0.01370	0.01481	0.09235	0.02170	0.15547	0.01155	0.01433	0.01690	0.01708	0.02329	0.03808	0.34227	0.09562	0.08706	0.01315	0.00358	0.00726	0.01660	0.00630	0.00889
15	0.14333	0.01676	0.01780	0.02023	0.12296	0.11127	0.01326	0.02211	0.01688	0.02595	0.01902	0.02512	0.01646	0.02960	0.25909	0.00668	0.01433	0.00740	0.10251	0.00924
16	0.05816	0.02759	0.02257	0.02214	0.08343	0.31602	0.01573	0.13388	0.02379	0.02791	0.01681	0.02075	0.01404	0.02106	0.15370	0.00485	0.01503	0.00684	0.00519	0.01051
17	0.24295	0.02575	0.01828	0.01619	0.02092	0.27553	0.01260	0.10932	0.02270	0.03088	0.02610	0.02683	0.11772	0.01087	0.00748	0.00249	0.01007	0.00763	0.00581	0.00986
18	0.20306	0.01760	0.01853	0.01506	0.02110	0.01838	0.01217	0.13452	0.17107	0.14733	0.02325	0.02263	0.01685	0.00938	0.00740	0.00245	0.00717	0.00712	0.00754	0.13739

[dist]
# distance from previous block
# <min> <max>
3	5

[block]
# block no. 1 follows, 21 sequences, length 17
# corresponding to MSA columns:
# 33-49
name=unknown_B
#
# <colnr> <probs for GDERKNQSTAVLIFYWHMCP>
#	G	D	E	R	K	N	Q	S	T	A	V	L	I	F	Y	W	H	M	C	P
0	0.25211	0.10327	0.12384	0.01793	0.02433	0.24383	0.01629	0.05435	0.04436	0.02903	0.01411	0.01599	0.01114	0.00841	0.00684	0.00241	0.01095	0.00550	0.00479	0.01055
1	0.02039	0.39883	0.06688	0.05258	0.07232	0.07497	0.01567	0.02372	0.01810	0.02154	0.02331	0.02538	0.09788	0.01242	0.04131	0.00277	0.01002	0.00717	0.00438	0.01037
2	0.02073	0.05191	0.01927	0.01880	0.06781	0.26892	0.01359	0.02355	0.02144	0.02340	0.07087	0.04969	0.18606	0.01498	0.00910	0.00271	0.00990	0.11211	0.00612	0.00904
3	0.02927	0.06456	0.02822	0.02682	0.15951	0.16484	0.01828	0.33171	0.03086	0.03908	0.01742	0.01908	0.01330	0.00917	0.00814	0.00243	0.01081	0.00700	0.00642	0.01306
4	0.02240	0.02506	0.06362	0.13993	0.39261	0.15877	0.02394	0.02718	0.01996	0.02534	0.01522	0.01992	0.01247	0.00800	0.00826	0.00251	0.01155	0.00706	0.00415	0.01204
5	0.01069	0.00852	0.00880	0.00880	0.01089	0.00748	0.00611	0.01226	0.01748	0.02122	0.06999	0.07474	0.47682	0.20712	0.01914	0.00434	0.00539	0.01643	0.00715	0.00663
6	0.01739	0.04177	0.59197	0.02550	0.03765	0.01995	0.09404	0.02698	0.01819	0.02698	0.01548	0.01850	0.01101	0.00799	0.00829	0.00271	0.01277	0.00669	0.00367	0.01246
7	0.01238	0.00825	0.00928	0.00928	0.00928	0.00825	0.00516	0.01238	0.01238	0.01650	0.02681	0.05569	0.03094	0.70092	0.04331	0.00825	0.00825	0.01238	0.00516	0.00516
8	0.01037	0.00741	0.00987	0.01185	0.01234	0.00691	0.00790	0.01185	0.01629	0.02172	0.04690	0.69537	0.05629	0.02666	0.01086	0.00346	0.00494	0.02419	0.00790	0.00691
9	0.01223	0.00819	0.00932	0.00946	0.00950	0.00816	0.00535	0.01234	0.01265	0.01687	0.02823	0.10082	0.03273	0.65336	0.04103	0.00791	0.00802	0.01321	0.00535	0.00528
10	0.01037	0.00741	0.00987	0.01185	0.01234	0.00691	0.00790	0.01185	0.01629	0.02172	0.04690	0.69537	0.05629	0.02666	0.01086	0.00346	0.00494	0.02419	0.00790	0.00691
11	0.02053	0.01968	0.03358	0.11911	0.58512	0.02008	0.02585	0.02565	0.01913	0.02716	0.01591	0.02124	0.01325	0.00768	0.00843	0.00256	0.01024	0.00758	0.00417	0.01305
12	0.03818	0.01448	0.01975	0.01514	0.02172	0.01251	0.01251	0.04147	0.02436	0.65373	0.03357	0.02897	0.02107	0.01053	0.00856	0.00263	0.00724	0.00856	0.01053	0.01448
13	0.03235	0.02384	0.02554	0.01958	0.02639	0.02639	0.01618	0.61946	0.04001	0.05363	0.02043	0.02043	0.01447	0.01022	0.00851	0.00255	0.00936	0.00766	0.00851	0.01447
14	0.01216	0.00912	0.01368	0.01368	0.01520	0.01064	0.01064	0.01520	0.01368	0.01976	0.02279	0.03343	0.02127	0.06382	0.66720	0.01368	0.02279	0.00912	0.00456	0.00760
15	0.50641	0.01804	0.06401	0.01327	0.01946	0.01734	0.01182	0.02966	0.01745	0.20545	0.01805	0.01828	0.01257	0.00863	0.00638	0.00264	0.00722	0.00582	0.00658	0.01091
16	0.02575	0.21562	0.02852	0.02010	0.05976	0.31734	0.01523	0.03107	0.10386	0.02270	0.01693	0.02055	0.01468	0.06187	0.00999	0.00267	0.01162	0.00644	0.00481	0.01050

[dist]
# distance from previous block
# <min> <max>
0	3

[block]
# block no. 2 follows, 21 sequences, length 108
# corresponding to MSA columns:
# 53-160
name=unknown_C
#
# <colnr> <probs for GDERKNQSTAVLIFYWHMCP>
#	G	D	E	R	K	N	Q	S	T	A	V	L	I	F	Y	W	H	M	C	P
0	0.02097	0.01782	0.01891	0.01706	0.02168	0.02046	0.01323	0.06983	0.56376	0.03552	0.03479	0.07540	0.02746	0.01249	0.00880	0.00291	0.00674	0.01050	0.00860	0.01308
1	0.01730	0.01467	0.01709	0.01238	0.01944	0.01114	0.00976	0.02083	0.01730	0.02698	0.01590	0.02018	0.01383	0.05255	0.00877	0.00173	0.00643	0.00553	0.00505	0.70316
2	0.01728	0.01473	0.01738	0.01268	0.01984	0.01130	0.01012	0.02101	0.01738	0.02720	0.01564	0.01870	0.01318	0.01013	0.05030	0.00209	0.00740	0.00531	0.00501	0.70332
3	0.02106	0.02022	0.03454	0.05223	0.64784	0.02022	0.02612	0.02612	0.01938	0.02780	0.01601	0.02106	0.01348	0.00758	0.00842	0.00253	0.01011	0.00758	0.00421	0.01348
4	0.76103	0.01646	0.01251	0.01119	0.01646	0.01909	0.00922	0.02502	0.01448	0.03818	0.01185	0.01382	0.00922	0.00790	0.00527	0.00263	0.00658	0.00461	0.00527	0.00922
5	0.01037	0.00741	0.00987	0.01185	0.01234	0.00691	0.00790	0.01185	0.01629	0.02172	0.04690	0.69537	0.05629	0.02666	0.01086	0.00346	0.00494	0.02419	0.00790	0.00691
6	0.01709	0.01631	0.02265	0.01964	0.02011	0.02188	0.01616	0.01945	0.01560	0.02365	0.15805	0.02906	0.02723	0.01548	0.02377	0.00348	0.52705	0.00929	0.00504	0.00901
7	0.01707	0.04402	0.65683	0.02426	0.03683	0.01976	0.03144	0.02695	0.01797	0.02695	0.01527	0.01797	0.01078	0.00809	0.00809	0.00270	0.01258	0.00629	0.00359	0.01258
8	0.02595	0.09340	0.19661	0.02356	0.06378	0.34535	0.02095	0.05916	0.02194	0.02440	0.01405	0.01662	0.01123	0.00873	0.00855	0.00240	0.04203	0.00593	0.00428	0.01109
9	0.03105	0.09538	0.02580	0.02132	0.02594	0.61461	0.01629	0.03328	0.02355	0.02076	0.01305	0.01521	0.01096	0.00865	0.00749	0.00216	0.01483	0.00540	0.00432	0.00995
10	0.01707	0.04402	0.65683	0.02426	0.03683	0.01976	0.03144	0.02695	0.01797	0.02695	0.01527	0.01797	0.01078	0.00809	0.00809	0.00270	0.01258	0.00629	0.00359	0.01258
11	0.02443	0.24757	0.22996	0.01988	0.02823	0.13714	0.02052	0.14517	0.02319	0.02900	0.01485	0.01665	0.01159	0.00837	0.00727	0.00231	0.01133	0.00587	0.00472	0.01196
12	0.76103	0.01646	0.01251	0.01119	0.01646	0.01909	0.00922	0.02502	0.01448	0.03818	0.01185	0.01382	0.00922	0.00790	0.00527	0.00263	0.00658	0.00461	0.00527	0.00922
13	0.01034	0.00751	0.00977	0.01158	0.01227	0.00693	0.00778	0.01188	0.01655	0.02183	0.05014	0.64484	0.10473	0.02624	0.01080	0.00341	0.00489	0.02368	0.00790	0.00693
14	0.02145	0.28379	0.22931	0.01890	0.02703	0.08510	0.01979	0.03112	0.15482	0.02573	0.01810	0.01918	0.01423	0.00862	0.00720	0.00237	0.01024	0.00631	0.00481	0.01191
15	0.02117	0.01828	0.01924	0.01732	0.02213	0.02117	0.01347	0.04522	0.63246	0.03560	0.03464	0.03175	0.02598	0.01155	0.00866	0.00289	0.00673	0.00962	0.00866	0.01347
16	0.03818	0.01448	0.01975	0.01514	0.02172	0.01251	0.01251	0.04147	0.02436	0.65373	0.03357	0.02897	0.02107	0.01053	0.00856	0.00263	0.00724	0.00856	0.01053	0.01448
17	0.01202	0.00939	0.01248	0.01472	0.06536	0.00874	0.00995	0.01484	0.01938	0.02558	0.17276	0.26838	0.20416	0.02148	0.01043	0.00315	0.00546	0.10596	0.00788	0.00789
18	0.01607	0.01513	0.02552	0.68047	0.05861	0.01891	0.02363	0.02174	0.01702	0.02174	0.01513	0.02269	0.01134	0.00851	0.00851	0.00284	0.01134	0.00756	0.00378	0.00945
19	0.01707	0.04402	0.65683	0.02426	0.03683	0.01976	0.03144	0.02695	0.01797	0.02695	0.01527	0.01797	0.01078	0.00809	0.00809	0.00270	0.01258	0.00629	0.00359	0.01258
20	0.02117	0.01828	0.01924	0.01732	0.02213	0.02117	0.01347	0.04522	0.63246	0.03560	0.03464	0.03175	0.02598	0.01155	0.00866	0.00289	0.00673	0.00962	0.00866	0.01347
21	0.01453	0.00903	0.01136	0.01183	0.01305	0.00867	0.00798	0.04182	0.01708	0.08203	0.03915	0.43290	0.04437	0.20244	0.01911	0.00460	0.00623	0.01885	0.00745	0.00751
22	0.01707	0.04402	0.65683	0.02426	0.03683	0.01976	0.03144	0.02695	0.01797	0.02695	0.01527	0.01797	0.01078	0.00809	0.00809	0.00270	0.01258	0.00629	0.00359	0.01258
23	0.01707	0.04402	0.65683	0.02426	0.03683	0.01976	0.03144	0.02695	0.01797	0.02695	0.01527	0.01797	0.01078	0.00809	0.00809	0.00270	0.01258	0.00629	0.00359	0.01258
24	0.02199	0.01810	0.01927	0.01721	0.02211	0.02075	0.01342	0.04504	0.60323	0.06532	0.03459	0.03162	0.02574	0.01150	0.00865	0.00287	0.00676	0.00957	0.00875	0.01352
25	0.76103	0.01646	0.01251	0.01119	0.01646	0.01909	0.00922	0.02502	0.01448	0.03818	0.01185	0.01382	0.00922	0.00790	0.00527	0.00263	0.00658	0.00461	0.00527	0.00922
26	0.01025	0.00785	0.00941	0.01066	0.01203	0.00701	0.00737	0.01198	0.01744	0.02219	0.06139	0.46927	0.27303	0.02478	0.01057	0.00324	0.00471	0.02190	0.00790	0.00701
27	0.02766	0.27838	0.07098	0.01934	0.02537	0.37359	0.01669	0.05437	0.02194	0.02226	0.01311	0.01511	0.01108	0.00825	0.00694	0.00211	0.01269	0.00529	0.00424	0.01060
28	0.02008	0.02151	0.08462	0.13246	0.52010	0.02001	0.02623	0.02561	0.01895	0.02694	0.01583	0.02102	0.01298	0.00775	0.00841	0.00258	0.01048	0.00747	0.00410	0.01288
29	0.02332	0.66452	0.04332	0.01502	0.02212	0.07317	0.01468	0.02601	0.01772	0.02007	0.01191	0.01376	0.01092	0.00737	0.00560	0.00184	0.00949	0.00461	0.00369	0.01086
30	0.02080	0.01996	0.03407	0.08480	0.61729	0.02015	0.02599	0.02589	0.01925	0.02749	0.01596	0.02115	0.01337	0.00763	0.00843	0.00254	0.01017	0.00758	0.00419	0.01327
31	0.01216	0.00912	0.01368	0.01368	0.01520	0.01064	0.01064	0.01520	0.01368	0.01976	0.02279	0.03343	0.02127	0.06382	0.66720	0.01368	0.02279	0.00912	0.00456	0.00760
32	0.02106	0.02022	0.03454	0.05223	0.64784	0.02022	0.02612	0.02612	0.01938	0.02780	0.01601	0.02106	0.01348	0.00758	0.00842	0.00253	0.01011	0.00758	0.00421	0.01348
33	0.01036	0.00746	0.00982	0.01172	0.01231	0.00692	0.00784	0.01186	0.01642	0.02178	0.04853	0.67002	0.08059	0.02645	0.01083	0.00343	0.00491	0.02394	0.00790	0.00692
34	0.01037	0.00741	0.00987	0.01185	0.01234	0.00691	0.00790	0.01185	0.01629	0.02172	0.04690	0.69537	0.05629	0.02666	0.01086	0.00346	0.00494	0.02419	0.00790	0.00691
35	0.03060	0.12810	0.02681	0.02096	0.02572	0.58348	0.01620	0.03286	0.02322	0.02072	0.01298	0.01512	0.01096	0.00857	0.00738	0.00214	0.01453	0.00536	0.00429	0.01000
36	0.01225	0.00873	0.01173	0.01173	0.01257	0.00958	0.00821	0.01394	0.01310	0.01831	0.02458	0.04331	0.02556	0.34649	0.39040	0.01127	0.01634	0.01056	0.00482	0.00651
37	0.01862	0.03322	0.34574	0.03021	0.04075	0.02066	0.33170	0.02711	0.01905	0.02711	0.01627	0.02053	0.01187	0.00762	0.00909	0.00278	0.01348	0.00821	0.00396	0.01201
38	0.02075	0.02164	0.06391	0.04872	0.53680	0.02038	0.10895	0.02631	0.01941	0.02769	0.01614	0.02119	0.01328	0.00755	0.00864	0.00258	0.01081	0.00787	0.00420	0.01316
39	0.02117	0.01828	0.01924	0.01732	0.02213	0.02117	0.01347	0.04522	0.63246	0.03560	0.03464	0.03175	0.02598	0.01155	0.00866	0.00289	0.00673	0.00962	0.00866	0.01347
40	0.01037	0.00741	0.00987	0.01185	0.01234	0.00691	0.00790	0.01185	0.01629	0.02172	0.04690	0.69537	0.05629	0.02666	0.01086	0.00346	0.00494	0.02419	0.00790	0.00691
41	0.01946	0.01974	0.05953	0.04359	0.50645	0.01856	0.02321	0.02530	0.04946	0.02753	0.02594	0.02929	0.09534	0.00960	0.00863	0.00260	0.00931	0.00896	0.00488	0.01263
42	0.01216	0.00912	0.01368	0.01368	0.01520	0.01064	0.01064	0.01520	0.01368	0.01976	0.02279	0.03343	0.02127	0.06382	0.66720	0.01368	0.02279	0.00912	0.00456	0.00760
43	0.02281	0.02474	0.01918	0.04713	0.02309	0.30882	0.01444	0.05957	0.05221	0.02461	0.02773	0.15926	0.02837	0.01542	0.00926	0.00288	0.01089	0.13411	0.00619	0.00931
44	0.01204	0.00870	0.01138	0.01071	0.01271	0.00803	0.00803	0.01606	0.02409	0.03413	0.64335	0.06357	0.08030	0.01740	0.01004	0.00268	0.00401	0.01539	0.00937	0.00803
45	0.02486	0.05605	0.09035	0.03173	0.23005	0.25727	0.02126	0.05606	0.02105	0.02517	0.01433	0.01806	0.01196	0.00910	0.01047	0.00255	0.09729	0.00656	0.00433	0.01150
46	0.23681	0.45198	0.03364	0.01419	0.02065	0.08161	0.01317	0.02605	0.01704	0.02534	0.01195	0.01384	0.01043	0.00758	0.00559	0.00209	0.00889	0.00464	0.00417	0.01034
47	0.12580	0.02082	0.02869	0.09642	0.37565	0.05273	0.02146	0.12213	0.02206	0.03254	0.01593	0.01982	0.01273	0.00820	0.00797	0.00256	0.00987	0.00708	0.00503	0.01251
48	0.01494	0.01219	0.01459	0.01276	0.01725	0.01030	0.00976	0.01929	0.05839	0.02597	0.03198	0.24104	0.05771	0.01514	0.00851	0.00235	0.00594	0.06016	0.00654	0.37522
49	0.02106	0.02022	0.03454	0.05223	0.64784	0.02022	0.02612	0.02612	0.01938	0.02780	0.01601	0.02106	0.01348	0.00758	0.00842	0.00253	0.01011	0.00758	0.00421	0.01348
50	0.01707	0.04402	0.65683	0.02426	0.03683	0.01976	0.03144	0.02695	0.01797	0.02695	0.01527	0.01797	0.01078	0.00809	0.00809	0.00270	0.01258	0.00629	0.00359	0.01258
51	0.02117	0.01828	0.01924	0.01732	0.02213	0.02117	0.01347	0.04522	0.63246	0.03560	0.03464	0.03175	0.02598	0.01155	0.00866	0.00289	0.00673	0.00962	0.00866	0.01347
52	0.02117	0.01828	0.01924	0.01732	0.02213	0.02117	0.01347	0.04522	0.63246	0.03560	0.03464	0.03175	0.02598	0.01155	0.00866	0.00289	0.00673	0.00962	0.00866	0.01347
53	0.01216	0.00912	0.01368	0.01368	0.01520	0.01064	0.01064	0.01520	0.01368	0.01976	0.02279	0.03343	0.02127	0.06382	0.66720	0.01368	0.02279	0.00912	0.00456	0.00760
54	0.01216	0.00912	0.01368	0.01368	0.01520	0.01064	0.01064	0.01520	0.01368	0.01976	0.02279	0.03343	0.02127	0.06382	0.66720	0.01368	0.02279	0.00912	0.00456	0.00760
55	0.01037	0.00741	0.00987	0.01185	0.01234	0.00691	0.00790	0.01185	0.01629	0.02172	0.04690	0.69537	0.05629	0.02666	0.01086	0.00346	0.00494	0.02419	0.00790	0.00691
56	0.07909	0.01459	0.01934	0.01492	0.02143	0.01288	0.01232	0.04054	0.02380	0.61889	0.03234	0.02811	0.02040	0.01038	0.00837	0.00263	0.00720	0.00833	0.01023	0.01418
57	0.06107	0.00887	0.01064	0.01172	0.01350	0.00845	0.00882	0.01430	0.01819	0.02488	0.10247	0.33659	0.19032	0.02284	0.01041	0.00329	0.00540	0.13300	0.00783	0.00740
58	0.01037	0.00741	0.00987	0.01185	0.01234	0.00691	0.00790	0.01185	0.01629	0.02172	0.04690	0.69537	0.05629	0.02666	0.01086	0.00346	0.00494	0.02419	0.00790	0.00691
59	0.01037	0.00741	0.00987	0.01185	0.01234	0.00691	0.00790	0.01185	0.01629	0.02172	0.04690	0.69537	0.05629	0.02666	0.01086	0.00346	0.00494	0.02419	0.00790	0.00691
60	0.03179	0.04056	0.02412	0.02192	0.02631	0.66676	0.01644	0.03398	0.02412	0.02083	0.01315	0.01535	0.01096	0.00877	0.00767	0.00219	0.01535	0.00548	0.00438	0.00987
61	0.02930	0.03583	0.02654	0.02897	0.17071	0.51655	0.01869	0.03215	0.02302	0.02245	0.01382	0.01667	0.01155	0.00849	0.00785	0.00227	0.01413	0.00597	0.00434	0.01071
62	0.01982	0.36474	0.36023	0.01956	0.02957	0.02650	0.02326	0.02624	0.01764	0.02359	0.01361	0.01588	0.01085	0.00770	0.00681	0.00227	0.01089	0.00545	0.00362	0.01177
63	0.01707	0.04402	0.65683	0.02426	0.03683	0.01976	0.03144	0.02695	0.01797	0.02695	0.01527	0.01797	0.01078	0.00809	0.00809	0.00270	0.01258	0.00629	0.00359	0.01258
64	0.02606	0.03059	0.02351	0.17719	0.03284	0.40964	0.01759	0.03093	0.07187	0.02266	0.01587	0.01919	0.01271	0.00922	0.00868	0.00245	0.03962	0.00649	0.03291	0.00997
65	0.01070	0.00865	0.00951	0.00930	0.01189	0.00746	0.00697	0.01346	0.02092	0.02660	0.26678	0.07596	0.46156	0.02021	0.01005	0.00281	0.00421	0.01713	0.00838	0.00746
66	0.01573	0.01407	0.01797	0.02198	0.17640	0.01411	0.01328	0.02427	0.17756	0.02747	0.05502	0.05346	0.32407	0.01541	0.00928	0.00279	0.00641	0.01316	0.00716	0.01041
67	0.01037	0.00741	0.00987	0.01185	0.01234	0.00691	0.00790	0.01185	0.01629	0.02172	0.04690	0.69537	0.05629	0.02666	0.01086	0.00346	0.00494	0.02419	0.00790	0.00691
68	0.03235	0.02384	0.02554	0.01958	0.02639	0.02639	0.01618	0.61946	0.04001	0.05363	0.02043	0.02043	0.01447	0.01022	0.00851	0.00255	0.00936	0.00766	0.00851	0.01447
69	0.02270	0.57607	0.07123	0.01613	0.02288	0.07188	0.01582	0.02567	0.01740	0.02044	0.01202	0.01437	0.01094	0.00804	0.00758	0.00204	0.06536	0.00493	0.00369	0.01080
70	0.01707	0.04402	0.65683	0.02426	0.03683	0.01976	0.03144	0.02695	0.01797	0.02695	0.01527	0.01797	0.01078	0.00809	0.00809	0.00270	0.01258	0.00629	0.00359	0.01258
71	0.01862	0.01862	0.02607	0.02234	0.02234	0.02607	0.01862	0.02048	0.01303	0.02048	0.01117	0.01862	0.01117	0.01489	0.02793	0.00372	0.68535	0.00745	0.00372	0.00931
72	0.02189	0.01812	0.01926	0.01723	0.02211	0.02080	0.01343	0.04506	0.60657	0.06192	0.03459	0.03163	0.02577	0.01150	0.00865	0.00288	0.00676	0.00958	0.00874	0.01351
73	0.02275	0.70604	0.04459	0.01456	0.02184	0.03367	0.01456	0.02548	0.01729	0.02002	0.01183	0.01365	0.01092	0.00728	0.00546	0.00182	0.00910	0.00455	0.00364	0.01092
74	0.01219	0.00901	0.01311	0.01311	0.01443	0.01033	0.00993	0.01483	0.01351	0.01934	0.02331	0.03630	0.02252	0.14599	0.58674	0.01298	0.02092	0.00954	0.00464	0.00728
75	0.02284	0.02061	0.03245	0.07891	0.50512	0.02127	0.02419	0.13298	0.02298	0.03215	0.01676	0.02103	0.01355	0.00811	0.00845	0.00255	0.01004	0.00760	0.00497	0.01345
76	0.01478	0.00739	0.01109	0.01109	0.01109	0.00739	0.00739	0.01109	0.01109	0.01478	0.01478	0.02587	0.01478	0.02956	0.03326	0.75240	0.00739	0.00739	0.00370	0.00370
77	0.01018	0.00863	0.00879	0.00875	0.01157	0.00724	0.00656	0.01245	0.01969	0.02368	0.12097	0.08076	0.60919	0.02129	0.01006	0.00286	0.00429	0.01780	0.00799	0.00724
78	0.16658	0.01919	0.02884	0.02903	0.16970	0.02267	0.10511	0.02367	0.01582	0.02667	0.01330	0.01886	0.01157	0.01069	0.01631	0.00311	0.29676	0.00729	0.00423	0.01057
79	0.03171	0.02363	0.02605	0.02143	0.06156	0.02604	0.01674	0.58588	0.03884	0.05217	0.02018	0.02047	0.01442	0.01007	0.00851	0.00255	0.00941	0.00766	0.00827	0.01442
80	0.08514	0.14490	0.14683	0.02265	0.07712	0.16340	0.01955	0.06367	0.01940	0.02585	0.01351	0.01686	0.01124	0.00952	0.01130	0.00261	0.14506	0.00610	0.00430	0.01097
81	0.01824	0.09366	0.46546	0.02615	0.03737	0.02132	0.16608	0.02690	0.01840	0.02645	0.01544	0.01877	0.01129	0.00781	0.00832	0.00266	0.01270	0.00702	0.00376	0.01219
82	0.03159	0.02214	0.02418	0.01878	0.02521	0.02414	0.01540	0.53746	0.03738	0.10126	0.02301	0.05933	0.01738	0.01117	0.00865	0.00261	0.00894	0.00867	0.00864	0.01405
83	0.02238	0.20477	0.09429	0.01954	0.07407	0.11471	0.01615	0.07890	0.05710	0.05438	0.15272	0.02804	0.02776	0.01043	0.00787	0.00237	0.00916	0.00820	0.00603	0.01113
84	0.02102	0.05158	0.14041	0.01906	0.05438	0.01882	0.01667	0.03577	0.31994	0.09754	0.07240	0.03250	0.05993	0.01136	0.00856	0.00274	0.00784	0.00941	0.00747	0.01258
85	0.01218	0.00905	0.01331	0.01331	0.01471	0.01044	0.01019	0.01496	0.01357	0.01949	0.02313	0.03527	0.02207	0.11630	0.61581	0.01323	0.02160	0.00939	0.00461	0.00740
86	0.03159	0.02608	0.02430	0.01941	0.02542	0.15197	0.01559	0.45273	0.03499	0.07007	0.01981	0.02134	0.01478	0.04064	0.00990	0.00274	0.01041	0.00748	0.00763	0.01315
87	0.01037	0.00741	0.00987	0.01185	0.01234	0.00691	0.00790	0.01185	0.01629	0.02172	0.04690	0.69537	0.05629	0.02666	0.01086	0.00346	0.00494	0.02419	0.00790	0.00691
88	0.02106	0.01715	0.01948	0.01423	0.02161	0.01484	0.01150	0.16037	0.02284	0.03375	0.01636	0.01829	0.01304	0.00721	0.00682	0.00156	0.00701	0.00565	0.00585	0.58137
89	0.08304	0.11531	0.23121	0.01837	0.02682	0.04724	0.04325	0.05902	0.01928	0.05286	0.01703	0.05022	0.01399	0.00866	0.00734	0.00226	0.00961	0.00678	0.00490	0.18284
90	0.03235	0.02384	0.02554	0.01958	0.02639	0.02639	0.01618	0.61946	0.04001	0.05363	0.02043	0.02043	0.01447	0.01022	0.00851	0.00255	0.00936	0.00766	0.00851	0.01447
91	0.01050	0.00746	0.00984	0.01168	0.01214	0.00700	0.00772	0.01188	0.01603	0.02138	0.04557	0.65278	0.05460	0.07155	0.01302	0.00378	0.00516	0.02341	0.00772	0.00680
92	0.02495	0.01814	0.02264	0.01882	0.02335	0.02047	0.04561	0.13275	0.24063	0.14753	0.02770	0.06793	0.02170	0.01246	0.01230	0.00297	0.13003	0.00964	0.00781	0.01256
93	0.02309	0.55974	0.12153	0.01620	0.02399	0.06214	0.01675	0.02674	0.01800	0.04680	0.01323	0.01492	0.01132	0.00759	0.00603	0.00198	0.00978	0.00498	0.00395	0.01123
94	0.01037	0.00741	0.00987	0.01185	0.01234	0.00691	0.00790	0.01185	0.01629	0.02172	0.04690	0.69537	0.05629	0.02666	0.01086	0.00346	0.00494	0.02419	0.00790	0.00691
95	0.01156	0.00834	0.01119	0.01305	0.01421	0.00797	0.00992	0.01396	0.01766	0.02315	0.04846	0.44409	0.08693	0.02523	0.01114	0.00359	0.00595	0.22847	0.00788	0.00726
96	0.01605	0.01577	0.04729	0.02521	0.22282	0.01463	0.01530	0.02361	0.13456	0.02711	0.05046	0.04979	0.29415	0.01451	0.00917	0.00276	0.00702	0.01249	0.00665	0.01066
97	0.02747	0.03675	0.15065	0.02464	0.07943	0.38616	0.02028	0.09636	0.02379	0.02624	0.01453	0.01704	0.01153	0.00896	0.00879	0.00243	0.04296	0.00614	0.00464	0.01119
98	0.03818	0.01448	0.01975	0.01514	0.02172	0.01251	0.01251	0.04147	0.02436	0.65373	0.03357	0.02897	0.02107	0.01053	0.00856	0.00263	0.00724	0.00856	0.01053	0.01448
99	0.01707	0.04402	0.65683	0.02426	0.03683	0.01976	0.03144	0.02695	0.01797	0.02695	0.01527	0.01797	0.01078	0.00809	0.00809	0.00270	0.01258	0.00629	0.00359	0.01258
100	0.01952	0.17890	0.41435	0.02587	0.11519	0.05454	0.02646	0.02688	0.01832	0.02532	0.01455	0.01735	0.01118	0.00788	0.00756	0.00247	0.01166	0.00606	0.00373	0.01222
101	0.01231	0.00851	0.01058	0.01058	0.01102	0.00895	0.00677	0.01321	0.01276	0.01746	0.02563	0.04913	0.02809	0.51315	0.22719	0.00985	0.01254	0.01142	0.00498	0.00588
102	0.01033	0.00756	0.00971	0.01143	0.01223	0.00695	0.00771	0.01190	0.01669	0.02189	0.05197	0.61625	0.13213	0.02600	0.01076	0.00338	0.00486	0.02339	0.00790	0.00695
103	0.01837	0.01694	0.05508	0.14026	0.22267	0.03912	0.01794	0.02270	0.01991	0.08082	0.08672	0.04058	0.17894	0.01242	0.00895	0.00269	0.00842	0.01079	0.00603	0.01065
104	0.02696	0.03056	0.02891	0.03555	0.30792	0.34390	0.02081	0.05778	0.02271	0.02552	0.01479	0.01817	0.01227	0.00830	0.00805	0.00236	0.01269	0.00654	0.00450	0.01172
105	0.02607	0.03713	0.14755	0.02067	0.02648	0.45343	0.01813	0.02978	0.02229	0.02232	0.02300	0.02445	0.09262	0.01028	0.00806	0.00238	0.01337	0.00725	0.00468	0.01006
106	0.21636	0.02252	0.08083	0.02033	0.02697	0.04864	0.13399	0.19734	0.02423	0.06161	0.01949	0.07471	0.01602	0.01013	0.00809	0.00271	0.00972	0.00852	0.00625	0.01152
107	0.14673	0.08606	0.13760	0.02168	0.10354	0.14025	0.01732	0.05104	0.01930	0.02736	0.02058	0.15119	0.02009	0.01182	0.00791	0.00264	0.00979	0.00947	0.00518	0.01043

[dist]
# distance from previous block
# <min> <max>
0	5

# created by:
# /home/cegg/simao/soft/augustus-3.2.1/scripts/msa2prfl.pl ./align_prep/13797.fa
