[name]
unknown

[dist]
# distance from previous block
# <min> <max>
0	1

[block]
# block no. 0 follows, 20 sequences, length 46
# corresponding to MSA columns:
# 1-46
name=unknown_A
#
# <colnr> <probs for GDERKNQSTAVLIFYWHMCP>
#	G	D	E	R	K	N	Q	S	T	A	V	L	I	F	Y	W	H	M	C	P
0	0.01601	0.15535	0.02073	0.01582	0.01898	0.01520	0.01424	0.01977	0.01958	0.02493	0.03900	0.08059	0.04197	0.02059	0.01069	0.00356	0.00831	0.45886	0.00712	0.00870
1	0.02227	0.10263	0.29163	0.02058	0.02868	0.18825	0.02168	0.02830	0.02132	0.05543	0.11440	0.02525	0.02299	0.01003	0.00825	0.00253	0.01163	0.00765	0.00518	0.01133
2	0.02237	0.12325	0.03423	0.17285	0.30170	0.11857	0.05405	0.02700	0.01980	0.02490	0.01521	0.02004	0.01255	0.00809	0.00818	0.00252	0.01152	0.00712	0.00417	0.01189
3	0.02505	0.02418	0.02357	0.05842	0.11646	0.19054	0.01638	0.08199	0.11558	0.06154	0.02114	0.05231	0.01733	0.00983	0.00819	0.00238	0.01014	0.00787	0.00610	0.15101
4	0.02154	0.02068	0.03472	0.04904	0.54487	0.02090	0.05728	0.02879	0.08026	0.02927	0.01839	0.02279	0.01507	0.00816	0.00875	0.00265	0.01025	0.00812	0.00478	0.01370
5	0.01626	0.00813	0.00813	0.00813	0.01016	0.00813	0.00610	0.02033	0.01829	0.03252	0.02846	0.03252	0.02236	0.01016	0.00610	0.00203	0.00407	0.00813	0.74187	0.00813
6	0.01476	0.01983	0.17802	0.01524	0.02072	0.01327	0.01504	0.02325	0.11409	0.03125	0.28339	0.05136	0.15459	0.01519	0.00955	0.00282	0.00688	0.01291	0.00768	0.01014
7	0.01287	0.01653	0.14520	0.01332	0.01790	0.01053	0.01285	0.01773	0.02205	0.03029	0.35379	0.06046	0.21931	0.01699	0.00987	0.00280	0.00605	0.01453	0.00794	0.00898
8	0.01626	0.00813	0.00813	0.00813	0.01016	0.00813	0.00610	0.02033	0.01829	0.03252	0.02846	0.03252	0.02236	0.01016	0.00610	0.00203	0.00407	0.00813	0.74187	0.00813
9	0.75506	0.01687	0.01282	0.01147	0.01687	0.01957	0.00945	0.02564	0.01484	0.03914	0.01215	0.01417	0.00945	0.00810	0.00540	0.00270	0.00675	0.00472	0.00540	0.00945
10	0.18435	0.02247	0.02153	0.01763	0.02286	0.08706	0.01435	0.31284	0.02888	0.04270	0.01807	0.01988	0.01369	0.01027	0.00967	0.00266	0.07589	0.00696	0.07620	0.01205
11	0.02135	0.01848	0.01875	0.01665	0.02124	0.05344	0.01296	0.09807	0.40366	0.03641	0.11702	0.03876	0.07903	0.01313	0.00911	0.00286	0.00709	0.01088	0.00866	0.01247
12	0.03187	0.02518	0.02864	0.02186	0.02890	0.05745	0.07568	0.52359	0.03817	0.05062	0.02025	0.02095	0.01450	0.01009	0.00884	0.00263	0.01041	0.00799	0.00809	0.01430
13	0.01268	0.00846	0.00951	0.00951	0.00951	0.00846	0.00529	0.01268	0.01268	0.01691	0.02748	0.05708	0.03171	0.69345	0.04440	0.00846	0.00846	0.01268	0.00529	0.00529
14	0.01647	0.01550	0.02616	0.67248	0.06008	0.01938	0.02422	0.02229	0.01744	0.02229	0.01550	0.02326	0.01163	0.00872	0.00872	0.00291	0.01163	0.00775	0.00388	0.00969
15	0.01121	0.00867	0.00994	0.00994	0.01222	0.00761	0.00730	0.01360	0.02055	0.02640	0.24361	0.13565	0.37919	0.02178	0.01166	0.04272	0.00456	0.01768	0.00832	0.00740
16	0.01750	0.04512	0.64825	0.02486	0.03775	0.02026	0.03223	0.02762	0.01842	0.02762	0.01565	0.01842	0.01105	0.00829	0.00829	0.00276	0.01289	0.00645	0.00368	0.01289
17	0.01901	0.21517	0.49148	0.02228	0.03376	0.02397	0.02773	0.02723	0.01824	0.02578	0.01474	0.01727	0.01109	0.00807	0.00759	0.00253	0.01196	0.00598	0.00370	0.01245
18	0.55830	0.01631	0.01486	0.01258	0.01835	0.01771	0.01037	0.03028	0.01763	0.20567	0.01827	0.01844	0.01278	0.00884	0.00633	0.00270	0.00693	0.00584	0.00688	0.01093
19	0.01989	0.02004	0.04163	0.03066	0.03789	0.01875	0.45205	0.02622	0.02097	0.06136	0.07998	0.06774	0.02474	0.01058	0.01036	0.00300	0.01241	0.04493	0.00565	0.01113
20	0.01384	0.00925	0.01252	0.01219	0.01372	0.00962	0.00887	0.01636	0.01687	0.05637	0.16854	0.07406	0.03986	0.20558	0.29347	0.00897	0.01356	0.01229	0.00644	0.00762
21	0.01235	0.00892	0.01166	0.01097	0.01303	0.00823	0.00823	0.01646	0.02469	0.03498	0.63443	0.06516	0.08230	0.01783	0.01029	0.00274	0.00412	0.01578	0.00960	0.00823
22	0.01626	0.00813	0.00813	0.00813	0.01016	0.00813	0.00610	0.02033	0.01829	0.03252	0.02846	0.03252	0.02236	0.01016	0.00610	0.00203	0.00407	0.00813	0.74187	0.00813
23	0.03204	0.08010	0.02595	0.02203	0.02670	0.62184	0.01674	0.03432	0.02431	0.02130	0.01340	0.01563	0.01123	0.00890	0.00773	0.00222	0.01535	0.00556	0.00445	0.01018
24	0.01958	0.21160	0.39916	0.02576	0.09430	0.02411	0.05708	0.02716	0.01849	0.02588	0.01492	0.01785	0.01148	0.00797	0.00773	0.00252	0.01181	0.00631	0.00380	0.01248
25	0.01626	0.00813	0.00813	0.00813	0.01016	0.00813	0.00610	0.02033	0.01829	0.03252	0.02846	0.03252	0.02236	0.01016	0.00610	0.00203	0.00407	0.00813	0.74187	0.00813
26	0.03123	0.03932	0.02492	0.02251	0.02656	0.59524	0.01708	0.03345	0.02358	0.02131	0.01328	0.01607	0.01126	0.00962	0.00994	0.00240	0.08192	0.00582	0.00443	0.01006
27	0.01264	0.00929	0.01374	0.01374	0.01532	0.01077	0.01067	0.01581	0.01422	0.02084	0.02361	0.03418	0.02183	0.06276	0.62743	0.01344	0.02243	0.00929	0.04019	0.00780
28	0.01235	0.00892	0.01166	0.01097	0.01303	0.00823	0.00823	0.01646	0.02469	0.03498	0.63443	0.06516	0.08230	0.01783	0.01029	0.00274	0.00412	0.01578	0.00960	0.00823
29	0.02928	0.03019	0.02159	0.01884	0.02344	0.36181	0.01452	0.17697	0.02748	0.03219	0.01853	0.02059	0.01449	0.00961	0.00771	0.00230	0.01172	0.00671	0.16115	0.01089
30	0.01808	0.11049	0.58798	0.02387	0.03622	0.02168	0.03050	0.02747	0.01835	0.02691	0.01530	0.01797	0.01106	0.00820	0.00802	0.00267	0.01253	0.00627	0.00369	0.01272
31	0.05449	0.01827	0.14431	0.01712	0.08072	0.01231	0.01441	0.01937	0.01958	0.05899	0.05917	0.05753	0.37791	0.01645	0.00938	0.00285	0.00705	0.01362	0.00681	0.00966
32	0.01380	0.01283	0.02152	0.01737	0.02152	0.01166	0.17232	0.01800	0.02144	0.02834	0.24113	0.09367	0.25691	0.01696	0.01034	0.00291	0.00718	0.01568	0.00757	0.00884
33	0.01652	0.01731	0.03427	0.02587	0.03187	0.01602	0.36047	0.02176	0.02010	0.02658	0.07079	0.13533	0.15479	0.01395	0.01042	0.00302	0.01055	0.01442	0.00601	0.00996
34	0.01750	0.04512	0.64825	0.02486	0.03775	0.02026	0.03223	0.02762	0.01842	0.02762	0.01565	0.01842	0.01105	0.00829	0.00829	0.00276	0.01289	0.00645	0.00368	0.01289
35	0.05848	0.02037	0.03993	0.02984	0.03601	0.02101	0.39373	0.02489	0.01816	0.02630	0.01722	0.02391	0.01402	0.01724	0.10893	0.00471	0.12071	0.00943	0.00441	0.01070
36	0.01267	0.00850	0.00973	0.00973	0.00981	0.00857	0.00556	0.01282	0.01275	0.01707	0.02729	0.05598	0.03124	0.66319	0.07400	0.00872	0.00917	0.01252	0.00526	0.00541
37	0.01932	0.24960	0.45974	0.02175	0.03295	0.02472	0.02681	0.02715	0.01820	0.02540	0.01455	0.01703	0.01109	0.00803	0.00745	0.00248	0.01178	0.00589	0.00370	0.01236
38	0.02223	0.57592	0.15890	0.01679	0.02527	0.03184	0.01818	0.02640	0.01785	0.02186	0.01279	0.01482	0.01117	0.00762	0.00610	0.00203	0.01000	0.00500	0.00372	0.01151
39	0.03032	0.21698	0.09117	0.01786	0.02486	0.15633	0.01625	0.03494	0.04970	0.24723	0.02187	0.02131	0.01565	0.00927	0.00764	0.00239	0.01024	0.00676	0.00667	0.01257
40	0.01261	0.00876	0.01106	0.01106	0.01159	0.00929	0.00721	0.01367	0.01314	0.01806	0.02607	0.04927	0.02832	0.47847	0.25474	0.01036	0.01356	0.01154	0.00508	0.00614
41	0.12968	0.21156	0.33515	0.01916	0.02871	0.02305	0.02224	0.02710	0.01829	0.05635	0.04349	0.01928	0.01461	0.00859	0.00726	0.00251	0.01037	0.00625	0.00455	0.01180
42	0.01349	0.02398	0.28315	0.01676	0.02318	0.01280	0.01806	0.01887	0.01824	0.02489	0.04435	0.24869	0.18349	0.01785	0.00971	0.00306	0.00825	0.01532	0.00621	0.00964
43	0.01867	0.02626	0.19754	0.06711	0.19344	0.02001	0.16571	0.02515	0.01900	0.02670	0.02325	0.02734	0.07482	0.00990	0.01075	0.00287	0.06605	0.00908	0.00449	0.01187
44	0.02274	0.23187	0.05756	0.01618	0.02230	0.02223	0.04414	0.14076	0.02191	0.05896	0.01911	0.02647	0.01708	0.15288	0.01505	0.00347	0.00918	0.00764	0.00562	0.10485
45	0.01913	0.26856	0.02578	0.01362	0.01864	0.08445	0.01166	0.04993	0.02083	0.02509	0.09814	0.07406	0.19204	0.01379	0.00808	0.00238	0.00774	0.01087	0.00614	0.04906

[dist]
# distance from previous block
# <min> <max>
0	1

[block]
# block no. 1 follows, 20 sequences, length 95
# corresponding to MSA columns:
# 48-142
name=unknown_B
#
# <colnr> <probs for GDERKNQSTAVLIFYWHMCP>
#	G	D	E	R	K	N	Q	S	T	A	V	L	I	F	Y	W	H	M	C	P
0	0.01815	0.31028	0.23652	0.01671	0.02485	0.02303	0.01861	0.02324	0.01849	0.02364	0.03225	0.03285	0.16634	0.01137	0.00766	0.00243	0.00929	0.00867	0.00480	0.01081
1	0.13093	0.17112	0.02528	0.01658	0.01989	0.05499	0.01412	0.02188	0.01642	0.02417	0.02692	0.02976	0.13365	0.01344	0.01527	0.00296	0.25969	0.00854	0.00491	0.00950
2	0.01352	0.01659	0.13667	0.01414	0.01843	0.01137	0.01314	0.01977	0.07019	0.02978	0.28254	0.16366	0.14075	0.01773	0.00993	0.00293	0.00627	0.01541	0.00790	0.00928
3	0.02467	0.20230	0.18515	0.02303	0.07287	0.26411	0.02061	0.02927	0.02050	0.02317	0.01442	0.01737	0.01192	0.01131	0.04166	0.00292	0.01344	0.00594	0.00410	0.01122
4	0.02275	0.25844	0.03288	0.02726	0.20824	0.13237	0.01773	0.02631	0.01925	0.02403	0.01607	0.02006	0.01393	0.01363	0.06998	0.00334	0.01166	0.00650	0.06433	0.01123
5	0.02046	0.10025	0.35883	0.03100	0.17178	0.02154	0.08414	0.02812	0.01924	0.06045	0.01668	0.01980	0.01247	0.00813	0.00832	0.00265	0.01185	0.00707	0.00429	0.01293
6	0.01569	0.01160	0.01547	0.01452	0.01677	0.01317	0.01124	0.10743	0.01807	0.02531	0.02339	0.03442	0.02169	0.11794	0.49838	0.01171	0.01978	0.00944	0.00536	0.00864
7	0.01141	0.00816	0.01069	0.01154	0.01263	0.00761	0.00800	0.01386	0.01960	0.02694	0.27580	0.41026	0.06588	0.06006	0.01262	0.00350	0.00488	0.02061	0.00853	0.00743
8	0.01750	0.04512	0.64825	0.02486	0.03775	0.02026	0.03223	0.02762	0.01842	0.02762	0.01565	0.01842	0.01105	0.00829	0.00829	0.00276	0.01289	0.00645	0.00368	0.01289
9	0.02121	0.02034	0.03473	0.09900	0.59651	0.02063	0.02658	0.02644	0.01968	0.02804	0.01634	0.02171	0.01366	0.00784	0.00864	0.00261	0.01046	0.00777	0.00429	0.01351
10	0.02404	0.64917	0.04427	0.01530	0.02273	0.03397	0.01505	0.06900	0.01943	0.02305	0.01277	0.01450	0.01146	0.00768	0.00583	0.00192	0.00935	0.00490	0.00410	0.01146
11	0.01121	0.00866	0.00934	0.00940	0.01124	0.00775	0.00643	0.01287	0.01792	0.02241	0.11226	0.10731	0.37594	0.22532	0.02067	0.00463	0.00565	0.01681	0.00737	0.00679
12	0.01246	0.00935	0.01402	0.01402	0.01558	0.01090	0.01090	0.01558	0.01402	0.02025	0.02336	0.03427	0.02181	0.06542	0.65888	0.01402	0.02336	0.00935	0.00467	0.00779
13	0.02378	0.26703	0.09589	0.01841	0.02426	0.24410	0.01663	0.02722	0.01949	0.02150	0.01518	0.01904	0.01328	0.01946	0.13498	0.00448	0.01468	0.00610	0.00418	0.01033
14	0.01078	0.00886	0.00949	0.00933	0.01207	0.00757	0.00700	0.01343	0.02100	0.02622	0.21529	0.07958	0.50691	0.02110	0.01030	0.00290	0.00435	0.01780	0.00845	0.00757
15	0.01041	0.00846	0.00923	0.00984	0.01205	0.00728	0.00707	0.01241	0.01892	0.02317	0.07617	0.26678	0.46053	0.02368	0.01056	0.00313	0.00461	0.02034	0.00810	0.00728
16	0.02113	0.02102	0.03814	0.08107	0.49223	0.02092	0.14202	0.02678	0.01989	0.02808	0.01661	0.02206	0.01359	0.00774	0.00897	0.00268	0.01129	0.00827	0.00431	0.01320
17	0.02159	0.02073	0.03541	0.05354	0.63903	0.02073	0.02677	0.02677	0.01986	0.02850	0.01641	0.02159	0.01382	0.00777	0.00864	0.00259	0.01036	0.00777	0.00432	0.01382
18	0.01063	0.00759	0.01012	0.01215	0.01265	0.00709	0.00810	0.01215	0.01670	0.02227	0.04808	0.68775	0.05769	0.02733	0.01113	0.00354	0.00506	0.02480	0.00810	0.00709
19	0.01246	0.00935	0.01402	0.01402	0.01558	0.01090	0.01090	0.01558	0.01402	0.02025	0.02336	0.03427	0.02181	0.06542	0.65888	0.01402	0.02336	0.00935	0.00467	0.00779
20	0.02080	0.01992	0.03397	0.14945	0.54932	0.02052	0.02638	0.02608	0.01949	0.02754	0.01627	0.02185	0.01348	0.00792	0.00865	0.00264	0.01056	0.00777	0.00425	0.01318
21	0.02613	0.49971	0.03935	0.01721	0.02377	0.22344	0.01551	0.02876	0.01984	0.02077	0.01254	0.01452	0.01121	0.00792	0.00628	0.00198	0.01127	0.00495	0.00396	0.01087
22	0.02196	0.26218	0.15879	0.03286	0.27452	0.05892	0.02321	0.02714	0.01909	0.02518	0.01462	0.01802	0.01223	0.00783	0.00747	0.00235	0.01078	0.00632	0.00400	0.01253
23	0.02350	0.19252	0.03320	0.02974	0.21005	0.13939	0.01959	0.02835	0.06324	0.02435	0.01525	0.01897	0.01318	0.00968	0.01169	0.00262	0.14184	0.00674	0.00444	0.01166
24	0.01061	0.00766	0.01005	0.01197	0.01260	0.00710	0.00802	0.01217	0.01687	0.02234	0.05025	0.65519	0.08885	0.02705	0.01109	0.00351	0.00503	0.02445	0.00810	0.00710
25	0.01712	0.01342	0.01407	0.01225	0.01633	0.01319	0.00963	0.18812	0.02633	0.03338	0.09682	0.06448	0.42465	0.01846	0.00984	0.00284	0.00592	0.01517	0.00836	0.00960
26	0.02673	0.02811	0.02063	0.01834	0.02273	0.33694	0.01402	0.09153	0.08214	0.06127	0.11596	0.03280	0.08782	0.01214	0.00870	0.00252	0.01097	0.00921	0.00680	0.01065
27	0.02898	0.03498	0.02746	0.06526	0.18109	0.46525	0.01972	0.03215	0.02312	0.02318	0.01432	0.01759	0.01190	0.00867	0.00810	0.00237	0.01417	0.00627	0.00442	0.01101
28	0.01034	0.00873	0.00894	0.00911	0.01185	0.00734	0.00675	0.01249	0.01962	0.02346	0.08508	0.13319	0.58837	0.02252	0.01038	0.00299	0.00447	0.01893	0.00810	0.00734
29	0.02418	0.01977	0.02808	0.03557	0.33066	0.02074	0.02039	0.07760	0.22113	0.09300	0.02479	0.02595	0.01888	0.00961	0.00873	0.00272	0.00888	0.00857	0.00678	0.01399
30	0.02492	0.02704	0.03217	0.04413	0.45369	0.21383	0.02377	0.02921	0.02133	0.02633	0.01552	0.01981	0.01304	0.00814	0.00840	0.00249	0.01199	0.00712	0.00437	0.01270
31	0.01246	0.00935	0.01402	0.01402	0.01558	0.01090	0.01090	0.01558	0.01402	0.02025	0.02336	0.03427	0.02181	0.06542	0.65888	0.01402	0.02336	0.00935	0.00467	0.00779
32	0.01204	0.00890	0.01123	0.01065	0.01284	0.00810	0.00799	0.01586	0.02396	0.03324	0.55137	0.06802	0.16645	0.01848	0.01029	0.00277	0.00416	0.01618	0.00937	0.00810
33	0.01202	0.00818	0.00971	0.01036	0.01052	0.00801	0.00619	0.01251	0.01398	0.01864	0.03412	0.26018	0.04008	0.47893	0.03369	0.00687	0.00736	0.01659	0.00619	0.00586
34	0.02159	0.02073	0.03541	0.05354	0.63903	0.02073	0.02677	0.02677	0.01986	0.02850	0.01641	0.02159	0.01382	0.00777	0.00864	0.00259	0.01036	0.00777	0.00432	0.01382
35	0.01750	0.04512	0.64825	0.02486	0.03775	0.02026	0.03223	0.02762	0.01842	0.02762	0.01565	0.01842	0.01105	0.00829	0.00829	0.00276	0.01289	0.00645	0.00368	0.01289
36	0.03258	0.04157	0.02472	0.02247	0.02697	0.65843	0.01685	0.03483	0.02472	0.02135	0.01348	0.01573	0.01124	0.00899	0.00787	0.00225	0.01573	0.00562	0.00449	0.01011
37	0.02332	0.69869	0.04571	0.01493	0.02239	0.03451	0.01493	0.02612	0.01772	0.02052	0.01213	0.01399	0.01119	0.00746	0.00560	0.00187	0.00933	0.00466	0.00373	0.01119
38	0.01806	0.10877	0.58957	0.02389	0.03626	0.02165	0.03054	0.02748	0.01835	0.02693	0.01531	0.01799	0.01106	0.00821	0.00803	0.00268	0.01254	0.00627	0.00369	0.01273
39	0.01268	0.00846	0.00951	0.00951	0.00951	0.00846	0.00529	0.01268	0.01268	0.01691	0.02748	0.05708	0.03171	0.69345	0.04440	0.00846	0.00846	0.01268	0.00529	0.00529
40	0.01268	0.00846	0.00951	0.00951	0.00951	0.00846	0.00529	0.01268	0.01268	0.01691	0.02748	0.05708	0.03171	0.69345	0.04440	0.00846	0.00846	0.01268	0.00529	0.00529
41	0.01095	0.00876	0.00983	0.01005	0.01247	0.00764	0.00752	0.01355	0.02045	0.02580	0.18952	0.15656	0.42259	0.02201	0.01050	0.00304	0.00463	0.04820	0.00839	0.00754
42	0.02663	0.02898	0.02613	0.09418	0.15217	0.29375	0.01898	0.07643	0.14176	0.02832	0.01915	0.02136	0.01508	0.00939	0.00837	0.00255	0.01205	0.00727	0.00557	0.01188
43	0.01257	0.00890	0.01176	0.01176	0.01254	0.00968	0.00809	0.01413	0.01335	0.01858	0.02543	0.04569	0.02677	0.37992	0.35116	0.01123	0.01590	0.01102	0.00498	0.00653
44	0.02059	0.02353	0.05147	0.03676	0.04559	0.02206	0.60735	0.02794	0.02059	0.02794	0.01765	0.02353	0.01324	0.00735	0.01029	0.00294	0.01471	0.01029	0.00441	0.01176
45	0.02331	0.02399	0.03373	0.04868	0.54328	0.12048	0.02522	0.02803	0.02062	0.02738	0.01595	0.02067	0.01341	0.00796	0.00852	0.00254	0.01120	0.00744	0.00435	0.01324
46	0.01365	0.00931	0.01117	0.01054	0.01327	0.00821	0.00796	0.01683	0.02246	0.07966	0.34326	0.09602	0.29665	0.01936	0.01021	0.00285	0.00455	0.01663	0.00904	0.00838
47	0.01063	0.00759	0.01012	0.01215	0.01265	0.00709	0.00810	0.01215	0.01670	0.02227	0.04808	0.68775	0.05769	0.02733	0.01113	0.00354	0.00506	0.02480	0.00810	0.00709
48	0.01100	0.00836	0.00939	0.01001	0.01148	0.00755	0.00674	0.01245	0.01713	0.02152	0.06103	0.26011	0.31044	0.19057	0.01903	0.00450	0.00562	0.01892	0.00740	0.00676
49	0.02604	0.03804	0.22732	0.02793	0.12667	0.30116	0.02334	0.07815	0.02325	0.02724	0.01525	0.01794	0.01188	0.00869	0.00819	0.00250	0.01347	0.00641	0.00455	0.01197
50	0.01222	0.00856	0.00940	0.00937	0.01029	0.00816	0.00580	0.01315	0.01532	0.02013	0.07406	0.06319	0.18405	0.46417	0.03262	0.00653	0.00705	0.01409	0.03578	0.00607
51	0.01222	0.00866	0.00935	0.00977	0.01213	0.00781	0.00743	0.01501	0.01918	0.02592	0.06486	0.13504	0.36157	0.01988	0.00953	0.00289	0.00478	0.07589	0.19050	0.00760
52	0.01874	0.02516	0.15415	0.02590	0.03229	0.07138	0.22620	0.02451	0.01798	0.02458	0.01760	0.02404	0.01457	0.02316	0.17424	0.00573	0.09631	0.00860	0.00427	0.01059
53	0.01723	0.01294	0.01454	0.01339	0.01700	0.01334	0.01026	0.02838	0.24765	0.07685	0.19904	0.08901	0.19192	0.01663	0.00970	0.00291	0.00553	0.01419	0.00896	0.01053
54	0.01193	0.00814	0.00974	0.01047	0.01066	0.00796	0.00631	0.01249	0.01415	0.01887	0.03500	0.28720	0.04119	0.45040	0.03226	0.00666	0.00722	0.01710	0.00631	0.00594
55	0.01098	0.00886	0.00977	0.00954	0.01219	0.00765	0.00716	0.01382	0.02147	0.02734	0.26881	0.07774	0.45269	0.02068	0.01030	0.00288	0.00432	0.01754	0.00860	0.00765
56	0.02756	0.02111	0.02336	0.02049	0.05642	0.02351	0.01563	0.28941	0.30877	0.07557	0.02815	0.02680	0.02059	0.01098	0.00879	0.00278	0.00828	0.00883	0.00867	0.01431
57	0.02146	0.12723	0.20485	0.01788	0.02473	0.11493	0.01797	0.02645	0.02097	0.09883	0.12159	0.08399	0.05891	0.01233	0.00853	0.00261	0.00969	0.00991	0.00617	0.01095
58	0.01669	0.01556	0.02212	0.01969	0.02025	0.02099	0.01612	0.01903	0.01360	0.02072	0.01576	0.02458	0.01520	0.03342	0.25679	0.00751	0.44068	0.00825	0.00413	0.00891
59	0.02506	0.02902	0.05942	0.03024	0.17659	0.24884	0.02073	0.05523	0.02053	0.02489	0.01404	0.01856	0.01209	0.01063	0.01440	0.00285	0.21437	0.00690	0.00440	0.01121
60	0.01154	0.00798	0.00985	0.01097	0.01126	0.00770	0.00685	0.01239	0.01491	0.01988	0.03891	0.40710	0.04613	0.32375	0.02594	0.00573	0.00657	0.01941	0.00685	0.00628
61	0.01809	0.01550	0.01809	0.01292	0.02067	0.01163	0.01034	0.02196	0.01809	0.02842	0.01550	0.01809	0.01292	0.00646	0.00646	0.00129	0.00646	0.00517	0.00517	0.74677
62	0.01406	0.01130	0.01340	0.01261	0.01615	0.01014	0.00964	0.01905	0.07723	0.02693	0.09393	0.21973	0.15502	0.01840	0.00961	0.00279	0.00574	0.08146	0.00755	0.19524
63	0.01173	0.00851	0.01031	0.01060	0.01179	0.00812	0.00717	0.01354	0.01739	0.02318	0.16526	0.19309	0.15891	0.24229	0.07436	0.00571	0.00734	0.01662	0.00722	0.00685
64	0.01048	0.00818	0.00951	0.01058	0.01224	0.00722	0.00740	0.01232	0.01821	0.02288	0.06719	0.40127	0.33183	0.02484	0.01074	0.00326	0.00476	0.02177	0.00810	0.00722
65	0.01246	0.00935	0.01402	0.01402	0.01558	0.01090	0.01090	0.01558	0.01402	0.02025	0.02336	0.03427	0.02181	0.06542	0.65888	0.01402	0.02336	0.00935	0.00467	0.00779
66	0.02395	0.53217	0.04212	0.02153	0.11662	0.09262	0.01691	0.02706	0.01872	0.02182	0.01291	0.01532	0.01160	0.00766	0.00628	0.00201	0.01010	0.00523	0.00389	0.01149
67	0.01750	0.04512	0.64825	0.02486	0.03775	0.02026	0.03223	0.02762	0.01842	0.02762	0.01565	0.01842	0.01105	0.00829	0.00829	0.00276	0.01289	0.00645	0.00368	0.01289
68	0.01161	0.00900	0.01064	0.01054	0.01299	0.00803	0.00811	0.01486	0.02206	0.02894	0.32872	0.07702	0.32715	0.02039	0.01048	0.00297	0.00466	0.07525	0.00877	0.00782
69	0.02133	0.02046	0.03494	0.08494	0.60966	0.02066	0.02664	0.02654	0.01974	0.02818	0.01636	0.02167	0.01371	0.00782	0.00864	0.00261	0.01043	0.00777	0.00430	0.01361
70	0.02216	0.02180	0.03485	0.05193	0.60739	0.05370	0.02626	0.02719	0.02011	0.02813	0.01626	0.02129	0.01368	0.00783	0.00860	0.00257	0.01064	0.00766	0.00433	0.01363
71	0.01056	0.00885	0.00918	0.00910	0.01194	0.00747	0.00682	0.01300	0.02047	0.02497	0.15562	0.08163	0.56736	0.02157	0.01031	0.00292	0.00438	0.01808	0.00829	0.00747
72	0.01515	0.00758	0.01136	0.01136	0.01136	0.00758	0.00758	0.01136	0.01136	0.01515	0.01515	0.02652	0.01515	0.03030	0.03409	0.74621	0.00758	0.00758	0.00379	0.00379
73	0.01268	0.00846	0.00951	0.00951	0.00951	0.00846	0.00529	0.01268	0.01268	0.01691	0.02748	0.05708	0.03171	0.69345	0.04440	0.00846	0.00846	0.01268	0.00529	0.00529
74	0.01368	0.01114	0.01636	0.01565	0.01692	0.01381	0.01241	0.01657	0.01390	0.02039	0.02117	0.03147	0.01990	0.05619	0.54292	0.01214	0.14372	0.00903	0.00452	0.00811
75	0.01060	0.00771	0.01000	0.01182	0.01257	0.00711	0.00795	0.01218	0.01701	0.02239	0.05199	0.62907	0.11384	0.02682	0.01105	0.00348	0.00500	0.02418	0.00810	0.00711
76	0.01060	0.00769	0.01002	0.01188	0.01258	0.00711	0.00798	0.01218	0.01696	0.02237	0.05136	0.63851	0.10482	0.02690	0.01107	0.00349	0.00501	0.02428	0.00810	0.00711
77	0.01873	0.03773	0.46268	0.03355	0.21983	0.02040	0.03058	0.02737	0.01885	0.02789	0.01588	0.01938	0.01189	0.00813	0.00839	0.00271	0.01213	0.00685	0.00388	0.01317
78	0.07113	0.18305	0.02460	0.02056	0.13853	0.01785	0.01360	0.02079	0.01986	0.02815	0.20783	0.15142	0.04142	0.01426	0.00859	0.00263	0.00700	0.01224	0.00653	0.00995
79	0.02853	0.03326	0.02060	0.01891	0.02279	0.49677	0.01418	0.03123	0.02312	0.02413	0.01721	0.01990	0.01400	0.00928	0.00743	0.00219	0.01283	0.00624	0.18780	0.00962
80	0.01217	0.01011	0.01025	0.00975	0.01303	0.00897	0.00744	0.06125	0.02161	0.02613	0.08287	0.07881	0.58487	0.02114	0.01018	0.00292	0.00484	0.01755	0.00815	0.00797
81	0.01825	0.02202	0.14885	0.06773	0.30374	0.01733	0.02386	0.02408	0.01952	0.02729	0.02523	0.04431	0.02418	0.01286	0.00960	0.00307	0.01022	0.18088	0.00530	0.01168
82	0.02776	0.03290	0.02769	0.03026	0.17849	0.40198	0.01966	0.03068	0.02175	0.02307	0.01390	0.01771	0.01191	0.00966	0.01127	0.00258	0.11697	0.00647	0.00435	0.01094
83	0.01703	0.01256	0.01495	0.01457	0.01736	0.01346	0.01135	0.10853	0.11423	0.03066	0.03777	0.20867	0.05959	0.02586	0.10857	0.00481	0.00915	0.10267	0.07858	0.00964
84	0.03258	0.04157	0.02472	0.02247	0.02697	0.65843	0.01685	0.03483	0.02472	0.02135	0.01348	0.01573	0.01124	0.00899	0.00787	0.00225	0.01573	0.00562	0.00449	0.01011
85	0.01272	0.01127	0.01108	0.01065	0.01337	0.05551	0.00799	0.01566	0.02206	0.02774	0.29031	0.07180	0.37949	0.01951	0.01012	0.00282	0.00513	0.01647	0.00841	0.00789
86	0.01246	0.00935	0.01402	0.01402	0.01558	0.01090	0.01090	0.01558	0.01402	0.02025	0.02336	0.03427	0.02181	0.06542	0.65888	0.01402	0.02336	0.00935	0.00467	0.00779
87	0.01432	0.01154	0.01618	0.17672	0.02631	0.01236	0.01357	0.02041	0.07066	0.02982	0.30191	0.05877	0.08455	0.01638	0.01008	0.00303	0.00689	0.10977	0.00777	0.00897
88	0.01809	0.01550	0.01809	0.01292	0.02067	0.01163	0.01034	0.02196	0.01809	0.02842	0.01550	0.01809	0.01292	0.00646	0.00646	0.00129	0.00646	0.00517	0.00517	0.74677
89	0.01424	0.01059	0.01297	0.01225	0.01485	0.00955	0.00910	0.01659	0.01697	0.02368	0.07485	0.09145	0.03675	0.27053	0.02262	0.00489	0.00736	0.15375	0.00641	0.19061
90	0.57546	0.02301	0.01578	0.01421	0.01938	0.17838	0.01129	0.02793	0.01730	0.03471	0.01248	0.01456	0.00989	0.00832	0.00601	0.00259	0.00898	0.00495	0.00517	0.00961
91	0.09461	0.39247	0.03300	0.01513	0.02140	0.02704	0.01371	0.03061	0.13670	0.07639	0.01936	0.02042	0.01568	0.01291	0.05446	0.00312	0.00948	0.00637	0.00555	0.01158
92	0.02772	0.01835	0.01803	0.01562	0.01977	0.13727	0.01207	0.06171	0.02289	0.25857	0.07834	0.04145	0.02893	0.14638	0.01603	0.00387	0.00914	0.06499	0.00801	0.01085
93	0.02321	0.02216	0.03487	0.04581	0.47026	0.04730	0.07223	0.09533	0.02234	0.03098	0.01673	0.02134	0.01369	0.00840	0.00953	0.00266	0.03699	0.00790	0.00483	0.01345
94	0.05901	0.44023	0.08720	0.01668	0.02278	0.02911	0.01630	0.02442	0.01661	0.02211	0.01340	0.01709	0.01215	0.01434	0.07234	0.00345	0.11247	0.00572	0.00392	0.01066

[dist]
# distance from previous block
# <min> <max>
0	1

[block]
# block no. 2 follows, 20 sequences, length 120
# corresponding to MSA columns:
# 144-263
name=unknown_C
#
# <colnr> <probs for GDERKNQSTAVLIFYWHMCP>
#	G	D	E	R	K	N	Q	S	T	A	V	L	I	F	Y	W	H	M	C	P
0	0.03316	0.02443	0.02618	0.02007	0.02705	0.02705	0.01658	0.60995	0.04101	0.05497	0.02094	0.02094	0.01483	0.01047	0.00873	0.00262	0.00960	0.00785	0.00873	0.01483
1	0.01096	0.00820	0.01019	0.01109	0.01254	0.00742	0.00779	0.01326	0.01935	0.02560	0.19721	0.39842	0.19846	0.02384	0.01074	0.00321	0.00469	0.02116	0.00846	0.00742
2	0.01952	0.01861	0.03166	0.30441	0.40437	0.02018	0.02574	0.02495	0.01888	0.02598	0.01604	0.02226	0.01293	0.00816	0.00867	0.00272	0.01088	0.00776	0.00414	0.01214
3	0.01845	0.01335	0.01620	0.01445	0.01692	0.01511	0.01110	0.15765	0.02068	0.02949	0.02338	0.03440	0.02146	0.17075	0.24349	0.00780	0.06498	0.00939	0.10181	0.00913
4	0.01269	0.00915	0.01084	0.01027	0.01292	0.00807	0.00775	0.01595	0.02265	0.05763	0.37456	0.07157	0.31542	0.01933	0.01023	0.00283	0.00439	0.01658	0.00902	0.00816
5	0.01253	0.00907	0.01260	0.01260	0.01366	0.01013	0.00913	0.01466	0.01360	0.01920	0.02466	0.04147	0.02493	0.26355	0.46502	0.01226	0.01866	0.01040	0.00487	0.00700
6	0.01750	0.04512	0.64825	0.02486	0.03775	0.02026	0.03223	0.02762	0.01842	0.02762	0.01565	0.01842	0.01105	0.00829	0.00829	0.00276	0.01289	0.00645	0.00368	0.01289
7	0.01219	0.00891	0.01144	0.01081	0.01294	0.00816	0.00811	0.01616	0.02432	0.03410	0.59228	0.06661	0.12500	0.01816	0.01029	0.00276	0.00414	0.01598	0.00949	0.00816
8	0.01082	0.00889	0.00962	0.01005	0.01267	0.00769	0.00772	0.01321	0.01964	0.02379	0.07951	0.13613	0.51106	0.02279	0.01060	0.00313	0.00494	0.09220	0.00809	0.00743
9	0.01920	0.01785	0.02781	0.33816	0.23880	0.02029	0.02290	0.02869	0.14315	0.02722	0.01992	0.02463	0.01543	0.00906	0.00873	0.00282	0.01025	0.00819	0.00505	0.01187
10	0.03145	0.09495	0.02449	0.01765	0.02350	0.15147	0.01442	0.18080	0.02774	0.22755	0.06760	0.02570	0.02107	0.01289	0.03684	0.00300	0.01035	0.00799	0.00786	0.01269
11	0.02108	0.02099	0.03790	0.04641	0.44989	0.02034	0.16385	0.02668	0.01990	0.02836	0.01663	0.02178	0.01361	0.00757	0.00886	0.00257	0.01110	0.00817	0.00441	0.06990
12	0.02175	0.07820	0.03424	0.04559	0.50617	0.02203	0.02407	0.02927	0.09835	0.02886	0.01853	0.02237	0.01526	0.00828	0.00841	0.00258	0.00982	0.00778	0.00486	0.01359
13	0.01128	0.00917	0.01012	0.01064	0.01304	0.00827	0.00791	0.01468	0.05204	0.02415	0.07280	0.22608	0.42189	0.02293	0.01055	0.00317	0.00497	0.06048	0.00814	0.00770
14	0.02075	0.02038	0.05454	0.07399	0.13942	0.07309	0.01691	0.10802	0.14527	0.03190	0.06596	0.06134	0.12572	0.01285	0.00908	0.00278	0.00872	0.01080	0.00685	0.01164
15	0.02216	0.38806	0.19887	0.01845	0.02650	0.11028	0.01941	0.02684	0.01853	0.02248	0.01410	0.01695	0.01198	0.01235	0.05702	0.00309	0.01218	0.00562	0.00389	0.01124
16	0.01479	0.01222	0.01314	0.01234	0.01557	0.01254	0.00927	0.02488	0.22769	0.02950	0.16312	0.06066	0.27648	0.07373	0.01265	0.00337	0.00556	0.01452	0.00840	0.00956
17	0.01360	0.00875	0.01075	0.01068	0.01167	0.00838	0.00696	0.01513	0.01721	0.05531	0.19145	0.17098	0.04918	0.36038	0.02759	0.00577	0.00665	0.01547	0.00721	0.00688
18	0.12564	0.06174	0.16154	0.03218	0.20944	0.02040	0.14302	0.02610	0.01910	0.02948	0.04523	0.02555	0.01723	0.00907	0.00851	0.00275	0.01081	0.03555	0.00475	0.01189
19	0.02819	0.15578	0.02848	0.02184	0.06929	0.30484	0.01646	0.12894	0.02476	0.02830	0.01577	0.01819	0.01290	0.00929	0.00859	0.00233	0.04662	0.00628	0.06194	0.01121
20	0.01140	0.00894	0.01040	0.01056	0.01299	0.00794	0.00811	0.01437	0.02117	0.02722	0.24408	0.11306	0.36554	0.02135	0.01057	0.00305	0.00481	0.08818	0.00854	0.00769
21	0.01587	0.01382	0.02217	0.02118	0.08706	0.01307	0.13386	0.02106	0.06374	0.05285	0.07427	0.20182	0.20820	0.01735	0.01015	0.00303	0.00762	0.01597	0.00717	0.00972
22	0.02872	0.03606	0.05710	0.03006	0.15461	0.44954	0.06516	0.03232	0.02312	0.02361	0.01450	0.01766	0.01191	0.00858	0.00823	0.00239	0.01442	0.00646	0.00442	0.01113
23	0.02651	0.43480	0.03793	0.01933	0.05392	0.22183	0.01616	0.05703	0.02107	0.02283	0.01317	0.01522	0.01151	0.00808	0.00658	0.00205	0.01132	0.00526	0.00423	0.01117
24	0.12366	0.02361	0.12990	0.01936	0.02589	0.08491	0.11200	0.07298	0.02141	0.05778	0.03586	0.06295	0.16828	0.01268	0.00884	0.00279	0.00968	0.01068	0.00615	0.01057
25	0.02983	0.03636	0.02739	0.03025	0.18011	0.49887	0.01934	0.03281	0.02350	0.02314	0.01421	0.01720	0.01188	0.00868	0.00806	0.00233	0.01439	0.00616	0.00445	0.01104
26	0.01108	0.00887	0.00991	0.00965	0.01226	0.00769	0.00724	0.01402	0.02171	0.02790	0.29572	0.07681	0.42543	0.02047	0.01030	0.00287	0.00430	0.01741	0.00867	0.00769
27	0.02230	0.02518	0.01808	0.01684	0.02036	0.32018	0.01271	0.04909	0.02198	0.02324	0.03709	0.06972	0.18210	0.02267	0.11526	0.00444	0.01318	0.01067	0.00584	0.00905
28	0.07692	0.08171	0.30649	0.03171	0.21862	0.05258	0.02615	0.02713	0.01859	0.02764	0.01505	0.01864	0.01182	0.00843	0.00894	0.00267	0.04377	0.00661	0.00406	0.01249
29	0.05604	0.12934	0.45479	0.02111	0.03155	0.02073	0.02574	0.02596	0.01890	0.02814	0.09018	0.02327	0.01964	0.00932	0.00801	0.00263	0.01101	0.00724	0.00450	0.01191
30	0.01115	0.00901	0.01004	0.01050	0.01310	0.00791	0.00821	0.01376	0.01999	0.02454	0.10458	0.11720	0.46608	0.02254	0.01069	0.00317	0.00513	0.12674	0.00816	0.00752
31	0.02006	0.01917	0.03264	0.23850	0.46602	0.02032	0.02601	0.02543	0.01914	0.02664	0.01614	0.02209	0.01316	0.00806	0.00866	0.00269	0.01074	0.00777	0.00419	0.01258
32	0.02918	0.03307	0.02441	0.02339	0.07061	0.40451	0.01681	0.08487	0.17130	0.02835	0.01967	0.02068	0.01547	0.00972	0.00824	0.00248	0.01268	0.00699	0.00590	0.01167
33	0.01436	0.01103	0.01340	0.01243	0.01511	0.01113	0.00943	0.02290	0.15370	0.03530	0.50535	0.05813	0.07030	0.01654	0.00998	0.00279	0.00472	0.01450	0.00945	0.00943
34	0.01421	0.01020	0.01085	0.01020	0.01369	0.00899	0.00781	0.01818	0.06446	0.09070	0.07876	0.07442	0.52568	0.02014	0.01004	0.00292	0.00492	0.01676	0.00844	0.00863
35	0.01977	0.02454	0.15950	0.04342	0.44865	0.01958	0.02621	0.02575	0.01894	0.02744	0.01699	0.02228	0.01410	0.01402	0.07781	0.00384	0.01227	0.00767	0.00422	0.01298
36	0.02159	0.02073	0.03541	0.05354	0.63903	0.02073	0.02677	0.02677	0.01986	0.02850	0.01641	0.02159	0.01382	0.00777	0.00864	0.00259	0.01036	0.00777	0.00432	0.01382
37	0.01322	0.00977	0.01289	0.01445	0.01666	0.00944	0.01239	0.01683	0.02004	0.02554	0.05563	0.09516	0.18131	0.02365	0.01166	0.00378	0.00722	0.45445	0.00805	0.00788
38	0.60620	0.01843	0.01557	0.01324	0.01897	0.02111	0.01092	0.14613	0.02024	0.04240	0.01396	0.01557	0.01056	0.00859	0.00608	0.00268	0.00734	0.00537	0.00608	0.01056
39	0.01119	0.00804	0.01091	0.01233	0.01302	0.00802	0.00847	0.01293	0.01579	0.02139	0.04104	0.49437	0.04779	0.09103	0.15351	0.00621	0.00929	0.02046	0.00712	0.00709
40	0.03316	0.02443	0.02618	0.02007	0.02705	0.02705	0.01658	0.60995	0.04101	0.05497	0.02094	0.02094	0.01483	0.01047	0.00873	0.00262	0.00960	0.00785	0.00873	0.01483
41	0.02160	0.02057	0.03420	0.05078	0.59146	0.02080	0.02577	0.02828	0.06644	0.02911	0.01788	0.02243	0.01481	0.00809	0.00865	0.00262	0.01010	0.00793	0.00467	0.01382
42	0.01237	0.01015	0.01112	0.01142	0.01394	0.00975	0.00833	0.01824	0.12298	0.02538	0.06654	0.26557	0.34817	0.02197	0.01032	0.00314	0.00505	0.01895	0.00823	0.00839
43	0.03303	0.02813	0.02586	0.02059	0.02703	0.16313	0.01664	0.48600	0.03750	0.04773	0.01933	0.01982	0.01406	0.01015	0.00854	0.00254	0.01092	0.00737	0.00781	0.01382
44	0.01246	0.00935	0.01402	0.01402	0.01558	0.01090	0.01090	0.01558	0.01402	0.02025	0.02336	0.03427	0.02181	0.06542	0.65888	0.01402	0.02336	0.00935	0.00467	0.00779
45	0.01259	0.00883	0.01141	0.01141	0.01207	0.00949	0.00765	0.01390	0.01325	0.01832	0.02575	0.04746	0.02753	0.42859	0.30354	0.01080	0.01474	0.01128	0.00503	0.00634
46	0.01268	0.00846	0.00951	0.00951	0.00951	0.00846	0.00529	0.01268	0.01268	0.01691	0.02748	0.05708	0.03171	0.69345	0.04440	0.00846	0.00846	0.01268	0.00529	0.00529
47	0.02034	0.15995	0.02292	0.01637	0.04593	0.14730	0.01259	0.05053	0.08597	0.02634	0.08801	0.04340	0.21938	0.01389	0.00855	0.00254	0.00844	0.01096	0.00654	0.01007
48	0.01093	0.00889	0.00979	0.01032	0.01286	0.00775	0.00794	0.01335	0.01957	0.02382	0.07748	0.15051	0.48248	0.02296	0.01067	0.00318	0.00505	0.10691	0.00809	0.00744
49	0.02059	0.02353	0.05147	0.03676	0.04559	0.02206	0.60735	0.02794	0.02059	0.02794	0.01765	0.02353	0.01324	0.00735	0.01029	0.00294	0.01471	0.01029	0.00441	0.01176
50	0.02250	0.02246	0.03452	0.05095	0.58804	0.07385	0.02594	0.02744	0.02027	0.02790	0.01616	0.02110	0.01360	0.00787	0.00857	0.00256	0.01081	0.00759	0.00433	0.01351
51	0.02224	0.16568	0.11790	0.03782	0.33197	0.07675	0.07365	0.02752	0.01970	0.02610	0.01529	0.01929	0.01265	0.00784	0.00804	0.00246	0.01130	0.00699	0.00414	0.01267
52	0.01197	0.00916	0.01244	0.01244	0.01420	0.00987	0.00945	0.01462	0.01531	0.02078	0.03917	0.04787	0.16881	0.10357	0.45690	0.01095	0.01770	0.01176	0.00554	0.00749
53	0.01062	0.00877	0.00936	0.00965	0.01225	0.00751	0.00723	0.01293	0.01975	0.02402	0.10385	0.14824	0.52126	0.02258	0.01049	0.00306	0.00466	0.04821	0.00816	0.00740
54	0.03023	0.03744	0.02582	0.02511	0.07752	0.53803	0.01792	0.03269	0.02310	0.02191	0.01351	0.01658	0.01147	0.00956	0.01014	0.00244	0.08576	0.00601	0.00441	0.01036
55	0.01974	0.06223	0.19733	0.06105	0.22020	0.02267	0.10159	0.02574	0.01802	0.02598	0.01509	0.02016	0.01230	0.00942	0.01273	0.00291	0.14916	0.00756	0.00401	0.01212
56	0.01639	0.01405	0.01469	0.01362	0.01757	0.01494	0.01047	0.03049	0.33762	0.03085	0.08378	0.05610	0.29154	0.01651	0.00955	0.00294	0.00571	0.01380	0.00857	0.01079
57	0.12329	0.01858	0.02051	0.02127	0.12508	0.04605	0.01410	0.21874	0.02574	0.03631	0.03324	0.03674	0.14355	0.08475	0.01234	0.00330	0.00841	0.01001	0.00684	0.01116
58	0.02450	0.02476	0.03479	0.09230	0.29167	0.15182	0.14862	0.02946	0.02119	0.07139	0.01731	0.02153	0.01354	0.00823	0.00885	0.00263	0.01230	0.00794	0.00481	0.01234
59	0.01840	0.01323	0.01626	0.01604	0.01893	0.01386	0.01334	0.15830	0.02396	0.03160	0.03736	0.07373	0.03900	0.12137	0.01611	0.00435	0.00847	0.35866	0.00778	0.00924
60	0.02520	0.01469	0.01767	0.01542	0.01989	0.01471	0.01219	0.14859	0.08927	0.21702	0.04003	0.19420	0.07881	0.01662	0.00969	0.00303	0.00707	0.05498	0.00911	0.01181
61	0.02003	0.03898	0.49074	0.02315	0.03425	0.02090	0.02780	0.12456	0.04675	0.03286	0.04549	0.02153	0.01555	0.00923	0.00847	0.00275	0.01170	0.00724	0.00500	0.01304
62	0.01268	0.00846	0.00951	0.00951	0.00951	0.00846	0.00529	0.01268	0.01268	0.01691	0.02748	0.05708	0.03171	0.69345	0.04440	0.00846	0.00846	0.01268	0.00529	0.00529
63	0.01217	0.00866	0.01216	0.01280	0.01399	0.00939	0.00942	0.01471	0.01512	0.02163	0.03172	0.24131	0.03361	0.07724	0.37961	0.00959	0.01552	0.01428	0.05959	0.00748
64	0.01809	0.01550	0.01809	0.01292	0.02067	0.01163	0.01034	0.02196	0.01809	0.02842	0.01550	0.01809	0.01292	0.00646	0.00646	0.00129	0.00646	0.00517	0.00517	0.74677
65	0.02022	0.01933	0.03294	0.21877	0.48448	0.02037	0.02609	0.02557	0.01922	0.02684	0.01617	0.02203	0.01323	0.00803	0.00866	0.00268	0.01070	0.00777	0.00420	0.01272
66	0.02159	0.02073	0.03541	0.05354	0.63903	0.02073	0.02677	0.02677	0.01986	0.02850	0.01641	0.02159	0.01382	0.00777	0.00864	0.00259	0.01036	0.00777	0.00432	0.01382
67	0.03175	0.02307	0.02467	0.01908	0.02564	0.02547	0.01571	0.56083	0.03912	0.05310	0.02157	0.02191	0.01546	0.01045	0.00851	0.00257	0.00914	0.00788	0.06980	0.01428
68	0.01822	0.07188	0.54614	0.02438	0.03623	0.02110	0.05524	0.02902	0.06517	0.02800	0.01711	0.01953	0.01235	0.00848	0.00830	0.00274	0.01235	0.00680	0.00412	0.01284
69	0.01172	0.00898	0.01062	0.01087	0.01306	0.00814	0.00830	0.01454	0.02048	0.02649	0.22253	0.10633	0.30789	0.07744	0.01348	0.00356	0.00532	0.11445	0.00826	0.00753
70	0.17706	0.02820	0.02073	0.01867	0.02239	0.32495	0.01438	0.05817	0.02068	0.02650	0.01598	0.04841	0.01459	0.04616	0.04155	0.00345	0.09628	0.00716	0.00502	0.00968
71	0.01808	0.01715	0.02907	0.47764	0.24234	0.01980	0.02503	0.02370	0.01820	0.02424	0.01579	0.02273	0.01232	0.00842	0.00869	0.00281	0.01123	0.00776	0.00402	0.01099
72	0.01966	0.01995	0.03751	0.24356	0.27081	0.02072	0.20752	0.02572	0.01933	0.02636	0.01651	0.02272	0.01294	0.00794	0.00918	0.00280	0.01212	0.00855	0.00421	0.01187
73	0.01749	0.01257	0.01503	0.01358	0.01578	0.01373	0.00991	0.15600	0.01989	0.02713	0.02451	0.04062	0.02428	0.31463	0.24730	0.00898	0.01386	0.01038	0.00589	0.00842
74	0.02785	0.15415	0.11731	0.02154	0.02741	0.41346	0.01887	0.03129	0.02178	0.02207	0.01341	0.01606	0.01122	0.00908	0.00905	0.00237	0.06252	0.00572	0.00420	0.01065
75	0.01071	0.00872	0.00933	0.00941	0.01190	0.00750	0.00689	0.01299	0.01987	0.02456	0.15032	0.13059	0.48891	0.05457	0.01203	0.00324	0.00463	0.01833	0.00815	0.00735
76	0.01809	0.01715	0.02908	0.47722	0.24273	0.01980	0.02503	0.02370	0.01821	0.02425	0.01579	0.02273	0.01232	0.00842	0.00869	0.00281	0.01123	0.00776	0.00402	0.01099
77	0.01201	0.00887	0.01160	0.01274	0.01322	0.00914	0.00884	0.01344	0.01586	0.02133	0.04065	0.45112	0.04790	0.16969	0.01973	0.00466	0.05794	0.06714	0.00716	0.00697
78	0.01527	0.01106	0.01343	0.01378	0.01562	0.01120	0.00985	0.13542	0.02171	0.02901	0.04248	0.55025	0.04885	0.02385	0.01064	0.00335	0.00600	0.02130	0.00823	0.00868
79	0.02464	0.02764	0.02887	0.19686	0.25201	0.27200	0.02222	0.02882	0.02117	0.02412	0.01503	0.01970	0.01225	0.00849	0.00835	0.00253	0.01280	0.00692	0.00428	0.01132
80	0.01059	0.00775	0.00996	0.01173	0.01254	0.00712	0.00791	0.01219	0.01710	0.02243	0.05311	0.61227	0.12992	0.02667	0.01103	0.00347	0.00498	0.02400	0.00810	0.00712
81	0.01246	0.00935	0.01402	0.01402	0.01558	0.01090	0.01090	0.01558	0.01402	0.02025	0.02336	0.03427	0.02181	0.06542	0.65888	0.01402	0.02336	0.00935	0.00467	0.00779
82	0.02196	0.02191	0.03353	0.11687	0.52639	0.07371	0.02567	0.02696	0.02001	0.02724	0.01607	0.02128	0.01337	0.00797	0.00858	0.00260	0.01094	0.00759	0.00429	0.01307
83	0.02140	0.02126	0.03846	0.05035	0.52633	0.02098	0.13703	0.02699	0.02000	0.02839	0.01664	0.02196	0.01371	0.00769	0.00895	0.00266	0.01119	0.00825	0.00434	0.01343
84	0.02170	0.01874	0.01972	0.01775	0.02268	0.02170	0.01381	0.04635	0.62327	0.03649	0.03550	0.03254	0.02663	0.01183	0.00888	0.00296	0.00690	0.00986	0.00888	0.01381
85	0.03403	0.02284	0.02361	0.01871	0.02517	0.09229	0.01519	0.32039	0.08230	0.23587	0.02557	0.02408	0.01754	0.01052	0.00866	0.00263	0.00937	0.00806	0.00892	0.01423
86	0.01063	0.00759	0.01012	0.01215	0.01265	0.00709	0.00810	0.01215	0.01670	0.02227	0.04808	0.68775	0.05769	0.02733	0.01113	0.00354	0.00506	0.02480	0.00810	0.00709
87	0.01063	0.00759	0.01012	0.01215	0.01265	0.00709	0.00810	0.01215	0.01670	0.02227	0.04808	0.68775	0.05769	0.02733	0.01113	0.00354	0.00506	0.02480	0.00810	0.00709
88	0.02387	0.55638	0.10158	0.01680	0.02443	0.10811	0.01683	0.02731	0.01863	0.02131	0.01263	0.01463	0.01119	0.00773	0.00613	0.00200	0.01044	0.00495	0.00382	0.01123
89	0.03196	0.03113	0.02635	0.02384	0.07800	0.28477	0.01754	0.32613	0.03259	0.03901	0.01751	0.01886	0.01328	0.00964	0.00837	0.00246	0.01217	0.00693	0.00663	0.01282
90	0.08014	0.17754	0.47107	0.02170	0.03285	0.02314	0.02676	0.02715	0.01798	0.02712	0.01463	0.01715	0.01095	0.00810	0.00749	0.00257	0.01164	0.00593	0.00384	0.01225
91	0.02399	0.02602	0.03013	0.04075	0.40696	0.21024	0.02223	0.02806	0.02131	0.02597	0.02117	0.02473	0.06178	0.00926	0.00854	0.00252	0.01150	0.00796	0.00467	0.01220
92	0.02205	0.02733	0.11408	0.03684	0.23710	0.12791	0.19573	0.02791	0.02073	0.02683	0.01848	0.02670	0.01567	0.00918	0.00921	0.00277	0.01269	0.05218	0.00458	0.01202
93	0.03086	0.03870	0.02497	0.02253	0.02645	0.57768	0.01714	0.03306	0.02327	0.02130	0.01322	0.01616	0.01126	0.00979	0.01052	0.00245	0.10031	0.00588	0.00441	0.01004
94	0.02097	0.02039	0.03566	0.11816	0.53157	0.02069	0.07131	0.02638	0.01966	0.02779	0.01641	0.02192	0.01354	0.00784	0.00877	0.00265	0.01083	0.00796	0.00428	0.01322
95	0.02176	0.03739	0.35202	0.03011	0.13277	0.13039	0.08927	0.05428	0.02095	0.02792	0.01585	0.01912	0.01192	0.00832	0.00850	0.00266	0.01302	0.00699	0.00422	0.01253
96	0.02808	0.24869	0.03068	0.01851	0.02439	0.27240	0.01542	0.15433	0.02561	0.02849	0.02012	0.02127	0.05756	0.00977	0.00749	0.00225	0.01151	0.00672	0.00542	0.01128
97	0.01247	0.00855	0.00979	0.00979	0.01015	0.00854	0.00581	0.01288	0.01338	0.01771	0.03226	0.05766	0.08129	0.59168	0.08641	0.00840	0.00921	0.01292	0.00548	0.00564
98	0.01565	0.01429	0.02186	0.02670	0.20270	0.01507	0.03935	0.01869	0.01782	0.02438	0.03854	0.24261	0.13882	0.01774	0.01311	0.00317	0.11852	0.01513	0.00611	0.00974
