[name]
unknown

[dist]
# distance from previous block
# <min> <max>
0	1

[block]
# block no. 0 follows, 22 sequences, length 43
# corresponding to MSA columns:
# 1-43
name=unknown_A
#
# <colnr> <probs for GDERKNQSTAVLIFYWHMCP>
#	G	D	E	R	K	N	Q	S	T	A	V	L	I	F	Y	W	H	M	C	P
0	0.01305	0.00932	0.01300	0.01492	0.01668	0.00927	0.01280	0.01663	0.01879	0.02449	0.04417	0.15636	0.04854	0.02327	0.01138	0.00378	0.00736	0.54097	0.00766	0.00756
1	0.08884	0.01149	0.06744	0.01236	0.01462	0.00926	0.00987	0.01491	0.01721	0.02545	0.14687	0.45843	0.05049	0.02096	0.00966	0.00309	0.00548	0.01860	0.00733	0.00766
2	0.02373	0.59685	0.04008	0.01545	0.02207	0.14360	0.01453	0.02631	0.01803	0.01968	0.01177	0.01361	0.01067	0.00736	0.00570	0.00184	0.00994	0.00460	0.00368	0.01048
3	0.01966	0.01836	0.02945	0.04269	0.51900	0.01840	0.02208	0.05043	0.04668	0.02795	0.02539	0.02860	0.09579	0.00943	0.00844	0.00253	0.00897	0.00879	0.00494	0.01241
4	0.25016	0.01140	0.01149	0.01082	0.01407	0.01185	0.00849	0.01931	0.05130	0.03228	0.28624	0.04993	0.15390	0.01479	0.00835	0.00271	0.00509	0.04197	0.00752	0.00832
5	0.01979	0.01883	0.03198	0.09298	0.58274	0.01906	0.02445	0.02471	0.01899	0.02704	0.04729	0.02274	0.01627	0.00794	0.00831	0.00250	0.00966	0.00778	0.00433	0.01262
6	0.01666	0.04297	0.66500	0.02368	0.03596	0.01929	0.03069	0.02631	0.01754	0.02631	0.01491	0.01754	0.01052	0.00789	0.00789	0.00263	0.01228	0.00614	0.00351	0.01228
7	0.02221	0.71304	0.04353	0.01421	0.02132	0.03287	0.01421	0.02488	0.01688	0.01955	0.01155	0.01333	0.01066	0.00711	0.00533	0.00178	0.00888	0.00444	0.00355	0.01066
8	0.03222	0.02311	0.06586	0.01754	0.02370	0.15719	0.01484	0.15287	0.02598	0.33241	0.02528	0.05175	0.01794	0.01036	0.00822	0.00250	0.00944	0.00803	0.00802	0.01273
9	0.01034	0.00800	0.00901	0.00957	0.01121	0.00712	0.00662	0.01201	0.01721	0.02164	0.09070	0.26640	0.35021	0.12385	0.01485	0.00375	0.00495	0.01848	0.00739	0.00668
10	0.01000	0.00769	0.00916	0.01033	0.01173	0.00685	0.00716	0.01171	0.01709	0.02169	0.06081	0.45887	0.28900	0.02407	0.01030	0.00315	0.00458	0.02124	0.00771	0.00685
11	0.01961	0.02241	0.04902	0.03501	0.04342	0.02101	0.62605	0.02661	0.01961	0.02661	0.01681	0.02241	0.01261	0.00700	0.00980	0.00280	0.01401	0.00980	0.00420	0.01120
12	0.03125	0.03304	0.02410	0.02048	0.02571	0.41405	0.01595	0.27230	0.02977	0.03319	0.01569	0.01698	0.01208	0.00913	0.00782	0.00228	0.01264	0.00621	0.00590	0.01144
13	0.02356	0.01484	0.01704	0.01486	0.01964	0.01544	0.01181	0.03665	0.32802	0.21971	0.04191	0.04100	0.12357	0.01309	0.00879	0.00279	0.00640	0.03983	0.00884	0.01221
14	0.01116	0.00767	0.00933	0.01024	0.01047	0.00744	0.00630	0.01184	0.01388	0.01851	0.03542	0.35988	0.04186	0.38662	0.02735	0.00585	0.00653	0.01752	0.00630	0.00584
15	0.01961	0.02241	0.04902	0.03501	0.04342	0.02101	0.62605	0.02661	0.01961	0.02661	0.01681	0.02241	0.01261	0.00700	0.00980	0.00280	0.01401	0.00980	0.00420	0.01120
16	0.00982	0.00842	0.00842	0.00842	0.01122	0.00701	0.00631	0.01192	0.01894	0.02244	0.08416	0.07995	0.65285	0.02104	0.00982	0.00281	0.00421	0.01753	0.00771	0.00701
17	0.01549	0.00774	0.00774	0.00774	0.00968	0.00774	0.00581	0.01936	0.01742	0.03097	0.02710	0.03097	0.02129	0.00968	0.00581	0.00194	0.00387	0.00774	0.75416	0.00774
18	0.01012	0.00723	0.00964	0.01157	0.01205	0.00675	0.00771	0.01157	0.01591	0.02121	0.04579	0.70262	0.05495	0.02603	0.01060	0.00337	0.00482	0.02362	0.00771	0.00675
19	0.01877	0.01791	0.03048	0.28568	0.43556	0.01927	0.02460	0.02392	0.01807	0.02496	0.01531	0.02115	0.01239	0.00773	0.00825	0.00258	0.01031	0.00739	0.00396	0.01171
20	0.01945	0.01861	0.03172	0.19580	0.52007	0.01945	0.02494	0.02452	0.01839	0.02580	0.01543	0.02092	0.01269	0.00761	0.00824	0.00254	0.01014	0.00740	0.00402	0.01227
21	0.01766	0.04274	0.62034	0.02352	0.03524	0.06493	0.02967	0.02679	0.01796	0.02589	0.01476	0.01736	0.01054	0.00794	0.00786	0.00260	0.01247	0.00608	0.00356	0.01209
22	0.08867	0.03496	0.48095	0.02080	0.03130	0.01786	0.02515	0.02888	0.01844	0.15020	0.01806	0.01925	0.01233	0.00834	0.00773	0.00261	0.01074	0.00642	0.00497	0.01234
23	0.06691	0.01529	0.01826	0.01439	0.02001	0.01498	0.01178	0.17720	0.02586	0.37399	0.02768	0.02605	0.01859	0.00998	0.00774	0.00244	0.00697	0.00785	0.14127	0.01276
24	0.03123	0.03358	0.02405	0.02056	0.02571	0.43564	0.01596	0.25249	0.02926	0.03213	0.01546	0.01681	0.01196	0.00908	0.00779	0.00227	0.01283	0.00613	0.00576	0.01129
25	0.03052	0.03732	0.02339	0.02101	0.02547	0.59529	0.01588	0.07488	0.05727	0.02331	0.01444	0.01617	0.01171	0.00880	0.00760	0.00220	0.01413	0.00571	0.00478	0.01013
26	0.02593	0.02001	0.01891	0.01635	0.02128	0.13313	0.01281	0.06687	0.28107	0.18594	0.03473	0.03236	0.09054	0.01157	0.00840	0.00262	0.00805	0.00923	0.00808	0.01214
27	0.02056	0.01974	0.03372	0.05099	0.65622	0.01974	0.02550	0.02550	0.01892	0.02714	0.01563	0.02056	0.01316	0.00740	0.00822	0.00247	0.00987	0.00740	0.00411	0.01316
28	0.01209	0.00889	0.01064	0.01043	0.01219	0.00838	0.00743	0.04291	0.02011	0.02709	0.29919	0.17567	0.17536	0.13418	0.01529	0.00369	0.00507	0.01618	0.00789	0.00732
29	0.01533	0.01400	0.02000	0.01800	0.01867	0.01866	0.01467	0.01767	0.01301	0.01967	0.01601	0.02469	0.01535	0.03605	0.31901	0.00801	0.39086	0.00800	0.00400	0.00834
30	0.01012	0.00723	0.00964	0.01157	0.01205	0.00675	0.00771	0.01157	0.01591	0.02121	0.04579	0.70262	0.05495	0.02603	0.01060	0.00337	0.00482	0.02362	0.00771	0.00675
31	0.01666	0.04297	0.66500	0.02368	0.03596	0.01929	0.03069	0.02631	0.01754	0.02631	0.01491	0.01754	0.01052	0.00789	0.00789	0.00263	0.01228	0.00614	0.00351	0.01228
32	0.02983	0.02240	0.02394	0.01876	0.02509	0.02494	0.01537	0.53471	0.13573	0.04953	0.02217	0.02172	0.01593	0.01018	0.00833	0.00255	0.00873	0.00779	0.00833	0.01397
33	0.01187	0.00890	0.01335	0.01335	0.01483	0.01038	0.01038	0.01483	0.01335	0.01928	0.02225	0.03264	0.02077	0.06231	0.67512	0.01335	0.02225	0.00890	0.00445	0.00742
34	0.01722	0.03487	0.50462	0.02072	0.03077	0.01678	0.02537	0.02541	0.01903	0.07146	0.12891	0.02616	0.02323	0.00967	0.00826	0.00262	0.01044	0.00786	0.00497	0.01162
35	0.02235	0.02353	0.03071	0.10443	0.46482	0.16004	0.02324	0.02674	0.01969	0.02513	0.01495	0.01951	0.01244	0.00774	0.00807	0.00243	0.01108	0.00696	0.00411	0.01203
36	0.01666	0.04297	0.66500	0.02368	0.03596	0.01929	0.03069	0.02631	0.01754	0.02631	0.01491	0.01754	0.01052	0.00789	0.00789	0.00263	0.01228	0.00614	0.00351	0.01228
37	0.01012	0.00723	0.00964	0.01157	0.01205	0.00675	0.00771	0.01157	0.01591	0.02121	0.04579	0.70262	0.05495	0.02603	0.01060	0.00337	0.00482	0.02362	0.00771	0.00675
38	0.02181	0.02051	0.02888	0.13715	0.38391	0.07132	0.02186	0.11907	0.02209	0.02941	0.01958	0.02340	0.04662	0.00875	0.00828	0.00251	0.01004	0.00779	0.00491	0.01212
39	0.01722	0.03926	0.55668	0.02637	0.06471	0.01954	0.10782	0.02631	0.01787	0.02639	0.01519	0.01831	0.01091	0.00776	0.00816	0.00265	0.01239	0.00667	0.00363	0.01218
40	0.02912	0.03170	0.02225	0.01975	0.02444	0.43353	0.01510	0.07765	0.16651	0.07019	0.01953	0.01992	0.01499	0.00940	0.00783	0.00235	0.01210	0.00663	0.00593	0.01106
41	0.02966	0.03506	0.05844	0.02312	0.07014	0.46220	0.01743	0.15360	0.02606	0.02765	0.01459	0.01652	0.01156	0.00873	0.00773	0.00226	0.01329	0.00597	0.00505	0.01093
42	0.01903	0.17949	0.34150	0.02602	0.14757	0.02244	0.02423	0.02783	0.08700	0.02595	0.01642	0.01870	0.01270	0.00801	0.00747	0.00244	0.01046	0.00637	0.00418	0.01219

[dist]
# distance from previous block
# <min> <max>
2	6

[block]
# block no. 1 follows, 22 sequences, length 119
# corresponding to MSA columns:
# 50-168
name=unknown_B
#
# <colnr> <probs for GDERKNQSTAVLIFYWHMCP>
#	G	D	E	R	K	N	Q	S	T	A	V	L	I	F	Y	W	H	M	C	P
0	0.01280	0.00928	0.01256	0.01230	0.01357	0.01036	0.00900	0.04112	0.01410	0.01978	0.02334	0.03867	0.02334	0.25598	0.45358	0.01126	0.01736	0.00980	0.00480	0.00699
1	0.01089	0.00755	0.00941	0.01058	0.01087	0.00726	0.00666	0.01177	0.01440	0.01920	0.03808	0.44787	0.04522	0.29404	0.02305	0.00521	0.00609	0.01908	0.00666	0.00607
2	0.01669	0.01803	0.06349	0.11030	0.15319	0.01665	0.24765	0.02180	0.01804	0.02463	0.02382	0.19957	0.02349	0.01225	0.00944	0.00287	0.01038	0.01248	0.00501	0.01023
3	0.01062	0.00840	0.00956	0.00938	0.01174	0.00734	0.00699	0.01344	0.02068	0.02683	0.31453	0.09820	0.39358	0.01959	0.00984	0.00275	0.00412	0.01676	0.00830	0.00734
4	0.02120	0.59066	0.15703	0.01594	0.02399	0.03039	0.01722	0.02514	0.01700	0.02078	0.01216	0.01410	0.01064	0.00725	0.00580	0.00193	0.00950	0.00475	0.00355	0.01096
5	0.02995	0.03785	0.02296	0.02095	0.02507	0.63705	0.01573	0.03213	0.02296	0.02027	0.01337	0.01598	0.01127	0.01161	0.04532	0.00278	0.01539	0.00555	0.00429	0.00951
6	0.01005	0.00750	0.00936	0.01085	0.01186	0.00681	0.00739	0.01165	0.01660	0.02149	0.05456	0.56028	0.19163	0.02489	0.01042	0.00324	0.00468	0.02223	0.00771	0.00681
7	0.01187	0.00890	0.01335	0.01335	0.01483	0.01038	0.01038	0.01483	0.01335	0.01928	0.02225	0.03264	0.02077	0.06231	0.67512	0.01335	0.02225	0.00890	0.00445	0.00742
8	0.01208	0.00805	0.00906	0.00906	0.00906	0.00805	0.00503	0.01208	0.01208	0.01611	0.02618	0.05436	0.03020	0.70804	0.04228	0.00805	0.00805	0.01208	0.00503	0.00503
9	0.00997	0.00834	0.00851	0.00861	0.01113	0.00706	0.00631	0.01191	0.01838	0.02201	0.07887	0.10892	0.58698	0.06167	0.01177	0.00314	0.00446	0.01751	0.00756	0.00688
10	0.01012	0.00723	0.00964	0.01157	0.01205	0.00675	0.00771	0.01157	0.01591	0.02121	0.04579	0.70262	0.05495	0.02603	0.01060	0.00337	0.00482	0.02362	0.00771	0.00675
11	0.01007	0.00741	0.00945	0.01108	0.01192	0.00679	0.00750	0.01162	0.01637	0.02140	0.05170	0.60666	0.14709	0.02526	0.01048	0.00329	0.00473	0.02268	0.00771	0.00679
12	0.01818	0.01818	0.02545	0.02181	0.02181	0.02545	0.01818	0.01999	0.01272	0.01999	0.01091	0.01818	0.01091	0.01454	0.02726	0.00364	0.69284	0.00727	0.00364	0.00909
13	0.02056	0.01974	0.03372	0.05099	0.65622	0.01974	0.02550	0.02550	0.01892	0.02714	0.01563	0.02056	0.01316	0.00740	0.00822	0.00247	0.00987	0.00740	0.00411	0.01316
14	0.00982	0.00842	0.00842	0.00842	0.01122	0.00701	0.00631	0.01192	0.01894	0.02244	0.08416	0.07995	0.65285	0.02104	0.00982	0.00281	0.00421	0.01753	0.00771	0.00701
15	0.07712	0.01663	0.02036	0.01569	0.02211	0.01612	0.01296	0.19327	0.02723	0.46724	0.02822	0.02526	0.01823	0.01006	0.00816	0.00255	0.00757	0.00791	0.00948	0.01384
16	0.01883	0.23014	0.02492	0.01472	0.01893	0.02029	0.01260	0.13479	0.01934	0.02566	0.01849	0.02423	0.01637	0.03521	0.34032	0.00769	0.01561	0.00725	0.00491	0.00970
17	0.01012	0.00723	0.00964	0.01157	0.01205	0.00675	0.00771	0.01157	0.01591	0.02121	0.04579	0.70262	0.05495	0.02603	0.01060	0.00337	0.00482	0.02362	0.00771	0.00675
18	0.01741	0.01705	0.02398	0.02079	0.02097	0.02362	0.01723	0.01937	0.01280	0.01991	0.01228	0.01992	0.01210	0.02031	0.10557	0.00481	0.61178	0.00747	0.00373	0.00889
19	0.01957	0.01873	0.03194	0.18006	0.53487	0.01948	0.02500	0.02463	0.01845	0.02594	0.01545	0.02088	0.01274	0.00759	0.00824	0.00253	0.01011	0.00740	0.00403	0.01236
20	0.02015	0.02266	0.04488	0.03537	0.10741	0.05072	0.49929	0.02641	0.01932	0.02601	0.01617	0.02163	0.01248	0.00754	0.01052	0.00278	0.05207	0.00920	0.00416	0.01122
21	0.02056	0.01974	0.03372	0.05099	0.65622	0.01974	0.02550	0.02550	0.01892	0.02714	0.01563	0.02056	0.01316	0.00740	0.00822	0.00247	0.00987	0.00740	0.00411	0.01316
22	0.02056	0.01974	0.03372	0.05099	0.65622	0.01974	0.02550	0.02550	0.01892	0.02714	0.01563	0.02056	0.01316	0.00740	0.00822	0.00247	0.00987	0.00740	0.00411	0.01316
23	0.03103	0.03959	0.02354	0.02140	0.02568	0.67469	0.01605	0.03317	0.02354	0.02033	0.01284	0.01498	0.01070	0.00856	0.00749	0.00214	0.01498	0.00535	0.00428	0.00963
24	0.01549	0.00774	0.00774	0.00774	0.00968	0.00774	0.00581	0.01936	0.01742	0.03097	0.02710	0.03097	0.02129	0.00968	0.00581	0.00194	0.00387	0.00774	0.75416	0.00774
25	0.01012	0.00723	0.00964	0.01157	0.01205	0.00675	0.00771	0.01157	0.01591	0.02121	0.04579	0.70262	0.05495	0.02603	0.01060	0.00337	0.00482	0.02362	0.00771	0.00675
26	0.02861	0.02179	0.02326	0.01851	0.02463	0.02437	0.01507	0.46951	0.20290	0.04757	0.02372	0.02295	0.01718	0.01033	0.00835	0.00258	0.00844	0.00800	0.00835	0.01386
27	0.01187	0.00890	0.01335	0.01335	0.01483	0.01038	0.01038	0.01483	0.01335	0.01928	0.02225	0.03264	0.02077	0.06231	0.67512	0.01335	0.02225	0.00890	0.00445	0.00742
28	0.01012	0.00723	0.00964	0.01157	0.01205	0.00675	0.00771	0.01157	0.01591	0.02121	0.04579	0.70262	0.05495	0.02603	0.01060	0.00337	0.00482	0.02362	0.00771	0.00675
29	0.01549	0.00774	0.00774	0.00774	0.00968	0.00774	0.00581	0.01936	0.01742	0.03097	0.02710	0.03097	0.02129	0.00968	0.00581	0.00194	0.00387	0.00774	0.75416	0.00774
30	0.03158	0.02327	0.02493	0.01911	0.02576	0.02576	0.01579	0.62852	0.03906	0.05236	0.01995	0.01995	0.01413	0.00997	0.00831	0.00249	0.00914	0.00748	0.00831	0.01413
31	0.01549	0.00774	0.00774	0.00774	0.00968	0.00774	0.00581	0.01936	0.01742	0.03097	0.02710	0.03097	0.02129	0.00968	0.00581	0.00194	0.00387	0.00774	0.75416	0.00774
32	0.02950	0.01828	0.02091	0.01647	0.02195	0.01930	0.01327	0.36961	0.03043	0.19980	0.02407	0.02695	0.01808	0.09751	0.05163	0.00382	0.00926	0.00834	0.00818	0.01264
33	0.02462	0.01500	0.01801	0.01501	0.01960	0.01522	0.01225	0.23252	0.02840	0.18283	0.21905	0.04365	0.03933	0.01376	0.00916	0.00271	0.00689	0.08165	0.00894	0.01142
34	0.01569	0.01477	0.02492	0.68808	0.05722	0.01846	0.02307	0.02123	0.01661	0.02123	0.01477	0.02215	0.01107	0.00831	0.00831	0.00277	0.01107	0.00738	0.00369	0.00923
35	0.01012	0.00723	0.00964	0.01157	0.01205	0.00675	0.00771	0.01157	0.01591	0.02121	0.04579	0.70262	0.05495	0.02603	0.01060	0.00337	0.00482	0.02362	0.00771	0.00675
36	0.02031	0.01737	0.02711	0.02107	0.02630	0.01753	0.20280	0.21559	0.02605	0.03536	0.15123	0.14147	0.03338	0.01311	0.00945	0.00276	0.00889	0.01238	0.00710	0.01073
37	0.02221	0.71304	0.04353	0.01421	0.02132	0.03287	0.01421	0.02488	0.01688	0.01955	0.01155	0.01333	0.01066	0.00711	0.00533	0.00178	0.00888	0.00444	0.00355	0.01066
38	0.01989	0.01905	0.03251	0.13858	0.57386	0.01956	0.02516	0.02491	0.01860	0.02633	0.01551	0.02078	0.01287	0.00753	0.00824	0.00251	0.01003	0.00740	0.00405	0.01262
39	0.02825	0.02831	0.02305	0.01978	0.02439	0.29913	0.01552	0.18463	0.13778	0.05763	0.01905	0.02000	0.01464	0.01009	0.00992	0.00252	0.08061	0.00694	0.00624	0.01153
40	0.01092	0.00763	0.00934	0.01037	0.01077	0.00730	0.00653	0.01180	0.01447	0.01916	0.03957	0.40329	0.07439	0.30817	0.02368	0.00528	0.00613	0.01854	0.00660	0.00605
41	0.01198	0.00847	0.01115	0.01115	0.01188	0.00919	0.00764	0.01342	0.01270	0.01766	0.02426	0.04376	0.02560	0.39301	0.35102	0.01064	0.01498	0.01053	0.00475	0.00620
42	0.02056	0.01974	0.03372	0.05099	0.65622	0.01974	0.02550	0.02550	0.01892	0.02714	0.01563	0.02056	0.01316	0.00740	0.00822	0.00247	0.00987	0.00740	0.00411	0.01316
43	0.21016	0.02001	0.01973	0.01674	0.02048	0.09061	0.01361	0.17316	0.02154	0.03274	0.02238	0.02457	0.08880	0.01183	0.01277	0.00282	0.19452	0.00766	0.00574	0.01013
44	0.01204	0.00911	0.01108	0.01146	0.01325	0.00883	0.00827	0.04480	0.04952	0.02577	0.16112	0.35467	0.17495	0.02390	0.04773	0.00361	0.00582	0.01848	0.00786	0.00772
45	0.02688	0.03330	0.02976	0.02460	0.02981	0.46365	0.18126	0.03031	0.02209	0.02208	0.01557	0.05153	0.01344	0.00901	0.00828	0.00238	0.01421	0.00748	0.00443	0.00991
46	0.01078	0.00805	0.01016	0.01150	0.01291	0.00743	0.00852	0.01298	0.01763	0.02277	0.08101	0.39783	0.20222	0.02378	0.01055	0.00329	0.00520	0.13857	0.00776	0.00704
47	0.02261	0.32225	0.24339	0.01915	0.02725	0.19029	0.02011	0.02744	0.01878	0.02197	0.01298	0.01513	0.01063	0.00773	0.00672	0.00215	0.01154	0.00523	0.00372	0.01093
48	0.02807	0.02902	0.02116	0.01840	0.02288	0.36643	0.01422	0.19677	0.02654	0.03081	0.01734	0.01948	0.01365	0.01140	0.03581	0.00268	0.01201	0.00645	0.11635	0.01051
49	0.02235	0.02312	0.03198	0.04595	0.54870	0.13143	0.02389	0.02680	0.01970	0.02598	0.01515	0.01961	0.01274	0.00760	0.00810	0.00241	0.01074	0.00705	0.00414	0.01256
50	0.01977	0.03138	0.32574	0.02640	0.03598	0.02043	0.23694	0.11666	0.02130	0.02994	0.01678	0.02107	0.01258	0.03561	0.00999	0.00288	0.01225	0.00787	0.00454	0.01189
51	0.01687	0.01331	0.01454	0.01334	0.01679	0.01391	0.01019	0.14431	0.16481	0.03157	0.07908	0.19763	0.21521	0.01750	0.00938	0.00286	0.00587	0.01490	0.00807	0.00984
52	0.02143	0.40841	0.24815	0.01824	0.02672	0.10593	0.01993	0.02636	0.01790	0.02189	0.01282	0.01493	0.01062	0.00754	0.00645	0.00211	0.01075	0.00512	0.00363	0.01107
53	0.02358	0.21526	0.02603	0.01684	0.02134	0.32663	0.01370	0.02584	0.02016	0.02053	0.02682	0.02788	0.14079	0.01104	0.00854	0.00226	0.05099	0.00768	0.00474	0.00935
54	0.01046	0.00817	0.00949	0.00973	0.01176	0.00720	0.00708	0.01296	0.01961	0.02539	0.24377	0.21537	0.34743	0.02096	0.00999	0.00288	0.00426	0.01816	0.00814	0.00720
55	0.01603	0.01352	0.01420	0.01300	0.01682	0.01431	0.01004	0.05767	0.30801	0.03029	0.09266	0.05323	0.29554	0.01572	0.00911	0.00278	0.00553	0.01311	0.00817	0.01026
56	0.03103	0.03959	0.02354	0.02140	0.02568	0.67469	0.01605	0.03317	0.02354	0.02033	0.01284	0.01498	0.01070	0.00856	0.00749	0.00214	0.01498	0.00535	0.00428	0.00963
57	0.01733	0.12397	0.58988	0.02253	0.03419	0.02093	0.02870	0.02614	0.01746	0.02549	0.01450	0.01703	0.01054	0.00780	0.00758	0.00253	0.01187	0.00593	0.00351	0.01208
58	0.00993	0.00842	0.00857	0.00854	0.01129	0.00706	0.00640	0.01214	0.01920	0.02308	0.11753	0.07890	0.61908	0.02080	0.00982	0.00279	0.00419	0.01739	0.00780	0.00706
59	0.02278	0.02040	0.01844	0.01657	0.02020	0.16205	0.01258	0.24691	0.02625	0.03265	0.02882	0.29494	0.02988	0.01615	0.00906	0.00277	0.00869	0.01353	0.00717	0.01015
60	0.02411	0.43602	0.11283	0.01745	0.02436	0.21805	0.01674	0.02746	0.01890	0.02059	0.01233	0.01432	0.01066	0.00763	0.00627	0.00199	0.01107	0.00491	0.00376	0.01056
61	0.01961	0.02241	0.04902	0.03501	0.04342	0.02101	0.62605	0.02661	0.01961	0.02661	0.01681	0.02241	0.01261	0.00700	0.00980	0.00280	0.01401	0.00980	0.00420	0.01120
62	0.00989	0.00815	0.00869	0.00913	0.01141	0.00695	0.00663	0.01184	0.01825	0.02216	0.07551	0.22028	0.51810	0.02216	0.01000	0.00293	0.00435	0.01890	0.00771	0.00695
63	0.01065	0.00845	0.00957	0.00929	0.01173	0.00737	0.00697	0.01354	0.02091	0.02712	0.32846	0.07225	0.40563	0.01929	0.00981	0.00272	0.00408	0.01645	0.00833	0.00737
64	0.03103	0.03959	0.02354	0.02140	0.02568	0.67469	0.01605	0.03317	0.02354	0.02033	0.01284	0.01498	0.01070	0.00856	0.00749	0.00214	0.01498	0.00535	0.00428	0.00963
65	0.05972	0.02430	0.02359	0.01862	0.02474	0.10138	0.01516	0.51064	0.03540	0.04714	0.01906	0.01954	0.01380	0.00971	0.00799	0.00243	0.00952	0.00712	0.03697	0.01315
66	0.02200	0.01216	0.01530	0.01313	0.01711	0.01174	0.01031	0.02941	0.14121	0.24414	0.32683	0.04483	0.04892	0.01365	0.00906	0.00264	0.00548	0.01172	0.00939	0.01096
67	0.00987	0.00823	0.00861	0.00891	0.01135	0.00697	0.00653	0.01187	0.01846	0.02225	0.07812	0.17795	0.55875	0.02182	0.00994	0.00289	0.00430	0.01849	0.00771	0.00697
68	0.00993	0.00842	0.00857	0.00853	0.01129	0.00706	0.00640	0.01214	0.01919	0.02306	0.11633	0.07894	0.62030	0.02081	0.00982	0.00279	0.00419	0.01739	0.00780	0.00706
69	0.01188	0.00885	0.01311	0.01311	0.01451	0.01025	0.01008	0.01468	0.01328	0.01910	0.02247	0.03387	0.02130	0.09890	0.63926	0.01305	0.02145	0.00908	0.00448	0.00728
70	0.01012	0.00723	0.00964	0.01157	0.01205	0.00675	0.00771	0.01157	0.01591	0.02121	0.04579	0.70262	0.05495	0.02603	0.01060	0.00337	0.00482	0.02362	0.00771	0.00675
71	0.01666	0.04297	0.66500	0.02368	0.03596	0.01929	0.03069	0.02631	0.01754	0.02631	0.01491	0.01754	0.01052	0.00789	0.00789	0.00263	0.01228	0.00614	0.00351	0.01228
72	0.02997	0.12100	0.02596	0.02053	0.02516	0.59711	0.01583	0.03217	0.02274	0.02024	0.01268	0.01478	0.01070	0.00839	0.00723	0.00210	0.01424	0.00524	0.00419	0.00976
73	0.01012	0.00723	0.00964	0.01157	0.01205	0.00675	0.00771	0.01157	0.01591	0.02121	0.04579	0.70262	0.05495	0.02603	0.01060	0.00337	0.00482	0.02362	0.00771	0.00675
74	0.02147	0.62357	0.12651	0.01548	0.02328	0.03106	0.01641	0.02507	0.01697	0.02045	0.01200	0.01389	0.01064	0.00721	0.00567	0.00189	0.00934	0.00467	0.00355	0.01088
75	0.01123	0.00852	0.01037	0.01004	0.01226	0.00766	0.00762	0.01458	0.02190	0.02956	0.44816	0.06904	0.25527	0.01851	0.00988	0.00273	0.00418	0.04230	0.00863	0.00757
76	0.01187	0.00890	0.01335	0.01335	0.01483	0.01038	0.01038	0.01483	0.01335	0.01928	0.02225	0.03264	0.02077	0.06231	0.67512	0.01335	0.02225	0.00890	0.00445	0.00742
77	0.01723	0.01477	0.01723	0.01230	0.01969	0.01107	0.00984	0.02092	0.01723	0.02707	0.01477	0.01723	0.01230	0.00615	0.00615	0.00123	0.00615	0.00492	0.00492	0.75883
78	0.02715	0.13063	0.14651	0.02086	0.02702	0.46564	0.01855	0.03077	0.02152	0.02135	0.01306	0.01524	0.01066	0.00824	0.00728	0.00218	0.01366	0.00538	0.00404	0.01027
79	0.01317	0.00895	0.01191	0.01162	0.01376	0.00837	0.00915	0.01704	0.02264	0.05829	0.50242	0.06703	0.06974	0.01791	0.01008	0.00286	0.00481	0.13331	0.00889	0.00807
80	0.02229	0.02073	0.03026	0.07424	0.45457	0.05188	0.02251	0.10727	0.07842	0.03055	0.01768	0.02124	0.01418	0.00820	0.00823	0.00250	0.00978	0.00749	0.00505	0.01292
81	0.00982	0.00842	0.00842	0.00842	0.01122	0.00701	0.00631	0.01192	0.01894	0.02244	0.08416	0.07995	0.65285	0.02104	0.00982	0.00281	0.00421	0.01753	0.00771	0.00701
82	0.02764	0.02196	0.02275	0.01740	0.02410	0.06174	0.01419	0.42652	0.03216	0.04350	0.01810	0.01890	0.01342	0.00885	0.00767	0.00213	0.00869	0.00665	0.00714	0.21648
83	0.02374	0.01745	0.02117	0.02274	0.14856	0.09281	0.01499	0.09180	0.02131	0.16941	0.05201	0.02715	0.02002	0.02529	0.20706	0.00571	0.01317	0.00819	0.00631	0.01110
84	0.02104	0.02065	0.03325	0.04964	0.62733	0.04975	0.02506	0.02585	0.01913	0.02683	0.01550	0.02031	0.01305	0.00746	0.00819	0.00245	0.01010	0.00731	0.00412	0.01300
85	0.01666	0.04297	0.66500	0.02368	0.03596	0.01929	0.03069	0.02631	0.01754	0.02631	0.01491	0.01754	0.01052	0.00789	0.00789	0.00263	0.01228	0.00614	0.00351	0.01228
86	0.01569	0.01477	0.02492	0.68808	0.05722	0.01846	0.02307	0.02123	0.01661	0.02123	0.01477	0.02215	0.01107	0.00831	0.00831	0.00277	0.01107	0.00738	0.00369	0.00923
87	0.01129	0.00874	0.01046	0.01078	0.01312	0.00791	0.00858	0.01435	0.02026	0.02609	0.23123	0.07858	0.33526	0.02041	0.01025	0.00302	0.00503	0.16916	0.00809	0.00741
88	0.02251	0.03117	0.15518	0.02340	0.05593	0.28295	0.07577	0.02677	0.01977	0.02320	0.05298	0.05385	0.01719	0.01047	0.01102	0.00263	0.11280	0.00778	0.00447	0.01014
89	0.01600	0.01133	0.01305	0.01197	0.01504	0.01158	0.00918	0.02514	0.19447	0.06930	0.31108	0.04944	0.11061	0.01452	0.00886	0.00260	0.00487	0.01243	0.09893	0.00959
90	0.01198	0.00801	0.00909	0.00919	0.00921	0.00799	0.00517	0.01206	0.01227	0.01636	0.02716	0.08692	0.03145	0.67379	0.04069	0.00782	0.00789	0.01266	0.00517	0.00512
91	0.01189	0.00881	0.01289	0.01289	0.01421	0.01013	0.00981	0.01454	0.01321	0.01894	0.02267	0.03498	0.02178	0.13187	0.60695	0.01278	0.02072	0.00924	0.00451	0.00716
92	0.01692	0.07368	0.63652	0.02324	0.03528	0.01992	0.02994	0.02624	0.01751	0.02600	0.01475	0.01735	0.01053	0.00786	0.00778	0.00259	0.01212	0.00606	0.00351	0.01220
93	0.01208	0.00805	0.00906	0.00906	0.00906	0.00805	0.00503	0.01208	0.01208	0.01611	0.02618	0.05436	0.03020	0.70804	0.04228	0.00805	0.00805	0.01208	0.00503	0.00503
94	0.01012	0.00723	0.00964	0.01157	0.01205	0.00675	0.00771	0.01157	0.01591	0.02121	0.04579	0.70262	0.05495	0.02603	0.01060	0.00337	0.00482	0.02362	0.00771	0.00675
95	0.02056	0.01974	0.03372	0.05099	0.65622	0.01974	0.02550	0.02550	0.01892	0.02714	0.01563	0.02056	0.01316	0.00740	0.00822	0.00247	0.00987	0.00740	0.00411	0.01316
96	0.36845	0.20596	0.02483	0.01975	0.14681	0.02209	0.01357	0.02446	0.01605	0.03002	0.01331	0.01592	0.01102	0.00760	0.00586	0.00230	0.00764	0.00526	0.04890	0.01022
97	0.03158	0.02327	0.02493	0.01911	0.02576	0.02576	0.01579	0.62852	0.03906	0.05236	0.01995	0.01995	0.01413	0.00997	0.00831	0.00249	0.00914	0.00748	0.00831	0.01413
98	0.01549	0.00774	0.00774	0.00774	0.00968	0.00774	0.00581	0.01936	0.01742	0.03097	0.02710	0.03097	0.02129	0.00968	0.00581	0.00194	0.00387	0.00774	0.75416	0.00774
99	0.02066	0.01785	0.01878	0.01691	0.02160	0.02066	0.01315	0.04414	0.64121	0.03475	0.03381	0.03099	0.02536	0.01127	0.00845	0.00282	0.00657	0.00939	0.00845	0.01315
100	0.03158	0.02327	0.02493	0.01911	0.02576	0.02576	0.01579	0.62852	0.03906	0.05236	0.01995	0.01995	0.01413	0.00997	0.00831	0.00249	0.00914	0.00748	0.00831	0.01413
101	0.01629	0.01514	0.02418	0.60695	0.05291	0.01872	0.02187	0.02400	0.09211	0.02286	0.01707	0.02322	0.01280	0.00866	0.00832	0.00277	0.01053	0.00763	0.00427	0.00970
102	0.01208	0.00805	0.00906	0.00906	0.00906	0.00805	0.00503	0.01208	0.01208	0.01611	0.02618	0.05436	0.03020	0.70804	0.04228	0.00805	0.00805	0.01208	0.00503	0.00503
103	0.01012	0.00723	0.00964	0.01157	0.01205	0.00675	0.00771	0.01157	0.01591	0.02121	0.04579	0.70262	0.05495	0.02603	0.01060	0.00337	0.00482	0.02362	0.00771	0.00675
104	0.02121	0.01995	0.03320	0.04912	0.61916	0.02009	0.02492	0.06094	0.02010	0.02862	0.01588	0.02052	0.01322	0.00755	0.00823	0.00247	0.00983	0.00741	0.00436	0.01322
105	0.01997	0.01914	0.03266	0.12800	0.58382	0.01958	0.02520	0.02498	0.01864	0.02643	0.01552	0.02075	0.01291	0.00751	0.00823	0.00250	0.01001	0.00740	0.00406	0.01268
106	0.01160	0.00821	0.01005	0.01101	0.01273	0.00739	0.00804	0.01361	0.01767	0.05104	0.05842	0.38885	0.26160	0.02324	0.01032	0.00319	0.00501	0.08293	0.00782	0.00727
107	0.01012	0.00723	0.00964	0.01157	0.01205	0.00675	0.00771	0.01157	0.01591	0.02121	0.04579	0.70262	0.05495	0.02603	0.01060	0.00337	0.00482	0.02362	0.00771	0.00675
108	0.02473	0.01812	0.02003	0.01669	0.02135	0.01967	0.01328	0.42469	0.03139	0.04201	0.02754	0.18660	0.02618	0.04527	0.01051	0.00301	0.00800	0.04127	0.00799	0.01166
109	0.01520	0.01004	0.01236	0.01134	0.01364	0.00983	0.00831	0.02063	0.09589	0.08675	0.39450	0.05369	0.05699	0.15569	0.01609	0.00374	0.00536	0.01314	0.00833	0.00848
110	0.00982	0.00842	0.00842	0.00842	0.01122	0.00701	0.00631	0.01192	0.01894	0.02244	0.08416	0.07995	0.65285	0.02104	0.00982	0.00281	0.00421	0.01753	0.00771	0.00701
111	0.01666	0.04297	0.66500	0.02368	0.03596	0.01929	0.03069	0.02631	0.01754	0.02631	0.01491	0.01754	0.01052	0.00789	0.00789	0.00263	0.01228	0.00614	0.00351	0.01228
112	0.01680	0.04199	0.63554	0.02422	0.03631	0.01938	0.05917	0.02632	0.01764	0.02632	0.01500	0.01777	0.01062	0.00785	0.00798	0.00264	0.01236	0.00631	0.00354	0.01223
113	0.03103	0.03959	0.02354	0.02140	0.02568	0.67469	0.01605	0.03317	0.02354	0.02033	0.01284	0.01498	0.01070	0.00856	0.00749	0.00214	0.01498	0.00535	0.00428	0.00963
114	0.02221	0.71304	0.04353	0.01421	0.02132	0.03287	0.01421	0.02488	0.01688	0.01955	0.01155	0.01333	0.01066	0.00711	0.00533	0.00178	0.00888	0.00444	0.00355	0.01066
115	0.02032	0.01950	0.03329	0.08217	0.62690	0.01968	0.02538	0.02529	0.01880	0.02685	0.01558	0.02064	0.01306	0.00745	0.00823	0.00248	0.00993	0.00740	0.00409	0.01297
116	0.03015	0.07796	0.02478	0.02046	0.02526	0.51938	0.01579	0.11555	0.04974	0.02529	0.01458	0.01620	0.01175	0.00877	0.00751	0.00219	0.01346	0.00575	0.00496	0.01046
117	0.01666	0.04297	0.66500	0.02368	0.03596	0.01929	0.03069	0.02631	0.01754	0.02631	0.01491	0.01754	0.01052	0.00789	0.00789	0.00263	0.01228	0.00614	0.00351	0.01228
118	0.01875	0.06308	0.40080	0.02003	0.02892	0.11895	0.02286	0.04702	0.01938	0.02585	0.02370	0.02536	0.08894	0.00973	0.00786	0.00250	0.01099	0.00746	0.04685	0.01098

[dist]
# distance from previous block
# <min> <max>
0	1

[block]
# block no. 2 follows, 22 sequences, length 81
# corresponding to MSA columns:
# 170-250
name=unknown_C
#
# <colnr> <probs for GDERKNQSTAVLIFYWHMCP>
#	G	D	E	R	K	N	Q	S	T	A	V	L	I	F	Y	W	H	M	C	P
0	0.01713	0.08130	0.59910	0.02366	0.03545	0.02017	0.05818	0.02624	0.01760	0.02593	0.01480	0.01752	0.01063	0.00780	0.00783	0.00259	0.01216	0.00621	0.00354	0.01213
1	0.02692	0.03636	0.19706	0.02219	0.02923	0.35524	0.05520	0.09445	0.02336	0.06134	0.01549	0.01736	0.01168	0.00854	0.00787	0.00237	0.01314	0.00621	0.00483	0.01116
2	0.06587	0.24007	0.17350	0.01940	0.02710	0.12233	0.05219	0.15447	0.02272	0.02951	0.01456	0.01643	0.01139	0.00813	0.00709	0.00227	0.01075	0.00590	0.00478	0.01154
3	0.02056	0.01974	0.03372	0.05099	0.65622	0.01974	0.02550	0.02550	0.01892	0.02714	0.01563	0.02056	0.01316	0.00740	0.00822	0.00247	0.00987	0.00740	0.00411	0.01316
4	0.01961	0.02241	0.04902	0.03501	0.04342	0.02101	0.62605	0.02661	0.01961	0.02661	0.01681	0.02241	0.01261	0.00700	0.00980	0.00280	0.01401	0.00980	0.00420	0.01120
5	0.01065	0.00761	0.01025	0.01217	0.01289	0.00720	0.00863	0.01248	0.01643	0.02180	0.04550	0.60379	0.05379	0.02553	0.01074	0.00345	0.00528	0.11722	0.00770	0.00689
6	0.03103	0.03959	0.02354	0.02140	0.02568	0.67469	0.01605	0.03317	0.02354	0.02033	0.01284	0.01498	0.01070	0.00856	0.00749	0.00214	0.01498	0.00535	0.00428	0.00963
7	0.02029	0.01946	0.03323	0.08639	0.62294	0.01967	0.02536	0.02526	0.01879	0.02681	0.01558	0.02065	0.01304	0.00745	0.00823	0.00248	0.00994	0.00740	0.00409	0.01294
8	0.01184	0.00809	0.00899	0.00899	0.00929	0.00794	0.00517	0.01206	0.01281	0.01678	0.03232	0.05708	0.09619	0.63523	0.03884	0.00750	0.00765	0.01266	0.00532	0.00524
9	0.01208	0.00805	0.00906	0.00906	0.00906	0.00805	0.00503	0.01208	0.01208	0.01611	0.02618	0.05436	0.03020	0.70804	0.04228	0.00805	0.00805	0.01208	0.00503	0.00503
10	0.02700	0.03103	0.02145	0.01932	0.02375	0.42432	0.01469	0.06419	0.19545	0.02602	0.02297	0.02328	0.05061	0.01008	0.00793	0.00238	0.01176	0.00725	0.00583	0.01068
11	0.01723	0.01477	0.01723	0.01230	0.01969	0.01107	0.00984	0.02092	0.01723	0.02707	0.01477	0.01723	0.01230	0.00615	0.00615	0.00123	0.00615	0.00492	0.00492	0.75883
12	0.00993	0.00842	0.00857	0.00853	0.01129	0.00706	0.00640	0.01214	0.01920	0.02307	0.11716	0.07891	0.61946	0.02080	0.00982	0.00279	0.00419	0.01739	0.00780	0.00706
13	0.01036	0.00837	0.00921	0.00914	0.01159	0.00722	0.00680	0.01291	0.02000	0.02529	0.23436	0.10974	0.46548	0.02023	0.00986	0.00279	0.00416	0.01720	0.00810	0.00722
14	0.02307	0.46983	0.14028	0.01719	0.02457	0.15895	0.01725	0.02677	0.01832	0.02080	0.01235	0.01434	0.01065	0.00753	0.00618	0.00199	0.01065	0.00490	0.00369	0.01072
15	0.01077	0.00796	0.01021	0.01177	0.01300	0.00740	0.00866	0.01285	0.01718	0.02223	0.05273	0.45279	0.16758	0.02441	0.01064	0.00336	0.00531	0.14646	0.00770	0.00699
16	0.00983	0.00836	0.00847	0.00857	0.01126	0.00700	0.00638	0.01191	0.01879	0.02238	0.08232	0.10970	0.62428	0.02128	0.00986	0.00283	0.00424	0.01782	0.00771	0.00700
17	0.01068	0.00747	0.00947	0.01085	0.01119	0.00712	0.00694	0.01171	0.01481	0.01974	0.04016	0.51669	0.04785	0.22164	0.01969	0.00472	0.00575	0.02031	0.00694	0.00626
18	0.02010	0.07922	0.49306	0.02237	0.03294	0.07998	0.02660	0.10020	0.02066	0.02855	0.01514	0.01736	0.01099	0.00816	0.00776	0.00252	0.01194	0.00613	0.00417	0.01217
19	0.02983	0.03732	0.02471	0.02479	0.09790	0.59968	0.01713	0.03229	0.02301	0.02111	0.01316	0.01562	0.01098	0.00843	0.00757	0.00218	0.01440	0.00559	0.00426	0.01003
20	0.01035	0.00732	0.00957	0.01128	0.01171	0.00690	0.00740	0.01163	0.01547	0.02062	0.04354	0.62838	0.05211	0.10414	0.01423	0.00391	0.00519	0.02230	0.00740	0.00655
21	0.09805	0.03438	0.02102	0.01916	0.02338	0.54865	0.01445	0.03030	0.02221	0.02213	0.01961	0.02111	0.07253	0.00969	0.00749	0.00224	0.01314	0.00645	0.00469	0.00932
22	0.27147	0.02438	0.02048	0.01693	0.02258	0.16101	0.01363	0.30509	0.02763	0.04064	0.01570	0.01679	0.01173	0.00894	0.00710	0.00244	0.00949	0.00605	0.00642	0.01150
23	0.01569	0.01477	0.02492	0.68808	0.05722	0.01846	0.02307	0.02123	0.01661	0.02123	0.01477	0.02215	0.01107	0.00831	0.00831	0.00277	0.01107	0.00738	0.00369	0.00923
24	0.03122	0.03414	0.02401	0.02064	0.02571	0.45773	0.01596	0.23222	0.02873	0.03104	0.01522	0.01664	0.01185	0.00903	0.00776	0.00226	0.01303	0.00606	0.00563	0.01113
25	0.01050	0.00750	0.01007	0.01199	0.01264	0.00707	0.00836	0.01221	0.01627	0.02163	0.04558	0.63288	0.05413	0.02567	0.01070	0.00343	0.00514	0.08967	0.00770	0.00685
26	0.01108	0.00847	0.01017	0.00974	0.01200	0.00755	0.00731	0.01437	0.02192	0.02952	0.45368	0.06830	0.27891	0.01840	0.00981	0.00268	0.00402	0.01590	0.00865	0.00755
27	0.01187	0.00890	0.01335	0.01335	0.01483	0.01038	0.01038	0.01483	0.01335	0.01928	0.02225	0.03264	0.02077	0.06231	0.67512	0.01335	0.02225	0.00890	0.00445	0.00742
28	0.01723	0.01477	0.01723	0.01230	0.01969	0.01107	0.00984	0.02092	0.01723	0.02707	0.01477	0.01723	0.01230	0.00615	0.00615	0.00123	0.00615	0.00492	0.00492	0.75883
29	0.02056	0.01974	0.03372	0.05099	0.65622	0.01974	0.02550	0.02550	0.01892	0.02714	0.01563	0.02056	0.01316	0.00740	0.00822	0.00247	0.00987	0.00740	0.00411	0.01316
30	0.03103	0.03959	0.02354	0.02140	0.02568	0.67469	0.01605	0.03317	0.02354	0.02033	0.01284	0.01498	0.01070	0.00856	0.00749	0.00214	0.01498	0.00535	0.00428	0.00963
31	0.02221	0.71304	0.04353	0.01421	0.02132	0.03287	0.01421	0.02488	0.01688	0.01955	0.01155	0.01333	0.01066	0.00711	0.00533	0.00178	0.00888	0.00444	0.00355	0.01066
32	0.01143	0.00848	0.01065	0.01010	0.01221	0.00770	0.00758	0.01504	0.02273	0.03146	0.55500	0.06511	0.17638	0.01768	0.00980	0.00265	0.00397	0.01545	0.00890	0.00770
33	0.03727	0.01414	0.01928	0.01478	0.02121	0.01221	0.01221	0.04049	0.02378	0.66198	0.03277	0.02828	0.02056	0.01028	0.00835	0.00257	0.00707	0.00835	0.01028	0.01414
34	0.01173	0.00861	0.01107	0.01078	0.01283	0.00795	0.00831	0.01544	0.02251	0.03116	0.52032	0.06763	0.13752	0.01811	0.00999	0.00277	0.00438	0.08233	0.00882	0.00773
35	0.01050	0.00750	0.01007	0.01199	0.01264	0.00707	0.00836	0.01221	0.01627	0.02163	0.04558	0.63288	0.05413	0.02567	0.01070	0.00343	0.00514	0.08967	0.00770	0.00685
36	0.01045	0.00737	0.00954	0.01114	0.01154	0.00697	0.00726	0.01165	0.01526	0.02034	0.04247	0.59283	0.05075	0.14154	0.01597	0.00417	0.00537	0.02166	0.00726	0.00646
37	0.02290	0.02049	0.03186	0.04423	0.52257	0.02102	0.02344	0.15334	0.02319	0.03249	0.01654	0.02043	0.01336	0.00795	0.00824	0.00247	0.00971	0.00742	0.00500	0.01336
38	0.01208	0.00805	0.00906	0.00906	0.00906	0.00805	0.00503	0.01208	0.01208	0.01611	0.02618	0.05436	0.03020	0.70804	0.04228	0.00805	0.00805	0.01208	0.00503	0.00503
39	0.01003	0.00758	0.00928	0.01065	0.01181	0.00683	0.00730	0.01167	0.01679	0.02157	0.05697	0.52115	0.22920	0.02457	0.01037	0.00321	0.00464	0.02184	0.00771	0.00683
40	0.02556	0.02028	0.02154	0.01790	0.02347	0.02295	0.01433	0.30602	0.37137	0.04264	0.02760	0.02604	0.02033	0.01069	0.00839	0.00267	0.00772	0.00854	0.00839	0.01359
41	0.18743	0.02174	0.02223	0.01738	0.02371	0.02425	0.01435	0.50045	0.03378	0.04916	0.01817	0.01858	0.01304	0.00949	0.00764	0.00251	0.00857	0.00685	0.00764	0.01304
42	0.01208	0.00805	0.00906	0.00906	0.00906	0.00805	0.00503	0.01208	0.01208	0.01611	0.02618	0.05436	0.03020	0.70804	0.04228	0.00805	0.00805	0.01208	0.00503	0.00503
43	0.02056	0.01974	0.03372	0.05099	0.65622	0.01974	0.02550	0.02550	0.01892	0.02714	0.01563	0.02056	0.01316	0.00740	0.00822	0.00247	0.00987	0.00740	0.00411	0.01316
44	0.01883	0.01991	0.03864	0.02760	0.03567	0.01776	0.42484	0.02475	0.01883	0.02676	0.01614	0.02072	0.01251	0.00673	0.00861	0.00229	0.01144	0.00821	0.00444	0.25533
45	0.01000	0.00814	0.00886	0.00927	0.01148	0.00700	0.00673	0.01206	0.01849	0.02279	0.10819	0.22446	0.47970	0.02197	0.01000	0.00293	0.00433	0.01881	0.00780	0.00700
46	0.03727	0.01414	0.01928	0.01478	0.02121	0.01221	0.01221	0.04049	0.02378	0.66198	0.03277	0.02828	0.02056	0.01028	0.00835	0.00257	0.00707	0.00835	0.01028	0.01414
47	0.02040	0.49428	0.24642	0.01730	0.02610	0.02844	0.01959	0.02534	0.01710	0.02175	0.01265	0.01470	0.01062	0.00736	0.00617	0.00206	0.00999	0.00500	0.00354	0.01119
48	0.01123	0.00838	0.01097	0.01196	0.01239	0.00864	0.00816	0.01258	0.01534	0.02081	0.06907	0.50032	0.04802	0.14235	0.01747	0.00417	0.06465	0.01979	0.00697	0.00671
49	0.01081	0.00845	0.00979	0.00945	0.01183	0.00743	0.00709	0.01384	0.02127	0.02798	0.37358	0.07083	0.35997	0.01897	0.00981	0.00271	0.00406	0.01625	0.00844	0.00743
50	0.01365	0.01037	0.01166	0.01122	0.01426	0.00993	0.00875	0.01984	0.12236	0.05716	0.17446	0.06758	0.34893	0.01837	0.00970	0.00287	0.00504	0.07706	0.00822	0.00858
51	0.02415	0.02783	0.02332	0.05276	0.02543	0.35954	0.04471	0.04884	0.01995	0.02161	0.01479	0.01962	0.01281	0.01934	0.13307	0.00451	0.12732	0.00670	0.00432	0.00936
52	0.03117	0.03553	0.02389	0.02083	0.02570	0.51309	0.01599	0.18144	0.02741	0.02831	0.01461	0.01622	0.01155	0.00891	0.00769	0.00223	0.01353	0.00588	0.00528	0.01075
53	0.02056	0.01974	0.03372	0.05099	0.65622	0.01974	0.02550	0.02550	0.01892	0.02714	0.01563	0.02056	0.01316	0.00740	0.00822	0.00247	0.00987	0.00740	0.00411	0.01316
54	0.03158	0.02327	0.02493	0.01911	0.02576	0.02576	0.01579	0.62852	0.03906	0.05236	0.01995	0.01995	0.01413	0.00997	0.00831	0.00249	0.00914	0.00748	0.00831	0.01413
55	0.01100	0.00868	0.01006	0.01032	0.01275	0.00774	0.00815	0.01387	0.01999	0.02535	0.20082	0.07892	0.39790	0.02055	0.01016	0.00298	0.00487	0.14053	0.00802	0.00733
56	0.01208	0.00805	0.00906	0.00906	0.00906	0.00805	0.00503	0.01208	0.01208	0.01611	0.02618	0.05436	0.03020	0.70804	0.04228	0.00805	0.00805	0.01208	0.00503	0.00503
57	0.01012	0.00723	0.00964	0.01157	0.01205	0.00675	0.00771	0.01157	0.01591	0.02121	0.04579	0.70262	0.05495	0.02603	0.01060	0.00337	0.00482	0.02362	0.00771	0.00675
58	0.01435	0.01266	0.01914	0.01724	0.01856	0.01593	0.04313	0.01713	0.01345	0.01988	0.01820	0.02731	0.01708	0.04365	0.42622	0.00959	0.24576	0.00840	0.00417	0.00816
59	0.01006	0.00748	0.00938	0.01090	0.01187	0.00680	0.00741	0.01164	0.01655	0.02147	0.05392	0.57062	0.18170	0.02497	0.01044	0.00325	0.00469	0.02233	0.00771	0.00680
60	0.03103	0.03959	0.02354	0.02140	0.02568	0.67469	0.01605	0.03317	0.02354	0.02033	0.01284	0.01498	0.01070	0.00856	0.00749	0.00214	0.01498	0.00535	0.00428	0.00963
61	0.01047	0.00750	0.00995	0.01133	0.01213	0.00698	0.00774	0.01244	0.01752	0.02377	0.17427	0.56682	0.05991	0.02411	0.01043	0.00321	0.00463	0.02180	0.00802	0.00698
62	0.02020	0.09851	0.03014	0.22479	0.28184	0.04857	0.02153	0.05535	0.05375	0.02557	0.01577	0.02038	0.01278	0.00842	0.00896	0.00255	0.04804	0.00708	0.00436	0.01141
63	0.02221	0.71304	0.04353	0.01421	0.02132	0.03287	0.01421	0.02488	0.01688	0.01955	0.01155	0.01333	0.01066	0.00711	0.00533	0.00178	0.00888	0.00444	0.00355	0.01066
64	0.01728	0.01639	0.02779	0.48009	0.25277	0.01888	0.02386	0.02262	0.01736	0.02316	0.01505	0.02163	0.01175	0.00801	0.00828	0.00267	0.01068	0.00739	0.00383	0.01051
65	0.01275	0.00952	0.01226	0.01306	0.01527	0.00926	0.01086	0.01725	0.05016	0.02691	0.19286	0.08091	0.15741	0.02066	0.01065	0.00332	0.00613	0.33487	0.00805	0.00785
66	0.01879	0.01972	0.06859	0.24287	0.40306	0.01939	0.05872	0.02430	0.01817	0.02526	0.01539	0.02097	0.01234	0.00768	0.00832	0.00259	0.01061	0.00746	0.00395	0.01180
67	0.02221	0.71304	0.04353	0.01421	0.02132	0.03287	0.01421	0.02488	0.01688	0.01955	0.01155	0.01333	0.01066	0.00711	0.00533	0.00178	0.00888	0.00444	0.00355	0.01066
68	0.02412	0.02406	0.01902	0.01693	0.02043	0.26816	0.01312	0.09260	0.10547	0.02848	0.02003	0.02230	0.01590	0.01003	0.00941	0.00238	0.08416	0.00697	0.20642	0.01001
69	0.01880	0.01082	0.01313	0.01205	0.01475	0.01039	0.00900	0.05134	0.04537	0.16556	0.06717	0.07924	0.11786	0.24820	0.02048	0.00464	0.00694	0.08810	0.00751	0.00866
70	0.01772	0.01455	0.01475	0.01411	0.01635	0.09227	0.01034	0.10634	0.02013	0.05601	0.03500	0.32341	0.07067	0.09106	0.04527	0.00398	0.03725	0.01537	0.00690	0.00851
71	0.05875	0.02005	0.08739	0.01582	0.02216	0.01801	0.01405	0.27611	0.02600	0.03797	0.01892	0.02114	0.01451	0.01289	0.06003	0.00302	0.00906	0.00677	0.09912	0.17823
72	0.18614	0.17686	0.06182	0.05078	0.05918	0.04777	0.06085	0.02630	0.01793	0.13019	0.01979	0.09281	0.01705	0.01000	0.00724	0.00248	0.00861	0.00804	0.00557	0.01060
73	0.05376	0.01456	0.01816	0.02042	0.15706	0.04266	0.01276	0.04433	0.02096	0.06605	0.20013	0.04131	0.14061	0.01248	0.00845	0.00238	0.00662	0.01066	0.00679	0.11985
74	0.10087	0.11419	0.08221	0.02748	0.22882	0.05750	0.01842	0.08862	0.01977	0.02930	0.01578	0.01916	0.01284	0.00857	0.00864	0.00242	0.06132	0.00651	0.08630	0.01131
75	0.05114	0.01658	0.02152	0.02281	0.15451	0.04748	0.04803	0.06952	0.07923	0.09333	0.02389	0.09847	0.02170	0.11461	0.01329	0.00331	0.00832	0.00974	0.00614	0.09639
76	0.02502	0.02616	0.23412	0.02555	0.14470	0.05332	0.05471	0.03084	0.02028	0.23390	0.02147	0.02240	0.01495	0.00866	0.00808	0.00253	0.00996	0.00734	0.04339	0.01261
77	0.02527	0.02582	0.16172	0.01849	0.02541	0.08876	0.01733	0.18820	0.14655	0.12471	0.02754	0.02683	0.06489	0.01051	0.00828	0.00258	0.00927	0.00823	0.00710	0.01251
