[name]
unknown

[dist]
# distance from previous block
# <min> <max>
0	4

[block]
# block no. 0 follows, 19 sequences, length 64
# corresponding to MSA columns:
# 4-67
name=unknown_A
#
# <colnr> <probs for GDERKNQSTAVLIFYWHMCP>
#	G	D	E	R	K	N	Q	S	T	A	V	L	I	F	Y	W	H	M	C	P
0	0.01289	0.00963	0.01240	0.01389	0.01602	0.00914	0.01150	0.01616	0.02009	0.02554	0.05971	0.17117	0.21303	0.02457	0.01174	0.00375	0.00681	0.34578	0.00827	0.00792
1	0.02140	0.01560	0.02027	0.02376	0.17365	0.01620	0.01457	0.15215	0.02387	0.03514	0.02538	0.03534	0.02200	0.09135	0.01262	0.00329	0.00792	0.04639	0.24807	0.01103
2	0.02007	0.04023	0.50214	0.02958	0.13232	0.02035	0.03085	0.02919	0.01957	0.06832	0.01744	0.02017	0.01250	0.00858	0.00859	0.00280	0.01244	0.00699	0.00436	0.01351
3	0.02302	0.59442	0.13559	0.01683	0.02532	0.03321	0.01797	0.02702	0.01828	0.02214	0.01298	0.01503	0.01146	0.00778	0.00615	0.00205	0.01011	0.00506	0.00382	0.01174
4	0.03361	0.03701	0.02583	0.02226	0.02769	0.45070	0.01720	0.21624	0.03070	0.03293	0.01628	0.01784	0.01270	0.00971	0.00835	0.00243	0.01412	0.00650	0.00600	0.01192
5	0.02239	0.02405	0.04356	0.04450	0.30830	0.06312	0.30241	0.02858	0.02106	0.02847	0.01725	0.02271	0.01371	0.00785	0.00963	0.00281	0.01314	0.00908	0.00449	0.01290
6	0.01059	0.00899	0.00914	0.00927	0.01214	0.00754	0.00689	0.01282	0.02020	0.02409	0.08814	0.12186	0.59199	0.02298	0.01062	0.00306	0.00457	0.01928	0.00831	0.00754
7	0.02123	0.02053	0.03564	0.15352	0.50594	0.02110	0.05734	0.02677	0.02001	0.02816	0.01674	0.02253	0.01377	0.00811	0.00896	0.00273	0.01108	0.00811	0.00436	0.01337
8	0.01897	0.01112	0.01179	0.01078	0.01352	0.01165	0.00824	0.11275	0.02184	0.03521	0.02755	0.03317	0.02227	0.05700	0.05107	0.00340	0.00665	0.00867	0.52512	0.00923
9	0.02214	0.02126	0.03631	0.05491	0.62978	0.02126	0.02746	0.02746	0.02037	0.02923	0.01683	0.02214	0.01417	0.00797	0.00886	0.00266	0.01063	0.00797	0.00443	0.01417
10	0.03342	0.04264	0.02535	0.02305	0.02766	0.64967	0.01729	0.03572	0.02535	0.02190	0.01383	0.01613	0.01152	0.00922	0.00807	0.00230	0.01613	0.00576	0.00461	0.01037
11	0.01110	0.00901	0.00936	0.00932	0.01180	0.00779	0.00668	0.01313	0.01953	0.02384	0.11541	0.08043	0.49585	0.12852	0.01617	0.00391	0.00517	0.01777	0.00795	0.00727
12	0.01244	0.00914	0.01165	0.01102	0.01323	0.00835	0.00826	0.01645	0.02479	0.03461	0.56737	0.06891	0.14289	0.01876	0.01055	0.00284	0.00425	0.01647	0.00968	0.00835
13	0.03213	0.02412	0.02579	0.02020	0.02703	0.02686	0.01655	0.51150	0.13358	0.05335	0.02387	0.02338	0.01715	0.01096	0.00897	0.00274	0.00940	0.00838	0.00897	0.01505
14	0.01100	0.00920	0.00966	0.00989	0.01281	0.00786	0.00765	0.01348	0.02041	0.02446	0.08578	0.08776	0.56177	0.02289	0.01077	0.00314	0.00495	0.08058	0.00830	0.00763
15	0.01278	0.00959	0.01438	0.01438	0.01598	0.01118	0.01118	0.01598	0.01438	0.02077	0.02396	0.03515	0.02237	0.06710	0.65013	0.01438	0.02396	0.00959	0.00479	0.00799
16	0.02439	0.01874	0.02029	0.01793	0.02321	0.02117	0.01404	0.04707	0.54348	0.10881	0.03628	0.03303	0.02669	0.01201	0.00909	0.00300	0.00714	0.00998	0.00934	0.01429
17	0.01060	0.00898	0.00915	0.00929	0.01214	0.00753	0.00690	0.01281	0.02018	0.02408	0.08792	0.12502	0.58897	0.02301	0.01063	0.00306	0.00457	0.01931	0.00831	0.00753
18	0.01690	0.01590	0.02683	0.66408	0.06162	0.01988	0.02485	0.02286	0.01789	0.02286	0.01590	0.02385	0.01193	0.00894	0.00894	0.00298	0.01193	0.00795	0.00398	0.00994
19	0.01442	0.01030	0.01442	0.01648	0.01854	0.01030	0.01442	0.01854	0.02060	0.02677	0.04737	0.10092	0.05149	0.02471	0.01236	0.00412	0.00824	0.56956	0.00824	0.00824
20	0.01278	0.00959	0.01438	0.01438	0.01598	0.01118	0.01118	0.01598	0.01438	0.02077	0.02396	0.03515	0.02237	0.06710	0.65013	0.01438	0.02396	0.00959	0.00479	0.00799
21	0.01084	0.00804	0.01012	0.01179	0.01280	0.00732	0.00801	0.01253	0.01777	0.02310	0.05739	0.56362	0.17008	0.02698	0.01125	0.00351	0.00506	0.02415	0.00831	0.00732
22	0.03342	0.04264	0.02535	0.02305	0.02766	0.64967	0.01729	0.03572	0.02535	0.02190	0.01383	0.01613	0.01152	0.00922	0.00807	0.00230	0.01613	0.00576	0.00461	0.01037
23	0.74878	0.01730	0.01315	0.01177	0.01730	0.02007	0.00969	0.02630	0.01523	0.04014	0.01246	0.01453	0.00969	0.00830	0.00554	0.00277	0.00692	0.00484	0.00554	0.00969
24	0.01292	0.00879	0.01032	0.01014	0.01068	0.00861	0.00620	0.01400	0.01617	0.02210	0.18127	0.06067	0.04583	0.51444	0.03656	0.00717	0.00753	0.01382	0.00656	0.00620
25	0.01057	0.00906	0.00906	0.00906	0.01208	0.00755	0.00680	0.01284	0.02039	0.02417	0.09063	0.08610	0.62615	0.02266	0.01057	0.00302	0.00453	0.01888	0.00831	0.00755
26	0.01057	0.00906	0.00906	0.00906	0.01208	0.00755	0.00680	0.01284	0.02039	0.02417	0.09063	0.08610	0.62615	0.02266	0.01057	0.00302	0.00453	0.01888	0.00831	0.00755
27	0.74878	0.01730	0.01315	0.01177	0.01730	0.02007	0.00969	0.02630	0.01523	0.04014	0.01246	0.01453	0.00969	0.00830	0.00554	0.00277	0.00692	0.00484	0.00554	0.00969
28	0.01278	0.00959	0.01438	0.01438	0.01598	0.01118	0.01118	0.01598	0.01438	0.02077	0.02396	0.03515	0.02237	0.06710	0.65013	0.01438	0.02396	0.00959	0.00479	0.00799
29	0.01215	0.00912	0.01124	0.01071	0.01305	0.00822	0.00804	0.01589	0.02411	0.03299	0.49320	0.07158	0.21807	0.01937	0.01056	0.00286	0.00430	0.01685	0.00947	0.00822
30	0.01301	0.00867	0.00976	0.00976	0.00976	0.00867	0.00542	0.01301	0.01301	0.01735	0.02819	0.05855	0.03253	0.68559	0.04554	0.00867	0.00867	0.01301	0.00542	0.00542
31	0.01690	0.01590	0.02683	0.66408	0.06162	0.01988	0.02485	0.02286	0.01789	0.02286	0.01590	0.02385	0.01193	0.00894	0.00894	0.00298	0.01193	0.00795	0.00398	0.00994
32	0.01999	0.08611	0.03284	0.19492	0.17027	0.02458	0.05985	0.02418	0.01719	0.02401	0.01443	0.02102	0.01243	0.01089	0.01597	0.00314	0.24520	0.00777	0.00408	0.01112
33	0.01934	0.17581	0.48440	0.02415	0.03600	0.02385	0.06276	0.02804	0.01888	0.02687	0.01544	0.01828	0.01150	0.00827	0.00806	0.00266	0.01259	0.00647	0.00383	0.01280
34	0.01057	0.00906	0.00906	0.00906	0.01208	0.00755	0.00680	0.01284	0.02039	0.02417	0.09063	0.08610	0.62615	0.02266	0.01057	0.00302	0.00453	0.01888	0.00831	0.00755
35	0.01501	0.01304	0.01677	0.01612	0.01771	0.05513	0.01266	0.01798	0.01501	0.02094	0.02173	0.03190	0.02029	0.05669	0.52825	0.01224	0.10638	0.00911	0.00467	0.00838
36	0.02274	0.02387	0.03104	0.24432	0.32488	0.14835	0.02455	0.02766	0.02058	0.02569	0.01592	0.02147	0.01291	0.00854	0.00872	0.00269	0.01216	0.00752	0.00432	0.01204
37	0.02395	0.02468	0.03456	0.04981	0.53337	0.12187	0.02583	0.02878	0.02117	0.02805	0.01635	0.02118	0.01375	0.00817	0.00873	0.00260	0.01151	0.00762	0.00446	0.01356
38	0.01296	0.00886	0.01070	0.01070	0.01102	0.00918	0.00659	0.01361	0.01329	0.01804	0.02733	0.05380	0.03046	0.56006	0.16824	0.00983	0.01178	0.01232	0.00529	0.00594
39	0.01280	0.00952	0.01407	0.01407	0.01556	0.01101	0.01080	0.01578	0.01429	0.02054	0.02425	0.03672	0.02305	0.10860	0.60957	0.01400	0.02294	0.00982	0.00483	0.00782
40	0.01392	0.01152	0.01609	0.02018	0.13859	0.01082	0.01243	0.01741	0.02124	0.02830	0.20257	0.14853	0.22575	0.01949	0.01052	0.00309	0.00618	0.07629	0.00791	0.00916
41	0.01739	0.01636	0.02321	0.02056	0.02107	0.02219	0.01688	0.01974	0.01392	0.02129	0.01567	0.02458	0.01516	0.03220	0.22897	0.00728	0.46174	0.00839	0.00420	0.00921
42	0.02214	0.02126	0.03631	0.05491	0.62978	0.02126	0.02746	0.02746	0.02037	0.02923	0.01683	0.02214	0.01417	0.00797	0.00886	0.00266	0.01063	0.00797	0.00443	0.01417
43	0.03040	0.03691	0.02829	0.03159	0.18904	0.48124	0.02001	0.03351	0.02402	0.02386	0.01463	0.01774	0.01223	0.00888	0.00828	0.00240	0.01466	0.00635	0.00456	0.01139
44	0.02597	0.55582	0.04282	0.01638	0.02393	0.03385	0.01565	0.14312	0.02303	0.02822	0.01427	0.01580	0.01224	0.00828	0.00639	0.00207	0.00962	0.00545	0.00487	0.01224
45	0.03342	0.04264	0.02535	0.02305	0.02766	0.64967	0.01729	0.03572	0.02535	0.02190	0.01383	0.01613	0.01152	0.00922	0.00807	0.00230	0.01613	0.00576	0.00461	0.01037
46	0.01093	0.00866	0.00983	0.01042	0.01253	0.00757	0.00748	0.01320	0.01992	0.02513	0.14100	0.27589	0.37808	0.02387	0.01084	0.00319	0.00471	0.02068	0.00849	0.00757
47	0.01110	0.00884	0.00935	0.00958	0.01171	0.00775	0.00669	0.01283	0.01853	0.02263	0.07333	0.14702	0.44215	0.15781	0.01776	0.00424	0.00545	0.01842	0.00772	0.00709
48	0.01301	0.00867	0.00976	0.00976	0.00976	0.00867	0.00542	0.01301	0.01301	0.01735	0.02819	0.05855	0.03253	0.68559	0.04554	0.00867	0.00867	0.01301	0.00542	0.00542
49	0.02262	0.09395	0.02933	0.02221	0.02420	0.06077	0.01866	0.09718	0.01844	0.02598	0.01318	0.01908	0.01215	0.01383	0.02308	0.00346	0.47919	0.00742	0.00459	0.01070
50	0.01316	0.00901	0.01143	0.01157	0.01324	0.00944	0.00856	0.01593	0.01629	0.02371	0.03790	0.08766	0.12277	0.11917	0.29732	0.00857	0.01360	0.01225	0.16079	0.00764
51	0.01088	0.00878	0.00956	0.00995	0.01225	0.00760	0.00716	0.01302	0.01969	0.02433	0.11301	0.20973	0.44518	0.05276	0.01229	0.00339	0.00483	0.01984	0.00828	0.00745
52	0.02214	0.02126	0.03631	0.05491	0.62978	0.02126	0.02746	0.02746	0.02037	0.02923	0.01683	0.02214	0.01417	0.00797	0.00886	0.00266	0.01063	0.00797	0.00443	0.01417
53	0.02113	0.02217	0.06412	0.12037	0.37780	0.02141	0.14217	0.02851	0.05906	0.02885	0.01823	0.02334	0.01452	0.00830	0.00921	0.00280	0.01157	0.00857	0.00467	0.01320
54	0.21569	0.03380	0.02130	0.01939	0.02393	0.44512	0.01470	0.03169	0.02184	0.02615	0.01359	0.01647	0.01132	0.01045	0.00922	0.05190	0.01321	0.00566	0.00480	0.00976
55	0.01326	0.01086	0.01387	0.01689	0.11046	0.01011	0.00989	0.01548	0.01850	0.02378	0.09458	0.09287	0.30173	0.20575	0.02012	0.00456	0.00668	0.01560	0.00698	0.00806
56	0.01782	0.01318	0.01384	0.01325	0.01547	0.05219	0.00965	0.10724	0.02083	0.02917	0.03130	0.19978	0.03179	0.13511	0.09976	0.00531	0.00943	0.01344	0.17273	0.00872
57	0.03054	0.12366	0.02778	0.01872	0.02539	0.05937	0.01567	0.37353	0.07349	0.08266	0.02610	0.02570	0.05546	0.01109	0.00854	0.00260	0.00946	0.00835	0.00805	0.01383
58	0.01781	0.01405	0.01989	0.02378	0.17651	0.01328	0.01447	0.05109	0.02256	0.05794	0.19554	0.11386	0.10135	0.01545	0.00973	0.00279	0.00697	0.04602	0.00754	0.08937
59	0.05515	0.02201	0.02075	0.01974	0.06060	0.15324	0.01443	0.03525	0.19741	0.13356	0.03652	0.03540	0.11654	0.01278	0.01002	0.00284	0.04415	0.00992	0.00763	0.01206
60	0.02330	0.02462	0.02585	0.19072	0.12440	0.21059	0.01991	0.06287	0.02121	0.02522	0.01678	0.02263	0.01401	0.01876	0.11270	0.00460	0.05890	0.00755	0.00468	0.01072
61	0.03035	0.11393	0.02798	0.02283	0.05680	0.39524	0.01713	0.09831	0.10170	0.02798	0.01756	0.01903	0.01409	0.00951	0.00806	0.00241	0.01321	0.00657	0.00557	0.01172
62	0.02362	0.02491	0.02718	0.02973	0.18234	0.21296	0.07986	0.06050	0.02252	0.02745	0.02365	0.15460	0.02301	0.01269	0.00916	0.00275	0.01128	0.01114	0.04958	0.01108
63	0.20592	0.01830	0.01908	0.02054	0.09709	0.10063	0.01410	0.02287	0.01727	0.02737	0.02300	0.06596	0.05342	0.02665	0.17921	0.00593	0.07877	0.00898	0.00524	0.00964

[dist]
# distance from previous block
# <min> <max>
0	1

[block]
# block no. 1 follows, 19 sequences, length 15
# corresponding to MSA columns:
# 69-83
name=unknown_B
#
# <colnr> <probs for GDERKNQSTAVLIFYWHMCP>
#	G	D	E	R	K	N	Q	S	T	A	V	L	I	F	Y	W	H	M	C	P
0	0.02228	0.02180	0.03161	0.11074	0.33363	0.07265	0.06020	0.05256	0.02119	0.02906	0.01659	0.02125	0.01353	0.00803	0.00849	0.00244	0.01074	0.00745	0.00477	0.15101
1	0.03169	0.03560	0.02745	0.02776	0.12618	0.42142	0.01889	0.14817	0.02791	0.03005	0.01586	0.01819	0.01270	0.00932	0.00837	0.00244	0.01396	0.00659	0.00546	0.01197
2	0.02363	0.01674	0.01899	0.01661	0.02127	0.01772	0.01287	0.16341	0.21419	0.10515	0.03520	0.20882	0.03194	0.01578	0.00955	0.00299	0.00723	0.01348	0.00884	0.05560
3	0.02134	0.01378	0.01592	0.01431	0.01801	0.01421	0.01073	0.03184	0.23301	0.15082	0.10171	0.09165	0.08593	0.13694	0.01614	0.00402	0.00683	0.01289	0.00878	0.01114
4	0.01559	0.01389	0.01749	0.01660	0.01781	0.05657	0.01290	0.01807	0.01508	0.02095	0.02286	0.08620	0.02298	0.09183	0.36536	0.00982	0.17223	0.01050	0.00492	0.00832
5	0.01076	0.00833	0.00982	0.01102	0.01260	0.00739	0.00767	0.01262	0.01851	0.02340	0.06680	0.42850	0.29913	0.02576	0.01106	0.00337	0.00491	0.02266	0.00831	0.00739
6	0.02674	0.01892	0.02165	0.01735	0.02359	0.01936	0.01416	0.25686	0.09598	0.10722	0.02551	0.02996	0.02009	0.01576	0.06271	0.00352	0.00964	0.04778	0.00799	0.17521
7	0.02347	0.02116	0.03236	0.04325	0.43680	0.02149	0.02350	0.11650	0.02326	0.03312	0.01721	0.02150	0.01412	0.00861	0.00957	0.00257	0.04075	0.00767	0.00521	0.09788
8	0.10679	0.01808	0.02468	0.02540	0.14208	0.06163	0.08630	0.02514	0.01937	0.09066	0.03105	0.03428	0.11547	0.02063	0.11169	0.00470	0.05534	0.00990	0.00594	0.01088
9	0.02396	0.02235	0.02165	0.01997	0.04923	0.14458	0.01506	0.12717	0.12048	0.03220	0.02661	0.02895	0.06060	0.01527	0.04726	0.00346	0.12066	0.00879	0.10044	0.01130
10	0.01655	0.01222	0.01453	0.01457	0.01681	0.01263	0.01055	0.13796	0.06512	0.03091	0.04256	0.49560	0.04768	0.02327	0.01074	0.00339	0.00630	0.02070	0.00850	0.00942
11	0.01947	0.01466	0.01828	0.12046	0.02495	0.01578	0.01302	0.15466	0.02199	0.03072	0.02253	0.03326	0.02025	0.17024	0.13308	0.00598	0.01165	0.00913	0.06737	0.09252
12	0.02256	0.02807	0.09160	0.02375	0.02782	0.20712	0.08701	0.02636	0.01867	0.02306	0.01556	0.02157	0.01359	0.02047	0.12024	0.00493	0.22529	0.00770	0.00432	0.01029
13	0.02240	0.02251	0.02715	0.02587	0.09089	0.09533	0.05026	0.03284	0.21594	0.02809	0.02110	0.02431	0.01727	0.01247	0.01694	0.00325	0.26714	0.00852	0.00581	0.01191
14	0.01782	0.01603	0.02473	0.30161	0.14997	0.01859	0.02054	0.02621	0.11503	0.02595	0.02122	0.02761	0.01718	0.02222	0.15152	0.00546	0.01357	0.00867	0.00508	0.01098

[dist]
# distance from previous block
# <min> <max>
0	3

[block]
# block no. 2 follows, 19 sequences, length 7
# corresponding to MSA columns:
# 87-93
name=unknown_C
#
# <colnr> <probs for GDERKNQSTAVLIFYWHMCP>
#	G	D	E	R	K	N	Q	S	T	A	V	L	I	F	Y	W	H	M	C	P
0	0.01299	0.00962	0.01168	0.01261	0.01419	0.00922	0.00885	0.06717	0.02002	0.02619	0.05401	0.51376	0.15513	0.02547	0.01104	0.00344	0.00551	0.02266	0.00837	0.00806
1	0.02776	0.02319	0.02015	0.01752	0.02177	0.20220	0.01330	0.10916	0.07895	0.14103	0.02472	0.03119	0.02059	0.14690	0.07756	0.00491	0.01216	0.00886	0.00700	0.01110
2	0.02725	0.02801	0.03168	0.04036	0.36211	0.20322	0.02289	0.11950	0.02520	0.03137	0.01669	0.02031	0.01357	0.00876	0.00864	0.00256	0.01209	0.00735	0.00519	0.01324
3	0.01898	0.01746	0.02913	0.24904	0.32908	0.01877	0.02418	0.02429	0.01959	0.02667	0.02217	0.03727	0.02033	0.01139	0.00953	0.00303	0.01062	0.11180	0.00498	0.01168
4	0.01129	0.00795	0.01027	0.01196	0.01238	0.00753	0.00777	0.01256	0.01637	0.02182	0.04540	0.56489	0.05425	0.14960	0.01773	0.00457	0.00583	0.02314	0.00777	0.00693
5	0.02816	0.03412	0.02365	0.02419	0.08348	0.46980	0.01661	0.03062	0.02335	0.02278	0.02068	0.13941	0.02059	0.01258	0.00876	0.00258	0.01358	0.00961	0.00528	0.01017
6	0.01668	0.01054	0.01343	0.01260	0.01525	0.01083	0.00960	0.02076	0.04591	0.08398	0.03306	0.04083	0.08145	0.10616	0.28744	0.00821	0.01376	0.01038	0.13493	0.04421

[dist]
# distance from previous block
# <min> <max>
1	23

[block]
# block no. 3 follows, 19 sequences, length 36
# corresponding to MSA columns:
# 117-152
name=unknown_D
#
# <colnr> <probs for GDERKNQSTAVLIFYWHMCP>
#	G	D	E	R	K	N	Q	S	T	A	V	L	I	F	Y	W	H	M	C	P
0	0.02279	0.02361	0.03926	0.04842	0.44741	0.07109	0.15853	0.02839	0.02094	0.02852	0.01689	0.02213	0.01382	0.00797	0.00919	0.00271	0.01209	0.00840	0.00447	0.01338
1	0.09138	0.03545	0.02410	0.02111	0.02622	0.44026	0.01623	0.15267	0.02803	0.03123	0.04116	0.01927	0.01523	0.00985	0.00815	0.00244	0.01355	0.00661	0.00582	0.01125
2	0.02246	0.02364	0.02243	0.12707	0.02903	0.21636	0.01677	0.06994	0.02088	0.02461	0.02176	0.02724	0.05394	0.02448	0.16011	0.00552	0.11055	0.00834	0.00503	0.00986
3	0.08988	0.02372	0.06817	0.06081	0.21115	0.06312	0.15549	0.02673	0.01875	0.02767	0.01533	0.02083	0.01267	0.00973	0.01334	0.00302	0.15532	0.00803	0.00440	0.01184
4	0.01530	0.01386	0.01531	0.01504	0.01645	0.08120	0.01120	0.01743	0.01639	0.02128	0.03265	0.17847	0.07672	0.11820	0.24061	0.00785	0.09473	0.01356	0.00578	0.00796
5	0.01610	0.01149	0.01318	0.01226	0.01511	0.01126	0.00906	0.05857	0.08990	0.06532	0.20265	0.11936	0.20310	0.11422	0.01528	0.00380	0.00593	0.01566	0.00859	0.00916
6	0.13908	0.01176	0.01258	0.01181	0.01465	0.01275	0.00906	0.07602	0.01941	0.03267	0.05580	0.06554	0.02543	0.06661	0.14355	0.00536	0.00965	0.00955	0.26978	0.00892
7	0.13720	0.02636	0.02935	0.03794	0.34313	0.18212	0.02146	0.06633	0.02226	0.03078	0.01569	0.01940	0.01287	0.00852	0.00815	0.00259	0.01142	0.00693	0.00494	0.01258
8	0.01710	0.01336	0.01477	0.01415	0.01657	0.01456	0.01000	0.05074	0.25446	0.02814	0.03576	0.18139	0.03550	0.24724	0.02213	0.00509	0.00733	0.01434	0.00766	0.00971
9	0.01504	0.01207	0.01314	0.01204	0.01514	0.01172	0.00859	0.02182	0.14687	0.02556	0.04644	0.08642	0.19301	0.22632	0.02070	0.00459	0.00672	0.01352	0.00714	0.11315
10	0.02054	0.01950	0.02113	0.01906	0.06125	0.11095	0.04241	0.06821	0.02135	0.02862	0.02438	0.18091	0.02447	0.01272	0.00855	0.00232	0.00867	0.01096	0.00612	0.30787
11	0.01600	0.01075	0.01207	0.01147	0.01268	0.01114	0.00727	0.02032	0.11188	0.05426	0.02992	0.05290	0.03111	0.53883	0.03759	0.00743	0.00836	0.01232	0.00633	0.00738
12	0.02599	0.02536	0.02611	0.18575	0.03523	0.17216	0.01917	0.18063	0.02543	0.03176	0.01616	0.02030	0.01276	0.01057	0.01229	0.00281	0.13083	0.00728	0.00553	0.05388
13	0.02249	0.02740	0.08354	0.16829	0.17321	0.21610	0.02127	0.02704	0.02126	0.02473	0.02617	0.02948	0.10015	0.01073	0.00884	0.00269	0.01201	0.00871	0.00488	0.01102
14	0.01088	0.00786	0.01031	0.01227	0.01293	0.00728	0.00822	0.01248	0.01731	0.02291	0.05159	0.64701	0.09044	0.02773	0.01137	0.00360	0.00515	0.02507	0.00830	0.00728
15	0.02269	0.01576	0.01887	0.01589	0.02068	0.01594	0.01253	0.20228	0.02541	0.09164	0.02770	0.15235	0.02559	0.02566	0.14869	0.00518	0.01123	0.01135	0.00746	0.14312
16	0.02623	0.03120	0.02240	0.02242	0.07124	0.41246	0.01580	0.02893	0.02242	0.02253	0.02455	0.02792	0.08292	0.02109	0.12443	0.00459	0.01581	0.00810	0.00504	0.00992
17	0.01150	0.00794	0.01037	0.01193	0.01256	0.00743	0.00794	0.01244	0.01655	0.02182	0.04765	0.52438	0.09754	0.07020	0.01602	0.08134	0.00563	0.02226	0.00765	0.00681
18	0.02238	0.02213	0.03472	0.11008	0.53756	0.06167	0.02656	0.02756	0.02046	0.02816	0.01655	0.02192	0.01379	0.00814	0.00881	0.00266	0.01111	0.00783	0.00440	0.01353
19	0.02232	0.02285	0.03214	0.21765	0.38759	0.11079	0.02528	0.02738	0.02040	0.02643	0.01614	0.02175	0.01318	0.00842	0.00877	0.00270	0.01177	0.00765	0.00433	0.01247
20	0.03342	0.04264	0.02535	0.02305	0.02766	0.64967	0.01729	0.03572	0.02535	0.02190	0.01383	0.01613	0.01152	0.00922	0.00807	0.00230	0.01613	0.00576	0.00461	0.01037
21	0.01123	0.00874	0.00990	0.01048	0.01241	0.00778	0.00746	0.01327	0.01904	0.02394	0.10644	0.23673	0.35142	0.09892	0.01483	0.00385	0.00531	0.04284	0.00808	0.00732
22	0.02003	0.02897	0.19810	0.03202	0.04050	0.02302	0.34868	0.02729	0.01921	0.02729	0.01643	0.02197	0.01267	0.00925	0.01343	0.00313	0.13281	0.00906	0.00422	0.01195
23	0.01186	0.00911	0.01085	0.01042	0.01288	0.00810	0.00781	0.01534	0.02344	0.03140	0.42095	0.07419	0.29131	0.01996	0.01056	0.00289	0.00434	0.01721	0.00926	0.00810
24	0.03122	0.02340	0.02535	0.01926	0.02656	0.02489	0.01585	0.49561	0.03782	0.05146	0.02047	0.02095	0.01486	0.01000	0.00853	0.00244	0.00926	0.00756	0.00829	0.14623
25	0.03342	0.04264	0.02535	0.02305	0.02766	0.64967	0.01729	0.03572	0.02535	0.02190	0.01383	0.01613	0.01152	0.00922	0.00807	0.00230	0.01613	0.00576	0.00461	0.01037
26	0.01301	0.00867	0.00976	0.00976	0.00976	0.00867	0.00542	0.01301	0.01301	0.01735	0.02819	0.05855	0.03253	0.68559	0.04554	0.00867	0.00867	0.01301	0.00542	0.00542
27	0.01192	0.00844	0.01084	0.01153	0.01254	0.00795	0.00783	0.01416	0.01936	0.02657	0.25420	0.34532	0.06351	0.14332	0.01727	0.00425	0.00547	0.01983	0.00834	0.00736
28	0.19451	0.01568	0.01910	0.01501	0.02163	0.01466	0.01240	0.03983	0.02335	0.50618	0.03032	0.02698	0.01943	0.01047	0.00824	0.00277	0.00746	0.00809	0.00987	0.01402
29	0.02105	0.01519	0.01667	0.01413	0.01738	0.01606	0.01040	0.24383	0.02631	0.03524	0.09796	0.04677	0.07104	0.30041	0.02485	0.00528	0.00835	0.01182	0.00750	0.00975
30	0.01690	0.01590	0.02683	0.66408	0.06162	0.01988	0.02485	0.02286	0.01789	0.02286	0.01590	0.02385	0.01193	0.00894	0.00894	0.00298	0.01193	0.00795	0.00398	0.00994
31	0.01090	0.00779	0.01038	0.01246	0.01298	0.00727	0.00830	0.01246	0.01713	0.02284	0.04931	0.67975	0.05917	0.02803	0.01142	0.00363	0.00519	0.02543	0.00830	0.00727
32	0.03593	0.02197	0.02494	0.01912	0.02621	0.02317	0.01580	0.42541	0.03690	0.23822	0.02581	0.02429	0.01739	0.01084	0.00896	0.00271	0.00914	0.00835	0.00962	0.01522
33	0.01289	0.00862	0.00979	0.00991	0.00994	0.00859	0.00559	0.01298	0.01325	0.01767	0.02942	0.09465	0.03407	0.64736	0.04355	0.00838	0.00847	0.01373	0.00559	0.00553
34	0.01554	0.00777	0.01166	0.01166	0.01166	0.00777	0.00777	0.01166	0.01166	0.01554	0.01554	0.02720	0.01554	0.03108	0.03497	0.73970	0.00777	0.00777	0.00389	0.00389
35	0.02225	0.01922	0.02023	0.01821	0.02326	0.02225	0.01416	0.04754	0.61361	0.03742	0.03641	0.03338	0.02731	0.01214	0.00910	0.00303	0.00708	0.01011	0.00910	0.01416

[dist]
# distance from previous block
# <min> <max>
0	14

[block]
# block no. 4 follows, 19 sequences, length 53
# corresponding to MSA columns:
# 167-219
name=unknown_E
#
# <colnr> <probs for GDERKNQSTAVLIFYWHMCP>
#	G	D	E	R	K	N	Q	S	T	A	V	L	I	F	Y	W	H	M	C	P
0	0.05523	0.00881	0.00859	0.00852	0.01079	0.00896	0.00643	0.02113	0.01858	0.03371	0.02830	0.03236	0.02223	0.01031	0.00622	0.00212	0.00431	0.00815	0.69682	0.00841
1	0.01242	0.00885	0.01003	0.00990	0.01095	0.00839	0.00629	0.01372	0.01695	0.02236	0.15587	0.06604	0.16973	0.41568	0.03134	0.00634	0.00693	0.01488	0.00689	0.00646
2	0.01797	0.00959	0.00972	0.00925	0.01172	0.00979	0.00706	0.06413	0.02050	0.03508	0.02861	0.03247	0.02235	0.01045	0.00646	0.00213	0.00459	0.00832	0.68096	0.00885
3	0.02477	0.02047	0.02165	0.01872	0.02422	0.02343	0.01477	0.16597	0.49108	0.04149	0.03321	0.03083	0.02472	0.01184	0.00907	0.00296	0.00767	0.00967	0.00907	0.01439
4	0.01510	0.01035	0.01323	0.01369	0.01548	0.01067	0.00982	0.02040	0.10259	0.06755	0.04023	0.37626	0.04320	0.07899	0.13241	0.00585	0.00938	0.01823	0.00775	0.00882
5	0.02186	0.01686	0.01789	0.01569	0.02024	0.01848	0.01228	0.17072	0.26461	0.03853	0.04048	0.08380	0.11202	0.01420	0.00905	0.00286	0.00685	0.01171	0.10970	0.01217
6	0.01642	0.00842	0.00874	0.00874	0.01080	0.00853	0.00658	0.02052	0.01847	0.03251	0.02883	0.03347	0.02289	0.01423	0.04946	0.00291	0.00550	0.00842	0.68624	0.00832
7	0.01570	0.00785	0.01119	0.01119	0.01148	0.00785	0.00756	0.01293	0.01264	0.01801	0.01743	0.02805	0.01657	0.02821	0.03098	0.63731	0.00727	0.00785	0.10542	0.00450
8	0.02015	0.03188	0.25927	0.03072	0.08038	0.06452	0.22567	0.02749	0.01951	0.02702	0.01696	0.02202	0.01318	0.01306	0.05865	0.00379	0.06111	0.00833	0.00423	0.01206
9	0.01090	0.00779	0.01038	0.01246	0.01298	0.00727	0.00830	0.01246	0.01713	0.02284	0.04931	0.67975	0.05917	0.02803	0.01142	0.00363	0.00519	0.02543	0.00830	0.00727
10	0.03342	0.04264	0.02535	0.02305	0.02766	0.64967	0.01729	0.03572	0.02535	0.02190	0.01383	0.01613	0.01152	0.00922	0.00807	0.00230	0.01613	0.00576	0.00461	0.01037
11	0.02371	0.02442	0.03125	0.10855	0.38141	0.13836	0.02361	0.03104	0.09563	0.02822	0.01863	0.02262	0.01509	0.00883	0.00875	0.00267	0.01135	0.00783	0.00500	0.01302
12	0.02011	0.01967	0.02255	0.06409	0.02565	0.12714	0.09649	0.09379	0.02535	0.03180	0.21211	0.04665	0.14860	0.01436	0.00980	0.00279	0.00919	0.01244	0.00734	0.01008
13	0.01180	0.00868	0.01037	0.01134	0.01259	0.00809	0.00791	0.01346	0.01738	0.02227	0.05480	0.28524	0.20508	0.19673	0.02016	0.00484	0.00630	0.08845	0.00755	0.00699
14	0.06998	0.22759	0.42768	0.02166	0.03277	0.02489	0.02640	0.02775	0.01843	0.02707	0.01478	0.01730	0.01126	0.00825	0.00751	0.00257	0.01175	0.00597	0.00391	0.01248
15	0.03347	0.04108	0.02549	0.02283	0.02767	0.59445	0.01726	0.08582	0.02684	0.02496	0.01451	0.01661	0.01185	0.00935	0.00815	0.00234	0.01558	0.00597	0.00499	0.01080
16	0.02818	0.02542	0.02231	0.01856	0.02411	0.16877	0.01472	0.31053	0.06599	0.04032	0.03536	0.03476	0.14602	0.01302	0.00910	0.00269	0.01002	0.00996	0.00780	0.01238
17	0.01586	0.01032	0.01227	0.01124	0.01468	0.00885	0.00854	0.01883	0.02187	0.11277	0.20676	0.13101	0.30062	0.01931	0.01014	0.00287	0.00511	0.01650	0.00885	0.06358
18	0.01134	0.00882	0.01016	0.01036	0.01250	0.00780	0.00748	0.01392	0.02080	0.02688	0.23043	0.19232	0.33655	0.05474	0.01243	0.00335	0.00477	0.01908	0.00860	0.00765
19	0.03290	0.02440	0.02625	0.02006	0.02727	0.02661	0.01655	0.55853	0.04038	0.05443	0.02108	0.02127	0.01507	0.01044	0.00878	0.00259	0.00961	0.00786	0.00869	0.06722
20	0.02378	0.01900	0.02136	0.01573	0.02342	0.01728	0.01277	0.21788	0.02651	0.03837	0.01779	0.01954	0.01392	0.00802	0.00741	0.00179	0.00771	0.00623	0.00654	0.49497
21	0.01408	0.01199	0.01251	0.01206	0.01560	0.01185	0.00930	0.02293	0.18739	0.02805	0.07291	0.07210	0.42492	0.01981	0.01026	0.00309	0.00546	0.04771	0.00853	0.00945
22	0.01211	0.00833	0.00953	0.01045	0.01202	0.00764	0.00729	0.01435	0.01825	0.02518	0.05644	0.33714	0.21987	0.05419	0.01172	0.00337	0.00495	0.01930	0.16039	0.00749
23	0.03401	0.02506	0.02685	0.02058	0.02774	0.02774	0.01700	0.59995	0.04206	0.05638	0.02148	0.02148	0.01521	0.01074	0.00895	0.00268	0.00984	0.00805	0.00895	0.01521
24	0.74878	0.01730	0.01315	0.01177	0.01730	0.02007	0.00969	0.02630	0.01523	0.04014	0.01246	0.01453	0.00969	0.00830	0.00554	0.00277	0.00692	0.00484	0.00554	0.00969
25	0.01217	0.00847	0.00991	0.01050	0.01129	0.00806	0.00669	0.01337	0.01620	0.02166	0.07480	0.25194	0.12540	0.32713	0.02665	0.00574	0.00660	0.01759	0.03926	0.00657
26	0.01327	0.00931	0.01123	0.01064	0.01290	0.00843	0.00777	0.01634	0.02229	0.05466	0.37314	0.06942	0.22160	0.11182	0.01535	0.00368	0.00506	0.01618	0.00887	0.00806
27	0.04014	0.01523	0.02076	0.01592	0.02284	0.01315	0.01315	0.04360	0.02561	0.63597	0.03530	0.03045	0.02215	0.01107	0.00900	0.00277	0.00761	0.00900	0.01107	0.01523
28	0.03401	0.02506	0.02685	0.02058	0.02774	0.02774	0.01700	0.59995	0.04206	0.05638	0.02148	0.02148	0.01521	0.01074	0.00895	0.00268	0.00984	0.00805	0.00895	0.01521
29	0.03308	0.02040	0.02310	0.01804	0.02464	0.02132	0.01479	0.35436	0.06427	0.22324	0.03262	0.03063	0.07366	0.01200	0.00912	0.00276	0.00856	0.00943	0.00952	0.01446
30	0.01306	0.00945	0.01079	0.01077	0.01190	0.00930	0.00697	0.01594	0.05876	0.02299	0.12691	0.12719	0.12328	0.38075	0.02948	0.00612	0.00698	0.01538	0.00703	0.00697
31	0.03365	0.03568	0.02595	0.02207	0.02769	0.40340	0.01717	0.25915	0.03197	0.03555	0.01686	0.01825	0.01299	0.00982	0.00842	0.00246	0.01364	0.00667	0.00633	0.01229
32	0.02092	0.01997	0.03344	0.05008	0.56468	0.01981	0.02528	0.02592	0.02037	0.02869	0.02461	0.02888	0.07866	0.00952	0.00904	0.00270	0.00999	0.00912	0.00484	0.01347
33	0.15124	0.01250	0.01322	0.01284	0.01597	0.01318	0.00966	0.02366	0.14702	0.03246	0.18185	0.19575	0.12141	0.01794	0.00951	0.00307	0.00560	0.01528	0.00833	0.00951
34	0.01170	0.00905	0.01004	0.00998	0.01212	0.00809	0.00716	0.01397	0.01987	0.02530	0.18934	0.07668	0.36043	0.16394	0.01814	0.00423	0.00550	0.03914	0.00801	0.00731
35	0.01301	0.00867	0.00976	0.00976	0.00976	0.00867	0.00542	0.01301	0.01301	0.01735	0.02819	0.05855	0.03253	0.68559	0.04554	0.00867	0.00867	0.01301	0.00542	0.00542
36	0.01690	0.01590	0.02683	0.66408	0.06162	0.01988	0.02485	0.02286	0.01789	0.02286	0.01590	0.02385	0.01193	0.00894	0.00894	0.00298	0.01193	0.00795	0.00398	0.00994
37	0.01794	0.04628	0.63923	0.02550	0.03872	0.02078	0.03305	0.02833	0.01889	0.02833	0.01606	0.01889	0.01133	0.00850	0.00850	0.00283	0.01322	0.00661	0.00378	0.01322
38	0.02392	0.02011	0.02505	0.06354	0.02784	0.06540	0.07663	0.25323	0.02721	0.03609	0.02108	0.02639	0.01710	0.03018	0.23669	0.00686	0.01600	0.00869	0.00636	0.01162
39	0.02156	0.02113	0.03474	0.03871	0.28912	0.02270	0.13636	0.03107	0.14666	0.02967	0.02048	0.02454	0.01649	0.00998	0.01246	0.00301	0.11397	0.00892	0.00537	0.01306
40	0.02132	0.02042	0.03483	0.15014	0.54096	0.02104	0.02705	0.02674	0.01998	0.02823	0.01668	0.02241	0.01382	0.00812	0.00887	0.00271	0.01083	0.00797	0.00436	0.01351
41	0.01684	0.01314	0.01448	0.01287	0.01659	0.01315	0.01000	0.12721	0.08852	0.03531	0.24254	0.06235	0.27633	0.01793	0.01011	0.00289	0.00569	0.01508	0.00900	0.00996
42	0.01135	0.00798	0.01025	0.01188	0.01229	0.00757	0.00769	0.01258	0.01625	0.02166	0.04478	0.54657	0.05346	0.16900	0.01873	0.00471	0.00594	0.02277	0.00769	0.00687
43	0.01057	0.00906	0.00906	0.00906	0.01208	0.00755	0.00680	0.01284	0.02039	0.02417	0.09063	0.08610	0.62615	0.02266	0.01057	0.00302	0.00453	0.01888	0.00831	0.00755
44	0.01855	0.01590	0.01855	0.01325	0.02120	0.01193	0.01060	0.02253	0.01855	0.02915	0.01590	0.01855	0.01325	0.00663	0.00663	0.00133	0.00663	0.00530	0.00530	0.74028
45	0.20616	0.02199	0.01873	0.08410	0.02483	0.15395	0.01366	0.08993	0.10422	0.03447	0.02050	0.02271	0.01581	0.00975	0.00742	0.00259	0.00924	0.00709	0.14203	0.01081
46	0.01554	0.00777	0.01166	0.01166	0.01166	0.00777	0.00777	0.01166	0.01166	0.01554	0.01554	0.02720	0.01554	0.03108	0.03497	0.73970	0.00777	0.00777	0.00389	0.00389
47	0.01230	0.00866	0.01121	0.01240	0.01332	0.00833	0.00879	0.01435	0.01799	0.02416	0.12672	0.33910	0.05516	0.17921	0.01942	0.00478	0.00643	0.12263	0.00784	0.00719
48	0.74878	0.01730	0.01315	0.01177	0.01730	0.02007	0.00969	0.02630	0.01523	0.04014	0.01246	0.01453	0.00969	0.00830	0.00554	0.00277	0.00692	0.00484	0.00554	0.00969
49	0.01668	0.00834	0.00834	0.00834	0.01042	0.00834	0.00625	0.02085	0.01876	0.03335	0.02918	0.03335	0.02293	0.01042	0.00625	0.00208	0.00417	0.00834	0.73525	0.00834
50	0.01211	0.00963	0.01104	0.01130	0.01386	0.00881	0.00867	0.01609	0.05113	0.02724	0.17741	0.14439	0.35694	0.02215	0.01083	0.00320	0.00518	0.09329	0.00863	0.00812
51	0.01081	0.00815	0.01001	0.01150	0.01273	0.00735	0.00788	0.01256	0.01805	0.02321	0.06094	0.51264	0.21877	0.02652	0.01118	0.00346	0.00501	0.02359	0.00831	0.00735
52	0.03147	0.02370	0.02685	0.11600	0.03277	0.02658	0.01817	0.51438	0.03848	0.05141	0.02065	0.02183	0.01473	0.01047	0.00895	0.00273	0.01015	0.00804	0.00821	0.01443

[dist]
# distance from previous block
# <min> <max>
0	5

# created by:
# /home/cegg/simao/soft/augustus-3.2.1/scripts/msa2prfl.pl ./align_prep/13815.fa
