[name]
unknown

[dist]
# distance from previous block
# <min> <max>
0	0

[block]
# block no. 0 follows, 21 sequences, length 12
# corresponding to MSA columns:
# 0-11
name=unknown_A
#
# <colnr> <probs for GDERKNQSTAVLIFYWHMCP>
#	G	D	E	R	K	N	Q	S	T	A	V	L	I	F	Y	W	H	M	C	P
0	0.01371	0.00980	0.01371	0.01567	0.01763	0.00980	0.01371	0.01763	0.01959	0.02547	0.04506	0.09599	0.04898	0.02351	0.01175	0.00392	0.00784	0.59056	0.00784	0.00784
1	0.01006	0.00862	0.00862	0.00862	0.01149	0.00718	0.00647	0.01221	0.01940	0.02299	0.08621	0.08190	0.64438	0.02155	0.01006	0.00287	0.00431	0.01796	0.00790	0.00718
2	0.02106	0.02022	0.03454	0.05223	0.64784	0.02022	0.02612	0.02612	0.01938	0.02780	0.01601	0.02106	0.01348	0.00758	0.00842	0.00253	0.01011	0.00758	0.00421	0.01348
3	0.02296	0.02440	0.03085	0.12880	0.42084	0.17442	0.02348	0.02741	0.02019	0.02533	0.01521	0.01991	0.01259	0.00799	0.00826	0.00249	0.01152	0.00708	0.00420	0.01208
4	0.01607	0.01513	0.02552	0.68047	0.05861	0.01891	0.02363	0.02174	0.01702	0.02174	0.01513	0.02269	0.01134	0.00851	0.00851	0.00284	0.01134	0.00756	0.00378	0.00945
5	0.02106	0.02022	0.03454	0.05223	0.64784	0.02022	0.02612	0.02612	0.01938	0.02780	0.01601	0.02106	0.01348	0.00758	0.00842	0.00253	0.01011	0.00758	0.00421	0.01348
6	0.01068	0.00841	0.00965	0.00983	0.01200	0.00737	0.00718	0.01324	0.02015	0.02593	0.23785	0.19308	0.37170	0.02134	0.01020	0.00293	0.00435	0.01841	0.00832	0.00737
7	0.01998	0.01901	0.03188	0.15685	0.50544	0.01940	0.02463	0.02506	0.01886	0.02676	0.01580	0.02111	0.01306	0.00766	0.00830	0.00250	0.01007	0.00741	0.00419	0.06205
8	0.01868	0.01905	0.01799	0.01991	0.10220	0.16844	0.01358	0.02405	0.08779	0.02566	0.08412	0.05360	0.20200	0.01560	0.00941	0.00283	0.00857	0.11027	0.00674	0.00952
9	0.02567	0.49580	0.03847	0.01644	0.02325	0.11780	0.01510	0.13151	0.02222	0.02607	0.01353	0.01508	0.01155	0.00800	0.00630	0.00200	0.00999	0.00523	0.00460	0.01141
10	0.23431	0.02278	0.01741	0.01563	0.01986	0.22356	0.01217	0.09007	0.02135	0.03042	0.06849	0.02663	0.06582	0.01766	0.09541	0.00398	0.01148	0.00766	0.00576	0.00954
11	0.02367	0.02486	0.03243	0.08180	0.32202	0.16322	0.10140	0.06554	0.05121	0.02777	0.01665	0.02064	0.01337	0.00821	0.00850	0.00254	0.01170	0.00755	0.00472	0.01221

[dist]
# distance from previous block
# <min> <max>
2	4

[block]
# block no. 1 follows, 21 sequences, length 15
# corresponding to MSA columns:
# 16-30
name=unknown_B
#
# <colnr> <probs for GDERKNQSTAVLIFYWHMCP>
#	G	D	E	R	K	N	Q	S	T	A	V	L	I	F	Y	W	H	M	C	P
0	0.01607	0.01513	0.02552	0.68047	0.05861	0.01891	0.02363	0.02174	0.01702	0.02174	0.01513	0.02269	0.01134	0.00851	0.00851	0.00284	0.01134	0.00756	0.00378	0.00945
1	0.01302	0.01073	0.01170	0.01110	0.01414	0.01044	0.00843	0.02044	0.15295	0.02891	0.23516	0.06582	0.34896	0.01820	0.00975	0.00282	0.00475	0.01542	0.00849	0.00878
2	0.01765	0.01513	0.01765	0.01260	0.02017	0.01134	0.01008	0.02143	0.01765	0.02773	0.01513	0.01765	0.01260	0.00630	0.00630	0.00126	0.00630	0.00504	0.00504	0.75295
3	0.01300	0.01010	0.01109	0.01108	0.01291	0.01015	0.00761	0.01846	0.13262	0.02295	0.04915	0.17537	0.21214	0.25076	0.02121	0.00480	0.00622	0.01562	0.00712	0.00764
4	0.05904	0.03754	0.50278	0.02212	0.03319	0.01919	0.02692	0.06445	0.01995	0.11062	0.01779	0.01933	0.01226	0.00852	0.00803	0.00268	0.01138	0.00658	0.00488	0.01277
5	0.02148	0.02161	0.03606	0.04856	0.53758	0.05323	0.10268	0.02667	0.01971	0.02738	0.01602	0.02102	0.01328	0.00759	0.00860	0.00256	0.01093	0.00780	0.00423	0.01304
6	0.02227	0.64958	0.09681	0.01539	0.02312	0.03249	0.01600	0.02561	0.01735	0.02061	0.01212	0.01402	0.01091	0.00735	0.00568	0.00189	0.00940	0.00470	0.00364	0.01106
7	0.01991	0.13298	0.51009	0.02203	0.03329	0.02099	0.02726	0.02816	0.01849	0.08681	0.01657	0.01844	0.01180	0.00821	0.00777	0.00257	0.01158	0.00627	0.00427	0.01253
8	0.02074	0.10220	0.46000	0.02153	0.03215	0.02028	0.02580	0.03025	0.07036	0.10951	0.01897	0.02015	0.01342	0.00862	0.00794	0.00262	0.01105	0.00670	0.00494	0.01274
9	0.01037	0.00741	0.00987	0.01185	0.01234	0.00691	0.00790	0.01185	0.01629	0.02172	0.04690	0.69537	0.05629	0.02666	0.01086	0.00346	0.00494	0.02419	0.00790	0.00691
10	0.02470	0.02711	0.03101	0.04197	0.43726	0.23927	0.02284	0.02878	0.02098	0.02544	0.01504	0.01913	0.01263	0.00798	0.00817	0.00241	0.01188	0.00687	0.00427	0.01226
11	0.01824	0.01986	0.15346	0.01584	0.02156	0.01498	0.01500	0.02946	0.21195	0.09167	0.18442	0.04290	0.11798	0.01345	0.00905	0.00277	0.00706	0.01131	0.00782	0.01122
12	0.02742	0.02363	0.19146	0.02247	0.08116	0.01584	0.07706	0.03302	0.02118	0.31383	0.02388	0.02371	0.01610	0.00890	0.00835	0.00253	0.00949	0.00768	0.00703	0.08526
13	0.01842	0.06082	0.31129	0.02145	0.07389	0.01773	0.02151	0.07456	0.01968	0.02865	0.01864	0.08386	0.01616	0.00956	0.00786	0.00236	0.00970	0.00786	0.00483	0.19118
14	0.02410	0.23719	0.02737	0.01612	0.02186	0.16622	0.01372	0.08209	0.02182	0.06337	0.02341	0.02916	0.06251	0.01058	0.00750	0.00223	0.00955	0.06321	0.00560	0.11240

[dist]
# distance from previous block
# <min> <max>
5	17

[block]
# block no. 2 follows, 21 sequences, length 90
# corresponding to MSA columns:
# 48-137
name=unknown_C
#
# <colnr> <probs for GDERKNQSTAVLIFYWHMCP>
#	G	D	E	R	K	N	Q	S	T	A	V	L	I	F	Y	W	H	M	C	P
0	0.18150	0.18909	0.02648	0.01688	0.02141	0.09787	0.01437	0.10898	0.01981	0.02905	0.01701	0.01963	0.04481	0.01053	0.01158	0.00264	0.16649	0.00650	0.00501	0.01037
1	0.02237	0.14998	0.30670	0.02142	0.02975	0.11208	0.02294	0.11043	0.02124	0.02797	0.01466	0.01730	0.01139	0.00911	0.00988	0.00257	0.08774	0.00621	0.00442	0.01183
2	0.01895	0.19450	0.41266	0.02480	0.06670	0.02322	0.09339	0.02660	0.01812	0.02542	0.01473	0.01769	0.01120	0.00777	0.00771	0.00250	0.01184	0.00638	0.00372	0.01212
3	0.01945	0.12258	0.51166	0.02268	0.03384	0.05624	0.02770	0.06242	0.01952	0.02738	0.01505	0.01745	0.01103	0.00815	0.00777	0.00255	0.01211	0.00612	0.00393	0.01235
4	0.02652	0.12942	0.02667	0.05433	0.08608	0.34296	0.01617	0.08572	0.02253	0.02413	0.01558	0.02106	0.01381	0.08658	0.01156	0.00292	0.01235	0.00664	0.00472	0.01027
5	0.02415	0.02630	0.03226	0.04258	0.43680	0.20929	0.05202	0.02847	0.02080	0.02574	0.01523	0.01948	0.01272	0.00791	0.00828	0.00245	0.01185	0.00709	0.00427	0.01233
6	0.01080	0.00774	0.00960	0.01089	0.01153	0.00725	0.00710	0.01201	0.01573	0.02065	0.04666	0.47730	0.11667	0.18306	0.01833	0.00451	0.00564	0.02074	0.00726	0.00653
7	0.01573	0.01593	0.01322	0.01352	0.01554	0.16872	0.00965	0.01754	0.01859	0.02142	0.04553	0.31919	0.17902	0.05898	0.04408	0.00377	0.00840	0.01679	0.00673	0.00764
8	0.02356	0.02495	0.03212	0.04518	0.50314	0.17074	0.02387	0.02795	0.02048	0.02618	0.01534	0.01973	0.01289	0.00786	0.00825	0.00245	0.01133	0.00709	0.00425	0.01264
9	0.01037	0.00741	0.00987	0.01185	0.01234	0.00691	0.00790	0.01185	0.01629	0.02172	0.04690	0.69537	0.05629	0.02666	0.01086	0.00346	0.00494	0.02419	0.00790	0.00691
10	0.05924	0.02824	0.24838	0.04037	0.40297	0.02000	0.02705	0.02635	0.01863	0.02806	0.01553	0.01961	0.01232	0.00777	0.00814	0.00259	0.01077	0.00698	0.00405	0.01294
11	0.02737	0.01771	0.02003	0.01690	0.02244	0.01911	0.01346	0.10208	0.39131	0.22175	0.03289	0.02978	0.02335	0.01111	0.00861	0.00278	0.00715	0.00911	0.00920	0.01387
12	0.03235	0.02384	0.02554	0.01958	0.02639	0.02639	0.01618	0.61946	0.04001	0.05363	0.02043	0.02043	0.01447	0.01022	0.00851	0.00255	0.00936	0.00766	0.00851	0.01447
13	0.02031	0.02055	0.03832	0.10574	0.41564	0.02048	0.19969	0.02605	0.01937	0.02708	0.01628	0.02177	0.01311	0.00755	0.00891	0.00266	0.01147	0.00830	0.00420	0.01252
14	0.02941	0.03225	0.02685	0.02848	0.17102	0.37920	0.01864	0.15745	0.02641	0.02947	0.01538	0.01777	0.01230	0.00880	0.00803	0.00235	0.01285	0.00644	0.00523	0.01169
15	0.01037	0.00741	0.00987	0.01185	0.01234	0.00691	0.00790	0.01185	0.01629	0.02172	0.04690	0.69537	0.05629	0.02666	0.01086	0.00346	0.00494	0.02419	0.00790	0.00691
16	0.02106	0.02022	0.03454	0.05223	0.64784	0.02022	0.02612	0.02612	0.01938	0.02780	0.01601	0.02106	0.01348	0.00758	0.00842	0.00253	0.01011	0.00758	0.00421	0.01348
17	0.01219	0.01554	0.14867	0.01424	0.01767	0.00992	0.01297	0.01606	0.01847	0.02573	0.17899	0.40332	0.05214	0.02053	0.01008	0.00311	0.00636	0.01831	0.00732	0.00838
18	0.01078	0.00764	0.00969	0.01115	0.01165	0.00721	0.00724	0.01198	0.01560	0.02067	0.04447	0.52941	0.07872	0.17071	0.01777	0.00445	0.00562	0.02137	0.00731	0.00655
19	0.02009	0.02296	0.05022	0.03587	0.04448	0.02152	0.61693	0.02726	0.02009	0.02726	0.01722	0.02296	0.01291	0.00717	0.01004	0.00287	0.01435	0.01004	0.00430	0.01148
20	0.02399	0.02797	0.02318	0.02066	0.02374	0.35680	0.04444	0.02657	0.01932	0.02081	0.01534	0.02074	0.01362	0.02330	0.17294	0.00532	0.14073	0.00695	0.00430	0.00929
21	0.01204	0.00904	0.01142	0.01217	0.01432	0.00843	0.00986	0.01532	0.02044	0.02664	0.20363	0.11962	0.23122	0.02163	0.01078	0.00328	0.00570	0.24860	0.00823	0.00764
22	0.01607	0.01513	0.02552	0.68047	0.05861	0.01891	0.02363	0.02174	0.01702	0.02174	0.01513	0.02269	0.01134	0.00851	0.00851	0.00284	0.01134	0.00756	0.00378	0.00945
23	0.01115	0.00796	0.01077	0.01274	0.01357	0.00758	0.00925	0.01320	0.01706	0.02260	0.04647	0.55583	0.05458	0.02593	0.01107	0.00356	0.00561	0.15605	0.00788	0.00713
24	0.02106	0.02022	0.03454	0.05223	0.64784	0.02022	0.02612	0.02612	0.01938	0.02780	0.01601	0.02106	0.01348	0.00758	0.00842	0.00253	0.01011	0.00758	0.00421	0.01348
25	0.02106	0.02022	0.03454	0.05223	0.64784	0.02022	0.02612	0.02612	0.01938	0.02780	0.01601	0.02106	0.01348	0.00758	0.00842	0.00253	0.01011	0.00758	0.00421	0.01348
26	0.02106	0.02022	0.03454	0.05223	0.64784	0.02022	0.02612	0.02612	0.01938	0.02780	0.01601	0.02106	0.01348	0.00758	0.00842	0.00253	0.01011	0.00758	0.00421	0.01348
27	0.76103	0.01646	0.01251	0.01119	0.01646	0.01909	0.00922	0.02502	0.01448	0.03818	0.01185	0.01382	0.00922	0.00790	0.00527	0.00263	0.00658	0.00461	0.00527	0.00922
28	0.01006	0.00862	0.00862	0.00862	0.01149	0.00718	0.00647	0.01221	0.01940	0.02299	0.08621	0.08190	0.64438	0.02155	0.01006	0.00287	0.00431	0.01796	0.00790	0.00718
29	0.03192	0.03667	0.02445	0.02138	0.02633	0.51768	0.01638	0.17029	0.02782	0.02846	0.01485	0.01653	0.01178	0.00911	0.00787	0.00228	0.01395	0.00599	0.00535	0.01094
30	0.03446	0.01622	0.02031	0.01603	0.02232	0.01563	0.01309	0.10698	0.13567	0.47505	0.03229	0.02851	0.02121	0.01068	0.00857	0.00267	0.00739	0.00865	0.00997	0.01430
31	0.02287	0.60658	0.10647	0.01559	0.02338	0.03128	0.01621	0.02636	0.01768	0.04945	0.01317	0.01479	0.01137	0.00751	0.00587	0.00195	0.00937	0.00491	0.00395	0.01125
32	0.03127	0.03948	0.02388	0.02170	0.02611	0.63537	0.01630	0.03453	0.05370	0.02155	0.01420	0.01614	0.01169	0.00890	0.00772	0.00223	0.01493	0.00568	0.00459	0.01004
33	0.01030	0.00766	0.00962	0.01119	0.01217	0.00697	0.00760	0.01192	0.01693	0.02198	0.05498	0.56927	0.17717	0.02561	0.01070	0.00334	0.00481	0.02291	0.00790	0.00697
34	0.02620	0.02552	0.02053	0.01746	0.02238	0.24134	0.01367	0.25600	0.02904	0.03417	0.03551	0.03511	0.18157	0.01275	0.00864	0.00252	0.01007	0.00966	0.00693	0.01094
35	0.10995	0.05279	0.01843	0.01571	0.01918	0.17095	0.01237	0.08068	0.01921	0.02611	0.01863	0.02443	0.01621	0.03347	0.30302	0.00740	0.01622	0.00729	0.03875	0.00918
36	0.01874	0.23878	0.47672	0.02140	0.03242	0.02386	0.02648	0.02652	0.01777	0.02491	0.01426	0.01670	0.01082	0.00785	0.00731	0.00244	0.01155	0.00578	0.00361	0.01209
37	0.02650	0.02487	0.02478	0.02618	0.15774	0.17938	0.01730	0.13361	0.22191	0.06585	0.02298	0.02342	0.01746	0.00974	0.00834	0.00257	0.01003	0.00779	0.00674	0.01281
38	0.01876	0.01740	0.02874	0.04197	0.49234	0.01720	0.02161	0.02347	0.02030	0.02881	0.14233	0.03236	0.05739	0.01019	0.00882	0.00257	0.00863	0.00962	0.00540	0.01210
39	0.01683	0.01822	0.15120	0.01479	0.02001	0.01281	0.01412	0.02476	0.11106	0.09293	0.30252	0.04763	0.10969	0.01430	0.00927	0.00273	0.00659	0.01219	0.00799	0.01035
40	0.01347	0.01089	0.01234	0.01271	0.01502	0.01117	0.00920	0.02175	0.19828	0.02610	0.05245	0.35732	0.18428	0.02103	0.01003	0.00315	0.00532	0.01846	0.00812	0.00890
41	0.01796	0.03782	0.47837	0.02767	0.03908	0.02028	0.20368	0.02704	0.01859	0.02704	0.01584	0.01943	0.01141	0.00782	0.00866	0.00275	0.01310	0.00739	0.00380	0.01225
42	0.02119	0.22419	0.09527	0.03855	0.40696	0.02414	0.02321	0.02601	0.01863	0.02543	0.01471	0.01859	0.01248	0.00754	0.00752	0.00233	0.01004	0.00657	0.00399	0.01264
43	0.02294	0.13155	0.21462	0.02168	0.02870	0.15339	0.05221	0.10113	0.02112	0.02687	0.01485	0.01813	0.01192	0.01165	0.03882	0.00307	0.10506	0.00652	0.00447	0.01131
44	0.01839	0.19814	0.51430	0.02200	0.03334	0.02300	0.02751	0.02661	0.01781	0.02534	0.01447	0.01696	0.01081	0.00790	0.00747	0.00249	0.01177	0.00588	0.00360	0.01219
45	0.02556	0.02935	0.02826	0.12393	0.26639	0.33259	0.02110	0.02932	0.02134	0.02360	0.01451	0.01852	0.01197	0.00828	0.00807	0.00241	0.01281	0.00656	0.00424	0.01118
46	0.02031	0.04045	0.52167	0.02336	0.03459	0.04975	0.02819	0.12763	0.02198	0.03120	0.01605	0.01827	0.01141	0.00848	0.00814	0.00265	0.01216	0.00649	0.00446	0.01278
47	0.02497	0.17387	0.03271	0.03234	0.27064	0.24458	0.01997	0.02840	0.02024	0.02339	0.01390	0.01740	0.01196	0.00828	0.00849	0.00232	0.04471	0.00621	0.00413	0.01149
48	0.02106	0.02022	0.03454	0.05223	0.64784	0.02022	0.02612	0.02612	0.01938	0.02780	0.01601	0.02106	0.01348	0.00758	0.00842	0.00253	0.01011	0.00758	0.00421	0.01348
49	0.01045	0.00747	0.00995	0.01179	0.01236	0.00697	0.00791	0.01206	0.01668	0.02234	0.07672	0.66378	0.05749	0.02620	0.01082	0.00342	0.00489	0.02375	0.00797	0.00697
50	0.01239	0.01015	0.01384	0.01442	0.01479	0.01160	0.01052	0.01396	0.01550	0.02142	0.03816	0.52974	0.04524	0.02378	0.01504	0.00352	0.17146	0.02009	0.00688	0.00750
51	0.01903	0.27276	0.44529	0.02091	0.03165	0.02457	0.02561	0.02644	0.01773	0.02456	0.01408	0.01648	0.01083	0.00781	0.00718	0.00239	0.01138	0.00569	0.00361	0.01200
52	0.02106	0.02022	0.03454	0.05223	0.64784	0.02022	0.02612	0.02612	0.01938	0.02780	0.01601	0.02106	0.01348	0.00758	0.00842	0.00253	0.01011	0.00758	0.00421	0.01348
53	0.02182	0.02444	0.03190	0.02576	0.02892	0.16200	0.17312	0.02513	0.01723	0.02231	0.01316	0.01904	0.01158	0.01158	0.01896	0.00317	0.36817	0.00770	0.00402	0.00999
54	0.01238	0.00825	0.00928	0.00928	0.00928	0.00825	0.00516	0.01238	0.01238	0.01650	0.02681	0.05569	0.03094	0.70092	0.04331	0.00825	0.00825	0.01238	0.00516	0.00516
55	0.02117	0.01828	0.01924	0.01732	0.02213	0.02117	0.01347	0.04522	0.63246	0.03560	0.03464	0.03175	0.02598	0.01155	0.00866	0.00289	0.00673	0.00962	0.00866	0.01347
56	0.02106	0.02022	0.03454	0.05223	0.64784	0.02022	0.02612	0.02612	0.01938	0.02780	0.01601	0.02106	0.01348	0.00758	0.00842	0.00253	0.01011	0.00758	0.00421	0.01348
57	0.03179	0.04056	0.02412	0.02192	0.02631	0.66676	0.01644	0.03398	0.02412	0.02083	0.01315	0.01535	0.01096	0.00877	0.00767	0.00219	0.01535	0.00548	0.00438	0.00987
58	0.01055	0.00835	0.00933	0.00966	0.01172	0.00731	0.00692	0.01271	0.01900	0.02396	0.15552	0.20895	0.39973	0.06249	0.01221	0.00329	0.00464	0.01859	0.00795	0.00713
59	0.02117	0.01828	0.01924	0.01732	0.02213	0.02117	0.01347	0.04522	0.63246	0.03560	0.03464	0.03175	0.02598	0.01155	0.00866	0.00289	0.00673	0.00962	0.00866	0.01347
60	0.01707	0.04402	0.65683	0.02426	0.03683	0.01976	0.03144	0.02695	0.01797	0.02695	0.01527	0.01797	0.01078	0.00809	0.00809	0.00270	0.01258	0.00629	0.00359	0.01258
61	0.02106	0.02022	0.03454	0.05223	0.64784	0.02022	0.02612	0.02612	0.01938	0.02780	0.01601	0.02106	0.01348	0.00758	0.00842	0.00253	0.01011	0.00758	0.00421	0.01348
62	0.01707	0.04402	0.65683	0.02426	0.03683	0.01976	0.03144	0.02695	0.01797	0.02695	0.01527	0.01797	0.01078	0.00809	0.00809	0.00270	0.01258	0.00629	0.00359	0.01258
63	0.01006	0.00862	0.00862	0.00862	0.01149	0.00718	0.00647	0.01221	0.01940	0.02299	0.08621	0.08190	0.64438	0.02155	0.01006	0.00287	0.00431	0.01796	0.00790	0.00718
64	0.01707	0.04402	0.65683	0.02426	0.03683	0.01976	0.03144	0.02695	0.01797	0.02695	0.01527	0.01797	0.01078	0.00809	0.00809	0.00270	0.01258	0.00629	0.00359	0.01258
65	0.01771	0.11864	0.58782	0.02316	0.03514	0.02133	0.02954	0.02679	0.01789	0.02617	0.01488	0.01748	0.01080	0.00799	0.00779	0.00260	0.01219	0.00609	0.00360	0.01239
66	0.03576	0.01395	0.01897	0.01473	0.02089	0.01209	0.01209	0.03911	0.02433	0.59621	0.09018	0.03218	0.02656	0.01117	0.00870	0.00264	0.00694	0.00919	0.01042	0.01388
67	0.01931	0.01977	0.02596	0.02232	0.02255	0.05979	0.01850	0.02119	0.01362	0.02050	0.01128	0.01845	0.01116	0.01457	0.02686	0.00364	0.65008	0.00734	0.00376	0.00934
68	0.01028	0.00863	0.00893	0.00886	0.01163	0.00728	0.00664	0.01265	0.01993	0.02424	0.14901	0.07983	0.58080	0.02108	0.01006	0.00285	0.00428	0.01767	0.00807	0.00728
69	0.01771	0.03951	0.52701	0.02674	0.03847	0.02014	0.15674	0.02702	0.01842	0.02702	0.01569	0.01903	0.01124	0.00789	0.00850	0.00273	0.01296	0.00709	0.00375	0.01234
70	0.02704	0.05778	0.02277	0.01826	0.02314	0.17965	0.01439	0.31678	0.02993	0.03711	0.02389	0.16329	0.02239	0.01324	0.00866	0.00262	0.00987	0.01051	0.00713	0.01155
71	0.01238	0.00825	0.00928	0.00928	0.00928	0.00825	0.00516	0.01238	0.01238	0.01650	0.02681	0.05569	0.03094	0.70092	0.04331	0.00825	0.00825	0.01238	0.00516	0.00516
72	0.01006	0.00862	0.00862	0.00862	0.01149	0.00718	0.00647	0.01221	0.01940	0.02299	0.08621	0.08190	0.64438	0.02155	0.01006	0.00287	0.00431	0.01796	0.00790	0.00718
73	0.01861	0.01851	0.03384	0.33162	0.25340	0.01991	0.15143	0.02439	0.01847	0.02496	0.01587	0.02220	0.01240	0.00791	0.00881	0.00274	0.01157	0.00810	0.00404	0.01124
74	0.02355	0.03577	0.24580	0.03165	0.21279	0.25301	0.02447	0.02924	0.02060	0.02500	0.01473	0.01793	0.01164	0.00818	0.00804	0.00246	0.01285	0.00638	0.00406	0.01187
75	0.03179	0.04056	0.02412	0.02192	0.02631	0.66676	0.01644	0.03398	0.02412	0.02083	0.01315	0.01535	0.01096	0.00877	0.00767	0.00219	0.01535	0.00548	0.00438	0.00987
76	0.01371	0.00980	0.01371	0.01567	0.01763	0.00980	0.01371	0.01763	0.01959	0.02547	0.04506	0.09599	0.04898	0.02351	0.01175	0.00392	0.00784	0.59056	0.00784	0.00784
77	0.05759	0.15425	0.03469	0.04116	0.46413	0.02284	0.02242	0.02686	0.04835	0.02716	0.01589	0.01977	0.01337	0.00773	0.00770	0.00241	0.00958	0.00694	0.00437	0.01277
78	0.01781	0.03886	0.50837	0.02710	0.03870	0.02019	0.17474	0.02703	0.01849	0.02703	0.01575	0.01919	0.01130	0.00786	0.00856	0.00274	0.01301	0.00721	0.00377	0.01231
79	0.01227	0.00825	0.00953	0.00962	0.00972	0.00830	0.00556	0.01249	0.01263	0.01692	0.02760	0.08587	0.03170	0.63645	0.07257	0.00828	0.00881	0.01279	0.00526	0.00536
80	0.01217	0.00907	0.01344	0.01344	0.01488	0.01051	0.01034	0.01505	0.01361	0.01958	0.02301	0.03462	0.02179	0.09788	0.63385	0.01339	0.02202	0.00929	0.00459	0.00747
81	0.01900	0.15996	0.36542	0.02588	0.03632	0.02285	0.20057	0.02677	0.01847	0.02576	0.01521	0.01864	0.01143	0.00767	0.00818	0.00258	0.01246	0.00707	0.00381	0.01195
82	0.01943	0.19985	0.31980	0.02617	0.06242	0.02366	0.18059	0.02663	0.01842	0.02537	0.01497	0.01835	0.01149	0.00763	0.00797	0.00252	0.01208	0.00690	0.00382	0.01192
83	0.01661	0.11665	0.05285	0.01553	0.05075	0.05285	0.01213	0.02074	0.04979	0.05570	0.12590	0.19694	0.14387	0.01687	0.00916	0.00279	0.00694	0.03767	0.00701	0.00927
84	0.02425	0.27556	0.10553	0.02696	0.17800	0.20750	0.01983	0.02820	0.01980	0.02294	0.01362	0.01643	0.01154	0.00787	0.00711	0.00220	0.01150	0.00575	0.00399	0.01144
85	0.02553	0.03128	0.05902	0.15461	0.09969	0.36920	0.01967	0.03019	0.05137	0.02280	0.01492	0.01853	0.01205	0.00902	0.00907	0.00250	0.04924	0.00647	0.00438	0.01047
86	0.05848	0.02273	0.03020	0.07370	0.43231	0.11210	0.02257	0.05708	0.05720	0.02874	0.01668	0.02059	0.01360	0.00818	0.00819	0.00252	0.01051	0.00727	0.00474	0.01261
87	0.02193	0.02834	0.16213	0.15328	0.19675	0.14705	0.02324	0.05733	0.07747	0.02708	0.01707	0.02055	0.01322	0.00859	0.00825	0.00259	0.01155	0.00708	0.00465	0.01187
88	0.05693	0.02074	0.10324	0.03684	0.38777	0.01814	0.02172	0.05373	0.01947	0.02966	0.01798	0.02246	0.01459	0.01091	0.04044	0.00303	0.00993	0.00741	0.11291	0.01211
89	0.02168	0.02497	0.06048	0.06662	0.25070	0.15761	0.16931	0.02662	0.02039	0.02540	0.02214	0.02590	0.07115	0.00910	0.00881	0.00260	0.01191	0.00865	0.00457	0.01139

[dist]
# distance from previous block
# <min> <max>
0	51

[block]
# block no. 3 follows, 21 sequences, length 25
# corresponding to MSA columns:
# 189-213
name=unknown_D
#
# <colnr> <probs for GDERKNQSTAVLIFYWHMCP>
#	G	D	E	R	K	N	Q	S	T	A	V	L	I	F	Y	W	H	M	C	P
0	0.08919	0.05650	0.17221	0.03204	0.27551	0.01947	0.02238	0.02881	0.01917	0.14571	0.01836	0.02074	0.01368	0.00861	0.00885	0.00262	0.04104	0.00706	0.00531	0.01277
1	0.09024	0.06337	0.18406	0.05748	0.05945	0.19542	0.08527	0.02742	0.01882	0.02491	0.01389	0.01769	0.01113	0.00907	0.01063	0.00268	0.10709	0.00653	0.00409	0.01077
2	0.02718	0.17121	0.08561	0.01892	0.02488	0.29776	0.01642	0.10615	0.02421	0.06131	0.07283	0.02106	0.01829	0.00947	0.00763	0.00228	0.01155	0.00672	0.00549	0.01101
3	0.15974	0.23287	0.03124	0.02106	0.08464	0.05347	0.10601	0.02408	0.01700	0.02530	0.01533	0.01987	0.01323	0.01880	0.13900	0.00459	0.01257	0.00666	0.00432	0.01022
4	0.06969	0.21415	0.03072	0.01993	0.02508	0.29895	0.07406	0.02806	0.01975	0.02217	0.01386	0.01733	0.01197	0.01339	0.06696	0.00329	0.05033	0.00605	0.00421	0.01004
5	0.02410	0.60670	0.04154	0.01566	0.02251	0.12818	0.01484	0.02675	0.01831	0.02014	0.01203	0.01390	0.01093	0.00750	0.00579	0.00188	0.01003	0.00469	0.00375	0.01076
6	0.01269	0.01035	0.01189	0.01119	0.01449	0.00895	0.00826	0.01642	0.05519	0.02497	0.07942	0.25625	0.24846	0.01880	0.00935	0.00267	0.00511	0.01628	0.00734	0.18192
7	0.01260	0.01000	0.01090	0.01018	0.01316	0.00913	0.00777	0.06733	0.02255	0.02884	0.23684	0.07128	0.42989	0.01938	0.00991	0.00279	0.00468	0.01632	0.00837	0.00807
8	0.02413	0.02604	0.03156	0.04356	0.46989	0.20532	0.02335	0.02837	0.02073	0.02581	0.01519	0.01943	0.01276	0.00792	0.00821	0.00243	0.01161	0.00698	0.00426	0.01245
9	0.02498	0.54178	0.03954	0.01638	0.02294	0.18994	0.01503	0.02758	0.01898	0.02022	0.01216	0.01407	0.01093	0.00765	0.00601	0.00191	0.01064	0.00478	0.00382	0.01066
10	0.01037	0.00741	0.00987	0.01185	0.01234	0.00691	0.00790	0.01185	0.01629	0.02172	0.04690	0.69537	0.05629	0.02666	0.01086	0.00346	0.00494	0.02419	0.00790	0.00691
11	0.01216	0.00912	0.01368	0.01368	0.01520	0.01064	0.01064	0.01520	0.01368	0.01976	0.02279	0.03343	0.02127	0.06382	0.66720	0.01368	0.02279	0.00912	0.00456	0.00760
12	0.02106	0.02022	0.03454	0.05223	0.64784	0.02022	0.02612	0.02612	0.01938	0.02780	0.01601	0.02106	0.01348	0.00758	0.00842	0.00253	0.01011	0.00758	0.00421	0.01348
13	0.01033	0.00757	0.00970	0.01141	0.01223	0.00695	0.00770	0.01190	0.01672	0.02190	0.05225	0.61194	0.13626	0.02597	0.01075	0.00338	0.00485	0.02335	0.00790	0.00695
14	0.02941	0.02209	0.02396	0.01818	0.02514	0.02338	0.01496	0.49974	0.03553	0.04845	0.01937	0.01987	0.01410	0.00943	0.00807	0.00230	0.00875	0.00714	0.00782	0.16231
15	0.02275	0.70604	0.04459	0.01456	0.02184	0.03367	0.01456	0.02548	0.01729	0.02002	0.01183	0.01365	0.01092	0.00728	0.00546	0.00182	0.00910	0.00455	0.00364	0.01092
16	0.01945	0.15624	0.02978	0.02078	0.02224	0.02759	0.01781	0.02148	0.01389	0.02039	0.01130	0.01762	0.01112	0.01337	0.02343	0.00334	0.54997	0.00687	0.00371	0.00963
17	0.01037	0.00741	0.00987	0.01185	0.01234	0.00691	0.00790	0.01185	0.01629	0.02172	0.04690	0.69537	0.05629	0.02666	0.01086	0.00346	0.00494	0.02419	0.00790	0.00691
18	0.02057	0.01972	0.03366	0.11392	0.58998	0.02009	0.02587	0.02569	0.01915	0.02721	0.01592	0.02122	0.01327	0.00767	0.00843	0.00256	0.01023	0.00758	0.00417	0.01308
19	0.01160	0.00868	0.01075	0.01023	0.01244	0.00784	0.00768	0.01519	0.02303	0.03161	0.51743	0.06771	0.20778	0.01834	0.01004	0.00272	0.00408	0.01597	0.00904	0.00784
20	0.02106	0.02022	0.03454	0.05223	0.64784	0.02022	0.02612	0.02612	0.01938	0.02780	0.01601	0.02106	0.01348	0.00758	0.00842	0.00253	0.01011	0.00758	0.00421	0.01348
21	0.02954	0.02395	0.02386	0.01923	0.02533	0.08209	0.01553	0.42562	0.18483	0.04626	0.02329	0.02277	0.01700	0.01042	0.00847	0.00260	0.00925	0.00795	0.00818	0.01382
22	0.02982	0.02258	0.02412	0.01907	0.02543	0.02521	0.01556	0.48968	0.17391	0.04956	0.02364	0.02299	0.01707	0.01052	0.00855	0.00263	0.00877	0.00810	0.00855	0.01425
23	0.01510	0.01238	0.01434	0.01321	0.01574	0.01347	0.00998	0.02407	0.20231	0.02924	0.23586	0.05176	0.13733	0.10902	0.01577	0.00362	0.06677	0.01294	0.00785	0.00925
24	0.02776	0.03510	0.16561	0.02072	0.02714	0.36768	0.01871	0.03292	0.05028	0.10836	0.05181	0.02114	0.01675	0.00945	0.00806	0.00242	0.01263	0.00680	0.00550	0.01116

[dist]
# distance from previous block
# <min> <max>
0	1

[block]
# block no. 4 follows, 21 sequences, length 43
# corresponding to MSA columns:
# 215-257
name=unknown_E
#
# <colnr> <probs for GDERKNQSTAVLIFYWHMCP>
#	G	D	E	R	K	N	Q	S	T	A	V	L	I	F	Y	W	H	M	C	P
0	0.02872	0.02794	0.02201	0.01927	0.02430	0.29685	0.01490	0.09727	0.24565	0.09972	0.02391	0.02330	0.01786	0.01011	0.00821	0.00253	0.01074	0.00754	0.00702	0.01214
1	0.02449	0.02168	0.03307	0.02445	0.03187	0.02179	0.24119	0.25424	0.08146	0.03815	0.01967	0.02196	0.01462	0.00859	0.00876	0.00250	0.01054	0.00833	0.00641	0.12623
2	0.01707	0.04402	0.65683	0.02426	0.03683	0.01976	0.03144	0.02695	0.01797	0.02695	0.01527	0.01797	0.01078	0.00809	0.00809	0.00270	0.01258	0.00629	0.00359	0.01258
3	0.01988	0.01902	0.03241	0.20073	0.50857	0.01991	0.02553	0.02508	0.01882	0.02637	0.01580	0.02145	0.01298	0.00780	0.00844	0.00260	0.01040	0.00758	0.00411	0.01253
4	0.01037	0.00741	0.00987	0.01185	0.01234	0.00691	0.00790	0.01185	0.01629	0.02172	0.04690	0.69537	0.05629	0.02666	0.01086	0.00346	0.00494	0.02419	0.00790	0.00691
5	0.03179	0.04056	0.02412	0.02192	0.02631	0.66676	0.01644	0.03398	0.02412	0.02083	0.01315	0.01535	0.01096	0.00877	0.00767	0.00219	0.01535	0.00548	0.00438	0.00987
6	0.01586	0.00793	0.00793	0.00793	0.00991	0.00793	0.00595	0.01983	0.01785	0.03173	0.02776	0.03173	0.02181	0.00991	0.00595	0.00198	0.00397	0.00793	0.74817	0.00793
7	0.01061	0.00853	0.00878	0.00878	0.01097	0.00744	0.00616	0.01225	0.01774	0.02146	0.07217	0.07570	0.49939	0.18213	0.01792	0.00414	0.00524	0.01664	0.00725	0.00670
8	0.02117	0.01828	0.01924	0.01732	0.02213	0.02117	0.01347	0.04522	0.63246	0.03560	0.03464	0.03175	0.02598	0.01155	0.00866	0.00289	0.00673	0.00962	0.00866	0.01347
9	0.76103	0.01646	0.01251	0.01119	0.01646	0.01909	0.00922	0.02502	0.01448	0.03818	0.01185	0.01382	0.00922	0.00790	0.00527	0.00263	0.00658	0.00461	0.00527	0.00922
10	0.01006	0.00862	0.00862	0.00862	0.01149	0.00718	0.00647	0.01221	0.01940	0.02299	0.08621	0.08190	0.64438	0.02155	0.01006	0.00287	0.00431	0.01796	0.00790	0.00718
11	0.02368	0.02355	0.02039	0.01841	0.02312	0.17376	0.01417	0.04256	0.48867	0.03211	0.02956	0.02787	0.02243	0.01089	0.00843	0.00272	0.00877	0.00864	0.00765	0.01262
12	0.01707	0.04402	0.65683	0.02426	0.03683	0.01976	0.03144	0.02695	0.01797	0.02695	0.01527	0.01797	0.01078	0.00809	0.00809	0.00270	0.01258	0.00629	0.00359	0.01258
13	0.01192	0.00885	0.01120	0.01105	0.01321	0.00813	0.00858	0.01556	0.02253	0.03072	0.44851	0.07188	0.18273	0.01910	0.01030	0.00290	0.00464	0.10150	0.00886	0.00784
14	0.01765	0.01513	0.01765	0.01260	0.02017	0.01134	0.01008	0.02143	0.01765	0.02773	0.01513	0.01765	0.01260	0.00630	0.00630	0.00126	0.00630	0.00504	0.00504	0.75295
15	0.01029	0.00769	0.00958	0.01109	0.01214	0.00698	0.00756	0.01194	0.01703	0.02202	0.05619	0.55047	0.19519	0.02545	0.01067	0.00332	0.00479	0.02272	0.00790	0.00698
16	0.01765	0.01513	0.01765	0.01260	0.02017	0.01134	0.01008	0.02143	0.01765	0.02773	0.01513	0.01765	0.01260	0.00630	0.00630	0.00126	0.00630	0.00504	0.00504	0.75295
17	0.01062	0.00794	0.00991	0.01118	0.01245	0.00723	0.00787	0.01261	0.01790	0.02332	0.10897	0.46144	0.19849	0.02446	0.01064	0.00327	0.00486	0.05169	0.00803	0.00712
18	0.01725	0.04275	0.62038	0.02495	0.03729	0.01987	0.06662	0.02697	0.01809	0.02697	0.01539	0.01827	0.01091	0.00803	0.00820	0.00271	0.01268	0.00651	0.00364	0.01251
19	0.01159	0.00892	0.01075	0.01099	0.01335	0.00809	0.00870	0.01479	0.02102	0.02732	0.26378	0.07907	0.31402	0.02062	0.01045	0.00305	0.00504	0.15244	0.00838	0.00762
20	0.02106	0.02022	0.03454	0.05223	0.64784	0.02022	0.02612	0.02612	0.01938	0.02780	0.01601	0.02106	0.01348	0.00758	0.00842	0.00253	0.01011	0.00758	0.00421	0.01348
21	0.01116	0.00797	0.01078	0.01275	0.01359	0.00759	0.00927	0.01322	0.01707	0.02261	0.04647	0.55380	0.05456	0.02592	0.01107	0.00357	0.00562	0.15796	0.00788	0.00713
22	0.02100	0.02038	0.03549	0.05125	0.61151	0.02030	0.06169	0.02619	0.01942	0.02777	0.01608	0.02118	0.01345	0.00756	0.00852	0.00255	0.01037	0.00773	0.00422	0.01336
23	0.03179	0.04056	0.02412	0.02192	0.02631	0.66676	0.01644	0.03398	0.02412	0.02083	0.01315	0.01535	0.01096	0.00877	0.00767	0.00219	0.01535	0.00548	0.00438	0.00987
24	0.01006	0.00862	0.00862	0.00862	0.01149	0.00718	0.00647	0.01221	0.01940	0.02299	0.08621	0.08190	0.64438	0.02155	0.01006	0.00287	0.00431	0.01796	0.00790	0.00718
25	0.01707	0.04402	0.65683	0.02426	0.03683	0.01976	0.03144	0.02695	0.01797	0.02695	0.01527	0.01797	0.01078	0.00809	0.00809	0.00270	0.01258	0.00629	0.00359	0.01258
26	0.01707	0.04402	0.65683	0.02426	0.03683	0.01976	0.03144	0.02695	0.01797	0.02695	0.01527	0.01797	0.01078	0.00809	0.00809	0.00270	0.01258	0.00629	0.00359	0.01258
27	0.02169	0.01938	0.01948	0.01754	0.02233	0.05288	0.01362	0.04467	0.60258	0.03487	0.03358	0.03094	0.02524	0.01141	0.00861	0.00285	0.00716	0.00942	0.00845	0.01329
28	0.01707	0.04402	0.65683	0.02426	0.03683	0.01976	0.03144	0.02695	0.01797	0.02695	0.01527	0.01797	0.01078	0.00809	0.00809	0.00270	0.01258	0.00629	0.00359	0.01258
29	0.02080	0.01995	0.03407	0.08532	0.61681	0.02015	0.02599	0.02589	0.01925	0.02748	0.01596	0.02115	0.01337	0.00763	0.00843	0.00254	0.01017	0.00758	0.00419	0.01327
30	0.01081	0.00844	0.00945	0.00985	0.01171	0.00764	0.00701	0.01259	0.01732	0.02154	0.06381	0.17319	0.37791	0.14827	0.05205	0.00458	0.00629	0.04349	0.00722	0.00682
31	0.02106	0.02022	0.03454	0.05223	0.64784	0.02022	0.02612	0.02612	0.01938	0.02780	0.01601	0.02106	0.01348	0.00758	0.00842	0.00253	0.01011	0.00758	0.00421	0.01348
32	0.01607	0.01513	0.02552	0.68047	0.05861	0.01891	0.02363	0.02174	0.01702	0.02174	0.01513	0.02269	0.01134	0.00851	0.00851	0.00284	0.01134	0.00756	0.00378	0.00945
33	0.02045	0.02258	0.07279	0.04391	0.36233	0.02075	0.27554	0.02664	0.01960	0.02753	0.01648	0.02170	0.01310	0.00744	0.00909	0.00268	0.01202	0.00855	0.00422	0.01259
34	0.01038	0.00779	0.00949	0.01081	0.01195	0.00706	0.00736	0.01198	0.01697	0.02181	0.05695	0.48975	0.22067	0.05978	0.01230	0.00354	0.00493	0.02183	0.00776	0.00690
35	0.01037	0.00741	0.00987	0.01185	0.01234	0.00691	0.00790	0.01185	0.01629	0.02172	0.04690	0.69537	0.05629	0.02666	0.01086	0.00346	0.00494	0.02419	0.00790	0.00691
36	0.02048	0.02000	0.03523	0.11141	0.53063	0.02022	0.08480	0.02581	0.01922	0.02716	0.01604	0.02141	0.01322	0.00763	0.00859	0.00259	0.01065	0.00783	0.00418	0.01289
37	0.02385	0.02576	0.03100	0.08127	0.43378	0.20598	0.02319	0.02812	0.02060	0.02543	0.01513	0.01952	0.01263	0.00798	0.00821	0.00245	0.01169	0.00698	0.00424	0.01220
38	0.03161	0.01281	0.01742	0.01436	0.01951	0.01119	0.01142	0.03448	0.02245	0.50446	0.03672	0.18636	0.02938	0.01434	0.00910	0.00283	0.00670	0.01225	0.00991	0.01269
39	0.02049	0.01984	0.03254	0.04517	0.50010	0.02160	0.02435	0.02479	0.01788	0.02607	0.01487	0.02049	0.01293	0.00931	0.01303	0.00281	0.16960	0.00755	0.00410	0.01249
40	0.01649	0.01578	0.01336	0.01328	0.01457	0.16373	0.00898	0.01764	0.01615	0.01901	0.02764	0.18576	0.03088	0.32442	0.08993	0.00630	0.01064	0.01304	0.00552	0.00690
41	0.01263	0.00923	0.01230	0.01365	0.01557	0.00889	0.01134	0.01606	0.01981	0.02590	0.13204	0.15647	0.13219	0.02277	0.01120	0.00356	0.00653	0.37413	0.00806	0.00767
42	0.03185	0.03864	0.02428	0.02166	0.02632	0.59338	0.01641	0.10107	0.02594	0.02459	0.01399	0.01593	0.01136	0.00894	0.00777	0.00223	0.01466	0.00573	0.00486	0.01039

[dist]
# distance from previous block
# <min> <max>
0	6

# created by:
# /home/cegg/simao/soft/augustus-3.2.1/scripts/msa2prfl.pl ./align_prep/13817.fa
