[name]
unknown

[dist]
# distance from previous block
# <min> <max>
2	50

[block]
# block no. 0 follows, 22 sequences, length 105
# corresponding to MSA columns:
# 50-154
name=unknown_A
#
# <colnr> <probs for GDERKNQSTAVLIFYWHMCP>
#	G	D	E	R	K	N	Q	S	T	A	V	L	I	F	Y	W	H	M	C	P
0	0.01955	0.01898	0.05317	0.03718	0.40787	0.04336	0.05071	0.02399	0.01936	0.06201	0.03047	0.03283	0.14354	0.01039	0.00859	0.00255	0.00907	0.00950	0.00518	0.01169
1	0.03053	0.07795	0.02468	0.02099	0.02543	0.63814	0.01595	0.03270	0.02316	0.02029	0.01277	0.01489	0.01070	0.00848	0.00737	0.00212	0.01463	0.00530	0.00424	0.00969
2	0.01681	0.04193	0.63375	0.02425	0.03633	0.01938	0.06090	0.02632	0.01764	0.02632	0.01500	0.01779	0.01063	0.00785	0.00799	0.00264	0.01237	0.00632	0.00354	0.01222
3	0.01057	0.00844	0.00949	0.00947	0.01189	0.00736	0.00715	0.01325	0.02015	0.02566	0.24510	0.10108	0.43251	0.02016	0.00992	0.00282	0.00432	0.04526	0.00813	0.00727
4	0.02838	0.02168	0.02313	0.01847	0.02454	0.02427	0.01502	0.45738	0.21540	0.04720	0.02401	0.02318	0.01742	0.01035	0.00835	0.00259	0.00839	0.00804	0.00835	0.01384
5	0.01012	0.00723	0.00964	0.01157	0.01205	0.00675	0.00771	0.01157	0.01591	0.02121	0.04579	0.70262	0.05495	0.02603	0.01060	0.00337	0.00482	0.02362	0.00771	0.00675
6	0.01012	0.00723	0.00964	0.01157	0.01205	0.00675	0.00771	0.01157	0.01591	0.02121	0.04579	0.70262	0.05495	0.02603	0.01060	0.00337	0.00482	0.02362	0.00771	0.00675
7	0.01803	0.20816	0.51179	0.02135	0.03235	0.02264	0.02663	0.02596	0.01738	0.02464	0.01408	0.01650	0.01056	0.00770	0.00726	0.00242	0.01144	0.00572	0.00352	0.01188
8	0.00982	0.00842	0.00842	0.00842	0.01122	0.00701	0.00631	0.01192	0.01894	0.02244	0.08416	0.07995	0.65285	0.02104	0.00982	0.00281	0.00421	0.01753	0.00771	0.00701
9	0.02056	0.01974	0.03372	0.05099	0.65622	0.01974	0.02550	0.02550	0.01892	0.02714	0.01563	0.02056	0.01316	0.00740	0.00822	0.00247	0.00987	0.00740	0.00411	0.01316
10	0.01569	0.01477	0.02492	0.68808	0.05722	0.01846	0.02307	0.02123	0.01661	0.02123	0.01477	0.02215	0.01107	0.00831	0.00831	0.00277	0.01107	0.00738	0.00369	0.00923
11	0.02056	0.01974	0.03372	0.05099	0.65622	0.01974	0.02550	0.02550	0.01892	0.02714	0.01563	0.02056	0.01316	0.00740	0.00822	0.00247	0.00987	0.00740	0.00411	0.01316
12	0.01973	0.01026	0.01366	0.01180	0.01516	0.00920	0.00920	0.02343	0.02360	0.22977	0.45838	0.05150	0.06032	0.01489	0.00935	0.00260	0.00490	0.01294	0.00950	0.00981
13	0.01961	0.02241	0.04902	0.03501	0.04342	0.02101	0.62605	0.02661	0.01961	0.02661	0.01681	0.02241	0.01261	0.00700	0.00980	0.00280	0.01401	0.00980	0.00420	0.01120
14	0.02606	0.03135	0.02038	0.01863	0.02273	0.47095	0.01404	0.03128	0.11204	0.02276	0.02754	0.02792	0.11787	0.01099	0.00801	0.00235	0.01200	0.00793	0.00545	0.00971
15	0.01724	0.11222	0.60077	0.02270	0.03444	0.02070	0.02899	0.02616	0.01747	0.02561	0.01456	0.01710	0.01054	0.00781	0.00763	0.00254	0.01193	0.00596	0.00351	0.01211
16	0.01857	0.01904	0.03610	0.17111	0.23690	0.01962	0.25111	0.02407	0.01823	0.02506	0.01713	0.05495	0.01446	0.00873	0.00997	0.00276	0.04778	0.00910	0.00421	0.01109
17	0.01666	0.04297	0.66500	0.02368	0.03596	0.01929	0.03069	0.02631	0.01754	0.02631	0.01491	0.01754	0.01052	0.00789	0.00789	0.00263	0.01228	0.00614	0.00351	0.01228
18	0.03690	0.01474	0.01965	0.01507	0.02151	0.01310	0.01245	0.07928	0.02479	0.62176	0.03193	0.02773	0.02014	0.01026	0.00835	0.00257	0.00721	0.00830	0.01015	0.01414
19	0.02096	0.01988	0.03570	0.02668	0.03320	0.01965	0.35733	0.17842	0.02393	0.03224	0.02286	0.14502	0.02067	0.01121	0.00957	0.00283	0.01109	0.01171	0.00589	0.01115
20	0.02314	0.02463	0.03121	0.04370	0.50078	0.18120	0.02317	0.02739	0.02006	0.02546	0.01494	0.01919	0.01255	0.00769	0.00804	0.00239	0.01113	0.00690	0.00415	0.01229
21	0.02279	0.66861	0.04221	0.01469	0.02161	0.07522	0.01434	0.02542	0.01732	0.01960	0.01163	0.01344	0.01066	0.00720	0.00547	0.00180	0.00929	0.00450	0.00360	0.01059
22	0.02326	0.41065	0.16509	0.01791	0.02538	0.18833	0.01802	0.02721	0.01866	0.02112	0.01255	0.01459	0.01064	0.00763	0.00638	0.00204	0.01108	0.00501	0.00372	0.01074
23	0.06064	0.03044	0.02378	0.01996	0.02517	0.33010	0.01573	0.30023	0.02971	0.03542	0.01591	0.01728	0.01218	0.00940	0.00855	0.00238	0.03905	0.00635	0.00610	0.01161
24	0.02056	0.01974	0.03372	0.05099	0.65622	0.01974	0.02550	0.02550	0.01892	0.02714	0.01563	0.02056	0.01316	0.00740	0.00822	0.00247	0.00987	0.00740	0.00411	0.01316
25	0.01926	0.02129	0.04435	0.03168	0.03993	0.01955	0.53554	0.02577	0.01926	0.02668	0.01651	0.02165	0.01256	0.00688	0.00927	0.00257	0.01285	0.00909	0.00431	0.12102
26	0.01863	0.01776	0.03023	0.30384	0.41849	0.01923	0.02453	0.02380	0.01800	0.02479	0.01528	0.02119	0.01233	0.00776	0.00826	0.00259	0.01035	0.00739	0.00395	0.01160
27	0.02056	0.01974	0.03372	0.05099	0.65622	0.01974	0.02550	0.02550	0.01892	0.02714	0.01563	0.02056	0.01316	0.00740	0.00822	0.00247	0.00987	0.00740	0.00411	0.01316
28	0.01208	0.00805	0.00906	0.00906	0.00906	0.00805	0.00503	0.01208	0.01208	0.01611	0.02618	0.05436	0.03020	0.70804	0.04228	0.00805	0.00805	0.01208	0.00503	0.00503
29	0.01811	0.01723	0.02928	0.37203	0.35438	0.01909	0.02427	0.02334	0.01775	0.02416	0.01519	0.02136	0.01211	0.00786	0.00827	0.00262	0.01048	0.00739	0.00390	0.01118
30	0.00982	0.00842	0.00842	0.00842	0.01122	0.00701	0.00631	0.01192	0.01894	0.02244	0.08416	0.07995	0.65285	0.02104	0.00982	0.00281	0.00421	0.01753	0.00771	0.00701
31	0.01003	0.00760	0.00925	0.01057	0.01179	0.00683	0.00727	0.01168	0.01686	0.02160	0.05789	0.50614	0.24361	0.02445	0.01036	0.00319	0.00463	0.02170	0.00771	0.00683
32	0.03103	0.03959	0.02354	0.02140	0.02568	0.67469	0.01605	0.03317	0.02354	0.02033	0.01284	0.01498	0.01070	0.00856	0.00749	0.00214	0.01498	0.00535	0.00428	0.00963
33	0.01187	0.00890	0.01335	0.01335	0.01483	0.01038	0.01038	0.01483	0.01335	0.01928	0.02225	0.03264	0.02077	0.06231	0.67512	0.01335	0.02225	0.00890	0.00445	0.00742
34	0.02066	0.01785	0.01878	0.01691	0.02160	0.02066	0.01315	0.04414	0.64121	0.03475	0.03381	0.03099	0.02536	0.01127	0.00845	0.00282	0.00657	0.00939	0.00845	0.01315
35	0.03082	0.02282	0.02452	0.01875	0.02544	0.02498	0.01547	0.59618	0.03790	0.05101	0.01967	0.01980	0.01403	0.00977	0.00820	0.00243	0.00898	0.00734	0.00813	0.05376
36	0.01999	0.01916	0.03269	0.12534	0.58631	0.01959	0.02521	0.02500	0.01865	0.02645	0.01553	0.02075	0.01292	0.00751	0.00823	0.00250	0.01001	0.00740	0.00406	0.01270
37	0.02221	0.71304	0.04353	0.01421	0.02132	0.03287	0.01421	0.02488	0.01688	0.01955	0.01155	0.01333	0.01066	0.00711	0.00533	0.00178	0.00888	0.00444	0.00355	0.01066
38	0.03158	0.02327	0.02493	0.01911	0.02576	0.02576	0.01579	0.62852	0.03906	0.05236	0.01995	0.01995	0.01413	0.00997	0.00831	0.00249	0.00914	0.00748	0.00831	0.01413
39	0.01730	0.01197	0.01404	0.01285	0.01559	0.01209	0.00957	0.16605	0.02342	0.06344	0.16322	0.25275	0.09401	0.08882	0.01294	0.00339	0.00610	0.01544	0.00801	0.00901
40	0.01121	0.00842	0.01038	0.01000	0.01210	0.00759	0.00746	0.01457	0.02206	0.03011	0.48565	0.09420	0.21899	0.01837	0.00984	0.00269	0.00403	0.01601	0.00873	0.00759
41	0.29392	0.02545	0.01957	0.01666	0.02198	0.23509	0.01322	0.17911	0.02408	0.07670	0.01547	0.01657	0.01160	0.00872	0.00691	0.00241	0.00995	0.00578	0.00599	0.01082
42	0.02269	0.02378	0.03165	0.04497	0.52789	0.15304	0.02357	0.02706	0.01986	0.02575	0.01506	0.01943	0.01266	0.00764	0.00808	0.00240	0.01091	0.00698	0.00415	0.01244
43	0.01374	0.01010	0.01292	0.01200	0.01402	0.01034	0.00924	0.01663	0.02013	0.06908	0.32352	0.12394	0.19715	0.01808	0.01229	0.00288	0.10292	0.01495	0.00795	0.00813
44	0.01666	0.04297	0.66500	0.02368	0.03596	0.01929	0.03069	0.02631	0.01754	0.02631	0.01491	0.01754	0.01052	0.00789	0.00789	0.00263	0.01228	0.00614	0.00351	0.01228
45	0.02059	0.01927	0.03004	0.04259	0.49977	0.01997	0.02245	0.03009	0.17233	0.02902	0.02011	0.02313	0.01617	0.00836	0.00828	0.00255	0.00906	0.00789	0.00518	0.01316
46	0.02056	0.51418	0.22797	0.01702	0.02566	0.02884	0.01911	0.02530	0.01708	0.02155	0.01255	0.01458	0.01062	0.00734	0.00609	0.00203	0.00989	0.00495	0.00354	0.01114
47	0.01208	0.00805	0.00906	0.00906	0.00906	0.00805	0.00503	0.01208	0.01208	0.01611	0.02618	0.05436	0.03020	0.70804	0.04228	0.00805	0.00805	0.01208	0.00503	0.00503
48	0.01082	0.00795	0.00930	0.01006	0.01113	0.00738	0.00675	0.01212	0.01573	0.02014	0.05050	0.28881	0.21805	0.23965	0.02042	0.00471	0.00581	0.04749	0.00686	0.00633
49	0.01128	0.00847	0.01050	0.01072	0.01248	0.00789	0.00776	0.01493	0.04609	0.02769	0.33776	0.26594	0.16701	0.02029	0.01000	0.00289	0.00436	0.01793	0.00842	0.00757
50	0.01188	0.00886	0.01314	0.01314	0.01454	0.01027	0.01012	0.01470	0.01329	0.01913	0.02245	0.03373	0.02124	0.09476	0.64332	0.01308	0.02154	0.00906	0.00448	0.00730
51	0.01208	0.00805	0.00906	0.00906	0.00906	0.00805	0.00503	0.01208	0.01208	0.01611	0.02618	0.05436	0.03020	0.70804	0.04228	0.00805	0.00805	0.01208	0.00503	0.00503
52	0.01549	0.00774	0.00774	0.00774	0.00968	0.00774	0.00581	0.01936	0.01742	0.03097	0.02710	0.03097	0.02129	0.00968	0.00581	0.00194	0.00387	0.00774	0.75416	0.00774
53	0.01208	0.00805	0.00906	0.00906	0.00906	0.00805	0.00503	0.01208	0.01208	0.01611	0.02618	0.05436	0.03020	0.70804	0.04228	0.00805	0.00805	0.01208	0.00503	0.00503
54	0.01019	0.00757	0.00951	0.01084	0.01191	0.00689	0.00744	0.01197	0.01714	0.02244	0.10290	0.52379	0.17854	0.02428	0.01038	0.00320	0.00462	0.02168	0.00783	0.00689
55	0.01549	0.00774	0.00774	0.00774	0.00968	0.00774	0.00581	0.01936	0.01742	0.03097	0.02710	0.03097	0.02129	0.00968	0.00581	0.00194	0.00387	0.00774	0.75416	0.00774
56	0.76672	0.01607	0.01221	0.01092	0.01607	0.01864	0.00900	0.02442	0.01414	0.03727	0.01157	0.01350	0.00900	0.00771	0.00514	0.00257	0.00643	0.00450	0.00514	0.00900
57	0.01666	0.01618	0.01443	0.01390	0.01558	0.17337	0.00999	0.01843	0.01544	0.01848	0.02125	0.03556	0.02145	0.26530	0.29861	0.00881	0.01570	0.00909	0.00460	0.00716
58	0.03103	0.03959	0.02354	0.02140	0.02568	0.67469	0.01605	0.03317	0.02354	0.02033	0.01284	0.01498	0.01070	0.00856	0.00749	0.00214	0.01498	0.00535	0.00428	0.00963
59	0.01549	0.00774	0.00774	0.00774	0.00968	0.00774	0.00581	0.01936	0.01742	0.03097	0.02710	0.03097	0.02129	0.00968	0.00581	0.00194	0.00387	0.00774	0.75416	0.00774
60	0.01012	0.00723	0.00964	0.01157	0.01205	0.00675	0.00771	0.01157	0.01591	0.02121	0.04579	0.70262	0.05495	0.02603	0.01060	0.00337	0.00482	0.02362	0.00771	0.00675
61	0.00982	0.00842	0.00842	0.00842	0.01122	0.00701	0.00631	0.01192	0.01894	0.02244	0.08416	0.07995	0.65285	0.02104	0.00982	0.00281	0.00421	0.01753	0.00771	0.00701
62	0.03158	0.02327	0.02493	0.01911	0.02576	0.02576	0.01579	0.62852	0.03906	0.05236	0.01995	0.01995	0.01413	0.00997	0.00831	0.00249	0.00914	0.00748	0.00831	0.01413
63	0.01666	0.04297	0.66500	0.02368	0.03596	0.01929	0.03069	0.02631	0.01754	0.02631	0.01491	0.01754	0.01052	0.00789	0.00789	0.00263	0.01228	0.00614	0.00351	0.01228
64	0.01296	0.01091	0.01161	0.01137	0.01454	0.01073	0.00888	0.02061	0.17426	0.02581	0.06672	0.06940	0.42284	0.01883	0.00968	0.00293	0.00522	0.08621	0.00789	0.00862
65	0.02472	0.52150	0.03785	0.01626	0.02256	0.21541	0.01474	0.02724	0.01877	0.01977	0.01192	0.01380	0.01067	0.00752	0.00594	0.00188	0.01062	0.00470	0.00376	0.01037
66	0.01051	0.00824	0.00955	0.00986	0.01194	0.00727	0.00728	0.01301	0.01947	0.02501	0.21633	0.20279	0.36228	0.02112	0.01004	0.00292	0.00441	0.04272	0.00807	0.00719
67	0.02872	0.02958	0.02217	0.02066	0.05565	0.39845	0.01515	0.07218	0.07231	0.10773	0.04451	0.02145	0.01681	0.01224	0.04340	0.00291	0.01258	0.00689	0.00585	0.01078
68	0.01984	0.16674	0.02800	0.02609	0.20868	0.11261	0.01680	0.02287	0.01823	0.02257	0.02762	0.02998	0.14215	0.01133	0.01064	0.00252	0.10984	0.00853	0.00468	0.01028
69	0.01012	0.00723	0.00964	0.01157	0.01205	0.00675	0.00771	0.01157	0.01591	0.02121	0.04579	0.70262	0.05495	0.02603	0.01060	0.00337	0.00482	0.02362	0.00771	0.00675
70	0.01771	0.01632	0.02370	0.01693	0.02452	0.01310	0.13526	0.02208	0.01771	0.02698	0.01518	0.01828	0.01237	0.00633	0.00690	0.00155	0.00775	0.00592	0.00478	0.60667
71	0.01905	0.01743	0.02490	0.09168	0.30569	0.01864	0.01882	0.03046	0.24412	0.02888	0.02922	0.03062	0.08350	0.01029	0.00848	0.00266	0.00820	0.00917	0.00602	0.01217
72	0.01569	0.01477	0.02492	0.68808	0.05722	0.01846	0.02307	0.02123	0.01661	0.02123	0.01477	0.02215	0.01107	0.00831	0.00831	0.00277	0.01107	0.00738	0.00369	0.00923
73	0.02165	0.02126	0.02872	0.03894	0.42374	0.08659	0.02126	0.03122	0.18447	0.02847	0.02017	0.02276	0.01615	0.00855	0.00821	0.00253	0.00952	0.00772	0.00528	0.01280
74	0.01837	0.01554	0.01676	0.01521	0.01928	0.01746	0.01176	0.03694	0.48871	0.03385	0.15776	0.03955	0.06718	0.01288	0.00879	0.00278	0.00593	0.01091	0.00855	0.01180
75	0.02221	0.71304	0.04353	0.01421	0.02132	0.03287	0.01421	0.02488	0.01688	0.01955	0.01155	0.01333	0.01066	0.00711	0.00533	0.00178	0.00888	0.00444	0.00355	0.01066
76	0.47277	0.02467	0.01681	0.01500	0.01991	0.24892	0.01180	0.05716	0.01866	0.03208	0.01243	0.01433	0.00985	0.00812	0.00612	0.00242	0.00956	0.00494	0.00500	0.00947
77	0.03158	0.02327	0.02493	0.01911	0.02576	0.02576	0.01579	0.62852	0.03906	0.05236	0.01995	0.01995	0.01413	0.00997	0.00831	0.00249	0.00914	0.00748	0.00831	0.01413
78	0.00982	0.00842	0.00842	0.00842	0.01122	0.00701	0.00631	0.01192	0.01894	0.02244	0.08416	0.07995	0.65285	0.02104	0.00982	0.00281	0.00421	0.01753	0.00771	0.00701
79	0.00982	0.00842	0.00842	0.00842	0.01122	0.00701	0.00631	0.01192	0.01894	0.02244	0.08416	0.07995	0.65285	0.02104	0.00982	0.00281	0.00421	0.01753	0.00771	0.00701
80	0.01202	0.00828	0.01019	0.01019	0.01058	0.00867	0.00644	0.01280	0.01241	0.01694	0.02515	0.04866	0.02773	0.53862	0.20832	0.00944	0.01178	0.01125	0.00488	0.00566
81	0.01723	0.01477	0.01723	0.01230	0.01969	0.01107	0.00984	0.02092	0.01723	0.02707	0.01477	0.01723	0.01230	0.00615	0.00615	0.00123	0.00615	0.00492	0.00492	0.75883
82	0.01279	0.00961	0.01044	0.01016	0.01187	0.00967	0.00692	0.01718	0.10562	0.02164	0.04482	0.05648	0.21860	0.32878	0.05937	0.00568	0.00722	0.01297	0.04311	0.00707
83	0.01812	0.01632	0.02471	0.03419	0.36809	0.01680	0.01845	0.02589	0.14461	0.02694	0.02565	0.15391	0.02453	0.05163	0.01066	0.00303	0.00814	0.01115	0.00573	0.01148
84	0.02125	0.02105	0.03305	0.04904	0.61462	0.06295	0.02487	0.02600	0.01922	0.02669	0.01544	0.02019	0.01300	0.00748	0.00818	0.00245	0.01021	0.00727	0.00412	0.01293
85	0.01050	0.00833	0.00875	0.00871	0.01077	0.00732	0.00610	0.01221	0.01755	0.02160	0.10732	0.07246	0.46145	0.19014	0.01782	0.00409	0.00514	0.01602	0.00715	0.00658
86	0.01182	0.00923	0.01081	0.01028	0.01275	0.00860	0.00775	0.01670	0.07219	0.02970	0.40666	0.06567	0.27131	0.01791	0.00970	0.00270	0.00423	0.01543	0.00860	0.00799
87	0.02134	0.02346	0.02498	0.02171	0.02276	0.18550	0.01765	0.02324	0.01539	0.02008	0.01138	0.01739	0.01085	0.01307	0.02239	0.00327	0.52573	0.00680	0.00379	0.00922
88	0.02056	0.01974	0.03372	0.05099	0.65622	0.01974	0.02550	0.02550	0.01892	0.02714	0.01563	0.02056	0.01316	0.00740	0.00822	0.00247	0.00987	0.00740	0.00411	0.01316
89	0.01938	0.01869	0.03195	0.07748	0.54289	0.01868	0.05383	0.02422	0.01884	0.02644	0.02135	0.02567	0.06626	0.00856	0.00844	0.00253	0.00966	0.00836	0.00440	0.01236
90	0.01397	0.01150	0.01163	0.01141	0.01223	0.07687	0.00752	0.01494	0.01358	0.01735	0.02382	0.04482	0.02581	0.47259	0.19932	0.00879	0.01237	0.01059	0.00481	0.00611
91	0.01786	0.01771	0.02484	0.02139	0.02146	0.02469	0.01778	0.01973	0.01275	0.01996	0.01148	0.01890	0.01140	0.01694	0.05982	0.00412	0.65914	0.00735	0.00368	0.00900
92	0.02056	0.01974	0.03372	0.05099	0.65622	0.01974	0.02550	0.02550	0.01892	0.02714	0.01563	0.02056	0.01316	0.00740	0.00822	0.00247	0.00987	0.00740	0.00411	0.01316
93	0.01966	0.01688	0.01787	0.01615	0.02060	0.01931	0.01253	0.04105	0.57778	0.03407	0.06918	0.03505	0.05900	0.01205	0.00859	0.00281	0.00632	0.01009	0.00845	0.01257
94	0.01991	0.02157	0.04419	0.04006	0.23678	0.02061	0.43655	0.02626	0.01939	0.02678	0.01643	0.02183	0.01278	0.00713	0.00931	0.00270	0.01270	0.00905	0.00417	0.01182
95	0.02625	0.02668	0.02631	0.02958	0.22403	0.23584	0.01853	0.15360	0.11979	0.03121	0.01838	0.02020	0.01442	0.00890	0.00804	0.00242	0.01089	0.00705	0.00569	0.01220
96	0.01862	0.03068	0.31941	0.03551	0.25386	0.01980	0.15005	0.02609	0.01844	0.02666	0.01555	0.01958	0.01187	0.00754	0.00840	0.00261	0.01179	0.00733	0.00386	0.01237
97	0.01794	0.01695	0.02708	0.26826	0.24183	0.02019	0.02170	0.02220	0.01638	0.02333	0.01464	0.02102	0.01223	0.00973	0.01318	0.00286	0.19118	0.00738	0.04153	0.01041
98	0.00982	0.00842	0.00842	0.00842	0.01122	0.00701	0.00631	0.01192	0.01894	0.02244	0.08416	0.07995	0.65285	0.02104	0.00982	0.00281	0.00421	0.01753	0.00771	0.00701
99	0.01535	0.00973	0.01348	0.01522	0.06621	0.00889	0.00993	0.01758	0.01774	0.11438	0.07045	0.47906	0.04538	0.02067	0.00979	0.00302	0.00558	0.01861	0.00770	0.05122
100	0.00982	0.00842	0.00842	0.00842	0.01122	0.00701	0.00631	0.01192	0.01894	0.02244	0.08416	0.07995	0.65285	0.02104	0.00982	0.00281	0.00421	0.01753	0.00771	0.00701
101	0.01984	0.01973	0.03199	0.20736	0.43274	0.05436	0.06401	0.02491	0.01863	0.02527	0.01534	0.02078	0.01247	0.00766	0.00831	0.00255	0.01071	0.00745	0.00402	0.01186
102	0.01569	0.01477	0.02492	0.68808	0.05722	0.01846	0.02307	0.02123	0.01661	0.02123	0.01477	0.02215	0.01107	0.00831	0.00831	0.00277	0.01107	0.00738	0.00369	0.00923
103	0.02011	0.02416	0.12414	0.10678	0.40296	0.06289	0.08744	0.02581	0.01887	0.02593	0.01538	0.02011	0.01236	0.00760	0.00830	0.00253	0.01110	0.00733	0.00400	0.01221
104	0.02340	0.20976	0.24095	0.02036	0.02778	0.26273	0.02054	0.02814	0.01932	0.02209	0.01310	0.01557	0.01064	0.00828	0.00808	0.00229	0.04694	0.00548	0.00381	0.01074

[dist]
# distance from previous block
# <min> <max>
0	1

[block]
# block no. 1 follows, 22 sequences, length 50
# corresponding to MSA columns:
# 156-205
name=unknown_B
#
# <colnr> <probs for GDERKNQSTAVLIFYWHMCP>
#	G	D	E	R	K	N	Q	S	T	A	V	L	I	F	Y	W	H	M	C	P
0	0.38814	0.01612	0.01854	0.01966	0.13717	0.01673	0.01313	0.02989	0.01819	0.24040	0.01928	0.01966	0.01357	0.00850	0.00677	0.00255	0.00728	0.00631	0.00664	0.01146
1	0.01208	0.00849	0.01028	0.01023	0.01239	0.00754	0.00751	0.01478	0.02024	0.06050	0.28606	0.20988	0.26931	0.02006	0.00991	0.00285	0.00439	0.01746	0.00839	0.00765
2	0.01666	0.04297	0.66500	0.02368	0.03596	0.01929	0.03069	0.02631	0.01754	0.02631	0.01491	0.01754	0.01052	0.00789	0.00789	0.00263	0.01228	0.00614	0.00351	0.01228
3	0.01297	0.00935	0.01119	0.01092	0.01329	0.00878	0.00810	0.01765	0.07715	0.05885	0.29059	0.19036	0.22135	0.01904	0.00977	0.00283	0.00457	0.01658	0.00846	0.00819
4	0.01961	0.02241	0.04902	0.03501	0.04342	0.02101	0.62605	0.02661	0.01961	0.02661	0.01681	0.02241	0.01261	0.00700	0.00980	0.00280	0.01401	0.00980	0.00420	0.01120
5	0.01193	0.00867	0.01217	0.01217	0.01324	0.00974	0.00891	0.01407	0.01300	0.01841	0.02333	0.03863	0.02337	0.24049	0.50050	0.01189	0.01833	0.00978	0.00461	0.00676
6	0.01569	0.01477	0.02492	0.68808	0.05722	0.01846	0.02307	0.02123	0.01661	0.02123	0.01477	0.02215	0.01107	0.00831	0.00831	0.00277	0.01107	0.00738	0.00369	0.00923
7	0.00992	0.00842	0.00856	0.00852	0.01128	0.00706	0.00639	0.01212	0.01917	0.02301	0.11381	0.07901	0.62284	0.02083	0.00982	0.00280	0.00419	0.01740	0.00779	0.00706
8	0.01029	0.00736	0.00979	0.01145	0.01209	0.00686	0.00772	0.01199	0.01668	0.02244	0.10741	0.63749	0.05733	0.02511	0.01052	0.00330	0.00473	0.02274	0.00786	0.00686
9	0.01549	0.00774	0.00774	0.00774	0.00968	0.00774	0.00581	0.01936	0.01742	0.03097	0.02710	0.03097	0.02129	0.00968	0.00581	0.00194	0.00387	0.00774	0.75416	0.00774
10	0.02507	0.02643	0.02954	0.03816	0.38814	0.22858	0.02145	0.09264	0.02255	0.02768	0.01520	0.01872	0.01248	0.00805	0.00800	0.00237	0.01142	0.00676	0.00462	0.01214
11	0.01666	0.04297	0.66500	0.02368	0.03596	0.01929	0.03069	0.02631	0.01754	0.02631	0.01491	0.01754	0.01052	0.00789	0.00789	0.00263	0.01228	0.00614	0.00351	0.01228
12	0.01549	0.00774	0.00774	0.00774	0.00968	0.00774	0.00581	0.01936	0.01742	0.03097	0.02710	0.03097	0.02129	0.00968	0.00581	0.00194	0.00387	0.00774	0.75416	0.00774
13	0.18349	0.05814	0.14231	0.02542	0.14434	0.05484	0.08984	0.05992	0.07597	0.06440	0.01721	0.01938	0.01302	0.00820	0.00753	0.00255	0.00978	0.00681	0.00516	0.01166
14	0.02261	0.01089	0.01458	0.01229	0.01615	0.00970	0.00970	0.02623	0.02363	0.30061	0.38863	0.04769	0.05380	0.01413	0.00918	0.00259	0.00526	0.01219	0.00963	0.01052
15	0.01723	0.01477	0.01723	0.01230	0.01969	0.01107	0.00984	0.02092	0.01723	0.02707	0.01477	0.01723	0.01230	0.00615	0.00615	0.00123	0.00615	0.00492	0.00492	0.75883
16	0.00982	0.00842	0.00842	0.00842	0.01122	0.00701	0.00631	0.01192	0.01894	0.02244	0.08416	0.07995	0.65285	0.02104	0.00982	0.00281	0.00421	0.01753	0.00771	0.00701
17	0.76672	0.01607	0.01221	0.01092	0.01607	0.01864	0.00900	0.02442	0.01414	0.03727	0.01157	0.01350	0.00900	0.00771	0.00514	0.00257	0.00643	0.00450	0.00514	0.00900
18	0.01187	0.00890	0.01335	0.01335	0.01483	0.01038	0.01038	0.01483	0.01335	0.01928	0.02225	0.03264	0.02077	0.06231	0.67512	0.01335	0.02225	0.00890	0.00445	0.00742
19	0.01353	0.01071	0.01245	0.01162	0.01439	0.01075	0.00883	0.02179	0.17009	0.03169	0.40189	0.05787	0.16942	0.01635	0.00948	0.00270	0.00461	0.01413	0.00872	0.00896
20	0.02602	0.15652	0.02583	0.01836	0.02353	0.27827	0.01473	0.09114	0.22753	0.02795	0.02019	0.02042	0.01585	0.00932	0.00748	0.00233	0.01052	0.00671	0.00590	0.01141
21	0.02777	0.06396	0.02315	0.01861	0.02372	0.27085	0.01469	0.21863	0.14963	0.03370	0.01996	0.02054	0.01528	0.00952	0.00772	0.00235	0.01053	0.00690	0.05080	0.01166
22	0.01012	0.00723	0.00964	0.01157	0.01205	0.00675	0.00771	0.01157	0.01591	0.02121	0.04579	0.70262	0.05495	0.02603	0.01060	0.00337	0.00482	0.02362	0.00771	0.00675
23	0.03094	0.06527	0.02602	0.02070	0.02611	0.39946	0.07078	0.06907	0.02382	0.16309	0.01792	0.01878	0.01323	0.00881	0.00783	0.00230	0.01251	0.00649	0.00579	0.01108
24	0.02044	0.15902	0.33479	0.02147	0.02996	0.15004	0.05311	0.02653	0.01827	0.02329	0.01421	0.01735	0.01125	0.01100	0.04356	0.00300	0.04186	0.00606	0.00376	0.01102
25	0.02207	0.67606	0.04383	0.01533	0.02251	0.03224	0.04698	0.02497	0.01703	0.01992	0.01183	0.01381	0.01077	0.00710	0.00557	0.00183	0.00916	0.00473	0.00359	0.01069
26	0.02820	0.11230	0.10993	0.02093	0.02656	0.51975	0.01778	0.03138	0.02204	0.02103	0.01297	0.01514	0.01067	0.00832	0.00731	0.00217	0.01397	0.00536	0.00410	0.01009
27	0.02640	0.01560	0.02087	0.01642	0.02210	0.01466	0.06322	0.15714	0.02423	0.26002	0.02832	0.15008	0.02365	0.01224	0.00855	0.00252	0.00753	0.01060	0.00804	0.12780
28	0.01236	0.00956	0.01379	0.01357	0.01471	0.01130	0.01038	0.01483	0.01331	0.01913	0.02302	0.07331	0.02287	0.12276	0.51094	0.01132	0.08095	0.00995	0.00463	0.00728
29	0.01005	0.00823	0.00874	0.00900	0.01129	0.00706	0.00652	0.01204	0.01835	0.02242	0.09976	0.17040	0.51018	0.05425	0.01148	0.00313	0.00447	0.01807	0.00765	0.00691
30	0.01187	0.00890	0.01335	0.01335	0.01483	0.01038	0.01038	0.01483	0.01335	0.01928	0.02225	0.03264	0.02077	0.06231	0.67512	0.01335	0.02225	0.00890	0.00445	0.00742
31	0.01187	0.00890	0.01335	0.01335	0.01483	0.01038	0.01038	0.01483	0.01335	0.01928	0.02225	0.03264	0.02077	0.06231	0.67512	0.01335	0.02225	0.00890	0.00445	0.00742
32	0.01187	0.00890	0.01335	0.01335	0.01483	0.01038	0.01038	0.01483	0.01335	0.01928	0.02225	0.03264	0.02077	0.06231	0.67512	0.01335	0.02225	0.00890	0.00445	0.00742
33	0.02536	0.42917	0.03531	0.01713	0.02298	0.23998	0.01507	0.05762	0.01996	0.02147	0.01236	0.01441	0.01086	0.00806	0.00717	0.00201	0.04161	0.00502	0.00403	0.01043
34	0.01187	0.00890	0.01335	0.01335	0.01483	0.01038	0.01038	0.01483	0.01335	0.01928	0.02225	0.03264	0.02077	0.06231	0.67512	0.01335	0.02225	0.00890	0.00445	0.00742
35	0.03324	0.02061	0.02329	0.01785	0.02444	0.02182	0.01475	0.45751	0.03462	0.22964	0.02368	0.02237	0.01600	0.01006	0.00832	0.00252	0.00854	0.00773	0.00888	0.01413
36	0.01110	0.00774	0.00983	0.01112	0.01159	0.00746	0.00741	0.01231	0.01498	0.01991	0.03917	0.42788	0.04610	0.24954	0.02109	0.00496	0.00617	0.07855	0.00683	0.00628
37	0.01105	0.00794	0.01047	0.01093	0.01225	0.00737	0.00778	0.01390	0.02022	0.02807	0.38930	0.33954	0.06823	0.02090	0.01015	0.00294	0.00431	0.01875	0.00852	0.00737
38	0.01808	0.01673	0.02562	0.37078	0.19646	0.01930	0.02130	0.02775	0.16623	0.02591	0.01952	0.02387	0.01500	0.00879	0.00832	0.00271	0.00970	0.00787	0.00493	0.01113
39	0.02566	0.45662	0.03642	0.01629	0.02298	0.09860	0.01483	0.18805	0.02355	0.02845	0.01394	0.01528	0.01160	0.00803	0.00636	0.00201	0.00960	0.00535	0.00491	0.01148
40	0.01904	0.02059	0.04143	0.02959	0.03775	0.01864	0.47900	0.02525	0.01904	0.02672	0.01632	0.02117	0.01253	0.00680	0.00893	0.00243	0.01213	0.00864	0.00437	0.18961
41	0.01710	0.01391	0.01604	0.01585	0.01928	0.01535	0.01295	0.03128	0.34950	0.03001	0.04034	0.05980	0.06235	0.01666	0.00980	0.00325	0.00693	0.26099	0.00808	0.01054
42	0.02117	0.02089	0.03313	0.04928	0.61973	0.05764	0.02495	0.02594	0.01918	0.02675	0.01547	0.02024	0.01302	0.00747	0.00818	0.00245	0.01017	0.00728	0.00412	0.01295
43	0.02461	0.01654	0.01749	0.01419	0.01880	0.01796	0.01147	0.36464	0.02969	0.04309	0.02304	0.02472	0.01723	0.00985	0.00723	0.00225	0.00686	0.00759	0.33141	0.01136
44	0.01968	0.01884	0.03212	0.16644	0.54767	0.01951	0.02506	0.02472	0.01850	0.02607	0.01547	0.02085	0.01278	0.00757	0.00824	0.00252	0.01009	0.00740	0.00404	0.01245
45	0.01079	0.00784	0.00997	0.01141	0.01237	0.00735	0.00807	0.01252	0.01638	0.02135	0.04860	0.45196	0.13362	0.10186	0.01420	0.00389	0.00553	0.10816	0.00740	0.00673
46	0.01196	0.00801	0.00910	0.00921	0.00924	0.00798	0.00519	0.01205	0.01231	0.01641	0.02734	0.09282	0.03167	0.66759	0.04040	0.00778	0.00786	0.01277	0.00519	0.00514
47	0.01882	0.02089	0.14146	0.05938	0.16167	0.01714	0.01852	0.14553	0.05484	0.03058	0.02784	0.18617	0.05468	0.01338	0.00884	0.00277	0.00858	0.01165	0.00610	0.01116
48	0.02267	0.62126	0.04019	0.01442	0.02115	0.05814	0.01396	0.05150	0.01816	0.02156	0.01271	0.01452	0.01132	0.00742	0.00557	0.00183	0.00891	0.00477	0.03930	0.01063
49	0.01083	0.00815	0.00993	0.01037	0.01206	0.00739	0.00752	0.01334	0.01926	0.02548	0.25405	0.24958	0.23461	0.05372	0.01166	0.00321	0.00465	0.04899	0.00805	0.00715

[dist]
# distance from previous block
# <min> <max>
0	2

# created by:
# /home/cegg/simao/soft/augustus-3.2.1/scripts/msa2prfl.pl ./align_prep/13834.fa
