[name]
unknown

[dist]
# distance from previous block
# <min> <max>
0	20

[block]
# block no. 0 follows, 21 sequences, length 14
# corresponding to MSA columns:
# 23-36
name=unknown_A
#
# <colnr> <probs for GDERKNQSTAVLIFYWHMCP>
#	G	D	E	R	K	N	Q	S	T	A	V	L	I	F	Y	W	H	M	C	P
0	0.02004	0.02395	0.16505	0.02761	0.03552	0.01804	0.32929	0.02642	0.01952	0.08472	0.02191	0.03233	0.01812	0.01098	0.01091	0.04116	0.01210	0.08603	0.00518	0.01110
1	0.02400	0.02265	0.02956	0.03336	0.26883	0.10943	0.07560	0.17058	0.02436	0.03201	0.01772	0.02197	0.01438	0.01595	0.09748	0.00403	0.01276	0.00775	0.00534	0.01224
2	0.03072	0.02214	0.06525	0.02485	0.14132	0.02144	0.01808	0.33123	0.03098	0.19357	0.02249	0.02248	0.01567	0.00967	0.00848	0.00258	0.00919	0.00778	0.00790	0.01417
3	0.01607	0.01513	0.02552	0.68047	0.05861	0.01891	0.02363	0.02174	0.01702	0.02174	0.01513	0.02269	0.01134	0.00851	0.00851	0.00284	0.01134	0.00756	0.00378	0.00945
4	0.01024	0.00863	0.00888	0.00882	0.01161	0.00726	0.00661	0.01257	0.01984	0.02403	0.13839	0.08018	0.59156	0.02116	0.01006	0.00286	0.00428	0.01772	0.00804	0.00726
5	0.01361	0.01831	0.15702	0.01372	0.01850	0.04466	0.01328	0.01829	0.02129	0.02845	0.30057	0.05629	0.23122	0.01610	0.00948	0.00272	0.00663	0.01359	0.00736	0.00890
6	0.02537	0.51327	0.03866	0.01669	0.02314	0.21706	0.01511	0.02794	0.01927	0.02026	0.01221	0.01414	0.01093	0.00771	0.00610	0.00193	0.01091	0.00482	0.00386	0.01062
7	0.01037	0.00741	0.00987	0.01185	0.01234	0.00691	0.00790	0.01185	0.01629	0.02172	0.04690	0.69537	0.05629	0.02666	0.01086	0.00346	0.00494	0.02419	0.00790	0.00691
8	0.01238	0.00825	0.00928	0.00928	0.00928	0.00825	0.00516	0.01238	0.01238	0.01650	0.02681	0.05569	0.03094	0.70092	0.04331	0.00825	0.00825	0.01238	0.00516	0.00516
9	0.03179	0.04056	0.02412	0.02192	0.02631	0.66676	0.01644	0.03398	0.02412	0.02083	0.01315	0.01535	0.01096	0.00877	0.00767	0.00219	0.01535	0.00548	0.00438	0.00987
10	0.01037	0.00741	0.00987	0.01185	0.01234	0.00691	0.00790	0.01185	0.01629	0.02172	0.04690	0.69537	0.05629	0.02666	0.01086	0.00346	0.00494	0.02419	0.00790	0.00691
11	0.02106	0.02022	0.03454	0.05223	0.64784	0.02022	0.02612	0.02612	0.01938	0.02780	0.01601	0.02106	0.01348	0.00758	0.00842	0.00253	0.01011	0.00758	0.00421	0.01348
12	0.02106	0.02022	0.03454	0.05223	0.64784	0.02022	0.02612	0.02612	0.01938	0.02780	0.01601	0.02106	0.01348	0.00758	0.00842	0.00253	0.01011	0.00758	0.00421	0.01348
13	0.02281	0.02583	0.06403	0.13134	0.37818	0.18049	0.02365	0.02750	0.02015	0.02518	0.01514	0.01971	0.01241	0.00803	0.00823	0.00250	0.01172	0.00699	0.00416	0.01197

[dist]
# distance from previous block
# <min> <max>
0	1

[block]
# block no. 1 follows, 21 sequences, length 26
# corresponding to MSA columns:
# 38-63
name=unknown_B
#
# <colnr> <probs for GDERKNQSTAVLIFYWHMCP>
#	G	D	E	R	K	N	Q	S	T	A	V	L	I	F	Y	W	H	M	C	P
0	0.01938	0.01787	0.02470	0.02986	0.23928	0.04597	0.04982	0.02982	0.21004	0.02895	0.02902	0.10206	0.02662	0.01305	0.00928	0.00294	0.00867	0.09444	0.00650	0.01174
1	0.23817	0.50484	0.03523	0.01358	0.02027	0.02942	0.01300	0.02535	0.01647	0.02532	0.01184	0.01370	0.01042	0.00746	0.00540	0.00206	0.00837	0.00457	0.00411	0.01042
2	0.01415	0.01173	0.01761	0.01608	0.01757	0.01417	0.04305	0.01701	0.01401	0.02073	0.02056	0.03107	0.01934	0.08793	0.42326	0.01005	0.16084	0.00895	0.04389	0.00802
3	0.01060	0.00864	0.00937	0.00919	0.01183	0.00741	0.00689	0.01326	0.02067	0.02602	0.23765	0.07692	0.49105	0.02042	0.01005	0.00282	0.00423	0.01726	0.00830	0.00741
4	0.02275	0.70604	0.04459	0.01456	0.02184	0.03367	0.01456	0.02548	0.01729	0.02002	0.01183	0.01365	0.01092	0.00728	0.00546	0.00182	0.00910	0.00455	0.00364	0.01092
5	0.02106	0.02022	0.03454	0.05223	0.64784	0.02022	0.02612	0.02612	0.01938	0.02780	0.01601	0.02106	0.01348	0.00758	0.00842	0.00253	0.01011	0.00758	0.00421	0.01348
6	0.02334	0.02712	0.04063	0.03502	0.14398	0.19135	0.35655	0.02883	0.02103	0.02566	0.01594	0.02062	0.01250	0.00766	0.00914	0.00263	0.01388	0.00842	0.00431	0.01140
7	0.02275	0.70604	0.04459	0.01456	0.02184	0.03367	0.01456	0.02548	0.01729	0.02002	0.01183	0.01365	0.01092	0.00728	0.00546	0.00182	0.00910	0.00455	0.00364	0.01092
8	0.01037	0.00741	0.00987	0.01185	0.01234	0.00691	0.00790	0.01185	0.01629	0.02172	0.04690	0.69537	0.05629	0.02666	0.01086	0.00346	0.00494	0.02419	0.00790	0.00691
9	0.01006	0.00862	0.00862	0.00862	0.01149	0.00718	0.00647	0.01221	0.01940	0.02299	0.08621	0.08190	0.64438	0.02155	0.01006	0.00287	0.00431	0.01796	0.00790	0.00718
10	0.01736	0.01466	0.01688	0.01686	0.06092	0.01586	0.01202	0.03206	0.35223	0.03316	0.20498	0.04565	0.11364	0.01406	0.00918	0.00280	0.00594	0.01205	0.00846	0.01124
11	0.01006	0.00862	0.00862	0.00862	0.01149	0.00718	0.00647	0.01221	0.01940	0.02299	0.08621	0.08190	0.64438	0.02155	0.01006	0.00287	0.00431	0.01796	0.00790	0.00718
12	0.01037	0.00741	0.00987	0.01185	0.01234	0.00691	0.00790	0.01185	0.01629	0.02172	0.04690	0.69537	0.05629	0.02666	0.01086	0.00346	0.00494	0.02419	0.00790	0.00691
13	0.02106	0.02022	0.03454	0.05223	0.64784	0.02022	0.02612	0.02612	0.01938	0.02780	0.01601	0.02106	0.01348	0.00758	0.00842	0.00253	0.01011	0.00758	0.00421	0.01348
14	0.03235	0.02384	0.02554	0.01958	0.02639	0.02639	0.01618	0.61946	0.04001	0.05363	0.02043	0.02043	0.01447	0.01022	0.00851	0.00255	0.00936	0.00766	0.00851	0.01447
15	0.01037	0.00741	0.00987	0.01185	0.01234	0.00691	0.00790	0.01185	0.01629	0.02172	0.04690	0.69537	0.05629	0.02666	0.01086	0.00346	0.00494	0.02419	0.00790	0.00691
16	0.76103	0.01646	0.01251	0.01119	0.01646	0.01909	0.00922	0.02502	0.01448	0.03818	0.01185	0.01382	0.00922	0.00790	0.00527	0.00263	0.00658	0.00461	0.00527	0.00922
17	0.01189	0.00804	0.00943	0.00991	0.01003	0.00792	0.00583	0.01225	0.01333	0.01778	0.03172	0.21196	0.03713	0.53621	0.03539	0.00708	0.00744	0.01526	0.00583	0.00559
18	0.02361	0.02530	0.03129	0.07919	0.45126	0.19054	0.02343	0.02795	0.02049	0.02563	0.01521	0.01965	0.01270	0.00795	0.00823	0.00246	0.01156	0.00703	0.00423	0.01230
19	0.01029	0.00863	0.00894	0.00886	0.01164	0.00728	0.00665	0.01266	0.01994	0.02428	0.15061	0.07978	0.57918	0.02107	0.01006	0.00285	0.00428	0.01766	0.00807	0.00728
20	0.01977	0.01226	0.01326	0.01169	0.01489	0.01312	0.00920	0.17731	0.02319	0.03607	0.02524	0.02895	0.01981	0.01642	0.08548	0.00353	0.00763	0.00800	0.46456	0.00962
21	0.01590	0.05100	0.01605	0.01382	0.01627	0.05408	0.01093	0.05878	0.01693	0.02387	0.02212	0.03005	0.01966	0.04577	0.44848	0.00985	0.01793	0.00836	0.11169	0.00844
22	0.01848	0.13590	0.44950	0.02512	0.03615	0.02212	0.14342	0.02680	0.01828	0.02601	0.01515	0.01832	0.01122	0.00779	0.00809	0.00260	0.01242	0.00677	0.00374	0.01212
23	0.01006	0.00862	0.00862	0.00862	0.01149	0.00718	0.00647	0.01221	0.01940	0.02299	0.08621	0.08190	0.64438	0.02155	0.01006	0.00287	0.00431	0.01796	0.00790	0.00718
24	0.01238	0.00825	0.00928	0.00928	0.00928	0.00825	0.00516	0.01238	0.01238	0.01650	0.02681	0.05569	0.03094	0.70092	0.04331	0.00825	0.00825	0.01238	0.00516	0.00516
25	0.01989	0.21042	0.28139	0.03049	0.21157	0.02366	0.05682	0.02634	0.01831	0.02539	0.01468	0.01800	0.01172	0.00768	0.00760	0.00242	0.01104	0.00641	0.00382	0.01235

[dist]
# distance from previous block
# <min> <max>
0	1

[block]
# block no. 2 follows, 21 sequences, length 37
# corresponding to MSA columns:
# 65-101
name=unknown_C
#
# <colnr> <probs for GDERKNQSTAVLIFYWHMCP>
#	G	D	E	R	K	N	Q	S	T	A	V	L	I	F	Y	W	H	M	C	P
0	0.03066	0.13024	0.02741	0.02023	0.02570	0.39943	0.01610	0.19516	0.02756	0.02981	0.01499	0.01652	0.01193	0.00896	0.00759	0.00224	0.01280	0.00595	0.00542	0.01129
1	0.02106	0.02022	0.03454	0.05223	0.64784	0.02022	0.02612	0.02612	0.01938	0.02780	0.01601	0.02106	0.01348	0.00758	0.00842	0.00253	0.01011	0.00758	0.00421	0.01348
2	0.02999	0.12381	0.02735	0.02284	0.06368	0.54692	0.01679	0.03242	0.02296	0.02115	0.01316	0.01548	0.01111	0.00851	0.00744	0.00217	0.01423	0.00549	0.00428	0.01022
3	0.02007	0.01364	0.01446	0.01263	0.01622	0.01463	0.00985	0.18144	0.10318	0.03594	0.03179	0.03467	0.07786	0.05046	0.03728	0.00316	0.00682	0.00928	0.31646	0.01016
4	0.01216	0.00912	0.01368	0.01368	0.01520	0.01064	0.01064	0.01520	0.01368	0.01976	0.02279	0.03343	0.02127	0.06382	0.66720	0.01368	0.02279	0.00912	0.00456	0.00760
5	0.03150	0.03272	0.02446	0.02075	0.02614	0.37668	0.01619	0.27126	0.05990	0.03481	0.01713	0.01819	0.01311	0.00949	0.00806	0.00237	0.01251	0.00656	0.00626	0.01190
6	0.01193	0.00806	0.00941	0.00985	0.00996	0.00795	0.00576	0.01226	0.01324	0.01766	0.03126	0.19726	0.03655	0.55169	0.03613	0.00719	0.00752	0.01499	0.00576	0.00555
7	0.02118	0.52243	0.21440	0.01725	0.02600	0.02982	0.01924	0.02589	0.01748	0.02194	0.01279	0.01485	0.01088	0.00750	0.00619	0.00206	0.01006	0.00503	0.00363	0.01138
8	0.01707	0.04402	0.65683	0.02426	0.03683	0.01976	0.03144	0.02695	0.01797	0.02695	0.01527	0.01797	0.01078	0.00809	0.00809	0.00270	0.01258	0.00629	0.00359	0.01258
9	0.01037	0.00741	0.00987	0.01185	0.01234	0.00691	0.00790	0.01185	0.01629	0.02172	0.04690	0.69537	0.05629	0.02666	0.01086	0.00346	0.00494	0.02419	0.00790	0.00691
10	0.02790	0.02956	0.02751	0.06926	0.20680	0.30297	0.01959	0.15858	0.02580	0.03003	0.01568	0.01853	0.01247	0.00873	0.00812	0.00241	0.01230	0.00668	0.00520	0.01188
11	0.02151	0.56163	0.17815	0.01668	0.02511	0.03064	0.01824	0.02580	0.01744	0.02153	0.01258	0.01459	0.01089	0.00746	0.00603	0.00201	0.00986	0.00493	0.00363	0.01128
12	0.01221	0.00893	0.01270	0.01270	0.01389	0.01011	0.00942	0.01457	0.01339	0.01904	0.02368	0.03836	0.02341	0.20483	0.52912	0.01248	0.01958	0.00984	0.00469	0.00706
13	0.01768	0.00997	0.01305	0.01156	0.01462	0.00896	0.00892	0.02142	0.02386	0.16981	0.47514	0.05707	0.10169	0.01614	0.00971	0.00268	0.00474	0.01404	0.00953	0.00940
14	0.01515	0.14225	0.16048	0.01619	0.02062	0.01684	0.01552	0.01896	0.01709	0.02343	0.07765	0.29485	0.03486	0.01699	0.01118	0.00296	0.08581	0.01408	0.00582	0.00925
15	0.02106	0.02022	0.03454	0.05223	0.64784	0.02022	0.02612	0.02612	0.01938	0.02780	0.01601	0.02106	0.01348	0.00758	0.00842	0.00253	0.01011	0.00758	0.00421	0.01348
16	0.01218	0.00817	0.00934	0.00953	0.00958	0.00812	0.00542	0.01232	0.01276	0.01701	0.02877	0.11787	0.03340	0.63538	0.04016	0.00778	0.00793	0.01352	0.00542	0.00533
17	0.01926	0.02699	0.19508	0.08401	0.17642	0.02061	0.29836	0.02653	0.01918	0.02690	0.01632	0.02128	0.01239	0.00759	0.00909	0.00275	0.01276	0.00839	0.00407	0.01204
18	0.07067	0.02230	0.02390	0.02282	0.10602	0.06577	0.01624	0.28953	0.21851	0.04157	0.02327	0.02330	0.01737	0.01005	0.00830	0.00263	0.00888	0.00793	0.00753	0.01341
19	0.03108	0.03922	0.02480	0.02392	0.06731	0.62411	0.01708	0.03346	0.02380	0.02129	0.01334	0.01572	0.01113	0.00869	0.00772	0.00221	0.01500	0.00562	0.00437	0.01010
20	0.01258	0.00974	0.01449	0.01425	0.01567	0.01166	0.01116	0.01554	0.01363	0.01980	0.02203	0.03245	0.02061	0.06060	0.62503	0.01302	0.06650	0.00901	0.00450	0.00771
21	0.01216	0.00912	0.01368	0.01368	0.01520	0.01064	0.01064	0.01520	0.01368	0.01976	0.02279	0.03343	0.02127	0.06382	0.66720	0.01368	0.02279	0.00912	0.00456	0.00760
22	0.16994	0.01798	0.07612	0.01532	0.02173	0.01572	0.01352	0.03639	0.12896	0.34231	0.03024	0.02787	0.04595	0.01047	0.00797	0.00269	0.00739	0.00819	0.00845	0.01281
23	0.02077	0.01992	0.03401	0.08957	0.61282	0.02014	0.02597	0.02586	0.01924	0.02744	0.01596	0.02116	0.01335	0.00764	0.00843	0.00255	0.01018	0.00758	0.00419	0.01324
24	0.01884	0.08045	0.36922	0.03119	0.14762	0.02119	0.15818	0.02677	0.01864	0.02670	0.01560	0.01933	0.01175	0.00774	0.00840	0.00264	0.01228	0.00723	0.00386	0.01238
25	0.02106	0.02022	0.03454	0.05223	0.64784	0.02022	0.02612	0.02612	0.01938	0.02780	0.01601	0.02106	0.01348	0.00758	0.00842	0.00253	0.01011	0.00758	0.00421	0.01348
26	0.01089	0.00865	0.00977	0.00949	0.01200	0.00754	0.00712	0.01382	0.02135	0.02763	0.31846	0.07426	0.40924	0.01982	0.01005	0.00279	0.00419	0.01689	0.00851	0.00754
27	0.01768	0.08782	0.57027	0.02445	0.03637	0.02085	0.07335	0.02687	0.01808	0.02650	0.01518	0.01804	0.01095	0.00796	0.00805	0.00265	0.01247	0.00645	0.00365	0.01238
28	0.02725	0.03180	0.02749	0.03238	0.24698	0.39269	0.01968	0.03196	0.06411	0.02432	0.01564	0.01850	0.01289	0.00854	0.00801	0.00236	0.01290	0.00651	0.00462	0.01140
29	0.02029	0.01220	0.01266	0.01106	0.01434	0.01289	0.00869	0.18073	0.02379	0.03761	0.02579	0.02870	0.01984	0.01000	0.00664	0.00214	0.00541	0.00786	0.54969	0.00969
30	0.01025	0.00848	0.00878	0.00896	0.01142	0.00723	0.00651	0.01219	0.01863	0.02243	0.07854	0.13627	0.54852	0.06856	0.01241	0.00330	0.00464	0.01815	0.00771	0.00702
31	0.02329	0.02341	0.02225	0.11625	0.06556	0.21402	0.01630	0.14229	0.02343	0.02808	0.02234	0.16767	0.02186	0.01334	0.01020	0.00277	0.06025	0.01061	0.00583	0.01025
32	0.01238	0.00825	0.00928	0.00928	0.00928	0.00825	0.00516	0.01238	0.01238	0.01650	0.02681	0.05569	0.03094	0.70092	0.04331	0.00825	0.00825	0.01238	0.00516	0.00516
33	0.01052	0.00747	0.00983	0.01166	0.01212	0.00701	0.00770	0.01189	0.01600	0.02134	0.04543	0.64832	0.05442	0.07625	0.01325	0.00381	0.00518	0.02332	0.00770	0.00678
34	0.03179	0.04056	0.02412	0.02192	0.02631	0.66676	0.01644	0.03398	0.02412	0.02083	0.01315	0.01535	0.01096	0.00877	0.00767	0.00219	0.01535	0.00548	0.00438	0.00987
35	0.01765	0.01513	0.01765	0.01260	0.02017	0.01134	0.01008	0.02143	0.01765	0.02773	0.01513	0.01765	0.01260	0.00630	0.00630	0.00126	0.00630	0.00504	0.00504	0.75295
36	0.02111	0.17100	0.03735	0.02977	0.16614	0.02387	0.18424	0.06122	0.01933	0.02673	0.01585	0.02034	0.01309	0.00881	0.01090	0.00260	0.10960	0.00761	0.05902	0.01140

[dist]
# distance from previous block
# <min> <max>
0	1

[block]
# block no. 3 follows, 21 sequences, length 47
# corresponding to MSA columns:
# 103-149
name=unknown_D
#
# <colnr> <probs for GDERKNQSTAVLIFYWHMCP>
#	G	D	E	R	K	N	Q	S	T	A	V	L	I	F	Y	W	H	M	C	P
0	0.02047	0.14224	0.33655	0.02058	0.02945	0.11586	0.02260	0.03007	0.11864	0.02620	0.02063	0.02190	0.04065	0.00920	0.00779	0.00252	0.01113	0.00694	0.00472	0.01183
1	0.01752	0.01493	0.01588	0.01470	0.01874	0.01639	0.01144	0.03401	0.41580	0.03182	0.07880	0.04928	0.18640	0.01498	0.00924	0.00292	0.00604	0.04132	0.00846	0.01132
2	0.01024	0.00868	0.00888	0.00898	0.01180	0.00732	0.00683	0.01249	0.01941	0.02311	0.08414	0.08261	0.61445	0.02165	0.01014	0.00293	0.00449	0.04675	0.00790	0.00722
3	0.02875	0.02796	0.02783	0.03022	0.21490	0.22462	0.01927	0.25651	0.02878	0.03555	0.01682	0.01903	0.01307	0.00896	0.00822	0.00243	0.01146	0.00696	0.00592	0.01273
4	0.02079	0.01979	0.03290	0.08510	0.56827	0.02022	0.02504	0.02728	0.06463	0.02804	0.01734	0.02195	0.01428	0.00793	0.00845	0.00257	0.00993	0.00773	0.00452	0.01325
5	0.03081	0.03331	0.02468	0.06992	0.02873	0.41343	0.01689	0.22084	0.02869	0.03142	0.01563	0.01752	0.01212	0.00921	0.00800	0.00236	0.01313	0.00633	0.00566	0.01131
6	0.02061	0.12906	0.04915	0.01493	0.01967	0.01790	0.01285	0.18325	0.02525	0.06477	0.13731	0.13146	0.08686	0.01511	0.00895	0.00272	0.00728	0.05477	0.00756	0.01055
7	0.01037	0.00741	0.00987	0.01185	0.01234	0.00691	0.00790	0.01185	0.01629	0.02172	0.04690	0.69537	0.05629	0.02666	0.01086	0.00346	0.00494	0.02419	0.00790	0.00691
8	0.02083	0.01999	0.03413	0.08097	0.62089	0.02016	0.02600	0.02592	0.01927	0.02753	0.01597	0.02114	0.01338	0.00762	0.00843	0.00254	0.01017	0.00758	0.00419	0.01330
9	0.02327	0.01941	0.01915	0.01648	0.02136	0.07524	0.01297	0.17715	0.28411	0.06116	0.06802	0.03697	0.12197	0.01281	0.00882	0.00272	0.00762	0.01035	0.00824	0.01218
10	0.01025	0.00788	0.00939	0.01060	0.01202	0.00702	0.00735	0.01199	0.01749	0.02221	0.06209	0.45835	0.28350	0.02469	0.01055	0.00323	0.00470	0.02178	0.00790	0.00702
11	0.01037	0.00741	0.00987	0.01185	0.01234	0.00691	0.00790	0.01185	0.01629	0.02172	0.04690	0.69537	0.05629	0.02666	0.01086	0.00346	0.00494	0.02419	0.00790	0.00691
12	0.01586	0.00793	0.00793	0.00793	0.00991	0.00793	0.00595	0.01983	0.01785	0.03173	0.02776	0.03173	0.02181	0.00991	0.00595	0.00198	0.00397	0.00793	0.74817	0.00793
13	0.01707	0.04402	0.65683	0.02426	0.03683	0.01976	0.03144	0.02695	0.01797	0.02695	0.01527	0.01797	0.01078	0.00809	0.00809	0.00270	0.01258	0.00629	0.00359	0.01258
14	0.02572	0.03050	0.02446	0.02175	0.02426	0.38385	0.01707	0.02781	0.01926	0.02064	0.01276	0.01741	0.01147	0.01351	0.04322	0.00328	0.28294	0.00642	0.00413	0.00955
15	0.76103	0.01646	0.01251	0.01119	0.01646	0.01909	0.00922	0.02502	0.01448	0.03818	0.01185	0.01382	0.00922	0.00790	0.00527	0.00263	0.00658	0.00461	0.00527	0.00922
16	0.03179	0.04056	0.02412	0.02192	0.02631	0.66676	0.01644	0.03398	0.02412	0.02083	0.01315	0.01535	0.01096	0.00877	0.00767	0.00219	0.01535	0.00548	0.00438	0.00987
17	0.02106	0.02022	0.03454	0.05223	0.64784	0.02022	0.02612	0.02612	0.01938	0.02780	0.01601	0.02106	0.01348	0.00758	0.00842	0.00253	0.01011	0.00758	0.00421	0.01348
18	0.01238	0.00825	0.00928	0.00928	0.00928	0.00825	0.00516	0.01238	0.01238	0.01650	0.02681	0.05569	0.03094	0.70092	0.04331	0.00825	0.00825	0.01238	0.00516	0.00516
19	0.02306	0.01922	0.02031	0.01770	0.02285	0.02205	0.01393	0.14248	0.53212	0.03865	0.03223	0.02983	0.02403	0.01132	0.00863	0.00283	0.00718	0.00929	0.00863	0.01364
20	0.01781	0.13003	0.57728	0.02300	0.03488	0.02157	0.02925	0.02676	0.01788	0.02605	0.01482	0.01741	0.01080	0.00798	0.00774	0.00258	0.01213	0.00606	0.00360	0.01236
21	0.08210	0.16480	0.02665	0.01726	0.02329	0.12863	0.01445	0.30115	0.02893	0.03737	0.02313	0.02359	0.07285	0.01029	0.00766	0.00238	0.00959	0.00743	0.00655	0.01192
22	0.01707	0.04402	0.65683	0.02426	0.03683	0.01976	0.03144	0.02695	0.01797	0.02695	0.01527	0.01797	0.01078	0.00809	0.00809	0.00270	0.01258	0.00629	0.00359	0.01258
23	0.01238	0.00825	0.00928	0.00928	0.00928	0.00825	0.00516	0.01238	0.01238	0.01650	0.02681	0.05569	0.03094	0.70092	0.04331	0.00825	0.00825	0.01238	0.00516	0.00516
24	0.02106	0.02022	0.03454	0.05223	0.64784	0.02022	0.02612	0.02612	0.01938	0.02780	0.01601	0.02106	0.01348	0.00758	0.00842	0.00253	0.01011	0.00758	0.00421	0.01348
25	0.02097	0.02048	0.03604	0.05067	0.59031	0.02034	0.08245	0.02623	0.01944	0.02775	0.01612	0.02124	0.01343	0.00754	0.00858	0.00256	0.01051	0.00782	0.00422	0.01329
26	0.01238	0.00825	0.00928	0.00928	0.00928	0.00825	0.00516	0.01238	0.01238	0.01650	0.02681	0.05569	0.03094	0.70092	0.04331	0.00825	0.00825	0.01238	0.00516	0.00516
27	0.01037	0.00741	0.00987	0.01185	0.01234	0.00691	0.00790	0.01185	0.01629	0.02172	0.04690	0.69537	0.05629	0.02666	0.01086	0.00346	0.00494	0.02419	0.00790	0.00691
28	0.01289	0.00908	0.01048	0.00989	0.01271	0.00790	0.00750	0.01583	0.02153	0.07388	0.29254	0.07106	0.38540	0.01917	0.00994	0.00278	0.00442	0.01629	0.00865	0.00804
29	0.02461	0.56921	0.04038	0.01608	0.02276	0.16384	0.01495	0.02723	0.01869	0.02019	0.01210	0.01400	0.01093	0.00759	0.00592	0.00190	0.01039	0.00474	0.00379	0.01070
30	0.01065	0.00836	0.00963	0.00991	0.01201	0.00734	0.00721	0.01313	0.01990	0.02561	0.22276	0.21937	0.36052	0.02165	0.01024	0.00296	0.00438	0.01873	0.00829	0.00734
31	0.01765	0.01513	0.01765	0.01260	0.02017	0.01134	0.01008	0.02143	0.01765	0.02773	0.01513	0.01765	0.01260	0.00630	0.00630	0.00126	0.00630	0.00504	0.00504	0.75295
32	0.01219	0.00892	0.01158	0.01153	0.01361	0.00831	0.00905	0.01599	0.02267	0.03119	0.46197	0.07219	0.13140	0.01909	0.01040	0.00295	0.00484	0.13531	0.00890	0.00790
33	0.02231	0.49021	0.03599	0.01503	0.02126	0.10643	0.01380	0.02671	0.07027	0.02176	0.02214	0.02293	0.08225	0.00940	0.00651	0.00207	0.00913	0.00657	0.00463	0.01059
34	0.02199	0.01643	0.06575	0.01764	0.08013	0.01293	0.01348	0.02732	0.05531	0.18528	0.12362	0.03210	0.05797	0.01043	0.00811	0.00223	0.00693	0.00880	0.00726	0.24630
35	0.02017	0.27098	0.24218	0.02250	0.03151	0.02521	0.14657	0.02852	0.08613	0.02552	0.01660	0.01901	0.01296	0.00799	0.00763	0.00244	0.01107	0.00683	0.00432	0.01186
36	0.52326	0.02119	0.14626	0.01398	0.02024	0.01788	0.01369	0.02396	0.01541	0.03403	0.01644	0.09005	0.01475	0.01001	0.00647	0.00274	0.00765	0.00712	0.00521	0.00966
37	0.03185	0.03871	0.02427	0.02166	0.02632	0.59595	0.01641	0.09872	0.02587	0.02446	0.01396	0.01591	0.01135	0.00893	0.00777	0.00223	0.01469	0.00572	0.00484	0.01038
38	0.01246	0.01215	0.01033	0.01009	0.01313	0.08012	0.00757	0.01462	0.01992	0.02275	0.07813	0.07454	0.57434	0.02014	0.00979	0.00280	0.00553	0.01658	0.00751	0.00748
39	0.02525	0.02620	0.02606	0.07172	0.05987	0.25114	0.08277	0.14527	0.02404	0.02878	0.01704	0.02108	0.01376	0.01600	0.09147	0.00390	0.04334	0.00732	0.03428	0.01073
40	0.01790	0.01757	0.02470	0.02138	0.02155	0.02436	0.01774	0.01990	0.01310	0.02040	0.01246	0.02026	0.01229	0.02031	0.09862	0.00482	0.61208	0.00763	0.00382	0.00912
41	0.02703	0.01881	0.02253	0.01824	0.02263	0.02142	0.01489	0.30489	0.02752	0.13319	0.02115	0.02479	0.01648	0.05614	0.08736	0.00436	0.15109	0.00818	0.00720	0.01211
42	0.02224	0.59285	0.07803	0.01927	0.09191	0.03140	0.01679	0.02564	0.01756	0.02127	0.01249	0.01471	0.01120	0.00736	0.00594	0.00195	0.00941	0.00498	0.00370	0.01130
43	0.01170	0.00889	0.01256	0.01613	0.08239	0.00848	0.00971	0.01347	0.01634	0.02201	0.04200	0.57345	0.04968	0.07447	0.01299	0.00371	0.00575	0.02148	0.00729	0.00751
44	0.01101	0.00866	0.00994	0.00962	0.01208	0.00759	0.00721	0.01405	0.02164	0.02831	0.35245	0.07314	0.37483	0.01957	0.01005	0.00278	0.00417	0.01673	0.00860	0.00759
45	0.02104	0.17017	0.23832	0.02601	0.03540	0.02400	0.24134	0.09228	0.02104	0.02859	0.01585	0.01918	0.01200	0.00782	0.00831	0.00256	0.01216	0.00746	0.00441	0.01204
46	0.01423	0.00999	0.01383	0.01572	0.04774	0.00963	0.01216	0.01779	0.02015	0.05395	0.14467	0.14916	0.09730	0.02133	0.01094	0.00346	0.00671	0.33492	0.00804	0.00829

[dist]
# distance from previous block
# <min> <max>
0	14

# created by:
# /home/cegg/simao/soft/augustus-3.2.1/scripts/msa2prfl.pl ./align_prep/13842.fa
