[name]
unknown

[dist]
# distance from previous block
# <min> <max>
0	84

[block]
# block no. 0 follows, 23 sequences, length 20
# corresponding to MSA columns:
# 84-103
name=unknown_A
#
# <colnr> <probs for GDERKNQSTAVLIFYWHMCP>
#	G	D	E	R	K	N	Q	S	T	A	V	L	I	F	Y	W	H	M	C	P
0	0.01373	0.01006	0.01310	0.01419	0.01649	0.01001	0.01220	0.05692	0.01994	0.02570	0.04725	0.08478	0.13592	0.02130	0.01076	0.00350	0.00707	0.48176	0.00752	0.00780
1	0.01902	0.20891	0.32380	0.01840	0.02627	0.11580	0.02023	0.02430	0.01704	0.02175	0.01502	0.02090	0.01310	0.10935	0.01185	0.00305	0.01093	0.00630	0.00376	0.01020
2	0.01018	0.00835	0.00904	0.00916	0.01171	0.00721	0.00707	0.01262	0.01904	0.02342	0.14607	0.07745	0.52746	0.02028	0.00976	0.00282	0.00443	0.07923	0.00769	0.00701
3	0.01725	0.07708	0.52565	0.02722	0.14327	0.01968	0.02817	0.02548	0.01733	0.02546	0.01449	0.01741	0.01073	0.00758	0.00762	0.00249	0.01139	0.00611	0.00353	0.01205
4	0.02008	0.01928	0.03294	0.04981	0.66422	0.01928	0.02490	0.02490	0.01848	0.02651	0.01526	0.02008	0.01285	0.00723	0.00803	0.00241	0.00964	0.00723	0.00402	0.01285
5	0.01513	0.00756	0.00756	0.00756	0.00945	0.00756	0.00567	0.01891	0.01702	0.03025	0.02647	0.03025	0.02080	0.00945	0.00567	0.00189	0.00378	0.00756	0.75988	0.00756
6	0.01431	0.01188	0.01456	0.01401	0.01601	0.06080	0.01092	0.05918	0.01552	0.02116	0.02090	0.02974	0.01911	0.05342	0.58585	0.01149	0.02032	0.00834	0.00460	0.00786
7	0.01627	0.04197	0.67279	0.02313	0.03512	0.01884	0.02998	0.02570	0.01713	0.02570	0.01456	0.01713	0.01028	0.00771	0.00771	0.00257	0.01199	0.00600	0.00343	0.01199
8	0.02134	0.02563	0.07446	0.02888	0.12101	0.17809	0.18492	0.02549	0.01791	0.02275	0.01357	0.01842	0.01134	0.00941	0.01356	0.00276	0.20894	0.00727	0.00391	0.01033
9	0.03118	0.02219	0.02402	0.01841	0.02489	0.02436	0.01521	0.60085	0.03724	0.08873	0.02024	0.01998	0.01418	0.00976	0.00812	0.00244	0.00881	0.00736	0.00823	0.01380
10	0.01513	0.00756	0.00756	0.00756	0.00945	0.00756	0.00567	0.01891	0.01702	0.03025	0.02647	0.03025	0.02080	0.00945	0.00567	0.00189	0.00378	0.00756	0.75988	0.00756
11	0.20387	0.02191	0.02372	0.02904	0.27668	0.16392	0.01717	0.02840	0.01904	0.11969	0.01612	0.01832	0.01239	0.00795	0.00718	0.00238	0.00955	0.00625	0.00516	0.01126
12	0.02123	0.29579	0.23268	0.02308	0.11853	0.13468	0.02074	0.02617	0.01806	0.02233	0.01308	0.01557	0.01073	0.00746	0.00674	0.00215	0.01083	0.00542	0.00365	0.01108
13	0.01532	0.01442	0.02434	0.69533	0.05589	0.01803	0.02253	0.02073	0.01622	0.02073	0.01442	0.02163	0.01082	0.00811	0.00811	0.00270	0.01082	0.00721	0.00361	0.00901
14	0.18612	0.10878	0.13887	0.05140	0.18026	0.11540	0.01874	0.02654	0.01783	0.06554	0.01439	0.01695	0.01124	0.00771	0.00689	0.00235	0.00980	0.00582	0.00444	0.01093
15	0.01913	0.02019	0.07700	0.14052	0.53242	0.01907	0.02492	0.02436	0.01806	0.02562	0.01509	0.02010	0.01238	0.00739	0.00802	0.00246	0.00998	0.00714	0.00392	0.01224
16	0.01772	0.01976	0.13433	0.02633	0.23626	0.01509	0.01795	0.06545	0.01948	0.05044	0.03118	0.06373	0.14864	0.01105	0.00816	0.00240	0.00805	0.00953	0.00542	0.10903
17	0.02500	0.02829	0.02503	0.02920	0.23012	0.35499	0.01790	0.05432	0.05774	0.02418	0.01717	0.06669	0.01525	0.00941	0.00785	0.00233	0.01161	0.00745	0.00476	0.01070
18	0.01860	0.02178	0.15360	0.06755	0.08412	0.07820	0.01668	0.08274	0.01859	0.04971	0.02317	0.05430	0.05899	0.16693	0.01686	0.00379	0.06077	0.00903	0.00504	0.00955
19	0.01931	0.01640	0.01837	0.01613	0.01839	0.06634	0.01252	0.18042	0.02040	0.02735	0.02171	0.12344	0.02181	0.13585	0.09692	0.00493	0.17473	0.01024	0.00569	0.00904

[dist]
# distance from previous block
# <min> <max>
5	10

[block]
# block no. 1 follows, 23 sequences, length 112
# corresponding to MSA columns:
# 114-225
name=unknown_B
#
# <colnr> <probs for GDERKNQSTAVLIFYWHMCP>
#	G	D	E	R	K	N	Q	S	T	A	V	L	I	F	Y	W	H	M	C	P
0	0.02153	0.02275	0.02397	0.08527	0.25002	0.21678	0.01772	0.06411	0.02127	0.02553	0.07266	0.02866	0.09506	0.01014	0.00814	0.00239	0.01008	0.00840	0.00510	0.01043
1	0.17164	0.02040	0.09624	0.03573	0.39323	0.01834	0.05141	0.02422	0.01771	0.02879	0.05539	0.02103	0.01577	0.00792	0.00756	0.00247	0.00904	0.00711	0.00447	0.01151
2	0.02063	0.02106	0.05396	0.06559	0.41201	0.05269	0.09223	0.05303	0.09518	0.02779	0.01751	0.02117	0.01397	0.00785	0.00820	0.00249	0.01006	0.00759	0.00468	0.01232
3	0.01024	0.00868	0.00889	0.00876	0.01154	0.00757	0.00659	0.01345	0.05017	0.02321	0.11716	0.07458	0.59145	0.01982	0.00952	0.00273	0.00421	0.01657	0.00766	0.00720
4	0.01241	0.00995	0.01546	0.01450	0.01615	0.01154	0.04386	0.01530	0.01327	0.01911	0.02092	0.03148	0.01969	0.08747	0.57222	0.01162	0.06452	0.00879	0.00431	0.00743
5	0.01683	0.01442	0.01683	0.01202	0.01923	0.01082	0.00961	0.02043	0.01683	0.02644	0.01442	0.01683	0.01202	0.00601	0.00601	0.00120	0.00601	0.00481	0.00481	0.76444
6	0.01683	0.01442	0.01683	0.01202	0.01923	0.01082	0.00961	0.02043	0.01683	0.02644	0.01442	0.01683	0.01202	0.00601	0.00601	0.00120	0.00601	0.00481	0.00481	0.76444
7	0.02169	0.71972	0.04252	0.01388	0.02083	0.03211	0.01388	0.02430	0.01649	0.01909	0.01128	0.01302	0.01041	0.00694	0.00521	0.00174	0.00868	0.00434	0.00347	0.01041
8	0.01532	0.01442	0.02434	0.69533	0.05589	0.01803	0.02253	0.02073	0.01622	0.02073	0.01442	0.02163	0.01082	0.00811	0.00811	0.00270	0.01082	0.00721	0.00361	0.00901
9	0.02280	0.15980	0.32158	0.04544	0.02935	0.05071	0.02148	0.09766	0.02063	0.13111	0.01724	0.01839	0.01232	0.00822	0.00736	0.00237	0.01028	0.00620	0.00508	0.01197
10	0.01627	0.04197	0.67279	0.02313	0.03512	0.01884	0.02998	0.02570	0.01713	0.02570	0.01456	0.01713	0.01028	0.00771	0.00771	0.00257	0.01199	0.00600	0.00343	0.01199
11	0.00959	0.00822	0.00822	0.00822	0.01096	0.00685	0.00617	0.01165	0.01850	0.02192	0.08220	0.07809	0.66092	0.02055	0.00959	0.00274	0.00411	0.01713	0.00754	0.00685
12	0.77215	0.01569	0.01193	0.01067	0.01569	0.01820	0.00879	0.02385	0.01381	0.03641	0.01130	0.01318	0.00879	0.00753	0.00502	0.00251	0.00628	0.00439	0.00502	0.00879
13	0.01532	0.01442	0.02434	0.69533	0.05589	0.01803	0.02253	0.02073	0.01622	0.02073	0.01442	0.02163	0.01082	0.00811	0.00811	0.00270	0.01082	0.00721	0.00361	0.00901
14	0.03641	0.01381	0.01883	0.01444	0.02071	0.01193	0.01193	0.03954	0.02322	0.66984	0.03201	0.02762	0.02009	0.01004	0.00816	0.00251	0.00690	0.00816	0.01004	0.01381
15	0.03195	0.02096	0.02326	0.01783	0.02428	0.02254	0.01473	0.51884	0.03520	0.17363	0.02196	0.02109	0.01504	0.00980	0.00813	0.00245	0.00853	0.00747	0.00850	0.01380
16	0.01409	0.00705	0.01057	0.01057	0.01057	0.00705	0.00705	0.01057	0.01057	0.01409	0.01409	0.02467	0.01409	0.02819	0.03171	0.76392	0.00705	0.00705	0.00352	0.00352
17	0.01066	0.00761	0.01030	0.01218	0.01299	0.00726	0.00887	0.01263	0.01630	0.02158	0.04430	0.55987	0.05198	0.02469	0.01056	0.00340	0.00538	0.16511	0.00752	0.00680
18	0.01006	0.00824	0.00887	0.00871	0.01125	0.00705	0.00654	0.01256	0.01961	0.02456	0.22589	0.07374	0.51559	0.01956	0.00959	0.00269	0.00404	0.01652	0.00788	0.00705
19	0.00989	0.00706	0.00942	0.01130	0.01177	0.00659	0.00753	0.01130	0.01554	0.02071	0.04472	0.70954	0.05367	0.02542	0.01036	0.00330	0.00471	0.02307	0.00753	0.00659
20	0.01775	0.01775	0.02485	0.02130	0.02130	0.02485	0.01775	0.01953	0.01243	0.01953	0.01065	0.01775	0.01065	0.01420	0.02663	0.00355	0.69998	0.00710	0.00355	0.00888
21	0.02018	0.01743	0.01835	0.01651	0.02110	0.02018	0.01284	0.04312	0.64956	0.03394	0.03303	0.03027	0.02477	0.01101	0.00826	0.00275	0.00642	0.00917	0.00826	0.01284
22	0.01086	0.00857	0.00999	0.01048	0.01286	0.00769	0.00842	0.01362	0.01906	0.02384	0.13603	0.08017	0.40879	0.02066	0.01008	0.00302	0.00509	0.19596	0.00767	0.00713
23	0.03146	0.02174	0.02374	0.01820	0.02467	0.02370	0.01504	0.57106	0.03650	0.11957	0.02087	0.02038	0.01449	0.00977	0.00812	0.00244	0.00871	0.00740	0.00833	0.01380
24	0.03641	0.01381	0.01883	0.01444	0.02071	0.01193	0.01193	0.03954	0.02322	0.66984	0.03201	0.02762	0.02009	0.01004	0.00816	0.00251	0.00690	0.00816	0.01004	0.01381
25	0.03031	0.03867	0.02299	0.02090	0.02508	0.68226	0.01568	0.03240	0.02299	0.01986	0.01254	0.01463	0.01045	0.00836	0.00732	0.00209	0.01463	0.00523	0.00418	0.00941
26	0.01160	0.00866	0.01286	0.01286	0.01424	0.01004	0.00991	0.01437	0.01299	0.01870	0.02190	0.03281	0.02069	0.08975	0.65434	0.01281	0.02112	0.00883	0.00437	0.00714
27	0.01683	0.01442	0.01683	0.01202	0.01923	0.01082	0.00961	0.02043	0.01683	0.02644	0.01442	0.01683	0.01202	0.00601	0.00601	0.00120	0.00601	0.00481	0.00481	0.76444
28	0.02497	0.23955	0.06926	0.01771	0.02340	0.27611	0.01534	0.09645	0.07775	0.02538	0.04957	0.01869	0.01561	0.00872	0.00700	0.00213	0.01073	0.00609	0.00497	0.01057
29	0.02308	0.03257	0.17581	0.02829	0.16438	0.30195	0.07739	0.02787	0.02016	0.02326	0.01666	0.01951	0.03651	0.00831	0.00786	0.00235	0.01247	0.00669	0.00410	0.01077
30	0.01683	0.01442	0.01683	0.01202	0.01923	0.01082	0.00961	0.02043	0.01683	0.02644	0.01442	0.01683	0.01202	0.00601	0.00601	0.00120	0.00601	0.00481	0.00481	0.76444
31	0.02258	0.01862	0.01970	0.01700	0.02201	0.02130	0.01342	0.17659	0.51218	0.03781	0.02998	0.02785	0.02230	0.01072	0.00823	0.00268	0.00699	0.00875	0.00823	0.01306
32	0.01662	0.08502	0.63275	0.02254	0.03421	0.01969	0.02896	0.02561	0.01709	0.02528	0.01435	0.01687	0.01029	0.00766	0.00755	0.00252	0.01178	0.00589	0.00343	0.01189
33	0.01898	0.14452	0.37151	0.02074	0.02941	0.12450	0.05080	0.02535	0.01761	0.02301	0.01457	0.01788	0.01149	0.01332	0.07931	0.00349	0.01300	0.00606	0.00368	0.01078
34	0.01912	0.39832	0.34141	0.01827	0.02760	0.02582	0.02152	0.02496	0.01679	0.02222	0.01284	0.01497	0.01035	0.00731	0.00639	0.00213	0.01025	0.00512	0.00345	0.01116
35	0.02008	0.01928	0.03294	0.04981	0.66422	0.01928	0.02490	0.02490	0.01848	0.02651	0.01526	0.02008	0.01285	0.00723	0.00803	0.00241	0.00964	0.00723	0.00402	0.01285
36	0.01641	0.01530	0.02433	0.03540	0.43426	0.01488	0.01841	0.02021	0.01825	0.02480	0.03592	0.08957	0.19387	0.01230	0.00864	0.00257	0.00774	0.01118	0.00526	0.01072
37	0.02008	0.01928	0.03294	0.04981	0.66422	0.01928	0.02490	0.02490	0.01848	0.02651	0.01526	0.02008	0.01285	0.00723	0.00803	0.00241	0.00964	0.00723	0.00402	0.01285
38	0.01775	0.01775	0.02485	0.02130	0.02130	0.02485	0.01775	0.01953	0.01243	0.01953	0.01065	0.01775	0.01065	0.01420	0.02663	0.00355	0.69998	0.00710	0.00355	0.00888
39	0.01604	0.01280	0.01414	0.01336	0.01599	0.01411	0.00973	0.05262	0.30555	0.02676	0.03374	0.14597	0.05414	0.19134	0.05301	0.00465	0.00735	0.01225	0.00707	0.00938
40	0.02191	0.16927	0.03132	0.06062	0.27551	0.15630	0.01954	0.02528	0.01794	0.02229	0.01314	0.01722	0.01143	0.00850	0.01015	0.00239	0.11626	0.00620	0.00385	0.01087
41	0.01180	0.00787	0.00885	0.00885	0.00885	0.00787	0.00492	0.01180	0.01180	0.01573	0.02557	0.05310	0.02950	0.71483	0.04130	0.00787	0.00787	0.01180	0.00492	0.00492
42	0.01180	0.00787	0.00885	0.00885	0.00885	0.00787	0.00492	0.01180	0.01180	0.01573	0.02557	0.05310	0.02950	0.71483	0.04130	0.00787	0.00787	0.01180	0.00492	0.00492
43	0.01474	0.12084	0.01924	0.01437	0.01668	0.05095	0.01174	0.01744	0.01405	0.01900	0.01858	0.02671	0.01733	0.04532	0.48000	0.00981	0.08340	0.00769	0.00413	0.00800
44	0.03505	0.01598	0.02018	0.01547	0.02180	0.01515	0.01278	0.18528	0.02686	0.51896	0.02896	0.02563	0.01855	0.00997	0.00815	0.00249	0.00740	0.00795	0.00957	0.01381
45	0.01180	0.00787	0.00885	0.00885	0.00885	0.00787	0.00492	0.01180	0.01180	0.01573	0.02557	0.05310	0.02950	0.71483	0.04130	0.00787	0.00787	0.01180	0.00492	0.00492
46	0.03262	0.01987	0.02259	0.01732	0.02374	0.02093	0.01430	0.44594	0.03337	0.24911	0.02349	0.02208	0.01581	0.00984	0.00813	0.00246	0.00828	0.00758	0.00873	0.01380
47	0.03031	0.03867	0.02299	0.02090	0.02508	0.68226	0.01568	0.03240	0.02299	0.01986	0.01254	0.01463	0.01045	0.00836	0.00732	0.00209	0.01463	0.00523	0.00418	0.00941
48	0.00989	0.00706	0.00942	0.01130	0.01177	0.00659	0.00753	0.01130	0.01554	0.02071	0.04472	0.70954	0.05367	0.02542	0.01036	0.00330	0.00471	0.02307	0.00753	0.00659
49	0.01159	0.00869	0.01304	0.01304	0.01449	0.01014	0.01014	0.01449	0.01304	0.01884	0.02173	0.03188	0.02029	0.06086	0.68268	0.01304	0.02173	0.00869	0.00435	0.00724
50	0.01683	0.01442	0.01683	0.01202	0.01923	0.01082	0.00961	0.02043	0.01683	0.02644	0.01442	0.01683	0.01202	0.00601	0.00601	0.00120	0.00601	0.00481	0.00481	0.76444
51	0.01513	0.00756	0.00756	0.00756	0.00945	0.00756	0.00567	0.01891	0.01702	0.03025	0.02647	0.03025	0.02080	0.00945	0.00567	0.00189	0.00378	0.00756	0.75988	0.00756
52	0.01648	0.01588	0.02241	0.01959	0.01989	0.02181	0.01618	0.01849	0.01255	0.01938	0.01294	0.02067	0.01264	0.02385	0.16230	0.00551	0.55972	0.00743	0.00372	0.00854
53	0.00959	0.00822	0.00822	0.00822	0.01096	0.00685	0.00617	0.01165	0.01850	0.02192	0.08220	0.07809	0.66092	0.02055	0.00959	0.00274	0.00411	0.01713	0.00754	0.00685
54	0.01513	0.00756	0.00756	0.00756	0.00945	0.00756	0.00567	0.01891	0.01702	0.03025	0.02647	0.03025	0.02080	0.00945	0.00567	0.00189	0.00378	0.00756	0.75988	0.00756
55	0.02008	0.01928	0.03294	0.04981	0.66422	0.01928	0.02490	0.02490	0.01848	0.02651	0.01526	0.02008	0.01285	0.00723	0.00803	0.00241	0.00964	0.00723	0.00402	0.01285
56	0.00997	0.00713	0.00949	0.01124	0.01179	0.00665	0.00754	0.01151	0.01593	0.02135	0.07770	0.67475	0.05489	0.02495	0.01031	0.00326	0.00466	0.02262	0.00761	0.00665
57	0.02169	0.71972	0.04252	0.01388	0.02083	0.03211	0.01388	0.02430	0.01649	0.01909	0.01128	0.01302	0.01041	0.00694	0.00521	0.00174	0.00868	0.00434	0.00347	0.01041
58	0.00989	0.00706	0.00942	0.01130	0.01177	0.00659	0.00753	0.01130	0.01554	0.02071	0.04472	0.70954	0.05367	0.02542	0.01036	0.00330	0.00471	0.02307	0.00753	0.00659
59	0.01025	0.00729	0.00966	0.01117	0.01167	0.00703	0.00746	0.01162	0.01490	0.01999	0.04062	0.57823	0.04812	0.10648	0.07037	0.00463	0.00650	0.02058	0.00697	0.00646
60	0.10758	0.26882	0.15204	0.01843	0.02486	0.14994	0.04798	0.02559	0.01721	0.02285	0.01232	0.01509	0.01033	0.00824	0.00869	0.00230	0.08833	0.00540	0.00382	0.01019
61	0.01339	0.01299	0.01423	0.01310	0.01502	0.05519	0.01033	0.01533	0.01683	0.02102	0.05467	0.08075	0.39904	0.01805	0.01463	0.00297	0.21518	0.01357	0.00612	0.00761
62	0.00989	0.00706	0.00942	0.01130	0.01177	0.00659	0.00753	0.01130	0.01554	0.02071	0.04472	0.70954	0.05367	0.02542	0.01036	0.00330	0.00471	0.02307	0.00753	0.00659
63	0.01968	0.01887	0.03221	0.10406	0.61309	0.01917	0.02470	0.02455	0.01829	0.02602	0.01519	0.02021	0.01268	0.00730	0.00804	0.00243	0.00974	0.00723	0.00398	0.01253
64	0.02465	0.02370	0.02784	0.06450	0.32267	0.15158	0.02010	0.18387	0.04752	0.03152	0.01642	0.01930	0.01297	0.00828	0.00793	0.00238	0.01038	0.00692	0.00524	0.01224
65	0.01220	0.01130	0.05634	0.01410	0.01616	0.01144	0.01180	0.01547	0.01328	0.01931	0.02072	0.03022	0.01916	0.05510	0.60641	0.01189	0.05477	0.00844	0.00425	0.00763
66	0.06779	0.01871	0.03142	0.09550	0.36104	0.02032	0.10843	0.02362	0.01694	0.02527	0.01423	0.01959	0.01192	0.00858	0.01156	0.00270	0.13982	0.00735	0.00397	0.01124
67	0.01032	0.00766	0.00974	0.01123	0.01239	0.00708	0.00812	0.01224	0.01665	0.02153	0.05228	0.48064	0.17950	0.02393	0.01033	0.00325	0.00502	0.11380	0.00752	0.00678
68	0.02766	0.03312	0.02178	0.01976	0.02404	0.50912	0.01494	0.03520	0.18685	0.02354	0.01790	0.01872	0.01420	0.00905	0.00756	0.00226	0.01249	0.00626	0.00525	0.01031
69	0.01513	0.00756	0.00756	0.00756	0.00945	0.00756	0.00567	0.01891	0.01702	0.03025	0.02647	0.03025	0.02080	0.00945	0.00567	0.00189	0.00378	0.00756	0.75988	0.00756
70	0.02404	0.18598	0.16232	0.02165	0.05283	0.14421	0.10920	0.02952	0.04390	0.12608	0.01724	0.01873	0.01287	0.00801	0.00745	0.00231	0.01086	0.00652	0.00494	0.01135
71	0.25458	0.03173	0.01965	0.01781	0.02225	0.48150	0.01359	0.02982	0.02022	0.02486	0.01217	0.01419	0.00995	0.00811	0.00662	0.00222	0.01211	0.00497	0.00443	0.00922
72	0.01816	0.01732	0.02946	0.31063	0.41842	0.01877	0.02395	0.02322	0.01757	0.02417	0.01492	0.02071	0.01203	0.00759	0.00807	0.00253	0.01012	0.00722	0.00385	0.01130
73	0.01410	0.01276	0.01303	0.05580	0.01736	0.05378	0.00966	0.02162	0.16928	0.02629	0.15515	0.05622	0.33186	0.01606	0.00903	0.00267	0.00572	0.01344	0.00746	0.00871
74	0.02185	0.07725	0.31632	0.02019	0.02834	0.13980	0.02144	0.15523	0.02295	0.02988	0.04832	0.02236	0.01596	0.00930	0.00781	0.00245	0.01101	0.03313	0.00501	0.01139
75	0.01195	0.00820	0.01008	0.01056	0.01108	0.00828	0.00714	0.01302	0.01350	0.01799	0.02982	0.09199	0.03354	0.48660	0.08337	0.00719	0.00871	0.13575	0.00553	0.00571
76	0.03120	0.02118	0.02327	0.01795	0.02433	0.02299	0.01479	0.52275	0.06263	0.14199	0.02193	0.02116	0.01521	0.00984	0.00813	0.00246	0.00852	0.00751	0.00841	0.01376
77	0.02067	0.01899	0.05128	0.01698	0.02206	0.02043	0.01386	0.07999	0.57926	0.03463	0.03125	0.02893	0.02335	0.01076	0.00822	0.00272	0.00686	0.00890	0.00801	0.01286
78	0.01180	0.00787	0.00885	0.00885	0.00885	0.00787	0.00492	0.01180	0.01180	0.01573	0.02557	0.05310	0.02950	0.71483	0.04130	0.00787	0.00787	0.01180	0.00492	0.00492
79	0.01058	0.00849	0.00959	0.00998	0.01245	0.00751	0.00793	0.01318	0.01891	0.02337	0.12144	0.07981	0.46588	0.02066	0.00997	0.00296	0.00488	0.15768	0.00764	0.00707
80	0.01176	0.00801	0.00960	0.00960	0.00986	0.00827	0.00585	0.01228	0.01202	0.01629	0.02488	0.04930	0.02785	0.59761	0.15626	0.00879	0.01035	0.01124	0.00481	0.00533
81	0.03031	0.03867	0.02299	0.02090	0.02508	0.68226	0.01568	0.03240	0.02299	0.01986	0.01254	0.01463	0.01045	0.00836	0.00732	0.00209	0.01463	0.00523	0.00418	0.00941
82	0.00989	0.00706	0.00942	0.01130	0.01177	0.00659	0.00753	0.01130	0.01554	0.02071	0.04472	0.70954	0.05367	0.02542	0.01036	0.00330	0.00471	0.02307	0.00753	0.00659
83	0.01775	0.01775	0.02485	0.02130	0.02130	0.02485	0.01775	0.01953	0.01243	0.01953	0.01065	0.01775	0.01065	0.01420	0.02663	0.00355	0.69998	0.00710	0.00355	0.00888
84	0.03031	0.03867	0.02299	0.02090	0.02508	0.68226	0.01568	0.03240	0.02299	0.01986	0.01254	0.01463	0.01045	0.00836	0.00732	0.00209	0.01463	0.00523	0.00418	0.00941
85	0.01476	0.01222	0.01911	0.19566	0.12921	0.01315	0.01738	0.01910	0.01802	0.02372	0.03123	0.06224	0.03211	0.01633	0.00991	0.00326	0.00868	0.35927	0.00593	0.00872
86	0.01054	0.00826	0.00953	0.00921	0.01154	0.00725	0.00691	0.01348	0.02073	0.02723	0.37085	0.06936	0.36896	0.01857	0.00958	0.00265	0.00397	0.01590	0.00823	0.00725
87	0.03031	0.03867	0.02299	0.02090	0.02508	0.68226	0.01568	0.03240	0.02299	0.01986	0.01254	0.01463	0.01045	0.00836	0.00732	0.00209	0.01463	0.00523	0.00418	0.00941
88	0.01696	0.03736	0.53180	0.02622	0.06105	0.01917	0.14203	0.02572	0.01756	0.02578	0.01493	0.01813	0.01076	0.00753	0.00807	0.00259	0.01221	0.00671	0.00358	0.01183
89	0.01826	0.28992	0.44221	0.01975	0.02989	0.02370	0.02409	0.02518	0.01690	0.02328	0.01336	0.01563	0.01033	0.00743	0.00679	0.00226	0.01078	0.00539	0.00344	0.01141
90	0.00961	0.00815	0.00830	0.00842	0.01101	0.00683	0.00625	0.01162	0.01830	0.02184	0.07977	0.11897	0.62161	0.02087	0.00964	0.00278	0.00415	0.01751	0.00753	0.00683
91	0.77215	0.01569	0.01193	0.01067	0.01569	0.01820	0.00879	0.02385	0.01381	0.03641	0.01130	0.01318	0.00879	0.00753	0.00502	0.00251	0.00628	0.00439	0.00502	0.00879
92	0.02008	0.01928	0.03294	0.04981	0.66422	0.01928	0.02490	0.02490	0.01848	0.02651	0.01526	0.02008	0.01285	0.00723	0.00803	0.00241	0.00964	0.00723	0.00402	0.01285
93	0.02230	0.53964	0.03615	0.01364	0.02056	0.02678	0.01301	0.02512	0.01718	0.08174	0.01374	0.01501	0.01158	0.00708	0.00561	0.00172	0.00808	0.00478	0.00431	0.13197
94	0.01031	0.00784	0.00949	0.01031	0.01179	0.00698	0.00714	0.01205	0.01659	0.02164	0.08052	0.43877	0.22182	0.05431	0.01131	0.00321	0.00471	0.01960	0.00734	0.04426
95	0.01173	0.00813	0.01019	0.01019	0.01065	0.00859	0.00659	0.01266	0.01220	0.01673	0.02434	0.04631	0.02655	0.50565	0.24646	0.00952	0.01230	0.01081	0.00473	0.00566
96	0.01569	0.01321	0.01554	0.01158	0.01778	0.01016	0.00917	0.01927	0.01787	0.02723	0.11951	0.02618	0.04777	0.00826	0.00672	0.00148	0.00559	0.00686	0.00557	0.61457
97	0.01849	0.01016	0.01064	0.00957	0.01236	0.01045	0.00745	0.11444	0.02053	0.06221	0.02565	0.02849	0.01969	0.00952	0.00616	0.00200	0.00471	0.00755	0.61112	0.00880
98	0.28227	0.27396	0.03093	0.01707	0.02324	0.02443	0.12445	0.06317	0.01723	0.02840	0.01271	0.01529	0.01042	0.00763	0.00706	0.00231	0.03931	0.00561	0.00442	0.01009
99	0.02493	0.42002	0.03412	0.01687	0.02252	0.25762	0.01475	0.05447	0.01954	0.02082	0.01206	0.01408	0.01059	0.00789	0.00703	0.00197	0.04174	0.00490	0.00393	0.01015
100	0.00959	0.00822	0.00822	0.00822	0.01096	0.00685	0.00617	0.01165	0.01850	0.02192	0.08220	0.07809	0.66092	0.02055	0.00959	0.00274	0.00411	0.01713	0.00754	0.00685
101	0.01883	0.02126	0.04590	0.08977	0.04354	0.02031	0.58329	0.02555	0.01891	0.02555	0.01625	0.02187	0.01219	0.00695	0.00945	0.00273	0.01344	0.00938	0.00406	0.01078
102	0.02222	0.09969	0.22697	0.01975	0.02672	0.17434	0.01941	0.08211	0.16205	0.02738	0.01814	0.01933	0.01390	0.00902	0.00847	0.00246	0.04498	0.00653	0.00509	0.01143
103	0.00971	0.00822	0.00839	0.00835	0.01103	0.00690	0.00626	0.01188	0.01878	0.02259	0.11890	0.07698	0.62380	0.02030	0.00959	0.00273	0.00409	0.01697	0.00762	0.00690
104	0.00959	0.00822	0.00822	0.00822	0.01096	0.00685	0.00617	0.01165	0.01850	0.02192	0.08220	0.07809	0.66092	0.02055	0.00959	0.00274	0.00411	0.01713	0.00754	0.00685
105	0.06198	0.51249	0.13300	0.01580	0.02311	0.09459	0.01619	0.02530	0.01709	0.02108	0.01190	0.01380	0.01031	0.00723	0.00578	0.00194	0.00964	0.00468	0.00362	0.01046
106	0.01664	0.01475	0.02407	0.11005	0.34491	0.01513	0.01972	0.02096	0.01810	0.02476	0.02595	0.08704	0.02610	0.01337	0.00921	0.00293	0.00876	0.20197	0.00530	0.01028
107	0.01159	0.00869	0.01304	0.01304	0.01449	0.01014	0.01014	0.01449	0.01304	0.01884	0.02173	0.03188	0.02029	0.06086	0.68268	0.01304	0.02173	0.00869	0.00435	0.00724
108	0.01841	0.01757	0.02991	0.27706	0.45005	0.01884	0.02407	0.02343	0.01768	0.02448	0.01497	0.02063	0.01214	0.00754	0.00806	0.00251	0.01005	0.00722	0.00387	0.01150
109	0.02123	0.01720	0.01838	0.01638	0.02107	0.01965	0.01278	0.04289	0.60901	0.07511	0.03296	0.03010	0.02447	0.01095	0.00825	0.00274	0.00645	0.00911	0.00837	0.01291
110	0.02282	0.01238	0.01651	0.01546	0.06698	0.01156	0.01115	0.07718	0.02380	0.26632	0.30062	0.04270	0.07148	0.01306	0.00881	0.00252	0.00585	0.01120	0.00883	0.01079
111	0.11823	0.45532	0.14925	0.01566	0.02304	0.07847	0.01623	0.02512	0.01676	0.02256	0.01197	0.01390	0.01018	0.00727	0.00579	0.00201	0.00942	0.00471	0.00372	0.01041

[dist]
# distance from previous block
# <min> <max>
0	0

# created by:
# /home/cegg/simao/soft/augustus-3.2.1/scripts/msa2prfl.pl ./align_prep/13859.fa
