[name]
unknown

[dist]
# distance from previous block
# <min> <max>
0	19

[block]
# block no. 0 follows, 22 sequences, length 14
# corresponding to MSA columns:
# 19-32
name=unknown_A
#
# <colnr> <probs for GDERKNQSTAVLIFYWHMCP>
#	G	D	E	R	K	N	Q	S	T	A	V	L	I	F	Y	W	H	M	C	P
0	0.04644	0.00993	0.01204	0.01166	0.01475	0.00903	0.00924	0.01935	0.01968	0.15159	0.09901	0.14848	0.26702	0.01908	0.00976	0.00300	0.00558	0.12749	0.00821	0.00866
1	0.02249	0.01471	0.01891	0.17540	0.02735	0.01588	0.01363	0.18164	0.02260	0.14342	0.02417	0.07184	0.02114	0.19025	0.01720	0.00406	0.00869	0.00977	0.00668	0.01017
2	0.02154	0.02173	0.02895	0.11482	0.11214	0.13650	0.16261	0.11508	0.02197	0.02759	0.02026	0.10927	0.01853	0.03917	0.01020	0.00288	0.01111	0.00990	0.00524	0.01052
3	0.01791	0.01014	0.01287	0.01212	0.01503	0.00936	0.00935	0.02152	0.04644	0.17789	0.16919	0.15564	0.14654	0.06741	0.01206	0.00330	0.00574	0.09000	0.00845	0.00904
4	0.01115	0.00743	0.00965	0.01087	0.01117	0.00712	0.00700	0.01159	0.01433	0.01911	0.03705	0.45986	0.04379	0.19010	0.02102	0.10163	0.00590	0.01874	0.00654	0.00593
5	0.16836	0.01779	0.02854	0.23846	0.26818	0.01927	0.09418	0.02409	0.01733	0.02727	0.01469	0.01986	0.01161	0.00770	0.00782	0.00262	0.01005	0.00711	0.00420	0.01087
6	0.01900	0.01614	0.02276	0.35206	0.08508	0.01872	0.01872	0.07062	0.18213	0.05353	0.02495	0.02781	0.05295	0.00996	0.00843	0.00273	0.00911	0.00855	0.00580	0.01096
7	0.01495	0.01313	0.02099	0.06347	0.02187	0.01485	0.11702	0.01760	0.01428	0.02027	0.02010	0.03460	0.01997	0.25675	0.14051	0.00656	0.14732	0.00966	0.03838	0.00773
8	0.01632	0.01895	0.10973	0.27415	0.23736	0.01692	0.02184	0.02159	0.01789	0.02401	0.02755	0.03143	0.12717	0.01025	0.00850	0.00266	0.00961	0.00905	0.00453	0.01049
9	0.02302	0.02533	0.02527	0.14570	0.14471	0.26684	0.05328	0.06979	0.02176	0.02469	0.02362	0.02643	0.09420	0.00992	0.00826	0.00246	0.01148	0.00807	0.00487	0.01028
10	0.01756	0.01349	0.01870	0.02367	0.21318	0.01373	0.01348	0.09933	0.01951	0.02807	0.02600	0.15923	0.02587	0.13783	0.01438	0.00355	0.00737	0.01143	0.14404	0.00960
11	0.02300	0.02106	0.07315	0.02104	0.02803	0.01955	0.16087	0.19518	0.12769	0.06080	0.02127	0.02274	0.01575	0.00875	0.00820	0.00241	0.00928	0.00792	0.04835	0.12496
12	0.01985	0.01871	0.03111	0.16155	0.26786	0.01970	0.13082	0.06998	0.10012	0.02857	0.01991	0.02660	0.01624	0.00906	0.00874	0.00271	0.01025	0.04130	0.00510	0.01181
13	0.01589	0.00930	0.01230	0.01193	0.01402	0.00862	0.00862	0.01815	0.04229	0.11396	0.15219	0.29600	0.04363	0.02083	0.01372	0.13883	0.00554	0.01521	0.00748	0.05150

[dist]
# distance from previous block
# <min> <max>
0	5

[block]
# block no. 1 follows, 22 sequences, length 6
# corresponding to MSA columns:
# 38-43
name=unknown_B
#
# <colnr> <probs for GDERKNQSTAVLIFYWHMCP>
#	G	D	E	R	K	N	Q	S	T	A	V	L	I	F	Y	W	H	M	C	P
0	0.02279	0.02022	0.16156	0.16324	0.08567	0.01504	0.01897	0.02803	0.02008	0.23728	0.07299	0.03025	0.06661	0.01038	0.00845	0.00264	0.00886	0.00875	0.00658	0.01160
1	0.01598	0.01423	0.01340	0.01392	0.05110	0.11316	0.00967	0.01837	0.01994	0.07019	0.10194	0.14549	0.34555	0.01788	0.00936	0.00273	0.00650	0.01500	0.00726	0.00832
2	0.02314	0.02495	0.06629	0.11883	0.23666	0.14018	0.11882	0.11741	0.02253	0.02880	0.01581	0.01979	0.01235	0.00808	0.00835	0.00251	0.01164	0.00735	0.00470	0.01179
3	0.01772	0.03633	0.47867	0.03015	0.15679	0.01956	0.09169	0.02618	0.01802	0.02650	0.01525	0.01863	0.01125	0.00771	0.00816	0.00262	0.01199	0.00676	0.00370	0.01234
4	0.01187	0.00890	0.01335	0.01335	0.01483	0.01038	0.01038	0.01483	0.01335	0.01928	0.02225	0.03264	0.02077	0.06231	0.67512	0.01335	0.02225	0.00890	0.00445	0.00742
5	0.01613	0.03014	0.38303	0.14293	0.10062	0.01740	0.02522	0.02366	0.01845	0.02658	0.11444	0.02563	0.02150	0.00934	0.00830	0.00264	0.01051	0.00788	0.00448	0.01113

[dist]
# distance from previous block
# <min> <max>
0	3

[block]
# block no. 2 follows, 22 sequences, length 52
# corresponding to MSA columns:
# 47-98
name=unknown_C
#
# <colnr> <probs for GDERKNQSTAVLIFYWHMCP>
#	G	D	E	R	K	N	Q	S	T	A	V	L	I	F	Y	W	H	M	C	P
0	0.02045	0.10919	0.45876	0.02222	0.03218	0.16790	0.02576	0.02771	0.01882	0.02429	0.01411	0.01654	0.01058	0.00796	0.00755	0.00244	0.01255	0.00579	0.00369	0.01152
1	0.02157	0.02144	0.02301	0.09484	0.24821	0.19610	0.01733	0.02551	0.01955	0.02572	0.01788	0.02201	0.01448	0.00843	0.00738	0.00226	0.00977	0.00693	0.20725	0.01033
2	0.01012	0.00723	0.00964	0.01157	0.01205	0.00675	0.00771	0.01157	0.01591	0.02121	0.04579	0.70262	0.05495	0.02603	0.01060	0.00337	0.00482	0.02362	0.00771	0.00675
3	0.02308	0.02093	0.08732	0.03603	0.31701	0.01838	0.13630	0.05793	0.02066	0.13891	0.02026	0.05039	0.01591	0.00878	0.00862	0.00260	0.01013	0.00859	0.00551	0.01266
4	0.03120	0.02621	0.02192	0.01960	0.05462	0.29176	0.01464	0.13929	0.02567	0.20709	0.02089	0.02106	0.01498	0.00932	0.00779	0.00232	0.01065	0.00685	0.06241	0.01173
5	0.01012	0.00723	0.00964	0.01157	0.01205	0.00675	0.00771	0.01157	0.01591	0.02121	0.04579	0.70262	0.05495	0.02603	0.01060	0.00337	0.00482	0.02362	0.00771	0.00675
6	0.08614	0.02273	0.02399	0.01851	0.02504	0.02523	0.01529	0.58369	0.03721	0.05124	0.01932	0.01947	0.01375	0.00980	0.00808	0.00250	0.00894	0.00726	0.00808	0.01375
7	0.02736	0.03327	0.02506	0.12616	0.11183	0.49081	0.01833	0.03037	0.02190	0.02135	0.01349	0.01679	0.01107	0.00837	0.00771	0.00228	0.01373	0.00592	0.00417	0.01003
8	0.01811	0.01793	0.02485	0.02113	0.02166	0.02441	0.01758	0.02006	0.01305	0.02050	0.01118	0.01811	0.01101	0.01394	0.02575	0.00346	0.64352	0.00710	0.00373	0.06294
9	0.01821	0.03721	0.48665	0.02837	0.15135	0.04751	0.02821	0.02734	0.04920	0.02663	0.01590	0.01867	0.01177	0.00800	0.00797	0.00259	0.01166	0.00650	0.00390	0.01237
10	0.02056	0.01974	0.03372	0.05099	0.65622	0.01974	0.02550	0.02550	0.01892	0.02714	0.01563	0.02056	0.01316	0.00740	0.00822	0.00247	0.00987	0.00740	0.00411	0.01316
11	0.01211	0.00884	0.01179	0.10287	0.01792	0.00885	0.00944	0.01527	0.01884	0.02640	0.22796	0.25791	0.11051	0.01805	0.00929	0.00280	0.00521	0.01594	0.11241	0.00759
12	0.01090	0.00835	0.01000	0.00982	0.01195	0.00744	0.00727	0.01394	0.02115	0.02825	0.38993	0.12851	0.28380	0.01930	0.00988	0.00275	0.00411	0.01674	0.00849	0.00744
13	0.01569	0.01477	0.02492	0.68808	0.05722	0.01846	0.02307	0.02123	0.01661	0.02123	0.01477	0.02215	0.01107	0.00831	0.00831	0.00277	0.01107	0.00738	0.00369	0.00923
14	0.00982	0.00842	0.00842	0.00842	0.01122	0.00701	0.00631	0.01192	0.01894	0.02244	0.08416	0.07995	0.65285	0.02104	0.00982	0.00281	0.00421	0.01753	0.00771	0.00701
15	0.02221	0.71304	0.04353	0.01421	0.02132	0.03287	0.01421	0.02488	0.01688	0.01955	0.01155	0.01333	0.01066	0.00711	0.00533	0.00178	0.00888	0.00444	0.00355	0.01066
16	0.01014	0.00793	0.00922	0.01020	0.01190	0.00702	0.00731	0.01203	0.01757	0.02200	0.06467	0.36381	0.35019	0.02340	0.01026	0.00312	0.00466	0.04993	0.00771	0.00692
17	0.03103	0.03959	0.02354	0.02140	0.02568	0.67469	0.01605	0.03317	0.02354	0.02033	0.01284	0.01498	0.01070	0.00856	0.00749	0.00214	0.01498	0.00535	0.00428	0.00963
18	0.71090	0.01597	0.01315	0.06126	0.01912	0.01862	0.01004	0.02418	0.01432	0.03608	0.01181	0.01414	0.00915	0.00776	0.00538	0.00259	0.00677	0.00471	0.00503	0.00901
19	0.01996	0.01893	0.03113	0.12733	0.51781	0.01967	0.02396	0.02683	0.08083	0.02716	0.01734	0.02180	0.01412	0.00790	0.00826	0.00254	0.00969	0.00760	0.00449	0.01267
20	0.14884	0.02994	0.29067	0.01808	0.02538	0.13272	0.01918	0.02481	0.01935	0.02873	0.15706	0.02638	0.02554	0.01002	0.00777	0.00253	0.00986	0.00771	0.00520	0.01024
21	0.02027	0.02147	0.08064	0.04896	0.61012	0.01971	0.02588	0.02556	0.01881	0.02708	0.01557	0.02034	0.01296	0.00744	0.00820	0.00248	0.01005	0.00731	0.00407	0.01309
22	0.02056	0.01974	0.03372	0.05099	0.65622	0.01974	0.02550	0.02550	0.01892	0.02714	0.01563	0.02056	0.01316	0.00740	0.00822	0.00247	0.00987	0.00740	0.00411	0.01316
23	0.02083	0.01412	0.01518	0.01338	0.01744	0.01520	0.01048	0.09177	0.27517	0.09625	0.03503	0.03420	0.08131	0.01148	0.00777	0.00250	0.00585	0.00937	0.23152	0.01115
24	0.02798	0.01965	0.02122	0.01694	0.02262	0.02156	0.01378	0.40414	0.14185	0.09026	0.02425	0.02392	0.01750	0.01019	0.00802	0.00248	0.00786	0.00792	0.10473	0.01313
25	0.01910	0.01825	0.03109	0.24148	0.47712	0.01936	0.02477	0.02422	0.01823	0.02537	0.01537	0.02104	0.01254	0.00767	0.00825	0.00256	0.01023	0.00740	0.00399	0.01198
26	0.01187	0.00890	0.01335	0.01335	0.01483	0.01038	0.01038	0.01483	0.01335	0.01928	0.02225	0.03264	0.02077	0.06231	0.67512	0.01335	0.02225	0.00890	0.00445	0.00742
27	0.01208	0.00805	0.00906	0.00906	0.00906	0.00805	0.00503	0.01208	0.01208	0.01611	0.02618	0.05436	0.03020	0.70804	0.04228	0.00805	0.00805	0.01208	0.00503	0.00503
28	0.01208	0.00805	0.00906	0.00906	0.00906	0.00805	0.00503	0.01208	0.01208	0.01611	0.02618	0.05436	0.03020	0.70804	0.04228	0.00805	0.00805	0.01208	0.00503	0.00503
29	0.02300	0.39937	0.15843	0.01867	0.02619	0.17388	0.04785	0.02710	0.01864	0.02137	0.01274	0.01495	0.01074	0.00758	0.00653	0.00207	0.01116	0.00523	0.00374	0.01077
30	0.02099	0.02086	0.03233	0.09455	0.56633	0.06833	0.02462	0.02576	0.01909	0.02621	0.01536	0.02026	0.01283	0.00755	0.00818	0.00246	0.01034	0.00725	0.00409	0.01261
31	0.02855	0.22901	0.02916	0.01938	0.02446	0.49417	0.01553	0.03084	0.02167	0.02011	0.01248	0.01452	0.01069	0.00815	0.00688	0.00204	0.01327	0.00509	0.00408	0.00992
32	0.02113	0.02081	0.03317	0.04939	0.62207	0.05521	0.02498	0.02591	0.01917	0.02677	0.01548	0.02026	0.01303	0.00746	0.00818	0.00245	0.01015	0.00729	0.00412	0.01297
33	0.01187	0.00890	0.01335	0.01335	0.01483	0.01038	0.01038	0.01483	0.01335	0.01928	0.02225	0.03264	0.02077	0.06231	0.67512	0.01335	0.02225	0.00890	0.00445	0.00742
34	0.01056	0.00844	0.00944	0.00919	0.01167	0.00733	0.00689	0.01335	0.02068	0.02658	0.30012	0.07314	0.43431	0.01950	0.00981	0.00273	0.00410	0.01658	0.00826	0.00733
35	0.01187	0.00890	0.01335	0.01335	0.01483	0.01038	0.01038	0.01483	0.01335	0.01928	0.02225	0.03264	0.02077	0.06231	0.67512	0.01335	0.02225	0.00890	0.00445	0.00742
36	0.01143	0.00848	0.01065	0.01010	0.01221	0.00770	0.00758	0.01504	0.02273	0.03146	0.55505	0.06511	0.17633	0.01768	0.00980	0.00265	0.00397	0.01545	0.00890	0.00770
37	0.02169	0.02295	0.02922	0.20449	0.36399	0.16656	0.02276	0.02615	0.01938	0.02412	0.01478	0.01971	0.01208	0.00789	0.00808	0.00247	0.01132	0.00694	0.00404	0.01138
38	0.02928	0.03241	0.02297	0.02014	0.02497	0.42691	0.01548	0.15473	0.13756	0.02935	0.01803	0.01885	0.01402	0.00933	0.00783	0.00233	0.01230	0.00650	0.00584	0.01117
39	0.01877	0.01896	0.02554	0.12670	0.34944	0.09797	0.01968	0.02280	0.01917	0.02441	0.03056	0.03343	0.15628	0.01074	0.00850	0.00254	0.00940	0.00942	0.00488	0.01079
40	0.02548	0.09574	0.22520	0.01925	0.02666	0.20031	0.01912	0.05996	0.02185	0.14729	0.06503	0.02192	0.01773	0.00924	0.00779	0.00240	0.01094	0.00691	0.00568	0.01151
41	0.02032	0.43636	0.21819	0.01955	0.02827	0.02754	0.09779	0.02550	0.01742	0.02235	0.01317	0.01568	0.01087	0.00731	0.00662	0.00215	0.01049	0.00561	0.00362	0.01118
42	0.01040	0.00857	0.00922	0.00944	0.01208	0.00740	0.00733	0.01283	0.01921	0.02335	0.10957	0.08081	0.54137	0.02107	0.01004	0.00293	0.00465	0.09481	0.00778	0.00714
43	0.01869	0.02748	0.25681	0.10498	0.37628	0.01945	0.02710	0.02536	0.01820	0.02625	0.01529	0.01965	0.01202	0.00767	0.00811	0.00256	0.01084	0.00695	0.00386	0.01245
44	0.01829	0.01487	0.02436	0.35966	0.10313	0.01649	0.06404	0.05300	0.01874	0.08311	0.02243	0.14302	0.02020	0.01153	0.00882	0.00282	0.00959	0.01054	0.00533	0.01003
45	0.01194	0.00799	0.00910	0.00924	0.00928	0.00796	0.00523	0.01204	0.01236	0.01647	0.02758	0.10093	0.03198	0.65906	0.04001	0.00772	0.00782	0.01291	0.00523	0.00516
46	0.02080	0.54260	0.20161	0.01662	0.02504	0.02942	0.01841	0.02524	0.01705	0.02127	0.01240	0.01440	0.01063	0.00731	0.00598	0.00199	0.00975	0.00487	0.00354	0.01107
47	0.01870	0.02625	0.20307	0.26426	0.15209	0.08061	0.05455	0.02591	0.04915	0.02453	0.01583	0.02038	0.01204	0.00814	0.00818	0.00262	0.01148	0.00707	0.00403	0.01109
48	0.28443	0.01682	0.02039	0.04781	0.20171	0.01849	0.01557	0.02833	0.15697	0.03201	0.02108	0.02777	0.01781	0.00997	0.00751	0.00273	0.00773	0.06609	0.00579	0.01099
49	0.06410	0.02772	0.16769	0.05174	0.11099	0.16650	0.01948	0.06093	0.02164	0.20094	0.01951	0.02041	0.01379	0.00875	0.00787	0.00248	0.01065	0.00677	0.00595	0.01210
50	0.20671	0.04513	0.02146	0.10231	0.08481	0.16517	0.01498	0.02850	0.01895	0.13741	0.01653	0.01856	0.01240	0.00849	0.00773	0.00240	0.03252	0.00611	0.00545	0.06437
51	0.19842	0.01799	0.07839	0.15917	0.08104	0.05134	0.04540	0.02179	0.01710	0.02718	0.02560	0.07563	0.09221	0.01091	0.00768	0.00264	0.00850	0.00900	0.06068	0.00935

[dist]
# distance from previous block
# <min> <max>
4	94

[block]
# block no. 3 follows, 22 sequences, length 59
# corresponding to MSA columns:
# 213-271
name=unknown_D
#
# <colnr> <probs for GDERKNQSTAVLIFYWHMCP>
#	G	D	E	R	K	N	Q	S	T	A	V	L	I	F	Y	W	H	M	C	P
0	0.02132	0.01932	0.01846	0.01870	0.07521	0.15475	0.01322	0.12468	0.06440	0.05947	0.03621	0.15875	0.12417	0.01521	0.00904	0.00275	0.00851	0.05882	0.00694	0.01006
1	0.02391	0.07546	0.02228	0.05056	0.09829	0.16080	0.01453	0.03025	0.12394	0.13806	0.02652	0.07183	0.04817	0.04071	0.03549	0.00315	0.00973	0.00900	0.00636	0.01093
2	0.02216	0.01974	0.05055	0.07039	0.19645	0.07611	0.01737	0.03126	0.17344	0.10741	0.07197	0.02657	0.02169	0.00956	0.00818	0.00248	0.00859	0.00818	0.00637	0.07155
3	0.02423	0.02725	0.15551	0.06320	0.02716	0.19327	0.01769	0.05285	0.10311	0.13041	0.02667	0.02902	0.06658	0.01071	0.00828	0.00258	0.01037	0.03369	0.00618	0.01123
4	0.15836	0.01538	0.01933	0.06244	0.07178	0.01684	0.01383	0.07498	0.04686	0.19099	0.05020	0.02691	0.04597	0.01543	0.07026	0.00369	0.09097	0.00810	0.00671	0.01097
5	0.05578	0.01708	0.02311	0.02026	0.07320	0.01703	0.08961	0.18343	0.04848	0.11923	0.03118	0.03676	0.09688	0.01184	0.00871	0.00263	0.00828	0.07361	0.00717	0.07574
6	0.02642	0.02241	0.02135	0.01755	0.02322	0.11973	0.01397	0.26753	0.19813	0.06464	0.02531	0.02474	0.04277	0.01020	0.00807	0.00242	0.00873	0.00787	0.00746	0.08746
7	0.01795	0.01518	0.01509	0.01398	0.01733	0.06647	0.01052	0.02895	0.27279	0.02799	0.03001	0.08880	0.02695	0.11377	0.01311	0.00337	0.00700	0.04780	0.10490	0.07803
8	0.02234	0.01619	0.02608	0.15420	0.32497	0.01635	0.01990	0.02687	0.02015	0.16934	0.09770	0.02769	0.02248	0.00939	0.00846	0.00256	0.00873	0.00855	0.00604	0.01201
9	0.01900	0.01800	0.03052	0.20554	0.47645	0.01890	0.02428	0.02402	0.01836	0.02557	0.01687	0.02470	0.01442	0.00842	0.00841	0.00261	0.01005	0.03778	0.00419	0.01191
10	0.01904	0.11574	0.41824	0.02744	0.13618	0.06464	0.05388	0.02648	0.01818	0.02528	0.01459	0.01760	0.01108	0.00772	0.00771	0.00248	0.01174	0.00626	0.00370	0.01201
11	0.01575	0.01664	0.06752	0.64386	0.05580	0.01851	0.02358	0.02156	0.01667	0.02156	0.01478	0.02184	0.01104	0.00828	0.00828	0.00276	0.01115	0.00730	0.00368	0.00943
12	0.02034	0.02162	0.05664	0.12924	0.42468	0.06333	0.11187	0.02564	0.01897	0.02581	0.01547	0.02056	0.01255	0.00756	0.00840	0.00254	0.01105	0.00757	0.00406	0.01209
13	0.01338	0.01412	0.09619	0.15487	0.02549	0.01166	0.04125	0.01677	0.01652	0.02272	0.08534	0.25880	0.03413	0.06332	0.01338	0.06523	0.00775	0.01386	0.03729	0.00792
14	0.01751	0.02801	0.32275	0.20119	0.03887	0.01801	0.07509	0.02446	0.01754	0.06502	0.01847	0.07438	0.01504	0.00979	0.00918	0.00278	0.03826	0.00836	0.00439	0.01092
15	0.01868	0.02117	0.09003	0.21199	0.27443	0.01972	0.19249	0.02475	0.01838	0.02536	0.01567	0.02123	0.01223	0.00757	0.00866	0.00265	0.01155	0.00796	0.00397	0.01150
16	0.02832	0.05695	0.02706	0.02516	0.15741	0.02371	0.01740	0.42280	0.03209	0.07090	0.01925	0.02056	0.01427	0.01120	0.03238	0.00285	0.00967	0.00740	0.00713	0.01350
17	0.01476	0.01786	0.18682	0.01499	0.01923	0.01155	0.01431	0.01860	0.01574	0.07221	0.02798	0.20730	0.02864	0.15084	0.15506	0.00605	0.01125	0.01254	0.00562	0.00865
18	0.02208	0.02284	0.03154	0.07912	0.51837	0.13051	0.02377	0.02657	0.01958	0.02568	0.01511	0.01970	0.01263	0.00765	0.00810	0.00243	0.01080	0.00705	0.00412	0.01236
19	0.02896	0.02356	0.02157	0.06460	0.07503	0.24922	0.01505	0.03371	0.07276	0.24216	0.04965	0.02591	0.04077	0.01003	0.00815	0.00245	0.01011	0.00782	0.00693	0.01155
20	0.01114	0.00766	0.00934	0.01026	0.01049	0.00743	0.00631	0.01184	0.01391	0.01855	0.03556	0.36441	0.04204	0.38185	0.02713	0.00582	0.00651	0.01760	0.00631	0.00585
21	0.01590	0.01472	0.02358	0.29440	0.24035	0.01590	0.01972	0.02041	0.01801	0.02364	0.03150	0.03836	0.14896	0.01162	0.00880	0.00275	0.00902	0.04749	0.00493	0.00994
22	0.02374	0.49026	0.07120	0.01829	0.06367	0.08551	0.01615	0.10075	0.02037	0.02453	0.01314	0.01497	0.01125	0.00765	0.00620	0.00199	0.00968	0.00518	0.00424	0.01125
23	0.01871	0.01516	0.01678	0.04550	0.02097	0.01680	0.01233	0.03496	0.42079	0.06180	0.04281	0.04430	0.13971	0.01378	0.00893	0.00288	0.00646	0.05772	0.00813	0.01147
24	0.01187	0.00890	0.01335	0.01335	0.01483	0.01038	0.01038	0.01483	0.01335	0.01928	0.02225	0.03264	0.02077	0.06231	0.67512	0.01335	0.02225	0.00890	0.00445	0.00742
25	0.02465	0.52672	0.03800	0.01620	0.02253	0.21045	0.01472	0.02717	0.01872	0.01976	0.01191	0.01378	0.01067	0.00751	0.00593	0.00188	0.01057	0.00469	0.00375	0.01038
26	0.01012	0.00723	0.00964	0.01157	0.01205	0.00675	0.00771	0.01157	0.01591	0.02121	0.04579	0.70262	0.05495	0.02603	0.01060	0.00337	0.00482	0.02362	0.00771	0.00675
27	0.02656	0.02035	0.02185	0.01784	0.02341	0.02270	0.01435	0.40197	0.22010	0.04453	0.02621	0.07760	0.02079	0.01164	0.00854	0.00266	0.00802	0.00934	0.00831	0.01324
28	0.01901	0.02325	0.10964	0.11247	0.15501	0.02030	0.38353	0.02575	0.01891	0.02605	0.01615	0.02152	0.01230	0.00732	0.00914	0.00272	0.01273	0.00869	0.00405	0.01144
29	0.01925	0.35527	0.37536	0.01927	0.02914	0.02562	0.02301	0.02564	0.01723	0.02316	0.01334	0.01558	0.01059	0.00753	0.00670	0.00223	0.01070	0.00535	0.00353	0.01152
30	0.01666	0.04297	0.66500	0.02368	0.03596	0.01929	0.03069	0.02631	0.01754	0.02631	0.01491	0.01754	0.01052	0.00789	0.00789	0.00263	0.01228	0.00614	0.00351	0.01228
31	0.01046	0.00826	0.00916	0.00967	0.01165	0.00732	0.00704	0.01235	0.01760	0.02169	0.06683	0.18934	0.41808	0.10353	0.01395	0.00362	0.00508	0.07019	0.00739	0.00679
32	0.01005	0.00810	0.00896	0.00942	0.01154	0.00701	0.00681	0.01213	0.01849	0.02298	0.11902	0.24550	0.44683	0.02205	0.01003	0.00294	0.00435	0.01896	0.00783	0.00701
33	0.01190	0.00878	0.01273	0.01273	0.01400	0.01005	0.00961	0.01444	0.01317	0.01883	0.02282	0.03577	0.02213	0.15558	0.58371	0.01259	0.02020	0.00936	0.00453	0.00707
34	0.01339	0.00956	0.01339	0.01530	0.01721	0.00956	0.01339	0.01721	0.01912	0.02486	0.04399	0.09371	0.04781	0.02295	0.01147	0.00382	0.00765	0.60031	0.00765	0.00765
35	0.01943	0.01900	0.03365	0.18300	0.45925	0.01962	0.09468	0.02473	0.01851	0.02584	0.01558	0.02111	0.01266	0.00755	0.00842	0.00257	0.01060	0.00768	0.00403	0.01211
36	0.01208	0.00805	0.00906	0.00906	0.00906	0.00805	0.00503	0.01208	0.01208	0.01611	0.02618	0.05436	0.03020	0.70804	0.04228	0.00805	0.00805	0.01208	0.00503	0.00503
37	0.01018	0.00843	0.00892	0.00880	0.01144	0.00717	0.00660	0.01263	0.01979	0.02448	0.19068	0.07659	0.54506	0.02028	0.00981	0.00277	0.00415	0.01706	0.00798	0.00717
38	0.01632	0.02311	0.19836	0.10011	0.03205	0.01880	0.13032	0.02187	0.01585	0.02287	0.01605	0.02248	0.01335	0.02141	0.16240	0.00530	0.15769	0.00781	0.00389	0.00997
39	0.02056	0.01974	0.03372	0.05099	0.65622	0.01974	0.02550	0.02550	0.01892	0.02714	0.01563	0.02056	0.01316	0.00740	0.00822	0.00247	0.00987	0.00740	0.00411	0.01316
40	0.00982	0.00842	0.00842	0.00842	0.01122	0.00701	0.00631	0.01192	0.01894	0.02244	0.08416	0.07995	0.65285	0.02104	0.00982	0.00281	0.00421	0.01753	0.00771	0.00701
41	0.02056	0.01974	0.03372	0.05099	0.65622	0.01974	0.02550	0.02550	0.01892	0.02714	0.01563	0.02056	0.01316	0.00740	0.00822	0.00247	0.00987	0.00740	0.00411	0.01316
42	0.01140	0.00928	0.01032	0.01060	0.01328	0.00850	0.00841	0.01534	0.05903	0.02426	0.09741	0.07910	0.45115	0.02066	0.01010	0.00303	0.00512	0.14763	0.00781	0.00759
43	0.02056	0.01974	0.03372	0.05099	0.65622	0.01974	0.02550	0.02550	0.01892	0.02714	0.01563	0.02056	0.01316	0.00740	0.00822	0.00247	0.00987	0.00740	0.00411	0.01316
44	0.02722	0.03324	0.02411	0.02152	0.02453	0.48197	0.01668	0.02926	0.02033	0.02023	0.01227	0.01593	0.01076	0.01034	0.01336	0.00258	0.21619	0.00592	0.00409	0.00947
45	0.01015	0.00852	0.00888	0.00906	0.01178	0.00725	0.00698	0.01242	0.01895	0.02267	0.08039	0.08124	0.59606	0.02122	0.00997	0.00290	0.00453	0.07223	0.00771	0.00707
46	0.01201	0.00835	0.01056	0.01056	0.01108	0.00887	0.00691	0.01304	0.01253	0.01722	0.02480	0.04676	0.02690	0.48213	0.26369	0.00991	0.01302	0.01097	0.00483	0.00587
47	0.03292	0.01983	0.02270	0.01737	0.02397	0.02058	0.01434	0.40471	0.03300	0.25771	0.02408	0.02265	0.01623	0.00992	0.00824	0.00247	0.00832	0.00767	0.00884	0.04444
48	0.01012	0.00723	0.00964	0.01157	0.01205	0.00675	0.00771	0.01157	0.01591	0.02121	0.04579	0.70262	0.05495	0.02603	0.01060	0.00337	0.00482	0.02362	0.00771	0.00675
49	0.01007	0.00803	0.00904	0.00962	0.01159	0.00699	0.00690	0.01210	0.01829	0.02290	0.11656	0.28538	0.40854	0.02237	0.01008	0.00298	0.00439	0.01935	0.00783	0.00699
50	0.03103	0.03959	0.02354	0.02140	0.02568	0.67469	0.01605	0.03317	0.02354	0.02033	0.01284	0.01498	0.01070	0.00856	0.00749	0.00214	0.01498	0.00535	0.00428	0.00963
51	0.03103	0.03959	0.02354	0.02140	0.02568	0.67469	0.01605	0.03317	0.02354	0.02033	0.01284	0.01498	0.01070	0.00856	0.00749	0.00214	0.01498	0.00535	0.00428	0.00963
52	0.00990	0.00811	0.00874	0.00924	0.01144	0.00694	0.00668	0.01183	0.01814	0.02212	0.07413	0.24271	0.49656	0.02234	0.01002	0.00295	0.00437	0.01912	0.00771	0.00694
53	0.01653	0.01562	0.02643	0.57833	0.16040	0.01868	0.02349	0.02196	0.01701	0.02224	0.01491	0.02187	0.01143	0.00815	0.00829	0.00272	0.01087	0.00739	0.00376	0.00991
54	0.02056	0.01974	0.03372	0.05099	0.65622	0.01974	0.02550	0.02550	0.01892	0.02714	0.01563	0.02056	0.01316	0.00740	0.00822	0.00247	0.00987	0.00740	0.00411	0.01316
55	0.03103	0.03959	0.02354	0.02140	0.02568	0.67469	0.01605	0.03317	0.02354	0.02033	0.01284	0.01498	0.01070	0.00856	0.00749	0.00214	0.01498	0.00535	0.00428	0.00963
56	0.01378	0.01236	0.01753	0.02346	0.23562	0.01153	0.01316	0.01708	0.01946	0.02534	0.12621	0.05722	0.36377	0.01583	0.00926	0.00267	0.00614	0.01372	0.00663	0.00925
57	0.01237	0.00964	0.01431	0.01402	0.01539	0.01158	0.01100	0.01524	0.01330	0.01934	0.02135	0.03149	0.01998	0.05851	0.62360	0.01258	0.07558	0.00877	0.00439	0.00755
58	0.01030	0.00845	0.00913	0.00939	0.01191	0.00729	0.00716	0.01264	0.01906	0.02331	0.11576	0.11991	0.52033	0.02127	0.01002	0.00292	0.00455	0.07170	0.00780	0.00711

[dist]
# distance from previous block
# <min> <max>
0	1

[block]
# block no. 4 follows, 22 sequences, length 55
# corresponding to MSA columns:
# 273-327
name=unknown_E
#
# <colnr> <probs for GDERKNQSTAVLIFYWHMCP>
#	G	D	E	R	K	N	Q	S	T	A	V	L	I	F	Y	W	H	M	C	P
0	0.07775	0.24722	0.12405	0.01970	0.04964	0.25024	0.01748	0.07916	0.02104	0.02514	0.01336	0.01537	0.01093	0.00802	0.00681	0.00217	0.01137	0.00538	0.00434	0.01082
1	0.02105	0.02088	0.03255	0.08183	0.58073	0.06593	0.02470	0.02582	0.01912	0.02635	0.01539	0.02025	0.01288	0.00753	0.00818	0.00246	0.01029	0.00726	0.00410	0.01271
2	0.02242	0.02302	0.02989	0.03597	0.33291	0.15421	0.08125	0.07467	0.02087	0.02674	0.01635	0.02107	0.01363	0.01471	0.09211	0.00380	0.01284	0.00742	0.00454	0.01159
3	0.01986	0.02170	0.04495	0.03927	0.20660	0.02067	0.46613	0.02631	0.01942	0.02675	0.01649	0.02192	0.01275	0.00711	0.00938	0.00271	0.01290	0.00916	0.00418	0.01172
4	0.02083	0.02597	0.27446	0.24995	0.07840	0.01757	0.02395	0.02746	0.01860	0.15602	0.01860	0.02152	0.01295	0.00850	0.00815	0.00266	0.01064	0.00710	0.00501	0.01168
5	0.02298	0.25748	0.14591	0.02680	0.18309	0.18407	0.02038	0.02731	0.01913	0.02282	0.01347	0.01628	0.01127	0.00767	0.00703	0.00219	0.01122	0.00570	0.00386	0.01132
6	0.01605	0.01489	0.01597	0.01432	0.01767	0.06353	0.03364	0.02515	0.20916	0.02795	0.15662	0.05027	0.24001	0.01540	0.01050	0.00279	0.05641	0.01265	0.00750	0.00954
7	0.00991	0.00804	0.00880	0.00940	0.01148	0.00693	0.00675	0.01181	0.01799	0.02205	0.07213	0.27507	0.46549	0.02260	0.01006	0.00298	0.00440	0.01944	0.00771	0.00693
8	0.01012	0.00723	0.00964	0.01157	0.01205	0.00675	0.00771	0.01157	0.01591	0.02121	0.04579	0.70262	0.05495	0.02603	0.01060	0.00337	0.00482	0.02362	0.00771	0.00675
9	0.03116	0.03574	0.02387	0.02086	0.02570	0.52143	0.01599	0.17378	0.02721	0.02790	0.01452	0.01615	0.01151	0.00889	0.00768	0.00222	0.01360	0.00585	0.00523	0.01069
10	0.01549	0.00774	0.00774	0.00774	0.00968	0.00774	0.00581	0.01936	0.01742	0.03097	0.02710	0.03097	0.02129	0.00968	0.00581	0.00194	0.00387	0.00774	0.75416	0.00774
11	0.00982	0.00842	0.00842	0.00842	0.01122	0.00701	0.00631	0.01192	0.01894	0.02244	0.08416	0.07995	0.65285	0.02104	0.00982	0.00281	0.00421	0.01753	0.00771	0.00701
12	0.01187	0.00890	0.01335	0.01335	0.01483	0.01038	0.01038	0.01483	0.01335	0.01928	0.02225	0.03264	0.02077	0.06231	0.67512	0.01335	0.02225	0.00890	0.00445	0.00742
13	0.02056	0.01974	0.03372	0.05099	0.65622	0.01974	0.02550	0.02550	0.01892	0.02714	0.01563	0.02056	0.01316	0.00740	0.00822	0.00247	0.00987	0.00740	0.00411	0.01316
14	0.01187	0.00890	0.01335	0.01335	0.01483	0.01038	0.01038	0.01483	0.01335	0.01928	0.02225	0.03264	0.02077	0.06231	0.67512	0.01335	0.02225	0.00890	0.00445	0.00742
15	0.04398	0.00858	0.01083	0.01156	0.01323	0.00795	0.00816	0.01572	0.01741	0.09796	0.07508	0.50432	0.10869	0.02252	0.01000	0.00316	0.00505	0.02005	0.00798	0.00779
16	0.02927	0.02130	0.02459	0.13053	0.03074	0.02373	0.01679	0.49196	0.03440	0.08363	0.01985	0.02081	0.01400	0.00971	0.00831	0.00254	0.00934	0.00752	0.00766	0.01331
17	0.01354	0.01177	0.01655	0.05374	0.01856	0.01446	0.01255	0.01624	0.01473	0.02077	0.05857	0.03686	0.12058	0.03694	0.31571	0.00780	0.20773	0.01002	0.00492	0.00795
18	0.02598	0.03118	0.02429	0.02156	0.02416	0.41959	0.01689	0.02799	0.01929	0.02020	0.01208	0.01624	0.01078	0.01091	0.01526	0.00273	0.28132	0.00610	0.00403	0.00942
19	0.01549	0.00774	0.00774	0.00774	0.00968	0.00774	0.00581	0.01936	0.01742	0.03097	0.02710	0.03097	0.02129	0.00968	0.00581	0.00194	0.00387	0.00774	0.75416	0.00774
20	0.01268	0.01009	0.01491	0.01444	0.01573	0.01232	0.01139	0.01550	0.01327	0.01938	0.02079	0.03078	0.01950	0.05616	0.59177	0.01210	0.10853	0.00869	0.00435	0.00763
21	0.07465	0.01300	0.01542	0.01363	0.01764	0.01316	0.01060	0.03058	0.18767	0.21482	0.17883	0.12740	0.03929	0.01408	0.00880	0.00276	0.00585	0.01200	0.00881	0.01103
22	0.01201	0.00873	0.01172	0.01344	0.01500	0.00843	0.01091	0.01493	0.01812	0.02349	0.04872	0.27937	0.11297	0.02370	0.01103	0.00358	0.00642	0.36247	0.00768	0.00731
23	0.02627	0.02008	0.02324	0.14260	0.03022	0.02235	0.01615	0.41052	0.07513	0.04285	0.02000	0.02150	0.01458	0.00952	0.00808	0.00247	0.00890	0.00746	0.04228	0.05580
24	0.01781	0.01659	0.02778	0.14924	0.43700	0.01711	0.02178	0.02219	0.01797	0.02506	0.02110	0.14783	0.02059	0.01102	0.00868	0.00269	0.00913	0.01042	0.00471	0.01131
25	0.02522	0.06098	0.13256	0.02618	0.13781	0.34741	0.01974	0.03164	0.09416	0.02419	0.01609	0.01821	0.01283	0.00851	0.00771	0.00234	0.01240	0.00628	0.00458	0.01115
26	0.01808	0.09945	0.52865	0.02259	0.03309	0.05871	0.02753	0.02613	0.01749	0.02493	0.01421	0.01707	0.01057	0.00833	0.00901	0.00260	0.06020	0.00603	0.00357	0.01176
27	0.01194	0.00808	0.00902	0.00902	0.00919	0.00799	0.00511	0.01207	0.01250	0.01650	0.02975	0.05594	0.06860	0.66568	0.04028	0.00773	0.00782	0.01242	0.00520	0.00516
28	0.01139	0.00776	0.00926	0.00994	0.01011	0.00759	0.00598	0.01190	0.01343	0.01791	0.03309	0.28295	0.03893	0.46755	0.03111	0.00640	0.00691	0.01615	0.00598	0.00564
29	0.01208	0.00805	0.00906	0.00906	0.00906	0.00805	0.00503	0.01208	0.01208	0.01611	0.02618	0.05436	0.03020	0.70804	0.04228	0.00805	0.00805	0.01208	0.00503	0.00503
30	0.01208	0.00805	0.00906	0.00906	0.00906	0.00805	0.00503	0.01208	0.01208	0.01611	0.02618	0.05436	0.03020	0.70804	0.04228	0.00805	0.00805	0.01208	0.00503	0.00503
31	0.01042	0.00756	0.00967	0.01095	0.01183	0.00699	0.00742	0.01216	0.01694	0.02255	0.12542	0.51867	0.11652	0.06643	0.01238	0.00351	0.00484	0.02120	0.00773	0.00681
32	0.01293	0.01024	0.01451	0.01392	0.01489	0.01239	0.01065	0.01516	0.01301	0.01881	0.02115	0.03434	0.02093	0.17482	0.45249	0.01079	0.12807	0.00923	0.00443	0.00724
33	0.00997	0.00837	0.00866	0.00871	0.01134	0.00706	0.00649	0.01217	0.01912	0.02315	0.12244	0.10800	0.58413	0.02099	0.00985	0.00282	0.00422	0.01764	0.00782	0.00706
34	0.01208	0.00805	0.00906	0.00906	0.00906	0.00805	0.00503	0.01208	0.01208	0.01611	0.02618	0.05436	0.03020	0.70804	0.04228	0.00805	0.00805	0.01208	0.00503	0.00503
35	0.01723	0.01477	0.01723	0.01230	0.01969	0.01107	0.00984	0.02092	0.01723	0.02707	0.01477	0.01723	0.01230	0.00615	0.00615	0.00123	0.00615	0.00492	0.00492	0.75883
36	0.01961	0.02241	0.04902	0.03501	0.04342	0.02101	0.62605	0.02661	0.01961	0.02661	0.01681	0.02241	0.01261	0.00700	0.00980	0.00280	0.01401	0.00980	0.00420	0.01120
37	0.02155	0.11268	0.03600	0.02917	0.12525	0.14398	0.22623	0.02586	0.01861	0.02330	0.01478	0.01966	0.01237	0.01175	0.05185	0.00325	0.10148	0.00754	0.00406	0.01063
38	0.01082	0.00828	0.01003	0.01079	0.01265	0.00750	0.00814	0.01333	0.01887	0.02431	0.16141	0.25554	0.28739	0.02209	0.01031	0.00310	0.00490	0.11542	0.00794	0.00718
39	0.02056	0.01974	0.03372	0.05099	0.65622	0.01974	0.02550	0.02550	0.01892	0.02714	0.01563	0.02056	0.01316	0.00740	0.00822	0.00247	0.00987	0.00740	0.00411	0.01316
40	0.01223	0.00944	0.01405	0.01384	0.01524	0.01125	0.01083	0.01513	0.01331	0.01933	0.02160	0.03180	0.02020	0.05955	0.63776	0.01279	0.06093	0.00881	0.00440	0.00751
41	0.03125	0.01950	0.02181	0.01691	0.02301	0.02069	0.01391	0.42624	0.03320	0.19411	0.02372	0.02306	0.01639	0.01002	0.00806	0.00245	0.00810	0.00771	0.08640	0.01347
42	0.02725	0.02589	0.02149	0.01832	0.02310	0.24854	0.01438	0.26312	0.08209	0.03471	0.01943	0.02128	0.01511	0.01502	0.07726	0.00349	0.01194	0.00707	0.05919	0.01133
43	0.01951	0.01867	0.03182	0.18836	0.52706	0.01946	0.02497	0.02457	0.01842	0.02587	0.01544	0.02090	0.01271	0.00760	0.00824	0.00253	0.01013	0.00740	0.00402	0.01231
44	0.01902	0.01132	0.01413	0.01228	0.01575	0.01081	0.00958	0.05968	0.07255	0.16945	0.39720	0.05093	0.09335	0.01492	0.00929	0.00262	0.00514	0.01285	0.00920	0.00994
45	0.01125	0.00864	0.01125	0.05872	0.01572	0.00825	0.00913	0.01409	0.01911	0.02523	0.21896	0.26598	0.19691	0.02079	0.01013	0.00304	0.00518	0.08243	0.00782	0.00738
46	0.02053	0.01710	0.02182	0.01855	0.02104	0.02122	0.01520	0.20763	0.02109	0.02985	0.01697	0.02287	0.01474	0.02682	0.20715	0.00607	0.28807	0.00780	0.00532	0.01018
47	0.01187	0.00890	0.01335	0.01335	0.01483	0.01038	0.01038	0.01483	0.01335	0.01928	0.02225	0.03264	0.02077	0.06231	0.67512	0.01335	0.02225	0.00890	0.00445	0.00742
48	0.01011	0.00729	0.00958	0.01141	0.01201	0.00676	0.00764	0.01158	0.01605	0.02127	0.04766	0.67219	0.08416	0.02578	0.01057	0.00335	0.00479	0.02332	0.00771	0.00676
49	0.02022	0.01648	0.02223	0.22801	0.11783	0.01823	0.01725	0.13805	0.12313	0.06088	0.03082	0.03243	0.11664	0.01109	0.00856	0.00268	0.00854	0.00939	0.00634	0.01119
50	0.03066	0.03356	0.02449	0.02223	0.05829	0.44197	0.01646	0.21523	0.02806	0.03050	0.01516	0.01679	0.01188	0.00893	0.00778	0.00227	0.01293	0.00611	0.00551	0.01119
51	0.01025	0.00756	0.00947	0.01080	0.01178	0.00692	0.00733	0.01190	0.01675	0.02192	0.08827	0.51792	0.16652	0.05658	0.01190	0.00344	0.00480	0.02143	0.00767	0.00678
52	0.01007	0.00745	0.00941	0.01098	0.01190	0.00680	0.00745	0.01163	0.01647	0.02144	0.05293	0.58668	0.16628	0.02510	0.01046	0.00327	0.00471	0.02248	0.00771	0.00680
53	0.02360	0.26599	0.09954	0.02375	0.06659	0.21578	0.14352	0.02784	0.01958	0.02236	0.01359	0.01654	0.01121	0.00761	0.00731	0.00222	0.01212	0.00616	0.00393	0.01078
54	0.02128	0.10498	0.06327	0.04083	0.46203	0.08676	0.02285	0.02581	0.01885	0.02520	0.01509	0.01947	0.01279	0.00969	0.03431	0.00279	0.01087	0.00684	0.00405	0.01224

[dist]
# distance from previous block
# <min> <max>
0	140

[block]
# block no. 5 follows, 22 sequences, length 63
# corresponding to MSA columns:
# 469-531
name=unknown_F
#
# <colnr> <probs for GDERKNQSTAVLIFYWHMCP>
#	G	D	E	R	K	N	Q	S	T	A	V	L	I	F	Y	W	H	M	C	P
0	0.02343	0.35834	0.09554	0.02064	0.08570	0.17874	0.01723	0.02882	0.07748	0.02255	0.01467	0.01649	0.01228	0.00794	0.00666	0.00211	0.01051	0.00557	0.00423	0.01105
1	0.02144	0.02561	0.06753	0.02899	0.06926	0.17313	0.32836	0.02663	0.01977	0.02478	0.01743	0.05541	0.01460	0.00890	0.00975	0.00265	0.04515	0.00893	0.04119	0.01050
2	0.01086	0.00831	0.01010	0.01101	0.01285	0.00755	0.00837	0.01332	0.01855	0.02373	0.12449	0.26713	0.28687	0.02250	0.01040	0.00317	0.00508	0.14071	0.00785	0.00715
3	0.02478	0.06947	0.02338	0.02017	0.06258	0.16221	0.01504	0.13560	0.32992	0.03309	0.02444	0.02393	0.01864	0.00996	0.00800	0.00253	0.00915	0.00776	0.00694	0.01239
4	0.01141	0.00847	0.01087	0.01205	0.01374	0.00794	0.00943	0.01414	0.01864	0.02423	0.12617	0.27035	0.18939	0.02274	0.01064	0.00332	0.00558	0.22580	0.00786	0.00726
5	0.02620	0.07437	0.06388	0.05722	0.02681	0.26712	0.01646	0.14776	0.17978	0.03041	0.01959	0.02039	0.01503	0.00936	0.00782	0.00242	0.01097	0.00687	0.00596	0.01158
6	0.01808	0.03137	0.34427	0.02640	0.03597	0.01971	0.23328	0.02840	0.09948	0.02746	0.01910	0.02378	0.01455	0.00858	0.00876	0.00276	0.01196	0.02971	0.00454	0.01185
7	0.01476	0.00781	0.00802	0.00802	0.00955	0.00781	0.00564	0.01780	0.01628	0.02779	0.02690	0.03598	0.02320	0.15912	0.01361	0.00324	0.00477	0.00867	0.59386	0.00716
8	0.00993	0.00798	0.00887	0.00957	0.01153	0.00692	0.00683	0.01179	0.01782	0.02199	0.07006	0.30878	0.43313	0.02287	0.01011	0.00301	0.00443	0.01977	0.00771	0.00692
9	0.02487	0.06080	0.02457	0.22119	0.03452	0.29386	0.01772	0.10154	0.09285	0.02602	0.01658	0.01946	0.01288	0.00889	0.00784	0.00243	0.01186	0.00663	0.00502	0.01050
10	0.01022	0.00727	0.00961	0.01144	0.01190	0.00681	0.00757	0.01159	0.01571	0.02095	0.04478	0.66938	0.05368	0.06100	0.01223	0.00361	0.00499	0.02303	0.00757	0.00666
11	0.01035	0.00850	0.00916	0.00919	0.01180	0.00731	0.00702	0.01285	0.01965	0.02428	0.16914	0.07810	0.52416	0.02054	0.00992	0.00284	0.00439	0.05567	0.00793	0.00718
12	0.04946	0.13182	0.01912	0.01309	0.01710	0.07395	0.01063	0.10357	0.08907	0.03068	0.06815	0.07157	0.05923	0.01144	0.00726	0.00231	0.00685	0.00903	0.21589	0.00978
13	0.01666	0.04297	0.66500	0.02368	0.03596	0.01929	0.03069	0.02631	0.01754	0.02631	0.01491	0.01754	0.01052	0.00789	0.00789	0.00263	0.01228	0.00614	0.00351	0.01228
14	0.01228	0.01065	0.01149	0.01197	0.04369	0.01008	0.00846	0.01838	0.13118	0.02489	0.07183	0.06830	0.50932	0.01863	0.00950	0.00279	0.00490	0.01558	0.00768	0.00841
15	0.03103	0.03959	0.02354	0.02140	0.02568	0.67469	0.01605	0.03317	0.02354	0.02033	0.01284	0.01498	0.01070	0.00856	0.00749	0.00214	0.01498	0.00535	0.00428	0.00963
16	0.01032	0.00738	0.00981	0.01143	0.01209	0.00688	0.00773	0.01206	0.01681	0.02265	0.11820	0.62609	0.05775	0.02495	0.01051	0.00328	0.00471	0.02259	0.00788	0.00688
17	0.01133	0.00808	0.01082	0.01149	0.01220	0.00845	0.00791	0.01291	0.01387	0.01903	0.03153	0.27075	0.03533	0.23671	0.26197	0.00837	0.01211	0.01491	0.00575	0.00650
18	0.01684	0.01638	0.02113	0.01886	0.01965	0.06316	0.01534	0.01908	0.01366	0.01977	0.01496	0.02297	0.01430	0.03067	0.25014	0.00690	0.41597	0.00771	0.00396	0.00855
19	0.01031	0.00810	0.00932	0.00972	0.01170	0.00711	0.00702	0.01261	0.01906	0.02439	0.19307	0.24832	0.36660	0.02156	0.01003	0.00292	0.00432	0.01869	0.00801	0.00711
20	0.03103	0.03959	0.02354	0.02140	0.02568	0.67469	0.01605	0.03317	0.02354	0.02033	0.01284	0.01498	0.01070	0.00856	0.00749	0.00214	0.01498	0.00535	0.00428	0.00963
21	0.01214	0.00864	0.01087	0.01110	0.01313	0.00866	0.00873	0.01525	0.01744	0.02435	0.10685	0.05741	0.20088	0.03187	0.21630	0.00608	0.01026	0.10212	0.13049	0.00744
22	0.02054	0.01782	0.02297	0.01945	0.02124	0.02290	0.01602	0.16350	0.01942	0.02836	0.01610	0.04959	0.01468	0.01592	0.05145	0.00371	0.42658	0.00813	0.05160	0.01002
23	0.01010	0.00828	0.00891	0.00906	0.01147	0.00709	0.00668	0.01236	0.01915	0.02369	0.15226	0.15356	0.50631	0.02113	0.00991	0.00285	0.00425	0.01795	0.00790	0.00709
24	0.02029	0.02099	0.02837	0.31012	0.30265	0.12858	0.02291	0.02501	0.01873	0.02355	0.01480	0.02029	0.01188	0.00797	0.00814	0.00254	0.01122	0.00705	0.00397	0.01094
25	0.14915	0.10136	0.02788	0.02290	0.08469	0.23640	0.09758	0.07723	0.02069	0.02716	0.01429	0.01750	0.01171	0.01101	0.04217	0.00294	0.03394	0.00632	0.00464	0.01042
26	0.01699	0.09869	0.02081	0.01851	0.08934	0.07236	0.01306	0.04992	0.01880	0.02402	0.07436	0.16227	0.16248	0.01581	0.01185	0.00280	0.12032	0.01256	0.00596	0.00908
27	0.01187	0.00890	0.01335	0.01335	0.01483	0.01038	0.01038	0.01483	0.01335	0.01928	0.02225	0.03264	0.02077	0.06231	0.67512	0.01335	0.02225	0.00890	0.00445	0.00742
28	0.01054	0.00832	0.00910	0.00907	0.01120	0.00731	0.00651	0.01268	0.01875	0.02368	0.18808	0.10292	0.42193	0.11621	0.01438	0.00353	0.00472	0.01656	0.00763	0.00689
29	0.02074	0.30767	0.03119	0.15106	0.02851	0.09116	0.01622	0.06081	0.01804	0.02202	0.01406	0.01847	0.01220	0.01502	0.08857	0.00363	0.08051	0.00613	0.00407	0.00994
30	0.01196	0.00854	0.01155	0.01155	0.01240	0.00940	0.00813	0.01368	0.01282	0.01795	0.02390	0.04178	0.02474	0.33407	0.40878	0.01112	0.01628	0.01024	0.00470	0.00641
31	0.01032	0.00747	0.00943	0.01090	0.01160	0.00693	0.00723	0.01167	0.01580	0.02074	0.04788	0.55315	0.12114	0.10694	0.01430	0.00387	0.00514	0.02153	0.00739	0.00657
32	0.02082	0.02336	0.01867	0.01975	0.09518	0.28487	0.01329	0.02509	0.07250	0.02347	0.05989	0.06605	0.21680	0.01352	0.00859	0.00251	0.00954	0.01078	0.00598	0.00935
33	0.01684	0.01594	0.02700	0.53716	0.19912	0.01876	0.02365	0.02224	0.01716	0.02263	0.01497	0.02177	0.01157	0.00809	0.00829	0.00270	0.01079	0.00739	0.00379	0.01016
34	0.02433	0.02836	0.02032	0.01868	0.02176	0.41570	0.01427	0.02675	0.01974	0.02071	0.01578	0.02045	0.01376	0.02192	0.16737	0.00492	0.07883	0.00652	0.05086	0.00894
35	0.01807	0.01081	0.01374	0.01411	0.05749	0.00963	0.01038	0.02096	0.02018	0.18316	0.05923	0.06568	0.33882	0.01781	0.00966	0.00292	0.00594	0.12398	0.00811	0.00932
36	0.02188	0.05488	0.06030	0.02888	0.17447	0.17496	0.04225	0.02513	0.01738	0.02230	0.01292	0.01791	0.01142	0.01053	0.01561	0.00285	0.28516	0.00677	0.00391	0.01048
37	0.02128	0.05571	0.03258	0.07331	0.43978	0.09240	0.05025	0.02563	0.01866	0.02504	0.01469	0.01953	0.01243	0.00821	0.00987	0.00254	0.07493	0.00713	0.00404	0.01199
38	0.01004	0.00849	0.00873	0.00885	0.01160	0.00717	0.00676	0.01226	0.01895	0.02259	0.08163	0.08082	0.61479	0.02116	0.00992	0.00287	0.00442	0.05420	0.00771	0.00705
39	0.02346	0.06542	0.02548	0.05494	0.14606	0.12402	0.01718	0.11483	0.23492	0.03092	0.02141	0.02265	0.01669	0.00975	0.00928	0.00259	0.05458	0.00758	0.00611	0.01214
40	0.01025	0.00793	0.00922	0.00993	0.01157	0.00704	0.00697	0.01217	0.01784	0.02275	0.12403	0.32787	0.32205	0.05667	0.01174	0.00327	0.00462	0.01946	0.00773	0.00689
41	0.05464	0.01694	0.08201	0.01760	0.02298	0.01413	0.12980	0.05783	0.01769	0.02582	0.02375	0.06147	0.05756	0.10415	0.12368	0.00487	0.01118	0.00932	0.00511	0.15946
42	0.02124	0.10605	0.03439	0.02481	0.02891	0.13341	0.20055	0.02477	0.01710	0.02199	0.01308	0.01834	0.01135	0.01038	0.01608	0.00291	0.29334	0.00738	0.00390	0.01000
43	0.01045	0.00849	0.00929	0.00924	0.01180	0.00733	0.00703	0.01306	0.02000	0.02507	0.21261	0.07654	0.48976	0.02020	0.00990	0.00281	0.00432	0.04683	0.00804	0.00724
44	0.01164	0.00802	0.00992	0.01085	0.01130	0.00786	0.00720	0.01270	0.01443	0.01913	0.03537	0.27347	0.04105	0.37815	0.02712	0.00586	0.00693	0.10668	0.00632	0.00600
45	0.01799	0.09886	0.08570	0.05203	0.02543	0.09261	0.10212	0.04539	0.01833	0.02319	0.02817	0.03171	0.12944	0.01999	0.12155	0.00443	0.07964	0.00914	0.00483	0.00948
46	0.01026	0.00746	0.00971	0.01145	0.01223	0.00692	0.00787	0.01189	0.01636	0.02151	0.04940	0.61128	0.11231	0.02539	0.01057	0.00334	0.00491	0.05260	0.00771	0.00682
47	0.01059	0.00742	0.00950	0.01097	0.01134	0.00706	0.00708	0.01169	0.01500	0.02000	0.04114	0.54906	0.04908	0.18759	0.01811	0.00448	0.00559	0.02088	0.00708	0.00634
48	0.02423	0.01942	0.02059	0.01732	0.02266	0.02192	0.01381	0.26183	0.38520	0.04076	0.03105	0.02922	0.05151	0.01126	0.00847	0.00270	0.00742	0.00907	0.00836	0.01322
49	0.01952	0.05877	0.17817	0.07000	0.39576	0.02030	0.02490	0.02714	0.07491	0.02699	0.01687	0.02053	0.01344	0.00790	0.00803	0.00252	0.01013	0.00714	0.00432	0.01265
