[name]
unknown

[dist]
# distance from previous block
# <min> <max>
0	6

[block]
# block no. 0 follows, 21 sequences, length 33
# corresponding to MSA columns:
# 6-38
name=unknown_A
#
# <colnr> <probs for GDERKNQSTAVLIFYWHMCP>
#	G	D	E	R	K	N	Q	S	T	A	V	L	I	F	Y	W	H	M	C	P
0	0.01473	0.00909	0.01204	0.01245	0.01448	0.00840	0.00945	0.01751	0.01991	0.10213	0.18636	0.31367	0.09843	0.02161	0.01050	0.00322	0.00549	0.12370	0.00855	0.00828
1	0.02377	0.01274	0.01783	0.01824	0.08847	0.01240	0.01260	0.02840	0.06351	0.26922	0.03164	0.14921	0.02698	0.02388	0.14142	0.00498	0.01009	0.01142	0.04193	0.01125
2	0.01338	0.01011	0.01340	0.05318	0.01693	0.01028	0.00970	0.01612	0.01505	0.02174	0.02688	0.06926	0.05762	0.15335	0.29560	0.00812	0.01365	0.01008	0.05838	0.12719
3	0.01304	0.00845	0.01007	0.01042	0.01152	0.00791	0.00679	0.01413	0.01569	0.06222	0.04413	0.27262	0.14341	0.31276	0.02443	0.00535	0.00640	0.01703	0.00691	0.00672
4	0.01408	0.01043	0.00974	0.00959	0.01115	0.05219	0.00646	0.01587	0.01643	0.02264	0.04085	0.05278	0.17874	0.29373	0.02228	0.00477	0.00656	0.01205	0.21293	0.00675
5	0.01147	0.00827	0.01000	0.01032	0.01137	0.00791	0.00690	0.01310	0.01662	0.02215	0.15180	0.20234	0.14667	0.26921	0.06932	0.00568	0.00714	0.01624	0.00694	0.00658
6	0.01610	0.01499	0.01308	0.01277	0.01460	0.12765	0.00880	0.01963	0.07804	0.02193	0.07407	0.15283	0.11245	0.27058	0.02194	0.00483	0.00808	0.01366	0.00642	0.00755
7	0.01318	0.00858	0.01042	0.01079	0.01168	0.00900	0.00749	0.01522	0.01534	0.02318	0.03165	0.22964	0.03345	0.19428	0.08338	0.00524	0.04547	0.01386	0.23117	0.00698
8	0.01712	0.01348	0.01448	0.01306	0.01699	0.01364	0.01045	0.16630	0.08512	0.03212	0.05977	0.06348	0.35408	0.01800	0.00975	0.00292	0.00623	0.08519	0.00812	0.00969
9	0.01205	0.00811	0.00938	0.00969	0.00977	0.00804	0.00560	0.01229	0.01301	0.01734	0.03005	0.15862	0.03502	0.59243	0.03809	0.00748	0.00772	0.01428	0.00560	0.00544
10	0.01501	0.01095	0.01286	0.01243	0.01515	0.01093	0.00926	0.02268	0.16286	0.06771	0.21656	0.21355	0.15931	0.01865	0.00983	0.00295	0.00513	0.01626	0.00865	0.00927
11	0.01173	0.00986	0.01216	0.01452	0.07962	0.00887	0.00965	0.01434	0.01905	0.02367	0.06885	0.14950	0.43164	0.02093	0.01020	0.00304	0.00545	0.09151	0.00750	0.00790
12	0.01846	0.01146	0.01394	0.01262	0.01490	0.01230	0.00954	0.14820	0.01965	0.02854	0.02076	0.02751	0.01766	0.02646	0.13465	0.26395	0.00972	0.00790	0.19391	0.00785
13	0.01323	0.00909	0.01102	0.01030	0.01294	0.00806	0.00781	0.01655	0.02248	0.07471	0.40681	0.06743	0.27125	0.01834	0.00994	0.00274	0.00435	0.01579	0.00894	0.00820
14	0.02342	0.02705	0.02564	0.09113	0.07098	0.32447	0.08871	0.02696	0.02012	0.02191	0.01631	0.02167	0.01384	0.02146	0.16372	0.00507	0.01622	0.00724	0.00434	0.00973
15	0.02487	0.01745	0.01845	0.01519	0.02001	0.01917	0.01221	0.32089	0.12630	0.04319	0.02522	0.02614	0.01884	0.01032	0.00765	0.00241	0.00708	0.00807	0.26449	0.01205
16	0.01371	0.00980	0.01371	0.01567	0.01763	0.00980	0.01371	0.01763	0.01959	0.02547	0.04506	0.09599	0.04898	0.02351	0.01175	0.00392	0.00784	0.59056	0.00784	0.00784
17	0.02508	0.34248	0.03238	0.01686	0.02315	0.25725	0.01443	0.02781	0.01981	0.02170	0.01290	0.01498	0.01124	0.00764	0.00641	0.00185	0.01084	0.00497	0.00416	0.14406
18	0.01765	0.01513	0.01765	0.01260	0.02017	0.01134	0.01008	0.02143	0.01765	0.02773	0.01513	0.01765	0.01260	0.00630	0.00630	0.00126	0.00630	0.00504	0.00504	0.75295
19	0.10739	0.01282	0.01482	0.01503	0.05793	0.01338	0.01031	0.02507	0.15540	0.07459	0.17548	0.07377	0.07253	0.13744	0.01496	0.00375	0.00640	0.01179	0.00754	0.00960
20	0.01983	0.01896	0.03231	0.20758	0.50214	0.01990	0.02550	0.02504	0.01879	0.02630	0.01579	0.02146	0.01295	0.00781	0.00845	0.00260	0.01042	0.00758	0.00411	0.01248
21	0.02084	0.02085	0.03499	0.11946	0.48190	0.04784	0.09717	0.02610	0.01940	0.02676	0.01593	0.02123	0.01306	0.00769	0.00860	0.00259	0.01099	0.00779	0.00418	0.01263
22	0.76103	0.01646	0.01251	0.01119	0.01646	0.01909	0.00922	0.02502	0.01448	0.03818	0.01185	0.01382	0.00922	0.00790	0.00527	0.00263	0.00658	0.00461	0.00527	0.00922
23	0.03179	0.04056	0.02412	0.02192	0.02631	0.66676	0.01644	0.03398	0.02412	0.02083	0.01315	0.01535	0.01096	0.00877	0.00767	0.00219	0.01535	0.00548	0.00438	0.00987
24	0.01707	0.04402	0.65683	0.02426	0.03683	0.01976	0.03144	0.02695	0.01797	0.02695	0.01527	0.01797	0.01078	0.00809	0.00809	0.00270	0.01258	0.00629	0.00359	0.01258
25	0.03179	0.04056	0.02412	0.02192	0.02631	0.66676	0.01644	0.03398	0.02412	0.02083	0.01315	0.01535	0.01096	0.00877	0.00767	0.00219	0.01535	0.00548	0.00438	0.00987
26	0.01238	0.00825	0.00928	0.00928	0.00928	0.00825	0.00516	0.01238	0.01238	0.01650	0.02681	0.05569	0.03094	0.70092	0.04331	0.00825	0.00825	0.01238	0.00516	0.00516
27	0.02128	0.01728	0.01960	0.01433	0.02171	0.01506	0.01159	0.16931	0.02318	0.03414	0.01644	0.01834	0.01307	0.00727	0.00685	0.00158	0.00706	0.00569	0.00590	0.57034
28	0.02437	0.02563	0.18474	0.02275	0.03082	0.01968	0.15233	0.19300	0.02616	0.12238	0.09017	0.02641	0.02152	0.00986	0.00893	0.00268	0.01037	0.00884	0.00674	0.01262
29	0.02107	0.01903	0.02615	0.33140	0.19366	0.09098	0.02128	0.02676	0.04780	0.07994	0.04640	0.02430	0.01652	0.00903	0.00848	0.00266	0.01058	0.00787	0.00503	0.01106
30	0.03294	0.03587	0.02333	0.02070	0.02548	0.54904	0.01573	0.03533	0.02416	0.13471	0.01683	0.01780	0.01278	0.00909	0.00783	0.00227	0.01389	0.00603	0.00549	0.01070
31	0.02344	0.01868	0.02447	0.01930	0.02475	0.01950	0.11005	0.33085	0.03008	0.04013	0.06963	0.12802	0.09503	0.01382	0.00937	0.00278	0.00863	0.01207	0.00773	0.01168
32	0.02394	0.01818	0.01984	0.01657	0.02206	0.01949	0.01329	0.21264	0.27234	0.07693	0.03334	0.03412	0.07614	0.01199	0.00864	0.00266	0.00736	0.03608	0.00827	0.08613

[dist]
# distance from previous block
# <min> <max>
0	1

[block]
# block no. 1 follows, 21 sequences, length 79
# corresponding to MSA columns:
# 40-118
name=unknown_B
#
# <colnr> <probs for GDERKNQSTAVLIFYWHMCP>
#	G	D	E	R	K	N	Q	S	T	A	V	L	I	F	Y	W	H	M	C	P
0	0.01849	0.13817	0.49904	0.06483	0.03558	0.05075	0.02782	0.02672	0.01808	0.02534	0.01467	0.01753	0.01084	0.00803	0.00771	0.00255	0.01212	0.00608	0.00365	0.01201
1	0.01822	0.06312	0.22930	0.01792	0.02467	0.01756	0.01831	0.02883	0.17450	0.06706	0.02746	0.02958	0.05833	0.02270	0.15910	0.00521	0.01235	0.00858	0.00583	0.01135
2	0.01809	0.06820	0.20501	0.01685	0.02369	0.01759	0.01698	0.03000	0.22600	0.05965	0.04053	0.03914	0.17752	0.01275	0.00863	0.00274	0.00801	0.01038	0.00675	0.01149
3	0.02735	0.03172	0.02187	0.01981	0.02377	0.45350	0.01509	0.08736	0.02329	0.02381	0.01608	0.01999	0.01367	0.02151	0.15871	0.00486	0.01646	0.00653	0.00483	0.00980
4	0.01224	0.00844	0.01016	0.00988	0.01072	0.00816	0.00636	0.01392	0.01728	0.02389	0.28513	0.05899	0.05162	0.41454	0.02937	0.00592	0.00648	0.01364	0.00692	0.00636
5	0.02275	0.70604	0.04459	0.01456	0.02184	0.03367	0.01456	0.02548	0.01729	0.02002	0.01183	0.01365	0.01092	0.00728	0.00546	0.00182	0.00910	0.00455	0.00364	0.01092
6	0.03113	0.02293	0.02467	0.01915	0.02561	0.02531	0.01572	0.58585	0.03870	0.05187	0.02190	0.05776	0.01679	0.01113	0.00864	0.00260	0.00912	0.00858	0.00848	0.01405
7	0.03333	0.02012	0.10327	0.01704	0.02449	0.01603	0.01554	0.14848	0.02618	0.42765	0.02780	0.02536	0.01806	0.00995	0.00838	0.00256	0.00829	0.00792	0.00898	0.05058
8	0.01221	0.00892	0.01266	0.01266	0.01382	0.01008	0.00936	0.01454	0.01337	0.01900	0.02373	0.03860	0.02352	0.21174	0.52235	0.01242	0.01942	0.00987	0.00470	0.00703
9	0.01765	0.01513	0.01765	0.01260	0.02017	0.01134	0.01008	0.02143	0.01765	0.02773	0.01513	0.01765	0.01260	0.00630	0.00630	0.00126	0.00630	0.00504	0.00504	0.75295
10	0.20047	0.02000	0.02123	0.01664	0.02304	0.02153	0.01374	0.35051	0.03057	0.18807	0.02149	0.02088	0.01479	0.00976	0.00778	0.00259	0.00824	0.00717	0.00823	0.01327
11	0.01238	0.00825	0.00928	0.00928	0.00928	0.00825	0.00516	0.01238	0.01238	0.01650	0.02681	0.05569	0.03094	0.70092	0.04331	0.00825	0.00825	0.01238	0.00516	0.00516
12	0.03179	0.04056	0.02412	0.02192	0.02631	0.66676	0.01644	0.03398	0.02412	0.02083	0.01315	0.01535	0.01096	0.00877	0.00767	0.00219	0.01535	0.00548	0.00438	0.00987
13	0.01073	0.00865	0.00955	0.00932	0.01191	0.00747	0.00699	0.01351	0.02098	0.02674	0.27386	0.07573	0.45440	0.02015	0.01005	0.00281	0.00421	0.01709	0.00840	0.00747
14	0.01862	0.01862	0.02607	0.02234	0.02234	0.02607	0.01862	0.02048	0.01303	0.02048	0.01117	0.01862	0.01117	0.01489	0.02793	0.00372	0.68535	0.00745	0.00372	0.00931
15	0.01216	0.00912	0.01368	0.01368	0.01520	0.01064	0.01064	0.01520	0.01368	0.01976	0.02279	0.03343	0.02127	0.06382	0.66720	0.01368	0.02279	0.00912	0.00456	0.00760
16	0.03179	0.04056	0.02412	0.02192	0.02631	0.66676	0.01644	0.03398	0.02412	0.02083	0.01315	0.01535	0.01096	0.00877	0.00767	0.00219	0.01535	0.00548	0.00438	0.00987
17	0.01172	0.00818	0.00987	0.01017	0.01090	0.00784	0.00652	0.01310	0.01636	0.02213	0.17770	0.20532	0.08075	0.35185	0.02640	0.00557	0.00630	0.01608	0.00691	0.00633
18	0.01707	0.04402	0.65683	0.02426	0.03683	0.01976	0.03144	0.02695	0.01797	0.02695	0.01527	0.01797	0.01078	0.00809	0.00809	0.00270	0.01258	0.00629	0.00359	0.01258
19	0.01765	0.01513	0.01765	0.01260	0.02017	0.01134	0.01008	0.02143	0.01765	0.02773	0.01513	0.01765	0.01260	0.00630	0.00630	0.00126	0.00630	0.00504	0.00504	0.75295
20	0.02106	0.02022	0.03454	0.05223	0.64784	0.02022	0.02612	0.02612	0.01938	0.02780	0.01601	0.02106	0.01348	0.00758	0.00842	0.00253	0.01011	0.00758	0.00421	0.01348
21	0.02275	0.70604	0.04459	0.01456	0.02184	0.03367	0.01456	0.02548	0.01729	0.02002	0.01183	0.01365	0.01092	0.00728	0.00546	0.00182	0.00910	0.00455	0.00364	0.01092
22	0.01478	0.00739	0.01109	0.01109	0.01109	0.00739	0.00739	0.01109	0.01109	0.01478	0.01478	0.02587	0.01478	0.02956	0.03326	0.75240	0.00739	0.00739	0.00370	0.00370
23	0.01998	0.01796	0.03031	0.29407	0.38811	0.01933	0.02448	0.02519	0.01871	0.05662	0.01654	0.02209	0.01303	0.00809	0.00846	0.00265	0.01045	0.00762	0.00436	0.01197
24	0.02479	0.07172	0.02585	0.02094	0.02380	0.26125	0.01688	0.08665	0.02017	0.02392	0.01351	0.01806	0.01195	0.01426	0.05095	0.00344	0.29065	0.00665	0.00449	0.01006
25	0.01006	0.00862	0.00862	0.00862	0.01149	0.00718	0.00647	0.01221	0.01940	0.02299	0.08621	0.08190	0.64438	0.02155	0.01006	0.00287	0.00431	0.01796	0.00790	0.00718
26	0.01707	0.04402	0.65683	0.02426	0.03683	0.01976	0.03144	0.02695	0.01797	0.02695	0.01527	0.01797	0.01078	0.00809	0.00809	0.00270	0.01258	0.00629	0.00359	0.01258
27	0.01176	0.00846	0.01061	0.01185	0.01278	0.00813	0.00802	0.04553	0.01741	0.02307	0.04579	0.56273	0.08519	0.08897	0.01374	0.00382	0.00546	0.02181	0.00768	0.00718
28	0.01306	0.01054	0.01188	0.01139	0.01428	0.01027	0.00875	0.02010	0.13675	0.02940	0.26877	0.06684	0.29658	0.01832	0.00988	0.00287	0.00487	0.04821	0.00855	0.00870
29	0.01924	0.07451	0.54626	0.02350	0.03477	0.10422	0.02871	0.02779	0.01873	0.02583	0.01484	0.01743	0.01081	0.00814	0.00791	0.00259	0.01277	0.00610	0.00370	0.01215
30	0.02310	0.02409	0.03256	0.04647	0.52968	0.14313	0.02428	0.02761	0.02028	0.02648	0.01547	0.01998	0.01300	0.00781	0.00828	0.00246	0.01111	0.00718	0.00425	0.01279
31	0.02096	0.04014	0.43141	0.02735	0.11357	0.16791	0.02732	0.02845	0.01956	0.02566	0.01488	0.01777	0.01117	0.00818	0.00803	0.00256	0.01289	0.00627	0.00385	0.01207
32	0.02804	0.03345	0.02776	0.03251	0.24345	0.44088	0.01982	0.03123	0.02246	0.02326	0.01415	0.01734	0.01184	0.00835	0.00794	0.00231	0.01352	0.00622	0.00432	0.01113
33	0.02671	0.03093	0.02824	0.03179	0.22455	0.36295	0.04915	0.03229	0.08453	0.02488	0.01646	0.01922	0.01339	0.00860	0.00813	0.00240	0.01275	0.00680	0.00476	0.01146
34	0.02289	0.35209	0.04018	0.02165	0.02776	0.12403	0.15329	0.02644	0.01834	0.02186	0.01317	0.01675	0.01142	0.00857	0.01006	0.00239	0.10819	0.00636	0.00392	0.01066
35	0.01222	0.00827	0.00924	0.00924	0.00943	0.00818	0.00524	0.01236	0.01284	0.01693	0.03070	0.05741	0.07110	0.65645	0.04114	0.00790	0.00799	0.01274	0.00534	0.00529
36	0.01113	0.00795	0.01075	0.01272	0.01355	0.00757	0.00923	0.01317	0.01705	0.02258	0.04648	0.55818	0.05461	0.02594	0.01107	0.00356	0.00560	0.15382	0.00789	0.00712
37	0.02163	0.02413	0.01775	0.01756	0.02036	0.32824	0.01339	0.02415	0.02126	0.02280	0.06173	0.19424	0.03386	0.01675	0.00947	0.00291	0.01061	0.14426	0.00626	0.00862
38	0.08806	0.40789	0.21930	0.01756	0.02602	0.06890	0.01913	0.02641	0.01767	0.02373	0.01292	0.01504	0.01073	0.00767	0.00635	0.00217	0.01029	0.00512	0.00382	0.01118
39	0.01161	0.00895	0.00924	0.00898	0.01206	0.00748	0.00680	0.01383	0.01967	0.05787	0.08330	0.07897	0.60991	0.02094	0.00997	0.00286	0.00447	0.01744	0.00805	0.00759
40	0.02420	0.02616	0.03150	0.04338	0.46621	0.20915	0.02329	0.02842	0.02076	0.02576	0.01517	0.01939	0.01274	0.00793	0.00821	0.00243	0.01164	0.00697	0.00426	0.01242
41	0.02763	0.03421	0.05210	0.07148	0.17708	0.44499	0.01981	0.03104	0.02228	0.02280	0.01405	0.01729	0.01158	0.00844	0.00792	0.00233	0.01373	0.00615	0.00427	0.01081
42	0.01707	0.04402	0.65683	0.02426	0.03683	0.01976	0.03144	0.02695	0.01797	0.02695	0.01527	0.01797	0.01078	0.00809	0.00809	0.00270	0.01258	0.00629	0.00359	0.01258
43	0.01006	0.00862	0.00862	0.00862	0.01149	0.00718	0.00647	0.01221	0.01940	0.02299	0.08621	0.08190	0.64438	0.02155	0.01006	0.00287	0.00431	0.01796	0.00790	0.00718
44	0.06654	0.01828	0.02674	0.12752	0.37486	0.05340	0.02067	0.02359	0.01931	0.02709	0.06475	0.03042	0.09104	0.01008	0.00849	0.00261	0.00927	0.00900	0.00500	0.01135
45	0.01535	0.01302	0.01952	0.23897	0.11132	0.01416	0.01644	0.05654	0.01906	0.02505	0.03410	0.22685	0.08632	0.01635	0.00963	0.00306	0.00824	0.07070	0.00609	0.00920
46	0.01371	0.00980	0.01371	0.01567	0.01763	0.00980	0.01371	0.01763	0.01959	0.02547	0.04506	0.09599	0.04898	0.02351	0.01175	0.00392	0.00784	0.59056	0.00784	0.00784
47	0.02044	0.07776	0.39385	0.02679	0.07582	0.02029	0.14193	0.02835	0.01908	0.09063	0.01735	0.01999	0.01243	0.00807	0.00837	0.00266	0.01199	0.00722	0.00448	0.01251
48	0.01915	0.04111	0.59406	0.02336	0.03534	0.01905	0.02958	0.02838	0.01860	0.08870	0.01708	0.01905	0.01179	0.00833	0.00813	0.00269	0.01205	0.00651	0.00428	0.01276
49	0.02458	0.57635	0.04097	0.01552	0.02271	0.03229	0.01487	0.13840	0.02161	0.02641	0.01347	0.01494	0.01160	0.00784	0.00604	0.00196	0.00915	0.00514	0.00457	0.01160
50	0.02106	0.02022	0.03454	0.05223	0.64784	0.02022	0.02612	0.02612	0.01938	0.02780	0.01601	0.02106	0.01348	0.00758	0.00842	0.00253	0.01011	0.00758	0.00421	0.01348
51	0.02169	0.02291	0.02601	0.03433	0.32375	0.19190	0.01960	0.02542	0.02048	0.02494	0.02516	0.07634	0.06022	0.01191	0.00888	0.00268	0.01055	0.07705	0.00516	0.01101
52	0.02106	0.02022	0.03454	0.05223	0.64784	0.02022	0.02612	0.02612	0.01938	0.02780	0.01601	0.02106	0.01348	0.00758	0.00842	0.00253	0.01011	0.00758	0.00421	0.01348
53	0.01006	0.00862	0.00862	0.00862	0.01149	0.00718	0.00647	0.01221	0.01940	0.02299	0.08621	0.08190	0.64438	0.02155	0.01006	0.00287	0.00431	0.01796	0.00790	0.00718
54	0.02904	0.03530	0.02271	0.02064	0.02474	0.54279	0.01561	0.05986	0.02341	0.02227	0.01487	0.01815	0.01259	0.01662	0.10095	0.00383	0.01611	0.00610	0.00461	0.00977
55	0.01259	0.00967	0.01419	0.01395	0.01527	0.01147	0.01080	0.01535	0.01355	0.01959	0.02231	0.03391	0.02125	0.10155	0.58623	0.01269	0.06431	0.00922	0.00454	0.00755
56	0.01146	0.00868	0.01057	0.01010	0.01236	0.00778	0.00757	0.01493	0.02271	0.03086	0.48014	0.06894	0.24554	0.01861	0.01004	0.00273	0.00410	0.01614	0.00894	0.00778
57	0.01037	0.00741	0.00987	0.01185	0.01234	0.00691	0.00790	0.01185	0.01629	0.02172	0.04690	0.69537	0.05629	0.02666	0.01086	0.00346	0.00494	0.02419	0.00790	0.00691
58	0.03179	0.04056	0.02412	0.02192	0.02631	0.66676	0.01644	0.03398	0.02412	0.02083	0.01315	0.01535	0.01096	0.00877	0.00767	0.00219	0.01535	0.00548	0.00438	0.00987
59	0.01135	0.00867	0.01041	0.00998	0.01229	0.00773	0.00748	0.01472	0.02245	0.03024	0.44899	0.06996	0.27708	0.01885	0.01004	0.00275	0.00412	0.01629	0.00886	0.00773
60	0.02009	0.02296	0.05022	0.03587	0.04448	0.02152	0.61693	0.02726	0.02009	0.02726	0.01722	0.02296	0.01291	0.00717	0.01004	0.00287	0.01435	0.01004	0.00430	0.01148
61	0.02106	0.02022	0.03454	0.05223	0.64784	0.02022	0.02612	0.02612	0.01938	0.02780	0.01601	0.02106	0.01348	0.00758	0.00842	0.00253	0.01011	0.00758	0.00421	0.01348
62	0.02000	0.02271	0.04884	0.03510	0.04321	0.02178	0.58274	0.02687	0.01968	0.02687	0.01687	0.02271	0.01281	0.00761	0.01107	0.00292	0.05269	0.00989	0.00427	0.01135
63	0.02009	0.02296	0.05022	0.03587	0.04448	0.02152	0.61693	0.02726	0.02009	0.02726	0.01722	0.02296	0.01291	0.00717	0.01004	0.00287	0.01435	0.01004	0.00430	0.01148
64	0.01119	0.00784	0.00955	0.01057	0.01101	0.00749	0.00666	0.01209	0.01485	0.01962	0.04101	0.38801	0.08338	0.30884	0.02441	0.00543	0.00629	0.01884	0.00675	0.00619
65	0.01776	0.03920	0.51799	0.02691	0.03858	0.02017	0.16545	0.02702	0.01845	0.02702	0.01572	0.01911	0.01127	0.00788	0.00853	0.00273	0.01298	0.00715	0.00376	0.01233
66	0.01722	0.04298	0.62697	0.02483	0.03721	0.01985	0.06026	0.02697	0.01807	0.02697	0.01537	0.01821	0.01089	0.00804	0.00818	0.00270	0.01266	0.00647	0.00363	0.01252
67	0.01037	0.00741	0.00987	0.01185	0.01234	0.00691	0.00790	0.01185	0.01629	0.02172	0.04690	0.69537	0.05629	0.02666	0.01086	0.00346	0.00494	0.02419	0.00790	0.00691
68	0.01326	0.01215	0.02108	0.01784	0.02106	0.01125	0.18109	0.01636	0.01762	0.02307	0.04421	0.32618	0.15549	0.08186	0.01344	0.00362	0.00780	0.01787	0.00662	0.00811
69	0.01238	0.00825	0.00928	0.00928	0.00928	0.00825	0.00516	0.01238	0.01238	0.01650	0.02681	0.05569	0.03094	0.70092	0.04331	0.00825	0.00825	0.01238	0.00516	0.00516
70	0.01109	0.00832	0.01195	0.01286	0.01374	0.00782	0.03994	0.01272	0.01609	0.02148	0.04328	0.59437	0.05140	0.09448	0.01413	0.00391	0.00577	0.02224	0.00743	0.00698
71	0.01013	0.00834	0.00891	0.00937	0.01169	0.00712	0.00680	0.01213	0.01868	0.02270	0.07708	0.22433	0.50785	0.02274	0.01024	0.00301	0.00446	0.01941	0.00790	0.00712
72	0.02782	0.18899	0.02865	0.02132	0.06426	0.41395	0.01605	0.05662	0.02270	0.02269	0.01754	0.01936	0.04747	0.00915	0.00739	0.00218	0.01268	0.00621	0.00459	0.01039
73	0.01671	0.01591	0.02423	0.29913	0.03673	0.02104	0.01970	0.02033	0.01480	0.02092	0.01435	0.02226	0.01255	0.01854	0.10254	0.00464	0.31491	0.00771	0.00386	0.00915
74	0.01355	0.01155	0.01591	0.02037	0.15864	0.01083	0.01275	0.01690	0.01974	0.02538	0.09628	0.07007	0.32561	0.01854	0.01008	0.00302	0.00644	0.14836	0.00714	0.00883
75	0.02032	0.01939	0.03263	0.04780	0.56634	0.01997	0.02462	0.02504	0.01860	0.02681	0.01614	0.02172	0.01384	0.01173	0.05280	0.00333	0.05420	0.00767	0.00420	0.01283
76	0.01754	0.01509	0.02051	0.01815	0.01970	0.01927	0.01477	0.09573	0.01681	0.02445	0.01752	0.02542	0.01607	0.03596	0.30859	0.00798	0.30430	0.00822	0.00471	0.00922
77	0.02115	0.02376	0.01698	0.01633	0.01938	0.31198	0.01210	0.02458	0.05996	0.02237	0.03664	0.16410	0.13904	0.04996	0.01077	0.00299	0.01005	0.04297	0.00619	0.00870
78	0.01920	0.01832	0.02944	0.07205	0.40112	0.02013	0.02244	0.02333	0.01782	0.02542	0.02044	0.02862	0.04860	0.01106	0.01319	0.00292	0.16427	0.04549	0.00451	0.01163

[dist]
# distance from previous block
# <min> <max>
3	26

[block]
# block no. 2 follows, 21 sequences, length 15
# corresponding to MSA columns:
# 145-159
name=unknown_C
#
# <colnr> <probs for GDERKNQSTAVLIFYWHMCP>
#	G	D	E	R	K	N	Q	S	T	A	V	L	I	F	Y	W	H	M	C	P
0	0.01490	0.01496	0.04370	0.01287	0.01589	0.09188	0.01014	0.05209	0.02130	0.02656	0.16786	0.20973	0.24786	0.01905	0.00976	0.00286	0.00649	0.01621	0.00757	0.00831
1	0.01679	0.35027	0.02715	0.01274	0.01703	0.02030	0.01111	0.01949	0.01869	0.02371	0.16430	0.18490	0.07402	0.01480	0.00798	0.00245	0.00674	0.01224	0.00614	0.00914
2	0.02502	0.02994	0.26448	0.01975	0.02780	0.10761	0.02030	0.05992	0.09815	0.17850	0.06512	0.02519	0.02009	0.00993	0.00837	0.00263	0.01023	0.00782	0.00661	0.01254
3	0.01371	0.00980	0.01371	0.01567	0.01763	0.00980	0.01371	0.01763	0.01959	0.02547	0.04506	0.09599	0.04898	0.02351	0.01175	0.00392	0.00784	0.59056	0.00784	0.00784
4	0.01765	0.01513	0.01765	0.01260	0.02017	0.01134	0.01008	0.02143	0.01765	0.02773	0.01513	0.01765	0.01260	0.00630	0.00630	0.00126	0.00630	0.00504	0.00504	0.75295
5	0.01943	0.10647	0.03356	0.18129	0.03735	0.10579	0.22053	0.02410	0.01892	0.02328	0.02035	0.13057	0.01912	0.01090	0.00892	0.00274	0.01157	0.01047	0.00469	0.00996
6	0.01221	0.00889	0.01254	0.01254	0.01367	0.01002	0.00922	0.01447	0.01334	0.01892	0.02383	0.03918	0.02377	0.22832	0.50611	0.01228	0.01904	0.00996	0.00471	0.00697
7	0.01037	0.00741	0.00987	0.01185	0.01234	0.00691	0.00790	0.01185	0.01629	0.02172	0.04690	0.69537	0.05629	0.02666	0.01086	0.00346	0.00494	0.02419	0.00790	0.00691
8	0.01736	0.01644	0.02785	0.51826	0.21075	0.01925	0.02428	0.02287	0.01763	0.02331	0.01535	0.02227	0.01190	0.00827	0.00849	0.00276	0.01103	0.00757	0.00389	0.01049
9	0.02466	0.02170	0.02510	0.02722	0.18504	0.06656	0.01762	0.18301	0.28435	0.03708	0.02480	0.02504	0.01884	0.01000	0.00849	0.00266	0.00885	0.00832	0.00718	0.01348
10	0.76103	0.01646	0.01251	0.01119	0.01646	0.01909	0.00922	0.02502	0.01448	0.03818	0.01185	0.01382	0.00922	0.00790	0.00527	0.00263	0.00658	0.00461	0.00527	0.00922
11	0.02493	0.02844	0.06166	0.02166	0.06351	0.26557	0.01650	0.03864	0.32573	0.02898	0.02414	0.02402	0.01857	0.01003	0.00824	0.00259	0.01057	0.00772	0.00645	0.01205
12	0.01224	0.00823	0.00944	0.00952	0.00966	0.00816	0.00549	0.01256	0.01329	0.01783	0.06374	0.09439	0.03531	0.62101	0.03945	0.00764	0.00781	0.01326	0.00556	0.00543
13	0.01896	0.07235	0.02029	0.01664	0.01868	0.16791	0.01293	0.02115	0.01847	0.02294	0.14023	0.12466	0.03271	0.08261	0.01715	0.00343	0.18351	0.01113	0.00569	0.00857
14	0.05968	0.16887	0.10625	0.01850	0.02544	0.08336	0.01699	0.27275	0.06932	0.03673	0.01804	0.01937	0.01384	0.01184	0.04014	0.00296	0.01060	0.00671	0.00618	0.01243

[dist]
# distance from previous block
# <min> <max>
1	5

[block]
# block no. 3 follows, 21 sequences, length 40
# corresponding to MSA columns:
# 165-204
name=unknown_D
#
# <colnr> <probs for GDERKNQSTAVLIFYWHMCP>
#	G	D	E	R	K	N	Q	S	T	A	V	L	I	F	Y	W	H	M	C	P
0	0.02382	0.02408	0.02844	0.03638	0.34606	0.15205	0.02073	0.06141	0.16332	0.02947	0.01996	0.02235	0.01591	0.00887	0.00833	0.00254	0.01036	0.00763	0.00549	0.01279
1	0.01232	0.00850	0.01056	0.01130	0.01298	0.00758	0.00786	0.01410	0.01726	0.05671	0.05150	0.46811	0.17024	0.05394	0.01178	0.00339	0.00516	0.02048	0.00776	0.04845
2	0.16859	0.16790	0.02578	0.01804	0.02329	0.38103	0.01448	0.03099	0.02094	0.05886	0.01377	0.01547	0.01118	0.00840	0.00682	0.00223	0.01199	0.00530	0.00474	0.01021
3	0.05382	0.10290	0.32445	0.01991	0.02916	0.13395	0.02175	0.02684	0.01877	0.02583	0.01437	0.01682	0.01113	0.00775	0.00726	0.00222	0.01117	0.00564	0.00411	0.16214
4	0.02688	0.03892	0.18025	0.02620	0.10487	0.42936	0.02130	0.03130	0.02203	0.02318	0.01402	0.01669	0.01123	0.00846	0.00787	0.00236	0.01403	0.00594	0.00417	0.01097
5	0.02272	0.02478	0.03349	0.03738	0.29380	0.17771	0.15814	0.02745	0.02072	0.02574	0.01851	0.02764	0.01630	0.00938	0.00895	0.00266	0.01214	0.06628	0.00464	0.01157
6	0.01508	0.00960	0.01131	0.01054	0.01371	0.00836	0.00819	0.01797	0.02136	0.12271	0.21727	0.06990	0.37298	0.01891	0.00992	0.00284	0.00488	0.04724	0.00867	0.00855
7	0.01165	0.01432	0.12428	0.01344	0.01674	0.00941	0.01201	0.01492	0.01754	0.02316	0.05107	0.38990	0.19538	0.02192	0.01022	0.00320	0.00629	0.04937	0.00713	0.00803
8	0.05890	0.02842	0.26552	0.16361	0.12867	0.02002	0.16230	0.02574	0.01827	0.02670	0.01561	0.02028	0.01168	0.00788	0.00851	0.00274	0.01205	0.00750	0.00397	0.01163
9	0.02049	0.05187	0.04207	0.01499	0.01966	0.01599	0.01250	0.05807	0.24058	0.12112	0.04408	0.08235	0.15292	0.01504	0.00916	0.00290	0.00680	0.06991	0.00819	0.01129
10	0.01235	0.00836	0.00982	0.00982	0.01000	0.00854	0.00583	0.01272	0.01253	0.01690	0.02632	0.05297	0.02976	0.62306	0.11956	0.00891	0.01003	0.01198	0.00508	0.00545
11	0.02933	0.03589	0.02651	0.02888	0.16900	0.51833	0.01866	0.03218	0.02303	0.02243	0.01381	0.01666	0.01154	0.00850	0.00785	0.00227	0.01414	0.00596	0.00435	0.01070
12	0.01911	0.22646	0.39572	0.02325	0.03376	0.02392	0.11311	0.02658	0.01809	0.02505	0.01459	0.01749	0.01113	0.00773	0.00764	0.00248	0.01186	0.00636	0.00371	0.01195
13	0.01015	0.00827	0.00898	0.00956	0.01174	0.00711	0.00688	0.01211	0.01850	0.02262	0.07482	0.25963	0.47400	0.02303	0.01029	0.00304	0.00449	0.01977	0.00790	0.00711
14	0.02466	0.32312	0.03345	0.01884	0.02341	0.23603	0.01616	0.02700	0.01845	0.02039	0.01210	0.01541	0.01100	0.00962	0.01167	0.00241	0.17662	0.00556	0.00390	0.01019
15	0.02855	0.27913	0.03146	0.01928	0.02471	0.43980	0.01577	0.03093	0.02167	0.02054	0.01268	0.01474	0.01095	0.00824	0.00688	0.00206	0.01311	0.00515	0.00412	0.01024
16	0.01468	0.01218	0.01508	0.01459	0.01661	0.05844	0.01136	0.05009	0.01589	0.02171	0.02197	0.03142	0.02016	0.05691	0.58345	0.01224	0.02152	0.00878	0.00477	0.00814
17	0.02093	0.01995	0.01809	0.01692	0.02094	0.14134	0.01338	0.06375	0.28502	0.03012	0.03818	0.04718	0.10274	0.01460	0.00926	0.00294	0.00845	0.12773	0.00757	0.01092
18	0.01127	0.00795	0.01026	0.01143	0.01216	0.00756	0.00778	0.01302	0.01693	0.02283	0.13419	0.42567	0.05430	0.16195	0.01739	0.00434	0.00568	0.06095	0.00756	0.00679
19	0.06714	0.31614	0.03311	0.02129	0.08642	0.30063	0.01623	0.02913	0.02025	0.02215	0.01281	0.01513	0.01110	0.00798	0.00669	0.00209	0.01172	0.00525	0.00410	0.01064
20	0.02259	0.02349	0.02822	0.03749	0.37708	0.16747	0.02076	0.02875	0.08119	0.02763	0.08295	0.02526	0.02114	0.00927	0.00844	0.00250	0.01034	0.00812	0.00523	0.01208
21	0.02370	0.01737	0.01976	0.01636	0.02066	0.01925	0.01294	0.35922	0.02849	0.03856	0.02207	0.02948	0.01890	0.13227	0.19476	0.00649	0.01288	0.00879	0.00691	0.01114
22	0.01837	0.01715	0.02750	0.29557	0.28459	0.01789	0.02187	0.02341	0.01808	0.02536	0.01548	0.02102	0.01245	0.00769	0.00803	0.00239	0.00983	0.00706	0.00421	0.16205
23	0.01096	0.00815	0.01042	0.01130	0.01245	0.00799	0.00790	0.01276	0.01584	0.02089	0.04690	0.34064	0.16459	0.11656	0.16535	0.00627	0.00931	0.01802	0.00680	0.00691
24	0.01561	0.01225	0.01336	0.01278	0.01628	0.01246	0.00994	0.02542	0.22853	0.05858	0.05980	0.09764	0.31161	0.01807	0.00972	0.00300	0.00566	0.07126	0.00828	0.00974
25	0.38318	0.06313	0.16190	0.01659	0.02342	0.13784	0.01604	0.02817	0.04980	0.03141	0.01406	0.01597	0.01086	0.00826	0.00653	0.00254	0.00967	0.00541	0.00482	0.01041
26	0.01907	0.02174	0.07217	0.19506	0.12130	0.02064	0.37064	0.02575	0.01914	0.02596	0.01646	0.02241	0.01249	0.00760	0.00937	0.00281	0.01301	0.00895	0.00413	0.01128
27	0.23591	0.30038	0.03587	0.02117	0.07025	0.02570	0.15213	0.02580	0.01727	0.02750	0.01337	0.01637	0.01107	0.00746	0.00667	0.00235	0.00965	0.00604	0.00430	0.01074
28	0.03209	0.03146	0.02489	0.02065	0.02635	0.31834	0.01630	0.35254	0.03276	0.03868	0.01711	0.01811	0.01287	0.00956	0.00813	0.00239	0.01209	0.00667	0.00663	0.01237
29	0.01238	0.00825	0.00928	0.00928	0.00928	0.00825	0.00516	0.01238	0.01238	0.01650	0.02681	0.05569	0.03094	0.70092	0.04331	0.00825	0.00825	0.01238	0.00516	0.00516
30	0.01216	0.00912	0.01368	0.01368	0.01520	0.01064	0.01064	0.01520	0.01368	0.01976	0.02279	0.03343	0.02127	0.06382	0.66720	0.01368	0.02279	0.00912	0.00456	0.00760
31	0.01637	0.01517	0.02117	0.01876	0.01911	0.02035	0.01514	0.01828	0.01310	0.01983	0.01575	0.02655	0.01591	0.10997	0.17657	0.00656	0.45049	0.00843	0.00409	0.00841
32	0.02670	0.03036	0.02367	0.02100	0.02458	0.36290	0.01634	0.06006	0.14224	0.02517	0.01727	0.01957	0.01413	0.01079	0.01256	0.00270	0.16719	0.00685	0.00527	0.01066
33	0.01037	0.00741	0.00987	0.01185	0.01234	0.00691	0.00790	0.01185	0.01629	0.02172	0.04690	0.69537	0.05629	0.02666	0.01086	0.00346	0.00494	0.02419	0.00790	0.00691
34	0.03818	0.01448	0.01975	0.01514	0.02172	0.01251	0.01251	0.04147	0.02436	0.65373	0.03357	0.02897	0.02107	0.01053	0.00856	0.00263	0.00724	0.00856	0.01053	0.01448
35	0.01861	0.04037	0.51459	0.02531	0.03631	0.07021	0.09574	0.02727	0.01849	0.02626	0.01516	0.01835	0.01105	0.00831	0.00906	0.00272	0.03965	0.00669	0.00374	0.01211
36	0.02009	0.02296	0.05022	0.03587	0.04448	0.02152	0.61693	0.02726	0.02009	0.02726	0.01722	0.02296	0.01291	0.00717	0.01004	0.00287	0.01435	0.01004	0.00430	0.01148
37	0.01478	0.00739	0.01109	0.01109	0.01109	0.00739	0.00739	0.01109	0.01109	0.01478	0.01478	0.02587	0.01478	0.02956	0.03326	0.75240	0.00739	0.00739	0.00370	0.00370
38	0.01056	0.00864	0.00932	0.00915	0.01180	0.00740	0.00686	0.01319	0.02059	0.02582	0.22785	0.07724	0.50098	0.02050	0.01005	0.00282	0.00424	0.01731	0.00828	0.00740
39	0.20483	0.01918	0.02009	0.11530	0.02712	0.05352	0.01411	0.17563	0.06696	0.06008	0.01765	0.01949	0.01325	0.00867	0.00726	0.00238	0.00844	0.00646	0.00621	0.15336

[dist]
# distance from previous block
# <min> <max>
0	2

# created by:
# /home/cegg/simao/soft/augustus-3.2.1/scripts/msa2prfl.pl ./align_prep/13865.fa
