[name]
unknown

[dist]
# distance from previous block
# <min> <max>
0	3

[block]
# block no. 0 follows, 23 sequences, length 15
# corresponding to MSA columns:
# 3-17
name=unknown_A
#
# <colnr> <probs for GDERKNQSTAVLIFYWHMCP>
#	G	D	E	R	K	N	Q	S	T	A	V	L	I	F	Y	W	H	M	C	P
0	0.01608	0.00941	0.01201	0.01101	0.01382	0.00848	0.00855	0.01928	0.02136	0.15150	0.35514	0.05974	0.16620	0.04691	0.01082	0.00291	0.00496	0.06465	0.00859	0.00856
1	0.01902	0.01873	0.03316	0.04137	0.44496	0.01902	0.13318	0.02387	0.01846	0.02633	0.06786	0.02353	0.01779	0.00850	0.00998	0.00258	0.06727	0.00825	0.00440	0.01175
2	0.02909	0.06643	0.02484	0.02287	0.07960	0.54156	0.01637	0.08165	0.02357	0.02299	0.01329	0.01543	0.01093	0.00832	0.00735	0.00213	0.01346	0.00553	0.00446	0.01011
3	0.01778	0.07053	0.52041	0.02155	0.03201	0.01998	0.02613	0.05743	0.10570	0.02774	0.01720	0.01886	0.01246	0.00823	0.00768	0.00255	0.01091	0.00642	0.00432	0.01212
4	0.01045	0.00799	0.00958	0.00974	0.01163	0.00713	0.00709	0.01310	0.01970	0.02608	0.31462	0.21182	0.28176	0.01999	0.00975	0.00279	0.00413	0.01743	0.00812	0.00713
5	0.01103	0.00838	0.00996	0.01038	0.01216	0.00771	0.00745	0.03969	0.01900	0.02482	0.17944	0.33933	0.25826	0.02134	0.00985	0.00292	0.00452	0.01872	0.00784	0.00721
6	0.02217	0.02354	0.02660	0.03340	0.34404	0.20010	0.01895	0.02597	0.01935	0.02466	0.01433	0.01785	0.01200	0.00727	0.00738	0.00205	0.01021	0.00614	0.00424	0.17975
7	0.01180	0.00787	0.00885	0.00885	0.00885	0.00787	0.00492	0.01180	0.01180	0.01573	0.02557	0.05310	0.02950	0.71483	0.04130	0.00787	0.00787	0.01180	0.00492	0.00492
8	0.02197	0.01373	0.01638	0.01447	0.01814	0.01400	0.01124	0.22842	0.02501	0.14903	0.05876	0.30028	0.03475	0.01685	0.00921	0.00285	0.00661	0.03965	0.00824	0.01041
9	0.02238	0.01549	0.01908	0.01512	0.01957	0.01602	0.01220	0.11998	0.01997	0.14807	0.01915	0.02317	0.01539	0.06999	0.01435	0.00277	0.16167	0.00706	0.04008	0.23848
10	0.01159	0.00798	0.00983	0.01000	0.01036	0.00827	0.00631	0.01236	0.01240	0.01685	0.02635	0.10454	0.02951	0.50979	0.18189	0.00863	0.01069	0.01207	0.00501	0.00558
11	0.02203	0.61588	0.08482	0.01511	0.02218	0.08521	0.01515	0.02507	0.01707	0.01961	0.01161	0.01344	0.01041	0.00711	0.00556	0.00182	0.00940	0.00453	0.00353	0.01044
12	0.00989	0.00706	0.00942	0.01130	0.01177	0.00659	0.00753	0.01130	0.01554	0.02071	0.04472	0.70954	0.05367	0.02542	0.01036	0.00330	0.00471	0.02307	0.00753	0.00659
13	0.02280	0.02127	0.03064	0.04198	0.50045	0.06658	0.02249	0.13965	0.02246	0.03064	0.01586	0.01959	0.01286	0.00778	0.00800	0.00239	0.00986	0.00710	0.00479	0.01279
14	0.03055	0.03160	0.02360	0.01991	0.02512	0.39072	0.01556	0.30072	0.02972	0.03374	0.01562	0.01678	0.01194	0.00897	0.00767	0.00224	0.01210	0.00615	0.00593	0.01136

[dist]
# distance from previous block
# <min> <max>
0	1

[block]
# block no. 1 follows, 23 sequences, length 71
# corresponding to MSA columns:
# 19-89
name=unknown_B
#
# <colnr> <probs for GDERKNQSTAVLIFYWHMCP>
#	G	D	E	R	K	N	Q	S	T	A	V	L	I	F	Y	W	H	M	C	P
0	0.02308	0.01786	0.02530	0.19877	0.27031	0.07374	0.01947	0.02727	0.01942	0.17634	0.02226	0.02480	0.04759	0.00891	0.00810	0.00250	0.00943	0.00779	0.00554	0.01151
1	0.01912	0.02153	0.04589	0.03430	0.07289	0.02069	0.57067	0.02559	0.01876	0.02567	0.01605	0.02157	0.01225	0.00725	0.01041	0.00276	0.05026	0.00932	0.00407	0.01093
2	0.03085	0.02273	0.02435	0.01867	0.02516	0.02516	0.01542	0.63716	0.03815	0.05114	0.01948	0.01948	0.01380	0.00974	0.00812	0.00244	0.00893	0.00731	0.00812	0.01380
3	0.00989	0.00706	0.00942	0.01130	0.01177	0.00659	0.00753	0.01130	0.01554	0.02071	0.04472	0.70954	0.05367	0.02542	0.01036	0.00330	0.00471	0.02307	0.00753	0.00659
4	0.01082	0.00876	0.00971	0.00973	0.01218	0.00793	0.00734	0.01453	0.05778	0.02475	0.18696	0.12688	0.42327	0.01971	0.00965	0.00280	0.00442	0.04752	0.00785	0.00738
5	0.03047	0.03405	0.02339	0.02026	0.02511	0.49169	0.01560	0.20779	0.02739	0.02893	0.01455	0.01604	0.01142	0.00876	0.00755	0.00219	0.01298	0.00583	0.00532	0.01068
6	0.01171	0.00783	0.00888	0.00897	0.00899	0.00780	0.00505	0.01178	0.01198	0.01598	0.02651	0.08553	0.03069	0.68078	0.03977	0.00764	0.00771	0.01236	0.00505	0.00500
7	0.01602	0.01578	0.01539	0.01490	0.01699	0.16904	0.01145	0.01872	0.01539	0.01908	0.01956	0.02780	0.01796	0.04845	0.52301	0.01045	0.02006	0.00787	0.00431	0.00776
8	0.01973	0.01892	0.03230	0.09764	0.61913	0.01919	0.02473	0.02459	0.01831	0.02608	0.01520	0.02020	0.01270	0.00730	0.00804	0.00243	0.00973	0.00723	0.00399	0.01257
9	0.01487	0.01092	0.01333	0.01312	0.01565	0.01096	0.01047	0.12465	0.02241	0.02984	0.17535	0.19159	0.11747	0.01931	0.00996	0.00305	0.00603	0.19469	0.00792	0.00839
10	0.00987	0.00712	0.00936	0.01115	0.01173	0.00660	0.00746	0.01132	0.01568	0.02077	0.04657	0.67845	0.08356	0.02518	0.01032	0.00327	0.00468	0.02277	0.00753	0.00660
11	0.02959	0.03308	0.02246	0.01962	0.02423	0.48593	0.01506	0.17756	0.02632	0.02799	0.01500	0.01668	0.01184	0.00876	0.00742	0.00216	0.01265	0.00586	0.04744	0.01036
12	0.01924	0.01842	0.03141	0.16408	0.55652	0.01906	0.02448	0.02416	0.01808	0.02549	0.01511	0.02036	0.01249	0.00739	0.00805	0.00246	0.00985	0.00723	0.00394	0.01217
13	0.01762	0.21003	0.51651	0.02084	0.03158	0.02213	0.02599	0.02535	0.01697	0.02406	0.01375	0.01611	0.01031	0.00752	0.00709	0.00236	0.01117	0.00559	0.00344	0.01160
14	0.01188	0.00912	0.01359	0.01343	0.01481	0.01083	0.01050	0.01472	0.01301	0.01887	0.02122	0.03122	0.01984	0.05868	0.65210	0.01260	0.05335	0.00862	0.00431	0.00732
15	0.01420	0.01298	0.01832	0.02477	0.26479	0.01235	0.01377	0.01839	0.05057	0.02431	0.05374	0.05317	0.37727	0.01490	0.00892	0.00261	0.00637	0.01288	0.00621	0.00948
16	0.01884	0.01115	0.01153	0.01019	0.01317	0.01172	0.00798	0.16508	0.02201	0.03519	0.02482	0.02771	0.01914	0.00952	0.00625	0.00202	0.00500	0.00750	0.58215	0.00904
17	0.77215	0.01569	0.01193	0.01067	0.01569	0.01820	0.00879	0.02385	0.01381	0.03641	0.01130	0.01318	0.00879	0.00753	0.00502	0.00251	0.00628	0.00439	0.00502	0.00879
18	0.01627	0.04197	0.67279	0.02313	0.03512	0.01884	0.02998	0.02570	0.01713	0.02570	0.01456	0.01713	0.01028	0.00771	0.00771	0.00257	0.01199	0.00600	0.00343	0.01199
19	0.00969	0.00781	0.00864	0.00930	0.01125	0.00676	0.00665	0.01152	0.01745	0.02149	0.06899	0.30061	0.44693	0.02227	0.00986	0.00294	0.00432	0.01922	0.00753	0.00676
20	0.01775	0.01775	0.02485	0.02130	0.02130	0.02485	0.01775	0.01953	0.01243	0.01953	0.01065	0.01775	0.01065	0.01420	0.02663	0.00355	0.69998	0.00710	0.00355	0.00888
21	0.02252	0.03436	0.24462	0.02850	0.15109	0.26610	0.08686	0.02807	0.01978	0.02371	0.01414	0.01726	0.01104	0.00777	0.00782	0.00238	0.01271	0.00632	0.00389	0.01108
22	0.03031	0.03867	0.02299	0.02090	0.02508	0.68226	0.01568	0.03240	0.02299	0.01986	0.01254	0.01463	0.01045	0.00836	0.00732	0.00209	0.01463	0.00523	0.00418	0.00941
23	0.00976	0.00757	0.00890	0.00996	0.01142	0.00670	0.00694	0.01145	0.01682	0.02124	0.06101	0.43510	0.31759	0.02330	0.01002	0.00305	0.00445	0.02048	0.00753	0.00670
24	0.00961	0.00815	0.00829	0.00841	0.01101	0.00683	0.00625	0.01162	0.01831	0.02185	0.07990	0.11677	0.62372	0.02085	0.00964	0.00277	0.00415	0.01749	0.00753	0.00683
25	0.00989	0.00706	0.00942	0.01130	0.01177	0.00659	0.00753	0.01130	0.01554	0.02071	0.04472	0.70954	0.05367	0.02542	0.01036	0.00330	0.00471	0.02307	0.00753	0.00659
26	0.03031	0.03867	0.02299	0.02090	0.02508	0.68226	0.01568	0.03240	0.02299	0.01986	0.01254	0.01463	0.01045	0.00836	0.00732	0.00209	0.01463	0.00523	0.00418	0.00941
27	0.01762	0.01513	0.01719	0.01308	0.01967	0.01303	0.01038	0.02579	0.16642	0.02821	0.01882	0.02001	0.01503	0.00719	0.00654	0.00157	0.00611	0.00584	0.00562	0.58674
28	0.02539	0.37104	0.06556	0.01759	0.02352	0.33140	0.01553	0.02811	0.01952	0.01978	0.01203	0.01397	0.01042	0.00764	0.00631	0.00194	0.01159	0.00483	0.00380	0.01003
29	0.02168	0.02705	0.10353	0.02704	0.13028	0.20774	0.15031	0.02631	0.01917	0.02405	0.01428	0.01788	0.01150	0.00765	0.00868	0.00225	0.04566	0.00658	0.00413	0.14422
30	0.02008	0.01928	0.03294	0.04981	0.66422	0.01928	0.02490	0.02490	0.01848	0.02651	0.01526	0.02008	0.01285	0.00723	0.00803	0.00241	0.00964	0.00723	0.00402	0.01285
31	0.03085	0.02273	0.02435	0.01867	0.02516	0.02516	0.01542	0.63716	0.03815	0.05114	0.01948	0.01948	0.01380	0.00974	0.00812	0.00244	0.00893	0.00731	0.00812	0.01380
32	0.14366	0.02076	0.02163	0.01673	0.02307	0.02256	0.01378	0.47670	0.03212	0.04623	0.01768	0.01823	0.01284	0.00900	0.00741	0.00232	0.00821	0.00659	0.00729	0.09322
33	0.01180	0.00787	0.00885	0.00885	0.00885	0.00787	0.00492	0.01180	0.01180	0.01573	0.02557	0.05310	0.02950	0.71483	0.04130	0.00787	0.00787	0.01180	0.00492	0.00492
34	0.00989	0.00706	0.00942	0.01130	0.01177	0.00659	0.00753	0.01130	0.01554	0.02071	0.04472	0.70954	0.05367	0.02542	0.01036	0.00330	0.00471	0.02307	0.00753	0.00659
35	0.01159	0.00869	0.01304	0.01304	0.01449	0.01014	0.01014	0.01449	0.01304	0.01884	0.02173	0.03188	0.02029	0.06086	0.68268	0.01304	0.02173	0.00869	0.00435	0.00724
36	0.01143	0.00786	0.00950	0.00967	0.01018	0.00772	0.00608	0.01252	0.01462	0.01993	0.15267	0.15645	0.04213	0.44351	0.05637	0.00632	0.00715	0.01400	0.00609	0.00581
37	0.01683	0.03809	0.55187	0.02527	0.03653	0.01917	0.14700	0.02575	0.01752	0.02575	0.01492	0.01805	0.01067	0.00754	0.00807	0.00260	0.01232	0.00669	0.00356	0.01179
38	0.01409	0.01365	0.02362	0.01946	0.02259	0.01411	0.19828	0.01740	0.01683	0.02277	0.06120	0.25628	0.12755	0.01672	0.01285	0.00306	0.13037	0.01492	0.00585	0.00839
39	0.23253	0.01639	0.02083	0.37062	0.03857	0.01946	0.01727	0.14089	0.01978	0.03105	0.01452	0.01882	0.01082	0.00826	0.00724	0.00260	0.00917	0.00643	0.00488	0.00988
40	0.01863	0.02293	0.10939	0.03487	0.15118	0.01955	0.43667	0.02516	0.01867	0.02584	0.01718	0.04932	0.01389	0.00776	0.00914	0.00268	0.01241	0.00934	0.00416	0.01122
41	0.02694	0.10654	0.02542	0.02024	0.02389	0.48478	0.01589	0.02902	0.02024	0.01971	0.01204	0.01507	0.01049	0.00936	0.01088	0.00234	0.14826	0.00550	0.00398	0.00941
42	0.01661	0.08349	0.63418	0.02256	0.03424	0.01966	0.02899	0.02561	0.01709	0.02529	0.01436	0.01688	0.01029	0.00766	0.00756	0.00252	0.01179	0.00589	0.00343	0.01190
43	0.01039	0.00825	0.00932	0.00905	0.01145	0.00719	0.00679	0.01318	0.02037	0.02638	0.32469	0.07075	0.41565	0.01889	0.00958	0.00266	0.00399	0.01610	0.00812	0.00719
44	0.01125	0.00953	0.00988	0.00956	0.01249	0.00880	0.00724	0.01641	0.10808	0.02454	0.12532	0.06982	0.52036	0.01886	0.00940	0.00273	0.00441	0.01579	0.00776	0.00777
45	0.01056	0.00735	0.00922	0.01044	0.01074	0.00704	0.00661	0.01148	0.01422	0.01896	0.03797	0.47821	0.04515	0.26837	0.02126	0.00491	0.00582	0.01910	0.00661	0.00600
46	0.77215	0.01569	0.01193	0.01067	0.01569	0.01820	0.00879	0.02385	0.01381	0.03641	0.01130	0.01318	0.00879	0.00753	0.00502	0.00251	0.00628	0.00439	0.00502	0.00879
47	0.01180	0.00787	0.00885	0.00885	0.00885	0.00787	0.00492	0.01180	0.01180	0.01573	0.02557	0.05310	0.02950	0.71483	0.04130	0.00787	0.00787	0.01180	0.00492	0.00492
48	0.02008	0.01928	0.03294	0.04981	0.66422	0.01928	0.02490	0.02490	0.01848	0.02651	0.01526	0.02008	0.01285	0.00723	0.00803	0.00241	0.00964	0.00723	0.00402	0.01285
49	0.02373	0.55870	0.03790	0.01554	0.02183	0.18582	0.01431	0.02621	0.01803	0.01927	0.01158	0.01340	0.01042	0.00728	0.00571	0.00182	0.01009	0.00455	0.00364	0.01018
50	0.02101	0.01725	0.01837	0.01641	0.02108	0.01976	0.01280	0.04294	0.61771	0.06627	0.03297	0.03014	0.02453	0.01096	0.00825	0.00274	0.00645	0.00912	0.00835	0.01289
51	0.03031	0.03867	0.02299	0.02090	0.02508	0.68226	0.01568	0.03240	0.02299	0.01986	0.01254	0.01463	0.01045	0.00836	0.00732	0.00209	0.01463	0.00523	0.00418	0.00941
52	0.02660	0.09244	0.02512	0.02039	0.02382	0.47078	0.01601	0.02866	0.01994	0.01971	0.01199	0.01523	0.01050	0.00962	0.01170	0.00241	0.17615	0.00559	0.00397	0.00937
53	0.05905	0.30059	0.35614	0.01957	0.02901	0.02403	0.05969	0.02508	0.01683	0.02374	0.01324	0.01562	0.01038	0.00735	0.00671	0.00226	0.01051	0.00549	0.00357	0.01115
54	0.00987	0.00713	0.00935	0.01113	0.01172	0.00661	0.00746	0.01132	0.01570	0.02078	0.04682	0.67418	0.08767	0.02515	0.01031	0.00326	0.00467	0.02273	0.00753	0.00661
55	0.01159	0.00869	0.01304	0.01304	0.01449	0.01014	0.01014	0.01449	0.01304	0.01884	0.02173	0.03188	0.02029	0.06086	0.68268	0.01304	0.02173	0.00869	0.00435	0.00724
56	0.01915	0.02189	0.04788	0.03420	0.04241	0.02052	0.63475	0.02599	0.01915	0.02599	0.01642	0.02189	0.01231	0.00684	0.00958	0.00274	0.01368	0.00958	0.00410	0.01094
57	0.01990	0.01888	0.03199	0.14206	0.51011	0.01947	0.05507	0.05623	0.01920	0.02692	0.01542	0.02037	0.01258	0.00747	0.00813	0.00247	0.00998	0.00735	0.00417	0.01224
58	0.00989	0.00706	0.00942	0.01130	0.01177	0.00659	0.00753	0.01130	0.01554	0.02071	0.04472	0.70954	0.05367	0.02542	0.01036	0.00330	0.00471	0.02307	0.00753	0.00659
59	0.01033	0.00765	0.00965	0.01041	0.01174	0.00697	0.00733	0.01261	0.01838	0.02462	0.24342	0.39517	0.16832	0.02180	0.00998	0.00297	0.00433	0.01940	0.00797	0.00697
60	0.02049	0.02108	0.03586	0.04435	0.47806	0.06019	0.16852	0.02562	0.01891	0.02598	0.01537	0.02018	0.01258	0.00721	0.00835	0.00247	0.01090	0.00766	0.00405	0.01219
61	0.01077	0.00869	0.00936	0.00953	0.01190	0.00774	0.00699	0.04413	0.01878	0.02314	0.06958	0.23258	0.47573	0.02120	0.00970	0.00286	0.00451	0.01810	0.00756	0.00715
62	0.02008	0.01928	0.03294	0.04981	0.66422	0.01928	0.02490	0.02490	0.01848	0.02651	0.01526	0.02008	0.01285	0.00723	0.00803	0.00241	0.00964	0.00723	0.00402	0.01285
63	0.02169	0.71972	0.04252	0.01388	0.02083	0.03211	0.01388	0.02430	0.01649	0.01909	0.01128	0.01302	0.01041	0.00694	0.00521	0.00174	0.00868	0.00434	0.00347	0.01041
64	0.02516	0.02250	0.02513	0.18262	0.10384	0.12183	0.01834	0.29707	0.02704	0.03470	0.01627	0.01923	0.01231	0.00912	0.00902	0.00251	0.04901	0.00695	0.00574	0.01162
65	0.01812	0.01701	0.02826	0.07544	0.46116	0.01808	0.02155	0.02237	0.01687	0.02424	0.01597	0.02205	0.01387	0.01737	0.12907	0.00441	0.07136	0.00748	0.00401	0.01131
66	0.00959	0.00822	0.00822	0.00822	0.01096	0.00685	0.00617	0.01165	0.01850	0.02192	0.08220	0.07809	0.66092	0.02055	0.00959	0.00274	0.00411	0.01713	0.00754	0.00685
67	0.01180	0.00787	0.00885	0.00885	0.00885	0.00787	0.00492	0.01180	0.01180	0.01573	0.02557	0.05310	0.02950	0.71483	0.04130	0.00787	0.00787	0.01180	0.00492	0.00492
68	0.46059	0.14654	0.17358	0.01418	0.02119	0.02082	0.01470	0.02437	0.01507	0.03081	0.01207	0.01409	0.00943	0.00747	0.00569	0.00239	0.00805	0.00476	0.00437	0.00983
69	0.01501	0.04570	0.16806	0.01728	0.02263	0.07125	0.08435	0.01956	0.01693	0.02203	0.03263	0.03616	0.16737	0.02670	0.21178	0.00571	0.01336	0.00972	0.00482	0.00895
70	0.02132	0.18825	0.15337	0.02130	0.09385	0.13969	0.01814	0.04776	0.05073	0.02426	0.01437	0.01680	0.01175	0.00799	0.00806	0.00214	0.05235	0.00572	0.00425	0.11790

[dist]
# distance from previous block
# <min> <max>
0	4

[block]
# block no. 2 follows, 23 sequences, length 49
# corresponding to MSA columns:
# 94-142
name=unknown_C
#
# <colnr> <probs for GDERKNQSTAVLIFYWHMCP>
#	G	D	E	R	K	N	Q	S	T	A	V	L	I	F	Y	W	H	M	C	P
0	0.01937	0.04959	0.02139	0.02199	0.14151	0.01947	0.01462	0.03623	0.44946	0.03087	0.03270	0.03147	0.07403	0.01089	0.00818	0.00264	0.00694	0.00924	0.00718	0.01224
1	0.01990	0.15239	0.05996	0.03740	0.43680	0.05148	0.02120	0.02417	0.01825	0.02442	0.01942	0.02276	0.06116	0.00826	0.00757	0.00230	0.00937	0.00729	0.00416	0.01174
2	0.02456	0.04953	0.08473	0.02419	0.03055	0.18489	0.22001	0.07966	0.04646	0.09665	0.01732	0.01985	0.01297	0.00861	0.00968	0.00254	0.06407	0.00748	0.00515	0.01110
3	0.01932	0.38241	0.23058	0.01802	0.02661	0.02482	0.06561	0.02442	0.01692	0.02244	0.01302	0.01536	0.01070	0.00706	0.00639	0.00200	0.00976	0.00529	0.00366	0.09561
4	0.01708	0.03650	0.50491	0.02667	0.06015	0.01925	0.16928	0.02574	0.01765	0.02580	0.01502	0.01834	0.01084	0.00749	0.00815	0.00260	0.01229	0.00687	0.00360	0.01178
5	0.01935	0.29009	0.03373	0.02199	0.10219	0.06281	0.11285	0.02280	0.01768	0.02230	0.05959	0.02522	0.07872	0.00979	0.00948	0.00235	0.08683	0.00777	0.00442	0.01005
6	0.00967	0.00822	0.00833	0.00830	0.01101	0.00688	0.00623	0.01179	0.01868	0.02235	0.10568	0.07738	0.63718	0.02039	0.00959	0.00273	0.00410	0.01703	0.00759	0.00688
7	0.16956	0.01597	0.01869	0.01461	0.02070	0.01577	0.01207	0.15836	0.02455	0.42826	0.02568	0.02333	0.01674	0.00952	0.00758	0.00250	0.00720	0.00730	0.00873	0.01289
8	0.02236	0.16072	0.02923	0.01998	0.02462	0.23504	0.09491	0.02532	0.01802	0.02114	0.01305	0.01688	0.01134	0.01109	0.04069	0.00277	0.14700	0.00609	0.00399	0.09576
9	0.01064	0.00760	0.01028	0.01215	0.01295	0.00724	0.00883	0.01259	0.01627	0.02155	0.04431	0.56436	0.05203	0.02472	0.01056	0.00340	0.00536	0.16085	0.00752	0.00680
10	0.00959	0.00822	0.00822	0.00822	0.01096	0.00685	0.00617	0.01165	0.01850	0.02192	0.08220	0.07809	0.66092	0.02055	0.00959	0.00274	0.00411	0.01713	0.00754	0.00685
11	0.02008	0.01928	0.03294	0.04981	0.66422	0.01928	0.02490	0.02490	0.01848	0.02651	0.01526	0.02008	0.01285	0.00723	0.00803	0.00241	0.00964	0.00723	0.00402	0.01285
12	0.02360	0.56937	0.03821	0.01543	0.02177	0.17563	0.01428	0.02609	0.01792	0.01926	0.01156	0.01337	0.01042	0.00726	0.00567	0.00181	0.00999	0.00453	0.00363	0.01019
13	0.00959	0.00822	0.00822	0.00822	0.01096	0.00685	0.00617	0.01165	0.01850	0.02192	0.08220	0.07809	0.66092	0.02055	0.00959	0.00274	0.00411	0.01713	0.00754	0.00685
14	0.01993	0.01972	0.03545	0.04718	0.55950	0.01949	0.12761	0.02509	0.01859	0.02642	0.01546	0.02039	0.01276	0.00716	0.00829	0.00246	0.01032	0.00762	0.00403	0.01253
15	0.03031	0.03867	0.02299	0.02090	0.02508	0.68226	0.01568	0.03240	0.02299	0.01986	0.01254	0.01463	0.01045	0.00836	0.00732	0.00209	0.01463	0.00523	0.00418	0.00941
16	0.01159	0.00869	0.01304	0.01304	0.01449	0.01014	0.01014	0.01449	0.01304	0.01884	0.02173	0.03188	0.02029	0.06086	0.68268	0.01304	0.02173	0.00869	0.00435	0.00724
17	0.03085	0.02273	0.02435	0.01867	0.02516	0.02516	0.01542	0.63716	0.03815	0.05114	0.01948	0.01948	0.01380	0.00974	0.00812	0.00244	0.00893	0.00731	0.00812	0.01380
18	0.01159	0.00869	0.01304	0.01304	0.01449	0.01014	0.01014	0.01449	0.01304	0.01884	0.02173	0.03188	0.02029	0.06086	0.68268	0.01304	0.02173	0.00869	0.00435	0.00724
19	0.00959	0.00822	0.00822	0.00822	0.01096	0.00685	0.00617	0.01165	0.01850	0.02192	0.08220	0.07809	0.66092	0.02055	0.00959	0.00274	0.00411	0.01713	0.00754	0.00685
20	0.01881	0.02477	0.14573	0.03435	0.11773	0.02010	0.46326	0.02581	0.01875	0.02601	0.01598	0.02091	0.01205	0.00703	0.00909	0.00267	0.01291	0.00872	0.00399	0.01135
21	0.77215	0.01569	0.01193	0.01067	0.01569	0.01820	0.00879	0.02385	0.01381	0.03641	0.01130	0.01318	0.00879	0.00753	0.00502	0.00251	0.00628	0.00439	0.00502	0.00879
22	0.77215	0.01569	0.01193	0.01067	0.01569	0.01820	0.00879	0.02385	0.01381	0.03641	0.01130	0.01318	0.00879	0.00753	0.00502	0.00251	0.00628	0.00439	0.00502	0.00879
23	0.03641	0.01381	0.01883	0.01444	0.02071	0.01193	0.01193	0.03954	0.02322	0.66984	0.03201	0.02762	0.02009	0.01004	0.00816	0.00251	0.00690	0.00816	0.01004	0.01381
24	0.00992	0.00752	0.00918	0.01047	0.01172	0.00678	0.00732	0.01163	0.01659	0.02124	0.05645	0.48609	0.24461	0.02377	0.01015	0.00314	0.00463	0.04455	0.00753	0.00671
25	0.01038	0.00825	0.00932	0.00905	0.01145	0.00719	0.00679	0.01318	0.02036	0.02636	0.32367	0.07078	0.41668	0.01889	0.00958	0.00266	0.00399	0.01610	0.00812	0.00719
26	0.01995	0.01699	0.01787	0.01596	0.02051	0.01938	0.01245	0.07607	0.56084	0.03398	0.03628	0.03358	0.07666	0.01172	0.00836	0.00273	0.00638	0.00972	0.00819	0.01241
27	0.01144	0.00771	0.00896	0.00931	0.00940	0.00763	0.00541	0.01171	0.01250	0.01667	0.02918	0.17687	0.03406	0.58485	0.03547	0.00700	0.00727	0.01392	0.00541	0.00523
28	0.01913	0.07262	0.02603	0.02071	0.02159	0.08208	0.01728	0.02100	0.01364	0.01952	0.01086	0.01713	0.01062	0.01315	0.02334	0.00329	0.58864	0.00673	0.00360	0.00904
29	0.02008	0.01928	0.03294	0.04981	0.66422	0.01928	0.02490	0.02490	0.01848	0.02651	0.01526	0.02008	0.01285	0.00723	0.00803	0.00241	0.00964	0.00723	0.00402	0.01285
30	0.02064	0.01980	0.03020	0.03305	0.29214	0.04770	0.13106	0.07760	0.06784	0.02875	0.01689	0.02025	0.01346	0.00746	0.00791	0.00224	0.00958	0.00724	0.00486	0.16134
31	0.01013	0.00723	0.00969	0.01157	0.01215	0.00680	0.00795	0.01172	0.01577	0.02098	0.04459	0.66282	0.05314	0.02519	0.01042	0.00333	0.00492	0.06740	0.00753	0.00666
32	0.00989	0.00706	0.00942	0.01130	0.01177	0.00659	0.00753	0.01130	0.01554	0.02071	0.04472	0.70954	0.05367	0.02542	0.01036	0.00330	0.00471	0.02307	0.00753	0.00659
33	0.01946	0.01855	0.03098	0.07287	0.58642	0.01876	0.02354	0.02494	0.04424	0.02639	0.01870	0.02294	0.03985	0.00797	0.00811	0.00245	0.00933	0.00771	0.00432	0.01245
34	0.02599	0.29300	0.08424	0.01809	0.02432	0.27768	0.01614	0.12527	0.02248	0.02504	0.01334	0.01500	0.01096	0.00799	0.00668	0.00205	0.01126	0.00529	0.00448	0.01070
35	0.01160	0.00864	0.01279	0.01279	0.01415	0.01001	0.00983	0.01433	0.01297	0.01865	0.02196	0.03315	0.02084	0.09999	0.64429	0.01273	0.02090	0.00888	0.00438	0.00711
36	0.01058	0.00842	0.00960	0.00975	0.01216	0.00743	0.00761	0.01332	0.01956	0.02475	0.20952	0.07619	0.42783	0.01993	0.00984	0.00286	0.00458	0.11107	0.00785	0.00714
37	0.02028	0.01386	0.02255	0.01833	0.02255	0.01349	0.15702	0.02479	0.05638	0.19484	0.03450	0.22248	0.07987	0.01487	0.01063	0.00290	0.06001	0.01342	0.00714	0.01010
38	0.01410	0.01026	0.01224	0.01259	0.01458	0.01042	0.00905	0.05686	0.13147	0.05164	0.04337	0.46912	0.09054	0.02086	0.00969	0.00307	0.00532	0.01854	0.00780	0.00848
39	0.01945	0.02106	0.04314	0.03915	0.23948	0.02013	0.44147	0.02565	0.01894	0.02616	0.01605	0.02132	0.01248	0.00696	0.00909	0.00263	0.01240	0.00883	0.00408	0.01155
40	0.00982	0.00732	0.00915	0.01062	0.01159	0.00665	0.00723	0.01138	0.01619	0.02098	0.05302	0.56967	0.18818	0.02434	0.01019	0.00317	0.00458	0.02175	0.00753	0.00665
41	0.01896	0.02412	0.13302	0.03630	0.18745	0.01999	0.40569	0.02569	0.01871	0.02607	0.01588	0.02079	0.01215	0.00705	0.00895	0.00264	0.01249	0.00852	0.00399	0.01154
42	0.02020	0.02119	0.06802	0.07022	0.34752	0.05917	0.04886	0.03032	0.19473	0.02781	0.02002	0.02258	0.01575	0.00841	0.00811	0.00253	0.00943	0.00768	0.00516	0.01230
43	0.01142	0.00816	0.01043	0.06646	0.01391	0.00826	0.00741	0.01255	0.01403	0.01873	0.06441	0.27551	0.03869	0.38401	0.02631	0.00560	0.00682	0.01543	0.00591	0.00597
44	0.02080	0.02091	0.03311	0.04666	0.57750	0.06947	0.06188	0.02554	0.01886	0.02597	0.01513	0.01978	0.01264	0.00729	0.00807	0.00241	0.01027	0.00722	0.00403	0.01247
45	0.01768	0.16731	0.48172	0.02361	0.07167	0.02146	0.05829	0.02540	0.01720	0.02452	0.01408	0.01679	0.01057	0.00749	0.00735	0.00241	0.01131	0.00595	0.00351	0.01169
46	0.01023	0.00777	0.00947	0.01034	0.01187	0.00701	0.00744	0.01237	0.01784	0.02314	0.15101	0.36398	0.25695	0.02228	0.01004	0.00303	0.00455	0.05606	0.00774	0.00689
47	0.06719	0.01857	0.02725	0.02045	0.02719	0.01821	0.19238	0.13557	0.12570	0.08111	0.02009	0.02157	0.01493	0.00812	0.00789	0.00229	0.00889	0.00757	0.00616	0.18885
48	0.02197	0.45397	0.10357	0.02125	0.12546	0.05832	0.01750	0.07124	0.01881	0.02341	0.01293	0.01513	0.01105	0.00734	0.00623	0.00200	0.00947	0.00524	0.00394	0.01117

[dist]
# distance from previous block
# <min> <max>
0	46

# created by:
# /home/cegg/simao/soft/augustus-3.2.1/scripts/msa2prfl.pl ./align_prep/13878.fa
