[name]
unknown

[dist]
# distance from previous block
# <min> <max>
0	10

[block]
# block no. 0 follows, 22 sequences, length 25
# corresponding to MSA columns:
# 10-34
name=unknown_A
#
# <colnr> <probs for GDERKNQSTAVLIFYWHMCP>
#	G	D	E	R	K	N	Q	S	T	A	V	L	I	F	Y	W	H	M	C	P
0	0.02173	0.09018	0.02095	0.01704	0.02081	0.29806	0.01351	0.02447	0.01909	0.02108	0.01920	0.02935	0.01806	0.02448	0.18785	0.00526	0.01474	0.07853	0.00472	0.07088
1	0.02018	0.02901	0.26155	0.03138	0.24444	0.05101	0.02408	0.05911	0.14091	0.02922	0.01899	0.02119	0.01450	0.00852	0.00812	0.00258	0.01032	0.00723	0.00495	0.01271
2	0.01106	0.00797	0.01094	0.01220	0.01305	0.00810	0.00875	0.01302	0.01522	0.02063	0.03774	0.41270	0.04312	0.09063	0.19085	0.00646	0.01001	0.07405	0.00662	0.00687
3	0.09826	0.21381	0.05514	0.02046	0.07517	0.30650	0.01596	0.02978	0.02025	0.07372	0.01428	0.01602	0.01151	0.00811	0.00683	0.00217	0.01137	0.00547	0.00460	0.01060
4	0.01638	0.01596	0.01666	0.01721	0.05419	0.15006	0.01244	0.01929	0.01581	0.01996	0.01990	0.02824	0.01822	0.04787	0.49674	0.01037	0.02001	0.00807	0.00440	0.00821
5	0.01834	0.03199	0.37232	0.02330	0.03347	0.01841	0.14157	0.06537	0.01931	0.02825	0.01558	0.01859	0.01153	0.00751	0.00794	0.00237	0.01118	0.00670	0.00425	0.16202
6	0.02794	0.03454	0.02295	0.02080	0.02434	0.54314	0.01585	0.03011	0.02142	0.02021	0.01337	0.01679	0.01154	0.01363	0.06390	0.00323	0.09678	0.00587	0.00422	0.00939
7	0.01711	0.09721	0.61470	0.02291	0.03477	0.02039	0.02936	0.02619	0.01749	0.02576	0.01464	0.01720	0.01053	0.00783	0.00769	0.00256	0.01200	0.00600	0.00351	0.01215
8	0.01793	0.01052	0.01318	0.01153	0.01483	0.00966	0.00897	0.05570	0.02372	0.16431	0.39334	0.05546	0.15598	0.01583	0.00941	0.00263	0.00493	0.01360	0.00910	0.00939
9	0.01797	0.01539	0.01629	0.01502	0.01917	0.01716	0.01172	0.03583	0.47492	0.03160	0.04501	0.04485	0.15901	0.01399	0.00891	0.00287	0.00614	0.04437	0.00825	0.01155
10	0.02135	0.02123	0.03296	0.04877	0.60895	0.06884	0.02479	0.02607	0.01926	0.02663	0.01542	0.02014	0.01297	0.00749	0.00817	0.00244	0.01025	0.00725	0.00412	0.01289
11	0.02092	0.02102	0.03099	0.04512	0.54862	0.08607	0.02325	0.02538	0.01939	0.02613	0.01990	0.02394	0.05548	0.00843	0.00826	0.00246	0.01002	0.00787	0.00437	0.01239
12	0.01077	0.00872	0.00974	0.01026	0.01282	0.00769	0.00820	0.01334	0.01899	0.02309	0.07342	0.08363	0.49115	0.02155	0.01026	0.00308	0.00513	0.17328	0.00770	0.00718
13	0.01176	0.00849	0.01110	0.01045	0.01241	0.00784	0.00784	0.01568	0.02352	0.03331	0.65184	0.06206	0.07839	0.01698	0.00980	0.00261	0.00392	0.01502	0.00914	0.00784
14	0.01757	0.19940	0.02472	0.19556	0.02795	0.01895	0.01449	0.06793	0.01702	0.02185	0.01774	0.07774	0.01662	0.01980	0.09307	0.13798	0.01049	0.00810	0.00444	0.00858
15	0.02056	0.01974	0.03372	0.05099	0.65622	0.01974	0.02550	0.02550	0.01892	0.02714	0.01563	0.02056	0.01316	0.00740	0.00822	0.00247	0.00987	0.00740	0.00411	0.01316
16	0.00982	0.00842	0.00842	0.00842	0.01122	0.00701	0.00631	0.01192	0.01894	0.02244	0.08416	0.07995	0.65285	0.02104	0.00982	0.00281	0.00421	0.01753	0.00771	0.00701
17	0.01000	0.00769	0.00916	0.01034	0.01173	0.00685	0.00717	0.01171	0.01709	0.02169	0.06074	0.46003	0.28789	0.02408	0.01030	0.00315	0.00458	0.02125	0.00771	0.00685
18	0.03001	0.03648	0.02421	0.02265	0.05540	0.56619	0.01657	0.07685	0.02401	0.02304	0.01342	0.01576	0.01108	0.00888	0.00846	0.00225	0.04439	0.00569	0.00455	0.01011
19	0.05857	0.02352	0.02778	0.09761	0.33312	0.16254	0.02069	0.07344	0.07181	0.02809	0.01656	0.01997	0.01330	0.00826	0.00795	0.00246	0.01061	0.00698	0.00483	0.01190
20	0.01111	0.00790	0.01053	0.01210	0.01298	0.00755	0.00876	0.01317	0.01694	0.02261	0.09342	0.46928	0.05345	0.07575	0.01310	0.00376	0.00560	0.14748	0.00761	0.00690
21	0.13576	0.08855	0.07018	0.01825	0.02319	0.39984	0.01509	0.02881	0.02018	0.02365	0.01400	0.01675	0.01160	0.01190	0.05135	0.00295	0.01297	0.00556	0.03984	0.00958
22	0.02051	0.08341	0.25876	0.03242	0.27593	0.02092	0.02442	0.10312	0.02079	0.02964	0.01606	0.01924	0.01247	0.00798	0.00779	0.00245	0.01032	0.00674	0.03451	0.01255
23	0.02293	0.02695	0.08081	0.02883	0.15676	0.19694	0.12735	0.03282	0.18649	0.02717	0.01989	0.02193	0.01544	0.00872	0.00834	0.00255	0.01130	0.00771	0.00528	0.01178
24	0.02198	0.02683	0.08876	0.05835	0.20689	0.16260	0.25955	0.02752	0.02000	0.02518	0.01540	0.01988	0.01212	0.00757	0.00866	0.00255	0.01284	0.00779	0.00412	0.01141

[dist]
# distance from previous block
# <min> <max>
10	14

[block]
# block no. 1 follows, 22 sequences, length 80
# corresponding to MSA columns:
# 49-128
name=unknown_B
#
# <colnr> <probs for GDERKNQSTAVLIFYWHMCP>
#	G	D	E	R	K	N	Q	S	T	A	V	L	I	F	Y	W	H	M	C	P
0	0.01758	0.01471	0.02442	0.62894	0.05405	0.01791	0.02212	0.02292	0.01724	0.07750	0.01635	0.02269	0.01191	0.00848	0.00831	0.00275	0.01072	0.00747	0.00427	0.00966
1	0.02486	0.02642	0.02925	0.03720	0.36625	0.23255	0.02122	0.08328	0.02200	0.02695	0.01492	0.01859	0.01235	0.00833	0.00883	0.00241	0.04139	0.00674	0.00453	0.01193
2	0.01960	0.02545	0.18897	0.04427	0.50368	0.01963	0.02677	0.02570	0.01858	0.02694	0.01545	0.01982	0.01251	0.00752	0.00814	0.00251	0.01046	0.00709	0.00396	0.01294
3	0.01078	0.00870	0.00975	0.01020	0.01275	0.00768	0.00812	0.01339	0.01918	0.02351	0.09886	0.08256	0.47918	0.02133	0.01022	0.00305	0.00504	0.16074	0.00776	0.00721
4	0.01198	0.00875	0.01142	0.01146	0.01348	0.00819	0.00907	0.01572	0.02202	0.03026	0.45141	0.07145	0.12241	0.01881	0.01021	0.00293	0.00486	0.15919	0.00865	0.00772
5	0.02291	0.22741	0.03480	0.03491	0.35731	0.13990	0.02050	0.02668	0.01914	0.02369	0.01393	0.01744	0.01199	0.00752	0.00724	0.00221	0.01049	0.00617	0.00398	0.01180
6	0.01191	0.00875	0.01259	0.01259	0.01381	0.00997	0.00943	0.01435	0.01313	0.01872	0.02295	0.03649	0.02244	0.17696	0.56275	0.01241	0.01973	0.00947	0.00455	0.00699
7	0.01208	0.00805	0.00906	0.00906	0.00906	0.00805	0.00503	0.01208	0.01208	0.01611	0.02618	0.05436	0.03020	0.70804	0.04228	0.00805	0.00805	0.01208	0.00503	0.00503
8	0.02244	0.01188	0.01474	0.01303	0.01618	0.01144	0.00962	0.10474	0.02069	0.23490	0.03317	0.22862	0.03201	0.18679	0.01736	0.00414	0.00694	0.01357	0.00798	0.00975
9	0.01749	0.14349	0.57177	0.02226	0.03376	0.02133	0.02822	0.02609	0.01744	0.02529	0.01440	0.01691	0.01054	0.00777	0.00751	0.00250	0.01177	0.00588	0.00351	0.01203
10	0.03727	0.01414	0.01928	0.01478	0.02121	0.01221	0.01221	0.04049	0.02378	0.66198	0.03277	0.02828	0.02056	0.01028	0.00835	0.00257	0.00707	0.00835	0.01028	0.01414
11	0.01739	0.03791	0.51351	0.02647	0.03779	0.01971	0.17711	0.02638	0.01805	0.02638	0.01538	0.01874	0.01104	0.00767	0.00836	0.00267	0.01270	0.00704	0.00368	0.01201
12	0.01401	0.11534	0.01892	0.01420	0.01679	0.01296	0.06015	0.04812	0.01827	0.02414	0.09080	0.44965	0.04471	0.01996	0.00955	0.00297	0.00634	0.01797	0.00696	0.00819
13	0.01003	0.00759	0.00927	0.01062	0.01180	0.00683	0.00729	0.01167	0.01682	0.02158	0.05738	0.51450	0.23558	0.02452	0.01037	0.00320	0.00463	0.02178	0.00771	0.00683
14	0.01208	0.00805	0.00906	0.00906	0.00906	0.00805	0.00503	0.01208	0.01208	0.01611	0.02618	0.05436	0.03020	0.70804	0.04228	0.00805	0.00805	0.01208	0.00503	0.00503
15	0.01963	0.02489	0.18457	0.03424	0.31681	0.01990	0.02314	0.03119	0.20182	0.02918	0.02080	0.02289	0.01610	0.00866	0.00821	0.00261	0.00949	0.00768	0.00524	0.01294
16	0.01186	0.00922	0.01436	0.01408	0.01569	0.01008	0.04262	0.01468	0.01430	0.02014	0.02763	0.19359	0.02857	0.05061	0.47941	0.01038	0.01761	0.01250	0.00522	0.00746
17	0.01607	0.01509	0.02142	0.01899	0.01949	0.02043	0.01558	0.01827	0.01293	0.01976	0.01468	0.02299	0.01419	0.03045	0.24306	0.00687	0.46947	0.00781	0.00391	0.00853
18	0.02221	0.71304	0.04353	0.01421	0.02132	0.03287	0.01421	0.02488	0.01688	0.01955	0.01155	0.01333	0.01066	0.00711	0.00533	0.00178	0.00888	0.00444	0.00355	0.01066
19	0.01186	0.00967	0.01082	0.01126	0.01320	0.03679	0.00847	0.01457	0.01977	0.02555	0.23193	0.22382	0.23198	0.02077	0.01012	0.00299	0.00520	0.09584	0.00797	0.00739
20	0.28056	0.02598	0.13869	0.01863	0.05184	0.10810	0.01649	0.17247	0.02276	0.06953	0.01569	0.01710	0.01155	0.00853	0.00704	0.00250	0.00949	0.00597	0.00572	0.01138
21	0.02078	0.02105	0.03518	0.07589	0.49609	0.05668	0.12025	0.02591	0.01918	0.02640	0.01562	0.02061	0.01284	0.00744	0.00844	0.00252	0.01087	0.00767	0.00412	0.01247
22	0.02544	0.02062	0.02636	0.02917	0.23620	0.02219	0.01832	0.31963	0.11193	0.04011	0.02153	0.05281	0.01717	0.01002	0.00841	0.00257	0.00884	0.00845	0.00689	0.01333
23	0.76672	0.01607	0.01221	0.01092	0.01607	0.01864	0.00900	0.02442	0.01414	0.03727	0.01157	0.01350	0.00900	0.00771	0.00514	0.00257	0.00643	0.00450	0.00514	0.00900
24	0.01707	0.04053	0.59871	0.02655	0.10109	0.01934	0.03015	0.02622	0.01768	0.02640	0.01498	0.01786	0.01080	0.00784	0.00793	0.00261	0.01202	0.00627	0.00357	0.01237
25	0.01089	0.00814	0.01012	0.01029	0.01205	0.00737	0.00746	0.01376	0.02050	0.02771	0.36588	0.23350	0.20135	0.02026	0.01001	0.00285	0.00422	0.01783	0.00845	0.00737
26	0.02197	0.68350	0.07093	0.01463	0.02197	0.03227	0.01494	0.02494	0.01691	0.01984	0.01170	0.01351	0.01065	0.00714	0.00544	0.00181	0.00903	0.00452	0.00355	0.01073
27	0.00991	0.00842	0.00854	0.00851	0.01128	0.00705	0.00638	0.01210	0.01915	0.02295	0.11064	0.07911	0.62605	0.02085	0.00982	0.00280	0.00419	0.01742	0.00778	0.00705
28	0.02369	0.02583	0.07778	0.02672	0.14610	0.16561	0.07173	0.11241	0.17564	0.03068	0.02127	0.02473	0.01690	0.00960	0.00837	0.00258	0.01056	0.03187	0.00588	0.01204
29	0.01165	0.00762	0.01018	0.01175	0.01256	0.00705	0.00796	0.01319	0.01635	0.05721	0.04506	0.66473	0.05301	0.02514	0.01048	0.00333	0.00495	0.02276	0.00786	0.00716
30	0.01208	0.00805	0.00906	0.00906	0.00906	0.00805	0.00503	0.01208	0.01208	0.01611	0.02618	0.05436	0.03020	0.70804	0.04228	0.00805	0.00805	0.01208	0.00503	0.00503
31	0.01723	0.01477	0.01723	0.01230	0.01969	0.01107	0.00984	0.02092	0.01723	0.02707	0.01477	0.01723	0.01230	0.00615	0.00615	0.00123	0.00615	0.00492	0.00492	0.75883
32	0.01991	0.02022	0.03729	0.03982	0.33633	0.01951	0.25036	0.02648	0.05118	0.02733	0.01694	0.02151	0.01351	0.00734	0.00865	0.00250	0.01094	0.00820	0.00444	0.07756
33	0.01339	0.00956	0.01339	0.01530	0.01721	0.00956	0.01339	0.01721	0.01912	0.02486	0.04399	0.09371	0.04781	0.02295	0.01147	0.00382	0.00765	0.60031	0.00765	0.00765
34	0.03727	0.01414	0.01928	0.01478	0.02121	0.01221	0.01221	0.04049	0.02378	0.66198	0.03277	0.02828	0.02056	0.01028	0.00835	0.00257	0.00707	0.00835	0.01028	0.01414
35	0.01569	0.01477	0.02492	0.68808	0.05722	0.01846	0.02307	0.02123	0.01661	0.02123	0.01477	0.02215	0.01107	0.00831	0.00831	0.00277	0.01107	0.00738	0.00369	0.00923
36	0.02047	0.02164	0.04223	0.03087	0.03851	0.02121	0.48164	0.06358	0.13239	0.02952	0.02004	0.02381	0.01498	0.00794	0.00948	0.00279	0.01240	0.00960	0.00520	0.01172
37	0.01012	0.00723	0.00964	0.01157	0.01205	0.00675	0.00771	0.01157	0.01591	0.02121	0.04579	0.70262	0.05495	0.02603	0.01060	0.00337	0.00482	0.02362	0.00771	0.00675
38	0.02056	0.01974	0.03372	0.05099	0.65622	0.01974	0.02550	0.02550	0.01892	0.02714	0.01563	0.02056	0.01316	0.00740	0.00822	0.00247	0.00987	0.00740	0.00411	0.01316
39	0.01961	0.02241	0.04902	0.03501	0.04342	0.02101	0.62605	0.02661	0.01961	0.02661	0.01681	0.02241	0.01261	0.00700	0.00980	0.00280	0.01401	0.00980	0.00420	0.01120
40	0.01068	0.00845	0.00961	0.00932	0.01175	0.00738	0.00699	0.01358	0.02096	0.02726	0.33549	0.07203	0.39852	0.01924	0.00981	0.00272	0.00408	0.01642	0.00835	0.00738
41	0.01187	0.00890	0.01335	0.01335	0.01483	0.01038	0.01038	0.01483	0.01335	0.01928	0.02225	0.03264	0.02077	0.06231	0.67512	0.01335	0.02225	0.00890	0.00445	0.00742
42	0.02263	0.68207	0.04270	0.01443	0.02152	0.03255	0.01429	0.05198	0.01788	0.02102	0.01193	0.01362	0.01082	0.00724	0.00546	0.00181	0.00890	0.00458	0.00377	0.01082
43	0.02367	0.01220	0.01488	0.01220	0.01704	0.01066	0.00972	0.05955	0.02162	0.29818	0.04925	0.04643	0.26063	0.01486	0.00982	0.03705	0.00602	0.01146	0.00842	0.07634
44	0.01716	0.01996	0.10927	0.36990	0.07754	0.04683	0.02072	0.02262	0.01733	0.02361	0.01475	0.01993	0.01140	0.00769	0.00769	0.00233	0.01016	0.00653	0.00401	0.19057
45	0.02109	0.51861	0.12317	0.01871	0.02668	0.02927	0.11331	0.02533	0.01740	0.02152	0.01281	0.01530	0.01095	0.00719	0.00636	0.00205	0.01013	0.00551	0.00365	0.01095
46	0.01048	0.00844	0.00933	0.00911	0.01163	0.00729	0.00683	0.01320	0.02049	0.02614	0.27724	0.07386	0.45746	0.01966	0.00981	0.00274	0.00411	0.01668	0.00820	0.00729
47	0.02186	0.02307	0.02798	0.16358	0.26625	0.18015	0.05288	0.02759	0.07394	0.02438	0.01638	0.02072	0.01324	0.00913	0.00923	0.03582	0.01118	0.00719	0.00443	0.01099
48	0.02269	0.02416	0.03040	0.10268	0.44572	0.18069	0.02295	0.02699	0.01984	0.02492	0.01486	0.01934	0.01236	0.00777	0.00805	0.00241	0.01124	0.00690	0.00411	0.01193
49	0.01208	0.00805	0.00906	0.00906	0.00906	0.00805	0.00503	0.01208	0.01208	0.01611	0.02618	0.05436	0.03020	0.70804	0.04228	0.00805	0.00805	0.01208	0.00503	0.00503
50	0.01873	0.03064	0.32988	0.03818	0.36523	0.01953	0.02793	0.02588	0.01827	0.02675	0.01529	0.01914	0.01192	0.00763	0.00807	0.00254	0.01100	0.00681	0.00383	0.01275
51	0.02056	0.01974	0.03372	0.05099	0.65622	0.01974	0.02550	0.02550	0.01892	0.02714	0.01563	0.02056	0.01316	0.00740	0.00822	0.00247	0.00987	0.00740	0.00411	0.01316
52	0.01666	0.04297	0.66500	0.02368	0.03596	0.01929	0.03069	0.02631	0.01754	0.02631	0.01491	0.01754	0.01052	0.00789	0.00789	0.00263	0.01228	0.00614	0.00351	0.01228
53	0.01339	0.00956	0.01339	0.01530	0.01721	0.00956	0.01339	0.01721	0.01912	0.02486	0.04399	0.09371	0.04781	0.02295	0.01147	0.00382	0.00765	0.60031	0.00765	0.00765
54	0.05840	0.08141	0.03042	0.03394	0.30124	0.21859	0.04807	0.02728	0.01941	0.02430	0.01391	0.01784	0.01180	0.00835	0.00937	0.00244	0.07134	0.00651	0.00413	0.01125
55	0.01107	0.00891	0.00982	0.00969	0.01220	0.00802	0.00731	0.01458	0.04827	0.02539	0.20999	0.07307	0.42785	0.05148	0.01134	0.00306	0.00461	0.04795	0.00796	0.00743
56	0.02056	0.01974	0.03372	0.05099	0.65622	0.01974	0.02550	0.02550	0.01892	0.02714	0.01563	0.02056	0.01316	0.00740	0.00822	0.00247	0.00987	0.00740	0.00411	0.01316
57	0.02106	0.02087	0.03382	0.04881	0.59852	0.05363	0.04963	0.02594	0.01918	0.02677	0.01553	0.02035	0.01301	0.00745	0.00825	0.00246	0.01030	0.00739	0.00412	0.01290
58	0.01001	0.00835	0.00876	0.00903	0.01157	0.00710	0.00676	0.01212	0.01864	0.02243	0.07858	0.14239	0.56682	0.02162	0.00997	0.00291	0.00442	0.04381	0.00771	0.00701
59	0.02347	0.16151	0.02963	0.02238	0.07989	0.17130	0.06633	0.10505	0.05592	0.02613	0.01598	0.01945	0.01337	0.01447	0.07678	0.00354	0.09241	0.00680	0.00481	0.01077
60	0.02056	0.01974	0.03372	0.05099	0.65622	0.01974	0.02550	0.02550	0.01892	0.02714	0.01563	0.02056	0.01316	0.00740	0.00822	0.00247	0.00987	0.00740	0.00411	0.01316
61	0.01339	0.00956	0.01339	0.01530	0.01721	0.00956	0.01339	0.01721	0.01912	0.02486	0.04399	0.09371	0.04781	0.02295	0.01147	0.00382	0.00765	0.60031	0.00765	0.00765
62	0.02644	0.19933	0.02740	0.01847	0.02365	0.33261	0.01490	0.06122	0.16831	0.02502	0.01780	0.01858	0.01431	0.00891	0.00722	0.00223	0.01123	0.00618	0.00527	0.01092
63	0.01012	0.00723	0.00964	0.01157	0.01205	0.00675	0.00771	0.01157	0.01591	0.02121	0.04579	0.70262	0.05495	0.02603	0.01060	0.00337	0.00482	0.02362	0.00771	0.00675
64	0.01888	0.01661	0.02515	0.01802	0.02560	0.01358	0.16151	0.02336	0.01816	0.06087	0.01623	0.01909	0.01282	0.00658	0.00717	0.00169	0.00813	0.00631	0.00503	0.53520
65	0.01143	0.00862	0.01086	0.01215	0.01400	0.00804	0.00970	0.01411	0.01827	0.02318	0.05743	0.23900	0.24541	0.02309	0.01072	0.00338	0.00584	0.26984	0.00769	0.00722
66	0.01208	0.00805	0.00906	0.00906	0.00906	0.00805	0.00503	0.01208	0.01208	0.01611	0.02618	0.05436	0.03020	0.70804	0.04228	0.00805	0.00805	0.01208	0.00503	0.00503
67	0.01060	0.00743	0.00950	0.01095	0.01131	0.00707	0.00705	0.01169	0.01496	0.01995	0.04096	0.54320	0.04886	0.19375	0.01839	0.00452	0.00562	0.02078	0.00705	0.00633
68	0.02066	0.01785	0.01878	0.01691	0.02160	0.02066	0.01315	0.04414	0.64121	0.03475	0.03381	0.03099	0.02536	0.01127	0.00845	0.00282	0.00657	0.00939	0.00845	0.01315
69	0.01012	0.00723	0.00964	0.01157	0.01205	0.00675	0.00771	0.01157	0.01591	0.02121	0.04579	0.70262	0.05495	0.02603	0.01060	0.00337	0.00482	0.02362	0.00771	0.00675
70	0.01012	0.00723	0.00964	0.01157	0.01205	0.00675	0.00771	0.01157	0.01591	0.02121	0.04579	0.70262	0.05495	0.02603	0.01060	0.00337	0.00482	0.02362	0.00771	0.00675
71	0.02056	0.01974	0.03372	0.05099	0.65622	0.01974	0.02550	0.02550	0.01892	0.02714	0.01563	0.02056	0.01316	0.00740	0.00822	0.00247	0.00987	0.00740	0.00411	0.01316
72	0.01569	0.01477	0.02492	0.68808	0.05722	0.01846	0.02307	0.02123	0.01661	0.02123	0.01477	0.02215	0.01107	0.00831	0.00831	0.00277	0.01107	0.00738	0.00369	0.00923
73	0.01991	0.01907	0.03254	0.13637	0.57594	0.01957	0.02517	0.02492	0.01861	0.02635	0.01551	0.02077	0.01288	0.00752	0.00824	0.00251	0.01003	0.00740	0.00406	0.01263
74	0.01005	0.00752	0.00934	0.01079	0.01185	0.00681	0.00737	0.01165	0.01665	0.02151	0.05522	0.54949	0.20199	0.02480	0.01041	0.00323	0.00467	0.02212	0.00771	0.00681
75	0.01160	0.00785	0.00920	0.00968	0.00980	0.00773	0.00569	0.01195	0.01302	0.01737	0.03101	0.21421	0.03630	0.53987	0.03447	0.00690	0.00726	0.01493	0.00569	0.00546
76	0.01877	0.02028	0.04073	0.03245	0.09329	0.02061	0.42114	0.02441	0.01791	0.02497	0.01628	0.02252	0.01314	0.01325	0.07301	0.00386	0.11944	0.00911	0.00413	0.01071
77	0.01921	0.01370	0.01599	0.01369	0.01741	0.01422	0.01075	0.17159	0.11131	0.07177	0.37937	0.04567	0.05229	0.01412	0.00917	0.00261	0.00573	0.01205	0.00891	0.01044
78	0.01041	0.00893	0.00898	0.00888	0.01178	0.00775	0.00668	0.01367	0.05271	0.02311	0.08142	0.07729	0.61879	0.02051	0.00974	0.00281	0.00434	0.01709	0.00775	0.00735
79	0.02438	0.54742	0.03862	0.01598	0.02239	0.19071	0.01467	0.02692	0.01852	0.01974	0.01187	0.01373	0.01067	0.00746	0.00586	0.00187	0.01038	0.00467	0.00373	0.01041

[dist]
# distance from previous block
# <min> <max>
0	7

[block]
# block no. 2 follows, 22 sequences, length 50
# corresponding to MSA columns:
# 136-185
name=unknown_C
#
# <colnr> <probs for GDERKNQSTAVLIFYWHMCP>
#	G	D	E	R	K	N	Q	S	T	A	V	L	I	F	Y	W	H	M	C	P
0	0.02269	0.27388	0.08720	0.01463	0.02022	0.05134	0.01337	0.02712	0.06552	0.14577	0.02098	0.02707	0.01799	0.16188	0.01461	0.00349	0.00878	0.00746	0.00559	0.01040
1	0.02379	0.40431	0.14455	0.01791	0.02509	0.21506	0.01757	0.02751	0.01891	0.02093	0.01250	0.01453	0.01065	0.00766	0.00639	0.00203	0.01122	0.00499	0.00375	0.01064
2	0.05102	0.08375	0.30862	0.02105	0.02995	0.02189	0.05488	0.22147	0.02457	0.03461	0.01812	0.02298	0.01415	0.00942	0.00806	0.00260	0.01057	0.04459	0.00544	0.01227
3	0.02179	0.01763	0.01900	0.01640	0.02112	0.01982	0.01292	0.17508	0.40435	0.03860	0.12797	0.03333	0.03111	0.01187	0.00863	0.00271	0.00675	0.00984	0.00853	0.01254
4	0.01208	0.00805	0.00906	0.00906	0.00906	0.00805	0.00503	0.01208	0.01208	0.01611	0.02618	0.05436	0.03020	0.70804	0.04228	0.00805	0.00805	0.01208	0.00503	0.00503
5	0.02020	0.20875	0.03933	0.18088	0.07910	0.06537	0.24265	0.02524	0.01838	0.02308	0.01458	0.01929	0.01164	0.00746	0.00799	0.00245	0.01173	0.00735	0.00391	0.01062
6	0.02034	0.02036	0.03727	0.04729	0.51421	0.02003	0.16467	0.02575	0.01908	0.02702	0.01590	0.02099	0.01303	0.00731	0.00859	0.00254	0.01083	0.00796	0.00413	0.01271
7	0.01824	0.01843	0.02387	0.02077	0.02122	0.06517	0.01710	0.02021	0.01349	0.01993	0.01240	0.01971	0.01208	0.01991	0.10400	0.00471	0.56873	0.00734	0.00377	0.00892
8	0.01204	0.00821	0.00985	0.00985	0.01013	0.00848	0.00602	0.01259	0.01232	0.01669	0.02545	0.05035	0.02846	0.58875	0.15920	0.00903	0.01068	0.01149	0.00493	0.00547
9	0.02563	0.31005	0.06398	0.01979	0.04883	0.32090	0.01652	0.02844	0.01977	0.02056	0.01242	0.01484	0.01078	0.00823	0.00777	0.00211	0.04998	0.00521	0.00391	0.01029
10	0.01058	0.00845	0.00947	0.00921	0.01169	0.00734	0.00691	0.01339	0.02073	0.02670	0.30637	0.07294	0.42798	0.01945	0.00981	0.00273	0.00409	0.01655	0.00827	0.00734
11	0.01012	0.00723	0.00964	0.01157	0.01205	0.00675	0.00771	0.01157	0.01591	0.02121	0.04579	0.70262	0.05495	0.02603	0.01060	0.00337	0.00482	0.02362	0.00771	0.00675
12	0.02221	0.71304	0.04353	0.01421	0.02132	0.03287	0.01421	0.02488	0.01688	0.01955	0.01155	0.01333	0.01066	0.00711	0.00533	0.00178	0.00888	0.00444	0.00355	0.01066
13	0.01330	0.00950	0.01326	0.01504	0.01695	0.00947	0.01309	0.01713	0.01936	0.02532	0.07691	0.09199	0.04947	0.02263	0.01138	0.00376	0.00745	0.56860	0.00773	0.00766
14	0.02166	0.06877	0.17539	0.02914	0.09356	0.16666	0.23596	0.02744	0.01944	0.02445	0.01478	0.01878	0.01158	0.00800	0.00942	0.00257	0.04994	0.00735	0.00399	0.01113
15	0.02056	0.01974	0.03372	0.05099	0.65622	0.01974	0.02550	0.02550	0.01892	0.02714	0.01563	0.02056	0.01316	0.00740	0.00822	0.00247	0.00987	0.00740	0.00411	0.01316
16	0.02154	0.02447	0.09149	0.04463	0.51708	0.10393	0.02477	0.02656	0.01938	0.02619	0.01520	0.01956	0.01260	0.00760	0.00810	0.00244	0.01075	0.00702	0.00408	0.01262
17	0.02421	0.05610	0.06382	0.03330	0.22053	0.27028	0.15977	0.02869	0.02069	0.02409	0.01464	0.01843	0.01187	0.00776	0.00818	0.00240	0.01285	0.00700	0.00415	0.01122
18	0.02316	0.01941	0.02265	0.02720	0.22509	0.13002	0.01634	0.05214	0.06208	0.12977	0.02632	0.17958	0.02447	0.01275	0.00869	0.00266	0.00888	0.01109	0.00644	0.01126
19	0.01033	0.00809	0.00935	0.00976	0.01172	0.00712	0.00704	0.01264	0.01906	0.02445	0.19630	0.25410	0.35732	0.02159	0.01004	0.00293	0.00432	0.01873	0.00802	0.00712
20	0.02476	0.41606	0.09474	0.01760	0.02421	0.25488	0.01640	0.02790	0.01926	0.02045	0.01231	0.01430	0.01066	0.00769	0.00632	0.00198	0.01132	0.00492	0.00380	0.01045
21	0.01056	0.00770	0.00995	0.01096	0.01208	0.00709	0.00762	0.01278	0.01837	0.02480	0.22352	0.46177	0.11612	0.02297	0.01030	0.00310	0.00451	0.02059	0.00812	0.00709
22	0.02128	0.29845	0.31595	0.01967	0.02858	0.13846	0.02185	0.02695	0.01833	0.02268	0.01327	0.01548	0.01061	0.00771	0.00684	0.00222	0.01145	0.00535	0.00366	0.01120
23	0.01686	0.02201	0.17394	0.05754	0.17228	0.01657	0.09782	0.02456	0.07787	0.02855	0.16632	0.03313	0.05487	0.01063	0.00880	0.00264	0.00911	0.00977	0.00568	0.01105
24	0.01012	0.00723	0.00964	0.01157	0.01205	0.00675	0.00771	0.01157	0.01591	0.02121	0.04579	0.70262	0.05495	0.02603	0.01060	0.00337	0.00482	0.02362	0.00771	0.00675
25	0.01806	0.01719	0.02921	0.37754	0.34919	0.01908	0.02425	0.02331	0.01773	0.02411	0.01519	0.02137	0.01209	0.00787	0.00827	0.00262	0.01049	0.00739	0.00390	0.01114
26	0.05145	0.01830	0.01933	0.01845	0.05069	0.04897	0.01397	0.09561	0.42055	0.03430	0.03109	0.03607	0.02527	0.01220	0.00864	0.00286	0.00749	0.08473	0.00781	0.01221
27	0.01193	0.00867	0.01217	0.01217	0.01325	0.00974	0.00891	0.01408	0.01300	0.01841	0.02333	0.03861	0.02336	0.23990	0.50107	0.01189	0.01835	0.00978	0.00461	0.00676
28	0.01048	0.00751	0.00996	0.01132	0.01213	0.00699	0.00774	0.01247	0.01757	0.02386	0.17867	0.56217	0.06008	0.02404	0.01043	0.00321	0.00462	0.02173	0.00803	0.00699
29	0.60990	0.01760	0.01492	0.01267	0.01813	0.02016	0.01045	0.15329	0.01945	0.04049	0.01335	0.01487	0.01009	0.00819	0.00582	0.00255	0.00701	0.00513	0.00582	0.01009
30	0.01441	0.00926	0.01186	0.01244	0.01404	0.00890	0.00880	0.06696	0.01892	0.08065	0.07041	0.55561	0.04953	0.02286	0.01017	0.00319	0.00534	0.02050	0.00805	0.00808
31	0.01160	0.00872	0.01089	0.01101	0.01320	0.00801	0.00870	0.01500	0.02124	0.02836	0.35485	0.07431	0.22930	0.01948	0.01019	0.00295	0.00486	0.15135	0.00840	0.00757
32	0.76672	0.01607	0.01221	0.01092	0.01607	0.01864	0.00900	0.02442	0.01414	0.03727	0.01157	0.01350	0.00900	0.00771	0.00514	0.00257	0.00643	0.00450	0.00514	0.00900
33	0.02221	0.71304	0.04353	0.01421	0.02132	0.03287	0.01421	0.02488	0.01688	0.01955	0.01155	0.01333	0.01066	0.00711	0.00533	0.00178	0.00888	0.00444	0.00355	0.01066
34	0.02056	0.01974	0.03372	0.05099	0.65622	0.01974	0.02550	0.02550	0.01892	0.02714	0.01563	0.02056	0.01316	0.00740	0.00822	0.00247	0.00987	0.00740	0.00411	0.01316
35	0.01041	0.00838	0.00927	0.00916	0.01161	0.00725	0.00683	0.01302	0.02015	0.02560	0.25036	0.10319	0.45548	0.02007	0.00985	0.00277	0.00415	0.01707	0.00814	0.00725
36	0.03140	0.02858	0.02448	0.01986	0.02574	0.23687	0.01587	0.43484	0.03401	0.04194	0.01763	0.01833	0.01301	0.00951	0.00804	0.00238	0.01104	0.00679	0.00700	0.01266
37	0.01916	0.01598	0.02228	0.02210	0.14841	0.01452	0.04192	0.04953	0.01861	0.06260	0.01892	0.08307	0.01693	0.00925	0.00874	0.00204	0.05171	0.00785	0.00536	0.38105
38	0.01795	0.19825	0.52098	0.02148	0.03256	0.02244	0.02687	0.02598	0.01739	0.02474	0.01413	0.01656	0.01056	0.00771	0.00730	0.00243	0.01149	0.00575	0.00352	0.01190
39	0.02322	0.37624	0.11837	0.01927	0.02618	0.18408	0.06975	0.02700	0.01863	0.02123	0.01272	0.01525	0.01083	0.00786	0.00748	0.00214	0.03990	0.00546	0.00378	0.01060
40	0.01193	0.00808	0.00902	0.00902	0.00920	0.00799	0.00512	0.01207	0.01252	0.01652	0.02992	0.05602	0.07045	0.66363	0.04018	0.00771	0.00781	0.01243	0.00521	0.00516
41	0.02622	0.40734	0.03446	0.01748	0.02330	0.32422	0.01505	0.02864	0.01990	0.01990	0.01214	0.01408	0.01068	0.00777	0.00631	0.00194	0.01165	0.00485	0.00388	0.01019
42	0.01412	0.00988	0.01118	0.01078	0.01186	0.01004	0.00697	0.09126	0.01659	0.02201	0.03180	0.16959	0.06323	0.45997	0.03053	0.00623	0.00741	0.01386	0.00608	0.00661
43	0.01163	0.00786	0.00919	0.00964	0.00975	0.00775	0.00565	0.01196	0.01297	0.01729	0.03072	0.20459	0.03594	0.54999	0.03494	0.00697	0.00730	0.01475	0.00565	0.00543
44	0.01032	0.00797	0.00926	0.00988	0.01156	0.00709	0.00696	0.01231	0.01807	0.02312	0.14450	0.30295	0.32179	0.06061	0.01191	0.00328	0.00461	0.01910	0.00776	0.00692
45	0.02209	0.02179	0.05977	0.07091	0.40114	0.05307	0.02228	0.10572	0.10365	0.03072	0.01837	0.02151	0.01454	0.00837	0.00822	0.00252	0.00977	0.00751	0.00518	0.01287
46	0.01286	0.00902	0.01237	0.01220	0.01352	0.01033	0.00927	0.01559	0.01393	0.02112	0.02308	0.03421	0.02152	0.12657	0.44547	0.01015	0.04867	0.00898	0.14387	0.00727
47	0.02865	0.03312	0.02245	0.02001	0.02430	0.48886	0.01528	0.12292	0.02463	0.02515	0.01515	0.01802	0.01253	0.01569	0.09348	0.00364	0.01501	0.00614	0.00493	0.01004
48	0.01343	0.01090	0.01370	0.04240	0.05130	0.01105	0.01102	0.01987	0.12778	0.02569	0.08886	0.21152	0.19012	0.01932	0.00993	0.00310	0.00599	0.12784	0.00756	0.00863
49	0.01672	0.06278	0.24937	0.02308	0.10745	0.01759	0.07146	0.02548	0.11132	0.02644	0.03385	0.03458	0.16211	0.01126	0.00849	0.00265	0.00921	0.00965	0.00536	0.01112

[dist]
# distance from previous block
# <min> <max>
6	15

[block]
# block no. 3 follows, 22 sequences, length 25
# corresponding to MSA columns:
# 201-225
name=unknown_D
#
# <colnr> <probs for GDERKNQSTAVLIFYWHMCP>
#	G	D	E	R	K	N	Q	S	T	A	V	L	I	F	Y	W	H	M	C	P
0	0.01688	0.07551	0.01643	0.01319	0.01584	0.01431	0.00990	0.14542	0.05511	0.02748	0.03362	0.27406	0.05624	0.16657	0.01634	0.00402	0.00698	0.03648	0.00692	0.00869
1	0.05433	0.48478	0.09457	0.01627	0.02333	0.12373	0.01585	0.06207	0.01911	0.02296	0.01254	0.01435	0.01079	0.00758	0.00605	0.00198	0.00999	0.00491	0.00400	0.01080
2	0.02146	0.36491	0.16850	0.02382	0.12655	0.08551	0.05432	0.02612	0.01810	0.02261	0.01330	0.01601	0.01114	0.00744	0.00677	0.00215	0.01058	0.00565	0.00374	0.01133
3	0.02262	0.02440	0.02496	0.02403	0.12273	0.23716	0.08029	0.05173	0.02069	0.02532	0.01751	0.07980	0.01587	0.00921	0.00781	0.00215	0.01055	0.00778	0.00490	0.21047
4	0.02435	0.08900	0.02766	0.02960	0.23500	0.24703	0.01837	0.03238	0.16367	0.02586	0.01849	0.02038	0.01490	0.00867	0.00776	0.00237	0.01078	0.00688	0.00512	0.01171
5	0.04749	0.02537	0.12750	0.13851	0.09744	0.18197	0.01854	0.02447	0.01868	0.02391	0.01794	0.09874	0.01640	0.00996	0.00786	0.00239	0.01050	0.00812	0.00456	0.11965
6	0.01555	0.01283	0.01470	0.01228	0.01715	0.01112	0.00942	0.05161	0.07495	0.02708	0.03484	0.17591	0.12819	0.01353	0.00803	0.00216	0.00574	0.01155	0.00648	0.36687
7	0.01687	0.01436	0.01797	0.02061	0.12267	0.01553	0.01324	0.02942	0.31498	0.02865	0.03510	0.26963	0.03394	0.01591	0.00918	0.00296	0.00649	0.01416	0.00747	0.01086
8	0.02622	0.09723	0.18237	0.01963	0.02619	0.20472	0.01872	0.03138	0.04683	0.16621	0.01839	0.01946	0.01352	0.00940	0.00973	0.00251	0.08404	0.00651	0.00548	0.01149
9	0.01005	0.00842	0.00873	0.00866	0.01136	0.00711	0.00649	0.01236	0.01947	0.02372	0.15091	0.07785	0.58530	0.02056	0.00982	0.00278	0.00417	0.01724	0.00788	0.00711
10	0.11294	0.02097	0.02032	0.01658	0.02244	0.07983	0.01327	0.24109	0.19180	0.03856	0.02111	0.02121	0.01589	0.00926	0.00752	0.00234	0.00814	0.00700	0.00702	0.14273
11	0.02204	0.01074	0.01370	0.01193	0.01501	0.00967	0.00861	0.02377	0.01765	0.27284	0.03126	0.14704	0.02929	0.27762	0.02147	0.00470	0.00702	0.01203	0.00754	0.05606
12	0.06242	0.33460	0.03356	0.02343	0.15793	0.13354	0.01653	0.02863	0.09201	0.02404	0.01527	0.01725	0.01285	0.00793	0.00667	0.00215	0.00970	0.00581	0.00446	0.01123
13	0.02530	0.01699	0.06081	0.02067	0.02702	0.01448	0.19967	0.03010	0.02148	0.29809	0.12112	0.03137	0.02648	0.01344	0.05070	0.00332	0.00993	0.00974	0.00753	0.01176
14	0.01187	0.00890	0.01335	0.01335	0.01483	0.01038	0.01038	0.01483	0.01335	0.01928	0.02225	0.03264	0.02077	0.06231	0.67512	0.01335	0.02225	0.00890	0.00445	0.00742
15	0.01673	0.01543	0.02566	0.36434	0.24968	0.01720	0.02158	0.02179	0.01835	0.02487	0.09689	0.02939	0.02169	0.00966	0.00859	0.00269	0.00964	0.03085	0.00467	0.01030
16	0.02042	0.49722	0.24370	0.01726	0.02604	0.02850	0.01952	0.02534	0.01709	0.02172	0.01263	0.01468	0.01062	0.00736	0.00616	0.00205	0.00998	0.00499	0.00354	0.01118
17	0.01273	0.00932	0.01247	0.01393	0.01599	0.00906	0.01195	0.01628	0.01934	0.02496	0.08490	0.08972	0.14570	0.02231	0.01112	0.00359	0.00689	0.47445	0.00774	0.00756
18	0.01012	0.00723	0.00964	0.01157	0.01205	0.00675	0.00771	0.01157	0.01591	0.02121	0.04579	0.70262	0.05495	0.02603	0.01060	0.00337	0.00482	0.02362	0.00771	0.00675
19	0.02066	0.01785	0.01878	0.01691	0.02160	0.02066	0.01315	0.04414	0.64121	0.03475	0.03381	0.03099	0.02536	0.01127	0.00845	0.00282	0.00657	0.00939	0.00845	0.01315
20	0.01461	0.00884	0.01003	0.00982	0.01135	0.00918	0.00698	0.05020	0.01650	0.02586	0.02682	0.07669	0.02515	0.20227	0.11982	0.00543	0.00818	0.00999	0.35500	0.00728
21	0.01192	0.00871	0.01239	0.01239	0.01354	0.00986	0.00918	0.01422	0.01307	0.01857	0.02313	0.03752	0.02289	0.20760	0.53273	0.01216	0.01906	0.00962	0.00458	0.00688
22	0.01986	0.02000	0.03701	0.10448	0.43817	0.01996	0.18575	0.02541	0.01889	0.02646	0.01586	0.02120	0.01282	0.00738	0.00865	0.00258	0.01108	0.00804	0.00410	0.01228
23	0.01883	0.01610	0.02005	0.04594	0.02137	0.05391	0.03644	0.14931	0.01957	0.02661	0.01901	0.02771	0.01722	0.10377	0.25231	0.00716	0.14190	0.00840	0.00514	0.00926
24	0.01081	0.00819	0.00908	0.00947	0.01095	0.00746	0.00648	0.01222	0.01622	0.02029	0.05706	0.16196	0.32542	0.25085	0.02084	0.00469	0.00577	0.04904	0.00682	0.00635

[dist]
# distance from previous block
# <min> <max>
0	0

# created by:
# /home/cegg/simao/soft/augustus-3.2.1/scripts/msa2prfl.pl ./align_prep/13889.fa
