[name]
unknown

[dist]
# distance from previous block
# <min> <max>
0	365

[block]
# block no. 0 follows, 21 sequences, length 16
# corresponding to MSA columns:
# 365-380
name=unknown_A
#
# <colnr> <probs for GDERKNQSTAVLIFYWHMCP>
#	G	D	E	R	K	N	Q	S	T	A	V	L	I	F	Y	W	H	M	C	P
0	0.01278	0.00913	0.01264	0.01461	0.01616	0.00899	0.01210	0.01602	0.01867	0.02443	0.04557	0.26281	0.05101	0.02439	0.01151	0.00379	0.00703	0.43292	0.00785	0.00758
1	0.02228	0.51516	0.04180	0.02505	0.19607	0.02993	0.01778	0.02566	0.01787	0.02219	0.01299	0.01571	0.01163	0.00736	0.00629	0.00202	0.00938	0.00539	0.00380	0.01163
2	0.01956	0.01572	0.01648	0.01425	0.01880	0.01668	0.01125	0.19103	0.20720	0.03526	0.05259	0.04990	0.28541	0.01543	0.00921	0.00279	0.00644	0.01262	0.00830	0.01108
3	0.01766	0.01635	0.02485	0.46776	0.04784	0.01965	0.04670	0.02852	0.18844	0.02584	0.02065	0.02522	0.01549	0.00930	0.00862	0.00285	0.01019	0.00824	0.00516	0.01066
4	0.02662	0.01899	0.02498	0.02711	0.19693	0.01978	0.01765	0.24527	0.06399	0.13145	0.04854	0.03243	0.02214	0.01133	0.00892	0.00273	0.00873	0.07166	0.00759	0.01317
5	0.02228	0.10397	0.14382	0.22708	0.09463	0.22043	0.02209	0.02728	0.01962	0.02278	0.01427	0.01843	0.01127	0.00829	0.00783	0.00247	0.01245	0.00636	0.00396	0.01068
6	0.01080	0.00885	0.00960	0.01003	0.01236	0.00793	0.00728	0.01406	0.05465	0.02338	0.07223	0.24969	0.44427	0.02238	0.01020	0.00304	0.00463	0.01920	0.00795	0.00748
7	0.01134	0.00833	0.01063	0.01078	0.01247	0.00762	0.00781	0.01443	0.02136	0.02935	0.41089	0.24160	0.14090	0.02047	0.01027	0.00292	0.00431	0.01815	0.00878	0.00762
8	0.02764	0.03268	0.02815	0.03366	0.26698	0.41640	0.02019	0.03094	0.02228	0.02353	0.01426	0.01756	0.01194	0.00831	0.00796	0.00232	0.01332	0.00629	0.00432	0.01127
9	0.02482	0.01795	0.02066	0.01701	0.02161	0.01994	0.01368	0.38503	0.02953	0.03997	0.02047	0.02464	0.01640	0.02724	0.19454	0.08731	0.01289	0.00804	0.00689	0.01139
10	0.01237	0.00930	0.01188	0.01321	0.01539	0.00881	0.01109	0.01560	0.01937	0.02448	0.05841	0.12096	0.24124	0.02303	0.01116	0.00356	0.00656	0.37813	0.00786	0.00758
11	0.01006	0.00862	0.00862	0.00862	0.01149	0.00718	0.00647	0.01221	0.01940	0.02299	0.08621	0.08190	0.64438	0.02155	0.01006	0.00287	0.00431	0.01796	0.00790	0.00718
12	0.01352	0.01216	0.01209	0.01224	0.01385	0.08031	0.00872	0.01521	0.01687	0.02077	0.04621	0.22874	0.20441	0.14553	0.09900	0.00529	0.03566	0.01580	0.00645	0.00718
13	0.02670	0.01962	0.02160	0.01711	0.02258	0.02128	0.01391	0.45152	0.03558	0.04820	0.19380	0.03244	0.03279	0.01221	0.00894	0.00259	0.00788	0.00981	0.00875	0.01268
14	0.01093	0.00764	0.00971	0.01113	0.01149	0.00728	0.00714	0.01200	0.01520	0.02027	0.04131	0.51733	0.04923	0.21432	0.01989	0.00479	0.00586	0.02090	0.00714	0.00642
15	0.02135	0.01966	0.03187	0.16683	0.46934	0.02065	0.02457	0.08991	0.02118	0.02948	0.01632	0.02130	0.01319	0.00804	0.00845	0.00259	0.01026	0.00759	0.00460	0.01283

[dist]
# distance from previous block
# <min> <max>
0	3

[block]
# block no. 1 follows, 21 sequences, length 58
# corresponding to MSA columns:
# 384-441
name=unknown_B
#
# <colnr> <probs for GDERKNQSTAVLIFYWHMCP>
#	G	D	E	R	K	N	Q	S	T	A	V	L	I	F	Y	W	H	M	C	P
0	0.02842	0.18188	0.02751	0.01946	0.02437	0.48704	0.01538	0.03072	0.02234	0.02080	0.01766	0.01935	0.05252	0.00929	0.00735	0.00216	0.01328	0.00610	0.00446	0.00992
1	0.01928	0.01827	0.03097	0.18588	0.47830	0.01906	0.02438	0.02423	0.01866	0.02609	0.01784	0.06566	0.01583	0.00904	0.00860	0.00266	0.01004	0.00867	0.00436	0.01218
2	0.02947	0.03698	0.02270	0.02075	0.02488	0.59240	0.01559	0.03172	0.02321	0.02086	0.01725	0.01969	0.04170	0.01299	0.05107	0.00298	0.01531	0.00631	0.00456	0.00959
3	0.02097	0.02049	0.03610	0.05061	0.58805	0.02035	0.08466	0.02623	0.01945	0.02775	0.01613	0.02125	0.01342	0.00754	0.00859	0.00256	0.01053	0.00783	0.00422	0.01328
4	0.01216	0.00912	0.01368	0.01368	0.01520	0.01064	0.01064	0.01520	0.01368	0.01976	0.02279	0.03343	0.02127	0.06382	0.66720	0.01368	0.02279	0.00912	0.00456	0.00760
5	0.01088	0.00865	0.00976	0.00948	0.01200	0.00753	0.00711	0.01380	0.02134	0.02759	0.31635	0.07433	0.41137	0.01984	0.01005	0.00279	0.00419	0.01690	0.00851	0.00753
6	0.01057	0.00749	0.00982	0.01160	0.01204	0.00704	0.00763	0.01190	0.01590	0.02121	0.04491	0.63198	0.05377	0.09347	0.01408	0.00393	0.00527	0.02302	0.00763	0.00674
7	0.01037	0.00741	0.00987	0.01185	0.01234	0.00691	0.00790	0.01185	0.01629	0.02172	0.04690	0.69537	0.05629	0.02666	0.01086	0.00346	0.00494	0.02419	0.00790	0.00691
8	0.01035	0.00749	0.00979	0.01163	0.01228	0.00693	0.00780	0.01187	0.01651	0.02181	0.04963	0.65277	0.09712	0.02631	0.01081	0.00342	0.00489	0.02376	0.00790	0.00693
9	0.03179	0.04056	0.02412	0.02192	0.02631	0.66676	0.01644	0.03398	0.02412	0.02083	0.01315	0.01535	0.01096	0.00877	0.00767	0.00219	0.01535	0.00548	0.00438	0.00987
10	0.01707	0.04402	0.65683	0.02426	0.03683	0.01976	0.03144	0.02695	0.01797	0.02695	0.01527	0.01797	0.01078	0.00809	0.00809	0.00270	0.01258	0.00629	0.00359	0.01258
11	0.01050	0.00746	0.00984	0.01168	0.01214	0.00700	0.00772	0.01188	0.01604	0.02138	0.04559	0.65339	0.05462	0.07091	0.01299	0.00377	0.00515	0.02342	0.00772	0.00680
12	0.01037	0.00741	0.00987	0.01185	0.01234	0.00691	0.00790	0.01185	0.01629	0.02172	0.04690	0.69537	0.05629	0.02666	0.01086	0.00346	0.00494	0.02419	0.00790	0.00691
13	0.03235	0.02384	0.02554	0.01958	0.02639	0.02639	0.01618	0.61946	0.04001	0.05363	0.02043	0.02043	0.01447	0.01022	0.00851	0.00255	0.00936	0.00766	0.00851	0.01447
14	0.01037	0.00741	0.00987	0.01185	0.01234	0.00691	0.00790	0.01185	0.01629	0.02172	0.04690	0.69537	0.05629	0.02666	0.01086	0.00346	0.00494	0.02419	0.00790	0.00691
15	0.01238	0.00825	0.00928	0.00928	0.00928	0.00825	0.00516	0.01238	0.01238	0.01650	0.02681	0.05569	0.03094	0.70092	0.04331	0.00825	0.00825	0.01238	0.00516	0.00516
16	0.01855	0.01566	0.01813	0.01303	0.02055	0.01227	0.01046	0.05805	0.01902	0.02932	0.01545	0.01782	0.01272	0.00654	0.00644	0.00134	0.00649	0.00520	0.00525	0.70772
17	0.02204	0.01433	0.01999	0.11374	0.02626	0.01467	0.05066	0.13181	0.02321	0.16057	0.03449	0.18580	0.05960	0.01578	0.00963	0.00302	0.00809	0.08792	0.00773	0.01066
18	0.01862	0.01862	0.02607	0.02234	0.02234	0.02607	0.01862	0.02048	0.01303	0.02048	0.01117	0.01862	0.01117	0.01489	0.02793	0.00372	0.68535	0.00745	0.00372	0.00931
19	0.03818	0.01448	0.01975	0.01514	0.02172	0.01251	0.01251	0.04147	0.02436	0.65373	0.03357	0.02897	0.02107	0.01053	0.00856	0.00263	0.00724	0.00856	0.01053	0.01448
20	0.01707	0.04402	0.65683	0.02426	0.03683	0.01976	0.03144	0.02695	0.01797	0.02695	0.01527	0.01797	0.01078	0.00809	0.00809	0.00270	0.01258	0.00629	0.00359	0.01258
21	0.02060	0.01974	0.03370	0.11099	0.59273	0.02010	0.02589	0.02571	0.01916	0.02724	0.01592	0.02121	0.01328	0.00767	0.00843	0.00256	0.01023	0.00758	0.00417	0.01310
22	0.03235	0.02384	0.02554	0.01958	0.02639	0.02639	0.01618	0.61946	0.04001	0.05363	0.02043	0.02043	0.01447	0.01022	0.00851	0.00255	0.00936	0.00766	0.00851	0.01447
23	0.01037	0.00741	0.00987	0.01185	0.01234	0.00691	0.00790	0.01185	0.01629	0.02172	0.04690	0.69537	0.05629	0.02666	0.01086	0.00346	0.00494	0.02419	0.00790	0.00691
24	0.01892	0.01976	0.05840	0.28957	0.33224	0.04932	0.02400	0.02416	0.01862	0.02487	0.01890	0.02422	0.04297	0.00870	0.00849	0.00266	0.01067	0.00792	0.00420	0.01141
25	0.01037	0.00741	0.00987	0.01185	0.01234	0.00691	0.00790	0.01185	0.01629	0.02172	0.04690	0.69537	0.05629	0.02666	0.01086	0.00346	0.00494	0.02419	0.00790	0.00691
26	0.01586	0.00793	0.00793	0.00793	0.00991	0.00793	0.00595	0.01983	0.01785	0.03173	0.02776	0.03173	0.02181	0.00991	0.00595	0.00198	0.00397	0.00793	0.74817	0.00793
27	0.01037	0.00741	0.00987	0.01185	0.01234	0.00691	0.00790	0.01185	0.01629	0.02172	0.04690	0.69537	0.05629	0.02666	0.01086	0.00346	0.00494	0.02419	0.00790	0.00691
28	0.02146	0.02176	0.03368	0.11655	0.48377	0.08064	0.06596	0.02646	0.01961	0.02645	0.01573	0.02084	0.01297	0.00777	0.00848	0.00255	0.01103	0.00755	0.00419	0.01257
29	0.03113	0.02270	0.02454	0.01899	0.02533	0.02507	0.01557	0.57722	0.03800	0.05094	0.02004	0.02081	0.01449	0.01156	0.01023	0.05462	0.00923	0.00764	0.00818	0.01372
30	0.02043	0.01808	0.02929	0.07389	0.48661	0.01837	0.02221	0.05008	0.01989	0.02926	0.01811	0.02289	0.01481	0.00813	0.00802	0.00245	0.00911	0.00764	0.12831	0.01240
31	0.01006	0.00862	0.00862	0.00862	0.01149	0.00718	0.00647	0.01221	0.01940	0.02299	0.08621	0.08190	0.64438	0.02155	0.01006	0.00287	0.00431	0.01796	0.00790	0.00718
32	0.02106	0.02022	0.03454	0.05223	0.64784	0.02022	0.02612	0.02612	0.01938	0.02780	0.01601	0.02106	0.01348	0.00758	0.00842	0.00253	0.01011	0.00758	0.00421	0.01348
33	0.02106	0.02022	0.03454	0.05223	0.64784	0.02022	0.02612	0.02612	0.01938	0.02780	0.01601	0.02106	0.01348	0.00758	0.00842	0.00253	0.01011	0.00758	0.00421	0.01348
34	0.01216	0.00912	0.01368	0.01368	0.01520	0.01064	0.01064	0.01520	0.01368	0.01976	0.02279	0.03343	0.02127	0.06382	0.66720	0.01368	0.02279	0.00912	0.00456	0.00760
35	0.02007	0.01732	0.01819	0.01646	0.02108	0.01978	0.01278	0.04195	0.57171	0.03435	0.03975	0.03672	0.08725	0.01254	0.00880	0.00289	0.00649	0.01045	0.00858	0.01285
36	0.01091	0.00746	0.00968	0.01146	0.01210	0.00701	0.00771	0.01264	0.01645	0.02272	0.04501	0.62961	0.05287	0.02500	0.01038	0.00331	0.00484	0.02258	0.08125	0.00701
37	0.01033	0.00863	0.00900	0.00891	0.01166	0.00730	0.00668	0.01275	0.02005	0.02454	0.16374	0.07935	0.56588	0.02097	0.01005	0.00285	0.00427	0.01760	0.00811	0.00730
38	0.01914	0.02405	0.16209	0.04206	0.45703	0.01883	0.02528	0.02491	0.01908	0.02715	0.02281	0.02644	0.07543	0.00907	0.00852	0.00260	0.01005	0.00834	0.00445	0.01267
39	0.21128	0.10100	0.39056	0.02161	0.06747	0.02100	0.02367	0.02625	0.01708	0.02924	0.01409	0.01665	0.01055	0.00793	0.00711	0.00258	0.01052	0.00576	0.00407	0.01159
40	0.02565	0.02893	0.05466	0.03766	0.35093	0.25947	0.02206	0.07025	0.02250	0.02699	0.01523	0.01878	0.01251	0.00822	0.00814	0.00241	0.01209	0.00676	0.00455	0.01218
41	0.04618	0.21382	0.02783	0.15984	0.02885	0.02253	0.01575	0.08714	0.01886	0.02564	0.01701	0.06611	0.01547	0.01422	0.05924	0.00331	0.08206	0.00761	0.00478	0.08376
42	0.02167	0.01804	0.02469	0.01878	0.02499	0.01735	0.12194	0.21387	0.02480	0.03457	0.02152	0.09648	0.01933	0.05819	0.01077	0.00270	0.00874	0.00941	0.00635	0.24584
43	0.02623	0.05675	0.05265	0.01911	0.05311	0.13694	0.01512	0.13181	0.13107	0.10907	0.02124	0.02154	0.01588	0.00904	0.00776	0.00226	0.00926	0.00695	0.00664	0.16756
44	0.02057	0.02647	0.16232	0.13437	0.37315	0.08400	0.02591	0.02644	0.01921	0.02606	0.01544	0.02008	0.01236	0.00794	0.00829	0.00257	0.01132	0.00710	0.00404	0.01235
45	0.02118	0.33223	0.14761	0.08266	0.02841	0.06443	0.01798	0.05113	0.01885	0.02424	0.01379	0.01639	0.01137	0.00761	0.00665	0.00204	0.00989	0.00544	0.00414	0.13396
46	0.04763	0.00899	0.01136	0.01130	0.01296	0.00992	0.00850	0.01672	0.01482	0.02385	0.02427	0.03464	0.02202	0.12000	0.36277	0.00898	0.01463	0.00894	0.23019	0.00749
47	0.02218	0.01768	0.02342	0.02682	0.22530	0.05773	0.01627	0.04739	0.02023	0.11474	0.04875	0.02431	0.01825	0.01484	0.08460	0.00349	0.01019	0.00745	0.00577	0.21061
48	0.01728	0.06591	0.01698	0.01350	0.01691	0.01394	0.01033	0.13564	0.02085	0.02872	0.03002	0.27947	0.03185	0.06822	0.06787	0.00398	0.00806	0.01378	0.04074	0.11596
49	0.07242	0.01201	0.01575	0.01488	0.01668	0.01457	0.01166	0.01956	0.07486	0.02265	0.02159	0.03099	0.01991	0.09094	0.40796	0.00983	0.12163	0.00878	0.00493	0.00840
50	0.19199	0.01900	0.08171	0.04680	0.07449	0.01655	0.12379	0.02397	0.04024	0.03042	0.08212	0.02720	0.05759	0.00941	0.00784	0.00247	0.00857	0.00824	0.00545	0.14214
51	0.02337	0.02397	0.02403	0.11608	0.02848	0.19171	0.01741	0.12509	0.02159	0.02657	0.01968	0.02359	0.06104	0.01209	0.01512	0.00293	0.24424	0.00780	0.00504	0.01019
52	0.02153	0.01972	0.03222	0.06053	0.16079	0.01984	0.20004	0.14032	0.06014	0.03161	0.01941	0.02567	0.01596	0.08204	0.01251	0.00318	0.01061	0.00879	0.00549	0.06961
53	0.01127	0.00817	0.00969	0.01012	0.01122	0.00762	0.00672	0.01287	0.01707	0.02252	0.15705	0.24056	0.17524	0.24687	0.02128	0.00478	0.00573	0.01738	0.00726	0.00659
54	0.01620	0.01483	0.02423	0.42624	0.15643	0.01689	0.02079	0.02093	0.01720	0.02291	0.01968	0.10657	0.01812	0.03799	0.01007	0.00300	0.00997	0.00970	0.00448	0.04378
55	0.17076	0.01753	0.01621	0.04789	0.08096	0.12214	0.01201	0.04607	0.01960	0.02735	0.04146	0.11076	0.22646	0.01468	0.00846	0.00272	0.00780	0.01184	0.00624	0.00906
56	0.03039	0.03378	0.02526	0.02420	0.08773	0.42936	0.01721	0.16644	0.05378	0.02960	0.01602	0.01778	0.01266	0.00910	0.00798	0.00234	0.01310	0.00636	0.00549	0.01143
57	0.05761	0.01938	0.02818	0.24330	0.26171	0.02140	0.02185	0.18402	0.02393	0.03329	0.01672	0.02107	0.01286	0.00860	0.00833	0.00264	0.01014	0.00746	0.00528	0.01225

[dist]
# distance from previous block
# <min> <max>
1	7

[block]
# block no. 2 follows, 21 sequences, length 13
# corresponding to MSA columns:
# 449-461
name=unknown_C
#
# <colnr> <probs for GDERKNQSTAVLIFYWHMCP>
#	G	D	E	R	K	N	Q	S	T	A	V	L	I	F	Y	W	H	M	C	P
0	0.02139	0.07867	0.02925	0.03072	0.23128	0.09594	0.04496	0.02871	0.12804	0.02587	0.01826	0.02212	0.01526	0.01329	0.05350	0.00343	0.13512	0.00763	0.00492	0.01163
1	0.02148	0.42117	0.14679	0.07661	0.09930	0.06091	0.01966	0.02593	0.01797	0.02230	0.01325	0.01609	0.01123	0.00763	0.00662	0.00216	0.01033	0.00550	0.00375	0.01132
2	0.02930	0.02543	0.14317	0.02335	0.09850	0.02185	0.01947	0.33277	0.03061	0.15826	0.02143	0.02164	0.01491	0.00958	0.00843	0.00259	0.00965	0.00756	0.00748	0.01401
3	0.01683	0.00990	0.01066	0.00998	0.01213	0.01032	0.00737	0.08669	0.01908	0.03059	0.02634	0.03473	0.02251	0.13409	0.06801	0.00411	0.00690	0.00877	0.47280	0.00817
4	0.01179	0.00801	0.00945	0.01003	0.01017	0.00786	0.00595	0.01222	0.01351	0.01802	0.03265	0.24143	0.03830	0.50515	0.03389	0.00686	0.00729	0.01581	0.00595	0.00567
5	0.03235	0.02384	0.02554	0.01958	0.02639	0.02639	0.01618	0.61946	0.04001	0.05363	0.02043	0.02043	0.01447	0.01022	0.00851	0.00255	0.00936	0.00766	0.00851	0.01447
6	0.02275	0.70604	0.04459	0.01456	0.02184	0.03367	0.01456	0.02548	0.01729	0.02002	0.01183	0.01365	0.01092	0.00728	0.00546	0.00182	0.00910	0.00455	0.00364	0.01092
7	0.15342	0.12566	0.01991	0.01379	0.01856	0.02012	0.01135	0.06905	0.24662	0.03384	0.02446	0.02493	0.01890	0.00976	0.00692	0.00244	0.00662	0.00741	0.17514	0.01111
8	0.02539	0.01928	0.01930	0.01701	0.02188	0.09214	0.01323	0.04093	0.38959	0.16810	0.03275	0.07280	0.02518	0.01200	0.00867	0.00279	0.00771	0.00987	0.00853	0.01285
9	0.01795	0.16865	0.02071	0.01294	0.01692	0.01596	0.01083	0.05930	0.02028	0.08497	0.15497	0.04202	0.13802	0.02596	0.16805	0.00517	0.01043	0.01071	0.00670	0.00946
10	0.01662	0.01592	0.01433	0.01333	0.01639	0.12791	0.01008	0.02311	0.12015	0.02964	0.31651	0.05370	0.17757	0.01579	0.00940	0.00266	0.00654	0.01323	0.00806	0.00905
11	0.01678	0.01161	0.01430	0.01283	0.01527	0.01251	0.01014	0.02083	0.05021	0.09469	0.17951	0.04834	0.18545	0.01559	0.01265	0.00282	0.13942	0.01213	0.13588	0.00902
12	0.01946	0.01782	0.02567	0.16903	0.26139	0.01959	0.01992	0.03143	0.24276	0.02912	0.02640	0.02858	0.05156	0.00998	0.00862	0.00274	0.00882	0.00888	0.00594	0.01229

[dist]
# distance from previous block
# <min> <max>
10	26

[block]
# block no. 3 follows, 21 sequences, length 17
# corresponding to MSA columns:
# 489-505
name=unknown_D
#
# <colnr> <probs for GDERKNQSTAVLIFYWHMCP>
#	G	D	E	R	K	N	Q	S	T	A	V	L	I	F	Y	W	H	M	C	P
0	0.02237	0.02292	0.02584	0.03313	0.30539	0.17891	0.01889	0.07445	0.02181	0.02700	0.02478	0.12466	0.05957	0.01185	0.00871	0.00261	0.01021	0.01022	0.00540	0.01128
1	0.02003	0.01917	0.03268	0.18172	0.52640	0.01995	0.02561	0.02522	0.01889	0.02655	0.01583	0.02140	0.01304	0.00777	0.00844	0.00259	0.01036	0.00758	0.00412	0.01265
2	0.01954	0.01864	0.02478	0.07134	0.29273	0.09826	0.01869	0.04772	0.01888	0.02486	0.01981	0.08173	0.01846	0.02217	0.14548	0.03967	0.01285	0.00907	0.00476	0.01059
3	0.02107	0.02009	0.03349	0.04983	0.60475	0.02029	0.02525	0.02743	0.06159	0.02834	0.01729	0.02180	0.01434	0.00786	0.00844	0.00255	0.00988	0.00772	0.00452	0.01348
4	0.02106	0.02022	0.03454	0.05223	0.64784	0.02022	0.02612	0.02612	0.01938	0.02780	0.01601	0.02106	0.01348	0.00758	0.00842	0.00253	0.01011	0.00758	0.00421	0.01348
5	0.02331	0.01828	0.01966	0.01726	0.02235	0.02073	0.01355	0.07906	0.54442	0.09034	0.03370	0.03084	0.02487	0.01138	0.00864	0.00284	0.00694	0.00941	0.00881	0.01362
6	0.01843	0.01696	0.02216	0.33981	0.11235	0.08506	0.01837	0.02315	0.01828	0.02494	0.01763	0.02315	0.01382	0.00853	0.00769	0.00242	0.00967	0.00721	0.15742	0.07297
7	0.01037	0.00817	0.00911	0.00979	0.01159	0.00718	0.00685	0.01210	0.01772	0.02199	0.06753	0.29065	0.38882	0.08230	0.01322	0.00354	0.00487	0.01962	0.00766	0.00691
8	0.02143	0.02331	0.02565	0.02225	0.02319	0.16305	0.01815	0.02337	0.01540	0.02055	0.01160	0.01792	0.01113	0.01359	0.02360	0.00340	0.54210	0.00703	0.00387	0.00943
9	0.01238	0.00825	0.00928	0.00928	0.00928	0.00825	0.00516	0.01238	0.01238	0.01650	0.02681	0.05569	0.03094	0.70092	0.04331	0.00825	0.00825	0.01238	0.00516	0.00516
10	0.01238	0.00825	0.00928	0.00928	0.00928	0.00825	0.00516	0.01238	0.01238	0.01650	0.02681	0.05569	0.03094	0.70092	0.04331	0.00825	0.00825	0.01238	0.00516	0.00516
11	0.01141	0.00852	0.01060	0.01040	0.01241	0.00771	0.00768	0.01471	0.02210	0.03018	0.44897	0.14721	0.19787	0.01945	0.01015	0.00282	0.00419	0.01705	0.00887	0.00771
12	0.01170	0.00843	0.01107	0.01094	0.01264	0.00780	0.00800	0.01519	0.02248	0.03157	0.52042	0.19378	0.07535	0.01931	0.01021	0.00284	0.00420	0.01720	0.00907	0.00780
13	0.02120	0.01573	0.01521	0.05850	0.01914	0.08290	0.01071	0.14977	0.02318	0.03433	0.02302	0.02611	0.01782	0.00955	0.00688	0.00214	0.00698	0.00742	0.41546	0.05396
14	0.76103	0.01646	0.01251	0.01119	0.01646	0.01909	0.00922	0.02502	0.01448	0.03818	0.01185	0.01382	0.00922	0.00790	0.00527	0.00263	0.00658	0.00461	0.00527	0.00922
15	0.03025	0.15422	0.02761	0.02067	0.02555	0.55863	0.01612	0.03253	0.02295	0.02069	0.01293	0.01506	0.01095	0.00852	0.00730	0.00213	0.01428	0.00532	0.00426	0.01005
16	0.02745	0.03176	0.02589	0.02862	0.18012	0.41039	0.01833	0.06550	0.02298	0.02444	0.01514	0.01865	0.01269	0.01334	0.06518	0.00329	0.01433	0.00645	0.00460	0.01085

[dist]
# distance from previous block
# <min> <max>
0	1

[block]
# block no. 4 follows, 21 sequences, length 62
# corresponding to MSA columns:
# 507-568
name=unknown_E
#
# <colnr> <probs for GDERKNQSTAVLIFYWHMCP>
#	G	D	E	R	K	N	Q	S	T	A	V	L	I	F	Y	W	H	M	C	P
0	0.02106	0.02022	0.03454	0.05223	0.64784	0.02022	0.02612	0.02612	0.01938	0.02780	0.01601	0.02106	0.01348	0.00758	0.00842	0.00253	0.01011	0.00758	0.00421	0.01348
1	0.01216	0.00912	0.01368	0.01368	0.01520	0.01064	0.01064	0.01520	0.01368	0.01976	0.02279	0.03343	0.02127	0.06382	0.66720	0.01368	0.02279	0.00912	0.00456	0.00760
2	0.01055	0.00816	0.00963	0.01028	0.01206	0.00724	0.00732	0.01279	0.01906	0.02458	0.17507	0.31959	0.30763	0.02278	0.01037	0.00307	0.00450	0.01993	0.00818	0.00724
3	0.01204	0.00870	0.01138	0.01071	0.01271	0.00803	0.00803	0.01606	0.02409	0.03413	0.64335	0.06357	0.08030	0.01740	0.01004	0.00268	0.00401	0.01539	0.00937	0.00803
4	0.01380	0.00957	0.01109	0.01107	0.01189	0.00968	0.00706	0.07324	0.01630	0.02176	0.03203	0.23870	0.03668	0.43486	0.03035	0.00628	0.00740	0.01535	0.00629	0.00660
5	0.02052	0.02173	0.04318	0.04321	0.31519	0.02094	0.35184	0.02675	0.01977	0.02750	0.01667	0.02211	0.01317	0.00736	0.00932	0.00272	0.01245	0.00894	0.00426	0.01238
6	0.03179	0.04056	0.02412	0.02192	0.02631	0.66676	0.01644	0.03398	0.02412	0.02083	0.01315	0.01535	0.01096	0.00877	0.00767	0.00219	0.01535	0.00548	0.00438	0.00987
7	0.01604	0.01111	0.01227	0.01117	0.01242	0.01158	0.00718	0.12380	0.01745	0.02332	0.02564	0.04922	0.02792	0.57415	0.03693	0.00720	0.00845	0.01151	0.00577	0.00687
8	0.01586	0.00793	0.00793	0.00793	0.00991	0.00793	0.00595	0.01983	0.01785	0.03173	0.02776	0.03173	0.02181	0.00991	0.00595	0.00198	0.00397	0.00793	0.74817	0.00793
9	0.03235	0.02384	0.02554	0.01958	0.02639	0.02639	0.01618	0.61946	0.04001	0.05363	0.02043	0.02043	0.01447	0.01022	0.00851	0.00255	0.00936	0.00766	0.00851	0.01447
10	0.01586	0.00793	0.00793	0.00793	0.00991	0.00793	0.00595	0.01983	0.01785	0.03173	0.02776	0.03173	0.02181	0.00991	0.00595	0.00198	0.00397	0.00793	0.74817	0.00793
11	0.01238	0.00825	0.00928	0.00928	0.00928	0.00825	0.00516	0.01238	0.01238	0.01650	0.02681	0.05569	0.03094	0.70092	0.04331	0.00825	0.00825	0.01238	0.00516	0.00516
12	0.01216	0.00912	0.01368	0.01368	0.01520	0.01064	0.01064	0.01520	0.01368	0.01976	0.02279	0.03343	0.02127	0.06382	0.66720	0.01368	0.02279	0.00912	0.00456	0.00760
13	0.01238	0.00825	0.00928	0.00928	0.00928	0.00825	0.00516	0.01238	0.01238	0.01650	0.02681	0.05569	0.03094	0.70092	0.04331	0.00825	0.00825	0.01238	0.00516	0.00516
14	0.02106	0.02022	0.03454	0.05223	0.64784	0.02022	0.02612	0.02612	0.01938	0.02780	0.01601	0.02106	0.01348	0.00758	0.00842	0.00253	0.01011	0.00758	0.00421	0.01348
15	0.01814	0.10706	0.49470	0.02521	0.03659	0.02145	0.12684	0.02685	0.01825	0.02631	0.01525	0.01836	0.01115	0.00785	0.00815	0.00264	0.01252	0.00674	0.00372	0.01223
16	0.02106	0.02022	0.03454	0.05223	0.64784	0.02022	0.02612	0.02612	0.01938	0.02780	0.01601	0.02106	0.01348	0.00758	0.00842	0.00253	0.01011	0.00758	0.00421	0.01348
17	0.01204	0.00870	0.01138	0.01071	0.01271	0.00803	0.00803	0.01606	0.02409	0.03413	0.64335	0.06357	0.08030	0.01740	0.01004	0.00268	0.00401	0.01539	0.00937	0.00803
18	0.01037	0.00741	0.00987	0.01185	0.01234	0.00691	0.00790	0.01185	0.01629	0.02172	0.04690	0.69537	0.05629	0.02666	0.01086	0.00346	0.00494	0.02419	0.00790	0.00691
19	0.01575	0.00788	0.00825	0.00825	0.01003	0.00788	0.00609	0.01895	0.01717	0.03002	0.02645	0.03114	0.02110	0.01189	0.00870	0.07757	0.00431	0.00788	0.67318	0.00751
20	0.02861	0.19549	0.02857	0.01959	0.02483	0.41685	0.01568	0.06477	0.08450	0.02390	0.01539	0.01687	0.01265	0.00877	0.00729	0.00219	0.01267	0.00579	0.00486	0.01073
21	0.02851	0.11886	0.02724	0.02073	0.02509	0.38957	0.01653	0.11222	0.02360	0.02524	0.01367	0.01639	0.01148	0.00981	0.01092	0.00245	0.12639	0.00600	0.00475	0.01055
22	0.02500	0.02161	0.02373	0.14337	0.09300	0.11546	0.01740	0.15069	0.17688	0.08192	0.02262	0.02418	0.01695	0.01194	0.03495	0.00309	0.01040	0.00793	0.00664	0.01225
23	0.02317	0.67512	0.04364	0.01490	0.02205	0.06309	0.01465	0.02588	0.01761	0.02006	0.01189	0.01373	0.01092	0.00735	0.00556	0.00184	0.00939	0.00459	0.00367	0.01087
24	0.01148	0.00868	0.01059	0.01011	0.01237	0.00779	0.00759	0.01497	0.02276	0.03097	0.48530	0.06877	0.24032	0.01858	0.01004	0.00273	0.00410	0.01612	0.00895	0.00779
25	0.01152	0.00823	0.01115	0.01285	0.01393	0.00787	0.00961	0.01396	0.01804	0.02407	0.10631	0.45653	0.05656	0.02481	0.01104	0.00351	0.00569	0.18899	0.00803	0.00729
26	0.01586	0.00793	0.00793	0.00793	0.00991	0.00793	0.00595	0.01983	0.01785	0.03173	0.02776	0.03173	0.02181	0.00991	0.00595	0.00198	0.00397	0.00793	0.74817	0.00793
27	0.02106	0.02022	0.03454	0.05223	0.64784	0.02022	0.02612	0.02612	0.01938	0.02780	0.01601	0.02106	0.01348	0.00758	0.00842	0.00253	0.01011	0.00758	0.00421	0.01348
28	0.01862	0.01862	0.02607	0.02234	0.02234	0.02607	0.01862	0.02048	0.01303	0.02048	0.01117	0.01862	0.01117	0.01489	0.02793	0.00372	0.68535	0.00745	0.00372	0.00931
29	0.01027	0.00818	0.00922	0.00991	0.01187	0.00712	0.00707	0.01227	0.01848	0.02306	0.09882	0.30756	0.39974	0.02324	0.01035	0.00308	0.00453	0.02014	0.00797	0.00712
30	0.01037	0.00741	0.00987	0.01185	0.01234	0.00691	0.00790	0.01185	0.01629	0.02172	0.04690	0.69537	0.05629	0.02666	0.01086	0.00346	0.00494	0.02419	0.00790	0.00691
31	0.03235	0.02384	0.02554	0.01958	0.02639	0.02639	0.01618	0.61946	0.04001	0.05363	0.02043	0.02043	0.01447	0.01022	0.00851	0.00255	0.00936	0.00766	0.00851	0.01447
32	0.01192	0.00869	0.01120	0.01057	0.01263	0.00797	0.00793	0.01581	0.02378	0.03340	0.60707	0.06476	0.11703	0.01767	0.01004	0.00269	0.00403	0.01556	0.00927	0.00797
33	0.01195	0.00959	0.01233	0.06450	0.01623	0.01010	0.00937	0.01369	0.01603	0.02092	0.04637	0.30857	0.18313	0.14906	0.01828	0.00419	0.07445	0.01750	0.00664	0.00709
34	0.01037	0.00741	0.00987	0.01185	0.01234	0.00691	0.00790	0.01185	0.01629	0.02172	0.04690	0.69537	0.05629	0.02666	0.01086	0.00346	0.00494	0.02419	0.00790	0.00691
35	0.03760	0.01542	0.02033	0.01559	0.02219	0.01390	0.01288	0.09956	0.02593	0.59342	0.03225	0.02811	0.02040	0.01050	0.00855	0.00263	0.00745	0.00847	0.01033	0.01448
36	0.01844	0.03562	0.43356	0.03327	0.21777	0.02001	0.06800	0.02672	0.01852	0.02722	0.01562	0.01921	0.01172	0.00788	0.00831	0.00266	0.01196	0.00692	0.00382	0.01277
37	0.02085	0.01338	0.01395	0.01194	0.01564	0.01410	0.00946	0.22180	0.02550	0.03826	0.03116	0.03295	0.08190	0.01119	0.00723	0.00227	0.00583	0.00885	0.42368	0.01007
38	0.01342	0.00906	0.01013	0.00982	0.01017	0.00919	0.00573	0.04397	0.01381	0.01843	0.02648	0.05386	0.03008	0.66498	0.04150	0.00795	0.00831	0.01213	0.00533	0.00564
39	0.02507	0.02743	0.02872	0.03398	0.27372	0.25411	0.02070	0.05992	0.02101	0.02532	0.01431	0.01852	0.01220	0.00952	0.01181	0.00263	0.13837	0.00681	0.00442	0.01145
40	0.03044	0.03680	0.02308	0.02081	0.02522	0.56486	0.01571	0.06537	0.05448	0.02391	0.01539	0.01731	0.01248	0.00905	0.00767	0.00223	0.01399	0.00593	0.04506	0.01019
41	0.01216	0.00912	0.01368	0.01368	0.01520	0.01064	0.01064	0.01520	0.01368	0.01976	0.02279	0.03343	0.02127	0.06382	0.66720	0.01368	0.02279	0.00912	0.00456	0.00760
42	0.01848	0.01705	0.08276	0.14143	0.05801	0.01556	0.01590	0.05852	0.13421	0.08047	0.20813	0.03933	0.06936	0.01253	0.00902	0.00274	0.00761	0.01075	0.00733	0.01083
43	0.02796	0.03709	0.08924	0.02289	0.02771	0.48391	0.04741	0.03113	0.02181	0.02171	0.01330	0.01642	0.01107	0.00945	0.01056	0.00248	0.10545	0.00605	0.00421	0.01014
44	0.01068	0.00856	0.00902	0.00895	0.01121	0.00746	0.00638	0.01263	0.01858	0.02292	0.13130	0.07525	0.47509	0.14583	0.01616	0.00384	0.00500	0.01668	0.00755	0.00690
45	0.01233	0.00827	0.00914	0.00914	0.00954	0.00813	0.00533	0.01276	0.01338	0.01798	0.03283	0.05703	0.09210	0.59525	0.03795	0.00737	0.00762	0.01270	0.04564	0.00551
46	0.01037	0.00741	0.00987	0.01185	0.01234	0.00691	0.00790	0.01185	0.01629	0.02172	0.04690	0.69537	0.05629	0.02666	0.01086	0.00346	0.00494	0.02419	0.00790	0.00691
47	0.13871	0.40643	0.06473	0.01629	0.02282	0.18352	0.01502	0.02753	0.01854	0.02336	0.01232	0.01430	0.01066	0.00778	0.00609	0.00208	0.01039	0.00487	0.00407	0.01048
48	0.02872	0.02453	0.09334	0.02133	0.06717	0.02320	0.01771	0.43339	0.03341	0.07063	0.01958	0.02027	0.01409	0.00943	0.00824	0.00244	0.00937	0.00728	0.00743	0.08842
49	0.02976	0.16454	0.05372	0.01899	0.02587	0.09360	0.01647	0.41584	0.03292	0.04241	0.01774	0.01844	0.01325	0.00939	0.00779	0.00237	0.01005	0.00675	0.00691	0.01320
50	0.01031	0.00763	0.00964	0.01126	0.01219	0.00696	0.00764	0.01192	0.01686	0.02196	0.05412	0.58277	0.16423	0.02572	0.01071	0.00335	0.00482	0.02305	0.00790	0.00696
51	0.01238	0.00825	0.00928	0.00928	0.00928	0.00825	0.00516	0.01238	0.01238	0.01650	0.02681	0.05569	0.03094	0.70092	0.04331	0.00825	0.00825	0.01238	0.00516	0.00516
52	0.01233	0.00843	0.01020	0.01020	0.01052	0.00875	0.00630	0.01296	0.01265	0.01718	0.02598	0.05105	0.02892	0.56803	0.17345	0.00938	0.01128	0.01170	0.00503	0.00567
53	0.01943	0.06942	0.56656	0.02292	0.03467	0.01963	0.02882	0.02835	0.01858	0.08965	0.01696	0.01889	0.01182	0.00830	0.00802	0.00265	0.01189	0.00644	0.00429	0.01270
54	0.01430	0.00771	0.01156	0.01156	0.01184	0.00799	0.00799	0.01184	0.01156	0.01569	0.01625	0.02726	0.01597	0.03585	0.14962	0.61681	0.01022	0.00771	0.00385	0.00441
55	0.01195	0.00865	0.01204	0.01233	0.01332	0.00950	0.00889	0.01401	0.01374	0.01924	0.02733	0.13619	0.02880	0.21514	0.41721	0.01084	0.01659	0.01214	0.00520	0.00690
56	0.01170	0.00896	0.01214	0.07916	0.01791	0.00883	0.01038	0.01443	0.01827	0.02389	0.10961	0.35274	0.14521	0.02250	0.01059	0.00331	0.00595	0.12929	0.00762	0.00750
57	0.02058	0.01954	0.03319	0.04985	0.60680	0.01954	0.02531	0.02556	0.01939	0.02765	0.01790	0.02594	0.01579	0.00862	0.00864	0.00262	0.00996	0.04554	0.00445	0.01311
58	0.01971	0.01831	0.03072	0.04552	0.53216	0.01831	0.02384	0.02456	0.01942	0.02737	0.02134	0.03482	0.02000	0.01051	0.00904	0.00278	0.00969	0.11459	0.00488	0.01244
59	0.01087	0.00784	0.01036	0.01190	0.01282	0.00733	0.00837	0.01294	0.01776	0.02378	0.12884	0.53304	0.08272	0.02493	0.01080	0.00337	0.00504	0.07207	0.00809	0.00715
60	0.02350	0.02694	0.02511	0.19001	0.03326	0.29322	0.01898	0.02647	0.01870	0.02095	0.01301	0.01828	0.01113	0.01069	0.01447	0.00285	0.23216	0.00665	0.00402	0.00958
61	0.06677	0.01308	0.01514	0.07985	0.02082	0.01364	0.01116	0.02700	0.18070	0.11960	0.04685	0.09769	0.20795	0.04883	0.01070	0.00313	0.00648	0.01268	0.00777	0.01016

[dist]
# distance from previous block
# <min> <max>
0	11

# created by:
# /home/cegg/simao/soft/augustus-3.2.1/scripts/msa2prfl.pl ./align_prep/13908.fa
