[name]
unknown

[dist]
# distance from previous block
# <min> <max>
0	5

[block]
# block no. 0 follows, 20 sequences, length 44
# corresponding to MSA columns:
# 5-48
name=unknown_A
#
# <colnr> <probs for GDERKNQSTAVLIFYWHMCP>
#	G	D	E	R	K	N	Q	S	T	A	V	L	I	F	Y	W	H	M	C	P
0	0.01406	0.00949	0.01284	0.01477	0.04779	0.00915	0.01003	0.01622	0.01760	0.05648	0.07361	0.31241	0.04730	0.17348	0.01848	0.00460	0.00683	0.13964	0.00748	0.00774
1	0.01857	0.01106	0.01338	0.01247	0.01455	0.01110	0.00867	0.04638	0.07000	0.13008	0.03221	0.15092	0.03239	0.33357	0.07068	0.00631	0.00866	0.01332	0.00712	0.00856
2	0.01387	0.00869	0.01030	0.01020	0.01108	0.00843	0.00650	0.01524	0.01622	0.04942	0.13457	0.12461	0.04202	0.41443	0.02997	0.00612	0.00691	0.01398	0.07078	0.00666
3	0.01213	0.00849	0.01004	0.01014	0.01095	0.00813	0.00646	0.01349	0.01666	0.02245	0.17861	0.14293	0.09964	0.38940	0.02908	0.00599	0.00664	0.01548	0.00691	0.00639
4	0.01197	0.00816	0.00972	0.01042	0.01060	0.00798	0.00626	0.01250	0.01407	0.01877	0.03461	0.27531	0.04070	0.46296	0.03289	0.00676	0.00728	0.01688	0.00626	0.00591
5	0.01334	0.00840	0.00926	0.00926	0.00963	0.00840	0.00543	0.01408	0.01371	0.01976	0.02766	0.05260	0.03000	0.56867	0.03740	0.00728	0.00765	0.01185	0.13979	0.00580
6	0.01212	0.00833	0.01017	0.01070	0.01100	0.00837	0.00664	0.01286	0.01388	0.01868	0.03240	0.21893	0.03739	0.45066	0.10342	0.00779	0.00921	0.01547	0.00595	0.00603
7	0.01802	0.01262	0.01385	0.01226	0.01408	0.01330	0.00823	0.16820	0.02006	0.02682	0.02578	0.04767	0.02732	0.51561	0.03511	0.00694	0.00875	0.01143	0.00618	0.00777
8	0.01276	0.00926	0.01171	0.01216	0.01374	0.00887	0.00867	0.05495	0.02125	0.02895	0.24937	0.40344	0.08638	0.02269	0.01064	0.00318	0.00502	0.02027	0.00866	0.00803
9	0.03147	0.03638	0.02440	0.02158	0.02651	0.48962	0.01648	0.12597	0.09320	0.02827	0.01707	0.01840	0.01349	0.00953	0.00811	0.00238	0.01380	0.00643	0.00564	0.01126
10	0.01169	0.00862	0.01117	0.01282	0.01426	0.00810	0.00977	0.01415	0.01838	0.02375	0.05482	0.38541	0.16076	0.02532	0.01128	0.00359	0.00591	0.20469	0.00808	0.00744
11	0.01109	0.00790	0.00987	0.01123	0.01183	0.00743	0.00730	0.01231	0.01603	0.02111	0.04671	0.48559	0.10190	0.18481	0.01895	0.00466	0.00581	0.02137	0.00743	0.00668
12	0.01332	0.00937	0.01130	0.01190	0.01279	0.00931	0.00784	0.06445	0.01739	0.02321	0.03839	0.40531	0.04472	0.26279	0.02276	0.00521	0.00666	0.01901	0.00715	0.00712
13	0.02189	0.07732	0.02187	0.01611	0.02136	0.06246	0.01311	0.18494	0.02356	0.03195	0.01917	0.02369	0.01611	0.02725	0.22184	0.00597	0.01379	0.00728	0.00582	0.18450
14	0.02107	0.01748	0.02365	0.02540	0.16767	0.01829	0.04231	0.15283	0.13419	0.03771	0.22050	0.03757	0.03843	0.01231	0.00931	0.00273	0.00775	0.01086	0.00780	0.01214
15	0.01590	0.01103	0.01257	0.01168	0.01496	0.01037	0.00889	0.05177	0.07417	0.09180	0.17554	0.13344	0.31622	0.01918	0.01003	0.00293	0.00523	0.01631	0.00877	0.00923
16	0.02043	0.01936	0.01746	0.01756	0.05313	0.18632	0.01251	0.06302	0.01996	0.02561	0.02260	0.06395	0.02053	0.05917	0.21975	0.00640	0.01443	0.00892	0.13972	0.00915
17	0.01626	0.00813	0.00813	0.00813	0.01016	0.00813	0.00610	0.02033	0.01829	0.03252	0.02846	0.03252	0.02236	0.01016	0.00610	0.00203	0.00407	0.00813	0.74187	0.00813
18	0.01790	0.09028	0.60662	0.02418	0.03669	0.02124	0.03103	0.02752	0.01837	0.02713	0.01541	0.01811	0.01106	0.00823	0.00810	0.00270	0.01265	0.00632	0.00369	0.01277
19	0.02102	0.02346	0.09229	0.04742	0.45858	0.02097	0.15251	0.02710	0.01989	0.02830	0.01661	0.02173	0.01345	0.00773	0.00896	0.00268	0.01152	0.00820	0.00428	0.01329
20	0.23356	0.02005	0.04435	0.01650	0.02253	0.02118	0.01379	0.16090	0.23307	0.11023	0.02483	0.02395	0.01802	0.01022	0.00782	0.00277	0.00774	0.00771	0.00787	0.01288
21	0.02321	0.03662	0.41237	0.02608	0.09957	0.07458	0.02675	0.03088	0.02032	0.13992	0.01897	0.02059	0.01329	0.00875	0.00838	0.00269	0.01186	0.00694	0.00512	0.01311
22	0.01037	0.00861	0.00907	0.00944	0.01194	0.00731	0.00690	0.01245	0.01930	0.02333	0.08101	0.19421	0.52998	0.02305	0.01046	0.00305	0.00454	0.01958	0.00810	0.00731
23	0.01063	0.00759	0.01012	0.01215	0.01265	0.00709	0.00810	0.01215	0.01670	0.02227	0.04808	0.68775	0.05769	0.02733	0.01113	0.00354	0.00506	0.02480	0.00810	0.00709
24	0.01809	0.01550	0.01809	0.01292	0.02067	0.01163	0.01034	0.02196	0.01809	0.02842	0.01550	0.01809	0.01292	0.00646	0.00646	0.00129	0.00646	0.00517	0.00517	0.74677
25	0.01178	0.00808	0.00978	0.01067	0.01089	0.00786	0.00652	0.01245	0.01444	0.01926	0.03650	0.33335	0.04309	0.40165	0.02983	0.00630	0.00697	0.01799	0.00652	0.00607
26	0.62324	0.01825	0.01526	0.01304	0.01873	0.02093	0.01075	0.13234	0.01962	0.04203	0.01375	0.01541	0.01043	0.00853	0.00601	0.00268	0.00727	0.00529	0.00601	0.01043
27	0.02144	0.48758	0.24034	0.01814	0.02735	0.02991	0.02051	0.02661	0.01795	0.02282	0.01327	0.01542	0.01115	0.00773	0.00647	0.00216	0.01048	0.00524	0.00372	0.01174
28	0.01031	0.00884	0.00884	0.00884	0.01178	0.00736	0.00663	0.01252	0.01988	0.02356	0.08837	0.08395	0.63549	0.02209	0.01031	0.00295	0.00442	0.01841	0.00810	0.00736
29	0.01074	0.00825	0.00989	0.01111	0.01268	0.00740	0.00793	0.01270	0.01819	0.02305	0.06386	0.40843	0.28541	0.02504	0.01087	0.00334	0.00501	0.06074	0.00809	0.00726
30	0.03316	0.02443	0.02618	0.02007	0.02705	0.02705	0.01658	0.60995	0.04101	0.05497	0.02094	0.02094	0.01483	0.01047	0.00873	0.00262	0.00960	0.00785	0.00873	0.01483
31	0.37399	0.02129	0.01853	0.01577	0.02141	0.07755	0.01271	0.17930	0.13349	0.04114	0.01877	0.01939	0.01411	0.00946	0.00710	0.00269	0.00829	0.00654	0.00680	0.01168
32	0.01235	0.00892	0.01166	0.01097	0.01303	0.00823	0.00823	0.01646	0.02469	0.03498	0.63443	0.06516	0.08230	0.01783	0.01029	0.00274	0.00412	0.01578	0.00960	0.00823
33	0.03726	0.01786	0.02211	0.01695	0.02377	0.01730	0.01400	0.22105	0.03001	0.45940	0.03017	0.02694	0.01947	0.01069	0.00876	0.00267	0.00811	0.00848	0.01014	0.01484
34	0.02332	0.69869	0.04571	0.01493	0.02239	0.03451	0.01493	0.02612	0.01772	0.02052	0.01213	0.01399	0.01119	0.00746	0.00560	0.00187	0.00933	0.00466	0.00373	0.01119
35	0.01031	0.00884	0.00884	0.00884	0.01178	0.00736	0.00663	0.01252	0.01988	0.02356	0.08837	0.08395	0.63549	0.02209	0.01031	0.00295	0.00442	0.01841	0.00810	0.00736
36	0.03537	0.01568	0.02013	0.01600	0.02236	0.01474	0.01303	0.04334	0.15405	0.51377	0.03465	0.03031	0.02268	0.01102	0.00879	0.00276	0.00731	0.00901	0.01038	0.01462
37	0.03096	0.15968	0.02871	0.02083	0.02614	0.47494	0.01647	0.09660	0.02524	0.02490	0.01406	0.01599	0.01162	0.00887	0.00755	0.00222	0.01389	0.00569	0.00482	0.01083
38	0.02265	0.01120	0.01496	0.01272	0.01658	0.01000	0.01000	0.02648	0.02480	0.26969	0.40360	0.05151	0.05895	0.01513	0.00970	0.00273	0.00539	0.01308	0.01006	0.01078
39	0.01062	0.00885	0.00926	0.00916	0.01197	0.00749	0.00687	0.01311	0.02060	0.02528	0.17036	0.08113	0.55243	0.02145	0.01031	0.00292	0.00437	0.01801	0.00833	0.00749
40	0.02840	0.02120	0.02285	0.01871	0.02475	0.02365	0.01507	0.31621	0.30286	0.08740	0.02845	0.02679	0.02063	0.01111	0.00880	0.00278	0.00823	0.00882	0.00894	0.01437
41	0.06546	0.01935	0.02132	0.01598	0.02324	0.01866	0.01304	0.27273	0.02791	0.06403	0.01836	0.01953	0.01388	0.00842	0.00745	0.00199	0.00785	0.00642	0.00691	0.36749
42	0.02346	0.02485	0.03264	0.04434	0.45790	0.15782	0.04667	0.02797	0.02094	0.02673	0.01877	0.02296	0.03872	0.00860	0.00860	0.00254	0.01145	0.00784	0.00451	0.01267
43	0.15736	0.02451	0.03275	0.03644	0.28322	0.13975	0.14702	0.02832	0.02001	0.02899	0.01535	0.01956	0.01241	0.00797	0.00826	0.00262	0.01164	0.00736	0.00457	0.01189

[dist]
# distance from previous block
# <min> <max>
1	3

[block]
# block no. 1 follows, 20 sequences, length 49
# corresponding to MSA columns:
# 52-100
name=unknown_B
#
# <colnr> <probs for GDERKNQSTAVLIFYWHMCP>
#	G	D	E	R	K	N	Q	S	T	A	V	L	I	F	Y	W	H	M	C	P
0	0.03221	0.06751	0.09945	0.01990	0.02671	0.23573	0.01740	0.15604	0.02706	0.20256	0.02105	0.02093	0.01485	0.00963	0.00822	0.00249	0.01144	0.00701	0.00699	0.01281
1	0.02087	0.12733	0.02194	0.01458	0.01959	0.01916	0.01205	0.18972	0.08304	0.03627	0.18326	0.04216	0.13524	0.01368	0.00878	0.00255	0.00695	0.01111	0.00788	0.04384
2	0.05726	0.02025	0.01726	0.01542	0.01894	0.18089	0.01173	0.09851	0.05668	0.03333	0.30205	0.04208	0.04617	0.04871	0.01091	0.00290	0.00833	0.01112	0.00770	0.00976
3	0.02112	0.36355	0.32221	0.01989	0.02970	0.06027	0.02300	0.02726	0.01841	0.02384	0.01382	0.01612	0.01113	0.00792	0.00695	0.00230	0.01130	0.00553	0.00375	0.01192
4	0.02245	0.01544	0.01842	0.01387	0.02054	0.01307	0.01115	0.09064	0.02277	0.13502	0.10916	0.02718	0.02466	0.00928	0.00766	0.00189	0.00663	0.00761	0.00715	0.43542
5	0.01205	0.00931	0.01090	0.01056	0.01290	0.00858	0.00780	0.01622	0.05320	0.02948	0.35062	0.10109	0.26963	0.05440	0.01203	0.00316	0.00464	0.01669	0.00874	0.00801
6	0.02976	0.01942	0.02192	0.01758	0.02354	0.02073	0.01425	0.30193	0.15761	0.17810	0.09491	0.03019	0.02626	0.01164	0.00894	0.00272	0.00795	0.00935	0.00931	0.01389
7	0.02506	0.20999	0.31384	0.01963	0.02937	0.02197	0.02224	0.03137	0.02005	0.19746	0.01994	0.02038	0.01402	0.00877	0.00771	0.00251	0.01043	0.00662	0.00567	0.01298
8	0.03002	0.02264	0.02447	0.01876	0.02575	0.02421	0.01539	0.48048	0.07170	0.04954	0.02091	0.02116	0.01522	0.00990	0.00836	0.00242	0.00893	0.00753	0.00815	0.13445
9	0.02021	0.01188	0.01483	0.04716	0.01894	0.01145	0.01069	0.02600	0.10543	0.19369	0.07962	0.21588	0.17245	0.01806	0.00982	0.00302	0.00611	0.01559	0.00880	0.01039
10	0.02538	0.01921	0.02146	0.01630	0.02340	0.01865	0.01322	0.24935	0.09250	0.07368	0.02078	0.02138	0.01561	0.00881	0.00771	0.00205	0.00775	0.00690	0.00723	0.34863
11	0.01841	0.01749	0.02967	0.43755	0.27983	0.01989	0.02519	0.02399	0.01836	0.02464	0.01585	0.02262	0.01246	0.00836	0.00869	0.00279	0.01115	0.00776	0.00404	0.01126
12	0.01031	0.00884	0.00884	0.00884	0.01178	0.00736	0.00663	0.01252	0.01988	0.02356	0.08837	0.08395	0.63549	0.02209	0.01031	0.00295	0.00442	0.01841	0.00810	0.00736
13	0.03258	0.04157	0.02472	0.02247	0.02697	0.65843	0.01685	0.03483	0.02472	0.02135	0.01348	0.01573	0.01124	0.00899	0.00787	0.00225	0.01573	0.00562	0.00449	0.01011
14	0.01059	0.00775	0.00996	0.01172	0.01254	0.00712	0.00791	0.01219	0.01710	0.02243	0.05320	0.61097	0.13116	0.02666	0.01103	0.00347	0.00498	0.02399	0.00810	0.00712
15	0.02159	0.02073	0.03541	0.05354	0.63903	0.02073	0.02677	0.02677	0.01986	0.02850	0.01641	0.02159	0.01382	0.00777	0.00864	0.00259	0.01036	0.00777	0.00432	0.01382
16	0.01057	0.00885	0.00920	0.00911	0.01194	0.00747	0.00683	0.01302	0.02049	0.02502	0.15780	0.08156	0.56515	0.02155	0.01031	0.00292	0.00438	0.01807	0.00829	0.00747
17	0.01235	0.00892	0.01166	0.01097	0.01303	0.00823	0.00823	0.01646	0.02469	0.03498	0.63443	0.06516	0.08230	0.01783	0.01029	0.00274	0.00412	0.01578	0.00960	0.00823
18	0.01809	0.01550	0.01809	0.01292	0.02067	0.01163	0.01034	0.02196	0.01809	0.02842	0.01550	0.01809	0.01292	0.00646	0.00646	0.00129	0.00646	0.00517	0.00517	0.74677
19	0.03316	0.02443	0.02618	0.02007	0.02705	0.02705	0.01658	0.60995	0.04101	0.05497	0.02094	0.02094	0.01483	0.01047	0.00873	0.00262	0.00960	0.00785	0.00873	0.01483
20	0.02129	0.02042	0.03486	0.09014	0.60479	0.02065	0.02662	0.02651	0.01972	0.02813	0.01635	0.02169	0.01369	0.00783	0.00864	0.00261	0.01044	0.00777	0.00429	0.01357
21	0.02306	0.02120	0.03423	0.04928	0.56121	0.02153	0.02547	0.10093	0.02255	0.03186	0.01698	0.02151	0.01395	0.00812	0.00865	0.00259	0.01027	0.00778	0.00488	0.01395
22	0.01063	0.00759	0.01012	0.01215	0.01265	0.00709	0.00810	0.01215	0.01670	0.02227	0.04808	0.68775	0.05769	0.02733	0.01113	0.00354	0.00506	0.02480	0.00810	0.00709
23	0.02850	0.03081	0.02566	0.02208	0.02572	0.32325	0.01749	0.15645	0.02475	0.02860	0.01448	0.01792	0.01209	0.01127	0.01453	0.00282	0.22068	0.00674	0.00521	0.01097
24	0.01069	0.00885	0.00936	0.00923	0.01201	0.00753	0.00693	0.01325	0.02078	0.02569	0.19009	0.08045	0.53244	0.02130	0.01031	0.00291	0.00436	0.01792	0.00838	0.00753
25	0.02357	0.01967	0.02078	0.01813	0.02340	0.02257	0.01426	0.13851	0.52807	0.03951	0.03312	0.03065	0.02470	0.01161	0.00885	0.00290	0.00734	0.00953	0.00885	0.01397
26	0.02063	0.01937	0.03269	0.04878	0.56007	0.01937	0.02515	0.02566	0.01989	0.02819	0.02019	0.03136	0.01844	0.00985	0.00907	0.00277	0.01007	0.08058	0.00479	0.01308
27	0.03270	0.03798	0.02502	0.02197	0.02698	0.52623	0.01680	0.15525	0.02813	0.02839	0.01505	0.01682	0.01199	0.00930	0.00805	0.00232	0.01445	0.00609	0.00538	0.01110
28	0.02332	0.69869	0.04571	0.01493	0.02239	0.03451	0.01493	0.02612	0.01772	0.02052	0.01213	0.01399	0.01119	0.00746	0.00560	0.00187	0.00933	0.00466	0.00373	0.01119
29	0.01195	0.00864	0.01158	0.01346	0.01472	0.00827	0.01034	0.01450	0.01824	0.02386	0.05007	0.41517	0.09394	0.02570	0.01144	0.00369	0.00618	0.24269	0.00807	0.00748
30	0.01316	0.00954	0.01281	0.01368	0.01577	0.00918	0.01138	0.01709	0.02179	0.02924	0.26840	0.08502	0.10187	0.02162	0.01127	0.00347	0.00633	0.33169	0.00862	0.00806
31	0.01268	0.00846	0.00951	0.00951	0.00951	0.00846	0.00529	0.01268	0.01268	0.01691	0.02748	0.05708	0.03171	0.69345	0.04440	0.00846	0.00846	0.01268	0.00529	0.00529
32	0.01063	0.00759	0.01012	0.01215	0.01265	0.00709	0.00810	0.01215	0.01670	0.02227	0.04808	0.68775	0.05769	0.02733	0.01113	0.00354	0.00506	0.02480	0.00810	0.00709
33	0.01176	0.00840	0.01142	0.01344	0.01444	0.00806	0.01006	0.01410	0.01781	0.02353	0.04745	0.49340	0.05522	0.02626	0.01144	0.00370	0.00604	0.20799	0.00808	0.00740
34	0.03316	0.02443	0.02618	0.02007	0.02705	0.02705	0.01658	0.60995	0.04101	0.05497	0.02094	0.02094	0.01483	0.01047	0.00873	0.00262	0.00960	0.00785	0.00873	0.01483
35	0.01771	0.04366	0.60777	0.02567	0.03828	0.02038	0.07124	0.02765	0.01856	0.02765	0.01579	0.01876	0.01120	0.00822	0.00842	0.00277	0.01301	0.00671	0.00373	0.01281
36	0.01052	0.00800	0.00970	0.01105	0.01236	0.00718	0.00761	0.01227	0.01775	0.02269	0.06136	0.48864	0.24823	0.02560	0.01086	0.00335	0.00485	0.02269	0.00810	0.00718
37	0.01731	0.01636	0.02767	0.57128	0.15474	0.01960	0.02464	0.02302	0.01784	0.02330	0.01565	0.02298	0.01199	0.00857	0.00871	0.00286	0.01142	0.00776	0.00395	0.01036
38	0.02059	0.02353	0.05147	0.03676	0.04559	0.02206	0.60735	0.02794	0.02059	0.02794	0.01765	0.02353	0.01324	0.00735	0.01029	0.00294	0.01471	0.01029	0.00441	0.01176
39	0.01750	0.04512	0.64825	0.02486	0.03775	0.02026	0.03223	0.02762	0.01842	0.02762	0.01565	0.01842	0.01105	0.00829	0.00829	0.00276	0.01289	0.00645	0.00368	0.01289
40	0.01031	0.00884	0.00884	0.00884	0.01178	0.00736	0.00663	0.01252	0.01988	0.02356	0.08837	0.08395	0.63549	0.02209	0.01031	0.00295	0.00442	0.01841	0.00810	0.00736
41	0.09231	0.01590	0.02525	0.57441	0.08411	0.01947	0.02284	0.02285	0.01730	0.02432	0.01520	0.02224	0.01151	0.00861	0.00838	0.00287	0.01107	0.00744	0.00405	0.00987
42	0.01647	0.01550	0.02616	0.67248	0.06008	0.01938	0.02422	0.02229	0.01744	0.02229	0.01550	0.02326	0.01163	0.00872	0.00872	0.00291	0.01163	0.00775	0.00388	0.00969
43	0.02059	0.02353	0.05147	0.03676	0.04559	0.02206	0.60735	0.02794	0.02059	0.02794	0.01765	0.02353	0.01324	0.00735	0.01029	0.00294	0.01471	0.01029	0.00441	0.01176
44	0.01171	0.00915	0.01079	0.01113	0.01364	0.00823	0.00885	0.01481	0.02104	0.02684	0.20419	0.08320	0.36171	0.02161	0.01074	0.00317	0.00525	0.15778	0.00843	0.00773
45	0.23312	0.02722	0.02206	0.01837	0.02420	0.20489	0.01468	0.28409	0.02912	0.04100	0.01638	0.01758	0.01232	0.00939	0.00756	0.00253	0.01056	0.00635	0.00660	0.01200
46	0.01104	0.00936	0.00963	0.00965	0.01263	0.00817	0.00737	0.01438	0.04757	0.02430	0.08359	0.08239	0.57494	0.02173	0.01034	0.00301	0.00473	0.04934	0.00813	0.00770
47	0.01063	0.00759	0.01012	0.01215	0.01265	0.00709	0.00810	0.01215	0.01670	0.02227	0.04808	0.68775	0.05769	0.02733	0.01113	0.00354	0.00506	0.02480	0.00810	0.00709
48	0.01810	0.04091	0.53188	0.02718	0.03928	0.02061	0.14437	0.02769	0.01884	0.02769	0.01604	0.01941	0.01148	0.00811	0.00868	0.00280	0.01325	0.00720	0.00383	0.01267

[dist]
# distance from previous block
# <min> <max>
0	4

[block]
# block no. 2 follows, 20 sequences, length 32
# corresponding to MSA columns:
# 105-136
name=unknown_C
#
# <colnr> <probs for GDERKNQSTAVLIFYWHMCP>
#	G	D	E	R	K	N	Q	S	T	A	V	L	I	F	Y	W	H	M	C	P
0	0.02144	0.53366	0.13929	0.01643	0.02425	0.03016	0.01734	0.02543	0.01751	0.02163	0.01368	0.01648	0.01210	0.01268	0.06338	0.00308	0.01113	0.00536	0.00381	0.01117
1	0.01750	0.04512	0.64825	0.02486	0.03775	0.02026	0.03223	0.02762	0.01842	0.02762	0.01565	0.01842	0.01105	0.00829	0.00829	0.00276	0.01289	0.00645	0.00368	0.01289
2	0.01076	0.00765	0.01008	0.01197	0.01244	0.00718	0.00791	0.01218	0.01643	0.02191	0.04670	0.64562	0.05596	0.07183	0.01336	0.00387	0.00529	0.02399	0.00791	0.00696
3	0.01750	0.04512	0.64825	0.02486	0.03775	0.02026	0.03223	0.02762	0.01842	0.02762	0.01565	0.01842	0.01105	0.00829	0.00829	0.00276	0.01289	0.00645	0.00368	0.01289
4	0.01750	0.04512	0.64825	0.02486	0.03775	0.02026	0.03223	0.02762	0.01842	0.02762	0.01565	0.01842	0.01105	0.00829	0.00829	0.00276	0.01289	0.00645	0.00368	0.01289
5	0.02127	0.02040	0.03484	0.09165	0.60339	0.02064	0.02661	0.02649	0.01971	0.02812	0.01635	0.02169	0.01368	0.00783	0.00864	0.00261	0.01044	0.00777	0.00429	0.01356
6	0.01750	0.04512	0.64825	0.02486	0.03775	0.02026	0.03223	0.02762	0.01842	0.02762	0.01565	0.01842	0.01105	0.00829	0.00829	0.00276	0.01289	0.00645	0.00368	0.01289
7	0.01647	0.01550	0.02616	0.67248	0.06008	0.01938	0.02422	0.02229	0.01744	0.02229	0.01550	0.02326	0.01163	0.00872	0.00872	0.00291	0.01163	0.00775	0.00388	0.00969
8	0.01473	0.01193	0.01401	0.01554	0.01769	0.05455	0.01311	0.01826	0.02012	0.02524	0.04788	0.13803	0.10108	0.02312	0.01153	0.00376	0.00800	0.44557	0.00780	0.00804
9	0.01754	0.01698	0.02989	0.52947	0.13270	0.01982	0.08309	0.02343	0.01807	0.02365	0.01583	0.02307	0.01207	0.00846	0.00887	0.00287	0.01178	0.00801	0.00399	0.01043
10	0.02008	0.02283	0.09159	0.13549	0.18739	0.02111	0.24269	0.02935	0.10458	0.02838	0.01935	0.02384	0.01482	0.00838	0.00927	0.00284	0.01192	0.00889	0.00487	0.01233
11	0.01647	0.01550	0.02616	0.67248	0.06008	0.01938	0.02422	0.02229	0.01744	0.02229	0.01550	0.02326	0.01163	0.00872	0.00872	0.00291	0.01163	0.00775	0.00388	0.00969
12	0.03316	0.02443	0.02618	0.02007	0.02705	0.02705	0.01658	0.60995	0.04101	0.05497	0.02094	0.02094	0.01483	0.01047	0.00873	0.00262	0.00960	0.00785	0.00873	0.01483
13	0.03505	0.02140	0.02430	0.01863	0.02554	0.02255	0.01539	0.43057	0.03594	0.24152	0.02520	0.02371	0.01697	0.01057	0.00874	0.00264	0.00891	0.00814	0.00938	0.01484
14	0.03316	0.02443	0.02618	0.02007	0.02705	0.02705	0.01658	0.60995	0.04101	0.05497	0.02094	0.02094	0.01483	0.01047	0.00873	0.00262	0.00960	0.00785	0.00873	0.01483
15	0.01060	0.00770	0.01001	0.01186	0.01258	0.00711	0.00797	0.01218	0.01698	0.02238	0.05161	0.63475	0.10841	0.02687	0.01106	0.00349	0.00500	0.02424	0.00810	0.00711
16	0.01479	0.00758	0.01127	0.01143	0.01147	0.00754	0.00762	0.01143	0.01179	0.01572	0.01776	0.07889	0.01852	0.03007	0.03227	0.68739	0.00738	0.00894	0.00413	0.00405
17	0.03015	0.02490	0.02306	0.01924	0.02503	0.15278	0.01527	0.23969	0.22149	0.11769	0.02579	0.02470	0.01873	0.01064	0.00860	0.00266	0.00972	0.00815	0.00817	0.01354
18	0.02239	0.13113	0.02283	0.01613	0.02096	0.06639	0.01319	0.08313	0.22640	0.07318	0.11198	0.06096	0.05417	0.01321	0.00876	0.00273	0.00776	0.04521	0.00781	0.01168
19	0.03233	0.03196	0.02598	0.02279	0.05707	0.31056	0.01720	0.32278	0.03265	0.03856	0.01737	0.01863	0.01317	0.00967	0.00833	0.00245	0.01239	0.00684	0.00661	0.01266
20	0.02070	0.02778	0.15541	0.02421	0.02807	0.11106	0.06229	0.02472	0.01644	0.02288	0.01302	0.01880	0.01146	0.01243	0.02036	0.00333	0.40536	0.00730	0.00392	0.01046
21	0.03357	0.02377	0.02577	0.01975	0.02672	0.02606	0.01632	0.57058	0.03990	0.09592	0.02188	0.02155	0.01530	0.01049	0.00873	0.00262	0.00945	0.00792	0.00887	0.01483
22	0.03282	0.01654	0.02056	0.01578	0.02261	0.01516	0.01290	0.11333	0.07311	0.39763	0.02900	0.02648	0.01939	0.00998	0.00832	0.00243	0.00748	0.00803	0.00926	0.15920
23	0.01193	0.00890	0.01108	0.01054	0.01278	0.00805	0.00790	0.01565	0.02371	0.03264	0.52263	0.06900	0.19556	0.01870	0.01029	0.00278	0.00418	0.01631	0.00929	0.00805
24	0.01246	0.00935	0.01402	0.01402	0.01558	0.01090	0.01090	0.01558	0.01402	0.02025	0.02336	0.03427	0.02181	0.06542	0.65888	0.01402	0.02336	0.00935	0.00467	0.00779
25	0.02092	0.01556	0.01716	0.01469	0.01888	0.01647	0.01143	0.19008	0.15540	0.06040	0.17142	0.04667	0.13221	0.07420	0.01249	0.00329	0.00681	0.01216	0.00863	0.01113
26	0.01809	0.01550	0.01809	0.01292	0.02067	0.01163	0.01034	0.02196	0.01809	0.02842	0.01550	0.01809	0.01292	0.00646	0.00646	0.00129	0.00646	0.00517	0.00517	0.74677
27	0.02154	0.03848	0.36879	0.03050	0.14917	0.15111	0.06322	0.02896	0.02011	0.02652	0.01547	0.01878	0.01174	0.00828	0.00839	0.00264	0.01311	0.00676	0.00401	0.01243
28	0.09217	0.08063	0.49497	0.02395	0.03540	0.02122	0.07936	0.02736	0.01821	0.02837	0.01526	0.01817	0.01109	0.00814	0.00801	0.00272	0.01221	0.00650	0.00392	0.01234
29	0.14124	0.07867	0.08975	0.12678	0.15651	0.10076	0.02018	0.13098	0.02274	0.03237	0.01562	0.01891	0.01216	0.00863	0.00778	0.00258	0.01067	0.00665	0.00512	0.01191
30	0.01821	0.29996	0.07654	0.01406	0.01952	0.05970	0.01317	0.02182	0.02051	0.02567	0.19841	0.04033	0.13484	0.01294	0.00804	0.00238	0.00773	0.01024	0.00614	0.00980
31	0.02615	0.36808	0.03794	0.01940	0.02622	0.14530	0.09078	0.03121	0.06808	0.08559	0.01717	0.01858	0.01373	0.00841	0.00720	0.00224	0.01082	0.00639	0.00508	0.01164

[dist]
# distance from previous block
# <min> <max>
5	8

[block]
# block no. 3 follows, 20 sequences, length 20
# corresponding to MSA columns:
# 145-164
name=unknown_D
#
# <colnr> <probs for GDERKNQSTAVLIFYWHMCP>
#	G	D	E	R	K	N	Q	S	T	A	V	L	I	F	Y	W	H	M	C	P
0	0.01261	0.01595	0.13864	0.01424	0.01826	0.01035	0.01340	0.01671	0.01935	0.02583	0.12681	0.23850	0.19840	0.02051	0.01037	0.00320	0.00675	0.09415	0.00740	0.00860
1	0.02198	0.42605	0.25205	0.01889	0.02802	0.07440	0.02103	0.02726	0.01847	0.02303	0.01344	0.01564	0.01115	0.00786	0.00669	0.00220	0.01102	0.00535	0.00377	0.01170
2	0.01939	0.25822	0.45179	0.02162	0.03274	0.02491	0.02659	0.02713	0.01819	0.02531	0.01450	0.01697	0.01110	0.00802	0.00741	0.00247	0.01173	0.00586	0.00370	0.01234
3	0.02033	0.12485	0.38103	0.02540	0.09762	0.02286	0.02597	0.07042	0.09477	0.02978	0.01809	0.02009	0.01355	0.00871	0.00807	0.00264	0.01118	0.00687	0.00475	0.01301
4	0.01827	0.13173	0.56840	0.02355	0.03572	0.02215	0.02994	0.02742	0.01832	0.02668	0.01519	0.01783	0.01107	0.00818	0.00793	0.00264	0.01242	0.00621	0.00369	0.01267
5	0.01981	0.01891	0.03218	0.26924	0.43727	0.02026	0.02588	0.02521	0.01902	0.02633	0.01609	0.02217	0.01305	0.00810	0.00867	0.00270	0.01080	0.00777	0.00416	0.01238
6	0.01750	0.04512	0.64825	0.02486	0.03775	0.02026	0.03223	0.02762	0.01842	0.02762	0.01565	0.01842	0.01105	0.00829	0.00829	0.00276	0.01289	0.00645	0.00368	0.01289
7	0.01750	0.04512	0.64825	0.02486	0.03775	0.02026	0.03223	0.02762	0.01842	0.02762	0.01565	0.01842	0.01105	0.00829	0.00829	0.00276	0.01289	0.00645	0.00368	0.01289
8	0.01124	0.00953	0.00978	0.00960	0.01263	0.00842	0.00723	0.01514	0.06244	0.02520	0.11969	0.07914	0.55738	0.02110	0.01021	0.00293	0.00457	0.01764	0.00825	0.00787
9	0.11208	0.04150	0.56677	0.02314	0.03508	0.02017	0.02931	0.02737	0.01796	0.02910	0.01520	0.01787	0.01084	0.00826	0.00792	0.00275	0.01210	0.00622	0.00390	0.01245
10	0.02888	0.30427	0.03311	0.01946	0.02514	0.40901	0.01608	0.03135	0.02192	0.02102	0.01294	0.01504	0.01122	0.00838	0.00696	0.00209	0.01317	0.00524	0.00419	0.01054
11	0.01163	0.00825	0.01100	0.01285	0.01366	0.00791	0.00927	0.01360	0.01715	0.02271	0.04580	0.49146	0.05360	0.08569	0.01430	0.00409	0.00607	0.15598	0.00783	0.00715
12	0.01063	0.00759	0.01012	0.01215	0.01265	0.00709	0.00810	0.01215	0.01670	0.02227	0.04808	0.68775	0.05769	0.02733	0.01113	0.00354	0.00506	0.02480	0.00810	0.00709
13	0.02332	0.69869	0.04571	0.01493	0.02239	0.03451	0.01493	0.02612	0.01772	0.02052	0.01213	0.01399	0.01119	0.00746	0.00560	0.00187	0.00933	0.00466	0.00373	0.01119
14	0.03169	0.02370	0.02535	0.01977	0.02649	0.02636	0.01622	0.53768	0.11568	0.05260	0.02281	0.02243	0.01635	0.01065	0.00875	0.00266	0.00925	0.00811	0.00875	0.01470
15	0.01063	0.00759	0.01012	0.01215	0.01265	0.00709	0.00810	0.01215	0.01670	0.02227	0.04808	0.68775	0.05769	0.02733	0.01113	0.00354	0.00506	0.02480	0.00810	0.00709
16	0.03258	0.04157	0.02472	0.02247	0.02697	0.65843	0.01685	0.03483	0.02472	0.02135	0.01348	0.01573	0.01124	0.00899	0.00787	0.00225	0.01573	0.00562	0.00449	0.01011
17	0.02163	0.01990	0.02889	0.03868	0.38312	0.02113	0.02139	0.03490	0.27041	0.03182	0.02434	0.02614	0.01914	0.00946	0.00874	0.00274	0.00893	0.00864	0.00621	0.01381
18	0.01056	0.00841	0.00947	0.01013	0.01217	0.00732	0.00725	0.01265	0.01909	0.02387	0.11063	0.29312	0.39736	0.02363	0.01060	0.00314	0.00462	0.02046	0.00820	0.00732
19	0.20658	0.21338	0.06866	0.02280	0.14549	0.02393	0.01663	0.06845	0.05584	0.03082	0.01766	0.06226	0.01556	0.00954	0.00712	0.00251	0.00870	0.00730	0.00523	0.01154

[dist]
# distance from previous block
# <min> <max>
0	6

[block]
# block no. 4 follows, 20 sequences, length 8
# corresponding to MSA columns:
# 171-178
name=unknown_E
#
# <colnr> <probs for GDERKNQSTAVLIFYWHMCP>
#	G	D	E	R	K	N	Q	S	T	A	V	L	I	F	Y	W	H	M	C	P
0	0.02799	0.03287	0.02918	0.03544	0.28248	0.39221	0.02099	0.03147	0.02269	0.02433	0.01470	0.01818	0.01231	0.00848	0.00819	0.00239	0.01349	0.00652	0.00442	0.01166
1	0.01951	0.27105	0.43996	0.02143	0.03244	0.02519	0.02625	0.02710	0.01818	0.02517	0.01443	0.01689	0.01110	0.00800	0.00736	0.00245	0.01166	0.00583	0.00370	0.01230
2	0.02009	0.33676	0.37939	0.02043	0.03090	0.02662	0.02451	0.02695	0.01811	0.02446	0.01408	0.01644	0.01111	0.00792	0.00709	0.00236	0.01130	0.00565	0.00370	0.01213
3	0.07221	0.10188	0.07137	0.02523	0.06692	0.25505	0.10414	0.02867	0.01983	0.02415	0.01379	0.01777	0.01160	0.00962	0.01190	0.00269	0.14146	0.00672	0.00427	0.01073
4	0.02025	0.15189	0.16995	0.01623	0.02323	0.01886	0.01633	0.02860	0.12770	0.10647	0.04023	0.03893	0.18083	0.01275	0.00848	0.00267	0.00819	0.01019	0.00671	0.01152
5	0.02322	0.02363	0.02674	0.03327	0.28208	0.15498	0.01946	0.03331	0.19547	0.02980	0.07015	0.02696	0.02238	0.01000	0.00867	0.00264	0.01001	0.00855	0.00609	0.01259
6	0.02439	0.02711	0.09122	0.02140	0.07644	0.19719	0.01677	0.03255	0.13633	0.06613	0.02003	0.02124	0.01548	0.00878	0.00784	0.00224	0.01024	0.00677	0.00580	0.21206
7	0.11439	0.02181	0.08207	0.03178	0.20486	0.05166	0.14683	0.02468	0.01850	0.02777	0.02034	0.12160	0.01925	0.01139	0.01047	0.00292	0.06324	0.01028	0.00497	0.01118

[dist]
# distance from previous block
# <min> <max>
0	1

[block]
# block no. 5 follows, 20 sequences, length 14
# corresponding to MSA columns:
# 180-193
name=unknown_F
#
# <colnr> <probs for GDERKNQSTAVLIFYWHMCP>
#	G	D	E	R	K	N	Q	S	T	A	V	L	I	F	Y	W	H	M	C	P
0	0.09133	0.13235	0.26560	0.02814	0.13514	0.02226	0.11546	0.02682	0.01853	0.02791	0.01521	0.01865	0.01182	0.00782	0.00788	0.00254	0.01128	0.00677	0.00416	0.05035
1	0.03122	0.03433	0.02576	0.06138	0.06102	0.41713	0.01773	0.18905	0.02844	0.03086	0.01577	0.01788	0.01237	0.00931	0.00819	0.00240	0.01355	0.00646	0.00559	0.01156
2	0.01534	0.01263	0.01543	0.01652	0.06966	0.01299	0.01122	0.02495	0.19987	0.03115	0.22915	0.15179	0.13984	0.01731	0.00986	0.00295	0.00567	0.01514	0.00847	0.01006
3	0.02953	0.02263	0.02414	0.01934	0.02567	0.02536	0.01570	0.43167	0.22520	0.04913	0.02555	0.02461	0.01856	0.01090	0.00877	0.00273	0.00875	0.00849	0.00877	0.01451
4	0.01252	0.00912	0.01290	0.01290	0.01407	0.01029	0.00951	0.01486	0.01369	0.01942	0.02439	0.03994	0.02427	0.22166	0.50601	0.01263	0.01966	0.01018	0.00483	0.00717
5	0.02733	0.41436	0.03663	0.01819	0.02437	0.30448	0.01576	0.02989	0.02075	0.02088	0.01271	0.01474	0.01121	0.00812	0.00658	0.00203	0.01210	0.00508	0.00406	0.01073
6	0.01091	0.00886	0.00967	0.00947	0.01215	0.00762	0.00710	0.01369	0.02131	0.02695	0.25036	0.07837	0.47139	0.02083	0.01030	0.00289	0.00433	0.01763	0.00855	0.00762
7	0.01953	0.03196	0.29974	0.03591	0.18991	0.02097	0.21980	0.02752	0.01949	0.02795	0.01650	0.02089	0.01246	0.00785	0.00903	0.00278	0.01286	0.00804	0.00408	0.01275
8	0.01051	0.00880	0.00889	0.00889	0.01159	0.00746	0.00651	0.01253	0.01926	0.02299	0.08311	0.08163	0.58340	0.08001	0.01325	0.00342	0.00477	0.01792	0.00786	0.00718
9	0.30380	0.08856	0.02278	0.08534	0.02524	0.15250	0.01507	0.02622	0.01709	0.02810	0.01262	0.01646	0.01063	0.00980	0.01119	0.00278	0.15162	0.00583	0.00456	0.00980
10	0.21992	0.14024	0.21949	0.02371	0.11955	0.08978	0.02080	0.02747	0.01822	0.02904	0.01401	0.01674	0.01108	0.00810	0.00708	0.00252	0.01057	0.00580	0.00434	0.01153
11	0.02292	0.20120	0.20963	0.06131	0.15393	0.15925	0.02313	0.02833	0.01982	0.02442	0.01446	0.01763	0.01171	0.00815	0.00762	0.00240	0.01203	0.00616	0.00401	0.01190
12	0.01906	0.02606	0.20279	0.14413	0.34685	0.01972	0.02688	0.02557	0.01907	0.02700	0.01960	0.02406	0.04337	0.00878	0.00864	0.00271	0.01098	0.00793	0.00426	0.01257
13	0.02487	0.39026	0.03725	0.02240	0.11660	0.12784	0.01696	0.08381	0.02120	0.02520	0.01446	0.01719	0.01253	0.01119	0.04227	0.00277	0.01127	0.00585	0.00448	0.01159

[dist]
# distance from previous block
# <min> <max>
5	26

[block]
# block no. 6 follows, 20 sequences, length 10
# corresponding to MSA columns:
# 220-229
name=unknown_G
#
# <colnr> <probs for GDERKNQSTAVLIFYWHMCP>
#	G	D	E	R	K	N	Q	S	T	A	V	L	I	F	Y	W	H	M	C	P
0	0.23369	0.32004	0.02836	0.01396	0.01984	0.05899	0.01242	0.02687	0.07358	0.02840	0.05297	0.02335	0.05835	0.00968	0.00653	0.00235	0.00809	0.00674	0.00534	0.01045
1	0.01733	0.01621	0.04971	0.04423	0.02035	0.04885	0.01244	0.07812	0.16709	0.02869	0.03896	0.27472	0.08004	0.06717	0.01228	0.00349	0.00741	0.01547	0.00752	0.00992
2	0.08649	0.08166	0.08778	0.01857	0.02529	0.01734	0.11076	0.02985	0.06913	0.18742	0.05559	0.05518	0.08872	0.01148	0.00863	0.00270	0.00865	0.00993	0.00713	0.03769
3	0.02883	0.03445	0.02837	0.03308	0.23602	0.44062	0.02024	0.03208	0.02306	0.02379	0.01448	0.01773	0.01212	0.00857	0.00813	0.00236	0.01390	0.00635	0.00443	0.01138
4	0.35463	0.14097	0.02185	0.01431	0.02003	0.06528	0.01208	0.11230	0.02143	0.07537	0.07229	0.02093	0.01816	0.00946	0.00676	0.00251	0.00804	0.00651	0.00626	0.01083
5	0.02060	0.01867	0.05431	0.02129	0.10002	0.01769	0.01581	0.11448	0.18305	0.03380	0.03058	0.03922	0.05641	0.01241	0.00891	0.00270	0.00801	0.10000	0.00711	0.15494
6	0.14860	0.01583	0.02283	0.32273	0.03886	0.01906	0.05017	0.02163	0.01684	0.02559	0.02453	0.02944	0.09831	0.01145	0.01162	0.00302	0.11651	0.00882	0.00476	0.00941
7	0.01379	0.00983	0.01098	0.01086	0.01158	0.01020	0.00668	0.01734	0.09815	0.02004	0.03013	0.10036	0.03293	0.54905	0.03698	0.00733	0.00799	0.01319	0.00599	0.00661
8	0.02308	0.02018	0.03040	0.22217	0.31675	0.02196	0.02343	0.17466	0.02458	0.03349	0.01731	0.02190	0.01345	0.00873	0.00868	0.00269	0.01053	0.00779	0.00532	0.01290
9	0.02001	0.02241	0.04794	0.12543	0.04761	0.02169	0.52602	0.02715	0.02015	0.02715	0.01735	0.02349	0.01301	0.00754	0.01007	0.00294	0.01428	0.00994	0.00434	0.01148

[dist]
# distance from previous block
# <min> <max>
0	50

# created by:
# /home/cegg/simao/soft/augustus-3.2.1/scripts/msa2prfl.pl ./align_prep/13930.fa
