[name]
unknown

[dist]
# distance from previous block
# <min> <max>
0	2

[block]
# block no. 0 follows, 20 sequences, length 69
# corresponding to MSA columns:
# 2-70
name=unknown_A
#
# <colnr> <probs for GDERKNQSTAVLIFYWHMCP>
#	G	D	E	R	K	N	Q	S	T	A	V	L	I	F	Y	W	H	M	C	P
0	0.02553	0.02918	0.02040	0.01928	0.02310	0.39157	0.01505	0.05771	0.02386	0.02453	0.03009	0.04434	0.08670	0.01431	0.00924	0.00279	0.01226	0.15454	0.00600	0.00953
1	0.03258	0.04157	0.02472	0.02247	0.02697	0.65843	0.01685	0.03483	0.02472	0.02135	0.01348	0.01573	0.01124	0.00899	0.00787	0.00225	0.01573	0.00562	0.00449	0.01011
2	0.01268	0.00846	0.00951	0.00951	0.00951	0.00846	0.00529	0.01268	0.01268	0.01691	0.02748	0.05708	0.03171	0.69345	0.04440	0.00846	0.00846	0.01268	0.00529	0.00529
3	0.01866	0.01658	0.02140	0.08936	0.15576	0.01803	0.01608	0.03225	0.29594	0.03105	0.07239	0.03993	0.13000	0.01275	0.00913	0.00286	0.00753	0.01100	0.00731	0.01197
4	0.03316	0.02443	0.02618	0.02007	0.02705	0.02705	0.01658	0.60995	0.04101	0.05497	0.02094	0.02094	0.01483	0.01047	0.00873	0.00262	0.00960	0.00785	0.00873	0.01483
5	0.01809	0.01550	0.01809	0.01292	0.02067	0.01163	0.01034	0.02196	0.01809	0.02842	0.01550	0.01809	0.01292	0.00646	0.00646	0.00129	0.00646	0.00517	0.00517	0.74677
6	0.02050	0.02140	0.06999	0.02386	0.03142	0.01893	0.22550	0.08112	0.02072	0.02999	0.01638	0.02042	0.01295	0.00820	0.01047	0.00236	0.08026	0.00759	0.00501	0.29294
7	0.02932	0.02341	0.02396	0.01942	0.02559	0.05734	0.01567	0.39318	0.23395	0.04711	0.02541	0.02454	0.01858	0.01085	0.00873	0.00271	0.00901	0.00841	0.00856	0.01425
8	0.03258	0.04157	0.02472	0.02247	0.02697	0.65843	0.01685	0.03483	0.02472	0.02135	0.01348	0.01573	0.01124	0.00899	0.00787	0.00225	0.01573	0.00562	0.00449	0.01011
9	0.02332	0.69869	0.04571	0.01493	0.02239	0.03451	0.01493	0.02612	0.01772	0.02052	0.01213	0.01399	0.01119	0.00746	0.00560	0.00187	0.00933	0.00466	0.00373	0.01119
10	0.01809	0.01550	0.01809	0.01292	0.02067	0.01163	0.01034	0.02196	0.01809	0.02842	0.01550	0.01809	0.01292	0.00646	0.00646	0.00129	0.00646	0.00517	0.00517	0.74677
11	0.01031	0.00884	0.00884	0.00884	0.01178	0.00736	0.00663	0.01252	0.01988	0.02356	0.08837	0.08395	0.63549	0.02209	0.01031	0.00295	0.00442	0.01841	0.00810	0.00736
12	0.02159	0.02073	0.03541	0.05354	0.63903	0.02073	0.02677	0.02677	0.01986	0.02850	0.01641	0.02159	0.01382	0.00777	0.00864	0.00259	0.01036	0.00777	0.00432	0.01382
13	0.02159	0.02073	0.03541	0.05354	0.63903	0.02073	0.02677	0.02677	0.01986	0.02850	0.01641	0.02159	0.01382	0.00777	0.00864	0.00259	0.01036	0.00777	0.00432	0.01382
14	0.01055	0.00791	0.00979	0.01130	0.01243	0.00716	0.00772	0.01224	0.01752	0.02260	0.05842	0.53281	0.20596	0.02598	0.01092	0.00339	0.00490	0.02316	0.00810	0.00716
15	0.02059	0.02353	0.05147	0.03676	0.04559	0.02206	0.60735	0.02794	0.02059	0.02794	0.01765	0.02353	0.01324	0.00735	0.01029	0.00294	0.01471	0.01029	0.00441	0.01176
16	0.03258	0.04157	0.02472	0.02247	0.02697	0.65843	0.01685	0.03483	0.02472	0.02135	0.01348	0.01573	0.01124	0.00899	0.00787	0.00225	0.01573	0.00562	0.00449	0.01011
17	0.01063	0.00759	0.01012	0.01215	0.01265	0.00709	0.00810	0.01215	0.01670	0.02227	0.04808	0.68775	0.05769	0.02733	0.01113	0.00354	0.00506	0.02480	0.00810	0.00709
18	0.01063	0.00759	0.01012	0.01215	0.01265	0.00709	0.00810	0.01215	0.01670	0.02227	0.04808	0.68775	0.05769	0.02733	0.01113	0.00354	0.00506	0.02480	0.00810	0.00709
19	0.03258	0.04157	0.02472	0.02247	0.02697	0.65843	0.01685	0.03483	0.02472	0.02135	0.01348	0.01573	0.01124	0.00899	0.00787	0.00225	0.01573	0.00562	0.00449	0.01011
20	0.03258	0.04157	0.02472	0.02247	0.02697	0.65843	0.01685	0.03483	0.02472	0.02135	0.01348	0.01573	0.01124	0.00899	0.00787	0.00225	0.01573	0.00562	0.00449	0.01011
21	0.02060	0.01231	0.01276	0.01119	0.01450	0.01299	0.00879	0.17162	0.02412	0.03828	0.02653	0.02955	0.02043	0.01024	0.00677	0.00218	0.00548	0.00806	0.55374	0.00985
22	0.01063	0.00759	0.01012	0.01215	0.01265	0.00709	0.00810	0.01215	0.01670	0.02227	0.04808	0.68775	0.05769	0.02733	0.01113	0.00354	0.00506	0.02480	0.00810	0.00709
23	0.01636	0.01509	0.02150	0.01925	0.01989	0.02022	0.01572	0.01877	0.01363	0.02069	0.01634	0.02532	0.01570	0.03586	0.28742	0.00801	0.40889	0.00834	0.00417	0.00882
24	0.03316	0.02443	0.02618	0.02007	0.02705	0.02705	0.01658	0.60995	0.04101	0.05497	0.02094	0.02094	0.01483	0.01047	0.00873	0.00262	0.00960	0.00785	0.00873	0.01483
25	0.01095	0.00886	0.00972	0.00951	0.01217	0.00764	0.00713	0.01376	0.02139	0.02715	0.26001	0.07804	0.46161	0.02075	0.01030	0.00288	0.00432	0.01758	0.00857	0.00764
26	0.01254	0.00973	0.01169	0.01202	0.01456	0.00913	0.00964	0.01693	0.05212	0.02789	0.21135	0.08090	0.28752	0.02109	0.01075	0.00322	0.00556	0.18676	0.00850	0.00812
27	0.02332	0.69869	0.04571	0.01493	0.02239	0.03451	0.01493	0.02612	0.01772	0.02052	0.01213	0.01399	0.01119	0.00746	0.00560	0.00187	0.00933	0.00466	0.00373	0.01119
28	0.01235	0.00892	0.01166	0.01097	0.01303	0.00823	0.00823	0.01646	0.02469	0.03498	0.63443	0.06516	0.08230	0.01783	0.01029	0.00274	0.00412	0.01578	0.00960	0.00823
29	0.01152	0.00812	0.01038	0.01127	0.01206	0.00768	0.00752	0.01337	0.01787	0.02436	0.19403	0.38984	0.05832	0.17081	0.01820	0.00441	0.00556	0.01983	0.00787	0.00698
30	0.03312	0.02548	0.02609	0.02022	0.02705	0.06547	0.01660	0.57495	0.04002	0.05293	0.02049	0.02063	0.01462	0.01038	0.00867	0.00260	0.00997	0.00772	0.00847	0.01455
31	0.03139	0.03921	0.02513	0.02414	0.06401	0.58915	0.01731	0.03489	0.05306	0.02251	0.01471	0.01689	0.01213	0.00905	0.00796	0.00230	0.01498	0.00595	0.00469	0.01051
32	0.01063	0.00759	0.01012	0.01215	0.01265	0.00709	0.00810	0.01215	0.01670	0.02227	0.04808	0.68775	0.05769	0.02733	0.01113	0.00354	0.00506	0.02480	0.00810	0.00709
33	0.03316	0.02443	0.02618	0.02007	0.02705	0.02705	0.01658	0.60995	0.04101	0.05497	0.02094	0.02094	0.01483	0.01047	0.00873	0.00262	0.00960	0.00785	0.00873	0.01483
34	0.01246	0.00935	0.01402	0.01402	0.01558	0.01090	0.01090	0.01558	0.01402	0.02025	0.02336	0.03427	0.02181	0.06542	0.65888	0.01402	0.02336	0.00935	0.00467	0.00779
35	0.02209	0.02236	0.07413	0.04133	0.34711	0.02070	0.17201	0.03023	0.08876	0.06412	0.01986	0.02359	0.01540	0.00833	0.00907	0.00274	0.01106	0.00862	0.00519	0.01330
36	0.75506	0.01687	0.01282	0.01147	0.01687	0.01957	0.00945	0.02564	0.01484	0.03914	0.01215	0.01417	0.00945	0.00810	0.00540	0.00270	0.00675	0.00472	0.00540	0.00945
37	0.01810	0.11249	0.58614	0.02384	0.03617	0.02173	0.03044	0.02747	0.01834	0.02689	0.01529	0.01796	0.01106	0.00820	0.00801	0.00267	0.01252	0.00626	0.00369	0.01272
38	0.01613	0.01322	0.01606	0.01321	0.01793	0.01148	0.01022	0.01907	0.01682	0.02507	0.02255	0.07217	0.02266	0.12964	0.04685	0.00367	0.04506	0.06331	0.00553	0.42935
39	0.02159	0.02073	0.03541	0.05354	0.63903	0.02073	0.02677	0.02677	0.01986	0.02850	0.01641	0.02159	0.01382	0.00777	0.00864	0.00259	0.01036	0.00777	0.00432	0.01382
40	0.01750	0.04512	0.64825	0.02486	0.03775	0.02026	0.03223	0.02762	0.01842	0.02762	0.01565	0.01842	0.01105	0.00829	0.00829	0.00276	0.01289	0.00645	0.00368	0.01289
41	0.01063	0.00759	0.01012	0.01215	0.01265	0.00709	0.00810	0.01215	0.01670	0.02227	0.04808	0.68775	0.05769	0.02733	0.01113	0.00354	0.00506	0.02480	0.00810	0.00709
42	0.01635	0.03458	0.45026	0.02199	0.03186	0.01728	0.05945	0.02478	0.02015	0.02953	0.17455	0.03071	0.02946	0.01068	0.00892	0.00277	0.01074	0.00906	0.00524	0.01163
43	0.01127	0.00867	0.01030	0.01032	0.01248	0.00771	0.00758	0.01422	0.02152	0.02845	0.32566	0.17218	0.29612	0.02103	0.01043	0.00295	0.00439	0.01826	0.00877	0.00771
44	0.01421	0.02199	0.24158	0.01599	0.02196	0.01257	0.01690	0.02049	0.02242	0.03232	0.41094	0.04828	0.05657	0.01439	0.00957	0.00275	0.00728	0.01241	0.00746	0.00991
45	0.02189	0.02026	0.06284	0.02304	0.14280	0.01717	0.01621	0.14673	0.02327	0.03396	0.01683	0.01939	0.01338	0.00767	0.00747	0.00191	0.00828	0.00632	0.00566	0.40492
46	0.08976	0.06936	0.35543	0.02034	0.02930	0.02000	0.02305	0.09550	0.01992	0.03022	0.01725	0.02114	0.01344	0.01955	0.13387	0.00487	0.01373	0.00691	0.00465	0.01171
47	0.02371	0.10522	0.32424	0.02291	0.03143	0.25699	0.02413	0.02974	0.02037	0.02424	0.01427	0.01704	0.01116	0.00887	0.00906	0.00255	0.05252	0.00604	0.00399	0.01151
48	0.01712	0.02279	0.21392	0.01759	0.02341	0.01530	0.01735	0.11362	0.05563	0.03113	0.08979	0.27530	0.03693	0.01690	0.00965	0.00304	0.00825	0.01465	0.00700	0.01062
49	0.03316	0.02443	0.02618	0.02007	0.02705	0.02705	0.01658	0.60995	0.04101	0.05497	0.02094	0.02094	0.01483	0.01047	0.00873	0.00262	0.00960	0.00785	0.00873	0.01483
50	0.01899	0.21283	0.49364	0.02231	0.03381	0.02392	0.02779	0.02724	0.01824	0.02580	0.01475	0.01728	0.01109	0.00808	0.00760	0.00253	0.01198	0.00599	0.00370	0.01246
51	0.01246	0.00935	0.01402	0.01402	0.01558	0.01090	0.01090	0.01558	0.01402	0.02025	0.02336	0.03427	0.02181	0.06542	0.65888	0.01402	0.02336	0.00935	0.00467	0.00779
52	0.03438	0.01755	0.02101	0.01632	0.02262	0.01743	0.01341	0.24494	0.03000	0.36239	0.02887	0.02685	0.01924	0.01061	0.00845	0.00259	0.00783	0.00837	0.09306	0.01408
53	0.01397	0.01157	0.01692	0.01605	0.01725	0.01451	0.01277	0.01681	0.01387	0.02042	0.02065	0.03080	0.01944	0.05398	0.51505	0.01169	0.17263	0.00896	0.00448	0.00819
54	0.01267	0.00851	0.00980	0.00980	0.00990	0.00861	0.00564	0.01287	0.01277	0.01712	0.02722	0.05565	0.03109	0.65388	0.08311	0.00881	0.00940	0.01247	0.00525	0.00544
55	0.01548	0.01254	0.01419	0.01314	0.01640	0.01308	0.01004	0.02689	0.24548	0.03370	0.32472	0.05611	0.15087	0.01630	0.00977	0.00286	0.00520	0.01401	0.00909	0.01015
56	0.03132	0.03954	0.02404	0.02194	0.02625	0.61763	0.01648	0.03362	0.02404	0.02128	0.01411	0.01690	0.01190	0.01254	0.04888	0.00299	0.01621	0.00585	0.00451	0.00997
57	0.01063	0.00759	0.01012	0.01215	0.01265	0.00709	0.00810	0.01215	0.01670	0.02227	0.04808	0.68775	0.05769	0.02733	0.01113	0.00354	0.00506	0.02480	0.00810	0.00709
58	0.01057	0.00780	0.00990	0.01158	0.01250	0.00713	0.00785	0.01221	0.01724	0.02249	0.05493	0.58501	0.15601	0.02644	0.01099	0.00344	0.00495	0.02371	0.00810	0.00713
59	0.02089	0.02488	0.13969	0.04866	0.53672	0.02065	0.02770	0.02692	0.01962	0.02835	0.01628	0.02105	0.01335	0.00786	0.00858	0.00262	0.01079	0.00755	0.00421	0.01366
60	0.01796	0.04235	0.57867	0.02812	0.10602	0.02031	0.03161	0.02753	0.01858	0.02772	0.01574	0.01878	0.01136	0.00823	0.00833	0.00274	0.01260	0.00660	0.00376	0.01300
61	0.01762	0.02406	0.18870	0.33615	0.10562	0.01935	0.09177	0.02410	0.01793	0.02448	0.01585	0.02207	0.01208	0.00962	0.01025	0.04598	0.01194	0.00770	0.00392	0.01080
62	0.02539	0.02910	0.28755	0.02957	0.19310	0.01804	0.02467	0.03208	0.02086	0.22194	0.02175	0.02281	0.01510	0.00894	0.00853	0.00270	0.01050	0.00753	0.00609	0.01375
63	0.02948	0.05502	0.02666	0.02863	0.19851	0.27507	0.01808	0.03293	0.02271	0.15642	0.01961	0.02131	0.01484	0.00904	0.00808	0.00241	0.01147	0.00701	0.05062	0.01209
64	0.01971	0.06388	0.32875	0.03804	0.32304	0.02114	0.02883	0.02715	0.01907	0.02771	0.01585	0.01972	0.01237	0.00800	0.00833	0.00264	0.01152	0.00699	0.00399	0.01325
65	0.01887	0.19261	0.02309	0.05212	0.02098	0.12056	0.01224	0.02403	0.08946	0.02384	0.04654	0.04567	0.26935	0.01429	0.00845	0.00256	0.00819	0.01124	0.00625	0.00966
66	0.08974	0.02878	0.26259	0.06482	0.25442	0.01971	0.06124	0.02605	0.01877	0.02859	0.01975	0.02335	0.04683	0.00881	0.00839	0.00272	0.01096	0.00772	0.00438	0.01237
67	0.23032	0.01811	0.05167	0.29356	0.03753	0.05352	0.04565	0.02311	0.01719	0.02763	0.01895	0.11013	0.01727	0.01099	0.00809	0.00289	0.00976	0.00913	0.00494	0.00955
68	0.01955	0.06734	0.35481	0.03456	0.25857	0.02123	0.02827	0.02832	0.05402	0.02811	0.01691	0.02019	0.01298	0.00826	0.00832	0.00267	0.01143	0.00705	0.00422	0.01320

[dist]
# distance from previous block
# <min> <max>
8	142

[block]
# block no. 1 follows, 20 sequences, length 6
# corresponding to MSA columns:
# 218-223
name=unknown_B
#
# <colnr> <probs for GDERKNQSTAVLIFYWHMCP>
#	G	D	E	R	K	N	Q	S	T	A	V	L	I	F	Y	W	H	M	C	P
0	0.02054	0.18424	0.27935	0.02547	0.13893	0.02167	0.02306	0.02690	0.01973	0.07180	0.08857	0.02425	0.02067	0.00930	0.00800	0.00252	0.01020	0.00753	0.00502	0.01227
1	0.02374	0.03083	0.11963	0.02630	0.08077	0.23733	0.10732	0.02831	0.02021	0.02474	0.01464	0.01858	0.01198	0.00912	0.01122	0.00256	0.11084	0.00685	0.00434	0.11069
2	0.01405	0.01104	0.01334	0.01292	0.01586	0.01046	0.00975	0.02018	0.10755	0.02860	0.17641	0.24367	0.09981	0.01904	0.00993	0.00293	0.00556	0.07094	0.00810	0.11985
3	0.01706	0.02422	0.20009	0.02171	0.02888	0.01725	0.14599	0.02740	0.15007	0.02831	0.03658	0.10955	0.12776	0.01338	0.00952	0.00296	0.00964	0.01216	0.00623	0.01124
4	0.01718	0.07490	0.08109	0.13418	0.02791	0.01851	0.01654	0.06277	0.01874	0.02528	0.03115	0.03478	0.14431	0.01889	0.08553	0.00409	0.12597	0.00959	0.00526	0.06334
5	0.02407	0.02459	0.10001	0.02769	0.12289	0.05805	0.12418	0.23099	0.02711	0.03631	0.02258	0.11785	0.01999	0.01162	0.00924	0.00280	0.01069	0.01045	0.00638	0.01251

[dist]
# distance from previous block
# <min> <max>
0	2

[block]
# block no. 2 follows, 20 sequences, length 97
# corresponding to MSA columns:
# 226-322
name=unknown_C
#
# <colnr> <probs for GDERKNQSTAVLIFYWHMCP>
#	G	D	E	R	K	N	Q	S	T	A	V	L	I	F	Y	W	H	M	C	P
0	0.02341	0.07698	0.23100	0.02573	0.11526	0.17814	0.02224	0.06226	0.08904	0.02847	0.01819	0.02039	0.01405	0.00895	0.00803	0.00253	0.01168	0.00686	0.04460	0.01218
1	0.06507	0.03156	0.20122	0.03133	0.13648	0.13757	0.18277	0.02969	0.05005	0.02782	0.01670	0.02030	0.01282	0.00824	0.00867	0.00269	0.01283	0.00763	0.00449	0.01208
2	0.29782	0.16902	0.20888	0.01684	0.02456	0.05883	0.01770	0.02607	0.01718	0.02981	0.01536	0.05482	0.01321	0.00919	0.00677	0.00257	0.00953	0.00645	0.00465	0.01074
3	0.01903	0.10174	0.26857	0.01842	0.02699	0.05936	0.01977	0.04882	0.02064	0.02897	0.11702	0.02548	0.02337	0.00948	0.00790	0.00229	0.00964	0.00750	0.00526	0.17974
4	0.01766	0.03712	0.47809	0.02164	0.03314	0.01793	0.02632	0.02610	0.01833	0.02784	0.01561	0.01833	0.01155	0.00779	0.00779	0.00237	0.01115	0.00610	0.00408	0.21106
5	0.02371	0.02809	0.09813	0.04133	0.39936	0.16883	0.02437	0.02977	0.05288	0.02717	0.01666	0.02047	0.01360	0.00833	0.00843	0.00255	0.01170	0.00724	0.00453	0.01286
6	0.02700	0.02807	0.02976	0.06960	0.29846	0.23526	0.02156	0.12976	0.02501	0.03034	0.01616	0.01960	0.01301	0.00869	0.00840	0.00250	0.01209	0.00706	0.00511	0.01254
7	0.01246	0.00935	0.01402	0.01402	0.01558	0.01090	0.01090	0.01558	0.01402	0.02025	0.02336	0.03427	0.02181	0.06542	0.65888	0.01402	0.02336	0.00935	0.00467	0.00779
8	0.01268	0.00846	0.00951	0.00951	0.00951	0.00846	0.00529	0.01268	0.01268	0.01691	0.02748	0.05708	0.03171	0.69345	0.04440	0.00846	0.00846	0.01268	0.00529	0.00529
9	0.01098	0.00886	0.00976	0.00954	0.01219	0.00765	0.00715	0.01381	0.02146	0.02731	0.26771	0.07778	0.45381	0.02069	0.01030	0.00288	0.00432	0.01754	0.00859	0.00765
10	0.02159	0.02073	0.03541	0.05354	0.63903	0.02073	0.02677	0.02677	0.01986	0.02850	0.01641	0.02159	0.01382	0.00777	0.00864	0.00259	0.01036	0.00777	0.00432	0.01382
11	0.01906	0.01608	0.01861	0.01338	0.02108	0.01262	0.01074	0.05996	0.01957	0.03014	0.01586	0.01827	0.01304	0.00672	0.00661	0.00138	0.00666	0.00534	0.00540	0.69947
12	0.02018	0.02079	0.01990	0.02090	0.08356	0.19916	0.01455	0.02557	0.08334	0.02316	0.02112	0.02745	0.01847	0.03752	0.33505	0.00827	0.01806	0.00817	0.00504	0.00972
13	0.01245	0.00841	0.00982	0.01004	0.01018	0.00843	0.00589	0.01278	0.01320	0.01768	0.02955	0.12580	0.03408	0.58692	0.07270	0.00820	0.00886	0.01385	0.00557	0.00562
14	0.01845	0.15254	0.54922	0.02323	0.03523	0.02260	0.02938	0.02738	0.01830	0.02646	0.01507	0.01769	0.01107	0.00815	0.00785	0.00262	0.01231	0.00615	0.00369	0.01261
15	0.06047	0.02787	0.17061	0.03067	0.22631	0.11411	0.02197	0.02963	0.07366	0.05542	0.05793	0.02356	0.01841	0.00917	0.00831	0.00257	0.01055	0.00761	0.00531	0.04586
16	0.02559	0.01995	0.02211	0.01648	0.02385	0.01930	0.01344	0.31461	0.02950	0.04164	0.01821	0.01951	0.01387	0.00846	0.00759	0.00195	0.00802	0.00650	0.00694	0.38247
17	0.01243	0.00949	0.01163	0.01289	0.01425	0.00950	0.00896	0.01779	0.11657	0.02467	0.04815	0.54800	0.08327	0.02450	0.01072	0.00341	0.00533	0.02200	0.00823	0.00820
18	0.01967	0.02961	0.24943	0.06813	0.24228	0.02087	0.18850	0.02718	0.01945	0.02775	0.01645	0.02111	0.01261	0.00788	0.00898	0.00276	0.01249	0.00801	0.00411	0.01274
19	0.02197	0.11526	0.37548	0.02440	0.03432	0.17025	0.08504	0.02916	0.02002	0.02540	0.01496	0.01782	0.01133	0.00826	0.00809	0.00256	0.01334	0.00644	0.00395	0.01194
20	0.01750	0.04512	0.64825	0.02486	0.03775	0.02026	0.03223	0.02762	0.01842	0.02762	0.01565	0.01842	0.01105	0.00829	0.00829	0.00276	0.01289	0.00645	0.00368	0.01289
21	0.01031	0.00884	0.00884	0.00884	0.01178	0.00736	0.00663	0.01252	0.01988	0.02356	0.08837	0.08395	0.63549	0.02209	0.01031	0.00295	0.00442	0.01841	0.00810	0.00736
22	0.01063	0.00759	0.01012	0.01215	0.01265	0.00709	0.00810	0.01215	0.01670	0.02227	0.04808	0.68775	0.05769	0.02733	0.01113	0.00354	0.00506	0.02480	0.00810	0.00709
23	0.02332	0.69869	0.04571	0.01493	0.02239	0.03451	0.01493	0.02612	0.01772	0.02052	0.01213	0.01399	0.01119	0.00746	0.00560	0.00187	0.00933	0.00466	0.00373	0.01119
24	0.01647	0.01550	0.02616	0.67248	0.06008	0.01938	0.02422	0.02229	0.01744	0.02229	0.01550	0.02326	0.01163	0.00872	0.00872	0.00291	0.01163	0.00775	0.00388	0.00969
25	0.01408	0.00930	0.01221	0.01127	0.01363	0.00853	0.00853	0.01814	0.02471	0.07440	0.59566	0.06287	0.07838	0.01738	0.01019	0.00274	0.00433	0.01532	0.00968	0.00866
26	0.01750	0.04512	0.64825	0.02486	0.03775	0.02026	0.03223	0.02762	0.01842	0.02762	0.01565	0.01842	0.01105	0.00829	0.00829	0.00276	0.01289	0.00645	0.00368	0.01289
27	0.01647	0.01550	0.02616	0.67248	0.06008	0.01938	0.02422	0.02229	0.01744	0.02229	0.01550	0.02326	0.01163	0.00872	0.00872	0.00291	0.01163	0.00775	0.00388	0.00969
28	0.01406	0.01004	0.01406	0.01606	0.01807	0.01004	0.01406	0.01807	0.02008	0.02610	0.04618	0.09839	0.05020	0.02410	0.01205	0.00402	0.00803	0.58032	0.00803	0.00803
29	0.03208	0.04062	0.02521	0.02389	0.05482	0.62941	0.01731	0.03446	0.02450	0.02167	0.01362	0.01600	0.01135	0.00893	0.00790	0.00226	0.01549	0.00572	0.00449	0.01028
30	0.01063	0.00759	0.01012	0.01215	0.01265	0.00709	0.00810	0.01215	0.01670	0.02227	0.04808	0.68775	0.05769	0.02733	0.01113	0.00354	0.00506	0.02480	0.00810	0.00709
31	0.01031	0.00884	0.00884	0.00884	0.01178	0.00736	0.00663	0.01252	0.01988	0.02356	0.08837	0.08395	0.63549	0.02209	0.01031	0.00295	0.00442	0.01841	0.00810	0.00736
32	0.01063	0.00759	0.01012	0.01215	0.01265	0.00709	0.00810	0.01215	0.01670	0.02227	0.04808	0.68775	0.05769	0.02733	0.01113	0.00354	0.00506	0.02480	0.00810	0.00709
33	0.02482	0.02557	0.03072	0.04058	0.39583	0.16930	0.02250	0.06419	0.08676	0.02921	0.01803	0.02136	0.01465	0.00864	0.00849	0.00255	0.01120	0.00750	0.00510	0.01301
34	0.01542	0.01179	0.01491	0.01595	0.01864	0.01232	0.01352	0.02366	0.14694	0.02812	0.04666	0.08361	0.08306	0.02139	0.01127	0.00372	0.00756	0.42403	0.00821	0.00920
35	0.01031	0.00884	0.00884	0.00884	0.01178	0.00736	0.00663	0.01252	0.01988	0.02356	0.08837	0.08395	0.63549	0.02209	0.01031	0.00295	0.00442	0.01841	0.00810	0.00736
36	0.02332	0.69869	0.04571	0.01493	0.02239	0.03451	0.01493	0.02612	0.01772	0.02052	0.01213	0.01399	0.01119	0.00746	0.00560	0.00187	0.00933	0.00466	0.00373	0.01119
37	0.02602	0.16277	0.18469	0.02242	0.03121	0.02441	0.11671	0.19005	0.02564	0.10587	0.01893	0.02039	0.01371	0.00887	0.00826	0.00257	0.01093	0.00738	0.00604	0.01313
38	0.02296	0.01460	0.01529	0.01287	0.01686	0.01563	0.01025	0.25418	0.02730	0.04143	0.02548	0.02793	0.01937	0.01028	0.00714	0.00226	0.00626	0.00802	0.45110	0.01079
39	0.01031	0.00884	0.00884	0.00884	0.01178	0.00736	0.00663	0.01252	0.01988	0.02356	0.08837	0.08395	0.63549	0.02209	0.01031	0.00295	0.00442	0.01841	0.00810	0.00736
40	0.02175	0.52221	0.20841	0.01761	0.02654	0.03067	0.01960	0.02653	0.01791	0.02244	0.01308	0.01519	0.01116	0.00769	0.00632	0.00211	0.01029	0.00515	0.00372	0.01165
41	0.01831	0.13658	0.56393	0.02347	0.03560	0.02225	0.02981	0.02741	0.01832	0.02663	0.01516	0.01780	0.01107	0.00817	0.00791	0.00264	0.01239	0.00620	0.00369	0.01265
42	0.01063	0.00759	0.01012	0.01215	0.01265	0.00709	0.00810	0.01215	0.01670	0.02227	0.04808	0.68775	0.05769	0.02733	0.01113	0.00354	0.00506	0.02480	0.00810	0.00709
43	0.01809	0.01550	0.01809	0.01292	0.02067	0.01163	0.01034	0.02196	0.01809	0.02842	0.01550	0.01809	0.01292	0.00646	0.00646	0.00129	0.00646	0.00517	0.00517	0.74677
44	0.02332	0.69869	0.04571	0.01493	0.02239	0.03451	0.01493	0.02612	0.01772	0.02052	0.01213	0.01399	0.01119	0.00746	0.00560	0.00187	0.00933	0.00466	0.00373	0.01119
45	0.03316	0.02443	0.02618	0.02007	0.02705	0.02705	0.01658	0.60995	0.04101	0.05497	0.02094	0.02094	0.01483	0.01047	0.00873	0.00262	0.00960	0.00785	0.00873	0.01483
46	0.01364	0.01603	0.11712	0.01480	0.01809	0.01233	0.01309	0.04044	0.01813	0.02435	0.04584	0.30109	0.17595	0.05989	0.01420	0.00355	0.07904	0.01704	0.00677	0.00858
47	0.01297	0.00966	0.01254	0.01387	0.01613	0.00923	0.01177	0.01651	0.02027	0.02589	0.08807	0.09281	0.20811	0.02324	0.01149	0.00366	0.00686	0.40093	0.00813	0.00786
48	0.02124	0.02459	0.01678	0.01562	0.01922	0.32055	0.01172	0.02367	0.02273	0.02373	0.11120	0.04912	0.27568	0.01533	0.00913	0.00259	0.00983	0.01197	0.00653	0.00878
49	0.01750	0.04512	0.64825	0.02486	0.03775	0.02026	0.03223	0.02762	0.01842	0.02762	0.01565	0.01842	0.01105	0.00829	0.00829	0.00276	0.01289	0.00645	0.00368	0.01289
50	0.01845	0.15254	0.54922	0.02323	0.03523	0.02260	0.02938	0.02738	0.01830	0.02646	0.01507	0.01769	0.01107	0.00815	0.00785	0.00262	0.01231	0.00615	0.00369	0.01261
51	0.01811	0.04127	0.54844	0.02861	0.10253	0.02041	0.06464	0.02755	0.01870	0.02774	0.01585	0.01905	0.01147	0.00818	0.00844	0.00275	0.01272	0.00681	0.00379	0.01293
52	0.02007	0.01878	0.03150	0.04654	0.53614	0.01867	0.02372	0.02508	0.02066	0.02956	0.11799	0.02875	0.02507	0.00943	0.00891	0.00262	0.00934	0.00909	0.00519	0.01290
53	0.01626	0.00813	0.00813	0.00813	0.01016	0.00813	0.00610	0.02033	0.01829	0.03252	0.02846	0.03252	0.02236	0.01016	0.00610	0.00203	0.00407	0.00813	0.74187	0.00813
54	0.02184	0.08816	0.09648	0.07773	0.20072	0.09043	0.24429	0.02780	0.02017	0.02631	0.01604	0.02082	0.01269	0.00782	0.00887	0.00266	0.01279	0.00809	0.00423	0.01205
55	0.01750	0.04512	0.64825	0.02486	0.03775	0.02026	0.03223	0.02762	0.01842	0.02762	0.01565	0.01842	0.01105	0.00829	0.00829	0.00276	0.01289	0.00645	0.00368	0.01289
56	0.01263	0.00958	0.01206	0.01331	0.01567	0.00902	0.01122	0.01595	0.02000	0.02513	0.06229	0.09288	0.27363	0.02333	0.01138	0.00361	0.00665	0.36581	0.00806	0.00778
57	0.02277	0.02297	0.03425	0.05019	0.57308	0.08944	0.02570	0.02764	0.02039	0.02773	0.01609	0.02096	0.01354	0.00790	0.00855	0.00255	0.01094	0.00754	0.00434	0.01342
58	0.02288	0.01465	0.02254	0.13221	0.17003	0.01470	0.01801	0.02729	0.02118	0.19369	0.06540	0.04771	0.02956	0.01382	0.00972	0.00307	0.00877	0.16593	0.00732	0.01150
59	0.01063	0.00759	0.01012	0.01215	0.01265	0.00709	0.00810	0.01215	0.01670	0.02227	0.04808	0.68775	0.05769	0.02733	0.01113	0.00354	0.00506	0.02480	0.00810	0.00709
60	0.02059	0.02353	0.05147	0.03676	0.04559	0.02206	0.60735	0.02794	0.02059	0.02794	0.01765	0.02353	0.01324	0.00735	0.01029	0.00294	0.01471	0.01029	0.00441	0.01176
61	0.02040	0.01951	0.03326	0.19729	0.50457	0.02041	0.02618	0.02573	0.01930	0.02705	0.01620	0.02198	0.01331	0.00799	0.00866	0.00266	0.01066	0.00777	0.00422	0.01286
62	0.01835	0.01736	0.02854	0.21333	0.37960	0.01817	0.02277	0.02322	0.01921	0.02601	0.02799	0.03229	0.11541	0.01038	0.00893	0.00273	0.00973	0.00951	0.00482	0.01164
63	0.02159	0.02073	0.03541	0.05354	0.63903	0.02073	0.02677	0.02677	0.01986	0.02850	0.01641	0.02159	0.01382	0.00777	0.00864	0.00259	0.01036	0.00777	0.00432	0.01382
64	0.02332	0.69869	0.04571	0.01493	0.02239	0.03451	0.01493	0.02612	0.01772	0.02052	0.01213	0.01399	0.01119	0.00746	0.00560	0.00187	0.00933	0.00466	0.00373	0.01119
65	0.02509	0.37996	0.20160	0.01771	0.02647	0.02614	0.01911	0.02997	0.01943	0.15378	0.01776	0.01848	0.01334	0.00838	0.00698	0.00228	0.00988	0.00600	0.00520	0.01242
66	0.03551	0.02066	0.02384	0.01828	0.02517	0.02145	0.01510	0.38681	0.03470	0.28702	0.02624	0.02438	0.01749	0.01060	0.00874	0.00265	0.00874	0.00821	0.00954	0.01484
67	0.02159	0.02073	0.03541	0.05354	0.63903	0.02073	0.02677	0.02677	0.01986	0.02850	0.01641	0.02159	0.01382	0.00777	0.00864	0.00259	0.01036	0.00777	0.00432	0.01382
68	0.01809	0.11216	0.58645	0.02384	0.03618	0.02172	0.03045	0.02747	0.01835	0.02690	0.01529	0.01796	0.01106	0.00820	0.00801	0.00267	0.01253	0.00626	0.00369	0.01272
69	0.01750	0.04512	0.64825	0.02486	0.03775	0.02026	0.03223	0.02762	0.01842	0.02762	0.01565	0.01842	0.01105	0.00829	0.00829	0.00276	0.01289	0.00645	0.00368	0.01289
70	0.01063	0.00759	0.01012	0.01215	0.01265	0.00709	0.00810	0.01215	0.01670	0.02227	0.04808	0.68775	0.05769	0.02733	0.01113	0.00354	0.00506	0.02480	0.00810	0.00709
71	0.02154	0.02086	0.03619	0.05272	0.61002	0.02079	0.05516	0.02683	0.01990	0.02847	0.01647	0.02168	0.01379	0.00775	0.00872	0.00261	0.01058	0.00790	0.00432	0.01372
72	0.02339	0.02503	0.06319	0.27849	0.07348	0.15669	0.04623	0.11650	0.07802	0.02919	0.01786	0.02180	0.01355	0.00919	0.00859	0.00270	0.01190	0.00754	0.00523	0.01143
73	0.01063	0.00759	0.01012	0.01215	0.01265	0.00709	0.00810	0.01215	0.01670	0.02227	0.04808	0.68775	0.05769	0.02733	0.01113	0.00354	0.00506	0.02480	0.00810	0.00709
74	0.01246	0.00935	0.01402	0.01402	0.01558	0.01090	0.01090	0.01558	0.01402	0.02025	0.02336	0.03427	0.02181	0.06542	0.65888	0.01402	0.02336	0.00935	0.00467	0.00779
75	0.02908	0.02580	0.02887	0.03340	0.26924	0.16545	0.02028	0.18776	0.02722	0.10047	0.01891	0.02097	0.01435	0.00910	0.00850	0.00253	0.01105	0.00742	0.00625	0.01337
76	0.01778	0.07739	0.61850	0.02437	0.03699	0.02096	0.03137	0.02755	0.01838	0.02727	0.01548	0.01820	0.01106	0.00825	0.00815	0.00272	0.01272	0.00636	0.00369	0.01281
77	0.01246	0.00935	0.01402	0.01402	0.01558	0.01090	0.01090	0.01558	0.01402	0.02025	0.02336	0.03427	0.02181	0.06542	0.65888	0.01402	0.02336	0.00935	0.00467	0.00779
78	0.02392	0.65623	0.04435	0.01541	0.02268	0.07483	0.01505	0.02668	0.01818	0.02058	0.01221	0.01410	0.01120	0.00756	0.00574	0.00189	0.00974	0.00473	0.00378	0.01112
79	0.02420	0.13796	0.02203	0.01453	0.01898	0.01651	0.01198	0.06051	0.01963	0.22154	0.02514	0.03078	0.02046	0.10184	0.22757	0.00692	0.01330	0.00858	0.00676	0.01081
80	0.01038	0.00855	0.00913	0.00961	0.01198	0.00730	0.00697	0.01243	0.01914	0.02326	0.07901	0.22418	0.50130	0.02331	0.01050	0.00308	0.00457	0.01989	0.00810	0.00730
81	0.01246	0.00935	0.01402	0.01402	0.01558	0.01090	0.01090	0.01558	0.01402	0.02025	0.02336	0.03427	0.02181	0.06542	0.65888	0.01402	0.02336	0.00935	0.00467	0.00779
82	0.03274	0.03694	0.02511	0.02182	0.02699	0.48794	0.01678	0.19013	0.02912	0.03043	0.01550	0.01714	0.01221	0.00939	0.00810	0.00235	0.01407	0.00622	0.00564	0.01139
83	0.01246	0.00935	0.01402	0.01402	0.01558	0.01090	0.01090	0.01558	0.01402	0.02025	0.02336	0.03427	0.02181	0.06542	0.65888	0.01402	0.02336	0.00935	0.00467	0.00779
84	0.01675	0.00989	0.01307	0.01172	0.01455	0.00898	0.00898	0.02074	0.02474	0.13526	0.53581	0.05933	0.07233	0.01668	0.01004	0.00274	0.00466	0.01462	0.00980	0.00932
85	0.02223	0.01900	0.02003	0.01786	0.02289	0.02195	0.01394	0.07280	0.59595	0.03736	0.03482	0.03200	0.02607	0.01177	0.00887	0.00294	0.00703	0.00977	0.00887	0.01385
86	0.02288	0.40618	0.13797	0.01761	0.02501	0.09650	0.01767	0.06395	0.01972	0.02398	0.01458	0.01744	0.01250	0.01390	0.07349	0.00335	0.01206	0.00575	0.00422	0.01124
87	0.02597	0.02964	0.02438	0.02161	0.02442	0.34083	0.01698	0.06175	0.02072	0.02308	0.01424	0.01907	0.01260	0.01699	0.08173	0.00401	0.24065	0.00681	0.00453	0.00996
88	0.01063	0.00759	0.01012	0.01215	0.01265	0.00709	0.00810	0.01215	0.01670	0.02227	0.04808	0.68775	0.05769	0.02733	0.01113	0.00354	0.00506	0.02480	0.00810	0.00709
89	0.01647	0.01550	0.02616	0.67248	0.06008	0.01938	0.02422	0.02229	0.01744	0.02229	0.01550	0.02326	0.01163	0.00872	0.00872	0.00291	0.01163	0.00775	0.00388	0.00969
90	0.02431	0.29056	0.03054	0.01742	0.02253	0.22919	0.01470	0.05832	0.02038	0.02260	0.01565	0.01964	0.01387	0.02158	0.15822	0.00485	0.01466	0.00623	0.00447	0.01025
91	0.01175	0.00845	0.00982	0.01025	0.01139	0.00809	0.00681	0.01315	0.01586	0.02087	0.04791	0.19370	0.19885	0.28133	0.08443	0.00616	0.00786	0.01625	0.04049	0.00659
92	0.01722	0.01024	0.01179	0.01062	0.01435	0.00872	0.00824	0.01991	0.02158	0.16914	0.13468	0.06932	0.43330	0.01901	0.00995	0.00287	0.00508	0.01589	0.00889	0.00919
93	0.01184	0.00936	0.01072	0.01029	0.01292	0.00848	0.00774	0.01607	0.05202	0.02963	0.34539	0.07247	0.34235	0.01956	0.01023	0.00285	0.00440	0.01673	0.00885	0.00809
94	0.03211	0.07811	0.02610	0.02177	0.02671	0.55395	0.01671	0.09630	0.02607	0.02492	0.01421	0.01619	0.01162	0.00906	0.00783	0.00226	0.01470	0.00580	0.00491	0.01068
95	0.01519	0.01214	0.01424	0.01461	0.01768	0.01258	0.01200	0.02447	0.18820	0.02832	0.05447	0.07618	0.19986	0.02014	0.01070	0.00344	0.00675	0.27129	0.00829	0.00946
96	0.05761	0.07365	0.37478	0.03319	0.23709	0.02121	0.02820	0.02715	0.01867	0.02810	0.01552	0.01900	0.01190	0.00806	0.00810	0.00265	0.01152	0.00670	0.00399	0.01292

[dist]
# distance from previous block
# <min> <max>
0	1

# created by:
# /home/cegg/simao/soft/augustus-3.2.1/scripts/msa2prfl.pl ./align_prep/13949.fa
