[name]
unknown

[dist]
# distance from previous block
# <min> <max>
0	0

[block]
# block no. 0 follows, 22 sequences, length 41
# corresponding to MSA columns:
# 0-40
name=unknown_A
#
# <colnr> <probs for GDERKNQSTAVLIFYWHMCP>
#	G	D	E	R	K	N	Q	S	T	A	V	L	I	F	Y	W	H	M	C	P
0	0.01339	0.00956	0.01339	0.01530	0.01721	0.00956	0.01339	0.01721	0.01912	0.02486	0.04399	0.09371	0.04781	0.02295	0.01147	0.00382	0.00765	0.60031	0.00765	0.00765
1	0.33956	0.01494	0.01635	0.01318	0.01908	0.01487	0.01088	0.03383	0.01978	0.40310	0.02399	0.02215	0.01577	0.00922	0.00702	0.00257	0.00680	0.00676	0.00815	0.01201
2	0.02056	0.01974	0.03372	0.05099	0.65622	0.01974	0.02550	0.02550	0.01892	0.02714	0.01563	0.02056	0.01316	0.00740	0.00822	0.00247	0.00987	0.00740	0.00411	0.01316
3	0.76672	0.01607	0.01221	0.01092	0.01607	0.01864	0.00900	0.02442	0.01414	0.03727	0.01157	0.01350	0.00900	0.00771	0.00514	0.00257	0.00643	0.00450	0.00514	0.00900
4	0.01012	0.00723	0.00964	0.01157	0.01205	0.00675	0.00771	0.01157	0.01591	0.02121	0.04579	0.70262	0.05495	0.02603	0.01060	0.00337	0.00482	0.02362	0.00771	0.00675
5	0.01569	0.01477	0.02492	0.68808	0.05722	0.01846	0.02307	0.02123	0.01661	0.02123	0.01477	0.02215	0.01107	0.00831	0.00831	0.00277	0.01107	0.00738	0.00369	0.00923
6	0.03158	0.02327	0.02493	0.01911	0.02576	0.02576	0.01579	0.62852	0.03906	0.05236	0.01995	0.01995	0.01413	0.00997	0.00831	0.00249	0.00914	0.00748	0.00831	0.01413
7	0.02056	0.01974	0.03372	0.05099	0.65622	0.01974	0.02550	0.02550	0.01892	0.02714	0.01563	0.02056	0.01316	0.00740	0.00822	0.00247	0.00987	0.00740	0.00411	0.01316
8	0.01164	0.00849	0.01094	0.01032	0.01234	0.00779	0.00774	0.01544	0.02323	0.03264	0.61640	0.06317	0.11425	0.01724	0.00980	0.00262	0.00394	0.01518	0.00906	0.00779
9	0.02056	0.01974	0.03372	0.05099	0.65622	0.01974	0.02550	0.02550	0.01892	0.02714	0.01563	0.02056	0.01316	0.00740	0.00822	0.00247	0.00987	0.00740	0.00411	0.01316
10	0.01569	0.01477	0.02492	0.68808	0.05722	0.01846	0.02307	0.02123	0.01661	0.02123	0.01477	0.02215	0.01107	0.00831	0.00831	0.00277	0.01107	0.00738	0.00369	0.00923
11	0.01569	0.01477	0.02492	0.68808	0.05722	0.01846	0.02307	0.02123	0.01661	0.02123	0.01477	0.02215	0.01107	0.00831	0.00831	0.00277	0.01107	0.00738	0.00369	0.00923
12	0.01208	0.00805	0.00906	0.00906	0.00906	0.00805	0.00503	0.01208	0.01208	0.01611	0.02618	0.05436	0.03020	0.70804	0.04228	0.00805	0.00805	0.01208	0.00503	0.00503
13	0.01569	0.01477	0.02492	0.68808	0.05722	0.01846	0.02307	0.02123	0.01661	0.02123	0.01477	0.02215	0.01107	0.00831	0.00831	0.00277	0.01107	0.00738	0.00369	0.00923
14	0.02066	0.01785	0.01878	0.01691	0.02160	0.02066	0.01315	0.04414	0.64121	0.03475	0.03381	0.03099	0.02536	0.01127	0.00845	0.00282	0.00657	0.00939	0.00845	0.01315
15	0.01068	0.00845	0.00961	0.00932	0.01175	0.00738	0.00699	0.01359	0.02097	0.02728	0.33683	0.07198	0.39715	0.01923	0.00981	0.00272	0.00408	0.01642	0.00835	0.00738
16	0.02056	0.01974	0.03372	0.05099	0.65622	0.01974	0.02550	0.02550	0.01892	0.02714	0.01563	0.02056	0.01316	0.00740	0.00822	0.00247	0.00987	0.00740	0.00411	0.01316
17	0.01569	0.01477	0.02492	0.68808	0.05722	0.01846	0.02307	0.02123	0.01661	0.02123	0.01477	0.02215	0.01107	0.00831	0.00831	0.00277	0.01107	0.00738	0.00369	0.00923
18	0.01082	0.00854	0.00981	0.00974	0.01217	0.00753	0.00747	0.01373	0.02059	0.02654	0.28393	0.07474	0.39468	0.01975	0.00995	0.00282	0.00440	0.06719	0.00822	0.00736
19	0.01818	0.01818	0.02545	0.02181	0.02181	0.02545	0.01818	0.01999	0.01272	0.01999	0.01091	0.01818	0.01091	0.01454	0.02726	0.00364	0.69284	0.00727	0.00364	0.00909
20	0.01164	0.00849	0.01095	0.01033	0.01234	0.00779	0.00775	0.01546	0.02325	0.03267	0.61845	0.06311	0.11217	0.01722	0.00980	0.00262	0.00394	0.01517	0.00906	0.00779
21	0.02434	0.02859	0.02435	0.15773	0.03105	0.36094	0.01807	0.02708	0.01913	0.02042	0.01270	0.01733	0.01083	0.01016	0.01313	0.00268	0.20177	0.00630	0.00398	0.00940
22	0.01666	0.04297	0.66500	0.02368	0.03596	0.01929	0.03069	0.02631	0.01754	0.02631	0.01491	0.01754	0.01052	0.00789	0.00789	0.00263	0.01228	0.00614	0.00351	0.01228
23	0.01476	0.01303	0.01509	0.01375	0.01640	0.01466	0.01081	0.02294	0.19042	0.02665	0.12313	0.05164	0.27936	0.01652	0.01300	0.00296	0.14553	0.01288	0.00726	0.00923
24	0.01021	0.00843	0.00897	0.00883	0.01146	0.00718	0.00662	0.01269	0.01987	0.02466	0.20014	0.07629	0.53548	0.02021	0.00981	0.00277	0.00415	0.01702	0.00801	0.00718
25	0.01666	0.04297	0.66500	0.02368	0.03596	0.01929	0.03069	0.02631	0.01754	0.02631	0.01491	0.01754	0.01052	0.00789	0.00789	0.00263	0.01228	0.00614	0.00351	0.01228
26	0.02056	0.01974	0.03372	0.05099	0.65622	0.01974	0.02550	0.02550	0.01892	0.02714	0.01563	0.02056	0.01316	0.00740	0.00822	0.00247	0.00987	0.00740	0.00411	0.01316
27	0.01748	0.01558	0.02063	0.01473	0.02223	0.01214	0.07578	0.02153	0.01748	0.02702	0.01498	0.01778	0.01234	0.00624	0.00654	0.00140	0.00699	0.00544	0.00484	0.67883
28	0.02944	0.03569	0.02274	0.02066	0.02495	0.56328	0.01572	0.06637	0.05553	0.02316	0.01625	0.02099	0.01396	0.00968	0.00783	0.00230	0.01377	0.04282	0.00493	0.00994
29	0.01064	0.00811	0.00979	0.01008	0.01191	0.00725	0.00729	0.01325	0.01982	0.02623	0.28953	0.24967	0.26450	0.02091	0.01003	0.00289	0.00427	0.01830	0.00826	0.00725
30	0.01816	0.01713	0.09328	0.02551	0.22482	0.01396	0.01662	0.02359	0.05061	0.10071	0.16579	0.04155	0.14833	0.01257	0.00885	0.00261	0.00734	0.01098	0.00670	0.01089
31	0.02117	0.02090	0.03313	0.04927	0.61946	0.05792	0.02494	0.02594	0.01919	0.02674	0.01546	0.02024	0.01302	0.00747	0.00818	0.00245	0.01017	0.00728	0.00412	0.01295
32	0.01012	0.00723	0.00964	0.01157	0.01205	0.00675	0.00771	0.01157	0.01591	0.02121	0.04579	0.70262	0.05495	0.02603	0.01060	0.00337	0.00482	0.02362	0.00771	0.00675
33	0.02649	0.03203	0.02421	0.02155	0.02432	0.44551	0.01680	0.02852	0.01972	0.02021	0.01216	0.01611	0.01077	0.01067	0.01447	0.00267	0.25426	0.00603	0.00405	0.00944
34	0.02445	0.19598	0.03273	0.03214	0.29089	0.24108	0.01959	0.02790	0.01996	0.02301	0.01370	0.01693	0.01173	0.00772	0.00727	0.00219	0.01133	0.00599	0.00403	0.01137
35	0.01708	0.01636	0.02824	0.49951	0.20461	0.01890	0.05239	0.02254	0.01732	0.02294	0.01508	0.02177	0.01166	0.00802	0.00836	0.00270	0.01092	0.00750	0.00382	0.01029
36	0.01015	0.00843	0.00887	0.00876	0.01142	0.00715	0.00657	0.01256	0.01971	0.02429	0.18051	0.07691	0.55535	0.02035	0.00981	0.00277	0.00416	0.01711	0.00796	0.00715
37	0.02056	0.01974	0.03372	0.05099	0.65622	0.01974	0.02550	0.02550	0.01892	0.02714	0.01563	0.02056	0.01316	0.00740	0.00822	0.00247	0.00987	0.00740	0.00411	0.01316
38	0.02139	0.21037	0.03126	0.18729	0.03292	0.02381	0.07839	0.16923	0.02220	0.02880	0.01775	0.07571	0.01550	0.01000	0.00867	0.00252	0.04004	0.00818	0.00516	0.01080
39	0.01563	0.01143	0.01464	0.01538	0.01785	0.01183	0.01294	0.09386	0.05633	0.02836	0.04066	0.16001	0.04329	0.02108	0.01080	0.00354	0.00741	0.41853	0.00779	0.00865
40	0.01604	0.01618	0.01458	0.01638	0.05339	0.17706	0.01087	0.01787	0.01802	0.02133	0.03565	0.48796	0.04126	0.02050	0.00967	0.00301	0.00770	0.01803	0.00663	0.00786

[dist]
# distance from previous block
# <min> <max>
0	1

[block]
# block no. 1 follows, 22 sequences, length 104
# corresponding to MSA columns:
# 42-145
name=unknown_B
#
# <colnr> <probs for GDERKNQSTAVLIFYWHMCP>
#	G	D	E	R	K	N	Q	S	T	A	V	L	I	F	Y	W	H	M	C	P
0	0.02540	0.02997	0.03240	0.03293	0.20723	0.33674	0.16214	0.02947	0.02132	0.02372	0.01456	0.01830	0.01184	0.00787	0.00824	0.00239	0.01331	0.00697	0.00421	0.01099
1	0.03070	0.03616	0.02418	0.02223	0.05118	0.54349	0.01639	0.12894	0.02586	0.02578	0.01410	0.01601	0.01135	0.00874	0.00765	0.00221	0.01383	0.00578	0.00492	0.01050
2	0.02056	0.01974	0.03372	0.05099	0.65622	0.01974	0.02550	0.02550	0.01892	0.02714	0.01563	0.02056	0.01316	0.00740	0.00822	0.00247	0.00987	0.00740	0.00411	0.01316
3	0.02826	0.17248	0.02852	0.02281	0.08544	0.48325	0.01659	0.03077	0.02176	0.02083	0.01285	0.01519	0.01093	0.00816	0.00713	0.00210	0.01327	0.00537	0.00412	0.01018
4	0.01580	0.01175	0.01305	0.01196	0.01544	0.01174	0.00921	0.02484	0.20776	0.08145	0.19470	0.05684	0.28019	0.01628	0.00928	0.00275	0.00509	0.01375	0.00848	0.00964
5	0.01405	0.01270	0.02339	0.01945	0.02288	0.01337	0.18358	0.01815	0.01511	0.02135	0.02072	0.02976	0.01847	0.04675	0.48796	0.01038	0.01993	0.00915	0.00438	0.00848
6	0.01988	0.19258	0.18286	0.03272	0.23941	0.02305	0.14416	0.02575	0.01825	0.02502	0.01472	0.01850	0.01185	0.00736	0.00777	0.00241	0.01101	0.00688	0.00386	0.01197
7	0.02164	0.64444	0.10716	0.01518	0.02282	0.03148	0.01590	0.02502	0.01695	0.02024	0.01189	0.01376	0.01065	0.00719	0.00559	0.00186	0.00923	0.00462	0.00355	0.01083
8	0.01058	0.00742	0.00950	0.01098	0.01135	0.00705	0.00708	0.01169	0.01501	0.02001	0.04118	0.55019	0.04913	0.18639	0.01805	0.00447	0.00558	0.02090	0.00708	0.00634
9	0.01021	0.00843	0.00895	0.00882	0.01146	0.00718	0.00662	0.01267	0.01985	0.02462	0.19778	0.07637	0.53787	0.02023	0.00981	0.00277	0.00415	0.01703	0.00800	0.00718
10	0.01790	0.01702	0.02891	0.39933	0.32870	0.01904	0.02417	0.02316	0.01766	0.02391	0.01516	0.02143	0.01202	0.00790	0.00827	0.00263	0.01053	0.00739	0.00388	0.01101
11	0.01723	0.01477	0.01723	0.01230	0.01969	0.01107	0.00984	0.02092	0.01723	0.02707	0.01477	0.01723	0.01230	0.00615	0.00615	0.00123	0.00615	0.00492	0.00492	0.75883
12	0.01723	0.01477	0.01723	0.01230	0.01969	0.01107	0.00984	0.02092	0.01723	0.02707	0.01477	0.01723	0.01230	0.00615	0.00615	0.00123	0.00615	0.00492	0.00492	0.75883
13	0.03103	0.03959	0.02354	0.02140	0.02568	0.67469	0.01605	0.03317	0.02354	0.02033	0.01284	0.01498	0.01070	0.00856	0.00749	0.00214	0.01498	0.00535	0.00428	0.00963
14	0.02019	0.01921	0.03266	0.04913	0.62289	0.01921	0.02486	0.02506	0.01893	0.02702	0.01711	0.02438	0.01497	0.00821	0.00839	0.00254	0.00975	0.03833	0.00430	0.01287
15	0.01208	0.00805	0.00906	0.00906	0.00906	0.00805	0.00503	0.01208	0.01208	0.01611	0.02618	0.05436	0.03020	0.70804	0.04228	0.00805	0.00805	0.01208	0.00503	0.00503
16	0.01012	0.00723	0.00964	0.01157	0.01205	0.00675	0.00771	0.01157	0.01591	0.02121	0.04579	0.70262	0.05495	0.02603	0.01060	0.00337	0.00482	0.02362	0.00771	0.00675
17	0.01533	0.01400	0.02000	0.01800	0.01867	0.01866	0.01466	0.01767	0.01301	0.01967	0.01602	0.02469	0.01535	0.03606	0.31917	0.00801	0.39069	0.00800	0.00400	0.00834
18	0.01723	0.01477	0.01723	0.01230	0.01969	0.01107	0.00984	0.02092	0.01723	0.02707	0.01477	0.01723	0.01230	0.00615	0.00615	0.00123	0.00615	0.00492	0.00492	0.75883
19	0.02190	0.67543	0.07842	0.01475	0.02214	0.03211	0.01514	0.02496	0.01692	0.01992	0.01174	0.01356	0.01065	0.00715	0.00547	0.00182	0.00907	0.00454	0.00355	0.01075
20	0.02317	0.64017	0.04137	0.01499	0.02179	0.10232	0.01441	0.02577	0.01760	0.01963	0.01169	0.01351	0.01067	0.00726	0.00556	0.00182	0.00954	0.00454	0.00363	0.01055
21	0.01666	0.04297	0.66500	0.02368	0.03596	0.01929	0.03069	0.02631	0.01754	0.02631	0.01491	0.01754	0.01052	0.00789	0.00789	0.00263	0.01228	0.00614	0.00351	0.01228
22	0.02269	0.02722	0.06715	0.26604	0.12493	0.27786	0.02073	0.02779	0.04502	0.02257	0.01491	0.01916	0.01176	0.00837	0.00795	0.00247	0.01235	0.00658	0.00416	0.01029
23	0.03727	0.01414	0.01928	0.01478	0.02121	0.01221	0.01221	0.04049	0.02378	0.66198	0.03277	0.02828	0.02056	0.01028	0.00835	0.00257	0.00707	0.00835	0.01028	0.01414
24	0.01155	0.00848	0.01081	0.01023	0.01228	0.00775	0.00767	0.01527	0.02302	0.03214	0.59057	0.06399	0.14039	0.01742	0.00980	0.00263	0.00395	0.01529	0.00899	0.00775
25	0.00990	0.00842	0.00853	0.00850	0.01127	0.00705	0.00638	0.01208	0.01913	0.02290	0.10805	0.07920	0.62868	0.02087	0.00982	0.00280	0.00420	0.01743	0.00777	0.00705
26	0.01723	0.01477	0.01723	0.01230	0.01969	0.01107	0.00984	0.02092	0.01723	0.02707	0.01477	0.01723	0.01230	0.00615	0.00615	0.00123	0.00615	0.00492	0.00492	0.75883
27	0.01961	0.02241	0.04902	0.03501	0.04342	0.02101	0.62605	0.02661	0.01961	0.02661	0.01681	0.02241	0.01261	0.00700	0.00980	0.00280	0.01401	0.00980	0.00420	0.01120
28	0.01776	0.01756	0.02465	0.02125	0.02135	0.02445	0.01766	0.01965	0.01276	0.01995	0.01165	0.01913	0.01155	0.01768	0.06990	0.00427	0.64871	0.00738	0.00369	0.00898
29	0.02056	0.01974	0.03372	0.05099	0.65622	0.01974	0.02550	0.02550	0.01892	0.02714	0.01563	0.02056	0.01316	0.00740	0.00822	0.00247	0.00987	0.00740	0.00411	0.01316
30	0.01619	0.01288	0.01359	0.01182	0.01582	0.01264	0.00927	0.16330	0.06493	0.03126	0.09444	0.05873	0.39956	0.01690	0.00922	0.00266	0.00562	0.01393	0.00787	0.03938
31	0.02044	0.01396	0.01644	0.01380	0.01867	0.01348	0.01081	0.03036	0.22065	0.14462	0.16040	0.06591	0.03401	0.01178	0.00827	0.00238	0.00592	0.01001	0.00805	0.19005
32	0.02030	0.02127	0.07526	0.04919	0.61540	0.01971	0.02584	0.02555	0.01883	0.02709	0.01558	0.02036	0.01299	0.00743	0.00820	0.00248	0.01003	0.00732	0.00407	0.01310
33	0.02113	0.01855	0.02383	0.02735	0.22469	0.06113	0.01693	0.16450	0.02465	0.03367	0.19498	0.03150	0.03136	0.01146	0.01047	0.00261	0.07403	0.00942	0.00648	0.01127
34	0.00990	0.00842	0.00853	0.00851	0.01127	0.00705	0.00638	0.01209	0.01914	0.02292	0.10907	0.07916	0.62764	0.02086	0.00982	0.00280	0.00420	0.01742	0.00778	0.00705
35	0.02221	0.71304	0.04353	0.01421	0.02132	0.03287	0.01421	0.02488	0.01688	0.01955	0.01155	0.01333	0.01066	0.00711	0.00533	0.00178	0.00888	0.00444	0.00355	0.01066
36	0.01208	0.00805	0.00906	0.00906	0.00906	0.00805	0.00503	0.01208	0.01208	0.01611	0.02618	0.05436	0.03020	0.70804	0.04228	0.00805	0.00805	0.01208	0.00503	0.00503
37	0.01569	0.01477	0.02492	0.68808	0.05722	0.01846	0.02307	0.02123	0.01661	0.02123	0.01477	0.02215	0.01107	0.00831	0.00831	0.00277	0.01107	0.00738	0.00369	0.00923
38	0.03158	0.02327	0.02493	0.01911	0.02576	0.02576	0.01579	0.62852	0.03906	0.05236	0.01995	0.01995	0.01413	0.00997	0.00831	0.00249	0.00914	0.00748	0.00831	0.01413
39	0.01666	0.04297	0.66500	0.02368	0.03596	0.01929	0.03069	0.02631	0.01754	0.02631	0.01491	0.01754	0.01052	0.00789	0.00789	0.00263	0.01228	0.00614	0.00351	0.01228
40	0.03727	0.01414	0.01928	0.01478	0.02121	0.01221	0.01221	0.04049	0.02378	0.66198	0.03277	0.02828	0.02056	0.01028	0.00835	0.00257	0.00707	0.00835	0.01028	0.01414
41	0.01012	0.00723	0.00964	0.01157	0.01205	0.00675	0.00771	0.01157	0.01591	0.02121	0.04579	0.70262	0.05495	0.02603	0.01060	0.00337	0.00482	0.02362	0.00771	0.00675
42	0.01723	0.01477	0.01723	0.01230	0.01969	0.01107	0.00984	0.02092	0.01723	0.02707	0.01477	0.01723	0.01230	0.00615	0.00615	0.00123	0.00615	0.00492	0.00492	0.75883
43	0.01012	0.00723	0.00964	0.01157	0.01205	0.00675	0.00771	0.01157	0.01591	0.02121	0.04579	0.70262	0.05495	0.02603	0.01060	0.00337	0.00482	0.02362	0.00771	0.00675
44	0.03158	0.02327	0.02493	0.01911	0.02576	0.02576	0.01579	0.62852	0.03906	0.05236	0.01995	0.01995	0.01413	0.00997	0.00831	0.00249	0.00914	0.00748	0.00831	0.01413
45	0.76672	0.01607	0.01221	0.01092	0.01607	0.01864	0.00900	0.02442	0.01414	0.03727	0.01157	0.01350	0.00900	0.00771	0.00514	0.00257	0.00643	0.00450	0.00514	0.00900
46	0.01184	0.00795	0.00913	0.00937	0.00943	0.00789	0.00536	0.01202	0.01255	0.01673	0.02857	0.13341	0.03322	0.62488	0.03842	0.00748	0.00766	0.01349	0.00536	0.00524
47	0.03416	0.01345	0.01828	0.01425	0.02013	0.01168	0.01168	0.03746	0.02375	0.58532	0.10826	0.03239	0.02761	0.01110	0.00853	0.00258	0.00668	0.00917	0.01014	0.01337
48	0.02241	0.02120	0.01870	0.01708	0.02124	0.17426	0.01327	0.03615	0.34804	0.06032	0.09289	0.03554	0.02896	0.01215	0.00861	0.00271	0.00843	0.05914	0.00755	0.01135
49	0.01298	0.00991	0.01178	0.01107	0.01365	0.00949	0.00850	0.04865	0.06331	0.03129	0.40784	0.06384	0.21186	0.01755	0.00972	0.00273	0.00462	0.04428	0.00863	0.00830
50	0.76672	0.01607	0.01221	0.01092	0.01607	0.01864	0.00900	0.02442	0.01414	0.03727	0.01157	0.01350	0.00900	0.00771	0.00514	0.00257	0.00643	0.00450	0.00514	0.00900
51	0.03103	0.03959	0.02354	0.02140	0.02568	0.67469	0.01605	0.03317	0.02354	0.02033	0.01284	0.01498	0.01070	0.00856	0.00749	0.00214	0.01498	0.00535	0.00428	0.00963
52	0.01569	0.01477	0.02492	0.68808	0.05722	0.01846	0.02307	0.02123	0.01661	0.02123	0.01477	0.02215	0.01107	0.00831	0.00831	0.00277	0.01107	0.00738	0.00369	0.00923
53	0.01569	0.01477	0.02492	0.68808	0.05722	0.01846	0.02307	0.02123	0.01661	0.02123	0.01477	0.02215	0.01107	0.00831	0.00831	0.00277	0.01107	0.00738	0.00369	0.00923
54	0.02056	0.01974	0.03372	0.05099	0.65622	0.01974	0.02550	0.02550	0.01892	0.02714	0.01563	0.02056	0.01316	0.00740	0.00822	0.00247	0.00987	0.00740	0.00411	0.01316
55	0.01187	0.00890	0.01335	0.01335	0.01483	0.01038	0.01038	0.01483	0.01335	0.01928	0.02225	0.03264	0.02077	0.06231	0.67512	0.01335	0.02225	0.00890	0.00445	0.00742
56	0.02808	0.19229	0.02954	0.02203	0.08530	0.31199	0.01647	0.16701	0.02509	0.02815	0.01443	0.01627	0.01171	0.00843	0.00724	0.00217	0.01172	0.00582	0.00502	0.01124
57	0.01020	0.00742	0.00962	0.01120	0.01200	0.00684	0.00759	0.01187	0.01668	0.02211	0.08892	0.60312	0.11186	0.02497	0.01048	0.00327	0.00470	0.02249	0.00781	0.00684
58	0.02492	0.02824	0.14316	0.02127	0.05658	0.14426	0.01831	0.20225	0.20958	0.03506	0.02157	0.02187	0.01609	0.00958	0.00812	0.00255	0.01010	0.00739	0.00650	0.01260
59	0.01666	0.04297	0.66500	0.02368	0.03596	0.01929	0.03069	0.02631	0.01754	0.02631	0.01491	0.01754	0.01052	0.00789	0.00789	0.00263	0.01228	0.00614	0.00351	0.01228
60	0.02033	0.02039	0.03743	0.04712	0.50758	0.02005	0.17116	0.02577	0.01908	0.02701	0.01591	0.02101	0.01302	0.00731	0.00861	0.00255	0.01087	0.00798	0.00413	0.01268
61	0.01176	0.00893	0.01118	0.01226	0.01441	0.00835	0.01011	0.01480	0.01905	0.02412	0.08815	0.12683	0.27537	0.02215	0.01072	0.00336	0.00600	0.31733	0.00775	0.00736
62	0.02001	0.08279	0.49630	0.02215	0.03296	0.02147	0.02663	0.14675	0.02180	0.03108	0.01570	0.01775	0.01125	0.00826	0.00781	0.00255	0.01143	0.00630	0.00447	0.01254
63	0.00992	0.00803	0.00881	0.00943	0.01149	0.00693	0.00676	0.01181	0.01796	0.02204	0.07180	0.28051	0.46027	0.02265	0.01007	0.00299	0.00440	0.01949	0.00771	0.00693
64	0.02042	0.02014	0.03602	0.04859	0.56417	0.01993	0.11570	0.02566	0.01902	0.02706	0.01580	0.02084	0.01308	0.00734	0.00846	0.00252	0.01049	0.00776	0.00413	0.01287
65	0.03103	0.03959	0.02354	0.02140	0.02568	0.67469	0.01605	0.03317	0.02354	0.02033	0.01284	0.01498	0.01070	0.00856	0.00749	0.00214	0.01498	0.00535	0.00428	0.00963
66	0.01740	0.02656	0.23800	0.02595	0.03284	0.02014	0.22961	0.02349	0.01694	0.02441	0.01757	0.08523	0.01560	0.01092	0.01344	0.00300	0.17475	0.00935	0.00418	0.01062
67	0.01189	0.00862	0.01208	0.01231	0.01340	0.00954	0.00909	0.01409	0.01354	0.01896	0.02596	0.08538	0.02680	0.21306	0.44190	0.01089	0.01687	0.04383	0.00498	0.00681
68	0.76672	0.01607	0.01221	0.01092	0.01607	0.01864	0.00900	0.02442	0.01414	0.03727	0.01157	0.01350	0.00900	0.00771	0.00514	0.00257	0.00643	0.00450	0.00514	0.00900
69	0.21529	0.03207	0.02084	0.01855	0.02328	0.44555	0.01426	0.09051	0.02274	0.02778	0.01323	0.01511	0.01062	0.00849	0.00698	0.00228	0.01226	0.00535	0.00490	0.00992
70	0.02681	0.02902	0.02142	0.01895	0.02360	0.35085	0.01456	0.12317	0.19930	0.02928	0.02445	0.02447	0.05727	0.01035	0.00803	0.00243	0.01105	0.00760	0.00628	0.01112
71	0.01884	0.01231	0.01495	0.01210	0.01734	0.00991	0.00941	0.02179	0.01854	0.15238	0.03417	0.15685	0.11417	0.01284	0.00795	0.00213	0.00581	0.01093	0.00692	0.36066
72	0.45058	0.02442	0.01723	0.01518	0.02021	0.23071	0.01200	0.09230	0.01985	0.03344	0.01288	0.01467	0.01010	0.00823	0.00624	0.00242	0.00947	0.00509	0.00521	0.00975
73	0.01130	0.00773	0.00929	0.01005	0.01025	0.00754	0.00610	0.01188	0.01360	0.01813	0.03395	0.31146	0.04002	0.43756	0.02972	0.00620	0.00677	0.01666	0.00610	0.00571
74	0.01370	0.01134	0.01202	0.01194	0.01292	0.07290	0.00818	0.01506	0.01389	0.01798	0.02477	0.08515	0.02657	0.36567	0.26284	0.00907	0.01358	0.01105	0.00493	0.00644
75	0.06972	0.53341	0.16588	0.01589	0.02391	0.02922	0.01717	0.02513	0.01683	0.02206	0.01222	0.01418	0.01052	0.00730	0.00583	0.00200	0.00940	0.00479	0.00365	0.01088
76	0.03021	0.10353	0.02553	0.02060	0.02527	0.58039	0.01586	0.06227	0.02368	0.02186	0.01307	0.01507	0.01087	0.00849	0.00732	0.00212	0.01410	0.00537	0.00441	0.00996
77	0.02190	0.01549	0.01616	0.01477	0.01890	0.07656	0.01184	0.03028	0.18574	0.17636	0.04394	0.05127	0.15666	0.01509	0.00921	0.00289	0.00722	0.12685	0.00817	0.01069
78	0.09422	0.13273	0.51236	0.02107	0.03190	0.02110	0.02620	0.02592	0.01710	0.02650	0.01410	0.01654	0.01039	0.00777	0.00726	0.00251	0.01121	0.00574	0.00368	0.01172
79	0.01053	0.00811	0.00963	0.00996	0.01184	0.00720	0.00720	0.01303	0.01956	0.02560	0.25621	0.24935	0.29962	0.02114	0.01003	0.00290	0.00429	0.01844	0.00817	0.00720
80	0.03139	0.02902	0.02444	0.01992	0.02573	0.25438	0.01588	0.41878	0.03359	0.04107	0.01744	0.01820	0.01292	0.00948	0.00802	0.00237	0.01120	0.00673	0.00689	0.01254
81	0.02056	0.01974	0.03372	0.05099	0.65622	0.01974	0.02550	0.02550	0.01892	0.02714	0.01563	0.02056	0.01316	0.00740	0.00822	0.00247	0.00987	0.00740	0.00411	0.01316
82	0.01162	0.00838	0.01131	0.01312	0.01440	0.00807	0.01027	0.01421	0.01757	0.02297	0.04710	0.38471	0.08519	0.02432	0.01096	0.00355	0.00610	0.29126	0.00768	0.00718
83	0.00982	0.00842	0.00842	0.00842	0.01122	0.00701	0.00631	0.01192	0.01894	0.02244	0.08416	0.07995	0.65285	0.02104	0.00982	0.00281	0.00421	0.01753	0.00771	0.00701
84	0.02020	0.24172	0.39615	0.02057	0.03026	0.10926	0.02388	0.02678	0.01813	0.02351	0.01364	0.01595	0.01059	0.00775	0.00708	0.00231	0.01162	0.00553	0.00362	0.01145
85	0.02110	0.57892	0.16792	0.01611	0.02425	0.03015	0.01751	0.02516	0.01701	0.02090	0.01222	0.01417	0.01063	0.00726	0.00584	0.00195	0.00956	0.00478	0.00354	0.01098
86	0.01339	0.00956	0.01339	0.01530	0.01721	0.00956	0.01339	0.01721	0.01912	0.02486	0.04399	0.09371	0.04781	0.02295	0.01147	0.00382	0.00765	0.60031	0.00765	0.00765
87	0.01818	0.01818	0.02545	0.02181	0.02181	0.02545	0.01818	0.01999	0.01272	0.01999	0.01091	0.01818	0.01091	0.01454	0.02726	0.00364	0.69284	0.00727	0.00364	0.00909
88	0.02056	0.01974	0.03372	0.05099	0.65622	0.01974	0.02550	0.02550	0.01892	0.02714	0.01563	0.02056	0.01316	0.00740	0.00822	0.00247	0.00987	0.00740	0.00411	0.01316
89	0.01601	0.01509	0.02550	0.64615	0.09664	0.01854	0.02323	0.02151	0.01676	0.02161	0.01482	0.02204	0.01121	0.00825	0.00830	0.00275	0.01099	0.00738	0.00372	0.00949
90	0.03158	0.02327	0.02493	0.01911	0.02576	0.02576	0.01579	0.62852	0.03906	0.05236	0.01995	0.01995	0.01413	0.00997	0.00831	0.00249	0.00914	0.00748	0.00831	0.01413
91	0.01744	0.01853	0.08756	0.07272	0.38184	0.01628	0.02089	0.02257	0.01995	0.02847	0.19448	0.03203	0.03114	0.01020	0.00864	0.00254	0.00849	0.00942	0.00545	0.01136
92	0.01666	0.04297	0.66500	0.02368	0.03596	0.01929	0.03069	0.02631	0.01754	0.02631	0.01491	0.01754	0.01052	0.00789	0.00789	0.00263	0.01228	0.00614	0.00351	0.01228
93	0.01168	0.00849	0.01099	0.01037	0.01236	0.00780	0.00777	0.01552	0.02332	0.03286	0.62805	0.06280	0.10246	0.01715	0.00980	0.00262	0.00393	0.01513	0.00908	0.00780
94	0.01339	0.00956	0.01339	0.01530	0.01721	0.00956	0.01339	0.01721	0.01912	0.02486	0.04399	0.09371	0.04781	0.02295	0.01147	0.00382	0.00765	0.60031	0.00765	0.00765
95	0.02337	0.02302	0.03121	0.04296	0.49083	0.11508	0.02299	0.09765	0.02196	0.02913	0.01573	0.01968	0.01292	0.00787	0.00813	0.00242	0.01052	0.00711	0.00463	0.01276
96	0.02108	0.01571	0.01913	0.01949	0.09709	0.01686	0.01347	0.03568	0.35942	0.11712	0.15516	0.03558	0.03385	0.01181	0.00868	0.00270	0.00651	0.01014	0.00831	0.01222
97	0.00991	0.00804	0.00880	0.00941	0.01148	0.00693	0.00675	0.01181	0.01798	0.02205	0.07204	0.27655	0.46407	0.02261	0.01007	0.00298	0.00440	0.01945	0.00771	0.00693
98	0.07391	0.02460	0.03230	0.03000	0.16198	0.13306	0.18460	0.19668	0.02525	0.03359	0.01643	0.01948	0.01259	0.00823	0.00836	0.00252	0.01144	0.00754	0.00541	0.01202
99	0.02368	0.02666	0.13015	0.03244	0.28061	0.15015	0.02145	0.03119	0.10541	0.08893	0.01913	0.02114	0.01464	0.00853	0.00807	0.00249	0.01056	0.00715	0.00525	0.01241
100	0.20484	0.03025	0.02274	0.02444	0.14145	0.39532	0.01613	0.02964	0.02043	0.02565	0.01306	0.01567	0.01075	0.00814	0.00707	0.00230	0.01198	0.00553	0.00445	0.01014
101	0.09712	0.03594	0.22920	0.02191	0.05366	0.33036	0.02023	0.03028	0.02053	0.06607	0.01480	0.01676	0.01122	0.00833	0.00748	0.00238	0.01256	0.00580	0.00450	0.01086
102	0.05610	0.34406	0.06591	0.01814	0.02480	0.02397	0.13605	0.02518	0.04576	0.05068	0.08118	0.02500	0.05215	0.00916	0.00727	0.00227	0.00905	0.00770	0.00501	0.01055
103	0.01914	0.02245	0.17382	0.02817	0.23580	0.04209	0.01988	0.02519	0.04586	0.07992	0.14465	0.03116	0.02764	0.05562	0.01067	0.00291	0.00897	0.00901	0.00573	0.01130

[dist]
# distance from previous block
# <min> <max>
0	6

# created by:
# /home/cegg/simao/soft/augustus-3.2.1/scripts/msa2prfl.pl ./align_prep/13957.fa
