[name]
unknown

[dist]
# distance from previous block
# <min> <max>
6	8

[block]
# block no. 0 follows, 21 sequences, length 20
# corresponding to MSA columns:
# 8-27
name=unknown_A
#
# <colnr> <probs for GDERKNQSTAVLIFYWHMCP>
#	G	D	E	R	K	N	Q	S	T	A	V	L	I	F	Y	W	H	M	C	P
0	0.01096	0.00789	0.00946	0.01045	0.01120	0.00739	0.00676	0.01208	0.01557	0.02025	0.04729	0.38068	0.15119	0.24409	0.02123	0.00491	0.00590	0.01927	0.00701	0.00639
1	0.01107	0.00794	0.00988	0.01075	0.01165	0.00743	0.00717	0.01274	0.01712	0.02288	0.15113	0.38018	0.11587	0.17294	0.01778	0.00431	0.00544	0.01940	0.00755	0.00675
2	0.01337	0.00938	0.01117	0.01153	0.01244	0.00939	0.00756	0.07188	0.01698	0.02267	0.03587	0.36050	0.04153	0.30799	0.02425	0.00538	0.00676	0.01761	0.00681	0.00692
3	0.01290	0.00822	0.00963	0.00981	0.01047	0.00838	0.00629	0.01427	0.01405	0.02059	0.02827	0.10473	0.03001	0.41170	0.11481	0.00722	0.00897	0.01207	0.16141	0.00622
4	0.01027	0.00780	0.00946	0.01079	0.01207	0.00700	0.00743	0.01197	0.01731	0.02214	0.05977	0.49450	0.24884	0.02499	0.01060	0.00327	0.00473	0.02215	0.00790	0.00700
5	0.01370	0.00932	0.01049	0.01017	0.01069	0.00948	0.00611	0.05612	0.01460	0.01948	0.02752	0.09041	0.03123	0.61185	0.03891	0.00756	0.00814	0.01272	0.00556	0.00593
6	0.01722	0.01202	0.01343	0.01228	0.01417	0.01258	0.00846	0.16591	0.02029	0.02748	0.02879	0.15864	0.03085	0.37677	0.02714	0.00569	0.00776	0.01307	0.03951	0.00794
7	0.01498	0.01033	0.01131	0.01047	0.01395	0.00929	0.00805	0.01952	0.07933	0.10814	0.11448	0.06878	0.46210	0.01884	0.00972	0.00283	0.00491	0.01573	0.00843	0.00881
8	0.01682	0.01333	0.01489	0.01386	0.01546	0.06597	0.01092	0.01992	0.01617	0.02516	0.02148	0.02783	0.01835	0.02492	0.18226	0.00543	0.16638	0.00793	0.32460	0.00832
9	0.02241	0.02404	0.01904	0.01577	0.02110	0.26410	0.01189	0.02508	0.01945	0.02358	0.01590	0.02177	0.01439	0.09881	0.01171	0.00254	0.01005	0.00618	0.00480	0.36735
10	0.01078	0.00852	0.00971	0.00968	0.01201	0.00745	0.00716	0.01352	0.02071	0.02675	0.27665	0.13908	0.38648	0.02063	0.01013	0.00287	0.00427	0.01771	0.00841	0.00745
11	0.01918	0.03090	0.30411	0.03737	0.28006	0.02025	0.13199	0.02667	0.01890	0.02734	0.01590	0.02007	0.01222	0.00773	0.00856	0.00266	0.01191	0.00746	0.00396	0.01274
12	0.07515	0.01767	0.02060	0.01645	0.02262	0.01811	0.01340	0.17931	0.16139	0.33855	0.02941	0.02666	0.01988	0.01053	0.00838	0.00267	0.00760	0.00835	0.00933	0.01395
13	0.01223	0.00884	0.01225	0.01225	0.01328	0.00986	0.00886	0.01428	0.01326	0.01870	0.02410	0.04064	0.02440	0.27011	0.46519	0.01192	0.01809	0.01017	0.00475	0.00681
14	0.01826	0.01013	0.01274	0.01136	0.01472	0.00891	0.00877	0.02145	0.02248	0.19266	0.30133	0.09150	0.21767	0.01720	0.00970	0.00276	0.00499	0.01475	0.00920	0.00943
15	0.01063	0.00752	0.00980	0.01151	0.01194	0.00709	0.00754	0.01192	0.01578	0.02104	0.04426	0.61105	0.05294	0.11553	0.01514	0.00409	0.00537	0.02264	0.00754	0.00668
16	0.02365	0.02513	0.03202	0.04491	0.49773	0.17637	0.02378	0.02802	0.02052	0.02612	0.01532	0.01968	0.01287	0.00787	0.00824	0.00245	0.01137	0.00707	0.00425	0.01261
17	0.02420	0.02616	0.03150	0.04338	0.46620	0.20917	0.02329	0.02842	0.02076	0.02576	0.01517	0.01939	0.01274	0.00793	0.00821	0.00243	0.01164	0.00697	0.00426	0.01242
18	0.02564	0.11618	0.03055	0.06063	0.22263	0.19126	0.01968	0.13150	0.02338	0.02869	0.01510	0.01839	0.01240	0.00888	0.00926	0.00245	0.05995	0.00664	0.00488	0.01189
19	0.01774	0.01653	0.01419	0.01349	0.01548	0.15435	0.00944	0.06586	0.01972	0.02395	0.11084	0.15841	0.06460	0.25375	0.02108	0.00464	0.00858	0.01321	0.00642	0.00772

[dist]
# distance from previous block
# <min> <max>
13	22

[block]
# block no. 1 follows, 21 sequences, length 14
# corresponding to MSA columns:
# 50-63
name=unknown_B
#
# <colnr> <probs for GDERKNQSTAVLIFYWHMCP>
#	G	D	E	R	K	N	Q	S	T	A	V	L	I	F	Y	W	H	M	C	P
0	0.02529	0.02792	0.02116	0.01999	0.04971	0.33436	0.01463	0.06182	0.17906	0.02819	0.09920	0.02882	0.05136	0.01111	0.00839	0.00249	0.01077	0.00849	0.00643	0.01082
1	0.02123	0.02028	0.03094	0.19579	0.14034	0.04995	0.13865	0.10905	0.05118	0.02937	0.01704	0.02158	0.01324	0.00871	0.00982	0.00265	0.05376	0.00786	0.00499	0.07356
2	0.01037	0.00741	0.00987	0.01185	0.01234	0.00691	0.00790	0.01185	0.01629	0.02172	0.04690	0.69537	0.05629	0.02666	0.01086	0.00346	0.00494	0.02419	0.00790	0.00691
3	0.07900	0.02228	0.02256	0.19208	0.03183	0.21023	0.06556	0.05040	0.01918	0.02355	0.01723	0.02638	0.01545	0.13971	0.04651	0.00415	0.01231	0.00789	0.00462	0.00906
4	0.01079	0.00773	0.01026	0.01156	0.01244	0.00720	0.00793	0.01292	0.01827	0.02488	0.19849	0.53480	0.06239	0.02431	0.01065	0.00326	0.00470	0.02196	0.00827	0.00720
5	0.02106	0.02022	0.03454	0.05223	0.64784	0.02022	0.02612	0.02612	0.01938	0.02780	0.01601	0.02106	0.01348	0.00758	0.00842	0.00253	0.01011	0.00758	0.00421	0.01348
6	0.01006	0.00862	0.00862	0.00862	0.01149	0.00718	0.00647	0.01221	0.01940	0.02299	0.08621	0.08190	0.64438	0.02155	0.01006	0.00287	0.00431	0.01796	0.00790	0.00718
7	0.03179	0.04056	0.02412	0.02192	0.02631	0.66676	0.01644	0.03398	0.02412	0.02083	0.01315	0.01535	0.01096	0.00877	0.00767	0.00219	0.01535	0.00548	0.00438	0.00987
8	0.02407	0.54050	0.07964	0.01654	0.02362	0.15031	0.01598	0.02715	0.01860	0.02061	0.01230	0.01424	0.01092	0.00761	0.00604	0.00194	0.01048	0.00483	0.00378	0.01083
9	0.01403	0.00963	0.01119	0.01044	0.01319	0.00877	0.00780	0.01788	0.05248	0.08302	0.27016	0.06585	0.30439	0.07818	0.01276	0.00326	0.00494	0.01530	0.00845	0.00828
10	0.01008	0.00853	0.00871	0.00885	0.01156	0.00716	0.00657	0.01219	0.01918	0.02290	0.08341	0.12557	0.60252	0.02192	0.01012	0.00292	0.00436	0.01840	0.00790	0.00716
11	0.03085	0.03900	0.02425	0.02195	0.02603	0.62115	0.01660	0.03302	0.02333	0.02080	0.01301	0.01558	0.01098	0.00921	0.00912	0.00230	0.06304	0.00562	0.00434	0.00983
12	0.01238	0.00825	0.00928	0.00928	0.00928	0.00825	0.00516	0.01238	0.01238	0.01650	0.02681	0.05569	0.03094	0.70092	0.04331	0.00825	0.00825	0.01238	0.00516	0.00516
13	0.02065	0.01979	0.03379	0.10473	0.59860	0.02011	0.02591	0.02575	0.01918	0.02730	0.01593	0.02120	0.01330	0.00766	0.00843	0.00255	0.01021	0.00758	0.00418	0.01314

[dist]
# distance from previous block
# <min> <max>
0	1

[block]
# block no. 2 follows, 21 sequences, length 46
# corresponding to MSA columns:
# 65-110
name=unknown_C
#
# <colnr> <probs for GDERKNQSTAVLIFYWHMCP>
#	G	D	E	R	K	N	Q	S	T	A	V	L	I	F	Y	W	H	M	C	P
0	0.02753	0.35445	0.03378	0.01845	0.02420	0.36815	0.01556	0.02997	0.02090	0.02045	0.01253	0.01455	0.01094	0.00807	0.00663	0.00202	0.01240	0.00504	0.00403	0.01036
1	0.02083	0.02043	0.03269	0.14475	0.52985	0.05108	0.02528	0.02584	0.01925	0.02656	0.01574	0.02103	0.01304	0.00778	0.00840	0.00256	0.01055	0.00748	0.00416	0.01270
2	0.08926	0.09978	0.31388	0.02619	0.13006	0.14941	0.02397	0.02789	0.01903	0.02624	0.01433	0.01716	0.01112	0.00805	0.00755	0.00248	0.01185	0.00602	0.00401	0.01172
3	0.01800	0.15209	0.55689	0.02267	0.03439	0.02203	0.02869	0.02671	0.01786	0.02582	0.01471	0.01726	0.01080	0.00795	0.00766	0.00255	0.01201	0.00600	0.00360	0.01231
4	0.01037	0.00741	0.00987	0.01185	0.01234	0.00691	0.00790	0.01185	0.01629	0.02172	0.04690	0.69537	0.05629	0.02666	0.01086	0.00346	0.00494	0.02419	0.00790	0.00691
5	0.01996	0.01952	0.03454	0.17496	0.46212	0.02011	0.09305	0.02538	0.01899	0.02654	0.01597	0.02160	0.01299	0.00772	0.00863	0.00263	0.01084	0.00786	0.00414	0.01245
6	0.01955	0.01886	0.03265	0.23589	0.44587	0.01990	0.05377	0.02489	0.01872	0.02600	0.01581	0.02163	0.01283	0.00783	0.00853	0.00263	0.01068	0.00769	0.00409	0.01220
7	0.01771	0.11905	0.58744	0.02316	0.03513	0.02134	0.02953	0.02678	0.01789	0.02617	0.01488	0.01748	0.01080	0.00799	0.00779	0.00260	0.01218	0.00609	0.00360	0.01239
8	0.01028	0.00863	0.00894	0.00886	0.01163	0.00728	0.00664	0.01265	0.01993	0.02426	0.14979	0.07981	0.58001	0.02108	0.01006	0.00285	0.00428	0.01767	0.00807	0.00728
9	0.01095	0.00866	0.00986	0.00956	0.01204	0.00756	0.00717	0.01395	0.02151	0.02800	0.33710	0.07364	0.39036	0.01968	0.01005	0.00278	0.00418	0.01680	0.00856	0.00756
10	0.01937	0.01587	0.02025	0.06349	0.12347	0.01725	0.01529	0.03298	0.30912	0.06031	0.09368	0.04204	0.05859	0.01306	0.00916	0.00291	0.00734	0.07636	0.00766	0.01180
11	0.01870	0.01885	0.02734	0.02305	0.02351	0.02583	0.05009	0.02084	0.01340	0.02084	0.01149	0.01885	0.01126	0.01449	0.02699	0.00368	0.65005	0.00758	0.00375	0.00942
12	0.03372	0.02164	0.02418	0.01854	0.02529	0.02313	0.01531	0.48357	0.03633	0.19473	0.02352	0.02244	0.01602	0.01029	0.00852	0.00257	0.00887	0.00787	0.00899	0.01447
13	0.01970	0.01883	0.03208	0.22396	0.48677	0.01986	0.02544	0.02492	0.01873	0.02615	0.01577	0.02151	0.01290	0.00784	0.00845	0.00261	0.01045	0.00758	0.00409	0.01238
14	0.02065	0.01977	0.03045	0.25787	0.38136	0.05244	0.02418	0.06251	0.02013	0.02707	0.01585	0.02128	0.01271	0.00812	0.00842	0.00262	0.01074	0.00748	0.00435	0.01202
15	0.01072	0.00814	0.00998	0.01128	0.01278	0.00740	0.00821	0.01276	0.01779	0.02266	0.05988	0.40713	0.25318	0.02451	0.01071	0.00332	0.00512	0.09940	0.00789	0.00713
16	0.02764	0.01789	0.01975	0.01580	0.02106	0.01922	0.01286	0.36633	0.03106	0.11454	0.02390	0.02503	0.01748	0.01355	0.04927	0.00312	0.00862	0.00792	0.19253	0.01241
17	0.01037	0.00741	0.00987	0.01185	0.01234	0.00691	0.00790	0.01185	0.01629	0.02172	0.04690	0.69537	0.05629	0.02666	0.01086	0.00346	0.00494	0.02419	0.00790	0.00691
18	0.02329	0.54836	0.04005	0.01633	0.02241	0.10502	0.01526	0.02586	0.01756	0.02017	0.01190	0.01444	0.01096	0.00836	0.00838	0.00209	0.09022	0.00500	0.00374	0.01061
19	0.01037	0.00741	0.00987	0.01185	0.01234	0.00691	0.00790	0.01185	0.01629	0.02172	0.04690	0.69537	0.05629	0.02666	0.01086	0.00346	0.00494	0.02419	0.00790	0.00691
20	0.03200	0.03435	0.02465	0.02105	0.02634	0.42884	0.01634	0.25151	0.03002	0.03302	0.01586	0.01724	0.01227	0.00931	0.00799	0.00233	0.01312	0.00629	0.00592	0.01158
21	0.02219	0.53293	0.16473	0.01695	0.02510	0.07070	0.01803	0.02631	0.01785	0.02145	0.01260	0.01461	0.01090	0.00753	0.00612	0.00202	0.01018	0.00495	0.00368	0.01118
22	0.01732	0.04252	0.61754	0.02602	0.07541	0.01979	0.03111	0.02690	0.01806	0.02700	0.01532	0.01816	0.01095	0.00805	0.00811	0.00268	0.01242	0.00637	0.00363	0.01263
23	0.02009	0.02296	0.05022	0.03587	0.04448	0.02152	0.61693	0.02726	0.02009	0.02726	0.01722	0.02296	0.01291	0.00717	0.01004	0.00287	0.01435	0.01004	0.00430	0.01148
24	0.01035	0.00839	0.00918	0.00950	0.01180	0.00723	0.00693	0.01258	0.01932	0.02401	0.14200	0.20147	0.46337	0.02209	0.01021	0.00297	0.00440	0.01890	0.00807	0.00723
25	0.02385	0.02638	0.03028	0.13972	0.32126	0.23762	0.04714	0.02813	0.02063	0.02448	0.01496	0.01947	0.01227	0.00811	0.00825	0.00248	0.01224	0.00697	0.00421	0.01155
26	0.03086	0.03384	0.02377	0.02054	0.02559	0.43806	0.01586	0.21153	0.02873	0.03095	0.01906	0.02026	0.04402	0.00986	0.00805	0.00234	0.01296	0.00678	0.00582	0.01114
27	0.01006	0.00862	0.00862	0.00862	0.01149	0.00718	0.00647	0.01221	0.01940	0.02299	0.08621	0.08190	0.64438	0.02155	0.01006	0.00287	0.00431	0.01796	0.00790	0.00718
28	0.30303	0.03012	0.33702	0.09412	0.03148	0.01941	0.02200	0.02561	0.01652	0.03067	0.01394	0.01691	0.01024	0.00806	0.00705	0.00269	0.01013	0.00579	0.00426	0.01093
29	0.03037	0.06800	0.02602	0.02449	0.08544	0.57709	0.01728	0.03286	0.02336	0.02146	0.01337	0.01582	0.01120	0.00859	0.00765	0.00221	0.01457	0.00564	0.00434	0.01026
30	0.02919	0.07852	0.02738	0.02721	0.14393	0.50433	0.01816	0.03196	0.02279	0.02210	0.01361	0.01632	0.01144	0.00845	0.00768	0.00223	0.01396	0.00582	0.00431	0.01062
31	0.01037	0.00741	0.00987	0.01185	0.01234	0.00691	0.00790	0.01185	0.01629	0.02172	0.04690	0.69537	0.05629	0.02666	0.01086	0.00346	0.00494	0.02419	0.00790	0.00691
32	0.01648	0.01562	0.01614	0.01549	0.01748	0.13593	0.01200	0.01934	0.01584	0.02063	0.02049	0.02898	0.01871	0.04746	0.46695	0.01025	0.06222	0.00826	0.04358	0.00815
33	0.01707	0.04402	0.65683	0.02426	0.03683	0.01976	0.03144	0.02695	0.01797	0.02695	0.01527	0.01797	0.01078	0.00809	0.00809	0.00270	0.01258	0.00629	0.00359	0.01258
34	0.01238	0.00825	0.00928	0.00928	0.00928	0.00825	0.00516	0.01238	0.01238	0.01650	0.02681	0.05569	0.03094	0.70092	0.04331	0.00825	0.00825	0.01238	0.00516	0.00516
35	0.01238	0.00825	0.00928	0.00928	0.00928	0.00825	0.00516	0.01238	0.01238	0.01650	0.02681	0.05569	0.03094	0.70092	0.04331	0.00825	0.00825	0.01238	0.00516	0.00516
36	0.02904	0.02478	0.02317	0.01891	0.02433	0.15078	0.01510	0.40721	0.03262	0.04160	0.01955	0.02250	0.01530	0.04747	0.08458	0.00400	0.01202	0.00761	0.00709	0.01236
37	0.01606	0.01532	0.01556	0.01512	0.01715	0.14066	0.01155	0.01880	0.01569	0.01983	0.02106	0.03080	0.01964	0.08024	0.50963	0.01117	0.02069	0.00854	0.00455	0.00794
38	0.01149	0.00821	0.01114	0.01294	0.01397	0.00786	0.00967	0.01387	0.01779	0.02364	0.08400	0.47338	0.05558	0.02512	0.01108	0.00355	0.00576	0.19571	0.00797	0.00726
39	0.02163	0.02130	0.03399	0.05062	0.61477	0.05462	0.02560	0.02654	0.01963	0.02743	0.01586	0.02076	0.01335	0.00765	0.00838	0.00251	0.01039	0.00747	0.00422	0.01329
40	0.01121	0.00740	0.01010	0.01170	0.01210	0.00700	0.00780	0.01170	0.01531	0.02041	0.04081	0.56837	0.04841	0.02721	0.01511	0.14553	0.00540	0.02101	0.00710	0.00630
41	0.01901	0.01741	0.02704	0.19621	0.31206	0.01889	0.02169	0.02770	0.13512	0.02752	0.02264	0.03204	0.01938	0.01038	0.00887	0.00283	0.00951	0.07450	0.00536	0.01184
42	0.02728	0.37240	0.03433	0.01825	0.02408	0.35107	0.01550	0.02974	0.02071	0.02043	0.01249	0.01450	0.01094	0.00803	0.00657	0.00201	0.01223	0.00502	0.00401	0.01039
43	0.01006	0.00862	0.00862	0.00862	0.01149	0.00718	0.00647	0.01221	0.01940	0.02299	0.08621	0.08190	0.64438	0.02155	0.01006	0.00287	0.00431	0.01796	0.00790	0.00718
44	0.02339	0.02642	0.05966	0.19227	0.16317	0.22173	0.02062	0.05287	0.10657	0.02614	0.01763	0.02099	0.01380	0.00886	0.00823	0.00256	0.01168	0.00714	0.00491	0.01134
45	0.01006	0.00862	0.00862	0.00862	0.01149	0.00718	0.00647	0.01221	0.01940	0.02299	0.08621	0.08190	0.64438	0.02155	0.01006	0.00287	0.00431	0.01796	0.00790	0.00718

[dist]
# distance from previous block
# <min> <max>
8	22

[block]
# block no. 3 follows, 21 sequences, length 37
# corresponding to MSA columns:
# 136-172
name=unknown_D
#
# <colnr> <probs for GDERKNQSTAVLIFYWHMCP>
#	G	D	E	R	K	N	Q	S	T	A	V	L	I	F	Y	W	H	M	C	P
0	0.02746	0.02820	0.02603	0.02678	0.14826	0.27181	0.01808	0.18749	0.02587	0.03093	0.01615	0.01931	0.01310	0.01306	0.05337	0.00324	0.06694	0.00688	0.00542	0.01162
1	0.21713	0.01321	0.01339	0.01230	0.01616	0.01386	0.00954	0.06251	0.09747	0.07817	0.09294	0.14255	0.16818	0.01548	0.00850	0.00284	0.00585	0.01268	0.00765	0.00958
2	0.02074	0.02213	0.08441	0.04999	0.59888	0.02018	0.02654	0.02618	0.01926	0.02773	0.01595	0.02081	0.01326	0.00762	0.00840	0.00254	0.01031	0.00748	0.00416	0.01341
3	0.02173	0.01579	0.01988	0.14677	0.02793	0.01627	0.01420	0.15677	0.07195	0.09332	0.02433	0.12113	0.02117	0.01244	0.00948	0.03501	0.00796	0.00975	0.00676	0.16736
4	0.01037	0.00741	0.00987	0.01185	0.01234	0.00691	0.00790	0.01185	0.01629	0.02172	0.04690	0.69537	0.05629	0.02666	0.01086	0.00346	0.00494	0.02419	0.00790	0.00691
5	0.02056	0.01685	0.01921	0.01399	0.02140	0.01432	0.01129	0.13977	0.02207	0.03286	0.01618	0.01820	0.01297	0.00708	0.00674	0.00152	0.00691	0.00556	0.00573	0.60682
6	0.01050	0.00746	0.00984	0.01169	0.01215	0.00700	0.00772	0.01188	0.01604	0.02139	0.04562	0.65455	0.05467	0.06969	0.01293	0.00376	0.00515	0.02344	0.00772	0.00680
7	0.01924	0.04525	0.02013	0.21735	0.03025	0.07830	0.01500	0.11156	0.02231	0.02993	0.13160	0.03083	0.02654	0.01499	0.06104	0.00341	0.00985	0.00885	0.11387	0.00969
8	0.07878	0.02511	0.30338	0.01718	0.02389	0.01421	0.01891	0.02088	0.01719	0.02625	0.06540	0.08595	0.05261	0.01507	0.01191	0.10520	0.00896	0.05583	0.04384	0.00945
9	0.07918	0.02381	0.14623	0.03269	0.26910	0.02125	0.02240	0.02821	0.11535	0.02839	0.01763	0.02116	0.01420	0.00966	0.01167	0.00284	0.13180	0.00740	0.00480	0.01221
10	0.01958	0.33685	0.38602	0.01997	0.03020	0.02592	0.02398	0.02630	0.01767	0.02389	0.01375	0.01606	0.01084	0.00773	0.00692	0.00231	0.01104	0.00552	0.00361	0.01184
11	0.12340	0.02765	0.06801	0.03539	0.32815	0.22398	0.02114	0.02850	0.02013	0.02694	0.01450	0.01809	0.01194	0.00803	0.00774	0.00245	0.01145	0.00644	0.00437	0.01171
12	0.01624	0.01501	0.02247	0.13280	0.27480	0.01530	0.01757	0.02174	0.06442	0.02566	0.04303	0.04445	0.24576	0.01315	0.00906	0.00273	0.00793	0.01154	0.00583	0.01053
13	0.01831	0.01924	0.02572	0.07428	0.02811	0.14382	0.16258	0.02242	0.01759	0.02198	0.01889	0.02640	0.01637	0.03450	0.32154	0.00787	0.01832	0.00850	0.00440	0.00915
14	0.01820	0.03726	0.48008	0.03220	0.21038	0.01989	0.02993	0.02671	0.01837	0.02719	0.01548	0.01885	0.01155	0.00794	0.00818	0.00265	0.01188	0.00666	0.00377	0.01283
15	0.01813	0.03472	0.42086	0.08441	0.18989	0.01990	0.06003	0.02634	0.01835	0.02676	0.01554	0.01937	0.01160	0.00795	0.00831	0.00267	0.01196	0.00691	0.00380	0.01249
16	0.01238	0.00825	0.00928	0.00928	0.00928	0.00825	0.00516	0.01238	0.01238	0.01650	0.02681	0.05569	0.03094	0.70092	0.04331	0.00825	0.00825	0.01238	0.00516	0.00516
17	0.01839	0.01806	0.02542	0.02094	0.02299	0.06762	0.12285	0.02105	0.01541	0.02190	0.01692	0.02762	0.01629	0.14837	0.02436	0.00420	0.32226	0.00879	0.06775	0.00880
18	0.02206	0.01873	0.01975	0.01750	0.02247	0.02159	0.01369	0.09123	0.58499	0.03704	0.03350	0.03084	0.02506	0.01144	0.00865	0.00286	0.00695	0.00946	0.00865	0.01355
19	0.01915	0.02442	0.15792	0.08174	0.19664	0.01991	0.18624	0.02840	0.10877	0.02790	0.02030	0.05407	0.01646	0.00911	0.00896	0.00277	0.01112	0.00907	0.00491	0.01215
20	0.03179	0.04056	0.02412	0.02192	0.02631	0.66676	0.01644	0.03398	0.02412	0.02083	0.01315	0.01535	0.01096	0.00877	0.00767	0.00219	0.01535	0.00548	0.00438	0.00987
21	0.01250	0.00893	0.01228	0.01405	0.01554	0.00872	0.01139	0.01562	0.01884	0.02488	0.08997	0.28971	0.05369	0.02409	0.01134	0.00367	0.00660	0.36264	0.00797	0.00755
22	0.02212	0.02232	0.03057	0.18422	0.39534	0.11689	0.02364	0.05504	0.02057	0.02668	0.01560	0.02053	0.01268	0.00809	0.00834	0.00255	0.01113	0.00727	0.00435	0.01210
23	0.02106	0.02022	0.03454	0.05223	0.64784	0.02022	0.02612	0.02612	0.01938	0.02780	0.01601	0.02106	0.01348	0.00758	0.00842	0.00253	0.01011	0.00758	0.00421	0.01348
24	0.01749	0.09305	0.61149	0.02354	0.03572	0.02079	0.03019	0.02684	0.01792	0.02644	0.01502	0.01765	0.01079	0.00803	0.00789	0.00263	0.01232	0.00616	0.00360	0.01245
25	0.65423	0.01999	0.01421	0.01276	0.01790	0.11395	0.01027	0.02633	0.01589	0.03564	0.01204	0.01405	0.00947	0.00803	0.00562	0.00257	0.00787	0.00474	0.00514	0.00931
26	0.02343	0.48767	0.06659	0.01640	0.02289	0.15645	0.01541	0.02641	0.01838	0.02048	0.01313	0.01577	0.01175	0.01214	0.05904	0.00288	0.01160	0.00518	0.00386	0.01052
27	0.01216	0.00912	0.01368	0.01368	0.01520	0.01064	0.01064	0.01520	0.01368	0.01976	0.02279	0.03343	0.02127	0.06382	0.66720	0.01368	0.02279	0.00912	0.00456	0.00760
28	0.01232	0.00848	0.01046	0.01046	0.01087	0.00889	0.00663	0.01313	0.01273	0.01738	0.02573	0.04971	0.02834	0.52965	0.21104	0.00971	0.01216	0.01150	0.00500	0.00581
29	0.01175	0.00869	0.01097	0.01040	0.01254	0.00791	0.00780	0.01550	0.02340	0.03250	0.56175	0.06625	0.16292	0.01801	0.01004	0.00271	0.00406	0.01577	0.00915	0.00791
30	0.01435	0.01856	0.15525	0.01631	0.02166	0.01287	0.07341	0.02132	0.07349	0.03001	0.29273	0.05027	0.15590	0.01462	0.00950	0.00275	0.00718	0.01286	0.00729	0.00967
31	0.02567	0.44218	0.03666	0.01644	0.02317	0.07268	0.01499	0.19393	0.02404	0.02959	0.01477	0.01644	0.01232	0.01036	0.03163	0.00250	0.01011	0.00567	0.00511	0.01173
32	0.03097	0.02228	0.02435	0.01893	0.02530	0.02457	0.01558	0.54772	0.03727	0.07508	0.02115	0.02182	0.01528	0.01453	0.06135	0.00345	0.01036	0.00781	0.00828	0.01392
33	0.02924	0.06990	0.02736	0.02735	0.14907	0.45450	0.01824	0.07890	0.02410	0.02479	0.01423	0.01680	0.01174	0.00857	0.00777	0.00227	0.01351	0.00602	0.00464	0.01101
34	0.03222	0.02770	0.02521	0.02012	0.02637	0.17424	0.01624	0.48429	0.03634	0.04606	0.01875	0.01926	0.01366	0.00988	0.00832	0.00247	0.01075	0.00716	0.00756	0.01341
35	0.01189	0.00859	0.01160	0.01188	0.01284	0.00924	0.00841	0.01374	0.01387	0.01916	0.02983	0.13731	0.05220	0.25184	0.35766	0.01015	0.01509	0.01261	0.00535	0.00674
36	0.02900	0.02134	0.02298	0.01788	0.02378	0.02328	0.01441	0.51170	0.03530	0.04747	0.02110	0.02518	0.01667	0.10529	0.01322	0.00329	0.00909	0.00821	0.00791	0.04290

[dist]
# distance from previous block
# <min> <max>
0	1

# created by:
# /home/cegg/simao/soft/augustus-3.2.1/scripts/msa2prfl.pl ./align_prep/13975.fa
