[name]
unknown

[dist]
# distance from previous block
# <min> <max>
0	2

[block]
# block no. 0 follows, 22 sequences, length 19
# corresponding to MSA columns:
# 2-20
name=unknown_A
#
# <colnr> <probs for GDERKNQSTAVLIFYWHMCP>
#	G	D	E	R	K	N	Q	S	T	A	V	L	I	F	Y	W	H	M	C	P
0	0.01833	0.01679	0.01833	0.02105	0.09937	0.12706	0.01550	0.05410	0.02094	0.02585	0.03372	0.06688	0.03520	0.01780	0.01020	0.00329	0.00928	0.39061	0.00666	0.00904
1	0.13696	0.02637	0.07648	0.02612	0.17100	0.15783	0.01828	0.22670	0.02573	0.03551	0.01582	0.01790	0.01214	0.00858	0.00762	0.00244	0.01037	0.00647	0.00564	0.01206
2	0.01690	0.04131	0.61525	0.02459	0.03656	0.01943	0.07878	0.02633	0.01771	0.02633	0.01506	0.01793	0.01069	0.00782	0.00805	0.00264	0.01242	0.00643	0.00356	0.01219
3	0.01916	0.02109	0.04166	0.03089	0.03667	0.02239	0.43631	0.02454	0.01746	0.02454	0.01496	0.02109	0.01207	0.00936	0.01525	0.00306	0.22589	0.00901	0.00402	0.01054
4	0.00982	0.00842	0.00842	0.00842	0.01122	0.00701	0.00631	0.01192	0.01894	0.02244	0.08416	0.07995	0.65285	0.02104	0.00982	0.00281	0.00421	0.01753	0.00771	0.00701
5	0.01049	0.00739	0.00953	0.01109	0.01149	0.00699	0.00721	0.01166	0.01518	0.02025	0.04209	0.58037	0.05028	0.15465	0.01658	0.00426	0.00543	0.02144	0.00721	0.00642
6	0.01205	0.00818	0.00970	0.00970	0.00992	0.00840	0.00583	0.01249	0.01227	0.01658	0.02559	0.05114	0.02880	0.61208	0.13633	0.00884	0.01016	0.01161	0.00495	0.00539
7	0.02221	0.71304	0.04353	0.01421	0.02132	0.03287	0.01421	0.02488	0.01688	0.01955	0.01155	0.01333	0.01066	0.00711	0.00533	0.00178	0.00888	0.00444	0.00355	0.01066
8	0.03121	0.03421	0.02400	0.02065	0.02571	0.46088	0.01597	0.22933	0.02865	0.03088	0.01518	0.01662	0.01183	0.00903	0.00776	0.00226	0.01306	0.00605	0.00561	0.01111
9	0.01208	0.00805	0.00906	0.00906	0.00906	0.00805	0.00503	0.01208	0.01208	0.01611	0.02618	0.05436	0.03020	0.70804	0.04228	0.00805	0.00805	0.01208	0.00503	0.00503
10	0.01723	0.01477	0.01723	0.01230	0.01969	0.01107	0.00984	0.02092	0.01723	0.02707	0.01477	0.01723	0.01230	0.00615	0.00615	0.00123	0.00615	0.00492	0.00492	0.75883
11	0.01012	0.00723	0.00964	0.01157	0.01205	0.00675	0.00771	0.01157	0.01591	0.02121	0.04579	0.70262	0.05495	0.02603	0.01060	0.00337	0.00482	0.02362	0.00771	0.00675
12	0.01973	0.01703	0.01789	0.01617	0.02070	0.01948	0.01256	0.04136	0.58741	0.03369	0.03817	0.03523	0.07962	0.01212	0.00857	0.00282	0.00637	0.01010	0.00839	0.01262
13	0.01208	0.00805	0.00906	0.00906	0.00906	0.00805	0.00503	0.01208	0.01208	0.01611	0.02618	0.05436	0.03020	0.70804	0.04228	0.00805	0.00805	0.01208	0.00503	0.00503
14	0.01012	0.00723	0.00964	0.01157	0.01205	0.00675	0.00771	0.01157	0.01591	0.02121	0.04579	0.70262	0.05495	0.02603	0.01060	0.00337	0.00482	0.02362	0.00771	0.00675
15	0.03025	0.03197	0.02499	0.02336	0.08474	0.38425	0.01684	0.24266	0.02859	0.03228	0.01561	0.01726	0.01214	0.00895	0.00785	0.00230	0.01244	0.00629	0.00569	0.01155
16	0.06789	0.22487	0.23127	0.02475	0.14004	0.13087	0.02138	0.02677	0.01838	0.02426	0.01355	0.01623	0.01097	0.00768	0.00700	0.00228	0.01097	0.00566	0.00386	0.01134
17	0.01923	0.35277	0.37767	0.01930	0.02919	0.02557	0.02307	0.02565	0.01723	0.02318	0.01336	0.01559	0.01059	0.00753	0.00671	0.00224	0.01071	0.00535	0.00353	0.01153
18	0.01703	0.01334	0.06906	0.01239	0.01654	0.01058	0.01066	0.02263	0.07956	0.14234	0.26469	0.05439	0.22245	0.01563	0.00925	0.00268	0.00554	0.01326	0.00838	0.00961

[dist]
# distance from previous block
# <min> <max>
0	1

[block]
# block no. 1 follows, 22 sequences, length 67
# corresponding to MSA columns:
# 22-88
name=unknown_B
#
# <colnr> <probs for GDERKNQSTAVLIFYWHMCP>
#	G	D	E	R	K	N	Q	S	T	A	V	L	I	F	Y	W	H	M	C	P
0	0.02472	0.07564	0.06050	0.01861	0.02301	0.33122	0.01528	0.09663	0.02185	0.02466	0.01610	0.01985	0.01352	0.01904	0.13425	0.00435	0.04296	0.00645	0.04153	0.00985
1	0.02079	0.03886	0.48575	0.02260	0.03310	0.07685	0.02655	0.14370	0.02223	0.03085	0.01571	0.01779	0.01124	0.00835	0.00794	0.00256	0.01190	0.00633	0.00451	0.01241
2	0.02411	0.15824	0.15889	0.02152	0.02842	0.28037	0.08437	0.03082	0.09122	0.02372	0.01585	0.01783	0.01254	0.00830	0.00754	0.00232	0.01226	0.00629	0.00446	0.01092
3	0.01200	0.00838	0.01071	0.01071	0.01128	0.00895	0.00709	0.01314	0.01257	0.01733	0.02467	0.04603	0.02658	0.46040	0.28498	0.01009	0.01350	0.01086	0.00481	0.00595
4	0.01802	0.07835	0.56022	0.02444	0.06660	0.05894	0.02865	0.02660	0.01793	0.02563	0.01464	0.01731	0.01068	0.00786	0.00775	0.00255	0.01213	0.00606	0.00359	0.01208
5	0.02221	0.71304	0.04353	0.01421	0.02132	0.03287	0.01421	0.02488	0.01688	0.01955	0.01155	0.01333	0.01066	0.00711	0.00533	0.00178	0.00888	0.00444	0.00355	0.01066
6	0.02144	0.02735	0.27104	0.02688	0.17680	0.01835	0.02245	0.09310	0.06367	0.10722	0.02462	0.02572	0.06502	0.00957	0.00826	0.00260	0.00970	0.00798	0.00567	0.01255
7	0.02768	0.03585	0.06251	0.02463	0.03026	0.49166	0.15600	0.03132	0.02233	0.02207	0.01385	0.01681	0.01113	0.00817	0.00804	0.00232	0.01462	0.00641	0.00422	0.01013
8	0.01666	0.04297	0.66500	0.02368	0.03596	0.01929	0.03069	0.02631	0.01754	0.02631	0.01491	0.01754	0.01052	0.00789	0.00789	0.00263	0.01228	0.00614	0.00351	0.01228
9	0.02037	0.02048	0.03350	0.13991	0.46561	0.05854	0.08959	0.02545	0.01893	0.02582	0.01546	0.02066	0.01265	0.00756	0.00836	0.00253	0.01079	0.00754	0.00407	0.01217
10	0.02785	0.06662	0.02368	0.01922	0.02435	0.30190	0.01510	0.18178	0.19542	0.03208	0.02023	0.02048	0.01554	0.00957	0.00784	0.00239	0.01092	0.00693	0.00637	0.01175
11	0.01189	0.00880	0.01286	0.01286	0.01418	0.01012	0.00977	0.01452	0.01321	0.01892	0.02270	0.03512	0.02185	0.13605	0.60285	0.01275	0.02063	0.00926	0.00452	0.00715
12	0.01569	0.01477	0.02492	0.68808	0.05722	0.01846	0.02307	0.02123	0.01661	0.02123	0.01477	0.02215	0.01107	0.00831	0.00831	0.00277	0.01107	0.00738	0.00369	0.00923
13	0.04660	0.03926	0.56724	0.02630	0.10601	0.01932	0.02925	0.02614	0.01756	0.02683	0.01486	0.01773	0.01076	0.00783	0.00782	0.00261	0.01177	0.00622	0.00364	0.01225
14	0.01983	0.02215	0.10515	0.07605	0.48121	0.01975	0.05588	0.02671	0.06119	0.02725	0.01680	0.02110	0.01356	0.00775	0.00829	0.00254	0.01019	0.00752	0.00432	0.01276
15	0.00992	0.00842	0.00855	0.00852	0.01128	0.00706	0.00639	0.01211	0.01917	0.02300	0.11323	0.07903	0.62343	0.02083	0.00982	0.00280	0.00419	0.01740	0.00779	0.00706
16	0.02494	0.01864	0.02997	0.04108	0.47874	0.01833	0.02196	0.06008	0.02107	0.17330	0.01976	0.02229	0.01490	0.00819	0.00826	0.00249	0.00919	0.00762	0.00574	0.01343
17	0.02301	0.02498	0.02992	0.03868	0.39559	0.21274	0.05102	0.02715	0.02063	0.02552	0.05832	0.02184	0.01686	0.00838	0.00819	0.00240	0.01118	0.00743	0.00451	0.01166
18	0.01051	0.00864	0.00938	0.00975	0.01238	0.00751	0.00768	0.01295	0.01897	0.02291	0.07637	0.08262	0.53550	0.02141	0.01014	0.00300	0.00488	0.13056	0.00770	0.00714
19	0.01657	0.01280	0.01426	0.01351	0.01711	0.01335	0.01071	0.02783	0.27304	0.06667	0.08129	0.05835	0.22988	0.01654	0.00945	0.00296	0.00591	0.11144	0.00823	0.01009
20	0.01699	0.08308	0.62780	0.02311	0.03508	0.02011	0.02971	0.02622	0.01750	0.02590	0.01471	0.01729	0.01053	0.00785	0.00774	0.00258	0.01207	0.00604	0.00351	0.01218
21	0.01832	0.18759	0.41092	0.06435	0.11037	0.02232	0.02593	0.02559	0.01751	0.02460	0.01424	0.01725	0.01091	0.00768	0.00739	0.00243	0.01115	0.00599	0.00360	0.01185
22	0.01012	0.00723	0.00964	0.01157	0.01205	0.00675	0.00771	0.01157	0.01591	0.02121	0.04579	0.70262	0.05495	0.02603	0.01060	0.00337	0.00482	0.02362	0.00771	0.00675
23	0.02056	0.01974	0.03372	0.05099	0.65622	0.01974	0.02550	0.02550	0.01892	0.02714	0.01563	0.02056	0.01316	0.00740	0.00822	0.00247	0.00987	0.00740	0.00411	0.01316
24	0.02170	0.01731	0.02365	0.01919	0.02392	0.01804	0.12061	0.29894	0.02724	0.03654	0.02875	0.26749	0.02863	0.01526	0.00940	0.00287	0.00844	0.01373	0.00737	0.01094
25	0.01012	0.00723	0.00964	0.01157	0.01205	0.00675	0.00771	0.01157	0.01591	0.02121	0.04579	0.70262	0.05495	0.02603	0.01060	0.00337	0.00482	0.02362	0.00771	0.00675
26	0.01687	0.01597	0.02705	0.53335	0.20270	0.01877	0.02366	0.02226	0.01717	0.02266	0.01497	0.02176	0.01158	0.00809	0.00829	0.00270	0.01078	0.00739	0.00379	0.01018
27	0.01049	0.00863	0.00935	0.00971	0.01235	0.00749	0.00765	0.01292	0.01897	0.02290	0.07658	0.08254	0.53873	0.02140	0.01013	0.00300	0.00486	0.12746	0.00770	0.00713
28	0.01666	0.04297	0.66500	0.02368	0.03596	0.01929	0.03069	0.02631	0.01754	0.02631	0.01491	0.01754	0.01052	0.00789	0.00789	0.00263	0.01228	0.00614	0.00351	0.01228
29	0.00982	0.00842	0.00842	0.00842	0.01122	0.00701	0.00631	0.01192	0.01894	0.02244	0.08416	0.07995	0.65285	0.02104	0.00982	0.00281	0.00421	0.01753	0.00771	0.00701
30	0.02836	0.02658	0.02280	0.01917	0.02457	0.21631	0.01513	0.28886	0.20299	0.03796	0.02172	0.02157	0.01626	0.00992	0.00811	0.00248	0.01015	0.00738	0.00716	0.01252
31	0.01666	0.04297	0.66500	0.02368	0.03596	0.01929	0.03069	0.02631	0.01754	0.02631	0.01491	0.01754	0.01052	0.00789	0.00789	0.00263	0.01228	0.00614	0.00351	0.01228
32	0.02056	0.01974	0.03372	0.05099	0.65622	0.01974	0.02550	0.02550	0.01892	0.02714	0.01563	0.02056	0.01316	0.00740	0.00822	0.00247	0.00987	0.00740	0.00411	0.01316
33	0.01584	0.01436	0.02022	0.01806	0.01868	0.01920	0.01475	0.01818	0.01322	0.02041	0.01578	0.02392	0.01492	0.03069	0.24898	0.00688	0.42077	0.00786	0.04884	0.00843
34	0.09092	0.02158	0.02323	0.01793	0.02443	0.02354	0.01481	0.50852	0.03520	0.12560	0.02084	0.02045	0.01450	0.00983	0.00806	0.00251	0.00867	0.00735	0.00830	0.01372
35	0.00985	0.00829	0.00854	0.00874	0.01131	0.00699	0.00646	0.01189	0.01862	0.02231	0.08016	0.14486	0.59052	0.02156	0.00990	0.00286	0.00427	0.01817	0.00771	0.00699
36	0.01569	0.01477	0.02492	0.68808	0.05722	0.01846	0.02307	0.02123	0.01661	0.02123	0.01477	0.02215	0.01107	0.00831	0.00831	0.00277	0.01107	0.00738	0.00369	0.00923
37	0.02752	0.02350	0.02194	0.01823	0.02354	0.14517	0.01479	0.39194	0.03208	0.04055	0.02666	0.03280	0.06855	0.01217	0.00866	0.00261	0.00967	0.08027	0.00742	0.01192
38	0.01467	0.01111	0.01422	0.01507	0.01755	0.01161	0.01271	0.02247	0.14522	0.02782	0.11135	0.07743	0.04677	0.01991	0.01067	0.00348	0.00701	0.41416	0.00798	0.00878
39	0.01012	0.00723	0.00964	0.01157	0.01205	0.00675	0.00771	0.01157	0.01591	0.02121	0.04579	0.70262	0.05495	0.02603	0.01060	0.00337	0.00482	0.02362	0.00771	0.00675
40	0.01666	0.04297	0.66500	0.02368	0.03596	0.01929	0.03069	0.02631	0.01754	0.02631	0.01491	0.01754	0.01052	0.00789	0.00789	0.00263	0.01228	0.00614	0.00351	0.01228
41	0.01666	0.04297	0.66500	0.02368	0.03596	0.01929	0.03069	0.02631	0.01754	0.02631	0.01491	0.01754	0.01052	0.00789	0.00789	0.00263	0.01228	0.00614	0.00351	0.01228
42	0.02056	0.01974	0.03372	0.05099	0.65622	0.01974	0.02550	0.02550	0.01892	0.02714	0.01563	0.02056	0.01316	0.00740	0.00822	0.00247	0.00987	0.00740	0.00411	0.01316
43	0.01076	0.00772	0.01021	0.01113	0.01219	0.00717	0.00776	0.01316	0.01886	0.02591	0.28100	0.45402	0.06404	0.02252	0.01029	0.00308	0.00447	0.02028	0.00827	0.00717
44	0.03020	0.01869	0.02127	0.01705	0.02305	0.01984	0.01384	0.26410	0.21221	0.24572	0.02823	0.02593	0.01955	0.01046	0.00837	0.00261	0.00771	0.00833	0.00899	0.01384
45	0.01243	0.00902	0.01221	0.01393	0.01567	0.00879	0.01164	0.01565	0.01852	0.02395	0.04836	0.20291	0.11007	0.02332	0.01115	0.00364	0.00679	0.43685	0.00767	0.00742
46	0.01012	0.00723	0.00964	0.01157	0.01205	0.00675	0.00771	0.01157	0.01591	0.02121	0.04579	0.70262	0.05495	0.02603	0.01060	0.00337	0.00482	0.02362	0.00771	0.00675
47	0.01895	0.02730	0.20001	0.03331	0.08343	0.02050	0.43809	0.02646	0.01905	0.02657	0.01626	0.02108	0.01213	0.00725	0.00922	0.00274	0.01330	0.00874	0.00402	0.01160
48	0.02609	0.03021	0.02835	0.03538	0.32353	0.36531	0.02051	0.02955	0.02136	0.02355	0.01416	0.01762	0.01186	0.00801	0.00784	0.00229	0.01257	0.00632	0.00420	0.01130
49	0.01666	0.04297	0.66500	0.02368	0.03596	0.01929	0.03069	0.02631	0.01754	0.02631	0.01491	0.01754	0.01052	0.00789	0.00789	0.00263	0.01228	0.00614	0.00351	0.01228
50	0.04926	0.04000	0.58263	0.02413	0.03575	0.01942	0.08217	0.02625	0.01757	0.02681	0.01493	0.01779	0.01064	0.00781	0.00794	0.00264	0.01218	0.00639	0.00364	0.01204
51	0.01954	0.02110	0.04163	0.03583	0.16319	0.02156	0.39386	0.02518	0.01821	0.02551	0.01549	0.02126	0.01241	0.00846	0.01267	0.00289	0.13706	0.00886	0.00408	0.01121
52	0.01361	0.01085	0.01259	0.01236	0.01517	0.01092	0.00976	0.02152	0.16392	0.02893	0.22948	0.06623	0.21885	0.01799	0.00983	0.00296	0.00537	0.13258	0.00829	0.00880
53	0.02056	0.01974	0.03372	0.05099	0.65622	0.01974	0.02550	0.02550	0.01892	0.02714	0.01563	0.02056	0.01316	0.00740	0.00822	0.00247	0.00987	0.00740	0.00411	0.01316
54	0.01832	0.02984	0.28270	0.02924	0.03822	0.02083	0.33192	0.02578	0.01807	0.02578	0.01544	0.02008	0.01162	0.00816	0.01096	0.00283	0.08682	0.00812	0.00387	0.01139
55	0.02969	0.03588	0.02387	0.02125	0.02527	0.54891	0.01626	0.08267	0.02370	0.02303	0.01324	0.01575	0.01102	0.00933	0.00970	0.00233	0.08786	0.00574	0.00456	0.00996
56	0.03103	0.03959	0.02354	0.02140	0.02568	0.67469	0.01605	0.03317	0.02354	0.02033	0.01284	0.01498	0.01070	0.00856	0.00749	0.00214	0.01498	0.00535	0.00428	0.00963
57	0.01204	0.00869	0.01178	0.01356	0.01505	0.00843	0.01098	0.01494	0.01802	0.02346	0.04734	0.29930	0.09156	0.02386	0.01107	0.00360	0.00645	0.36490	0.00768	0.00730
58	0.02128	0.02109	0.03302	0.04897	0.61315	0.06447	0.02485	0.02602	0.01923	0.02668	0.01544	0.02018	0.01299	0.00748	0.00817	0.00244	0.01022	0.00726	0.00412	0.01292
59	0.01187	0.00890	0.01335	0.01335	0.01483	0.01038	0.01038	0.01483	0.01335	0.01928	0.02225	0.03264	0.02077	0.06231	0.67512	0.01335	0.02225	0.00890	0.00445	0.00742
60	0.01060	0.00852	0.00951	0.00946	0.01196	0.00742	0.00722	0.01333	0.02023	0.02565	0.24028	0.07588	0.45075	0.02003	0.00993	0.00282	0.00436	0.05664	0.00811	0.00729
61	0.01247	0.00891	0.01234	0.01425	0.01577	0.00877	0.01180	0.01563	0.01822	0.02384	0.04449	0.26412	0.04981	0.02381	0.01123	0.00370	0.00686	0.43891	0.00767	0.00740
62	0.02991	0.03724	0.02303	0.02092	0.02524	0.60390	0.01574	0.03436	0.09040	0.02189	0.01511	0.01671	0.01229	0.00885	0.00759	0.00221	0.01407	0.00579	0.00473	0.01001
63	0.01198	0.00807	0.00903	0.00903	0.00916	0.00801	0.00509	0.01207	0.01240	0.01640	0.02884	0.05554	0.05877	0.67653	0.04079	0.00781	0.00788	0.01233	0.00516	0.00512
64	0.02339	0.01877	0.01602	0.01386	0.01767	0.14772	0.01083	0.20235	0.02506	0.03515	0.02210	0.02448	0.01703	0.00954	0.00689	0.00214	0.00767	0.00718	0.38212	0.01001
65	0.01847	0.26124	0.46257	0.02060	0.03119	0.02372	0.02533	0.02584	0.01732	0.02411	0.01381	0.01617	0.01057	0.00764	0.00706	0.00235	0.01117	0.00559	0.00352	0.01175
66	0.02529	0.02924	0.02720	0.03111	0.23037	0.34343	0.01951	0.02828	0.02007	0.02249	0.01340	0.01738	0.01154	0.00927	0.01132	0.00252	0.13643	0.00637	0.00411	0.01068

[dist]
# distance from previous block
# <min> <max>
0	1

[block]
# block no. 2 follows, 22 sequences, length 83
# corresponding to MSA columns:
# 90-172
name=unknown_C
#
# <colnr> <probs for GDERKNQSTAVLIFYWHMCP>
#	G	D	E	R	K	N	Q	S	T	A	V	L	I	F	Y	W	H	M	C	P
0	0.02710	0.03368	0.03231	0.02608	0.03178	0.44980	0.22591	0.03092	0.02219	0.02249	0.01421	0.01754	0.01136	0.00802	0.00829	0.00237	0.01465	0.00688	0.00425	0.01017
1	0.01108	0.00869	0.01025	0.01110	0.01336	0.00786	0.00889	0.01371	0.01870	0.02315	0.06649	0.14705	0.38481	0.02220	0.01047	0.00321	0.00545	0.21864	0.00769	0.00721
2	0.01187	0.00890	0.01335	0.01335	0.01483	0.01038	0.01038	0.01483	0.01335	0.01928	0.02225	0.03264	0.02077	0.06231	0.67512	0.01335	0.02225	0.00890	0.00445	0.00742
3	0.01714	0.10109	0.61109	0.02286	0.03469	0.02047	0.02926	0.02618	0.01748	0.02572	0.01462	0.01717	0.01054	0.00782	0.00767	0.00256	0.01198	0.00599	0.00351	0.01214
4	0.01569	0.01477	0.02492	0.68808	0.05722	0.01846	0.02307	0.02123	0.01661	0.02123	0.01477	0.02215	0.01107	0.00831	0.00831	0.00277	0.01107	0.00738	0.00369	0.00923
5	0.01711	0.09682	0.61506	0.02292	0.03478	0.02038	0.02937	0.02619	0.01749	0.02577	0.01464	0.01720	0.01053	0.00783	0.00769	0.00256	0.01200	0.00600	0.00351	0.01215
6	0.01069	0.00810	0.00985	0.01015	0.01194	0.00727	0.00733	0.01333	0.01991	0.02647	0.30212	0.25235	0.24861	0.02084	0.01004	0.00289	0.00427	0.01828	0.00829	0.00727
7	0.16557	0.01000	0.01093	0.01121	0.01374	0.00982	0.00832	0.01712	0.01706	0.08356	0.04589	0.34171	0.17138	0.01968	0.00916	0.00303	0.00534	0.04108	0.00743	0.00797
8	0.03145	0.03726	0.02333	0.02088	0.02540	0.60385	0.01580	0.06018	0.02425	0.06235	0.01442	0.01604	0.01148	0.00873	0.00758	0.00218	0.01422	0.00564	0.00484	0.01012
9	0.01179	0.00865	0.01210	0.01210	0.01345	0.00955	0.00905	0.01395	0.01367	0.01896	0.02918	0.04048	0.09054	0.14634	0.48531	0.04533	0.01763	0.01021	0.00485	0.00687
10	0.01852	0.01903	0.03406	0.17310	0.15051	0.02156	0.20713	0.02328	0.01678	0.02358	0.01439	0.02075	0.01187	0.00961	0.01443	0.00298	0.21591	0.00810	0.00391	0.01050
11	0.02809	0.03401	0.02640	0.02972	0.20286	0.49065	0.01871	0.03102	0.02224	0.02224	0.01362	0.01655	0.01139	0.00824	0.00770	0.00223	0.01354	0.00593	0.00423	0.01062
12	0.02777	0.07625	0.02413	0.01994	0.02414	0.45482	0.01549	0.08122	0.05066	0.02371	0.01770	0.01959	0.04401	0.00990	0.00946	0.00235	0.07749	0.00645	0.00487	0.01005
13	0.01001	0.00768	0.00917	0.01037	0.01173	0.00685	0.00718	0.01170	0.01706	0.02168	0.06041	0.46529	0.28284	0.02413	0.01030	0.00316	0.00459	0.02130	0.00771	0.00685
14	0.06952	0.09633	0.36083	0.02277	0.09222	0.01904	0.02321	0.02906	0.01876	0.16485	0.01834	0.01952	0.01289	0.00828	0.00761	0.00252	0.01021	0.00648	0.00515	0.01241
15	0.01898	0.01974	0.02915	0.02372	0.02756	0.09072	0.20275	0.02463	0.07011	0.02387	0.02025	0.03136	0.01836	0.01716	0.08102	0.00414	0.19748	0.08434	0.00488	0.00979
16	0.01021	0.00772	0.00943	0.01050	0.01184	0.00695	0.00731	0.01212	0.01764	0.02289	0.12320	0.44632	0.23671	0.02355	0.01028	0.00312	0.00454	0.02086	0.00787	0.00695
17	0.01944	0.01859	0.03169	0.19777	0.51822	0.01944	0.02494	0.02451	0.01839	0.02578	0.01543	0.02093	0.01268	0.00761	0.00824	0.00254	0.01015	0.00740	0.00402	0.01225
18	0.02033	0.01950	0.03330	0.08125	0.62777	0.01968	0.02538	0.02529	0.01881	0.02686	0.01559	0.02064	0.01306	0.00744	0.00823	0.00248	0.00993	0.00740	0.00409	0.01297
19	0.01961	0.02241	0.04902	0.03501	0.04342	0.02101	0.62605	0.02661	0.01961	0.02661	0.01681	0.02241	0.01261	0.00700	0.00980	0.00280	0.01401	0.00980	0.00420	0.01120
20	0.00982	0.00842	0.00842	0.00842	0.01122	0.00701	0.00631	0.01192	0.01894	0.02244	0.08416	0.07995	0.65285	0.02104	0.00982	0.00281	0.00421	0.01753	0.00771	0.00701
21	0.01991	0.02157	0.04423	0.04002	0.23537	0.02061	0.43794	0.02626	0.01939	0.02678	0.01644	0.02183	0.01278	0.00713	0.00931	0.00270	0.01271	0.00905	0.00417	0.01182
22	0.02877	0.03486	0.02251	0.02042	0.02479	0.53229	0.01542	0.03556	0.15803	0.02347	0.01741	0.01847	0.01389	0.00915	0.00770	0.00229	0.01315	0.00623	0.00519	0.01040
23	0.03158	0.02327	0.02493	0.01911	0.02576	0.02576	0.01579	0.62852	0.03906	0.05236	0.01995	0.01995	0.01413	0.00997	0.00831	0.00249	0.00914	0.00748	0.00831	0.01413
24	0.02953	0.03653	0.02352	0.02227	0.05342	0.57995	0.01618	0.03393	0.08520	0.02208	0.01507	0.01683	0.01228	0.00878	0.00762	0.00222	0.01391	0.00585	0.00469	0.01014
25	0.01899	0.01112	0.01149	0.01022	0.01318	0.01167	0.00798	0.15199	0.02213	0.03563	0.02554	0.02857	0.01973	0.00974	0.00635	0.00206	0.00502	0.00769	0.59177	0.00913
26	0.02056	0.01974	0.03372	0.05099	0.65622	0.01974	0.02550	0.02550	0.01892	0.02714	0.01563	0.02056	0.01316	0.00740	0.00822	0.00247	0.00987	0.00740	0.00411	0.01316
27	0.00982	0.00842	0.00842	0.00842	0.01122	0.00701	0.00631	0.01192	0.01894	0.02244	0.08416	0.07995	0.65285	0.02104	0.00982	0.00281	0.00421	0.01753	0.00771	0.00701
28	0.02056	0.01974	0.03372	0.05099	0.65622	0.01974	0.02550	0.02550	0.01892	0.02714	0.01563	0.02056	0.01316	0.00740	0.00822	0.00247	0.00987	0.00740	0.00411	0.01316
29	0.01012	0.00723	0.00964	0.01157	0.01205	0.00675	0.00771	0.01157	0.01591	0.02121	0.04579	0.70262	0.05495	0.02603	0.01060	0.00337	0.00482	0.02362	0.00771	0.00675
30	0.01012	0.00723	0.00964	0.01157	0.01205	0.00675	0.00771	0.01157	0.01591	0.02121	0.04579	0.70262	0.05495	0.02603	0.01060	0.00337	0.00482	0.02362	0.00771	0.00675
31	0.01003	0.00758	0.00928	0.01064	0.01181	0.00683	0.00730	0.01167	0.01680	0.02157	0.05706	0.51977	0.23052	0.02456	0.01037	0.00321	0.00464	0.02183	0.00771	0.00683
32	0.01666	0.04297	0.66500	0.02368	0.03596	0.01929	0.03069	0.02631	0.01754	0.02631	0.01491	0.01754	0.01052	0.00789	0.00789	0.00263	0.01228	0.00614	0.00351	0.01228
33	0.02056	0.01974	0.03372	0.05099	0.65622	0.01974	0.02550	0.02550	0.01892	0.02714	0.01563	0.02056	0.01316	0.00740	0.00822	0.00247	0.00987	0.00740	0.00411	0.01316
34	0.01666	0.04297	0.66500	0.02368	0.03596	0.01929	0.03069	0.02631	0.01754	0.02631	0.01491	0.01754	0.01052	0.00789	0.00789	0.00263	0.01228	0.00614	0.00351	0.01228
35	0.01208	0.00805	0.00906	0.00906	0.00906	0.00805	0.00503	0.01208	0.01208	0.01611	0.02618	0.05436	0.03020	0.70804	0.04228	0.00805	0.00805	0.01208	0.00503	0.00503
36	0.02056	0.01974	0.03372	0.05099	0.65622	0.01974	0.02550	0.02550	0.01892	0.02714	0.01563	0.02056	0.01316	0.00740	0.00822	0.00247	0.00987	0.00740	0.00411	0.01316
37	0.01176	0.00849	0.01110	0.01045	0.01241	0.00784	0.00784	0.01568	0.02352	0.03331	0.65184	0.06206	0.07839	0.01698	0.00980	0.00261	0.00392	0.01502	0.00914	0.00784
38	0.01569	0.01477	0.02492	0.68808	0.05722	0.01846	0.02307	0.02123	0.01661	0.02123	0.01477	0.02215	0.01107	0.00831	0.00831	0.00277	0.01107	0.00738	0.00369	0.00923
39	0.02056	0.01974	0.03372	0.05099	0.65622	0.01974	0.02550	0.02550	0.01892	0.02714	0.01563	0.02056	0.01316	0.00740	0.00822	0.00247	0.00987	0.00740	0.00411	0.01316
40	0.01972	0.02157	0.04427	0.03758	0.17262	0.02102	0.45963	0.02595	0.01902	0.02630	0.01618	0.02175	0.01262	0.00756	0.01057	0.00278	0.05607	0.00913	0.00415	0.01149
41	0.01012	0.00723	0.00964	0.01157	0.01205	0.00675	0.00771	0.01157	0.01591	0.02121	0.04579	0.70262	0.05495	0.02603	0.01060	0.00337	0.00482	0.02362	0.00771	0.00675
42	0.01961	0.02241	0.04902	0.03501	0.04342	0.02101	0.62605	0.02661	0.01961	0.02661	0.01681	0.02241	0.01261	0.00700	0.00980	0.00280	0.01401	0.00980	0.00420	0.01120
43	0.01230	0.00975	0.01132	0.01202	0.01390	0.00977	0.00857	0.01859	0.14980	0.02436	0.05159	0.42394	0.17882	0.02180	0.00997	0.00313	0.00506	0.01926	0.00787	0.00817
44	0.08261	0.02392	0.02456	0.32846	0.04027	0.22789	0.04644	0.08323	0.02088	0.02543	0.01448	0.01898	0.01115	0.00844	0.00786	0.00253	0.01189	0.00662	0.00446	0.00989
45	0.01187	0.00890	0.01335	0.01335	0.01483	0.01038	0.01038	0.01483	0.01335	0.01928	0.02225	0.03264	0.02077	0.06231	0.67512	0.01335	0.02225	0.00890	0.00445	0.00742
46	0.01339	0.00956	0.01339	0.01530	0.01721	0.00956	0.01339	0.01721	0.01912	0.02486	0.04399	0.09371	0.04781	0.02295	0.01147	0.00382	0.00765	0.60031	0.00765	0.00765
47	0.02750	0.03073	0.09547	0.02653	0.14333	0.32445	0.04591	0.03230	0.04925	0.11975	0.01769	0.01933	0.01336	0.00858	0.00795	0.00238	0.01214	0.00665	0.00525	0.01148
48	0.01012	0.00723	0.00964	0.01157	0.01205	0.00675	0.00771	0.01157	0.01591	0.02121	0.04579	0.70262	0.05495	0.02603	0.01060	0.00337	0.00482	0.02362	0.00771	0.00675
49	0.01249	0.00982	0.01455	0.01419	0.01552	0.01187	0.01115	0.01534	0.01329	0.01935	0.02113	0.03121	0.01979	0.05758	0.61109	0.01239	0.08853	0.00874	0.00437	0.00758
50	0.02221	0.71304	0.04353	0.01421	0.02132	0.03287	0.01421	0.02488	0.01688	0.01955	0.01155	0.01333	0.01066	0.00711	0.00533	0.00178	0.00888	0.00444	0.00355	0.01066
51	0.01013	0.00766	0.00937	0.01056	0.01183	0.00690	0.00730	0.01193	0.01729	0.02234	0.09557	0.47648	0.23466	0.02397	0.01032	0.00316	0.00458	0.02126	0.00780	0.00690
52	0.01012	0.00723	0.00964	0.01157	0.01205	0.00675	0.00771	0.01157	0.01591	0.02121	0.04579	0.70262	0.05495	0.02603	0.01060	0.00337	0.00482	0.02362	0.00771	0.00675
53	0.03106	0.03875	0.02361	0.02128	0.02569	0.64114	0.01604	0.06395	0.02434	0.02199	0.01321	0.01524	0.01088	0.00863	0.00753	0.00216	0.01468	0.00546	0.00449	0.00986
54	0.02027	0.10522	0.46933	0.02220	0.03238	0.13236	0.02600	0.05321	0.01942	0.02577	0.01445	0.01681	0.01072	0.00802	0.00760	0.00246	0.01228	0.00590	0.00385	0.01175
55	0.01569	0.01477	0.02492	0.68808	0.05722	0.01846	0.02307	0.02123	0.01661	0.02123	0.01477	0.02215	0.01107	0.00831	0.00831	0.00277	0.01107	0.00738	0.00369	0.00923
56	0.01226	0.00881	0.01007	0.00955	0.01228	0.00764	0.00724	0.01509	0.02090	0.06683	0.28592	0.07022	0.40539	0.01889	0.00972	0.00272	0.00428	0.01605	0.00839	0.00776
57	0.01896	0.02636	0.17351	0.22296	0.04407	0.08536	0.25826	0.02562	0.01867	0.02433	0.01540	0.02053	0.01151	0.00774	0.00872	0.00269	0.01287	0.00785	0.00391	0.01070
58	0.01283	0.01045	0.01386	0.01376	0.01538	0.04385	0.01067	0.01576	0.01386	0.01934	0.02178	0.03175	0.02026	0.05960	0.64149	0.01279	0.02189	0.00872	0.00444	0.00753
59	0.00982	0.00842	0.00842	0.00842	0.01122	0.00701	0.00631	0.01192	0.01894	0.02244	0.08416	0.07995	0.65285	0.02104	0.00982	0.00281	0.00421	0.01753	0.00771	0.00701
60	0.01036	0.00797	0.00948	0.01010	0.01181	0.00709	0.00720	0.01260	0.01874	0.02432	0.19265	0.32127	0.29231	0.02212	0.01012	0.00299	0.00439	0.01938	0.00802	0.00709
61	0.06280	0.09244	0.07802	0.01944	0.02489	0.31034	0.01638	0.11538	0.11891	0.02825	0.01697	0.01828	0.01335	0.00921	0.00836	0.00239	0.04185	0.00630	0.00537	0.01106
62	0.02413	0.56641	0.03918	0.01578	0.02227	0.17262	0.01461	0.02668	0.01833	0.01972	0.01183	0.01369	0.01067	0.00742	0.00580	0.00186	0.01021	0.00464	0.00371	0.01044
63	0.01187	0.00890	0.01335	0.01335	0.01483	0.01038	0.01038	0.01483	0.01335	0.01928	0.02225	0.03264	0.02077	0.06231	0.67512	0.01335	0.02225	0.00890	0.00445	0.00742
64	0.01170	0.00856	0.01110	0.01118	0.01308	0.00796	0.00863	0.01521	0.02164	0.02972	0.43799	0.12511	0.12864	0.01920	0.01016	0.00291	0.00467	0.11632	0.00862	0.00763
65	0.02056	0.01974	0.03372	0.05099	0.65622	0.01974	0.02550	0.02550	0.01892	0.02714	0.01563	0.02056	0.01316	0.00740	0.00822	0.00247	0.00987	0.00740	0.00411	0.01316
66	0.01818	0.01818	0.02545	0.02181	0.02181	0.02545	0.01818	0.01999	0.01272	0.01999	0.01091	0.01818	0.01091	0.01454	0.02726	0.00364	0.69284	0.00727	0.00364	0.00909
67	0.01569	0.01477	0.02492	0.68808	0.05722	0.01846	0.02307	0.02123	0.01661	0.02123	0.01477	0.02215	0.01107	0.00831	0.00831	0.00277	0.01107	0.00738	0.00369	0.00923
68	0.02056	0.01974	0.03372	0.05099	0.65622	0.01974	0.02550	0.02550	0.01892	0.02714	0.01563	0.02056	0.01316	0.00740	0.00822	0.00247	0.00987	0.00740	0.00411	0.01316
69	0.01549	0.00774	0.00774	0.00774	0.00968	0.00774	0.00581	0.01936	0.01742	0.03097	0.02710	0.03097	0.02129	0.00968	0.00581	0.00194	0.00387	0.00774	0.75416	0.00774
70	0.03574	0.01660	0.02080	0.01595	0.02243	0.01586	0.01317	0.19892	0.02789	0.49772	0.02932	0.02603	0.01883	0.01020	0.00834	0.00255	0.00763	0.00812	0.00975	0.01414
71	0.01549	0.00774	0.00774	0.00774	0.00968	0.00774	0.00581	0.01936	0.01742	0.03097	0.02710	0.03097	0.02129	0.00968	0.00581	0.00194	0.00387	0.00774	0.75416	0.00774
72	0.03727	0.01414	0.01928	0.01478	0.02121	0.01221	0.01221	0.04049	0.02378	0.66198	0.03277	0.02828	0.02056	0.01028	0.00835	0.00257	0.00707	0.00835	0.01028	0.01414
73	0.00982	0.00842	0.00842	0.00842	0.01122	0.00701	0.00631	0.01192	0.01894	0.02244	0.08416	0.07995	0.65285	0.02104	0.00982	0.00281	0.00421	0.01753	0.00771	0.00701
74	0.01193	0.00865	0.01209	0.01209	0.01314	0.00970	0.00881	0.01403	0.01298	0.01835	0.02340	0.03902	0.02354	0.25193	0.48929	0.01180	0.01808	0.00983	0.00462	0.00672
75	0.25132	0.01470	0.01720	0.01365	0.01970	0.01410	0.01127	0.03577	0.02095	0.47866	0.02655	0.02394	0.01717	0.00953	0.00741	0.00257	0.00688	0.00722	0.00877	0.01263
76	0.01187	0.00890	0.01335	0.01335	0.01483	0.01038	0.01038	0.01483	0.01335	0.01928	0.02225	0.03264	0.02077	0.06231	0.67512	0.01335	0.02225	0.00890	0.00445	0.00742
77	0.01850	0.01910	0.03683	0.26377	0.20447	0.01981	0.26542	0.02447	0.01840	0.02489	0.01580	0.02185	0.01222	0.00755	0.00889	0.00270	0.01194	0.00836	0.00400	0.01102
78	0.01961	0.02241	0.04902	0.03501	0.04342	0.02101	0.62605	0.02661	0.01961	0.02661	0.01681	0.02241	0.01261	0.00700	0.00980	0.00280	0.01401	0.00980	0.00420	0.01120
79	0.01666	0.04297	0.66500	0.02368	0.03596	0.01929	0.03069	0.02631	0.01754	0.02631	0.01491	0.01754	0.01052	0.00789	0.00789	0.00263	0.01228	0.00614	0.00351	0.01228
80	0.24395	0.02677	0.02325	0.02715	0.21082	0.28680	0.01680	0.02831	0.01940	0.02734	0.01330	0.01621	0.01093	0.00797	0.00702	0.00236	0.01095	0.00571	0.00448	0.01050
81	0.02029	0.01964	0.03406	0.07960	0.59873	0.01974	0.05465	0.02535	0.01884	0.02684	0.01564	0.02072	0.01304	0.00742	0.00831	0.00250	0.01013	0.00752	0.00410	0.01288
82	0.14645	0.25750	0.25288	0.05348	0.09087	0.02370	0.02063	0.02518	0.01683	0.02576	0.01329	0.01598	0.01060	0.00757	0.00663	0.00233	0.00985	0.00548	0.00387	0.01112

[dist]
# distance from previous block
# <min> <max>
0	29

# created by:
# /home/cegg/simao/soft/augustus-3.2.1/scripts/msa2prfl.pl ./align_prep/13978.fa
