[name]
unknown

[dist]
# distance from previous block
# <min> <max>
0	1

[block]
# block no. 0 follows, 21 sequences, length 18
# corresponding to MSA columns:
# 1-18
name=unknown_A
#
# <colnr> <probs for GDERKNQSTAVLIFYWHMCP>
#	G	D	E	R	K	N	Q	S	T	A	V	L	I	F	Y	W	H	M	C	P
0	0.01371	0.00980	0.01371	0.01567	0.01763	0.00980	0.01371	0.01763	0.01959	0.02547	0.04506	0.09599	0.04898	0.02351	0.01175	0.00392	0.00784	0.59056	0.00784	0.00784
1	0.01735	0.01639	0.02719	0.36611	0.28082	0.01816	0.02275	0.02241	0.01818	0.02421	0.02309	0.02841	0.08006	0.00955	0.00864	0.00272	0.01011	0.00869	0.00439	0.01076
2	0.01998	0.01912	0.03259	0.18846	0.52007	0.01994	0.02558	0.02517	0.01887	0.02649	0.01582	0.02142	0.01302	0.00778	0.00844	0.00259	0.01038	0.00758	0.00412	0.01261
3	0.01034	0.00752	0.00976	0.01154	0.01226	0.00694	0.00776	0.01188	0.01659	0.02184	0.05063	0.63721	0.11204	0.02618	0.01079	0.00340	0.00488	0.02360	0.00790	0.00694
4	0.01172	0.00818	0.01041	0.01101	0.01149	0.00836	0.00717	0.01283	0.01384	0.01878	0.03200	0.24382	0.03649	0.35939	0.16881	0.00798	0.01040	0.01523	0.00585	0.00622
5	0.01477	0.01262	0.01878	0.14586	0.02517	0.01599	0.01491	0.01808	0.01441	0.02104	0.01866	0.02749	0.01682	0.03747	0.33795	0.00835	0.18662	0.00832	0.04827	0.00841
6	0.02288	0.02115	0.02441	0.09720	0.18220	0.09738	0.01785	0.14714	0.15673	0.03262	0.02810	0.02934	0.08423	0.01072	0.00859	0.00264	0.00936	0.00891	0.00641	0.01213
7	0.02193	0.02193	0.03076	0.21163	0.18651	0.11734	0.12155	0.08712	0.02120	0.02688	0.01592	0.02120	0.01260	0.00957	0.01015	0.04877	0.01171	0.00767	0.00455	0.01099
8	0.01516	0.01185	0.01309	0.01117	0.01514	0.01070	0.00848	0.08033	0.01979	0.02693	0.04587	0.04957	0.25998	0.10859	0.05356	0.00376	0.00700	0.01170	0.04960	0.19774
9	0.03236	0.03328	0.02295	0.01997	0.02506	0.47418	0.01530	0.05848	0.02447	0.15041	0.01768	0.01843	0.01323	0.00905	0.00781	0.00225	0.01299	0.00617	0.00583	0.05011
10	0.20002	0.02335	0.02725	0.10063	0.03164	0.16004	0.16788	0.02949	0.09523	0.02888	0.01687	0.01994	0.01302	0.00836	0.00786	0.00259	0.01104	0.00718	0.00506	0.04367
11	0.02021	0.02113	0.02503	0.09808	0.22830	0.15670	0.04452	0.02412	0.02015	0.02514	0.06172	0.06658	0.08663	0.01096	0.00857	0.00249	0.00996	0.00952	0.00519	0.07502
12	0.02139	0.02088	0.01693	0.08586	0.02239	0.22073	0.01235	0.08442	0.02237	0.02754	0.03367	0.03526	0.15147	0.01195	0.00793	0.00239	0.00901	0.00926	0.19497	0.00922
13	0.02521	0.02579	0.02456	0.02877	0.22325	0.26656	0.01754	0.05432	0.02252	0.07578	0.02837	0.02974	0.11970	0.01075	0.00843	0.00247	0.01088	0.00861	0.00560	0.01115
14	0.02369	0.02687	0.05667	0.05474	0.02453	0.27867	0.01483	0.11790	0.06199	0.02777	0.03532	0.03546	0.18144	0.01252	0.00857	0.00254	0.01057	0.00956	0.00614	0.01022
15	0.11242	0.01804	0.02196	0.15346	0.09558	0.02033	0.01614	0.19863	0.12163	0.03524	0.02088	0.02618	0.01691	0.09209	0.01229	0.00335	0.00895	0.00814	0.00633	0.01144
16	0.01575	0.01104	0.01243	0.01191	0.01353	0.01162	0.00795	0.02221	0.17138	0.05531	0.03132	0.11679	0.03188	0.41684	0.02919	0.00608	0.00746	0.01274	0.00662	0.00795
17	0.08053	0.01997	0.03190	0.03224	0.20703	0.02225	0.14487	0.08791	0.01938	0.02896	0.01537	0.02067	0.01283	0.01217	0.04169	0.00341	0.19483	0.00790	0.00466	0.01144

[dist]
# distance from previous block
# <min> <max>
0	3

[block]
# block no. 1 follows, 21 sequences, length 105
# corresponding to MSA columns:
# 22-126
name=unknown_B
#
# <colnr> <probs for GDERKNQSTAVLIFYWHMCP>
#	G	D	E	R	K	N	Q	S	T	A	V	L	I	F	Y	W	H	M	C	P
0	0.01762	0.01398	0.02158	0.06444	0.30239	0.01430	0.01658	0.02197	0.01802	0.02779	0.02215	0.05686	0.01900	0.01481	0.07194	0.00348	0.00902	0.00861	0.26502	0.01045
1	0.01924	0.01720	0.02358	0.03116	0.30133	0.07677	0.01729	0.02258	0.01749	0.05117	0.02001	0.02989	0.01849	0.14424	0.16665	0.00609	0.01308	0.00863	0.00476	0.01034
2	0.01444	0.01152	0.01310	0.01243	0.01297	0.04402	0.00857	0.01548	0.01355	0.01862	0.02326	0.04360	0.02509	0.43382	0.12708	0.00771	0.11200	0.01058	0.04565	0.00652
3	0.01447	0.00904	0.01038	0.01058	0.01249	0.00866	0.00766	0.04352	0.01845	0.05398	0.04448	0.24247	0.14477	0.09228	0.01268	0.00340	0.00535	0.04256	0.21498	0.00778
4	0.02069	0.01612	0.01731	0.01549	0.02010	0.01774	0.01207	0.03870	0.46064	0.09144	0.04417	0.04086	0.14108	0.01332	0.00891	0.00286	0.00633	0.01108	0.00869	0.01239
5	0.01937	0.02329	0.16559	0.01823	0.02448	0.01961	0.01697	0.03807	0.43244	0.03266	0.05970	0.03122	0.02536	0.04249	0.01018	0.00308	0.00802	0.00926	0.00736	0.01262
6	0.09329	0.02853	0.29008	0.02659	0.14663	0.01806	0.05237	0.03025	0.01960	0.18467	0.01975	0.02115	0.01381	0.00854	0.00810	0.00265	0.01030	0.00713	0.00564	0.01285
7	0.01945	0.01694	0.02466	0.03282	0.33223	0.01725	0.01825	0.02835	0.16427	0.05563	0.06160	0.03664	0.13204	0.01157	0.00885	0.00268	0.00789	0.01030	0.00642	0.01216
8	0.06695	0.03016	0.02481	0.02193	0.06003	0.28919	0.01649	0.31702	0.03110	0.03796	0.01678	0.01805	0.01272	0.00936	0.00800	0.00241	0.01173	0.00661	0.00642	0.01227
9	0.01937	0.03426	0.37203	0.03472	0.25426	0.05178	0.05987	0.02702	0.01888	0.02697	0.01553	0.01921	0.01186	0.00789	0.00829	0.00262	0.01193	0.00691	0.00389	0.01271
10	0.02599	0.02953	0.02395	0.02558	0.13790	0.35132	0.01692	0.03416	0.17487	0.02591	0.02305	0.02414	0.04998	0.00995	0.00819	0.00246	0.01163	0.00758	0.00561	0.01128
11	0.01908	0.01993	0.16279	0.01575	0.02158	0.01443	0.01507	0.02878	0.17273	0.12201	0.07037	0.10125	0.13360	0.01396	0.00889	0.00280	0.00729	0.01171	0.04684	0.01114
12	0.06384	0.39965	0.12740	0.01654	0.02419	0.02810	0.01670	0.14544	0.02194	0.02899	0.01758	0.01888	0.04129	0.00870	0.00667	0.00219	0.00930	0.00607	0.00491	0.01162
13	0.01406	0.01094	0.01164	0.01177	0.01407	0.03984	0.00849	0.01818	0.07899	0.05909	0.08460	0.29101	0.24841	0.05436	0.01165	0.00329	0.00564	0.01789	0.00789	0.00818
14	0.01901	0.25270	0.43359	0.02175	0.03245	0.02425	0.05439	0.02650	0.01786	0.02477	0.01428	0.01684	0.01093	0.00779	0.00735	0.00243	0.01156	0.00592	0.00364	0.01200
15	0.03136	0.07184	0.02508	0.02158	0.02610	0.63700	0.01635	0.03358	0.02380	0.02079	0.01309	0.01527	0.01096	0.00870	0.00757	0.00217	0.01505	0.00544	0.00435	0.00992
16	0.01238	0.00825	0.00928	0.00928	0.00928	0.00825	0.00516	0.01238	0.01238	0.01650	0.02681	0.05569	0.03094	0.70092	0.04331	0.00825	0.00825	0.01238	0.00516	0.00516
17	0.01062	0.00764	0.00967	0.01118	0.01183	0.00713	0.00738	0.01196	0.01604	0.02111	0.04781	0.54765	0.10844	0.12063	0.01533	0.00407	0.00534	0.02195	0.00752	0.00669
18	0.02983	0.03685	0.02602	0.02746	0.13976	0.54875	0.01821	0.03255	0.02325	0.02210	0.01368	0.01639	0.01142	0.00855	0.00781	0.00225	0.01439	0.00586	0.00435	0.01053
19	0.02189	0.60578	0.13732	0.01603	0.02411	0.03157	0.01712	0.02570	0.01739	0.02107	0.01235	0.01430	0.01090	0.00740	0.00586	0.00195	0.00963	0.00481	0.00363	0.01117
20	0.01030	0.00768	0.00960	0.01113	0.01215	0.00697	0.00758	0.01193	0.01698	0.02201	0.05565	0.55881	0.18719	0.02552	0.01068	0.00333	0.00480	0.02281	0.00790	0.00697
21	0.02001	0.01815	0.02723	0.03716	0.38143	0.01895	0.02078	0.03018	0.18975	0.02963	0.02545	0.03504	0.02217	0.01102	0.00898	0.00283	0.00884	0.09377	0.00598	0.01265
22	0.02565	0.02051	0.02177	0.01822	0.02384	0.02326	0.01455	0.27533	0.39505	0.04283	0.02894	0.02721	0.02137	0.01101	0.00860	0.00275	0.00779	0.00884	0.00860	0.01387
23	0.02520	0.52553	0.03904	0.01656	0.02305	0.20540	0.01507	0.02779	0.01914	0.02024	0.01219	0.01411	0.01093	0.00768	0.00606	0.00192	0.01080	0.00480	0.00384	0.01063
24	0.24370	0.03562	0.46055	0.02028	0.03063	0.01956	0.02467	0.02636	0.01691	0.03037	0.01423	0.01671	0.01030	0.00803	0.00723	0.00268	0.01075	0.00578	0.00410	0.01155
25	0.09982	0.01837	0.01943	0.01575	0.02089	0.02030	0.01282	0.37692	0.03030	0.04426	0.02133	0.02338	0.01613	0.01511	0.07138	0.00352	0.00926	0.00755	0.16156	0.01192
26	0.02106	0.02022	0.03454	0.05223	0.64784	0.02022	0.02612	0.02612	0.01938	0.02780	0.01601	0.02106	0.01348	0.00758	0.00842	0.00253	0.01011	0.00758	0.00421	0.01348
27	0.06504	0.02170	0.02288	0.01844	0.02454	0.02436	0.01497	0.40687	0.22755	0.04712	0.02453	0.02371	0.01788	0.01052	0.00840	0.00266	0.00839	0.00813	0.00840	0.01389
28	0.01478	0.00739	0.01109	0.01109	0.01109	0.00739	0.00739	0.01109	0.01109	0.01478	0.01478	0.02587	0.01478	0.02956	0.03326	0.75240	0.00739	0.00739	0.00370	0.00370
29	0.01707	0.04402	0.65683	0.02426	0.03683	0.01976	0.03144	0.02695	0.01797	0.02695	0.01527	0.01797	0.01078	0.00809	0.00809	0.00270	0.01258	0.00629	0.00359	0.01258
30	0.01248	0.00960	0.01430	0.01411	0.01556	0.01142	0.01104	0.01546	0.01364	0.01979	0.02221	0.03269	0.02077	0.06136	0.63497	0.01317	0.05620	0.00903	0.00452	0.00768
31	0.01216	0.00912	0.01368	0.01368	0.01520	0.01064	0.01064	0.01520	0.01368	0.01976	0.02279	0.03343	0.02127	0.06382	0.66720	0.01368	0.02279	0.00912	0.00456	0.00760
32	0.01050	0.00864	0.00923	0.00909	0.01177	0.00737	0.00681	0.01307	0.02044	0.02547	0.21023	0.07782	0.51882	0.02063	0.01005	0.00283	0.00424	0.01739	0.00823	0.00737
33	0.02101	0.02036	0.03533	0.05141	0.61742	0.02029	0.05590	0.02617	0.01941	0.02777	0.01607	0.02116	0.01345	0.00756	0.00851	0.00254	0.01032	0.00771	0.00422	0.01338
34	0.76103	0.01646	0.01251	0.01119	0.01646	0.01909	0.00922	0.02502	0.01448	0.03818	0.01185	0.01382	0.00922	0.00790	0.00527	0.00263	0.00658	0.00461	0.00527	0.00922
35	0.01006	0.00862	0.00862	0.00862	0.01149	0.00718	0.00647	0.01221	0.01940	0.02299	0.08621	0.08190	0.64438	0.02155	0.01006	0.00287	0.00431	0.01796	0.00790	0.00718
36	0.03179	0.04056	0.02412	0.02192	0.02631	0.66676	0.01644	0.03398	0.02412	0.02083	0.01315	0.01535	0.01096	0.00877	0.00767	0.00219	0.01535	0.00548	0.00438	0.00987
37	0.01765	0.01513	0.01765	0.01260	0.02017	0.01134	0.01008	0.02143	0.01765	0.02773	0.01513	0.01765	0.01260	0.00630	0.00630	0.00126	0.00630	0.00504	0.00504	0.75295
38	0.02275	0.70604	0.04459	0.01456	0.02184	0.03367	0.01456	0.02548	0.01729	0.02002	0.01183	0.01365	0.01092	0.00728	0.00546	0.00182	0.00910	0.00455	0.00364	0.01092
39	0.01216	0.00912	0.01368	0.01368	0.01520	0.01064	0.01064	0.01520	0.01368	0.01976	0.02279	0.03343	0.02127	0.06382	0.66720	0.01368	0.02279	0.00912	0.00456	0.00760
40	0.02107	0.03636	0.49737	0.02177	0.03262	0.01774	0.02650	0.02934	0.01955	0.15341	0.04939	0.02239	0.01622	0.00903	0.00827	0.00268	0.01109	0.00719	0.00527	0.01274
41	0.01765	0.01513	0.01765	0.01260	0.02017	0.01134	0.01008	0.02143	0.01765	0.02773	0.01513	0.01765	0.01260	0.00630	0.00630	0.00126	0.00630	0.00504	0.00504	0.75295
42	0.01607	0.01513	0.02552	0.68047	0.05861	0.01891	0.02363	0.02174	0.01702	0.02174	0.01513	0.02269	0.01134	0.00851	0.00851	0.00284	0.01134	0.00756	0.00378	0.00945
43	0.02036	0.01951	0.03328	0.14005	0.56548	0.02004	0.02577	0.02551	0.01905	0.02696	0.01588	0.02129	0.01318	0.00771	0.00844	0.00257	0.01028	0.00758	0.00415	0.01292
44	0.01737	0.07914	0.62435	0.02374	0.03604	0.02050	0.03055	0.02687	0.01793	0.02658	0.01509	0.01774	0.01079	0.00804	0.00795	0.00265	0.01239	0.00620	0.00360	0.01249
45	0.01371	0.00980	0.01371	0.01567	0.01763	0.00980	0.01371	0.01763	0.01959	0.02547	0.04506	0.09599	0.04898	0.02351	0.01175	0.00392	0.00784	0.59056	0.00784	0.00784
46	0.01216	0.00912	0.01368	0.01368	0.01520	0.01064	0.01064	0.01520	0.01368	0.01976	0.02279	0.03343	0.02127	0.06382	0.66720	0.01368	0.02279	0.00912	0.00456	0.00760
47	0.02337	0.02811	0.05948	0.02468	0.02903	0.25056	0.15104	0.02801	0.04804	0.02310	0.01503	0.01967	0.01261	0.01268	0.04305	0.00334	0.20615	0.00745	0.00435	0.01026
48	0.01237	0.00829	0.00949	0.00949	0.00957	0.00837	0.00542	0.01251	0.01244	0.01666	0.02662	0.05461	0.03047	0.67014	0.07346	0.00851	0.00895	0.01222	0.00513	0.00527
49	0.01037	0.00741	0.00987	0.01185	0.01234	0.00691	0.00790	0.01185	0.01629	0.02172	0.04690	0.69537	0.05629	0.02666	0.01086	0.00346	0.00494	0.02419	0.00790	0.00691
50	0.01806	0.01645	0.02350	0.03124	0.31102	0.01680	0.01746	0.02713	0.17267	0.02892	0.06751	0.04012	0.16846	0.01234	0.00895	0.00271	0.00761	0.01091	0.00644	0.01173
51	0.02607	0.03497	0.21853	0.02594	0.10885	0.23224	0.02218	0.17248	0.02548	0.03152	0.01592	0.01810	0.01208	0.00876	0.00810	0.00248	0.01239	0.00652	0.00512	0.01227
52	0.02076	0.02107	0.03939	0.04717	0.46117	0.02062	0.20890	0.02647	0.01960	0.02763	0.01638	0.02165	0.01330	0.00746	0.00893	0.00263	0.01142	0.00834	0.00424	0.01286
53	0.02753	0.03249	0.02825	0.03395	0.27298	0.41017	0.02028	0.03086	0.02224	0.02360	0.01429	0.01762	0.01196	0.00830	0.00797	0.00233	0.01327	0.00631	0.00432	0.01130
54	0.01061	0.00864	0.00938	0.00920	0.01183	0.00742	0.00690	0.01328	0.02070	0.02607	0.24036	0.07683	0.48831	0.02040	0.01005	0.00282	0.00423	0.01725	0.00831	0.00742
55	0.03179	0.04056	0.02412	0.02192	0.02631	0.66676	0.01644	0.03398	0.02412	0.02083	0.01315	0.01535	0.01096	0.00877	0.00767	0.00219	0.01535	0.00548	0.00438	0.00987
56	0.01204	0.00870	0.01138	0.01071	0.01271	0.00803	0.00803	0.01606	0.02409	0.03413	0.64335	0.06357	0.08030	0.01740	0.01004	0.00268	0.00401	0.01539	0.00937	0.00803
57	0.01664	0.01393	0.02096	0.08595	0.16571	0.01621	0.01610	0.02034	0.01602	0.02437	0.01916	0.02622	0.01660	0.02479	0.18948	0.00569	0.14929	0.00804	0.15495	0.00955
58	0.01607	0.01513	0.02552	0.68047	0.05861	0.01891	0.02363	0.02174	0.01702	0.02174	0.01513	0.02269	0.01134	0.00851	0.00851	0.00284	0.01134	0.00756	0.00378	0.00945
59	0.01371	0.00980	0.01371	0.01567	0.01763	0.00980	0.01371	0.01763	0.01959	0.02547	0.04506	0.09599	0.04898	0.02351	0.01175	0.00392	0.00784	0.59056	0.00784	0.00784
60	0.02179	0.01859	0.01959	0.01744	0.02237	0.02146	0.01362	0.07727	0.59940	0.03661	0.03384	0.03112	0.02534	0.01147	0.00865	0.00287	0.00688	0.00951	0.00865	0.01353
61	0.01204	0.00870	0.01138	0.01071	0.01271	0.00803	0.00803	0.01606	0.02409	0.03413	0.64335	0.06357	0.08030	0.01740	0.01004	0.00268	0.00401	0.01539	0.00937	0.00803
62	0.01216	0.00912	0.01368	0.01368	0.01520	0.01064	0.01064	0.01520	0.01368	0.01976	0.02279	0.03343	0.02127	0.06382	0.66720	0.01368	0.02279	0.00912	0.00456	0.00760
63	0.01707	0.04402	0.65683	0.02426	0.03683	0.01976	0.03144	0.02695	0.01797	0.02695	0.01527	0.01797	0.01078	0.00809	0.00809	0.00270	0.01258	0.00629	0.00359	0.01258
64	0.01016	0.00863	0.00877	0.00873	0.01156	0.00723	0.00655	0.01242	0.01965	0.02358	0.11577	0.08093	0.61446	0.02133	0.01006	0.00286	0.00429	0.01782	0.00798	0.00723
65	0.01707	0.04402	0.65683	0.02426	0.03683	0.01976	0.03144	0.02695	0.01797	0.02695	0.01527	0.01797	0.01078	0.00809	0.00809	0.00270	0.01258	0.00629	0.00359	0.01258
66	0.01586	0.00793	0.00793	0.00793	0.00991	0.00793	0.00595	0.01983	0.01785	0.03173	0.02776	0.03173	0.02181	0.00991	0.00595	0.00198	0.00397	0.00793	0.74817	0.00793
67	0.01238	0.00825	0.00928	0.00928	0.00928	0.00825	0.00516	0.01238	0.01238	0.01650	0.02681	0.05569	0.03094	0.70092	0.04331	0.00825	0.00825	0.01238	0.00516	0.00516
68	0.02117	0.01828	0.01924	0.01732	0.02213	0.02117	0.01347	0.04522	0.63246	0.03560	0.03464	0.03175	0.02598	0.01155	0.00866	0.00289	0.00673	0.00962	0.00866	0.01347
69	0.02106	0.02022	0.03454	0.05223	0.64784	0.02022	0.02612	0.02612	0.01938	0.02780	0.01601	0.02106	0.01348	0.00758	0.00842	0.00253	0.01011	0.00758	0.00421	0.01348
70	0.01478	0.00739	0.01109	0.01109	0.01109	0.00739	0.00739	0.01109	0.01109	0.01478	0.01478	0.02587	0.01478	0.02956	0.03326	0.75240	0.00739	0.00739	0.00370	0.00370
71	0.01020	0.00805	0.00921	0.01014	0.01189	0.00706	0.00714	0.01204	0.01794	0.02239	0.06771	0.37064	0.36758	0.02396	0.01044	0.00315	0.00461	0.02089	0.00790	0.00706
72	0.01557	0.01573	0.03148	0.02471	0.02955	0.01473	0.33402	0.02010	0.01832	0.02469	0.03101	0.33531	0.03306	0.01623	0.01042	0.00314	0.00998	0.01662	0.00597	0.00936
73	0.01371	0.00980	0.01371	0.01567	0.01763	0.00980	0.01371	0.01763	0.01959	0.02547	0.04506	0.09599	0.04898	0.02351	0.01175	0.00392	0.00784	0.59056	0.00784	0.00784
74	0.01607	0.01513	0.02552	0.68047	0.05861	0.01891	0.02363	0.02174	0.01702	0.02174	0.01513	0.02269	0.01134	0.00851	0.00851	0.00284	0.01134	0.00756	0.00378	0.00945
75	0.02058	0.01973	0.03367	0.11324	0.59062	0.02009	0.02588	0.02569	0.01915	0.02721	0.01592	0.02122	0.01327	0.00767	0.00843	0.00256	0.01023	0.00758	0.00417	0.01309
76	0.01018	0.00814	0.00912	0.00991	0.01183	0.00708	0.00704	0.01207	0.01816	0.02248	0.07054	0.32654	0.40986	0.02359	0.01038	0.00311	0.00456	0.02045	0.00790	0.00708
77	0.01216	0.00912	0.01368	0.01368	0.01520	0.01064	0.01064	0.01520	0.01368	0.01976	0.02279	0.03343	0.02127	0.06382	0.66720	0.01368	0.02279	0.00912	0.00456	0.00760
78	0.76103	0.01646	0.01251	0.01119	0.01646	0.01909	0.00922	0.02502	0.01448	0.03818	0.01185	0.01382	0.00922	0.00790	0.00527	0.00263	0.00658	0.00461	0.00527	0.00922
79	0.02843	0.28793	0.03173	0.01919	0.02465	0.43143	0.01574	0.03082	0.02158	0.02053	0.01266	0.01472	0.01095	0.00822	0.00685	0.00205	0.01303	0.00514	0.00411	0.01026
80	0.02076	0.02105	0.03932	0.04725	0.46404	0.02062	0.20609	0.02647	0.01959	0.02764	0.01638	0.02164	0.01331	0.00746	0.00892	0.00263	0.01140	0.00833	0.00424	0.01287
81	0.01228	0.00864	0.01127	0.01127	0.01196	0.00933	0.00764	0.01365	0.01297	0.01798	0.02499	0.04560	0.02656	0.41203	0.32621	0.01071	0.01485	0.01090	0.00489	0.00626
82	0.01765	0.01513	0.01765	0.01260	0.02017	0.01134	0.01008	0.02143	0.01765	0.02773	0.01513	0.01765	0.01260	0.00630	0.00630	0.00126	0.00630	0.00504	0.00504	0.75295
83	0.02207	0.01672	0.02969	0.38339	0.04695	0.01801	0.15313	0.02753	0.01939	0.16887	0.01985	0.02420	0.01394	0.00868	0.00886	0.00280	0.01107	0.00834	0.00546	0.01107
84	0.01238	0.00825	0.00928	0.00928	0.00928	0.00825	0.00516	0.01238	0.01238	0.01650	0.02681	0.05569	0.03094	0.70092	0.04331	0.00825	0.00825	0.01238	0.00516	0.00516
85	0.01765	0.01513	0.01765	0.01260	0.02017	0.01134	0.01008	0.02143	0.01765	0.02773	0.01513	0.01765	0.01260	0.00630	0.00630	0.00126	0.00630	0.00504	0.00504	0.75295
86	0.01216	0.00912	0.01368	0.01368	0.01520	0.01064	0.01064	0.01520	0.01368	0.01976	0.02279	0.03343	0.02127	0.06382	0.66720	0.01368	0.02279	0.00912	0.00456	0.00760
87	0.01733	0.07403	0.62908	0.02382	0.03615	0.02039	0.03068	0.02688	0.01794	0.02664	0.01512	0.01777	0.01079	0.00805	0.00797	0.00266	0.01242	0.00621	0.00360	0.01250
88	0.01066	0.00864	0.00946	0.00926	0.01187	0.00744	0.00694	0.01338	0.02083	0.02638	0.25593	0.07632	0.47255	0.02029	0.01005	0.00281	0.00422	0.01718	0.00835	0.00744
89	0.02116	0.01838	0.01999	0.01903	0.05285	0.02112	0.01409	0.04428	0.60236	0.03522	0.03372	0.03123	0.02536	0.01135	0.00865	0.00287	0.00690	0.00952	0.00844	0.01347
90	0.01238	0.00825	0.00928	0.00928	0.00928	0.00825	0.00516	0.01238	0.01238	0.01650	0.02681	0.05569	0.03094	0.70092	0.04331	0.00825	0.00825	0.01238	0.00516	0.00516
91	0.01789	0.13929	0.56872	0.02286	0.03468	0.02177	0.02901	0.02674	0.01787	0.02595	0.01478	0.01735	0.01080	0.00797	0.00771	0.00257	0.01208	0.00604	0.00360	0.01234
92	0.02275	0.70604	0.04459	0.01456	0.02184	0.03367	0.01456	0.02548	0.01729	0.02002	0.01183	0.01365	0.01092	0.00728	0.00546	0.00182	0.00910	0.00455	0.00364	0.01092
93	0.02106	0.02022	0.03454	0.05223	0.64784	0.02022	0.02612	0.02612	0.01938	0.02780	0.01601	0.02106	0.01348	0.00758	0.00842	0.00253	0.01011	0.00758	0.00421	0.01348
94	0.01017	0.00863	0.00877	0.00874	0.01156	0.00723	0.00655	0.01243	0.01966	0.02361	0.11730	0.08088	0.61290	0.02132	0.01006	0.00286	0.00429	0.01782	0.00798	0.00723
95	0.02649	0.07437	0.23362	0.02233	0.02956	0.42247	0.02129	0.03125	0.02175	0.02281	0.01379	0.01613	0.01090	0.00847	0.00770	0.00234	0.01413	0.00570	0.00409	0.01081
96	0.01849	0.03407	0.37035	0.02974	0.04044	0.02059	0.30794	0.02710	0.01897	0.02710	0.01619	0.02032	0.01179	0.00765	0.00901	0.00278	0.01341	0.00806	0.00393	0.01206
97	0.01037	0.00741	0.00987	0.01185	0.01234	0.00691	0.00790	0.01185	0.01629	0.02172	0.04690	0.69537	0.05629	0.02666	0.01086	0.00346	0.00494	0.02419	0.00790	0.00691
98	0.01946	0.01895	0.03333	0.24040	0.41150	0.01995	0.08253	0.02491	0.01873	0.02592	0.01586	0.02174	0.01278	0.00782	0.00861	0.00265	0.01089	0.00781	0.00409	0.01207
99	0.01805	0.07572	0.48815	0.02631	0.03771	0.02092	0.16084	0.02694	0.01840	0.02664	0.01552	0.01884	0.01126	0.00784	0.00838	0.00269	0.01278	0.00703	0.00375	0.01224
100	0.02106	0.02022	0.03454	0.05223	0.64784	0.02022	0.02612	0.02612	0.01938	0.02780	0.01601	0.02106	0.01348	0.00758	0.00842	0.00253	0.01011	0.00758	0.00421	0.01348
101	0.01216	0.00912	0.01368	0.01368	0.01520	0.01064	0.01064	0.01520	0.01368	0.01976	0.02279	0.03343	0.02127	0.06382	0.66720	0.01368	0.02279	0.00912	0.00456	0.00760
102	0.01765	0.01513	0.01765	0.01260	0.02017	0.01134	0.01008	0.02143	0.01765	0.02773	0.01513	0.01765	0.01260	0.00630	0.00630	0.00126	0.00630	0.00504	0.00504	0.75295
103	0.01260	0.04620	0.01233	0.01218	0.01339	0.00870	0.00852	0.01425	0.01680	0.05690	0.04423	0.62071	0.05183	0.02470	0.01044	0.00332	0.00529	0.02224	0.00781	0.00756
104	0.01874	0.02689	0.20476	0.05810	0.06720	0.02116	0.25963	0.02529	0.01790	0.02572	0.01530	0.02041	0.01196	0.00889	0.01251	0.00288	0.13848	0.00805	0.00402	0.05213

[dist]
# distance from previous block
# <min> <max>
0	2

# created by:
# /home/cegg/simao/soft/augustus-3.2.1/scripts/msa2prfl.pl ./align_prep/14005.fa
