[name]
unknown

[dist]
# distance from previous block
# <min> <max>
0	0

[block]
# block no. 0 follows, 19 sequences, length 7
# corresponding to MSA columns:
# 0-6
name=unknown_A
#
# <colnr> <probs for GDERKNQSTAVLIFYWHMCP>
#	G	D	E	R	K	N	Q	S	T	A	V	L	I	F	Y	W	H	M	C	P
0	0.01442	0.01030	0.01442	0.01648	0.01854	0.01030	0.01442	0.01854	0.02060	0.02677	0.04737	0.10092	0.05149	0.02471	0.01236	0.00412	0.00824	0.56956	0.00824	0.00824
1	0.02160	0.02071	0.03534	0.11767	0.57124	0.02111	0.02719	0.02698	0.02012	0.02857	0.01673	0.02232	0.01394	0.00807	0.00887	0.00269	0.01076	0.00797	0.00438	0.01374
2	0.14565	0.00952	0.01098	0.01227	0.01366	0.00964	0.00852	0.01492	0.01636	0.02542	0.03997	0.50776	0.04676	0.02467	0.01218	0.06081	0.00571	0.02031	0.00746	0.00744
3	0.01409	0.00929	0.01159	0.01121	0.01240	0.00865	0.00726	0.01388	0.01413	0.01945	0.02675	0.15091	0.02992	0.30595	0.03150	0.19962	0.00755	0.01268	0.00549	0.10768
4	0.01334	0.00898	0.01135	0.01181	0.01286	0.00879	0.00804	0.01528	0.05795	0.02274	0.10245	0.25448	0.10301	0.11510	0.02182	0.19552	0.00629	0.01643	0.00699	0.00677
5	0.08468	0.01501	0.02135	0.14537	0.15008	0.01671	0.01678	0.02069	0.01870	0.02707	0.09332	0.04097	0.15709	0.01712	0.05122	0.00371	0.09336	0.01101	0.00581	0.00996
6	0.01671	0.01286	0.01761	0.01540	0.01777	0.01394	0.04346	0.02017	0.05416	0.06342	0.16602	0.04950	0.17043	0.05164	0.01905	0.09740	0.14190	0.01275	0.00704	0.00874

[dist]
# distance from previous block
# <min> <max>
0	1

[block]
# block no. 1 follows, 19 sequences, length 18
# corresponding to MSA columns:
# 8-25
name=unknown_B
#
# <colnr> <probs for GDERKNQSTAVLIFYWHMCP>
#	G	D	E	R	K	N	Q	S	T	A	V	L	I	F	Y	W	H	M	C	P
0	0.01187	0.00861	0.00968	0.01009	0.01108	0.00806	0.00640	0.01285	0.01600	0.02044	0.05071	0.19090	0.21180	0.35978	0.02847	0.00601	0.00676	0.01722	0.00684	0.00641
1	0.01387	0.00953	0.01126	0.01156	0.01245	0.00950	0.00750	0.05580	0.01740	0.02365	0.05917	0.28994	0.04298	0.33365	0.02697	0.00583	0.00708	0.01728	0.03752	0.00707
2	0.01253	0.00881	0.01075	0.01088	0.01167	0.00879	0.00708	0.01387	0.01574	0.02127	0.10902	0.12341	0.08488	0.38943	0.12669	0.00785	0.00976	0.01463	0.00640	0.00654
3	0.01382	0.01004	0.01218	0.01295	0.01417	0.01016	0.00894	0.04541	0.06867	0.02464	0.04125	0.38997	0.04684	0.19447	0.01993	0.00486	0.00670	0.05948	0.00766	0.00785
4	0.01190	0.00885	0.01107	0.01258	0.01362	0.00857	0.00856	0.01538	0.06603	0.02389	0.05024	0.55891	0.09502	0.05434	0.01262	0.00376	0.00545	0.02319	0.00825	0.00777
5	0.01516	0.01131	0.01317	0.01322	0.01554	0.01117	0.00960	0.12265	0.02253	0.02942	0.05332	0.42389	0.17747	0.02359	0.01077	0.00332	0.00592	0.02071	0.00843	0.00882
6	0.01622	0.01464	0.01301	0.01347	0.01496	0.12811	0.00931	0.01815	0.01885	0.02393	0.08638	0.33258	0.04423	0.13218	0.01591	0.00400	0.00764	0.01712	0.08157	0.00775
7	0.36644	0.02562	0.02056	0.01776	0.02292	0.23259	0.06247	0.02871	0.02023	0.03252	0.07781	0.02140	0.01850	0.00960	0.00735	0.00264	0.01046	0.00684	0.00559	0.00999
8	0.01308	0.01015	0.01154	0.01180	0.01373	0.00998	0.00826	0.01837	0.10845	0.02550	0.10387	0.25247	0.20458	0.14657	0.01716	0.00425	0.00587	0.01822	0.00802	0.00814
9	0.01237	0.01002	0.01087	0.01069	0.01335	0.00932	0.00784	0.01715	0.08275	0.02687	0.16659	0.11652	0.38410	0.07549	0.01334	0.00349	0.00513	0.01748	0.00841	0.00820
10	0.01435	0.00947	0.01359	0.01338	0.01454	0.01078	0.01011	0.01574	0.01418	0.02101	0.02177	0.03202	0.02009	0.04787	0.37575	0.20275	0.05094	0.00886	0.09575	0.00705
11	0.11217	0.01600	0.01989	0.01580	0.02231	0.01514	0.01293	0.04233	0.10579	0.49060	0.03305	0.02918	0.02155	0.01093	0.00865	0.00281	0.00747	0.00871	0.01022	0.01450
12	0.08475	0.02328	0.05456	0.07519	0.43113	0.08656	0.02427	0.02756	0.02029	0.02891	0.01766	0.02493	0.01524	0.00907	0.00866	0.00273	0.01093	0.03675	0.00469	0.01283
13	0.02392	0.35591	0.14336	0.02308	0.05289	0.12697	0.10608	0.02876	0.01995	0.02385	0.01428	0.01715	0.01188	0.00804	0.00741	0.00232	0.01208	0.00623	0.00407	0.01179
14	0.13496	0.45728	0.03707	0.01596	0.02271	0.10882	0.01462	0.02939	0.06338	0.02528	0.01442	0.01603	0.01240	0.00829	0.00625	0.00218	0.00980	0.00532	0.00458	0.01127
15	0.01686	0.13998	0.02149	0.01604	0.06998	0.01580	0.01193	0.04113	0.02044	0.02644	0.04857	0.05245	0.26592	0.01510	0.00882	0.00252	0.00692	0.05728	0.00655	0.15579
16	0.12178	0.02503	0.13628	0.10389	0.03008	0.08606	0.01858	0.07324	0.14523	0.03144	0.02120	0.02436	0.01653	0.01843	0.10562	0.00457	0.01257	0.00775	0.00580	0.01155
17	0.01518	0.01386	0.01665	0.08553	0.09610	0.05915	0.01268	0.01896	0.02235	0.02889	0.26836	0.05908	0.23562	0.01673	0.00999	0.00284	0.00683	0.01437	0.00767	0.00918

[dist]
# distance from previous block
# <min> <max>
0	3

[block]
# block no. 2 follows, 19 sequences, length 10
# corresponding to MSA columns:
# 29-38
name=unknown_C
#
# <colnr> <probs for GDERKNQSTAVLIFYWHMCP>
#	G	D	E	R	K	N	Q	S	T	A	V	L	I	F	Y	W	H	M	C	P
0	0.02113	0.01925	0.03005	0.16347	0.36108	0.02049	0.02321	0.06463	0.09021	0.03121	0.06817	0.02733	0.02097	0.00965	0.00904	0.00278	0.00991	0.00888	0.00561	0.01295
1	0.02325	0.02520	0.02770	0.16709	0.24133	0.20718	0.02112	0.02747	0.02122	0.02528	0.02162	0.02562	0.06211	0.00964	0.00863	0.00256	0.01180	0.00801	0.00476	0.05840
2	0.02130	0.01998	0.03160	0.14802	0.41734	0.02122	0.02442	0.03064	0.13625	0.02979	0.02051	0.02463	0.01638	0.00895	0.00892	0.00278	0.01015	0.00839	0.00527	0.01347
3	0.02006	0.01934	0.02793	0.36799	0.19162	0.05765	0.02322	0.02893	0.12029	0.02683	0.01950	0.02460	0.01507	0.00927	0.00890	0.00287	0.01103	0.00820	0.00500	0.01171
4	0.02193	0.22827	0.06932	0.08321	0.06041	0.07510	0.01736	0.09912	0.02102	0.02674	0.01756	0.02252	0.01500	0.02393	0.17550	0.00551	0.01443	0.00715	0.00486	0.01107
5	0.02272	0.09380	0.02724	0.02586	0.14217	0.12648	0.04903	0.02817	0.06955	0.06512	0.03140	0.04097	0.08952	0.01334	0.01044	0.00291	0.04888	0.09493	0.00620	0.01127
6	0.01237	0.00881	0.01094	0.01126	0.01206	0.00897	0.00746	0.01365	0.01478	0.01979	0.03712	0.15087	0.09828	0.35774	0.18837	0.00872	0.01153	0.01469	0.00602	0.00658
7	0.01823	0.01708	0.02790	0.50771	0.15502	0.02031	0.02442	0.02566	0.06707	0.02513	0.01774	0.02434	0.01357	0.00904	0.00894	0.00293	0.01131	0.00813	0.00447	0.01100
8	0.03177	0.03693	0.02724	0.02759	0.11996	0.46726	0.01881	0.11256	0.02690	0.02779	0.01535	0.01779	0.01244	0.00924	0.00831	0.00241	0.01442	0.00642	0.00518	0.01162
9	0.02463	0.02598	0.03389	0.04788	0.49678	0.16006	0.02521	0.02928	0.02147	0.02761	0.01617	0.02082	0.01359	0.00825	0.00868	0.00258	0.01184	0.00748	0.00447	0.01333

[dist]
# distance from previous block
# <min> <max>
3	22

[block]
# block no. 3 follows, 19 sequences, length 27
# corresponding to MSA columns:
# 61-87
name=unknown_D
#
# <colnr> <probs for GDERKNQSTAVLIFYWHMCP>
#	G	D	E	R	K	N	Q	S	T	A	V	L	I	F	Y	W	H	M	C	P
0	0.07550	0.03377	0.02614	0.02545	0.08732	0.39788	0.01819	0.07280	0.02349	0.02624	0.01425	0.01760	0.01198	0.01021	0.01158	0.00266	0.12269	0.00644	0.00485	0.01097
1	0.02377	0.02299	0.03488	0.05026	0.54526	0.06443	0.02601	0.06948	0.02228	0.03070	0.01696	0.02169	0.01407	0.00826	0.00881	0.00264	0.01095	0.00783	0.00477	0.01399
2	0.01173	0.00948	0.01065	0.01101	0.01349	0.00839	0.00793	0.01490	0.04646	0.02459	0.06814	0.30060	0.34964	0.02319	0.01058	0.00315	0.00502	0.02008	0.00816	0.05281
3	0.02461	0.02804	0.05825	0.02158	0.02552	0.22120	0.01793	0.06332	0.02027	0.02549	0.01394	0.01840	0.01212	0.01143	0.01644	0.00284	0.27576	0.00671	0.00468	0.13148
4	0.01874	0.01889	0.01598	0.01444	0.01882	0.13968	0.01102	0.02649	0.15712	0.02733	0.05417	0.05218	0.29483	0.01570	0.00928	0.00268	0.00768	0.01267	0.00740	0.09490
5	0.01179	0.00842	0.01140	0.01347	0.01438	0.00803	0.00985	0.01399	0.01801	0.02383	0.04882	0.53338	0.05723	0.02719	0.01166	0.00376	0.00596	0.16302	0.00829	0.00751
6	0.02751	0.03464	0.12230	0.02344	0.02989	0.31353	0.07559	0.12503	0.02543	0.02914	0.01704	0.02044	0.01357	0.01593	0.08324	0.00392	0.01545	0.00719	0.00521	0.01150
7	0.03123	0.19213	0.03032	0.02126	0.02658	0.50803	0.01683	0.03366	0.02370	0.02170	0.01351	0.01572	0.01151	0.00886	0.00753	0.00221	0.01462	0.00554	0.00443	0.01063
8	0.02038	0.26623	0.36652	0.02340	0.03422	0.02604	0.09259	0.02784	0.01890	0.02586	0.01504	0.01793	0.01164	0.00810	0.00779	0.00254	0.01218	0.00644	0.00388	0.01249
9	0.02356	0.02149	0.06944	0.01785	0.02517	0.05938	0.04753	0.10498	0.07290	0.08752	0.02203	0.05921	0.01788	0.00964	0.00810	0.00219	0.00874	0.00799	0.00660	0.32781
10	0.06942	0.14422	0.22214	0.01987	0.02845	0.18041	0.02016	0.02866	0.02011	0.02641	0.01463	0.01710	0.01168	0.00815	0.00737	0.00224	0.01163	0.00572	0.00441	0.15720
11	0.02127	0.02037	0.03474	0.15580	0.53568	0.02103	0.02702	0.02670	0.01996	0.02817	0.01667	0.02243	0.01380	0.00813	0.00887	0.00271	0.01084	0.00797	0.00435	0.01347
12	0.02764	0.03415	0.02123	0.01951	0.02372	0.48730	0.01463	0.02994	0.02410	0.02247	0.03325	0.03383	0.16694	0.01262	0.00870	0.00249	0.01320	0.00908	0.00554	0.00966
13	0.01301	0.00867	0.00976	0.00976	0.00976	0.00867	0.00542	0.01301	0.01301	0.01735	0.02819	0.05855	0.03253	0.68559	0.04554	0.00867	0.00867	0.01301	0.00542	0.00542
14	0.01090	0.00779	0.01038	0.01246	0.01298	0.00727	0.00830	0.01246	0.01713	0.02284	0.04931	0.67975	0.05917	0.02803	0.01142	0.00363	0.00519	0.02543	0.00830	0.00727
15	0.02055	0.02807	0.15709	0.03554	0.04533	0.02230	0.49693	0.02860	0.02072	0.02860	0.01774	0.02320	0.01318	0.00771	0.01019	0.00298	0.01475	0.00986	0.00439	0.01227
16	0.01247	0.00906	0.01187	0.01222	0.01406	0.00846	0.00930	0.01602	0.02259	0.03102	0.38042	0.19611	0.10836	0.02158	0.01103	0.00321	0.00510	0.10985	0.00918	0.00812
17	0.02141	0.02131	0.03913	0.04820	0.44477	0.02093	0.17074	0.02721	0.02057	0.02893	0.01903	0.02749	0.01632	0.00889	0.00950	0.00284	0.01161	0.04316	0.00469	0.01327
18	0.03401	0.02506	0.02685	0.02058	0.02774	0.02774	0.01700	0.59995	0.04206	0.05638	0.02148	0.02148	0.01521	0.01074	0.00895	0.00268	0.00984	0.00805	0.00895	0.01521
19	0.08005	0.01961	0.06891	0.02646	0.17713	0.01728	0.01809	0.03770	0.09152	0.32840	0.02781	0.02677	0.01910	0.01004	0.00870	0.00278	0.00867	0.00841	0.00826	0.01431
20	0.02152	0.02281	0.02711	0.02343	0.02407	0.11476	0.01925	0.02352	0.01534	0.02158	0.01204	0.01909	0.01171	0.01475	0.02637	0.00369	0.57753	0.00754	0.00401	0.00987
21	0.01057	0.00906	0.00906	0.00906	0.01208	0.00755	0.00680	0.01284	0.02039	0.02417	0.09063	0.08610	0.62615	0.02266	0.01057	0.00302	0.00453	0.01888	0.00831	0.00755
22	0.01278	0.00959	0.01438	0.01438	0.01598	0.01118	0.01118	0.01598	0.01438	0.02077	0.02396	0.03515	0.02237	0.06710	0.65013	0.01438	0.02396	0.00959	0.00479	0.00799
23	0.02968	0.29759	0.03382	0.02000	0.02581	0.40811	0.01651	0.03221	0.02253	0.02156	0.01328	0.01543	0.01151	0.00860	0.00715	0.00215	0.01355	0.00538	0.00430	0.01081
24	0.01855	0.01590	0.01855	0.01325	0.02120	0.01193	0.01060	0.02253	0.01855	0.02915	0.01590	0.01855	0.01325	0.00663	0.00663	0.00133	0.00663	0.00530	0.00530	0.74028
25	0.03104	0.02358	0.02518	0.01998	0.02661	0.02636	0.01629	0.46027	0.18659	0.05159	0.02526	0.02449	0.01827	0.01109	0.00899	0.00277	0.00915	0.00858	0.00899	0.01495
26	0.19736	0.01068	0.01058	0.01099	0.01373	0.01061	0.00808	0.01610	0.01789	0.02772	0.05577	0.28488	0.26313	0.02099	0.00961	0.00318	0.00538	0.01773	0.00761	0.00799

[dist]
# distance from previous block
# <min> <max>
3	11

[block]
# block no. 4 follows, 19 sequences, length 41
# corresponding to MSA columns:
# 99-125,128-141
name=unknown_E
#
# <colnr> <probs for GDERKNQSTAVLIFYWHMCP>
#	G	D	E	R	K	N	Q	S	T	A	V	L	I	F	Y	W	H	M	C	P
0	0.74878	0.01730	0.01315	0.01177	0.01730	0.02007	0.00969	0.02630	0.01523	0.04014	0.01246	0.01453	0.00969	0.00830	0.00554	0.00277	0.00692	0.00484	0.00554	0.00969
1	0.02608	0.01766	0.01975	0.01713	0.02254	0.01917	0.01350	0.04464	0.43403	0.18617	0.03913	0.03556	0.05907	0.01245	0.00916	0.00297	0.00707	0.01032	0.00955	0.01406
2	0.03401	0.02506	0.02685	0.02058	0.02774	0.02774	0.01700	0.59995	0.04206	0.05638	0.02148	0.02148	0.01521	0.01074	0.00895	0.00268	0.00984	0.00805	0.00895	0.01521
3	0.02225	0.01922	0.02023	0.01821	0.02326	0.02225	0.01416	0.04754	0.61361	0.03742	0.03641	0.03338	0.02731	0.01214	0.00910	0.00303	0.00708	0.01011	0.00910	0.01416
4	0.01059	0.00899	0.00914	0.00926	0.01214	0.00754	0.00689	0.01282	0.02020	0.02409	0.08818	0.12124	0.59258	0.02298	0.01062	0.00306	0.00457	0.01927	0.00831	0.00754
5	0.01278	0.00959	0.01438	0.01438	0.01598	0.01118	0.01118	0.01598	0.01438	0.02077	0.02396	0.03515	0.02237	0.06710	0.65013	0.01438	0.02396	0.00959	0.00479	0.00799
6	0.01284	0.00936	0.01322	0.01322	0.01442	0.01056	0.00974	0.01524	0.01404	0.01991	0.02502	0.04099	0.02490	0.22156	0.49914	0.01295	0.02015	0.01044	0.00495	0.00735
7	0.03387	0.02931	0.02649	0.02118	0.02772	0.17798	0.01707	0.46365	0.03803	0.04805	0.01963	0.02019	0.01432	0.01037	0.00874	0.00259	0.01136	0.00750	0.00790	0.01404
8	0.01690	0.01590	0.02683	0.66408	0.06162	0.01988	0.02485	0.02286	0.01789	0.02286	0.01590	0.02385	0.01193	0.00894	0.00894	0.00298	0.01193	0.00795	0.00398	0.00994
9	0.01090	0.00779	0.01038	0.01246	0.01298	0.00727	0.00830	0.01246	0.01713	0.02284	0.04931	0.67975	0.05917	0.02803	0.01142	0.00363	0.00519	0.02543	0.00830	0.00727
10	0.01442	0.01030	0.01442	0.01648	0.01854	0.01030	0.01442	0.01854	0.02060	0.02677	0.04737	0.10092	0.05149	0.02471	0.01236	0.00412	0.00824	0.56956	0.00824	0.00824
11	0.01554	0.00777	0.01166	0.01166	0.01166	0.00777	0.00777	0.01166	0.01166	0.01554	0.01554	0.02720	0.01554	0.03108	0.03497	0.73970	0.00777	0.00777	0.00389	0.00389
12	0.74878	0.01730	0.01315	0.01177	0.01730	0.02007	0.00969	0.02630	0.01523	0.04014	0.01246	0.01453	0.00969	0.00830	0.00554	0.00277	0.00692	0.00484	0.00554	0.00969
13	0.35903	0.01616	0.01734	0.01405	0.02035	0.01626	0.01159	0.03581	0.02094	0.36785	0.02502	0.02329	0.01654	0.00983	0.00744	0.00277	0.00730	0.00713	0.00858	0.01273
14	0.01191	0.00904	0.01097	0.01065	0.01295	0.00810	0.00793	0.01537	0.02332	0.03149	0.42615	0.10876	0.25030	0.02021	0.01061	0.00293	0.00437	0.01756	0.00928	0.00810
15	0.01057	0.00906	0.00906	0.00906	0.01208	0.00755	0.00680	0.01284	0.02039	0.02417	0.09063	0.08610	0.62615	0.02266	0.01057	0.00302	0.00453	0.01888	0.00831	0.00755
16	0.01301	0.00867	0.00976	0.00976	0.00976	0.00867	0.00542	0.01301	0.01301	0.01735	0.02819	0.05855	0.03253	0.68559	0.04554	0.00867	0.00867	0.01301	0.00542	0.00542
17	0.01134	0.00813	0.01078	0.01216	0.01307	0.00756	0.00834	0.01356	0.01918	0.02609	0.19309	0.52668	0.06548	0.02560	0.01120	0.00343	0.00495	0.02312	0.00869	0.00756
18	0.01162	0.00904	0.01018	0.00993	0.01225	0.00801	0.00721	0.01430	0.02121	0.02747	0.27251	0.07579	0.35904	0.10461	0.01497	0.00366	0.00494	0.01718	0.00849	0.00760
19	0.01442	0.01030	0.01442	0.01648	0.01854	0.01030	0.01442	0.01854	0.02060	0.02677	0.04737	0.10092	0.05149	0.02471	0.01236	0.00412	0.00824	0.56956	0.00824	0.00824
20	0.01301	0.00867	0.00976	0.00976	0.00976	0.00867	0.00542	0.01301	0.01301	0.01735	0.02819	0.05855	0.03253	0.68559	0.04554	0.00867	0.00867	0.01301	0.00542	0.00542
21	0.01065	0.00876	0.00938	0.00988	0.01230	0.00748	0.00716	0.01275	0.01961	0.02385	0.08069	0.22896	0.48971	0.02395	0.01078	0.00317	0.00469	0.02046	0.00831	0.00748
22	0.01115	0.00796	0.01067	0.01274	0.01337	0.00748	0.00874	0.01289	0.01738	0.02312	0.04917	0.63847	0.05862	0.02779	0.01149	0.00367	0.00541	0.06423	0.00830	0.00734
23	0.01266	0.00914	0.01196	0.01126	0.01337	0.00844	0.00844	0.01688	0.02532	0.03588	0.62506	0.06683	0.08441	0.01829	0.01055	0.00281	0.00422	0.01618	0.00985	0.00844
24	0.03401	0.02506	0.02685	0.02058	0.02774	0.02774	0.01700	0.59995	0.04206	0.05638	0.02148	0.02148	0.01521	0.01074	0.00895	0.00268	0.00984	0.00805	0.00895	0.01521
25	0.02644	0.01974	0.02093	0.01685	0.02255	0.02124	0.01366	0.38662	0.06912	0.04586	0.04009	0.03902	0.16896	0.01378	0.00921	0.00275	0.00802	0.01090	0.05143	0.01284
26	0.01057	0.00906	0.00906	0.00906	0.01208	0.00755	0.00680	0.01284	0.02039	0.02417	0.09063	0.08610	0.62615	0.02266	0.01057	0.00302	0.00453	0.01888	0.00831	0.00755
27	0.74878	0.01730	0.01315	0.01177	0.01730	0.02007	0.00969	0.02630	0.01523	0.04014	0.01246	0.01453	0.00969	0.00830	0.00554	0.00277	0.00692	0.00484	0.00554	0.00969
28	0.01183	0.00911	0.01080	0.01038	0.01285	0.00809	0.00779	0.01527	0.02336	0.03121	0.41207	0.07451	0.30031	0.02003	0.01056	0.00290	0.00434	0.01726	0.00923	0.00809
29	0.01282	0.00942	0.01352	0.01352	0.01482	0.01072	0.01012	0.01543	0.01412	0.02013	0.02475	0.03948	0.02425	0.18162	0.53818	0.01332	0.02113	0.01022	0.00491	0.00751
30	0.01090	0.00779	0.01038	0.01246	0.01298	0.00727	0.00830	0.01246	0.01713	0.02284	0.04931	0.67975	0.05917	0.02803	0.01142	0.00363	0.00519	0.02543	0.00830	0.00727
31	0.01278	0.00959	0.01438	0.01438	0.01598	0.01118	0.01118	0.01598	0.01438	0.02077	0.02396	0.03515	0.02237	0.06710	0.65013	0.01438	0.02396	0.00959	0.00479	0.00799
32	0.01266	0.00914	0.01196	0.01126	0.01337	0.00844	0.00844	0.01688	0.02532	0.03588	0.62506	0.06683	0.08441	0.01829	0.01055	0.00281	0.00422	0.01618	0.00985	0.00844
33	0.02767	0.43473	0.03837	0.01837	0.02482	0.27818	0.01609	0.03032	0.02101	0.02138	0.01299	0.01506	0.01150	0.00827	0.00666	0.00207	0.01216	0.00517	0.00414	0.01104
34	0.03342	0.04264	0.02535	0.02305	0.02766	0.64967	0.01729	0.03572	0.02535	0.02190	0.01383	0.01613	0.01152	0.00922	0.00807	0.00230	0.01613	0.00576	0.00461	0.01037
35	0.01090	0.00779	0.01038	0.01246	0.01298	0.00727	0.00830	0.01246	0.01713	0.02284	0.04931	0.67975	0.05917	0.02803	0.01142	0.00363	0.00519	0.02543	0.00830	0.00727
36	0.01794	0.04628	0.63923	0.02550	0.03872	0.02078	0.03305	0.02833	0.01889	0.02833	0.01606	0.01889	0.01133	0.00850	0.00850	0.00283	0.01322	0.00661	0.00378	0.01322
37	0.09936	0.03415	0.02278	0.02049	0.02510	0.45234	0.01564	0.06189	0.02401	0.05674	0.01635	0.01916	0.01332	0.01593	0.08137	0.00377	0.01540	0.00640	0.00527	0.01053
38	0.14451	0.02701	0.02262	0.01924	0.02494	0.18934	0.01521	0.22187	0.17612	0.03996	0.02176	0.02194	0.01638	0.01030	0.00821	0.00269	0.01035	0.00745	0.00730	0.01279
39	0.01710	0.01191	0.01508	0.01389	0.01683	0.01189	0.01040	0.08409	0.01989	0.06333	0.06402	0.19648	0.03416	0.10324	0.19764	0.00676	0.01176	0.01353	0.00693	0.10105
40	0.02559	0.02021	0.02282	0.05357	0.02653	0.02014	0.01450	0.28079	0.07139	0.04148	0.01984	0.02121	0.01505	0.00898	0.00797	0.00214	0.00839	0.00702	0.00712	0.32528

[dist]
# distance from previous block
# <min> <max>
0	1

[block]
# block no. 5 follows, 19 sequences, length 19
# corresponding to MSA columns:
# 143-145,163-178
name=unknown_F
#
# <colnr> <probs for GDERKNQSTAVLIFYWHMCP>
#	G	D	E	R	K	N	Q	S	T	A	V	L	I	F	Y	W	H	M	C	P
0	0.02169	0.02079	0.03549	0.10796	0.58030	0.02114	0.02723	0.02706	0.02015	0.02867	0.01675	0.02229	0.01398	0.00806	0.00886	0.00269	0.01074	0.00797	0.00439	0.01380
1	0.02860	0.03029	0.03040	0.03654	0.29059	0.26855	0.02168	0.12894	0.02605	0.03102	0.01645	0.01967	0.01331	0.00894	0.00856	0.00252	0.01265	0.00712	0.00528	0.01286
2	0.01983	0.01837	0.03017	0.40873	0.25931	0.02086	0.02526	0.06131	0.02031	0.02724	0.01658	0.02310	0.01293	0.00872	0.00891	0.00285	0.01134	0.00796	0.00445	0.01176
3	0.07543	0.01906	0.02464	0.06743	0.02506	0.05388	0.01810	0.02201	0.01475	0.02299	0.01363	0.02116	0.01283	0.02034	0.09785	0.00491	0.46443	0.00772	0.00418	0.00961
4	0.09067	0.01632	0.02181	0.18250	0.03057	0.02005	0.01706	0.07131	0.01971	0.02904	0.10094	0.03513	0.07039	0.01406	0.01538	0.00325	0.21211	0.03397	0.00583	0.00987
5	0.02453	0.06279	0.03064	0.13020	0.27866	0.20953	0.02189	0.02879	0.02122	0.02563	0.01547	0.01986	0.01282	0.00836	0.00827	0.00244	0.01207	0.00690	0.00446	0.07549
6	0.03153	0.03943	0.02427	0.02240	0.02675	0.58625	0.01700	0.03402	0.02488	0.02238	0.01716	0.02454	0.01549	0.01076	0.00849	0.00248	0.01535	0.06169	0.00497	0.01016
7	0.02177	0.01392	0.01694	0.01347	0.01923	0.01186	0.01067	0.02721	0.06774	0.16877	0.17132	0.03866	0.07713	0.01197	0.00857	0.00226	0.00617	0.01006	0.00820	0.29410
8	0.01795	0.01454	0.01674	0.01602	0.01962	0.01590	0.01276	0.03286	0.32326	0.03451	0.18919	0.05789	0.04760	0.01668	0.01024	0.00323	0.00662	0.14398	0.00909	0.01130
9	0.03342	0.04264	0.02535	0.02305	0.02766	0.64967	0.01729	0.03572	0.02535	0.02190	0.01383	0.01613	0.01152	0.00922	0.00807	0.00230	0.01613	0.00576	0.00461	0.01037
10	0.01498	0.01282	0.01859	0.01733	0.01841	0.01643	0.01390	0.01777	0.01416	0.02102	0.02001	0.03011	0.01893	0.05045	0.44925	0.01099	0.23277	0.00902	0.00451	0.00857
11	0.01278	0.00959	0.01438	0.01438	0.01598	0.01118	0.01118	0.01598	0.01438	0.02077	0.02396	0.03515	0.02237	0.06710	0.65013	0.01438	0.02396	0.00959	0.00479	0.00799
12	0.01746	0.01767	0.01469	0.01375	0.01671	0.17183	0.01031	0.02073	0.02417	0.02954	0.34271	0.05845	0.19395	0.01701	0.00992	0.00273	0.00733	0.01416	0.00815	0.00872
13	0.01650	0.01123	0.01367	0.01246	0.01560	0.01084	0.00954	0.02353	0.11221	0.09336	0.40884	0.06084	0.14164	0.01725	0.01019	0.00287	0.00502	0.01493	0.00965	0.00984
14	0.03342	0.04264	0.02535	0.02305	0.02766	0.64967	0.01729	0.03572	0.02535	0.02190	0.01383	0.01613	0.01152	0.00922	0.00807	0.00230	0.01613	0.00576	0.00461	0.01037
15	0.01855	0.01590	0.01855	0.01325	0.02120	0.01193	0.01060	0.02253	0.01855	0.02915	0.01590	0.01855	0.01325	0.00663	0.00663	0.00133	0.00663	0.00530	0.00530	0.74028
16	0.02051	0.02154	0.01879	0.01714	0.02018	0.19432	0.01324	0.02633	0.10242	0.02715	0.15547	0.04259	0.13658	0.01785	0.04645	0.00351	0.10801	0.01129	0.00685	0.00979
17	0.01372	0.01066	0.01265	0.01109	0.01444	0.00913	0.00820	0.01689	0.02097	0.02934	0.29229	0.05778	0.16112	0.11562	0.01483	0.00337	0.00551	0.01364	0.00783	0.18092
18	0.01757	0.01458	0.01757	0.01401	0.02057	0.01154	0.01150	0.02158	0.01903	0.02859	0.02334	0.03803	0.02229	0.01090	0.00798	0.00199	0.00701	0.13876	0.00600	0.56714

[dist]
# distance from previous block
# <min> <max>
0	2

# created by:
# /home/cegg/simao/soft/augustus-3.2.1/scripts/msa2prfl.pl ./align_prep/14043.fa
