[name]
unknown

[dist]
# distance from previous block
# <min> <max>
0	11

[block]
# block no. 0 follows, 21 sequences, length 8
# corresponding to MSA columns:
# 11-18
name=unknown_A
#
# <colnr> <probs for GDERKNQSTAVLIFYWHMCP>
#	G	D	E	R	K	N	Q	S	T	A	V	L	I	F	Y	W	H	M	C	P
0	0.01371	0.00980	0.01371	0.01567	0.01763	0.00980	0.01371	0.01763	0.01959	0.02547	0.04506	0.09599	0.04898	0.02351	0.01175	0.00392	0.00784	0.59056	0.00784	0.00784
1	0.02127	0.12140	0.02704	0.02316	0.12858	0.02053	0.06629	0.03314	0.26066	0.07827	0.03279	0.03238	0.09582	0.01100	0.00842	0.00264	0.00806	0.00948	0.00683	0.01223
2	0.02106	0.02022	0.03454	0.05223	0.64784	0.02022	0.02612	0.02612	0.01938	0.02780	0.01601	0.02106	0.01348	0.00758	0.00842	0.00253	0.01011	0.00758	0.00421	0.01348
3	0.07240	0.00869	0.01067	0.01148	0.01243	0.00897	0.00782	0.01370	0.01462	0.02133	0.03418	0.34604	0.03911	0.20741	0.14543	0.00661	0.00938	0.01662	0.00633	0.00678
4	0.01860	0.01500	0.02042	0.02317	0.16576	0.01663	0.01486	0.09869	0.02000	0.02929	0.02773	0.03178	0.09322	0.01782	0.08633	0.00393	0.12674	0.00909	0.17073	0.01021
5	0.01937	0.01542	0.02262	0.01756	0.02270	0.01507	0.11907	0.07104	0.01938	0.05890	0.01981	0.02404	0.01589	0.01508	0.08481	0.00351	0.07317	0.00758	0.15194	0.22303
6	0.01305	0.01223	0.05998	0.01242	0.01531	0.00993	0.01005	0.07062	0.02051	0.02700	0.12664	0.32318	0.22478	0.02108	0.01009	0.00305	0.00563	0.01838	0.00781	0.00827
7	0.01900	0.01699	0.02330	0.02975	0.27925	0.01758	0.01712	0.06290	0.18947	0.03027	0.03900	0.03923	0.17519	0.01233	0.00890	0.00271	0.00768	0.01075	0.00662	0.01196

[dist]
# distance from previous block
# <min> <max>
2	3

[block]
# block no. 1 follows, 21 sequences, length 23
# corresponding to MSA columns:
# 22-44
name=unknown_B
#
# <colnr> <probs for GDERKNQSTAVLIFYWHMCP>
#	G	D	E	R	K	N	Q	S	T	A	V	L	I	F	Y	W	H	M	C	P
0	0.31640	0.01909	0.06676	0.19109	0.20451	0.01941	0.01909	0.02464	0.01672	0.03039	0.01407	0.01835	0.01105	0.00798	0.00716	0.00266	0.00918	0.00629	0.00448	0.01070
1	0.02789	0.03316	0.02791	0.03294	0.25228	0.43169	0.01996	0.03112	0.02239	0.02336	0.01419	0.01742	0.01188	0.00834	0.00795	0.00231	0.01344	0.00625	0.00432	0.01118
2	0.02295	0.02371	0.02571	0.03212	0.29135	0.18961	0.01862	0.08908	0.02285	0.02778	0.02954	0.03145	0.13705	0.01093	0.00856	0.00251	0.01028	0.00908	0.00545	0.01139
3	0.01522	0.01445	0.01414	0.01603	0.08065	0.11026	0.01000	0.01701	0.01776	0.02127	0.04525	0.16784	0.21747	0.19390	0.01822	0.00422	0.00775	0.01462	0.00626	0.00769
4	0.01156	0.00815	0.00928	0.00968	0.01029	0.00779	0.00594	0.01224	0.01441	0.01871	0.04140	0.18926	0.14491	0.44446	0.03087	0.00633	0.00688	0.01575	0.00620	0.00587
5	0.01825	0.01301	0.01460	0.01318	0.01547	0.01370	0.00933	0.20547	0.02212	0.02958	0.02963	0.19886	0.03182	0.31835	0.02441	0.00528	0.00781	0.01373	0.00689	0.00855
6	0.01444	0.01223	0.01921	0.14109	0.14641	0.01269	0.04081	0.01726	0.01622	0.02186	0.02873	0.25097	0.03146	0.18755	0.01804	0.00434	0.00836	0.01433	0.00558	0.00843
7	0.02628	0.02979	0.02558	0.02900	0.19989	0.35026	0.01818	0.05689	0.08022	0.02576	0.02138	0.02335	0.05732	0.00965	0.00818	0.00242	0.01203	0.00742	0.00516	0.01124
8	0.01424	0.01250	0.01480	0.07809	0.01954	0.06446	0.01123	0.01668	0.01606	0.02126	0.02943	0.27825	0.03210	0.07942	0.17412	0.00597	0.03936	0.01412	0.00577	0.07262
9	0.02714	0.02946	0.02498	0.06129	0.15586	0.36113	0.01815	0.03191	0.06712	0.06675	0.01904	0.02466	0.01594	0.00986	0.00829	0.00250	0.01234	0.04726	0.00529	0.01103
10	0.01973	0.02338	0.17905	0.05613	0.06117	0.01774	0.09081	0.07674	0.12986	0.07538	0.03469	0.03501	0.13962	0.01159	0.00892	0.00277	0.00928	0.01004	0.00638	0.01172
11	0.01885	0.01370	0.01635	0.01390	0.01798	0.01416	0.01106	0.16554	0.02166	0.03176	0.02159	0.02683	0.01800	0.02978	0.25817	0.00643	0.01291	0.00775	0.13759	0.15599
12	0.01314	0.00972	0.01315	0.01294	0.01390	0.01122	0.00960	0.01532	0.01407	0.02065	0.02562	0.11336	0.02627	0.18247	0.31418	0.00894	0.09334	0.01124	0.08362	0.00724
13	0.02827	0.03430	0.02542	0.02730	0.14780	0.49250	0.01793	0.03109	0.02244	0.02212	0.01441	0.01777	0.01220	0.01248	0.05512	0.00308	0.01485	0.00616	0.00436	0.01041
14	0.01491	0.01307	0.01580	0.01490	0.01596	0.06089	0.01129	0.01691	0.01399	0.01918	0.02079	0.03466	0.02091	0.20654	0.34026	0.00955	0.14904	0.00932	0.00453	0.00750
15	0.20971	0.02229	0.05135	0.11173	0.02585	0.17605	0.01439	0.02705	0.08443	0.02939	0.11475	0.02819	0.05083	0.01065	0.00777	0.00260	0.00926	0.00810	0.00585	0.00976
16	0.02196	0.01870	0.01839	0.01585	0.02065	0.06367	0.01249	0.19692	0.25233	0.03613	0.04352	0.04141	0.19416	0.01377	0.00894	0.00274	0.00740	0.01111	0.00811	0.01175
17	0.02040	0.09208	0.06621	0.01562	0.02087	0.07136	0.01335	0.03251	0.27860	0.07334	0.04163	0.03959	0.17346	0.01300	0.00853	0.00268	0.00756	0.01047	0.00736	0.01137
18	0.02000	0.01955	0.03254	0.09564	0.41451	0.02161	0.05485	0.02443	0.01766	0.02548	0.01481	0.02069	0.01271	0.00943	0.01330	0.00286	0.17614	0.00768	0.00406	0.01202
19	0.14969	0.01814	0.02468	0.06508	0.28755	0.01918	0.01815	0.14022	0.02187	0.03303	0.02179	0.02511	0.06474	0.01093	0.00982	0.05637	0.00875	0.00792	0.00548	0.01151
20	0.01872	0.01790	0.01670	0.01801	0.08336	0.17111	0.01203	0.02140	0.02057	0.05244	0.14622	0.10123	0.13110	0.09478	0.01326	0.00337	0.00847	0.05384	0.00671	0.00878
21	0.01247	0.00954	0.01174	0.01244	0.01458	0.00921	0.00976	0.01715	0.07003	0.02650	0.16153	0.19939	0.20024	0.02157	0.01060	0.00326	0.00563	0.18815	0.00821	0.00799
22	0.08680	0.19015	0.02667	0.01670	0.02278	0.09902	0.01401	0.14879	0.16506	0.07842	0.02072	0.02072	0.01580	0.00925	0.00731	0.00235	0.00884	0.00677	0.00656	0.05329

[dist]
# distance from previous block
# <min> <max>
2	8

[block]
# block no. 2 follows, 21 sequences, length 7
# corresponding to MSA columns:
# 53-59
name=unknown_C
#
# <colnr> <probs for GDERKNQSTAVLIFYWHMCP>
#	G	D	E	R	K	N	Q	S	T	A	V	L	I	F	Y	W	H	M	C	P
0	0.01459	0.01059	0.01258	0.01218	0.01391	0.01168	0.00871	0.02109	0.14410	0.02341	0.02733	0.04076	0.02576	0.27217	0.22567	0.00804	0.01193	0.01023	0.09725	0.00801
1	0.09984	0.01731	0.02630	0.22980	0.30361	0.01889	0.02106	0.02540	0.07178	0.02747	0.02176	0.02589	0.05699	0.00921	0.00824	0.00269	0.00940	0.00815	0.00484	0.01137
2	0.02091	0.02560	0.10515	0.30136	0.19016	0.16436	0.02358	0.02617	0.01929	0.02363	0.01491	0.02007	0.01170	0.00829	0.00825	0.00260	0.01210	0.00694	0.00400	0.01090
3	0.13836	0.02593	0.14081	0.24062	0.03646	0.15540	0.02008	0.02565	0.01811	0.02560	0.01467	0.01910	0.01136	0.00881	0.00866	0.00265	0.04796	0.00643	0.04333	0.01000
4	0.06157	0.11372	0.02478	0.10764	0.05880	0.27037	0.01587	0.05751	0.06408	0.02591	0.07030	0.02501	0.05005	0.01006	0.00784	0.00241	0.01093	0.00754	0.00533	0.01029
5	0.01267	0.00800	0.00903	0.00948	0.01026	0.00781	0.00605	0.01413	0.01506	0.02191	0.03516	0.19443	0.07155	0.33412	0.02459	0.00527	0.00619	0.01424	0.19369	0.00637
6	0.02271	0.01366	0.01607	0.01411	0.01850	0.01372	0.01101	0.03293	0.23385	0.22091	0.10052	0.10031	0.13557	0.01478	0.00918	0.00284	0.00607	0.01250	0.00910	0.01165

[dist]
# distance from previous block
# <min> <max>
0	1

[block]
# block no. 3 follows, 21 sequences, length 25
# corresponding to MSA columns:
# 61-85
name=unknown_D
#
# <colnr> <probs for GDERKNQSTAVLIFYWHMCP>
#	G	D	E	R	K	N	Q	S	T	A	V	L	I	F	Y	W	H	M	C	P
0	0.01975	0.01977	0.02217	0.02667	0.20534	0.13698	0.01631	0.02673	0.12411	0.02543	0.02834	0.03171	0.08972	0.02308	0.16067	0.00514	0.01277	0.00909	0.00551	0.01072
1	0.01572	0.01211	0.01361	0.01273	0.01576	0.01223	0.00961	0.12905	0.08511	0.03134	0.14396	0.22805	0.21912	0.01917	0.00984	0.00294	0.00562	0.01649	0.00832	0.00923
2	0.02402	0.06082	0.07148	0.06415	0.02661	0.34300	0.01732	0.02715	0.01951	0.02108	0.01470	0.01945	0.01272	0.01870	0.12045	0.00439	0.11410	0.00653	0.00418	0.00963
3	0.07476	0.01881	0.01787	0.04793	0.06260	0.13532	0.01313	0.05039	0.08250	0.02750	0.03705	0.04386	0.16408	0.01350	0.00863	0.00263	0.00841	0.08425	0.00636	0.10044
4	0.01097	0.00811	0.00925	0.00987	0.01098	0.00748	0.00645	0.01216	0.01594	0.02030	0.05286	0.26571	0.24263	0.26312	0.02206	0.00496	0.00590	0.01795	0.00693	0.00638
5	0.01946	0.01934	0.01859	0.01711	0.01948	0.17932	0.01329	0.06567	0.01814	0.02250	0.01887	0.02702	0.01731	0.06901	0.34045	0.00842	0.10446	0.00803	0.00473	0.00879
6	0.01682	0.09470	0.02399	0.10852	0.16768	0.01749	0.01647	0.02063	0.01622	0.02317	0.01859	0.02560	0.01628	0.02799	0.23813	0.00639	0.06443	0.00778	0.07939	0.00975
7	0.01702	0.05612	0.31077	0.17784	0.12888	0.01869	0.02515	0.02416	0.01872	0.02652	0.09599	0.02521	0.02026	0.00927	0.00838	0.00266	0.01068	0.00788	0.00447	0.01134
8	0.02512	0.02229	0.02057	0.01790	0.02156	0.19823	0.01415	0.13656	0.02279	0.09145	0.01964	0.02349	0.01586	0.02281	0.16272	0.00514	0.10046	0.00747	0.06135	0.01045
9	0.01169	0.00823	0.01008	0.01044	0.01117	0.00808	0.00679	0.01300	0.01540	0.02074	0.11447	0.20107	0.08562	0.34776	0.09241	0.00662	0.00815	0.01550	0.00645	0.00631
10	0.02968	0.02334	0.02614	0.02428	0.12188	0.05362	0.01723	0.47387	0.03486	0.04648	0.01970	0.02188	0.01490	0.04066	0.01002	0.00279	0.00970	0.00776	0.00751	0.01369
11	0.02314	0.02243	0.02015	0.01818	0.02291	0.14130	0.01402	0.04313	0.51926	0.03285	0.03064	0.02870	0.02318	0.01103	0.00848	0.00276	0.00834	0.00885	0.00786	0.01280
12	0.01288	0.00950	0.01186	0.01299	0.01429	0.00965	0.00948	0.01757	0.09562	0.02346	0.04139	0.35997	0.04628	0.14163	0.01645	0.00433	0.00642	0.15107	0.00750	0.00766
13	0.35601	0.03017	0.33500	0.04767	0.02852	0.01942	0.02097	0.02584	0.01634	0.03183	0.01371	0.01629	0.01009	0.00802	0.00682	0.00267	0.00979	0.00558	0.00436	0.01091
14	0.01477	0.01673	0.09016	0.22893	0.14815	0.01468	0.01827	0.01942	0.01849	0.02394	0.04299	0.04493	0.25824	0.01337	0.00905	0.00278	0.00851	0.01148	0.00545	0.00967
15	0.02847	0.03247	0.02754	0.03123	0.22192	0.39854	0.01946	0.09070	0.02423	0.02634	0.01479	0.01766	0.01211	0.00854	0.00799	0.00233	0.01309	0.00636	0.00475	0.01147
16	0.02578	0.02796	0.02499	0.12323	0.12276	0.30062	0.01832	0.09090	0.10180	0.02718	0.01775	0.02062	0.01408	0.01121	0.03392	0.00291	0.01255	0.00700	0.00524	0.01118
17	0.02412	0.02510	0.02180	0.01929	0.02309	0.22374	0.01510	0.07784	0.24168	0.02867	0.02590	0.02665	0.05869	0.01186	0.01202	0.00280	0.13575	0.00833	0.00634	0.01122
18	0.02302	0.02123	0.01785	0.01530	0.02022	0.20633	0.01180	0.02803	0.08340	0.10659	0.07909	0.03524	0.13719	0.01178	0.00822	0.00228	0.00861	0.00927	0.00677	0.16778
19	0.02233	0.17669	0.07391	0.01982	0.08448	0.02059	0.01595	0.05164	0.01922	0.13112	0.06047	0.02480	0.01941	0.01574	0.07710	0.00368	0.11157	0.00763	0.05277	0.01110
20	0.02140	0.18948	0.22455	0.01881	0.02625	0.18466	0.01913	0.02754	0.05963	0.02382	0.02501	0.02604	0.09941	0.01016	0.00769	0.00240	0.01095	0.00751	0.00473	0.01082
21	0.08529	0.10135	0.02047	0.01692	0.06027	0.08308	0.01261	0.06845	0.09825	0.02725	0.03219	0.03443	0.13342	0.02399	0.16020	0.00510	0.01156	0.00929	0.00591	0.00996
22	0.11719	0.01909	0.05695	0.03622	0.37132	0.01794	0.04662	0.02692	0.01980	0.10613	0.08107	0.02533	0.02046	0.00898	0.00825	0.00259	0.00899	0.00816	0.00562	0.01237
23	0.02581	0.32091	0.07602	0.02218	0.09357	0.25410	0.01769	0.05571	0.02101	0.02315	0.01338	0.01566	0.01137	0.00803	0.00688	0.00212	0.01166	0.00547	0.00418	0.01110
24	0.04581	0.15896	0.18358	0.05314	0.11591	0.08579	0.01991	0.02423	0.01750	0.02361	0.01610	0.02094	0.01361	0.02081	0.15973	0.00499	0.01391	0.00671	0.00406	0.01070

[dist]
# distance from previous block
# <min> <max>
8	68

[block]
# block no. 4 follows, 21 sequences, length 10
# corresponding to MSA columns:
# 157-166
name=unknown_E
#
# <colnr> <probs for GDERKNQSTAVLIFYWHMCP>
#	G	D	E	R	K	N	Q	S	T	A	V	L	I	F	Y	W	H	M	C	P
0	0.02581	0.12732	0.09620	0.02801	0.16682	0.32828	0.02007	0.02952	0.02082	0.02292	0.01373	0.01686	0.01152	0.00857	0.00874	0.00236	0.05123	0.00602	0.00412	0.01108
1	0.02256	0.02177	0.02197	0.07318	0.13093	0.16191	0.01603	0.03290	0.22651	0.06346	0.03230	0.03239	0.10483	0.01135	0.00858	0.00265	0.00927	0.00929	0.00658	0.01155
2	0.07087	0.17909	0.29500	0.02647	0.09815	0.02313	0.14023	0.02647	0.01814	0.02638	0.01475	0.01805	0.01140	0.00767	0.00774	0.00252	0.01149	0.00667	0.00392	0.01187
3	0.02245	0.03056	0.30856	0.03204	0.23753	0.01984	0.02586	0.09378	0.02159	0.10023	0.01813	0.02050	0.01324	0.00843	0.00830	0.00262	0.01080	0.00712	0.00512	0.01330
4	0.01790	0.01171	0.01481	0.01537	0.05724	0.01113	0.01141	0.02332	0.08537	0.13654	0.09923	0.06541	0.24239	0.01782	0.00995	0.00305	0.00629	0.15299	0.00830	0.00976
5	0.01887	0.01553	0.01570	0.01444	0.01768	0.06347	0.01083	0.17767	0.07986	0.03128	0.04185	0.25726	0.14043	0.06042	0.01167	0.00326	0.00716	0.01524	0.00770	0.00968
6	0.03081	0.03870	0.02507	0.02470	0.08319	0.60759	0.01733	0.03326	0.02368	0.02147	0.01342	0.01587	0.01119	0.00866	0.00774	0.00222	0.01487	0.00567	0.00437	0.01020
7	0.23322	0.29379	0.19681	0.01621	0.02428	0.02461	0.01741	0.02664	0.01707	0.06282	0.01398	0.01571	0.01097	0.00786	0.00628	0.00233	0.00920	0.00526	0.00448	0.01107
8	0.02291	0.10178	0.14740	0.01916	0.02550	0.20955	0.01751	0.03415	0.23017	0.02714	0.02552	0.02561	0.05713	0.01026	0.00801	0.00253	0.01048	0.00777	0.00584	0.01157
9	0.01700	0.01409	0.05555	0.01842	0.10787	0.01186	0.01328	0.04971	0.02113	0.09609	0.08136	0.06174	0.28897	0.01705	0.00974	0.00293	0.00681	0.10917	0.00748	0.00974

[dist]
# distance from previous block
# <min> <max>
0	9

[block]
# block no. 5 follows, 21 sequences, length 36
# corresponding to MSA columns:
# 176-211
name=unknown_F
#
# <colnr> <probs for GDERKNQSTAVLIFYWHMCP>
#	G	D	E	R	K	N	Q	S	T	A	V	L	I	F	Y	W	H	M	C	P
0	0.01847	0.03097	0.31996	0.03318	0.19178	0.01956	0.16347	0.02614	0.01919	0.02768	0.05450	0.02270	0.01623	0.00832	0.00874	0.00269	0.01183	0.00804	0.00427	0.01227
1	0.01976	0.02130	0.01719	0.01679	0.04737	0.23241	0.01212	0.02365	0.05874	0.02385	0.04045	0.10492	0.19834	0.01467	0.00879	0.00254	0.00894	0.04053	0.00623	0.10141
2	0.07070	0.12744	0.02304	0.01739	0.02192	0.39640	0.01361	0.02759	0.02155	0.02224	0.02840	0.02914	0.14534	0.01122	0.00772	0.00231	0.01157	0.00794	0.00508	0.00941
3	0.02133	0.01534	0.01765	0.01449	0.01918	0.01516	0.01131	0.22731	0.02638	0.06774	0.13661	0.13505	0.03377	0.05572	0.01084	0.00280	0.00691	0.01142	0.00775	0.16323
4	0.01693	0.02511	0.24260	0.02072	0.08086	0.01709	0.01919	0.02881	0.20742	0.02870	0.03905	0.03849	0.17430	0.01248	0.00879	0.00278	0.00849	0.01035	0.00629	0.01158
5	0.10418	0.20560	0.06106	0.02739	0.19739	0.22201	0.01858	0.02829	0.01970	0.02471	0.01356	0.01646	0.01146	0.00793	0.00707	0.00226	0.01119	0.00577	0.00420	0.01120
6	0.02213	0.16904	0.02543	0.02045	0.10457	0.22301	0.01443	0.05276	0.02142	0.02379	0.03486	0.03536	0.19571	0.01208	0.00804	0.00237	0.00982	0.00930	0.00542	0.01002
7	0.01316	0.00980	0.01165	0.01188	0.01389	0.00944	0.00876	0.07482	0.02049	0.02683	0.12653	0.30406	0.19714	0.06437	0.01243	0.00347	0.00559	0.06987	0.00797	0.00786
8	0.02362	0.01771	0.01950	0.01541	0.02065	0.01809	0.01204	0.32208	0.02782	0.03821	0.02193	0.06315	0.01968	0.15294	0.01532	0.00348	0.00818	0.00891	0.00698	0.18431
9	0.01804	0.03725	0.46174	0.02799	0.03929	0.02033	0.21973	0.02705	0.01865	0.02705	0.01590	0.01957	0.01147	0.00779	0.00871	0.00275	0.01315	0.00750	0.00382	0.01222
10	0.01707	0.04402	0.65683	0.02426	0.03683	0.01976	0.03144	0.02695	0.01797	0.02695	0.01527	0.01797	0.01078	0.00809	0.00809	0.00270	0.01258	0.00629	0.00359	0.01258
11	0.01303	0.00844	0.01029	0.01029	0.01114	0.00888	0.00692	0.01473	0.01388	0.02058	0.02584	0.04428	0.02625	0.37317	0.21763	0.00855	0.01161	0.01051	0.15757	0.00644
12	0.76103	0.01646	0.01251	0.01119	0.01646	0.01909	0.00922	0.02502	0.01448	0.03818	0.01185	0.01382	0.00922	0.00790	0.00527	0.00263	0.00658	0.00461	0.00527	0.00922
13	0.01216	0.00912	0.01368	0.01368	0.01520	0.01064	0.01064	0.01520	0.01368	0.01976	0.02279	0.03343	0.02127	0.06382	0.66720	0.01368	0.02279	0.00912	0.00456	0.00760
14	0.02107	0.02010	0.03359	0.05006	0.60880	0.02028	0.02533	0.02731	0.05763	0.02829	0.01717	0.02173	0.01426	0.00783	0.00844	0.00255	0.00990	0.00771	0.00449	0.01348
15	0.01221	0.00892	0.01266	0.01266	0.01383	0.01009	0.00938	0.01455	0.01338	0.01901	0.02372	0.03856	0.02350	0.21052	0.52355	0.01243	0.01945	0.00987	0.00470	0.00704
16	0.02065	0.46151	0.27074	0.01814	0.02738	0.02854	0.02080	0.02602	0.01754	0.02258	0.01310	0.01525	0.01087	0.00758	0.00643	0.00214	0.01038	0.00519	0.00362	0.01153
17	0.02106	0.02022	0.03454	0.05223	0.64784	0.02022	0.02612	0.02612	0.01938	0.02780	0.01601	0.02106	0.01348	0.00758	0.00842	0.00253	0.01011	0.00758	0.00421	0.01348
18	0.01862	0.01862	0.02607	0.02234	0.02234	0.02607	0.01862	0.02048	0.01303	0.02048	0.01117	0.01862	0.01117	0.01489	0.02793	0.00372	0.68535	0.00745	0.00372	0.00931
19	0.01707	0.04402	0.65683	0.02426	0.03683	0.01976	0.03144	0.02695	0.01797	0.02695	0.01527	0.01797	0.01078	0.00809	0.00809	0.00270	0.01258	0.00629	0.00359	0.01258
20	0.01765	0.01513	0.01765	0.01260	0.02017	0.01134	0.01008	0.02143	0.01765	0.02773	0.01513	0.01765	0.01260	0.00630	0.00630	0.00126	0.00630	0.00504	0.00504	0.75295
21	0.02117	0.01828	0.01924	0.01732	0.02213	0.02117	0.01347	0.04522	0.63246	0.03560	0.03464	0.03175	0.02598	0.01155	0.00866	0.00289	0.00673	0.00962	0.00866	0.01347
22	0.01371	0.00980	0.01371	0.01567	0.01763	0.00980	0.01371	0.01763	0.01959	0.02547	0.04506	0.09599	0.04898	0.02351	0.01175	0.00392	0.00784	0.59056	0.00784	0.00784
23	0.01238	0.00825	0.00928	0.00928	0.00928	0.00825	0.00516	0.01238	0.01238	0.01650	0.02681	0.05569	0.03094	0.70092	0.04331	0.00825	0.00825	0.01238	0.00516	0.00516
24	0.76103	0.01646	0.01251	0.01119	0.01646	0.01909	0.00922	0.02502	0.01448	0.03818	0.01185	0.01382	0.00922	0.00790	0.00527	0.00263	0.00658	0.00461	0.00527	0.00922
25	0.02275	0.70604	0.04459	0.01456	0.02184	0.03367	0.01456	0.02548	0.01729	0.02002	0.01183	0.01365	0.01092	0.00728	0.00546	0.00182	0.00910	0.00455	0.00364	0.01092
26	0.01478	0.00739	0.01109	0.01109	0.01109	0.00739	0.00739	0.01109	0.01109	0.01478	0.01478	0.02587	0.01478	0.02956	0.03326	0.75240	0.00739	0.00739	0.00370	0.00370
27	0.03387	0.02140	0.02403	0.01843	0.02518	0.02278	0.01522	0.46910	0.03594	0.20975	0.02385	0.02265	0.01619	0.01030	0.00852	0.00257	0.00881	0.00789	0.00904	0.01448
28	0.01862	0.01862	0.02607	0.02234	0.02234	0.02607	0.01862	0.02048	0.01303	0.02048	0.01117	0.01862	0.01117	0.01489	0.02793	0.00372	0.68535	0.00745	0.00372	0.00931
29	0.03112	0.03928	0.02477	0.02383	0.06532	0.62617	0.01705	0.03349	0.02382	0.02127	0.01333	0.01571	0.01112	0.00870	0.00772	0.00221	0.01502	0.00561	0.00437	0.01009
30	0.01586	0.00793	0.00793	0.00793	0.00991	0.00793	0.00595	0.01983	0.01785	0.03173	0.02776	0.03173	0.02181	0.00991	0.00595	0.00198	0.00397	0.00793	0.74817	0.00793
31	0.01607	0.01513	0.02552	0.68047	0.05861	0.01891	0.02363	0.02174	0.01702	0.02174	0.01513	0.02269	0.01134	0.00851	0.00851	0.00284	0.01134	0.00756	0.00378	0.00945
32	0.01204	0.00870	0.01138	0.01071	0.01271	0.00803	0.00803	0.01606	0.02409	0.03413	0.64335	0.06357	0.08030	0.01740	0.01004	0.00268	0.00401	0.01539	0.00937	0.00803
33	0.02117	0.01828	0.01924	0.01732	0.02213	0.02117	0.01347	0.04522	0.63246	0.03560	0.03464	0.03175	0.02598	0.01155	0.00866	0.00289	0.00673	0.00962	0.00866	0.01347
34	0.02275	0.70604	0.04459	0.01456	0.02184	0.03367	0.01456	0.02548	0.01729	0.02002	0.01183	0.01365	0.01092	0.00728	0.00546	0.00182	0.00910	0.00455	0.00364	0.01092
35	0.01238	0.00825	0.00928	0.00928	0.00928	0.00825	0.00516	0.01238	0.01238	0.01650	0.02681	0.05569	0.03094	0.70092	0.04331	0.00825	0.00825	0.01238	0.00516	0.00516

[dist]
# distance from previous block
# <min> <max>
0	0

# created by:
# /home/cegg/simao/soft/augustus-3.2.1/scripts/msa2prfl.pl ./align_prep/14053.fa
