[name]
unknown

[dist]
# distance from previous block
# <min> <max>
0	88

[block]
# block no. 0 follows, 22 sequences, length 6
# corresponding to MSA columns:
# 88-93
name=unknown_A
#
# <colnr> <probs for GDERKNQSTAVLIFYWHMCP>
#	G	D	E	R	K	N	Q	S	T	A	V	L	I	F	Y	W	H	M	C	P
0	0.01739	0.01719	0.01522	0.01576	0.01844	0.18220	0.01292	0.02050	0.02024	0.02329	0.04245	0.07098	0.13705	0.01889	0.01017	0.00322	0.00899	0.35025	0.00678	0.00806
1	0.02392	0.16307	0.02418	0.01699	0.02128	0.25463	0.01347	0.13391	0.02304	0.02621	0.02244	0.19446	0.02283	0.01307	0.00802	0.00245	0.01006	0.01031	0.00576	0.00990
2	0.02204	0.01875	0.02740	0.03584	0.38641	0.01940	0.01963	0.18020	0.02304	0.03190	0.01847	0.02593	0.01620	0.12259	0.01381	0.00339	0.00938	0.00819	0.00536	0.01208
3	0.01187	0.00866	0.01211	0.01194	0.01332	0.00936	0.00890	0.01463	0.01580	0.02245	0.18666	0.04363	0.03721	0.14973	0.40478	0.00974	0.01530	0.01098	0.00576	0.00716
4	0.02018	0.01256	0.01806	0.02165	0.17936	0.01178	0.01277	0.02281	0.01845	0.18870	0.03638	0.14837	0.11320	0.14020	0.01505	0.00370	0.00721	0.01255	0.00697	0.01004
5	0.01057	0.00786	0.00907	0.00981	0.01093	0.00720	0.00649	0.01183	0.01584	0.02018	0.05303	0.31267	0.24699	0.21657	0.01927	0.00450	0.00553	0.01834	0.00696	0.00635

[dist]
# distance from previous block
# <min> <max>
0	1

[block]
# block no. 1 follows, 22 sequences, length 105
# corresponding to MSA columns:
# 95-199
name=unknown_B
#
# <colnr> <probs for GDERKNQSTAVLIFYWHMCP>
#	G	D	E	R	K	N	Q	S	T	A	V	L	I	F	Y	W	H	M	C	P
0	0.02980	0.02206	0.02380	0.01840	0.02479	0.02409	0.01509	0.56732	0.03681	0.04954	0.02092	0.05273	0.01600	0.01055	0.00831	0.00247	0.00878	0.00813	0.00811	0.05232
1	0.02143	0.01936	0.03225	0.04747	0.59275	0.01939	0.02421	0.02717	0.04918	0.06037	0.01739	0.02146	0.01413	0.00774	0.00824	0.00249	0.00957	0.00755	0.00464	0.01321
2	0.01689	0.03392	0.43217	0.02526	0.03540	0.01858	0.18981	0.02496	0.01789	0.02568	0.01935	0.02378	0.04308	0.04453	0.01028	0.00297	0.01214	0.00799	0.00398	0.01136
3	0.01572	0.01468	0.02463	0.62228	0.08379	0.01797	0.02240	0.02114	0.01708	0.02214	0.04778	0.02414	0.01466	0.00871	0.00838	0.00275	0.01065	0.00778	0.00399	0.00935
4	0.01569	0.01477	0.02492	0.68808	0.05722	0.01846	0.02307	0.02123	0.01661	0.02123	0.01477	0.02215	0.01107	0.00831	0.00831	0.00277	0.01107	0.00738	0.00369	0.00923
5	0.02630	0.01658	0.02096	0.15307	0.02885	0.01776	0.01506	0.22194	0.07214	0.20617	0.02675	0.11174	0.02137	0.01189	0.00863	0.00271	0.00822	0.00993	0.00784	0.01211
6	0.01666	0.04297	0.66500	0.02368	0.03596	0.01929	0.03069	0.02631	0.01754	0.02631	0.01491	0.01754	0.01052	0.00789	0.00789	0.00263	0.01228	0.00614	0.00351	0.01228
7	0.00982	0.00842	0.00842	0.00842	0.01122	0.00701	0.00631	0.01192	0.01894	0.02244	0.08416	0.07995	0.65285	0.02104	0.00982	0.00281	0.00421	0.01753	0.00771	0.00701
8	0.01688	0.04169	0.63014	0.02519	0.07021	0.01932	0.03041	0.02626	0.01762	0.02635	0.01495	0.01771	0.01067	0.00787	0.00791	0.00262	0.01214	0.00621	0.00354	0.01233
9	0.02634	0.01918	0.02067	0.01641	0.02128	0.02101	0.01290	0.46293	0.03181	0.04262	0.02162	0.02919	0.01845	0.19749	0.01744	0.00399	0.00885	0.00872	0.00743	0.01168
10	0.00982	0.00842	0.00842	0.00842	0.01122	0.00701	0.00631	0.01192	0.01894	0.02244	0.08416	0.07995	0.65285	0.02104	0.00982	0.00281	0.00421	0.01753	0.00771	0.00701
11	0.01207	0.00811	0.00934	0.00934	0.00944	0.00821	0.00538	0.01226	0.01216	0.01631	0.02592	0.05295	0.02959	0.66612	0.08337	0.00840	0.00898	0.01187	0.00500	0.00519
12	0.02761	0.03311	0.02687	0.03107	0.23167	0.46073	0.01914	0.03066	0.02203	0.02256	0.01375	0.01680	0.01150	0.00818	0.00773	0.00225	0.01331	0.00602	0.00423	0.01078
13	0.01666	0.04297	0.66500	0.02368	0.03596	0.01929	0.03069	0.02631	0.01754	0.02631	0.01491	0.01754	0.01052	0.00789	0.00789	0.00263	0.01228	0.00614	0.00351	0.01228
14	0.01202	0.00828	0.01023	0.01023	0.01063	0.00869	0.00649	0.01283	0.01243	0.01697	0.02511	0.04847	0.02764	0.53275	0.21408	0.00949	0.01191	0.01122	0.00488	0.00568
15	0.02606	0.41954	0.03482	0.01735	0.02322	0.31259	0.01502	0.02849	0.01978	0.01989	0.01211	0.01405	0.01068	0.00774	0.00627	0.00194	0.01154	0.00484	0.00387	0.01021
16	0.02059	0.01922	0.02967	0.04174	0.48395	0.01999	0.02214	0.03056	0.18785	0.02921	0.02056	0.02339	0.01647	0.00845	0.00829	0.00256	0.00897	0.00794	0.00529	0.01316
17	0.07109	0.08202	0.02421	0.02036	0.02487	0.59679	0.01554	0.03215	0.02259	0.02122	0.01269	0.01479	0.01060	0.00842	0.00722	0.00214	0.01411	0.00524	0.00428	0.00966
18	0.02056	0.01974	0.03372	0.05099	0.65622	0.01974	0.02550	0.02550	0.01892	0.02714	0.01563	0.02056	0.01316	0.00740	0.00822	0.00247	0.00987	0.00740	0.00411	0.01316
19	0.02726	0.18163	0.02968	0.02513	0.13729	0.41904	0.01734	0.03001	0.02128	0.02138	0.01306	0.01562	0.01113	0.00804	0.00715	0.00212	0.01275	0.00552	0.00409	0.01048
20	0.76672	0.01607	0.01221	0.01092	0.01607	0.01864	0.00900	0.02442	0.01414	0.03727	0.01157	0.01350	0.00900	0.00771	0.00514	0.00257	0.00643	0.00450	0.00514	0.00900
21	0.01057	0.00757	0.01004	0.01126	0.01215	0.00704	0.00775	0.01268	0.01797	0.02449	0.21031	0.52873	0.06131	0.02357	0.01038	0.00317	0.00458	0.02128	0.00810	0.00704
22	0.02564	0.45846	0.03648	0.01626	0.02296	0.09512	0.01483	0.18957	0.02357	0.02853	0.01396	0.01529	0.01161	0.00803	0.00636	0.00201	0.00956	0.00536	0.00492	0.01150
23	0.76672	0.01607	0.01221	0.01092	0.01607	0.01864	0.00900	0.02442	0.01414	0.03727	0.01157	0.01350	0.00900	0.00771	0.00514	0.00257	0.00643	0.00450	0.00514	0.00900
24	0.02123	0.03251	0.26873	0.03471	0.29483	0.15299	0.02552	0.02736	0.01934	0.02544	0.01479	0.01829	0.01167	0.00782	0.00795	0.00246	0.01182	0.00651	0.00392	0.01211
25	0.01954	0.02337	0.10434	0.03833	0.23992	0.02067	0.33849	0.02585	0.01880	0.02639	0.01591	0.02109	0.01248	0.00764	0.01007	0.00272	0.04998	0.00852	0.00407	0.01183
26	0.01025	0.00741	0.00971	0.01130	0.01204	0.00686	0.00765	0.01196	0.01675	0.02237	0.10284	0.61184	0.08838	0.02494	0.01049	0.00327	0.00471	0.02252	0.00784	0.00686
27	0.01004	0.00756	0.00930	0.01068	0.01182	0.00682	0.00732	0.01167	0.01676	0.02155	0.05659	0.52739	0.22321	0.02462	0.01038	0.00321	0.00465	0.02190	0.00771	0.00682
28	0.01294	0.01048	0.01541	0.01479	0.01602	0.01294	0.01171	0.01571	0.01324	0.01941	0.02032	0.03018	0.01909	0.05419	0.56504	0.01170	0.13620	0.00862	0.00431	0.00770
29	0.01028	0.00741	0.00977	0.01160	0.01228	0.00691	0.00794	0.01188	0.01623	0.02146	0.04768	0.63852	0.08551	0.02561	0.01061	0.00337	0.00494	0.05349	0.00771	0.00681
30	0.01012	0.00723	0.00964	0.01157	0.01205	0.00675	0.00771	0.01157	0.01591	0.02121	0.04579	0.70262	0.05495	0.02603	0.01060	0.00337	0.00482	0.02362	0.00771	0.00675
31	0.01899	0.01813	0.03087	0.25690	0.46262	0.01932	0.02471	0.02412	0.01817	0.02523	0.01535	0.02107	0.01249	0.00769	0.00825	0.00256	0.01026	0.00740	0.00398	0.01189
32	0.03158	0.02327	0.02493	0.01911	0.02576	0.02576	0.01579	0.62852	0.03906	0.05236	0.01995	0.01995	0.01413	0.00997	0.00831	0.00249	0.00914	0.00748	0.00831	0.01413
33	0.01003	0.00810	0.00892	0.00940	0.01152	0.00699	0.00679	0.01207	0.01841	0.02281	0.11060	0.24782	0.45324	0.02213	0.01003	0.00295	0.00436	0.01902	0.00781	0.00699
34	0.76672	0.01607	0.01221	0.01092	0.01607	0.01864	0.00900	0.02442	0.01414	0.03727	0.01157	0.01350	0.00900	0.00771	0.00514	0.00257	0.00643	0.00450	0.00514	0.00900
35	0.01026	0.00843	0.00903	0.00888	0.01149	0.00720	0.00666	0.01278	0.01998	0.02493	0.21401	0.07586	0.52145	0.02011	0.00981	0.00276	0.00414	0.01696	0.00804	0.00720
36	0.01190	0.00876	0.01263	0.01263	0.01386	0.00999	0.00948	0.01437	0.01314	0.01875	0.02292	0.03631	0.02236	0.17145	0.56816	0.01246	0.01985	0.00944	0.00455	0.00701
37	0.01012	0.00723	0.00964	0.01157	0.01205	0.00675	0.00771	0.01157	0.01591	0.02121	0.04579	0.70262	0.05495	0.02603	0.01060	0.00337	0.00482	0.02362	0.00771	0.00675
38	0.03103	0.03959	0.02354	0.02140	0.02568	0.67469	0.01605	0.03317	0.02354	0.02033	0.01284	0.01498	0.01070	0.00856	0.00749	0.00214	0.01498	0.00535	0.00428	0.00963
39	0.02151	0.02154	0.03279	0.04830	0.59892	0.07926	0.02464	0.02619	0.01934	0.02652	0.01537	0.02005	0.01294	0.00751	0.00816	0.00244	0.01033	0.00722	0.00413	0.01284
40	0.02512	0.36098	0.03261	0.01693	0.02291	0.18634	0.01466	0.09529	0.12290	0.02577	0.01641	0.01733	0.01345	0.00845	0.00669	0.00211	0.01002	0.00580	0.00505	0.01119
41	0.01666	0.04297	0.66500	0.02368	0.03596	0.01929	0.03069	0.02631	0.01754	0.02631	0.01491	0.01754	0.01052	0.00789	0.00789	0.00263	0.01228	0.00614	0.00351	0.01228
42	0.03098	0.02297	0.02459	0.01899	0.02553	0.02548	0.01564	0.59625	0.07231	0.05138	0.02071	0.02056	0.01475	0.01004	0.00832	0.00251	0.00900	0.00759	0.00832	0.01407
43	0.02764	0.09691	0.24072	0.01788	0.02625	0.01731	0.01875	0.03429	0.06103	0.33884	0.02457	0.02326	0.01644	0.00921	0.00789	0.00252	0.00899	0.00726	0.00717	0.01308
44	0.02919	0.01447	0.01821	0.01449	0.01975	0.01378	0.01175	0.15354	0.02682	0.36714	0.19822	0.03575	0.03495	0.01204	0.00874	0.00257	0.00664	0.00999	0.00957	0.01243
45	0.01004	0.00755	0.00931	0.01071	0.01182	0.00682	0.00733	0.01166	0.01673	0.02154	0.05620	0.53359	0.21726	0.02467	0.01039	0.00322	0.00465	0.02197	0.00771	0.00682
46	0.01012	0.00723	0.00964	0.01157	0.01205	0.00675	0.00771	0.01157	0.01591	0.02121	0.04579	0.70262	0.05495	0.02603	0.01060	0.00337	0.00482	0.02362	0.00771	0.00675
47	0.01892	0.31606	0.41172	0.01982	0.02999	0.02483	0.02398	0.02572	0.01727	0.02355	0.01354	0.01582	0.01058	0.00757	0.00685	0.00228	0.01089	0.00545	0.00353	0.01162
48	0.01817	0.22487	0.49629	0.02111	0.03198	0.02298	0.02622	0.02592	0.01736	0.02447	0.01400	0.01640	0.01056	0.00768	0.00720	0.00240	0.01136	0.00568	0.00352	0.01184
49	0.01450	0.00806	0.00927	0.00927	0.01108	0.00846	0.00705	0.01813	0.01632	0.02780	0.02578	0.03142	0.02115	0.02396	0.18750	0.00503	0.00886	0.00806	0.55064	0.00765
50	0.01800	0.01713	0.02910	0.38536	0.34184	0.01907	0.02422	0.02325	0.01771	0.02404	0.01517	0.02139	0.01206	0.00788	0.00827	0.00263	0.01050	0.00739	0.00389	0.01110
51	0.01623	0.01412	0.01852	0.02257	0.18931	0.01427	0.01359	0.05434	0.14691	0.02852	0.09220	0.08202	0.24428	0.01473	0.00907	0.00272	0.00649	0.01274	0.00702	0.01035
52	0.02812	0.03475	0.02397	0.02149	0.02481	0.52784	0.01653	0.03019	0.02109	0.02026	0.01240	0.01570	0.01075	0.00991	0.01196	0.00248	0.16831	0.00578	0.00413	0.00951
53	0.76672	0.01607	0.01221	0.01092	0.01607	0.01864	0.00900	0.02442	0.01414	0.03727	0.01157	0.01350	0.00900	0.00771	0.00514	0.00257	0.00643	0.00450	0.00514	0.00900
54	0.03035	0.03830	0.02420	0.02332	0.06662	0.63217	0.01666	0.03267	0.02324	0.02077	0.01302	0.01534	0.01086	0.00849	0.00754	0.00216	0.01465	0.00548	0.00427	0.00986
55	0.01017	0.00746	0.00956	0.01109	0.01196	0.00684	0.00753	0.01184	0.01673	0.02204	0.08438	0.58418	0.13600	0.02486	0.01045	0.00326	0.00469	0.02233	0.00779	0.00684
56	0.03103	0.03959	0.02354	0.02140	0.02568	0.67469	0.01605	0.03317	0.02354	0.02033	0.01284	0.01498	0.01070	0.00856	0.00749	0.00214	0.01498	0.00535	0.00428	0.00963
57	0.01012	0.00723	0.00964	0.01157	0.01205	0.00675	0.00771	0.01157	0.01591	0.02121	0.04579	0.70262	0.05495	0.02603	0.01060	0.00337	0.00482	0.02362	0.00771	0.00675
58	0.03061	0.07888	0.02522	0.02031	0.02542	0.45686	0.01586	0.19425	0.02732	0.02897	0.01469	0.01622	0.01163	0.00885	0.00757	0.00221	0.01300	0.00587	0.00533	0.01092
59	0.02713	0.04051	0.19768	0.02202	0.02847	0.49677	0.02003	0.03131	0.02191	0.02195	0.01340	0.01568	0.01065	0.00838	0.00760	0.00227	0.01425	0.00556	0.00407	0.01035
60	0.01208	0.00805	0.00906	0.00906	0.00906	0.00805	0.00503	0.01208	0.01208	0.01611	0.02618	0.05436	0.03020	0.70804	0.04228	0.00805	0.00805	0.01208	0.00503	0.00503
61	0.01193	0.00867	0.01219	0.01219	0.01327	0.00975	0.00893	0.01409	0.01301	0.01842	0.02332	0.03853	0.02333	0.23760	0.50333	0.01191	0.01840	0.00976	0.00461	0.00677
62	0.03145	0.02233	0.19480	0.01737	0.02539	0.01468	0.01737	0.06033	0.02270	0.46485	0.02741	0.02503	0.01758	0.00962	0.00823	0.00258	0.00857	0.00772	0.00836	0.01363
63	0.00996	0.00785	0.00900	0.00991	0.01161	0.00689	0.00698	0.01175	0.01750	0.02186	0.06593	0.37582	0.36875	0.02341	0.01019	0.00308	0.00450	0.02042	0.00771	0.00689
64	0.01288	0.00940	0.01269	0.01433	0.01637	0.00920	0.01239	0.01647	0.01910	0.02452	0.04964	0.09177	0.13298	0.02268	0.01124	0.00368	0.00717	0.51827	0.00766	0.00756
65	0.01987	0.02168	0.04487	0.03935	0.20977	0.02066	0.46302	0.02631	0.01942	0.02675	0.01649	0.02191	0.01276	0.00711	0.00938	0.00271	0.01288	0.00915	0.00418	0.01174
66	0.01931	0.03487	0.43086	0.02606	0.03668	0.01973	0.19058	0.05865	0.01955	0.06065	0.01661	0.01954	0.01180	0.00788	0.00846	0.00267	0.01231	0.00732	0.00430	0.01218
67	0.01202	0.00828	0.01023	0.01023	0.01063	0.00869	0.00649	0.01283	0.01243	0.01697	0.02511	0.04847	0.02764	0.53275	0.21408	0.00949	0.01191	0.01122	0.00488	0.00568
68	0.01187	0.00890	0.01335	0.01335	0.01483	0.01038	0.01038	0.01483	0.01335	0.01928	0.02225	0.03264	0.02077	0.06231	0.67512	0.01335	0.02225	0.00890	0.00445	0.00742
69	0.01193	0.00867	0.01219	0.01219	0.01327	0.00975	0.00893	0.01409	0.01301	0.01842	0.02332	0.03853	0.02333	0.23760	0.50333	0.01191	0.01840	0.00976	0.00461	0.00677
70	0.02221	0.71304	0.04353	0.01421	0.02132	0.03287	0.01421	0.02488	0.01688	0.01955	0.01155	0.01333	0.01066	0.00711	0.00533	0.00178	0.00888	0.00444	0.00355	0.01066
71	0.01666	0.04297	0.66500	0.02368	0.03596	0.01929	0.03069	0.02631	0.01754	0.02631	0.01491	0.01754	0.01052	0.00789	0.00789	0.00263	0.01228	0.00614	0.00351	0.01228
72	0.03103	0.03959	0.02354	0.02140	0.02568	0.67469	0.01605	0.03317	0.02354	0.02033	0.01284	0.01498	0.01070	0.00856	0.00749	0.00214	0.01498	0.00535	0.00428	0.00963
73	0.00982	0.00842	0.00842	0.00842	0.01122	0.00701	0.00631	0.01192	0.01894	0.02244	0.08416	0.07995	0.65285	0.02104	0.00982	0.00281	0.00421	0.01753	0.00771	0.00701
74	0.51575	0.02324	0.18988	0.01464	0.02180	0.01840	0.01510	0.02598	0.01569	0.07485	0.01385	0.01555	0.01016	0.00793	0.00610	0.00259	0.00806	0.00519	0.00503	0.01022
75	0.02233	0.02357	0.03041	0.09038	0.44028	0.16154	0.02287	0.02653	0.01940	0.02483	0.01470	0.01934	0.01235	0.00811	0.00912	0.00248	0.04882	0.00695	0.00409	0.01188
76	0.01090	0.00778	0.01053	0.01245	0.01328	0.00742	0.00906	0.01291	0.01667	0.02208	0.04536	0.55785	0.05325	0.02529	0.01081	0.00348	0.00549	0.16073	0.00770	0.00696
77	0.01012	0.00723	0.00964	0.01157	0.01205	0.00675	0.00771	0.01157	0.01591	0.02121	0.04579	0.70262	0.05495	0.02603	0.01060	0.00337	0.00482	0.02362	0.00771	0.00675
78	0.01060	0.00768	0.01065	0.01205	0.01281	0.00773	0.00844	0.01245	0.01521	0.02069	0.03940	0.52074	0.04567	0.03587	0.19100	0.00608	0.00955	0.01962	0.00683	0.00693
79	0.01780	0.01496	0.01630	0.01546	0.01901	0.01689	0.01167	0.03530	0.47146	0.03107	0.03706	0.21332	0.03339	0.01528	0.00904	0.00297	0.00610	0.01325	0.00825	0.01141
80	0.03231	0.02210	0.02421	0.01856	0.02518	0.02403	0.01533	0.55334	0.03711	0.13030	0.02159	0.02101	0.01495	0.01001	0.00832	0.00250	0.00888	0.00759	0.00856	0.01413
81	0.01012	0.00723	0.00964	0.01157	0.01205	0.00675	0.00771	0.01157	0.01591	0.02121	0.04579	0.70262	0.05495	0.02603	0.01060	0.00337	0.00482	0.02362	0.00771	0.00675
82	0.01971	0.02213	0.04743	0.03668	0.10721	0.02088	0.56353	0.02649	0.01954	0.02667	0.01668	0.02222	0.01266	0.00704	0.00964	0.00277	0.01358	0.00955	0.00419	0.01141
83	0.03573	0.01662	0.02081	0.01596	0.02244	0.01589	0.01318	0.20012	0.02793	0.49649	0.02929	0.02601	0.01882	0.01020	0.00834	0.00255	0.00763	0.00812	0.00975	0.01414
84	0.01646	0.01566	0.02216	0.01951	0.01992	0.02136	0.01606	0.01859	0.01289	0.01980	0.01399	0.02210	0.01358	0.02751	0.20313	0.00627	0.51080	0.00771	0.00386	0.00863
85	0.02517	0.01684	0.01892	0.01633	0.02149	0.01837	0.01289	0.04315	0.47360	0.20502	0.03353	0.03026	0.02406	0.01100	0.00843	0.00275	0.00671	0.00911	0.00895	0.01342
86	0.02014	0.02194	0.03234	0.30937	0.12438	0.13740	0.18581	0.02538	0.01897	0.02328	0.01508	0.02073	0.01169	0.00788	0.00856	0.00263	0.01242	0.00768	0.00399	0.01034
87	0.01666	0.04297	0.66500	0.02368	0.03596	0.01929	0.03069	0.02631	0.01754	0.02631	0.01491	0.01754	0.01052	0.00789	0.00789	0.00263	0.01228	0.00614	0.00351	0.01228
88	0.17821	0.02454	0.02441	0.02662	0.19492	0.16980	0.01710	0.20679	0.02500	0.03518	0.01546	0.01767	0.01204	0.00849	0.00746	0.00242	0.01011	0.00637	0.00561	0.01180
89	0.03366	0.01909	0.02224	0.01714	0.02362	0.01966	0.01413	0.35046	0.05445	0.31778	0.02605	0.02399	0.01735	0.01016	0.00833	0.00254	0.00814	0.00793	0.00918	0.01410
90	0.02056	0.01974	0.03372	0.05099	0.65622	0.01974	0.02550	0.02550	0.01892	0.02714	0.01563	0.02056	0.01316	0.00740	0.00822	0.00247	0.00987	0.00740	0.00411	0.01316
91	0.02180	0.01841	0.01942	0.01714	0.02204	0.02119	0.01342	0.10498	0.57853	0.03658	0.03237	0.02984	0.02419	0.01114	0.00844	0.00278	0.00684	0.00919	0.00844	0.01325
92	0.00982	0.00842	0.00842	0.00842	0.01122	0.00701	0.00631	0.01192	0.01894	0.02244	0.08416	0.07995	0.65285	0.02104	0.00982	0.00281	0.00421	0.01753	0.00771	0.00701
93	0.02532	0.02467	0.02112	0.01850	0.02341	0.19907	0.01438	0.13994	0.37176	0.03381	0.02578	0.02478	0.01948	0.01032	0.00817	0.00258	0.00929	0.00797	0.00730	0.01236
94	0.01115	0.00844	0.00958	0.01012	0.01147	0.00797	0.00680	0.01363	0.05038	0.02094	0.05235	0.27959	0.24391	0.21323	0.01904	0.00446	0.00561	0.01761	0.00701	0.00671
95	0.06281	0.02329	0.02309	0.01851	0.02447	0.19530	0.05361	0.14191	0.02578	0.31256	0.02318	0.02220	0.01575	0.00944	0.00808	0.00245	0.01001	0.00732	0.00770	0.01251
96	0.01910	0.02846	0.27081	0.04073	0.42327	0.01957	0.02745	0.02580	0.01840	0.02683	0.01536	0.01943	0.01217	0.00759	0.00810	0.00253	0.01077	0.00693	0.00389	0.01283
97	0.01065	0.00745	0.00948	0.01089	0.01124	0.00710	0.00698	0.01171	0.01487	0.01982	0.04046	0.52664	0.04823	0.21117	0.01920	0.00464	0.00570	0.02049	0.00698	0.00628
98	0.02056	0.01974	0.03372	0.05099	0.65622	0.01974	0.02550	0.02550	0.01892	0.02714	0.01563	0.02056	0.01316	0.00740	0.00822	0.00247	0.00987	0.00740	0.00411	0.01316
99	0.02723	0.03155	0.02341	0.02073	0.02420	0.43218	0.01609	0.09089	0.02228	0.02351	0.01379	0.01729	0.01175	0.01341	0.05495	0.00321	0.15293	0.00619	0.00458	0.00984
100	0.01057	0.00757	0.01004	0.01126	0.01215	0.00704	0.00775	0.01268	0.01797	0.02449	0.21031	0.52873	0.06131	0.02357	0.01038	0.00317	0.00458	0.02128	0.00810	0.00704
101	0.01012	0.00723	0.00964	0.01157	0.01205	0.00675	0.00771	0.01157	0.01591	0.02121	0.04579	0.70262	0.05495	0.02603	0.01060	0.00337	0.00482	0.02362	0.00771	0.00675
102	0.01232	0.00880	0.01216	0.01408	0.01553	0.00864	0.01153	0.01537	0.01807	0.02367	0.04457	0.29263	0.05014	0.02395	0.01119	0.00368	0.00673	0.41191	0.00767	0.00735
103	0.02066	0.01785	0.01878	0.01691	0.02160	0.02066	0.01315	0.04414	0.64121	0.03475	0.03381	0.03099	0.02536	0.01127	0.00845	0.00282	0.00657	0.00939	0.00845	0.01315
104	0.01012	0.00723	0.00964	0.01157	0.01205	0.00675	0.00771	0.01157	0.01591	0.02121	0.04579	0.70262	0.05495	0.02603	0.01060	0.00337	0.00482	0.02362	0.00771	0.00675

[dist]
# distance from previous block
# <min> <max>
0	15

[block]
# block no. 2 follows, 22 sequences, length 35
# corresponding to MSA columns:
# 215-249
name=unknown_C
#
# <colnr> <probs for GDERKNQSTAVLIFYWHMCP>
#	G	D	E	R	K	N	Q	S	T	A	V	L	I	F	Y	W	H	M	C	P
0	0.76672	0.01607	0.01221	0.01092	0.01607	0.01864	0.00900	0.02442	0.01414	0.03727	0.01157	0.01350	0.00900	0.00771	0.00514	0.00257	0.00643	0.00450	0.00514	0.00900
1	0.02195	0.01815	0.01932	0.01685	0.02169	0.02067	0.01324	0.14362	0.49432	0.03771	0.07380	0.03121	0.02705	0.01144	0.00852	0.00275	0.00684	0.00945	0.00848	0.01295
2	0.66202	0.01615	0.01316	0.01168	0.01683	0.01855	0.00954	0.02705	0.07544	0.06466	0.01467	0.01585	0.01110	0.00817	0.00560	0.00259	0.00647	0.00514	0.00569	0.00963
3	0.01118	0.00847	0.01031	0.00985	0.01206	0.00759	0.00739	0.01457	0.02216	0.03010	0.48407	0.06734	0.24816	0.01818	0.00980	0.00267	0.00400	0.01577	0.00872	0.00759
4	0.01872	0.01785	0.03039	0.29231	0.42932	0.01925	0.02458	0.02388	0.01804	0.02490	0.01530	0.02116	0.01237	0.00774	0.00826	0.00258	0.01033	0.00739	0.00395	0.01167
5	0.01012	0.00723	0.00964	0.01157	0.01205	0.00675	0.00771	0.01157	0.01591	0.02121	0.04579	0.70262	0.05495	0.02603	0.01060	0.00337	0.00482	0.02362	0.00771	0.00675
6	0.02066	0.01785	0.01878	0.01691	0.02160	0.02066	0.01315	0.04414	0.64121	0.03475	0.03381	0.03099	0.02536	0.01127	0.00845	0.00282	0.00657	0.00939	0.00845	0.01315
7	0.01666	0.04297	0.66500	0.02368	0.03596	0.01929	0.03069	0.02631	0.01754	0.02631	0.01491	0.01754	0.01052	0.00789	0.00789	0.00263	0.01228	0.00614	0.00351	0.01228
8	0.02087	0.55077	0.19403	0.01651	0.02487	0.02958	0.01821	0.02522	0.01704	0.02118	0.01236	0.01435	0.01063	0.00730	0.00595	0.00198	0.00971	0.00485	0.00354	0.01105
9	0.01666	0.04297	0.66500	0.02368	0.03596	0.01929	0.03069	0.02631	0.01754	0.02631	0.01491	0.01754	0.01052	0.00789	0.00789	0.00263	0.01228	0.00614	0.00351	0.01228
10	0.01116	0.00847	0.01028	0.00983	0.01205	0.00758	0.00737	0.01452	0.02211	0.02997	0.47730	0.06756	0.25501	0.01823	0.00980	0.00267	0.00401	0.01580	0.00871	0.00758
11	0.02221	0.71304	0.04353	0.01421	0.02132	0.03287	0.01421	0.02488	0.01688	0.01955	0.01155	0.01333	0.01066	0.00711	0.00533	0.00178	0.00888	0.00444	0.00355	0.01066
12	0.03608	0.01606	0.02047	0.01569	0.02217	0.01506	0.01296	0.16420	0.02699	0.53372	0.03008	0.02652	0.01921	0.01022	0.00835	0.00255	0.00750	0.00817	0.00987	0.01414
13	0.01208	0.00805	0.00906	0.00906	0.00906	0.00805	0.00503	0.01208	0.01208	0.01611	0.02618	0.05436	0.03020	0.70804	0.04228	0.00805	0.00805	0.01208	0.00503	0.00503
14	0.01012	0.00723	0.00964	0.01157	0.01205	0.00675	0.00771	0.01157	0.01591	0.02121	0.04579	0.70262	0.05495	0.02603	0.01060	0.00337	0.00482	0.02362	0.00771	0.00675
15	0.03031	0.03823	0.02424	0.02343	0.06894	0.62976	0.01670	0.03265	0.02322	0.02080	0.01303	0.01536	0.01087	0.00848	0.00754	0.00216	0.01463	0.00549	0.00427	0.00987
16	0.01116	0.00832	0.01037	0.01016	0.01212	0.00753	0.00750	0.01440	0.02164	0.02958	0.46020	0.14287	0.19570	0.01892	0.00990	0.00274	0.00409	0.01658	0.00867	0.00753
17	0.01666	0.04297	0.66500	0.02368	0.03596	0.01929	0.03069	0.02631	0.01754	0.02631	0.01491	0.01754	0.01052	0.00789	0.00789	0.00263	0.01228	0.00614	0.00351	0.01228
18	0.01189	0.00797	0.00912	0.00930	0.00935	0.00793	0.00529	0.01203	0.01245	0.01660	0.02808	0.11730	0.03260	0.64183	0.03921	0.00760	0.00774	0.01320	0.00529	0.00520
19	0.03008	0.03600	0.02317	0.02070	0.02512	0.56129	0.01572	0.10383	0.02487	0.02413	0.01420	0.01652	0.01165	0.01159	0.04309	0.00278	0.01467	0.00580	0.00477	0.01005
20	0.15645	0.01775	0.06359	0.01646	0.02150	0.01761	0.01429	0.03285	0.09364	0.29941	0.02339	0.02318	0.01641	0.01069	0.01175	0.00283	0.15153	0.00743	0.00731	0.01194
21	0.02234	0.02562	0.01846	0.01715	0.02026	0.37352	0.01295	0.02505	0.02107	0.02281	0.14955	0.02916	0.02738	0.02335	0.16966	0.00495	0.01441	0.00825	0.00534	0.00872
22	0.02126	0.02107	0.03304	0.04901	0.61400	0.06360	0.02486	0.02601	0.01923	0.02668	0.01544	0.02019	0.01299	0.00748	0.00818	0.00245	0.01021	0.00726	0.00412	0.01292
23	0.03110	0.03763	0.02371	0.02113	0.02569	0.59661	0.01602	0.10481	0.02541	0.02418	0.01370	0.01558	0.01111	0.00873	0.00759	0.00218	0.01428	0.00561	0.00477	0.01017
24	0.01900	0.01774	0.03026	0.04263	0.48920	0.01767	0.05488	0.02381	0.01900	0.02663	0.02166	0.03605	0.02042	0.01065	0.00899	0.00277	0.00962	0.13226	0.00486	0.01190
25	0.01916	0.34475	0.38511	0.01942	0.02937	0.02541	0.02327	0.02566	0.01724	0.02326	0.01340	0.01564	0.01059	0.00754	0.00674	0.00225	0.01075	0.00537	0.00353	0.01155
26	0.01000	0.00842	0.00866	0.00860	0.01133	0.00709	0.00645	0.01227	0.01936	0.02344	0.13618	0.07831	0.60020	0.02067	0.00982	0.00279	0.00418	0.01730	0.00785	0.00709
27	0.03158	0.02327	0.02493	0.01911	0.02576	0.02576	0.01579	0.62852	0.03906	0.05236	0.01995	0.01995	0.01413	0.00997	0.00831	0.00249	0.00914	0.00748	0.00831	0.01413
28	0.01208	0.00805	0.00906	0.00906	0.00906	0.00805	0.00503	0.01208	0.01208	0.01611	0.02618	0.05436	0.03020	0.70804	0.04228	0.00805	0.00805	0.01208	0.00503	0.00503
29	0.02264	0.68049	0.04257	0.01456	0.02153	0.06389	0.01430	0.02528	0.01720	0.01958	0.01161	0.01341	0.01066	0.00718	0.00543	0.00179	0.00918	0.00449	0.00359	0.01061
30	0.02067	0.52720	0.21589	0.01684	0.02538	0.02911	0.01879	0.02527	0.01706	0.02142	0.01248	0.01449	0.01062	0.00733	0.00604	0.00201	0.00983	0.00491	0.00354	0.01111
31	0.01208	0.00805	0.00906	0.00906	0.00906	0.00805	0.00503	0.01208	0.01208	0.01611	0.02618	0.05436	0.03020	0.70804	0.04228	0.00805	0.00805	0.01208	0.00503	0.00503
32	0.00982	0.00842	0.00842	0.00842	0.01122	0.00701	0.00631	0.01192	0.01894	0.02244	0.08416	0.07995	0.65285	0.02104	0.00982	0.00281	0.00421	0.01753	0.00771	0.00701
33	0.01187	0.00890	0.01335	0.01335	0.01483	0.01038	0.01038	0.01483	0.01335	0.01928	0.02225	0.03264	0.02077	0.06231	0.67512	0.01335	0.02225	0.00890	0.00445	0.00742
34	0.02056	0.01974	0.03372	0.05099	0.65622	0.01974	0.02550	0.02550	0.01892	0.02714	0.01563	0.02056	0.01316	0.00740	0.00822	0.00247	0.00987	0.00740	0.00411	0.01316

[dist]
# distance from previous block
# <min> <max>
0	4

# created by:
# /home/cegg/simao/soft/augustus-3.2.1/scripts/msa2prfl.pl ./align_prep/14082.fa
