[name]
unknown

[dist]
# distance from previous block
# <min> <max>
0	0

[block]
# block no. 0 follows, 21 sequences, length 46
# corresponding to MSA columns:
# 0-45
name=unknown_A
#
# <colnr> <probs for GDERKNQSTAVLIFYWHMCP>
#	G	D	E	R	K	N	Q	S	T	A	V	L	I	F	Y	W	H	M	C	P
0	0.01371	0.00980	0.01371	0.01567	0.01763	0.00980	0.01371	0.01763	0.01959	0.02547	0.04506	0.09599	0.04898	0.02351	0.01175	0.00392	0.00784	0.59056	0.00784	0.00784
1	0.03114	0.01905	0.02205	0.01672	0.02361	0.01884	0.01374	0.31111	0.03038	0.23900	0.02350	0.02256	0.01618	0.00950	0.00807	0.00231	0.00805	0.00740	0.00843	0.16835
2	0.01006	0.00862	0.00862	0.00862	0.01149	0.00718	0.00647	0.01221	0.01940	0.02299	0.08621	0.08190	0.64438	0.02155	0.01006	0.00287	0.00431	0.01796	0.00790	0.00718
3	0.02029	0.01912	0.03235	0.04839	0.58158	0.01912	0.02481	0.02523	0.01940	0.02756	0.01906	0.02894	0.01721	0.00926	0.00877	0.00267	0.00987	0.06887	0.00459	0.01289
4	0.03235	0.02384	0.02554	0.01958	0.02639	0.02639	0.01618	0.61946	0.04001	0.05363	0.02043	0.02043	0.01447	0.01022	0.00851	0.00255	0.00936	0.00766	0.00851	0.01447
5	0.01011	0.00843	0.00882	0.00914	0.01163	0.00714	0.00669	0.01216	0.01890	0.02279	0.07995	0.17963	0.55070	0.02237	0.01019	0.00297	0.00441	0.01895	0.00790	0.00714
6	0.01586	0.00793	0.00793	0.00793	0.00991	0.00793	0.00595	0.01983	0.01785	0.03173	0.02776	0.03173	0.02181	0.00991	0.00595	0.00198	0.00397	0.00793	0.74817	0.00793
7	0.01216	0.00912	0.01368	0.01368	0.01520	0.01064	0.01064	0.01520	0.01368	0.01976	0.02279	0.03343	0.02127	0.06382	0.66720	0.01368	0.02279	0.00912	0.00456	0.00760
8	0.01037	0.00741	0.00987	0.01185	0.01234	0.00691	0.00790	0.01185	0.01629	0.02172	0.04690	0.69537	0.05629	0.02666	0.01086	0.00346	0.00494	0.02419	0.00790	0.00691
9	0.72440	0.05068	0.01410	0.01136	0.01672	0.01981	0.00948	0.02504	0.01462	0.03728	0.01185	0.01382	0.00930	0.00787	0.00528	0.00259	0.00671	0.00461	0.00519	0.00930
10	0.01859	0.18969	0.48033	0.02391	0.07312	0.02289	0.02734	0.02657	0.01791	0.02547	0.01455	0.01721	0.01099	0.00787	0.00752	0.00249	0.01164	0.00599	0.00364	0.01227
11	0.02735	0.24676	0.10180	0.01980	0.02611	0.36862	0.01754	0.05685	0.02202	0.02274	0.01331	0.01534	0.01109	0.00830	0.00707	0.00215	0.01283	0.00538	0.00425	0.01071
12	0.02476	0.55806	0.04004	0.01620	0.02284	0.17446	0.01498	0.02737	0.01881	0.02020	0.01213	0.01403	0.01093	0.00761	0.00595	0.00190	0.01049	0.00476	0.00381	0.01069
13	0.01891	0.25841	0.45856	0.02112	0.03198	0.02427	0.02598	0.02648	0.01775	0.02471	0.01416	0.01657	0.01083	0.00782	0.00724	0.00241	0.01145	0.00573	0.00361	0.01204
14	0.01026	0.00863	0.00890	0.00883	0.01162	0.00727	0.00662	0.01260	0.01987	0.02410	0.14200	0.08006	0.58790	0.02114	0.01006	0.00285	0.00428	0.01770	0.00805	0.00727
15	0.01037	0.00741	0.00987	0.01185	0.01234	0.00691	0.00790	0.01185	0.01629	0.02172	0.04690	0.69537	0.05629	0.02666	0.01086	0.00346	0.00494	0.02419	0.00790	0.00691
16	0.01238	0.00825	0.00928	0.00928	0.00928	0.00825	0.00516	0.01238	0.01238	0.01650	0.02681	0.05569	0.03094	0.70092	0.04331	0.00825	0.00825	0.01238	0.00516	0.00516
17	0.01238	0.00825	0.00928	0.00928	0.00928	0.00825	0.00516	0.01238	0.01238	0.01650	0.02681	0.05569	0.03094	0.70092	0.04331	0.00825	0.00825	0.01238	0.00516	0.00516
18	0.01411	0.01199	0.01743	0.01630	0.01736	0.01531	0.01305	0.01680	0.01348	0.01997	0.01928	0.02895	0.01822	0.04901	0.47371	0.01066	0.22333	0.00861	0.00431	0.00812
19	0.03235	0.02384	0.02554	0.01958	0.02639	0.02639	0.01618	0.61946	0.04001	0.05363	0.02043	0.02043	0.01447	0.01022	0.00851	0.00255	0.00936	0.00766	0.00851	0.01447
20	0.01835	0.01575	0.01784	0.08543	0.02375	0.01788	0.01318	0.03573	0.43170	0.03226	0.09131	0.06869	0.08509	0.01332	0.00899	0.00289	0.00668	0.01132	0.00811	0.01171
21	0.01707	0.04402	0.65683	0.02426	0.03683	0.01976	0.03144	0.02695	0.01797	0.02695	0.01527	0.01797	0.01078	0.00809	0.00809	0.00270	0.01258	0.00629	0.00359	0.01258
22	0.01891	0.03304	0.36970	0.03717	0.31876	0.01997	0.02899	0.02657	0.01862	0.02734	0.01561	0.01940	0.01203	0.00785	0.00824	0.00262	0.01144	0.00689	0.00388	0.01299
23	0.03136	0.03059	0.02493	0.05105	0.02784	0.29990	0.01663	0.34153	0.03215	0.03813	0.01707	0.01836	0.01283	0.00952	0.00815	0.00241	0.01201	0.00672	0.00653	0.01227
24	0.02218	0.63975	0.10590	0.01553	0.02334	0.03228	0.01625	0.02563	0.01736	0.02072	0.01218	0.01408	0.01091	0.00736	0.00572	0.00191	0.00945	0.00472	0.00364	0.01109
25	0.01707	0.04402	0.65683	0.02426	0.03683	0.01976	0.03144	0.02695	0.01797	0.02695	0.01527	0.01797	0.01078	0.00809	0.00809	0.00270	0.01258	0.00629	0.00359	0.01258
26	0.01014	0.00831	0.00894	0.00944	0.01171	0.00712	0.00683	0.01212	0.01861	0.02267	0.07626	0.23714	0.49556	0.02285	0.01026	0.00302	0.00447	0.01954	0.00790	0.00712
27	0.02884	0.02081	0.02261	0.01828	0.02433	0.02301	0.01479	0.34703	0.25675	0.11007	0.02705	0.02550	0.01941	0.01074	0.00857	0.00268	0.00817	0.00848	0.00878	0.01410
28	0.03235	0.02384	0.02554	0.01958	0.02639	0.02639	0.01618	0.61946	0.04001	0.05363	0.02043	0.02043	0.01447	0.01022	0.00851	0.00255	0.00936	0.00766	0.00851	0.01447
29	0.01607	0.01513	0.02552	0.68047	0.05861	0.01891	0.02363	0.02174	0.01702	0.02174	0.01513	0.02269	0.01134	0.00851	0.00851	0.00284	0.01134	0.00756	0.00378	0.00945
30	0.01238	0.00825	0.00928	0.00928	0.00928	0.00825	0.00516	0.01238	0.01238	0.01650	0.02681	0.05569	0.03094	0.70092	0.04331	0.00825	0.00825	0.01238	0.00516	0.00516
31	0.03481	0.01988	0.02309	0.01770	0.02442	0.02052	0.01462	0.37516	0.03340	0.30728	0.02599	0.02404	0.01726	0.01035	0.00853	0.00259	0.00847	0.00804	0.00937	0.01448
32	0.01411	0.01140	0.01293	0.01259	0.01533	0.01172	0.00938	0.02345	0.21209	0.02948	0.20229	0.19796	0.17699	0.01850	0.00979	0.00296	0.00514	0.01608	0.00851	0.00931
33	0.01223	0.00884	0.01228	0.01228	0.01332	0.00988	0.00890	0.01430	0.01326	0.01872	0.02407	0.04051	0.02435	0.26636	0.46887	0.01195	0.01817	0.01015	0.00475	0.00682
34	0.03027	0.01776	0.02005	0.01578	0.02146	0.01851	0.01290	0.32894	0.03083	0.21195	0.02564	0.02526	0.01790	0.01024	0.00796	0.00245	0.00759	0.00797	0.17354	0.01302
35	0.02626	0.01759	0.01972	0.01687	0.02226	0.01918	0.01337	0.07570	0.44001	0.19922	0.03358	0.03040	0.02405	0.01121	0.00862	0.00280	0.00701	0.00923	0.00914	0.01379
36	0.01037	0.00741	0.00987	0.01185	0.01234	0.00691	0.00790	0.01185	0.01629	0.02172	0.04690	0.69537	0.05629	0.02666	0.01086	0.00346	0.00494	0.02419	0.00790	0.00691
37	0.02950	0.20896	0.02930	0.02006	0.02518	0.50655	0.01597	0.03183	0.02239	0.02062	0.01282	0.01492	0.01095	0.00839	0.00711	0.00210	0.01377	0.00525	0.00420	0.01013
38	0.03179	0.04056	0.02412	0.02192	0.02631	0.66676	0.01644	0.03398	0.02412	0.02083	0.01315	0.01535	0.01096	0.00877	0.00767	0.00219	0.01535	0.00548	0.00438	0.00987
39	0.01027	0.00832	0.00912	0.00957	0.01179	0.00717	0.00693	0.01237	0.01892	0.02339	0.11239	0.23595	0.45899	0.02258	0.01026	0.00301	0.00445	0.01937	0.00800	0.00717
40	0.02154	0.02215	0.03735	0.04663	0.47336	0.06243	0.15687	0.02688	0.01984	0.02723	0.01609	0.02111	0.01319	0.00757	0.00874	0.00258	0.01139	0.00799	0.00424	0.01280
41	0.02106	0.02022	0.03454	0.05223	0.64784	0.02022	0.02612	0.02612	0.01938	0.02780	0.01601	0.02106	0.01348	0.00758	0.00842	0.00253	0.01011	0.00758	0.00421	0.01348
42	0.01023	0.00793	0.00933	0.01046	0.01198	0.00703	0.00728	0.01201	0.01763	0.02227	0.06383	0.43112	0.30960	0.02446	0.01052	0.00321	0.00467	0.02151	0.00790	0.00703
43	0.01329	0.01114	0.01189	0.01144	0.01466	0.01096	0.00881	0.02129	0.17507	0.02755	0.13270	0.06795	0.39252	0.01867	0.00980	0.00291	0.00509	0.04710	0.00825	0.00890
44	0.01806	0.13888	0.53435	0.02349	0.03508	0.02188	0.06149	0.02675	0.01799	0.02596	0.01488	0.01762	0.01092	0.00792	0.00781	0.00258	0.01217	0.00624	0.00364	0.01228
45	0.02869	0.02814	0.12494	0.02032	0.02759	0.08927	0.01834	0.40608	0.09720	0.04420	0.02037	0.02072	0.01474	0.00987	0.00838	0.00257	0.01020	0.00743	0.00733	0.01360

[dist]
# distance from previous block
# <min> <max>
0	6

[block]
# block no. 1 follows, 21 sequences, length 82
# corresponding to MSA columns:
# 52-133
name=unknown_B
#
# <colnr> <probs for GDERKNQSTAVLIFYWHMCP>
#	G	D	E	R	K	N	Q	S	T	A	V	L	I	F	Y	W	H	M	C	P
0	0.01815	0.17023	0.54011	0.02241	0.03397	0.02242	0.02822	0.02667	0.01784	0.02563	0.01462	0.01714	0.01081	0.00793	0.00758	0.00253	0.01191	0.00596	0.00360	0.01226
1	0.02082	0.02090	0.03842	0.04819	0.49859	0.02054	0.17226	0.02640	0.01955	0.02767	0.01631	0.02153	0.01334	0.00748	0.00883	0.00261	0.01116	0.00819	0.00424	0.01298
2	0.02081	0.01996	0.03409	0.08380	0.61823	0.02015	0.02599	0.02590	0.01926	0.02750	0.01596	0.02114	0.01337	0.00763	0.00843	0.00254	0.01017	0.00758	0.00419	0.01328
3	0.01657	0.01301	0.01822	0.01637	0.01915	0.01497	0.04880	0.02438	0.14897	0.05261	0.02469	0.03074	0.02086	0.03900	0.35735	0.00859	0.07929	0.00903	0.04780	0.00959
4	0.02208	0.62759	0.11714	0.01571	0.02362	0.03202	0.01656	0.02566	0.01737	0.02084	0.01224	0.01416	0.01090	0.00738	0.00577	0.00192	0.00951	0.00476	0.00363	0.01112
5	0.01765	0.01513	0.01765	0.01260	0.02017	0.01134	0.01008	0.02143	0.01765	0.02773	0.01513	0.01765	0.01260	0.00630	0.00630	0.00126	0.00630	0.00504	0.00504	0.75295
6	0.01216	0.00912	0.01368	0.01368	0.01520	0.01064	0.01064	0.01520	0.01368	0.01976	0.02279	0.03343	0.02127	0.06382	0.66720	0.01368	0.02279	0.00912	0.00456	0.00760
7	0.01081	0.00774	0.01027	0.01155	0.01244	0.00720	0.00793	0.01295	0.01833	0.02497	0.20286	0.53017	0.06256	0.02424	0.01065	0.00325	0.00470	0.02189	0.00828	0.00720
8	0.76103	0.01646	0.01251	0.01119	0.01646	0.01909	0.00922	0.02502	0.01448	0.03818	0.01185	0.01382	0.00922	0.00790	0.00527	0.00263	0.00658	0.00461	0.00527	0.00922
9	0.01243	0.00903	0.01326	0.01326	0.01481	0.01044	0.01030	0.01553	0.01398	0.02063	0.02316	0.03331	0.02131	0.05991	0.61916	0.01283	0.02143	0.00903	0.05858	0.00762
10	0.01153	0.00868	0.01066	0.01016	0.01239	0.00781	0.00762	0.01505	0.02286	0.03121	0.49767	0.06836	0.22779	0.01848	0.01004	0.00273	0.00409	0.01606	0.00898	0.00781
11	0.76103	0.01646	0.01251	0.01119	0.01646	0.01909	0.00922	0.02502	0.01448	0.03818	0.01185	0.01382	0.00922	0.00790	0.00527	0.00263	0.00658	0.00461	0.00527	0.00922
12	0.01079	0.00858	0.00969	0.00956	0.01198	0.00747	0.00711	0.01358	0.02092	0.02694	0.28520	0.11007	0.40730	0.02034	0.01010	0.00284	0.00424	0.01739	0.00843	0.00747
13	0.03179	0.04056	0.02412	0.02192	0.02631	0.66676	0.01644	0.03398	0.02412	0.02083	0.01315	0.01535	0.01096	0.00877	0.00767	0.00219	0.01535	0.00548	0.00438	0.00987
14	0.01037	0.00741	0.00987	0.01185	0.01234	0.00691	0.00790	0.01185	0.01629	0.02172	0.04690	0.69537	0.05629	0.02666	0.01086	0.00346	0.00494	0.02419	0.00790	0.00691
15	0.03235	0.02384	0.02554	0.01958	0.02639	0.02639	0.01618	0.61946	0.04001	0.05363	0.02043	0.02043	0.01447	0.01022	0.00851	0.00255	0.00936	0.00766	0.00851	0.01447
16	0.01037	0.00741	0.00987	0.01185	0.01234	0.00691	0.00790	0.01185	0.01629	0.02172	0.04690	0.69537	0.05629	0.02666	0.01086	0.00346	0.00494	0.02419	0.00790	0.00691
17	0.01238	0.00825	0.00928	0.00928	0.00928	0.00825	0.00516	0.01238	0.01238	0.01650	0.02681	0.05569	0.03094	0.70092	0.04331	0.00825	0.00825	0.01238	0.00516	0.00516
18	0.03235	0.02384	0.02554	0.01958	0.02639	0.02639	0.01618	0.61946	0.04001	0.05363	0.02043	0.02043	0.01447	0.01022	0.00851	0.00255	0.00936	0.00766	0.00851	0.01447
19	0.03423	0.02082	0.02367	0.01815	0.02489	0.02191	0.01499	0.43308	0.03496	0.24714	0.02467	0.02318	0.01660	0.01032	0.00853	0.00258	0.00868	0.00795	0.00916	0.01448
20	0.01335	0.01104	0.01431	0.01418	0.01587	0.05066	0.01099	0.01634	0.01431	0.01982	0.02221	0.03233	0.02065	0.06047	0.62697	0.01298	0.02234	0.00890	0.00455	0.00774
21	0.02106	0.02022	0.03454	0.05223	0.64784	0.02022	0.02612	0.02612	0.01938	0.02780	0.01601	0.02106	0.01348	0.00758	0.00842	0.00253	0.01011	0.00758	0.00421	0.01348
22	0.03183	0.03934	0.02422	0.02175	0.02631	0.62023	0.01642	0.07652	0.02527	0.02321	0.01368	0.01572	0.01122	0.00887	0.00773	0.00222	0.01491	0.00564	0.00468	0.01020
23	0.01216	0.00912	0.01368	0.01368	0.01520	0.01064	0.01064	0.01520	0.01368	0.01976	0.02279	0.03343	0.02127	0.06382	0.66720	0.01368	0.02279	0.00912	0.00456	0.00760
24	0.03818	0.01448	0.01975	0.01514	0.02172	0.01251	0.01251	0.04147	0.02436	0.65373	0.03357	0.02897	0.02107	0.01053	0.00856	0.00263	0.00724	0.00856	0.01053	0.01448
25	0.01216	0.00912	0.01368	0.01368	0.01520	0.01064	0.01064	0.01520	0.01368	0.01976	0.02279	0.03343	0.02127	0.06382	0.66720	0.01368	0.02279	0.00912	0.00456	0.00760
26	0.01703	0.00980	0.01297	0.01155	0.01443	0.00888	0.00888	0.02090	0.02414	0.15225	0.52709	0.05697	0.06900	0.01609	0.00976	0.00267	0.00463	0.01409	0.00959	0.00926
27	0.01058	0.00864	0.00934	0.00917	0.01181	0.00741	0.00687	0.01322	0.02062	0.02590	0.23189	0.07711	0.49689	0.02047	0.01005	0.00282	0.00423	0.01729	0.00829	0.00741
28	0.02088	0.02063	0.03666	0.04713	0.49732	0.02052	0.13804	0.02742	0.05429	0.02814	0.01729	0.02203	0.01408	0.00773	0.00875	0.00261	0.01073	0.00817	0.00448	0.01310
29	0.01753	0.01008	0.01175	0.01063	0.01428	0.00860	0.00821	0.02004	0.02074	0.18840	0.09816	0.10455	0.41707	0.01877	0.00971	0.00284	0.00510	0.01575	0.00866	0.00912
30	0.01006	0.00862	0.00862	0.00862	0.01149	0.00718	0.00647	0.01221	0.01940	0.02299	0.08621	0.08190	0.64438	0.02155	0.01006	0.00287	0.00431	0.01796	0.00790	0.00718
31	0.08432	0.07170	0.02429	0.02078	0.02537	0.58841	0.01582	0.03291	0.02308	0.02205	0.01299	0.01515	0.01083	0.00863	0.00739	0.00221	0.01440	0.00537	0.00441	0.00987
32	0.01122	0.00777	0.00962	0.01076	0.01104	0.00748	0.00673	0.01207	0.01463	0.01950	0.03836	0.42329	0.04550	0.31345	0.02467	0.00550	0.00635	0.01917	0.00673	0.00617
33	0.02106	0.02022	0.03454	0.05223	0.64784	0.02022	0.02612	0.02612	0.01938	0.02780	0.01601	0.02106	0.01348	0.00758	0.00842	0.00253	0.01011	0.00758	0.00421	0.01348
34	0.01006	0.00862	0.00862	0.00862	0.01149	0.00718	0.00647	0.01221	0.01940	0.02299	0.08621	0.08190	0.64438	0.02155	0.01006	0.00287	0.00431	0.01796	0.00790	0.00718
35	0.01006	0.00862	0.00862	0.00862	0.01149	0.00718	0.00647	0.01221	0.01940	0.02299	0.08621	0.08190	0.64438	0.02155	0.01006	0.00287	0.00431	0.01796	0.00790	0.00718
36	0.01035	0.00747	0.00981	0.01167	0.01230	0.00693	0.00782	0.01187	0.01646	0.02179	0.04907	0.66158	0.08868	0.02638	0.01082	0.00342	0.00490	0.02385	0.00790	0.00693
37	0.02117	0.01828	0.01924	0.01732	0.02213	0.02117	0.01347	0.04522	0.63246	0.03560	0.03464	0.03175	0.02598	0.01155	0.00866	0.00289	0.00673	0.00962	0.00866	0.01347
38	0.01048	0.00855	0.00926	0.00927	0.01180	0.00733	0.00688	0.01295	0.02011	0.02512	0.19450	0.12281	0.48912	0.02109	0.01011	0.00288	0.00430	0.01790	0.00819	0.00733
39	0.02275	0.70604	0.04459	0.01456	0.02184	0.03367	0.01456	0.02548	0.01729	0.02002	0.01183	0.01365	0.01092	0.00728	0.00546	0.00182	0.00910	0.00455	0.00364	0.01092
40	0.02275	0.70604	0.04459	0.01456	0.02184	0.03367	0.01456	0.02548	0.01729	0.02002	0.01183	0.01365	0.01092	0.00728	0.00546	0.00182	0.00910	0.00455	0.00364	0.01092
41	0.12991	0.02882	0.02293	0.01912	0.02477	0.27318	0.01515	0.28090	0.02957	0.07189	0.01718	0.01804	0.01277	0.00936	0.00776	0.00243	0.01120	0.00646	0.00659	0.01198
42	0.02076	0.01991	0.03399	0.09055	0.61190	0.02014	0.02597	0.02585	0.01923	0.02743	0.01595	0.02116	0.01335	0.00764	0.00843	0.00255	0.01019	0.00758	0.00419	0.01323
43	0.03179	0.04056	0.02412	0.02192	0.02631	0.66676	0.01644	0.03398	0.02412	0.02083	0.01315	0.01535	0.01096	0.00877	0.00767	0.00219	0.01535	0.00548	0.00438	0.00987
44	0.01869	0.01746	0.02861	0.04212	0.49101	0.01724	0.02194	0.02319	0.01940	0.02685	0.02946	0.03745	0.11297	0.01122	0.00899	0.00271	0.00901	0.06456	0.00512	0.01198
45	0.01216	0.00912	0.01368	0.01368	0.01520	0.01064	0.01064	0.01520	0.01368	0.01976	0.02279	0.03343	0.02127	0.06382	0.66720	0.01368	0.02279	0.00912	0.00456	0.00760
46	0.02117	0.01828	0.01924	0.01732	0.02213	0.02117	0.01347	0.04522	0.63246	0.03560	0.03464	0.03175	0.02598	0.01155	0.00866	0.00289	0.00673	0.00962	0.00866	0.01347
47	0.02275	0.70604	0.04459	0.01456	0.02184	0.03367	0.01456	0.02548	0.01729	0.02002	0.01183	0.01365	0.01092	0.00728	0.00546	0.00182	0.00910	0.00455	0.00364	0.01092
48	0.02499	0.54142	0.03953	0.01638	0.02295	0.19028	0.01503	0.02758	0.01898	0.02022	0.01216	0.01407	0.01093	0.00765	0.00601	0.00191	0.01065	0.00478	0.00382	0.01066
49	0.01478	0.00962	0.01116	0.01068	0.01388	0.00837	0.00842	0.01751	0.02062	0.11521	0.13103	0.07419	0.42027	0.01979	0.01006	0.00295	0.00515	0.08948	0.00842	0.00841
50	0.01026	0.00783	0.00944	0.01072	0.01205	0.00701	0.00740	0.01198	0.01738	0.02217	0.06063	0.48115	0.26165	0.02488	0.01058	0.00325	0.00472	0.02202	0.00790	0.00701
51	0.01952	0.01865	0.03176	0.24596	0.46614	0.01982	0.02535	0.02477	0.01865	0.02593	0.01574	0.02156	0.01282	0.00787	0.00845	0.00262	0.01049	0.00758	0.00408	0.01224
52	0.03139	0.09198	0.02744	0.01908	0.02594	0.02712	0.01601	0.56013	0.03774	0.05028	0.01957	0.01975	0.01412	0.00992	0.00821	0.00248	0.00934	0.00735	0.00803	0.01412
53	0.01052	0.00839	0.00947	0.01001	0.01216	0.00734	0.00737	0.01279	0.01909	0.02387	0.12713	0.23269	0.41254	0.02253	0.01035	0.00306	0.00463	0.05080	0.00804	0.00723
54	0.01238	0.00825	0.00928	0.00928	0.00928	0.00825	0.00516	0.01238	0.01238	0.01650	0.02681	0.05569	0.03094	0.70092	0.04331	0.00825	0.00825	0.01238	0.00516	0.00516
55	0.01142	0.00945	0.01153	0.04543	0.04569	0.00861	0.00879	0.01431	0.02021	0.02583	0.21411	0.11594	0.39899	0.01955	0.00995	0.00285	0.00492	0.01674	0.00787	0.00780
56	0.02056	0.01971	0.03364	0.11499	0.58898	0.02009	0.02587	0.02568	0.01914	0.02720	0.01592	0.02122	0.01327	0.00767	0.00843	0.00256	0.01023	0.00758	0.00417	0.01308
57	0.01037	0.00741	0.00987	0.01185	0.01234	0.00691	0.00790	0.01185	0.01629	0.02172	0.04690	0.69537	0.05629	0.02666	0.01086	0.00346	0.00494	0.02419	0.00790	0.00691
58	0.01862	0.01862	0.02607	0.02234	0.02234	0.02607	0.01862	0.02048	0.01303	0.02048	0.01117	0.01862	0.01117	0.01489	0.02793	0.00372	0.68535	0.00745	0.00372	0.00931
59	0.02005	0.02038	0.03830	0.13462	0.37256	0.02045	0.21484	0.02587	0.01927	0.02678	0.01627	0.02190	0.01300	0.00758	0.00895	0.00268	0.01164	0.00837	0.00418	0.01228
60	0.01063	0.00853	0.00878	0.00878	0.01095	0.00745	0.00614	0.01225	0.01766	0.02138	0.07152	0.07542	0.49264	0.18961	0.01828	0.00420	0.00529	0.01658	0.00722	0.00668
61	0.01216	0.00912	0.01368	0.01368	0.01520	0.01064	0.01064	0.01520	0.01368	0.01976	0.02279	0.03343	0.02127	0.06382	0.66720	0.01368	0.02279	0.00912	0.00456	0.00760
62	0.02991	0.01528	0.01899	0.01508	0.02052	0.01477	0.01224	0.17780	0.02816	0.34328	0.18976	0.03590	0.03492	0.01225	0.00893	0.00262	0.00692	0.01012	0.00973	0.01279
63	0.02275	0.70604	0.04459	0.01456	0.02184	0.03367	0.01456	0.02548	0.01729	0.02002	0.01183	0.01365	0.01092	0.00728	0.00546	0.00182	0.00910	0.00455	0.00364	0.01092
64	0.03326	0.01558	0.01960	0.01577	0.02184	0.01501	0.01279	0.04256	0.20036	0.47482	0.03388	0.02977	0.02249	0.01083	0.00859	0.00271	0.00709	0.00887	0.00999	0.01419
65	0.01204	0.00870	0.01138	0.01071	0.01271	0.00803	0.00803	0.01606	0.02409	0.03413	0.64335	0.06357	0.08030	0.01740	0.01004	0.00268	0.00401	0.01539	0.00937	0.00803
66	0.01586	0.00793	0.00793	0.00793	0.00991	0.00793	0.00595	0.01983	0.01785	0.03173	0.02776	0.03173	0.02181	0.00991	0.00595	0.00198	0.00397	0.00793	0.74817	0.00793
67	0.03179	0.04056	0.02412	0.02192	0.02631	0.66676	0.01644	0.03398	0.02412	0.02083	0.01315	0.01535	0.01096	0.00877	0.00767	0.00219	0.01535	0.00548	0.00438	0.00987
68	0.01765	0.01513	0.01765	0.01260	0.02017	0.01134	0.01008	0.02143	0.01765	0.02773	0.01513	0.01765	0.01260	0.00630	0.00630	0.00126	0.00630	0.00504	0.00504	0.75295
69	0.01238	0.00825	0.00928	0.00928	0.00928	0.00825	0.00516	0.01238	0.01238	0.01650	0.02681	0.05569	0.03094	0.70092	0.04331	0.00825	0.00825	0.01238	0.00516	0.00516
70	0.01216	0.00912	0.01368	0.01368	0.01520	0.01064	0.01064	0.01520	0.01368	0.01976	0.02279	0.03343	0.02127	0.06382	0.66720	0.01368	0.02279	0.00912	0.00456	0.00760
71	0.02165	0.02003	0.07886	0.01754	0.02310	0.01987	0.01487	0.04204	0.50570	0.07964	0.05760	0.03155	0.02641	0.01139	0.00865	0.00284	0.00721	0.00947	0.00835	0.01324
72	0.02193	0.51293	0.18712	0.01725	0.02561	0.06632	0.01863	0.02631	0.01784	0.02169	0.01271	0.01476	0.01089	0.00755	0.00620	0.00205	0.01027	0.00501	0.00367	0.01125
73	0.01675	0.01532	0.02150	0.22891	0.03196	0.01921	0.01718	0.02409	0.13600	0.02407	0.02376	0.15027	0.02264	0.01443	0.01476	0.00323	0.20963	0.01107	0.00550	0.00972
74	0.01037	0.00741	0.00987	0.01185	0.01234	0.00691	0.00790	0.01185	0.01629	0.02172	0.04690	0.69537	0.05629	0.02666	0.01086	0.00346	0.00494	0.02419	0.00790	0.00691
75	0.08697	0.04143	0.59629	0.02303	0.03492	0.01970	0.02935	0.02677	0.01764	0.02801	0.01495	0.01758	0.01063	0.00807	0.00782	0.00269	0.01201	0.00613	0.00375	0.01226
76	0.02828	0.02423	0.02404	0.02122	0.06302	0.11079	0.01602	0.33474	0.21160	0.04231	0.02338	0.02313	0.01734	0.01025	0.00844	0.00260	0.00944	0.00794	0.00774	0.01349
77	0.02161	0.31502	0.24792	0.01874	0.02744	0.11806	0.02015	0.02681	0.01854	0.02327	0.01353	0.01577	0.01105	0.00767	0.00676	0.00212	0.01091	0.00533	0.00387	0.08546
78	0.02900	0.01989	0.02211	0.01787	0.02379	0.02173	0.01448	0.32135	0.21322	0.14721	0.02700	0.02588	0.01935	0.01329	0.04075	0.00321	0.00888	0.00847	0.00870	0.01384
79	0.01268	0.00879	0.01056	0.01155	0.04081	0.00876	0.00635	0.01302	0.01296	0.01737	0.02751	0.09301	0.03163	0.62577	0.03962	0.00768	0.00814	0.01286	0.00528	0.00567
80	0.01511	0.01869	0.17291	0.01568	0.01983	0.04291	0.01453	0.01886	0.01768	0.06890	0.03638	0.44436	0.04013	0.01997	0.00984	0.00314	0.00752	0.01767	0.00684	0.00902
81	0.02054	0.01959	0.03333	0.05025	0.61665	0.01957	0.02522	0.02542	0.01923	0.02750	0.01752	0.05415	0.01558	0.00852	0.00854	0.00257	0.00986	0.00840	0.00439	0.01316

[dist]
# distance from previous block
# <min> <max>
0	1

[block]
# block no. 2 follows, 21 sequences, length 8
# corresponding to MSA columns:
# 135-142
name=unknown_C
#
# <colnr> <probs for GDERKNQSTAVLIFYWHMCP>
#	G	D	E	R	K	N	Q	S	T	A	V	L	I	F	Y	W	H	M	C	P
0	0.01097	0.00891	0.00989	0.01038	0.01303	0.00784	0.00828	0.01357	0.01945	0.02361	0.07594	0.08542	0.49574	0.02204	0.01048	0.00313	0.00519	0.16091	0.00789	0.00735
1	0.20834	0.02009	0.02702	0.03464	0.35039	0.02133	0.01966	0.15934	0.02280	0.03621	0.01596	0.01911	0.01264	0.00825	0.00766	0.00256	0.00906	0.00686	0.00544	0.01264
2	0.02515	0.02845	0.02676	0.03287	0.26703	0.32568	0.01984	0.02870	0.02166	0.02417	0.01861	0.02855	0.01712	0.01031	0.00852	0.00256	0.01229	0.08595	0.00479	0.01100
3	0.01050	0.00751	0.00999	0.01176	0.01237	0.00700	0.00791	0.01219	0.01692	0.02272	0.09464	0.64480	0.05821	0.02592	0.01080	0.00339	0.00486	0.02349	0.00802	0.00700
4	0.01149	0.00879	0.01080	0.01198	0.01397	0.00810	0.00949	0.01415	0.01877	0.02363	0.06202	0.22518	0.29008	0.02343	0.01087	0.00339	0.00577	0.23284	0.00788	0.00737
5	0.01917	0.03519	0.35302	0.02016	0.02850	0.17846	0.02208	0.02539	0.01982	0.02453	0.03070	0.03170	0.15339	0.01129	0.00843	0.00261	0.01141	0.00871	0.00476	0.01069
6	0.01749	0.01418	0.01534	0.01422	0.01785	0.01518	0.01084	0.10765	0.26012	0.03178	0.04834	0.19204	0.18562	0.01726	0.00948	0.00297	0.00608	0.01472	0.00828	0.01056
7	0.02675	0.02280	0.03373	0.03099	0.17073	0.02379	0.16839	0.33811	0.03039	0.04124	0.01863	0.02120	0.01386	0.00886	0.00888	0.00263	0.01078	0.00824	0.00649	0.01350

[dist]
# distance from previous block
# <min> <max>
0	7

# created by:
# /home/cegg/simao/soft/augustus-3.2.1/scripts/msa2prfl.pl ./align_prep/14080.fa
