[name]
unknown

[dist]
# distance from previous block
# <min> <max>
2	8

[block]
# block no. 0 follows, 22 sequences, length 50
# corresponding to MSA columns:
# 8-57
name=unknown_A
#
# <colnr> <probs for GDERKNQSTAVLIFYWHMCP>
#	G	D	E	R	K	N	Q	S	T	A	V	L	I	F	Y	W	H	M	C	P
0	0.06735	0.01958	0.02810	0.07829	0.43995	0.07261	0.02120	0.02620	0.01903	0.06422	0.01702	0.02105	0.01366	0.00792	0.00779	0.00243	0.00951	0.00714	0.06495	0.01200
1	0.02077	0.01887	0.03030	0.09709	0.47940	0.01960	0.02292	0.09638	0.02068	0.02903	0.01660	0.02159	0.01371	0.01221	0.06197	0.00337	0.01088	0.00753	0.00461	0.01249
2	0.01992	0.02354	0.13703	0.04652	0.55471	0.01967	0.02635	0.02563	0.01869	0.02700	0.01551	0.02007	0.01273	0.00748	0.00817	0.00249	0.01026	0.00720	0.00401	0.01301
3	0.02191	0.01929	0.03256	0.04807	0.60507	0.01913	0.02443	0.02670	0.01931	0.07828	0.01701	0.02118	0.01376	0.00763	0.00823	0.00248	0.00964	0.00748	0.00461	0.01324
4	0.02057	0.01959	0.03252	0.04825	0.60510	0.01981	0.02450	0.02700	0.06905	0.02775	0.01709	0.02140	0.01414	0.00771	0.00824	0.00250	0.00960	0.00756	0.00446	0.01316
5	0.02036	0.01951	0.02610	0.06410	0.33687	0.07087	0.01950	0.03038	0.20555	0.02814	0.02325	0.07827	0.01989	0.01020	0.00843	0.00263	0.00893	0.00914	0.00570	0.01218
6	0.02496	0.02293	0.02073	0.02156	0.11129	0.23009	0.01455	0.05308	0.13334	0.10307	0.02396	0.07767	0.01978	0.01068	0.00796	0.00245	0.00948	0.00855	0.09286	0.01102
7	0.01948	0.02401	0.12979	0.03114	0.21474	0.07463	0.09360	0.02470	0.03843	0.02413	0.01582	0.02238	0.01375	0.06573	0.01538	0.00323	0.16627	0.00773	0.00416	0.01091
8	0.01144	0.00838	0.01072	0.01034	0.01226	0.00767	0.00768	0.01498	0.02245	0.03127	0.54726	0.11542	0.13291	0.01811	0.00987	0.00269	0.00402	0.01596	0.00889	0.00767
9	0.01790	0.01537	0.01618	0.01477	0.01893	0.01712	0.01142	0.03585	0.47817	0.03199	0.07164	0.04306	0.16505	0.01366	0.00881	0.00281	0.00594	0.01142	0.00832	0.01158
10	0.01059	0.00819	0.00970	0.01012	0.01206	0.00729	0.00744	0.01309	0.01937	0.02510	0.22113	0.23568	0.31713	0.02135	0.01010	0.00295	0.00447	0.04893	0.00809	0.00719
11	0.01750	0.14464	0.57070	0.02224	0.03374	0.02135	0.02819	0.02609	0.01744	0.02528	0.01440	0.01690	0.01054	0.00777	0.00750	0.00250	0.01176	0.00588	0.00351	0.01203
12	0.02514	0.02583	0.02093	0.01864	0.02335	0.24804	0.01437	0.08741	0.37835	0.03117	0.02542	0.02455	0.01937	0.01023	0.00811	0.00256	0.00970	0.00784	0.00699	0.01201
13	0.01018	0.00839	0.00870	0.00864	0.01113	0.00717	0.00633	0.01225	0.01872	0.02279	0.12627	0.07623	0.55082	0.08061	0.01265	0.00325	0.00452	0.01685	0.00760	0.00691
14	0.01961	0.02241	0.04902	0.03501	0.04342	0.02101	0.62605	0.02661	0.01961	0.02661	0.01681	0.02241	0.01261	0.00700	0.00980	0.00280	0.01401	0.00980	0.00420	0.01120
15	0.02016	0.01933	0.03299	0.10393	0.60645	0.01963	0.02529	0.02514	0.01872	0.02665	0.01555	0.02069	0.01299	0.00748	0.00823	0.00249	0.00997	0.00740	0.00408	0.01283
16	0.01733	0.12308	0.59070	0.02255	0.03421	0.02092	0.02872	0.02614	0.01746	0.02550	0.01451	0.01704	0.01054	0.00780	0.00759	0.00253	0.01187	0.00594	0.00351	0.01208
17	0.01545	0.01283	0.01596	0.01484	0.01617	0.04910	0.01180	0.01826	0.01464	0.02219	0.01972	0.02732	0.01763	0.03428	0.30831	0.00747	0.20321	0.00800	0.17475	0.00807
18	0.02403	0.12446	0.02523	0.01941	0.07480	0.02287	0.01472	0.26127	0.18907	0.03842	0.09747	0.02691	0.02413	0.01050	0.00807	0.00248	0.00787	0.00841	0.00738	0.01251
19	0.01978	0.01609	0.01914	0.01591	0.01903	0.01828	0.01249	0.15768	0.07162	0.02914	0.01950	0.02817	0.01781	0.16950	0.02076	0.00388	0.19351	0.00823	0.03177	0.12772
20	0.01157	0.00848	0.01084	0.01025	0.01229	0.00776	0.00769	0.01531	0.02307	0.03225	0.59609	0.06381	0.13480	0.01738	0.00980	0.00263	0.00395	0.01527	0.00900	0.00776
21	0.01134	0.00889	0.01204	0.01312	0.01353	0.00958	0.00930	0.01285	0.01542	0.02102	0.04049	0.59877	0.04826	0.02428	0.01313	0.00341	0.10922	0.02114	0.00709	0.00710
22	0.01948	0.02314	0.11393	0.08005	0.33590	0.02005	0.23237	0.02572	0.01885	0.02651	0.01590	0.02093	0.01253	0.00738	0.00873	0.00262	0.01165	0.00808	0.00405	0.01215
23	0.02056	0.01974	0.03372	0.05099	0.65622	0.01974	0.02550	0.02550	0.01892	0.02714	0.01563	0.02056	0.01316	0.00740	0.00822	0.00247	0.00987	0.00740	0.00411	0.01316
24	0.10440	0.02098	0.07635	0.04453	0.53979	0.01958	0.02401	0.02543	0.01828	0.02822	0.01512	0.01955	0.01250	0.00747	0.00785	0.00249	0.00965	0.00698	0.00419	0.01263
25	0.02606	0.02873	0.02853	0.03539	0.32774	0.30702	0.02055	0.07897	0.02262	0.02625	0.01477	0.01807	0.01216	0.00812	0.00791	0.00233	0.01205	0.00651	0.00453	0.01169
26	0.02150	0.02107	0.01980	0.01954	0.07051	0.13966	0.01397	0.03751	0.41817	0.03030	0.03349	0.03205	0.08334	0.01143	0.00839	0.00266	0.00815	0.00929	0.00728	0.01190
27	0.02221	0.71304	0.04353	0.01421	0.02132	0.03287	0.01421	0.02488	0.01688	0.01955	0.01155	0.01333	0.01066	0.00711	0.00533	0.00178	0.00888	0.00444	0.00355	0.01066
28	0.01056	0.00844	0.00944	0.00919	0.01167	0.00733	0.00689	0.01335	0.02068	0.02657	0.29996	0.07315	0.43447	0.01950	0.00981	0.00273	0.00410	0.01658	0.00826	0.00733
29	0.01187	0.00890	0.01335	0.01335	0.01483	0.01038	0.01038	0.01483	0.01335	0.01928	0.02225	0.03264	0.02077	0.06231	0.67512	0.01335	0.02225	0.00890	0.00445	0.00742
30	0.01026	0.00843	0.00903	0.00888	0.01149	0.00720	0.00666	0.01278	0.01998	0.02491	0.21329	0.07588	0.52218	0.02012	0.00981	0.00276	0.00414	0.01696	0.00804	0.00720
31	0.02215	0.01778	0.02045	0.11887	0.02746	0.02041	0.01490	0.10762	0.44058	0.07195	0.02927	0.02822	0.02162	0.01061	0.00841	0.00276	0.00758	0.00881	0.00782	0.01273
32	0.03054	0.02631	0.02408	0.01937	0.02524	0.17266	0.01560	0.46451	0.03433	0.04353	0.01844	0.01941	0.01366	0.01209	0.03918	0.00292	0.01108	0.00706	0.00721	0.01279
33	0.22167	0.05855	0.07489	0.01755	0.02358	0.21518	0.01505	0.18131	0.02424	0.07257	0.01564	0.01680	0.01171	0.00868	0.00707	0.00239	0.01029	0.00588	0.00580	0.01115
34	0.02056	0.01974	0.03372	0.05099	0.65622	0.01974	0.02550	0.02550	0.01892	0.02714	0.01563	0.02056	0.01316	0.00740	0.00822	0.00247	0.00987	0.00740	0.00411	0.01316
35	0.01886	0.01519	0.01772	0.01277	0.02008	0.01190	0.01026	0.05392	0.01867	0.05607	0.01582	0.01785	0.01276	0.00653	0.00636	0.00136	0.00635	0.00521	0.00533	0.68698
36	0.01041	0.00881	0.00906	0.00912	0.01183	0.00771	0.00679	0.01358	0.05125	0.02298	0.07833	0.12913	0.57033	0.02094	0.00981	0.00285	0.00438	0.01761	0.00775	0.00731
37	0.02443	0.02601	0.03346	0.03573	0.27499	0.19365	0.15845	0.09987	0.02270	0.02824	0.01568	0.01943	0.01250	0.00792	0.00840	0.00246	0.01207	0.00742	0.00468	0.01190
38	0.00985	0.00827	0.00856	0.00879	0.01132	0.00698	0.00648	0.01188	0.01857	0.02229	0.07957	0.15440	0.58137	0.02164	0.00991	0.00287	0.00428	0.01826	0.00771	0.00698
39	0.01187	0.00890	0.01335	0.01335	0.01483	0.01038	0.01038	0.01483	0.01335	0.01928	0.02225	0.03264	0.02077	0.06231	0.67512	0.01335	0.02225	0.00890	0.00445	0.00742
40	0.01657	0.01636	0.02189	0.02082	0.07166	0.11115	0.10584	0.02018	0.01625	0.02117	0.01951	0.02751	0.01743	0.04160	0.42236	0.00923	0.01894	0.00839	0.00436	0.00878
41	0.02107	0.41945	0.10103	0.02634	0.19629	0.02730	0.05517	0.02528	0.01766	0.02268	0.01329	0.01623	0.01144	0.00726	0.00663	0.00211	0.00978	0.00573	0.00374	0.01153
42	0.01592	0.01522	0.02635	0.64932	0.05640	0.01861	0.05886	0.02155	0.01679	0.02155	0.01489	0.02216	0.01117	0.00823	0.00839	0.00277	0.01125	0.00753	0.00372	0.00935
43	0.01040	0.00844	0.00922	0.00903	0.01158	0.00726	0.00677	0.01305	0.02031	0.02570	0.25422	0.07459	0.48075	0.01982	0.00981	0.00275	0.00412	0.01678	0.00814	0.00726
44	0.01002	0.00799	0.00898	0.00965	0.01157	0.00696	0.00689	0.01197	0.01806	0.02250	0.09678	0.30341	0.41072	0.02265	0.01010	0.00300	0.00441	0.01961	0.00778	0.00696
45	0.02036	0.02095	0.06676	0.04956	0.62376	0.01972	0.02577	0.02554	0.01884	0.02710	0.01559	0.02040	0.01302	0.00743	0.00821	0.00248	0.01000	0.00734	0.00408	0.01311
46	0.01138	0.00858	0.01067	0.01156	0.01315	0.00815	0.00848	0.01498	0.05532	0.02485	0.16092	0.36175	0.16496	0.02225	0.01029	0.00315	0.00499	0.08907	0.00801	0.00748
47	0.01051	0.00751	0.01009	0.01201	0.01267	0.00708	0.00839	0.01224	0.01629	0.02164	0.04557	0.62982	0.05409	0.02566	0.01071	0.00343	0.00516	0.09257	0.00770	0.00686
48	0.03103	0.03959	0.02354	0.02140	0.02568	0.67469	0.01605	0.03317	0.02354	0.02033	0.01284	0.01498	0.01070	0.00856	0.00749	0.00214	0.01498	0.00535	0.00428	0.00963
49	0.02473	0.02712	0.14190	0.10130	0.05823	0.11092	0.01946	0.24925	0.12080	0.03572	0.01935	0.02079	0.01430	0.00928	0.00814	0.00255	0.01039	0.00722	0.00617	0.01240

[dist]
# distance from previous block
# <min> <max>
1	3

[block]
# block no. 1 follows, 22 sequences, length 12
# corresponding to MSA columns:
# 61-72
name=unknown_B
#
# <colnr> <probs for GDERKNQSTAVLIFYWHMCP>
#	G	D	E	R	K	N	Q	S	T	A	V	L	I	F	Y	W	H	M	C	P
0	0.02244	0.02360	0.03097	0.08810	0.48205	0.15820	0.02333	0.02683	0.01974	0.02530	0.01498	0.01949	0.01250	0.00771	0.00807	0.00242	0.01103	0.00697	0.00412	0.01215
1	0.02218	0.02699	0.07216	0.03350	0.12135	0.16932	0.37677	0.02794	0.02030	0.02524	0.01565	0.02023	0.01214	0.00746	0.00897	0.00260	0.01358	0.00828	0.00417	0.01116
2	0.01144	0.00835	0.01076	0.01044	0.01229	0.00766	0.00772	0.01497	0.02236	0.03123	0.54614	0.13429	0.11475	0.01826	0.00989	0.00271	0.00404	0.01615	0.00889	0.00766
3	0.01980	0.21512	0.36439	0.02133	0.06066	0.02271	0.02318	0.02859	0.08750	0.05719	0.01706	0.01861	0.01285	0.00816	0.00732	0.00241	0.01036	0.00623	0.00444	0.01208
4	0.01933	0.05446	0.13871	0.01830	0.02253	0.18844	0.01641	0.04405	0.01864	0.02283	0.02309	0.18763	0.02376	0.01762	0.05583	0.00354	0.09580	0.03455	0.00515	0.00933
5	0.01040	0.00824	0.00936	0.00950	0.01169	0.00719	0.00697	0.01289	0.01968	0.02521	0.23320	0.18000	0.39471	0.02077	0.00995	0.00285	0.00423	0.01787	0.00811	0.00719
6	0.00982	0.00842	0.00842	0.00842	0.01122	0.00701	0.00631	0.01192	0.01894	0.02244	0.08416	0.07995	0.65285	0.02104	0.00982	0.00281	0.00421	0.01753	0.00771	0.00701
7	0.01824	0.23313	0.48863	0.02099	0.03180	0.02315	0.02602	0.02590	0.01735	0.02439	0.01396	0.01634	0.01056	0.00767	0.00717	0.00239	0.01131	0.00566	0.00352	0.01182
8	0.76672	0.01607	0.01221	0.01092	0.01607	0.01864	0.00900	0.02442	0.01414	0.03727	0.01157	0.01350	0.00900	0.00771	0.00514	0.00257	0.00643	0.00450	0.00514	0.00900
9	0.02420	0.49851	0.07372	0.01664	0.02330	0.20016	0.01563	0.02713	0.01866	0.02014	0.01208	0.01400	0.01066	0.00753	0.00604	0.00192	0.01067	0.00478	0.00374	0.01048
10	0.02761	0.03430	0.02146	0.01969	0.02358	0.56061	0.01481	0.02983	0.02217	0.02036	0.01860	0.02118	0.05479	0.01501	0.07733	0.00335	0.01502	0.00654	0.00453	0.00922
11	0.02025	0.01991	0.03160	0.16342	0.51542	0.05442	0.02456	0.02514	0.01875	0.02572	0.01532	0.02055	0.01265	0.00763	0.00820	0.00250	0.01036	0.00729	0.00405	0.01227

[dist]
# distance from previous block
# <min> <max>
8	12

[block]
# block no. 2 follows, 22 sequences, length 38
# corresponding to MSA columns:
# 85-122
name=unknown_C
#
# <colnr> <probs for GDERKNQSTAVLIFYWHMCP>
#	G	D	E	R	K	N	Q	S	T	A	V	L	I	F	Y	W	H	M	C	P
0	0.02056	0.32662	0.28081	0.01988	0.02845	0.08546	0.05034	0.02604	0.01768	0.02259	0.01319	0.01577	0.01072	0.00789	0.00778	0.00228	0.04359	0.00557	0.00364	0.01114
1	0.01820	0.02382	0.16748	0.02497	0.03245	0.01881	0.26947	0.02933	0.16988	0.02940	0.10482	0.02871	0.02398	0.00955	0.00907	0.00274	0.01050	0.00962	0.00574	0.01146
2	0.01130	0.00847	0.01046	0.00997	0.01213	0.00764	0.00747	0.01478	0.02242	0.03072	0.51641	0.06632	0.21543	0.01795	0.00980	0.00266	0.00399	0.01562	0.00880	0.00764
3	0.01924	0.01421	0.01723	0.07130	0.02018	0.01649	0.01215	0.17433	0.02093	0.03047	0.02097	0.02911	0.01823	0.12558	0.07159	0.00435	0.12293	0.00835	0.19309	0.00927
4	0.00993	0.00842	0.00857	0.00853	0.01129	0.00706	0.00640	0.01213	0.01919	0.02305	0.11574	0.07895	0.62089	0.02081	0.00982	0.00279	0.00419	0.01739	0.00779	0.00706
5	0.01485	0.01329	0.01908	0.01736	0.01814	0.01752	0.01407	0.01728	0.01305	0.01962	0.01688	0.02579	0.01610	0.03969	0.36834	0.00875	0.33980	0.00813	0.00406	0.00821
6	0.03727	0.01414	0.01928	0.01478	0.02121	0.01221	0.01221	0.04049	0.02378	0.66198	0.03277	0.02828	0.02056	0.01028	0.00835	0.00257	0.00707	0.00835	0.01028	0.01414
7	0.01176	0.00849	0.01110	0.01045	0.01241	0.00784	0.00784	0.01568	0.02352	0.03331	0.65184	0.06206	0.07839	0.01698	0.00980	0.00261	0.00392	0.01502	0.00914	0.00784
8	0.76672	0.01607	0.01221	0.01092	0.01607	0.01864	0.00900	0.02442	0.01414	0.03727	0.01157	0.01350	0.00900	0.00771	0.00514	0.00257	0.00643	0.00450	0.00514	0.00900
9	0.02157	0.01915	0.01927	0.05474	0.05029	0.09106	0.01348	0.17005	0.21872	0.03294	0.03605	0.03641	0.14466	0.04217	0.01002	0.00287	0.00810	0.01003	0.00721	0.01120
10	0.03103	0.03959	0.02354	0.02140	0.02568	0.67469	0.01605	0.03317	0.02354	0.02033	0.01284	0.01498	0.01070	0.00856	0.00749	0.00214	0.01498	0.00535	0.00428	0.00963
11	0.00982	0.00842	0.00842	0.00842	0.01122	0.00701	0.00631	0.01192	0.01894	0.02244	0.08416	0.07995	0.65285	0.02104	0.00982	0.00281	0.00421	0.01753	0.00771	0.00701
12	0.01003	0.00760	0.00926	0.01058	0.01179	0.00683	0.00727	0.01168	0.01685	0.02159	0.05778	0.50798	0.24185	0.02447	0.01036	0.00320	0.00463	0.02171	0.00771	0.00683
13	0.01741	0.01652	0.02802	0.46334	0.26852	0.01891	0.02393	0.02273	0.01742	0.02331	0.01507	0.02159	0.01181	0.00799	0.00828	0.00266	0.01065	0.00739	0.00384	0.01062
14	0.03613	0.01598	0.02042	0.01565	0.02212	0.01494	0.01293	0.15895	0.02686	0.53917	0.03019	0.02660	0.01927	0.01022	0.00835	0.00255	0.00749	0.00818	0.00988	0.01414
15	0.02930	0.02153	0.02320	0.01814	0.02408	0.02372	0.01475	0.56005	0.03628	0.04862	0.02174	0.06032	0.01731	0.04903	0.01030	0.00285	0.00884	0.00864	0.00810	0.01321
16	0.01187	0.00890	0.01335	0.01335	0.01483	0.01038	0.01038	0.01483	0.01335	0.01928	0.02225	0.03264	0.02077	0.06231	0.67512	0.01335	0.02225	0.00890	0.00445	0.00742
17	0.01032	0.00783	0.00951	0.01036	0.01185	0.00703	0.00729	0.01242	0.01823	0.02377	0.16645	0.38927	0.24999	0.02282	0.01021	0.00306	0.00446	0.02014	0.00797	0.00703
18	0.01036	0.00772	0.00964	0.01067	0.01193	0.00701	0.00743	0.01240	0.01796	0.02370	0.16533	0.44919	0.18977	0.02328	0.01028	0.00311	0.00452	0.02071	0.00798	0.00701
19	0.01961	0.02241	0.04902	0.03501	0.04342	0.02101	0.62605	0.02661	0.01961	0.02661	0.01681	0.02241	0.01261	0.00700	0.00980	0.00280	0.01401	0.00980	0.00420	0.01120
20	0.02221	0.71304	0.04353	0.01421	0.02132	0.03287	0.01421	0.02488	0.01688	0.01955	0.01155	0.01333	0.01066	0.00711	0.00533	0.00178	0.00888	0.00444	0.00355	0.01066
21	0.01079	0.00810	0.00999	0.01026	0.01200	0.00731	0.00741	0.01352	0.02012	0.02701	0.33017	0.25455	0.21707	0.02066	0.01004	0.00288	0.00426	0.01818	0.00836	0.00731
22	0.01123	0.00838	0.00986	0.00954	0.01137	0.00763	0.00680	0.01379	0.01980	0.02649	0.35052	0.06602	0.24576	0.15775	0.01636	0.00377	0.00484	0.01520	0.00787	0.00702
23	0.02962	0.03177	0.02548	0.02517	0.12052	0.38395	0.01739	0.20840	0.02744	0.03084	0.01536	0.01729	0.01209	0.00880	0.00784	0.00229	0.01248	0.00629	0.00545	0.01149
24	0.01231	0.00919	0.01276	0.01254	0.01348	0.01057	0.00921	0.01430	0.01293	0.01836	0.02278	0.03842	0.02306	0.25672	0.44337	0.01116	0.05770	0.00978	0.00458	0.00679
25	0.01187	0.00890	0.01335	0.01335	0.01483	0.01038	0.01038	0.01483	0.01335	0.01928	0.02225	0.03264	0.02077	0.06231	0.67512	0.01335	0.02225	0.00890	0.00445	0.00742
26	0.01727	0.01160	0.01390	0.01262	0.01504	0.01309	0.00998	0.12074	0.01938	0.02994	0.02300	0.02858	0.01905	0.02691	0.22134	0.00581	0.06781	0.00803	0.32707	0.00883
27	0.05471	0.02743	0.14231	0.02878	0.15644	0.13661	0.12938	0.10482	0.04680	0.02937	0.01789	0.05474	0.01475	0.00909	0.00833	0.00257	0.01131	0.00805	0.00500	0.01164
28	0.01186	0.00796	0.00913	0.00934	0.00939	0.00791	0.00533	0.01202	0.01251	0.01667	0.02836	0.12641	0.03295	0.63224	0.03876	0.00753	0.00769	0.01336	0.00533	0.00522
29	0.01032	0.00768	0.00962	0.01073	0.01193	0.00698	0.00744	0.01230	0.01776	0.02341	0.15126	0.46959	0.18357	0.02353	0.01031	0.00313	0.00455	0.02096	0.00794	0.00698
30	0.02169	0.02189	0.06508	0.09477	0.38908	0.07954	0.02252	0.02812	0.07529	0.06100	0.01761	0.02126	0.01400	0.00847	0.00911	0.00257	0.04358	0.00737	0.00476	0.01230
31	0.02737	0.08455	0.02760	0.08582	0.13220	0.19256	0.01799	0.26834	0.02779	0.03428	0.01621	0.01840	0.01251	0.00879	0.00783	0.00236	0.01093	0.00665	0.00575	0.01206
32	0.01032	0.00844	0.00911	0.00894	0.01153	0.00722	0.00670	0.01289	0.02011	0.02523	0.22976	0.07536	0.50551	0.02000	0.00981	0.00276	0.00413	0.01689	0.00808	0.00722
33	0.02157	0.02339	0.03994	0.06216	0.03818	0.09355	0.41035	0.08087	0.02120	0.02769	0.01616	0.02086	0.01236	0.00782	0.00997	0.00265	0.04545	0.00859	0.00457	0.05269
34	0.10764	0.13023	0.10819	0.02050	0.02702	0.08021	0.14765	0.05930	0.04797	0.05611	0.04718	0.02393	0.05131	0.00949	0.00889	0.00255	0.04808	0.00782	0.00520	0.01074
35	0.05550	0.01508	0.01717	0.01490	0.01971	0.01531	0.01211	0.11558	0.16314	0.03249	0.05686	0.03955	0.02645	0.01515	0.04595	0.00314	0.00782	0.13109	0.00699	0.20600
36	0.02846	0.01846	0.02349	0.02368	0.15037	0.01918	0.01601	0.18622	0.17582	0.22924	0.02634	0.02528	0.01861	0.00986	0.00834	0.00259	0.00803	0.00819	0.00810	0.01370
37	0.01919	0.01839	0.02379	0.11352	0.14710	0.07536	0.04450	0.07472	0.07145	0.02649	0.02916	0.03470	0.11831	0.01238	0.01170	0.00284	0.11623	0.04429	0.00551	0.01037

[dist]
# distance from previous block
# <min> <max>
0	51

[block]
# block no. 3 follows, 22 sequences, length 40
# corresponding to MSA columns:
# 174-213
name=unknown_D
#
# <colnr> <probs for GDERKNQSTAVLIFYWHMCP>
#	G	D	E	R	K	N	Q	S	T	A	V	L	I	F	Y	W	H	M	C	P
0	0.14187	0.17335	0.05030	0.02696	0.23785	0.05507	0.01738	0.06116	0.01887	0.02823	0.01405	0.01696	0.01167	0.00745	0.00677	0.00216	0.00890	0.00581	0.00450	0.11068
1	0.05540	0.02058	0.02955	0.09952	0.45869	0.08093	0.02227	0.02540	0.01878	0.02643	0.01502	0.01956	0.01247	0.00750	0.00784	0.00236	0.00998	0.00686	0.00421	0.07664
2	0.01973	0.02144	0.08223	0.08104	0.48360	0.05206	0.02395	0.02477	0.01892	0.02608	0.01954	0.02579	0.04180	0.00880	0.00837	0.00255	0.01006	0.03275	0.00435	0.01218
3	0.01848	0.02093	0.15365	0.02338	0.15262	0.01523	0.04195	0.02548	0.08285	0.07963	0.03188	0.03260	0.13753	0.01054	0.00821	0.00241	0.00823	0.00905	0.00578	0.13959
4	0.02159	0.02494	0.13633	0.04170	0.45692	0.05370	0.02487	0.08811	0.02100	0.02925	0.01581	0.01971	0.01270	0.00781	0.00814	0.00248	0.01045	0.00710	0.00445	0.01293
5	0.01830	0.08722	0.02502	0.02679	0.24075	0.01756	0.01612	0.05629	0.01873	0.02640	0.07643	0.08714	0.02362	0.06214	0.01219	0.00283	0.06870	0.00924	0.00523	0.11929
6	0.01654	0.01336	0.01686	0.01977	0.14664	0.03883	0.01243	0.02175	0.07668	0.07425	0.19222	0.05330	0.22409	0.01518	0.00924	0.00270	0.00634	0.04268	0.00743	0.00969
7	0.02438	0.54713	0.03861	0.01599	0.02240	0.19099	0.01467	0.02692	0.01852	0.01974	0.01187	0.01373	0.01067	0.00747	0.00586	0.00187	0.01039	0.00467	0.00373	0.01041
8	0.01242	0.00971	0.01255	0.01169	0.01401	0.00940	0.00887	0.01557	0.01937	0.02734	0.32306	0.13328	0.11031	0.02309	0.09876	0.00405	0.04807	0.01387	0.00737	0.09722
9	0.01787	0.01304	0.01501	0.01358	0.01611	0.01405	0.00997	0.19458	0.05759	0.02927	0.02811	0.16814	0.02874	0.23376	0.11660	0.00597	0.00972	0.01240	0.00664	0.00886
10	0.06202	0.02306	0.02369	0.07314	0.02746	0.09088	0.01577	0.43338	0.03305	0.10614	0.01970	0.02016	0.01394	0.00962	0.00809	0.00249	0.00959	0.00721	0.00758	0.01304
11	0.01321	0.01054	0.01380	0.01325	0.01352	0.01244	0.00948	0.01430	0.01313	0.01844	0.02564	0.16721	0.02899	0.32587	0.10806	0.00668	0.18094	0.01271	0.00513	0.00666
12	0.01008	0.00812	0.00886	0.00930	0.01138	0.00703	0.00667	0.01202	0.01813	0.02238	0.09898	0.22828	0.45527	0.05122	0.01139	0.00316	0.00451	0.01865	0.00767	0.00690
13	0.02403	0.54039	0.03896	0.01718	0.04920	0.13644	0.01507	0.05566	0.01913	0.02159	0.01234	0.01423	0.01094	0.00750	0.00595	0.00190	0.00993	0.00486	0.00393	0.01077
14	0.01016	0.00843	0.00889	0.00878	0.01143	0.00716	0.00658	0.01259	0.01975	0.02438	0.18522	0.07676	0.55058	0.02032	0.00981	0.00277	0.00416	0.01709	0.00797	0.00716
15	0.02177	0.11487	0.08744	0.02814	0.18623	0.14919	0.02001	0.02638	0.04944	0.02316	0.01410	0.01814	0.01211	0.00983	0.01302	0.00267	0.20188	0.00657	0.00411	0.01094
16	0.01146	0.00902	0.01041	0.00996	0.01245	0.00825	0.00750	0.01577	0.05859	0.02872	0.37032	0.06790	0.32258	0.01839	0.00973	0.00271	0.00420	0.01577	0.00849	0.00780
17	0.05501	0.03517	0.26697	0.02370	0.08486	0.24606	0.02173	0.08996	0.02187	0.02731	0.01742	0.01951	0.03695	0.00881	0.00779	0.00244	0.01210	0.00651	0.00456	0.01128
18	0.02827	0.02008	0.02140	0.01678	0.02246	0.02206	0.01374	0.50332	0.03461	0.04796	0.02142	0.02221	0.01560	0.00991	0.00780	0.00238	0.00806	0.00753	0.16161	0.01282
19	0.09977	0.02736	0.08540	0.03562	0.34721	0.21436	0.02147	0.02774	0.01968	0.02608	0.01432	0.01791	0.01176	0.00782	0.00766	0.00240	0.01125	0.00638	0.00421	0.01160
20	0.02179	0.01840	0.01942	0.01713	0.02203	0.02119	0.01342	0.10431	0.57921	0.03656	0.03238	0.02986	0.02420	0.01114	0.00844	0.00278	0.00684	0.00920	0.00844	0.01325
21	0.01012	0.00723	0.00964	0.01157	0.01205	0.00675	0.00771	0.01157	0.01591	0.02121	0.04579	0.70262	0.05495	0.02603	0.01060	0.00337	0.00482	0.02362	0.00771	0.00675
22	0.01426	0.01220	0.01593	0.01438	0.01653	0.01334	0.04023	0.06997	0.01823	0.02409	0.04575	0.18715	0.24112	0.05587	0.05004	0.00389	0.14773	0.01470	0.00645	0.00815
23	0.01330	0.00951	0.01327	0.01505	0.01696	0.00947	0.01310	0.01713	0.01935	0.02530	0.07536	0.09207	0.04939	0.02264	0.01139	0.00376	0.00746	0.57010	0.00773	0.00766
24	0.02779	0.03456	0.02159	0.01979	0.02370	0.56625	0.01488	0.03001	0.02222	0.02035	0.01809	0.02070	0.05025	0.01484	0.07637	0.00333	0.01508	0.00645	0.00450	0.00925
25	0.02221	0.71304	0.04353	0.01421	0.02132	0.03287	0.01421	0.02488	0.01688	0.01955	0.01155	0.01333	0.01066	0.00711	0.00533	0.00178	0.00888	0.00444	0.00355	0.01066
26	0.02787	0.03296	0.02209	0.02003	0.02444	0.47524	0.01517	0.03652	0.21191	0.02473	0.01924	0.01986	0.01517	0.00939	0.00778	0.00235	0.01242	0.00658	0.00555	0.01070
27	0.01078	0.00845	0.00975	0.00943	0.01181	0.00742	0.00707	0.01379	0.02121	0.02785	0.36668	0.07104	0.36695	0.01902	0.00981	0.00271	0.00406	0.01628	0.00843	0.00742
28	0.00991	0.00842	0.00855	0.00851	0.01128	0.00705	0.00639	0.01210	0.01916	0.02297	0.11159	0.07908	0.62509	0.02084	0.00982	0.00280	0.00419	0.01741	0.00778	0.00705
29	0.02540	0.01913	0.02073	0.01730	0.02257	0.02126	0.01379	0.30621	0.27965	0.07079	0.02860	0.08954	0.02284	0.01203	0.00859	0.00271	0.00760	0.00982	0.00840	0.01303
30	0.03103	0.03959	0.02354	0.02140	0.02568	0.67469	0.01605	0.03317	0.02354	0.02033	0.01284	0.01498	0.01070	0.00856	0.00749	0.00214	0.01498	0.00535	0.00428	0.00963
31	0.01884	0.01669	0.02046	0.09022	0.12120	0.01866	0.01524	0.03508	0.40725	0.03072	0.03508	0.03434	0.09701	0.01154	0.00857	0.00276	0.00726	0.00985	0.00721	0.01201
32	0.01190	0.00877	0.01269	0.01269	0.01395	0.01003	0.00956	0.01441	0.01316	0.01880	0.02285	0.03596	0.02221	0.16118	0.57823	0.01254	0.02008	0.00939	0.00454	0.00705
33	0.01915	0.18646	0.02309	0.01463	0.01887	0.02010	0.01220	0.06150	0.17837	0.05741	0.03594	0.09766	0.14302	0.01374	0.01007	0.00266	0.07735	0.01071	0.00662	0.01043
34	0.01129	0.00872	0.01046	0.01073	0.01306	0.00789	0.00852	0.01437	0.02038	0.02635	0.24738	0.07788	0.32860	0.02027	0.01022	0.00300	0.00497	0.16034	0.00813	0.00742
35	0.02032	0.10409	0.06175	0.03737	0.41157	0.07879	0.02125	0.02475	0.01942	0.02592	0.07238	0.02504	0.04424	0.00888	0.00800	0.00239	0.00959	0.00787	0.00461	0.01179
36	0.01874	0.20115	0.36184	0.02417	0.03423	0.02302	0.17335	0.02603	0.01789	0.02474	0.01456	0.01771	0.01107	0.00748	0.00774	0.00246	0.01188	0.00663	0.00369	0.01162
37	0.01583	0.06882	0.34466	0.05973	0.02899	0.01858	0.02226	0.02200	0.01650	0.02348	0.02391	0.02729	0.09673	0.01551	0.07055	0.00373	0.11882	0.00805	0.00418	0.01037
38	0.01208	0.00805	0.00906	0.00906	0.00906	0.00805	0.00503	0.01208	0.01208	0.01611	0.02618	0.05436	0.03020	0.70804	0.04228	0.00805	0.00805	0.01208	0.00503	0.00503
39	0.01652	0.01614	0.01396	0.01443	0.01621	0.17241	0.01024	0.05285	0.01914	0.02281	0.03616	0.49342	0.04167	0.02079	0.00970	0.00302	0.00758	0.01818	0.00690	0.00789

[dist]
# distance from previous block
# <min> <max>
0	11

[block]
# block no. 4 follows, 22 sequences, length 41
# corresponding to MSA columns:
# 225-265
name=unknown_E
#
# <colnr> <probs for GDERKNQSTAVLIFYWHMCP>
#	G	D	E	R	K	N	Q	S	T	A	V	L	I	F	Y	W	H	M	C	P
0	0.02104	0.06036	0.05128	0.05662	0.09495	0.12171	0.15464	0.10314	0.02081	0.02661	0.01734	0.02253	0.01430	0.02124	0.17063	0.00513	0.01461	0.00779	0.00472	0.01054
1	0.02202	0.68089	0.04270	0.01457	0.02134	0.03253	0.01440	0.02465	0.01669	0.01957	0.01152	0.01355	0.01067	0.00745	0.00635	0.00186	0.04053	0.00457	0.00356	0.01059
2	0.02314	0.30639	0.20353	0.01984	0.02758	0.21320	0.04980	0.02773	0.01911	0.02193	0.01308	0.01538	0.01073	0.00773	0.00686	0.00216	0.01180	0.00542	0.00378	0.01082
3	0.01221	0.00874	0.01254	0.01254	0.01397	0.00998	0.00960	0.01506	0.01364	0.02014	0.02296	0.03397	0.02146	0.10160	0.57065	0.01194	0.01960	0.00901	0.07309	0.00728
4	0.02305	0.67421	0.04218	0.01425	0.02132	0.03172	0.01410	0.02574	0.01726	0.05524	0.01273	0.01416	0.01121	0.00728	0.00550	0.00182	0.00878	0.00466	0.00393	0.01085
5	0.03003	0.22708	0.02862	0.01733	0.02337	0.21464	0.01456	0.13971	0.02445	0.17693	0.01844	0.01852	0.01363	0.00880	0.00721	0.00220	0.01029	0.00618	0.00621	0.01180
6	0.01047	0.00775	0.00978	0.01073	0.01199	0.00706	0.00749	0.01263	0.01830	0.02438	0.20024	0.43570	0.16714	0.02294	0.01027	0.00309	0.00449	0.02044	0.00806	0.00706
7	0.00982	0.00842	0.00842	0.00842	0.01122	0.00701	0.00631	0.01192	0.01894	0.02244	0.08416	0.07995	0.65285	0.02104	0.00982	0.00281	0.00421	0.01753	0.00771	0.00701
8	0.03044	0.02610	0.02477	0.02645	0.17778	0.27892	0.01715	0.06296	0.02325	0.22146	0.02002	0.02068	0.01451	0.00888	0.00798	0.00237	0.01101	0.00688	0.00629	0.01210
9	0.01194	0.00799	0.00910	0.00924	0.00928	0.00796	0.00523	0.01204	0.01236	0.01648	0.02761	0.10167	0.03201	0.65827	0.03997	0.00771	0.00782	0.01292	0.00523	0.00516
10	0.03653	0.01533	0.02002	0.01535	0.02180	0.01399	0.01268	0.11752	0.02578	0.58212	0.03109	0.02718	0.01972	0.01024	0.00835	0.00256	0.00734	0.00824	0.01002	0.01414
11	0.02202	0.01935	0.02937	0.20310	0.35246	0.02088	0.02252	0.17120	0.02324	0.03179	0.01646	0.02081	0.01287	0.00825	0.00827	0.00255	0.00999	0.00742	0.00503	0.01241
12	0.01789	0.01996	0.08039	0.02637	0.03283	0.01791	0.33727	0.02679	0.11694	0.02726	0.02603	0.07078	0.02335	0.01176	0.00981	0.00302	0.01103	0.12428	0.00566	0.01068
13	0.01992	0.01709	0.02225	0.02261	0.17541	0.01511	0.01443	0.10163	0.02050	0.03040	0.01565	0.01839	0.01275	0.00696	0.00694	0.00170	0.00745	0.00586	0.00517	0.47978
14	0.01187	0.00890	0.01335	0.01335	0.01483	0.01038	0.01038	0.01483	0.01335	0.01928	0.02225	0.03264	0.02077	0.06231	0.67512	0.01335	0.02225	0.00890	0.00445	0.00742
15	0.02566	0.45007	0.03573	0.01702	0.02302	0.28350	0.01493	0.02812	0.01948	0.01985	0.01205	0.01397	0.01068	0.00767	0.00617	0.00192	0.01127	0.00480	0.00384	0.01026
16	0.01769	0.01530	0.01988	0.08505	0.02472	0.01337	0.04994	0.05161	0.04341	0.02719	0.01676	0.02147	0.01412	0.05805	0.00944	0.00212	0.00747	0.00632	0.00507	0.51103
17	0.02234	0.02008	0.02078	0.05002	0.14128	0.17019	0.01504	0.05509	0.07680	0.09749	0.05238	0.18881	0.02734	0.01344	0.00874	0.00267	0.00900	0.01147	0.00650	0.01054
18	0.01463	0.01301	0.01676	0.02170	0.16988	0.05914	0.01272	0.01708	0.01706	0.02225	0.03538	0.31082	0.07776	0.09202	0.04588	0.00403	0.00810	0.04721	0.00614	0.00844
19	0.01818	0.01818	0.02545	0.02181	0.02181	0.02545	0.01818	0.01999	0.01272	0.01999	0.01091	0.01818	0.01091	0.01454	0.02726	0.00364	0.69284	0.00727	0.00364	0.00909
20	0.02029	0.02124	0.07822	0.04542	0.54425	0.01980	0.02458	0.02752	0.08423	0.02788	0.01749	0.02144	0.01425	0.00784	0.00822	0.00252	0.00970	0.00752	0.00452	0.01309
21	0.01187	0.00890	0.01335	0.01335	0.01483	0.01038	0.01038	0.01483	0.01335	0.01928	0.02225	0.03264	0.02077	0.06231	0.67512	0.01335	0.02225	0.00890	0.00445	0.00742
22	0.01754	0.01423	0.01891	0.21707	0.05573	0.01560	0.01513	0.16321	0.02258	0.02941	0.03610	0.14679	0.14134	0.01496	0.00919	0.00287	0.00803	0.05518	0.00650	0.00964
23	0.01666	0.04297	0.66500	0.02368	0.03596	0.01929	0.03069	0.02631	0.01754	0.02631	0.01491	0.01754	0.01052	0.00789	0.00789	0.00263	0.01228	0.00614	0.00351	0.01228
24	0.01633	0.01542	0.02607	0.60462	0.13569	0.01862	0.02339	0.02178	0.01691	0.02200	0.01488	0.02194	0.01135	0.00819	0.00829	0.00273	0.01092	0.00739	0.00375	0.00974
25	0.02237	0.01859	0.01715	0.01511	0.01926	0.10333	0.01177	0.13737	0.26650	0.03480	0.02661	0.02696	0.02025	0.01021	0.00750	0.00241	0.00731	0.00803	0.23326	0.01123
26	0.02056	0.01974	0.03372	0.05099	0.65622	0.01974	0.02550	0.02550	0.01892	0.02714	0.01563	0.02056	0.01316	0.00740	0.00822	0.00247	0.00987	0.00740	0.00411	0.01316
27	0.01680	0.04200	0.63600	0.02421	0.03631	0.01937	0.05872	0.02632	0.01764	0.02632	0.01500	0.01777	0.01062	0.00785	0.00798	0.00264	0.01236	0.00631	0.00354	0.01223
28	0.01569	0.01477	0.02492	0.68808	0.05722	0.01846	0.02307	0.02123	0.01661	0.02123	0.01477	0.02215	0.01107	0.00831	0.00831	0.00277	0.01107	0.00738	0.00369	0.00923
29	0.01507	0.01410	0.02318	0.61664	0.05238	0.01725	0.02131	0.02025	0.01686	0.02135	0.02206	0.02822	0.07853	0.00964	0.00846	0.00277	0.01035	0.00845	0.00411	0.00900
30	0.01120	0.00831	0.01043	0.01024	0.01215	0.00755	0.00755	0.01447	0.02170	0.02979	0.47135	0.14915	0.17762	0.01889	0.00991	0.00275	0.00409	0.01660	0.00870	0.00755
31	0.02066	0.01785	0.01878	0.01691	0.02160	0.02066	0.01315	0.04414	0.64121	0.03475	0.03381	0.03099	0.02536	0.01127	0.00845	0.00282	0.00657	0.00939	0.00845	0.01315
32	0.30599	0.02113	0.01742	0.01665	0.05105	0.18405	0.01235	0.06740	0.01923	0.05163	0.05064	0.02087	0.01609	0.01722	0.11135	0.00414	0.01133	0.00647	0.00538	0.00959
33	0.01134	0.00848	0.01053	0.01002	0.01216	0.00766	0.00751	0.01487	0.02254	0.03099	0.53038	0.06588	0.20130	0.01785	0.00980	0.00265	0.00398	0.01556	0.00884	0.00766
34	0.01913	0.01437	0.01605	0.01403	0.01804	0.01525	0.01098	0.12241	0.24063	0.07030	0.22879	0.04511	0.12189	0.01405	0.00902	0.00269	0.00587	0.01184	0.00865	0.01092
35	0.00982	0.00842	0.00842	0.00842	0.01122	0.00701	0.00631	0.01192	0.01894	0.02244	0.08416	0.07995	0.65285	0.02104	0.00982	0.00281	0.00421	0.01753	0.00771	0.00701
36	0.17752	0.02029	0.02115	0.04462	0.02414	0.02275	0.01413	0.40060	0.08903	0.04507	0.02042	0.04803	0.01572	0.01023	0.00778	0.00259	0.00825	0.00772	0.00747	0.01249
37	0.00989	0.00814	0.00870	0.00916	0.01142	0.00695	0.00664	0.01184	0.01822	0.02215	0.07510	0.22697	0.51168	0.02222	0.01000	0.00294	0.00435	0.01897	0.00771	0.00695
38	0.02033	0.01950	0.03330	0.08119	0.62782	0.01968	0.02538	0.02529	0.01881	0.02686	0.01559	0.02064	0.01306	0.00744	0.00823	0.00248	0.00993	0.00740	0.00409	0.01297
39	0.02056	0.01974	0.03372	0.05099	0.65622	0.01974	0.02550	0.02550	0.01892	0.02714	0.01563	0.02056	0.01316	0.00740	0.00822	0.00247	0.00987	0.00740	0.00411	0.01316
40	0.02362	0.02551	0.02616	0.03235	0.28656	0.24230	0.01900	0.03102	0.14061	0.02600	0.01970	0.05486	0.01677	0.00948	0.00814	0.00247	0.01072	0.00790	0.00519	0.01163

[dist]
# distance from previous block
# <min> <max>
0	4

# created by:
# /home/cegg/simao/soft/augustus-3.2.1/scripts/msa2prfl.pl ./align_prep/14109.fa
