[name]
unknown

[dist]
# distance from previous block
# <min> <max>
0	0

[block]
# block no. 0 follows, 20 sequences, length 8
# corresponding to MSA columns:
# 0-7
name=unknown_A
#
# <colnr> <probs for GDERKNQSTAVLIFYWHMCP>
#	G	D	E	R	K	N	Q	S	T	A	V	L	I	F	Y	W	H	M	C	P
0	0.01406	0.01004	0.01406	0.01606	0.01807	0.01004	0.01406	0.01807	0.02008	0.02610	0.04618	0.09839	0.05020	0.02410	0.01205	0.00402	0.00803	0.58032	0.00803	0.00803
1	0.02892	0.03463	0.02828	0.03281	0.23069	0.44617	0.02015	0.03215	0.02310	0.02373	0.01446	0.01768	0.01210	0.00858	0.00812	0.00236	0.01394	0.00633	0.00444	0.01135
2	0.03090	0.02669	0.02254	0.08574	0.02805	0.28952	0.01559	0.03583	0.07257	0.21579	0.02212	0.02238	0.01587	0.00955	0.00820	0.00244	0.01128	0.00712	0.00679	0.07104
3	0.01034	0.00872	0.00896	0.00915	0.01186	0.00734	0.00677	0.01248	0.01958	0.02344	0.08457	0.14081	0.58108	0.02258	0.01039	0.00300	0.00448	0.01901	0.00810	0.00734
4	0.01626	0.00813	0.00813	0.00813	0.01016	0.00813	0.00610	0.02033	0.01829	0.03252	0.02846	0.03252	0.02236	0.01016	0.00610	0.00203	0.00407	0.00813	0.74187	0.00813
5	0.07718	0.01942	0.02050	0.01759	0.02307	0.02194	0.01396	0.15219	0.42647	0.08340	0.03099	0.02882	0.02280	0.01124	0.00859	0.00286	0.00744	0.00904	0.00874	0.01377
6	0.02395	0.01986	0.02099	0.01821	0.02354	0.02275	0.01435	0.15713	0.50882	0.04012	0.03264	0.03026	0.02431	0.01157	0.00885	0.00289	0.00743	0.00947	0.00885	0.01401
7	0.01670	0.01047	0.01296	0.01182	0.01483	0.00964	0.00901	0.05226	0.02387	0.11840	0.34676	0.12518	0.17755	0.01825	0.01008	0.00285	0.00505	0.01579	0.00927	0.00924

[dist]
# distance from previous block
# <min> <max>
0	1

[block]
# block no. 1 follows, 20 sequences, length 20
# corresponding to MSA columns:
# 9-28
name=unknown_B
#
# <colnr> <probs for GDERKNQSTAVLIFYWHMCP>
#	G	D	E	R	K	N	Q	S	T	A	V	L	I	F	Y	W	H	M	C	P
0	0.02003	0.01064	0.01396	0.01214	0.01564	0.00951	0.00945	0.02378	0.02441	0.21248	0.41802	0.05620	0.10609	0.01610	0.00985	0.00275	0.00510	0.01393	0.00984	0.01010
1	0.01470	0.00940	0.01193	0.01123	0.01377	0.00845	0.00844	0.01812	0.02301	0.09752	0.41066	0.13384	0.16792	0.01886	0.01022	0.00286	0.00463	0.01647	0.00931	0.00867
2	0.02428	0.02698	0.03464	0.08136	0.31468	0.20668	0.13003	0.02904	0.02125	0.02591	0.01572	0.02034	0.01282	0.00811	0.00872	0.00258	0.01280	0.00760	0.00436	0.01210
3	0.01049	0.00815	0.00955	0.01067	0.01226	0.00721	0.00744	0.01231	0.01812	0.02284	0.06600	0.41913	0.31474	0.02500	0.01077	0.00328	0.00477	0.02196	0.00810	0.00721
4	0.01063	0.00759	0.01012	0.01215	0.01265	0.00709	0.00810	0.01215	0.01670	0.02227	0.04808	0.68775	0.05769	0.02733	0.01113	0.00354	0.00506	0.02480	0.00810	0.00709
5	0.01852	0.15965	0.54266	0.02312	0.03506	0.02276	0.02920	0.02736	0.01829	0.02638	0.01504	0.01764	0.01108	0.00814	0.00782	0.00261	0.01227	0.00613	0.00369	0.01259
6	0.01268	0.00846	0.00951	0.00951	0.00951	0.00846	0.00529	0.01268	0.01268	0.01691	0.02748	0.05708	0.03171	0.69345	0.04440	0.00846	0.00846	0.01268	0.00529	0.00529
7	0.01222	0.00826	0.00965	0.01011	0.01023	0.00814	0.00593	0.01256	0.01360	0.01814	0.03218	0.20105	0.03764	0.54139	0.03680	0.00733	0.00768	0.01545	0.00593	0.00570
8	0.01809	0.01550	0.01809	0.01292	0.02067	0.01163	0.01034	0.02196	0.01809	0.02842	0.01550	0.01809	0.01292	0.00646	0.00646	0.00129	0.00646	0.00517	0.00517	0.74677
9	0.01419	0.00775	0.01087	0.01109	0.01114	0.00770	0.00718	0.01170	0.01219	0.01625	0.02106	0.10281	0.02291	0.15950	0.03366	0.52314	0.00748	0.01041	0.00454	0.00443
10	0.01188	0.00884	0.01124	0.01268	0.01400	0.00853	0.00917	0.01543	0.05702	0.02446	0.07918	0.47321	0.11257	0.02490	0.01100	0.00347	0.00549	0.10099	0.00821	0.00773
11	0.02332	0.69869	0.04571	0.01493	0.02239	0.03451	0.01493	0.02612	0.01772	0.02052	0.01213	0.01399	0.01119	0.00746	0.00560	0.00187	0.00933	0.00466	0.00373	0.01119
12	0.02332	0.69869	0.04571	0.01493	0.02239	0.03451	0.01493	0.02612	0.01772	0.02052	0.01213	0.01399	0.01119	0.00746	0.00560	0.00187	0.00933	0.00466	0.00373	0.01119
13	0.01147	0.00837	0.01012	0.01059	0.01186	0.00774	0.00720	0.01344	0.01845	0.02454	0.20008	0.26645	0.17345	0.17480	0.01829	0.00433	0.00546	0.01849	0.00784	0.00702
14	0.01247	0.00837	0.00958	0.00979	0.00984	0.00831	0.00558	0.01263	0.01311	0.01748	0.02965	0.12350	0.03445	0.62330	0.04089	0.00794	0.00810	0.01396	0.00558	0.00547
15	0.02379	0.02474	0.03209	0.04465	0.47051	0.14817	0.02382	0.02985	0.06613	0.02767	0.01726	0.02124	0.01426	0.00832	0.00850	0.00255	0.01118	0.00750	0.00470	0.01308
16	0.01063	0.00759	0.01012	0.01215	0.01265	0.00709	0.00810	0.01215	0.01670	0.02227	0.04808	0.68775	0.05769	0.02733	0.01113	0.00354	0.00506	0.02480	0.00810	0.00709
17	0.01307	0.00924	0.01247	0.01417	0.01553	0.00913	0.01136	0.01590	0.01818	0.02382	0.04374	0.22559	0.04906	0.12759	0.01681	0.00459	0.00742	0.36730	0.00763	0.00740
18	0.01246	0.00935	0.01402	0.01402	0.01558	0.01090	0.01090	0.01558	0.01402	0.02025	0.02336	0.03427	0.02181	0.06542	0.65888	0.01402	0.02336	0.00935	0.00467	0.00779
19	0.01063	0.00759	0.01012	0.01215	0.01265	0.00709	0.00810	0.01215	0.01670	0.02227	0.04808	0.68775	0.05769	0.02733	0.01113	0.00354	0.00506	0.02480	0.00810	0.00709

[dist]
# distance from previous block
# <min> <max>
0	5

[block]
# block no. 2 follows, 20 sequences, length 37
# corresponding to MSA columns:
# 34-70
name=unknown_C
#
# <colnr> <probs for GDERKNQSTAVLIFYWHMCP>
#	G	D	E	R	K	N	Q	S	T	A	V	L	I	F	Y	W	H	M	C	P
0	0.02482	0.09969	0.14563	0.18465	0.03559	0.09582	0.02046	0.09565	0.02231	0.13061	0.01907	0.02175	0.01393	0.01174	0.03870	0.00314	0.01172	0.00717	0.00564	0.01188
1	0.02606	0.01959	0.01878	0.01635	0.02095	0.13778	0.01272	0.03557	0.19816	0.19514	0.18246	0.03681	0.03642	0.01253	0.00901	0.00270	0.00803	0.01026	0.00873	0.01197
2	0.01083	0.00886	0.00956	0.00938	0.01210	0.00759	0.00704	0.01352	0.02111	0.02648	0.22776	0.07915	0.49428	0.02100	0.01030	0.00289	0.00434	0.01774	0.00848	0.00759
3	0.01077	0.00765	0.01008	0.01196	0.01244	0.00718	0.00790	0.01218	0.01642	0.02190	0.04666	0.64431	0.05590	0.07321	0.01342	0.00388	0.00529	0.02396	0.00790	0.00696
4	0.02332	0.69869	0.04571	0.01493	0.02239	0.03451	0.01493	0.02612	0.01772	0.02052	0.01213	0.01399	0.01119	0.00746	0.00560	0.00187	0.00933	0.00466	0.00373	0.01119
5	0.01527	0.00956	0.01260	0.01147	0.01404	0.00873	0.00873	0.01931	0.02472	0.10161	0.56890	0.06128	0.07567	0.01706	0.01012	0.00274	0.00448	0.01501	0.00973	0.00895
6	0.01064	0.00885	0.00929	0.00918	0.01198	0.00750	0.00688	0.01315	0.02065	0.02540	0.17609	0.08093	0.54663	0.02141	0.01031	0.00291	0.00437	0.01799	0.00834	0.00750
7	0.02300	0.02358	0.03043	0.13836	0.24012	0.13795	0.08514	0.06910	0.07981	0.02850	0.02106	0.02465	0.04061	0.00929	0.00879	0.00267	0.01139	0.00831	0.00519	0.01204
8	0.03262	0.04039	0.02482	0.02231	0.02697	0.61494	0.01684	0.07445	0.02584	0.02366	0.01400	0.01609	0.01148	0.00909	0.00792	0.00227	0.01531	0.00577	0.00479	0.01044
9	0.02170	0.01874	0.01972	0.01775	0.02268	0.02170	0.01381	0.04635	0.62327	0.03649	0.03550	0.03254	0.02663	0.01183	0.00888	0.00296	0.00690	0.00986	0.00888	0.01381
10	0.03152	0.11692	0.02713	0.02161	0.02644	0.58688	0.01663	0.03383	0.02392	0.02125	0.01333	0.01553	0.01123	0.00881	0.00761	0.00220	0.01500	0.00551	0.00441	0.01024
11	0.01226	0.00828	0.00964	0.01006	0.01017	0.00817	0.00587	0.01257	0.01352	0.01803	0.03177	0.18849	0.03713	0.55465	0.03747	0.00743	0.00775	0.01521	0.00587	0.00566
12	0.01057	0.00783	0.00988	0.01151	0.01249	0.00714	0.00782	0.01222	0.01731	0.02252	0.05579	0.57220	0.16827	0.02633	0.01098	0.00343	0.00494	0.02358	0.00810	0.00714
13	0.02104	0.02296	0.02458	0.32410	0.11048	0.20715	0.02008	0.02526	0.02019	0.02288	0.02434	0.02861	0.09168	0.01040	0.00866	0.00268	0.01177	0.00849	0.00465	0.00999
14	0.45045	0.01669	0.01848	0.05246	0.14852	0.01827	0.01384	0.02576	0.01759	0.07065	0.07705	0.02218	0.01849	0.00919	0.00692	0.00269	0.00751	0.00685	0.00583	0.01056
15	0.02159	0.02073	0.03541	0.05354	0.63903	0.02073	0.02677	0.02677	0.01986	0.02850	0.01641	0.02159	0.01382	0.00777	0.00864	0.00259	0.01036	0.00777	0.00432	0.01382
16	0.02230	0.02068	0.02488	0.02914	0.21437	0.05839	0.01801	0.03960	0.40108	0.03313	0.02829	0.02816	0.02175	0.01041	0.00874	0.00280	0.00849	0.00897	0.00721	0.01360
17	0.01237	0.01054	0.01086	0.01063	0.01379	0.00992	0.00800	0.01856	0.12783	0.02581	0.07655	0.10981	0.49281	0.02056	0.01010	0.00298	0.00490	0.01725	0.00824	0.00850
18	0.01262	0.00932	0.01222	0.01381	0.01572	0.00892	0.01137	0.01578	0.01939	0.02484	0.05534	0.20817	0.17359	0.02430	0.01151	0.00370	0.00671	0.35693	0.00806	0.00771
19	0.01645	0.01477	0.02437	0.60661	0.05513	0.01826	0.02243	0.02209	0.01753	0.02330	0.01679	0.02417	0.01269	0.00886	0.00846	0.00282	0.01088	0.00779	0.07705	0.00954
20	0.01083	0.00773	0.01035	0.01237	0.01296	0.00726	0.00844	0.01249	0.01690	0.02249	0.04797	0.65374	0.05726	0.02714	0.01119	0.00357	0.00523	0.05686	0.00809	0.00714
21	0.02159	0.02073	0.03541	0.05354	0.63903	0.02073	0.02677	0.02677	0.01986	0.02850	0.01641	0.02159	0.01382	0.00777	0.00864	0.00259	0.01036	0.00777	0.00432	0.01382
22	0.03258	0.04157	0.02472	0.02247	0.02697	0.65843	0.01685	0.03483	0.02472	0.02135	0.01348	0.01573	0.01124	0.00899	0.00787	0.00225	0.01573	0.00562	0.00449	0.01011
23	0.02065	0.01976	0.03371	0.16743	0.53250	0.02048	0.02630	0.02595	0.01942	0.02735	0.01624	0.02190	0.01341	0.00795	0.00865	0.00265	0.01060	0.00777	0.00424	0.01306
24	0.02187	0.02168	0.03377	0.11073	0.54065	0.06524	0.02583	0.02690	0.01997	0.02740	0.01612	0.02134	0.01343	0.00795	0.00859	0.00260	0.01086	0.00762	0.00429	0.01316
25	0.01891	0.01398	0.01748	0.01559	0.01872	0.01575	0.01228	0.20021	0.02232	0.03081	0.02290	0.03172	0.02033	0.09230	0.41368	0.01008	0.01804	0.00912	0.00598	0.00980
26	0.01031	0.00884	0.00884	0.00884	0.01178	0.00736	0.00663	0.01252	0.01988	0.02356	0.08837	0.08395	0.63549	0.02209	0.01031	0.00295	0.00442	0.01841	0.00810	0.00736
27	0.01079	0.00782	0.00992	0.01151	0.01225	0.00725	0.00766	0.01224	0.01668	0.02190	0.05072	0.55797	0.12145	0.09067	0.01423	0.00395	0.00531	0.02290	0.00783	0.00694
28	0.01063	0.00759	0.01012	0.01215	0.01265	0.00709	0.00810	0.01215	0.01670	0.02227	0.04808	0.68775	0.05769	0.02733	0.01113	0.00354	0.00506	0.02480	0.00810	0.00709
29	0.01031	0.00884	0.00884	0.00884	0.01178	0.00736	0.00663	0.01252	0.01988	0.02356	0.08837	0.08395	0.63549	0.02209	0.01031	0.00295	0.00442	0.01841	0.00810	0.00736
30	0.01063	0.00759	0.01012	0.01215	0.01265	0.00709	0.00810	0.01215	0.01670	0.02227	0.04808	0.68775	0.05769	0.02733	0.01113	0.00354	0.00506	0.02480	0.00810	0.00709
31	0.02159	0.02073	0.03541	0.05354	0.63903	0.02073	0.02677	0.02677	0.01986	0.02850	0.01641	0.02159	0.01382	0.00777	0.00864	0.00259	0.01036	0.00777	0.00432	0.01382
32	0.01322	0.01046	0.01547	0.01504	0.01642	0.01272	0.01184	0.01620	0.01394	0.02033	0.02200	0.03253	0.02062	0.05967	0.58661	0.01285	0.09837	0.00915	0.00457	0.00799
33	0.01379	0.00996	0.01369	0.01556	0.01763	0.00985	0.01354	0.01768	0.02007	0.02593	0.04914	0.09738	0.09117	0.02396	0.01193	0.00394	0.00778	0.54099	0.00804	0.00799
34	0.02817	0.03323	0.02620	0.15843	0.09777	0.43048	0.01938	0.05934	0.02351	0.02392	0.01456	0.01813	0.01176	0.00888	0.00816	0.00244	0.01403	0.00639	0.00455	0.01064
35	0.30484	0.02205	0.02185	0.02292	0.13949	0.09450	0.01535	0.18235	0.02407	0.03897	0.01622	0.01843	0.01253	0.00887	0.00722	0.00257	0.00910	0.00640	0.04052	0.01173
36	0.07476	0.02285	0.02191	0.02345	0.13893	0.18086	0.01537	0.13447	0.02539	0.03398	0.13131	0.02873	0.02663	0.01073	0.00825	0.00248	0.00947	0.00854	0.09080	0.01108

[dist]
# distance from previous block
# <min> <max>
1	2

[block]
# block no. 3 follows, 20 sequences, length 7
# corresponding to MSA columns:
# 73-79
name=unknown_D
#
# <colnr> <probs for GDERKNQSTAVLIFYWHMCP>
#	G	D	E	R	K	N	Q	S	T	A	V	L	I	F	Y	W	H	M	C	P
0	0.02419	0.02552	0.02596	0.10221	0.18500	0.21862	0.01851	0.06039	0.02184	0.02702	0.01541	0.01899	0.01258	0.00807	0.00784	0.00218	0.01113	0.00642	0.00479	0.20333
1	0.01587	0.01472	0.01481	0.06812	0.01982	0.08558	0.01105	0.02263	0.12447	0.02812	0.19626	0.12343	0.20690	0.01723	0.00974	0.00288	0.00674	0.01463	0.00784	0.00916
2	0.37347	0.08570	0.08095	0.07243	0.02464	0.09392	0.01473	0.04962	0.01782	0.03177	0.01427	0.01756	0.01146	0.01331	0.06336	0.00358	0.01061	0.00578	0.00491	0.01012
3	0.16091	0.05922	0.10207	0.15874	0.15528	0.12202	0.07033	0.02710	0.01897	0.02758	0.01475	0.01900	0.01163	0.00823	0.00786	0.00263	0.01140	0.00675	0.00436	0.01116
4	0.02436	0.17341	0.28285	0.02206	0.03126	0.12011	0.06204	0.08042	0.02189	0.07907	0.01676	0.01860	0.01246	0.00856	0.00788	0.00249	0.01197	0.00653	0.00490	0.01238
5	0.09815	0.01112	0.01158	0.01136	0.01444	0.01081	0.00871	0.07250	0.02076	0.02833	0.06244	0.18744	0.35220	0.02050	0.00987	0.00307	0.00556	0.05500	0.00785	0.00832
6	0.11690	0.01979	0.09040	0.09058	0.02631	0.01788	0.01516	0.11702	0.11722	0.03436	0.02630	0.02768	0.06777	0.01024	0.00782	0.00250	0.00801	0.00807	0.06766	0.12833

[dist]
# distance from previous block
# <min> <max>
0	21

[block]
# block no. 4 follows, 20 sequences, length 9
# corresponding to MSA columns:
# 101-109
name=unknown_E
#
# <colnr> <probs for GDERKNQSTAVLIFYWHMCP>
#	G	D	E	R	K	N	Q	S	T	A	V	L	I	F	Y	W	H	M	C	P
0	0.02420	0.40187	0.17328	0.01887	0.02683	0.17679	0.01918	0.02848	0.01951	0.02228	0.01322	0.01537	0.01117	0.00800	0.00672	0.00215	0.01160	0.00528	0.00390	0.01132
1	0.01522	0.01178	0.01706	0.23377	0.02922	0.01393	0.01437	0.01907	0.01680	0.02481	0.02561	0.15396	0.02433	0.01839	0.06785	0.00386	0.08047	0.01126	0.20968	0.00857
2	0.01605	0.01133	0.01321	0.01208	0.01432	0.01175	0.00881	0.11290	0.02094	0.02904	0.14173	0.04919	0.09336	0.22904	0.12753	0.00628	0.00955	0.01204	0.07261	0.00826
3	0.12673	0.09474	0.10536	0.01573	0.02148	0.07567	0.01444	0.15490	0.02296	0.03444	0.01883	0.02159	0.01469	0.01056	0.00875	0.04931	0.00869	0.00673	0.18370	0.01069
4	0.01426	0.01192	0.01887	0.11547	0.02442	0.01323	0.07006	0.01773	0.01687	0.02386	0.06121	0.22968	0.03262	0.02745	0.14878	0.00545	0.07501	0.01395	0.07068	0.00847
5	0.01765	0.01466	0.01760	0.01409	0.01958	0.01321	0.03676	0.09415	0.06514	0.03147	0.09344	0.07765	0.16011	0.01310	0.00856	0.00228	0.00650	0.01111	0.00707	0.29585
6	0.10098	0.11087	0.02053	0.11671	0.02374	0.01776	0.01259	0.07273	0.05322	0.02657	0.02267	0.09276	0.02214	0.16074	0.07634	0.00492	0.00988	0.00982	0.00558	0.03944
7	0.08198	0.01559	0.07464	0.01287	0.01848	0.01168	0.01119	0.02076	0.01865	0.03018	0.10897	0.09818	0.02850	0.01118	0.00753	0.00211	0.00627	0.00930	0.11384	0.31810
8	0.17022	0.13884	0.32466	0.02024	0.02940	0.12742	0.02243	0.02818	0.01863	0.02783	0.01405	0.01644	0.01078	0.00824	0.00722	0.00253	0.01157	0.00569	0.00417	0.01148

[dist]
# distance from previous block
# <min> <max>
0	1

[block]
# block no. 5 follows, 20 sequences, length 101
# corresponding to MSA columns:
# 111-211
name=unknown_F
#
# <colnr> <probs for GDERKNQSTAVLIFYWHMCP>
#	G	D	E	R	K	N	Q	S	T	A	V	L	I	F	Y	W	H	M	C	P
0	0.02378	0.02428	0.02284	0.11113	0.05860	0.22050	0.01679	0.10566	0.08458	0.02761	0.01927	0.02372	0.01583	0.02210	0.15283	0.00514	0.04154	0.00766	0.00543	0.01071
1	0.01446	0.01111	0.01348	0.01277	0.01489	0.01183	0.00920	0.02031	0.12199	0.02270	0.02964	0.04327	0.05608	0.26903	0.25077	0.00867	0.01311	0.01076	0.00584	0.06009
2	0.01957	0.02395	0.16060	0.09198	0.14568	0.04966	0.02013	0.11698	0.02316	0.03073	0.06129	0.03691	0.15829	0.01221	0.00900	0.00274	0.00955	0.01018	0.00596	0.01144
3	0.01235	0.01057	0.01728	0.01608	0.01837	0.00977	0.11407	0.01499	0.01780	0.02344	0.04787	0.49245	0.12410	0.02312	0.01088	0.00336	0.00669	0.02141	0.00744	0.00795
4	0.02537	0.01816	0.02095	0.12996	0.02790	0.02024	0.01487	0.33718	0.03034	0.04280	0.02217	0.02470	0.01645	0.01008	0.00796	0.00250	0.00835	0.00792	0.22010	0.01200
5	0.01974	0.01652	0.01948	0.01461	0.02133	0.01463	0.01179	0.09709	0.02045	0.03080	0.01641	0.01954	0.01362	0.01129	0.04915	0.00244	0.05526	0.00595	0.00550	0.55440
6	0.01268	0.00846	0.00951	0.00951	0.00951	0.00846	0.00529	0.01268	0.01268	0.01691	0.02748	0.05708	0.03171	0.69345	0.04440	0.00846	0.00846	0.01268	0.00529	0.00529
7	0.02336	0.01722	0.01989	0.01474	0.02196	0.01517	0.01193	0.16026	0.02437	0.09423	0.04631	0.02198	0.01731	0.00832	0.00738	0.00180	0.00718	0.00661	0.00673	0.47326
8	0.03258	0.04157	0.02472	0.02247	0.02697	0.65843	0.01685	0.03483	0.02472	0.02135	0.01348	0.01573	0.01124	0.00899	0.00787	0.00225	0.01573	0.00562	0.00449	0.01011
9	0.01292	0.00952	0.01216	0.01139	0.01363	0.00906	0.00858	0.01831	0.06172	0.03507	0.59738	0.06314	0.07886	0.01746	0.01020	0.00276	0.00429	0.01541	0.00956	0.00858
10	0.01199	0.00860	0.01125	0.01291	0.01386	0.00828	0.00909	0.03954	0.01814	0.02413	0.04667	0.59707	0.05500	0.02624	0.01112	0.00355	0.00557	0.08136	0.00812	0.00753
11	0.11309	0.03692	0.45169	0.02852	0.14776	0.02026	0.02828	0.02721	0.01823	0.02927	0.01534	0.01846	0.01136	0.00817	0.00798	0.00272	0.01163	0.00647	0.00402	0.01262
12	0.01063	0.00759	0.01012	0.01215	0.01265	0.00709	0.00810	0.01215	0.01670	0.02227	0.04808	0.68775	0.05769	0.02733	0.01113	0.00354	0.00506	0.02480	0.00810	0.00709
13	0.01114	0.00910	0.00999	0.01043	0.01317	0.00795	0.00827	0.01374	0.01993	0.02412	0.07905	0.08714	0.50626	0.02253	0.01069	0.00318	0.00522	0.14248	0.00809	0.00751
14	0.01031	0.00884	0.00884	0.00884	0.01178	0.00736	0.00663	0.01252	0.01988	0.02356	0.08837	0.08395	0.63549	0.02209	0.01031	0.00295	0.00442	0.01841	0.00810	0.00736
15	0.54440	0.01840	0.07347	0.01280	0.01862	0.01770	0.01157	0.02546	0.01679	0.07473	0.06010	0.02326	0.05395	0.00980	0.00651	0.00272	0.00706	0.00672	0.00602	0.00990
16	0.03316	0.02443	0.02618	0.02007	0.02705	0.02705	0.01658	0.60995	0.04101	0.05497	0.02094	0.02094	0.01483	0.01047	0.00873	0.00262	0.00960	0.00785	0.00873	0.01483
17	0.01693	0.00899	0.01065	0.01025	0.01178	0.00917	0.00740	0.05600	0.01698	0.02693	0.02252	0.02930	0.01891	0.01841	0.01770	0.30587	0.00587	0.00789	0.39165	0.00680
18	0.03168	0.10779	0.02702	0.02147	0.02650	0.53583	0.01663	0.08696	0.02550	0.02436	0.01403	0.01603	0.01156	0.00897	0.00771	0.00224	0.01450	0.00573	0.00481	0.01066
19	0.01232	0.00939	0.01193	0.01232	0.01447	0.00812	0.00861	0.01437	0.01702	0.02366	0.04069	0.53583	0.04753	0.02259	0.01007	0.00303	0.00538	0.02034	0.00743	0.17490
20	0.03069	0.18225	0.02973	0.02019	0.02598	0.35778	0.01636	0.18127	0.02738	0.02984	0.01511	0.01669	0.01215	0.00903	0.00759	0.00226	0.01273	0.00598	0.00542	0.01157
21	0.01809	0.01550	0.01809	0.01292	0.02067	0.01163	0.01034	0.02196	0.01809	0.02842	0.01550	0.01809	0.01292	0.00646	0.00646	0.00129	0.00646	0.00517	0.00517	0.74677
22	0.01265	0.00963	0.01222	0.01206	0.01451	0.00834	0.00862	0.01527	0.01877	0.02643	0.17036	0.40243	0.05324	0.02062	0.00992	0.00287	0.00516	0.01847	0.00778	0.17064
23	0.01268	0.00846	0.00951	0.00951	0.00951	0.00846	0.00529	0.01268	0.01268	0.01691	0.02748	0.05708	0.03171	0.69345	0.04440	0.00846	0.00846	0.01268	0.00529	0.00529
24	0.01224	0.00853	0.00939	0.00939	0.00994	0.00825	0.00554	0.01265	0.01403	0.01816	0.03889	0.06212	0.14488	0.56762	0.03801	0.00742	0.00770	0.01376	0.00581	0.00567
25	0.03258	0.04157	0.02472	0.02247	0.02697	0.65843	0.01685	0.03483	0.02472	0.02135	0.01348	0.01573	0.01124	0.00899	0.00787	0.00225	0.01573	0.00562	0.00449	0.01011
26	0.01586	0.01231	0.01483	0.01407	0.01568	0.04727	0.01105	0.01903	0.01585	0.02437	0.02247	0.03018	0.01969	0.03630	0.30934	0.00784	0.12624	0.00847	0.24085	0.00832
27	0.01031	0.00884	0.00884	0.00884	0.01178	0.00736	0.00663	0.01252	0.01988	0.02356	0.08837	0.08395	0.63549	0.02209	0.01031	0.00295	0.00442	0.01841	0.00810	0.00736
28	0.02110	0.02527	0.07370	0.03445	0.04259	0.06166	0.50698	0.02789	0.02027	0.02706	0.01689	0.02253	0.01290	0.00802	0.01128	0.00295	0.05890	0.00966	0.00435	0.01156
29	0.02276	0.02574	0.02965	0.08673	0.08600	0.22142	0.12475	0.02641	0.01967	0.02334	0.01950	0.05335	0.04482	0.01148	0.01345	0.00292	0.16428	0.00882	0.00460	0.01030
30	0.02084	0.01333	0.01527	0.01326	0.01758	0.01288	0.01061	0.12833	0.05315	0.14768	0.11700	0.05910	0.28180	0.01710	0.00979	0.00290	0.00626	0.05367	0.00890	0.01055
31	0.01268	0.00846	0.00951	0.00951	0.00951	0.00846	0.00529	0.01268	0.01268	0.01691	0.02748	0.05708	0.03171	0.69345	0.04440	0.00846	0.00846	0.01268	0.00529	0.00529
32	0.01809	0.01550	0.01809	0.01292	0.02067	0.01163	0.01034	0.02196	0.01809	0.02842	0.01550	0.01809	0.01292	0.00646	0.00646	0.00129	0.00646	0.00517	0.00517	0.74677
33	0.02057	0.02081	0.02910	0.39119	0.13349	0.10267	0.06413	0.05628	0.02001	0.02513	0.01563	0.02175	0.01216	0.00892	0.00963	0.00281	0.04298	0.00766	0.00431	0.01074
34	0.01063	0.00759	0.01012	0.01215	0.01265	0.00709	0.00810	0.01215	0.01670	0.02227	0.04808	0.68775	0.05769	0.02733	0.01113	0.00354	0.00506	0.02480	0.00810	0.00709
35	0.01151	0.00947	0.01027	0.01041	0.01326	0.00846	0.00811	0.01514	0.04824	0.02533	0.11853	0.08226	0.48619	0.02160	0.01048	0.00308	0.00502	0.09658	0.00823	0.00782
36	0.01359	0.00898	0.01227	0.01227	0.01397	0.01008	0.00947	0.01699	0.01529	0.02390	0.02488	0.03375	0.02197	0.04899	0.46473	0.01045	0.01762	0.00898	0.22393	0.00789
37	0.01255	0.00840	0.00955	0.00969	0.00972	0.00837	0.00547	0.01265	0.01295	0.01727	0.02886	0.09915	0.03345	0.64901	0.04218	0.00813	0.00823	0.01349	0.00547	0.00541
38	0.02161	0.02029	0.03194	0.04564	0.50294	0.02094	0.02391	0.03109	0.15310	0.03026	0.02062	0.02401	0.01665	0.00867	0.00869	0.00267	0.00960	0.00823	0.00532	0.01381
39	0.01055	0.00791	0.00979	0.01129	0.01243	0.00716	0.00772	0.01224	0.01752	0.02260	0.05847	0.53198	0.20675	0.02598	0.01092	0.00339	0.00489	0.02315	0.00810	0.00716
40	0.01114	0.00848	0.01007	0.01069	0.01243	0.00764	0.00765	0.01341	0.01925	0.02493	0.17141	0.27483	0.27486	0.07045	0.01306	0.00354	0.00502	0.04565	0.00818	0.00732
41	0.01045	0.00871	0.00912	0.00929	0.01194	0.00738	0.00686	0.01269	0.01981	0.02404	0.11339	0.14524	0.54631	0.02240	0.01039	0.00300	0.00447	0.01893	0.00818	0.00738
42	0.08918	0.01908	0.02678	0.17925	0.25177	0.02113	0.02068	0.08562	0.15776	0.03240	0.02057	0.02371	0.01592	0.00920	0.00842	0.00276	0.00946	0.00797	0.00577	0.01257
43	0.03244	0.02408	0.02577	0.01992	0.02678	0.02672	0.01641	0.57467	0.07746	0.05382	0.02185	0.02167	0.01557	0.01056	0.00874	0.00264	0.00943	0.00798	0.00874	0.01477
44	0.01809	0.01550	0.01809	0.01292	0.02067	0.01163	0.01034	0.02196	0.01809	0.02842	0.01550	0.01809	0.01292	0.00646	0.00646	0.00129	0.00646	0.00517	0.00517	0.74677
45	0.01139	0.00888	0.01033	0.00997	0.01244	0.00782	0.00748	0.01461	0.02243	0.02961	0.37773	0.07399	0.34236	0.01983	0.01030	0.00284	0.00426	0.01701	0.00890	0.00782
46	0.01626	0.00813	0.00813	0.00813	0.01016	0.00813	0.00610	0.02033	0.01829	0.03252	0.02846	0.03252	0.02236	0.01016	0.00610	0.00203	0.00407	0.00813	0.74187	0.00813
47	0.01033	0.00877	0.00890	0.00900	0.01183	0.00735	0.00670	0.01250	0.01972	0.02350	0.08636	0.11396	0.60677	0.02235	0.01035	0.00298	0.00445	0.01873	0.00810	0.00735
48	0.02668	0.01523	0.01897	0.01398	0.02132	0.01211	0.01135	0.03035	0.02090	0.28016	0.02322	0.02282	0.01646	0.00823	0.00740	0.00187	0.00685	0.00664	0.00747	0.44797
49	0.01063	0.00759	0.01012	0.01215	0.01265	0.00709	0.00810	0.01215	0.01670	0.02227	0.04808	0.68775	0.05769	0.02733	0.01113	0.00354	0.00506	0.02480	0.00810	0.00709
50	0.01061	0.00765	0.01006	0.01198	0.01261	0.00710	0.00802	0.01216	0.01686	0.02233	0.05009	0.65766	0.08649	0.02707	0.01109	0.00351	0.00503	0.02448	0.00810	0.00710
51	0.02159	0.02073	0.03541	0.05354	0.63903	0.02073	0.02677	0.02677	0.01986	0.02850	0.01641	0.02159	0.01382	0.00777	0.00864	0.00259	0.01036	0.00777	0.00432	0.01382
52	0.03258	0.04157	0.02472	0.02247	0.02697	0.65843	0.01685	0.03483	0.02472	0.02135	0.01348	0.01573	0.01124	0.00899	0.00787	0.00225	0.01573	0.00562	0.00449	0.01011
53	0.01266	0.00854	0.00994	0.00994	0.01009	0.00869	0.00582	0.01296	0.01281	0.01723	0.02709	0.05491	0.03077	0.63365	0.10291	0.00899	0.00988	0.01237	0.00523	0.00552
54	0.01626	0.00813	0.00813	0.00813	0.01016	0.00813	0.00610	0.02033	0.01829	0.03252	0.02846	0.03252	0.02236	0.01016	0.00610	0.00203	0.00407	0.00813	0.74187	0.00813
55	0.01264	0.00865	0.01051	0.01051	0.01085	0.00900	0.00653	0.01332	0.01298	0.01765	0.02657	0.05204	0.02953	0.55477	0.18008	0.00968	0.01175	0.01195	0.00515	0.00584
56	0.03124	0.03942	0.02401	0.02191	0.02621	0.61523	0.01646	0.03355	0.02401	0.02127	0.01414	0.01697	0.01194	0.01275	0.05129	0.00303	0.01624	0.00587	0.00451	0.00996
57	0.03226	0.02356	0.02521	0.01943	0.02615	0.02604	0.01602	0.57843	0.03980	0.05377	0.02134	0.02156	0.01524	0.01045	0.00859	0.00259	0.00930	0.00787	0.04791	0.01448
58	0.02159	0.02073	0.03541	0.05354	0.63903	0.02073	0.02677	0.02677	0.01986	0.02850	0.01641	0.02159	0.01382	0.00777	0.00864	0.00259	0.01036	0.00777	0.00432	0.01382
59	0.03079	0.03405	0.02537	0.02193	0.02640	0.40974	0.01711	0.17663	0.02716	0.02970	0.01506	0.01752	0.01217	0.01026	0.01107	0.00257	0.10934	0.00647	0.00545	0.01121
60	0.01063	0.00759	0.01012	0.01215	0.01265	0.00709	0.00810	0.01215	0.01670	0.02227	0.04808	0.68775	0.05769	0.02733	0.01113	0.00354	0.00506	0.02480	0.00810	0.00709
61	0.01681	0.01585	0.02678	0.63119	0.09870	0.01947	0.02439	0.02259	0.01760	0.02270	0.01556	0.02314	0.01177	0.00866	0.00872	0.00289	0.01154	0.00775	0.00391	0.00997
62	0.01293	0.00972	0.01458	0.06018	0.01845	0.01136	0.01160	0.01629	0.01447	0.02100	0.02306	0.03340	0.02112	0.05867	0.58056	0.01264	0.02158	0.00917	0.04126	0.00794
63	0.01054	0.00891	0.00916	0.00929	0.01218	0.00753	0.00709	0.01287	0.01989	0.02372	0.08572	0.08485	0.59886	0.02222	0.01042	0.00301	0.00464	0.05358	0.00810	0.00741
64	0.01479	0.01156	0.01212	0.01136	0.01502	0.01110	0.00871	0.02240	0.16328	0.06508	0.07249	0.06840	0.45313	0.01896	0.00987	0.00293	0.00519	0.01579	0.00845	0.00935
65	0.01083	0.00875	0.00899	0.00899	0.01128	0.00761	0.00633	0.01256	0.01829	0.02210	0.07492	0.07802	0.50217	0.17033	0.01784	0.00416	0.00531	0.01715	0.00748	0.00690
66	0.01920	0.01276	0.01323	0.01170	0.01527	0.01325	0.00916	0.15532	0.06652	0.03596	0.04046	0.04123	0.15632	0.01299	0.00782	0.00243	0.00561	0.01046	0.36041	0.00990
67	0.01198	0.00857	0.00931	0.00931	0.01019	0.00813	0.00568	0.01264	0.01483	0.01889	0.04559	0.06507	0.21129	0.49377	0.03426	0.00682	0.00726	0.01439	0.00612	0.00590
68	0.06957	0.01052	0.01312	0.01180	0.01495	0.00979	0.00908	0.02157	0.02339	0.14838	0.41973	0.08687	0.09413	0.01653	0.00970	0.00278	0.00498	0.01427	0.00937	0.00945
69	0.03264	0.03980	0.02487	0.02222	0.02697	0.59328	0.01683	0.09417	0.02640	0.02482	0.01425	0.01627	0.01161	0.00914	0.00795	0.00229	0.01510	0.00585	0.00493	0.01060
70	0.02493	0.06746	0.02701	0.20365	0.03610	0.20564	0.04762	0.10917	0.13640	0.02920	0.01929	0.02197	0.01481	0.00947	0.00839	0.00263	0.01166	0.00748	0.00565	0.01146
71	0.02008	0.02895	0.23173	0.03843	0.27582	0.02094	0.15940	0.02853	0.05734	0.02860	0.01765	0.02171	0.01361	0.00809	0.00892	0.00275	0.01193	0.00806	0.00442	0.01306
72	0.01063	0.00759	0.01012	0.01215	0.01265	0.00709	0.00810	0.01215	0.01670	0.02227	0.04808	0.68775	0.05769	0.02733	0.01113	0.00354	0.00506	0.02480	0.00810	0.00709
73	0.02285	0.06627	0.02389	0.02488	0.15719	0.22513	0.01599	0.02863	0.08456	0.02822	0.15811	0.03090	0.03020	0.01100	0.00844	0.00247	0.00988	0.00893	0.05163	0.01083
74	0.02294	0.02847	0.13994	0.03187	0.23190	0.14045	0.02205	0.03426	0.19998	0.02938	0.02140	0.02317	0.01664	0.00930	0.00850	0.00267	0.01080	0.00775	0.00559	0.01295
75	0.01923	0.23950	0.46904	0.02191	0.03318	0.02450	0.02708	0.02718	0.01821	0.02551	0.01460	0.01710	0.01109	0.00804	0.00749	0.00250	0.01183	0.00592	0.00370	0.01239
76	0.01246	0.00935	0.01402	0.01402	0.01558	0.01090	0.01090	0.01558	0.01402	0.02025	0.02336	0.03427	0.02181	0.06542	0.65888	0.01402	0.02336	0.00935	0.00467	0.00779
77	0.01858	0.01766	0.02997	0.41749	0.29859	0.01993	0.02527	0.02413	0.01844	0.02485	0.01588	0.02257	0.01253	0.00833	0.00869	0.00278	0.01111	0.00776	0.00406	0.01139
78	0.01757	0.08648	0.56868	0.02334	0.03520	0.02046	0.02959	0.02683	0.01876	0.02761	0.05370	0.02101	0.01547	0.00882	0.00823	0.00270	0.01211	0.00690	0.00405	0.01249
79	0.02159	0.02073	0.03541	0.05354	0.63903	0.02073	0.02677	0.02677	0.01986	0.02850	0.01641	0.02159	0.01382	0.00777	0.00864	0.00259	0.01036	0.00777	0.00432	0.01382
80	0.01063	0.00759	0.01012	0.01215	0.01265	0.00709	0.00810	0.01215	0.01670	0.02227	0.04808	0.68775	0.05769	0.02733	0.01113	0.00354	0.00506	0.02480	0.00810	0.00709
81	0.02007	0.02728	0.21416	0.07705	0.30844	0.02068	0.02580	0.03041	0.13238	0.02935	0.01971	0.02280	0.01526	0.00875	0.00858	0.00273	0.01055	0.00777	0.00496	0.01328
82	0.02175	0.02149	0.03378	0.11546	0.54098	0.06050	0.02589	0.02681	0.01992	0.02741	0.01613	0.02139	0.01343	0.00795	0.00860	0.00260	0.01083	0.00764	0.00428	0.01316
83	0.02758	0.02664	0.02574	0.23216	0.03773	0.21235	0.01914	0.24850	0.02853	0.03438	0.01696	0.02014	0.01273	0.00946	0.00847	0.00260	0.01208	0.00716	0.00590	0.01176
84	0.01090	0.00818	0.01018	0.01166	0.01298	0.00747	0.00832	0.01286	0.01791	0.02301	0.05876	0.46387	0.21297	0.02558	0.01101	0.00343	0.00519	0.08039	0.00809	0.00726
85	0.02943	0.02865	0.02315	0.01998	0.02531	0.26857	0.01556	0.16956	0.22817	0.06702	0.02363	0.02326	0.01774	0.01037	0.00845	0.00259	0.01095	0.00771	0.00725	0.01267
86	0.03125	0.03489	0.02548	0.02384	0.06990	0.43417	0.01730	0.16197	0.06544	0.03023	0.01671	0.01835	0.01318	0.00941	0.00817	0.00240	0.01345	0.00653	0.00569	0.01165
87	0.01268	0.00846	0.00951	0.00951	0.00951	0.00846	0.00529	0.01268	0.01268	0.01691	0.02748	0.05708	0.03171	0.69345	0.04440	0.00846	0.00846	0.01268	0.00529	0.00529
88	0.01203	0.00818	0.00971	0.01035	0.01051	0.00802	0.00617	0.01251	0.01395	0.01861	0.03399	0.25637	0.03992	0.48296	0.03389	0.00690	0.00738	0.01651	0.00617	0.00585
89	0.01337	0.01075	0.01592	0.24925	0.02902	0.01206	0.01328	0.01610	0.01576	0.02074	0.02965	0.24817	0.03244	0.20177	0.04949	0.00513	0.00919	0.01468	0.00566	0.00757
90	0.01684	0.01631	0.02654	0.05429	0.02609	0.01988	0.12250	0.02015	0.01537	0.02229	0.01939	0.09632	0.01911	0.02591	0.16160	0.00584	0.30732	0.01037	0.00458	0.00930
91	0.01515	0.00758	0.01136	0.01136	0.01136	0.00758	0.00758	0.01136	0.01136	0.01515	0.01515	0.02652	0.01515	0.03030	0.03409	0.74621	0.00758	0.00758	0.00379	0.00379
92	0.24216	0.02458	0.02490	0.02932	0.22174	0.18059	0.01815	0.02771	0.01875	0.02891	0.01377	0.01760	0.01157	0.00914	0.01005	0.00269	0.09640	0.00631	0.00462	0.01104
93	0.01052	0.00884	0.00913	0.00906	0.01191	0.00745	0.00679	0.01293	0.02038	0.02474	0.14471	0.08201	0.57842	0.02165	0.01031	0.00292	0.00439	0.01814	0.00826	0.00745
94	0.03193	0.08793	0.02620	0.02194	0.02664	0.61441	0.01672	0.03422	0.02423	0.02129	0.01339	0.01561	0.01123	0.00888	0.00771	0.00222	0.01528	0.00555	0.00444	0.01019
95	0.01197	0.00890	0.01115	0.01058	0.01280	0.00807	0.00794	0.01574	0.02381	0.03290	0.53491	0.06858	0.18313	0.01861	0.01029	0.00278	0.00417	0.01626	0.00933	0.00807
96	0.02134	0.02093	0.03529	0.03814	0.28753	0.02139	0.18746	0.03293	0.19953	0.03072	0.02244	0.02540	0.01746	0.00886	0.00918	0.00280	0.01056	0.00911	0.00570	0.01323
97	0.01063	0.00759	0.01012	0.01215	0.01265	0.00709	0.00810	0.01215	0.01670	0.02227	0.04808	0.68775	0.05769	0.02733	0.01113	0.00354	0.00506	0.02480	0.00810	0.00709
98	0.01031	0.00884	0.00884	0.00884	0.01178	0.00736	0.00663	0.01252	0.01988	0.02356	0.08837	0.08395	0.63549	0.02209	0.01031	0.00295	0.00442	0.01841	0.00810	0.00736
99	0.02170	0.01874	0.01972	0.01775	0.02268	0.02170	0.01381	0.04635	0.62327	0.03649	0.03550	0.03254	0.02663	0.01183	0.00888	0.00296	0.00690	0.00986	0.00888	0.01381
100	0.01771	0.04360	0.60615	0.02570	0.03831	0.02038	0.07280	0.02765	0.01857	0.02765	0.01579	0.01878	0.01120	0.00822	0.00843	0.00278	0.01302	0.00672	0.00373	0.01281

[dist]
# distance from previous block
# <min> <max>
0	10

# created by:
# /home/cegg/simao/soft/augustus-3.2.1/scripts/msa2prfl.pl ./align_prep/14119.fa
