[name]
unknown

[dist]
# distance from previous block
# <min> <max>
0	0

[block]
# block no. 0 follows, 20 sequences, length 11
# corresponding to MSA columns:
# 0-10
name=unknown_A
#
# <colnr> <probs for GDERKNQSTAVLIFYWHMCP>
#	G	D	E	R	K	N	Q	S	T	A	V	L	I	F	Y	W	H	M	C	P
0	0.01406	0.01004	0.01406	0.01606	0.01807	0.01004	0.01406	0.01807	0.02008	0.02610	0.04618	0.09839	0.05020	0.02410	0.01205	0.00402	0.00803	0.58032	0.00803	0.00803
1	0.01174	0.00889	0.01082	0.01034	0.01266	0.00797	0.00775	0.01529	0.02326	0.03159	0.47208	0.07074	0.24677	0.01910	0.01029	0.00280	0.00421	0.01656	0.00916	0.00797
2	0.01268	0.00846	0.00951	0.00951	0.00951	0.00846	0.00529	0.01268	0.01268	0.01691	0.02748	0.05708	0.03171	0.69345	0.04440	0.00846	0.00846	0.01268	0.00529	0.00529
3	0.02582	0.02832	0.02828	0.03473	0.28564	0.26490	0.02047	0.03364	0.13842	0.02731	0.01898	0.02147	0.01531	0.00902	0.00839	0.00253	0.01175	0.00735	0.00527	0.01240
4	0.01207	0.00820	0.00969	0.01030	0.01045	0.00805	0.00612	0.01252	0.01388	0.01851	0.03361	0.24458	0.03944	0.49541	0.03451	0.00700	0.00745	0.01629	0.00612	0.00582
5	0.02159	0.02073	0.03541	0.05354	0.63903	0.02073	0.02677	0.02677	0.01986	0.02850	0.01641	0.02159	0.01382	0.00777	0.00864	0.00259	0.01036	0.00777	0.00432	0.01382
6	0.02513	0.02744	0.03196	0.04353	0.44191	0.22611	0.02358	0.02937	0.02143	0.02619	0.01547	0.01970	0.01299	0.00816	0.00839	0.00248	0.01209	0.00708	0.00437	0.01262
7	0.02494	0.02438	0.03245	0.04395	0.45708	0.11646	0.02378	0.11466	0.02373	0.03137	0.01665	0.02062	0.01358	0.00835	0.00853	0.00254	0.01105	0.00746	0.00500	0.01342
8	0.02159	0.02073	0.03541	0.05354	0.63903	0.02073	0.02677	0.02677	0.01986	0.02850	0.01641	0.02159	0.01382	0.00777	0.00864	0.00259	0.01036	0.00777	0.00432	0.01382
9	0.02160	0.02056	0.03408	0.05050	0.58674	0.02081	0.02567	0.02843	0.07106	0.02918	0.01803	0.02252	0.01490	0.00812	0.00866	0.00262	0.01007	0.00795	0.00470	0.01382
10	0.02310	0.03737	0.29472	0.03202	0.19953	0.21012	0.02616	0.02953	0.02069	0.02600	0.01522	0.01849	0.01186	0.00835	0.00826	0.00256	0.01304	0.00656	0.00410	0.01232

[dist]
# distance from previous block
# <min> <max>
0	3

[block]
# block no. 1 follows, 20 sequences, length 10
# corresponding to MSA columns:
# 14-23
name=unknown_B
#
# <colnr> <probs for GDERKNQSTAVLIFYWHMCP>
#	G	D	E	R	K	N	Q	S	T	A	V	L	I	F	Y	W	H	M	C	P
0	0.02215	0.19908	0.27690	0.02730	0.16069	0.02325	0.02402	0.02935	0.04539	0.08750	0.01765	0.01972	0.01340	0.00837	0.00776	0.00250	0.01066	0.00666	0.00476	0.01290
1	0.30303	0.10158	0.02330	0.01647	0.02268	0.08426	0.01373	0.26880	0.02695	0.04187	0.01592	0.01710	0.01205	0.00909	0.00703	0.00253	0.00907	0.00610	0.00650	0.01195
2	0.03014	0.02218	0.02403	0.01901	0.02512	0.02438	0.01544	0.52991	0.03776	0.05059	0.02458	0.11022	0.02057	0.01273	0.00905	0.00274	0.00899	0.01012	0.00864	0.01380
3	0.02433	0.53173	0.03986	0.01624	0.02302	0.11378	0.01504	0.02968	0.09152	0.02255	0.01512	0.01645	0.01306	0.00819	0.00629	0.00205	0.00987	0.00541	0.00445	0.01137
4	0.01997	0.01887	0.03186	0.14584	0.49351	0.01941	0.02473	0.02516	0.01992	0.02811	0.07120	0.02572	0.01956	0.00881	0.00880	0.00265	0.01000	0.00848	0.00472	0.01268
5	0.01694	0.18299	0.02151	0.01384	0.01731	0.01722	0.01108	0.06174	0.09054	0.02795	0.13736	0.28917	0.04376	0.01775	0.00917	0.00285	0.00649	0.01529	0.00740	0.00963
6	0.03200	0.02811	0.02582	0.06029	0.02904	0.18188	0.01711	0.43279	0.03557	0.04472	0.01878	0.01980	0.01375	0.01000	0.00851	0.00254	0.01123	0.00730	0.00739	0.01336
7	0.02158	0.01974	0.03176	0.21942	0.40643	0.02112	0.02484	0.09574	0.02174	0.02998	0.01671	0.02197	0.01334	0.00836	0.00867	0.00268	0.01062	0.00778	0.00473	0.01281
8	0.02034	0.02274	0.11802	0.03016	0.18152	0.01947	0.11148	0.09746	0.02126	0.03018	0.02038	0.10199	0.01850	0.01102	0.01068	0.00275	0.06950	0.00975	0.00531	0.09750
9	0.02530	0.01916	0.02060	0.01699	0.02215	0.02090	0.01349	0.35689	0.12923	0.04296	0.03424	0.09189	0.09630	0.05519	0.01133	0.00315	0.00806	0.01125	0.00841	0.01250

[dist]
# distance from previous block
# <min> <max>
3	36

[block]
# block no. 2 follows, 20 sequences, length 30
# corresponding to MSA columns:
# 60-89
name=unknown_C
#
# <colnr> <probs for GDERKNQSTAVLIFYWHMCP>
#	G	D	E	R	K	N	Q	S	T	A	V	L	I	F	Y	W	H	M	C	P
0	0.02221	0.03890	0.46117	0.02342	0.03453	0.02230	0.02752	0.20275	0.02521	0.03585	0.01724	0.01918	0.01219	0.00894	0.00842	0.00272	0.01190	0.00687	0.00520	0.01348
1	0.28945	0.02744	0.14521	0.02148	0.09697	0.14003	0.01765	0.02824	0.01871	0.05491	0.01478	0.01715	0.01141	0.00822	0.00705	0.00249	0.01010	0.00579	0.00495	0.07795
2	0.09111	0.03383	0.15838	0.01989	0.02618	0.31595	0.01803	0.03099	0.08505	0.02620	0.02501	0.02601	0.08637	0.01060	0.00813	0.00256	0.01202	0.00768	0.00529	0.01073
3	0.02098	0.03407	0.39139	0.02936	0.16678	0.01942	0.02723	0.05794	0.02081	0.08778	0.04817	0.02260	0.01634	0.00899	0.00853	0.00271	0.01122	0.00749	0.00504	0.01315
4	0.02159	0.02073	0.03541	0.05354	0.63903	0.02073	0.02677	0.02677	0.01986	0.02850	0.01641	0.02159	0.01382	0.00777	0.00864	0.00259	0.01036	0.00777	0.00432	0.01382
5	0.02076	0.16860	0.03548	0.19157	0.36635	0.02344	0.02356	0.02557	0.01882	0.02527	0.01525	0.02031	0.01272	0.00793	0.00799	0.00251	0.01043	0.00708	0.00408	0.01226
6	0.01876	0.13563	0.42401	0.02354	0.03316	0.02358	0.05084	0.02623	0.01750	0.02541	0.01446	0.01809	0.01123	0.00938	0.01162	0.00283	0.13145	0.00655	0.00374	0.01200
7	0.02123	0.02036	0.03475	0.09720	0.59819	0.02063	0.02659	0.02645	0.01969	0.02806	0.01634	0.02171	0.01366	0.00784	0.00864	0.00261	0.01045	0.00777	0.00429	0.01353
8	0.03166	0.02826	0.02579	0.07339	0.02969	0.19413	0.01727	0.40975	0.03478	0.04340	0.01852	0.01974	0.01362	0.00994	0.00850	0.00254	0.01139	0.00725	0.00721	0.01316
9	0.02974	0.16439	0.02886	0.02108	0.02577	0.48908	0.01667	0.03206	0.02248	0.02116	0.01306	0.01567	0.01125	0.00921	0.00911	0.00230	0.06795	0.00560	0.00429	0.01027
10	0.03079	0.02367	0.02807	0.02692	0.15232	0.02576	0.01867	0.49058	0.03668	0.04955	0.02001	0.02107	0.01463	0.00992	0.00871	0.00261	0.00976	0.00784	0.00782	0.01463
11	0.01515	0.00758	0.01136	0.01136	0.01136	0.00758	0.00758	0.01136	0.01136	0.01515	0.01515	0.02652	0.01515	0.03030	0.03409	0.74621	0.00758	0.00758	0.00379	0.00379
12	0.01246	0.00935	0.01402	0.01402	0.01558	0.01090	0.01090	0.01558	0.01402	0.02025	0.02336	0.03427	0.02181	0.06542	0.65888	0.01402	0.02336	0.00935	0.00467	0.00779
13	0.02337	0.02452	0.03238	0.10340	0.46117	0.15113	0.02451	0.02801	0.02064	0.02647	0.01573	0.02054	0.01309	0.00811	0.00849	0.00255	0.01158	0.00733	0.00431	0.01268
14	0.02159	0.02073	0.03541	0.05354	0.63903	0.02073	0.02677	0.02677	0.01986	0.02850	0.01641	0.02159	0.01382	0.00777	0.00864	0.00259	0.01036	0.00777	0.00432	0.01382
15	0.01049	0.00884	0.00909	0.00903	0.01190	0.00744	0.00677	0.01288	0.02032	0.02460	0.13796	0.08224	0.58525	0.02170	0.01031	0.00293	0.00439	0.01817	0.00824	0.00744
16	0.01073	0.00885	0.00942	0.00928	0.01204	0.00754	0.00696	0.01333	0.02087	0.02591	0.20078	0.08008	0.52162	0.02121	0.01030	0.00290	0.00436	0.01787	0.00841	0.00754
17	0.02342	0.36210	0.22772	0.01954	0.02808	0.15781	0.02067	0.02837	0.01937	0.02289	0.01350	0.01572	0.01116	0.00803	0.00689	0.00222	0.01174	0.00541	0.00387	0.01150
18	0.03052	0.03724	0.02377	0.02158	0.02615	0.53766	0.01628	0.03702	0.13825	0.02422	0.01766	0.01892	0.01416	0.00953	0.00806	0.00238	0.01406	0.00642	0.00533	0.01081
19	0.02885	0.01920	0.02416	0.02440	0.14036	0.02015	0.01656	0.15694	0.22418	0.20707	0.02860	0.02730	0.02039	0.01050	0.00877	0.00275	0.00825	0.00875	0.00851	0.01431
20	0.15518	0.01339	0.01475	0.01602	0.07543	0.01393	0.01087	0.02358	0.14244	0.03041	0.09551	0.12398	0.21952	0.01624	0.00902	0.00292	0.00599	0.01358	0.00750	0.00973
21	0.02245	0.02148	0.02521	0.03093	0.26462	0.11040	0.01820	0.11480	0.07857	0.03112	0.03423	0.03536	0.15150	0.01187	0.00893	0.00266	0.00940	0.01000	0.00626	0.01202
22	0.02486	0.02133	0.02937	0.03628	0.33181	0.02271	0.02106	0.19465	0.15851	0.03768	0.02188	0.02382	0.01692	0.00942	0.00871	0.00268	0.00939	0.00825	0.00656	0.01410
23	0.10960	0.22585	0.03497	0.03445	0.33070	0.07623	0.02036	0.02709	0.01902	0.02678	0.01438	0.01796	0.01230	0.00782	0.00728	0.00236	0.01006	0.00630	0.00428	0.01221
24	0.02574	0.02335	0.02976	0.03669	0.33216	0.08049	0.02131	0.18817	0.10976	0.03613	0.02002	0.02240	0.01564	0.00918	0.00862	0.00262	0.01016	0.00789	0.00616	0.01375
25	0.02511	0.06822	0.03448	0.03926	0.33519	0.22693	0.09143	0.02946	0.02138	0.02566	0.01536	0.01948	0.01276	0.00810	0.00840	0.00248	0.01254	0.00719	0.00435	0.01223
26	0.02075	0.02876	0.20776	0.02330	0.06362	0.11310	0.02132	0.07776	0.01952	0.02639	0.01640	0.02160	0.01371	0.02093	0.13616	0.00503	0.16101	0.00734	0.00451	0.01102
27	0.02615	0.26002	0.08419	0.02601	0.14238	0.27505	0.01932	0.02978	0.02092	0.02293	0.01375	0.01647	0.01170	0.00819	0.00728	0.00222	0.01232	0.00577	0.00414	0.01141
28	0.02607	0.30577	0.03597	0.02706	0.17648	0.24496	0.01852	0.02927	0.02065	0.02278	0.01365	0.01647	0.01186	0.00806	0.00713	0.00218	0.01178	0.00576	0.00414	0.01147
29	0.02189	0.22283	0.08222	0.02822	0.22398	0.07677	0.01907	0.05559	0.02050	0.02667	0.02246	0.02500	0.06972	0.00943	0.00762	0.00236	0.00969	0.00756	0.05670	0.01172

[dist]
# distance from previous block
# <min> <max>
7	65

[block]
# block no. 3 follows, 20 sequences, length 50
# corresponding to MSA columns:
# 156-205
name=unknown_D
#
# <colnr> <probs for GDERKNQSTAVLIFYWHMCP>
#	G	D	E	R	K	N	Q	S	T	A	V	L	I	F	Y	W	H	M	C	P
0	0.06210	0.07892	0.28871	0.02213	0.03000	0.11583	0.05453	0.02648	0.01846	0.02567	0.01766	0.02086	0.03997	0.00994	0.01126	0.00274	0.11871	0.00700	0.00424	0.04479
1	0.01664	0.01581	0.02214	0.20065	0.15003	0.04949	0.01794	0.02049	0.01827	0.02367	0.03423	0.07415	0.14794	0.01709	0.04836	0.00364	0.08239	0.04203	0.00537	0.00968
2	0.11523	0.05062	0.02109	0.01801	0.02141	0.25285	0.01407	0.06743	0.02081	0.02643	0.05328	0.02834	0.01995	0.08081	0.04831	0.00387	0.10649	0.03614	0.00535	0.00952
3	0.02210	0.02196	0.03397	0.04890	0.54650	0.06318	0.02547	0.02681	0.01963	0.02739	0.01579	0.02099	0.01345	0.00849	0.01028	0.00267	0.06731	0.00762	0.00429	0.01321
4	0.05646	0.36771	0.16319	0.01873	0.02623	0.15280	0.01885	0.02784	0.01887	0.02301	0.01308	0.01553	0.01111	0.00839	0.00784	0.00227	0.04760	0.00538	0.00395	0.01116
5	0.01740	0.01627	0.01644	0.01568	0.01773	0.13755	0.01215	0.02036	0.01657	0.02205	0.02107	0.02916	0.01895	0.04333	0.39779	0.00938	0.07497	0.00833	0.09637	0.00843
6	0.04712	0.04308	0.59780	0.02483	0.03725	0.02031	0.05545	0.02756	0.01836	0.02810	0.01560	0.01846	0.01108	0.00824	0.00826	0.00277	0.01272	0.00654	0.00378	0.01271
7	0.01063	0.00759	0.01012	0.01215	0.01265	0.00709	0.00810	0.01215	0.01670	0.02227	0.04808	0.68775	0.05769	0.02733	0.01113	0.00354	0.00506	0.02480	0.00810	0.00709
8	0.01750	0.04512	0.64825	0.02486	0.03775	0.02026	0.03223	0.02762	0.01842	0.02762	0.01565	0.01842	0.01105	0.00829	0.00829	0.00276	0.01289	0.00645	0.00368	0.01289
9	0.02162	0.17904	0.40315	0.02235	0.03250	0.14703	0.02568	0.02871	0.01950	0.02494	0.01451	0.01698	0.01112	0.00825	0.00765	0.00248	0.01271	0.00592	0.00385	0.01200
10	0.02059	0.02353	0.05147	0.03676	0.04559	0.02206	0.60735	0.02794	0.02059	0.02794	0.01765	0.02353	0.01324	0.00735	0.01029	0.00294	0.01471	0.01029	0.00441	0.01176
11	0.01063	0.00759	0.01012	0.01215	0.01265	0.00709	0.00810	0.01215	0.01670	0.02227	0.04808	0.68775	0.05769	0.02733	0.01113	0.00354	0.00506	0.02480	0.00810	0.00709
12	0.02115	0.02028	0.03462	0.10605	0.58992	0.02061	0.02655	0.02639	0.01966	0.02797	0.01633	0.02173	0.01363	0.00785	0.00864	0.00262	0.01047	0.00777	0.00428	0.01347
13	0.01863	0.17194	0.53133	0.02293	0.03477	0.02302	0.02887	0.02733	0.01828	0.02625	0.01497	0.01756	0.01108	0.00813	0.00777	0.00259	0.01220	0.00610	0.00369	0.01256
14	0.02170	0.01874	0.01972	0.01775	0.02268	0.02170	0.01381	0.04635	0.62327	0.03649	0.03550	0.03254	0.02663	0.01183	0.00888	0.00296	0.00690	0.00986	0.00888	0.01381
15	0.01058	0.00778	0.00993	0.01165	0.01252	0.00713	0.00788	0.01220	0.01718	0.02246	0.05414	0.59681	0.14472	0.02654	0.01101	0.00345	0.00496	0.02384	0.00810	0.00713
16	0.01977	0.01887	0.03213	0.27321	0.43355	0.02025	0.02587	0.02518	0.01900	0.02629	0.01609	0.02218	0.01304	0.00811	0.00867	0.00270	0.01081	0.00776	0.00416	0.01235
17	0.03316	0.02443	0.02618	0.02007	0.02705	0.02705	0.01658	0.60995	0.04101	0.05497	0.02094	0.02094	0.01483	0.01047	0.00873	0.00262	0.00960	0.00785	0.00873	0.01483
18	0.01031	0.00884	0.00884	0.00884	0.01178	0.00736	0.00663	0.01252	0.01988	0.02356	0.08837	0.08395	0.63549	0.02209	0.01031	0.00295	0.00442	0.01841	0.00810	0.00736
19	0.02392	0.01984	0.02098	0.01820	0.02353	0.02274	0.01434	0.15571	0.51029	0.04008	0.03268	0.03029	0.02434	0.01157	0.00885	0.00289	0.00743	0.00947	0.00885	0.01401
20	0.03204	0.02260	0.02460	0.01926	0.02590	0.02479	0.01578	0.46720	0.12707	0.11237	0.02451	0.02358	0.01730	0.01071	0.00875	0.00268	0.00897	0.00825	0.00896	0.01468
21	0.01063	0.00759	0.01012	0.01215	0.01265	0.00709	0.00810	0.01215	0.01670	0.02227	0.04808	0.68775	0.05769	0.02733	0.01113	0.00354	0.00506	0.02480	0.00810	0.00709
22	0.03316	0.02443	0.02618	0.02007	0.02705	0.02705	0.01658	0.60995	0.04101	0.05497	0.02094	0.02094	0.01483	0.01047	0.00873	0.00262	0.00960	0.00785	0.00873	0.01483
23	0.02319	0.02199	0.01942	0.01718	0.02193	0.14311	0.01334	0.12203	0.29515	0.03367	0.03992	0.03812	0.14727	0.01319	0.00895	0.00277	0.00851	0.01050	0.00784	0.01192
24	0.02115	0.02028	0.03462	0.10605	0.58992	0.02061	0.02655	0.02639	0.01966	0.02797	0.01633	0.02173	0.01363	0.00785	0.00864	0.00262	0.01047	0.00777	0.00428	0.01347
25	0.01098	0.00886	0.00977	0.00954	0.01219	0.00765	0.00716	0.01382	0.02147	0.02734	0.26884	0.07774	0.45267	0.02068	0.01030	0.00288	0.00432	0.01754	0.00860	0.00765
26	0.01474	0.01125	0.01611	0.01939	0.14161	0.01079	0.01178	0.01907	0.02290	0.03334	0.43168	0.05212	0.06073	0.01481	0.00943	0.00262	0.00540	0.01317	0.09970	0.00937
27	0.02710	0.03537	0.15411	0.02601	0.10480	0.31721	0.02089	0.11791	0.02469	0.02854	0.01596	0.01881	0.01264	0.01199	0.04364	0.00309	0.01397	0.00660	0.00495	0.01173
28	0.01246	0.00935	0.01402	0.01402	0.01558	0.01090	0.01090	0.01558	0.01402	0.02025	0.02336	0.03427	0.02181	0.06542	0.65888	0.01402	0.02336	0.00935	0.00467	0.00779
29	0.01750	0.04512	0.64825	0.02486	0.03775	0.02026	0.03223	0.02762	0.01842	0.02762	0.01565	0.01842	0.01105	0.00829	0.00829	0.00276	0.01289	0.00645	0.00368	0.01289
30	0.02361	0.01933	0.02045	0.01774	0.02247	0.05351	0.01415	0.21752	0.24976	0.03846	0.05847	0.03371	0.02551	0.02034	0.10693	0.00453	0.01063	0.04252	0.00795	0.01242
31	0.02108	0.02000	0.03396	0.05100	0.59694	0.02000	0.02591	0.02618	0.01988	0.02834	0.01843	0.02679	0.01628	0.00888	0.00887	0.00269	0.01020	0.04658	0.00457	0.01342
32	0.01043	0.00884	0.00900	0.00896	0.01185	0.00741	0.00672	0.01275	0.02016	0.02423	0.12024	0.08285	0.60320	0.02184	0.01031	0.00293	0.00440	0.01826	0.00819	0.00741
33	0.05110	0.03978	0.50728	0.02651	0.03830	0.02057	0.13965	0.02760	0.01867	0.02820	0.01587	0.01919	0.01139	0.00810	0.00854	0.00279	0.01296	0.00709	0.00390	0.01252
34	0.01907	0.22183	0.48534	0.02218	0.03360	0.02411	0.02755	0.02722	0.01823	0.02570	0.01470	0.01722	0.01109	0.00806	0.00756	0.00252	0.01193	0.00596	0.00370	0.01243
35	0.01063	0.00759	0.01012	0.01215	0.01265	0.00709	0.00810	0.01215	0.01670	0.02227	0.04808	0.68775	0.05769	0.02733	0.01113	0.00354	0.00506	0.02480	0.00810	0.00709
36	0.01750	0.04512	0.64825	0.02486	0.03775	0.02026	0.03223	0.02762	0.01842	0.02762	0.01565	0.01842	0.01105	0.00829	0.00829	0.00276	0.01289	0.00645	0.00368	0.01289
37	0.02325	0.02412	0.03455	0.04785	0.51359	0.12024	0.05457	0.02809	0.02066	0.02735	0.01601	0.02077	0.01339	0.00794	0.00860	0.00255	0.01142	0.00756	0.00435	0.01314
38	0.01801	0.04208	0.57193	0.02843	0.11263	0.02032	0.03155	0.02752	0.01860	0.02773	0.01575	0.01881	0.01139	0.00822	0.00833	0.00274	0.01258	0.00661	0.00376	0.01301
39	0.01063	0.00759	0.01012	0.01215	0.01265	0.00709	0.00810	0.01215	0.01670	0.02227	0.04808	0.68775	0.05769	0.02733	0.01113	0.00354	0.00506	0.02480	0.00810	0.00709
40	0.02296	0.02332	0.03408	0.04967	0.56281	0.10014	0.02554	0.02777	0.02047	0.02761	0.01604	0.02086	0.01350	0.00792	0.00854	0.00255	0.01103	0.00750	0.00434	0.01336
41	0.01326	0.02118	0.23004	0.01572	0.02147	0.01201	0.01642	0.01830	0.01900	0.02552	0.08144	0.18583	0.22524	0.01834	0.00992	0.00308	0.00774	0.05952	0.00665	0.00931
42	0.01707	0.07403	0.52650	0.02237	0.03344	0.01929	0.02792	0.02596	0.01927	0.02830	0.10330	0.02482	0.02117	0.00960	0.00843	0.00271	0.01146	0.00768	0.00453	0.01214
43	0.02159	0.02073	0.03541	0.05354	0.63903	0.02073	0.02677	0.02677	0.01986	0.02850	0.01641	0.02159	0.01382	0.00777	0.00864	0.00259	0.01036	0.00777	0.00432	0.01382
44	0.02378	0.32126	0.25360	0.01941	0.02850	0.06842	0.02116	0.07786	0.02089	0.06834	0.01572	0.01732	0.01216	0.00834	0.00718	0.00233	0.01090	0.00590	0.00467	0.01228
45	0.02159	0.02073	0.03541	0.05354	0.63903	0.02073	0.02677	0.02677	0.01986	0.02850	0.01641	0.02159	0.01382	0.00777	0.00864	0.00259	0.01036	0.00777	0.00432	0.01382
46	0.02280	0.02581	0.03943	0.03404	0.12729	0.14618	0.30003	0.02786	0.01999	0.02550	0.01554	0.02093	0.01262	0.00915	0.01285	0.00291	0.13289	0.00853	0.00431	0.01136
47	0.01199	0.00958	0.01084	0.01058	0.01329	0.00876	0.00807	0.01645	0.06129	0.02860	0.27640	0.07468	0.36723	0.02001	0.01030	0.00293	0.00467	0.04752	0.00868	0.00813
48	0.02523	0.56335	0.04139	0.01648	0.02333	0.16302	0.01532	0.02791	0.01916	0.02069	0.01241	0.01435	0.01120	0.00778	0.00606	0.00194	0.01065	0.00486	0.00389	0.01097
49	0.02598	0.02905	0.03114	0.04114	0.39474	0.27525	0.02281	0.02999	0.02180	0.02564	0.01524	0.01925	0.01279	0.00826	0.00833	0.00245	0.01251	0.00691	0.00439	0.01234

[dist]
# distance from previous block
# <min> <max>
0	1

[block]
# block no. 4 follows, 20 sequences, length 19
# corresponding to MSA columns:
# 207-225
name=unknown_E
#
# <colnr> <probs for GDERKNQSTAVLIFYWHMCP>
#	G	D	E	R	K	N	Q	S	T	A	V	L	I	F	Y	W	H	M	C	P
0	0.02225	0.10741	0.18261	0.02364	0.12352	0.04694	0.01980	0.02751	0.02067	0.13754	0.08210	0.07029	0.02628	0.01196	0.00876	0.00274	0.00949	0.05834	0.00630	0.01186
1	0.01246	0.00935	0.01402	0.01402	0.01558	0.01090	0.01090	0.01558	0.01402	0.02025	0.02336	0.03427	0.02181	0.06542	0.65888	0.01402	0.02336	0.00935	0.00467	0.00779
2	0.01808	0.11043	0.58804	0.02387	0.03622	0.02168	0.03050	0.02747	0.01835	0.02691	0.01530	0.01797	0.01106	0.00820	0.00802	0.00267	0.01254	0.00627	0.00369	0.01272
3	0.02524	0.02499	0.03305	0.04197	0.40350	0.12926	0.05698	0.12173	0.02411	0.03151	0.01671	0.02061	0.01351	0.00839	0.00862	0.00256	0.01140	0.00757	0.00506	0.01324
4	0.01836	0.03982	0.51207	0.03035	0.13949	0.02044	0.06304	0.02750	0.01878	0.02779	0.01589	0.01923	0.01164	0.00815	0.00846	0.00274	0.01257	0.00688	0.00383	0.01299
5	0.01063	0.00759	0.01012	0.01215	0.01265	0.00709	0.00810	0.01215	0.01670	0.02227	0.04808	0.68775	0.05769	0.02733	0.01113	0.00354	0.00506	0.02480	0.00810	0.00709
6	0.02356	0.02516	0.03125	0.14328	0.39325	0.18149	0.02387	0.02810	0.02071	0.02571	0.01553	0.02037	0.01282	0.00823	0.00845	0.00255	0.01192	0.00723	0.00429	0.01223
7	0.01750	0.04512	0.64825	0.02486	0.03775	0.02026	0.03223	0.02762	0.01842	0.02762	0.01565	0.01842	0.01105	0.00829	0.00829	0.00276	0.01289	0.00645	0.00368	0.01289
8	0.02159	0.02073	0.03541	0.05354	0.63903	0.02073	0.02677	0.02677	0.01986	0.02850	0.01641	0.02159	0.01382	0.00777	0.00864	0.00259	0.01036	0.00777	0.00432	0.01382
9	0.01983	0.03731	0.48866	0.02192	0.03272	0.01876	0.02678	0.06634	0.02034	0.07127	0.01879	0.02102	0.01335	0.00882	0.00809	0.00266	0.01125	0.00690	0.09261	0.01258
10	0.02117	0.26439	0.22123	0.01841	0.02627	0.14219	0.01928	0.02603	0.01959	0.02335	0.02569	0.02690	0.11128	0.01035	0.00760	0.00239	0.01083	0.00759	0.00456	0.01090
11	0.01268	0.00846	0.00951	0.00951	0.00951	0.00846	0.00529	0.01268	0.01268	0.01691	0.02748	0.05708	0.03171	0.69345	0.04440	0.00846	0.00846	0.01268	0.00529	0.00529
12	0.01131	0.00888	0.01023	0.00989	0.01240	0.00779	0.00742	0.01446	0.02225	0.02919	0.35772	0.07468	0.36262	0.01999	0.01030	0.00285	0.00427	0.01711	0.00884	0.00779
13	0.02033	0.01944	0.03312	0.20628	0.49616	0.02039	0.02614	0.02566	0.01926	0.02696	0.01618	0.02200	0.01328	0.00801	0.00866	0.00267	0.01067	0.00777	0.00421	0.01280
14	0.01900	0.02372	0.11499	0.22377	0.04895	0.02105	0.36607	0.02623	0.01940	0.02623	0.01677	0.02284	0.01250	0.00787	0.00959	0.00291	0.01358	0.00908	0.00417	0.01128
15	0.02097	0.02401	0.11070	0.04788	0.48829	0.02085	0.10468	0.02703	0.01979	0.02832	0.01648	0.02147	0.01341	0.00778	0.00881	0.00266	0.01124	0.00795	0.00425	0.01343
16	0.01492	0.01164	0.01294	0.01246	0.01582	0.01120	0.01010	0.10974	0.02332	0.02924	0.06690	0.07749	0.38820	0.02073	0.01049	0.00316	0.00616	0.15856	0.00818	0.00873
17	0.26804	0.13978	0.18147	0.01710	0.02511	0.02268	0.01751	0.11371	0.02109	0.09597	0.01654	0.01776	0.01215	0.00866	0.00699	0.00256	0.00922	0.00601	0.00571	0.01194
18	0.01286	0.00919	0.01269	0.01470	0.01618	0.00901	0.01198	0.01601	0.01890	0.02477	0.04684	0.30367	0.05281	0.02522	0.01173	0.00385	0.00700	0.38683	0.00805	0.00770

[dist]
# distance from previous block
# <min> <max>
0	7

[block]
# block no. 5 follows, 20 sequences, length 136
# corresponding to MSA columns:
# 233-368
name=unknown_F
#
# <colnr> <probs for GDERKNQSTAVLIFYWHMCP>
#	G	D	E	R	K	N	Q	S	T	A	V	L	I	F	Y	W	H	M	C	P
0	0.01063	0.00759	0.01012	0.01215	0.01265	0.00709	0.00810	0.01215	0.01670	0.02227	0.04808	0.68775	0.05769	0.02733	0.01113	0.00354	0.00506	0.02480	0.00810	0.00709
1	0.02377	0.02610	0.03350	0.03949	0.33201	0.18895	0.10968	0.02822	0.02091	0.02594	0.01832	0.02259	0.03679	0.00898	0.00981	0.00263	0.04777	0.00798	0.00450	0.01206
2	0.01750	0.04512	0.64825	0.02486	0.03775	0.02026	0.03223	0.02762	0.01842	0.02762	0.01565	0.01842	0.01105	0.00829	0.00829	0.00276	0.01289	0.00645	0.00368	0.01289
3	0.02159	0.02073	0.03541	0.05354	0.63903	0.02073	0.02677	0.02677	0.01986	0.02850	0.01641	0.02159	0.01382	0.00777	0.00864	0.00259	0.01036	0.00777	0.00432	0.01382
4	0.01750	0.04512	0.64825	0.02486	0.03775	0.02026	0.03223	0.02762	0.01842	0.02762	0.01565	0.01842	0.01105	0.00829	0.00829	0.00276	0.01289	0.00645	0.00368	0.01289
5	0.01072	0.00766	0.01021	0.01208	0.01267	0.00715	0.00810	0.01238	0.01714	0.02297	0.08031	0.65353	0.05905	0.02681	0.01109	0.00350	0.00501	0.02430	0.00818	0.00715
6	0.02520	0.56549	0.04145	0.01646	0.02332	0.16099	0.01532	0.02789	0.01914	0.02069	0.01240	0.01434	0.01120	0.00777	0.00606	0.00194	0.01063	0.00486	0.00389	0.01097
7	0.01031	0.00884	0.00884	0.00884	0.01178	0.00736	0.00663	0.01252	0.01988	0.02356	0.08837	0.08395	0.63549	0.02209	0.01031	0.00295	0.00442	0.01841	0.00810	0.00736
8	0.03043	0.03813	0.02357	0.02157	0.02575	0.58919	0.01622	0.03277	0.02357	0.02123	0.01454	0.01771	0.01237	0.01502	0.07747	0.00351	0.01655	0.00602	0.00451	0.00986
9	0.01465	0.01169	0.01722	0.02230	0.14242	0.01146	0.01492	0.01832	0.01948	0.02572	0.04477	0.17500	0.10398	0.02110	0.01103	0.00354	0.00766	0.31843	0.00730	0.00899
10	0.01751	0.01656	0.02804	0.54702	0.17744	0.01965	0.02474	0.02320	0.01793	0.02355	0.01569	0.02292	0.01207	0.00853	0.00870	0.00284	0.01137	0.00776	0.00397	0.01053
11	0.01750	0.04512	0.64825	0.02486	0.03775	0.02026	0.03223	0.02762	0.01842	0.02762	0.01565	0.01842	0.01105	0.00829	0.00829	0.00276	0.01289	0.00645	0.00368	0.01289
12	0.02267	0.03178	0.20467	0.03922	0.34676	0.14986	0.02629	0.02864	0.02044	0.02680	0.01560	0.01951	0.01252	0.00816	0.00838	0.00257	0.01216	0.00696	0.00418	0.01281
13	0.02159	0.02073	0.03541	0.05354	0.63903	0.02073	0.02677	0.02677	0.01986	0.02850	0.01641	0.02159	0.01382	0.00777	0.00864	0.00259	0.01036	0.00777	0.00432	0.01382
14	0.01088	0.00902	0.00963	0.00994	0.01274	0.00777	0.00776	0.01336	0.01991	0.02395	0.08195	0.08614	0.54647	0.02240	0.01057	0.00311	0.00497	0.10387	0.00809	0.00747
15	0.03199	0.03906	0.02453	0.02203	0.02672	0.57768	0.01666	0.07505	0.06095	0.02455	0.01529	0.01707	0.01239	0.00926	0.00798	0.00231	0.01479	0.00602	0.00504	0.01065
16	0.02370	0.39683	0.19694	0.01902	0.02728	0.15731	0.01978	0.02827	0.01932	0.02252	0.01331	0.01549	0.01117	0.00798	0.00675	0.00217	0.01155	0.00532	0.00387	0.01141
17	0.01931	0.01840	0.03129	0.32916	0.38122	0.02013	0.02564	0.02477	0.01878	0.02573	0.01601	0.02233	0.01284	0.00819	0.00867	0.00273	0.01093	0.00776	0.00412	0.01198
18	0.01750	0.04512	0.64825	0.02486	0.03775	0.02026	0.03223	0.02762	0.01842	0.02762	0.01565	0.01842	0.01105	0.00829	0.00829	0.00276	0.01289	0.00645	0.00368	0.01289
19	0.01565	0.01374	0.01988	0.02664	0.23451	0.01332	0.01576	0.02033	0.04675	0.02646	0.05091	0.06306	0.25391	0.01706	0.01006	0.00307	0.00746	0.14456	0.00679	0.01008
20	0.01560	0.01498	0.01265	0.01282	0.01449	0.13954	0.00878	0.01697	0.01783	0.02083	0.04340	0.25041	0.15804	0.21134	0.01973	0.00455	0.00806	0.01618	0.00657	0.00725
21	0.01262	0.01084	0.01104	0.01064	0.01399	0.01027	0.00808	0.01938	0.14220	0.02618	0.07765	0.07353	0.51207	0.02001	0.01002	0.00295	0.00492	0.01668	0.00826	0.00867
22	0.02423	0.01743	0.01914	0.01598	0.02082	0.01838	0.01268	0.34245	0.03109	0.06822	0.04071	0.16927	0.14961	0.01626	0.00954	0.00288	0.00753	0.01347	0.00856	0.01175
23	0.02095	0.01996	0.03392	0.05111	0.60229	0.01993	0.02568	0.02591	0.01968	0.02813	0.01827	0.06066	0.01639	0.00892	0.00878	0.00265	0.01005	0.00877	0.00454	0.01342
24	0.02066	0.01978	0.03373	0.16546	0.53435	0.02048	0.02631	0.02596	0.01942	0.02737	0.01624	0.02189	0.01342	0.00794	0.00865	0.00265	0.01059	0.00777	0.00424	0.01307
25	0.01750	0.04512	0.64825	0.02486	0.03775	0.02026	0.03223	0.02762	0.01842	0.02762	0.01565	0.01842	0.01105	0.00829	0.00829	0.00276	0.01289	0.00645	0.00368	0.01289
26	0.01880	0.19202	0.51282	0.02263	0.03430	0.02346	0.02834	0.02729	0.01826	0.02603	0.01486	0.01742	0.01108	0.00810	0.00768	0.00256	0.01209	0.00605	0.00369	0.01251
27	0.02161	0.02032	0.03223	0.04629	0.51411	0.02092	0.02414	0.03074	0.14216	0.03012	0.02028	0.02381	0.01641	0.00860	0.00868	0.00267	0.00966	0.00820	0.00524	0.01381
28	0.01121	0.00797	0.01014	0.01163	0.01226	0.00754	0.00777	0.01260	0.01626	0.02147	0.04616	0.49212	0.08590	0.16185	0.01788	0.00453	0.00587	0.05250	0.00752	0.00679
29	0.02883	0.03552	0.02318	0.02120	0.02502	0.52797	0.01605	0.03120	0.02252	0.02116	0.01490	0.01874	0.01287	0.01795	0.10869	0.00413	0.04957	0.00629	0.00449	0.00973
30	0.06850	0.36241	0.03336	0.01713	0.02304	0.23197	0.01478	0.02975	0.06182	0.02378	0.04863	0.01867	0.01610	0.00887	0.00680	0.00216	0.01078	0.00595	0.00475	0.01076
31	0.01111	0.00897	0.01003	0.01062	0.01315	0.00789	0.00829	0.01363	0.01964	0.02397	0.07610	0.14050	0.46370	0.02297	0.01074	0.00322	0.00522	0.13469	0.00809	0.00748
32	0.01836	0.03908	0.48131	0.02819	0.03994	0.02076	0.19311	0.02771	0.01902	0.02771	0.01621	0.01985	0.01166	0.00803	0.00885	0.00281	0.01340	0.00752	0.00389	0.01258
33	0.01951	0.02560	0.16899	0.02584	0.14919	0.11351	0.02013	0.05358	0.02124	0.02752	0.05555	0.10821	0.06246	0.01403	0.00939	0.00292	0.01019	0.09542	0.00583	0.01088
34	0.01836	0.07607	0.50841	0.02648	0.03835	0.02134	0.13511	0.02760	0.01877	0.02730	0.01583	0.01910	0.01145	0.00807	0.00851	0.00275	0.01303	0.00705	0.00382	0.01260
35	0.01246	0.00935	0.01402	0.01402	0.01558	0.01090	0.01090	0.01558	0.01402	0.02025	0.02336	0.03427	0.02181	0.06542	0.65888	0.01402	0.02336	0.00935	0.00467	0.00779
36	0.01076	0.00830	0.00983	0.01061	0.01235	0.00737	0.00752	0.01296	0.01922	0.02474	0.15412	0.34551	0.29797	0.02373	0.01067	0.00318	0.00465	0.02080	0.00833	0.00737
37	0.01750	0.04512	0.64825	0.02486	0.03775	0.02026	0.03223	0.02762	0.01842	0.02762	0.01565	0.01842	0.01105	0.00829	0.00829	0.00276	0.01289	0.00645	0.00368	0.01289
38	0.02159	0.02073	0.03541	0.05354	0.63903	0.02073	0.02677	0.02677	0.01986	0.02850	0.01641	0.02159	0.01382	0.00777	0.00864	0.00259	0.01036	0.00777	0.00432	0.01382
39	0.02929	0.03578	0.02242	0.02031	0.02470	0.52779	0.01531	0.06195	0.02486	0.02346	0.02506	0.02619	0.10463	0.01102	0.00828	0.00237	0.01372	0.00765	0.00526	0.00995
40	0.02323	0.02384	0.03381	0.04890	0.54765	0.11594	0.02529	0.02797	0.02059	0.02743	0.01597	0.02071	0.01343	0.00795	0.00852	0.00254	0.01116	0.00745	0.00434	0.01326
41	0.01750	0.04512	0.64825	0.02486	0.03775	0.02026	0.03223	0.02762	0.01842	0.02762	0.01565	0.01842	0.01105	0.00829	0.00829	0.00276	0.01289	0.00645	0.00368	0.01289
42	0.02082	0.01995	0.03403	0.14598	0.55256	0.02052	0.02639	0.02610	0.01950	0.02757	0.01627	0.02184	0.01349	0.00791	0.00865	0.00264	0.01055	0.00777	0.00425	0.01320
43	0.01750	0.04512	0.64825	0.02486	0.03775	0.02026	0.03223	0.02762	0.01842	0.02762	0.01565	0.01842	0.01105	0.00829	0.00829	0.00276	0.01289	0.00645	0.00368	0.01289
44	0.02213	0.01969	0.03151	0.09603	0.46745	0.02034	0.02389	0.03017	0.11006	0.06207	0.02015	0.02379	0.01597	0.00862	0.00869	0.00268	0.00979	0.00814	0.00531	0.01354
45	0.01056	0.00784	0.00986	0.01148	0.01248	0.00714	0.00780	0.01222	0.01735	0.02253	0.05624	0.56538	0.17480	0.02627	0.01097	0.00342	0.00493	0.02350	0.00810	0.00714
46	0.02444	0.02861	0.11900	0.02253	0.02678	0.15387	0.02009	0.14415	0.02202	0.02894	0.01441	0.01868	0.01203	0.01198	0.01735	0.00310	0.30875	0.00709	0.00493	0.01123
47	0.01216	0.00871	0.01029	0.01029	0.01120	0.00873	0.00670	0.01324	0.01441	0.01894	0.03899	0.05790	0.15208	0.43007	0.16205	0.00847	0.01066	0.01317	0.00573	0.00621
48	0.01750	0.04512	0.64825	0.02486	0.03775	0.02026	0.03223	0.02762	0.01842	0.02762	0.01565	0.01842	0.01105	0.00829	0.00829	0.00276	0.01289	0.00645	0.00368	0.01289
49	0.01051	0.00884	0.00912	0.00905	0.01191	0.00745	0.00679	0.01291	0.02036	0.02471	0.14311	0.08206	0.58003	0.02166	0.01031	0.00293	0.00439	0.01815	0.00825	0.00745
50	0.02198	0.01306	0.01541	0.01341	0.01779	0.01267	0.01052	0.03044	0.17142	0.21157	0.16182	0.05177	0.20085	0.01544	0.00950	0.00284	0.00586	0.01297	0.00937	0.01132
51	0.02520	0.56549	0.04145	0.01646	0.02332	0.16099	0.01532	0.02789	0.01914	0.02069	0.01240	0.01434	0.01120	0.00777	0.00606	0.00194	0.01063	0.00486	0.00389	0.01097
52	0.01120	0.00952	0.00974	0.00957	0.01260	0.00840	0.00721	0.01506	0.06163	0.02508	0.11497	0.07937	0.56300	0.02115	0.01021	0.00294	0.00457	0.01768	0.00824	0.00785
53	0.02131	0.02044	0.03490	0.08756	0.60721	0.02065	0.02663	0.02652	0.01973	0.02816	0.01636	0.02168	0.01370	0.00782	0.00864	0.00261	0.01043	0.00777	0.00429	0.01359
54	0.01532	0.01333	0.01964	0.02651	0.23423	0.01279	0.01569	0.01911	0.02010	0.02637	0.07192	0.06505	0.24559	0.01741	0.01017	0.00309	0.00743	0.15959	0.00681	0.00984
55	0.02540	0.01943	0.02238	0.01858	0.02291	0.02212	0.01494	0.36939	0.03053	0.04143	0.02513	0.15622	0.02336	0.01747	0.04618	0.00358	0.10987	0.01133	0.00765	0.01210
56	0.01077	0.00770	0.01025	0.01205	0.01268	0.00718	0.00811	0.01249	0.01734	0.02329	0.09531	0.63760	0.05968	0.02656	0.01107	0.00348	0.00498	0.02407	0.00822	0.00718
57	0.01951	0.18115	0.48966	0.02266	0.03398	0.05701	0.02781	0.02769	0.01861	0.02581	0.01480	0.01735	0.01109	0.00815	0.00770	0.00255	0.01230	0.00603	0.00374	0.01239
58	0.02159	0.02073	0.03541	0.05354	0.63903	0.02073	0.02677	0.02677	0.01986	0.02850	0.01641	0.02159	0.01382	0.00777	0.00864	0.00259	0.01036	0.00777	0.00432	0.01382
59	0.01063	0.00759	0.01012	0.01215	0.01265	0.00709	0.00810	0.01215	0.01670	0.02227	0.04808	0.68775	0.05769	0.02733	0.01113	0.00354	0.00506	0.02480	0.00810	0.00709
60	0.02355	0.02344	0.03047	0.07410	0.39267	0.11633	0.02267	0.05961	0.11395	0.02964	0.01907	0.02245	0.01533	0.00876	0.00857	0.00261	0.01066	0.00777	0.00524	0.01310
61	0.01285	0.00877	0.01061	0.01061	0.01214	0.00899	0.00760	0.01517	0.01573	0.02254	0.03864	0.04990	0.14887	0.20841	0.23565	0.00790	0.01174	0.01180	0.15496	0.00712
62	0.01796	0.09777	0.59971	0.02406	0.03652	0.02141	0.03083	0.02750	0.01836	0.02705	0.01537	0.01806	0.01106	0.00822	0.00807	0.00269	0.01260	0.00630	0.00369	0.01275
63	0.01124	0.00887	0.01013	0.00982	0.01235	0.00776	0.00736	0.01432	0.02208	0.02879	0.33835	0.07535	0.38225	0.02014	0.01030	0.00285	0.00428	0.01720	0.00879	0.00776
64	0.02157	0.09378	0.03976	0.04601	0.45280	0.02247	0.14319	0.02694	0.01978	0.02753	0.01620	0.02117	0.01342	0.00765	0.00865	0.00258	0.01113	0.00795	0.00427	0.01312
65	0.02234	0.33563	0.28684	0.02008	0.02930	0.12189	0.02223	0.02803	0.01905	0.02352	0.01376	0.01605	0.01114	0.00802	0.00703	0.00229	0.01173	0.00553	0.00383	0.01172
66	0.02131	0.02044	0.03490	0.08756	0.60721	0.02065	0.02663	0.02652	0.01973	0.02816	0.01636	0.02168	0.01370	0.00782	0.00864	0.00261	0.01043	0.00777	0.00429	0.01359
67	0.02159	0.02073	0.03541	0.05354	0.63903	0.02073	0.02677	0.02677	0.01986	0.02850	0.01641	0.02159	0.01382	0.00777	0.00864	0.00259	0.01036	0.00777	0.00432	0.01382
68	0.01875	0.13365	0.49870	0.02654	0.09990	0.02230	0.02923	0.02732	0.01847	0.02673	0.01524	0.01814	0.01137	0.00812	0.00795	0.00262	0.01212	0.00634	0.00376	0.01275
69	0.02443	0.16082	0.02264	0.01526	0.01955	0.24350	0.01229	0.06119	0.02177	0.02747	0.01943	0.02218	0.01574	0.00922	0.00677	0.00211	0.00956	0.00653	0.28970	0.00984
70	0.01063	0.00759	0.01012	0.01215	0.01265	0.00709	0.00810	0.01215	0.01670	0.02227	0.04808	0.68775	0.05769	0.02733	0.01113	0.00354	0.00506	0.02480	0.00810	0.00709
71	0.01750	0.04512	0.64825	0.02486	0.03775	0.02026	0.03223	0.02762	0.01842	0.02762	0.01565	0.01842	0.01105	0.00829	0.00829	0.00276	0.01289	0.00645	0.00368	0.01289
72	0.02873	0.03394	0.02614	0.02807	0.15040	0.43409	0.01841	0.03492	0.11310	0.02506	0.01736	0.01943	0.01406	0.00917	0.00817	0.00242	0.01332	0.00669	0.00511	0.01141
73	0.01119	0.00862	0.01023	0.01036	0.01246	0.00765	0.00757	0.01402	0.02116	0.02787	0.29864	0.19881	0.29710	0.02145	0.01047	0.00299	0.00443	0.01865	0.00870	0.00765
74	0.03037	0.03168	0.02372	0.02034	0.02561	0.34872	0.01581	0.22884	0.07812	0.03410	0.02293	0.02354	0.05661	0.01062	0.00841	0.00248	0.01217	0.00760	0.00653	0.01182
75	0.02749	0.07830	0.03049	0.03455	0.27477	0.35702	0.02074	0.03096	0.02227	0.02419	0.01458	0.01799	0.01228	0.00839	0.00802	0.00236	0.01311	0.00643	0.00437	0.01169
76	0.02159	0.02073	0.03541	0.05354	0.63903	0.02073	0.02677	0.02677	0.01986	0.02850	0.01641	0.02159	0.01382	0.00777	0.00864	0.00259	0.01036	0.00777	0.00432	0.01382
77	0.01218	0.00877	0.01160	0.01176	0.01349	0.00819	0.00883	0.01576	0.02258	0.03145	0.45270	0.19490	0.07388	0.02043	0.01065	0.00304	0.00473	0.07797	0.00913	0.00798
78	0.01141	0.00901	0.01035	0.01074	0.01288	0.00822	0.00777	0.01498	0.05294	0.02596	0.17292	0.26462	0.32190	0.02237	0.01048	0.00309	0.00470	0.01944	0.00842	0.00779
79	0.02300	0.02371	0.14748	0.01877	0.02507	0.02000	0.01729	0.27889	0.09248	0.03910	0.02836	0.19205	0.02628	0.01448	0.00927	0.00292	0.00882	0.01211	0.00756	0.01235
80	0.02159	0.02073	0.03541	0.05354	0.63903	0.02073	0.02677	0.02677	0.01986	0.02850	0.01641	0.02159	0.01382	0.00777	0.00864	0.00259	0.01036	0.00777	0.00432	0.01382
81	0.01750	0.04512	0.64825	0.02486	0.03775	0.02026	0.03223	0.02762	0.01842	0.02762	0.01565	0.01842	0.01105	0.00829	0.00829	0.00276	0.01289	0.00645	0.00368	0.01289
82	0.03061	0.04043	0.07568	0.02480	0.06991	0.56318	0.01877	0.03370	0.02388	0.02235	0.01386	0.01635	0.01140	0.00885	0.00795	0.00231	0.01513	0.00583	0.00442	0.01059
83	0.02005	0.01881	0.01674	0.01563	0.01939	0.14427	0.01213	0.02953	0.20281	0.05285	0.13289	0.05133	0.15693	0.01550	0.00951	0.00288	0.00791	0.07257	0.00792	0.01034
84	0.01063	0.00759	0.01012	0.01215	0.01265	0.00709	0.00810	0.01215	0.01670	0.02227	0.04808	0.68775	0.05769	0.02733	0.01113	0.00354	0.00506	0.02480	0.00810	0.00709
85	0.02000	0.02013	0.02926	0.38513	0.26032	0.08818	0.02433	0.02521	0.01907	0.02437	0.01561	0.02186	0.01236	0.00842	0.00860	0.00273	0.01162	0.00753	0.00410	0.01119
86	0.01796	0.09777	0.59971	0.02406	0.03652	0.02141	0.03083	0.02750	0.01836	0.02705	0.01537	0.01806	0.01106	0.00822	0.00807	0.00269	0.01260	0.00630	0.00369	0.01275
87	0.01063	0.00759	0.01012	0.01215	0.01265	0.00709	0.00810	0.01215	0.01670	0.02227	0.04808	0.68775	0.05769	0.02733	0.01113	0.00354	0.00506	0.02480	0.00810	0.00709
88	0.02276	0.02295	0.03426	0.05022	0.57359	0.08891	0.02571	0.02763	0.02038	0.02773	0.01609	0.02096	0.01354	0.00790	0.00855	0.00255	0.01094	0.00754	0.00434	0.01342
89	0.16859	0.03901	0.45280	0.02189	0.03237	0.08835	0.02597	0.02799	0.01837	0.02929	0.01471	0.01727	0.01074	0.00832	0.00766	0.00269	0.01195	0.00601	0.00412	0.01190
90	0.01454	0.01009	0.01240	0.01334	0.05400	0.01070	0.00804	0.01587	0.01437	0.02120	0.02563	0.04660	0.02695	0.45319	0.03291	0.00638	0.06159	0.01102	0.15439	0.00679
91	0.01202	0.00923	0.01122	0.01165	0.01407	0.00843	0.00936	0.01531	0.02125	0.02745	0.22352	0.08332	0.30412	0.02156	0.01084	0.00322	0.00545	0.19168	0.00849	0.00781
92	0.01969	0.01888	0.03275	0.19478	0.41174	0.01967	0.07147	0.02484	0.01886	0.02620	0.01706	0.02458	0.01449	0.05510	0.01125	0.00310	0.01088	0.00831	0.00429	0.01209
93	0.01750	0.04512	0.64825	0.02486	0.03775	0.02026	0.03223	0.02762	0.01842	0.02762	0.01565	0.01842	0.01105	0.00829	0.00829	0.00276	0.01289	0.00645	0.00368	0.01289
94	0.02126	0.02269	0.08478	0.05123	0.59059	0.02069	0.02721	0.02684	0.01975	0.02843	0.01635	0.02133	0.01359	0.00781	0.00861	0.00260	0.01057	0.00767	0.00427	0.01374
95	0.03262	0.04057	0.02480	0.02233	0.02697	0.62139	0.01684	0.06856	0.02567	0.02332	0.01392	0.01604	0.01145	0.00908	0.00792	0.00227	0.01537	0.00575	0.00474	0.01039
96	0.01793	0.04251	0.58272	0.02793	0.10204	0.02031	0.03164	0.02753	0.01857	0.02772	0.01573	0.01876	0.01135	0.00823	0.00832	0.00274	0.01262	0.00659	0.00375	0.01299
97	0.01377	0.01101	0.01277	0.01327	0.01597	0.01101	0.01049	0.02095	0.14175	0.02673	0.05915	0.16919	0.25259	0.02139	0.01065	0.00335	0.00608	0.18280	0.00824	0.00882
98	0.01031	0.00884	0.00884	0.00884	0.01178	0.00736	0.00663	0.01252	0.01988	0.02356	0.08837	0.08395	0.63549	0.02209	0.01031	0.00295	0.00442	0.01841	0.00810	0.00736
99	0.02377	0.15209	0.32901	0.02238	0.03141	0.24724	0.02395	0.02991	0.02052	0.02424	0.01431	0.01674	0.01114	0.00840	0.00769	0.00243	0.01330	0.00586	0.00398	0.01163
100	0.03253	0.02419	0.02620	0.02020	0.02687	0.02704	0.01669	0.58376	0.03978	0.05346	0.02052	0.02086	0.01468	0.01068	0.00961	0.00267	0.03930	0.00784	0.00851	0.01460
101	0.01063	0.00759	0.01012	0.01215	0.01265	0.00709	0.00810	0.01215	0.01670	0.02227	0.04808	0.68775	0.05769	0.02733	0.01113	0.00354	0.00506	0.02480	0.00810	0.00709
102	0.03006	0.10097	0.02831	0.02639	0.11792	0.50386	0.01815	0.03280	0.02333	0.02234	0.01379	0.01644	0.01162	0.00866	0.00776	0.00226	0.01432	0.00585	0.00440	0.01077
103	0.13244	0.16902	0.34152	0.02114	0.05934	0.02216	0.02298	0.02697	0.01838	0.05208	0.04705	0.01987	0.01505	0.00865	0.00744	0.00256	0.01044	0.00646	0.00457	0.01190
104	0.02379	0.02469	0.03089	0.03912	0.35946	0.15024	0.05206	0.03243	0.14320	0.02864	0.01975	0.02272	0.01586	0.00882	0.00861	0.00261	0.01097	0.00789	0.00528	0.01296
105	0.01031	0.00884	0.00884	0.00884	0.01178	0.00736	0.00663	0.01252	0.01988	0.02356	0.08837	0.08395	0.63549	0.02209	0.01031	0.00295	0.00442	0.01841	0.00810	0.00736
106	0.02456	0.09689	0.02248	0.01782	0.02241	0.31275	0.01387	0.03213	0.16384	0.02527	0.03370	0.03333	0.14137	0.01216	0.00837	0.00252	0.01071	0.00911	0.00618	0.01054
107	0.01868	0.17761	0.52611	0.02285	0.03464	0.02315	0.02872	0.02732	0.01828	0.02618	0.01494	0.01752	0.01108	0.00812	0.00774	0.00258	0.01217	0.00608	0.00369	0.01255
108	0.02159	0.02073	0.03541	0.05354	0.63903	0.02073	0.02677	0.02677	0.01986	0.02850	0.01641	0.02159	0.01382	0.00777	0.00864	0.00259	0.01036	0.00777	0.00432	0.01382
109	0.01833	0.04017	0.52402	0.03068	0.15964	0.02035	0.03112	0.02745	0.01871	0.02780	0.01581	0.01906	0.01161	0.00818	0.00836	0.00273	0.01238	0.00671	0.00381	0.01308
110	0.02499	0.02718	0.03210	0.04392	0.44952	0.21818	0.02370	0.02927	0.02137	0.02628	0.01550	0.01977	0.01302	0.00815	0.00840	0.00248	0.01202	0.00711	0.00437	0.01267
111	0.01902	0.01435	0.05036	0.02072	0.14654	0.01197	0.01362	0.02256	0.02088	0.15134	0.08606	0.09696	0.27809	0.01621	0.00960	0.00284	0.00674	0.01390	0.00771	0.01055
112	0.01268	0.00927	0.01367	0.01367	0.01526	0.01074	0.01062	0.01585	0.01427	0.02097	0.02366	0.03417	0.02184	0.06218	0.62059	0.01332	0.02223	0.00927	0.04791	0.00781
113	0.02040	0.03657	0.36827	0.03220	0.15963	0.08886	0.11535	0.02827	0.01971	0.02718	0.01587	0.01954	0.01196	0.00812	0.00861	0.00270	0.01295	0.00720	0.00401	0.01261
114	0.01842	0.02265	0.12722	0.03519	0.22149	0.01834	0.22026	0.02433	0.01925	0.02692	0.02313	0.15679	0.02210	0.01167	0.00965	0.00293	0.01114	0.01188	0.00502	0.01162
115	0.01063	0.00759	0.01012	0.01215	0.01265	0.00709	0.00810	0.01215	0.01670	0.02227	0.04808	0.68775	0.05769	0.02733	0.01113	0.00354	0.00506	0.02480	0.00810	0.00709
