[name]
unknown

[dist]
# distance from previous block
# <min> <max>
53	194

[block]
# block no. 0 follows, 22 sequences, length 35
# corresponding to MSA columns:
# 207-241
name=unknown_A
#
# <colnr> <probs for GDERKNQSTAVLIFYWHMCP>
#	G	D	E	R	K	N	Q	S	T	A	V	L	I	F	Y	W	H	M	C	P
0	0.07767	0.13584	0.20736	0.02450	0.15129	0.01996	0.04437	0.02434	0.01777	0.05998	0.02401	0.02601	0.09447	0.00982	0.00877	0.00254	0.04767	0.00779	0.00471	0.01114
1	0.01927	0.18061	0.21633	0.05545	0.15334	0.02034	0.02068	0.02470	0.01775	0.04857	0.01608	0.04314	0.01342	0.00812	0.00724	0.00221	0.00952	0.00660	0.00429	0.13235
2	0.01752	0.04539	0.10436	0.01807	0.02332	0.06537	0.07749	0.04667	0.04059	0.02650	0.07417	0.11272	0.02822	0.01332	0.00980	0.00267	0.04592	0.10479	0.00585	0.13727
3	0.02312	0.16112	0.02599	0.10904	0.06094	0.18853	0.01549	0.13574	0.02298	0.02689	0.02489	0.05406	0.09621	0.01078	0.00779	0.00237	0.01007	0.00829	0.00538	0.01035
4	0.02064	0.02644	0.15746	0.10575	0.39094	0.10401	0.02507	0.02622	0.01901	0.02550	0.01504	0.01940	0.01211	0.00774	0.00807	0.00249	0.01113	0.00688	0.00397	0.01213
5	0.01973	0.02052	0.06763	0.12468	0.52625	0.01961	0.04993	0.02508	0.01859	0.02637	0.01553	0.02066	0.01274	0.00752	0.00828	0.00253	0.01031	0.00743	0.00403	0.01256
6	0.02202	0.02306	0.03055	0.12728	0.45315	0.15024	0.02330	0.02648	0.01954	0.02502	0.01496	0.01965	0.01240	0.00775	0.00809	0.00244	0.01104	0.00699	0.00409	0.01195
7	0.01865	0.03481	0.45466	0.02576	0.11309	0.01928	0.02648	0.02961	0.11674	0.05390	0.01873	0.02050	0.01363	0.00846	0.00804	0.00264	0.01085	0.00691	0.00465	0.01261
8	0.01700	0.08339	0.62752	0.02311	0.03507	0.02011	0.02970	0.02622	0.01750	0.02590	0.01471	0.01729	0.01053	0.00785	0.00774	0.00258	0.01207	0.00604	0.00351	0.01218
9	0.02745	0.03361	0.02581	0.02189	0.02682	0.48878	0.08578	0.03032	0.02182	0.02185	0.01344	0.01626	0.01112	0.00837	0.00852	0.00218	0.04550	0.00590	0.00432	0.10025
10	0.01144	0.00816	0.00888	0.00888	0.00968	0.00776	0.00540	0.01204	0.01403	0.01791	0.04268	0.06165	0.20747	0.51246	0.03304	0.00656	0.00696	0.01363	0.00580	0.00560
11	0.02056	0.01974	0.03372	0.05099	0.65622	0.01974	0.02550	0.02550	0.01892	0.02714	0.01563	0.02056	0.01316	0.00740	0.00822	0.00247	0.00987	0.00740	0.00411	0.01316
12	0.02904	0.02142	0.02344	0.01837	0.02435	0.02378	0.01509	0.54935	0.03574	0.04809	0.02024	0.02158	0.01498	0.01672	0.09433	0.00389	0.01083	0.00766	0.00781	0.01326
13	0.00982	0.00842	0.00842	0.00842	0.01122	0.00701	0.00631	0.01192	0.01894	0.02244	0.08416	0.07995	0.65285	0.02104	0.00982	0.00281	0.00421	0.01753	0.00771	0.00701
14	0.02207	0.01855	0.01958	0.01719	0.02214	0.02132	0.01349	0.11953	0.56353	0.03702	0.03202	0.02957	0.02391	0.01110	0.00843	0.00278	0.00691	0.00915	0.00843	0.01328
15	0.01798	0.02137	0.10795	0.02205	0.02364	0.02465	0.01979	0.02081	0.01334	0.02081	0.01142	0.01809	0.01086	0.01368	0.02476	0.00351	0.60504	0.00712	0.00362	0.00950
16	0.01208	0.00805	0.00906	0.00906	0.00906	0.00805	0.00503	0.01208	0.01208	0.01611	0.02618	0.05436	0.03020	0.70804	0.04228	0.00805	0.00805	0.01208	0.00503	0.00503
17	0.03727	0.01414	0.01928	0.01478	0.02121	0.01221	0.01221	0.04049	0.02378	0.66198	0.03277	0.02828	0.02056	0.01028	0.00835	0.00257	0.00707	0.00835	0.01028	0.01414
18	0.01980	0.01896	0.03235	0.15018	0.56297	0.01954	0.02512	0.02483	0.01856	0.02622	0.01549	0.02081	0.01283	0.00754	0.00824	0.00251	0.01006	0.00740	0.00405	0.01255
19	0.01187	0.00890	0.01335	0.01335	0.01483	0.01038	0.01038	0.01483	0.01335	0.01928	0.02225	0.03264	0.02077	0.06231	0.67512	0.01335	0.02225	0.00890	0.00445	0.00742
20	0.01037	0.00734	0.00956	0.01124	0.01166	0.00692	0.00737	0.01163	0.01541	0.02055	0.04326	0.61899	0.05175	0.11401	0.01469	0.00398	0.00524	0.02213	0.00737	0.00653
21	0.01208	0.00805	0.00906	0.00906	0.00906	0.00805	0.00503	0.01208	0.01208	0.01611	0.02618	0.05436	0.03020	0.70804	0.04228	0.00805	0.00805	0.01208	0.00503	0.00503
22	0.01208	0.00805	0.00906	0.00906	0.00906	0.00805	0.00503	0.01208	0.01208	0.01611	0.02618	0.05436	0.03020	0.70804	0.04228	0.00805	0.00805	0.01208	0.00503	0.00503
23	0.00982	0.00842	0.00842	0.00842	0.01122	0.00701	0.00631	0.01192	0.01894	0.02244	0.08416	0.07995	0.65285	0.02104	0.00982	0.00281	0.00421	0.01753	0.00771	0.00701
24	0.03727	0.01414	0.01928	0.01478	0.02121	0.01221	0.01221	0.04049	0.02378	0.66198	0.03277	0.02828	0.02056	0.01028	0.00835	0.00257	0.00707	0.00835	0.01028	0.01414
25	0.02056	0.01974	0.03372	0.05099	0.65622	0.01974	0.02550	0.02550	0.01892	0.02714	0.01563	0.02056	0.01316	0.00740	0.00822	0.00247	0.00987	0.00740	0.00411	0.01316
26	0.02056	0.01974	0.03372	0.05099	0.65622	0.01974	0.02550	0.02550	0.01892	0.02714	0.01563	0.02056	0.01316	0.00740	0.00822	0.00247	0.00987	0.00740	0.00411	0.01316
27	0.00993	0.00842	0.00857	0.00853	0.01129	0.00706	0.00640	0.01213	0.01919	0.02305	0.11597	0.07895	0.62066	0.02081	0.00982	0.00279	0.00419	0.01739	0.00779	0.00706
28	0.09900	0.01430	0.01868	0.01445	0.02077	0.01275	0.01194	0.03913	0.02296	0.60911	0.03098	0.02702	0.01959	0.01006	0.00808	0.00257	0.00701	0.00803	0.00985	0.01370
29	0.01856	0.08254	0.01846	0.01436	0.01764	0.01555	0.01163	0.02563	0.14059	0.10624	0.02459	0.02889	0.02015	0.03325	0.30242	0.00730	0.05089	0.00830	0.06314	0.00987
30	0.01629	0.02119	0.19803	0.01592	0.02180	0.01465	0.01585	0.11491	0.07240	0.02919	0.04306	0.13009	0.20655	0.01555	0.00913	0.00284	0.00774	0.04801	0.00667	0.01012
31	0.06712	0.28472	0.03564	0.02765	0.20416	0.10009	0.06940	0.02574	0.01797	0.02350	0.01325	0.01673	0.01146	0.00796	0.00846	0.00229	0.06275	0.00606	0.00395	0.01108
32	0.06366	0.24887	0.06492	0.01580	0.02103	0.19865	0.01385	0.04991	0.02060	0.02495	0.12016	0.05692	0.04789	0.01071	0.00732	0.00225	0.00945	0.00802	0.00529	0.00976
33	0.11908	0.02388	0.11855	0.02514	0.15048	0.07065	0.01897	0.11954	0.02064	0.06600	0.01551	0.01850	0.01216	0.00939	0.01109	0.00263	0.13382	0.00659	0.00513	0.05225
34	0.18295	0.02098	0.02046	0.18523	0.05933	0.17329	0.01554	0.02556	0.01813	0.06128	0.01578	0.04568	0.01308	0.00901	0.00799	0.00243	0.03578	0.00670	0.00484	0.09597

[dist]
# distance from previous block
# <min> <max>
0	19

[block]
# block no. 1 follows, 22 sequences, length 40
# corresponding to MSA columns:
# 261-300
name=unknown_B
#
# <colnr> <probs for GDERKNQSTAVLIFYWHMCP>
#	G	D	E	R	K	N	Q	S	T	A	V	L	I	F	Y	W	H	M	C	P
0	0.02674	0.09659	0.02371	0.01876	0.02356	0.36547	0.01466	0.09237	0.16217	0.02675	0.02205	0.02249	0.04987	0.00986	0.00771	0.00233	0.01134	0.00705	0.00573	0.01082
1	0.06216	0.09157	0.02401	0.01893	0.02234	0.22340	0.01519	0.05616	0.12687	0.02504	0.01760	0.05065	0.01542	0.01139	0.01302	0.00274	0.20073	0.00740	0.00514	0.01023
2	0.01858	0.01604	0.02734	0.02097	0.02663	0.01489	0.22805	0.02385	0.05080	0.08712	0.02672	0.15454	0.04731	0.01191	0.00978	0.00259	0.04144	0.01140	0.00595	0.17408
3	0.02222	0.02071	0.01926	0.01695	0.01992	0.16984	0.01339	0.11215	0.08281	0.02866	0.01954	0.02302	0.01591	0.01469	0.06240	0.00339	0.15964	0.00730	0.17830	0.00990
4	0.01986	0.06351	0.01737	0.01351	0.01747	0.01464	0.01041	0.07086	0.15099	0.11705	0.03070	0.12299	0.05041	0.13571	0.04443	0.00397	0.00760	0.01093	0.00707	0.09054
5	0.02832	0.24630	0.02968	0.01920	0.02434	0.47769	0.01549	0.03063	0.02150	0.02009	0.01244	0.01447	0.01069	0.00811	0.00683	0.00203	0.01311	0.00507	0.00406	0.00995
6	0.01837	0.24879	0.47411	0.02077	0.03146	0.02346	0.02563	0.02587	0.01734	0.02423	0.01388	0.01625	0.01057	0.00765	0.00711	0.00237	0.01124	0.00562	0.00352	0.01178
7	0.01719	0.07131	0.59176	0.02522	0.07992	0.01993	0.02958	0.02619	0.01761	0.02607	0.01481	0.01757	0.01072	0.00782	0.00780	0.00258	0.01195	0.00615	0.00355	0.01227
8	0.01288	0.01108	0.01139	0.01176	0.01367	0.05641	0.00839	0.01693	0.07857	0.02414	0.13150	0.32134	0.19715	0.05160	0.01130	0.00320	0.00560	0.01777	0.00761	0.00771
9	0.01933	0.02049	0.04002	0.10112	0.20787	0.02090	0.34023	0.02508	0.01839	0.02552	0.01566	0.02143	0.01242	0.00805	0.01111	0.00280	0.08554	0.00865	0.00407	0.01131
10	0.02056	0.01974	0.03372	0.05099	0.65622	0.01974	0.02550	0.02550	0.01892	0.02714	0.01563	0.02056	0.01316	0.00740	0.00822	0.00247	0.00987	0.00740	0.00411	0.01316
11	0.02843	0.01631	0.01968	0.01640	0.02162	0.01659	0.01362	0.26156	0.02827	0.25315	0.03094	0.07449	0.02583	0.01375	0.00914	0.00286	0.00788	0.13835	0.00881	0.01233
12	0.01012	0.00723	0.00964	0.01157	0.01205	0.00675	0.00771	0.01157	0.01591	0.02121	0.04579	0.70262	0.05495	0.02603	0.01060	0.00337	0.00482	0.02362	0.00771	0.00675
13	0.01158	0.00848	0.01085	0.01026	0.01230	0.00776	0.00770	0.01533	0.02309	0.03230	0.59911	0.06372	0.13174	0.01736	0.00980	0.00263	0.00395	0.01526	0.00901	0.00776
14	0.02010	0.01912	0.03179	0.11021	0.55259	0.01968	0.02437	0.02642	0.06346	0.02712	0.01685	0.02147	0.01383	0.00777	0.00825	0.00252	0.00975	0.00754	0.00438	0.01278
15	0.01818	0.01818	0.02545	0.02181	0.02181	0.02545	0.01818	0.01999	0.01272	0.01999	0.01091	0.01818	0.01091	0.01454	0.02726	0.00364	0.69284	0.00727	0.00364	0.00909
16	0.01012	0.00723	0.00964	0.01157	0.01205	0.00675	0.00771	0.01157	0.01591	0.02121	0.04579	0.70262	0.05495	0.02603	0.01060	0.00337	0.00482	0.02362	0.00771	0.00675
17	0.00982	0.00842	0.00842	0.00842	0.01122	0.00701	0.00631	0.01192	0.01894	0.02244	0.08416	0.07995	0.65285	0.02104	0.00982	0.00281	0.00421	0.01753	0.00771	0.00701
18	0.01187	0.00890	0.01335	0.01335	0.01483	0.01038	0.01038	0.01483	0.01335	0.01928	0.02225	0.03264	0.02077	0.06231	0.67512	0.01335	0.02225	0.00890	0.00445	0.00742
19	0.02056	0.01974	0.03372	0.05099	0.65622	0.01974	0.02550	0.02550	0.01892	0.02714	0.01563	0.02056	0.01316	0.00740	0.00822	0.00247	0.00987	0.00740	0.00411	0.01316
20	0.01012	0.00723	0.00964	0.01157	0.01205	0.00675	0.00771	0.01157	0.01591	0.02121	0.04579	0.70262	0.05495	0.02603	0.01060	0.00337	0.00482	0.02362	0.00771	0.00675
21	0.03103	0.03959	0.02354	0.02140	0.02568	0.67469	0.01605	0.03317	0.02354	0.02033	0.01284	0.01498	0.01070	0.00856	0.00749	0.00214	0.01498	0.00535	0.00428	0.00963
22	0.02128	0.02118	0.03281	0.04617	0.54663	0.06696	0.05112	0.02718	0.05524	0.02707	0.01653	0.02085	0.01366	0.00769	0.00826	0.00248	0.01023	0.00748	0.00438	0.01282
23	0.00982	0.00842	0.00842	0.00842	0.01122	0.00701	0.00631	0.01192	0.01894	0.02244	0.08416	0.07995	0.65285	0.02104	0.00982	0.00281	0.00421	0.01753	0.00771	0.00701
24	0.01012	0.00723	0.00964	0.01157	0.01205	0.00675	0.00771	0.01157	0.01591	0.02121	0.04579	0.70262	0.05495	0.02603	0.01060	0.00337	0.00482	0.02362	0.00771	0.00675
25	0.03158	0.02327	0.02493	0.01911	0.02576	0.02576	0.01579	0.62852	0.03906	0.05236	0.01995	0.01995	0.01413	0.00997	0.00831	0.00249	0.00914	0.00748	0.00831	0.01413
26	0.03098	0.02297	0.02459	0.01899	0.02553	0.02548	0.01564	0.59617	0.07240	0.05138	0.02071	0.02056	0.01475	0.01004	0.00832	0.00251	0.00900	0.00759	0.00832	0.01407
27	0.01012	0.00723	0.00964	0.01157	0.01205	0.00675	0.00771	0.01157	0.01591	0.02121	0.04579	0.70262	0.05495	0.02603	0.01060	0.00337	0.00482	0.02362	0.00771	0.00675
28	0.00990	0.00810	0.00874	0.00926	0.01144	0.00694	0.00669	0.01183	0.01812	0.02211	0.07389	0.24657	0.49286	0.02237	0.01003	0.00296	0.00437	0.01916	0.00771	0.00694
29	0.03103	0.03959	0.02354	0.02140	0.02568	0.67469	0.01605	0.03317	0.02354	0.02033	0.01284	0.01498	0.01070	0.00856	0.00749	0.00214	0.01498	0.00535	0.00428	0.00963
30	0.01203	0.00824	0.01000	0.01000	0.01032	0.00856	0.00620	0.01268	0.01236	0.01680	0.02532	0.04961	0.02814	0.56673	0.18077	0.00921	0.01116	0.01138	0.00491	0.00556
31	0.03103	0.03959	0.02354	0.02140	0.02568	0.67469	0.01605	0.03317	0.02354	0.02033	0.01284	0.01498	0.01070	0.00856	0.00749	0.00214	0.01498	0.00535	0.00428	0.00963
32	0.01093	0.00846	0.00995	0.00958	0.01190	0.00748	0.00718	0.01407	0.02155	0.02865	0.40842	0.06973	0.32471	0.01872	0.00981	0.00270	0.00404	0.01610	0.00853	0.00748
33	0.01012	0.00723	0.00964	0.01157	0.01205	0.00675	0.00771	0.01157	0.01591	0.02121	0.04579	0.70262	0.05495	0.02603	0.01060	0.00337	0.00482	0.02362	0.00771	0.00675
34	0.01997	0.17503	0.09213	0.02965	0.03805	0.02348	0.44933	0.02621	0.01886	0.02504	0.01552	0.02007	0.01203	0.00709	0.00869	0.00256	0.01276	0.00837	0.00401	0.01116
35	0.01187	0.00890	0.01335	0.01335	0.01483	0.01038	0.01038	0.01483	0.01335	0.01928	0.02225	0.03264	0.02077	0.06231	0.67512	0.01335	0.02225	0.00890	0.00445	0.00742
36	0.03045	0.03763	0.02371	0.02129	0.02550	0.60626	0.01614	0.06694	0.02392	0.02217	0.01316	0.01542	0.01091	0.00893	0.00848	0.00223	0.04695	0.00556	0.00448	0.00986
37	0.01666	0.04297	0.66500	0.02368	0.03596	0.01929	0.03069	0.02631	0.01754	0.02631	0.01491	0.01754	0.01052	0.00789	0.00789	0.00263	0.01228	0.00614	0.00351	0.01228
38	0.02826	0.03278	0.02234	0.02006	0.02459	0.46063	0.01525	0.07053	0.19119	0.02607	0.01891	0.01959	0.01486	0.00937	0.00780	0.00234	0.01237	0.00656	0.00564	0.01084
39	0.01585	0.02625	0.31072	0.01780	0.02510	0.01583	0.01935	0.02658	0.15576	0.02993	0.19984	0.03580	0.06260	0.01178	0.00864	0.00267	0.00832	0.00986	0.00636	0.01099

[dist]
# distance from previous block
# <min> <max>
0	1

[block]
# block no. 2 follows, 22 sequences, length 32
# corresponding to MSA columns:
# 302-333
name=unknown_C
#
# <colnr> <probs for GDERKNQSTAVLIFYWHMCP>
#	G	D	E	R	K	N	Q	S	T	A	V	L	I	F	Y	W	H	M	C	P
0	0.03103	0.03959	0.02354	0.02140	0.02568	0.67469	0.01605	0.03317	0.02354	0.02033	0.01284	0.01498	0.01070	0.00856	0.00749	0.00214	0.01498	0.00535	0.00428	0.00963
1	0.01031	0.00843	0.00910	0.00893	0.01152	0.00722	0.00670	0.01287	0.02009	0.02519	0.22769	0.07543	0.50761	0.02001	0.00981	0.00276	0.00413	0.01690	0.00808	0.00722
2	0.02056	0.01974	0.03372	0.05099	0.65622	0.01974	0.02550	0.02550	0.01892	0.02714	0.01563	0.02056	0.01316	0.00740	0.00822	0.00247	0.00987	0.00740	0.00411	0.01316
3	0.01993	0.02255	0.04394	0.03220	0.03903	0.05348	0.49735	0.02585	0.01868	0.02523	0.01565	0.02136	0.01224	0.00831	0.01254	0.00290	0.12470	0.00917	0.00411	0.01078
4	0.01804	0.20948	0.51057	0.02133	0.03232	0.02267	0.02660	0.02595	0.01738	0.02463	0.01407	0.01649	0.01056	0.00770	0.00726	0.00242	0.01143	0.00572	0.00352	0.01188
5	0.01057	0.00845	0.00946	0.00921	0.01168	0.00733	0.00691	0.01339	0.02072	0.02668	0.30538	0.07298	0.42899	0.01946	0.00981	0.00273	0.00410	0.01656	0.00827	0.00733
6	0.01666	0.04297	0.66500	0.02368	0.03596	0.01929	0.03069	0.02631	0.01754	0.02631	0.01491	0.01754	0.01052	0.00789	0.00789	0.00263	0.01228	0.00614	0.00351	0.01228
7	0.01187	0.00890	0.01335	0.01335	0.01483	0.01038	0.01038	0.01483	0.01335	0.01928	0.02225	0.03264	0.02077	0.06231	0.67512	0.01335	0.02225	0.00890	0.00445	0.00742
8	0.01203	0.00810	0.01110	0.01194	0.01313	0.00794	0.00851	0.01424	0.01684	0.05317	0.12808	0.43577	0.04947	0.03164	0.15096	0.00534	0.00848	0.01853	0.00735	0.00740
9	0.01549	0.00774	0.00774	0.00774	0.00968	0.00774	0.00581	0.01936	0.01742	0.03097	0.02710	0.03097	0.02129	0.00968	0.00581	0.00194	0.00387	0.00774	0.75416	0.00774
10	0.01010	0.00731	0.00955	0.01135	0.01199	0.00677	0.00761	0.01159	0.01611	0.02129	0.04844	0.65962	0.09624	0.02568	0.01055	0.00333	0.00478	0.02320	0.00771	0.00677
11	0.02056	0.01974	0.03372	0.05099	0.65622	0.01974	0.02550	0.02550	0.01892	0.02714	0.01563	0.02056	0.01316	0.00740	0.00822	0.00247	0.00987	0.00740	0.00411	0.01316
12	0.02932	0.03673	0.02548	0.02356	0.05658	0.57828	0.04932	0.03184	0.02261	0.02098	0.01310	0.01579	0.01093	0.00870	0.00857	0.00226	0.04607	0.00578	0.00424	0.00986
13	0.03158	0.02327	0.02493	0.01911	0.02576	0.02576	0.01579	0.62852	0.03906	0.05236	0.01995	0.01995	0.01413	0.00997	0.00831	0.00249	0.00914	0.00748	0.00831	0.01413
14	0.02971	0.03471	0.02392	0.05442	0.02708	0.50712	0.01647	0.12572	0.02510	0.02541	0.01396	0.01628	0.01127	0.00907	0.00865	0.00230	0.04779	0.00588	0.00485	0.01029
15	0.01046	0.00824	0.00948	0.00986	0.01196	0.00726	0.00729	0.01288	0.01922	0.02449	0.18776	0.20883	0.37867	0.02138	0.01007	0.00294	0.00446	0.04957	0.00800	0.00716
16	0.02126	0.01814	0.01912	0.01703	0.02183	0.02094	0.01329	0.07633	0.60805	0.03572	0.03305	0.03039	0.02474	0.01120	0.00845	0.00280	0.00672	0.00929	0.00845	0.01320
17	0.01010	0.00731	0.00955	0.01135	0.01199	0.00677	0.00761	0.01159	0.01611	0.02129	0.04844	0.65962	0.09624	0.02568	0.01055	0.00333	0.00478	0.02320	0.00771	0.00677
18	0.03038	0.03850	0.02364	0.02142	0.02549	0.64164	0.01616	0.03250	0.02299	0.02031	0.01274	0.01514	0.01071	0.00887	0.00850	0.00222	0.04950	0.00545	0.00425	0.00960
19	0.02089	0.02100	0.03141	0.14156	0.50517	0.08510	0.02419	0.02564	0.01904	0.02559	0.01522	0.02024	0.01261	0.00765	0.00816	0.00248	0.01056	0.00719	0.00407	0.01223
20	0.00982	0.00842	0.00842	0.00842	0.01122	0.00701	0.00631	0.01192	0.01894	0.02244	0.08416	0.07995	0.65285	0.02104	0.00982	0.00281	0.00421	0.01753	0.00771	0.00701
21	0.01569	0.01477	0.02492	0.68808	0.05722	0.01846	0.02307	0.02123	0.01661	0.02123	0.01477	0.02215	0.01107	0.00831	0.00831	0.00277	0.01107	0.00738	0.00369	0.00923
22	0.01076	0.00801	0.01049	0.01119	0.01254	0.00773	0.00805	0.01313	0.01748	0.02358	0.17533	0.33929	0.14583	0.03045	0.14059	0.00508	0.00795	0.01797	0.00738	0.00715
23	0.01339	0.00956	0.01339	0.01530	0.01721	0.00956	0.01339	0.01721	0.01912	0.02486	0.04399	0.09371	0.04781	0.02295	0.01147	0.00382	0.00765	0.60031	0.00765	0.00765
24	0.01012	0.00723	0.00964	0.01157	0.01205	0.00675	0.00771	0.01157	0.01591	0.02121	0.04579	0.70262	0.05495	0.02603	0.01060	0.00337	0.00482	0.02362	0.00771	0.00675
25	0.02375	0.02076	0.03117	0.04176	0.47364	0.02148	0.02268	0.20014	0.02475	0.03444	0.01688	0.02038	0.01344	0.00815	0.00825	0.00247	0.00966	0.00742	0.00533	0.01344
26	0.02032	0.01949	0.03328	0.08308	0.62605	0.01967	0.02537	0.02528	0.01880	0.02684	0.01558	0.02064	0.01305	0.00745	0.00823	0.00248	0.00993	0.00740	0.00409	0.01296
27	0.01012	0.00723	0.00964	0.01157	0.01205	0.00675	0.00771	0.01157	0.01591	0.02121	0.04579	0.70262	0.05495	0.02603	0.01060	0.00337	0.00482	0.02362	0.00771	0.00675
28	0.01878	0.29893	0.42760	0.02006	0.03037	0.02448	0.02440	0.02576	0.01729	0.02373	0.01363	0.01593	0.01058	0.00759	0.00691	0.00230	0.01098	0.00549	0.00353	0.01166
29	0.02487	0.18147	0.22213	0.02034	0.02788	0.27618	0.02007	0.08832	0.02185	0.02515	0.01390	0.01590	0.01098	0.00819	0.00724	0.00225	0.01229	0.00561	0.00429	0.01110
30	0.03155	0.02410	0.02486	0.01923	0.02576	0.05888	0.01580	0.59814	0.03827	0.05072	0.01958	0.01969	0.01395	0.00990	0.00827	0.00248	0.00944	0.00737	0.00810	0.01390
31	0.24188	0.02858	0.02241	0.02463	0.15629	0.34613	0.01601	0.02901	0.01984	0.02668	0.01306	0.01573	0.01073	0.00807	0.00697	0.00233	0.01142	0.00554	0.00449	0.01019

[dist]
# distance from previous block
# <min> <max>
0	1

[block]
# block no. 3 follows, 22 sequences, length 21
# corresponding to MSA columns:
# 335-355
name=unknown_D
#
# <colnr> <probs for GDERKNQSTAVLIFYWHMCP>
#	G	D	E	R	K	N	Q	S	T	A	V	L	I	F	Y	W	H	M	C	P
0	0.01408	0.01232	0.01398	0.01513	0.07806	0.01230	0.01023	0.02277	0.20251	0.02654	0.06253	0.05963	0.40448	0.01681	0.00926	0.00278	0.00547	0.01413	0.00758	0.00943
1	0.03000	0.03763	0.02455	0.02433	0.08803	0.60993	0.01699	0.03241	0.02308	0.02100	0.01312	0.01553	0.01094	0.00845	0.00756	0.00217	0.01448	0.00555	0.00426	0.00998
2	0.01187	0.00890	0.01335	0.01335	0.01483	0.01038	0.01038	0.01483	0.01335	0.01928	0.02225	0.03264	0.02077	0.06231	0.67512	0.01335	0.02225	0.00890	0.00445	0.00742
3	0.01860	0.01773	0.03017	0.30783	0.41474	0.01922	0.02452	0.02377	0.01799	0.02476	0.01528	0.02120	0.01232	0.00777	0.00826	0.00259	0.01036	0.00739	0.00394	0.01157
4	0.01187	0.00890	0.01335	0.01335	0.01483	0.01038	0.01038	0.01483	0.01335	0.01928	0.02225	0.03264	0.02077	0.06231	0.67512	0.01335	0.02225	0.00890	0.00445	0.00742
5	0.01212	0.00875	0.01019	0.00966	0.01228	0.00766	0.00731	0.01510	0.02125	0.06074	0.33681	0.06920	0.36143	0.01865	0.00973	0.00271	0.00423	0.01592	0.00849	0.00776
6	0.01012	0.00723	0.00964	0.01157	0.01205	0.00675	0.00771	0.01157	0.01591	0.02121	0.04579	0.70262	0.05495	0.02603	0.01060	0.00337	0.00482	0.02362	0.00771	0.00675
7	0.01459	0.01290	0.01857	0.01700	0.01784	0.01688	0.01374	0.01706	0.01308	0.01959	0.01736	0.02640	0.01652	0.04171	0.39575	0.00916	0.31142	0.00820	0.00410	0.00814
8	0.01003	0.00842	0.00871	0.00864	0.01135	0.00710	0.00648	0.01233	0.01943	0.02362	0.14554	0.07801	0.59073	0.02060	0.00982	0.00278	0.00418	0.01726	0.00787	0.00710
9	0.01010	0.00730	0.00957	0.01139	0.01200	0.00676	0.00763	0.01159	0.01608	0.02128	0.04799	0.66690	0.08925	0.02574	0.01056	0.00334	0.00478	0.02327	0.00771	0.00676
10	0.01012	0.00723	0.00964	0.01157	0.01205	0.00675	0.00771	0.01157	0.01591	0.02121	0.04579	0.70262	0.05495	0.02603	0.01060	0.00337	0.00482	0.02362	0.00771	0.00675
11	0.01985	0.01873	0.03171	0.04746	0.59304	0.01873	0.02430	0.02468	0.01894	0.02692	0.01843	0.02779	0.01659	0.00894	0.00855	0.00260	0.00965	0.06603	0.00446	0.01261
12	0.01012	0.00723	0.00964	0.01157	0.01205	0.00675	0.00771	0.01157	0.01591	0.02121	0.04579	0.70262	0.05495	0.02603	0.01060	0.00337	0.00482	0.02362	0.00771	0.00675
13	0.01913	0.01853	0.02996	0.13778	0.37937	0.02123	0.02297	0.02323	0.01674	0.02415	0.01410	0.02009	0.01218	0.00964	0.01385	0.00286	0.21154	0.00736	0.00391	0.01137
14	0.02362	0.02252	0.16968	0.01783	0.02480	0.01709	0.04021	0.20348	0.02550	0.15271	0.03402	0.03682	0.12864	0.01230	0.00877	0.00270	0.00870	0.05150	0.00726	0.01188
15	0.01192	0.00870	0.01231	0.01231	0.01343	0.00982	0.00909	0.01417	0.01304	0.01851	0.02320	0.03791	0.02306	0.21907	0.52149	0.01207	0.01881	0.00967	0.00459	0.00684
16	0.02059	0.38086	0.09323	0.02216	0.02945	0.02741	0.20735	0.02509	0.01741	0.02234	0.01340	0.01694	0.01128	0.00781	0.00891	0.00233	0.07233	0.00651	0.00376	0.01082
17	0.02025	0.47662	0.26280	0.01755	0.02649	0.02808	0.02003	0.02538	0.01711	0.02193	0.01273	0.01481	0.01061	0.00738	0.00623	0.00208	0.01008	0.00504	0.00354	0.01123
18	0.01835	0.03125	0.33523	0.03253	0.18080	0.02018	0.16690	0.02579	0.01804	0.02617	0.01526	0.01941	0.01164	0.00799	0.00963	0.00270	0.05491	0.00735	0.00382	0.01203
19	0.02135	0.02216	0.01809	0.01637	0.01940	0.25193	0.01264	0.06234	0.05128	0.02563	0.09082	0.03135	0.08494	0.01704	0.07620	0.00357	0.09038	0.00875	0.08662	0.00915
20	0.23958	0.01607	0.04521	0.13856	0.05301	0.01533	0.01379	0.02489	0.01762	0.11993	0.05650	0.02159	0.01640	0.00840	0.00696	0.00230	0.00755	0.00653	0.00570	0.18410

[dist]
# distance from previous block
# <min> <max>
21	59

[block]
# block no. 4 follows, 22 sequences, length 10
# corresponding to MSA columns:
# 419-428
name=unknown_E
#
# <colnr> <probs for GDERKNQSTAVLIFYWHMCP>
#	G	D	E	R	K	N	Q	S	T	A	V	L	I	F	Y	W	H	M	C	P
0	0.02519	0.13293	0.02992	0.01975	0.02576	0.02017	0.14708	0.15210	0.02382	0.17365	0.06314	0.07816	0.02193	0.01082	0.00917	0.00258	0.03578	0.00944	0.00689	0.01173
1	0.10980	0.02377	0.02499	0.07843	0.15462	0.20691	0.05493	0.02820	0.08596	0.02562	0.01633	0.02003	0.01336	0.01217	0.04984	0.00323	0.06964	0.00692	0.00470	0.01054
2	0.05856	0.01730	0.02323	0.23434	0.14565	0.04656	0.01834	0.08490	0.07348	0.02730	0.02249	0.02656	0.06401	0.01352	0.05264	0.00341	0.06391	0.00822	0.00511	0.01047
3	0.01295	0.01030	0.01363	0.09092	0.01909	0.01094	0.01064	0.05572	0.01831	0.02425	0.10863	0.07202	0.21547	0.03395	0.25780	0.00671	0.01207	0.01240	0.00622	0.00798
4	0.03062	0.02394	0.02084	0.01743	0.02261	0.23800	0.01373	0.14225	0.05452	0.23843	0.09070	0.02606	0.02254	0.01041	0.00822	0.00243	0.00975	0.00795	0.00769	0.01189
5	0.02716	0.10822	0.02623	0.02151	0.07387	0.28935	0.01608	0.07646	0.02167	0.09304	0.01546	0.01766	0.01236	0.00932	0.01025	0.00236	0.11064	0.00615	0.00509	0.05712
6	0.02789	0.03499	0.07357	0.06138	0.02797	0.47259	0.01730	0.06991	0.09039	0.02439	0.01583	0.01766	0.01251	0.00887	0.00773	0.00231	0.01326	0.00610	0.00488	0.01047
7	0.01631	0.01375	0.01936	0.18490	0.06567	0.04274	0.03451	0.01991	0.01868	0.06530	0.15959	0.14665	0.07462	0.01461	0.01116	0.00287	0.08174	0.01238	0.00625	0.00900
8	0.23669	0.01378	0.01442	0.03491	0.01699	0.04333	0.01064	0.01906	0.01712	0.02841	0.16166	0.10190	0.10373	0.01598	0.03223	0.00319	0.12056	0.01090	0.00620	0.00829
9	0.20285	0.01669	0.01562	0.01432	0.03895	0.07375	0.01078	0.06384	0.11304	0.05163	0.07347	0.03512	0.15498	0.01182	0.00767	0.00247	0.00686	0.00923	0.00668	0.09026

[dist]
# distance from previous block
# <min> <max>
47	131

[block]
# block no. 5 follows, 22 sequences, length 102
# corresponding to MSA columns:
# 591-692
name=unknown_F
#
# <colnr> <probs for GDERKNQSTAVLIFYWHMCP>
#	G	D	E	R	K	N	Q	S	T	A	V	L	I	F	Y	W	H	M	C	P
0	0.02074	0.02185	0.02253	0.02404	0.16238	0.20542	0.04904	0.02434	0.02047	0.02565	0.09652	0.02904	0.07544	0.00993	0.00794	0.00220	0.00943	0.00830	0.04523	0.13950
1	0.01958	0.07425	0.32210	0.18021	0.03742	0.14698	0.02412	0.02611	0.01843	0.02357	0.01427	0.01787	0.01078	0.00800	0.00768	0.00245	0.01204	0.00613	0.00377	0.04426
2	0.10158	0.02767	0.02129	0.04809	0.02448	0.31490	0.01455	0.19571	0.02662	0.03263	0.09515	0.02246	0.02002	0.00992	0.00781	0.00237	0.01093	0.00717	0.00608	0.01058
3	0.01926	0.31794	0.07399	0.01426	0.02012	0.05913	0.01330	0.05979	0.08385	0.02441	0.03483	0.03445	0.19068	0.01172	0.00738	0.00230	0.00795	0.00894	0.00554	0.01017
4	0.01253	0.01025	0.01187	0.01104	0.01470	0.00854	0.00864	0.01528	0.01810	0.02399	0.05317	0.14258	0.29796	0.01777	0.00915	0.00260	0.00540	0.11003	0.00691	0.21947
5	0.01064	0.00810	0.01033	0.01163	0.01267	0.00779	0.00828	0.01240	0.01662	0.02167	0.05203	0.50241	0.17475	0.02430	0.01121	0.00330	0.03393	0.06345	0.00754	0.00697
6	0.01722	0.01447	0.01916	0.01682	0.01750	0.01916	0.01379	0.01977	0.01439	0.02389	0.01665	0.02272	0.01459	0.01281	0.01965	0.00303	0.44831	0.00744	0.27001	0.00861
7	0.01940	0.05420	0.18538	0.08081	0.44471	0.02011	0.02613	0.02541	0.01836	0.02627	0.01523	0.01962	0.01230	0.00756	0.00803	0.00250	0.01048	0.00697	0.00392	0.01261
8	0.02556	0.02765	0.02834	0.07004	0.31090	0.27798	0.02065	0.09074	0.02270	0.02676	0.01493	0.01839	0.01218	0.00817	0.00795	0.00236	0.01187	0.00660	0.00459	0.01166
9	0.03103	0.03959	0.02354	0.02140	0.02568	0.67469	0.01605	0.03317	0.02354	0.02033	0.01284	0.01498	0.01070	0.00856	0.00749	0.00214	0.01498	0.00535	0.00428	0.00963
10	0.01132	0.00779	0.00923	0.00988	0.01016	0.00757	0.00599	0.01190	0.01367	0.01810	0.03531	0.27406	0.06567	0.44815	0.03019	0.00625	0.00680	0.01621	0.00605	0.00570
11	0.01129	0.00868	0.01046	0.01060	0.01290	0.00785	0.00834	0.01443	0.02072	0.02708	0.29234	0.07594	0.31023	0.01988	0.01015	0.00294	0.00480	0.13566	0.00825	0.00746
12	0.03103	0.03959	0.02354	0.02140	0.02568	0.67469	0.01605	0.03317	0.02354	0.02033	0.01284	0.01498	0.01070	0.00856	0.00749	0.00214	0.01498	0.00535	0.00428	0.00963
13	0.02056	0.01974	0.03372	0.05099	0.65622	0.01974	0.02550	0.02550	0.01892	0.02714	0.01563	0.02056	0.01316	0.00740	0.00822	0.00247	0.00987	0.00740	0.00411	0.01316
14	0.03158	0.02327	0.02493	0.01911	0.02576	0.02576	0.01579	0.62852	0.03906	0.05236	0.01995	0.01995	0.01413	0.00997	0.00831	0.00249	0.00914	0.00748	0.00831	0.01413
15	0.01006	0.00747	0.00939	0.01092	0.01188	0.00680	0.00743	0.01164	0.01652	0.02146	0.05363	0.57538	0.17712	0.02501	0.01044	0.00326	0.00469	0.02237	0.00771	0.00680
16	0.01192	0.00869	0.01228	0.01228	0.01340	0.00981	0.00905	0.01415	0.01304	0.01850	0.02323	0.03804	0.02311	0.22279	0.51784	0.01203	0.01872	0.00969	0.00460	0.00682
17	0.03727	0.01414	0.01928	0.01478	0.02121	0.01221	0.01221	0.04049	0.02378	0.66198	0.03277	0.02828	0.02056	0.01028	0.00835	0.00257	0.00707	0.00835	0.01028	0.01414
18	0.02312	0.02299	0.01991	0.01797	0.02257	0.17543	0.01384	0.04155	0.49505	0.03134	0.02885	0.02721	0.02189	0.01063	0.00823	0.00266	0.00856	0.00844	0.00747	0.01232
19	0.00982	0.00842	0.00842	0.00842	0.01122	0.00701	0.00631	0.01192	0.01894	0.02244	0.08416	0.07995	0.65285	0.02104	0.00982	0.00281	0.00421	0.01753	0.00771	0.00701
20	0.00982	0.00842	0.00842	0.00842	0.01122	0.00701	0.00631	0.01192	0.01894	0.02244	0.08416	0.07995	0.65285	0.02104	0.00982	0.00281	0.00421	0.01753	0.00771	0.00701
21	0.01012	0.00723	0.00964	0.01157	0.01205	0.00675	0.00771	0.01157	0.01591	0.02121	0.04579	0.70262	0.05495	0.02603	0.01060	0.00337	0.00482	0.02362	0.00771	0.00675
22	0.03103	0.03959	0.02354	0.02140	0.02568	0.67469	0.01605	0.03317	0.02354	0.02033	0.01284	0.01498	0.01070	0.00856	0.00749	0.00214	0.01498	0.00535	0.00428	0.00963
23	0.03112	0.03703	0.02376	0.02104	0.02569	0.57287	0.01601	0.12659	0.02598	0.02536	0.01396	0.01576	0.01124	0.00878	0.00762	0.00220	0.01406	0.00568	0.00491	0.01034
24	0.02056	0.01974	0.03372	0.05099	0.65622	0.01974	0.02550	0.02550	0.01892	0.02714	0.01563	0.02056	0.01316	0.00740	0.00822	0.00247	0.00987	0.00740	0.00411	0.01316
25	0.01208	0.00805	0.00906	0.00906	0.00906	0.00805	0.00503	0.01208	0.01208	0.01611	0.02618	0.05436	0.03020	0.70804	0.04228	0.00805	0.00805	0.01208	0.00503	0.00503
26	0.02537	0.03015	0.02438	0.02158	0.02398	0.38854	0.01699	0.02736	0.01877	0.02018	0.01199	0.01639	0.01079	0.01120	0.01621	0.00280	0.31374	0.00620	0.00400	0.00939
27	0.02816	0.02690	0.02253	0.01901	0.02395	0.26056	0.01500	0.31071	0.02919	0.03525	0.01772	0.02020	0.01396	0.01799	0.11677	0.00414	0.01342	0.00693	0.00621	0.01139
28	0.01012	0.00723	0.00964	0.01157	0.01205	0.00675	0.00771	0.01157	0.01591	0.02121	0.04579	0.70262	0.05495	0.02603	0.01060	0.00337	0.00482	0.02362	0.00771	0.00675
29	0.02181	0.66452	0.08854	0.01490	0.02238	0.03189	0.01541	0.02498	0.01693	0.02003	0.01179	0.01363	0.01065	0.00716	0.00552	0.00184	0.00913	0.00456	0.00355	0.01078
30	0.01087	0.00839	0.00992	0.00968	0.01190	0.00744	0.00721	0.01391	0.02121	0.02818	0.38520	0.10542	0.31239	0.01915	0.00985	0.00273	0.00409	0.01654	0.00848	0.00744
31	0.01780	0.17990	0.53801	0.02174	0.03297	0.02207	0.02733	0.02602	0.01740	0.02493	0.01422	0.01668	0.01055	0.00773	0.00737	0.00246	0.01158	0.00579	0.00352	0.01195
32	0.01666	0.04297	0.66500	0.02368	0.03596	0.01929	0.03069	0.02631	0.01754	0.02631	0.01491	0.01754	0.01052	0.00789	0.00789	0.00263	0.01228	0.00614	0.00351	0.01228
33	0.03071	0.03446	0.02368	0.02062	0.02552	0.48011	0.01586	0.18540	0.05506	0.02914	0.01559	0.01696	0.01223	0.00904	0.00774	0.00226	0.01312	0.00607	0.00549	0.01093
34	0.01098	0.00763	0.00953	0.01053	0.01094	0.00732	0.00670	0.01206	0.01500	0.02015	0.08223	0.41007	0.04725	0.28435	0.02257	0.00510	0.00598	0.01861	0.00680	0.00618
35	0.01006	0.00746	0.00940	0.01094	0.01189	0.00680	0.00743	0.01164	0.01651	0.02145	0.05339	0.57924	0.17342	0.02504	0.01045	0.00326	0.00470	0.02241	0.00771	0.00680
36	0.01112	0.00801	0.01075	0.01259	0.01362	0.00764	0.00942	0.01334	0.01704	0.02240	0.04690	0.48591	0.07882	0.02485	0.01084	0.00349	0.00567	0.20285	0.00769	0.00704
37	0.01736	0.01647	0.02793	0.47016	0.26211	0.01890	0.02390	0.02269	0.01740	0.02325	0.01506	0.02161	0.01179	0.00800	0.00828	0.00267	0.01066	0.00739	0.00384	0.01057
38	0.02221	0.71304	0.04353	0.01421	0.02132	0.03287	0.01421	0.02488	0.01688	0.01955	0.01155	0.01333	0.01066	0.00711	0.00533	0.00178	0.00888	0.00444	0.00355	0.01066
39	0.01009	0.00735	0.00951	0.01124	0.01196	0.00678	0.00757	0.01160	0.01622	0.02133	0.04976	0.63814	0.11686	0.02551	0.01052	0.00331	0.00476	0.02299	0.00771	0.00678
40	0.00982	0.00842	0.00842	0.00842	0.01122	0.00701	0.00631	0.01192	0.01894	0.02244	0.08416	0.07995	0.65285	0.02104	0.00982	0.00281	0.00421	0.01753	0.00771	0.00701
41	0.01187	0.00890	0.01335	0.01335	0.01483	0.01038	0.01038	0.01483	0.01335	0.01928	0.02225	0.03264	0.02077	0.06231	0.67512	0.01335	0.02225	0.00890	0.00445	0.00742
42	0.01723	0.01477	0.01723	0.01230	0.01969	0.01107	0.00984	0.02092	0.01723	0.02707	0.01477	0.01723	0.01230	0.00615	0.00615	0.00123	0.00615	0.00492	0.00492	0.75883
43	0.01012	0.00723	0.00964	0.01157	0.01205	0.00675	0.00771	0.01157	0.01591	0.02121	0.04579	0.70262	0.05495	0.02603	0.01060	0.00337	0.00482	0.02362	0.00771	0.00675
44	0.01961	0.02241	0.04902	0.03501	0.04342	0.02101	0.62605	0.02661	0.01961	0.02661	0.01681	0.02241	0.01261	0.00700	0.00980	0.00280	0.01401	0.00980	0.00420	0.01120
45	0.76672	0.01607	0.01221	0.01092	0.01607	0.01864	0.00900	0.02442	0.01414	0.03727	0.01157	0.01350	0.00900	0.00771	0.00514	0.00257	0.00643	0.00450	0.00514	0.00900
46	0.01113	0.00863	0.01038	0.01137	0.01348	0.00787	0.00905	0.01374	0.01851	0.02310	0.06364	0.18639	0.34059	0.02253	0.01053	0.00326	0.00553	0.22536	0.00769	0.00720
47	0.02951	0.16475	0.02792	0.01919	0.02486	0.31958	0.01560	0.24286	0.02775	0.03154	0.01511	0.01642	0.01191	0.00878	0.00736	0.00219	0.01172	0.00593	0.00557	0.01143
48	0.76672	0.01607	0.01221	0.01092	0.01607	0.01864	0.00900	0.02442	0.01414	0.03727	0.01157	0.01350	0.00900	0.00771	0.00514	0.00257	0.00643	0.00450	0.00514	0.00900
49	0.01771	0.03567	0.44638	0.02770	0.03860	0.01990	0.24200	0.02642	0.01827	0.02642	0.01558	0.01927	0.01126	0.00758	0.00857	0.00269	0.01289	0.00744	0.00375	0.01190
50	0.01191	0.00874	0.01252	0.01252	0.01371	0.00993	0.00934	0.01430	0.01310	0.01867	0.02301	0.03686	0.02260	0.18787	0.55207	0.01232	0.01949	0.00952	0.00456	0.00695
51	0.00996	0.00842	0.00861	0.00856	0.01131	0.00707	0.00642	0.01219	0.01927	0.02323	0.12527	0.07865	0.61125	0.02075	0.00982	0.00279	0.00419	0.01735	0.00782	0.00707
52	0.02030	0.01947	0.03325	0.08498	0.62426	0.01967	0.02537	0.02527	0.01879	0.02682	0.01558	0.02065	0.01305	0.00745	0.00823	0.00248	0.00993	0.00740	0.00409	0.01295
53	0.01193	0.00866	0.01212	0.01212	0.01317	0.00971	0.00885	0.01404	0.01299	0.01837	0.02338	0.03888	0.02348	0.24798	0.49316	0.01183	0.01817	0.00982	0.00462	0.00673
54	0.02839	0.24154	0.02954	0.01925	0.02437	0.48223	0.01550	0.03068	0.02154	0.02010	0.01245	0.01448	0.01069	0.00812	0.00684	0.00203	0.01315	0.00508	0.00406	0.00994
55	0.02038	0.01947	0.03284	0.04893	0.62226	0.01928	0.02466	0.02525	0.01883	0.02714	0.01558	0.02038	0.01311	0.00734	0.00811	0.00240	0.00967	0.00727	0.00416	0.05294
56	0.02255	0.01710	0.02234	0.15398	0.14108	0.04625	0.01695	0.07577	0.14859	0.13678	0.02778	0.05946	0.04697	0.01118	0.00860	0.00272	0.00857	0.03490	0.00676	0.01169
57	0.01844	0.23078	0.44483	0.02183	0.03236	0.02325	0.06915	0.02593	0.01750	0.02442	0.01410	0.01670	0.01071	0.00761	0.00731	0.00240	0.01144	0.00592	0.00357	0.01174
58	0.02372	0.02685	0.02699	0.18108	0.22050	0.29452	0.02057	0.02744	0.01999	0.02254	0.01400	0.01845	0.01153	0.00849	0.00901	0.00246	0.05071	0.00653	0.00406	0.01056
59	0.02071	0.01138	0.01284	0.01114	0.01488	0.01097	0.00877	0.08600	0.04815	0.17142	0.06702	0.04210	0.17236	0.01290	0.00786	0.00241	0.00532	0.01054	0.27336	0.00988
60	0.01208	0.00805	0.00906	0.00906	0.00906	0.00805	0.00503	0.01208	0.01208	0.01611	0.02618	0.05436	0.03020	0.70804	0.04228	0.00805	0.00805	0.01208	0.00503	0.00503
61	0.01387	0.00817	0.00975	0.00969	0.01138	0.00852	0.00726	0.01727	0.01658	0.02703	0.09037	0.03605	0.02759	0.06689	0.19748	0.00560	0.00932	0.00908	0.42061	0.00750
62	0.01176	0.00849	0.01110	0.01045	0.01241	0.00784	0.00784	0.01568	0.02352	0.03331	0.65184	0.06206	0.07839	0.01698	0.00980	0.00261	0.00392	0.01502	0.00914	0.00784
63	0.01759	0.01364	0.01833	0.05330	0.02008	0.01598	0.03543	0.09527	0.01793	0.02705	0.01920	0.02523	0.01623	0.02229	0.15193	0.03666	0.17261	0.00775	0.19146	0.04203
64	0.03103	0.03959	0.02354	0.02140	0.02568	0.67469	0.01605	0.03317	0.02354	0.02033	0.01284	0.01498	0.01070	0.00856	0.00749	0.00214	0.01498	0.00535	0.00428	0.00963
65	0.01526	0.01431	0.02372	0.63886	0.05389	0.01763	0.02186	0.02055	0.01678	0.02131	0.01979	0.02633	0.05755	0.00923	0.00842	0.00277	0.01058	0.00812	0.00398	0.00907
66	0.02057	0.01963	0.03288	0.04907	0.62052	0.01979	0.02480	0.02654	0.05392	0.02757	0.01665	0.02115	0.01385	0.00762	0.00824	0.00249	0.00968	0.00751	0.00436	0.01316
67	0.01164	0.00849	0.01094	0.01033	0.01234	0.00779	0.00775	0.01545	0.02324	0.03267	0.61804	0.06312	0.11259	0.01722	0.00980	0.00262	0.00394	0.01517	0.00906	0.00779
68	0.03154	0.02445	0.02483	0.01928	0.02576	0.07276	0.01581	0.58541	0.03794	0.05004	0.01943	0.01959	0.01388	0.00987	0.00825	0.00247	0.00956	0.00733	0.00802	0.01380
69	0.01038	0.00832	0.00936	0.00993	0.01214	0.00730	0.00749	0.01264	0.01856	0.02295	0.09609	0.20189	0.44056	0.02206	0.01017	0.00303	0.00472	0.08757	0.00777	0.00707
70	0.76672	0.01607	0.01221	0.01092	0.01607	0.01864	0.00900	0.02442	0.01414	0.03727	0.01157	0.01350	0.00900	0.00771	0.00514	0.00257	0.00643	0.00450	0.00514	0.00900
71	0.01332	0.00979	0.01310	0.01465	0.01678	0.00977	0.01264	0.01780	0.04536	0.02503	0.04772	0.08964	0.10952	0.02226	0.01118	0.00368	0.00725	0.51502	0.00769	0.00782
72	0.01820	0.01862	0.02953	0.02403	0.02573	0.02397	0.13605	0.02107	0.01409	0.02125	0.01252	0.01959	0.01164	0.01503	0.05043	0.00387	0.53335	0.00783	0.00378	0.00943
73	0.01818	0.01818	0.02545	0.02181	0.02181	0.02545	0.01818	0.01999	0.01272	0.01999	0.01091	0.01818	0.01091	0.01454	0.02726	0.00364	0.69284	0.00727	0.00364	0.00909
74	0.01050	0.00747	0.00945	0.01087	0.01139	0.00703	0.00708	0.01169	0.01530	0.02024	0.04406	0.53308	0.08549	0.16509	0.01703	0.00430	0.00544	0.02090	0.00716	0.00641
75	0.01020	0.00843	0.00894	0.00882	0.01146	0.00718	0.00661	0.01266	0.01984	0.02458	0.19586	0.07643	0.53981	0.02024	0.00981	0.00277	0.00415	0.01704	0.00800	0.00718
76	0.02880	0.03515	0.02286	0.02070	0.02486	0.54085	0.01568	0.03435	0.12237	0.02264	0.01613	0.01770	0.01307	0.00926	0.00852	0.00232	0.04359	0.00609	0.00492	0.01017
77	0.03071	0.03565	0.02361	0.02079	0.02553	0.52657	0.01588	0.14502	0.05165	0.02691	0.01503	0.01656	0.01194	0.00894	0.00768	0.00223	0.01355	0.00591	0.00520	0.01062
78	0.00982	0.00842	0.00842	0.00842	0.01122	0.00701	0.00631	0.01192	0.01894	0.02244	0.08416	0.07995	0.65285	0.02104	0.00982	0.00281	0.00421	0.01753	0.00771	0.00701
79	0.25065	0.02112	0.02114	0.01667	0.02287	0.02364	0.01377	0.44850	0.03163	0.04786	0.01745	0.01802	0.01260	0.00930	0.00737	0.00252	0.00833	0.00659	0.00737	0.01260
80	0.02811	0.02305	0.02592	0.02548	0.15393	0.07760	0.01747	0.41923	0.03212	0.04257	0.01861	0.02041	0.01404	0.01245	0.04793	0.00311	0.01056	0.00737	0.00689	0.01316
81	0.01155	0.00833	0.01092	0.01059	0.01236	0.00770	0.00782	0.01515	0.02254	0.03176	0.57410	0.14422	0.07538	0.01814	0.00990	0.00271	0.00403	0.01613	0.00896	0.00770
82	0.76672	0.01607	0.01221	0.01092	0.01607	0.01864	0.00900	0.02442	0.01414	0.03727	0.01157	0.01350	0.00900	0.00771	0.00514	0.00257	0.00643	0.00450	0.00514	0.00900
83	0.01148	0.00911	0.01052	0.01125	0.01331	0.00864	0.00837	0.01577	0.08232	0.02357	0.06043	0.29857	0.30184	0.02204	0.01016	0.00313	0.00509	0.08900	0.00778	0.00763
84	0.01205	0.00998	0.01459	0.01466	0.01550	0.01078	0.04430	0.01387	0.01556	0.02130	0.03813	0.54602	0.04495	0.02297	0.01344	0.00339	0.12429	0.02001	0.00681	0.00740
85	0.01208	0.00805	0.00906	0.00906	0.00906	0.00805	0.00503	0.01208	0.01208	0.01611	0.02618	0.05436	0.03020	0.70804	0.04228	0.00805	0.00805	0.01208	0.00503	0.00503
86	0.01755	0.01667	0.02828	0.44458	0.28616	0.01895	0.02400	0.02286	0.01749	0.02349	0.01509	0.02154	0.01187	0.00796	0.00827	0.00265	0.01061	0.00739	0.00385	0.01073
87	0.01854	0.01768	0.03007	0.31527	0.40774	0.01921	0.02449	0.02372	0.01796	0.02469	0.01527	0.02122	0.01229	0.00778	0.00826	0.00259	0.01037	0.00739	0.00394	0.01153
88	0.00990	0.00810	0.00874	0.00925	0.01144	0.00694	0.00668	0.01183	0.01814	0.02212	0.07403	0.24427	0.49507	0.02236	0.01003	0.00296	0.00437	0.01914	0.00771	0.00694
89	0.01986	0.01977	0.03593	0.11370	0.46897	0.01987	0.14796	0.02528	0.01882	0.02642	0.01578	0.02110	0.01283	0.00741	0.00856	0.00257	0.01084	0.00789	0.00409	0.01235
90	0.01965	0.01817	0.02804	0.10673	0.40504	0.01922	0.02158	0.02900	0.16686	0.02820	0.02156	0.02757	0.01791	0.00934	0.00848	0.00266	0.00908	0.04318	0.00531	0.01242
91	0.01239	0.00995	0.01458	0.01313	0.01550	0.00998	0.07183	0.01513	0.01567	0.02129	0.04014	0.04820	0.19999	0.14154	0.27138	0.00763	0.01276	0.01184	0.05973	0.00735
92	0.01090	0.00846	0.00992	0.00956	0.01189	0.00748	0.00717	0.01403	0.02150	0.02853	0.40218	0.06992	0.33102	0.01877	0.00981	0.00270	0.00405	0.01613	0.00852	0.00748
93	0.29179	0.02700	0.01959	0.01703	0.02210	0.28264	0.01337	0.15010	0.05062	0.03341	0.01474	0.01616	0.01143	0.00866	0.00686	0.00239	0.01040	0.00565	0.00558	0.01046
94	0.09024	0.01028	0.01199	0.01139	0.01366	0.01085	0.00870	0.01665	0.04413	0.02620	0.20643	0.05145	0.19897	0.07554	0.14203	0.00521	0.04925	0.01248	0.00679	0.00776
95	0.06578	0.05777	0.02346	0.01742	0.02330	0.02389	0.01425	0.47064	0.07791	0.04546	0.02062	0.02303	0.01588	0.06985	0.01092	0.00296	0.00871	0.00770	0.00763	0.01283
96	0.10910	0.02409	0.02040	0.01747	0.02254	0.20175	0.01373	0.16833	0.17919	0.08928	0.05510	0.02355	0.01936	0.01005	0.00785	0.00250	0.00937	0.00751	0.00709	0.01174
97	0.09397	0.02468	0.02076	0.01747	0.02249	0.20857	0.01379	0.27346	0.06360	0.03738	0.09516	0.02587	0.04577	0.01070	0.00803	0.00244	0.00962	0.00799	0.00695	0.01130
