[name]
unknown

[dist]
# distance from previous block
# <min> <max>
0	4

[block]
# block no. 0 follows, 19 sequences, length 27
# corresponding to MSA columns:
# 4-30
name=unknown_A
#
# <colnr> <probs for GDERKNQSTAVLIFYWHMCP>
#	G	D	E	R	K	N	Q	S	T	A	V	L	I	F	Y	W	H	M	C	P
0	0.01399	0.01016	0.01383	0.01566	0.01782	0.01000	0.01358	0.01791	0.02057	0.02649	0.05214	0.09928	0.11482	0.02449	0.01216	0.00400	0.00783	0.50887	0.00825	0.00816
1	0.03030	0.03759	0.02563	0.14401	0.03407	0.53083	0.01871	0.03330	0.02394	0.02208	0.01422	0.01759	0.01160	0.00917	0.00823	0.00243	0.01534	0.00618	0.00449	0.01029
2	0.03239	0.12257	0.02890	0.02094	0.02706	0.29913	0.01690	0.27732	0.03158	0.03662	0.01693	0.01819	0.01311	0.00966	0.00813	0.00242	0.01254	0.00662	0.00637	0.01261
3	0.02019	0.01247	0.01545	0.01464	0.01840	0.01196	0.01219	0.08678	0.02412	0.14015	0.08517	0.07356	0.19170	0.01980	0.01081	0.00336	0.00713	0.23306	0.00894	0.01012
4	0.03342	0.04264	0.02535	0.02305	0.02766	0.64967	0.01729	0.03572	0.02535	0.02190	0.01383	0.01613	0.01152	0.00922	0.00807	0.00230	0.01613	0.00576	0.00461	0.01037
5	0.01877	0.01614	0.01802	0.01808	0.05681	0.01764	0.01321	0.03551	0.38459	0.03283	0.04921	0.05113	0.17270	0.01549	0.00972	0.00310	0.00678	0.05965	0.00856	0.01207
6	0.01278	0.00959	0.01438	0.01438	0.01598	0.01118	0.01118	0.01598	0.01438	0.02077	0.02396	0.03515	0.02237	0.06710	0.65013	0.01438	0.02396	0.00959	0.00479	0.00799
7	0.03401	0.02506	0.02685	0.02058	0.02774	0.02774	0.01700	0.59995	0.04206	0.05638	0.02148	0.02148	0.01521	0.01074	0.00895	0.00268	0.00984	0.00805	0.00895	0.01521
8	0.01855	0.01590	0.01855	0.01325	0.02120	0.01193	0.01060	0.02253	0.01855	0.02915	0.01590	0.01855	0.01325	0.00663	0.00663	0.00133	0.00663	0.00530	0.00530	0.74028
9	0.01090	0.00779	0.01038	0.01246	0.01298	0.00727	0.00830	0.01246	0.01713	0.02284	0.04931	0.67975	0.05917	0.02803	0.01142	0.00363	0.00519	0.02543	0.00830	0.00727
10	0.01279	0.00953	0.01410	0.01410	0.01560	0.01103	0.01084	0.01580	0.01430	0.02056	0.02422	0.03655	0.02298	0.10424	0.61383	0.01404	0.02305	0.00979	0.00483	0.00783
11	0.03301	0.02456	0.02629	0.02038	0.02736	0.02728	0.01676	0.55299	0.09065	0.05477	0.02275	0.02249	0.01624	0.01086	0.00896	0.00271	0.00961	0.00823	0.00896	0.01512
12	0.03401	0.02506	0.02685	0.02058	0.02774	0.02774	0.01700	0.59995	0.04206	0.05638	0.02148	0.02148	0.01521	0.01074	0.00895	0.00268	0.00984	0.00805	0.00895	0.01521
13	0.01510	0.01330	0.01561	0.01535	0.01729	0.08286	0.01187	0.01819	0.01561	0.02089	0.02283	0.03301	0.02115	0.06060	0.57805	0.01302	0.02308	0.00916	0.00477	0.00826
14	0.01794	0.04628	0.63923	0.02550	0.03872	0.02078	0.03305	0.02833	0.01889	0.02833	0.01606	0.01889	0.01133	0.00850	0.00850	0.00283	0.01322	0.00661	0.00378	0.01322
15	0.03342	0.04264	0.02535	0.02305	0.02766	0.64967	0.01729	0.03572	0.02535	0.02190	0.01383	0.01613	0.01152	0.00922	0.00807	0.00230	0.01613	0.00576	0.00461	0.01037
16	0.01057	0.00906	0.00906	0.00906	0.01208	0.00755	0.00680	0.01284	0.02039	0.02417	0.09063	0.08610	0.62615	0.02266	0.01057	0.00302	0.00453	0.01888	0.00831	0.00755
17	0.03342	0.04264	0.02535	0.02305	0.02766	0.64967	0.01729	0.03572	0.02535	0.02190	0.01383	0.01613	0.01152	0.00922	0.00807	0.00230	0.01613	0.00576	0.00461	0.01037
18	0.01057	0.00906	0.00906	0.00906	0.01208	0.00755	0.00680	0.01284	0.02039	0.02417	0.09063	0.08610	0.62615	0.02266	0.01057	0.00302	0.00453	0.01888	0.00831	0.00755
19	0.01278	0.00959	0.01438	0.01438	0.01598	0.01118	0.01118	0.01598	0.01438	0.02077	0.02396	0.03515	0.02237	0.06710	0.65013	0.01438	0.02396	0.00959	0.00479	0.00799
20	0.02310	0.02307	0.03538	0.05220	0.57860	0.07467	0.02659	0.02816	0.02079	0.02860	0.01657	0.02163	0.01395	0.00808	0.00879	0.00263	0.01110	0.00778	0.00444	0.01385
21	0.02094	0.02218	0.04419	0.11961	0.24097	0.02184	0.33957	0.02756	0.02048	0.02814	0.01741	0.02344	0.01357	0.00785	0.00980	0.00289	0.01323	0.00939	0.00443	0.01250
22	0.02911	0.03630	0.02228	0.02041	0.02472	0.52850	0.01531	0.03141	0.02442	0.02232	0.02832	0.02934	0.12750	0.01176	0.00854	0.00244	0.01394	0.00824	0.00531	0.00984
23	0.01989	0.01895	0.03224	0.31697	0.38537	0.02066	0.02633	0.02548	0.01930	0.02649	0.01643	0.02288	0.01321	0.00839	0.00889	0.00280	0.01119	0.00796	0.00423	0.01235
24	0.02136	0.02146	0.03914	0.09574	0.41250	0.02180	0.16587	0.02709	0.02002	0.02820	0.01680	0.02263	0.01373	0.00834	0.01034	0.00284	0.04605	0.00859	0.00439	0.01311
25	0.01213	0.00923	0.01092	0.01120	0.01232	0.00917	0.00761	0.01346	0.01632	0.02111	0.05083	0.20996	0.21576	0.25994	0.05939	0.00584	0.04385	0.01723	0.00685	0.00688
26	0.19976	0.03451	0.21831	0.02028	0.02792	0.21373	0.02000	0.07326	0.02212	0.03176	0.04841	0.01983	0.01531	0.00938	0.00780	0.00264	0.01184	0.00656	0.00519	0.01138

[dist]
# distance from previous block
# <min> <max>
0	1

[block]
# block no. 1 follows, 19 sequences, length 26
# corresponding to MSA columns:
# 32-57
name=unknown_B
#
# <colnr> <probs for GDERKNQSTAVLIFYWHMCP>
#	G	D	E	R	K	N	Q	S	T	A	V	L	I	F	Y	W	H	M	C	P
0	0.02036	0.30712	0.39957	0.02138	0.03235	0.02669	0.02587	0.02771	0.01860	0.02539	0.01459	0.01705	0.01139	0.00816	0.00738	0.00246	0.01174	0.00587	0.00380	0.01252
1	0.02762	0.30754	0.03453	0.01991	0.02515	0.31154	0.01678	0.03011	0.02081	0.02150	0.01297	0.01586	0.01154	0.00944	0.00999	0.00236	0.10178	0.00564	0.00419	0.01075
2	0.01783	0.01288	0.01613	0.01484	0.01751	0.01429	0.01142	0.15193	0.02119	0.02964	0.02627	0.08908	0.02489	0.11004	0.34725	0.00944	0.01637	0.01085	0.04876	0.00937
3	0.06349	0.35635	0.31623	0.01977	0.02985	0.02781	0.02311	0.02747	0.01833	0.02550	0.01410	0.01644	0.01131	0.00808	0.00699	0.00238	0.01109	0.00562	0.00390	0.01217
4	0.01956	0.01672	0.01775	0.01641	0.02074	0.01879	0.01259	0.03940	0.47486	0.03420	0.04501	0.10390	0.11145	0.01512	0.00953	0.00309	0.00655	0.01280	0.00892	0.01259
5	0.03401	0.02506	0.02685	0.02058	0.02774	0.02774	0.01700	0.59995	0.04206	0.05638	0.02148	0.02148	0.01521	0.01074	0.00895	0.00268	0.00984	0.00805	0.00895	0.01521
6	0.02325	0.01972	0.02079	0.01841	0.02365	0.02272	0.01440	0.09455	0.56497	0.03904	0.03514	0.03237	0.02628	0.01202	0.00909	0.00300	0.00732	0.00994	0.00909	0.01425
7	0.03780	0.01471	0.02001	0.01552	0.02203	0.01275	0.01275	0.04133	0.02558	0.58490	0.08549	0.03355	0.02745	0.01169	0.00913	0.00277	0.00732	0.00961	0.01097	0.01465
8	0.03342	0.04264	0.02535	0.02305	0.02766	0.64967	0.01729	0.03572	0.02535	0.02190	0.01383	0.01613	0.01152	0.00922	0.00807	0.00230	0.01613	0.00576	0.00461	0.01037
9	0.01057	0.00906	0.00906	0.00906	0.01208	0.00755	0.00680	0.01284	0.02039	0.02417	0.09063	0.08610	0.62615	0.02266	0.01057	0.00302	0.00453	0.01888	0.00831	0.00755
10	0.03401	0.02506	0.02685	0.02058	0.02774	0.02774	0.01700	0.59995	0.04206	0.05638	0.02148	0.02148	0.01521	0.01074	0.00895	0.00268	0.00984	0.00805	0.00895	0.01521
11	0.01668	0.00834	0.00834	0.00834	0.01042	0.00834	0.00625	0.02085	0.01876	0.03335	0.02918	0.03335	0.02293	0.01042	0.00625	0.00208	0.00417	0.00834	0.73525	0.00834
12	0.14711	0.57648	0.04115	0.01471	0.02200	0.03279	0.01435	0.02671	0.01768	0.02429	0.01244	0.01438	0.01118	0.00776	0.00571	0.00206	0.00912	0.00479	0.00412	0.01118
13	0.03302	0.02330	0.02536	0.01981	0.02666	0.02557	0.01624	0.47065	0.11778	0.11066	0.02485	0.02397	0.01753	0.01096	0.00898	0.00274	0.00925	0.00843	0.00918	0.01507
14	0.02094	0.02003	0.03415	0.19417	0.49990	0.02094	0.02686	0.02641	0.01980	0.02777	0.01662	0.02253	0.01366	0.00819	0.00888	0.00273	0.01093	0.00797	0.00432	0.01320
15	0.74878	0.01730	0.01315	0.01177	0.01730	0.02007	0.00969	0.02630	0.01523	0.04014	0.01246	0.01453	0.00969	0.00830	0.00554	0.00277	0.00692	0.00484	0.00554	0.00969
16	0.01741	0.01643	0.02776	0.60435	0.11733	0.02001	0.02510	0.02331	0.01813	0.02348	0.01599	0.02368	0.01215	0.00885	0.00894	0.00295	0.01180	0.00795	0.00402	0.01035
17	0.01057	0.00906	0.00906	0.00906	0.01208	0.00755	0.00680	0.01284	0.02039	0.02417	0.09063	0.08610	0.62615	0.02266	0.01057	0.00302	0.00453	0.01888	0.00831	0.00755
18	0.01090	0.00779	0.01038	0.01246	0.01298	0.00727	0.00830	0.01246	0.01713	0.02284	0.04931	0.67975	0.05917	0.02803	0.01142	0.00363	0.00519	0.02543	0.00830	0.00727
19	0.01133	0.00909	0.01011	0.00986	0.01255	0.00787	0.00739	0.01430	0.02218	0.02840	0.28386	0.07913	0.43028	0.02108	0.01057	0.00295	0.00442	0.01790	0.00886	0.00787
20	0.02214	0.02126	0.03631	0.05491	0.62978	0.02126	0.02746	0.02746	0.02037	0.02923	0.01683	0.02214	0.01417	0.00797	0.00886	0.00266	0.01063	0.00797	0.00443	0.01417
21	0.02181	0.46324	0.25612	0.01891	0.02853	0.03023	0.02158	0.02733	0.01843	0.02362	0.01372	0.01595	0.01143	0.00795	0.00672	0.00224	0.01086	0.00543	0.00381	0.01210
22	0.02769	0.01848	0.01949	0.01584	0.02144	0.05241	0.01276	0.24538	0.03016	0.17911	0.04704	0.04454	0.21771	0.01466	0.00945	0.00279	0.00793	0.01171	0.00899	0.01242
23	0.01794	0.04628	0.63923	0.02550	0.03872	0.02078	0.03305	0.02833	0.01889	0.02833	0.01606	0.01889	0.01133	0.00850	0.00850	0.00283	0.01322	0.00661	0.00378	0.01322
24	0.03287	0.08030	0.02660	0.02260	0.02739	0.61399	0.01717	0.03521	0.02494	0.02185	0.01375	0.01603	0.01152	0.00913	0.00793	0.00228	0.01575	0.00571	0.00456	0.01044
25	0.02092	0.36771	0.34389	0.02042	0.03086	0.02807	0.02421	0.02756	0.01853	0.02470	0.01425	0.01663	0.01141	0.00808	0.00712	0.00237	0.01140	0.00570	0.00380	0.01235

[dist]
# distance from previous block
# <min> <max>
0	2

[block]
# block no. 2 follows, 19 sequences, length 12
# corresponding to MSA columns:
# 60-71
name=unknown_C
#
# <colnr> <probs for GDERKNQSTAVLIFYWHMCP>
#	G	D	E	R	K	N	Q	S	T	A	V	L	I	F	Y	W	H	M	C	P
0	0.02428	0.02696	0.02777	0.19276	0.20835	0.25666	0.02138	0.02853	0.02204	0.02541	0.06614	0.02403	0.01846	0.00955	0.00872	0.00262	0.01250	0.00782	0.00483	0.01120
1	0.02260	0.02331	0.02869	0.03856	0.36551	0.14343	0.02119	0.02832	0.06238	0.02837	0.07006	0.03101	0.07661	0.01064	0.00900	0.00266	0.01043	0.00931	0.00555	0.01237
2	0.08142	0.03624	0.14622	0.12493	0.03450	0.34377	0.02103	0.06203	0.02303	0.02656	0.01491	0.01808	0.01161	0.00905	0.00815	0.00257	0.01385	0.00633	0.00465	0.01108
3	0.02456	0.02123	0.02036	0.01683	0.02240	0.09648	0.01334	0.23436	0.10981	0.03857	0.06607	0.03752	0.14421	0.01304	0.00898	0.00259	0.00848	0.01032	0.00790	0.10296
4	0.08494	0.01561	0.08930	0.11545	0.02431	0.01256	0.01362	0.01917	0.01919	0.05834	0.05429	0.13137	0.29379	0.01745	0.00960	0.00303	0.00722	0.01461	0.00696	0.00919
5	0.02540	0.02556	0.02578	0.02192	0.02671	0.21161	0.08958	0.03562	0.20407	0.06946	0.02389	0.02600	0.01871	0.01749	0.08796	0.00423	0.05934	0.00855	0.00640	0.01176
6	0.02360	0.02172	0.03515	0.05069	0.55569	0.02206	0.02617	0.09791	0.02304	0.03257	0.01740	0.02206	0.01430	0.00831	0.00887	0.00266	0.01053	0.00798	0.00498	0.01430
7	0.02961	0.07926	0.02637	0.02389	0.08113	0.43372	0.01706	0.08254	0.02543	0.02581	0.02207	0.02376	0.07109	0.01043	0.00830	0.00241	0.01351	0.00736	0.00528	0.01096
8	0.02488	0.02888	0.06252	0.08035	0.07361	0.24775	0.13369	0.06808	0.02356	0.02733	0.02132	0.03350	0.01909	0.01145	0.00949	0.00288	0.01330	0.10186	0.00539	0.01105
9	0.20150	0.01376	0.01540	0.09345	0.02247	0.01517	0.01233	0.02463	0.11885	0.03233	0.12699	0.09975	0.08953	0.01559	0.00914	0.00311	0.00695	0.08193	0.00744	0.00970
10	0.01432	0.01147	0.01700	0.01765	0.06265	0.01106	0.06483	0.01707	0.01808	0.02386	0.06979	0.11619	0.11189	0.23802	0.02241	0.00516	0.00830	0.15551	0.00678	0.00796
11	0.03153	0.02606	0.02264	0.01884	0.02457	0.20788	0.01491	0.21813	0.06212	0.15674	0.03127	0.03027	0.09133	0.01189	0.00890	0.00265	0.01047	0.00900	0.00801	0.01277

[dist]
# distance from previous block
# <min> <max>
13	17

[block]
# block no. 3 follows, 19 sequences, length 20
# corresponding to MSA columns:
# 91-110
name=unknown_D
#
# <colnr> <probs for GDERKNQSTAVLIFYWHMCP>
#	G	D	E	R	K	N	Q	S	T	A	V	L	I	F	Y	W	H	M	C	P
0	0.01275	0.01062	0.01136	0.01116	0.01431	0.00996	0.00859	0.01866	0.10616	0.02745	0.13325	0.07770	0.44241	0.02086	0.01049	0.00308	0.00515	0.05881	0.00857	0.00864
1	0.02117	0.01677	0.01880	0.01457	0.02058	0.01558	0.01128	0.14975	0.06907	0.03350	0.02112	0.02812	0.01852	0.13985	0.01489	0.00319	0.00777	0.00778	0.00642	0.38126
2	0.02295	0.01647	0.01980	0.07602	0.02512	0.01575	0.01322	0.13027	0.07005	0.11068	0.02926	0.09310	0.06060	0.01179	0.00850	0.00239	0.00759	0.00981	0.00737	0.26927
3	0.07698	0.01790	0.01959	0.17190	0.02943	0.11100	0.01522	0.06130	0.02145	0.05774	0.13797	0.03304	0.02892	0.02379	0.15003	0.00531	0.01296	0.00941	0.00619	0.00986
4	0.05589	0.02497	0.08391	0.02046	0.02438	0.17311	0.05470	0.02477	0.01856	0.02444	0.02229	0.02723	0.06197	0.02097	0.11644	0.00480	0.17446	0.00841	0.04836	0.00987
5	0.14469	0.05711	0.11541	0.02470	0.15569	0.07799	0.01805	0.02495	0.02093	0.03146	0.17589	0.03487	0.03275	0.01172	0.00861	0.00274	0.00906	0.03628	0.00611	0.01097
6	0.01740	0.01704	0.02063	0.16943	0.03063	0.10687	0.05945	0.02146	0.02046	0.02458	0.04068	0.09652	0.13647	0.01727	0.01042	0.00328	0.00994	0.18198	0.00644	0.00906
7	0.01995	0.01744	0.02818	0.08742	0.39522	0.01739	0.02176	0.02464	0.02066	0.05757	0.05588	0.03986	0.11013	0.01204	0.00946	0.00286	0.00924	0.05225	0.00580	0.01225
8	0.02077	0.02555	0.15243	0.11383	0.45469	0.02102	0.02827	0.02714	0.01982	0.02838	0.01658	0.02169	0.01338	0.00818	0.00880	0.00273	0.01127	0.00770	0.00425	0.01354
9	0.02549	0.21191	0.15341	0.02764	0.16110	0.02707	0.02196	0.20487	0.02620	0.03522	0.01691	0.01916	0.01320	0.00884	0.00796	0.00249	0.01060	0.00685	0.00554	0.01357
10	0.02354	0.01696	0.02395	0.01905	0.02476	0.01631	0.10862	0.13782	0.06000	0.13053	0.03298	0.17510	0.05726	0.01425	0.00953	0.00281	0.00840	0.01280	0.00786	0.11747
11	0.02649	0.01846	0.02044	0.01647	0.02168	0.01940	0.01282	0.27411	0.10452	0.09928	0.02583	0.03255	0.02144	0.17341	0.01757	0.00405	0.00866	0.00933	0.00796	0.08553
12	0.01735	0.01628	0.01493	0.01517	0.04423	0.12127	0.01029	0.04245	0.01963	0.02361	0.04344	0.11350	0.18423	0.20998	0.02004	0.00452	0.00858	0.04030	0.00653	0.04366
13	0.01739	0.01403	0.01467	0.01375	0.01553	0.07881	0.00995	0.01933	0.01891	0.06972	0.14536	0.13164	0.09984	0.21138	0.02256	0.00470	0.08304	0.01412	0.00707	0.00820
14	0.01856	0.01667	0.02473	0.08816	0.08508	0.01783	0.10129	0.03057	0.23106	0.03000	0.03347	0.15103	0.03116	0.01513	0.01010	0.00323	0.00890	0.08433	0.00723	0.01147
15	0.03098	0.03661	0.02788	0.02988	0.16023	0.46449	0.01950	0.07639	0.02551	0.02611	0.01507	0.01786	0.01238	0.00906	0.00831	0.00241	0.01445	0.00642	0.00490	0.01157
16	0.02397	0.23814	0.06871	0.01754	0.02318	0.25661	0.01527	0.02717	0.02194	0.02379	0.08622	0.03114	0.10924	0.01157	0.00798	0.00237	0.01098	0.00849	0.00538	0.01030
17	0.02103	0.02185	0.05339	0.08871	0.14042	0.11028	0.15917	0.02630	0.02023	0.02777	0.01988	0.02520	0.01586	0.01261	0.05069	0.00337	0.01215	0.00841	0.17177	0.01092
18	0.01833	0.11248	0.22323	0.02593	0.09055	0.02078	0.10685	0.02453	0.01784	0.02523	0.01783	0.02370	0.01488	0.02389	0.17760	0.00580	0.04701	0.00793	0.00423	0.01139
19	0.38788	0.02294	0.11334	0.02883	0.23402	0.02059	0.01932	0.02700	0.01756	0.03460	0.01451	0.01783	0.01149	0.00822	0.00713	0.00274	0.00914	0.00619	0.00489	0.01177

[dist]
# distance from previous block
# <min> <max>
0	2

[block]
# block no. 4 follows, 19 sequences, length 9
# corresponding to MSA columns:
# 113-121
name=unknown_E
#
# <colnr> <probs for GDERKNQSTAVLIFYWHMCP>
#	G	D	E	R	K	N	Q	S	T	A	V	L	I	F	Y	W	H	M	C	P
0	0.02616	0.02961	0.03008	0.13858	0.27960	0.29170	0.02266	0.03028	0.02212	0.02505	0.01539	0.01983	0.01267	0.00866	0.00853	0.00256	0.01321	0.00702	0.00443	0.01186
1	0.02979	0.03509	0.02543	0.02547	0.09445	0.45860	0.01771	0.07416	0.02475	0.02514	0.01591	0.01941	0.01335	0.01590	0.08267	0.00377	0.01595	0.00662	0.00493	0.01088
2	0.01901	0.01239	0.01426	0.01269	0.01597	0.01214	0.00947	0.08686	0.06980	0.11145	0.15645	0.08100	0.18252	0.15562	0.01733	0.00411	0.00657	0.01417	0.00850	0.00968
3	0.01149	0.00896	0.01019	0.01090	0.01296	0.00804	0.00807	0.01364	0.01897	0.02353	0.06923	0.19787	0.36517	0.09900	0.01496	0.00394	0.00568	0.10206	0.00797	0.00736
4	0.02417	0.02783	0.02044	0.01916	0.02242	0.36360	0.01455	0.02688	0.02044	0.02139	0.01837	0.02465	0.01638	0.03515	0.29574	0.00771	0.01964	0.00748	0.00469	0.00930
5	0.16467	0.34862	0.03201	0.01514	0.02172	0.07554	0.01362	0.03002	0.01996	0.14061	0.04979	0.02036	0.01706	0.00911	0.00675	0.00232	0.00893	0.00627	0.00589	0.01159
6	0.02577	0.02709	0.02627	0.02879	0.17019	0.24638	0.01872	0.10272	0.02333	0.02793	0.01731	0.02216	0.01472	0.02061	0.13192	0.00486	0.06721	0.00748	0.00511	0.01142
7	0.02888	0.03102	0.02251	0.01990	0.02456	0.35664	0.01521	0.17610	0.02826	0.03109	0.02703	0.09918	0.07561	0.01300	0.00891	0.00262	0.01219	0.00981	0.00649	0.01100
8	0.01707	0.01295	0.01442	0.01194	0.01697	0.01113	0.00937	0.07300	0.02254	0.06726	0.09410	0.05558	0.31657	0.01585	0.00917	0.00246	0.00581	0.01311	0.00776	0.22293

[dist]
# distance from previous block
# <min> <max>
0	1

[block]
# block no. 5 follows, 19 sequences, length 10
# corresponding to MSA columns:
# 123-132
name=unknown_F
#
# <colnr> <probs for GDERKNQSTAVLIFYWHMCP>
#	G	D	E	R	K	N	Q	S	T	A	V	L	I	F	Y	W	H	M	C	P
0	0.02810	0.01776	0.02059	0.01669	0.02308	0.01776	0.01336	0.08508	0.26457	0.22641	0.03081	0.02857	0.02193	0.01060	0.00857	0.00258	0.00738	0.00864	0.00896	0.15855
1	0.02695	0.03060	0.03082	0.03856	0.31984	0.29990	0.02239	0.03069	0.02210	0.02543	0.01514	0.01930	0.01283	0.00907	0.00997	0.00259	0.06018	0.00698	0.00447	0.01218
2	0.02350	0.02399	0.03296	0.08806	0.46105	0.11604	0.02487	0.02973	0.06029	0.02824	0.01761	0.02209	0.01449	0.00850	0.00876	0.00265	0.01131	0.00778	0.00474	0.01332
3	0.01249	0.00949	0.01311	0.01326	0.01507	0.01029	0.01026	0.01539	0.01590	0.02166	0.03866	0.05087	0.14101	0.08892	0.44932	0.01116	0.01829	0.05132	0.00575	0.00778
4	0.01495	0.22391	0.02165	0.01269	0.01595	0.01621	0.01022	0.01706	0.01811	0.02254	0.04585	0.35179	0.15652	0.02053	0.00946	0.00297	0.00644	0.01761	0.00689	0.00866
5	0.02758	0.03233	0.02782	0.03056	0.17527	0.37147	0.01983	0.03062	0.02187	0.02360	0.01477	0.01907	0.01275	0.01273	0.04325	0.00323	0.11089	0.00680	0.00447	0.01111
6	0.02187	0.01587	0.01890	0.01541	0.02067	0.01588	0.01237	0.18151	0.02409	0.06205	0.02183	0.02621	0.01778	0.02735	0.21069	0.00595	0.01287	0.00781	0.05874	0.22216
7	0.01496	0.01165	0.01364	0.01265	0.01577	0.01181	0.00985	0.10271	0.02213	0.02883	0.09921	0.05880	0.30257	0.03457	0.21241	0.00654	0.01145	0.01411	0.00741	0.00891
8	0.03414	0.03296	0.02570	0.02146	0.02736	0.33012	0.01688	0.28641	0.03278	0.07947	0.01870	0.01949	0.01389	0.01002	0.00852	0.00251	0.01276	0.00700	0.00698	0.01285
9	0.16120	0.01249	0.01378	0.01245	0.01669	0.01156	0.00948	0.02155	0.01871	0.11270	0.03975	0.23853	0.12077	0.01675	0.00885	0.00279	0.00605	0.01413	0.00755	0.15423

[dist]
# distance from previous block
# <min> <max>
50	100

[block]
# block no. 6 follows, 19 sequences, length 18
# corresponding to MSA columns:
# 239-256
name=unknown_G
#
# <colnr> <probs for GDERKNQSTAVLIFYWHMCP>
#	G	D	E	R	K	N	Q	S	T	A	V	L	I	F	Y	W	H	M	C	P
0	0.17099	0.01204	0.01406	0.01360	0.01710	0.01184	0.01063	0.02397	0.01953	0.17898	0.04013	0.26288	0.06870	0.01897	0.00970	0.00328	0.00657	0.09871	0.00841	0.00990
1	0.02537	0.02685	0.02084	0.01885	0.02251	0.30345	0.01433	0.11264	0.02341	0.02634	0.01936	0.02651	0.01726	0.08658	0.20890	0.00663	0.01694	0.00792	0.00539	0.00993
2	0.03342	0.04264	0.02535	0.02305	0.02766	0.64967	0.01729	0.03572	0.02535	0.02190	0.01383	0.01613	0.01152	0.00922	0.00807	0.00230	0.01613	0.00576	0.00461	0.01037
3	0.05918	0.05374	0.11757	0.01744	0.02183	0.19947	0.01512	0.02397	0.01816	0.02250	0.01970	0.03085	0.01884	0.18851	0.14974	0.00647	0.01467	0.00839	0.00473	0.00912
4	0.02329	0.01736	0.01898	0.01614	0.02075	0.01836	0.01268	0.32913	0.03124	0.04119	0.04284	0.20245	0.15253	0.01760	0.00991	0.00300	0.00756	0.01472	0.00865	0.01161
5	0.02135	0.01711	0.01909	0.01538	0.02138	0.01647	0.01214	0.16732	0.11396	0.03596	0.03045	0.10977	0.06993	0.01242	0.00849	0.00234	0.00715	0.01030	0.00739	0.30158
6	0.01762	0.09919	0.02101	0.01647	0.01910	0.10525	0.01325	0.02055	0.01633	0.02102	0.02010	0.02861	0.01862	0.04736	0.42882	0.01027	0.07462	0.00831	0.00457	0.00890
7	0.02520	0.03665	0.18750	0.07695	0.08177	0.28319	0.12584	0.03099	0.02202	0.02536	0.01554	0.01929	0.01207	0.00862	0.00875	0.00264	0.01447	0.00716	0.00432	0.01165
8	0.07681	0.01068	0.01233	0.01188	0.01486	0.01006	0.00923	0.01940	0.02035	0.10230	0.14133	0.06915	0.23315	0.11291	0.01519	0.00393	0.00631	0.11325	0.00823	0.00863
9	0.02217	0.02249	0.02591	0.04662	0.02552	0.12839	0.04117	0.07402	0.01861	0.02467	0.01534	0.02315	0.01421	0.05896	0.07241	0.00458	0.35899	0.00808	0.00466	0.01005
10	0.02539	0.19834	0.12167	0.08016	0.03422	0.24918	0.11649	0.03016	0.02130	0.02380	0.01469	0.01809	0.01186	0.00843	0.00804	0.00246	0.01355	0.00663	0.00423	0.01129
11	0.07192	0.01857	0.07507	0.06117	0.02986	0.01610	0.16285	0.02898	0.04887	0.17987	0.04996	0.16189	0.02768	0.01345	0.00968	0.00304	0.00953	0.01256	0.00731	0.01164
12	0.02798	0.03281	0.02892	0.03259	0.20606	0.36910	0.02065	0.03113	0.02212	0.02402	0.01441	0.01844	0.01234	0.00982	0.01151	0.00265	0.11286	0.00673	0.00445	0.01141
13	0.05003	0.02409	0.14624	0.01801	0.02390	0.07003	0.01655	0.11386	0.14290	0.03276	0.03592	0.16275	0.09530	0.01519	0.00936	0.00299	0.00884	0.01260	0.00721	0.01148
14	0.02976	0.06711	0.02823	0.02888	0.15139	0.44136	0.01905	0.03453	0.07036	0.02459	0.01616	0.01865	0.01331	0.00912	0.00820	0.00242	0.01397	0.00651	0.00489	0.01151
15	0.02259	0.02376	0.03066	0.26621	0.30227	0.15050	0.02442	0.02752	0.02051	0.02544	0.01588	0.02151	0.01282	0.00858	0.00873	0.00270	0.01223	0.00751	0.00430	0.01187
16	0.03221	0.04062	0.02553	0.02309	0.02729	0.59508	0.01749	0.03448	0.02433	0.02186	0.01365	0.01644	0.01154	0.00978	0.00993	0.00245	0.07343	0.00594	0.00455	0.01032
17	0.01252	0.01033	0.01120	0.01123	0.01416	0.00964	0.00858	0.01787	0.09378	0.02680	0.11748	0.12407	0.42104	0.02160	0.01060	0.00314	0.00518	0.06378	0.00852	0.00847

[dist]
# distance from previous block
# <min> <max>
0	25

[block]
# block no. 7 follows, 19 sequences, length 7
# corresponding to MSA columns:
# 282-288
name=unknown_H
#
# <colnr> <probs for GDERKNQSTAVLIFYWHMCP>
#	G	D	E	R	K	N	Q	S	T	A	V	L	I	F	Y	W	H	M	C	P
0	0.01607	0.01220	0.01440	0.01461	0.01685	0.01277	0.01055	0.09617	0.13267	0.02999	0.04323	0.47170	0.04741	0.02277	0.01066	0.00340	0.00616	0.02027	0.00854	0.00961
1	0.02406	0.56552	0.04192	0.01608	0.02291	0.10033	0.01519	0.02689	0.01865	0.02112	0.01352	0.01622	0.01236	0.01261	0.05788	0.00296	0.01144	0.00528	0.00399	0.01108
2	0.02151	0.11375	0.22603	0.03011	0.03988	0.07482	0.30932	0.02891	0.02043	0.02708	0.01645	0.02071	0.01248	0.00798	0.00915	0.00277	0.01394	0.00828	0.00422	0.01220
3	0.01956	0.01453	0.01836	0.01636	0.01974	0.01647	0.01304	0.20253	0.02322	0.03215	0.02317	0.03078	0.02008	0.04909	0.44530	0.01064	0.01945	0.00910	0.00612	0.01030
4	0.03031	0.03761	0.02563	0.14370	0.03405	0.53114	0.01871	0.03330	0.02395	0.02208	0.01422	0.01759	0.01160	0.00917	0.00823	0.00243	0.01534	0.00617	0.00449	0.01029
5	0.01855	0.01909	0.02991	0.36796	0.08609	0.07028	0.13044	0.02399	0.01960	0.02446	0.02602	0.03134	0.09297	0.01044	0.00939	0.00292	0.01181	0.00970	0.00473	0.01034
6	0.21999	0.15197	0.03196	0.05162	0.06389	0.18332	0.12439	0.02914	0.01987	0.02837	0.01426	0.01756	0.01158	0.00828	0.00750	0.00254	0.01172	0.00645	0.00466	0.01091

[dist]
# distance from previous block
# <min> <max>
0	8

[block]
# block no. 8 follows, 19 sequences, length 8
# corresponding to MSA columns:
# 297-304
name=unknown_I
#
# <colnr> <probs for GDERKNQSTAVLIFYWHMCP>
#	G	D	E	R	K	N	Q	S	T	A	V	L	I	F	Y	W	H	M	C	P
0	0.01679	0.01205	0.01493	0.01422	0.01632	0.01321	0.01068	0.11792	0.02036	0.02880	0.03105	0.21474	0.03194	0.09569	0.19413	0.00680	0.04422	0.01385	0.09337	0.00894
1	0.02285	0.21899	0.03385	0.02959	0.23829	0.08425	0.01862	0.02682	0.01975	0.02609	0.01501	0.01835	0.01289	0.00766	0.00730	0.00207	0.00984	0.00614	0.00449	0.19715
2	0.03055	0.03742	0.02733	0.02839	0.12770	0.50034	0.01914	0.03333	0.02369	0.02309	0.01418	0.01738	0.01198	0.00947	0.00972	0.00248	0.06203	0.00628	0.00453	0.01096
3	0.15397	0.01945	0.05730	0.01494	0.01880	0.11981	0.01249	0.02233	0.01932	0.02849	0.10232	0.03854	0.12998	0.02110	0.09986	0.00440	0.05548	0.01006	0.06218	0.00918
4	0.02217	0.02334	0.02973	0.27420	0.23902	0.14620	0.02370	0.02681	0.01979	0.02465	0.01540	0.02134	0.01257	0.00932	0.01069	0.00283	0.07507	0.00751	0.00425	0.01141
5	0.02526	0.02917	0.01949	0.01810	0.02100	0.39429	0.01300	0.02690	0.02054	0.02035	0.01923	0.03124	0.01912	0.23131	0.06951	0.00528	0.01434	0.00839	0.00488	0.00860
6	0.02598	0.02046	0.02386	0.01950	0.02502	0.02247	0.05364	0.30106	0.20435	0.04297	0.02882	0.09183	0.02414	0.05936	0.01188	0.00332	0.00885	0.01087	0.00839	0.01324
7	0.03094	0.02554	0.02667	0.13367	0.03367	0.10031	0.01841	0.43171	0.03584	0.04641	0.01959	0.02126	0.01420	0.01024	0.00884	0.00269	0.01096	0.00776	0.00756	0.01371

[dist]
# distance from previous block
# <min> <max>
37	78

[block]
# block no. 9 follows, 19 sequences, length 39
# corresponding to MSA columns:
# 400-438
name=unknown_J
#
# <colnr> <probs for GDERKNQSTAVLIFYWHMCP>
#	G	D	E	R	K	N	Q	S	T	A	V	L	I	F	Y	W	H	M	C	P
0	0.01965	0.01146	0.01407	0.01305	0.01627	0.01074	0.01015	0.05632	0.02189	0.15744	0.10283	0.09062	0.17900	0.13439	0.01655	0.00413	0.00691	0.11647	0.00857	0.00949
1	0.02159	0.16063	0.02620	0.07261	0.02458	0.02126	0.01464	0.07347	0.02051	0.08213	0.03037	0.03208	0.12626	0.01248	0.01210	0.00265	0.13351	0.00898	0.00600	0.11795
2	0.03240	0.03789	0.02811	0.02395	0.02941	0.48431	0.07006	0.13329	0.02788	0.02851	0.01555	0.01779	0.01235	0.00933	0.00845	0.00244	0.01494	0.00660	0.00536	0.01137
3	0.21929	0.01534	0.01405	0.01377	0.01702	0.07144	0.01045	0.02355	0.08989	0.03145	0.12068	0.21222	0.06706	0.01711	0.00909	0.00308	0.00687	0.04084	0.00752	0.00927
4	0.02947	0.02132	0.02148	0.01712	0.02302	0.07480	0.01382	0.32648	0.03210	0.09890	0.02324	0.02412	0.01701	0.01022	0.00810	0.00241	0.00869	0.00776	0.16398	0.07596
5	0.02308	0.01214	0.01462	0.01260	0.01533	0.01176	0.00880	0.07567	0.01945	0.20700	0.02972	0.04672	0.02783	0.42122	0.03121	0.00635	0.00846	0.01135	0.00744	0.00926
6	0.01380	0.01328	0.02046	0.01687	0.02081	0.01283	0.13470	0.01723	0.01953	0.02466	0.06341	0.06333	0.39824	0.02178	0.05547	0.00387	0.06864	0.01546	0.00686	0.00875
7	0.01726	0.01980	0.09954	0.02123	0.02804	0.01525	0.17282	0.02364	0.05507	0.02776	0.02981	0.16424	0.06498	0.01300	0.00934	0.00267	0.00930	0.01232	0.00597	0.20796
8	0.05780	0.02330	0.03465	0.03976	0.32792	0.06437	0.11870	0.12166	0.02404	0.03358	0.01734	0.02140	0.01380	0.00837	0.00882	0.00262	0.01121	0.00796	0.00530	0.05739
9	0.05492	0.02723	0.02357	0.05437	0.13250	0.26936	0.01685	0.09788	0.02471	0.02872	0.03179	0.03313	0.14401	0.01201	0.00879	0.00262	0.01133	0.00931	0.00591	0.01099
10	0.05988	0.29965	0.03216	0.01834	0.02386	0.29434	0.01539	0.02927	0.02065	0.02225	0.01444	0.01766	0.01275	0.01562	0.08545	0.00364	0.01401	0.00579	0.00436	0.01050
11	0.01751	0.01210	0.01395	0.01289	0.01655	0.01178	0.01006	0.02541	0.14838	0.10645	0.19720	0.06431	0.25507	0.01807	0.01018	0.00302	0.00563	0.05209	0.00919	0.01018
12	0.01994	0.02086	0.03935	0.08435	0.03932	0.01999	0.34364	0.02593	0.01952	0.02767	0.01678	0.02225	0.01319	0.00812	0.01101	0.00265	0.06910	0.00872	0.00463	0.20299
13	0.02284	0.02322	0.02891	0.15343	0.28808	0.13236	0.02233	0.03103	0.12021	0.02801	0.02083	0.02694	0.01723	0.00985	0.00894	0.00279	0.01114	0.03409	0.00534	0.01244
14	0.02047	0.02000	0.01848	0.05686	0.02232	0.18817	0.01367	0.06145	0.01985	0.02469	0.02096	0.02815	0.01831	0.03890	0.33523	0.00851	0.01841	0.00822	0.06808	0.00928
15	0.13728	0.02790	0.07897	0.01948	0.02620	0.15689	0.01673	0.22635	0.08035	0.11331	0.02102	0.02121	0.01516	0.01001	0.00824	0.00267	0.01055	0.00726	0.00732	0.01309
16	0.02815	0.02698	0.02672	0.02790	0.15543	0.17742	0.01854	0.18974	0.18771	0.03699	0.02264	0.02352	0.01735	0.01015	0.00875	0.00268	0.01081	0.00803	0.00696	0.01352
17	0.01773	0.01347	0.01548	0.01500	0.01768	0.01434	0.01097	0.12814	0.14917	0.03176	0.04000	0.37823	0.04246	0.06585	0.01277	0.00367	0.00669	0.01812	0.00840	0.01008
18	0.01688	0.01589	0.02376	0.02032	0.02189	0.01990	0.06564	0.01993	0.01672	0.02451	0.11996	0.03389	0.05569	0.02520	0.13796	0.00554	0.35137	0.01031	0.00533	0.00932
19	0.01355	0.01151	0.01235	0.01376	0.01529	0.06362	0.01016	0.01580	0.01901	0.02376	0.05143	0.42035	0.13030	0.02497	0.01121	0.00354	0.00669	0.13695	0.00797	0.00778
20	0.01090	0.00779	0.01038	0.01246	0.01298	0.00727	0.00830	0.01246	0.01713	0.02284	0.04931	0.67975	0.05917	0.02803	0.01142	0.00363	0.00519	0.02543	0.00830	0.00727
21	0.02670	0.07490	0.03271	0.03969	0.35170	0.26966	0.02263	0.03067	0.02218	0.02579	0.01535	0.01925	0.01295	0.00844	0.00834	0.00247	0.01272	0.00689	0.00446	0.01249
22	0.02240	0.01767	0.02043	0.01576	0.02234	0.01678	0.01272	0.20337	0.02522	0.03625	0.01909	0.02242	0.01549	0.01867	0.12175	0.00407	0.01072	0.00693	0.00636	0.38156
23	0.15204	0.01781	0.01852	0.01625	0.02097	0.01982	0.01274	0.19105	0.20093	0.04047	0.06588	0.14766	0.03008	0.01436	0.00894	0.00299	0.00731	0.01178	0.00832	0.01205
24	0.02285	0.02421	0.07537	0.03338	0.19470	0.07422	0.17618	0.03035	0.07489	0.05854	0.01939	0.02277	0.01502	0.00831	0.00888	0.00255	0.01135	0.00819	0.00532	0.13353
25	0.02934	0.03490	0.02932	0.03458	0.24551	0.42230	0.02097	0.03273	0.02355	0.02455	0.01491	0.01831	0.01248	0.00877	0.00835	0.00243	0.01414	0.00656	0.00454	0.01175
26	0.02369	0.14581	0.02676	0.02171	0.09982	0.13362	0.01552	0.10516	0.11626	0.03122	0.08299	0.03379	0.10317	0.01202	0.00857	0.00258	0.00938	0.00952	0.00668	0.01175
27	0.02138	0.20550	0.21611	0.03582	0.29597	0.02485	0.02589	0.02754	0.01936	0.02680	0.01544	0.01913	0.01263	0.00804	0.00793	0.00251	0.01111	0.00673	0.00408	0.01318
28	0.02423	0.16846	0.07646	0.03123	0.13926	0.15955	0.17664	0.02906	0.02064	0.02521	0.01522	0.01939	0.01254	0.00861	0.00986	0.00262	0.05742	0.00744	0.00429	0.01187
29	0.19324	0.09506	0.02088	0.01539	0.02039	0.02010	0.01266	0.07972	0.14689	0.09555	0.02354	0.02584	0.01854	0.02394	0.16482	0.00556	0.01176	0.00783	0.00679	0.01149
30	0.01762	0.01224	0.01400	0.01269	0.01459	0.01306	0.00885	0.13711	0.01971	0.02717	0.02616	0.04526	0.02659	0.39761	0.13409	0.00791	0.01112	0.01110	0.05504	0.00809
31	0.02217	0.02081	0.02174	0.12599	0.11207	0.15130	0.01642	0.02847	0.09720	0.07864	0.03756	0.07734	0.14621	0.01350	0.00926	0.00283	0.00969	0.01122	0.00662	0.01096
32	0.02396	0.02493	0.03384	0.07863	0.49136	0.13685	0.02546	0.02876	0.02117	0.02757	0.01623	0.02112	0.01357	0.00825	0.00872	0.00261	0.01170	0.00756	0.00444	0.01327
33	0.02522	0.02730	0.02088	0.01898	0.02331	0.28577	0.01443	0.03689	0.25588	0.03055	0.13518	0.03222	0.03113	0.01203	0.00893	0.00268	0.01039	0.00939	0.00733	0.01150
34	0.01519	0.01498	0.01282	0.01272	0.01535	0.12582	0.00932	0.01763	0.02141	0.02538	0.15520	0.19719	0.30286	0.02062	0.01029	0.00299	0.00676	0.01743	0.00788	0.00816
35	0.11020	0.01611	0.01731	0.05449	0.02069	0.01769	0.01152	0.19737	0.07496	0.03454	0.02794	0.03919	0.05859	0.25657	0.02195	0.00494	0.00863	0.01029	0.00692	0.01010
36	0.02553	0.02769	0.03302	0.04533	0.44865	0.21029	0.02440	0.02994	0.02187	0.02702	0.01593	0.02033	0.01337	0.00835	0.00862	0.00255	0.01228	0.00731	0.00448	0.01303
37	0.01427	0.01048	0.01151	0.01099	0.01415	0.00948	0.00847	0.05164	0.02192	0.06044	0.11165	0.07736	0.43306	0.06122	0.01265	0.00341	0.00558	0.06486	0.00842	0.00844
38	0.01217	0.00832	0.01001	0.01083	0.01104	0.00811	0.00657	0.01279	0.01465	0.01953	0.03660	0.30590	0.04314	0.42375	0.03195	0.00667	0.00729	0.01796	0.00657	0.00616

[dist]
# distance from previous block
# <min> <max>
6	12

[block]
# block no. 10 follows, 19 sequences, length 21
# corresponding to MSA columns:
# 451-471
name=unknown_K
#
# <colnr> <probs for GDERKNQSTAVLIFYWHMCP>
#	G	D	E	R	K	N	Q	S	T	A	V	L	I	F	Y	W	H	M	C	P
0	0.03361	0.03686	0.02584	0.02224	0.02769	0.44529	0.01719	0.22114	0.03084	0.03323	0.01634	0.01789	0.01274	0.00972	0.00836	0.00243	0.01407	0.00652	0.00604	0.01196
1	0.01940	0.01548	0.02100	0.07489	0.13833	0.01615	0.01610	0.15084	0.02472	0.03317	0.07194	0.18649	0.07494	0.01729	0.01021	0.00316	0.00819	0.09941	0.00745	0.01084
2	0.01701	0.01526	0.01729	0.01959	0.09332	0.05601	0.01352	0.02513	0.15160	0.02809	0.05191	0.10176	0.20999	0.01843	0.01033	0.00322	0.00752	0.14212	0.00774	0.01016
3	0.01851	0.01743	0.01874	0.01607	0.01915	0.09228	0.01230	0.02082	0.01646	0.02271	0.01868	0.02994	0.01839	0.17183	0.11265	0.00555	0.15681	0.00828	0.00487	0.21857
4	0.03401	0.02506	0.02685	0.02058	0.02774	0.02774	0.01700	0.59995	0.04206	0.05638	0.02148	0.02148	0.01521	0.01074	0.00895	0.00268	0.00984	0.00805	0.00895	0.01521
5	0.01263	0.00865	0.01033	0.01047	0.01101	0.00842	0.00650	0.01379	0.01631	0.02222	0.16301	0.14828	0.04776	0.44515	0.03298	0.00667	0.00720	0.01547	0.00681	0.00635
6	0.03351	0.04006	0.02557	0.02269	0.02767	0.55847	0.01724	0.11846	0.02780	0.02695	0.01495	0.01692	0.01207	0.00944	0.00820	0.00236	0.01521	0.00610	0.00525	0.01108
7	0.03002	0.02194	0.02360	0.01853	0.02432	0.02412	0.01480	0.48834	0.03654	0.04896	0.02276	0.02853	0.01851	0.13906	0.01591	0.00382	0.00962	0.00900	0.00828	0.01335
8	0.02505	0.01845	0.02121	0.01759	0.02227	0.02054	0.01408	0.35288	0.03025	0.04106	0.02287	0.02913	0.01905	0.08410	0.23153	0.00717	0.01459	0.00898	0.00724	0.01195
9	0.02151	0.43079	0.28594	0.01942	0.02932	0.02950	0.02247	0.02741	0.01846	0.02399	0.01390	0.01618	0.01142	0.00800	0.00685	0.00228	0.01104	0.00552	0.00381	0.01218
10	0.01438	0.01134	0.01493	0.01402	0.01456	0.01341	0.01016	0.01588	0.01432	0.02034	0.06324	0.04475	0.02890	0.34149	0.18794	0.00863	0.15803	0.01124	0.00523	0.00722
11	0.01138	0.00799	0.01024	0.01184	0.01225	0.00759	0.00765	0.01258	0.01619	0.02159	0.04451	0.53862	0.05312	0.17742	0.01917	0.00478	0.00598	0.02261	0.00765	0.00685
12	0.02281	0.01962	0.02668	0.03001	0.24682	0.01837	0.01803	0.13414	0.02369	0.03436	0.01730	0.02043	0.01396	0.00790	0.00789	0.00207	0.00871	0.00681	0.00567	0.33470
13	0.02366	0.18434	0.17467	0.01935	0.02584	0.23724	0.01837	0.02760	0.01982	0.02238	0.01678	0.02445	0.01546	0.13730	0.01477	0.00355	0.01252	0.00712	0.00439	0.01037
14	0.01481	0.00946	0.01079	0.01063	0.01241	0.00912	0.00734	0.01809	0.04750	0.05590	0.11456	0.13585	0.13081	0.22310	0.02045	0.00462	0.00606	0.01466	0.14601	0.00782
15	0.19524	0.03245	0.32574	0.02414	0.03400	0.02038	0.15075	0.02732	0.01883	0.03165	0.04713	0.02147	0.01521	0.00875	0.00834	0.00286	0.01164	0.00755	0.00468	0.01186
16	0.02427	0.02583	0.03212	0.04457	0.44804	0.17465	0.02382	0.02868	0.02159	0.02715	0.02016	0.02419	0.04725	0.00909	0.00876	0.00259	0.01164	0.00803	0.00469	0.01287
17	0.19382	0.01624	0.07610	0.07797	0.02292	0.01385	0.01315	0.02034	0.01718	0.02881	0.02739	0.26190	0.02899	0.01534	0.00854	0.00284	0.00734	0.01300	0.00619	0.14809
18	0.02126	0.01847	0.03339	0.06602	0.22434	0.01794	0.18608	0.02667	0.02102	0.08783	0.02885	0.04212	0.05552	0.01219	0.01012	0.00309	0.01088	0.11620	0.00603	0.01197
19	0.01883	0.01788	0.03033	0.43949	0.27109	0.02039	0.02581	0.02455	0.01880	0.02521	0.01624	0.02322	0.01275	0.00859	0.00891	0.00286	0.01145	0.00796	0.00414	0.01150
20	0.02881	0.03083	0.02613	0.20672	0.03744	0.32278	0.01939	0.16437	0.02713	0.03026	0.01622	0.01961	0.01251	0.00950	0.00853	0.00259	0.01345	0.00693	0.00545	0.01138

[dist]
# distance from previous block
# <min> <max>
7	15

[block]
# block no. 11 follows, 19 sequences, length 10
# corresponding to MSA columns:
# 487-496
name=unknown_L
#
# <colnr> <probs for GDERKNQSTAVLIFYWHMCP>
#	G	D	E	R	K	N	Q	S	T	A	V	L	I	F	Y	W	H	M	C	P
0	0.02973	0.02658	0.02358	0.01942	0.02494	0.18657	0.01542	0.33969	0.03446	0.04340	0.13622	0.02885	0.02763	0.01180	0.00903	0.00261	0.01040	0.00903	0.00799	0.01264
1	0.22077	0.02491	0.02311	0.01854	0.02501	0.09221	0.01512	0.38970	0.03326	0.04845	0.01830	0.01909	0.01338	0.00994	0.00796	0.00267	0.00975	0.00697	0.00759	0.01325
2	0.02525	0.02338	0.01930	0.01710	0.02140	0.20341	0.01295	0.09255	0.15203	0.08183	0.03562	0.03857	0.11746	0.10321	0.01390	0.00351	0.00991	0.01030	0.00731	0.01101
3	0.02335	0.01778	0.01876	0.01534	0.02062	0.01856	0.01236	0.33293	0.03221	0.04173	0.05293	0.05087	0.29307	0.01616	0.00969	0.00284	0.00743	0.01298	0.00866	0.01173
4	0.01392	0.00989	0.01253	0.01252	0.01362	0.01049	0.00864	0.05279	0.01618	0.02212	0.03044	0.16855	0.03319	0.31032	0.23528	0.00918	0.01310	0.01396	0.00601	0.00727
5	0.07768	0.02410	0.02843	0.13743	0.08321	0.18350	0.12951	0.02793	0.04967	0.02690	0.05308	0.02771	0.04968	0.01341	0.04671	0.00344	0.01283	0.00886	0.00524	0.01068
6	0.02294	0.02165	0.02963	0.30762	0.22857	0.08237	0.02363	0.12068	0.02336	0.03026	0.01691	0.02219	0.01312	0.00897	0.00883	0.00277	0.01159	0.00776	0.00500	0.01216
7	0.02113	0.06033	0.03493	0.18213	0.47248	0.02181	0.02617	0.02644	0.01971	0.02738	0.01637	0.02204	0.01353	0.00816	0.00869	0.00268	0.01084	0.00778	0.00430	0.01311
8	0.01545	0.01402	0.02038	0.02787	0.26307	0.01319	0.01533	0.01912	0.02080	0.02722	0.10632	0.05848	0.33130	0.01632	0.00987	0.00286	0.00698	0.01422	0.00686	0.01032
9	0.01880	0.01868	0.01778	0.08506	0.05581	0.14556	0.01326	0.06778	0.02269	0.02690	0.08216	0.10426	0.24354	0.01870	0.03650	0.00334	0.00935	0.01353	0.00686	0.00943

[dist]
# distance from previous block
# <min> <max>
2	5

[block]
# block no. 12 follows, 19 sequences, length 8
# corresponding to MSA columns:
# 502-509
name=unknown_M
#
# <colnr> <probs for GDERKNQSTAVLIFYWHMCP>
#	G	D	E	R	K	N	Q	S	T	A	V	L	I	F	Y	W	H	M	C	P
0	0.14420	0.22923	0.18535	0.01955	0.02739	0.20690	0.01946	0.02969	0.01995	0.02628	0.01376	0.01605	0.01116	0.00843	0.00708	0.00240	0.01196	0.00554	0.00432	0.01131
1	0.02225	0.01855	0.02009	0.01662	0.02270	0.01926	0.01314	0.11879	0.32596	0.03706	0.03132	0.03028	0.05457	0.01092	0.00845	0.00249	0.00721	0.00891	0.00794	0.22348
2	0.03463	0.02406	0.02623	0.02011	0.02725	0.02627	0.01661	0.54367	0.04040	0.11501	0.02288	0.02239	0.01592	0.01077	0.00895	0.00269	0.00962	0.00815	0.00916	0.01522
3	0.02748	0.02934	0.02179	0.01922	0.02408	0.31293	0.01479	0.13806	0.12415	0.03126	0.03312	0.03286	0.12812	0.01246	0.00886	0.00263	0.01134	0.00932	0.00683	0.01137
4	0.02285	0.01645	0.02015	0.02033	0.08474	0.01788	0.01400	0.06408	0.31263	0.08934	0.02818	0.02973	0.02182	0.01633	0.01562	0.18979	0.00782	0.00908	0.00747	0.01171
5	0.02399	0.02477	0.03451	0.04968	0.53089	0.12446	0.02579	0.02881	0.02119	0.02802	0.01634	0.02116	0.01374	0.00818	0.00873	0.00260	0.01153	0.00761	0.00446	0.01355
6	0.02448	0.02106	0.03163	0.29264	0.04540	0.02351	0.12727	0.25347	0.02810	0.03726	0.01853	0.02296	0.01354	0.00940	0.00924	0.00287	0.01168	0.00847	0.00606	0.01243
7	0.02030	0.30059	0.40557	0.02148	0.03250	0.02655	0.02605	0.02772	0.01861	0.02546	0.01463	0.01710	0.01139	0.00817	0.00741	0.00247	0.01178	0.00589	0.00380	0.01254

[dist]
# distance from previous block
# <min> <max>
1	3

[block]
# block no. 13 follows, 19 sequences, length 27
# corresponding to MSA columns:
# 513-539
name=unknown_N
#
# <colnr> <probs for GDERKNQSTAVLIFYWHMCP>
#	G	D	E	R	K	N	Q	S	T	A	V	L	I	F	Y	W	H	M	C	P
0	0.03342	0.04264	0.02535	0.02305	0.02766	0.64967	0.01729	0.03572	0.02535	0.02190	0.01383	0.01613	0.01152	0.00922	0.00807	0.00230	0.01613	0.00576	0.00461	0.01037
1	0.03355	0.03886	0.02567	0.02252	0.02768	0.51604	0.01723	0.15695	0.02894	0.02931	0.01547	0.01728	0.01232	0.00955	0.00826	0.00239	0.01478	0.00625	0.00554	0.01141
2	0.02350	0.01894	0.02027	0.01805	0.02323	0.02162	0.01409	0.04726	0.57260	0.07918	0.03634	0.03317	0.02695	0.01206	0.00910	0.00302	0.00712	0.01004	0.00924	0.01423
3	0.01140	0.00800	0.01023	0.01182	0.01221	0.00760	0.00762	0.01259	0.01615	0.02153	0.04429	0.53212	0.05284	0.18429	0.01953	0.00483	0.00602	0.02248	0.00762	0.00683
4	0.02719	0.03118	0.02619	0.17022	0.06955	0.35231	0.01954	0.05602	0.06369	0.02505	0.01619	0.01992	0.01303	0.00985	0.01007	0.00267	0.06456	0.00694	0.00490	0.01091
5	0.02150	0.02083	0.03621	0.12192	0.53267	0.02118	0.06009	0.02701	0.02014	0.02848	0.01680	0.02245	0.01389	0.00806	0.00897	0.00271	0.01103	0.00812	0.00438	0.01358
6	0.01057	0.00906	0.00906	0.00906	0.01208	0.00755	0.00680	0.01284	0.02039	0.02417	0.09063	0.08610	0.62615	0.02266	0.01057	0.00302	0.00453	0.01888	0.00831	0.00755
7	0.01278	0.00959	0.01438	0.01438	0.01598	0.01118	0.01118	0.01598	0.01438	0.02077	0.02396	0.03515	0.02237	0.06710	0.65013	0.01438	0.02396	0.00959	0.00479	0.00799
8	0.03281	0.04147	0.02595	0.02478	0.06044	0.61545	0.01784	0.03527	0.02508	0.02229	0.01399	0.01646	0.01167	0.00915	0.00811	0.00232	0.01583	0.00588	0.00460	0.01058
