[name]
unknown

[dist]
# distance from previous block
# <min> <max>
0	43

[block]
# block no. 0 follows, 23 sequences, length 22
# corresponding to MSA columns:
# 43-64
name=unknown_A
#
# <colnr> <probs for GDERKNQSTAVLIFYWHMCP>
#	G	D	E	R	K	N	Q	S	T	A	V	L	I	F	Y	W	H	M	C	P
0	0.02374	0.02286	0.01934	0.01742	0.02157	0.22797	0.01397	0.19973	0.06305	0.03091	0.02938	0.04178	0.07710	0.01350	0.00878	0.00270	0.00981	0.15959	0.00666	0.01016
1	0.29878	0.02729	0.01889	0.01669	0.02147	0.32753	0.01299	0.10128	0.05590	0.03032	0.01404	0.01554	0.01103	0.00837	0.00663	0.00232	0.01048	0.00539	0.00517	0.00989
2	0.01350	0.00968	0.01141	0.01109	0.01359	0.00929	0.00825	0.01901	0.11071	0.06916	0.22929	0.20504	0.22202	0.01844	0.00947	0.00280	0.00468	0.01602	0.00821	0.00835
3	0.01180	0.00787	0.00885	0.00885	0.00885	0.00787	0.00492	0.01180	0.01180	0.01573	0.02557	0.05310	0.02950	0.71483	0.04130	0.00787	0.00787	0.01180	0.00492	0.00492
4	0.01627	0.04197	0.67279	0.02313	0.03512	0.01884	0.02998	0.02570	0.01713	0.02570	0.01456	0.01713	0.01028	0.00771	0.00771	0.00257	0.01199	0.00600	0.00343	0.01199
5	0.77215	0.01569	0.01193	0.01067	0.01569	0.01820	0.00879	0.02385	0.01381	0.03641	0.01130	0.01318	0.00879	0.00753	0.00502	0.00251	0.00628	0.00439	0.00502	0.00879
6	0.00959	0.00822	0.00822	0.00822	0.01096	0.00685	0.00617	0.01165	0.01850	0.02192	0.08220	0.07809	0.66092	0.02055	0.00959	0.00274	0.00411	0.01713	0.00754	0.00685
7	0.01627	0.04197	0.67279	0.02313	0.03512	0.01884	0.02998	0.02570	0.01713	0.02570	0.01456	0.01713	0.01028	0.00771	0.00771	0.00257	0.01199	0.00600	0.00343	0.01199
8	0.02008	0.01928	0.03294	0.04981	0.66422	0.01928	0.02490	0.02490	0.01848	0.02651	0.01526	0.02008	0.01285	0.00723	0.00803	0.00241	0.00964	0.00723	0.00402	0.01285
9	0.01532	0.01442	0.02434	0.69533	0.05589	0.01803	0.02253	0.02073	0.01622	0.02073	0.01442	0.02163	0.01082	0.00811	0.00811	0.00270	0.01082	0.00721	0.00361	0.00901
10	0.01115	0.00828	0.01038	0.00986	0.01192	0.00751	0.00739	0.01467	0.02218	0.03067	0.55840	0.06368	0.17926	0.01728	0.00957	0.00259	0.00388	0.01511	0.00869	0.00751
11	0.01072	0.00826	0.00978	0.00940	0.01165	0.00733	0.00705	0.01383	0.02116	0.02824	0.42585	0.06769	0.31333	0.01819	0.00958	0.00263	0.00394	0.01567	0.00837	0.00733
12	0.00992	0.00829	0.00868	0.00875	0.01138	0.00705	0.00667	0.01219	0.01880	0.02276	0.11797	0.07774	0.58591	0.02040	0.00968	0.00279	0.00429	0.05215	0.00762	0.00694
13	0.01961	0.01879	0.03208	0.11436	0.60338	0.01915	0.02467	0.02449	0.01825	0.02593	0.01518	0.02024	0.01265	0.00732	0.00804	0.00244	0.00976	0.00723	0.00398	0.01247
14	0.01005	0.00713	0.00937	0.01109	0.01152	0.00670	0.00731	0.01134	0.01522	0.02029	0.04308	0.65333	0.05160	0.08445	0.01301	0.00369	0.00498	0.02210	0.00731	0.00645
15	0.01749	0.01663	0.02825	0.40155	0.33274	0.01860	0.02361	0.02263	0.01725	0.02336	0.01480	0.02093	0.01174	0.00771	0.00808	0.00257	0.01028	0.00722	0.00379	0.01076
16	0.01885	0.02380	0.17140	0.09927	0.47527	0.01908	0.02580	0.02472	0.01799	0.02584	0.01504	0.01957	0.01212	0.00741	0.00797	0.00247	0.01025	0.00696	0.00385	0.01234
17	0.02429	0.06571	0.26798	0.02164	0.02944	0.26218	0.04854	0.13478	0.02300	0.02774	0.01463	0.01667	0.01105	0.00823	0.00761	0.00234	0.01235	0.00603	0.00455	0.01125
18	0.01229	0.00767	0.00871	0.00901	0.00966	0.00756	0.00569	0.01366	0.01426	0.02101	0.05708	0.16261	0.03361	0.38536	0.02549	0.00532	0.00610	0.01283	0.19607	0.00600
19	0.01180	0.00787	0.00885	0.00885	0.00885	0.00787	0.00492	0.01180	0.01180	0.01573	0.02557	0.05310	0.02950	0.71483	0.04130	0.00787	0.00787	0.01180	0.00492	0.00492
20	0.05294	0.02192	0.18507	0.02395	0.16257	0.01639	0.01880	0.11591	0.02099	0.06555	0.04812	0.09621	0.02236	0.01143	0.00824	0.00263	0.00858	0.05667	0.05058	0.01107
21	0.18625	0.07208	0.07976	0.02424	0.13305	0.20472	0.07848	0.02846	0.07258	0.02684	0.01496	0.01740	0.01189	0.00792	0.00714	0.00237	0.01056	0.00616	0.00457	0.01058

[dist]
# distance from previous block
# <min> <max>
0	4

[block]
# block no. 1 follows, 23 sequences, length 103
# corresponding to MSA columns:
# 69-171
name=unknown_B
#
# <colnr> <probs for GDERKNQSTAVLIFYWHMCP>
#	G	D	E	R	K	N	Q	S	T	A	V	L	I	F	Y	W	H	M	C	P
0	0.25102	0.02162	0.06966	0.13515	0.23759	0.10740	0.01871	0.02497	0.01719	0.02767	0.01350	0.01727	0.01078	0.00765	0.00700	0.00246	0.00963	0.00600	0.00424	0.01047
1	0.06411	0.02820	0.02562	0.02814	0.20762	0.30351	0.01792	0.17358	0.02485	0.03001	0.01491	0.01727	0.01185	0.00832	0.00760	0.00228	0.01144	0.00625	0.00511	0.01141
2	0.00998	0.00811	0.00885	0.00892	0.01127	0.00698	0.00659	0.01231	0.01905	0.02384	0.18940	0.13988	0.48593	0.02029	0.00967	0.00276	0.00412	0.01727	0.00780	0.00698
3	0.02795	0.02861	0.02451	0.06050	0.10397	0.31259	0.01695	0.23556	0.05658	0.03193	0.01628	0.01805	0.01256	0.00880	0.00776	0.00231	0.01151	0.00646	0.00565	0.01145
4	0.03085	0.02273	0.02435	0.01867	0.02516	0.02516	0.01542	0.63716	0.03815	0.05114	0.01948	0.01948	0.01380	0.00974	0.00812	0.00244	0.00893	0.00731	0.00812	0.01380
5	0.01035	0.00726	0.00928	0.01071	0.01107	0.00690	0.00690	0.01142	0.01464	0.01952	0.04012	0.55169	0.04786	0.19120	0.01780	0.00439	0.00547	0.02036	0.00690	0.00619
6	0.01004	0.00712	0.00937	0.01111	0.01154	0.00669	0.00733	0.01134	0.01524	0.02033	0.04323	0.65843	0.05179	0.07910	0.01277	0.00365	0.00495	0.02219	0.00733	0.00646
7	0.02169	0.71972	0.04252	0.01388	0.02083	0.03211	0.01388	0.02430	0.01649	0.01909	0.01128	0.01302	0.01041	0.00694	0.00521	0.00174	0.00868	0.00434	0.00347	0.01041
8	0.00968	0.00822	0.00834	0.00831	0.01101	0.00689	0.00623	0.01182	0.01870	0.02242	0.10930	0.07727	0.63352	0.02036	0.00959	0.00273	0.00410	0.01701	0.00760	0.00689
9	0.02618	0.02003	0.02183	0.01663	0.02322	0.02075	0.01360	0.42474	0.06825	0.04302	0.01883	0.01936	0.01394	0.00874	0.00752	0.00210	0.00794	0.00670	0.00717	0.22945
10	0.01779	0.10544	0.02963	0.38432	0.26321	0.02025	0.02226	0.02264	0.01704	0.02254	0.01432	0.02000	0.01147	0.00766	0.00772	0.00248	0.01014	0.00685	0.00373	0.01053
11	0.01804	0.17201	0.41294	0.02550	0.13296	0.02184	0.02537	0.02499	0.01699	0.02421	0.01383	0.01682	0.01074	0.00779	0.00818	0.00243	0.04424	0.00592	0.00354	0.01167
12	0.01118	0.00884	0.01373	0.01379	0.01513	0.00833	0.07572	0.01320	0.01581	0.02110	0.04019	0.55791	0.04711	0.07268	0.01253	0.00358	0.00604	0.04917	0.00697	0.00699
13	0.01409	0.00705	0.01057	0.01057	0.01057	0.00705	0.00705	0.01057	0.01057	0.01409	0.01409	0.02467	0.01409	0.02819	0.03171	0.76392	0.00705	0.00705	0.00352	0.00352
14	0.01812	0.03953	0.59067	0.02256	0.03386	0.01964	0.02814	0.10314	0.01979	0.02892	0.01518	0.01743	0.01072	0.00797	0.00776	0.00255	0.01160	0.00616	0.00402	0.01222
15	0.01786	0.13925	0.52579	0.02210	0.03283	0.05356	0.04980	0.02584	0.01740	0.02446	0.01406	0.01659	0.01038	0.00760	0.00740	0.00243	0.01171	0.00585	0.00350	0.01160
16	0.02008	0.01928	0.03294	0.04981	0.66422	0.01928	0.02490	0.02490	0.01848	0.02651	0.01526	0.02008	0.01285	0.00723	0.00803	0.00241	0.00964	0.00723	0.00402	0.01285
17	0.00989	0.00706	0.00942	0.01130	0.01177	0.00659	0.00753	0.01130	0.01554	0.02071	0.04472	0.70954	0.05367	0.02542	0.01036	0.00330	0.00471	0.02307	0.00753	0.00659
18	0.02104	0.02154	0.03038	0.04160	0.48075	0.10565	0.02259	0.02502	0.01811	0.02455	0.01419	0.01901	0.01220	0.00847	0.01086	0.00255	0.11879	0.00695	0.00396	0.01178
19	0.01110	0.00838	0.01154	0.01234	0.01302	0.00905	0.00882	0.01285	0.01431	0.01971	0.03424	0.41692	0.03922	0.08831	0.20202	0.00640	0.06183	0.01697	0.00614	0.00681
20	0.00959	0.00822	0.00822	0.00822	0.01096	0.00685	0.00617	0.01165	0.01850	0.02192	0.08220	0.07809	0.66092	0.02055	0.00959	0.00274	0.00411	0.01713	0.00754	0.00685
21	0.77215	0.01569	0.01193	0.01067	0.01569	0.01820	0.00879	0.02385	0.01381	0.03641	0.01130	0.01318	0.00879	0.00753	0.00502	0.00251	0.00628	0.00439	0.00502	0.00879
22	0.01513	0.00756	0.00756	0.00756	0.00945	0.00756	0.00567	0.01891	0.01702	0.03025	0.02647	0.03025	0.02080	0.00945	0.00567	0.00189	0.00378	0.00756	0.75988	0.00756
23	0.02939	0.02523	0.02332	0.01884	0.02463	0.15529	0.01515	0.44159	0.11257	0.04274	0.01982	0.01988	0.01452	0.00963	0.00798	0.00241	0.00975	0.00713	0.00735	0.01280
24	0.00968	0.00822	0.00835	0.00832	0.01102	0.00689	0.00624	0.01182	0.01871	0.02243	0.11006	0.07725	0.63275	0.02036	0.00959	0.00273	0.00410	0.01701	0.00760	0.00689
25	0.01116	0.00828	0.01039	0.00986	0.01192	0.00752	0.00740	0.01468	0.02219	0.03070	0.55967	0.06365	0.17798	0.01728	0.00957	0.00258	0.00388	0.01510	0.00869	0.00752
26	0.03085	0.02273	0.02435	0.01867	0.02516	0.02516	0.01542	0.63716	0.03815	0.05114	0.01948	0.01948	0.01380	0.00974	0.00812	0.00244	0.00893	0.00731	0.00812	0.01380
27	0.01676	0.03910	0.59176	0.02651	0.11479	0.01890	0.02934	0.02560	0.01730	0.02580	0.01465	0.01751	0.01060	0.00765	0.00775	0.00255	0.01169	0.00615	0.00350	0.01210
28	0.00959	0.00822	0.00822	0.00822	0.01096	0.00685	0.00617	0.01165	0.01850	0.02192	0.08220	0.07809	0.66092	0.02055	0.00959	0.00274	0.00411	0.01713	0.00754	0.00685
29	0.02076	0.03148	0.35163	0.02894	0.19519	0.02048	0.02517	0.17253	0.02253	0.03202	0.01593	0.01846	0.01179	0.00807	0.00789	0.00250	0.01065	0.00663	0.00471	0.01265
30	0.01627	0.04197	0.67279	0.02313	0.03512	0.01884	0.02998	0.02570	0.01713	0.02570	0.01456	0.01713	0.01028	0.00771	0.00771	0.00257	0.01199	0.00600	0.00343	0.01199
31	0.02247	0.65818	0.04076	0.01452	0.02121	0.09085	0.01405	0.02503	0.01708	0.01916	0.01139	0.01316	0.01042	0.00707	0.00540	0.00177	0.00922	0.00442	0.00354	0.01032
32	0.01707	0.01425	0.02171	0.05674	0.17584	0.01406	0.08065	0.02347	0.09942	0.07514	0.13528	0.04276	0.18398	0.01265	0.00886	0.00261	0.00726	0.01138	0.00662	0.01025
33	0.02576	0.03131	0.03146	0.02850	0.11330	0.40521	0.19530	0.02958	0.02130	0.02249	0.01401	0.01743	0.01130	0.00778	0.00806	0.00232	0.01371	0.00674	0.00414	0.01030
34	0.02409	0.01875	0.17337	0.01546	0.02161	0.01210	0.01495	0.02829	0.01977	0.33249	0.03361	0.17942	0.06315	0.01352	0.00862	0.00271	0.00747	0.01148	0.00775	0.01136
35	0.01747	0.01502	0.01917	0.17681	0.02847	0.01358	0.01314	0.06472	0.01821	0.02684	0.01478	0.01817	0.01186	0.00678	0.00667	0.00165	0.00737	0.00556	0.00476	0.52897
36	0.02292	0.01798	0.04733	0.24616	0.07117	0.06436	0.01724	0.13005	0.02206	0.15665	0.02392	0.08098	0.04241	0.01065	0.00829	0.00260	0.00919	0.00893	0.00621	0.01088
37	0.16620	0.13773	0.27527	0.01874	0.02652	0.20029	0.01962	0.02695	0.01798	0.02518	0.01290	0.01508	0.01006	0.00774	0.00671	0.00230	0.01111	0.00523	0.00394	0.01044
38	0.01658	0.03981	0.60553	0.02432	0.03590	0.01902	0.09508	0.02573	0.01735	0.02573	0.01476	0.01764	0.01050	0.00762	0.00791	0.00259	0.01217	0.00638	0.00350	0.01188
39	0.01582	0.01479	0.02487	0.58001	0.13100	0.01776	0.02237	0.02107	0.01663	0.02164	0.01594	0.02488	0.01284	0.00871	0.00826	0.00272	0.01050	0.03693	0.00385	0.00942
40	0.01605	0.00894	0.00955	0.00907	0.01130	0.00930	0.00696	0.06971	0.01834	0.03076	0.02538	0.02953	0.02016	0.01501	0.07875	0.00314	0.00614	0.00766	0.61620	0.00805
41	0.01532	0.01442	0.02434	0.69533	0.05589	0.01803	0.02253	0.02073	0.01622	0.02073	0.01442	0.02163	0.01082	0.00811	0.00811	0.00270	0.01082	0.00721	0.00361	0.00901
42	0.01148	0.00829	0.01085	0.01021	0.01212	0.00766	0.00766	0.01531	0.02297	0.03254	0.65994	0.06061	0.07656	0.01659	0.00957	0.00255	0.00383	0.01467	0.00893	0.00766
43	0.01159	0.00869	0.01304	0.01304	0.01449	0.01014	0.01014	0.01449	0.01304	0.01884	0.02173	0.03188	0.02029	0.06086	0.68268	0.01304	0.02173	0.00869	0.00435	0.00724
44	0.00989	0.00706	0.00942	0.01130	0.01177	0.00659	0.00753	0.01130	0.01554	0.02071	0.04472	0.70954	0.05367	0.02542	0.01036	0.00330	0.00471	0.02307	0.00753	0.00659
45	0.00989	0.00706	0.00942	0.01130	0.01177	0.00659	0.00753	0.01130	0.01554	0.02071	0.04472	0.70954	0.05367	0.02542	0.01036	0.00330	0.00471	0.02307	0.00753	0.00659
46	0.03085	0.02273	0.02435	0.01867	0.02516	0.02516	0.01542	0.63716	0.03815	0.05114	0.01948	0.01948	0.01380	0.00974	0.00812	0.00244	0.00893	0.00731	0.00812	0.01380
47	0.01627	0.04197	0.67279	0.02313	0.03512	0.01884	0.02998	0.02570	0.01713	0.02570	0.01456	0.01713	0.01028	0.00771	0.00771	0.00257	0.01199	0.00600	0.00343	0.01199
48	0.03085	0.02273	0.02435	0.01867	0.02516	0.02516	0.01542	0.63716	0.03815	0.05114	0.01948	0.01948	0.01380	0.00974	0.00812	0.00244	0.00893	0.00731	0.00812	0.01380
49	0.03085	0.02273	0.02435	0.01867	0.02516	0.02516	0.01542	0.63716	0.03815	0.05114	0.01948	0.01948	0.01380	0.00974	0.00812	0.00244	0.00893	0.00731	0.00812	0.01380
50	0.00989	0.00706	0.00942	0.01130	0.01177	0.00659	0.00753	0.01130	0.01554	0.02071	0.04472	0.70954	0.05367	0.02542	0.01036	0.00330	0.00471	0.02307	0.00753	0.00659
51	0.01169	0.00832	0.01114	0.01114	0.01194	0.00911	0.00778	0.01327	0.01248	0.01743	0.02347	0.04149	0.02446	0.35705	0.39219	0.01070	0.01545	0.01010	0.00460	0.00619
52	0.00959	0.00822	0.00822	0.00822	0.01096	0.00685	0.00617	0.01165	0.01850	0.02192	0.08220	0.07809	0.66092	0.02055	0.00959	0.00274	0.00411	0.01713	0.00754	0.00685
53	0.01208	0.00914	0.01288	0.01263	0.01362	0.01065	0.00943	0.01420	0.01270	0.01814	0.02186	0.03597	0.02181	0.21477	0.48142	0.01112	0.06702	0.00933	0.00443	0.00680
54	0.02296	0.31449	0.03130	0.04603	0.07401	0.18806	0.01559	0.02895	0.12015	0.02235	0.01550	0.01737	0.01296	0.00845	0.00782	0.00219	0.05090	0.00584	0.00447	0.01060
55	0.02246	0.60526	0.07067	0.01517	0.02203	0.10942	0.01488	0.02534	0.01730	0.01950	0.01159	0.01341	0.01041	0.00715	0.00558	0.00182	0.00955	0.00453	0.00355	0.01037
56	0.01775	0.01324	0.01588	0.01526	0.01857	0.01398	0.01282	0.16825	0.08792	0.03218	0.08286	0.06495	0.07509	0.01768	0.00995	0.00318	0.00725	0.32586	0.00782	0.00952
57	0.01032	0.00782	0.00952	0.01000	0.01164	0.00702	0.00715	0.01271	0.01887	0.02494	0.25694	0.30420	0.24734	0.02105	0.00987	0.00288	0.00424	0.01851	0.00799	0.00702
58	0.01178	0.00794	0.00920	0.00920	0.00932	0.00806	0.00535	0.01202	0.01190	0.01599	0.02525	0.05134	0.02874	0.66059	0.09450	0.00830	0.00902	0.01154	0.00487	0.00511
59	0.00963	0.00807	0.00837	0.00861	0.01106	0.00682	0.00634	0.01160	0.01812	0.02177	0.07745	0.15806	0.58402	0.02117	0.00969	0.00281	0.00419	0.01788	0.00753	0.00682
60	0.02008	0.01928	0.03294	0.04981	0.66422	0.01928	0.02490	0.02490	0.01848	0.02651	0.01526	0.02008	0.01285	0.00723	0.00803	0.00241	0.00964	0.00723	0.00402	0.01285
61	0.02018	0.01743	0.01835	0.01651	0.02110	0.02018	0.01284	0.04312	0.64956	0.03394	0.03303	0.03027	0.02477	0.01101	0.00826	0.00275	0.00642	0.00917	0.00826	0.01284
62	0.01513	0.00756	0.00756	0.00756	0.00945	0.00756	0.00567	0.01891	0.01702	0.03025	0.02647	0.03025	0.02080	0.00945	0.00567	0.00189	0.00378	0.00756	0.75988	0.00756
63	0.77215	0.01569	0.01193	0.01067	0.01569	0.01820	0.00879	0.02385	0.01381	0.03641	0.01130	0.01318	0.00879	0.00753	0.00502	0.00251	0.00628	0.00439	0.00502	0.00879
64	0.01974	0.01893	0.03232	0.09608	0.62060	0.01919	0.02473	0.02460	0.01831	0.02610	0.01520	0.02019	0.01271	0.00729	0.00804	0.00243	0.00972	0.00723	0.00399	0.01258
65	0.02018	0.01743	0.01835	0.01651	0.02110	0.02018	0.01284	0.04312	0.64956	0.03394	0.03303	0.03027	0.02477	0.01101	0.00826	0.00275	0.00642	0.00917	0.00826	0.01284
66	0.01894	0.01811	0.03087	0.20503	0.51794	0.01898	0.02433	0.02390	0.01793	0.02512	0.01506	0.02046	0.01236	0.00744	0.00805	0.00248	0.00992	0.00723	0.00392	0.01193
67	0.01141	0.00829	0.01074	0.01013	0.01208	0.00762	0.00760	0.01517	0.02279	0.03212	0.63725	0.06130	0.09951	0.01674	0.00957	0.00256	0.00384	0.01477	0.00888	0.00762
68	0.00989	0.00706	0.00942	0.01130	0.01177	0.00659	0.00753	0.01130	0.01554	0.02071	0.04472	0.70954	0.05367	0.02542	0.01036	0.00330	0.00471	0.02307	0.00753	0.00659
69	0.01180	0.00787	0.00885	0.00885	0.00885	0.00787	0.00492	0.01180	0.01180	0.01573	0.02557	0.05310	0.02950	0.71483	0.04130	0.00787	0.00787	0.01180	0.00492	0.00492
70	0.01180	0.00787	0.00885	0.00885	0.00885	0.00787	0.00492	0.01180	0.01180	0.01573	0.02557	0.05310	0.02950	0.71483	0.04130	0.00787	0.00787	0.01180	0.00492	0.00492
71	0.00959	0.00822	0.00822	0.00822	0.01096	0.00685	0.00617	0.01165	0.01850	0.02192	0.08220	0.07809	0.66092	0.02055	0.00959	0.00274	0.00411	0.01713	0.00754	0.00685
72	0.01683	0.01442	0.01683	0.01202	0.01923	0.01082	0.00961	0.02043	0.01683	0.02644	0.01442	0.01683	0.01202	0.00601	0.00601	0.00120	0.00601	0.00481	0.00481	0.76444
73	0.01180	0.00787	0.00885	0.00885	0.00885	0.00787	0.00492	0.01180	0.01180	0.01573	0.02557	0.05310	0.02950	0.71483	0.04130	0.00787	0.00787	0.01180	0.00492	0.00492
74	0.01034	0.00739	0.00974	0.01094	0.01174	0.00690	0.00746	0.01228	0.01718	0.02337	0.19193	0.52853	0.05825	0.04951	0.01134	0.00329	0.00462	0.02062	0.00777	0.00678
75	0.01148	0.00829	0.01085	0.01021	0.01212	0.00766	0.00766	0.01531	0.02297	0.03254	0.65994	0.06061	0.07656	0.01659	0.00957	0.00255	0.00383	0.01467	0.00893	0.00766
76	0.02169	0.71972	0.04252	0.01388	0.02083	0.03211	0.01388	0.02430	0.01649	0.01909	0.01128	0.01302	0.01041	0.00694	0.00521	0.00174	0.00868	0.00434	0.00347	0.01041
77	0.00978	0.00746	0.00900	0.01023	0.01149	0.00668	0.00706	0.01142	0.01656	0.02113	0.05769	0.49106	0.26378	0.02374	0.01009	0.00310	0.00450	0.02101	0.00753	0.00668
78	0.00989	0.00706	0.00942	0.01130	0.01177	0.00659	0.00753	0.01130	0.01554	0.02071	0.04472	0.70954	0.05367	0.02542	0.01036	0.00330	0.00471	0.02307	0.00753	0.00659
79	0.01037	0.00822	0.00940	0.00972	0.01194	0.00725	0.00739	0.01287	0.01899	0.02401	0.18009	0.15280	0.40954	0.02062	0.00986	0.00289	0.00451	0.08470	0.00779	0.00704
80	0.01121	0.00828	0.01200	0.01243	0.01359	0.00921	0.00928	0.01362	0.01355	0.01912	0.02721	0.18881	0.02842	0.08497	0.49638	0.01054	0.01713	0.01215	0.00511	0.00698
81	0.01838	0.01805	0.03086	0.03936	0.42963	0.01848	0.10105	0.02277	0.01790	0.02509	0.02338	0.02741	0.09462	0.00964	0.01048	0.00262	0.08569	0.00877	0.00442	0.01141
82	0.01131	0.00802	0.01051	0.01187	0.01309	0.00762	0.00900	0.01313	0.01647	0.02133	0.04664	0.32595	0.14098	0.05108	0.01351	0.06662	0.00584	0.21335	0.00708	0.00660
83	0.02087	0.09674	0.02897	0.03406	0.36176	0.04869	0.01957	0.05349	0.16999	0.02808	0.02021	0.02430	0.01670	0.00885	0.00787	0.00246	0.00886	0.03101	0.00527	0.01226
84	0.02767	0.03366	0.02556	0.02837	0.19014	0.51105	0.01806	0.03046	0.02183	0.02158	0.01324	0.01604	0.01107	0.00807	0.00750	0.00217	0.01334	0.00574	0.00414	0.01030
85	0.01522	0.04401	0.10453	0.02458	0.18846	0.01446	0.06264	0.01990	0.01828	0.02573	0.17538	0.03510	0.06759	0.02096	0.14271	0.00460	0.01088	0.00981	0.00538	0.00979
86	0.16606	0.01148	0.01386	0.07671	0.01829	0.01313	0.01038	0.06107	0.01505	0.02424	0.01955	0.03049	0.01845	0.17163	0.30679	0.00816	0.01392	0.00821	0.00480	0.00773
87	0.01747	0.00980	0.01173	0.01037	0.01393	0.00843	0.00808	0.02020	0.02074	0.20512	0.18755	0.06038	0.36116	0.01680	0.00919	0.00264	0.00483	0.01411	0.00852	0.00896
88	0.00981	0.00734	0.00913	0.01056	0.01157	0.00665	0.00720	0.01138	0.01625	0.02100	0.05373	0.55770	0.19969	0.02425	0.01017	0.00316	0.00456	0.02164	0.00753	0.00665
89	0.01919	0.11251	0.31479	0.03211	0.27634	0.02093	0.02531	0.05883	0.01873	0.02663	0.01471	0.01791	0.01148	0.00754	0.00756	0.00240	0.01052	0.00635	0.00392	0.01224
90	0.02136	0.01848	0.02890	0.04034	0.48452	0.01890	0.02146	0.02972	0.14654	0.07756	0.02015	0.02273	0.01582	0.00821	0.00809	0.00249	0.00878	0.00769	0.00534	0.01292
91	0.02548	0.20357	0.02603	0.01729	0.02190	0.38649	0.01372	0.05278	0.02045	0.02077	0.01411	0.01899	0.01286	0.08995	0.01071	0.00265	0.01177	0.00584	0.00428	0.04037
92	0.16181	0.01400	0.01209	0.01135	0.01427	0.10614	0.00877	0.02168	0.01714	0.05327	0.05228	0.02643	0.01967	0.01776	0.11739	0.00393	0.00888	0.00719	0.31770	0.00826
93	0.01167	0.00893	0.01203	0.01374	0.05932	0.00836	0.00946	0.01470	0.01951	0.02639	0.28407	0.22452	0.14777	0.01955	0.00990	0.00293	0.00505	0.10664	0.00781	0.00762
94	0.01238	0.00981	0.01437	0.01392	0.01513	0.01192	0.01090	0.01502	0.01291	0.01880	0.02048	0.03091	0.01942	0.08028	0.57474	0.01164	0.10709	0.00861	0.00427	0.00736
95	0.02434	0.51089	0.03653	0.01604	0.02213	0.23146	0.01443	0.02678	0.01848	0.01933	0.01167	0.01351	0.01043	0.00738	0.00585	0.00184	0.01050	0.00461	0.00369	0.01010
96	0.01660	0.08213	0.63544	0.02258	0.03427	0.01963	0.02903	0.02561	0.01709	0.02531	0.01437	0.01689	0.01029	0.00766	0.00756	0.00252	0.01180	0.00590	0.00343	0.01190
97	0.02463	0.02035	0.02043	0.01726	0.02222	0.07311	0.01365	0.30407	0.25898	0.03909	0.02662	0.09734	0.02185	0.01179	0.00835	0.00262	0.00800	0.00952	0.00780	0.01233
98	0.01180	0.00787	0.00885	0.00885	0.00885	0.00787	0.00492	0.01180	0.01180	0.01573	0.02557	0.05310	0.02950	0.71483	0.04130	0.00787	0.00787	0.01180	0.00492	0.00492
99	0.00974	0.00764	0.00882	0.00976	0.01137	0.00672	0.00685	0.01147	0.01701	0.02132	0.06343	0.39434	0.35679	0.02299	0.00997	0.00302	0.00441	0.02010	0.00753	0.00672
100	0.02236	0.05956	0.27262	0.02465	0.06193	0.06031	0.14437	0.17274	0.02318	0.05664	0.01657	0.01887	0.01205	0.00810	0.00808	0.00250	0.01130	0.00705	0.00502	0.01211
101	0.02509	0.10434	0.03089	0.03018	0.21437	0.34099	0.08980	0.02858	0.02052	0.02244	0.01365	0.01690	0.01137	0.00770	0.00756	0.00222	0.01241	0.00622	0.00405	0.01071
102	0.02516	0.11423	0.07273	0.02077	0.05397	0.42136	0.01646	0.02805	0.02000	0.02038	0.01357	0.01689	0.01162	0.01402	0.08075	0.00335	0.04731	0.00574	0.00402	0.00962

[dist]
# distance from previous block
# <min> <max>
0	1

[block]
# block no. 2 follows, 23 sequences, length 78
# corresponding to MSA columns:
# 173-250
name=unknown_C
#
# <colnr> <probs for GDERKNQSTAVLIFYWHMCP>
#	G	D	E	R	K	N	Q	S	T	A	V	L	I	F	Y	W	H	M	C	P
0	0.02174	0.32236	0.06748	0.02986	0.28578	0.09948	0.01940	0.02553	0.01807	0.02254	0.01322	0.01630	0.01141	0.00726	0.00673	0.00209	0.00991	0.00571	0.00377	0.01138
1	0.01039	0.00727	0.00927	0.01065	0.01100	0.00693	0.00684	0.01143	0.01455	0.01939	0.03965	0.53567	0.04727	0.20802	0.01855	0.00451	0.00554	0.02008	0.00684	0.00615
2	0.01934	0.02350	0.14644	0.01834	0.02325	0.09087	0.01676	0.06394	0.22022	0.02805	0.06442	0.02703	0.04339	0.01372	0.04453	0.00326	0.12791	0.00829	0.00589	0.01085
3	0.02254	0.24737	0.26708	0.01958	0.02746	0.24105	0.02037	0.02748	0.01886	0.02176	0.01290	0.01506	0.01038	0.00769	0.00682	0.00216	0.01185	0.00524	0.00369	0.01066
4	0.00994	0.00823	0.00870	0.00859	0.01117	0.00700	0.00644	0.01232	0.01932	0.02387	0.18837	0.07488	0.55354	0.01982	0.00959	0.00271	0.00406	0.01667	0.00779	0.00700
5	0.01531	0.01024	0.01211	0.01126	0.01422	0.00976	0.00855	0.02118	0.11586	0.11090	0.25156	0.12718	0.22616	0.01699	0.00928	0.00271	0.00480	0.01461	0.00842	0.00889
6	0.02065	0.31213	0.24011	0.01766	0.02531	0.02457	0.01907	0.08396	0.01870	0.04689	0.01457	0.01677	0.01158	0.00832	0.00826	0.00226	0.06895	0.00570	0.04347	0.01108
7	0.01180	0.00787	0.00885	0.00885	0.00885	0.00787	0.00492	0.01180	0.01180	0.01573	0.02557	0.05310	0.02950	0.71483	0.04130	0.00787	0.00787	0.01180	0.00492	0.00492
8	0.00969	0.00822	0.00836	0.00832	0.01102	0.00689	0.00624	0.01184	0.01873	0.02247	0.11222	0.07718	0.63056	0.02034	0.00959	0.00273	0.00410	0.01700	0.00761	0.00689
9	0.15919	0.01996	0.05995	0.06035	0.37435	0.01926	0.14063	0.02481	0.01760	0.02801	0.01469	0.01907	0.01181	0.00726	0.00776	0.00251	0.00995	0.00710	0.00418	0.01156
10	0.02414	0.14272	0.21310	0.02278	0.07857	0.33896	0.02024	0.02863	0.01995	0.02195	0.01315	0.01554	0.01059	0.00787	0.00716	0.00220	0.01256	0.00547	0.00384	0.01058
11	0.02350	0.02672	0.02160	0.01936	0.02207	0.35120	0.01512	0.05617	0.01914	0.02115	0.01420	0.01902	0.01258	0.02012	0.14358	0.00461	0.19004	0.00648	0.00425	0.00907
12	0.01180	0.00787	0.00885	0.00885	0.00885	0.00787	0.00492	0.01180	0.01180	0.01573	0.02557	0.05310	0.02950	0.71483	0.04130	0.00787	0.00787	0.01180	0.00492	0.00492
13	0.01572	0.14064	0.42750	0.01907	0.02772	0.01822	0.02250	0.02230	0.01668	0.02356	0.02070	0.16925	0.01987	0.01150	0.00790	0.00260	0.00986	0.00950	0.00434	0.01055
14	0.01159	0.00869	0.01304	0.01304	0.01449	0.01014	0.01014	0.01449	0.01304	0.01884	0.02173	0.03188	0.02029	0.06086	0.68268	0.01304	0.02173	0.00869	0.00435	0.00724
15	0.02334	0.01352	0.01552	0.01317	0.01741	0.01393	0.01045	0.10653	0.17505	0.19769	0.10001	0.03167	0.02699	0.01082	0.00768	0.00240	0.00587	0.00888	0.20785	0.01123
16	0.01144	0.00792	0.00875	0.00875	0.00919	0.00770	0.00512	0.01177	0.01288	0.01674	0.03474	0.05715	0.13182	0.60233	0.03616	0.00704	0.00726	0.01266	0.00534	0.00523
17	0.01180	0.00787	0.00885	0.00885	0.00885	0.00787	0.00492	0.01180	0.01180	0.01573	0.02557	0.05310	0.02950	0.71483	0.04130	0.00787	0.00787	0.01180	0.00492	0.00492
18	0.02018	0.01743	0.01835	0.01651	0.02110	0.02018	0.01284	0.04312	0.64956	0.03394	0.03303	0.03027	0.02477	0.01101	0.00826	0.00275	0.00642	0.00917	0.00826	0.01284
19	0.01775	0.01775	0.02485	0.02130	0.02130	0.02485	0.01775	0.01953	0.01243	0.01953	0.01065	0.01775	0.01065	0.01420	0.02663	0.00355	0.69998	0.00710	0.00355	0.00888
20	0.01308	0.00934	0.01308	0.01494	0.01681	0.00934	0.01308	0.01681	0.01868	0.02428	0.04296	0.09153	0.04670	0.02242	0.01121	0.00374	0.00747	0.60960	0.00747	0.00747
21	0.03031	0.03867	0.02299	0.02090	0.02508	0.68226	0.01568	0.03240	0.02299	0.01986	0.01254	0.01463	0.01045	0.00836	0.00732	0.00209	0.01463	0.00523	0.00418	0.00941
22	0.01159	0.00869	0.01304	0.01304	0.01449	0.01014	0.01014	0.01449	0.01304	0.01884	0.02173	0.03188	0.02029	0.06086	0.68268	0.01304	0.02173	0.00869	0.00435	0.00724
23	0.01832	0.01940	0.03874	0.21235	0.16688	0.01962	0.35402	0.02439	0.01825	0.02470	0.01566	0.02147	0.01202	0.00725	0.00889	0.00266	0.01214	0.00849	0.00395	0.01080
24	0.03031	0.03867	0.02299	0.02090	0.02508	0.68226	0.01568	0.03240	0.02299	0.01986	0.01254	0.01463	0.01045	0.00836	0.00732	0.00209	0.01463	0.00523	0.00418	0.00941
25	0.01557	0.01379	0.02195	0.03091	0.35160	0.01347	0.01653	0.01939	0.01906	0.02670	0.18218	0.15567	0.07253	0.01351	0.00891	0.00262	0.00703	0.01243	0.00604	0.01013
26	0.05344	0.01819	0.01903	0.01661	0.02151	0.02089	0.01308	0.13602	0.52641	0.03676	0.02998	0.02785	0.02237	0.01066	0.00810	0.00269	0.00681	0.00868	0.00810	0.01282
27	0.02012	0.02261	0.10852	0.04141	0.49004	0.05233	0.02361	0.05484	0.01951	0.02705	0.01873	0.02244	0.04616	0.00816	0.00804	0.00243	0.00986	0.00750	0.00434	0.01231
28	0.02274	0.63691	0.04015	0.01474	0.02134	0.11115	0.01410	0.02528	0.01728	0.01918	0.01143	0.01321	0.01042	0.00711	0.00546	0.00178	0.00940	0.00445	0.00356	0.01029
29	0.77215	0.01569	0.01193	0.01067	0.01569	0.01820	0.00879	0.02385	0.01381	0.03641	0.01130	0.01318	0.00879	0.00753	0.00502	0.00251	0.00628	0.00439	0.00502	0.00879
30	0.01367	0.01185	0.01527	0.04785	0.01762	0.05552	0.01162	0.01634	0.01370	0.01888	0.01981	0.03001	0.01869	0.08949	0.49533	0.01047	0.09370	0.00841	0.00425	0.00751
31	0.01165	0.00846	0.01184	0.01184	0.01288	0.00949	0.00865	0.01372	0.01269	0.01795	0.02283	0.03793	0.02292	0.24749	0.49964	0.01156	0.01778	0.00958	0.00451	0.00658
32	0.01604	0.04033	0.64025	0.02263	0.03410	0.01842	0.02900	0.02514	0.01693	0.02536	0.01492	0.01786	0.01077	0.01033	0.04100	0.00309	0.01247	0.00613	0.00347	0.01176
33	0.01915	0.02189	0.04788	0.03420	0.04241	0.02052	0.63475	0.02599	0.01915	0.02599	0.01642	0.02189	0.01231	0.00684	0.00958	0.00274	0.01368	0.00958	0.00410	0.01094
34	0.01627	0.04197	0.67279	0.02313	0.03512	0.01884	0.02998	0.02570	0.01713	0.02570	0.01456	0.01713	0.01028	0.00771	0.00771	0.00257	0.01199	0.00600	0.00343	0.01199
35	0.01159	0.00869	0.01304	0.01304	0.01449	0.01014	0.01014	0.01449	0.01304	0.01884	0.02173	0.03188	0.02029	0.06086	0.68268	0.01304	0.02173	0.00869	0.00435	0.00724
36	0.01683	0.01442	0.01683	0.01202	0.01923	0.01082	0.00961	0.02043	0.01683	0.02644	0.01442	0.01683	0.01202	0.00601	0.00601	0.00120	0.00601	0.00481	0.00481	0.76444
37	0.01775	0.01775	0.02485	0.02130	0.02130	0.02485	0.01775	0.01953	0.01243	0.01953	0.01065	0.01775	0.01065	0.01420	0.02663	0.00355	0.69998	0.00710	0.00355	0.00888
38	0.01977	0.01896	0.03238	0.09161	0.62482	0.01920	0.02475	0.02463	0.01833	0.02614	0.01521	0.02018	0.01272	0.00729	0.00804	0.00243	0.00972	0.00723	0.00399	0.01260
39	0.02955	0.02208	0.02362	0.01841	0.02467	0.02456	0.01511	0.56494	0.11249	0.04905	0.02113	0.02079	0.01513	0.00989	0.00813	0.00247	0.00862	0.00753	0.00813	0.01368
40	0.01001	0.00809	0.00890	0.00901	0.01129	0.00698	0.00664	0.01233	0.01902	0.02389	0.19298	0.15450	0.46724	0.02037	0.00968	0.00277	0.00413	0.01739	0.00781	0.00698
41	0.01783	0.23588	0.49246	0.02048	0.03103	0.02264	0.02537	0.02530	0.01695	0.02381	0.01362	0.01595	0.01032	0.00749	0.00699	0.00233	0.01104	0.00552	0.00344	0.01154
42	0.02169	0.71972	0.04252	0.01388	0.02083	0.03211	0.01388	0.02430	0.01649	0.01909	0.01128	0.01302	0.01041	0.00694	0.00521	0.00174	0.00868	0.00434	0.00347	0.01041
43	0.01627	0.04197	0.67279	0.02313	0.03512	0.01884	0.02998	0.02570	0.01713	0.02570	0.01456	0.01713	0.01028	0.00771	0.00771	0.00257	0.01199	0.00600	0.00343	0.01199
44	0.01997	0.01959	0.03474	0.04792	0.58926	0.01943	0.09841	0.02503	0.01856	0.02645	0.01540	0.02030	0.01279	0.00718	0.00822	0.00245	0.01013	0.00751	0.00403	0.01262
45	0.01800	0.01761	0.02093	0.02610	0.24005	0.11037	0.01536	0.02400	0.09800	0.02658	0.15164	0.03681	0.11225	0.01469	0.04943	0.00312	0.00883	0.01002	0.00601	0.01021
46	0.01180	0.00787	0.00885	0.00885	0.00885	0.00787	0.00492	0.01180	0.01180	0.01573	0.02557	0.05310	0.02950	0.71483	0.04130	0.00787	0.00787	0.01180	0.00492	0.00492
47	0.01180	0.00787	0.00885	0.00885	0.00885	0.00787	0.00492	0.01180	0.01180	0.01573	0.02557	0.05310	0.02950	0.71483	0.04130	0.00787	0.00787	0.01180	0.00492	0.00492
48	0.01980	0.02506	0.12047	0.10622	0.16188	0.09438	0.30154	0.02589	0.01887	0.02479	0.01530	0.02008	0.01178	0.00734	0.00862	0.00257	0.01247	0.00791	0.00395	0.01107
49	0.01180	0.00787	0.00885	0.00885	0.00885	0.00787	0.00492	0.01180	0.01180	0.01573	0.02557	0.05310	0.02950	0.71483	0.04130	0.00787	0.00787	0.01180	0.00492	0.00492
50	0.01180	0.00787	0.00885	0.00885	0.00885	0.00787	0.00492	0.01180	0.01180	0.01573	0.02557	0.05310	0.02950	0.71483	0.04130	0.00787	0.00787	0.01180	0.00492	0.00492
51	0.01138	0.00774	0.00921	0.00979	0.01001	0.00762	0.00601	0.01193	0.01311	0.01745	0.03136	0.22259	0.03656	0.50292	0.03184	0.00649	0.00704	0.04576	0.00572	0.00548
52	0.02122	0.02064	0.03131	0.04443	0.54748	0.06288	0.02333	0.05985	0.01952	0.02705	0.01505	0.01955	0.01262	0.00787	0.00912	0.00246	0.05184	0.00710	0.00423	0.01244
53	0.02839	0.03142	0.02307	0.02127	0.05677	0.42193	0.01567	0.15183	0.11888	0.02840	0.01708	0.01818	0.01336	0.00897	0.00765	0.00227	0.01205	0.00632	0.00555	0.01095
54	0.01184	0.00841	0.01056	0.01111	0.01238	0.00813	0.00830	0.01406	0.01706	0.02268	0.16641	0.10146	0.10550	0.25429	0.02081	0.00477	0.00641	0.20236	0.00692	0.00655
55	0.01857	0.06991	0.23127	0.03158	0.11453	0.02058	0.34335	0.02567	0.01831	0.02555	0.01541	0.01972	0.01166	0.00715	0.00857	0.00259	0.01238	0.00791	0.00385	0.01145
56	0.01185	0.00815	0.00976	0.01028	0.01085	0.00806	0.00690	0.01284	0.01384	0.01818	0.03327	0.10248	0.06577	0.48948	0.03137	0.00645	0.00740	0.14165	0.00576	0.00566
57	0.01831	0.01048	0.01318	0.01169	0.01501	0.00995	0.00912	0.05146	0.01978	0.18963	0.12508	0.04865	0.21939	0.05641	0.15906	0.00514	0.00909	0.01192	0.00757	0.00909
58	0.03036	0.03724	0.02312	0.02070	0.02509	0.62320	0.01566	0.08675	0.02436	0.02267	0.01317	0.01507	0.01075	0.00849	0.00739	0.00212	0.01412	0.00541	0.00453	0.00980
59	0.02018	0.01743	0.01835	0.01651	0.02110	0.02018	0.01284	0.04312	0.64956	0.03394	0.03303	0.03027	0.02477	0.01101	0.00826	0.00275	0.00642	0.00917	0.00826	0.01284
60	0.01852	0.01806	0.02119	0.01639	0.02208	0.08947	0.06847	0.02270	0.04014	0.02470	0.01499	0.01843	0.01260	0.01038	0.04426	0.00240	0.09286	0.00593	0.00462	0.45183
61	0.00989	0.00706	0.00942	0.01130	0.01177	0.00659	0.00753	0.01130	0.01554	0.02071	0.04472	0.70954	0.05367	0.02542	0.01036	0.00330	0.00471	0.02307	0.00753	0.00659
62	0.01844	0.01538	0.01769	0.01278	0.01991	0.01247	0.01028	0.09149	0.01928	0.02929	0.01501	0.01713	0.01222	0.00644	0.00625	0.00134	0.00635	0.00510	0.00519	0.67795
63	0.01618	0.01209	0.01632	0.01613	0.01796	0.01369	0.01359	0.05821	0.01836	0.05631	0.03327	0.10123	0.03511	0.04440	0.01529	0.00367	0.15958	0.35357	0.00669	0.00836
64	0.21529	0.10256	0.20758	0.01821	0.02511	0.25727	0.01781	0.02748	0.01831	0.02568	0.01267	0.01481	0.00997	0.00782	0.00663	0.00230	0.01114	0.00514	0.00411	0.01009
65	0.01637	0.01549	0.02623	0.55291	0.19010	0.01830	0.02306	0.02165	0.01672	0.02201	0.01461	0.02129	0.01127	0.00792	0.00809	0.00264	0.01056	0.00722	0.00370	0.00986
66	0.02592	0.02871	0.02005	0.01870	0.02243	0.43592	0.01451	0.05978	0.02250	0.05528	0.02203	0.06634	0.02106	0.01239	0.00839	0.00254	0.01191	0.13668	0.00556	0.00930
67	0.01775	0.01775	0.02485	0.02130	0.02130	0.02485	0.01775	0.01953	0.01243	0.01953	0.01065	0.01775	0.01065	0.01420	0.02663	0.00355	0.69998	0.00710	0.00355	0.00888
68	0.01191	0.00917	0.01366	0.01347	0.01484	0.01091	0.01054	0.01475	0.01301	0.01887	0.02116	0.03114	0.01978	0.05843	0.64850	0.01255	0.05707	0.00861	0.00431	0.00733
69	0.00959	0.00822	0.00822	0.00822	0.01096	0.00685	0.00617	0.01165	0.01850	0.02192	0.08220	0.07809	0.66092	0.02055	0.00959	0.00274	0.00411	0.01713	0.00754	0.00685
70	0.01170	0.00782	0.00888	0.00898	0.00900	0.00780	0.00505	0.01177	0.01199	0.01599	0.02656	0.08730	0.03076	0.67892	0.03969	0.00763	0.00770	0.01239	0.00505	0.00500
71	0.01168	0.00793	0.00939	0.00949	0.00969	0.00808	0.00569	0.01210	0.01214	0.01637	0.02610	0.08462	0.02964	0.59951	0.11767	0.00826	0.00939	0.01201	0.00498	0.00529
72	0.02940	0.01513	0.01907	0.01529	0.02056	0.01517	0.01249	0.19827	0.02508	0.35616	0.02630	0.02632	0.01840	0.02117	0.15697	0.00481	0.01073	0.00804	0.00826	0.01236
73	0.01945	0.01864	0.03387	0.10748	0.03493	0.01950	0.32538	0.10098	0.02015	0.02840	0.01730	0.02224	0.01330	0.00855	0.01060	0.00267	0.08872	0.00844	0.10903	0.01037
74	0.01657	0.01209	0.01428	0.01268	0.01565	0.01232	0.00986	0.17956	0.02552	0.03495	0.35911	0.09137	0.07531	0.05214	0.01099	0.00293	0.00569	0.05170	0.00828	0.00904
75	0.02758	0.21274	0.02921	0.02008	0.06279	0.25794	0.01568	0.22478	0.02588	0.03014	0.01461	0.01610	0.01167	0.00836	0.00706	0.00213	0.01091	0.00578	0.00525	0.01130
76	0.06214	0.17500	0.11842	0.02694	0.18877	0.19445	0.04151	0.05772	0.01982	0.02485	0.01367	0.01645	0.01118	0.00766	0.00711	0.00222	0.01099	0.00587	0.00413	0.01109
77	0.01877	0.18740	0.02210	0.01517	0.05636	0.05029	0.01160	0.02435	0.09680	0.08871	0.23941	0.06150	0.07095	0.01244	0.00802	0.00238	0.00658	0.01033	0.00695	0.00988

[dist]
# distance from previous block
# <min> <max>
0	46

[block]
# block no. 3 follows, 23 sequences, length 42
# corresponding to MSA columns:
# 297-338
name=unknown_D
#
# <colnr> <probs for GDERKNQSTAVLIFYWHMCP>
#	G	D	E	R	K	N	Q	S	T	A	V	L	I	F	Y	W	H	M	C	P
0	0.02175	0.10809	0.06751	0.04852	0.02028	0.01574	0.01219	0.10600	0.02001	0.16483	0.06106	0.03205	0.02241	0.20566	0.01692	0.00384	0.00802	0.00857	0.00633	0.05024
1	0.01688	0.01451	0.01447	0.01274	0.01683	0.09149	0.00974	0.04003	0.01894	0.05892	0.05543	0.18268	0.13762	0.01453	0.00829	0.00231	0.00660	0.04251	0.00645	0.24902
2	0.02389	0.04498	0.01881	0.01530	0.02020	0.15761	0.01230	0.05696	0.05308	0.16759	0.02672	0.03292	0.05510	0.01427	0.05194	0.00301	0.00943	0.08068	0.00656	0.14863
3	0.02311	0.01714	0.01842	0.01509	0.01986	0.04433	0.01203	0.29650	0.06218	0.08030	0.16401	0.07117	0.06989	0.01256	0.00849	0.00246	0.00709	0.01029	0.00799	0.05709
4	0.02184	0.01667	0.01686	0.01485	0.01846	0.08796	0.01126	0.09410	0.21288	0.11791	0.02622	0.03218	0.02186	0.16855	0.09752	0.00497	0.00983	0.00891	0.00685	0.01031
5	0.01464	0.01240	0.01680	0.01404	0.01722	0.01250	0.04006	0.01715	0.01435	0.02128	0.01888	0.05082	0.01864	0.16554	0.16937	0.00574	0.11460	0.00829	0.00459	0.26308
6	0.02061	0.02154	0.02688	0.03709	0.41962	0.16043	0.01999	0.02432	0.01915	0.02420	0.02177	0.09284	0.05612	0.01015	0.00821	0.00245	0.00988	0.00902	0.00463	0.01110
7	0.01180	0.00787	0.00885	0.00885	0.00885	0.00787	0.00492	0.01180	0.01180	0.01573	0.02557	0.05310	0.02950	0.71483	0.04130	0.00787	0.00787	0.01180	0.00492	0.00492
8	0.01513	0.00756	0.00756	0.00756	0.00945	0.00756	0.00567	0.01891	0.01702	0.03025	0.02647	0.03025	0.02080	0.00945	0.00567	0.00189	0.00378	0.00756	0.75988	0.00756
9	0.03085	0.02273	0.02435	0.01867	0.02516	0.02516	0.01542	0.63716	0.03815	0.05114	0.01948	0.01948	0.01380	0.00974	0.00812	0.00244	0.00893	0.00731	0.00812	0.01380
10	0.01627	0.04197	0.67279	0.02313	0.03512	0.01884	0.02998	0.02570	0.01713	0.02570	0.01456	0.01713	0.01028	0.00771	0.00771	0.00257	0.01199	0.00600	0.00343	0.01199
11	0.01165	0.00871	0.01118	0.01243	0.01438	0.00824	0.01025	0.01463	0.01841	0.02349	0.07721	0.16137	0.22202	0.02204	0.01059	0.00336	0.00605	0.34925	0.00755	0.00720
12	0.01680	0.01646	0.02299	0.02009	0.02015	0.02264	0.01652	0.01853	0.01280	0.01967	0.01477	0.10147	0.01586	0.01556	0.02466	0.00352	0.61585	0.00903	0.00403	0.00860
13	0.01018	0.00734	0.00971	0.01149	0.01222	0.00687	0.00800	0.01185	0.01599	0.02112	0.04647	0.61730	0.08411	0.02488	0.01040	0.00331	0.00494	0.07959	0.00753	0.00669
14	0.01179	0.00791	0.00907	0.00907	0.00914	0.00799	0.00519	0.01194	0.01186	0.01590	0.02537	0.05199	0.02902	0.68071	0.07477	0.00814	0.00859	0.01164	0.00489	0.00504
15	0.69482	0.08824	0.01508	0.01100	0.01622	0.01964	0.00931	0.02390	0.01409	0.03462	0.01130	0.01316	0.00896	0.00747	0.00504	0.00243	0.00652	0.00439	0.00486	0.00896
16	0.00977	0.00823	0.00848	0.00841	0.01107	0.00693	0.00631	0.01200	0.01893	0.02295	0.13837	0.07639	0.60411	0.02016	0.00959	0.00272	0.00408	0.01689	0.00767	0.00693
17	0.02370	0.02470	0.02790	0.11725	0.34773	0.23440	0.02092	0.02762	0.01993	0.05802	0.01517	0.01890	0.01221	0.00786	0.00782	0.00235	0.01126	0.00663	0.00434	0.01131
18	0.02008	0.01928	0.03294	0.04981	0.66422	0.01928	0.02490	0.02490	0.01848	0.02651	0.01526	0.02008	0.01285	0.00723	0.00803	0.00241	0.00964	0.00723	0.00402	0.01285
19	0.01284	0.01053	0.01544	0.01472	0.01587	0.01313	0.01169	0.01551	0.01292	0.01898	0.01949	0.02901	0.01833	0.05139	0.54956	0.01112	0.15936	0.00837	0.00419	0.00758
20	0.02696	0.11133	0.06819	0.09084	0.02852	0.31111	0.01706	0.19719	0.02533	0.02890	0.01465	0.01669	0.01140	0.00851	0.00740	0.00224	0.01178	0.00596	0.00508	0.01087
21	0.01569	0.06754	0.49969	0.02061	0.03021	0.01732	0.02524	0.02347	0.01743	0.02497	0.02233	0.03239	0.04614	0.01076	0.00827	0.00274	0.01070	0.10930	0.00431	0.01091
22	0.01839	0.01644	0.02404	0.19452	0.22796	0.01702	0.01842	0.05606	0.09555	0.02711	0.01874	0.02479	0.01548	0.00859	0.00782	0.00234	0.00860	0.03913	0.00500	0.17400
23	0.02823	0.02465	0.02561	0.02921	0.24562	0.23371	0.01798	0.09000	0.02295	0.17562	0.01866	0.02000	0.01384	0.00849	0.00784	0.00233	0.01056	0.00680	0.00586	0.01205
24	0.01800	0.01854	0.03497	0.03522	0.26214	0.01818	0.27844	0.02313	0.01845	0.02527	0.02479	0.03070	0.09293	0.00968	0.01000	0.00270	0.04746	0.03390	0.00460	0.01089
25	0.01180	0.00787	0.00885	0.00885	0.00885	0.00787	0.00492	0.01180	0.01180	0.01573	0.02557	0.05310	0.02950	0.71483	0.04130	0.00787	0.00787	0.01180	0.00492	0.00492
26	0.01775	0.01775	0.02485	0.02130	0.02130	0.02485	0.01775	0.01953	0.01243	0.01953	0.01065	0.01775	0.01065	0.01420	0.02663	0.00355	0.69998	0.00710	0.00355	0.00888
27	0.02019	0.15146	0.38491	0.06479	0.03192	0.11214	0.02369	0.07459	0.01943	0.02549	0.01412	0.01658	0.01064	0.00786	0.00730	0.00236	0.01148	0.00580	0.00392	0.01132
28	0.01810	0.01745	0.15579	0.01482	0.01977	0.01212	0.01385	0.02452	0.09576	0.15772	0.10058	0.22873	0.07589	0.01545	0.00895	0.00280	0.00681	0.01337	0.00739	0.01013
29	0.01159	0.00869	0.01304	0.01304	0.01449	0.01014	0.01014	0.01449	0.01304	0.01884	0.02173	0.03188	0.02029	0.06086	0.68268	0.01304	0.02173	0.00869	0.00435	0.00724
30	0.00989	0.00706	0.00942	0.01130	0.01177	0.00659	0.00753	0.01130	0.01554	0.02071	0.04472	0.70954	0.05367	0.02542	0.01036	0.00330	0.00471	0.02307	0.00753	0.00659
31	0.02812	0.03408	0.02199	0.01996	0.02422	0.53925	0.01507	0.03472	0.15833	0.02290	0.01697	0.01801	0.01354	0.00893	0.00752	0.00223	0.01286	0.00608	0.00506	0.01015
32	0.01711	0.02877	0.32596	0.02764	0.19112	0.05841	0.02350	0.02349	0.01696	0.02406	0.01616	0.02092	0.01311	0.01911	0.15356	0.00476	0.01366	0.00685	0.00382	0.01103
33	0.02230	0.49301	0.06244	0.02096	0.12941	0.06878	0.01654	0.06224	0.01856	0.02258	0.01265	0.01484	0.01102	0.00728	0.00608	0.00194	0.00934	0.00512	0.00389	0.01103
34	0.02603	0.01938	0.02096	0.01689	0.02222	0.02120	0.01362	0.47728	0.07106	0.04415	0.02759	0.11799	0.05947	0.01262	0.00852	0.00259	0.00791	0.01017	0.00801	0.01233
35	0.01074	0.00760	0.01002	0.01165	0.01231	0.00728	0.00821	0.01240	0.01561	0.02070	0.04178	0.50415	0.04906	0.11904	0.01474	0.00400	0.00566	0.13134	0.00716	0.00653
