[name]
unknown

[dist]
# distance from previous block
# <min> <max>
18	34

[block]
# block no. 0 follows, 23 sequences, length 23
# corresponding to MSA columns:
# 37-59
name=unknown_A
#
# <colnr> <probs for GDERKNQSTAVLIFYWHMCP>
#	G	D	E	R	K	N	Q	S	T	A	V	L	I	F	Y	W	H	M	C	P
0	0.24717	0.01884	0.02110	0.06079	0.19059	0.08248	0.01549	0.02988	0.12054	0.11008	0.01875	0.02018	0.01414	0.00844	0.00712	0.00249	0.00832	0.00662	0.00575	0.01121
1	0.06741	0.02010	0.18093	0.01515	0.02140	0.01393	0.01488	0.06630	0.06352	0.14553	0.06340	0.09766	0.12986	0.01265	0.00825	0.00258	0.00739	0.01042	0.00680	0.05186
2	0.13601	0.05304	0.27210	0.02945	0.22093	0.01913	0.07989	0.02478	0.01739	0.02764	0.03696	0.01922	0.01334	0.00774	0.00753	0.00250	0.01014	0.00669	0.00411	0.01144
3	0.35160	0.01756	0.02223	0.02590	0.22802	0.01904	0.05714	0.02757	0.12254	0.03209	0.01658	0.01888	0.01303	0.00797	0.00685	0.00253	0.00789	0.00647	0.00518	0.01093
4	0.07668	0.02826	0.02107	0.02062	0.07837	0.38332	0.01438	0.10336	0.02203	0.02490	0.01561	0.02128	0.01382	0.10214	0.03753	0.00336	0.01231	0.00659	0.00482	0.00955
5	0.11662	0.01899	0.01651	0.01418	0.01826	0.12826	0.01103	0.21118	0.05314	0.03391	0.02409	0.02760	0.05985	0.07672	0.01037	0.00283	0.00803	0.00782	0.15075	0.00988
6	0.01772	0.01696	0.01848	0.01957	0.09854	0.12580	0.01327	0.06123	0.01804	0.02341	0.02352	0.20100	0.02432	0.02316	0.13934	0.00462	0.07648	0.01108	0.00533	0.07813
7	0.01336	0.00967	0.01106	0.01096	0.01245	0.00961	0.00748	0.09695	0.01780	0.02333	0.04065	0.28557	0.13758	0.26209	0.02068	0.00468	0.00629	0.01604	0.00670	0.00703
8	0.02128	0.06366	0.01996	0.02005	0.11899	0.23274	0.01336	0.02581	0.06170	0.02476	0.01923	0.02266	0.01576	0.01357	0.07081	0.00314	0.01042	0.00677	0.22584	0.00950
9	0.02132	0.67285	0.08610	0.01452	0.02181	0.03119	0.01500	0.02439	0.01653	0.01955	0.01151	0.01330	0.01040	0.00700	0.00538	0.00179	0.00891	0.00445	0.00347	0.01052
10	0.01695	0.12665	0.59405	0.02197	0.03333	0.02050	0.02797	0.02552	0.01705	0.02487	0.01415	0.01662	0.01030	0.00761	0.00740	0.00247	0.01158	0.00579	0.00343	0.01179
11	0.02334	0.09386	0.14863	0.06043	0.02689	0.17753	0.01789	0.17908	0.02291	0.02854	0.01569	0.01971	0.01279	0.04987	0.04196	0.00319	0.05549	0.00657	0.00493	0.01070
12	0.00989	0.00706	0.00942	0.01130	0.01177	0.00659	0.00753	0.01130	0.01554	0.02071	0.04472	0.70954	0.05367	0.02542	0.01036	0.00330	0.00471	0.02307	0.00753	0.00659
13	0.02008	0.01928	0.03294	0.04981	0.66422	0.01928	0.02490	0.02490	0.01848	0.02651	0.01526	0.02008	0.01285	0.00723	0.00803	0.00241	0.00964	0.00723	0.00402	0.01285
14	0.01989	0.01868	0.03111	0.15159	0.53310	0.01939	0.02402	0.05648	0.01915	0.02688	0.01535	0.02030	0.01258	0.00750	0.00805	0.00246	0.00979	0.00723	0.00417	0.01229
15	0.03271	0.02264	0.02214	0.01760	0.02358	0.14637	0.01424	0.31040	0.02998	0.26349	0.02257	0.02142	0.01538	0.00958	0.00798	0.00240	0.00931	0.00721	0.00804	0.01296
16	0.01180	0.00787	0.00885	0.00885	0.00885	0.00787	0.00492	0.01180	0.01180	0.01573	0.02557	0.05310	0.02950	0.71483	0.04130	0.00787	0.00787	0.01180	0.00492	0.00492
17	0.01717	0.03793	0.58725	0.02171	0.03265	0.01765	0.02734	0.02582	0.01791	0.06534	0.06025	0.02078	0.01546	0.00847	0.00787	0.00256	0.01112	0.00673	0.00421	0.01180
18	0.01829	0.01745	0.02969	0.29330	0.43475	0.01881	0.02401	0.02333	0.01763	0.02433	0.01495	0.02067	0.01208	0.00756	0.00806	0.00252	0.01008	0.00722	0.00386	0.01140
19	0.00979	0.00823	0.00850	0.00843	0.01108	0.00694	0.00632	0.01204	0.01897	0.02306	0.14408	0.07622	0.59834	0.02013	0.00959	0.00272	0.00408	0.01686	0.00768	0.00694
20	0.03247	0.02011	0.02273	0.01743	0.02386	0.02128	0.01440	0.46205	0.03378	0.23243	0.02315	0.02187	0.01564	0.00983	0.00813	0.00246	0.00834	0.00756	0.00868	0.01380
21	0.01490	0.01323	0.01761	0.02217	0.20026	0.01315	0.01325	0.02193	0.14032	0.02609	0.07365	0.05233	0.29672	0.01485	0.00897	0.00270	0.00631	0.04506	0.00672	0.00979
22	0.77215	0.01569	0.01193	0.01067	0.01569	0.01820	0.00879	0.02385	0.01381	0.03641	0.01130	0.01318	0.00879	0.00753	0.00502	0.00251	0.00628	0.00439	0.00502	0.00879

[dist]
# distance from previous block
# <min> <max>
0	23

[block]
# block no. 1 follows, 23 sequences, length 110
# corresponding to MSA columns:
# 83-192
name=unknown_B
#
# <colnr> <probs for GDERKNQSTAVLIFYWHMCP>
#	G	D	E	R	K	N	Q	S	T	A	V	L	I	F	Y	W	H	M	C	P
0	0.03013	0.02098	0.02138	0.01712	0.02282	0.10075	0.01383	0.31562	0.08427	0.20795	0.06256	0.02450	0.01986	0.01018	0.00813	0.00245	0.00856	0.00789	0.00820	0.01280
1	0.01683	0.01442	0.01683	0.01202	0.01923	0.01082	0.00961	0.02043	0.01683	0.02644	0.01442	0.01683	0.01202	0.00601	0.00601	0.00120	0.00601	0.00481	0.00481	0.76444
2	0.01683	0.01442	0.01683	0.01202	0.01923	0.01082	0.00961	0.02043	0.01683	0.02644	0.01442	0.01683	0.01202	0.00601	0.00601	0.00120	0.00601	0.00481	0.00481	0.76444
3	0.01532	0.01442	0.02434	0.69533	0.05589	0.01803	0.02253	0.02073	0.01622	0.02073	0.01442	0.02163	0.01082	0.00811	0.00811	0.00270	0.01082	0.00721	0.00361	0.00901
4	0.03641	0.01381	0.01883	0.01444	0.02071	0.01193	0.01193	0.03954	0.02322	0.66984	0.03201	0.02762	0.02009	0.01004	0.00816	0.00251	0.00690	0.00816	0.01004	0.01381
5	0.02071	0.02047	0.03232	0.04802	0.62485	0.06012	0.02433	0.02536	0.01875	0.02610	0.01510	0.01975	0.01271	0.00730	0.00799	0.00239	0.00995	0.00711	0.00403	0.01264
6	0.00959	0.00822	0.00822	0.00822	0.01096	0.00685	0.00617	0.01165	0.01850	0.02192	0.08220	0.07809	0.66092	0.02055	0.00959	0.00274	0.00411	0.01713	0.00754	0.00685
7	0.03031	0.03867	0.02299	0.02090	0.02508	0.68226	0.01568	0.03240	0.02299	0.01986	0.01254	0.01463	0.01045	0.00836	0.00732	0.00209	0.01463	0.00523	0.00418	0.00941
8	0.02949	0.02694	0.02559	0.02193	0.06531	0.20849	0.04477	0.40187	0.03182	0.03970	0.01714	0.01827	0.01274	0.00907	0.00796	0.00235	0.01079	0.00682	0.00658	0.01238
9	0.01001	0.00824	0.00881	0.00866	0.01122	0.00703	0.00650	0.01246	0.01949	0.02429	0.21129	0.07418	0.53035	0.01966	0.00959	0.00270	0.00405	0.01658	0.00785	0.00703
10	0.00979	0.00746	0.00901	0.01025	0.01149	0.00668	0.00707	0.01142	0.01654	0.02113	0.05750	0.49421	0.26075	0.02376	0.01010	0.00311	0.00450	0.02104	0.00753	0.00668
11	0.02978	0.08063	0.02420	0.02047	0.02482	0.64221	0.01557	0.03190	0.02259	0.01981	0.01246	0.01453	0.01045	0.00827	0.00719	0.00207	0.01427	0.00517	0.00414	0.00947
12	0.01180	0.00787	0.00885	0.00885	0.00885	0.00787	0.00492	0.01180	0.01180	0.01573	0.02557	0.05310	0.02950	0.71483	0.04130	0.00787	0.00787	0.01180	0.00492	0.00492
13	0.00989	0.00706	0.00942	0.01130	0.01177	0.00659	0.00753	0.01130	0.01554	0.02071	0.04472	0.70954	0.05367	0.02542	0.01036	0.00330	0.00471	0.02307	0.00753	0.00659
14	0.01064	0.00788	0.01009	0.01148	0.01280	0.00733	0.00855	0.01284	0.01721	0.02234	0.08065	0.40800	0.17537	0.02333	0.01036	0.00325	0.00519	0.15819	0.00758	0.00690
15	0.02124	0.01896	0.02511	0.18271	0.15935	0.05202	0.01893	0.16365	0.05263	0.02961	0.01633	0.02052	0.01297	0.00973	0.01165	0.00269	0.14700	0.00723	0.03667	0.01100
16	0.03085	0.02273	0.02435	0.01867	0.02516	0.02516	0.01542	0.63716	0.03815	0.05114	0.01948	0.01948	0.01380	0.00974	0.00812	0.00244	0.00893	0.00731	0.00812	0.01380
17	0.02414	0.02881	0.06818	0.03604	0.35741	0.29731	0.02135	0.02810	0.02029	0.02367	0.01408	0.01762	0.01169	0.00773	0.00771	0.00229	0.01188	0.00631	0.00405	0.01135
18	0.01056	0.00848	0.00961	0.01021	0.01261	0.00752	0.00813	0.01305	0.01841	0.02252	0.06972	0.10999	0.46462	0.02128	0.01007	0.00304	0.00506	0.18059	0.00752	0.00701
19	0.00989	0.00706	0.00942	0.01130	0.01177	0.00659	0.00753	0.01130	0.01554	0.02071	0.04472	0.70954	0.05367	0.02542	0.01036	0.00330	0.00471	0.02307	0.00753	0.00659
20	0.02576	0.10949	0.02695	0.04949	0.02576	0.13951	0.04376	0.28938	0.02639	0.03351	0.01582	0.01839	0.01248	0.01194	0.04172	0.00296	0.10299	0.00671	0.00569	0.01131
21	0.02623	0.02181	0.01946	0.01669	0.02148	0.17294	0.01309	0.14885	0.23452	0.12093	0.02487	0.02424	0.01830	0.00985	0.00772	0.00241	0.00859	0.00759	0.08865	0.01178
22	0.02215	0.02893	0.15503	0.05697	0.17172	0.21516	0.02028	0.03134	0.16653	0.02586	0.01842	0.02032	0.01431	0.00858	0.00781	0.00244	0.01089	0.00684	0.00492	0.01149
23	0.01409	0.00705	0.01057	0.01057	0.01057	0.00705	0.00705	0.01057	0.01057	0.01409	0.01409	0.02467	0.01409	0.02819	0.03171	0.76392	0.00705	0.00705	0.00352	0.00352
24	0.02877	0.02170	0.02318	0.01825	0.02437	0.02419	0.01492	0.52151	0.15718	0.04779	0.02212	0.02158	0.01594	0.00999	0.00814	0.00250	0.00844	0.00767	0.00814	0.01361
25	0.02008	0.01928	0.03294	0.04981	0.66422	0.01928	0.02490	0.02490	0.01848	0.02651	0.01526	0.02008	0.01285	0.00723	0.00803	0.00241	0.00964	0.00723	0.00402	0.01285
26	0.08357	0.01100	0.01265	0.01273	0.01482	0.01139	0.00924	0.13844	0.01993	0.02827	0.03659	0.50715	0.04155	0.02063	0.00942	0.00305	0.00570	0.01819	0.00742	0.00824
27	0.05186	0.03572	0.48556	0.02533	0.03605	0.01924	0.18069	0.02569	0.01748	0.02626	0.01488	0.01814	0.01072	0.00748	0.00805	0.00261	0.01215	0.00682	0.00367	0.01158
28	0.00992	0.00827	0.00871	0.00896	0.01153	0.00707	0.00685	0.01210	0.01839	0.02208	0.07705	0.10579	0.57949	0.02092	0.00977	0.00285	0.00444	0.07137	0.00753	0.00690
29	0.00959	0.00822	0.00822	0.00822	0.01096	0.00685	0.00617	0.01165	0.01850	0.02192	0.08220	0.07809	0.66092	0.02055	0.00959	0.00274	0.00411	0.01713	0.00754	0.00685
30	0.02169	0.71972	0.04252	0.01388	0.02083	0.03211	0.01388	0.02430	0.01649	0.01909	0.01128	0.01302	0.01041	0.00694	0.00521	0.00174	0.00868	0.00434	0.00347	0.01041
31	0.01627	0.04197	0.67279	0.02313	0.03512	0.01884	0.02998	0.02570	0.01713	0.02570	0.01456	0.01713	0.01028	0.00771	0.00771	0.00257	0.01199	0.00600	0.00343	0.01199
32	0.01054	0.00795	0.00990	0.01120	0.01269	0.00731	0.00840	0.01269	0.01718	0.02192	0.05590	0.37021	0.23984	0.02321	0.01032	0.00323	0.00517	0.15794	0.00752	0.00688
33	0.01159	0.00869	0.01304	0.01304	0.01449	0.01014	0.01014	0.01449	0.01304	0.01884	0.02173	0.03188	0.02029	0.06086	0.68268	0.01304	0.02173	0.00869	0.00435	0.00724
34	0.01964	0.01883	0.03214	0.10930	0.60815	0.01916	0.02468	0.02452	0.01827	0.02598	0.01519	0.02023	0.01267	0.00731	0.00804	0.00244	0.00975	0.00723	0.00398	0.01250
35	0.01532	0.01442	0.02434	0.69533	0.05589	0.01803	0.02253	0.02073	0.01622	0.02073	0.01442	0.02163	0.01082	0.00811	0.00811	0.00270	0.01082	0.00721	0.00361	0.00901
36	0.01817	0.01765	0.03099	0.29644	0.37378	0.01891	0.07957	0.02340	0.01767	0.02424	0.01504	0.02084	0.01202	0.00753	0.00820	0.00255	0.01046	0.00744	0.00387	0.01120
37	0.01067	0.00831	0.00971	0.00950	0.01180	0.00736	0.00722	0.01365	0.02064	0.02710	0.35551	0.07043	0.35211	0.01875	0.00966	0.00270	0.00414	0.04529	0.00820	0.00726
38	0.02169	0.71972	0.04252	0.01388	0.02083	0.03211	0.01388	0.02430	0.01649	0.01909	0.01128	0.01302	0.01041	0.00694	0.00521	0.00174	0.00868	0.00434	0.00347	0.01041
39	0.02103	0.02108	0.03201	0.04712	0.60483	0.08088	0.02405	0.02560	0.01890	0.02589	0.01501	0.01958	0.01263	0.00733	0.00797	0.00238	0.01010	0.00704	0.00403	0.01253
40	0.01866	0.02430	0.18159	0.09061	0.26890	0.01941	0.12305	0.02764	0.11265	0.02686	0.01788	0.02135	0.01378	0.00792	0.00825	0.00258	0.01046	0.00761	0.00449	0.01202
41	0.00989	0.00706	0.00942	0.01130	0.01177	0.00659	0.00753	0.01130	0.01554	0.02071	0.04472	0.70954	0.05367	0.02542	0.01036	0.00330	0.00471	0.02307	0.00753	0.00659
42	0.02833	0.02097	0.02264	0.01786	0.02369	0.02314	0.01454	0.54937	0.06430	0.04741	0.02254	0.08643	0.01815	0.01131	0.00834	0.00253	0.00841	0.00891	0.00807	0.01306
43	0.01180	0.00787	0.00885	0.00885	0.00885	0.00787	0.00492	0.01180	0.01180	0.01573	0.02557	0.05310	0.02950	0.71483	0.04130	0.00787	0.00787	0.01180	0.00492	0.00492
44	0.01775	0.01775	0.02485	0.02130	0.02130	0.02485	0.01775	0.01953	0.01243	0.01953	0.01065	0.01775	0.01065	0.01420	0.02663	0.00355	0.69998	0.00710	0.00355	0.00888
45	0.00982	0.00733	0.00914	0.01058	0.01158	0.00665	0.00721	0.01138	0.01623	0.02099	0.05346	0.56236	0.19521	0.02429	0.01018	0.00317	0.00457	0.02168	0.00753	0.00665
46	0.02917	0.03677	0.02316	0.02094	0.02474	0.62261	0.01587	0.03123	0.02204	0.01983	0.01237	0.01492	0.01047	0.00889	0.00907	0.00222	0.07681	0.00540	0.00412	0.00936
47	0.01265	0.00855	0.01122	0.01041	0.01252	0.00786	0.00786	0.01645	0.02298	0.06236	0.63055	0.05907	0.07392	0.01628	0.00950	0.00255	0.00397	0.01437	0.00898	0.00794
48	0.00989	0.00706	0.00942	0.01130	0.01177	0.00659	0.00753	0.01130	0.01554	0.02071	0.04472	0.70954	0.05367	0.02542	0.01036	0.00330	0.00471	0.02307	0.00753	0.00659
49	0.01159	0.00869	0.01304	0.01304	0.01449	0.01014	0.01014	0.01449	0.01304	0.01884	0.02173	0.03188	0.02029	0.06086	0.68268	0.01304	0.02173	0.00869	0.00435	0.00724
50	0.77215	0.01569	0.01193	0.01067	0.01569	0.01820	0.00879	0.02385	0.01381	0.03641	0.01130	0.01318	0.00879	0.00753	0.00502	0.00251	0.00628	0.00439	0.00502	0.00879
51	0.01066	0.00761	0.01030	0.01218	0.01299	0.00726	0.00887	0.01263	0.01630	0.02158	0.04430	0.56017	0.05198	0.02469	0.01056	0.00340	0.00538	0.16482	0.00752	0.00680
52	0.77215	0.01569	0.01193	0.01067	0.01569	0.01820	0.00879	0.02385	0.01381	0.03641	0.01130	0.01318	0.00879	0.00753	0.00502	0.00251	0.00628	0.00439	0.00502	0.00879
53	0.03085	0.02273	0.02435	0.01867	0.02516	0.02516	0.01542	0.63716	0.03815	0.05114	0.01948	0.01948	0.01380	0.00974	0.00812	0.00244	0.00893	0.00731	0.00812	0.01380
54	0.02008	0.01928	0.03294	0.04981	0.66422	0.01928	0.02490	0.02490	0.01848	0.02651	0.01526	0.02008	0.01285	0.00723	0.00803	0.00241	0.00964	0.00723	0.00402	0.01285
55	0.77215	0.01569	0.01193	0.01067	0.01569	0.01820	0.00879	0.02385	0.01381	0.03641	0.01130	0.01318	0.00879	0.00753	0.00502	0.00251	0.00628	0.00439	0.00502	0.00879
56	0.00968	0.00785	0.00860	0.00920	0.01122	0.00677	0.00660	0.01153	0.01755	0.02153	0.07023	0.27980	0.46694	0.02211	0.00983	0.00292	0.00430	0.01902	0.00753	0.00677
57	0.02130	0.02366	0.02433	0.02119	0.02237	0.21063	0.01717	0.02317	0.01541	0.01962	0.01119	0.01687	0.01060	0.01255	0.02117	0.00314	0.50631	0.00657	0.00373	0.00903
58	0.01018	0.00727	0.00975	0.01163	0.01223	0.00684	0.00804	0.01180	0.01582	0.02104	0.04456	0.65322	0.05303	0.02515	0.01043	0.00334	0.00496	0.07652	0.00753	0.00667
59	0.02552	0.03092	0.02342	0.23654	0.03493	0.46988	0.01787	0.02867	0.02083	0.02014	0.01314	0.01687	0.01057	0.00828	0.00757	0.00229	0.01341	0.00586	0.00400	0.00928
60	0.01880	0.01797	0.03061	0.22425	0.49982	0.01894	0.02426	0.02378	0.01787	0.02495	0.01504	0.02050	0.01230	0.00747	0.00805	0.00249	0.00996	0.00722	0.00391	0.01182
61	0.02008	0.01928	0.03294	0.04981	0.66422	0.01928	0.02490	0.02490	0.01848	0.02651	0.01526	0.02008	0.01285	0.00723	0.00803	0.00241	0.00964	0.00723	0.00402	0.01285
62	0.77215	0.01569	0.01193	0.01067	0.01569	0.01820	0.00879	0.02385	0.01381	0.03641	0.01130	0.01318	0.00879	0.00753	0.00502	0.00251	0.00628	0.00439	0.00502	0.00879
63	0.00959	0.00822	0.00822	0.00822	0.01096	0.00685	0.00617	0.01165	0.01850	0.02192	0.08220	0.07809	0.66092	0.02055	0.00959	0.00274	0.00411	0.01713	0.00754	0.00685
64	0.00990	0.00823	0.00865	0.00855	0.01115	0.00698	0.00641	0.01225	0.01923	0.02367	0.17743	0.07521	0.56460	0.01990	0.00959	0.00271	0.00406	0.01672	0.00777	0.00698
65	0.02758	0.02079	0.02260	0.01712	0.02378	0.02182	0.01407	0.49341	0.03318	0.04538	0.01830	0.01886	0.01338	0.00887	0.00763	0.00215	0.00825	0.00672	0.00735	0.18876
66	0.01683	0.01442	0.01683	0.01202	0.01923	0.01082	0.00961	0.02043	0.01683	0.02644	0.01442	0.01683	0.01202	0.00601	0.00601	0.00120	0.00601	0.00481	0.00481	0.76444
67	0.01066	0.00826	0.00970	0.00934	0.01161	0.00730	0.00700	0.01371	0.02101	0.02790	0.40729	0.06826	0.33211	0.01832	0.00958	0.00263	0.00395	0.01575	0.00832	0.00730
68	0.00989	0.00706	0.00942	0.01130	0.01177	0.00659	0.00753	0.01130	0.01554	0.02071	0.04472	0.70954	0.05367	0.02542	0.01036	0.00330	0.00471	0.02307	0.00753	0.00659
69	0.01180	0.00787	0.00885	0.00885	0.00885	0.00787	0.00492	0.01180	0.01180	0.01573	0.02557	0.05310	0.02950	0.71483	0.04130	0.00787	0.00787	0.01180	0.00492	0.00492
70	0.01297	0.01163	0.02105	0.01808	0.02098	0.01157	0.17792	0.01636	0.01566	0.02150	0.02921	0.29198	0.03108	0.03252	0.24005	0.00648	0.01295	0.01451	0.00552	0.00799
71	0.01683	0.01442	0.01683	0.01202	0.01923	0.01082	0.00961	0.02043	0.01683	0.02644	0.01442	0.01683	0.01202	0.00601	0.00601	0.00120	0.00601	0.00481	0.00481	0.76444
72	0.00989	0.00706	0.00942	0.01130	0.01177	0.00659	0.00753	0.01130	0.01554	0.02071	0.04472	0.70954	0.05367	0.02542	0.01036	0.00330	0.00471	0.02307	0.00753	0.00659
73	0.01086	0.00792	0.01041	0.01196	0.01317	0.00747	0.00900	0.01314	0.01714	0.02244	0.07691	0.42603	0.12273	0.02357	0.01048	0.00333	0.00541	0.19353	0.00758	0.00693
74	0.02169	0.71972	0.04252	0.01388	0.02083	0.03211	0.01388	0.02430	0.01649	0.01909	0.01128	0.01302	0.01041	0.00694	0.00521	0.00174	0.00868	0.00434	0.00347	0.01041
75	0.01159	0.00869	0.01304	0.01304	0.01449	0.01014	0.01014	0.01449	0.01304	0.01884	0.02173	0.03188	0.02029	0.06086	0.68268	0.01304	0.02173	0.00869	0.00435	0.00724
76	0.05998	0.24558	0.20905	0.01846	0.02592	0.11530	0.01880	0.13553	0.02112	0.02766	0.01381	0.01577	0.01092	0.00822	0.00771	0.00226	0.04269	0.00558	0.00447	0.01117
77	0.01915	0.02189	0.04788	0.03420	0.04241	0.02052	0.63475	0.02599	0.01915	0.02599	0.01642	0.02189	0.01231	0.00684	0.00958	0.00274	0.01368	0.00958	0.00410	0.01094
78	0.01180	0.00787	0.00885	0.00885	0.00885	0.00787	0.00492	0.01180	0.01180	0.01573	0.02557	0.05310	0.02950	0.71483	0.04130	0.00787	0.00787	0.01180	0.00492	0.00492
79	0.01903	0.01578	0.02621	0.12123	0.34788	0.01586	0.04802	0.02364	0.01967	0.08812	0.16176	0.03020	0.02757	0.00970	0.00847	0.00251	0.00842	0.00910	0.00564	0.01118
80	0.01381	0.01030	0.01335	0.01298	0.01513	0.01181	0.01007	0.02086	0.14174	0.02345	0.02466	0.03133	0.02126	0.04373	0.45352	0.00943	0.01618	0.00863	0.10934	0.00842
81	0.01032	0.00821	0.00867	0.00878	0.01083	0.00724	0.00630	0.01200	0.01695	0.02062	0.06658	0.07309	0.47591	0.18249	0.01708	0.00400	0.00519	0.05238	0.00692	0.00644
82	0.01148	0.00829	0.01085	0.01021	0.01212	0.00766	0.00766	0.01531	0.02297	0.03254	0.65994	0.06061	0.07656	0.01659	0.00957	0.00255	0.00383	0.01467	0.00893	0.00766
83	0.01919	0.02252	0.08289	0.03716	0.18689	0.02013	0.45535	0.02572	0.01887	0.02609	0.01603	0.02117	0.01231	0.00698	0.00910	0.00265	0.01263	0.00881	0.00404	0.01145
84	0.01131	0.00829	0.01060	0.01003	0.01202	0.00758	0.00752	0.01497	0.02256	0.03156	0.60670	0.06222	0.13041	0.01695	0.00957	0.00257	0.00385	0.01490	0.00880	0.00758
85	0.01308	0.00934	0.01308	0.01494	0.01681	0.00934	0.01308	0.01681	0.01868	0.02428	0.04296	0.09153	0.04670	0.02242	0.01121	0.00374	0.00747	0.60960	0.00747	0.00747
86	0.01895	0.02243	0.11170	0.03935	0.33536	0.01921	0.24984	0.02501	0.01875	0.02647	0.04180	0.02205	0.01494	0.00752	0.00863	0.00255	0.01117	0.00826	0.00418	0.01184
87	0.01145	0.00849	0.00963	0.00920	0.01181	0.00736	0.00695	0.01419	0.02030	0.05439	0.28572	0.06963	0.42445	0.01867	0.00952	0.00266	0.00413	0.01586	0.00814	0.00745
88	0.03641	0.01381	0.01883	0.01444	0.02071	0.01193	0.01193	0.03954	0.02322	0.66984	0.03201	0.02762	0.02009	0.01004	0.00816	0.00251	0.00690	0.00816	0.01004	0.01381
89	0.02169	0.71972	0.04252	0.01388	0.02083	0.03211	0.01388	0.02430	0.01649	0.01909	0.01128	0.01302	0.01041	0.00694	0.00521	0.00174	0.00868	0.00434	0.00347	0.01041
90	0.01791	0.01706	0.02900	0.34494	0.38609	0.01871	0.02382	0.02300	0.01745	0.02387	0.01488	0.02079	0.01192	0.00763	0.00807	0.00254	0.01018	0.00722	0.00383	0.01110
91	0.01627	0.04197	0.67279	0.02313	0.03512	0.01884	0.02998	0.02570	0.01713	0.02570	0.01456	0.01713	0.01028	0.00771	0.00771	0.00257	0.01199	0.00600	0.00343	0.01199
92	0.01762	0.01676	0.02848	0.38412	0.34917	0.01863	0.02368	0.02274	0.01731	0.02352	0.01483	0.02089	0.01180	0.00769	0.00807	0.00256	0.01025	0.00722	0.00380	0.01086
93	0.01891	0.01869	0.03248	0.09411	0.22958	0.01920	0.21695	0.02850	0.16545	0.02729	0.02103	0.05445	0.01712	0.00889	0.00869	0.00266	0.01007	0.00915	0.00515	0.01160
94	0.01691	0.00918	0.01229	0.01186	0.01411	0.00896	0.00886	0.01928	0.01661	0.16677	0.03430	0.23586	0.05986	0.07266	0.19916	0.00597	0.01004	0.01332	0.07561	0.00839
95	0.51764	0.02082	0.01555	0.01513	0.04800	0.17249	0.01140	0.02546	0.01647	0.03134	0.01372	0.01867	0.01170	0.00863	0.00608	0.00248	0.00845	0.04200	0.00493	0.00904
96	0.01274	0.01072	0.01136	0.01076	0.01388	0.01058	0.00820	0.02071	0.18971	0.02679	0.15711	0.06250	0.39980	0.01737	0.00923	0.00271	0.00469	0.01460	0.00794	0.00859
97	0.01703	0.01698	0.02834	0.02283	0.02530	0.02064	0.17907	0.02040	0.01449	0.02156	0.01460	0.02162	0.01305	0.01957	0.12679	0.00479	0.38136	0.00803	0.03444	0.00911
98	0.01742	0.03146	0.39244	0.03114	0.24676	0.01846	0.02628	0.02554	0.04696	0.02617	0.01900	0.02176	0.04403	0.00833	0.00794	0.00253	0.01055	0.00711	0.00405	0.01207
99	0.01850	0.02573	0.17255	0.03133	0.03990	0.02040	0.48245	0.02561	0.01841	0.02561	0.01576	0.02073	0.01182	0.00738	0.01004	0.00274	0.04731	0.00873	0.00394	0.01105
100	0.02661	0.02422	0.06119	0.02671	0.12864	0.18060	0.16099	0.03180	0.04890	0.19889	0.02014	0.02151	0.01449	0.00837	0.00824	0.00246	0.01104	0.00756	0.00586	0.01178
101	0.01852	0.25445	0.34444	0.02183	0.03108	0.02361	0.11927	0.02502	0.01703	0.02336	0.01363	0.01659	0.01066	0.00761	0.00804	0.00237	0.04166	0.00608	0.00355	0.01118
102	0.01175	0.00806	0.00983	0.00983	0.01016	0.00840	0.00613	0.01243	0.01209	0.01646	0.02467	0.04815	0.02735	0.56240	0.19079	0.00907	0.01110	0.01108	0.00478	0.00546
103	0.01079	0.00791	0.00933	0.00952	0.01081	0.00731	0.00646	0.01259	0.01714	0.02267	0.21060	0.18850	0.20466	0.22350	0.01901	0.00430	0.00525	0.01607	0.00714	0.00645
104	0.01767	0.02404	0.18438	0.20292	0.03418	0.09010	0.05100	0.02284	0.01654	0.02269	0.01501	0.02021	0.01197	0.01135	0.03792	0.00310	0.14495	0.00688	0.07259	0.00966
105	0.03046	0.03436	0.02336	0.02030	0.02511	0.50469	0.01561	0.19583	0.02709	0.02831	0.01442	0.01594	0.01136	0.00873	0.00753	0.00218	0.01309	0.00579	0.00524	0.01059
106	0.01141	0.00770	0.00896	0.00934	0.00944	0.00761	0.00544	0.01170	0.01255	0.01674	0.02942	0.18526	0.03437	0.57604	0.03507	0.00695	0.00723	0.01407	0.00544	0.00525
107	0.01180	0.00787	0.00885	0.00885	0.00885	0.00787	0.00492	0.01180	0.01180	0.01573	0.02557	0.05310	0.02950	0.71483	0.04130	0.00787	0.00787	0.01180	0.00492	0.00492
108	0.01880	0.01797	0.03061	0.22425	0.49982	0.01894	0.02426	0.02378	0.01787	0.02495	0.01504	0.02050	0.01230	0.00747	0.00805	0.00249	0.00996	0.00722	0.00391	0.01182
109	0.15530	0.01841	0.05541	0.03626	0.43059	0.01764	0.02001	0.02436	0.01799	0.05705	0.04763	0.02353	0.04482	0.00847	0.00762	0.00246	0.00850	0.00749	0.00482	0.01161

[dist]
# distance from previous block
# <min> <max>
0	0

# created by:
# /home/cegg/simao/soft/augustus-3.2.1/scripts/msa2prfl.pl ./align_prep/14212.fa
