[name]
unknown

[dist]
# distance from previous block
# <min> <max>
0	0

[block]
# block no. 0 follows, 20 sequences, length 11
# corresponding to MSA columns:
# 0-10
name=unknown_A
#
# <colnr> <probs for GDERKNQSTAVLIFYWHMCP>
#	G	D	E	R	K	N	Q	S	T	A	V	L	I	F	Y	W	H	M	C	P
0	0.01406	0.01004	0.01406	0.01606	0.01807	0.01004	0.01406	0.01807	0.02008	0.02610	0.04618	0.09839	0.05020	0.02410	0.01205	0.00402	0.00803	0.58032	0.00803	0.00803
1	0.02361	0.39514	0.15060	0.01843	0.02592	0.16202	0.01847	0.02772	0.01948	0.02237	0.01524	0.02058	0.01367	0.00900	0.00699	0.00225	0.01126	0.04202	0.00416	0.01108
2	0.01145	0.00794	0.00988	0.01109	0.01139	0.00764	0.00697	0.01236	0.01509	0.02012	0.03980	0.43435	0.04725	0.29497	0.02450	0.00552	0.00643	0.01993	0.00697	0.00636
3	0.01420	0.01034	0.01324	0.01444	0.07133	0.00930	0.00961	0.01744	0.02184	0.07303	0.27632	0.09988	0.29891	0.01866	0.01008	0.00285	0.00511	0.01610	0.00850	0.00881
4	0.02381	0.02539	0.03468	0.04538	0.45328	0.15547	0.08000	0.02858	0.02096	0.02694	0.01591	0.02054	0.01322	0.00799	0.00863	0.00255	0.01191	0.00756	0.00436	0.01284
5	0.01063	0.00759	0.01012	0.01215	0.01265	0.00709	0.00810	0.01215	0.01670	0.02227	0.04808	0.68775	0.05769	0.02733	0.01113	0.00354	0.00506	0.02480	0.00810	0.00709
6	0.02550	0.01392	0.01785	0.01562	0.01997	0.01404	0.01253	0.09965	0.07970	0.25491	0.03324	0.11232	0.02814	0.02554	0.14659	0.00532	0.01078	0.06415	0.00850	0.01172
7	0.02330	0.09268	0.13672	0.03454	0.25312	0.15675	0.07891	0.03001	0.06193	0.02659	0.01669	0.02005	0.01339	0.00832	0.00831	0.00254	0.01200	0.00719	0.00452	0.01244
8	0.01465	0.01317	0.02413	0.02016	0.02368	0.01391	0.17188	0.01891	0.01579	0.02233	0.02182	0.03137	0.01949	0.04975	0.48384	0.01103	0.02103	0.00960	0.00460	0.00886
9	0.34489	0.06826	0.02043	0.05247	0.06698	0.15417	0.01408	0.02756	0.01870	0.06168	0.01769	0.02532	0.01536	0.01010	0.00722	0.00269	0.00951	0.06725	0.00549	0.01016
10	0.03051	0.03101	0.02542	0.02372	0.08446	0.31311	0.01712	0.25862	0.03038	0.03536	0.02091	0.02218	0.04804	0.01019	0.00841	0.00246	0.01217	0.00742	0.00634	0.01216

[dist]
# distance from previous block
# <min> <max>
0	1

[block]
# block no. 1 follows, 20 sequences, length 189
# corresponding to MSA columns:
# 12-200
name=unknown_B
#
# <colnr> <probs for GDERKNQSTAVLIFYWHMCP>
#	G	D	E	R	K	N	Q	S	T	A	V	L	I	F	Y	W	H	M	C	P
0	0.01135	0.00904	0.01027	0.01091	0.01297	0.00831	0.00781	0.01497	0.06121	0.02460	0.09971	0.32053	0.33035	0.02322	0.01054	0.00317	0.00483	0.02021	0.00824	0.00775
1	0.02967	0.02239	0.02394	0.01903	0.02521	0.02495	0.01540	0.45971	0.16242	0.04908	0.02436	0.02528	0.01821	0.04653	0.01063	0.00300	0.00897	0.00853	0.00858	0.01412
2	0.01622	0.01485	0.02235	0.21274	0.06046	0.01860	0.01779	0.01993	0.01701	0.02408	0.12154	0.05742	0.02668	0.01933	0.08613	0.00440	0.23611	0.00995	0.00511	0.00928
3	0.01810	0.11271	0.58594	0.02383	0.03616	0.02173	0.03044	0.02747	0.01834	0.02689	0.01529	0.01796	0.01106	0.00820	0.00801	0.00267	0.01252	0.00626	0.00369	0.01272
4	0.01246	0.00935	0.01402	0.01402	0.01558	0.01090	0.01090	0.01558	0.01402	0.02025	0.02336	0.03427	0.02181	0.06542	0.65888	0.01402	0.02336	0.00935	0.00467	0.00779
5	0.02159	0.02073	0.03541	0.05354	0.63903	0.02073	0.02677	0.02677	0.01986	0.02850	0.01641	0.02159	0.01382	0.00777	0.00864	0.00259	0.01036	0.00777	0.00432	0.01382
6	0.02859	0.01896	0.02384	0.05906	0.11228	0.02000	0.01646	0.20070	0.15468	0.19403	0.05902	0.02817	0.02229	0.01075	0.00884	0.00273	0.00841	0.00891	0.00844	0.01384
7	0.01232	0.00885	0.01134	0.01264	0.01369	0.00856	0.00870	0.05471	0.01885	0.02526	0.07758	0.60717	0.05598	0.02563	0.01092	0.00343	0.00533	0.02311	0.00822	0.00770
8	0.01092	0.00816	0.01015	0.01114	0.01253	0.00739	0.00779	0.01314	0.01911	0.02525	0.18105	0.41829	0.19499	0.02413	0.01077	0.00324	0.00471	0.02143	0.00842	0.00739
9	0.01734	0.01639	0.02773	0.56731	0.15845	0.01961	0.02466	0.02305	0.01785	0.02334	0.01566	0.02297	0.01200	0.00856	0.00871	0.00285	0.01141	0.00776	0.00395	0.01039
10	0.01954	0.27501	0.43631	0.02137	0.03235	0.02527	0.02614	0.02709	0.01817	0.02513	0.01441	0.01686	0.01110	0.00800	0.00734	0.00245	0.01164	0.00582	0.00370	0.01229
11	0.02159	0.02073	0.03541	0.05354	0.63903	0.02073	0.02677	0.02677	0.01986	0.02850	0.01641	0.02159	0.01382	0.00777	0.00864	0.00259	0.01036	0.00777	0.00432	0.01382
12	0.02115	0.02724	0.17505	0.04559	0.47407	0.04926	0.02757	0.02733	0.01975	0.02798	0.01610	0.02060	0.01307	0.00794	0.00852	0.00261	0.01118	0.00737	0.00418	0.01344
13	0.02001	0.02946	0.24335	0.04043	0.31308	0.02085	0.15113	0.02730	0.01953	0.02809	0.01642	0.02094	0.01277	0.00786	0.00887	0.00272	0.01212	0.00786	0.00413	0.01307
14	0.03199	0.04058	0.02481	0.02249	0.02679	0.63042	0.01695	0.03422	0.02422	0.02133	0.01339	0.01588	0.01125	0.00927	0.00879	0.00232	0.04507	0.00571	0.00446	0.01009
15	0.02911	0.02259	0.13582	0.02574	0.15544	0.01773	0.01956	0.12353	0.02478	0.27928	0.02590	0.05988	0.01895	0.01055	0.00878	0.00272	0.00923	0.00886	0.00769	0.01386
16	0.15856	0.02952	0.30164	0.02720	0.16555	0.01881	0.02375	0.02668	0.01877	0.05711	0.05250	0.02470	0.01747	0.00943	0.00811	0.00276	0.01023	0.03018	0.00497	0.01207
17	0.01956	0.01863	0.03138	0.21584	0.44783	0.01958	0.02491	0.02474	0.01922	0.02655	0.02040	0.02570	0.04983	0.00887	0.00876	0.00270	0.01035	0.00839	0.00442	0.01234
18	0.01750	0.04512	0.64825	0.02486	0.03775	0.02026	0.03223	0.02762	0.01842	0.02762	0.01565	0.01842	0.01105	0.00829	0.00829	0.00276	0.01289	0.00645	0.00368	0.01289
19	0.01544	0.01418	0.02214	0.33734	0.14704	0.01561	0.01883	0.02005	0.01904	0.02464	0.07903	0.04220	0.18429	0.01278	0.00924	0.00285	0.00894	0.01118	0.00549	0.00970
20	0.01473	0.01146	0.01956	0.01758	0.02028	0.01065	0.13491	0.01761	0.01810	0.06716	0.04070	0.50140	0.04578	0.02195	0.01079	0.00336	0.00726	0.02061	0.00751	0.00862
21	0.03872	0.01552	0.02066	0.01584	0.02260	0.01382	0.01308	0.08232	0.02609	0.60368	0.03347	0.02908	0.02112	0.01077	0.00877	0.00269	0.00758	0.00871	0.01065	0.01484
22	0.03914	0.01484	0.02024	0.01552	0.02227	0.01282	0.01282	0.04251	0.02497	0.64507	0.03441	0.02969	0.02159	0.01080	0.00877	0.00270	0.00742	0.00877	0.01080	0.01484
23	0.01055	0.00865	0.00930	0.00955	0.01204	0.00740	0.00701	0.01283	0.01984	0.02443	0.13336	0.17649	0.49330	0.02251	0.01044	0.00302	0.00449	0.01916	0.00824	0.00740
24	0.01515	0.01205	0.01502	0.01577	0.05157	0.01247	0.01109	0.02438	0.18588	0.03186	0.28040	0.18696	0.05628	0.01796	0.01008	0.00303	0.00564	0.04587	0.00870	0.00982
25	0.01031	0.00884	0.00884	0.00884	0.01178	0.00736	0.00663	0.01252	0.01988	0.02356	0.08837	0.08395	0.63549	0.02209	0.01031	0.00295	0.00442	0.01841	0.00810	0.00736
26	0.02059	0.02353	0.05147	0.03676	0.04559	0.02206	0.60735	0.02794	0.02059	0.02794	0.01765	0.02353	0.01324	0.00735	0.01029	0.00294	0.01471	0.01029	0.00441	0.01176
27	0.02159	0.02073	0.03541	0.05354	0.63903	0.02073	0.02677	0.02677	0.01986	0.02850	0.01641	0.02159	0.01382	0.00777	0.00864	0.00259	0.01036	0.00777	0.00432	0.01382
28	0.01748	0.01115	0.01300	0.01196	0.01396	0.01272	0.00942	0.06128	0.01864	0.03093	0.02467	0.02976	0.02003	0.01698	0.08049	0.00365	0.11388	0.00816	0.49305	0.00879
29	0.01282	0.00892	0.01189	0.01189	0.01289	0.00978	0.00843	0.01481	0.01381	0.01985	0.02529	0.04281	0.02561	0.29997	0.37933	0.01106	0.01634	0.01053	0.05711	0.00686
30	0.01647	0.01550	0.02616	0.67248	0.06008	0.01938	0.02422	0.02229	0.01744	0.02229	0.01550	0.02326	0.01163	0.00872	0.00872	0.00291	0.01163	0.00775	0.00388	0.00969
31	0.75506	0.01687	0.01282	0.01147	0.01687	0.01957	0.00945	0.02564	0.01484	0.03914	0.01215	0.01417	0.00945	0.00810	0.00540	0.00270	0.00675	0.00472	0.00540	0.00945
32	0.01259	0.00885	0.01149	0.01149	0.01217	0.00953	0.00775	0.01395	0.01327	0.01838	0.02568	0.04709	0.02737	0.41825	0.31366	0.01089	0.01499	0.01122	0.00502	0.00638
33	0.01268	0.00992	0.01439	0.06263	0.08384	0.00973	0.01128	0.01560	0.01924	0.02635	0.19957	0.40215	0.05631	0.02136	0.01047	0.00318	0.00584	0.01934	0.00780	0.00830
34	0.01724	0.01593	0.08317	0.01453	0.01892	0.01348	0.01258	0.02745	0.18715	0.07714	0.33037	0.04976	0.08666	0.01491	0.00958	0.00281	0.00608	0.01281	0.00876	0.01068
35	0.01647	0.01550	0.02616	0.67248	0.06008	0.01938	0.02422	0.02229	0.01744	0.02229	0.01550	0.02326	0.01163	0.00872	0.00872	0.00291	0.01163	0.00775	0.00388	0.00969
36	0.01921	0.01813	0.03067	0.28731	0.38295	0.01960	0.02507	0.02457	0.01895	0.02599	0.01776	0.02661	0.01506	0.00906	0.00886	0.00279	0.01071	0.04043	0.00436	0.01191
37	0.02207	0.01750	0.02172	0.02395	0.15135	0.01875	0.01553	0.03755	0.35701	0.09717	0.03802	0.03641	0.10008	0.01216	0.00899	0.00285	0.00738	0.01038	0.00802	0.01311
38	0.01668	0.01611	0.01626	0.01579	0.01797	0.14675	0.01215	0.01962	0.01626	0.02048	0.02129	0.03038	0.01959	0.05358	0.52230	0.01155	0.02176	0.00856	0.00464	0.00828
39	0.01080	0.00803	0.01013	0.01173	0.01285	0.00735	0.00821	0.01264	0.01761	0.02281	0.05639	0.51935	0.17838	0.02600	0.01103	0.00345	0.00514	0.06279	0.00809	0.00721
40	0.01081	0.00871	0.00963	0.00970	0.01217	0.00753	0.00716	0.01338	0.02062	0.02603	0.20860	0.14878	0.44287	0.02172	0.01040	0.00297	0.00442	0.01854	0.00844	0.00753
41	0.01251	0.00916	0.01307	0.01307	0.01430	0.01039	0.00972	0.01497	0.01374	0.01955	0.02423	0.03908	0.02390	0.19797	0.52918	0.01284	0.02022	0.01005	0.00480	0.00726
42	0.02052	0.01963	0.03347	0.18339	0.51757	0.02044	0.02624	0.02583	0.01935	0.02719	0.01622	0.02194	0.01336	0.00797	0.00865	0.00266	0.01063	0.00777	0.00423	0.01295
43	0.01641	0.01742	0.06820	0.02111	0.02379	0.01908	0.09181	0.02009	0.01491	0.02204	0.01750	0.02593	0.01596	0.03465	0.28729	0.00788	0.27375	0.00860	0.00424	0.00933
44	0.01206	0.00840	0.01063	0.01120	0.01167	0.00859	0.00726	0.01314	0.01409	0.01912	0.03238	0.22882	0.03689	0.37442	0.16478	0.00825	0.01065	0.01537	0.00594	0.00632
45	0.01054	0.00792	0.00978	0.01127	0.01242	0.00716	0.00771	0.01224	0.01754	0.02261	0.05869	0.52868	0.20991	0.02595	0.01092	0.00339	0.00489	0.02311	0.00810	0.00716
46	0.02409	0.02547	0.03297	0.04646	0.49959	0.16601	0.02451	0.02861	0.02097	0.02687	0.01574	0.02025	0.01323	0.00805	0.00846	0.00251	0.01159	0.00728	0.00436	0.01297
47	0.01891	0.01946	0.02205	0.24286	0.03417	0.15168	0.01777	0.02261	0.01735	0.02127	0.01707	0.02466	0.01477	0.02771	0.21864	0.00643	0.10137	0.00780	0.00425	0.00915
48	0.01944	0.01141	0.01406	0.01306	0.01678	0.01059	0.01055	0.02447	0.07232	0.17992	0.13872	0.06668	0.23181	0.01827	0.01017	0.00308	0.00609	0.13355	0.00903	0.01001
49	0.02028	0.02030	0.03732	0.17936	0.37511	0.02076	0.16562	0.02611	0.01953	0.02706	0.01652	0.02240	0.01322	0.00787	0.00905	0.00274	0.01167	0.00837	0.00425	0.01246
50	0.07936	0.16351	0.10727	0.02059	0.02654	0.38080	0.01804	0.03089	0.02130	0.02323	0.01330	0.01581	0.01109	0.00888	0.00840	0.00235	0.04818	0.00558	0.00428	0.01059
51	0.08941	0.02379	0.03174	0.11029	0.10089	0.15314	0.18392	0.03106	0.02130	0.14217	0.01903	0.02199	0.01391	0.00862	0.00870	0.00269	0.01201	0.00795	0.00563	0.01175
52	0.01047	0.00868	0.00901	0.00922	0.01175	0.00739	0.00671	0.01249	0.01916	0.02307	0.08084	0.14639	0.54200	0.05863	0.01222	0.00330	0.00470	0.01878	0.00795	0.00722
53	0.02118	0.16113	0.30488	0.02586	0.03567	0.09870	0.17869	0.02828	0.01960	0.02564	0.01526	0.01862	0.01167	0.00797	0.00826	0.00258	0.01304	0.00703	0.00398	0.01195
54	0.01231	0.01068	0.01092	0.01144	0.01401	0.04226	0.00889	0.01483	0.01984	0.02384	0.07115	0.14871	0.41651	0.02239	0.01064	0.00320	0.00585	0.13702	0.00790	0.00762
55	0.01138	0.00771	0.00986	0.01152	0.01216	0.00730	0.00768	0.01307	0.01659	0.02300	0.04450	0.57222	0.05203	0.07264	0.01294	0.00373	0.00519	0.02214	0.08727	0.00707
56	0.05939	0.02150	0.07547	0.22932	0.03740	0.02160	0.01945	0.26402	0.02807	0.12829	0.02035	0.02247	0.01425	0.00967	0.00855	0.00274	0.01007	0.00770	0.00691	0.01278
57	0.01626	0.00813	0.00813	0.00813	0.01016	0.00813	0.00610	0.02033	0.01829	0.03252	0.02846	0.03252	0.02236	0.01016	0.00610	0.00203	0.00407	0.00813	0.74187	0.00813
58	0.02080	0.01989	0.03354	0.05040	0.59503	0.01979	0.02536	0.02577	0.01986	0.02815	0.02146	0.02596	0.05743	0.00878	0.00875	0.00262	0.00995	0.00852	0.00458	0.01336
59	0.01285	0.00877	0.01111	0.01111	0.01183	0.00935	0.00745	0.01431	0.01358	0.01927	0.02601	0.04679	0.02734	0.40955	0.27212	0.01009	0.01374	0.01111	0.05721	0.00643
60	0.01072	0.00766	0.01020	0.01208	0.01267	0.00715	0.00810	0.01237	0.01712	0.02294	0.07902	0.65490	0.05899	0.02683	0.01109	0.00350	0.00501	0.02432	0.00818	0.00715
61	0.01074	0.00764	0.01009	0.01200	0.01247	0.00716	0.00794	0.01218	0.01647	0.02196	0.04690	0.65178	0.05621	0.06533	0.01303	0.00382	0.00525	0.02411	0.00794	0.00698
62	0.02042	0.01953	0.03329	0.19505	0.50666	0.02042	0.02619	0.02575	0.01931	0.02708	0.01620	0.02197	0.01332	0.00799	0.00866	0.00266	0.01065	0.00777	0.00422	0.01287
63	0.02216	0.02182	0.03485	0.05191	0.60697	0.05413	0.02625	0.02719	0.02012	0.02812	0.01625	0.02128	0.01368	0.00784	0.00860	0.00257	0.01064	0.00766	0.00433	0.01362
64	0.01159	0.00828	0.01123	0.01325	0.01418	0.00792	0.00978	0.01382	0.01765	0.02335	0.04754	0.52163	0.05558	0.02642	0.01139	0.00368	0.00590	0.18138	0.00808	0.00735
65	0.02159	0.02073	0.03541	0.05354	0.63903	0.02073	0.02677	0.02677	0.01986	0.02850	0.01641	0.02159	0.01382	0.00777	0.00864	0.00259	0.01036	0.00777	0.00432	0.01382
66	0.01941	0.01926	0.03444	0.26883	0.28023	0.02091	0.13185	0.02498	0.01867	0.02565	0.01596	0.02236	0.01276	0.00856	0.01039	0.00285	0.05885	0.00822	0.00414	0.01167
67	0.02378	0.02601	0.16889	0.02912	0.03794	0.01995	0.33307	0.03062	0.02071	0.15780	0.02047	0.02354	0.01446	0.00865	0.01043	0.00289	0.04450	0.00904	0.00558	0.01254
68	0.01990	0.01900	0.03236	0.25780	0.44797	0.02028	0.02593	0.02529	0.01906	0.02645	0.01611	0.02214	0.01309	0.00809	0.00866	0.00270	0.01078	0.00777	0.00417	0.01245
69	0.01446	0.01045	0.01285	0.01349	0.01510	0.01048	0.00954	0.11372	0.02083	0.02782	0.04347	0.57445	0.05041	0.02446	0.01072	0.00339	0.00583	0.02192	0.00820	0.00840
70	0.05745	0.11232	0.50796	0.02392	0.03554	0.02188	0.06951	0.02738	0.01830	0.02749	0.01523	0.01807	0.01113	0.00812	0.00799	0.00268	0.01231	0.00643	0.00383	0.01245
71	0.02156	0.10138	0.29500	0.02731	0.03746	0.02162	0.24438	0.02917	0.01986	0.09269	0.01803	0.02108	0.01301	0.00812	0.00881	0.00273	0.01262	0.00795	0.00472	0.01250
72	0.02052	0.02333	0.05036	0.03614	0.04457	0.02227	0.58093	0.02763	0.02026	0.02763	0.01737	0.02333	0.01316	0.00771	0.01112	0.00298	0.04447	0.01017	0.00439	0.01166
73	0.02837	0.01521	0.02166	0.15604	0.07316	0.01515	0.01625	0.07261	0.02333	0.32696	0.03252	0.03770	0.05586	0.01221	0.00919	0.00289	0.00856	0.07150	0.00829	0.01253
74	0.01657	0.08687	0.01865	0.01384	0.01768	0.07905	0.05145	0.01966	0.02135	0.05555	0.18560	0.09283	0.27401	0.01695	0.00952	0.00273	0.00694	0.01437	0.00747	0.00890
75	0.01174	0.00849	0.01134	0.01321	0.01439	0.00809	0.00997	0.01414	0.01805	0.02363	0.05030	0.44914	0.09612	0.02588	0.01138	0.00366	0.00600	0.20896	0.00808	0.00742
76	0.01286	0.00978	0.01415	0.01394	0.01521	0.01147	0.01064	0.01551	0.01381	0.01986	0.02323	0.03634	0.02250	0.14292	0.54515	0.01274	0.05796	0.00968	0.00470	0.00757
77	0.01208	0.00863	0.01179	0.01381	0.01495	0.00834	0.01063	0.01466	0.01814	0.02390	0.04727	0.43745	0.05451	0.02596	0.01152	0.00374	0.00632	0.26073	0.00807	0.00749
78	0.03235	0.02403	0.02573	0.01991	0.02674	0.02667	0.01638	0.57041	0.08186	0.05368	0.02196	0.02176	0.01566	0.01057	0.00874	0.00264	0.00941	0.00799	0.00874	0.01476
79	0.02332	0.69869	0.04571	0.01493	0.02239	0.03451	0.01493	0.02612	0.01772	0.02052	0.01213	0.01399	0.01119	0.00746	0.00560	0.00187	0.00933	0.00466	0.00373	0.01119
80	0.03262	0.04056	0.02480	0.02233	0.02697	0.62125	0.01684	0.06869	0.02568	0.02333	0.01392	0.01604	0.01145	0.00908	0.00792	0.00227	0.01537	0.00575	0.00474	0.01039
81	0.03726	0.01443	0.01964	0.01520	0.02162	0.01250	0.01250	0.04068	0.02495	0.60228	0.07650	0.03218	0.02585	0.01129	0.00888	0.00270	0.00719	0.00926	0.01071	0.01438
82	0.01886	0.01627	0.01701	0.01553	0.01997	0.01813	0.01202	0.03792	0.47295	0.03327	0.04867	0.04535	0.17832	0.01439	0.00923	0.00296	0.00628	0.01199	0.00868	0.01220
83	0.02159	0.02073	0.03541	0.05354	0.63903	0.02073	0.02677	0.02677	0.01986	0.02850	0.01641	0.02159	0.01382	0.00777	0.00864	0.00259	0.01036	0.00777	0.00432	0.01382
84	0.01031	0.00884	0.00884	0.00884	0.01178	0.00736	0.00663	0.01252	0.01988	0.02356	0.08837	0.08395	0.63549	0.02209	0.01031	0.00295	0.00442	0.01841	0.00810	0.00736
85	0.02059	0.02353	0.05147	0.03676	0.04559	0.02206	0.60735	0.02794	0.02059	0.02794	0.01765	0.02353	0.01324	0.00735	0.01029	0.00294	0.01471	0.01029	0.00441	0.01176
86	0.02159	0.02073	0.03541	0.05354	0.63903	0.02073	0.02677	0.02677	0.01986	0.02850	0.01641	0.02159	0.01382	0.00777	0.00864	0.00259	0.01036	0.00777	0.00432	0.01382
87	0.01410	0.01145	0.01287	0.01241	0.01551	0.01146	0.00964	0.02261	0.17154	0.03017	0.21977	0.06755	0.27054	0.01859	0.01013	0.00301	0.00534	0.07533	0.00870	0.00928
88	0.01268	0.00850	0.00971	0.00971	0.00978	0.00856	0.00553	0.01281	0.01274	0.01706	0.02731	0.05609	0.03128	0.66624	0.07102	0.00870	0.00910	0.01254	0.00526	0.00539
89	0.01647	0.01550	0.02616	0.67248	0.06008	0.01938	0.02422	0.02229	0.01744	0.02229	0.01550	0.02326	0.01163	0.00872	0.00872	0.00291	0.01163	0.00775	0.00388	0.00969
90	0.75506	0.01687	0.01282	0.01147	0.01687	0.01957	0.00945	0.02564	0.01484	0.03914	0.01215	0.01417	0.00945	0.00810	0.00540	0.00270	0.00675	0.00472	0.00540	0.00945
91	0.01257	0.00890	0.01176	0.01176	0.01253	0.00967	0.00808	0.01412	0.01335	0.01857	0.02543	0.04573	0.02678	0.38084	0.35026	0.01123	0.01588	0.01102	0.00498	0.00653
92	0.01268	0.00927	0.01367	0.01367	0.01526	0.01074	0.01062	0.01586	0.01427	0.02097	0.02366	0.03417	0.02184	0.06217	0.62045	0.01331	0.02223	0.00927	0.04808	0.00781
93	0.03316	0.02443	0.02618	0.02007	0.02705	0.02705	0.01658	0.60995	0.04101	0.05497	0.02094	0.02094	0.01483	0.01047	0.00873	0.00262	0.00960	0.00785	0.00873	0.01483
94	0.01647	0.01550	0.02616	0.67248	0.06008	0.01938	0.02422	0.02229	0.01744	0.02229	0.01550	0.02326	0.01163	0.00872	0.00872	0.00291	0.01163	0.00775	0.00388	0.00969
95	0.02159	0.02073	0.03541	0.05354	0.63903	0.02073	0.02677	0.02677	0.01986	0.02850	0.01641	0.02159	0.01382	0.00777	0.00864	0.00259	0.01036	0.00777	0.00432	0.01382
96	0.01246	0.00935	0.01402	0.01402	0.01558	0.01090	0.01090	0.01558	0.01402	0.02025	0.02336	0.03427	0.02181	0.06542	0.65888	0.01402	0.02336	0.00935	0.00467	0.00779
97	0.01045	0.00884	0.00903	0.00899	0.01187	0.00742	0.00674	0.01279	0.02022	0.02436	0.12667	0.08263	0.59669	0.02179	0.01031	0.00293	0.00440	0.01822	0.00821	0.00742
98	0.01908	0.01908	0.02672	0.02290	0.02290	0.02672	0.01908	0.02099	0.01336	0.02099	0.01145	0.01908	0.01145	0.01527	0.02863	0.00382	0.67748	0.00763	0.00382	0.00954
99	0.02526	0.56084	0.04131	0.01651	0.02335	0.16540	0.01533	0.02795	0.01919	0.02070	0.01241	0.01436	0.01120	0.00778	0.00607	0.00195	0.01067	0.00486	0.00389	0.01097
100	0.01261	0.00874	0.01093	0.01093	0.01142	0.00923	0.00705	0.01359	0.01310	0.01796	0.02619	0.04991	0.02860	0.49595	0.23764	0.01021	0.01314	0.01163	0.00509	0.00607
101	0.01267	0.00850	0.00974	0.00974	0.00982	0.00858	0.00557	0.01283	0.01275	0.01708	0.02728	0.05593	0.03121	0.66180	0.07536	0.00874	0.00921	0.01252	0.00525	0.00541
102	0.01998	0.01894	0.03213	0.20270	0.46812	0.01989	0.02554	0.02526	0.01928	0.02687	0.01761	0.02567	0.01502	0.00878	0.00882	0.00274	0.01056	0.03516	0.00439	0.01253
103	0.01620	0.01384	0.02306	0.53379	0.04986	0.01690	0.02073	0.02000	0.01617	0.02079	0.01543	0.02394	0.01237	0.01325	0.01404	0.15884	0.01078	0.00771	0.00386	0.00845
104	0.02159	0.02073	0.03541	0.05354	0.63903	0.02073	0.02677	0.02677	0.01986	0.02850	0.01641	0.02159	0.01382	0.00777	0.00864	0.00259	0.01036	0.00777	0.00432	0.01382
105	0.01673	0.01849	0.09103	0.37252	0.07244	0.01784	0.08505	0.02274	0.01854	0.02452	0.02226	0.03857	0.01998	0.01173	0.00954	0.00312	0.01127	0.12874	0.00481	0.01007
106	0.02110	0.10434	0.24504	0.02904	0.03861	0.08860	0.29347	0.02836	0.01999	0.02637	0.01597	0.02002	0.01209	0.00784	0.00888	0.00270	0.01364	0.00794	0.00411	0.01190
107	0.01031	0.00884	0.00884	0.00884	0.01178	0.00736	0.00663	0.01252	0.01988	0.02356	0.08837	0.08395	0.63549	0.02209	0.01031	0.00295	0.00442	0.01841	0.00810	0.00736
108	0.01074	0.00901	0.00986	0.01012	0.01243	0.00812	0.00746	0.01280	0.01894	0.02318	0.07670	0.20761	0.48830	0.02290	0.01125	0.00311	0.03286	0.01929	0.00792	0.00740
109	0.01750	0.04512	0.64825	0.02486	0.03775	0.02026	0.03223	0.02762	0.01842	0.02762	0.01565	0.01842	0.01105	0.00829	0.00829	0.00276	0.01289	0.00645	0.00368	0.01289
110	0.01249	0.00947	0.01191	0.01317	0.01545	0.00890	0.01099	0.01571	0.01984	0.02497	0.06209	0.12117	0.27005	0.02350	0.01135	0.00359	0.00653	0.34302	0.00806	0.00774
111	0.02384	0.66203	0.04454	0.01535	0.02264	0.06933	0.01503	0.02661	0.01811	0.02057	0.01220	0.01409	0.01120	0.00755	0.00572	0.00189	0.00969	0.00472	0.00377	0.01113
112	0.03031	0.03099	0.06247	0.05948	0.13857	0.33551	0.01905	0.03397	0.02316	0.15659	0.01872	0.02031	0.01393	0.00910	0.00827	0.00247	0.01261	0.00684	0.00573	0.01194
113	0.01588	0.01453	0.01899	0.01755	0.01874	0.05327	0.01405	0.01853	0.01440	0.02057	0.01871	0.02800	0.01765	0.04499	0.40549	0.00985	0.24737	0.00855	0.00437	0.00852
114	0.01235	0.00892	0.01166	0.01097	0.01303	0.00823	0.00823	0.01646	0.02469	0.03498	0.63443	0.06516	0.08230	0.01783	0.01029	0.00274	0.00412	0.01578	0.00960	0.00823
115	0.02242	0.02261	0.03360	0.09360	0.53221	0.08961	0.02552	0.02733	0.02022	0.02729	0.01603	0.02107	0.01338	0.00797	0.00856	0.00258	0.01103	0.00754	0.00431	0.01313
116	0.06343	0.13781	0.34867	0.02004	0.03001	0.02043	0.02301	0.03135	0.01991	0.19567	0.02004	0.02057	0.01387	0.00883	0.00784	0.00260	0.01051	0.00671	0.00572	0.01298
117	0.02071	0.02319	0.04950	0.03882	0.11830	0.02190	0.53621	0.02780	0.02050	0.02801	0.01750	0.02329	0.01331	0.00740	0.01009	0.00290	0.01417	0.00999	0.00440	0.01202
118	0.02004	0.01955	0.03451	0.22622	0.41272	0.02049	0.08781	0.02563	0.01926	0.02669	0.01628	0.02227	0.01314	0.00799	0.00884	0.00272	0.01118	0.00803	0.00420	0.01244
119	0.19556	0.06945	0.06767	0.04808	0.02664	0.29066	0.01642	0.13372	0.02420	0.03185	0.01467	0.01673	0.01147	0.00890	0.00739	0.00246	0.01184	0.00591	0.00533	0.01104
120	0.01986	0.02253	0.06637	0.02784	0.21691	0.15087	0.01755	0.02454	0.04681	0.02500	0.03500	0.03816	0.16566	0.04550	0.05646	0.00370	0.01092	0.01022	0.00550	0.01061
121	0.01341	0.00983	0.01315	0.01481	0.01698	0.00958	0.01277	0.01711	0.02005	0.02566	0.05350	0.09589	0.15166	0.02375	0.01175	0.00383	0.00741	0.48291	0.00804	0.00792
122	0.01135	0.00811	0.01095	0.01297	0.01380	0.00771	0.00935	0.01340	0.01741	0.02308	0.04768	0.56336	0.05611	0.02665	0.01133	0.00364	0.00569	0.14205	0.00808	0.00728
123	0.01442	0.01340	0.02352	0.02007	0.02300	0.01367	0.17307	0.01777	0.01726	0.02353	0.03498	0.34289	0.06070	0.02432	0.07972	0.00447	0.08109	0.01715	0.00628	0.00871
124	0.52054	0.02585	0.21486	0.01573	0.02351	0.01979	0.01669	0.02627	0.01598	0.03548	0.01326	0.01552	0.00996	0.00816	0.00632	0.00272	0.00870	0.00527	0.00485	0.01054
125	0.01047	0.00819	0.00950	0.01055	0.01223	0.00722	0.00739	0.01233	0.01824	0.02289	0.06753	0.39626	0.33663	0.02480	0.01074	0.00325	0.00475	0.02171	0.00810	0.00722
126	0.01903	0.04298	0.60378	0.02420	0.03666	0.01973	0.03085	0.02868	0.01888	0.07135	0.01698	0.01921	0.01180	0.00846	0.00832	0.00276	0.01250	0.00661	0.00419	0.01303
127	0.01750	0.04512	0.64825	0.02486	0.03775	0.02026	0.03223	0.02762	0.01842	0.02762	0.01565	0.01842	0.01105	0.00829	0.00829	0.00276	0.01289	0.00645	0.00368	0.01289
128	0.02051	0.01962	0.03345	0.18418	0.51684	0.02044	0.02623	0.02582	0.01935	0.02719	0.01622	0.02194	0.01335	0.00797	0.00865	0.00266	0.01063	0.00777	0.00422	0.01295
129	0.01763	0.01870	0.07216	0.49599	0.18069	0.01973	0.02533	0.02361	0.01802	0.02398	0.01571	0.02256	0.01205	0.00849	0.00867	0.00283	0.01145	0.00766	0.00396	0.01079
130	0.01951	0.01919	0.02792	0.04003	0.43693	0.06250	0.02097	0.02373	0.02021	0.02674	0.03441	0.03696	0.17099	0.01148	0.00900	0.00266	0.00924	0.01031	0.00529	0.01192
131	0.02220	0.02189	0.03481	0.05181	0.60488	0.05631	0.02622	0.02722	0.02013	0.02810	0.01624	0.02126	0.01367	0.00784	0.00859	0.00257	0.01066	0.00765	0.00433	0.01361
132	0.02059	0.02353	0.05147	0.03676	0.04559	0.02206	0.60735	0.02794	0.02059	0.02794	0.01765	0.02353	0.01324	0.00735	0.01029	0.00294	0.01471	0.01029	0.00441	0.01176
133	0.01201	0.00862	0.01118	0.01278	0.01371	0.00830	0.00887	0.04416	0.01817	0.02421	0.04654	0.62081	0.05502	0.02626	0.01105	0.00352	0.00546	0.05368	0.00813	0.00755
134	0.01315	0.01141	0.01917	0.01705	0.01986	0.01060	0.13476	0.01650	0.01926	0.02580	0.13876	0.36265	0.10541	0.02095	0.01079	0.00326	0.00704	0.04770	0.00756	0.00833
135	0.01474	0.01269	0.01838	0.01707	0.01809	0.01634	0.01372	0.01744	0.01379	0.02050	0.01927	0.02905	0.01825	0.04818	0.44221	0.01051	0.24823	0.00876	0.00438	0.00839
136	0.02335	0.58146	0.10940	0.01653	0.02437	0.07715	0.01693	0.02690	0.01829	0.02135	0.01260	0.01459	0.01118	0.00766	0.00605	0.00199	0.01017	0.00492	0.00378	0.01130
137	0.02928	0.03531	0.02793	0.03180	0.21081	0.46689	0.01983	0.03241	0.02326	0.02350	0.01436	0.01749	0.01201	0.00862	0.00810	0.00235	0.01412	0.00626	0.00444	0.01123
138	0.02214	0.02130	0.03158	0.04450	0.47966	0.05144	0.02356	0.03129	0.14745	0.02984	0.02030	0.02362	0.01640	0.00869	0.00865	0.00265	0.00989	0.00811	0.00529	0.01364
139	0.01216	0.00887	0.01167	0.01274	0.01441	0.00838	0.00990	0.01527	0.02030	0.02710	0.21168	0.26625	0.12161	0.02316	0.01111	0.00341	0.00569	0.20007	0.00849	0.00773
140	0.02040	0.01992	0.03516	0.18239	0.45371	0.02058	0.08799	0.02595	0.01943	0.02713	0.01635	0.02215	0.01329	0.00793	0.00883	0.00269	0.01109	0.00804	0.00423	0.01273
141	0.02332	0.69869	0.04571	0.01493	0.02239	0.03451	0.01493	0.02612	0.01772	0.02052	0.01213	0.01399	0.01119	0.00746	0.00560	0.00187	0.00933	0.00466	0.00373	0.01119
142	0.02007	0.01541	0.02103	0.02545	0.19335	0.01557	0.01588	0.02885	0.16325	0.09956	0.04277	0.05027	0.15388	0.01465	0.00960	0.00299	0.00759	0.10066	0.00752	0.01167
143	0.02159	0.02073	0.03541	0.05354	0.63903	0.02073	0.02677	0.02677	0.01986	0.02850	0.01641	0.02159	0.01382	0.00777	0.00864	0.00259	0.01036	0.00777	0.00432	0.01382
144	0.01052	0.00890	0.00913	0.00924	0.01213	0.00751	0.00704	0.01283	0.01989	0.02371	0.08601	0.08475	0.60284	0.02220	0.01041	0.00301	0.00462	0.04976	0.00810	0.00740
145	0.01871	0.01853	0.02599	0.02239	0.02248	0.02582	0.01862	0.02068	0.01340	0.02095	0.01213	0.01995	0.01204	0.01813	0.06458	0.00440	0.64017	0.00773	0.00387	0.00944
146	0.02821	0.08204	0.03301	0.02832	0.09678	0.41095	0.14242	0.03189	0.02283	0.02345	0.01458	0.01789	0.01193	0.00840	0.00830	0.00240	0.01448	0.00677	0.00440	0.01094
147	0.02307	0.01129	0.01509	0.01279	0.01673	0.01007	0.01007	0.02688	0.02480	0.27912	0.39432	0.05096	0.05801	0.01502	0.00968	0.00273	0.00544	0.01297	0.01008	0.01088
148	0.03914	0.01484	0.02024	0.01552	0.02227	0.01282	0.01282	0.04251	0.02497	0.64507	0.03441	0.02969	0.02159	0.01080	0.00877	0.00270	0.00742	0.00877	0.01080	0.01484
149	0.02159	0.02073	0.03541	0.05354	0.63903	0.02073	0.02677	0.02677	0.01986	0.02850	0.01641	0.02159	0.01382	0.00777	0.00864	0.00259	0.01036	0.00777	0.00432	0.01382
150	0.03258	0.04157	0.02472	0.02247	0.02697	0.65843	0.01685	0.03483	0.02472	0.02135	0.01348	0.01573	0.01124	0.00899	0.00787	0.00225	0.01573	0.00562	0.00449	0.01011
151	0.01063	0.00759	0.01012	0.01215	0.01265	0.00709	0.00810	0.01215	0.01670	0.02227	0.04808	0.68775	0.05769	0.02733	0.01113	0.00354	0.00506	0.02480	0.00810	0.00709
152	0.01908	0.01908	0.02672	0.02290	0.02290	0.02672	0.01908	0.02099	0.01336	0.02099	0.01145	0.01908	0.01145	0.01527	0.02863	0.00382	0.67748	0.00763	0.00382	0.00954
153	0.01908	0.01908	0.02672	0.02290	0.02290	0.02672	0.01908	0.02099	0.01336	0.02099	0.01145	0.01908	0.01145	0.01527	0.02863	0.00382	0.67748	0.00763	0.00382	0.00954
154	0.01063	0.00759	0.01012	0.01215	0.01265	0.00709	0.00810	0.01215	0.01670	0.02227	0.04808	0.68775	0.05769	0.02733	0.01113	0.00354	0.00506	0.02480	0.00810	0.00709
155	0.01203	0.00890	0.01122	0.01064	0.01284	0.00810	0.00798	0.01585	0.02394	0.03320	0.54914	0.06809	0.16871	0.01850	0.01029	0.00278	0.00416	0.01619	0.00937	0.00810
156	0.03316	0.02443	0.02618	0.02007	0.02705	0.02705	0.01658	0.60995	0.04101	0.05497	0.02094	0.02094	0.01483	0.01047	0.00873	0.00262	0.00960	0.00785	0.00873	0.01483
157	0.02170	0.01874	0.01972	0.01775	0.02268	0.02170	0.01381	0.04635	0.62327	0.03649	0.03550	0.03254	0.02663	0.01183	0.00888	0.00296	0.00690	0.00986	0.00888	0.01381
158	0.02130	0.02043	0.03488	0.08885	0.60601	0.02065	0.02663	0.02651	0.01972	0.02814	0.01636	0.02168	0.01369	0.00783	0.00864	0.00261	0.01043	0.00777	0.00429	0.01358
159	0.03546	0.01567	0.02013	0.01599	0.02235	0.01469	0.01303	0.04332	0.15125	0.51662	0.03464	0.03029	0.02266	0.01102	0.00879	0.00275	0.00731	0.00900	0.01039	0.01463
160	0.02059	0.02353	0.05147	0.03676	0.04559	0.02206	0.60735	0.02794	0.02059	0.02794	0.01765	0.02353	0.01324	0.00735	0.01029	0.00294	0.01471	0.01029	0.00441	0.01176
161	0.01892	0.01800	0.03058	0.37669	0.33676	0.02002	0.02544	0.02443	0.01860	0.02525	0.01594	0.02246	0.01267	0.00827	0.00868	0.00276	0.01102	0.00776	0.00409	0.01166
162	0.75506	0.01687	0.01282	0.01147	0.01687	0.01957	0.00945	0.02564	0.01484	0.03914	0.01215	0.01417	0.00945	0.00810	0.00540	0.00270	0.00675	0.00472	0.00540	0.00945
163	0.01223	0.00891	0.01150	0.01085	0.01296	0.00818	0.00814	0.01624	0.02442	0.03434	0.60396	0.06621	0.11317	0.01807	0.01029	0.00275	0.00413	0.01592	0.00952	0.00818
164	0.01246	0.00935	0.01402	0.01402	0.01558	0.01090	0.01090	0.01558	0.01402	0.02025	0.02336	0.03427	0.02181	0.06542	0.65888	0.01402	0.02336	0.00935	0.00467	0.00779
165	0.03258	0.04157	0.02472	0.02247	0.02697	0.65843	0.01685	0.03483	0.02472	0.02135	0.01348	0.01573	0.01124	0.00899	0.00787	0.00225	0.01573	0.00562	0.00449	0.01011
166	0.01188	0.00879	0.01277	0.01342	0.01464	0.00968	0.01001	0.01448	0.01487	0.02089	0.03125	0.24289	0.03326	0.05326	0.45209	0.01067	0.01752	0.01428	0.00577	0.00756
167	0.02019	0.01930	0.03288	0.22249	0.48100	0.02036	0.02608	0.02555	0.01920	0.02680	0.01616	0.02204	0.01322	0.00803	0.00866	0.00268	0.01071	0.00777	0.00420	0.01269
168	0.01031	0.00884	0.00884	0.00884	0.01178	0.00736	0.00663	0.01252	0.01988	0.02356	0.08837	0.08395	0.63549	0.02209	0.01031	0.00295	0.00442	0.01841	0.00810	0.00736
169	0.01750	0.04512	0.64825	0.02486	0.03775	0.02026	0.03223	0.02762	0.01842	0.02762	0.01565	0.01842	0.01105	0.00829	0.00829	0.00276	0.01289	0.00645	0.00368	0.01289
170	0.03258	0.04157	0.02472	0.02247	0.02697	0.65843	0.01685	0.03483	0.02472	0.02135	0.01348	0.01573	0.01124	0.00899	0.00787	0.00225	0.01573	0.00562	0.00449	0.01011
171	0.01031	0.00884	0.00884	0.00884	0.01178	0.00736	0.00663	0.01252	0.01988	0.02356	0.08837	0.08395	0.63549	0.02209	0.01031	0.00295	0.00442	0.01841	0.00810	0.00736
172	0.01031	0.00884	0.00884	0.00884	0.01178	0.00736	0.00663	0.01252	0.01988	0.02356	0.08837	0.08395	0.63549	0.02209	0.01031	0.00295	0.00442	0.01841	0.00810	0.00736
173	0.02019	0.01930	0.03288	0.22249	0.48100	0.02036	0.02608	0.02555	0.01920	0.02680	0.01616	0.02204	0.01322	0.00803	0.00866	0.00268	0.01071	0.00777	0.00420	0.01269
174	0.01992	0.11284	0.48359	0.02525	0.07040	0.08780	0.02848	0.02816	0.01908	0.02627	0.01510	0.01785	0.01125	0.00824	0.00798	0.00260	0.01266	0.00625	0.00381	0.01248
175	0.02059	0.02353	0.05147	0.03676	0.04559	0.02206	0.60735	0.02794	0.02059	0.02794	0.01765	0.02353	0.01324	0.00735	0.01029	0.00294	0.01471	0.01029	0.00441	0.01176
176	0.02017	0.02247	0.04799	0.03643	0.08569	0.02115	0.53097	0.02718	0.02078	0.02839	0.05387	0.02584	0.01734	0.00800	0.01018	0.00290	0.01377	0.01044	0.00471	0.01170
177	0.05739	0.08048	0.36248	0.03073	0.20361	0.02065	0.02687	0.02652	0.01896	0.02841	0.05187	0.02153	0.01595	0.00864	0.00816	0.00265	0.01109	0.00715	0.00430	0.01258
178	0.02109	0.02061	0.03260	0.11540	0.50829	0.05382	0.02504	0.02606	0.01952	0.02697	0.01657	0.02220	0.01392	0.01133	0.04689	0.00328	0.01155	0.00775	0.00430	0.01283
179	0.01167	0.00970	0.00991	0.00964	0.01272	0.00851	0.00728	0.04768	0.02099	0.02536	0.08269	0.10578	0.57451	0.02163	0.01025	0.00295	0.00475	0.01806	0.00814	0.00779
180	0.02032	0.02092	0.06078	0.03892	0.40500	0.05465	0.02166	0.05862	0.02131	0.02857	0.03156	0.03413	0.14401	0.01103	0.00893	0.00266	0.00951	0.00982	0.00535	0.01226
181	0.02440	0.02686	0.02711	0.16773	0.21298	0.26182	0.02059	0.05373	0.02213	0.02530	0.02040	0.02410	0.05644	0.00957	0.00848	0.00255	0.01221	0.00771	0.00475	0.01113
182	0.06626	0.02017	0.03000	0.08536	0.39465	0.02114	0.02232	0.15041	0.02374	0.03400	0.01887	0.05913	0.01613	0.00955	0.00861	0.00268	0.00977	0.00858	0.00551	0.01310
183	0.02263	0.23675	0.06649	0.06523	0.06846	0.02405	0.01639	0.18205	0.02542	0.03340	0.11700	0.02905	0.05650	0.01084	0.00802	0.00244	0.00877	0.00854	0.00629	0.01169
184	0.01974	0.02620	0.19951	0.08670	0.39843	0.01973	0.02694	0.02578	0.01880	0.02704	0.01607	0.02114	0.01299	0.00930	0.01005	0.04644	0.01097	0.00740	0.00408	0.01269
185	0.02237	0.02572	0.06485	0.17035	0.27652	0.18747	0.02252	0.02699	0.02055	0.02491	0.02050	0.02462	0.05654	0.00934	0.00855	0.00260	0.01177	0.00788	0.00450	0.01146
186	0.01932	0.16018	0.02946	0.07482	0.23361	0.05793	0.01846	0.02322	0.01766	0.02333	0.01749	0.02382	0.01551	0.02625	0.21554	0.00609	0.01470	0.00749	0.00429	0.01083
187	0.01873	0.11744	0.06425	0.07301	0.19128	0.02086	0.01880	0.02511	0.08359	0.02605	0.05719	0.03039	0.07729	0.01515	0.05662	0.00356	0.09522	0.00899	0.00526	0.01121
188	0.01980	0.02022	0.06098	0.04587	0.52185	0.01882	0.02419	0.02480	0.01980	0.02776	0.02651	0.03023	0.10132	0.00982	0.00885	0.00265	0.00965	0.00921	0.00482	0.01286

[dist]
# distance from previous block
# <min> <max>
0	33

# created by:
# /home/cegg/simao/soft/augustus-3.2.1/scripts/msa2prfl.pl ./align_prep/14258.fa
