[name]
unknown

[dist]
# distance from previous block
# <min> <max>
0	2

[block]
# block no. 0 follows, 22 sequences, length 15
# corresponding to MSA columns:
# 2-16
name=unknown_A
#
# <colnr> <probs for GDERKNQSTAVLIFYWHMCP>
#	G	D	E	R	K	N	Q	S	T	A	V	L	I	F	Y	W	H	M	C	P
0	0.36911	0.06838	0.24796	0.04436	0.02530	0.01912	0.01796	0.02449	0.01597	0.03073	0.01513	0.02083	0.01241	0.00882	0.00671	0.00264	0.00895	0.04637	0.00457	0.01019
1	0.08026	0.02228	0.05330	0.01814	0.02463	0.02330	0.01539	0.42770	0.13207	0.08503	0.02215	0.02168	0.01580	0.00994	0.00810	0.00256	0.00856	0.00757	0.00801	0.01353
2	0.11408	0.16141	0.02404	0.01584	0.02153	0.05422	0.01315	0.11925	0.27883	0.03326	0.02226	0.02196	0.01716	0.00932	0.00719	0.00239	0.00777	0.00701	0.00659	0.06275
3	0.02761	0.24915	0.02998	0.06367	0.02619	0.29232	0.01568	0.11715	0.02323	0.06159	0.01474	0.01643	0.01178	0.00838	0.00703	0.00214	0.01146	0.00568	0.00494	0.01085
4	0.01187	0.00890	0.01335	0.01335	0.01483	0.01038	0.01038	0.01483	0.01335	0.01928	0.02225	0.03264	0.02077	0.06231	0.67512	0.01335	0.02225	0.00890	0.00445	0.00742
5	0.01228	0.00938	0.01245	0.15338	0.01999	0.00993	0.00944	0.01392	0.01439	0.01870	0.03304	0.15826	0.09482	0.37477	0.02643	0.00561	0.00776	0.01357	0.00547	0.00641
6	0.01675	0.01510	0.02471	0.20321	0.30424	0.01591	0.01997	0.02152	0.01932	0.02671	0.15300	0.03676	0.02976	0.01115	0.00889	0.00271	0.00871	0.06568	0.00541	0.01049
7	0.01002	0.00761	0.00924	0.01055	0.01178	0.00683	0.00726	0.01168	0.01689	0.02161	0.05821	0.50111	0.24845	0.02441	0.01035	0.00319	0.00462	0.02165	0.00771	0.00683
8	0.02633	0.02453	0.02182	0.01741	0.02360	0.18942	0.01382	0.25256	0.05332	0.03511	0.01701	0.01824	0.01312	0.00842	0.00740	0.00201	0.00958	0.00618	0.00617	0.25393
9	0.21026	0.19891	0.07240	0.06813	0.15266	0.06080	0.01718	0.08266	0.01912	0.02930	0.01370	0.01645	0.01110	0.00781	0.00666	0.00233	0.00922	0.00571	0.00457	0.01103
10	0.10874	0.16805	0.16624	0.16685	0.06497	0.11580	0.02003	0.05443	0.01876	0.02553	0.01378	0.01712	0.01083	0.00797	0.00712	0.00239	0.01075	0.00589	0.00412	0.01065
11	0.01802	0.14444	0.21971	0.01630	0.02351	0.01793	0.01700	0.02589	0.10171	0.06105	0.12761	0.03093	0.07039	0.01060	0.00783	0.00238	0.00811	0.00856	0.00590	0.08214
12	0.02137	0.24583	0.17126	0.06053	0.09754	0.11993	0.12262	0.02656	0.01866	0.02317	0.01394	0.01722	0.01125	0.00756	0.00741	0.00231	0.01158	0.00631	0.00383	0.01113
13	0.01755	0.01434	0.01594	0.01757	0.09144	0.07400	0.01187	0.02289	0.09721	0.08661	0.06851	0.15892	0.20067	0.01685	0.00939	0.00287	0.00688	0.06966	0.00735	0.00948
14	0.02283	0.02246	0.03025	0.04129	0.46215	0.10662	0.02230	0.07667	0.08036	0.02899	0.01734	0.02077	0.01407	0.00813	0.00816	0.00246	0.01017	0.00733	0.00488	0.01277

[dist]
# distance from previous block
# <min> <max>
6	11

[block]
# block no. 1 follows, 22 sequences, length 78
# corresponding to MSA columns:
# 28-105
name=unknown_B
#
# <colnr> <probs for GDERKNQSTAVLIFYWHMCP>
#	G	D	E	R	K	N	Q	S	T	A	V	L	I	F	Y	W	H	M	C	P
0	0.14544	0.02115	0.01617	0.07062	0.02095	0.24965	0.01177	0.02237	0.01819	0.02308	0.02629	0.15772	0.07138	0.09606	0.01209	0.00326	0.00959	0.01065	0.00540	0.00818
1	0.01715	0.02155	0.20321	0.01627	0.02206	0.01490	0.01610	0.15504	0.02343	0.03234	0.16293	0.16391	0.08692	0.01484	0.00907	0.00275	0.00771	0.01261	0.00693	0.01026
2	0.02040	0.49393	0.24675	0.01731	0.02611	0.02843	0.01960	0.02534	0.01710	0.02176	0.01265	0.01470	0.01062	0.00736	0.00617	0.00206	0.00999	0.00500	0.00354	0.01119
3	0.01772	0.17101	0.54625	0.02187	0.03316	0.02189	0.02754	0.02603	0.01741	0.02502	0.01427	0.01673	0.01055	0.00774	0.00740	0.00247	0.01163	0.00581	0.00352	0.01197
4	0.02036	0.02031	0.03699	0.04758	0.52544	0.02001	0.15366	0.02573	0.01906	0.02703	0.01588	0.02096	0.01304	0.00732	0.00856	0.00254	0.01075	0.00791	0.00413	0.01274
5	0.02853	0.01614	0.02002	0.08509	0.02533	0.01682	0.01389	0.07564	0.25339	0.32593	0.03053	0.02815	0.02098	0.01043	0.00838	0.00268	0.00742	0.00859	0.00880	0.01326
6	0.01700	0.08373	0.62719	0.02310	0.03507	0.02012	0.02969	0.02622	0.01750	0.02590	0.01470	0.01728	0.01053	0.00784	0.00774	0.00258	0.01207	0.00604	0.00351	0.01218
7	0.01070	0.00747	0.00947	0.01083	0.01117	0.00713	0.00693	0.01172	0.01478	0.01971	0.04004	0.51259	0.04769	0.22595	0.01989	0.00475	0.00577	0.02024	0.00693	0.00625
8	0.01159	0.00785	0.00921	0.00969	0.00981	0.00773	0.00571	0.01195	0.01304	0.01739	0.03110	0.21718	0.03642	0.53675	0.03433	0.00688	0.00724	0.01498	0.00571	0.00546
9	0.01549	0.00774	0.00774	0.00774	0.00968	0.00774	0.00581	0.01936	0.01742	0.03097	0.02710	0.03097	0.02129	0.00968	0.00581	0.00194	0.00387	0.00774	0.75416	0.00774
10	0.01208	0.00805	0.00906	0.00906	0.00906	0.00805	0.00503	0.01208	0.01208	0.01611	0.02618	0.05436	0.03020	0.70804	0.04228	0.00805	0.00805	0.01208	0.00503	0.00503
11	0.00982	0.00842	0.00842	0.00842	0.01122	0.00701	0.00631	0.01192	0.01894	0.02244	0.08416	0.07995	0.65285	0.02104	0.00982	0.00281	0.00421	0.01753	0.00771	0.00701
12	0.01549	0.00774	0.00774	0.00774	0.00968	0.00774	0.00581	0.01936	0.01742	0.03097	0.02710	0.03097	0.02129	0.00968	0.00581	0.00194	0.00387	0.00774	0.75416	0.00774
13	0.01012	0.00723	0.00964	0.01157	0.01205	0.00675	0.00771	0.01157	0.01591	0.02121	0.04579	0.70262	0.05495	0.02603	0.01060	0.00337	0.00482	0.02362	0.00771	0.00675
14	0.01666	0.04297	0.66500	0.02368	0.03596	0.01929	0.03069	0.02631	0.01754	0.02631	0.01491	0.01754	0.01052	0.00789	0.00789	0.00263	0.01228	0.00614	0.00351	0.01228
15	0.01958	0.02557	0.19222	0.04413	0.50049	0.01963	0.02680	0.02570	0.01857	0.02693	0.01545	0.01980	0.01250	0.00753	0.00814	0.00251	0.01047	0.00708	0.00396	0.01294
16	0.02821	0.10536	0.02698	0.02445	0.10530	0.49576	0.01716	0.03074	0.02178	0.02110	0.01297	0.01567	0.01102	0.00854	0.00826	0.00221	0.04458	0.00561	0.00415	0.01016
17	0.01179	0.00834	0.01041	0.01147	0.01221	0.00813	0.00761	0.04763	0.01644	0.02193	0.04010	0.52449	0.04729	0.17064	0.01723	0.00432	0.00576	0.02021	0.00718	0.00681
18	0.01764	0.03714	0.50645	0.03054	0.19174	0.01941	0.02939	0.02610	0.01789	0.02652	0.01509	0.01830	0.01119	0.00777	0.00798	0.00259	0.01167	0.00646	0.00366	0.01250
19	0.02828	0.24971	0.02978	0.01916	0.02432	0.47445	0.01548	0.03058	0.02146	0.02009	0.01244	0.01446	0.01069	0.00811	0.00682	0.00203	0.01308	0.00507	0.00405	0.00995
20	0.02467	0.01751	0.01880	0.01517	0.01956	0.01906	0.01184	0.39758	0.02958	0.04058	0.02240	0.02997	0.01906	0.18527	0.01653	0.00382	0.00821	0.00867	0.10068	0.01105
21	0.01800	0.05151	0.01819	0.01574	0.01804	0.18411	0.01221	0.02068	0.01891	0.02344	0.18142	0.09457	0.03425	0.02418	0.14870	0.00488	0.10652	0.01047	0.00576	0.00842
22	0.01012	0.00723	0.00964	0.01157	0.01205	0.00675	0.00771	0.01157	0.01591	0.02121	0.04579	0.70262	0.05495	0.02603	0.01060	0.00337	0.00482	0.02362	0.00771	0.00675
23	0.01040	0.00827	0.00993	0.01036	0.01231	0.00780	0.00765	0.01257	0.01686	0.02137	0.06003	0.20725	0.36045	0.03252	0.17709	0.00558	0.00888	0.01672	0.00689	0.00706
24	0.02797	0.02113	0.02300	0.01740	0.02424	0.02207	0.01430	0.47591	0.03358	0.04601	0.01864	0.01926	0.01367	0.00901	0.00777	0.00218	0.00839	0.00684	0.00746	0.20117
25	0.01549	0.00774	0.00774	0.00774	0.00968	0.00774	0.00581	0.01936	0.01742	0.03097	0.02710	0.03097	0.02129	0.00968	0.00581	0.00194	0.00387	0.00774	0.75416	0.00774
26	0.01549	0.00774	0.00774	0.00774	0.00968	0.00774	0.00581	0.01936	0.01742	0.03097	0.02710	0.03097	0.02129	0.00968	0.00581	0.00194	0.00387	0.00774	0.75416	0.00774
27	0.03158	0.02327	0.02493	0.01911	0.02576	0.02576	0.01579	0.62852	0.03906	0.05236	0.01995	0.01995	0.01413	0.00997	0.00831	0.00249	0.00914	0.00748	0.00831	0.01413
28	0.01043	0.00760	0.00983	0.01104	0.01205	0.00700	0.00761	0.01245	0.01776	0.02382	0.17449	0.51166	0.11621	0.02369	0.01036	0.00316	0.00458	0.02127	0.00801	0.00700
29	0.01549	0.00774	0.00774	0.00774	0.00968	0.00774	0.00581	0.01936	0.01742	0.03097	0.02710	0.03097	0.02129	0.00968	0.00581	0.00194	0.00387	0.00774	0.75416	0.00774
30	0.02340	0.01921	0.02033	0.01746	0.02265	0.02194	0.01381	0.19092	0.48997	0.03917	0.03033	0.02822	0.02254	0.01094	0.00842	0.00274	0.00722	0.00891	0.00842	0.01340
31	0.03727	0.01414	0.01928	0.01478	0.02121	0.01221	0.01221	0.04049	0.02378	0.66198	0.03277	0.02828	0.02056	0.01028	0.00835	0.00257	0.00707	0.00835	0.01028	0.01414
32	0.01581	0.00821	0.00899	0.00864	0.01080	0.00798	0.00653	0.01966	0.01897	0.06255	0.15349	0.03711	0.03278	0.01118	0.00674	0.00210	0.00404	0.00924	0.56710	0.00808
33	0.01176	0.00849	0.01110	0.01045	0.01241	0.00784	0.00784	0.01568	0.02352	0.03331	0.65184	0.06206	0.07839	0.01698	0.00980	0.00261	0.00392	0.01502	0.00914	0.00784
34	0.01818	0.01818	0.02545	0.02181	0.02181	0.02545	0.01818	0.01999	0.01272	0.01999	0.01091	0.01818	0.01091	0.01454	0.02726	0.00364	0.69284	0.00727	0.00364	0.00909
35	0.02056	0.01974	0.03372	0.05099	0.65622	0.01974	0.02550	0.02550	0.01892	0.02714	0.01563	0.02056	0.01316	0.00740	0.00822	0.00247	0.00987	0.00740	0.00411	0.01316
36	0.01904	0.01819	0.03097	0.24970	0.46939	0.01934	0.02474	0.02416	0.01820	0.02530	0.01536	0.02106	0.01251	0.00768	0.00825	0.00256	0.01025	0.00740	0.00398	0.01193
37	0.01549	0.00774	0.00774	0.00774	0.00968	0.00774	0.00581	0.01936	0.01742	0.03097	0.02710	0.03097	0.02129	0.00968	0.00581	0.00194	0.00387	0.00774	0.75416	0.00774
38	0.01443	0.00722	0.01082	0.01082	0.01082	0.00722	0.00722	0.01082	0.01082	0.01443	0.01443	0.02525	0.01443	0.02886	0.03247	0.75830	0.00722	0.00722	0.00361	0.00361
39	0.01190	0.00878	0.01273	0.01273	0.01399	0.01005	0.00961	0.01443	0.01317	0.01882	0.02282	0.03580	0.02214	0.15628	0.58303	0.01258	0.02019	0.00936	0.00454	0.00707
40	0.02536	0.02067	0.02519	0.02642	0.18280	0.02264	0.01739	0.29225	0.22444	0.04046	0.02325	0.02359	0.01744	0.00974	0.00833	0.00259	0.00851	0.00806	0.00730	0.01357
41	0.01335	0.00722	0.01053	0.01101	0.01113	0.00710	0.00734	0.01101	0.01210	0.01613	0.02231	0.19538	0.02461	0.02815	0.02698	0.56869	0.00661	0.01133	0.00464	0.00440
42	0.01569	0.01477	0.02492	0.68808	0.05722	0.01846	0.02307	0.02123	0.01661	0.02123	0.01477	0.02215	0.01107	0.00831	0.00831	0.00277	0.01107	0.00738	0.00369	0.00923
43	0.01930	0.01845	0.03145	0.21542	0.50162	0.01941	0.02487	0.02439	0.01832	0.02561	0.01540	0.02097	0.01262	0.00764	0.00825	0.00255	0.01018	0.00740	0.00400	0.01214
44	0.02288	0.02249	0.01980	0.01787	0.02247	0.16024	0.01377	0.04180	0.50940	0.03167	0.02934	0.02758	0.02223	0.01069	0.00825	0.00267	0.00837	0.00853	0.00756	0.01240
45	0.01961	0.02241	0.04902	0.03501	0.04342	0.02101	0.62605	0.02661	0.01961	0.02661	0.01681	0.02241	0.01261	0.00700	0.00980	0.00280	0.01401	0.00980	0.00420	0.01120
46	0.02024	0.01928	0.03281	0.04939	0.62757	0.01928	0.02495	0.02512	0.01893	0.02704	0.01690	0.02384	0.01471	0.00810	0.00837	0.00253	0.00977	0.03398	0.00427	0.01291
47	0.01012	0.00723	0.00964	0.01157	0.01205	0.00675	0.00771	0.01157	0.01591	0.02121	0.04579	0.70262	0.05495	0.02603	0.01060	0.00337	0.00482	0.02362	0.00771	0.00675
48	0.10716	0.02348	0.02354	0.01841	0.02476	0.06285	0.01511	0.53169	0.03559	0.04894	0.01867	0.01899	0.01340	0.00966	0.00794	0.00248	0.00920	0.00705	0.00775	0.01334
49	0.03279	0.02132	0.02373	0.01819	0.02479	0.02287	0.01503	0.50303	0.03580	0.18246	0.02268	0.02172	0.01550	0.01004	0.00832	0.00251	0.00870	0.00767	0.00873	0.01413
50	0.01012	0.00723	0.00964	0.01157	0.01205	0.00675	0.00771	0.01157	0.01591	0.02121	0.04579	0.70262	0.05495	0.02603	0.01060	0.00337	0.00482	0.02362	0.00771	0.00675
51	0.01569	0.01477	0.02492	0.68808	0.05722	0.01846	0.02307	0.02123	0.01661	0.02123	0.01477	0.02215	0.01107	0.00831	0.00831	0.00277	0.01107	0.00738	0.00369	0.00923
52	0.03158	0.02327	0.02493	0.01911	0.02576	0.02576	0.01579	0.62852	0.03906	0.05236	0.01995	0.01995	0.01413	0.00997	0.00831	0.00249	0.00914	0.00748	0.00831	0.01413
53	0.02026	0.01944	0.03318	0.08975	0.61978	0.01966	0.02535	0.02524	0.01878	0.02678	0.01557	0.02066	0.01303	0.00746	0.00823	0.00249	0.00994	0.00740	0.00409	0.01292
54	0.00996	0.00785	0.00900	0.00991	0.01161	0.00689	0.00698	0.01175	0.01750	0.02186	0.06594	0.37552	0.36904	0.02341	0.01019	0.00308	0.00450	0.02042	0.00771	0.00689
55	0.01012	0.00723	0.00964	0.01157	0.01205	0.00675	0.00771	0.01157	0.01591	0.02121	0.04579	0.70262	0.05495	0.02603	0.01060	0.00337	0.00482	0.02362	0.00771	0.00675
56	0.76672	0.01607	0.01221	0.01092	0.01607	0.01864	0.00900	0.02442	0.01414	0.03727	0.01157	0.01350	0.00900	0.00771	0.00514	0.00257	0.00643	0.00450	0.00514	0.00900
57	0.01095	0.00856	0.01308	0.01362	0.01479	0.00799	0.06172	0.01288	0.01623	0.02168	0.04326	0.64321	0.05125	0.02437	0.01053	0.00332	0.00562	0.02241	0.00741	0.00714
58	0.03103	0.03959	0.02354	0.02140	0.02568	0.67469	0.01605	0.03317	0.02354	0.02033	0.01284	0.01498	0.01070	0.00856	0.00749	0.00214	0.01498	0.00535	0.00428	0.00963
59	0.02056	0.01974	0.03372	0.05099	0.65622	0.01974	0.02550	0.02550	0.01892	0.02714	0.01563	0.02056	0.01316	0.00740	0.00822	0.00247	0.00987	0.00740	0.00411	0.01316
60	0.01358	0.00981	0.01210	0.01278	0.01426	0.00981	0.00901	0.11098	0.01964	0.02623	0.04162	0.59262	0.04837	0.02344	0.01023	0.00323	0.00552	0.02102	0.00781	0.00794
61	0.02409	0.56932	0.03927	0.01575	0.02225	0.16984	0.01461	0.02665	0.01830	0.01971	0.01183	0.01368	0.01067	0.00742	0.00579	0.00185	0.01019	0.00464	0.00371	0.01044
62	0.01723	0.01477	0.01723	0.01230	0.01969	0.01107	0.00984	0.02092	0.01723	0.02707	0.01477	0.01723	0.01230	0.00615	0.00615	0.00123	0.00615	0.00492	0.00492	0.75883
63	0.01005	0.00753	0.00933	0.01078	0.01184	0.00681	0.00736	0.01166	0.01667	0.02152	0.05542	0.54623	0.20512	0.02477	0.01041	0.00323	0.00467	0.02209	0.00771	0.00681
64	0.01012	0.00723	0.00964	0.01157	0.01205	0.00675	0.00771	0.01157	0.01591	0.02121	0.04579	0.70262	0.05495	0.02603	0.01060	0.00337	0.00482	0.02362	0.00771	0.00675
65	0.01549	0.00774	0.00774	0.00774	0.00968	0.00774	0.00581	0.01936	0.01742	0.03097	0.02710	0.03097	0.02129	0.00968	0.00581	0.00194	0.00387	0.00774	0.75416	0.00774
66	0.02234	0.01868	0.01973	0.01725	0.02224	0.02145	0.01356	0.13418	0.54844	0.03746	0.03168	0.02929	0.02363	0.01107	0.00843	0.00277	0.00697	0.00910	0.00843	0.01330
67	0.00982	0.00842	0.00842	0.00842	0.01122	0.00701	0.00631	0.01192	0.01894	0.02244	0.08416	0.07995	0.65285	0.02104	0.00982	0.00281	0.00421	0.01753	0.00771	0.00701
68	0.01549	0.00774	0.00774	0.00774	0.00968	0.00774	0.00581	0.01936	0.01742	0.03097	0.02710	0.03097	0.02129	0.00968	0.00581	0.00194	0.00387	0.00774	0.75416	0.00774
69	0.02056	0.01974	0.03372	0.05099	0.65622	0.01974	0.02550	0.02550	0.01892	0.02714	0.01563	0.02056	0.01316	0.00740	0.00822	0.00247	0.00987	0.00740	0.00411	0.01316
70	0.02066	0.01785	0.01878	0.01691	0.02160	0.02066	0.01315	0.04414	0.64121	0.03475	0.03381	0.03099	0.02536	0.01127	0.00845	0.00282	0.00657	0.00939	0.00845	0.01315
71	0.76672	0.01607	0.01221	0.01092	0.01607	0.01864	0.00900	0.02442	0.01414	0.03727	0.01157	0.01350	0.00900	0.00771	0.00514	0.00257	0.00643	0.00450	0.00514	0.00900
72	0.01451	0.01209	0.01311	0.01222	0.01555	0.01251	0.00935	0.02536	0.26137	0.02995	0.20722	0.05647	0.26526	0.01623	0.00928	0.00276	0.00505	0.01375	0.00836	0.00960
73	0.03697	0.01462	0.01958	0.01501	0.02145	0.01293	0.01240	0.07175	0.02459	0.62956	0.03209	0.02783	0.02022	0.01027	0.00835	0.00257	0.00718	0.00831	0.01018	0.01414
74	0.02056	0.01974	0.03372	0.05099	0.65622	0.01974	0.02550	0.02550	0.01892	0.02714	0.01563	0.02056	0.01316	0.00740	0.00822	0.00247	0.00987	0.00740	0.00411	0.01316
75	0.00982	0.00842	0.00842	0.00842	0.01122	0.00701	0.00631	0.01192	0.01894	0.02244	0.08416	0.07995	0.65285	0.02104	0.00982	0.00281	0.00421	0.01753	0.00771	0.00701
76	0.01690	0.04156	0.62660	0.02534	0.07369	0.01932	0.03038	0.02626	0.01762	0.02636	0.01495	0.01772	0.01068	0.00786	0.00791	0.00262	0.01213	0.00622	0.00354	0.01233
77	0.01839	0.25197	0.47116	0.02073	0.03139	0.02353	0.02555	0.02586	0.01733	0.02420	0.01386	0.01623	0.01057	0.00765	0.00709	0.00236	0.01122	0.00561	0.00352	0.01177

[dist]
# distance from previous block
# <min> <max>
1	3

[block]
# block no. 2 follows, 22 sequences, length 32
# corresponding to MSA columns:
# 109-140
name=unknown_C
#
# <colnr> <probs for GDERKNQSTAVLIFYWHMCP>
#	G	D	E	R	K	N	Q	S	T	A	V	L	I	F	Y	W	H	M	C	P
0	0.02385	0.18838	0.03246	0.06853	0.28326	0.22087	0.01985	0.02744	0.01971	0.02297	0.01378	0.01726	0.01171	0.00773	0.00733	0.00222	0.01125	0.00608	0.00401	0.01129
1	0.02221	0.71304	0.04353	0.01421	0.02132	0.03287	0.01421	0.02488	0.01688	0.01955	0.01155	0.01333	0.01066	0.00711	0.00533	0.00178	0.00888	0.00444	0.00355	0.01066
2	0.01235	0.00837	0.00996	0.01036	0.01076	0.00837	0.00678	0.01315	0.01355	0.01793	0.02989	0.06258	0.03388	0.56505	0.03585	0.00717	0.00797	0.13486	0.00558	0.00558
3	0.02754	0.03297	0.02694	0.03127	0.23595	0.45628	0.01920	0.03061	0.02200	0.02260	0.01377	0.01684	0.01152	0.00817	0.00774	0.00225	0.01328	0.00603	0.00422	0.01081
4	0.01443	0.00722	0.01082	0.01082	0.01082	0.00722	0.00722	0.01082	0.01082	0.01443	0.01443	0.02525	0.01443	0.02886	0.03247	0.75830	0.00722	0.00722	0.00361	0.00361
5	0.01671	0.00965	0.01171	0.01099	0.01415	0.00842	0.00847	0.01925	0.02007	0.17375	0.12031	0.16280	0.32071	0.01899	0.00969	0.00288	0.00514	0.04910	0.00846	0.00876
6	0.01993	0.01327	0.02142	0.01678	0.02172	0.01187	0.15383	0.02383	0.02129	0.19866	0.16388	0.04899	0.22046	0.01405	0.00941	0.00270	0.00723	0.01275	0.00786	0.01009
7	0.02899	0.19692	0.02832	0.01958	0.02466	0.48722	0.01561	0.06486	0.02285	0.02196	0.01294	0.01487	0.01089	0.00830	0.00703	0.00207	0.01322	0.00526	0.00434	0.01013
8	0.02591	0.10230	0.02256	0.01888	0.05449	0.38757	0.01393	0.05391	0.02181	0.02446	0.01650	0.01906	0.01346	0.00867	0.00694	0.00209	0.01120	0.00601	0.18057	0.00967
9	0.03111	0.03724	0.02374	0.02107	0.02569	0.58131	0.01601	0.11884	0.02577	0.02494	0.01386	0.01570	0.01119	0.00876	0.00761	0.00219	0.01414	0.00566	0.00486	0.01028
10	0.02818	0.05440	0.02394	0.04691	0.02541	0.02355	0.01503	0.44461	0.10556	0.07182	0.02511	0.02476	0.05150	0.01055	0.00827	0.00253	0.00855	0.00816	0.00795	0.01323
11	0.03103	0.03959	0.02354	0.02140	0.02568	0.67469	0.01605	0.03317	0.02354	0.02033	0.01284	0.01498	0.01070	0.00856	0.00749	0.00214	0.01498	0.00535	0.00428	0.00963
12	0.02056	0.01974	0.03372	0.05099	0.65622	0.01974	0.02550	0.02550	0.01892	0.02714	0.01563	0.02056	0.01316	0.00740	0.00822	0.00247	0.00987	0.00740	0.00411	0.01316
13	0.01666	0.04297	0.66500	0.02368	0.03596	0.01929	0.03069	0.02631	0.01754	0.02631	0.01491	0.01754	0.01052	0.00789	0.00789	0.00263	0.01228	0.00614	0.00351	0.01228
14	0.01220	0.00932	0.01372	0.01354	0.01487	0.01101	0.01048	0.01494	0.01325	0.01915	0.02190	0.03311	0.02079	0.09551	0.60763	0.01257	0.05520	0.00899	0.00444	0.00737
15	0.01012	0.00723	0.00964	0.01157	0.01205	0.00675	0.00771	0.01157	0.01591	0.02121	0.04579	0.70262	0.05495	0.02603	0.01060	0.00337	0.00482	0.02362	0.00771	0.00675
16	0.01961	0.02241	0.04902	0.03501	0.04342	0.02101	0.62605	0.02661	0.01961	0.02661	0.01681	0.02241	0.01261	0.00700	0.00980	0.00280	0.01401	0.00980	0.00420	0.01120
17	0.02221	0.71304	0.04353	0.01421	0.02132	0.03287	0.01421	0.02488	0.01688	0.01955	0.01155	0.01333	0.01066	0.00711	0.00533	0.00178	0.00888	0.00444	0.00355	0.01066
18	0.01683	0.04181	0.63008	0.02432	0.03638	0.01939	0.06444	0.02633	0.01766	0.02633	0.01502	0.01782	0.01064	0.00784	0.00800	0.00264	0.01238	0.00635	0.00355	0.01222
19	0.01012	0.00723	0.00964	0.01157	0.01205	0.00675	0.00771	0.01157	0.01591	0.02121	0.04579	0.70262	0.05495	0.02603	0.01060	0.00337	0.00482	0.02362	0.00771	0.00675
20	0.01012	0.00723	0.00964	0.01157	0.01205	0.00675	0.00771	0.01157	0.01591	0.02121	0.04579	0.70262	0.05495	0.02603	0.01060	0.00337	0.00482	0.02362	0.00771	0.00675
21	0.01569	0.01477	0.02492	0.68808	0.05722	0.01846	0.02307	0.02123	0.01661	0.02123	0.01477	0.02215	0.01107	0.00831	0.00831	0.00277	0.01107	0.00738	0.00369	0.00923
22	0.01733	0.01494	0.01559	0.01429	0.01841	0.01646	0.01105	0.03423	0.44972	0.03096	0.04931	0.04606	0.21846	0.01428	0.00887	0.00281	0.00585	0.01190	0.00823	0.01126
23	0.00982	0.00842	0.00842	0.00842	0.01122	0.00701	0.00631	0.01192	0.01894	0.02244	0.08416	0.07995	0.65285	0.02104	0.00982	0.00281	0.00421	0.01753	0.00771	0.00701
24	0.03011	0.01481	0.01907	0.01535	0.02066	0.01461	0.01253	0.15719	0.02452	0.38371	0.02762	0.02756	0.01927	0.02244	0.16502	0.00509	0.01107	0.00830	0.00850	0.01256
25	0.03158	0.02327	0.02493	0.01911	0.02576	0.02576	0.01579	0.62852	0.03906	0.05236	0.01995	0.01995	0.01413	0.00997	0.00831	0.00249	0.00914	0.00748	0.00831	0.01413
26	0.01030	0.00795	0.00941	0.01006	0.01178	0.00706	0.00716	0.01248	0.01857	0.02397	0.17469	0.32662	0.30559	0.02228	0.01013	0.00300	0.00440	0.01951	0.00798	0.00706
27	0.01012	0.00723	0.00964	0.01157	0.01205	0.00675	0.00771	0.01157	0.01591	0.02121	0.04579	0.70262	0.05495	0.02603	0.01060	0.00337	0.00482	0.02362	0.00771	0.00675
28	0.03103	0.03959	0.02354	0.02140	0.02568	0.67469	0.01605	0.03317	0.02354	0.02033	0.01284	0.01498	0.01070	0.00856	0.00749	0.00214	0.01498	0.00535	0.00428	0.00963
29	0.03103	0.03959	0.02354	0.02140	0.02568	0.67469	0.01605	0.03317	0.02354	0.02033	0.01284	0.01498	0.01070	0.00856	0.00749	0.00214	0.01498	0.00535	0.00428	0.00963
30	0.15506	0.10293	0.45073	0.05436	0.03194	0.02047	0.02468	0.02556	0.01680	0.02740	0.01395	0.01661	0.01028	0.00780	0.00715	0.00254	0.01080	0.00573	0.00382	0.01136
31	0.24624	0.01392	0.01244	0.01206	0.01539	0.07383	0.00964	0.01947	0.01882	0.02940	0.15950	0.05235	0.17102	0.01531	0.00845	0.00282	0.00647	0.11784	0.00687	0.00815

[dist]
# distance from previous block
# <min> <max>
3	5

[block]
# block no. 3 follows, 22 sequences, length 66
# corresponding to MSA columns:
# 146-211
name=unknown_D
#
# <colnr> <probs for GDERKNQSTAVLIFYWHMCP>
#	G	D	E	R	K	N	Q	S	T	A	V	L	I	F	Y	W	H	M	C	P
0	0.02809	0.03141	0.02426	0.02106	0.02478	0.39739	0.01651	0.14325	0.02393	0.02634	0.01373	0.01668	0.01140	0.01025	0.01233	0.00256	0.17456	0.00621	0.00489	0.01036
1	0.01569	0.01619	0.01365	0.01321	0.01602	0.15935	0.01029	0.01811	0.01982	0.02259	0.07953	0.06306	0.36002	0.01797	0.01054	0.00285	0.04674	0.09977	0.00675	0.00785
2	0.01889	0.01536	0.01792	0.04797	0.02136	0.01351	0.01093	0.11977	0.02017	0.02962	0.01698	0.02235	0.01467	0.09046	0.01092	0.00233	0.00712	0.00632	0.00543	0.50790
3	0.01513	0.01388	0.01298	0.01258	0.01571	0.08893	0.00991	0.05177	0.06925	0.02580	0.09054	0.06676	0.35088	0.01833	0.00966	0.00289	0.00656	0.12263	0.00746	0.00835
4	0.01032	0.00738	0.00981	0.01143	0.01209	0.00688	0.00773	0.01206	0.01681	0.02265	0.11778	0.62652	0.05773	0.02495	0.01051	0.00328	0.00471	0.02260	0.00788	0.00688
5	0.01818	0.01818	0.02545	0.02181	0.02181	0.02545	0.01818	0.01999	0.01272	0.01999	0.01091	0.01818	0.01091	0.01454	0.02726	0.00364	0.69284	0.00727	0.00364	0.00909
6	0.01719	0.01243	0.01344	0.01179	0.01419	0.01288	0.00832	0.18679	0.02100	0.02756	0.03514	0.04934	0.14089	0.38302	0.02664	0.00551	0.00765	0.01179	0.00646	0.00798
7	0.01735	0.01646	0.02792	0.47074	0.26156	0.01889	0.02390	0.02268	0.01740	0.02324	0.01506	0.02161	0.01179	0.00800	0.00828	0.00267	0.01066	0.00739	0.00383	0.01057
8	0.01187	0.00890	0.01335	0.01335	0.01483	0.01038	0.01038	0.01483	0.01335	0.01928	0.02225	0.03264	0.02077	0.06231	0.67512	0.01335	0.02225	0.00890	0.00445	0.00742
9	0.00982	0.00842	0.00842	0.00842	0.01122	0.00701	0.00631	0.01192	0.01894	0.02244	0.08416	0.07995	0.65285	0.02104	0.00982	0.00281	0.00421	0.01753	0.00771	0.00701
10	0.01195	0.00800	0.00910	0.00923	0.00926	0.00797	0.00521	0.01205	0.01234	0.01645	0.02749	0.09768	0.03186	0.66247	0.04017	0.00774	0.00784	0.01285	0.00521	0.00515
11	0.02404	0.01756	0.01937	0.01580	0.02033	0.01897	0.01246	0.39803	0.03118	0.04206	0.12693	0.09332	0.03033	0.09571	0.01281	0.00326	0.00776	0.01074	0.00800	0.01134
12	0.01144	0.00816	0.00888	0.00888	0.00967	0.00776	0.00539	0.01204	0.01402	0.01790	0.04255	0.06159	0.20602	0.51406	0.03312	0.00657	0.00697	0.01362	0.00579	0.00559
13	0.03103	0.03959	0.02354	0.02140	0.02568	0.67469	0.01605	0.03317	0.02354	0.02033	0.01284	0.01498	0.01070	0.00856	0.00749	0.00214	0.01498	0.00535	0.00428	0.00963
14	0.01069	0.00757	0.00937	0.01056	0.01108	0.00717	0.00679	0.01175	0.01498	0.01975	0.04281	0.45721	0.09392	0.23289	0.02017	0.00475	0.00575	0.01964	0.00690	0.00625
15	0.01185	0.00872	0.00970	0.00936	0.01210	0.00749	0.00705	0.01440	0.02013	0.06163	0.20800	0.09689	0.46369	0.01970	0.00976	0.00277	0.00433	0.01667	0.00819	0.00760
16	0.01208	0.00805	0.00906	0.00906	0.00906	0.00805	0.00503	0.01208	0.01208	0.01611	0.02618	0.05436	0.03020	0.70804	0.04228	0.00805	0.00805	0.01208	0.00503	0.00503
17	0.01012	0.00723	0.00964	0.01157	0.01205	0.00675	0.00771	0.01157	0.01591	0.02121	0.04579	0.70262	0.05495	0.02603	0.01060	0.00337	0.00482	0.02362	0.00771	0.00675
18	0.00982	0.00842	0.00842	0.00842	0.01122	0.00701	0.00631	0.01192	0.01894	0.02244	0.08416	0.07995	0.65285	0.02104	0.00982	0.00281	0.00421	0.01753	0.00771	0.00701
19	0.01021	0.00821	0.00910	0.00935	0.01158	0.00711	0.00683	0.01250	0.01916	0.02407	0.17416	0.19213	0.44393	0.02127	0.00996	0.00288	0.00427	0.01823	0.00796	0.00711
20	0.05843	0.01519	0.01670	0.01515	0.01879	0.01657	0.01158	0.21432	0.16736	0.03499	0.03311	0.29677	0.03287	0.01661	0.00910	0.00293	0.00667	0.01426	0.00794	0.01067
21	0.01031	0.00838	0.00880	0.00872	0.01109	0.00723	0.00633	0.01236	0.01861	0.02289	0.14069	0.07482	0.51242	0.10450	0.01378	0.00342	0.00465	0.01659	0.00755	0.00686
22	0.01407	0.01102	0.01233	0.01160	0.01395	0.01140	0.00837	0.02222	0.19490	0.02752	0.22478	0.05398	0.13915	0.19763	0.01796	0.00413	0.00580	0.01304	0.00765	0.00848
23	0.01091	0.00787	0.01014	0.01078	0.01196	0.00730	0.00751	0.01332	0.01895	0.02593	0.29673	0.36260	0.09388	0.06761	0.01235	0.00334	0.00463	0.01898	0.00812	0.00710
24	0.01111	0.00954	0.00965	0.00943	0.01246	0.00864	0.00713	0.01576	0.09303	0.02391	0.07816	0.07412	0.57814	0.01988	0.00966	0.00281	0.00449	0.01656	0.00780	0.00774
25	0.01080	0.00893	0.00954	0.00942	0.01208	0.00795	0.00704	0.01444	0.05660	0.02490	0.17249	0.10646	0.48996	0.02005	0.00977	0.00280	0.00433	0.01695	0.00799	0.00750
26	0.01293	0.00962	0.01102	0.01115	0.01294	0.00931	0.00782	0.08521	0.01886	0.02439	0.05018	0.33445	0.21467	0.13955	0.01554	0.00391	0.00572	0.01800	0.00732	0.00741
27	0.01170	0.00780	0.00916	0.00970	0.00994	0.00767	0.00583	0.01232	0.01345	0.01833	0.03178	0.23689	0.03675	0.47803	0.03139	0.00641	0.00692	0.01512	0.04514	0.00566
28	0.01795	0.01473	0.01539	0.01361	0.01784	0.01564	0.01065	0.13822	0.25789	0.03263	0.05324	0.05034	0.29743	0.01530	0.00902	0.00275	0.00602	0.01259	0.00810	0.01065
29	0.01149	0.00826	0.01096	0.01134	0.01288	0.00773	0.00846	0.01469	0.02084	0.02888	0.40783	0.24739	0.06811	0.02026	0.01023	0.00297	0.00462	0.08699	0.00856	0.00751
30	0.01176	0.00835	0.01031	0.00990	0.01128	0.00786	0.00686	0.01433	0.01963	0.02726	0.42250	0.06054	0.09320	0.23757	0.02016	0.00436	0.00525	0.01422	0.00776	0.00690
31	0.01208	0.00805	0.00906	0.00906	0.00906	0.00805	0.00503	0.01208	0.01208	0.01611	0.02618	0.05436	0.03020	0.70804	0.04228	0.00805	0.00805	0.01208	0.00503	0.00503
32	0.11016	0.02233	0.02587	0.02871	0.20168	0.14318	0.01877	0.02452	0.01665	0.02413	0.01268	0.01770	0.01128	0.01060	0.01558	0.00290	0.29224	0.00662	0.00407	0.01033
33	0.01199	0.00818	0.00964	0.00945	0.01001	0.00799	0.00583	0.01310	0.01532	0.02099	0.20353	0.05654	0.04386	0.51215	0.03307	0.00651	0.00688	0.01292	0.00620	0.00583
34	0.02098	0.01769	0.01905	0.01609	0.02159	0.01902	0.01267	0.09692	0.44177	0.03478	0.02817	0.02682	0.02132	0.01000	0.00792	0.00243	0.00673	0.00820	0.00765	0.18020
35	0.01767	0.01141	0.01333	0.01235	0.01573	0.01112	0.00940	0.02492	0.16101	0.14510	0.12368	0.17236	0.21396	0.01726	0.00938	0.00285	0.00536	0.01481	0.00853	0.00978
36	0.02092	0.01956	0.01891	0.01614	0.02154	0.09564	0.01256	0.03626	0.39096	0.03086	0.02592	0.02519	0.01992	0.00950	0.00769	0.00229	0.00745	0.00764	0.00696	0.22410
37	0.01187	0.00890	0.01335	0.01335	0.01483	0.01038	0.01038	0.01483	0.01335	0.01928	0.02225	0.03264	0.02077	0.06231	0.67512	0.01335	0.02225	0.00890	0.00445	0.00742
38	0.01899	0.01009	0.01342	0.01168	0.01490	0.00908	0.00908	0.02271	0.02359	0.21152	0.47636	0.05248	0.06200	0.01508	0.00939	0.00260	0.00481	0.01313	0.00947	0.00962
39	0.01068	0.00746	0.00948	0.01086	0.01120	0.00712	0.00695	0.01171	0.01482	0.01976	0.04023	0.51887	0.04793	0.21935	0.01958	0.00470	0.00574	0.02035	0.00695	0.00626
40	0.01012	0.00723	0.00964	0.01157	0.01205	0.00675	0.00771	0.01157	0.01591	0.02121	0.04579	0.70262	0.05495	0.02603	0.01060	0.00337	0.00482	0.02362	0.00771	0.00675
41	0.00992	0.00842	0.00855	0.00852	0.01128	0.00706	0.00639	0.01212	0.01917	0.02300	0.11350	0.07902	0.62315	0.02083	0.00982	0.00280	0.00419	0.01740	0.00779	0.00706
42	0.15685	0.01500	0.01845	0.01440	0.02063	0.01407	0.01189	0.07284	0.02310	0.52300	0.02852	0.02535	0.01828	0.00984	0.00782	0.00257	0.00709	0.00767	0.00932	0.01329
43	0.01012	0.00723	0.00964	0.01157	0.01205	0.00675	0.00771	0.01157	0.01591	0.02121	0.04579	0.70262	0.05495	0.02603	0.01060	0.00337	0.00482	0.02362	0.00771	0.00675
44	0.01114	0.00766	0.00934	0.01027	0.01050	0.00743	0.00632	0.01183	0.01392	0.01856	0.03560	0.36590	0.04209	0.38028	0.02706	0.00580	0.00650	0.01762	0.00632	0.00586
45	0.01083	0.00846	0.00981	0.00947	0.01184	0.00744	0.00711	0.01387	0.02132	0.02809	0.37910	0.07065	0.35439	0.01893	0.00981	0.00271	0.00406	0.01623	0.00846	0.00744
46	0.01012	0.00723	0.00964	0.01157	0.01205	0.00675	0.00771	0.01157	0.01591	0.02121	0.04579	0.70262	0.05495	0.02603	0.01060	0.00337	0.00482	0.02362	0.00771	0.00675
47	0.01187	0.00890	0.01335	0.01335	0.01483	0.01038	0.01038	0.01483	0.01335	0.01928	0.02225	0.03264	0.02077	0.06231	0.67512	0.01335	0.02225	0.00890	0.00445	0.00742
48	0.01666	0.04297	0.66500	0.02368	0.03596	0.01929	0.03069	0.02631	0.01754	0.02631	0.01491	0.01754	0.01052	0.00789	0.00789	0.00263	0.01228	0.00614	0.00351	0.01228
49	0.01070	0.00845	0.00964	0.00934	0.01176	0.00739	0.00701	0.01363	0.02102	0.02739	0.34233	0.07181	0.39159	0.01919	0.00981	0.00272	0.00408	0.01639	0.00837	0.00739
50	0.00998	0.00847	0.00864	0.00872	0.01149	0.00713	0.00663	0.01216	0.01894	0.02255	0.08235	0.08057	0.62568	0.02113	0.00989	0.00285	0.00436	0.04370	0.00771	0.00704
51	0.01176	0.00849	0.01110	0.01045	0.01241	0.00784	0.00784	0.01568	0.02352	0.03331	0.65184	0.06206	0.07839	0.01698	0.00980	0.00261	0.00392	0.01502	0.00914	0.00784
52	0.01018	0.00751	0.00954	0.01097	0.01194	0.00686	0.00749	0.01190	0.01691	0.02222	0.09259	0.55746	0.15480	0.02460	0.01042	0.00323	0.00466	0.02204	0.00781	0.00686
53	0.01961	0.02241	0.04902	0.03501	0.04342	0.02101	0.62605	0.02661	0.01961	0.02661	0.01681	0.02241	0.01261	0.00700	0.00980	0.00280	0.01401	0.00980	0.00420	0.01120
54	0.00992	0.00842	0.00856	0.00852	0.01128	0.00706	0.00639	0.01212	0.01918	0.02301	0.11398	0.07901	0.62267	0.02083	0.00982	0.00280	0.00419	0.01740	0.00779	0.00706
55	0.01176	0.00849	0.01110	0.01045	0.01241	0.00784	0.00784	0.01568	0.02352	0.03331	0.65184	0.06206	0.07839	0.01698	0.00980	0.00261	0.00392	0.01502	0.00914	0.00784
56	0.01004	0.00757	0.00929	0.01067	0.01181	0.00682	0.00731	0.01167	0.01676	0.02156	0.05666	0.52612	0.22443	0.02461	0.01038	0.00321	0.00465	0.02189	0.00771	0.00682
57	0.01187	0.00890	0.01335	0.01335	0.01483	0.01038	0.01038	0.01483	0.01335	0.01928	0.02225	0.03264	0.02077	0.06231	0.67512	0.01335	0.02225	0.00890	0.00445	0.00742
58	0.01066	0.00754	0.00939	0.01065	0.01115	0.00714	0.00686	0.01174	0.01502	0.01984	0.04279	0.47726	0.08788	0.21902	0.01953	0.00466	0.00570	0.01994	0.00695	0.00628
59	0.01187	0.00890	0.01335	0.01335	0.01483	0.01038	0.01038	0.01483	0.01335	0.01928	0.02225	0.03264	0.02077	0.06231	0.67512	0.01335	0.02225	0.00890	0.00445	0.00742
60	0.01020	0.00843	0.00894	0.00881	0.01145	0.00717	0.00661	0.01266	0.01983	0.02457	0.19544	0.07644	0.54024	0.02024	0.00981	0.00277	0.00415	0.01704	0.00799	0.00717
61	0.01733	0.01644	0.02787	0.47402	0.25848	0.01889	0.02389	0.02266	0.01739	0.02321	0.01505	0.02162	0.01177	0.00800	0.00828	0.00267	0.01067	0.00739	0.00383	0.01055
62	0.01041	0.00852	0.00924	0.00928	0.01188	0.00735	0.00711	0.01295	0.01970	0.02441	0.17396	0.07809	0.51176	0.02052	0.00994	0.00285	0.00443	0.06244	0.00794	0.00720
63	0.01855	0.01769	0.03009	0.31389	0.40904	0.01921	0.02450	0.02373	0.01796	0.02470	0.01527	0.02122	0.01230	0.00777	0.00826	0.00259	0.01037	0.00739	0.00394	0.01154
64	0.01515	0.01347	0.01514	0.01463	0.01668	0.09720	0.01134	0.04208	0.01572	0.02076	0.02094	0.02983	0.01919	0.05321	0.56148	0.01146	0.02078	0.00838	0.00458	0.00798
65	0.03119	0.03497	0.02394	0.02075	0.02570	0.49091	0.01598	0.20178	0.02794	0.02940	0.01485	0.01639	0.01167	0.00896	0.00772	0.00224	0.01333	0.00595	0.00542	0.01090

[dist]
# distance from previous block
# <min> <max>
0	4

# created by:
# /home/cegg/simao/soft/augustus-3.2.1/scripts/msa2prfl.pl ./align_prep/14285.fa
