[name]
unknown

[dist]
# distance from previous block
# <min> <max>
0	1

[block]
# block no. 0 follows, 21 sequences, length 83
# corresponding to MSA columns:
# 1-83
name=unknown_A
#
# <colnr> <probs for GDERKNQSTAVLIFYWHMCP>
#	G	D	E	R	K	N	Q	S	T	A	V	L	I	F	Y	W	H	M	C	P
0	0.01371	0.00980	0.01371	0.01567	0.01763	0.00980	0.01371	0.01763	0.01959	0.02547	0.04506	0.09599	0.04898	0.02351	0.01175	0.00392	0.00784	0.59056	0.00784	0.00784
1	0.02186	0.02237	0.04314	0.03802	0.19635	0.02179	0.39129	0.10062	0.02238	0.03068	0.01731	0.02216	0.01325	0.00766	0.00944	0.00274	0.01265	0.00912	0.00480	0.01236
2	0.02963	0.02180	0.02360	0.01862	0.02465	0.02398	0.01515	0.54432	0.03708	0.04969	0.02371	0.10390	0.01964	0.01225	0.00880	0.00267	0.00882	0.00971	0.00844	0.01354
3	0.01006	0.00862	0.00862	0.00862	0.01149	0.00718	0.00647	0.01221	0.01940	0.02299	0.08621	0.08190	0.64438	0.02155	0.01006	0.00287	0.00431	0.01796	0.00790	0.00718
4	0.01946	0.01694	0.02855	0.04172	0.48518	0.01694	0.02133	0.02228	0.01726	0.02448	0.01569	0.02229	0.01381	0.01320	0.01477	0.19408	0.00942	0.00753	0.00408	0.01098
5	0.01707	0.04402	0.65683	0.02426	0.03683	0.01976	0.03144	0.02695	0.01797	0.02695	0.01527	0.01797	0.01078	0.00809	0.00809	0.00270	0.01258	0.00629	0.00359	0.01258
6	0.76103	0.01646	0.01251	0.01119	0.01646	0.01909	0.00922	0.02502	0.01448	0.03818	0.01185	0.01382	0.00922	0.00790	0.00527	0.00263	0.00658	0.00461	0.00527	0.00922
7	0.01216	0.00912	0.01368	0.01368	0.01520	0.01064	0.01064	0.01520	0.01368	0.01976	0.02279	0.03343	0.02127	0.06382	0.66720	0.01368	0.02279	0.00912	0.00456	0.00760
8	0.03818	0.01448	0.01975	0.01514	0.02172	0.01251	0.01251	0.04147	0.02436	0.65373	0.03357	0.02897	0.02107	0.01053	0.00856	0.00263	0.00724	0.00856	0.01053	0.01448
9	0.01238	0.00825	0.00928	0.00928	0.00928	0.00825	0.00516	0.01238	0.01238	0.01650	0.02681	0.05569	0.03094	0.70092	0.04331	0.00825	0.00825	0.01238	0.00516	0.00516
10	0.01238	0.00825	0.00928	0.00928	0.00928	0.00825	0.00516	0.01238	0.01238	0.01650	0.02681	0.05569	0.03094	0.70092	0.04331	0.00825	0.00825	0.01238	0.00516	0.00516
11	0.01212	0.01042	0.01060	0.01024	0.01347	0.00979	0.00777	0.01835	0.13344	0.02534	0.07662	0.07257	0.52934	0.01969	0.00980	0.00288	0.00476	0.01641	0.00804	0.00835
12	0.01037	0.00741	0.00987	0.01185	0.01234	0.00691	0.00790	0.01185	0.01629	0.02172	0.04690	0.69537	0.05629	0.02666	0.01086	0.00346	0.00494	0.02419	0.00790	0.00691
13	0.01310	0.00881	0.01221	0.01221	0.01385	0.00995	0.00944	0.01638	0.01474	0.02281	0.02406	0.03300	0.02141	0.05005	0.49828	0.01069	0.01798	0.00881	0.19451	0.00768
14	0.01037	0.00741	0.00987	0.01185	0.01234	0.00691	0.00790	0.01185	0.01629	0.02172	0.04690	0.69537	0.05629	0.02666	0.01086	0.00346	0.00494	0.02419	0.00790	0.00691
15	0.03045	0.02265	0.02422	0.01882	0.02530	0.02500	0.01547	0.55256	0.07182	0.05087	0.02501	0.02460	0.05134	0.01094	0.00861	0.00259	0.00893	0.00836	0.00849	0.01400
16	0.01970	0.02147	0.04192	0.03277	0.07496	0.02282	0.39894	0.02513	0.01790	0.02524	0.01531	0.02152	0.01242	0.00954	0.01537	0.00311	0.21771	0.00910	0.00412	0.01094
17	0.01057	0.00864	0.00932	0.00915	0.01181	0.00740	0.00687	0.01320	0.02060	0.02583	0.22853	0.07722	0.50029	0.02049	0.01005	0.00282	0.00423	0.01730	0.00828	0.00740
18	0.01037	0.00741	0.00987	0.01185	0.01234	0.00691	0.00790	0.01185	0.01629	0.02172	0.04690	0.69537	0.05629	0.02666	0.01086	0.00346	0.00494	0.02419	0.00790	0.00691
19	0.01478	0.00739	0.01109	0.01109	0.01109	0.00739	0.00739	0.01109	0.01109	0.01478	0.01478	0.02587	0.01478	0.02956	0.03326	0.75240	0.00739	0.00739	0.00370	0.00370
20	0.03185	0.01546	0.05389	0.01509	0.02118	0.01275	0.01292	0.03692	0.06188	0.48323	0.12812	0.03395	0.03008	0.01153	0.00877	0.00266	0.00700	0.00957	0.00985	0.01330
21	0.02332	0.01726	0.01921	0.01651	0.02080	0.01868	0.01287	0.35351	0.06754	0.04041	0.03135	0.27722	0.03105	0.01654	0.00941	0.00292	0.00752	0.01406	0.00829	0.01154
22	0.01216	0.00912	0.01368	0.01368	0.01520	0.01064	0.01064	0.01520	0.01368	0.01976	0.02279	0.03343	0.02127	0.06382	0.66720	0.01368	0.02279	0.00912	0.00456	0.00760
23	0.01037	0.00741	0.00987	0.01185	0.01234	0.00691	0.00790	0.01185	0.01629	0.02172	0.04690	0.69537	0.05629	0.02666	0.01086	0.00346	0.00494	0.02419	0.00790	0.00691
24	0.01109	0.00866	0.01006	0.00971	0.01213	0.00763	0.00728	0.01422	0.02184	0.02880	0.37682	0.07234	0.35015	0.01939	0.01005	0.00277	0.00416	0.01662	0.00867	0.00763
25	0.01478	0.00739	0.01109	0.01109	0.01109	0.00739	0.00739	0.01109	0.01109	0.01478	0.01478	0.02587	0.01478	0.02956	0.03326	0.75240	0.00739	0.00739	0.00370	0.00370
26	0.03738	0.01466	0.01973	0.01524	0.02174	0.01292	0.01255	0.04165	0.05311	0.62451	0.03362	0.02910	0.02130	0.01058	0.00856	0.00265	0.00722	0.00861	0.01044	0.01443
27	0.01235	0.00835	0.00981	0.00981	0.00999	0.00854	0.00581	0.01271	0.01253	0.01689	0.02633	0.05303	0.02978	0.62477	0.11788	0.00890	0.00999	0.01199	0.00509	0.00545
28	0.01154	0.00868	0.01067	0.01017	0.01240	0.00781	0.00763	0.01508	0.02289	0.03129	0.50124	0.06824	0.22417	0.01846	0.01004	0.00273	0.00409	0.01605	0.00899	0.00781
29	0.01238	0.00825	0.00928	0.00928	0.00928	0.00825	0.00516	0.01238	0.01238	0.01650	0.02681	0.05569	0.03094	0.70092	0.04331	0.00825	0.00825	0.01238	0.00516	0.00516
30	0.02275	0.70604	0.04459	0.01456	0.02184	0.03367	0.01456	0.02548	0.01729	0.02002	0.01183	0.01365	0.01092	0.00728	0.00546	0.00182	0.00910	0.00455	0.00364	0.01092
31	0.02275	0.70604	0.04459	0.01456	0.02184	0.03367	0.01456	0.02548	0.01729	0.02002	0.01183	0.01365	0.01092	0.00728	0.00546	0.00182	0.00910	0.00455	0.00364	0.01092
32	0.01134	0.00844	0.00911	0.00907	0.01044	0.00777	0.00589	0.01251	0.01610	0.02032	0.08711	0.06758	0.30173	0.36601	0.02693	0.00559	0.00629	0.01498	0.00659	0.00620
33	0.01037	0.00741	0.00987	0.01185	0.01234	0.00691	0.00790	0.01185	0.01629	0.02172	0.04690	0.69537	0.05629	0.02666	0.01086	0.00346	0.00494	0.02419	0.00790	0.00691
34	0.02457	0.02636	0.02059	0.09264	0.02620	0.30382	0.01466	0.13801	0.02512	0.02770	0.03339	0.03412	0.17323	0.01227	0.00854	0.00251	0.01094	0.00931	0.00600	0.01001
35	0.01053	0.00808	0.00953	0.01032	0.01192	0.00721	0.00723	0.01252	0.01829	0.02349	0.13319	0.34917	0.29090	0.05252	0.01184	0.00334	0.00472	0.02016	0.00796	0.00708
36	0.01099	0.00803	0.01041	0.01216	0.01291	0.00773	0.00822	0.01377	0.05173	0.02252	0.04620	0.65721	0.05454	0.02579	0.01074	0.00342	0.00504	0.02335	0.00794	0.00729
37	0.01839	0.01471	0.01903	0.01664	0.01918	0.01758	0.01345	0.14067	0.01935	0.02798	0.01936	0.02622	0.01699	0.03458	0.30066	0.00761	0.18349	0.00814	0.05130	0.04469
38	0.01238	0.00825	0.00928	0.00928	0.00928	0.00825	0.00516	0.01238	0.01238	0.01650	0.02681	0.05569	0.03094	0.70092	0.04331	0.00825	0.00825	0.01238	0.00516	0.00516
39	0.01765	0.01513	0.01765	0.01260	0.02017	0.01134	0.01008	0.02143	0.01765	0.02773	0.01513	0.01765	0.01260	0.00630	0.00630	0.00126	0.00630	0.00504	0.00504	0.75295
40	0.01238	0.00825	0.00928	0.00928	0.00928	0.00825	0.00516	0.01238	0.01238	0.01650	0.02681	0.05569	0.03094	0.70092	0.04331	0.00825	0.00825	0.01238	0.00516	0.00516
41	0.01765	0.01513	0.01765	0.01260	0.02017	0.01134	0.01008	0.02143	0.01765	0.02773	0.01513	0.01765	0.01260	0.00630	0.00630	0.00126	0.00630	0.00504	0.00504	0.75295
42	0.03235	0.02384	0.02554	0.01958	0.02639	0.02639	0.01618	0.61946	0.04001	0.05363	0.02043	0.02043	0.01447	0.01022	0.00851	0.00255	0.00936	0.00766	0.00851	0.01447
43	0.02106	0.02022	0.03454	0.05223	0.64784	0.02022	0.02612	0.02612	0.01938	0.02780	0.01601	0.02106	0.01348	0.00758	0.00842	0.00253	0.01011	0.00758	0.00421	0.01348
44	0.01216	0.00912	0.01368	0.01368	0.01520	0.01064	0.01064	0.01520	0.01368	0.01976	0.02279	0.03343	0.02127	0.06382	0.66720	0.01368	0.02279	0.00912	0.00456	0.00760
45	0.01478	0.00739	0.01109	0.01109	0.01109	0.00739	0.00739	0.01109	0.01109	0.01478	0.01478	0.02587	0.01478	0.02956	0.03326	0.75240	0.00739	0.00739	0.00370	0.00370
46	0.03818	0.01448	0.01975	0.01514	0.02172	0.01251	0.01251	0.04147	0.02436	0.65373	0.03357	0.02897	0.02107	0.01053	0.00856	0.00263	0.00724	0.00856	0.01053	0.01448
47	0.03818	0.01448	0.01975	0.01514	0.02172	0.01251	0.01251	0.04147	0.02436	0.65373	0.03357	0.02897	0.02107	0.01053	0.00856	0.00263	0.00724	0.00856	0.01053	0.01448
48	0.01056	0.00864	0.00932	0.00915	0.01181	0.00740	0.00686	0.01319	0.02059	0.02583	0.22831	0.07722	0.50051	0.02049	0.01005	0.00282	0.00424	0.01730	0.00828	0.00740
49	0.01006	0.00862	0.00862	0.00862	0.01149	0.00718	0.00647	0.01221	0.01940	0.02299	0.08621	0.08190	0.64438	0.02155	0.01006	0.00287	0.00431	0.01796	0.00790	0.00718
50	0.01765	0.01513	0.01765	0.01260	0.02017	0.01134	0.01008	0.02143	0.01765	0.02773	0.01513	0.01765	0.01260	0.00630	0.00630	0.00126	0.00630	0.00504	0.00504	0.75295
51	0.01822	0.01086	0.01115	0.01030	0.01313	0.01148	0.00794	0.08483	0.09657	0.03447	0.02786	0.03057	0.02157	0.01015	0.00655	0.00215	0.00487	0.00811	0.57991	0.00930
52	0.07296	0.01673	0.02051	0.01589	0.02227	0.01621	0.01309	0.18721	0.02783	0.44292	0.05439	0.02744	0.02123	0.01060	0.00844	0.00261	0.00762	0.00841	0.00970	0.01394
53	0.01074	0.00922	0.00928	0.00916	0.01215	0.00805	0.00690	0.01425	0.05720	0.02377	0.08303	0.07881	0.60626	0.02094	0.00997	0.00287	0.00446	0.01745	0.00795	0.00757
54	0.01024	0.00830	0.00909	0.00959	0.01178	0.00715	0.00693	0.01230	0.01879	0.02319	0.10292	0.24593	0.45866	0.02272	0.01027	0.00302	0.00446	0.01951	0.00797	0.00715
55	0.01238	0.00825	0.00928	0.00928	0.00928	0.00825	0.00516	0.01238	0.01238	0.01650	0.02681	0.05569	0.03094	0.70092	0.04331	0.00825	0.00825	0.01238	0.00516	0.00516
56	0.02309	0.01923	0.02032	0.01771	0.02286	0.02206	0.01393	0.14379	0.53077	0.03869	0.03220	0.02981	0.02400	0.01132	0.00863	0.00283	0.00719	0.00929	0.00863	0.01364
57	0.01719	0.01168	0.01279	0.01134	0.01440	0.01180	0.00872	0.14562	0.02413	0.03456	0.19395	0.04774	0.14507	0.05654	0.01057	0.00283	0.00546	0.01182	0.22474	0.00906
58	0.01419	0.01799	0.17559	0.01405	0.01768	0.01183	0.01288	0.04531	0.01583	0.02188	0.02709	0.15674	0.02945	0.37214	0.02693	0.00571	0.00883	0.01267	0.00540	0.00781
59	0.01481	0.00807	0.00854	0.00854	0.00999	0.00814	0.00596	0.01772	0.01626	0.02730	0.02730	0.03793	0.02412	0.18886	0.04531	0.00411	0.00591	0.00912	0.52484	0.00721
60	0.01178	0.00835	0.00911	0.00911	0.00985	0.00798	0.00549	0.01233	0.01417	0.01816	0.04199	0.06239	0.18764	0.52738	0.03482	0.00688	0.00724	0.01380	0.00586	0.00567
61	0.01161	0.00839	0.00916	0.00913	0.01014	0.00790	0.00570	0.01248	0.01514	0.01935	0.07245	0.06447	0.23067	0.45269	0.03117	0.00628	0.00680	0.01430	0.00622	0.00593
62	0.01037	0.00741	0.00987	0.01185	0.01234	0.00691	0.00790	0.01185	0.01629	0.02172	0.04690	0.69537	0.05629	0.02666	0.01086	0.00346	0.00494	0.02419	0.00790	0.00691
63	0.01236	0.00830	0.00951	0.00951	0.00959	0.00837	0.00544	0.01252	0.01244	0.01667	0.02661	0.05454	0.03044	0.66800	0.07556	0.00853	0.00900	0.01221	0.00513	0.00528
64	0.01979	0.01708	0.01792	0.01624	0.02081	0.01943	0.01260	0.04112	0.55621	0.03403	0.04105	0.03799	0.10289	0.01279	0.00883	0.00288	0.00643	0.01066	0.00857	0.01269
65	0.01370	0.00995	0.01107	0.01024	0.01337	0.00892	0.00784	0.05268	0.02218	0.06706	0.22117	0.07010	0.42236	0.01910	0.00986	0.00279	0.00473	0.01608	0.00848	0.00831
66	0.01010	0.00845	0.00880	0.00908	0.01162	0.00715	0.00667	0.01216	0.01896	0.02281	0.08062	0.16916	0.56073	0.02228	0.01017	0.00296	0.00440	0.01885	0.00790	0.00715
67	0.01383	0.01144	0.01629	0.01534	0.01629	0.01428	0.01199	0.01620	0.01335	0.01954	0.02033	0.03242	0.01990	0.13056	0.42630	0.01046	0.19023	0.00910	0.00442	0.00773
68	0.03235	0.02384	0.02554	0.01958	0.02639	0.02639	0.01618	0.61946	0.04001	0.05363	0.02043	0.02043	0.01447	0.01022	0.00851	0.00255	0.00936	0.00766	0.00851	0.01447
69	0.01156	0.00815	0.01063	0.01138	0.01195	0.00835	0.00760	0.01290	0.01420	0.01931	0.03342	0.29298	0.03810	0.28233	0.19012	0.00781	0.01070	0.01603	0.00605	0.00645
70	0.01149	0.00836	0.01082	0.01087	0.01254	0.00769	0.00790	0.01474	0.02181	0.03026	0.45625	0.22610	0.10934	0.02002	0.01025	0.00289	0.00427	0.01780	0.00890	0.00769
71	0.02081	0.02092	0.03854	0.04806	0.49394	0.02055	0.17681	0.02641	0.01956	0.02766	0.01632	0.02155	0.01334	0.00748	0.00884	0.00261	0.01119	0.00821	0.00424	0.01297
72	0.02117	0.01828	0.01924	0.01732	0.02213	0.02117	0.01347	0.04522	0.63246	0.03560	0.03464	0.03175	0.02598	0.01155	0.00866	0.00289	0.00673	0.00962	0.00866	0.01347
73	0.01707	0.04402	0.65683	0.02426	0.03683	0.01976	0.03144	0.02695	0.01797	0.02695	0.01527	0.01797	0.01078	0.00809	0.00809	0.00270	0.01258	0.00629	0.00359	0.01258
74	0.01835	0.01554	0.01802	0.01294	0.02046	0.01206	0.01037	0.04995	0.01871	0.02897	0.01538	0.01778	0.01269	0.00649	0.00641	0.00132	0.00645	0.00517	0.00521	0.71773
75	0.02064	0.01671	0.01862	0.01413	0.02078	0.01518	0.01136	0.17428	0.05535	0.03416	0.02633	0.02708	0.09235	0.00947	0.00746	0.00188	0.00686	0.00755	0.00647	0.43334
76	0.02808	0.03235	0.02344	0.02089	0.02499	0.41879	0.01608	0.07077	0.14818	0.02583	0.01776	0.01941	0.01427	0.01016	0.01034	0.00254	0.09317	0.00670	0.00543	0.01082
77	0.03235	0.02384	0.02554	0.01958	0.02639	0.02639	0.01618	0.61946	0.04001	0.05363	0.02043	0.02043	0.01447	0.01022	0.00851	0.00255	0.00936	0.00766	0.00851	0.01447
78	0.01321	0.00939	0.01161	0.01240	0.01490	0.00864	0.01020	0.01619	0.01955	0.05664	0.06214	0.12369	0.30207	0.02220	0.01081	0.00338	0.00612	0.28101	0.00801	0.00784
79	0.02391	0.16856	0.02925	0.02059	0.02357	0.24352	0.01704	0.02607	0.01765	0.02050	0.01198	0.01649	0.01105	0.01125	0.01644	0.00281	0.31936	0.00618	0.00393	0.00983
80	0.01053	0.00752	0.01006	0.01203	0.01260	0.00705	0.00818	0.01213	0.01645	0.02190	0.04682	0.66644	0.05593	0.02651	0.01091	0.00348	0.00508	0.05153	0.00790	0.00696
81	0.01175	0.00863	0.01101	0.01053	0.01256	0.00789	0.00785	0.01545	0.02322	0.03234	0.55523	0.09407	0.14120	0.01827	0.01008	0.00273	0.00409	0.01607	0.00914	0.00789
82	0.01876	0.03768	0.46019	0.03025	0.14802	0.05086	0.08131	0.02716	0.01870	0.02684	0.01548	0.01884	0.01147	0.00795	0.00830	0.00266	0.01242	0.00682	0.00381	0.01251

[dist]
# distance from previous block
# <min> <max>
0	24

[block]
# block no. 1 follows, 21 sequences, length 38
# corresponding to MSA columns:
# 108-145
name=unknown_B
#
# <colnr> <probs for GDERKNQSTAVLIFYWHMCP>
#	G	D	E	R	K	N	Q	S	T	A	V	L	I	F	Y	W	H	M	C	P
0	0.02275	0.70604	0.04459	0.01456	0.02184	0.03367	0.01456	0.02548	0.01729	0.02002	0.01183	0.01365	0.01092	0.00728	0.00546	0.00182	0.00910	0.00455	0.00364	0.01092
1	0.01898	0.17783	0.34382	0.02819	0.17875	0.02224	0.02536	0.02588	0.01848	0.02604	0.04706	0.02014	0.01504	0.00827	0.00771	0.00247	0.01080	0.00670	0.00405	0.01221
2	0.01439	0.01240	0.01795	0.01667	0.01766	0.01596	0.01339	0.01702	0.01345	0.02001	0.01878	0.02832	0.01779	0.04694	0.44663	0.01024	0.25139	0.00854	0.00427	0.00819
3	0.03235	0.02384	0.02554	0.01958	0.02639	0.02639	0.01618	0.61946	0.04001	0.05363	0.02043	0.02043	0.01447	0.01022	0.00851	0.00255	0.00936	0.00766	0.00851	0.01447
4	0.01506	0.01148	0.01343	0.01245	0.01528	0.01192	0.00948	0.02503	0.20428	0.03437	0.41280	0.05154	0.05944	0.01505	0.00930	0.00268	0.00482	0.01307	0.06888	0.00964
5	0.01238	0.00825	0.00928	0.00928	0.00928	0.00825	0.00516	0.01238	0.01238	0.01650	0.02681	0.05569	0.03094	0.70092	0.04331	0.00825	0.00825	0.01238	0.00516	0.00516
6	0.01818	0.03662	0.44875	0.02954	0.08821	0.02026	0.18330	0.02696	0.01863	0.02710	0.01584	0.01951	0.01155	0.00781	0.00862	0.00273	0.01284	0.00737	0.00383	0.01236
7	0.02504	0.30566	0.06394	0.01805	0.02412	0.23503	0.01580	0.03264	0.15458	0.02406	0.01744	0.01840	0.01423	0.00874	0.00701	0.00222	0.01078	0.00605	0.00498	0.01122
8	0.02121	0.02057	0.06751	0.04048	0.41222	0.01925	0.07203	0.05142	0.06676	0.05834	0.02083	0.07342	0.01788	0.00957	0.00875	0.00267	0.00979	0.00918	0.00527	0.01285
9	0.01140	0.00893	0.01053	0.01113	0.01352	0.00806	0.00889	0.01428	0.01986	0.02496	0.13620	0.11058	0.37436	0.02189	0.01060	0.00319	0.00537	0.19073	0.00805	0.00747
10	0.02181	0.01860	0.01961	0.01745	0.02237	0.02147	0.01363	0.07830	0.59834	0.03664	0.03382	0.03110	0.02532	0.01147	0.00865	0.00287	0.00689	0.00951	0.00865	0.01353
11	0.07808	0.03657	0.46814	0.02934	0.16932	0.01981	0.02848	0.02661	0.01800	0.02805	0.01516	0.01831	0.01125	0.00796	0.00793	0.00265	0.01155	0.00644	0.00386	0.01250
12	0.05294	0.02841	0.16344	0.07646	0.06525	0.14113	0.02082	0.08274	0.07143	0.02757	0.01589	0.01941	0.01266	0.01033	0.01279	0.00285	0.17296	0.00693	0.00477	0.01121
13	0.03097	0.02250	0.02406	0.01860	0.02501	0.02484	0.01532	0.56910	0.03815	0.05179	0.02105	0.02138	0.01509	0.01019	0.00830	0.00251	0.00891	0.00768	0.07063	0.01392
14	0.01413	0.01087	0.01348	0.01447	0.01667	0.01127	0.01149	0.02163	0.15313	0.02642	0.04570	0.26195	0.08043	0.02172	0.01071	0.00349	0.00652	0.25913	0.00804	0.00876
15	0.03106	0.09435	0.02577	0.02133	0.02595	0.61559	0.01629	0.03329	0.02356	0.02076	0.01305	0.01521	0.01096	0.00865	0.00749	0.00216	0.01484	0.00541	0.00432	0.00995
16	0.01739	0.01385	0.01639	0.15835	0.02492	0.06599	0.01301	0.07027	0.01870	0.02668	0.02162	0.02803	0.01787	0.02681	0.21872	0.00598	0.01298	0.00801	0.22557	0.00886
17	0.01357	0.00970	0.01352	0.01526	0.01722	0.00965	0.01324	0.01750	0.01997	0.02619	0.09530	0.09327	0.05161	0.02300	0.01161	0.00381	0.00752	0.54225	0.00796	0.00785
18	0.03045	0.03782	0.02276	0.02075	0.02493	0.61143	0.01556	0.03279	0.02359	0.02174	0.01438	0.01672	0.01187	0.00887	0.00753	0.00217	0.01439	0.00569	0.06685	0.00970
19	0.02275	0.70604	0.04459	0.01456	0.02184	0.03367	0.01456	0.02548	0.01729	0.02002	0.01183	0.01365	0.01092	0.00728	0.00546	0.00182	0.00910	0.00455	0.00364	0.01092
20	0.01034	0.00842	0.00919	0.00973	0.01203	0.00727	0.00719	0.01245	0.01873	0.02286	0.07528	0.21631	0.48209	0.02278	0.01033	0.00306	0.00465	0.05222	0.00790	0.00716
21	0.02214	0.02281	0.05781	0.21644	0.30913	0.10009	0.02333	0.09506	0.02165	0.02825	0.01590	0.02059	0.01258	0.00831	0.00835	0.00258	0.01112	0.00727	0.00459	0.01200
22	0.01006	0.00862	0.00862	0.00862	0.01149	0.00718	0.00647	0.01221	0.01940	0.02299	0.08621	0.08190	0.64438	0.02155	0.01006	0.00287	0.00431	0.01796	0.00790	0.00718
23	0.01759	0.10491	0.60052	0.02336	0.03545	0.02104	0.02989	0.02682	0.01790	0.02631	0.01496	0.01757	0.01079	0.00801	0.00784	0.00261	0.01226	0.00613	0.00360	0.01242
24	0.02035	0.02223	0.04604	0.04023	0.20533	0.02117	0.45942	0.02696	0.01990	0.02740	0.01689	0.02245	0.01306	0.00728	0.00961	0.00278	0.01322	0.00939	0.00428	0.01201
25	0.01041	0.00837	0.00928	0.00962	0.01185	0.00724	0.00700	0.01268	0.01938	0.02429	0.15646	0.21291	0.43651	0.02208	0.01023	0.00297	0.00441	0.01895	0.00811	0.00724
26	0.03179	0.04056	0.02412	0.02192	0.02631	0.66676	0.01644	0.03398	0.02412	0.02083	0.01315	0.01535	0.01096	0.00877	0.00767	0.00219	0.01535	0.00548	0.00438	0.00987
27	0.02106	0.02022	0.03454	0.05223	0.64784	0.02022	0.02612	0.02612	0.01938	0.02780	0.01601	0.02106	0.01348	0.00758	0.00842	0.00253	0.01011	0.00758	0.00421	0.01348
28	0.01037	0.00741	0.00987	0.01185	0.01234	0.00691	0.00790	0.01185	0.01629	0.02172	0.04690	0.69537	0.05629	0.02666	0.01086	0.00346	0.00494	0.02419	0.00790	0.00691
29	0.01111	0.00772	0.00965	0.01089	0.01120	0.00741	0.00688	0.01205	0.01484	0.01978	0.03943	0.45749	0.04686	0.27740	0.02293	0.00524	0.00617	0.01980	0.00688	0.00626
30	0.01216	0.00912	0.01368	0.01368	0.01520	0.01064	0.01064	0.01520	0.01368	0.01976	0.02279	0.03343	0.02127	0.06382	0.66720	0.01368	0.02279	0.00912	0.00456	0.00760
31	0.02139	0.54771	0.19102	0.01688	0.02543	0.03035	0.01860	0.02583	0.01745	0.02168	0.01265	0.01468	0.01089	0.00747	0.00609	0.00203	0.00993	0.00497	0.00363	0.01132
32	0.02117	0.01828	0.01924	0.01732	0.02213	0.02117	0.01347	0.04522	0.63246	0.03560	0.03464	0.03175	0.02598	0.01155	0.00866	0.00289	0.00673	0.00962	0.00866	0.01347
33	0.03176	0.02355	0.02521	0.01946	0.02617	0.02612	0.01603	0.58935	0.07108	0.05269	0.02118	0.02103	0.01508	0.01029	0.00852	0.00257	0.00923	0.00776	0.00852	0.01442
34	0.01037	0.00741	0.00987	0.01185	0.01234	0.00691	0.00790	0.01185	0.01629	0.02172	0.04690	0.69537	0.05629	0.02666	0.01086	0.00346	0.00494	0.02419	0.00790	0.00691
35	0.01216	0.00912	0.01368	0.01368	0.01520	0.01064	0.01064	0.01520	0.01368	0.01976	0.02279	0.03343	0.02127	0.06382	0.66720	0.01368	0.02279	0.00912	0.00456	0.00760
36	0.01187	0.00833	0.00914	0.00914	0.00977	0.00802	0.00544	0.01234	0.01392	0.01793	0.03985	0.06144	0.16561	0.55178	0.03601	0.00707	0.00739	0.01360	0.00576	0.00560
37	0.01945	0.32108	0.40061	0.02020	0.03056	0.02558	0.02438	0.02634	0.01768	0.02405	0.01383	0.01616	0.01084	0.00775	0.00699	0.00233	0.01112	0.00556	0.00361	0.01188

[dist]
# distance from previous block
# <min> <max>
0	6

# created by:
# /home/cegg/simao/soft/augustus-3.2.1/scripts/msa2prfl.pl ./align_prep/14299.fa
