[name]
unknown

[dist]
# distance from previous block
# <min> <max>
4	31

[block]
# block no. 0 follows, 20 sequences, length 13
# corresponding to MSA columns:
# 32-44
name=unknown_A
#
# <colnr> <probs for GDERKNQSTAVLIFYWHMCP>
#	G	D	E	R	K	N	Q	S	T	A	V	L	I	F	Y	W	H	M	C	P
0	0.02223	0.35923	0.17311	0.02384	0.07911	0.02725	0.11886	0.02757	0.01887	0.05348	0.01520	0.01789	0.01221	0.00780	0.00735	0.00234	0.01098	0.00643	0.00422	0.01204
1	0.02409	0.24011	0.11382	0.02492	0.13961	0.14253	0.01932	0.09200	0.02225	0.02714	0.02022	0.02222	0.05794	0.00932	0.00763	0.00235	0.01084	0.00702	0.00485	0.01183
2	0.02857	0.08809	0.02672	0.02474	0.10000	0.44467	0.01732	0.05252	0.02313	0.02329	0.01496	0.01829	0.01270	0.01424	0.07083	0.00341	0.01508	0.00625	0.00459	0.01060
3	0.02107	0.02008	0.02861	0.07844	0.37597	0.05519	0.02157	0.03043	0.16198	0.02912	0.02312	0.07507	0.01992	0.01036	0.00885	0.00275	0.00952	0.00945	0.00566	0.01284
4	0.01060	0.00770	0.01001	0.01186	0.01258	0.00711	0.00797	0.01218	0.01697	0.02238	0.05153	0.63596	0.10725	0.02688	0.01106	0.00349	0.00501	0.02425	0.00810	0.00711
5	0.02452	0.10187	0.03557	0.03932	0.34557	0.18780	0.08757	0.02892	0.02096	0.02569	0.01531	0.01944	0.01279	0.00801	0.00828	0.00246	0.01212	0.00715	0.00431	0.01234
6	0.01660	0.01380	0.01642	0.01242	0.01869	0.01075	0.00979	0.02054	0.01980	0.03012	0.17603	0.03030	0.03092	0.00941	0.00745	0.00167	0.00585	0.00792	0.00632	0.55522
7	0.01521	0.00973	0.01266	0.06442	0.01706	0.00928	0.00930	0.01772	0.01932	0.10011	0.17111	0.22288	0.14339	0.12925	0.01575	0.00392	0.00612	0.01657	0.00795	0.00823
8	0.03034	0.03148	0.02338	0.02018	0.02528	0.35210	0.01564	0.20594	0.09578	0.03385	0.01925	0.02039	0.01484	0.00983	0.00810	0.00242	0.01207	0.00694	0.06041	0.01178
9	0.01820	0.01124	0.01446	0.01218	0.01610	0.00968	0.00939	0.02151	0.02219	0.13110	0.34931	0.04581	0.05159	0.01516	0.01110	0.06216	0.00545	0.01162	0.00834	0.17339
10	0.02014	0.06036	0.26022	0.03298	0.21726	0.02076	0.09628	0.07106	0.02136	0.03033	0.06944	0.02400	0.01856	0.00897	0.00872	0.00268	0.01118	0.00814	0.00486	0.01271
11	0.05896	0.02323	0.02577	0.15260	0.21298	0.18381	0.01951	0.02952	0.02098	0.10688	0.01856	0.02194	0.01420	0.00886	0.00813	0.00254	0.01096	0.00723	0.06177	0.01157
12	0.02112	0.02512	0.09653	0.02221	0.10322	0.18438	0.01656	0.02803	0.10399	0.02720	0.06109	0.10142	0.05779	0.01226	0.00860	0.00258	0.00974	0.01008	0.04081	0.06728

[dist]
# distance from previous block
# <min> <max>
6	19

[block]
# block no. 1 follows, 20 sequences, length 14
# corresponding to MSA columns:
# 64-77
name=unknown_B
#
# <colnr> <probs for GDERKNQSTAVLIFYWHMCP>
#	G	D	E	R	K	N	Q	S	T	A	V	L	I	F	Y	W	H	M	C	P
0	0.22816	0.01603	0.01484	0.01424	0.01733	0.10566	0.03530	0.02036	0.01832	0.02835	0.08267	0.28686	0.06554	0.01724	0.00887	0.00299	0.00739	0.01457	0.00677	0.00851
1	0.01221	0.00905	0.01325	0.01354	0.01488	0.01024	0.01024	0.01495	0.01435	0.02039	0.02713	0.12985	0.02745	0.08834	0.53734	0.01225	0.02004	0.01173	0.00520	0.00757
2	0.02269	0.01704	0.01737	0.10944	0.02452	0.12237	0.01306	0.02585	0.02168	0.18248	0.04805	0.05062	0.23777	0.01516	0.00939	0.00284	0.00844	0.05353	0.00756	0.01014
3	0.02561	0.02721	0.02163	0.11324	0.02850	0.30984	0.01568	0.06940	0.09252	0.05486	0.05168	0.03070	0.09948	0.01154	0.00862	0.00258	0.01139	0.00880	0.00615	0.01057
4	0.01737	0.01041	0.01308	0.01237	0.01559	0.00894	0.00912	0.01972	0.01911	0.14835	0.04753	0.35525	0.14308	0.02009	0.00984	0.00295	0.00563	0.01765	0.00822	0.11571
5	0.03039	0.02235	0.02442	0.01949	0.02575	0.02459	0.01621	0.52431	0.03798	0.05080	0.02459	0.03215	0.01995	0.01244	0.00921	0.00282	0.00937	0.09068	0.00863	0.01385
6	0.01885	0.03649	0.42188	0.03262	0.15753	0.02067	0.13302	0.02751	0.01909	0.02785	0.01616	0.01995	0.01198	0.00802	0.00871	0.00276	0.01271	0.00739	0.00394	0.01287
7	0.37762	0.15944	0.10370	0.01545	0.02236	0.06553	0.01467	0.07038	0.01895	0.06262	0.01439	0.01602	0.01110	0.00836	0.00638	0.00250	0.00890	0.00542	0.00528	0.01094
8	0.01135	0.00790	0.00991	0.01122	0.01154	0.00757	0.00710	0.01234	0.01528	0.02038	0.04081	0.46508	0.04852	0.26252	0.02288	0.00528	0.00626	0.02052	0.00710	0.00645
9	0.02116	0.02326	0.09907	0.05056	0.57657	0.02068	0.02734	0.02686	0.01971	0.02841	0.01633	0.02126	0.01353	0.00783	0.00860	0.00261	0.01063	0.00763	0.00425	0.01372
10	0.02478	0.07753	0.13370	0.02689	0.13793	0.27822	0.02040	0.03134	0.08368	0.02515	0.01731	0.02024	0.01404	0.01299	0.05591	0.00331	0.01349	0.00680	0.00474	0.01154
11	0.06022	0.27015	0.22045	0.02346	0.11345	0.02494	0.02138	0.05549	0.01992	0.09119	0.01651	0.01835	0.01268	0.00827	0.00730	0.00240	0.01023	0.00621	0.00485	0.01253
12	0.01380	0.02347	0.26639	0.01632	0.02292	0.01316	0.01774	0.01961	0.01921	0.02647	0.13352	0.04783	0.21449	0.02198	0.10049	0.00439	0.01043	0.01194	0.00608	0.00977
13	0.04904	0.03392	0.24668	0.02055	0.02800	0.23148	0.03854	0.02793	0.02124	0.05393	0.05185	0.02980	0.10840	0.01107	0.00851	0.00262	0.01180	0.00851	0.00527	0.01087

[dist]
# distance from previous block
# <min> <max>
0	7

[block]
# block no. 2 follows, 20 sequences, length 78
# corresponding to MSA columns:
# 85-162
name=unknown_C
#
# <colnr> <probs for GDERKNQSTAVLIFYWHMCP>
#	G	D	E	R	K	N	Q	S	T	A	V	L	I	F	Y	W	H	M	C	P
0	0.07881	0.01973	0.05190	0.05298	0.06429	0.01852	0.01539	0.17514	0.07767	0.14793	0.02185	0.02239	0.01582	0.00912	0.00792	0.00236	0.00830	0.00723	0.00722	0.19543
1	0.16841	0.20553	0.02092	0.01179	0.01658	0.01847	0.01010	0.02141	0.05544	0.02752	0.08700	0.04536	0.25365	0.01415	0.00788	0.00258	0.00641	0.01100	0.00647	0.00933
2	0.02127	0.02040	0.03482	0.09255	0.60255	0.02064	0.02661	0.02649	0.01971	0.02811	0.01635	0.02169	0.01368	0.00783	0.00864	0.00261	0.01044	0.00777	0.00429	0.01356
3	0.01925	0.01679	0.02147	0.02332	0.14804	0.01724	0.01508	0.03153	0.26066	0.03044	0.02617	0.05849	0.02177	0.01667	0.08320	0.00380	0.00932	0.00901	0.00656	0.18119
4	0.01183	0.00875	0.01056	0.01069	0.01197	0.00871	0.00734	0.01338	0.01532	0.02001	0.04484	0.09831	0.20087	0.29480	0.19654	0.00808	0.01108	0.01417	0.00609	0.00665
5	0.02170	0.01874	0.01972	0.01775	0.02268	0.02170	0.01381	0.04635	0.62327	0.03649	0.03550	0.03254	0.02663	0.01183	0.00888	0.00296	0.00690	0.00986	0.00888	0.01381
6	0.01792	0.01679	0.02772	0.28652	0.31370	0.01811	0.02264	0.02298	0.01922	0.02599	0.06099	0.03112	0.07915	0.01018	0.00894	0.00276	0.00988	0.00931	0.00485	0.01123
7	0.01750	0.04512	0.64825	0.02486	0.03775	0.02026	0.03223	0.02762	0.01842	0.02762	0.01565	0.01842	0.01105	0.00829	0.00829	0.00276	0.01289	0.00645	0.00368	0.01289
8	0.01750	0.04512	0.64825	0.02486	0.03775	0.02026	0.03223	0.02762	0.01842	0.02762	0.01565	0.01842	0.01105	0.00829	0.00829	0.00276	0.01289	0.00645	0.00368	0.01289
9	0.01235	0.00892	0.01166	0.01097	0.01303	0.00823	0.00823	0.01646	0.02469	0.03498	0.63443	0.06516	0.08230	0.01783	0.01029	0.00274	0.00412	0.01578	0.00960	0.00823
10	0.03640	0.01876	0.08755	0.01684	0.02426	0.01463	0.01516	0.08152	0.02542	0.53709	0.03145	0.02786	0.01999	0.01051	0.00872	0.00270	0.00816	0.00846	0.00989	0.01464
11	0.02115	0.02334	0.10115	0.05046	0.57453	0.02068	0.02736	0.02686	0.01971	0.02840	0.01633	0.02125	0.01352	0.00783	0.00860	0.00261	0.01063	0.00763	0.00425	0.01372
12	0.01908	0.01908	0.02672	0.02290	0.02290	0.02672	0.01908	0.02099	0.01336	0.02099	0.01145	0.01908	0.01145	0.01527	0.02863	0.00382	0.67748	0.00763	0.00382	0.00954
13	0.03258	0.04157	0.02472	0.02247	0.02697	0.65843	0.01685	0.03483	0.02472	0.02135	0.01348	0.01573	0.01124	0.00899	0.00787	0.00225	0.01573	0.00562	0.00449	0.01011
14	0.02163	0.01998	0.02949	0.04003	0.40644	0.02109	0.02188	0.03416	0.24757	0.03151	0.02361	0.02572	0.01865	0.00930	0.00873	0.00273	0.00906	0.00856	0.00604	0.01381
15	0.02334	0.02426	0.13910	0.03699	0.34403	0.01952	0.02355	0.08669	0.02203	0.09032	0.01836	0.02136	0.01408	0.00828	0.00836	0.00249	0.01002	0.00736	0.00537	0.09451
16	0.02300	0.25560	0.03496	0.03062	0.25548	0.07131	0.01930	0.03116	0.14392	0.02688	0.01866	0.02081	0.01537	0.00859	0.00758	0.00239	0.00968	0.00698	0.00507	0.01265
17	0.02332	0.69869	0.04571	0.01493	0.02239	0.03451	0.01493	0.02612	0.01772	0.02052	0.01213	0.01399	0.01119	0.00746	0.00560	0.00187	0.00933	0.00466	0.00373	0.01119
18	0.03914	0.01484	0.02024	0.01552	0.02227	0.01282	0.01282	0.04251	0.02497	0.64507	0.03441	0.02969	0.02159	0.01080	0.00877	0.00270	0.00742	0.00877	0.01080	0.01484
19	0.01515	0.00758	0.01136	0.01136	0.01136	0.00758	0.00758	0.01136	0.01136	0.01515	0.01515	0.02652	0.01515	0.03030	0.03409	0.74621	0.00758	0.00758	0.00379	0.00379
20	0.01182	0.00890	0.01093	0.01042	0.01271	0.00801	0.00782	0.01544	0.02345	0.03203	0.49314	0.07002	0.22544	0.01893	0.01029	0.00280	0.00419	0.01646	0.00921	0.00801
21	0.01031	0.00884	0.00884	0.00884	0.01178	0.00736	0.00663	0.01252	0.01988	0.02356	0.08837	0.08395	0.63549	0.02209	0.01031	0.00295	0.00442	0.01841	0.00810	0.00736
22	0.01248	0.00926	0.01356	0.01356	0.01496	0.01066	0.01033	0.01528	0.01388	0.01991	0.02378	0.03658	0.02281	0.12900	0.59667	0.01346	0.02186	0.00968	0.00473	0.00753
23	0.02150	0.02653	0.14868	0.04631	0.48986	0.05960	0.02718	0.02742	0.01989	0.02790	0.01609	0.02064	0.01314	0.00794	0.00852	0.00260	0.01116	0.00739	0.00421	0.01342
24	0.03191	0.04030	0.02537	0.02437	0.06436	0.61947	0.01746	0.03434	0.02442	0.02179	0.01366	0.01609	0.01139	0.00891	0.00791	0.00227	0.01540	0.00575	0.00448	0.01034
25	0.02159	0.02073	0.03541	0.05354	0.63903	0.02073	0.02677	0.02677	0.01986	0.02850	0.01641	0.02159	0.01382	0.00777	0.00864	0.00259	0.01036	0.00777	0.00432	0.01382
26	0.01205	0.00890	0.01125	0.01067	0.01285	0.00811	0.00800	0.01589	0.02400	0.03334	0.55595	0.06786	0.16181	0.01844	0.01029	0.00277	0.00416	0.01615	0.00939	0.00811
27	0.01246	0.00935	0.01402	0.01402	0.01558	0.01090	0.01090	0.01558	0.01402	0.02025	0.02336	0.03427	0.02181	0.06542	0.65888	0.01402	0.02336	0.00935	0.00467	0.00779
28	0.02108	0.32607	0.34439	0.02042	0.03037	0.07205	0.02368	0.02749	0.01857	0.02412	0.01398	0.01632	0.01113	0.00798	0.00710	0.00234	0.01156	0.00562	0.00376	0.01196
29	0.01105	0.00887	0.00987	0.00962	0.01224	0.00768	0.00721	0.01396	0.02164	0.02773	0.28781	0.07708	0.43345	0.02054	0.01030	0.00287	0.00431	0.01745	0.00865	0.00768
30	0.02170	0.01874	0.01972	0.01775	0.02268	0.02170	0.01381	0.04635	0.62327	0.03649	0.03550	0.03254	0.02663	0.01183	0.00888	0.00296	0.00690	0.00986	0.00888	0.01381
31	0.01418	0.01198	0.01726	0.01639	0.01737	0.01506	0.01296	0.01676	0.01414	0.02070	0.02274	0.10507	0.02293	0.04645	0.40102	0.00985	0.21150	0.01063	0.00482	0.00822
32	0.01246	0.00935	0.01402	0.01402	0.01558	0.01090	0.01090	0.01558	0.01402	0.02025	0.02336	0.03427	0.02181	0.06542	0.65888	0.01402	0.02336	0.00935	0.00467	0.00779
33	0.01059	0.00776	0.00995	0.01171	0.01254	0.00712	0.00790	0.01220	0.01712	0.02244	0.05342	0.60766	0.13434	0.02663	0.01102	0.00346	0.00498	0.02395	0.00810	0.00712
34	0.01729	0.01577	0.02637	0.03668	0.36769	0.01550	0.04733	0.02115	0.01867	0.02605	0.02875	0.28003	0.03080	0.01534	0.00968	0.00298	0.00851	0.01450	0.00579	0.01111
35	0.01415	0.01161	0.01634	0.01539	0.01627	0.01439	0.01189	0.01639	0.01360	0.01981	0.02117	0.03475	0.02108	0.17031	0.38700	0.01044	0.18354	0.00954	0.00457	0.00776
36	0.01908	0.01908	0.02672	0.02290	0.02290	0.02672	0.01908	0.02099	0.01336	0.02099	0.01145	0.01908	0.01145	0.01527	0.02863	0.00382	0.67748	0.00763	0.00382	0.00954
37	0.01809	0.01550	0.01809	0.01292	0.02067	0.01163	0.01034	0.02196	0.01809	0.02842	0.01550	0.01809	0.01292	0.00646	0.00646	0.00129	0.00646	0.00517	0.00517	0.74677
38	0.75506	0.01687	0.01282	0.01147	0.01687	0.01957	0.00945	0.02564	0.01484	0.03914	0.01215	0.01417	0.00945	0.00810	0.00540	0.00270	0.00675	0.00472	0.00540	0.00945
39	0.75506	0.01687	0.01282	0.01147	0.01687	0.01957	0.00945	0.02564	0.01484	0.03914	0.01215	0.01417	0.00945	0.00810	0.00540	0.00270	0.00675	0.00472	0.00540	0.00945
40	0.01895	0.03645	0.43033	0.03506	0.25156	0.02042	0.03029	0.02732	0.01893	0.02793	0.01592	0.01954	0.01203	0.00810	0.00841	0.00270	0.01199	0.00692	0.00391	0.01322
41	0.02126	0.43102	0.07016	0.17093	0.10280	0.02874	0.01929	0.02539	0.01794	0.02220	0.01357	0.01722	0.01159	0.00783	0.00680	0.00223	0.01015	0.00582	0.00383	0.01124
42	0.01078	0.00924	0.00939	0.00908	0.01232	0.00762	0.00685	0.01309	0.01977	0.02386	0.08397	0.07997	0.59795	0.02115	0.01008	0.00285	0.00454	0.01761	0.00792	0.05196
43	0.01063	0.00759	0.01012	0.01215	0.01265	0.00709	0.00810	0.01215	0.01670	0.02227	0.04808	0.68775	0.05769	0.02733	0.01113	0.00354	0.00506	0.02480	0.00810	0.00709
44	0.01809	0.01102	0.01386	0.01377	0.01618	0.01076	0.01001	0.07457	0.05690	0.12899	0.04255	0.47784	0.04589	0.02210	0.01038	0.00328	0.00598	0.01968	0.00865	0.00949
45	0.15225	0.03668	0.39419	0.05607	0.07012	0.09358	0.02563	0.02778	0.01854	0.02876	0.01481	0.01777	0.01098	0.00832	0.00776	0.00269	0.01190	0.00619	0.00413	0.01185
46	0.01977	0.02259	0.08017	0.17098	0.18442	0.02109	0.31746	0.02649	0.01964	0.02688	0.01679	0.02270	0.01290	0.00779	0.00946	0.00284	0.01296	0.00895	0.00423	0.01188
47	0.03650	0.01787	0.02197	0.01697	0.02370	0.01746	0.01398	0.21020	0.05946	0.44062	0.03049	0.02725	0.01985	0.01075	0.00876	0.00269	0.00804	0.00855	0.01009	0.01479
48	0.75506	0.01687	0.01282	0.01147	0.01687	0.01957	0.00945	0.02564	0.01484	0.03914	0.01215	0.01417	0.00945	0.00810	0.00540	0.00270	0.00675	0.00472	0.00540	0.00945
49	0.02493	0.02613	0.03091	0.03713	0.31307	0.18445	0.06324	0.06114	0.11649	0.02920	0.01896	0.02191	0.01517	0.00882	0.00860	0.00259	0.01147	0.00773	0.00530	0.01277
50	0.02332	0.69869	0.04571	0.01493	0.02239	0.03451	0.01493	0.02612	0.01772	0.02052	0.01213	0.01399	0.01119	0.00746	0.00560	0.00187	0.00933	0.00466	0.00373	0.01119
51	0.01114	0.00887	0.00999	0.00971	0.01229	0.00772	0.00729	0.01414	0.02186	0.02825	0.31240	0.07624	0.40854	0.02034	0.01030	0.00286	0.00429	0.01733	0.00872	0.00772
52	0.02170	0.01874	0.01972	0.01775	0.02268	0.02170	0.01381	0.04635	0.62327	0.03649	0.03550	0.03254	0.02663	0.01183	0.00888	0.00296	0.00690	0.00986	0.00888	0.01381
53	0.02258	0.40087	0.13602	0.02581	0.16673	0.06724	0.02046	0.02704	0.01875	0.02351	0.01374	0.01653	0.01178	0.00776	0.00685	0.00220	0.01051	0.00571	0.00391	0.01200
54	0.01375	0.05174	0.01629	0.01418	0.01556	0.01340	0.01090	0.01604	0.01420	0.02000	0.02436	0.09790	0.02505	0.15595	0.38259	0.01017	0.09436	0.01090	0.00495	0.00772
55	0.01220	0.00891	0.01146	0.01082	0.01294	0.00817	0.00812	0.01618	0.02435	0.03416	0.59536	0.06650	0.12189	0.01814	0.01029	0.00276	0.00414	0.01596	0.00949	0.00817
56	0.01609	0.01300	0.01611	0.01937	0.12892	0.04011	0.01096	0.05226	0.01696	0.02250	0.02803	0.15712	0.03103	0.37787	0.02816	0.00588	0.00860	0.01329	0.00577	0.00798
57	0.06419	0.01992	0.03664	0.03717	0.24312	0.01998	0.24897	0.02554	0.01948	0.02812	0.02068	0.03295	0.01849	0.01046	0.01079	0.00302	0.05179	0.09211	0.00493	0.01165
58	0.01279	0.00933	0.01329	0.01366	0.01504	0.01035	0.01056	0.01556	0.01490	0.02077	0.02819	0.04965	0.02858	0.16027	0.44109	0.01129	0.01815	0.11372	0.00538	0.00742
59	0.01908	0.01908	0.02672	0.02290	0.02290	0.02672	0.01908	0.02099	0.01336	0.02099	0.01145	0.01908	0.01145	0.01527	0.02863	0.00382	0.67748	0.00763	0.00382	0.00954
60	0.02227	0.01798	0.02034	0.01491	0.02244	0.01591	0.01207	0.18530	0.02446	0.03580	0.01701	0.01888	0.01345	0.00757	0.00709	0.00166	0.00733	0.00591	0.00616	0.54345
61	0.01515	0.00758	0.01136	0.01136	0.01136	0.00758	0.00758	0.01136	0.01136	0.01515	0.01515	0.02652	0.01515	0.03030	0.03409	0.74621	0.00758	0.00758	0.00379	0.00379
62	0.01222	0.00891	0.01149	0.01084	0.01296	0.00818	0.00813	0.01622	0.02440	0.03429	0.60144	0.06629	0.11572	0.01809	0.01029	0.00276	0.00413	0.01593	0.00951	0.00818
63	0.03258	0.04157	0.02472	0.02247	0.02697	0.65843	0.01685	0.03483	0.02472	0.02135	0.01348	0.01573	0.01124	0.00899	0.00787	0.00225	0.01573	0.00562	0.00449	0.01011
64	0.01206	0.00891	0.01127	0.01068	0.01286	0.00811	0.00801	0.01592	0.02403	0.03340	0.55907	0.06775	0.15865	0.01842	0.01029	0.00277	0.00416	0.01614	0.00939	0.00811
65	0.01768	0.04382	0.61220	0.02558	0.03823	0.02037	0.06697	0.02764	0.01855	0.02764	0.01577	0.01873	0.01118	0.00823	0.00841	0.00277	0.01300	0.00668	0.00373	0.01282
66	0.01834	0.02604	0.21352	0.28471	0.20714	0.02013	0.05622	0.02534	0.01853	0.02580	0.01590	0.02140	0.01212	0.00827	0.00865	0.00278	0.01182	0.00750	0.00396	0.01184
67	0.01031	0.00884	0.00884	0.00884	0.01178	0.00736	0.00663	0.01252	0.01988	0.02356	0.08837	0.08395	0.63549	0.02209	0.01031	0.00295	0.00442	0.01841	0.00810	0.00736
68	0.01061	0.00765	0.01006	0.01199	0.01261	0.00710	0.00803	0.01216	0.01685	0.02233	0.05000	0.65888	0.08532	0.02708	0.01109	0.00351	0.00503	0.02449	0.00810	0.00710
69	0.04994	0.03072	0.29363	0.03623	0.28021	0.02009	0.06908	0.02813	0.01942	0.06618	0.01711	0.02059	0.01291	0.00816	0.00849	0.00270	0.01142	0.00733	0.00450	0.01317
70	0.02411	0.02745	0.02597	0.02274	0.02441	0.26171	0.01825	0.02614	0.01758	0.02112	0.01221	0.01784	0.01137	0.01293	0.02090	0.00323	0.43131	0.00688	0.00407	0.00975
71	0.02715	0.02596	0.02250	0.01951	0.02479	0.18770	0.01523	0.17285	0.33461	0.03682	0.02646	0.02553	0.01993	0.01078	0.00858	0.00270	0.00981	0.00830	0.00771	0.01309
72	0.01243	0.00899	0.01250	0.01260	0.01365	0.00999	0.00911	0.01455	0.01377	0.01938	0.02586	0.07499	0.02658	0.24730	0.44524	0.01184	0.01805	0.01113	0.00503	0.00702
73	0.01356	0.01172	0.01650	0.02183	0.18048	0.01094	0.01252	0.01653	0.01941	0.02538	0.09788	0.21926	0.28223	0.01927	0.01007	0.00299	0.00616	0.01699	0.00719	0.00909
74	0.75506	0.01687	0.01282	0.01147	0.01687	0.01957	0.00945	0.02564	0.01484	0.03914	0.01215	0.01417	0.00945	0.00810	0.00540	0.00270	0.00675	0.00472	0.00540	0.00945
75	0.01729	0.18557	0.02636	0.04995	0.13115	0.01882	0.01590	0.02098	0.01724	0.02294	0.02309	0.03804	0.02241	0.03057	0.23273	0.00662	0.01422	0.11131	0.00495	0.00985
76	0.01478	0.01208	0.01451	0.06006	0.01917	0.01226	0.01066	0.02323	0.16788	0.02964	0.19157	0.17974	0.13238	0.01728	0.00967	0.00287	0.00578	0.01505	0.00811	0.07328
77	0.01842	0.02247	0.16988	0.02794	0.20103	0.01624	0.04818	0.05141	0.02157	0.05697	0.12908	0.03939	0.13568	0.01231	0.00921	0.00274	0.00893	0.01081	0.00619	0.01155

[dist]
# distance from previous block
# <min> <max>
0	9

# created by:
# /home/cegg/simao/soft/augustus-3.2.1/scripts/msa2prfl.pl ./align_prep/14322.fa
