[name]
unknown

[dist]
# distance from previous block
# <min> <max>
0	15

[block]
# block no. 0 follows, 21 sequences, length 14
# corresponding to MSA columns:
# 15-28
name=unknown_A
#
# <colnr> <probs for GDERKNQSTAVLIFYWHMCP>
#	G	D	E	R	K	N	Q	S	T	A	V	L	I	F	Y	W	H	M	C	P
0	0.01917	0.01908	0.01685	0.01756	0.02025	0.20805	0.01454	0.02257	0.02096	0.02407	0.03543	0.07166	0.03750	0.01906	0.01052	0.00340	0.01010	0.41399	0.00679	0.00845
1	0.03218	0.02888	0.02511	0.02029	0.02637	0.21964	0.01626	0.44277	0.03521	0.04373	0.01824	0.01890	0.01341	0.00978	0.00826	0.00244	0.01117	0.00700	0.00727	0.01308
2	0.02362	0.02827	0.04234	0.03166	0.03899	0.21624	0.43571	0.02929	0.02130	0.02532	0.01599	0.02066	0.01232	0.00766	0.00933	0.00267	0.01465	0.00867	0.00433	0.01099
3	0.01915	0.31335	0.20917	0.21822	0.03711	0.02535	0.02200	0.02476	0.01740	0.02247	0.01378	0.01758	0.01101	0.00787	0.00711	0.00237	0.01074	0.00594	0.00367	0.01094
4	0.01933	0.01845	0.03142	0.26997	0.44362	0.01976	0.02526	0.02460	0.01856	0.02570	0.01570	0.02163	0.01274	0.00790	0.00845	0.00263	0.01054	0.00758	0.00406	0.01208
5	0.01387	0.01155	0.01246	0.01173	0.01499	0.01160	0.00894	0.02306	0.20549	0.02937	0.19938	0.06253	0.32743	0.01757	0.00963	0.00283	0.00497	0.01485	0.00847	0.00928
6	0.02093	0.01675	0.01896	0.01672	0.02098	0.01915	0.01321	0.16336	0.31449	0.03481	0.02792	0.02975	0.02201	0.02703	0.20736	0.00607	0.01216	0.00904	0.00739	0.01192
7	0.01933	0.02100	0.08802	0.06203	0.29926	0.01761	0.09850	0.02474	0.01872	0.02738	0.01579	0.02006	0.01281	0.00723	0.00797	0.00222	0.00979	0.00702	0.00440	0.23613
8	0.01010	0.00846	0.00879	0.00906	0.01161	0.00715	0.00666	0.01216	0.01898	0.02282	0.08093	0.16437	0.56533	0.02224	0.01017	0.00295	0.00439	0.01880	0.00790	0.00715
9	0.01126	0.00879	0.01093	0.01074	0.01296	0.00847	0.00817	0.01421	0.01901	0.02519	0.22618	0.06204	0.29525	0.03312	0.20837	0.00608	0.00980	0.01456	0.00731	0.00755
10	0.02106	0.02022	0.03454	0.05223	0.64784	0.02022	0.02612	0.02612	0.01938	0.02780	0.01601	0.02106	0.01348	0.00758	0.00842	0.00253	0.01011	0.00758	0.00421	0.01348
11	0.02277	0.18962	0.33027	0.02140	0.03034	0.21810	0.02318	0.02875	0.01967	0.02357	0.01387	0.01622	0.01087	0.00811	0.00738	0.00235	0.01264	0.00566	0.00384	0.01139
12	0.01066	0.00864	0.00945	0.00925	0.01186	0.00744	0.00694	0.01337	0.02081	0.02635	0.25434	0.07637	0.47415	0.02030	0.01005	0.00281	0.00422	0.01718	0.00834	0.00744
13	0.03191	0.03685	0.02443	0.02140	0.02633	0.52491	0.01638	0.16367	0.02764	0.02809	0.01477	0.01647	0.01174	0.00909	0.00786	0.00227	0.01402	0.00596	0.00530	0.01089

[dist]
# distance from previous block
# <min> <max>
0	4

[block]
# block no. 1 follows, 21 sequences, length 105
# corresponding to MSA columns:
# 33-137
name=unknown_B
#
# <colnr> <probs for GDERKNQSTAVLIFYWHMCP>
#	G	D	E	R	K	N	Q	S	T	A	V	L	I	F	Y	W	H	M	C	P
0	0.02605	0.05505	0.02103	0.01672	0.02220	0.01990	0.01341	0.06875	0.41906	0.19159	0.03249	0.02956	0.02341	0.01100	0.00845	0.00275	0.00711	0.00899	0.00885	0.01363
1	0.01035	0.00747	0.00981	0.01167	0.01230	0.00693	0.00782	0.01187	0.01646	0.02179	0.04905	0.66193	0.08834	0.02638	0.01082	0.00342	0.00490	0.02385	0.00790	0.00693
2	0.02059	0.01957	0.03317	0.04989	0.61303	0.01957	0.02497	0.02537	0.01900	0.02719	0.01660	0.02295	0.01443	0.04537	0.01033	0.00284	0.01001	0.00784	0.00426	0.01303
3	0.02362	0.01927	0.02039	0.01746	0.02272	0.02183	0.01383	0.20050	0.43699	0.03984	0.03356	0.03139	0.05653	0.01173	0.00870	0.00279	0.00732	0.00954	0.00858	0.01340
4	0.07206	0.02343	0.02483	0.01912	0.02585	0.02599	0.01580	0.58706	0.03862	0.05279	0.01996	0.02007	0.01419	0.01009	0.00834	0.00256	0.00921	0.00750	0.00834	0.01419
5	0.01586	0.00793	0.00793	0.00793	0.00991	0.00793	0.00595	0.01983	0.01785	0.03173	0.02776	0.03173	0.02181	0.00991	0.00595	0.00198	0.00397	0.00793	0.74817	0.00793
6	0.01707	0.04402	0.65683	0.02426	0.03683	0.01976	0.03144	0.02695	0.01797	0.02695	0.01527	0.01797	0.01078	0.00809	0.00809	0.00270	0.01258	0.00629	0.00359	0.01258
7	0.02106	0.02022	0.03454	0.05223	0.64784	0.02022	0.02612	0.02612	0.01938	0.02780	0.01601	0.02106	0.01348	0.00758	0.00842	0.00253	0.01011	0.00758	0.00421	0.01348
8	0.01028	0.00775	0.00952	0.01093	0.01210	0.00699	0.00749	0.01195	0.01717	0.02208	0.05805	0.52142	0.22304	0.02521	0.01063	0.00329	0.00476	0.02243	0.00790	0.00699
9	0.03179	0.04056	0.02412	0.02192	0.02631	0.66676	0.01644	0.03398	0.02412	0.02083	0.01315	0.01535	0.01096	0.00877	0.00767	0.00219	0.01535	0.00548	0.00438	0.00987
10	0.03249	0.01766	0.02104	0.01639	0.02241	0.01777	0.01337	0.28004	0.03040	0.32439	0.07913	0.02940	0.02370	0.03918	0.01008	0.00283	0.00790	0.00891	0.00937	0.01355
11	0.02009	0.02296	0.05022	0.03587	0.04448	0.02152	0.61693	0.02726	0.02009	0.02726	0.01722	0.02296	0.01291	0.00717	0.01004	0.00287	0.01435	0.01004	0.00430	0.01148
12	0.01037	0.00741	0.00987	0.01185	0.01234	0.00691	0.00790	0.01185	0.01629	0.02172	0.04690	0.69537	0.05629	0.02666	0.01086	0.00346	0.00494	0.02419	0.00790	0.00691
13	0.01876	0.24060	0.47503	0.02138	0.03238	0.02389	0.02643	0.02651	0.01777	0.02489	0.01425	0.01669	0.01082	0.00785	0.00731	0.00244	0.01154	0.00577	0.00361	0.01209
14	0.01707	0.04402	0.65683	0.02426	0.03683	0.01976	0.03144	0.02695	0.01797	0.02695	0.01527	0.01797	0.01078	0.00809	0.00809	0.00270	0.01258	0.00629	0.00359	0.01258
15	0.01037	0.00741	0.00987	0.01185	0.01234	0.00691	0.00790	0.01185	0.01629	0.02172	0.04690	0.69537	0.05629	0.02666	0.01086	0.00346	0.00494	0.02419	0.00790	0.00691
16	0.01007	0.00857	0.00868	0.00876	0.01153	0.00717	0.00653	0.01220	0.01926	0.02293	0.08451	0.10846	0.61893	0.02177	0.01009	0.00290	0.00434	0.01823	0.00790	0.00717
17	0.02117	0.01828	0.01924	0.01732	0.02213	0.02117	0.01347	0.04522	0.63246	0.03560	0.03464	0.03175	0.02598	0.01155	0.00866	0.00289	0.00673	0.00962	0.00866	0.01347
18	0.02009	0.02296	0.05022	0.03587	0.04448	0.02152	0.61693	0.02726	0.02009	0.02726	0.01722	0.02296	0.01291	0.00717	0.01004	0.00287	0.01435	0.01004	0.00430	0.01148
19	0.02106	0.02022	0.03454	0.05223	0.64784	0.02022	0.02612	0.02612	0.01938	0.02780	0.01601	0.02106	0.01348	0.00758	0.00842	0.00253	0.01011	0.00758	0.00421	0.01348
20	0.01204	0.00870	0.01138	0.01071	0.01271	0.00803	0.00803	0.01606	0.02409	0.03413	0.64335	0.06357	0.08030	0.01740	0.01004	0.00268	0.00401	0.01539	0.00937	0.00803
21	0.01707	0.04402	0.65683	0.02426	0.03683	0.01976	0.03144	0.02695	0.01797	0.02695	0.01527	0.01797	0.01078	0.00809	0.00809	0.00270	0.01258	0.00629	0.00359	0.01258
22	0.03179	0.04056	0.02412	0.02192	0.02631	0.66676	0.01644	0.03398	0.02412	0.02083	0.01315	0.01535	0.01096	0.00877	0.00767	0.00219	0.01535	0.00548	0.00438	0.00987
23	0.01707	0.04402	0.65683	0.02426	0.03683	0.01976	0.03144	0.02695	0.01797	0.02695	0.01527	0.01797	0.01078	0.00809	0.00809	0.00270	0.01258	0.00629	0.00359	0.01258
24	0.01162	0.00912	0.01079	0.01163	0.01411	0.00830	0.00955	0.01452	0.01948	0.02405	0.06867	0.08791	0.39066	0.02239	0.01078	0.00332	0.00581	0.26197	0.00787	0.00746
25	0.01037	0.00741	0.00987	0.01185	0.01234	0.00691	0.00790	0.01185	0.01629	0.02172	0.04690	0.69537	0.05629	0.02666	0.01086	0.00346	0.00494	0.02419	0.00790	0.00691
26	0.01052	0.00747	0.00983	0.01165	0.01211	0.00701	0.00769	0.01189	0.01599	0.02132	0.04537	0.64636	0.05434	0.07832	0.01335	0.00382	0.00519	0.02329	0.00769	0.00678
27	0.01707	0.04402	0.65683	0.02426	0.03683	0.01976	0.03144	0.02695	0.01797	0.02695	0.01527	0.01797	0.01078	0.00809	0.00809	0.00270	0.01258	0.00629	0.00359	0.01258
28	0.01755	0.09975	0.60529	0.02344	0.03557	0.02093	0.03002	0.02683	0.01791	0.02637	0.01498	0.01760	0.01079	0.00802	0.00786	0.00262	0.01228	0.00614	0.00360	0.01244
29	0.01204	0.00870	0.01138	0.01071	0.01271	0.00803	0.00803	0.01606	0.02409	0.03413	0.64335	0.06357	0.08030	0.01740	0.01004	0.00268	0.00401	0.01539	0.00937	0.00803
30	0.02106	0.02022	0.03454	0.05223	0.64784	0.02022	0.02612	0.02612	0.01938	0.02780	0.01601	0.02106	0.01348	0.00758	0.00842	0.00253	0.01011	0.00758	0.00421	0.01348
31	0.02593	0.03006	0.02184	0.02154	0.07520	0.41755	0.01512	0.05485	0.02442	0.02623	0.17280	0.02823	0.02883	0.01091	0.00837	0.00236	0.01178	0.00826	0.00581	0.00991
32	0.01037	0.00741	0.00987	0.01185	0.01234	0.00691	0.00790	0.01185	0.01629	0.02172	0.04690	0.69537	0.05629	0.02666	0.01086	0.00346	0.00494	0.02419	0.00790	0.00691
33	0.01838	0.04149	0.58026	0.02444	0.03639	0.02035	0.05750	0.07236	0.01975	0.02901	0.01576	0.01839	0.01116	0.00821	0.00821	0.00269	0.01241	0.00657	0.00400	0.01267
34	0.02199	0.53592	0.07162	0.02006	0.05182	0.03050	0.11581	0.02587	0.01787	0.02184	0.01305	0.01569	0.01135	0.00731	0.00646	0.00206	0.01016	0.00566	0.00377	0.01119
35	0.02275	0.70604	0.04459	0.01456	0.02184	0.03367	0.01456	0.02548	0.01729	0.02002	0.01183	0.01365	0.01092	0.00728	0.00546	0.00182	0.00910	0.00455	0.00364	0.01092
36	0.03716	0.01613	0.02077	0.01592	0.02254	0.01495	0.01315	0.14310	0.02711	0.54822	0.03126	0.02746	0.01991	0.01048	0.00855	0.00262	0.00761	0.00840	0.01018	0.01448
37	0.01215	0.00906	0.01134	0.01070	0.01293	0.00844	0.00805	0.01672	0.04734	0.03279	0.54984	0.06461	0.14870	0.01769	0.00999	0.00271	0.00416	0.01549	0.00916	0.00814
38	0.01037	0.00741	0.00987	0.01185	0.01234	0.00691	0.00790	0.01185	0.01629	0.02172	0.04690	0.69537	0.05629	0.02666	0.01086	0.00346	0.00494	0.02419	0.00790	0.00691
39	0.01862	0.01862	0.02607	0.02234	0.02234	0.02607	0.01862	0.02048	0.01303	0.02048	0.01117	0.01862	0.01117	0.01489	0.02793	0.00372	0.68535	0.00745	0.00372	0.00931
40	0.02106	0.02022	0.03454	0.05223	0.64784	0.02022	0.02612	0.02612	0.01938	0.02780	0.01601	0.02106	0.01348	0.00758	0.00842	0.00253	0.01011	0.00758	0.00421	0.01348
41	0.01051	0.00751	0.01004	0.01202	0.01257	0.00704	0.00815	0.01210	0.01644	0.02189	0.04682	0.66929	0.05597	0.02652	0.01090	0.00348	0.00506	0.04883	0.00790	0.00695
42	0.01376	0.01067	0.01276	0.01189	0.01455	0.01067	0.00902	0.02175	0.14956	0.03345	0.46812	0.05861	0.11894	0.01655	0.00975	0.00274	0.00460	0.01442	0.00909	0.00908
43	0.76103	0.01646	0.01251	0.01119	0.01646	0.01909	0.00922	0.02502	0.01448	0.03818	0.01185	0.01382	0.00922	0.00790	0.00527	0.00263	0.00658	0.00461	0.00527	0.00922
44	0.01051	0.00754	0.01017	0.01199	0.01256	0.00720	0.00811	0.01211	0.01609	0.02157	0.04506	0.64466	0.05360	0.02951	0.06115	0.00424	0.00631	0.02304	0.00764	0.00696
45	0.01088	0.00865	0.00976	0.00948	0.01200	0.00753	0.00711	0.01380	0.02133	0.02759	0.31624	0.07433	0.41149	0.01984	0.01005	0.00279	0.00419	0.01690	0.00851	0.00753
46	0.01037	0.00741	0.00987	0.01185	0.01234	0.00691	0.00790	0.01185	0.01629	0.02172	0.04690	0.69537	0.05629	0.02666	0.01086	0.00346	0.00494	0.02419	0.00790	0.00691
47	0.01189	0.00869	0.01116	0.01055	0.01262	0.00796	0.00791	0.01576	0.02373	0.03327	0.60066	0.06497	0.12351	0.01772	0.01004	0.00269	0.00404	0.01559	0.00926	0.00796
48	0.01798	0.01707	0.02897	0.44071	0.28348	0.01941	0.02458	0.02341	0.01792	0.02406	0.01546	0.02207	0.01216	0.00815	0.00848	0.00272	0.01087	0.00757	0.00395	0.01099
49	0.01707	0.04402	0.65683	0.02426	0.03683	0.01976	0.03144	0.02695	0.01797	0.02695	0.01527	0.01797	0.01078	0.00809	0.00809	0.00270	0.01258	0.00629	0.00359	0.01258
50	0.01707	0.04402	0.65683	0.02426	0.03683	0.01976	0.03144	0.02695	0.01797	0.02695	0.01527	0.01797	0.01078	0.00809	0.00809	0.00270	0.01258	0.00629	0.00359	0.01258
51	0.02106	0.02022	0.03454	0.05223	0.64784	0.02022	0.02612	0.02612	0.01938	0.02780	0.01601	0.02106	0.01348	0.00758	0.00842	0.00253	0.01011	0.00758	0.00421	0.01348
52	0.02870	0.03065	0.02356	0.02050	0.02516	0.34571	0.01594	0.16178	0.15259	0.03095	0.01902	0.02009	0.01484	0.01013	0.00961	0.00253	0.06360	0.00696	0.00611	0.01156
53	0.02106	0.02022	0.03454	0.05223	0.64784	0.02022	0.02612	0.02612	0.01938	0.02780	0.01601	0.02106	0.01348	0.00758	0.00842	0.00253	0.01011	0.00758	0.00421	0.01348
54	0.01586	0.00793	0.00793	0.00793	0.00991	0.00793	0.00595	0.01983	0.01785	0.03173	0.02776	0.03173	0.02181	0.00991	0.00595	0.00198	0.00397	0.00793	0.74817	0.00793
55	0.01217	0.00908	0.01349	0.01349	0.01494	0.01053	0.01040	0.01507	0.01362	0.01961	0.02297	0.03440	0.02170	0.09154	0.64006	0.01344	0.02216	0.00926	0.00458	0.00749
56	0.02275	0.70604	0.04459	0.01456	0.02184	0.03367	0.01456	0.02548	0.01729	0.02002	0.01183	0.01365	0.01092	0.00728	0.00546	0.00182	0.00910	0.00455	0.00364	0.01092
57	0.02117	0.01828	0.01924	0.01732	0.02213	0.02117	0.01347	0.04522	0.63246	0.03560	0.03464	0.03175	0.02598	0.01155	0.00866	0.00289	0.00673	0.00962	0.00866	0.01347
58	0.01015	0.00862	0.00875	0.00871	0.01155	0.00722	0.00654	0.01239	0.01961	0.02349	0.11129	0.08107	0.61899	0.02137	0.01006	0.00286	0.00430	0.01784	0.00797	0.00722
59	0.02399	0.01968	0.02083	0.01789	0.02321	0.02249	0.01415	0.19018	0.48291	0.04015	0.03105	0.02889	0.02307	0.01121	0.00862	0.00280	0.00740	0.00913	0.00862	0.01372
60	0.01607	0.01513	0.02552	0.68047	0.05861	0.01891	0.02363	0.02174	0.01702	0.02174	0.01513	0.02269	0.01134	0.00851	0.00851	0.00284	0.01134	0.00756	0.00378	0.00945
61	0.01607	0.01513	0.02552	0.68047	0.05861	0.01891	0.02363	0.02174	0.01702	0.02174	0.01513	0.02269	0.01134	0.00851	0.00851	0.00284	0.01134	0.00756	0.00378	0.00945
62	0.01011	0.00841	0.00884	0.00919	0.01164	0.00714	0.00672	0.01215	0.01885	0.02277	0.07930	0.18976	0.54098	0.02245	0.01020	0.00298	0.00442	0.01906	0.00790	0.00714
63	0.01899	0.01971	0.03216	0.02576	0.02793	0.02492	0.16965	0.02219	0.01481	0.02219	0.01270	0.01971	0.01161	0.01295	0.02341	0.00351	0.51596	0.00810	0.00387	0.00986
64	0.01216	0.00912	0.01368	0.01368	0.01520	0.01064	0.01064	0.01520	0.01368	0.01976	0.02279	0.03343	0.02127	0.06382	0.66720	0.01368	0.02279	0.00912	0.00456	0.00760
65	0.01006	0.00862	0.00862	0.00862	0.01149	0.00718	0.00647	0.01221	0.01940	0.02299	0.08621	0.08190	0.64438	0.02155	0.01006	0.00287	0.00431	0.01796	0.00790	0.00718
66	0.02550	0.02139	0.02123	0.01801	0.02334	0.07179	0.01427	0.23625	0.35936	0.04036	0.02791	0.02669	0.02077	0.01081	0.00841	0.00268	0.00816	0.00857	0.04119	0.01328
67	0.70566	0.01631	0.01306	0.01149	0.01686	0.01859	0.00947	0.02628	0.01524	0.08534	0.01351	0.01498	0.01012	0.00810	0.00552	0.00263	0.00663	0.00491	0.00567	0.00962
68	0.01707	0.04402	0.65683	0.02426	0.03683	0.01976	0.03144	0.02695	0.01797	0.02695	0.01527	0.01797	0.01078	0.00809	0.00809	0.00270	0.01258	0.00629	0.00359	0.01258
69	0.01058	0.00879	0.00934	0.00962	0.01236	0.00755	0.00749	0.01298	0.01942	0.02334	0.08039	0.08389	0.56011	0.02183	0.01030	0.00302	0.00481	0.09901	0.00789	0.00728
70	0.01612	0.03884	0.56526	0.02250	0.03337	0.01794	0.02811	0.02481	0.01773	0.02621	0.01975	0.11385	0.01722	0.01071	0.00848	0.00280	0.01150	0.00882	0.00420	0.01178
71	0.02883	0.02842	0.11330	0.01976	0.02659	0.13663	0.01760	0.38671	0.03240	0.04241	0.01898	0.02005	0.01389	0.00964	0.00811	0.00247	0.01046	0.00710	0.06376	0.01289
72	0.01607	0.01513	0.02552	0.68047	0.05861	0.01891	0.02363	0.02174	0.01702	0.02174	0.01513	0.02269	0.01134	0.00851	0.00851	0.00284	0.01134	0.00756	0.00378	0.00945
73	0.01955	0.01841	0.03105	0.04652	0.55789	0.01834	0.02354	0.02410	0.01894	0.02694	0.02038	0.11651	0.01954	0.01028	0.00877	0.00266	0.00938	0.00993	0.00473	0.01255
74	0.02349	0.01941	0.03245	0.04698	0.55921	0.01913	0.02419	0.02829	0.02008	0.11640	0.01849	0.02218	0.01455	0.00800	0.00844	0.00254	0.00970	0.00772	0.00511	0.01362
75	0.01559	0.00951	0.01235	0.01117	0.01390	0.00860	0.00854	0.01936	0.02377	0.12097	0.51435	0.06008	0.11513	0.01674	0.00983	0.00269	0.00449	0.01462	0.00942	0.00888
76	0.01324	0.01068	0.01111	0.01042	0.01367	0.00988	0.00795	0.09814	0.02208	0.02723	0.07389	0.12020	0.51017	0.02034	0.00990	0.00287	0.00507	0.01698	0.00799	0.00819
77	0.02701	0.02247	0.02249	0.01815	0.02428	0.07892	0.01456	0.31858	0.20557	0.04191	0.02312	0.02284	0.01720	0.00992	0.00817	0.00243	0.00870	0.00766	0.00770	0.11831
78	0.02946	0.03569	0.02423	0.02167	0.02556	0.51803	0.01660	0.05822	0.05153	0.02290	0.01419	0.01680	0.01184	0.00983	0.01062	0.00246	0.10952	0.00605	0.00467	0.01016
79	0.03318	0.02251	0.02472	0.01895	0.02573	0.02443	0.01566	0.53765	0.03780	0.13857	0.02229	0.02164	0.01541	0.01026	0.00852	0.00257	0.00906	0.00779	0.00880	0.01447
80	0.01707	0.04402	0.65683	0.02426	0.03683	0.01976	0.03144	0.02695	0.01797	0.02695	0.01527	0.01797	0.01078	0.00809	0.00809	0.00270	0.01258	0.00629	0.00359	0.01258
81	0.01612	0.03884	0.56526	0.02250	0.03337	0.01794	0.02811	0.02481	0.01773	0.02621	0.01975	0.11385	0.01722	0.01071	0.00848	0.00280	0.01150	0.00882	0.00420	0.01178
82	0.02033	0.01848	0.03078	0.04596	0.55754	0.01848	0.02326	0.02523	0.01916	0.02836	0.01767	0.02257	0.01466	0.00791	0.00807	0.00245	0.00924	0.00763	0.10951	0.01269
83	0.01140	0.00850	0.01097	0.01196	0.01345	0.00754	0.00821	0.01321	0.01648	0.02257	0.04241	0.59944	0.05010	0.02378	0.01022	0.00315	0.00513	0.02148	0.00750	0.11251
84	0.01948	0.01838	0.03017	0.18469	0.42951	0.01868	0.02330	0.02449	0.01861	0.02646	0.01569	0.02094	0.01289	0.00760	0.00814	0.00242	0.00984	0.00722	0.00424	0.11726
85	0.01979	0.01859	0.03126	0.04636	0.55794	0.01849	0.02356	0.02469	0.02004	0.02870	0.10480	0.02708	0.02294	0.00897	0.00865	0.00255	0.00925	0.00869	0.00494	0.01271
86	0.01062	0.00765	0.01041	0.01211	0.01275	0.00744	0.00829	0.01232	0.01592	0.02145	0.04349	0.60168	0.05133	0.03192	0.10376	0.00490	0.00746	0.02206	0.00743	0.00701
87	0.01209	0.00813	0.00937	0.00965	0.00972	0.00806	0.00554	0.01230	0.01293	0.01724	0.02966	0.14623	0.03453	0.60549	0.03872	0.00757	0.00778	0.01405	0.00554	0.00541
88	0.03002	0.02159	0.02305	0.01793	0.02406	0.02378	0.01473	0.53459	0.03687	0.05053	0.02147	0.02203	0.01551	0.01017	0.00815	0.00247	0.00860	0.00770	0.11321	0.01355
89	0.02181	0.60825	0.04189	0.10882	0.02705	0.03158	0.01585	0.02495	0.01725	0.02027	0.01230	0.01493	0.01098	0.00745	0.00589	0.00196	0.00942	0.00498	0.00366	0.01071
90	0.01061	0.00759	0.01009	0.01169	0.01240	0.00707	0.00792	0.01245	0.01740	0.02348	0.13133	0.60594	0.05968	0.02535	0.01075	0.00335	0.00481	0.02295	0.00811	0.00707
91	0.01707	0.04402	0.65683	0.02426	0.03683	0.01976	0.03144	0.02695	0.01797	0.02695	0.01527	0.01797	0.01078	0.00809	0.00809	0.00270	0.01258	0.00629	0.00359	0.01258
92	0.02556	0.01196	0.01550	0.01322	0.01747	0.01099	0.01063	0.05507	0.02331	0.31800	0.17117	0.07177	0.03816	0.01379	0.00889	0.00269	0.00609	0.06028	0.11424	0.01120
93	0.01644	0.01555	0.02347	0.11358	0.02639	0.02036	0.04394	0.01943	0.01410	0.02075	0.01539	0.02370	0.01422	0.02789	0.21047	0.00646	0.36686	0.00807	0.00400	0.00893
94	0.02917	0.02064	0.02255	0.01819	0.02427	0.02271	0.01473	0.34023	0.24728	0.12651	0.02719	0.02556	0.01941	0.01073	0.00857	0.00268	0.00816	0.00847	0.00883	0.01412
95	0.15680	0.03708	0.16011	0.02055	0.02687	0.41174	0.01844	0.03087	0.02108	0.02521	0.01339	0.01565	0.01062	0.00847	0.00734	0.00238	0.01320	0.00550	0.00437	0.01034
96	0.02182	0.02308	0.04672	0.03356	0.04192	0.02221	0.53190	0.11108	0.02291	0.03099	0.01767	0.02260	0.01313	0.00760	0.00983	0.00282	0.01364	0.00971	0.00490	0.01190
97	0.01607	0.01513	0.02552	0.68047	0.05861	0.01891	0.02363	0.02174	0.01702	0.02174	0.01513	0.02269	0.01134	0.00851	0.00851	0.00284	0.01134	0.00756	0.00378	0.00945
98	0.02050	0.02359	0.12262	0.04827	0.56135	0.02016	0.02687	0.02624	0.01918	0.02768	0.01590	0.02062	0.01310	0.00765	0.00838	0.00255	0.01046	0.00740	0.00412	0.01335
99	0.01373	0.01317	0.01165	0.01113	0.01396	0.10080	0.00835	0.01646	0.02148	0.02605	0.24412	0.06694	0.38437	0.01849	0.00971	0.00272	0.00578	0.01542	0.00785	0.00782
100	0.02959	0.01412	0.01780	0.01367	0.01986	0.01217	0.01113	0.05837	0.02242	0.38169	0.02753	0.02613	0.01875	0.00936	0.00762	0.00219	0.00663	0.00754	0.11347	0.19997
101	0.01108	0.00955	0.01125	0.10390	0.01827	0.00892	0.00903	0.01389	0.01946	0.02377	0.12382	0.07195	0.50651	0.01935	0.00984	0.00285	0.00528	0.01627	0.00744	0.00758
102	0.02085	0.01703	0.01937	0.01413	0.02153	0.01463	0.01141	0.15189	0.02253	0.03338	0.01628	0.01825	0.01301	0.00716	0.00678	0.00154	0.00697	0.00561	0.00580	0.59184
103	0.02163	0.02509	0.04505	0.03285	0.04081	0.11239	0.50461	0.02795	0.02055	0.02637	0.01655	0.02164	0.01262	0.00736	0.00954	0.00270	0.01413	0.00917	0.00435	0.04463
104	0.02929	0.06929	0.02291	0.01676	0.02256	0.01798	0.03474	0.14622	0.10628	0.29676	0.02745	0.02696	0.01943	0.01778	0.10161	0.00416	0.01017	0.00835	0.00830	0.01299

[dist]
# distance from previous block
# <min> <max>
0	40

# created by:
# /home/cegg/simao/soft/augustus-3.2.1/scripts/msa2prfl.pl ./align_prep/14369.fa
