[name]
unknown

[dist]
# distance from previous block
# <min> <max>
0	0

[block]
# block no. 0 follows, 22 sequences, length 9
# corresponding to MSA columns:
# 0-8
name=unknown_A
#
# <colnr> <probs for GDERKNQSTAVLIFYWHMCP>
#	G	D	E	R	K	N	Q	S	T	A	V	L	I	F	Y	W	H	M	C	P
0	0.01339	0.00956	0.01339	0.01530	0.01721	0.00956	0.01339	0.01721	0.01912	0.02486	0.04399	0.09371	0.04781	0.02295	0.01147	0.00382	0.00765	0.60031	0.00765	0.00765
1	0.76672	0.01607	0.01221	0.01092	0.01607	0.01864	0.00900	0.02442	0.01414	0.03727	0.01157	0.01350	0.00900	0.00771	0.00514	0.00257	0.00643	0.00450	0.00514	0.00900
2	0.03103	0.03959	0.02354	0.02140	0.02568	0.67469	0.01605	0.03317	0.02354	0.02033	0.01284	0.01498	0.01070	0.00856	0.00749	0.00214	0.01498	0.00535	0.00428	0.00963
3	0.02252	0.01582	0.01761	0.01479	0.01948	0.01669	0.01177	0.20236	0.18535	0.11326	0.14276	0.04082	0.13408	0.01336	0.00885	0.00266	0.00654	0.01101	0.00863	0.01164
4	0.02689	0.02066	0.01900	0.01606	0.02036	0.15833	0.01225	0.16613	0.08956	0.16514	0.02409	0.03000	0.01977	0.17582	0.01623	0.00379	0.00943	0.00850	0.00710	0.01089
5	0.03035	0.02266	0.02424	0.01886	0.02529	0.02519	0.01549	0.56245	0.10714	0.05037	0.02151	0.02119	0.01540	0.01012	0.00833	0.00253	0.00885	0.00770	0.00833	0.01402
6	0.02354	0.01919	0.02718	0.09911	0.09604	0.02082	0.11436	0.27441	0.02657	0.03704	0.01897	0.02221	0.01433	0.00924	0.00921	0.00255	0.04727	0.00786	0.11835	0.01176
7	0.02138	0.22893	0.03327	0.02193	0.05625	0.16396	0.13698	0.02492	0.01809	0.02147	0.01505	0.01971	0.01308	0.01811	0.13316	0.00435	0.04850	0.00683	0.00404	0.00998
8	0.02127	0.20549	0.30735	0.01987	0.02818	0.18467	0.02142	0.02693	0.01928	0.02363	0.05702	0.01890	0.01523	0.00848	0.00729	0.00230	0.01154	0.00613	0.00410	0.01092

[dist]
# distance from previous block
# <min> <max>
0	1

[block]
# block no. 1 follows, 22 sequences, length 24
# corresponding to MSA columns:
# 10-33
name=unknown_B
#
# <colnr> <probs for GDERKNQSTAVLIFYWHMCP>
#	G	D	E	R	K	N	Q	S	T	A	V	L	I	F	Y	W	H	M	C	P
0	0.02164	0.06099	0.02878	0.02754	0.15141	0.11175	0.04312	0.06751	0.01784	0.02406	0.01304	0.01825	0.01162	0.01125	0.01747	0.00298	0.34906	0.00700	0.00417	0.01052
1	0.02226	0.02725	0.14562	0.05223	0.05611	0.20498	0.04189	0.02985	0.11494	0.07246	0.09987	0.02814	0.04767	0.01037	0.00832	0.00252	0.01036	0.00838	0.00590	0.01088
2	0.16444	0.02331	0.02489	0.23857	0.11984	0.20691	0.05891	0.02619	0.01863	0.02519	0.01385	0.01825	0.01095	0.00806	0.00756	0.00251	0.01134	0.00641	0.00423	0.00996
3	0.01741	0.01652	0.02803	0.46300	0.26884	0.01891	0.02393	0.02273	0.01743	0.02332	0.01507	0.02159	0.01181	0.00799	0.00828	0.00266	0.01065	0.00739	0.00384	0.01062
4	0.17512	0.02060	0.02174	0.17682	0.03094	0.07260	0.01595	0.26654	0.07815	0.03793	0.01764	0.01971	0.01304	0.00912	0.00762	0.00257	0.00929	0.00685	0.00627	0.01149
5	0.01023	0.00727	0.00961	0.01143	0.01189	0.00682	0.00757	0.01159	0.01570	0.02093	0.04474	0.66784	0.05362	0.06262	0.01230	0.00362	0.00499	0.02300	0.00757	0.00666
6	0.01145	0.00944	0.01029	0.01052	0.01331	0.00868	0.00832	0.01570	0.07134	0.02397	0.07179	0.07862	0.47755	0.02060	0.01004	0.00301	0.00510	0.13483	0.00776	0.00766
7	0.01012	0.00723	0.00964	0.01157	0.01205	0.00675	0.00771	0.01157	0.01591	0.02121	0.04579	0.70262	0.05495	0.02603	0.01060	0.00337	0.00482	0.02362	0.00771	0.00675
8	0.01026	0.00729	0.00960	0.01139	0.01184	0.00684	0.00753	0.01160	0.01564	0.02085	0.04443	0.65781	0.05323	0.07317	0.01279	0.00370	0.00504	0.02282	0.00753	0.00663
9	0.02566	0.16947	0.02673	0.05516	0.02536	0.25312	0.01477	0.13666	0.02332	0.02741	0.01436	0.01640	0.01166	0.00802	0.00697	0.00198	0.01066	0.00558	0.00496	0.16176
10	0.02109	0.57788	0.16889	0.01612	0.02427	0.03013	0.01754	0.02516	0.01701	0.02091	0.01223	0.01418	0.01063	0.00727	0.00585	0.00195	0.00957	0.00478	0.00354	0.01099
11	0.02466	0.21895	0.18226	0.02170	0.06267	0.31023	0.01958	0.02889	0.02007	0.02193	0.01315	0.01547	0.01079	0.00795	0.00705	0.00218	0.01242	0.00541	0.00389	0.01074
12	0.01308	0.01011	0.01395	0.09074	0.01864	0.01123	0.01066	0.01552	0.01470	0.02102	0.02699	0.20524	0.02854	0.13166	0.17776	0.00622	0.07355	0.01253	0.06833	0.04954
13	0.01672	0.01372	0.01514	0.01333	0.01756	0.01369	0.01025	0.08012	0.20999	0.03027	0.07578	0.13977	0.15580	0.01466	0.00867	0.00255	0.00584	0.01244	0.00753	0.15617
14	0.01817	0.01775	0.02813	0.12605	0.03077	0.02136	0.12822	0.04950	0.01623	0.02345	0.01408	0.02053	0.01217	0.01447	0.06169	0.00374	0.32919	0.00767	0.00413	0.07271
15	0.02291	0.02612	0.02253	0.02549	0.16784	0.33171	0.01625	0.02586	0.02002	0.02188	0.02155	0.02545	0.06884	0.02021	0.14253	0.00453	0.01434	0.00759	0.00457	0.00977
16	0.01677	0.01482	0.01226	0.01186	0.01374	0.14279	0.00827	0.03912	0.01768	0.02261	0.03260	0.12337	0.09915	0.23682	0.01899	0.00424	0.00779	0.01174	0.15810	0.00727
17	0.11717	0.02018	0.12639	0.02038	0.06682	0.01584	0.10674	0.07266	0.01891	0.02918	0.02142	0.15626	0.02043	0.01118	0.00807	0.00249	0.00859	0.00995	0.00541	0.16192
18	0.02363	0.02700	0.06038	0.04051	0.43110	0.22312	0.02281	0.02792	0.02029	0.02499	0.01473	0.01869	0.01227	0.00778	0.00798	0.00237	0.01157	0.00671	0.00414	0.01202
19	0.02036	0.05363	0.12633	0.10462	0.28192	0.01840	0.02137	0.02718	0.07105	0.08458	0.02113	0.02376	0.04076	0.00864	0.00800	0.00246	0.00930	0.00757	0.00508	0.06385
20	0.08697	0.29757	0.02792	0.01550	0.02059	0.25968	0.01309	0.02695	0.01914	0.02316	0.01452	0.01677	0.01224	0.00810	0.00617	0.00200	0.01008	0.00531	0.12457	0.00968
21	0.06527	0.20721	0.21562	0.02058	0.02821	0.24300	0.06012	0.02817	0.01934	0.02324	0.01331	0.01572	0.01067	0.00785	0.00709	0.00226	0.01212	0.00560	0.00392	0.01073
22	0.07474	0.01671	0.01847	0.01572	0.02035	0.05375	0.01258	0.15024	0.12468	0.18281	0.02495	0.02651	0.01879	0.02438	0.19092	0.00553	0.01197	0.00807	0.00731	0.01153
23	0.02411	0.02458	0.02396	0.02812	0.22360	0.24824	0.01717	0.02991	0.09781	0.07147	0.04873	0.02772	0.07832	0.01017	0.00822	0.00244	0.01029	0.00826	0.00569	0.01119

[dist]
# distance from previous block
# <min> <max>
12	30

[block]
# block no. 2 follows, 22 sequences, length 44
# corresponding to MSA columns:
# 65-108
name=unknown_C
#
# <colnr> <probs for GDERKNQSTAVLIFYWHMCP>
#	G	D	E	R	K	N	Q	S	T	A	V	L	I	F	Y	W	H	M	C	P
0	0.02339	0.01937	0.02461	0.02760	0.22371	0.02070	0.01727	0.24725	0.15487	0.03736	0.02860	0.02912	0.08739	0.01066	0.00848	0.00259	0.00829	0.00897	0.00694	0.01282
1	0.02363	0.01777	0.07199	0.01938	0.08710	0.01618	0.01476	0.11065	0.16178	0.18509	0.09111	0.08552	0.05338	0.01232	0.00870	0.00269	0.00735	0.01043	0.00800	0.01217
2	0.04975	0.04978	0.14772	0.03023	0.19558	0.01867	0.16427	0.02571	0.01884	0.07934	0.04544	0.02483	0.04165	0.00895	0.00917	0.00261	0.03911	0.00831	0.02849	0.01155
3	0.02199	0.11468	0.02259	0.01873	0.05336	0.23039	0.01428	0.02937	0.15336	0.02589	0.09618	0.03686	0.02787	0.01223	0.00837	0.00259	0.00964	0.10529	0.00618	0.01016
4	0.02523	0.02142	0.04470	0.01557	0.02129	0.16514	0.01276	0.10729	0.02332	0.16488	0.03176	0.03109	0.13262	0.01093	0.00797	0.00224	0.00866	0.00849	0.00684	0.15778
5	0.01564	0.01270	0.01727	0.02013	0.16208	0.01118	0.01220	0.01872	0.01814	0.05697	0.04045	0.17103	0.19143	0.01454	0.00860	0.00243	0.00627	0.01272	0.00630	0.20122
6	0.08195	0.02624	0.18286	0.02043	0.06837	0.06225	0.01827	0.16198	0.11264	0.03399	0.01838	0.01968	0.01384	0.00854	0.00755	0.00234	0.00926	0.00660	0.00575	0.13910
7	0.21033	0.02131	0.05759	0.01436	0.01883	0.18871	0.01190	0.02255	0.01801	0.02575	0.03036	0.03213	0.15903	0.01817	0.09588	0.00388	0.01066	0.00843	0.00529	0.04683
8	0.09537	0.01952	0.02296	0.13501	0.11056	0.09864	0.01713	0.02979	0.11356	0.12391	0.01934	0.02184	0.01472	0.01002	0.01125	0.00276	0.12953	0.00730	0.00569	0.01110
9	0.11609	0.03940	0.57847	0.02199	0.03332	0.01921	0.02782	0.02606	0.01709	0.02776	0.01447	0.01700	0.01032	0.00787	0.00753	0.00262	0.01150	0.00592	0.00372	0.01184
10	0.02494	0.03007	0.07332	0.07218	0.10925	0.29030	0.17476	0.07704	0.02237	0.02578	0.01502	0.01859	0.01177	0.00807	0.00832	0.00245	0.01321	0.00709	0.00447	0.01097
11	0.01926	0.03405	0.41514	0.02661	0.03717	0.01928	0.22070	0.02754	0.01870	0.07734	0.01695	0.01997	0.01200	0.00780	0.00854	0.00268	0.01242	0.00750	0.00427	0.01208
12	0.01353	0.04829	0.01710	0.01489	0.01641	0.01424	0.01196	0.01628	0.01343	0.01942	0.01968	0.02906	0.01849	0.05095	0.52527	0.01102	0.13946	0.00837	0.00426	0.00788
13	0.02247	0.22185	0.03081	0.05959	0.19602	0.19613	0.01772	0.02579	0.01874	0.02187	0.01452	0.01862	0.01265	0.01462	0.09165	0.00358	0.01257	0.00620	0.00402	0.01058
14	0.01984	0.02827	0.26708	0.03397	0.25352	0.01945	0.11455	0.02822	0.06862	0.05963	0.01786	0.02095	0.01346	0.00798	0.00836	0.00261	0.01096	0.00750	0.00456	0.01259
15	0.01009	0.00736	0.00951	0.01123	0.01196	0.00678	0.00756	0.01161	0.01623	0.02134	0.04990	0.63591	0.11900	0.02549	0.01052	0.00331	0.00475	0.02296	0.00771	0.00678
16	0.01957	0.01992	0.02527	0.49205	0.09033	0.13434	0.02161	0.05618	0.01919	0.02314	0.01476	0.02066	0.01131	0.00838	0.00816	0.00262	0.01158	0.00703	0.00407	0.00983
17	0.02321	0.02621	0.17576	0.03447	0.31110	0.02157	0.02357	0.21964	0.02508	0.03506	0.01685	0.01967	0.01287	0.00834	0.00818	0.00251	0.01019	0.00714	0.00532	0.01327
18	0.02089	0.02488	0.23051	0.06183	0.19604	0.01742	0.02258	0.05203	0.05052	0.11623	0.02257	0.03093	0.01847	0.01036	0.00859	0.00275	0.00983	0.08582	0.00561	0.01212
19	0.01064	0.00830	0.00965	0.00963	0.01180	0.00731	0.00710	0.01339	0.02039	0.02665	0.30733	0.15161	0.34638	0.02004	0.00991	0.00280	0.00417	0.01730	0.00829	0.00731
20	0.01058	0.00846	0.00953	0.00997	0.01205	0.00760	0.00720	0.01359	0.04483	0.02379	0.13305	0.26697	0.37930	0.02171	0.01000	0.00296	0.00446	0.01878	0.00790	0.00728
21	0.02660	0.27801	0.05845	0.02088	0.06594	0.37567	0.01664	0.02943	0.02061	0.02075	0.01265	0.01487	0.01084	0.00794	0.00679	0.00205	0.01236	0.00520	0.00398	0.01034
22	0.02221	0.71304	0.04353	0.01421	0.02132	0.03287	0.01421	0.02488	0.01688	0.01955	0.01155	0.01333	0.01066	0.00711	0.00533	0.00178	0.00888	0.00444	0.00355	0.01066
23	0.01011	0.00729	0.00958	0.01141	0.01201	0.00676	0.00764	0.01158	0.01605	0.02127	0.04768	0.67197	0.08438	0.02578	0.01056	0.00335	0.00479	0.02332	0.00771	0.00676
24	0.00982	0.00842	0.00842	0.00842	0.01122	0.00701	0.00631	0.01192	0.01894	0.02244	0.08416	0.07995	0.65285	0.02104	0.00982	0.00281	0.00421	0.01753	0.00771	0.00701
25	0.01794	0.01692	0.02825	0.20470	0.42115	0.01771	0.02244	0.02261	0.01814	0.02496	0.02191	0.07077	0.05716	0.00977	0.00851	0.00263	0.00946	0.00915	0.00448	0.01134
26	0.01666	0.04297	0.66500	0.02368	0.03596	0.01929	0.03069	0.02631	0.01754	0.02631	0.01491	0.01754	0.01052	0.00789	0.00789	0.00263	0.01228	0.00614	0.00351	0.01228
27	0.02543	0.02687	0.02435	0.26923	0.03744	0.29225	0.01861	0.15535	0.02426	0.02748	0.01507	0.01871	0.01157	0.00877	0.00797	0.00245	0.01228	0.00656	0.00492	0.01044
28	0.01666	0.04297	0.66500	0.02368	0.03596	0.01929	0.03069	0.02631	0.01754	0.02631	0.01491	0.01754	0.01052	0.00789	0.00789	0.00263	0.01228	0.00614	0.00351	0.01228
29	0.01543	0.01432	0.01988	0.02728	0.27319	0.04547	0.01516	0.01860	0.01847	0.02405	0.04246	0.19615	0.20041	0.01613	0.00931	0.00281	0.00731	0.03788	0.00608	0.00959
30	0.01187	0.00890	0.01335	0.01335	0.01483	0.01038	0.01038	0.01483	0.01335	0.01928	0.02225	0.03264	0.02077	0.06231	0.67512	0.01335	0.02225	0.00890	0.00445	0.00742
31	0.01115	0.00884	0.01027	0.01098	0.01345	0.00796	0.00895	0.01389	0.01901	0.02334	0.06919	0.08507	0.42749	0.02175	0.01044	0.00319	0.00549	0.23460	0.00769	0.00725
32	0.02432	0.02695	0.02444	0.02674	0.16824	0.31335	0.01745	0.06600	0.02083	0.02378	0.01534	0.01981	0.01318	0.01787	0.12059	0.00424	0.07538	0.00672	0.00448	0.01032
33	0.02724	0.02325	0.02547	0.02580	0.15950	0.10238	0.01756	0.34781	0.07212	0.04008	0.02066	0.02502	0.01645	0.01018	0.00841	0.00255	0.00974	0.04599	0.00689	0.01288
34	0.01836	0.02115	0.06886	0.02809	0.03411	0.04897	0.37477	0.02384	0.01761	0.02408	0.01676	0.02316	0.01370	0.01832	0.13466	0.00482	0.10547	0.00892	0.00414	0.01021
35	0.01790	0.01684	0.02736	0.04018	0.49114	0.01652	0.02065	0.02218	0.01912	0.02641	0.05797	0.03498	0.15184	0.01072	0.00863	0.00255	0.00841	0.00989	0.00510	0.01162
36	0.02118	0.58884	0.15873	0.01597	0.02403	0.03035	0.01727	0.02514	0.01700	0.02080	0.01217	0.01411	0.01064	0.00725	0.00581	0.00194	0.00951	0.00476	0.00355	0.01096
37	0.01884	0.05796	0.10855	0.02241	0.10864	0.01834	0.07183	0.03019	0.22438	0.02884	0.02474	0.02572	0.04900	0.00913	0.00789	0.00236	0.00835	0.00795	0.00580	0.16908
38	0.01074	0.00754	0.00941	0.01064	0.01106	0.00718	0.00680	0.01175	0.01479	0.01962	0.04098	0.46975	0.07039	0.24520	0.02076	0.00486	0.00584	0.01967	0.00685	0.00621
39	0.01496	0.01444	0.01469	0.01410	0.01625	0.11983	0.01089	0.01752	0.01627	0.02023	0.03417	0.03964	0.16352	0.04086	0.37016	0.00845	0.06092	0.01019	0.00512	0.00780
40	0.02582	0.02650	0.02282	0.02394	0.13972	0.29697	0.01581	0.12741	0.02416	0.05649	0.02552	0.02781	0.09842	0.04087	0.00963	0.00263	0.01096	0.00814	0.00569	0.01069
41	0.01625	0.01237	0.04485	0.01191	0.01522	0.01084	0.00945	0.04579	0.08893	0.10155	0.13724	0.08876	0.21705	0.14457	0.01539	0.00373	0.00612	0.01350	0.00763	0.00884
42	0.02549	0.14902	0.05556	0.02805	0.19896	0.33034	0.01868	0.02886	0.02062	0.02259	0.01355	0.01643	0.01143	0.00787	0.00728	0.00215	0.01206	0.00577	0.00410	0.04118
43	0.07195	0.12931	0.17415	0.02671	0.14559	0.18713	0.07016	0.05524	0.02015	0.02593	0.01421	0.01710	0.01131	0.00787	0.00748	0.00236	0.01164	0.00619	0.00421	0.01132

[dist]
# distance from previous block
# <min> <max>
0	5

[block]
# block no. 3 follows, 22 sequences, length 56
# corresponding to MSA columns:
# 114-169
name=unknown_D
#
# <colnr> <probs for GDERKNQSTAVLIFYWHMCP>
#	G	D	E	R	K	N	Q	S	T	A	V	L	I	F	Y	W	H	M	C	P
0	0.02058	0.13120	0.24775	0.01989	0.02785	0.14606	0.04577	0.02589	0.01829	0.02391	0.01380	0.01662	0.01106	0.00798	0.00852	0.00220	0.05868	0.00573	0.00399	0.16423
1	0.02391	0.02285	0.01867	0.01625	0.01992	0.22155	0.01212	0.19066	0.07270	0.02916	0.02370	0.03203	0.04934	0.21046	0.01789	0.00402	0.01021	0.00877	0.00610	0.00970
2	0.01155	0.00948	0.01323	0.17607	0.02310	0.00980	0.01137	0.01427	0.01699	0.02169	0.04783	0.35132	0.19505	0.02030	0.00988	0.00310	0.00632	0.04446	0.00673	0.00746
3	0.02358	0.06890	0.05697	0.07645	0.35842	0.04653	0.02132	0.08210	0.02124	0.11161	0.01882	0.02342	0.01497	0.00868	0.00813	0.00250	0.00967	0.02876	0.00535	0.01258
4	0.01447	0.01182	0.01232	0.01128	0.01473	0.01171	0.00864	0.09057	0.13110	0.02829	0.08619	0.06252	0.42006	0.04592	0.01072	0.00298	0.00535	0.01459	0.00786	0.00889
5	0.01985	0.01862	0.02880	0.02139	0.02851	0.01752	0.21749	0.07520	0.14759	0.03047	0.01976	0.02200	0.01522	0.00779	0.00802	0.00218	0.00910	0.00767	0.00567	0.29714
6	0.01735	0.01854	0.06191	0.02631	0.03252	0.01671	0.34624	0.02395	0.04465	0.02636	0.02645	0.04624	0.02482	0.01253	0.01009	0.00308	0.01120	0.20733	0.00553	0.03819
7	0.02474	0.02177	0.02096	0.01800	0.02317	0.09666	0.01418	0.19789	0.41101	0.03778	0.02774	0.02624	0.02071	0.01062	0.00831	0.00265	0.00821	0.00842	0.00794	0.01301
8	0.02761	0.03136	0.02652	0.02911	0.19464	0.39382	0.01867	0.09591	0.02344	0.02566	0.01427	0.01719	0.01175	0.00872	0.00881	0.00234	0.04826	0.00623	0.00464	0.01104
9	0.03109	0.03789	0.02369	0.02116	0.02569	0.60679	0.01602	0.09547	0.02517	0.02368	0.01358	0.01550	0.01106	0.00871	0.00758	0.00218	0.01437	0.00557	0.00470	0.01010
10	0.04991	0.03315	0.39894	0.03278	0.24330	0.01949	0.05396	0.02597	0.01795	0.02707	0.01509	0.01859	0.01143	0.00768	0.00797	0.00258	0.01130	0.00665	0.00381	0.01239
11	0.01549	0.00774	0.00774	0.00774	0.00968	0.00774	0.00581	0.01936	0.01742	0.03097	0.02710	0.03097	0.02129	0.00968	0.00581	0.00194	0.00387	0.00774	0.75416	0.00774
12	0.01183	0.00881	0.01005	0.01026	0.01176	0.00841	0.00701	0.04545	0.01695	0.02174	0.05050	0.23862	0.24440	0.22480	0.04768	0.00493	0.00654	0.01670	0.00682	0.00676
13	0.01654	0.01436	0.01739	0.04248	0.01969	0.06023	0.01254	0.07361	0.01699	0.02356	0.01887	0.02622	0.01689	0.03901	0.38244	0.00850	0.08924	0.00776	0.00474	0.10894
14	0.02433	0.51310	0.03789	0.01611	0.02245	0.12940	0.01481	0.08648	0.01995	0.02297	0.01256	0.01444	0.01102	0.00792	0.00685	0.00198	0.03780	0.00500	0.00414	0.01079
15	0.01666	0.04297	0.66500	0.02368	0.03596	0.01929	0.03069	0.02631	0.01754	0.02631	0.01491	0.01754	0.01052	0.00789	0.00789	0.00263	0.01228	0.00614	0.00351	0.01228
16	0.02566	0.08657	0.03096	0.05595	0.03026	0.37653	0.14887	0.02902	0.02060	0.02164	0.01347	0.01716	0.01115	0.00876	0.01008	0.00245	0.09021	0.00656	0.00410	0.00998
17	0.02117	0.02128	0.03190	0.10602	0.53845	0.08531	0.02433	0.02588	0.01917	0.02592	0.01527	0.02015	0.01272	0.00760	0.00816	0.00246	0.01049	0.00719	0.00409	0.01245
18	0.00982	0.00842	0.00842	0.00842	0.01122	0.00701	0.00631	0.01192	0.01894	0.02244	0.08416	0.07995	0.65285	0.02104	0.00982	0.00281	0.00421	0.01753	0.00771	0.00701
19	0.01189	0.00881	0.01289	0.01289	0.01421	0.01013	0.00981	0.01454	0.01321	0.01894	0.02267	0.03498	0.02179	0.13192	0.60690	0.01278	0.02072	0.00924	0.00451	0.00716
20	0.02493	0.05899	0.02998	0.03720	0.36896	0.28913	0.02111	0.02862	0.02072	0.02401	0.01430	0.01795	0.01204	0.00786	0.00779	0.00230	0.01192	0.00643	0.00416	0.01160
21	0.01549	0.00774	0.00774	0.00774	0.00968	0.00774	0.00581	0.01936	0.01742	0.03097	0.02710	0.03097	0.02129	0.00968	0.00581	0.00194	0.00387	0.00774	0.75416	0.00774
22	0.01012	0.00723	0.00964	0.01157	0.01205	0.00675	0.00771	0.01157	0.01591	0.02121	0.04579	0.70262	0.05495	0.02603	0.01060	0.00337	0.00482	0.02362	0.00771	0.00675
23	0.02056	0.01974	0.03372	0.05099	0.65622	0.01974	0.02550	0.02550	0.01892	0.02714	0.01563	0.02056	0.01316	0.00740	0.00822	0.00247	0.00987	0.00740	0.00411	0.01316
24	0.02877	0.21584	0.02905	0.01916	0.02454	0.40995	0.01553	0.11767	0.02403	0.02479	0.01353	0.01527	0.01119	0.00838	0.00704	0.00210	0.01251	0.00542	0.00467	0.01056
25	0.01339	0.00956	0.01339	0.01530	0.01721	0.00956	0.01339	0.01721	0.01912	0.02486	0.04399	0.09371	0.04781	0.02295	0.01147	0.00382	0.00765	0.60031	0.00765	0.00765
26	0.03039	0.03825	0.02325	0.02112	0.02543	0.63428	0.01587	0.03385	0.06171	0.02122	0.01414	0.01597	0.01161	0.00873	0.00755	0.00218	0.01446	0.00560	0.00454	0.00985
27	0.02126	0.06846	0.39042	0.02391	0.03407	0.01908	0.14850	0.02884	0.01905	0.14022	0.01833	0.02025	0.01276	0.00810	0.00823	0.00261	0.01152	0.00720	0.00487	0.01231
28	0.03158	0.02327	0.02493	0.01911	0.02576	0.02576	0.01579	0.62852	0.03906	0.05236	0.01995	0.01995	0.01413	0.00997	0.00831	0.00249	0.00914	0.00748	0.00831	0.01413
29	0.02066	0.01785	0.01878	0.01691	0.02160	0.02066	0.01315	0.04414	0.64121	0.03475	0.03381	0.03099	0.02536	0.01127	0.00845	0.00282	0.00657	0.00939	0.00845	0.01315
30	0.02798	0.02067	0.02219	0.01750	0.02304	0.02283	0.01404	0.49791	0.07721	0.04585	0.02182	0.02573	0.01725	0.11173	0.01327	0.00333	0.00880	0.00828	0.00784	0.01274
31	0.46424	0.05364	0.01756	0.04488	0.02102	0.19433	0.01197	0.02766	0.04953	0.03110	0.01321	0.01519	0.01047	0.00812	0.00609	0.00244	0.00904	0.00511	0.00495	0.00947
32	0.01208	0.00805	0.00906	0.00906	0.00906	0.00805	0.00503	0.01208	0.01208	0.01611	0.02618	0.05436	0.03020	0.70804	0.04228	0.00805	0.00805	0.01208	0.00503	0.00503
33	0.01119	0.00820	0.01049	0.01048	0.01220	0.00751	0.00765	0.01436	0.02133	0.02946	0.45620	0.20675	0.13442	0.01943	0.00998	0.00280	0.00415	0.01721	0.00867	0.00751
34	0.03103	0.03959	0.02354	0.02140	0.02568	0.67469	0.01605	0.03317	0.02354	0.02033	0.01284	0.01498	0.01070	0.00856	0.00749	0.00214	0.01498	0.00535	0.00428	0.00963
35	0.02718	0.01998	0.02180	0.01757	0.02295	0.02187	0.01413	0.50211	0.03432	0.04597	0.02524	0.15982	0.02249	0.01326	0.00878	0.00267	0.00826	0.01079	0.00819	0.01262
36	0.01187	0.00890	0.01335	0.01335	0.01483	0.01038	0.01038	0.01483	0.01335	0.01928	0.02225	0.03264	0.02077	0.06231	0.67512	0.01335	0.02225	0.00890	0.00445	0.00742
37	0.02804	0.02089	0.02248	0.01811	0.02406	0.02326	0.01468	0.39243	0.24999	0.07791	0.02549	0.02426	0.01841	0.01045	0.00836	0.00261	0.00813	0.00820	0.00846	0.01378
38	0.01569	0.01477	0.02492	0.68808	0.05722	0.01846	0.02307	0.02123	0.01661	0.02123	0.01477	0.02215	0.01107	0.00831	0.00831	0.00277	0.01107	0.00738	0.00369	0.00923
39	0.01549	0.00774	0.00774	0.00774	0.00968	0.00774	0.00581	0.01936	0.01742	0.03097	0.02710	0.03097	0.02129	0.00968	0.00581	0.00194	0.00387	0.00774	0.75416	0.00774
40	0.01429	0.00812	0.00959	0.00959	0.01138	0.00861	0.00732	0.01787	0.01608	0.02712	0.02550	0.03152	0.02112	0.02702	0.22638	0.00570	0.00993	0.00812	0.50709	0.00764
41	0.01640	0.01549	0.02620	0.59530	0.14445	0.01864	0.02342	0.02185	0.01695	0.02209	0.01489	0.02192	0.01138	0.00817	0.00829	0.00272	0.01090	0.00739	0.00375	0.00980
42	0.01226	0.00947	0.01410	0.01387	0.01527	0.01131	0.01087	0.01515	0.01331	0.01933	0.02155	0.03174	0.02016	0.05935	0.63509	0.01275	0.06369	0.00880	0.00440	0.00752
43	0.01012	0.00723	0.00964	0.01157	0.01205	0.00675	0.00771	0.01157	0.01591	0.02121	0.04579	0.70262	0.05495	0.02603	0.01060	0.00337	0.00482	0.02362	0.00771	0.00675
44	0.01673	0.01679	0.03131	0.51486	0.05356	0.01913	0.18300	0.02265	0.01741	0.02265	0.01531	0.02222	0.01148	0.00796	0.00870	0.00278	0.01185	0.00802	0.00383	0.00975
45	0.02048	0.02803	0.17991	0.20739	0.22016	0.15349	0.02416	0.02613	0.01892	0.02398	0.01466	0.01912	0.01147	0.00800	0.00802	0.00252	0.01181	0.00668	0.00389	0.01118
46	0.01187	0.00890	0.01335	0.01335	0.01483	0.01038	0.01038	0.01483	0.01335	0.01928	0.02225	0.03264	0.02077	0.06231	0.67512	0.01335	0.02225	0.00890	0.00445	0.00742
47	0.01666	0.04297	0.66500	0.02368	0.03596	0.01929	0.03069	0.02631	0.01754	0.02631	0.01491	0.01754	0.01052	0.00789	0.00789	0.00263	0.01228	0.00614	0.00351	0.01228
48	0.06341	0.02843	0.02391	0.01952	0.02531	0.24292	0.01558	0.40270	0.03277	0.04097	0.01720	0.01800	0.01276	0.00940	0.00790	0.00238	0.01098	0.00664	0.00682	0.01240
49	0.01549	0.00774	0.00774	0.00774	0.00968	0.00774	0.00581	0.01936	0.01742	0.03097	0.02710	0.03097	0.02129	0.00968	0.00581	0.00194	0.00387	0.00774	0.75416	0.00774
50	0.01176	0.00849	0.01110	0.01045	0.01241	0.00784	0.00784	0.01568	0.02352	0.03331	0.65184	0.06206	0.07839	0.01698	0.00980	0.00261	0.00392	0.01502	0.00914	0.00784
51	0.01913	0.02099	0.04112	0.03059	0.03618	0.02250	0.42234	0.02439	0.01730	0.02439	0.01483	0.02099	0.01204	0.00953	0.01565	0.00308	0.24150	0.00895	0.00401	0.01050
52	0.06040	0.01888	0.03139	0.13308	0.54226	0.01951	0.02428	0.02487	0.01835	0.02691	0.01529	0.02039	0.01266	0.00754	0.00807	0.00251	0.00984	0.00724	0.00411	0.01241
53	0.00995	0.00842	0.00860	0.00856	0.01130	0.00707	0.00642	0.01218	0.01926	0.02320	0.12383	0.07870	0.61270	0.02076	0.00982	0.00279	0.00419	0.01736	0.00781	0.00707
54	0.07209	0.01867	0.03056	0.18612	0.42407	0.01971	0.04994	0.05188	0.01902	0.02767	0.01540	0.02047	0.01243	0.00772	0.00810	0.00256	0.01004	0.00730	0.00429	0.01196
55	0.01166	0.00959	0.01039	0.00999	0.01280	0.00890	0.00755	0.01685	0.09604	0.02683	0.22859	0.06923	0.42396	0.01877	0.00965	0.00276	0.00442	0.01587	0.00818	0.00798

[dist]
# distance from previous block
# <min> <max>
0	0

# created by:
# /home/cegg/simao/soft/augustus-3.2.1/scripts/msa2prfl.pl ./align_prep/14379.fa
