[name]
unknown

[dist]
# distance from previous block
# <min> <max>
0	0

[block]
# block no. 0 follows, 22 sequences, length 8
# corresponding to MSA columns:
# 0-7
name=unknown_A
#
# <colnr> <probs for GDERKNQSTAVLIFYWHMCP>
#	G	D	E	R	K	N	Q	S	T	A	V	L	I	F	Y	W	H	M	C	P
0	0.01339	0.00956	0.01339	0.01530	0.01721	0.00956	0.01339	0.01721	0.01912	0.02486	0.04399	0.09371	0.04781	0.02295	0.01147	0.00382	0.00765	0.60031	0.00765	0.00765
1	0.01506	0.01464	0.01242	0.01284	0.01434	0.15349	0.00883	0.01645	0.01719	0.02015	0.03937	0.34599	0.11386	0.15759	0.01614	0.00397	0.00762	0.01656	0.00643	0.00707
2	0.02305	0.02547	0.03007	0.14571	0.31218	0.22961	0.06406	0.02733	0.02007	0.02394	0.01467	0.01916	0.01199	0.00789	0.00811	0.00244	0.01200	0.00691	0.00410	0.01124
3	0.08141	0.02084	0.02809	0.18107	0.34234	0.09003	0.02165	0.08642	0.02057	0.02848	0.01525	0.01968	0.01220	0.00801	0.00793	0.00251	0.01033	0.00695	0.00455	0.01169
4	0.01548	0.10592	0.01582	0.01113	0.01472	0.01281	0.00887	0.02052	0.09476	0.07617	0.15781	0.05621	0.30289	0.05789	0.01088	0.00293	0.00554	0.01327	0.00753	0.00884
5	0.01072	0.00777	0.00918	0.01003	0.01086	0.00725	0.00650	0.01182	0.01527	0.01975	0.04756	0.34658	0.17766	0.25589	0.02116	0.00483	0.00578	0.01838	0.00681	0.00623
6	0.01128	0.00801	0.00901	0.00931	0.01000	0.00762	0.00573	0.01197	0.01418	0.01829	0.04193	0.16046	0.17055	0.45170	0.03025	0.00618	0.00671	0.01506	0.00604	0.00573
7	0.01508	0.01030	0.01176	0.01140	0.01288	0.01057	0.00777	0.11584	0.01839	0.02539	0.03149	0.25303	0.03446	0.29885	0.02259	0.00498	0.00676	0.01453	0.08656	0.00739

[dist]
# distance from previous block
# <min> <max>
4	6

[block]
# block no. 1 follows, 22 sequences, length 6
# corresponding to MSA columns:
# 14-19
name=unknown_B
#
# <colnr> <probs for GDERKNQSTAVLIFYWHMCP>
#	G	D	E	R	K	N	Q	S	T	A	V	L	I	F	Y	W	H	M	C	P
0	0.01155	0.00828	0.00959	0.01005	0.01103	0.00790	0.00679	0.01273	0.01507	0.01934	0.04422	0.12809	0.18113	0.38286	0.02719	0.00577	0.00678	0.09928	0.00630	0.00604
1	0.01088	0.00765	0.00931	0.01031	0.01079	0.00729	0.00653	0.01180	0.01462	0.01927	0.04102	0.39327	0.09308	0.29847	0.02321	0.00520	0.00606	0.01851	0.00664	0.00608
2	0.01935	0.01413	0.01622	0.01481	0.01795	0.01493	0.01119	0.27694	0.02586	0.03461	0.03467	0.40898	0.03739	0.01912	0.00962	0.00300	0.00668	0.01668	0.00797	0.00992
3	0.01774	0.02455	0.16851	0.11095	0.04102	0.01923	0.38083	0.02471	0.01876	0.02555	0.02155	0.02598	0.06315	0.00847	0.00923	0.00276	0.01251	0.00938	0.00428	0.01085
4	0.01250	0.01104	0.01952	0.01745	0.01992	0.01033	0.16282	0.01534	0.01683	0.02256	0.03852	0.53199	0.04432	0.02125	0.01040	0.00323	0.00712	0.02015	0.00683	0.00787
5	0.02740	0.02837	0.02755	0.03149	0.25284	0.27695	0.01939	0.17886	0.02574	0.03077	0.01562	0.01823	0.01244	0.00850	0.00796	0.00235	0.01168	0.00662	0.00522	0.01202

[dist]
# distance from previous block
# <min> <max>
0	1

[block]
# block no. 2 follows, 22 sequences, length 51
# corresponding to MSA columns:
# 21-71
name=unknown_C
#
# <colnr> <probs for GDERKNQSTAVLIFYWHMCP>
#	G	D	E	R	K	N	Q	S	T	A	V	L	I	F	Y	W	H	M	C	P
0	0.01317	0.00899	0.01046	0.00978	0.01262	0.00782	0.00744	0.01605	0.02110	0.08774	0.29037	0.06834	0.37864	0.01850	0.00967	0.00271	0.00437	0.01572	0.00849	0.00800
1	0.01896	0.01369	0.01586	0.01460	0.01766	0.01450	0.01117	0.25277	0.02504	0.03387	0.03376	0.34770	0.03568	0.02049	0.03877	0.00343	0.00736	0.04376	0.04120	0.00974
2	0.02018	0.01178	0.01254	0.01079	0.01426	0.01203	0.00850	0.15156	0.02240	0.06853	0.02522	0.02775	0.01925	0.00959	0.00650	0.00205	0.00529	0.00757	0.51586	0.04835
3	0.02707	0.05969	0.02374	0.05068	0.02529	0.16566	0.01526	0.33987	0.02934	0.03688	0.01807	0.02064	0.01411	0.01777	0.11415	0.00412	0.01259	0.00708	0.00634	0.01166
4	0.01366	0.01408	0.07138	0.01483	0.01747	0.05852	0.01257	0.01715	0.01445	0.01998	0.02094	0.03005	0.01915	0.05369	0.56885	0.01161	0.02086	0.00840	0.00436	0.00800
5	0.01794	0.01642	0.02440	0.06685	0.34156	0.01692	0.01840	0.02622	0.14812	0.02814	0.07925	0.03546	0.12246	0.01116	0.00865	0.00262	0.00789	0.01001	0.00595	0.01157
6	0.01613	0.03067	0.39614	0.02692	0.16172	0.01679	0.02484	0.02308	0.01749	0.02543	0.02146	0.16015	0.02028	0.01155	0.00852	0.00275	0.01022	0.01003	0.00451	0.01132
7	0.01549	0.00774	0.00774	0.00774	0.00968	0.00774	0.00581	0.01936	0.01742	0.03097	0.02710	0.03097	0.02129	0.00968	0.00581	0.00194	0.00387	0.00774	0.75416	0.00774
8	0.02709	0.01961	0.02147	0.01718	0.02234	0.02149	0.01375	0.48629	0.03310	0.04435	0.02229	0.08758	0.01891	0.04975	0.01230	0.06496	0.00851	0.00925	0.00769	0.01208
9	0.02049	0.01520	0.01733	0.01553	0.01912	0.01637	0.01205	0.28202	0.07415	0.03586	0.03253	0.29342	0.03309	0.01936	0.03873	0.00341	0.00774	0.04519	0.00788	0.01052
10	0.01119	0.00806	0.01060	0.01084	0.01229	0.00746	0.00779	0.01426	0.02089	0.02914	0.44285	0.28294	0.07030	0.02010	0.01008	0.00288	0.00423	0.01799	0.00865	0.00746
11	0.02066	0.01785	0.01878	0.01691	0.02160	0.02066	0.01315	0.04414	0.64121	0.03475	0.03381	0.03099	0.02536	0.01127	0.00845	0.00282	0.00657	0.00939	0.00845	0.01315
12	0.06665	0.15868	0.02589	0.01835	0.02336	0.37924	0.01467	0.11285	0.02397	0.02654	0.06273	0.01891	0.01629	0.00909	0.00726	0.00218	0.01173	0.00618	0.00513	0.01028
13	0.02241	0.46032	0.17528	0.01741	0.02519	0.13212	0.01809	0.02651	0.01808	0.02114	0.01248	0.01450	0.01064	0.00751	0.00623	0.00202	0.01059	0.00496	0.00366	0.01085
14	0.01676	0.20210	0.38960	0.01851	0.02775	0.02037	0.02210	0.02328	0.01764	0.02392	0.02693	0.02808	0.12978	0.01014	0.00762	0.00245	0.00994	0.00783	0.00430	0.01090
15	0.02069	0.11208	0.28211	0.14699	0.08984	0.04881	0.02341	0.02688	0.01823	0.10146	0.01645	0.01937	0.01212	0.00843	0.00854	0.00255	0.03943	0.00656	0.00446	0.01157
16	0.01021	0.00843	0.00896	0.00882	0.01146	0.00718	0.00662	0.01268	0.01985	0.02462	0.19804	0.07636	0.53761	0.02023	0.00981	0.00277	0.00415	0.01703	0.00800	0.00718
17	0.01012	0.00723	0.00964	0.01157	0.01205	0.00675	0.00771	0.01157	0.01591	0.02121	0.04579	0.70262	0.05495	0.02603	0.01060	0.00337	0.00482	0.02362	0.00771	0.00675
18	0.03109	0.02302	0.02465	0.01901	0.02557	0.02553	0.01567	0.60206	0.06633	0.05156	0.02057	0.02045	0.01464	0.01003	0.00832	0.00251	0.00903	0.00757	0.00832	0.01408
19	0.01187	0.00890	0.01335	0.01335	0.01483	0.01038	0.01038	0.01483	0.01335	0.01928	0.02225	0.03264	0.02077	0.06231	0.67512	0.01335	0.02225	0.00890	0.00445	0.00742
20	0.01549	0.00774	0.00774	0.00774	0.00968	0.00774	0.00581	0.01936	0.01742	0.03097	0.02710	0.03097	0.02129	0.00968	0.00581	0.00194	0.00387	0.00774	0.75416	0.00774
21	0.02056	0.01974	0.03372	0.05099	0.65622	0.01974	0.02550	0.02550	0.01892	0.02714	0.01563	0.02056	0.01316	0.00740	0.00822	0.00247	0.00987	0.00740	0.00411	0.01316
22	0.03103	0.03959	0.02354	0.02140	0.02568	0.67469	0.01605	0.03317	0.02354	0.02033	0.01284	0.01498	0.01070	0.00856	0.00749	0.00214	0.01498	0.00535	0.00428	0.00963
23	0.21226	0.09469	0.39571	0.01938	0.02879	0.06704	0.02259	0.02618	0.01703	0.02812	0.01360	0.01594	0.01015	0.00782	0.00693	0.00251	0.01066	0.00551	0.00399	0.01110
24	0.03158	0.02327	0.02493	0.01911	0.02576	0.02576	0.01579	0.62852	0.03906	0.05236	0.01995	0.01995	0.01413	0.00997	0.00831	0.00249	0.00914	0.00748	0.00831	0.01413
25	0.02062	0.38961	0.17078	0.02324	0.14227	0.02663	0.01970	0.02678	0.06547	0.02355	0.01473	0.01692	0.01223	0.00765	0.00665	0.00217	0.00960	0.00573	0.00402	0.01166
26	0.01549	0.00774	0.00774	0.00774	0.00968	0.00774	0.00581	0.01936	0.01742	0.03097	0.02710	0.03097	0.02129	0.00968	0.00581	0.00194	0.00387	0.00774	0.75416	0.00774
27	0.01193	0.00867	0.01218	0.01218	0.01326	0.00975	0.00892	0.01408	0.01300	0.01842	0.02333	0.03858	0.02335	0.23895	0.50201	0.01190	0.01837	0.00977	0.00461	0.00677
28	0.01074	0.00833	0.00902	0.00891	0.01082	0.00743	0.00621	0.01256	0.01781	0.02246	0.15882	0.07016	0.39251	0.20672	0.01862	0.00420	0.00521	0.01565	0.00722	0.00661
29	0.02056	0.01974	0.03372	0.05099	0.65622	0.01974	0.02550	0.02550	0.01892	0.02714	0.01563	0.02056	0.01316	0.00740	0.00822	0.00247	0.00987	0.00740	0.00411	0.01316
30	0.02900	0.09963	0.02484	0.02021	0.02480	0.53849	0.01554	0.03369	0.09522	0.02195	0.01518	0.01670	0.01241	0.00874	0.00740	0.00219	0.01343	0.00574	0.00470	0.01014
31	0.01488	0.00978	0.01205	0.01118	0.01337	0.00940	0.00815	0.04438	0.04621	0.08051	0.35297	0.11116	0.08545	0.14515	0.01566	0.00370	0.00537	0.01424	0.00822	0.00818
32	0.06450	0.23801	0.06001	0.01886	0.02405	0.36198	0.01603	0.02878	0.01985	0.02123	0.01232	0.01481	0.01061	0.00856	0.00843	0.00221	0.07053	0.00524	0.00402	0.00999
33	0.22840	0.19805	0.02536	0.01680	0.02201	0.33967	0.01369	0.02877	0.01936	0.02473	0.01218	0.01417	0.01023	0.00797	0.00632	0.00217	0.01117	0.00490	0.00434	0.00971
34	0.03027	0.02315	0.02335	0.01836	0.02428	0.08090	0.01483	0.50406	0.03498	0.07229	0.02034	0.02251	0.01533	0.06362	0.01086	0.00289	0.00948	0.00768	0.00779	0.01303
35	0.01961	0.22579	0.29909	0.01845	0.02755	0.07905	0.02044	0.02539	0.01782	0.02403	0.01375	0.01606	0.01095	0.00737	0.00677	0.00206	0.01029	0.00534	0.00388	0.16631
36	0.01335	0.01121	0.01482	0.01443	0.01594	0.04596	0.01129	0.01619	0.01383	0.01939	0.02088	0.03059	0.01948	0.05579	0.58993	0.01201	0.07427	0.00859	0.00438	0.00766
37	0.03204	0.02253	0.02447	0.01876	0.02539	0.02467	0.01550	0.58091	0.03782	0.10172	0.02098	0.02062	0.01465	0.01000	0.00831	0.00250	0.00897	0.00755	0.00847	0.01413
38	0.02690	0.02046	0.02187	0.01763	0.02317	0.02282	0.01413	0.41582	0.20000	0.04439	0.02425	0.02597	0.01859	0.07171	0.01134	0.00307	0.00835	0.00840	0.00806	0.01306
39	0.00982	0.00842	0.00842	0.00842	0.01122	0.00701	0.00631	0.01192	0.01894	0.02244	0.08416	0.07995	0.65285	0.02104	0.00982	0.00281	0.00421	0.01753	0.00771	0.00701
40	0.01710	0.01686	0.06404	0.01585	0.02087	0.01572	0.06587	0.08689	0.23674	0.03034	0.04943	0.04748	0.26943	0.01438	0.00906	0.00277	0.00696	0.01221	0.00742	0.01059
41	0.01549	0.00774	0.00774	0.00774	0.00968	0.00774	0.00581	0.01936	0.01742	0.03097	0.02710	0.03097	0.02129	0.00968	0.00581	0.00194	0.00387	0.00774	0.75416	0.00774
42	0.01365	0.01043	0.01433	0.01666	0.11498	0.00966	0.01046	0.01715	0.02133	0.05460	0.36154	0.09126	0.19876	0.01660	0.00954	0.00267	0.00511	0.01457	0.00798	0.00869
43	0.01549	0.00774	0.00774	0.00774	0.00968	0.00774	0.00581	0.01936	0.01742	0.03097	0.02710	0.03097	0.02129	0.00968	0.00581	0.00194	0.00387	0.00774	0.75416	0.00774
44	0.02002	0.01918	0.03273	0.12235	0.58912	0.01959	0.02522	0.02502	0.01866	0.02648	0.01553	0.02074	0.01293	0.00750	0.00823	0.00250	0.01000	0.00740	0.00407	0.01272
45	0.02056	0.01974	0.03372	0.05099	0.65622	0.01974	0.02550	0.02550	0.01892	0.02714	0.01563	0.02056	0.01316	0.00740	0.00822	0.00247	0.00987	0.00740	0.00411	0.01316
46	0.01302	0.01050	0.01607	0.01475	0.01629	0.01198	0.05385	0.01556	0.01348	0.01921	0.02168	0.03514	0.02127	0.18799	0.43957	0.01065	0.07769	0.00948	0.00448	0.00734
47	0.01455	0.01222	0.01784	0.02349	0.19692	0.01202	0.01435	0.01901	0.05136	0.02540	0.07360	0.17881	0.13603	0.01787	0.00988	0.00308	0.00696	0.17058	0.00679	0.00925
48	0.02376	0.27912	0.19522	0.02072	0.05427	0.25015	0.01956	0.02813	0.01943	0.02188	0.01303	0.01529	0.01075	0.00782	0.00686	0.00215	0.01190	0.00532	0.00382	0.01083
49	0.02274	0.41682	0.18468	0.01792	0.02565	0.16271	0.01845	0.02693	0.01841	0.02129	0.01260	0.01465	0.01064	0.00759	0.00638	0.00205	0.01094	0.00503	0.00369	0.01083
50	0.01556	0.01143	0.01482	0.01374	0.01594	0.01287	0.01054	0.12830	0.01792	0.02492	0.02245	0.03374	0.02104	0.15541	0.45059	0.01049	0.01756	0.00914	0.00526	0.00828

[dist]
# distance from previous block
# <min> <max>
0	1

[block]
# block no. 3 follows, 22 sequences, length 54
# corresponding to MSA columns:
# 73-126
name=unknown_D
#
# <colnr> <probs for GDERKNQSTAVLIFYWHMCP>
#	G	D	E	R	K	N	Q	S	T	A	V	L	I	F	Y	W	H	M	C	P
0	0.01208	0.00805	0.00906	0.00906	0.00906	0.00805	0.00503	0.01208	0.01208	0.01611	0.02618	0.05436	0.03020	0.70804	0.04228	0.00805	0.00805	0.01208	0.00503	0.00503
1	0.03727	0.01414	0.01928	0.01478	0.02121	0.01221	0.01221	0.04049	0.02378	0.66198	0.03277	0.02828	0.02056	0.01028	0.00835	0.00257	0.00707	0.00835	0.01028	0.01414
2	0.76672	0.01607	0.01221	0.01092	0.01607	0.01864	0.00900	0.02442	0.01414	0.03727	0.01157	0.01350	0.00900	0.00771	0.00514	0.00257	0.00643	0.00450	0.00514	0.00900
3	0.01723	0.01477	0.01723	0.01230	0.01969	0.01107	0.00984	0.02092	0.01723	0.02707	0.01477	0.01723	0.01230	0.00615	0.00615	0.00123	0.00615	0.00492	0.00492	0.75883
4	0.02269	0.67626	0.04244	0.01461	0.02156	0.06793	0.01431	0.02533	0.01724	0.01959	0.01162	0.01342	0.01066	0.00719	0.00545	0.00180	0.00922	0.00449	0.00359	0.01060
5	0.01549	0.00774	0.00774	0.00774	0.00968	0.00774	0.00581	0.01936	0.01742	0.03097	0.02710	0.03097	0.02129	0.00968	0.00581	0.00194	0.00387	0.00774	0.75416	0.00774
6	0.03158	0.02327	0.02493	0.01911	0.02576	0.02576	0.01579	0.62852	0.03906	0.05236	0.01995	0.01995	0.01413	0.00997	0.00831	0.00249	0.00914	0.00748	0.00831	0.01413
7	0.00982	0.00842	0.00842	0.00842	0.01122	0.00701	0.00631	0.01192	0.01894	0.02244	0.08416	0.07995	0.65285	0.02104	0.00982	0.00281	0.00421	0.01753	0.00771	0.00701
8	0.01923	0.01920	0.03131	0.28323	0.34586	0.05437	0.07846	0.02443	0.01837	0.02454	0.01527	0.02102	0.01221	0.00776	0.00836	0.00259	0.01096	0.00750	0.00397	0.01134
9	0.01033	0.00844	0.00912	0.00895	0.01153	0.00723	0.00671	0.01291	0.02014	0.02530	0.23323	0.07525	0.50200	0.01997	0.00981	0.00275	0.00413	0.01687	0.00809	0.00723
10	0.02115	0.01636	0.01887	0.01401	0.02089	0.01440	0.01132	0.15825	0.02226	0.06273	0.01716	0.01912	0.01352	0.00995	0.03945	0.00217	0.00766	0.00586	0.00592	0.51895
11	0.01147	0.00852	0.01251	0.01295	0.01421	0.00956	0.00978	0.01410	0.01393	0.01972	0.02756	0.18369	0.02847	0.05413	0.52530	0.01110	0.01832	0.01222	0.00519	0.00727
12	0.01818	0.01818	0.02545	0.02181	0.02181	0.02545	0.01818	0.01999	0.01272	0.01999	0.01091	0.01818	0.01091	0.01454	0.02726	0.00364	0.69284	0.00727	0.00364	0.00909
13	0.01187	0.00890	0.01335	0.01335	0.01483	0.01038	0.01038	0.01483	0.01335	0.01928	0.02225	0.03264	0.02077	0.06231	0.67512	0.01335	0.02225	0.00890	0.00445	0.00742
14	0.02007	0.02187	0.07663	0.04515	0.45863	0.02004	0.18197	0.02584	0.01901	0.02695	0.01589	0.02086	0.01285	0.00733	0.00861	0.00256	0.01109	0.00795	0.00410	0.01260
15	0.01904	0.01563	0.01719	0.01652	0.04958	0.01712	0.01215	0.03581	0.44058	0.06268	0.04424	0.04140	0.16601	0.01324	0.00875	0.00279	0.00622	0.01108	0.00817	0.01182
16	0.01404	0.01039	0.01379	0.01526	0.01741	0.01069	0.01301	0.02003	0.09204	0.02580	0.04290	0.12389	0.04561	0.02177	0.01107	0.00368	0.00735	0.49529	0.00775	0.00824
17	0.02056	0.01974	0.03372	0.05099	0.65622	0.01974	0.02550	0.02550	0.01892	0.02714	0.01563	0.02056	0.01316	0.00740	0.00822	0.00247	0.00987	0.00740	0.00411	0.01316
18	0.03013	0.03816	0.02306	0.02102	0.02517	0.64356	0.01579	0.03231	0.02306	0.02028	0.01328	0.01581	0.01117	0.01108	0.03878	0.00267	0.01532	0.00552	0.00429	0.00953
19	0.03103	0.03959	0.02354	0.02140	0.02568	0.67469	0.01605	0.03317	0.02354	0.02033	0.01284	0.01498	0.01070	0.00856	0.00749	0.00214	0.01498	0.00535	0.00428	0.00963
20	0.06891	0.19222	0.48050	0.02068	0.03130	0.02231	0.02550	0.02586	0.01716	0.02553	0.01392	0.01631	0.01045	0.00770	0.00713	0.00243	0.01111	0.00564	0.00363	0.01169
21	0.01176	0.00849	0.01110	0.01045	0.01241	0.00784	0.00784	0.01568	0.02352	0.03331	0.65184	0.06206	0.07839	0.01698	0.00980	0.00261	0.00392	0.01502	0.00914	0.00784
22	0.01308	0.01065	0.01572	0.01578	0.01713	0.01165	0.04442	0.01575	0.01646	0.02235	0.03649	0.31559	0.04103	0.02465	0.05868	0.00421	0.11725	0.20478	0.00663	0.00769
23	0.03103	0.03959	0.02354	0.02140	0.02568	0.67469	0.01605	0.03317	0.02354	0.02033	0.01284	0.01498	0.01070	0.00856	0.00749	0.00214	0.01498	0.00535	0.00428	0.00963
24	0.02066	0.01785	0.01878	0.01691	0.02160	0.02066	0.01315	0.04414	0.64121	0.03475	0.03381	0.03099	0.02536	0.01127	0.00845	0.00282	0.00657	0.00939	0.00845	0.01315
25	0.03078	0.02459	0.02437	0.01920	0.02547	0.09252	0.01564	0.52722	0.07840	0.04785	0.02015	0.02018	0.01454	0.00991	0.00824	0.00248	0.00957	0.00739	0.00790	0.01360
26	0.01443	0.00722	0.01082	0.01082	0.01082	0.00722	0.00722	0.01082	0.01082	0.01443	0.01443	0.02525	0.01443	0.02886	0.03247	0.75830	0.00722	0.00722	0.00361	0.00361
27	0.00984	0.00834	0.00850	0.00863	0.01128	0.00700	0.00641	0.01190	0.01873	0.02236	0.08155	0.12229	0.61220	0.02138	0.00987	0.00284	0.00425	0.01795	0.00771	0.00700
28	0.01666	0.04297	0.66500	0.02368	0.03596	0.01929	0.03069	0.02631	0.01754	0.02631	0.01491	0.01754	0.01052	0.00789	0.00789	0.00263	0.01228	0.00614	0.00351	0.01228
29	0.02221	0.71304	0.04353	0.01421	0.02132	0.03287	0.01421	0.02488	0.01688	0.01955	0.01155	0.01333	0.01066	0.00711	0.00533	0.00178	0.00888	0.00444	0.00355	0.01066
30	0.01012	0.00723	0.00964	0.01157	0.01205	0.00675	0.00771	0.01157	0.01591	0.02121	0.04579	0.70262	0.05495	0.02603	0.01060	0.00337	0.00482	0.02362	0.00771	0.00675
31	0.01156	0.00784	0.00921	0.00973	0.00985	0.00771	0.00574	0.01194	0.01310	0.01746	0.03138	0.22642	0.03677	0.52703	0.03388	0.00681	0.00720	0.01514	0.00574	0.00549
32	0.02516	0.02846	0.02925	0.03800	0.37928	0.30740	0.02135	0.02887	0.02095	0.02415	0.01440	0.01811	0.01208	0.00791	0.00790	0.00232	0.01211	0.00650	0.00419	0.01161
33	0.01021	0.00783	0.00940	0.01059	0.01205	0.00702	0.00753	0.01205	0.01726	0.02190	0.06034	0.42704	0.28307	0.02393	0.01036	0.00318	0.00476	0.05686	0.00771	0.00690
34	0.03103	0.03959	0.02354	0.02140	0.02568	0.67469	0.01605	0.03317	0.02354	0.02033	0.01284	0.01498	0.01070	0.00856	0.00749	0.00214	0.01498	0.00535	0.00428	0.00963
35	0.02092	0.01737	0.01846	0.01586	0.02091	0.01905	0.01249	0.13701	0.40953	0.03558	0.03565	0.03363	0.09602	0.01173	0.00838	0.00262	0.00669	0.00962	0.00802	0.08044
36	0.01443	0.00722	0.01082	0.01082	0.01082	0.00722	0.00722	0.01082	0.01082	0.01443	0.01443	0.02525	0.01443	0.02886	0.03247	0.75830	0.00722	0.00722	0.00361	0.00361
37	0.02056	0.01974	0.03372	0.05099	0.65622	0.01974	0.02550	0.02550	0.01892	0.02714	0.01563	0.02056	0.01316	0.00740	0.00822	0.00247	0.00987	0.00740	0.00411	0.01316
38	0.03103	0.03959	0.02354	0.02140	0.02568	0.67469	0.01605	0.03317	0.02354	0.02033	0.01284	0.01498	0.01070	0.00856	0.00749	0.00214	0.01498	0.00535	0.00428	0.00963
39	0.01791	0.19405	0.52488	0.02154	0.03266	0.02235	0.02698	0.02599	0.01739	0.02478	0.01415	0.01659	0.01055	0.00772	0.00731	0.00244	0.01151	0.00576	0.00352	0.01191
40	0.01666	0.04297	0.66500	0.02368	0.03596	0.01929	0.03069	0.02631	0.01754	0.02631	0.01491	0.01754	0.01052	0.00789	0.00789	0.00263	0.01228	0.00614	0.00351	0.01228
41	0.03103	0.03959	0.02354	0.02140	0.02568	0.67469	0.01605	0.03317	0.02354	0.02033	0.01284	0.01498	0.01070	0.00856	0.00749	0.00214	0.01498	0.00535	0.00428	0.00963
42	0.01618	0.01526	0.02580	0.62410	0.11737	0.01859	0.02331	0.02165	0.01684	0.02182	0.01485	0.02199	0.01128	0.00821	0.00830	0.00274	0.01095	0.00738	0.00373	0.00962
43	0.01176	0.00849	0.01110	0.01045	0.01241	0.00784	0.00784	0.01568	0.02352	0.03331	0.65184	0.06206	0.07839	0.01698	0.00980	0.00261	0.00392	0.01502	0.00914	0.00784
44	0.76672	0.01607	0.01221	0.01092	0.01607	0.01864	0.00900	0.02442	0.01414	0.03727	0.01157	0.01350	0.00900	0.00771	0.00514	0.00257	0.00643	0.00450	0.00514	0.00900
45	0.01973	0.01889	0.03222	0.15990	0.55382	0.01952	0.02508	0.02477	0.01852	0.02613	0.01548	0.02083	0.01280	0.00756	0.00824	0.00252	0.01008	0.00740	0.00404	0.01249
46	0.00997	0.00823	0.00875	0.00903	0.01142	0.00701	0.00662	0.01207	0.01870	0.02283	0.10836	0.17840	0.52671	0.02162	0.00994	0.00289	0.00429	0.01837	0.00779	0.00701
47	0.01549	0.00774	0.00774	0.00774	0.00968	0.00774	0.00581	0.01936	0.01742	0.03097	0.02710	0.03097	0.02129	0.00968	0.00581	0.00194	0.00387	0.00774	0.75416	0.00774
48	0.01068	0.00845	0.00961	0.00932	0.01175	0.00738	0.00699	0.01359	0.02097	0.02726	0.33579	0.07202	0.39821	0.01924	0.00981	0.00272	0.00408	0.01642	0.00835	0.00738
49	0.03103	0.03959	0.02354	0.02140	0.02568	0.67469	0.01605	0.03317	0.02354	0.02033	0.01284	0.01498	0.01070	0.00856	0.00749	0.00214	0.01498	0.00535	0.00428	0.00963
50	0.01723	0.01477	0.01723	0.01230	0.01969	0.01107	0.00984	0.02092	0.01723	0.02707	0.01477	0.01723	0.01230	0.00615	0.00615	0.00123	0.00615	0.00492	0.00492	0.75883
51	0.02074	0.02226	0.04118	0.14311	0.04305	0.06132	0.43099	0.08087	0.02111	0.02766	0.01650	0.02168	0.01237	0.00759	0.00927	0.00273	0.01313	0.00891	0.00449	0.01104
52	0.01549	0.00774	0.00774	0.00774	0.00968	0.00774	0.00581	0.01936	0.01742	0.03097	0.02710	0.03097	0.02129	0.00968	0.00581	0.00194	0.00387	0.00774	0.75416	0.00774
53	0.02522	0.02465	0.02462	0.20442	0.08146	0.20128	0.01833	0.19771	0.08481	0.03147	0.01758	0.02029	0.01335	0.00906	0.00809	0.00250	0.01108	0.00704	0.00564	0.01139

[dist]
# distance from previous block
# <min> <max>
0	0

# created by:
# /home/cegg/simao/soft/augustus-3.2.1/scripts/msa2prfl.pl ./align_prep/14384.fa
