[name]
unknown

[dist]
# distance from previous block
# <min> <max>
0	0

[block]
# block no. 0 follows, 19 sequences, length 16
# corresponding to MSA columns:
# 0-15
name=unknown_A
#
# <colnr> <probs for GDERKNQSTAVLIFYWHMCP>
#	G	D	E	R	K	N	Q	S	T	A	V	L	I	F	Y	W	H	M	C	P
0	0.01442	0.01030	0.01442	0.01648	0.01854	0.01030	0.01442	0.01854	0.02060	0.02677	0.04737	0.10092	0.05149	0.02471	0.01236	0.00412	0.00824	0.56956	0.00824	0.00824
1	0.03342	0.04264	0.02535	0.02305	0.02766	0.64967	0.01729	0.03572	0.02535	0.02190	0.01383	0.01613	0.01152	0.00922	0.00807	0.00230	0.01613	0.00576	0.00461	0.01037
2	0.01794	0.04628	0.63923	0.02550	0.03872	0.02078	0.03305	0.02833	0.01889	0.02833	0.01606	0.01889	0.01133	0.00850	0.00850	0.00283	0.01322	0.00661	0.00378	0.01322
3	0.01090	0.00779	0.01038	0.01246	0.01298	0.00727	0.00830	0.01246	0.01713	0.02284	0.04931	0.67975	0.05917	0.02803	0.01142	0.00363	0.00519	0.02543	0.00830	0.00727
4	0.02082	0.01990	0.03392	0.20870	0.48634	0.02091	0.02680	0.02630	0.01974	0.02762	0.01659	0.02257	0.01360	0.00822	0.00888	0.00274	0.01096	0.00797	0.00431	0.01310
5	0.01794	0.04628	0.63923	0.02550	0.03872	0.02078	0.03305	0.02833	0.01889	0.02833	0.01606	0.01889	0.01133	0.00850	0.00850	0.00283	0.01322	0.00661	0.00378	0.01322
6	0.01090	0.00779	0.01038	0.01246	0.01298	0.00727	0.00830	0.01246	0.01713	0.02284	0.04931	0.67975	0.05917	0.02803	0.01142	0.00363	0.00519	0.02543	0.00830	0.00727
7	0.03401	0.02506	0.02685	0.02058	0.02774	0.02774	0.01700	0.59995	0.04206	0.05638	0.02148	0.02148	0.01521	0.01074	0.00895	0.00268	0.00984	0.00805	0.00895	0.01521
8	0.02100	0.02009	0.03425	0.18770	0.50593	0.02096	0.02689	0.02645	0.01983	0.02784	0.01663	0.02252	0.01368	0.00818	0.00888	0.00273	0.01091	0.00797	0.00433	0.01325
9	0.02171	0.02082	0.03554	0.10484	0.58321	0.02114	0.02724	0.02708	0.02017	0.02871	0.01675	0.02228	0.01399	0.00805	0.00886	0.00268	0.01073	0.00797	0.00439	0.01382
10	0.01123	0.00909	0.00998	0.00975	0.01249	0.00783	0.00732	0.01412	0.02195	0.02786	0.25930	0.08002	0.45517	0.02128	0.01057	0.00296	0.00443	0.01803	0.00879	0.00783
11	0.02103	0.02013	0.03431	0.18354	0.50981	0.02097	0.02691	0.02649	0.01985	0.02788	0.01663	0.02250	0.01370	0.00818	0.00888	0.00273	0.01090	0.00797	0.00433	0.01328
12	0.01794	0.04628	0.63923	0.02550	0.03872	0.02078	0.03305	0.02833	0.01889	0.02833	0.01606	0.01889	0.01133	0.00850	0.00850	0.00283	0.01322	0.00661	0.00378	0.01322
13	0.03342	0.04264	0.02535	0.02305	0.02766	0.64967	0.01729	0.03572	0.02535	0.02190	0.01383	0.01613	0.01152	0.00922	0.00807	0.00230	0.01613	0.00576	0.00461	0.01037
14	0.02225	0.01922	0.02023	0.01821	0.02326	0.02225	0.01416	0.04754	0.61361	0.03742	0.03641	0.03338	0.02731	0.01214	0.00910	0.00303	0.00708	0.01011	0.00910	0.01416
15	0.02301	0.02033	0.02026	0.01803	0.02308	0.05843	0.01405	0.08834	0.49147	0.03708	0.03776	0.03517	0.06800	0.01260	0.00913	0.00296	0.00765	0.01032	0.00877	0.01355

[dist]
# distance from previous block
# <min> <max>
1	3

[block]
# block no. 1 follows, 19 sequences, length 51
# corresponding to MSA columns:
# 19-69
name=unknown_B
#
# <colnr> <probs for GDERKNQSTAVLIFYWHMCP>
#	G	D	E	R	K	N	Q	S	T	A	V	L	I	F	Y	W	H	M	C	P
0	0.02295	0.02279	0.03553	0.05263	0.58663	0.06629	0.02673	0.02805	0.02073	0.02870	0.01661	0.02171	0.01398	0.00806	0.00880	0.00263	0.01102	0.00781	0.00444	0.01390
1	0.01843	0.09829	0.59144	0.02468	0.03745	0.02196	0.03162	0.02821	0.01883	0.02774	0.01576	0.01852	0.01134	0.00843	0.00828	0.00276	0.01293	0.00646	0.00378	0.01308
2	0.01830	0.08497	0.60368	0.02489	0.03778	0.02165	0.03199	0.02824	0.01885	0.02790	0.01584	0.01862	0.01134	0.00845	0.00833	0.00278	0.01300	0.00650	0.00378	0.01312
3	0.02289	0.02296	0.03652	0.05160	0.55163	0.06637	0.06093	0.02812	0.02077	0.02867	0.01669	0.02183	0.01395	0.00803	0.00890	0.00265	0.01129	0.00797	0.00445	0.01377
4	0.02215	0.02109	0.03502	0.05195	0.58085	0.02134	0.02638	0.02908	0.06823	0.02989	0.01841	0.02305	0.01523	0.00831	0.00888	0.00269	0.01034	0.00814	0.00481	0.01417
5	0.03181	0.03828	0.02461	0.02211	0.02672	0.53818	0.01677	0.08854	0.02608	0.02513	0.01538	0.01818	0.01275	0.01404	0.05995	0.00332	0.01616	0.00629	0.00504	0.01065
6	0.01904	0.16434	0.53076	0.02363	0.03584	0.02346	0.02980	0.02805	0.01876	0.02700	0.01539	0.01806	0.01136	0.00834	0.00799	0.00266	0.01255	0.00628	0.00379	0.01290
7	0.02322	0.01652	0.01947	0.01455	0.02180	0.01390	0.01167	0.10066	0.02256	0.11963	0.02143	0.06034	0.01754	0.00909	0.00756	0.00185	0.00710	0.00740	0.00679	0.49693
8	0.01794	0.04628	0.63923	0.02550	0.03872	0.02078	0.03305	0.02833	0.01889	0.02833	0.01606	0.01889	0.01133	0.00850	0.00850	0.00283	0.01322	0.00661	0.00378	0.01322
9	0.01057	0.00906	0.00906	0.00906	0.01208	0.00755	0.00680	0.01284	0.02039	0.02417	0.09063	0.08610	0.62615	0.02266	0.01057	0.00302	0.00453	0.01888	0.00831	0.00755
10	0.02214	0.02126	0.03631	0.05491	0.62978	0.02126	0.02746	0.02746	0.02037	0.02923	0.01683	0.02214	0.01417	0.00797	0.00886	0.00266	0.01063	0.00797	0.00443	0.01417
11	0.03342	0.04264	0.02535	0.02305	0.02766	0.64967	0.01729	0.03572	0.02535	0.02190	0.01383	0.01613	0.01152	0.00922	0.00807	0.00230	0.01613	0.00576	0.00461	0.01037
12	0.01090	0.00779	0.01038	0.01246	0.01298	0.00727	0.00830	0.01246	0.01713	0.02284	0.04931	0.67975	0.05917	0.02803	0.01142	0.00363	0.00519	0.02543	0.00830	0.00727
13	0.01301	0.00867	0.00976	0.00976	0.00976	0.00867	0.00542	0.01301	0.01301	0.01735	0.02819	0.05855	0.03253	0.68559	0.04554	0.00867	0.00867	0.01301	0.00542	0.00542
14	0.01909	0.16950	0.52602	0.02355	0.03571	0.02357	0.02966	0.02804	0.01875	0.02694	0.01536	0.01802	0.01136	0.00834	0.00797	0.00266	0.01252	0.00626	0.00379	0.01289
15	0.03342	0.04264	0.02535	0.02305	0.02766	0.64967	0.01729	0.03572	0.02535	0.02190	0.01383	0.01613	0.01152	0.00922	0.00807	0.00230	0.01613	0.00576	0.00461	0.01037
16	0.01222	0.00834	0.00999	0.01077	0.01096	0.00815	0.00650	0.01280	0.01455	0.01940	0.03610	0.29131	0.04251	0.43919	0.03275	0.00678	0.00737	0.01767	0.00650	0.00611
17	0.01159	0.00808	0.01018	0.01157	0.01192	0.00773	0.00736	0.01264	0.01578	0.02104	0.04240	0.47664	0.05046	0.24303	0.02257	0.00528	0.00633	0.02137	0.00736	0.00666
18	0.17059	0.02465	0.02414	0.01905	0.02574	0.06417	0.01562	0.45593	0.03592	0.05118	0.01929	0.01983	0.01393	0.01018	0.00824	0.00268	0.00967	0.00730	0.00803	0.01386
19	0.03342	0.04264	0.02535	0.02305	0.02766	0.64967	0.01729	0.03572	0.02535	0.02190	0.01383	0.01613	0.01152	0.00922	0.00807	0.00230	0.01613	0.00576	0.00461	0.01037
20	0.03342	0.04264	0.02535	0.02305	0.02766	0.64967	0.01729	0.03572	0.02535	0.02190	0.01383	0.01613	0.01152	0.00922	0.00807	0.00230	0.01613	0.00576	0.00461	0.01037
21	0.03401	0.02506	0.02685	0.02058	0.02774	0.02774	0.01700	0.59995	0.04206	0.05638	0.02148	0.02148	0.01521	0.01074	0.00895	0.00268	0.00984	0.00805	0.00895	0.01521
22	0.01061	0.00894	0.00919	0.00939	0.01217	0.00753	0.00694	0.01280	0.02008	0.02404	0.08665	0.14335	0.57147	0.02318	0.01066	0.00308	0.00460	0.01951	0.00831	0.00753
23	0.03342	0.04264	0.02535	0.02305	0.02766	0.64967	0.01729	0.03572	0.02535	0.02190	0.01383	0.01613	0.01152	0.00922	0.00807	0.00230	0.01613	0.00576	0.00461	0.01037
24	0.01278	0.00959	0.01438	0.01438	0.01598	0.01118	0.01118	0.01598	0.01438	0.02077	0.02396	0.03515	0.02237	0.06710	0.65013	0.01438	0.02396	0.00959	0.00479	0.00799
25	0.01086	0.00795	0.01021	0.01201	0.01286	0.00730	0.00811	0.01251	0.01756	0.02301	0.05473	0.60190	0.13352	0.02732	0.01131	0.00355	0.00510	0.02457	0.00831	0.00730
26	0.03401	0.02506	0.02685	0.02058	0.02774	0.02774	0.01700	0.59995	0.04206	0.05638	0.02148	0.02148	0.01521	0.01074	0.00895	0.00268	0.00984	0.00805	0.00895	0.01521
27	0.03257	0.02367	0.02531	0.01957	0.02631	0.02614	0.01611	0.55193	0.04013	0.05447	0.02212	0.02246	0.01585	0.01071	0.00873	0.00264	0.00937	0.00808	0.06917	0.01464
28	0.01269	0.00854	0.00985	0.01017	0.01025	0.00846	0.00586	0.01293	0.01364	0.01818	0.03141	0.15318	0.03658	0.58541	0.04034	0.00791	0.00814	0.01490	0.00586	0.00570
29	0.01060	0.00896	0.00917	0.00934	0.01216	0.00753	0.00692	0.01281	0.02012	0.02406	0.08720	0.13532	0.57914	0.02310	0.01064	0.00307	0.00459	0.01942	0.00831	0.00753
30	0.03186	0.03936	0.02464	0.02237	0.02704	0.56179	0.01685	0.03738	0.10775	0.02407	0.01699	0.01855	0.01374	0.00963	0.00821	0.00241	0.01487	0.00637	0.00524	0.01090
31	0.02214	0.02126	0.03631	0.05491	0.62978	0.02126	0.02746	0.02746	0.02037	0.02923	0.01683	0.02214	0.01417	0.00797	0.00886	0.00266	0.01063	0.00797	0.00443	0.01417
32	0.02374	0.01889	0.02027	0.01802	0.02323	0.02150	0.01408	0.04721	0.56486	0.08705	0.03632	0.03314	0.02688	0.01205	0.00909	0.00301	0.00712	0.01002	0.00927	0.01425
33	0.03342	0.04264	0.02535	0.02305	0.02766	0.64967	0.01729	0.03572	0.02535	0.02190	0.01383	0.01613	0.01152	0.00922	0.00807	0.00230	0.01613	0.00576	0.00461	0.01037
34	0.15276	0.01277	0.01374	0.01269	0.01627	0.01301	0.00974	0.06923	0.05835	0.07701	0.18348	0.16081	0.15162	0.01745	0.00945	0.00299	0.00583	0.01465	0.00846	0.00970
35	0.02607	0.02950	0.02059	0.01859	0.02271	0.37045	0.01412	0.08303	0.02568	0.02749	0.11315	0.03541	0.11658	0.01547	0.03961	0.00310	0.01245	0.00964	0.00634	0.01002
36	0.07277	0.30868	0.35136	0.02033	0.03072	0.02673	0.02410	0.02755	0.01833	0.02619	0.01431	0.01672	0.01128	0.00814	0.00716	0.00245	0.01127	0.00573	0.00392	0.01225
37	0.02498	0.02665	0.03355	0.04688	0.47801	0.17965	0.02489	0.02954	0.02163	0.02738	0.01607	0.02063	0.01350	0.00829	0.00866	0.00257	0.01202	0.00741	0.00447	0.01321
38	0.02425	0.01908	0.02105	0.01698	0.02311	0.01952	0.01350	0.24487	0.15326	0.04043	0.02643	0.10344	0.02257	0.01196	0.00861	0.00248	0.00776	0.00982	0.00785	0.22305
39	0.29242	0.14671	0.02531	0.01676	0.02305	0.11581	0.01407	0.20489	0.02551	0.03904	0.01544	0.01688	0.01199	0.00907	0.00699	0.00252	0.00963	0.00596	0.00614	0.01182
40	0.01882	0.10184	0.53769	0.02696	0.08500	0.02212	0.03102	0.02812	0.01894	0.02775	0.01579	0.01875	0.01158	0.00838	0.00828	0.00274	0.01269	0.00656	0.00383	0.01314
41	0.03278	0.04142	0.02598	0.02486	0.06184	0.61399	0.01786	0.03526	0.02507	0.02231	0.01400	0.01647	0.01167	0.00915	0.00811	0.00232	0.01582	0.00589	0.00460	0.01059
42	0.05488	0.27594	0.06298	0.01533	0.02133	0.02388	0.01394	0.03001	0.19020	0.02873	0.08021	0.03464	0.11023	0.01204	0.00794	0.00256	0.00778	0.00937	0.00655	0.01145
43	0.06950	0.02768	0.03007	0.03579	0.28411	0.23418	0.04863	0.03233	0.02248	0.10507	0.01799	0.02083	0.01401	0.00879	0.00850	0.00258	0.01212	0.00730	0.00541	0.01266
44	0.15781	0.14655	0.16483	0.02158	0.06912	0.14329	0.01934	0.02796	0.01895	0.02777	0.01479	0.01794	0.01204	0.00918	0.00917	0.00260	0.07091	0.00611	0.04889	0.01118
45	0.12183	0.12348	0.31798	0.02080	0.02986	0.13688	0.02286	0.02838	0.01994	0.02837	0.05832	0.02062	0.01640	0.00920	0.00780	0.00261	0.01176	0.00666	0.00461	0.01164
46	0.14415	0.01156	0.01218	0.04775	0.01716	0.01113	0.00931	0.01902	0.01985	0.08604	0.06519	0.06529	0.39678	0.01833	0.00953	0.00300	0.00585	0.04122	0.00784	0.00884
47	0.02245	0.02289	0.02549	0.31002	0.09135	0.15776	0.02053	0.06427	0.10688	0.02737	0.02242	0.02625	0.04405	0.01015	0.00885	0.00280	0.01156	0.00832	0.00540	0.01120
48	0.02628	0.03317	0.13826	0.02597	0.11510	0.25162	0.02036	0.09811	0.02419	0.02959	0.01597	0.01859	0.01263	0.00861	0.00810	0.00232	0.01229	0.00642	0.00508	0.14733
49	0.01760	0.05135	0.12912	0.07273	0.02971	0.06930	0.12448	0.02286	0.02039	0.02658	0.11592	0.04042	0.14026	0.01637	0.04953	0.00358	0.04260	0.01123	0.00579	0.01020
50	0.22189	0.01275	0.01347	0.04313	0.01702	0.01372	0.00953	0.06534	0.01942	0.03192	0.15411	0.12728	0.03849	0.17525	0.01741	0.00431	0.00700	0.01243	0.00701	0.00853

[dist]
# distance from previous block
# <min> <max>
1	4

[block]
# block no. 2 follows, 19 sequences, length 9
# corresponding to MSA columns:
# 74-82
name=unknown_C
#
# <colnr> <probs for GDERKNQSTAVLIFYWHMCP>
#	G	D	E	R	K	N	Q	S	T	A	V	L	I	F	Y	W	H	M	C	P
0	0.01559	0.01488	0.01980	0.01731	0.02066	0.06656	0.11582	0.02004	0.05481	0.02607	0.10956	0.24406	0.16473	0.05300	0.01230	0.00341	0.00797	0.01714	0.00737	0.00890
1	0.02366	0.04260	0.37014	0.02751	0.09220	0.23664	0.02710	0.03078	0.02125	0.02621	0.01537	0.01826	0.01167	0.00870	0.00839	0.00263	0.01397	0.00645	0.00413	0.01234
2	0.02782	0.03314	0.02563	0.16022	0.06864	0.41808	0.01883	0.03124	0.02282	0.02322	0.01464	0.01835	0.01193	0.00884	0.00816	0.00237	0.01400	0.00631	0.00453	0.08123
3	0.06150	0.02004	0.02206	0.02343	0.13164	0.11801	0.01545	0.03350	0.09566	0.20726	0.09242	0.08613	0.02894	0.01245	0.00905	0.00279	0.00887	0.01042	0.00795	0.01244
4	0.02143	0.01946	0.02028	0.20516	0.03177	0.11906	0.01559	0.13297	0.02397	0.03015	0.03242	0.03670	0.12643	0.05559	0.01117	0.00309	0.00982	0.00997	0.08487	0.01012
5	0.01532	0.01969	0.13542	0.06478	0.02895	0.01436	0.14575	0.02038	0.01896	0.02574	0.03782	0.23950	0.11612	0.01643	0.01010	0.00307	0.00932	0.01524	0.00615	0.05689
6	0.03224	0.13007	0.02886	0.02122	0.02701	0.37999	0.01692	0.19954	0.02922	0.03187	0.01587	0.01744	0.01260	0.00944	0.00799	0.00236	0.01336	0.00629	0.00577	0.01195
7	0.23183	0.02319	0.16092	0.09443	0.14464	0.01866	0.02088	0.02520	0.01830	0.03109	0.02081	0.03365	0.01874	0.01133	0.00845	0.00303	0.00984	0.10862	0.00525	0.01111
8	0.15238	0.02513	0.16406	0.03434	0.29171	0.02014	0.02304	0.02845	0.07058	0.03217	0.05931	0.02407	0.01868	0.00922	0.00831	0.00276	0.00979	0.00785	0.00526	0.01275

[dist]
# distance from previous block
# <min> <max>
8	39

[block]
# block no. 3 follows, 19 sequences, length 21
# corresponding to MSA columns:
# 122-142
name=unknown_D
#
# <colnr> <probs for GDERKNQSTAVLIFYWHMCP>
#	G	D	E	R	K	N	Q	S	T	A	V	L	I	F	Y	W	H	M	C	P
0	0.01825	0.11094	0.36279	0.05220	0.10853	0.02088	0.02622	0.02572	0.01819	0.02609	0.01707	0.02173	0.01361	0.01831	0.11729	0.00467	0.01424	0.00713	0.00405	0.01211
1	0.02328	0.02397	0.12871	0.08955	0.06697	0.02084	0.09643	0.17887	0.07110	0.05845	0.02537	0.03642	0.02132	0.01211	0.00967	0.00305	0.01078	0.10375	0.00673	0.01262
2	0.24857	0.01978	0.08477	0.09639	0.13029	0.01810	0.04841	0.02720	0.01965	0.10353	0.09856	0.02667	0.02249	0.00995	0.00813	0.00280	0.00891	0.00821	0.00616	0.01144
3	0.06714	0.02841	0.02399	0.05893	0.05907	0.25529	0.01670	0.18404	0.09946	0.03446	0.02155	0.07145	0.01816	0.01130	0.00864	0.00268	0.01149	0.00861	0.00660	0.01202
4	0.01923	0.01507	0.02087	0.02418	0.16823	0.01600	0.01501	0.11401	0.02254	0.03236	0.12263	0.03597	0.02997	0.07297	0.13868	0.00543	0.03616	0.01009	0.08995	0.01068
5	0.02265	0.02085	0.10647	0.02356	0.12569	0.01652	0.03811	0.03116	0.12122	0.13651	0.03181	0.03193	0.08905	0.01073	0.00869	0.00255	0.00850	0.00917	0.00693	0.15788
6	0.02108	0.07789	0.12399	0.03688	0.12664	0.02318	0.40041	0.02830	0.02050	0.02811	0.01723	0.02244	0.01322	0.00773	0.00969	0.00286	0.01379	0.00925	0.00436	0.01247
7	0.02426	0.36593	0.15488	0.02446	0.12935	0.06277	0.02070	0.02899	0.01966	0.07124	0.01571	0.01788	0.01273	0.00822	0.00718	0.00230	0.01066	0.00605	0.00452	0.01250
8	0.02298	0.20394	0.13047	0.01885	0.02513	0.19611	0.01755	0.02885	0.06643	0.02523	0.07854	0.02480	0.02133	0.01659	0.08285	0.00381	0.01294	0.00748	0.00516	0.01096
9	0.06710	0.01699	0.02350	0.01863	0.02462	0.01676	0.11128	0.07674	0.13693	0.20123	0.04269	0.04088	0.15667	0.01310	0.00944	0.00291	0.00822	0.01139	0.00848	0.01243
10	0.01969	0.02115	0.09680	0.02626	0.16159	0.01738	0.06105	0.07014	0.08146	0.03112	0.03150	0.03302	0.11899	0.01082	0.00874	0.00249	0.00887	0.00946	0.00604	0.18342
11	0.01768	0.01693	0.01633	0.01379	0.01881	0.08653	0.01072	0.02287	0.07996	0.02688	0.04595	0.04550	0.24745	0.01401	0.00963	0.00238	0.03864	0.01113	0.00668	0.26813
12	0.23690	0.07050	0.02938	0.10237	0.16490	0.02311	0.08390	0.12863	0.02236	0.03585	0.01608	0.01964	0.01251	0.00860	0.00787	0.00272	0.00998	0.00712	0.00547	0.01211
13	0.02531	0.03060	0.10054	0.03556	0.27654	0.23228	0.02264	0.06276	0.02290	0.02777	0.01843	0.06882	0.01637	0.01011	0.00875	0.00263	0.01233	0.00838	0.00497	0.01233
14	0.14496	0.02009	0.03184	0.04417	0.46003	0.02040	0.05526	0.02655	0.01954	0.03078	0.02010	0.02438	0.04606	0.00879	0.00848	0.00272	0.00992	0.00817	0.00483	0.01294
15	0.01451	0.09056	0.01857	0.01492	0.01653	0.01538	0.01160	0.01654	0.01726	0.02316	0.07129	0.34506	0.11034	0.02160	0.01483	0.00338	0.16155	0.01763	0.00683	0.00845
16	0.01770	0.01534	0.02351	0.02714	0.18321	0.01593	0.05007	0.06454	0.01951	0.02739	0.02760	0.21746	0.02861	0.02460	0.12011	0.00498	0.06045	0.01338	0.00600	0.05249
17	0.01485	0.01159	0.01209	0.01124	0.01495	0.01089	0.00864	0.05258	0.09877	0.05697	0.07698	0.07289	0.48454	0.02006	0.01021	0.00299	0.00531	0.01665	0.00858	0.00922
18	0.01804	0.03769	0.46351	0.02883	0.13621	0.01942	0.02923	0.02685	0.01989	0.02937	0.08731	0.02504	0.02035	0.00955	0.00880	0.00280	0.01173	0.00796	0.00460	0.01282
19	0.02362	0.02307	0.06949	0.08134	0.46114	0.02225	0.02586	0.12455	0.02383	0.03344	0.01752	0.02193	0.01406	0.00853	0.00886	0.00269	0.01072	0.00790	0.00513	0.01406
20	0.02064	0.02298	0.10368	0.16741	0.40477	0.02101	0.02661	0.02816	0.06402	0.02849	0.01802	0.02293	0.01438	0.00853	0.00885	0.00277	0.01092	0.00797	0.00461	0.01323

[dist]
# distance from previous block
# <min> <max>
1	3

[block]
# block no. 4 follows, 19 sequences, length 6
# corresponding to MSA columns:
# 146-151
name=unknown_E
#
# <colnr> <probs for GDERKNQSTAVLIFYWHMCP>
#	G	D	E	R	K	N	Q	S	T	A	V	L	I	F	Y	W	H	M	C	P
0	0.01985	0.02132	0.08619	0.04257	0.41584	0.01881	0.06457	0.02556	0.02126	0.03041	0.13552	0.03071	0.02758	0.01000	0.00928	0.00273	0.00992	0.00964	0.00544	0.01282
1	0.02000	0.01839	0.02022	0.01901	0.05840	0.09770	0.01402	0.08565	0.02032	0.02727	0.02281	0.02845	0.04887	0.03101	0.24213	0.00672	0.07281	0.00832	0.00542	0.15249
2	0.02139	0.02031	0.03359	0.13979	0.49654	0.02114	0.02596	0.02849	0.07007	0.02900	0.01835	0.02334	0.01496	0.00846	0.00889	0.00274	0.01052	0.00815	0.00476	0.01356
3	0.12931	0.25544	0.22429	0.14456	0.03461	0.02547	0.02191	0.02643	0.01790	0.02655	0.01425	0.01766	0.01125	0.00827	0.00720	0.00254	0.01078	0.00599	0.00410	0.01146
4	0.02583	0.19068	0.08161	0.01744	0.02347	0.06120	0.01592	0.08012	0.02154	0.14619	0.02046	0.02263	0.01581	0.01504	0.06675	0.00356	0.07975	0.00715	0.06002	0.04484
5	0.01977	0.02090	0.13842	0.01764	0.02279	0.01655	0.01596	0.20614	0.02556	0.03479	0.03379	0.33726	0.03558	0.01861	0.01005	0.00317	0.00827	0.01612	0.00763	0.01101

[dist]
# distance from previous block
# <min> <max>
0	1

[block]
# block no. 5 follows, 19 sequences, length 8
# corresponding to MSA columns:
# 153-160
name=unknown_F
#
# <colnr> <probs for GDERKNQSTAVLIFYWHMCP>
#	G	D	E	R	K	N	Q	S	T	A	V	L	I	F	Y	W	H	M	C	P
0	0.28923	0.17204	0.02288	0.01411	0.01982	0.06487	0.01200	0.10842	0.02150	0.03387	0.02884	0.02933	0.12914	0.01132	0.00722	0.00258	0.00812	0.00805	0.00611	0.01054
1	0.07267	0.01989	0.02161	0.01856	0.02190	0.06309	0.01469	0.22764	0.02534	0.03525	0.02376	0.14890	0.02337	0.06218	0.01673	0.00357	0.17174	0.01131	0.00682	0.01098
2	0.01774	0.01417	0.01583	0.01377	0.01837	0.01395	0.01068	0.06228	0.16695	0.03119	0.03926	0.08388	0.13300	0.01881	0.07005	0.00363	0.00789	0.01124	0.07711	0.19023
3	0.05762	0.14056	0.01894	0.01334	0.01637	0.01487	0.01038	0.02056	0.05990	0.05571	0.12643	0.34567	0.04713	0.01962	0.00959	0.00305	0.00622	0.01706	0.00771	0.00924
4	0.02034	0.12571	0.30654	0.03317	0.17355	0.02327	0.13741	0.02798	0.01956	0.02759	0.01612	0.02001	0.01243	0.00808	0.00859	0.00270	0.01248	0.00743	0.00408	0.01298
5	0.03096	0.03431	0.02443	0.02152	0.02667	0.40129	0.01652	0.13330	0.16299	0.03125	0.02029	0.02099	0.01576	0.01014	0.00845	0.00254	0.01300	0.00715	0.00637	0.01205
6	0.02556	0.02978	0.14819	0.03715	0.29809	0.10663	0.02477	0.15994	0.02572	0.03430	0.01735	0.02056	0.01351	0.00887	0.00870	0.00265	0.01168	0.00743	0.00536	0.01372
7	0.03013	0.03493	0.02871	0.03227	0.20556	0.41489	0.02027	0.07784	0.02520	0.02679	0.01532	0.01833	0.01260	0.00897	0.00837	0.00244	0.01401	0.00660	0.00490	0.01188

[dist]
# distance from previous block
# <min> <max>
1	3

[block]
# block no. 6 follows, 19 sequences, length 11
# corresponding to MSA columns:
# 164-174
name=unknown_G
#
# <colnr> <probs for GDERKNQSTAVLIFYWHMCP>
#	G	D	E	R	K	N	Q	S	T	A	V	L	I	F	Y	W	H	M	C	P
0	0.20914	0.12370	0.02841	0.02636	0.17063	0.13381	0.01750	0.13364	0.02361	0.03447	0.01541	0.01791	0.01238	0.00873	0.00744	0.00252	0.01036	0.00634	0.00548	0.01218
1	0.01703	0.01680	0.01707	0.01562	0.01770	0.10068	0.01229	0.01932	0.01865	0.02372	0.04821	0.08025	0.27131	0.01788	0.01586	0.00316	0.21636	0.01306	0.06632	0.00869
2	0.01057	0.00906	0.00906	0.00906	0.01208	0.00755	0.00680	0.01284	0.02039	0.02417	0.09063	0.08610	0.62615	0.02266	0.01057	0.00302	0.00453	0.01888	0.00831	0.00755
3	0.03202	0.13849	0.02854	0.02190	0.02696	0.55885	0.01699	0.03440	0.02429	0.02177	0.01362	0.01587	0.01152	0.00899	0.00772	0.00225	0.01516	0.00562	0.00449	0.01054
4	0.01207	0.00912	0.01114	0.01063	0.01300	0.00819	0.00798	0.01574	0.02393	0.03256	0.47380	0.07228	0.23774	0.01953	0.01056	0.00287	0.00431	0.01694	0.00941	0.00819
5	0.02137	0.02047	0.03491	0.14498	0.54578	0.02105	0.02707	0.02678	0.02000	0.02829	0.01669	0.02240	0.01384	0.00812	0.00887	0.00271	0.01082	0.00797	0.00436	0.01355
6	0.07926	0.02159	0.03298	0.04591	0.48275	0.02225	0.02436	0.12299	0.02360	0.03459	0.01727	0.02145	0.01401	0.00846	0.00862	0.00267	0.01022	0.00775	0.00527	0.01401
7	0.01305	0.00947	0.01068	0.01016	0.01315	0.00817	0.00770	0.01599	0.02224	0.06571	0.25221	0.07670	0.42144	0.02059	0.01047	0.00294	0.00463	0.01743	0.00895	0.00830
8	0.01170	0.00821	0.01056	0.01213	0.01265	0.00786	0.00811	0.01309	0.01641	0.02183	0.04402	0.48117	0.05207	0.18747	0.01978	0.00490	0.00629	0.06725	0.00760	0.00690
9	0.02425	0.02436	0.04649	0.03355	0.04214	0.02387	0.45634	0.16742	0.02620	0.03539	0.01892	0.02349	0.01397	0.00832	0.01017	0.00294	0.01381	0.00995	0.00560	0.01283
10	0.03342	0.04264	0.02535	0.02305	0.02766	0.64967	0.01729	0.03572	0.02535	0.02190	0.01383	0.01613	0.01152	0.00922	0.00807	0.00230	0.01613	0.00576	0.00461	0.01037

[dist]
# distance from previous block
# <min> <max>
0	1

[block]
# block no. 7 follows, 19 sequences, length 63
# corresponding to MSA columns:
# 176-238
name=unknown_H
#
# <colnr> <probs for GDERKNQSTAVLIFYWHMCP>
#	G	D	E	R	K	N	Q	S	T	A	V	L	I	F	Y	W	H	M	C	P
0	0.02216	0.02085	0.03310	0.04758	0.50868	0.02146	0.02480	0.03147	0.13881	0.03086	0.02074	0.02439	0.01679	0.00880	0.00891	0.00273	0.00992	0.00840	0.00536	0.01417
1	0.02214	0.02126	0.03631	0.05491	0.62978	0.02126	0.02746	0.02746	0.02037	0.02923	0.01683	0.02214	0.01417	0.00797	0.00886	0.00266	0.01063	0.00797	0.00443	0.01417
2	0.03226	0.03989	0.02451	0.02217	0.02662	0.58513	0.01658	0.05911	0.02537	0.02314	0.01500	0.01884	0.01291	0.04865	0.01029	0.00269	0.01542	0.00628	0.00485	0.01030
3	0.01173	0.00908	0.01051	0.01017	0.01257	0.00805	0.00752	0.01481	0.02236	0.02946	0.34659	0.07514	0.32846	0.05911	0.01260	0.00325	0.00462	0.01723	0.00889	0.00786
4	0.02055	0.32738	0.38095	0.02106	0.03185	0.02715	0.02532	0.02766	0.01858	0.02516	0.01448	0.01691	0.01140	0.00813	0.00730	0.00243	0.01163	0.00581	0.00380	0.01246
5	0.01457	0.01139	0.01232	0.01187	0.01405	0.01170	0.00823	0.02174	0.16586	0.02522	0.07360	0.08721	0.19175	0.28388	0.02416	0.00529	0.00683	0.01452	0.00742	0.00838
6	0.02214	0.02126	0.03631	0.05491	0.62978	0.02126	0.02746	0.02746	0.02037	0.02923	0.01683	0.02214	0.01417	0.00797	0.00886	0.00266	0.01063	0.00797	0.00443	0.01417
7	0.02392	0.69097	0.04688	0.01531	0.02296	0.03540	0.01531	0.02679	0.01818	0.02105	0.01244	0.01435	0.01148	0.00765	0.00574	0.00191	0.00957	0.00478	0.00383	0.01148
8	0.01118	0.00790	0.01030	0.01210	0.01256	0.00745	0.00793	0.01253	0.01659	0.02212	0.04655	0.59853	0.05569	0.11400	0.01588	0.00429	0.00565	0.02381	0.00793	0.00703
9	0.03152	0.17208	0.02965	0.02150	0.02672	0.52703	0.01689	0.03394	0.02392	0.02173	0.01355	0.01578	0.01152	0.00891	0.00760	0.00223	0.01482	0.00557	0.00445	0.01059
10	0.02214	0.02126	0.03631	0.05491	0.62978	0.02126	0.02746	0.02746	0.02037	0.02923	0.01683	0.02214	0.01417	0.00797	0.00886	0.00266	0.01063	0.00797	0.00443	0.01417
11	0.01103	0.00789	0.01050	0.01237	0.01301	0.00735	0.00832	0.01279	0.01774	0.02382	0.09246	0.63381	0.06106	0.02730	0.01135	0.00357	0.00512	0.02474	0.00842	0.00735
12	0.01057	0.00906	0.00906	0.00906	0.01208	0.00755	0.00680	0.01284	0.02039	0.02417	0.09063	0.08610	0.62615	0.02266	0.01057	0.00302	0.00453	0.01888	0.00831	0.00755
13	0.02980	0.28952	0.03355	0.02010	0.02587	0.41575	0.01653	0.03232	0.02262	0.02157	0.01330	0.01545	0.01151	0.00862	0.00718	0.00216	0.01363	0.00539	0.00431	0.01079
14	0.02442	0.02331	0.02256	0.14741	0.03027	0.17699	0.01632	0.16758	0.02520	0.03087	0.05825	0.02932	0.02072	0.10899	0.04290	0.00408	0.04555	0.00875	0.00599	0.01053
15	0.01295	0.00890	0.01091	0.01091	0.01131	0.00930	0.00686	0.01375	0.01335	0.01820	0.02713	0.05269	0.02999	0.53093	0.19672	0.01010	0.01250	0.01215	0.00526	0.00606
16	0.02855	0.11177	0.18112	0.02285	0.02993	0.42777	0.02102	0.03294	0.02298	0.02342	0.01424	0.01663	0.01147	0.00887	0.00793	0.00240	0.01471	0.00587	0.00432	0.01120
17	0.02297	0.25491	0.32430	0.02170	0.03139	0.15109	0.02414	0.02931	0.01995	0.02468	0.01444	0.01686	0.01142	0.00837	0.00752	0.00243	0.01262	0.00585	0.00396	0.01209
18	0.01794	0.04628	0.63923	0.02550	0.03872	0.02078	0.03305	0.02833	0.01889	0.02833	0.01606	0.01889	0.01133	0.00850	0.00850	0.00283	0.01322	0.00661	0.00378	0.01322
19	0.01057	0.00906	0.00906	0.00906	0.01208	0.00755	0.00680	0.01284	0.02039	0.02417	0.09063	0.08610	0.62615	0.02266	0.01057	0.00302	0.00453	0.01888	0.00831	0.00755
20	0.01618	0.01566	0.06114	0.02693	0.21031	0.01363	0.01728	0.02091	0.02169	0.02987	0.19923	0.05972	0.10890	0.01638	0.01031	0.00310	0.00781	0.14335	0.00719	0.01042
21	0.02100	0.16207	0.21555	0.06863	0.30627	0.02387	0.02655	0.02735	0.01937	0.02701	0.01568	0.01971	0.01269	0.00811	0.00813	0.00258	0.01125	0.00693	0.00409	0.01314
22	0.01690	0.01590	0.02683	0.66408	0.06162	0.01988	0.02485	0.02286	0.01789	0.02286	0.01590	0.02385	0.01193	0.00894	0.00894	0.00298	0.01193	0.00795	0.00398	0.00994
23	0.02854	0.02176	0.02316	0.01858	0.02476	0.02396	0.01508	0.41149	0.15329	0.04831	0.03367	0.03246	0.09897	0.01261	0.00920	0.00280	0.00859	0.00991	0.00889	0.01398
24	0.02187	0.02083	0.03474	0.08553	0.55909	0.02125	0.02644	0.02853	0.05924	0.02942	0.01807	0.02297	0.01491	0.00830	0.00888	0.00270	0.01047	0.00811	0.00471	0.01394
25	0.02850	0.03332	0.03013	0.03694	0.29020	0.37567	0.02172	0.03212	0.02318	0.02509	0.01514	0.01875	0.01268	0.00868	0.00841	0.00246	0.01373	0.00673	0.00453	0.01203
26	0.01090	0.00779	0.01038	0.01246	0.01298	0.00727	0.00830	0.01246	0.01713	0.02284	0.04931	0.67975	0.05917	0.02803	0.01142	0.00363	0.00519	0.02543	0.00830	0.00727
27	0.01794	0.04628	0.63923	0.02550	0.03872	0.02078	0.03305	0.02833	0.01889	0.02833	0.01606	0.01889	0.01133	0.00850	0.00850	0.00283	0.01322	0.00661	0.00378	0.01322
28	0.02027	0.02231	0.01979	0.11124	0.08298	0.22616	0.01501	0.02328	0.02132	0.02354	0.04246	0.11682	0.20882	0.01544	0.00944	0.00281	0.01013	0.01266	0.00608	0.00943
29	0.01273	0.00856	0.00984	0.01011	0.01018	0.00849	0.00580	0.01294	0.01355	0.01806	0.03095	0.13977	0.03601	0.59961	0.04108	0.00801	0.00822	0.01463	0.00580	0.00566
30	0.01252	0.00969	0.01178	0.01282	0.01536	0.00895	0.01066	0.01573	0.02050	0.02549	0.06868	0.09362	0.33453	0.02370	0.01148	0.00358	0.00641	0.29833	0.00827	0.00790
31	0.03152	0.17208	0.02965	0.02150	0.02672	0.52703	0.01689	0.03394	0.02392	0.02173	0.01355	0.01578	0.01152	0.00891	0.00760	0.00223	0.01482	0.00557	0.00445	0.01059
32	0.02293	0.02302	0.03639	0.05159	0.55304	0.06843	0.05759	0.02814	0.02078	0.02865	0.01667	0.02180	0.01394	0.00804	0.00889	0.00265	0.01128	0.00795	0.00445	0.01377
33	0.03342	0.04264	0.02535	0.02305	0.02766	0.64967	0.01729	0.03572	0.02535	0.02190	0.01383	0.01613	0.01152	0.00922	0.00807	0.00230	0.01613	0.00576	0.00461	0.01037
34	0.02214	0.02126	0.03631	0.05491	0.62978	0.02126	0.02746	0.02746	0.02037	0.02923	0.01683	0.02214	0.01417	0.00797	0.00886	0.00266	0.01063	0.00797	0.00443	0.01417
35	0.01629	0.01746	0.01314	0.01256	0.01598	0.16812	0.00942	0.01856	0.02163	0.02360	0.07143	0.06860	0.47246	0.01930	0.00995	0.00284	0.00743	0.01560	0.00738	0.00826
36	0.02109	0.02751	0.18708	0.04756	0.48198	0.02114	0.02886	0.02768	0.02000	0.02900	0.01663	0.02133	0.01346	0.00810	0.00877	0.00270	0.01128	0.00763	0.00427	0.01393
37	0.03342	0.04264	0.02535	0.02305	0.02766	0.64967	0.01729	0.03572	0.02535	0.02190	0.01383	0.01613	0.01152	0.00922	0.00807	0.00230	0.01613	0.00576	0.00461	0.01037
38	0.02629	0.52885	0.04150	0.01724	0.02414	0.18900	0.01580	0.02902	0.01997	0.02126	0.01279	0.01480	0.01149	0.00805	0.00632	0.00201	0.01121	0.00503	0.00402	0.01120
39	0.01278	0.00959	0.01438	0.01438	0.01598	0.01118	0.01118	0.01598	0.01438	0.02077	0.02396	0.03515	0.02237	0.06710	0.65013	0.01438	0.02396	0.00959	0.00479	0.00799
40	0.03374	0.03297	0.02618	0.02169	0.02771	0.30743	0.01713	0.34621	0.03455	0.04087	0.01804	0.01908	0.01355	0.01006	0.00855	0.00251	0.01267	0.00702	0.00700	0.01304
41	0.02131	0.40987	0.30516	0.01975	0.02983	0.02902	0.02305	0.02746	0.01849	0.02422	0.01402	0.01633	0.01142	0.00802	0.00694	0.00231	0.01116	0.00558	0.00381	0.01224
42	0.02408	0.02639	0.03910	0.04335	0.33342	0.14714	0.19758	0.02947	0.02159	0.02759	0.01661	0.02154	0.01346	0.00809	0.00921	0.00270	0.01307	0.00831	0.00449	0.01278
43	0.01179	0.00869	0.00971	0.00986	0.01177	0.00772	0.00690	0.01263	0.01765	0.02167	0.06622	0.11667	0.39912	0.11121	0.01948	0.13280	0.00569	0.01666	0.00716	0.00661
44	0.01416	0.17862	0.01951	0.01317	0.01547	0.01430	0.01006	0.01604	0.01739	0.02239	0.04009	0.51336	0.04725	0.02293	0.01000	0.00320	0.00628	0.02027	0.00719	0.00832
45	0.01373	0.00993	0.01345	0.01469	0.01682	0.00966	0.01243	0.01775	0.02176	0.02888	0.19463	0.09143	0.09707	0.02297	0.01179	0.00372	0.00699	0.39539	0.00865	0.00824
46	0.01136	0.00923	0.01015	0.01072	0.01303	0.00831	0.00772	0.01473	0.05384	0.02450	0.07382	0.27917	0.40397	0.02382	0.01077	0.00322	0.00490	0.02054	0.00835	0.00784
47	0.02211	0.07742	0.45628	0.02438	0.03517	0.17876	0.02823	0.03010	0.02047	0.02636	0.01532	0.01797	0.01139	0.00864	0.00825	0.00266	0.01377	0.00631	0.00399	0.01242
48	0.02781	0.03101	0.03092	0.03887	0.32907	0.30225	0.02236	0.06140	0.02374	0.02739	0.01573	0.01942	0.01304	0.00867	0.00851	0.00250	0.01305	0.00699	0.00475	0.01253
49	0.01259	0.00850	0.00988	0.01030	0.01040	0.00839	0.00600	0.01290	0.01383	0.01844	0.03241	0.18257	0.03785	0.55430	0.03872	0.00767	0.00798	0.01549	0.00600	0.00579
50	0.03345	0.04174	0.02543	0.02292	0.02766	0.61795	0.01727	0.06450	0.02621	0.02365	0.01422	0.01641	0.01171	0.00930	0.00811	0.00232	0.01581	0.00588	0.00483	0.01062
51	0.01873	0.01599	0.02663	0.25007	0.20210	0.01692	0.05778	0.02354	0.01977	0.06614	0.06214	0.11731	0.05961	0.01261	0.00955	0.00296	0.00971	0.01164	0.00578	0.01101
52	0.01874	0.04074	0.49259	0.02855	0.04073	0.02124	0.17414	0.02841	0.01945	0.02841	0.01657	0.02020	0.01189	0.00826	0.00901	0.00288	0.01369	0.00760	0.00396	0.01293
53	0.01375	0.01008	0.01348	0.01518	0.01741	0.00982	0.01309	0.01754	0.02056	0.02632	0.05493	0.09833	0.15188	0.02435	0.01205	0.00393	0.00759	0.47336	0.00825	0.00812
54	0.02321	0.02481	0.03040	0.25064	0.28923	0.17793	0.02404	0.02799	0.02079	0.02526	0.01577	0.02121	0.01276	0.00861	0.00869	0.00268	0.01244	0.00741	0.00432	0.01181
55	0.02227	0.02105	0.01796	0.01570	0.01995	0.16512	0.01217	0.16589	0.02798	0.03404	0.16258	0.04947	0.21864	0.01561	0.00957	0.00273	0.00855	0.01252	0.00790	0.01032
56	0.01088	0.00907	0.00945	0.00945	0.01218	0.00786	0.00699	0.01305	0.01952	0.02350	0.08219	0.08098	0.54787	0.06914	0.05444	0.00413	0.00607	0.01789	0.00789	0.00744
57	0.20069	0.03903	0.48268	0.02207	0.03337	0.02060	0.02721	0.02782	0.01797	0.03129	0.01516	0.01780	0.01092	0.00845	0.00776	0.00282	0.01165	0.00617	0.00422	0.01234
58	0.02637	0.02728	0.03108	0.03662	0.28429	0.20948	0.06459	0.03384	0.11078	0.05874	0.01988	0.02259	0.01570	0.00909	0.00879	0.00264	0.01193	0.00788	0.00552	0.01293
59	0.06695	0.06991	0.02781	0.02621	0.11454	0.36942	0.01823	0.14622	0.02707	0.03071	0.01565	0.01790	0.01255	0.00921	0.00811	0.00243	0.01326	0.00644	0.00545	0.01192
60	0.01314	0.00947	0.01192	0.01364	0.04796	0.00926	0.00840	0.01439	0.01564	0.02067	0.03834	0.17831	0.08307	0.39757	0.03059	0.00643	0.00778	0.08023	0.00644	0.00676
61	0.02781	0.03096	0.10970	0.03328	0.22970	0.18019	0.02266	0.19342	0.02763	0.03505	0.01731	0.02002	0.01344	0.00914	0.00864	0.00260	0.01212	0.00726	0.00568	0.01340
62	0.31160	0.02271	0.09515	0.02824	0.14918	0.02058	0.15485	0.02831	0.01864	0.06865	0.01638	0.01972	0.01240	0.00824	0.00791	0.00281	0.01031	0.00725	0.00521	0.01185

[dist]
# distance from previous block
# <min> <max>
0	2

[block]
# block no. 8 follows, 19 sequences, length 12
# corresponding to MSA columns:
# 241-252
name=unknown_I
#
# <colnr> <probs for GDERKNQSTAVLIFYWHMCP>
#	G	D	E	R	K	N	Q	S	T	A	V	L	I	F	Y	W	H	M	C	P
0	0.02815	0.10780	0.11984	0.02823	0.13538	0.38112	0.02120	0.03223	0.02276	0.02405	0.01454	0.01741	0.01196	0.00873	0.00802	0.00240	0.01404	0.00617	0.00437	0.01158
1	0.02430	0.42823	0.09744	0.01763	0.02457	0.10161	0.01710	0.02785	0.01897	0.05639	0.01503	0.01769	0.01287	0.01283	0.05410	0.00310	0.04870	0.00583	0.00439	0.01139
2	0.02015	0.01863	0.01866	0.01478	0.02117	0.09416	0.01146	0.05272	0.02044	0.02871	0.02081	0.11508	0.01985	0.01030	0.00763	0.00186	0.00781	0.00845	0.00584	0.50150
3	0.01090	0.00779	0.01038	0.01246	0.01298	0.00727	0.00830	0.01246	0.01713	0.02284	0.04931	0.67975	0.05917	0.02803	0.01142	0.00363	0.00519	0.02543	0.00830	0.00727
4	0.01365	0.01087	0.01605	0.01555	0.01694	0.01327	0.01226	0.01669	0.01429	0.02087	0.02239	0.03314	0.02100	0.06048	0.57022	0.01303	0.10702	0.00936	0.00468	0.00822
5	0.01904	0.08311	0.36992	0.11005	0.04256	0.02218	0.17304	0.02760	0.01927	0.02719	0.01629	0.02052	0.01199	0.00825	0.00888	0.00283	0.01326	0.00765	0.00400	0.01238
6	0.01126	0.00814	0.01073	0.01267	0.01352	0.00761	0.00887	0.01314	0.01772	0.02335	0.05183	0.57790	0.09587	0.02731	0.01146	0.00365	0.00548	0.08380	0.00830	0.00739
7	0.01278	0.00959	0.01438	0.01438	0.01598	0.01118	0.01118	0.01598	0.01438	0.02077	0.02396	0.03515	0.02237	0.06710	0.65013	0.01438	0.02396	0.00959	0.00479	0.00799
8	0.01120	0.00822	0.01059	0.01237	0.01340	0.00761	0.00870	0.01312	0.01794	0.02342	0.05507	0.53665	0.14004	0.02693	0.01139	0.00359	0.00540	0.07866	0.00830	0.00740
9	0.02117	0.02237	0.08363	0.01753	0.02269	0.10897	0.01535	0.12766	0.10687	0.03230	0.04374	0.05280	0.17347	0.01602	0.00983	0.00304	0.00913	0.11499	0.00750	0.01096
10	0.02112	0.02021	0.03446	0.17379	0.51890	0.02099	0.02695	0.02656	0.01989	0.02799	0.01665	0.02248	0.01373	0.00816	0.00887	0.00272	0.01088	0.00797	0.00434	0.01335
11	0.02214	0.02126	0.03631	0.05491	0.62978	0.02126	0.02746	0.02746	0.02037	0.02923	0.01683	0.02214	0.01417	0.00797	0.00886	0.00266	0.01063	0.00797	0.00443	0.01417

[dist]
# distance from previous block
# <min> <max>
0	1

[block]
# block no. 9 follows, 19 sequences, length 66
# corresponding to MSA columns:
# 254-319
name=unknown_J
#
# <colnr> <probs for GDERKNQSTAVLIFYWHMCP>
#	G	D	E	R	K	N	Q	S	T	A	V	L	I	F	Y	W	H	M	C	P
0	0.02329	0.02342	0.03520	0.05168	0.56876	0.08494	0.02643	0.02829	0.02088	0.02849	0.01652	0.02153	0.01390	0.00810	0.00878	0.00262	0.01119	0.00775	0.00445	0.01379
1	0.02214	0.02126	0.03631	0.05491	0.62978	0.02126	0.02746	0.02746	0.02037	0.02923	0.01683	0.02214	0.01417	0.00797	0.00886	0.00266	0.01063	0.00797	0.00443	0.01417
2	0.02214	0.02126	0.03631	0.05491	0.62978	0.02126	0.02746	0.02746	0.02037	0.02923	0.01683	0.02214	0.01417	0.00797	0.00886	0.00266	0.01063	0.00797	0.00443	0.01417
3	0.02845	0.02442	0.02321	0.01989	0.02527	0.13532	0.01620	0.31601	0.09231	0.04182	0.02725	0.03900	0.02366	0.01365	0.00955	0.00296	0.01035	0.12994	0.00803	0.01272
4	0.01279	0.00954	0.01412	0.01412	0.01563	0.01104	0.01086	0.01581	0.01430	0.02058	0.02420	0.03644	0.02293	0.10127	0.61673	0.01406	0.02312	0.00977	0.00483	0.00785
5	0.02075	0.37078	0.19632	0.01651	0.02443	0.02562	0.01807	0.02591	0.01849	0.02566	0.01704	0.01969	0.01393	0.00848	0.00659	0.00220	0.00937	0.00604	0.16285	0.01126
6	0.03401	0.02506	0.02685	0.02058	0.02774	0.02774	0.01700	0.59995	0.04206	0.05638	0.02148	0.02148	0.01521	0.01074	0.00895	0.00268	0.00984	0.00805	0.00895	0.01521
7	0.01090	0.00779	0.01038	0.01246	0.01298	0.00727	0.00830	0.01246	0.01713	0.02284	0.04931	0.67975	0.05917	0.02803	0.01142	0.00363	0.00519	0.02543	0.00830	0.00727
8	0.01171	0.00874	0.01088	0.01112	0.01298	0.00791	0.00805	0.01474	0.02191	0.02961	0.34474	0.24623	0.19449	0.02202	0.01080	0.00309	0.00457	0.01941	0.00907	0.00791
9	0.01301	0.00867	0.00976	0.00976	0.00976	0.00867	0.00542	0.01301	0.01301	0.01735	0.02819	0.05855	0.03253	0.68559	0.04554	0.00867	0.00867	0.01301	0.00542	0.00542
10	0.01241	0.00842	0.00994	0.01053	0.01068	0.00827	0.00625	0.01285	0.01419	0.01892	0.03423	0.23615	0.04014	0.49759	0.03578	0.00723	0.00768	0.01656	0.00625	0.00595
11	0.02214	0.02126	0.03631	0.05491	0.62978	0.02126	0.02746	0.02746	0.02037	0.02923	0.01683	0.02214	0.01417	0.00797	0.00886	0.00266	0.01063	0.00797	0.00443	0.01417
12	0.03038	0.03772	0.02563	0.14104	0.03391	0.53374	0.01868	0.03336	0.02398	0.02207	0.01421	0.01755	0.01160	0.00917	0.00823	0.00243	0.01536	0.00616	0.00449	0.01029
13	0.01301	0.00867	0.00976	0.00976	0.00976	0.00867	0.00542	0.01301	0.01301	0.01735	0.02819	0.05855	0.03253	0.68559	0.04554	0.00867	0.00867	0.01301	0.00542	0.00542
14	0.01301	0.00867	0.00976	0.00976	0.00976	0.00867	0.00542	0.01301	0.01301	0.01735	0.02819	0.05855	0.03253	0.68559	0.04554	0.00867	0.00867	0.01301	0.00542	0.00542
15	0.02911	0.03398	0.02607	0.02731	0.12706	0.40850	0.01830	0.03692	0.15243	0.02649	0.01924	0.02088	0.01540	0.00965	0.00842	0.00252	0.01325	0.00708	0.00556	0.01183
16	0.01668	0.00834	0.00834	0.00834	0.01042	0.00834	0.00625	0.02085	0.01876	0.03335	0.02918	0.03335	0.02293	0.01042	0.00625	0.00208	0.00417	0.00834	0.73525	0.00834
17	0.01090	0.00779	0.01038	0.01246	0.01298	0.00727	0.00830	0.01246	0.01713	0.02284	0.04931	0.67975	0.05917	0.02803	0.01142	0.00363	0.00519	0.02543	0.00830	0.00727
18	0.02632	0.02999	0.06464	0.04085	0.36460	0.23276	0.02380	0.05973	0.02308	0.02811	0.01602	0.01991	0.01318	0.00856	0.00858	0.00255	0.01258	0.00716	0.00469	0.01290
19	0.09939	0.03684	0.02389	0.02122	0.02627	0.49962	0.01619	0.06600	0.02535	0.08239	0.01611	0.01760	0.01254	0.00939	0.00797	0.00241	0.01416	0.00610	0.00553	0.01102
20	0.01286	0.00929	0.01286	0.01286	0.01393	0.01036	0.00929	0.01500	0.01393	0.01964	0.02535	0.04284	0.02571	0.27053	0.45127	0.01250	0.01893	0.01071	0.00500	0.00714
21	0.01606	0.01120	0.01309	0.01304	0.01604	0.01082	0.00996	0.02232	0.11895	0.08835	0.06020	0.22621	0.25071	0.02136	0.01060	0.00329	0.00588	0.08379	0.00871	0.00944
22	0.01822	0.16205	0.02672	0.01813	0.02018	0.02335	0.01520	0.02048	0.01477	0.02082	0.01650	0.02613	0.01634	0.09417	0.17500	0.00648	0.30382	0.00811	0.00426	0.00928
23	0.01236	0.00840	0.00995	0.01059	0.01075	0.00824	0.00631	0.01284	0.01428	0.01904	0.03471	0.25043	0.04076	0.48248	0.03500	0.00712	0.00760	0.01685	0.00631	0.00599
24	0.01344	0.00969	0.01221	0.01324	0.01456	0.00949	0.00923	0.07460	0.02025	0.02715	0.08084	0.57372	0.05605	0.02562	0.01111	0.00348	0.00562	0.02305	0.00847	0.00817
25	0.02503	0.50272	0.10623	0.01782	0.02551	0.14691	0.01757	0.02860	0.01957	0.02198	0.01308	0.01516	0.01147	0.00803	0.00646	0.00208	0.01117	0.00516	0.00397	0.01146
26	0.02214	0.02126	0.03631	0.05491	0.62978	0.02126	0.02746	0.02746	0.02037	0.02923	0.01683	0.02214	0.01417	0.00797	0.00886	0.00266	0.01063	0.00797	0.00443	0.01417
27	0.03240	0.01945	0.02188	0.01713	0.02329	0.02042	0.01403	0.35018	0.03354	0.20129	0.02645	0.02597	0.01842	0.01077	0.00847	0.00260	0.00823	0.00835	0.14319	0.01395
28	0.01794	0.04628	0.63923	0.02550	0.03872	0.02078	0.03305	0.02833	0.01889	0.02833	0.01606	0.01889	0.01133	0.00850	0.00850	0.00283	0.01322	0.00661	0.00378	0.01322
29	0.02291	0.02114	0.03579	0.04160	0.34691	0.02132	0.14788	0.03267	0.14150	0.06347	0.02208	0.02531	0.01714	0.00889	0.00928	0.00282	0.01071	0.00903	0.00576	0.01377
30	0.03355	0.03882	0.02568	0.02251	0.02768	0.51444	0.01722	0.15840	0.02899	0.02939	0.01549	0.01730	0.01233	0.00955	0.00826	0.00239	0.01477	0.00626	0.00555	0.01142
31	0.01278	0.00959	0.01438	0.01438	0.01598	0.01118	0.01118	0.01598	0.01438	0.02077	0.02396	0.03515	0.02237	0.06710	0.65013	0.01438	0.02396	0.00959	0.00479	0.00799
32	0.02375	0.02798	0.10152	0.04577	0.45305	0.13688	0.02621	0.02908	0.02112	0.02778	0.01619	0.02067	0.01337	0.00826	0.00867	0.00261	0.01193	0.00741	0.00439	0.01337
