[name]
unknown

[dist]
# distance from previous block
# <min> <max>
0	4

[block]
# block no. 0 follows, 19 sequences, length 10
# corresponding to MSA columns:
# 4-13
name=unknown_A
#
# <colnr> <probs for GDERKNQSTAVLIFYWHMCP>
#	G	D	E	R	K	N	Q	S	T	A	V	L	I	F	Y	W	H	M	C	P
0	0.01530	0.01188	0.01663	0.01767	0.01938	0.01321	0.01530	0.01905	0.01942	0.02588	0.04130	0.08706	0.04472	0.02317	0.01525	0.00408	0.12083	0.47388	0.00750	0.00850
1	0.02093	0.02018	0.03340	0.13955	0.44257	0.02210	0.02573	0.02577	0.01887	0.02698	0.01583	0.02196	0.01343	0.00942	0.01236	0.00292	0.12300	0.00794	0.00427	0.01280
2	0.01397	0.01186	0.01301	0.01128	0.01587	0.00988	0.00863	0.01814	0.05552	0.02653	0.05917	0.10739	0.34067	0.01710	0.00924	0.00251	0.00544	0.01434	0.00735	0.25211
3	0.01263	0.00905	0.01227	0.01252	0.01343	0.00983	0.00881	0.01451	0.01423	0.01982	0.02851	0.12126	0.03039	0.27982	0.36040	0.01107	0.01632	0.01270	0.00544	0.00700
4	0.05975	0.01423	0.02005	0.06338	0.02208	0.01839	0.01519	0.01916	0.01442	0.02236	0.01814	0.02729	0.01690	0.04024	0.33416	0.00897	0.26341	0.00853	0.00445	0.00890
5	0.01371	0.00882	0.01108	0.01172	0.01313	0.00812	0.00802	0.01550	0.01832	0.07190	0.10650	0.38600	0.12705	0.13705	0.01684	0.00426	0.00580	0.02026	0.00818	0.00773
6	0.01235	0.00849	0.01037	0.01100	0.01131	0.00848	0.00683	0.01312	0.01438	0.01933	0.03420	0.24470	0.03967	0.42919	0.09098	0.00767	0.00903	0.01646	0.00624	0.00622
7	0.01187	0.00853	0.01066	0.01122	0.01239	0.00796	0.00765	0.01407	0.01934	0.02621	0.23976	0.30052	0.11464	0.15279	0.01772	0.00429	0.00549	0.01934	0.00825	0.00732
8	0.01105	0.00809	0.01009	0.01161	0.01250	0.00746	0.00776	0.01258	0.01728	0.02252	0.05425	0.51693	0.15310	0.09242	0.01466	0.00403	0.00542	0.02308	0.00802	0.00713
9	0.01177	0.00815	0.01013	0.01135	0.01166	0.00784	0.00712	0.01268	0.01544	0.02059	0.04064	0.42488	0.04824	0.29781	0.02542	0.00570	0.00662	0.02034	0.00712	0.00651

[dist]
# distance from previous block
# <min> <max>
0	3

[block]
# block no. 1 follows, 19 sequences, length 13
# corresponding to MSA columns:
# 17-29
name=unknown_B
#
# <colnr> <probs for GDERKNQSTAVLIFYWHMCP>
#	G	D	E	R	K	N	Q	S	T	A	V	L	I	F	Y	W	H	M	C	P
0	0.01431	0.01573	0.09597	0.01432	0.01877	0.01144	0.01233	0.01993	0.07670	0.02640	0.04452	0.30448	0.13833	0.01899	0.00977	0.00294	0.00659	0.01658	0.00723	0.14466
1	0.06175	0.01526	0.02516	0.06692	0.05250	0.01588	0.15708	0.02087	0.03931	0.02617	0.03597	0.24942	0.09609	0.01718	0.01214	0.00328	0.07358	0.01551	0.00633	0.00961
2	0.01955	0.01714	0.13095	0.01520	0.02016	0.01140	0.01396	0.02357	0.02070	0.17660	0.09549	0.26302	0.11840	0.01861	0.01008	0.00312	0.00712	0.01616	0.00827	0.01049
3	0.02447	0.02804	0.02571	0.20506	0.11523	0.30041	0.01982	0.02817	0.02161	0.02334	0.02225	0.02610	0.07229	0.01057	0.00959	0.00268	0.04142	0.00804	0.00474	0.01045
4	0.01701	0.01116	0.01304	0.05198	0.01683	0.01165	0.00950	0.10327	0.02089	0.03077	0.03320	0.23082	0.03342	0.10696	0.01370	0.00359	0.00641	0.01410	0.26297	0.00874
5	0.07648	0.01335	0.01558	0.01381	0.01798	0.01332	0.01075	0.03007	0.15325	0.17996	0.20437	0.09525	0.10786	0.01564	0.00955	0.00293	0.00599	0.01324	0.00937	0.01126
6	0.02077	0.14588	0.02746	0.23566	0.08011	0.12811	0.01792	0.02402	0.01901	0.02268	0.05828	0.02612	0.01866	0.05388	0.01314	0.07526	0.01096	0.00786	0.00458	0.00964
7	0.27283	0.03053	0.02158	0.01876	0.02421	0.31052	0.01469	0.14919	0.02542	0.03513	0.01495	0.01670	0.01167	0.00923	0.00740	0.00254	0.01175	0.00593	0.00582	0.01114
8	0.02016	0.14449	0.34277	0.03072	0.13407	0.02358	0.12589	0.02799	0.01940	0.02734	0.01594	0.01957	0.01221	0.00811	0.00846	0.00268	0.01252	0.00721	0.00402	0.01289
9	0.02195	0.06950	0.04676	0.01675	0.02149	0.18840	0.01355	0.06931	0.06875	0.02986	0.15699	0.09150	0.07102	0.01361	0.00892	0.00256	0.00920	0.01098	0.00695	0.08196
10	0.01365	0.01133	0.01271	0.01174	0.01554	0.00985	0.00875	0.01818	0.07107	0.02623	0.05722	0.21153	0.28223	0.01911	0.00968	0.00275	0.00543	0.01638	0.00763	0.18901
11	0.11169	0.08579	0.02585	0.02109	0.02584	0.44861	0.01644	0.06670	0.02380	0.02591	0.01387	0.01640	0.01155	0.00958	0.00928	0.00247	0.06376	0.00588	0.00486	0.01062
12	0.25597	0.08331	0.13387	0.02963	0.17977	0.02227	0.11923	0.02738	0.01840	0.03179	0.01512	0.01880	0.01191	0.00807	0.00774	0.00272	0.01054	0.00690	0.00464	0.01197

[dist]
# distance from previous block
# <min> <max>
0	12

[block]
# block no. 2 follows, 19 sequences, length 37
# corresponding to MSA columns:
# 42-78
name=unknown_C
#
# <colnr> <probs for GDERKNQSTAVLIFYWHMCP>
#	G	D	E	R	K	N	Q	S	T	A	V	L	I	F	Y	W	H	M	C	P
0	0.08645	0.07350	0.08792	0.05463	0.02692	0.02175	0.01626	0.13089	0.20696	0.03630	0.02268	0.02332	0.01723	0.00960	0.00796	0.00251	0.00857	0.00748	0.00678	0.15230
1	0.06650	0.02446	0.05997	0.02868	0.13394	0.07864	0.13686	0.18985	0.04953	0.03651	0.02636	0.02838	0.07855	0.01053	0.00914	0.00277	0.01095	0.00931	0.00637	0.01269
2	0.21181	0.03124	0.21120	0.01915	0.02694	0.14017	0.01911	0.08800	0.02208	0.03373	0.06188	0.02115	0.01706	0.00946	0.00774	0.00261	0.01072	0.00680	0.00549	0.05366
3	0.25608	0.12563	0.02361	0.01679	0.02178	0.15095	0.01384	0.03020	0.04727	0.09831	0.01708	0.01927	0.01355	0.01307	0.04644	0.00335	0.07991	0.00634	0.00567	0.01086
4	0.02185	0.06053	0.02119	0.01763	0.02086	0.20435	0.01385	0.06798	0.02274	0.02784	0.17475	0.03385	0.03296	0.02413	0.14239	0.00509	0.08245	0.00958	0.00622	0.00976
5	0.01716	0.01176	0.01447	0.01301	0.01660	0.01058	0.00979	0.06333	0.02251	0.08390	0.20148	0.24227	0.08324	0.01812	0.00981	0.00278	0.00573	0.01588	0.00845	0.14913
6	0.01837	0.15483	0.08898	0.01662	0.02134	0.01782	0.05776	0.02389	0.08022	0.05905	0.02954	0.19615	0.03015	0.14699	0.01621	0.00403	0.00871	0.01308	0.00630	0.00994
7	0.02664	0.02941	0.02414	0.02041	0.02509	0.30309	0.01602	0.07245	0.02237	0.02634	0.01450	0.01791	0.01230	0.01004	0.01233	0.00243	0.15333	0.00626	0.00497	0.19996
8	0.01690	0.01590	0.02683	0.66408	0.06162	0.01988	0.02485	0.02286	0.01789	0.02286	0.01590	0.02385	0.01193	0.00894	0.00894	0.00298	0.01193	0.00795	0.00398	0.00994
9	0.02392	0.69097	0.04688	0.01531	0.02296	0.03540	0.01531	0.02679	0.01818	0.02105	0.01244	0.01435	0.01148	0.00765	0.00574	0.00191	0.00957	0.00478	0.00383	0.01148
10	0.01301	0.00867	0.00976	0.00976	0.00976	0.00867	0.00542	0.01301	0.01301	0.01735	0.02819	0.05855	0.03253	0.68559	0.04554	0.00867	0.00867	0.01301	0.00542	0.00542
11	0.07645	0.11655	0.42360	0.02472	0.06829	0.08855	0.02724	0.02873	0.01929	0.02777	0.01517	0.01793	0.01141	0.00843	0.00793	0.00266	0.01247	0.00625	0.00404	0.01251
12	0.02214	0.02126	0.03631	0.05491	0.62978	0.02126	0.02746	0.02746	0.02037	0.02923	0.01683	0.02214	0.01417	0.00797	0.00886	0.00266	0.01063	0.00797	0.00443	0.01417
13	0.02392	0.69097	0.04688	0.01531	0.02296	0.03540	0.01531	0.02679	0.01818	0.02105	0.01244	0.01435	0.01148	0.00765	0.00574	0.00191	0.00957	0.00478	0.00383	0.01148
14	0.01361	0.01004	0.01329	0.01491	0.01718	0.00972	0.01281	0.01734	0.02055	0.02622	0.05648	0.09779	0.17255	0.02428	0.01198	0.00389	0.00746	0.45355	0.00825	0.00809
15	0.02368	0.22563	0.31340	0.02184	0.03142	0.14909	0.02395	0.06515	0.02141	0.02677	0.01494	0.01723	0.01166	0.00854	0.00767	0.00246	0.01256	0.00602	0.00428	0.01230
16	0.01794	0.04628	0.63923	0.02550	0.03872	0.02078	0.03305	0.02833	0.01889	0.02833	0.01606	0.01889	0.01133	0.00850	0.00850	0.00283	0.01322	0.00661	0.00378	0.01322
17	0.01090	0.00779	0.01038	0.01246	0.01298	0.00727	0.00830	0.01246	0.01713	0.02284	0.04931	0.67975	0.05917	0.02803	0.01142	0.00363	0.00519	0.02543	0.00830	0.00727
18	0.02392	0.69097	0.04688	0.01531	0.02296	0.03540	0.01531	0.02679	0.01818	0.02105	0.01244	0.01435	0.01148	0.00765	0.00574	0.00191	0.00957	0.00478	0.00383	0.01148
19	0.01090	0.00779	0.01038	0.01246	0.01298	0.00727	0.00830	0.01246	0.01713	0.02284	0.04931	0.67975	0.05917	0.02803	0.01142	0.00363	0.00519	0.02543	0.00830	0.00727
20	0.03395	0.02691	0.02669	0.02084	0.02774	0.09313	0.01703	0.54063	0.04031	0.05276	0.02068	0.02092	0.01483	0.01058	0.00886	0.00264	0.01051	0.00781	0.00849	0.01471
21	0.74878	0.01730	0.01315	0.01177	0.01730	0.02007	0.00969	0.02630	0.01523	0.04014	0.01246	0.01453	0.00969	0.00830	0.00554	0.00277	0.00692	0.00484	0.00554	0.00969
22	0.01090	0.00779	0.01038	0.01246	0.01298	0.00727	0.00830	0.01246	0.01713	0.02284	0.04931	0.67975	0.05917	0.02803	0.01142	0.00363	0.00519	0.02543	0.00830	0.00727
23	0.01794	0.04628	0.63923	0.02550	0.03872	0.02078	0.03305	0.02833	0.01889	0.02833	0.01606	0.01889	0.01133	0.00850	0.00850	0.00283	0.01322	0.00661	0.00378	0.01322
24	0.02081	0.33453	0.19224	0.01835	0.02598	0.07367	0.01922	0.02566	0.01813	0.02295	0.01584	0.01992	0.01368	0.02017	0.13862	0.00474	0.01397	0.00632	0.00407	0.01113
25	0.02302	0.59424	0.13576	0.01684	0.02533	0.03321	0.01797	0.02702	0.01828	0.02214	0.01298	0.01503	0.01146	0.00778	0.00615	0.00205	0.01012	0.00506	0.00382	0.01174
26	0.01060	0.00895	0.00918	0.00936	0.01216	0.00753	0.00693	0.01281	0.02011	0.02405	0.08702	0.13800	0.57658	0.02313	0.01065	0.00307	0.00459	0.01945	0.00831	0.00753
27	0.02028	0.04301	0.57421	0.02449	0.03705	0.01998	0.03096	0.02994	0.01959	0.09221	0.01808	0.02010	0.01247	0.00877	0.00855	0.00283	0.01263	0.00686	0.00454	0.01343
28	0.21899	0.03607	0.02219	0.02012	0.02497	0.48634	0.01532	0.03328	0.02273	0.02663	0.01347	0.01572	0.01105	0.00898	0.00741	0.00243	0.01374	0.00552	0.00485	0.01019
29	0.01134	0.00919	0.01012	0.01016	0.01291	0.00797	0.00780	0.01417	0.02142	0.02679	0.19631	0.08345	0.46495	0.02194	0.01073	0.00307	0.00479	0.06647	0.00862	0.00779
30	0.01987	0.25387	0.44850	0.02222	0.03365	0.02549	0.02734	0.02784	0.01866	0.02599	0.01489	0.01743	0.01138	0.00823	0.00761	0.00254	0.01205	0.00602	0.00379	0.01266
31	0.01926	0.13670	0.48846	0.02326	0.03482	0.02305	0.02850	0.03013	0.08131	0.02823	0.01767	0.01976	0.01303	0.00876	0.00816	0.00272	0.01205	0.00671	0.00434	0.01307
32	0.01123	0.00909	0.00997	0.00975	0.01248	0.00783	0.00731	0.01410	0.02193	0.02782	0.25731	0.08009	0.45719	0.02130	0.01057	0.00296	0.00443	0.01804	0.00879	0.00783
33	0.03661	0.01706	0.05560	0.01618	0.02357	0.01345	0.01401	0.04052	0.02448	0.53772	0.03217	0.02854	0.02060	0.01046	0.00872	0.00262	0.00783	0.00847	0.01005	0.09134
34	0.01744	0.01707	0.02626	0.02202	0.02490	0.05467	0.13376	0.02116	0.01622	0.02265	0.01901	0.02775	0.01718	0.03821	0.32096	0.00864	0.18908	0.00911	0.00450	0.00943
35	0.02179	0.02352	0.10280	0.13836	0.39839	0.02154	0.02621	0.07175	0.05273	0.03068	0.01799	0.02256	0.01428	0.00861	0.00885	0.00275	0.01088	0.00793	0.00488	0.01351
36	0.02361	0.65790	0.07727	0.01583	0.02377	0.03465	0.01622	0.02687	0.01821	0.02142	0.01262	0.01458	0.01147	0.00770	0.00588	0.00196	0.00975	0.00488	0.00382	0.01157

[dist]
# distance from previous block
# <min> <max>
0	1

[block]
# block no. 3 follows, 19 sequences, length 108
# corresponding to MSA columns:
# 80-187
name=unknown_D
#
# <colnr> <probs for GDERKNQSTAVLIFYWHMCP>
#	G	D	E	R	K	N	Q	S	T	A	V	L	I	F	Y	W	H	M	C	P
0	0.02991	0.02504	0.02288	0.01928	0.02454	0.18519	0.01529	0.23694	0.05847	0.11558	0.02252	0.02453	0.01716	0.02152	0.13466	0.00491	0.01383	0.00798	0.00728	0.01248
1	0.01278	0.00959	0.01438	0.01438	0.01598	0.01118	0.01118	0.01598	0.01438	0.02077	0.02396	0.03515	0.02237	0.06710	0.65013	0.01438	0.02396	0.00959	0.00479	0.00799
2	0.02503	0.02615	0.03026	0.02476	0.03059	0.18739	0.17274	0.08985	0.16377	0.03141	0.02546	0.03402	0.02141	0.01164	0.00963	0.00294	0.01206	0.08240	0.00655	0.01192
3	0.01369	0.01083	0.01575	0.01524	0.01651	0.01313	0.01186	0.01649	0.01419	0.02062	0.02267	0.03482	0.02172	0.10586	0.52405	0.01258	0.10763	0.00961	0.00472	0.00804
4	0.01226	0.00906	0.01144	0.01098	0.01315	0.00825	0.00819	0.01605	0.02417	0.03345	0.51549	0.10022	0.16521	0.01944	0.01060	0.00289	0.00432	0.01705	0.00954	0.00825
5	0.02380	0.01999	0.02110	0.01852	0.02385	0.02297	0.01453	0.12013	0.53851	0.03992	0.03445	0.03182	0.02572	0.01195	0.00908	0.00299	0.00744	0.00984	0.00908	0.01430
6	0.02104	0.02391	0.05157	0.03702	0.04564	0.02285	0.56952	0.02832	0.02076	0.02832	0.01779	0.02391	0.01349	0.00793	0.01146	0.00306	0.04652	0.01043	0.00450	0.01196
7	0.01108	0.00902	0.00990	0.01046	0.01299	0.00784	0.00794	0.01346	0.01993	0.02428	0.07924	0.17718	0.47215	0.02371	0.01091	0.00324	0.00507	0.08570	0.00830	0.00759
8	0.01403	0.01085	0.01515	0.01488	0.01693	0.01264	0.01157	0.02012	0.09313	0.02296	0.02560	0.03491	0.02302	0.05988	0.56589	0.01289	0.02174	0.00965	0.00536	0.00880
9	0.01180	0.00904	0.01081	0.01051	0.01287	0.00805	0.00783	0.01516	0.02308	0.03089	0.39841	0.10643	0.28185	0.02041	0.01061	0.00293	0.00439	0.01766	0.00920	0.00805
10	0.01281	0.00947	0.01377	0.01377	0.01516	0.01085	0.01043	0.01559	0.01420	0.02032	0.02452	0.03822	0.02370	0.14838	0.57068	0.01363	0.02195	0.01004	0.00488	0.00765
11	0.01212	0.00912	0.01121	0.01069	0.01304	0.00821	0.00802	0.01584	0.02406	0.03286	0.48759	0.07179	0.22376	0.01941	0.01056	0.00287	0.00430	0.01687	0.00945	0.00821
12	0.01690	0.01590	0.02683	0.66408	0.06162	0.01988	0.02485	0.02286	0.01789	0.02286	0.01590	0.02385	0.01193	0.00894	0.00894	0.00298	0.01193	0.00795	0.00398	0.00994
13	0.01105	0.00908	0.00972	0.00956	0.01237	0.00775	0.00717	0.01376	0.02151	0.02682	0.21187	0.08173	0.50325	0.02167	0.01057	0.00297	0.00446	0.01827	0.00866	0.00775
14	0.02392	0.69097	0.04688	0.01531	0.02296	0.03540	0.01531	0.02679	0.01818	0.02105	0.01244	0.01435	0.01148	0.00765	0.00574	0.00191	0.00957	0.00478	0.00383	0.01148
15	0.28936	0.02955	0.18526	0.02373	0.11207	0.11595	0.01991	0.03000	0.06251	0.03249	0.01601	0.01840	0.01234	0.00873	0.00744	0.00272	0.01053	0.00629	0.00503	0.01170
16	0.02048	0.19135	0.33694	0.03104	0.19459	0.02435	0.02736	0.02773	0.01912	0.02686	0.01541	0.01870	0.01213	0.00816	0.00795	0.00257	0.01166	0.00655	0.00397	0.01307
17	0.01278	0.00959	0.01438	0.01438	0.01598	0.01118	0.01118	0.01598	0.01438	0.02077	0.02396	0.03515	0.02237	0.06710	0.65013	0.01438	0.02396	0.00959	0.00479	0.00799
18	0.02477	0.02367	0.05985	0.12877	0.23437	0.05702	0.02281	0.18838	0.02545	0.03451	0.01714	0.02139	0.01353	0.01000	0.01153	0.00287	0.09756	0.00779	0.00555	0.01301
19	0.02111	0.02086	0.02556	0.03309	0.28639	0.10094	0.01902	0.02933	0.13755	0.02881	0.03551	0.03936	0.13196	0.01251	0.00929	0.00283	0.00940	0.03805	0.00628	0.01215
20	0.01270	0.00940	0.01372	0.01383	0.01521	0.01073	0.01047	0.01550	0.01440	0.02055	0.02574	0.07236	0.02534	0.12449	0.55732	0.01325	0.02147	0.01077	0.00504	0.00770
21	0.01615	0.01432	0.02073	0.15047	0.16895	0.01507	0.01651	0.02272	0.09712	0.02655	0.04215	0.18550	0.15509	0.01633	0.00985	0.00307	0.00790	0.01449	0.00665	0.01038
22	0.03205	0.03653	0.02707	0.02677	0.10680	0.45051	0.01857	0.14040	0.02783	0.02932	0.01566	0.01793	0.01256	0.00934	0.00834	0.00242	0.01423	0.00648	0.00540	0.01178
23	0.02139	0.02260	0.02713	0.02343	0.02404	0.10918	0.01927	0.02340	0.01523	0.02158	0.01202	0.01912	0.01172	0.01481	0.02656	0.00370	0.58339	0.00756	0.00401	0.00986
24	0.01938	0.01412	0.01642	0.01544	0.01839	0.01478	0.01150	0.22802	0.02628	0.03515	0.03910	0.43821	0.04304	0.02168	0.01051	0.00329	0.00690	0.01906	0.00854	0.01018
25	0.02245	0.03944	0.33632	0.02822	0.03829	0.16939	0.18168	0.03016	0.02101	0.02690	0.01608	0.01966	0.01198	0.00841	0.00895	0.00276	0.01441	0.00748	0.00418	0.01224
26	0.01111	0.00787	0.01032	0.01219	0.01266	0.00741	0.00802	0.01251	0.01672	0.02230	0.04723	0.61863	0.05655	0.09273	0.01478	0.00413	0.00553	0.02421	0.00802	0.00709
27	0.01338	0.00996	0.01297	0.01447	0.01679	0.00956	0.01236	0.01700	0.02054	0.02607	0.05905	0.09692	0.20664	0.02416	0.01188	0.00382	0.00724	0.42088	0.00826	0.00805
28	0.02039	0.01886	0.03088	0.35668	0.30166	0.02104	0.02538	0.06730	0.02073	0.02805	0.01671	0.02295	0.01313	0.00866	0.00891	0.00282	0.01122	0.00797	0.00453	0.01213
29	0.01090	0.00779	0.01038	0.01246	0.01298	0.00727	0.00830	0.01246	0.01713	0.02284	0.04931	0.67975	0.05917	0.02803	0.01142	0.00363	0.00519	0.02543	0.00830	0.00727
30	0.74878	0.01730	0.01315	0.01177	0.01730	0.02007	0.00969	0.02630	0.01523	0.04014	0.01246	0.01453	0.00969	0.00830	0.00554	0.00277	0.00692	0.00484	0.00554	0.00969
31	0.01940	0.12631	0.43729	0.02674	0.03835	0.02309	0.15012	0.02820	0.01927	0.02744	0.01601	0.01940	0.01183	0.00819	0.00857	0.00275	0.01314	0.00721	0.00394	0.01275
32	0.02127	0.02037	0.03474	0.15629	0.53522	0.02103	0.02702	0.02669	0.01996	0.02817	0.01667	0.02243	0.01380	0.00813	0.00887	0.00271	0.01084	0.00797	0.00435	0.01347
33	0.01287	0.00923	0.01257	0.01257	0.01355	0.01020	0.00893	0.01482	0.01384	0.01943	0.02561	0.04428	0.02633	0.30852	0.41413	0.01215	0.01800	0.01092	0.00504	0.00699
34	0.01442	0.01030	0.01442	0.01648	0.01854	0.01030	0.01442	0.01854	0.02060	0.02677	0.04737	0.10092	0.05149	0.02471	0.01236	0.00412	0.00824	0.56956	0.00824	0.00824
35	0.02225	0.01922	0.02023	0.01821	0.02326	0.02225	0.01416	0.04754	0.61361	0.03742	0.03641	0.03338	0.02731	0.01214	0.00910	0.00303	0.00708	0.01011	0.00910	0.01416
36	0.01129	0.00839	0.01063	0.01227	0.01352	0.00773	0.00879	0.01334	0.01827	0.02364	0.05780	0.47805	0.17814	0.02646	0.01136	0.00357	0.00545	0.09555	0.00830	0.00745
37	0.01090	0.00779	0.01038	0.01246	0.01298	0.00727	0.00830	0.01246	0.01713	0.02284	0.04931	0.67975	0.05917	0.02803	0.01142	0.00363	0.00519	0.02543	0.00830	0.00727
38	0.02083	0.02329	0.04808	0.03507	0.04244	0.02351	0.49004	0.02733	0.01974	0.02733	0.01692	0.02329	0.01323	0.00905	0.01405	0.00318	0.13652	0.01005	0.00441	0.01164
39	0.03342	0.04264	0.02535	0.02305	0.02766	0.64967	0.01729	0.03572	0.02535	0.02190	0.01383	0.01613	0.01152	0.00922	0.00807	0.00230	0.01613	0.00576	0.00461	0.01037
40	0.04014	0.01523	0.02076	0.01592	0.02284	0.01315	0.01315	0.04360	0.02561	0.63597	0.03530	0.03045	0.02215	0.01107	0.00900	0.00277	0.00761	0.00900	0.01107	0.01523
41	0.01442	0.01030	0.01442	0.01648	0.01854	0.01030	0.01442	0.01854	0.02060	0.02677	0.04737	0.10092	0.05149	0.02471	0.01236	0.00412	0.00824	0.56956	0.00824	0.00824
42	0.01166	0.00901	0.01084	0.01198	0.01402	0.00818	0.00921	0.01420	0.01949	0.02445	0.06733	0.26364	0.31134	0.02476	0.01128	0.00348	0.00568	0.16349	0.00829	0.00765
43	0.03034	0.03649	0.02590	0.02301	0.02672	0.47589	0.01779	0.06313	0.02364	0.02368	0.01377	0.01720	0.01177	0.01075	0.01291	0.00269	0.16278	0.00635	0.00469	0.01050
44	0.01266	0.00914	0.01196	0.01126	0.01337	0.00844	0.00844	0.01688	0.02532	0.03588	0.62506	0.06683	0.08441	0.01829	0.01055	0.00281	0.00422	0.01618	0.00985	0.00844
45	0.02112	0.02413	0.05279	0.03771	0.04676	0.02262	0.59729	0.02866	0.02112	0.02866	0.01810	0.02413	0.01357	0.00754	0.01056	0.00302	0.01508	0.01056	0.00452	0.01207
46	0.01157	0.00837	0.01108	0.01300	0.01400	0.00788	0.00939	0.01368	0.01805	0.02371	0.05197	0.52237	0.09939	0.02698	0.01154	0.00368	0.00574	0.13181	0.00829	0.00748
47	0.02145	0.02055	0.03507	0.13497	0.55511	0.02108	0.02711	0.02685	0.02004	0.02839	0.01671	0.02237	0.01388	0.00810	0.00887	0.00270	0.01080	0.00797	0.00437	0.01361
48	0.02214	0.02126	0.03631	0.05491	0.62978	0.02126	0.02746	0.02746	0.02037	0.02923	0.01683	0.02214	0.01417	0.00797	0.00886	0.00266	0.01063	0.00797	0.00443	0.01417
49	0.02643	0.02550	0.02231	0.01966	0.02489	0.17074	0.01527	0.11735	0.39996	0.03626	0.02913	0.02775	0.02200	0.01127	0.00884	0.00282	0.00958	0.00882	0.00802	0.01341
50	0.74878	0.01730	0.01315	0.01177	0.01730	0.02007	0.00969	0.02630	0.01523	0.04014	0.01246	0.01453	0.00969	0.00830	0.00554	0.00277	0.00692	0.00484	0.00554	0.00969
51	0.01817	0.01495	0.01933	0.02280	0.15727	0.04220	0.01402	0.02484	0.09662	0.06413	0.27951	0.07804	0.10116	0.01519	0.00983	0.00284	0.00684	0.01335	0.00813	0.01079
52	0.74878	0.01730	0.01315	0.01177	0.01730	0.02007	0.00969	0.02630	0.01523	0.04014	0.01246	0.01453	0.00969	0.00830	0.00554	0.00277	0.00692	0.00484	0.00554	0.00969
53	0.01246	0.01783	0.15769	0.01310	0.01845	0.01073	0.01310	0.01679	0.02040	0.02601	0.11240	0.06885	0.44148	0.01900	0.01008	0.00296	0.00656	0.01579	0.00735	0.00895
54	0.01301	0.00867	0.00976	0.00976	0.00976	0.00867	0.00542	0.01301	0.01301	0.01735	0.02819	0.05855	0.03253	0.68559	0.04554	0.00867	0.00867	0.01301	0.00542	0.00542
55	0.01950	0.01683	0.01760	0.01605	0.02063	0.01879	0.01243	0.03937	0.47391	0.03430	0.04918	0.04580	0.16834	0.01462	0.00945	0.00303	0.00648	0.01218	0.00892	0.01260
56	0.01668	0.00834	0.00834	0.00834	0.01042	0.00834	0.00625	0.02085	0.01876	0.03335	0.02918	0.03335	0.02293	0.01042	0.00625	0.00208	0.00417	0.00834	0.73525	0.00834
57	0.01291	0.00905	0.01168	0.01168	0.01234	0.00972	0.00782	0.01424	0.01358	0.01877	0.02643	0.04882	0.02830	0.42855	0.29680	0.01104	0.01503	0.01159	0.00516	0.00649
58	0.01278	0.00959	0.01438	0.01438	0.01598	0.01118	0.01118	0.01598	0.01438	0.02077	0.02396	0.03515	0.02237	0.06710	0.65013	0.01438	0.02396	0.00959	0.00479	0.00799
59	0.01982	0.06422	0.31601	0.03121	0.04207	0.02237	0.31747	0.02843	0.01998	0.02817	0.01693	0.02133	0.01247	0.00798	0.00942	0.00288	0.01400	0.00852	0.00416	0.01256
60	0.02820	0.21265	0.03375	0.02846	0.16819	0.33582	0.01915	0.03136	0.02224	0.02339	0.01416	0.01707	0.01214	0.00850	0.00762	0.00228	0.01306	0.00602	0.00436	0.01157
61	0.02214	0.02126	0.03631	0.05491	0.62978	0.02126	0.02746	0.02746	0.02037	0.02923	0.01683	0.02214	0.01417	0.00797	0.00886	0.00266	0.01063	0.00797	0.00443	0.01417
62	0.03233	0.17483	0.11403	0.01789	0.02590	0.02170	0.01706	0.13023	0.02572	0.31491	0.02511	0.02368	0.01706	0.00988	0.00818	0.00257	0.00921	0.00755	0.00805	0.01409
63	0.01087	0.00913	0.00948	0.00954	0.01247	0.00773	0.00726	0.01333	0.02066	0.02492	0.11688	0.08580	0.56929	0.02253	0.01066	0.00306	0.00470	0.04567	0.00839	0.00763
64	0.02223	0.01964	0.02353	0.02573	0.14761	0.02205	0.01689	0.04342	0.49199	0.03574	0.03240	0.03108	0.02462	0.01128	0.00905	0.00296	0.00781	0.00968	0.00814	0.01416
65	0.01870	0.12748	0.56462	0.02422	0.03674	0.02262	0.03082	0.02814	0.01880	0.02742	0.01560	0.01832	0.01135	0.00839	0.00815	0.00272	0.01276	0.00638	0.00378	0.01300
66	0.02872	0.36323	0.03600	0.01922	0.02534	0.34592	0.01631	0.03131	0.02181	0.02148	0.01314	0.01525	0.01150	0.00845	0.00692	0.00211	0.01289	0.00528	0.00422	0.01092
67	0.01090	0.00779	0.01038	0.01246	0.01298	0.00727	0.00830	0.01246	0.01713	0.02284	0.04931	0.67975	0.05917	0.02803	0.01142	0.00363	0.00519	0.02543	0.00830	0.00727
68	0.03126	0.01326	0.01792	0.01441	0.01978	0.01163	0.01163	0.03497	0.02552	0.44210	0.22583	0.04220	0.04226	0.01340	0.00950	0.00278	0.00652	0.01132	0.01068	0.01303
69	0.02225	0.01922	0.02023	0.01821	0.02326	0.02225	0.01416	0.04754	0.61361	0.03742	0.03641	0.03338	0.02731	0.01214	0.00910	0.00303	0.00708	0.01011	0.00910	0.01416
70	0.01278	0.00959	0.01438	0.01438	0.01598	0.01118	0.01118	0.01598	0.01438	0.02077	0.02396	0.03515	0.02237	0.06710	0.65013	0.01438	0.02396	0.00959	0.00479	0.00799
71	0.01301	0.00867	0.00976	0.00976	0.00976	0.00867	0.00542	0.01301	0.01301	0.01735	0.02819	0.05855	0.03253	0.68559	0.04554	0.00867	0.00867	0.01301	0.00542	0.00542
72	0.01090	0.00779	0.01038	0.01246	0.01298	0.00727	0.00830	0.01246	0.01713	0.02284	0.04931	0.67975	0.05917	0.02803	0.01142	0.00363	0.00519	0.02543	0.00830	0.00727
73	0.01435	0.01362	0.01235	0.01261	0.01546	0.09245	0.00978	0.01694	0.02084	0.02428	0.06900	0.12351	0.39079	0.02169	0.01066	0.00319	0.00683	0.12579	0.00781	0.00804
74	0.02112	0.02413	0.05279	0.03771	0.04676	0.02262	0.59729	0.02866	0.02112	0.02866	0.01810	0.02413	0.01357	0.00754	0.01056	0.00302	0.01508	0.01056	0.00452	0.01207
75	0.02159	0.02454	0.11554	0.05105	0.55210	0.02119	0.02819	0.02757	0.02018	0.02911	0.01673	0.02171	0.01380	0.00804	0.00881	0.00268	0.01097	0.00779	0.00434	0.01405
76	0.01794	0.04628	0.63923	0.02550	0.03872	0.02078	0.03305	0.02833	0.01889	0.02833	0.01606	0.01889	0.01133	0.00850	0.00850	0.00283	0.01322	0.00661	0.00378	0.01322
77	0.01185	0.00911	0.01084	0.01041	0.01287	0.00810	0.00781	0.01532	0.02342	0.03135	0.41825	0.07429	0.29405	0.01998	0.01056	0.00289	0.00434	0.01723	0.00925	0.00810
78	0.02392	0.69097	0.04688	0.01531	0.02296	0.03540	0.01531	0.02679	0.01818	0.02105	0.01244	0.01435	0.01148	0.00765	0.00574	0.00191	0.00957	0.00478	0.00383	0.01148
79	0.01296	0.00889	0.01085	0.01085	0.01122	0.00926	0.00678	0.01371	0.01333	0.01815	0.02719	0.05304	0.03013	0.53993	0.18792	0.01002	0.01227	0.01220	0.00527	0.00603
80	0.01081	0.00875	0.00961	0.01007	0.01240	0.00755	0.00729	0.01304	0.01994	0.02470	0.11966	0.23278	0.44483	0.02368	0.01078	0.00316	0.00467	0.02032	0.00842	0.00755
81	0.01924	0.03777	0.42189	0.03224	0.11829	0.02128	0.16520	0.02829	0.01961	0.02853	0.01664	0.02055	0.01223	0.00820	0.00903	0.00285	0.01332	0.00772	0.00404	0.01307
82	0.01217	0.00913	0.01128	0.01074	0.01306	0.00823	0.00805	0.01593	0.02416	0.03312	0.49920	0.07137	0.21200	0.01932	0.01056	0.00286	0.00429	0.01682	0.00949	0.00823
83	0.65352	0.10583	0.01758	0.01223	0.01805	0.02208	0.01043	0.02636	0.01561	0.03763	0.01245	0.01451	0.00992	0.00822	0.00556	0.00266	0.00727	0.00484	0.00531	0.00992
84	0.01301	0.00867	0.00976	0.00976	0.00976	0.00867	0.00542	0.01301	0.01301	0.01735	0.02819	0.05855	0.03253	0.68559	0.04554	0.00867	0.00867	0.01301	0.00542	0.00542
85	0.02201	0.48540	0.23576	0.01856	0.02799	0.03074	0.02097	0.02728	0.01840	0.02337	0.01359	0.01580	0.01143	0.00792	0.00662	0.00221	0.01073	0.00537	0.00381	0.01204
86	0.02135	0.10806	0.03466	0.16664	0.39381	0.02292	0.02437	0.02794	0.06326	0.02751	0.01751	0.02228	0.01434	0.00843	0.00848	0.00265	0.01048	0.00771	0.00460	0.01299
87	0.01728	0.01630	0.02753	0.61924	0.10344	0.01998	0.02504	0.02320	0.01807	0.02333	0.01597	0.02373	0.01209	0.00887	0.00894	0.00296	0.01183	0.00795	0.00401	0.01025
88	0.01295	0.00892	0.01099	0.01099	0.01141	0.00934	0.00695	0.01380	0.01337	0.01826	0.02707	0.05233	0.02982	0.52116	0.20627	0.01019	0.01274	0.01210	0.00525	0.00610
89	0.01855	0.01590	0.01855	0.01325	0.02120	0.01193	0.01060	0.02253	0.01855	0.02915	0.01590	0.01855	0.01325	0.00663	0.00663	0.00133	0.00663	0.00530	0.00530	0.74028
90	0.11399	0.04247	0.55696	0.02369	0.03591	0.02068	0.02998	0.02807	0.01841	0.02988	0.01558	0.01832	0.01112	0.00847	0.00811	0.00282	0.01239	0.00638	0.00401	0.01276
91	0.65329	0.01782	0.01619	0.01744	0.09779	0.02023	0.01202	0.02645	0.01590	0.03871	0.01303	0.01553	0.01028	0.00826	0.00597	0.00275	0.00741	0.00526	0.00539	0.01028
92	0.01690	0.01590	0.02683	0.66408	0.06162	0.01988	0.02485	0.02286	0.01789	0.02286	0.01590	0.02385	0.01193	0.00894	0.00894	0.00298	0.01193	0.00795	0.00398	0.00994
93	0.02477	0.07200	0.02805	0.02477	0.10452	0.08565	0.04356	0.17151	0.10784	0.03403	0.02640	0.02818	0.07409	0.01201	0.01226	0.00289	0.11962	0.00898	0.00647	0.01240
94	0.02944	0.01926	0.05220	0.10231	0.02848	0.01888	0.01586	0.21463	0.05436	0.22624	0.02643	0.03019	0.01973	0.10475	0.01406	0.00361	0.00929	0.00905	0.00822	0.01301
95	0.01855	0.01590	0.01855	0.01325	0.02120	0.01193	0.01060	0.02253	0.01855	0.02915	0.01590	0.01855	0.01325	0.00663	0.00663	0.00133	0.00663	0.00530	0.00530	0.74028
96	0.01101	0.00899	0.00919	0.00919	0.01167	0.00775	0.00655	0.01287	0.01907	0.02295	0.07947	0.08118	0.52005	0.14114	0.01682	0.00403	0.00527	0.01783	0.00779	0.00717
97	0.01533	0.01216	0.01422	0.01361	0.01668	0.01250	0.01062	0.02526	0.19179	0.03344	0.30429	0.06454	0.14181	0.01801	0.01038	0.00308	0.00561	0.08756	0.00920	0.00992
98	0.11917	0.60244	0.04245	0.01484	0.02222	0.03339	0.01457	0.02672	0.01779	0.02356	0.01244	0.01438	0.01125	0.00774	0.00571	0.00203	0.00922	0.00479	0.00405	0.01125
99	0.02786	0.01655	0.01942	0.01586	0.02127	0.01673	0.01275	0.18310	0.10667	0.22585	0.15305	0.04108	0.09265	0.01368	0.00946	0.00282	0.00716	0.01128	0.00974	0.01300
100	0.02433	0.51040	0.09947	0.01720	0.02500	0.11355	0.01704	0.02790	0.01921	0.02226	0.01314	0.01523	0.01156	0.00789	0.00635	0.00202	0.01063	0.00511	0.00400	0.04769
101	0.05782	0.02209	0.14083	0.07508	0.17161	0.04551	0.02174	0.02407	0.01994	0.02787	0.02833	0.05216	0.02788	0.01485	0.00996	0.00328	0.01033	0.22989	0.00585	0.01091
102	0.01690	0.01590	0.02683	0.66408	0.06162	0.01988	0.02485	0.02286	0.01789	0.02286	0.01590	0.02385	0.01193	0.00894	0.00894	0.00298	0.01193	0.00795	0.00398	0.00994
103	0.01555	0.01322	0.01922	0.02439	0.19009	0.01309	0.01461	0.02057	0.04979	0.02902	0.19265	0.05472	0.16128	0.02282	0.09418	0.00444	0.00914	0.05396	0.00717	0.01010
104	0.02372	0.05449	0.11440	0.02019	0.05681	0.02103	0.01706	0.13512	0.24131	0.07991	0.03049	0.03214	0.05114	0.06794	0.01194	0.00332	0.00884	0.00946	0.00758	0.01310
105	0.01999	0.02005	0.04912	0.01759	0.05052	0.09807	0.01343	0.08035	0.10507	0.03007	0.03913	0.11883	0.15064	0.01439	0.00903	0.00261	0.00815	0.01192	0.00699	0.15405
106	0.02269	0.02416	0.11312	0.03279	0.18860	0.02106	0.14603	0.16086	0.02553	0.03523	0.05112	0.06334	0.02175	0.01108	0.00961	0.00290	0.01102	0.04015	0.00611	0.01287
107	0.18716	0.07030	0.22751	0.02061	0.02878	0.18662	0.02068	0.10485	0.02277	0.03258	0.01519	0.01730	0.01153	0.00889	0.00764	0.00261	0.01194	0.00609	0.00507	0.01186

[dist]
# distance from previous block
# <min> <max>
3	6

# created by:
# /home/cegg/simao/soft/augustus-3.2.1/scripts/msa2prfl.pl ./align_prep/14408.fa
