[name]
unknown

[dist]
# distance from previous block
# <min> <max>
5	7

[block]
# block no. 0 follows, 22 sequences, length 12
# corresponding to MSA columns:
# 7-18
name=unknown_A
#
# <colnr> <probs for GDERKNQSTAVLIFYWHMCP>
#	G	D	E	R	K	N	Q	S	T	A	V	L	I	F	Y	W	H	M	C	P
0	0.01721	0.01612	0.02615	0.48650	0.17957	0.01895	0.02258	0.02443	0.08003	0.02383	0.01687	0.02271	0.01295	0.00841	0.00830	0.00271	0.01037	0.00759	0.00426	0.01045
1	0.02056	0.01974	0.03372	0.05099	0.65622	0.01974	0.02550	0.02550	0.01892	0.02714	0.01563	0.02056	0.01316	0.00740	0.00822	0.00247	0.00987	0.00740	0.00411	0.01316
2	0.02144	0.02141	0.03286	0.04850	0.60311	0.07491	0.02470	0.02614	0.01931	0.02657	0.01539	0.02009	0.01295	0.00750	0.00816	0.00244	0.01030	0.00723	0.00413	0.01286
3	0.01187	0.00890	0.01335	0.01335	0.01483	0.01038	0.01038	0.01483	0.01335	0.01928	0.02225	0.03264	0.02077	0.06231	0.67512	0.01335	0.02225	0.00890	0.00445	0.00742
4	0.01666	0.04297	0.66500	0.02368	0.03596	0.01929	0.03069	0.02631	0.01754	0.02631	0.01491	0.01754	0.01052	0.00789	0.00789	0.00263	0.01228	0.00614	0.00351	0.01228
5	0.01012	0.00723	0.00964	0.01157	0.01205	0.00675	0.00771	0.01157	0.01591	0.02121	0.04579	0.70262	0.05495	0.02603	0.01060	0.00337	0.00482	0.02362	0.00771	0.00675
6	0.01549	0.00774	0.00774	0.00774	0.00968	0.00774	0.00581	0.01936	0.01742	0.03097	0.02710	0.03097	0.02129	0.00968	0.00581	0.00194	0.00387	0.00774	0.75416	0.00774
7	0.01666	0.04297	0.66500	0.02368	0.03596	0.01929	0.03069	0.02631	0.01754	0.02631	0.01491	0.01754	0.01052	0.00789	0.00789	0.00263	0.01228	0.00614	0.00351	0.01228
8	0.01090	0.00838	0.00915	0.00920	0.01101	0.00756	0.00647	0.01263	0.01727	0.02166	0.11759	0.07120	0.37267	0.23169	0.01988	0.00446	0.00556	0.04918	0.00702	0.00652
9	0.01961	0.02241	0.04902	0.03501	0.04342	0.02101	0.62605	0.02661	0.01961	0.02661	0.01681	0.02241	0.01261	0.00700	0.00980	0.00280	0.01401	0.00980	0.00420	0.01120
10	0.01193	0.00864	0.01203	0.01203	0.01306	0.00967	0.00874	0.01399	0.01296	0.01831	0.02346	0.03931	0.02366	0.26056	0.48083	0.01172	0.01789	0.00988	0.00463	0.00669
11	0.01666	0.04297	0.66500	0.02368	0.03596	0.01929	0.03069	0.02631	0.01754	0.02631	0.01491	0.01754	0.01052	0.00789	0.00789	0.00263	0.01228	0.00614	0.00351	0.01228

[dist]
# distance from previous block
# <min> <max>
0	1

[block]
# block no. 1 follows, 22 sequences, length 105
# corresponding to MSA columns:
# 20-124
name=unknown_B
#
# <colnr> <probs for GDERKNQSTAVLIFYWHMCP>
#	G	D	E	R	K	N	Q	S	T	A	V	L	I	F	Y	W	H	M	C	P
0	0.02052	0.01987	0.03445	0.05023	0.62716	0.01980	0.05398	0.02555	0.01895	0.02712	0.01568	0.02065	0.01313	0.00738	0.00830	0.00248	0.01007	0.00752	0.00412	0.01307
1	0.01769	0.16675	0.55020	0.02193	0.03325	0.02180	0.02765	0.02604	0.01742	0.02506	0.01429	0.01676	0.01055	0.00775	0.00742	0.00247	0.01165	0.00583	0.00352	0.01198
2	0.01208	0.00805	0.00906	0.00906	0.00906	0.00805	0.00503	0.01208	0.01208	0.01611	0.02618	0.05436	0.03020	0.70804	0.04228	0.00805	0.00805	0.01208	0.00503	0.00503
3	0.01788	0.03450	0.41112	0.02835	0.03903	0.02000	0.27607	0.02643	0.01839	0.02643	0.01569	0.01955	0.01138	0.00753	0.00868	0.00270	0.01299	0.00765	0.00379	0.01184
4	0.01071	0.00768	0.01016	0.01117	0.01218	0.00714	0.00776	0.01304	0.01863	0.02554	0.26260	0.47346	0.06333	0.02279	0.01032	0.00310	0.00450	0.02054	0.00822	0.00714
5	0.02056	0.01974	0.03372	0.05099	0.65622	0.01974	0.02550	0.02550	0.01892	0.02714	0.01563	0.02056	0.01316	0.00740	0.00822	0.00247	0.00987	0.00740	0.00411	0.01316
6	0.01323	0.00999	0.01270	0.01152	0.01387	0.00969	0.00829	0.01527	0.01381	0.01998	0.02191	0.03695	0.02222	0.28653	0.28244	0.00851	0.01318	0.00912	0.00478	0.18602
7	0.01823	0.01473	0.01733	0.01243	0.01976	0.01113	0.00996	0.02190	0.01756	0.05896	0.01567	0.01778	0.01272	0.00636	0.00626	0.00130	0.00620	0.00509	0.00519	0.72143
8	0.01443	0.00722	0.01082	0.01082	0.01082	0.00722	0.00722	0.01082	0.01082	0.01443	0.01443	0.02525	0.01443	0.02886	0.03247	0.75830	0.00722	0.00722	0.00361	0.00361
9	0.02943	0.03679	0.02586	0.02495	0.08709	0.57756	0.04898	0.03209	0.02289	0.02131	0.01332	0.01591	0.01104	0.00837	0.00768	0.00221	0.01444	0.00578	0.00426	0.01005
10	0.01666	0.04297	0.66500	0.02368	0.03596	0.01929	0.03069	0.02631	0.01754	0.02631	0.01491	0.01754	0.01052	0.00789	0.00789	0.00263	0.01228	0.00614	0.00351	0.01228
11	0.00989	0.00813	0.00871	0.00917	0.01142	0.00695	0.00665	0.01184	0.01821	0.02215	0.07499	0.22868	0.51004	0.02223	0.01001	0.00294	0.00435	0.01899	0.00771	0.00695
12	0.01034	0.00844	0.00913	0.00896	0.01154	0.00723	0.00672	0.01293	0.02016	0.02535	0.23590	0.07517	0.49929	0.01996	0.00981	0.00275	0.00413	0.01686	0.00810	0.00723
13	0.01774	0.01775	0.03177	0.03655	0.33835	0.01704	0.18145	0.02255	0.01911	0.02588	0.03231	0.03524	0.16581	0.01055	0.00903	0.00264	0.00962	0.01046	0.00500	0.01117
14	0.01443	0.00722	0.01082	0.01082	0.01082	0.00722	0.00722	0.01082	0.01082	0.01443	0.01443	0.02525	0.01443	0.02886	0.03247	0.75830	0.00722	0.00722	0.00361	0.00361
15	0.62387	0.01569	0.01359	0.01168	0.01707	0.01738	0.00963	0.02757	0.01603	0.15961	0.01572	0.01639	0.01126	0.00821	0.00577	0.00257	0.00655	0.00525	0.00615	0.01000
16	0.10508	0.01955	0.01984	0.01656	0.02145	0.05537	0.01315	0.38450	0.03003	0.04158	0.02484	0.18205	0.02314	0.01349	0.00847	0.00269	0.00813	0.01090	0.00761	0.01157
17	0.02037	0.15611	0.18576	0.05622	0.03184	0.12355	0.15656	0.02563	0.01834	0.02313	0.01711	0.02058	0.04014	0.00894	0.00987	0.00255	0.08147	0.00722	0.00400	0.01061
18	0.02221	0.71304	0.04353	0.01421	0.02132	0.03287	0.01421	0.02488	0.01688	0.01955	0.01155	0.01333	0.01066	0.00711	0.00533	0.00178	0.00888	0.00444	0.00355	0.01066
19	0.01056	0.00757	0.01003	0.01127	0.01215	0.00704	0.00775	0.01267	0.01794	0.02444	0.20779	0.53139	0.06121	0.02361	0.01039	0.00317	0.00458	0.02132	0.00809	0.00704
20	0.03019	0.10418	0.02546	0.02071	0.02526	0.61314	0.01588	0.03238	0.02290	0.02026	0.01272	0.01482	0.01070	0.00842	0.00728	0.00211	0.01440	0.00526	0.00421	0.00973
21	0.01775	0.00984	0.01291	0.01138	0.01445	0.00884	0.00880	0.02140	0.02333	0.18289	0.47343	0.05495	0.09548	0.01560	0.00945	0.00261	0.00469	0.01357	0.00934	0.00930
22	0.02413	0.51395	0.03786	0.01622	0.02239	0.15170	0.01485	0.05785	0.01906	0.02144	0.01220	0.01424	0.01086	0.00793	0.00707	0.00198	0.04683	0.00492	0.00394	0.01057
23	0.01237	0.00876	0.01092	0.01176	0.01385	0.00804	0.00926	0.01501	0.01871	0.05235	0.08681	0.22991	0.25982	0.02216	0.01047	0.00325	0.00557	0.20558	0.00788	0.00752
24	0.02931	0.03231	0.02299	0.02013	0.02498	0.42260	0.01548	0.16021	0.13610	0.02961	0.01804	0.01886	0.01401	0.00934	0.00783	0.00233	0.01227	0.00651	0.00587	0.01120
25	0.00991	0.00804	0.00880	0.00941	0.01148	0.00693	0.00675	0.01181	0.01798	0.02205	0.07207	0.27605	0.46455	0.02261	0.01007	0.00298	0.00440	0.01945	0.00771	0.00693
26	0.09233	0.01421	0.01831	0.02031	0.13543	0.01440	0.01346	0.02805	0.13745	0.14654	0.11868	0.04287	0.09487	0.01307	0.00872	0.00276	0.00677	0.07319	0.00760	0.01099
27	0.05607	0.01299	0.01308	0.01180	0.01568	0.04666	0.00916	0.02396	0.12109	0.13417	0.08613	0.05550	0.34942	0.01609	0.00898	0.00271	0.00576	0.01321	0.00802	0.00950
28	0.01018	0.00843	0.00891	0.00879	0.01144	0.00717	0.00659	0.01262	0.01978	0.02445	0.18902	0.07664	0.54674	0.02029	0.00981	0.00277	0.00415	0.01707	0.00798	0.00717
29	0.01961	0.02381	0.12913	0.04101	0.35778	0.02031	0.20152	0.02568	0.01863	0.02653	0.01565	0.02055	0.01251	0.00769	0.00952	0.00264	0.04320	0.00792	0.00403	0.01227
30	0.02312	0.02505	0.02978	0.11044	0.40653	0.21239	0.02246	0.02730	0.02003	0.02450	0.01471	0.01909	0.01221	0.00784	0.00802	0.00240	0.01150	0.00680	0.00412	0.01170
31	0.01366	0.01146	0.01224	0.01152	0.01477	0.01155	0.00879	0.02296	0.21960	0.02840	0.17285	0.06092	0.34524	0.01715	0.00938	0.00277	0.00491	0.01446	0.00822	0.00914
32	0.00982	0.00842	0.00842	0.00842	0.01122	0.00701	0.00631	0.01192	0.01894	0.02244	0.08416	0.07995	0.65285	0.02104	0.00982	0.00281	0.00421	0.01753	0.00771	0.00701
33	0.01666	0.04297	0.66500	0.02368	0.03596	0.01929	0.03069	0.02631	0.01754	0.02631	0.01491	0.01754	0.01052	0.00789	0.00789	0.00263	0.01228	0.00614	0.00351	0.01228
34	0.01640	0.04108	0.62883	0.02310	0.03478	0.01880	0.02957	0.02567	0.01731	0.02592	0.01532	0.01838	0.01109	0.01091	0.04493	0.00323	0.01283	0.00629	0.00356	0.01201
35	0.00982	0.00842	0.00842	0.00842	0.01122	0.00701	0.00631	0.01192	0.01894	0.02244	0.08416	0.07995	0.65285	0.02104	0.00982	0.00281	0.00421	0.01753	0.00771	0.00701
36	0.02056	0.01974	0.03372	0.05099	0.65622	0.01974	0.02550	0.02550	0.01892	0.02714	0.01563	0.02056	0.01316	0.00740	0.00822	0.00247	0.00987	0.00740	0.00411	0.01316
37	0.02221	0.71304	0.04353	0.01421	0.02132	0.03287	0.01421	0.02488	0.01688	0.01955	0.01155	0.01333	0.01066	0.00711	0.00533	0.00178	0.00888	0.00444	0.00355	0.01066
38	0.00982	0.00842	0.00842	0.00842	0.01122	0.00701	0.00631	0.01192	0.01894	0.02244	0.08416	0.07995	0.65285	0.02104	0.00982	0.00281	0.00421	0.01753	0.00771	0.00701
39	0.02066	0.01785	0.01878	0.01691	0.02160	0.02066	0.01315	0.04414	0.64121	0.03475	0.03381	0.03099	0.02536	0.01127	0.00845	0.00282	0.00657	0.00939	0.00845	0.01315
40	0.01911	0.01172	0.01393	0.01298	0.01650	0.01144	0.01000	0.02629	0.16112	0.17785	0.04927	0.20190	0.18641	0.01751	0.00943	0.00294	0.00576	0.04725	0.00849	0.01009
41	0.02440	0.54976	0.03896	0.01559	0.02238	0.08987	0.01461	0.11521	0.02077	0.02449	0.01291	0.01446	0.01118	0.00766	0.00597	0.00192	0.00947	0.00498	0.00433	0.01108
42	0.01774	0.04146	0.63110	0.02321	0.03518	0.01892	0.02972	0.02705	0.01787	0.05968	0.01585	0.01810	0.01105	0.00802	0.00792	0.00263	0.01200	0.00626	0.00386	0.01238
43	0.01666	0.04297	0.66500	0.02368	0.03596	0.01929	0.03069	0.02631	0.01754	0.02631	0.01491	0.01754	0.01052	0.00789	0.00789	0.00263	0.01228	0.00614	0.00351	0.01228
44	0.02642	0.02248	0.02191	0.01833	0.02381	0.09281	0.01458	0.29189	0.31864	0.04071	0.02566	0.02457	0.01901	0.01043	0.00829	0.00261	0.00857	0.00815	0.00795	0.01319
45	0.01201	0.00832	0.01041	0.01041	0.01088	0.00879	0.00672	0.01295	0.01248	0.01711	0.02494	0.04752	0.02723	0.50468	0.24159	0.00972	0.01253	0.01108	0.00485	0.00578
46	0.01208	0.00805	0.00906	0.00906	0.00906	0.00805	0.00503	0.01208	0.01208	0.01611	0.02618	0.05436	0.03020	0.70804	0.04228	0.00805	0.00805	0.01208	0.00503	0.00503
47	0.02978	0.03739	0.02417	0.02293	0.05762	0.60526	0.01665	0.03205	0.02271	0.02066	0.01288	0.01544	0.01084	0.00883	0.00863	0.00224	0.05234	0.00556	0.00424	0.00978
48	0.01314	0.00953	0.01154	0.01189	0.01452	0.00890	0.00971	0.01706	0.04650	0.05538	0.12516	0.07866	0.30654	0.02039	0.01031	0.00316	0.00571	0.23596	0.00800	0.00794
49	0.02066	0.01785	0.01878	0.01691	0.02160	0.02066	0.01315	0.04414	0.64121	0.03475	0.03381	0.03099	0.02536	0.01127	0.00845	0.00282	0.00657	0.00939	0.00845	0.01315
50	0.01760	0.07454	0.49748	0.02564	0.03679	0.02040	0.15940	0.02630	0.01795	0.02601	0.01514	0.01837	0.01098	0.00766	0.00817	0.00262	0.01247	0.00685	0.00366	0.01196
51	0.52430	0.01363	0.01186	0.01077	0.01489	0.01517	0.00862	0.02161	0.01715	0.03600	0.21716	0.02909	0.03128	0.01069	0.00664	0.00258	0.00562	0.00788	0.00643	0.00862
52	0.01856	0.02198	0.11573	0.03291	0.26933	0.05429	0.10066	0.02366	0.01762	0.02474	0.01647	0.02203	0.01385	0.01802	0.13351	0.00454	0.04899	0.00757	0.00413	0.05142
53	0.02438	0.07075	0.02186	0.01651	0.02129	0.12371	0.04545	0.23716	0.05272	0.03534	0.02069	0.02288	0.01600	0.01179	0.03839	0.00277	0.00938	0.00726	0.21076	0.01090
54	0.00986	0.00824	0.00860	0.00888	0.01134	0.00697	0.00652	0.01187	0.01849	0.02226	0.07847	0.17231	0.56417	0.02178	0.00993	0.00289	0.00430	0.01844	0.00771	0.00697
55	0.19934	0.42056	0.08399	0.01641	0.02358	0.02715	0.08063	0.02506	0.01657	0.02506	0.01238	0.01467	0.01046	0.00730	0.00597	0.00214	0.00911	0.00517	0.00400	0.01045
56	0.20262	0.01895	0.04943	0.01484	0.02160	0.01787	0.01269	0.20927	0.02382	0.10112	0.01740	0.01829	0.01282	0.00819	0.00687	0.00214	0.00751	0.00600	0.00648	0.24209
57	0.01208	0.00805	0.00906	0.00906	0.00906	0.00805	0.00503	0.01208	0.01208	0.01611	0.02618	0.05436	0.03020	0.70804	0.04228	0.00805	0.00805	0.01208	0.00503	0.00503
58	0.01748	0.01679	0.02239	0.02129	0.05082	0.05012	0.01697	0.01998	0.01506	0.02148	0.01957	0.03676	0.02021	0.01784	0.04747	0.00394	0.43933	0.14890	0.00468	0.00890
59	0.01198	0.00801	0.00909	0.00919	0.00921	0.00799	0.00517	0.01206	0.01227	0.01636	0.02715	0.08654	0.03143	0.67420	0.04071	0.00782	0.00789	0.01265	0.00517	0.00512
60	0.02067	0.52707	0.21601	0.01684	0.02538	0.02910	0.01879	0.02527	0.01706	0.02142	0.01248	0.01450	0.01062	0.00733	0.00604	0.00201	0.00983	0.00491	0.00354	0.01111
61	0.02548	0.31522	0.06847	0.02173	0.09192	0.30371	0.01712	0.02855	0.01997	0.02107	0.01272	0.01504	0.01094	0.00780	0.00670	0.00205	0.01177	0.00524	0.00392	0.01058
62	0.02287	0.31797	0.03654	0.03065	0.29090	0.06227	0.01924	0.08163	0.02017	0.02585	0.01413	0.01710	0.01204	0.00758	0.00695	0.00216	0.00966	0.00603	0.00427	0.01198
63	0.01167	0.00829	0.01108	0.01169	0.01249	0.00870	0.00827	0.01338	0.01404	0.01918	0.03095	0.19996	0.03423	0.26444	0.25203	0.00843	0.01220	0.06678	0.00569	0.00649
64	0.01176	0.00849	0.01110	0.01045	0.01241	0.00784	0.00784	0.01568	0.02352	0.03331	0.65184	0.06206	0.07839	0.01698	0.00980	0.00261	0.00392	0.01502	0.00914	0.00784
65	0.01506	0.01488	0.07572	0.01618	0.01969	0.01330	0.03756	0.02458	0.20006	0.02684	0.03778	0.25264	0.03857	0.01845	0.00992	0.00324	0.00715	0.17144	0.00738	0.00955
66	0.01443	0.00722	0.01082	0.01082	0.01082	0.00722	0.00722	0.01082	0.01082	0.01443	0.01443	0.02525	0.01443	0.02886	0.03247	0.75830	0.00722	0.00722	0.00361	0.00361
67	0.03727	0.01414	0.01928	0.01478	0.02121	0.01221	0.01221	0.04049	0.02378	0.66198	0.03277	0.02828	0.02056	0.01028	0.00835	0.00257	0.00707	0.00835	0.01028	0.01414
68	0.02320	0.01974	0.02471	0.02502	0.14771	0.02172	0.04745	0.17919	0.34409	0.03705	0.02608	0.02588	0.01964	0.00999	0.00844	0.00267	0.00821	0.00857	0.00735	0.01329
69	0.02850	0.01710	0.01957	0.01551	0.02051	0.01777	0.01223	0.31808	0.02837	0.21289	0.02499	0.03048	0.01975	0.17680	0.01644	0.00384	0.00831	0.00882	0.00808	0.01196
70	0.01012	0.00723	0.00964	0.01157	0.01205	0.00675	0.00771	0.01157	0.01591	0.02121	0.04579	0.70262	0.05495	0.02603	0.01060	0.00337	0.00482	0.02362	0.00771	0.00675
71	0.01012	0.00723	0.00964	0.01157	0.01205	0.00675	0.00771	0.01157	0.01591	0.02121	0.04579	0.70262	0.05495	0.02603	0.01060	0.00337	0.00482	0.02362	0.00771	0.00675
72	0.02058	0.01946	0.03150	0.04593	0.56204	0.01988	0.02366	0.02826	0.11127	0.02827	0.01833	0.02211	0.01497	0.00798	0.00826	0.00252	0.00938	0.00770	0.00476	0.01316
73	0.01795	0.19792	0.52129	0.02149	0.03257	0.02243	0.02688	0.02598	0.01739	0.02474	0.01413	0.01657	0.01056	0.00771	0.00730	0.00243	0.01149	0.00575	0.00352	0.01190
74	0.01663	0.01843	0.01327	0.01259	0.01586	0.22141	0.00944	0.01875	0.02041	0.02176	0.06126	0.05909	0.44665	0.01703	0.00907	0.00259	0.00767	0.01362	0.00661	0.00785
75	0.01934	0.01878	0.02751	0.18097	0.22380	0.05444	0.07611	0.02674	0.10294	0.02639	0.01770	0.02159	0.01400	0.00793	0.00800	0.00237	0.00968	0.00732	0.00477	0.14962
76	0.03116	0.03569	0.02387	0.02086	0.02570	0.51969	0.01599	0.17538	0.02725	0.02798	0.01454	0.01617	0.01152	0.00890	0.00769	0.00222	0.01359	0.00586	0.00524	0.01070
77	0.01012	0.00723	0.00964	0.01157	0.01205	0.00675	0.00771	0.01157	0.01591	0.02121	0.04579	0.70262	0.05495	0.02603	0.01060	0.00337	0.00482	0.02362	0.00771	0.00675
78	0.01945	0.01879	0.03256	0.18888	0.49542	0.01952	0.05477	0.02462	0.01845	0.02583	0.01550	0.02100	0.01268	0.00758	0.00832	0.00255	0.01034	0.00752	0.00403	0.01221
79	0.01924	0.01839	0.03133	0.22395	0.49361	0.01939	0.02484	0.02434	0.01829	0.02553	0.01539	0.02099	0.01259	0.00765	0.00825	0.00255	0.01020	0.00740	0.00400	0.01209
80	0.01068	0.00845	0.00962	0.00932	0.01175	0.00738	0.00699	0.01360	0.02098	0.02730	0.33766	0.07196	0.39632	0.01923	0.00981	0.00272	0.00408	0.01641	0.00835	0.00738
81	0.01569	0.01477	0.02492	0.68808	0.05722	0.01846	0.02307	0.02123	0.01661	0.02123	0.01477	0.02215	0.01107	0.00831	0.00831	0.00277	0.01107	0.00738	0.00369	0.00923
82	0.01187	0.00890	0.01335	0.01335	0.01483	0.01038	0.01038	0.01483	0.01335	0.01928	0.02225	0.03264	0.02077	0.06231	0.67512	0.01335	0.02225	0.00890	0.00445	0.00742
83	0.02767	0.03426	0.02318	0.02082	0.02487	0.54656	0.04278	0.03015	0.02185	0.02046	0.01442	0.01794	0.01228	0.01647	0.10668	0.00383	0.01602	0.00608	0.00430	0.00937
84	0.01002	0.00804	0.00896	0.00954	0.01155	0.00697	0.00685	0.01202	0.01822	0.02265	0.10335	0.27890	0.42897	0.02242	0.01007	0.00298	0.00439	0.01935	0.00779	0.00697
85	0.01176	0.00849	0.01110	0.01045	0.01241	0.00784	0.00784	0.01568	0.02352	0.03331	0.65184	0.06206	0.07839	0.01698	0.00980	0.00261	0.00392	0.01502	0.00914	0.00784
86	0.01723	0.01477	0.01723	0.01230	0.01969	0.01107	0.00984	0.02092	0.01723	0.02707	0.01477	0.01723	0.01230	0.00615	0.00615	0.00123	0.00615	0.00492	0.00492	0.75883
87	0.02007	0.01924	0.03283	0.11510	0.59595	0.01961	0.02525	0.02507	0.01868	0.02655	0.01554	0.02072	0.01295	0.00749	0.00823	0.00250	0.00999	0.00740	0.00407	0.01276
88	0.01077	0.00794	0.01052	0.01133	0.01256	0.00768	0.00809	0.01310	0.01740	0.02362	0.17733	0.37502	0.11557	0.03024	0.13310	0.00499	0.00778	0.01840	0.00742	0.00714
89	0.00993	0.00836	0.00861	0.00867	0.01132	0.00704	0.00646	0.01208	0.01900	0.02290	0.10924	0.11085	0.59500	0.02110	0.00986	0.00283	0.00423	0.01772	0.00778	0.00704
90	0.03143	0.02780	0.02455	0.01975	0.02574	0.20587	0.01586	0.46329	0.03475	0.04347	0.01797	0.01857	0.01318	0.00958	0.00808	0.00240	0.01076	0.00689	0.00719	0.01288
91	0.01666	0.04297	0.66500	0.02368	0.03596	0.01929	0.03069	0.02631	0.01754	0.02631	0.01491	0.01754	0.01052	0.00789	0.00789	0.00263	0.01228	0.00614	0.00351	0.01228
92	0.02893	0.20045	0.02832	0.01969	0.02464	0.52139	0.01561	0.03119	0.02195	0.02014	0.01253	0.01459	0.01069	0.00821	0.00697	0.00205	0.01352	0.00513	0.00411	0.00988
93	0.01666	0.04297	0.66500	0.02368	0.03596	0.01929	0.03069	0.02631	0.01754	0.02631	0.01491	0.01754	0.01052	0.00789	0.00789	0.00263	0.01228	0.00614	0.00351	0.01228
94	0.01208	0.00805	0.00906	0.00906	0.00906	0.00805	0.00503	0.01208	0.01208	0.01611	0.02618	0.05436	0.03020	0.70804	0.04228	0.00805	0.00805	0.01208	0.00503	0.00503
95	0.01443	0.00722	0.01082	0.01082	0.01082	0.00722	0.00722	0.01082	0.01082	0.01443	0.01443	0.02525	0.01443	0.02886	0.03247	0.75830	0.00722	0.00722	0.00361	0.00361
96	0.01171	0.00876	0.01246	0.04194	0.04524	0.00867	0.01067	0.01413	0.01676	0.02230	0.04170	0.46584	0.04804	0.02520	0.03830	0.00383	0.00673	0.16310	0.00723	0.00740
97	0.01692	0.01780	0.06883	0.49251	0.19890	0.01882	0.02415	0.02258	0.01722	0.02297	0.01498	0.02147	0.01154	0.00806	0.00826	0.00269	0.01086	0.00731	0.00378	0.01037
98	0.01212	0.00928	0.01411	0.05743	0.01760	0.01091	0.01121	0.01525	0.01356	0.01941	0.02176	0.03195	0.02014	0.05878	0.63157	0.01266	0.02152	0.00880	0.00440	0.00754
99	0.01232	0.00849	0.01010	0.05341	0.01221	0.00873	0.00621	0.01268	0.01238	0.01644	0.02543	0.05226	0.02895	0.66234	0.04006	0.00771	0.00825	0.01177	0.00495	0.00531
100	0.03163	0.02181	0.02475	0.02061	0.06633	0.02355	0.01594	0.51004	0.03569	0.13270	0.02139	0.02111	0.01493	0.00985	0.00831	0.00250	0.00891	0.00759	0.00830	0.01407
101	0.02869	0.01908	0.02039	0.01693	0.02251	0.06161	0.01353	0.15020	0.29137	0.23847	0.02955	0.02703	0.02079	0.01054	0.00833	0.00263	0.00776	0.00844	0.00874	0.01342
102	0.05945	0.00898	0.00893	0.00895	0.01186	0.00791	0.00687	0.01302	0.01863	0.02354	0.07725	0.07635	0.57824	0.02027	0.00960	0.00284	0.00454	0.04803	0.00754	0.00718
103	0.02165	0.01937	0.03278	0.04863	0.61474	0.01925	0.02463	0.02647	0.01923	0.06861	0.01675	0.02106	0.01364	0.00759	0.00823	0.00247	0.00969	0.00746	0.00452	0.01322
104	0.01194	0.00868	0.01162	0.01332	0.01488	0.00837	0.01077	0.01480	0.01807	0.02341	0.04910	0.28768	0.11844	0.02372	0.01101	0.00356	0.00635	0.34931	0.00768	0.00729

[dist]
# distance from previous block
# <min> <max>
0	2

[block]
# block no. 2 follows, 22 sequences, length 10
# corresponding to MSA columns:
# 127-136
name=unknown_C
#
# <colnr> <probs for GDERKNQSTAVLIFYWHMCP>
#	G	D	E	R	K	N	Q	S	T	A	V	L	I	F	Y	W	H	M	C	P
0	0.01394	0.01157	0.01285	0.01147	0.01522	0.01094	0.00881	0.02157	0.15945	0.02874	0.20757	0.05426	0.26122	0.01541	0.00892	0.00250	0.00498	0.01303	0.00780	0.12974
1	0.14057	0.01882	0.02908	0.07212	0.49276	0.01955	0.02209	0.02609	0.05013	0.02889	0.01587	0.02003	0.01302	0.00769	0.00774	0.00252	0.00920	0.00704	0.00448	0.01231
2	0.02408	0.03027	0.07242	0.02106	0.02514	0.36775	0.07937	0.02691	0.01947	0.02071	0.01532	0.02270	0.01405	0.12181	0.01586	0.00339	0.09906	0.00720	0.00425	0.00919
3	0.06177	0.01301	0.01673	0.01399	0.01766	0.01321	0.01105	0.02759	0.01880	0.32954	0.03313	0.06341	0.08846	0.12523	0.01697	0.00368	0.11730	0.01019	0.00773	0.01054
4	0.01208	0.00805	0.00906	0.00906	0.00906	0.00805	0.00503	0.01208	0.01208	0.01611	0.02618	0.05436	0.03020	0.70804	0.04228	0.00805	0.00805	0.01208	0.00503	0.00503
5	0.01736	0.21147	0.34862	0.02130	0.07497	0.02087	0.02227	0.02350	0.01721	0.02377	0.01906	0.12705	0.01792	0.01057	0.00768	0.00251	0.01000	0.00860	0.00424	0.01103
6	0.18902	0.01673	0.01542	0.01354	0.01784	0.05638	0.01070	0.13168	0.17886	0.03636	0.02324	0.02422	0.01771	0.00962	0.00686	0.00241	0.00669	0.00725	0.22488	0.01060
7	0.01790	0.04845	0.06310	0.02743	0.24153	0.01709	0.01745	0.02682	0.16581	0.02762	0.03261	0.03890	0.11143	0.01193	0.00860	0.00266	0.00793	0.07408	0.00603	0.05263
8	0.02009	0.13338	0.07177	0.03563	0.25872	0.02279	0.22402	0.02530	0.01818	0.02503	0.01489	0.01964	0.01223	0.00791	0.01003	0.00258	0.07449	0.00765	0.00398	0.01168
9	0.15814	0.02612	0.07482	0.04754	0.02462	0.23379	0.04004	0.12314	0.02237	0.03008	0.02013	0.06122	0.04298	0.01017	0.00756	0.00246	0.01036	0.00765	0.04670	0.01012

[dist]
# distance from previous block
# <min> <max>
0	54

# created by:
# /home/cegg/simao/soft/augustus-3.2.1/scripts/msa2prfl.pl ./align_prep/14402.fa
