[name]
unknown

[dist]
# distance from previous block
# <min> <max>
0	51

[block]
# block no. 0 follows, 23 sequences, length 63
# corresponding to MSA columns:
# 51-113
name=unknown_A
#
# <colnr> <probs for GDERKNQSTAVLIFYWHMCP>
#	G	D	E	R	K	N	Q	S	T	A	V	L	I	F	Y	W	H	M	C	P
0	0.01331	0.00976	0.01313	0.01468	0.01675	0.00985	0.01269	0.01810	0.05630	0.02473	0.04447	0.08716	0.07819	0.02164	0.01095	0.00362	0.00723	0.54214	0.00752	0.00776
1	0.02075	0.02136	0.02937	0.10891	0.47160	0.12367	0.02235	0.02507	0.01896	0.02466	0.01777	0.02200	0.04156	0.00810	0.00800	0.00240	0.01030	0.00736	0.00416	0.01165
2	0.01407	0.01159	0.01949	0.01598	0.01897	0.01102	0.17924	0.01729	0.01649	0.02362	0.06345	0.14323	0.06687	0.18744	0.01676	0.00391	0.00769	0.01252	0.16270	0.00765
3	0.01929	0.01476	0.01658	0.01485	0.01851	0.01575	0.01134	0.22428	0.15508	0.03378	0.03240	0.30484	0.03236	0.01625	0.00896	0.00279	0.00652	0.01403	0.00773	0.04992
4	0.01212	0.00869	0.01169	0.01162	0.01329	0.00903	0.00860	0.01458	0.01411	0.02069	0.02628	0.15953	0.02684	0.11387	0.35990	0.00849	0.01386	0.01126	0.08179	0.07376
5	0.01050	0.00780	0.00875	0.00922	0.01036	0.00717	0.00603	0.01162	0.01522	0.01927	0.05145	0.22428	0.27138	0.28545	0.02182	0.00482	0.00568	0.01657	0.00654	0.00605
6	0.01538	0.01112	0.01413	0.01323	0.01543	0.01232	0.01011	0.13616	0.01833	0.02567	0.02453	0.10813	0.02375	0.11052	0.37326	0.00874	0.01494	0.01030	0.04570	0.00824
7	0.01108	0.00759	0.00915	0.00982	0.01008	0.00738	0.00601	0.01177	0.01368	0.01832	0.06075	0.29678	0.04054	0.42835	0.02842	0.00594	0.00652	0.01610	0.00606	0.00566
8	0.01105	0.00755	0.00907	0.00980	0.00999	0.00737	0.00593	0.01160	0.01325	0.01767	0.03302	0.30866	0.03891	0.44643	0.02925	0.00609	0.00664	0.01619	0.00593	0.00557
9	0.01506	0.00996	0.01195	0.01160	0.01357	0.00995	0.00820	0.02040	0.12479	0.08968	0.14038	0.22969	0.06611	0.19098	0.01730	0.00411	0.00584	0.01477	0.00749	0.00816
10	0.01119	0.00798	0.01072	0.01124	0.01196	0.00845	0.00778	0.01276	0.01334	0.01838	0.02928	0.22528	0.03238	0.25701	0.29548	0.00873	0.01268	0.01363	0.00540	0.00633
11	0.01336	0.00886	0.01089	0.01061	0.01184	0.00950	0.00750	0.04580	0.01464	0.02159	0.02405	0.03907	0.02360	0.29884	0.26525	0.00826	0.01213	0.00959	0.15788	0.00675
12	0.01023	0.00799	0.00853	0.00874	0.01047	0.00710	0.00598	0.01165	0.01632	0.02008	0.06236	0.14259	0.41829	0.21240	0.01841	0.00422	0.00521	0.01633	0.00681	0.00629
13	0.01028	0.00723	0.00930	0.01079	0.01116	0.00686	0.00699	0.01140	0.01476	0.01968	0.04073	0.57283	0.04863	0.16900	0.01680	0.00425	0.00537	0.02072	0.00699	0.00624
14	0.01903	0.01521	0.01748	0.01516	0.01865	0.01724	0.01202	0.19329	0.15335	0.03138	0.03253	0.03539	0.12486	0.05823	0.14421	0.00502	0.08026	0.00980	0.00668	0.01021
15	0.01309	0.01035	0.01091	0.01072	0.01316	0.04303	0.00793	0.01657	0.05239	0.05803	0.19626	0.19724	0.30216	0.01899	0.00948	0.00277	0.00498	0.01631	0.00784	0.00778
16	0.02353	0.01098	0.01460	0.01216	0.01625	0.00969	0.00966	0.02693	0.02286	0.34250	0.32375	0.04545	0.07962	0.01361	0.00888	0.00254	0.00534	0.01163	0.00940	0.01061
17	0.01843	0.01799	0.02727	0.03963	0.49473	0.05138	0.02052	0.02253	0.01872	0.02521	0.02906	0.03188	0.14769	0.01006	0.00832	0.00246	0.00875	0.00919	0.00476	0.01142
18	0.02630	0.01859	0.02122	0.01673	0.02217	0.02014	0.04426	0.39338	0.08727	0.07552	0.02264	0.02324	0.01649	0.00966	0.00770	0.00237	0.00777	0.00769	0.16459	0.01227
19	0.05178	0.55955	0.03753	0.01514	0.02147	0.15904	0.01404	0.02587	0.01766	0.01990	0.01153	0.01334	0.01036	0.00724	0.00561	0.00183	0.00975	0.00451	0.00367	0.01015
20	0.02027	0.45853	0.07095	0.02343	0.18934	0.02655	0.01715	0.02377	0.01716	0.02155	0.01672	0.01896	0.04985	0.00787	0.00634	0.00202	0.00883	0.00594	0.00385	0.01092
21	0.01839	0.30645	0.42683	0.01952	0.02954	0.02402	0.02370	0.02515	0.01688	0.02312	0.01328	0.01553	0.01033	0.00741	0.00673	0.00224	0.01070	0.00535	0.00344	0.01138
22	0.02199	0.01697	0.05121	0.01574	0.02072	0.01711	0.01292	0.03819	0.43000	0.15419	0.03507	0.06773	0.05795	0.01192	0.00839	0.00272	0.00659	0.00997	0.00827	0.01234
23	0.01193	0.00913	0.01346	0.01327	0.01457	0.01081	0.01028	0.01462	0.01295	0.01872	0.02134	0.03220	0.02024	0.09140	0.61538	0.01227	0.05712	0.00877	0.00433	0.00721
24	0.01102	0.00898	0.00951	0.00910	0.01189	0.00793	0.00690	0.04456	0.02029	0.02527	0.17916	0.07203	0.52618	0.01931	0.00951	0.00269	0.00431	0.01619	0.00781	0.00735
25	0.02089	0.06086	0.17133	0.02724	0.21321	0.01928	0.02014	0.09045	0.12303	0.06245	0.01898	0.02066	0.01446	0.00820	0.00763	0.00234	0.00897	0.00690	0.00536	0.09764
26	0.00989	0.00706	0.00942	0.01130	0.01177	0.00659	0.00753	0.01130	0.01554	0.02071	0.04472	0.70954	0.05367	0.02542	0.01036	0.00330	0.00471	0.02307	0.00753	0.00659
27	0.02651	0.25860	0.02909	0.01790	0.02329	0.32699	0.01477	0.09920	0.08621	0.02457	0.01499	0.01624	0.01227	0.00832	0.00681	0.00208	0.01120	0.00557	0.00481	0.01058
28	0.01892	0.17447	0.47577	0.02106	0.03118	0.09645	0.02521	0.02618	0.01767	0.02374	0.01369	0.01604	0.01032	0.00763	0.00717	0.00235	0.01164	0.00558	0.00352	0.01139
29	0.01521	0.16608	0.02223	0.01503	0.01804	0.04147	0.04312	0.01815	0.01444	0.01933	0.01825	0.02586	0.01685	0.04192	0.44072	0.00914	0.05420	0.00757	0.00410	0.00829
30	0.01627	0.04197	0.67279	0.02313	0.03512	0.01884	0.02998	0.02570	0.01713	0.02570	0.01456	0.01713	0.01028	0.00771	0.00771	0.00257	0.01199	0.00600	0.00343	0.01199
31	0.01241	0.01054	0.01429	0.01785	0.14762	0.00974	0.01084	0.01550	0.01938	0.02539	0.19780	0.09616	0.32735	0.01721	0.00938	0.00271	0.00540	0.04503	0.00712	0.00830
32	0.01928	0.01863	0.03206	0.07306	0.57155	0.01863	0.05616	0.02408	0.01842	0.02600	0.01886	0.02334	0.04735	0.00796	0.00820	0.00246	0.00961	0.00788	0.00419	0.01227
33	0.02964	0.03756	0.02309	0.02093	0.02488	0.64737	0.01579	0.03172	0.02243	0.01984	0.01244	0.01480	0.01046	0.00867	0.00834	0.00217	0.05100	0.00533	0.00415	0.00938
34	0.02275	0.02433	0.03035	0.04227	0.49767	0.19204	0.02250	0.02686	0.01965	0.02478	0.01455	0.01866	0.01223	0.00752	0.00785	0.00233	0.01094	0.00671	0.00406	0.01195
35	0.01176	0.00803	0.00967	0.00967	0.00996	0.00831	0.00594	0.01233	0.01204	0.01634	0.02482	0.04894	0.02769	0.58663	0.16704	0.00888	0.01059	0.01119	0.00480	0.00537
36	0.03030	0.02245	0.02404	0.01856	0.02495	0.02491	0.01529	0.60651	0.06970	0.05025	0.02018	0.02004	0.01437	0.00981	0.00812	0.00245	0.00880	0.00740	0.00812	0.01375
37	0.01117	0.00828	0.01042	0.00988	0.01193	0.00752	0.00741	0.01471	0.02224	0.03080	0.56556	0.06347	0.17202	0.01724	0.00957	0.00258	0.00387	0.01507	0.00870	0.00752
38	0.01532	0.01442	0.02434	0.69533	0.05589	0.01803	0.02253	0.02073	0.01622	0.02073	0.01442	0.02163	0.01082	0.00811	0.00811	0.00270	0.01082	0.00721	0.00361	0.00901
39	0.01101	0.00828	0.01019	0.00971	0.01183	0.00746	0.00728	0.01440	0.02185	0.02989	0.51594	0.06497	0.22221	0.01758	0.00958	0.00260	0.00390	0.01529	0.00858	0.00746
40	0.00989	0.00706	0.00942	0.01130	0.01177	0.00659	0.00753	0.01130	0.01554	0.02071	0.04472	0.70954	0.05367	0.02542	0.01036	0.00330	0.00471	0.02307	0.00753	0.00659
41	0.01897	0.01832	0.03177	0.19395	0.49591	0.01906	0.05547	0.02402	0.01801	0.02519	0.01513	0.02052	0.01237	0.00741	0.00813	0.00249	0.01011	0.00735	0.00393	0.01189
42	0.20336	0.02723	0.27669	0.02981	0.26017	0.01885	0.02292	0.02495	0.01681	0.02862	0.01402	0.01724	0.01085	0.00749	0.00717	0.00250	0.00973	0.00605	0.00403	0.01152
43	0.03036	0.02249	0.02408	0.01857	0.02498	0.02494	0.01531	0.61031	0.06579	0.05036	0.02009	0.01997	0.01430	0.00980	0.00812	0.00245	0.00882	0.00739	0.00812	0.01376
44	0.02661	0.02066	0.02363	0.08864	0.06149	0.02315	0.01614	0.42552	0.15474	0.04337	0.02140	0.02185	0.01560	0.00969	0.00814	0.00252	0.00867	0.00766	0.00747	0.01308
45	0.01162	0.01043	0.04417	0.01144	0.01366	0.00893	0.00882	0.01619	0.08197	0.02473	0.17488	0.30605	0.17928	0.05580	0.01128	0.00317	0.00511	0.01724	0.00755	0.00769
46	0.01990	0.02617	0.15348	0.25077	0.20780	0.15685	0.02320	0.02525	0.01841	0.02307	0.01428	0.01888	0.01118	0.00785	0.00785	0.00247	0.01153	0.00656	0.00380	0.01070
47	0.01513	0.00756	0.00756	0.00756	0.00945	0.00756	0.00567	0.01891	0.01702	0.03025	0.02647	0.03025	0.02080	0.00945	0.00567	0.00189	0.00378	0.00756	0.75988	0.00756
48	0.77215	0.01569	0.01193	0.01067	0.01569	0.01820	0.00879	0.02385	0.01381	0.03641	0.01130	0.01318	0.00879	0.00753	0.00502	0.00251	0.00628	0.00439	0.00502	0.00879
49	0.00989	0.00706	0.00942	0.01130	0.01177	0.00659	0.00753	0.01130	0.01554	0.02071	0.04472	0.70954	0.05367	0.02542	0.01036	0.00330	0.00471	0.02307	0.00753	0.00659
50	0.05745	0.22223	0.30654	0.02365	0.12868	0.04721	0.02221	0.02607	0.01754	0.05779	0.01444	0.01672	0.01117	0.00756	0.00695	0.00229	0.01026	0.00574	0.00398	0.01153
51	0.01116	0.00850	0.01046	0.01142	0.01313	0.00805	0.00862	0.01458	0.05147	0.02349	0.10604	0.32094	0.21461	0.02198	0.01015	0.00315	0.00514	0.14218	0.00768	0.00727
52	0.17557	0.13843	0.05366	0.20557	0.03150	0.22571	0.01653	0.02578	0.01791	0.02362	0.01270	0.01614	0.01020	0.00786	0.00674	0.00231	0.01077	0.00550	0.00404	0.00945
53	0.02169	0.71972	0.04252	0.01388	0.02083	0.03211	0.01388	0.02430	0.01649	0.01909	0.01128	0.01302	0.01041	0.00694	0.00521	0.00174	0.00868	0.00434	0.00347	0.01041
54	0.01586	0.03184	0.44359	0.05345	0.09565	0.01706	0.02482	0.02414	0.05063	0.02524	0.02019	0.12342	0.01792	0.01054	0.00819	0.00268	0.01030	0.00894	0.00437	0.01117
55	0.03641	0.01381	0.01883	0.01444	0.02071	0.01193	0.01193	0.03954	0.02322	0.66984	0.03201	0.02762	0.02009	0.01004	0.00816	0.00251	0.00690	0.00816	0.01004	0.01381
56	0.01808	0.16720	0.42357	0.02006	0.02963	0.02165	0.02353	0.02884	0.14099	0.02605	0.01755	0.01892	0.01315	0.00821	0.00734	0.00245	0.01026	0.00630	0.00438	0.01186
57	0.00959	0.00822	0.00822	0.00822	0.01096	0.00685	0.00617	0.01165	0.01850	0.02192	0.08220	0.07809	0.66092	0.02055	0.00959	0.00274	0.00411	0.01713	0.00754	0.00685
58	0.01686	0.03518	0.48229	0.02389	0.03315	0.02019	0.08901	0.02452	0.01641	0.02452	0.01398	0.01774	0.01056	0.00889	0.01161	0.00278	0.14704	0.00658	0.00352	0.01127
59	0.01207	0.00889	0.01175	0.01326	0.01515	0.00857	0.01116	0.01524	0.01832	0.02346	0.05083	0.15167	0.16782	0.02235	0.01080	0.00350	0.00653	0.43387	0.00749	0.00726
60	0.01532	0.01442	0.02434	0.69533	0.05589	0.01803	0.02253	0.02073	0.01622	0.02073	0.01442	0.02163	0.01082	0.00811	0.00811	0.00270	0.01082	0.00721	0.00361	0.00901
61	0.02115	0.01721	0.01838	0.01639	0.02108	0.01969	0.01279	0.04290	0.61220	0.07188	0.03297	0.03012	0.02449	0.01095	0.00825	0.00274	0.00645	0.00911	0.00836	0.01290
62	0.01180	0.00787	0.00885	0.00885	0.00885	0.00787	0.00492	0.01180	0.01180	0.01573	0.02557	0.05310	0.02950	0.71483	0.04130	0.00787	0.00787	0.01180	0.00492	0.00492

[dist]
# distance from previous block
# <min> <max>
1	3

[block]
# block no. 1 follows, 23 sequences, length 7
# corresponding to MSA columns:
# 117-123
name=unknown_B
#
# <colnr> <probs for GDERKNQSTAVLIFYWHMCP>
#	G	D	E	R	K	N	Q	S	T	A	V	L	I	F	Y	W	H	M	C	P
0	0.01748	0.01820	0.01461	0.01355	0.01626	0.22764	0.01016	0.02061	0.02264	0.02760	0.40491	0.04694	0.09935	0.01421	0.00884	0.00242	0.00737	0.01178	0.00728	0.00817
1	0.01992	0.15438	0.02183	0.01496	0.01886	0.18679	0.01220	0.07422	0.02011	0.02301	0.03579	0.03644	0.22332	0.01486	0.03642	0.00285	0.08016	0.00945	0.00542	0.00900
2	0.01303	0.01196	0.01144	0.01182	0.01444	0.08257	0.00947	0.01563	0.01905	0.02246	0.06168	0.07544	0.38843	0.01981	0.00987	0.00299	0.00637	0.20907	0.00714	0.00734
3	0.01430	0.01100	0.01430	0.01399	0.01760	0.00982	0.01195	0.01799	0.01807	0.02499	0.03365	0.06716	0.03539	0.01706	0.00951	0.00291	0.00699	0.41232	0.00660	0.25439
4	0.01713	0.01551	0.01944	0.01505	0.01991	0.01540	0.01227	0.02014	0.01539	0.02419	0.01319	0.01713	0.01157	0.00868	0.01274	0.00197	0.23238	0.00556	0.00440	0.51798
5	0.01756	0.02037	0.05631	0.01837	0.02155	0.14404	0.07711	0.02041	0.01737	0.02136	0.03515	0.03723	0.22288	0.01405	0.01462	0.00287	0.23484	0.01020	0.00502	0.00870
6	0.01039	0.00798	0.00959	0.01030	0.01207	0.00718	0.00763	0.01272	0.01830	0.02357	0.16242	0.28262	0.29682	0.02168	0.01002	0.00300	0.00463	0.08436	0.00776	0.00697

[dist]
# distance from previous block
# <min> <max>
1	10

[block]
# block no. 2 follows, 23 sequences, length 32
# corresponding to MSA columns:
# 134-165
name=unknown_C
#
# <colnr> <probs for GDERKNQSTAVLIFYWHMCP>
#	G	D	E	R	K	N	Q	S	T	A	V	L	I	F	Y	W	H	M	C	P
0	0.02711	0.27807	0.03131	0.01801	0.04601	0.02750	0.01519	0.39104	0.02952	0.03853	0.01633	0.01713	0.01252	0.00863	0.00705	0.00218	0.00886	0.00622	0.00627	0.01252
1	0.11298	0.31137	0.02617	0.01378	0.01823	0.07895	0.01203	0.02135	0.01545	0.02124	0.01522	0.02009	0.01383	0.02690	0.25367	0.00601	0.01368	0.00602	0.00405	0.00896
2	0.01599	0.01614	0.02668	0.02148	0.02565	0.07250	0.23955	0.02027	0.01615	0.02155	0.01898	0.02671	0.01651	0.03649	0.37714	0.00831	0.01816	0.00872	0.00424	0.00879
3	0.01758	0.01780	0.02904	0.02622	0.12702	0.07333	0.25345	0.02118	0.01669	0.02178	0.01925	0.03241	0.01854	0.26653	0.02076	0.00451	0.01099	0.00964	0.00439	0.00890
4	0.29047	0.01076	0.01012	0.00966	0.01155	0.01173	0.00652	0.01631	0.01258	0.02342	0.02021	0.03774	0.02159	0.43307	0.05010	0.00608	0.00776	0.00898	0.00494	0.00642
5	0.49339	0.01313	0.01233	0.01154	0.01525	0.01525	0.00928	0.02042	0.01353	0.02997	0.01512	0.02003	0.01300	0.02708	0.25339	0.00637	0.01194	0.00597	0.00477	0.00822
6	0.02134	0.01162	0.01551	0.01383	0.01714	0.03439	0.01099	0.02430	0.01712	0.25748	0.02518	0.02971	0.01987	0.04039	0.41175	0.00880	0.01605	0.00838	0.00643	0.00973
7	0.03042	0.01581	0.02400	0.02740	0.25657	0.01462	0.01668	0.03418	0.02148	0.43405	0.02587	0.02486	0.01743	0.00901	0.00811	0.00247	0.00791	0.00782	0.00783	0.01346
8	0.01897	0.02596	0.17578	0.03334	0.14999	0.04155	0.33578	0.02551	0.01827	0.02539	0.01530	0.02004	0.01180	0.00764	0.00998	0.00268	0.05871	0.00809	0.00391	0.01132
9	0.01949	0.02093	0.04240	0.03992	0.27031	0.02007	0.41123	0.02559	0.01890	0.02618	0.01599	0.02123	0.01251	0.00698	0.00901	0.00262	0.01220	0.00872	0.00407	0.01164
10	0.01707	0.01466	0.02066	0.02694	0.27219	0.01531	0.01473	0.02440	0.16501	0.02431	0.02323	0.03459	0.02177	0.26747	0.02028	0.00449	0.00823	0.00936	0.00535	0.00994
11	0.01450	0.01210	0.01758	0.02376	0.24937	0.01189	0.01243	0.01658	0.01527	0.02063	0.03042	0.04480	0.11957	0.34974	0.02428	0.00509	0.00794	0.01094	0.00499	0.00812
12	0.01181	0.00986	0.01278	0.01501	0.10660	0.00896	0.00944	0.01492	0.02013	0.02648	0.28419	0.06323	0.35229	0.01716	0.00936	0.00262	0.00481	0.01478	0.00753	0.00802
13	0.29028	0.01101	0.01124	0.01038	0.01343	0.01152	0.00807	0.01844	0.01961	0.03396	0.42220	0.04323	0.05172	0.01327	0.00790	0.00254	0.00473	0.01091	0.00750	0.00807
14	0.50045	0.01827	0.01648	0.01360	0.01916	0.02075	0.01122	0.24864	0.02273	0.04181	0.01430	0.01549	0.01062	0.00834	0.00616	0.00248	0.00725	0.00546	0.00616	0.01062
15	0.01808	0.12903	0.26310	0.02446	0.10697	0.02303	0.02251	0.02313	0.01548	0.02258	0.01274	0.01713	0.01076	0.00992	0.01432	0.00279	0.26337	0.00631	0.00355	0.01073
16	0.02236	0.02542	0.02417	0.02116	0.02269	0.26580	0.01699	0.02425	0.01630	0.01965	0.01134	0.01661	0.01058	0.01206	0.01955	0.00302	0.44879	0.00641	0.00378	0.00907
17	0.02272	0.02751	0.01758	0.01626	0.01991	0.43471	0.01219	0.02479	0.02135	0.02061	0.03807	0.03789	0.24886	0.01283	0.00815	0.00233	0.01078	0.00959	0.00541	0.00847
18	0.02013	0.01030	0.01310	0.01125	0.01497	0.00901	0.00884	0.02325	0.02191	0.26339	0.28116	0.05302	0.20619	0.01521	0.00906	0.00259	0.00503	0.01292	0.00898	0.00970
19	0.02326	0.03936	0.01971	0.01486	0.02107	0.01682	0.01202	0.13920	0.19736	0.12645	0.02295	0.02248	0.01700	0.00868	0.00730	0.00206	0.00686	0.00694	0.00707	0.28855
20	0.01406	0.01148	0.01387	0.01173	0.01625	0.00913	0.00878	0.01679	0.01631	0.02415	0.02652	0.29337	0.02865	0.01376	0.00774	0.00204	0.00549	0.01210	0.00590	0.46189
21	0.01737	0.01865	0.01439	0.01482	0.01665	0.25423	0.01052	0.01903	0.01827	0.02040	0.03293	0.45484	0.03783	0.01917	0.00924	0.00285	0.00835	0.01653	0.00630	0.00762
22	0.02656	0.03156	0.02664	0.03150	0.25934	0.43926	0.01906	0.02965	0.02134	0.02230	0.01354	0.01663	0.01133	0.00795	0.00758	0.00221	0.01280	0.00596	0.00412	0.01067
23	0.36159	0.02022	0.10285	0.02693	0.25878	0.01837	0.01757	0.02526	0.01643	0.06333	0.01422	0.01696	0.01105	0.00757	0.00663	0.00248	0.00827	0.00584	0.00470	0.01095
24	0.42867	0.01236	0.01161	0.01123	0.01469	0.01340	0.00860	0.02062	0.01526	0.08583	0.02535	0.26967	0.02622	0.01431	0.00725	0.00280	0.00576	0.01157	0.00638	0.00842
25	0.01198	0.00983	0.01501	0.26213	0.02810	0.01087	0.01321	0.01494	0.01589	0.02084	0.03356	0.43705	0.03773	0.01898	0.00956	0.00309	0.00704	0.03657	0.00609	0.00751
26	0.29221	0.01440	0.01781	0.29939	0.03250	0.01728	0.01502	0.02063	0.01529	0.02652	0.02146	0.02529	0.09170	0.00999	0.00878	0.00271	0.06835	0.00741	0.00461	0.00865
27	0.49394	0.01336	0.01235	0.01224	0.01610	0.01495	0.01036	0.02127	0.01559	0.03196	0.02290	0.04190	0.02268	0.01299	0.00729	0.00296	0.00671	0.22621	0.00592	0.00831
28	0.01383	0.00869	0.01106	0.01224	0.01411	0.00869	0.01036	0.01758	0.01807	0.02647	0.03692	0.06907	0.03721	0.01766	0.00918	0.00306	0.00612	0.38894	0.28324	0.00751
29	0.01310	0.00780	0.00780	0.00780	0.01001	0.00730	0.00585	0.01625	0.01756	0.02720	0.04690	0.04779	0.25542	0.01352	0.00711	0.00220	0.00390	0.01107	0.48413	0.00730
30	0.28988	0.01099	0.01068	0.00995	0.01318	0.01135	0.00775	0.01766	0.01866	0.03170	0.29920	0.04695	0.17613	0.01411	0.00791	0.00258	0.00479	0.01143	0.00720	0.00790
31	0.49511	0.02532	0.25414	0.01524	0.02281	0.01844	0.01655	0.02453	0.01503	0.03248	0.01249	0.01463	0.00933	0.00760	0.00601	0.00253	0.00837	0.00498	0.00444	0.00996

[dist]
# distance from previous block
# <min> <max>
0	6

[block]
# block no. 3 follows, 23 sequences, length 27
# corresponding to MSA columns:
# 172-198
name=unknown_D
#
# <colnr> <probs for GDERKNQSTAVLIFYWHMCP>
#	G	D	E	R	K	N	Q	S	T	A	V	L	I	F	Y	W	H	M	C	P
0	0.01489	0.01600	0.01200	0.01146	0.01457	0.17947	0.00860	0.01695	0.01965	0.02139	0.06440	0.06187	0.49468	0.01743	0.00901	0.00257	0.00680	0.01408	0.00668	0.00750
1	0.01545	0.01255	0.01518	0.10004	0.02117	0.01203	0.01084	0.11033	0.02015	0.02710	0.03893	0.18002	0.18679	0.01467	0.00844	0.00242	0.00631	0.01251	0.00643	0.19864
2	0.20592	0.01034	0.01027	0.00962	0.01283	0.01015	0.00745	0.01674	0.01873	0.05026	0.22714	0.05483	0.30625	0.01574	0.00837	0.00262	0.00468	0.01287	0.00737	0.00781
3	0.54673	0.02147	0.01509	0.01347	0.01834	0.18762	0.01070	0.02680	0.01662	0.06301	0.01262	0.01426	0.00976	0.00787	0.00576	0.00240	0.00844	0.00479	0.00505	0.00919
4	0.19478	0.11350	0.01919	0.01440	0.01876	0.27276	0.01143	0.02408	0.01889	0.02410	0.02990	0.03031	0.17631	0.01110	0.00710	0.00231	0.00925	0.00796	0.00514	0.00874
5	0.20492	0.01022	0.00979	0.00976	0.01290	0.01004	0.00771	0.01537	0.01722	0.02587	0.05808	0.08473	0.39957	0.01761	0.00864	0.00282	0.00509	0.08535	0.00688	0.00741
6	0.54562	0.01669	0.01759	0.02094	0.18169	0.01857	0.01309	0.02500	0.04401	0.03376	0.01330	0.01573	0.01056	0.00761	0.00594	0.00250	0.00714	0.00534	0.00491	0.01001
7	0.01740	0.01645	0.02662	0.03918	0.49726	0.01610	0.02011	0.02151	0.01848	0.02534	0.03237	0.03491	0.17849	0.01063	0.00843	0.00249	0.00823	0.00976	0.00492	0.01132
8	0.01071	0.00841	0.01030	0.01024	0.01242	0.00800	0.00787	0.01348	0.01815	0.02372	0.19916	0.06287	0.33131	0.03002	0.18169	0.00538	0.00871	0.04335	0.00704	0.00717
9	0.01159	0.00869	0.01304	0.01304	0.01449	0.01014	0.01014	0.01449	0.01304	0.01884	0.02173	0.03188	0.02029	0.06086	0.68268	0.01304	0.02173	0.00869	0.00435	0.00724
10	0.01279	0.01720	0.18166	0.01562	0.01976	0.01237	0.01521	0.01735	0.01409	0.02059	0.01990	0.02811	0.01773	0.04727	0.51017	0.01036	0.01924	0.00800	0.00411	0.00846
11	0.01457	0.03335	0.50294	0.01932	0.02894	0.01578	0.02389	0.02211	0.01748	0.02473	0.03185	0.03271	0.17657	0.01099	0.00819	0.00261	0.00998	0.00884	0.00448	0.01068
12	0.01269	0.01059	0.01136	0.01075	0.01379	0.01043	0.00818	0.02045	0.18071	0.02721	0.19001	0.06223	0.37658	0.01729	0.00925	0.00270	0.00464	0.01458	0.00801	0.00855
13	0.01764	0.01757	0.06821	0.01588	0.01999	0.04280	0.01296	0.03318	0.41251	0.02935	0.03374	0.20222	0.03044	0.01433	0.00871	0.00285	0.00675	0.01232	0.00753	0.01104
14	0.00981	0.00736	0.00911	0.01051	0.01156	0.00666	0.00718	0.01139	0.01629	0.02102	0.05430	0.54815	0.20887	0.02418	0.01016	0.00315	0.00455	0.02155	0.00753	0.00666
15	0.02110	0.02255	0.02663	0.03608	0.40126	0.18683	0.01969	0.02480	0.01963	0.02411	0.02477	0.02753	0.11106	0.00955	0.00809	0.00238	0.01007	0.00823	0.00460	0.01106
16	0.02043	0.43415	0.03201	0.01474	0.01986	0.12563	0.01320	0.02303	0.01660	0.01914	0.01414	0.01808	0.01294	0.02094	0.17868	0.00468	0.01292	0.00559	0.00380	0.00945
17	0.01379	0.01093	0.01440	0.01393	0.01618	0.01271	0.01083	0.02181	0.17572	0.02270	0.02462	0.03147	0.02143	0.04812	0.51031	0.01041	0.01782	0.00882	0.00535	0.00868
18	0.02013	0.01839	0.02588	0.03371	0.35338	0.01972	0.01907	0.03371	0.32350	0.03010	0.02385	0.02501	0.01861	0.00906	0.00814	0.00258	0.00808	0.00817	0.00607	0.01285
19	0.02008	0.01928	0.03294	0.04981	0.66422	0.01928	0.02490	0.02490	0.01848	0.02651	0.01526	0.02008	0.01285	0.00723	0.00803	0.00241	0.00964	0.00723	0.00402	0.01285
20	0.18001	0.01992	0.02192	0.02334	0.15016	0.15734	0.06366	0.02428	0.01730	0.05065	0.01625	0.02092	0.01362	0.02132	0.17980	0.00511	0.01329	0.00680	0.00459	0.00971
21	0.01861	0.03770	0.01762	0.01609	0.04538	0.12728	0.01190	0.08096	0.12799	0.02961	0.24169	0.03641	0.03760	0.01969	0.11128	0.00407	0.00969	0.00993	0.00687	0.00963
22	0.01525	0.01571	0.08111	0.07058	0.02285	0.01174	0.03952	0.01977	0.01864	0.02759	0.19620	0.02980	0.02993	0.00936	0.00751	0.00191	0.00672	0.00811	0.00570	0.38200
23	0.07739	0.01759	0.02415	0.01949	0.05541	0.06962	0.16996	0.02178	0.01807	0.02577	0.02661	0.02869	0.12702	0.00918	0.00769	0.00210	0.00855	0.00833	0.00504	0.27756
24	0.02423	0.02848	0.02716	0.16062	0.06486	0.35915	0.11168	0.02959	0.07310	0.02247	0.01536	0.01873	0.01212	0.00824	0.00794	0.00238	0.01279	0.00672	0.00438	0.01002
25	0.02512	0.20377	0.21597	0.01792	0.02563	0.12164	0.01830	0.03075	0.05021	0.18817	0.01879	0.01903	0.01355	0.00837	0.00716	0.00228	0.00999	0.00617	0.00548	0.01171
26	0.01849	0.06582	0.48895	0.02047	0.03034	0.01766	0.02465	0.02667	0.03970	0.10106	0.01962	0.07641	0.01556	0.00954	0.00789	0.00259	0.01044	0.00771	0.00472	0.01171

[dist]
# distance from previous block
# <min> <max>
0	2

# created by:
# /home/cegg/simao/soft/augustus-3.2.1/scripts/msa2prfl.pl ./align_prep/14425.fa
