[name]
unknown

[dist]
# distance from previous block
# <min> <max>
0	7

[block]
# block no. 0 follows, 22 sequences, length 48
# corresponding to MSA columns:
# 7-54
name=unknown_A
#
# <colnr> <probs for GDERKNQSTAVLIFYWHMCP>
#	G	D	E	R	K	N	Q	S	T	A	V	L	I	F	Y	W	H	M	C	P
0	0.01730	0.08243	0.28597	0.02461	0.03305	0.01879	0.20860	0.02433	0.01846	0.02555	0.02150	0.03514	0.01922	0.01081	0.00905	0.00287	0.01154	0.13534	0.00462	0.01082
1	0.17052	0.03232	0.39443	0.02428	0.11556	0.01933	0.02417	0.02722	0.06635	0.02933	0.01582	0.01819	0.01175	0.00806	0.00742	0.00261	0.01030	0.00623	0.00431	0.01180
2	0.05922	0.02565	0.09092	0.01731	0.02195	0.24795	0.01448	0.06034	0.09383	0.05214	0.02863	0.15466	0.07216	0.01324	0.00839	0.00262	0.00982	0.01057	0.00612	0.00998
3	0.10844	0.02708	0.23544	0.01925	0.02485	0.10182	0.01933	0.02333	0.01647	0.02474	0.04348	0.02121	0.01511	0.01817	0.11427	0.00443	0.16154	0.00692	0.00423	0.00990
4	0.18852	0.11513	0.25909	0.02048	0.06456	0.13350	0.02005	0.02637	0.01790	0.02689	0.01495	0.01984	0.01234	0.00863	0.00710	0.00248	0.01063	0.03658	0.00427	0.01070
5	0.02201	0.17531	0.11763	0.03099	0.20048	0.09711	0.15314	0.06018	0.02010	0.02592	0.01484	0.01836	0.01194	0.00759	0.00782	0.00238	0.01140	0.00690	0.00419	0.01174
6	0.01802	0.06840	0.01742	0.01413	0.01725	0.01392	0.01172	0.08843	0.02070	0.08642	0.13499	0.04684	0.03459	0.02611	0.16470	0.00529	0.03636	0.13687	0.04859	0.00926
7	0.01918	0.16909	0.44419	0.02390	0.08258	0.07376	0.02596	0.02651	0.01800	0.02461	0.01416	0.01678	0.01078	0.00776	0.00740	0.00242	0.01165	0.00585	0.00363	0.01183
8	0.01151	0.00872	0.01265	0.01267	0.01364	0.00832	0.05694	0.01295	0.01499	0.02003	0.03722	0.44179	0.04366	0.24094	0.02059	0.00481	0.00659	0.01884	0.00658	0.00656
9	0.02357	0.01162	0.01635	0.11671	0.02294	0.01115	0.01192	0.02634	0.01932	0.31428	0.03351	0.23803	0.03051	0.07003	0.01173	0.00328	0.00707	0.01322	0.00806	0.01038
10	0.02262	0.02490	0.02763	0.20442	0.17104	0.23327	0.06902	0.02907	0.09016	0.02417	0.01664	0.02049	0.01314	0.00842	0.00816	0.00251	0.01182	0.00715	0.00455	0.01081
11	0.02497	0.08769	0.11683	0.02081	0.02577	0.23719	0.01848	0.13775	0.02214	0.02693	0.01382	0.01696	0.01136	0.01018	0.01274	0.00264	0.19200	0.00629	0.00468	0.01078
12	0.03004	0.11566	0.02580	0.02059	0.02519	0.60219	0.01584	0.03224	0.02279	0.02024	0.01270	0.01479	0.01070	0.00840	0.00725	0.00210	0.01429	0.00525	0.00420	0.00975
13	0.01152	0.00870	0.01078	0.01088	0.01308	0.00796	0.00857	0.01487	0.02117	0.02818	0.34789	0.07433	0.24664	0.01951	0.01017	0.00293	0.00481	0.14208	0.00839	0.00755
14	0.03087	0.02285	0.02455	0.01878	0.02546	0.02504	0.01550	0.59844	0.03798	0.05110	0.01969	0.01981	0.01404	0.00978	0.00820	0.00243	0.00899	0.00735	0.00814	0.05099
15	0.01006	0.00749	0.00938	0.01089	0.01187	0.00680	0.00741	0.01164	0.01656	0.02147	0.05407	0.56826	0.18396	0.02495	0.01043	0.00325	0.00469	0.02230	0.00771	0.00680
16	0.01155	0.00783	0.00922	0.00974	0.00987	0.00770	0.00576	0.01194	0.01312	0.01749	0.03148	0.22971	0.03690	0.52356	0.03371	0.00679	0.00718	0.01520	0.00576	0.00550
17	0.01666	0.04297	0.66500	0.02368	0.03596	0.01929	0.03069	0.02631	0.01754	0.02631	0.01491	0.01754	0.01052	0.00789	0.00789	0.00263	0.01228	0.00614	0.00351	0.01228
18	0.01147	0.00831	0.01112	0.01288	0.01415	0.00795	0.00999	0.01397	0.01750	0.02284	0.04814	0.39601	0.10037	0.02433	0.01091	0.00352	0.00596	0.26574	0.00769	0.00715
19	0.03231	0.02210	0.02421	0.01856	0.02518	0.02402	0.01533	0.55306	0.03710	0.13059	0.02159	0.02101	0.01495	0.01001	0.00832	0.00250	0.00888	0.00759	0.00856	0.01413
20	0.02814	0.02240	0.02190	0.01766	0.02307	0.10299	0.01427	0.43735	0.03266	0.04335	0.02005	0.02158	0.01504	0.01390	0.06066	0.00325	0.01031	0.00736	0.09175	0.01232
21	0.01734	0.09455	0.57757	0.02459	0.07241	0.02039	0.02908	0.02615	0.01757	0.02582	0.01469	0.01739	0.01069	0.00780	0.00771	0.00255	0.01186	0.00608	0.00355	0.01220
22	0.02305	0.05250	0.25019	0.02606	0.16348	0.01853	0.02181	0.03230	0.12442	0.17150	0.02217	0.02273	0.01587	0.00887	0.00807	0.00258	0.00949	0.00740	0.00601	0.01297
23	0.02674	0.36707	0.03326	0.01791	0.02356	0.36259	0.01516	0.02914	0.02030	0.01995	0.01221	0.01418	0.01068	0.00785	0.00644	0.00196	0.01202	0.00491	0.00393	0.01013
24	0.01012	0.00723	0.00964	0.01157	0.01205	0.00675	0.00771	0.01157	0.01591	0.02121	0.04579	0.70262	0.05495	0.02603	0.01060	0.00337	0.00482	0.02362	0.00771	0.00675
25	0.01961	0.01876	0.03199	0.17592	0.53876	0.01949	0.02502	0.02466	0.01846	0.02598	0.01546	0.02087	0.01275	0.00758	0.00824	0.00253	0.01011	0.00740	0.00403	0.01239
26	0.01197	0.00863	0.01141	0.01110	0.01305	0.00807	0.00858	0.01588	0.02293	0.03219	0.57106	0.06626	0.07432	0.01778	0.01002	0.00277	0.00442	0.09280	0.00895	0.00781
27	0.03106	0.03870	0.02362	0.02128	0.02569	0.63915	0.01604	0.06578	0.02439	0.02209	0.01323	0.01525	0.01089	0.00864	0.00754	0.00216	0.01466	0.00547	0.00450	0.00988
28	0.00982	0.00842	0.00842	0.00842	0.01122	0.00701	0.00631	0.01192	0.01894	0.02244	0.08416	0.07995	0.65285	0.02104	0.00982	0.00281	0.00421	0.01753	0.00771	0.00701
29	0.00982	0.00842	0.00842	0.00842	0.01122	0.00701	0.00631	0.01192	0.01894	0.02244	0.08416	0.07995	0.65285	0.02104	0.00982	0.00281	0.00421	0.01753	0.00771	0.00701
30	0.03103	0.03959	0.02354	0.02140	0.02568	0.67469	0.01605	0.03317	0.02354	0.02033	0.01284	0.01498	0.01070	0.00856	0.00749	0.00214	0.01498	0.00535	0.00428	0.00963
31	0.02439	0.26577	0.03166	0.02135	0.07320	0.26135	0.01662	0.02686	0.01854	0.02053	0.01220	0.01554	0.01093	0.00926	0.01107	0.00236	0.15874	0.00561	0.00388	0.01015
32	0.02488	0.43741	0.03746	0.01824	0.02453	0.24128	0.06437	0.02772	0.01927	0.02037	0.01240	0.01460	0.01083	0.00757	0.00640	0.00198	0.01129	0.00517	0.00384	0.01037
33	0.02134	0.02078	0.03283	0.04097	0.41714	0.04609	0.08362	0.07269	0.01974	0.02766	0.01521	0.02010	0.01272	0.00878	0.01147	0.00268	0.12202	0.00755	0.00438	0.01224
34	0.02672	0.11279	0.03190	0.02348	0.02898	0.36305	0.15433	0.07705	0.02249	0.02418	0.01404	0.01704	0.01141	0.00848	0.00893	0.00236	0.05135	0.00653	0.00446	0.01043
35	0.01390	0.00986	0.01232	0.01276	0.01434	0.01011	0.00938	0.09218	0.01867	0.02537	0.03683	0.37314	0.04105	0.09357	0.08835	0.00483	0.00795	0.08652	0.04112	0.00776
36	0.01190	0.00859	0.01130	0.01088	0.01283	0.00799	0.00832	0.01581	0.02313	0.03257	0.59868	0.06482	0.07571	0.01751	0.00994	0.00272	0.00425	0.06621	0.00901	0.00782
37	0.02214	0.07392	0.33339	0.02112	0.02953	0.17571	0.02251	0.11355	0.02168	0.02769	0.01555	0.01827	0.01192	0.01271	0.06176	0.00332	0.01309	0.00627	0.00446	0.01143
38	0.01425	0.01240	0.01791	0.01654	0.01746	0.01606	0.01332	0.01678	0.01311	0.01955	0.01797	0.02718	0.01705	0.04430	0.43087	0.00969	0.27507	0.00829	0.00414	0.00805
39	0.01187	0.00890	0.01335	0.01335	0.01483	0.01038	0.01038	0.01483	0.01335	0.01928	0.02225	0.03264	0.02077	0.06231	0.67512	0.01335	0.02225	0.00890	0.00445	0.00742
40	0.02158	0.02146	0.02553	0.02941	0.22993	0.12002	0.05089	0.03360	0.27447	0.02885	0.02440	0.06209	0.02008	0.01018	0.00842	0.00263	0.00925	0.00894	0.00612	0.01215
41	0.02789	0.03319	0.02507	0.10556	0.10916	0.47711	0.01808	0.06336	0.02297	0.02305	0.01381	0.01682	0.01124	0.00846	0.00773	0.00228	0.01354	0.00597	0.00441	0.01027
42	0.01728	0.01707	0.07982	0.03060	0.31724	0.01447	0.01811	0.02165	0.01950	0.06201	0.11628	0.07898	0.14701	0.01262	0.00886	0.00263	0.00774	0.01128	0.00598	0.01086
43	0.01029	0.00735	0.00983	0.01176	0.01232	0.00689	0.00801	0.01186	0.01607	0.02140	0.04569	0.67102	0.05457	0.02587	0.01065	0.00340	0.00497	0.05355	0.00771	0.00679
44	0.02536	0.02015	0.08753	0.03730	0.40309	0.01737	0.02188	0.03019	0.02029	0.22290	0.02085	0.02266	0.01520	0.00834	0.00823	0.00251	0.00923	0.00758	0.00596	0.01338
45	0.03106	0.03884	0.02361	0.02130	0.02569	0.64492	0.01604	0.06049	0.02425	0.02180	0.01317	0.01521	0.01086	0.00863	0.00753	0.00216	0.01471	0.00545	0.00447	0.00984
46	0.02046	0.01931	0.02933	0.11523	0.45125	0.04607	0.02231	0.07661	0.02060	0.02797	0.02178	0.02565	0.06885	0.00897	0.00835	0.00252	0.00966	0.00821	0.00475	0.01212
47	0.08037	0.02183	0.08418	0.03248	0.19772	0.02027	0.23816	0.02990	0.15295	0.02935	0.01959	0.02267	0.01505	0.00816	0.00857	0.00268	0.01056	0.00836	0.00512	0.01205

[dist]
# distance from previous block
# <min> <max>
0	1

[block]
# block no. 1 follows, 22 sequences, length 30
# corresponding to MSA columns:
# 56-85
name=unknown_B
#
# <colnr> <probs for GDERKNQSTAVLIFYWHMCP>
#	G	D	E	R	K	N	Q	S	T	A	V	L	I	F	Y	W	H	M	C	P
0	0.01110	0.00849	0.01037	0.01128	0.01324	0.00777	0.00879	0.01373	0.01879	0.02395	0.12097	0.21766	0.29213	0.02227	0.01046	0.00320	0.00530	0.18544	0.00784	0.00722
1	0.01926	0.02316	0.10881	0.06131	0.03764	0.02080	0.37223	0.02986	0.15428	0.02782	0.01996	0.02355	0.01501	0.00840	0.00993	0.00282	0.03952	0.00909	0.00500	0.01156
2	0.02561	0.02902	0.02410	0.06607	0.13310	0.35249	0.01732	0.03402	0.18413	0.02531	0.01892	0.02056	0.01498	0.00906	0.00792	0.00241	0.01168	0.00688	0.00531	0.01112
3	0.01161	0.00849	0.01090	0.01029	0.01232	0.00777	0.00772	0.01539	0.02316	0.03248	0.60814	0.06343	0.12261	0.01730	0.00980	0.00263	0.00394	0.01522	0.00903	0.00777
4	0.01993	0.01863	0.02892	0.04096	0.47855	0.01916	0.02163	0.02872	0.15440	0.02851	0.02378	0.02647	0.05500	0.00908	0.00837	0.00256	0.00881	0.00846	0.00528	0.01278
5	0.01187	0.00890	0.01335	0.01335	0.01483	0.01038	0.01038	0.01483	0.01335	0.01928	0.02225	0.03264	0.02077	0.06231	0.67512	0.01335	0.02225	0.00890	0.00445	0.00742
6	0.01208	0.00805	0.00906	0.00906	0.00906	0.00805	0.00503	0.01208	0.01208	0.01611	0.02618	0.05436	0.03020	0.70804	0.04228	0.00805	0.00805	0.01208	0.00503	0.00503
7	0.02413	0.56643	0.03918	0.01578	0.02227	0.17260	0.01461	0.02668	0.01833	0.01972	0.01183	0.01369	0.01067	0.00742	0.00580	0.00186	0.01021	0.00464	0.00371	0.01044
8	0.01065	0.00858	0.00933	0.00965	0.01203	0.00755	0.00739	0.01284	0.01828	0.02222	0.07152	0.07974	0.48754	0.08994	0.01334	0.00350	0.00518	0.11635	0.00744	0.00692
9	0.02221	0.71304	0.04353	0.01421	0.02132	0.03287	0.01421	0.02488	0.01688	0.01955	0.01155	0.01333	0.01066	0.00711	0.00533	0.00178	0.00888	0.00444	0.00355	0.01066
10	0.00982	0.00842	0.00842	0.00842	0.01122	0.00701	0.00631	0.01192	0.01894	0.02244	0.08416	0.07995	0.65285	0.02104	0.00982	0.00281	0.00421	0.01753	0.00771	0.00701
11	0.02066	0.01785	0.01878	0.01691	0.02160	0.02066	0.01315	0.04414	0.64121	0.03475	0.03381	0.03099	0.02536	0.01127	0.00845	0.00282	0.00657	0.00939	0.00845	0.01315
12	0.02257	0.49617	0.14810	0.01693	0.02451	0.12668	0.01734	0.02637	0.01799	0.02083	0.01232	0.01430	0.01064	0.00746	0.00610	0.00198	0.01038	0.00487	0.00365	0.01079
13	0.02193	0.67956	0.07458	0.01469	0.02205	0.03219	0.01504	0.02495	0.01691	0.01988	0.01172	0.01354	0.01065	0.00715	0.00546	0.00182	0.00905	0.00453	0.00355	0.01074
14	0.01126	0.00842	0.01045	0.01006	0.01214	0.00761	0.00750	0.01468	0.02218	0.03041	0.50128	0.09446	0.20241	0.01827	0.00984	0.00269	0.00402	0.01595	0.00877	0.00761
15	0.02388	0.06107	0.02427	0.02580	0.17460	0.34013	0.01645	0.02711	0.02209	0.02476	0.15256	0.02649	0.02603	0.01004	0.00806	0.00230	0.01104	0.00791	0.00526	0.01014
16	0.01879	0.30019	0.42643	0.02005	0.03034	0.02451	0.02437	0.02576	0.01729	0.02371	0.01362	0.01592	0.01058	0.00759	0.00691	0.00230	0.01097	0.00549	0.00353	0.01166
17	0.01060	0.00867	0.00950	0.00991	0.01253	0.00757	0.00785	0.01307	0.01898	0.02297	0.07541	0.08294	0.52113	0.02146	0.01018	0.00303	0.00496	0.14441	0.00770	0.00715
18	0.03003	0.03769	0.02452	0.02424	0.08607	0.61197	0.01696	0.03244	0.02310	0.02098	0.01311	0.01552	0.01094	0.00845	0.00756	0.00217	0.01449	0.00555	0.00426	0.00997
19	0.05990	0.37124	0.12120	0.01699	0.02404	0.16799	0.01645	0.02842	0.01898	0.08561	0.01441	0.01577	0.01156	0.00788	0.00645	0.00209	0.01038	0.00527	0.00445	0.01093
20	0.03102	0.01502	0.01912	0.01440	0.02112	0.01292	0.01180	0.08007	0.02305	0.43086	0.02656	0.02443	0.01767	0.00906	0.00771	0.00218	0.00696	0.00729	0.00858	0.23017
21	0.01168	0.00788	0.00918	0.00958	0.00968	0.00778	0.00559	0.01197	0.01287	0.01716	0.03024	0.18858	0.03533	0.56683	0.03572	0.00708	0.00738	0.01447	0.00559	0.00539
22	0.02677	0.01805	0.01939	0.01549	0.02068	0.01960	0.01259	0.39648	0.05621	0.07822	0.02327	0.02404	0.01701	0.00996	0.00759	0.00235	0.00740	0.00768	0.22499	0.01223
23	0.02163	0.20298	0.02590	0.01891	0.10030	0.07588	0.01377	0.09007	0.05018	0.07718	0.14481	0.03297	0.08977	0.01128	0.00788	0.00234	0.00790	0.00907	0.00642	0.01074
24	0.01723	0.01477	0.01723	0.01230	0.01969	0.01107	0.00984	0.02092	0.01723	0.02707	0.01477	0.01723	0.01230	0.00615	0.00615	0.00123	0.00615	0.00492	0.00492	0.75883
25	0.01014	0.00782	0.00929	0.01042	0.01193	0.00698	0.00737	0.01196	0.01730	0.02187	0.06161	0.41871	0.30232	0.02383	0.01032	0.00316	0.00469	0.04569	0.00771	0.00690
26	0.21216	0.01935	0.05337	0.10536	0.28030	0.01951	0.08965	0.02634	0.06536	0.02959	0.01599	0.01981	0.01262	0.00785	0.00763	0.00260	0.00944	0.00703	0.00465	0.01139
27	0.01066	0.00792	0.01005	0.01143	0.01272	0.00731	0.00833	0.01275	0.01744	0.02264	0.08246	0.43884	0.18498	0.02402	0.01053	0.00329	0.00510	0.11478	0.00777	0.00700
28	0.02945	0.03326	0.02208	0.01952	0.02396	0.48773	0.01490	0.13693	0.02562	0.02715	0.01564	0.01759	0.01245	0.00893	0.00745	0.00218	0.01275	0.00599	0.08622	0.01022
29	0.02117	0.45908	0.24491	0.01733	0.02609	0.02739	0.01949	0.02614	0.01745	0.05439	0.01372	0.01546	0.01112	0.00752	0.00632	0.00210	0.00990	0.00519	0.00388	0.01136

[dist]
# distance from previous block
# <min> <max>
0	2

[block]
# block no. 2 follows, 22 sequences, length 41
# corresponding to MSA columns:
# 88-128
name=unknown_C
#
# <colnr> <probs for GDERKNQSTAVLIFYWHMCP>
#	G	D	E	R	K	N	Q	S	T	A	V	L	I	F	Y	W	H	M	C	P
0	0.06026	0.02328	0.21499	0.01873	0.02415	0.01844	0.01861	0.02592	0.12124	0.05118	0.01948	0.02356	0.01574	0.02219	0.16242	0.00528	0.15148	0.00754	0.00495	0.01057
1	0.02132	0.03846	0.43327	0.02215	0.03199	0.13907	0.02510	0.10887	0.02153	0.02878	0.01521	0.01739	0.01112	0.00822	0.00780	0.00246	0.01208	0.00612	0.00436	0.04469
2	0.01983	0.36453	0.28630	0.01828	0.02714	0.02603	0.02060	0.02776	0.09218	0.02405	0.01555	0.01712	0.01237	0.00792	0.00672	0.00224	0.00995	0.00571	0.00412	0.01160
3	0.02127	0.59923	0.14909	0.01582	0.02381	0.03057	0.01701	0.02512	0.01699	0.02069	0.01212	0.01404	0.01064	0.00724	0.00577	0.00192	0.00946	0.00473	0.00355	0.01094
4	0.01879	0.01998	0.01703	0.01626	0.01875	0.25027	0.01243	0.02146	0.01703	0.01966	0.01885	0.02626	0.01713	0.04290	0.43403	0.00930	0.01963	0.00762	0.00439	0.00822
5	0.01220	0.00827	0.01035	0.01050	0.01198	0.00763	0.00734	0.01445	0.01871	0.05306	0.26505	0.25774	0.12957	0.13656	0.01547	0.00379	0.00507	0.01717	0.00789	0.00721
6	0.01816	0.03250	0.35119	0.02945	0.03976	0.02017	0.33400	0.02646	0.01859	0.02646	0.01588	0.02002	0.01158	0.00744	0.00887	0.00272	0.01316	0.00801	0.00386	0.01173
7	0.01186	0.00838	0.01103	0.01115	0.01185	0.00902	0.00761	0.01329	0.01290	0.01786	0.02566	0.08577	0.02753	0.37406	0.32511	0.01014	0.01424	0.01138	0.00494	0.00622
8	0.02028	0.01945	0.03322	0.08740	0.62199	0.01967	0.02536	0.02525	0.01878	0.02680	0.01558	0.02065	0.01304	0.00745	0.00823	0.00248	0.00994	0.00740	0.00409	0.01293
9	0.01036	0.00844	0.00916	0.00898	0.01155	0.00724	0.00674	0.01297	0.02021	0.02547	0.24206	0.07497	0.49306	0.01991	0.00981	0.00275	0.00413	0.01683	0.00811	0.00724
10	0.02715	0.03224	0.02731	0.03236	0.25917	0.43216	0.01955	0.03033	0.02183	0.02285	0.01387	0.01705	0.01161	0.00813	0.00776	0.00226	0.01309	0.00611	0.00422	0.01094
11	0.02002	0.02006	0.03684	0.08763	0.47083	0.01996	0.16973	0.02549	0.01894	0.02664	0.01586	0.02111	0.01289	0.00736	0.00861	0.00257	0.01094	0.00798	0.00411	0.01244
12	0.01175	0.00836	0.00970	0.00993	0.01083	0.00815	0.00662	0.01283	0.01444	0.01868	0.04024	0.06318	0.16231	0.44362	0.06906	0.00676	0.00804	0.08373	0.00588	0.00590
13	0.01084	0.00774	0.01046	0.01239	0.01318	0.00737	0.00896	0.01281	0.01661	0.02201	0.04539	0.56876	0.05338	0.02535	0.01079	0.00347	0.00544	0.15039	0.00770	0.00695
14	0.02570	0.01882	0.02062	0.01672	0.02158	0.02060	0.01326	0.45053	0.03179	0.04265	0.02392	0.10708	0.02130	0.09832	0.04467	0.00379	0.00912	0.01005	0.00766	0.01182
15	0.02074	0.01569	0.01770	0.01438	0.01951	0.01528	0.01130	0.24388	0.02502	0.03527	0.02487	0.18384	0.02376	0.01256	0.00800	0.00226	0.00681	0.01053	0.05099	0.25762
16	0.01926	0.01571	0.01433	0.01319	0.01602	0.12435	0.01011	0.09453	0.04471	0.02849	0.02288	0.02825	0.01902	0.04969	0.16886	0.00506	0.01108	0.00782	0.29776	0.00886
17	0.17977	0.11232	0.02393	0.01793	0.02322	0.32801	0.01434	0.15522	0.02408	0.03040	0.01392	0.01552	0.01107	0.00851	0.00692	0.00226	0.01128	0.00551	0.00521	0.01057
18	0.02061	0.37767	0.16716	0.02670	0.20657	0.02634	0.02081	0.02535	0.01760	0.02310	0.01340	0.01626	0.01135	0.00735	0.00668	0.00215	0.00986	0.00564	0.00370	0.01171
19	0.01962	0.15954	0.02281	0.01496	0.01977	0.12687	0.01230	0.05755	0.01822	0.02333	0.01657	0.02131	0.01461	0.02552	0.22733	0.00557	0.01368	0.00636	0.00458	0.18951
20	0.02673	0.01849	0.02126	0.01727	0.02234	0.02037	0.01403	0.36411	0.06901	0.11618	0.02354	0.05484	0.01844	0.01972	0.12004	0.00442	0.04047	0.00867	0.00768	0.01240
21	0.01661	0.01236	0.01614	0.01474	0.01746	0.01408	0.01168	0.16238	0.01953	0.02724	0.02170	0.02958	0.01917	0.04972	0.51480	0.01074	0.01910	0.00856	0.00538	0.00903
22	0.20779	0.01359	0.01565	0.01272	0.01820	0.01283	0.01039	0.03156	0.02060	0.39837	0.03679	0.03389	0.12991	0.01157	0.00784	0.00261	0.00641	0.00905	0.00859	0.01164
23	0.01901	0.01767	0.02728	0.24930	0.30948	0.01955	0.02174	0.02860	0.16779	0.02705	0.01972	0.02358	0.01542	0.00863	0.00831	0.00265	0.00947	0.00787	0.00502	0.01188
24	0.02061	0.02035	0.03203	0.12662	0.54477	0.05972	0.02462	0.02545	0.01892	0.02600	0.01535	0.02041	0.01275	0.00758	0.00819	0.00248	0.01033	0.00727	0.00407	0.01246
25	0.01048	0.00844	0.00933	0.00911	0.01162	0.00729	0.00683	0.01319	0.02049	0.02612	0.27639	0.07389	0.45832	0.01967	0.00981	0.00274	0.00411	0.01668	0.00820	0.00729
26	0.01012	0.00723	0.00964	0.01157	0.01205	0.00675	0.00771	0.01157	0.01591	0.02121	0.04579	0.70262	0.05495	0.02603	0.01060	0.00337	0.00482	0.02362	0.00771	0.00675
27	0.01504	0.01099	0.01374	0.01358	0.01559	0.01161	0.01005	0.14171	0.02015	0.02728	0.03471	0.39840	0.03817	0.03138	0.16989	0.00559	0.00992	0.01670	0.00705	0.00846
28	0.02401	0.19138	0.03544	0.02292	0.02880	0.15732	0.17956	0.10757	0.04334	0.02656	0.01505	0.01819	0.01220	0.00879	0.01011	0.00248	0.09365	0.00698	0.00469	0.01096
29	0.02374	0.55014	0.03881	0.01596	0.02219	0.15747	0.01475	0.02627	0.01799	0.01972	0.01177	0.01387	0.01068	0.00773	0.00675	0.00193	0.04137	0.00475	0.00370	0.01039
30	0.01263	0.00926	0.01233	0.01367	0.01573	0.00896	0.01165	0.01618	0.01953	0.02531	0.11181	0.08824	0.15152	0.02203	0.01103	0.00353	0.00670	0.44450	0.00781	0.00756
31	0.02611	0.29467	0.03142	0.01870	0.02355	0.35078	0.01560	0.02841	0.01969	0.01999	0.01211	0.01473	0.01071	0.00873	0.00905	0.00218	0.09445	0.00523	0.00392	0.00996
32	0.00982	0.00842	0.00842	0.00842	0.01122	0.00701	0.00631	0.01192	0.01894	0.02244	0.08416	0.07995	0.65285	0.02104	0.00982	0.00281	0.00421	0.01753	0.00771	0.00701
33	0.02082	0.02220	0.09674	0.01800	0.02358	0.06058	0.01544	0.04133	0.52840	0.03285	0.03026	0.02840	0.02268	0.01070	0.00833	0.00275	0.00778	0.00875	0.00760	0.01283
34	0.01123	0.00847	0.01037	0.00990	0.01209	0.00761	0.00742	0.01465	0.02226	0.03034	0.49675	0.06694	0.23533	0.01809	0.00980	0.00267	0.00400	0.01571	0.00875	0.00761
35	0.06591	0.02374	0.02661	0.02622	0.12780	0.18481	0.05517	0.02489	0.01715	0.02300	0.01274	0.01771	0.01128	0.01062	0.01586	0.00285	0.29788	0.00670	0.00406	0.04500
36	0.01651	0.01408	0.05304	0.01396	0.01632	0.01501	0.01181	0.02236	0.09012	0.02768	0.05245	0.03021	0.05095	0.01202	0.01278	0.00264	0.20280	0.00849	0.33778	0.00900
37	0.06464	0.17030	0.25281	0.02080	0.10107	0.01925	0.01944	0.02296	0.01863	0.02693	0.14690	0.02874	0.05455	0.01012	0.00770	0.00243	0.00882	0.00817	0.00504	0.01069
38	0.02328	0.16930	0.11151	0.02399	0.06704	0.02422	0.16422	0.20077	0.05329	0.03296	0.01704	0.01932	0.01300	0.00818	0.00792	0.00240	0.01045	0.00724	0.00539	0.03847
39	0.12704	0.01936	0.01947	0.01989	0.09619	0.13448	0.01385	0.07383	0.09570	0.08426	0.04115	0.02474	0.01832	0.02209	0.16810	0.00510	0.01238	0.00757	0.00593	0.01055
40	0.17357	0.19687	0.21813	0.04933	0.02722	0.15981	0.01888	0.02678	0.01790	0.02542	0.01298	0.01538	0.01031	0.00783	0.00665	0.00232	0.01078	0.00529	0.00402	0.01052

[dist]
# distance from previous block
# <min> <max>
0	23

# created by:
# /home/cegg/simao/soft/augustus-3.2.1/scripts/msa2prfl.pl ./align_prep/14439.fa
