[name]
unknown

[dist]
# distance from previous block
# <min> <max>
0	14

[block]
# block no. 0 follows, 22 sequences, length 49
# corresponding to MSA columns:
# 14-62
name=unknown_A
#
# <colnr> <probs for GDERKNQSTAVLIFYWHMCP>
#	G	D	E	R	K	N	Q	S	T	A	V	L	I	F	Y	W	H	M	C	P
0	0.37303	0.12662	0.05863	0.01324	0.01809	0.01834	0.01200	0.02202	0.01530	0.02905	0.01783	0.02745	0.01643	0.01901	0.12161	0.00447	0.01007	0.08279	0.00499	0.00902
1	0.02303	0.20347	0.02973	0.06135	0.02509	0.13885	0.01677	0.10270	0.01934	0.02422	0.01282	0.01684	0.01124	0.01059	0.01448	0.00269	0.26596	0.00624	0.00434	0.01026
2	0.02599	0.03058	0.02668	0.11666	0.21339	0.39869	0.01971	0.02938	0.02129	0.02243	0.01390	0.01754	0.01147	0.00819	0.00781	0.00232	0.01298	0.00621	0.00415	0.01061
3	0.10872	0.02355	0.01959	0.01722	0.02216	0.21660	0.01340	0.03800	0.27366	0.14445	0.02484	0.02374	0.01826	0.00988	0.00778	0.00254	0.00919	0.00744	0.00716	0.01181
4	0.01192	0.00905	0.01135	0.01236	0.01461	0.00848	0.01032	0.01510	0.01936	0.02453	0.10145	0.08630	0.27900	0.02181	0.01073	0.00335	0.00609	0.33899	0.00778	0.00742
5	0.02933	0.16951	0.02740	0.02002	0.02484	0.55088	0.01570	0.03157	0.02226	0.02018	0.01259	0.01466	0.01069	0.00828	0.00707	0.00207	0.01381	0.00518	0.00414	0.00983
6	0.01149	0.00821	0.01121	0.01313	0.01422	0.00793	0.01010	0.01394	0.01726	0.02274	0.04503	0.44687	0.05195	0.02473	0.01097	0.00356	0.00601	0.26583	0.00769	0.00713
7	0.02221	0.71304	0.04353	0.01421	0.02132	0.03287	0.01421	0.02488	0.01688	0.01955	0.01155	0.01333	0.01066	0.00711	0.00533	0.00178	0.00888	0.00444	0.00355	0.01066
8	0.02051	0.01846	0.02907	0.28133	0.33452	0.02022	0.02305	0.11991	0.02127	0.02897	0.01600	0.02105	0.01254	0.00815	0.00827	0.00258	0.01020	0.00741	0.00462	0.01186
9	0.01019	0.00765	0.00945	0.01065	0.01187	0.00691	0.00736	0.01203	0.01738	0.02262	0.11020	0.48278	0.21293	0.02391	0.01033	0.00316	0.00458	0.02126	0.00784	0.00691
10	0.36566	0.01584	0.01501	0.01311	0.01741	0.01765	0.01028	0.18877	0.02113	0.03675	0.02082	0.12913	0.01989	0.08236	0.01066	0.00323	0.00709	0.00914	0.00642	0.00966
11	0.01875	0.29563	0.43066	0.02011	0.03044	0.02441	0.02448	0.02577	0.01729	0.02376	0.01364	0.01595	0.01058	0.00760	0.00693	0.00231	0.01100	0.00550	0.00353	0.01167
12	0.01291	0.01070	0.01164	0.01164	0.01443	0.01066	0.00877	0.02055	0.18057	0.02554	0.06112	0.19222	0.33602	0.01959	0.00971	0.00298	0.00514	0.04929	0.00790	0.00860
13	0.01165	0.00787	0.00919	0.00961	0.00972	0.00777	0.00562	0.01197	0.01292	0.01723	0.03048	0.19674	0.03564	0.55825	0.03533	0.00703	0.00734	0.01461	0.00562	0.00541
14	0.02378	0.02060	0.02982	0.03865	0.41567	0.02158	0.02156	0.20276	0.08065	0.03517	0.01852	0.02132	0.01454	0.00850	0.00827	0.00251	0.00936	0.00760	0.00572	0.01344
15	0.07773	0.02640	0.02383	0.01910	0.02513	0.16791	0.01542	0.45967	0.03408	0.04437	0.01786	0.01845	0.01305	0.00952	0.00793	0.00242	0.01025	0.00682	0.00723	0.01282
16	0.02066	0.01785	0.01878	0.01691	0.02160	0.02066	0.01315	0.04414	0.64121	0.03475	0.03381	0.03099	0.02536	0.01127	0.00845	0.00282	0.00657	0.00939	0.00845	0.01315
17	0.01237	0.00836	0.01102	0.01098	0.01268	0.00770	0.00799	0.01551	0.02123	0.05699	0.44173	0.25421	0.06879	0.01943	0.00998	0.00284	0.00433	0.01733	0.00876	0.00778
18	0.35041	0.19995	0.02422	0.01426	0.02037	0.02450	0.01241	0.20714	0.02239	0.03721	0.01410	0.01540	0.01098	0.00824	0.00615	0.00234	0.00789	0.00538	0.00569	0.01098
19	0.01035	0.00755	0.00975	0.01107	0.01202	0.00695	0.00759	0.01226	0.01742	0.02326	0.14616	0.53744	0.11938	0.02408	0.01040	0.00319	0.00461	0.02163	0.00794	0.00695
20	0.01329	0.00950	0.01325	0.01502	0.01693	0.00946	0.01306	0.01712	0.01938	0.02536	0.07957	0.09185	0.04960	0.02260	0.01138	0.00375	0.00743	0.56604	0.00774	0.00766
21	0.02034	0.02035	0.03721	0.04734	0.51635	0.02003	0.16257	0.02575	0.01907	0.02702	0.01590	0.02098	0.01303	0.00731	0.00858	0.00254	0.01081	0.00795	0.00413	0.01271
22	0.03108	0.03813	0.02367	0.02120	0.02569	0.61644	0.01603	0.08662	0.02494	0.02321	0.01348	0.01543	0.01101	0.00869	0.00756	0.00217	0.01446	0.00554	0.00464	0.01003
23	0.03008	0.01574	0.01906	0.01570	0.02138	0.01587	0.01262	0.04207	0.29113	0.39038	0.03322	0.02945	0.02264	0.01071	0.00840	0.00268	0.00685	0.00880	0.00949	0.01371
24	0.01429	0.00899	0.01202	0.01190	0.01401	0.00835	0.00916	0.01764	0.02134	0.09340	0.37157	0.18903	0.06296	0.01904	0.01008	0.00295	0.00502	0.11127	0.00874	0.00823
25	0.02163	0.02197	0.03519	0.02692	0.03176	0.06002	0.27369	0.12039	0.02042	0.02795	0.01494	0.02006	0.01212	0.01030	0.01578	0.00302	0.26011	0.00826	0.00465	0.01081
26	0.64177	0.06594	0.01559	0.01207	0.01739	0.04855	0.01005	0.05870	0.01613	0.03615	0.01209	0.01391	0.00947	0.00783	0.00543	0.00249	0.00712	0.00470	0.00517	0.00943
27	0.01012	0.00723	0.00964	0.01157	0.01205	0.00675	0.00771	0.01157	0.01591	0.02121	0.04579	0.70262	0.05495	0.02603	0.01060	0.00337	0.00482	0.02362	0.00771	0.00675
28	0.03316	0.01439	0.01872	0.01486	0.02075	0.01328	0.01210	0.03960	0.12083	0.52638	0.06936	0.03069	0.02472	0.01083	0.00845	0.00261	0.00681	0.00891	0.00993	0.01361
29	0.01961	0.02202	0.04685	0.03551	0.08501	0.02113	0.55583	0.02622	0.01924	0.02634	0.01645	0.02208	0.01256	0.00738	0.01051	0.00282	0.04552	0.00952	0.00417	0.01124
30	0.01569	0.01477	0.02492	0.68808	0.05722	0.01846	0.02307	0.02123	0.01661	0.02123	0.01477	0.02215	0.01107	0.00831	0.00831	0.00277	0.01107	0.00738	0.00369	0.00923
31	0.10371	0.03482	0.02263	0.02002	0.02475	0.51240	0.01532	0.12181	0.02495	0.02682	0.01378	0.01558	0.01105	0.00869	0.00738	0.00224	0.01326	0.00559	0.00497	0.01024
32	0.02901	0.02666	0.13522	0.01990	0.02752	0.02465	0.01836	0.52476	0.03535	0.04787	0.01908	0.01953	0.01351	0.00961	0.00824	0.00252	0.00968	0.00725	0.00748	0.01381
33	0.02066	0.01785	0.01878	0.01691	0.02160	0.02066	0.01315	0.04414	0.64121	0.03475	0.03381	0.03099	0.02536	0.01127	0.00845	0.00282	0.00657	0.00939	0.00845	0.01315
34	0.00984	0.00835	0.00849	0.00860	0.01127	0.00700	0.00639	0.01190	0.01876	0.02237	0.08190	0.11658	0.61767	0.02133	0.00986	0.00284	0.00424	0.01789	0.00771	0.00700
35	0.01213	0.00929	0.01386	0.01371	0.01513	0.01102	0.01071	0.01505	0.01332	0.01931	0.02177	0.03202	0.02035	0.06029	0.64774	0.01294	0.05060	0.00883	0.00442	0.00749
36	0.03103	0.03959	0.02354	0.02140	0.02568	0.67469	0.01605	0.03317	0.02354	0.02033	0.01284	0.01498	0.01070	0.00856	0.00749	0.00214	0.01498	0.00535	0.00428	0.00963
37	0.01038	0.00759	0.00982	0.01151	0.01241	0.00703	0.00805	0.01212	0.01657	0.02169	0.05036	0.57112	0.12808	0.02513	0.01058	0.00334	0.00500	0.07464	0.00771	0.00686
38	0.01012	0.00723	0.00964	0.01157	0.01205	0.00675	0.00771	0.01157	0.01591	0.02121	0.04579	0.70262	0.05495	0.02603	0.01060	0.00337	0.00482	0.02362	0.00771	0.00675
39	0.01385	0.01215	0.02047	0.01781	0.02021	0.01387	0.10931	0.01732	0.01427	0.02054	0.02003	0.02929	0.01830	0.04782	0.49212	0.01052	0.10074	0.00885	0.00431	0.00822
40	0.01411	0.01057	0.01378	0.01507	0.01741	0.01084	0.01291	0.02038	0.09996	0.02599	0.04519	0.08469	0.08298	0.02131	0.01098	0.00363	0.00729	0.48682	0.00776	0.00832
41	0.03158	0.02327	0.02493	0.01911	0.02576	0.02576	0.01579	0.62852	0.03906	0.05236	0.01995	0.01995	0.01413	0.00997	0.00831	0.00249	0.00914	0.00748	0.00831	0.01413
42	0.02221	0.71304	0.04353	0.01421	0.02132	0.03287	0.01421	0.02488	0.01688	0.01955	0.01155	0.01333	0.01066	0.00711	0.00533	0.00178	0.00888	0.00444	0.00355	0.01066
43	0.02560	0.02865	0.01984	0.01762	0.02193	0.38881	0.01347	0.13021	0.02501	0.02640	0.03266	0.03277	0.17871	0.01206	0.00824	0.00237	0.01117	0.00889	0.00587	0.00972
44	0.01339	0.00956	0.01339	0.01530	0.01721	0.00956	0.01339	0.01721	0.01912	0.02486	0.04399	0.09371	0.04781	0.02295	0.01147	0.00382	0.00765	0.60031	0.00765	0.00765
45	0.01976	0.02198	0.04658	0.03756	0.14096	0.02081	0.53045	0.02643	0.01950	0.02669	0.01662	0.02211	0.01269	0.00707	0.00955	0.00275	0.01335	0.00942	0.00419	0.01152
46	0.03106	0.03868	0.02362	0.02127	0.02569	0.63831	0.01604	0.06655	0.02441	0.02213	0.01324	0.01526	0.01089	0.00864	0.00754	0.00216	0.01465	0.00547	0.00451	0.00988
47	0.01991	0.01905	0.03219	0.04842	0.61723	0.01897	0.02434	0.02467	0.01892	0.02686	0.01977	0.02415	0.05183	0.00823	0.00832	0.00249	0.00953	0.00801	0.00433	0.01279
48	0.54345	0.02169	0.01577	0.01412	0.01870	0.17181	0.01128	0.02615	0.01623	0.03213	0.01182	0.01417	0.00953	0.00838	0.00723	0.00254	0.05613	0.00489	0.00484	0.00915

[dist]
# distance from previous block
# <min> <max>
4	6

[block]
# block no. 1 follows, 22 sequences, length 60
# corresponding to MSA columns:
# 69-128
name=unknown_B
#
# <colnr> <probs for GDERKNQSTAVLIFYWHMCP>
#	G	D	E	R	K	N	Q	S	T	A	V	L	I	F	Y	W	H	M	C	P
0	0.01012	0.00723	0.00964	0.01157	0.01205	0.00675	0.00771	0.01157	0.01591	0.02121	0.04579	0.70262	0.05495	0.02603	0.01060	0.00337	0.00482	0.02362	0.00771	0.00675
1	0.02349	0.01848	0.02059	0.01528	0.02234	0.01748	0.01244	0.28598	0.02675	0.03810	0.01703	0.01841	0.01310	0.00782	0.00709	0.00178	0.00746	0.00604	0.00640	0.43396
2	0.03046	0.03369	0.05655	0.02031	0.02561	0.44182	0.01627	0.13039	0.05561	0.08666	0.01698	0.01794	0.01288	0.00905	0.00777	0.00230	0.01275	0.00621	0.00566	0.01109
3	0.02095	0.13974	0.41928	0.02175	0.03134	0.17985	0.02475	0.02776	0.01890	0.02388	0.01392	0.01631	0.01059	0.00794	0.00742	0.00239	0.01244	0.00570	0.00370	0.01140
4	0.01229	0.00913	0.01185	0.01293	0.01506	0.00869	0.01087	0.01571	0.01972	0.02551	0.14223	0.08577	0.19866	0.02162	0.01083	0.00340	0.00627	0.37406	0.00788	0.00752
5	0.01719	0.01598	0.01955	0.02300	0.17731	0.05424	0.01427	0.02555	0.17344	0.02799	0.12894	0.04309	0.18018	0.01351	0.00990	0.00270	0.04457	0.01133	0.00677	0.01046
6	0.01140	0.00782	0.00921	0.00979	0.01005	0.00762	0.00589	0.01192	0.01351	0.01790	0.03442	0.25062	0.06277	0.47493	0.03143	0.00643	0.00692	0.01577	0.00595	0.00563
7	0.02992	0.12419	0.02605	0.02050	0.02513	0.59407	0.01582	0.03213	0.02271	0.02023	0.01268	0.01477	0.01070	0.00838	0.00722	0.00209	0.01422	0.00524	0.00419	0.00976
8	0.02001	0.01917	0.03272	0.12364	0.58791	0.01959	0.02522	0.02501	0.01865	0.02647	0.01553	0.02074	0.01292	0.00750	0.00823	0.00250	0.01001	0.00740	0.00406	0.01271
9	0.02804	0.03612	0.05504	0.02436	0.02983	0.51053	0.14492	0.03151	0.02247	0.02190	0.01376	0.01665	0.01109	0.00821	0.00799	0.00230	0.01467	0.00632	0.00423	0.01007
10	0.01659	0.01656	0.03164	0.02758	0.10146	0.01570	0.30012	0.02178	0.01930	0.02559	0.03390	0.05003	0.11563	0.01344	0.01008	0.00304	0.01037	0.17168	0.00564	0.00985
11	0.00982	0.00842	0.00842	0.00842	0.01122	0.00701	0.00631	0.01192	0.01894	0.02244	0.08416	0.07995	0.65285	0.02104	0.00982	0.00281	0.00421	0.01753	0.00771	0.00701
12	0.01012	0.00834	0.00889	0.00894	0.01145	0.00711	0.00663	0.01244	0.01939	0.02394	0.16422	0.12141	0.52676	0.02080	0.00987	0.00282	0.00421	0.01760	0.00792	0.00711
13	0.02056	0.01974	0.03372	0.05099	0.65622	0.01974	0.02550	0.02550	0.01892	0.02714	0.01563	0.02056	0.01316	0.00740	0.00822	0.00247	0.00987	0.00740	0.00411	0.01316
14	0.01406	0.00734	0.00991	0.01019	0.01072	0.00727	0.00695	0.01300	0.01316	0.01942	0.02206	0.12529	0.02199	0.02381	0.02283	0.46534	0.00606	0.00973	0.18581	0.00507
15	0.01487	0.00929	0.01145	0.01045	0.01332	0.00822	0.00800	0.01812	0.02212	0.12147	0.38414	0.06273	0.24962	0.01728	0.00959	0.00267	0.00447	0.01484	0.00886	0.00850
16	0.01042	0.00771	0.00974	0.01077	0.01198	0.00703	0.00749	0.01252	0.01809	0.02405	0.18372	0.45405	0.16558	0.02319	0.01029	0.00311	0.00452	0.02068	0.00802	0.00703
17	0.20689	0.01174	0.01258	0.01103	0.01511	0.01137	0.00874	0.02278	0.01989	0.18326	0.17636	0.04689	0.21391	0.01421	0.00829	0.00265	0.00539	0.01150	0.00800	0.00941
18	0.02691	0.01193	0.01546	0.01261	0.01751	0.01032	0.01015	0.02996	0.02257	0.41568	0.13537	0.04570	0.18197	0.01386	0.00892	0.00263	0.00592	0.01155	0.00950	0.01150
19	0.01068	0.00820	0.00910	0.00923	0.01097	0.00735	0.00638	0.01247	0.01760	0.02235	0.14843	0.14216	0.35035	0.18724	0.01776	0.00411	0.00517	0.01654	0.00727	0.00662
20	0.05836	0.01057	0.01176	0.01148	0.01371	0.01054	0.00828	0.10274	0.01989	0.02715	0.08908	0.28412	0.18290	0.11416	0.01404	0.00365	0.00578	0.01654	0.00738	0.00786
21	0.00999	0.00774	0.00912	0.01022	0.01170	0.00686	0.00711	0.01172	0.01720	0.02173	0.06216	0.43688	0.31011	0.02390	0.01027	0.00313	0.00456	0.02102	0.00771	0.00686
22	0.01187	0.00890	0.01335	0.01335	0.01483	0.01038	0.01038	0.01483	0.01335	0.01928	0.02225	0.03264	0.02077	0.06231	0.67512	0.01335	0.02225	0.00890	0.00445	0.00742
23	0.01382	0.00969	0.01182	0.01234	0.01484	0.00920	0.00983	0.01804	0.06503	0.06958	0.05667	0.18712	0.25512	0.02106	0.01030	0.00323	0.00584	0.21041	0.00793	0.00814
24	0.01344	0.00867	0.01042	0.01045	0.01262	0.00770	0.00753	0.01554	0.01859	0.09586	0.13142	0.27080	0.27349	0.06955	0.01220	0.00331	0.00497	0.01775	0.00799	0.00770
25	0.01200	0.00816	0.00957	0.00941	0.00990	0.00800	0.00574	0.01298	0.01495	0.02043	0.18324	0.05629	0.04230	0.53457	0.03413	0.00669	0.00702	0.01282	0.00607	0.00574
26	0.01855	0.01544	0.01722	0.01644	0.02033	0.01744	0.01322	0.03632	0.46044	0.03188	0.03677	0.04922	0.03188	0.01466	0.00933	0.00311	0.00689	0.18111	0.00822	0.01155
27	0.01469	0.00907	0.01136	0.01076	0.01333	0.00807	0.00807	0.01761	0.02105	0.11998	0.31098	0.17476	0.21123	0.01863	0.00974	0.00279	0.00461	0.01620	0.00870	0.00835
28	0.01159	0.00785	0.00921	0.00969	0.00981	0.00773	0.00571	0.01195	0.01304	0.01739	0.03110	0.21710	0.03641	0.53684	0.03433	0.00688	0.00724	0.01498	0.00571	0.00546
29	0.03158	0.02327	0.02493	0.01911	0.02576	0.02576	0.01579	0.62852	0.03906	0.05236	0.01995	0.01995	0.01413	0.00997	0.00831	0.00249	0.00914	0.00748	0.00831	0.01413
30	0.01187	0.00890	0.01335	0.01335	0.01483	0.01038	0.01038	0.01483	0.01335	0.01928	0.02225	0.03264	0.02077	0.06231	0.67512	0.01335	0.02225	0.00890	0.00445	0.00742
31	0.01024	0.00812	0.00921	0.00959	0.01165	0.00709	0.00695	0.01249	0.01896	0.02404	0.17442	0.23860	0.39605	0.02162	0.01002	0.00292	0.00432	0.01867	0.00797	0.00709
32	0.01208	0.00805	0.00906	0.00906	0.00906	0.00805	0.00503	0.01208	0.01208	0.01611	0.02618	0.05436	0.03020	0.70804	0.04228	0.00805	0.00805	0.01208	0.00503	0.00503
33	0.01200	0.00865	0.01144	0.01116	0.01311	0.00809	0.00865	0.01590	0.02288	0.03208	0.56331	0.06667	0.07393	0.01785	0.01004	0.00279	0.00446	0.10027	0.00893	0.00781
34	0.03103	0.03959	0.02354	0.02140	0.02568	0.67469	0.01605	0.03317	0.02354	0.02033	0.01284	0.01498	0.01070	0.00856	0.00749	0.00214	0.01498	0.00535	0.00428	0.00963
35	0.01187	0.00890	0.01335	0.01335	0.01483	0.01038	0.01038	0.01483	0.01335	0.01928	0.02225	0.03264	0.02077	0.06231	0.67512	0.01335	0.02225	0.00890	0.00445	0.00742
36	0.01016	0.00843	0.00889	0.00878	0.01143	0.00716	0.00658	0.01259	0.01974	0.02436	0.18439	0.07679	0.55142	0.02032	0.00981	0.00277	0.00416	0.01709	0.00797	0.00716
37	0.01074	0.00763	0.01014	0.01193	0.01259	0.00725	0.00835	0.01243	0.01610	0.02138	0.04414	0.56806	0.05215	0.07385	0.01297	0.00377	0.00546	0.10679	0.00751	0.00676
38	0.01208	0.00805	0.00906	0.00906	0.00906	0.00805	0.00503	0.01208	0.01208	0.01611	0.02618	0.05436	0.03020	0.70804	0.04228	0.00805	0.00805	0.01208	0.00503	0.00503
39	0.01187	0.00890	0.01335	0.01335	0.01483	0.01038	0.01038	0.01483	0.01335	0.01928	0.02225	0.03264	0.02077	0.06231	0.67512	0.01335	0.02225	0.00890	0.00445	0.00742
40	0.20528	0.01262	0.01415	0.01191	0.01610	0.01232	0.00915	0.02720	0.01807	0.29784	0.02957	0.03513	0.06502	0.19162	0.01649	0.00401	0.00697	0.00904	0.00749	0.01003
41	0.01101	0.00846	0.01006	0.00966	0.01195	0.00752	0.00725	0.01422	0.02174	0.02910	0.43181	0.06899	0.30105	0.01856	0.00981	0.00269	0.00403	0.01600	0.00859	0.00752
42	0.00985	0.00830	0.00854	0.00873	0.01130	0.00699	0.00645	0.01189	0.01863	0.02232	0.08032	0.14216	0.59311	0.02154	0.00990	0.00286	0.00427	0.01814	0.00771	0.00699
43	0.01104	0.00822	0.00877	0.00877	0.01005	0.00758	0.00562	0.01201	0.01522	0.01901	0.05275	0.06609	0.31561	0.39314	0.02740	0.00565	0.00629	0.01458	0.00626	0.00594
44	0.01359	0.01008	0.01165	0.01068	0.01304	0.00971	0.00787	0.08399	0.02212	0.02972	0.32681	0.06039	0.20676	0.13921	0.01537	0.00361	0.00532	0.01427	0.00796	0.00785
45	0.12557	0.01034	0.01200	0.01109	0.01418	0.00986	0.00848	0.01991	0.02037	0.13537	0.27901	0.14540	0.14412	0.01646	0.00900	0.00274	0.00499	0.01402	0.00832	0.00877
46	0.01653	0.00886	0.01071	0.01048	0.01288	0.00812	0.00775	0.01928	0.01874	0.13777	0.08926	0.25002	0.12797	0.01710	0.00864	0.00267	0.00478	0.01479	0.22519	0.00846
47	0.07497	0.01120	0.01367	0.01165	0.01555	0.01020	0.00904	0.02500	0.02076	0.27890	0.17968	0.04781	0.15628	0.09326	0.01260	0.00325	0.00587	0.01178	0.00857	0.00994
48	0.01111	0.00797	0.00957	0.00999	0.01097	0.00748	0.00660	0.01269	0.01667	0.02224	0.17607	0.24585	0.14005	0.26064	0.02134	0.00475	0.00566	0.01684	0.00709	0.00643
49	0.16897	0.01245	0.01417	0.01188	0.01669	0.01164	0.00956	0.02731	0.02048	0.31047	0.08741	0.04282	0.20615	0.01338	0.00826	0.00264	0.00589	0.01075	0.00846	0.01062
50	0.01037	0.00841	0.00904	0.00889	0.01135	0.00725	0.00657	0.01274	0.01952	0.02442	0.20358	0.07456	0.49166	0.06083	0.01174	0.00307	0.00437	0.01667	0.00787	0.00707
51	0.01985	0.01901	0.03244	0.14378	0.56898	0.01955	0.02514	0.02487	0.01858	0.02628	0.01550	0.02079	0.01286	0.00753	0.00824	0.00251	0.01004	0.00740	0.00405	0.01259
52	0.01192	0.00869	0.01227	0.01227	0.01339	0.00980	0.00904	0.01414	0.01303	0.01849	0.02324	0.03809	0.02314	0.22441	0.51626	0.01202	0.01869	0.00970	0.00460	0.00682
53	0.01175	0.00837	0.01037	0.01037	0.01117	0.00869	0.00690	0.01295	0.01327	0.01785	0.03152	0.05029	0.09817	0.42190	0.24223	0.00916	0.01218	0.01168	0.00515	0.00603
54	0.12147	0.01091	0.01153	0.01059	0.01315	0.01103	0.00776	0.07575	0.01985	0.02909	0.21783	0.05288	0.17433	0.18932	0.01714	0.00400	0.00589	0.01258	0.00715	0.00774
55	0.01356	0.08156	0.11128	0.01494	0.01854	0.01385	0.01371	0.01747	0.01430	0.02033	0.02015	0.02858	0.01830	0.04906	0.51344	0.01068	0.01951	0.00807	0.00423	0.00844
56	0.01643	0.06478	0.02685	0.02073	0.02339	0.01962	0.13218	0.01973	0.01457	0.02098	0.01623	0.02393	0.01482	0.03000	0.25886	0.00689	0.26882	0.00815	0.00404	0.00900
57	0.01385	0.01214	0.02155	0.01803	0.02099	0.01264	0.16399	0.01730	0.01470	0.02056	0.02158	0.03391	0.02038	0.16243	0.39637	0.00977	0.01768	0.00969	0.00449	0.00795
58	0.02816	0.03528	0.02994	0.02482	0.03013	0.51060	0.16918	0.03153	0.02255	0.02191	0.01384	0.01685	0.01118	0.00817	0.00807	0.00231	0.01474	0.00647	0.00426	0.01003
59	0.02545	0.02840	0.01992	0.01819	0.02180	0.39213	0.01353	0.09531	0.06894	0.02470	0.02128	0.12079	0.02050	0.07871	0.01145	0.00298	0.01156	0.00920	0.00561	0.00953

[dist]
# distance from previous block
# <min> <max>
0	1

[block]
# block no. 2 follows, 22 sequences, length 6
# corresponding to MSA columns:
# 130-135
name=unknown_C
#
# <colnr> <probs for GDERKNQSTAVLIFYWHMCP>
#	G	D	E	R	K	N	Q	S	T	A	V	L	I	F	Y	W	H	M	C	P
0	0.02647	0.22165	0.02810	0.01849	0.02364	0.36308	0.01495	0.03312	0.14812	0.02307	0.01678	0.01780	0.01369	0.00871	0.00709	0.00218	0.01157	0.00593	0.00493	0.01064
1	0.01979	0.42112	0.31428	0.01834	0.02770	0.02696	0.02139	0.02550	0.01717	0.02249	0.01301	0.01516	0.01060	0.00745	0.00645	0.00215	0.01036	0.00518	0.00353	0.01137
2	0.10948	0.06125	0.14887	0.01492	0.02095	0.01658	0.01435	0.02779	0.19057	0.06630	0.03976	0.03843	0.19284	0.01254	0.00812	0.00267	0.00724	0.01002	0.00665	0.01067
3	0.02108	0.02726	0.30749	0.01790	0.02728	0.01498	0.01966	0.02734	0.01871	0.15668	0.01852	0.01963	0.01320	0.00778	0.00738	0.00213	0.00908	0.00617	0.00539	0.27237
4	0.01363	0.01085	0.01333	0.01167	0.01553	0.00890	0.00869	0.01659	0.01806	0.02632	0.15671	0.26489	0.04074	0.01530	0.00845	0.00226	0.00523	0.01351	0.00676	0.34259
5	0.01012	0.00723	0.00964	0.01157	0.01205	0.00675	0.00771	0.01157	0.01591	0.02121	0.04579	0.70262	0.05495	0.02603	0.01060	0.00337	0.00482	0.02362	0.00771	0.00675

[dist]
# distance from previous block
# <min> <max>
0	2

[block]
# block no. 3 follows, 22 sequences, length 11
# corresponding to MSA columns:
# 138-148
name=unknown_D
#
# <colnr> <probs for GDERKNQSTAVLIFYWHMCP>
#	G	D	E	R	K	N	Q	S	T	A	V	L	I	F	Y	W	H	M	C	P
0	0.02075	0.13953	0.17108	0.02323	0.03092	0.08464	0.18229	0.03140	0.17897	0.02689	0.01954	0.02138	0.01494	0.00846	0.00810	0.00254	0.01098	0.00761	0.00505	0.01170
1	0.03068	0.07390	0.02508	0.02035	0.02545	0.45802	0.01587	0.19753	0.02745	0.02915	0.01473	0.01626	0.01165	0.00887	0.00759	0.00222	0.01301	0.00589	0.00535	0.01094
2	0.01187	0.00890	0.01335	0.01335	0.01483	0.01038	0.01038	0.01483	0.01335	0.01928	0.02225	0.03264	0.02077	0.06231	0.67512	0.01335	0.02225	0.00890	0.00445	0.00742
3	0.01835	0.01959	0.03709	0.02817	0.03288	0.02160	0.34743	0.02309	0.01652	0.02352	0.01519	0.02185	0.01277	0.01499	0.07939	0.00411	0.26055	0.00880	0.00402	0.01008
4	0.02343	0.02353	0.02148	0.01882	0.02201	0.22612	0.01489	0.15430	0.02200	0.02690	0.01652	0.02144	0.01419	0.02452	0.19124	0.00553	0.15095	0.00715	0.00507	0.00990
5	0.01261	0.00801	0.00886	0.00886	0.00916	0.00801	0.00515	0.01321	0.01291	0.01841	0.02632	0.05075	0.02882	0.60004	0.03664	0.00711	0.00741	0.01141	0.12089	0.00545
6	0.01666	0.04297	0.66500	0.02368	0.03596	0.01929	0.03069	0.02631	0.01754	0.02631	0.01491	0.01754	0.01052	0.00789	0.00789	0.00263	0.01228	0.00614	0.00351	0.01228
7	0.03314	0.05801	0.02132	0.01557	0.02180	0.01632	0.01289	0.10738	0.12060	0.45639	0.03018	0.02684	0.01997	0.01021	0.00818	0.00255	0.00734	0.00818	0.00937	0.01377
8	0.02441	0.02857	0.02452	0.02161	0.02369	0.34047	0.01714	0.02639	0.01797	0.02016	0.01184	0.01663	0.01081	0.01164	0.01767	0.00291	0.36393	0.00634	0.00395	0.00935
9	0.11323	0.02380	0.02193	0.01805	0.02374	0.12421	0.01448	0.34102	0.16397	0.04187	0.02089	0.02083	0.01544	0.00978	0.00785	0.00252	0.00918	0.00722	0.00736	0.01263
10	0.01034	0.00844	0.00914	0.00896	0.01154	0.00724	0.00672	0.01293	0.02017	0.02537	0.23689	0.07513	0.49829	0.01995	0.00981	0.00275	0.00413	0.01686	0.00810	0.00724

[dist]
# distance from previous block
# <min> <max>
0	0

# created by:
# /home/cegg/simao/soft/augustus-3.2.1/scripts/msa2prfl.pl ./align_prep/14437.fa
