[name]
unknown

[dist]
# distance from previous block
# <min> <max>
4	8

[block]
# block no. 0 follows, 20 sequences, length 13
# corresponding to MSA columns:
# 8-20
name=unknown_A
#
# <colnr> <probs for GDERKNQSTAVLIFYWHMCP>
#	G	D	E	R	K	N	Q	S	T	A	V	L	I	F	Y	W	H	M	C	P
0	0.01193	0.00834	0.00989	0.01044	0.01133	0.00810	0.00683	0.01324	0.01544	0.02075	0.04288	0.23093	0.13709	0.30116	0.08227	0.00630	0.00792	0.01637	0.05226	0.00652
1	0.01402	0.01124	0.01289	0.01249	0.01546	0.01121	0.00974	0.02212	0.15659	0.03053	0.24980	0.06819	0.24054	0.01867	0.01021	0.00302	0.00535	0.08998	0.00876	0.00918
2	0.01192	0.00813	0.00974	0.01049	0.01068	0.00795	0.00633	0.01248	0.01418	0.01890	0.03514	0.29158	0.04137	0.44577	0.03203	0.00663	0.00719	0.01719	0.00633	0.00595
3	0.01851	0.01165	0.01343	0.01203	0.01573	0.01101	0.00922	0.02475	0.11881	0.15347	0.15442	0.05971	0.28076	0.06255	0.01205	0.00323	0.00565	0.01425	0.00883	0.00993
4	0.01928	0.01129	0.01377	0.01310	0.01633	0.01071	0.00980	0.02479	0.10816	0.17982	0.05143	0.29916	0.16738	0.01983	0.01004	0.00312	0.00578	0.01726	0.00888	0.01006
5	0.01295	0.00959	0.01089	0.01119	0.01237	0.00963	0.00733	0.01683	0.09310	0.02180	0.04251	0.22856	0.12160	0.33264	0.02611	0.00566	0.00678	0.01640	0.00690	0.00715
6	0.01177	0.00863	0.00938	0.00934	0.01057	0.00803	0.00596	0.01283	0.01607	0.02043	0.08403	0.06769	0.26300	0.40209	0.02961	0.00606	0.00669	0.01502	0.00659	0.00623
7	0.01379	0.00849	0.01033	0.01033	0.01122	0.00885	0.00697	0.01523	0.01434	0.02161	0.02570	0.04274	0.02553	0.31261	0.17236	0.07407	0.01060	0.01028	0.19848	0.00646
8	0.01978	0.01132	0.01393	0.01237	0.01610	0.01043	0.00988	0.02263	0.02148	0.20748	0.12031	0.06306	0.32112	0.01805	0.01110	0.00298	0.04696	0.05241	0.00878	0.00983
9	0.01757	0.01496	0.01531	0.01421	0.01735	0.05718	0.01072	0.05017	0.22068	0.03093	0.18818	0.05195	0.10298	0.11826	0.01488	0.00374	0.00696	0.04599	0.00808	0.00992
10	0.02562	0.02713	0.02590	0.08818	0.02871	0.23789	0.01845	0.12102	0.02206	0.02674	0.01408	0.01868	0.01194	0.01172	0.01643	0.00300	0.28000	0.00701	0.00484	0.01060
11	0.01716	0.01442	0.01961	0.15303	0.02718	0.01712	0.01517	0.10752	0.01969	0.02661	0.03015	0.03568	0.11829	0.02991	0.21464	0.00648	0.12231	0.01000	0.00555	0.00947
12	0.02599	0.17087	0.02901	0.02015	0.02444	0.31306	0.01642	0.02842	0.01984	0.02172	0.01288	0.01641	0.01143	0.01001	0.01243	0.00247	0.17821	0.00588	0.00423	0.07615

[dist]
# distance from previous block
# <min> <max>
0	1

[block]
# block no. 1 follows, 20 sequences, length 34
# corresponding to MSA columns:
# 22-55
name=unknown_B
#
# <colnr> <probs for GDERKNQSTAVLIFYWHMCP>
#	G	D	E	R	K	N	Q	S	T	A	V	L	I	F	Y	W	H	M	C	P
0	0.48465	0.01513	0.01331	0.01210	0.01658	0.01692	0.00963	0.05609	0.04422	0.03729	0.10997	0.08094	0.04995	0.01194	0.00711	0.00279	0.00630	0.00892	0.00667	0.00948
1	0.01550	0.01447	0.01628	0.01595	0.01715	0.08858	0.01206	0.01772	0.01690	0.02232	0.07136	0.28142	0.03632	0.03040	0.15732	0.00570	0.15132	0.01491	0.00612	0.00819
2	0.18170	0.01236	0.01172	0.01056	0.01403	0.01333	0.00832	0.10485	0.02074	0.03715	0.02379	0.02683	0.01844	0.00975	0.00631	0.00226	0.00544	0.00734	0.47569	0.00937
3	0.02027	0.02260	0.04628	0.03385	0.04083	0.02304	0.48389	0.02648	0.01907	0.02648	0.01635	0.02260	0.01286	0.00901	0.01414	0.00312	0.15381	0.00974	0.00429	0.01130
4	0.01445	0.01093	0.01398	0.01523	0.01763	0.01114	0.01278	0.02094	0.10302	0.02698	0.04939	0.13147	0.11047	0.02243	0.01136	0.00372	0.00727	0.39997	0.00816	0.00869
5	0.01626	0.00813	0.00813	0.00813	0.01016	0.00813	0.00610	0.02033	0.01829	0.03252	0.02846	0.03252	0.02236	0.01016	0.00610	0.00203	0.00407	0.00813	0.74187	0.00813
6	0.02170	0.01874	0.01972	0.01775	0.02268	0.02170	0.01381	0.04635	0.62327	0.03649	0.03550	0.03254	0.02663	0.01183	0.00888	0.00296	0.00690	0.00986	0.00888	0.01381
7	0.02423	0.02074	0.02085	0.01805	0.02331	0.05747	0.01421	0.16831	0.42971	0.03905	0.03386	0.03176	0.05529	0.01192	0.00886	0.00284	0.00786	0.00963	0.00856	0.01349
8	0.02300	0.66232	0.07925	0.01548	0.02324	0.03372	0.01589	0.02620	0.01776	0.02092	0.01232	0.01424	0.01119	0.00751	0.00575	0.00192	0.00953	0.00476	0.00373	0.01129
9	0.01104	0.00886	0.00993	0.01064	0.01271	0.00801	0.00760	0.01415	0.05043	0.02372	0.06931	0.32497	0.37014	0.02366	0.01057	0.00319	0.00481	0.02054	0.00814	0.00759
10	0.01626	0.00813	0.00813	0.00813	0.01016	0.00813	0.00610	0.02033	0.01829	0.03252	0.02846	0.03252	0.02236	0.01016	0.00610	0.00203	0.00407	0.00813	0.74187	0.00813
11	0.17329	0.03025	0.27859	0.06202	0.03726	0.02067	0.22144	0.02702	0.01835	0.02985	0.01558	0.01952	0.01148	0.00796	0.00838	0.00282	0.01215	0.00746	0.00430	0.01161
12	0.01990	0.01900	0.03236	0.25781	0.44796	0.02028	0.02593	0.02529	0.01906	0.02645	0.01611	0.02214	0.01309	0.00809	0.00866	0.00270	0.01078	0.00777	0.00417	0.01245
13	0.01626	0.00813	0.00813	0.00813	0.01016	0.00813	0.00610	0.02033	0.01829	0.03252	0.02846	0.03252	0.02236	0.01016	0.00610	0.00203	0.00407	0.00813	0.74187	0.00813
14	0.01626	0.00813	0.00813	0.00813	0.01016	0.00813	0.00610	0.02033	0.01829	0.03252	0.02846	0.03252	0.02236	0.01016	0.00610	0.00203	0.00407	0.00813	0.74187	0.00813
15	0.01562	0.01402	0.02070	0.11024	0.02471	0.01828	0.01598	0.01864	0.01424	0.02083	0.01760	0.02678	0.01632	0.03782	0.32084	0.00846	0.27751	0.00845	0.00423	0.00874
16	0.01809	0.01550	0.01809	0.01292	0.02067	0.01163	0.01034	0.02196	0.01809	0.02842	0.01550	0.01809	0.01292	0.00646	0.00646	0.00129	0.00646	0.00517	0.00517	0.74677
17	0.02091	0.01805	0.01897	0.01714	0.02193	0.02071	0.01331	0.04402	0.58162	0.03560	0.03915	0.03609	0.06866	0.01254	0.00897	0.00296	0.00673	0.01045	0.00882	0.01336
18	0.05889	0.03449	0.15691	0.08711	0.06780	0.30037	0.08863	0.03098	0.04727	0.02536	0.01565	0.01887	0.01219	0.00864	0.00828	0.00257	0.01354	0.00679	0.00448	0.01117
19	0.02274	0.46155	0.20082	0.01828	0.02686	0.09401	0.01964	0.02739	0.01861	0.02246	0.01318	0.01532	0.01116	0.00783	0.00653	0.00214	0.01091	0.00523	0.00380	0.01153
20	0.75506	0.01687	0.01282	0.01147	0.01687	0.01957	0.00945	0.02564	0.01484	0.03914	0.01215	0.01417	0.00945	0.00810	0.00540	0.00270	0.00675	0.00472	0.00540	0.00945
21	0.01626	0.00813	0.00813	0.00813	0.01016	0.00813	0.00610	0.02033	0.01829	0.03252	0.02846	0.03252	0.02236	0.01016	0.00610	0.00203	0.00407	0.00813	0.74187	0.00813
22	0.07214	0.04103	0.55932	0.06738	0.03770	0.02015	0.03000	0.02712	0.01809	0.02812	0.01538	0.01843	0.01097	0.00830	0.00810	0.00277	0.01235	0.00641	0.00382	0.01242
23	0.03160	0.03970	0.02568	0.02526	0.08190	0.60120	0.01774	0.03411	0.02428	0.02199	0.01375	0.01626	0.01147	0.00888	0.00793	0.00228	0.01525	0.00581	0.00448	0.01044
24	0.02971	0.03613	0.02751	0.03058	0.18669	0.49201	0.01944	0.03273	0.02345	0.02321	0.01425	0.01726	0.01191	0.00867	0.00807	0.00234	0.01433	0.00618	0.00445	0.01108
25	0.01385	0.01071	0.01049	0.01033	0.01085	0.05204	0.00616	0.01416	0.01403	0.01770	0.03106	0.05630	0.07512	0.59766	0.03941	0.00763	0.00865	0.01263	0.00544	0.00576
26	0.01510	0.01351	0.02011	0.01801	0.01946	0.01689	0.04364	0.01794	0.01449	0.02112	0.02302	0.03151	0.05734	0.04176	0.35896	0.00910	0.25551	0.00937	0.00458	0.00859
27	0.07090	0.01911	0.03146	0.21047	0.44658	0.02030	0.02492	0.02553	0.01889	0.02763	0.01588	0.02151	0.01295	0.00804	0.00843	0.00268	0.01044	0.00756	0.00428	0.01245
28	0.02728	0.01823	0.02044	0.01738	0.02297	0.01986	0.01380	0.09593	0.41489	0.19696	0.03391	0.03076	0.02425	0.01144	0.00884	0.00286	0.00728	0.00940	0.00936	0.01417
29	0.01240	0.00943	0.01158	0.01261	0.01489	0.00882	0.01038	0.01540	0.01952	0.02445	0.06264	0.08967	0.29407	0.06652	0.01341	0.00385	0.00655	0.30836	0.00788	0.00757
30	0.01647	0.01550	0.02616	0.67248	0.06008	0.01938	0.02422	0.02229	0.01744	0.02229	0.01550	0.02326	0.01163	0.00872	0.00872	0.00291	0.01163	0.00775	0.00388	0.00969
31	0.56403	0.07248	0.09205	0.01407	0.02045	0.06368	0.01308	0.02653	0.01615	0.03518	0.01265	0.01477	0.00989	0.00813	0.00592	0.00261	0.00828	0.00499	0.00501	0.01003
32	0.03258	0.04157	0.02472	0.02247	0.02697	0.65843	0.01685	0.03483	0.02472	0.02135	0.01348	0.01573	0.01124	0.00899	0.00787	0.00225	0.01573	0.00562	0.00449	0.01011
33	0.01579	0.20073	0.02309	0.01439	0.01741	0.01801	0.01203	0.01856	0.01493	0.02014	0.01997	0.02943	0.01903	0.08766	0.40928	0.00982	0.04848	0.00819	0.00441	0.00865

[dist]
# distance from previous block
# <min> <max>
0	1

[block]
# block no. 2 follows, 20 sequences, length 64
# corresponding to MSA columns:
# 57-120
name=unknown_C
#
# <colnr> <probs for GDERKNQSTAVLIFYWHMCP>
#	G	D	E	R	K	N	Q	S	T	A	V	L	I	F	Y	W	H	M	C	P
0	0.06937	0.02352	0.02291	0.01896	0.02486	0.08418	0.01518	0.31492	0.25293	0.04409	0.02512	0.02435	0.01855	0.01070	0.00851	0.00271	0.00902	0.00821	0.00820	0.01371
1	0.07160	0.65371	0.04354	0.01470	0.02202	0.03353	0.01456	0.02609	0.01753	0.02175	0.01213	0.01400	0.01108	0.00750	0.00558	0.00192	0.00916	0.00467	0.00384	0.01108
2	0.02259	0.11620	0.02983	0.33789	0.10005	0.02381	0.02100	0.18737	0.02429	0.03175	0.01662	0.02113	0.01267	0.00894	0.00827	0.00265	0.01061	0.00734	0.00525	0.01173
3	0.02048	0.01682	0.01833	0.01626	0.02067	0.01881	0.01267	0.09611	0.41166	0.03799	0.18646	0.03966	0.03960	0.01322	0.00922	0.00287	0.00647	0.01116	0.00905	0.01249
4	0.01246	0.00935	0.01402	0.01402	0.01558	0.01090	0.01090	0.01558	0.01402	0.02025	0.02336	0.03427	0.02181	0.06542	0.65888	0.01402	0.02336	0.00935	0.00467	0.00779
5	0.01626	0.00813	0.00813	0.00813	0.01016	0.00813	0.00610	0.02033	0.01829	0.03252	0.02846	0.03252	0.02236	0.01016	0.00610	0.00203	0.00407	0.00813	0.74187	0.00813
6	0.01963	0.02121	0.06928	0.30058	0.08421	0.02111	0.26087	0.06527	0.02052	0.02745	0.01681	0.02286	0.01260	0.00821	0.00933	0.00288	0.01273	0.00872	0.00444	0.01129
7	0.01426	0.01449	0.05426	0.02059	0.02436	0.01253	0.19369	0.01816	0.01821	0.02453	0.03702	0.41083	0.04125	0.02004	0.01080	0.00335	0.00861	0.05741	0.00675	0.00887
8	0.01626	0.00813	0.00813	0.00813	0.01016	0.00813	0.00610	0.02033	0.01829	0.03252	0.02846	0.03252	0.02236	0.01016	0.00610	0.00203	0.00407	0.00813	0.74187	0.00813
9	0.02298	0.66095	0.08050	0.01550	0.02328	0.03369	0.01592	0.02621	0.01776	0.02093	0.01233	0.01425	0.01119	0.00751	0.00575	0.00192	0.00953	0.00477	0.00373	0.01129
10	0.01626	0.00813	0.00813	0.00813	0.01016	0.00813	0.00610	0.02033	0.01829	0.03252	0.02846	0.03252	0.02236	0.01016	0.00610	0.00203	0.00407	0.00813	0.74187	0.00813
11	0.19275	0.02025	0.02692	0.09835	0.28122	0.02193	0.01993	0.17448	0.02384	0.03705	0.01649	0.01989	0.01285	0.00863	0.00792	0.00265	0.00947	0.00709	0.00564	0.01265
12	0.03258	0.04157	0.02472	0.02247	0.02697	0.65843	0.01685	0.03483	0.02472	0.02135	0.01348	0.01573	0.01124	0.00899	0.00787	0.00225	0.01573	0.00562	0.00449	0.01011
13	0.01967	0.01644	0.01894	0.01367	0.02134	0.01325	0.01099	0.08380	0.02050	0.03122	0.01608	0.01839	0.01312	0.00688	0.00670	0.00143	0.00679	0.00545	0.00554	0.66980
14	0.02338	0.02487	0.16689	0.01836	0.02544	0.02005	0.01768	0.30616	0.03054	0.04154	0.12521	0.03515	0.10143	0.01257	0.00907	0.00271	0.00886	0.01009	0.00761	0.01241
15	0.01934	0.01668	0.01851	0.08089	0.02435	0.01904	0.01351	0.03811	0.45820	0.03246	0.03927	0.03904	0.09678	0.05130	0.01104	0.00326	0.00717	0.01081	0.00809	0.01216
16	0.75506	0.01687	0.01282	0.01147	0.01687	0.01957	0.00945	0.02564	0.01484	0.03914	0.01215	0.01417	0.00945	0.00810	0.00540	0.00270	0.00675	0.00472	0.00540	0.00945
17	0.01626	0.00813	0.00813	0.00813	0.01016	0.00813	0.00610	0.02033	0.01829	0.03252	0.02846	0.03252	0.02236	0.01016	0.00610	0.00203	0.00407	0.00813	0.74187	0.00813
18	0.75506	0.01687	0.01282	0.01147	0.01687	0.01957	0.00945	0.02564	0.01484	0.03914	0.01215	0.01417	0.00945	0.00810	0.00540	0.00270	0.00675	0.00472	0.00540	0.00945
19	0.01515	0.00758	0.01136	0.01136	0.01136	0.00758	0.00758	0.01136	0.01136	0.01515	0.01515	0.02652	0.01515	0.03030	0.03409	0.74621	0.00758	0.00758	0.00379	0.00379
20	0.01155	0.00889	0.01055	0.01014	0.01254	0.00789	0.00760	0.01492	0.02281	0.03051	0.42053	0.07252	0.29900	0.01950	0.01030	0.00282	0.00423	0.01681	0.00901	0.00789
21	0.45858	0.01657	0.01623	0.01340	0.01937	0.01758	0.01105	0.06473	0.01994	0.25639	0.02059	0.02009	0.01409	0.00920	0.00679	0.00269	0.00715	0.00635	0.00751	0.01168
22	0.01970	0.20643	0.35564	0.02511	0.03567	0.02431	0.16202	0.02732	0.01875	0.02589	0.01522	0.01848	0.01160	0.00786	0.00807	0.00258	0.01241	0.00689	0.00387	0.01220
23	0.02137	0.02011	0.03205	0.07628	0.49677	0.02084	0.02424	0.03020	0.13209	0.02969	0.01992	0.02371	0.01610	0.00857	0.00868	0.00267	0.00978	0.00816	0.00515	0.01362
24	0.01248	0.00926	0.01356	0.01356	0.01496	0.01065	0.01033	0.01528	0.01388	0.01991	0.02378	0.03659	0.02282	0.12935	0.59633	0.01345	0.02185	0.00969	0.00474	0.00753
25	0.37489	0.03143	0.34035	0.01837	0.02763	0.01992	0.02119	0.02666	0.01669	0.03320	0.01395	0.01636	0.01027	0.00820	0.00689	0.00273	0.00991	0.00561	0.00451	0.01122
26	0.02131	0.02239	0.07728	0.05158	0.59795	0.02069	0.02714	0.02683	0.01976	0.02844	0.01636	0.02137	0.01363	0.00781	0.00861	0.00260	0.01054	0.00768	0.00427	0.01375
27	0.01221	0.00891	0.01147	0.01083	0.01295	0.00817	0.00812	0.01620	0.02437	0.03423	0.59840	0.06640	0.11880	0.01811	0.01029	0.00276	0.00414	0.01595	0.00950	0.00817
28	0.02221	0.02314	0.02722	0.03612	0.33776	0.16707	0.02048	0.02716	0.04816	0.02644	0.02696	0.03539	0.07880	0.01146	0.00901	0.00272	0.01062	0.07224	0.00535	0.01167
29	0.01626	0.00813	0.00813	0.00813	0.01016	0.00813	0.00610	0.02033	0.01829	0.03252	0.02846	0.03252	0.02236	0.01016	0.00610	0.00203	0.00407	0.00813	0.74187	0.00813
30	0.02170	0.01874	0.01972	0.01775	0.02268	0.02170	0.01381	0.04635	0.62327	0.03649	0.03550	0.03254	0.02663	0.01183	0.00888	0.00296	0.00690	0.00986	0.00888	0.01381
31	0.03316	0.02443	0.02618	0.02007	0.02705	0.02705	0.01658	0.60995	0.04101	0.05497	0.02094	0.02094	0.01483	0.01047	0.00873	0.00262	0.00960	0.00785	0.00873	0.01483
32	0.01626	0.00813	0.00813	0.00813	0.01016	0.00813	0.00610	0.02033	0.01829	0.03252	0.02846	0.03252	0.02236	0.01016	0.00610	0.00203	0.00407	0.00813	0.74187	0.00813
33	0.02775	0.11816	0.05262	0.01808	0.02454	0.02356	0.01561	0.23808	0.19580	0.12241	0.02658	0.02807	0.02009	0.01104	0.00847	0.00269	0.00858	0.03616	0.00808	0.01361
34	0.01268	0.00846	0.00951	0.00951	0.00951	0.00846	0.00529	0.01268	0.01268	0.01691	0.02748	0.05708	0.03171	0.69345	0.04440	0.00846	0.00846	0.01268	0.00529	0.00529
35	0.01038	0.00855	0.00914	0.00961	0.01198	0.00730	0.00697	0.01243	0.01914	0.02326	0.07896	0.22484	0.50067	0.02331	0.01050	0.00308	0.00457	0.01990	0.00810	0.00730
36	0.02487	0.02695	0.03222	0.04427	0.45641	0.21100	0.02381	0.02918	0.02131	0.02636	0.01554	0.01984	0.01305	0.00814	0.00841	0.00249	0.01196	0.00713	0.00437	0.01271
37	0.01943	0.02011	0.03241	0.02609	0.02812	0.02565	0.15441	0.02259	0.01502	0.02259	0.01288	0.02011	0.01186	0.01345	0.02441	0.00362	0.52501	0.00825	0.00395	0.01005
38	0.03147	0.01315	0.01779	0.01422	0.01962	0.01151	0.01151	0.03506	0.02489	0.47050	0.20610	0.03984	0.03896	0.01281	0.00921	0.00271	0.00648	0.01078	0.01045	0.01295
39	0.03303	0.02838	0.02584	0.02062	0.02703	0.17230	0.01664	0.47764	0.03726	0.04724	0.01923	0.01974	0.01401	0.01013	0.00853	0.00253	0.01101	0.00734	0.00775	0.01375
40	0.01702	0.07578	0.04532	0.01322	0.01707	0.04459	0.01096	0.04752	0.05236	0.06593	0.28856	0.09489	0.16031	0.01641	0.00949	0.00273	0.00625	0.01388	0.00817	0.00952
41	0.02054	0.01966	0.03352	0.18012	0.52063	0.02045	0.02625	0.02585	0.01937	0.02723	0.01622	0.02193	0.01337	0.00797	0.00865	0.00266	0.01062	0.00777	0.00423	0.01297
42	0.01107	0.00887	0.00989	0.00964	0.01225	0.00769	0.00723	0.01399	0.02168	0.02783	0.29245	0.07692	0.42875	0.02050	0.01030	0.00287	0.00431	0.01742	0.00866	0.00769
43	0.02276	0.02294	0.03427	0.05024	0.57405	0.08843	0.02572	0.02763	0.02038	0.02774	0.01610	0.02097	0.01354	0.00790	0.00855	0.00255	0.01093	0.00754	0.00434	0.01342
44	0.01246	0.00935	0.01402	0.01402	0.01558	0.01090	0.01090	0.01558	0.01402	0.02025	0.02336	0.03427	0.02181	0.06542	0.65888	0.01402	0.02336	0.00935	0.00467	0.00779
45	0.01268	0.00846	0.00951	0.00951	0.00951	0.00846	0.00529	0.01268	0.01268	0.01691	0.02748	0.05708	0.03171	0.69345	0.04440	0.00846	0.00846	0.01268	0.00529	0.00529
46	0.02332	0.69869	0.04571	0.01493	0.02239	0.03451	0.01493	0.02612	0.01772	0.02052	0.01213	0.01399	0.01119	0.00746	0.00560	0.00187	0.00933	0.00466	0.00373	0.01119
47	0.01308	0.01115	0.01154	0.01104	0.01440	0.01076	0.00839	0.02063	0.16095	0.02722	0.10666	0.07090	0.46239	0.01946	0.00997	0.00294	0.00498	0.01627	0.00837	0.00892
48	0.02910	0.01496	0.01766	0.01423	0.01935	0.01482	0.01152	0.18086	0.02715	0.27264	0.07020	0.03068	0.02422	0.01101	0.00809	0.00249	0.00678	0.00883	0.22298	0.01244
49	0.75506	0.01687	0.01282	0.01147	0.01687	0.01957	0.00945	0.02564	0.01484	0.03914	0.01215	0.01417	0.00945	0.00810	0.00540	0.00270	0.00675	0.00472	0.00540	0.00945
50	0.01626	0.00813	0.00813	0.00813	0.01016	0.00813	0.00610	0.02033	0.01829	0.03252	0.02846	0.03252	0.02236	0.01016	0.00610	0.00203	0.00407	0.00813	0.74187	0.00813
51	0.75506	0.01687	0.01282	0.01147	0.01687	0.01957	0.00945	0.02564	0.01484	0.03914	0.01215	0.01417	0.00945	0.00810	0.00540	0.00270	0.00675	0.00472	0.00540	0.00945
52	0.01562	0.01399	0.02008	0.01826	0.01907	0.01845	0.01481	0.01816	0.01370	0.02060	0.01768	0.02702	0.01686	0.04148	0.35802	0.00915	0.33562	0.00853	0.00426	0.00863
53	0.02004	0.02766	0.19056	0.03801	0.22121	0.02152	0.25311	0.02705	0.01936	0.02757	0.01638	0.02140	0.01276	0.00823	0.01051	0.00285	0.05668	0.00842	0.00417	0.01251
54	0.01086	0.00776	0.01039	0.01241	0.01302	0.00729	0.00850	0.01255	0.01693	0.02253	0.04795	0.64748	0.05718	0.02711	0.01120	0.00357	0.00526	0.06276	0.00809	0.00715
55	0.02109	0.02372	0.11052	0.05003	0.56534	0.02067	0.02744	0.02687	0.01968	0.02839	0.01632	0.02120	0.01348	0.00784	0.00859	0.00261	0.01067	0.00761	0.00424	0.01370
56	0.02085	0.02169	0.02831	0.26170	0.18599	0.12039	0.02243	0.02499	0.01815	0.02333	0.01441	0.02066	0.01205	0.01015	0.01348	0.00295	0.17628	0.00740	0.00406	0.01072
57	0.75506	0.01687	0.01282	0.01147	0.01687	0.01957	0.00945	0.02564	0.01484	0.03914	0.01215	0.01417	0.00945	0.00810	0.00540	0.00270	0.00675	0.00472	0.00540	0.00945
58	0.02293	0.02253	0.02361	0.02376	0.09953	0.14617	0.04913	0.06373	0.27145	0.03106	0.02888	0.07132	0.02486	0.01260	0.00917	0.00290	0.00966	0.06762	0.00706	0.01204
59	0.01063	0.00759	0.01012	0.01215	0.01265	0.00709	0.00810	0.01215	0.01670	0.02227	0.04808	0.68775	0.05769	0.02733	0.01113	0.00354	0.00506	0.02480	0.00810	0.00709
60	0.01263	0.00999	0.01466	0.13555	0.05226	0.01028	0.01202	0.01570	0.01879	0.02543	0.17207	0.39293	0.05257	0.02081	0.01038	0.00320	0.00632	0.01880	0.00747	0.00815
61	0.02797	0.03057	0.02181	0.01917	0.02394	0.36741	0.01473	0.15356	0.06185	0.02978	0.03015	0.03039	0.12806	0.01189	0.00856	0.00250	0.01183	0.00870	0.00631	0.01082
62	0.09781	0.02844	0.02302	0.01924	0.02487	0.26604	0.01520	0.23997	0.02969	0.11206	0.04692	0.02142	0.01687	0.01006	0.00817	0.00250	0.01118	0.00719	0.00710	0.01224
63	0.10328	0.01660	0.01868	0.01518	0.02093	0.01680	0.01231	0.16587	0.09679	0.26206	0.03914	0.03645	0.13265	0.01265	0.00871	0.00276	0.00724	0.01005	0.00905	0.01279

[dist]
# distance from previous block
# <min> <max>
0	0

# created by:
# /home/cegg/simao/soft/augustus-3.2.1/scripts/msa2prfl.pl ./align_prep/14434.fa
