[name]
unknown

[dist]
# distance from previous block
# <min> <max>
0	29

[block]
# block no. 0 follows, 21 sequences, length 53
# corresponding to MSA columns:
# 29-81
name=unknown_A
#
# <colnr> <probs for GDERKNQSTAVLIFYWHMCP>
#	G	D	E	R	K	N	Q	S	T	A	V	L	I	F	Y	W	H	M	C	P
0	0.01892	0.01226	0.01382	0.01314	0.01659	0.04444	0.01053	0.02285	0.04998	0.16374	0.08870	0.10439	0.23633	0.01850	0.00998	0.00305	0.00650	0.14848	0.00840	0.00942
1	0.01279	0.00969	0.01323	0.01296	0.01375	0.01118	0.00943	0.01459	0.01331	0.01882	0.02425	0.07406	0.02537	0.27370	0.35640	0.01030	0.08356	0.01084	0.00485	0.00690
2	0.02201	0.51536	0.04616	0.02051	0.02816	0.03028	0.18271	0.02598	0.01807	0.02204	0.01333	0.01625	0.01148	0.00725	0.00674	0.00211	0.01057	0.00608	0.00383	0.01108
3	0.01347	0.01106	0.01223	0.01234	0.01507	0.01117	0.00925	0.02166	0.18972	0.02632	0.05877	0.23321	0.27777	0.02025	0.00999	0.00310	0.00537	0.05225	0.00811	0.00891
4	0.22696	0.01913	0.02407	0.02862	0.25106	0.04975	0.01730	0.06559	0.02029	0.16086	0.01843	0.02031	0.01373	0.00882	0.00843	0.00262	0.03888	0.00687	0.00606	0.01223
5	0.23153	0.05269	0.02177	0.05657	0.02442	0.25516	0.01486	0.05984	0.06161	0.02837	0.01442	0.01713	0.01174	0.00959	0.00995	0.00262	0.10664	0.00600	0.00498	0.01011
6	0.01049	0.00746	0.00984	0.01169	0.01215	0.00699	0.00773	0.01188	0.01605	0.02140	0.04567	0.65592	0.05472	0.06825	0.01286	0.00375	0.00514	0.02346	0.00773	0.00680
7	0.22004	0.09748	0.12921	0.01568	0.02331	0.02001	0.01507	0.13190	0.02086	0.03424	0.01487	0.01674	0.01154	0.00785	0.00664	0.00217	0.00830	0.00556	0.00533	0.21321
8	0.18111	0.01803	0.02253	0.05894	0.02550	0.05198	0.12129	0.11983	0.05916	0.03239	0.03072	0.06143	0.12354	0.01431	0.03995	0.00327	0.00951	0.01000	0.00622	0.01026
9	0.09718	0.01958	0.05341	0.01701	0.02300	0.01988	0.01426	0.13993	0.30546	0.17482	0.02877	0.02676	0.02052	0.01056	0.00826	0.00274	0.00759	0.00840	0.00846	0.01341
10	0.01707	0.04402	0.65683	0.02426	0.03683	0.01976	0.03144	0.02695	0.01797	0.02695	0.01527	0.01797	0.01078	0.00809	0.00809	0.00270	0.01258	0.00629	0.00359	0.01258
11	0.02089	0.02071	0.03738	0.04928	0.53875	0.02046	0.13294	0.02632	0.01951	0.02770	0.01623	0.02140	0.01338	0.00751	0.00872	0.00259	0.01088	0.00803	0.00423	0.01312
12	0.01822	0.01790	0.02757	0.49103	0.19621	0.05917	0.02378	0.02353	0.01801	0.02312	0.01521	0.02185	0.01183	0.00831	0.00844	0.00272	0.01130	0.00744	0.00392	0.01043
13	0.01063	0.00768	0.01011	0.01184	0.01264	0.00716	0.00818	0.01242	0.01703	0.02260	0.07643	0.59386	0.09115	0.02575	0.01083	0.00341	0.00504	0.05824	0.00796	0.00704
14	0.03818	0.01448	0.01975	0.01514	0.02172	0.01251	0.01251	0.04147	0.02436	0.65373	0.03357	0.02897	0.02107	0.01053	0.00856	0.00263	0.00724	0.00856	0.01053	0.01448
15	0.01112	0.00795	0.01047	0.01141	0.01235	0.00757	0.00786	0.01328	0.01796	0.02460	0.21015	0.42176	0.05860	0.08625	0.05358	0.00429	0.00606	0.01977	0.00786	0.00711
16	0.03120	0.03849	0.02430	0.02180	0.02612	0.59688	0.01653	0.06933	0.02457	0.02283	0.01351	0.01582	0.01119	0.00915	0.00869	0.00229	0.04689	0.00571	0.00461	0.01012
17	0.01037	0.00741	0.00987	0.01185	0.01234	0.00691	0.00790	0.01185	0.01629	0.02172	0.04690	0.69537	0.05629	0.02666	0.01086	0.00346	0.00494	0.02419	0.00790	0.00691
18	0.01060	0.00852	0.00955	0.01021	0.01247	0.00747	0.00771	0.01285	0.01878	0.02305	0.07271	0.21048	0.44500	0.02286	0.01045	0.00313	0.00490	0.09416	0.00789	0.00721
19	0.02092	0.02303	0.04460	0.03977	0.21196	0.05189	0.42348	0.02726	0.02008	0.02710	0.01669	0.02206	0.01298	0.00736	0.00948	0.00274	0.01321	0.00914	0.00428	0.01196
20	0.01087	0.00865	0.00975	0.00948	0.01199	0.00753	0.00711	0.01379	0.02132	0.02755	0.31461	0.07438	0.41314	0.01985	0.01005	0.00279	0.00419	0.01691	0.00850	0.00753
21	0.01220	0.00894	0.01277	0.01277	0.01397	0.01014	0.00951	0.01461	0.01341	0.01908	0.02362	0.03803	0.02327	0.19544	0.53831	0.01256	0.01979	0.00979	0.00468	0.00709
22	0.01798	0.03948	0.52232	0.09185	0.07577	0.05347	0.02955	0.02674	0.01828	0.02616	0.01519	0.01849	0.01101	0.00813	0.00813	0.00267	0.01245	0.00645	0.00369	0.01218
23	0.02129	0.18839	0.37070	0.02298	0.06586	0.07137	0.02463	0.09049	0.02071	0.02785	0.01494	0.01725	0.01137	0.00816	0.00753	0.00244	0.01152	0.00606	0.00422	0.01226
24	0.02327	0.01610	0.01808	0.01582	0.02062	0.01743	0.01241	0.04004	0.41830	0.16258	0.09795	0.03661	0.05801	0.01237	0.00884	0.00281	0.00646	0.01035	0.00908	0.01285
25	0.01855	0.01763	0.02964	0.28117	0.39178	0.01894	0.02400	0.02366	0.01851	0.02527	0.01997	0.02538	0.05120	0.00878	0.00856	0.00266	0.01021	0.00821	0.00428	0.01161
26	0.11049	0.27995	0.02907	0.01586	0.02177	0.12258	0.01371	0.16481	0.02388	0.03119	0.05754	0.02276	0.05451	0.00976	0.00705	0.00226	0.00921	0.00692	0.00570	0.01099
27	0.03006	0.01521	0.05710	0.01494	0.02070	0.01245	0.01275	0.03504	0.06085	0.44163	0.13166	0.07142	0.03227	0.01246	0.00890	0.00271	0.00689	0.01046	0.00965	0.01284
28	0.01759	0.04041	0.55286	0.02625	0.03814	0.02006	0.13179	0.02700	0.01833	0.02700	0.01561	0.01882	0.01115	0.00793	0.00842	0.00272	0.01288	0.00693	0.00372	0.01239
29	0.02129	0.09368	0.13969	0.19664	0.03505	0.09426	0.02018	0.12175	0.05965	0.02851	0.01883	0.02516	0.01531	0.01278	0.04518	0.00326	0.01163	0.04094	0.00515	0.01107
30	0.17443	0.02808	0.13335	0.01900	0.05911	0.23493	0.01605	0.02567	0.01971	0.02640	0.02932	0.03031	0.14847	0.01118	0.00781	0.00254	0.01033	0.00828	0.00518	0.00985
31	0.01238	0.00825	0.00928	0.00928	0.00928	0.00825	0.00516	0.01238	0.01238	0.01650	0.02681	0.05569	0.03094	0.70092	0.04331	0.00825	0.00825	0.01238	0.00516	0.00516
32	0.01254	0.00956	0.01393	0.01372	0.01500	0.01126	0.01053	0.01521	0.01351	0.01947	0.02255	0.03484	0.02168	0.12516	0.56858	0.01257	0.05850	0.00935	0.00457	0.00745
33	0.01747	0.03425	0.43286	0.02951	0.18226	0.01855	0.02750	0.02552	0.01900	0.02797	0.08657	0.02388	0.01931	0.00902	0.00839	0.00265	0.01101	0.00763	0.00440	0.01228
34	0.02424	0.02715	0.02859	0.17012	0.28224	0.27364	0.02181	0.02830	0.02075	0.02381	0.01471	0.01916	0.01205	0.00824	0.00815	0.00246	0.01242	0.00675	0.00419	0.01123
35	0.01178	0.00817	0.00971	0.01001	0.01059	0.00788	0.00626	0.01285	0.01547	0.02079	0.13379	0.19058	0.07855	0.41321	0.02937	0.00606	0.00666	0.01562	0.00656	0.00610
36	0.02056	0.40154	0.25392	0.02131	0.06664	0.02745	0.05249	0.02612	0.01780	0.02325	0.01355	0.01607	0.01113	0.00757	0.00678	0.00222	0.01063	0.00562	0.00369	0.01167
37	0.02740	0.03346	0.02451	0.20576	0.03533	0.48591	0.01845	0.03057	0.02213	0.02108	0.01370	0.01740	0.01107	0.00870	0.00791	0.00237	0.01423	0.00606	0.00422	0.00975
38	0.02056	0.01517	0.01731	0.01497	0.01868	0.01645	0.01160	0.18958	0.18658	0.03641	0.19704	0.03644	0.03594	0.01607	0.01345	0.13825	0.00682	0.01029	0.00792	0.01046
39	0.01945	0.02028	0.03662	0.03425	0.18307	0.02222	0.24615	0.02411	0.01748	0.02492	0.01743	0.02321	0.03592	0.01044	0.01574	0.00308	0.24150	0.00885	0.00422	0.01107
40	0.02348	0.02620	0.03476	0.08283	0.28985	0.20092	0.16444	0.02829	0.02071	0.02531	0.01544	0.02003	0.01250	0.00788	0.00861	0.00254	0.01267	0.00758	0.00425	0.01172
41	0.01151	0.00901	0.01069	0.01158	0.01395	0.00819	0.00939	0.01432	0.01929	0.02389	0.06778	0.12312	0.37655	0.02262	0.01077	0.00332	0.00573	0.24300	0.00788	0.00742
42	0.01216	0.00823	0.00967	0.00987	0.01003	0.00829	0.00584	0.01253	0.01287	0.01727	0.02854	0.11839	0.03277	0.58593	0.08625	0.00817	0.00899	0.01332	0.00539	0.00551
43	0.02724	0.16940	0.16929	0.02009	0.02747	0.23551	0.01910	0.13708	0.02427	0.07125	0.01607	0.01744	0.01224	0.00870	0.00754	0.00233	0.01185	0.00608	0.00523	0.01183
44	0.01728	0.04258	0.61534	0.02505	0.03736	0.01988	0.07148	0.02697	0.01811	0.02697	0.01540	0.01831	0.01093	0.00802	0.00822	0.00271	0.01270	0.00655	0.00364	0.01250
45	0.01094	0.00863	0.00989	0.00987	0.01225	0.00758	0.00743	0.01379	0.02087	0.02694	0.27819	0.11352	0.38327	0.02049	0.01018	0.00289	0.00440	0.04298	0.00842	0.00749
46	0.21896	0.01942	0.03096	0.07351	0.33645	0.02008	0.12827	0.02578	0.01806	0.03015	0.01506	0.01956	0.01211	0.00765	0.00788	0.00263	0.01000	0.00723	0.00449	0.01175
47	0.07348	0.01631	0.02416	0.06946	0.26795	0.01565	0.01735	0.02643	0.01873	0.14973	0.01884	0.02209	0.01452	0.01022	0.01035	0.07777	0.00842	0.00709	0.00560	0.14585
48	0.13312	0.02613	0.19940	0.06598	0.31509	0.02028	0.02420	0.06655	0.01955	0.03063	0.01544	0.01915	0.01206	0.00799	0.00786	0.00261	0.01025	0.00678	0.00448	0.01246
49	0.02694	0.14706	0.02841	0.15321	0.06783	0.28521	0.01782	0.08442	0.02272	0.06760	0.01555	0.01825	0.01219	0.00864	0.00764	0.00234	0.01204	0.00627	0.00493	0.01092
50	0.07571	0.03198	0.02396	0.02325	0.08761	0.40976	0.01645	0.09064	0.05189	0.08553	0.01694	0.01833	0.01306	0.00903	0.00781	0.00236	0.01256	0.00632	0.00559	0.01123
51	0.07304	0.02155	0.02117	0.02294	0.13416	0.15609	0.01540	0.11642	0.08839	0.03071	0.03256	0.03901	0.12072	0.01281	0.00874	0.00272	0.00931	0.07692	0.00647	0.01088
52	0.07278	0.02730	0.08940	0.05070	0.06926	0.27066	0.01638	0.02722	0.05679	0.02587	0.08762	0.03295	0.08959	0.01162	0.00838	0.00257	0.01071	0.03458	0.00561	0.01000

[dist]
# distance from previous block
# <min> <max>
0	61

[block]
# block no. 1 follows, 21 sequences, length 101
# corresponding to MSA columns:
# 145-245
name=unknown_B
#
# <colnr> <probs for GDERKNQSTAVLIFYWHMCP>
#	G	D	E	R	K	N	Q	S	T	A	V	L	I	F	Y	W	H	M	C	P
0	0.01830	0.05573	0.01823	0.05130	0.02029	0.04485	0.01189	0.12649	0.05563	0.02970	0.10113	0.11914	0.05353	0.06622	0.09117	0.00433	0.00941	0.03373	0.00671	0.08223
1	0.01850	0.01346	0.01558	0.01379	0.01775	0.01310	0.01058	0.12119	0.08391	0.06717	0.03676	0.20200	0.09114	0.06638	0.01162	0.00312	0.00663	0.05192	0.00750	0.14789
2	0.02572	0.06438	0.02549	0.01798	0.02467	0.01867	0.08362	0.21588	0.02637	0.13717	0.04999	0.05332	0.01956	0.00983	0.00813	0.00229	0.00840	0.00834	0.00719	0.19300
3	0.02579	0.01877	0.02112	0.01598	0.02295	0.01818	0.01300	0.26379	0.07234	0.10020	0.02049	0.02091	0.01516	0.00866	0.00758	0.00203	0.00765	0.00677	0.00723	0.33139
4	0.03235	0.02384	0.02554	0.01958	0.02639	0.02639	0.01618	0.61946	0.04001	0.05363	0.02043	0.02043	0.01447	0.01022	0.00851	0.00255	0.00936	0.00766	0.00851	0.01447
5	0.01238	0.00825	0.00928	0.00928	0.00928	0.00825	0.00516	0.01238	0.01238	0.01650	0.02681	0.05569	0.03094	0.70092	0.04331	0.00825	0.00825	0.01238	0.00516	0.00516
6	0.01149	0.00849	0.01073	0.01056	0.01247	0.00773	0.00777	0.01484	0.02220	0.03055	0.46817	0.16128	0.16335	0.01943	0.01016	0.00282	0.00420	0.01711	0.00892	0.00773
7	0.01926	0.02875	0.21717	0.03267	0.04237	0.02104	0.45579	0.02717	0.01950	0.02717	0.01668	0.02158	0.01233	0.00742	0.00950	0.00282	0.01386	0.00901	0.00411	0.01178
8	0.01174	0.00897	0.01096	0.01127	0.01360	0.00819	0.00899	0.01502	0.02105	0.02747	0.26497	0.07952	0.28805	0.02067	0.01052	0.00309	0.00518	0.17468	0.00838	0.00765
9	0.02046	0.02034	0.03676	0.04346	0.40648	0.02016	0.18722	0.02744	0.06456	0.02812	0.01906	0.02586	0.01590	0.00850	0.00904	0.00271	0.01092	0.03560	0.00473	0.01266
10	0.03235	0.02384	0.02554	0.01958	0.02639	0.02639	0.01618	0.61946	0.04001	0.05363	0.02043	0.02043	0.01447	0.01022	0.00851	0.00255	0.00936	0.00766	0.00851	0.01447
11	0.02057	0.01972	0.03366	0.11367	0.59022	0.02009	0.02587	0.02569	0.01915	0.02721	0.01592	0.02122	0.01327	0.00767	0.00843	0.00256	0.01023	0.00758	0.00417	0.01309
12	0.76103	0.01646	0.01251	0.01119	0.01646	0.01909	0.00922	0.02502	0.01448	0.03818	0.01185	0.01382	0.00922	0.00790	0.00527	0.00263	0.00658	0.00461	0.00527	0.00922
13	0.01765	0.01513	0.01765	0.01260	0.02017	0.01134	0.01008	0.02143	0.01765	0.02773	0.01513	0.01765	0.01260	0.00630	0.00630	0.00126	0.00630	0.00504	0.00504	0.75295
14	0.01204	0.00870	0.01138	0.01071	0.01271	0.00803	0.00803	0.01606	0.02409	0.03413	0.64335	0.06357	0.08030	0.01740	0.01004	0.00268	0.00401	0.01539	0.00937	0.00803
15	0.01707	0.04402	0.65683	0.02426	0.03683	0.01976	0.03144	0.02695	0.01797	0.02695	0.01527	0.01797	0.01078	0.00809	0.00809	0.00270	0.01258	0.00629	0.00359	0.01258
16	0.01732	0.07296	0.63007	0.02383	0.03618	0.02037	0.03070	0.02689	0.01794	0.02665	0.01512	0.01778	0.01079	0.00805	0.00797	0.00266	0.01242	0.00621	0.00360	0.01250
17	0.01749	0.09259	0.61192	0.02354	0.03573	0.02078	0.03020	0.02684	0.01792	0.02644	0.01502	0.01765	0.01079	0.00803	0.00789	0.00263	0.01232	0.00616	0.00360	0.01246
18	0.02117	0.01828	0.01924	0.01732	0.02213	0.02117	0.01347	0.04522	0.63246	0.03560	0.03464	0.03175	0.02598	0.01155	0.00866	0.00289	0.00673	0.00962	0.00866	0.01347
19	0.01006	0.00862	0.00862	0.00862	0.01149	0.00718	0.00647	0.01221	0.01940	0.02299	0.08621	0.08190	0.64438	0.02155	0.01006	0.00287	0.00431	0.01796	0.00790	0.00718
20	0.01478	0.00739	0.01109	0.01109	0.01109	0.00739	0.00739	0.01109	0.01109	0.01478	0.01478	0.02587	0.01478	0.02956	0.03326	0.75240	0.00739	0.00739	0.00370	0.00370
21	0.01607	0.01513	0.02552	0.68047	0.05861	0.01891	0.02363	0.02174	0.01702	0.02174	0.01513	0.02269	0.01134	0.00851	0.00851	0.00284	0.01134	0.00756	0.00378	0.00945
22	0.03818	0.01448	0.01975	0.01514	0.02172	0.01251	0.01251	0.04147	0.02436	0.65373	0.03357	0.02897	0.02107	0.01053	0.00856	0.00263	0.00724	0.00856	0.01053	0.01448
23	0.01037	0.00741	0.00987	0.01185	0.01234	0.00691	0.00790	0.01185	0.01629	0.02172	0.04690	0.69537	0.05629	0.02666	0.01086	0.00346	0.00494	0.02419	0.00790	0.00691
24	0.01216	0.00912	0.01368	0.01368	0.01520	0.01064	0.01064	0.01520	0.01368	0.01976	0.02279	0.03343	0.02127	0.06382	0.66720	0.01368	0.02279	0.00912	0.00456	0.00760
25	0.02275	0.70604	0.04459	0.01456	0.02184	0.03367	0.01456	0.02548	0.01729	0.02002	0.01183	0.01365	0.01092	0.00728	0.00546	0.00182	0.00910	0.00455	0.00364	0.01092
26	0.02117	0.01828	0.01924	0.01732	0.02213	0.02117	0.01347	0.04522	0.63246	0.03560	0.03464	0.03175	0.02598	0.01155	0.00866	0.00289	0.00673	0.00962	0.00866	0.01347
27	0.02009	0.02296	0.05022	0.03587	0.04448	0.02152	0.61693	0.02726	0.02009	0.02726	0.01722	0.02296	0.01291	0.00717	0.01004	0.00287	0.01435	0.01004	0.00430	0.01148
28	0.01037	0.00741	0.00987	0.01185	0.01234	0.00691	0.00790	0.01185	0.01629	0.02172	0.04690	0.69537	0.05629	0.02666	0.01086	0.00346	0.00494	0.02419	0.00790	0.00691
29	0.01704	0.01611	0.02728	0.55848	0.17302	0.01916	0.02412	0.02259	0.01747	0.02292	0.01530	0.02237	0.01176	0.00833	0.00849	0.00278	0.01110	0.00757	0.00387	0.01024
30	0.01607	0.01513	0.02552	0.68047	0.05861	0.01891	0.02363	0.02174	0.01702	0.02174	0.01513	0.02269	0.01134	0.00851	0.00851	0.00284	0.01134	0.00756	0.00378	0.00945
31	0.03235	0.02384	0.02554	0.01958	0.02639	0.02639	0.01618	0.61946	0.04001	0.05363	0.02043	0.02043	0.01447	0.01022	0.00851	0.00255	0.00936	0.00766	0.00851	0.01447
32	0.01765	0.01513	0.01765	0.01260	0.02017	0.01134	0.01008	0.02143	0.01765	0.02773	0.01513	0.01765	0.01260	0.00630	0.00630	0.00126	0.00630	0.00504	0.00504	0.75295
33	0.02005	0.01505	0.01789	0.01290	0.02035	0.01148	0.01037	0.02378	0.01843	0.10106	0.01729	0.01897	0.01360	0.00680	0.00657	0.00142	0.00641	0.00545	0.00569	0.66644
34	0.02356	0.02421	0.01997	0.01810	0.02265	0.21095	0.01388	0.03969	0.41166	0.03039	0.03175	0.03026	0.06298	0.01140	0.00846	0.00268	0.00912	0.00896	0.00735	0.01198
35	0.01707	0.04402	0.65683	0.02426	0.03683	0.01976	0.03144	0.02695	0.01797	0.02695	0.01527	0.01797	0.01078	0.00809	0.00809	0.00270	0.01258	0.00629	0.00359	0.01258
36	0.02111	0.03150	0.29395	0.02692	0.03619	0.02207	0.21481	0.14162	0.02256	0.03176	0.01659	0.02009	0.01221	0.00871	0.01025	0.00280	0.06187	0.00784	0.00479	0.01235
37	0.01158	0.00868	0.01073	0.01022	0.01243	0.00783	0.00767	0.01516	0.02300	0.03153	0.51351	0.06784	0.21176	0.01837	0.01004	0.00272	0.00408	0.01599	0.00903	0.00783
38	0.01916	0.01951	0.02599	0.02233	0.02250	0.05223	0.01853	0.02103	0.01349	0.02049	0.01125	0.01848	0.01116	0.01464	0.02710	0.00366	0.65798	0.00737	0.00375	0.00933
39	0.01181	0.00869	0.01105	0.01046	0.01257	0.00793	0.00784	0.01560	0.02353	0.03280	0.57700	0.06575	0.14747	0.01789	0.01004	0.00270	0.00405	0.01570	0.00919	0.00793
40	0.01231	0.00852	0.01066	0.01066	0.01113	0.00900	0.00687	0.01326	0.01278	0.01752	0.02556	0.04873	0.02792	0.50163	0.23847	0.00995	0.01280	0.01136	0.00497	0.00592
41	0.03274	0.02321	0.02515	0.01928	0.02608	0.02546	0.01593	0.58073	0.03896	0.09384	0.02131	0.02100	0.01491	0.01024	0.00852	0.00256	0.00922	0.00772	0.00865	0.01447
42	0.01938	0.01499	0.01736	0.01685	0.04354	0.01615	0.01220	0.18749	0.16785	0.03401	0.03552	0.32699	0.03596	0.01783	0.00960	0.00304	0.00678	0.01556	0.00810	0.01079
43	0.01707	0.04402	0.65683	0.02426	0.03683	0.01976	0.03144	0.02695	0.01797	0.02695	0.01527	0.01797	0.01078	0.00809	0.00809	0.00270	0.01258	0.00629	0.00359	0.01258
44	0.02847	0.28470	0.03163	0.01922	0.02467	0.43451	0.01575	0.03086	0.02161	0.02053	0.01267	0.01472	0.01095	0.00822	0.00686	0.00206	0.01306	0.00514	0.00411	0.01025
45	0.01176	0.01126	0.05782	0.01101	0.01408	0.00861	0.00923	0.01559	0.02209	0.02992	0.41339	0.06627	0.26137	0.01809	0.00990	0.00274	0.00474	0.01557	0.00846	0.00808
46	0.06229	0.03312	0.38123	0.08685	0.15357	0.01992	0.09141	0.02626	0.01817	0.02736	0.01540	0.01925	0.01147	0.00792	0.00823	0.00269	0.01184	0.00695	0.00390	0.01216
47	0.02229	0.02330	0.03097	0.15387	0.42631	0.14553	0.02381	0.02690	0.01989	0.02541	0.01530	0.02023	0.01263	0.00797	0.00829	0.00252	0.01134	0.00717	0.00417	0.01209
48	0.01707	0.04402	0.65683	0.02426	0.03683	0.01976	0.03144	0.02695	0.01797	0.02695	0.01527	0.01797	0.01078	0.00809	0.00809	0.00270	0.01258	0.00629	0.00359	0.01258
49	0.01222	0.00886	0.01238	0.01238	0.01345	0.00993	0.00902	0.01436	0.01329	0.01879	0.02398	0.04001	0.02413	0.25204	0.48289	0.01207	0.01850	0.01008	0.00474	0.00688
50	0.05508	0.03861	0.46056	0.02528	0.08669	0.09804	0.02707	0.02845	0.01903	0.06161	0.01593	0.01833	0.01153	0.00825	0.00796	0.00261	0.01212	0.00635	0.00421	0.01227
51	0.01888	0.08242	0.33152	0.02971	0.09928	0.02173	0.20225	0.02646	0.01839	0.02624	0.01543	0.01948	0.01172	0.00811	0.00969	0.00273	0.05260	0.00747	0.00388	0.01203
52	0.03818	0.01448	0.01975	0.01514	0.02172	0.01251	0.01251	0.04147	0.02436	0.65373	0.03357	0.02897	0.02107	0.01053	0.00856	0.00263	0.00724	0.00856	0.01053	0.01448
53	0.02018	0.01994	0.03585	0.14025	0.46225	0.02025	0.12415	0.02568	0.01915	0.02684	0.01608	0.02161	0.01308	0.00765	0.00871	0.00263	0.01099	0.00799	0.00417	0.01256
54	0.01698	0.01154	0.04854	0.01429	0.01702	0.00966	0.01185	0.02000	0.01877	0.13736	0.04120	0.30708	0.04378	0.05312	0.01210	0.00364	0.00690	0.20938	0.00799	0.00882
55	0.02327	0.39611	0.14104	0.01791	0.02527	0.02920	0.01808	0.14057	0.02140	0.02775	0.01401	0.01617	0.01161	0.00873	0.00869	0.00229	0.07586	0.00573	0.00459	0.01173
56	0.03658	0.01706	0.02134	0.01636	0.02301	0.01633	0.01352	0.20055	0.02867	0.48857	0.02996	0.02662	0.01925	0.01045	0.00855	0.00261	0.00783	0.00831	0.00998	0.01448
57	0.01200	0.00816	0.00933	0.00959	0.00979	0.00802	0.00558	0.01230	0.01322	0.01749	0.03220	0.14185	0.06235	0.58031	0.03748	0.00737	0.00763	0.01420	0.00565	0.00548
58	0.01282	0.01061	0.01315	0.01451	0.07091	0.01019	0.00972	0.01788	0.07994	0.02718	0.20927	0.09734	0.30522	0.02164	0.05802	0.00362	0.00639	0.01525	0.00777	0.00860
59	0.03111	0.02193	0.02413	0.01877	0.02512	0.02407	0.01545	0.52707	0.03669	0.09485	0.02159	0.02213	0.01552	0.01467	0.06300	0.00348	0.01032	0.00785	0.00833	0.01390
60	0.02009	0.02296	0.05022	0.03587	0.04448	0.02152	0.61693	0.02726	0.02009	0.02726	0.01722	0.02296	0.01291	0.00717	0.01004	0.00287	0.01435	0.01004	0.00430	0.01148
61	0.01328	0.00929	0.00990	0.00937	0.01267	0.00779	0.00716	0.01556	0.01997	0.09522	0.08018	0.07584	0.57300	0.02029	0.00989	0.00285	0.00465	0.01688	0.00820	0.00802
62	0.02138	0.31628	0.09338	0.01698	0.02323	0.05214	0.05901	0.02522	0.01852	0.09032	0.05586	0.05954	0.02011	0.01675	0.09266	0.00376	0.01115	0.00791	0.00515	0.01064
63	0.01263	0.00945	0.01221	0.01359	0.01582	0.00902	0.01157	0.01603	0.01953	0.02474	0.05721	0.09183	0.22480	0.02293	0.01125	0.00361	0.00680	0.42147	0.00786	0.00764
64	0.01273	0.00919	0.01252	0.01435	0.01605	0.00898	0.01194	0.01598	0.01885	0.02447	0.04823	0.22815	0.09050	0.02408	0.01144	0.00375	0.00696	0.42642	0.00785	0.00759
65	0.01961	0.01873	0.03191	0.23565	0.47581	0.01984	0.02539	0.02484	0.01869	0.02603	0.01575	0.02154	0.01286	0.00785	0.00845	0.00262	0.01047	0.00758	0.00409	0.01230
66	0.02942	0.03423	0.08744	0.02458	0.09031	0.36176	0.01882	0.19364	0.02741	0.03116	0.01565	0.01758	0.01217	0.00898	0.00802	0.00237	0.01290	0.00637	0.00543	0.01176
67	0.02124	0.03247	0.24116	0.02655	0.03497	0.15019	0.21996	0.02980	0.07983	0.02639	0.01768	0.02104	0.01342	0.01043	0.03435	0.00310	0.01355	0.00781	0.00452	0.01156
68	0.01238	0.00825	0.00928	0.00928	0.00928	0.00825	0.00516	0.01238	0.01238	0.01650	0.02681	0.05569	0.03094	0.70092	0.04331	0.00825	0.00825	0.01238	0.00516	0.00516
69	0.01863	0.22623	0.48833	0.02159	0.03271	0.02359	0.02680	0.02655	0.01778	0.02504	0.01432	0.01678	0.01082	0.00786	0.00736	0.00245	0.01162	0.00581	0.00361	0.01212
70	0.02009	0.01747	0.02896	0.08941	0.46388	0.01757	0.02201	0.02442	0.01878	0.06330	0.02090	0.09608	0.01934	0.04805	0.01062	0.00297	0.00937	0.00969	0.00501	0.01208
71	0.03035	0.06868	0.02617	0.02441	0.08688	0.53844	0.01729	0.06533	0.02422	0.02329	0.01378	0.01611	0.01140	0.00866	0.00769	0.00223	0.01421	0.00576	0.00456	0.01052
72	0.01037	0.00741	0.00987	0.01185	0.01234	0.00691	0.00790	0.01185	0.01629	0.02172	0.04690	0.69537	0.05629	0.02666	0.01086	0.00346	0.00494	0.02419	0.00790	0.00691
73	0.02534	0.02626	0.02658	0.02455	0.08642	0.23485	0.07127	0.13638	0.02336	0.02874	0.01715	0.05080	0.01479	0.01086	0.01210	0.00270	0.14262	0.00789	0.04646	0.01086
74	0.01285	0.01014	0.01500	0.01460	0.01596	0.01229	0.01149	0.01576	0.01361	0.01983	0.02155	0.03185	0.02019	0.05859	0.59875	0.01261	0.09374	0.00894	0.00447	0.00778
75	0.01371	0.00980	0.01371	0.01567	0.01763	0.00980	0.01371	0.01763	0.01959	0.02547	0.04506	0.09599	0.04898	0.02351	0.01175	0.00392	0.00784	0.59056	0.00784	0.00784
76	0.06396	0.08171	0.02743	0.09587	0.06249	0.38489	0.05293	0.08563	0.02336	0.02554	0.01428	0.01719	0.01149	0.00857	0.00774	0.00235	0.01312	0.00619	0.00468	0.01058
77	0.02222	0.03319	0.40669	0.02264	0.05911	0.01847	0.02474	0.03250	0.10562	0.15871	0.02183	0.02233	0.01518	0.00906	0.00828	0.00270	0.01053	0.00729	0.00578	0.01314
78	0.01707	0.04402	0.65683	0.02426	0.03683	0.01976	0.03144	0.02695	0.01797	0.02695	0.01527	0.01797	0.01078	0.00809	0.00809	0.00270	0.01258	0.00629	0.00359	0.01258
79	0.01135	0.00825	0.01089	0.01252	0.01374	0.00779	0.00937	0.01371	0.01793	0.02356	0.08308	0.43563	0.11311	0.02478	0.01098	0.00348	0.00562	0.17898	0.00796	0.00725
80	0.01940	0.01440	0.01667	0.01339	0.01841	0.01305	0.01031	0.12594	0.02085	0.05811	0.02314	0.07634	0.02209	0.15414	0.01511	0.00330	0.00729	0.04099	0.00628	0.34078
81	0.01607	0.01513	0.02552	0.68047	0.05861	0.01891	0.02363	0.02174	0.01702	0.02174	0.01513	0.02269	0.01134	0.00851	0.00851	0.00284	0.01134	0.00756	0.00378	0.00945
82	0.14551	0.01969	0.03561	0.09732	0.18418	0.01984	0.28217	0.02548	0.01887	0.02906	0.04838	0.02303	0.01577	0.00806	0.00869	0.00273	0.01118	0.00856	0.00466	0.01120
83	0.01974	0.02073	0.07433	0.18374	0.48180	0.01991	0.02595	0.02524	0.01878	0.02646	0.01577	0.02120	0.01285	0.00781	0.00842	0.00260	0.01054	0.00749	0.00408	0.01256
84	0.02291	0.02554	0.02696	0.30333	0.17447	0.25629	0.02154	0.02717	0.02013	0.02272	0.01460	0.01965	0.01167	0.00840	0.00818	0.00253	0.01254	0.00681	0.00410	0.01048
85	0.01315	0.01303	0.05817	0.02003	0.14610	0.01075	0.01287	0.01642	0.01884	0.02513	0.11825	0.26038	0.21633	0.01891	0.00984	0.00295	0.00624	0.01673	0.00701	0.00887
86	0.01881	0.01744	0.02794	0.15766	0.28772	0.01886	0.05414	0.02636	0.10248	0.02695	0.02271	0.03444	0.02015	0.01113	0.01009	0.00293	0.04488	0.09851	0.00528	0.01152
87	0.02059	0.26288	0.24664	0.02600	0.15714	0.06742	0.02250	0.02625	0.01872	0.02468	0.04285	0.01905	0.01458	0.00818	0.00732	0.00233	0.01067	0.00633	0.00406	0.01181
88	0.01438	0.00918	0.01160	0.01092	0.01344	0.00824	0.00821	0.01767	0.02233	0.09963	0.39994	0.13452	0.18052	0.01848	0.00997	0.00280	0.00454	0.01612	0.00905	0.00846
89	0.01061	0.00819	0.00969	0.01027	0.01208	0.00727	0.00734	0.01293	0.01930	0.02500	0.19555	0.30234	0.30389	0.02250	0.01035	0.00304	0.00447	0.01967	0.00823	0.00727
90	0.02476	0.02700	0.07045	0.03136	0.22277	0.17858	0.02092	0.12599	0.02255	0.02885	0.01500	0.01886	0.01238	0.00987	0.01230	0.00271	0.15201	0.00697	0.00483	0.01184
91	0.02034	0.16748	0.17176	0.05497	0.05937	0.02273	0.11744	0.05835	0.13858	0.02864	0.01975	0.02198	0.01518	0.00866	0.00789	0.00252	0.01010	0.00749	0.05487	0.01190
92	0.03504	0.01593	0.05236	0.01542	0.02207	0.01304	0.01326	0.03957	0.05163	0.56447	0.03504	0.03090	0.04880	0.01095	0.00861	0.00266	0.00736	0.00891	0.00997	0.01401
93	0.02362	0.02028	0.01876	0.01632	0.02063	0.14257	0.01266	0.17013	0.11327	0.06293	0.09386	0.10264	0.02838	0.01476	0.03547	0.00301	0.00901	0.01022	0.05710	0.04438
94	0.01582	0.04751	0.01373	0.01268	0.01464	0.00960	0.00924	0.01779	0.01750	0.12673	0.04097	0.49797	0.04533	0.02563	0.05833	0.00398	0.00686	0.01939	0.00786	0.00845
95	0.01092	0.00764	0.00971	0.01114	0.01150	0.00728	0.00714	0.01199	0.01521	0.02029	0.04137	0.51931	0.04931	0.21224	0.01979	0.00478	0.00585	0.02094	0.00714	0.00643
96	0.12061	0.11522	0.37602	0.02092	0.03031	0.02046	0.06691	0.02520	0.01707	0.02688	0.01537	0.01898	0.01192	0.01418	0.08182	0.00383	0.01260	0.00644	0.00399	0.01127
97	0.02066	0.17881	0.20022	0.02350	0.03161	0.02366	0.17253	0.02967	0.11371	0.05076	0.01845	0.02089	0.01414	0.00876	0.00944	0.00264	0.05622	0.00754	0.00485	0.01192
98	0.01892	0.15309	0.06044	0.21669	0.03647	0.04966	0.10515	0.02329	0.01677	0.02199	0.01438	0.02031	0.01207	0.01314	0.05638	0.00353	0.15654	0.00727	0.00389	0.01003
99	0.01264	0.00875	0.01038	0.01041	0.01274	0.00769	0.00763	0.01512	0.01999	0.07140	0.19580	0.23417	0.31979	0.02116	0.01015	0.00296	0.00462	0.01833	0.00842	0.00784
100	0.15860	0.02474	0.08686	0.06427	0.19816	0.10946	0.01938	0.14296	0.02318	0.07053	0.01665	0.01911	0.01263	0.00859	0.00775	0.00255	0.01019	0.00670	0.00555	0.01215

[dist]
# distance from previous block
# <min> <max>
3	19

[block]
# block no. 2 follows, 21 sequences, length 11
# corresponding to MSA columns:
# 265-275
name=unknown_C
#
# <colnr> <probs for GDERKNQSTAVLIFYWHMCP>
#	G	D	E	R	K	N	Q	S	T	A	V	L	I	F	Y	W	H	M	C	P
0	0.02487	0.10696	0.02890	0.03086	0.26344	0.12513	0.01900	0.05809	0.06329	0.10086	0.02134	0.02797	0.01792	0.01000	0.00829	0.00256	0.01001	0.06255	0.00577	0.01221
1	0.07046	0.01862	0.02815	0.22624	0.36168	0.04846	0.02243	0.02418	0.01858	0.02612	0.02020	0.02499	0.05617	0.00889	0.00831	0.00263	0.01006	0.00799	0.00442	0.01142
2	0.19651	0.02542	0.02242	0.19016	0.06024	0.25984	0.01725	0.02713	0.01879	0.02541	0.01330	0.01744	0.01079	0.00901	0.00924	0.00262	0.07425	0.00609	0.00437	0.00972
3	0.09205	0.01864	0.01914	0.05853	0.02348	0.06247	0.01317	0.14382	0.18681	0.03411	0.02657	0.02747	0.06196	0.01400	0.05342	0.00322	0.00898	0.00814	0.00675	0.13729
4	0.01683	0.04667	0.01639	0.01416	0.01651	0.07536	0.01109	0.05954	0.01721	0.02398	0.02166	0.03008	0.01945	0.07503	0.35700	0.00860	0.04839	0.00836	0.12527	0.00845
5	0.02154	0.02449	0.07823	0.04275	0.37237	0.08204	0.19888	0.02725	0.01995	0.02693	0.01604	0.02088	0.01290	0.00761	0.00881	0.00261	0.01201	0.00802	0.00422	0.01249
6	0.02738	0.03349	0.02177	0.02007	0.02381	0.51934	0.01514	0.02976	0.02177	0.02059	0.01532	0.01941	0.01328	0.02114	0.15586	0.00477	0.01702	0.00630	0.00442	0.00936
7	0.55890	0.08076	0.04551	0.01205	0.01742	0.01902	0.01060	0.02397	0.01617	0.03543	0.09526	0.02056	0.01882	0.00910	0.00605	0.00257	0.00676	0.00610	0.00558	0.00938
8	0.01963	0.01359	0.01723	0.01369	0.01855	0.01241	0.01096	0.02315	0.02007	0.13470	0.19938	0.03296	0.03343	0.01129	0.01045	0.00221	0.09003	0.00893	0.00706	0.32029
9	0.01251	0.00964	0.01209	0.01212	0.01471	0.00837	0.00899	0.01504	0.01783	0.02451	0.08432	0.36909	0.10092	0.02059	0.00982	0.00291	0.00548	0.08896	0.00735	0.17475
10	0.01948	0.01913	0.03358	0.22203	0.30650	0.02019	0.13831	0.02693	0.07714	0.02674	0.01776	0.02290	0.01396	0.00814	0.00878	0.00271	0.01095	0.00825	0.00453	0.01196

[dist]
# distance from previous block
# <min> <max>
3	9

[block]
# block no. 3 follows, 21 sequences, length 6
# corresponding to MSA columns:
# 286-291
name=unknown_D
#
# <colnr> <probs for GDERKNQSTAVLIFYWHMCP>
#	G	D	E	R	K	N	Q	S	T	A	V	L	I	F	Y	W	H	M	C	P
0	0.38420	0.01839	0.01809	0.01464	0.02066	0.02006	0.01208	0.21623	0.02455	0.16785	0.01897	0.01898	0.01328	0.00917	0.00696	0.00261	0.00760	0.00637	0.00736	0.01195
1	0.01974	0.01672	0.01808	0.01658	0.02091	0.01905	0.01299	0.04034	0.52767	0.03465	0.09089	0.03983	0.03278	0.01304	0.00903	0.00295	0.00658	0.05698	0.00866	0.01252
2	0.02172	0.02027	0.03397	0.15836	0.35399	0.02112	0.11548	0.11531	0.02218	0.03053	0.01670	0.02155	0.01316	0.00809	0.00870	0.00264	0.01088	0.00797	0.00480	0.01259
3	0.01214	0.00943	0.01113	0.01057	0.01307	0.00880	0.00796	0.01715	0.07062	0.03072	0.41923	0.06685	0.25429	0.01825	0.00993	0.00276	0.00432	0.01575	0.00885	0.00819
4	0.01519	0.01183	0.01663	0.01530	0.01786	0.01171	0.06903	0.11380	0.02174	0.02939	0.12992	0.42291	0.04880	0.02065	0.01027	0.00313	0.00645	0.01876	0.00787	0.00877
5	0.01586	0.00793	0.00793	0.00793	0.00991	0.00793	0.00595	0.01983	0.01785	0.03173	0.02776	0.03173	0.02181	0.00991	0.00595	0.00198	0.00397	0.00793	0.74817	0.00793

[dist]
# distance from previous block
# <min> <max>
0	0

# created by:
# /home/cegg/simao/soft/augustus-3.2.1/scripts/msa2prfl.pl ./align_prep/14446.fa
