[name]
unknown

[dist]
# distance from previous block
# <min> <max>
5	22

[block]
# block no. 0 follows, 22 sequences, length 84
# corresponding to MSA columns:
# 24-107
name=unknown_A
#
# <colnr> <probs for GDERKNQSTAVLIFYWHMCP>
#	G	D	E	R	K	N	Q	S	T	A	V	L	I	F	Y	W	H	M	C	P
0	0.01833	0.01970	0.01504	0.01400	0.01714	0.23875	0.01052	0.02214	0.05409	0.02584	0.23933	0.04922	0.21395	0.01492	0.00894	0.00251	0.00796	0.01210	0.00703	0.00850
1	0.02661	0.03251	0.02119	0.01954	0.02318	0.52136	0.01474	0.02894	0.02119	0.02009	0.01501	0.01906	0.01302	0.02097	0.16159	0.00473	0.01666	0.00617	0.00432	0.00912
2	0.01816	0.01520	0.09604	0.01384	0.01846	0.01170	0.01240	0.02454	0.10238	0.15420	0.10080	0.11079	0.20248	0.01618	0.00932	0.00286	0.00646	0.06624	0.00791	0.01003
3	0.02741	0.03156	0.02116	0.01892	0.02320	0.45770	0.01437	0.12116	0.02499	0.02558	0.02466	0.05589	0.09614	0.01120	0.00806	0.00234	0.01222	0.00809	0.00550	0.00985
4	0.02080	0.62358	0.03920	0.01372	0.01996	0.02964	0.01322	0.02322	0.01651	0.01943	0.01465	0.05974	0.01471	0.05265	0.00800	0.00228	0.00857	0.00614	0.00391	0.01006
5	0.02004	0.45137	0.28623	0.01791	0.02704	0.02757	0.02065	0.02544	0.01714	0.02219	0.01286	0.01497	0.01061	0.00741	0.00633	0.00211	0.01021	0.00510	0.00354	0.01129
6	0.09756	0.02653	0.02270	0.01867	0.02436	0.21188	0.01490	0.33409	0.06980	0.07204	0.01867	0.01906	0.01372	0.00946	0.00780	0.00242	0.01032	0.00676	0.00697	0.01230
7	0.02251	0.02385	0.03053	0.10477	0.45369	0.17079	0.02308	0.02686	0.01976	0.02501	0.01490	0.01942	0.01239	0.00776	0.00806	0.00242	0.01116	0.00693	0.00411	0.01197
8	0.02221	0.71304	0.04353	0.01421	0.02132	0.03287	0.01421	0.02488	0.01688	0.01955	0.01155	0.01333	0.01066	0.00711	0.00533	0.00178	0.00888	0.00444	0.00355	0.01066
9	0.01129	0.00861	0.01115	0.01111	0.01280	0.00890	0.00826	0.01364	0.01546	0.02065	0.08103	0.05151	0.21165	0.13903	0.34727	0.00881	0.01376	0.01228	0.00579	0.00699
10	0.03158	0.02327	0.02493	0.01911	0.02576	0.02576	0.01579	0.62852	0.03906	0.05236	0.01995	0.01995	0.01413	0.00997	0.00831	0.00249	0.00914	0.00748	0.00831	0.01413
11	0.01569	0.01477	0.02492	0.68808	0.05722	0.01846	0.02307	0.02123	0.01661	0.02123	0.01477	0.02215	0.01107	0.00831	0.00831	0.00277	0.01107	0.00738	0.00369	0.00923
12	0.01443	0.00722	0.01082	0.01082	0.01082	0.00722	0.00722	0.01082	0.01082	0.01443	0.01443	0.02525	0.01443	0.02886	0.03247	0.75830	0.00722	0.00722	0.00361	0.00361
13	0.02298	0.02432	0.03137	0.04416	0.51068	0.17092	0.02332	0.02727	0.01998	0.02557	0.01498	0.01927	0.01259	0.00767	0.00806	0.00239	0.01105	0.00693	0.00415	0.01234
14	0.00992	0.00842	0.00855	0.00852	0.01128	0.00706	0.00639	0.01211	0.01917	0.02300	0.11304	0.07904	0.62362	0.02083	0.00982	0.00280	0.00419	0.01741	0.00779	0.00706
15	0.00982	0.00842	0.00842	0.00842	0.01122	0.00701	0.00631	0.01192	0.01894	0.02244	0.08416	0.07995	0.65285	0.02104	0.00982	0.00281	0.00421	0.01753	0.00771	0.00701
16	0.01187	0.00890	0.01335	0.01335	0.01483	0.01038	0.01038	0.01483	0.01335	0.01928	0.02225	0.03264	0.02077	0.06231	0.67512	0.01335	0.02225	0.00890	0.00445	0.00742
17	0.01723	0.01477	0.01723	0.01230	0.01969	0.01107	0.00984	0.02092	0.01723	0.02707	0.01477	0.01723	0.01230	0.00615	0.00615	0.00123	0.00615	0.00492	0.00492	0.75883
18	0.03103	0.03959	0.02354	0.02140	0.02568	0.67469	0.01605	0.03317	0.02354	0.02033	0.01284	0.01498	0.01070	0.00856	0.00749	0.00214	0.01498	0.00535	0.00428	0.00963
19	0.01187	0.00890	0.01335	0.01335	0.01483	0.01038	0.01038	0.01483	0.01335	0.01928	0.02225	0.03264	0.02077	0.06231	0.67512	0.01335	0.02225	0.00890	0.00445	0.00742
20	0.01003	0.00759	0.00927	0.01061	0.01180	0.00683	0.00729	0.01168	0.01682	0.02158	0.05743	0.51375	0.23630	0.02451	0.01037	0.00320	0.00463	0.02177	0.00771	0.00683
21	0.03103	0.03959	0.02354	0.02140	0.02568	0.67469	0.01605	0.03317	0.02354	0.02033	0.01284	0.01498	0.01070	0.00856	0.00749	0.00214	0.01498	0.00535	0.00428	0.00963
22	0.02013	0.01929	0.03293	0.10794	0.60268	0.01962	0.02528	0.02511	0.01871	0.02661	0.01555	0.02070	0.01297	0.00748	0.00823	0.00249	0.00998	0.00740	0.00407	0.01281
23	0.02056	0.01974	0.03372	0.05099	0.65622	0.01974	0.02550	0.02550	0.01892	0.02714	0.01563	0.02056	0.01316	0.00740	0.00822	0.00247	0.00987	0.00740	0.00411	0.01316
24	0.02056	0.01974	0.03372	0.05099	0.65622	0.01974	0.02550	0.02550	0.01892	0.02714	0.01563	0.02056	0.01316	0.00740	0.00822	0.00247	0.00987	0.00740	0.00411	0.01316
25	0.02056	0.01974	0.03372	0.05099	0.65622	0.01974	0.02550	0.02550	0.01892	0.02714	0.01563	0.02056	0.01316	0.00740	0.00822	0.00247	0.00987	0.00740	0.00411	0.01316
26	0.01131	0.00847	0.01048	0.00998	0.01214	0.00765	0.00749	0.01481	0.02246	0.03080	0.52081	0.06619	0.21098	0.01792	0.00980	0.00266	0.00399	0.01560	0.00881	0.00765
27	0.02285	0.02408	0.03149	0.04452	0.51825	0.16305	0.02343	0.02718	0.01993	0.02565	0.01502	0.01934	0.01262	0.00766	0.00806	0.00240	0.01099	0.00695	0.00415	0.01239
28	0.01666	0.04297	0.66500	0.02368	0.03596	0.01929	0.03069	0.02631	0.01754	0.02631	0.01491	0.01754	0.01052	0.00789	0.00789	0.00263	0.01228	0.00614	0.00351	0.01228
29	0.76672	0.01607	0.01221	0.01092	0.01607	0.01864	0.00900	0.02442	0.01414	0.03727	0.01157	0.01350	0.00900	0.00771	0.00514	0.00257	0.00643	0.00450	0.00514	0.00900
30	0.01569	0.01477	0.02492	0.68808	0.05722	0.01846	0.02307	0.02123	0.01661	0.02123	0.01477	0.02215	0.01107	0.00831	0.00831	0.00277	0.01107	0.00738	0.00369	0.00923
31	0.01841	0.01754	0.02983	0.33264	0.39141	0.01917	0.02442	0.02361	0.01790	0.02453	0.01525	0.02126	0.01224	0.00780	0.00826	0.00260	0.01040	0.00739	0.00393	0.01142
32	0.00991	0.00842	0.00854	0.00851	0.01127	0.00705	0.00638	0.01209	0.01914	0.02293	0.10957	0.07915	0.62713	0.02086	0.00982	0.00280	0.00419	0.01742	0.00778	0.00705
33	0.03103	0.03959	0.02354	0.02140	0.02568	0.67469	0.01605	0.03317	0.02354	0.02033	0.01284	0.01498	0.01070	0.00856	0.00749	0.00214	0.01498	0.00535	0.00428	0.00963
34	0.01005	0.00750	0.00936	0.01084	0.01186	0.00681	0.00739	0.01165	0.01660	0.02149	0.05464	0.55890	0.19295	0.02488	0.01042	0.00324	0.00468	0.02221	0.00771	0.00681
35	0.02785	0.06418	0.02739	0.02881	0.19597	0.39651	0.01849	0.09571	0.02367	0.02563	0.01431	0.01695	0.01174	0.00833	0.00768	0.00225	0.01267	0.00609	0.00464	0.01112
36	0.01192	0.00871	0.01236	0.01236	0.01350	0.00985	0.00915	0.01420	0.01306	0.01855	0.02316	0.03765	0.02295	0.21135	0.52905	0.01213	0.01897	0.00963	0.00459	0.00687
37	0.01549	0.00774	0.00774	0.00774	0.00968	0.00774	0.00581	0.01936	0.01742	0.03097	0.02710	0.03097	0.02129	0.00968	0.00581	0.00194	0.00387	0.00774	0.75416	0.00774
38	0.01176	0.00849	0.01110	0.01045	0.01241	0.00784	0.00784	0.01568	0.02352	0.03331	0.65184	0.06206	0.07839	0.01698	0.00980	0.00261	0.00392	0.01502	0.00914	0.00784
39	0.02298	0.06223	0.02035	0.01516	0.02086	0.05910	0.01224	0.16004	0.14603	0.08706	0.05998	0.02906	0.07715	0.01046	0.00782	0.00224	0.00741	0.00831	0.00716	0.18436
40	0.02221	0.71304	0.04353	0.01421	0.02132	0.03287	0.01421	0.02488	0.01688	0.01955	0.01155	0.01333	0.01066	0.00711	0.00533	0.00178	0.00888	0.00444	0.00355	0.01066
41	0.01723	0.01477	0.01723	0.01230	0.01969	0.01107	0.00984	0.02092	0.01723	0.02707	0.01477	0.01723	0.01230	0.00615	0.00615	0.00123	0.00615	0.00492	0.00492	0.75883
42	0.02919	0.02208	0.02359	0.01863	0.02485	0.02465	0.01521	0.50065	0.17082	0.04850	0.02298	0.02236	0.01659	0.01026	0.00834	0.00256	0.00858	0.00790	0.00834	0.01391
43	0.01144	0.00848	0.01066	0.01012	0.01222	0.00770	0.00759	0.01506	0.02276	0.03152	0.55836	0.06500	0.17298	0.01765	0.00980	0.00264	0.00397	0.01544	0.00891	0.00770
44	0.02058	0.46767	0.11817	0.01717	0.02329	0.02944	0.01722	0.02393	0.01600	0.02051	0.01183	0.01498	0.01070	0.00892	0.01072	0.00231	0.16719	0.00531	0.00357	0.01050
45	0.01716	0.10306	0.60927	0.02283	0.03464	0.02051	0.02922	0.02618	0.01748	0.02570	0.01461	0.01716	0.01054	0.00782	0.00766	0.00255	0.01197	0.00599	0.00351	0.01213
46	0.00982	0.00842	0.00842	0.00842	0.01122	0.00701	0.00631	0.01192	0.01894	0.02244	0.08416	0.07995	0.65285	0.02104	0.00982	0.00281	0.00421	0.01753	0.00771	0.00701
47	0.03334	0.01990	0.10247	0.01691	0.02413	0.01624	0.01538	0.17442	0.02651	0.44065	0.02755	0.02499	0.01781	0.00991	0.00829	0.00256	0.00821	0.00787	0.00897	0.01390
48	0.01027	0.00734	0.00977	0.01147	0.01208	0.00685	0.00772	0.01194	0.01659	0.02230	0.10064	0.64464	0.05707	0.02521	0.01053	0.00330	0.00474	0.02284	0.00784	0.00685
49	0.03727	0.01414	0.01928	0.01478	0.02121	0.01221	0.01221	0.04049	0.02378	0.66198	0.03277	0.02828	0.02056	0.01028	0.00835	0.00257	0.00707	0.00835	0.01028	0.01414
50	0.01549	0.00774	0.00774	0.00774	0.00968	0.00774	0.00581	0.01936	0.01742	0.03097	0.02710	0.03097	0.02129	0.00968	0.00581	0.00194	0.00387	0.00774	0.75416	0.00774
51	0.02056	0.01974	0.03372	0.05099	0.65622	0.01974	0.02550	0.02550	0.01892	0.02714	0.01563	0.02056	0.01316	0.00740	0.00822	0.00247	0.00987	0.00740	0.00411	0.01316
52	0.01666	0.04297	0.66500	0.02368	0.03596	0.01929	0.03069	0.02631	0.01754	0.02631	0.01491	0.01754	0.01052	0.00789	0.00789	0.00263	0.01228	0.00614	0.00351	0.01228
53	0.01012	0.00723	0.00964	0.01157	0.01205	0.00675	0.00771	0.01157	0.01591	0.02121	0.04579	0.70262	0.05495	0.02603	0.01060	0.00337	0.00482	0.02362	0.00771	0.00675
54	0.02730	0.03402	0.05436	0.02945	0.18266	0.45445	0.04775	0.03068	0.02196	0.02256	0.01380	0.01682	0.01139	0.00817	0.00780	0.00227	0.01356	0.00610	0.00420	0.01069
55	0.01087	0.00846	0.00987	0.00952	0.01186	0.00746	0.00714	0.01395	0.02141	0.02831	0.39075	0.07029	0.34259	0.01885	0.00981	0.00270	0.00405	0.01618	0.00849	0.00746
56	0.02199	0.01895	0.02610	0.01924	0.02645	0.01789	0.13973	0.19514	0.06336	0.03460	0.01786	0.01994	0.01371	0.00773	0.00767	0.00201	0.00865	0.00694	0.00595	0.34608
57	0.01406	0.00820	0.00995	0.00995	0.01170	0.00878	0.00760	0.01758	0.01582	0.02638	0.02520	0.03163	0.02109	0.03035	0.26869	0.00642	0.01109	0.00820	0.45971	0.00762
58	0.01207	0.00913	0.01202	0.01125	0.01310	0.00907	0.00858	0.01570	0.02195	0.03102	0.54200	0.05833	0.10008	0.01992	0.05319	0.00337	0.04868	0.01427	0.00842	0.00785
59	0.01098	0.00846	0.01002	0.00963	0.01193	0.00751	0.00722	0.01416	0.02167	0.02893	0.42281	0.06927	0.31015	0.01862	0.00981	0.00269	0.00404	0.01604	0.00857	0.00751
60	0.01666	0.04297	0.66500	0.02368	0.03596	0.01929	0.03069	0.02631	0.01754	0.02631	0.01491	0.01754	0.01052	0.00789	0.00789	0.00263	0.01228	0.00614	0.00351	0.01228
61	0.02034	0.02035	0.03725	0.04730	0.51477	0.02003	0.16412	0.02575	0.01908	0.02702	0.01590	0.02099	0.01303	0.00731	0.00859	0.00254	0.01082	0.00796	0.00413	0.01271
62	0.02880	0.03536	0.02571	0.02771	0.16013	0.53504	0.01807	0.03154	0.02256	0.02178	0.01343	0.01617	0.01123	0.00831	0.00765	0.00221	0.01389	0.00579	0.00424	0.01038
63	0.02056	0.01974	0.03372	0.05099	0.65622	0.01974	0.02550	0.02550	0.01892	0.02714	0.01563	0.02056	0.01316	0.00740	0.00822	0.00247	0.00987	0.00740	0.00411	0.01316
64	0.01316	0.00849	0.01135	0.01135	0.01299	0.00944	0.00875	0.01645	0.01481	0.02346	0.02399	0.03204	0.02096	0.04348	0.43575	0.00927	0.01568	0.00849	0.27258	0.00753
65	0.01187	0.00890	0.01335	0.01335	0.01483	0.01038	0.01038	0.01483	0.01335	0.01928	0.02225	0.03264	0.02077	0.06231	0.67512	0.01335	0.02225	0.00890	0.00445	0.00742
66	0.01723	0.01477	0.01723	0.01230	0.01969	0.01107	0.00984	0.02092	0.01723	0.02707	0.01477	0.01723	0.01230	0.00615	0.00615	0.00123	0.00615	0.00492	0.00492	0.75883
67	0.01655	0.01564	0.02647	0.57563	0.16294	0.01868	0.02350	0.02198	0.01702	0.02227	0.01492	0.02187	0.01144	0.00815	0.00829	0.00272	0.01086	0.00739	0.00377	0.00992
68	0.02221	0.71304	0.04353	0.01421	0.02132	0.03287	0.01421	0.02488	0.01688	0.01955	0.01155	0.01333	0.01066	0.00711	0.00533	0.00178	0.00888	0.00444	0.00355	0.01066
69	0.01443	0.00722	0.01082	0.01082	0.01082	0.00722	0.00722	0.01082	0.01082	0.01443	0.01443	0.02525	0.01443	0.02886	0.03247	0.75830	0.00722	0.00722	0.00361	0.00361
70	0.01132	0.00915	0.01463	0.01454	0.01603	0.00856	0.08613	0.01348	0.01637	0.02189	0.04211	0.61636	0.04958	0.02361	0.01050	0.00330	0.00598	0.02187	0.00727	0.00731
71	0.01133	0.00848	0.01052	0.01001	0.01215	0.00766	0.00750	0.01486	0.02251	0.03093	0.52762	0.06597	0.20408	0.01787	0.00980	0.00265	0.00398	0.01557	0.00883	0.00766
72	0.01685	0.04167	0.62604	0.02440	0.03643	0.01940	0.06835	0.02633	0.01767	0.02633	0.01503	0.01785	0.01066	0.00784	0.00801	0.00264	0.01239	0.00637	0.00355	0.01221
73	0.76672	0.01607	0.01221	0.01092	0.01607	0.01864	0.00900	0.02442	0.01414	0.03727	0.01157	0.01350	0.00900	0.00771	0.00514	0.00257	0.00643	0.00450	0.00514	0.00900
74	0.01569	0.01477	0.02492	0.68808	0.05722	0.01846	0.02307	0.02123	0.01661	0.02123	0.01477	0.02215	0.01107	0.00831	0.00831	0.00277	0.01107	0.00738	0.00369	0.00923
75	0.01027	0.00843	0.00904	0.00889	0.01150	0.00720	0.00666	0.01279	0.01999	0.02495	0.21519	0.07582	0.52025	0.02010	0.00981	0.00276	0.00414	0.01695	0.00804	0.00720
76	0.01569	0.01477	0.02492	0.68808	0.05722	0.01846	0.02307	0.02123	0.01661	0.02123	0.01477	0.02215	0.01107	0.00831	0.00831	0.00277	0.01107	0.00738	0.00369	0.00923
77	0.01012	0.00843	0.00883	0.00873	0.01140	0.00714	0.00655	0.01250	0.01964	0.02412	0.17162	0.07719	0.56434	0.02041	0.00982	0.00278	0.00416	0.01715	0.00793	0.00714
78	0.02056	0.01974	0.03372	0.05099	0.65622	0.01974	0.02550	0.02550	0.01892	0.02714	0.01563	0.02056	0.01316	0.00740	0.00822	0.00247	0.00987	0.00740	0.00411	0.01316
79	0.01143	0.00849	0.01094	0.01241	0.01404	0.00800	0.00979	0.01404	0.01797	0.02304	0.05392	0.30098	0.19048	0.02357	0.01079	0.00343	0.00587	0.26594	0.00769	0.00719
80	0.01723	0.01477	0.01723	0.01230	0.01969	0.01107	0.00984	0.02092	0.01723	0.02707	0.01477	0.01723	0.01230	0.00615	0.00615	0.00123	0.00615	0.00492	0.00492	0.75883
81	0.02330	0.36150	0.03118	0.01605	0.02162	0.20997	0.01383	0.02856	0.10295	0.02209	0.02190	0.02259	0.07449	0.00942	0.00679	0.00212	0.00984	0.00663	0.00482	0.01035
82	0.02194	0.01425	0.02138	0.01799	0.05087	0.01323	0.11687	0.05465	0.05394	0.21673	0.09983	0.04492	0.21016	0.01339	0.00916	0.00269	0.00734	0.01188	0.00790	0.01087
83	0.08698	0.03891	0.43872	0.02255	0.03226	0.16272	0.05220	0.02766	0.01864	0.02599	0.01424	0.01684	0.01052	0.00798	0.00764	0.00253	0.01242	0.00598	0.00385	0.01136

[dist]
# distance from previous block
# <min> <max>
0	1

[block]
# block no. 1 follows, 22 sequences, length 44
# corresponding to MSA columns:
# 109-152
name=unknown_B
#
# <colnr> <probs for GDERKNQSTAVLIFYWHMCP>
#	G	D	E	R	K	N	Q	S	T	A	V	L	I	F	Y	W	H	M	C	P
0	0.03020	0.03498	0.06834	0.02088	0.02642	0.43649	0.01699	0.20962	0.02774	0.03026	0.01510	0.01663	0.01171	0.00893	0.00776	0.00228	0.01306	0.00604	0.00542	0.01115
1	0.20557	0.16033	0.02702	0.02026	0.06263	0.30788	0.05679	0.02854	0.01944	0.02513	0.01273	0.01516	0.01057	0.00790	0.00672	0.00224	0.01137	0.00541	0.00433	0.01000
2	0.01308	0.01173	0.01517	0.01922	0.16762	0.01093	0.01137	0.01719	0.05730	0.02434	0.06450	0.06259	0.45969	0.01714	0.00935	0.00272	0.00572	0.01458	0.00689	0.00888
3	0.01396	0.01096	0.01301	0.01274	0.01508	0.01116	0.00914	0.02092	0.16625	0.02422	0.03407	0.29894	0.03582	0.12498	0.07854	0.00465	0.00757	0.01485	0.00685	0.09630
4	0.03131	0.03146	0.02423	0.02026	0.02572	0.35151	0.01592	0.32967	0.03127	0.03628	0.01638	0.01745	0.01241	0.00926	0.00790	0.00232	0.01207	0.00641	0.00629	0.01187
5	0.02056	0.01974	0.03372	0.05099	0.65622	0.01974	0.02550	0.02550	0.01892	0.02714	0.01563	0.02056	0.01316	0.00740	0.00822	0.00247	0.00987	0.00740	0.00411	0.01316
6	0.01205	0.00819	0.00973	0.00973	0.00996	0.00842	0.00587	0.01251	0.01228	0.01660	0.02557	0.05099	0.02874	0.60762	0.14070	0.00888	0.01026	0.01159	0.00494	0.00540
7	0.03174	0.10725	0.07369	0.01774	0.02492	0.01643	0.08582	0.03580	0.02194	0.45767	0.02685	0.02487	0.01761	0.00931	0.00810	0.00250	0.00850	0.00786	0.00820	0.01321
8	0.01021	0.00730	0.00972	0.01151	0.01207	0.00681	0.00772	0.01179	0.01631	0.02185	0.07799	0.66859	0.05619	0.02555	0.01056	0.00333	0.00477	0.02316	0.00779	0.00681
9	0.01339	0.00956	0.01339	0.01530	0.01721	0.00956	0.01339	0.01721	0.01912	0.02486	0.04399	0.09371	0.04781	0.02295	0.01147	0.00382	0.00765	0.60031	0.00765	0.00765
10	0.01938	0.01854	0.03159	0.20484	0.51157	0.01943	0.02491	0.02446	0.01836	0.02571	0.01542	0.02094	0.01266	0.00762	0.00824	0.00254	0.01016	0.00740	0.00401	0.01221
11	0.01898	0.02161	0.07897	0.03756	0.23661	0.01936	0.34790	0.02504	0.01896	0.02633	0.01862	0.07566	0.01602	0.00870	0.00924	0.00273	0.01184	0.00991	0.00441	0.01154
12	0.00982	0.00842	0.00842	0.00842	0.01122	0.00701	0.00631	0.01192	0.01894	0.02244	0.08416	0.07995	0.65285	0.02104	0.00982	0.00281	0.00421	0.01753	0.00771	0.00701
13	0.76672	0.01607	0.01221	0.01092	0.01607	0.01864	0.00900	0.02442	0.01414	0.03727	0.01157	0.01350	0.00900	0.00771	0.00514	0.00257	0.00643	0.00450	0.00514	0.00900
14	0.01604	0.01239	0.01638	0.01504	0.01780	0.01249	0.05878	0.16177	0.02200	0.02924	0.03990	0.44054	0.08309	0.02029	0.00993	0.00308	0.00655	0.01820	0.00758	0.00890
15	0.02056	0.01974	0.03372	0.05099	0.65622	0.01974	0.02550	0.02550	0.01892	0.02714	0.01563	0.02056	0.01316	0.00740	0.00822	0.00247	0.00987	0.00740	0.00411	0.01316
16	0.01012	0.00723	0.00964	0.01157	0.01205	0.00675	0.00771	0.01157	0.01591	0.02121	0.04579	0.70262	0.05495	0.02603	0.01060	0.00337	0.00482	0.02362	0.00771	0.00675
17	0.01961	0.02241	0.04902	0.03501	0.04342	0.02101	0.62605	0.02661	0.01961	0.02661	0.01681	0.02241	0.01261	0.00700	0.00980	0.00280	0.01401	0.00980	0.00420	0.01120
18	0.02066	0.01785	0.01878	0.01691	0.02160	0.02066	0.01315	0.04414	0.64121	0.03475	0.03381	0.03099	0.02536	0.01127	0.00845	0.00282	0.00657	0.00939	0.00845	0.01315
19	0.01005	0.00842	0.00874	0.00866	0.01137	0.00711	0.00650	0.01238	0.01949	0.02376	0.15299	0.07778	0.58319	0.02055	0.00982	0.00278	0.00417	0.01723	0.00789	0.00711
20	0.02056	0.01974	0.03372	0.05099	0.65622	0.01974	0.02550	0.02550	0.01892	0.02714	0.01563	0.02056	0.01316	0.00740	0.00822	0.00247	0.00987	0.00740	0.00411	0.01316
21	0.02722	0.01379	0.01731	0.01425	0.01920	0.01329	0.01141	0.06162	0.14126	0.35162	0.19364	0.03721	0.03624	0.01220	0.00875	0.00262	0.00625	0.01025	0.00955	0.01231
22	0.03103	0.03959	0.02354	0.02140	0.02568	0.67469	0.01605	0.03317	0.02354	0.02033	0.01284	0.01498	0.01070	0.00856	0.00749	0.00214	0.01498	0.00535	0.00428	0.00963
23	0.01396	0.01249	0.01231	0.01156	0.01395	0.09360	0.00867	0.01738	0.02285	0.03005	0.48664	0.05861	0.15356	0.01649	0.00950	0.00258	0.00539	0.01414	0.00831	0.00795
24	0.05348	0.24484	0.44603	0.02021	0.03059	0.02338	0.02468	0.02579	0.01718	0.02477	0.01373	0.01607	0.01049	0.00765	0.00699	0.00237	0.01097	0.00555	0.00360	0.01163
25	0.02418	0.01698	0.01908	0.01497	0.02060	0.01722	0.01214	0.29569	0.02715	0.07746	0.02073	0.02261	0.01576	0.01401	0.07106	0.00314	0.00876	0.00708	0.11616	0.19523
26	0.02857	0.03175	0.02259	0.01995	0.02469	0.41471	0.01530	0.12719	0.17744	0.02878	0.01908	0.01967	0.01482	0.00944	0.00785	0.00236	0.01202	0.00667	0.00592	0.01118
27	0.01735	0.01156	0.01415	0.01249	0.01592	0.01131	0.00965	0.02530	0.15385	0.11766	0.40479	0.04861	0.05596	0.01431	0.00913	0.00258	0.00502	0.01241	0.00893	0.04904
28	0.02331	0.01458	0.01731	0.01436	0.01872	0.01482	0.01142	0.21212	0.05693	0.16343	0.27227	0.07405	0.04325	0.01368	0.00903	0.00262	0.00634	0.01154	0.00900	0.01123
29	0.01410	0.01080	0.01206	0.01123	0.01436	0.01055	0.00858	0.02158	0.15911	0.05785	0.24833	0.06109	0.30439	0.01710	0.00944	0.00274	0.00478	0.01452	0.00844	0.00896
30	0.03106	0.03878	0.02361	0.02129	0.02569	0.64233	0.01604	0.06286	0.02432	0.02193	0.01320	0.01523	0.01087	0.00863	0.00753	0.00216	0.01469	0.00546	0.00448	0.00986
31	0.02535	0.01858	0.03037	0.02278	0.02967	0.01796	0.23973	0.07080	0.15020	0.20903	0.02485	0.02527	0.01755	0.00892	0.00873	0.00260	0.00959	0.00878	0.00710	0.07212
32	0.03047	0.03546	0.02390	0.02100	0.02550	0.52099	0.01611	0.14260	0.02585	0.02624	0.01405	0.01607	0.01135	0.00913	0.00867	0.00228	0.04907	0.00584	0.00499	0.01043
33	0.03016	0.03270	0.02483	0.02106	0.02627	0.41291	0.04235	0.21620	0.06040	0.03119	0.01629	0.01766	0.01260	0.00907	0.00789	0.00231	0.01271	0.00641	0.00573	0.01126
34	0.05371	0.00944	0.01219	0.01209	0.01439	0.00881	0.00898	0.01912	0.01931	0.15027	0.18393	0.35428	0.05108	0.01975	0.00975	0.00302	0.00527	0.04758	0.00842	0.00861
35	0.02633	0.01730	0.01956	0.01634	0.02188	0.01844	0.01303	0.11061	0.36839	0.20880	0.03091	0.02823	0.02204	0.01058	0.00829	0.00263	0.00699	0.00865	0.00876	0.05222
36	0.02056	0.01974	0.03372	0.05099	0.65622	0.01974	0.02550	0.02550	0.01892	0.02714	0.01563	0.02056	0.01316	0.00740	0.00822	0.00247	0.00987	0.00740	0.00411	0.01316
37	0.02056	0.01974	0.03372	0.05099	0.65622	0.01974	0.02550	0.02550	0.01892	0.02714	0.01563	0.02056	0.01316	0.00740	0.00822	0.00247	0.00987	0.00740	0.00411	0.01316
38	0.02056	0.01974	0.03372	0.05099	0.65622	0.01974	0.02550	0.02550	0.01892	0.02714	0.01563	0.02056	0.01316	0.00740	0.00822	0.00247	0.00987	0.00740	0.00411	0.01316
39	0.02056	0.01974	0.03372	0.05099	0.65622	0.01974	0.02550	0.02550	0.01892	0.02714	0.01563	0.02056	0.01316	0.00740	0.00822	0.00247	0.00987	0.00740	0.00411	0.01316
40	0.01962	0.02535	0.18616	0.04440	0.50644	0.01963	0.02675	0.02569	0.01858	0.02694	0.01545	0.01983	0.01252	0.00752	0.00814	0.00251	0.01045	0.00710	0.00397	0.01295
41	0.02194	0.02132	0.03249	0.04704	0.57502	0.06542	0.02426	0.06197	0.02044	0.02817	0.01569	0.02014	0.01305	0.00764	0.00818	0.00245	0.01018	0.00726	0.00437	0.01297
42	0.02084	0.18750	0.03806	0.04005	0.42398	0.02307	0.10012	0.02549	0.01851	0.02524	0.01479	0.01905	0.01248	0.00728	0.00773	0.00234	0.01016	0.00700	0.00399	0.01230
43	0.02505	0.02880	0.02761	0.11859	0.27107	0.33950	0.02057	0.02870	0.02088	0.02305	0.01415	0.01804	0.01169	0.00808	0.00788	0.00235	0.01252	0.00640	0.00414	0.01093

[dist]
# distance from previous block
# <min> <max>
0	12

# created by:
# /home/cegg/simao/soft/augustus-3.2.1/scripts/msa2prfl.pl ./align_prep/14464.fa
