[name]
unknown

[dist]
# distance from previous block
# <min> <max>
0	12

[block]
# block no. 0 follows, 22 sequences, length 116
# corresponding to MSA columns:
# 12-127
name=unknown_A
#
# <colnr> <probs for GDERKNQSTAVLIFYWHMCP>
#	G	D	E	R	K	N	Q	S	T	A	V	L	I	F	Y	W	H	M	C	P
0	0.01310	0.00877	0.01159	0.01114	0.01321	0.00811	0.00848	0.01676	0.02256	0.06493	0.52191	0.11624	0.07103	0.01784	0.00992	0.00277	0.00445	0.06016	0.00897	0.00807
1	0.57924	0.01557	0.01403	0.01192	0.01739	0.01698	0.00982	0.02855	0.01662	0.19784	0.01702	0.01729	0.01197	0.00837	0.00597	0.00257	0.00659	0.00549	0.00646	0.01032
2	0.01212	0.00928	0.01384	0.01370	0.01512	0.01100	0.01070	0.01504	0.01333	0.01931	0.02179	0.03205	0.02037	0.06036	0.64876	0.01296	0.04954	0.00883	0.00442	0.00749
3	0.01053	0.00782	0.00982	0.01063	0.01199	0.00711	0.00748	0.01282	0.01869	0.02494	0.22801	0.39644	0.17837	0.02245	0.01022	0.00304	0.00444	0.01995	0.00813	0.00711
4	0.01054	0.00755	0.01002	0.01128	0.01214	0.00703	0.00774	0.01262	0.01786	0.02432	0.20156	0.53798	0.06097	0.02370	0.01040	0.00318	0.00459	0.02141	0.00808	0.00703
5	0.01723	0.01477	0.01723	0.01230	0.01969	0.01107	0.00984	0.02092	0.01723	0.02707	0.01477	0.01723	0.01230	0.00615	0.00615	0.00123	0.00615	0.00492	0.00492	0.75883
6	0.01620	0.01226	0.01376	0.01200	0.01544	0.01217	0.00937	0.17193	0.02597	0.03456	0.29902	0.05723	0.25455	0.01654	0.00942	0.00265	0.00536	0.01393	0.00845	0.00918
7	0.69774	0.01532	0.01204	0.01093	0.01572	0.01760	0.00889	0.02344	0.01465	0.03636	0.04261	0.04689	0.01427	0.00897	0.00560	0.00261	0.00624	0.00585	0.00544	0.00884
8	0.01096	0.00783	0.01060	0.01253	0.01338	0.00747	0.00917	0.01302	0.01673	0.02215	0.04532	0.54612	0.05311	0.02524	0.01083	0.00349	0.00555	0.17184	0.00770	0.00698
9	0.03304	0.02092	0.02348	0.01800	0.02459	0.02228	0.01487	0.47738	0.03513	0.20904	0.02324	0.02209	0.01578	0.01005	0.00832	0.00251	0.00861	0.00770	0.00882	0.01413
10	0.01101	0.00760	0.00938	0.01044	0.01070	0.00734	0.00650	0.01180	0.01418	0.01891	0.03693	0.40999	0.04378	0.33389	0.02490	0.00549	0.00628	0.01841	0.00650	0.00597
11	0.01818	0.01818	0.02545	0.02181	0.02181	0.02545	0.01818	0.01999	0.01272	0.01999	0.01091	0.01818	0.01091	0.01454	0.02726	0.00364	0.69284	0.00727	0.00364	0.00909
12	0.76672	0.01607	0.01221	0.01092	0.01607	0.01864	0.00900	0.02442	0.01414	0.03727	0.01157	0.01350	0.00900	0.00771	0.00514	0.00257	0.00643	0.00450	0.00514	0.00900
13	0.01416	0.00782	0.01148	0.01197	0.01246	0.00782	0.00880	0.01246	0.01296	0.01711	0.02203	0.04285	0.02301	0.02734	0.02707	0.56438	0.00733	0.15965	0.00465	0.00465
14	0.02207	0.02260	0.03225	0.04673	0.56540	0.11408	0.02414	0.02660	0.01958	0.02616	0.01523	0.01976	0.01280	0.00757	0.00812	0.00242	0.01061	0.00711	0.00414	0.01265
15	0.03026	0.03831	0.02366	0.02143	0.02545	0.63574	0.01618	0.03238	0.02289	0.02031	0.01272	0.01517	0.01071	0.00892	0.00868	0.00223	0.05565	0.00547	0.00424	0.00960
16	0.02056	0.01974	0.03372	0.05099	0.65622	0.01974	0.02550	0.02550	0.01892	0.02714	0.01563	0.02056	0.01316	0.00740	0.00822	0.00247	0.00987	0.00740	0.00411	0.01316
17	0.01931	0.01846	0.03146	0.21474	0.50226	0.01941	0.02487	0.02440	0.01832	0.02562	0.01541	0.02097	0.01262	0.00763	0.00825	0.00254	0.01018	0.00740	0.00400	0.01215
18	0.01187	0.00890	0.01335	0.01335	0.01483	0.01038	0.01038	0.01483	0.01335	0.01928	0.02225	0.03264	0.02077	0.06231	0.67512	0.01335	0.02225	0.00890	0.00445	0.00742
19	0.01889	0.31171	0.41575	0.01988	0.03009	0.02474	0.02408	0.02573	0.01727	0.02360	0.01356	0.01585	0.01058	0.00758	0.00687	0.00229	0.01092	0.00546	0.00353	0.01163
20	0.01261	0.00931	0.01230	0.01380	0.01591	0.00901	0.01185	0.01606	0.01908	0.02433	0.05274	0.09071	0.17962	0.02253	0.01111	0.00360	0.00690	0.47335	0.00766	0.00751
21	0.01124	0.00847	0.01039	0.00991	0.01209	0.00762	0.00743	0.01467	0.02229	0.03041	0.50027	0.06683	0.23177	0.01807	0.00980	0.00266	0.00400	0.01569	0.00876	0.00762
22	0.01726	0.11490	0.59829	0.02266	0.03438	0.02075	0.02892	0.02616	0.01747	0.02558	0.01455	0.01709	0.01054	0.00781	0.00762	0.00254	0.01191	0.00596	0.00351	0.01210
23	0.01187	0.00890	0.01335	0.01335	0.01483	0.01038	0.01038	0.01483	0.01335	0.01928	0.02225	0.03264	0.02077	0.06231	0.67512	0.01335	0.02225	0.00890	0.00445	0.00742
24	0.01210	0.00878	0.01277	0.01277	0.01420	0.01009	0.00981	0.01495	0.01352	0.01981	0.02277	0.03377	0.02133	0.09573	0.59911	0.01237	0.02034	0.00901	0.04947	0.00730
25	0.01012	0.00723	0.00964	0.01157	0.01205	0.00675	0.00771	0.01157	0.01591	0.02121	0.04579	0.70262	0.05495	0.02603	0.01060	0.00337	0.00482	0.02362	0.00771	0.00675
26	0.02056	0.01974	0.03372	0.05099	0.65622	0.01974	0.02550	0.02550	0.01892	0.02714	0.01563	0.02056	0.01316	0.00740	0.00822	0.00247	0.00987	0.00740	0.00411	0.01316
27	0.01187	0.00890	0.01335	0.01335	0.01483	0.01038	0.01038	0.01483	0.01335	0.01928	0.02225	0.03264	0.02077	0.06231	0.67512	0.01335	0.02225	0.00890	0.00445	0.00742
28	0.01086	0.00846	0.00986	0.00951	0.01186	0.00746	0.00713	0.01395	0.02140	0.02830	0.39010	0.07031	0.34325	0.01885	0.00981	0.00270	0.00405	0.01618	0.00849	0.00746
29	0.01191	0.00873	0.01248	0.01248	0.01366	0.00991	0.00929	0.01427	0.01309	0.01864	0.02305	0.03707	0.02269	0.19407	0.54599	0.01227	0.01935	0.00955	0.00457	0.00693
30	0.01208	0.00805	0.00906	0.00906	0.00906	0.00805	0.00503	0.01208	0.01208	0.01611	0.02618	0.05436	0.03020	0.70804	0.04228	0.00805	0.00805	0.01208	0.00503	0.00503
31	0.01208	0.00805	0.00906	0.00906	0.00906	0.00805	0.00503	0.01208	0.01208	0.01611	0.02618	0.05436	0.03020	0.70804	0.04228	0.00805	0.00805	0.01208	0.00503	0.00503
32	0.01166	0.00849	0.01096	0.01034	0.01235	0.00779	0.00776	0.01548	0.02327	0.03274	0.62179	0.06300	0.10879	0.01720	0.00980	0.00262	0.00393	0.01516	0.00907	0.00779
33	0.01081	0.00845	0.00979	0.00946	0.01183	0.00743	0.00709	0.01384	0.02128	0.02800	0.37422	0.07081	0.35932	0.01897	0.00981	0.00271	0.00406	0.01625	0.00845	0.00743
34	0.01208	0.00805	0.00906	0.00906	0.00906	0.00805	0.00503	0.01208	0.01208	0.01611	0.02618	0.05436	0.03020	0.70804	0.04228	0.00805	0.00805	0.01208	0.00503	0.00503
35	0.01666	0.04297	0.66500	0.02368	0.03596	0.01929	0.03069	0.02631	0.01754	0.02631	0.01491	0.01754	0.01052	0.00789	0.00789	0.00263	0.01228	0.00614	0.00351	0.01228
36	0.02679	0.03149	0.02426	0.02140	0.02440	0.41978	0.01674	0.06451	0.02087	0.02214	0.01262	0.01634	0.01097	0.01063	0.01412	0.00266	0.24012	0.00612	0.00431	0.00972
37	0.01087	0.00799	0.01028	0.01141	0.01274	0.00741	0.00834	0.01324	0.01832	0.02429	0.16995	0.39499	0.14932	0.02306	0.01045	0.00320	0.00496	0.10408	0.00798	0.00713
38	0.01098	0.00846	0.01003	0.00963	0.01193	0.00751	0.00723	0.01417	0.02168	0.02895	0.42416	0.06923	0.30878	0.01861	0.00981	0.00269	0.00404	0.01603	0.00857	0.00751
39	0.02066	0.01785	0.01878	0.01691	0.02160	0.02066	0.01315	0.04414	0.64121	0.03475	0.03381	0.03099	0.02536	0.01127	0.00845	0.00282	0.00657	0.00939	0.00845	0.01315
40	0.01743	0.01495	0.01732	0.01258	0.01980	0.01165	0.01004	0.02231	0.05467	0.02753	0.01591	0.01805	0.01309	0.00646	0.00629	0.00133	0.00618	0.00519	0.00513	0.71409
41	0.02568	0.01956	0.02115	0.01746	0.02272	0.02171	0.01395	0.38945	0.19049	0.04334	0.02723	0.12112	0.02289	0.01262	0.00868	0.00270	0.00786	0.01030	0.00826	0.01281
42	0.01084	0.00796	0.00944	0.00993	0.01114	0.00734	0.00669	0.01252	0.01704	0.02236	0.15838	0.26566	0.20273	0.19846	0.01841	0.00430	0.00534	0.01759	0.00728	0.00657
43	0.76672	0.01607	0.01221	0.01092	0.01607	0.01864	0.00900	0.02442	0.01414	0.03727	0.01157	0.01350	0.00900	0.00771	0.00514	0.00257	0.00643	0.00450	0.00514	0.00900
44	0.02520	0.01495	0.02174	0.31699	0.03741	0.01623	0.01722	0.03238	0.10950	0.28432	0.02485	0.02592	0.01700	0.00954	0.00835	0.00269	0.00879	0.00807	0.00706	0.01179
45	0.01103	0.00821	0.00955	0.00957	0.01113	0.00750	0.00661	0.01307	0.01822	0.02400	0.23845	0.14055	0.24731	0.19696	0.01825	0.00416	0.00518	0.01607	0.00746	0.00673
46	0.00983	0.00836	0.00847	0.00856	0.01126	0.00700	0.00638	0.01191	0.01880	0.02239	0.08242	0.10810	0.62582	0.02126	0.00985	0.00283	0.00424	0.01781	0.00771	0.00700
47	0.01693	0.01259	0.01633	0.01483	0.01764	0.01434	0.01177	0.17257	0.01996	0.02779	0.02166	0.02937	0.01906	0.04885	0.50374	0.01056	0.01888	0.00854	0.00544	0.00914
48	0.21141	0.01784	0.02651	0.16261	0.37706	0.01921	0.02079	0.02440	0.01725	0.02861	0.01442	0.01905	0.01169	0.00765	0.00745	0.00255	0.00921	0.00665	0.00430	0.01134
49	0.00982	0.00842	0.00842	0.00842	0.01122	0.00701	0.00631	0.01192	0.01894	0.02244	0.08416	0.07995	0.65285	0.02104	0.00982	0.00281	0.00421	0.01753	0.00771	0.00701
50	0.03139	0.02889	0.02445	0.01990	0.02573	0.24926	0.01588	0.42347	0.03371	0.04133	0.01750	0.01824	0.01295	0.00949	0.00803	0.00237	0.01115	0.00675	0.00692	0.01258
51	0.26596	0.01628	0.01578	0.01300	0.01800	0.01768	0.01056	0.22857	0.02370	0.04001	0.01866	0.02047	0.01416	0.00887	0.00647	0.00228	0.00667	0.00638	0.19872	0.06778
52	0.01489	0.01025	0.01135	0.01051	0.01147	0.01060	0.00658	0.10088	0.01597	0.02133	0.02528	0.04941	0.02789	0.60749	0.03739	0.00725	0.00821	0.01142	0.00551	0.00634
53	0.01022	0.00825	0.00909	0.00927	0.01157	0.00712	0.00680	0.01256	0.01932	0.02425	0.18246	0.17129	0.45661	0.02105	0.00993	0.00286	0.00425	0.01800	0.00798	0.00712
54	0.01443	0.00722	0.01082	0.01082	0.01082	0.00722	0.00722	0.01082	0.01082	0.01443	0.01443	0.02525	0.01443	0.02886	0.03247	0.75830	0.00722	0.00722	0.00361	0.00361
55	0.20857	0.00988	0.00889	0.00856	0.01132	0.01054	0.00663	0.02066	0.01658	0.03259	0.02311	0.02648	0.01813	0.00917	0.00564	0.00210	0.00453	0.00691	0.56165	0.00807
56	0.01048	0.00804	0.00923	0.00990	0.01149	0.00723	0.00695	0.01222	0.01718	0.02168	0.08422	0.27312	0.32407	0.12150	0.01482	0.00378	0.00510	0.04492	0.00738	0.00671
57	0.00999	0.00773	0.00912	0.01024	0.01170	0.00686	0.00712	0.01172	0.01718	0.02173	0.06195	0.44038	0.30675	0.02393	0.01027	0.00313	0.00456	0.02105	0.00771	0.00686
58	0.01818	0.01818	0.02545	0.02181	0.02181	0.02545	0.01818	0.01999	0.01272	0.01999	0.01091	0.01818	0.01091	0.01454	0.02726	0.00364	0.69284	0.00727	0.00364	0.00909
59	0.01012	0.00723	0.00964	0.01157	0.01205	0.00675	0.00771	0.01157	0.01591	0.02121	0.04579	0.70262	0.05495	0.02603	0.01060	0.00337	0.00482	0.02362	0.00771	0.00675
60	0.02990	0.01841	0.02081	0.01657	0.02242	0.01950	0.01349	0.30033	0.14823	0.22335	0.02685	0.02531	0.01868	0.01029	0.00816	0.00253	0.00765	0.00812	0.06596	0.01346
61	0.01002	0.00763	0.00923	0.01051	0.01177	0.00684	0.00724	0.01169	0.01692	0.02162	0.05866	0.49377	0.25549	0.02435	0.01034	0.00318	0.00461	0.02158	0.00771	0.00684
62	0.01187	0.00890	0.01335	0.01335	0.01483	0.01038	0.01038	0.01483	0.01335	0.01928	0.02225	0.03264	0.02077	0.06231	0.67512	0.01335	0.02225	0.00890	0.00445	0.00742
63	0.01162	0.00901	0.01053	0.01032	0.01251	0.00842	0.00758	0.01595	0.06733	0.02765	0.31917	0.13585	0.26226	0.05074	0.01129	0.00303	0.00451	0.01625	0.00827	0.00771
64	0.01083	0.00846	0.00982	0.00948	0.01184	0.00745	0.00711	0.01389	0.02133	0.02813	0.38141	0.07058	0.35205	0.01892	0.00981	0.00270	0.00406	0.01622	0.00846	0.00745
65	0.01012	0.00723	0.00964	0.01157	0.01205	0.00675	0.00771	0.01157	0.01591	0.02121	0.04579	0.70262	0.05495	0.02603	0.01060	0.00337	0.00482	0.02362	0.00771	0.00675
66	0.00982	0.00842	0.00842	0.00842	0.01122	0.00701	0.00631	0.01192	0.01894	0.02244	0.08416	0.07995	0.65285	0.02104	0.00982	0.00281	0.00421	0.01753	0.00771	0.00701
67	0.01604	0.01334	0.01422	0.01336	0.01665	0.01445	0.01010	0.02906	0.34222	0.02800	0.04635	0.05122	0.19119	0.12450	0.01433	0.00370	0.00626	0.04740	0.00767	0.00994
68	0.01723	0.01477	0.01723	0.01230	0.01969	0.01107	0.00984	0.02092	0.01723	0.02707	0.01477	0.01723	0.01230	0.00615	0.00615	0.00123	0.00615	0.00492	0.00492	0.75883
69	0.02019	0.01936	0.03305	0.09972	0.61040	0.01964	0.02531	0.02517	0.01874	0.02669	0.01556	0.02068	0.01300	0.00747	0.00823	0.00249	0.00996	0.00740	0.00408	0.01286
70	0.01171	0.00790	0.00917	0.00954	0.00963	0.00780	0.00555	0.01198	0.01281	0.01708	0.02993	0.17842	0.03494	0.57753	0.03622	0.00716	0.00744	0.01429	0.00555	0.00536
71	0.03050	0.08000	0.02474	0.02097	0.02542	0.63618	0.01594	0.03267	0.02314	0.02028	0.01276	0.01488	0.01070	0.00847	0.00736	0.00212	0.01462	0.00530	0.00424	0.00969
72	0.01187	0.00890	0.01335	0.01335	0.01483	0.01038	0.01038	0.01483	0.01335	0.01928	0.02225	0.03264	0.02077	0.06231	0.67512	0.01335	0.02225	0.00890	0.00445	0.00742
73	0.01012	0.00723	0.00964	0.01157	0.01205	0.00675	0.00771	0.01157	0.01591	0.02121	0.04579	0.70262	0.05495	0.02603	0.01060	0.00337	0.00482	0.02362	0.00771	0.00675
74	0.02762	0.03409	0.02217	0.02026	0.02392	0.54622	0.01534	0.02987	0.02153	0.02016	0.01410	0.01769	0.01216	0.01660	0.10466	0.00383	0.05026	0.00596	0.00427	0.00928
75	0.01744	0.01758	0.01461	0.01429	0.01709	0.18066	0.01071	0.04409	0.07347	0.02434	0.06633	0.21776	0.18944	0.01786	0.00937	0.00284	0.00778	0.05888	0.00696	0.00849
76	0.00982	0.00842	0.00842	0.00842	0.01122	0.00701	0.00631	0.01192	0.01894	0.02244	0.08416	0.07995	0.65285	0.02104	0.00982	0.00281	0.00421	0.01753	0.00771	0.00701
77	0.01187	0.00890	0.01335	0.01335	0.01483	0.01038	0.01038	0.01483	0.01335	0.01928	0.02225	0.03264	0.02077	0.06231	0.67512	0.01335	0.02225	0.00890	0.00445	0.00742
78	0.01865	0.28362	0.44181	0.02028	0.03070	0.02417	0.02478	0.02579	0.01730	0.02388	0.01370	0.01603	0.01057	0.00761	0.00697	0.00232	0.01106	0.00553	0.00352	0.01170
79	0.02052	0.01963	0.03249	0.04512	0.52804	0.01995	0.05975	0.02825	0.10860	0.02820	0.01832	0.02217	0.01488	0.00794	0.00835	0.00254	0.00964	0.00783	0.00474	0.01304
80	0.01120	0.00841	0.01037	0.01000	0.01210	0.00758	0.00745	0.01456	0.02203	0.03006	0.48312	0.09600	0.21978	0.01841	0.00984	0.00270	0.00403	0.01604	0.00872	0.00758
81	0.06288	0.02311	0.02275	0.01802	0.02418	0.12071	0.01463	0.36223	0.03176	0.20356	0.02182	0.02107	0.01505	0.00975	0.00807	0.00246	0.00939	0.00726	0.00808	0.01324
82	0.02056	0.01974	0.03372	0.05099	0.65622	0.01974	0.02550	0.02550	0.01892	0.02714	0.01563	0.02056	0.01316	0.00740	0.00822	0.00247	0.00987	0.00740	0.00411	0.01316
83	0.01072	0.00832	0.00938	0.00929	0.01133	0.00739	0.00667	0.01305	0.01920	0.02476	0.24368	0.10639	0.36235	0.11388	0.01429	0.00350	0.00468	0.01638	0.00778	0.00697
84	0.02954	0.03646	0.02286	0.02075	0.02509	0.58048	0.01563	0.03475	0.11251	0.02241	0.01586	0.01729	0.01281	0.00895	0.00763	0.00224	0.01377	0.00593	0.00488	0.01014
85	0.22033	0.02746	0.02115	0.01786	0.02324	0.26423	0.01414	0.25279	0.02691	0.03662	0.01516	0.01645	0.01154	0.00887	0.00719	0.00238	0.01061	0.00592	0.00600	0.01114
86	0.02028	0.19992	0.04761	0.02967	0.03774	0.02406	0.46879	0.02616	0.01891	0.02479	0.01546	0.02007	0.01211	0.00703	0.00865	0.00254	0.01269	0.00843	0.00404	0.01106
87	0.03103	0.03959	0.02354	0.02140	0.02568	0.67469	0.01605	0.03317	0.02354	0.02033	0.01284	0.01498	0.01070	0.00856	0.00749	0.00214	0.01498	0.00535	0.00428	0.00963
88	0.03103	0.03959	0.02354	0.02140	0.02568	0.67469	0.01605	0.03317	0.02354	0.02033	0.01284	0.01498	0.01070	0.00856	0.00749	0.00214	0.01498	0.00535	0.00428	0.00963
89	0.01065	0.00828	0.00969	0.00970	0.01183	0.00731	0.00714	0.01340	0.02037	0.02670	0.31000	0.16235	0.33259	0.02010	0.00992	0.00281	0.00418	0.01739	0.00830	0.00731
90	0.16737	0.01892	0.01934	0.01631	0.02174	0.02138	0.01308	0.21080	0.31752	0.06873	0.02546	0.02430	0.01873	0.01017	0.00777	0.00266	0.00732	0.00785	0.00786	0.01268
91	0.01207	0.00852	0.01052	0.01143	0.01221	0.00837	0.00757	0.05337	0.01649	0.02200	0.03900	0.48989	0.04583	0.20024	0.01859	0.00452	0.00594	0.01956	0.00706	0.00681
92	0.01162	0.00866	0.01282	0.01309	0.01443	0.00986	0.01000	0.01436	0.01372	0.01956	0.02564	0.12914	0.02569	0.05708	0.57940	0.01191	0.01974	0.01102	0.00492	0.00732
93	0.01218	0.00791	0.01054	0.01071	0.01169	0.00778	0.00749	0.01242	0.01479	0.01973	0.10632	0.13007	0.13302	0.09848	0.12575	0.25844	0.00849	0.01266	0.00572	0.00580
94	0.03103	0.03959	0.02354	0.02140	0.02568	0.67469	0.01605	0.03317	0.02354	0.02033	0.01284	0.01498	0.01070	0.00856	0.00749	0.00214	0.01498	0.00535	0.00428	0.00963
95	0.02807	0.03398	0.02642	0.02977	0.20390	0.48957	0.01872	0.03100	0.02223	0.02226	0.01363	0.01656	0.01140	0.00823	0.00770	0.00223	0.01354	0.00593	0.00423	0.01063
96	0.01187	0.00890	0.01335	0.01335	0.01483	0.01038	0.01038	0.01483	0.01335	0.01928	0.02225	0.03264	0.02077	0.06231	0.67512	0.01335	0.02225	0.00890	0.00445	0.00742
97	0.01039	0.00804	0.00948	0.00997	0.01179	0.00712	0.00715	0.01272	0.01903	0.02467	0.20937	0.28445	0.31258	0.02173	0.01008	0.00295	0.00434	0.01896	0.00806	0.00712
98	0.01100	0.00846	0.01005	0.00965	0.01194	0.00751	0.00724	0.01420	0.02172	0.02904	0.42894	0.06908	0.30395	0.01858	0.00981	0.00269	0.00403	0.01601	0.00858	0.00751
99	0.03036	0.03276	0.02412	0.02242	0.06791	0.43805	0.01633	0.15628	0.04998	0.06048	0.01630	0.01767	0.01263	0.00896	0.00779	0.00228	0.01271	0.00623	0.00556	0.01116
100	0.01723	0.01477	0.01723	0.01230	0.01969	0.01107	0.00984	0.02092	0.01723	0.02707	0.01477	0.01723	0.01230	0.00615	0.00615	0.00123	0.00615	0.00492	0.00492	0.75883
101	0.01012	0.00723	0.00964	0.01157	0.01205	0.00675	0.00771	0.01157	0.01591	0.02121	0.04579	0.70262	0.05495	0.02603	0.01060	0.00337	0.00482	0.02362	0.00771	0.00675
102	0.03103	0.03959	0.02354	0.02140	0.02568	0.67469	0.01605	0.03317	0.02354	0.02033	0.01284	0.01498	0.01070	0.00856	0.00749	0.00214	0.01498	0.00535	0.00428	0.00963
103	0.02372	0.46647	0.03570	0.01567	0.02205	0.05430	0.01455	0.15595	0.02220	0.02725	0.01665	0.02281	0.01510	0.00936	0.00667	0.00215	0.00906	0.06424	0.00502	0.01108
104	0.02025	0.02061	0.03871	0.04578	0.45649	0.02015	0.22124	0.02586	0.01914	0.02697	0.01601	0.02116	0.01298	0.00727	0.00874	0.00258	0.01122	0.00818	0.00414	0.01252
105	0.01825	0.00985	0.01263	0.01116	0.01395	0.00895	0.00832	0.02111	0.02109	0.19087	0.33465	0.05311	0.09311	0.14778	0.01565	0.00366	0.00554	0.01292	0.00855	0.00887
106	0.02944	0.03491	0.02290	0.02052	0.02504	0.52182	0.01557	0.08044	0.12223	0.02506	0.01669	0.01789	0.01328	0.00910	0.00771	0.00227	0.01321	0.00615	0.00525	0.01053
107	0.02486	0.01830	0.03001	0.04168	0.49301	0.01780	0.02208	0.02935	0.02017	0.19031	0.02003	0.02254	0.01506	0.00814	0.00826	0.00249	0.00915	0.00765	0.00570	0.01341
108	0.01010	0.00843	0.00880	0.00871	0.01139	0.00713	0.00653	0.01246	0.01960	0.02401	0.16593	0.07737	0.57010	0.02046	0.00982	0.00278	0.00417	0.01717	0.00792	0.00713
109	0.01101	0.00846	0.01007	0.00967	0.01195	0.00752	0.00725	0.01424	0.02176	0.02914	0.43396	0.06892	0.29887	0.01854	0.00981	0.00269	0.00403	0.01599	0.00860	0.00752
110	0.02056	0.01974	0.03372	0.05099	0.65622	0.01974	0.02550	0.02550	0.01892	0.02714	0.01563	0.02056	0.01316	0.00740	0.00822	0.00247	0.00987	0.00740	0.00411	0.01316
111	0.02056	0.01974	0.03372	0.05099	0.65622	0.01974	0.02550	0.02550	0.01892	0.02714	0.01563	0.02056	0.01316	0.00740	0.00822	0.00247	0.00987	0.00740	0.00411	0.01316
112	0.01036	0.00741	0.00985	0.01141	0.01210	0.00690	0.00773	0.01216	0.01700	0.02295	0.13309	0.61035	0.05832	0.02472	0.01049	0.00326	0.00469	0.02238	0.00792	0.00690
113	0.02019	0.01936	0.03305	0.09972	0.61040	0.01964	0.02531	0.02517	0.01874	0.02669	0.01556	0.02068	0.01300	0.00747	0.00823	0.00249	0.00996	0.00740	0.00408	0.01286
114	0.02310	0.02077	0.01950	0.01743	0.02217	0.11439	0.01351	0.04236	0.51726	0.06821	0.03073	0.02853	0.02298	0.01082	0.00831	0.00271	0.00781	0.00875	0.00796	0.01270
115	0.01025	0.00742	0.00973	0.01153	0.01223	0.00690	0.00788	0.01185	0.01626	0.02146	0.04830	0.63251	0.09500	0.02555	0.01059	0.00336	0.00491	0.04977	0.00771	0.00681

[dist]
# distance from previous block
# <min> <max>
0	0

# created by:
# /home/cegg/simao/soft/augustus-3.2.1/scripts/msa2prfl.pl ./align_prep/14487.fa
