[name]
unknown

[dist]
# distance from previous block
# <min> <max>
0	2

[block]
# block no. 0 follows, 21 sequences, length 119
# corresponding to MSA columns:
# 2-120
name=unknown_A
#
# <colnr> <probs for GDERKNQSTAVLIFYWHMCP>
#	G	D	E	R	K	N	Q	S	T	A	V	L	I	F	Y	W	H	M	C	P
0	0.02066	0.02122	0.03188	0.07750	0.30314	0.10299	0.13473	0.02558	0.02002	0.02600	0.02099	0.03414	0.01924	0.01056	0.00923	0.00282	0.01127	0.11178	0.00487	0.01137
1	0.02137	0.01911	0.02691	0.27259	0.22766	0.05637	0.02137	0.06364	0.11836	0.05930	0.01964	0.02341	0.01499	0.00893	0.00846	0.00269	0.01013	0.00784	0.00534	0.01190
2	0.14152	0.06475	0.02345	0.05969	0.06342	0.33248	0.01592	0.02835	0.01973	0.02456	0.01374	0.01715	0.01150	0.00933	0.00982	0.00249	0.09997	0.00594	0.04634	0.00984
3	0.02002	0.23693	0.19569	0.02520	0.03356	0.02524	0.23129	0.02599	0.01804	0.02432	0.01451	0.01846	0.01161	0.00817	0.00986	0.00259	0.07610	0.00719	0.00387	0.01137
4	0.36696	0.02291	0.01898	0.01590	0.02155	0.13650	0.01282	0.20959	0.02458	0.07457	0.01594	0.01697	0.01181	0.00891	0.00688	0.00253	0.00904	0.00592	0.00640	0.01124
5	0.02306	0.12093	0.36099	0.02015	0.02980	0.02009	0.02293	0.03210	0.08816	0.16912	0.02114	0.02144	0.01483	0.00892	0.00791	0.00259	0.01026	0.00695	0.00574	0.01289
6	0.03012	0.07991	0.02534	0.02018	0.02533	0.38408	0.01587	0.21317	0.02791	0.03084	0.01591	0.01792	0.01268	0.01252	0.04857	0.00299	0.01352	0.00631	0.00562	0.01122
7	0.01416	0.01062	0.01203	0.01202	0.01492	0.01027	0.00925	0.02040	0.12854	0.06096	0.06186	0.17803	0.31925	0.02029	0.01008	0.00310	0.00548	0.09182	0.00818	0.00876
8	0.01105	0.00866	0.00999	0.00966	0.01210	0.00760	0.00724	0.01413	0.02173	0.02853	0.36322	0.07279	0.36392	0.01949	0.01005	0.00278	0.00416	0.01668	0.00863	0.00760
9	0.02428	0.04016	0.35037	0.02282	0.03174	0.24967	0.02414	0.10684	0.02302	0.02827	0.01520	0.01736	0.01133	0.00861	0.00800	0.00250	0.01314	0.00618	0.00452	0.01186
10	0.02205	0.03153	0.23389	0.17062	0.03930	0.14359	0.10133	0.10518	0.02210	0.02818	0.01577	0.01950	0.01170	0.00847	0.00841	0.00264	0.01264	0.00709	0.00453	0.01147
11	0.01764	0.01391	0.01477	0.01347	0.01758	0.01462	0.01043	0.03094	0.32955	0.07340	0.05647	0.05286	0.28836	0.01573	0.00925	0.00286	0.00574	0.01309	0.00847	0.01087
12	0.01216	0.00912	0.01368	0.01368	0.01520	0.01064	0.01064	0.01520	0.01368	0.01976	0.02279	0.03343	0.02127	0.06382	0.66720	0.01368	0.02279	0.00912	0.00456	0.00760
13	0.01489	0.03211	0.44633	0.02022	0.02886	0.01558	0.02378	0.02204	0.01742	0.02525	0.02556	0.23837	0.02559	0.01413	0.00899	0.00294	0.01009	0.01211	0.00499	0.01073
14	0.03144	0.02224	0.02425	0.01872	0.02520	0.02429	0.01541	0.54232	0.03795	0.09230	0.06125	0.02377	0.01913	0.01070	0.00861	0.00257	0.00888	0.00822	0.00870	0.01406
15	0.03061	0.02215	0.02368	0.01835	0.02465	0.02444	0.01509	0.55603	0.03767	0.05132	0.02121	0.02163	0.01525	0.01018	0.00824	0.00249	0.00879	0.00769	0.08676	0.01378
16	0.01029	0.00773	0.00954	0.01099	0.01212	0.00698	0.00752	0.01195	0.01712	0.02206	0.05738	0.53181	0.21308	0.02530	0.01065	0.00330	0.00477	0.02253	0.00790	0.00698
17	0.01887	0.01743	0.02853	0.42519	0.25251	0.01987	0.02394	0.06493	0.01941	0.02599	0.01579	0.02199	0.01227	0.00832	0.00848	0.00271	0.01080	0.00758	0.00426	0.01114
18	0.01972	0.01885	0.03212	0.22117	0.48939	0.01987	0.02545	0.02494	0.01874	0.02617	0.01577	0.02150	0.01291	0.00783	0.00845	0.00261	0.01044	0.00758	0.00410	0.01240
19	0.01465	0.00889	0.01181	0.01174	0.01370	0.00813	0.00854	0.01752	0.02089	0.10722	0.31892	0.32129	0.06286	0.02037	0.01019	0.00299	0.00480	0.01818	0.00891	0.00838
20	0.13298	0.02915	0.27908	0.02487	0.03427	0.01929	0.21612	0.02866	0.01897	0.11063	0.01778	0.02040	0.01258	0.00808	0.00836	0.00273	0.01155	0.00755	0.00498	0.01196
21	0.01729	0.06997	0.63283	0.02388	0.03624	0.02031	0.03078	0.02689	0.01794	0.02668	0.01514	0.01780	0.01079	0.00805	0.00798	0.00266	0.01244	0.00622	0.00360	0.01251
22	0.02903	0.02905	0.02495	0.14610	0.03248	0.28782	0.01770	0.26559	0.02912	0.03411	0.01644	0.01877	0.01244	0.00930	0.00817	0.00246	0.01220	0.00675	0.00592	0.01163
23	0.01028	0.00869	0.00894	0.00906	0.01187	0.00735	0.00691	0.01255	0.01941	0.02314	0.08366	0.08277	0.60756	0.02167	0.01016	0.00294	0.00453	0.05337	0.00790	0.00722
24	0.01807	0.08756	0.50534	0.02674	0.07923	0.02098	0.09180	0.02682	0.01824	0.02655	0.01528	0.01840	0.01120	0.00790	0.00813	0.00264	0.01234	0.00665	0.00372	0.01241
25	0.02338	0.02437	0.02959	0.07411	0.39644	0.17473	0.02199	0.06052	0.02155	0.02700	0.01949	0.02318	0.04844	0.00885	0.00835	0.00248	0.01106	0.00767	0.00468	0.01210
26	0.44470	0.01959	0.01898	0.05714	0.08685	0.05337	0.01370	0.15543	0.02121	0.03865	0.01441	0.01662	0.01102	0.00845	0.00661	0.00259	0.00828	0.00580	0.00574	0.01085
27	0.02070	0.02011	0.03511	0.08801	0.57109	0.02023	0.06722	0.02594	0.01929	0.02741	0.01604	0.02129	0.01331	0.00761	0.00854	0.00257	0.01048	0.00775	0.00419	0.01310
28	0.01359	0.01185	0.01617	0.01584	0.01623	0.01443	0.01205	0.01525	0.01513	0.02128	0.03437	0.40723	0.06058	0.02186	0.01752	0.00354	0.27156	0.01740	0.00626	0.00786
29	0.01760	0.01330	0.01574	0.01416	0.01720	0.01431	0.01102	0.08770	0.12803	0.06955	0.17712	0.13216	0.15627	0.01689	0.01167	0.00295	0.08242	0.01387	0.00812	0.00991
30	0.01048	0.00749	0.00997	0.01177	0.01237	0.00699	0.00791	0.01213	0.01681	0.02255	0.08658	0.65334	0.05788	0.02605	0.01081	0.00340	0.00488	0.02361	0.00800	0.00699
31	0.01831	0.01741	0.02957	0.39846	0.32311	0.01950	0.02475	0.02371	0.01808	0.02446	0.01552	0.02196	0.01230	0.00809	0.00847	0.00270	0.01079	0.00757	0.00397	0.01126
32	0.16110	0.02692	0.23341	0.01764	0.02504	0.08509	0.01810	0.02911	0.04430	0.14410	0.11053	0.02615	0.02317	0.01007	0.00791	0.00262	0.00929	0.00777	0.00630	0.01138
33	0.01928	0.24274	0.38977	0.02023	0.02999	0.05974	0.02382	0.02614	0.01854	0.02500	0.05796	0.01969	0.01569	0.00853	0.00740	0.00240	0.01108	0.00635	0.00406	0.01160
34	0.02395	0.02569	0.03174	0.04408	0.48070	0.19408	0.02352	0.02823	0.02065	0.02593	0.01524	0.01953	0.01280	0.00790	0.00822	0.00244	0.01152	0.00702	0.00426	0.01251
35	0.02106	0.03864	0.45128	0.06032	0.03525	0.08578	0.02692	0.12718	0.02224	0.03054	0.01592	0.01839	0.01145	0.00854	0.00814	0.00263	0.01224	0.00651	0.00451	0.01245
36	0.01825	0.01903	0.02217	0.27276	0.13540	0.13904	0.01805	0.02222	0.01939	0.02289	0.03401	0.03695	0.18185	0.01192	0.00875	0.00267	0.01001	0.00997	0.00507	0.00957
37	0.02009	0.02533	0.15614	0.04339	0.40164	0.02041	0.15455	0.02652	0.01926	0.02752	0.01613	0.02088	0.01284	0.00759	0.00871	0.00263	0.01149	0.00787	0.00411	0.01288
38	0.01047	0.00868	0.00924	0.00956	0.01220	0.00745	0.00732	0.01277	0.01924	0.02318	0.07950	0.11945	0.54623	0.02206	0.01029	0.00302	0.00472	0.07948	0.00790	0.00724
39	0.02899	0.15165	0.02750	0.01927	0.02476	0.29965	0.01561	0.22165	0.02734	0.03128	0.01596	0.01796	0.01282	0.01282	0.05360	0.00305	0.01281	0.00628	0.00561	0.01139
40	0.01223	0.00827	0.00924	0.00924	0.00942	0.00818	0.00524	0.01237	0.01281	0.01690	0.03049	0.05731	0.06888	0.65891	0.04126	0.00792	0.00801	0.01272	0.00533	0.00528
41	0.02010	0.01886	0.03182	0.04746	0.56551	0.01886	0.02450	0.02501	0.01941	0.02750	0.01980	0.03085	0.01812	0.00966	0.00886	0.00271	0.00981	0.08374	0.00469	0.01274
42	0.15388	0.51460	0.10214	0.01496	0.02243	0.02963	0.01535	0.02555	0.01686	0.02398	0.01219	0.01413	0.01060	0.00747	0.00570	0.00206	0.00901	0.00474	0.00393	0.01079
43	0.01299	0.00863	0.00985	0.01010	0.01236	0.00807	0.00795	0.01640	0.01975	0.02826	0.15716	0.06504	0.22970	0.01741	0.00904	0.00275	0.00482	0.12303	0.24901	0.00770
44	0.01860	0.22205	0.49219	0.02165	0.03280	0.02350	0.02690	0.02656	0.01779	0.02509	0.01435	0.01681	0.01082	0.00787	0.00738	0.00246	0.01164	0.00582	0.00361	0.01213
45	0.15419	0.00989	0.01118	0.01128	0.01278	0.01071	0.00789	0.01544	0.01382	0.02243	0.02647	0.15587	0.02874	0.27765	0.19807	0.00779	0.01125	0.01213	0.00551	0.00690
46	0.03014	0.02610	0.02071	0.01815	0.02271	0.32924	0.01406	0.03285	0.02221	0.22655	0.02163	0.02321	0.01621	0.01980	0.13326	0.00452	0.01412	0.00717	0.00642	0.01094
47	0.01025	0.00841	0.00904	0.00934	0.01173	0.00719	0.00683	0.01242	0.01917	0.02354	0.11810	0.19007	0.50008	0.02217	0.01020	0.00296	0.00440	0.01889	0.00800	0.00719
48	0.02093	0.02058	0.03659	0.05010	0.56901	0.02039	0.10330	0.02627	0.01947	0.02773	0.01617	0.02131	0.01341	0.00753	0.00864	0.00257	0.01066	0.00790	0.00422	0.01322
49	0.02771	0.03282	0.02808	0.03345	0.26274	0.42081	0.02012	0.03099	0.02231	0.02348	0.01424	0.01752	0.01192	0.00832	0.00796	0.00232	0.01335	0.00628	0.00432	0.01124
50	0.01939	0.01991	0.02595	0.02232	0.02258	0.06372	0.01849	0.02127	0.01368	0.02050	0.01129	0.01843	0.01116	0.01453	0.02674	0.00363	0.64598	0.00733	0.00376	0.00934
51	0.01934	0.01317	0.01630	0.01614	0.01963	0.01385	0.01348	0.02972	0.21962	0.11084	0.04017	0.06633	0.03785	0.01792	0.01033	0.00341	0.00740	0.32551	0.00846	0.01054
52	0.03179	0.04056	0.02412	0.02192	0.02631	0.66676	0.01644	0.03398	0.02412	0.02083	0.01315	0.01535	0.01096	0.00877	0.00767	0.00219	0.01535	0.00548	0.00438	0.00987
53	0.02095	0.03859	0.53968	0.02258	0.03405	0.01843	0.02796	0.02962	0.01914	0.14221	0.01864	0.01999	0.01267	0.00854	0.00817	0.00268	0.01160	0.00671	0.00487	0.01293
54	0.01326	0.00950	0.01308	0.01434	0.01631	0.00932	0.01218	0.01721	0.02080	0.02780	0.20595	0.08727	0.05740	0.02187	0.01129	0.00358	0.00681	0.43589	0.00825	0.00789
55	0.02777	0.02003	0.02003	0.01725	0.02255	0.10285	0.01356	0.04260	0.36674	0.22299	0.03150	0.02875	0.02251	0.01087	0.00850	0.00272	0.00802	0.00875	0.00867	0.01331
56	0.02106	0.02022	0.03454	0.05223	0.64784	0.02022	0.02612	0.02612	0.01938	0.02780	0.01601	0.02106	0.01348	0.00758	0.00842	0.00253	0.01011	0.00758	0.00421	0.01348
57	0.01088	0.00777	0.01046	0.01244	0.01316	0.00736	0.00879	0.01274	0.01680	0.02230	0.04662	0.60329	0.05516	0.02618	0.01100	0.00353	0.00538	0.11120	0.00789	0.00705
58	0.01223	0.00898	0.01164	0.01177	0.01388	0.00839	0.00935	0.01598	0.02227	0.03034	0.40968	0.07468	0.14557	0.01958	0.01050	0.00304	0.00508	0.17040	0.00876	0.00787
59	0.02041	0.01955	0.03336	0.13431	0.57086	0.02005	0.02579	0.02555	0.01907	0.02701	0.01589	0.02127	0.01320	0.00770	0.00844	0.00257	0.01027	0.00758	0.00416	0.01295
60	0.01968	0.34781	0.37588	0.01981	0.02995	0.02615	0.02370	0.02628	0.01766	0.02377	0.01369	0.01599	0.01084	0.00772	0.00688	0.00229	0.01098	0.00549	0.00361	0.01182
61	0.03742	0.01570	0.02051	0.01572	0.02233	0.01432	0.01299	0.11698	0.02640	0.57533	0.03186	0.02785	0.02020	0.01049	0.00855	0.00262	0.00752	0.00844	0.01027	0.01448
62	0.02614	0.02405	0.03025	0.03765	0.36444	0.10669	0.02162	0.22020	0.02671	0.03530	0.01707	0.02011	0.01347	0.00859	0.00836	0.00249	0.01055	0.00733	0.00563	0.01333
63	0.01653	0.01653	0.01659	0.01593	0.01720	0.12991	0.01194	0.01820	0.01684	0.02096	0.03389	0.27800	0.09633	0.07159	0.01729	0.00361	0.18995	0.01478	0.00594	0.00798
64	0.01104	0.00894	0.00999	0.01052	0.01314	0.00789	0.00841	0.01367	0.01945	0.02366	0.07514	0.08569	0.48427	0.02208	0.01051	0.00315	0.00526	0.17194	0.00788	0.00736
65	0.01992	0.02005	0.02933	0.33551	0.31339	0.08802	0.02396	0.02495	0.01880	0.02430	0.01530	0.02120	0.01224	0.00813	0.00838	0.00263	0.01123	0.00735	0.00403	0.01126
66	0.26639	0.01907	0.01895	0.01584	0.02152	0.02143	0.01282	0.20823	0.21371	0.08493	0.02295	0.02238	0.01678	0.00990	0.00751	0.00269	0.00750	0.00734	0.00764	0.01245
67	0.02885	0.01754	0.02039	0.01651	0.02186	0.01815	0.01325	0.32156	0.03067	0.20818	0.06389	0.14558	0.02742	0.01364	0.00903	0.00274	0.00770	0.01129	0.00900	0.01276
68	0.02996	0.01775	0.02057	0.01685	0.02273	0.01864	0.01357	0.14617	0.28380	0.28579	0.03168	0.02862	0.02196	0.01090	0.00859	0.00273	0.00741	0.00885	0.00938	0.01405
69	0.03022	0.02270	0.02554	0.10592	0.03060	0.02541	0.01715	0.54138	0.03701	0.04947	0.01974	0.02073	0.01406	0.00999	0.00851	0.00259	0.00962	0.00765	0.00790	0.01382
70	0.02524	0.02743	0.02092	0.01896	0.02308	0.32379	0.01452	0.07431	0.18683	0.02689	0.02127	0.02355	0.01720	0.02008	0.13329	0.00459	0.01403	0.00744	0.00586	0.01073
71	0.03135	0.03458	0.02424	0.02100	0.02610	0.44961	0.01620	0.19980	0.06298	0.03092	0.01642	0.01771	0.01280	0.00933	0.00797	0.00233	0.01317	0.00633	0.00579	0.01137
72	0.01012	0.00839	0.00886	0.00923	0.01166	0.00713	0.00674	0.01214	0.01881	0.02275	0.07874	0.19845	0.53266	0.02252	0.01021	0.00298	0.00443	0.01914	0.00790	0.00713
73	0.02550	0.02385	0.03076	0.03949	0.39953	0.10634	0.02218	0.18670	0.02555	0.03384	0.01682	0.02015	0.01342	0.00845	0.00835	0.00249	0.01059	0.00733	0.00539	0.01327
74	0.02254	0.35537	0.24809	0.01924	0.02777	0.14923	0.02064	0.02759	0.01882	0.02252	0.01325	0.01544	0.01088	0.00784	0.00677	0.00219	0.01146	0.00532	0.00377	0.01128
75	0.01244	0.00852	0.01066	0.01066	0.01123	0.00901	0.00697	0.01359	0.01302	0.01816	0.02554	0.04750	0.02743	0.46633	0.24483	0.00977	0.01281	0.01114	0.03431	0.00606
76	0.01216	0.00912	0.01368	0.01368	0.01520	0.01064	0.01064	0.01520	0.01368	0.01976	0.02279	0.03343	0.02127	0.06382	0.66720	0.01368	0.02279	0.00912	0.00456	0.00760
77	0.03147	0.07248	0.02575	0.02072	0.02608	0.41438	0.01625	0.23157	0.02911	0.03188	0.01554	0.01697	0.01215	0.00917	0.00783	0.00229	0.01297	0.00617	0.00574	0.01148
78	0.07196	0.01762	0.01978	0.01610	0.02059	0.01915	0.01273	0.35935	0.02833	0.06641	0.01864	0.02217	0.01454	0.01638	0.01637	0.24654	0.00846	0.00742	0.00683	0.01064
79	0.01101	0.00768	0.00968	0.01103	0.01136	0.00734	0.00702	0.01202	0.01504	0.02005	0.04046	0.49028	0.04816	0.24284	0.02127	0.00499	0.00600	0.02040	0.00702	0.00635
80	0.01222	0.00997	0.01100	0.01071	0.01356	0.00938	0.00821	0.01781	0.10066	0.02753	0.21423	0.07170	0.38776	0.01934	0.00997	0.00289	0.00477	0.05165	0.00836	0.00825
81	0.02106	0.02022	0.03454	0.05223	0.64784	0.02022	0.02612	0.02612	0.01938	0.02780	0.01601	0.02106	0.01348	0.00758	0.00842	0.00253	0.01011	0.00758	0.00421	0.01348
82	0.01586	0.00793	0.00793	0.00793	0.00991	0.00793	0.00595	0.01983	0.01785	0.03173	0.02776	0.03173	0.02181	0.00991	0.00595	0.00198	0.00397	0.00793	0.74817	0.00793
83	0.02073	0.42134	0.24251	0.02153	0.09024	0.02779	0.02122	0.02602	0.01772	0.02306	0.01337	0.01581	0.01113	0.00757	0.00661	0.00218	0.01033	0.00542	0.00368	0.01172
84	0.22033	0.03544	0.44788	0.02045	0.03073	0.01993	0.02458	0.05797	0.01819	0.03143	0.01462	0.01697	0.01055	0.00815	0.00734	0.00267	0.01077	0.00590	0.00431	0.01176
85	0.01199	0.00910	0.01183	0.01253	0.01283	0.00977	0.00856	0.01312	0.01481	0.02016	0.03683	0.43494	0.04358	0.20644	0.02182	0.00478	0.09472	0.01883	0.00662	0.00675
86	0.01223	0.00812	0.00880	0.00917	0.01076	0.00756	0.00633	0.01434	0.01696	0.02393	0.05023	0.17893	0.23276	0.15540	0.01571	0.00381	0.00512	0.01517	0.21773	0.00694
87	0.02136	0.33451	0.10877	0.06382	0.19397	0.06576	0.02007	0.02568	0.01818	0.02305	0.01410	0.01763	0.01207	0.01010	0.03595	0.00271	0.01089	0.00599	0.00388	0.01151
88	0.02441	0.02315	0.03617	0.03690	0.26718	0.05877	0.19764	0.18646	0.02540	0.03419	0.01739	0.02113	0.01344	0.00824	0.00888	0.00262	0.01146	0.00821	0.00541	0.01295
89	0.01071	0.00760	0.00972	0.01127	0.01176	0.00716	0.00736	0.01196	0.01571	0.02084	0.04483	0.55768	0.07435	0.14676	0.01662	0.00429	0.00550	0.02185	0.00741	0.00661
90	0.02616	0.02076	0.02206	0.01833	0.02403	0.02350	0.01468	0.30185	0.36770	0.04366	0.02829	0.02669	0.02084	0.01095	0.00859	0.00274	0.00791	0.00875	0.00859	0.01392
91	0.01996	0.01516	0.01634	0.01421	0.01865	0.01628	0.01113	0.09434	0.28926	0.03454	0.02807	0.02880	0.02163	0.01323	0.04479	0.00301	0.00712	0.00833	0.20680	0.10836
92	0.02323	0.43488	0.17455	0.01808	0.02597	0.15090	0.01861	0.02742	0.01874	0.02169	0.01283	0.01492	0.01090	0.00774	0.00645	0.00208	0.01105	0.00511	0.00377	0.01108
93	0.02310	0.42056	0.18779	0.01829	0.02629	0.15060	0.01897	0.02745	0.01875	0.02184	0.01291	0.01501	0.01089	0.00776	0.00651	0.00210	0.01112	0.00514	0.00377	0.01112
94	0.01048	0.00908	0.00980	0.05553	0.01478	0.00800	0.00766	0.01288	0.01923	0.02290	0.08125	0.07777	0.60019	0.02064	0.00995	0.00287	0.00480	0.01723	0.00761	0.00734
95	0.03191	0.03695	0.02442	0.02142	0.02633	0.52865	0.01639	0.16025	0.02754	0.02790	0.01472	0.01644	0.01172	0.00908	0.00785	0.00227	0.01406	0.00595	0.00528	0.01086
96	0.01813	0.01680	0.02802	0.02908	0.17248	0.01697	0.15879	0.02674	0.13586	0.02810	0.02980	0.09077	0.02825	0.01385	0.00992	0.00312	0.00950	0.16648	0.00631	0.01103
97	0.01996	0.01910	0.03256	0.19063	0.51803	0.01993	0.02557	0.02515	0.01886	0.02647	0.01581	0.02142	0.01301	0.00779	0.00844	0.00260	0.01038	0.00758	0.00412	0.01259
98	0.01006	0.00862	0.00862	0.00862	0.01149	0.00718	0.00647	0.01221	0.01940	0.02299	0.08621	0.08190	0.64438	0.02155	0.01006	0.00287	0.00431	0.01796	0.00790	0.00718
99	0.02830	0.16599	0.07229	0.02071	0.02597	0.46514	0.01726	0.03111	0.02176	0.02108	0.01294	0.01539	0.01095	0.00878	0.00843	0.00224	0.05179	0.00547	0.00415	0.01022
100	0.02201	0.23847	0.30373	0.02286	0.07291	0.15445	0.02303	0.02787	0.01911	0.02372	0.01387	0.01637	0.01105	0.00795	0.00725	0.00232	0.01193	0.00570	0.00381	0.01160
101	0.01242	0.00962	0.01160	0.01196	0.01444	0.00910	0.00963	0.01696	0.05853	0.02731	0.20670	0.07885	0.27459	0.02055	0.01052	0.00316	0.00553	0.20225	0.00829	0.00799
102	0.01238	0.00825	0.00928	0.00928	0.00928	0.00825	0.00516	0.01238	0.01238	0.01650	0.02681	0.05569	0.03094	0.70092	0.04331	0.00825	0.00825	0.01238	0.00516	0.00516
103	0.02688	0.29518	0.06892	0.02051	0.06503	0.17496	0.01711	0.18186	0.02493	0.02983	0.01483	0.01652	0.01201	0.00845	0.00710	0.00219	0.01086	0.00586	0.00511	0.01186
104	0.29514	0.02300	0.01743	0.01563	0.02029	0.20950	0.01218	0.03128	0.12913	0.06692	0.08279	0.02347	0.02074	0.00994	0.00726	0.00255	0.00897	0.00710	0.00633	0.01034
105	0.01162	0.00887	0.01079	0.01083	0.01315	0.00804	0.00847	0.01493	0.02157	0.02851	0.33293	0.07605	0.28093	0.02001	0.01035	0.00297	0.00480	0.11894	0.00856	0.00769
106	0.01364	0.01512	0.09611	0.01334	0.01738	0.01188	0.01166	0.02160	0.15137	0.02718	0.11775	0.17024	0.26365	0.01811	0.00964	0.00294	0.00599	0.01548	0.00766	0.00929
107	0.02310	0.01410	0.05985	0.01366	0.01856	0.01137	0.01174	0.02812	0.06031	0.27878	0.18608	0.04950	0.15421	0.01470	0.00930	0.00277	0.00629	0.03743	0.00904	0.01109
108	0.01707	0.04402	0.65683	0.02426	0.03683	0.01976	0.03144	0.02695	0.01797	0.02695	0.01527	0.01797	0.01078	0.00809	0.00809	0.00270	0.01258	0.00629	0.00359	0.01258
109	0.01006	0.00862	0.00862	0.00862	0.01149	0.00718	0.00647	0.01221	0.01940	0.02299	0.08621	0.08190	0.64438	0.02155	0.01006	0.00287	0.00431	0.01796	0.00790	0.00718
110	0.03179	0.04056	0.02412	0.02192	0.02631	0.66676	0.01644	0.03398	0.02412	0.02083	0.01315	0.01535	0.01096	0.00877	0.00767	0.00219	0.01535	0.00548	0.00438	0.00987
111	0.03012	0.02998	0.02381	0.02018	0.02560	0.29851	0.01581	0.26736	0.13893	0.03643	0.01986	0.02028	0.01503	0.00984	0.00818	0.00246	0.01145	0.00708	0.00678	0.01233
112	0.01944	0.01856	0.03161	0.25664	0.45612	0.01979	0.02531	0.02469	0.01861	0.02583	0.01572	0.02159	0.01279	0.00788	0.00845	0.00263	0.01051	0.00758	0.00407	0.01217
113	0.01586	0.00793	0.00793	0.00793	0.00991	0.00793	0.00595	0.01983	0.01785	0.03173	0.02776	0.03173	0.02181	0.00991	0.00595	0.00198	0.00397	0.00793	0.74817	0.00793
114	0.02106	0.02022	0.03454	0.05223	0.64784	0.02022	0.02612	0.02612	0.01938	0.02780	0.01601	0.02106	0.01348	0.00758	0.00842	0.00253	0.01011	0.00758	0.00421	0.01348
115	0.01827	0.01569	0.01793	0.01345	0.02052	0.01310	0.01069	0.02567	0.12733	0.02913	0.01861	0.02016	0.01499	0.00724	0.00672	0.00155	0.00638	0.00586	0.00569	0.62102
116	0.01173	0.00869	0.01095	0.01038	0.01252	0.00790	0.00779	0.01546	0.02336	0.03239	0.55639	0.06643	0.16834	0.01805	0.01004	0.00271	0.00406	0.01579	0.00914	0.00790
117	0.01288	0.01050	0.01178	0.01186	0.01354	0.05366	0.00857	0.01594	0.02155	0.02916	0.40528	0.26577	0.06764	0.01981	0.01014	0.00290	0.00511	0.01756	0.00854	0.00779
118	0.01037	0.00741	0.00987	0.01185	0.01234	0.00691	0.00790	0.01185	0.01629	0.02172	0.04690	0.69537	0.05629	0.02666	0.01086	0.00346	0.00494	0.02419	0.00790	0.00691

[dist]
# distance from previous block
# <min> <max>
0	0

# created by:
# /home/cegg/simao/soft/augustus-3.2.1/scripts/msa2prfl.pl ./align_prep/14508.fa
