[name]
unknown

[dist]
# distance from previous block
# <min> <max>
0	0

[block]
# block no. 0 follows, 21 sequences, length 55
# corresponding to MSA columns:
# 0-54
name=unknown_A
#
# <colnr> <probs for GDERKNQSTAVLIFYWHMCP>
#	G	D	E	R	K	N	Q	S	T	A	V	L	I	F	Y	W	H	M	C	P
0	0.01371	0.00980	0.01371	0.01567	0.01763	0.00980	0.01371	0.01763	0.01959	0.02547	0.04506	0.09599	0.04898	0.02351	0.01175	0.00392	0.00784	0.59056	0.00784	0.00784
1	0.01356	0.01093	0.01386	0.15791	0.02316	0.01099	0.01116	0.01816	0.05819	0.05236	0.13706	0.06102	0.36589	0.01703	0.00956	0.00283	0.00610	0.01440	0.00734	0.00851
2	0.02861	0.03060	0.02430	0.05546	0.06624	0.34581	0.01684	0.15954	0.13196	0.03085	0.01869	0.01999	0.01448	0.00947	0.00811	0.00244	0.01206	0.00690	0.00596	0.01168
3	0.01037	0.00741	0.00987	0.01185	0.01234	0.00691	0.00790	0.01185	0.01629	0.02172	0.04690	0.69537	0.05629	0.02666	0.01086	0.00346	0.00494	0.02419	0.00790	0.00691
4	0.03631	0.01407	0.01915	0.01482	0.02108	0.01219	0.01219	0.03966	0.02434	0.60941	0.07719	0.03144	0.02530	0.01102	0.00866	0.00264	0.00701	0.00905	0.01045	0.01402
5	0.02090	0.01812	0.01957	0.05179	0.02403	0.02105	0.01400	0.04400	0.60047	0.03488	0.03362	0.03128	0.02522	0.01139	0.00865	0.00288	0.00697	0.00951	0.00841	0.01326
6	0.12476	0.10225	0.08292	0.02274	0.13042	0.01843	0.06701	0.06611	0.02000	0.06857	0.05948	0.11677	0.06209	0.01197	0.00826	0.00267	0.00844	0.01028	0.00596	0.01086
7	0.01007	0.00856	0.00868	0.00879	0.01154	0.00717	0.00654	0.01219	0.01924	0.02292	0.08420	0.11321	0.61436	0.02181	0.01010	0.00290	0.00434	0.01828	0.00790	0.00717
8	0.01037	0.00741	0.00987	0.01185	0.01234	0.00691	0.00790	0.01185	0.01629	0.02172	0.04690	0.69537	0.05629	0.02666	0.01086	0.00346	0.00494	0.02419	0.00790	0.00691
9	0.01392	0.01157	0.01649	0.01549	0.01642	0.01451	0.01214	0.01629	0.01335	0.01957	0.02014	0.03207	0.01970	0.12589	0.42134	0.01036	0.19952	0.00905	0.00440	0.00777
10	0.02420	0.01919	0.01961	0.01640	0.02038	0.07808	0.01283	0.30292	0.02720	0.03642	0.02133	0.02856	0.01831	0.13616	0.09529	0.00487	0.04601	0.00847	0.07303	0.01075
11	0.02117	0.01828	0.01924	0.01732	0.02213	0.02117	0.01347	0.04522	0.63246	0.03560	0.03464	0.03175	0.02598	0.01155	0.00866	0.00289	0.00673	0.00962	0.00866	0.01347
12	0.01216	0.00912	0.01368	0.01368	0.01520	0.01064	0.01064	0.01520	0.01368	0.01976	0.02279	0.03343	0.02127	0.06382	0.66720	0.01368	0.02279	0.00912	0.00456	0.00760
13	0.59672	0.01616	0.01538	0.15881	0.02576	0.01905	0.01240	0.02429	0.01504	0.03456	0.01257	0.01578	0.00969	0.00803	0.00598	0.00268	0.00763	0.00526	0.00494	0.00927
14	0.01627	0.01552	0.02676	0.64823	0.05791	0.01904	0.05330	0.02202	0.01717	0.02202	0.01523	0.02270	0.01142	0.00844	0.00858	0.00284	0.01149	0.00769	0.00381	0.00955
15	0.02609	0.02968	0.02279	0.02036	0.02369	0.38038	0.01580	0.08172	0.02178	0.02357	0.01513	0.01952	0.01310	0.01951	0.12533	0.00448	0.13594	0.00666	0.00467	0.00979
16	0.01192	0.00866	0.01092	0.01220	0.01329	0.00832	0.00840	0.05533	0.01819	0.02409	0.04749	0.60838	0.09040	0.02516	0.01064	0.00335	0.00521	0.02262	0.00794	0.00747
17	0.70775	0.01636	0.01344	0.05906	0.01947	0.01908	0.01025	0.02478	0.01466	0.03701	0.01208	0.01446	0.00937	0.00794	0.00550	0.00265	0.00692	0.00482	0.00516	0.00923
18	0.03179	0.04056	0.02412	0.02192	0.02631	0.66676	0.01644	0.03398	0.02412	0.02083	0.01315	0.01535	0.01096	0.00877	0.00767	0.00219	0.01535	0.00548	0.00438	0.00987
19	0.01186	0.00833	0.00914	0.00914	0.00977	0.00802	0.00545	0.01234	0.01392	0.01793	0.03991	0.06147	0.16624	0.55108	0.03598	0.00706	0.00738	0.01361	0.00576	0.00560
20	0.01111	0.00795	0.01064	0.01203	0.01289	0.00764	0.00847	0.01315	0.01716	0.02319	0.11932	0.48075	0.05479	0.06496	0.05957	0.00439	0.00653	0.07068	0.00769	0.00709
21	0.01238	0.00825	0.00928	0.00928	0.00928	0.00825	0.00516	0.01238	0.01238	0.01650	0.02681	0.05569	0.03094	0.70092	0.04331	0.00825	0.00825	0.01238	0.00516	0.00516
22	0.02946	0.15409	0.02840	0.02282	0.06999	0.51112	0.01681	0.03195	0.02260	0.02119	0.01313	0.01546	0.01113	0.00843	0.00734	0.00215	0.01389	0.00547	0.00424	0.01031
23	0.02117	0.01828	0.01924	0.01732	0.02213	0.02117	0.01347	0.04522	0.63246	0.03560	0.03464	0.03175	0.02598	0.01155	0.00866	0.00289	0.00673	0.00962	0.00866	0.01347
24	0.01279	0.00821	0.00912	0.00912	0.00936	0.00821	0.00525	0.01326	0.01302	0.01830	0.02693	0.05286	0.02986	0.61931	0.03890	0.00751	0.00774	0.01185	0.09291	0.00548
25	0.01050	0.00760	0.00993	0.01154	0.01232	0.00703	0.00782	0.01226	0.01721	0.02295	0.10440	0.59838	0.09561	0.02548	0.01074	0.00335	0.00481	0.02299	0.00804	0.00703
26	0.01238	0.00825	0.00928	0.00928	0.00928	0.00825	0.00516	0.01238	0.01238	0.01650	0.02681	0.05569	0.03094	0.70092	0.04331	0.00825	0.00825	0.01238	0.00516	0.00516
27	0.01238	0.00825	0.00928	0.00928	0.00928	0.00825	0.00516	0.01238	0.01238	0.01650	0.02681	0.05569	0.03094	0.70092	0.04331	0.00825	0.00825	0.01238	0.00516	0.00516
28	0.03536	0.01902	0.02255	0.01729	0.02399	0.01923	0.01428	0.32154	0.03194	0.36295	0.02721	0.02483	0.01787	0.01038	0.00854	0.00259	0.00827	0.00812	0.00955	0.01448
29	0.03182	0.03951	0.02421	0.02178	0.02631	0.62655	0.01643	0.07074	0.02511	0.02289	0.01361	0.01567	0.01118	0.00886	0.00773	0.00222	0.01497	0.00562	0.00464	0.01015
30	0.01216	0.00912	0.01368	0.01368	0.01520	0.01064	0.01064	0.01520	0.01368	0.01976	0.02279	0.03343	0.02127	0.06382	0.66720	0.01368	0.02279	0.00912	0.00456	0.00760
31	0.01037	0.00741	0.00987	0.01185	0.01234	0.00691	0.00790	0.01185	0.01629	0.02172	0.04690	0.69537	0.05629	0.02666	0.01086	0.00346	0.00494	0.02419	0.00790	0.00691
32	0.03179	0.04056	0.02412	0.02192	0.02631	0.66676	0.01644	0.03398	0.02412	0.02083	0.01315	0.01535	0.01096	0.00877	0.00767	0.00219	0.01535	0.00548	0.00438	0.00987
33	0.01282	0.00797	0.00907	0.00953	0.01017	0.00785	0.00601	0.01421	0.01474	0.02174	0.03180	0.20008	0.03451	0.36033	0.02584	0.00547	0.00634	0.01399	0.20124	0.00630
34	0.01204	0.00870	0.01138	0.01071	0.01271	0.00803	0.00803	0.01606	0.02409	0.03413	0.64335	0.06357	0.08030	0.01740	0.01004	0.00268	0.00401	0.01539	0.00937	0.00803
35	0.01586	0.00793	0.00793	0.00793	0.00991	0.00793	0.00595	0.01983	0.01785	0.03173	0.02776	0.03173	0.02181	0.00991	0.00595	0.00198	0.00397	0.00793	0.74817	0.00793
36	0.01148	0.00822	0.01106	0.01179	0.01264	0.00843	0.00820	0.01337	0.01540	0.02119	0.08979	0.30372	0.04253	0.17412	0.21985	0.00751	0.01103	0.01634	0.00645	0.00687
37	0.01116	0.00841	0.01036	0.01073	0.01259	0.00762	0.00791	0.01400	0.02049	0.02727	0.29628	0.23287	0.23058	0.02133	0.01036	0.00301	0.00457	0.05448	0.00848	0.00749
38	0.01037	0.00741	0.00987	0.01185	0.01234	0.00691	0.00790	0.01185	0.01629	0.02172	0.04690	0.69537	0.05629	0.02666	0.01086	0.00346	0.00494	0.02419	0.00790	0.00691
39	0.02106	0.02022	0.03454	0.05223	0.64784	0.02022	0.02612	0.02612	0.01938	0.02780	0.01601	0.02106	0.01348	0.00758	0.00842	0.00253	0.01011	0.00758	0.00421	0.01348
40	0.02018	0.02547	0.17180	0.04606	0.51307	0.02012	0.02729	0.02630	0.01907	0.02761	0.01585	0.02038	0.01288	0.00769	0.00835	0.00256	0.01065	0.00730	0.00408	0.01328
41	0.01006	0.00862	0.00862	0.00862	0.01149	0.00718	0.00647	0.01221	0.01940	0.02299	0.08621	0.08190	0.64438	0.02155	0.01006	0.00287	0.00431	0.01796	0.00790	0.00718
42	0.02852	0.02224	0.02681	0.02615	0.16289	0.02366	0.01781	0.43405	0.03342	0.04557	0.01897	0.02032	0.01408	0.00928	0.00829	0.00243	0.00925	0.00741	0.00725	0.08161
43	0.02136	0.01809	0.02413	0.01927	0.02342	0.07224	0.14502	0.12961	0.02185	0.03135	0.02011	0.02446	0.01592	0.01109	0.01177	0.04962	0.08888	0.00805	0.25382	0.00995
44	0.01021	0.00803	0.00923	0.01020	0.01191	0.00705	0.00717	0.01204	0.01788	0.02237	0.06701	0.38161	0.35707	0.02405	0.01045	0.00316	0.00462	0.02101	0.00790	0.00705
45	0.01238	0.00825	0.00928	0.00928	0.00928	0.00825	0.00516	0.01238	0.01238	0.01650	0.02681	0.05569	0.03094	0.70092	0.04331	0.00825	0.00825	0.01238	0.00516	0.00516
46	0.02613	0.36177	0.03531	0.02192	0.09754	0.28255	0.01667	0.02892	0.02024	0.02126	0.01285	0.01520	0.01124	0.00791	0.00669	0.00205	0.01169	0.00528	0.00400	0.01081
47	0.01267	0.01071	0.01518	0.23429	0.02769	0.01132	0.01279	0.01647	0.01966	0.02565	0.21853	0.11279	0.21728	0.01646	0.00961	0.00286	0.00664	0.01431	0.00694	0.00816
48	0.02615	0.02363	0.06686	0.01866	0.02458	0.09767	0.01562	0.16890	0.33052	0.09359	0.02748	0.02608	0.02013	0.01058	0.00846	0.00269	0.00880	0.00836	0.00793	0.01329
49	0.07285	0.03080	0.02312	0.16596	0.03232	0.40695	0.01722	0.03205	0.09379	0.02386	0.01604	0.01881	0.01271	0.00899	0.00782	0.00244	0.01290	0.00637	0.00481	0.01016
50	0.01216	0.00912	0.01368	0.01368	0.01520	0.01064	0.01064	0.01520	0.01368	0.01976	0.02279	0.03343	0.02127	0.06382	0.66720	0.01368	0.02279	0.00912	0.00456	0.00760
51	0.01824	0.01724	0.02864	0.40593	0.28187	0.01953	0.02405	0.02464	0.04991	0.02478	0.01648	0.02254	0.01292	0.00831	0.00848	0.00272	0.01063	0.00768	0.00420	0.01120
52	0.02085	0.40582	0.29318	0.01885	0.02816	0.05694	0.02153	0.02647	0.01788	0.02288	0.01329	0.01549	0.01087	0.00768	0.00663	0.00219	0.01080	0.00530	0.00366	0.01155
53	0.01035	0.00747	0.00981	0.01169	0.01230	0.00693	0.00783	0.01187	0.01644	0.02179	0.04882	0.66546	0.08496	0.02641	0.01082	0.00343	0.00491	0.02389	0.00790	0.00693
54	0.01648	0.01211	0.01167	0.01141	0.01336	0.08650	0.00854	0.01947	0.01686	0.02561	0.02405	0.03121	0.02054	0.05955	0.19645	0.03620	0.01099	0.00817	0.38306	0.00776

[dist]
# distance from previous block
# <min> <max>
0	2

[block]
# block no. 1 follows, 21 sequences, length 52
# corresponding to MSA columns:
# 57-108
name=unknown_B
#
# <colnr> <probs for GDERKNQSTAVLIFYWHMCP>
#	G	D	E	R	K	N	Q	S	T	A	V	L	I	F	Y	W	H	M	C	P
0	0.16039	0.02149	0.02464	0.05680	0.12551	0.02372	0.01689	0.38778	0.03097	0.04512	0.01792	0.01946	0.01321	0.00929	0.00792	0.00258	0.00909	0.00710	0.00700	0.01312
1	0.01045	0.00782	0.00974	0.01123	0.01238	0.00712	0.00782	0.01222	0.01723	0.02222	0.05664	0.51345	0.20288	0.02523	0.01070	0.00333	0.00492	0.04970	0.00790	0.00702
2	0.01696	0.01384	0.01859	0.01656	0.01727	0.01805	0.01340	0.01914	0.01435	0.02328	0.01730	0.02428	0.01543	0.01887	0.07888	0.05841	0.37861	0.00773	0.22069	0.00835
3	0.03191	0.03708	0.02441	0.02144	0.02633	0.53360	0.01639	0.15573	0.02742	0.02765	0.01467	0.01640	0.01169	0.00907	0.00785	0.00227	0.01410	0.00593	0.00524	0.01082
4	0.01007	0.00856	0.00868	0.00878	0.01154	0.00717	0.00654	0.01220	0.01925	0.02293	0.08429	0.11191	0.61561	0.02180	0.01010	0.00290	0.00434	0.01827	0.00790	0.00717
5	0.02167	0.02084	0.03016	0.04189	0.45814	0.05543	0.02244	0.03131	0.17256	0.02937	0.02050	0.02342	0.01646	0.00864	0.00844	0.00260	0.00955	0.00798	0.00533	0.01328
6	0.01924	0.01761	0.02736	0.32595	0.09718	0.01958	0.07359	0.09187	0.01992	0.02731	0.01566	0.02115	0.01222	0.00873	0.01002	0.00261	0.07054	0.00739	0.00461	0.12747
7	0.02854	0.02070	0.10943	0.01989	0.08002	0.01617	0.01641	0.12626	0.02414	0.28547	0.02355	0.02303	0.01616	0.00900	0.00800	0.00233	0.00838	0.00728	0.00755	0.16769
8	0.02895	0.03537	0.02192	0.02008	0.02404	0.56046	0.01509	0.03136	0.02280	0.02172	0.01516	0.01812	0.01268	0.01286	0.05536	0.00301	0.01487	0.00596	0.07068	0.00953
9	0.01179	0.00819	0.01035	0.01132	0.01185	0.00811	0.00760	0.01303	0.01481	0.01977	0.03625	0.29495	0.04192	0.32551	0.06819	0.00629	0.00793	0.08938	0.00647	0.00630
10	0.02884	0.02752	0.02781	0.02995	0.21097	0.20679	0.01920	0.27659	0.02936	0.03662	0.01705	0.01917	0.01318	0.00902	0.00825	0.00244	0.01129	0.00702	0.00606	0.01287
11	0.64070	0.01882	0.07087	0.06090	0.02133	0.01914	0.01224	0.02495	0.01498	0.03599	0.01239	0.01484	0.00951	0.00796	0.00575	0.00265	0.00746	0.00497	0.00501	0.00953
12	0.01046	0.00783	0.00946	0.01069	0.01183	0.00711	0.00724	0.01200	0.01684	0.02162	0.05648	0.46103	0.22403	0.08527	0.01352	0.00371	0.00505	0.02134	0.00766	0.00683
13	0.01904	0.01490	0.02617	0.02002	0.02551	0.01348	0.22992	0.02351	0.02125	0.13904	0.13709	0.04818	0.21668	0.01371	0.00978	0.00280	0.00844	0.01300	0.00729	0.01018
14	0.01871	0.01706	0.02811	0.04102	0.45947	0.01700	0.02211	0.02335	0.01943	0.02700	0.02644	0.04283	0.04949	0.01225	0.00935	0.00290	0.00928	0.15715	0.00530	0.01177
15	0.07103	0.04202	0.61009	0.02331	0.03535	0.01971	0.02983	0.02681	0.01771	0.02777	0.01502	0.01767	0.01067	0.00807	0.00788	0.00269	0.01214	0.00617	0.00371	0.01233
16	0.02918	0.03359	0.02687	0.02920	0.18098	0.43295	0.01882	0.09869	0.02475	0.02630	0.01469	0.01735	0.01199	0.00864	0.00796	0.00232	0.01336	0.00625	0.00481	0.01129
17	0.02107	0.02008	0.03343	0.04970	0.60245	0.02029	0.02520	0.02750	0.06385	0.02837	0.01736	0.02184	0.01439	0.00787	0.00844	0.00255	0.00987	0.00773	0.00454	0.01348
18	0.12639	0.03475	0.02284	0.02016	0.02505	0.48002	0.01546	0.12681	0.02542	0.02834	0.01415	0.01597	0.01130	0.00889	0.00750	0.00231	0.01325	0.00572	0.00516	0.01052
19	0.01126	0.00879	0.01038	0.01135	0.01325	0.00814	0.00843	0.01448	0.04820	0.02347	0.06219	0.32323	0.29543	0.02336	0.01055	0.00326	0.00519	0.10365	0.00793	0.00748
20	0.11285	0.02462	0.02607	0.02163	0.02523	0.16913	0.06988	0.13191	0.02116	0.02921	0.01390	0.01802	0.01164	0.01115	0.01559	0.00296	0.27261	0.00694	0.00497	0.01054
21	0.01048	0.00745	0.00984	0.01171	0.01218	0.00699	0.00775	0.01188	0.01608	0.02144	0.04581	0.66040	0.05490	0.06352	0.01264	0.00372	0.00512	0.02355	0.00775	0.00682
22	0.01079	0.00758	0.00975	0.01132	0.01171	0.00719	0.00733	0.01196	0.01548	0.02064	0.04273	0.56235	0.05101	0.16687	0.01761	0.00445	0.00563	0.02174	0.00733	0.00655
23	0.02977	0.03430	0.02537	0.07205	0.08442	0.46269	0.01779	0.12298	0.02564	0.02660	0.01468	0.01718	0.01176	0.00887	0.00793	0.00233	0.01366	0.00616	0.00496	0.01087
24	0.01115	0.00864	0.00975	0.00965	0.01179	0.00771	0.00706	0.01358	0.01963	0.02523	0.23125	0.07338	0.36189	0.12586	0.01529	0.00370	0.00501	0.04439	0.00788	0.00714
25	0.03741	0.01571	0.02051	0.01572	0.02234	0.01433	0.01299	0.11750	0.02642	0.57480	0.03184	0.02784	0.02020	0.01049	0.00855	0.00262	0.00752	0.00844	0.01027	0.01448
26	0.02907	0.02809	0.02356	0.06278	0.02726	0.26127	0.01593	0.27626	0.07309	0.03627	0.01850	0.01986	0.01402	0.00951	0.00803	0.00239	0.01119	0.00690	0.03666	0.03936
27	0.01097	0.00867	0.01031	0.04188	0.01403	0.00793	0.00782	0.01340	0.01915	0.02456	0.18658	0.20155	0.33400	0.06556	0.01232	0.00330	0.00497	0.01786	0.00783	0.00728
28	0.02992	0.03715	0.02397	0.02166	0.02568	0.56744	0.01644	0.03351	0.06292	0.02176	0.01438	0.01671	0.01196	0.00950	0.00954	0.00237	0.07449	0.00593	0.00461	0.01005
29	0.02525	0.48749	0.03769	0.01677	0.02312	0.21312	0.01505	0.02874	0.04549	0.02092	0.01318	0.01491	0.01158	0.00789	0.00623	0.00197	0.01078	0.00503	0.00407	0.01073
30	0.01087	0.00779	0.01032	0.01151	0.01245	0.00725	0.00794	0.01311	0.01862	0.02543	0.22493	0.50679	0.06345	0.02390	0.01062	0.00322	0.00466	0.02157	0.00834	0.00725
31	0.01950	0.32748	0.39469	0.02010	0.03041	0.02572	0.02421	0.02632	0.01768	0.02398	0.01380	0.01612	0.01084	0.00774	0.00696	0.00232	0.01109	0.00554	0.00361	0.01187
32	0.01434	0.01054	0.01161	0.01099	0.01322	0.01050	0.00771	0.02006	0.13244	0.04935	0.11496	0.05870	0.21496	0.26856	0.02196	0.00482	0.00630	0.01368	0.00730	0.00800
33	0.01234	0.00880	0.01111	0.01211	0.01303	0.00871	0.00822	0.05539	0.01724	0.02309	0.04062	0.51307	0.04751	0.13087	0.05155	0.00469	0.00674	0.02038	0.00734	0.00722
34	0.03105	0.03901	0.02378	0.02160	0.02602	0.62195	0.01624	0.03476	0.06634	0.02185	0.01465	0.01649	0.01200	0.00896	0.00774	0.00224	0.01475	0.00577	0.00468	0.01012
35	0.06292	0.02739	0.02638	0.02923	0.21069	0.24001	0.01847	0.19080	0.02633	0.03317	0.01655	0.01906	0.01305	0.00882	0.00794	0.00240	0.01125	0.00677	0.03668	0.01209
36	0.03235	0.02384	0.02554	0.01958	0.02639	0.02639	0.01618	0.61946	0.04001	0.05363	0.02043	0.02043	0.01447	0.01022	0.00851	0.00255	0.00936	0.00766	0.00851	0.01447
37	0.01017	0.00818	0.00908	0.00980	0.01180	0.00709	0.00699	0.01208	0.01827	0.02253	0.07191	0.30513	0.43038	0.02341	0.01035	0.00309	0.00454	0.02023	0.00790	0.00709
38	0.01219	0.00988	0.01386	0.07311	0.01806	0.01104	0.01101	0.01411	0.01584	0.02153	0.03836	0.52732	0.04507	0.02316	0.01338	0.00344	0.11419	0.02004	0.00687	0.00752
39	0.08336	0.04156	0.59941	0.02309	0.03502	0.01970	0.02946	0.02678	0.01766	0.02795	0.01497	0.01760	0.01064	0.00807	0.00783	0.00269	0.01204	0.00614	0.00374	0.01228
40	0.07191	0.01618	0.01816	0.01804	0.06089	0.01811	0.01319	0.03603	0.40975	0.03427	0.12421	0.03949	0.03391	0.01283	0.00885	0.00289	0.00662	0.05459	0.00817	0.01192
41	0.01707	0.04402	0.65683	0.02426	0.03683	0.01976	0.03144	0.02695	0.01797	0.02695	0.01527	0.01797	0.01078	0.00809	0.00809	0.00270	0.01258	0.00629	0.00359	0.01258
42	0.02117	0.01828	0.01924	0.01732	0.02213	0.02117	0.01347	0.04522	0.63246	0.03560	0.03464	0.03175	0.02598	0.01155	0.00866	0.00289	0.00673	0.00962	0.00866	0.01347
43	0.01704	0.04065	0.57853	0.02444	0.03618	0.01930	0.07424	0.02642	0.01844	0.02734	0.04726	0.02065	0.01447	0.00849	0.00833	0.00271	0.01228	0.00703	0.00394	0.01226
44	0.01032	0.00870	0.00898	0.00912	0.01193	0.00737	0.00698	0.01260	0.01941	0.02317	0.08328	0.08290	0.60198	0.02169	0.01018	0.00295	0.00456	0.05874	0.00790	0.00723
45	0.03115	0.08796	0.02557	0.02140	0.02599	0.62167	0.01631	0.03338	0.02363	0.02077	0.01306	0.01523	0.01096	0.00866	0.00752	0.00217	0.01490	0.00541	0.00433	0.00994
46	0.01869	0.19803	0.46852	0.02397	0.07682	0.02307	0.02709	0.02655	0.01791	0.02538	0.01452	0.01717	0.01101	0.00786	0.00749	0.00248	0.01158	0.00597	0.00365	0.01225
47	0.01694	0.01606	0.02652	0.48114	0.08290	0.01835	0.06042	0.02225	0.01727	0.02324	0.01515	0.02173	0.01174	0.00831	0.00908	0.00263	0.03818	0.00736	0.00402	0.11672
48	0.01557	0.00923	0.01218	0.01291	0.01469	0.00870	0.00932	0.01860	0.04768	0.12345	0.04405	0.51424	0.04868	0.02313	0.01045	0.00333	0.00560	0.06133	0.00835	0.00850
49	0.02890	0.02161	0.02348	0.01809	0.02467	0.02302	0.01479	0.49459	0.03529	0.04792	0.02105	0.05652	0.01645	0.01050	0.00830	0.00240	0.00865	0.00815	0.00795	0.12767
50	0.02231	0.01885	0.01989	0.01755	0.02257	0.02170	0.01375	0.10412	0.57169	0.03745	0.03318	0.03059	0.02480	0.01141	0.00864	0.00285	0.00700	0.00942	0.00864	0.01357
51	0.01777	0.10164	0.56260	0.02415	0.03600	0.02112	0.06823	0.02684	0.01805	0.02635	0.01509	0.01791	0.01093	0.00795	0.00798	0.00263	0.01238	0.00638	0.00364	0.01236

[dist]
# distance from previous block
# <min> <max>
0	6

[block]
# block no. 2 follows, 21 sequences, length 23
# corresponding to MSA columns:
# 115-137
name=unknown_C
#
# <colnr> <probs for GDERKNQSTAVLIFYWHMCP>
#	G	D	E	R	K	N	Q	S	T	A	V	L	I	F	Y	W	H	M	C	P
0	0.01167	0.00949	0.00999	0.01048	0.01201	0.03483	0.00717	0.01330	0.01748	0.02191	0.09604	0.26737	0.26681	0.16227	0.01706	0.00412	0.00576	0.01810	0.00729	0.00685
1	0.01932	0.30663	0.41397	0.02041	0.03089	0.02528	0.02475	0.02637	0.01770	0.02420	0.01391	0.01626	0.01084	0.00777	0.00704	0.00235	0.01120	0.00560	0.00361	0.01192
2	0.02172	0.58540	0.15616	0.01633	0.02457	0.03114	0.01764	0.02575	0.01741	0.02128	0.01246	0.01444	0.01090	0.00743	0.00594	0.00198	0.00973	0.00487	0.00363	0.01122
3	0.01540	0.01061	0.01174	0.01084	0.01187	0.01100	0.00683	0.10434	0.01656	0.02213	0.02585	0.05035	0.02844	0.59629	0.03804	0.00739	0.00842	0.01166	0.00566	0.00657
4	0.14000	0.28861	0.06932	0.01433	0.01950	0.02177	0.01337	0.02168	0.01553	0.02338	0.01614	0.02132	0.01448	0.02845	0.25154	0.00642	0.01401	0.00638	0.00425	0.00952
5	0.02248	0.53562	0.15101	0.01687	0.02485	0.08218	0.01769	0.02643	0.01796	0.02131	0.01254	0.01455	0.01090	0.00754	0.00610	0.00200	0.01022	0.00493	0.00369	0.01113
6	0.02275	0.70604	0.04459	0.01456	0.02184	0.03367	0.01456	0.02548	0.01729	0.02002	0.01183	0.01365	0.01092	0.00728	0.00546	0.00182	0.00910	0.00455	0.00364	0.01092
7	0.01732	0.04226	0.60605	0.02523	0.03747	0.01991	0.08045	0.02698	0.01814	0.02698	0.01543	0.01838	0.01096	0.00801	0.00825	0.00271	0.01273	0.00660	0.00365	0.01248
8	0.01216	0.00912	0.01368	0.01368	0.01520	0.01064	0.01064	0.01520	0.01368	0.01976	0.02279	0.03343	0.02127	0.06382	0.66720	0.01368	0.02279	0.00912	0.00456	0.00760
9	0.03179	0.04056	0.02412	0.02192	0.02631	0.66676	0.01644	0.03398	0.02412	0.02083	0.01315	0.01535	0.01096	0.00877	0.00767	0.00219	0.01535	0.00548	0.00438	0.00987
10	0.01238	0.00825	0.00928	0.00928	0.00928	0.00825	0.00516	0.01238	0.01238	0.01650	0.02681	0.05569	0.03094	0.70092	0.04331	0.00825	0.00825	0.01238	0.00516	0.00516
11	0.02237	0.66138	0.08590	0.01522	0.02285	0.03273	0.01570	0.02558	0.01734	0.02049	0.01206	0.01394	0.01091	0.00733	0.00564	0.00188	0.00934	0.00467	0.00364	0.01103
12	0.01238	0.00825	0.00928	0.00928	0.00928	0.00825	0.00516	0.01238	0.01238	0.01650	0.02681	0.05569	0.03094	0.70092	0.04331	0.00825	0.00825	0.01238	0.00516	0.00516
13	0.01012	0.00837	0.00888	0.00929	0.01167	0.00713	0.00676	0.01214	0.01876	0.02273	0.07812	0.20823	0.52327	0.02260	0.01022	0.00299	0.00444	0.01924	0.00790	0.00713
14	0.02360	0.66824	0.04324	0.01459	0.02184	0.03252	0.01445	0.02636	0.01768	0.05466	0.01302	0.01449	0.01148	0.00746	0.00563	0.00186	0.00900	0.00477	0.00402	0.01112
15	0.01221	0.00909	0.01168	0.01319	0.01463	0.00895	0.00994	0.01633	0.06903	0.02405	0.04801	0.42565	0.09151	0.02414	0.01088	0.00350	0.00588	0.18563	0.00795	0.00775
16	0.01204	0.00870	0.01138	0.01071	0.01271	0.00803	0.00803	0.01606	0.02409	0.03413	0.64335	0.06357	0.08030	0.01740	0.01004	0.00268	0.00401	0.01539	0.00937	0.00803
17	0.01969	0.02329	0.07644	0.03306	0.04045	0.02218	0.48926	0.02613	0.01882	0.02613	0.01612	0.02199	0.01252	0.00849	0.01289	0.00300	0.12475	0.00943	0.00417	0.01118
18	0.02195	0.08692	0.19930	0.02743	0.03557	0.16067	0.25587	0.02811	0.01979	0.02485	0.01508	0.01905	0.01169	0.00818	0.00964	0.00264	0.05045	0.00751	0.00405	0.01125
19	0.03063	0.09183	0.02635	0.02248	0.05347	0.53357	0.01670	0.08196	0.02469	0.02382	0.01378	0.01589	0.01136	0.00872	0.00760	0.00221	0.01411	0.00568	0.00466	0.01050
20	0.14492	0.25014	0.12051	0.01680	0.02341	0.13059	0.01590	0.09561	0.02032	0.02781	0.01477	0.01877	0.01266	0.06393	0.00958	0.00275	0.01019	0.00596	0.00472	0.01066
21	0.01254	0.06432	0.01320	0.01204	0.01321	0.00997	0.00872	0.01415	0.01587	0.02080	0.03809	0.35123	0.04417	0.21430	0.01972	0.00476	0.00673	0.12250	0.00677	0.00691
22	0.01988	0.34448	0.34367	0.02137	0.06348	0.02613	0.02346	0.02624	0.01774	0.02384	0.01374	0.01617	0.01099	0.00769	0.00691	0.00229	0.01086	0.00557	0.00365	0.01187

[dist]
# distance from previous block
# <min> <max>
0	1

# created by:
# /home/cegg/simao/soft/augustus-3.2.1/scripts/msa2prfl.pl ./align_prep/14501.fa
