[name]
unknown

[dist]
# distance from previous block
# <min> <max>
0	56

[block]
# block no. 0 follows, 22 sequences, length 118
# corresponding to MSA columns:
# 56-173
name=unknown_A
#
# <colnr> <probs for GDERKNQSTAVLIFYWHMCP>
#	G	D	E	R	K	N	Q	S	T	A	V	L	I	F	Y	W	H	M	C	P
0	0.01305	0.00923	0.01258	0.01421	0.01577	0.00921	0.01189	0.01620	0.01793	0.02340	0.04142	0.11469	0.04551	0.12499	0.01602	0.00443	0.00759	0.48740	0.00726	0.00722
1	0.02645	0.17518	0.02625	0.01789	0.02286	0.30857	0.01443	0.15208	0.02498	0.02808	0.07642	0.05252	0.01993	0.01017	0.00757	0.00224	0.01094	0.00738	0.00559	0.01048
2	0.01926	0.26883	0.42296	0.02037	0.03050	0.05698	0.02440	0.02617	0.01762	0.02373	0.01367	0.01599	0.01058	0.00766	0.00701	0.00232	0.01127	0.00553	0.00356	0.01160
3	0.02479	0.46819	0.06453	0.01693	0.02336	0.23749	0.01553	0.02759	0.01904	0.02009	0.01211	0.01404	0.01067	0.00761	0.00613	0.00193	0.01098	0.00481	0.00378	0.01040
4	0.01212	0.01053	0.01796	0.01638	0.01868	0.00980	0.13935	0.01479	0.01687	0.02243	0.04189	0.52087	0.08132	0.02168	0.01039	0.00322	0.00674	0.02031	0.00696	0.00771
5	0.01686	0.04178	0.63272	0.02507	0.06767	0.01932	0.03043	0.02627	0.01761	0.02635	0.01495	0.01769	0.01066	0.00787	0.00791	0.00262	0.01215	0.00620	0.00354	0.01232
6	0.01187	0.00890	0.01335	0.01335	0.01483	0.01038	0.01038	0.01483	0.01335	0.01928	0.02225	0.03264	0.02077	0.06231	0.67512	0.01335	0.02225	0.00890	0.00445	0.00742
7	0.00983	0.00836	0.00847	0.00856	0.01126	0.00700	0.00638	0.01191	0.01880	0.02239	0.08242	0.10809	0.62583	0.02126	0.00985	0.00283	0.00424	0.01781	0.00771	0.00700
8	0.01923	0.01856	0.03217	0.21800	0.46748	0.01947	0.05520	0.02443	0.01834	0.02556	0.01546	0.02107	0.01258	0.00762	0.00833	0.00256	0.01040	0.00752	0.00401	0.01202
9	0.06800	0.03215	0.02390	0.08493	0.06548	0.43262	0.01685	0.12916	0.02467	0.02699	0.01429	0.01672	0.01136	0.00866	0.00762	0.00230	0.01290	0.00597	0.00492	0.01051
10	0.02056	0.01974	0.03372	0.05099	0.65622	0.01974	0.02550	0.02550	0.01892	0.02714	0.01563	0.02056	0.01316	0.00740	0.00822	0.00247	0.00987	0.00740	0.00411	0.01316
11	0.02550	0.02910	0.02892	0.03703	0.35877	0.32871	0.02104	0.02912	0.02110	0.02393	0.01431	0.01793	0.01200	0.00795	0.00788	0.00231	0.01228	0.00643	0.00419	0.01149
12	0.01053	0.00805	0.00967	0.01009	0.01187	0.00719	0.00725	0.01300	0.01940	0.02548	0.25147	0.27750	0.27573	0.02138	0.01007	0.00293	0.00432	0.01872	0.00817	0.00719
13	0.02366	0.01762	0.01677	0.01487	0.01919	0.13140	0.01177	0.05327	0.11473	0.19126	0.06787	0.04585	0.16944	0.01414	0.00892	0.00271	0.00777	0.07021	0.00795	0.01062
14	0.01697	0.04084	0.60108	0.02485	0.03673	0.01947	0.09247	0.02634	0.01775	0.02634	0.01511	0.01804	0.01074	0.00780	0.00809	0.00265	0.01246	0.00652	0.00358	0.01217
15	0.00982	0.00842	0.00842	0.00842	0.01122	0.00701	0.00631	0.01192	0.01894	0.02244	0.08416	0.07995	0.65285	0.02104	0.00982	0.00281	0.00421	0.01753	0.00771	0.00701
16	0.01167	0.00788	0.00918	0.00958	0.00968	0.00778	0.00559	0.01197	0.01287	0.01716	0.03024	0.18869	0.03533	0.56672	0.03572	0.00708	0.00738	0.01447	0.00559	0.00539
17	0.01666	0.04297	0.66500	0.02368	0.03596	0.01929	0.03069	0.02631	0.01754	0.02631	0.01491	0.01754	0.01052	0.00789	0.00789	0.00263	0.01228	0.00614	0.00351	0.01228
18	0.33040	0.01454	0.04268	0.16006	0.02480	0.01520	0.01265	0.02103	0.01780	0.03202	0.21524	0.03095	0.03150	0.01079	0.00743	0.00263	0.00690	0.00854	0.00602	0.00882
19	0.01012	0.00723	0.00964	0.01157	0.01205	0.00675	0.00771	0.01157	0.01591	0.02121	0.04579	0.70262	0.05495	0.02603	0.01060	0.00337	0.00482	0.02362	0.00771	0.00675
20	0.01012	0.00723	0.00964	0.01157	0.01205	0.00675	0.00771	0.01157	0.01591	0.02121	0.04579	0.70262	0.05495	0.02603	0.01060	0.00337	0.00482	0.02362	0.00771	0.00675
21	0.76672	0.01607	0.01221	0.01092	0.01607	0.01864	0.00900	0.02442	0.01414	0.03727	0.01157	0.01350	0.00900	0.00771	0.00514	0.00257	0.00643	0.00450	0.00514	0.00900
22	0.01306	0.00949	0.01275	0.01237	0.01337	0.01099	0.00919	0.01525	0.01349	0.02008	0.02274	0.03657	0.02227	0.21854	0.35456	0.00945	0.08571	0.00941	0.10369	0.00701
23	0.01051	0.00844	0.00938	0.00914	0.01165	0.00731	0.00686	0.01326	0.02057	0.02632	0.28673	0.07356	0.44786	0.01959	0.00981	0.00274	0.00410	0.01664	0.00822	0.00731
24	0.01187	0.00890	0.01335	0.01335	0.01483	0.01038	0.01038	0.01483	0.01335	0.01928	0.02225	0.03264	0.02077	0.06231	0.67512	0.01335	0.02225	0.00890	0.00445	0.00742
25	0.01183	0.00814	0.00922	0.00922	0.00959	0.00807	0.00545	0.01221	0.01286	0.01693	0.03198	0.05587	0.09431	0.60258	0.07241	0.00779	0.00841	0.01248	0.00528	0.00537
26	0.02094	0.03318	0.28845	0.06727	0.23733	0.15901	0.02547	0.02724	0.01922	0.02504	0.01469	0.01822	0.01145	0.00790	0.00794	0.00248	0.01200	0.00645	0.00388	0.01184
27	0.01952	0.01868	0.03184	0.18670	0.52862	0.01947	0.02498	0.02459	0.01843	0.02588	0.01544	0.02090	0.01271	0.00759	0.00824	0.00253	0.01013	0.00740	0.00402	0.01232
28	0.01723	0.01477	0.01723	0.01230	0.01969	0.01107	0.00984	0.02092	0.01723	0.02707	0.01477	0.01723	0.01230	0.00615	0.00615	0.00123	0.00615	0.00492	0.00492	0.75883
29	0.01891	0.01972	0.03835	0.17726	0.20665	0.01966	0.31021	0.02490	0.01867	0.02562	0.01596	0.02162	0.01241	0.00735	0.00890	0.00263	0.01192	0.00842	0.00410	0.04673
30	0.03103	0.03959	0.02354	0.02140	0.02568	0.67469	0.01605	0.03317	0.02354	0.02033	0.01284	0.01498	0.01070	0.00856	0.00749	0.00214	0.01498	0.00535	0.00428	0.00963
31	0.01061	0.00845	0.00952	0.00925	0.01171	0.00735	0.00694	0.01346	0.02081	0.02689	0.31667	0.07262	0.41756	0.01938	0.00981	0.00273	0.00409	0.01651	0.00830	0.00735
32	0.01094	0.00846	0.00997	0.00959	0.01191	0.00749	0.00719	0.01409	0.02158	0.02871	0.41142	0.06963	0.32168	0.01870	0.00981	0.00269	0.00404	0.01609	0.00854	0.00749
33	0.01612	0.03927	0.59524	0.02256	0.03365	0.01809	0.02851	0.02500	0.01752	0.02594	0.01812	0.06171	0.01493	0.00968	0.00822	0.00273	0.01162	0.03541	0.00395	0.01173
34	0.02868	0.01802	0.02031	0.01602	0.02120	0.01901	0.01271	0.36805	0.02996	0.17854	0.02409	0.02911	0.01897	0.15874	0.01556	0.00369	0.00845	0.00865	0.00805	0.01219
35	0.00991	0.00806	0.00879	0.00937	0.01147	0.00693	0.00674	0.01181	0.01801	0.02207	0.07250	0.26919	0.47114	0.02256	0.01006	0.00298	0.00439	0.01938	0.00771	0.00693
36	0.00982	0.00842	0.00842	0.00842	0.01122	0.00701	0.00631	0.01192	0.01894	0.02244	0.08416	0.07995	0.65285	0.02104	0.00982	0.00281	0.00421	0.01753	0.00771	0.00701
37	0.21046	0.20339	0.09994	0.02127	0.05867	0.06150	0.14961	0.02661	0.01771	0.05958	0.01443	0.01704	0.01129	0.00758	0.00697	0.00239	0.01007	0.00622	0.00451	0.01077
38	0.01696	0.04088	0.60238	0.02483	0.03671	0.01947	0.09121	0.02634	0.01775	0.02634	0.01510	0.01803	0.01074	0.00780	0.00809	0.00265	0.01245	0.00651	0.00358	0.01217
39	0.01074	0.00769	0.01024	0.01147	0.01242	0.00719	0.00805	0.01298	0.01813	0.02467	0.20937	0.49714	0.06090	0.02342	0.01043	0.00319	0.00473	0.05205	0.00810	0.00709
40	0.05874	0.13888	0.03344	0.07510	0.45275	0.02216	0.02213	0.05368	0.01916	0.02722	0.01488	0.01901	0.01245	0.00754	0.00758	0.00237	0.00956	0.00675	0.00424	0.01236
41	0.01852	0.01759	0.02902	0.07050	0.52076	0.01751	0.02211	0.02300	0.01882	0.02609	0.02731	0.03078	0.12244	0.00977	0.00850	0.00254	0.00895	0.00913	0.00471	0.01194
42	0.01012	0.00723	0.00964	0.01157	0.01205	0.00675	0.00771	0.01157	0.01591	0.02121	0.04579	0.70262	0.05495	0.02603	0.01060	0.00337	0.00482	0.02362	0.00771	0.00675
43	0.01666	0.04297	0.66500	0.02368	0.03596	0.01929	0.03069	0.02631	0.01754	0.02631	0.01491	0.01754	0.01052	0.00789	0.00789	0.00263	0.01228	0.00614	0.00351	0.01228
44	0.01937	0.01772	0.02914	0.13258	0.47828	0.01836	0.02257	0.02511	0.04637	0.02707	0.01751	0.02233	0.01426	0.00794	0.00799	0.00247	0.00926	0.00752	0.08208	0.01206
45	0.01846	0.03210	0.36662	0.03577	0.29724	0.01957	0.06026	0.02598	0.01823	0.02667	0.01531	0.01907	0.01174	0.00764	0.00813	0.00257	0.01136	0.00687	0.00380	0.01259
46	0.02316	0.02367	0.02965	0.09605	0.38581	0.15681	0.02210	0.07898	0.02112	0.02704	0.01511	0.01936	0.01244	0.00831	0.00905	0.00249	0.04548	0.00697	0.00445	0.01196
47	0.02598	0.06006	0.05980	0.02535	0.12104	0.39753	0.01817	0.02899	0.02053	0.02192	0.01316	0.01642	0.01117	0.00897	0.01008	0.00236	0.10289	0.00590	0.00413	0.04556
48	0.01172	0.01376	0.11076	0.01157	0.01537	0.00927	0.01058	0.01556	0.02009	0.02681	0.28437	0.06227	0.30550	0.05261	0.01117	0.00297	0.00554	0.01455	0.00747	0.00804
49	0.02017	0.02051	0.06042	0.07861	0.60252	0.01966	0.02561	0.02534	0.01875	0.02684	0.01556	0.02050	0.01295	0.00746	0.00821	0.00249	0.01003	0.00735	0.00407	0.01294
50	0.02421	0.02606	0.02955	0.07364	0.39095	0.23154	0.02186	0.05633	0.02124	0.02582	0.01489	0.01881	0.01230	0.00795	0.00800	0.00238	0.01155	0.00674	0.00434	0.01186
51	0.01156	0.00848	0.01083	0.01025	0.01229	0.00776	0.00768	0.01530	0.02305	0.03221	0.59441	0.06387	0.13650	0.01739	0.00980	0.00263	0.00395	0.01528	0.00900	0.00776
52	0.01208	0.00805	0.00906	0.00906	0.00906	0.00805	0.00503	0.01208	0.01208	0.01611	0.02618	0.05436	0.03020	0.70804	0.04228	0.00805	0.00805	0.01208	0.00503	0.00503
53	0.02506	0.49675	0.03722	0.01638	0.02272	0.19968	0.01479	0.06277	0.01993	0.02169	0.01238	0.01415	0.01088	0.00766	0.00607	0.00191	0.01049	0.00486	0.00402	0.01060
54	0.02253	0.02318	0.19015	0.01843	0.05359	0.05414	0.01709	0.10537	0.02340	0.16688	0.14872	0.03426	0.08290	0.01161	0.00858	0.00257	0.00847	0.00953	0.00713	0.01148
55	0.01829	0.13774	0.51715	0.02352	0.06288	0.05068	0.02743	0.02637	0.01778	0.02511	0.01437	0.01696	0.01068	0.00779	0.00752	0.00248	0.01180	0.00592	0.00358	0.01197
56	0.02221	0.71304	0.04353	0.01421	0.02132	0.03287	0.01421	0.02488	0.01688	0.01955	0.01155	0.01333	0.01066	0.00711	0.00533	0.00178	0.00888	0.00444	0.00355	0.01066
57	0.00982	0.00842	0.00842	0.00842	0.01122	0.00701	0.00631	0.01192	0.01894	0.02244	0.08416	0.07995	0.65285	0.02104	0.00982	0.00281	0.00421	0.01753	0.00771	0.00701
58	0.02094	0.02263	0.12933	0.03746	0.33212	0.01849	0.15181	0.02669	0.01936	0.09253	0.02118	0.02444	0.04727	0.00841	0.00861	0.00259	0.01052	0.00836	0.00487	0.01239
59	0.03230	0.01865	0.02165	0.01698	0.02324	0.01935	0.01390	0.29546	0.12380	0.30332	0.02738	0.02508	0.01850	0.01030	0.00835	0.00257	0.00789	0.00813	0.00915	0.01398
60	0.01210	0.00884	0.01158	0.01185	0.01388	0.00832	0.00952	0.01580	0.02158	0.02938	0.39127	0.07441	0.12785	0.01938	0.01036	0.00303	0.00519	0.20946	0.00850	0.00769
61	0.01189	0.00881	0.01291	0.01291	0.01424	0.01014	0.00983	0.01455	0.01322	0.01896	0.02266	0.03489	0.02175	0.12931	0.60945	0.01280	0.02078	0.00923	0.00451	0.00717
62	0.02903	0.18051	0.02732	0.01927	0.02429	0.46767	0.01529	0.03236	0.05149	0.05883	0.01474	0.01618	0.01197	0.00848	0.00713	0.00212	0.01281	0.00553	0.00468	0.01028
63	0.01208	0.00805	0.00906	0.00906	0.00906	0.00805	0.00503	0.01208	0.01208	0.01611	0.02618	0.05436	0.03020	0.70804	0.04228	0.00805	0.00805	0.01208	0.00503	0.00503
64	0.01004	0.00754	0.00932	0.01075	0.01183	0.00682	0.00735	0.01166	0.01669	0.02153	0.05578	0.54039	0.21073	0.02473	0.01040	0.00323	0.00466	0.02203	0.00771	0.00682
65	0.03103	0.03959	0.02354	0.02140	0.02568	0.67469	0.01605	0.03317	0.02354	0.02033	0.01284	0.01498	0.01070	0.00856	0.00749	0.00214	0.01498	0.00535	0.00428	0.00963
66	0.01048	0.00751	0.00996	0.01132	0.01213	0.00699	0.00774	0.01247	0.01758	0.02387	0.17891	0.56192	0.06009	0.02404	0.01043	0.00321	0.00462	0.02173	0.00803	0.00699
67	0.01742	0.03765	0.50563	0.02661	0.03789	0.01974	0.18473	0.02639	0.01807	0.02639	0.01540	0.01880	0.01106	0.00766	0.00839	0.00267	0.01272	0.00709	0.00369	0.01200
68	0.03103	0.03959	0.02354	0.02140	0.02568	0.67469	0.01605	0.03317	0.02354	0.02033	0.01284	0.01498	0.01070	0.00856	0.00749	0.00214	0.01498	0.00535	0.00428	0.00963
69	0.02319	0.06702	0.25914	0.02821	0.16353	0.26859	0.02329	0.02867	0.02008	0.02391	0.01413	0.01702	0.01116	0.00801	0.00770	0.00237	0.01264	0.00603	0.00393	0.01139
70	0.02036	0.02031	0.03698	0.04759	0.52568	0.02001	0.15342	0.02573	0.01906	0.02703	0.01588	0.02095	0.01304	0.00732	0.00856	0.00254	0.01075	0.00791	0.00413	0.01274
71	0.01700	0.01166	0.01437	0.01313	0.01583	0.01298	0.01035	0.14673	0.01988	0.02935	0.02301	0.02950	0.01949	0.03754	0.35991	0.00808	0.01470	0.00830	0.19924	0.00893
72	0.01060	0.00867	0.00951	0.00993	0.01254	0.00757	0.00787	0.01308	0.01898	0.02297	0.07533	0.08297	0.51995	0.02146	0.01018	0.00303	0.00496	0.14554	0.00770	0.00715
73	0.02619	0.02413	0.02167	0.01853	0.02374	0.16153	0.01457	0.21941	0.32663	0.03703	0.02513	0.02423	0.01882	0.01030	0.00820	0.00257	0.00915	0.00795	0.00752	0.01270
74	0.01825	0.01738	0.02954	0.35345	0.37184	0.01913	0.02434	0.02347	0.01782	0.02433	0.01522	0.02131	0.01217	0.00783	0.00826	0.00261	0.01044	0.00739	0.00391	0.01129
75	0.01837	0.24976	0.47321	0.02076	0.03144	0.02348	0.02561	0.02587	0.01734	0.02422	0.01387	0.01624	0.01057	0.00765	0.00710	0.00237	0.01123	0.00562	0.00352	0.01178
76	0.01969	0.02481	0.16887	0.04447	0.49709	0.01970	0.05307	0.02572	0.01865	0.02694	0.01553	0.02000	0.01257	0.00749	0.00822	0.00252	0.01056	0.00724	0.00399	0.01289
77	0.01549	0.00774	0.00774	0.00774	0.00968	0.00774	0.00581	0.01936	0.01742	0.03097	0.02710	0.03097	0.02129	0.00968	0.00581	0.00194	0.00387	0.00774	0.75416	0.00774
78	0.00982	0.00842	0.00842	0.00842	0.01122	0.00701	0.00631	0.01192	0.01894	0.02244	0.08416	0.07995	0.65285	0.02104	0.00982	0.00281	0.00421	0.01753	0.00771	0.00701
79	0.01012	0.00723	0.00964	0.01157	0.01205	0.00675	0.00771	0.01157	0.01591	0.02121	0.04579	0.70262	0.05495	0.02603	0.01060	0.00337	0.00482	0.02362	0.00771	0.00675
80	0.76672	0.01607	0.01221	0.01092	0.01607	0.01864	0.00900	0.02442	0.01414	0.03727	0.01157	0.01350	0.00900	0.00771	0.00514	0.00257	0.00643	0.00450	0.00514	0.00900
81	0.01012	0.00723	0.00964	0.01157	0.01205	0.00675	0.00771	0.01157	0.01591	0.02121	0.04579	0.70262	0.05495	0.02603	0.01060	0.00337	0.00482	0.02362	0.00771	0.00675
82	0.03149	0.02588	0.02471	0.01948	0.02575	0.12936	0.01583	0.53348	0.03658	0.04724	0.01881	0.01915	0.01358	0.00975	0.00818	0.00244	0.01007	0.00714	0.00767	0.01341
83	0.01961	0.02241	0.04902	0.03501	0.04342	0.02101	0.62605	0.02661	0.01961	0.02661	0.01681	0.02241	0.01261	0.00700	0.00980	0.00280	0.01401	0.00980	0.00420	0.01120
84	0.01208	0.00805	0.00906	0.00906	0.00906	0.00805	0.00503	0.01208	0.01208	0.01611	0.02618	0.05436	0.03020	0.70804	0.04228	0.00805	0.00805	0.01208	0.00503	0.00503
85	0.01158	0.00836	0.01095	0.01057	0.01237	0.00772	0.00782	0.01524	0.02270	0.03202	0.58716	0.13042	0.07588	0.01795	0.00988	0.00269	0.00402	0.01594	0.00899	0.00772
86	0.01012	0.00723	0.00964	0.01157	0.01205	0.00675	0.00771	0.01157	0.01591	0.02121	0.04579	0.70262	0.05495	0.02603	0.01060	0.00337	0.00482	0.02362	0.00771	0.00675
87	0.02875	0.03482	0.02250	0.02041	0.02479	0.53104	0.01541	0.03558	0.15921	0.02350	0.01745	0.01850	0.01392	0.00916	0.00770	0.00229	0.01313	0.00624	0.00520	0.01040
88	0.02875	0.03491	0.02320	0.02203	0.05486	0.53099	0.01600	0.03470	0.12972	0.02314	0.01659	0.01800	0.01334	0.00897	0.00769	0.00227	0.01329	0.00614	0.00499	0.01040
89	0.02056	0.01974	0.03372	0.05099	0.65622	0.01974	0.02550	0.02550	0.01892	0.02714	0.01563	0.02056	0.01316	0.00740	0.00822	0.00247	0.00987	0.00740	0.00411	0.01316
90	0.01961	0.02241	0.04902	0.03501	0.04342	0.02101	0.62605	0.02661	0.01961	0.02661	0.01681	0.02241	0.01261	0.00700	0.00980	0.00280	0.01401	0.00980	0.00420	0.01120
91	0.01656	0.01566	0.02650	0.57361	0.16484	0.01869	0.02351	0.02199	0.01703	0.02229	0.01492	0.02186	0.01145	0.00814	0.00829	0.00271	0.01086	0.00739	0.00377	0.00993
92	0.01666	0.04297	0.66500	0.02368	0.03596	0.01929	0.03069	0.02631	0.01754	0.02631	0.01491	0.01754	0.01052	0.00789	0.00789	0.00263	0.01228	0.00614	0.00351	0.01228
93	0.01330	0.01070	0.01481	0.01398	0.01478	0.01297	0.01061	0.01531	0.01341	0.01935	0.05295	0.03646	0.02393	0.21273	0.33883	0.00933	0.16502	0.00966	0.00466	0.00720
94	0.01191	0.00881	0.01150	0.01299	0.01480	0.00840	0.01062	0.01485	0.01840	0.02355	0.05319	0.22040	0.18223	0.02319	0.01093	0.00350	0.00629	0.34946	0.00768	0.00732
95	0.01666	0.04297	0.66500	0.02368	0.03596	0.01929	0.03069	0.02631	0.01754	0.02631	0.01491	0.01754	0.01052	0.00789	0.00789	0.00263	0.01228	0.00614	0.00351	0.01228
96	0.02441	0.02329	0.03039	0.03995	0.43143	0.11322	0.02207	0.15671	0.02391	0.03162	0.01617	0.01964	0.01302	0.00812	0.00814	0.00243	0.01043	0.00713	0.00504	0.01287
97	0.02064	0.01576	0.07740	0.01392	0.01904	0.01324	0.01210	0.02956	0.18655	0.19352	0.07926	0.04647	0.22937	0.01415	0.00889	0.00272	0.00635	0.01174	0.00825	0.01106
98	0.02176	0.02998	0.19867	0.03385	0.29033	0.15923	0.02359	0.02928	0.08411	0.02626	0.01673	0.01965	0.01320	0.00818	0.00800	0.00248	0.01126	0.00683	0.00444	0.01217
99	0.00982	0.00842	0.00842	0.00842	0.01122	0.00701	0.00631	0.01192	0.01894	0.02244	0.08416	0.07995	0.65285	0.02104	0.00982	0.00281	0.00421	0.01753	0.00771	0.00701
100	0.22324	0.02174	0.16011	0.01769	0.05345	0.01668	0.01622	0.05349	0.04808	0.27753	0.02204	0.02148	0.01495	0.00898	0.00740	0.00259	0.00823	0.00682	0.00699	0.01228
101	0.02228	0.24887	0.09377	0.01593	0.02227	0.08709	0.01483	0.17926	0.02378	0.02943	0.02966	0.02983	0.14835	0.01104	0.00754	0.00231	0.00890	0.00828	0.00574	0.01085
102	0.02753	0.30674	0.03147	0.01855	0.02395	0.42009	0.01532	0.02988	0.02090	0.02002	0.01233	0.01432	0.01069	0.00798	0.00663	0.00200	0.01256	0.00499	0.00399	0.01004
103	0.01309	0.01008	0.01215	0.01135	0.01386	0.00995	0.00859	0.02017	0.12873	0.03246	0.48870	0.05855	0.12740	0.01642	0.00957	0.00267	0.00440	0.01431	0.00888	0.00866
104	0.02533	0.47475	0.03646	0.01676	0.02286	0.25997	0.01486	0.02781	0.01924	0.01982	0.01201	0.01391	0.01068	0.00762	0.00609	0.00191	0.01104	0.00476	0.00381	0.01030
105	0.01060	0.00765	0.00928	0.01035	0.01110	0.00715	0.00675	0.01177	0.01537	0.02002	0.04689	0.42123	0.14873	0.21109	0.01911	0.00455	0.00560	0.01945	0.00698	0.00633
106	0.01801	0.03495	0.44702	0.03311	0.25014	0.01945	0.02890	0.02603	0.01801	0.02660	0.01516	0.01858	0.01143	0.00772	0.00801	0.00257	0.01145	0.00657	0.00372	0.01258
107	0.01256	0.01605	0.15007	0.01371	0.01811	0.01040	0.01345	0.01712	0.01986	0.02661	0.20746	0.06505	0.23450	0.01761	0.00977	0.00294	0.00661	0.14246	0.00717	0.00849
108	0.01208	0.00805	0.00906	0.00906	0.00906	0.00805	0.00503	0.01208	0.01208	0.01611	0.02618	0.05436	0.03020	0.70804	0.04228	0.00805	0.00805	0.01208	0.00503	0.00503
109	0.02113	0.01818	0.01984	0.01880	0.05537	0.02083	0.01392	0.06825	0.58243	0.03510	0.03225	0.02997	0.02423	0.01101	0.00843	0.00279	0.00686	0.00920	0.00822	0.01319
110	0.03093	0.02306	0.02545	0.02100	0.06308	0.02541	0.01636	0.59283	0.03787	0.05086	0.01969	0.01998	0.01407	0.00982	0.00831	0.00249	0.00918	0.00747	0.00806	0.01407
111	0.01403	0.01209	0.01751	0.01626	0.01723	0.01556	0.01306	0.01661	0.01314	0.01953	0.01835	0.02767	0.01738	0.04589	0.45252	0.01001	0.25266	0.00834	0.00417	0.00799
112	0.03167	0.01290	0.01748	0.01383	0.01927	0.01125	0.01125	0.03504	0.02372	0.52389	0.16875	0.03570	0.03326	0.01175	0.00867	0.00258	0.00638	0.00982	0.01003	0.01275
113	0.08093	0.03371	0.48123	0.02022	0.02959	0.01681	0.02435	0.02329	0.01693	0.02628	0.02059	0.14968	0.01898	0.01138	0.00818	0.00277	0.01032	0.00938	0.00446	0.01092
114	0.02337	0.09523	0.16428	0.03018	0.19017	0.24427	0.08464	0.02834	0.02009	0.02389	0.01428	0.01756	0.01149	0.00783	0.00780	0.00236	0.01245	0.00642	0.00400	0.01134
115	0.01243	0.01152	0.01213	0.01363	0.07577	0.04260	0.00899	0.01577	0.04695	0.02335	0.07158	0.06865	0.52956	0.01863	0.00948	0.00274	0.00541	0.01556	0.00722	0.00802
116	0.01305	0.01249	0.01264	0.01430	0.07843	0.06970	0.00953	0.01553	0.01937	0.02285	0.06852	0.06868	0.49689	0.01861	0.00953	0.00276	0.00595	0.04623	0.00703	0.00791
117	0.02805	0.03461	0.02330	0.02351	0.08853	0.54683	0.01625	0.03041	0.02237	0.02110	0.01615	0.07864	0.01501	0.01005	0.00785	0.00229	0.01353	0.00723	0.00458	0.00972

[dist]
# distance from previous block
# <min> <max>
0	1

# created by:
# /home/cegg/simao/soft/augustus-3.2.1/scripts/msa2prfl.pl ./align_prep/14524.fa
