[name]
unknown

[dist]
# distance from previous block
# <min> <max>
0	0

[block]
# block no. 0 follows, 19 sequences, length 26
# corresponding to MSA columns:
# 0-25
name=unknown_A
#
# <colnr> <probs for GDERKNQSTAVLIFYWHMCP>
#	G	D	E	R	K	N	Q	S	T	A	V	L	I	F	Y	W	H	M	C	P
0	0.01442	0.01030	0.01442	0.01648	0.01854	0.01030	0.01442	0.01854	0.02060	0.02677	0.04737	0.10092	0.05149	0.02471	0.01236	0.00412	0.00824	0.56956	0.00824	0.00824
1	0.01967	0.04273	0.56231	0.02661	0.07273	0.02030	0.03140	0.02930	0.01942	0.06882	0.01738	0.01985	0.01222	0.00864	0.00855	0.00282	0.01269	0.00685	0.00430	0.01341
2	0.01302	0.00898	0.01119	0.01070	0.01230	0.00849	0.00757	0.01622	0.02193	0.03126	0.44171	0.06259	0.06782	0.17787	0.01866	0.00417	0.00529	0.01489	0.05764	0.00771
3	0.01090	0.00779	0.01038	0.01246	0.01298	0.00727	0.00830	0.01246	0.01713	0.02284	0.04931	0.67975	0.05917	0.02803	0.01142	0.00363	0.00519	0.02543	0.00830	0.00727
4	0.01853	0.01875	0.03595	0.02754	0.03268	0.01979	0.31141	0.02378	0.01798	0.02577	0.01909	0.02657	0.01598	0.02355	0.16768	0.00585	0.13589	0.00968	0.05310	0.01042
5	0.08001	0.07362	0.02633	0.02381	0.06299	0.53760	0.01729	0.03413	0.02400	0.02351	0.01385	0.01630	0.01156	0.00900	0.00782	0.00234	0.01484	0.00578	0.00462	0.01061
6	0.01346	0.00981	0.01307	0.01406	0.01624	0.00943	0.01174	0.01740	0.02203	0.02928	0.22963	0.08882	0.12467	0.02251	0.01161	0.00360	0.00660	0.33908	0.00874	0.00823
7	0.02399	0.02832	0.04471	0.03335	0.04081	0.17386	0.42412	0.02995	0.02171	0.02662	0.01670	0.02194	0.01297	0.00842	0.01105	0.00290	0.05330	0.00925	0.00451	0.01153
8	0.01648	0.01417	0.02178	0.41004	0.04384	0.01666	0.01911	0.06792	0.01968	0.02566	0.02663	0.22520	0.02672	0.01496	0.00971	0.00316	0.00968	0.01333	0.00572	0.00956
9	0.01380	0.00967	0.01277	0.01420	0.01555	0.00964	0.01133	0.01652	0.01808	0.02367	0.04158	0.11822	0.04606	0.22797	0.02250	0.00549	0.00821	0.37003	0.00738	0.00732
10	0.02306	0.48606	0.04870	0.02219	0.03027	0.03147	0.19414	0.02736	0.01908	0.02339	0.01418	0.01736	0.01212	0.00762	0.00722	0.00225	0.01126	0.00656	0.00404	0.01166
11	0.02086	0.02092	0.03090	0.33012	0.31060	0.08278	0.02526	0.02617	0.01973	0.02559	0.01611	0.02233	0.01288	0.00854	0.00882	0.00277	0.01177	0.00774	0.00424	0.01186
12	0.24193	0.01652	0.02266	0.43051	0.04603	0.02033	0.01992	0.02385	0.01685	0.02810	0.01463	0.02077	0.01123	0.00910	0.00895	0.00296	0.04437	0.00699	0.00445	0.00985
13	0.01075	0.00907	0.00931	0.00925	0.01219	0.00763	0.00693	0.01318	0.02080	0.02515	0.13532	0.08449	0.58085	0.02229	0.01057	0.00300	0.00451	0.01866	0.00844	0.00763
14	0.06515	0.02808	0.31504	0.02050	0.02817	0.01599	0.02307	0.02377	0.01942	0.02842	0.02997	0.05567	0.02937	0.01582	0.01005	0.00341	0.01055	0.26092	0.00591	0.01073
15	0.01826	0.08060	0.60770	0.02496	0.03788	0.02156	0.03211	0.02825	0.01885	0.02794	0.01586	0.01865	0.01134	0.00845	0.00835	0.00278	0.01303	0.00651	0.00378	0.01313
16	0.01081	0.00914	0.00939	0.00951	0.01247	0.00772	0.00726	0.01318	0.02040	0.02433	0.08802	0.08699	0.59153	0.02278	0.01068	0.00309	0.00475	0.05206	0.00830	0.00759
17	0.01978	0.01977	0.03607	0.21212	0.29888	0.02038	0.16269	0.02562	0.01988	0.02707	0.02136	0.02696	0.05053	0.00902	0.00939	0.00285	0.01168	0.00925	0.00456	0.01212
18	0.02575	0.03050	0.02148	0.02192	0.06335	0.41031	0.01521	0.02802	0.02249	0.02267	0.02493	0.22046	0.02634	0.01492	0.00915	0.00274	0.01240	0.01195	0.00573	0.00967
19	0.01216	0.00863	0.01157	0.01347	0.01442	0.00832	0.00994	0.01437	0.01785	0.02359	0.04695	0.44994	0.05458	0.08199	0.01456	0.00420	0.00642	0.19160	0.00804	0.00741
20	0.02029	0.01937	0.03297	0.26998	0.42919	0.02077	0.02653	0.02583	0.01949	0.02698	0.01650	0.02275	0.01338	0.00831	0.00889	0.00277	0.01109	0.00796	0.00427	0.01268
21	0.02511	0.02719	0.03245	0.08656	0.41437	0.20605	0.02429	0.02958	0.02167	0.02664	0.01588	0.02049	0.01324	0.00840	0.00863	0.00258	0.01234	0.00732	0.00445	0.01277
22	0.01098	0.00821	0.01024	0.01182	0.01301	0.00747	0.00822	0.01282	0.01807	0.02334	0.05917	0.51084	0.19533	0.02659	0.01126	0.00351	0.00517	0.04829	0.00830	0.00738
23	0.01139	0.00905	0.01036	0.01106	0.01342	0.00801	0.00846	0.01393	0.02005	0.02489	0.09908	0.19617	0.39938	0.02380	0.01104	0.00331	0.00528	0.11528	0.00836	0.00766
24	0.02495	0.27216	0.03075	0.01796	0.02322	0.21837	0.01507	0.05917	0.05697	0.02413	0.01722	0.02079	0.01493	0.02103	0.14182	0.00475	0.01447	0.00659	0.00486	0.01077
25	0.24689	0.07428	0.12230	0.08409	0.03067	0.17332	0.06665	0.02857	0.01913	0.02910	0.01413	0.01754	0.01115	0.00883	0.00843	0.00270	0.04059	0.00626	0.00461	0.01076

[dist]
# distance from previous block
# <min> <max>
0	2

[block]
# block no. 1 follows, 19 sequences, length 26
# corresponding to MSA columns:
# 28-53
name=unknown_B
#
# <colnr> <probs for GDERKNQSTAVLIFYWHMCP>
#	G	D	E	R	K	N	Q	S	T	A	V	L	I	F	Y	W	H	M	C	P
0	0.02181	0.02301	0.07474	0.05182	0.54996	0.02133	0.07017	0.02760	0.02034	0.02913	0.01688	0.02209	0.01395	0.00797	0.00896	0.00269	0.01112	0.00808	0.00440	0.01396
1	0.01080	0.00818	0.00997	0.01140	0.01270	0.00736	0.00784	0.01258	0.01814	0.02325	0.06217	0.49501	0.23560	0.02636	0.01116	0.00344	0.00499	0.02339	0.00831	0.00736
2	0.02880	0.36289	0.03645	0.01862	0.02533	0.20288	0.01623	0.15792	0.02552	0.02921	0.01485	0.01644	0.01233	0.00878	0.00710	0.00219	0.01144	0.00579	0.00519	0.01201
3	0.01347	0.01212	0.01589	0.02056	0.16694	0.01099	0.01198	0.01650	0.02039	0.02544	0.07213	0.07007	0.47272	0.01898	0.01014	0.00293	0.00606	0.01615	0.00734	0.00921
4	0.02815	0.20357	0.16393	0.02066	0.02860	0.18329	0.01990	0.15711	0.02583	0.06511	0.01685	0.01826	0.01288	0.00910	0.00781	0.00243	0.01196	0.00638	0.00555	0.01262
5	0.02064	0.01268	0.01545	0.01401	0.01745	0.01218	0.01051	0.11704	0.02363	0.13932	0.09493	0.29342	0.07913	0.05370	0.01195	0.00335	0.00652	0.01663	0.00874	0.04872
6	0.02310	0.02451	0.02417	0.02885	0.21281	0.20833	0.01743	0.06248	0.04836	0.02764	0.03750	0.03849	0.18367	0.01277	0.00911	0.00267	0.01041	0.01042	0.00604	0.01125
7	0.15165	0.19664	0.24153	0.02231	0.06274	0.02431	0.06427	0.02671	0.01830	0.02867	0.04025	0.01960	0.01452	0.00894	0.00863	0.00265	0.04539	0.00667	0.00446	0.01173
8	0.02618	0.47143	0.07746	0.01808	0.02524	0.20481	0.01695	0.02936	0.02021	0.02173	0.01305	0.01513	0.01148	0.00814	0.00656	0.00208	0.01161	0.00517	0.00404	0.01128
9	0.01413	0.01944	0.18588	0.01520	0.02040	0.01186	0.01527	0.02006	0.02354	0.03378	0.45620	0.05354	0.06415	0.01558	0.00998	0.00282	0.00672	0.01353	0.00817	0.00977
10	0.34901	0.19315	0.16370	0.01769	0.02573	0.02427	0.06128	0.02705	0.01723	0.03185	0.01368	0.01619	0.01080	0.00813	0.00663	0.00259	0.00961	0.00566	0.00464	0.01110
11	0.21895	0.03122	0.02260	0.01944	0.02500	0.31485	0.01524	0.18903	0.02734	0.03614	0.01559	0.01719	0.01207	0.00940	0.00765	0.00253	0.01201	0.00616	0.00605	0.01153
12	0.01278	0.00959	0.01438	0.01438	0.01598	0.01118	0.01118	0.01598	0.01438	0.02077	0.02396	0.03515	0.02237	0.06710	0.65013	0.01438	0.02396	0.00959	0.00479	0.00799
13	0.01371	0.01000	0.01347	0.01525	0.01736	0.00976	0.01306	0.01744	0.02038	0.02621	0.05336	0.12959	0.13008	0.02461	0.01206	0.00394	0.00757	0.46579	0.00825	0.00809
14	0.02784	0.03028	0.02668	0.11343	0.10035	0.30415	0.01932	0.10661	0.08042	0.02879	0.01742	0.02046	0.01387	0.01001	0.01012	0.00268	0.06327	0.00718	0.00544	0.01169
15	0.02788	0.01791	0.03042	0.03093	0.19504	0.01676	0.13313	0.03262	0.02244	0.26854	0.02841	0.06594	0.02240	0.01143	0.00965	0.00294	0.00986	0.05280	0.00757	0.01336
16	0.01090	0.00779	0.01038	0.01246	0.01298	0.00727	0.00830	0.01246	0.01713	0.02284	0.04931	0.67975	0.05917	0.02803	0.01142	0.00363	0.00519	0.02543	0.00830	0.00727
17	0.11751	0.01357	0.01710	0.01407	0.01928	0.01250	0.01130	0.03320	0.02384	0.38175	0.18111	0.07117	0.03816	0.01342	0.00909	0.00282	0.00655	0.01114	0.00995	0.01244
18	0.02620	0.15498	0.03513	0.03303	0.22299	0.24498	0.06347	0.02995	0.02135	0.02459	0.01473	0.01855	0.01254	0.00880	0.00940	0.00250	0.05379	0.00678	0.00435	0.01190
19	0.01365	0.01241	0.01179	0.01265	0.01434	0.08518	0.00882	0.01541	0.01881	0.02280	0.05535	0.40189	0.20919	0.05913	0.01259	0.00357	0.00652	0.02058	0.00771	0.00762
20	0.01683	0.01524	0.02274	0.13982	0.08399	0.01911	0.01746	0.01991	0.01518	0.02180	0.01804	0.02922	0.01718	0.10769	0.18128	0.00682	0.24513	0.00893	0.00438	0.00925
21	0.01728	0.01411	0.01364	0.01341	0.01558	0.08723	0.00946	0.06205	0.02018	0.05605	0.04485	0.28738	0.13892	0.15743	0.01755	0.00428	0.00760	0.01721	0.00746	0.00833
22	0.01397	0.01127	0.01681	0.02277	0.16722	0.01094	0.01276	0.01628	0.01744	0.02378	0.03861	0.43970	0.04466	0.10259	0.01491	0.00400	0.00698	0.01955	0.00698	0.00877
23	0.02659	0.03501	0.19238	0.02182	0.02894	0.24342	0.02046	0.17233	0.02677	0.03242	0.02065	0.09855	0.01816	0.01168	0.00881	0.00271	0.01243	0.00895	0.00592	0.01199
24	0.02209	0.03150	0.20628	0.03859	0.24686	0.09753	0.17063	0.02900	0.02075	0.02795	0.01657	0.02101	0.01291	0.00816	0.00909	0.00275	0.01313	0.00798	0.00429	0.01292
25	0.02301	0.02289	0.03547	0.05247	0.58367	0.06938	0.02668	0.02809	0.02075	0.02867	0.01660	0.02168	0.01397	0.00807	0.00880	0.00263	0.01105	0.00780	0.00444	0.01388

[dist]
# distance from previous block
# <min> <max>
0	12

[block]
# block no. 2 follows, 19 sequences, length 13
# corresponding to MSA columns:
# 66-78
name=unknown_C
#
# <colnr> <probs for GDERKNQSTAVLIFYWHMCP>
#	G	D	E	R	K	N	Q	S	T	A	V	L	I	F	Y	W	H	M	C	P
0	0.08659	0.07509	0.35056	0.02120	0.03110	0.02243	0.02399	0.16887	0.02424	0.03623	0.01781	0.01992	0.01300	0.00912	0.00802	0.00268	0.01095	0.00683	0.05842	0.01294
1	0.02205	0.02962	0.19145	0.04449	0.42369	0.07650	0.02801	0.02841	0.02043	0.02835	0.01636	0.02077	0.01320	0.00822	0.00869	0.00267	0.01178	0.00742	0.00428	0.01359
2	0.16642	0.01251	0.01300	0.01231	0.01551	0.01271	0.00915	0.08293	0.02039	0.03106	0.07678	0.23029	0.15046	0.07729	0.01248	0.00351	0.00627	0.01533	0.00750	0.04409
3	0.02032	0.01940	0.03302	0.26631	0.43261	0.02078	0.02655	0.02586	0.01951	0.02702	0.01651	0.02274	0.01339	0.00831	0.00889	0.00277	0.01108	0.00796	0.00427	0.01270
4	0.03056	0.02779	0.02559	0.02109	0.02633	0.18725	0.01694	0.34199	0.03232	0.04068	0.01854	0.02090	0.01439	0.01518	0.05952	0.00361	0.09005	0.00755	0.00692	0.01278
5	0.01483	0.00816	0.00899	0.00966	0.01124	0.00800	0.00691	0.01816	0.01824	0.02999	0.03563	0.24021	0.03453	0.01606	0.00791	0.00258	0.00450	0.01381	0.50261	0.00800
6	0.47632	0.01797	0.01697	0.01405	0.02015	0.01958	0.01159	0.11551	0.02165	0.18243	0.01916	0.01930	0.01343	0.00932	0.00686	0.00276	0.00752	0.00630	0.00734	0.01181
7	0.08330	0.02784	0.02330	0.01983	0.02500	0.24533	0.01566	0.18956	0.06222	0.09856	0.02015	0.02173	0.01535	0.01496	0.06143	0.00360	0.04589	0.00734	0.00680	0.01217
8	0.02214	0.02126	0.03631	0.05491	0.62978	0.02126	0.02746	0.02746	0.02037	0.02923	0.01683	0.02214	0.01417	0.00797	0.00886	0.00266	0.01063	0.00797	0.00443	0.01417
9	0.02214	0.02126	0.03631	0.05491	0.62978	0.02126	0.02746	0.02746	0.02037	0.02923	0.01683	0.02214	0.01417	0.00797	0.00886	0.00266	0.01063	0.00797	0.00443	0.01417
10	0.74878	0.01730	0.01315	0.01177	0.01730	0.02007	0.00969	0.02630	0.01523	0.04014	0.01246	0.01453	0.00969	0.00830	0.00554	0.00277	0.00692	0.00484	0.00554	0.00969
11	0.01990	0.01896	0.03226	0.31571	0.38654	0.02067	0.02634	0.02549	0.01931	0.02650	0.01643	0.02287	0.01321	0.00839	0.00889	0.00280	0.01118	0.00796	0.00423	0.01236
12	0.11773	0.01842	0.02697	0.30322	0.19214	0.02064	0.02175	0.09160	0.02149	0.07682	0.01778	0.02243	0.01334	0.00898	0.00848	0.00282	0.01038	0.00764	0.00539	0.01197

[dist]
# distance from previous block
# <min> <max>
5	8

[block]
# block no. 3 follows, 19 sequences, length 10
# corresponding to MSA columns:
# 87-96
name=unknown_D
#
# <colnr> <probs for GDERKNQSTAVLIFYWHMCP>
#	G	D	E	R	K	N	Q	S	T	A	V	L	I	F	Y	W	H	M	C	P
0	0.03126	0.02359	0.02685	0.12409	0.03319	0.02648	0.01827	0.50713	0.03818	0.05099	0.02058	0.02186	0.01469	0.01045	0.00895	0.00273	0.01018	0.00804	0.00815	0.01437
1	0.02987	0.03436	0.02897	0.03300	0.21961	0.39776	0.02050	0.07989	0.02515	0.02709	0.01542	0.01849	0.01267	0.00895	0.00839	0.00245	0.01386	0.00666	0.00491	0.01198
2	0.17665	0.01627	0.01775	0.01642	0.02071	0.01767	0.01369	0.20498	0.02598	0.03870	0.03186	0.10921	0.03172	0.01706	0.00973	0.00333	0.00820	0.22149	0.00790	0.01068
3	0.31045	0.02918	0.11968	0.01846	0.02541	0.15600	0.01679	0.16389	0.02430	0.03819	0.01546	0.01721	0.01165	0.00910	0.00736	0.00266	0.01058	0.00608	0.00586	0.01171
4	0.15407	0.01980	0.05705	0.25147	0.26089	0.02060	0.02283	0.02683	0.05128	0.02947	0.01675	0.02179	0.01317	0.00862	0.00827	0.00282	0.01032	0.00744	0.00470	0.01185
5	0.08654	0.01936	0.03148	0.22635	0.41068	0.02075	0.02509	0.02603	0.01919	0.02838	0.01617	0.02194	0.01312	0.00828	0.00858	0.00276	0.01067	0.00768	0.00440	0.01255
6	0.36423	0.01783	0.08406	0.07163	0.02209	0.01614	0.01279	0.02193	0.01753	0.03214	0.03810	0.03869	0.20659	0.01296	0.00779	0.00288	0.00733	0.00980	0.00608	0.00943
7	0.12767	0.02598	0.02760	0.23434	0.12585	0.22106	0.06080	0.02852	0.02047	0.02635	0.01504	0.01983	0.01192	0.00870	0.00828	0.00269	0.01259	0.00700	0.00450	0.01080
8	0.02316	0.02239	0.02586	0.02789	0.17361	0.13787	0.05783	0.12487	0.02595	0.03294	0.12392	0.03925	0.08558	0.01277	0.00950	0.00277	0.01009	0.04546	0.00673	0.01156
9	0.21651	0.03359	0.02245	0.01980	0.02502	0.39787	0.01530	0.11564	0.02520	0.03159	0.01459	0.01650	0.01159	0.00921	0.00755	0.00248	0.01286	0.00586	0.00548	0.01090

[dist]
# distance from previous block
# <min> <max>
0	10

[block]
# block no. 4 follows, 19 sequences, length 6
# corresponding to MSA columns:
# 107-112
name=unknown_E
#
# <colnr> <probs for GDERKNQSTAVLIFYWHMCP>
#	G	D	E	R	K	N	Q	S	T	A	V	L	I	F	Y	W	H	M	C	P
0	0.18025	0.03836	0.20656	0.02139	0.02878	0.32807	0.02040	0.03152	0.02127	0.02769	0.01420	0.01662	0.01108	0.00881	0.00766	0.00256	0.01331	0.00582	0.00456	0.01108
1	0.03138	0.03771	0.02579	0.02291	0.02704	0.50434	0.01761	0.08042	0.02499	0.02470	0.01415	0.01710	0.01186	0.01032	0.01135	0.00258	0.11396	0.00626	0.00487	0.01069
2	0.13273	0.30865	0.03655	0.13085	0.03246	0.10157	0.09237	0.02734	0.01892	0.02533	0.01394	0.01751	0.01157	0.00815	0.00717	0.00242	0.01108	0.00621	0.00429	0.01089
3	0.02661	0.03146	0.03324	0.03005	0.09876	0.31308	0.15103	0.03038	0.02152	0.02419	0.01473	0.01931	0.01233	0.00997	0.01294	0.00283	0.14457	0.00751	0.00443	0.01107
4	0.03373	0.03337	0.02614	0.02175	0.02770	0.32177	0.01714	0.33320	0.03416	0.04008	0.01786	0.01895	0.01347	0.01002	0.00853	0.00251	0.01282	0.00697	0.00690	0.01292
5	0.13761	0.03052	0.02923	0.02864	0.13567	0.28745	0.09369	0.09881	0.02437	0.03092	0.01562	0.01864	0.01242	0.00882	0.00826	0.00258	0.01288	0.00692	0.00522	0.01174

[dist]
# distance from previous block
# <min> <max>
14	67

[block]
# block no. 5 follows, 19 sequences, length 41
# corresponding to MSA columns:
# 182-222
name=unknown_F
#
# <colnr> <probs for GDERKNQSTAVLIFYWHMCP>
#	G	D	E	R	K	N	Q	S	T	A	V	L	I	F	Y	W	H	M	C	P
0	0.24091	0.09782	0.02474	0.01791	0.02417	0.14350	0.01474	0.26491	0.02853	0.04135	0.01644	0.01768	0.01251	0.00941	0.00744	0.00255	0.01015	0.00634	0.00659	0.01229
1	0.15134	0.11343	0.02649	0.01941	0.02538	0.26704	0.01569	0.21586	0.02819	0.03600	0.01591	0.01738	0.01241	0.00937	0.00764	0.00246	0.01175	0.00623	0.00607	0.01197
2	0.10594	0.15895	0.17895	0.13207	0.03420	0.19838	0.02123	0.02892	0.01997	0.02555	0.01432	0.01763	0.01133	0.00859	0.00760	0.00253	0.01240	0.00606	0.00425	0.01113
3	0.22977	0.19099	0.06758	0.01804	0.02437	0.24508	0.01571	0.06627	0.02143	0.02939	0.01374	0.01578	0.01122	0.00864	0.00688	0.00240	0.01139	0.00547	0.00490	0.01094
4	0.14622	0.12177	0.02441	0.05614	0.02512	0.30402	0.01506	0.02850	0.02020	0.02466	0.01540	0.01958	0.01324	0.01951	0.12580	0.00459	0.01488	0.00631	0.00465	0.00995
5	0.02298	0.44708	0.03846	0.12866	0.02969	0.10287	0.01689	0.02635	0.01869	0.02144	0.01406	0.01776	0.01238	0.01250	0.05467	0.00307	0.01182	0.00581	0.00402	0.01082
6	0.27546	0.23785	0.02794	0.01675	0.02263	0.24084	0.01406	0.02969	0.01963	0.02788	0.01292	0.01503	0.01088	0.00841	0.00647	0.00234	0.01091	0.00514	0.00468	0.01049
7	0.15848	0.14468	0.13780	0.05761	0.03000	0.02484	0.06166	0.18622	0.02463	0.03677	0.01639	0.01867	0.01243	0.00880	0.00768	0.00256	0.01021	0.00667	0.00569	0.04821
8	0.10985	0.28095	0.06962	0.13217	0.03135	0.02799	0.01785	0.17463	0.02401	0.03320	0.01561	0.01818	0.01231	0.00881	0.00728	0.00246	0.00997	0.00631	0.00538	0.01207
9	0.15818	0.52863	0.03939	0.01511	0.02219	0.06866	0.01439	0.02722	0.01806	0.02462	0.01252	0.01449	0.01115	0.00787	0.00584	0.00209	0.00947	0.00485	0.00419	0.01109
10	0.23127	0.02209	0.02306	0.05607	0.02662	0.02513	0.01555	0.37798	0.03178	0.04818	0.01816	0.01959	0.01331	0.01020	0.00900	0.00279	0.04150	0.00714	0.00746	0.01310
11	0.02226	0.51150	0.21177	0.01815	0.02735	0.03133	0.02025	0.02722	0.01838	0.02308	0.01344	0.01561	0.01144	0.00789	0.00651	0.00217	0.01058	0.00529	0.00381	0.01197
12	0.05829	0.52964	0.11806	0.01700	0.02502	0.07869	0.01742	0.02763	0.01866	0.02293	0.01300	0.01506	0.01138	0.00791	0.00625	0.00210	0.01039	0.00509	0.00396	0.01153
13	0.01911	0.03931	0.47140	0.03369	0.20325	0.02091	0.03150	0.02809	0.01930	0.02858	0.01627	0.01979	0.01212	0.00835	0.00860	0.00278	0.01250	0.00699	0.00396	0.01349
14	0.06529	0.12887	0.40961	0.09978	0.07307	0.02268	0.02781	0.02730	0.01853	0.02748	0.01535	0.01876	0.01149	0.00839	0.00800	0.00271	0.01201	0.00648	0.00396	0.01243
15	0.02122	0.02071	0.03589	0.04665	0.44780	0.02144	0.09581	0.02634	0.01970	0.02810	0.01835	0.02714	0.01621	0.00989	0.01169	0.00294	0.08819	0.04430	0.00462	0.01302
16	0.09305	0.02845	0.14578	0.03937	0.31909	0.09853	0.09228	0.02866	0.02030	0.02915	0.01604	0.02030	0.01282	0.00820	0.00857	0.00270	0.01195	0.00745	0.00445	0.01285
17	0.02842	0.03253	0.02572	0.02693	0.12555	0.36977	0.01808	0.03769	0.18997	0.02747	0.02067	0.02197	0.01640	0.00983	0.00849	0.00257	0.01268	0.00735	0.00584	0.01206
18	0.02414	0.06144	0.02204	0.01800	0.02343	0.27434	0.01432	0.02740	0.02171	0.02529	0.02090	0.03314	0.01978	0.01121	0.00827	0.00229	0.01099	0.11369	0.00550	0.26211
19	0.02290	0.07423	0.03133	0.02508	0.06757	0.17936	0.17697	0.05408	0.02077	0.02480	0.01927	0.02952	0.01778	0.16646	0.04776	0.00455	0.01334	0.00913	0.00492	0.01017
20	0.02181	0.01777	0.01786	0.01514	0.01978	0.05822	0.01202	0.25167	0.02933	0.03749	0.08551	0.05063	0.26330	0.01986	0.05526	0.00363	0.00880	0.01283	0.00817	0.01091
21	0.11119	0.15889	0.19873	0.02100	0.02867	0.28884	0.02042	0.03093	0.02106	0.02567	0.01403	0.01639	0.01125	0.00863	0.00747	0.00243	0.01305	0.00571	0.00434	0.01129
22	0.08558	0.22079	0.09537	0.02395	0.09720	0.28724	0.01894	0.03072	0.02126	0.02466	0.01391	0.01649	0.01165	0.00848	0.00735	0.00233	0.01260	0.00576	0.00436	0.01137
23	0.07065	0.37611	0.18496	0.01893	0.02726	0.13969	0.01961	0.02872	0.01943	0.02419	0.01357	0.01578	0.01134	0.00818	0.00681	0.00226	0.01145	0.00541	0.00406	0.01159
24	0.11088	0.02823	0.11558	0.02382	0.03130	0.10882	0.14303	0.18894	0.06421	0.03694	0.01896	0.02155	0.01428	0.01201	0.03916	0.00331	0.01246	0.00791	0.00609	0.01253
25	0.15380	0.40179	0.19424	0.01731	0.02602	0.02883	0.01889	0.02710	0.01783	0.02640	0.01338	0.01556	0.01112	0.00799	0.00642	0.00231	0.01003	0.00527	0.00412	0.01161
26	0.02836	0.09715	0.02580	0.02135	0.06293	0.27844	0.01592	0.16274	0.02661	0.03159	0.01822	0.02102	0.01470	0.01379	0.05580	0.00325	0.01282	0.00693	0.09115	0.01144
27	0.02472	0.34353	0.20620	0.02015	0.02857	0.19048	0.02076	0.02953	0.02023	0.02330	0.01381	0.01608	0.01145	0.00830	0.00711	0.00227	0.01229	0.00555	0.00402	0.01168
28	0.02106	0.07807	0.20348	0.03716	0.29293	0.02241	0.06019	0.03077	0.10995	0.02958	0.01934	0.02248	0.01514	0.00870	0.00866	0.00273	0.01100	0.00784	0.00492	0.01358
29	0.01954	0.02692	0.20042	0.02914	0.14656	0.01937	0.10145	0.02582	0.01880	0.02802	0.01596	0.02021	0.01277	0.00854	0.01065	0.00252	0.08434	0.00718	0.00445	0.21733
30	0.02204	0.02848	0.17111	0.04592	0.45189	0.06806	0.02796	0.02827	0.02041	0.02848	0.01643	0.02096	0.01334	0.00818	0.00872	0.00267	0.01162	0.00750	0.00430	0.01367
31	0.02097	0.02822	0.20415	0.04673	0.46524	0.02112	0.02902	0.02770	0.01996	0.02898	0.01661	0.02124	0.01338	0.00812	0.00876	0.00271	0.01135	0.00759	0.00425	0.01391
32	0.02505	0.02707	0.15298	0.03327	0.25445	0.09635	0.02287	0.03193	0.05993	0.13009	0.06061	0.02578	0.02005	0.00969	0.00884	0.00270	0.01069	0.00827	0.00608	0.01331
33	0.02218	0.02530	0.09957	0.04810	0.46565	0.05456	0.09761	0.02813	0.02057	0.02868	0.01675	0.02174	0.01367	0.00804	0.00899	0.00270	0.01173	0.00803	0.00438	0.01361
34	0.02342	0.02369	0.03507	0.05129	0.56139	0.09263	0.02630	0.02840	0.02094	0.02840	0.01649	0.02146	0.01387	0.00811	0.00877	0.00262	0.01125	0.00772	0.00445	0.01374
35	0.02159	0.02418	0.10014	0.04978	0.49745	0.02138	0.09814	0.02769	0.02031	0.02907	0.01691	0.02205	0.01381	0.00797	0.00903	0.00272	0.01144	0.00815	0.00437	0.01381
36	0.16245	0.02389	0.06201	0.03962	0.38307	0.08509	0.02252	0.02933	0.05531	0.03102	0.01681	0.02057	0.01368	0.00844	0.00814	0.00267	0.01040	0.00720	0.00490	0.01287
37	0.02252	0.07183	0.20802	0.03975	0.34797	0.02283	0.02699	0.09810	0.02248	0.03179	0.01690	0.02063	0.01332	0.00844	0.00857	0.00266	0.01120	0.00739	0.00476	0.01386
38	0.26186	0.06629	0.17840	0.02168	0.08781	0.02207	0.01915	0.08854	0.09008	0.05832	0.01839	0.01991	0.01376	0.00908	0.00753	0.00274	0.00940	0.00671	0.00585	0.01244
39	0.07117	0.02576	0.05644	0.06091	0.09169	0.18850	0.04462	0.06473	0.12459	0.02972	0.03160	0.03256	0.11678	0.01171	0.00883	0.00274	0.01062	0.00941	0.00621	0.01142
40	0.02062	0.04121	0.45249	0.03062	0.14638	0.09825	0.03008	0.02908	0.01996	0.02771	0.01592	0.01915	0.01188	0.00849	0.00851	0.00274	0.01310	0.00676	0.00400	0.01305

[dist]
# distance from previous block
# <min> <max>
36	215

[block]
# block no. 6 follows, 19 sequences, length 32
# corresponding to MSA columns:
# 444-475
name=unknown_G
#
# <colnr> <probs for GDERKNQSTAVLIFYWHMCP>
#	G	D	E	R	K	N	Q	S	T	A	V	L	I	F	Y	W	H	M	C	P
0	0.02455	0.45825	0.08108	0.01750	0.02474	0.11590	0.01664	0.03120	0.10776	0.02410	0.01644	0.01774	0.01383	0.00859	0.00675	0.00220	0.01034	0.00584	0.00471	0.01185
1	0.02772	0.08879	0.22695	0.02331	0.03094	0.40207	0.02229	0.03270	0.02275	0.02394	0.01446	0.01691	0.01146	0.00888	0.00805	0.00245	0.01473	0.00597	0.00428	0.01138
2	0.02118	0.27655	0.17688	0.19775	0.06934	0.06962	0.02281	0.02673	0.01888	0.02372	0.01455	0.01854	0.01171	0.00833	0.00758	0.00249	0.01157	0.00631	0.00394	0.01153
3	0.01981	0.17752	0.09364	0.02829	0.21985	0.06439	0.01904	0.02403	0.01992	0.02531	0.03356	0.06189	0.15318	0.01221	0.00854	0.00260	0.00943	0.01014	0.00527	0.01140
4	0.02345	0.03001	0.18875	0.01913	0.02603	0.18676	0.01845	0.02819	0.02157	0.10325	0.03427	0.03456	0.14946	0.01239	0.00976	0.00268	0.04121	0.00939	0.00604	0.05465
5	0.03034	0.03679	0.02835	0.03176	0.19236	0.47778	0.02007	0.03346	0.02399	0.02390	0.01465	0.01778	0.01225	0.00888	0.00828	0.00240	0.01463	0.00637	0.00456	0.01141
6	0.02045	0.01910	0.01610	0.01558	0.01905	0.18445	0.01234	0.02344	0.02253	0.07600	0.08527	0.06514	0.22119	0.01831	0.01023	0.00309	0.00894	0.16200	0.00760	0.00920
7	0.01179	0.00945	0.01075	0.01140	0.01412	0.00842	0.00920	0.01464	0.02046	0.02499	0.07696	0.09078	0.44461	0.02331	0.01114	0.00337	0.00570	0.19284	0.00829	0.00777
8	0.03034	0.03679	0.02835	0.03176	0.19236	0.47778	0.02007	0.03346	0.02399	0.02390	0.01465	0.01778	0.01225	0.00888	0.00828	0.00240	0.01463	0.00637	0.00456	0.01141
9	0.02338	0.17545	0.17450	0.19463	0.03841	0.02569	0.02250	0.18286	0.02480	0.03291	0.01669	0.01993	0.01259	0.00904	0.00813	0.00263	0.01114	0.00696	0.00526	0.01249
10	0.03274	0.02854	0.02271	0.01940	0.02474	0.30517	0.01510	0.10538	0.05784	0.19622	0.08113	0.02651	0.02277	0.01094	0.00872	0.00256	0.01141	0.00816	0.00765	0.01230
11	0.02766	0.19633	0.02463	0.01388	0.01993	0.01764	0.01200	0.03064	0.02217	0.30228	0.04425	0.04132	0.18447	0.01332	0.00855	0.00261	0.00730	0.01056	0.00836	0.01211
12	0.02965	0.02288	0.02742	0.15947	0.07164	0.02568	0.01931	0.44238	0.03560	0.04760	0.02001	0.02202	0.01445	0.01019	0.00894	0.00275	0.01033	0.00803	0.00762	0.01403
13	0.02597	0.01922	0.02094	0.01653	0.02185	0.02018	0.01288	0.35353	0.03062	0.04166	0.02249	0.03118	0.01966	0.19472	0.01861	0.00412	0.00905	0.00900	0.00744	0.12037
14	0.01180	0.00941	0.01077	0.01127	0.01396	0.00838	0.00902	0.01473	0.02086	0.02586	0.12340	0.08854	0.42375	0.02286	0.01106	0.00330	0.00552	0.16928	0.00842	0.00781
15	0.01981	0.01886	0.03257	0.23961	0.36620	0.02000	0.06105	0.02536	0.01967	0.02701	0.01917	0.02937	0.01655	0.00964	0.00928	0.00290	0.01111	0.05499	0.00461	0.01223
16	0.01794	0.04628	0.63923	0.02550	0.03872	0.02078	0.03305	0.02833	0.01889	0.02833	0.01606	0.01889	0.01133	0.00850	0.00850	0.00283	0.01322	0.00661	0.00378	0.01322
17	0.01941	0.01442	0.01827	0.01632	0.01965	0.01635	0.01300	0.19828	0.02302	0.03189	0.02319	0.03088	0.02013	0.04950	0.44996	0.01073	0.01956	0.00911	0.00609	0.01024
18	0.03183	0.02874	0.02534	0.02050	0.02690	0.19620	0.01637	0.36302	0.07113	0.04350	0.01985	0.02051	0.01479	0.01007	0.00852	0.00249	0.01112	0.00733	0.00747	0.07434
19	0.01297	0.00905	0.01222	0.01243	0.01353	0.00986	0.00893	0.01522	0.01466	0.02112	0.02818	0.10850	0.02898	0.22418	0.36762	0.01070	0.01625	0.01205	0.06629	0.00725
20	0.01881	0.14024	0.55290	0.02401	0.03642	0.02291	0.03047	0.02811	0.01878	0.02727	0.01553	0.01823	0.01135	0.00838	0.00810	0.00270	0.01269	0.00634	0.00378	0.01297
21	0.02392	0.69097	0.04688	0.01531	0.02296	0.03540	0.01531	0.02679	0.01818	0.02105	0.01244	0.01435	0.01148	0.00765	0.00574	0.00191	0.00957	0.00478	0.00383	0.01148
22	0.02827	0.02156	0.02360	0.01804	0.02509	0.02228	0.01473	0.39059	0.06025	0.04715	0.04844	0.02330	0.01840	0.01002	0.00839	0.00233	0.00858	0.00777	0.00800	0.21318
23	0.01885	0.01858	0.02725	0.19677	0.03380	0.02537	0.02100	0.02189	0.01483	0.02189	0.01287	0.02073	0.01179	0.01384	0.02384	0.00366	0.49141	0.00786	0.00393	0.00983
24	0.01066	0.00871	0.00942	0.00999	0.01233	0.00747	0.00721	0.01273	0.01950	0.02380	0.07933	0.24848	0.47106	0.02413	0.01080	0.00319	0.00471	0.02067	0.00831	0.00747
25	0.02409	0.03387	0.19641	0.03824	0.30519	0.19302	0.02619	0.02996	0.02133	0.02698	0.01580	0.01962	0.01268	0.00846	0.00854	0.00261	0.01284	0.00700	0.00430	0.01288
26	0.04014	0.01523	0.02076	0.01592	0.02284	0.01315	0.01315	0.04360	0.02561	0.63597	0.03530	0.03045	0.02215	0.01107	0.00900	0.00277	0.00761	0.00900	0.01107	0.01523
27	0.01668	0.00834	0.00834	0.00834	0.01042	0.00834	0.00625	0.02085	0.01876	0.03335	0.02918	0.03335	0.02293	0.01042	0.00625	0.00208	0.00417	0.00834	0.73525	0.00834
28	0.01081	0.00813	0.01002	0.01154	0.01273	0.00734	0.00790	0.01256	0.01801	0.02320	0.06049	0.51916	0.21254	0.02658	0.01119	0.00347	0.00501	0.02366	0.00831	0.00734
29	0.02360	0.01742	0.02037	0.01737	0.02173	0.01931	0.01385	0.31954	0.02914	0.03957	0.02585	0.10889	0.02326	0.03286	0.23621	0.00694	0.01426	0.01078	0.00740	0.01166
30	0.02064	0.39195	0.25293	0.01881	0.02781	0.02770	0.02115	0.02621	0.01803	0.02359	0.01492	0.01812	0.01256	0.01415	0.07393	0.00354	0.01236	0.00593	0.00391	0.01173
31	0.03231	0.07516	0.02773	0.02390	0.06491	0.40378	0.01772	0.18901	0.02919	0.03174	0.01603	0.01786	0.01270	0.00946	0.00822	0.00241	0.01368	0.00647	0.00574	0.01200

[dist]
# distance from previous block
# <min> <max>
0	1

[block]
# block no. 7 follows, 19 sequences, length 38
# corresponding to MSA columns:
# 477-496,499-516
name=unknown_H
#
# <colnr> <probs for GDERKNQSTAVLIFYWHMCP>
#	G	D	E	R	K	N	Q	S	T	A	V	L	I	F	Y	W	H	M	C	P
0	0.02946	0.03514	0.02920	0.03423	0.23889	0.42921	0.02085	0.03282	0.02361	0.02447	0.01488	0.01824	0.01245	0.00878	0.00834	0.00243	0.01420	0.00654	0.00455	0.01170
1	0.02104	0.01603	0.01742	0.01551	0.01994	0.01712	0.01204	0.13575	0.24909	0.06960	0.04841	0.13441	0.17288	0.01657	0.00975	0.00304	0.00674	0.01393	0.00888	0.01186
2	0.36051	0.18307	0.11441	0.04729	0.05272	0.02350	0.01617	0.02759	0.01742	0.06629	0.01463	0.01681	0.01138	0.00835	0.00653	0.00258	0.00892	0.00561	0.00506	0.01117
3	0.19428	0.01967	0.01560	0.01462	0.01811	0.17647	0.01114	0.02331	0.02098	0.03015	0.18666	0.08004	0.08095	0.01908	0.06844	0.00382	0.00987	0.01097	0.00678	0.00905
4	0.01875	0.05809	0.11632	0.02209	0.02788	0.05491	0.12626	0.02509	0.04915	0.02785	0.08436	0.04560	0.03001	0.01407	0.01169	0.00312	0.07023	0.15026	0.00606	0.05823
5	0.02268	0.02555	0.03621	0.25054	0.08563	0.17197	0.22403	0.02828	0.02097	0.02508	0.01624	0.02199	0.01256	0.00845	0.00929	0.00281	0.01396	0.00834	0.00435	0.01107
6	0.01090	0.00884	0.00973	0.01035	0.01272	0.00767	0.00765	0.01312	0.01963	0.02403	0.07802	0.22742	0.45431	0.02406	0.01089	0.00324	0.00493	0.05665	0.00830	0.00753
7	0.03227	0.03033	0.02486	0.02088	0.02671	0.26558	0.01644	0.26222	0.12558	0.07396	0.02172	0.02184	0.01612	0.01040	0.00864	0.00260	0.01170	0.00755	0.00743	0.01318
8	0.02489	0.02904	0.12560	0.02293	0.03047	0.18034	0.12846	0.03170	0.06656	0.08780	0.04905	0.02370	0.01798	0.00919	0.00866	0.00248	0.01175	0.00789	0.00581	0.13570
9	0.02405	0.22213	0.29946	0.02200	0.03120	0.20636	0.02363	0.03004	0.02056	0.02448	0.01442	0.01685	0.01143	0.00848	0.00762	0.00243	0.01306	0.00586	0.00403	0.01192
10	0.05718	0.08623	0.36789	0.02892	0.12414	0.05321	0.06102	0.02792	0.01898	0.02778	0.01544	0.01903	0.01185	0.00880	0.00967	0.00279	0.05563	0.00686	0.00406	0.01262
11	0.02868	0.11233	0.08232	0.01519	0.02105	0.01590	0.01342	0.03184	0.02065	0.32991	0.02834	0.03427	0.02225	0.18404	0.01790	0.00417	0.00871	0.00920	0.00787	0.01197
12	0.02238	0.03197	0.17932	0.20106	0.04395	0.18291	0.15719	0.02883	0.02080	0.02526	0.01591	0.02074	0.01206	0.00858	0.00898	0.00278	0.01405	0.00767	0.00422	0.01133
13	0.01837	0.02447	0.18536	0.03716	0.32965	0.01778	0.02431	0.02409	0.01921	0.02747	0.02442	0.17901	0.02423	0.01292	0.00938	0.00294	0.00999	0.01181	0.00519	0.01227
14	0.01923	0.02063	0.01979	0.02366	0.16423	0.17620	0.01445	0.02224	0.02166	0.02480	0.05315	0.05274	0.32110	0.01567	0.00952	0.00275	0.00898	0.01289	0.00643	0.00987
15	0.38512	0.01636	0.01883	0.02275	0.17408	0.01759	0.01397	0.02434	0.01897	0.03631	0.16050	0.02903	0.02876	0.01061	0.00759	0.00275	0.00723	0.00837	0.00629	0.01054
16	0.02214	0.02126	0.03631	0.05491	0.62978	0.02126	0.02746	0.02746	0.02037	0.02923	0.01683	0.02214	0.01417	0.00797	0.00886	0.00266	0.01063	0.00797	0.00443	0.01417
17	0.02370	0.32016	0.03859	0.03158	0.25991	0.09764	0.02005	0.02747	0.01964	0.02432	0.01493	0.01871	0.01312	0.01115	0.04181	0.00292	0.01149	0.00640	0.00420	0.01222
18	0.01179	0.00976	0.01105	0.01094	0.01371	0.00931	0.00834	0.01558	0.05193	0.02403	0.07044	0.07004	0.43726	0.03352	0.17519	0.00595	0.00968	0.01600	0.00745	0.00803
19	0.01227	0.00893	0.01220	0.01235	0.01394	0.00887	0.00911	0.01559	0.02054	0.02886	0.33219	0.20566	0.06238	0.03319	0.17547	0.00599	0.00954	0.01670	0.00818	0.00804
20	0.21808	0.02306	0.02332	0.01831	0.02506	0.02577	0.01512	0.45222	0.03515	0.05220	0.01916	0.01969	0.01379	0.01011	0.00807	0.00271	0.00909	0.00723	0.00807	0.01379
21	0.03342	0.04264	0.02535	0.02305	0.02766	0.64967	0.01729	0.03572	0.02535	0.02190	0.01383	0.01613	0.01152	0.00922	0.00807	0.00230	0.01613	0.00576	0.00461	0.01037
22	0.01855	0.01590	0.01855	0.01325	0.02120	0.01193	0.01060	0.02253	0.01855	0.02915	0.01590	0.01855	0.01325	0.00663	0.00663	0.00133	0.00663	0.00530	0.00530	0.74028
23	0.01298	0.00878	0.01029	0.01029	0.01047	0.00896	0.00608	0.01335	0.01317	0.01774	0.02771	0.05587	0.03137	0.61496	0.11458	0.00932	0.01042	0.01262	0.00535	0.00571
24	0.02225	0.01922	0.02023	0.01821	0.02326	0.02225	0.01416	0.04754	0.61361	0.03742	0.03641	0.03338	0.02731	0.01214	0.00910	0.00303	0.00708	0.01011	0.00910	0.01416
25	0.03388	0.06709	0.02257	0.01652	0.02297	0.01738	0.01360	0.04345	0.19069	0.42119	0.03389	0.03007	0.02280	0.01112	0.00878	0.00278	0.00761	0.00900	0.00997	0.01464
26	0.03324	0.02468	0.02642	0.02043	0.02745	0.02739	0.01682	0.56388	0.07938	0.05515	0.02245	0.02226	0.01600	0.01083	0.00896	0.00271	0.00966	0.00819	0.00896	0.01515
27	0.03401	0.02506	0.02685	0.02058	0.02774	0.02774	0.01700	0.59995	0.04206	0.05638	0.02148	0.02148	0.01521	0.01074	0.00895	0.00268	0.00984	0.00805	0.00895	0.01521
28	0.01545	0.00873	0.01024	0.01024	0.01217	0.00923	0.00781	0.01931	0.01738	0.02939	0.02754	0.03392	0.02275	0.02827	0.20902	0.00596	0.01040	0.00873	0.50522	0.00823
29	0.02415	0.04191	0.42248	0.02383	0.03428	0.17074	0.02704	0.03182	0.02119	0.09511	0.01768	0.01953	0.01259	0.00896	0.00845	0.00270	0.01329	0.00668	0.00480	0.01276
30	0.22527	0.30476	0.17785	0.01681	0.02516	0.02617	0.01786	0.02812	0.01801	0.06826	0.01480	0.01654	0.01164	0.00826	0.00656	0.00243	0.00958	0.00551	0.00476	0.01164
31	0.02557	0.08465	0.39480	0.02164	0.03240	0.01941	0.02529	0.03315	0.02101	0.22423	0.02200	0.02229	0.01484	0.00927	0.00845	0.00274	0.01113	0.00725	0.00614	0.01374
32	0.02040	0.01835	0.01968	0.08004	0.06472	0.10729	0.01583	0.02910	0.15560	0.05354	0.03866	0.05658	0.08724	0.01628	0.01014	0.00325	0.00925	0.19600	0.00738	0.01067
33	0.02038	0.18593	0.34973	0.03076	0.18736	0.02421	0.02759	0.02776	0.01911	0.02691	0.01543	0.01870	0.01210	0.00817	0.00797	0.00258	0.01173	0.00655	0.00396	0.01307
34	0.01899	0.13356	0.23951	0.02861	0.17276	0.02052	0.02409	0.02535	0.01957	0.02699	0.02373	0.04007	0.02238	0.01241	0.00914	0.00298	0.01074	0.15162	0.00509	0.01189
35	0.02199	0.02139	0.07062	0.02596	0.08592	0.01949	0.17243	0.17206	0.02642	0.03606	0.08635	0.03617	0.08061	0.01169	0.00964	0.00279	0.01017	0.03664	0.00672	0.06687
36	0.01954	0.01558	0.02252	0.01895	0.02331	0.01627	0.10553	0.15852	0.02400	0.03280	0.03303	0.04549	0.08224	0.02874	0.18187	0.00610	0.01327	0.10036	0.06149	0.01039
37	0.02873	0.02467	0.05744	0.01829	0.02432	0.16837	0.01533	0.14937	0.02721	0.16023	0.06121	0.03380	0.05656	0.01206	0.00893	0.00262	0.01004	0.05058	0.00766	0.08256

[dist]
# distance from previous block
# <min> <max>
12	66

[block]
# block no. 8 follows, 19 sequences, length 19
# corresponding to MSA columns:
# 583-601
name=unknown_I
#
# <colnr> <probs for GDERKNQSTAVLIFYWHMCP>
#	G	D	E	R	K	N	Q	S	T	A	V	L	I	F	Y	W	H	M	C	P
0	0.01713	0.02105	0.08047	0.01467	0.01904	0.16132	0.01259	0.02051	0.02179	0.02509	0.10252	0.06168	0.34469	0.01774	0.00985	0.00287	0.00837	0.04262	0.00706	0.00893
1	0.02415	0.09596	0.03567	0.04556	0.46811	0.12410	0.02452	0.02872	0.02094	0.02718	0.01588	0.02034	0.01346	0.00814	0.00840	0.00252	0.01140	0.00728	0.00439	0.01327
2	0.01479	0.01193	0.01547	0.01834	0.08104	0.01231	0.01173	0.02237	0.15881	0.02697	0.04280	0.45662	0.04683	0.02213	0.01060	0.00339	0.00622	0.01995	0.00808	0.00963
3	0.03180	0.04001	0.02550	0.08605	0.03100	0.58777	0.01803	0.03446	0.02462	0.02199	0.01403	0.01689	0.01156	0.00919	0.00815	0.00237	0.01572	0.00598	0.00455	0.01033
4	0.02967	0.06967	0.02978	0.03176	0.20277	0.39361	0.02012	0.06954	0.02461	0.02623	0.01513	0.01814	0.01253	0.00887	0.00823	0.00241	0.01377	0.00650	0.00480	0.01185
5	0.01785	0.01029	0.01362	0.01214	0.01515	0.00933	0.00933	0.02192	0.02538	0.14912	0.51376	0.05996	0.07266	0.01693	0.01026	0.00281	0.00486	0.01482	0.01008	0.00972
6	0.01377	0.00875	0.01165	0.01243	0.01389	0.00806	0.00874	0.01618	0.01997	0.07671	0.19845	0.46630	0.06271	0.02409	0.01099	0.00335	0.00514	0.02166	0.00894	0.00823
7	0.02237	0.09715	0.03396	0.04228	0.42652	0.02309	0.02313	0.03182	0.15127	0.03011	0.02066	0.02374	0.01677	0.00886	0.00856	0.00266	0.00972	0.00808	0.00539	0.01386
8	0.01939	0.03769	0.43222	0.03560	0.24166	0.02094	0.03113	0.02803	0.01940	0.02864	0.01632	0.02001	0.01231	0.00832	0.00862	0.00277	0.01233	0.00708	0.00400	0.01355
9	0.01080	0.00816	0.00999	0.01146	0.01271	0.00735	0.00786	0.01257	0.01809	0.02323	0.06145	0.50535	0.22574	0.02645	0.01117	0.00345	0.00500	0.02351	0.00831	0.00735
10	0.02091	0.01965	0.03318	0.09134	0.52204	0.01992	0.02580	0.02613	0.02023	0.02852	0.02025	0.03124	0.01827	0.00995	0.00926	0.00285	0.01044	0.07199	0.00483	0.01321
11	0.01297	0.00873	0.01001	0.00993	0.01017	0.00865	0.00577	0.01345	0.01441	0.01946	0.09623	0.05949	0.03844	0.60952	0.04155	0.00801	0.00817	0.01337	0.00593	0.00577
12	0.02179	0.02224	0.04197	0.04901	0.42959	0.02173	0.22311	0.02787	0.02063	0.02903	0.01726	0.02283	0.01397	0.00782	0.00944	0.00278	0.01216	0.00886	0.00446	0.01345
13	0.02936	0.25511	0.03356	0.06091	0.02830	0.10076	0.01696	0.30130	0.03039	0.03814	0.01714	0.01858	0.01330	0.00939	0.00775	0.00240	0.01060	0.00666	0.00637	0.01304
14	0.02684	0.02838	0.27304	0.01975	0.02918	0.01703	0.02109	0.03535	0.08023	0.25943	0.02534	0.02466	0.01723	0.00962	0.00853	0.00266	0.00974	0.00771	0.00724	0.09695
15	0.02229	0.02336	0.03162	0.03051	0.14163	0.12382	0.12717	0.02620	0.01872	0.02553	0.01594	0.02171	0.01361	0.01114	0.01628	0.00307	0.25221	0.00808	0.07611	0.01099
16	0.02888	0.03522	0.02774	0.02415	0.02782	0.44085	0.05676	0.03145	0.02195	0.02225	0.01356	0.01759	0.01172	0.01083	0.01394	0.00278	0.19114	0.00664	0.00442	0.01033
17	0.06591	0.08706	0.01759	0.01362	0.01737	0.16656	0.01056	0.02129	0.02140	0.02576	0.13681	0.05290	0.26235	0.05043	0.01095	0.00298	0.00817	0.01265	0.00686	0.00880
18	0.01993	0.22095	0.37684	0.06831	0.09151	0.02482	0.02705	0.02745	0.01876	0.02603	0.01511	0.01827	0.01168	0.00824	0.00780	0.00257	0.01188	0.00632	0.00387	0.01261

[dist]
# distance from previous block
# <min> <max>
3	45

[block]
# block no. 9 follows, 19 sequences, length 19
# corresponding to MSA columns:
# 652-670
name=unknown_J
#
# <colnr> <probs for GDERKNQSTAVLIFYWHMCP>
#	G	D	E	R	K	N	Q	S	T	A	V	L	I	F	Y	W	H	M	C	P
0	0.17540	0.10824	0.05021	0.01470	0.02197	0.06337	0.01270	0.02627	0.04618	0.03025	0.01554	0.01768	0.01271	0.00765	0.00658	0.00193	0.00808	0.00545	0.00522	0.36987
1	0.02267	0.12634	0.03480	0.02546	0.07314	0.14038	0.18043	0.02720	0.02027	0.02565	0.01639	0.02077	0.01362	0.01302	0.06532	0.00334	0.01311	0.00738	0.00462	0.16609
2	0.02315	0.09680	0.06901	0.03355	0.19762	0.09644	0.11292	0.05353	0.02013	0.02677	0.01516	0.02011	0.01279	0.01003	0.01365	0.00291	0.17126	0.00768	0.00445	0.01205
3	0.01278	0.00959	0.01438	0.01438	0.01598	0.01118	0.01118	0.01598	0.01438	0.02077	0.02396	0.03515	0.02237	0.06710	0.65013	0.01438	0.02396	0.00959	0.00479	0.00799
4	0.02598	0.02295	0.02221	0.01923	0.02470	0.08957	0.01511	0.16624	0.42751	0.03990	0.03079	0.02898	0.02302	0.01153	0.00896	0.00288	0.00863	0.00921	0.00860	0.01399
5	0.03032	0.26496	0.03371	0.01914	0.02603	0.13850	0.01645	0.29808	0.03067	0.03783	0.01693	0.01802	0.01325	0.00938	0.00765	0.00234	0.01084	0.00649	0.00637	0.01305
6	0.01301	0.00867	0.00976	0.00976	0.00976	0.00867	0.00542	0.01301	0.01301	0.01735	0.02819	0.05855	0.03253	0.68559	0.04554	0.00867	0.00867	0.01301	0.00542	0.00542
7	0.01191	0.00912	0.01091	0.01047	0.01290	0.00812	0.00785	0.01543	0.02355	0.03166	0.43241	0.07378	0.27970	0.01986	0.01056	0.00289	0.00433	0.01715	0.00929	0.00812
8	0.02143	0.02053	0.03503	0.13731	0.55293	0.02107	0.02710	0.02683	0.02004	0.02837	0.01670	0.02237	0.01387	0.00810	0.00887	0.00270	0.01080	0.00797	0.00437	0.01360
9	0.01957	0.01957	0.02740	0.02349	0.02349	0.02740	0.01957	0.02153	0.01370	0.02153	0.01174	0.01957	0.01174	0.01566	0.02936	0.00391	0.66921	0.00783	0.00391	0.00979
10	0.01278	0.00959	0.01438	0.01438	0.01598	0.01118	0.01118	0.01598	0.01438	0.02077	0.02396	0.03515	0.02237	0.06710	0.65013	0.01438	0.02396	0.00959	0.00479	0.00799
11	0.01560	0.00979	0.01290	0.01175	0.01438	0.00894	0.00894	0.01974	0.02535	0.09996	0.56208	0.06294	0.07777	0.01752	0.01039	0.00281	0.00458	0.01541	0.00998	0.00917
12	0.02225	0.01922	0.02023	0.01821	0.02326	0.02225	0.01416	0.04754	0.61361	0.03742	0.03641	0.03338	0.02731	0.01214	0.00910	0.00303	0.00708	0.01011	0.00910	0.01416
13	0.02461	0.02743	0.02880	0.09935	0.17563	0.23655	0.02127	0.02793	0.01972	0.02366	0.01413	0.01948	0.01228	0.01089	0.01499	0.00296	0.21781	0.00717	0.00428	0.01106
14	0.01560	0.00979	0.01290	0.01175	0.01438	0.00894	0.00894	0.01974	0.02535	0.09996	0.56208	0.06294	0.07777	0.01752	0.01039	0.00281	0.00458	0.01541	0.00998	0.00917
15	0.65748	0.06551	0.01599	0.01225	0.01801	0.02079	0.01028	0.02729	0.01601	0.07182	0.01372	0.01540	0.01051	0.00841	0.00574	0.00271	0.00715	0.00507	0.00572	0.01012
16	0.02463	0.20230	0.02684	0.01689	0.02231	0.24521	0.01384	0.07490	0.02331	0.02554	0.03280	0.03317	0.16059	0.01205	0.00806	0.00235	0.01055	0.00885	0.00570	0.05011
17	0.01708	0.01614	0.01413	0.01364	0.01526	0.14531	0.00945	0.01854	0.01659	0.01972	0.02941	0.04621	0.07588	0.33620	0.18086	0.00822	0.01361	0.01114	0.00534	0.00727
18	0.10066	0.08312	0.02199	0.01812	0.02201	0.30420	0.01415	0.02695	0.01977	0.02335	0.01717	0.02258	0.01518	0.02958	0.23597	0.00661	0.01739	0.00694	0.00471	0.00955

[dist]
