[name]
unknown

[dist]
# distance from previous block
# <min> <max>
0	58

[block]
# block no. 0 follows, 22 sequences, length 101
# corresponding to MSA columns:
# 58-158
name=unknown_A
#
# <colnr> <probs for GDERKNQSTAVLIFYWHMCP>
#	G	D	E	R	K	N	Q	S	T	A	V	L	I	F	Y	W	H	M	C	P
0	0.01401	0.01589	0.13675	0.01689	0.02076	0.01140	0.01666	0.01893	0.01882	0.02514	0.03848	0.07929	0.04075	0.02010	0.01080	0.00360	0.00853	0.48782	0.00687	0.00853
1	0.19200	0.19382	0.20751	0.02287	0.14393	0.02191	0.01943	0.02479	0.01718	0.02773	0.04801	0.01856	0.01438	0.00806	0.00680	0.00238	0.00919	0.00607	0.00432	0.01105
2	0.01851	0.01138	0.01340	0.01204	0.01580	0.01076	0.00948	0.02482	0.12365	0.17448	0.16198	0.05753	0.26685	0.01633	0.00935	0.00278	0.00541	0.04692	0.00868	0.00986
3	0.02232	0.02377	0.02981	0.14713	0.40534	0.17918	0.02280	0.02667	0.01967	0.02452	0.01481	0.01946	0.01222	0.00783	0.00806	0.00244	0.01131	0.00690	0.00408	0.01166
4	0.02114	0.58104	0.03952	0.01524	0.02107	0.03073	0.01458	0.02370	0.01612	0.01960	0.01198	0.01495	0.01119	0.01085	0.04117	0.00260	0.10557	0.00506	0.00361	0.01028
5	0.01304	0.01071	0.01372	0.01359	0.01516	0.05044	0.01042	0.01579	0.01390	0.01917	0.02191	0.03281	0.02070	0.09596	0.59857	0.01237	0.02100	0.00887	0.00447	0.00742
6	0.01855	0.16594	0.32457	0.17687	0.07108	0.05923	0.02459	0.02520	0.01761	0.02351	0.01414	0.01780	0.01083	0.00785	0.00748	0.00246	0.01136	0.00612	0.00364	0.01115
7	0.02653	0.22816	0.03118	0.02495	0.14381	0.36741	0.01731	0.02935	0.02076	0.02140	0.01300	0.01556	0.01115	0.00793	0.00701	0.00210	0.01227	0.00548	0.00404	0.01059
8	0.01011	0.00728	0.00959	0.01144	0.01202	0.00676	0.00765	0.01158	0.01603	0.02126	0.04736	0.67709	0.07946	0.02582	0.01057	0.00335	0.00479	0.02337	0.00771	0.00676
9	0.01995	0.01912	0.03263	0.13022	0.58173	0.01958	0.02519	0.02496	0.01863	0.02640	0.01552	0.02076	0.01290	0.00751	0.00823	0.00250	0.01002	0.00740	0.00406	0.01267
10	0.01208	0.00805	0.00906	0.00906	0.00906	0.00805	0.00503	0.01208	0.01208	0.01611	0.02618	0.05436	0.03020	0.70804	0.04228	0.00805	0.00805	0.01208	0.00503	0.00503
11	0.01189	0.00880	0.01283	0.01283	0.01413	0.01010	0.00973	0.01450	0.01320	0.01890	0.02273	0.03530	0.02192	0.14138	0.59762	0.01270	0.02051	0.00929	0.00452	0.00713
12	0.03103	0.03959	0.02354	0.02140	0.02568	0.67469	0.01605	0.03317	0.02354	0.02033	0.01284	0.01498	0.01070	0.00856	0.00749	0.00214	0.01498	0.00535	0.00428	0.00963
13	0.01187	0.00890	0.01335	0.01335	0.01483	0.01038	0.01038	0.01483	0.01335	0.01928	0.02225	0.03264	0.02077	0.06231	0.67512	0.01335	0.02225	0.00890	0.00445	0.00742
14	0.01038	0.00844	0.00920	0.00901	0.01157	0.00725	0.00676	0.01302	0.02027	0.02561	0.24938	0.07474	0.48566	0.01986	0.00981	0.00275	0.00412	0.01680	0.00813	0.00725
15	0.01723	0.01477	0.01723	0.01230	0.01969	0.01107	0.00984	0.02092	0.01723	0.02707	0.01477	0.01723	0.01230	0.00615	0.00615	0.00123	0.00615	0.00492	0.00492	0.75883
16	0.01152	0.00848	0.01078	0.01020	0.01227	0.00774	0.00765	0.01522	0.02295	0.03198	0.58232	0.06425	0.14874	0.01748	0.00980	0.00264	0.00395	0.01533	0.00897	0.00774
17	0.03103	0.03959	0.02354	0.02140	0.02568	0.67469	0.01605	0.03317	0.02354	0.02033	0.01284	0.01498	0.01070	0.00856	0.00749	0.00214	0.01498	0.00535	0.00428	0.00963
18	0.02028	0.01945	0.03322	0.08740	0.62199	0.01967	0.02536	0.02525	0.01878	0.02680	0.01558	0.02065	0.01304	0.00745	0.00823	0.00248	0.00994	0.00740	0.00409	0.01293
19	0.01666	0.04297	0.66500	0.02368	0.03596	0.01929	0.03069	0.02631	0.01754	0.02631	0.01491	0.01754	0.01052	0.00789	0.00789	0.00263	0.01228	0.00614	0.00351	0.01228
20	0.01012	0.00723	0.00964	0.01157	0.01205	0.00675	0.00771	0.01157	0.01591	0.02121	0.04579	0.70262	0.05495	0.02603	0.01060	0.00337	0.00482	0.02362	0.00771	0.00675
21	0.02018	0.01920	0.03264	0.04909	0.62221	0.01920	0.02485	0.02505	0.01893	0.02702	0.01714	0.02445	0.01500	0.00823	0.00840	0.00254	0.00975	0.03896	0.00430	0.01287
22	0.02372	0.01868	0.03099	0.04414	0.53600	0.01831	0.02298	0.02833	0.01984	0.14732	0.01887	0.02202	0.01456	0.00795	0.00825	0.00249	0.00934	0.00758	0.00528	0.01334
23	0.02499	0.01748	0.01882	0.01539	0.02012	0.01899	0.01234	0.40283	0.03089	0.04327	0.02487	0.10627	0.02089	0.01187	0.00797	0.00246	0.00731	0.00952	0.19206	0.01165
24	0.01549	0.00774	0.00774	0.00774	0.00968	0.00774	0.00581	0.01936	0.01742	0.03097	0.02710	0.03097	0.02129	0.00968	0.00581	0.00194	0.00387	0.00774	0.75416	0.00774
25	0.01092	0.00846	0.00994	0.00957	0.01190	0.00748	0.00718	0.01405	0.02153	0.02861	0.40599	0.06980	0.32717	0.01874	0.00981	0.00270	0.00404	0.01611	0.00853	0.00748
26	0.01970	0.01569	0.01813	0.01329	0.02043	0.01298	0.01068	0.08102	0.04885	0.05959	0.01700	0.01865	0.01348	0.00695	0.00657	0.00149	0.00650	0.00554	0.00566	0.61780
27	0.01549	0.00774	0.00774	0.00774	0.00968	0.00774	0.00581	0.01936	0.01742	0.03097	0.02710	0.03097	0.02129	0.00968	0.00581	0.00194	0.00387	0.00774	0.75416	0.00774
28	0.01723	0.01477	0.01723	0.01230	0.01969	0.01107	0.00984	0.02092	0.01723	0.02707	0.01477	0.01723	0.01230	0.00615	0.00615	0.00123	0.00615	0.00492	0.00492	0.75883
29	0.02276	0.60301	0.08001	0.01553	0.02267	0.09732	0.01542	0.02581	0.01760	0.02004	0.01189	0.01376	0.01066	0.00730	0.00571	0.00187	0.00971	0.00464	0.00362	0.01066
30	0.01956	0.01689	0.01773	0.01604	0.02055	0.01927	0.01245	0.04087	0.57791	0.03350	0.03893	0.03597	0.08919	0.01226	0.00859	0.00282	0.00633	0.01022	0.00838	0.01253
31	0.01734	0.12503	0.58889	0.02252	0.03416	0.02096	0.02868	0.02613	0.01746	0.02548	0.01450	0.01702	0.01054	0.00780	0.00758	0.00253	0.01186	0.00593	0.00351	0.01208
32	0.01905	0.23827	0.36028	0.02603	0.14902	0.02342	0.02480	0.02573	0.01760	0.02445	0.01404	0.01686	0.01106	0.00757	0.00719	0.00235	0.01081	0.00587	0.00364	0.01196
33	0.01186	0.00858	0.01190	0.01198	0.01297	0.00953	0.00866	0.01387	0.01307	0.01840	0.02437	0.06562	0.02498	0.25675	0.45698	0.01135	0.01726	0.01045	0.00476	0.00667
34	0.01666	0.04297	0.66500	0.02368	0.03596	0.01929	0.03069	0.02631	0.01754	0.02631	0.01491	0.01754	0.01052	0.00789	0.00789	0.00263	0.01228	0.00614	0.00351	0.01228
35	0.07266	0.01379	0.04225	0.05576	0.02147	0.01198	0.01231	0.03087	0.02100	0.40230	0.06751	0.15617	0.02870	0.01327	0.00865	0.00274	0.00688	0.01124	0.00875	0.01169
36	0.01982	0.02414	0.15323	0.04582	0.53880	0.01965	0.02648	0.02565	0.01866	0.02698	0.01549	0.01999	0.01266	0.00749	0.00816	0.00250	0.01033	0.00716	0.00400	0.01299
37	0.01012	0.00723	0.00964	0.01157	0.01205	0.00675	0.00771	0.01157	0.01591	0.02121	0.04579	0.70262	0.05495	0.02603	0.01060	0.00337	0.00482	0.02362	0.00771	0.00675
38	0.02912	0.12084	0.02539	0.02001	0.02458	0.56978	0.01544	0.03132	0.02254	0.02032	0.01549	0.01734	0.03601	0.00887	0.00732	0.00212	0.01381	0.00572	0.00433	0.00965
39	0.01794	0.03502	0.44249	0.03160	0.18798	0.01959	0.09575	0.02614	0.01811	0.02655	0.01529	0.01882	0.01140	0.00767	0.00819	0.00261	0.01188	0.00685	0.00373	0.01237
40	0.01752	0.03699	0.48572	0.02698	0.03813	0.01979	0.20397	0.02640	0.01814	0.02640	0.01546	0.01896	0.01113	0.00763	0.00845	0.00268	0.01278	0.00721	0.00371	0.01197
41	0.01136	0.00781	0.00957	0.01047	0.01079	0.00761	0.00665	0.01219	0.01408	0.01873	0.03529	0.32174	0.04141	0.38686	0.02743	0.00588	0.00671	0.05324	0.00629	0.00590
42	0.01867	0.28542	0.44013	0.02025	0.03066	0.02421	0.02473	0.02579	0.01730	0.02386	0.01369	0.01601	0.01057	0.00761	0.00697	0.00232	0.01105	0.00552	0.00352	0.01169
43	0.01706	0.04061	0.60078	0.02646	0.09905	0.01934	0.03016	0.02623	0.01768	0.02639	0.01498	0.01785	0.01079	0.00784	0.00793	0.00261	0.01203	0.00627	0.00357	0.01237
44	0.01833	0.03131	0.31579	0.03010	0.04019	0.02027	0.36822	0.02648	0.01871	0.02648	0.01598	0.02030	0.01170	0.00739	0.00898	0.00273	0.01326	0.00822	0.00390	0.01167
45	0.01059	0.00759	0.01006	0.01125	0.01215	0.00706	0.00775	0.01274	0.01808	0.02466	0.21887	0.51969	0.06164	0.02344	0.01037	0.00316	0.00456	0.02116	0.00812	0.00706
46	0.02064	0.04779	0.03226	0.04525	0.55140	0.02039	0.02350	0.02779	0.09622	0.02778	0.01772	0.02156	0.01457	0.00787	0.00813	0.00248	0.00942	0.00753	0.00463	0.01306
47	0.02854	0.03309	0.02616	0.02838	0.17939	0.44902	0.01833	0.09187	0.02399	0.02525	0.01424	0.01685	0.01165	0.00842	0.00775	0.00226	0.01314	0.00607	0.00465	0.01095
48	0.02827	0.01214	0.01639	0.01325	0.01810	0.01067	0.01067	0.03173	0.02368	0.44004	0.25132	0.04020	0.04098	0.01265	0.00886	0.00259	0.00596	0.01071	0.00988	0.01191
49	0.01208	0.00805	0.00906	0.00906	0.00906	0.00805	0.00503	0.01208	0.01208	0.01611	0.02618	0.05436	0.03020	0.70804	0.04228	0.00805	0.00805	0.01208	0.00503	0.00503
50	0.01932	0.02445	0.11001	0.03389	0.04268	0.02084	0.56710	0.02658	0.01940	0.02658	0.01662	0.02193	0.01240	0.00709	0.00961	0.00278	0.01383	0.00944	0.00413	0.01131
51	0.76672	0.01607	0.01221	0.01092	0.01607	0.01864	0.00900	0.02442	0.01414	0.03727	0.01157	0.01350	0.00900	0.00771	0.00514	0.00257	0.00643	0.00450	0.00514	0.00900
52	0.03103	0.03959	0.02354	0.02140	0.02568	0.67469	0.01605	0.03317	0.02354	0.02033	0.01284	0.01498	0.01070	0.00856	0.00749	0.00214	0.01498	0.00535	0.00428	0.00963
53	0.01049	0.00844	0.00935	0.00912	0.01163	0.00730	0.00684	0.01322	0.02052	0.02620	0.28062	0.07376	0.45404	0.01964	0.00981	0.00274	0.00411	0.01666	0.00821	0.00730
54	0.01012	0.00723	0.00964	0.01157	0.01205	0.00675	0.00771	0.01157	0.01591	0.02121	0.04579	0.70262	0.05495	0.02603	0.01060	0.00337	0.00482	0.02362	0.00771	0.00675
55	0.02221	0.71304	0.04353	0.01421	0.02132	0.03287	0.01421	0.02488	0.01688	0.01955	0.01155	0.01333	0.01066	0.00711	0.00533	0.00178	0.00888	0.00444	0.00355	0.01066
56	0.01849	0.02023	0.04214	0.22152	0.04736	0.02028	0.45385	0.02507	0.01875	0.02507	0.01622	0.02233	0.01217	0.00737	0.00938	0.00279	0.01317	0.00911	0.00406	0.01064
57	0.00982	0.00842	0.00842	0.00842	0.01122	0.00701	0.00631	0.01192	0.01894	0.02244	0.08416	0.07995	0.65285	0.02104	0.00982	0.00281	0.00421	0.01753	0.00771	0.00701
58	0.02728	0.22987	0.02943	0.01939	0.02407	0.42932	0.01573	0.02954	0.02060	0.02007	0.01229	0.01481	0.01071	0.00872	0.00876	0.00218	0.07806	0.00527	0.00401	0.00987
59	0.03727	0.01414	0.01928	0.01478	0.02121	0.01221	0.01221	0.04049	0.02378	0.66198	0.03277	0.02828	0.02056	0.01028	0.00835	0.00257	0.00707	0.00835	0.01028	0.01414
60	0.02028	0.01945	0.03322	0.08740	0.62199	0.01967	0.02536	0.02525	0.01878	0.02680	0.01558	0.02065	0.01304	0.00745	0.00823	0.00248	0.00994	0.00740	0.00409	0.01293
61	0.02888	0.20375	0.02841	0.01965	0.02462	0.51824	0.01560	0.03115	0.02192	0.02014	0.01253	0.01458	0.01069	0.00821	0.00696	0.00205	0.01350	0.00513	0.00410	0.00988
62	0.00982	0.00842	0.00842	0.00842	0.01122	0.00701	0.00631	0.01192	0.01894	0.02244	0.08416	0.07995	0.65285	0.02104	0.00982	0.00281	0.00421	0.01753	0.00771	0.00701
63	0.03103	0.03959	0.02354	0.02140	0.02568	0.67469	0.01605	0.03317	0.02354	0.02033	0.01284	0.01498	0.01070	0.00856	0.00749	0.00214	0.01498	0.00535	0.00428	0.00963
64	0.03322	0.01324	0.01798	0.01409	0.01981	0.01152	0.01152	0.03654	0.02374	0.56210	0.13113	0.03364	0.02975	0.01135	0.00858	0.00258	0.00657	0.00941	0.01010	0.01314
65	0.02221	0.71304	0.04353	0.01421	0.02132	0.03287	0.01421	0.02488	0.01688	0.01955	0.01155	0.01333	0.01066	0.00711	0.00533	0.00178	0.00888	0.00444	0.00355	0.01066
66	0.01012	0.00723	0.00964	0.01157	0.01205	0.00675	0.00771	0.01157	0.01591	0.02121	0.04579	0.70262	0.05495	0.02603	0.01060	0.00337	0.00482	0.02362	0.00771	0.00675
67	0.02056	0.01974	0.03372	0.05099	0.65622	0.01974	0.02550	0.02550	0.01892	0.02714	0.01563	0.02056	0.01316	0.00740	0.00822	0.00247	0.00987	0.00740	0.00411	0.01316
68	0.01569	0.01477	0.02492	0.68808	0.05722	0.01846	0.02307	0.02123	0.01661	0.02123	0.01477	0.02215	0.01107	0.00831	0.00831	0.00277	0.01107	0.00738	0.00369	0.00923
69	0.02221	0.71304	0.04353	0.01421	0.02132	0.03287	0.01421	0.02488	0.01688	0.01955	0.01155	0.01333	0.01066	0.00711	0.00533	0.00178	0.00888	0.00444	0.00355	0.01066
70	0.01029	0.00736	0.00979	0.01145	0.01209	0.00686	0.00772	0.01199	0.01668	0.02244	0.10744	0.63746	0.05733	0.02511	0.01052	0.00330	0.00473	0.02274	0.00786	0.00686
71	0.02022	0.02222	0.04241	0.07864	0.19269	0.05601	0.40920	0.02636	0.01947	0.02607	0.01618	0.02154	0.01254	0.00727	0.00920	0.00268	0.01287	0.00883	0.00415	0.01147
72	0.02056	0.01974	0.03372	0.05099	0.65622	0.01974	0.02550	0.02550	0.01892	0.02714	0.01563	0.02056	0.01316	0.00740	0.00822	0.00247	0.00987	0.00740	0.00411	0.01316
73	0.02056	0.01974	0.03372	0.05099	0.65622	0.01974	0.02550	0.02550	0.01892	0.02714	0.01563	0.02056	0.01316	0.00740	0.00822	0.00247	0.00987	0.00740	0.00411	0.01316
74	0.01041	0.00756	0.00988	0.01163	0.01247	0.00704	0.00812	0.01214	0.01650	0.02167	0.04921	0.58606	0.11028	0.02527	0.01061	0.00336	0.00503	0.07819	0.00771	0.00686
75	0.02831	0.20268	0.02897	0.02126	0.05883	0.48270	0.01612	0.03073	0.02167	0.02051	0.01268	0.01488	0.01082	0.00814	0.00700	0.00207	0.01322	0.00524	0.00409	0.01007
76	0.01038	0.00844	0.00920	0.00901	0.01157	0.00725	0.00676	0.01302	0.02027	0.02561	0.24982	0.07473	0.48521	0.01986	0.00981	0.00275	0.00412	0.01680	0.00813	0.00725
77	0.01012	0.00723	0.00964	0.01157	0.01205	0.00675	0.00771	0.01157	0.01591	0.02121	0.04579	0.70262	0.05495	0.02603	0.01060	0.00337	0.00482	0.02362	0.00771	0.00675
78	0.03158	0.02327	0.02493	0.01911	0.02576	0.02576	0.01579	0.62852	0.03906	0.05236	0.01995	0.01995	0.01413	0.00997	0.00831	0.00249	0.00914	0.00748	0.00831	0.01413
79	0.01996	0.01913	0.03264	0.12901	0.58287	0.01958	0.02520	0.02497	0.01863	0.02642	0.01552	0.02076	0.01290	0.00751	0.00823	0.00250	0.01002	0.00740	0.00406	0.01268
80	0.01936	0.01851	0.03155	0.20801	0.50859	0.01942	0.02490	0.02444	0.01835	0.02568	0.01541	0.02095	0.01265	0.00762	0.00824	0.00254	0.01017	0.00740	0.00401	0.01219
81	0.02066	0.01785	0.01878	0.01691	0.02160	0.02066	0.01315	0.04414	0.64121	0.03475	0.03381	0.03099	0.02536	0.01127	0.00845	0.00282	0.00657	0.00939	0.00845	0.01315
82	0.02221	0.71304	0.04353	0.01421	0.02132	0.03287	0.01421	0.02488	0.01688	0.01955	0.01155	0.01333	0.01066	0.00711	0.00533	0.00178	0.00888	0.00444	0.00355	0.01066
83	0.02056	0.01974	0.03372	0.05099	0.65622	0.01974	0.02550	0.02550	0.01892	0.02714	0.01563	0.02056	0.01316	0.00740	0.00822	0.00247	0.00987	0.00740	0.00411	0.01316
84	0.03727	0.01414	0.01928	0.01478	0.02121	0.01221	0.01221	0.04049	0.02378	0.66198	0.03277	0.02828	0.02056	0.01028	0.00835	0.00257	0.00707	0.00835	0.01028	0.01414
85	0.01006	0.00843	0.00875	0.00867	0.01137	0.00711	0.00650	0.01238	0.01950	0.02378	0.15409	0.07775	0.58208	0.02054	0.00982	0.00278	0.00417	0.01722	0.00789	0.00711
86	0.01029	0.00843	0.00907	0.00891	0.01151	0.00721	0.00668	0.01284	0.02005	0.02509	0.22254	0.07559	0.51282	0.02005	0.00981	0.00276	0.00414	0.01692	0.00806	0.00721
87	0.01738	0.03796	0.51485	0.02644	0.03777	0.01971	0.17582	0.02638	0.01804	0.02638	0.01537	0.01873	0.01103	0.00768	0.00836	0.00267	0.01270	0.00703	0.00368	0.01202
88	0.01012	0.00723	0.00964	0.01157	0.01205	0.00675	0.00771	0.01157	0.01591	0.02121	0.04579	0.70262	0.05495	0.02603	0.01060	0.00337	0.00482	0.02362	0.00771	0.00675
89	0.00992	0.00842	0.00856	0.00853	0.01129	0.00706	0.00639	0.01213	0.01918	0.02303	0.11496	0.07898	0.62168	0.02082	0.00982	0.00279	0.00419	0.01740	0.00779	0.00706
90	0.02056	0.01974	0.03372	0.05099	0.65622	0.01974	0.02550	0.02550	0.01892	0.02714	0.01563	0.02056	0.01316	0.00740	0.00822	0.00247	0.00987	0.00740	0.00411	0.01316
91	0.01664	0.01663	0.03079	0.52888	0.05385	0.01908	0.17005	0.02254	0.01734	0.02254	0.01526	0.02221	0.01145	0.00799	0.00867	0.00278	0.01179	0.00797	0.00382	0.00971
92	0.02056	0.01974	0.03372	0.05099	0.65622	0.01974	0.02550	0.02550	0.01892	0.02714	0.01563	0.02056	0.01316	0.00740	0.00822	0.00247	0.00987	0.00740	0.00411	0.01316
93	0.00982	0.00842	0.00842	0.00842	0.01122	0.00701	0.00631	0.01192	0.01894	0.02244	0.08416	0.07995	0.65285	0.02104	0.00982	0.00281	0.00421	0.01753	0.00771	0.00701
94	0.03103	0.03959	0.02354	0.02140	0.02568	0.67469	0.01605	0.03317	0.02354	0.02033	0.01284	0.01498	0.01070	0.00856	0.00749	0.00214	0.01498	0.00535	0.00428	0.00963
95	0.01771	0.16982	0.54735	0.02189	0.03319	0.02186	0.02757	0.02604	0.01741	0.02503	0.01427	0.01674	0.01055	0.00774	0.00741	0.00247	0.01164	0.00582	0.00352	0.01197
96	0.20130	0.03156	0.02114	0.01861	0.02347	0.41983	0.01438	0.12573	0.02383	0.02934	0.01368	0.01543	0.01085	0.00859	0.00708	0.00230	0.01207	0.00549	0.00512	0.01020
97	0.02184	0.02217	0.03247	0.04737	0.57900	0.09995	0.02434	0.02644	0.01948	0.02631	0.01529	0.01988	0.01286	0.00754	0.00813	0.00243	0.01050	0.00715	0.00413	0.01273
98	0.02998	0.12118	0.02607	0.02040	0.02515	0.56088	0.01581	0.06446	0.02357	0.02197	0.01307	0.01505	0.01088	0.00846	0.00727	0.00211	0.01392	0.00535	0.00441	0.01000
99	0.02240	0.02259	0.02501	0.19125	0.18575	0.18029	0.01928	0.11010	0.02235	0.02714	0.02130	0.02760	0.05391	0.01006	0.00837	0.00257	0.01084	0.04340	0.00508	0.01074
100	0.12478	0.02462	0.18333	0.08509	0.09124	0.01954	0.13488	0.06378	0.09294	0.03016	0.01739	0.02032	0.01309	0.00811	0.00792	0.00258	0.01020	0.00722	0.00491	0.05789

[dist]
# distance from previous block
# <min> <max>
3	15

[block]
# block no. 1 follows, 22 sequences, length 6
# corresponding to MSA columns:
# 174-179
name=unknown_B
#
# <colnr> <probs for GDERKNQSTAVLIFYWHMCP>
#	G	D	E	R	K	N	Q	S	T	A	V	L	I	F	Y	W	H	M	C	P
0	0.05790	0.26596	0.27238	0.02371	0.10416	0.05588	0.06209	0.02598	0.01774	0.02439	0.01370	0.01646	0.01095	0.00753	0.00703	0.00230	0.01078	0.00583	0.00376	0.01147
1	0.06658	0.13826	0.24147	0.02209	0.02999	0.24474	0.09320	0.02836	0.01953	0.02394	0.01373	0.01638	0.01076	0.00789	0.00744	0.00235	0.01255	0.00596	0.00396	0.01081
2	0.02117	0.15323	0.07145	0.02294	0.13231	0.15736	0.04104	0.02514	0.02061	0.05171	0.14911	0.03167	0.02812	0.01075	0.00811	0.00242	0.00960	0.04733	0.00554	0.01037
3	0.09566	0.04014	0.59625	0.02233	0.03386	0.01922	0.02841	0.02611	0.01718	0.02746	0.01456	0.01711	0.01036	0.00787	0.00760	0.00262	0.01166	0.00597	0.00368	0.01193
4	0.02634	0.03065	0.02395	0.02588	0.15559	0.41569	0.01684	0.06792	0.02304	0.02410	0.02242	0.02424	0.08827	0.00990	0.00798	0.00231	0.01224	0.00738	0.00492	0.01035
5	0.02602	0.02513	0.15641	0.01910	0.02638	0.02186	0.01788	0.29452	0.19531	0.09505	0.02374	0.02314	0.01696	0.00991	0.00827	0.00262	0.00893	0.00779	0.00752	0.01348

[dist]
# distance from previous block
# <min> <max>
0	1

[block]
# block no. 2 follows, 22 sequences, length 8
# corresponding to MSA columns:
# 181-188
name=unknown_C
#
# <colnr> <probs for GDERKNQSTAVLIFYWHMCP>
#	G	D	E	R	K	N	Q	S	T	A	V	L	I	F	Y	W	H	M	C	P
0	0.01516	0.01268	0.01407	0.01446	0.01727	0.04629	0.01189	0.02289	0.15575	0.02677	0.07804	0.07172	0.15431	0.01899	0.01021	0.00327	0.00698	0.30267	0.00774	0.00885
1	0.02167	0.01834	0.01935	0.01711	0.02198	0.02113	0.01339	0.09787	0.58586	0.03637	0.03254	0.02998	0.02433	0.01115	0.00844	0.00279	0.00681	0.00922	0.00844	0.01324
2	0.01012	0.00723	0.00964	0.01157	0.01205	0.00675	0.00771	0.01157	0.01591	0.02121	0.04579	0.70262	0.05495	0.02603	0.01060	0.00337	0.00482	0.02362	0.00771	0.00675
3	0.02890	0.20228	0.02837	0.01967	0.02463	0.51964	0.01561	0.03117	0.02193	0.02014	0.01253	0.01458	0.01069	0.00821	0.00697	0.00205	0.01351	0.00513	0.00410	0.00988
4	0.01161	0.00785	0.00920	0.00967	0.00978	0.00774	0.00568	0.01196	0.01300	0.01734	0.03091	0.21097	0.03618	0.54328	0.03463	0.00692	0.00727	0.01487	0.00568	0.00545
5	0.02685	0.26955	0.08516	0.01880	0.02507	0.30759	0.01663	0.11260	0.02290	0.02503	0.01356	0.01532	0.01115	0.00820	0.00689	0.00211	0.01184	0.00540	0.00453	0.01084
6	0.02023	0.02100	0.03659	0.12703	0.36011	0.05655	0.20433	0.02571	0.01908	0.02584	0.01571	0.02101	0.01259	0.00746	0.00867	0.00259	0.01155	0.00800	0.00409	0.01187
7	0.02658	0.02995	0.02658	0.03076	0.23656	0.35613	0.01893	0.06594	0.08119	0.02582	0.01616	0.01865	0.01311	0.00851	0.00787	0.00233	0.01214	0.00654	0.00485	0.01140

[dist]
# distance from previous block
# <min> <max>
0	2

[block]
# block no. 3 follows, 22 sequences, length 22
# corresponding to MSA columns:
# 191-212
name=unknown_D
#
# <colnr> <probs for GDERKNQSTAVLIFYWHMCP>
#	G	D	E	R	K	N	Q	S	T	A	V	L	I	F	Y	W	H	M	C	P
0	0.02284	0.66491	0.04210	0.01473	0.02163	0.07875	0.01435	0.02547	0.01736	0.01960	0.01164	0.01344	0.01066	0.00721	0.00548	0.00180	0.00932	0.00451	0.00361	0.01059
1	0.02530	0.06662	0.05163	0.02518	0.19642	0.01664	0.01687	0.05725	0.02112	0.24949	0.02928	0.03366	0.06953	0.01130	0.00930	0.00266	0.03814	0.06045	0.00699	0.01218
2	0.02827	0.03435	0.02623	0.02921	0.19210	0.50183	0.01854	0.03115	0.02232	0.02213	0.01358	0.01645	0.01135	0.00825	0.00768	0.00223	0.01363	0.00589	0.00424	0.01056
3	0.01174	0.00823	0.01062	0.01088	0.01146	0.00868	0.00724	0.01296	0.01304	0.01790	0.02750	0.13526	0.03033	0.39262	0.25596	0.00924	0.01250	0.01256	0.00520	0.00609
4	0.76672	0.01607	0.01221	0.01092	0.01607	0.01864	0.00900	0.02442	0.01414	0.03727	0.01157	0.01350	0.00900	0.00771	0.00514	0.00257	0.00643	0.00450	0.00514	0.00900
5	0.01796	0.01788	0.02540	0.08044	0.02493	0.02483	0.01861	0.02010	0.01306	0.02010	0.01124	0.01852	0.01092	0.01399	0.02559	0.00356	0.63285	0.00728	0.00364	0.00910
6	0.01077	0.00799	0.01004	0.01051	0.01205	0.00726	0.00751	0.01339	0.01972	0.02661	0.31203	0.31405	0.17504	0.02124	0.01011	0.00294	0.00432	0.01882	0.00833	0.00726
7	0.01012	0.00723	0.00964	0.01157	0.01205	0.00675	0.00771	0.01157	0.01591	0.02121	0.04579	0.70262	0.05495	0.02603	0.01060	0.00337	0.00482	0.02362	0.00771	0.00675
8	0.01635	0.01604	0.02728	0.02225	0.02493	0.01907	0.17137	0.01990	0.01471	0.02144	0.01637	0.02429	0.01477	0.02922	0.24812	0.00680	0.28549	0.00849	0.00406	0.00905
9	0.01922	0.02537	0.15775	0.03599	0.18280	0.02061	0.34837	0.02598	0.01874	0.02636	0.01590	0.02088	0.01227	0.00762	0.00992	0.00273	0.04525	0.00845	0.00403	0.01175
10	0.02771	0.01627	0.01899	0.01600	0.02143	0.01708	0.01275	0.04259	0.37923	0.30089	0.03337	0.02984	0.02332	0.01085	0.00841	0.00271	0.00678	0.00895	0.00923	0.01357
11	0.01079	0.00784	0.01032	0.01207	0.01307	0.00737	0.00879	0.01280	0.01687	0.02210	0.04896	0.51531	0.10878	0.02491	0.01072	0.00342	0.00537	0.14586	0.00770	0.00696
12	0.02595	0.42740	0.03505	0.01726	0.02317	0.30510	0.01499	0.02839	0.01971	0.01988	0.01210	0.01403	0.01068	0.00772	0.00625	0.00193	0.01147	0.00483	0.00386	0.01022
13	0.02056	0.01974	0.03372	0.05099	0.65622	0.01974	0.02550	0.02550	0.01892	0.02714	0.01563	0.02056	0.01316	0.00740	0.00822	0.00247	0.00987	0.00740	0.00411	0.01316
14	0.01041	0.00743	0.00997	0.01190	0.01250	0.00700	0.00821	0.01206	0.01619	0.02153	0.04563	0.64904	0.05432	0.02576	0.01068	0.00341	0.00507	0.07436	0.00771	0.00683
15	0.02221	0.71304	0.04353	0.01421	0.02132	0.03287	0.01421	0.02488	0.01688	0.01955	0.01155	0.01333	0.01066	0.00711	0.00533	0.00178	0.00888	0.00444	0.00355	0.01066
16	0.01710	0.09760	0.01735	0.01311	0.01631	0.16243	0.01024	0.02022	0.02213	0.02728	0.35500	0.04809	0.13285	0.01447	0.00876	0.00243	0.00705	0.01193	0.00719	0.00846
17	0.01339	0.00956	0.01339	0.01530	0.01721	0.00956	0.01339	0.01721	0.01912	0.02486	0.04399	0.09371	0.04781	0.02295	0.01147	0.00382	0.00765	0.60031	0.00765	0.00765
18	0.02221	0.71304	0.04353	0.01421	0.02132	0.03287	0.01421	0.02488	0.01688	0.01955	0.01155	0.01333	0.01066	0.00711	0.00533	0.00178	0.00888	0.00444	0.00355	0.01066
19	0.02031	0.42613	0.23362	0.02141	0.09975	0.02716	0.02060	0.02539	0.01732	0.02251	0.01306	0.01547	0.01091	0.00738	0.00646	0.00212	0.01004	0.00531	0.00360	0.01145
20	0.02813	0.02783	0.17303	0.02017	0.02812	0.02427	0.01924	0.48918	0.03408	0.04633	0.01878	0.01939	0.01329	0.00949	0.00821	0.00253	0.00987	0.00717	0.00720	0.01370
21	0.02438	0.55344	0.03923	0.01535	0.02235	0.03123	0.01458	0.16455	0.02201	0.02714	0.01349	0.01486	0.01146	0.00777	0.00602	0.00194	0.00894	0.00514	0.00465	0.01146

[dist]
# distance from previous block
# <min> <max>
0	1

# created by:
# /home/cegg/simao/soft/augustus-3.2.1/scripts/msa2prfl.pl ./align_prep/14529.fa
