[name]
unknown

[dist]
# distance from previous block
# <min> <max>
0	0

[block]
# block no. 0 follows, 20 sequences, length 108
# corresponding to MSA columns:
# 0-53,55-108
name=unknown_A
#
# <colnr> <probs for GDERKNQSTAVLIFYWHMCP>
#	G	D	E	R	K	N	Q	S	T	A	V	L	I	F	Y	W	H	M	C	P
0	0.01406	0.01004	0.01406	0.01606	0.01807	0.01004	0.01406	0.01807	0.02008	0.02610	0.04618	0.09839	0.05020	0.02410	0.01205	0.00402	0.00803	0.58032	0.00803	0.00803
1	0.01830	0.01736	0.02946	0.45191	0.26640	0.01986	0.02513	0.02388	0.01830	0.02450	0.01583	0.02266	0.01241	0.00838	0.00869	0.00279	0.01118	0.00776	0.00403	0.01116
2	0.01219	0.00916	0.01000	0.00962	0.01257	0.00782	0.00727	0.01486	0.02114	0.05735	0.19964	0.07728	0.48899	0.02063	0.01023	0.00289	0.00451	0.01737	0.00855	0.00792
3	0.01646	0.01621	0.02185	0.45011	0.04523	0.07533	0.01931	0.02103	0.01855	0.02245	0.03119	0.06708	0.13609	0.01228	0.00907	0.00288	0.01027	0.01048	0.00497	0.00915
4	0.01650	0.01139	0.01270	0.01176	0.01323	0.01183	0.00778	0.12660	0.01875	0.02539	0.02857	0.11942	0.03101	0.46147	0.03235	0.00654	0.00812	0.01293	0.03626	0.00742
5	0.04176	0.00891	0.00942	0.00959	0.01161	0.00826	0.00673	0.01378	0.01742	0.02321	0.06043	0.13658	0.34348	0.16805	0.04121	0.00453	0.00613	0.01617	0.06570	0.00704
6	0.01103	0.00886	0.00984	0.00960	0.01223	0.00767	0.00720	0.01392	0.02160	0.02763	0.28296	0.07725	0.43836	0.02057	0.01030	0.00287	0.00431	0.01747	0.00864	0.00767
7	0.01212	0.00874	0.01202	0.01245	0.01338	0.00945	0.00885	0.01409	0.01425	0.01982	0.02974	0.18068	0.03208	0.21949	0.36084	0.01033	0.01558	0.01353	0.00557	0.00699
8	0.01725	0.01109	0.01248	0.01130	0.01511	0.01008	0.00875	0.02235	0.08846	0.14432	0.12205	0.06618	0.40039	0.01841	0.00986	0.00288	0.00524	0.01538	0.00884	0.00958
9	0.01677	0.01212	0.01391	0.01329	0.01526	0.01264	0.00931	0.14342	0.05317	0.02833	0.03472	0.29969	0.03816	0.24331	0.02150	0.00494	0.00726	0.01632	0.00734	0.00853
10	0.01651	0.01018	0.01198	0.01137	0.01486	0.00888	0.00908	0.01931	0.02108	0.14339	0.09286	0.07516	0.40133	0.02009	0.01030	0.00306	0.00557	0.10741	0.00866	0.00894
11	0.02490	0.01637	0.01881	0.01637	0.02097	0.01734	0.01275	0.17448	0.20077	0.15531	0.03512	0.20597	0.03114	0.01548	0.00943	0.00298	0.00717	0.01319	0.00900	0.01245
12	0.01788	0.01134	0.01405	0.01378	0.01658	0.01122	0.01038	0.02469	0.13653	0.12896	0.11063	0.30692	0.07792	0.02004	0.01024	0.00321	0.00590	0.06101	0.00885	0.00987
13	0.01113	0.00780	0.00997	0.01150	0.01188	0.00742	0.00741	0.01228	0.01572	0.02096	0.04303	0.53322	0.05133	0.19055	0.01928	0.00475	0.00589	0.02183	0.00741	0.00664
14	0.02321	0.01578	0.01671	0.01404	0.01811	0.01712	0.01098	0.26172	0.08263	0.04014	0.02593	0.03077	0.02082	0.09271	0.01203	0.00313	0.00711	0.00873	0.28731	0.01104
15	0.01228	0.00846	0.01084	0.01088	0.01246	0.00794	0.00785	0.01354	0.01820	0.02413	0.20732	0.12745	0.21330	0.02753	0.07601	0.18610	0.00693	0.01492	0.00713	0.00673
16	0.02658	0.02816	0.03078	0.03934	0.36464	0.23632	0.02229	0.09441	0.02385	0.02904	0.01593	0.01954	0.01306	0.00848	0.00839	0.00248	0.01209	0.00706	0.00487	0.01268
17	0.02499	0.01942	0.02357	0.19430	0.03342	0.02149	0.01681	0.33066	0.02938	0.03947	0.01970	0.02533	0.01567	0.08566	0.01249	0.00322	0.00973	0.00812	0.00671	0.07986
18	0.01681	0.01096	0.01261	0.01160	0.01520	0.01007	0.00905	0.02201	0.08609	0.12969	0.15939	0.06718	0.35034	0.01854	0.00999	0.00293	0.00531	0.04387	0.00887	0.00946
19	0.01221	0.00826	0.00966	0.01013	0.01024	0.00814	0.00594	0.01256	0.01362	0.01816	0.03228	0.20389	0.03776	0.53839	0.03665	0.00731	0.00767	0.01550	0.00594	0.00570
20	0.03484	0.02173	0.02451	0.01879	0.02570	0.02304	0.01552	0.45017	0.03649	0.22113	0.02474	0.02341	0.01674	0.01056	0.00874	0.00264	0.00899	0.00811	0.00931	0.01484
21	0.01213	0.00917	0.01269	0.01269	0.01432	0.01006	0.00961	0.01477	0.01485	0.02045	0.03459	0.04489	0.12482	0.12334	0.48738	0.01160	0.01867	0.01120	0.00531	0.00746
22	0.01785	0.01691	0.02866	0.50545	0.21632	0.01974	0.02491	0.02350	0.01809	0.02396	0.01575	0.02281	0.01222	0.00846	0.00870	0.00282	0.01129	0.00776	0.00400	0.01080
23	0.21580	0.01587	0.02256	0.49409	0.04842	0.01943	0.02024	0.02319	0.01674	0.02683	0.01460	0.02080	0.01104	0.00855	0.00782	0.00285	0.01031	0.00693	0.00429	0.00962
24	0.01053	0.00798	0.00972	0.01111	0.01238	0.00717	0.00764	0.01226	0.01770	0.02267	0.06070	0.49860	0.23870	0.02569	0.01088	0.00336	0.00486	0.02280	0.00810	0.00717
25	0.02122	0.02161	0.04008	0.04385	0.35599	0.02132	0.24690	0.02902	0.07577	0.02902	0.01864	0.02334	0.01478	0.00799	0.00929	0.00276	0.01170	0.00893	0.00477	0.01303
26	0.02388	0.44257	0.04059	0.02619	0.18931	0.10025	0.01834	0.02726	0.01908	0.02277	0.01343	0.01624	0.01191	0.00772	0.00667	0.00210	0.01032	0.00561	0.00397	0.01178
27	0.01297	0.01012	0.01123	0.01129	0.01380	0.00945	0.00827	0.07890	0.02108	0.02659	0.06627	0.29555	0.35720	0.02269	0.01043	0.00313	0.00523	0.01955	0.00817	0.00809
28	0.03067	0.03813	0.02594	0.02572	0.09020	0.55630	0.01801	0.03321	0.02357	0.02207	0.01367	0.01653	0.01152	0.00922	0.00913	0.00237	0.05289	0.00596	0.00444	0.01046
29	0.02662	0.03204	0.05971	0.02449	0.09294	0.36351	0.04890	0.08285	0.02439	0.02626	0.02607	0.02765	0.10562	0.01083	0.00855	0.00249	0.01267	0.00827	0.00536	0.01078
30	0.01138	0.00853	0.01074	0.01221	0.01375	0.00788	0.00916	0.01370	0.01839	0.02356	0.05849	0.38039	0.21179	0.02512	0.01114	0.00350	0.00562	0.15920	0.00808	0.00739
31	0.02412	0.19534	0.10417	0.02705	0.11612	0.19699	0.08904	0.02836	0.01983	0.02360	0.01407	0.01774	0.01183	0.00889	0.01011	0.00252	0.08822	0.00656	0.00411	0.01134
32	0.47881	0.01530	0.01293	0.01152	0.01638	0.01682	0.00931	0.07581	0.01868	0.03621	0.03442	0.03444	0.18622	0.01226	0.00709	0.00276	0.00635	0.00887	0.00647	0.00936
33	0.01043	0.00835	0.00934	0.01014	0.01212	0.00725	0.00720	0.01237	0.01863	0.02305	0.07254	0.32119	0.40847	0.02415	0.01063	0.00318	0.00467	0.02092	0.00810	0.00725
34	0.02402	0.02152	0.03349	0.02437	0.03228	0.02070	0.23999	0.21867	0.02662	0.03702	0.01812	0.02111	0.01367	0.00813	0.00867	0.00236	0.01064	0.00801	0.00606	0.22455
35	0.02086	0.02277	0.04714	0.04129	0.20574	0.02170	0.45067	0.02763	0.02039	0.02809	0.01731	0.02301	0.01339	0.00747	0.00985	0.00285	0.01353	0.00961	0.00439	0.01232
36	0.37694	0.01475	0.01375	0.01210	0.01643	0.01622	0.00969	0.09981	0.02135	0.03937	0.18306	0.03087	0.03126	0.01127	0.00724	0.00263	0.00612	0.00850	0.08896	0.00968
37	0.01194	0.00814	0.00973	0.01047	0.01065	0.00796	0.00630	0.01249	0.01414	0.01885	0.03494	0.28542	0.04112	0.45227	0.03235	0.00668	0.00723	0.01707	0.00630	0.00594
38	0.02546	0.02409	0.03056	0.10972	0.33542	0.11506	0.02254	0.17034	0.02548	0.03325	0.01699	0.02076	0.01345	0.00872	0.00855	0.00258	0.01110	0.00748	0.00537	0.01307
39	0.02114	0.07525	0.09619	0.02462	0.17441	0.01679	0.01743	0.02592	0.01913	0.08164	0.01712	0.01967	0.01355	0.00745	0.00733	0.00195	0.00846	0.00623	0.00517	0.36056
40	0.02219	0.02019	0.01780	0.01532	0.01977	0.13954	0.01198	0.20950	0.02815	0.03451	0.11300	0.04841	0.25363	0.01535	0.00933	0.00268	0.00824	0.01225	0.00777	0.01039
41	0.02456	0.02635	0.03252	0.04516	0.47385	0.19282	0.02409	0.02895	0.02117	0.02657	0.01562	0.02001	0.01312	0.00810	0.00843	0.00250	0.01181	0.00719	0.00437	0.01282
42	0.01965	0.02053	0.03899	0.02785	0.03628	0.01816	0.38421	0.02571	0.01965	0.02812	0.01685	0.02150	0.01312	0.00702	0.00886	0.00232	0.01162	0.00838	0.00469	0.28648
43	0.01876	0.01573	0.01683	0.01552	0.01978	0.01728	0.01223	0.06679	0.38016	0.03328	0.04875	0.05132	0.17760	0.01554	0.00955	0.00305	0.00656	0.07100	0.00859	0.01169
44	0.03125	0.03454	0.02525	0.08175	0.03004	0.42912	0.01746	0.18888	0.02845	0.03051	0.01568	0.01783	0.01224	0.00936	0.00818	0.00241	0.01370	0.00642	0.00558	0.01135
45	0.01268	0.00846	0.00951	0.00951	0.00951	0.00846	0.00529	0.01268	0.01268	0.01691	0.02748	0.05708	0.03171	0.69345	0.04440	0.00846	0.00846	0.01268	0.00529	0.00529
46	0.01922	0.01949	0.02900	0.02418	0.02499	0.02629	0.07331	0.02163	0.01403	0.02163	0.01202	0.01949	0.01161	0.01454	0.02694	0.00374	0.61638	0.00788	0.00387	0.00975
47	0.01865	0.03705	0.42520	0.02931	0.04068	0.02093	0.24719	0.02774	0.01923	0.02774	0.01640	0.02033	0.01187	0.00794	0.00904	0.00283	0.01357	0.00788	0.00396	0.01247
48	0.01127	0.00881	0.01146	0.07231	0.01708	0.00846	0.00950	0.01351	0.01785	0.02285	0.05631	0.42374	0.21572	0.02396	0.01073	0.00334	0.00565	0.05229	0.00771	0.00746
49	0.01707	0.01658	0.02896	0.56605	0.05638	0.02009	0.08761	0.02283	0.01755	0.02283	0.01551	0.02305	0.01179	0.00894	0.01003	0.00296	0.04991	0.00802	0.00393	0.00991
50	0.03371	0.02355	0.02563	0.01965	0.02661	0.02574	0.01623	0.55764	0.03953	0.10937	0.02218	0.02175	0.01546	0.01050	0.00873	0.00263	0.00940	0.00794	0.00892	0.01484
51	0.02066	0.02222	0.02586	0.45332	0.04854	0.17664	0.02194	0.02524	0.01885	0.02194	0.01464	0.02103	0.01152	0.00939	0.01035	0.00283	0.07402	0.00722	0.00402	0.00978
52	0.03166	0.01621	0.01952	0.01539	0.02142	0.01555	0.01257	0.18954	0.02826	0.35933	0.04176	0.03837	0.14471	0.01301	0.00907	0.00273	0.00740	0.01049	0.00969	0.01332
53	0.02210	0.02528	0.08807	0.10424	0.30574	0.11290	0.05389	0.02950	0.08707	0.02724	0.01777	0.02182	0.01424	0.00889	0.00959	0.00271	0.04407	0.00769	0.00473	0.01245
54	0.02793	0.05447	0.02627	0.02613	0.17398	0.05340	0.01724	0.21559	0.02789	0.15224	0.07821	0.02689	0.02207	0.01317	0.04233	0.00317	0.00989	0.00854	0.00743	0.01318
55	0.05805	0.26109	0.02947	0.01600	0.02260	0.02390	0.01397	0.08638	0.14514	0.22204	0.02460	0.02327	0.01782	0.00968	0.00752	0.00245	0.00816	0.00728	0.00748	0.01311
56	0.10602	0.01911	0.03118	0.03043	0.17893	0.01901	0.17650	0.03210	0.09832	0.15023	0.02373	0.02815	0.01817	0.00963	0.00895	0.00284	0.01000	0.03750	0.00650	0.01268
57	0.02326	0.06467	0.17804	0.02161	0.05964	0.12356	0.04865	0.03085	0.08747	0.08436	0.01915	0.02070	0.01448	0.00849	0.00788	0.00231	0.01047	0.00678	0.00547	0.18218
58	0.02536	0.26080	0.09209	0.02758	0.17638	0.19374	0.02003	0.06198	0.02148	0.02531	0.01436	0.01712	0.01204	0.00819	0.00737	0.00227	0.01161	0.00602	0.00436	0.01192
59	0.02803	0.02621	0.06155	0.02599	0.08639	0.19016	0.15327	0.03258	0.02232	0.17747	0.02018	0.02189	0.01465	0.00862	0.00858	0.00247	0.01179	0.00766	0.00604	0.09415
60	0.01180	0.00853	0.01190	0.01343	0.01451	0.00864	0.01003	0.01423	0.01675	0.02258	0.04162	0.40403	0.04733	0.03598	0.17005	0.00621	0.01017	0.13751	0.00724	0.00746
61	0.02900	0.03111	0.02473	0.02377	0.08236	0.33529	0.01697	0.13559	0.17373	0.03149	0.02043	0.02128	0.01586	0.00983	0.00833	0.00252	0.01202	0.00724	0.00628	0.01217
62	0.01147	0.00899	0.01098	0.01077	0.01310	0.00850	0.00817	0.01449	0.01993	0.02629	0.24150	0.06596	0.31385	0.03139	0.16922	0.00560	0.00897	0.01537	0.00773	0.00774
63	0.02381	0.28658	0.25493	0.02024	0.02911	0.12907	0.02158	0.09163	0.02163	0.02694	0.01456	0.01661	0.01155	0.00833	0.00726	0.00233	0.01166	0.00580	0.00438	0.01202
64	0.01097	0.00886	0.00976	0.00953	0.01219	0.00765	0.00715	0.01380	0.02145	0.02729	0.26641	0.07782	0.45512	0.02070	0.01030	0.00288	0.00432	0.01755	0.00859	0.00765
65	0.54876	0.01903	0.01664	0.01393	0.01978	0.02171	0.01149	0.19262	0.02232	0.04366	0.01466	0.01611	0.01099	0.00878	0.00635	0.00268	0.00756	0.00562	0.00635	0.01099
66	0.02189	0.53855	0.19335	0.01736	0.02615	0.03102	0.01917	0.02649	0.01789	0.02226	0.01299	0.01508	0.01116	0.00766	0.00626	0.00209	0.01020	0.00510	0.00372	0.01161
67	0.01515	0.00758	0.01136	0.01136	0.01136	0.00758	0.00758	0.01136	0.01136	0.01515	0.01515	0.02652	0.01515	0.03030	0.03409	0.74621	0.00758	0.00758	0.00379	0.00379
68	0.01913	0.01590	0.01687	0.01530	0.01956	0.01742	0.01182	0.09627	0.35611	0.03402	0.04803	0.10428	0.17740	0.01563	0.00942	0.00297	0.00642	0.01311	0.00860	0.01172
69	0.01031	0.00884	0.00884	0.00884	0.01178	0.00736	0.00663	0.01252	0.01988	0.02356	0.08837	0.08395	0.63549	0.02209	0.01031	0.00295	0.00442	0.01841	0.00810	0.00736
70	0.01893	0.01926	0.01857	0.01786	0.02009	0.17688	0.01432	0.02180	0.01841	0.02226	0.02796	0.04542	0.05728	0.03033	0.19580	0.00629	0.12582	0.14851	0.00549	0.00871
71	0.01031	0.00884	0.00884	0.00884	0.01178	0.00736	0.00663	0.01252	0.01988	0.02356	0.08837	0.08395	0.63549	0.02209	0.01031	0.00295	0.00442	0.01841	0.00810	0.00736
72	0.02691	0.02418	0.02133	0.01877	0.02391	0.17699	0.01458	0.07157	0.37985	0.10220	0.02925	0.02752	0.02169	0.01095	0.00861	0.00274	0.00926	0.00860	0.00801	0.01307
73	0.01675	0.01502	0.02025	0.01721	0.01998	0.01738	0.01398	0.01961	0.01496	0.02296	0.01632	0.02347	0.01508	0.02813	0.21646	0.00622	0.27741	0.00743	0.00448	0.22690
74	0.02034	0.01945	0.03314	0.20520	0.49717	0.02040	0.02615	0.02567	0.01927	0.02698	0.01619	0.02200	0.01328	0.00800	0.00866	0.00267	0.01067	0.00777	0.00421	0.01281
75	0.02636	0.13563	0.02519	0.01803	0.02338	0.21399	0.01450	0.09903	0.19350	0.06173	0.02828	0.02777	0.07405	0.01101	0.00815	0.00251	0.01005	0.00825	0.00673	0.01185
76	0.02307	0.01627	0.02071	0.01507	0.02265	0.01322	0.04316	0.05677	0.02074	0.14887	0.01955	0.02077	0.01471	0.00755	0.00723	0.00172	0.00725	0.00628	0.00640	0.52800
77	0.02201	0.01995	0.02518	0.03015	0.23995	0.09016	0.01830	0.13812	0.02258	0.03010	0.01932	0.02509	0.01643	0.02791	0.22819	0.00642	0.01521	0.00808	0.00532	0.01156
78	0.02207	0.02139	0.01946	0.01772	0.02145	0.17693	0.01374	0.09481	0.16902	0.02841	0.02360	0.02772	0.01957	0.03203	0.26400	0.00709	0.01588	0.00837	0.00611	0.01064
79	0.02928	0.03606	0.02521	0.02258	0.02597	0.50364	0.01740	0.03144	0.02194	0.02126	0.01299	0.01655	0.01129	0.01053	0.01295	0.00263	0.17788	0.00611	0.00433	0.00997
80	0.02226	0.01923	0.02351	0.02496	0.15593	0.02044	0.01634	0.09518	0.33895	0.03536	0.02676	0.02673	0.02051	0.00997	0.00843	0.00258	0.00785	0.00847	0.00729	0.12923
81	0.19822	0.03820	0.49255	0.02158	0.03264	0.02009	0.02665	0.02714	0.01754	0.03045	0.01479	0.01738	0.01066	0.00824	0.00758	0.00275	0.01139	0.00602	0.00410	0.01205
82	0.02159	0.02073	0.03541	0.05354	0.63903	0.02073	0.02677	0.02677	0.01986	0.02850	0.01641	0.02159	0.01382	0.00777	0.00864	0.00259	0.01036	0.00777	0.00432	0.01382
83	0.01031	0.00884	0.00884	0.00884	0.01178	0.00736	0.00663	0.01252	0.01988	0.02356	0.08837	0.08395	0.63549	0.02209	0.01031	0.00295	0.00442	0.01841	0.00810	0.00736
84	0.02034	0.01945	0.03314	0.20520	0.49717	0.02040	0.02615	0.02567	0.01927	0.02698	0.01619	0.02200	0.01328	0.00800	0.00866	0.00267	0.01067	0.00777	0.00421	0.01281
85	0.07285	0.02361	0.02407	0.01913	0.02557	0.06018	0.01558	0.43132	0.12532	0.07924	0.02290	0.02245	0.01644	0.01047	0.00851	0.00266	0.00926	0.00790	0.00843	0.01411
86	0.01051	0.00855	0.00915	0.00958	0.01184	0.00736	0.00687	0.01245	0.01880	0.02292	0.07635	0.21186	0.47812	0.06051	0.01238	0.00338	0.00478	0.01946	0.00794	0.00719
87	0.01348	0.08050	0.16977	0.01552	0.01970	0.01284	0.01464	0.01723	0.01722	0.02342	0.03682	0.46163	0.04198	0.02083	0.00993	0.00320	0.00737	0.01844	0.00661	0.00889
88	0.01031	0.00884	0.00884	0.00884	0.01178	0.00736	0.00663	0.01252	0.01988	0.02356	0.08837	0.08395	0.63549	0.02209	0.01031	0.00295	0.00442	0.01841	0.00810	0.00736
89	0.01246	0.00935	0.01402	0.01402	0.01558	0.01090	0.01090	0.01558	0.01402	0.02025	0.02336	0.03427	0.02181	0.06542	0.65888	0.01402	0.02336	0.00935	0.00467	0.00779
90	0.03316	0.02443	0.02618	0.02007	0.02705	0.02705	0.01658	0.60995	0.04101	0.05497	0.02094	0.02094	0.01483	0.01047	0.00873	0.00262	0.00960	0.00785	0.00873	0.01483
91	0.01406	0.01004	0.01406	0.01606	0.01807	0.01004	0.01406	0.01807	0.02008	0.02610	0.04618	0.09839	0.05020	0.02410	0.01205	0.00402	0.00803	0.58032	0.00803	0.00803
92	0.02170	0.01874	0.01972	0.01775	0.02268	0.02170	0.01381	0.04635	0.62327	0.03649	0.03550	0.03254	0.02663	0.01183	0.00888	0.00296	0.00690	0.00986	0.00888	0.01381
93	0.01257	0.00892	0.01189	0.01189	0.01271	0.00975	0.00824	0.01421	0.01339	0.01867	0.02531	0.04507	0.02650	0.36272	0.36799	0.01139	0.01631	0.01093	0.00496	0.00660
94	0.01809	0.01550	0.01809	0.01292	0.02067	0.01163	0.01034	0.02196	0.01809	0.02842	0.01550	0.01809	0.01292	0.00646	0.00646	0.00129	0.00646	0.00517	0.00517	0.74677
95	0.01440	0.01197	0.01324	0.01303	0.01424	0.06963	0.00924	0.01622	0.01448	0.01904	0.02407	0.04152	0.02472	0.30697	0.35743	0.01075	0.01680	0.01031	0.00490	0.00702
96	0.02253	0.02556	0.17995	0.03331	0.26850	0.01999	0.02331	0.03365	0.17265	0.09763	0.02302	0.02447	0.01723	0.00926	0.00863	0.00274	0.00979	0.00808	0.00602	0.01370
97	0.01825	0.03983	0.50202	0.02778	0.03967	0.02070	0.17315	0.02770	0.01895	0.02770	0.01614	0.01967	0.01159	0.00806	0.00878	0.00281	0.01334	0.00739	0.00386	0.01262
98	0.01063	0.00759	0.01012	0.01215	0.01265	0.00709	0.00810	0.01215	0.01670	0.02227	0.04808	0.68775	0.05769	0.02733	0.01113	0.00354	0.00506	0.02480	0.00810	0.00709
99	0.01874	0.18426	0.51998	0.02275	0.03448	0.02329	0.02854	0.02730	0.01827	0.02611	0.01490	0.01747	0.01108	0.00811	0.00771	0.00257	0.01213	0.00607	0.00369	0.01253
100	0.01623	0.03625	0.49226	0.02146	0.03170	0.01731	0.02635	0.02489	0.01995	0.02943	0.16728	0.02987	0.02851	0.01063	0.00878	0.00276	0.01074	0.00873	0.00513	0.01175
101	0.01268	0.00846	0.00951	0.00951	0.00951	0.00846	0.00529	0.01268	0.01268	0.01691	0.02748	0.05708	0.03171	0.69345	0.04440	0.00846	0.00846	0.01268	0.00529	0.00529
102	0.02159	0.02073	0.03541	0.05354	0.63903	0.02073	0.02677	0.02677	0.01986	0.02850	0.01641	0.02159	0.01382	0.00777	0.00864	0.00259	0.01036	0.00777	0.00432	0.01382
103	0.01814	0.11788	0.58117	0.02376	0.03604	0.02185	0.03030	0.02746	0.01834	0.02683	0.01526	0.01792	0.01107	0.00820	0.00799	0.00266	0.01249	0.00625	0.00369	0.01270
104	0.01470	0.01213	0.01926	0.02370	0.16834	0.01331	0.01479	0.01832	0.01545	0.02227	0.02166	0.03116	0.01985	0.05129	0.49955	0.01122	0.02018	0.00896	0.00459	0.00927
105	0.01063	0.00759	0.01012	0.01215	0.01265	0.00709	0.00810	0.01215	0.01670	0.02227	0.04808	0.68775	0.05769	0.02733	0.01113	0.00354	0.00506	0.02480	0.00810	0.00709
106	0.01468	0.01138	0.01591	0.02054	0.16406	0.01134	0.01081	0.01609	0.01481	0.02025	0.02667	0.10652	0.02972	0.46403	0.03257	0.00657	0.00861	0.01260	0.00531	0.00754
107	0.16224	0.03813	0.49320	0.05378	0.03474	0.02008	0.02737	0.02697	0.01767	0.02962	0.01496	0.01782	0.01076	0.00827	0.00774	0.00276	0.01162	0.00617	0.00403	0.01206

[dist]
# distance from previous block
# <min> <max>
0	1

# created by:
# /home/cegg/simao/soft/augustus-3.2.1/scripts/msa2prfl.pl ./align_prep/14539.fa
