[name]
unknown

[dist]
# distance from previous block
# <min> <max>
0	3

[block]
# block no. 0 follows, 20 sequences, length 143
# corresponding to MSA columns:
# 89-231
name=unknown_A
#
# <colnr> <probs for GDERKNQSTAVLIFYWHMCP>
#	G	D	E	R	K	N	Q	S	T	A	V	L	I	F	Y	W	H	M	C	P
0	0.01406	0.01004	0.01406	0.01606	0.01807	0.01004	0.01406	0.01807	0.02008	0.02610	0.04618	0.09839	0.05020	0.02410	0.01205	0.00402	0.00803	0.58032	0.00803	0.00803
1	0.02672	0.17939	0.03184	0.02786	0.19190	0.15597	0.01846	0.16738	0.02535	0.03176	0.01658	0.01910	0.01340	0.00873	0.00767	0.00233	0.01070	0.00666	0.04579	0.01239
2	0.02104	0.01243	0.01501	0.01287	0.01693	0.01176	0.01013	0.08463	0.05452	0.18371	0.27260	0.05456	0.18205	0.01602	0.00969	0.00278	0.00569	0.01355	0.00943	0.01061
3	0.01840	0.01762	0.02696	0.25059	0.23397	0.04682	0.02173	0.02292	0.01746	0.02374	0.01667	0.02391	0.01415	0.01945	0.12877	0.00489	0.08914	0.00794	0.00418	0.01068
4	0.02009	0.04950	0.03299	0.15580	0.32721	0.02259	0.05584	0.02461	0.01782	0.02520	0.01494	0.02106	0.01271	0.00970	0.01338	0.00293	0.16997	0.00774	0.00410	0.01182
5	0.01246	0.00811	0.01128	0.01230	0.01309	0.00790	0.00874	0.01330	0.01650	0.02231	0.11313	0.33733	0.04680	0.02911	0.06042	0.19509	0.00710	0.07157	0.00695	0.00652
6	0.01038	0.00856	0.00912	0.00956	0.01197	0.00730	0.00695	0.01244	0.01919	0.02328	0.07955	0.21611	0.50902	0.02324	0.01049	0.00308	0.00456	0.01981	0.00810	0.00730
7	0.10989	0.02502	0.02652	0.03003	0.22311	0.15760	0.01874	0.19254	0.02592	0.03512	0.01705	0.02017	0.01359	0.01269	0.05171	0.00330	0.01175	0.00710	0.00575	0.01241
8	0.02139	0.02191	0.06521	0.05215	0.60979	0.02070	0.02704	0.02681	0.01979	0.02845	0.01637	0.02143	0.01368	0.00780	0.00862	0.00260	0.01049	0.00771	0.00429	0.01377
9	0.01217	0.00912	0.01016	0.00976	0.01261	0.00786	0.00737	0.01499	0.02152	0.05407	0.24659	0.07605	0.44601	0.02035	0.01024	0.00288	0.00446	0.01721	0.00866	0.00795
10	0.05241	0.01137	0.01492	0.01408	0.01586	0.01337	0.01098	0.04964	0.01585	0.02443	0.02186	0.03146	0.01994	0.07898	0.37026	0.04211	0.09196	0.00878	0.10355	0.00819
11	0.03147	0.03512	0.02628	0.02543	0.09649	0.43567	0.01791	0.17085	0.02805	0.03017	0.01559	0.01764	0.01239	0.00920	0.00816	0.00237	0.01366	0.00639	0.00548	0.01166
12	0.03124	0.02279	0.02441	0.01892	0.02529	0.02514	0.01547	0.54932	0.03839	0.05185	0.02166	0.02344	0.01610	0.04694	0.01050	0.00290	0.00927	0.00813	0.04425	0.01400
13	0.02694	0.03225	0.02545	0.09641	0.02958	0.40720	0.01832	0.02949	0.02068	0.02135	0.01314	0.01753	0.01134	0.01073	0.01383	0.00277	0.20241	0.00643	0.00423	0.00990
14	0.01256	0.01147	0.01343	0.01245	0.01464	0.01234	0.00983	0.01470	0.01821	0.02290	0.06859	0.06727	0.47508	0.02034	0.01502	0.00317	0.17743	0.01564	0.00700	0.00792
15	0.01542	0.01212	0.01336	0.01283	0.01584	0.01222	0.00968	0.09762	0.10956	0.02916	0.05699	0.20883	0.26784	0.05308	0.01183	0.00337	0.00601	0.04691	0.00816	0.00917
16	0.02540	0.02875	0.02884	0.03308	0.23264	0.28067	0.02078	0.02855	0.02016	0.02367	0.01395	0.01857	0.01216	0.01019	0.01346	0.00277	0.18402	0.00686	0.00426	0.01122
17	0.03145	0.02342	0.02526	0.01926	0.02633	0.02530	0.01587	0.54317	0.03841	0.05196	0.02032	0.02062	0.01462	0.01002	0.00847	0.00247	0.00924	0.00755	0.00832	0.09795
18	0.01148	0.00803	0.00979	0.01084	0.01127	0.00768	0.00682	0.01240	0.01519	0.02008	0.04176	0.38494	0.08108	0.30891	0.02516	0.00559	0.00646	0.01929	0.00691	0.00634
19	0.01130	0.00951	0.00989	0.00968	0.01265	0.00842	0.00729	0.01523	0.06087	0.02573	0.14684	0.07837	0.53187	0.02092	0.01021	0.00292	0.00455	0.01754	0.00832	0.00789
20	0.03316	0.02443	0.02618	0.02007	0.02705	0.02705	0.01658	0.60995	0.04101	0.05497	0.02094	0.02094	0.01483	0.01047	0.00873	0.00262	0.00960	0.00785	0.00873	0.01483
21	0.03316	0.02443	0.02618	0.02007	0.02705	0.02705	0.01658	0.60995	0.04101	0.05497	0.02094	0.02094	0.01483	0.01047	0.00873	0.00262	0.00960	0.00785	0.00873	0.01483
22	0.01286	0.01036	0.01171	0.01221	0.01448	0.01026	0.00881	0.01949	0.14582	0.02571	0.05902	0.34559	0.24620	0.02229	0.01038	0.00322	0.00523	0.01949	0.00826	0.00860
23	0.02854	0.01919	0.02061	0.01635	0.02188	0.02080	0.01333	0.40881	0.03356	0.07877	0.02383	0.02477	0.01738	0.01040	0.00796	0.00245	0.00787	0.00798	0.22265	0.01288
24	0.75506	0.01687	0.01282	0.01147	0.01687	0.01957	0.00945	0.02564	0.01484	0.03914	0.01215	0.01417	0.00945	0.00810	0.00540	0.00270	0.00675	0.00472	0.00540	0.00945
25	0.02231	0.01904	0.02007	0.01788	0.02292	0.02198	0.01395	0.07639	0.59224	0.03747	0.03473	0.03193	0.02600	0.01176	0.00887	0.00294	0.00705	0.00975	0.00887	0.01386
26	0.01063	0.00759	0.01012	0.01215	0.01265	0.00709	0.00810	0.01215	0.01670	0.02227	0.04808	0.68775	0.05769	0.02733	0.01113	0.00354	0.00506	0.02480	0.00810	0.00709
27	0.03914	0.01484	0.02024	0.01552	0.02227	0.01282	0.01282	0.04251	0.02497	0.64507	0.03441	0.02969	0.02159	0.01080	0.00877	0.00270	0.00742	0.00877	0.01080	0.01484
28	0.03316	0.02443	0.02618	0.02007	0.02705	0.02705	0.01658	0.60995	0.04101	0.05497	0.02094	0.02094	0.01483	0.01047	0.00873	0.00262	0.00960	0.00785	0.00873	0.01483
29	0.01836	0.01025	0.01359	0.01200	0.01511	0.00926	0.00926	0.02231	0.02475	0.17203	0.49965	0.05719	0.06867	0.01625	0.00995	0.00273	0.00486	0.01420	0.00987	0.00972
30	0.01268	0.00846	0.00951	0.00951	0.00951	0.00846	0.00529	0.01268	0.01268	0.01691	0.02748	0.05708	0.03171	0.69345	0.04440	0.00846	0.00846	0.01268	0.00529	0.00529
31	0.01268	0.00846	0.00951	0.00951	0.00951	0.00846	0.00529	0.01268	0.01268	0.01691	0.02748	0.05708	0.03171	0.69345	0.04440	0.00846	0.00846	0.01268	0.00529	0.00529
32	0.02159	0.02073	0.03541	0.05354	0.63903	0.02073	0.02677	0.02677	0.01986	0.02850	0.01641	0.02159	0.01382	0.00777	0.00864	0.00259	0.01036	0.00777	0.00432	0.01382
33	0.02159	0.02073	0.03541	0.05354	0.63903	0.02073	0.02677	0.02677	0.01986	0.02850	0.01641	0.02159	0.01382	0.00777	0.00864	0.00259	0.01036	0.00777	0.00432	0.01382
34	0.03760	0.01731	0.02177	0.01669	0.02350	0.01648	0.01379	0.18837	0.02909	0.49339	0.03095	0.02744	0.01986	0.01071	0.00876	0.00268	0.00798	0.00854	0.01026	0.01484
35	0.02863	0.02102	0.02284	0.01830	0.02392	0.02302	0.01469	0.48705	0.03580	0.04796	0.02543	0.12466	0.02227	0.04922	0.01098	0.00307	0.00885	0.01070	0.00845	0.01315
36	0.02332	0.69869	0.04571	0.01493	0.02239	0.03451	0.01493	0.02612	0.01772	0.02052	0.01213	0.01399	0.01119	0.00746	0.00560	0.00187	0.00933	0.00466	0.00373	0.01119
37	0.01152	0.00868	0.00990	0.00984	0.01161	0.00787	0.00683	0.01365	0.01918	0.02500	0.22445	0.11219	0.28512	0.19381	0.01912	0.00435	0.00541	0.01662	0.00780	0.00706
38	0.03316	0.02443	0.02618	0.02007	0.02705	0.02705	0.01658	0.60995	0.04101	0.05497	0.02094	0.02094	0.01483	0.01047	0.00873	0.00262	0.00960	0.00785	0.00873	0.01483
39	0.01367	0.01131	0.01176	0.01125	0.01417	0.01125	0.00823	0.02125	0.17369	0.02569	0.06378	0.06588	0.36995	0.14069	0.01610	0.00394	0.00579	0.01518	0.00779	0.00864
40	0.01199	0.00817	0.00972	0.01040	0.01057	0.00800	0.00623	0.01250	0.01403	0.01871	0.03440	0.26888	0.04044	0.46974	0.03323	0.00681	0.00732	0.01675	0.00623	0.00589
41	0.01759	0.01601	0.02442	0.12508	0.27467	0.01688	0.01890	0.05054	0.01971	0.02653	0.03534	0.03881	0.17393	0.01720	0.06730	0.00380	0.04636	0.01064	0.00545	0.01085
42	0.02194	0.02235	0.02394	0.02173	0.05378	0.16873	0.09042	0.03268	0.21982	0.02792	0.02427	0.02726	0.01946	0.02123	0.14111	0.00498	0.01335	0.00862	0.04526	0.01115
43	0.03093	0.17070	0.02909	0.02152	0.05527	0.39208	0.01647	0.06512	0.02398	0.09421	0.01614	0.01753	0.01273	0.00890	0.00759	0.00226	0.01288	0.00601	0.00528	0.01131
44	0.01681	0.01266	0.01539	0.01544	0.04795	0.01317	0.01077	0.14684	0.02165	0.02886	0.03890	0.19713	0.12344	0.13494	0.12966	0.00583	0.01001	0.01452	0.00699	0.00904
45	0.02000	0.39687	0.06575	0.01631	0.02156	0.02752	0.01542	0.02297	0.01741	0.02213	0.05499	0.02611	0.08605	0.01149	0.01170	0.00252	0.15875	0.00759	0.00457	0.01031
46	0.15178	0.01346	0.04093	0.04845	0.01864	0.01281	0.01090	0.02202	0.08794	0.06271	0.11490	0.18945	0.15935	0.01705	0.00916	0.00299	0.00617	0.01440	0.00759	0.00930
47	0.01257	0.00919	0.01042	0.00993	0.01278	0.00796	0.00751	0.01550	0.02180	0.06123	0.27222	0.07457	0.41293	0.02002	0.01022	0.00286	0.00448	0.01698	0.00876	0.00807
48	0.02927	0.03362	0.02326	0.02089	0.02565	0.42838	0.01590	0.06961	0.20962	0.02783	0.02066	0.02118	0.01616	0.00994	0.00822	0.00249	0.01268	0.00704	0.00607	0.01150
49	0.01585	0.01483	0.05603	0.01296	0.01779	0.01263	0.01088	0.02460	0.17490	0.05463	0.05929	0.05651	0.33984	0.01627	0.00930	0.00274	0.00599	0.01349	0.00779	0.09368
50	0.02913	0.06800	0.02647	0.02083	0.05929	0.02556	0.01626	0.41113	0.14285	0.04671	0.02251	0.02249	0.01659	0.01019	0.00844	0.00257	0.00900	0.00788	0.00802	0.04608
51	0.01424	0.00782	0.01080	0.01090	0.01093	0.00779	0.00698	0.01176	0.01201	0.01601	0.02025	0.07003	0.02190	0.20971	0.03566	0.50687	0.00768	0.00988	0.00442	0.00437
52	0.01677	0.01325	0.01374	0.01201	0.01610	0.01293	0.00944	0.18148	0.02586	0.03245	0.06930	0.06613	0.45997	0.01881	0.00986	0.00285	0.00588	0.01542	0.00828	0.00948
53	0.01446	0.01121	0.01403	0.11184	0.02117	0.01122	0.01085	0.02021	0.08440	0.05846	0.23482	0.06097	0.27892	0.01714	0.00984	0.00287	0.00583	0.01462	0.00813	0.00902
54	0.01841	0.03649	0.42471	0.02713	0.03718	0.02163	0.15440	0.02668	0.01811	0.02668	0.01544	0.01962	0.01158	0.00915	0.01182	0.00296	0.11453	0.00746	0.00386	0.01214
55	0.01084	0.00875	0.00899	0.00899	0.01127	0.00761	0.00633	0.01256	0.01827	0.02207	0.07469	0.07791	0.49987	0.17290	0.01797	0.00418	0.00533	0.01712	0.00747	0.00690
56	0.22372	0.01177	0.01228	0.01257	0.01542	0.01245	0.00987	0.05097	0.01855	0.03085	0.03588	0.23398	0.06585	0.01808	0.00895	0.00315	0.00625	0.13020	0.09068	0.00851
57	0.01112	0.00835	0.01036	0.01124	0.01281	0.00758	0.00807	0.01355	0.01953	0.02571	0.19231	0.35827	0.21143	0.02364	0.01078	0.00323	0.00484	0.05127	0.00844	0.00747
58	0.01647	0.01550	0.02616	0.67248	0.06008	0.01938	0.02422	0.02229	0.01744	0.02229	0.01550	0.02326	0.01163	0.00872	0.00872	0.00291	0.01163	0.00775	0.00388	0.00969
59	0.01052	0.00842	0.00941	0.01006	0.01214	0.00731	0.00721	0.01259	0.01905	0.02370	0.10226	0.28720	0.41221	0.02365	0.01059	0.00314	0.00462	0.02044	0.00817	0.00731
60	0.01042	0.00884	0.00899	0.00895	0.01185	0.00741	0.00671	0.01273	0.02014	0.02417	0.11728	0.08295	0.60620	0.02187	0.01031	0.00293	0.00440	0.01827	0.00818	0.00741
61	0.01246	0.00935	0.01402	0.01402	0.01558	0.01090	0.01090	0.01558	0.01402	0.02025	0.02336	0.03427	0.02181	0.06542	0.65888	0.01402	0.02336	0.00935	0.00467	0.00779
62	0.01174	0.00813	0.00972	0.01052	0.01088	0.00786	0.00647	0.01246	0.01466	0.01939	0.03887	0.30848	0.07399	0.39386	0.02941	0.00622	0.00690	0.01779	0.00655	0.00611
63	0.01221	0.00826	0.00965	0.01013	0.01024	0.00814	0.00594	0.01256	0.01362	0.01816	0.03227	0.20366	0.03775	0.53863	0.03667	0.00731	0.00767	0.01550	0.00594	0.00570
64	0.01063	0.00759	0.01012	0.01215	0.01265	0.00709	0.00810	0.01215	0.01670	0.02227	0.04808	0.68775	0.05769	0.02733	0.01113	0.00354	0.00506	0.02480	0.00810	0.00709
65	0.01268	0.00846	0.00951	0.00951	0.00951	0.00846	0.00529	0.01268	0.01268	0.01691	0.02748	0.05708	0.03171	0.69345	0.04440	0.00846	0.00846	0.01268	0.00529	0.00529
66	0.01114	0.00853	0.00925	0.00954	0.01116	0.00768	0.00640	0.01252	0.01705	0.02119	0.06249	0.16277	0.35299	0.24370	0.02164	0.00485	0.00584	0.01745	0.00717	0.00664
67	0.01065	0.00849	0.00935	0.00984	0.01192	0.00741	0.00700	0.01263	0.01882	0.02336	0.10144	0.23641	0.41863	0.06822	0.01280	0.00346	0.00484	0.01954	0.00799	0.00720
68	0.01490	0.00922	0.00999	0.00966	0.01067	0.00937	0.00615	0.04748	0.01595	0.02378	0.02743	0.04757	0.02792	0.44628	0.03068	0.00616	0.00717	0.01102	0.23193	0.00668
69	0.03258	0.04157	0.02472	0.02247	0.02697	0.65843	0.01685	0.03483	0.02472	0.02135	0.01348	0.01573	0.01124	0.00899	0.00787	0.00225	0.01573	0.00562	0.00449	0.01011
70	0.01258	0.00924	0.01219	0.01374	0.01557	0.00884	0.01120	0.01574	0.01951	0.02525	0.08226	0.22677	0.15057	0.02418	0.01147	0.00367	0.00657	0.33479	0.00813	0.00772
71	0.01063	0.00798	0.00987	0.01124	0.01245	0.00721	0.00773	0.01246	0.01792	0.02324	0.08798	0.50117	0.20746	0.02550	0.01088	0.00335	0.00485	0.02270	0.00817	0.00721
72	0.01406	0.01004	0.01406	0.01606	0.01807	0.01004	0.01406	0.01807	0.02008	0.02610	0.04618	0.09839	0.05020	0.02410	0.01205	0.00402	0.00803	0.58032	0.00803	0.00803
73	0.01042	0.00842	0.00927	0.00994	0.01207	0.00727	0.00712	0.01239	0.01882	0.02313	0.07490	0.28575	0.44238	0.02384	0.01058	0.00315	0.00463	0.02054	0.00810	0.00727
74	0.02131	0.02044	0.03490	0.08716	0.60759	0.02065	0.02663	0.02653	0.01973	0.02816	0.01636	0.02168	0.01370	0.00782	0.00864	0.00261	0.01043	0.00777	0.00429	0.01359
75	0.01416	0.01185	0.01728	0.01630	0.01746	0.01497	0.01301	0.01697	0.01385	0.02044	0.02030	0.03036	0.01914	0.05253	0.49687	0.01140	0.19151	0.00891	0.00445	0.00824
76	0.01246	0.00935	0.01402	0.01402	0.01558	0.01090	0.01090	0.01558	0.01402	0.02025	0.02336	0.03427	0.02181	0.06542	0.65888	0.01402	0.02336	0.00935	0.00467	0.00779
77	0.01121	0.00843	0.01037	0.01082	0.01257	0.00760	0.00776	0.01391	0.02062	0.02751	0.28482	0.28793	0.22007	0.02228	0.01059	0.00308	0.00453	0.01963	0.00868	0.00760
78	0.01056	0.00787	0.00983	0.01140	0.01246	0.00715	0.00777	0.01223	0.01742	0.02256	0.05713	0.55212	0.18748	0.02615	0.01095	0.00341	0.00492	0.02336	0.00810	0.00715
79	0.01063	0.00759	0.01012	0.01215	0.01265	0.00709	0.00810	0.01215	0.01670	0.02227	0.04808	0.68775	0.05769	0.02733	0.01113	0.00354	0.00506	0.02480	0.00810	0.00709
80	0.01406	0.01004	0.01406	0.01606	0.01807	0.01004	0.01406	0.01807	0.02008	0.02610	0.04618	0.09839	0.05020	0.02410	0.01205	0.00402	0.00803	0.58032	0.00803	0.00803
81	0.02383	0.02527	0.03228	0.08773	0.45657	0.17031	0.02427	0.02836	0.02084	0.02640	0.01566	0.02033	0.01306	0.00812	0.00846	0.00253	0.01171	0.00727	0.00433	0.01267
82	0.02036	0.01922	0.02604	0.02215	0.02302	0.02599	0.01840	0.08761	0.01653	0.02482	0.01311	0.02003	0.01234	0.01716	0.05702	0.00418	0.56982	0.00774	0.00442	0.01006
83	0.01246	0.00935	0.01402	0.01402	0.01558	0.01090	0.01090	0.01558	0.01402	0.02025	0.02336	0.03427	0.02181	0.06542	0.65888	0.01402	0.02336	0.00935	0.00467	0.00779
84	0.03316	0.02443	0.02618	0.02007	0.02705	0.02705	0.01658	0.60995	0.04101	0.05497	0.02094	0.02094	0.01483	0.01047	0.00873	0.00262	0.00960	0.00785	0.00873	0.01483
85	0.03914	0.01484	0.02024	0.01552	0.02227	0.01282	0.01282	0.04251	0.02497	0.64507	0.03441	0.02969	0.02159	0.01080	0.00877	0.00270	0.00742	0.00877	0.01080	0.01484
86	0.01268	0.00846	0.00951	0.00951	0.00951	0.00846	0.00529	0.01268	0.01268	0.01691	0.02748	0.05708	0.03171	0.69345	0.04440	0.00846	0.00846	0.01268	0.00529	0.00529
87	0.01118	0.00831	0.01087	0.01189	0.01305	0.00821	0.00838	0.01313	0.01628	0.02161	0.04713	0.37577	0.14408	0.08088	0.17973	0.00646	0.00989	0.01894	0.00703	0.00719
88	0.03843	0.01597	0.02094	0.01605	0.02283	0.01449	0.01326	0.10913	0.02685	0.57579	0.03283	0.02866	0.02080	0.01076	0.00877	0.00269	0.00768	0.00866	0.01055	0.01484
89	0.02170	0.01874	0.01972	0.01775	0.02268	0.02170	0.01381	0.04635	0.62327	0.03649	0.03550	0.03254	0.02663	0.01183	0.00888	0.00296	0.00690	0.00986	0.00888	0.01381
90	0.01106	0.00887	0.00987	0.00962	0.01224	0.00768	0.00722	0.01397	0.02165	0.02775	0.28883	0.07705	0.43241	0.02053	0.01030	0.00287	0.00431	0.01744	0.00865	0.00768
91	0.01109	0.00779	0.00998	0.01155	0.01195	0.00739	0.00747	0.01227	0.01580	0.02106	0.04345	0.54609	0.05186	0.17696	0.01861	0.00465	0.00582	0.02208	0.00747	0.00668
92	0.03258	0.04157	0.02472	0.02247	0.02697	0.65843	0.01685	0.03483	0.02472	0.02135	0.01348	0.01573	0.01124	0.00899	0.00787	0.00225	0.01573	0.00562	0.00449	0.01011
93	0.01268	0.00846	0.00951	0.00951	0.00951	0.00846	0.00529	0.01268	0.01268	0.01691	0.02748	0.05708	0.03171	0.69345	0.04440	0.00846	0.00846	0.01268	0.00529	0.00529
94	0.02615	0.01917	0.02116	0.01692	0.02212	0.02071	0.01360	0.40930	0.03484	0.04723	0.19480	0.03543	0.03484	0.05007	0.01113	0.00297	0.00799	0.01036	0.00878	0.01244
95	0.01181	0.00809	0.00977	0.01063	0.01085	0.00787	0.00648	0.01246	0.01439	0.01919	0.03625	0.32546	0.04277	0.40998	0.03024	0.00637	0.00701	0.01784	0.00648	0.00605
96	0.03262	0.04063	0.02480	0.02234	0.02697	0.62374	0.01684	0.06642	0.02561	0.02320	0.01389	0.01602	0.01143	0.00907	0.00791	0.00227	0.01539	0.00574	0.00473	0.01037
97	0.01268	0.00846	0.00951	0.00951	0.00951	0.00846	0.00529	0.01268	0.01268	0.01691	0.02748	0.05708	0.03171	0.69345	0.04440	0.00846	0.00846	0.01268	0.00529	0.00529
98	0.01244	0.00835	0.00959	0.00983	0.00989	0.00829	0.00562	0.01262	0.01317	0.01756	0.02996	0.13304	0.03484	0.61322	0.04039	0.00786	0.00805	0.01414	0.00562	0.00550
99	0.01063	0.00759	0.01012	0.01215	0.01265	0.00709	0.00810	0.01215	0.01670	0.02227	0.04808	0.68775	0.05769	0.02733	0.01113	0.00354	0.00506	0.02480	0.00810	0.00709
100	0.03058	0.02315	0.02473	0.01955	0.02607	0.02585	0.01596	0.48335	0.17181	0.05082	0.02421	0.02355	0.01748	0.01078	0.00876	0.00269	0.00899	0.00830	0.00876	0.01460
101	0.03882	0.01536	0.02056	0.01576	0.02252	0.01358	0.01302	0.07282	0.02582	0.61355	0.03369	0.02922	0.02123	0.01078	0.00877	0.00269	0.00754	0.00872	0.01069	0.01484
102	0.01064	0.00860	0.00952	0.01017	0.01243	0.00747	0.00750	0.01279	0.01908	0.02340	0.07518	0.24012	0.44774	0.02357	0.01064	0.00317	0.00483	0.05771	0.00809	0.00734
103	0.01407	0.00891	0.01069	0.01137	0.01257	0.00891	0.00846	0.01647	0.01662	0.02403	0.03405	0.06472	0.03555	0.29174	0.02363	0.00531	0.00718	0.20323	0.19555	0.00694
104	0.75506	0.01687	0.01282	0.01147	0.01687	0.01957	0.00945	0.02564	0.01484	0.03914	0.01215	0.01417	0.00945	0.00810	0.00540	0.00270	0.00675	0.00472	0.00540	0.00945
105	0.01406	0.01149	0.01274	0.01197	0.01512	0.01147	0.00911	0.02290	0.18129	0.03112	0.27239	0.06353	0.27379	0.01783	0.00992	0.00288	0.00497	0.01519	0.00885	0.00938
106	0.01062	0.00805	0.00979	0.01104	0.01240	0.00723	0.00764	0.01249	0.01812	0.02333	0.09096	0.46496	0.24153	0.02519	0.01083	0.00331	0.00481	0.02232	0.00818	0.00723
107	0.01268	0.00846	0.00951	0.00951	0.00951	0.00846	0.00529	0.01268	0.01268	0.01691	0.02748	0.05708	0.03171	0.69345	0.04440	0.00846	0.00846	0.01268	0.00529	0.00529
108	0.01268	0.00846	0.00951	0.00951	0.00951	0.00846	0.00529	0.01268	0.01268	0.01691	0.02748	0.05708	0.03171	0.69345	0.04440	0.00846	0.00846	0.01268	0.00529	0.00529
109	0.02621	0.02682	0.02602	0.02213	0.02503	0.20988	0.01787	0.15957	0.02297	0.02886	0.01421	0.01854	0.01216	0.01235	0.01806	0.00309	0.33308	0.00710	0.00513	0.01092
110	0.01750	0.04512	0.64825	0.02486	0.03775	0.02026	0.03223	0.02762	0.01842	0.02762	0.01565	0.01842	0.01105	0.00829	0.00829	0.00276	0.01289	0.00645	0.00368	0.01289
111	0.02093	0.02091	0.03823	0.10251	0.45640	0.02091	0.15697	0.02665	0.01982	0.02784	0.01661	0.02217	0.01350	0.00776	0.00902	0.00270	0.01145	0.00834	0.00430	0.01300
112	0.01647	0.01550	0.02616	0.67248	0.06008	0.01938	0.02422	0.02229	0.01744	0.02229	0.01550	0.02326	0.01163	0.00872	0.00872	0.00291	0.01163	0.00775	0.00388	0.00969
113	0.02755	0.19302	0.03247	0.02866	0.18321	0.34563	0.01894	0.03068	0.02180	0.02299	0.01391	0.01682	0.01189	0.00831	0.00752	0.00224	0.01282	0.00594	0.00427	0.01132
114	0.02382	0.01437	0.01690	0.01442	0.01841	0.01450	0.01106	0.18835	0.02496	0.17054	0.03702	0.13858	0.09665	0.13474	0.05112	0.00444	0.00839	0.01275	0.00821	0.01078
115	0.01225	0.00882	0.01214	0.01245	0.01340	0.00962	0.00887	0.01423	0.01405	0.01960	0.02830	0.14025	0.03010	0.23887	0.38490	0.01084	0.01632	0.01265	0.00537	0.00697
116	0.01515	0.00758	0.01136	0.01136	0.01136	0.00758	0.00758	0.01136	0.01136	0.01515	0.01515	0.02652	0.01515	0.03030	0.03409	0.74621	0.00758	0.00758	0.00379	0.00379
117	0.01125	0.00837	0.00972	0.01025	0.01160	0.00766	0.00691	0.01290	0.01762	0.02276	0.12260	0.25672	0.24349	0.19576	0.01932	0.00452	0.00562	0.01856	0.00755	0.00684
118	0.01124	0.00798	0.01012	0.01132	0.01201	0.00752	0.00747	0.01278	0.01696	0.02273	0.11507	0.45765	0.08080	0.16295	0.01784	0.00443	0.00562	0.02096	0.00770	0.00686
119	0.75506	0.01687	0.01282	0.01147	0.01687	0.01957	0.00945	0.02564	0.01484	0.03914	0.01215	0.01417	0.00945	0.00810	0.00540	0.00270	0.00675	0.00472	0.00540	0.00945
120	0.43295	0.01397	0.01318	0.01185	0.01621	0.01505	0.00943	0.02429	0.01865	0.10575	0.17704	0.07418	0.03279	0.01219	0.00742	0.00277	0.00603	0.00937	0.00727	0.00959
121	0.04978	0.01323	0.01512	0.01406	0.01750	0.01354	0.01087	0.11734	0.09417	0.08744	0.07026	0.20330	0.13434	0.04831	0.01141	0.00334	0.00660	0.07098	0.00836	0.01005
122	0.01128	0.00786	0.00993	0.01132	0.01166	0.00752	0.00721	0.01232	0.01544	0.02058	0.04159	0.48917	0.04951	0.23707	0.02161	0.00509	0.00613	0.02098	0.00721	0.00652
123	0.01031	0.00884	0.00884	0.00884	0.01178	0.00736	0.00663	0.01252	0.01988	0.02356	0.08837	0.08395	0.63549	0.02209	0.01031	0.00295	0.00442	0.01841	0.00810	0.00736
124	0.01058	0.00879	0.00891	0.00891	0.01152	0.00749	0.00647	0.01254	0.01906	0.02281	0.08145	0.08090	0.56693	0.09833	0.01418	0.00357	0.00488	0.01776	0.00778	0.00713
125	0.01522	0.01091	0.01196	0.01124	0.01414	0.01070	0.00852	0.08828	0.05127	0.03174	0.16160	0.12855	0.23941	0.01759	0.00928	0.00275	0.00510	0.01488	0.15800	0.00885
126	0.75506	0.01687	0.01282	0.01147	0.01687	0.01957	0.00945	0.02564	0.01484	0.03914	0.01215	0.01417	0.00945	0.00810	0.00540	0.00270	0.00675	0.00472	0.00540	0.00945
127	0.01063	0.00759	0.01012	0.01215	0.01265	0.00709	0.00810	0.01215	0.01670	0.02227	0.04808	0.68775	0.05769	0.02733	0.01113	0.00354	0.00506	0.02480	0.00810	0.00709
128	0.01304	0.00915	0.01081	0.01024	0.01265	0.00817	0.00753	0.01593	0.02152	0.06120	0.32678	0.06946	0.28269	0.09579	0.01409	0.00347	0.00490	0.01605	0.00861	0.00792
129	0.01114	0.00789	0.00989	0.01127	0.01179	0.00745	0.00729	0.01231	0.01586	0.02097	0.04518	0.48971	0.08539	0.19824	0.01964	0.00477	0.00590	0.02130	0.00737	0.00664
130	0.01031	0.00884	0.00884	0.00884	0.01178	0.00736	0.00663	0.01252	0.01988	0.02356	0.08837	0.08395	0.63549	0.02209	0.01031	0.00295	0.00442	0.01841	0.00810	0.00736
131	0.01297	0.00935	0.01276	0.01466	0.01634	0.00914	0.01212	0.01625	0.01920	0.02498	0.04896	0.24910	0.08392	0.02482	0.01172	0.00384	0.00707	0.40700	0.00805	0.00775
132	0.02912	0.01811	0.02532	0.02858	0.22247	0.01812	0.01775	0.06524	0.16293	0.27600	0.02819	0.02731	0.01992	0.01004	0.00875	0.00272	0.00836	0.00866	0.00815	0.01427
133	0.02332	0.69869	0.04571	0.01493	0.02239	0.03451	0.01493	0.02612	0.01772	0.02052	0.01213	0.01399	0.01119	0.00746	0.00560	0.00187	0.00933	0.00466	0.00373	0.01119
134	0.02790	0.01863	0.02090	0.01742	0.02310	0.02017	0.01393	0.17060	0.32326	0.18303	0.06115	0.03086	0.02551	0.01158	0.00889	0.00281	0.00749	0.00944	0.00933	0.01401
135	0.01998	0.01674	0.12087	0.01362	0.01930	0.01118	0.01286	0.02399	0.02139	0.20457	0.09291	0.05602	0.31912	0.01623	0.00952	0.00283	0.00671	0.01344	0.00822	0.01052
136	0.03124	0.03941	0.02400	0.02191	0.02620	0.61503	0.01646	0.03354	0.02400	0.02127	0.01415	0.01697	0.01194	0.01277	0.05149	0.00304	0.01624	0.00587	0.00451	0.00996
137	0.01841	0.03964	0.51059	0.03130	0.17282	0.02036	0.03100	0.02743	0.01874	0.02782	0.01582	0.01913	0.01167	0.00817	0.00837	0.00272	0.01232	0.00674	0.00383	0.01310
138	0.01750	0.04512	0.64825	0.02486	0.03775	0.02026	0.03223	0.02762	0.01842	0.02762	0.01565	0.01842	0.01105	0.00829	0.00829	0.00276	0.01289	0.00645	0.00368	0.01289
139	0.02336	0.02408	0.03368	0.04854	0.54046	0.12342	0.02517	0.02807	0.02064	0.02735	0.01594	0.02065	0.01340	0.00797	0.00851	0.00254	0.01123	0.00743	0.00435	0.01322
140	0.01929	0.01830	0.03000	0.04444	0.51131	0.01800	0.02267	0.02387	0.01987	0.02749	0.03106	0.03429	0.14041	0.01069	0.00898	0.00266	0.00915	0.00994	0.00509	0.01250
141	0.02420	0.07003	0.03377	0.04386	0.46022	0.13492	0.02374	0.05584	0.02158	0.02795	0.01582	0.02001	0.01323	0.00809	0.00830	0.00248	0.01121	0.00719	0.00452	0.01303
142	0.06144	0.02809	0.16324	0.02634	0.15889	0.14845	0.02001	0.02908	0.10605	0.02779	0.02944	0.03064	0.11202	0.01098	0.00852	0.00267	0.01040	0.00884	0.00551	0.01160

[dist]
# distance from previous block
# <min> <max>
0	7

# created by:
# /home/cegg/simao/soft/augustus-3.2.1/scripts/msa2prfl.pl ./align_prep/14530.fa
