[name]
unknown

[dist]
# distance from previous block
# <min> <max>
0	3

[block]
# block no. 0 follows, 20 sequences, length 66
# corresponding to MSA columns:
# 3-68
name=unknown_A
#
# <colnr> <probs for GDERKNQSTAVLIFYWHMCP>
#	G	D	E	R	K	N	Q	S	T	A	V	L	I	F	Y	W	H	M	C	P
0	0.01369	0.00992	0.01355	0.01537	0.01747	0.00978	0.01334	0.01754	0.02006	0.02586	0.05025	0.09700	0.10667	0.02390	0.01188	0.00391	0.00768	0.52611	0.00804	0.00797
1	0.03239	0.06930	0.02681	0.02060	0.02675	0.24423	0.01658	0.37876	0.03407	0.04144	0.01787	0.01875	0.01339	0.00979	0.00825	0.00245	0.01169	0.00690	0.00698	0.01300
2	0.02001	0.32701	0.38837	0.02058	0.03113	0.02641	0.02477	0.02698	0.01812	0.02456	0.01413	0.01651	0.01111	0.00793	0.00713	0.00238	0.01135	0.00568	0.00370	0.01216
3	0.03258	0.04157	0.02472	0.02247	0.02697	0.65843	0.01685	0.03483	0.02472	0.02135	0.01348	0.01573	0.01124	0.00899	0.00787	0.00225	0.01573	0.00562	0.00449	0.01011
4	0.02241	0.02060	0.03042	0.02423	0.02773	0.02487	0.12901	0.16758	0.02161	0.03066	0.01576	0.02139	0.01331	0.01591	0.06207	0.00403	0.34377	0.00830	0.00520	0.01115
5	0.01139	0.00835	0.01076	0.01175	0.01314	0.00772	0.00849	0.01397	0.01971	0.02644	0.22198	0.37979	0.13586	0.02365	0.01087	0.00328	0.00498	0.07179	0.00853	0.00754
6	0.03208	0.03701	0.02472	0.02175	0.02674	0.50198	0.01663	0.14546	0.06141	0.02863	0.01614	0.01767	0.01279	0.00943	0.00809	0.00236	0.01406	0.00628	0.00555	0.01122
7	0.02650	0.01946	0.02143	0.01773	0.02280	0.02115	0.01407	0.43328	0.03383	0.04531	0.02896	0.21800	0.02750	0.01545	0.00944	0.00289	0.00826	0.01286	0.00854	0.01254
8	0.01060	0.00770	0.01001	0.01187	0.01258	0.00711	0.00797	0.01218	0.01697	0.02238	0.05146	0.63705	0.10621	0.02689	0.01106	0.00349	0.00501	0.02426	0.00810	0.00711
9	0.02159	0.02073	0.03541	0.05354	0.63903	0.02073	0.02677	0.02677	0.01986	0.02850	0.01641	0.02159	0.01382	0.00777	0.00864	0.00259	0.01036	0.00777	0.00432	0.01382
10	0.01647	0.01550	0.02616	0.67248	0.06008	0.01938	0.02422	0.02229	0.01744	0.02229	0.01550	0.02326	0.01163	0.00872	0.00872	0.00291	0.01163	0.00775	0.00388	0.00969
11	0.01099	0.00780	0.01029	0.01214	0.01269	0.00737	0.00820	0.01252	0.01655	0.02203	0.04624	0.60174	0.05509	0.08308	0.01398	0.00398	0.00551	0.05494	0.00786	0.00699
12	0.02159	0.02073	0.03541	0.05354	0.63903	0.02073	0.02677	0.02677	0.01986	0.02850	0.01641	0.02159	0.01382	0.00777	0.00864	0.00259	0.01036	0.00777	0.00432	0.01382
13	0.01882	0.19380	0.51118	0.02260	0.03426	0.02350	0.02829	0.02728	0.01826	0.02601	0.01485	0.01741	0.01108	0.00810	0.00768	0.00256	0.01208	0.00604	0.00369	0.01251
14	0.01031	0.00884	0.00884	0.00884	0.01178	0.00736	0.00663	0.01252	0.01988	0.02356	0.08837	0.08395	0.63549	0.02209	0.01031	0.00295	0.00442	0.01841	0.00810	0.00736
15	0.03220	0.02395	0.02564	0.01988	0.02668	0.02660	0.01635	0.56262	0.08990	0.05342	0.02216	0.02192	0.01582	0.01059	0.00874	0.00265	0.00937	0.00802	0.00874	0.01475
16	0.02013	0.01924	0.03277	0.23013	0.47385	0.02034	0.02604	0.02549	0.01917	0.02673	0.01615	0.02206	0.01319	0.00804	0.00866	0.00268	0.01072	0.00777	0.00419	0.01264
17	0.01336	0.01009	0.01284	0.01413	0.01638	0.00990	0.01173	0.01807	0.05971	0.02582	0.05527	0.15189	0.18256	0.02316	0.01135	0.00365	0.00683	0.35699	0.00811	0.00816
18	0.01031	0.00884	0.00884	0.00884	0.01178	0.00736	0.00663	0.01252	0.01988	0.02356	0.08837	0.08395	0.63549	0.02209	0.01031	0.00295	0.00442	0.01841	0.00810	0.00736
19	0.01750	0.04512	0.64825	0.02486	0.03775	0.02026	0.03223	0.02762	0.01842	0.02762	0.01565	0.01842	0.01105	0.00829	0.00829	0.00276	0.01289	0.00645	0.00368	0.01289
20	0.02876	0.01403	0.01722	0.01403	0.01952	0.01290	0.01132	0.07162	0.07477	0.37114	0.04955	0.04538	0.20299	0.01420	0.00923	0.00279	0.00664	0.01165	0.00970	0.01255
21	0.02170	0.01874	0.01972	0.01775	0.02268	0.02170	0.01381	0.04635	0.62327	0.03649	0.03550	0.03254	0.02663	0.01183	0.00888	0.00296	0.00690	0.00986	0.00888	0.01381
22	0.01063	0.00759	0.01012	0.01215	0.01265	0.00709	0.00810	0.01215	0.01670	0.02227	0.04808	0.68775	0.05769	0.02733	0.01113	0.00354	0.00506	0.02480	0.00810	0.00709
23	0.02344	0.02608	0.04232	0.03154	0.03856	0.12690	0.39822	0.07719	0.02220	0.02839	0.01658	0.02156	0.01285	0.00873	0.01173	0.00289	0.08554	0.00904	0.00472	0.01151
24	0.02059	0.02353	0.05147	0.03676	0.04559	0.02206	0.60735	0.02794	0.02059	0.02794	0.01765	0.02353	0.01324	0.00735	0.01029	0.00294	0.01471	0.01029	0.00441	0.01176
25	0.03258	0.04157	0.02472	0.02247	0.02697	0.65843	0.01685	0.03483	0.02472	0.02135	0.01348	0.01573	0.01124	0.00899	0.00787	0.00225	0.01573	0.00562	0.00449	0.01011
26	0.03258	0.04157	0.02472	0.02247	0.02697	0.65843	0.01685	0.03483	0.02472	0.02135	0.01348	0.01573	0.01124	0.00899	0.00787	0.00225	0.01573	0.00562	0.00449	0.01011
27	0.01647	0.01550	0.02616	0.67248	0.06008	0.01938	0.02422	0.02229	0.01744	0.02229	0.01550	0.02326	0.01163	0.00872	0.00872	0.00291	0.01163	0.00775	0.00388	0.00969
28	0.01098	0.00820	0.01021	0.01110	0.01255	0.00743	0.00780	0.01330	0.01940	0.02571	0.20223	0.39644	0.19522	0.02379	0.01074	0.00321	0.00468	0.02111	0.00847	0.00743
29	0.02159	0.02073	0.03541	0.05354	0.63903	0.02073	0.02677	0.02677	0.01986	0.02850	0.01641	0.02159	0.01382	0.00777	0.00864	0.00259	0.01036	0.00777	0.00432	0.01382
30	0.27942	0.02710	0.02083	0.01791	0.02306	0.24651	0.01419	0.14478	0.02391	0.06517	0.01542	0.01712	0.01186	0.00943	0.00844	0.00259	0.04930	0.00603	0.00591	0.01102
31	0.01031	0.00884	0.00884	0.00884	0.01178	0.00736	0.00663	0.01252	0.01988	0.02356	0.08837	0.08395	0.63549	0.02209	0.01031	0.00295	0.00442	0.01841	0.00810	0.00736
32	0.01148	0.00820	0.01109	0.01311	0.01399	0.00782	0.00957	0.01361	0.01754	0.02322	0.04761	0.54202	0.05584	0.02653	0.01136	0.00366	0.00580	0.16216	0.00808	0.00732
33	0.06953	0.01613	0.01971	0.01600	0.02212	0.01587	0.01295	0.04284	0.20700	0.42917	0.03363	0.02979	0.02252	0.01098	0.00864	0.00278	0.00723	0.00890	0.00994	0.01426
34	0.03307	0.02708	0.02595	0.02044	0.02704	0.12448	0.01662	0.52120	0.03850	0.04979	0.01979	0.02014	0.01428	0.01024	0.00859	0.00256	0.01054	0.00751	0.00807	0.01411
35	0.01750	0.04512	0.64825	0.02486	0.03775	0.02026	0.03223	0.02762	0.01842	0.02762	0.01565	0.01842	0.01105	0.00829	0.00829	0.00276	0.01289	0.00645	0.00368	0.01289
36	0.01375	0.01267	0.02239	0.01914	0.02260	0.01175	0.18535	0.01727	0.01859	0.02441	0.04554	0.35375	0.13841	0.02036	0.01081	0.00330	0.00800	0.05633	0.00700	0.00858
37	0.01246	0.00935	0.01402	0.01402	0.01558	0.01090	0.01090	0.01558	0.01402	0.02025	0.02336	0.03427	0.02181	0.06542	0.65888	0.01402	0.02336	0.00935	0.00467	0.00779
38	0.01218	0.00824	0.00966	0.01016	0.01029	0.00812	0.00598	0.01255	0.01368	0.01824	0.03258	0.21303	0.03814	0.52874	0.03617	0.00724	0.00762	0.01568	0.00598	0.00573
39	0.01774	0.01679	0.02845	0.51944	0.20324	0.01971	0.02485	0.02340	0.01804	0.02382	0.01573	0.02284	0.01217	0.00849	0.00870	0.00283	0.01132	0.00776	0.00399	0.01071
40	0.02159	0.02073	0.03541	0.05354	0.63903	0.02073	0.02677	0.02677	0.01986	0.02850	0.01641	0.02159	0.01382	0.00777	0.00864	0.00259	0.01036	0.00777	0.00432	0.01382
41	0.02159	0.02073	0.03541	0.05354	0.63903	0.02073	0.02677	0.02677	0.01986	0.02850	0.01641	0.02159	0.01382	0.00777	0.00864	0.00259	0.01036	0.00777	0.00432	0.01382
42	0.01626	0.00813	0.00813	0.00813	0.01016	0.00813	0.00610	0.02033	0.01829	0.03252	0.02846	0.03252	0.02236	0.01016	0.00610	0.00203	0.00407	0.00813	0.74187	0.00813
43	0.01750	0.04512	0.64825	0.02486	0.03775	0.02026	0.03223	0.02762	0.01842	0.02762	0.01565	0.01842	0.01105	0.00829	0.00829	0.00276	0.01289	0.00645	0.00368	0.01289
44	0.03914	0.01484	0.02024	0.01552	0.02227	0.01282	0.01282	0.04251	0.02497	0.64507	0.03441	0.02969	0.02159	0.01080	0.00877	0.00270	0.00742	0.00877	0.01080	0.01484
45	0.03443	0.02239	0.02491	0.01910	0.02603	0.02402	0.01578	0.48897	0.03759	0.18078	0.02381	0.02281	0.01628	0.01054	0.00874	0.00264	0.00913	0.00805	0.00917	0.01484
46	0.01136	0.00862	0.01065	0.01197	0.01368	0.00791	0.00906	0.01373	0.01862	0.02366	0.06146	0.33543	0.25447	0.02473	0.01107	0.00345	0.00557	0.15906	0.00808	0.00741
47	0.01750	0.04512	0.64825	0.02486	0.03775	0.02026	0.03223	0.02762	0.01842	0.02762	0.01565	0.01842	0.01105	0.00829	0.00829	0.00276	0.01289	0.00645	0.00368	0.01289
48	0.01985	0.01706	0.01801	0.01646	0.02094	0.01934	0.01271	0.04081	0.52455	0.03431	0.04215	0.07079	0.09752	0.01377	0.00915	0.00299	0.00653	0.01157	0.00875	0.01274
49	0.01076	0.00885	0.00946	0.00931	0.01206	0.00755	0.00698	0.01338	0.02094	0.02607	0.20817	0.07982	0.51413	0.02116	0.01030	0.00290	0.00435	0.01783	0.00843	0.00755
50	0.02164	0.30523	0.22876	0.02721	0.16769	0.06196	0.02309	0.02722	0.01882	0.02458	0.01427	0.01719	0.01175	0.00787	0.00725	0.00233	0.01103	0.00598	0.00389	0.01226
51	0.02863	0.03252	0.02548	0.05032	0.02740	0.38760	0.01769	0.11014	0.02384	0.02594	0.01410	0.01760	0.01180	0.01073	0.01315	0.00271	0.17834	0.00652	0.00488	0.01060
52	0.02543	0.02456	0.02157	0.01908	0.02413	0.16713	0.01480	0.10540	0.42339	0.03507	0.02890	0.02745	0.02184	0.01104	0.00863	0.00276	0.00921	0.00868	0.00786	0.01308
53	0.02170	0.01874	0.01972	0.01775	0.02268	0.02170	0.01381	0.04635	0.62327	0.03649	0.03550	0.03254	0.02663	0.01183	0.00888	0.00296	0.00690	0.00986	0.00888	0.01381
54	0.02366	0.41249	0.18970	0.01881	0.02704	0.15032	0.01954	0.02816	0.01923	0.02242	0.01325	0.01541	0.01117	0.00796	0.00669	0.00216	0.01143	0.00528	0.00387	0.01140
55	0.01911	0.03414	0.34896	0.03192	0.08105	0.02107	0.28111	0.02770	0.01945	0.02782	0.01657	0.02084	0.01218	0.00785	0.00918	0.00283	0.01351	0.00820	0.00404	0.01246
56	0.02059	0.02353	0.05147	0.03676	0.04559	0.02206	0.60735	0.02794	0.02059	0.02794	0.01765	0.02353	0.01324	0.00735	0.01029	0.00294	0.01471	0.01029	0.00441	0.01176
57	0.01776	0.04331	0.59814	0.02586	0.03841	0.02041	0.08052	0.02765	0.01860	0.02765	0.01582	0.01885	0.01123	0.00821	0.00846	0.00278	0.01304	0.00677	0.00374	0.01280
58	0.01626	0.00813	0.00813	0.00813	0.01016	0.00813	0.00610	0.02033	0.01829	0.03252	0.02846	0.03252	0.02236	0.01016	0.00610	0.00203	0.00407	0.00813	0.74187	0.00813
59	0.01258	0.00888	0.01165	0.01165	0.01239	0.00962	0.00795	0.01406	0.01332	0.01850	0.02553	0.04625	0.02701	0.39525	0.33616	0.01110	0.01554	0.01110	0.00499	0.00647
60	0.01774	0.01679	0.02845	0.51944	0.20324	0.01971	0.02485	0.02340	0.01804	0.02382	0.01573	0.02284	0.01217	0.00849	0.00870	0.00283	0.01132	0.00776	0.00399	0.01071
61	0.02159	0.02073	0.03541	0.05354	0.63903	0.02073	0.02677	0.02677	0.01986	0.02850	0.01641	0.02159	0.01382	0.00777	0.00864	0.00259	0.01036	0.00777	0.00432	0.01382
62	0.01235	0.00892	0.01166	0.01097	0.01303	0.00823	0.00823	0.01646	0.02469	0.03498	0.63443	0.06516	0.08230	0.01783	0.01029	0.00274	0.00412	0.01578	0.00960	0.00823
63	0.03316	0.02443	0.02618	0.02007	0.02705	0.02705	0.01658	0.60995	0.04101	0.05497	0.02094	0.02094	0.01483	0.01047	0.00873	0.00262	0.00960	0.00785	0.00873	0.01483
64	0.02159	0.02073	0.03541	0.05354	0.63903	0.02073	0.02677	0.02677	0.01986	0.02850	0.01641	0.02159	0.01382	0.00777	0.00864	0.00259	0.01036	0.00777	0.00432	0.01382
65	0.01056	0.00892	0.00918	0.00932	0.01220	0.00754	0.00712	0.01289	0.01990	0.02373	0.08557	0.08491	0.59666	0.02222	0.01042	0.00302	0.00466	0.05570	0.00810	0.00741

[dist]
# distance from previous block
# <min> <max>
0	3

[block]
# block no. 1 follows, 20 sequences, length 40
# corresponding to MSA columns:
# 72-111
name=unknown_B
#
# <colnr> <probs for GDERKNQSTAVLIFYWHMCP>
#	G	D	E	R	K	N	Q	S	T	A	V	L	I	F	Y	W	H	M	C	P
0	0.02159	0.02073	0.03541	0.05354	0.63903	0.02073	0.02677	0.02677	0.01986	0.02850	0.01641	0.02159	0.01382	0.00777	0.00864	0.00259	0.01036	0.00777	0.00432	0.01382
1	0.02198	0.01781	0.02018	0.01477	0.02232	0.01561	0.01195	0.17383	0.02401	0.03528	0.01691	0.01883	0.01341	0.00750	0.00705	0.00163	0.00727	0.00586	0.00609	0.55773
2	0.01786	0.01692	0.02867	0.50437	0.21733	0.01975	0.02492	0.02350	0.01810	0.02397	0.01575	0.02280	0.01222	0.00846	0.00870	0.00282	0.01128	0.00776	0.00400	0.01081
3	0.02459	0.24168	0.25101	0.02015	0.02936	0.02699	0.02157	0.22337	0.02581	0.03463	0.01634	0.01789	0.01237	0.00877	0.00760	0.00243	0.01067	0.00637	0.00540	0.01302
4	0.01718	0.09822	0.34876	0.01903	0.02761	0.01815	0.02184	0.05519	0.02136	0.03022	0.18900	0.03405	0.06037	0.01160	0.00869	0.00267	0.00954	0.00947	0.00580	0.01128
5	0.01061	0.00766	0.01005	0.01196	0.01260	0.00710	0.00801	0.01217	0.01688	0.02234	0.05035	0.65373	0.09025	0.02703	0.01109	0.00351	0.00502	0.02444	0.00810	0.00710
6	0.02361	0.01781	0.02916	0.18832	0.34932	0.01830	0.02274	0.02851	0.02035	0.15230	0.02127	0.02726	0.01661	0.00938	0.00884	0.00275	0.00995	0.03504	0.00571	0.01279
7	0.02794	0.03276	0.02924	0.03560	0.28564	0.38892	0.02104	0.03142	0.02267	0.02437	0.01472	0.01821	0.01233	0.00847	0.00819	0.00239	0.01346	0.00653	0.00442	0.01168
8	0.01750	0.04512	0.64825	0.02486	0.03775	0.02026	0.03223	0.02762	0.01842	0.02762	0.01565	0.01842	0.01105	0.00829	0.00829	0.00276	0.01289	0.00645	0.00368	0.01289
9	0.01086	0.00776	0.01039	0.01241	0.01302	0.00729	0.00850	0.01255	0.01693	0.02253	0.04795	0.64750	0.05718	0.02711	0.01120	0.00357	0.00526	0.06274	0.00809	0.00715
10	0.02675	0.16768	0.03283	0.03211	0.24605	0.30234	0.02003	0.03016	0.02155	0.02375	0.01426	0.01748	0.01216	0.00824	0.00768	0.00229	0.01250	0.00620	0.00428	0.01166
11	0.01867	0.17710	0.52658	0.02286	0.03465	0.02314	0.02873	0.02732	0.01828	0.02619	0.01494	0.01752	0.01108	0.00812	0.00774	0.00258	0.01217	0.00609	0.00369	0.01255
12	0.01750	0.04512	0.64825	0.02486	0.03775	0.02026	0.03223	0.02762	0.01842	0.02762	0.01565	0.01842	0.01105	0.00829	0.00829	0.00276	0.01289	0.00645	0.00368	0.01289
13	0.01164	0.00899	0.01087	0.01196	0.01409	0.00821	0.00944	0.01432	0.01930	0.02416	0.06588	0.21160	0.31969	0.02384	0.01107	0.00343	0.00577	0.21011	0.00808	0.00753
14	0.07786	0.01495	0.01984	0.01530	0.02198	0.01319	0.01264	0.04160	0.02442	0.61230	0.03321	0.02885	0.02094	0.01065	0.00859	0.00270	0.00739	0.00855	0.01050	0.01455
15	0.01910	0.03305	0.32020	0.03060	0.04076	0.02151	0.31388	0.02741	0.01920	0.02741	0.01640	0.02096	0.01215	0.00822	0.01042	0.00291	0.05123	0.00840	0.00405	0.01215
16	0.01246	0.00935	0.01402	0.01402	0.01558	0.01090	0.01090	0.01558	0.01402	0.02025	0.02336	0.03427	0.02181	0.06542	0.65888	0.01402	0.02336	0.00935	0.00467	0.00779
17	0.02387	0.53654	0.11265	0.01707	0.02477	0.11503	0.01718	0.02744	0.01873	0.02145	0.01271	0.01473	0.01118	0.00776	0.00621	0.00202	0.01058	0.00500	0.00383	0.01125
18	0.02159	0.02073	0.03541	0.05354	0.63903	0.02073	0.02677	0.02677	0.01986	0.02850	0.01641	0.02159	0.01382	0.00777	0.00864	0.00259	0.01036	0.00777	0.00432	0.01382
19	0.01734	0.01645	0.02308	0.02027	0.02059	0.02238	0.01657	0.01938	0.01345	0.02059	0.01486	0.02451	0.01480	0.06724	0.15774	0.00618	0.50328	0.00829	0.00408	0.00892
20	0.02593	0.02256	0.02183	0.01862	0.02359	0.11993	0.01476	0.25539	0.18357	0.03799	0.02404	0.02583	0.01874	0.02169	0.13992	0.00495	0.01263	0.00833	0.00729	0.01242
21	0.01809	0.01550	0.01809	0.01292	0.02067	0.01163	0.01034	0.02196	0.01809	0.02842	0.01550	0.01809	0.01292	0.00646	0.00646	0.00129	0.00646	0.00517	0.00517	0.74677
22	0.01784	0.01739	0.02568	0.02196	0.02282	0.02324	0.05367	0.02033	0.01394	0.02127	0.01424	0.02242	0.01365	0.02491	0.15477	0.00582	0.50457	0.00814	0.00403	0.00932
23	0.01063	0.00759	0.01012	0.01215	0.01265	0.00709	0.00810	0.01215	0.01670	0.02227	0.04808	0.68775	0.05769	0.02733	0.01113	0.00354	0.00506	0.02480	0.00810	0.00709
24	0.01617	0.01210	0.05619	0.01260	0.01593	0.00959	0.01047	0.02044	0.02381	0.11522	0.47587	0.09558	0.06781	0.01683	0.01000	0.00279	0.00521	0.01476	0.00926	0.00936
25	0.01856	0.24939	0.35453	0.01948	0.02893	0.02295	0.02289	0.02538	0.01918	0.02650	0.11187	0.02435	0.02231	0.00952	0.00774	0.00247	0.01037	0.00734	0.00463	0.01161
26	0.12772	0.00914	0.01046	0.01181	0.01326	0.00907	0.00821	0.01429	0.01663	0.02501	0.04518	0.54055	0.08957	0.02394	0.01018	0.00337	0.00528	0.02120	0.00767	0.00748
27	0.01663	0.02016	0.12403	0.57060	0.05657	0.01952	0.02548	0.02313	0.01760	0.02313	0.01553	0.02249	0.01154	0.00865	0.00865	0.00288	0.01183	0.00755	0.00385	0.01019
28	0.02159	0.02073	0.03541	0.05354	0.63903	0.02073	0.02677	0.02677	0.01986	0.02850	0.01641	0.02159	0.01382	0.00777	0.00864	0.00259	0.01036	0.00777	0.00432	0.01382
29	0.02091	0.02003	0.03417	0.13625	0.56166	0.02055	0.02643	0.02617	0.01954	0.02767	0.01629	0.02181	0.01352	0.00790	0.00865	0.00263	0.01053	0.00777	0.00426	0.01327
30	0.01235	0.00966	0.01410	0.01866	0.11119	0.00923	0.01103	0.01445	0.01720	0.02325	0.04309	0.58295	0.05079	0.02425	0.01074	0.00339	0.00589	0.02212	0.00750	0.00814
31	0.01322	0.01075	0.01459	0.01706	0.11116	0.00995	0.01069	0.01695	0.02256	0.03069	0.38093	0.06368	0.22985	0.01747	0.01003	0.00278	0.00518	0.01527	0.00834	0.00886
32	0.02305	0.59204	0.04409	0.02100	0.11940	0.03235	0.01679	0.02622	0.01806	0.02178	0.01280	0.01519	0.01161	0.00751	0.00608	0.00198	0.00949	0.00515	0.00382	0.01161
33	0.02159	0.02073	0.03541	0.05354	0.63903	0.02073	0.02677	0.02677	0.01986	0.02850	0.01641	0.02159	0.01382	0.00777	0.00864	0.00259	0.01036	0.00777	0.00432	0.01382
34	0.01235	0.00966	0.01410	0.01866	0.11119	0.00923	0.01103	0.01445	0.01720	0.02325	0.04309	0.58295	0.05079	0.02425	0.01074	0.00339	0.00589	0.02212	0.00750	0.00814
35	0.03422	0.02528	0.02480	0.01957	0.02611	0.12363	0.01590	0.40975	0.03535	0.16379	0.02237	0.02181	0.01557	0.01030	0.00860	0.00258	0.01014	0.00768	0.00846	0.01409
36	0.03267	0.03888	0.02495	0.02209	0.02698	0.55910	0.01681	0.12531	0.02728	0.02664	0.01466	0.01655	0.01180	0.00922	0.00800	0.00231	0.01477	0.00597	0.00516	0.01086
37	0.01058	0.00779	0.00992	0.01163	0.01251	0.00713	0.00787	0.01220	0.01720	0.02247	0.05442	0.59276	0.14859	0.02650	0.01100	0.00345	0.00496	0.02379	0.00810	0.00713
38	0.02104	0.01990	0.03268	0.04715	0.54175	0.01929	0.02418	0.02601	0.01958	0.02849	0.01627	0.02104	0.01368	0.00757	0.00829	0.00239	0.00975	0.00736	0.00445	0.12912
39	0.01861	0.18302	0.41896	0.12458	0.03791	0.02323	0.02720	0.02646	0.01811	0.02524	0.01486	0.01821	0.01117	0.00818	0.00777	0.00259	0.01192	0.00626	0.00372	0.01202

[dist]
# distance from previous block
# <min> <max>
0	5

[block]
# block no. 2 follows, 20 sequences, length 12
# corresponding to MSA columns:
# 117-128
name=unknown_C
#
# <colnr> <probs for GDERKNQSTAVLIFYWHMCP>
#	G	D	E	R	K	N	Q	S	T	A	V	L	I	F	Y	W	H	M	C	P
0	0.01894	0.01927	0.03031	0.02481	0.02646	0.02493	0.12243	0.02189	0.01468	0.02217	0.01327	0.02080	0.01240	0.01693	0.06388	0.00429	0.52053	0.00821	0.00397	0.00983
1	0.01859	0.16835	0.53464	0.02299	0.03486	0.02295	0.02897	0.02734	0.01829	0.02629	0.01499	0.01758	0.01108	0.00813	0.00778	0.00259	0.01222	0.00611	0.00369	0.01257
2	0.02668	0.01792	0.02257	0.18572	0.03242	0.01979	0.01654	0.24204	0.06596	0.14584	0.02360	0.02549	0.01695	0.01307	0.04326	0.00329	0.00984	0.00822	0.06828	0.01252
3	0.01369	0.01205	0.01634	0.02126	0.17402	0.01114	0.01276	0.01689	0.01990	0.02516	0.06447	0.06974	0.40088	0.01866	0.01010	0.00299	0.00641	0.08730	0.00712	0.00911
4	0.01723	0.03750	0.48815	0.19154	0.04350	0.02003	0.03017	0.02625	0.01817	0.02625	0.01562	0.01966	0.01120	0.00840	0.00840	0.00280	0.01257	0.00678	0.00373	0.01207
5	0.02053	0.19367	0.03533	0.22609	0.30963	0.02388	0.02297	0.02528	0.01860	0.02461	0.01504	0.02013	0.01250	0.00797	0.00788	0.00250	0.01047	0.00697	0.00404	0.01193
6	0.01723	0.03750	0.48815	0.19154	0.04350	0.02003	0.03017	0.02625	0.01817	0.02625	0.01562	0.01966	0.01120	0.00840	0.00840	0.00280	0.01257	0.00678	0.00373	0.01207
7	0.03077	0.01646	0.02353	0.02529	0.18046	0.01565	0.01624	0.03727	0.09691	0.37291	0.06821	0.03022	0.02408	0.01059	0.00885	0.00271	0.00790	0.00910	0.00882	0.01403
8	0.03041	0.20452	0.03065	0.01966	0.02582	0.27057	0.01626	0.23962	0.02878	0.03324	0.01582	0.01716	0.01252	0.00913	0.00759	0.00228	0.01188	0.00618	0.00582	0.01209
9	0.02362	0.03373	0.19386	0.08058	0.03835	0.20681	0.20833	0.06049	0.02207	0.02692	0.01592	0.01978	0.01205	0.00835	0.00886	0.00267	0.01401	0.00761	0.00444	0.01157
10	0.02810	0.02121	0.01978	0.01733	0.02188	0.18868	0.01356	0.03402	0.10427	0.23147	0.02604	0.02747	0.01953	0.02451	0.17586	0.00553	0.01371	0.00821	0.00725	0.01160
11	0.02728	0.02950	0.18444	0.02057	0.02855	0.08321	0.01970	0.25811	0.11393	0.08570	0.02173	0.02198	0.01562	0.00982	0.00846	0.00262	0.01036	0.00752	0.00706	0.04385

[dist]
# distance from previous block
# <min> <max>
0	4

# created by:
# /home/cegg/simao/soft/augustus-3.2.1/scripts/msa2prfl.pl ./align_prep/14545.fa
