[name]
unknown

[dist]
# distance from previous block
# <min> <max>
0	0

[block]
# block no. 0 follows, 22 sequences, length 60
# corresponding to MSA columns:
# 0-59
name=unknown_A
#
# <colnr> <probs for GDERKNQSTAVLIFYWHMCP>
#	G	D	E	R	K	N	Q	S	T	A	V	L	I	F	Y	W	H	M	C	P
0	0.01339	0.00956	0.01339	0.01530	0.01721	0.00956	0.01339	0.01721	0.01912	0.02486	0.04399	0.09371	0.04781	0.02295	0.01147	0.00382	0.00765	0.60031	0.00765	0.00765
1	0.02221	0.71304	0.04353	0.01421	0.02132	0.03287	0.01421	0.02488	0.01688	0.01955	0.01155	0.01333	0.01066	0.00711	0.00533	0.00178	0.00888	0.00444	0.00355	0.01066
2	0.02150	0.41493	0.03931	0.03003	0.29432	0.02722	0.01907	0.02514	0.01776	0.02281	0.01330	0.01644	0.01174	0.00723	0.00657	0.00207	0.00931	0.00571	0.00379	0.01174
3	0.03103	0.03959	0.02354	0.02140	0.02568	0.67469	0.01605	0.03317	0.02354	0.02033	0.01284	0.01498	0.01070	0.00856	0.00749	0.00214	0.01498	0.00535	0.00428	0.00963
4	0.01208	0.00805	0.00906	0.00906	0.00906	0.00805	0.00503	0.01208	0.01208	0.01611	0.02618	0.05436	0.03020	0.70804	0.04228	0.00805	0.00805	0.01208	0.00503	0.00503
5	0.01165	0.00849	0.01095	0.01034	0.01234	0.00779	0.00775	0.01547	0.02326	0.03270	0.61986	0.06306	0.11075	0.01721	0.00980	0.00262	0.00394	0.01517	0.00906	0.00779
6	0.03117	0.03560	0.02388	0.02084	0.02570	0.51585	0.01599	0.17890	0.02734	0.02817	0.01458	0.01620	0.01154	0.00891	0.00769	0.00223	0.01355	0.00587	0.00527	0.01073
7	0.01925	0.34410	0.34913	0.01930	0.02857	0.02576	0.02256	0.02531	0.01698	0.02291	0.01317	0.01567	0.01061	0.00791	0.00781	0.00230	0.04832	0.00544	0.00354	0.01137
8	0.02035	0.28232	0.09054	0.02881	0.23363	0.02581	0.02020	0.02421	0.01676	0.02275	0.01306	0.01709	0.01153	0.00879	0.01100	0.00246	0.14947	0.00615	0.00375	0.01131
9	0.02221	0.71304	0.04353	0.01421	0.02132	0.03287	0.01421	0.02488	0.01688	0.01955	0.01155	0.01333	0.01066	0.00711	0.00533	0.00178	0.00888	0.00444	0.00355	0.01066
10	0.01666	0.04297	0.66500	0.02368	0.03596	0.01929	0.03069	0.02631	0.01754	0.02631	0.01491	0.01754	0.01052	0.00789	0.00789	0.00263	0.01228	0.00614	0.00351	0.01228
11	0.01938	0.02336	0.08200	0.03381	0.04206	0.02111	0.56671	0.02631	0.01919	0.02631	0.01644	0.02196	0.01242	0.00738	0.01046	0.00283	0.04347	0.00949	0.00414	0.01117
12	0.01012	0.00723	0.00964	0.01157	0.01205	0.00675	0.00771	0.01157	0.01591	0.02121	0.04579	0.70262	0.05495	0.02603	0.01060	0.00337	0.00482	0.02362	0.00771	0.00675
13	0.01009	0.00808	0.00907	0.00980	0.01179	0.00705	0.00712	0.01206	0.01794	0.02215	0.06944	0.28749	0.42457	0.02279	0.01016	0.00304	0.00458	0.04810	0.00771	0.00696
14	0.02056	0.01974	0.03372	0.05099	0.65622	0.01974	0.02550	0.02550	0.01892	0.02714	0.01563	0.02056	0.01316	0.00740	0.00822	0.00247	0.00987	0.00740	0.00411	0.01316
15	0.01860	0.01400	0.01579	0.01495	0.01839	0.01531	0.01126	0.03300	0.37984	0.08472	0.03770	0.25389	0.03477	0.01609	0.00916	0.00298	0.00603	0.01403	0.00837	0.01111
16	0.01012	0.00723	0.00964	0.01157	0.01205	0.00675	0.00771	0.01157	0.01591	0.02121	0.04579	0.70262	0.05495	0.02603	0.01060	0.00337	0.00482	0.02362	0.00771	0.00675
17	0.01012	0.00723	0.00964	0.01157	0.01205	0.00675	0.00771	0.01157	0.01591	0.02121	0.04579	0.70262	0.05495	0.02603	0.01060	0.00337	0.00482	0.02362	0.00771	0.00675
18	0.02026	0.02057	0.03850	0.04600	0.46490	0.02013	0.21299	0.02584	0.01913	0.02698	0.01599	0.02114	0.01299	0.00728	0.00872	0.00257	0.01116	0.00815	0.00414	0.01255
19	0.03103	0.03959	0.02354	0.02140	0.02568	0.67469	0.01605	0.03317	0.02354	0.02033	0.01284	0.01498	0.01070	0.00856	0.00749	0.00214	0.01498	0.00535	0.00428	0.00963
20	0.01879	0.01739	0.02650	0.25490	0.27716	0.01911	0.02106	0.02819	0.16296	0.02693	0.01953	0.02336	0.01526	0.00855	0.00821	0.00259	0.00933	0.00774	0.00502	0.04743
21	0.01723	0.01477	0.01723	0.01230	0.01969	0.01107	0.00984	0.02092	0.01723	0.02707	0.01477	0.01723	0.01230	0.00615	0.00615	0.00123	0.00615	0.00492	0.00492	0.75883
22	0.02320	0.01599	0.01942	0.01943	0.09121	0.01691	0.01375	0.03716	0.34591	0.17684	0.03627	0.03649	0.07646	0.01202	0.00867	0.00277	0.00691	0.03970	0.00829	0.01259
23	0.01208	0.00805	0.00906	0.00906	0.00906	0.00805	0.00503	0.01208	0.01208	0.01611	0.02618	0.05436	0.03020	0.70804	0.04228	0.00805	0.00805	0.01208	0.00503	0.00503
24	0.19725	0.02165	0.02206	0.01727	0.02358	0.02416	0.01426	0.49239	0.03344	0.04896	0.01806	0.01849	0.01297	0.00946	0.00760	0.00251	0.00853	0.00681	0.00760	0.01297
25	0.01693	0.07479	0.63549	0.02323	0.03526	0.01994	0.02991	0.02624	0.01751	0.02599	0.01475	0.01734	0.01053	0.00786	0.00777	0.00259	0.01212	0.00606	0.00351	0.01220
26	0.01856	0.27214	0.45245	0.02044	0.03095	0.02394	0.02506	0.02582	0.01731	0.02400	0.01376	0.01610	0.01057	0.00762	0.00702	0.00234	0.01112	0.00556	0.00352	0.01172
27	0.01022	0.00734	0.00955	0.01127	0.01183	0.00684	0.00749	0.01161	0.01583	0.02097	0.04652	0.63426	0.08279	0.06561	0.01242	0.00362	0.00498	0.02265	0.00756	0.00666
28	0.00982	0.00842	0.00842	0.00842	0.01122	0.00701	0.00631	0.01192	0.01894	0.02244	0.08416	0.07995	0.65285	0.02104	0.00982	0.00281	0.00421	0.01753	0.00771	0.00701
29	0.02221	0.71304	0.04353	0.01421	0.02132	0.03287	0.01421	0.02488	0.01688	0.01955	0.01155	0.01333	0.01066	0.00711	0.00533	0.00178	0.00888	0.00444	0.00355	0.01066
30	0.01200	0.00838	0.01074	0.01074	0.01132	0.00896	0.00712	0.01316	0.01258	0.01735	0.02464	0.04588	0.02652	0.45580	0.28949	0.01012	0.01360	0.01084	0.00481	0.00596
31	0.01187	0.00890	0.01335	0.01335	0.01483	0.01038	0.01038	0.01483	0.01335	0.01928	0.02225	0.03264	0.02077	0.06231	0.67512	0.01335	0.02225	0.00890	0.00445	0.00742
32	0.01012	0.00723	0.00964	0.01157	0.01205	0.00675	0.00771	0.01157	0.01591	0.02121	0.04579	0.70262	0.05495	0.02603	0.01060	0.00337	0.00482	0.02362	0.00771	0.00675
33	0.03286	0.02121	0.02366	0.01814	0.02474	0.02271	0.01498	0.49601	0.03562	0.18974	0.02284	0.02182	0.01558	0.01004	0.00832	0.00251	0.00867	0.00768	0.00875	0.01413
34	0.01556	0.01488	0.02622	0.02132	0.02440	0.01674	0.19128	0.01927	0.01496	0.02139	0.01834	0.02767	0.01672	0.07313	0.29824	0.00778	0.17014	0.00898	0.00423	0.00876
35	0.03133	0.03083	0.02429	0.02017	0.02573	0.32631	0.01591	0.35279	0.03187	0.03752	0.01666	0.01765	0.01254	0.00932	0.00793	0.00233	0.01185	0.00649	0.00644	0.01205
36	0.76672	0.01607	0.01221	0.01092	0.01607	0.01864	0.00900	0.02442	0.01414	0.03727	0.01157	0.01350	0.00900	0.00771	0.00514	0.00257	0.00643	0.00450	0.00514	0.00900
37	0.01549	0.00774	0.00774	0.00774	0.00968	0.00774	0.00581	0.01936	0.01742	0.03097	0.02710	0.03097	0.02129	0.00968	0.00581	0.00194	0.00387	0.00774	0.75416	0.00774
38	0.02350	0.02129	0.03435	0.03864	0.35130	0.02171	0.14563	0.19743	0.02479	0.03421	0.01710	0.02076	0.01332	0.00805	0.00857	0.00254	0.01051	0.00792	0.00533	0.01303
39	0.01136	0.00848	0.01055	0.01003	0.01217	0.00767	0.00753	0.01491	0.02258	0.03109	0.53567	0.06572	0.19594	0.01781	0.00980	0.00265	0.00398	0.01554	0.00885	0.00767
40	0.02374	0.02431	0.02020	0.01824	0.02281	0.21502	0.01401	0.04088	0.45766	0.03047	0.02758	0.02624	0.02100	0.01047	0.00817	0.00262	0.00907	0.00819	0.00721	0.01210
41	0.01666	0.04297	0.66500	0.02368	0.03596	0.01929	0.03069	0.02631	0.01754	0.02631	0.01491	0.01754	0.01052	0.00789	0.00789	0.00263	0.01228	0.00614	0.00351	0.01228
42	0.02056	0.01974	0.03372	0.05099	0.65622	0.01974	0.02550	0.02550	0.01892	0.02714	0.01563	0.02056	0.01316	0.00740	0.00822	0.00247	0.00987	0.00740	0.00411	0.01316
43	0.03158	0.02327	0.02493	0.01911	0.02576	0.02576	0.01579	0.62852	0.03906	0.05236	0.01995	0.01995	0.01413	0.00997	0.00831	0.00249	0.00914	0.00748	0.00831	0.01413
44	0.01631	0.00853	0.00862	0.00832	0.01050	0.00866	0.00632	0.05038	0.01852	0.03206	0.02674	0.03041	0.02093	0.00969	0.00593	0.00196	0.00414	0.00773	0.71618	0.00807
45	0.01056	0.00742	0.00951	0.01100	0.01138	0.00704	0.00711	0.01168	0.01504	0.02006	0.04137	0.55653	0.04937	0.17972	0.01774	0.00443	0.00555	0.02102	0.00711	0.00636
46	0.01569	0.01477	0.02492	0.68808	0.05722	0.01846	0.02307	0.02123	0.01661	0.02123	0.01477	0.02215	0.01107	0.00831	0.00831	0.00277	0.01107	0.00738	0.00369	0.00923
47	0.01067	0.00746	0.00948	0.01086	0.01121	0.00712	0.00696	0.01171	0.01483	0.01977	0.04027	0.52026	0.04798	0.21788	0.01952	0.00469	0.00573	0.02037	0.00696	0.00627
48	0.00982	0.00842	0.00842	0.00842	0.01122	0.00701	0.00631	0.01192	0.01894	0.02244	0.08416	0.07995	0.65285	0.02104	0.00982	0.00281	0.00421	0.01753	0.00771	0.00701
49	0.03158	0.02327	0.02493	0.01911	0.02576	0.02576	0.01579	0.62852	0.03906	0.05236	0.01995	0.01995	0.01413	0.00997	0.00831	0.00249	0.00914	0.00748	0.00831	0.01413
50	0.01012	0.00723	0.00964	0.01157	0.01205	0.00675	0.00771	0.01157	0.01591	0.02121	0.04579	0.70262	0.05495	0.02603	0.01060	0.00337	0.00482	0.02362	0.00771	0.00675
51	0.01111	0.00842	0.00964	0.00955	0.01143	0.00764	0.00688	0.01337	0.01876	0.02438	0.23752	0.06964	0.30774	0.17476	0.01722	0.00399	0.00518	0.04839	0.00753	0.00685
52	0.01012	0.00723	0.00964	0.01157	0.01205	0.00675	0.00771	0.01157	0.01591	0.02121	0.04579	0.70262	0.05495	0.02603	0.01060	0.00337	0.00482	0.02362	0.00771	0.00675
53	0.01818	0.01818	0.02545	0.02181	0.02181	0.02545	0.01818	0.01999	0.01272	0.01999	0.01091	0.01818	0.01091	0.01454	0.02726	0.00364	0.69284	0.00727	0.00364	0.00909
54	0.02014	0.01914	0.03253	0.04891	0.61890	0.01914	0.02479	0.02501	0.01893	0.02701	0.01728	0.02483	0.01518	0.00831	0.00841	0.00255	0.00974	0.04203	0.00432	0.01284
55	0.03158	0.02327	0.02493	0.01911	0.02576	0.02576	0.01579	0.62852	0.03906	0.05236	0.01995	0.01995	0.01413	0.00997	0.00831	0.00249	0.00914	0.00748	0.00831	0.01413
56	0.01073	0.00824	0.00998	0.01112	0.01287	0.00749	0.00842	0.01298	0.01787	0.02253	0.06105	0.31106	0.29756	0.02330	0.01048	0.00324	0.00521	0.15109	0.00770	0.00706
57	0.02096	0.56204	0.18358	0.01635	0.02462	0.02981	0.01793	0.02520	0.01703	0.02107	0.01231	0.01428	0.01063	0.00728	0.00591	0.00197	0.00965	0.00482	0.00354	0.01103
58	0.02753	0.03132	0.02625	0.02926	0.20283	0.39590	0.01852	0.08336	0.05966	0.02587	0.01547	0.01792	0.01255	0.00852	0.00782	0.00230	0.01255	0.00635	0.00483	0.01122
59	0.01016	0.00794	0.00922	0.00993	0.01169	0.00700	0.00706	0.01220	0.01821	0.02315	0.13177	0.33292	0.34394	0.02263	0.01014	0.00302	0.00443	0.01974	0.00787	0.00700

[dist]
# distance from previous block
# <min> <max>
2	14

[block]
# block no. 1 follows, 22 sequences, length 7
# corresponding to MSA columns:
# 74-80
name=unknown_B
#
# <colnr> <probs for GDERKNQSTAVLIFYWHMCP>
#	G	D	E	R	K	N	Q	S	T	A	V	L	I	F	Y	W	H	M	C	P
0	0.02472	0.03066	0.07318	0.03224	0.18768	0.31001	0.16849	0.02922	0.02105	0.02394	0.01464	0.01835	0.01177	0.00785	0.00826	0.00241	0.01330	0.00700	0.00417	0.01106
1	0.03048	0.02103	0.02306	0.01812	0.02439	0.02296	0.01482	0.44372	0.14168	0.13546	0.02417	0.02305	0.01699	0.01024	0.00834	0.00256	0.00840	0.00794	0.00861	0.01396
2	0.01390	0.01117	0.01288	0.01323	0.01575	0.01160	0.01012	0.02270	0.20986	0.02630	0.04980	0.25568	0.16967	0.01988	0.00993	0.00316	0.00574	0.12176	0.00793	0.00894
3	0.02472	0.02069	0.02009	0.01663	0.02138	0.11165	0.01321	0.31951	0.06913	0.04088	0.21456	0.03290	0.03414	0.01201	0.00866	0.00250	0.00820	0.00962	0.00801	0.01149
4	0.01300	0.00977	0.01173	0.01152	0.01379	0.00920	0.00842	0.07460	0.02067	0.02779	0.19482	0.32877	0.16192	0.02022	0.00979	0.00288	0.00500	0.01778	0.00796	0.05039
5	0.01704	0.16853	0.09714	0.02212	0.02827	0.01906	0.24445	0.02180	0.01810	0.02407	0.05827	0.19385	0.02634	0.01247	0.00885	0.00270	0.00985	0.01206	0.00516	0.00988
6	0.02780	0.01620	0.01934	0.01469	0.02103	0.01497	0.01187	0.18017	0.02475	0.26473	0.02345	0.02455	0.01703	0.05775	0.01003	0.00252	0.00737	0.00732	0.00774	0.24668

[dist]
# distance from previous block
# <min> <max>
0	4

[block]
# block no. 2 follows, 22 sequences, length 7
# corresponding to MSA columns:
# 85-91
name=unknown_C
#
# <colnr> <probs for GDERKNQSTAVLIFYWHMCP>
#	G	D	E	R	K	N	Q	S	T	A	V	L	I	F	Y	W	H	M	C	P
0	0.10135	0.02616	0.02165	0.01928	0.02266	0.27486	0.01513	0.03168	0.17659	0.02566	0.01754	0.01971	0.01430	0.01069	0.01254	0.00274	0.18511	0.00678	0.00526	0.01032
1	0.23187	0.11970	0.40001	0.01884	0.02842	0.02082	0.02241	0.02559	0.01648	0.02859	0.01353	0.01585	0.01010	0.00774	0.00678	0.00251	0.01018	0.00546	0.00398	0.01114
2	0.05484	0.06669	0.02351	0.02313	0.13612	0.14425	0.01586	0.11331	0.13746	0.05678	0.02566	0.03172	0.04875	0.01116	0.00826	0.00260	0.00930	0.07282	0.00635	0.01143
3	0.02055	0.24640	0.02971	0.16532	0.07877	0.02344	0.01665	0.13407	0.02075	0.02685	0.01874	0.11085	0.01761	0.01087	0.00860	0.00249	0.04403	0.00863	0.00508	0.01058
4	0.02872	0.03380	0.02594	0.02787	0.16753	0.47472	0.01815	0.07974	0.02376	0.02446	0.01404	0.01664	0.01153	0.00841	0.00772	0.00224	0.01336	0.00598	0.00457	0.01079
5	0.02409	0.21623	0.03574	0.02297	0.02853	0.25082	0.17163	0.02757	0.01936	0.02168	0.01326	0.01683	0.01120	0.00852	0.00998	0.00240	0.09847	0.00648	0.00398	0.01025
6	0.02239	0.02490	0.11713	0.07739	0.30887	0.08389	0.02240	0.11926	0.08656	0.03059	0.01774	0.02069	0.01383	0.00843	0.00815	0.00252	0.01033	0.00724	0.00510	0.01259

[dist]
# distance from previous block
# <min> <max>
4	6

[block]
# block no. 3 follows, 22 sequences, length 23
# corresponding to MSA columns:
# 98-120
name=unknown_D
#
# <colnr> <probs for GDERKNQSTAVLIFYWHMCP>
#	G	D	E	R	K	N	Q	S	T	A	V	L	I	F	Y	W	H	M	C	P
0	0.02389	0.02684	0.20707	0.02116	0.02799	0.02242	0.04442	0.23397	0.06149	0.07879	0.01827	0.02024	0.01350	0.01029	0.01212	0.00280	0.14903	0.00732	0.00598	0.01240
1	0.01632	0.01207	0.01474	0.01563	0.07280	0.01231	0.01015	0.08392	0.09435	0.05195	0.07320	0.17533	0.10279	0.20549	0.01831	0.00427	0.00680	0.01375	0.00699	0.00881
2	0.02090	0.02298	0.08926	0.04366	0.50430	0.06236	0.02430	0.02767	0.07248	0.02727	0.01694	0.02082	0.01381	0.00785	0.00817	0.00249	0.01014	0.00732	0.00444	0.01285
3	0.02132	0.02209	0.02921	0.12503	0.41885	0.14159	0.02226	0.02575	0.01978	0.02550	0.05636	0.02242	0.01667	0.00836	0.00820	0.00245	0.01060	0.00751	0.00442	0.01164
4	0.01666	0.04297	0.66500	0.02368	0.03596	0.01929	0.03069	0.02631	0.01754	0.02631	0.01491	0.01754	0.01052	0.00789	0.00789	0.00263	0.01228	0.00614	0.00351	0.01228
5	0.01012	0.00723	0.00964	0.01157	0.01205	0.00675	0.00771	0.01157	0.01591	0.02121	0.04579	0.70262	0.05495	0.02603	0.01060	0.00337	0.00482	0.02362	0.00771	0.00675
6	0.02931	0.17456	0.02778	0.01965	0.02481	0.46232	0.01564	0.10652	0.02414	0.02421	0.01347	0.01527	0.01112	0.00844	0.00715	0.00211	0.01300	0.00543	0.00464	0.01041
7	0.01304	0.00853	0.01153	0.01153	0.01316	0.00953	0.00890	0.01630	0.01467	0.02307	0.02382	0.03210	0.02094	0.04526	0.45831	0.00965	0.01630	0.00853	0.24731	0.00752
8	0.02013	0.16540	0.16064	0.03810	0.40430	0.02232	0.02423	0.02553	0.01823	0.02543	0.01465	0.01849	0.01213	0.00744	0.00757	0.00236	0.01015	0.00655	0.00388	0.01248
9	0.01985	0.10341	0.18039	0.04054	0.44148	0.02112	0.02542	0.02561	0.01837	0.02609	0.01500	0.01905	0.01227	0.00748	0.00782	0.00243	0.01031	0.00678	0.00391	0.01267
10	0.01054	0.00753	0.01012	0.01205	0.01272	0.00711	0.00844	0.01230	0.01632	0.02168	0.04555	0.62404	0.05402	0.02563	0.01072	0.00343	0.00518	0.09804	0.00770	0.00686
11	0.01020	0.00837	0.00898	0.00895	0.01148	0.00716	0.00667	0.01261	0.01965	0.02442	0.18873	0.10664	0.51630	0.02052	0.00985	0.00280	0.00418	0.01736	0.00798	0.00716
12	0.01856	0.02928	0.30179	0.08377	0.35048	0.01946	0.02754	0.02554	0.01817	0.02637	0.01526	0.01939	0.01189	0.00767	0.00809	0.00256	0.01098	0.00686	0.00383	0.01251
13	0.02969	0.02076	0.15056	0.01702	0.02429	0.01538	0.01616	0.03835	0.14854	0.40461	0.02935	0.02665	0.01950	0.01000	0.00828	0.00263	0.00803	0.00812	0.00853	0.01356
14	0.01005	0.00753	0.00933	0.01077	0.01184	0.00681	0.00736	0.01166	0.01667	0.02152	0.05545	0.54588	0.20545	0.02477	0.01041	0.00323	0.00467	0.02209	0.00771	0.00681
15	0.02070	0.07922	0.03456	0.04784	0.60175	0.02087	0.02453	0.02544	0.01874	0.02649	0.01528	0.01994	0.01294	0.00738	0.00798	0.00241	0.00978	0.00715	0.00406	0.01294
16	0.01820	0.03327	0.39061	0.03268	0.19349	0.01973	0.14100	0.02616	0.01827	0.02657	0.01544	0.01921	0.01158	0.00760	0.00833	0.00262	0.01200	0.00714	0.00379	0.01230
17	0.01169	0.00798	0.00956	0.00992	0.01015	0.00802	0.00602	0.01224	0.01291	0.01735	0.02949	0.17392	0.03398	0.52138	0.09397	0.00766	0.00874	0.01395	0.00548	0.00557
18	0.02467	0.43162	0.09020	0.01742	0.02403	0.24512	0.01624	0.02776	0.01915	0.02039	0.01227	0.01424	0.01066	0.00766	0.00627	0.00197	0.01120	0.00489	0.00379	0.01046
19	0.02029	0.29526	0.14102	0.02720	0.11356	0.02521	0.21560	0.02574	0.01813	0.02387	0.01430	0.01786	0.01159	0.00723	0.00755	0.00233	0.01119	0.00682	0.00383	0.01141
20	0.02909	0.03552	0.02265	0.02056	0.02492	0.55208	0.01551	0.03523	0.13934	0.02304	0.01677	0.01798	0.01345	0.00907	0.00767	0.00227	0.01341	0.00611	0.00506	0.01029
21	0.01635	0.01167	0.01498	0.01380	0.01639	0.01317	0.01089	0.14028	0.01911	0.02752	0.02241	0.02984	0.01949	0.04487	0.45307	0.00967	0.01721	0.00846	0.10199	0.00882
22	0.02037	0.03554	0.34568	0.05685	0.07659	0.15296	0.14223	0.02748	0.01921	0.02498	0.01490	0.01836	0.01116	0.00784	0.00822	0.00256	0.01295	0.00683	0.00385	0.01145

[dist]
# distance from previous block
# <min> <max>
0	1

[block]
# block no. 4 follows, 22 sequences, length 11
# corresponding to MSA columns:
# 122-132
name=unknown_E
#
# <colnr> <probs for GDERKNQSTAVLIFYWHMCP>
#	G	D	E	R	K	N	Q	S	T	A	V	L	I	F	Y	W	H	M	C	P
0	0.01877	0.29777	0.42869	0.02008	0.03039	0.02446	0.02443	0.02576	0.01729	0.02374	0.01363	0.01594	0.01058	0.00759	0.00692	0.00231	0.01099	0.00549	0.00353	0.01166
1	0.01666	0.04297	0.66500	0.02368	0.03596	0.01929	0.03069	0.02631	0.01754	0.02631	0.01491	0.01754	0.01052	0.00789	0.00789	0.00263	0.01228	0.00614	0.00351	0.01228
2	0.01643	0.01685	0.01372	0.01333	0.01629	0.16517	0.00987	0.02154	0.11043	0.02350	0.05238	0.18292	0.29047	0.01769	0.00923	0.00277	0.00720	0.01472	0.00702	0.00847
3	0.01799	0.01013	0.01251	0.01115	0.01388	0.00942	0.00819	0.02143	0.04947	0.17461	0.24308	0.05292	0.12205	0.19573	0.01786	0.00405	0.00590	0.01274	0.00813	0.00873
4	0.02042	0.02013	0.03596	0.04865	0.56658	0.01992	0.11335	0.02566	0.01902	0.02706	0.01580	0.02083	0.01308	0.00734	0.00846	0.00252	0.01047	0.00775	0.00413	0.01287
5	0.03017	0.03796	0.02438	0.02383	0.07750	0.62087	0.01683	0.03254	0.02316	0.02089	0.01307	0.01544	0.01090	0.00847	0.00755	0.00217	0.01456	0.00552	0.00427	0.00992
6	0.01124	0.00770	0.00931	0.01013	0.01034	0.00749	0.00618	0.01186	0.01372	0.01829	0.03457	0.33177	0.04079	0.41619	0.02873	0.00605	0.00667	0.01702	0.00618	0.00577
7	0.03116	0.03577	0.02387	0.02087	0.02570	0.52287	0.01599	0.17246	0.02717	0.02782	0.01450	0.01614	0.01150	0.00889	0.00768	0.00222	0.01361	0.00585	0.00522	0.01068
8	0.01237	0.00830	0.01083	0.01100	0.01267	0.00761	0.00794	0.01521	0.02036	0.06124	0.35583	0.30791	0.09661	0.02033	0.01003	0.00291	0.00445	0.01811	0.00858	0.00771
9	0.01163	0.00786	0.00919	0.00964	0.00975	0.00775	0.00565	0.01196	0.01296	0.01728	0.03067	0.20302	0.03588	0.55165	0.03502	0.00698	0.00731	0.01473	0.00565	0.00543
10	0.01376	0.01129	0.01703	0.02335	0.21211	0.01105	0.01272	0.01601	0.01608	0.02204	0.03249	0.36107	0.03700	0.15604	0.01617	0.00402	0.00704	0.01627	0.00606	0.00840

[dist]
# distance from previous block
# <min> <max>
0	1

# created by:
# /home/cegg/simao/soft/augustus-3.2.1/scripts/msa2prfl.pl ./align_prep/14543.fa
