[name]
unknown

[dist]
# distance from previous block
# <min> <max>
0	36

[block]
# block no. 0 follows, 22 sequences, length 23
# corresponding to MSA columns:
# 36-58
name=unknown_A
#
# <colnr> <probs for GDERKNQSTAVLIFYWHMCP>
#	G	D	E	R	K	N	Q	S	T	A	V	L	I	F	Y	W	H	M	C	P
0	0.01339	0.00956	0.01339	0.01530	0.01721	0.00956	0.01339	0.01721	0.01912	0.02486	0.04399	0.09371	0.04781	0.02295	0.01147	0.00382	0.00765	0.60031	0.00765	0.00765
1	0.02355	0.02671	0.05769	0.04092	0.43991	0.21682	0.02288	0.02784	0.02025	0.02506	0.01476	0.01875	0.01231	0.00777	0.00799	0.00238	0.01151	0.00673	0.00414	0.01206
2	0.02489	0.02601	0.02904	0.07134	0.35307	0.22147	0.02127	0.10243	0.02271	0.02787	0.01526	0.01885	0.01242	0.00812	0.00801	0.00239	0.01141	0.00678	0.00466	0.01199
3	0.01981	0.01192	0.01393	0.01220	0.01624	0.01117	0.00974	0.08567	0.05290	0.18444	0.11604	0.05781	0.30023	0.01650	0.00935	0.00277	0.00576	0.05502	0.00858	0.00993
4	0.10060	0.02682	0.02004	0.01733	0.02197	0.30114	0.01341	0.19787	0.02585	0.03123	0.02522	0.02707	0.10114	0.04339	0.00944	0.00265	0.01065	0.00787	0.00602	0.01027
5	0.02683	0.01987	0.02164	0.01754	0.02289	0.02181	0.01408	0.47663	0.06869	0.04536	0.02571	0.15203	0.02262	0.01314	0.00876	0.00268	0.00816	0.01070	0.00820	0.01265
6	0.01095	0.00782	0.00915	0.00985	0.01055	0.00739	0.00625	0.01186	0.01474	0.01914	0.04405	0.29528	0.15443	0.33244	0.02473	0.00538	0.00616	0.01729	0.00651	0.00602
7	0.02088	0.01050	0.01372	0.01224	0.01580	0.00933	0.00961	0.02395	0.02167	0.26358	0.21799	0.13355	0.13817	0.01664	0.00948	0.00281	0.00551	0.05559	0.00907	0.00991
8	0.02272	0.02540	0.02664	0.27440	0.19756	0.26658	0.02104	0.02682	0.01981	0.02239	0.01426	0.01904	0.01146	0.00817	0.00798	0.00245	0.01224	0.00662	0.00402	0.01038
9	0.08039	0.03058	0.32265	0.03182	0.18994	0.01972	0.15471	0.02601	0.01804	0.02749	0.01522	0.01899	0.01150	0.00757	0.00816	0.00262	0.01156	0.00710	0.00394	0.01200
10	0.01059	0.00743	0.00950	0.01097	0.01134	0.00706	0.00707	0.01169	0.01499	0.01999	0.04111	0.54817	0.04905	0.18853	0.01815	0.00449	0.00559	0.02087	0.00707	0.00634
11	0.08141	0.01845	0.03020	0.17354	0.48485	0.01939	0.02365	0.02456	0.01806	0.02681	0.01512	0.02029	0.01240	0.00761	0.00799	0.00254	0.00982	0.00716	0.00411	0.01204
12	0.04818	0.01904	0.02180	0.28220	0.03489	0.13684	0.01757	0.05143	0.01782	0.02311	0.01562	0.02177	0.01293	0.01749	0.11096	0.00432	0.11241	0.00713	0.03530	0.00917
13	0.01134	0.00823	0.01023	0.01013	0.01166	0.00762	0.00717	0.01405	0.02000	0.02744	0.39379	0.15254	0.13812	0.13274	0.01527	0.00364	0.00476	0.01605	0.00809	0.00712
14	0.01126	0.00792	0.00981	0.01052	0.01125	0.00756	0.00699	0.01275	0.01609	0.02161	0.14072	0.29936	0.07815	0.27184	0.02198	0.00494	0.00596	0.04793	0.00697	0.00637
15	0.02057	0.01962	0.03277	0.04883	0.61605	0.01980	0.02471	0.02668	0.05831	0.02762	0.01678	0.02122	0.01393	0.00765	0.00824	0.00249	0.00966	0.00753	0.00439	0.01316
16	0.01880	0.02375	0.16682	0.16657	0.40965	0.01940	0.02614	0.02486	0.01818	0.02584	0.01531	0.02022	0.01220	0.00768	0.00817	0.00256	0.01061	0.00713	0.00390	0.01222
17	0.17902	0.02114	0.09896	0.09216	0.40060	0.01935	0.02235	0.02500	0.01755	0.02872	0.01461	0.01885	0.01180	0.00760	0.00754	0.00253	0.00950	0.00664	0.00423	0.01185
18	0.03110	0.03767	0.02371	0.02113	0.02569	0.59843	0.01602	0.10314	0.02537	0.02410	0.01368	0.01556	0.01110	0.00873	0.00759	0.00218	0.01429	0.00560	0.00475	0.01016
19	0.18013	0.09857	0.02327	0.01741	0.02277	0.23894	0.01407	0.21602	0.02530	0.03370	0.01511	0.01689	0.01189	0.01120	0.03834	0.00283	0.01110	0.00591	0.00565	0.01091
20	0.02887	0.03333	0.02266	0.02021	0.02482	0.47046	0.01541	0.09478	0.15695	0.02660	0.01803	0.01889	0.01417	0.00928	0.00778	0.00232	0.01261	0.00643	0.00557	0.01083
21	0.01575	0.01369	0.02173	0.17693	0.02955	0.01438	0.10286	0.06175	0.01749	0.02397	0.02177	0.10599	0.02073	0.09123	0.15429	0.00543	0.01216	0.01014	0.00500	0.09516
22	0.02588	0.09672	0.02278	0.01864	0.02253	0.46897	0.01426	0.02818	0.02155	0.02108	0.05657	0.07602	0.01936	0.01422	0.05515	0.00303	0.01338	0.00764	0.00482	0.00922

[dist]
# distance from previous block
# <min> <max>
0	1

[block]
# block no. 1 follows, 22 sequences, length 34
# corresponding to MSA columns:
# 60-93
name=unknown_B
#
# <colnr> <probs for GDERKNQSTAVLIFYWHMCP>
#	G	D	E	R	K	N	Q	S	T	A	V	L	I	F	Y	W	H	M	C	P
0	0.03043	0.02296	0.02588	0.01983	0.02648	0.02527	0.04737	0.56883	0.06733	0.05016	0.02046	0.02061	0.01459	0.00988	0.00840	0.00252	0.00927	0.00769	0.00810	0.01393
1	0.03158	0.02327	0.02493	0.01911	0.02576	0.02576	0.01579	0.62852	0.03906	0.05236	0.01995	0.01995	0.01413	0.00997	0.00831	0.00249	0.00914	0.00748	0.00831	0.01413
2	0.01028	0.00843	0.00906	0.00890	0.01151	0.00721	0.00668	0.01282	0.02004	0.02505	0.22051	0.07565	0.51487	0.02007	0.00981	0.00276	0.00414	0.01693	0.00806	0.00721
3	0.01059	0.00743	0.00950	0.01097	0.01133	0.00706	0.00707	0.01169	0.01499	0.01998	0.04108	0.54691	0.04900	0.18984	0.01821	0.00450	0.00560	0.02085	0.00707	0.00634
4	0.02276	0.02010	0.03068	0.10788	0.44157	0.02108	0.02288	0.17222	0.02360	0.03269	0.01659	0.02057	0.01318	0.00812	0.00825	0.00250	0.00981	0.00742	0.00509	0.01300
5	0.03103	0.03959	0.02354	0.02140	0.02568	0.67469	0.01605	0.03317	0.02354	0.02033	0.01284	0.01498	0.01070	0.00856	0.00749	0.00214	0.01498	0.00535	0.00428	0.00963
6	0.01036	0.00833	0.00857	0.00857	0.01070	0.00726	0.00600	0.01196	0.01729	0.02092	0.07023	0.07380	0.50329	0.18606	0.01762	0.00407	0.00513	0.01622	0.00707	0.00654
7	0.02056	0.01974	0.03372	0.05099	0.65622	0.01974	0.02550	0.02550	0.01892	0.02714	0.01563	0.02056	0.01316	0.00740	0.00822	0.00247	0.00987	0.00740	0.00411	0.01316
8	0.01085	0.00875	0.00986	0.01041	0.01296	0.00775	0.00836	0.01346	0.01899	0.02314	0.07250	0.08394	0.47731	0.02159	0.01030	0.00310	0.00521	0.18661	0.00770	0.00720
9	0.01961	0.02241	0.04902	0.03501	0.04342	0.02101	0.62605	0.02661	0.01961	0.02661	0.01681	0.02241	0.01261	0.00700	0.00980	0.00280	0.01401	0.00980	0.00420	0.01120
10	0.02740	0.03259	0.02447	0.05932	0.05299	0.45735	0.01721	0.06069	0.02177	0.02227	0.01307	0.01646	0.01104	0.00968	0.01127	0.00248	0.13972	0.00601	0.00433	0.00989
11	0.01013	0.00852	0.00885	0.00902	0.01174	0.00724	0.00693	0.01238	0.01895	0.02265	0.08065	0.08115	0.60002	0.02121	0.00996	0.00289	0.00451	0.06842	0.00771	0.00707
12	0.01187	0.00890	0.01335	0.01335	0.01483	0.01038	0.01038	0.01483	0.01335	0.01928	0.02225	0.03264	0.02077	0.06231	0.67512	0.01335	0.02225	0.00890	0.00445	0.00742
13	0.03085	0.01895	0.02145	0.01689	0.02294	0.02004	0.01381	0.33945	0.11721	0.22891	0.02607	0.02456	0.01799	0.01023	0.00820	0.00253	0.00788	0.00802	0.05037	0.01364
14	0.03103	0.03959	0.02354	0.02140	0.02568	0.67469	0.01605	0.03317	0.02354	0.02033	0.01284	0.01498	0.01070	0.00856	0.00749	0.00214	0.01498	0.00535	0.00428	0.00963
15	0.02106	0.42249	0.25664	0.01811	0.02676	0.08431	0.02007	0.02610	0.01769	0.02195	0.01282	0.01493	0.01062	0.00751	0.00641	0.00210	0.01059	0.00511	0.00360	0.01113
16	0.02056	0.01974	0.03372	0.05099	0.65622	0.01974	0.02550	0.02550	0.01892	0.02714	0.01563	0.02056	0.01316	0.00740	0.00822	0.00247	0.00987	0.00740	0.00411	0.01316
17	0.01003	0.00840	0.00858	0.00855	0.01117	0.00711	0.00632	0.01212	0.01881	0.02266	0.10952	0.07774	0.59206	0.05626	0.01149	0.00307	0.00439	0.01713	0.00765	0.00695
18	0.03103	0.03959	0.02354	0.02140	0.02568	0.67469	0.01605	0.03317	0.02354	0.02033	0.01284	0.01498	0.01070	0.00856	0.00749	0.00214	0.01498	0.00535	0.00428	0.00963
19	0.02056	0.01974	0.03372	0.05099	0.65622	0.01974	0.02550	0.02550	0.01892	0.02714	0.01563	0.02056	0.01316	0.00740	0.00822	0.00247	0.00987	0.00740	0.00411	0.01316
20	0.01933	0.01848	0.03149	0.21211	0.50473	0.01941	0.02488	0.02442	0.01833	0.02564	0.01541	0.02096	0.01263	0.00763	0.00824	0.00254	0.01017	0.00740	0.00401	0.01216
21	0.01697	0.08022	0.63045	0.02315	0.03514	0.02005	0.02978	0.02623	0.01750	0.02593	0.01472	0.01731	0.01053	0.00785	0.00775	0.00258	0.01209	0.00604	0.00351	0.01219
22	0.01818	0.01818	0.02545	0.02181	0.02181	0.02545	0.01818	0.01999	0.01272	0.01999	0.01091	0.01818	0.01091	0.01454	0.02726	0.00364	0.69284	0.00727	0.00364	0.00909
23	0.01187	0.00890	0.01335	0.01335	0.01483	0.01038	0.01038	0.01483	0.01335	0.01928	0.02225	0.03264	0.02077	0.06231	0.67512	0.01335	0.02225	0.00890	0.00445	0.00742
24	0.01049	0.00844	0.00935	0.00912	0.01163	0.00730	0.00684	0.01323	0.02053	0.02622	0.28146	0.07373	0.45319	0.01963	0.00981	0.00274	0.00411	0.01666	0.00821	0.00730
25	0.01187	0.00890	0.01335	0.01335	0.01483	0.01038	0.01038	0.01483	0.01335	0.01928	0.02225	0.03264	0.02077	0.06231	0.67512	0.01335	0.02225	0.00890	0.00445	0.00742
26	0.01207	0.00811	0.00936	0.00936	0.00946	0.00821	0.00540	0.01227	0.01217	0.01633	0.02591	0.05287	0.02955	0.66373	0.08572	0.00842	0.00903	0.01186	0.00499	0.00520
27	0.01917	0.01832	0.03121	0.23232	0.48573	0.01937	0.02481	0.02428	0.01826	0.02546	0.01538	0.02101	0.01257	0.00766	0.00825	0.00255	0.01021	0.00740	0.00399	0.01204
28	0.01666	0.04297	0.66500	0.02368	0.03596	0.01929	0.03069	0.02631	0.01754	0.02631	0.01491	0.01754	0.01052	0.00789	0.00789	0.00263	0.01228	0.00614	0.00351	0.01228
29	0.01532	0.01429	0.02309	0.01967	0.02166	0.01744	0.10571	0.01847	0.01406	0.02064	0.01732	0.02586	0.01597	0.03668	0.34032	0.00824	0.26409	0.00845	0.00412	0.00859
30	0.02221	0.71304	0.04353	0.01421	0.02132	0.03287	0.01421	0.02488	0.01688	0.01955	0.01155	0.01333	0.01066	0.00711	0.00533	0.00178	0.00888	0.00444	0.00355	0.01066
31	0.00984	0.00833	0.00850	0.00863	0.01128	0.00699	0.00641	0.01190	0.01873	0.02236	0.08152	0.12268	0.61182	0.02138	0.00987	0.00284	0.00425	0.01795	0.00771	0.00699
32	0.02056	0.01974	0.03372	0.05099	0.65622	0.01974	0.02550	0.02550	0.01892	0.02714	0.01563	0.02056	0.01316	0.00740	0.00822	0.00247	0.00987	0.00740	0.00411	0.01316
33	0.02149	0.01986	0.05783	0.02308	0.14015	0.01944	0.01620	0.12662	0.28211	0.03420	0.02371	0.02405	0.01811	0.00922	0.00793	0.00240	0.00782	0.00772	0.00670	0.15136

[dist]
# distance from previous block
# <min> <max>
0	1

[block]
# block no. 2 follows, 22 sequences, length 18
# corresponding to MSA columns:
# 95-112
name=unknown_C
#
# <colnr> <probs for GDERKNQSTAVLIFYWHMCP>
#	G	D	E	R	K	N	Q	S	T	A	V	L	I	F	Y	W	H	M	C	P
0	0.02396	0.57981	0.03958	0.01564	0.02218	0.15985	0.01458	0.02652	0.01820	0.01970	0.01180	0.01365	0.01067	0.00739	0.00576	0.00185	0.01009	0.00462	0.00370	0.01046
1	0.01379	0.00911	0.01068	0.04156	0.01356	0.00930	0.00766	0.05181	0.01681	0.02439	0.03404	0.17256	0.08259	0.21224	0.05343	0.00469	0.00690	0.01293	0.21478	0.00716
2	0.02869	0.22460	0.02951	0.01881	0.02448	0.33124	0.01547	0.18058	0.02557	0.02817	0.01427	0.01577	0.01155	0.00851	0.00709	0.00213	0.01180	0.00563	0.00509	0.01105
3	0.01369	0.01158	0.01684	0.01579	0.01685	0.01473	0.01263	0.01632	0.01317	0.01949	0.01898	0.02846	0.01792	0.04851	0.48806	0.01055	0.21588	0.00843	0.00421	0.00790
4	0.02630	0.01727	0.02120	0.06685	0.07501	0.01850	0.01484	0.10160	0.30366	0.21804	0.02925	0.02758	0.02079	0.01033	0.00838	0.00268	0.00757	0.00859	0.00829	0.01326
5	0.01775	0.01762	0.02762	0.21745	0.08411	0.02266	0.06330	0.02126	0.01483	0.02139	0.01281	0.01981	0.01125	0.01164	0.01903	0.00323	0.39341	0.00749	0.00373	0.00960
6	0.01123	0.00817	0.01057	0.01061	0.01225	0.00751	0.00771	0.01442	0.02133	0.02961	0.46495	0.22373	0.10790	0.01950	0.01000	0.00282	0.00416	0.01733	0.00870	0.00751
7	0.02033	0.01378	0.01792	0.01949	0.12370	0.01342	0.01321	0.09698	0.05162	0.14374	0.04665	0.05332	0.22513	0.01532	0.00931	0.00284	0.00695	0.10803	0.00768	0.01059
8	0.02056	0.01974	0.03372	0.05099	0.65622	0.01974	0.02550	0.02550	0.01892	0.02714	0.01563	0.02056	0.01316	0.00740	0.00822	0.00247	0.00987	0.00740	0.00411	0.01316
9	0.02066	0.01785	0.01878	0.01691	0.02160	0.02066	0.01315	0.04414	0.64121	0.03475	0.03381	0.03099	0.02536	0.01127	0.00845	0.00282	0.00657	0.00939	0.00845	0.01315
10	0.01974	0.01890	0.03224	0.15810	0.55552	0.01952	0.02509	0.02478	0.01853	0.02615	0.01548	0.02083	0.01281	0.00755	0.00824	0.00252	0.01007	0.00740	0.00404	0.01250
11	0.01993	0.02111	0.02755	0.39628	0.16871	0.15083	0.05137	0.02473	0.01861	0.02248	0.01465	0.02041	0.01149	0.00812	0.00820	0.00258	0.01176	0.00710	0.00392	0.01018
12	0.01012	0.00723	0.00964	0.01157	0.01205	0.00675	0.00771	0.01157	0.01591	0.02121	0.04579	0.70262	0.05495	0.02603	0.01060	0.00337	0.00482	0.02362	0.00771	0.00675
13	0.01208	0.00805	0.00906	0.00906	0.00906	0.00805	0.00503	0.01208	0.01208	0.01611	0.02618	0.05436	0.03020	0.70804	0.04228	0.00805	0.00805	0.01208	0.00503	0.00503
14	0.02442	0.02098	0.03064	0.03982	0.43534	0.02185	0.02210	0.23676	0.02597	0.03597	0.01714	0.02035	0.01350	0.00830	0.00825	0.00248	0.00961	0.00743	0.00558	0.01350
15	0.02624	0.02456	0.02085	0.01735	0.02245	0.21443	0.01368	0.29052	0.02945	0.03608	0.07643	0.02964	0.10280	0.01139	0.00828	0.00238	0.00966	0.00865	0.00693	0.04823
16	0.35412	0.02349	0.20446	0.15106	0.03042	0.01840	0.01831	0.02530	0.01620	0.06861	0.01446	0.01730	0.01056	0.00804	0.00677	0.00263	0.00910	0.00579	0.00469	0.01031
17	0.02357	0.02088	0.04814	0.29720	0.07156	0.11734	0.01896	0.12759	0.02229	0.10886	0.01825	0.02275	0.01374	0.04185	0.00977	0.00283	0.01066	0.00739	0.00548	0.01087

[dist]
# distance from previous block
# <min> <max>
1	2

[block]
# block no. 3 follows, 22 sequences, length 30
# corresponding to MSA columns:
# 115-144
name=unknown_D
#
# <colnr> <probs for GDERKNQSTAVLIFYWHMCP>
#	G	D	E	R	K	N	Q	S	T	A	V	L	I	F	Y	W	H	M	C	P
0	0.01941	0.02064	0.01904	0.02014	0.08699	0.24051	0.01395	0.02230	0.01746	0.02048	0.01830	0.02526	0.01648	0.03791	0.37371	0.00832	0.01842	0.00752	0.00436	0.00879
1	0.02056	0.01974	0.03372	0.05099	0.65622	0.01974	0.02550	0.02550	0.01892	0.02714	0.01563	0.02056	0.01316	0.00740	0.00822	0.00247	0.00987	0.00740	0.00411	0.01316
2	0.02841	0.03522	0.02393	0.02149	0.02489	0.54219	0.01648	0.03048	0.02133	0.02026	0.01245	0.01563	0.01074	0.00978	0.01153	0.00245	0.15333	0.00574	0.00415	0.00952
3	0.08998	0.01222	0.01482	0.01262	0.01672	0.01166	0.00990	0.05267	0.04875	0.26657	0.20797	0.07887	0.07858	0.04860	0.01040	0.00293	0.00593	0.01153	0.00877	0.01053
4	0.01112	0.00811	0.00927	0.00944	0.01060	0.00754	0.00620	0.01252	0.01632	0.02126	0.14150	0.15278	0.21809	0.31189	0.02367	0.00508	0.00588	0.01568	0.00680	0.00627
5	0.01083	0.00780	0.01038	0.01199	0.01296	0.00735	0.00866	0.01295	0.01728	0.02299	0.10145	0.51115	0.08154	0.02446	0.01065	0.00336	0.00521	0.12415	0.00783	0.00702
6	0.01297	0.00920	0.01099	0.01073	0.01176	0.00953	0.00716	0.05208	0.01492	0.01998	0.03122	0.08627	0.08432	0.42178	0.17411	0.00812	0.01071	0.01223	0.00551	0.00641
7	0.02132	0.01379	0.01549	0.01356	0.01808	0.01401	0.01065	0.03258	0.27872	0.19044	0.05015	0.04645	0.23110	0.01424	0.00888	0.00275	0.00592	0.01181	0.00868	0.01138
8	0.02224	0.01768	0.01865	0.01620	0.02095	0.02008	0.01276	0.16029	0.43988	0.03787	0.03014	0.02874	0.02256	0.01081	0.00809	0.00264	0.00676	0.00879	0.10219	0.01267
9	0.01069	0.00863	0.00947	0.00986	0.01231	0.00760	0.00768	0.01301	0.01855	0.02254	0.07238	0.08118	0.49091	0.06386	0.01216	0.00334	0.00515	0.13613	0.00754	0.00702
10	0.52602	0.01783	0.01570	0.01336	0.01878	0.02041	0.01093	0.15893	0.08649	0.04031	0.01578	0.01678	0.01187	0.00859	0.00619	0.00258	0.00704	0.00567	0.00619	0.01056
11	0.03014	0.02188	0.02339	0.01809	0.02432	0.02415	0.01489	0.57391	0.03712	0.05044	0.02059	0.02093	0.01477	0.00995	0.00809	0.00244	0.00867	0.00750	0.07517	0.01356
12	0.01759	0.01499	0.01565	0.01421	0.01837	0.01640	0.01102	0.06053	0.40813	0.03151	0.04978	0.04663	0.23181	0.01443	0.00890	0.00280	0.00591	0.01199	0.00820	0.01117
13	0.01343	0.01032	0.01171	0.01068	0.01359	0.00975	0.00820	0.09116	0.02354	0.03113	0.33355	0.06429	0.31199	0.01781	0.00962	0.00268	0.00470	0.01513	0.00844	0.00828
14	0.52202	0.01733	0.01515	0.01318	0.01842	0.01995	0.01070	0.10441	0.14525	0.03865	0.01716	0.01788	0.01298	0.00872	0.00622	0.00261	0.00680	0.00587	0.00622	0.01049
15	0.01014	0.00852	0.00886	0.00903	0.01176	0.00724	0.00695	0.01240	0.01895	0.02266	0.08056	0.08118	0.59861	0.02121	0.00997	0.00290	0.00452	0.06978	0.00771	0.00707
16	0.01094	0.00846	0.00998	0.00960	0.01191	0.00749	0.00720	0.01410	0.02159	0.02875	0.41371	0.06956	0.31936	0.01868	0.00981	0.00269	0.00404	0.01608	0.00854	0.00749
17	0.01651	0.01201	0.01419	0.01381	0.01613	0.01241	0.01012	0.19526	0.02280	0.03048	0.03809	0.49936	0.04279	0.02125	0.00992	0.00311	0.00611	0.01881	0.00789	0.00895
18	0.01781	0.01252	0.01372	0.01201	0.01397	0.01326	0.00819	0.19315	0.02001	0.02676	0.02435	0.04425	0.02548	0.50300	0.03230	0.00642	0.00837	0.01073	0.00600	0.00770
19	0.01133	0.00848	0.01052	0.01001	0.01215	0.00766	0.00750	0.01485	0.02251	0.03093	0.52742	0.06598	0.20429	0.01787	0.00980	0.00266	0.00398	0.01557	0.00883	0.00766
20	0.01206	0.00812	0.00939	0.00939	0.00950	0.00823	0.00544	0.01229	0.01218	0.01635	0.02588	0.05271	0.02949	0.65896	0.09039	0.00846	0.00913	0.01184	0.00499	0.00521
21	0.01427	0.00981	0.01146	0.01084	0.01189	0.01034	0.00716	0.07863	0.01541	0.02116	0.02486	0.04586	0.02644	0.48984	0.14914	0.00814	0.01051	0.01084	0.03687	0.00654
22	0.01081	0.00820	0.01012	0.01128	0.01292	0.00750	0.00849	0.01311	0.01797	0.02296	0.08539	0.33149	0.25513	0.02327	0.01049	0.00325	0.00519	0.14758	0.00776	0.00708
23	0.02935	0.02216	0.02368	0.01866	0.02491	0.02472	0.01525	0.50926	0.16195	0.04876	0.02278	0.02220	0.01642	0.01024	0.00834	0.00256	0.00862	0.00787	0.00834	0.01393
24	0.02600	0.01984	0.02172	0.01670	0.02312	0.02059	0.01362	0.39854	0.07107	0.04361	0.05854	0.02256	0.01835	0.00952	0.00786	0.00220	0.00789	0.00742	0.00751	0.20334
25	0.02032	0.02042	0.03762	0.04692	0.50015	0.02006	0.17845	0.02578	0.01909	0.02701	0.01593	0.02103	0.01302	0.00730	0.00863	0.00255	0.01092	0.00801	0.00413	0.01266
26	0.09450	0.00816	0.01092	0.01086	0.01143	0.00841	0.00743	0.01230	0.01138	0.01714	0.01541	0.05179	0.01551	0.02649	0.02866	0.64671	0.00703	0.00760	0.00394	0.00431
27	0.03058	0.07447	0.02458	0.02103	0.02546	0.64145	0.01596	0.03274	0.02320	0.02029	0.01277	0.01490	0.01070	0.00849	0.00738	0.00212	0.01467	0.00530	0.00424	0.00968
28	0.02642	0.17681	0.02593	0.01837	0.02299	0.45037	0.01454	0.02871	0.02127	0.02031	0.01938	0.02125	0.06871	0.01178	0.03712	0.00263	0.01306	0.00641	0.00444	0.00951
29	0.01998	0.02189	0.01766	0.01676	0.01943	0.29156	0.01278	0.02260	0.01766	0.01973	0.01827	0.02516	0.01651	0.03956	0.39254	0.00861	0.01917	0.00740	0.00438	0.00835

[dist]
# distance from previous block
# <min> <max>
0	3

# created by:
# /home/cegg/simao/soft/augustus-3.2.1/scripts/msa2prfl.pl ./align_prep/14540.fa
