[name]
unknown

[dist]
# distance from previous block
# <min> <max>
0	0

[block]
# block no. 0 follows, 22 sequences, length 168
# corresponding to MSA columns:
# 0-167
name=unknown_A
#
# <colnr> <probs for GDERKNQSTAVLIFYWHMCP>
#	G	D	E	R	K	N	Q	S	T	A	V	L	I	F	Y	W	H	M	C	P
0	0.01339	0.00956	0.01339	0.01530	0.01721	0.00956	0.01339	0.01721	0.01912	0.02486	0.04399	0.09371	0.04781	0.02295	0.01147	0.00382	0.00765	0.60031	0.00765	0.00765
1	0.03189	0.01818	0.02143	0.01630	0.02296	0.01791	0.01341	0.29209	0.02944	0.30584	0.02460	0.02306	0.01658	0.00955	0.00802	0.00234	0.00783	0.00748	0.00865	0.12245
2	0.02175	0.22891	0.33352	0.02048	0.02934	0.18478	0.02249	0.02760	0.01884	0.02295	0.01346	0.01573	0.01061	0.00784	0.00708	0.00227	0.01200	0.00547	0.00371	0.01117
3	0.01826	0.01295	0.01431	0.01260	0.01482	0.01371	0.00882	0.21355	0.02128	0.02846	0.02608	0.10739	0.02740	0.41221	0.02804	0.00577	0.00809	0.01172	0.00637	0.00818
4	0.01206	0.00884	0.01305	0.01305	0.01455	0.01024	0.01014	0.01508	0.01357	0.01992	0.02252	0.03255	0.02080	0.05944	0.63872	0.01273	0.02125	0.00884	0.04522	0.00744
5	0.01666	0.04297	0.66500	0.02368	0.03596	0.01929	0.03069	0.02631	0.01754	0.02631	0.01491	0.01754	0.01052	0.00789	0.00789	0.00263	0.01228	0.00614	0.00351	0.01228
6	0.03059	0.03875	0.02398	0.02266	0.05251	0.64683	0.01645	0.03285	0.02335	0.02062	0.01296	0.01522	0.01081	0.00851	0.00752	0.00215	0.01476	0.00544	0.00427	0.00978
7	0.02221	0.71304	0.04353	0.01421	0.02132	0.03287	0.01421	0.02488	0.01688	0.01955	0.01155	0.01333	0.01066	0.00711	0.00533	0.00178	0.00888	0.00444	0.00355	0.01066
8	0.01779	0.17957	0.53831	0.02175	0.03297	0.02206	0.02733	0.02602	0.01740	0.02493	0.01422	0.01668	0.01055	0.00773	0.00737	0.00246	0.01159	0.00579	0.00352	0.01195
9	0.02221	0.71304	0.04353	0.01421	0.02132	0.03287	0.01421	0.02488	0.01688	0.01955	0.01155	0.01333	0.01066	0.00711	0.00533	0.00178	0.00888	0.00444	0.00355	0.01066
10	0.01176	0.00849	0.01110	0.01045	0.01241	0.00784	0.00784	0.01568	0.02352	0.03331	0.65184	0.06206	0.07839	0.01698	0.00980	0.00261	0.00392	0.01502	0.00914	0.00784
11	0.01012	0.00723	0.00964	0.01157	0.01205	0.00675	0.00771	0.01157	0.01591	0.02121	0.04579	0.70262	0.05495	0.02603	0.01060	0.00337	0.00482	0.02362	0.00771	0.00675
12	0.01961	0.02241	0.04902	0.03501	0.04342	0.02101	0.62605	0.02661	0.01961	0.02661	0.01681	0.02241	0.01261	0.00700	0.00980	0.00280	0.01401	0.00980	0.00420	0.01120
13	0.01339	0.00956	0.01339	0.01530	0.01721	0.00956	0.01339	0.01721	0.01912	0.02486	0.04399	0.09371	0.04781	0.02295	0.01147	0.00382	0.00765	0.60031	0.00765	0.00765
14	0.00982	0.00842	0.00842	0.00842	0.01122	0.00701	0.00631	0.01192	0.01894	0.02244	0.08416	0.07995	0.65285	0.02104	0.00982	0.00281	0.00421	0.01753	0.00771	0.00701
15	0.01961	0.02241	0.04902	0.03501	0.04342	0.02101	0.62605	0.02661	0.01961	0.02661	0.01681	0.02241	0.01261	0.00700	0.00980	0.00280	0.01401	0.00980	0.00420	0.01120
16	0.01928	0.02143	0.04354	0.03195	0.03840	0.02204	0.48485	0.02507	0.01801	0.02507	0.01544	0.02143	0.01221	0.00875	0.01386	0.00299	0.17169	0.00922	0.00407	0.01071
17	0.00982	0.00842	0.00842	0.00842	0.01122	0.00701	0.00631	0.01192	0.01894	0.02244	0.08416	0.07995	0.65285	0.02104	0.00982	0.00281	0.00421	0.01753	0.00771	0.00701
18	0.02056	0.01974	0.03372	0.05099	0.65622	0.01974	0.02550	0.02550	0.01892	0.02714	0.01563	0.02056	0.01316	0.00740	0.00822	0.00247	0.00987	0.00740	0.00411	0.01316
19	0.02056	0.01974	0.03372	0.05099	0.65622	0.01974	0.02550	0.02550	0.01892	0.02714	0.01563	0.02056	0.01316	0.00740	0.00822	0.00247	0.00987	0.00740	0.00411	0.01316
20	0.00982	0.00842	0.00842	0.00842	0.01122	0.00701	0.00631	0.01192	0.01894	0.02244	0.08416	0.07995	0.65285	0.02104	0.00982	0.00281	0.00421	0.01753	0.00771	0.00701
21	0.02066	0.01785	0.01878	0.01691	0.02160	0.02066	0.01315	0.04414	0.64121	0.03475	0.03381	0.03099	0.02536	0.01127	0.00845	0.00282	0.00657	0.00939	0.00845	0.01315
22	0.02270	0.02379	0.03165	0.04496	0.52768	0.15326	0.02357	0.02706	0.01986	0.02575	0.01506	0.01942	0.01266	0.00764	0.00807	0.00240	0.01091	0.00698	0.00415	0.01244
23	0.01693	0.07525	0.63506	0.02322	0.03525	0.01995	0.02990	0.02624	0.01751	0.02598	0.01475	0.01734	0.01053	0.00785	0.00777	0.00259	0.01211	0.00606	0.00351	0.01220
24	0.03158	0.02327	0.02493	0.01911	0.02576	0.02576	0.01579	0.62852	0.03906	0.05236	0.01995	0.01995	0.01413	0.00997	0.00831	0.00249	0.00914	0.00748	0.00831	0.01413
25	0.02056	0.01974	0.03372	0.05099	0.65622	0.01974	0.02550	0.02550	0.01892	0.02714	0.01563	0.02056	0.01316	0.00740	0.00822	0.00247	0.00987	0.00740	0.00411	0.01316
26	0.01569	0.01477	0.02492	0.68808	0.05722	0.01846	0.02307	0.02123	0.01661	0.02123	0.01477	0.02215	0.01107	0.00831	0.00831	0.00277	0.01107	0.00738	0.00369	0.00923
27	0.02056	0.01974	0.03372	0.05099	0.65622	0.01974	0.02550	0.02550	0.01892	0.02714	0.01563	0.02056	0.01316	0.00740	0.00822	0.00247	0.00987	0.00740	0.00411	0.01316
28	0.01203	0.00825	0.01006	0.01006	0.01040	0.00860	0.00628	0.01272	0.01238	0.01685	0.02526	0.04932	0.02801	0.55805	0.18928	0.00928	0.01135	0.01134	0.00490	0.00559
29	0.01666	0.04297	0.66500	0.02368	0.03596	0.01929	0.03069	0.02631	0.01754	0.02631	0.01491	0.01754	0.01052	0.00789	0.00789	0.00263	0.01228	0.00614	0.00351	0.01228
30	0.02300	0.02679	0.02078	0.01922	0.02156	0.35936	0.01464	0.02490	0.01910	0.02045	0.02002	0.17550	0.02103	0.01409	0.01309	0.00280	0.17986	0.01007	0.00492	0.00883
31	0.01850	0.26506	0.45902	0.02054	0.03111	0.02379	0.02523	0.02583	0.01732	0.02407	0.01380	0.01614	0.01057	0.00763	0.00704	0.00235	0.01115	0.00558	0.00352	0.01174
32	0.00982	0.00842	0.00842	0.00842	0.01122	0.00701	0.00631	0.01192	0.01894	0.02244	0.08416	0.07995	0.65285	0.02104	0.00982	0.00281	0.00421	0.01753	0.00771	0.00701
33	0.02191	0.67660	0.07733	0.01473	0.02212	0.03213	0.01511	0.02495	0.01692	0.01991	0.01173	0.01356	0.01065	0.00715	0.00547	0.00182	0.00907	0.00453	0.00355	0.01075
34	0.01530	0.01348	0.01531	0.01477	0.01710	0.07637	0.01143	0.02189	0.12755	0.02217	0.02343	0.03064	0.02062	0.04791	0.49045	0.01037	0.01872	0.00865	0.00516	0.00866
35	0.01011	0.00729	0.00958	0.01140	0.01201	0.00676	0.00764	0.01159	0.01606	0.02127	0.04778	0.67026	0.08602	0.02577	0.01056	0.00334	0.00479	0.02330	0.00771	0.00676
36	0.01176	0.00849	0.01110	0.01045	0.01241	0.00784	0.00784	0.01568	0.02352	0.03331	0.65184	0.06206	0.07839	0.01698	0.00980	0.00261	0.00392	0.01502	0.00914	0.00784
37	0.01699	0.04103	0.61229	0.02596	0.08774	0.01933	0.03026	0.02624	0.01765	0.02638	0.01497	0.01779	0.01074	0.00785	0.00792	0.00262	0.01208	0.00624	0.00356	0.01235
38	0.02236	0.64779	0.07299	0.01502	0.02225	0.06313	0.01511	0.02535	0.01723	0.01991	0.01178	0.01361	0.01066	0.00722	0.00556	0.00184	0.00934	0.00457	0.00359	0.01069
39	0.02066	0.01785	0.01878	0.01691	0.02160	0.02066	0.01315	0.04414	0.64121	0.03475	0.03381	0.03099	0.02536	0.01127	0.00845	0.00282	0.00657	0.00939	0.00845	0.01315
40	0.02056	0.01974	0.03372	0.05099	0.65622	0.01974	0.02550	0.02550	0.01892	0.02714	0.01563	0.02056	0.01316	0.00740	0.00822	0.00247	0.00987	0.00740	0.00411	0.01316
41	0.02564	0.02094	0.02138	0.01982	0.07368	0.10021	0.01451	0.20433	0.22204	0.09839	0.03057	0.02949	0.07947	0.01110	0.00840	0.00259	0.00843	0.00887	0.00766	0.01250
42	0.02920	0.03229	0.02259	0.04833	0.02572	0.44843	0.01544	0.16220	0.02614	0.02829	0.01567	0.01771	0.01235	0.00895	0.00756	0.00223	0.01260	0.00610	0.06775	0.01044
43	0.01012	0.00723	0.00964	0.01157	0.01205	0.00675	0.00771	0.01157	0.01591	0.02121	0.04579	0.70262	0.05495	0.02603	0.01060	0.00337	0.00482	0.02362	0.00771	0.00675
44	0.01007	0.00808	0.00903	0.00974	0.01175	0.00704	0.00707	0.01203	0.01795	0.02214	0.06989	0.28410	0.43146	0.02275	0.01015	0.00303	0.00456	0.04450	0.00771	0.00695
45	0.02830	0.03079	0.02249	0.01977	0.02458	0.38194	0.01521	0.14121	0.19462	0.02991	0.01981	0.02022	0.01530	0.00955	0.00790	0.00239	0.01166	0.00683	0.00613	0.01138
46	0.02494	0.02585	0.02487	0.02099	0.02514	0.23577	0.06922	0.14045	0.12348	0.02910	0.01932	0.05712	0.01631	0.01117	0.01182	0.00272	0.13692	0.00814	0.00576	0.01091
47	0.01176	0.00849	0.01110	0.01045	0.01241	0.00784	0.00784	0.01568	0.02352	0.03331	0.65184	0.06206	0.07839	0.01698	0.00980	0.00261	0.00392	0.01502	0.00914	0.00784
48	0.02863	0.22313	0.02899	0.01944	0.02449	0.49978	0.01555	0.03091	0.02173	0.02012	0.01249	0.01453	0.01069	0.00816	0.00690	0.00204	0.01332	0.00510	0.00408	0.00991
49	0.01975	0.34611	0.25326	0.02110	0.02987	0.02606	0.11942	0.02544	0.01737	0.02299	0.01351	0.01642	0.01094	0.00766	0.00783	0.00231	0.03908	0.00600	0.00365	0.01123
50	0.01681	0.04196	0.63485	0.02423	0.03632	0.01938	0.05984	0.02632	0.01764	0.02632	0.01500	0.01778	0.01063	0.00785	0.00799	0.00264	0.01236	0.00632	0.00354	0.01222
51	0.02056	0.01974	0.03372	0.05099	0.65622	0.01974	0.02550	0.02550	0.01892	0.02714	0.01563	0.02056	0.01316	0.00740	0.00822	0.00247	0.00987	0.00740	0.00411	0.01316
52	0.02980	0.13335	0.02633	0.02040	0.02508	0.58534	0.01580	0.03202	0.02261	0.02022	0.01266	0.01475	0.01070	0.00836	0.00719	0.00209	0.01413	0.00522	0.00418	0.00977
53	0.02751	0.02290	0.02177	0.02071	0.08489	0.19814	0.01484	0.13968	0.05430	0.15892	0.02504	0.05469	0.04905	0.01096	0.00920	0.00252	0.04679	0.00838	0.03819	0.01152
54	0.01014	0.00852	0.00886	0.00904	0.01176	0.00724	0.00695	0.01240	0.01895	0.02266	0.08053	0.08119	0.59824	0.02121	0.00997	0.00290	0.00452	0.07014	0.00771	0.00707
55	0.02039	0.02077	0.06186	0.04977	0.62857	0.01972	0.02573	0.02553	0.01885	0.02710	0.01559	0.02043	0.01304	0.00742	0.00821	0.00247	0.00998	0.00735	0.00409	0.01312
56	0.02193	0.02350	0.03528	0.04127	0.38517	0.12613	0.16316	0.02676	0.01956	0.02562	0.01525	0.01999	0.01254	0.00780	0.00928	0.00254	0.04050	0.00762	0.00414	0.01196
57	0.01748	0.03785	0.53327	0.02230	0.03303	0.01957	0.02712	0.02994	0.14468	0.02803	0.01876	0.02028	0.01355	0.00858	0.00801	0.00267	0.01111	0.00680	0.00452	0.01246
58	0.02426	0.01389	0.01715	0.07780	0.02241	0.01393	0.01213	0.03303	0.19254	0.27933	0.04329	0.04045	0.16786	0.01287	0.00872	0.00271	0.00665	0.01068	0.00855	0.01174
59	0.01927	0.35739	0.37339	0.01924	0.02909	0.02566	0.02296	0.02564	0.01723	0.02314	0.01333	0.01556	0.01059	0.00752	0.00669	0.00223	0.01069	0.00534	0.00353	0.01152
60	0.01695	0.07779	0.63271	0.02319	0.03520	0.02000	0.02984	0.02623	0.01750	0.02596	0.01473	0.01732	0.01053	0.00785	0.00776	0.00259	0.01210	0.00605	0.00351	0.01219
61	0.02056	0.01974	0.03372	0.05099	0.65622	0.01974	0.02550	0.02550	0.01892	0.02714	0.01563	0.02056	0.01316	0.00740	0.00822	0.00247	0.00987	0.00740	0.00411	0.01316
62	0.01005	0.00751	0.00936	0.01084	0.01186	0.00681	0.00739	0.01165	0.01661	0.02149	0.05470	0.55798	0.19383	0.02487	0.01042	0.00324	0.00468	0.02220	0.00771	0.00681
63	0.02612	0.03028	0.02831	0.03528	0.32135	0.36757	0.02048	0.02957	0.02137	0.02352	0.01415	0.01760	0.01185	0.00802	0.00783	0.00229	0.01258	0.00631	0.00420	0.01129
64	0.02311	0.02418	0.03020	0.06705	0.42562	0.17126	0.02241	0.05210	0.02040	0.02600	0.01487	0.01918	0.01243	0.00820	0.00910	0.00247	0.04821	0.00692	0.00428	0.01201
65	0.01104	0.00806	0.01138	0.01230	0.01324	0.00854	0.00886	0.01315	0.01451	0.02006	0.03367	0.35344	0.03752	0.07488	0.32864	0.00834	0.01327	0.01607	0.00603	0.00699
66	0.01707	0.01617	0.02740	0.50801	0.22652	0.01882	0.02376	0.02243	0.01726	0.02290	0.01501	0.02170	0.01166	0.00805	0.00828	0.00268	0.01073	0.00739	0.00381	0.01034
67	0.01693	0.04112	0.60940	0.02470	0.03663	0.01945	0.08443	0.02634	0.01773	0.02634	0.01508	0.01798	0.01071	0.00781	0.00807	0.00265	0.01243	0.00647	0.00357	0.01218
68	0.02798	0.07520	0.14025	0.02144	0.02731	0.52316	0.01860	0.03150	0.02211	0.02137	0.01315	0.01536	0.01067	0.00836	0.00745	0.00221	0.01418	0.00545	0.00410	0.01016
69	0.01001	0.00810	0.00890	0.00939	0.01151	0.00699	0.00678	0.01203	0.01836	0.02270	0.10457	0.24867	0.45866	0.02218	0.01003	0.00295	0.00436	0.01905	0.00779	0.00699
70	0.01319	0.01104	0.01244	0.04687	0.01668	0.01130	0.00942	0.02118	0.18933	0.02545	0.05697	0.22130	0.29523	0.01895	0.00956	0.00295	0.00537	0.01631	0.00771	0.00875
71	0.02056	0.01974	0.03372	0.05099	0.65622	0.01974	0.02550	0.02550	0.01892	0.02714	0.01563	0.02056	0.01316	0.00740	0.00822	0.00247	0.00987	0.00740	0.00411	0.01316
72	0.01578	0.01509	0.02510	0.02090	0.02324	0.01812	0.13878	0.01914	0.01439	0.02104	0.01694	0.02520	0.01545	0.03335	0.29974	0.00760	0.26874	0.00848	0.00410	0.00881
73	0.01705	0.04067	0.60240	0.02639	0.09746	0.01934	0.03018	0.02623	0.01768	0.02639	0.01498	0.01784	0.01078	0.00784	0.00793	0.00261	0.01204	0.00626	0.00357	0.01236
74	0.02056	0.01974	0.03372	0.05099	0.65622	0.01974	0.02550	0.02550	0.01892	0.02714	0.01563	0.02056	0.01316	0.00740	0.00822	0.00247	0.00987	0.00740	0.00411	0.01316
75	0.27159	0.03028	0.01998	0.01775	0.02255	0.39587	0.01372	0.08935	0.02201	0.02905	0.01313	0.01499	0.01048	0.00842	0.00680	0.00232	0.01161	0.00528	0.00496	0.00987
76	0.00982	0.00842	0.00842	0.00842	0.01122	0.00701	0.00631	0.01192	0.01894	0.02244	0.08416	0.07995	0.65285	0.02104	0.00982	0.00281	0.00421	0.01753	0.00771	0.00701
77	0.02350	0.02574	0.02952	0.10449	0.39069	0.23372	0.02217	0.02758	0.02020	0.02433	0.01463	0.01889	0.01215	0.00787	0.00799	0.00239	0.01166	0.00673	0.00413	0.01162
78	0.01695	0.07779	0.63271	0.02319	0.03520	0.02000	0.02984	0.02623	0.01750	0.02596	0.01473	0.01732	0.01053	0.00785	0.00776	0.00259	0.01210	0.00605	0.00351	0.01219
79	0.02056	0.01974	0.03372	0.05099	0.65622	0.01974	0.02550	0.02550	0.01892	0.02714	0.01563	0.02056	0.01316	0.00740	0.00822	0.00247	0.00987	0.00740	0.00411	0.01316
80	0.02035	0.02204	0.02483	0.23953	0.03428	0.17397	0.01928	0.02346	0.01651	0.02047	0.01262	0.01873	0.01091	0.01111	0.01647	0.00300	0.31251	0.00686	0.00380	0.00926
81	0.01751	0.01663	0.02821	0.44961	0.28143	0.01894	0.02398	0.02282	0.01747	0.02344	0.01509	0.02155	0.01185	0.00797	0.00828	0.00266	0.01062	0.00739	0.00385	0.01070
82	0.01244	0.01068	0.01407	0.01393	0.01479	0.01231	0.01053	0.01419	0.01551	0.02103	0.04266	0.35251	0.16283	0.02318	0.04199	0.00373	0.20260	0.01710	0.00641	0.00750
83	0.01187	0.00890	0.01335	0.01335	0.01483	0.01038	0.01038	0.01483	0.01335	0.01928	0.02225	0.03264	0.02077	0.06231	0.67512	0.01335	0.02225	0.00890	0.00445	0.00742
84	0.01636	0.01703	0.03381	0.02604	0.03102	0.01679	0.36363	0.02104	0.01771	0.02419	0.02570	0.24436	0.02628	0.01397	0.01180	0.00307	0.07831	0.01407	0.00529	0.00954
85	0.02056	0.01974	0.03372	0.05099	0.65622	0.01974	0.02550	0.02550	0.01892	0.02714	0.01563	0.02056	0.01316	0.00740	0.00822	0.00247	0.00987	0.00740	0.00411	0.01316
86	0.01012	0.00723	0.00964	0.01157	0.01205	0.00675	0.00771	0.01157	0.01591	0.02121	0.04579	0.70262	0.05495	0.02603	0.01060	0.00337	0.00482	0.02362	0.00771	0.00675
87	0.02056	0.01974	0.03372	0.05099	0.65622	0.01974	0.02550	0.02550	0.01892	0.02714	0.01563	0.02056	0.01316	0.00740	0.00822	0.00247	0.00987	0.00740	0.00411	0.01316
88	0.02423	0.01897	0.02249	0.17353	0.03139	0.02167	0.01639	0.25392	0.24841	0.06442	0.02424	0.02476	0.01770	0.01006	0.00836	0.00268	0.00859	0.00818	0.00737	0.01264
89	0.01745	0.13819	0.57669	0.02233	0.03388	0.02122	0.02835	0.02611	0.01745	0.02535	0.01443	0.01694	0.01054	0.00778	0.00753	0.00251	0.01180	0.00590	0.00351	0.01205
90	0.01012	0.00723	0.00964	0.01157	0.01205	0.00675	0.00771	0.01157	0.01591	0.02121	0.04579	0.70262	0.05495	0.02603	0.01060	0.00337	0.00482	0.02362	0.00771	0.00675
91	0.10822	0.01402	0.01813	0.01416	0.02022	0.01261	0.01165	0.03754	0.02281	0.56584	0.06434	0.02865	0.02256	0.01039	0.00811	0.00257	0.00683	0.00833	0.00971	0.01329
92	0.02183	0.09758	0.24575	0.02004	0.02749	0.17327	0.01999	0.03360	0.22276	0.02704	0.02029	0.02094	0.01543	0.00908	0.00774	0.00250	0.01072	0.00686	0.00531	0.01179
93	0.01636	0.00951	0.01258	0.01123	0.01400	0.00863	0.00863	0.02015	0.02356	0.14667	0.54021	0.05596	0.06796	0.01578	0.00954	0.00261	0.00449	0.01382	0.00935	0.00897
94	0.02300	0.01098	0.01471	0.01236	0.01629	0.00977	0.00977	0.02661	0.02363	0.31043	0.37895	0.04717	0.05290	0.01403	0.00916	0.00259	0.00531	0.01208	0.00965	0.01062
95	0.03103	0.03959	0.02354	0.02140	0.02568	0.67469	0.01605	0.03317	0.02354	0.02033	0.01284	0.01498	0.01070	0.00856	0.00749	0.00214	0.01498	0.00535	0.00428	0.00963
96	0.03103	0.03959	0.02354	0.02140	0.02568	0.67469	0.01605	0.03317	0.02354	0.02033	0.01284	0.01498	0.01070	0.00856	0.00749	0.00214	0.01498	0.00535	0.00428	0.00963
97	0.01187	0.00890	0.01335	0.01335	0.01483	0.01038	0.01038	0.01483	0.01335	0.01928	0.02225	0.03264	0.02077	0.06231	0.67512	0.01335	0.02225	0.00890	0.00445	0.00742
98	0.02056	0.01974	0.03372	0.05099	0.65622	0.01974	0.02550	0.02550	0.01892	0.02714	0.01563	0.02056	0.01316	0.00740	0.00822	0.00247	0.00987	0.00740	0.00411	0.01316
99	0.02586	0.03012	0.02586	0.03047	0.23097	0.39463	0.01887	0.02908	0.02159	0.02301	0.01684	0.02461	0.01518	0.00961	0.00813	0.00241	0.01258	0.06502	0.00456	0.01059
100	0.01876	0.01790	0.03046	0.28657	0.43473	0.01926	0.02460	0.02392	0.01806	0.02495	0.01531	0.02115	0.01239	0.00774	0.00825	0.00258	0.01031	0.00739	0.00396	0.01171
101	0.01079	0.00873	0.00977	0.01029	0.01285	0.00771	0.00824	0.01336	0.01899	0.02310	0.07321	0.08370	0.48796	0.02156	0.01027	0.00308	0.00515	0.17636	0.00770	0.00719
102	0.02008	0.01925	0.03285	0.11416	0.59683	0.01961	0.02526	0.02507	0.01869	0.02655	0.01554	0.02072	0.01295	0.00749	0.00823	0.00250	0.00999	0.00740	0.00407	0.01277
103	0.02092	0.55739	0.18789	0.01641	0.02472	0.02972	0.01804	0.02521	0.01703	0.02112	0.01233	0.01430	0.01063	0.00729	0.00593	0.00198	0.00967	0.00484	0.00354	0.01104
104	0.01208	0.00805	0.00906	0.00906	0.00906	0.00805	0.00503	0.01208	0.01208	0.01611	0.02618	0.05436	0.03020	0.70804	0.04228	0.00805	0.00805	0.01208	0.00503	0.00503
105	0.01905	0.01869	0.01728	0.01612	0.01887	0.19295	0.01246	0.08068	0.01868	0.02285	0.01946	0.02657	0.01737	0.04247	0.42705	0.00922	0.01897	0.00779	0.00479	0.00869
106	0.01771	0.01389	0.02210	0.02850	0.26981	0.01337	0.04157	0.02134	0.01897	0.08836	0.06375	0.19396	0.08635	0.01513	0.00938	0.00287	0.00760	0.06852	0.00646	0.01037
107	0.01735	0.03819	0.52192	0.02631	0.03769	0.01969	0.16899	0.02638	0.01802	0.02638	0.01535	0.01867	0.01101	0.00769	0.00834	0.00267	0.01268	0.00699	0.00367	0.01203
108	0.02157	0.01764	0.01881	0.01679	0.02158	0.02020	0.01310	0.04394	0.60764	0.06886	0.03376	0.03085	0.02510	0.01122	0.00845	0.00280	0.00660	0.00934	0.00855	0.01320
109	0.01693	0.07525	0.63506	0.02322	0.03525	0.01995	0.02990	0.02624	0.01751	0.02598	0.01475	0.01734	0.01053	0.00785	0.00777	0.00259	0.01211	0.00606	0.00351	0.01220
110	0.02890	0.11908	0.02519	0.01988	0.02443	0.56382	0.01534	0.03110	0.02251	0.02034	0.01628	0.01805	0.04303	0.00901	0.00735	0.00213	0.01370	0.00585	0.00437	0.00962
111	0.01140	0.00816	0.00887	0.00887	0.00972	0.00774	0.00542	0.01203	0.01416	0.01803	0.04374	0.06212	0.21887	0.49987	0.03245	0.00646	0.00689	0.01373	0.00585	0.00563
112	0.01410	0.01187	0.01724	0.02276	0.18929	0.01143	0.01427	0.01759	0.01885	0.02457	0.04852	0.09941	0.22205	0.01828	0.01004	0.00312	0.00707	0.23390	0.00671	0.00891
113	0.02247	0.02442	0.03530	0.04114	0.38134	0.15356	0.16698	0.02733	0.02002	0.02563	0.01534	0.01986	0.01253	0.00754	0.00845	0.00248	0.01190	0.00756	0.00417	0.01197
114	0.02203	0.01541	0.01879	0.01856	0.08258	0.01633	0.01311	0.03579	0.33493	0.15424	0.15780	0.03577	0.03404	0.01186	0.00869	0.00269	0.00645	0.01014	0.00852	0.01226
115	0.01187	0.00890	0.01335	0.01335	0.01483	0.01038	0.01038	0.01483	0.01335	0.01928	0.02225	0.03264	0.02077	0.06231	0.67512	0.01335	0.02225	0.00890	0.00445	0.00742
116	0.01666	0.04297	0.66500	0.02368	0.03596	0.01929	0.03069	0.02631	0.01754	0.02631	0.01491	0.01754	0.01052	0.00789	0.00789	0.00263	0.01228	0.00614	0.00351	0.01228
117	0.02512	0.02748	0.08845	0.17198	0.06397	0.20659	0.01957	0.20215	0.02510	0.03076	0.01558	0.01873	0.01189	0.00912	0.00906	0.00253	0.04875	0.00671	0.00520	0.01125
118	0.01749	0.14276	0.57245	0.02227	0.03378	0.02132	0.02824	0.02610	0.01744	0.02530	0.01441	0.01691	0.01054	0.00778	0.00751	0.00250	0.01177	0.00589	0.00351	0.01204
119	0.02032	0.01949	0.03328	0.08307	0.62606	0.01967	0.02537	0.02528	0.01880	0.02684	0.01558	0.02064	0.01305	0.00745	0.00823	0.00248	0.00993	0.00740	0.00409	0.01296
120	0.01985	0.01873	0.03170	0.04745	0.59286	0.01873	0.02429	0.02467	0.01894	0.02691	0.01844	0.02781	0.01659	0.00894	0.00855	0.00260	0.00965	0.06619	0.00446	0.01261
121	0.01732	0.03873	0.54399	0.02739	0.09558	0.01951	0.08923	0.02626	0.01788	0.02642	0.01516	0.01831	0.01098	0.00776	0.00811	0.00263	0.01222	0.00662	0.00363	0.01225
122	0.01012	0.00723	0.00964	0.01157	0.01205	0.00675	0.00771	0.01157	0.01591	0.02121	0.04579	0.70262	0.05495	0.02603	0.01060	0.00337	0.00482	0.02362	0.00771	0.00675
123	0.01808	0.19774	0.49424	0.02197	0.03288	0.02252	0.05238	0.02599	0.01747	0.02475	0.01421	0.01677	0.01064	0.00767	0.00738	0.00244	0.01156	0.00590	0.00355	0.01186
124	0.01906	0.22840	0.35654	0.01961	0.02887	0.02343	0.02243	0.02954	0.14449	0.02611	0.01781	0.01908	0.01359	0.00836	0.00728	0.00243	0.01015	0.00632	0.00453	0.01200
125	0.01012	0.00723	0.00964	0.01157	0.01205	0.00675	0.00771	0.01157	0.01591	0.02121	0.04579	0.70262	0.05495	0.02603	0.01060	0.00337	0.00482	0.02362	0.00771	0.00675
126	0.01666	0.04297	0.66500	0.02368	0.03596	0.01929	0.03069	0.02631	0.01754	0.02631	0.01491	0.01754	0.01052	0.00789	0.00789	0.00263	0.01228	0.00614	0.00351	0.01228
127	0.02221	0.71304	0.04353	0.01421	0.02132	0.03287	0.01421	0.02488	0.01688	0.01955	0.01155	0.01333	0.01066	0.00711	0.00533	0.00178	0.00888	0.00444	0.00355	0.01066
128	0.01801	0.01835	0.05756	0.36081	0.33612	0.01909	0.02454	0.02345	0.01773	0.02422	0.01517	0.02120	0.01202	0.00787	0.00825	0.00262	0.01056	0.00734	0.00388	0.01120
129	0.01666	0.04297	0.66500	0.02368	0.03596	0.01929	0.03069	0.02631	0.01754	0.02631	0.01491	0.01754	0.01052	0.00789	0.00789	0.00263	0.01228	0.00614	0.00351	0.01228
130	0.01443	0.00722	0.01082	0.01082	0.01082	0.00722	0.00722	0.01082	0.01082	0.01443	0.01443	0.02525	0.01443	0.02886	0.03247	0.75830	0.00722	0.00722	0.00361	0.00361
131	0.02460	0.02151	0.02895	0.03599	0.36164	0.04834	0.02072	0.22479	0.08739	0.03586	0.01873	0.02117	0.01459	0.00867	0.00825	0.00250	0.00951	0.00754	0.00592	0.01333
132	0.01795	0.19862	0.52064	0.02148	0.03256	0.02245	0.02687	0.02598	0.01739	0.02474	0.01413	0.01656	0.01056	0.00771	0.00730	0.00243	0.01149	0.00574	0.00352	0.01190
133	0.01012	0.00723	0.00964	0.01157	0.01205	0.00675	0.00771	0.01157	0.01591	0.02121	0.04579	0.70262	0.05495	0.02603	0.01060	0.00337	0.00482	0.02362	0.00771	0.00675
134	0.03103	0.03959	0.02354	0.02140	0.02568	0.67469	0.01605	0.03317	0.02354	0.02033	0.01284	0.01498	0.01070	0.00856	0.00749	0.00214	0.01498	0.00535	0.00428	0.00963
135	0.02204	0.01700	0.01704	0.01512	0.01954	0.07798	0.01186	0.05870	0.28634	0.13268	0.06760	0.04184	0.14588	0.01339	0.00878	0.00273	0.00704	0.03484	0.00820	0.01139
136	0.01922	0.02126	0.04259	0.03142	0.03753	0.02222	0.46039	0.02481	0.01773	0.02481	0.01520	0.02126	0.01214	0.00906	0.01456	0.00303	0.19901	0.00911	0.00405	0.01063
137	0.01946	0.01157	0.01198	0.01055	0.01365	0.01219	0.00827	0.16965	0.02276	0.03625	0.02533	0.02825	0.01953	0.00975	0.00642	0.00207	0.00517	0.00768	0.57015	0.00932
138	0.01045	0.00844	0.00929	0.00908	0.01161	0.00728	0.00681	0.01315	0.02043	0.02600	0.26974	0.07410	0.46505	0.01971	0.00981	0.00274	0.00411	0.01671	0.00818	0.00728
139	0.01692	0.07350	0.63668	0.02325	0.03529	0.01991	0.02994	0.02624	0.01751	0.02600	0.01476	0.01735	0.01053	0.00786	0.00778	0.00259	0.01212	0.00606	0.00351	0.01220
140	0.00992	0.00803	0.00881	0.00943	0.01149	0.00693	0.00676	0.01181	0.01796	0.02204	0.07182	0.28013	0.46063	0.02264	0.01007	0.00299	0.00440	0.01949	0.00771	0.00693
141	0.01012	0.00723	0.00964	0.01157	0.01205	0.00675	0.00771	0.01157	0.01591	0.02121	0.04579	0.70262	0.05495	0.02603	0.01060	0.00337	0.00482	0.02362	0.00771	0.00675
142	0.03127	0.03263	0.02413	0.02043	0.02572	0.39800	0.01594	0.28702	0.03016	0.03399	0.01587	0.01710	0.01216	0.00916	0.00784	0.00229	0.01249	0.00626	0.00600	0.01155
143	0.02299	0.02435	0.03136	0.04412	0.50976	0.17187	0.02330	0.02728	0.01999	0.02556	0.01498	0.01926	0.01259	0.00767	0.00805	0.00239	0.01106	0.00693	0.00415	0.01234
144	0.02066	0.01785	0.01878	0.01691	0.02160	0.02066	0.01315	0.04414	0.64121	0.03475	0.03381	0.03099	0.02536	0.01127	0.00845	0.00282	0.00657	0.00939	0.00845	0.01315
145	0.02056	0.01974	0.03372	0.05099	0.65622	0.01974	0.02550	0.02550	0.01892	0.02714	0.01563	0.02056	0.01316	0.00740	0.00822	0.00247	0.00987	0.00740	0.00411	0.01316
146	0.03184	0.02285	0.02467	0.01892	0.02555	0.02514	0.01563	0.60173	0.03836	0.08013	0.02053	0.02032	0.01442	0.00999	0.00831	0.00250	0.00905	0.00752	0.00840	0.01413
147	0.02893	0.03472	0.02569	0.02732	0.15423	0.50850	0.01796	0.06158	0.02338	0.02333	0.01377	0.01637	0.01137	0.00840	0.00768	0.00222	0.01365	0.00588	0.00445	0.01058
148	0.01098	0.00879	0.01003	0.01066	0.01317	0.00784	0.00861	0.01364	0.01900	0.02323	0.07108	0.08443	0.45591	0.02166	0.01036	0.00314	0.00533	0.20722	0.00769	0.00722
149	0.01391	0.00825	0.01019	0.01019	0.01193	0.00889	0.00780	0.01738	0.01565	0.02587	0.02499	0.03170	0.02106	0.03263	0.29772	0.00691	0.01189	0.00825	0.42718	0.00760
150	0.03434	0.01422	0.01882	0.01477	0.02080	0.01283	0.01208	0.03960	0.08499	0.56813	0.06405	0.03025	0.02395	0.01072	0.00844	0.00260	0.00686	0.00879	0.01004	0.01372
151	0.02277	0.02238	0.02057	0.01968	0.05694	0.15394	0.01441	0.04089	0.48146	0.03140	0.02855	0.02716	0.02171	0.01051	0.00824	0.00266	0.00847	0.00846	0.00737	0.01243
152	0.02056	0.01974	0.03372	0.05099	0.65622	0.01974	0.02550	0.02550	0.01892	0.02714	0.01563	0.02056	0.01316	0.00740	0.00822	0.00247	0.00987	0.00740	0.00411	0.01316
153	0.02270	0.29775	0.25303	0.01945	0.02757	0.20309	0.02041	0.02763	0.01892	0.02210	0.01306	0.01523	0.01062	0.00778	0.00681	0.00217	0.01172	0.00528	0.00374	0.01094
154	0.01681	0.04194	0.63398	0.02425	0.03633	0.01938	0.06067	0.02632	0.01764	0.02632	0.01500	0.01778	0.01063	0.00785	0.00799	0.00264	0.01236	0.00632	0.00354	0.01222
155	0.02066	0.01785	0.01878	0.01691	0.02160	0.02066	0.01315	0.04414	0.64121	0.03475	0.03381	0.03099	0.02536	0.01127	0.00845	0.00282	0.00657	0.00939	0.00845	0.01315
156	0.03078	0.06467	0.02472	0.02056	0.02551	0.49645	0.01591	0.17111	0.02686	0.02774	0.01444	0.01606	0.01150	0.00883	0.00759	0.00221	0.01336	0.00581	0.00519	0.01072
157	0.01794	0.03538	0.45863	0.03261	0.23873	0.01944	0.02899	0.02604	0.01799	0.02658	0.01514	0.01853	0.01139	0.00773	0.00800	0.00258	0.01149	0.00655	0.00371	0.01257
158	0.02056	0.01974	0.03372	0.05099	0.65622	0.01974	0.02550	0.02550	0.01892	0.02714	0.01563	0.02056	0.01316	0.00740	0.00822	0.00247	0.00987	0.00740	0.00411	0.01316
159	0.01012	0.00723	0.00964	0.01157	0.01205	0.00675	0.00771	0.01157	0.01591	0.02121	0.04579	0.70262	0.05495	0.02603	0.01060	0.00337	0.00482	0.02362	0.00771	0.00675
160	0.01569	0.01477	0.02492	0.68808	0.05722	0.01846	0.02307	0.02123	0.01661	0.02123	0.01477	0.02215	0.01107	0.00831	0.00831	0.00277	0.01107	0.00738	0.00369	0.00923
161	0.02056	0.01974	0.03372	0.05099	0.65622	0.01974	0.02550	0.02550	0.01892	0.02714	0.01563	0.02056	0.01316	0.00740	0.00822	0.00247	0.00987	0.00740	0.00411	0.01316
162	0.01400	0.00896	0.01166	0.01081	0.01316	0.00816	0.00816	0.01763	0.02292	0.09181	0.53275	0.09117	0.10277	0.01701	0.00970	0.00266	0.00428	0.01495	0.00911	0.00834
163	0.01021	0.00730	0.00972	0.01151	0.01207	0.00681	0.00772	0.01179	0.01632	0.02186	0.07851	0.66804	0.05621	0.02554	0.01056	0.00333	0.00477	0.02315	0.00779	0.00681
164	0.02296	0.02453	0.02961	0.04065	0.44919	0.19786	0.02181	0.02687	0.01981	0.02469	0.01544	0.02086	0.01341	0.04555	0.00986	0.00268	0.01117	0.00709	0.00421	0.01176
165	0.03053	0.02245	0.02407	0.01857	0.02486	0.02481	0.01521	0.59524	0.03760	0.05040	0.02028	0.02180	0.01500	0.04766	0.01014	0.00279	0.00908	0.00773	0.00813	0.01364
166	0.00983	0.00835	0.00848	0.00859	0.01127	0.00700	0.00639	0.01190	0.01877	0.02238	0.08209	0.11357	0.62057	0.02131	0.00986	0.00284	0.00424	0.01786	0.00771	0.00700
167	0.01131	0.00827	0.01149	0.04911	0.01590	0.00815	0.01009	0.01363	0.01682	0.02221	0.04362	0.49970	0.05063	0.02423	0.01072	0.00346	0.00593	0.18013	0.00748	0.00713

[dist]
# distance from previous block
# <min> <max>
0	133

# created by:
# /home/cegg/simao/soft/augustus-3.2.1/scripts/msa2prfl.pl ./align_prep/14565.fa
