[name]
unknown

[dist]
# distance from previous block
# <min> <max>
0	37

[block]
# block no. 0 follows, 22 sequences, length 12
# corresponding to MSA columns:
# 37-48
name=unknown_A
#
# <colnr> <probs for GDERKNQSTAVLIFYWHMCP>
#	G	D	E	R	K	N	Q	S	T	A	V	L	I	F	Y	W	H	M	C	P
0	0.02045	0.02162	0.02349	0.12463	0.18174	0.20298	0.01823	0.02408	0.01867	0.02241	0.01864	0.02893	0.01703	0.01932	0.12438	0.00450	0.04473	0.06985	0.00451	0.00982
1	0.07725	0.02061	0.02389	0.08698	0.11900	0.08956	0.01685	0.15588	0.02220	0.06680	0.01594	0.01906	0.01253	0.00940	0.01092	0.00251	0.12579	0.00669	0.00545	0.11268
2	0.01724	0.00967	0.01270	0.01166	0.01438	0.00902	0.00884	0.02012	0.01998	0.17147	0.24586	0.11939	0.11784	0.06938	0.10952	0.00465	0.00774	0.01360	0.00812	0.00882
3	0.01802	0.01411	0.06120	0.01513	0.05271	0.01260	0.01177	0.09182	0.05469	0.07258	0.14668	0.04399	0.03444	0.11505	0.01342	0.00340	0.00681	0.07248	0.14966	0.00944
4	0.01939	0.01557	0.02128	0.34343	0.03818	0.01793	0.01741	0.09682	0.14723	0.07375	0.02889	0.03109	0.09223	0.01078	0.00852	0.00274	0.00882	0.00909	0.00616	0.01068
5	0.01150	0.00781	0.00923	0.00981	0.00995	0.00767	0.00583	0.01193	0.01322	0.01762	0.03200	0.24704	0.03756	0.50533	0.03287	0.00666	0.00709	0.01551	0.00583	0.00554
6	0.01076	0.00730	0.00987	0.01141	0.01191	0.00687	0.00765	0.01169	0.01566	0.02098	0.07412	0.58140	0.05099	0.02591	0.01337	0.10031	0.00508	0.02105	0.00726	0.00640
7	0.01569	0.01477	0.02492	0.68808	0.05722	0.01846	0.02307	0.02123	0.01661	0.02123	0.01477	0.02215	0.01107	0.00831	0.00831	0.00277	0.01107	0.00738	0.00369	0.00923
8	0.02225	0.02447	0.12289	0.06517	0.37875	0.08842	0.02324	0.02873	0.06200	0.07776	0.01781	0.02093	0.01385	0.00813	0.00813	0.00250	0.01036	0.00721	0.00482	0.01257
9	0.01180	0.00812	0.00995	0.01018	0.01052	0.00834	0.00638	0.01254	0.01278	0.01733	0.02779	0.12821	0.03138	0.50289	0.15912	0.00850	0.01037	0.01286	0.00524	0.00569
10	0.02789	0.02097	0.02236	0.01764	0.02363	0.02304	0.01441	0.49491	0.10047	0.04701	0.02888	0.02810	0.08963	0.01140	0.00850	0.00256	0.00830	0.00885	0.00826	0.01320
11	0.02539	0.01932	0.02050	0.01692	0.02224	0.02165	0.01358	0.32636	0.27486	0.04290	0.02627	0.02560	0.01941	0.01045	0.00808	0.00256	0.00751	0.00827	0.09515	0.01300

[dist]
# distance from previous block
# <min> <max>
0	2

[block]
# block no. 1 follows, 22 sequences, length 111
# corresponding to MSA columns:
# 51-161
name=unknown_B
#
# <colnr> <probs for GDERKNQSTAVLIFYWHMCP>
#	G	D	E	R	K	N	Q	S	T	A	V	L	I	F	Y	W	H	M	C	P
0	0.02056	0.01974	0.03372	0.05099	0.65622	0.01974	0.02550	0.02550	0.01892	0.02714	0.01563	0.02056	0.01316	0.00740	0.00822	0.00247	0.00987	0.00740	0.00411	0.01316
1	0.02973	0.03352	0.02407	0.02093	0.02527	0.45555	0.01623	0.16670	0.02586	0.02756	0.01424	0.01646	0.01150	0.00954	0.00987	0.00239	0.08884	0.00605	0.00512	0.01059
2	0.01497	0.00959	0.01181	0.01177	0.01470	0.00865	0.00962	0.01797	0.02009	0.11255	0.11604	0.07573	0.31171	0.01981	0.01016	0.00309	0.00572	0.20954	0.00818	0.00828
3	0.14875	0.06600	0.02180	0.01820	0.02293	0.40370	0.01412	0.08457	0.05986	0.02691	0.01804	0.01932	0.04384	0.00926	0.00725	0.00230	0.01170	0.00621	0.00517	0.01007
4	0.02176	0.02821	0.20436	0.01826	0.02539	0.15502	0.01773	0.08835	0.05198	0.05790	0.10461	0.02447	0.02176	0.00948	0.00787	0.00228	0.00983	0.00739	0.00572	0.13764
5	0.01679	0.04207	0.63808	0.02417	0.03628	0.01937	0.05672	0.02632	0.01763	0.02632	0.01499	0.01775	0.01061	0.00785	0.00798	0.00264	0.01235	0.00630	0.00354	0.01223
6	0.02169	0.52203	0.17319	0.01674	0.02473	0.07731	0.01783	0.02579	0.01751	0.02103	0.01235	0.01434	0.01063	0.00738	0.00603	0.00198	0.01005	0.00487	0.00360	0.01093
7	0.01085	0.00788	0.00932	0.01016	0.01108	0.00737	0.00673	0.01206	0.01547	0.01994	0.04805	0.31516	0.18518	0.25304	0.02106	0.00483	0.00588	0.04287	0.00681	0.00627
8	0.02262	0.06387	0.14287	0.02226	0.02895	0.19661	0.12063	0.03406	0.22676	0.02722	0.02079	0.02194	0.01586	0.00901	0.00817	0.00255	0.01123	0.00754	0.00548	0.01159
9	0.01098	0.00891	0.01037	0.01090	0.01307	0.00831	0.00853	0.01335	0.01829	0.02269	0.06714	0.16624	0.41340	0.02186	0.01102	0.00314	0.03432	0.14277	0.00753	0.00720
10	0.01012	0.00723	0.00964	0.01157	0.01205	0.00675	0.00771	0.01157	0.01591	0.02121	0.04579	0.70262	0.05495	0.02603	0.01060	0.00337	0.00482	0.02362	0.00771	0.00675
11	0.01971	0.01887	0.03219	0.16181	0.55203	0.01952	0.02507	0.02475	0.01852	0.02611	0.01548	0.02084	0.01280	0.00756	0.00824	0.00252	0.01008	0.00740	0.00404	0.01248
12	0.02035	0.01952	0.03334	0.07884	0.63004	0.01968	0.02539	0.02531	0.01882	0.02688	0.01559	0.02063	0.01307	0.00744	0.00823	0.00248	0.00992	0.00740	0.00409	0.01299
13	0.02056	0.01974	0.03372	0.05099	0.65622	0.01974	0.02550	0.02550	0.01892	0.02714	0.01563	0.02056	0.01316	0.00740	0.00822	0.00247	0.00987	0.00740	0.00411	0.01316
14	0.01007	0.00743	0.00943	0.01102	0.01191	0.00679	0.00747	0.01163	0.01643	0.02142	0.05243	0.59485	0.15843	0.02516	0.01047	0.00328	0.00471	0.02256	0.00771	0.00679
15	0.01569	0.01477	0.02492	0.68808	0.05722	0.01846	0.02307	0.02123	0.01661	0.02123	0.01477	0.02215	0.01107	0.00831	0.00831	0.00277	0.01107	0.00738	0.00369	0.00923
16	0.01427	0.00809	0.00968	0.00968	0.01139	0.00857	0.00734	0.01753	0.01583	0.02650	0.02500	0.03127	0.02083	0.02748	0.22302	0.03779	0.00995	0.00809	0.48021	0.00746
17	0.02006	0.01923	0.03282	0.11603	0.59507	0.01961	0.02525	0.02506	0.01868	0.02654	0.01554	0.02072	0.01295	0.00749	0.00823	0.00250	0.00999	0.00740	0.00407	0.01276
18	0.01208	0.00805	0.00906	0.00906	0.00906	0.00805	0.00503	0.01208	0.01208	0.01611	0.02618	0.05436	0.03020	0.70804	0.04228	0.00805	0.00805	0.01208	0.00503	0.00503
19	0.02027	0.01944	0.03319	0.08917	0.62032	0.01966	0.02535	0.02524	0.01878	0.02679	0.01557	0.02066	0.01303	0.00746	0.00823	0.00249	0.00994	0.00740	0.00409	0.01292
20	0.03158	0.02327	0.02493	0.01911	0.02576	0.02576	0.01579	0.62852	0.03906	0.05236	0.01995	0.01995	0.01413	0.00997	0.00831	0.00249	0.00914	0.00748	0.00831	0.01413
21	0.01176	0.00849	0.01110	0.01045	0.01241	0.00784	0.00784	0.01568	0.02352	0.03331	0.65184	0.06206	0.07839	0.01698	0.00980	0.00261	0.00392	0.01502	0.00914	0.00784
22	0.76672	0.01607	0.01221	0.01092	0.01607	0.01864	0.00900	0.02442	0.01414	0.03727	0.01157	0.01350	0.00900	0.00771	0.00514	0.00257	0.00643	0.00450	0.00514	0.00900
23	0.01339	0.00956	0.01339	0.01530	0.01721	0.00956	0.01339	0.01721	0.01912	0.02486	0.04399	0.09371	0.04781	0.02295	0.01147	0.00382	0.00765	0.60031	0.00765	0.00765
24	0.01012	0.00723	0.00964	0.01157	0.01205	0.00675	0.00771	0.01157	0.01591	0.02121	0.04579	0.70262	0.05495	0.02603	0.01060	0.00337	0.00482	0.02362	0.00771	0.00675
25	0.01666	0.04297	0.66500	0.02368	0.03596	0.01929	0.03069	0.02631	0.01754	0.02631	0.01491	0.01754	0.01052	0.00789	0.00789	0.00263	0.01228	0.00614	0.00351	0.01228
26	0.01012	0.00723	0.00964	0.01157	0.01205	0.00675	0.00771	0.01157	0.01591	0.02121	0.04579	0.70262	0.05495	0.02603	0.01060	0.00337	0.00482	0.02362	0.00771	0.00675
27	0.02221	0.71304	0.04353	0.01421	0.02132	0.03287	0.01421	0.02488	0.01688	0.01955	0.01155	0.01333	0.01066	0.00711	0.00533	0.00178	0.00888	0.00444	0.00355	0.01066
28	0.02066	0.01785	0.01878	0.01691	0.02160	0.02066	0.01315	0.04414	0.64121	0.03475	0.03381	0.03099	0.02536	0.01127	0.00845	0.00282	0.00657	0.00939	0.00845	0.01315
29	0.01007	0.00744	0.00942	0.01101	0.01190	0.00679	0.00747	0.01163	0.01644	0.02142	0.05253	0.59316	0.16005	0.02515	0.01047	0.00327	0.00471	0.02255	0.00771	0.00679
30	0.00993	0.00840	0.00845	0.00845	0.01111	0.00707	0.00625	0.01193	0.01858	0.02212	0.08118	0.07864	0.62088	0.05631	0.01149	0.00307	0.00441	0.01725	0.00758	0.00691
31	0.03103	0.03959	0.02354	0.02140	0.02568	0.67469	0.01605	0.03317	0.02354	0.02033	0.01284	0.01498	0.01070	0.00856	0.00749	0.00214	0.01498	0.00535	0.00428	0.00963
32	0.03107	0.03861	0.02363	0.02126	0.02569	0.63580	0.01604	0.06885	0.02447	0.02225	0.01327	0.01528	0.01091	0.00865	0.00754	0.00216	0.01463	0.00548	0.00452	0.00990
33	0.01187	0.00890	0.01335	0.01335	0.01483	0.01038	0.01038	0.01483	0.01335	0.01928	0.02225	0.03264	0.02077	0.06231	0.67512	0.01335	0.02225	0.00890	0.00445	0.00742
34	0.01004	0.00755	0.00931	0.01071	0.01182	0.00682	0.00733	0.01166	0.01673	0.02154	0.05618	0.53392	0.21694	0.02468	0.01039	0.00322	0.00465	0.02197	0.00771	0.00682
35	0.03103	0.03959	0.02354	0.02140	0.02568	0.67469	0.01605	0.03317	0.02354	0.02033	0.01284	0.01498	0.01070	0.00856	0.00749	0.00214	0.01498	0.00535	0.00428	0.00963
36	0.02990	0.01669	0.02048	0.01756	0.05198	0.01682	0.01346	0.20030	0.10326	0.31423	0.06143	0.06810	0.02408	0.01147	0.00856	0.00262	0.00742	0.00945	0.00900	0.01320
37	0.03055	0.03867	0.02402	0.02278	0.05503	0.64421	0.01649	0.03282	0.02333	0.02065	0.01297	0.01524	0.01082	0.00851	0.00752	0.00216	0.01474	0.00545	0.00427	0.00980
38	0.01102	0.00880	0.01008	0.01073	0.01323	0.00787	0.00869	0.01370	0.01900	0.02325	0.07068	0.08457	0.44984	0.02168	0.01037	0.00315	0.00536	0.21307	0.00769	0.00723
39	0.03111	0.03734	0.02373	0.02109	0.02569	0.58510	0.01602	0.11537	0.02568	0.02475	0.01382	0.01567	0.01117	0.00876	0.00760	0.00219	0.01417	0.00564	0.00484	0.01025
40	0.01827	0.01729	0.01914	0.02173	0.15166	0.08824	0.01395	0.07089	0.11675	0.02744	0.04468	0.04627	0.25174	0.01425	0.00962	0.00271	0.03319	0.03542	0.00658	0.01020
41	0.01115	0.00879	0.01031	0.01110	0.01347	0.00795	0.00899	0.01387	0.01888	0.02329	0.06765	0.11153	0.40341	0.02196	0.01046	0.00321	0.00551	0.23356	0.00769	0.00724
42	0.05069	0.63430	0.04080	0.01465	0.02147	0.08259	0.01416	0.02551	0.01730	0.02027	0.01165	0.01346	0.01060	0.00724	0.00549	0.00183	0.00927	0.00452	0.00367	0.01052
43	0.02263	0.02476	0.03218	0.11216	0.33942	0.19148	0.10567	0.02719	0.01997	0.02462	0.01496	0.01953	0.01221	0.00775	0.00826	0.00246	0.01192	0.00719	0.00412	0.01153
44	0.17618	0.20228	0.31658	0.01852	0.02732	0.02216	0.04288	0.02499	0.01652	0.02659	0.01380	0.01657	0.01083	0.01036	0.04023	0.00295	0.01076	0.00564	0.00394	0.01090
45	0.02035	0.01952	0.03334	0.07856	0.63030	0.01968	0.02539	0.02531	0.01882	0.02688	0.01559	0.02063	0.01307	0.00744	0.00823	0.00248	0.00992	0.00740	0.00409	0.01299
46	0.02016	0.01741	0.15134	0.01441	0.01989	0.01150	0.01387	0.02500	0.02212	0.21498	0.31099	0.04360	0.07310	0.01329	0.00898	0.00261	0.00662	0.01131	0.00822	0.01058
47	0.02163	0.02177	0.03268	0.04797	0.59185	0.08660	0.02453	0.02628	0.01939	0.02645	0.01534	0.01999	0.01291	0.00752	0.00815	0.00243	0.01039	0.00719	0.00413	0.01280
48	0.01020	0.00729	0.00971	0.01151	0.01207	0.00680	0.00772	0.01176	0.01627	0.02179	0.07486	0.67189	0.05607	0.02559	0.01056	0.00334	0.00478	0.02320	0.00778	0.00680
49	0.01057	0.00755	0.01016	0.01208	0.01276	0.00714	0.00850	0.01235	0.01635	0.02171	0.04554	0.61855	0.05396	0.02560	0.01072	0.00344	0.00521	0.10324	0.00770	0.00687
50	0.01187	0.00890	0.01335	0.01335	0.01483	0.01038	0.01038	0.01483	0.01335	0.01928	0.02225	0.03264	0.02077	0.06231	0.67512	0.01335	0.02225	0.00890	0.00445	0.00742
51	0.03103	0.03959	0.02354	0.02140	0.02568	0.67469	0.01605	0.03317	0.02354	0.02033	0.01284	0.01498	0.01070	0.00856	0.00749	0.00214	0.01498	0.00535	0.00428	0.00963
52	0.01012	0.00723	0.00964	0.01157	0.01205	0.00675	0.00771	0.01157	0.01591	0.02121	0.04579	0.70262	0.05495	0.02603	0.01060	0.00337	0.00482	0.02362	0.00771	0.00675
53	0.01639	0.01007	0.01378	0.01456	0.01716	0.00969	0.01251	0.02003	0.01998	0.11312	0.07639	0.08221	0.08190	0.02078	0.01086	0.00353	0.00717	0.45327	0.00809	0.00852
54	0.02044	0.44950	0.16899	0.01558	0.02296	0.05015	0.01660	0.02472	0.01734	0.02258	0.01445	0.01671	0.01210	0.00768	0.00602	0.00199	0.00913	0.00529	0.10720	0.01056
55	0.01007	0.00843	0.00876	0.00867	0.01137	0.00712	0.00651	0.01240	0.01952	0.02383	0.15642	0.07767	0.57972	0.02052	0.00982	0.00278	0.00417	0.01721	0.00790	0.00712
56	0.02407	0.57094	0.03931	0.01573	0.02224	0.16830	0.01460	0.02663	0.01829	0.01971	0.01182	0.01368	0.01067	0.00741	0.00579	0.00185	0.01017	0.00463	0.00371	0.01044
57	0.02112	0.01807	0.01904	0.01700	0.02178	0.02088	0.01326	0.06878	0.61583	0.03549	0.03323	0.03053	0.02489	0.01122	0.00845	0.00280	0.00668	0.00931	0.00845	0.01319
58	0.02049	0.01855	0.01801	0.01615	0.02033	0.09025	0.01249	0.06726	0.41161	0.03377	0.16119	0.03521	0.03435	0.01211	0.00862	0.00268	0.00707	0.01004	0.00813	0.01169
59	0.02919	0.18103	0.02782	0.01979	0.02477	0.51314	0.01565	0.05539	0.02276	0.02146	0.01285	0.01483	0.01083	0.00831	0.00707	0.00208	0.01346	0.00524	0.00429	0.01003
60	0.01082	0.00773	0.01044	0.01237	0.01316	0.00735	0.00893	0.01278	0.01659	0.02199	0.04540	0.57219	0.05342	0.02537	0.01079	0.00347	0.00543	0.14714	0.00770	0.00694
61	0.01141	0.00940	0.01500	0.01462	0.01633	0.00873	0.09300	0.01367	0.01660	0.02203	0.04409	0.57139	0.08493	0.02310	0.01045	0.00326	0.00605	0.02134	0.00723	0.00738
62	0.02056	0.01974	0.03372	0.05099	0.65622	0.01974	0.02550	0.02550	0.01892	0.02714	0.01563	0.02056	0.01316	0.00740	0.00822	0.00247	0.00987	0.00740	0.00411	0.01316
63	0.01012	0.00723	0.00964	0.01157	0.01205	0.00675	0.00771	0.01157	0.01591	0.02121	0.04579	0.70262	0.05495	0.02603	0.01060	0.00337	0.00482	0.02362	0.00771	0.00675
64	0.01208	0.00805	0.00906	0.00906	0.00906	0.00805	0.00503	0.01208	0.01208	0.01611	0.02618	0.05436	0.03020	0.70804	0.04228	0.00805	0.00805	0.01208	0.00503	0.00503
65	0.01187	0.00890	0.01335	0.01335	0.01483	0.01038	0.01038	0.01483	0.01335	0.01928	0.02225	0.03264	0.02077	0.06231	0.67512	0.01335	0.02225	0.00890	0.00445	0.00742
66	0.01208	0.00805	0.00906	0.00906	0.00906	0.00805	0.00503	0.01208	0.01208	0.01611	0.02618	0.05436	0.03020	0.70804	0.04228	0.00805	0.00805	0.01208	0.00503	0.00503
67	0.01187	0.00890	0.01335	0.01335	0.01483	0.01038	0.01038	0.01483	0.01335	0.01928	0.02225	0.03264	0.02077	0.06231	0.67512	0.01335	0.02225	0.00890	0.00445	0.00742
68	0.08612	0.02215	0.02363	0.01823	0.02475	0.02436	0.01506	0.54615	0.03624	0.09049	0.02015	0.02001	0.01416	0.00983	0.00808	0.00250	0.00881	0.00732	0.00820	0.01375
69	0.02851	0.11922	0.02739	0.02461	0.11221	0.50577	0.01713	0.03110	0.02209	0.02118	0.01307	0.01555	0.01104	0.00822	0.00733	0.00214	0.01353	0.00552	0.00417	0.01024
70	0.12393	0.01998	0.03359	0.04044	0.40493	0.02016	0.15137	0.05585	0.01942	0.02969	0.01554	0.01995	0.01251	0.00749	0.00814	0.00255	0.01024	0.00752	0.00448	0.01221
71	0.02236	0.07854	0.34107	0.02329	0.03226	0.19692	0.08536	0.07648	0.02105	0.02642	0.01475	0.01729	0.01108	0.00810	0.00786	0.00245	0.01273	0.00631	0.00417	0.01151
72	0.02959	0.03685	0.02495	0.02549	0.11274	0.58426	0.01736	0.03211	0.02290	0.02127	0.01323	0.01575	0.01104	0.00840	0.00759	0.00219	0.01428	0.00563	0.00426	0.01012
73	0.02018	0.02212	0.03052	0.14449	0.08808	0.15741	0.18648	0.02458	0.01822	0.02263	0.01560	0.02158	0.01292	0.01607	0.10273	0.00418	0.09040	0.00782	0.00409	0.00993
74	0.02691	0.17369	0.03037	0.02610	0.16774	0.25177	0.01775	0.15721	0.02441	0.02857	0.01472	0.01696	0.01198	0.00829	0.00738	0.00221	0.01128	0.00608	0.00495	0.01161
75	0.01164	0.00837	0.01111	0.01135	0.01299	0.00785	0.00857	0.01502	0.02131	0.02960	0.44045	0.20156	0.06924	0.01971	0.01020	0.00294	0.00462	0.09725	0.00864	0.00758
76	0.20025	0.21475	0.34113	0.01806	0.02723	0.02275	0.02104	0.02547	0.01654	0.02717	0.01320	0.01544	0.01019	0.00764	0.00654	0.00239	0.00995	0.00529	0.00392	0.01105
77	0.01908	0.01818	0.03023	0.04511	0.56717	0.01798	0.02285	0.02362	0.01892	0.02649	0.02509	0.02876	0.10148	0.00928	0.00844	0.00251	0.00909	0.00880	0.00461	0.01231
78	0.01012	0.00723	0.00964	0.01157	0.01205	0.00675	0.00771	0.01157	0.01591	0.02121	0.04579	0.70262	0.05495	0.02603	0.01060	0.00337	0.00482	0.02362	0.00771	0.00675
79	0.03230	0.02102	0.02410	0.01977	0.05710	0.02238	0.01548	0.46423	0.03456	0.18928	0.02263	0.02187	0.01554	0.00991	0.00832	0.00251	0.00871	0.00767	0.00854	0.01408
80	0.05500	0.06484	0.28325	0.02877	0.13453	0.05467	0.13405	0.02571	0.01771	0.02567	0.01449	0.01845	0.01132	0.00838	0.01018	0.00268	0.08800	0.00693	0.00387	0.01149
81	0.01177	0.00872	0.01216	0.01244	0.01336	0.00971	0.00904	0.01378	0.01362	0.01909	0.02765	0.17991	0.02959	0.18061	0.38330	0.00980	0.04074	0.01262	0.00523	0.00686
82	0.01094	0.00782	0.01058	0.01250	0.01335	0.00745	0.00914	0.01298	0.01671	0.02212	0.04534	0.54979	0.05315	0.02525	0.01082	0.00349	0.00553	0.16836	0.00770	0.00697
83	0.02110	0.02076	0.03320	0.04947	0.62385	0.05337	0.02501	0.02589	0.01915	0.02679	0.01548	0.02027	0.01303	0.00746	0.00819	0.00245	0.01013	0.00730	0.00412	0.01298
84	0.02575	0.12092	0.02349	0.01812	0.02227	0.44799	0.01405	0.02834	0.02267	0.02301	0.14955	0.02485	0.02519	0.01017	0.00770	0.00219	0.01182	0.00730	0.00523	0.00938
85	0.01763	0.01598	0.02622	0.03777	0.44105	0.01581	0.01991	0.02210	0.01983	0.02812	0.16302	0.06707	0.03203	0.01140	0.00889	0.00263	0.00814	0.04544	0.00564	0.01131
86	0.02312	0.64324	0.04146	0.01496	0.02177	0.09939	0.01441	0.02574	0.01757	0.01963	0.01168	0.01350	0.01067	0.00726	0.00555	0.00181	0.00952	0.00454	0.00363	0.01055
87	0.01725	0.03946	0.56954	0.02781	0.12975	0.01936	0.02991	0.02619	0.01775	0.02643	0.01502	0.01800	0.01092	0.00782	0.00794	0.00261	0.01191	0.00633	0.00360	0.01241
88	0.01995	0.02647	0.17962	0.04009	0.35783	0.04947	0.15296	0.02626	0.01896	0.02653	0.01559	0.02001	0.01233	0.00748	0.00845	0.00256	0.01152	0.00753	0.00400	0.01239
89	0.01537	0.03558	0.52461	0.02060	0.03077	0.01674	0.02561	0.02357	0.01826	0.02648	0.08175	0.02927	0.09549	0.01034	0.00830	0.00265	0.01052	0.00835	0.00454	0.01123
90	0.01007	0.00843	0.00877	0.00868	0.01138	0.00712	0.00651	0.01241	0.01953	0.02386	0.15833	0.07761	0.57779	0.02051	0.00982	0.00278	0.00417	0.01720	0.00790	0.00712
91	0.02073	0.02153	0.03785	0.04217	0.37716	0.05165	0.23596	0.02722	0.05168	0.02702	0.01685	0.02149	0.01348	0.00752	0.00876	0.00259	0.01140	0.00825	0.00438	0.01230
92	0.02407	0.57094	0.03931	0.01573	0.02224	0.16830	0.01460	0.02663	0.01829	0.01971	0.01182	0.01368	0.01067	0.00741	0.00579	0.00185	0.01017	0.00463	0.00371	0.01044
93	0.02066	0.01785	0.01878	0.01691	0.02160	0.02066	0.01315	0.04414	0.64121	0.03475	0.03381	0.03099	0.02536	0.01127	0.00845	0.00282	0.00657	0.00939	0.00845	0.01315
94	0.01193	0.00803	0.00930	0.00944	0.00954	0.00806	0.00547	0.01217	0.01242	0.01663	0.02744	0.10116	0.03160	0.62864	0.06851	0.00795	0.00846	0.01279	0.00520	0.00527
95	0.02331	0.02486	0.03036	0.04165	0.46137	0.19149	0.02244	0.02838	0.04909	0.02571	0.01574	0.01958	0.01308	0.00789	0.00804	0.00240	0.01106	0.00696	0.00436	0.01223
96	0.01012	0.00723	0.00964	0.01157	0.01205	0.00675	0.00771	0.01157	0.01591	0.02121	0.04579	0.70262	0.05495	0.02603	0.01060	0.00337	0.00482	0.02362	0.00771	0.00675
97	0.01012	0.00723	0.00964	0.01157	0.01205	0.00675	0.00771	0.01157	0.01591	0.02121	0.04579	0.70262	0.05495	0.02603	0.01060	0.00337	0.00482	0.02362	0.00771	0.00675
98	0.01451	0.06438	0.01434	0.01171	0.01529	0.05487	0.00921	0.02123	0.15039	0.02477	0.06220	0.06100	0.41087	0.01721	0.00911	0.00272	0.00586	0.03422	0.00734	0.00877
99	0.02221	0.71304	0.04353	0.01421	0.02132	0.03287	0.01421	0.02488	0.01688	0.01955	0.01155	0.01333	0.01066	0.00711	0.00533	0.00178	0.00888	0.00444	0.00355	0.01066
100	0.00982	0.00842	0.00842	0.00842	0.01122	0.00701	0.00631	0.01192	0.01894	0.02244	0.08416	0.07995	0.65285	0.02104	0.00982	0.00281	0.00421	0.01753	0.00771	0.00701
101	0.01036	0.00740	0.00992	0.01184	0.01243	0.00696	0.00813	0.01198	0.01614	0.02148	0.04565	0.65775	0.05442	0.02580	0.01067	0.00341	0.00503	0.06612	0.00771	0.00681
102	0.02396	0.02748	0.02578	0.02567	0.11104	0.30007	0.01828	0.02634	0.01817	0.02112	0.01238	0.01715	0.01113	0.01102	0.01625	0.00284	0.31100	0.00647	0.00397	0.00988
103	0.02799	0.03220	0.02370	0.07001	0.02736	0.43931	0.01657	0.10379	0.06357	0.02517	0.01500	0.01747	0.01211	0.00950	0.00973	0.00243	0.08265	0.00621	0.00493	0.01032
104	0.03111	0.03734	0.02373	0.02109	0.02569	0.58510	0.01602	0.11537	0.02568	0.02475	0.01382	0.01567	0.01117	0.00876	0.00760	0.00219	0.01417	0.00564	0.00484	0.01025
105	0.01817	0.03226	0.40990	0.02346	0.03319	0.01771	0.15386	0.02613	0.01828	0.05892	0.01790	0.02098	0.01296	0.00807	0.00804	0.00257	0.01123	0.00726	0.10764	0.01151
106	0.02157	0.02238	0.02816	0.07777	0.39398	0.16172	0.02161	0.02578	0.01982	0.02498	0.01888	0.02953	0.01728	0.00986	0.00852	0.00260	0.01075	0.08881	0.00461	0.01139
107	0.11858	0.01313	0.01401	0.01347	0.01603	0.03984	0.01021	0.02241	0.14769	0.02626	0.06234	0.16337	0.08252	0.05987	0.12766	0.00501	0.05017	0.01218	0.00649	0.00877
108	0.01465	0.01186	0.01457	0.01532	0.07230	0.01190	0.01045	0.05145	0.13437	0.03100	0.29724	0.08769	0.18229	0.01608	0.00938	0.00271	0.00531	0.01393	0.00814	0.00936
109	0.02332	0.02048	0.02614	0.14852	0.16356	0.05371	0.01923	0.21616	0.08959	0.03348	0.01795	0.02116	0.01394	0.00982	0.01088	0.00271	0.10406	0.00752	0.00576	0.01201
110	0.02917	0.11747	0.02652	0.01799	0.02446	0.02558	0.01510	0.44986	0.10945	0.06996	0.02100	0.02072	0.01529	0.00975	0.00792	0.00244	0.00871	0.00733	0.00775	0.01353

[dist]
# distance from previous block
# <min> <max>
0	6

# created by:
# /home/cegg/simao/soft/augustus-3.2.1/scripts/msa2prfl.pl ./align_prep/14590.fa
