[name]
unknown

[dist]
# distance from previous block
# <min> <max>
0	0

[block]
# block no. 0 follows, 20 sequences, length 14
# corresponding to MSA columns:
# 0-13
name=unknown_A
#
# <colnr> <probs for GDERKNQSTAVLIFYWHMCP>
#	G	D	E	R	K	N	Q	S	T	A	V	L	I	F	Y	W	H	M	C	P
0	0.01406	0.01004	0.01406	0.01606	0.01807	0.01004	0.01406	0.01807	0.02008	0.02610	0.04618	0.09839	0.05020	0.02410	0.01205	0.00402	0.00803	0.58032	0.00803	0.00803
1	0.02638	0.03108	0.02235	0.02284	0.08807	0.42700	0.01540	0.02860	0.02127	0.02123	0.01702	0.02511	0.01595	0.13551	0.06203	0.00425	0.01442	0.00738	0.00463	0.00947
2	0.09753	0.01663	0.02029	0.19993	0.03079	0.01850	0.01499	0.19790	0.02397	0.03421	0.06076	0.03016	0.02082	0.13223	0.01472	0.00367	0.00909	0.00872	0.00622	0.05887
3	0.01157	0.00799	0.00984	0.01094	0.01121	0.00771	0.00681	0.01239	0.01486	0.01982	0.03865	0.39893	0.04579	0.33238	0.02637	0.00579	0.00662	0.01925	0.00681	0.00626
4	0.09879	0.02096	0.03248	0.21662	0.25794	0.06940	0.12739	0.02623	0.01916	0.02724	0.01570	0.02116	0.01244	0.00809	0.00855	0.00273	0.01152	0.00773	0.00434	0.01155
5	0.01876	0.01911	0.02236	0.09080	0.07205	0.13145	0.04938	0.02135	0.01738	0.02188	0.02326	0.17154	0.02469	0.10925	0.01855	0.00388	0.15824	0.01192	0.00516	0.00898
6	0.01301	0.01036	0.01547	0.19673	0.02617	0.01165	0.01289	0.01590	0.01567	0.02101	0.02995	0.25087	0.03227	0.12758	0.17407	0.00664	0.01187	0.01450	0.00567	0.00773
7	0.02014	0.01866	0.02208	0.07919	0.17665	0.10483	0.01651	0.10603	0.02217	0.02841	0.02880	0.27776	0.03035	0.01595	0.00951	0.00294	0.00906	0.01405	0.00640	0.01051
8	0.19208	0.12710	0.12494	0.03348	0.30845	0.02249	0.02176	0.02654	0.01815	0.02962	0.01465	0.01822	0.01198	0.00788	0.00736	0.00253	0.00975	0.00639	0.00438	0.01226
9	0.01600	0.01297	0.01886	0.10643	0.18029	0.01267	0.01471	0.01941	0.01942	0.06646	0.05072	0.14829	0.26607	0.01672	0.00970	0.00292	0.00717	0.01462	0.00677	0.00979
10	0.01720	0.01513	0.02196	0.11777	0.20598	0.01589	0.01707	0.02533	0.12866	0.02988	0.16951	0.04431	0.09935	0.01329	0.00942	0.00285	0.00775	0.04080	0.00687	0.01098
11	0.02186	0.02266	0.02488	0.05273	0.08985	0.16307	0.01803	0.05769	0.01846	0.02375	0.01528	0.02160	0.01370	0.02146	0.13231	0.00505	0.27551	0.00752	0.00446	0.01012
12	0.05421	0.01954	0.08586	0.01619	0.02265	0.01660	0.01418	0.15847	0.05484	0.12136	0.02312	0.05392	0.01879	0.05898	0.05792	0.00359	0.00933	0.00830	0.00692	0.19521
13	0.02357	0.01707	0.02215	0.02143	0.13191	0.01532	0.01436	0.10719	0.02314	0.12643	0.06679	0.02449	0.01999	0.00878	0.00781	0.00203	0.00756	0.00737	0.00671	0.34591

[dist]
# distance from previous block
# <min> <max>
0	1

[block]
# block no. 1 follows, 20 sequences, length 69
# corresponding to MSA columns:
# 15-83
name=unknown_B
#
# <colnr> <probs for GDERKNQSTAVLIFYWHMCP>
#	G	D	E	R	K	N	Q	S	T	A	V	L	I	F	Y	W	H	M	C	P
0	0.01099	0.00810	0.01015	0.01153	0.01265	0.00746	0.00802	0.01283	0.01768	0.02307	0.08391	0.46509	0.16895	0.06586	0.01300	0.00371	0.00528	0.05658	0.00800	0.00715
1	0.11136	0.01201	0.01416	0.01274	0.01647	0.01175	0.00996	0.05511	0.02048	0.21835	0.03198	0.15900	0.02812	0.01522	0.00971	0.04151	0.00627	0.04080	0.17477	0.01024
2	0.25000	0.01801	0.02167	0.13057	0.14650	0.02046	0.01667	0.03212	0.21637	0.03343	0.02121	0.02315	0.01630	0.00937	0.00772	0.00280	0.00830	0.00750	0.00608	0.01177
3	0.01614	0.01267	0.01551	0.05058	0.02016	0.01343	0.01266	0.05973	0.15803	0.03022	0.10510	0.14040	0.10319	0.01919	0.01048	0.00334	0.00695	0.20433	0.00822	0.00969
4	0.02135	0.01854	0.01991	0.01715	0.02128	0.05278	0.01360	0.12953	0.23903	0.03489	0.11573	0.03606	0.08169	0.01339	0.01180	0.00287	0.10231	0.01031	0.00775	0.05003
5	0.01673	0.01576	0.02663	0.64153	0.08903	0.01945	0.02435	0.02251	0.01756	0.02260	0.01555	0.02317	0.01174	0.00867	0.00872	0.00289	0.01156	0.00775	0.00390	0.00990
6	0.01647	0.01550	0.02616	0.67248	0.06008	0.01938	0.02422	0.02229	0.01744	0.02229	0.01550	0.02326	0.01163	0.00872	0.00872	0.00291	0.01163	0.00775	0.00388	0.00969
7	0.02373	0.02582	0.01917	0.01764	0.02045	0.32150	0.01306	0.05560	0.02058	0.02269	0.01998	0.05775	0.01937	0.15271	0.08967	0.00497	0.05448	0.00868	0.04329	0.00886
8	0.01544	0.01291	0.01340	0.01253	0.01560	0.04471	0.00948	0.07613	0.08324	0.03092	0.22528	0.13611	0.25353	0.01866	0.00998	0.00289	0.00575	0.01588	0.00848	0.00909
9	0.01255	0.00899	0.01219	0.01219	0.01312	0.00991	0.00863	0.01441	0.01348	0.01890	0.02503	0.04351	0.02582	0.31983	0.40996	0.01177	0.01733	0.01070	0.00492	0.00677
10	0.02170	0.01874	0.01972	0.01775	0.02268	0.02170	0.01381	0.04635	0.62327	0.03649	0.03550	0.03254	0.02663	0.01183	0.00888	0.00296	0.00690	0.00986	0.00888	0.01381
11	0.01750	0.04512	0.64825	0.02486	0.03775	0.02026	0.03223	0.02762	0.01842	0.02762	0.01565	0.01842	0.01105	0.00829	0.00829	0.00276	0.01289	0.00645	0.00368	0.01289
12	0.01053	0.00841	0.00943	0.01009	0.01215	0.00731	0.00722	0.01259	0.01903	0.02371	0.10285	0.29222	0.40644	0.02368	0.01059	0.00314	0.00463	0.02049	0.00818	0.00731
13	0.02792	0.02822	0.02668	0.02860	0.17545	0.23792	0.01862	0.16396	0.14327	0.03356	0.02014	0.02159	0.01566	0.00958	0.00844	0.00255	0.01134	0.00747	0.00625	0.01279
14	0.02291	0.02322	0.03413	0.04982	0.56569	0.09714	0.02558	0.02774	0.02044	0.02764	0.01606	0.02089	0.01351	0.00792	0.00854	0.00255	0.01101	0.00751	0.00434	0.01337
15	0.01126	0.00900	0.01015	0.01022	0.01284	0.00790	0.00791	0.01415	0.02108	0.02665	0.21652	0.08109	0.43041	0.02129	0.01051	0.00302	0.00478	0.08510	0.00846	0.00766
16	0.02273	0.63295	0.10632	0.01592	0.02393	0.03308	0.01667	0.02627	0.01779	0.02124	0.01248	0.01444	0.01118	0.00755	0.00587	0.00196	0.00969	0.00484	0.00373	0.01136
17	0.02243	0.52757	0.08393	0.01977	0.02783	0.03122	0.13083	0.02657	0.01832	0.02240	0.01341	0.01611	0.01158	0.00749	0.00667	0.00213	0.01059	0.00587	0.00386	0.01141
18	0.01246	0.00935	0.01402	0.01402	0.01558	0.01090	0.01090	0.01558	0.01402	0.02025	0.02336	0.03427	0.02181	0.06542	0.65888	0.01402	0.02336	0.00935	0.00467	0.00779
19	0.01072	0.00766	0.01020	0.01208	0.01267	0.00715	0.00810	0.01238	0.01713	0.02296	0.07988	0.65399	0.05903	0.02681	0.01109	0.00350	0.00501	0.02431	0.00818	0.00715
20	0.02349	0.02429	0.07477	0.03605	0.17272	0.02280	0.31309	0.15962	0.02494	0.03418	0.01801	0.02223	0.01361	0.00820	0.00946	0.00278	0.01248	0.00897	0.00533	0.01298
21	0.02159	0.02073	0.03541	0.05354	0.63903	0.02073	0.02677	0.02677	0.01986	0.02850	0.01641	0.02159	0.01382	0.00777	0.00864	0.00259	0.01036	0.00777	0.00432	0.01382
22	0.01235	0.00892	0.01166	0.01097	0.01303	0.00823	0.00823	0.01646	0.02469	0.03498	0.63443	0.06516	0.08230	0.01783	0.01029	0.00274	0.00412	0.01578	0.00960	0.00823
23	0.02923	0.03568	0.02944	0.03004	0.15054	0.46990	0.07603	0.03256	0.02335	0.02341	0.01447	0.01765	0.01194	0.00859	0.00825	0.00238	0.01456	0.00650	0.00445	0.01101
24	0.28333	0.02181	0.02155	0.01709	0.02352	0.02446	0.01411	0.40746	0.03194	0.04949	0.01789	0.01860	0.01297	0.00965	0.00757	0.00265	0.00861	0.00677	0.00757	0.01297
25	0.36139	0.19749	0.06165	0.01564	0.02180	0.16825	0.01387	0.02796	0.01803	0.02969	0.01265	0.01473	0.01039	0.00815	0.00618	0.00239	0.00981	0.00501	0.00467	0.01025
26	0.02375	0.02388	0.03341	0.04739	0.52039	0.11150	0.02483	0.05824	0.02165	0.02886	0.01623	0.02072	0.01350	0.00808	0.00853	0.00254	0.01108	0.00747	0.00457	0.01334
27	0.01063	0.00759	0.01012	0.01215	0.01265	0.00709	0.00810	0.01215	0.01670	0.02227	0.04808	0.68775	0.05769	0.02733	0.01113	0.00354	0.00506	0.02480	0.00810	0.00709
28	0.01235	0.00892	0.01166	0.01097	0.01303	0.00823	0.00823	0.01646	0.02469	0.03498	0.63443	0.06516	0.08230	0.01783	0.01029	0.00274	0.00412	0.01578	0.00960	0.00823
29	0.01235	0.00892	0.01166	0.01097	0.01303	0.00823	0.00823	0.01646	0.02469	0.03498	0.63443	0.06516	0.08230	0.01783	0.01029	0.00274	0.00412	0.01578	0.00960	0.00823
30	0.03914	0.01484	0.02024	0.01552	0.02227	0.01282	0.01282	0.04251	0.02497	0.64507	0.03441	0.02969	0.02159	0.01080	0.00877	0.00270	0.00742	0.00877	0.01080	0.01484
31	0.02059	0.02353	0.05147	0.03676	0.04559	0.02206	0.60735	0.02794	0.02059	0.02794	0.01765	0.02353	0.01324	0.00735	0.01029	0.00294	0.01471	0.01029	0.00441	0.01176
32	0.01268	0.00846	0.00951	0.00951	0.00951	0.00846	0.00529	0.01268	0.01268	0.01691	0.02748	0.05708	0.03171	0.69345	0.04440	0.00846	0.00846	0.01268	0.00529	0.00529
33	0.75506	0.01687	0.01282	0.01147	0.01687	0.01957	0.00945	0.02564	0.01484	0.03914	0.01215	0.01417	0.00945	0.00810	0.00540	0.00270	0.00675	0.00472	0.00540	0.00945
34	0.03914	0.01484	0.02024	0.01552	0.02227	0.01282	0.01282	0.04251	0.02497	0.64507	0.03441	0.02969	0.02159	0.01080	0.00877	0.00270	0.00742	0.00877	0.01080	0.01484
35	0.03316	0.02443	0.02618	0.02007	0.02705	0.02705	0.01658	0.60995	0.04101	0.05497	0.02094	0.02094	0.01483	0.01047	0.00873	0.00262	0.00960	0.00785	0.00873	0.01483
36	0.01515	0.00758	0.01136	0.01136	0.01136	0.00758	0.00758	0.01136	0.01136	0.01515	0.01515	0.02652	0.01515	0.03030	0.03409	0.74621	0.00758	0.00758	0.00379	0.00379
37	0.01626	0.00813	0.00813	0.00813	0.01016	0.00813	0.00610	0.02033	0.01829	0.03252	0.02846	0.03252	0.02236	0.01016	0.00610	0.00203	0.00407	0.00813	0.74187	0.00813
38	0.03914	0.01484	0.02024	0.01552	0.02227	0.01282	0.01282	0.04251	0.02497	0.64507	0.03441	0.02969	0.02159	0.01080	0.00877	0.00270	0.00742	0.00877	0.01080	0.01484
39	0.01809	0.01550	0.01809	0.01292	0.02067	0.01163	0.01034	0.02196	0.01809	0.02842	0.01550	0.01809	0.01292	0.00646	0.00646	0.00129	0.00646	0.00517	0.00517	0.74677
40	0.01626	0.00813	0.00813	0.00813	0.01016	0.00813	0.00610	0.02033	0.01829	0.03252	0.02846	0.03252	0.02236	0.01016	0.00610	0.00203	0.00407	0.00813	0.74187	0.00813
41	0.02159	0.02073	0.03541	0.05354	0.63903	0.02073	0.02677	0.02677	0.01986	0.02850	0.01641	0.02159	0.01382	0.00777	0.00864	0.00259	0.01036	0.00777	0.00432	0.01382
42	0.02159	0.02073	0.03541	0.05354	0.63903	0.02073	0.02677	0.02677	0.01986	0.02850	0.01641	0.02159	0.01382	0.00777	0.00864	0.00259	0.01036	0.00777	0.00432	0.01382
43	0.01339	0.00957	0.01329	0.01530	0.01702	0.00947	0.01290	0.01692	0.01943	0.02536	0.04655	0.21264	0.05165	0.02472	0.01187	0.00392	0.00746	0.47264	0.00804	0.00785
44	0.02159	0.02073	0.03541	0.05354	0.63903	0.02073	0.02677	0.02677	0.01986	0.02850	0.01641	0.02159	0.01382	0.00777	0.00864	0.00259	0.01036	0.00777	0.00432	0.01382
45	0.01809	0.01550	0.01809	0.01292	0.02067	0.01163	0.01034	0.02196	0.01809	0.02842	0.01550	0.01809	0.01292	0.00646	0.00646	0.00129	0.00646	0.00517	0.00517	0.74677
46	0.01084	0.00859	0.00976	0.01004	0.01225	0.00750	0.00731	0.01334	0.02030	0.02589	0.20433	0.20954	0.38494	0.02225	0.01048	0.00303	0.00449	0.01918	0.00844	0.00750
47	0.01091	0.00886	0.00967	0.00947	0.01215	0.00762	0.00710	0.01368	0.02130	0.02694	0.24991	0.07839	0.47184	0.02083	0.01030	0.00289	0.00433	0.01763	0.00854	0.00762
48	0.02066	0.02626	0.17435	0.04704	0.50271	0.02062	0.02801	0.02696	0.01953	0.02830	0.01624	0.02087	0.01319	0.00789	0.00856	0.00263	0.01094	0.00747	0.00417	0.01361
49	0.02107	0.02023	0.03505	0.05024	0.56552	0.02015	0.06050	0.02630	0.01992	0.02832	0.01831	0.02643	0.01602	0.00875	0.00894	0.00270	0.01048	0.04318	0.00455	0.01334
50	0.01063	0.00759	0.01012	0.01215	0.01265	0.00709	0.00810	0.01215	0.01670	0.02227	0.04808	0.68775	0.05769	0.02733	0.01113	0.00354	0.00506	0.02480	0.00810	0.00709
51	0.75506	0.01687	0.01282	0.01147	0.01687	0.01957	0.00945	0.02564	0.01484	0.03914	0.01215	0.01417	0.00945	0.00810	0.00540	0.00270	0.00675	0.00472	0.00540	0.00945
52	0.01750	0.04512	0.64825	0.02486	0.03775	0.02026	0.03223	0.02762	0.01842	0.02762	0.01565	0.01842	0.01105	0.00829	0.00829	0.00276	0.01289	0.00645	0.00368	0.01289
53	0.02204	0.46971	0.22541	0.01828	0.02723	0.06150	0.02021	0.02701	0.01828	0.02269	0.01325	0.01541	0.01115	0.00779	0.00652	0.00215	0.01072	0.00525	0.00376	0.01165
54	0.03049	0.03650	0.02688	0.02835	0.14562	0.49669	0.01876	0.06800	0.02476	0.02476	0.01450	0.01718	0.01195	0.00884	0.00807	0.00234	0.01432	0.00617	0.00472	0.01112
55	0.01912	0.22735	0.48025	0.02209	0.03347	0.02423	0.02740	0.02720	0.01822	0.02564	0.01467	0.01718	0.01109	0.00806	0.00754	0.00251	0.01190	0.00595	0.00370	0.01242
56	0.02785	0.11701	0.17920	0.02220	0.02908	0.43196	0.02039	0.03208	0.02239	0.02279	0.01386	0.01619	0.01119	0.00864	0.00771	0.00233	0.01431	0.00571	0.00421	0.01091
57	0.01080	0.00886	0.00952	0.00935	0.01208	0.00757	0.00701	0.01347	0.02104	0.02632	0.22030	0.07941	0.50184	0.02106	0.01030	0.00290	0.00435	0.01777	0.00846	0.00757
58	0.01750	0.04512	0.64825	0.02486	0.03775	0.02026	0.03223	0.02762	0.01842	0.02762	0.01565	0.01842	0.01105	0.00829	0.00829	0.00276	0.01289	0.00645	0.00368	0.01289
59	0.02782	0.02065	0.02217	0.01775	0.02313	0.02280	0.01406	0.42664	0.10529	0.04538	0.02396	0.02934	0.01952	0.14302	0.01566	0.00379	0.00905	0.00903	0.00808	0.01286
60	0.01081	0.00772	0.01034	0.01236	0.01295	0.00725	0.00842	0.01247	0.01689	0.02248	0.04797	0.65556	0.05728	0.02715	0.01118	0.00357	0.00522	0.05515	0.00809	0.00714
61	0.01246	0.00935	0.01402	0.01402	0.01558	0.01090	0.01090	0.01558	0.01402	0.02025	0.02336	0.03427	0.02181	0.06542	0.65888	0.01402	0.02336	0.00935	0.00467	0.00779
62	0.01113	0.00887	0.00998	0.00970	0.01229	0.00771	0.00728	0.01412	0.02183	0.02819	0.30957	0.07634	0.41140	0.02037	0.01030	0.00286	0.00430	0.01734	0.00871	0.00771
63	0.02332	0.69869	0.04571	0.01493	0.02239	0.03451	0.01493	0.02612	0.01772	0.02052	0.01213	0.01399	0.01119	0.00746	0.00560	0.00187	0.00933	0.00466	0.00373	0.01119
64	0.01031	0.00884	0.00884	0.00884	0.01178	0.00736	0.00663	0.01252	0.01988	0.02356	0.08837	0.08395	0.63549	0.02209	0.01031	0.00295	0.00442	0.01841	0.00810	0.00736
65	0.02332	0.69869	0.04571	0.01493	0.02239	0.03451	0.01493	0.02612	0.01772	0.02052	0.01213	0.01399	0.01119	0.00746	0.00560	0.00187	0.00933	0.00466	0.00373	0.01119
66	0.01750	0.04512	0.64825	0.02486	0.03775	0.02026	0.03223	0.02762	0.01842	0.02762	0.01565	0.01842	0.01105	0.00829	0.00829	0.00276	0.01289	0.00645	0.00368	0.01289
67	0.01186	0.00860	0.01093	0.01190	0.01220	0.00877	0.00780	0.01288	0.01510	0.02033	0.03869	0.42802	0.04584	0.25743	0.02374	0.00526	0.04764	0.01954	0.00686	0.00661
68	0.01809	0.01550	0.01809	0.01292	0.02067	0.01163	0.01034	0.02196	0.01809	0.02842	0.01550	0.01809	0.01292	0.00646	0.00646	0.00129	0.00646	0.00517	0.00517	0.74677

[dist]
# distance from previous block
# <min> <max>
0	2

[block]
# block no. 2 follows, 20 sequences, length 42
# corresponding to MSA columns:
# 86-127
name=unknown_C
#
# <colnr> <probs for GDERKNQSTAVLIFYWHMCP>
#	G	D	E	R	K	N	Q	S	T	A	V	L	I	F	Y	W	H	M	C	P
0	0.75506	0.01687	0.01282	0.01147	0.01687	0.01957	0.00945	0.02564	0.01484	0.03914	0.01215	0.01417	0.00945	0.00810	0.00540	0.00270	0.00675	0.00472	0.00540	0.00945
1	0.01750	0.04512	0.64825	0.02486	0.03775	0.02026	0.03223	0.02762	0.01842	0.02762	0.01565	0.01842	0.01105	0.00829	0.00829	0.00276	0.01289	0.00645	0.00368	0.01289
2	0.03214	0.07591	0.02608	0.02174	0.02672	0.54109	0.01671	0.10959	0.02646	0.02570	0.01438	0.01632	0.01170	0.00910	0.00785	0.00227	0.01457	0.00586	0.00501	0.01079
3	0.01750	0.04512	0.64825	0.02486	0.03775	0.02026	0.03223	0.02762	0.01842	0.02762	0.01565	0.01842	0.01105	0.00829	0.00829	0.00276	0.01289	0.00645	0.00368	0.01289
4	0.02332	0.69869	0.04571	0.01493	0.02239	0.03451	0.01493	0.02612	0.01772	0.02052	0.01213	0.01399	0.01119	0.00746	0.00560	0.00187	0.00933	0.00466	0.00373	0.01119
5	0.01031	0.00884	0.00884	0.00884	0.01178	0.00736	0.00663	0.01252	0.01988	0.02356	0.08837	0.08395	0.63549	0.02209	0.01031	0.00295	0.00442	0.01841	0.00810	0.00736
6	0.03265	0.03973	0.02488	0.02221	0.02698	0.59068	0.01682	0.09654	0.02647	0.02496	0.01428	0.01629	0.01162	0.00915	0.00796	0.00229	0.01507	0.00586	0.00495	0.01062
7	0.01750	0.04512	0.64825	0.02486	0.03775	0.02026	0.03223	0.02762	0.01842	0.02762	0.01565	0.01842	0.01105	0.00829	0.00829	0.00276	0.01289	0.00645	0.00368	0.01289
8	0.01063	0.00759	0.01012	0.01215	0.01265	0.00709	0.00810	0.01215	0.01670	0.02227	0.04808	0.68775	0.05769	0.02733	0.01113	0.00354	0.00506	0.02480	0.00810	0.00709
9	0.01809	0.01550	0.01809	0.01292	0.02067	0.01163	0.01034	0.02196	0.01809	0.02842	0.01550	0.01809	0.01292	0.00646	0.00646	0.00129	0.00646	0.00517	0.00517	0.74677
10	0.02170	0.01874	0.01972	0.01775	0.02268	0.02170	0.01381	0.04635	0.62327	0.03649	0.03550	0.03254	0.02663	0.01183	0.00888	0.00296	0.00690	0.00986	0.00888	0.01381
11	0.01139	0.00881	0.00996	0.00971	0.01192	0.00783	0.00703	0.01398	0.02064	0.02681	0.27972	0.07332	0.34880	0.11420	0.01506	0.00364	0.00487	0.01665	0.00826	0.00739
12	0.01063	0.00759	0.01012	0.01215	0.01265	0.00709	0.00810	0.01215	0.01670	0.02227	0.04808	0.68775	0.05769	0.02733	0.01113	0.00354	0.00506	0.02480	0.00810	0.00709
13	0.01104	0.00777	0.01000	0.01162	0.01202	0.00736	0.00753	0.01225	0.01589	0.02119	0.04393	0.56063	0.05246	0.16160	0.01784	0.00453	0.00575	0.02236	0.00753	0.00672
14	0.01647	0.01550	0.02616	0.67248	0.06008	0.01938	0.02422	0.02229	0.01744	0.02229	0.01550	0.02326	0.01163	0.00872	0.00872	0.00291	0.01163	0.00775	0.00388	0.00969
15	0.02132	0.02045	0.03492	0.08589	0.60878	0.02066	0.02664	0.02654	0.01974	0.02817	0.01636	0.02168	0.01370	0.00782	0.00864	0.00261	0.01043	0.00777	0.00429	0.01360
16	0.02985	0.07396	0.02804	0.02831	0.15008	0.49515	0.01875	0.03272	0.02335	0.02274	0.01400	0.01681	0.01175	0.00866	0.00789	0.00230	0.01429	0.00600	0.00442	0.01092
17	0.75506	0.01687	0.01282	0.01147	0.01687	0.01957	0.00945	0.02564	0.01484	0.03914	0.01215	0.01417	0.00945	0.00810	0.00540	0.00270	0.00675	0.00472	0.00540	0.00945
18	0.02159	0.02073	0.03541	0.05354	0.63903	0.02073	0.02677	0.02677	0.01986	0.02850	0.01641	0.02159	0.01382	0.00777	0.00864	0.00259	0.01036	0.00777	0.00432	0.01382
19	0.01246	0.00935	0.01402	0.01402	0.01558	0.01090	0.01090	0.01558	0.01402	0.02025	0.02336	0.03427	0.02181	0.06542	0.65888	0.01402	0.02336	0.00935	0.00467	0.00779
20	0.01063	0.00759	0.01012	0.01215	0.01265	0.00709	0.00810	0.01215	0.01670	0.02227	0.04808	0.68775	0.05769	0.02733	0.01113	0.00354	0.00506	0.02480	0.00810	0.00709
21	0.02332	0.69869	0.04571	0.01493	0.02239	0.03451	0.01493	0.02612	0.01772	0.02052	0.01213	0.01399	0.01119	0.00746	0.00560	0.00187	0.00933	0.00466	0.00373	0.01119
22	0.02159	0.02073	0.03541	0.05354	0.63903	0.02073	0.02677	0.02677	0.01986	0.02850	0.01641	0.02159	0.01382	0.00777	0.00864	0.00259	0.01036	0.00777	0.00432	0.01382
23	0.01044	0.00884	0.00902	0.00897	0.01186	0.00742	0.00673	0.01277	0.02019	0.02430	0.12344	0.08274	0.59996	0.02182	0.01031	0.00293	0.00440	0.01824	0.00820	0.00742
24	0.01132	0.00888	0.01024	0.00990	0.01240	0.00779	0.00742	0.01447	0.02227	0.02923	0.35936	0.07462	0.36096	0.01998	0.01030	0.00285	0.00427	0.01710	0.00885	0.00779
25	0.75506	0.01687	0.01282	0.01147	0.01687	0.01957	0.00945	0.02564	0.01484	0.03914	0.01215	0.01417	0.00945	0.00810	0.00540	0.00270	0.00675	0.00472	0.00540	0.00945
26	0.01446	0.01050	0.01436	0.01615	0.01832	0.01066	0.01404	0.01958	0.05219	0.02666	0.04562	0.09489	0.04895	0.02344	0.01188	0.00396	0.00797	0.54995	0.00808	0.00834
27	0.03117	0.03890	0.02609	0.02646	0.10557	0.57653	0.01813	0.03380	0.02410	0.02227	0.01386	0.01648	0.01157	0.00883	0.00796	0.00229	0.01504	0.00589	0.00447	0.01059
28	0.01688	0.04041	0.56623	0.02289	0.03413	0.01874	0.02877	0.02571	0.01768	0.02625	0.01717	0.02338	0.01370	0.09627	0.01292	0.00349	0.01232	0.00725	0.00389	0.01191
29	0.02181	0.03164	0.26749	0.02609	0.09242	0.08851	0.07828	0.13327	0.02337	0.03140	0.02082	0.10535	0.01824	0.01107	0.00891	0.00278	0.01150	0.00947	0.00540	0.01219
30	0.01842	0.10655	0.31873	0.02558	0.03525	0.02084	0.20148	0.02612	0.01980	0.02788	0.09533	0.02548	0.02088	0.00914	0.00885	0.00271	0.01192	0.00861	0.00467	0.01176
31	0.01070	0.00784	0.01006	0.01165	0.01256	0.00719	0.00792	0.01247	0.01762	0.02325	0.09091	0.57023	0.13347	0.02605	0.01097	0.00341	0.00492	0.02340	0.00819	0.00719
32	0.01215	0.00944	0.01154	0.01222	0.01418	0.00926	0.00910	0.01645	0.07038	0.02469	0.08838	0.28289	0.21726	0.02854	0.09392	0.00467	0.00761	0.07155	0.00780	0.00799
33	0.01973	0.01933	0.03007	0.10836	0.34853	0.04977	0.04831	0.02397	0.01848	0.02554	0.01955	0.10675	0.01871	0.01155	0.01200	0.00293	0.11018	0.00995	0.00469	0.01160
34	0.03151	0.01598	0.01936	0.01502	0.02120	0.01505	0.01227	0.16105	0.02655	0.33949	0.02808	0.02672	0.01911	0.01007	0.00804	0.00240	0.00725	0.00801	0.12507	0.10777
35	0.01247	0.00974	0.01163	0.01058	0.01364	0.00841	0.00802	0.01598	0.02239	0.03069	0.39014	0.06478	0.24036	0.01766	0.00980	0.00262	0.00451	0.01521	0.00858	0.10281
36	0.02375	0.12534	0.32002	0.02422	0.06604	0.20294	0.02435	0.06682	0.02164	0.02674	0.01497	0.01743	0.01152	0.00849	0.00787	0.00248	0.01288	0.00615	0.00428	0.01206
37	0.02458	0.01761	0.02657	0.03483	0.34438	0.01759	0.01941	0.03193	0.10400	0.15892	0.02435	0.02620	0.01831	0.00927	0.00837	0.00259	0.00846	0.00832	0.10101	0.01330
38	0.02166	0.01854	0.02589	0.02195	0.02282	0.02493	0.01828	0.02376	0.01485	0.10114	0.01440	0.02045	0.01275	0.01469	0.02608	0.00367	0.59143	0.00778	0.00471	0.01022
39	0.01941	0.02057	0.06779	0.14608	0.18984	0.01939	0.25711	0.02568	0.01946	0.02768	0.01826	0.02390	0.01416	0.00810	0.00897	0.00272	0.01164	0.00876	0.09896	0.01151
40	0.03133	0.01974	0.02371	0.02126	0.08572	0.02055	0.01567	0.28095	0.10787	0.22736	0.02940	0.02791	0.04554	0.01098	0.00882	0.00270	0.00844	0.00884	0.00890	0.01428
41	0.02167	0.33688	0.03084	0.01462	0.02125	0.08803	0.01294	0.05016	0.01984	0.02457	0.02332	0.02452	0.09198	0.00937	0.00679	0.00193	0.00862	0.00680	0.00496	0.20089

[dist]
# distance from previous block
# <min> <max>
0	8

# created by:
# /home/cegg/simao/soft/augustus-3.2.1/scripts/msa2prfl.pl ./align_prep/14603.fa
