[name]
unknown

[dist]
# distance from previous block
# <min> <max>
0	0

[block]
# block no. 0 follows, 23 sequences, length 116
# corresponding to MSA columns:
# 0-115
name=unknown_A
#
# <colnr> <probs for GDERKNQSTAVLIFYWHMCP>
#	G	D	E	R	K	N	Q	S	T	A	V	L	I	F	Y	W	H	M	C	P
0	0.01308	0.00934	0.01308	0.01494	0.01681	0.00934	0.01308	0.01681	0.01868	0.02428	0.04296	0.09153	0.04670	0.02242	0.01121	0.00374	0.00747	0.60960	0.00747	0.00747
1	0.01683	0.01442	0.01683	0.01202	0.01923	0.01082	0.00961	0.02043	0.01683	0.02644	0.01442	0.01683	0.01202	0.00601	0.00601	0.00120	0.00601	0.00481	0.00481	0.76444
2	0.01513	0.00756	0.00756	0.00756	0.00945	0.00756	0.00567	0.01891	0.01702	0.03025	0.02647	0.03025	0.02080	0.00945	0.00567	0.00189	0.00378	0.00756	0.75988	0.00756
3	0.01513	0.00756	0.00756	0.00756	0.00945	0.00756	0.00567	0.01891	0.01702	0.03025	0.02647	0.03025	0.02080	0.00945	0.00567	0.00189	0.00378	0.00756	0.75988	0.00756
4	0.01723	0.03533	0.46625	0.02679	0.03753	0.01940	0.22987	0.02579	0.01780	0.02579	0.01517	0.01870	0.01095	0.00742	0.00833	0.00262	0.01255	0.00718	0.00365	0.01165
5	0.01059	0.00761	0.01005	0.01082	0.01193	0.00706	0.00759	0.01308	0.01883	0.02596	0.31742	0.42189	0.06382	0.02151	0.01001	0.00297	0.00432	0.01935	0.00815	0.00706
6	0.01515	0.01192	0.01253	0.01103	0.01467	0.01158	0.00864	0.17124	0.02384	0.03017	0.11003	0.06184	0.45180	0.01750	0.00921	0.00265	0.00532	0.01444	0.00779	0.00868
7	0.02018	0.01743	0.01835	0.01651	0.02110	0.02018	0.01284	0.04312	0.64956	0.03394	0.03303	0.03027	0.02477	0.01101	0.00826	0.00275	0.00642	0.00917	0.00826	0.01284
8	0.03031	0.03867	0.02299	0.02090	0.02508	0.68226	0.01568	0.03240	0.02299	0.01986	0.01254	0.01463	0.01045	0.00836	0.00732	0.00209	0.01463	0.00523	0.00418	0.00941
9	0.01002	0.00824	0.00882	0.00867	0.01122	0.00703	0.00650	0.01248	0.01951	0.02433	0.21331	0.07412	0.52831	0.01965	0.00959	0.00270	0.00405	0.01657	0.00785	0.00703
10	0.03049	0.03330	0.02345	0.02015	0.02511	0.46085	0.01559	0.23618	0.02810	0.03040	0.01488	0.01627	0.01158	0.00883	0.00759	0.00221	0.01271	0.00593	0.00551	0.01089
11	0.01564	0.00912	0.01136	0.01072	0.01345	0.00804	0.00805	0.01825	0.01999	0.15685	0.21783	0.20640	0.23604	0.01845	0.00947	0.00277	0.00474	0.01599	0.00842	0.00843
12	0.02251	0.01713	0.01942	0.01435	0.02127	0.01562	0.01166	0.22529	0.02422	0.06908	0.01704	0.01828	0.01304	0.00746	0.00682	0.00168	0.00702	0.00581	0.00618	0.47612
13	0.02112	0.64814	0.10908	0.01486	0.02234	0.03071	0.01558	0.02444	0.01656	0.01979	0.01163	0.01345	0.01040	0.00702	0.00547	0.00182	0.00903	0.00451	0.00347	0.01058
14	0.05469	0.68876	0.04117	0.01374	0.02060	0.03150	0.01366	0.02428	0.01637	0.01985	0.01128	0.01302	0.01034	0.00697	0.00520	0.00177	0.00857	0.00434	0.00354	0.01034
15	0.02608	0.22907	0.03050	0.02423	0.15070	0.29770	0.01682	0.06298	0.02109	0.05030	0.01394	0.01607	0.01152	0.00788	0.00693	0.00209	0.01128	0.00561	0.00441	0.01082
16	0.02387	0.01108	0.01455	0.01209	0.01632	0.00971	0.00962	0.02711	0.02251	0.35426	0.26518	0.04619	0.12518	0.01379	0.00886	0.00256	0.00543	0.01170	0.00931	0.01067
17	0.01932	0.02201	0.07370	0.03881	0.24757	0.02003	0.40342	0.02562	0.01883	0.02615	0.01594	0.02106	0.01239	0.00701	0.00897	0.00262	0.01226	0.00862	0.00404	0.01163
18	0.02739	0.05791	0.02718	0.02866	0.23563	0.14799	0.01812	0.21877	0.02593	0.10781	0.01782	0.01938	0.01341	0.00854	0.00780	0.00234	0.01001	0.00684	0.00600	0.01248
19	0.02523	0.01521	0.01779	0.01514	0.02008	0.01594	0.01200	0.03908	0.35994	0.26524	0.09435	0.03229	0.02816	0.01121	0.00835	0.00264	0.00634	0.00935	0.00897	0.01268
20	0.00989	0.00706	0.00942	0.01130	0.01177	0.00659	0.00753	0.01130	0.01554	0.02071	0.04472	0.70954	0.05367	0.02542	0.01036	0.00330	0.00471	0.02307	0.00753	0.00659
21	0.07026	0.02051	0.02193	0.01753	0.02340	0.02273	0.01437	0.45089	0.14079	0.06992	0.02283	0.02436	0.01705	0.01038	0.00810	0.00255	0.00821	0.03309	0.00801	0.01308
22	0.01845	0.02678	0.20009	0.03150	0.04063	0.02011	0.48745	0.02592	0.01866	0.02592	0.01596	0.02073	0.01182	0.00705	0.00912	0.00270	0.01327	0.00870	0.00394	0.01120
23	0.00962	0.00810	0.00835	0.00855	0.01105	0.00682	0.00631	0.01161	0.01818	0.02179	0.07824	0.14477	0.59680	0.02106	0.00967	0.00280	0.00417	0.01775	0.00753	0.00682
24	0.01627	0.04197	0.67279	0.02313	0.03512	0.01884	0.02998	0.02570	0.01713	0.02570	0.01456	0.01713	0.01028	0.00771	0.00771	0.00257	0.01199	0.00600	0.00343	0.01199
25	0.09057	0.17078	0.02601	0.05478	0.02509	0.46126	0.01511	0.02944	0.02056	0.02115	0.01229	0.01456	0.01032	0.00800	0.00675	0.00209	0.01254	0.00509	0.00408	0.00953
26	0.03367	0.01320	0.01795	0.01397	0.01977	0.01146	0.01146	0.03688	0.02320	0.59975	0.10106	0.03125	0.02630	0.01076	0.00832	0.00252	0.00657	0.00888	0.00992	0.01313
27	0.00973	0.00823	0.00842	0.00837	0.01105	0.00691	0.00628	0.01192	0.01883	0.02273	0.12601	0.07676	0.61662	0.02025	0.00959	0.00273	0.00409	0.01694	0.00764	0.00691
28	0.03085	0.02273	0.02435	0.01867	0.02516	0.02516	0.01542	0.63716	0.03815	0.05114	0.01948	0.01948	0.01380	0.00974	0.00812	0.00244	0.00893	0.00731	0.00812	0.01380
29	0.02360	0.28192	0.08550	0.02153	0.02846	0.18823	0.17357	0.02770	0.01921	0.05823	0.01432	0.01681	0.01144	0.00750	0.00720	0.00219	0.01158	0.00623	0.00418	0.01061
30	0.01140	0.00829	0.01073	0.01012	0.01207	0.00762	0.00759	0.01515	0.02277	0.03206	0.63414	0.06139	0.10266	0.01677	0.00957	0.00256	0.00384	0.01478	0.00887	0.00762
31	0.01154	0.00824	0.01131	0.01319	0.01438	0.00801	0.01040	0.01415	0.01716	0.02256	0.04381	0.38962	0.05006	0.02387	0.01080	0.00352	0.00614	0.32669	0.00750	0.00705
32	0.47824	0.02191	0.01656	0.01432	0.01943	0.16217	0.01147	0.13696	0.02020	0.03552	0.01305	0.01464	0.01005	0.00811	0.00608	0.00241	0.00855	0.00510	0.00540	0.00983
33	0.02008	0.01928	0.03294	0.04981	0.66422	0.01928	0.02490	0.02490	0.01848	0.02651	0.01526	0.02008	0.01285	0.00723	0.00803	0.00241	0.00964	0.00723	0.00402	0.01285
34	0.01683	0.01442	0.01683	0.01202	0.01923	0.01082	0.00961	0.02043	0.01683	0.02644	0.01442	0.01683	0.01202	0.00601	0.00601	0.00120	0.00601	0.00481	0.00481	0.76444
35	0.01399	0.01067	0.01313	0.01315	0.01572	0.01054	0.01034	0.05325	0.09316	0.02716	0.12396	0.23397	0.07548	0.01890	0.00972	0.00301	0.00591	0.18810	0.00759	0.07227
36	0.38945	0.01681	0.01680	0.01362	0.01934	0.01806	0.01124	0.17243	0.02220	0.21936	0.01909	0.01875	0.01317	0.00876	0.00664	0.00249	0.00708	0.00615	0.00717	0.01139
37	0.01159	0.00869	0.01304	0.01304	0.01449	0.01014	0.01014	0.01449	0.01304	0.01884	0.02173	0.03188	0.02029	0.06086	0.68268	0.01304	0.02173	0.00869	0.00435	0.00724
38	0.00959	0.00822	0.00822	0.00822	0.01096	0.00685	0.00617	0.01165	0.01850	0.02192	0.08220	0.07809	0.66092	0.02055	0.00959	0.00274	0.00411	0.01713	0.00754	0.00685
39	0.01308	0.00934	0.01308	0.01494	0.01681	0.00934	0.01308	0.01681	0.01868	0.02428	0.04296	0.09153	0.04670	0.02242	0.01121	0.00374	0.00747	0.60960	0.00747	0.00747
40	0.03085	0.02273	0.02435	0.01867	0.02516	0.02516	0.01542	0.63716	0.03815	0.05114	0.01948	0.01948	0.01380	0.00974	0.00812	0.00244	0.00893	0.00731	0.00812	0.01380
41	0.03031	0.03867	0.02299	0.02090	0.02508	0.68226	0.01568	0.03240	0.02299	0.01986	0.01254	0.01463	0.01045	0.00836	0.00732	0.00209	0.01463	0.00523	0.00418	0.00941
42	0.01116	0.00828	0.01212	0.01260	0.01380	0.00924	0.00948	0.01368	0.01368	0.01931	0.02759	0.20447	0.02879	0.05183	0.51144	0.01056	0.01740	0.01235	0.00516	0.00708
43	0.02169	0.71972	0.04252	0.01388	0.02083	0.03211	0.01388	0.02430	0.01649	0.01909	0.01128	0.01302	0.01041	0.00694	0.00521	0.00174	0.00868	0.00434	0.00347	0.01041
44	0.01159	0.00869	0.01304	0.01304	0.01449	0.01014	0.01014	0.01449	0.01304	0.01884	0.02173	0.03188	0.02029	0.06086	0.68268	0.01304	0.02173	0.00869	0.00435	0.00724
45	0.01915	0.02189	0.04788	0.03420	0.04241	0.02052	0.63475	0.02599	0.01915	0.02599	0.01642	0.02189	0.01231	0.00684	0.00958	0.00274	0.01368	0.00958	0.00410	0.01094
46	0.02008	0.01928	0.03294	0.04981	0.66422	0.01928	0.02490	0.02490	0.01848	0.02651	0.01526	0.02008	0.01285	0.00723	0.00803	0.00241	0.00964	0.00723	0.00402	0.01285
47	0.02569	0.03107	0.02271	0.02041	0.02332	0.46386	0.01579	0.02776	0.01955	0.01970	0.01276	0.01673	0.01125	0.01383	0.06344	0.00329	0.18973	0.00597	0.00403	0.00911
48	0.01097	0.00783	0.01066	0.01254	0.01348	0.00752	0.00941	0.01317	0.01660	0.02192	0.04413	0.49984	0.05130	0.02440	0.01065	0.00344	0.00565	0.22209	0.00751	0.00689
49	0.01532	0.01442	0.02434	0.69533	0.05589	0.01803	0.02253	0.02073	0.01622	0.02073	0.01442	0.02163	0.01082	0.00811	0.00811	0.00270	0.01082	0.00721	0.00361	0.00901
50	0.01180	0.00787	0.00885	0.00885	0.00885	0.00787	0.00492	0.01180	0.01180	0.01573	0.02557	0.05310	0.02950	0.71483	0.04130	0.00787	0.00787	0.01180	0.00492	0.00492
51	0.52310	0.01688	0.01538	0.01281	0.01830	0.01880	0.01056	0.15147	0.02004	0.12319	0.01571	0.01638	0.01131	0.00832	0.00607	0.00250	0.00690	0.00549	0.00632	0.01048
52	0.77215	0.01569	0.01193	0.01067	0.01569	0.01820	0.00879	0.02385	0.01381	0.03641	0.01130	0.01318	0.00879	0.00753	0.00502	0.00251	0.00628	0.00439	0.00502	0.00879
53	0.02937	0.02200	0.02352	0.01837	0.02460	0.02447	0.01507	0.55506	0.12265	0.04876	0.02135	0.02097	0.01532	0.00992	0.00814	0.00248	0.00858	0.00756	0.00814	0.01367
54	0.02646	0.08498	0.02495	0.02047	0.02380	0.46552	0.01607	0.02851	0.01981	0.01972	0.01197	0.01530	0.01050	0.00974	0.01208	0.00244	0.18874	0.00564	0.00397	0.00935
55	0.01902	0.25255	0.42746	0.02008	0.02991	0.07327	0.02389	0.02577	0.01738	0.02320	0.01339	0.01566	0.01033	0.00752	0.00690	0.00227	0.01116	0.00542	0.00350	0.01130
56	0.46011	0.05621	0.05121	0.01269	0.01859	0.01707	0.01119	0.02887	0.01707	0.23220	0.01793	0.01788	0.01248	0.00829	0.00615	0.00247	0.00691	0.00565	0.00641	0.01062
57	0.01168	0.00833	0.01121	0.01121	0.01203	0.00915	0.00786	0.01332	0.01250	0.01748	0.02341	0.04113	0.02430	0.34607	0.40296	0.01078	0.01569	0.01005	0.00460	0.00623
58	0.01513	0.00756	0.00756	0.00756	0.00945	0.00756	0.00567	0.01891	0.01702	0.03025	0.02647	0.03025	0.02080	0.00945	0.00567	0.00189	0.00378	0.00756	0.75988	0.00756
59	0.01180	0.00787	0.00885	0.00885	0.00885	0.00787	0.00492	0.01180	0.01180	0.01573	0.02557	0.05310	0.02950	0.71483	0.04130	0.00787	0.00787	0.01180	0.00492	0.00492
60	0.01148	0.00829	0.01085	0.01021	0.01212	0.00766	0.00766	0.01531	0.02297	0.03254	0.65994	0.06061	0.07656	0.01659	0.00957	0.00255	0.00383	0.01467	0.00893	0.00766
61	0.01568	0.01479	0.02499	0.64639	0.10201	0.01812	0.02271	0.02105	0.01640	0.02117	0.01449	0.02152	0.01097	0.00805	0.00811	0.00268	0.01073	0.00721	0.00364	0.00930
62	0.01027	0.00773	0.00951	0.01016	0.01165	0.00697	0.00720	0.01255	0.01848	0.02446	0.23302	0.35247	0.22285	0.02156	0.00992	0.00293	0.00429	0.01904	0.00794	0.00697
63	0.02018	0.01743	0.01835	0.01651	0.02110	0.02018	0.01284	0.04312	0.64956	0.03394	0.03303	0.03027	0.02477	0.01101	0.00826	0.00275	0.00642	0.00917	0.00826	0.01284
64	0.03085	0.02273	0.02435	0.01867	0.02516	0.02516	0.01542	0.63716	0.03815	0.05114	0.01948	0.01948	0.01380	0.00974	0.00812	0.00244	0.00893	0.00731	0.00812	0.01380
65	0.00961	0.00813	0.00832	0.00847	0.01103	0.00683	0.00628	0.01162	0.01825	0.02182	0.07915	0.12946	0.61152	0.02095	0.00965	0.00279	0.00416	0.01761	0.00753	0.00683
66	0.55664	0.01774	0.01554	0.01300	0.01845	0.02023	0.01072	0.20216	0.02089	0.04069	0.01368	0.01501	0.01024	0.00817	0.00592	0.00249	0.00705	0.00524	0.00592	0.01024
67	0.77215	0.01569	0.01193	0.01067	0.01569	0.01820	0.00879	0.02385	0.01381	0.03641	0.01130	0.01318	0.00879	0.00753	0.00502	0.00251	0.00628	0.00439	0.00502	0.00879
68	0.00959	0.00822	0.00822	0.00822	0.01096	0.00685	0.00617	0.01165	0.01850	0.02192	0.08220	0.07809	0.66092	0.02055	0.00959	0.00274	0.00411	0.01713	0.00754	0.00685
69	0.03043	0.03525	0.02329	0.02042	0.02510	0.54105	0.01562	0.16236	0.02625	0.02658	0.01403	0.01567	0.01117	0.00866	0.00749	0.00216	0.01341	0.00567	0.00503	0.01035
70	0.01739	0.01653	0.02806	0.41565	0.31946	0.01857	0.02356	0.02254	0.01720	0.02324	0.01479	0.02096	0.01170	0.00773	0.00808	0.00258	0.01031	0.00722	0.00378	0.01068
71	0.03004	0.02233	0.02390	0.01851	0.02486	0.02479	0.01523	0.59212	0.08451	0.04983	0.02051	0.02030	0.01463	0.00984	0.00813	0.00246	0.00874	0.00745	0.00813	0.01373
72	0.03031	0.03867	0.02299	0.02090	0.02508	0.68226	0.01568	0.03240	0.02299	0.01986	0.01254	0.01463	0.01045	0.00836	0.00732	0.00209	0.01463	0.00523	0.00418	0.00941
73	0.03031	0.03867	0.02299	0.02090	0.02508	0.68226	0.01568	0.03240	0.02299	0.01986	0.01254	0.01463	0.01045	0.00836	0.00732	0.00209	0.01463	0.00523	0.00418	0.00941
74	0.02705	0.02052	0.02187	0.01755	0.02329	0.02294	0.01424	0.43728	0.21497	0.04522	0.02373	0.02309	0.01730	0.01010	0.00805	0.00250	0.00797	0.00786	0.04121	0.01325
75	0.03222	0.01713	0.02050	0.01603	0.02204	0.01721	0.01312	0.26802	0.06218	0.36913	0.02782	0.05509	0.01942	0.01067	0.00825	0.00253	0.00756	0.00855	0.00910	0.01343
76	0.00989	0.00706	0.00942	0.01130	0.01177	0.00659	0.00753	0.01130	0.01554	0.02071	0.04472	0.70954	0.05367	0.02542	0.01036	0.00330	0.00471	0.02307	0.00753	0.00659
77	0.03641	0.01381	0.01883	0.01444	0.02071	0.01193	0.01193	0.03954	0.02322	0.66984	0.03201	0.02762	0.02009	0.01004	0.00816	0.00251	0.00690	0.00816	0.01004	0.01381
78	0.02153	0.69005	0.04177	0.01420	0.02085	0.03180	0.01405	0.02410	0.01632	0.01911	0.01125	0.01322	0.01042	0.00725	0.00611	0.00181	0.03789	0.00446	0.00347	0.01035
79	0.01983	0.01999	0.03700	0.04556	0.49524	0.01962	0.19063	0.02520	0.01866	0.02637	0.01558	0.02057	0.01271	0.00712	0.00845	0.00250	0.01074	0.00787	0.00404	0.01233
80	0.00973	0.00823	0.00842	0.00837	0.01105	0.00691	0.00628	0.01192	0.01883	0.02273	0.12601	0.07676	0.61662	0.02025	0.00959	0.00273	0.00409	0.01694	0.00764	0.00691
81	0.02018	0.01743	0.01835	0.01651	0.02110	0.02018	0.01284	0.04312	0.64956	0.03394	0.03303	0.03027	0.02477	0.01101	0.00826	0.00275	0.00642	0.00917	0.00826	0.01284
82	0.02095	0.02084	0.03148	0.04595	0.58295	0.07542	0.02361	0.02631	0.04553	0.02626	0.01578	0.02005	0.01315	0.00749	0.00798	0.00240	0.00993	0.00714	0.00421	0.01256
83	0.01002	0.00827	0.00927	0.00969	0.01163	0.00752	0.00706	0.01187	0.01735	0.02146	0.06789	0.26651	0.45028	0.02176	0.01053	0.00294	0.03321	0.01851	0.00737	0.00686
84	0.00989	0.00706	0.00942	0.01130	0.01177	0.00659	0.00753	0.01130	0.01554	0.02071	0.04472	0.70954	0.05367	0.02542	0.01036	0.00330	0.00471	0.02307	0.00753	0.00659
85	0.02285	0.01235	0.01713	0.01408	0.01834	0.01149	0.04553	0.07584	0.02386	0.27013	0.30484	0.04446	0.04522	0.01336	0.00902	0.00260	0.00614	0.04324	0.00893	0.01062
86	0.02898	0.02787	0.02361	0.02181	0.07852	0.29607	0.01603	0.26975	0.02836	0.06500	0.01818	0.02198	0.01449	0.00968	0.00795	0.00237	0.01118	0.04044	0.00619	0.01154
87	0.02290	0.02276	0.02120	0.01864	0.02239	0.17178	0.01468	0.08627	0.32901	0.02934	0.02278	0.02332	0.01779	0.01094	0.01168	0.00273	0.14634	0.00771	0.00638	0.01136
88	0.00983	0.00730	0.00917	0.01068	0.01161	0.00664	0.00726	0.01137	0.01613	0.02096	0.05230	0.58195	0.17636	0.02444	0.01020	0.00318	0.00459	0.02187	0.00753	0.00664
89	0.14164	0.02873	0.02427	0.02771	0.21121	0.35603	0.01731	0.05589	0.02093	0.02576	0.01346	0.01623	0.01105	0.00796	0.00721	0.00226	0.01163	0.00578	0.00444	0.01052
90	0.01148	0.00829	0.01085	0.01021	0.01212	0.00766	0.00766	0.01531	0.02297	0.03254	0.65994	0.06061	0.07656	0.01659	0.00957	0.00255	0.00383	0.01467	0.00893	0.00766
91	0.02008	0.01928	0.03294	0.04981	0.66422	0.01928	0.02490	0.02490	0.01848	0.02651	0.01526	0.02008	0.01285	0.00723	0.00803	0.00241	0.00964	0.00723	0.00402	0.01285
92	0.02727	0.02061	0.02243	0.01697	0.02365	0.02150	0.01394	0.47982	0.03271	0.04484	0.01819	0.01880	0.01334	0.00879	0.00758	0.00212	0.00818	0.00667	0.00727	0.20531
93	0.01649	0.10393	0.16447	0.44368	0.07408	0.01992	0.02320	0.02239	0.01655	0.02185	0.01412	0.01959	0.01074	0.00785	0.00768	0.00255	0.01076	0.00661	0.00357	0.00998
94	0.01532	0.01442	0.02434	0.69533	0.05589	0.01803	0.02253	0.02073	0.01622	0.02073	0.01442	0.02163	0.01082	0.00811	0.00811	0.00270	0.01082	0.00721	0.00361	0.00901
95	0.01105	0.00828	0.01025	0.00976	0.01186	0.00747	0.00732	0.01448	0.02195	0.03013	0.52883	0.06458	0.20917	0.01749	0.00957	0.00259	0.00389	0.01523	0.00862	0.00747
96	0.01166	0.00842	0.01166	0.01166	0.01263	0.00939	0.00842	0.01360	0.01263	0.01781	0.02300	0.03889	0.02333	0.27701	0.47069	0.01133	0.01715	0.00972	0.00454	0.00648
97	0.01022	0.00824	0.00909	0.00888	0.01135	0.00712	0.00666	0.01286	0.01998	0.02545	0.27432	0.07228	0.46660	0.01923	0.00958	0.00268	0.00402	0.01631	0.00800	0.00712
98	0.01627	0.04197	0.67279	0.02313	0.03512	0.01884	0.02998	0.02570	0.01713	0.02570	0.01456	0.01713	0.01028	0.00771	0.00771	0.00257	0.01199	0.00600	0.00343	0.01199
99	0.01180	0.00787	0.00885	0.00885	0.00885	0.00787	0.00492	0.01180	0.01180	0.01573	0.02557	0.05310	0.02950	0.71483	0.04130	0.00787	0.00787	0.01180	0.00492	0.00492
100	0.01767	0.01750	0.02643	0.47978	0.20849	0.06871	0.02262	0.02268	0.01731	0.02214	0.01449	0.02071	0.01131	0.00791	0.00803	0.00258	0.01081	0.00707	0.00375	0.01002
101	0.02121	0.65962	0.09841	0.01470	0.02209	0.03093	0.01531	0.02442	0.01654	0.01968	0.01157	0.01338	0.01040	0.00701	0.00543	0.00181	0.00897	0.00449	0.00347	0.01055
102	0.01513	0.00756	0.00756	0.00756	0.00945	0.00756	0.00567	0.01891	0.01702	0.03025	0.02647	0.03025	0.02080	0.00945	0.00567	0.00189	0.00378	0.00756	0.75988	0.00756
103	0.02997	0.02054	0.02268	0.01742	0.02386	0.02188	0.01433	0.47518	0.06107	0.13499	0.02140	0.02087	0.01501	0.00952	0.00795	0.00236	0.00829	0.00730	0.00811	0.07728
104	0.03308	0.01391	0.01849	0.01403	0.02046	0.01174	0.01153	0.03630	0.02214	0.56055	0.02902	0.02579	0.01872	0.00936	0.00779	0.00229	0.00675	0.00759	0.00915	0.14131
105	0.01858	0.02057	0.04380	0.03359	0.08719	0.01955	0.53565	0.02494	0.01858	0.02543	0.01678	0.02260	0.01303	0.01144	0.06642	0.00358	0.01406	0.00932	0.00412	0.01078
106	0.03031	0.03867	0.02299	0.02090	0.02508	0.68226	0.01568	0.03240	0.02299	0.01986	0.01254	0.01463	0.01045	0.00836	0.00732	0.00209	0.01463	0.00523	0.00418	0.00941
107	0.01180	0.00787	0.00885	0.00885	0.00885	0.00787	0.00492	0.01180	0.01180	0.01573	0.02557	0.05310	0.02950	0.71483	0.04130	0.00787	0.00787	0.01180	0.00492	0.00492
108	0.03641	0.01381	0.01883	0.01444	0.02071	0.01193	0.01193	0.03954	0.02322	0.66984	0.03201	0.02762	0.02009	0.01004	0.00816	0.00251	0.00690	0.00816	0.01004	0.01381
109	0.01179	0.00791	0.00907	0.00907	0.00915	0.00799	0.00520	0.01194	0.01187	0.01590	0.02536	0.05196	0.02901	0.67979	0.07567	0.00814	0.00861	0.01163	0.00489	0.00504
110	0.03061	0.02968	0.02376	0.01964	0.02513	0.31173	0.01553	0.37341	0.03154	0.03750	0.01646	0.01737	0.01234	0.00914	0.00777	0.00228	0.01142	0.00640	0.00640	0.01188
111	0.69387	0.01644	0.01324	0.01152	0.01669	0.01894	0.00949	0.08862	0.01638	0.03796	0.01216	0.01385	0.00932	0.00777	0.00535	0.00250	0.00656	0.00470	0.00535	0.00932
112	0.03085	0.02273	0.02435	0.01867	0.02516	0.02516	0.01542	0.63716	0.03815	0.05114	0.01948	0.01948	0.01380	0.00974	0.00812	0.00244	0.00893	0.00731	0.00812	0.01380
113	0.00989	0.00706	0.00942	0.01130	0.01177	0.00659	0.00753	0.01130	0.01554	0.02071	0.04472	0.70954	0.05367	0.02542	0.01036	0.00330	0.00471	0.02307	0.00753	0.00659
114	0.01180	0.00787	0.00885	0.00885	0.00885	0.00787	0.00492	0.01180	0.01180	0.01573	0.02557	0.05310	0.02950	0.71483	0.04130	0.00787	0.00787	0.01180	0.00492	0.00492
115	0.77215	0.01569	0.01193	0.01067	0.01569	0.01820	0.00879	0.02385	0.01381	0.03641	0.01130	0.01318	0.00879	0.00753	0.00502	0.00251	0.00628	0.00439	0.00502	0.00879

[dist]
# distance from previous block
# <min> <max>
0	0

# created by:
# /home/cegg/simao/soft/augustus-3.2.1/scripts/msa2prfl.pl ./align_prep/14601.fa
