[name]
unknown

[dist]
# distance from previous block
# <min> <max>
0	1

[block]
# block no. 0 follows, 23 sequences, length 112
# corresponding to MSA columns:
# 1-112
name=unknown_A
#
# <colnr> <probs for GDERKNQSTAVLIFYWHMCP>
#	G	D	E	R	K	N	Q	S	T	A	V	L	I	F	Y	W	H	M	C	P
0	0.01319	0.01048	0.03613	0.01523	0.01745	0.00967	0.01367	0.01712	0.01863	0.02433	0.04197	0.08893	0.04543	0.02190	0.01109	0.00370	0.00763	0.58851	0.00733	0.00763
1	0.01804	0.07221	0.39265	0.03277	0.27417	0.01977	0.02712	0.02531	0.01761	0.02563	0.01464	0.01802	0.01127	0.00748	0.00769	0.00246	0.01090	0.00637	0.00365	0.01223
2	0.17215	0.03279	0.26918	0.01970	0.02727	0.21646	0.04059	0.02870	0.04727	0.05314	0.01493	0.01679	0.01117	0.00809	0.00716	0.00243	0.01124	0.00580	0.00449	0.01066
3	0.02007	0.02163	0.04060	0.03991	0.29464	0.05182	0.35679	0.02586	0.01906	0.02591	0.01576	0.02080	0.01244	0.00707	0.00884	0.00257	0.01208	0.00841	0.00407	0.01165
4	0.02354	0.06961	0.16712	0.02711	0.18262	0.21730	0.02036	0.03035	0.09095	0.06932	0.01723	0.01908	0.01328	0.00828	0.00762	0.00236	0.01103	0.00648	0.00480	0.01156
5	0.02741	0.03749	0.14177	0.02223	0.05053	0.49290	0.01861	0.07146	0.02278	0.02327	0.01348	0.01561	0.01073	0.00829	0.00747	0.00221	0.01359	0.00558	0.00430	0.01030
6	0.01900	0.02263	0.15593	0.01856	0.05944	0.06783	0.01614	0.05295	0.26699	0.04996	0.03553	0.03449	0.14246	0.01166	0.00831	0.00262	0.00807	0.00953	0.00660	0.01131
7	0.08875	0.03444	0.49007	0.01991	0.03037	0.01732	0.02424	0.02456	0.01676	0.02686	0.01422	0.01670	0.01045	0.00738	0.00714	0.00231	0.01036	0.00563	0.00383	0.14870
8	0.02628	0.15988	0.05490	0.02202	0.02770	0.42416	0.12365	0.02956	0.02092	0.02100	0.01306	0.01569	0.01076	0.00781	0.00734	0.00216	0.01328	0.00585	0.00401	0.00995
9	0.01156	0.00986	0.01016	0.00991	0.01294	0.00926	0.00758	0.01731	0.12836	0.02410	0.07219	0.07026	0.52748	0.01896	0.00942	0.00278	0.00464	0.03764	0.00766	0.00792
10	0.02918	0.06842	0.02349	0.02027	0.02447	0.62607	0.01538	0.03132	0.02230	0.01978	0.01285	0.01524	0.01084	0.01038	0.03401	0.00251	0.01464	0.00532	0.00416	0.00937
11	0.01272	0.01019	0.01512	0.02008	0.15052	0.00988	0.01234	0.01538	0.01697	0.02277	0.03982	0.40089	0.07112	0.02071	0.01002	0.00318	0.00632	0.14707	0.00678	0.00812
12	0.01033	0.00827	0.00936	0.01001	0.01225	0.00731	0.00774	0.01262	0.01809	0.02221	0.06884	0.17422	0.44870	0.02164	0.01003	0.00302	0.00487	0.13603	0.00752	0.00694
13	0.01913	0.01831	0.03122	0.17840	0.54303	0.01903	0.02443	0.02407	0.01803	0.02536	0.01510	0.02039	0.01245	0.00741	0.00805	0.00247	0.00987	0.00723	0.00393	0.01209
14	0.01726	0.16538	0.55803	0.02144	0.03252	0.02126	0.02705	0.02544	0.01701	0.02449	0.01396	0.01638	0.01030	0.00757	0.00725	0.00242	0.01139	0.00569	0.00343	0.01170
15	0.02018	0.01743	0.01835	0.01651	0.02110	0.02018	0.01284	0.04312	0.64956	0.03394	0.03303	0.03027	0.02477	0.01101	0.00826	0.00275	0.00642	0.00917	0.00826	0.01284
16	0.01061	0.00803	0.00996	0.01121	0.01280	0.00738	0.00851	0.01283	0.01733	0.02203	0.05672	0.34060	0.25364	0.02303	0.01032	0.00322	0.00522	0.17212	0.00752	0.00690
17	0.01180	0.00787	0.00885	0.00885	0.00885	0.00787	0.00492	0.01180	0.01180	0.01573	0.02557	0.05310	0.02950	0.71483	0.04130	0.00787	0.00787	0.01180	0.00492	0.00492
18	0.48783	0.14529	0.01997	0.01285	0.01851	0.02212	0.01104	0.14611	0.01915	0.03619	0.01293	0.01441	0.01008	0.00786	0.00567	0.00235	0.00724	0.00496	0.00536	0.01008
19	0.00983	0.00729	0.00918	0.01069	0.01161	0.00664	0.00726	0.01137	0.01612	0.02095	0.05219	0.58375	0.17464	0.02445	0.01020	0.00318	0.00459	0.02188	0.00753	0.00664
20	0.02113	0.01697	0.01913	0.01406	0.02105	0.01522	0.01140	0.20964	0.02337	0.03402	0.01597	0.01764	0.01256	0.00715	0.00666	0.00158	0.00690	0.00557	0.00582	0.53415
21	0.02477	0.02816	0.02089	0.01823	0.02286	0.37105	0.01399	0.03154	0.15339	0.02412	0.01713	0.01855	0.01380	0.00879	0.00836	0.00214	0.05051	0.00608	0.00513	0.16051
22	0.22983	0.02084	0.02102	0.01652	0.02262	0.02330	0.01364	0.47254	0.03162	0.04718	0.01728	0.01779	0.01245	0.00915	0.00729	0.00246	0.00822	0.00652	0.00729	0.01245
23	0.01242	0.08510	0.07670	0.01122	0.01487	0.01101	0.00998	0.01612	0.02037	0.02725	0.35461	0.05686	0.24182	0.01595	0.00895	0.00253	0.00520	0.01352	0.00741	0.00811
24	0.00997	0.00823	0.00874	0.00862	0.01119	0.00701	0.00646	0.01238	0.01939	0.02404	0.19729	0.07461	0.54451	0.01976	0.00959	0.00270	0.00405	0.01664	0.00781	0.00701
25	0.01304	0.01109	0.01839	0.01655	0.01900	0.01060	0.14035	0.05031	0.01760	0.02357	0.03730	0.52482	0.04265	0.02060	0.01006	0.00313	0.00684	0.01932	0.00684	0.00792
26	0.01990	0.01980	0.03591	0.04670	0.54035	0.01953	0.14639	0.02512	0.01861	0.02641	0.01549	0.02044	0.01275	0.00715	0.00834	0.00247	0.01044	0.00770	0.00403	0.01247
27	0.01719	0.01109	0.01231	0.01105	0.01487	0.01036	0.00860	0.02329	0.13499	0.16086	0.06261	0.05869	0.40925	0.01659	0.00904	0.00269	0.00512	0.01378	0.00820	0.00942
28	0.00959	0.00822	0.00822	0.00822	0.01096	0.00685	0.00617	0.01165	0.01850	0.02192	0.08220	0.07809	0.66092	0.02055	0.00959	0.00274	0.00411	0.01713	0.00754	0.00685
29	0.02297	0.02680	0.02871	0.02372	0.02699	0.28244	0.13985	0.02588	0.01792	0.02095	0.01254	0.01735	0.01090	0.01044	0.01564	0.00281	0.29383	0.00686	0.00391	0.00950
30	0.02859	0.17434	0.02688	0.01951	0.02424	0.55274	0.01532	0.03079	0.02170	0.01971	0.01229	0.01431	0.01044	0.00808	0.00690	0.00202	0.01345	0.00505	0.00404	0.00961
31	0.03041	0.03577	0.02324	0.02050	0.02510	0.56261	0.01563	0.14252	0.02575	0.02555	0.01381	0.01552	0.01106	0.00861	0.00746	0.00215	0.01359	0.00560	0.00490	0.01021
32	0.01151	0.00909	0.01060	0.00983	0.01257	0.00806	0.00744	0.01536	0.04395	0.02810	0.36788	0.06265	0.29022	0.01705	0.00925	0.00252	0.00420	0.01462	0.00806	0.06704
33	0.02450	0.49804	0.03616	0.01617	0.02221	0.24373	0.01447	0.02694	0.01861	0.01934	0.01169	0.01354	0.01043	0.00740	0.00589	0.00185	0.01062	0.00463	0.00370	0.01009
34	0.00989	0.00706	0.00942	0.01130	0.01177	0.00659	0.00753	0.01130	0.01554	0.02071	0.04472	0.70954	0.05367	0.02542	0.01036	0.00330	0.00471	0.02307	0.00753	0.00659
35	0.01926	0.01895	0.02982	0.23945	0.44727	0.05695	0.02367	0.02410	0.01807	0.02442	0.01486	0.02023	0.01211	0.00756	0.00802	0.00248	0.01028	0.00711	0.00390	0.01152
36	0.02989	0.03787	0.02341	0.02210	0.05154	0.65481	0.01606	0.03209	0.02281	0.02013	0.01266	0.01486	0.01055	0.00831	0.00735	0.00210	0.01443	0.00531	0.00417	0.00955
37	0.01282	0.01050	0.01539	0.01469	0.01585	0.01307	0.01166	0.01549	0.01292	0.01897	0.01953	0.02906	0.01837	0.05156	0.55199	0.01115	0.15685	0.00838	0.00419	0.00757
38	0.01763	0.01677	0.02850	0.38270	0.35050	0.01863	0.02368	0.02275	0.01732	0.02353	0.01483	0.02088	0.01180	0.00768	0.00807	0.00256	0.01025	0.00722	0.00380	0.01087
39	0.01057	0.00847	0.00958	0.00989	0.01234	0.00748	0.00781	0.01320	0.01910	0.02376	0.14711	0.07871	0.45726	0.02044	0.00993	0.00293	0.00478	0.14185	0.00770	0.00708
40	0.01704	0.01617	0.02743	0.46287	0.27495	0.01848	0.02339	0.02223	0.01704	0.02281	0.01472	0.02107	0.01155	0.00779	0.00808	0.00260	0.01039	0.00722	0.00375	0.01040
41	0.02205	0.01979	0.03091	0.06766	0.51424	0.02040	0.02293	0.14671	0.02231	0.03120	0.01607	0.02002	0.01297	0.00776	0.00805	0.00243	0.00954	0.00724	0.00482	0.01290
42	0.01627	0.04197	0.67279	0.02313	0.03512	0.01884	0.02998	0.02570	0.01713	0.02570	0.01456	0.01713	0.01028	0.00771	0.00771	0.00257	0.01199	0.00600	0.00343	0.01199
43	0.03641	0.01381	0.01883	0.01444	0.02071	0.01193	0.01193	0.03954	0.02322	0.66984	0.03201	0.02762	0.02009	0.01004	0.00816	0.00251	0.00690	0.00816	0.01004	0.01381
44	0.01045	0.00756	0.00987	0.01076	0.01186	0.00699	0.00751	0.01276	0.01835	0.02502	0.26775	0.44584	0.09109	0.02201	0.01004	0.00300	0.00436	0.01976	0.00804	0.00699
45	0.02199	0.16799	0.16497	0.01998	0.02682	0.18085	0.07163	0.03163	0.18491	0.02518	0.01844	0.01958	0.01434	0.00850	0.00742	0.00235	0.01065	0.00663	0.00495	0.01119
46	0.02018	0.01743	0.01835	0.01651	0.02110	0.02018	0.01284	0.04312	0.64956	0.03394	0.03303	0.03027	0.02477	0.01101	0.00826	0.00275	0.00642	0.00917	0.00826	0.01284
47	0.00989	0.00706	0.00942	0.01130	0.01177	0.00659	0.00753	0.01130	0.01554	0.02071	0.04472	0.70954	0.05367	0.02542	0.01036	0.00330	0.00471	0.02307	0.00753	0.00659
48	0.38224	0.02004	0.01841	0.01497	0.02067	0.04844	0.01229	0.32197	0.02600	0.04289	0.01532	0.01630	0.01129	0.00864	0.00662	0.00246	0.00790	0.00584	0.00649	0.01125
49	0.01788	0.01703	0.02896	0.34817	0.38304	0.01870	0.02381	0.02297	0.01744	0.02384	0.01487	0.02080	0.01191	0.00764	0.00807	0.00255	0.01018	0.00722	0.00383	0.01108
50	0.01513	0.00756	0.00756	0.00756	0.00945	0.00756	0.00567	0.01891	0.01702	0.03025	0.02647	0.03025	0.02080	0.00945	0.00567	0.00189	0.00378	0.00756	0.75988	0.00756
51	0.00989	0.00706	0.00942	0.01130	0.01177	0.00659	0.00753	0.01130	0.01554	0.02071	0.04472	0.70954	0.05367	0.02542	0.01036	0.00330	0.00471	0.02307	0.00753	0.00659
52	0.03085	0.02273	0.02435	0.01867	0.02516	0.02516	0.01542	0.63716	0.03815	0.05114	0.01948	0.01948	0.01380	0.00974	0.00812	0.00244	0.00893	0.00731	0.00812	0.01380
53	0.01166	0.00841	0.01140	0.01317	0.01455	0.00815	0.01057	0.01441	0.01747	0.02279	0.04589	0.32640	0.08460	0.02345	0.01079	0.00351	0.00622	0.35196	0.00750	0.00710
54	0.01180	0.00787	0.00885	0.00885	0.00885	0.00787	0.00492	0.01180	0.01180	0.01573	0.02557	0.05310	0.02950	0.71483	0.04130	0.00787	0.00787	0.01180	0.00492	0.00492
55	0.00959	0.00822	0.00822	0.00822	0.01096	0.00685	0.00617	0.01165	0.01850	0.02192	0.08220	0.07809	0.66092	0.02055	0.00959	0.00274	0.00411	0.01713	0.00754	0.00685
56	0.00989	0.00706	0.00942	0.01130	0.01177	0.00659	0.00753	0.01130	0.01554	0.02071	0.04472	0.70954	0.05367	0.02542	0.01036	0.00330	0.00471	0.02307	0.00753	0.00659
57	0.01159	0.00869	0.01304	0.01304	0.01449	0.01014	0.01014	0.01449	0.01304	0.01884	0.02173	0.03188	0.02029	0.06086	0.68268	0.01304	0.02173	0.00869	0.00435	0.00724
58	0.00965	0.00799	0.00846	0.00883	0.01112	0.00680	0.00644	0.01158	0.01791	0.02168	0.07473	0.20388	0.53995	0.02152	0.00974	0.00285	0.00423	0.01831	0.00753	0.00680
59	0.02018	0.01743	0.01835	0.01651	0.02110	0.02018	0.01284	0.04312	0.64956	0.03394	0.03303	0.03027	0.02477	0.01101	0.00826	0.00275	0.00642	0.00917	0.00826	0.01284
60	0.02138	0.68083	0.07868	0.01441	0.02165	0.03135	0.01481	0.02438	0.01652	0.01947	0.01147	0.01325	0.01041	0.00699	0.00535	0.00178	0.00887	0.00443	0.00347	0.01050
61	0.62403	0.01566	0.01326	0.01162	0.01673	0.01774	0.00950	0.02732	0.07565	0.10171	0.01552	0.01631	0.01149	0.00812	0.00566	0.00253	0.00636	0.00524	0.00585	0.00970
62	0.03641	0.01381	0.01883	0.01444	0.02071	0.01193	0.01193	0.03954	0.02322	0.66984	0.03201	0.02762	0.02009	0.01004	0.00816	0.00251	0.00690	0.00816	0.01004	0.01381
63	0.01053	0.00765	0.01008	0.01178	0.01276	0.00720	0.00857	0.01249	0.01648	0.02158	0.04789	0.51955	0.10948	0.02433	0.01046	0.00334	0.00523	0.14629	0.00752	0.00680
64	0.01627	0.04197	0.67279	0.02313	0.03512	0.01884	0.02998	0.02570	0.01713	0.02570	0.01456	0.01713	0.01028	0.00771	0.00771	0.00257	0.01199	0.00600	0.00343	0.01199
65	0.01645	0.01584	0.02236	0.01956	0.01987	0.02175	0.01615	0.01846	0.01256	0.01938	0.01299	0.02073	0.01268	0.02405	0.16508	0.00555	0.55684	0.00744	0.00372	0.00853
66	0.01936	0.00881	0.00981	0.00893	0.01170	0.00843	0.00692	0.02302	0.01825	0.15766	0.02757	0.02973	0.02066	0.00957	0.00617	0.00201	0.00440	0.00768	0.61050	0.00881
67	0.02029	0.03636	0.54252	0.02140	0.03225	0.01747	0.02638	0.02846	0.01835	0.15402	0.01804	0.01922	0.01223	0.00817	0.00780	0.00256	0.01098	0.00643	0.00474	0.01235
68	0.16442	0.03144	0.02126	0.01862	0.02340	0.43551	0.01438	0.14755	0.02426	0.02888	0.01366	0.01531	0.01080	0.00848	0.00706	0.00223	0.01202	0.00548	0.00509	0.01014
69	0.01778	0.23027	0.49768	0.02056	0.03115	0.02253	0.02551	0.02531	0.01695	0.02386	0.01365	0.01599	0.01032	0.00750	0.00701	0.00234	0.01107	0.00554	0.00344	0.01155
70	0.01913	0.01831	0.03122	0.17840	0.54303	0.01903	0.02443	0.02407	0.01803	0.02536	0.01510	0.02039	0.01245	0.00741	0.00805	0.00247	0.00987	0.00723	0.00393	0.01209
71	0.01554	0.01464	0.02473	0.66601	0.08352	0.01808	0.02264	0.02092	0.01633	0.02099	0.01446	0.02156	0.01091	0.00807	0.00811	0.00269	0.01076	0.00721	0.00362	0.00919
72	0.02730	0.02224	0.02134	0.01719	0.02218	0.11332	0.01355	0.43926	0.03125	0.04035	0.01963	0.02493	0.01619	0.13794	0.01405	0.00338	0.00953	0.00783	0.00699	0.01157
73	0.02231	0.01849	0.01954	0.01694	0.02191	0.02117	0.01336	0.16146	0.52776	0.03737	0.03033	0.02812	0.02258	0.01076	0.00823	0.00269	0.00692	0.00880	0.00823	0.01303
74	0.00961	0.00815	0.00829	0.00840	0.01101	0.00684	0.00624	0.01163	0.01833	0.02185	0.08005	0.11432	0.62608	0.02083	0.00963	0.00277	0.00414	0.01747	0.00753	0.00684
75	0.01550	0.01124	0.01268	0.01198	0.01371	0.01183	0.00824	0.12395	0.08334	0.02507	0.03019	0.21323	0.03247	0.34226	0.02416	0.00522	0.00709	0.01363	0.00649	0.00771
76	0.01173	0.00865	0.01101	0.01036	0.01242	0.00811	0.00779	0.01623	0.04733	0.03208	0.60758	0.06026	0.10262	0.01656	0.00952	0.00257	0.00394	0.01458	0.00884	0.00782
77	0.01878	0.01668	0.02545	0.47751	0.04643	0.02010	0.04855	0.14367	0.02043	0.02693	0.01522	0.02091	0.01147	0.00886	0.00964	0.00272	0.06476	0.00733	0.00452	0.01004
78	0.02169	0.71972	0.04252	0.01388	0.02083	0.03211	0.01388	0.02430	0.01649	0.01909	0.01128	0.01302	0.01041	0.00694	0.00521	0.00174	0.00868	0.00434	0.00347	0.01041
79	0.00959	0.00822	0.00822	0.00822	0.01096	0.00685	0.00617	0.01165	0.01850	0.02192	0.08220	0.07809	0.66092	0.02055	0.00959	0.00274	0.00411	0.01713	0.00754	0.00685
80	0.00989	0.00706	0.00942	0.01130	0.01177	0.00659	0.00753	0.01130	0.01554	0.02071	0.04472	0.70954	0.05367	0.02542	0.01036	0.00330	0.00471	0.02307	0.00753	0.00659
81	0.02652	0.03232	0.02404	0.15753	0.08147	0.49781	0.01777	0.02949	0.02129	0.02056	0.01313	0.01646	0.01071	0.00822	0.00753	0.00224	0.01348	0.00578	0.00405	0.00960
82	0.03195	0.02095	0.02325	0.01783	0.02428	0.02253	0.01473	0.51811	0.03518	0.17439	0.02198	0.02110	0.01505	0.00980	0.00813	0.00245	0.00853	0.00748	0.00850	0.01380
83	0.00989	0.00706	0.00942	0.01130	0.01177	0.00659	0.00753	0.01130	0.01554	0.02071	0.04472	0.70954	0.05367	0.02542	0.01036	0.00330	0.00471	0.02307	0.00753	0.00659
84	0.02473	0.42925	0.06370	0.01698	0.02310	0.27940	0.01530	0.02745	0.01900	0.01968	0.01191	0.01382	0.01042	0.00752	0.00612	0.00191	0.01110	0.00475	0.00374	0.01010
85	0.02169	0.71972	0.04252	0.01388	0.02083	0.03211	0.01388	0.02430	0.01649	0.01909	0.01128	0.01302	0.01041	0.00694	0.00521	0.00174	0.00868	0.00434	0.00347	0.01041
86	0.02872	0.02167	0.02316	0.01824	0.02435	0.02417	0.01491	0.51882	0.15995	0.04771	0.02218	0.02163	0.01598	0.00999	0.00814	0.00250	0.00843	0.00768	0.00814	0.01361
87	0.01022	0.00730	0.00979	0.01168	0.01229	0.00688	0.00811	0.01187	0.01586	0.02108	0.04454	0.64560	0.05295	0.02511	0.01044	0.00334	0.00499	0.08375	0.00753	0.00668
88	0.01180	0.00787	0.00885	0.00885	0.00885	0.00787	0.00492	0.01180	0.01180	0.01573	0.02557	0.05310	0.02950	0.71483	0.04130	0.00787	0.00787	0.01180	0.00492	0.00492
89	0.01194	0.00913	0.01119	0.01234	0.01363	0.00930	0.00859	0.01764	0.14184	0.02335	0.04239	0.57422	0.04791	0.02255	0.00994	0.00319	0.00505	0.02030	0.00768	0.00784
90	0.02014	0.52555	0.22309	0.01653	0.02492	0.02831	0.01850	0.02470	0.01667	0.02098	0.01222	0.01420	0.01037	0.00716	0.00592	0.00197	0.00963	0.00481	0.00346	0.01087
91	0.00959	0.00822	0.00822	0.00822	0.01096	0.00685	0.00617	0.01165	0.01850	0.02192	0.08220	0.07809	0.66092	0.02055	0.00959	0.00274	0.00411	0.01713	0.00754	0.00685
92	0.01559	0.01462	0.02153	0.15332	0.02634	0.01949	0.01663	0.01840	0.01335	0.01958	0.01442	0.02237	0.01331	0.02570	0.20167	0.00597	0.37792	0.00756	0.00378	0.00846
93	0.02204	0.69270	0.04175	0.01416	0.02100	0.05790	0.01396	0.02462	0.01675	0.01912	0.01133	0.01308	0.01041	0.00700	0.00529	0.00175	0.00891	0.00437	0.00350	0.01037
94	0.01680	0.03831	0.55900	0.02514	0.03645	0.01915	0.14010	0.02575	0.01750	0.02575	0.01490	0.01800	0.01065	0.00755	0.00805	0.00260	0.01230	0.00665	0.00355	0.01180
95	0.00989	0.00706	0.00942	0.01130	0.01177	0.00659	0.00753	0.01130	0.01554	0.02071	0.04472	0.70954	0.05367	0.02542	0.01036	0.00330	0.00471	0.02307	0.00753	0.00659
96	0.02057	0.01743	0.02896	0.06764	0.51128	0.01732	0.02178	0.02515	0.01931	0.08850	0.08353	0.02506	0.02006	0.00850	0.00821	0.00245	0.00882	0.00809	0.00509	0.01226
97	0.04784	0.02055	0.02376	0.31870	0.12993	0.15093	0.01924	0.02785	0.13313	0.02438	0.01744	0.02128	0.01350	0.00854	0.00785	0.00254	0.01044	0.00707	0.00468	0.01034
98	0.16870	0.01968	0.03683	0.02727	0.03369	0.02010	0.41843	0.02441	0.01712	0.02708	0.01499	0.02011	0.01175	0.00995	0.03772	0.00320	0.08634	0.00824	0.00424	0.01014
99	0.01268	0.14968	0.01620	0.01078	0.01350	0.01207	0.00853	0.01524	0.01875	0.02442	0.24213	0.22318	0.18811	0.01784	0.00891	0.00262	0.00509	0.01534	0.00717	0.00775
100	0.03003	0.05738	0.02138	0.01595	0.02188	0.01838	0.01311	0.18208	0.18868	0.32022	0.02810	0.02553	0.01925	0.01004	0.00801	0.00251	0.00736	0.00800	0.00874	0.01336
101	0.01200	0.14996	0.01505	0.00935	0.01293	0.01188	0.00770	0.01417	0.01810	0.02136	0.06807	0.06513	0.53134	0.01784	0.00872	0.00254	0.00502	0.01458	0.00673	0.00756
102	0.01858	0.02589	0.17237	0.03199	0.04096	0.02019	0.51427	0.02593	0.01875	0.02593	0.01605	0.02094	0.01191	0.00701	0.00920	0.00270	0.01334	0.00886	0.00397	0.01115
103	0.01684	0.11209	0.60758	0.02217	0.03364	0.02022	0.02831	0.02555	0.01706	0.02501	0.01422	0.01671	0.01029	0.00763	0.00745	0.00248	0.01165	0.00582	0.00343	0.01183
104	0.01532	0.03526	0.54093	0.02055	0.03054	0.01662	0.02553	0.02363	0.01829	0.02706	0.14313	0.02579	0.02348	0.00948	0.00808	0.00257	0.01037	0.00772	0.00452	0.01113
105	0.02320	0.02757	0.02292	0.02177	0.07932	0.37857	0.07828	0.02679	0.04454	0.02206	0.02969	0.03079	0.15843	0.01096	0.00816	0.00236	0.01141	0.00869	0.00507	0.00942
106	0.02412	0.06200	0.02548	0.15549	0.03095	0.36992	0.04039	0.02702	0.01919	0.02016	0.01264	0.01681	0.01063	0.00929	0.01110	0.00250	0.14297	0.00609	0.00391	0.00933
107	0.16886	0.01748	0.02658	0.11354	0.43433	0.01832	0.02052	0.02358	0.01729	0.02760	0.01759	0.02167	0.04296	0.00803	0.00752	0.00248	0.00884	0.00714	0.00434	0.01132
108	0.02120	0.02167	0.02562	0.05567	0.32364	0.15051	0.01907	0.02914	0.15249	0.02625	0.02274	0.02679	0.04730	0.00952	0.00814	0.00250	0.00964	0.03134	0.00523	0.01153
109	0.01778	0.02919	0.39091	0.02052	0.05814	0.01589	0.02206	0.02597	0.06605	0.09509	0.08276	0.09519	0.02338	0.01087	0.00827	0.00264	0.00938	0.00912	0.00548	0.01132
110	0.02276	0.02401	0.01968	0.01922	0.07141	0.26202	0.01369	0.09169	0.17328	0.02738	0.03307	0.03269	0.15169	0.01162	0.00816	0.00245	0.00947	0.00905	0.00625	0.01041
111	0.03210	0.02071	0.02310	0.01771	0.02416	0.02217	0.01463	0.50207	0.03478	0.19100	0.02231	0.02132	0.01522	0.00981	0.00813	0.00245	0.00847	0.00750	0.00855	0.01380

[dist]
# distance from previous block
# <min> <max>
0	1

[block]
# block no. 1 follows, 23 sequences, length 6
# corresponding to MSA columns:
# 114-119
name=unknown_B
#
# <colnr> <probs for GDERKNQSTAVLIFYWHMCP>
#	G	D	E	R	K	N	Q	S	T	A	V	L	I	F	Y	W	H	M	C	P
0	0.02057	0.02526	0.10200	0.07401	0.19103	0.22424	0.01877	0.02490	0.02033	0.02476	0.12311	0.02985	0.02458	0.01032	0.00825	0.00247	0.01046	0.04991	0.00502	0.01016
1	0.08332	0.08010	0.19361	0.02047	0.02770	0.20284	0.06194	0.15331	0.05038	0.03007	0.01546	0.01723	0.01171	0.00832	0.00745	0.00237	0.01128	0.00620	0.00498	0.01126
2	0.02594	0.02606	0.23607	0.01822	0.02587	0.06883	0.01842	0.09756	0.07488	0.25090	0.05782	0.02427	0.01888	0.00954	0.00802	0.00251	0.00921	0.00756	0.00697	0.01244
3	0.16792	0.08462	0.02550	0.02710	0.21595	0.30184	0.01700	0.02784	0.01934	0.02496	0.01302	0.01587	0.01086	0.00774	0.00692	0.00224	0.01104	0.00560	0.00423	0.01041
4	0.02345	0.04847	0.01970	0.01777	0.06502	0.18698	0.01291	0.07138	0.09847	0.12648	0.16254	0.03365	0.07572	0.01155	0.00823	0.00241	0.00839	0.00930	0.00707	0.01052
5	0.02489	0.02933	0.18564	0.02231	0.02984	0.14682	0.12130	0.18734	0.06879	0.07720	0.01828	0.01971	0.01327	0.00861	0.00812	0.00248	0.01123	0.00716	0.00570	0.01198

[dist]
# distance from previous block
# <min> <max>
5	13

[block]
# block no. 2 follows, 23 sequences, length 20
# corresponding to MSA columns:
# 133-152
name=unknown_C
#
# <colnr> <probs for GDERKNQSTAVLIFYWHMCP>
#	G	D	E	R	K	N	Q	S	T	A	V	L	I	F	Y	W	H	M	C	P
0	0.15759	0.07165	0.03057	0.02605	0.13618	0.02069	0.19530	0.12213	0.06139	0.03232	0.05524	0.02183	0.01653	0.00835	0.00784	0.00251	0.00946	0.00777	0.00540	0.01121
1	0.06288	0.07852	0.40686	0.02045	0.02937	0.17210	0.02306	0.02621	0.01834	0.02434	0.01777	0.01974	0.04930	0.00857	0.00743	0.00242	0.01160	0.00629	0.00394	0.01081
2	0.15182	0.02327	0.02342	0.01964	0.02473	0.21122	0.12189	0.03154	0.16177	0.06880	0.02111	0.02568	0.01701	0.00969	0.00787	0.00257	0.01017	0.05144	0.00585	0.01048
3	0.02424	0.02915	0.11942	0.03164	0.27010	0.25956	0.02088	0.02956	0.05284	0.06298	0.01610	0.01866	0.01266	0.00807	0.00775	0.00234	0.01146	0.00648	0.00457	0.01154
4	0.04972	0.17172	0.09048	0.09451	0.02920	0.13937	0.09600	0.02623	0.05845	0.02380	0.01476	0.01757	0.01183	0.00751	0.00704	0.00212	0.01025	0.00604	0.00428	0.13910
5	0.01913	0.02220	0.20782	0.02396	0.17390	0.01461	0.01892	0.02455	0.01913	0.11966	0.10552	0.02864	0.06042	0.00962	0.00796	0.00234	0.00831	0.00823	0.00568	0.11941
6	0.02554	0.11060	0.09471	0.02447	0.07588	0.39663	0.10885	0.02933	0.02078	0.02176	0.01338	0.01618	0.01088	0.00783	0.00751	0.00222	0.01319	0.00600	0.00400	0.01026
7	0.02041	0.02626	0.16962	0.03888	0.41954	0.09331	0.02428	0.02696	0.05496	0.02602	0.01583	0.01942	0.01271	0.00768	0.00790	0.00243	0.01052	0.00685	0.00415	0.01228
8	0.02092	0.14828	0.18888	0.02667	0.10208	0.14083	0.16786	0.02627	0.01842	0.02331	0.01393	0.01748	0.01113	0.00783	0.00883	0.00242	0.05351	0.00663	0.00380	0.01092
9	0.02169	0.71972	0.04252	0.01388	0.02083	0.03211	0.01388	0.02430	0.01649	0.01909	0.01128	0.01302	0.01041	0.00694	0.00521	0.00174	0.00868	0.00434	0.00347	0.01041
10	0.02115	0.65177	0.10570	0.01481	0.02226	0.03078	0.01550	0.02444	0.01655	0.01975	0.01161	0.01343	0.01040	0.00702	0.00546	0.00182	0.00901	0.00450	0.00347	0.01057
11	0.01134	0.00767	0.00899	0.00943	0.00955	0.00756	0.00554	0.01168	0.01269	0.01692	0.03014	0.20994	0.03527	0.55011	0.03391	0.00677	0.00711	0.01449	0.00554	0.00532
12	0.02169	0.71972	0.04252	0.01388	0.02083	0.03211	0.01388	0.02430	0.01649	0.01909	0.01128	0.01302	0.01041	0.00694	0.00521	0.00174	0.00868	0.00434	0.00347	0.01041
13	0.01088	0.00923	0.00980	0.00908	0.01246	0.00753	0.00686	0.01316	0.01801	0.02263	0.06793	0.10772	0.50842	0.01831	0.00901	0.00251	0.00448	0.01535	0.00706	0.13957
14	0.00989	0.00706	0.00942	0.01130	0.01177	0.00659	0.00753	0.01130	0.01554	0.02071	0.04472	0.70954	0.05367	0.02542	0.01036	0.00330	0.00471	0.02307	0.00753	0.00659
15	0.00989	0.00706	0.00942	0.01130	0.01177	0.00659	0.00753	0.01130	0.01554	0.02071	0.04472	0.70954	0.05367	0.02542	0.01036	0.00330	0.00471	0.02307	0.00753	0.00659
16	0.01915	0.02189	0.04788	0.03420	0.04241	0.02052	0.63475	0.02599	0.01915	0.02599	0.01642	0.02189	0.01231	0.00684	0.00958	0.00274	0.01368	0.00958	0.00410	0.01094
17	0.03543	0.01537	0.01980	0.01518	0.02149	0.01425	0.01254	0.14425	0.02584	0.56144	0.02982	0.02619	0.01898	0.00999	0.00815	0.00250	0.00726	0.00801	0.00971	0.01381
18	0.00989	0.00706	0.00942	0.01130	0.01177	0.00659	0.00753	0.01130	0.01554	0.02071	0.04472	0.70954	0.05367	0.02542	0.01036	0.00330	0.00471	0.02307	0.00753	0.00659
19	0.01694	0.03800	0.56069	0.02780	0.14534	0.01892	0.02909	0.02556	0.01737	0.02584	0.01468	0.01765	0.01073	0.00763	0.00777	0.00254	0.01158	0.00621	0.00353	0.01214

[dist]
# distance from previous block
# <min> <max>
0	15

# created by:
# /home/cegg/simao/soft/augustus-3.2.1/scripts/msa2prfl.pl ./align_prep/14606.fa
