[name]
unknown

[dist]
# distance from previous block
# <min> <max>
0	6

[block]
# block no. 0 follows, 22 sequences, length 70
# corresponding to MSA columns:
# 6-75
name=unknown_A
#
# <colnr> <probs for GDERKNQSTAVLIFYWHMCP>
#	G	D	E	R	K	N	Q	S	T	A	V	L	I	F	Y	W	H	M	C	P
0	0.02894	0.02487	0.02347	0.04773	0.02622	0.15714	0.01591	0.41811	0.03289	0.04165	0.02071	0.02652	0.01672	0.01093	0.00846	0.00257	0.01027	0.06734	0.00722	0.01234
1	0.02722	0.02191	0.02490	0.01977	0.02543	0.08762	0.08361	0.37471	0.03095	0.07414	0.02347	0.12360	0.02014	0.01194	0.00875	0.00263	0.00952	0.01002	0.00745	0.01222
2	0.02622	0.01766	0.01976	0.01616	0.02165	0.01862	0.01296	0.24799	0.19456	0.15882	0.03171	0.06898	0.06366	0.01188	0.00848	0.00260	0.00730	0.00966	0.00847	0.05287
3	0.02358	0.01665	0.01683	0.01380	0.01904	0.09562	0.01088	0.08100	0.02213	0.19785	0.03767	0.07045	0.16645	0.01243	0.00820	0.00230	0.00727	0.01005	0.00739	0.18040
4	0.01268	0.01508	0.11869	0.01275	0.01719	0.01041	0.01196	0.01776	0.05184	0.02629	0.16896	0.06194	0.30305	0.01702	0.00942	0.00277	0.00610	0.08017	0.00717	0.04873
5	0.01684	0.06578	0.52402	0.02249	0.03344	0.01879	0.06277	0.02534	0.01793	0.02647	0.04902	0.02002	0.01441	0.00818	0.00789	0.00251	0.01138	0.00668	0.00395	0.06210
6	0.02684	0.11593	0.02777	0.02553	0.15399	0.29500	0.01727	0.14709	0.02481	0.02865	0.04891	0.01942	0.01551	0.00887	0.00765	0.00226	0.01141	0.00660	0.00521	0.01128
7	0.02035	0.02098	0.06756	0.04953	0.62297	0.01971	0.02577	0.02554	0.01884	0.02710	0.01559	0.02040	0.01302	0.00743	0.00821	0.00248	0.01000	0.00733	0.00408	0.01311
8	0.02719	0.08224	0.17513	0.02097	0.02781	0.34215	0.01930	0.15594	0.02495	0.02840	0.01473	0.01651	0.01138	0.00860	0.00761	0.00230	0.01271	0.00592	0.00490	0.01126
9	0.02856	0.22842	0.02915	0.01939	0.02446	0.49474	0.01554	0.03085	0.02167	0.02011	0.01248	0.01452	0.01069	0.00815	0.00688	0.00204	0.01327	0.00510	0.00408	0.00992
10	0.01050	0.00748	0.00944	0.01084	0.01138	0.00703	0.00707	0.01170	0.01532	0.02024	0.04434	0.52755	0.09006	0.16583	0.01706	0.00430	0.00544	0.02084	0.00716	0.00641
11	0.01012	0.00723	0.00964	0.01157	0.01205	0.00675	0.00771	0.01157	0.01591	0.02121	0.04579	0.70262	0.05495	0.02603	0.01060	0.00337	0.00482	0.02362	0.00771	0.00675
12	0.02030	0.01947	0.03325	0.08488	0.62436	0.01967	0.02537	0.02527	0.01879	0.02683	0.01558	0.02065	0.01305	0.00745	0.00823	0.00248	0.00993	0.00740	0.00409	0.01295
13	0.76672	0.01607	0.01221	0.01092	0.01607	0.01864	0.00900	0.02442	0.01414	0.03727	0.01157	0.01350	0.00900	0.00771	0.00514	0.00257	0.00643	0.00450	0.00514	0.00900
14	0.01313	0.01160	0.01592	0.02067	0.19225	0.01071	0.01193	0.01631	0.01963	0.02543	0.15219	0.06055	0.38520	0.01659	0.00937	0.00268	0.00575	0.01431	0.00692	0.00886
15	0.76672	0.01607	0.01221	0.01092	0.01607	0.01864	0.00900	0.02442	0.01414	0.03727	0.01157	0.01350	0.00900	0.00771	0.00514	0.00257	0.00643	0.00450	0.00514	0.00900
16	0.02700	0.12049	0.10902	0.02395	0.09331	0.44283	0.01870	0.03046	0.02147	0.02172	0.01324	0.01570	0.01093	0.00817	0.00735	0.00219	0.01335	0.00556	0.00407	0.01047
17	0.02221	0.01547	0.02419	0.03158	0.33553	0.01478	0.01760	0.02634	0.02098	0.18209	0.14614	0.03437	0.07045	0.01085	0.00866	0.00254	0.00767	0.00977	0.00681	0.01197
18	0.01737	0.03878	0.55119	0.02860	0.14778	0.01937	0.02976	0.02616	0.01779	0.02646	0.01504	0.01808	0.01100	0.00780	0.00795	0.00260	0.01184	0.00637	0.00362	0.01244
19	0.02030	0.01732	0.01793	0.04088	0.02177	0.04702	0.01274	0.03857	0.48458	0.06012	0.03852	0.03605	0.10346	0.01224	0.00857	0.00277	0.00683	0.01013	0.00808	0.01212
20	0.02963	0.01459	0.01831	0.01501	0.02010	0.01401	0.01197	0.16708	0.02540	0.37393	0.03291	0.18403	0.02714	0.01389	0.00887	0.00274	0.00701	0.01172	0.00923	0.01241
21	0.01569	0.01477	0.02492	0.68808	0.05722	0.01846	0.02307	0.02123	0.01661	0.02123	0.01477	0.02215	0.01107	0.00831	0.00831	0.00277	0.01107	0.00738	0.00369	0.00923
22	0.02450	0.07504	0.30054	0.01932	0.02811	0.01921	0.02083	0.09443	0.10621	0.19581	0.02244	0.02214	0.01555	0.00914	0.00796	0.00257	0.00959	0.00718	0.00645	0.01296
23	0.01058	0.00742	0.00950	0.01098	0.01135	0.00705	0.00709	0.01169	0.01501	0.02001	0.04120	0.55108	0.04916	0.18546	0.01801	0.00447	0.00558	0.02092	0.00709	0.00635
24	0.01012	0.00723	0.00964	0.01157	0.01205	0.00675	0.00771	0.01157	0.01591	0.02121	0.04579	0.70262	0.05495	0.02603	0.01060	0.00337	0.00482	0.02362	0.00771	0.00675
25	0.01740	0.03783	0.51087	0.02651	0.03782	0.01972	0.17966	0.02638	0.01806	0.02638	0.01538	0.01876	0.01104	0.00767	0.00837	0.00267	0.01271	0.00706	0.00368	0.01201
26	0.01197	0.00944	0.01111	0.01174	0.01421	0.00892	0.00948	0.01625	0.06342	0.02454	0.08575	0.11309	0.33732	0.02113	0.01036	0.00320	0.00564	0.22695	0.00780	0.00770
27	0.01179	0.00868	0.00974	0.00944	0.01210	0.00749	0.00709	0.01438	0.02020	0.05915	0.22362	0.10502	0.44223	0.01970	0.00978	0.00277	0.00432	0.01672	0.00821	0.00759
28	0.01302	0.00945	0.01288	0.01460	0.01660	0.00930	0.01267	0.01667	0.01910	0.02462	0.04807	0.09231	0.10935	0.02275	0.01131	0.00372	0.00730	0.54103	0.00766	0.00758
29	0.03103	0.03959	0.02354	0.02140	0.02568	0.67469	0.01605	0.03317	0.02354	0.02033	0.01284	0.01498	0.01070	0.00856	0.00749	0.00214	0.01498	0.00535	0.00428	0.00963
30	0.02705	0.03920	0.17410	0.02369	0.06556	0.48255	0.02004	0.03111	0.02186	0.02213	0.01349	0.01591	0.01081	0.00834	0.00763	0.00227	0.01405	0.00566	0.00409	0.01046
31	0.06011	0.01179	0.01196	0.01055	0.01375	0.01250	0.00829	0.16054	0.02225	0.03626	0.02460	0.02747	0.01897	0.00964	0.00635	0.00210	0.00523	0.00751	0.54086	0.00929
32	0.08691	0.22034	0.13252	0.05541	0.08402	0.02104	0.01682	0.02442	0.06968	0.02576	0.08094	0.02394	0.02007	0.01529	0.08636	0.00366	0.01032	0.00719	0.00484	0.01047
33	0.26889	0.01891	0.01899	0.01969	0.10192	0.10628	0.01373	0.08464	0.01828	0.02984	0.01557	0.02006	0.01317	0.02124	0.16429	0.00508	0.05815	0.00651	0.00495	0.00978
34	0.02304	0.01403	0.01720	0.06319	0.02094	0.01352	0.01114	0.09036	0.07305	0.19924	0.02475	0.03161	0.02036	0.18898	0.01663	0.00373	0.00761	0.00853	0.00697	0.16511
35	0.02731	0.03164	0.02347	0.02076	0.02425	0.43300	0.01612	0.09249	0.02236	0.02360	0.01376	0.01721	0.01170	0.01313	0.05132	0.00315	0.15408	0.00618	0.00459	0.00986
36	0.01199	0.00802	0.00909	0.00917	0.00919	0.00800	0.00515	0.01206	0.01225	0.01634	0.02705	0.08337	0.03131	0.67753	0.04087	0.00784	0.00791	0.01260	0.00515	0.00511
37	0.02056	0.01974	0.03372	0.05099	0.65622	0.01974	0.02550	0.02550	0.01892	0.02714	0.01563	0.02056	0.01316	0.00740	0.00822	0.00247	0.00987	0.00740	0.00411	0.01316
38	0.01081	0.00845	0.00979	0.00946	0.01183	0.00744	0.00709	0.01385	0.02128	0.02801	0.37511	0.07078	0.35842	0.01896	0.00981	0.00271	0.00406	0.01625	0.00845	0.00744
39	0.01963	0.01686	0.01784	0.01612	0.02058	0.01928	0.01251	0.04096	0.57626	0.03402	0.06837	0.03520	0.06147	0.01208	0.00860	0.00281	0.00631	0.01012	0.00845	0.01255
40	0.01114	0.00836	0.01032	0.01007	0.01209	0.00754	0.00746	0.01440	0.02172	0.02959	0.45975	0.12533	0.21415	0.01879	0.00988	0.00273	0.00407	0.01642	0.00867	0.00754
41	0.02487	0.02974	0.06683	0.03652	0.34565	0.30401	0.02171	0.02888	0.02084	0.02414	0.01437	0.01796	0.01194	0.00793	0.00789	0.00234	0.01223	0.00644	0.00415	0.01158
42	0.02221	0.71304	0.04353	0.01421	0.02132	0.03287	0.01421	0.02488	0.01688	0.01955	0.01155	0.01333	0.01066	0.00711	0.00533	0.00178	0.00888	0.00444	0.00355	0.01066
43	0.02846	0.03304	0.02557	0.05996	0.13956	0.45487	0.01806	0.09558	0.02405	0.02505	0.01420	0.01687	0.01153	0.00849	0.00775	0.00227	0.01324	0.00605	0.00466	0.01073
44	0.01569	0.01477	0.02492	0.68808	0.05722	0.01846	0.02307	0.02123	0.01661	0.02123	0.01477	0.02215	0.01107	0.00831	0.00831	0.00277	0.01107	0.00738	0.00369	0.00923
45	0.01696	0.04088	0.60235	0.02483	0.03671	0.01947	0.09125	0.02634	0.01775	0.02634	0.01510	0.01803	0.01074	0.00780	0.00809	0.00265	0.01245	0.00651	0.00358	0.01217
46	0.01162	0.00813	0.00893	0.00893	0.00950	0.00784	0.00530	0.01205	0.01349	0.01741	0.03809	0.05962	0.15814	0.56688	0.03561	0.00698	0.00726	0.01320	0.00558	0.00544
47	0.01168	0.00790	0.00982	0.01031	0.01061	0.00795	0.00648	0.01221	0.01315	0.01771	0.03011	0.21683	0.03458	0.41877	0.10905	0.04833	0.00887	0.01440	0.00557	0.00568
48	0.76672	0.01607	0.01221	0.01092	0.01607	0.01864	0.00900	0.02442	0.01414	0.03727	0.01157	0.01350	0.00900	0.00771	0.00514	0.00257	0.00643	0.00450	0.00514	0.00900
49	0.03267	0.01874	0.02162	0.01669	0.02294	0.01937	0.01375	0.36288	0.03177	0.28385	0.02533	0.02387	0.01707	0.01007	0.00816	0.00249	0.00800	0.00783	0.05921	0.01370
50	0.01009	0.00736	0.00951	0.01123	0.01196	0.00678	0.00756	0.01161	0.01623	0.02134	0.04986	0.63661	0.11833	0.02550	0.01052	0.00331	0.00475	0.02297	0.00771	0.00678
51	0.02760	0.01851	0.05727	0.02652	0.20848	0.01722	0.01744	0.06633	0.14968	0.28258	0.02637	0.02559	0.01853	0.00950	0.00831	0.00259	0.00817	0.00813	0.00764	0.01355
52	0.01187	0.00890	0.01335	0.01335	0.01483	0.01038	0.01038	0.01483	0.01335	0.01928	0.02225	0.03264	0.02077	0.06231	0.67512	0.01335	0.02225	0.00890	0.00445	0.00742
53	0.01138	0.00820	0.01076	0.01071	0.01233	0.00758	0.00781	0.01472	0.02174	0.03048	0.51016	0.21180	0.07291	0.01910	0.00999	0.00279	0.00413	0.01703	0.00881	0.00758
54	0.02221	0.71304	0.04353	0.01421	0.02132	0.03287	0.01421	0.02488	0.01688	0.01955	0.01155	0.01333	0.01066	0.00711	0.00533	0.00178	0.00888	0.00444	0.00355	0.01066
55	0.02056	0.01974	0.03372	0.05099	0.65622	0.01974	0.02550	0.02550	0.01892	0.02714	0.01563	0.02056	0.01316	0.00740	0.00822	0.00247	0.00987	0.00740	0.00411	0.01316
56	0.01693	0.01693	0.01697	0.01610	0.01806	0.16442	0.01251	0.01959	0.01562	0.01960	0.01889	0.02705	0.01741	0.04491	0.45324	0.00975	0.09168	0.00791	0.00432	0.00810
57	0.01826	0.01895	0.01604	0.01533	0.01751	0.23053	0.01140	0.02048	0.01653	0.01912	0.01976	0.03028	0.01895	0.14853	0.35151	0.00878	0.01755	0.00823	0.00449	0.00777
58	0.01012	0.00723	0.00964	0.01157	0.01205	0.00675	0.00771	0.01157	0.01591	0.02121	0.04579	0.70262	0.05495	0.02603	0.01060	0.00337	0.00482	0.02362	0.00771	0.00675
59	0.01208	0.00805	0.00906	0.00906	0.00906	0.00805	0.00503	0.01208	0.01208	0.01611	0.02618	0.05436	0.03020	0.70804	0.04228	0.00805	0.00805	0.01208	0.00503	0.00503
60	0.01012	0.00723	0.00964	0.01157	0.01205	0.00675	0.00771	0.01157	0.01591	0.02121	0.04579	0.70262	0.05495	0.02603	0.01060	0.00337	0.00482	0.02362	0.00771	0.00675
61	0.01835	0.01556	0.01679	0.01567	0.01975	0.01748	0.01237	0.03652	0.47972	0.03190	0.04123	0.04564	0.10307	0.01408	0.00904	0.00296	0.00644	0.09353	0.00825	0.01165
62	0.14337	0.19093	0.02717	0.01932	0.05594	0.30459	0.01498	0.10552	0.02225	0.02724	0.01339	0.01528	0.01099	0.00821	0.00676	0.00218	0.01120	0.00538	0.00475	0.01053
63	0.01963	0.01174	0.01217	0.01067	0.01382	0.01238	0.00838	0.17619	0.02299	0.03648	0.02526	0.02813	0.01945	0.00975	0.00645	0.00208	0.00523	0.00768	0.56214	0.00939
64	0.01666	0.04297	0.66500	0.02368	0.03596	0.01929	0.03069	0.02631	0.01754	0.02631	0.01491	0.01754	0.01052	0.00789	0.00789	0.00263	0.01228	0.00614	0.00351	0.01228
65	0.01666	0.04297	0.66500	0.02368	0.03596	0.01929	0.03069	0.02631	0.01754	0.02631	0.01491	0.01754	0.01052	0.00789	0.00789	0.00263	0.01228	0.00614	0.00351	0.01228
66	0.01702	0.01660	0.02403	0.15149	0.02794	0.02253	0.01827	0.01954	0.01375	0.02033	0.01455	0.07566	0.01459	0.01427	0.02217	0.00344	0.50227	0.00865	0.00398	0.00892
67	0.01187	0.00890	0.01335	0.01335	0.01483	0.01038	0.01038	0.01483	0.01335	0.01928	0.02225	0.03264	0.02077	0.06231	0.67512	0.01335	0.02225	0.00890	0.00445	0.00742
68	0.01788	0.01604	0.02285	0.02981	0.29763	0.01656	0.01689	0.02750	0.19411	0.02963	0.12719	0.03739	0.10764	0.01169	0.00873	0.00263	0.00731	0.01041	0.00656	0.01156
69	0.76672	0.01607	0.01221	0.01092	0.01607	0.01864	0.00900	0.02442	0.01414	0.03727	0.01157	0.01350	0.00900	0.00771	0.00514	0.00257	0.00643	0.00450	0.00514	0.00900

[dist]
# distance from previous block
# <min> <max>
0	5

[block]
# block no. 1 follows, 22 sequences, length 38
# corresponding to MSA columns:
# 81-118
name=unknown_B
#
# <colnr> <probs for GDERKNQSTAVLIFYWHMCP>
#	G	D	E	R	K	N	Q	S	T	A	V	L	I	F	Y	W	H	M	C	P
0	0.02889	0.02477	0.02313	0.01883	0.02432	0.15819	0.01514	0.42486	0.03248	0.04139	0.01878	0.02058	0.01429	0.01653	0.09541	0.00384	0.01207	0.00722	0.00697	0.01232
1	0.01896	0.02478	0.14582	0.05785	0.11170	0.01994	0.40301	0.02592	0.01895	0.02645	0.01617	0.02110	0.01225	0.00720	0.00905	0.00265	0.01270	0.00857	0.00410	0.05284
2	0.02458	0.05020	0.01983	0.01520	0.02063	0.01709	0.01240	0.20428	0.09829	0.14908	0.02899	0.07887	0.04763	0.01190	0.00821	0.00246	0.00721	0.04641	0.03464	0.12209
3	0.01187	0.00890	0.01335	0.01335	0.01483	0.01038	0.01038	0.01483	0.01335	0.01928	0.02225	0.03264	0.02077	0.06231	0.67512	0.01335	0.02225	0.00890	0.00445	0.00742
4	0.01610	0.01414	0.01765	0.02054	0.15009	0.01460	0.01290	0.02655	0.23999	0.02884	0.10654	0.04844	0.24118	0.01433	0.00900	0.00272	0.00620	0.01228	0.00736	0.01056
5	0.01569	0.01477	0.02492	0.68808	0.05722	0.01846	0.02307	0.02123	0.01661	0.02123	0.01477	0.02215	0.01107	0.00831	0.00831	0.00277	0.01107	0.00738	0.00369	0.00923
6	0.02772	0.20738	0.02964	0.02267	0.09024	0.44462	0.01657	0.03028	0.02138	0.02084	0.01281	0.01514	0.01095	0.00807	0.00702	0.00208	0.01291	0.00533	0.00408	0.01026
7	0.01641	0.00864	0.00873	0.00840	0.01061	0.00878	0.00638	0.05446	0.01867	0.03220	0.02669	0.03034	0.02088	0.00970	0.00595	0.00197	0.00418	0.00773	0.71118	0.00811
8	0.53380	0.01863	0.01615	0.05592	0.02111	0.05327	0.01161	0.14644	0.01979	0.03844	0.01352	0.01542	0.01025	0.00825	0.00610	0.00255	0.00770	0.00532	0.00564	0.01008
9	0.02358	0.60992	0.04055	0.01521	0.02199	0.10341	0.01448	0.05099	0.01854	0.02100	0.01204	0.01379	0.01081	0.00739	0.00569	0.00185	0.00957	0.00467	0.00383	0.01069
10	0.01299	0.00901	0.01008	0.00949	0.01248	0.00771	0.00723	0.01559	0.02041	0.08886	0.20120	0.07092	0.46585	0.01909	0.00967	0.00274	0.00443	0.01607	0.00828	0.00790
11	0.01012	0.00723	0.00964	0.01157	0.01205	0.00675	0.00771	0.01157	0.01591	0.02121	0.04579	0.70262	0.05495	0.02603	0.01060	0.00337	0.00482	0.02362	0.00771	0.00675
12	0.00982	0.00842	0.00842	0.00842	0.01122	0.00701	0.00631	0.01192	0.01894	0.02244	0.08416	0.07995	0.65285	0.02104	0.00982	0.00281	0.00421	0.01753	0.00771	0.00701
13	0.01723	0.01477	0.01723	0.01230	0.01969	0.01107	0.00984	0.02092	0.01723	0.02707	0.01477	0.01723	0.01230	0.00615	0.00615	0.00123	0.00615	0.00492	0.00492	0.75883
14	0.01061	0.00743	0.00950	0.01094	0.01130	0.00707	0.00704	0.01170	0.01495	0.01994	0.04090	0.54112	0.04878	0.19594	0.01850	0.00454	0.00563	0.02074	0.00704	0.00632
15	0.02465	0.02501	0.02956	0.03772	0.38032	0.17947	0.02142	0.11805	0.02280	0.02898	0.01539	0.01901	0.01261	0.00839	0.00890	0.00244	0.04131	0.00691	0.00476	0.01227
16	0.00989	0.00812	0.00872	0.00921	0.01143	0.00695	0.00666	0.01183	0.01817	0.02213	0.07448	0.23699	0.50205	0.02230	0.01002	0.00295	0.00436	0.01907	0.00771	0.00695
17	0.01052	0.00894	0.00913	0.00899	0.01186	0.00781	0.00677	0.01390	0.05356	0.02370	0.11169	0.07629	0.58751	0.02028	0.00974	0.00280	0.00432	0.01695	0.00783	0.00740
18	0.02057	0.01949	0.03177	0.04653	0.57317	0.01986	0.02388	0.02794	0.10036	0.02814	0.01801	0.02193	0.01476	0.00791	0.00825	0.00251	0.00944	0.00766	0.00468	0.01316
19	0.02048	0.01699	0.02150	0.02503	0.19182	0.04577	0.01540	0.20600	0.02418	0.03236	0.02819	0.27697	0.02908	0.01526	0.00911	0.00280	0.00797	0.01344	0.00677	0.01089
20	0.01031	0.00844	0.00910	0.00893	0.01152	0.00722	0.00670	0.01287	0.02010	0.02520	0.22805	0.07541	0.50724	0.02001	0.00981	0.00276	0.00413	0.01690	0.00808	0.00722
21	0.01666	0.04297	0.66500	0.02368	0.03596	0.01929	0.03069	0.02631	0.01754	0.02631	0.01491	0.01754	0.01052	0.00789	0.00789	0.00263	0.01228	0.00614	0.00351	0.01228
22	0.00982	0.00842	0.00842	0.00842	0.01122	0.00701	0.00631	0.01192	0.01894	0.02244	0.08416	0.07995	0.65285	0.02104	0.00982	0.00281	0.00421	0.01753	0.00771	0.00701
23	0.01864	0.03118	0.34466	0.03754	0.35071	0.01952	0.02806	0.02590	0.01824	0.02673	0.01527	0.01907	0.01186	0.00764	0.00806	0.00255	0.01106	0.00678	0.00381	0.01272
24	0.01992	0.01909	0.03257	0.13437	0.57783	0.01957	0.02518	0.02494	0.01861	0.02637	0.01551	0.02077	0.01289	0.00752	0.00823	0.00251	0.01003	0.00740	0.00406	0.01264
25	0.19022	0.02165	0.02302	0.02214	0.11922	0.05631	0.01562	0.33698	0.06781	0.04246	0.01797	0.01907	0.01339	0.00910	0.00757	0.00251	0.00880	0.00683	0.00678	0.01256
26	0.01192	0.00869	0.01227	0.01227	0.01338	0.00980	0.00903	0.01414	0.01303	0.01848	0.02324	0.03812	0.02315	0.22517	0.51551	0.01202	0.01867	0.00970	0.00460	0.00682
27	0.01208	0.00805	0.00906	0.00906	0.00906	0.00805	0.00503	0.01208	0.01208	0.01611	0.02618	0.05436	0.03020	0.70804	0.04228	0.00805	0.00805	0.01208	0.00503	0.00503
28	0.02444	0.54319	0.03849	0.01603	0.02242	0.19475	0.01468	0.02697	0.01856	0.01974	0.01188	0.01374	0.01067	0.00747	0.00588	0.00187	0.01042	0.00467	0.00374	0.01040
29	0.02557	0.11768	0.02666	0.14477	0.07022	0.28488	0.01725	0.13366	0.02364	0.02657	0.01748	0.02008	0.03875	0.00903	0.00765	0.00232	0.01165	0.00663	0.00492	0.01060
30	0.01665	0.00886	0.00899	0.00856	0.01084	0.00905	0.00653	0.06338	0.01899	0.03252	0.02658	0.03017	0.02078	0.00970	0.00599	0.00198	0.00425	0.00772	0.70026	0.00820
31	0.01187	0.00890	0.01335	0.01335	0.01483	0.01038	0.01038	0.01483	0.01335	0.01928	0.02225	0.03264	0.02077	0.06231	0.67512	0.01335	0.02225	0.00890	0.00445	0.00742
32	0.01957	0.03796	0.54678	0.02397	0.06715	0.01839	0.02800	0.02812	0.01843	0.10955	0.01728	0.01911	0.01198	0.00818	0.00797	0.00261	0.01147	0.00650	0.00443	0.01257
33	0.01763	0.03664	0.48240	0.02874	0.10473	0.01966	0.14033	0.02628	0.01807	0.02646	0.01534	0.01877	0.01120	0.00767	0.00828	0.00264	0.01234	0.00695	0.00370	0.01217
34	0.01062	0.00744	0.00949	0.01094	0.01130	0.00708	0.00704	0.01170	0.01494	0.01992	0.04084	0.53912	0.04870	0.19804	0.01859	0.00455	0.00564	0.02071	0.00704	0.00632
35	0.01956	0.02317	0.14561	0.07617	0.31658	0.01985	0.02267	0.03087	0.20185	0.02885	0.02080	0.02318	0.01613	0.00869	0.00824	0.00262	0.00942	0.00775	0.00525	0.01274
36	0.02299	0.02835	0.11348	0.03911	0.39814	0.20343	0.02353	0.02776	0.02003	0.02512	0.01475	0.01860	0.01212	0.00779	0.00798	0.00240	0.01162	0.00666	0.00408	0.01205
37	0.02768	0.02196	0.04824	0.02113	0.10493	0.18048	0.01527	0.03233	0.06114	0.25495	0.03028	0.03212	0.07811	0.01115	0.00842	0.00256	0.00938	0.04101	0.00717	0.01170

[dist]
# distance from previous block
# <min> <max>
0	3

# created by:
# /home/cegg/simao/soft/augustus-3.2.1/scripts/msa2prfl.pl ./align_prep/14610.fa
