[name]
unknown

[dist]
# distance from previous block
# <min> <max>
1	11

[block]
# block no. 0 follows, 20 sequences, length 30
# corresponding to MSA columns:
# 11-40
name=unknown_A
#
# <colnr> <probs for GDERKNQSTAVLIFYWHMCP>
#	G	D	E	R	K	N	Q	S	T	A	V	L	I	F	Y	W	H	M	C	P
0	0.09546	0.02040	0.07259	0.03408	0.31693	0.01901	0.02049	0.03139	0.11954	0.11045	0.05639	0.02593	0.02017	0.00947	0.00844	0.00270	0.00889	0.00830	0.00626	0.01313
1	0.05404	0.03010	0.27444	0.04035	0.37459	0.02049	0.02810	0.02705	0.01906	0.02865	0.01591	0.02000	0.01253	0.00799	0.00835	0.00266	0.01119	0.00711	0.00412	0.01325
2	0.02132	0.02315	0.02404	0.03057	0.26514	0.20357	0.01762	0.02472	0.02129	0.02487	0.03785	0.03920	0.20575	0.01257	0.00893	0.00260	0.01009	0.01044	0.00554	0.01073
3	0.01786	0.01357	0.01881	0.02105	0.12520	0.01474	0.01385	0.11584	0.02015	0.02907	0.02354	0.05959	0.02098	0.03748	0.32498	0.00813	0.01551	0.00938	0.10022	0.01001
4	0.01277	0.00877	0.01025	0.01074	0.01158	0.00876	0.00695	0.01517	0.04708	0.02157	0.03731	0.23886	0.07191	0.33033	0.05300	0.00602	0.00735	0.01582	0.07901	0.00677
5	0.14336	0.02555	0.06778	0.20117	0.09449	0.20604	0.01909	0.02774	0.01977	0.05468	0.01706	0.05439	0.01422	0.00965	0.00802	0.00266	0.01146	0.00749	0.00488	0.01051
6	0.06155	0.13151	0.02875	0.13637	0.16214	0.05172	0.01838	0.15367	0.02435	0.03304	0.09566	0.02542	0.02169	0.00985	0.00818	0.00254	0.00949	0.00804	0.00586	0.01179
7	0.14760	0.07451	0.06357	0.02083	0.05351	0.29871	0.01641	0.06424	0.12661	0.02935	0.01766	0.01899	0.01390	0.00921	0.00760	0.00249	0.01155	0.00642	0.00552	0.01131
8	0.02705	0.02141	0.02226	0.01739	0.02362	0.05469	0.01390	0.35602	0.06291	0.04238	0.02072	0.02419	0.01649	0.07684	0.01168	0.00289	0.00895	0.00770	0.00736	0.18156
9	0.02051	0.02417	0.13290	0.11933	0.13191	0.06376	0.02001	0.05811	0.07965	0.02909	0.01779	0.02088	0.01388	0.00824	0.00792	0.00230	0.00985	0.00683	0.00509	0.22776
10	0.02238	0.27012	0.05689	0.01861	0.05073	0.11082	0.01547	0.03194	0.19619	0.02611	0.02387	0.02491	0.04572	0.01382	0.05400	0.00323	0.01046	0.00751	0.00564	0.01158
11	0.01245	0.00874	0.01079	0.01079	0.01145	0.00910	0.00703	0.01352	0.01359	0.01837	0.03063	0.05231	0.07194	0.46134	0.22214	0.00969	0.01254	0.01211	0.00531	0.00617
12	0.02325	0.02296	0.02072	0.02061	0.05542	0.19310	0.01560	0.07413	0.20886	0.03019	0.03055	0.04584	0.02780	0.01434	0.00951	0.00303	0.01003	0.17572	0.00718	0.01117
13	0.28524	0.11534	0.27759	0.01736	0.02577	0.02066	0.01938	0.02561	0.01765	0.03161	0.07490	0.02091	0.01751	0.00905	0.00709	0.00262	0.00934	0.00651	0.00489	0.01096
14	0.02774	0.13859	0.15295	0.01974	0.02780	0.02571	0.01900	0.31927	0.08146	0.07347	0.02039	0.02075	0.01484	0.00967	0.00814	0.00256	0.00987	0.00727	0.00702	0.01376
15	0.02810	0.35965	0.03488	0.01882	0.02475	0.35643	0.01592	0.03061	0.02133	0.02095	0.01283	0.01489	0.01122	0.00825	0.00677	0.00206	0.01263	0.00516	0.00413	0.01064
16	0.14559	0.01901	0.08491	0.03024	0.28669	0.01656	0.01839	0.02248	0.01885	0.02882	0.03669	0.03827	0.19507	0.01208	0.00853	0.00273	0.00824	0.01023	0.00555	0.01107
17	0.02674	0.02082	0.02268	0.01757	0.02442	0.02160	0.01427	0.33940	0.13568	0.04397	0.02188	0.02213	0.01633	0.00953	0.00809	0.00229	0.00821	0.00742	0.00771	0.22928
18	0.02238	0.02081	0.02502	0.05934	0.12756	0.07687	0.05487	0.08401	0.26863	0.03348	0.06845	0.02859	0.02359	0.01043	0.00876	0.00268	0.00902	0.00901	0.00698	0.05953
19	0.02257	0.14542	0.12808	0.09831	0.28206	0.12792	0.02366	0.02767	0.01983	0.02519	0.01498	0.01898	0.01230	0.00809	0.00793	0.00247	0.01158	0.00667	0.00410	0.01220
20	0.01695	0.01659	0.01662	0.08679	0.05680	0.09625	0.01254	0.02461	0.15143	0.02623	0.05530	0.05391	0.32026	0.01592	0.00942	0.00283	0.00753	0.01315	0.00713	0.00973
21	0.01302	0.00917	0.01316	0.01316	0.01478	0.01050	0.01020	0.01627	0.01464	0.02205	0.02411	0.03401	0.02189	0.05733	0.56335	0.01226	0.02054	0.00917	0.11256	0.00784
22	0.06355	0.01511	0.05663	0.12184	0.02465	0.01420	0.01348	0.04936	0.09789	0.05735	0.08857	0.05152	0.22071	0.04459	0.01084	0.00317	0.00734	0.04227	0.00718	0.00976
23	0.02284	0.02814	0.21989	0.02894	0.03819	0.02014	0.30822	0.03007	0.02038	0.13499	0.01970	0.02290	0.01397	0.00859	0.01028	0.00289	0.04328	0.00878	0.00528	0.01253
24	0.04781	0.07344	0.41206	0.02880	0.14445	0.09200	0.02777	0.02812	0.01921	0.02714	0.01523	0.01830	0.01152	0.00822	0.00805	0.00262	0.01233	0.00644	0.00396	0.01253
25	0.02103	0.10605	0.40626	0.02323	0.03264	0.14050	0.02626	0.02809	0.01897	0.02505	0.01445	0.01756	0.01114	0.00909	0.01014	0.00269	0.08491	0.00625	0.00385	0.01185
26	0.02355	0.01793	0.02173	0.01807	0.02267	0.01913	0.05536	0.32460	0.05204	0.03986	0.03020	0.23428	0.02966	0.05430	0.01162	0.00328	0.00836	0.01373	0.00803	0.01159
27	0.02204	0.05950	0.01939	0.01747	0.06312	0.18392	0.01258	0.10823	0.02383	0.02925	0.03921	0.03968	0.19689	0.01307	0.00833	0.00247	0.00879	0.01022	0.13203	0.00998
28	0.02054	0.02247	0.01882	0.01964	0.08018	0.25521	0.01348	0.02353	0.02148	0.02452	0.13160	0.04031	0.14065	0.02258	0.12215	0.00454	0.01252	0.01052	0.00602	0.00925
29	0.02014	0.49656	0.03642	0.01466	0.02039	0.02759	0.01375	0.02303	0.01664	0.02044	0.01542	0.01994	0.01431	0.02446	0.19716	0.00543	0.01344	0.00604	0.00401	0.01020

[dist]
# distance from previous block
# <min> <max>
0	1

[block]
# block no. 1 follows, 20 sequences, length 7
# corresponding to MSA columns:
# 42-48
name=unknown_B
#
# <colnr> <probs for GDERKNQSTAVLIFYWHMCP>
#	G	D	E	R	K	N	Q	S	T	A	V	L	I	F	Y	W	H	M	C	P
0	0.21283	0.30507	0.12083	0.01537	0.02245	0.02510	0.01540	0.06157	0.01931	0.03020	0.08297	0.02086	0.01892	0.00910	0.00666	0.00236	0.00861	0.00639	0.00513	0.01088
1	0.08777	0.07748	0.21818	0.01810	0.02553	0.01976	0.01845	0.03269	0.21975	0.06373	0.08260	0.02986	0.04787	0.01094	0.00830	0.00276	0.00864	0.00874	0.00666	0.01220
2	0.01441	0.01239	0.01546	0.07655	0.07651	0.01261	0.01185	0.02180	0.14001	0.02738	0.11023	0.12831	0.28348	0.01769	0.00981	0.00296	0.00617	0.01521	0.00765	0.00951
3	0.01687	0.29029	0.02504	0.01231	0.01731	0.02000	0.01080	0.02184	0.08665	0.02378	0.05146	0.04976	0.31353	0.01500	0.00823	0.00251	0.00669	0.01187	0.00641	0.00964
4	0.01845	0.01548	0.01482	0.01316	0.01627	0.07794	0.00974	0.14601	0.02390	0.03022	0.13124	0.05378	0.20410	0.18556	0.01824	0.00415	0.00766	0.01299	0.00739	0.00888
5	0.02349	0.15145	0.02384	0.01705	0.02131	0.31558	0.01351	0.02612	0.02162	0.02279	0.08810	0.03235	0.11144	0.01728	0.07442	0.00353	0.01249	0.00873	0.00542	0.00948
6	0.02799	0.09987	0.02659	0.02080	0.02491	0.36342	0.01651	0.09921	0.02387	0.02606	0.05169	0.01981	0.01603	0.01071	0.01172	0.00257	0.13579	0.00678	0.00511	0.01057

[dist]
# distance from previous block
# <min> <max>
3	8

[block]
# block no. 2 follows, 20 sequences, length 13
# corresponding to MSA columns:
# 57-69
name=unknown_C
#
# <colnr> <probs for GDERKNQSTAVLIFYWHMCP>
#	G	D	E	R	K	N	Q	S	T	A	V	L	I	F	Y	W	H	M	C	P
0	0.01882	0.02815	0.29023	0.07650	0.09998	0.01750	0.02291	0.02739	0.07738	0.06380	0.02249	0.09873	0.01914	0.01077	0.00858	0.00270	0.01001	0.00916	0.00536	0.09041
1	0.01792	0.02075	0.06816	0.01985	0.08880	0.16413	0.01452	0.02119	0.02032	0.02397	0.04406	0.17328	0.18862	0.01751	0.00974	0.00296	0.00899	0.07957	0.00646	0.00921
2	0.08227	0.12215	0.02404	0.08105	0.02583	0.24920	0.01485	0.03066	0.12103	0.02738	0.11440	0.02662	0.02481	0.01053	0.00797	0.00249	0.01042	0.00791	0.00592	0.01049
3	0.10419	0.03026	0.29876	0.03189	0.23509	0.01948	0.02559	0.02884	0.01926	0.10077	0.01769	0.02031	0.01302	0.00838	0.00814	0.00269	0.01072	0.00697	0.00491	0.01304
4	0.02294	0.44582	0.20107	0.01847	0.02698	0.10818	0.01970	0.02759	0.01877	0.02249	0.01322	0.01537	0.01116	0.00787	0.00658	0.00215	0.01106	0.00525	0.00381	0.01150
5	0.01282	0.00995	0.01115	0.01139	0.01346	0.00966	0.00835	0.01720	0.08555	0.02357	0.05693	0.11742	0.27505	0.19764	0.01942	0.00460	0.00637	0.10441	0.00744	0.00763
6	0.10528	0.19722	0.02767	0.12769	0.12124	0.09302	0.01625	0.02390	0.01887	0.02487	0.02815	0.03034	0.13150	0.01077	0.00771	0.00249	0.00934	0.00840	0.00496	0.01029
7	0.01392	0.00853	0.01048	0.01048	0.01154	0.00896	0.00727	0.01573	0.01467	0.02250	0.02565	0.04075	0.02476	0.25599	0.20127	0.06770	0.01114	0.00995	0.23198	0.00673
8	0.01642	0.01157	0.01396	0.01314	0.01603	0.01136	0.01020	0.11340	0.02465	0.05801	0.25204	0.17842	0.14242	0.01946	0.01033	0.00305	0.00582	0.08168	0.00882	0.00922
9	0.07100	0.01415	0.01698	0.01822	0.08886	0.04372	0.01192	0.08440	0.01790	0.02556	0.02221	0.03567	0.02161	0.23027	0.25124	0.00839	0.01435	0.00947	0.00531	0.00878
10	0.24574	0.14430	0.35297	0.01910	0.02878	0.02240	0.02235	0.02676	0.01720	0.03000	0.01399	0.01638	0.01058	0.00809	0.00695	0.00259	0.01041	0.00562	0.00422	0.01155
11	0.02609	0.12504	0.15474	0.02204	0.02790	0.34314	0.02009	0.02995	0.02066	0.02246	0.01341	0.01660	0.01123	0.00967	0.01105	0.00256	0.12255	0.00599	0.00412	0.01073
12	0.02507	0.02733	0.12842	0.02756	0.15401	0.14253	0.05264	0.10244	0.05034	0.09134	0.09056	0.02628	0.02221	0.01004	0.00875	0.00262	0.01080	0.00840	0.00624	0.01241

[dist]
# distance from previous block
# <min> <max>
10	16

[block]
# block no. 3 follows, 20 sequences, length 95
# corresponding to MSA columns:
# 86-180
name=unknown_D
#
# <colnr> <probs for GDERKNQSTAVLIFYWHMCP>
#	G	D	E	R	K	N	Q	S	T	A	V	L	I	F	Y	W	H	M	C	P
0	0.05161	0.06758	0.14391	0.01997	0.02586	0.36124	0.01783	0.02913	0.02259	0.02520	0.10521	0.02597	0.04711	0.01055	0.00819	0.00244	0.01242	0.00767	0.00521	0.01030
1	0.02131	0.15247	0.21629	0.02117	0.05838	0.17758	0.02008	0.02619	0.01991	0.02384	0.02666	0.02828	0.11726	0.01097	0.00907	0.00255	0.04437	0.00808	0.00468	0.01085
2	0.02234	0.02906	0.13332	0.06121	0.16877	0.21584	0.02025	0.05063	0.02187	0.02596	0.02927	0.03121	0.13136	0.01114	0.00866	0.00260	0.01137	0.00891	0.00514	0.01110
3	0.05534	0.08895	0.01541	0.01142	0.01412	0.07965	0.00851	0.02167	0.01736	0.06243	0.02434	0.03540	0.02224	0.22532	0.01844	0.00414	0.00758	0.00879	0.27064	0.00825
4	0.09203	0.01796	0.01975	0.01922	0.08446	0.05065	0.01355	0.17272	0.07200	0.08922	0.06311	0.10442	0.10064	0.01347	0.00880	0.00272	0.00776	0.01109	0.00764	0.04879
5	0.02626	0.03024	0.02913	0.02412	0.02942	0.33482	0.15192	0.06197	0.08298	0.02599	0.01826	0.02178	0.01473	0.01599	0.08951	0.00396	0.01524	0.00770	0.00516	0.01082
6	0.01853	0.01716	0.01546	0.01527	0.04904	0.14096	0.01081	0.05027	0.02280	0.05922	0.16380	0.05624	0.28391	0.04491	0.01100	0.00295	0.00754	0.01350	0.00751	0.00910
7	0.04972	0.01435	0.01677	0.05387	0.01960	0.04760	0.04628	0.09564	0.02010	0.03016	0.02427	0.06354	0.02160	0.11442	0.04798	0.00399	0.04320	0.00946	0.26843	0.00904
8	0.01097	0.00850	0.00925	0.00964	0.01138	0.00759	0.00657	0.01249	0.01746	0.02164	0.06529	0.19265	0.37260	0.19253	0.01907	0.00445	0.00556	0.01819	0.00739	0.00679
9	0.01922	0.01289	0.01422	0.01275	0.01581	0.01329	0.00954	0.17894	0.02341	0.03408	0.03016	0.18356	0.02920	0.10153	0.01291	0.00333	0.00649	0.01235	0.23933	0.04700
10	0.03050	0.03777	0.02620	0.02652	0.10610	0.54480	0.01825	0.03311	0.02353	0.02226	0.01376	0.01665	0.01158	0.00914	0.00898	0.00237	0.04748	0.00600	0.00444	0.01056
11	0.01374	0.01060	0.01174	0.01165	0.01386	0.01046	0.00836	0.05239	0.08502	0.02521	0.05452	0.18285	0.25114	0.17796	0.01825	0.00438	0.00625	0.04604	0.00756	0.00802
12	0.02416	0.03378	0.14016	0.01964	0.02541	0.35885	0.01735	0.02901	0.05187	0.02379	0.03180	0.03239	0.15213	0.01194	0.00854	0.00254	0.01221	0.00886	0.00536	0.01021
13	0.02172	0.02920	0.15643	0.13684	0.15694	0.14296	0.14286	0.02770	0.01992	0.02545	0.01555	0.02037	0.01218	0.00856	0.00980	0.00274	0.04740	0.00760	0.00415	0.01162
14	0.01165	0.00891	0.01068	0.01116	0.01327	0.00810	0.00853	0.01445	0.02027	0.02618	0.19809	0.15609	0.29368	0.05607	0.01246	0.00346	0.00532	0.12578	0.00829	0.00755
15	0.02892	0.17685	0.02927	0.02160	0.05572	0.37604	0.01654	0.10292	0.02437	0.02564	0.01486	0.01741	0.01244	0.01218	0.04665	0.00294	0.01379	0.00602	0.00486	0.01097
16	0.01561	0.01167	0.01424	0.01347	0.01611	0.01214	0.01026	0.12804	0.02217	0.02981	0.11790	0.20119	0.13892	0.03244	0.18774	0.00603	0.01071	0.01511	0.00747	0.00895
17	0.02159	0.02073	0.03541	0.05354	0.63903	0.02073	0.02677	0.02677	0.01986	0.02850	0.01641	0.02159	0.01382	0.00777	0.00864	0.00259	0.01036	0.00777	0.00432	0.01382
18	0.02027	0.01410	0.01585	0.01358	0.01734	0.01488	0.01075	0.22095	0.02733	0.03887	0.17652	0.04060	0.08173	0.01874	0.07562	0.00371	0.00800	0.01081	0.17998	0.01036
19	0.01266	0.00922	0.01062	0.01022	0.01302	0.00806	0.00781	0.01566	0.02182	0.05969	0.27287	0.07525	0.38771	0.02012	0.01030	0.00291	0.00462	0.04060	0.00876	0.00808
20	0.01119	0.00783	0.00996	0.01143	0.01179	0.00746	0.00733	0.01229	0.01560	0.02080	0.04244	0.51511	0.05058	0.20967	0.02024	0.00489	0.00599	0.02148	0.00733	0.00659
21	0.01647	0.01550	0.02616	0.67248	0.06008	0.01938	0.02422	0.02229	0.01744	0.02229	0.01550	0.02326	0.01163	0.00872	0.00872	0.00291	0.01163	0.00775	0.00388	0.00969
22	0.01239	0.00871	0.01127	0.01142	0.01213	0.00917	0.00768	0.01385	0.01416	0.01954	0.05963	0.10983	0.03336	0.37392	0.25527	0.00964	0.01314	0.01283	0.00556	0.00649
23	0.02004	0.01099	0.01396	0.01320	0.01624	0.01029	0.01019	0.02372	0.05138	0.19418	0.07503	0.15212	0.11535	0.12699	0.01573	0.00404	0.00678	0.12176	0.00849	0.00954
24	0.03778	0.01455	0.01981	0.01529	0.02180	0.01259	0.01259	0.04119	0.02495	0.61424	0.06474	0.03148	0.02466	0.01115	0.00885	0.00270	0.00726	0.00913	0.01074	0.01451
25	0.02173	0.51979	0.21065	0.01765	0.02659	0.03061	0.01966	0.02653	0.01791	0.02247	0.01309	0.01520	0.01115	0.00769	0.00633	0.00211	0.01030	0.00515	0.00372	0.01166
26	0.01802	0.00983	0.01001	0.00937	0.01192	0.01010	0.00719	0.08167	0.02066	0.03486	0.02767	0.03132	0.02158	0.01019	0.00637	0.00209	0.00464	0.00810	0.66560	0.00883
27	0.02367	0.01575	0.01669	0.01385	0.01793	0.01697	0.01087	0.29355	0.02816	0.04102	0.02484	0.03019	0.02002	0.09526	0.01208	0.00310	0.00718	0.00857	0.30938	0.01089
28	0.03316	0.02443	0.02618	0.02007	0.02705	0.02705	0.01658	0.60995	0.04101	0.05497	0.02094	0.02094	0.01483	0.01047	0.00873	0.00262	0.00960	0.00785	0.00873	0.01483
29	0.01248	0.00842	0.00980	0.01000	0.01012	0.00845	0.00584	0.01278	0.01314	0.01760	0.02924	0.11626	0.03369	0.59771	0.07253	0.00827	0.00889	0.01367	0.00552	0.00559
30	0.01053	0.00798	0.00972	0.01110	0.01238	0.00717	0.00763	0.01226	0.01770	0.02268	0.06079	0.49720	0.24004	0.02568	0.01087	0.00335	0.00486	0.02278	0.00810	0.00717
31	0.01626	0.00813	0.00813	0.00813	0.01016	0.00813	0.00610	0.02033	0.01829	0.03252	0.02846	0.03252	0.02236	0.01016	0.00610	0.00203	0.00407	0.00813	0.74187	0.00813
32	0.03825	0.01504	0.02022	0.01563	0.02229	0.01327	0.01287	0.04271	0.05546	0.61406	0.03447	0.02984	0.02185	0.01085	0.00878	0.00271	0.00740	0.00883	0.01070	0.01479
33	0.01235	0.00892	0.01166	0.01097	0.01303	0.00823	0.00823	0.01646	0.02469	0.03498	0.63443	0.06516	0.08230	0.01783	0.01029	0.00274	0.00412	0.01578	0.00960	0.00823
34	0.47866	0.01399	0.01179	0.01066	0.01508	0.01555	0.00859	0.02498	0.01654	0.07365	0.01864	0.02090	0.01425	0.00891	0.00582	0.00249	0.00594	0.00604	0.23815	0.00936
35	0.01157	0.00905	0.01071	0.01165	0.01395	0.00819	0.00925	0.01427	0.01950	0.02421	0.06896	0.17415	0.36362	0.02348	0.01099	0.00338	0.00568	0.20177	0.00808	0.00754
36	0.01515	0.00758	0.01136	0.01136	0.01136	0.00758	0.00758	0.01136	0.01136	0.01515	0.01515	0.02652	0.01515	0.03030	0.03409	0.74621	0.00758	0.00758	0.00379	0.00379
37	0.75506	0.01687	0.01282	0.01147	0.01687	0.01957	0.00945	0.02564	0.01484	0.03914	0.01215	0.01417	0.00945	0.00810	0.00540	0.00270	0.00675	0.00472	0.00540	0.00945
38	0.01210	0.00989	0.01081	0.01040	0.01329	0.00911	0.00785	0.01721	0.08409	0.02831	0.24537	0.07301	0.40753	0.01976	0.01015	0.00289	0.00459	0.01674	0.00863	0.00829
39	0.01063	0.00759	0.01012	0.01215	0.01265	0.00709	0.00810	0.01215	0.01670	0.02227	0.04808	0.68775	0.05769	0.02733	0.01113	0.00354	0.00506	0.02480	0.00810	0.00709
40	0.01998	0.32389	0.39125	0.02062	0.03120	0.02634	0.02485	0.02698	0.01812	0.02460	0.01415	0.01653	0.01111	0.00794	0.00714	0.00238	0.01137	0.00569	0.00370	0.01217
41	0.02321	0.59971	0.10503	0.01631	0.02416	0.06488	0.01676	0.02671	0.01815	0.02128	0.01255	0.01452	0.01118	0.00762	0.00598	0.00197	0.01001	0.00489	0.00377	0.01131
42	0.01078	0.00885	0.00949	0.00933	0.01207	0.00756	0.00700	0.01343	0.02099	0.02620	0.21424	0.07962	0.50797	0.02111	0.01030	0.00290	0.00435	0.01780	0.00845	0.00756
43	0.01184	0.00810	0.00976	0.01059	0.01080	0.00789	0.00644	0.01246	0.01433	0.01911	0.03594	0.31608	0.04238	0.41989	0.03074	0.00644	0.00706	0.01766	0.00644	0.00602
44	0.01509	0.01392	0.02165	0.43116	0.04354	0.01680	0.01911	0.01948	0.01741	0.02238	0.03097	0.09705	0.12511	0.01346	0.01113	0.00306	0.07338	0.01124	0.00501	0.00902
45	0.01057	0.00861	0.00939	0.00995	0.01229	0.00743	0.00733	0.01271	0.01917	0.02339	0.07707	0.22255	0.47449	0.02339	0.01058	0.00313	0.00474	0.04776	0.00810	0.00733
46	0.01099	0.00813	0.01036	0.01200	0.01316	0.00751	0.00856	0.01295	0.01773	0.02299	0.05555	0.49899	0.16727	0.02592	0.01109	0.00349	0.00531	0.09264	0.00809	0.00726
47	0.03354	0.02381	0.02579	0.01978	0.02674	0.02613	0.01634	0.57330	0.03998	0.09308	0.02181	0.02151	0.01527	0.01049	0.00873	0.00262	0.00946	0.00791	0.00886	0.01483
48	0.02366	0.18405	0.10953	0.03507	0.30396	0.14936	0.02275	0.02831	0.02015	0.02515	0.01475	0.01830	0.01237	0.00800	0.00774	0.00238	0.01149	0.00647	0.00414	0.01237
49	0.10017	0.38434	0.14682	0.01780	0.02546	0.14972	0.01784	0.02801	0.01889	0.02390	0.01302	0.01514	0.01099	0.00797	0.00649	0.00219	0.01093	0.00517	0.00404	0.01111
50	0.02992	0.23516	0.03129	0.01975	0.02561	0.35076	0.01622	0.14222	0.02574	0.02753	0.01450	0.01621	0.01191	0.00882	0.00735	0.00220	0.01264	0.00576	0.00508	0.01134
51	0.01727	0.01526	0.01625	0.01496	0.01718	0.07973	0.01156	0.05097	0.05429	0.02473	0.03266	0.03938	0.12112	0.09439	0.18462	0.00633	0.12011	0.01034	0.08009	0.00876
52	0.01290	0.00992	0.01457	0.01432	0.01569	0.01178	0.01110	0.01575	0.01390	0.02010	0.02284	0.03465	0.02173	0.09970	0.58146	0.01303	0.06472	0.00943	0.00465	0.00775
53	0.01602	0.00992	0.01172	0.01067	0.01402	0.00859	0.00821	0.01902	0.02226	0.13674	0.24705	0.06859	0.35678	0.01879	0.01003	0.00284	0.00485	0.01590	0.00904	0.00895
54	0.01929	0.01756	0.02913	0.07210	0.44210	0.01774	0.02317	0.02418	0.01981	0.02755	0.02452	0.04269	0.02367	0.01228	0.00957	0.00300	0.00978	0.16450	0.00531	0.01204
55	0.01129	0.00787	0.00992	0.01129	0.01163	0.00753	0.00719	0.01232	0.01540	0.02053	0.04140	0.48324	0.04927	0.24333	0.02192	0.00514	0.00616	0.02087	0.00719	0.00650
56	0.01276	0.00901	0.01233	0.01233	0.01346	0.01001	0.00895	0.01501	0.01388	0.02001	0.02489	0.04090	0.02477	0.24754	0.43799	0.01165	0.01780	0.01026	0.04939	0.00707
57	0.01246	0.00935	0.01402	0.01402	0.01558	0.01090	0.01090	0.01558	0.01402	0.02025	0.02336	0.03427	0.02181	0.06542	0.65888	0.01402	0.02336	0.00935	0.00467	0.00779
58	0.01246	0.00935	0.01402	0.01402	0.01558	0.01090	0.01090	0.01558	0.01402	0.02025	0.02336	0.03427	0.02181	0.06542	0.65888	0.01402	0.02336	0.00935	0.00467	0.00779
59	0.01134	0.00803	0.00977	0.01086	0.01143	0.00761	0.00693	0.01238	0.01557	0.02047	0.04474	0.39864	0.10713	0.26724	0.02306	0.00526	0.00622	0.01978	0.00708	0.00646
60	0.01141	0.00846	0.00912	0.00950	0.01140	0.00757	0.00663	0.01333	0.01792	0.02321	0.06410	0.18939	0.35868	0.13198	0.01560	0.00386	0.00517	0.01756	0.08806	0.00705
61	0.01286	0.00844	0.00944	0.00944	0.00955	0.00844	0.00533	0.01306	0.01296	0.01769	0.02753	0.05586	0.03125	0.65950	0.04249	0.00814	0.00824	0.01246	0.04188	0.00543
62	0.02866	0.01876	0.02110	0.01758	0.02340	0.02029	0.01407	0.15309	0.34813	0.20662	0.03242	0.02954	0.02299	0.01129	0.00882	0.00282	0.00756	0.00918	0.00937	0.01429
63	0.01048	0.00869	0.00917	0.00937	0.01197	0.00739	0.00691	0.01273	0.01981	0.02415	0.11878	0.15550	0.53014	0.02245	0.01041	0.00300	0.00448	0.01901	0.00820	0.00739
64	0.01044	0.00833	0.00936	0.01020	0.01214	0.00725	0.00723	0.01237	0.01858	0.02303	0.07182	0.33191	0.39821	0.02424	0.01065	0.00319	0.00468	0.02103	0.00810	0.00725
65	0.01287	0.00844	0.00944	0.00944	0.00955	0.00844	0.00533	0.01308	0.01297	0.01772	0.02753	0.05582	0.03123	0.65819	0.04242	0.00813	0.00823	0.01245	0.04329	0.00543
66	0.02824	0.01673	0.01964	0.01678	0.02228	0.01756	0.01343	0.04335	0.35368	0.27821	0.03563	0.03484	0.02585	0.01206	0.00900	0.00291	0.00717	0.03915	0.00960	0.01392
67	0.02841	0.02051	0.02209	0.01750	0.02356	0.02209	0.01427	0.42538	0.07362	0.08303	0.03558	0.03426	0.13471	0.01280	0.00904	0.00271	0.00830	0.01006	0.00874	0.01334
68	0.01131	0.00812	0.00968	0.01062	0.01137	0.00763	0.00683	0.01240	0.01582	0.02057	0.04777	0.35507	0.15001	0.26559	0.02293	0.00520	0.00617	0.01932	0.00709	0.00649
69	0.02187	0.01604	0.01824	0.01678	0.02122	0.01748	0.01355	0.07138	0.34528	0.10124	0.03983	0.05012	0.06263	0.01513	0.00970	0.00316	0.00727	0.14800	0.00883	0.01225
70	0.01553	0.00813	0.00840	0.00852	0.01024	0.00810	0.00613	0.01900	0.01758	0.03019	0.02953	0.07459	0.02551	0.08608	0.01060	0.00283	0.00461	0.00963	0.61704	0.00776
71	0.03330	0.01866	0.02193	0.01742	0.02382	0.01920	0.01419	0.21617	0.16777	0.32511	0.03056	0.02768	0.02070	0.01094	0.00878	0.00273	0.00797	0.00874	0.00972	0.01460
72	0.01305	0.00851	0.00976	0.00963	0.01026	0.00837	0.00595	0.01433	0.01566	0.02225	0.14369	0.05567	0.04026	0.48189	0.03326	0.00659	0.00710	0.01273	0.09488	0.00619
73	0.03258	0.04157	0.02472	0.02247	0.02697	0.65843	0.01685	0.03483	0.02472	0.02135	0.01348	0.01573	0.01124	0.00899	0.00787	0.00225	0.01573	0.00562	0.00449	0.01011
74	0.01081	0.00799	0.01007	0.01145	0.01246	0.00746	0.00780	0.01246	0.01689	0.02205	0.05298	0.49249	0.16438	0.07162	0.05182	0.00437	0.00625	0.02187	0.00771	0.00706
75	0.01269	0.00927	0.01366	0.01366	0.01525	0.01074	0.01061	0.01586	0.01428	0.02099	0.02367	0.03416	0.02184	0.06210	0.61965	0.01330	0.02220	0.00927	0.04898	0.00781
76	0.01460	0.01066	0.01228	0.01227	0.01375	0.01093	0.00831	0.07278	0.07570	0.02479	0.03851	0.29172	0.06998	0.27650	0.02326	0.00523	0.00693	0.01683	0.00717	0.00780
77	0.03188	0.02829	0.02498	0.02033	0.02631	0.19889	0.01623	0.42281	0.03534	0.04414	0.02025	0.05265	0.01598	0.01090	0.00861	0.00256	0.01105	0.00808	0.00754	0.01316
78	0.02107	0.09540	0.14048	0.04466	0.47284	0.02208	0.02646	0.02685	0.01939	0.02752	0.01583	0.02026	0.01307	0.00783	0.00826	0.00254	0.01068	0.00722	0.00415	0.01339
79	0.02230	0.01821	0.02091	0.13418	0.02786	0.06834	0.01542	0.21281	0.02475	0.03358	0.02042	0.02552	0.01643	0.02354	0.16656	0.00539	0.04754	0.00805	0.09745	0.01074
80	0.02417	0.11343	0.28611	0.02050	0.02932	0.08741	0.02179	0.03425	0.13576	0.13051	0.02192	0.02218	0.01582	0.00936	0.00811	0.00263	0.01070	0.00719	0.00595	0.01290
81	0.02157	0.16629	0.03566	0.06255	0.03040	0.06406	0.15370	0.06237	0.01871	0.02475	0.01461	0.01996	0.01255	0.01323	0.04760	0.00349	0.22587	0.00760	0.00434	0.01070
82	0.01864	0.01820	0.07391	0.22163	0.25134	0.01706	0.02148	0.02386	0.01988	0.06404	0.09221	0.03357	0.08559	0.01086	0.00900	0.00276	0.00945	0.00971	0.00550	0.01131
83	0.03193	0.03494	0.02524	0.05527	0.02870	0.43065	0.01715	0.21163	0.02937	0.03177	0.01589	0.01773	0.01237	0.00943	0.00817	0.00240	0.01363	0.00642	0.00577	0.01155
84	0.16482	0.06373	0.02593	0.02802	0.19178	0.30360	0.01771	0.02967	0.02116	0.02720	0.04004	0.01903	0.01459	0.00878	0.00759	0.00243	0.01174	0.00642	0.00479	0.01098
85	0.01375	0.00879	0.01129	0.01129	0.01274	0.00956	0.00834	0.01663	0.01519	0.02370	0.02576	0.03768	0.02372	0.15707	0.33674	0.00910	0.01441	0.00953	0.24722	0.00746
86	0.01710	0.01470	0.05187	0.01384	0.01787	0.04477	0.01184	0.02267	0.08342	0.09355	0.05895	0.06849	0.29988	0.01874	0.01014	0.00312	0.00694	0.14461	0.00801	0.00948
87	0.01389	0.00866	0.01066	0.01066	0.01197	0.00923	0.00763	0.01650	0.01519	0.02376	0.02633	0.03988	0.02472	0.21744	0.25558	0.00818	0.01233	0.00982	0.27033	0.00723
88	0.02726	0.12165	0.20378	0.02184	0.02946	0.30375	0.02092	0.11984	0.02456	0.02817	0.01507	0.01707	0.01173	0.00883	0.00783	0.00240	0.01319	0.00608	0.00482	0.01176
89	0.02246	0.50113	0.19040	0.01778	0.02638	0.06834	0.01923	0.02700	0.01831	0.02229	0.01306	0.01517	0.01116	0.00775	0.00638	0.00211	0.01057	0.00515	0.00377	0.01154
90	0.01575	0.01428	0.01447	0.01591	0.04488	0.10325	0.01090	0.04756	0.02014	0.02521	0.08037	0.41809	0.08244	0.02180	0.01036	0.00320	0.00714	0.04834	0.00753	0.00838
91	0.01750	0.04512	0.64825	0.02486	0.03775	0.02026	0.03223	0.02762	0.01842	0.02762	0.01565	0.01842	0.01105	0.00829	0.00829	0.00276	0.01289	0.00645	0.00368	0.01289
92	0.02839	0.02586	0.02154	0.04514	0.02450	0.22711	0.01457	0.26318	0.02951	0.03754	0.02003	0.02202	0.01527	0.00985	0.00784	0.00237	0.01040	0.00719	0.17616	0.01154
93	0.01955	0.02009	0.03666	0.10304	0.11293	0.02021	0.27104	0.02502	0.01865	0.02650	0.01597	0.02157	0.01282	0.00849	0.01173	0.00269	0.10499	0.00832	0.00441	0.15533
94	0.05438	0.02289	0.23699	0.01634	0.02314	0.01354	0.01721	0.02402	0.02096	0.12272	0.18837	0.07400	0.12188	0.01399	0.00916	0.00281	0.00793	0.01170	0.00720	0.01076

[dist]
# distance from previous block
# <min> <max>
0	0

# created by:
# /home/cegg/simao/soft/augustus-3.2.1/scripts/msa2prfl.pl ./align_prep/14646.fa
