[name]
unknown

[dist]
# distance from previous block
# <min> <max>
0	66

[block]
# block no. 0 follows, 22 sequences, length 73
# corresponding to MSA columns:
# 66-138
name=unknown_A
#
# <colnr> <probs for GDERKNQSTAVLIFYWHMCP>
#	G	D	E	R	K	N	Q	S	T	A	V	L	I	F	Y	W	H	M	C	P
0	0.01339	0.00956	0.01339	0.01530	0.01721	0.00956	0.01339	0.01721	0.01912	0.02486	0.04399	0.09371	0.04781	0.02295	0.01147	0.00382	0.00765	0.60031	0.00765	0.00765
1	0.01253	0.01211	0.01052	0.01045	0.01327	0.08645	0.00788	0.01468	0.01933	0.02224	0.07175	0.10520	0.51632	0.01991	0.00966	0.00280	0.00569	0.04454	0.00730	0.00734
2	0.27862	0.06333	0.06257	0.02419	0.17515	0.17972	0.01629	0.02628	0.01780	0.02783	0.01322	0.01641	0.01089	0.00889	0.00803	0.04063	0.00990	0.00565	0.00441	0.01019
3	0.19979	0.02381	0.02388	0.02281	0.09849	0.21353	0.08200	0.02703	0.01848	0.04978	0.01476	0.01812	0.01192	0.00899	0.00982	0.00255	0.10129	0.00641	0.05651	0.01003
4	0.01101	0.00786	0.00993	0.01063	0.01150	0.00751	0.00715	0.01274	0.01659	0.02243	0.16678	0.33674	0.08908	0.19153	0.05564	0.00488	0.00637	0.01784	0.00717	0.00661
5	0.03189	0.02277	0.02462	0.01887	0.02551	0.02501	0.01559	0.59606	0.03822	0.08601	0.02065	0.02041	0.01448	0.00999	0.00831	0.00250	0.00903	0.00753	0.00842	0.01413
6	0.01352	0.00888	0.01167	0.01075	0.01302	0.00814	0.00814	0.01739	0.02353	0.07684	0.60898	0.05972	0.07438	0.01652	0.00970	0.00261	0.00414	0.01456	0.00922	0.00827
7	0.02772	0.01690	0.01985	0.01654	0.02174	0.01758	0.01381	0.30455	0.02936	0.19375	0.02929	0.04047	0.02425	0.01318	0.00896	0.00281	0.00800	0.15168	0.04733	0.01223
8	0.00994	0.00842	0.00858	0.00854	0.01130	0.00706	0.00641	0.01216	0.01922	0.02312	0.11952	0.07883	0.61706	0.02079	0.00982	0.00279	0.00419	0.01738	0.00780	0.00706
9	0.02066	0.01785	0.01878	0.01691	0.02160	0.02066	0.01315	0.04414	0.64121	0.03475	0.03381	0.03099	0.02536	0.01127	0.00845	0.00282	0.00657	0.00939	0.00845	0.01315
10	0.01012	0.00723	0.00964	0.01157	0.01205	0.00675	0.00771	0.01157	0.01591	0.02121	0.04579	0.70262	0.05495	0.02603	0.01060	0.00337	0.00482	0.02362	0.00771	0.00675
11	0.01049	0.00818	0.00953	0.00975	0.01178	0.00721	0.00710	0.01302	0.01970	0.02558	0.25389	0.21212	0.34019	0.02087	0.00999	0.00287	0.00425	0.01809	0.00816	0.00721
12	0.76672	0.01607	0.01221	0.01092	0.01607	0.01864	0.00900	0.02442	0.01414	0.03727	0.01157	0.01350	0.00900	0.00771	0.00514	0.00257	0.00643	0.00450	0.00514	0.00900
13	0.01012	0.00723	0.00964	0.01157	0.01205	0.00675	0.00771	0.01157	0.01591	0.02121	0.04579	0.70262	0.05495	0.02603	0.01060	0.00337	0.00482	0.02362	0.00771	0.00675
14	0.02864	0.01437	0.01795	0.01492	0.01984	0.01388	0.01183	0.14396	0.05880	0.35615	0.03361	0.19189	0.02803	0.01413	0.00890	0.00277	0.00688	0.01198	0.00918	0.01227
15	0.03230	0.02211	0.02422	0.01857	0.02519	0.02405	0.01534	0.55410	0.03713	0.12951	0.02157	0.02100	0.01494	0.01001	0.00832	0.00250	0.00888	0.00759	0.00856	0.01413
16	0.01012	0.00723	0.00964	0.01157	0.01205	0.00675	0.00771	0.01157	0.01591	0.02121	0.04579	0.70262	0.05495	0.02603	0.01060	0.00337	0.00482	0.02362	0.00771	0.00675
17	0.01234	0.00806	0.01031	0.01087	0.01186	0.00759	0.00731	0.01407	0.01706	0.05506	0.17482	0.36772	0.05235	0.19013	0.01806	0.00431	0.00553	0.01811	0.00750	0.00694
18	0.02113	0.02083	0.03316	0.04937	0.62171	0.05559	0.02498	0.02592	0.01917	0.02677	0.01547	0.02026	0.01302	0.00747	0.00818	0.00245	0.01015	0.00729	0.00412	0.01297
19	0.02572	0.01762	0.01868	0.01498	0.01991	0.01920	0.01216	0.40680	0.03118	0.04457	0.02255	0.02396	0.01674	0.00987	0.00740	0.00229	0.00722	0.00758	0.27978	0.01180
20	0.76672	0.01607	0.01221	0.01092	0.01607	0.01864	0.00900	0.02442	0.01414	0.03727	0.01157	0.01350	0.00900	0.00771	0.00514	0.00257	0.00643	0.00450	0.00514	0.00900
21	0.01712	0.01663	0.02343	0.02040	0.02065	0.02293	0.01688	0.01913	0.01283	0.01987	0.01280	0.02059	0.01255	0.02251	0.13534	0.00526	0.58097	0.00754	0.00377	0.00881
22	0.02822	0.02563	0.02278	0.01902	0.02451	0.18185	0.01507	0.31137	0.21311	0.03938	0.02231	0.02200	0.01661	0.01001	0.00815	0.00250	0.00980	0.00753	0.00737	0.01275
23	0.01176	0.00849	0.01110	0.01045	0.01241	0.00784	0.00784	0.01568	0.02352	0.03331	0.65184	0.06206	0.07839	0.01698	0.00980	0.00261	0.00392	0.01502	0.00914	0.00784
24	0.01187	0.00890	0.01335	0.01335	0.01483	0.01038	0.01038	0.01483	0.01335	0.01928	0.02225	0.03264	0.02077	0.06231	0.67512	0.01335	0.02225	0.00890	0.00445	0.00742
25	0.01537	0.01115	0.01338	0.01341	0.01541	0.01140	0.00969	0.16255	0.02157	0.02883	0.03946	0.53556	0.04496	0.02210	0.01004	0.00316	0.00588	0.01967	0.00786	0.00855
26	0.01347	0.01178	0.01621	0.01582	0.01610	0.01451	0.01206	0.01507	0.01458	0.02070	0.03130	0.41829	0.03665	0.02125	0.01752	0.00348	0.29063	0.01683	0.00602	0.00772
27	0.01012	0.00723	0.00964	0.01157	0.01205	0.00675	0.00771	0.01157	0.01591	0.02121	0.04579	0.70262	0.05495	0.02603	0.01060	0.00337	0.00482	0.02362	0.00771	0.00675
28	0.03138	0.02917	0.02443	0.01994	0.02573	0.26046	0.01588	0.41320	0.03345	0.04077	0.01738	0.01815	0.01289	0.00946	0.00801	0.00237	0.01125	0.00671	0.00685	0.01250
29	0.03086	0.02294	0.05505	0.09770	0.02838	0.13603	0.01619	0.21058	0.02710	0.25791	0.02235	0.02215	0.01525	0.00953	0.00816	0.00250	0.00984	0.00733	0.00750	0.01265
30	0.01208	0.00805	0.00906	0.00906	0.00906	0.00805	0.00503	0.01208	0.01208	0.01611	0.02618	0.05436	0.03020	0.70804	0.04228	0.00805	0.00805	0.01208	0.00503	0.00503
31	0.02056	0.01974	0.03372	0.05099	0.65622	0.01974	0.02550	0.02550	0.01892	0.02714	0.01563	0.02056	0.01316	0.00740	0.00822	0.00247	0.00987	0.00740	0.00411	0.01316
32	0.01035	0.00739	0.00990	0.01183	0.01241	0.00694	0.00810	0.01196	0.01613	0.02146	0.04566	0.66046	0.05445	0.02581	0.01066	0.00341	0.00502	0.06354	0.00771	0.00681
33	0.23845	0.03001	0.32186	0.02269	0.03192	0.01952	0.16999	0.02583	0.01704	0.02961	0.01439	0.01754	0.01058	0.00762	0.00755	0.00265	0.01098	0.00655	0.00416	0.01105
34	0.02506	0.19717	0.03214	0.03041	0.25411	0.27924	0.01904	0.02835	0.02023	0.02262	0.01354	0.01661	0.01159	0.00778	0.00723	0.00217	0.01163	0.00587	0.00404	0.01117
35	0.02155	0.63343	0.11737	0.01534	0.02306	0.03126	0.01617	0.02505	0.01696	0.02035	0.01195	0.01383	0.01064	0.00720	0.00563	0.00188	0.00929	0.00464	0.00355	0.01085
36	0.03122	0.03415	0.02401	0.02064	0.02571	0.45822	0.01596	0.23177	0.02872	0.03101	0.01521	0.01664	0.01184	0.00903	0.00776	0.00226	0.01303	0.00606	0.00562	0.01113
37	0.01024	0.00855	0.00901	0.00923	0.01193	0.00732	0.00715	0.01255	0.01896	0.02273	0.07938	0.08158	0.58096	0.02127	0.01002	0.00293	0.00462	0.08677	0.00771	0.00709
38	0.02020	0.47070	0.26830	0.01764	0.02661	0.02796	0.02017	0.02539	0.01712	0.02199	0.01276	0.01485	0.01061	0.00739	0.00626	0.00209	0.01011	0.00506	0.00354	0.01125
39	0.02539	0.19731	0.02892	0.01977	0.02357	0.34191	0.01618	0.02757	0.01898	0.02005	0.01200	0.01545	0.01075	0.00984	0.01235	0.00246	0.19821	0.00565	0.00393	0.00973
40	0.01208	0.00805	0.00906	0.00906	0.00906	0.00805	0.00503	0.01208	0.01208	0.01611	0.02618	0.05436	0.03020	0.70804	0.04228	0.00805	0.00805	0.01208	0.00503	0.00503
41	0.02440	0.01858	0.01992	0.01666	0.02196	0.02055	0.01331	0.25418	0.31762	0.07529	0.03422	0.03218	0.08996	0.01181	0.00855	0.00268	0.00728	0.00953	0.00842	0.01289
42	0.00984	0.00833	0.00850	0.00863	0.01128	0.00699	0.00641	0.01190	0.01873	0.02236	0.08150	0.12306	0.61145	0.02138	0.00987	0.00284	0.00425	0.01795	0.00771	0.00699
43	0.01723	0.01477	0.01723	0.01230	0.01969	0.01107	0.00984	0.02092	0.01723	0.02707	0.01477	0.01723	0.01230	0.00615	0.00615	0.00123	0.00615	0.00492	0.00492	0.75883
44	0.01596	0.01414	0.01857	0.05143	0.02053	0.01760	0.01378	0.02364	0.16620	0.02357	0.02554	0.03061	0.06217	0.02986	0.23740	0.00659	0.21862	0.00905	0.00536	0.00938
45	0.01738	0.01431	0.01659	0.01525	0.01966	0.01460	0.01243	0.02943	0.28014	0.02955	0.03261	0.04877	0.02975	0.01396	0.00891	0.00277	0.00683	0.20734	0.00732	0.19239
46	0.01012	0.00723	0.00964	0.01157	0.01205	0.00675	0.00771	0.01157	0.01591	0.02121	0.04579	0.70262	0.05495	0.02603	0.01060	0.00337	0.00482	0.02362	0.00771	0.00675
47	0.01325	0.01074	0.01204	0.01131	0.01423	0.01067	0.00860	0.02129	0.17193	0.02989	0.30466	0.06072	0.26495	0.01700	0.00948	0.00273	0.00466	0.01453	0.00848	0.00884
48	0.02476	0.01142	0.01471	0.01230	0.01677	0.00990	0.00977	0.02773	0.02214	0.36441	0.15073	0.07951	0.19073	0.01487	0.00907	0.00268	0.00571	0.01252	0.00932	0.01093
49	0.01961	0.02241	0.04902	0.03501	0.04342	0.02101	0.62605	0.02661	0.01961	0.02661	0.01681	0.02241	0.01261	0.00700	0.00980	0.00280	0.01401	0.00980	0.00420	0.01120
50	0.01245	0.01071	0.01093	0.01048	0.01374	0.01033	0.00797	0.01975	0.17006	0.02543	0.07193	0.06806	0.50046	0.01867	0.00949	0.00281	0.00478	0.01556	0.00789	0.00850
51	0.01028	0.00831	0.00914	0.00919	0.01157	0.00717	0.00679	0.01272	0.01964	0.02473	0.20620	0.13978	0.46410	0.02065	0.00989	0.00282	0.00421	0.01760	0.00803	0.00717
52	0.01057	0.00756	0.00937	0.01062	0.01123	0.00710	0.00691	0.01173	0.01529	0.02009	0.04511	0.47706	0.11315	0.19239	0.01827	0.00446	0.00555	0.02014	0.00706	0.00636
53	0.01549	0.00774	0.00774	0.00774	0.00968	0.00774	0.00581	0.01936	0.01742	0.03097	0.02710	0.03097	0.02129	0.00968	0.00581	0.00194	0.00387	0.00774	0.75416	0.00774
54	0.03292	0.01551	0.01944	0.01552	0.02153	0.01496	0.01262	0.07113	0.17565	0.47765	0.03238	0.02852	0.02141	0.01051	0.00838	0.00263	0.00705	0.00856	0.00973	0.01390
55	0.01012	0.00723	0.00964	0.01157	0.01205	0.00675	0.00771	0.01157	0.01591	0.02121	0.04579	0.70262	0.05495	0.02603	0.01060	0.00337	0.00482	0.02362	0.00771	0.00675
56	0.01045	0.00844	0.00929	0.00908	0.01161	0.00728	0.00681	0.01314	0.02042	0.02597	0.26830	0.07414	0.46651	0.01972	0.00981	0.00274	0.00411	0.01672	0.00818	0.00728
57	0.02066	0.01785	0.01878	0.01691	0.02160	0.02066	0.01315	0.04414	0.64121	0.03475	0.03381	0.03099	0.02536	0.01127	0.00845	0.00282	0.00657	0.00939	0.00845	0.01315
58	0.01156	0.00867	0.01023	0.01075	0.01255	0.00808	0.00820	0.01379	0.01763	0.02236	0.09739	0.07652	0.28170	0.18945	0.01825	0.00438	0.00615	0.18844	0.00714	0.00677
59	0.01192	0.00869	0.01230	0.01230	0.01342	0.00981	0.00907	0.01416	0.01304	0.01851	0.02321	0.03795	0.02308	0.22033	0.52026	0.01205	0.01878	0.00968	0.00459	0.00683
60	0.76672	0.01607	0.01221	0.01092	0.01607	0.01864	0.00900	0.02442	0.01414	0.03727	0.01157	0.01350	0.00900	0.00771	0.00514	0.00257	0.00643	0.00450	0.00514	0.00900
61	0.76672	0.01607	0.01221	0.01092	0.01607	0.01864	0.00900	0.02442	0.01414	0.03727	0.01157	0.01350	0.00900	0.00771	0.00514	0.00257	0.00643	0.00450	0.00514	0.00900
62	0.03158	0.02327	0.02493	0.01911	0.02576	0.02576	0.01579	0.62852	0.03906	0.05236	0.01995	0.01995	0.01413	0.00997	0.00831	0.00249	0.00914	0.00748	0.00831	0.01413
63	0.01912	0.01827	0.03112	0.23932	0.47915	0.01936	0.02478	0.02423	0.01823	0.02539	0.01537	0.02103	0.01254	0.00767	0.00825	0.00256	0.01023	0.00740	0.00399	0.01200
64	0.01012	0.00723	0.00964	0.01157	0.01205	0.00675	0.00771	0.01157	0.01591	0.02121	0.04579	0.70262	0.05495	0.02603	0.01060	0.00337	0.00482	0.02362	0.00771	0.00675
65	0.01208	0.00805	0.00906	0.00906	0.00906	0.00805	0.00503	0.01208	0.01208	0.01611	0.02618	0.05436	0.03020	0.70804	0.04228	0.00805	0.00805	0.01208	0.00503	0.00503
66	0.01088	0.00826	0.01112	0.01253	0.01296	0.00850	0.00869	0.01236	0.01561	0.02109	0.04252	0.63848	0.05082	0.02495	0.01216	0.00340	0.06930	0.02208	0.00733	0.00697
67	0.06811	0.03141	0.02455	0.02373	0.10012	0.37996	0.01673	0.19959	0.02688	0.03104	0.01511	0.01697	0.01187	0.00878	0.00769	0.00230	0.01228	0.00615	0.00544	0.01128
68	0.01160	0.00785	0.00920	0.00967	0.00979	0.00773	0.00569	0.01196	0.01302	0.01736	0.03097	0.21300	0.03626	0.54114	0.03453	0.00691	0.00726	0.01490	0.00569	0.00545
69	0.02018	0.02166	0.07924	0.04720	0.54047	0.01986	0.09721	0.02568	0.01890	0.02702	0.01572	0.02057	0.01291	0.00739	0.00839	0.00252	0.01053	0.00760	0.00408	0.01287
70	0.02522	0.07145	0.02953	0.02911	0.17931	0.29757	0.06452	0.05926	0.02093	0.02402	0.01382	0.01752	0.01165	0.00902	0.01065	0.00248	0.11230	0.00652	0.00430	0.01082
71	0.01029	0.00843	0.00907	0.00891	0.01151	0.00721	0.00668	0.01283	0.02005	0.02508	0.22202	0.07560	0.51334	0.02005	0.00981	0.00276	0.00414	0.01692	0.00806	0.00721
72	0.02091	0.06366	0.11930	0.14148	0.15691	0.10205	0.19223	0.05663	0.02002	0.02591	0.01537	0.01982	0.01191	0.00776	0.00839	0.00256	0.01209	0.00749	0.00419	0.01131

[dist]
# distance from previous block
# <min> <max>
1	2

[block]
# block no. 1 follows, 22 sequences, length 41
# corresponding to MSA columns:
# 141-181
name=unknown_B
#
# <colnr> <probs for GDERKNQSTAVLIFYWHMCP>
#	G	D	E	R	K	N	Q	S	T	A	V	L	I	F	Y	W	H	M	C	P
0	0.02219	0.05148	0.15698	0.01821	0.02459	0.01945	0.01758	0.28487	0.02778	0.03771	0.08515	0.03919	0.02675	0.01290	0.00893	0.00279	0.00896	0.13586	0.00704	0.01158
1	0.02199	0.01613	0.01883	0.01533	0.02108	0.01540	0.01273	0.21258	0.02496	0.07201	0.02466	0.03758	0.02211	0.01174	0.00827	0.00235	0.00752	0.15262	0.00698	0.29513
2	0.06468	0.02471	0.18476	0.02779	0.16469	0.01955	0.09887	0.03208	0.19935	0.06720	0.02165	0.02312	0.01617	0.00878	0.00824	0.00266	0.00967	0.00786	0.00566	0.01250
3	0.02749	0.22082	0.02928	0.02008	0.05021	0.35433	0.01570	0.09576	0.06711	0.02489	0.01486	0.01643	0.01220	0.00846	0.00708	0.00214	0.01186	0.00570	0.00481	0.01080
4	0.01208	0.00805	0.00906	0.00906	0.00906	0.00805	0.00503	0.01208	0.01208	0.01611	0.02618	0.05436	0.03020	0.70804	0.04228	0.00805	0.00805	0.01208	0.00503	0.00503
5	0.13134	0.36121	0.03158	0.01644	0.02221	0.27174	0.01416	0.02793	0.01899	0.02236	0.01204	0.01397	0.01044	0.00774	0.00611	0.00203	0.01082	0.00479	0.00405	0.01004
6	0.03107	0.03843	0.02364	0.02124	0.02569	0.62856	0.01603	0.07550	0.02465	0.02261	0.01335	0.01533	0.01094	0.00866	0.00755	0.00217	0.01457	0.00550	0.00457	0.00995
7	0.01984	0.01860	0.01996	0.02071	0.10025	0.11436	0.01414	0.06980	0.17190	0.02629	0.02236	0.02866	0.01936	0.10165	0.16236	0.00566	0.05978	0.00846	0.00565	0.01021
8	0.02388	0.33500	0.14795	0.01745	0.02495	0.02667	0.01749	0.15741	0.05901	0.06674	0.01652	0.01763	0.01285	0.00858	0.00761	0.00226	0.03471	0.00603	0.00526	0.01200
9	0.01443	0.00722	0.01082	0.01082	0.01082	0.00722	0.00722	0.01082	0.01082	0.01443	0.01443	0.02525	0.01443	0.02886	0.03247	0.75830	0.00722	0.00722	0.00361	0.00361
10	0.02221	0.71304	0.04353	0.01421	0.02132	0.03287	0.01421	0.02488	0.01688	0.01955	0.01155	0.01333	0.01066	0.00711	0.00533	0.00178	0.00888	0.00444	0.00355	0.01066
11	0.02359	0.01794	0.02956	0.11855	0.44818	0.01796	0.02234	0.02823	0.01969	0.16358	0.01923	0.02242	0.01451	0.00813	0.00826	0.00253	0.00941	0.00761	0.00540	0.01291
12	0.02608	0.02480	0.01915	0.01784	0.04478	0.29732	0.01316	0.07385	0.10151	0.08435	0.02140	0.02270	0.01639	0.00939	0.00736	0.00225	0.00986	0.00695	0.19038	0.01047
13	0.01818	0.01818	0.02545	0.02181	0.02181	0.02545	0.01818	0.01999	0.01272	0.01999	0.01091	0.01818	0.01091	0.01454	0.02726	0.00364	0.69284	0.00727	0.00364	0.00909
14	0.02527	0.01430	0.01697	0.01438	0.01930	0.01433	0.01142	0.03601	0.25486	0.28933	0.09225	0.03895	0.11039	0.01263	0.00871	0.00270	0.00624	0.01051	0.00916	0.01230
15	0.01569	0.01477	0.02492	0.68808	0.05722	0.01846	0.02307	0.02123	0.01661	0.02123	0.01477	0.02215	0.01107	0.00831	0.00831	0.00277	0.01107	0.00738	0.00369	0.00923
16	0.01906	0.02008	0.07015	0.20522	0.42917	0.01948	0.06694	0.02457	0.01831	0.02560	0.01545	0.02090	0.01245	0.00763	0.00833	0.00257	0.01060	0.00749	0.00398	0.01200
17	0.02992	0.02791	0.02491	0.06105	0.05870	0.23658	0.01679	0.36873	0.03168	0.03883	0.01711	0.01849	0.01278	0.00929	0.00804	0.00239	0.01120	0.00678	0.00652	0.01232
18	0.01202	0.00830	0.01031	0.01031	0.01074	0.00873	0.00659	0.01288	0.01245	0.01703	0.02504	0.04806	0.02746	0.52056	0.22602	0.00959	0.01218	0.01116	0.00486	0.00573
19	0.20073	0.01509	0.02179	0.52124	0.04708	0.01850	0.01960	0.02201	0.01600	0.02518	0.01398	0.02002	0.01056	0.00816	0.00753	0.00272	0.00993	0.00667	0.00405	0.00917
20	0.02015	0.01598	0.01852	0.01489	0.02004	0.01563	0.01178	0.20466	0.02331	0.03305	0.02278	0.16618	0.02198	0.01220	0.00924	0.00225	0.05450	0.00991	0.00647	0.31651
21	0.02008	0.01218	0.01265	0.01099	0.01427	0.01289	0.00866	0.19328	0.02360	0.03708	0.02506	0.02782	0.01925	0.00976	0.00652	0.00209	0.00538	0.00767	0.54121	0.00957
22	0.01176	0.00816	0.01018	0.01040	0.01090	0.00837	0.00670	0.01282	0.01353	0.01848	0.06486	0.13460	0.03424	0.43884	0.17294	0.00827	0.01046	0.01307	0.00550	0.00594
23	0.03103	0.03959	0.02354	0.02140	0.02568	0.67469	0.01605	0.03317	0.02354	0.02033	0.01284	0.01498	0.01070	0.00856	0.00749	0.00214	0.01498	0.00535	0.00428	0.00963
24	0.01569	0.01477	0.02492	0.68808	0.05722	0.01846	0.02307	0.02123	0.01661	0.02123	0.01477	0.02215	0.01107	0.00831	0.00831	0.00277	0.01107	0.00738	0.00369	0.00923
25	0.02056	0.01974	0.03372	0.05099	0.65622	0.01974	0.02550	0.02550	0.01892	0.02714	0.01563	0.02056	0.01316	0.00740	0.00822	0.00247	0.00987	0.00740	0.00411	0.01316
26	0.01484	0.01336	0.02240	0.01838	0.02078	0.01447	0.16126	0.01750	0.01431	0.01999	0.02063	0.03610	0.02080	0.28626	0.16979	0.00722	0.11965	0.01008	0.00448	0.00771
27	0.01202	0.00830	0.01031	0.01031	0.01074	0.00873	0.00659	0.01288	0.01245	0.01703	0.02503	0.04804	0.02746	0.52018	0.22639	0.00960	0.01218	0.01116	0.00486	0.00573
28	0.00982	0.00842	0.00842	0.00842	0.01122	0.00701	0.00631	0.01192	0.01894	0.02244	0.08416	0.07995	0.65285	0.02104	0.00982	0.00281	0.00421	0.01753	0.00771	0.00701
29	0.02021	0.01938	0.03309	0.09628	0.61364	0.01965	0.02532	0.02519	0.01875	0.02672	0.01557	0.02067	0.01301	0.00747	0.00823	0.00249	0.00995	0.00740	0.00408	0.01288
30	0.02707	0.34799	0.03311	0.01757	0.02368	0.23425	0.01514	0.16061	0.02388	0.02703	0.01381	0.01531	0.01144	0.00820	0.00667	0.00205	0.01087	0.00540	0.00483	0.01110
31	0.01192	0.00869	0.01229	0.01229	0.01341	0.00981	0.00907	0.01416	0.01304	0.01850	0.02322	0.03799	0.02309	0.22140	0.51921	0.01205	0.01875	0.00968	0.00459	0.00683
32	0.01823	0.01009	0.01218	0.01073	0.01439	0.00871	0.00837	0.02107	0.02138	0.21059	0.19794	0.06089	0.33904	0.01700	0.00939	0.00269	0.00497	0.01430	0.00878	0.00927
33	0.02220	0.02339	0.03039	0.12660	0.44292	0.16105	0.02314	0.02660	0.01962	0.02491	0.01491	0.01956	0.01236	0.00777	0.00808	0.00244	0.01113	0.00696	0.00409	0.01189
34	0.02285	0.56664	0.09619	0.01598	0.02318	0.11443	0.01592	0.02607	0.01780	0.02025	0.01201	0.01391	0.01065	0.00736	0.00584	0.00190	0.00997	0.00471	0.00364	0.01067
35	0.01318	0.01004	0.01047	0.01035	0.01079	0.04799	0.00638	0.01369	0.01293	0.01677	0.02488	0.04923	0.02783	0.58342	0.12159	0.00838	0.01029	0.01127	0.00491	0.00561
36	0.01049	0.00769	0.00984	0.01089	0.01203	0.00705	0.00756	0.01263	0.01817	0.02435	0.20005	0.46451	0.13782	0.02316	0.01030	0.00311	0.00452	0.02072	0.00807	0.00705
37	0.20406	0.01719	0.01554	0.01418	0.01780	0.10005	0.01086	0.15128	0.02236	0.03321	0.09923	0.22091	0.03188	0.01472	0.00827	0.00274	0.00735	0.01205	0.00693	0.00940
38	0.02325	0.02141	0.03149	0.04325	0.50089	0.05324	0.02312	0.14469	0.02311	0.03177	0.01634	0.02016	0.01323	0.00797	0.00821	0.00246	0.00998	0.00732	0.00495	0.01318
39	0.02767	0.02374	0.02197	0.01750	0.02368	0.16108	0.01398	0.27461	0.06507	0.08053	0.01885	0.01944	0.01405	0.00883	0.00761	0.00213	0.00937	0.00656	0.00675	0.19657
40	0.01015	0.00847	0.00888	0.00891	0.01160	0.00720	0.00677	0.01249	0.01934	0.02350	0.13181	0.07901	0.57537	0.02077	0.00989	0.00283	0.00434	0.04372	0.00784	0.00711

[dist]
# distance from previous block
# <min> <max>
0	0

# created by:
# /home/cegg/simao/soft/augustus-3.2.1/scripts/msa2prfl.pl ./align_prep/14644.fa
