[name]
unknown

[dist]
# distance from previous block
# <min> <max>
3	4

[block]
# block no. 0 follows, 21 sequences, length 22
# corresponding to MSA columns:
# 4-25
name=unknown_A
#
# <colnr> <probs for GDERKNQSTAVLIFYWHMCP>
#	G	D	E	R	K	N	Q	S	T	A	V	L	I	F	Y	W	H	M	C	P
0	0.02279	0.01641	0.01988	0.01686	0.02052	0.01872	0.01359	0.25553	0.02509	0.07518	0.02305	0.07666	0.01986	0.02631	0.18532	0.00570	0.10850	0.00936	0.04970	0.01096
1	0.01134	0.00779	0.01017	0.01118	0.01185	0.00737	0.00747	0.01270	0.01683	0.02283	0.15850	0.42254	0.05396	0.12767	0.01736	0.06156	0.00545	0.01938	0.00745	0.00662
2	0.02322	0.02111	0.03378	0.04477	0.48694	0.02152	0.06222	0.14270	0.02347	0.03284	0.01695	0.02106	0.01364	0.00807	0.00855	0.00255	0.01024	0.00776	0.00506	0.01355
3	0.01707	0.01026	0.01549	0.01465	0.01714	0.00937	0.06232	0.01943	0.01832	0.15517	0.04149	0.49616	0.04507	0.02156	0.01031	0.00323	0.00625	0.01966	0.00814	0.00891
4	0.01474	0.01090	0.01222	0.01158	0.01380	0.01079	0.00826	0.11781	0.02084	0.02722	0.09361	0.20085	0.20320	0.19381	0.01846	0.00431	0.00631	0.01595	0.00742	0.00793
5	0.01732	0.00972	0.01277	0.01207	0.01414	0.00957	0.00871	0.01922	0.01625	0.15261	0.03366	0.13162	0.06934	0.23974	0.20674	0.00762	0.01147	0.01260	0.00667	0.00818
6	0.01099	0.00817	0.00988	0.01058	0.01175	0.00780	0.00721	0.01252	0.01588	0.02057	0.04993	0.28499	0.20977	0.19071	0.10446	0.00578	0.00789	0.01766	0.00681	0.00666
7	0.01393	0.01081	0.01267	0.01138	0.01439	0.00959	0.00802	0.01721	0.05200	0.02385	0.07846	0.17924	0.06715	0.21730	0.01880	0.00407	0.00633	0.01299	0.00637	0.23544
8	0.01194	0.00845	0.00987	0.00977	0.01066	0.00826	0.00627	0.01313	0.01532	0.02040	0.12582	0.05910	0.13586	0.43627	0.08788	0.00705	0.00828	0.01343	0.00616	0.00612
9	0.01147	0.00811	0.01068	0.01220	0.01301	0.00779	0.00871	0.01339	0.01684	0.02244	0.07800	0.43535	0.05228	0.12807	0.01594	0.00424	0.00600	0.14103	0.00755	0.00690
10	0.01238	0.00825	0.00928	0.00928	0.00928	0.00825	0.00516	0.01238	0.01238	0.01650	0.02681	0.05569	0.03094	0.70092	0.04331	0.00825	0.00825	0.01238	0.00516	0.00516
11	0.04149	0.00986	0.01192	0.01163	0.01403	0.00932	0.00846	0.01930	0.05468	0.11390	0.16024	0.26323	0.14727	0.07945	0.01278	0.00346	0.00544	0.01675	0.00826	0.00854
12	0.02100	0.01713	0.01825	0.01609	0.02067	0.01904	0.01256	0.15844	0.36717	0.03639	0.04001	0.09469	0.11355	0.01401	0.00902	0.00286	0.00679	0.01167	0.00846	0.01222
13	0.01211	0.00814	0.00936	0.00962	0.00968	0.00807	0.00552	0.01231	0.01289	0.01719	0.02945	0.13959	0.03426	0.61248	0.03906	0.00762	0.00782	0.01393	0.00552	0.00539
14	0.01373	0.00756	0.01057	0.01083	0.01090	0.00750	0.00702	0.01144	0.01202	0.01603	0.02136	0.11954	0.02340	0.16102	0.03230	0.50804	0.00724	0.01057	0.00453	0.00440
15	0.02747	0.17243	0.02999	0.02494	0.11738	0.39863	0.01764	0.03018	0.02128	0.02167	0.01318	0.01606	0.01134	0.00869	0.00867	0.00227	0.05769	0.00573	0.00416	0.01058
16	0.01862	0.02330	0.15988	0.03590	0.35340	0.01832	0.02289	0.02645	0.08991	0.02782	0.02833	0.03060	0.10716	0.01020	0.00862	0.00266	0.00939	0.00907	0.00514	0.01236
17	0.01028	0.00777	0.00950	0.01088	0.01209	0.00699	0.00747	0.01196	0.01722	0.02210	0.05866	0.51194	0.23213	0.02513	0.01062	0.00328	0.00475	0.02233	0.00790	0.00699
18	0.02106	0.02022	0.03454	0.05223	0.64784	0.02022	0.02612	0.02612	0.01938	0.02780	0.01601	0.02106	0.01348	0.00758	0.00842	0.00253	0.01011	0.00758	0.00421	0.01348
19	0.03350	0.02200	0.02440	0.01871	0.02547	0.02366	0.01545	0.50596	0.03694	0.17147	0.02301	0.02211	0.01577	0.01028	0.00852	0.00257	0.00895	0.00784	0.00891	0.01447
20	0.02051	0.02467	0.13418	0.02906	0.03689	0.02113	0.35488	0.03030	0.12044	0.05651	0.02007	0.02359	0.01498	0.00878	0.01082	0.00290	0.06404	0.00914	0.00515	0.01194
21	0.02299	0.15579	0.03715	0.03777	0.35307	0.02397	0.09800	0.11643	0.02220	0.03014	0.01602	0.01975	0.01306	0.00787	0.00806	0.00244	0.01034	0.00731	0.00477	0.01287

[dist]
# distance from previous block
# <min> <max>
1	5

[block]
# block no. 1 follows, 21 sequences, length 77
# corresponding to MSA columns:
# 31-107
name=unknown_B
#
# <colnr> <probs for GDERKNQSTAVLIFYWHMCP>
#	G	D	E	R	K	N	Q	S	T	A	V	L	I	F	Y	W	H	M	C	P
0	0.08632	0.21082	0.33350	0.02157	0.03133	0.02322	0.09707	0.02712	0.01804	0.05572	0.01517	0.01761	0.01143	0.00786	0.00741	0.00248	0.01110	0.00626	0.00417	0.01180
1	0.01950	0.02041	0.15832	0.08264	0.02649	0.01478	0.01653	0.05368	0.07540	0.11005	0.12704	0.08209	0.02920	0.01157	0.00850	0.00253	0.00800	0.00979	0.00674	0.13676
2	0.19223	0.01520	0.01653	0.01587	0.04774	0.01641	0.01164	0.14123	0.10198	0.06326	0.08632	0.19673	0.03187	0.01461	0.00852	0.00286	0.00668	0.01218	0.00759	0.01054
3	0.18974	0.02879	0.02071	0.01843	0.02262	0.34421	0.01428	0.09111	0.02238	0.02870	0.04144	0.04779	0.01588	0.01041	0.00922	0.00254	0.06956	0.00693	0.00532	0.00996
4	0.08827	0.02769	0.17501	0.03092	0.14643	0.07394	0.19181	0.05369	0.01957	0.02835	0.01534	0.01953	0.01196	0.00848	0.01021	0.00275	0.07244	0.00754	0.00436	0.01170
5	0.01858	0.02056	0.18730	0.01856	0.05341	0.01384	0.01740	0.02565	0.07402	0.11870	0.12659	0.07446	0.06636	0.01477	0.00949	0.00299	0.00815	0.13114	0.00723	0.01079
6	0.02048	0.01910	0.02479	0.02008	0.05305	0.07320	0.12060	0.02740	0.10177	0.05260	0.02005	0.04922	0.01651	0.00846	0.00779	0.00205	0.00876	0.00765	0.00564	0.36080
7	0.12135	0.04982	0.01852	0.01476	0.01972	0.08617	0.01175	0.12988	0.12992	0.03413	0.10803	0.03402	0.10702	0.01186	0.00804	0.00247	0.00748	0.00929	0.00710	0.08866
8	0.09404	0.25062	0.14291	0.02043	0.02771	0.22093	0.08137	0.02847	0.01951	0.02396	0.01341	0.01592	0.01096	0.00792	0.00706	0.00227	0.01192	0.00572	0.00408	0.01079
9	0.01301	0.00945	0.01281	0.01457	0.01649	0.00925	0.01240	0.01652	0.01926	0.02486	0.04962	0.15004	0.11322	0.02359	0.01149	0.00376	0.00719	0.47694	0.00785	0.00768
10	0.02862	0.02186	0.02348	0.01846	0.02491	0.02391	0.01504	0.44242	0.16441	0.04742	0.02298	0.02259	0.01676	0.01014	0.00834	0.00251	0.00852	0.00784	0.00823	0.08155
11	0.01894	0.10618	0.37707	0.03085	0.16942	0.02157	0.10502	0.02665	0.01848	0.02644	0.01532	0.01884	0.01166	0.00777	0.00814	0.00259	0.01190	0.00688	0.00383	0.01245
12	0.06358	0.07023	0.45509	0.02551	0.03651	0.02079	0.15687	0.02683	0.01818	0.02737	0.01532	0.01859	0.01116	0.00784	0.00821	0.00269	0.01242	0.00692	0.00385	0.01205
13	0.01707	0.04402	0.65683	0.02426	0.03683	0.01976	0.03144	0.02695	0.01797	0.02695	0.01527	0.01797	0.01078	0.00809	0.00809	0.00270	0.01258	0.00629	0.00359	0.01258
14	0.01873	0.01743	0.02917	0.04343	0.50932	0.01732	0.02215	0.02301	0.01871	0.02648	0.02274	0.16804	0.02281	0.01174	0.00896	0.00273	0.00898	0.01120	0.00502	0.01205
15	0.01853	0.21371	0.49990	0.02177	0.03299	0.02333	0.02712	0.02657	0.01779	0.02517	0.01439	0.01686	0.01082	0.00788	0.00741	0.00247	0.01169	0.00584	0.00361	0.01215
16	0.01836	0.11355	0.56280	0.02313	0.03476	0.05147	0.02896	0.02712	0.01818	0.02593	0.01481	0.01739	0.01080	0.00803	0.00779	0.00258	0.01234	0.00607	0.00364	0.01228
17	0.01131	0.00867	0.01036	0.00994	0.01226	0.00772	0.00745	0.01464	0.02236	0.03002	0.43798	0.07033	0.28822	0.01893	0.01004	0.00275	0.00412	0.01634	0.00883	0.00772
18	0.01271	0.01009	0.01468	0.01428	0.01573	0.01206	0.01123	0.01557	0.01396	0.02003	0.02545	0.03483	0.05838	0.05605	0.55924	0.01196	0.09182	0.00948	0.00468	0.00775
19	0.04830	0.04984	0.18527	0.01901	0.06063	0.01597	0.01723	0.09849	0.01992	0.02814	0.02689	0.15277	0.02719	0.08947	0.04136	0.00399	0.00960	0.09001	0.00589	0.01002
20	0.01707	0.04402	0.65683	0.02426	0.03683	0.01976	0.03144	0.02695	0.01797	0.02695	0.01527	0.01797	0.01078	0.00809	0.00809	0.00270	0.01258	0.00629	0.00359	0.01258
21	0.01238	0.00825	0.00928	0.00928	0.00928	0.00825	0.00516	0.01238	0.01238	0.01650	0.02681	0.05569	0.03094	0.70092	0.04331	0.00825	0.00825	0.01238	0.00516	0.00516
22	0.05806	0.01084	0.01396	0.01207	0.01562	0.00994	0.00944	0.02418	0.02368	0.22130	0.42720	0.05059	0.05881	0.01484	0.00935	0.00266	0.00512	0.01278	0.00951	0.01004
23	0.01836	0.15955	0.49195	0.02361	0.03488	0.02239	0.08272	0.02672	0.01804	0.02575	0.01484	0.01766	0.01100	0.00786	0.00780	0.00256	0.01212	0.00633	0.00367	0.01218
24	0.01216	0.00912	0.01368	0.01368	0.01520	0.01064	0.01064	0.01520	0.01368	0.01976	0.02279	0.03343	0.02127	0.06382	0.66720	0.01368	0.02279	0.00912	0.00456	0.00760
25	0.02275	0.70604	0.04459	0.01456	0.02184	0.03367	0.01456	0.02548	0.01729	0.02002	0.01183	0.01365	0.01092	0.00728	0.00546	0.00182	0.00910	0.00455	0.00364	0.01092
26	0.01033	0.00757	0.00970	0.01141	0.01223	0.00695	0.00770	0.01190	0.01672	0.02190	0.05226	0.61171	0.13649	0.02596	0.01075	0.00338	0.00485	0.02334	0.00790	0.00695
27	0.03179	0.04056	0.02412	0.02192	0.02631	0.66676	0.01644	0.03398	0.02412	0.02083	0.01315	0.01535	0.01096	0.00877	0.00767	0.00219	0.01535	0.00548	0.00438	0.00987
28	0.01765	0.01674	0.02838	0.48178	0.24496	0.01932	0.02442	0.02313	0.01776	0.02366	0.01540	0.02217	0.01202	0.00822	0.00848	0.00274	0.01095	0.00757	0.00392	0.01073
29	0.02275	0.70604	0.04459	0.01456	0.02184	0.03367	0.01456	0.02548	0.01729	0.02002	0.01183	0.01365	0.01092	0.00728	0.00546	0.00182	0.00910	0.00455	0.00364	0.01092
30	0.76103	0.01646	0.01251	0.01119	0.01646	0.01909	0.00922	0.02502	0.01448	0.03818	0.01185	0.01382	0.00922	0.00790	0.00527	0.00263	0.00658	0.00461	0.00527	0.00922
31	0.01058	0.00750	0.00981	0.01158	0.01202	0.00705	0.00761	0.01191	0.01588	0.02117	0.04478	0.62763	0.05360	0.09806	0.01430	0.00396	0.00529	0.02294	0.00761	0.00673
32	0.01006	0.00862	0.00862	0.00862	0.01149	0.00718	0.00647	0.01221	0.01940	0.02299	0.08621	0.08190	0.64438	0.02155	0.01006	0.00287	0.00431	0.01796	0.00790	0.00718
33	0.02275	0.70604	0.04459	0.01456	0.02184	0.03367	0.01456	0.02548	0.01729	0.02002	0.01183	0.01365	0.01092	0.00728	0.00546	0.00182	0.00910	0.00455	0.00364	0.01092
34	0.03818	0.01448	0.01975	0.01514	0.02172	0.01251	0.01251	0.04147	0.02436	0.65373	0.03357	0.02897	0.02107	0.01053	0.00856	0.00263	0.00724	0.00856	0.01053	0.01448
35	0.01707	0.04402	0.65683	0.02426	0.03683	0.01976	0.03144	0.02695	0.01797	0.02695	0.01527	0.01797	0.01078	0.00809	0.00809	0.00270	0.01258	0.00629	0.00359	0.01258
36	0.01707	0.04402	0.65683	0.02426	0.03683	0.01976	0.03144	0.02695	0.01797	0.02695	0.01527	0.01797	0.01078	0.00809	0.00809	0.00270	0.01258	0.00629	0.00359	0.01258
37	0.01006	0.00862	0.00862	0.00862	0.01149	0.00718	0.00647	0.01221	0.01940	0.02299	0.08621	0.08190	0.64438	0.02155	0.01006	0.00287	0.00431	0.01796	0.00790	0.00718
38	0.01415	0.01153	0.01258	0.01183	0.01500	0.01152	0.00899	0.04914	0.16420	0.02978	0.19339	0.10081	0.30844	0.01807	0.00970	0.00285	0.00508	0.01534	0.00844	0.00916
39	0.02296	0.01747	0.02079	0.12726	0.02736	0.01919	0.01476	0.32827	0.03018	0.04044	0.13396	0.09505	0.05885	0.01327	0.00907	0.00272	0.00811	0.01104	0.00779	0.01145
40	0.01364	0.01037	0.01275	0.01186	0.01436	0.01033	0.00898	0.02115	0.13039	0.03438	0.53699	0.05801	0.07081	0.01638	0.00980	0.00271	0.00449	0.01438	0.00924	0.00898
41	0.01037	0.00741	0.00987	0.01185	0.01234	0.00691	0.00790	0.01185	0.01629	0.02172	0.04690	0.69537	0.05629	0.02666	0.01086	0.00346	0.00494	0.02419	0.00790	0.00691
42	0.02106	0.02022	0.03454	0.05223	0.64784	0.02022	0.02612	0.02612	0.01938	0.02780	0.01601	0.02106	0.01348	0.00758	0.00842	0.00253	0.01011	0.00758	0.00421	0.01348
43	0.02751	0.03371	0.02184	0.02013	0.02389	0.52375	0.01518	0.02989	0.02184	0.02059	0.01526	0.01929	0.01321	0.02077	0.15143	0.00470	0.01697	0.00627	0.00442	0.00937
44	0.01371	0.00980	0.01371	0.01567	0.01763	0.00980	0.01371	0.01763	0.01959	0.02547	0.04506	0.09599	0.04898	0.02351	0.01175	0.00392	0.00784	0.59056	0.00784	0.00784
45	0.02106	0.02022	0.03454	0.05223	0.64784	0.02022	0.02612	0.02612	0.01938	0.02780	0.01601	0.02106	0.01348	0.00758	0.00842	0.00253	0.01011	0.00758	0.00421	0.01348
46	0.02106	0.02022	0.03454	0.05223	0.64784	0.02022	0.02612	0.02612	0.01938	0.02780	0.01601	0.02106	0.01348	0.00758	0.00842	0.00253	0.01011	0.00758	0.00421	0.01348
47	0.02544	0.02234	0.11673	0.01727	0.02489	0.01821	0.01580	0.24803	0.02687	0.11853	0.02080	0.04733	0.01588	0.00940	0.00787	0.00223	0.00846	0.00743	0.00695	0.23953
48	0.02275	0.70604	0.04459	0.01456	0.02184	0.03367	0.01456	0.02548	0.01729	0.02002	0.01183	0.01365	0.01092	0.00728	0.00546	0.00182	0.00910	0.00455	0.00364	0.01092
49	0.01238	0.00825	0.00928	0.00928	0.00928	0.00825	0.00516	0.01238	0.01238	0.01650	0.02681	0.05569	0.03094	0.70092	0.04331	0.00825	0.00825	0.01238	0.00516	0.00516
50	0.01045	0.00864	0.00916	0.00903	0.01174	0.00735	0.00677	0.01297	0.02032	0.02519	0.19618	0.07828	0.53304	0.02073	0.01005	0.00283	0.00425	0.01745	0.00819	0.00735
51	0.02814	0.03176	0.02787	0.03215	0.24110	0.37552	0.01976	0.09326	0.02416	0.02671	0.01491	0.01786	0.01220	0.00851	0.00802	0.00235	0.01290	0.00644	0.00476	0.01160
52	0.01226	0.00827	0.00925	0.00925	0.00939	0.00820	0.00522	0.01237	0.01273	0.01683	0.02984	0.05702	0.06217	0.66634	0.04162	0.00798	0.00805	0.01266	0.00530	0.00526
53	0.01238	0.00825	0.00928	0.00928	0.00928	0.00825	0.00516	0.01238	0.01238	0.01650	0.02681	0.05569	0.03094	0.70092	0.04331	0.00825	0.00825	0.01238	0.00516	0.00516
54	0.02252	0.02156	0.01943	0.01746	0.02211	0.13297	0.01349	0.06423	0.44804	0.03267	0.03480	0.03279	0.07686	0.01188	0.00860	0.00275	0.00814	0.00954	0.00784	0.01233
55	0.01986	0.02070	0.07094	0.17100	0.49741	0.01994	0.02597	0.02533	0.01884	0.02659	0.01579	0.02118	0.01290	0.00779	0.00842	0.00260	0.01050	0.00750	0.00409	0.01265
56	0.01204	0.00870	0.01138	0.01071	0.01271	0.00803	0.00803	0.01606	0.02409	0.03413	0.64335	0.06357	0.08030	0.01740	0.01004	0.00268	0.00401	0.01539	0.00937	0.00803
57	0.02275	0.70604	0.04459	0.01456	0.02184	0.03367	0.01456	0.02548	0.01729	0.02002	0.01183	0.01365	0.01092	0.00728	0.00546	0.00182	0.00910	0.00455	0.00364	0.01092
58	0.01360	0.00982	0.01218	0.01299	0.01441	0.00978	0.00912	0.10125	0.01978	0.02642	0.04301	0.59606	0.05013	0.02424	0.01052	0.00332	0.00559	0.02176	0.00799	0.00802
59	0.02485	0.55120	0.03983	0.01627	0.02288	0.18098	0.01500	0.02746	0.01888	0.02021	0.01214	0.01405	0.01093	0.00763	0.00598	0.00191	0.01055	0.00477	0.00381	0.01068
60	0.03235	0.02384	0.02554	0.01958	0.02639	0.02639	0.01618	0.61946	0.04001	0.05363	0.02043	0.02043	0.01447	0.01022	0.00851	0.00255	0.00936	0.00766	0.00851	0.01447
61	0.03235	0.02384	0.02554	0.01958	0.02639	0.02639	0.01618	0.61946	0.04001	0.05363	0.02043	0.02043	0.01447	0.01022	0.00851	0.00255	0.00936	0.00766	0.00851	0.01447
62	0.76103	0.01646	0.01251	0.01119	0.01646	0.01909	0.00922	0.02502	0.01448	0.03818	0.01185	0.01382	0.00922	0.00790	0.00527	0.00263	0.00658	0.00461	0.00527	0.00922
63	0.02117	0.01828	0.01924	0.01732	0.02213	0.02117	0.01347	0.04522	0.63246	0.03560	0.03464	0.03175	0.02598	0.01155	0.00866	0.00289	0.00673	0.00962	0.00866	0.01347
64	0.01197	0.00993	0.01007	0.00956	0.01277	0.00883	0.00730	0.06436	0.02117	0.02562	0.08056	0.07662	0.59029	0.02058	0.00993	0.00285	0.00474	0.01708	0.00796	0.00781
65	0.03138	0.02353	0.02631	0.02238	0.07975	0.02586	0.01703	0.56851	0.03824	0.05141	0.02005	0.02049	0.01439	0.00999	0.00851	0.00255	0.00943	0.00766	0.00814	0.01439
66	0.01173	0.00888	0.01019	0.01079	0.01217	0.00855	0.00729	0.01495	0.06904	0.02192	0.05134	0.30852	0.20630	0.19673	0.01877	0.00448	0.00577	0.01823	0.00726	0.00710
67	0.02819	0.21194	0.03119	0.02412	0.12862	0.24804	0.01718	0.10780	0.02359	0.08043	0.01598	0.01768	0.01270	0.00851	0.00739	0.00223	0.01131	0.00613	0.00522	0.01175
68	0.08095	0.04165	0.60150	0.02313	0.03508	0.01971	0.02953	0.02678	0.01767	0.02791	0.01498	0.01761	0.01065	0.00807	0.00784	0.00269	0.01206	0.00614	0.00374	0.01229
69	0.01215	0.00908	0.01348	0.01342	0.01498	0.01041	0.01041	0.01527	0.01457	0.02099	0.07608	0.03602	0.02634	0.05984	0.61077	0.01273	0.02118	0.00966	0.00497	0.00764
70	0.01315	0.00961	0.01292	0.01458	0.01668	0.00939	0.01259	0.01679	0.01956	0.02508	0.05144	0.09381	0.14125	0.02321	0.01149	0.00376	0.00729	0.50182	0.00785	0.00774
71	0.01157	0.00945	0.01123	0.01107	0.01282	0.00938	0.00817	0.01372	0.01841	0.02393	0.16542	0.17688	0.32153	0.07934	0.01494	0.00349	0.07683	0.01700	0.00748	0.00734
72	0.01236	0.00832	0.00966	0.00966	0.00979	0.00846	0.00563	0.01262	0.01249	0.01678	0.02647	0.05378	0.03011	0.64621	0.09689	0.00872	0.00950	0.01210	0.00511	0.00537
73	0.01065	0.00864	0.00944	0.00924	0.01186	0.00744	0.00693	0.01336	0.02080	0.02632	0.25270	0.07642	0.47582	0.02031	0.01005	0.00281	0.00422	0.01719	0.00834	0.00744
74	0.02877	0.03638	0.08321	0.02118	0.02636	0.48006	0.01733	0.09494	0.02436	0.02486	0.01497	0.01770	0.01221	0.01359	0.06444	0.00327	0.01508	0.00611	0.00477	0.01042
75	0.09374	0.02261	0.02375	0.01862	0.02509	0.02521	0.01529	0.50761	0.10056	0.05040	0.02120	0.02106	0.01524	0.01016	0.00825	0.00260	0.00885	0.00761	0.00825	0.01391
76	0.02911	0.03627	0.02269	0.02080	0.02479	0.57728	0.01565	0.03142	0.02269	0.02068	0.01447	0.01781	0.01237	0.01628	0.09762	0.00376	0.01636	0.00598	0.00441	0.00956

[dist]
# distance from previous block
# <min> <max>
0	17

# created by:
# /home/cegg/simao/soft/augustus-3.2.1/scripts/msa2prfl.pl ./align_prep/14652.fa
