[name]
unknown

[dist]
# distance from previous block
# <min> <max>
0	0

[block]
# block no. 0 follows, 23 sequences, length 60
# corresponding to MSA columns:
# 0-59
name=unknown_A
#
# <colnr> <probs for GDERKNQSTAVLIFYWHMCP>
#	G	D	E	R	K	N	Q	S	T	A	V	L	I	F	Y	W	H	M	C	P
0	0.01308	0.00934	0.01308	0.01494	0.01681	0.00934	0.01308	0.01681	0.01868	0.02428	0.04296	0.09153	0.04670	0.02242	0.01121	0.00374	0.00747	0.60960	0.00747	0.00747
1	0.03081	0.02365	0.02427	0.01880	0.02516	0.06324	0.01544	0.60212	0.03727	0.04933	0.01908	0.01920	0.01361	0.00966	0.00807	0.00242	0.00926	0.00718	0.00789	0.01354
2	0.01004	0.00824	0.00884	0.00869	0.01124	0.00704	0.00652	0.01252	0.01956	0.02445	0.21966	0.07393	0.52189	0.01961	0.00959	0.00270	0.00404	0.01654	0.00787	0.00704
3	0.02912	0.03669	0.02317	0.02094	0.02473	0.62003	0.01587	0.03118	0.02199	0.01983	0.01236	0.01493	0.01047	0.00891	0.00914	0.00223	0.07950	0.00540	0.00412	0.00936
4	0.01532	0.01442	0.02434	0.69533	0.05589	0.01803	0.02253	0.02073	0.01622	0.02073	0.01442	0.02163	0.01082	0.00811	0.00811	0.00270	0.01082	0.00721	0.00361	0.00901
5	0.00959	0.00822	0.00822	0.00822	0.01096	0.00685	0.00617	0.01165	0.01850	0.02192	0.08220	0.07809	0.66092	0.02055	0.00959	0.00274	0.00411	0.01713	0.00754	0.00685
6	0.03031	0.03867	0.02299	0.02090	0.02508	0.68226	0.01568	0.03240	0.02299	0.01986	0.01254	0.01463	0.01045	0.00836	0.00732	0.00209	0.01463	0.00523	0.00418	0.00941
7	0.02008	0.01928	0.03294	0.04981	0.66422	0.01928	0.02490	0.02490	0.01848	0.02651	0.01526	0.02008	0.01285	0.00723	0.00803	0.00241	0.00964	0.00723	0.00402	0.01285
8	0.01300	0.00891	0.00966	0.00908	0.01222	0.00752	0.00695	0.01527	0.01929	0.10257	0.10358	0.07101	0.55375	0.01906	0.00941	0.00270	0.00444	0.01590	0.00791	0.00775
9	0.00968	0.00787	0.00858	0.00916	0.01121	0.00677	0.00658	0.01154	0.01759	0.02155	0.07079	0.27041	0.47597	0.02203	0.00982	0.00291	0.00429	0.01893	0.00753	0.00677
10	0.01001	0.00712	0.00938	0.01114	0.01157	0.00668	0.00736	0.01133	0.01529	0.02038	0.04345	0.66579	0.05206	0.07137	0.01242	0.00360	0.00492	0.02232	0.00736	0.00648
11	0.01617	0.00857	0.00868	0.00830	0.01050	0.00874	0.00632	0.06011	0.01843	0.03164	0.02600	0.02953	0.02033	0.00947	0.00584	0.00193	0.00412	0.00755	0.70978	0.00798
12	0.03176	0.02127	0.02345	0.01798	0.02443	0.02299	0.01485	0.53921	0.03570	0.15255	0.02154	0.02082	0.01483	0.00979	0.00812	0.00245	0.00860	0.00745	0.00843	0.01380
13	0.02029	0.02060	0.02980	0.18934	0.45030	0.10101	0.02324	0.02491	0.01854	0.02441	0.01474	0.01975	0.01210	0.00757	0.00796	0.00244	0.01052	0.00698	0.00395	0.01158
14	0.01094	0.00827	0.01009	0.00964	0.01179	0.00742	0.00723	0.01426	0.02168	0.02948	0.49335	0.06565	0.24506	0.01773	0.00958	0.00261	0.00391	0.01538	0.00853	0.00742
15	0.10977	0.03872	0.59105	0.02159	0.03272	0.01877	0.02736	0.02547	0.01672	0.02702	0.01416	0.01664	0.01009	0.00769	0.00738	0.00256	0.01129	0.00580	0.00362	0.01160
16	0.01016	0.00718	0.00933	0.01095	0.01135	0.00677	0.00716	0.01137	0.01500	0.02000	0.04196	0.61503	0.05019	0.12468	0.01481	0.00395	0.00516	0.02145	0.00716	0.00635
17	0.01903	0.01802	0.03055	0.12733	0.54582	0.01846	0.02382	0.02385	0.01821	0.02565	0.01701	0.02504	0.01486	0.00835	0.00825	0.00253	0.00964	0.04737	0.00420	0.01202
18	0.02884	0.02173	0.02322	0.01826	0.02440	0.02423	0.01494	0.52551	0.15306	0.04791	0.02203	0.02151	0.01586	0.00998	0.00814	0.00249	0.00846	0.00766	0.00814	0.01362
19	0.00959	0.00822	0.00822	0.00822	0.01096	0.00685	0.00617	0.01165	0.01850	0.02192	0.08220	0.07809	0.66092	0.02055	0.00959	0.00274	0.00411	0.01713	0.00754	0.00685
20	0.16692	0.18433	0.33414	0.01883	0.02767	0.02132	0.06163	0.02462	0.01670	0.02664	0.03927	0.01750	0.01281	0.00780	0.00682	0.00238	0.00991	0.00590	0.00402	0.01076
21	0.01985	0.01904	0.03252	0.08121	0.63462	0.01922	0.02479	0.02470	0.01837	0.02623	0.01522	0.02016	0.01275	0.00727	0.00804	0.00242	0.00970	0.00723	0.00400	0.01267
22	0.01083	0.00849	0.00994	0.01021	0.01256	0.00760	0.00808	0.01368	0.01960	0.02498	0.21081	0.07696	0.38337	0.02003	0.00995	0.00292	0.00480	0.15016	0.00785	0.00718
23	0.01895	0.37619	0.36198	0.01857	0.02807	0.02538	0.02204	0.02501	0.01681	0.02244	0.01294	0.01510	0.01035	0.00733	0.00647	0.00216	0.01036	0.00518	0.00345	0.01121
24	0.01180	0.00787	0.00885	0.00885	0.00885	0.00787	0.00492	0.01180	0.01180	0.01573	0.02557	0.05310	0.02950	0.71483	0.04130	0.00787	0.00787	0.01180	0.00492	0.00492
25	0.01159	0.00869	0.01304	0.01304	0.01449	0.01014	0.01014	0.01449	0.01304	0.01884	0.02173	0.03188	0.02029	0.06086	0.68268	0.01304	0.02173	0.00869	0.00435	0.00724
26	0.02706	0.01561	0.01840	0.01535	0.02058	0.01617	0.01226	0.07420	0.30903	0.30257	0.07324	0.03054	0.02558	0.01090	0.00829	0.00262	0.00660	0.00900	0.00905	0.01296
27	0.06902	0.06041	0.13620	0.05019	0.02715	0.10520	0.01760	0.30467	0.08809	0.03735	0.01796	0.01893	0.01324	0.00900	0.00764	0.00243	0.00985	0.00668	0.00621	0.01217
28	0.02859	0.01471	0.01791	0.01453	0.02008	0.01426	0.01172	0.06605	0.19029	0.38611	0.03563	0.03217	0.07972	0.01110	0.00823	0.00254	0.00658	0.00909	0.00904	0.04163
29	0.09852	0.02092	0.02223	0.01741	0.02358	0.02307	0.01431	0.48052	0.09172	0.09462	0.02093	0.02052	0.01483	0.00968	0.00785	0.00248	0.00830	0.00728	0.00799	0.01325
30	0.02939	0.03693	0.02389	0.02350	0.08248	0.62272	0.01651	0.03173	0.02259	0.02046	0.01279	0.01512	0.01067	0.00826	0.00738	0.00212	0.01418	0.00541	0.00417	0.00972
31	0.05062	0.13852	0.02533	0.17797	0.03036	0.16739	0.01573	0.11632	0.02146	0.06928	0.01529	0.01783	0.01180	0.00806	0.00709	0.00216	0.01001	0.00597	0.00501	0.10379
32	0.01089	0.00827	0.01003	0.00959	0.01176	0.00741	0.00719	0.01417	0.02158	0.02923	0.47997	0.06606	0.25859	0.01782	0.00958	0.00261	0.00392	0.01544	0.00850	0.00741
33	0.01168	0.00842	0.01112	0.01079	0.01270	0.00786	0.00833	0.01550	0.02244	0.03152	0.58362	0.06444	0.07287	0.01731	0.00977	0.00270	0.00428	0.08826	0.00875	0.00763
34	0.02264	0.02010	0.03089	0.04240	0.51217	0.02068	0.02265	0.17057	0.02316	0.03237	0.01627	0.01994	0.01308	0.00783	0.00805	0.00242	0.00947	0.00725	0.00499	0.01308
35	0.02360	0.56874	0.03819	0.01544	0.02177	0.17624	0.01428	0.02609	0.01793	0.01926	0.01156	0.01337	0.01042	0.00726	0.00567	0.00181	0.01000	0.00454	0.00363	0.01019
36	0.01180	0.00787	0.00885	0.00885	0.00885	0.00787	0.00492	0.01180	0.01180	0.01573	0.02557	0.05310	0.02950	0.71483	0.04130	0.00787	0.00787	0.01180	0.00492	0.00492
37	0.01517	0.00919	0.01155	0.17120	0.02050	0.01005	0.00968	0.01934	0.01683	0.02799	0.02360	0.02820	0.01842	0.00913	0.00625	0.00208	0.00546	0.00748	0.57994	0.00791
38	0.02357	0.17935	0.21499	0.01733	0.02503	0.02030	0.01784	0.03293	0.16250	0.19270	0.02255	0.02192	0.01614	0.00889	0.00740	0.00241	0.00867	0.00691	0.00625	0.01231
39	0.01187	0.00810	0.01003	0.01003	0.01052	0.00852	0.00648	0.01287	0.01237	0.01721	0.02448	0.04599	0.02646	0.49575	0.22755	0.00915	0.01176	0.01072	0.03445	0.00570
40	0.01180	0.00787	0.00885	0.00885	0.00885	0.00787	0.00492	0.01180	0.01180	0.01573	0.02557	0.05310	0.02950	0.71483	0.04130	0.00787	0.00787	0.01180	0.00492	0.00492
41	0.01009	0.00715	0.00936	0.01104	0.01146	0.00673	0.00725	0.01135	0.01514	0.02018	0.04268	0.63956	0.05109	0.09891	0.01366	0.00378	0.00504	0.02187	0.00725	0.00641
42	0.01683	0.01442	0.01683	0.01202	0.01923	0.01082	0.00961	0.02043	0.01683	0.02644	0.01442	0.01683	0.01202	0.00601	0.00601	0.00120	0.00601	0.00481	0.00481	0.76444
43	0.01764	0.01515	0.02244	0.01874	0.02302	0.01558	0.14964	0.10005	0.14847	0.02958	0.07399	0.04850	0.06661	0.07677	0.01237	0.00339	0.00841	0.15295	0.00684	0.00986
44	0.00989	0.00706	0.00942	0.01130	0.01177	0.00659	0.00753	0.01130	0.01554	0.02071	0.04472	0.70954	0.05367	0.02542	0.01036	0.00330	0.00471	0.02307	0.00753	0.00659
45	0.02008	0.01928	0.03294	0.04981	0.66422	0.01928	0.02490	0.02490	0.01848	0.02651	0.01526	0.02008	0.01285	0.00723	0.00803	0.00241	0.00964	0.00723	0.00402	0.01285
46	0.01159	0.00869	0.01304	0.01304	0.01449	0.01014	0.01014	0.01449	0.01304	0.01884	0.02173	0.03188	0.02029	0.06086	0.68268	0.01304	0.02173	0.00869	0.00435	0.00724
47	0.02982	0.03508	0.02330	0.02056	0.02492	0.54379	0.01573	0.13119	0.02500	0.02498	0.01360	0.01557	0.01101	0.00886	0.00834	0.00221	0.04547	0.00565	0.00480	0.01010
48	0.03031	0.03867	0.02299	0.02090	0.02508	0.68226	0.01568	0.03240	0.02299	0.01986	0.01254	0.01463	0.01045	0.00836	0.00732	0.00209	0.01463	0.00523	0.00418	0.00941
49	0.01177	0.00797	0.00937	0.00937	0.00955	0.00815	0.00556	0.01213	0.01195	0.01612	0.02509	0.05047	0.02836	0.63394	0.12063	0.00851	0.00958	0.01142	0.00485	0.00520
50	0.02715	0.03003	0.02375	0.02056	0.02412	0.37931	0.01617	0.15041	0.02329	0.02605	0.01344	0.01642	0.01118	0.01016	0.01250	0.00254	0.19184	0.00613	0.00481	0.01015
51	0.01097	0.00822	0.01017	0.00980	0.01184	0.00742	0.00731	0.01427	0.02157	0.02951	0.49657	0.09599	0.21065	0.01793	0.00961	0.00263	0.00394	0.01565	0.00854	0.00742
52	0.01733	0.04924	0.18958	0.01596	0.02180	0.01531	0.01554	0.09871	0.09506	0.05157	0.08576	0.17953	0.06011	0.01365	0.00849	0.00263	0.00756	0.01158	0.00650	0.05408
53	0.01227	0.00819	0.01125	0.01125	0.01221	0.00899	0.00811	0.01376	0.01280	0.01854	0.02213	0.03589	0.02176	0.20780	0.38876	0.10369	0.01501	0.00913	0.07223	0.00626
54	0.02583	0.02017	0.01988	0.01708	0.02208	0.10728	0.01359	0.15646	0.30049	0.13940	0.02812	0.02971	0.02139	0.01101	0.00828	0.00263	0.00816	0.04813	0.00793	0.01237
55	0.01172	0.00783	0.00887	0.00896	0.00898	0.00781	0.00503	0.01178	0.01196	0.01595	0.02640	0.08160	0.03055	0.68490	0.03996	0.00767	0.00773	0.01229	0.00503	0.00499
56	0.02308	0.02662	0.02407	0.02113	0.02291	0.30358	0.01687	0.02499	0.01691	0.01967	0.01145	0.01643	0.01057	0.01173	0.01844	0.00293	0.40941	0.00631	0.00382	0.00910
57	0.01965	0.01898	0.02379	0.02412	0.16479	0.07635	0.05634	0.02741	0.14564	0.02695	0.01812	0.02046	0.01458	0.00803	0.00846	0.00210	0.04840	0.00672	0.00515	0.28397
58	0.01963	0.01415	0.05832	0.01292	0.01808	0.01135	0.01097	0.02544	0.08703	0.18136	0.19572	0.03887	0.10248	0.01194	0.00819	0.00229	0.00589	0.01005	0.00769	0.17764
59	0.01956	0.23784	0.17808	0.02375	0.08619	0.02350	0.14385	0.02842	0.13234	0.02532	0.01735	0.01949	0.01359	0.00786	0.00745	0.00237	0.01010	0.00690	0.00451	0.01153

[dist]
# distance from previous block
# <min> <max>
0	2

[block]
# block no. 1 follows, 23 sequences, length 41
# corresponding to MSA columns:
# 62-102
name=unknown_B
#
# <colnr> <probs for GDERKNQSTAVLIFYWHMCP>
#	G	D	E	R	K	N	Q	S	T	A	V	L	I	F	Y	W	H	M	C	P
0	0.10429	0.21456	0.03008	0.02770	0.26739	0.02208	0.01723	0.02836	0.09303	0.09547	0.01763	0.01937	0.01392	0.00793	0.00695	0.00228	0.00833	0.00644	0.00512	0.01183
1	0.02057	0.27889	0.13161	0.02530	0.16912	0.08200	0.01965	0.02453	0.01690	0.02192	0.01268	0.01619	0.01099	0.00849	0.01008	0.00236	0.12842	0.00580	0.00366	0.01086
2	0.01627	0.04197	0.67279	0.02313	0.03512	0.01884	0.02998	0.02570	0.01713	0.02570	0.01456	0.01713	0.01028	0.00771	0.00771	0.00257	0.01199	0.00600	0.00343	0.01199
3	0.01980	0.01899	0.03243	0.08814	0.62810	0.01921	0.02476	0.02465	0.01834	0.02617	0.01521	0.02017	0.01273	0.00728	0.00804	0.00243	0.00971	0.00723	0.00399	0.01262
4	0.01032	0.00825	0.00923	0.00898	0.01141	0.00716	0.00674	0.01305	0.02021	0.02600	0.30409	0.07138	0.43649	0.01903	0.00958	0.00267	0.00400	0.01618	0.00807	0.00716
5	0.01214	0.01008	0.01093	0.01036	0.01261	0.04752	0.00777	0.01544	0.02188	0.02921	0.48107	0.06213	0.21467	0.01706	0.00944	0.00257	0.00454	0.01471	0.00831	0.00756
6	0.00989	0.00706	0.00942	0.01130	0.01177	0.00659	0.00753	0.01130	0.01554	0.02071	0.04472	0.70954	0.05367	0.02542	0.01036	0.00330	0.00471	0.02307	0.00753	0.00659
7	0.01452	0.00876	0.01099	0.01050	0.01106	0.00897	0.00682	0.06514	0.01350	0.01802	0.01966	0.03686	0.02092	0.33182	0.03394	0.36218	0.00757	0.00918	0.00454	0.00503
8	0.01759	0.01510	0.01717	0.01304	0.01965	0.01294	0.01035	0.02557	0.16008	0.02814	0.01863	0.01987	0.01491	0.00714	0.00652	0.00155	0.00610	0.00580	0.00559	0.59427
9	0.01649	0.01561	0.02644	0.53721	0.20490	0.01833	0.02311	0.02175	0.01678	0.02215	0.01463	0.02125	0.01132	0.00790	0.00809	0.00263	0.01053	0.00722	0.00371	0.00995
10	0.03031	0.03867	0.02299	0.02090	0.02508	0.68226	0.01568	0.03240	0.02299	0.01986	0.01254	0.01463	0.01045	0.00836	0.00732	0.00209	0.01463	0.00523	0.00418	0.00941
11	0.22138	0.02032	0.02649	0.06532	0.36721	0.09127	0.04542	0.02529	0.01765	0.02813	0.01392	0.01780	0.01139	0.00746	0.00722	0.00243	0.00951	0.00635	0.00429	0.01114
12	0.01990	0.52655	0.18357	0.01593	0.02371	0.02788	0.01732	0.02407	0.01644	0.02057	0.01261	0.01500	0.01093	0.01013	0.04362	0.00256	0.01016	0.00496	0.00351	0.01059
13	0.01649	0.01411	0.01631	0.01690	0.07541	0.01518	0.01190	0.03002	0.34983	0.02993	0.11120	0.04666	0.17118	0.01402	0.00884	0.00275	0.00598	0.04490	0.00775	0.01065
14	0.01633	0.01566	0.02213	0.01940	0.01973	0.02146	0.01600	0.01836	0.01257	0.01937	0.01321	0.02101	0.01287	0.02497	0.17804	0.00574	0.54344	0.00747	0.00373	0.00850
15	0.01544	0.01308	0.01358	0.01245	0.01622	0.01374	0.00962	0.06044	0.29728	0.02884	0.05706	0.05378	0.34485	0.01575	0.00892	0.00273	0.00540	0.01308	0.00789	0.00988
16	0.00965	0.00798	0.00846	0.00885	0.01113	0.00680	0.00644	0.01157	0.01789	0.02167	0.07454	0.20720	0.53676	0.02155	0.00975	0.00285	0.00423	0.01834	0.00753	0.00680
17	0.03031	0.03867	0.02299	0.02090	0.02508	0.68226	0.01568	0.03240	0.02299	0.01986	0.01254	0.01463	0.01045	0.00836	0.00732	0.00209	0.01463	0.00523	0.00418	0.00941
18	0.00989	0.00706	0.00942	0.01130	0.01177	0.00659	0.00753	0.01130	0.01554	0.02071	0.04472	0.70954	0.05367	0.02542	0.01036	0.00330	0.00471	0.02307	0.00753	0.00659
19	0.21589	0.02315	0.02082	0.01986	0.09150	0.17301	0.01423	0.22038	0.02472	0.06492	0.01625	0.01771	0.01227	0.00859	0.00703	0.00235	0.00932	0.00613	0.04073	0.01113
20	0.00989	0.00706	0.00942	0.01130	0.01177	0.00659	0.00753	0.01130	0.01554	0.02071	0.04472	0.70954	0.05367	0.02542	0.01036	0.00330	0.00471	0.02307	0.00753	0.00659
21	0.01159	0.00869	0.01304	0.01304	0.01449	0.01014	0.01014	0.01449	0.01304	0.01884	0.02173	0.03188	0.02029	0.06086	0.68268	0.01304	0.02173	0.00869	0.00435	0.00724
22	0.01882	0.01799	0.03066	0.22093	0.50295	0.01895	0.02427	0.02380	0.01788	0.02498	0.01504	0.02049	0.01231	0.00746	0.00805	0.00249	0.00995	0.00722	0.00391	0.01184
23	0.01276	0.00954	0.01373	0.01338	0.01514	0.01105	0.01046	0.05224	0.01456	0.02079	0.02160	0.03113	0.01989	0.05776	0.64178	0.01240	0.02096	0.00861	0.00458	0.00764
24	0.03085	0.02273	0.02435	0.01867	0.02516	0.02516	0.01542	0.63716	0.03815	0.05114	0.01948	0.01948	0.01380	0.00974	0.00812	0.00244	0.00893	0.00731	0.00812	0.01380
25	0.01851	0.02000	0.03735	0.02830	0.03276	0.02250	0.35265	0.02304	0.01608	0.02304	0.01378	0.02000	0.01155	0.01021	0.01737	0.00311	0.32746	0.00844	0.00385	0.01000
26	0.01710	0.01854	0.03912	0.02890	0.03540	0.01737	0.49093	0.02281	0.01866	0.02532	0.05111	0.14983	0.02284	0.01070	0.00972	0.00283	0.01158	0.01228	0.00495	0.00999
27	0.00997	0.00719	0.00944	0.01108	0.01175	0.00667	0.00747	0.01155	0.01612	0.02147	0.08282	0.63993	0.08520	0.02466	0.01027	0.00322	0.00463	0.02228	0.00761	0.00667
28	0.01159	0.00869	0.01304	0.01304	0.01449	0.01014	0.01014	0.01449	0.01304	0.01884	0.02173	0.03188	0.02029	0.06086	0.68268	0.01304	0.02173	0.00869	0.00435	0.00724
29	0.02246	0.40909	0.18071	0.01760	0.02505	0.17916	0.01794	0.02648	0.01813	0.02076	0.01231	0.01432	0.01039	0.00744	0.00626	0.00201	0.01080	0.00492	0.00362	0.01054
30	0.01532	0.01442	0.02434	0.69533	0.05589	0.01803	0.02253	0.02073	0.01622	0.02073	0.01442	0.02163	0.01082	0.00811	0.00811	0.00270	0.01082	0.00721	0.00361	0.00901
31	0.01013	0.00831	0.00900	0.00926	0.01175	0.00718	0.00712	0.01246	0.01867	0.02279	0.11108	0.10477	0.52835	0.02073	0.00981	0.00287	0.00451	0.08666	0.00761	0.00696
32	0.01022	0.00797	0.00928	0.00952	0.01149	0.00703	0.00692	0.01265	0.01914	0.02479	0.24508	0.21864	0.34728	0.02050	0.00976	0.00281	0.00416	0.01777	0.00795	0.00703
33	0.01291	0.00895	0.01074	0.01039	0.01112	0.00943	0.00674	0.05032	0.01368	0.01858	0.02433	0.04626	0.02646	0.52402	0.18450	0.00871	0.01107	0.01082	0.00498	0.00598
34	0.00989	0.00706	0.00942	0.01130	0.01177	0.00659	0.00753	0.01130	0.01554	0.02071	0.04472	0.70954	0.05367	0.02542	0.01036	0.00330	0.00471	0.02307	0.00753	0.00659
35	0.02169	0.71972	0.04252	0.01388	0.02083	0.03211	0.01388	0.02430	0.01649	0.01909	0.01128	0.01302	0.01041	0.00694	0.00521	0.00174	0.00868	0.00434	0.00347	0.01041
36	0.02197	0.01825	0.02683	0.23115	0.26541	0.01995	0.02065	0.16677	0.05975	0.06316	0.01787	0.02138	0.01353	0.00844	0.00810	0.00253	0.00950	0.00740	0.00539	0.01198
37	0.02008	0.01928	0.03294	0.04981	0.66422	0.01928	0.02490	0.02490	0.01848	0.02651	0.01526	0.02008	0.01285	0.00723	0.00803	0.00241	0.00964	0.00723	0.00402	0.01285
38	0.01171	0.00783	0.00888	0.00897	0.00899	0.00781	0.00504	0.01178	0.01198	0.01597	0.02648	0.08424	0.03065	0.68213	0.03983	0.00765	0.00772	0.01233	0.00504	0.00500
39	0.02226	0.01577	0.01799	0.01533	0.01928	0.01700	0.01198	0.34054	0.02720	0.06308	0.02734	0.20708	0.02633	0.06137	0.08423	0.00415	0.00905	0.01196	0.00744	0.01064
40	0.01705	0.11473	0.57227	0.02345	0.06483	0.02031	0.02797	0.02550	0.01713	0.02502	0.01424	0.01683	0.01042	0.00760	0.00745	0.00247	0.01151	0.00588	0.00346	0.01186

[dist]
# distance from previous block
# <min> <max>
0	3

# created by:
# /home/cegg/simao/soft/augustus-3.2.1/scripts/msa2prfl.pl ./align_prep/14665.fa
