[name]
unknown

[dist]
# distance from previous block
# <min> <max>
0	0

[block]
# block no. 0 follows, 19 sequences, length 6
# corresponding to MSA columns:
# 0-5
name=unknown_A
#
# <colnr> <probs for GDERKNQSTAVLIFYWHMCP>
#	G	D	E	R	K	N	Q	S	T	A	V	L	I	F	Y	W	H	M	C	P
0	0.01442	0.01030	0.01442	0.01648	0.01854	0.01030	0.01442	0.01854	0.02060	0.02677	0.04737	0.10092	0.05149	0.02471	0.01236	0.00412	0.00824	0.56956	0.00824	0.00824
1	0.02448	0.03139	0.24779	0.03336	0.22511	0.02318	0.02607	0.21258	0.02685	0.03768	0.01805	0.02077	0.01350	0.00905	0.00876	0.00273	0.01130	0.00751	0.00566	0.01417
2	0.02431	0.25157	0.27439	0.02126	0.03051	0.13965	0.02283	0.08787	0.02221	0.02770	0.01504	0.01719	0.01181	0.00859	0.00758	0.00243	0.01222	0.00602	0.00447	0.01235
3	0.02776	0.12544	0.07355	0.03149	0.20411	0.33842	0.02107	0.03157	0.02247	0.02437	0.01467	0.01784	0.01228	0.00859	0.00801	0.00239	0.01342	0.00633	0.00439	0.01183
4	0.01734	0.01309	0.01462	0.01366	0.01687	0.01316	0.01028	0.17888	0.02524	0.03276	0.05477	0.30177	0.22976	0.02140	0.01045	0.00317	0.00630	0.01840	0.00849	0.00961
5	0.01873	0.01462	0.07728	0.01870	0.06718	0.01152	0.01464	0.02243	0.01997	0.13799	0.04042	0.30176	0.04221	0.02059	0.01071	0.00344	0.00760	0.15206	0.00805	0.01010

[dist]
# distance from previous block
# <min> <max>
0	1

[block]
# block no. 1 follows, 19 sequences, length 29
# corresponding to MSA columns:
# 7-35
name=unknown_B
#
# <colnr> <probs for GDERKNQSTAVLIFYWHMCP>
#	G	D	E	R	K	N	Q	S	T	A	V	L	I	F	Y	W	H	M	C	P
0	0.16913	0.02085	0.08800	0.01729	0.02307	0.02003	0.01523	0.07586	0.20441	0.03449	0.02268	0.02461	0.01779	0.01684	0.08351	0.00412	0.05677	0.00774	0.00649	0.09108
1	0.02392	0.69097	0.04688	0.01531	0.02296	0.03540	0.01531	0.02679	0.01818	0.02105	0.01244	0.01435	0.01148	0.00765	0.00574	0.00191	0.00957	0.00478	0.00383	0.01148
2	0.02945	0.05310	0.02045	0.01561	0.02119	0.01589	0.01266	0.03870	0.17812	0.33380	0.14427	0.03709	0.03450	0.01250	0.00913	0.00280	0.00695	0.01039	0.00993	0.01347
3	0.01090	0.00779	0.01038	0.01246	0.01298	0.00727	0.00830	0.01246	0.01713	0.02284	0.04931	0.67975	0.05917	0.02803	0.01142	0.00363	0.00519	0.02543	0.00830	0.00727
4	0.03103	0.02823	0.24112	0.02026	0.02947	0.01883	0.02099	0.15162	0.02658	0.30252	0.02566	0.02453	0.01690	0.01009	0.00881	0.00277	0.01006	0.00796	0.00806	0.01451
5	0.01794	0.04628	0.63923	0.02550	0.03872	0.02078	0.03305	0.02833	0.01889	0.02833	0.01606	0.01889	0.01133	0.00850	0.00850	0.00283	0.01322	0.00661	0.00378	0.01322
6	0.01278	0.00959	0.01438	0.01438	0.01598	0.01118	0.01118	0.01598	0.01438	0.02077	0.02396	0.03515	0.02237	0.06710	0.65013	0.01438	0.02396	0.00959	0.00479	0.00799
7	0.01939	0.01845	0.03135	0.37398	0.33219	0.02053	0.02609	0.02505	0.01907	0.02589	0.01634	0.02304	0.01300	0.00848	0.00890	0.00283	0.01131	0.00796	0.00419	0.01195
8	0.02405	0.02540	0.06825	0.04715	0.48435	0.09428	0.02586	0.06903	0.02240	0.03025	0.01677	0.02122	0.01378	0.00834	0.00875	0.00263	0.01135	0.00765	0.00473	0.01375
9	0.01980	0.01167	0.01399	0.01300	0.01698	0.01067	0.01051	0.02453	0.06794	0.18200	0.06367	0.07073	0.31092	0.01929	0.01041	0.00318	0.00625	0.12523	0.00906	0.01016
10	0.02215	0.02387	0.02702	0.02341	0.02427	0.14338	0.01915	0.02418	0.01587	0.02160	0.01213	0.01893	0.01170	0.01446	0.02539	0.00361	0.54749	0.00744	0.00404	0.00990
11	0.02214	0.02126	0.03631	0.05491	0.62978	0.02126	0.02746	0.02746	0.02037	0.02923	0.01683	0.02214	0.01417	0.00797	0.00886	0.00266	0.01063	0.00797	0.00443	0.01417
12	0.02264	0.02258	0.03703	0.05194	0.55351	0.05360	0.07129	0.02797	0.02068	0.02881	0.01677	0.02199	0.01399	0.00800	0.00895	0.00267	0.01126	0.00806	0.00445	0.01381
13	0.02918	0.03494	0.02824	0.03083	0.17331	0.42958	0.02000	0.03218	0.02288	0.02364	0.01433	0.01797	0.01219	0.00962	0.01057	0.00257	0.08574	0.00652	0.00449	0.01123
14	0.01278	0.00959	0.01438	0.01438	0.01598	0.01118	0.01118	0.01598	0.01438	0.02077	0.02396	0.03515	0.02237	0.06710	0.65013	0.01438	0.02396	0.00959	0.00479	0.00799
15	0.01806	0.08515	0.57051	0.02414	0.03646	0.02109	0.03071	0.02766	0.01916	0.02825	0.04622	0.02099	0.01499	0.00893	0.00843	0.00277	0.01254	0.00697	0.00408	0.01287
16	0.02017	0.15890	0.33250	0.02859	0.06960	0.02405	0.18736	0.02809	0.01946	0.02711	0.01599	0.01968	0.01214	0.00805	0.00858	0.00270	0.01292	0.00745	0.00403	0.01262
17	0.01690	0.01590	0.02683	0.66408	0.06162	0.01988	0.02485	0.02286	0.01789	0.02286	0.01590	0.02385	0.01193	0.00894	0.00894	0.00298	0.01193	0.00795	0.00398	0.00994
18	0.01095	0.00875	0.00985	0.01065	0.01282	0.00766	0.00781	0.01312	0.01939	0.02394	0.07468	0.27220	0.40869	0.02448	0.01096	0.00329	0.00500	0.05994	0.00830	0.00751
19	0.01225	0.00955	0.01218	0.01412	0.04272	0.00882	0.01014	0.01500	0.01973	0.02526	0.09293	0.26260	0.26033	0.02384	0.01118	0.00344	0.00589	0.15381	0.00819	0.00799
20	0.01982	0.02115	0.07929	0.20565	0.40387	0.02010	0.02606	0.02553	0.01962	0.02725	0.02069	0.02593	0.04782	0.00909	0.00895	0.00277	0.01082	0.00847	0.00448	0.01264
21	0.01794	0.04628	0.63923	0.02550	0.03872	0.02078	0.03305	0.02833	0.01889	0.02833	0.01606	0.01889	0.01133	0.00850	0.00850	0.00283	0.01322	0.00661	0.00378	0.01322
22	0.02929	0.03480	0.02937	0.03473	0.24837	0.41932	0.02101	0.03269	0.02353	0.02458	0.01493	0.01834	0.01249	0.00876	0.00836	0.00243	0.01412	0.00657	0.00454	0.01176
23	0.01841	0.04349	0.57198	0.02878	0.10465	0.02083	0.03243	0.02823	0.01905	0.02843	0.01614	0.01925	0.01165	0.00844	0.00854	0.00281	0.01293	0.00676	0.00385	0.01333
24	0.01363	0.01708	0.12856	0.01551	0.01884	0.04519	0.01367	0.01705	0.01828	0.02410	0.04328	0.45568	0.07771	0.02288	0.01070	0.00341	0.00742	0.05112	0.00725	0.00862
25	0.01626	0.01660	0.01534	0.01505	0.01758	0.14953	0.03814	0.01847	0.02005	0.02328	0.05164	0.33491	0.20622	0.02139	0.01040	0.00314	0.00789	0.01854	0.00731	0.00826
26	0.01794	0.04628	0.63923	0.02550	0.03872	0.02078	0.03305	0.02833	0.01889	0.02833	0.01606	0.01889	0.01133	0.00850	0.00850	0.00283	0.01322	0.00661	0.00378	0.01322
27	0.02167	0.02405	0.10357	0.05163	0.56385	0.02120	0.02808	0.02755	0.02021	0.02913	0.01674	0.02178	0.01385	0.00803	0.00882	0.00268	0.01092	0.00782	0.00436	0.01407
28	0.01714	0.02968	0.30053	0.07551	0.03693	0.01821	0.17376	0.02450	0.01900	0.02678	0.02390	0.16614	0.02250	0.01258	0.00971	0.00307	0.01184	0.01189	0.00498	0.01135

[dist]
# distance from previous block
# <min> <max>
0	8

[block]
# block no. 2 follows, 19 sequences, length 37
# corresponding to MSA columns:
# 44-80
name=unknown_C
#
# <colnr> <probs for GDERKNQSTAVLIFYWHMCP>
#	G	D	E	R	K	N	Q	S	T	A	V	L	I	F	Y	W	H	M	C	P
0	0.01708	0.01583	0.02501	0.16293	0.29964	0.01619	0.01986	0.02141	0.01962	0.02607	0.03909	0.09100	0.18238	0.01370	0.00954	0.00290	0.00882	0.01227	0.00569	0.01099
1	0.01697	0.01497	0.01864	0.02248	0.15805	0.04308	0.01374	0.07743	0.02182	0.02802	0.05098	0.13632	0.25957	0.02237	0.07097	0.00403	0.00897	0.01463	0.00697	0.01000
2	0.02197	0.02174	0.03909	0.05202	0.53164	0.02149	0.12337	0.02766	0.02050	0.02913	0.01704	0.02248	0.01407	0.00790	0.00914	0.00272	0.01138	0.00841	0.00444	0.01382
3	0.02970	0.03558	0.02897	0.03357	0.22639	0.44226	0.02064	0.03300	0.02371	0.02432	0.01482	0.01812	0.01240	0.00881	0.00833	0.00242	0.01432	0.00649	0.00455	0.01163
4	0.01833	0.08741	0.60143	0.02485	0.03772	0.02171	0.03192	0.02823	0.01884	0.02787	0.01582	0.01860	0.01134	0.00845	0.00832	0.00277	0.01299	0.00649	0.00378	0.01311
5	0.01908	0.07021	0.20809	0.03006	0.07525	0.02091	0.26789	0.02624	0.01913	0.02679	0.01807	0.02378	0.01434	0.01787	0.11722	0.00478	0.01542	0.00876	0.00431	0.01180
6	0.02713	0.01734	0.01697	0.01447	0.01936	0.11807	0.01137	0.03004	0.02376	0.28478	0.08848	0.04941	0.23099	0.01519	0.00948	0.00278	0.00778	0.01230	0.00896	0.01135
7	0.01278	0.00959	0.01438	0.01438	0.01598	0.01118	0.01118	0.01598	0.01438	0.02077	0.02396	0.03515	0.02237	0.06710	0.65013	0.01438	0.02396	0.00959	0.00479	0.00799
8	0.02043	0.01951	0.03321	0.25416	0.44394	0.02081	0.02660	0.02595	0.01956	0.02714	0.01653	0.02270	0.01344	0.00829	0.00889	0.00276	0.01105	0.00796	0.00428	0.01279
9	0.02112	0.02413	0.05279	0.03771	0.04676	0.02262	0.59729	0.02866	0.02112	0.02866	0.01810	0.02413	0.01357	0.00754	0.01056	0.00302	0.01508	0.01056	0.00452	0.01207
10	0.01090	0.00779	0.01038	0.01246	0.01298	0.00727	0.00830	0.01246	0.01713	0.02284	0.04931	0.67975	0.05917	0.02803	0.01142	0.00363	0.00519	0.02543	0.00830	0.00727
11	0.02120	0.02391	0.05151	0.03905	0.09219	0.02252	0.55288	0.02856	0.02106	0.02870	0.01800	0.02398	0.01362	0.00757	0.01043	0.00299	0.01474	0.01036	0.00452	0.01223
12	0.01091	0.00908	0.00953	0.00941	0.01229	0.00769	0.00706	0.01348	0.02118	0.02604	0.17588	0.08303	0.53973	0.02196	0.01057	0.00299	0.00448	0.01845	0.00855	0.00769
13	0.01933	0.19569	0.50195	0.02314	0.03507	0.02417	0.02894	0.02797	0.01872	0.02664	0.01522	0.01784	0.01137	0.00830	0.00786	0.00262	0.01237	0.00619	0.00379	0.01282
14	0.02173	0.02084	0.03557	0.10238	0.58550	0.02115	0.02725	0.02710	0.02018	0.02873	0.01676	0.02228	0.01400	0.00805	0.00886	0.00268	0.01073	0.00797	0.00439	0.01384
15	0.02392	0.69097	0.04688	0.01531	0.02296	0.03540	0.01531	0.02679	0.01818	0.02105	0.01244	0.01435	0.01148	0.00765	0.00574	0.00191	0.00957	0.00478	0.00383	0.01148
16	0.01773	0.01676	0.02834	0.56698	0.15219	0.02010	0.02526	0.02359	0.01828	0.02387	0.01605	0.02358	0.01228	0.00879	0.00893	0.00293	0.01172	0.00795	0.00405	0.01061
17	0.01794	0.04628	0.63923	0.02550	0.03872	0.02078	0.03305	0.02833	0.01889	0.02833	0.01606	0.01889	0.01133	0.00850	0.00850	0.00283	0.01322	0.00661	0.00378	0.01322
18	0.01278	0.00959	0.01438	0.01438	0.01598	0.01118	0.01118	0.01598	0.01438	0.02077	0.02396	0.03515	0.02237	0.06710	0.65013	0.01438	0.02396	0.00959	0.00479	0.00799
19	0.03401	0.02506	0.02685	0.02058	0.02774	0.02774	0.01700	0.59995	0.04206	0.05638	0.02148	0.02148	0.01521	0.01074	0.00895	0.00268	0.00984	0.00805	0.00895	0.01521
20	0.01523	0.01325	0.01948	0.02650	0.22462	0.01266	0.01537	0.01874	0.01993	0.02614	0.05192	0.15558	0.23519	0.01878	0.01041	0.00317	0.00734	0.10882	0.00697	0.00989
21	0.02112	0.02413	0.05279	0.03771	0.04676	0.02262	0.59729	0.02866	0.02112	0.02866	0.01810	0.02413	0.01357	0.00754	0.01056	0.00302	0.01508	0.01056	0.00452	0.01207
22	0.01368	0.00930	0.01298	0.01298	0.01469	0.01052	0.01004	0.01710	0.01539	0.02369	0.02517	0.03473	0.02250	0.05396	0.50091	0.01153	0.01938	0.00930	0.17408	0.00807
23	0.01278	0.00959	0.01438	0.01438	0.01598	0.01118	0.01118	0.01598	0.01438	0.02077	0.02396	0.03515	0.02237	0.06710	0.65013	0.01438	0.02396	0.00959	0.00479	0.00799
24	0.02047	0.02152	0.02247	0.02027	0.02189	0.16655	0.01617	0.02293	0.01664	0.02135	0.01641	0.02410	0.01533	0.03176	0.23678	0.00712	0.29661	0.00795	0.00438	0.00931
25	0.02168	0.04105	0.53513	0.02389	0.03605	0.01949	0.02970	0.03090	0.02002	0.13061	0.01929	0.02083	0.01315	0.00893	0.00858	0.00282	0.01228	0.00701	0.00501	0.01356
26	0.01061	0.00893	0.00920	0.00941	0.01218	0.00752	0.00695	0.01280	0.02006	0.02403	0.08642	0.14665	0.56831	0.02321	0.01066	0.00308	0.00460	0.01955	0.00831	0.00752
27	0.03342	0.04264	0.02535	0.02305	0.02766	0.64967	0.01729	0.03572	0.02535	0.02190	0.01383	0.01613	0.01152	0.00922	0.00807	0.00230	0.01613	0.00576	0.00461	0.01037
28	0.07242	0.03812	0.02496	0.02199	0.02711	0.50435	0.01682	0.13600	0.02779	0.02905	0.01512	0.01700	0.01208	0.00944	0.00809	0.00240	0.01451	0.00612	0.00544	0.01120
29	0.01130	0.00836	0.00986	0.01086	0.01197	0.00767	0.00720	0.01270	0.01711	0.02195	0.05627	0.36547	0.21566	0.17888	0.01908	0.00463	0.00581	0.02067	0.00764	0.00692
30	0.02214	0.02513	0.04009	0.06548	0.03851	0.12802	0.33701	0.02743	0.02016	0.02566	0.01785	0.05739	0.01529	0.01041	0.01334	0.00308	0.12747	0.00994	0.00461	0.01101
31	0.05572	0.02228	0.02399	0.33450	0.04225	0.16474	0.01936	0.06219	0.02107	0.02628	0.01752	0.05832	0.01478	0.00992	0.00847	0.00265	0.01156	0.00801	0.00491	0.09146
32	0.02422	0.01594	0.01921	0.08643	0.02489	0.01595	0.01330	0.15965	0.05553	0.15779	0.08693	0.04238	0.16364	0.01364	0.00925	0.00271	0.00751	0.01122	0.00841	0.08139
33	0.03021	0.03729	0.02583	0.02315	0.02669	0.50546	0.01782	0.03244	0.02265	0.02181	0.01335	0.01693	0.01158	0.01071	0.01300	0.00268	0.16749	0.00624	0.00445	0.01024
34	0.02637	0.06361	0.13579	0.02052	0.02725	0.19661	0.01843	0.03934	0.25576	0.08768	0.02512	0.02471	0.01872	0.01034	0.00853	0.00271	0.01090	0.00789	0.00681	0.01290
35	0.01390	0.01184	0.01657	0.23442	0.02999	0.01272	0.01388	0.01906	0.04978	0.02750	0.20653	0.09504	0.20146	0.01660	0.00999	0.00299	0.00714	0.01439	0.00729	0.00892
36	0.02908	0.02468	0.02959	0.02307	0.02990	0.06554	0.11404	0.33954	0.16992	0.04511	0.02388	0.02434	0.01750	0.01043	0.00920	0.00280	0.01049	0.00881	0.00796	0.01413

[dist]
# distance from previous block
# <min> <max>
0	1

[block]
# block no. 3 follows, 19 sequences, length 19
# corresponding to MSA columns:
# 82-100
name=unknown_D
#
# <colnr> <probs for GDERKNQSTAVLIFYWHMCP>
#	G	D	E	R	K	N	Q	S	T	A	V	L	I	F	Y	W	H	M	C	P
0	0.02183	0.25924	0.02842	0.01652	0.02135	0.15194	0.01391	0.02700	0.08195	0.02311	0.02382	0.02727	0.05946	0.02513	0.17625	0.00547	0.01408	0.00781	0.00512	0.01034
1	0.02732	0.23955	0.03067	0.01891	0.02439	0.26686	0.01568	0.11194	0.02383	0.02647	0.01607	0.01928	0.01372	0.01788	0.10652	0.00410	0.01435	0.00638	0.00502	0.01106
2	0.29044	0.25289	0.02820	0.01632	0.02230	0.21269	0.01385	0.02927	0.01924	0.02825	0.01286	0.01495	0.01084	0.00836	0.00636	0.00234	0.01056	0.00510	0.00468	0.01050
3	0.03065	0.02255	0.02445	0.01940	0.02560	0.02477	0.01574	0.51448	0.03844	0.05150	0.02553	0.11724	0.02161	0.01325	0.00931	0.00282	0.00917	0.01058	0.00886	0.01406
4	0.01837	0.22652	0.06076	0.01420	0.02077	0.01904	0.01292	0.02212	0.01850	0.02544	0.05719	0.02863	0.07800	0.01666	0.08552	0.00344	0.00969	0.00768	0.00524	0.26930
5	0.01279	0.01014	0.01179	0.01212	0.01487	0.00949	0.00970	0.01751	0.06312	0.02764	0.15717	0.08354	0.33979	0.02181	0.01096	0.00330	0.00570	0.17162	0.00858	0.00835
6	0.01248	0.00992	0.01470	0.18369	0.02576	0.01058	0.01265	0.01519	0.01733	0.02284	0.04053	0.50739	0.04676	0.02301	0.01077	0.00346	0.00696	0.02084	0.00717	0.00797
7	0.02896	0.18838	0.12583	0.02114	0.02831	0.28079	0.01922	0.15073	0.02620	0.02992	0.01546	0.01727	0.01226	0.00907	0.00778	0.00238	0.01286	0.00615	0.00521	0.01208
8	0.03351	0.04008	0.02557	0.02269	0.02767	0.55919	0.01725	0.11780	0.02778	0.02691	0.01494	0.01691	0.01206	0.00944	0.00820	0.00236	0.01522	0.00610	0.00524	0.01108
9	0.01278	0.00959	0.01438	0.01438	0.01598	0.01118	0.01118	0.01598	0.01438	0.02077	0.02396	0.03515	0.02237	0.06710	0.65013	0.01438	0.02396	0.00959	0.00479	0.00799
10	0.02225	0.01922	0.02023	0.01821	0.02326	0.02225	0.01416	0.04754	0.61361	0.03742	0.03641	0.03338	0.02731	0.01214	0.00910	0.00303	0.00708	0.01011	0.00910	0.01416
11	0.01878	0.04046	0.48513	0.02871	0.04083	0.02126	0.18132	0.02842	0.01947	0.02842	0.01659	0.02027	0.01192	0.00825	0.00904	0.00288	0.01371	0.00765	0.00397	0.01292
12	0.01690	0.01590	0.02683	0.66408	0.06162	0.01988	0.02485	0.02286	0.01789	0.02286	0.01590	0.02385	0.01193	0.00894	0.00894	0.00298	0.01193	0.00795	0.00398	0.00994
13	0.01090	0.00779	0.01038	0.01246	0.01298	0.00727	0.00830	0.01246	0.01713	0.02284	0.04931	0.67975	0.05917	0.02803	0.01142	0.00363	0.00519	0.02543	0.00830	0.00727
14	0.01057	0.00906	0.00906	0.00906	0.01208	0.00755	0.00680	0.01284	0.02039	0.02417	0.09063	0.08610	0.62615	0.02266	0.01057	0.00302	0.00453	0.01888	0.00831	0.00755
15	0.06832	0.06415	0.06692	0.01970	0.02529	0.27346	0.01648	0.12496	0.05591	0.05764	0.02345	0.02783	0.04648	0.01414	0.04258	0.00325	0.01259	0.03927	0.00620	0.01142
16	0.02317	0.01906	0.02092	0.01664	0.02334	0.01910	0.01327	0.15284	0.24569	0.03795	0.02473	0.02470	0.01891	0.00955	0.00804	0.00225	0.00747	0.00768	0.00749	0.31722
17	0.02758	0.02125	0.02340	0.01753	0.02502	0.02117	0.01434	0.35983	0.03229	0.04506	0.01916	0.02026	0.01440	0.00903	0.00798	0.00212	0.00851	0.00691	0.00743	0.31672
18	0.02752	0.06311	0.02521	0.02046	0.02421	0.25481	0.01638	0.03010	0.02041	0.11582	0.01731	0.02079	0.01412	0.01552	0.06280	0.00368	0.20386	0.00707	0.00540	0.05141

[dist]
# distance from previous block
# <min> <max>
0	1

[block]
# block no. 4 follows, 19 sequences, length 63
# corresponding to MSA columns:
# 102-164
name=unknown_E
#
# <colnr> <probs for GDERKNQSTAVLIFYWHMCP>
#	G	D	E	R	K	N	Q	S	T	A	V	L	I	F	Y	W	H	M	C	P
0	0.02840	0.01956	0.02299	0.09527	0.02855	0.02153	0.01586	0.26130	0.17396	0.13105	0.02602	0.02652	0.01885	0.01269	0.01126	0.06700	0.00890	0.00866	0.00827	0.01334
1	0.01278	0.00959	0.01438	0.01438	0.01598	0.01118	0.01118	0.01598	0.01438	0.02077	0.02396	0.03515	0.02237	0.06710	0.65013	0.01438	0.02396	0.00959	0.00479	0.00799
2	0.01534	0.01340	0.02136	0.01914	0.02289	0.01301	0.13249	0.02138	0.07278	0.02713	0.04855	0.14980	0.14797	0.02010	0.01125	0.00353	0.00848	0.23454	0.00757	0.00930
3	0.02355	0.15354	0.23832	0.02360	0.03324	0.02484	0.11864	0.16760	0.02478	0.03397	0.01705	0.01954	0.01282	0.00860	0.00831	0.00255	0.01157	0.00720	0.00529	0.06499
4	0.03042	0.24752	0.03216	0.02060	0.02617	0.45555	0.01666	0.03290	0.02309	0.02163	0.01339	0.01557	0.01151	0.00872	0.00733	0.00218	0.01406	0.00545	0.00436	0.01072
5	0.20147	0.21695	0.08089	0.01655	0.02273	0.17736	0.01495	0.02739	0.01993	0.02783	0.06183	0.02364	0.05619	0.01001	0.00716	0.00244	0.01015	0.00693	0.00515	0.01045
6	0.07173	0.01511	0.01752	0.01573	0.02055	0.01557	0.01275	0.03558	0.22775	0.20445	0.04301	0.05000	0.10055	0.01515	0.00961	0.00314	0.00713	0.11318	0.00918	0.01230
7	0.02378	0.01841	0.02014	0.01729	0.02281	0.02004	0.01360	0.08233	0.42822	0.09055	0.06378	0.03247	0.02750	0.01169	0.00890	0.00280	0.00713	0.00968	0.00891	0.08997
8	0.02105	0.10729	0.03945	0.21129	0.04373	0.07333	0.24560	0.02647	0.01927	0.02466	0.01566	0.02164	0.01246	0.00905	0.01152	0.00292	0.09103	0.00838	0.00421	0.01098
9	0.25874	0.02868	0.02144	0.01853	0.02406	0.25603	0.01457	0.16554	0.07232	0.03694	0.01696	0.01823	0.01305	0.00952	0.00756	0.00260	0.01104	0.00635	0.00627	0.01159
10	0.01129	0.00874	0.01135	0.06287	0.01658	0.00833	0.00924	0.01337	0.01799	0.02317	0.05680	0.48287	0.19423	0.02521	0.01102	0.00343	0.00556	0.02245	0.00797	0.00755
11	0.01265	0.01061	0.01148	0.01308	0.01408	0.05780	0.00892	0.01431	0.01798	0.02285	0.04908	0.59084	0.09050	0.02622	0.01110	0.00349	0.00601	0.02348	0.00801	0.00753
12	0.05927	0.44844	0.03843	0.01769	0.02407	0.20943	0.01579	0.02910	0.01991	0.02217	0.01281	0.01508	0.01142	0.00845	0.00735	0.00215	0.03811	0.00519	0.00413	0.01101
13	0.13148	0.27350	0.03111	0.01830	0.02418	0.29530	0.01528	0.03189	0.05953	0.02520	0.01459	0.01638	0.01227	0.00871	0.00693	0.00228	0.01184	0.00556	0.00475	0.01092
14	0.30524	0.21468	0.02730	0.01579	0.02236	0.05398	0.01372	0.19032	0.02416	0.03848	0.01508	0.01653	0.01186	0.00885	0.00668	0.00248	0.00892	0.00578	0.00598	0.01181
15	0.10400	0.06098	0.11284	0.01756	0.02405	0.02028	0.01631	0.20695	0.04837	0.07530	0.05424	0.03439	0.07016	0.01667	0.05917	0.00374	0.01010	0.04552	0.00726	0.01212
16	0.17994	0.02484	0.05334	0.18010	0.03776	0.15570	0.13750	0.02942	0.02024	0.07598	0.01670	0.02057	0.01248	0.00873	0.00834	0.00277	0.01213	0.00738	0.00511	0.01097
17	0.01569	0.01451	0.05926	0.01371	0.01824	0.01195	0.01161	0.06403	0.02215	0.03131	0.23039	0.04652	0.11642	0.02410	0.12686	0.00465	0.00946	0.01175	0.00728	0.16013
18	0.02726	0.02141	0.02313	0.01837	0.02504	0.02286	0.01484	0.31257	0.21475	0.04503	0.02500	0.02459	0.01857	0.01035	0.00853	0.00252	0.00834	0.00814	0.00826	0.16043
19	0.01279	0.00880	0.01019	0.01012	0.01062	0.00873	0.00614	0.01352	0.01469	0.01966	0.08436	0.05978	0.07871	0.54198	0.07740	0.00811	0.00894	0.01349	0.00597	0.00599
20	0.02868	0.02039	0.02217	0.01778	0.02320	0.02226	0.01404	0.37973	0.10199	0.08196	0.02547	0.03108	0.02063	0.15017	0.01652	0.00397	0.00914	0.00938	0.00837	0.01307
21	0.02128	0.02367	0.04014	0.20773	0.04656	0.09706	0.31969	0.02728	0.02008	0.02563	0.01643	0.02270	0.01272	0.00884	0.01145	0.00300	0.07130	0.00903	0.00433	0.01108
22	0.01690	0.01590	0.02683	0.66408	0.06162	0.01988	0.02485	0.02286	0.01789	0.02286	0.01590	0.02385	0.01193	0.00894	0.00894	0.00298	0.01193	0.00795	0.00398	0.00994
23	0.01182	0.01002	0.01035	0.01030	0.01344	0.00900	0.00789	0.01620	0.07207	0.02548	0.08334	0.08239	0.53992	0.02186	0.01055	0.00309	0.00497	0.05077	0.00837	0.00817
24	0.13972	0.01696	0.02715	0.49223	0.05272	0.02018	0.07966	0.02401	0.01777	0.02633	0.01555	0.02232	0.01172	0.00870	0.00854	0.00295	0.01141	0.00769	0.00429	0.01011
25	0.02306	0.24058	0.03032	0.13641	0.02996	0.20367	0.01677	0.02640	0.01940	0.02157	0.01585	0.02090	0.01382	0.02061	0.13996	0.00479	0.01485	0.00664	0.00428	0.01016
26	0.01599	0.01129	0.01275	0.01154	0.01315	0.01133	0.00749	0.08395	0.01701	0.02317	0.02615	0.04970	0.02837	0.52096	0.06224	0.00755	0.00925	0.01161	0.00581	0.07069
27	0.01301	0.00867	0.00976	0.00976	0.00976	0.00867	0.00542	0.01301	0.01301	0.01735	0.02819	0.05855	0.03253	0.68559	0.04554	0.00867	0.00867	0.01301	0.00542	0.00542
28	0.01789	0.01295	0.01492	0.01382	0.01634	0.01320	0.00985	0.16403	0.02244	0.03026	0.03417	0.29453	0.03757	0.20971	0.02022	0.00469	0.00746	0.01624	0.00747	0.05225
29	0.02797	0.02608	0.02427	0.12751	0.03152	0.18381	0.01718	0.27040	0.05841	0.03762	0.02659	0.02789	0.07881	0.01137	0.00890	0.00269	0.01112	0.00869	0.00694	0.01223
30	0.03089	0.03455	0.02551	0.09818	0.03143	0.41339	0.01793	0.14641	0.06416	0.02978	0.01698	0.01917	0.01328	0.00967	0.00841	0.00251	0.01383	0.00674	0.00567	0.01151
31	0.02992	0.16813	0.02874	0.02084	0.02581	0.47810	0.01642	0.03241	0.02307	0.02164	0.01435	0.01728	0.01237	0.01346	0.05810	0.00318	0.01545	0.00587	0.00447	0.01040
32	0.01802	0.07516	0.01824	0.01457	0.01884	0.08998	0.01153	0.02474	0.12463	0.02675	0.04610	0.11925	0.19101	0.01650	0.00933	0.00279	0.00753	0.06858	0.00720	0.10926
33	0.08274	0.01602	0.02385	0.47238	0.04899	0.01922	0.02086	0.07271	0.02065	0.02886	0.08873	0.02794	0.02066	0.01016	0.00883	0.00292	0.01038	0.00867	0.00525	0.01020
34	0.02168	0.02245	0.04277	0.03093	0.03903	0.02147	0.40445	0.07685	0.02200	0.03070	0.01759	0.02261	0.01354	0.00818	0.01094	0.00274	0.05563	0.00922	0.00501	0.14222
35	0.01343	0.00897	0.01146	0.01164	0.01334	0.00947	0.00870	0.01643	0.01644	0.02455	0.03581	0.09839	0.09839	0.08320	0.30406	0.00838	0.01364	0.01196	0.20396	0.00780
36	0.01273	0.00856	0.00984	0.01012	0.01019	0.00849	0.00580	0.01294	0.01356	0.01808	0.03100	0.14123	0.03607	0.59806	0.04099	0.00800	0.00821	0.01466	0.00580	0.00567
37	0.44240	0.01605	0.04314	0.05094	0.01972	0.01648	0.01130	0.02327	0.01869	0.03723	0.20298	0.03152	0.03309	0.01145	0.00744	0.00280	0.00668	0.00863	0.00670	0.00948
38	0.01669	0.00888	0.00966	0.05506	0.01407	0.00916	0.00758	0.02099	0.01870	0.03261	0.02824	0.03268	0.02215	0.01032	0.00645	0.00215	0.00472	0.00831	0.68315	0.00845
39	0.03036	0.02325	0.02479	0.01985	0.02635	0.02604	0.01612	0.42848	0.21947	0.05050	0.02611	0.02517	0.01897	0.01117	0.00900	0.00279	0.00899	0.00869	0.00900	0.01489
40	0.02054	0.01859	0.02564	0.22988	0.16053	0.02130	0.02028	0.03560	0.30295	0.03113	0.02589	0.02805	0.01974	0.01027	0.00900	0.00294	0.00934	0.00899	0.00652	0.01283
41	0.01351	0.00994	0.01223	0.01217	0.01400	0.00976	0.00893	0.01835	0.07248	0.02935	0.30338	0.12160	0.09085	0.15674	0.01791	0.00428	0.00597	0.08195	0.00846	0.00814
42	0.02112	0.02413	0.05279	0.03771	0.04676	0.02262	0.59729	0.02866	0.02112	0.02866	0.01810	0.02413	0.01357	0.00754	0.01056	0.00302	0.01508	0.01056	0.00452	0.01207
43	0.01332	0.00895	0.01098	0.01150	0.01352	0.00797	0.00823	0.01559	0.01987	0.07313	0.13430	0.36334	0.23863	0.02376	0.01085	0.00327	0.00505	0.02090	0.00872	0.00813
44	0.01113	0.00890	0.00996	0.01009	0.01253	0.00773	0.00742	0.01377	0.02113	0.02684	0.21545	0.16752	0.41129	0.02237	0.01069	0.00306	0.00455	0.01917	0.00868	0.00773
45	0.01567	0.00847	0.00891	0.00885	0.01056	0.00841	0.00630	0.01910	0.01831	0.03072	0.08090	0.04077	0.03000	0.13166	0.01364	0.00332	0.00498	0.00986	0.54176	0.00783
46	0.03342	0.04264	0.02535	0.02305	0.02766	0.64967	0.01729	0.03572	0.02535	0.02190	0.01383	0.01613	0.01152	0.00922	0.00807	0.00230	0.01613	0.00576	0.00461	0.01037
47	0.01174	0.00916	0.01071	0.01069	0.01318	0.00813	0.00816	0.01490	0.02222	0.02893	0.29444	0.10184	0.34314	0.02133	0.01075	0.00306	0.00476	0.06602	0.00890	0.00795
48	0.01597	0.01133	0.01257	0.01160	0.01438	0.01113	0.00848	0.05731	0.08362	0.05652	0.15828	0.06090	0.22691	0.16701	0.01780	0.00416	0.00613	0.01435	0.05272	0.00883
49	0.01109	0.00805	0.01032	0.01189	0.01274	0.00745	0.00801	0.01281	0.01778	0.02354	0.08986	0.54679	0.11744	0.06112	0.01305	0.00378	0.00524	0.02351	0.00826	0.00728
50	0.01167	0.00849	0.00977	0.01045	0.01143	0.00791	0.00673	0.01278	0.01635	0.02098	0.05195	0.26774	0.20183	0.29264	0.02499	0.00551	0.00642	0.01863	0.00714	0.00660
51	0.01117	0.00899	0.00934	0.00931	0.01166	0.00782	0.00659	0.01306	0.01909	0.02329	0.10193	0.07954	0.47915	0.15925	0.01779	0.00418	0.00537	0.01755	0.00778	0.00715
52	0.01165	0.00835	0.01096	0.01266	0.01357	0.00790	0.00897	0.01364	0.01789	0.02370	0.07553	0.49157	0.08400	0.07368	0.01391	0.00400	0.00583	0.10669	0.00816	0.00735
53	0.01180	0.00877	0.01099	0.01115	0.01302	0.00796	0.00809	0.01495	0.02224	0.03023	0.37231	0.23119	0.18100	0.02168	0.01078	0.00307	0.00453	0.01912	0.00915	0.00796
54	0.01057	0.00906	0.00906	0.00906	0.01208	0.00755	0.00680	0.01284	0.02039	0.02417	0.09063	0.08610	0.62615	0.02266	0.01057	0.00302	0.00453	0.01888	0.00831	0.00755
55	0.02256	0.01552	0.01753	0.01584	0.02014	0.01662	0.01211	0.03736	0.34380	0.14307	0.04110	0.13159	0.07023	0.05618	0.01175	0.00342	0.00684	0.01288	0.00907	0.01239
56	0.01266	0.00868	0.00955	0.00965	0.01045	0.00835	0.00591	0.01350	0.01516	0.02018	0.04225	0.09481	0.15572	0.46643	0.03375	0.00678	0.00732	0.01454	0.05816	0.00616
57	0.01057	0.00906	0.00906	0.00906	0.01208	0.00755	0.00680	0.01284	0.02039	0.02417	0.09063	0.08610	0.62615	0.02266	0.01057	0.00302	0.00453	0.01888	0.00831	0.00755
58	0.01499	0.00982	0.01178	0.01088	0.01393	0.00862	0.00830	0.01831	0.02330	0.10092	0.33335	0.07063	0.30319	0.01927	0.01038	0.00289	0.00475	0.01647	0.00935	0.00886
59	0.01153	0.00968	0.01009	0.00988	0.01291	0.00854	0.00744	0.01541	0.05620	0.02645	0.15558	0.08052	0.52154	0.02148	0.01048	0.00300	0.00464	0.01802	0.00855	0.00806
60	0.01284	0.00860	0.00981	0.00997	0.01001	0.00856	0.00565	0.01297	0.01333	0.01778	0.02985	0.10739	0.03462	0.63388	0.04285	0.00828	0.00840	0.01399	0.00565	0.00557
61	0.29138	0.01640	0.01791	0.01450	0.02056	0.01661	0.01190	0.08689	0.02339	0.32149	0.07220	0.02677	0.02194	0.01062	0.00787	0.00276	0.00730	0.00799	0.00880	0.01271
62	0.01265	0.00853	0.01060	0.01108	0.01141	0.00861	0.00696	0.01318	0.01405	0.01894	0.03175	0.19699	0.03634	0.41532	0.11372	0.05301	0.00975	0.01512	0.00591	0.00608

[dist]
# distance from previous block
# <min> <max>
0	1

# created by:
# /home/cegg/simao/soft/augustus-3.2.1/scripts/msa2prfl.pl ./align_prep/14676.fa
