[name]
unknown

[dist]
# distance from previous block
# <min> <max>
3	7

[block]
# block no. 0 follows, 21 sequences, length 30
# corresponding to MSA columns:
# 7-36
name=unknown_A
#
# <colnr> <probs for GDERKNQSTAVLIFYWHMCP>
#	G	D	E	R	K	N	Q	S	T	A	V	L	I	F	Y	W	H	M	C	P
0	0.02419	0.02399	0.02555	0.02634	0.14211	0.15421	0.01803	0.10923	0.17031	0.02997	0.01940	0.02184	0.01559	0.01083	0.01288	0.00283	0.16739	0.00763	0.00578	0.01190
1	0.02165	0.01798	0.01950	0.01931	0.08975	0.10940	0.04382	0.13599	0.02273	0.03216	0.02178	0.02577	0.01738	0.01600	0.08817	0.00366	0.01017	0.00774	0.28683	0.01022
2	0.02193	0.32614	0.20056	0.01848	0.02638	0.09738	0.01906	0.03055	0.13475	0.02491	0.01721	0.01842	0.01374	0.00847	0.00701	0.00230	0.01027	0.00608	0.00466	0.01173
3	0.01521	0.21778	0.02127	0.01275	0.01594	0.01616	0.01030	0.01919	0.05981	0.02514	0.17940	0.29423	0.04645	0.01761	0.00890	0.00274	0.00608	0.01521	0.00703	0.00882
4	0.01929	0.01508	0.01617	0.01463	0.01867	0.01648	0.01116	0.03508	0.40515	0.07466	0.04347	0.04369	0.14331	0.08935	0.01274	0.00346	0.00648	0.01143	0.00826	0.01143
5	0.02970	0.01630	0.01949	0.01605	0.02171	0.01660	0.01289	0.08224	0.26186	0.33660	0.06705	0.03138	0.02581	0.01129	0.00868	0.00273	0.00701	0.00929	0.00960	0.01373
6	0.71233	0.06195	0.01462	0.01141	0.01681	0.02005	0.00957	0.02505	0.01467	0.03698	0.01185	0.01381	0.00933	0.00786	0.00528	0.00258	0.00675	0.00460	0.00516	0.00933
7	0.01051	0.00747	0.00983	0.01167	0.01213	0.00701	0.00771	0.01189	0.01602	0.02136	0.04549	0.65030	0.05450	0.07417	0.01315	0.00379	0.00517	0.02336	0.00771	0.00679
8	0.02716	0.03293	0.02274	0.02231	0.06580	0.49269	0.01594	0.02971	0.02172	0.02108	0.01527	0.01933	0.01319	0.01966	0.13910	0.00450	0.01648	0.00635	0.00441	0.00966
9	0.12539	0.29079	0.07359	0.08587	0.02732	0.02702	0.01640	0.20310	0.02373	0.03322	0.01499	0.01694	0.01179	0.00843	0.00684	0.00232	0.00930	0.00592	0.00533	0.01171
10	0.01037	0.00741	0.00987	0.01185	0.01234	0.00691	0.00790	0.01185	0.01629	0.02172	0.04690	0.69537	0.05629	0.02666	0.01086	0.00346	0.00494	0.02419	0.00790	0.00691
11	0.01607	0.01513	0.02552	0.68047	0.05861	0.01891	0.02363	0.02174	0.01702	0.02174	0.01513	0.02269	0.01134	0.00851	0.00851	0.00284	0.01134	0.00756	0.00378	0.00945
12	0.03091	0.02933	0.02433	0.02019	0.02589	0.25959	0.01597	0.34243	0.09951	0.03967	0.01934	0.01982	0.01446	0.00983	0.00822	0.00246	0.01126	0.00708	0.00702	0.01268
13	0.02106	0.02022	0.03454	0.05223	0.64784	0.02022	0.02612	0.02612	0.01938	0.02780	0.01601	0.02106	0.01348	0.00758	0.00842	0.00253	0.01011	0.00758	0.00421	0.01348
14	0.03028	0.03284	0.02473	0.06469	0.02827	0.40229	0.01694	0.20679	0.02784	0.03064	0.01535	0.01750	0.01204	0.00948	0.00896	0.00242	0.04585	0.00636	0.00554	0.01118
15	0.01317	0.00910	0.01050	0.01000	0.01281	0.00789	0.00755	0.01594	0.02105	0.08238	0.24398	0.10597	0.38938	0.01963	0.00996	0.00283	0.00452	0.01671	0.00857	0.00807
16	0.02876	0.21822	0.05715	0.01991	0.02557	0.43139	0.01657	0.06568	0.02295	0.02280	0.01332	0.01530	0.01115	0.00843	0.00715	0.00214	0.01320	0.00539	0.00439	0.01054
17	0.01707	0.04402	0.65683	0.02426	0.03683	0.01976	0.03144	0.02695	0.01797	0.02695	0.01527	0.01797	0.01078	0.00809	0.00809	0.00270	0.01258	0.00629	0.00359	0.01258
18	0.01011	0.00842	0.00883	0.00915	0.01163	0.00714	0.00670	0.01215	0.01889	0.02278	0.07973	0.18304	0.54742	0.02239	0.01019	0.00297	0.00441	0.01899	0.00790	0.00714
19	0.03448	0.01814	0.02082	0.01651	0.02265	0.06087	0.01340	0.16001	0.05969	0.42641	0.03004	0.05374	0.02070	0.01106	0.00859	0.00263	0.00812	0.00886	0.00948	0.01380
20	0.01789	0.03711	0.46573	0.02681	0.03747	0.02067	0.16696	0.02651	0.01807	0.02651	0.01540	0.01918	0.01131	0.00841	0.01010	0.00282	0.06595	0.00726	0.00377	0.01206
21	0.01017	0.00818	0.00908	0.00980	0.01181	0.00708	0.00699	0.01208	0.01826	0.02253	0.07180	0.30687	0.42871	0.02343	0.01035	0.00309	0.00454	0.02025	0.00790	0.00708
22	0.01064	0.00864	0.00943	0.00923	0.01185	0.00743	0.00692	0.01334	0.02077	0.02625	0.24934	0.07653	0.47922	0.02034	0.01005	0.00282	0.00422	0.01721	0.00833	0.00743
23	0.02238	0.02271	0.03327	0.04852	0.57171	0.09941	0.02493	0.02708	0.01996	0.02695	0.01566	0.02036	0.01317	0.00773	0.00833	0.00249	0.01075	0.00733	0.00423	0.01304
24	0.02137	0.01526	0.05764	0.17926	0.10516	0.01402	0.01656	0.02606	0.02152	0.19494	0.21610	0.03664	0.03567	0.01168	0.00896	0.00269	0.00789	0.01020	0.00736	0.01102
25	0.02693	0.01611	0.02098	0.01748	0.02116	0.01822	0.01416	0.03348	0.13509	0.29019	0.02612	0.02796	0.01948	0.05845	0.01714	0.00341	0.22535	0.00866	0.00763	0.01200
26	0.02012	0.01926	0.03284	0.17063	0.53679	0.01997	0.02565	0.02529	0.01893	0.02666	0.01584	0.02137	0.01308	0.00776	0.00844	0.00259	0.01034	0.00758	0.00413	0.01272
27	0.01746	0.08980	0.61449	0.02359	0.03580	0.02073	0.03027	0.02685	0.01792	0.02647	0.01503	0.01767	0.01079	0.00803	0.00790	0.00263	0.01234	0.00617	0.00360	0.01246
28	0.02701	0.02460	0.07114	0.07392	0.22200	0.13912	0.02007	0.10505	0.05766	0.14574	0.02021	0.02188	0.01491	0.00900	0.00832	0.00254	0.01052	0.00741	0.00613	0.01279
29	0.02106	0.02022	0.03454	0.05223	0.64784	0.02022	0.02612	0.02612	0.01938	0.02780	0.01601	0.02106	0.01348	0.00758	0.00842	0.00253	0.01011	0.00758	0.00421	0.01348

[dist]
# distance from previous block
# <min> <max>
5	8

[block]
# block no. 1 follows, 21 sequences, length 45
# corresponding to MSA columns:
# 45-89
name=unknown_B
#
# <colnr> <probs for GDERKNQSTAVLIFYWHMCP>
#	G	D	E	R	K	N	Q	S	T	A	V	L	I	F	Y	W	H	M	C	P
0	0.02468	0.19481	0.06426	0.02581	0.17025	0.14061	0.01821	0.14889	0.02391	0.02953	0.02080	0.02264	0.06157	0.00938	0.00768	0.00233	0.01033	0.00721	0.00524	0.01186
1	0.02302	0.01526	0.02035	0.02193	0.14454	0.01592	0.01403	0.11108	0.04778	0.14879	0.02547	0.07202	0.02208	0.13597	0.01620	0.00370	0.06061	0.00979	0.08043	0.01103
2	0.02604	0.03064	0.02581	0.03023	0.22409	0.38932	0.01849	0.02915	0.02209	0.02329	0.02183	0.02425	0.07905	0.00975	0.00817	0.00237	0.01249	0.00748	0.00470	0.01074
3	0.01707	0.04402	0.65683	0.02426	0.03683	0.01976	0.03144	0.02695	0.01797	0.02695	0.01527	0.01797	0.01078	0.00809	0.00809	0.00270	0.01258	0.00629	0.00359	0.01258
4	0.05660	0.01692	0.05209	0.19464	0.22996	0.01684	0.01906	0.02349	0.07492	0.02637	0.03369	0.03618	0.16156	0.01150	0.00867	0.00273	0.00868	0.00998	0.00541	0.01071
5	0.01961	0.03546	0.36121	0.02858	0.03885	0.08004	0.25914	0.02772	0.01936	0.02651	0.01584	0.01968	0.01163	0.00779	0.00881	0.00272	0.01352	0.00768	0.00394	0.01190
6	0.03179	0.04056	0.02412	0.02192	0.02631	0.66676	0.01644	0.03398	0.02412	0.02083	0.01315	0.01535	0.01096	0.00877	0.00767	0.00219	0.01535	0.00548	0.00438	0.00987
7	0.01016	0.00822	0.00904	0.00969	0.01178	0.00709	0.00694	0.01209	0.01837	0.02257	0.07316	0.28560	0.44911	0.02325	0.01032	0.00307	0.00452	0.02003	0.00790	0.00709
8	0.02479	0.02896	0.06398	0.03961	0.38704	0.25751	0.02285	0.02905	0.02104	0.02520	0.01492	0.01880	0.01241	0.00805	0.00813	0.00241	0.01216	0.00674	0.00424	0.01211
9	0.01733	0.01775	0.03447	0.02737	0.06359	0.01752	0.33138	0.02273	0.02025	0.02821	0.18827	0.06630	0.03321	0.01169	0.01177	0.00291	0.07745	0.01180	0.00579	0.01021
10	0.01115	0.00797	0.01077	0.01275	0.01358	0.00759	0.00926	0.01320	0.01707	0.02260	0.04647	0.55493	0.05457	0.02592	0.01107	0.00356	0.00562	0.15689	0.00788	0.00713
11	0.01987	0.02512	0.16151	0.07719	0.41218	0.02024	0.10721	0.02621	0.01907	0.02724	0.01598	0.02078	0.01275	0.00768	0.00858	0.00262	0.01125	0.00765	0.00408	0.01282
12	0.02848	0.02660	0.02465	0.02658	0.16999	0.27170	0.01722	0.06963	0.07114	0.14013	0.02354	0.02430	0.04863	0.00980	0.00827	0.00246	0.01102	0.00765	0.00623	0.01197
13	0.01238	0.00825	0.00928	0.00928	0.00928	0.00825	0.00516	0.01238	0.01238	0.01650	0.02681	0.05569	0.03094	0.70092	0.04331	0.00825	0.00825	0.01238	0.00516	0.00516
14	0.03159	0.01361	0.01802	0.01442	0.01994	0.01228	0.01168	0.03665	0.07164	0.48084	0.15644	0.03615	0.03338	0.01199	0.00886	0.00266	0.00655	0.01002	0.01015	0.01310
15	0.01824	0.03703	0.47421	0.03247	0.21614	0.01990	0.02988	0.02671	0.01838	0.02720	0.01549	0.01888	0.01157	0.00794	0.00818	0.00265	0.01185	0.00667	0.00378	0.01284
16	0.02900	0.03604	0.15197	0.02166	0.02845	0.33658	0.01938	0.21532	0.02784	0.03230	0.01585	0.01746	0.01202	0.00908	0.00802	0.00241	0.01292	0.00632	0.00551	0.01185
17	0.02009	0.02296	0.05022	0.03587	0.04448	0.02152	0.61693	0.02726	0.02009	0.02726	0.01722	0.02296	0.01291	0.00717	0.01004	0.00287	0.01435	0.01004	0.00430	0.01148
18	0.33971	0.01808	0.01781	0.01450	0.02045	0.05201	0.01188	0.11993	0.02253	0.27336	0.02144	0.02064	0.01459	0.00929	0.00713	0.00260	0.00771	0.00661	0.00770	0.01203
19	0.02409	0.03463	0.17154	0.02152	0.02685	0.33947	0.01960	0.02802	0.02016	0.02236	0.01895	0.02178	0.06027	0.01079	0.01189	0.00266	0.14388	0.00702	0.00434	0.01018
20	0.01586	0.00793	0.00793	0.00793	0.00991	0.00793	0.00595	0.01983	0.01785	0.03173	0.02776	0.03173	0.02181	0.00991	0.00595	0.00198	0.00397	0.00793	0.74817	0.00793
21	0.01204	0.00818	0.00972	0.01003	0.01023	0.00822	0.00602	0.01251	0.01310	0.01758	0.02969	0.15546	0.03421	0.54434	0.08673	0.00791	0.00886	0.01400	0.00555	0.00563
22	0.02888	0.03067	0.02288	0.02017	0.02499	0.36300	0.01574	0.17956	0.10678	0.03134	0.02070	0.02617	0.01729	0.01085	0.00839	0.00253	0.01205	0.06045	0.00629	0.01129
23	0.01181	0.00952	0.01077	0.01129	0.01385	0.00886	0.00886	0.01601	0.06684	0.02442	0.06842	0.14586	0.39485	0.02177	0.01043	0.00318	0.00539	0.15213	0.00795	0.00780
24	0.01586	0.00793	0.00793	0.00793	0.00991	0.00793	0.00595	0.01983	0.01785	0.03173	0.02776	0.03173	0.02181	0.00991	0.00595	0.00198	0.00397	0.00793	0.74817	0.00793
25	0.01989	0.01903	0.03243	0.19943	0.50978	0.01991	0.02554	0.02509	0.01882	0.02638	0.01580	0.02144	0.01298	0.00780	0.00844	0.00260	0.01040	0.00758	0.00411	0.01254
26	0.01905	0.02712	0.20671	0.02886	0.12133	0.08213	0.16674	0.02542	0.01967	0.02619	0.02262	0.03764	0.02065	0.01147	0.00943	0.00295	0.01181	0.14420	0.00493	0.01106
27	0.03182	0.03957	0.02420	0.02179	0.02631	0.62893	0.01643	0.06857	0.02506	0.02277	0.01358	0.01565	0.01117	0.00885	0.00772	0.00221	0.01499	0.00561	0.00463	0.01014
28	0.01037	0.00741	0.00987	0.01185	0.01234	0.00691	0.00790	0.01185	0.01629	0.02172	0.04690	0.69537	0.05629	0.02666	0.01086	0.00346	0.00494	0.02419	0.00790	0.00691
29	0.01683	0.01664	0.02141	0.02112	0.08714	0.10993	0.09012	0.02025	0.01716	0.02189	0.02642	0.03399	0.08016	0.06934	0.31953	0.00807	0.01672	0.00957	0.00482	0.00890
30	0.02053	0.03760	0.39306	0.02867	0.14223	0.13714	0.02699	0.02767	0.01902	0.02559	0.01476	0.01808	0.01132	0.00854	0.00931	0.00264	0.05449	0.00644	0.00385	0.01204
31	0.01607	0.01513	0.02552	0.68047	0.05861	0.01891	0.02363	0.02174	0.01702	0.02174	0.01513	0.02269	0.01134	0.00851	0.00851	0.00284	0.01134	0.00756	0.00378	0.00945
32	0.01169	0.00796	0.00948	0.01016	0.01033	0.00779	0.00609	0.01220	0.01371	0.01828	0.03367	0.27389	0.03958	0.47092	0.03224	0.00662	0.00712	0.01641	0.00609	0.00576
33	0.01800	0.03844	0.51103	0.03081	0.17999	0.01987	0.03019	0.02676	0.01830	0.02715	0.01544	0.01869	0.01141	0.00797	0.00816	0.00266	0.01200	0.00659	0.00374	0.01279
34	0.02080	0.02357	0.09132	0.09434	0.41800	0.05847	0.11646	0.02649	0.01946	0.02676	0.01589	0.02086	0.01284	0.00771	0.00860	0.00260	0.01139	0.00772	0.00415	0.01256
35	0.02275	0.70604	0.04459	0.01456	0.02184	0.03367	0.01456	0.02548	0.01729	0.02002	0.01183	0.01365	0.01092	0.00728	0.00546	0.00182	0.00910	0.00455	0.00364	0.01092
36	0.01037	0.00788	0.00957	0.01074	0.01209	0.00707	0.00745	0.01223	0.01778	0.02290	0.09664	0.45888	0.24681	0.02444	0.01055	0.00322	0.00468	0.02164	0.00799	0.00707
37	0.01960	0.03048	0.24298	0.02295	0.03013	0.14842	0.12459	0.02625	0.04721	0.02485	0.02287	0.08544	0.04968	0.01359	0.04099	0.00328	0.04183	0.00938	0.00478	0.01070
38	0.01829	0.03018	0.30449	0.07351	0.17638	0.01961	0.16582	0.02579	0.01864	0.02664	0.01739	0.05240	0.01409	0.00867	0.00878	0.00274	0.01200	0.00839	0.00412	0.01206
39	0.01216	0.00912	0.01368	0.01368	0.01520	0.01064	0.01064	0.01520	0.01368	0.01976	0.02279	0.03343	0.02127	0.06382	0.66720	0.01368	0.02279	0.00912	0.00456	0.00760
40	0.01861	0.01855	0.03313	0.03948	0.37314	0.01791	0.16567	0.02359	0.01955	0.02670	0.03044	0.03377	0.14039	0.01030	0.00915	0.00268	0.00997	0.01027	0.00498	0.01173
41	0.02423	0.02730	0.02117	0.02007	0.05080	0.34216	0.01443	0.05182	0.02027	0.02179	0.01987	0.02794	0.04837	0.14977	0.01817	0.00372	0.11622	0.00802	0.00480	0.00906
42	0.01171	0.00816	0.01012	0.01046	0.01124	0.00781	0.00684	0.01341	0.01723	0.02361	0.23018	0.23686	0.05385	0.29338	0.02358	0.00512	0.00597	0.01664	0.00727	0.00657
43	0.03163	0.02746	0.02487	0.02001	0.02615	0.17615	0.01609	0.45184	0.06769	0.04499	0.01948	0.01984	0.01426	0.00995	0.00832	0.00249	0.01063	0.00725	0.00755	0.01334
44	0.02985	0.08730	0.02381	0.01795	0.02337	0.20520	0.01445	0.15193	0.07307	0.18214	0.02209	0.02259	0.01631	0.01503	0.07339	0.00353	0.01167	0.00727	0.00699	0.01207

[dist]
# distance from previous block
# <min> <max>
0	2

[block]
# block no. 2 follows, 21 sequences, length 41
# corresponding to MSA columns:
# 92-132
name=unknown_C
#
# <colnr> <probs for GDERKNQSTAVLIFYWHMCP>
#	G	D	E	R	K	N	Q	S	T	A	V	L	I	F	Y	W	H	M	C	P
0	0.03179	0.04056	0.02412	0.02192	0.02631	0.66676	0.01644	0.03398	0.02412	0.02083	0.01315	0.01535	0.01096	0.00877	0.00767	0.00219	0.01535	0.00548	0.00438	0.00987
1	0.02952	0.03520	0.02644	0.02829	0.15972	0.48999	0.01850	0.06703	0.02404	0.02427	0.01420	0.01688	0.01171	0.00860	0.00788	0.00229	0.01387	0.00606	0.00459	0.01091
2	0.01532	0.01182	0.01290	0.01206	0.01519	0.01157	0.00912	0.15318	0.02333	0.02976	0.06003	0.23767	0.33503	0.02033	0.00992	0.00296	0.00566	0.01730	0.00804	0.00880
3	0.02848	0.03401	0.02260	0.02018	0.02495	0.48484	0.01529	0.03486	0.13586	0.02422	0.01731	0.01860	0.01389	0.00905	0.00772	0.00223	0.01289	0.00620	0.00524	0.08159
4	0.01168	0.00806	0.00938	0.00989	0.01024	0.00782	0.00596	0.01223	0.01393	0.01835	0.03660	0.22163	0.08537	0.47508	0.03240	0.00660	0.00709	0.01584	0.00607	0.00576
5	0.02783	0.26298	0.03114	0.01948	0.02453	0.40912	0.01596	0.03018	0.02105	0.02053	0.01257	0.01500	0.01096	0.00869	0.00834	0.00217	0.05987	0.00530	0.00409	0.01018
6	0.01707	0.04402	0.65683	0.02426	0.03683	0.01976	0.03144	0.02695	0.01797	0.02695	0.01527	0.01797	0.01078	0.00809	0.00809	0.00270	0.01258	0.00629	0.00359	0.01258
7	0.05275	0.07202	0.21176	0.11850	0.13520	0.18308	0.02287	0.02862	0.05077	0.02532	0.01548	0.01875	0.01207	0.00835	0.00785	0.00252	0.01194	0.00647	0.00425	0.01142
8	0.02486	0.09335	0.02964	0.03046	0.21267	0.27351	0.01965	0.02790	0.01965	0.02278	0.01346	0.01761	0.01176	0.00958	0.01204	0.00259	0.15698	0.00645	0.00412	0.01094
9	0.01418	0.01223	0.01756	0.02285	0.20437	0.01153	0.01333	0.01785	0.02071	0.02770	0.21662	0.05942	0.25660	0.01632	0.00968	0.00279	0.00622	0.05350	0.00719	0.00936
10	0.01851	0.01835	0.03257	0.08452	0.36179	0.01804	0.14919	0.02353	0.01937	0.02639	0.02895	0.03263	0.12776	0.01010	0.00907	0.00269	0.01005	0.00999	0.00487	0.01163
11	0.02353	0.02659	0.06526	0.04315	0.45952	0.18205	0.02398	0.02813	0.02049	0.02601	0.01525	0.01947	0.01270	0.00791	0.00822	0.00245	0.01155	0.00699	0.00422	0.01253
12	0.01037	0.00741	0.00987	0.01185	0.01234	0.00691	0.00790	0.01185	0.01629	0.02172	0.04690	0.69537	0.05629	0.02666	0.01086	0.00346	0.00494	0.02419	0.00790	0.00691
13	0.01708	0.03809	0.52082	0.02341	0.03337	0.02035	0.02829	0.02530	0.01694	0.02553	0.01497	0.01885	0.01137	0.01199	0.04428	0.00341	0.12388	0.00662	0.00366	0.01179
14	0.02039	0.01888	0.03045	0.10902	0.47886	0.01932	0.02321	0.07072	0.02075	0.02875	0.02298	0.02700	0.07367	0.00922	0.00860	0.00259	0.00962	0.00858	0.00486	0.01255
15	0.02037	0.07641	0.06596	0.02271	0.13374	0.19401	0.01550	0.02328	0.01785	0.02127	0.01848	0.02879	0.01775	0.17828	0.12491	0.00556	0.01330	0.00805	0.00445	0.00932
16	0.01216	0.00912	0.01368	0.01368	0.01520	0.01064	0.01064	0.01520	0.01368	0.01976	0.02279	0.03343	0.02127	0.06382	0.66720	0.01368	0.02279	0.00912	0.00456	0.00760
17	0.02511	0.02996	0.06592	0.03396	0.20597	0.26554	0.17057	0.05235	0.02207	0.02598	0.01536	0.01919	0.01228	0.00806	0.00853	0.00250	0.01325	0.00734	0.00444	0.01160
18	0.02637	0.32427	0.03211	0.01811	0.02352	0.34324	0.01518	0.02886	0.02037	0.02040	0.01334	0.01603	0.01175	0.01243	0.05826	0.00293	0.01324	0.00537	0.00408	0.01014
19	0.01124	0.00866	0.01048	0.01159	0.01357	0.00790	0.00903	0.01375	0.01865	0.02341	0.06358	0.24548	0.31189	0.02347	0.01078	0.00334	0.00554	0.19245	0.00788	0.00731
20	0.01707	0.04402	0.65683	0.02426	0.03683	0.01976	0.03144	0.02695	0.01797	0.02695	0.01527	0.01797	0.01078	0.00809	0.00809	0.00270	0.01258	0.00629	0.00359	0.01258
21	0.02092	0.02339	0.04289	0.03494	0.11487	0.07241	0.41389	0.02671	0.01934	0.02589	0.01591	0.02153	0.01259	0.00842	0.01213	0.00289	0.10675	0.00902	0.00422	0.01130
22	0.01823	0.03419	0.38338	0.06015	0.04094	0.02043	0.26599	0.02683	0.01877	0.02683	0.01605	0.02019	0.01166	0.00774	0.00889	0.00277	0.01323	0.00786	0.00389	0.01199
23	0.01076	0.00764	0.01010	0.01191	0.01247	0.00722	0.00809	0.01229	0.01622	0.02158	0.04521	0.60367	0.05380	0.07914	0.01346	0.00386	0.00540	0.06268	0.00768	0.00684
24	0.01586	0.00793	0.00793	0.00793	0.00991	0.00793	0.00595	0.01983	0.01785	0.03173	0.02776	0.03173	0.02181	0.00991	0.00595	0.00198	0.00397	0.00793	0.74817	0.00793
25	0.01221	0.00839	0.01026	0.01038	0.01073	0.00868	0.00650	0.01295	0.01289	0.01751	0.02714	0.08887	0.03037	0.52417	0.17530	0.00913	0.01118	0.01238	0.00519	0.00578
26	0.02193	0.21003	0.02897	0.17128	0.03068	0.08728	0.01684	0.12794	0.02106	0.02640	0.01580	0.02036	0.01319	0.01707	0.10572	0.00410	0.05935	0.00676	0.00474	0.01050
27	0.03372	0.01630	0.02030	0.01590	0.02205	0.01573	0.01301	0.16380	0.06952	0.43399	0.07848	0.03003	0.02462	0.01107	0.00867	0.00264	0.00741	0.00897	0.00988	0.01391
28	0.01586	0.00793	0.00793	0.00793	0.00991	0.00793	0.00595	0.01983	0.01785	0.03173	0.02776	0.03173	0.02181	0.00991	0.00595	0.00198	0.00397	0.00793	0.74817	0.00793
29	0.03275	0.02319	0.02514	0.01927	0.02607	0.02544	0.01592	0.57971	0.03894	0.09491	0.02134	0.02102	0.01493	0.01024	0.00852	0.00256	0.00922	0.00772	0.00865	0.01447
30	0.01831	0.01704	0.02878	0.14585	0.37342	0.01752	0.05269	0.02323	0.01907	0.02612	0.02463	0.03816	0.04969	0.01132	0.00921	0.00287	0.00983	0.11588	0.00499	0.01137
31	0.01891	0.01782	0.03014	0.25571	0.41075	0.01906	0.02444	0.02409	0.01862	0.02565	0.01774	0.02681	0.01525	0.00899	0.00868	0.00273	0.01036	0.04815	0.00432	0.01177
32	0.01304	0.00876	0.01192	0.01192	0.01340	0.00978	0.00902	0.01600	0.01452	0.02223	0.02433	0.03516	0.02232	0.11222	0.45392	0.01044	0.01703	0.00915	0.17736	0.00744
33	0.06523	0.01689	0.02231	0.17591	0.14202	0.01865	0.01669	0.19057	0.02321	0.03304	0.01953	0.02697	0.01639	0.11122	0.01320	0.00341	0.00911	0.00817	0.07667	0.01081
34	0.01985	0.01710	0.02341	0.05374	0.02333	0.02226	0.01684	0.08865	0.01698	0.05582	0.01565	0.02224	0.01388	0.02270	0.13983	0.00530	0.41995	0.00784	0.00476	0.00985
35	0.01071	0.00762	0.00970	0.01122	0.01175	0.00717	0.00733	0.01196	0.01576	0.02086	0.04542	0.54817	0.08325	0.14692	0.01662	0.00428	0.00550	0.02175	0.00741	0.00661
36	0.01073	0.00756	0.00977	0.01138	0.01179	0.00716	0.00740	0.01195	0.01558	0.02078	0.04326	0.57923	0.05168	0.14908	0.01675	0.00433	0.00554	0.02205	0.00740	0.00659
37	0.07530	0.12390	0.03619	0.06453	0.03383	0.24988	0.24433	0.02889	0.02054	0.02441	0.01454	0.01833	0.01160	0.00788	0.00815	0.00247	0.01325	0.00715	0.00427	0.01056
38	0.11231	0.29895	0.15816	0.01633	0.02283	0.02366	0.01670	0.02326	0.01608	0.02370	0.01486	0.01905	0.01291	0.02005	0.14915	0.00474	0.04693	0.00604	0.00404	0.01025
39	0.01895	0.02095	0.05901	0.23980	0.16206	0.11262	0.07727	0.02391	0.01982	0.02507	0.08878	0.02982	0.06537	0.01013	0.00877	0.00266	0.01072	0.00904	0.00491	0.01036
40	0.01759	0.10582	0.08959	0.08456	0.11640	0.01821	0.01696	0.02648	0.15098	0.02840	0.13709	0.08133	0.03257	0.01259	0.00873	0.00274	0.00803	0.04466	0.00640	0.01089

[dist]
# distance from previous block
# <min> <max>
0	20

# created by:
# /home/cegg/simao/soft/augustus-3.2.1/scripts/msa2prfl.pl ./align_prep/14690.fa
