[name]
unknown

[dist]
# distance from previous block
# <min> <max>
0	0

[block]
# block no. 0 follows, 20 sequences, length 97
# corresponding to MSA columns:
# 0-96
name=unknown_A
#
# <colnr> <probs for GDERKNQSTAVLIFYWHMCP>
#	G	D	E	R	K	N	Q	S	T	A	V	L	I	F	Y	W	H	M	C	P
0	0.01406	0.01004	0.01406	0.01606	0.01807	0.01004	0.01406	0.01807	0.02008	0.02610	0.04618	0.09839	0.05020	0.02410	0.01205	0.00402	0.00803	0.58032	0.00803	0.00803
1	0.02369	0.02219	0.03269	0.08931	0.46708	0.05976	0.02441	0.11773	0.02328	0.03176	0.01688	0.02125	0.01367	0.00833	0.00861	0.00260	0.01065	0.00765	0.00498	0.01347
2	0.03316	0.02443	0.02618	0.02007	0.02705	0.02705	0.01658	0.60995	0.04101	0.05497	0.02094	0.02094	0.01483	0.01047	0.00873	0.00262	0.00960	0.00785	0.00873	0.01483
3	0.26579	0.01389	0.04115	0.01182	0.01622	0.01293	0.00990	0.02217	0.02008	0.10289	0.21071	0.04586	0.16681	0.01424	0.00838	0.00277	0.00584	0.01140	0.00773	0.00942
4	0.01777	0.01534	0.01962	0.05363	0.18822	0.05774	0.01477	0.02217	0.05430	0.06472	0.04490	0.18534	0.19334	0.01650	0.00961	0.00291	0.00763	0.01443	0.00684	0.01021
5	0.10708	0.57576	0.04052	0.01506	0.02208	0.07600	0.01444	0.02667	0.01788	0.02269	0.01222	0.01413	0.01100	0.00764	0.00573	0.00199	0.00948	0.00474	0.00397	0.01092
6	0.02159	0.02073	0.03541	0.05354	0.63903	0.02073	0.02677	0.02677	0.01986	0.02850	0.01641	0.02159	0.01382	0.00777	0.00864	0.00259	0.01036	0.00777	0.00432	0.01382
7	0.03258	0.04157	0.02472	0.02247	0.02697	0.65843	0.01685	0.03483	0.02472	0.02135	0.01348	0.01573	0.01124	0.00899	0.00787	0.00225	0.01573	0.00562	0.00449	0.01011
8	0.02159	0.02073	0.03541	0.05354	0.63903	0.02073	0.02677	0.02677	0.01986	0.02850	0.01641	0.02159	0.01382	0.00777	0.00864	0.00259	0.01036	0.00777	0.00432	0.01382
9	0.02131	0.02149	0.03980	0.04895	0.47656	0.02109	0.18572	0.02709	0.02006	0.02835	0.01675	0.02212	0.01366	0.00766	0.00909	0.00269	0.01155	0.00846	0.00434	0.01326
10	0.02159	0.02073	0.03541	0.05354	0.63903	0.02073	0.02677	0.02677	0.01986	0.02850	0.01641	0.02159	0.01382	0.00777	0.00864	0.00259	0.01036	0.00777	0.00432	0.01382
11	0.01790	0.09036	0.60654	0.02417	0.03669	0.02124	0.03103	0.02752	0.01837	0.02713	0.01541	0.01811	0.01106	0.00823	0.00810	0.00270	0.01264	0.00632	0.00369	0.01277
12	0.02207	0.55786	0.17555	0.01707	0.02570	0.03144	0.01865	0.02644	0.01787	0.02205	0.01289	0.01495	0.01116	0.00764	0.00618	0.00206	0.01010	0.00505	0.00372	0.01156
13	0.02498	0.02190	0.19834	0.01648	0.02389	0.01350	0.01679	0.03010	0.02196	0.29426	0.07882	0.04039	0.15470	0.01295	0.00906	0.00277	0.00814	0.01062	0.00809	0.01225
14	0.01936	0.02034	0.03555	0.02777	0.03118	0.02426	0.24182	0.02339	0.01613	0.02360	0.01432	0.02144	0.01258	0.01446	0.04930	0.00393	0.39746	0.00872	0.00408	0.01031
15	0.01087	0.00769	0.01005	0.01184	0.01229	0.00724	0.00777	0.01221	0.01623	0.02165	0.04569	0.61455	0.05468	0.10465	0.01499	0.00411	0.00545	0.02339	0.00777	0.00688
16	0.01147	0.00819	0.01109	0.01311	0.01399	0.00781	0.00957	0.01361	0.01753	0.02321	0.04761	0.54251	0.05585	0.02653	0.01136	0.00366	0.00579	0.16171	0.00808	0.00732
17	0.02159	0.02073	0.03541	0.05354	0.63903	0.02073	0.02677	0.02677	0.01986	0.02850	0.01641	0.02159	0.01382	0.00777	0.00864	0.00259	0.01036	0.00777	0.00432	0.01382
18	0.03790	0.01457	0.01985	0.01531	0.02184	0.01261	0.01261	0.04131	0.02495	0.61689	0.06213	0.03133	0.02440	0.01112	0.00884	0.00270	0.00727	0.00910	0.01074	0.01454
19	0.02126	0.02039	0.03482	0.09293	0.60219	0.02064	0.02661	0.02648	0.01971	0.02810	0.01635	0.02170	0.01368	0.00783	0.00864	0.00261	0.01044	0.00777	0.00429	0.01355
20	0.01750	0.04512	0.64825	0.02486	0.03775	0.02026	0.03223	0.02762	0.01842	0.02762	0.01565	0.01842	0.01105	0.00829	0.00829	0.00276	0.01289	0.00645	0.00368	0.01289
21	0.01063	0.00759	0.01012	0.01215	0.01265	0.00709	0.00810	0.01215	0.01670	0.02227	0.04808	0.68775	0.05769	0.02733	0.01113	0.00354	0.00506	0.02480	0.00810	0.00709
22	0.02042	0.01953	0.03330	0.19487	0.50683	0.02042	0.02619	0.02575	0.01931	0.02708	0.01620	0.02197	0.01332	0.00799	0.00866	0.00266	0.01065	0.00777	0.00422	0.01287
23	0.01780	0.07955	0.61651	0.02434	0.03694	0.02101	0.03132	0.02755	0.01838	0.02725	0.01547	0.01818	0.01106	0.00824	0.00815	0.00272	0.01270	0.00635	0.00369	0.01280
24	0.02159	0.02073	0.03541	0.05354	0.63903	0.02073	0.02677	0.02677	0.01986	0.02850	0.01641	0.02159	0.01382	0.00777	0.00864	0.00259	0.01036	0.00777	0.00432	0.01382
25	0.01031	0.00884	0.00884	0.00884	0.01178	0.00736	0.00663	0.01252	0.01988	0.02356	0.08837	0.08395	0.63549	0.02209	0.01031	0.00295	0.00442	0.01841	0.00810	0.00736
26	0.01750	0.04512	0.64825	0.02486	0.03775	0.02026	0.03223	0.02762	0.01842	0.02762	0.01565	0.01842	0.01105	0.00829	0.00829	0.00276	0.01289	0.00645	0.00368	0.01289
27	0.03051	0.02093	0.02289	0.01805	0.02409	0.02276	0.01462	0.42134	0.09408	0.11651	0.02471	0.02612	0.01828	0.05790	0.01110	0.00304	0.00875	0.00850	0.04205	0.01377
28	0.01223	0.00896	0.01182	0.01352	0.01513	0.00855	0.01074	0.01506	0.01882	0.02432	0.05344	0.30993	0.14403	0.02496	0.01145	0.00368	0.00639	0.29133	0.00807	0.00758
29	0.02159	0.02073	0.03541	0.05354	0.63903	0.02073	0.02677	0.02677	0.01986	0.02850	0.01641	0.02159	0.01382	0.00777	0.00864	0.00259	0.01036	0.00777	0.00432	0.01382
30	0.03180	0.10142	0.02698	0.02133	0.02654	0.48930	0.01662	0.13372	0.02688	0.02710	0.01465	0.01647	0.01186	0.00910	0.00780	0.00227	0.01406	0.00591	0.00516	0.01103
31	0.02332	0.69869	0.04571	0.01493	0.02239	0.03451	0.01493	0.02612	0.01772	0.02052	0.01213	0.01399	0.01119	0.00746	0.00560	0.00187	0.00933	0.00466	0.00373	0.01119
32	0.01063	0.00759	0.01012	0.01215	0.01265	0.00709	0.00810	0.01215	0.01670	0.02227	0.04808	0.68775	0.05769	0.02733	0.01113	0.00354	0.00506	0.02480	0.00810	0.00709
33	0.02542	0.03103	0.36394	0.02033	0.03012	0.01658	0.02314	0.03255	0.02136	0.26434	0.06566	0.02596	0.02001	0.00991	0.00861	0.00274	0.01019	0.00798	0.00681	0.01332
34	0.02383	0.10646	0.26388	0.01983	0.02850	0.02238	0.02101	0.18344	0.08480	0.07008	0.02075	0.02180	0.01516	0.00942	0.00800	0.00258	0.00997	0.00723	0.06787	0.01301
35	0.02159	0.02073	0.03541	0.05354	0.63903	0.02073	0.02677	0.02677	0.01986	0.02850	0.01641	0.02159	0.01382	0.00777	0.00864	0.00259	0.01036	0.00777	0.00432	0.01382
36	0.02262	0.01853	0.01975	0.01763	0.02266	0.02123	0.01375	0.04615	0.59175	0.06855	0.03545	0.03239	0.02636	0.01178	0.00887	0.00294	0.00693	0.00980	0.00898	0.01386
37	0.02149	0.02101	0.03705	0.05182	0.57824	0.02086	0.08624	0.02689	0.01994	0.02844	0.01653	0.02179	0.01376	0.00773	0.00881	0.00263	0.01081	0.00803	0.00433	0.01361
38	0.01057	0.00780	0.00990	0.01158	0.01250	0.00713	0.00784	0.01221	0.01725	0.02249	0.05499	0.58411	0.15687	0.02643	0.01099	0.00344	0.00495	0.02370	0.00810	0.00713
39	0.01055	0.00891	0.00917	0.00930	0.01218	0.00753	0.00710	0.01287	0.01989	0.02373	0.08568	0.08487	0.59824	0.02222	0.01042	0.00301	0.00465	0.05417	0.00810	0.00741
40	0.02787	0.02817	0.02262	0.02236	0.09329	0.30694	0.01557	0.15466	0.02627	0.03186	0.01871	0.02120	0.01474	0.00943	0.00775	0.00232	0.01124	0.00690	0.16699	0.01112
41	0.01843	0.02174	0.15281	0.01765	0.02334	0.01764	0.01626	0.07168	0.28130	0.03192	0.03634	0.17556	0.06801	0.01502	0.00932	0.00302	0.00782	0.01280	0.00753	0.01180
42	0.01061	0.00767	0.01004	0.01194	0.01260	0.00710	0.00800	0.01217	0.01690	0.02235	0.05064	0.64932	0.09447	0.02699	0.01108	0.00350	0.00502	0.02439	0.00810	0.00710
43	0.02159	0.02073	0.03541	0.05354	0.63903	0.02073	0.02677	0.02677	0.01986	0.02850	0.01641	0.02159	0.01382	0.00777	0.00864	0.00259	0.01036	0.00777	0.00432	0.01382
44	0.01750	0.04512	0.64825	0.02486	0.03775	0.02026	0.03223	0.02762	0.01842	0.02762	0.01565	0.01842	0.01105	0.00829	0.00829	0.00276	0.01289	0.00645	0.00368	0.01289
45	0.02059	0.02353	0.05147	0.03676	0.04559	0.02206	0.60735	0.02794	0.02059	0.02794	0.01765	0.02353	0.01324	0.00735	0.01029	0.00294	0.01471	0.01029	0.00441	0.01176
46	0.01647	0.01550	0.02616	0.67248	0.06008	0.01938	0.02422	0.02229	0.01744	0.02229	0.01550	0.02326	0.01163	0.00872	0.00872	0.00291	0.01163	0.00775	0.00388	0.00969
47	0.01595	0.03730	0.51047	0.02141	0.03216	0.01748	0.02671	0.02437	0.01873	0.02675	0.03132	0.03254	0.14561	0.01126	0.00872	0.00280	0.01107	0.00902	0.00464	0.01170
48	0.02954	0.25781	0.03163	0.01999	0.02546	0.45311	0.01622	0.03196	0.02242	0.02108	0.01304	0.01516	0.01122	0.00849	0.00712	0.00212	0.01362	0.00530	0.00424	0.01047
49	0.02159	0.02073	0.03541	0.05354	0.63903	0.02073	0.02677	0.02677	0.01986	0.02850	0.01641	0.02159	0.01382	0.00777	0.00864	0.00259	0.01036	0.00777	0.00432	0.01382
50	0.01033	0.00875	0.00893	0.00907	0.01184	0.00734	0.00673	0.01249	0.01966	0.02347	0.08558	0.12574	0.59550	0.02245	0.01037	0.00299	0.00446	0.01885	0.00810	0.00734
51	0.01926	0.03188	0.31024	0.07185	0.20482	0.02075	0.16118	0.02716	0.01925	0.02763	0.01630	0.02072	0.01233	0.00796	0.00886	0.00276	0.01254	0.00776	0.00403	0.01271
52	0.03258	0.04157	0.02472	0.02247	0.02697	0.65843	0.01685	0.03483	0.02472	0.02135	0.01348	0.01573	0.01124	0.00899	0.00787	0.00225	0.01573	0.00562	0.00449	0.01011
53	0.01031	0.00884	0.00884	0.00884	0.01178	0.00736	0.00663	0.01252	0.01988	0.02356	0.08837	0.08395	0.63549	0.02209	0.01031	0.00295	0.00442	0.01841	0.00810	0.00736
54	0.02159	0.02073	0.03541	0.05354	0.63903	0.02073	0.02677	0.02677	0.01986	0.02850	0.01641	0.02159	0.01382	0.00777	0.00864	0.00259	0.01036	0.00777	0.00432	0.01382
55	0.02026	0.02724	0.17469	0.03981	0.24244	0.02122	0.28918	0.02748	0.01988	0.02806	0.01680	0.02178	0.01296	0.00769	0.00931	0.00279	0.01286	0.00862	0.00422	0.01269
56	0.01063	0.00759	0.01012	0.01215	0.01265	0.00709	0.00810	0.01215	0.01670	0.02227	0.04808	0.68775	0.05769	0.02733	0.01113	0.00354	0.00506	0.02480	0.00810	0.00709
57	0.01750	0.04512	0.64825	0.02486	0.03775	0.02026	0.03223	0.02762	0.01842	0.02762	0.01565	0.01842	0.01105	0.00829	0.00829	0.00276	0.01289	0.00645	0.00368	0.01289
58	0.01224	0.01021	0.01275	0.01460	0.08343	0.00916	0.00943	0.01539	0.02141	0.02776	0.25434	0.07087	0.38846	0.01911	0.01011	0.00284	0.00500	0.01636	0.00815	0.00837
59	0.01929	0.03444	0.37992	0.03742	0.30102	0.02046	0.02984	0.02725	0.01905	0.02801	0.01598	0.01981	0.01226	0.00806	0.00844	0.00269	0.01178	0.00703	0.00396	0.01330
60	0.03258	0.04157	0.02472	0.02247	0.02697	0.65843	0.01685	0.03483	0.02472	0.02135	0.01348	0.01573	0.01124	0.00899	0.00787	0.00225	0.01573	0.00562	0.00449	0.01011
61	0.02396	0.02522	0.03310	0.04685	0.50714	0.15814	0.02463	0.02851	0.02091	0.02696	0.01578	0.02033	0.01326	0.00803	0.00847	0.00252	0.01152	0.00731	0.00436	0.01302
62	0.03214	0.01886	0.06060	0.01699	0.02366	0.01713	0.01459	0.13839	0.13793	0.36220	0.03366	0.03056	0.04971	0.01131	0.00883	0.00275	0.00791	0.00912	0.00950	0.01417
63	0.03215	0.07264	0.02571	0.02212	0.02675	0.62893	0.01676	0.03442	0.02439	0.02131	0.01342	0.01565	0.01123	0.00892	0.00776	0.00223	0.01543	0.00557	0.00446	0.01016
64	0.01246	0.00935	0.01402	0.01402	0.01558	0.01090	0.01090	0.01558	0.01402	0.02025	0.02336	0.03427	0.02181	0.06542	0.65888	0.01402	0.02336	0.00935	0.00467	0.00779
65	0.01927	0.03452	0.38188	0.03733	0.29909	0.02046	0.02986	0.02725	0.01904	0.02800	0.01598	0.01980	0.01225	0.00806	0.00844	0.00269	0.01179	0.00702	0.00396	0.01329
66	0.02372	0.02530	0.03091	0.02503	0.02893	0.17131	0.15198	0.09366	0.02105	0.02668	0.01650	0.05717	0.01480	0.01212	0.01632	0.00310	0.25706	0.00876	0.00492	0.01066
67	0.01268	0.00846	0.00951	0.00951	0.00951	0.00846	0.00529	0.01268	0.01268	0.01691	0.02748	0.05708	0.03171	0.69345	0.04440	0.00846	0.00846	0.01268	0.00529	0.00529
68	0.01084	0.00818	0.01003	0.01100	0.01247	0.00737	0.00770	0.01302	0.01902	0.02489	0.16347	0.40550	0.22656	0.02415	0.01075	0.00323	0.00471	0.02138	0.00836	0.00737
69	0.02752	0.02915	0.02191	0.01944	0.02422	0.31532	0.01494	0.11310	0.21727	0.03122	0.02534	0.02543	0.04366	0.01070	0.00833	0.00254	0.01111	0.00792	0.03916	0.01171
70	0.01750	0.04512	0.64825	0.02486	0.03775	0.02026	0.03223	0.02762	0.01842	0.02762	0.01565	0.01842	0.01105	0.00829	0.00829	0.00276	0.01289	0.00645	0.00368	0.01289
71	0.01246	0.00935	0.01402	0.01402	0.01558	0.01090	0.01090	0.01558	0.01402	0.02025	0.02336	0.03427	0.02181	0.06542	0.65888	0.01402	0.02336	0.00935	0.00467	0.00779
72	0.01834	0.03921	0.48486	0.02812	0.03990	0.02075	0.18969	0.02771	0.01901	0.02771	0.01620	0.01982	0.01165	0.00803	0.00884	0.00281	0.01339	0.00750	0.00388	0.01258
73	0.02587	0.03118	0.03873	0.03171	0.07857	0.29856	0.31051	0.03085	0.02233	0.02511	0.01575	0.02001	0.01241	0.00809	0.00912	0.00262	0.01485	0.00809	0.00444	0.01119
74	0.01031	0.00884	0.00884	0.00884	0.01178	0.00736	0.00663	0.01252	0.01988	0.02356	0.08837	0.08395	0.63549	0.02209	0.01031	0.00295	0.00442	0.01841	0.00810	0.00736
75	0.01063	0.00759	0.01012	0.01215	0.01265	0.00709	0.00810	0.01215	0.01670	0.02227	0.04808	0.68775	0.05769	0.02733	0.01113	0.00354	0.00506	0.02480	0.00810	0.00709
76	0.03262	0.04055	0.02481	0.02233	0.02697	0.62066	0.01684	0.06923	0.02569	0.02336	0.01393	0.01604	0.01145	0.00908	0.00792	0.00227	0.01536	0.00575	0.00475	0.01039
77	0.02287	0.02819	0.07637	0.03139	0.03849	0.16195	0.37876	0.02864	0.02055	0.02569	0.01592	0.02103	0.01247	0.00866	0.01173	0.00288	0.09011	0.00875	0.00432	0.01121
78	0.01246	0.00935	0.01402	0.01402	0.01558	0.01090	0.01090	0.01558	0.01402	0.02025	0.02336	0.03427	0.02181	0.06542	0.65888	0.01402	0.02336	0.00935	0.00467	0.00779
79	0.02021	0.02014	0.03676	0.19126	0.37895	0.02071	0.15130	0.02600	0.01947	0.02696	0.01647	0.02239	0.01319	0.00790	0.00901	0.00274	0.01159	0.00831	0.00424	0.01243
80	0.02822	0.02972	0.02213	0.01920	0.02388	0.34304	0.01482	0.18809	0.02896	0.03304	0.12750	0.02882	0.05222	0.01152	0.00863	0.00247	0.01152	0.00857	0.00671	0.01095
81	0.01073	0.00897	0.00943	0.00966	0.01250	0.00767	0.00747	0.01315	0.01990	0.02385	0.08357	0.08559	0.56901	0.02232	0.01051	0.00307	0.00483	0.08224	0.00809	0.00744
82	0.01750	0.04512	0.64825	0.02486	0.03775	0.02026	0.03223	0.02762	0.01842	0.02762	0.01565	0.01842	0.01105	0.00829	0.00829	0.00276	0.01289	0.00645	0.00368	0.01289
83	0.02254	0.02293	0.03068	0.21632	0.35126	0.12655	0.02397	0.05320	0.02096	0.02680	0.01588	0.02104	0.01283	0.00836	0.00854	0.00262	0.01157	0.00741	0.00443	0.01212
84	0.01856	0.14820	0.52520	0.02382	0.03566	0.02261	0.05560	0.02740	0.01840	0.02651	0.01518	0.01794	0.01117	0.00811	0.00795	0.00263	0.01241	0.00634	0.00372	0.01257
85	0.01031	0.00884	0.00884	0.00884	0.01178	0.00736	0.00663	0.01252	0.01988	0.02356	0.08837	0.08395	0.63549	0.02209	0.01031	0.00295	0.00442	0.01841	0.00810	0.00736
86	0.01422	0.01214	0.01730	0.01651	0.01731	0.01522	0.01295	0.01657	0.01441	0.02095	0.02510	0.17850	0.02660	0.04026	0.30410	0.00828	0.23389	0.01231	0.00517	0.00820
87	0.01972	0.29515	0.41775	0.02106	0.03188	0.02571	0.02561	0.02705	0.01815	0.02491	0.01430	0.01672	0.01110	0.00797	0.00726	0.00242	0.01153	0.00576	0.00370	0.01224
88	0.01351	0.00968	0.01329	0.01444	0.01646	0.00946	0.01220	0.01756	0.02155	0.02893	0.23378	0.08779	0.06044	0.02210	0.01149	0.00361	0.00678	0.40028	0.00853	0.00810
89	0.01063	0.00759	0.01012	0.01215	0.01265	0.00709	0.00810	0.01215	0.01670	0.02227	0.04808	0.68775	0.05769	0.02733	0.01113	0.00354	0.00506	0.02480	0.00810	0.00709
90	0.14387	0.06736	0.02282	0.01949	0.05975	0.20331	0.01458	0.03630	0.11770	0.19747	0.02259	0.02222	0.01639	0.00963	0.00779	0.00255	0.00993	0.00708	0.00700	0.01218
91	0.02332	0.69869	0.04571	0.01493	0.02239	0.03451	0.01493	0.02612	0.01772	0.02052	0.01213	0.01399	0.01119	0.00746	0.00560	0.00187	0.00933	0.00466	0.00373	0.01119
92	0.01063	0.00759	0.01012	0.01215	0.01265	0.00709	0.00810	0.01215	0.01670	0.02227	0.04808	0.68775	0.05769	0.02733	0.01113	0.00354	0.00506	0.02480	0.00810	0.00709
93	0.02479	0.01887	0.03109	0.11565	0.44037	0.01887	0.02348	0.02965	0.02069	0.16066	0.02018	0.02352	0.01524	0.00853	0.00867	0.00265	0.00987	0.00799	0.00566	0.01357
94	0.09813	0.01082	0.01314	0.01357	0.01595	0.01098	0.01086	0.05058	0.02124	0.03085	0.20233	0.19580	0.05390	0.02046	0.01044	0.00334	0.00629	0.21465	0.00822	0.00844
95	0.01063	0.00759	0.01012	0.01215	0.01265	0.00709	0.00810	0.01215	0.01670	0.02227	0.04808	0.68775	0.05769	0.02733	0.01113	0.00354	0.00506	0.02480	0.00810	0.00709
96	0.02822	0.02074	0.02266	0.01833	0.02390	0.02268	0.01472	0.47894	0.03568	0.04781	0.02689	0.16708	0.02423	0.01417	0.00925	0.00282	0.00860	0.01157	0.00859	0.01314

[dist]
# distance from previous block
# <min> <max>
1	9

[block]
# block no. 1 follows, 20 sequences, length 77
# corresponding to MSA columns:
# 106-182
name=unknown_B
#
# <colnr> <probs for GDERKNQSTAVLIFYWHMCP>
#	G	D	E	R	K	N	Q	S	T	A	V	L	I	F	Y	W	H	M	C	P
0	0.01063	0.00759	0.01012	0.01215	0.01265	0.00709	0.00810	0.01215	0.01670	0.02227	0.04808	0.68775	0.05769	0.02733	0.01113	0.00354	0.00506	0.02480	0.00810	0.00709
1	0.01812	0.01718	0.02914	0.47334	0.24636	0.01981	0.02504	0.02373	0.01822	0.02429	0.01579	0.02272	0.01233	0.00842	0.00869	0.00281	0.01122	0.00776	0.00402	0.01102
2	0.02046	0.02669	0.17263	0.04340	0.37030	0.02093	0.16273	0.02723	0.01972	0.02818	0.01653	0.02135	0.01308	0.00779	0.00894	0.00271	0.01192	0.00807	0.00420	0.01314
3	0.01774	0.04365	0.61140	0.02659	0.07391	0.02029	0.03190	0.02757	0.01850	0.02768	0.01570	0.01861	0.01122	0.00826	0.00831	0.00275	0.01274	0.00653	0.00372	0.01295
4	0.02398	0.02527	0.03308	0.04677	0.50571	0.15963	0.02461	0.02853	0.02092	0.02694	0.01577	0.02031	0.01325	0.00804	0.00847	0.00252	0.01153	0.00730	0.00436	0.01301
5	0.02209	0.26013	0.25960	0.02698	0.16226	0.02463	0.02360	0.02811	0.01901	0.07438	0.01610	0.01849	0.01254	0.00809	0.00748	0.00241	0.01069	0.00631	0.00440	0.01267
6	0.03207	0.03595	0.02478	0.02159	0.02673	0.46388	0.01660	0.17758	0.06504	0.03057	0.01666	0.01804	0.01306	0.00953	0.00814	0.00238	0.01368	0.00643	0.00581	0.01150
7	0.01043	0.00884	0.00900	0.00896	0.01185	0.00741	0.00672	0.01274	0.02016	0.02422	0.11962	0.08287	0.60383	0.02185	0.01031	0.00293	0.00440	0.01826	0.00819	0.00741
8	0.01089	0.00777	0.00998	0.01163	0.01218	0.00729	0.00764	0.01224	0.01630	0.02160	0.04720	0.57214	0.08201	0.11841	0.01565	0.00419	0.00550	0.02283	0.00771	0.00685
9	0.02019	0.01491	0.02003	0.02240	0.13531	0.01528	0.01505	0.08211	0.11913	0.08579	0.18584	0.05185	0.04205	0.01506	0.00986	0.00301	0.00739	0.13525	0.00817	0.01131
10	0.03043	0.19803	0.03005	0.02024	0.02587	0.40223	0.01634	0.12831	0.02573	0.02674	0.01439	0.01618	0.01182	0.00887	0.00746	0.00222	0.01316	0.00576	0.00501	0.01116
11	0.02159	0.02073	0.03541	0.05354	0.63903	0.02073	0.02677	0.02677	0.01986	0.02850	0.01641	0.02159	0.01382	0.00777	0.00864	0.00259	0.01036	0.00777	0.00432	0.01382
12	0.02890	0.25470	0.03222	0.02189	0.06258	0.41620	0.01683	0.03150	0.02214	0.02151	0.01322	0.01552	0.01138	0.00842	0.00717	0.00214	0.01332	0.00544	0.00423	0.01069
13	0.01060	0.00769	0.01002	0.01188	0.01258	0.00711	0.00798	0.01218	0.01695	0.02237	0.05127	0.63985	0.10353	0.02691	0.01107	0.00350	0.00501	0.02429	0.00810	0.00711
14	0.01104	0.00887	0.00985	0.00960	0.01223	0.00767	0.00720	0.01393	0.02160	0.02765	0.28383	0.07722	0.43748	0.02057	0.01030	0.00287	0.00431	0.01747	0.00864	0.00767
15	0.01064	0.00818	0.00975	0.01078	0.01235	0.00728	0.00754	0.01263	0.01856	0.02378	0.11012	0.40560	0.28238	0.02456	0.01075	0.00325	0.00474	0.02162	0.00822	0.00728
16	0.01984	0.04184	0.58016	0.02385	0.03607	0.01945	0.03012	0.02924	0.01913	0.09457	0.01769	0.01964	0.01219	0.00856	0.00834	0.00276	0.01230	0.00670	0.00445	0.01310
17	0.02280	0.03265	0.36249	0.02895	0.16499	0.01898	0.02638	0.03123	0.04905	0.14827	0.02042	0.02198	0.01445	0.00883	0.00849	0.00272	0.01099	0.00735	0.00545	0.01352
18	0.01913	0.01814	0.02962	0.04380	0.50240	0.01781	0.02238	0.02367	0.01987	0.02742	0.03208	0.03517	0.14924	0.01089	0.00900	0.00267	0.00907	0.01009	0.00514	0.01241
19	0.02069	0.02310	0.10196	0.09866	0.49716	0.02064	0.05724	0.02657	0.01955	0.02788	0.01632	0.02148	0.01331	0.00788	0.00869	0.00265	0.01096	0.00776	0.00422	0.01328
20	0.02159	0.02073	0.03541	0.05354	0.63903	0.02073	0.02677	0.02677	0.01986	0.02850	0.01641	0.02159	0.01382	0.00777	0.00864	0.00259	0.01036	0.00777	0.00432	0.01382
21	0.01817	0.08190	0.56394	0.02655	0.08454	0.02114	0.03077	0.02747	0.01849	0.02727	0.01550	0.01841	0.01128	0.00820	0.00816	0.00270	0.01248	0.00645	0.00374	0.01286
22	0.01146	0.00794	0.00988	0.01108	0.01138	0.00764	0.00696	0.01236	0.01508	0.02010	0.03975	0.43265	0.04718	0.29677	0.02459	0.00553	0.00643	0.01990	0.00696	0.00636
23	0.02092	0.18865	0.09595	0.02970	0.03800	0.02521	0.38327	0.02706	0.01929	0.02571	0.01578	0.02055	0.01246	0.00792	0.01008	0.00272	0.05252	0.00847	0.00415	0.01158
24	0.15995	0.10303	0.21142	0.04577	0.05550	0.02060	0.01908	0.02880	0.13567	0.03000	0.02200	0.09277	0.01901	0.01091	0.00788	0.00277	0.00912	0.00868	0.00555	0.01150
25	0.02078	0.02152	0.04181	0.13656	0.22603	0.02146	0.32096	0.05014	0.02072	0.02835	0.01708	0.02280	0.01323	0.00781	0.00949	0.00282	0.01273	0.00905	0.00448	0.01220
26	0.01351	0.00968	0.01329	0.01443	0.01645	0.00946	0.01218	0.01755	0.02156	0.02896	0.23545	0.08770	0.06053	0.02208	0.01148	0.00361	0.00677	0.39868	0.00854	0.00810
27	0.01912	0.16908	0.45725	0.02640	0.10738	0.02308	0.02821	0.02723	0.01846	0.02635	0.01506	0.01794	0.01141	0.00806	0.00781	0.00257	0.01189	0.00626	0.00377	0.01267
28	0.19882	0.02176	0.05795	0.02459	0.16578	0.11191	0.01655	0.02751	0.08649	0.03009	0.02785	0.03410	0.08651	0.01164	0.00825	0.00279	0.00916	0.06151	0.00585	0.01089
29	0.01173	0.00889	0.01080	0.01033	0.01265	0.00797	0.00775	0.01527	0.02324	0.03152	0.46909	0.07085	0.24980	0.01912	0.01029	0.00280	0.00421	0.01657	0.00915	0.00797
30	0.02510	0.17862	0.33315	0.01996	0.02987	0.02119	0.02278	0.03165	0.02018	0.20684	0.02038	0.02075	0.01417	0.00884	0.00784	0.00255	0.01051	0.00674	0.00578	0.01309
31	0.01075	0.00764	0.01009	0.01199	0.01247	0.00717	0.00793	0.01218	0.01646	0.02195	0.04686	0.65040	0.05615	0.06678	0.01310	0.00383	0.00526	0.02408	0.00793	0.00698
32	0.01785	0.08475	0.61172	0.02426	0.03682	0.02112	0.03118	0.02753	0.01837	0.02719	0.01544	0.01815	0.01106	0.00824	0.00812	0.00271	0.01268	0.00634	0.00369	0.01279
33	0.01118	0.00898	0.01005	0.01010	0.01274	0.00785	0.00779	0.01402	0.02102	0.02648	0.21065	0.08112	0.44500	0.02132	0.01049	0.00301	0.00473	0.07741	0.00844	0.00764
34	0.02371	0.01557	0.01803	0.01575	0.02021	0.01624	0.01298	0.22003	0.06437	0.11003	0.08245	0.04990	0.06779	0.01513	0.00948	0.00295	0.00746	0.14814	0.08834	0.01144
35	0.02492	0.02704	0.03217	0.04413	0.45354	0.21399	0.02377	0.02921	0.02133	0.02633	0.01552	0.01981	0.01303	0.00814	0.00840	0.00249	0.01199	0.00712	0.00437	0.01269
36	0.02037	0.02122	0.02653	0.02286	0.02329	0.08677	0.01887	0.02231	0.01444	0.02103	0.01164	0.01877	0.01143	0.01467	0.02665	0.00367	0.61457	0.00744	0.00388	0.00960
37	0.03316	0.02443	0.02618	0.02007	0.02705	0.02705	0.01658	0.60995	0.04101	0.05497	0.02094	0.02094	0.01483	0.01047	0.00873	0.00262	0.00960	0.00785	0.00873	0.01483
38	0.02656	0.13431	0.02550	0.01836	0.02322	0.25545	0.01479	0.16252	0.02502	0.02939	0.01766	0.02107	0.01466	0.01991	0.13170	0.00451	0.01414	0.00683	0.04359	0.01083
39	0.01406	0.01004	0.01406	0.01606	0.01807	0.01004	0.01406	0.01807	0.02008	0.02610	0.04618	0.09839	0.05020	0.02410	0.01205	0.00402	0.00803	0.58032	0.00803	0.00803
40	0.01053	0.00797	0.00973	0.01115	0.01239	0.00717	0.00765	0.01226	0.01766	0.02266	0.06023	0.50561	0.23199	0.02575	0.01088	0.00336	0.00487	0.02287	0.00810	0.00717
41	0.03258	0.04157	0.02472	0.02247	0.02697	0.65843	0.01685	0.03483	0.02472	0.02135	0.01348	0.01573	0.01124	0.00899	0.00787	0.00225	0.01573	0.00562	0.00449	0.01011
42	0.11455	0.43828	0.03607	0.01590	0.02271	0.09845	0.01454	0.08979	0.02098	0.05875	0.01436	0.01575	0.01191	0.00820	0.00631	0.00213	0.00964	0.00533	0.00491	0.01144
43	0.01421	0.00895	0.01186	0.01188	0.01376	0.00820	0.00861	0.01720	0.02148	0.08812	0.33928	0.31428	0.06652	0.02101	0.01049	0.00306	0.00481	0.01877	0.00911	0.00840
44	0.01100	0.00786	0.01055	0.01257	0.01324	0.00741	0.00874	0.01279	0.01707	0.02268	0.04787	0.62385	0.05688	0.02698	0.01123	0.00359	0.00538	0.08503	0.00809	0.00719
45	0.01403	0.01205	0.01587	0.02028	0.13554	0.04074	0.01206	0.01674	0.01913	0.02541	0.12977	0.38643	0.09639	0.02083	0.01030	0.00313	0.00641	0.01873	0.00741	0.00873
46	0.02246	0.02238	0.03456	0.05108	0.59048	0.07131	0.02598	0.02741	0.02025	0.02793	0.01618	0.02112	0.01361	0.00787	0.00857	0.00256	0.01079	0.00760	0.00433	0.01352
47	0.01297	0.01074	0.01159	0.01105	0.01416	0.01030	0.00838	0.01991	0.13585	0.02879	0.21069	0.06961	0.38554	0.01911	0.01003	0.00290	0.00482	0.01614	0.00861	0.00880
48	0.09633	0.02101	0.12335	0.25602	0.18242	0.01870	0.04510	0.02454	0.01811	0.02774	0.01691	0.02219	0.01308	0.00847	0.00805	0.00269	0.01028	0.00737	0.08660	0.01105
49	0.10024	0.07814	0.54389	0.02282	0.03457	0.02097	0.02872	0.02732	0.01798	0.02852	0.01507	0.01770	0.01088	0.00822	0.00782	0.00271	0.01201	0.00615	0.00388	0.01241
50	0.01031	0.00884	0.00884	0.00884	0.01178	0.00736	0.00663	0.01252	0.01988	0.02356	0.08837	0.08395	0.63549	0.02209	0.01031	0.00295	0.00442	0.01841	0.00810	0.00736
51	0.01260	0.00842	0.00954	0.00962	0.00965	0.00840	0.00540	0.01266	0.01285	0.01714	0.02835	0.08348	0.03280	0.66556	0.04301	0.00825	0.00831	0.01319	0.00540	0.00536
52	0.02159	0.02073	0.03541	0.05354	0.63903	0.02073	0.02677	0.02677	0.01986	0.02850	0.01641	0.02159	0.01382	0.00777	0.00864	0.00259	0.01036	0.00777	0.00432	0.01382
53	0.02159	0.02073	0.03541	0.05354	0.63903	0.02073	0.02677	0.02677	0.01986	0.02850	0.01641	0.02159	0.01382	0.00777	0.00864	0.00259	0.01036	0.00777	0.00432	0.01382
54	0.02236	0.02012	0.02003	0.01804	0.02294	0.06030	0.01399	0.04565	0.58698	0.03557	0.03417	0.03152	0.02569	0.01166	0.00881	0.00292	0.00744	0.00960	0.00861	0.01358
55	0.01908	0.01908	0.02672	0.02290	0.02290	0.02672	0.01908	0.02099	0.01336	0.02099	0.01145	0.01908	0.01145	0.01527	0.02863	0.00382	0.67748	0.00763	0.00382	0.00954
56	0.01212	0.00891	0.01135	0.01074	0.01289	0.00813	0.00805	0.01603	0.02416	0.03372	0.57413	0.06723	0.14339	0.01830	0.01029	0.00277	0.00415	0.01607	0.00944	0.00813
57	0.02059	0.02353	0.05147	0.03676	0.04559	0.02206	0.60735	0.02794	0.02059	0.02794	0.01765	0.02353	0.01324	0.00735	0.01029	0.00294	0.01471	0.01029	0.00441	0.01176
58	0.01246	0.00935	0.01402	0.01402	0.01558	0.01090	0.01090	0.01558	0.01402	0.02025	0.02336	0.03427	0.02181	0.06542	0.65888	0.01402	0.02336	0.00935	0.00467	0.00779
59	0.01926	0.03282	0.30819	0.03164	0.04222	0.02128	0.35994	0.02780	0.01965	0.02780	0.01679	0.02133	0.01230	0.00775	0.00943	0.00286	0.01393	0.00864	0.00410	0.01225
60	0.02018	0.02051	0.02449	0.02110	0.02338	0.12659	0.06278	0.05261	0.01745	0.02313	0.01636	0.02356	0.01486	0.02848	0.21281	0.00650	0.28312	0.00804	0.00449	0.00956
61	0.01906	0.22094	0.48616	0.02219	0.03362	0.02409	0.02757	0.02722	0.01823	0.02571	0.01470	0.01723	0.01109	0.00807	0.00756	0.00252	0.01193	0.00597	0.00370	0.01243
62	0.02440	0.03285	0.37893	0.02613	0.11707	0.01815	0.02579	0.03186	0.02054	0.20851	0.02125	0.02216	0.01452	0.00895	0.00848	0.00272	0.01094	0.00731	0.00585	0.01359
63	0.02177	0.52479	0.20604	0.01757	0.02648	0.03072	0.01953	0.02652	0.01791	0.02241	0.01307	0.01517	0.01116	0.00768	0.00631	0.00210	0.01028	0.00514	0.00372	0.01165
64	0.01063	0.00759	0.01012	0.01215	0.01265	0.00709	0.00810	0.01215	0.01670	0.02227	0.04808	0.68775	0.05769	0.02733	0.01113	0.00354	0.00506	0.02480	0.00810	0.00709
65	0.02047	0.01959	0.03339	0.18836	0.51292	0.02043	0.02622	0.02579	0.01933	0.02714	0.01621	0.02195	0.01334	0.00798	0.00865	0.00266	0.01064	0.00777	0.00422	0.01292
66	0.01809	0.01550	0.01809	0.01292	0.02067	0.01163	0.01034	0.02196	0.01809	0.02842	0.01550	0.01809	0.01292	0.00646	0.00646	0.00129	0.00646	0.00517	0.00517	0.74677
67	0.01063	0.00759	0.01012	0.01215	0.01265	0.00709	0.00810	0.01215	0.01670	0.02227	0.04808	0.68775	0.05769	0.02733	0.01113	0.00354	0.00506	0.02480	0.00810	0.00709
68	0.01063	0.00759	0.01012	0.01215	0.01265	0.00709	0.00810	0.01215	0.01670	0.02227	0.04808	0.68775	0.05769	0.02733	0.01113	0.00354	0.00506	0.02480	0.00810	0.00709
69	0.01031	0.00884	0.00884	0.00884	0.01178	0.00736	0.00663	0.01252	0.01988	0.02356	0.08837	0.08395	0.63549	0.02209	0.01031	0.00295	0.00442	0.01841	0.00810	0.00736
70	0.01647	0.01550	0.02616	0.67248	0.06008	0.01938	0.02422	0.02229	0.01744	0.02229	0.01550	0.02326	0.01163	0.00872	0.00872	0.00291	0.01163	0.00775	0.00388	0.00969
71	0.01063	0.00759	0.01012	0.01215	0.01265	0.00709	0.00810	0.01215	0.01670	0.02227	0.04808	0.68775	0.05769	0.02733	0.01113	0.00354	0.00506	0.02480	0.00810	0.00709
72	0.02081	0.02292	0.04797	0.04042	0.17486	0.02177	0.48089	0.02769	0.02043	0.02806	0.01738	0.02311	0.01336	0.00744	0.00993	0.00286	0.01376	0.00974	0.00439	0.01221
73	0.02912	0.06443	0.02735	0.02064	0.02576	0.07750	0.01711	0.38697	0.03164	0.04203	0.01753	0.01967	0.01351	0.01134	0.01330	0.00283	0.17198	0.00743	0.00690	0.01296
74	0.01031	0.00884	0.00884	0.00884	0.01178	0.00736	0.00663	0.01252	0.01988	0.02356	0.08837	0.08395	0.63549	0.02209	0.01031	0.00295	0.00442	0.01841	0.00810	0.00736
75	0.40099	0.06521	0.01996	0.01623	0.02156	0.24644	0.01294	0.07526	0.02057	0.03305	0.01331	0.01525	0.01061	0.00856	0.00654	0.00249	0.01029	0.00528	0.00525	0.01021
76	0.01896	0.01785	0.02911	0.04281	0.48704	0.01753	0.02197	0.02352	0.02012	0.02789	0.06214	0.03573	0.13586	0.01102	0.00904	0.00267	0.00891	0.01021	0.00531	0.01230

[dist]
# distance from previous block
# <min> <max>
0	6

# created by:
# /home/cegg/simao/soft/augustus-3.2.1/scripts/msa2prfl.pl ./align_prep/14710.fa
