[name]
unknown

[dist]
# distance from previous block
# <min> <max>
0	3

[block]
# block no. 0 follows, 18 sequences, length 53
# corresponding to MSA columns:
# 3-55
name=unknown_A
#
# <colnr> <probs for GDERKNQSTAVLIFYWHMCP>
#	G	D	E	R	K	N	Q	S	T	A	V	L	I	F	Y	W	H	M	C	P
0	0.01411	0.01035	0.01384	0.01558	0.01787	0.01008	0.01343	0.01800	0.02110	0.02701	0.05636	0.10092	0.15114	0.02500	0.01236	0.00403	0.00779	0.46423	0.00847	0.00833
1	0.02919	0.03003	0.17426	0.03144	0.19881	0.12715	0.02339	0.03480	0.02303	0.20567	0.02217	0.02337	0.01580	0.00948	0.00890	0.00274	0.01162	0.00776	0.00644	0.01395
2	0.01220	0.00935	0.01136	0.01218	0.01437	0.00851	0.00942	0.01516	0.02112	0.02711	0.15880	0.20804	0.28282	0.02415	0.01146	0.00346	0.00564	0.14806	0.00877	0.00801
3	0.05580	0.18997	0.03306	0.17148	0.03530	0.15501	0.04517	0.07068	0.02135	0.02627	0.01478	0.01920	0.01225	0.00992	0.01104	0.00275	0.10330	0.00686	0.00465	0.01117
4	0.02127	0.02010	0.03271	0.15010	0.44063	0.02100	0.02540	0.02865	0.07659	0.02947	0.02271	0.02730	0.04452	0.00949	0.00921	0.00284	0.01048	0.00893	0.00512	0.01349
5	0.02486	0.34050	0.03747	0.17898	0.06335	0.16794	0.01921	0.02859	0.02035	0.02267	0.01419	0.01796	0.01204	0.00856	0.00740	0.00236	0.01200	0.00610	0.00418	0.01126
6	0.01920	0.01578	0.01941	0.02278	0.14102	0.04318	0.01450	0.02660	0.12320	0.07392	0.07610	0.09697	0.20700	0.01712	0.01021	0.00311	0.00755	0.06327	0.00795	0.01113
7	0.01926	0.01089	0.01382	0.01297	0.01612	0.00991	0.00974	0.02317	0.04680	0.17182	0.20178	0.23548	0.15092	0.02038	0.01065	0.00316	0.00563	0.01779	0.00965	0.01007
8	0.02215	0.01675	0.01870	0.01668	0.02130	0.01840	0.01297	0.04055	0.40382	0.09464	0.18139	0.04253	0.04214	0.01393	0.00970	0.00303	0.00659	0.01182	0.00973	0.01317
9	0.01482	0.00993	0.01137	0.01141	0.01231	0.01000	0.00729	0.05799	0.01725	0.02385	0.03391	0.20715	0.03790	0.40045	0.03125	0.00649	0.00766	0.01568	0.07618	0.00709
10	0.01106	0.00888	0.00988	0.01054	0.01276	0.00770	0.00756	0.01324	0.02007	0.02491	0.10329	0.27754	0.41070	0.02484	0.01113	0.00330	0.00486	0.02144	0.00860	0.00770
11	0.01258	0.00858	0.01024	0.01100	0.01119	0.00839	0.00662	0.01315	0.01486	0.01981	0.03665	0.27770	0.04312	0.44641	0.03427	0.00706	0.00763	0.01789	0.00662	0.00624
12	0.74217	0.01776	0.01350	0.01207	0.01776	0.02060	0.00994	0.02699	0.01563	0.04120	0.01278	0.01492	0.00994	0.00852	0.00568	0.00284	0.00710	0.00497	0.00568	0.00994
13	0.01099	0.00877	0.00985	0.01072	0.01277	0.00763	0.00760	0.01302	0.01957	0.02425	0.07579	0.32514	0.39065	0.02549	0.01120	0.00336	0.00493	0.02211	0.00853	0.00763
14	0.01207	0.00935	0.01099	0.01058	0.01315	0.00827	0.00794	0.01554	0.02381	0.03164	0.39025	0.07711	0.31481	0.02070	0.01084	0.00298	0.00447	0.01780	0.00943	0.00827
15	0.21473	0.01825	0.02066	0.01627	0.02307	0.01838	0.01343	0.15346	0.02713	0.36233	0.02743	0.02526	0.01806	0.01058	0.00834	0.00282	0.00811	0.00797	0.00949	0.01421
16	0.03400	0.02527	0.02705	0.02094	0.02813	0.02805	0.01723	0.54889	0.08518	0.05641	0.02319	0.02296	0.01655	0.01113	0.00920	0.00278	0.00989	0.00843	0.00920	0.01553
17	0.01282	0.01044	0.01095	0.01063	0.01377	0.00935	0.00800	0.05734	0.02254	0.02773	0.10661	0.13735	0.49474	0.02264	0.01081	0.00312	0.00512	0.01904	0.00865	0.00836
18	0.01119	0.00799	0.01065	0.01278	0.01332	0.00746	0.00852	0.01278	0.01758	0.02344	0.05061	0.67132	0.06073	0.02877	0.01172	0.00373	0.00533	0.02610	0.00852	0.00746
19	0.19351	0.01043	0.01136	0.01261	0.01442	0.01074	0.00888	0.01633	0.01709	0.02787	0.04117	0.50759	0.04806	0.02372	0.01021	0.00351	0.00577	0.02083	0.00781	0.00808
20	0.01335	0.00890	0.01001	0.01001	0.01001	0.00890	0.00556	0.01335	0.01335	0.01780	0.02893	0.06009	0.03338	0.67731	0.04673	0.00890	0.00890	0.01335	0.00556	0.00556
21	0.01478	0.00985	0.01245	0.01152	0.01423	0.00887	0.00874	0.01870	0.02513	0.07976	0.47987	0.06919	0.17416	0.01899	0.01071	0.00292	0.00465	0.01653	0.00993	0.00904
22	0.01457	0.01151	0.01339	0.01254	0.01554	0.01141	0.00951	0.02296	0.14484	0.03452	0.38105	0.06578	0.19021	0.01844	0.01053	0.00298	0.00501	0.01592	0.00960	0.00968
23	0.47490	0.01792	0.01707	0.01416	0.02040	0.01934	0.01168	0.08620	0.02131	0.20906	0.02034	0.02024	0.01412	0.00957	0.00703	0.00283	0.00759	0.00650	0.00763	0.01210
24	0.40845	0.01392	0.01242	0.01144	0.01568	0.01498	0.00906	0.02185	0.01948	0.03710	0.19708	0.04290	0.13741	0.01399	0.00804	0.00290	0.00589	0.01077	0.00743	0.00920
25	0.01401	0.01027	0.01364	0.01544	0.01718	0.01030	0.01234	0.01887	0.06424	0.02674	0.04853	0.31902	0.05401	0.02570	0.01205	0.00395	0.00715	0.30949	0.00855	0.00853
26	0.01283	0.00868	0.01017	0.01068	0.01081	0.00855	0.00628	0.01322	0.01437	0.01917	0.03417	0.20781	0.03999	0.52057	0.03827	0.00765	0.00804	0.01643	0.00628	0.00602
27	0.02867	0.27557	0.03306	0.01988	0.02546	0.35766	0.01639	0.03134	0.02223	0.02204	0.01467	0.01776	0.01288	0.01459	0.06833	0.00341	0.01485	0.00592	0.00445	0.01083
28	0.02745	0.16790	0.13486	0.02085	0.02851	0.13279	0.01959	0.19416	0.02700	0.03448	0.01665	0.01873	0.01307	0.00967	0.00944	0.00251	0.05450	0.00665	0.00574	0.07545
29	0.07605	0.01129	0.01298	0.01220	0.01540	0.01066	0.00908	0.02193	0.04750	0.13237	0.12981	0.17344	0.20641	0.08292	0.01370	0.00368	0.00601	0.01634	0.00876	0.00947
30	0.02990	0.16727	0.03122	0.06427	0.05653	0.24281	0.01799	0.17491	0.07222	0.03292	0.01794	0.01973	0.01417	0.00968	0.00819	0.00250	0.01226	0.00690	0.00600	0.01259
31	0.13907	0.01101	0.01355	0.01331	0.01531	0.01252	0.00998	0.01759	0.01462	0.02402	0.02346	0.03741	0.02287	0.18483	0.40779	0.01148	0.01831	0.00973	0.00518	0.00795
32	0.01264	0.01017	0.01120	0.01135	0.01398	0.00945	0.00848	0.01710	0.07154	0.02645	0.11494	0.13730	0.37502	0.07523	0.01384	0.00371	0.00559	0.06524	0.00847	0.00827
33	0.01358	0.01002	0.01287	0.01403	0.01564	0.00996	0.01051	0.01854	0.07605	0.02779	0.13991	0.34559	0.05863	0.05452	0.01319	0.00389	0.00628	0.15182	0.00871	0.00849
34	0.69412	0.01711	0.01339	0.01207	0.01737	0.01976	0.00981	0.02600	0.01538	0.03953	0.01299	0.01578	0.01034	0.01007	0.00768	0.05114	0.00716	0.00517	0.00557	0.00955
35	0.02046	0.01223	0.01304	0.01171	0.01488	0.01295	0.00915	0.13895	0.02383	0.03802	0.02785	0.03186	0.02184	0.01581	0.06198	0.00336	0.00725	0.00861	0.51622	0.00999
36	0.01461	0.01181	0.01671	0.01588	0.01690	0.01449	0.01224	0.01705	0.01437	0.02087	0.02274	0.03690	0.02249	0.16298	0.41143	0.01151	0.15398	0.01007	0.00484	0.00813
37	0.01360	0.01145	0.01205	0.01153	0.01493	0.01096	0.00875	0.02103	0.14091	0.02922	0.15232	0.07461	0.42412	0.02044	0.01054	0.00307	0.00514	0.01716	0.00891	0.00926
38	0.01522	0.01041	0.01170	0.01109	0.01188	0.01060	0.00681	0.06419	0.01681	0.02258	0.06711	0.05731	0.03535	0.57525	0.04106	0.00796	0.00870	0.01312	0.00618	0.00665
39	0.01182	0.00878	0.01064	0.01127	0.01278	0.00801	0.00781	0.01408	0.01999	0.02642	0.19917	0.30076	0.20240	0.10449	0.01558	0.00400	0.00535	0.02049	0.00856	0.00760
40	0.56365	0.01870	0.01582	0.01391	0.01963	0.02158	0.01131	0.07296	0.12024	0.04196	0.01777	0.01882	0.01352	0.00940	0.00658	0.00288	0.00736	0.00616	0.00658	0.01117
41	0.07078	0.01193	0.01275	0.01207	0.01452	0.01217	0.00854	0.06408	0.07107	0.02858	0.10100	0.11637	0.17020	0.24057	0.02236	0.00505	0.00697	0.01493	0.00759	0.00847
42	0.02176	0.01102	0.01459	0.01327	0.01643	0.00996	0.00990	0.02473	0.02275	0.22371	0.22793	0.20737	0.05416	0.08230	0.01399	0.00366	0.00616	0.01628	0.00968	0.01033
43	0.01238	0.00874	0.01071	0.01159	0.01239	0.00834	0.00769	0.01384	0.01723	0.02284	0.09488	0.29782	0.10082	0.27391	0.02495	0.00560	0.00675	0.05504	0.00753	0.00693
44	0.01792	0.01475	0.01648	0.01572	0.01929	0.01610	0.01199	0.03325	0.33383	0.03411	0.14470	0.15651	0.08405	0.01773	0.01028	0.00324	0.00631	0.04297	0.00924	0.01154
45	0.01684	0.01133	0.01305	0.01240	0.01563	0.01068	0.00938	0.02237	0.09483	0.10297	0.12471	0.12700	0.28330	0.06958	0.01332	0.00360	0.00592	0.04461	0.00893	0.00954
46	0.01312	0.00984	0.01476	0.01476	0.01640	0.01148	0.01148	0.01640	0.01476	0.02131	0.02459	0.03607	0.02295	0.06886	0.64092	0.01476	0.02459	0.00984	0.00492	0.00820
47	0.02346	0.02003	0.02111	0.01881	0.02411	0.02313	0.01468	0.07663	0.57459	0.03941	0.03658	0.03363	0.02739	0.01238	0.00933	0.00310	0.00741	0.01027	0.00933	0.01459
48	0.01088	0.00918	0.00943	0.00964	0.01249	0.00772	0.00713	0.01314	0.02061	0.02467	0.08893	0.14451	0.56280	0.02378	0.01094	0.00316	0.00472	0.02003	0.00853	0.00772
49	0.01204	0.00864	0.01035	0.01114	0.01205	0.00811	0.00725	0.01345	0.01739	0.02287	0.09954	0.31058	0.14408	0.25275	0.02369	0.00535	0.00637	0.01973	0.00763	0.00695
50	0.03040	0.01491	0.01894	0.01562	0.02110	0.01421	0.01250	0.03874	0.14455	0.35878	0.18087	0.04118	0.03976	0.01344	0.00965	0.00291	0.00683	0.01131	0.01064	0.01367
51	0.01329	0.00914	0.01120	0.01120	0.01161	0.00954	0.00704	0.01411	0.01370	0.01868	0.02785	0.05410	0.03078	0.52555	0.19494	0.01036	0.01282	0.01248	0.00540	0.00622
52	0.01210	0.00914	0.01115	0.01250	0.01381	0.00872	0.00858	0.01558	0.06191	0.02456	0.05608	0.49553	0.15402	0.05451	0.01290	0.00380	0.00551	0.02320	0.00846	0.00796

[dist]
# distance from previous block
# <min> <max>
0	2

[block]
# block no. 1 follows, 18 sequences, length 77
# corresponding to MSA columns:
# 58-134
name=unknown_B
#
# <colnr> <probs for GDERKNQSTAVLIFYWHMCP>
#	G	D	E	R	K	N	Q	S	T	A	V	L	I	F	Y	W	H	M	C	P
0	0.02890	0.03012	0.02416	0.06264	0.02818	0.30762	0.01686	0.17614	0.02764	0.03155	0.01857	0.02261	0.01518	0.02232	0.14134	0.00511	0.01627	0.00750	0.00589	0.01140
1	0.02254	0.02058	0.02174	0.01967	0.02383	0.06055	0.01557	0.04191	0.43796	0.03421	0.03301	0.03613	0.02647	0.01375	0.01261	0.00328	0.10500	0.04977	0.00820	0.01318
2	0.02366	0.02384	0.03720	0.05265	0.53965	0.07458	0.05658	0.02897	0.02138	0.02933	0.01708	0.02231	0.01428	0.00827	0.00911	0.00272	0.01163	0.00813	0.00457	0.01410
3	0.09523	0.03401	0.02865	0.03358	0.22620	0.37584	0.02053	0.03293	0.02335	0.02671	0.01510	0.01848	0.01257	0.00895	0.00831	0.00253	0.01379	0.00659	0.00476	0.01189
4	0.03490	0.02572	0.02756	0.02113	0.02847	0.02847	0.01745	0.58942	0.04317	0.05787	0.02204	0.02204	0.01561	0.01102	0.00919	0.00276	0.01010	0.00827	0.00919	0.01561
5	0.01769	0.01668	0.02818	0.61588	0.09983	0.02049	0.02568	0.02377	0.01853	0.02389	0.01638	0.02436	0.01239	0.00911	0.00917	0.00304	0.01215	0.00816	0.00411	0.01049
6	0.02519	0.64083	0.04666	0.01623	0.02388	0.07604	0.01584	0.02810	0.01914	0.02166	0.01286	0.01485	0.01179	0.00796	0.00605	0.00199	0.01026	0.00498	0.00398	0.01171
7	0.01317	0.00891	0.01047	0.01062	0.01080	0.00902	0.00628	0.01357	0.01378	0.01851	0.03014	0.10269	0.03449	0.57812	0.09478	0.00902	0.00998	0.01398	0.00572	0.00593
8	0.01237	0.00912	0.01161	0.01183	0.01375	0.00836	0.00876	0.01575	0.02298	0.03134	0.37112	0.21434	0.15724	0.02217	0.01115	0.00320	0.00486	0.05241	0.00940	0.00823
9	0.01270	0.00870	0.01014	0.01066	0.01094	0.00849	0.00636	0.01320	0.01476	0.01953	0.03742	0.21130	0.06896	0.48596	0.03637	0.00735	0.00782	0.01678	0.00644	0.00614
10	0.03490	0.02572	0.02756	0.02113	0.02847	0.02847	0.01745	0.58942	0.04317	0.05787	0.02204	0.02204	0.01561	0.01102	0.00919	0.00276	0.01010	0.00827	0.00919	0.01561
11	0.01312	0.00984	0.01476	0.01476	0.01640	0.01148	0.01148	0.01640	0.01476	0.02131	0.02459	0.03607	0.02295	0.06886	0.64092	0.01476	0.02459	0.00984	0.00492	0.00820
12	0.39252	0.01669	0.01739	0.01420	0.02059	0.01706	0.01172	0.03585	0.02094	0.33309	0.02448	0.02306	0.01632	0.00994	0.00745	0.00284	0.00746	0.00710	0.00852	0.01278
13	0.01366	0.01026	0.01275	0.01197	0.01448	0.00980	0.00902	0.01967	0.07503	0.03593	0.52122	0.06733	0.12672	0.01861	0.01070	0.00293	0.00461	0.01631	0.00991	0.00909
14	0.03147	0.02401	0.02562	0.02043	0.02717	0.02687	0.01662	0.43554	0.20264	0.05233	0.02641	0.02552	0.01915	0.01143	0.00923	0.00286	0.00930	0.00887	0.00923	0.01531
15	0.02527	0.01998	0.02142	0.01874	0.02427	0.02268	0.01473	0.09800	0.51054	0.08258	0.03589	0.03292	0.02651	0.01225	0.00932	0.00306	0.00757	0.01010	0.00947	0.01471
16	0.11781	0.01565	0.01891	0.01515	0.02142	0.01469	0.01236	0.06672	0.05152	0.41158	0.04122	0.03748	0.10931	0.01283	0.00906	0.00289	0.00735	0.01024	0.01007	0.01374
17	0.01687	0.00844	0.00927	0.00927	0.01096	0.00844	0.00675	0.01942	0.01772	0.03040	0.02701	0.03291	0.02194	0.01515	0.01260	0.15548	0.00505	0.00844	0.57629	0.00760
18	0.01397	0.01028	0.01365	0.01524	0.01754	0.00995	0.01305	0.01785	0.02132	0.02740	0.08286	0.09912	0.16012	0.02467	0.01225	0.00395	0.00755	0.43234	0.00854	0.00833
19	0.01525	0.01008	0.01115	0.01068	0.01141	0.01028	0.00650	0.05561	0.01604	0.02220	0.02853	0.05498	0.03120	0.56824	0.04034	0.00784	0.00857	0.01255	0.07200	0.00656
20	0.01469	0.00965	0.01256	0.01194	0.01430	0.00881	0.00891	0.01851	0.02468	0.07699	0.47439	0.14346	0.10651	0.01974	0.01083	0.00300	0.00473	0.01743	0.00991	0.00896
21	0.01531	0.01051	0.01142	0.01078	0.01437	0.00914	0.00822	0.01879	0.04682	0.10306	0.08127	0.10596	0.48797	0.02151	0.01062	0.00310	0.00520	0.01799	0.00893	0.00905
22	0.02937	0.02114	0.02320	0.01856	0.02438	0.02338	0.01514	0.43087	0.03586	0.04938	0.02345	0.02570	0.01773	0.01958	0.10271	0.00446	0.01150	0.00854	0.10146	0.01360
23	0.01113	0.00820	0.01044	0.01223	0.01317	0.00750	0.00828	0.01285	0.01811	0.02366	0.05732	0.57909	0.14862	0.02789	0.01158	0.00363	0.00522	0.02504	0.00852	0.00750
24	0.01318	0.00984	0.01268	0.01422	0.01637	0.00934	0.01173	0.01650	0.02055	0.02615	0.06101	0.18380	0.20757	0.02529	0.01204	0.00385	0.00695	0.33230	0.00848	0.00811
25	0.01874	0.01362	0.01509	0.01367	0.01689	0.01418	0.01003	0.06369	0.18551	0.06857	0.11969	0.05443	0.13671	0.20501	0.02047	0.00470	0.00712	0.01338	0.00834	0.01018
26	0.02354	0.02591	0.02439	0.02165	0.02329	0.22657	0.01699	0.02547	0.01795	0.02162	0.01560	0.02493	0.01531	0.10209	0.05710	0.00467	0.33075	0.00812	0.00450	0.00957
27	0.01085	0.00930	0.00930	0.00930	0.01240	0.00775	0.00698	0.01318	0.02093	0.02480	0.09302	0.08837	0.61631	0.02325	0.01085	0.00310	0.00465	0.01938	0.00853	0.00775
28	0.01202	0.00935	0.01092	0.01052	0.01312	0.00825	0.00789	0.01543	0.02368	0.03133	0.37673	0.07762	0.32852	0.02082	0.01084	0.00298	0.00448	0.01787	0.00939	0.00825
29	0.01624	0.01024	0.01237	0.01169	0.01487	0.00901	0.00899	0.01939	0.02298	0.11780	0.23283	0.11748	0.29981	0.02069	0.01077	0.00311	0.00529	0.04781	0.00941	0.00921
30	0.02172	0.01829	0.01953	0.01748	0.02233	0.02068	0.01360	0.07355	0.47299	0.03858	0.10692	0.04051	0.06612	0.01370	0.00959	0.00307	0.00694	0.01148	0.00938	0.01354
31	0.02351	0.34516	0.03829	0.02636	0.16261	0.06785	0.01859	0.02894	0.06891	0.02506	0.01683	0.02023	0.01465	0.01334	0.05483	0.00332	0.04791	0.00674	0.00466	0.01223
32	0.02187	0.01412	0.01755	0.04517	0.02080	0.01495	0.01236	0.11000	0.07167	0.12347	0.03333	0.04481	0.06207	0.16039	0.16453	0.00697	0.01230	0.04556	0.00749	0.01058
33	0.02102	0.02197	0.02310	0.02208	0.05338	0.16448	0.01665	0.02382	0.01827	0.02343	0.05993	0.02752	0.02066	0.02958	0.19924	0.00659	0.24488	0.00869	0.00491	0.00979
34	0.01823	0.01500	0.01673	0.01531	0.01917	0.01632	0.01176	0.03420	0.33941	0.03705	0.27393	0.05098	0.08257	0.01558	0.01002	0.00302	0.00594	0.01337	0.00961	0.01180
35	0.05899	0.02168	0.07929	0.12542	0.23496	0.02058	0.02199	0.09926	0.07338	0.07357	0.07910	0.02827	0.02262	0.01036	0.00912	0.00286	0.00988	0.00899	0.00646	0.01322
36	0.16066	0.01754	0.01865	0.01476	0.02119	0.01714	0.01193	0.15706	0.02435	0.06266	0.02756	0.02887	0.08663	0.01423	0.04797	0.00309	0.00855	0.00813	0.00696	0.26205
37	0.03093	0.02618	0.02360	0.01988	0.02489	0.20315	0.01579	0.15382	0.05453	0.15499	0.02976	0.02983	0.08126	0.01268	0.01182	0.00288	0.09484	0.00905	0.00759	0.01253
38	0.01712	0.00856	0.00856	0.00856	0.01070	0.00856	0.00642	0.02139	0.01926	0.03423	0.02995	0.03423	0.02353	0.01070	0.00642	0.00214	0.00428	0.00856	0.72828	0.00856
39	0.02297	0.02169	0.05758	0.30507	0.18081	0.05644	0.02416	0.07869	0.02191	0.06786	0.01795	0.02329	0.01371	0.00976	0.01062	0.00296	0.05910	0.00805	0.00516	0.01223
40	0.06466	0.01415	0.01859	0.01655	0.01902	0.01626	0.03881	0.05611	0.07165	0.02796	0.08772	0.03877	0.02897	0.15062	0.21197	0.00778	0.10420	0.01064	0.00618	0.00937
41	0.20941	0.06046	0.05206	0.02124	0.05277	0.18334	0.01685	0.10428	0.07609	0.03386	0.01689	0.01924	0.01347	0.01035	0.01050	0.00283	0.09203	0.00675	0.00580	0.01177
42	0.02694	0.02354	0.02252	0.01956	0.02482	0.11570	0.01564	0.22126	0.21889	0.04101	0.06814	0.03841	0.02839	0.01355	0.00964	0.00301	0.00957	0.07772	0.00853	0.01316
43	0.10159	0.03543	0.02643	0.07213	0.10629	0.42245	0.01886	0.06265	0.02468	0.02722	0.01502	0.01805	0.01222	0.00927	0.00824	0.00253	0.01424	0.00640	0.00499	0.01131
44	0.13815	0.02519	0.02595	0.02800	0.16336	0.14531	0.01838	0.14359	0.06671	0.03534	0.01857	0.02179	0.01493	0.01432	0.05597	0.00367	0.05471	0.00752	0.00604	0.01252
45	0.01712	0.00856	0.00856	0.00856	0.01070	0.00856	0.00642	0.02139	0.01926	0.03423	0.02995	0.03423	0.02353	0.01070	0.00642	0.00214	0.00428	0.00856	0.72828	0.00856
46	0.12869	0.01266	0.01440	0.01302	0.01657	0.01251	0.00980	0.02593	0.05824	0.17386	0.09649	0.09412	0.08857	0.17015	0.01811	0.00443	0.00713	0.03698	0.00831	0.01003
47	0.02124	0.02003	0.02748	0.07997	0.27600	0.06307	0.02017	0.05271	0.02100	0.02895	0.02172	0.11795	0.02079	0.01171	0.01012	0.00269	0.04385	0.01017	0.00548	0.14488
48	0.01454	0.01201	0.01456	0.01455	0.01609	0.05614	0.01083	0.01714	0.01557	0.02103	0.02639	0.08463	0.02646	0.15208	0.46106	0.01219	0.02028	0.01127	0.00526	0.00793
49	0.01172	0.00934	0.01051	0.01022	0.01294	0.00812	0.00766	0.01487	0.02299	0.02969	0.30541	0.08032	0.40086	0.02143	0.01084	0.00301	0.00452	0.01825	0.00917	0.00812
50	0.01413	0.01032	0.01214	0.01244	0.01348	0.01075	0.00817	0.01868	0.10236	0.02273	0.03607	0.22923	0.03965	0.34927	0.07400	0.00699	0.00877	0.01630	0.00692	0.00763
51	0.28081	0.01368	0.01356	0.01237	0.01670	0.01448	0.00983	0.02466	0.05023	0.09928	0.04048	0.04128	0.17317	0.02200	0.10208	0.00465	0.00898	0.01044	0.05140	0.00992
52	0.03195	0.02308	0.02495	0.01975	0.02647	0.02533	0.01611	0.42222	0.14386	0.09363	0.02940	0.02824	0.04817	0.01192	0.00930	0.00284	0.00915	0.00928	0.00934	0.01503
53	0.01595	0.01168	0.01354	0.01276	0.01587	0.01136	0.00963	0.05095	0.10010	0.06191	0.24601	0.15451	0.22043	0.01993	0.01061	0.00309	0.00543	0.01718	0.00933	0.00970
54	0.01711	0.01110	0.01206	0.01119	0.01266	0.01147	0.00736	0.09304	0.01870	0.02689	0.02823	0.04917	0.02878	0.43831	0.03265	0.00656	0.00803	0.01159	0.16750	0.00759
55	0.70409	0.01764	0.01392	0.01231	0.01807	0.02021	0.01014	0.02796	0.01620	0.07298	0.01406	0.01580	0.01064	0.00868	0.00588	0.00284	0.00714	0.00520	0.00599	0.01025
56	0.01335	0.00890	0.01001	0.01001	0.01001	0.00890	0.00556	0.01335	0.01335	0.01780	0.02893	0.06009	0.03338	0.67731	0.04673	0.00890	0.00890	0.01335	0.00556	0.00556
57	0.09274	0.01158	0.01314	0.01233	0.01588	0.01110	0.00958	0.02367	0.04722	0.13725	0.11451	0.13516	0.17828	0.01783	0.00961	0.00303	0.00582	0.04783	0.10354	0.00990
58	0.03490	0.02572	0.02756	0.02113	0.02847	0.02847	0.01745	0.58942	0.04317	0.05787	0.02204	0.02204	0.01561	0.01102	0.00919	0.00276	0.01010	0.00827	0.00919	0.01561
59	0.03119	0.02275	0.02463	0.01986	0.02642	0.02521	0.01609	0.35243	0.23926	0.09943	0.02866	0.02713	0.02060	0.01156	0.00924	0.00289	0.00891	0.00909	0.00943	0.01523
60	0.11607	0.01385	0.01567	0.01411	0.01773	0.01419	0.01046	0.05853	0.10082	0.16901	0.03366	0.16355	0.03160	0.17815	0.01849	0.00454	0.00754	0.01316	0.00824	0.01064
61	0.01591	0.00955	0.01066	0.01092	0.01261	0.00956	0.00770	0.05495	0.01953	0.03022	0.03588	0.23972	0.03613	0.10260	0.01350	0.00356	0.00559	0.01475	0.35837	0.00828
62	0.01335	0.00890	0.01001	0.01001	0.01001	0.00890	0.00556	0.01335	0.01335	0.01780	0.02893	0.06009	0.03338	0.67731	0.04673	0.00890	0.00890	0.01335	0.00556	0.00556
63	0.01119	0.00799	0.01065	0.01278	0.01332	0.00746	0.00852	0.01278	0.01758	0.02344	0.05061	0.67132	0.06073	0.02877	0.01172	0.00373	0.00533	0.02610	0.00852	0.00746
64	0.02332	0.01145	0.01495	0.01314	0.01687	0.01025	0.01007	0.02664	0.02368	0.25248	0.23399	0.13539	0.08612	0.05180	0.01204	0.00328	0.00602	0.01478	0.04288	0.01087
65	0.03502	0.01844	0.02218	0.01778	0.02439	0.01858	0.01444	0.13554	0.19082	0.36802	0.03421	0.03058	0.02304	0.01161	0.00926	0.00290	0.00804	0.00940	0.01044	0.01532
66	0.03490	0.02572	0.02756	0.02113	0.02847	0.02847	0.01745	0.58942	0.04317	0.05787	0.02204	0.02204	0.01561	0.01102	0.00919	0.00276	0.01010	0.00827	0.00919	0.01561
67	0.01214	0.00949	0.01166	0.01209	0.01442	0.00901	0.00936	0.01508	0.01986	0.02553	0.12019	0.13101	0.30654	0.03319	0.14342	0.00575	0.00942	0.09592	0.00792	0.00801
68	0.01218	0.00864	0.01152	0.01347	0.01431	0.00828	0.00967	0.01423	0.01801	0.02386	0.04832	0.49244	0.05664	0.08324	0.01492	0.00428	0.00633	0.14389	0.00826	0.00752
69	0.03085	0.02370	0.02527	0.02031	0.02693	0.02658	0.01647	0.40778	0.23142	0.05133	0.02719	0.02615	0.01979	0.01150	0.00924	0.00288	0.00915	0.00898	0.00924	0.01525
70	0.01319	0.00884	0.01006	0.01022	0.01026	0.00880	0.00578	0.01331	0.01366	0.01822	0.03051	0.10473	0.03538	0.62994	0.04418	0.00852	0.00864	0.01428	0.00578	0.00570
71	0.02273	0.02182	0.03727	0.05636	0.62003	0.02182	0.02818	0.02818	0.02091	0.03000	0.01727	0.02273	0.01454	0.00818	0.00909	0.00273	0.01091	0.00818	0.00455	0.01454
72	0.01361	0.00926	0.01131	0.01164	0.01383	0.00824	0.00840	0.01616	0.02106	0.07013	0.18069	0.30789	0.24658	0.02362	0.01107	0.00328	0.00508	0.02070	0.00906	0.00839
73	0.03348	0.01460	0.01901	0.01539	0.02131	0.01314	0.01241	0.03875	0.07443	0.45211	0.07521	0.07282	0.08744	0.01396	0.00962	0.00294	0.00713	0.01163	0.01069	0.01394
74	0.02196	0.02358	0.02549	0.16013	0.03254	0.17501	0.01941	0.02514	0.01805	0.02237	0.01537	0.02255	0.01366	0.02078	0.11095	0.00500	0.26590	0.00781	0.00434	0.00995
75	0.01484	0.01036	0.01371	0.06634	0.01836	0.00983	0.01015	0.01898	0.02461	0.07131	0.45031	0.06538	0.15449	0.01815	0.01059	0.00293	0.00527	0.01583	0.00944	0.00910
76	0.01566	0.00798	0.01188	0.01201	0.01204	0.00794	0.00801	0.01201	0.01231	0.01641	0.01807	0.06732	0.01869	0.03171	0.03441	0.68820	0.00781	0.00908	0.00427	0.00420

[dist]
# distance from previous block
# <min> <max>
0	0

# created by:
# /home/cegg/simao/soft/augustus-3.2.1/scripts/msa2prfl.pl ./align_prep/14722.fa
